trade_date,exchange,symbol,remote_path,local_path,remote_size,download_status,downloaded_bytes,error
2026-07-17,NSE,ADANIPORTS,raw_l2/trade_date=2026-07-17/exchange=NSE/symbol=ADANIPORTS/part-034500_764096-000001.parquet,real_data_sample\l2_unseen_validation\trade_date=2026-07-17\exchange=NSE\symbol=ADANIPORTS\part-034500_764096-000001.parquet,34112,skipped_existing,34112,
2026-07-17,NSE,ADANIPORTS,raw_l2/trade_date=2026-07-17/exchange=NSE/symbol=ADANIPORTS/part-034515_219724-000033.parquet,real_data_sample\l2_unseen_validation\trade_date=2026-07-17\exchange=NSE\symbol=ADANIPORTS\part-034515_219724-000033.parquet,35326,skipped_existing,35326,
2026-07-17,NSE,ADANIPORTS,raw_l2/trade_date=2026-07-17/exchange=NSE/symbol=ADANIPORTS/part-034528_971913-000065.parquet,real_data_sample\l2_unseen_validation\trade_date=2026-07-17\exchange=NSE\symbol=ADANIPORTS\part-034528_971913-000065.parquet,35988,skipped_existing,35988,
2026-07-17,NSE,ADANIPORTS,raw_l2/trade_date=2026-07-17/exchange=NSE/symbol=ADANIPORTS/part-034542_720116-000097.parquet,real_data_sample\l2_unseen_validation\trade_date=2026-07-17\exchange=NSE\symbol=ADANIPORTS\part-034542_720116-000097.parquet,36143,skipped_existing,36143,
2026-07-17,NSE,ADANIPORTS,raw_l2/trade_date=2026-07-17/exchange=NSE/symbol=ADANIPORTS/part-034557_221259-000129.parquet,real_data_sample\l2_unseen_validation\trade_date=2026-07-17\exchange=NSE\symbol=ADANIPORTS\part-034557_221259-000129.parquet,36480,skipped_existing,36480,
2026-07-17,NSE,ADANIPORTS,raw_l2/trade_date=2026-07-17/exchange=NSE/symbol=ADANIPORTS/part-034611_220463-000161.parquet,real_data_sample\l2_unseen_validation\trade_date=2026-07-17\exchange=NSE\symbol=ADANIPORTS\part-034611_220463-000161.parquet,36201,skipped_existing,36201,
2026-07-17,NSE,ADANIPORTS,raw_l2/trade_date=2026-07-17/exchange=NSE/symbol=ADANIPORTS/part-034625_218736-000193.parquet,real_data_sample\l2_unseen_validation\trade_date=2026-07-17\exchange=NSE\symbol=ADANIPORTS\part-034625_218736-000193.parquet,36410,skipped_existing,36410,
2026-07-17,NSE,ADANIPORTS,raw_l2/trade_date=2026-07-17/exchange=NSE/symbol=ADANIPORTS/part-034639_219556-000225.parquet,real_data_sample\l2_unseen_validation\trade_date=2026-07-17\exchange=NSE\symbol=ADANIPORTS\part-034639_219556-000225.parquet,35935,skipped_existing,35935,
2026-07-17,NSE,ADANIPORTS,raw_l2/trade_date=2026-07-17/exchange=NSE/symbol=ADANIPORTS/part-034653_482350-000257.parquet,real_data_sample\l2_unseen_validation\trade_date=2026-07-17\exchange=NSE\symbol=ADANIPORTS\part-034653_482350-000257.parquet,36097,skipped_existing,36097,
2026-07-17,NSE,ADANIPORTS,raw_l2/trade_date=2026-07-17/exchange=NSE/symbol=ADANIPORTS/part-034707_222089-000289.parquet,real_data_sample\l2_unseen_validation\trade_date=2026-07-17\exchange=NSE\symbol=ADANIPORTS\part-034707_222089-000289.parquet,36089,skipped_existing,36089,
2026-07-17,NSE,ADANIPORTS,raw_l2/trade_date=2026-07-17/exchange=NSE/symbol=ADANIPORTS/part-034721_219890-000321.parquet,real_data_sample\l2_unseen_validation\trade_date=2026-07-17\exchange=NSE\symbol=ADANIPORTS\part-034721_219890-000321.parquet,34828,skipped_existing,34828,
2026-07-17,NSE,ADANIPORTS,raw_l2/trade_date=2026-07-17/exchange=NSE/symbol=ADANIPORTS/part-034735_220475-000353.parquet,real_data_sample\l2_unseen_validation\trade_date=2026-07-17\exchange=NSE\symbol=ADANIPORTS\part-034735_220475-000353.parquet,34515,skipped_existing,34515,
2026-07-17,NSE,ADANIPORTS,raw_l2/trade_date=2026-07-17/exchange=NSE/symbol=ADANIPORTS/part-034749_468566-000385.parquet,real_data_sample\l2_unseen_validation\trade_date=2026-07-17\exchange=NSE\symbol=ADANIPORTS\part-034749_468566-000385.parquet,34493,skipped_existing,34493,
2026-07-17,NSE,ADANIPORTS,raw_l2/trade_date=2026-07-17/exchange=NSE/symbol=ADANIPORTS/part-034803_468411-000417.parquet,real_data_sample\l2_unseen_validation\trade_date=2026-07-17\exchange=NSE\symbol=ADANIPORTS\part-034803_468411-000417.parquet,34479,skipped_existing,34479,
2026-07-17,NSE,ADANIPORTS,raw_l2/trade_date=2026-07-17/exchange=NSE/symbol=ADANIPORTS/part-034817_720557-000449.parquet,real_data_sample\l2_unseen_validation\trade_date=2026-07-17\exchange=NSE\symbol=ADANIPORTS\part-034817_720557-000449.parquet,34457,skipped_existing,34457,
2026-07-17,NSE,ADANIPORTS,raw_l2/trade_date=2026-07-17/exchange=NSE/symbol=ADANIPORTS/part-034831_469329-000481.parquet,real_data_sample\l2_unseen_validation\trade_date=2026-07-17\exchange=NSE\symbol=ADANIPORTS\part-034831_469329-000481.parquet,34519,skipped_existing,34519,
2026-07-17,NSE,ADANIPORTS,raw_l2/trade_date=2026-07-17/exchange=NSE/symbol=ADANIPORTS/part-034845_222182-000513.parquet,real_data_sample\l2_unseen_validation\trade_date=2026-07-17\exchange=NSE\symbol=ADANIPORTS\part-034845_222182-000513.parquet,34182,skipped_existing,34182,
2026-07-17,NSE,ADANIPORTS,raw_l2/trade_date=2026-07-17/exchange=NSE/symbol=ADANIPORTS/part-034858_969523-000545.parquet,real_data_sample\l2_unseen_validation\trade_date=2026-07-17\exchange=NSE\symbol=ADANIPORTS\part-034858_969523-000545.parquet,34512,skipped_existing,34512,
2026-07-17,NSE,ADANIPORTS,raw_l2/trade_date=2026-07-17/exchange=NSE/symbol=ADANIPORTS/part-034912_968666-000577.parquet,real_data_sample\l2_unseen_validation\trade_date=2026-07-17\exchange=NSE\symbol=ADANIPORTS\part-034912_968666-000577.parquet,35052,skipped_existing,35052,
2026-07-17,NSE,ADANIPORTS,raw_l2/trade_date=2026-07-17/exchange=NSE/symbol=ADANIPORTS/part-034926_971598-000609.parquet,real_data_sample\l2_unseen_validation\trade_date=2026-07-17\exchange=NSE\symbol=ADANIPORTS\part-034926_971598-000609.parquet,35855,skipped_existing,35855,
2026-07-17,NSE,ADANIPORTS,raw_l2/trade_date=2026-07-17/exchange=NSE/symbol=ADANIPORTS/part-034940_970045-000641.parquet,real_data_sample\l2_unseen_validation\trade_date=2026-07-17\exchange=NSE\symbol=ADANIPORTS\part-034940_970045-000641.parquet,35572,skipped_existing,35572,
2026-07-17,NSE,ADANIPORTS,raw_l2/trade_date=2026-07-17/exchange=NSE/symbol=ADANIPORTS/part-034954_971833-000673.parquet,real_data_sample\l2_unseen_validation\trade_date=2026-07-17\exchange=NSE\symbol=ADANIPORTS\part-034954_971833-000673.parquet,36025,skipped_existing,36025,
2026-07-17,NSE,ADANIPORTS,raw_l2/trade_date=2026-07-17/exchange=NSE/symbol=ADANIPORTS/part-035008_970333-000705.parquet,real_data_sample\l2_unseen_validation\trade_date=2026-07-17\exchange=NSE\symbol=ADANIPORTS\part-035008_970333-000705.parquet,36037,skipped_existing,36037,
2026-07-17,NSE,ADANIPORTS,raw_l2/trade_date=2026-07-17/exchange=NSE/symbol=ADANIPORTS/part-035022_978146-000737.parquet,real_data_sample\l2_unseen_validation\trade_date=2026-07-17\exchange=NSE\symbol=ADANIPORTS\part-035022_978146-000737.parquet,35704,skipped_existing,35704,
2026-07-17,NSE,ADANIPORTS,raw_l2/trade_date=2026-07-17/exchange=NSE/symbol=ADANIPORTS/part-035036_721678-000769.parquet,real_data_sample\l2_unseen_validation\trade_date=2026-07-17\exchange=NSE\symbol=ADANIPORTS\part-035036_721678-000769.parquet,35571,skipped_existing,35571,
2026-07-17,NSE,ADANIPORTS,raw_l2/trade_date=2026-07-17/exchange=NSE/symbol=ADANIPORTS/part-035050_469618-000801.parquet,real_data_sample\l2_unseen_validation\trade_date=2026-07-17\exchange=NSE\symbol=ADANIPORTS\part-035050_469618-000801.parquet,35592,skipped_existing,35592,
2026-07-17,NSE,ADANIPORTS,raw_l2/trade_date=2026-07-17/exchange=NSE/symbol=ADANIPORTS/part-035104_219390-000833.parquet,real_data_sample\l2_unseen_validation\trade_date=2026-07-17\exchange=NSE\symbol=ADANIPORTS\part-035104_219390-000833.parquet,35868,skipped_existing,35868,
2026-07-17,NSE,ADANIPORTS,raw_l2/trade_date=2026-07-17/exchange=NSE/symbol=ADANIPORTS/part-035117_967918-000865.parquet,real_data_sample\l2_unseen_validation\trade_date=2026-07-17\exchange=NSE\symbol=ADANIPORTS\part-035117_967918-000865.parquet,35184,skipped_existing,35184,
2026-07-17,NSE,ADANIPORTS,raw_l2/trade_date=2026-07-17/exchange=NSE/symbol=ADANIPORTS/part-035131_722015-000897.parquet,real_data_sample\l2_unseen_validation\trade_date=2026-07-17\exchange=NSE\symbol=ADANIPORTS\part-035131_722015-000897.parquet,34447,skipped_existing,34447,
2026-07-17,NSE,ADANIPORTS,raw_l2/trade_date=2026-07-17/exchange=NSE/symbol=ADANIPORTS/part-035145_490880-000929.parquet,real_data_sample\l2_unseen_validation\trade_date=2026-07-17\exchange=NSE\symbol=ADANIPORTS\part-035145_490880-000929.parquet,34619,skipped_existing,34619,
2026-07-17,NSE,ADANIPORTS,raw_l2/trade_date=2026-07-17/exchange=NSE/symbol=ADANIPORTS/part-035159_470093-000961.parquet,real_data_sample\l2_unseen_validation\trade_date=2026-07-17\exchange=NSE\symbol=ADANIPORTS\part-035159_470093-000961.parquet,34731,skipped_existing,34731,
2026-07-17,NSE,ADANIPORTS,raw_l2/trade_date=2026-07-17/exchange=NSE/symbol=ADANIPORTS/part-035213_470245-000993.parquet,real_data_sample\l2_unseen_validation\trade_date=2026-07-17\exchange=NSE\symbol=ADANIPORTS\part-035213_470245-000993.parquet,34649,skipped_existing,34649,
2026-07-17,NSE,ADANIPORTS,raw_l2/trade_date=2026-07-17/exchange=NSE/symbol=ADANIPORTS/part-035227_219327-001025.parquet,real_data_sample\l2_unseen_validation\trade_date=2026-07-17\exchange=NSE\symbol=ADANIPORTS\part-035227_219327-001025.parquet,34108,skipped_existing,34108,
2026-07-17,NSE,ADANIPORTS,raw_l2/trade_date=2026-07-17/exchange=NSE/symbol=ADANIPORTS/part-035241_222821-001057.parquet,real_data_sample\l2_unseen_validation\trade_date=2026-07-17\exchange=NSE\symbol=ADANIPORTS\part-035241_222821-001057.parquet,34422,skipped_existing,34422,
2026-07-17,NSE,ADANIPORTS,raw_l2/trade_date=2026-07-17/exchange=NSE/symbol=ADANIPORTS/part-035255_218717-001089.parquet,real_data_sample\l2_unseen_validation\trade_date=2026-07-17\exchange=NSE\symbol=ADANIPORTS\part-035255_218717-001089.parquet,34455,skipped_existing,34455,
2026-07-17,NSE,ADANIPORTS,raw_l2/trade_date=2026-07-17/exchange=NSE/symbol=ADANIPORTS/part-035309_222912-001121.parquet,real_data_sample\l2_unseen_validation\trade_date=2026-07-17\exchange=NSE\symbol=ADANIPORTS\part-035309_222912-001121.parquet,34528,skipped_existing,34528,
2026-07-17,NSE,ADANIPORTS,raw_l2/trade_date=2026-07-17/exchange=NSE/symbol=ADANIPORTS/part-035322_970925-001153.parquet,real_data_sample\l2_unseen_validation\trade_date=2026-07-17\exchange=NSE\symbol=ADANIPORTS\part-035322_970925-001153.parquet,35965,skipped_existing,35965,
2026-07-17,NSE,ADANIPORTS,raw_l2/trade_date=2026-07-17/exchange=NSE/symbol=ADANIPORTS/part-035336_968533-001185.parquet,real_data_sample\l2_unseen_validation\trade_date=2026-07-17\exchange=NSE\symbol=ADANIPORTS\part-035336_968533-001185.parquet,35989,skipped_existing,35989,
2026-07-17,NSE,ADANIPORTS,raw_l2/trade_date=2026-07-17/exchange=NSE/symbol=ADANIPORTS/part-035350_722480-001217.parquet,real_data_sample\l2_unseen_validation\trade_date=2026-07-17\exchange=NSE\symbol=ADANIPORTS\part-035350_722480-001217.parquet,36145,skipped_existing,36145,
2026-07-17,NSE,ADANIPORTS,raw_l2/trade_date=2026-07-17/exchange=NSE/symbol=ADANIPORTS/part-035404_719696-001249.parquet,real_data_sample\l2_unseen_validation\trade_date=2026-07-17\exchange=NSE\symbol=ADANIPORTS\part-035404_719696-001249.parquet,35998,skipped_existing,35998,
2026-07-17,NSE,ADANIPORTS,raw_l2/trade_date=2026-07-17/exchange=NSE/symbol=ADANIPORTS/part-035418_469207-001281.parquet,real_data_sample\l2_unseen_validation\trade_date=2026-07-17\exchange=NSE\symbol=ADANIPORTS\part-035418_469207-001281.parquet,35984,skipped_existing,35984,
2026-07-17,NSE,ADANIPORTS,raw_l2/trade_date=2026-07-17/exchange=NSE/symbol=ADANIPORTS/part-035432_218247-001313.parquet,real_data_sample\l2_unseen_validation\trade_date=2026-07-17\exchange=NSE\symbol=ADANIPORTS\part-035432_218247-001313.parquet,35880,skipped_existing,35880,
2026-07-17,NSE,ADANIPORTS,raw_l2/trade_date=2026-07-17/exchange=NSE/symbol=ADANIPORTS/part-035446_217709-001345.parquet,real_data_sample\l2_unseen_validation\trade_date=2026-07-17\exchange=NSE\symbol=ADANIPORTS\part-035446_217709-001345.parquet,36249,skipped_existing,36249,
2026-07-17,NSE,ADANIPORTS,raw_l2/trade_date=2026-07-17/exchange=NSE/symbol=ADANIPORTS/part-035500_221293-001377.parquet,real_data_sample\l2_unseen_validation\trade_date=2026-07-17\exchange=NSE\symbol=ADANIPORTS\part-035500_221293-001377.parquet,35627,skipped_existing,35627,
2026-07-17,NSE,ADANIPORTS,raw_l2/trade_date=2026-07-17/exchange=NSE/symbol=ADANIPORTS/part-035514_218158-001409.parquet,real_data_sample\l2_unseen_validation\trade_date=2026-07-17\exchange=NSE\symbol=ADANIPORTS\part-035514_218158-001409.parquet,35636,skipped_existing,35636,
2026-07-17,NSE,ADANIPORTS,raw_l2/trade_date=2026-07-17/exchange=NSE/symbol=ADANIPORTS/part-035528_218839-001441.parquet,real_data_sample\l2_unseen_validation\trade_date=2026-07-17\exchange=NSE\symbol=ADANIPORTS\part-035528_218839-001441.parquet,34492,skipped_existing,34492,
2026-07-17,NSE,ADANIPORTS,raw_l2/trade_date=2026-07-17/exchange=NSE/symbol=ADANIPORTS/part-035542_220141-001473.parquet,real_data_sample\l2_unseen_validation\trade_date=2026-07-17\exchange=NSE\symbol=ADANIPORTS\part-035542_220141-001473.parquet,34751,skipped_existing,34751,
2026-07-17,NSE,ADANIPORTS,raw_l2/trade_date=2026-07-17/exchange=NSE/symbol=ADANIPORTS/part-035555_970362-001505.parquet,real_data_sample\l2_unseen_validation\trade_date=2026-07-17\exchange=NSE\symbol=ADANIPORTS\part-035555_970362-001505.parquet,34721,skipped_existing,34721,
2026-07-17,NSE,ADANIPORTS,raw_l2/trade_date=2026-07-17/exchange=NSE/symbol=ADANIPORTS/part-035609_969458-001537.parquet,real_data_sample\l2_unseen_validation\trade_date=2026-07-17\exchange=NSE\symbol=ADANIPORTS\part-035609_969458-001537.parquet,34674,skipped_existing,34674,
2026-07-17,NSE,ADANIPORTS,raw_l2/trade_date=2026-07-17/exchange=NSE/symbol=ADANIPORTS/part-035624_221998-001569.parquet,real_data_sample\l2_unseen_validation\trade_date=2026-07-17\exchange=NSE\symbol=ADANIPORTS\part-035624_221998-001569.parquet,34520,skipped_existing,34520,
2026-07-17,NSE,ADANIPORTS,raw_l2/trade_date=2026-07-17/exchange=NSE/symbol=ADANIPORTS/part-035637_970006-001601.parquet,real_data_sample\l2_unseen_validation\trade_date=2026-07-17\exchange=NSE\symbol=ADANIPORTS\part-035637_970006-001601.parquet,34536,skipped_existing,34536,
2026-07-17,NSE,ADANIPORTS,raw_l2/trade_date=2026-07-17/exchange=NSE/symbol=ADANIPORTS/part-035651_969402-001633.parquet,real_data_sample\l2_unseen_validation\trade_date=2026-07-17\exchange=NSE\symbol=ADANIPORTS\part-035651_969402-001633.parquet,34543,skipped_existing,34543,
2026-07-17,NSE,ADANIPORTS,raw_l2/trade_date=2026-07-17/exchange=NSE/symbol=ADANIPORTS/part-035705_719034-001665.parquet,real_data_sample\l2_unseen_validation\trade_date=2026-07-17\exchange=NSE\symbol=ADANIPORTS\part-035705_719034-001665.parquet,34501,skipped_existing,34501,
2026-07-17,NSE,ADANIPORTS,raw_l2/trade_date=2026-07-17/exchange=NSE/symbol=ADANIPORTS/part-035719_721434-001697.parquet,real_data_sample\l2_unseen_validation\trade_date=2026-07-17\exchange=NSE\symbol=ADANIPORTS\part-035719_721434-001697.parquet,34533,skipped_existing,34533,
2026-07-17,NSE,ADANIPORTS,raw_l2/trade_date=2026-07-17/exchange=NSE/symbol=ADANIPORTS/part-035733_721346-001729.parquet,real_data_sample\l2_unseen_validation\trade_date=2026-07-17\exchange=NSE\symbol=ADANIPORTS\part-035733_721346-001729.parquet,34699,skipped_existing,34699,
2026-07-17,NSE,ADANIPORTS,raw_l2/trade_date=2026-07-17/exchange=NSE/symbol=ADANIPORTS/part-035747_971538-001761.parquet,real_data_sample\l2_unseen_validation\trade_date=2026-07-17\exchange=NSE\symbol=ADANIPORTS\part-035747_971538-001761.parquet,34738,skipped_existing,34738,
2026-07-17,NSE,ADANIPORTS,raw_l2/trade_date=2026-07-17/exchange=NSE/symbol=ADANIPORTS/part-035802_221456-001793.parquet,real_data_sample\l2_unseen_validation\trade_date=2026-07-17\exchange=NSE\symbol=ADANIPORTS\part-035802_221456-001793.parquet,34717,skipped_existing,34717,
2026-07-17,NSE,ADANIPORTS,raw_l2/trade_date=2026-07-17/exchange=NSE/symbol=ADANIPORTS/part-035816_719202-001825.parquet,real_data_sample\l2_unseen_validation\trade_date=2026-07-17\exchange=NSE\symbol=ADANIPORTS\part-035816_719202-001825.parquet,34698,skipped_existing,34698,
2026-07-17,NSE,ADANIPORTS,raw_l2/trade_date=2026-07-17/exchange=NSE/symbol=ADANIPORTS/part-035830_720793-001857.parquet,real_data_sample\l2_unseen_validation\trade_date=2026-07-17\exchange=NSE\symbol=ADANIPORTS\part-035830_720793-001857.parquet,34666,skipped_existing,34666,
2026-07-17,NSE,ADANIPORTS,raw_l2/trade_date=2026-07-17/exchange=NSE/symbol=ADANIPORTS/part-035844_719070-001889.parquet,real_data_sample\l2_unseen_validation\trade_date=2026-07-17\exchange=NSE\symbol=ADANIPORTS\part-035844_719070-001889.parquet,34582,skipped_existing,34582,
2026-07-17,NSE,ADANIPORTS,raw_l2/trade_date=2026-07-17/exchange=NSE/symbol=ADANIPORTS/part-035858_728752-001921.parquet,real_data_sample\l2_unseen_validation\trade_date=2026-07-17\exchange=NSE\symbol=ADANIPORTS\part-035858_728752-001921.parquet,34715,skipped_existing,34715,
2026-07-17,NSE,ADANIPORTS,raw_l2/trade_date=2026-07-17/exchange=NSE/symbol=ADANIPORTS/part-035912_721539-001953.parquet,real_data_sample\l2_unseen_validation\trade_date=2026-07-17\exchange=NSE\symbol=ADANIPORTS\part-035912_721539-001953.parquet,34691,skipped_existing,34691,
2026-07-17,NSE,ADANIPORTS,raw_l2/trade_date=2026-07-17/exchange=NSE/symbol=ADANIPORTS/part-035926_722824-001985.parquet,real_data_sample\l2_unseen_validation\trade_date=2026-07-17\exchange=NSE\symbol=ADANIPORTS\part-035926_722824-001985.parquet,34695,skipped_existing,34695,
2026-07-17,NSE,ADANIPORTS,raw_l2/trade_date=2026-07-17/exchange=NSE/symbol=ADANIPORTS/part-035940_721016-002017.parquet,real_data_sample\l2_unseen_validation\trade_date=2026-07-17\exchange=NSE\symbol=ADANIPORTS\part-035940_721016-002017.parquet,34669,skipped_existing,34669,
2026-07-17,NSE,ADANIPORTS,raw_l2/trade_date=2026-07-17/exchange=NSE/symbol=ADANIPORTS/part-035954_720355-002049.parquet,real_data_sample\l2_unseen_validation\trade_date=2026-07-17\exchange=NSE\symbol=ADANIPORTS\part-035954_720355-002049.parquet,34676,skipped_existing,34676,
2026-07-17,NSE,ADANIPORTS,raw_l2/trade_date=2026-07-17/exchange=NSE/symbol=ADANIPORTS/part-040008_968966-002081.parquet,real_data_sample\l2_unseen_validation\trade_date=2026-07-17\exchange=NSE\symbol=ADANIPORTS\part-040008_968966-002081.parquet,34405,skipped_existing,34405,
2026-07-17,NSE,ADANIPORTS,raw_l2/trade_date=2026-07-17/exchange=NSE/symbol=ADANIPORTS/part-040022_979595-002113.parquet,real_data_sample\l2_unseen_validation\trade_date=2026-07-17\exchange=NSE\symbol=ADANIPORTS\part-040022_979595-002113.parquet,34482,skipped_existing,34482,
2026-07-17,NSE,ADANIPORTS,raw_l2/trade_date=2026-07-17/exchange=NSE/symbol=ADANIPORTS/part-040036_968619-002145.parquet,real_data_sample\l2_unseen_validation\trade_date=2026-07-17\exchange=NSE\symbol=ADANIPORTS\part-040036_968619-002145.parquet,34473,skipped_existing,34473,
2026-07-17,NSE,ADANIPORTS,raw_l2/trade_date=2026-07-17/exchange=NSE/symbol=ADANIPORTS/part-040050_720057-002177.parquet,real_data_sample\l2_unseen_validation\trade_date=2026-07-17\exchange=NSE\symbol=ADANIPORTS\part-040050_720057-002177.parquet,34640,skipped_existing,34640,
2026-07-17,NSE,ADANIPORTS,raw_l2/trade_date=2026-07-17/exchange=NSE/symbol=ADANIPORTS/part-040104_476405-002209.parquet,real_data_sample\l2_unseen_validation\trade_date=2026-07-17\exchange=NSE\symbol=ADANIPORTS\part-040104_476405-002209.parquet,34534,skipped_existing,34534,
2026-07-17,NSE,ADANIPORTS,raw_l2/trade_date=2026-07-17/exchange=NSE/symbol=ADANIPORTS/part-040118_467921-002241.parquet,real_data_sample\l2_unseen_validation\trade_date=2026-07-17\exchange=NSE\symbol=ADANIPORTS\part-040118_467921-002241.parquet,34712,skipped_existing,34712,
2026-07-17,NSE,ADANIPORTS,raw_l2/trade_date=2026-07-17/exchange=NSE/symbol=ADANIPORTS/part-040132_219854-002273.parquet,real_data_sample\l2_unseen_validation\trade_date=2026-07-17\exchange=NSE\symbol=ADANIPORTS\part-040132_219854-002273.parquet,34709,skipped_existing,34709,
2026-07-17,NSE,ADANIPORTS,raw_l2/trade_date=2026-07-17/exchange=NSE/symbol=ADANIPORTS/part-040145_969004-002305.parquet,real_data_sample\l2_unseen_validation\trade_date=2026-07-17\exchange=NSE\symbol=ADANIPORTS\part-040145_969004-002305.parquet,34498,skipped_existing,34498,
2026-07-17,NSE,ADANIPORTS,raw_l2/trade_date=2026-07-17/exchange=NSE/symbol=ADANIPORTS/part-040159_969677-002337.parquet,real_data_sample\l2_unseen_validation\trade_date=2026-07-17\exchange=NSE\symbol=ADANIPORTS\part-040159_969677-002337.parquet,34462,skipped_existing,34462,
2026-07-17,NSE,ADANIPORTS,raw_l2/trade_date=2026-07-17/exchange=NSE/symbol=ADANIPORTS/part-040213_971858-002369.parquet,real_data_sample\l2_unseen_validation\trade_date=2026-07-17\exchange=NSE\symbol=ADANIPORTS\part-040213_971858-002369.parquet,35407,skipped_existing,35407,
2026-07-17,NSE,ADANIPORTS,raw_l2/trade_date=2026-07-17/exchange=NSE/symbol=ADANIPORTS/part-040227_719691-002401.parquet,real_data_sample\l2_unseen_validation\trade_date=2026-07-17\exchange=NSE\symbol=ADANIPORTS\part-040227_719691-002401.parquet,36137,skipped_existing,36137,
2026-07-17,NSE,ADANIPORTS,raw_l2/trade_date=2026-07-17/exchange=NSE/symbol=ADANIPORTS/part-040241_974562-002433.parquet,real_data_sample\l2_unseen_validation\trade_date=2026-07-17\exchange=NSE\symbol=ADANIPORTS\part-040241_974562-002433.parquet,36249,skipped_existing,36249,
2026-07-17,NSE,ADANIPORTS,raw_l2/trade_date=2026-07-17/exchange=NSE/symbol=ADANIPORTS/part-040256_218242-002465.parquet,real_data_sample\l2_unseen_validation\trade_date=2026-07-17\exchange=NSE\symbol=ADANIPORTS\part-040256_218242-002465.parquet,35720,skipped_existing,35720,
2026-07-17,NSE,ADANIPORTS,raw_l2/trade_date=2026-07-17/exchange=NSE/symbol=ADANIPORTS/part-040310_969843-002497.parquet,real_data_sample\l2_unseen_validation\trade_date=2026-07-17\exchange=NSE\symbol=ADANIPORTS\part-040310_969843-002497.parquet,36072,skipped_existing,36072,
2026-07-17,NSE,ADANIPORTS,raw_l2/trade_date=2026-07-17/exchange=NSE/symbol=ADANIPORTS/part-040324_968079-002529.parquet,real_data_sample\l2_unseen_validation\trade_date=2026-07-17\exchange=NSE\symbol=ADANIPORTS\part-040324_968079-002529.parquet,36330,skipped_existing,36330,
2026-07-17,NSE,ADANIPORTS,raw_l2/trade_date=2026-07-17/exchange=NSE/symbol=ADANIPORTS/part-040339_216559-002561.parquet,real_data_sample\l2_unseen_validation\trade_date=2026-07-17\exchange=NSE\symbol=ADANIPORTS\part-040339_216559-002561.parquet,35527,skipped_existing,35527,
2026-07-17,NSE,ADANIPORTS,raw_l2/trade_date=2026-07-17/exchange=NSE/symbol=ADANIPORTS/part-040353_468982-002593.parquet,real_data_sample\l2_unseen_validation\trade_date=2026-07-17\exchange=NSE\symbol=ADANIPORTS\part-040353_468982-002593.parquet,36148,skipped_existing,36148,
2026-07-17,NSE,ADANIPORTS,raw_l2/trade_date=2026-07-17/exchange=NSE/symbol=ADANIPORTS/part-040407_465963-002625.parquet,real_data_sample\l2_unseen_validation\trade_date=2026-07-17\exchange=NSE\symbol=ADANIPORTS\part-040407_465963-002625.parquet,36076,skipped_existing,36076,
2026-07-17,NSE,ADANIPORTS,raw_l2/trade_date=2026-07-17/exchange=NSE/symbol=ADANIPORTS/part-040421_471395-002657.parquet,real_data_sample\l2_unseen_validation\trade_date=2026-07-17\exchange=NSE\symbol=ADANIPORTS\part-040421_471395-002657.parquet,34803,skipped_existing,34803,
2026-07-17,NSE,ADANIPORTS,raw_l2/trade_date=2026-07-17/exchange=NSE/symbol=ADANIPORTS/part-040435_466185-002689.parquet,real_data_sample\l2_unseen_validation\trade_date=2026-07-17\exchange=NSE\symbol=ADANIPORTS\part-040435_466185-002689.parquet,34739,skipped_existing,34739,
2026-07-17,NSE,ADANIPORTS,raw_l2/trade_date=2026-07-17/exchange=NSE/symbol=ADANIPORTS/part-040449_465905-002721.parquet,real_data_sample\l2_unseen_validation\trade_date=2026-07-17\exchange=NSE\symbol=ADANIPORTS\part-040449_465905-002721.parquet,34775,skipped_existing,34775,
2026-07-17,NSE,ADANIPORTS,raw_l2/trade_date=2026-07-17/exchange=NSE/symbol=ADANIPORTS/part-040503_465268-002753.parquet,real_data_sample\l2_unseen_validation\trade_date=2026-07-17\exchange=NSE\symbol=ADANIPORTS\part-040503_465268-002753.parquet,34736,skipped_existing,34736,
2026-07-17,NSE,ADANIPORTS,raw_l2/trade_date=2026-07-17/exchange=NSE/symbol=ADANIPORTS/part-040517_717373-002785.parquet,real_data_sample\l2_unseen_validation\trade_date=2026-07-17\exchange=NSE\symbol=ADANIPORTS\part-040517_717373-002785.parquet,34734,skipped_existing,34734,
2026-07-17,NSE,ADANIPORTS,raw_l2/trade_date=2026-07-17/exchange=NSE/symbol=ADANIPORTS/part-040531_971129-002817.parquet,real_data_sample\l2_unseen_validation\trade_date=2026-07-17\exchange=NSE\symbol=ADANIPORTS\part-040531_971129-002817.parquet,34672,skipped_existing,34672,
2026-07-17,NSE,ADANIPORTS,raw_l2/trade_date=2026-07-17/exchange=NSE/symbol=ADANIPORTS/part-040545_968260-002849.parquet,real_data_sample\l2_unseen_validation\trade_date=2026-07-17\exchange=NSE\symbol=ADANIPORTS\part-040545_968260-002849.parquet,34744,skipped_existing,34744,
2026-07-17,NSE,ADANIPORTS,raw_l2/trade_date=2026-07-17/exchange=NSE/symbol=ADANIPORTS/part-040559_967112-002881.parquet,real_data_sample\l2_unseen_validation\trade_date=2026-07-17\exchange=NSE\symbol=ADANIPORTS\part-040559_967112-002881.parquet,34759,skipped_existing,34759,
2026-07-17,NSE,ADANIPORTS,raw_l2/trade_date=2026-07-17/exchange=NSE/symbol=ADANIPORTS/part-040613_967635-002913.parquet,real_data_sample\l2_unseen_validation\trade_date=2026-07-17\exchange=NSE\symbol=ADANIPORTS\part-040613_967635-002913.parquet,34878,skipped_existing,34878,
2026-07-17,NSE,ADANIPORTS,raw_l2/trade_date=2026-07-17/exchange=NSE/symbol=ADANIPORTS/part-040627_966357-002945.parquet,real_data_sample\l2_unseen_validation\trade_date=2026-07-17\exchange=NSE\symbol=ADANIPORTS\part-040627_966357-002945.parquet,36068,skipped_existing,36068,
2026-07-17,NSE,ADANIPORTS,raw_l2/trade_date=2026-07-17/exchange=NSE/symbol=ADANIPORTS/part-040641_717266-002977.parquet,real_data_sample\l2_unseen_validation\trade_date=2026-07-17\exchange=NSE\symbol=ADANIPORTS\part-040641_717266-002977.parquet,35897,skipped_existing,35897,
2026-07-17,NSE,ADANIPORTS,raw_l2/trade_date=2026-07-17/exchange=NSE/symbol=ADANIPORTS/part-040655_717576-003009.parquet,real_data_sample\l2_unseen_validation\trade_date=2026-07-17\exchange=NSE\symbol=ADANIPORTS\part-040655_717576-003009.parquet,35901,skipped_existing,35901,
2026-07-17,NSE,ADANIPORTS,raw_l2/trade_date=2026-07-17/exchange=NSE/symbol=ADANIPORTS/part-040709_719770-003041.parquet,real_data_sample\l2_unseen_validation\trade_date=2026-07-17\exchange=NSE\symbol=ADANIPORTS\part-040709_719770-003041.parquet,35706,skipped_existing,35706,
2026-07-17,NSE,ADANIPORTS,raw_l2/trade_date=2026-07-17/exchange=NSE/symbol=ADANIPORTS/part-040723_717020-003073.parquet,real_data_sample\l2_unseen_validation\trade_date=2026-07-17\exchange=NSE\symbol=ADANIPORTS\part-040723_717020-003073.parquet,34528,skipped_existing,34528,
2026-07-17,NSE,ADANIPORTS,raw_l2/trade_date=2026-07-17/exchange=NSE/symbol=ADANIPORTS/part-040737_723801-003105.parquet,real_data_sample\l2_unseen_validation\trade_date=2026-07-17\exchange=NSE\symbol=ADANIPORTS\part-040737_723801-003105.parquet,34480,skipped_existing,34480,
2026-07-17,NSE,ADANIPORTS,raw_l2/trade_date=2026-07-17/exchange=NSE/symbol=ADANIPORTS/part-040751_970679-003137.parquet,real_data_sample\l2_unseen_validation\trade_date=2026-07-17\exchange=NSE\symbol=ADANIPORTS\part-040751_970679-003137.parquet,34684,skipped_existing,34684,
2026-07-17,NSE,ADANIPORTS,raw_l2/trade_date=2026-07-17/exchange=NSE/symbol=ADANIPORTS/part-040805_966295-003169.parquet,real_data_sample\l2_unseen_validation\trade_date=2026-07-17\exchange=NSE\symbol=ADANIPORTS\part-040805_966295-003169.parquet,34511,skipped_existing,34511,
2026-07-17,NSE,ADANIPORTS,raw_l2/trade_date=2026-07-17/exchange=NSE/symbol=ADANIPORTS/part-040819_967515-003201.parquet,real_data_sample\l2_unseen_validation\trade_date=2026-07-17\exchange=NSE\symbol=ADANIPORTS\part-040819_967515-003201.parquet,34501,skipped_existing,34501,
2026-07-17,NSE,ADANIPORTS,raw_l2/trade_date=2026-07-17/exchange=NSE/symbol=ADANIPORTS/part-040834_467036-003233.parquet,real_data_sample\l2_unseen_validation\trade_date=2026-07-17\exchange=NSE\symbol=ADANIPORTS\part-040834_467036-003233.parquet,34758,skipped_existing,34758,
2026-07-17,NSE,ADANIPORTS,raw_l2/trade_date=2026-07-17/exchange=NSE/symbol=ADANIPORTS/part-040848_719850-003265.parquet,real_data_sample\l2_unseen_validation\trade_date=2026-07-17\exchange=NSE\symbol=ADANIPORTS\part-040848_719850-003265.parquet,34692,skipped_existing,34692,
2026-07-17,NSE,ADANIPORTS,raw_l2/trade_date=2026-07-17/exchange=NSE/symbol=ADANIPORTS/part-040902_967603-003297.parquet,real_data_sample\l2_unseen_validation\trade_date=2026-07-17\exchange=NSE\symbol=ADANIPORTS\part-040902_967603-003297.parquet,34755,skipped_existing,34755,
2026-07-17,NSE,ADANIPORTS,raw_l2/trade_date=2026-07-17/exchange=NSE/symbol=ADANIPORTS/part-040916_967734-003329.parquet,real_data_sample\l2_unseen_validation\trade_date=2026-07-17\exchange=NSE\symbol=ADANIPORTS\part-040916_967734-003329.parquet,34654,skipped_existing,34654,
2026-07-17,NSE,ADANIPORTS,raw_l2/trade_date=2026-07-17/exchange=NSE/symbol=ADANIPORTS/part-040931_216139-003361.parquet,real_data_sample\l2_unseen_validation\trade_date=2026-07-17\exchange=NSE\symbol=ADANIPORTS\part-040931_216139-003361.parquet,34523,skipped_existing,34523,
2026-07-17,NSE,ADANIPORTS,raw_l2/trade_date=2026-07-17/exchange=NSE/symbol=ADANIPORTS/part-040945_717899-003393.parquet,real_data_sample\l2_unseen_validation\trade_date=2026-07-17\exchange=NSE\symbol=ADANIPORTS\part-040945_717899-003393.parquet,34704,skipped_existing,34704,
2026-07-17,NSE,ADANIPORTS,raw_l2/trade_date=2026-07-17/exchange=NSE/symbol=ADANIPORTS/part-040959_965746-003425.parquet,real_data_sample\l2_unseen_validation\trade_date=2026-07-17\exchange=NSE\symbol=ADANIPORTS\part-040959_965746-003425.parquet,34666,skipped_existing,34666,
2026-07-17,NSE,ADANIPORTS,raw_l2/trade_date=2026-07-17/exchange=NSE/symbol=ADANIPORTS/part-041014_034356-003457.parquet,real_data_sample\l2_unseen_validation\trade_date=2026-07-17\exchange=NSE\symbol=ADANIPORTS\part-041014_034356-003457.parquet,34645,skipped_existing,34645,
2026-07-17,NSE,ADANIPORTS,raw_l2/trade_date=2026-07-17/exchange=NSE/symbol=ADANIPORTS/part-041028_009159-003489.parquet,real_data_sample\l2_unseen_validation\trade_date=2026-07-17\exchange=NSE\symbol=ADANIPORTS\part-041028_009159-003489.parquet,34734,skipped_existing,34734,
2026-07-17,NSE,ADANIPORTS,raw_l2/trade_date=2026-07-17/exchange=NSE/symbol=ADANIPORTS/part-041042_260374-003521.parquet,real_data_sample\l2_unseen_validation\trade_date=2026-07-17\exchange=NSE\symbol=ADANIPORTS\part-041042_260374-003521.parquet,34651,skipped_existing,34651,
2026-07-17,NSE,ADANIPORTS,raw_l2/trade_date=2026-07-17/exchange=NSE/symbol=ADANIPORTS/part-041056_515541-003553.parquet,real_data_sample\l2_unseen_validation\trade_date=2026-07-17\exchange=NSE\symbol=ADANIPORTS\part-041056_515541-003553.parquet,34648,skipped_existing,34648,
2026-07-17,NSE,ADANIPORTS,raw_l2/trade_date=2026-07-17/exchange=NSE/symbol=ADANIPORTS/part-041110_718728-003585.parquet,real_data_sample\l2_unseen_validation\trade_date=2026-07-17\exchange=NSE\symbol=ADANIPORTS\part-041110_718728-003585.parquet,34732,skipped_existing,34732,
2026-07-17,NSE,ADANIPORTS,raw_l2/trade_date=2026-07-17/exchange=NSE/symbol=ADANIPORTS/part-041124_718649-003617.parquet,real_data_sample\l2_unseen_validation\trade_date=2026-07-17\exchange=NSE\symbol=ADANIPORTS\part-041124_718649-003617.parquet,34658,skipped_existing,34658,
2026-07-17,NSE,ADANIPORTS,raw_l2/trade_date=2026-07-17/exchange=NSE/symbol=ADANIPORTS/part-041138_470399-003649.parquet,real_data_sample\l2_unseen_validation\trade_date=2026-07-17\exchange=NSE\symbol=ADANIPORTS\part-041138_470399-003649.parquet,34721,skipped_existing,34721,
2026-07-17,NSE,ADANIPORTS,raw_l2/trade_date=2026-07-17/exchange=NSE/symbol=ADANIPORTS/part-041152_469209-003681.parquet,real_data_sample\l2_unseen_validation\trade_date=2026-07-17\exchange=NSE\symbol=ADANIPORTS\part-041152_469209-003681.parquet,34684,skipped_existing,34684,
2026-07-17,NSE,ADANIPORTS,raw_l2/trade_date=2026-07-17/exchange=NSE/symbol=ADANIPORTS/part-041206_469078-003713.parquet,real_data_sample\l2_unseen_validation\trade_date=2026-07-17\exchange=NSE\symbol=ADANIPORTS\part-041206_469078-003713.parquet,34754,skipped_existing,34754,
2026-07-17,NSE,ADANIPORTS,raw_l2/trade_date=2026-07-17/exchange=NSE/symbol=ADANIPORTS/part-041220_468180-003745.parquet,real_data_sample\l2_unseen_validation\trade_date=2026-07-17\exchange=NSE\symbol=ADANIPORTS\part-041220_468180-003745.parquet,34750,skipped_existing,34750,
2026-07-17,NSE,ADANIPORTS,raw_l2/trade_date=2026-07-17/exchange=NSE/symbol=ADANIPORTS/part-041234_221476-003777.parquet,real_data_sample\l2_unseen_validation\trade_date=2026-07-17\exchange=NSE\symbol=ADANIPORTS\part-041234_221476-003777.parquet,34691,skipped_existing,34691,
2026-07-17,NSE,ADANIPORTS,raw_l2/trade_date=2026-07-17/exchange=NSE/symbol=ADANIPORTS/part-041248_220963-003809.parquet,real_data_sample\l2_unseen_validation\trade_date=2026-07-17\exchange=NSE\symbol=ADANIPORTS\part-041248_220963-003809.parquet,34515,skipped_existing,34515,
2026-07-17,NSE,ADANIPORTS,raw_l2/trade_date=2026-07-17/exchange=NSE/symbol=ADANIPORTS/part-041301_970411-003841.parquet,real_data_sample\l2_unseen_validation\trade_date=2026-07-17\exchange=NSE\symbol=ADANIPORTS\part-041301_970411-003841.parquet,34451,skipped_existing,34451,
2026-07-17,NSE,ADANIPORTS,raw_l2/trade_date=2026-07-17/exchange=NSE/symbol=ADANIPORTS/part-041315_969758-003873.parquet,real_data_sample\l2_unseen_validation\trade_date=2026-07-17\exchange=NSE\symbol=ADANIPORTS\part-041315_969758-003873.parquet,34688,skipped_existing,34688,
2026-07-17,NSE,ADANIPORTS,raw_l2/trade_date=2026-07-17/exchange=NSE/symbol=ADANIPORTS/part-041329_971007-003905.parquet,real_data_sample\l2_unseen_validation\trade_date=2026-07-17\exchange=NSE\symbol=ADANIPORTS\part-041329_971007-003905.parquet,34523,skipped_existing,34523,
2026-07-17,NSE,ADANIPORTS,raw_l2/trade_date=2026-07-17/exchange=NSE/symbol=ADANIPORTS/part-041343_972096-003937.parquet,real_data_sample\l2_unseen_validation\trade_date=2026-07-17\exchange=NSE\symbol=ADANIPORTS\part-041343_972096-003937.parquet,34491,skipped_existing,34491,
2026-07-17,NSE,ADANIPORTS,raw_l2/trade_date=2026-07-17/exchange=NSE/symbol=ADANIPORTS/part-041357_969973-003969.parquet,real_data_sample\l2_unseen_validation\trade_date=2026-07-17\exchange=NSE\symbol=ADANIPORTS\part-041357_969973-003969.parquet,34536,skipped_existing,34536,
2026-07-17,NSE,ADANIPORTS,raw_l2/trade_date=2026-07-17/exchange=NSE/symbol=ADANIPORTS/part-041412_222068-004001.parquet,real_data_sample\l2_unseen_validation\trade_date=2026-07-17\exchange=NSE\symbol=ADANIPORTS\part-041412_222068-004001.parquet,34504,skipped_existing,34504,
2026-07-17,NSE,ADANIPORTS,raw_l2/trade_date=2026-07-17/exchange=NSE/symbol=ADANIPORTS/part-041426_219490-004033.parquet,real_data_sample\l2_unseen_validation\trade_date=2026-07-17\exchange=NSE\symbol=ADANIPORTS\part-041426_219490-004033.parquet,34566,skipped_existing,34566,
2026-07-17,NSE,ADANIPORTS,raw_l2/trade_date=2026-07-17/exchange=NSE/symbol=ADANIPORTS/part-041440_223629-004065.parquet,real_data_sample\l2_unseen_validation\trade_date=2026-07-17\exchange=NSE\symbol=ADANIPORTS\part-041440_223629-004065.parquet,34548,skipped_existing,34548,
2026-07-17,NSE,ADANIPORTS,raw_l2/trade_date=2026-07-17/exchange=NSE/symbol=ADANIPORTS/part-041454_220618-004097.parquet,real_data_sample\l2_unseen_validation\trade_date=2026-07-17\exchange=NSE\symbol=ADANIPORTS\part-041454_220618-004097.parquet,34699,skipped_existing,34699,
2026-07-17,NSE,ADANIPORTS,raw_l2/trade_date=2026-07-17/exchange=NSE/symbol=ADANIPORTS/part-041508_221859-004129.parquet,real_data_sample\l2_unseen_validation\trade_date=2026-07-17\exchange=NSE\symbol=ADANIPORTS\part-041508_221859-004129.parquet,34730,skipped_existing,34730,
2026-07-17,NSE,ADANIPORTS,raw_l2/trade_date=2026-07-17/exchange=NSE/symbol=ADANIPORTS/part-041521_983072-004161.parquet,real_data_sample\l2_unseen_validation\trade_date=2026-07-17\exchange=NSE\symbol=ADANIPORTS\part-041521_983072-004161.parquet,34518,skipped_existing,34518,
2026-07-17,NSE,ADANIPORTS,raw_l2/trade_date=2026-07-17/exchange=NSE/symbol=ADANIPORTS/part-041535_968696-004193.parquet,real_data_sample\l2_unseen_validation\trade_date=2026-07-17\exchange=NSE\symbol=ADANIPORTS\part-041535_968696-004193.parquet,34539,skipped_existing,34539,
2026-07-17,NSE,ADANIPORTS,raw_l2/trade_date=2026-07-17/exchange=NSE/symbol=ADANIPORTS/part-041550_719911-004225.parquet,real_data_sample\l2_unseen_validation\trade_date=2026-07-17\exchange=NSE\symbol=ADANIPORTS\part-041550_719911-004225.parquet,34437,skipped_existing,34437,
2026-07-17,NSE,ADANIPORTS,raw_l2/trade_date=2026-07-17/exchange=NSE/symbol=ADANIPORTS/part-041604_971120-004257.parquet,real_data_sample\l2_unseen_validation\trade_date=2026-07-17\exchange=NSE\symbol=ADANIPORTS\part-041604_971120-004257.parquet,34364,skipped_existing,34364,
2026-07-17,NSE,ADANIPORTS,raw_l2/trade_date=2026-07-17/exchange=NSE/symbol=ADANIPORTS/part-041618_719281-004289.parquet,real_data_sample\l2_unseen_validation\trade_date=2026-07-17\exchange=NSE\symbol=ADANIPORTS\part-041618_719281-004289.parquet,34468,skipped_existing,34468,
2026-07-17,NSE,ADANIPORTS,raw_l2/trade_date=2026-07-17/exchange=NSE/symbol=ADANIPORTS/part-041632_468412-004321.parquet,real_data_sample\l2_unseen_validation\trade_date=2026-07-17\exchange=NSE\symbol=ADANIPORTS\part-041632_468412-004321.parquet,34660,skipped_existing,34660,
2026-07-17,NSE,ADANIPORTS,raw_l2/trade_date=2026-07-17/exchange=NSE/symbol=ADANIPORTS/part-041646_219807-004353.parquet,real_data_sample\l2_unseen_validation\trade_date=2026-07-17\exchange=NSE\symbol=ADANIPORTS\part-041646_219807-004353.parquet,34573,skipped_existing,34573,
2026-07-17,NSE,ADANIPORTS,raw_l2/trade_date=2026-07-17/exchange=NSE/symbol=ADANIPORTS/part-041700_219185-004385.parquet,real_data_sample\l2_unseen_validation\trade_date=2026-07-17\exchange=NSE\symbol=ADANIPORTS\part-041700_219185-004385.parquet,34720,skipped_existing,34720,
2026-07-17,NSE,ADANIPORTS,raw_l2/trade_date=2026-07-17/exchange=NSE/symbol=ADANIPORTS/part-041713_967772-004417.parquet,real_data_sample\l2_unseen_validation\trade_date=2026-07-17\exchange=NSE\symbol=ADANIPORTS\part-041713_967772-004417.parquet,34757,skipped_existing,34757,
2026-07-17,NSE,ADANIPORTS,raw_l2/trade_date=2026-07-17/exchange=NSE/symbol=ADANIPORTS/part-041728_221252-004449.parquet,real_data_sample\l2_unseen_validation\trade_date=2026-07-17\exchange=NSE\symbol=ADANIPORTS\part-041728_221252-004449.parquet,34742,skipped_existing,34742,
2026-07-17,NSE,ADANIPORTS,raw_l2/trade_date=2026-07-17/exchange=NSE/symbol=ADANIPORTS/part-041742_219705-004481.parquet,real_data_sample\l2_unseen_validation\trade_date=2026-07-17\exchange=NSE\symbol=ADANIPORTS\part-041742_219705-004481.parquet,34475,skipped_existing,34475,
2026-07-17,NSE,ADANIPORTS,raw_l2/trade_date=2026-07-17/exchange=NSE/symbol=ADANIPORTS/part-041755_969172-004513.parquet,real_data_sample\l2_unseen_validation\trade_date=2026-07-17\exchange=NSE\symbol=ADANIPORTS\part-041755_969172-004513.parquet,34526,skipped_existing,34526,
2026-07-17,NSE,ADANIPORTS,raw_l2/trade_date=2026-07-17/exchange=NSE/symbol=ADANIPORTS/part-041809_719603-004545.parquet,real_data_sample\l2_unseen_validation\trade_date=2026-07-17\exchange=NSE\symbol=ADANIPORTS\part-041809_719603-004545.parquet,34741,skipped_existing,34741,
2026-07-17,NSE,ADANIPORTS,raw_l2/trade_date=2026-07-17/exchange=NSE/symbol=ADANIPORTS/part-041823_468195-004577.parquet,real_data_sample\l2_unseen_validation\trade_date=2026-07-17\exchange=NSE\symbol=ADANIPORTS\part-041823_468195-004577.parquet,34490,skipped_existing,34490,
2026-07-17,NSE,ADANIPORTS,raw_l2/trade_date=2026-07-17/exchange=NSE/symbol=ADANIPORTS/part-041837_222791-004609.parquet,real_data_sample\l2_unseen_validation\trade_date=2026-07-17\exchange=NSE\symbol=ADANIPORTS\part-041837_222791-004609.parquet,34798,skipped_existing,34798,
2026-07-17,NSE,ADANIPORTS,raw_l2/trade_date=2026-07-17/exchange=NSE/symbol=ADANIPORTS/part-041850_978983-004641.parquet,real_data_sample\l2_unseen_validation\trade_date=2026-07-17\exchange=NSE\symbol=ADANIPORTS\part-041850_978983-004641.parquet,34702,skipped_existing,34702,
2026-07-17,NSE,ADANIPORTS,raw_l2/trade_date=2026-07-17/exchange=NSE/symbol=ADANIPORTS/part-041905_725974-004673.parquet,real_data_sample\l2_unseen_validation\trade_date=2026-07-17\exchange=NSE\symbol=ADANIPORTS\part-041905_725974-004673.parquet,34694,skipped_existing,34694,
2026-07-17,NSE,ADANIPORTS,raw_l2/trade_date=2026-07-17/exchange=NSE/symbol=ADANIPORTS/part-041919_981219-004705.parquet,real_data_sample\l2_unseen_validation\trade_date=2026-07-17\exchange=NSE\symbol=ADANIPORTS\part-041919_981219-004705.parquet,34729,skipped_existing,34729,
2026-07-17,NSE,ADANIPORTS,raw_l2/trade_date=2026-07-17/exchange=NSE/symbol=ADANIPORTS/part-041934_225160-004737.parquet,real_data_sample\l2_unseen_validation\trade_date=2026-07-17\exchange=NSE\symbol=ADANIPORTS\part-041934_225160-004737.parquet,34378,skipped_existing,34378,
2026-07-17,NSE,ADANIPORTS,raw_l2/trade_date=2026-07-17/exchange=NSE/symbol=ADANIPORTS/part-041948_230154-004769.parquet,real_data_sample\l2_unseen_validation\trade_date=2026-07-17\exchange=NSE\symbol=ADANIPORTS\part-041948_230154-004769.parquet,34362,skipped_existing,34362,
2026-07-17,NSE,ADANIPORTS,raw_l2/trade_date=2026-07-17/exchange=NSE/symbol=ADANIPORTS/part-042002_229773-004801.parquet,real_data_sample\l2_unseen_validation\trade_date=2026-07-17\exchange=NSE\symbol=ADANIPORTS\part-042002_229773-004801.parquet,34648,skipped_existing,34648,
2026-07-17,NSE,ADANIPORTS,raw_l2/trade_date=2026-07-17/exchange=NSE/symbol=ADANIPORTS/part-042016_231102-004833.parquet,real_data_sample\l2_unseen_validation\trade_date=2026-07-17\exchange=NSE\symbol=ADANIPORTS\part-042016_231102-004833.parquet,34593,skipped_existing,34593,
2026-07-17,NSE,ADANIPORTS,raw_l2/trade_date=2026-07-17/exchange=NSE/symbol=ADANIPORTS/part-042029_973009-004865.parquet,real_data_sample\l2_unseen_validation\trade_date=2026-07-17\exchange=NSE\symbol=ADANIPORTS\part-042029_973009-004865.parquet,34615,skipped_existing,34615,
2026-07-17,NSE,ADANIPORTS,raw_l2/trade_date=2026-07-17/exchange=NSE/symbol=ADANIPORTS/part-042043_978676-004897.parquet,real_data_sample\l2_unseen_validation\trade_date=2026-07-17\exchange=NSE\symbol=ADANIPORTS\part-042043_978676-004897.parquet,34696,skipped_existing,34696,
2026-07-17,NSE,ADANIPORTS,raw_l2/trade_date=2026-07-17/exchange=NSE/symbol=ADANIPORTS/part-042057_724720-004929.parquet,real_data_sample\l2_unseen_validation\trade_date=2026-07-17\exchange=NSE\symbol=ADANIPORTS\part-042057_724720-004929.parquet,34529,skipped_existing,34529,
2026-07-17,NSE,ADANIPORTS,raw_l2/trade_date=2026-07-17/exchange=NSE/symbol=ADANIPORTS/part-042111_473552-004961.parquet,real_data_sample\l2_unseen_validation\trade_date=2026-07-17\exchange=NSE\symbol=ADANIPORTS\part-042111_473552-004961.parquet,34674,skipped_existing,34674,
2026-07-17,NSE,ADANIPORTS,raw_l2/trade_date=2026-07-17/exchange=NSE/symbol=ADANIPORTS/part-042125_226181-004993.parquet,real_data_sample\l2_unseen_validation\trade_date=2026-07-17\exchange=NSE\symbol=ADANIPORTS\part-042125_226181-004993.parquet,34668,skipped_existing,34668,
2026-07-17,NSE,ADANIPORTS,raw_l2/trade_date=2026-07-17/exchange=NSE/symbol=ADANIPORTS/part-042139_477709-005025.parquet,real_data_sample\l2_unseen_validation\trade_date=2026-07-17\exchange=NSE\symbol=ADANIPORTS\part-042139_477709-005025.parquet,34750,skipped_existing,34750,
2026-07-17,NSE,ADANIPORTS,raw_l2/trade_date=2026-07-17/exchange=NSE/symbol=ADANIPORTS/part-042153_474670-005057.parquet,real_data_sample\l2_unseen_validation\trade_date=2026-07-17\exchange=NSE\symbol=ADANIPORTS\part-042153_474670-005057.parquet,34704,skipped_existing,34704,
2026-07-17,NSE,ADANIPORTS,raw_l2/trade_date=2026-07-17/exchange=NSE/symbol=ADANIPORTS/part-042207_477460-005089.parquet,real_data_sample\l2_unseen_validation\trade_date=2026-07-17\exchange=NSE\symbol=ADANIPORTS\part-042207_477460-005089.parquet,34762,skipped_existing,34762,
2026-07-17,NSE,ADANIPORTS,raw_l2/trade_date=2026-07-17/exchange=NSE/symbol=ADANIPORTS/part-042221_468067-005121.parquet,real_data_sample\l2_unseen_validation\trade_date=2026-07-17\exchange=NSE\symbol=ADANIPORTS\part-042221_468067-005121.parquet,34601,skipped_existing,34601,
2026-07-17,NSE,ADANIPORTS,raw_l2/trade_date=2026-07-17/exchange=NSE/symbol=ADANIPORTS/part-042235_469338-005153.parquet,real_data_sample\l2_unseen_validation\trade_date=2026-07-17\exchange=NSE\symbol=ADANIPORTS\part-042235_469338-005153.parquet,34603,skipped_existing,34603,
2026-07-17,NSE,ADANIPORTS,raw_l2/trade_date=2026-07-17/exchange=NSE/symbol=ADANIPORTS/part-042249_219929-005185.parquet,real_data_sample\l2_unseen_validation\trade_date=2026-07-17\exchange=NSE\symbol=ADANIPORTS\part-042249_219929-005185.parquet,34493,skipped_existing,34493,
2026-07-17,NSE,ADANIPORTS,raw_l2/trade_date=2026-07-17/exchange=NSE/symbol=ADANIPORTS/part-042303_219434-005217.parquet,real_data_sample\l2_unseen_validation\trade_date=2026-07-17\exchange=NSE\symbol=ADANIPORTS\part-042303_219434-005217.parquet,34689,skipped_existing,34689,
2026-07-17,NSE,ADANIPORTS,raw_l2/trade_date=2026-07-17/exchange=NSE/symbol=ADANIPORTS/part-042317_225473-005249.parquet,real_data_sample\l2_unseen_validation\trade_date=2026-07-17\exchange=NSE\symbol=ADANIPORTS\part-042317_225473-005249.parquet,34698,skipped_existing,34698,
2026-07-17,NSE,ADANIPORTS,raw_l2/trade_date=2026-07-17/exchange=NSE/symbol=ADANIPORTS/part-042331_218526-005281.parquet,real_data_sample\l2_unseen_validation\trade_date=2026-07-17\exchange=NSE\symbol=ADANIPORTS\part-042331_218526-005281.parquet,34740,skipped_existing,34740,
2026-07-17,NSE,ADANIPORTS,raw_l2/trade_date=2026-07-17/exchange=NSE/symbol=ADANIPORTS/part-042345_217854-005313.parquet,real_data_sample\l2_unseen_validation\trade_date=2026-07-17\exchange=NSE\symbol=ADANIPORTS\part-042345_217854-005313.parquet,34748,skipped_existing,34748,
2026-07-17,NSE,ADANIPORTS,raw_l2/trade_date=2026-07-17/exchange=NSE/symbol=ADANIPORTS/part-042359_221147-005345.parquet,real_data_sample\l2_unseen_validation\trade_date=2026-07-17\exchange=NSE\symbol=ADANIPORTS\part-042359_221147-005345.parquet,34747,skipped_existing,34747,
2026-07-17,NSE,ADANIPORTS,raw_l2/trade_date=2026-07-17/exchange=NSE/symbol=ADANIPORTS/part-042412_967723-005377.parquet,real_data_sample\l2_unseen_validation\trade_date=2026-07-17\exchange=NSE\symbol=ADANIPORTS\part-042412_967723-005377.parquet,34536,skipped_existing,34536,
2026-07-17,NSE,ADANIPORTS,raw_l2/trade_date=2026-07-17/exchange=NSE/symbol=ADANIPORTS/part-042426_970424-005409.parquet,real_data_sample\l2_unseen_validation\trade_date=2026-07-17\exchange=NSE\symbol=ADANIPORTS\part-042426_970424-005409.parquet,34686,skipped_existing,34686,
2026-07-17,NSE,ADANIPORTS,raw_l2/trade_date=2026-07-17/exchange=NSE/symbol=ADANIPORTS/part-042440_968104-005441.parquet,real_data_sample\l2_unseen_validation\trade_date=2026-07-17\exchange=NSE\symbol=ADANIPORTS\part-042440_968104-005441.parquet,34609,skipped_existing,34609,
2026-07-17,NSE,ADANIPORTS,raw_l2/trade_date=2026-07-17/exchange=NSE/symbol=ADANIPORTS/part-042454_719339-005473.parquet,real_data_sample\l2_unseen_validation\trade_date=2026-07-17\exchange=NSE\symbol=ADANIPORTS\part-042454_719339-005473.parquet,34745,skipped_existing,34745,
2026-07-17,NSE,ADANIPORTS,raw_l2/trade_date=2026-07-17/exchange=NSE/symbol=ADANIPORTS/part-042508_472060-005505.parquet,real_data_sample\l2_unseen_validation\trade_date=2026-07-17\exchange=NSE\symbol=ADANIPORTS\part-042508_472060-005505.parquet,34725,skipped_existing,34725,
2026-07-17,NSE,ADANIPORTS,raw_l2/trade_date=2026-07-17/exchange=NSE/symbol=ADANIPORTS/part-042522_220083-005537.parquet,real_data_sample\l2_unseen_validation\trade_date=2026-07-17\exchange=NSE\symbol=ADANIPORTS\part-042522_220083-005537.parquet,34756,skipped_existing,34756,
2026-07-17,NSE,ADANIPORTS,raw_l2/trade_date=2026-07-17/exchange=NSE/symbol=ADANIPORTS/part-042536_469651-005569.parquet,real_data_sample\l2_unseen_validation\trade_date=2026-07-17\exchange=NSE\symbol=ADANIPORTS\part-042536_469651-005569.parquet,34733,skipped_existing,34733,
2026-07-17,NSE,ADANIPORTS,raw_l2/trade_date=2026-07-17/exchange=NSE/symbol=ADANIPORTS/part-042550_468531-005601.parquet,real_data_sample\l2_unseen_validation\trade_date=2026-07-17\exchange=NSE\symbol=ADANIPORTS\part-042550_468531-005601.parquet,34538,skipped_existing,34538,
2026-07-17,NSE,ADANIPORTS,raw_l2/trade_date=2026-07-17/exchange=NSE/symbol=ADANIPORTS/part-042604_474088-005633.parquet,real_data_sample\l2_unseen_validation\trade_date=2026-07-17\exchange=NSE\symbol=ADANIPORTS\part-042604_474088-005633.parquet,34780,skipped_existing,34780,
2026-07-17,NSE,ADANIPORTS,raw_l2/trade_date=2026-07-17/exchange=NSE/symbol=ADANIPORTS/part-042618_473531-005665.parquet,real_data_sample\l2_unseen_validation\trade_date=2026-07-17\exchange=NSE\symbol=ADANIPORTS\part-042618_473531-005665.parquet,35498,skipped_existing,35498,
2026-07-17,NSE,ADANIPORTS,raw_l2/trade_date=2026-07-17/exchange=NSE/symbol=ADANIPORTS/part-042632_722276-005697.parquet,real_data_sample\l2_unseen_validation\trade_date=2026-07-17\exchange=NSE\symbol=ADANIPORTS\part-042632_722276-005697.parquet,35973,skipped_existing,35973,
2026-07-17,NSE,ADANIPORTS,raw_l2/trade_date=2026-07-17/exchange=NSE/symbol=ADANIPORTS/part-042646_721635-005729.parquet,real_data_sample\l2_unseen_validation\trade_date=2026-07-17\exchange=NSE\symbol=ADANIPORTS\part-042646_721635-005729.parquet,35989,skipped_existing,35989,
2026-07-17,NSE,ADANIPORTS,raw_l2/trade_date=2026-07-17/exchange=NSE/symbol=ADANIPORTS/part-042700_726139-005761.parquet,real_data_sample\l2_unseen_validation\trade_date=2026-07-17\exchange=NSE\symbol=ADANIPORTS\part-042700_726139-005761.parquet,35994,skipped_existing,35994,
2026-07-17,NSE,ADANIPORTS,raw_l2/trade_date=2026-07-17/exchange=NSE/symbol=ADANIPORTS/part-042714_721507-005793.parquet,real_data_sample\l2_unseen_validation\trade_date=2026-07-17\exchange=NSE\symbol=ADANIPORTS\part-042714_721507-005793.parquet,35321,skipped_existing,35321,
2026-07-17,NSE,ADANIPORTS,raw_l2/trade_date=2026-07-17/exchange=NSE/symbol=ADANIPORTS/part-042728_721872-005825.parquet,real_data_sample\l2_unseen_validation\trade_date=2026-07-17\exchange=NSE\symbol=ADANIPORTS\part-042728_721872-005825.parquet,34786,skipped_existing,34786,
2026-07-17,NSE,ADANIPORTS,raw_l2/trade_date=2026-07-17/exchange=NSE/symbol=ADANIPORTS/part-042742_718811-005857.parquet,real_data_sample\l2_unseen_validation\trade_date=2026-07-17\exchange=NSE\symbol=ADANIPORTS\part-042742_718811-005857.parquet,34682,skipped_existing,34682,
2026-07-17,NSE,ADANIPORTS,raw_l2/trade_date=2026-07-17/exchange=NSE/symbol=ADANIPORTS/part-042756_472898-005889.parquet,real_data_sample\l2_unseen_validation\trade_date=2026-07-17\exchange=NSE\symbol=ADANIPORTS\part-042756_472898-005889.parquet,34832,skipped_existing,34832,
2026-07-17,NSE,ADANIPORTS,raw_l2/trade_date=2026-07-17/exchange=NSE/symbol=ADANIPORTS/part-042810_220352-005921.parquet,real_data_sample\l2_unseen_validation\trade_date=2026-07-17\exchange=NSE\symbol=ADANIPORTS\part-042810_220352-005921.parquet,34718,skipped_existing,34718,
2026-07-17,NSE,ADANIPORTS,raw_l2/trade_date=2026-07-17/exchange=NSE/symbol=ADANIPORTS/part-042824_266183-005953.parquet,real_data_sample\l2_unseen_validation\trade_date=2026-07-17\exchange=NSE\symbol=ADANIPORTS\part-042824_266183-005953.parquet,34628,skipped_existing,34628,
2026-07-17,NSE,ADANIPORTS,raw_l2/trade_date=2026-07-17/exchange=NSE/symbol=ADANIPORTS/part-042838_232147-005985.parquet,real_data_sample\l2_unseen_validation\trade_date=2026-07-17\exchange=NSE\symbol=ADANIPORTS\part-042838_232147-005985.parquet,34512,skipped_existing,34512,
2026-07-17,NSE,ADANIPORTS,raw_l2/trade_date=2026-07-17/exchange=NSE/symbol=ADANIPORTS/part-042852_234032-006017.parquet,real_data_sample\l2_unseen_validation\trade_date=2026-07-17\exchange=NSE\symbol=ADANIPORTS\part-042852_234032-006017.parquet,34965,skipped_existing,34965,
2026-07-17,NSE,ADANIPORTS,raw_l2/trade_date=2026-07-17/exchange=NSE/symbol=ADANIPORTS/part-042905_983188-006049.parquet,real_data_sample\l2_unseen_validation\trade_date=2026-07-17\exchange=NSE\symbol=ADANIPORTS\part-042905_983188-006049.parquet,34703,skipped_existing,34703,
2026-07-17,NSE,ADANIPORTS,raw_l2/trade_date=2026-07-17/exchange=NSE/symbol=ADANIPORTS/part-042919_983428-006081.parquet,real_data_sample\l2_unseen_validation\trade_date=2026-07-17\exchange=NSE\symbol=ADANIPORTS\part-042919_983428-006081.parquet,34624,skipped_existing,34624,
2026-07-17,NSE,ADANIPORTS,raw_l2/trade_date=2026-07-17/exchange=NSE/symbol=ADANIPORTS/part-042933_984476-006113.parquet,real_data_sample\l2_unseen_validation\trade_date=2026-07-17\exchange=NSE\symbol=ADANIPORTS\part-042933_984476-006113.parquet,34738,skipped_existing,34738,
2026-07-17,NSE,ADANIPORTS,raw_l2/trade_date=2026-07-17/exchange=NSE/symbol=ADANIPORTS/part-042947_982936-006145.parquet,real_data_sample\l2_unseen_validation\trade_date=2026-07-17\exchange=NSE\symbol=ADANIPORTS\part-042947_982936-006145.parquet,34527,skipped_existing,34527,
2026-07-17,NSE,ADANIPORTS,raw_l2/trade_date=2026-07-17/exchange=NSE/symbol=ADANIPORTS/part-043001_984776-006177.parquet,real_data_sample\l2_unseen_validation\trade_date=2026-07-17\exchange=NSE\symbol=ADANIPORTS\part-043001_984776-006177.parquet,34782,skipped_existing,34782,
2026-07-17,NSE,ADANIPORTS,raw_l2/trade_date=2026-07-17/exchange=NSE/symbol=ADANIPORTS/part-043016_232392-006209.parquet,real_data_sample\l2_unseen_validation\trade_date=2026-07-17\exchange=NSE\symbol=ADANIPORTS\part-043016_232392-006209.parquet,34759,skipped_existing,34759,
2026-07-17,NSE,ADANIPORTS,raw_l2/trade_date=2026-07-17/exchange=NSE/symbol=ADANIPORTS/part-043030_231820-006241.parquet,real_data_sample\l2_unseen_validation\trade_date=2026-07-17\exchange=NSE\symbol=ADANIPORTS\part-043030_231820-006241.parquet,34814,skipped_existing,34814,
2026-07-17,NSE,ADANIPORTS,raw_l2/trade_date=2026-07-17/exchange=NSE/symbol=ADANIPORTS/part-043043_982317-006273.parquet,real_data_sample\l2_unseen_validation\trade_date=2026-07-17\exchange=NSE\symbol=ADANIPORTS\part-043043_982317-006273.parquet,34795,skipped_existing,34795,
2026-07-17,NSE,ADANIPORTS,raw_l2/trade_date=2026-07-17/exchange=NSE/symbol=ADANIPORTS/part-043057_731544-006305.parquet,real_data_sample\l2_unseen_validation\trade_date=2026-07-17\exchange=NSE\symbol=ADANIPORTS\part-043057_731544-006305.parquet,34577,skipped_existing,34577,
2026-07-17,NSE,ADANIPORTS,raw_l2/trade_date=2026-07-17/exchange=NSE/symbol=ADANIPORTS/part-043111_724419-006337.parquet,real_data_sample\l2_unseen_validation\trade_date=2026-07-17\exchange=NSE\symbol=ADANIPORTS\part-043111_724419-006337.parquet,34768,skipped_existing,34768,
2026-07-17,NSE,ADANIPORTS,raw_l2/trade_date=2026-07-17/exchange=NSE/symbol=ADANIPORTS/part-043125_970451-006369.parquet,real_data_sample\l2_unseen_validation\trade_date=2026-07-17\exchange=NSE\symbol=ADANIPORTS\part-043125_970451-006369.parquet,35498,skipped_existing,35498,
2026-07-17,NSE,ADANIPORTS,raw_l2/trade_date=2026-07-17/exchange=NSE/symbol=ADANIPORTS/part-043139_969071-006401.parquet,real_data_sample\l2_unseen_validation\trade_date=2026-07-17\exchange=NSE\symbol=ADANIPORTS\part-043139_969071-006401.parquet,35664,skipped_existing,35664,
2026-07-17,NSE,ADANIPORTS,raw_l2/trade_date=2026-07-17/exchange=NSE/symbol=ADANIPORTS/part-043153_971152-006433.parquet,real_data_sample\l2_unseen_validation\trade_date=2026-07-17\exchange=NSE\symbol=ADANIPORTS\part-043153_971152-006433.parquet,35101,skipped_existing,35101,
2026-07-17,NSE,ADANIPORTS,raw_l2/trade_date=2026-07-17/exchange=NSE/symbol=ADANIPORTS/part-043207_972387-006465.parquet,real_data_sample\l2_unseen_validation\trade_date=2026-07-17\exchange=NSE\symbol=ADANIPORTS\part-043207_972387-006465.parquet,35506,skipped_existing,35506,
2026-07-17,NSE,ADANIPORTS,raw_l2/trade_date=2026-07-17/exchange=NSE/symbol=ADANIPORTS/part-043222_219843-006497.parquet,real_data_sample\l2_unseen_validation\trade_date=2026-07-17\exchange=NSE\symbol=ADANIPORTS\part-043222_219843-006497.parquet,34836,skipped_existing,34836,
2026-07-17,NSE,ADANIPORTS,raw_l2/trade_date=2026-07-17/exchange=NSE/symbol=ADANIPORTS/part-043236_468397-006529.parquet,real_data_sample\l2_unseen_validation\trade_date=2026-07-17\exchange=NSE\symbol=ADANIPORTS\part-043236_468397-006529.parquet,34560,skipped_existing,34560,
2026-07-17,NSE,ADANIPORTS,raw_l2/trade_date=2026-07-17/exchange=NSE/symbol=ADANIPORTS/part-043250_470812-006561.parquet,real_data_sample\l2_unseen_validation\trade_date=2026-07-17\exchange=NSE\symbol=ADANIPORTS\part-043250_470812-006561.parquet,34589,skipped_existing,34589,
2026-07-17,NSE,ADANIPORTS,raw_l2/trade_date=2026-07-17/exchange=NSE/symbol=ADANIPORTS/part-043304_220928-006593.parquet,real_data_sample\l2_unseen_validation\trade_date=2026-07-17\exchange=NSE\symbol=ADANIPORTS\part-043304_220928-006593.parquet,34665,skipped_existing,34665,
2026-07-17,NSE,ADANIPORTS,raw_l2/trade_date=2026-07-17/exchange=NSE/symbol=ADANIPORTS/part-043318_226682-006625.parquet,real_data_sample\l2_unseen_validation\trade_date=2026-07-17\exchange=NSE\symbol=ADANIPORTS\part-043318_226682-006625.parquet,34663,skipped_existing,34663,
2026-07-17,NSE,ADANIPORTS,raw_l2/trade_date=2026-07-17/exchange=NSE/symbol=ADANIPORTS/part-043332_468449-006657.parquet,real_data_sample\l2_unseen_validation\trade_date=2026-07-17\exchange=NSE\symbol=ADANIPORTS\part-043332_468449-006657.parquet,34808,skipped_existing,34808,
2026-07-17,NSE,ADANIPORTS,raw_l2/trade_date=2026-07-17/exchange=NSE/symbol=ADANIPORTS/part-043346_469278-006689.parquet,real_data_sample\l2_unseen_validation\trade_date=2026-07-17\exchange=NSE\symbol=ADANIPORTS\part-043346_469278-006689.parquet,34712,skipped_existing,34712,
2026-07-17,NSE,ADANIPORTS,raw_l2/trade_date=2026-07-17/exchange=NSE/symbol=ADANIPORTS/part-043400_468288-006721.parquet,real_data_sample\l2_unseen_validation\trade_date=2026-07-17\exchange=NSE\symbol=ADANIPORTS\part-043400_468288-006721.parquet,34713,skipped_existing,34713,
2026-07-17,NSE,ADANIPORTS,raw_l2/trade_date=2026-07-17/exchange=NSE/symbol=ADANIPORTS/part-043414_470794-006753.parquet,real_data_sample\l2_unseen_validation\trade_date=2026-07-17\exchange=NSE\symbol=ADANIPORTS\part-043414_470794-006753.parquet,34757,skipped_existing,34757,
2026-07-17,NSE,ADANIPORTS,raw_l2/trade_date=2026-07-17/exchange=NSE/symbol=ADANIPORTS/part-043428_473589-006785.parquet,real_data_sample\l2_unseen_validation\trade_date=2026-07-17\exchange=NSE\symbol=ADANIPORTS\part-043428_473589-006785.parquet,34732,skipped_existing,34732,
2026-07-17,NSE,ADANIPORTS,raw_l2/trade_date=2026-07-17/exchange=NSE/symbol=ADANIPORTS/part-043442_473758-006817.parquet,real_data_sample\l2_unseen_validation\trade_date=2026-07-17\exchange=NSE\symbol=ADANIPORTS\part-043442_473758-006817.parquet,34814,skipped_existing,34814,
2026-07-17,NSE,ADANIPORTS,raw_l2/trade_date=2026-07-17/exchange=NSE/symbol=ADANIPORTS/part-043456_224886-006849.parquet,real_data_sample\l2_unseen_validation\trade_date=2026-07-17\exchange=NSE\symbol=ADANIPORTS\part-043456_224886-006849.parquet,34714,skipped_existing,34714,
2026-07-17,NSE,ADANIPORTS,raw_l2/trade_date=2026-07-17/exchange=NSE/symbol=ADANIPORTS/part-043509_977839-006881.parquet,real_data_sample\l2_unseen_validation\trade_date=2026-07-17\exchange=NSE\symbol=ADANIPORTS\part-043509_977839-006881.parquet,34707,skipped_existing,34707,
2026-07-17,NSE,ADANIPORTS,raw_l2/trade_date=2026-07-17/exchange=NSE/symbol=ADANIPORTS/part-043523_976947-006913.parquet,real_data_sample\l2_unseen_validation\trade_date=2026-07-17\exchange=NSE\symbol=ADANIPORTS\part-043523_976947-006913.parquet,34700,skipped_existing,34700,
2026-07-17,NSE,ADANIPORTS,raw_l2/trade_date=2026-07-17/exchange=NSE/symbol=ADANIPORTS/part-043537_724700-006945.parquet,real_data_sample\l2_unseen_validation\trade_date=2026-07-17\exchange=NSE\symbol=ADANIPORTS\part-043537_724700-006945.parquet,34657,skipped_existing,34657,
2026-07-17,NSE,ADANIPORTS,raw_l2/trade_date=2026-07-17/exchange=NSE/symbol=ADANIPORTS/part-043551_725475-006977.parquet,real_data_sample\l2_unseen_validation\trade_date=2026-07-17\exchange=NSE\symbol=ADANIPORTS\part-043551_725475-006977.parquet,34447,skipped_existing,34447,
2026-07-17,NSE,ADANIPORTS,raw_l2/trade_date=2026-07-17/exchange=NSE/symbol=ADANIPORTS/part-043605_725662-007009.parquet,real_data_sample\l2_unseen_validation\trade_date=2026-07-17\exchange=NSE\symbol=ADANIPORTS\part-043605_725662-007009.parquet,34747,skipped_existing,34747,
2026-07-17,NSE,ADANIPORTS,raw_l2/trade_date=2026-07-17/exchange=NSE/symbol=ADANIPORTS/part-043619_726475-007041.parquet,real_data_sample\l2_unseen_validation\trade_date=2026-07-17\exchange=NSE\symbol=ADANIPORTS\part-043619_726475-007041.parquet,34544,skipped_existing,34544,
2026-07-17,NSE,ADANIPORTS,raw_l2/trade_date=2026-07-17/exchange=NSE/symbol=ADANIPORTS/part-043633_474842-007073.parquet,real_data_sample\l2_unseen_validation\trade_date=2026-07-17\exchange=NSE\symbol=ADANIPORTS\part-043633_474842-007073.parquet,34733,skipped_existing,34733,
2026-07-17,NSE,ADANIPORTS,raw_l2/trade_date=2026-07-17/exchange=NSE/symbol=ADANIPORTS/part-043647_474041-007105.parquet,real_data_sample\l2_unseen_validation\trade_date=2026-07-17\exchange=NSE\symbol=ADANIPORTS\part-043647_474041-007105.parquet,34686,skipped_existing,34686,
2026-07-17,NSE,ADANIPORTS,raw_l2/trade_date=2026-07-17/exchange=NSE/symbol=ADANIPORTS/part-043701_738975-007137.parquet,real_data_sample\l2_unseen_validation\trade_date=2026-07-17\exchange=NSE\symbol=ADANIPORTS\part-043701_738975-007137.parquet,34721,skipped_existing,34721,
2026-07-17,NSE,ADANIPORTS,raw_l2/trade_date=2026-07-17/exchange=NSE/symbol=ADANIPORTS/part-043715_726754-007169.parquet,real_data_sample\l2_unseen_validation\trade_date=2026-07-17\exchange=NSE\symbol=ADANIPORTS\part-043715_726754-007169.parquet,34522,skipped_existing,34522,
2026-07-17,NSE,ADANIPORTS,raw_l2/trade_date=2026-07-17/exchange=NSE/symbol=ADANIPORTS/part-043729_476952-007201.parquet,real_data_sample\l2_unseen_validation\trade_date=2026-07-17\exchange=NSE\symbol=ADANIPORTS\part-043729_476952-007201.parquet,34711,skipped_existing,34711,
2026-07-17,NSE,ADANIPORTS,raw_l2/trade_date=2026-07-17/exchange=NSE/symbol=ADANIPORTS/part-043743_478093-007233.parquet,real_data_sample\l2_unseen_validation\trade_date=2026-07-17\exchange=NSE\symbol=ADANIPORTS\part-043743_478093-007233.parquet,34881,skipped_existing,34881,
2026-07-17,NSE,ADANIPORTS,raw_l2/trade_date=2026-07-17/exchange=NSE/symbol=ADANIPORTS/part-043757_226133-007265.parquet,real_data_sample\l2_unseen_validation\trade_date=2026-07-17\exchange=NSE\symbol=ADANIPORTS\part-043757_226133-007265.parquet,34714,skipped_existing,34714,
2026-07-17,NSE,ADANIPORTS,raw_l2/trade_date=2026-07-17/exchange=NSE/symbol=ADANIPORTS/part-043810_973824-007297.parquet,real_data_sample\l2_unseen_validation\trade_date=2026-07-17\exchange=NSE\symbol=ADANIPORTS\part-043810_973824-007297.parquet,34985,skipped_existing,34985,
2026-07-17,NSE,ADANIPORTS,raw_l2/trade_date=2026-07-17/exchange=NSE/symbol=ADANIPORTS/part-043825_727546-007329.parquet,real_data_sample\l2_unseen_validation\trade_date=2026-07-17\exchange=NSE\symbol=ADANIPORTS\part-043825_727546-007329.parquet,35517,skipped_existing,35517,
2026-07-17,NSE,ADANIPORTS,raw_l2/trade_date=2026-07-17/exchange=NSE/symbol=ADANIPORTS/part-043839_725317-007361.parquet,real_data_sample\l2_unseen_validation\trade_date=2026-07-17\exchange=NSE\symbol=ADANIPORTS\part-043839_725317-007361.parquet,35501,skipped_existing,35501,
2026-07-17,NSE,ADANIPORTS,raw_l2/trade_date=2026-07-17/exchange=NSE/symbol=ADANIPORTS/part-043853_724257-007393.parquet,real_data_sample\l2_unseen_validation\trade_date=2026-07-17\exchange=NSE\symbol=ADANIPORTS\part-043853_724257-007393.parquet,35844,skipped_existing,35844,
2026-07-17,NSE,ADANIPORTS,raw_l2/trade_date=2026-07-17/exchange=NSE/symbol=ADANIPORTS/part-043907_725135-007425.parquet,real_data_sample\l2_unseen_validation\trade_date=2026-07-17\exchange=NSE\symbol=ADANIPORTS\part-043907_725135-007425.parquet,36243,skipped_existing,36243,
2026-07-17,NSE,ADANIPORTS,raw_l2/trade_date=2026-07-17/exchange=NSE/symbol=ADANIPORTS/part-043921_474029-007457.parquet,real_data_sample\l2_unseen_validation\trade_date=2026-07-17\exchange=NSE\symbol=ADANIPORTS\part-043921_474029-007457.parquet,34723,skipped_existing,34723,
2026-07-17,NSE,ADANIPORTS,raw_l2/trade_date=2026-07-17/exchange=NSE/symbol=ADANIPORTS/part-043934_974929-007489.parquet,real_data_sample\l2_unseen_validation\trade_date=2026-07-17\exchange=NSE\symbol=ADANIPORTS\part-043934_974929-007489.parquet,34743,skipped_existing,34743,
2026-07-17,NSE,ADANIPORTS,raw_l2/trade_date=2026-07-17/exchange=NSE/symbol=ADANIPORTS/part-043948_727101-007521.parquet,real_data_sample\l2_unseen_validation\trade_date=2026-07-17\exchange=NSE\symbol=ADANIPORTS\part-043948_727101-007521.parquet,34740,skipped_existing,34740,
2026-07-17,NSE,ADANIPORTS,raw_l2/trade_date=2026-07-17/exchange=NSE/symbol=ADANIPORTS/part-044002_477130-007553.parquet,real_data_sample\l2_unseen_validation\trade_date=2026-07-17\exchange=NSE\symbol=ADANIPORTS\part-044002_477130-007553.parquet,34722,skipped_existing,34722,
2026-07-17,NSE,ADANIPORTS,raw_l2/trade_date=2026-07-17/exchange=NSE/symbol=ADANIPORTS/part-044016_224714-007585.parquet,real_data_sample\l2_unseen_validation\trade_date=2026-07-17\exchange=NSE\symbol=ADANIPORTS\part-044016_224714-007585.parquet,34759,skipped_existing,34759,
2026-07-17,NSE,ADANIPORTS,raw_l2/trade_date=2026-07-17/exchange=NSE/symbol=ADANIPORTS/part-044029_977051-007617.parquet,real_data_sample\l2_unseen_validation\trade_date=2026-07-17\exchange=NSE\symbol=ADANIPORTS\part-044029_977051-007617.parquet,34485,skipped_existing,34485,
2026-07-17,NSE,ADANIPORTS,raw_l2/trade_date=2026-07-17/exchange=NSE/symbol=ADANIPORTS/part-044043_724193-007649.parquet,real_data_sample\l2_unseen_validation\trade_date=2026-07-17\exchange=NSE\symbol=ADANIPORTS\part-044043_724193-007649.parquet,34835,skipped_existing,34835,
2026-07-17,NSE,ADANIPORTS,raw_l2/trade_date=2026-07-17/exchange=NSE/symbol=ADANIPORTS/part-044057_474606-007681.parquet,real_data_sample\l2_unseen_validation\trade_date=2026-07-17\exchange=NSE\symbol=ADANIPORTS\part-044057_474606-007681.parquet,34811,skipped_existing,34811,
2026-07-17,NSE,ADANIPORTS,raw_l2/trade_date=2026-07-17/exchange=NSE/symbol=ADANIPORTS/part-044111_225028-007713.parquet,real_data_sample\l2_unseen_validation\trade_date=2026-07-17\exchange=NSE\symbol=ADANIPORTS\part-044111_225028-007713.parquet,35257,skipped_existing,35257,
2026-07-17,NSE,ADANIPORTS,raw_l2/trade_date=2026-07-17/exchange=NSE/symbol=ADANIPORTS/part-044124_973540-007745.parquet,real_data_sample\l2_unseen_validation\trade_date=2026-07-17\exchange=NSE\symbol=ADANIPORTS\part-044124_973540-007745.parquet,35822,skipped_existing,35822,
2026-07-17,NSE,ADANIPORTS,raw_l2/trade_date=2026-07-17/exchange=NSE/symbol=ADANIPORTS/part-044138_724578-007777.parquet,real_data_sample\l2_unseen_validation\trade_date=2026-07-17\exchange=NSE\symbol=ADANIPORTS\part-044138_724578-007777.parquet,35448,skipped_existing,35448,
2026-07-17,NSE,ADANIPORTS,raw_l2/trade_date=2026-07-17/exchange=NSE/symbol=ADANIPORTS/part-044152_475391-007809.parquet,real_data_sample\l2_unseen_validation\trade_date=2026-07-17\exchange=NSE\symbol=ADANIPORTS\part-044152_475391-007809.parquet,35897,skipped_existing,35897,
2026-07-17,NSE,ADANIPORTS,raw_l2/trade_date=2026-07-17/exchange=NSE/symbol=ADANIPORTS/part-044206_223685-007841.parquet,real_data_sample\l2_unseen_validation\trade_date=2026-07-17\exchange=NSE\symbol=ADANIPORTS\part-044206_223685-007841.parquet,35637,skipped_existing,35637,
2026-07-17,NSE,ADANIPORTS,raw_l2/trade_date=2026-07-17/exchange=NSE/symbol=ADANIPORTS/part-044219_981052-007873.parquet,real_data_sample\l2_unseen_validation\trade_date=2026-07-17\exchange=NSE\symbol=ADANIPORTS\part-044219_981052-007873.parquet,35742,skipped_existing,35742,
2026-07-17,NSE,ADANIPORTS,raw_l2/trade_date=2026-07-17/exchange=NSE/symbol=ADANIPORTS/part-044233_978151-007905.parquet,real_data_sample\l2_unseen_validation\trade_date=2026-07-17\exchange=NSE\symbol=ADANIPORTS\part-044233_978151-007905.parquet,35673,skipped_existing,35673,
2026-07-17,NSE,ADANIPORTS,raw_l2/trade_date=2026-07-17/exchange=NSE/symbol=ADANIPORTS/part-044247_975376-007937.parquet,real_data_sample\l2_unseen_validation\trade_date=2026-07-17\exchange=NSE\symbol=ADANIPORTS\part-044247_975376-007937.parquet,35502,skipped_existing,35502,
2026-07-17,NSE,ADANIPORTS,raw_l2/trade_date=2026-07-17/exchange=NSE/symbol=ADANIPORTS/part-044301_724109-007969.parquet,real_data_sample\l2_unseen_validation\trade_date=2026-07-17\exchange=NSE\symbol=ADANIPORTS\part-044301_724109-007969.parquet,35418,skipped_existing,35418,
2026-07-17,NSE,ADANIPORTS,raw_l2/trade_date=2026-07-17/exchange=NSE/symbol=ADANIPORTS/part-044315_723556-008001.parquet,real_data_sample\l2_unseen_validation\trade_date=2026-07-17\exchange=NSE\symbol=ADANIPORTS\part-044315_723556-008001.parquet,35277,skipped_existing,35277,
2026-07-17,NSE,ADANIPORTS,raw_l2/trade_date=2026-07-17/exchange=NSE/symbol=ADANIPORTS/part-044329_476183-008033.parquet,real_data_sample\l2_unseen_validation\trade_date=2026-07-17\exchange=NSE\symbol=ADANIPORTS\part-044329_476183-008033.parquet,35725,skipped_existing,35725,
2026-07-17,NSE,ADANIPORTS,raw_l2/trade_date=2026-07-17/exchange=NSE/symbol=ADANIPORTS/part-044343_473000-008065.parquet,real_data_sample\l2_unseen_validation\trade_date=2026-07-17\exchange=NSE\symbol=ADANIPORTS\part-044343_473000-008065.parquet,35841,skipped_existing,35841,
2026-07-17,NSE,ADANIPORTS,raw_l2/trade_date=2026-07-17/exchange=NSE/symbol=ADANIPORTS/part-044357_218910-008097.parquet,real_data_sample\l2_unseen_validation\trade_date=2026-07-17\exchange=NSE\symbol=ADANIPORTS\part-044357_218910-008097.parquet,35958,skipped_existing,35958,
2026-07-17,NSE,ADANIPORTS,raw_l2/trade_date=2026-07-17/exchange=NSE/symbol=ADANIPORTS/part-044410_970719-008129.parquet,real_data_sample\l2_unseen_validation\trade_date=2026-07-17\exchange=NSE\symbol=ADANIPORTS\part-044410_970719-008129.parquet,36201,skipped_existing,36201,
2026-07-17,NSE,ADANIPORTS,raw_l2/trade_date=2026-07-17/exchange=NSE/symbol=ADANIPORTS/part-044424_720003-008161.parquet,real_data_sample\l2_unseen_validation\trade_date=2026-07-17\exchange=NSE\symbol=ADANIPORTS\part-044424_720003-008161.parquet,35374,skipped_existing,35374,
2026-07-17,NSE,ADANIPORTS,raw_l2/trade_date=2026-07-17/exchange=NSE/symbol=ADANIPORTS/part-044438_470685-008193.parquet,real_data_sample\l2_unseen_validation\trade_date=2026-07-17\exchange=NSE\symbol=ADANIPORTS\part-044438_470685-008193.parquet,35392,skipped_existing,35392,
2026-07-17,NSE,ADANIPORTS,raw_l2/trade_date=2026-07-17/exchange=NSE/symbol=ADANIPORTS/part-044452_468823-008225.parquet,real_data_sample\l2_unseen_validation\trade_date=2026-07-17\exchange=NSE\symbol=ADANIPORTS\part-044452_468823-008225.parquet,35439,skipped_existing,35439,
2026-07-17,NSE,ADANIPORTS,raw_l2/trade_date=2026-07-17/exchange=NSE/symbol=ADANIPORTS/part-044506_219065-008257.parquet,real_data_sample\l2_unseen_validation\trade_date=2026-07-17\exchange=NSE\symbol=ADANIPORTS\part-044506_219065-008257.parquet,35797,skipped_existing,35797,
2026-07-17,NSE,ADANIPORTS,raw_l2/trade_date=2026-07-17/exchange=NSE/symbol=ADANIPORTS/part-044519_968388-008289.parquet,real_data_sample\l2_unseen_validation\trade_date=2026-07-17\exchange=NSE\symbol=ADANIPORTS\part-044519_968388-008289.parquet,35690,skipped_existing,35690,
2026-07-17,NSE,ADANIPORTS,raw_l2/trade_date=2026-07-17/exchange=NSE/symbol=ADANIPORTS/part-044533_718961-008321.parquet,real_data_sample\l2_unseen_validation\trade_date=2026-07-17\exchange=NSE\symbol=ADANIPORTS\part-044533_718961-008321.parquet,35155,skipped_existing,35155,
2026-07-17,NSE,ADANIPORTS,raw_l2/trade_date=2026-07-17/exchange=NSE/symbol=ADANIPORTS/part-044547_469538-008353.parquet,real_data_sample\l2_unseen_validation\trade_date=2026-07-17\exchange=NSE\symbol=ADANIPORTS\part-044547_469538-008353.parquet,35441,skipped_existing,35441,
2026-07-17,NSE,ADANIPORTS,raw_l2/trade_date=2026-07-17/exchange=NSE/symbol=ADANIPORTS/part-044601_222316-008385.parquet,real_data_sample\l2_unseen_validation\trade_date=2026-07-17\exchange=NSE\symbol=ADANIPORTS\part-044601_222316-008385.parquet,35295,skipped_existing,35295,
2026-07-17,NSE,ADANIPORTS,raw_l2/trade_date=2026-07-17/exchange=NSE/symbol=ADANIPORTS/part-044615_238062-008417.parquet,real_data_sample\l2_unseen_validation\trade_date=2026-07-17\exchange=NSE\symbol=ADANIPORTS\part-044615_238062-008417.parquet,35140,skipped_existing,35140,
2026-07-17,NSE,ADANIPORTS,raw_l2/trade_date=2026-07-17/exchange=NSE/symbol=ADANIPORTS/part-044628_980749-008449.parquet,real_data_sample\l2_unseen_validation\trade_date=2026-07-17\exchange=NSE\symbol=ADANIPORTS\part-044628_980749-008449.parquet,34610,skipped_existing,34610,
2026-07-17,NSE,ADANIPORTS,raw_l2/trade_date=2026-07-17/exchange=NSE/symbol=ADANIPORTS/part-044642_731416-008481.parquet,real_data_sample\l2_unseen_validation\trade_date=2026-07-17\exchange=NSE\symbol=ADANIPORTS\part-044642_731416-008481.parquet,34681,skipped_existing,34681,
2026-07-17,NSE,ADANIPORTS,raw_l2/trade_date=2026-07-17/exchange=NSE/symbol=ADANIPORTS/part-044656_731282-008513.parquet,real_data_sample\l2_unseen_validation\trade_date=2026-07-17\exchange=NSE\symbol=ADANIPORTS\part-044656_731282-008513.parquet,34583,skipped_existing,34583,
2026-07-17,NSE,ADANIPORTS,raw_l2/trade_date=2026-07-17/exchange=NSE/symbol=ADANIPORTS/part-044710_481244-008545.parquet,real_data_sample\l2_unseen_validation\trade_date=2026-07-17\exchange=NSE\symbol=ADANIPORTS\part-044710_481244-008545.parquet,34773,skipped_existing,34773,
2026-07-17,NSE,ADANIPORTS,raw_l2/trade_date=2026-07-17/exchange=NSE/symbol=ADANIPORTS/part-044724_235144-008577.parquet,real_data_sample\l2_unseen_validation\trade_date=2026-07-17\exchange=NSE\symbol=ADANIPORTS\part-044724_235144-008577.parquet,34544,skipped_existing,34544,
2026-07-17,NSE,ADANIPORTS,raw_l2/trade_date=2026-07-17/exchange=NSE/symbol=ADANIPORTS/part-044737_981754-008609.parquet,real_data_sample\l2_unseen_validation\trade_date=2026-07-17\exchange=NSE\symbol=ADANIPORTS\part-044737_981754-008609.parquet,34784,skipped_existing,34784,
2026-07-17,NSE,ADANIPORTS,raw_l2/trade_date=2026-07-17/exchange=NSE/symbol=ADANIPORTS/part-044752_236947-008641.parquet,real_data_sample\l2_unseen_validation\trade_date=2026-07-17\exchange=NSE\symbol=ADANIPORTS\part-044752_236947-008641.parquet,34719,skipped_existing,34719,
2026-07-17,NSE,ADANIPORTS,raw_l2/trade_date=2026-07-17/exchange=NSE/symbol=ADANIPORTS/part-044805_981676-008673.parquet,real_data_sample\l2_unseen_validation\trade_date=2026-07-17\exchange=NSE\symbol=ADANIPORTS\part-044805_981676-008673.parquet,34733,skipped_existing,34733,
2026-07-17,NSE,ADANIPORTS,raw_l2/trade_date=2026-07-17/exchange=NSE/symbol=ADANIPORTS/part-044819_732168-008705.parquet,real_data_sample\l2_unseen_validation\trade_date=2026-07-17\exchange=NSE\symbol=ADANIPORTS\part-044819_732168-008705.parquet,34684,skipped_existing,34684,
2026-07-17,NSE,ADANIPORTS,raw_l2/trade_date=2026-07-17/exchange=NSE/symbol=ADANIPORTS/part-044833_731701-008737.parquet,real_data_sample\l2_unseen_validation\trade_date=2026-07-17\exchange=NSE\symbol=ADANIPORTS\part-044833_731701-008737.parquet,34676,skipped_existing,34676,
2026-07-17,NSE,ADANIPORTS,raw_l2/trade_date=2026-07-17/exchange=NSE/symbol=ADANIPORTS/part-044847_482460-008769.parquet,real_data_sample\l2_unseen_validation\trade_date=2026-07-17\exchange=NSE\symbol=ADANIPORTS\part-044847_482460-008769.parquet,34759,skipped_existing,34759,
2026-07-17,NSE,ADANIPORTS,raw_l2/trade_date=2026-07-17/exchange=NSE/symbol=ADANIPORTS/part-044901_235443-008801.parquet,real_data_sample\l2_unseen_validation\trade_date=2026-07-17\exchange=NSE\symbol=ADANIPORTS\part-044901_235443-008801.parquet,34720,skipped_existing,34720,
2026-07-17,NSE,ADANIPORTS,raw_l2/trade_date=2026-07-17/exchange=NSE/symbol=ADANIPORTS/part-044914_974880-008833.parquet,real_data_sample\l2_unseen_validation\trade_date=2026-07-17\exchange=NSE\symbol=ADANIPORTS\part-044914_974880-008833.parquet,34522,skipped_existing,34522,
2026-07-17,NSE,ADANIPORTS,raw_l2/trade_date=2026-07-17/exchange=NSE/symbol=ADANIPORTS/part-044928_726424-008865.parquet,real_data_sample\l2_unseen_validation\trade_date=2026-07-17\exchange=NSE\symbol=ADANIPORTS\part-044928_726424-008865.parquet,34803,skipped_existing,34803,
2026-07-17,NSE,ADANIPORTS,raw_l2/trade_date=2026-07-17/exchange=NSE/symbol=ADANIPORTS/part-044942_474141-008897.parquet,real_data_sample\l2_unseen_validation\trade_date=2026-07-17\exchange=NSE\symbol=ADANIPORTS\part-044942_474141-008897.parquet,34611,skipped_existing,34611,
2026-07-17,NSE,ADANIPORTS,raw_l2/trade_date=2026-07-17/exchange=NSE/symbol=ADANIPORTS/part-044956_223789-008929.parquet,real_data_sample\l2_unseen_validation\trade_date=2026-07-17\exchange=NSE\symbol=ADANIPORTS\part-044956_223789-008929.parquet,34730,skipped_existing,34730,
2026-07-17,NSE,ADANIPORTS,raw_l2/trade_date=2026-07-17/exchange=NSE/symbol=ADANIPORTS/part-045009_978273-008961.parquet,real_data_sample\l2_unseen_validation\trade_date=2026-07-17\exchange=NSE\symbol=ADANIPORTS\part-045009_978273-008961.parquet,34645,skipped_existing,34645,
2026-07-17,NSE,ADANIPORTS,raw_l2/trade_date=2026-07-17/exchange=NSE/symbol=ADANIPORTS/part-045023_722724-008993.parquet,real_data_sample\l2_unseen_validation\trade_date=2026-07-17\exchange=NSE\symbol=ADANIPORTS\part-045023_722724-008993.parquet,34686,skipped_existing,34686,
2026-07-17,NSE,ADANIPORTS,raw_l2/trade_date=2026-07-17/exchange=NSE/symbol=ADANIPORTS/part-045037_224042-009025.parquet,real_data_sample\l2_unseen_validation\trade_date=2026-07-17\exchange=NSE\symbol=ADANIPORTS\part-045037_224042-009025.parquet,34635,skipped_existing,34635,
2026-07-17,NSE,ADANIPORTS,raw_l2/trade_date=2026-07-17/exchange=NSE/symbol=ADANIPORTS/part-045050_973444-009057.parquet,real_data_sample\l2_unseen_validation\trade_date=2026-07-17\exchange=NSE\symbol=ADANIPORTS\part-045050_973444-009057.parquet,34445,skipped_existing,34445,
2026-07-17,NSE,ADANIPORTS,raw_l2/trade_date=2026-07-17/exchange=NSE/symbol=ADANIPORTS/part-045104_722813-009089.parquet,real_data_sample\l2_unseen_validation\trade_date=2026-07-17\exchange=NSE\symbol=ADANIPORTS\part-045104_722813-009089.parquet,34656,skipped_existing,34656,
2026-07-17,NSE,ADANIPORTS,raw_l2/trade_date=2026-07-17/exchange=NSE/symbol=ADANIPORTS/part-045118_732159-009121.parquet,real_data_sample\l2_unseen_validation\trade_date=2026-07-17\exchange=NSE\symbol=ADANIPORTS\part-045118_732159-009121.parquet,34772,skipped_existing,34772,
2026-07-17,NSE,ADANIPORTS,raw_l2/trade_date=2026-07-17/exchange=NSE/symbol=ADANIPORTS/part-045132_723649-009153.parquet,real_data_sample\l2_unseen_validation\trade_date=2026-07-17\exchange=NSE\symbol=ADANIPORTS\part-045132_723649-009153.parquet,34680,skipped_existing,34680,
2026-07-17,NSE,ADANIPORTS,raw_l2/trade_date=2026-07-17/exchange=NSE/symbol=ADANIPORTS/part-045146_723223-009185.parquet,real_data_sample\l2_unseen_validation\trade_date=2026-07-17\exchange=NSE\symbol=ADANIPORTS\part-045146_723223-009185.parquet,34660,skipped_existing,34660,
2026-07-17,NSE,ADANIPORTS,raw_l2/trade_date=2026-07-17/exchange=NSE/symbol=ADANIPORTS/part-045200_724529-009217.parquet,real_data_sample\l2_unseen_validation\trade_date=2026-07-17\exchange=NSE\symbol=ADANIPORTS\part-045200_724529-009217.parquet,34559,skipped_existing,34559,
2026-07-17,NSE,ADANIPORTS,raw_l2/trade_date=2026-07-17/exchange=NSE/symbol=ADANIPORTS/part-045214_727243-009249.parquet,real_data_sample\l2_unseen_validation\trade_date=2026-07-17\exchange=NSE\symbol=ADANIPORTS\part-045214_727243-009249.parquet,35345,skipped_existing,35345,
2026-07-17,NSE,ADANIPORTS,raw_l2/trade_date=2026-07-17/exchange=NSE/symbol=ADANIPORTS/part-045228_483968-009281.parquet,real_data_sample\l2_unseen_validation\trade_date=2026-07-17\exchange=NSE\symbol=ADANIPORTS\part-045228_483968-009281.parquet,35664,skipped_existing,35664,
2026-07-17,NSE,ADANIPORTS,raw_l2/trade_date=2026-07-17/exchange=NSE/symbol=ADANIPORTS/part-045242_231414-009313.parquet,real_data_sample\l2_unseen_validation\trade_date=2026-07-17\exchange=NSE\symbol=ADANIPORTS\part-045242_231414-009313.parquet,35255,skipped_existing,35255,
2026-07-17,NSE,ADANIPORTS,raw_l2/trade_date=2026-07-17/exchange=NSE/symbol=ADANIPORTS/part-045256_232769-009345.parquet,real_data_sample\l2_unseen_validation\trade_date=2026-07-17\exchange=NSE\symbol=ADANIPORTS\part-045256_232769-009345.parquet,35634,skipped_existing,35634,
2026-07-17,NSE,ADANIPORTS,raw_l2/trade_date=2026-07-17/exchange=NSE/symbol=ADANIPORTS/part-045310_231171-009377.parquet,real_data_sample\l2_unseen_validation\trade_date=2026-07-17\exchange=NSE\symbol=ADANIPORTS\part-045310_231171-009377.parquet,35576,skipped_existing,35576,
2026-07-17,NSE,ADANIPORTS,raw_l2/trade_date=2026-07-17/exchange=NSE/symbol=ADANIPORTS/part-045324_231150-009409.parquet,real_data_sample\l2_unseen_validation\trade_date=2026-07-17\exchange=NSE\symbol=ADANIPORTS\part-045324_231150-009409.parquet,34641,skipped_existing,34641,
2026-07-17,NSE,ADANIPORTS,raw_l2/trade_date=2026-07-17/exchange=NSE/symbol=ADANIPORTS/part-045337_981697-009441.parquet,real_data_sample\l2_unseen_validation\trade_date=2026-07-17\exchange=NSE\symbol=ADANIPORTS\part-045337_981697-009441.parquet,34623,skipped_existing,34623,
2026-07-17,NSE,ADANIPORTS,raw_l2/trade_date=2026-07-17/exchange=NSE/symbol=ADANIPORTS/part-045351_980316-009473.parquet,real_data_sample\l2_unseen_validation\trade_date=2026-07-17\exchange=NSE\symbol=ADANIPORTS\part-045351_980316-009473.parquet,34839,skipped_existing,34839,
2026-07-17,NSE,ADANIPORTS,raw_l2/trade_date=2026-07-17/exchange=NSE/symbol=ADANIPORTS/part-045405_983760-009505.parquet,real_data_sample\l2_unseen_validation\trade_date=2026-07-17\exchange=NSE\symbol=ADANIPORTS\part-045405_983760-009505.parquet,34752,skipped_existing,34752,
2026-07-17,NSE,ADANIPORTS,raw_l2/trade_date=2026-07-17/exchange=NSE/symbol=ADANIPORTS/part-045419_980129-009537.parquet,real_data_sample\l2_unseen_validation\trade_date=2026-07-17\exchange=NSE\symbol=ADANIPORTS\part-045419_980129-009537.parquet,34830,skipped_existing,34830,
2026-07-17,NSE,ADANIPORTS,raw_l2/trade_date=2026-07-17/exchange=NSE/symbol=ADANIPORTS/part-045433_980581-009569.parquet,real_data_sample\l2_unseen_validation\trade_date=2026-07-17\exchange=NSE\symbol=ADANIPORTS\part-045433_980581-009569.parquet,34596,skipped_existing,34596,
2026-07-17,NSE,ADANIPORTS,raw_l2/trade_date=2026-07-17/exchange=NSE/symbol=ADANIPORTS/part-045805_469475-010049.parquet,real_data_sample\l2_unseen_validation\trade_date=2026-07-17\exchange=NSE\symbol=ADANIPORTS\part-045805_469475-010049.parquet,34784,downloaded,34784,
2026-07-17,NSE,ADANIPORTS,raw_l2/trade_date=2026-07-17/exchange=NSE/symbol=ADANIPORTS/part-045751_468153-010017.parquet,real_data_sample\l2_unseen_validation\trade_date=2026-07-17\exchange=NSE\symbol=ADANIPORTS\part-045751_468153-010017.parquet,34876,downloaded,34876,
2026-07-17,NSE,ADANIPORTS,raw_l2/trade_date=2026-07-17/exchange=NSE/symbol=ADANIPORTS/part-050135_720076-010529.parquet,real_data_sample\l2_unseen_validation\trade_date=2026-07-17\exchange=NSE\symbol=ADANIPORTS\part-050135_720076-010529.parquet,34884,downloaded,34884,
2026-07-17,NSE,ADANIPORTS,raw_l2/trade_date=2026-07-17/exchange=NSE/symbol=ADANIPORTS/part-045501_986656-009633.parquet,real_data_sample\l2_unseen_validation\trade_date=2026-07-17\exchange=NSE\symbol=ADANIPORTS\part-045501_986656-009633.parquet,34455,downloaded,34455,
2026-07-17,NSE,ADANIPORTS,raw_l2/trade_date=2026-07-17/exchange=NSE/symbol=ADANIPORTS/part-045915_725714-010209.parquet,real_data_sample\l2_unseen_validation\trade_date=2026-07-17\exchange=NSE\symbol=ADANIPORTS\part-045915_725714-010209.parquet,35600,downloaded,35600,
2026-07-17,NSE,ADANIPORTS,raw_l2/trade_date=2026-07-17/exchange=NSE/symbol=ADANIPORTS/part-045708_719871-009921.parquet,real_data_sample\l2_unseen_validation\trade_date=2026-07-17\exchange=NSE\symbol=ADANIPORTS\part-045708_719871-009921.parquet,34725,downloaded,34725,
2026-07-17,NSE,ADANIPORTS,raw_l2/trade_date=2026-07-17/exchange=NSE/symbol=ADANIPORTS/part-050149_719707-010561.parquet,real_data_sample\l2_unseen_validation\trade_date=2026-07-17\exchange=NSE\symbol=ADANIPORTS\part-050149_719707-010561.parquet,34762,downloaded,34762,
2026-07-17,NSE,ADANIPORTS,raw_l2/trade_date=2026-07-17/exchange=NSE/symbol=ADANIPORTS/part-050012_469472-010337.parquet,real_data_sample\l2_unseen_validation\trade_date=2026-07-17\exchange=NSE\symbol=ADANIPORTS\part-050012_469472-010337.parquet,35584,downloaded,35584,
2026-07-17,NSE,ADANIPORTS,raw_l2/trade_date=2026-07-17/exchange=NSE/symbol=ADANIPORTS/part-045737_218269-009985.parquet,real_data_sample\l2_unseen_validation\trade_date=2026-07-17\exchange=NSE\symbol=ADANIPORTS\part-045737_218269-009985.parquet,34638,downloaded,34638,
2026-07-17,NSE,ADANIPORTS,raw_l2/trade_date=2026-07-17/exchange=NSE/symbol=ADANIPORTS/part-050039_976558-010401.parquet,real_data_sample\l2_unseen_validation\trade_date=2026-07-17\exchange=NSE\symbol=ADANIPORTS\part-050039_976558-010401.parquet,34672,downloaded,34672,
2026-07-17,NSE,ADANIPORTS,raw_l2/trade_date=2026-07-17/exchange=NSE/symbol=ADANIPORTS/part-045612_218703-009793.parquet,real_data_sample\l2_unseen_validation\trade_date=2026-07-17\exchange=NSE\symbol=ADANIPORTS\part-045612_218703-009793.parquet,34626,downloaded,34626,
2026-07-17,NSE,ADANIPORTS,raw_l2/trade_date=2026-07-17/exchange=NSE/symbol=ADANIPORTS/part-050053_971881-010433.parquet,real_data_sample\l2_unseen_validation\trade_date=2026-07-17\exchange=NSE\symbol=ADANIPORTS\part-050053_971881-010433.parquet,34897,downloaded,34897,
2026-07-17,NSE,ADANIPORTS,raw_l2/trade_date=2026-07-17/exchange=NSE/symbol=ADANIPORTS/part-045819_718779-010081.parquet,real_data_sample\l2_unseen_validation\trade_date=2026-07-17\exchange=NSE\symbol=ADANIPORTS\part-045819_718779-010081.parquet,35060,downloaded,35060,
2026-07-17,NSE,ADANIPORTS,raw_l2/trade_date=2026-07-17/exchange=NSE/symbol=ADANIPORTS/part-045654_969423-009889.parquet,real_data_sample\l2_unseen_validation\trade_date=2026-07-17\exchange=NSE\symbol=ADANIPORTS\part-045654_969423-009889.parquet,34438,downloaded,34438,
2026-07-17,NSE,ADANIPORTS,raw_l2/trade_date=2026-07-17/exchange=NSE/symbol=ADANIPORTS/part-050218_220955-010625.parquet,real_data_sample\l2_unseen_validation\trade_date=2026-07-17\exchange=NSE\symbol=ADANIPORTS\part-050218_220955-010625.parquet,35223,downloaded,35223,
2026-07-17,NSE,ADANIPORTS,raw_l2/trade_date=2026-07-17/exchange=NSE/symbol=ADANIPORTS/part-045943_969402-010273.parquet,real_data_sample\l2_unseen_validation\trade_date=2026-07-17\exchange=NSE\symbol=ADANIPORTS\part-045943_969402-010273.parquet,35414,downloaded,35414,
2026-07-17,NSE,ADANIPORTS,raw_l2/trade_date=2026-07-17/exchange=NSE/symbol=ADANIPORTS/part-045833_721141-010113.parquet,real_data_sample\l2_unseen_validation\trade_date=2026-07-17\exchange=NSE\symbol=ADANIPORTS\part-045833_721141-010113.parquet,35874,downloaded,35874,
2026-07-17,NSE,ADANIPORTS,raw_l2/trade_date=2026-07-17/exchange=NSE/symbol=ADANIPORTS/part-045558_219399-009761.parquet,real_data_sample\l2_unseen_validation\trade_date=2026-07-17\exchange=NSE\symbol=ADANIPORTS\part-045558_219399-009761.parquet,34665,downloaded,34665,
2026-07-17,NSE,ADANIPORTS,raw_l2/trade_date=2026-07-17/exchange=NSE/symbol=ADANIPORTS/part-050232_224578-010657.parquet,real_data_sample\l2_unseen_validation\trade_date=2026-07-17\exchange=NSE\symbol=ADANIPORTS\part-050232_224578-010657.parquet,35655,downloaded,35655,
2026-07-17,NSE,ADANIPORTS,raw_l2/trade_date=2026-07-17/exchange=NSE/symbol=ADANIPORTS/part-050315_290499-010753.parquet,real_data_sample\l2_unseen_validation\trade_date=2026-07-17\exchange=NSE\symbol=ADANIPORTS\part-050315_290499-010753.parquet,35862,downloaded,35862,
2026-07-17,NSE,ADANIPORTS,raw_l2/trade_date=2026-07-17/exchange=NSE/symbol=ADANIPORTS/part-050300_969583-010721.parquet,real_data_sample\l2_unseen_validation\trade_date=2026-07-17\exchange=NSE\symbol=ADANIPORTS\part-050300_969583-010721.parquet,35817,downloaded,35817,
2026-07-17,NSE,ADANIPORTS,raw_l2/trade_date=2026-07-17/exchange=NSE/symbol=ADANIPORTS/part-050329_471458-010785.parquet,real_data_sample\l2_unseen_validation\trade_date=2026-07-17\exchange=NSE\symbol=ADANIPORTS\part-050329_471458-010785.parquet,36038,downloaded,36038,
2026-07-17,NSE,ADANIPORTS,raw_l2/trade_date=2026-07-17/exchange=NSE/symbol=ADANIPORTS/part-050343_474465-010817.parquet,real_data_sample\l2_unseen_validation\trade_date=2026-07-17\exchange=NSE\symbol=ADANIPORTS\part-050343_474465-010817.parquet,35578,downloaded,35578,
2026-07-17,NSE,ADANIPORTS,raw_l2/trade_date=2026-07-17/exchange=NSE/symbol=ADANIPORTS/part-050246_972108-010689.parquet,real_data_sample\l2_unseen_validation\trade_date=2026-07-17\exchange=NSE\symbol=ADANIPORTS\part-050246_972108-010689.parquet,35597,downloaded,35597,
2026-07-17,NSE,ADANIPORTS,raw_l2/trade_date=2026-07-17/exchange=NSE/symbol=ADANIPORTS/part-045847_969429-010145.parquet,real_data_sample\l2_unseen_validation\trade_date=2026-07-17\exchange=NSE\symbol=ADANIPORTS\part-045847_969429-010145.parquet,35714,downloaded,35714,
2026-07-17,NSE,ADANIPORTS,raw_l2/trade_date=2026-07-17/exchange=NSE/symbol=ADANIPORTS/part-050535_719186-011073.parquet,real_data_sample\l2_unseen_validation\trade_date=2026-07-17\exchange=NSE\symbol=ADANIPORTS\part-050535_719186-011073.parquet,35508,downloaded,35508,
2026-07-17,NSE,ADANIPORTS,raw_l2/trade_date=2026-07-17/exchange=NSE/symbol=ADANIPORTS/part-050411_720589-010881.parquet,real_data_sample\l2_unseen_validation\trade_date=2026-07-17\exchange=NSE\symbol=ADANIPORTS\part-050411_720589-010881.parquet,35346,downloaded,35346,
2026-07-17,NSE,ADANIPORTS,raw_l2/trade_date=2026-07-17/exchange=NSE/symbol=ADANIPORTS/part-050521_718741-011041.parquet,real_data_sample\l2_unseen_validation\trade_date=2026-07-17\exchange=NSE\symbol=ADANIPORTS\part-050521_718741-011041.parquet,35703,downloaded,35703,
2026-07-17,NSE,ADANIPORTS,raw_l2/trade_date=2026-07-17/exchange=NSE/symbol=ADANIPORTS/part-050453_720976-010977.parquet,real_data_sample\l2_unseen_validation\trade_date=2026-07-17\exchange=NSE\symbol=ADANIPORTS\part-050453_720976-010977.parquet,35040,downloaded,35040,
2026-07-17,NSE,ADANIPORTS,raw_l2/trade_date=2026-07-17/exchange=NSE/symbol=ADANIPORTS/part-050632_474253-011201.parquet,real_data_sample\l2_unseen_validation\trade_date=2026-07-17\exchange=NSE\symbol=ADANIPORTS\part-050632_474253-011201.parquet,34863,downloaded,34863,
2026-07-17,NSE,ADANIPORTS,raw_l2/trade_date=2026-07-17/exchange=NSE/symbol=ADANIPORTS/part-050425_971013-010913.parquet,real_data_sample\l2_unseen_validation\trade_date=2026-07-17\exchange=NSE\symbol=ADANIPORTS\part-050425_971013-010913.parquet,34795,downloaded,34795,
2026-07-17,NSE,ADANIPORTS,raw_l2/trade_date=2026-07-17/exchange=NSE/symbol=ADANIPORTS/part-050603_469623-011137.parquet,real_data_sample\l2_unseen_validation\trade_date=2026-07-17\exchange=NSE\symbol=ADANIPORTS\part-050603_469623-011137.parquet,35574,downloaded,35574,
2026-07-17,NSE,ADANIPORTS,raw_l2/trade_date=2026-07-17/exchange=NSE/symbol=ADANIPORTS/part-050617_718373-011169.parquet,real_data_sample\l2_unseen_validation\trade_date=2026-07-17\exchange=NSE\symbol=ADANIPORTS\part-050617_718373-011169.parquet,35195,downloaded,35195,
2026-07-17,NSE,ADANIPORTS,raw_l2/trade_date=2026-07-17/exchange=NSE/symbol=ADANIPORTS/part-050439_969329-010945.parquet,real_data_sample\l2_unseen_validation\trade_date=2026-07-17\exchange=NSE\symbol=ADANIPORTS\part-050439_969329-010945.parquet,34755,downloaded,34755,
2026-07-17,NSE,ADANIPORTS,raw_l2/trade_date=2026-07-17/exchange=NSE/symbol=ADANIPORTS/part-050647_098363-011233.parquet,real_data_sample\l2_unseen_validation\trade_date=2026-07-17\exchange=NSE\symbol=ADANIPORTS\part-050647_098363-011233.parquet,34800,downloaded,34800,
2026-07-17,NSE,ADANIPORTS,raw_l2/trade_date=2026-07-17/exchange=NSE/symbol=ADANIPORTS/part-050549_719090-011105.parquet,real_data_sample\l2_unseen_validation\trade_date=2026-07-17\exchange=NSE\symbol=ADANIPORTS\part-050549_719090-011105.parquet,35433,downloaded,35433,
2026-07-17,NSE,ADANIPORTS,raw_l2/trade_date=2026-07-17/exchange=NSE/symbol=ADANIPORTS/part-050729_469766-011329.parquet,real_data_sample\l2_unseen_validation\trade_date=2026-07-17\exchange=NSE\symbol=ADANIPORTS\part-050729_469766-011329.parquet,34804,downloaded,34804,
2026-07-17,NSE,ADANIPORTS,raw_l2/trade_date=2026-07-17/exchange=NSE/symbol=ADANIPORTS/part-050507_720146-011009.parquet,real_data_sample\l2_unseen_validation\trade_date=2026-07-17\exchange=NSE\symbol=ADANIPORTS\part-050507_720146-011009.parquet,34550,downloaded,34550,
2026-07-17,NSE,ADANIPORTS,raw_l2/trade_date=2026-07-17/exchange=NSE/symbol=ADANIPORTS/part-050715_220803-011297.parquet,real_data_sample\l2_unseen_validation\trade_date=2026-07-17\exchange=NSE\symbol=ADANIPORTS\part-050715_220803-011297.parquet,34946,downloaded,34946,
2026-07-17,NSE,ADANIPORTS,raw_l2/trade_date=2026-07-17/exchange=NSE/symbol=ADANIPORTS/part-050701_223198-011265.parquet,real_data_sample\l2_unseen_validation\trade_date=2026-07-17\exchange=NSE\symbol=ADANIPORTS\part-050701_223198-011265.parquet,34788,downloaded,34788,
2026-07-17,NSE,ADANIPORTS,raw_l2/trade_date=2026-07-17/exchange=NSE/symbol=ADANIPORTS/part-050357_470210-010849.parquet,real_data_sample\l2_unseen_validation\trade_date=2026-07-17\exchange=NSE\symbol=ADANIPORTS\part-050357_470210-010849.parquet,35241,downloaded,35241,
2026-07-17,NSE,ADANIPORTS,raw_l2/trade_date=2026-07-17/exchange=NSE/symbol=ADANIPORTS/part-050743_220320-011361.parquet,real_data_sample\l2_unseen_validation\trade_date=2026-07-17\exchange=NSE\symbol=ADANIPORTS\part-050743_220320-011361.parquet,34637,downloaded,34637,
2026-07-17,NSE,ADANIPORTS,raw_l2/trade_date=2026-07-17/exchange=NSE/symbol=ADANIPORTS/part-045929_719690-010241.parquet,real_data_sample\l2_unseen_validation\trade_date=2026-07-17\exchange=NSE\symbol=ADANIPORTS\part-045929_719690-010241.parquet,35783,downloaded,35783,
2026-07-17,NSE,ADANIPORTS,raw_l2/trade_date=2026-07-17/exchange=NSE/symbol=ADANIPORTS/part-045901_969120-010177.parquet,real_data_sample\l2_unseen_validation\trade_date=2026-07-17\exchange=NSE\symbol=ADANIPORTS\part-045901_969120-010177.parquet,36305,downloaded,36305,
2026-07-17,NSE,ADANIPORTS,raw_l2/trade_date=2026-07-17/exchange=NSE/symbol=ADANIPORTS/part-051015_473512-011713.parquet,real_data_sample\l2_unseen_validation\trade_date=2026-07-17\exchange=NSE\symbol=ADANIPORTS\part-051015_473512-011713.parquet,34666,downloaded,34666,
2026-07-17,NSE,ADANIPORTS,raw_l2/trade_date=2026-07-17/exchange=NSE/symbol=ADANIPORTS/part-050756_968773-011393.parquet,real_data_sample\l2_unseen_validation\trade_date=2026-07-17\exchange=NSE\symbol=ADANIPORTS\part-050756_968773-011393.parquet,34664,downloaded,34664,
2026-07-17,NSE,ADANIPORTS,raw_l2/trade_date=2026-07-17/exchange=NSE/symbol=ADANIPORTS/part-051056_726035-011809.parquet,real_data_sample\l2_unseen_validation\trade_date=2026-07-17\exchange=NSE\symbol=ADANIPORTS\part-051056_726035-011809.parquet,34633,downloaded,34633,
2026-07-17,NSE,ADANIPORTS,raw_l2/trade_date=2026-07-17/exchange=NSE/symbol=ADANIPORTS/part-050906_219250-011553.parquet,real_data_sample\l2_unseen_validation\trade_date=2026-07-17\exchange=NSE\symbol=ADANIPORTS\part-050906_219250-011553.parquet,34748,downloaded,34748,
2026-07-17,NSE,ADANIPORTS,raw_l2/trade_date=2026-07-17/exchange=NSE/symbol=ADANIPORTS/part-050810_969670-011425.parquet,real_data_sample\l2_unseen_validation\trade_date=2026-07-17\exchange=NSE\symbol=ADANIPORTS\part-050810_969670-011425.parquet,34785,downloaded,34785,
2026-07-17,NSE,ADANIPORTS,raw_l2/trade_date=2026-07-17/exchange=NSE/symbol=ADANIPORTS/part-051001_471147-011681.parquet,real_data_sample\l2_unseen_validation\trade_date=2026-07-17\exchange=NSE\symbol=ADANIPORTS\part-051001_471147-011681.parquet,34484,downloaded,34484,
2026-07-17,NSE,ADANIPORTS,raw_l2/trade_date=2026-07-17/exchange=NSE/symbol=ADANIPORTS/part-050919_968497-011585.parquet,real_data_sample\l2_unseen_validation\trade_date=2026-07-17\exchange=NSE\symbol=ADANIPORTS\part-050919_968497-011585.parquet,34421,downloaded,34421,
2026-07-17,NSE,ADANIPORTS,raw_l2/trade_date=2026-07-17/exchange=NSE/symbol=ADANIPORTS/part-051152_748194-011937.parquet,real_data_sample\l2_unseen_validation\trade_date=2026-07-17\exchange=NSE\symbol=ADANIPORTS\part-051152_748194-011937.parquet,34551,downloaded,34551,
2026-07-17,NSE,ADANIPORTS,raw_l2/trade_date=2026-07-17/exchange=NSE/symbol=ADANIPORTS/part-050933_967387-011617.parquet,real_data_sample\l2_unseen_validation\trade_date=2026-07-17\exchange=NSE\symbol=ADANIPORTS\part-050933_967387-011617.parquet,34603,downloaded,34603,
2026-07-17,NSE,ADANIPORTS,raw_l2/trade_date=2026-07-17/exchange=NSE/symbol=ADANIPORTS/part-051138_727101-011905.parquet,real_data_sample\l2_unseen_validation\trade_date=2026-07-17\exchange=NSE\symbol=ADANIPORTS\part-051138_727101-011905.parquet,34656,downloaded,34656,
2026-07-17,NSE,ADANIPORTS,raw_l2/trade_date=2026-07-17/exchange=NSE/symbol=ADANIPORTS/part-050947_721725-011649.parquet,real_data_sample\l2_unseen_validation\trade_date=2026-07-17\exchange=NSE\symbol=ADANIPORTS\part-050947_721725-011649.parquet,34468,downloaded,34468,
2026-07-17,NSE,ADANIPORTS,raw_l2/trade_date=2026-07-17/exchange=NSE/symbol=ADANIPORTS/part-050824_726907-011457.parquet,real_data_sample\l2_unseen_validation\trade_date=2026-07-17\exchange=NSE\symbol=ADANIPORTS\part-050824_726907-011457.parquet,34689,downloaded,34689,
2026-07-17,NSE,ADANIPORTS,raw_l2/trade_date=2026-07-17/exchange=NSE/symbol=ADANIPORTS/part-051110_724908-011841.parquet,real_data_sample\l2_unseen_validation\trade_date=2026-07-17\exchange=NSE\symbol=ADANIPORTS\part-051110_724908-011841.parquet,34796,downloaded,34796,
2026-07-17,NSE,ADANIPORTS,raw_l2/trade_date=2026-07-17/exchange=NSE/symbol=ADANIPORTS/part-050838_474426-011489.parquet,real_data_sample\l2_unseen_validation\trade_date=2026-07-17\exchange=NSE\symbol=ADANIPORTS\part-050838_474426-011489.parquet,34715,downloaded,34715,
2026-07-17,NSE,ADANIPORTS,raw_l2/trade_date=2026-07-17/exchange=NSE/symbol=ADANIPORTS/part-051029_223943-011745.parquet,real_data_sample\l2_unseen_validation\trade_date=2026-07-17\exchange=NSE\symbol=ADANIPORTS\part-051029_223943-011745.parquet,34433,downloaded,34433,
2026-07-17,NSE,ADANIPORTS,raw_l2/trade_date=2026-07-17/exchange=NSE/symbol=ADANIPORTS/part-050852_218387-011521.parquet,real_data_sample\l2_unseen_validation\trade_date=2026-07-17\exchange=NSE\symbol=ADANIPORTS\part-050852_218387-011521.parquet,34480,downloaded,34480,
2026-07-17,NSE,ADANIPORTS,raw_l2/trade_date=2026-07-17/exchange=NSE/symbol=ADANIPORTS/part-051124_475185-011873.parquet,real_data_sample\l2_unseen_validation\trade_date=2026-07-17\exchange=NSE\symbol=ADANIPORTS\part-051124_475185-011873.parquet,34876,downloaded,34876,
2026-07-17,NSE,ADANIPORTS,raw_l2/trade_date=2026-07-17/exchange=NSE/symbol=ADANIPORTS/part-051043_000812-011777.parquet,real_data_sample\l2_unseen_validation\trade_date=2026-07-17\exchange=NSE\symbol=ADANIPORTS\part-051043_000812-011777.parquet,34802,downloaded,34802,
2026-07-17,NSE,ADANIPORTS,raw_l2/trade_date=2026-07-17/exchange=NSE/symbol=ADANIPORTS/part-051220_727243-012001.parquet,real_data_sample\l2_unseen_validation\trade_date=2026-07-17\exchange=NSE\symbol=ADANIPORTS\part-051220_727243-012001.parquet,34789,downloaded,34789,
2026-07-17,NSE,ADANIPORTS,raw_l2/trade_date=2026-07-17/exchange=NSE/symbol=ADANIPORTS/part-051400_969351-012225.parquet,real_data_sample\l2_unseen_validation\trade_date=2026-07-17\exchange=NSE\symbol=ADANIPORTS\part-051400_969351-012225.parquet,36631,downloaded,36631,
2026-07-17,NSE,ADANIPORTS,raw_l2/trade_date=2026-07-17/exchange=NSE/symbol=ADANIPORTS/part-050204_223038-010593.parquet,real_data_sample\l2_unseen_validation\trade_date=2026-07-17\exchange=NSE\symbol=ADANIPORTS\part-050204_223038-010593.parquet,34924,downloaded,34924,
2026-07-17,NSE,ADANIPORTS,raw_l2/trade_date=2026-07-17/exchange=NSE/symbol=ADANIPORTS/part-051330_968643-012161.parquet,real_data_sample\l2_unseen_validation\trade_date=2026-07-17\exchange=NSE\symbol=ADANIPORTS\part-051330_968643-012161.parquet,35373,downloaded,35373,
2026-07-17,NSE,ADANIPORTS,raw_l2/trade_date=2026-07-17/exchange=NSE/symbol=ADANIPORTS/part-051302_473467-012097.parquet,real_data_sample\l2_unseen_validation\trade_date=2026-07-17\exchange=NSE\symbol=ADANIPORTS\part-051302_473467-012097.parquet,34587,downloaded,34587,
2026-07-17,NSE,ADANIPORTS,raw_l2/trade_date=2026-07-17/exchange=NSE/symbol=ADANIPORTS/part-051622_975711-012545.parquet,real_data_sample\l2_unseen_validation\trade_date=2026-07-17\exchange=NSE\symbol=ADANIPORTS\part-051622_975711-012545.parquet,34771,downloaded,34771,
2026-07-17,NSE,ADANIPORTS,raw_l2/trade_date=2026-07-17/exchange=NSE/symbol=ADANIPORTS/part-045640_469380-009857.parquet,real_data_sample\l2_unseen_validation\trade_date=2026-07-17\exchange=NSE\symbol=ADANIPORTS\part-045640_469380-009857.parquet,34624,downloaded,34624,
2026-07-17,NSE,ADANIPORTS,raw_l2/trade_date=2026-07-17/exchange=NSE/symbol=ADANIPORTS/part-051415_468457-012257.parquet,real_data_sample\l2_unseen_validation\trade_date=2026-07-17\exchange=NSE\symbol=ADANIPORTS\part-051415_468457-012257.parquet,35584,downloaded,35584,
2026-07-17,NSE,ADANIPORTS,raw_l2/trade_date=2026-07-17/exchange=NSE/symbol=ADANIPORTS/part-050121_967773-010497.parquet,real_data_sample\l2_unseen_validation\trade_date=2026-07-17\exchange=NSE\symbol=ADANIPORTS\part-050121_967773-010497.parquet,34871,downloaded,34871,
2026-07-17,NSE,ADANIPORTS,raw_l2/trade_date=2026-07-17/exchange=NSE/symbol=ADANIPORTS/part-051636_982667-012577.parquet,real_data_sample\l2_unseen_validation\trade_date=2026-07-17\exchange=NSE\symbol=ADANIPORTS\part-051636_982667-012577.parquet,34798,downloaded,34798,
2026-07-17,NSE,ADANIPORTS,raw_l2/trade_date=2026-07-17/exchange=NSE/symbol=ADANIPORTS/part-045723_222997-009953.parquet,real_data_sample\l2_unseen_validation\trade_date=2026-07-17\exchange=NSE\symbol=ADANIPORTS\part-045723_222997-009953.parquet,34706,downloaded,34706,
2026-07-17,NSE,ADANIPORTS,raw_l2/trade_date=2026-07-17/exchange=NSE/symbol=ADANIPORTS/part-051525_971846-012417.parquet,real_data_sample\l2_unseen_validation\trade_date=2026-07-17\exchange=NSE\symbol=ADANIPORTS\part-051525_971846-012417.parquet,34698,downloaded,34698,
2026-07-17,NSE,ADANIPORTS,raw_l2/trade_date=2026-07-17/exchange=NSE/symbol=ADANIPORTS/part-051444_473527-012321.parquet,real_data_sample\l2_unseen_validation\trade_date=2026-07-17\exchange=NSE\symbol=ADANIPORTS\part-051444_473527-012321.parquet,35502,downloaded,35502,
2026-07-17,NSE,ADANIPORTS,raw_l2/trade_date=2026-07-17/exchange=NSE/symbol=ADANIPORTS/part-051608_477133-012513.parquet,real_data_sample\l2_unseen_validation\trade_date=2026-07-17\exchange=NSE\symbol=ADANIPORTS\part-051608_477133-012513.parquet,34816,downloaded,34816,
2026-07-17,NSE,ADANIPORTS,raw_l2/trade_date=2026-07-17/exchange=NSE/symbol=ADANIPORTS/part-051539_720416-012449.parquet,real_data_sample\l2_unseen_validation\trade_date=2026-07-17\exchange=NSE\symbol=ADANIPORTS\part-051539_720416-012449.parquet,34711,downloaded,34711,
2026-07-17,NSE,ADANIPORTS,raw_l2/trade_date=2026-07-17/exchange=NSE/symbol=ADANIPORTS/part-051512_218961-012385.parquet,real_data_sample\l2_unseen_validation\trade_date=2026-07-17\exchange=NSE\symbol=ADANIPORTS\part-051512_218961-012385.parquet,35817,downloaded,35817,
2026-07-17,NSE,ADANIPORTS,raw_l2/trade_date=2026-07-17/exchange=NSE/symbol=ADANIPORTS/part-051553_978951-012481.parquet,real_data_sample\l2_unseen_validation\trade_date=2026-07-17\exchange=NSE\symbol=ADANIPORTS\part-051553_978951-012481.parquet,34878,downloaded,34878,
2026-07-17,NSE,ADANIPORTS,raw_l2/trade_date=2026-07-17/exchange=NSE/symbol=ADANIPORTS/part-051345_719195-012193.parquet,real_data_sample\l2_unseen_validation\trade_date=2026-07-17\exchange=NSE\symbol=ADANIPORTS\part-051345_719195-012193.parquet,35469,downloaded,35469,
2026-07-17,NSE,ADANIPORTS,raw_l2/trade_date=2026-07-17/exchange=NSE/symbol=ADANIPORTS/part-051430_719676-012289.parquet,real_data_sample\l2_unseen_validation\trade_date=2026-07-17\exchange=NSE\symbol=ADANIPORTS\part-051430_719676-012289.parquet,35903,downloaded,35903,
2026-07-17,NSE,ADANIPORTS,raw_l2/trade_date=2026-07-17/exchange=NSE/symbol=ADANIPORTS/part-051316_250995-012129.parquet,real_data_sample\l2_unseen_validation\trade_date=2026-07-17\exchange=NSE\symbol=ADANIPORTS\part-051316_250995-012129.parquet,35314,downloaded,35314,
2026-07-17,NSE,ADANIPORTS,raw_l2/trade_date=2026-07-17/exchange=NSE/symbol=ADANIPORTS/part-051458_469895-012353.parquet,real_data_sample\l2_unseen_validation\trade_date=2026-07-17\exchange=NSE\symbol=ADANIPORTS\part-051458_469895-012353.parquet,35689,downloaded,35689,
2026-07-17,NSE,ADANIPORTS,raw_l2/trade_date=2026-07-17/exchange=NSE/symbol=ADANIPORTS/part-051234_476196-012033.parquet,real_data_sample\l2_unseen_validation\trade_date=2026-07-17\exchange=NSE\symbol=ADANIPORTS\part-051234_476196-012033.parquet,34757,downloaded,34757,
2026-07-17,NSE,ADANIPORTS,raw_l2/trade_date=2026-07-17/exchange=NSE/symbol=ADANIPORTS/part-051248_473392-012065.parquet,real_data_sample\l2_unseen_validation\trade_date=2026-07-17\exchange=NSE\symbol=ADANIPORTS\part-051248_473392-012065.parquet,34774,downloaded,34774,
2026-07-17,NSE,ADANIPORTS,raw_l2/trade_date=2026-07-17/exchange=NSE/symbol=ADANIPORTS/part-045516_234327-009665.parquet,real_data_sample\l2_unseen_validation\trade_date=2026-07-17\exchange=NSE\symbol=ADANIPORTS\part-045516_234327-009665.parquet,34787,downloaded,34787,
2026-07-17,NSE,ADANIPORTS,raw_l2/trade_date=2026-07-17/exchange=NSE/symbol=ADANIPORTS/part-051651_480156-012609.parquet,real_data_sample\l2_unseen_validation\trade_date=2026-07-17\exchange=NSE\symbol=ADANIPORTS\part-051651_480156-012609.parquet,34800,downloaded,34800,
2026-07-17,NSE,ADANIPORTS,raw_l2/trade_date=2026-07-17/exchange=NSE/symbol=ADANIPORTS/part-045957_972105-010305.parquet,real_data_sample\l2_unseen_validation\trade_date=2026-07-17\exchange=NSE\symbol=ADANIPORTS\part-045957_972105-010305.parquet,35948,downloaded,35948,
2026-07-17,NSE,ADANIPORTS,raw_l2/trade_date=2026-07-17/exchange=NSE/symbol=ADANIPORTS/part-051206_723938-011969.parquet,real_data_sample\l2_unseen_validation\trade_date=2026-07-17\exchange=NSE\symbol=ADANIPORTS\part-051206_723938-011969.parquet,34619,downloaded,34619,
2026-07-17,NSE,ADANIPORTS,raw_l2/trade_date=2026-07-17/exchange=NSE/symbol=ADANIPORTS/part-051941_971145-012993.parquet,real_data_sample\l2_unseen_validation\trade_date=2026-07-17\exchange=NSE\symbol=ADANIPORTS\part-051941_971145-012993.parquet,34893,downloaded,34893,
2026-07-17,NSE,ADANIPORTS,raw_l2/trade_date=2026-07-17/exchange=NSE/symbol=ADANIPORTS/part-052009_719795-013057.parquet,real_data_sample\l2_unseen_validation\trade_date=2026-07-17\exchange=NSE\symbol=ADANIPORTS\part-052009_719795-013057.parquet,34708,downloaded,34708,
2026-07-17,NSE,ADANIPORTS,raw_l2/trade_date=2026-07-17/exchange=NSE/symbol=ADANIPORTS/part-051705_476826-012641.parquet,real_data_sample\l2_unseen_validation\trade_date=2026-07-17\exchange=NSE\symbol=ADANIPORTS\part-051705_476826-012641.parquet,34902,downloaded,34902,
2026-07-17,NSE,ADANIPORTS,raw_l2/trade_date=2026-07-17/exchange=NSE/symbol=ADANIPORTS/part-051733_475045-012705.parquet,real_data_sample\l2_unseen_validation\trade_date=2026-07-17\exchange=NSE\symbol=ADANIPORTS\part-051733_475045-012705.parquet,34827,downloaded,34827,
2026-07-17,NSE,ADANIPORTS,raw_l2/trade_date=2026-07-17/exchange=NSE/symbol=ADANIPORTS/part-051830_975134-012833.parquet,real_data_sample\l2_unseen_validation\trade_date=2026-07-17\exchange=NSE\symbol=ADANIPORTS\part-051830_975134-012833.parquet,34677,downloaded,34677,
2026-07-17,NSE,ADANIPORTS,raw_l2/trade_date=2026-07-17/exchange=NSE/symbol=ADANIPORTS/part-052023_469093-013089.parquet,real_data_sample\l2_unseen_validation\trade_date=2026-07-17\exchange=NSE\symbol=ADANIPORTS\part-052023_469093-013089.parquet,34761,downloaded,34761,
2026-07-17,NSE,ADANIPORTS,raw_l2/trade_date=2026-07-17/exchange=NSE/symbol=ADANIPORTS/part-051928_220143-012961.parquet,real_data_sample\l2_unseen_validation\trade_date=2026-07-17\exchange=NSE\symbol=ADANIPORTS\part-051928_220143-012961.parquet,34830,downloaded,34830,
2026-07-17,NSE,ADANIPORTS,raw_l2/trade_date=2026-07-17/exchange=NSE/symbol=ADANIPORTS/part-051859_968625-012897.parquet,real_data_sample\l2_unseen_validation\trade_date=2026-07-17\exchange=NSE\symbol=ADANIPORTS\part-051859_968625-012897.parquet,34700,downloaded,34700,
2026-07-17,NSE,ADANIPORTS,raw_l2/trade_date=2026-07-17/exchange=NSE/symbol=ADANIPORTS/part-051747_975194-012737.parquet,real_data_sample\l2_unseen_validation\trade_date=2026-07-17\exchange=NSE\symbol=ADANIPORTS\part-051747_975194-012737.parquet,34864,downloaded,34864,
2026-07-17,NSE,ADANIPORTS,raw_l2/trade_date=2026-07-17/exchange=NSE/symbol=ADANIPORTS/part-051955_973512-013025.parquet,real_data_sample\l2_unseen_validation\trade_date=2026-07-17\exchange=NSE\symbol=ADANIPORTS\part-051955_973512-013025.parquet,34786,downloaded,34786,
2026-07-17,NSE,ADANIPORTS,raw_l2/trade_date=2026-07-17/exchange=NSE/symbol=ADANIPORTS/part-051914_220876-012929.parquet,real_data_sample\l2_unseen_validation\trade_date=2026-07-17\exchange=NSE\symbol=ADANIPORTS\part-051914_220876-012929.parquet,34800,downloaded,34800,
2026-07-17,NSE,ADANIPORTS,raw_l2/trade_date=2026-07-17/exchange=NSE/symbol=ADANIPORTS/part-051802_477636-012769.parquet,real_data_sample\l2_unseen_validation\trade_date=2026-07-17\exchange=NSE\symbol=ADANIPORTS\part-051802_477636-012769.parquet,34929,downloaded,34929,
2026-07-17,NSE,ADANIPORTS,raw_l2/trade_date=2026-07-17/exchange=NSE/symbol=ADANIPORTS/part-052050_971531-013153.parquet,real_data_sample\l2_unseen_validation\trade_date=2026-07-17\exchange=NSE\symbol=ADANIPORTS\part-052050_971531-013153.parquet,34522,downloaded,34522,
2026-07-17,NSE,ADANIPORTS,raw_l2/trade_date=2026-07-17/exchange=NSE/symbol=ADANIPORTS/part-052037_219001-013121.parquet,real_data_sample\l2_unseen_validation\trade_date=2026-07-17\exchange=NSE\symbol=ADANIPORTS\part-052037_219001-013121.parquet,34658,downloaded,34658,
2026-07-17,NSE,ADANIPORTS,raw_l2/trade_date=2026-07-17/exchange=NSE/symbol=ADANIPORTS/part-052146_468377-013281.parquet,real_data_sample\l2_unseen_validation\trade_date=2026-07-17\exchange=NSE\symbol=ADANIPORTS\part-052146_468377-013281.parquet,34733,downloaded,34733,
2026-07-17,NSE,ADANIPORTS,raw_l2/trade_date=2026-07-17/exchange=NSE/symbol=ADANIPORTS/part-052104_718305-013185.parquet,real_data_sample\l2_unseen_validation\trade_date=2026-07-17\exchange=NSE\symbol=ADANIPORTS\part-052104_718305-013185.parquet,34762,downloaded,34762,
2026-07-17,NSE,ADANIPORTS,raw_l2/trade_date=2026-07-17/exchange=NSE/symbol=ADANIPORTS/part-052118_720907-013217.parquet,real_data_sample\l2_unseen_validation\trade_date=2026-07-17\exchange=NSE\symbol=ADANIPORTS\part-052118_720907-013217.parquet,34882,downloaded,34882,
2026-07-17,NSE,ADANIPORTS,raw_l2/trade_date=2026-07-17/exchange=NSE/symbol=ADANIPORTS/part-052132_469160-013249.parquet,real_data_sample\l2_unseen_validation\trade_date=2026-07-17\exchange=NSE\symbol=ADANIPORTS\part-052132_469160-013249.parquet,35046,downloaded,35046,
2026-07-17,NSE,ADANIPORTS,raw_l2/trade_date=2026-07-17/exchange=NSE/symbol=ADANIPORTS/part-052200_469634-013313.parquet,real_data_sample\l2_unseen_validation\trade_date=2026-07-17\exchange=NSE\symbol=ADANIPORTS\part-052200_469634-013313.parquet,34614,downloaded,34614,
2026-07-17,NSE,ADANIPORTS,raw_l2/trade_date=2026-07-17/exchange=NSE/symbol=ADANIPORTS/part-050107_971175-010465.parquet,real_data_sample\l2_unseen_validation\trade_date=2026-07-17\exchange=NSE\symbol=ADANIPORTS\part-050107_971175-010465.parquet,34457,downloaded,34457,
2026-07-17,NSE,ADANIPORTS,raw_l2/trade_date=2026-07-17/exchange=NSE/symbol=ADANIPORTS/part-050026_219924-010369.parquet,real_data_sample\l2_unseen_validation\trade_date=2026-07-17\exchange=NSE\symbol=ADANIPORTS\part-050026_219924-010369.parquet,34727,downloaded,34727,
2026-07-17,NSE,ADANIPORTS,raw_l2/trade_date=2026-07-17/exchange=NSE/symbol=ADANIPORTS/part-052228_468159-013377.parquet,real_data_sample\l2_unseen_validation\trade_date=2026-07-17\exchange=NSE\symbol=ADANIPORTS\part-052228_468159-013377.parquet,34807,downloaded,34807,
2026-07-17,NSE,ADANIPORTS,raw_l2/trade_date=2026-07-17/exchange=NSE/symbol=ADANIPORTS/part-052310_469610-013473.parquet,real_data_sample\l2_unseen_validation\trade_date=2026-07-17\exchange=NSE\symbol=ADANIPORTS\part-052310_469610-013473.parquet,34649,downloaded,34649,
2026-07-17,NSE,ADANIPORTS,raw_l2/trade_date=2026-07-17/exchange=NSE/symbol=ADANIPORTS/part-051719_475977-012673.parquet,real_data_sample\l2_unseen_validation\trade_date=2026-07-17\exchange=NSE\symbol=ADANIPORTS\part-051719_475977-012673.parquet,34812,downloaded,34812,
2026-07-17,NSE,ADANIPORTS,raw_l2/trade_date=2026-07-17/exchange=NSE/symbol=ADANIPORTS/part-052543_973732-013825.parquet,real_data_sample\l2_unseen_validation\trade_date=2026-07-17\exchange=NSE\symbol=ADANIPORTS\part-052543_973732-013825.parquet,34839,downloaded,34839,
2026-07-17,NSE,ADANIPORTS,raw_l2/trade_date=2026-07-17/exchange=NSE/symbol=ADANIPORTS/part-052626_472040-013921.parquet,real_data_sample\l2_unseen_validation\trade_date=2026-07-17\exchange=NSE\symbol=ADANIPORTS\part-052626_472040-013921.parquet,34714,downloaded,34714,
2026-07-17,NSE,ADANIPORTS,raw_l2/trade_date=2026-07-17/exchange=NSE/symbol=ADANIPORTS/part-051816_479195-012801.parquet,real_data_sample\l2_unseen_validation\trade_date=2026-07-17\exchange=NSE\symbol=ADANIPORTS\part-051816_479195-012801.parquet,34739,downloaded,34739,
2026-07-17,NSE,ADANIPORTS,raw_l2/trade_date=2026-07-17/exchange=NSE/symbol=ADANIPORTS/part-051844_974148-012865.parquet,real_data_sample\l2_unseen_validation\trade_date=2026-07-17\exchange=NSE\symbol=ADANIPORTS\part-051844_974148-012865.parquet,34691,downloaded,34691,
2026-07-17,NSE,ADANIPORTS,raw_l2/trade_date=2026-07-17/exchange=NSE/symbol=ADANIPORTS/part-052640_470925-013953.parquet,real_data_sample\l2_unseen_validation\trade_date=2026-07-17\exchange=NSE\symbol=ADANIPORTS\part-052640_470925-013953.parquet,34733,downloaded,34733,
2026-07-17,NSE,ADANIPORTS,raw_l2/trade_date=2026-07-17/exchange=NSE/symbol=ADANIPORTS/part-052654_706941-013985.parquet,real_data_sample\l2_unseen_validation\trade_date=2026-07-17\exchange=NSE\symbol=ADANIPORTS\part-052654_706941-013985.parquet,34763,downloaded,34763,
2026-07-17,NSE,ADANIPORTS,raw_l2/trade_date=2026-07-17/exchange=NSE/symbol=ADANIPORTS/part-052502_220365-013729.parquet,real_data_sample\l2_unseen_validation\trade_date=2026-07-17\exchange=NSE\symbol=ADANIPORTS\part-052502_220365-013729.parquet,34718,downloaded,34718,
2026-07-17,NSE,ADANIPORTS,raw_l2/trade_date=2026-07-17/exchange=NSE/symbol=ADANIPORTS/part-052722_723323-014049.parquet,real_data_sample\l2_unseen_validation\trade_date=2026-07-17\exchange=NSE\symbol=ADANIPORTS\part-052722_723323-014049.parquet,34590,downloaded,34590,
2026-07-17,NSE,ADANIPORTS,raw_l2/trade_date=2026-07-17/exchange=NSE/symbol=ADANIPORTS/part-052434_468931-013665.parquet,real_data_sample\l2_unseen_validation\trade_date=2026-07-17\exchange=NSE\symbol=ADANIPORTS\part-052434_468931-013665.parquet,34768,downloaded,34768,
2026-07-17,NSE,ADANIPORTS,raw_l2/trade_date=2026-07-17/exchange=NSE/symbol=ADANIPORTS/part-052515_971377-013761.parquet,real_data_sample\l2_unseen_validation\trade_date=2026-07-17\exchange=NSE\symbol=ADANIPORTS\part-052515_971377-013761.parquet,34834,downloaded,34834,
2026-07-17,NSE,ADANIPORTS,raw_l2/trade_date=2026-07-17/exchange=NSE/symbol=ADANIPORTS/part-052420_468895-013633.parquet,real_data_sample\l2_unseen_validation\trade_date=2026-07-17\exchange=NSE\symbol=ADANIPORTS\part-052420_468895-013633.parquet,34782,downloaded,34782,
2026-07-17,NSE,ADANIPORTS,raw_l2/trade_date=2026-07-17/exchange=NSE/symbol=ADANIPORTS/part-052557_975672-013857.parquet,real_data_sample\l2_unseen_validation\trade_date=2026-07-17\exchange=NSE\symbol=ADANIPORTS\part-052557_975672-013857.parquet,34673,downloaded,34673,
2026-07-17,NSE,ADANIPORTS,raw_l2/trade_date=2026-07-17/exchange=NSE/symbol=ADANIPORTS/part-052529_721921-013793.parquet,real_data_sample\l2_unseen_validation\trade_date=2026-07-17\exchange=NSE\symbol=ADANIPORTS\part-052529_721921-013793.parquet,34790,downloaded,34790,
2026-07-17,NSE,ADANIPORTS,raw_l2/trade_date=2026-07-17/exchange=NSE/symbol=ADANIPORTS/part-052448_224582-013697.parquet,real_data_sample\l2_unseen_validation\trade_date=2026-07-17\exchange=NSE\symbol=ADANIPORTS\part-052448_224582-013697.parquet,34756,downloaded,34756,
2026-07-17,NSE,ADANIPORTS,raw_l2/trade_date=2026-07-17/exchange=NSE/symbol=ADANIPORTS/part-052612_220614-013889.parquet,real_data_sample\l2_unseen_validation\trade_date=2026-07-17\exchange=NSE\symbol=ADANIPORTS\part-052612_220614-013889.parquet,34615,downloaded,34615,
2026-07-17,NSE,ADANIPORTS,raw_l2/trade_date=2026-07-17/exchange=NSE/symbol=ADANIPORTS/part-052338_472056-013537.parquet,real_data_sample\l2_unseen_validation\trade_date=2026-07-17\exchange=NSE\symbol=ADANIPORTS\part-052338_472056-013537.parquet,34784,downloaded,34784,
2026-07-17,NSE,ADANIPORTS,raw_l2/trade_date=2026-07-17/exchange=NSE/symbol=ADANIPORTS/part-052708_723042-014017.parquet,real_data_sample\l2_unseen_validation\trade_date=2026-07-17\exchange=NSE\symbol=ADANIPORTS\part-052708_723042-014017.parquet,34618,downloaded,34618,
2026-07-17,NSE,ADANIPORTS,raw_l2/trade_date=2026-07-17/exchange=NSE/symbol=ADANIPORTS/part-052406_468650-013601.parquet,real_data_sample\l2_unseen_validation\trade_date=2026-07-17\exchange=NSE\symbol=ADANIPORTS\part-052406_468650-013601.parquet,34765,downloaded,34765,
2026-07-17,NSE,ADANIPORTS,raw_l2/trade_date=2026-07-17/exchange=NSE/symbol=ADANIPORTS/part-052352_470126-013569.parquet,real_data_sample\l2_unseen_validation\trade_date=2026-07-17\exchange=NSE\symbol=ADANIPORTS\part-052352_470126-013569.parquet,34610,downloaded,34610,
2026-07-17,NSE,ADANIPORTS,raw_l2/trade_date=2026-07-17/exchange=NSE/symbol=ADANIPORTS/part-052214_468904-013345.parquet,real_data_sample\l2_unseen_validation\trade_date=2026-07-17\exchange=NSE\symbol=ADANIPORTS\part-052214_468904-013345.parquet,34580,downloaded,34580,
2026-07-17,NSE,ADANIPORTS,raw_l2/trade_date=2026-07-17/exchange=NSE/symbol=ADANIPORTS/part-052324_472270-013505.parquet,real_data_sample\l2_unseen_validation\trade_date=2026-07-17\exchange=NSE\symbol=ADANIPORTS\part-052324_472270-013505.parquet,34699,downloaded,34699,
2026-07-17,NSE,ADANIPORTS,raw_l2/trade_date=2026-07-17/exchange=NSE/symbol=ADANIPORTS/part-052242_468425-013409.parquet,real_data_sample\l2_unseen_validation\trade_date=2026-07-17\exchange=NSE\symbol=ADANIPORTS\part-052242_468425-013409.parquet,34757,downloaded,34757,
2026-07-17,NSE,ADANIPORTS,raw_l2/trade_date=2026-07-17/exchange=NSE/symbol=ADANIPORTS/part-052804_484499-014145.parquet,real_data_sample\l2_unseen_validation\trade_date=2026-07-17\exchange=NSE\symbol=ADANIPORTS\part-052804_484499-014145.parquet,34657,downloaded,34657,
2026-07-17,NSE,ADANIPORTS,raw_l2/trade_date=2026-07-17/exchange=NSE/symbol=ADANIPORTS/part-052736_720442-014081.parquet,real_data_sample\l2_unseen_validation\trade_date=2026-07-17\exchange=NSE\symbol=ADANIPORTS\part-052736_720442-014081.parquet,34780,downloaded,34780,
2026-07-17,NSE,ADANIPORTS,raw_l2/trade_date=2026-07-17/exchange=NSE/symbol=ADANIPORTS/part-052750_733412-014113.parquet,real_data_sample\l2_unseen_validation\trade_date=2026-07-17\exchange=NSE\symbol=ADANIPORTS\part-052750_733412-014113.parquet,34403,downloaded,34403,
2026-07-17,NSE,ADANIPORTS,raw_l2/trade_date=2026-07-17/exchange=NSE/symbol=ADANIPORTS/part-052901_259369-014273.parquet,real_data_sample\l2_unseen_validation\trade_date=2026-07-17\exchange=NSE\symbol=ADANIPORTS\part-052901_259369-014273.parquet,35027,downloaded,35027,
2026-07-17,NSE,ADANIPORTS,raw_l2/trade_date=2026-07-17/exchange=NSE/symbol=ADANIPORTS/part-053108_734721-014561.parquet,real_data_sample\l2_unseen_validation\trade_date=2026-07-17\exchange=NSE\symbol=ADANIPORTS\part-053108_734721-014561.parquet,34728,downloaded,34728,
2026-07-17,NSE,ADANIPORTS,raw_l2/trade_date=2026-07-17/exchange=NSE/symbol=ADANIPORTS/part-053357_724561-014945.parquet,real_data_sample\l2_unseen_validation\trade_date=2026-07-17\exchange=NSE\symbol=ADANIPORTS\part-053357_724561-014945.parquet,34614,downloaded,34614,
2026-07-17,NSE,ADANIPORTS,raw_l2/trade_date=2026-07-17/exchange=NSE/symbol=ADANIPORTS/part-052818_482583-014177.parquet,real_data_sample\l2_unseen_validation\trade_date=2026-07-17\exchange=NSE\symbol=ADANIPORTS\part-052818_482583-014177.parquet,34667,downloaded,34667,
2026-07-17,NSE,ADANIPORTS,raw_l2/trade_date=2026-07-17/exchange=NSE/symbol=ADANIPORTS/part-052957_238310-014401.parquet,real_data_sample\l2_unseen_validation\trade_date=2026-07-17\exchange=NSE\symbol=ADANIPORTS\part-052957_238310-014401.parquet,34699,downloaded,34699,
2026-07-17,NSE,ADANIPORTS,raw_l2/trade_date=2026-07-17/exchange=NSE/symbol=ADANIPORTS/part-053329_982844-014881.parquet,real_data_sample\l2_unseen_validation\trade_date=2026-07-17\exchange=NSE\symbol=ADANIPORTS\part-053329_982844-014881.parquet,34728,downloaded,34728,
2026-07-17,NSE,ADANIPORTS,raw_l2/trade_date=2026-07-17/exchange=NSE/symbol=ADANIPORTS/part-053026_982711-014465.parquet,real_data_sample\l2_unseen_validation\trade_date=2026-07-17\exchange=NSE\symbol=ADANIPORTS\part-053026_982711-014465.parquet,34836,downloaded,34836,
2026-07-17,NSE,ADANIPORTS,raw_l2/trade_date=2026-07-17/exchange=NSE/symbol=ADANIPORTS/part-053054_731522-014529.parquet,real_data_sample\l2_unseen_validation\trade_date=2026-07-17\exchange=NSE\symbol=ADANIPORTS\part-053054_731522-014529.parquet,34527,downloaded,34527,
2026-07-17,NSE,ADANIPORTS,raw_l2/trade_date=2026-07-17/exchange=NSE/symbol=ADANIPORTS/part-052846_738045-014241.parquet,real_data_sample\l2_unseen_validation\trade_date=2026-07-17\exchange=NSE\symbol=ADANIPORTS\part-052846_738045-014241.parquet,34709,downloaded,34709,
2026-07-17,NSE,ADANIPORTS,raw_l2/trade_date=2026-07-17/exchange=NSE/symbol=ADANIPORTS/part-053301_736043-014817.parquet,real_data_sample\l2_unseen_validation\trade_date=2026-07-17\exchange=NSE\symbol=ADANIPORTS\part-053301_736043-014817.parquet,34781,downloaded,34781,
2026-07-17,NSE,ADANIPORTS,raw_l2/trade_date=2026-07-17/exchange=NSE/symbol=ADANIPORTS/part-053040_732663-014497.parquet,real_data_sample\l2_unseen_validation\trade_date=2026-07-17\exchange=NSE\symbol=ADANIPORTS\part-053040_732663-014497.parquet,34624,downloaded,34624,
2026-07-17,NSE,ADANIPORTS,raw_l2/trade_date=2026-07-17/exchange=NSE/symbol=ADANIPORTS/part-053123_522142-014593.parquet,real_data_sample\l2_unseen_validation\trade_date=2026-07-17\exchange=NSE\symbol=ADANIPORTS\part-053123_522142-014593.parquet,34749,downloaded,34749,
2026-07-17,NSE,ADANIPORTS,raw_l2/trade_date=2026-07-17/exchange=NSE/symbol=ADANIPORTS/part-053011_232582-014433.parquet,real_data_sample\l2_unseen_validation\trade_date=2026-07-17\exchange=NSE\symbol=ADANIPORTS\part-053011_232582-014433.parquet,34663,downloaded,34663,
2026-07-17,NSE,ADANIPORTS,raw_l2/trade_date=2026-07-17/exchange=NSE/symbol=ADANIPORTS/part-053137_731207-014625.parquet,real_data_sample\l2_unseen_validation\trade_date=2026-07-17\exchange=NSE\symbol=ADANIPORTS\part-053137_731207-014625.parquet,34775,downloaded,34775,
2026-07-17,NSE,ADANIPORTS,raw_l2/trade_date=2026-07-17/exchange=NSE/symbol=ADANIPORTS/part-053219_733155-014721.parquet,real_data_sample\l2_unseen_validation\trade_date=2026-07-17\exchange=NSE\symbol=ADANIPORTS\part-053219_733155-014721.parquet,34949,downloaded,34949,
2026-07-17,NSE,ADANIPORTS,raw_l2/trade_date=2026-07-17/exchange=NSE/symbol=ADANIPORTS/part-053247_732517-014785.parquet,real_data_sample\l2_unseen_validation\trade_date=2026-07-17\exchange=NSE\symbol=ADANIPORTS\part-053247_732517-014785.parquet,34643,downloaded,34643,
2026-07-17,NSE,ADANIPORTS,raw_l2/trade_date=2026-07-17/exchange=NSE/symbol=ADANIPORTS/part-052943_235714-014369.parquet,real_data_sample\l2_unseen_validation\trade_date=2026-07-17\exchange=NSE\symbol=ADANIPORTS\part-052943_235714-014369.parquet,34681,downloaded,34681,
2026-07-17,NSE,ADANIPORTS,raw_l2/trade_date=2026-07-17/exchange=NSE/symbol=ADANIPORTS/part-053151_491059-014657.parquet,real_data_sample\l2_unseen_validation\trade_date=2026-07-17\exchange=NSE\symbol=ADANIPORTS\part-053151_491059-014657.parquet,34664,downloaded,34664,
2026-07-17,NSE,ADANIPORTS,raw_l2/trade_date=2026-07-17/exchange=NSE/symbol=ADANIPORTS/part-053205_482193-014689.parquet,real_data_sample\l2_unseen_validation\trade_date=2026-07-17\exchange=NSE\symbol=ADANIPORTS\part-053205_482193-014689.parquet,34780,downloaded,34780,
2026-07-17,NSE,ADANIPORTS,raw_l2/trade_date=2026-07-17/exchange=NSE/symbol=ADANIPORTS/part-053233_732878-014753.parquet,real_data_sample\l2_unseen_validation\trade_date=2026-07-17\exchange=NSE\symbol=ADANIPORTS\part-053233_732878-014753.parquet,34650,downloaded,34650,
2026-07-17,NSE,ADANIPORTS,raw_l2/trade_date=2026-07-17/exchange=NSE/symbol=ADANIPORTS/part-052256_468111-013441.parquet,real_data_sample\l2_unseen_validation\trade_date=2026-07-17\exchange=NSE\symbol=ADANIPORTS\part-052256_468111-013441.parquet,34957,downloaded,34957,
2026-07-17,NSE,ADANIPORTS,raw_l2/trade_date=2026-07-17/exchange=NSE/symbol=ADANIPORTS/part-052832_733215-014209.parquet,real_data_sample\l2_unseen_validation\trade_date=2026-07-17\exchange=NSE\symbol=ADANIPORTS\part-052832_733215-014209.parquet,34799,downloaded,34799,
2026-07-17,NSE,ADANIPORTS,raw_l2/trade_date=2026-07-17/exchange=NSE/symbol=ADANIPORTS/part-053343_981803-014913.parquet,real_data_sample\l2_unseen_validation\trade_date=2026-07-17\exchange=NSE\symbol=ADANIPORTS\part-053343_981803-014913.parquet,34575,downloaded,34575,
2026-07-17,NSE,ADANIPORTS,raw_l2/trade_date=2026-07-17/exchange=NSE/symbol=ADANIPORTS/part-053535_225018-015169.parquet,real_data_sample\l2_unseen_validation\trade_date=2026-07-17\exchange=NSE\symbol=ADANIPORTS\part-053535_225018-015169.parquet,35660,downloaded,35660,
2026-07-17,NSE,ADANIPORTS,raw_l2/trade_date=2026-07-17/exchange=NSE/symbol=ADANIPORTS/part-053453_474314-015073.parquet,real_data_sample\l2_unseen_validation\trade_date=2026-07-17\exchange=NSE\symbol=ADANIPORTS\part-053453_474314-015073.parquet,34871,downloaded,34871,
2026-07-17,NSE,ADANIPORTS,raw_l2/trade_date=2026-07-17/exchange=NSE/symbol=ADANIPORTS/part-053521_225162-015137.parquet,real_data_sample\l2_unseen_validation\trade_date=2026-07-17\exchange=NSE\symbol=ADANIPORTS\part-053521_225162-015137.parquet,35579,downloaded,35579,
2026-07-17,NSE,ADANIPORTS,raw_l2/trade_date=2026-07-17/exchange=NSE/symbol=ADANIPORTS/part-053439_725009-015041.parquet,real_data_sample\l2_unseen_validation\trade_date=2026-07-17\exchange=NSE\symbol=ADANIPORTS\part-053439_725009-015041.parquet,34620,downloaded,34620,
2026-07-17,NSE,ADANIPORTS,raw_l2/trade_date=2026-07-17/exchange=NSE/symbol=ADANIPORTS/part-053616_726068-015265.parquet,real_data_sample\l2_unseen_validation\trade_date=2026-07-17\exchange=NSE\symbol=ADANIPORTS\part-053616_726068-015265.parquet,35831,downloaded,35831,
2026-07-17,NSE,ADANIPORTS,raw_l2/trade_date=2026-07-17/exchange=NSE/symbol=ADANIPORTS/part-053602_724373-015233.parquet,real_data_sample\l2_unseen_validation\trade_date=2026-07-17\exchange=NSE\symbol=ADANIPORTS\part-053602_724373-015233.parquet,35821,downloaded,35821,
2026-07-17,NSE,ADANIPORTS,raw_l2/trade_date=2026-07-17/exchange=NSE/symbol=ADANIPORTS/part-053548_973779-015201.parquet,real_data_sample\l2_unseen_validation\trade_date=2026-07-17\exchange=NSE\symbol=ADANIPORTS\part-053548_973779-015201.parquet,35280,downloaded,35280,
2026-07-17,NSE,ADANIPORTS,raw_l2/trade_date=2026-07-17/exchange=NSE/symbol=ADANIPORTS/part-053507_227790-015105.parquet,real_data_sample\l2_unseen_validation\trade_date=2026-07-17\exchange=NSE\symbol=ADANIPORTS\part-053507_227790-015105.parquet,34922,downloaded,34922,
2026-07-17,NSE,ADANIPORTS,raw_l2/trade_date=2026-07-17/exchange=NSE/symbol=ADANIPORTS/part-053644_974405-015329.parquet,real_data_sample\l2_unseen_validation\trade_date=2026-07-17\exchange=NSE\symbol=ADANIPORTS\part-053644_974405-015329.parquet,35794,downloaded,35794,
2026-07-17,NSE,ADANIPORTS,raw_l2/trade_date=2026-07-17/exchange=NSE/symbol=ADANIPORTS/part-053754_483690-015489.parquet,real_data_sample\l2_unseen_validation\trade_date=2026-07-17\exchange=NSE\symbol=ADANIPORTS\part-053754_483690-015489.parquet,34781,downloaded,34781,
2026-07-17,NSE,ADANIPORTS,raw_l2/trade_date=2026-07-17/exchange=NSE/symbol=ADANIPORTS/part-052915_233330-014305.parquet,real_data_sample\l2_unseen_validation\trade_date=2026-07-17\exchange=NSE\symbol=ADANIPORTS\part-052915_233330-014305.parquet,34627,downloaded,34627,
2026-07-17,NSE,ADANIPORTS,raw_l2/trade_date=2026-07-17/exchange=NSE/symbol=ADANIPORTS/part-053726_733827-015425.parquet,real_data_sample\l2_unseen_validation\trade_date=2026-07-17\exchange=NSE\symbol=ADANIPORTS\part-053726_733827-015425.parquet,34847,downloaded,34847,
2026-07-17,NSE,ADANIPORTS,raw_l2/trade_date=2026-07-17/exchange=NSE/symbol=ADANIPORTS/part-053712_732564-015393.parquet,real_data_sample\l2_unseen_validation\trade_date=2026-07-17\exchange=NSE\symbol=ADANIPORTS\part-053712_732564-015393.parquet,35960,downloaded,35960,
2026-07-17,NSE,ADANIPORTS,raw_l2/trade_date=2026-07-17/exchange=NSE/symbol=ADANIPORTS/part-053658_737306-015361.parquet,real_data_sample\l2_unseen_validation\trade_date=2026-07-17\exchange=NSE\symbol=ADANIPORTS\part-053658_737306-015361.parquet,35735,downloaded,35735,
2026-07-17,NSE,ADANIPORTS,raw_l2/trade_date=2026-07-17/exchange=NSE/symbol=ADANIPORTS/part-053740_482811-015457.parquet,real_data_sample\l2_unseen_validation\trade_date=2026-07-17\exchange=NSE\symbol=ADANIPORTS\part-053740_482811-015457.parquet,34744,downloaded,34744,
2026-07-17,NSE,ADANIPORTS,raw_l2/trade_date=2026-07-17/exchange=NSE/symbol=ADANIPORTS/part-053630_974820-015297.parquet,real_data_sample\l2_unseen_validation\trade_date=2026-07-17\exchange=NSE\symbol=ADANIPORTS\part-053630_974820-015297.parquet,35682,downloaded,35682,
2026-07-17,NSE,ADANIPORTS,raw_l2/trade_date=2026-07-17/exchange=NSE/symbol=ADANIPORTS/part-053836_481963-015585.parquet,real_data_sample\l2_unseen_validation\trade_date=2026-07-17\exchange=NSE\symbol=ADANIPORTS\part-053836_481963-015585.parquet,34678,downloaded,34678,
2026-07-17,NSE,ADANIPORTS,raw_l2/trade_date=2026-07-17/exchange=NSE/symbol=ADANIPORTS/part-053808_232579-015521.parquet,real_data_sample\l2_unseen_validation\trade_date=2026-07-17\exchange=NSE\symbol=ADANIPORTS\part-053808_232579-015521.parquet,34814,downloaded,34814,
2026-07-17,NSE,ADANIPORTS,raw_l2/trade_date=2026-07-17/exchange=NSE/symbol=ADANIPORTS/part-054150_972033-016033.parquet,real_data_sample\l2_unseen_validation\trade_date=2026-07-17\exchange=NSE\symbol=ADANIPORTS\part-054150_972033-016033.parquet,34753,downloaded,34753,
2026-07-17,NSE,ADANIPORTS,raw_l2/trade_date=2026-07-17/exchange=NSE/symbol=ADANIPORTS/part-053411_973849-014977.parquet,real_data_sample\l2_unseen_validation\trade_date=2026-07-17\exchange=NSE\symbol=ADANIPORTS\part-053411_973849-014977.parquet,34973,downloaded,34973,
2026-07-17,NSE,ADANIPORTS,raw_l2/trade_date=2026-07-17/exchange=NSE/symbol=ADANIPORTS/part-053425_975030-015009.parquet,real_data_sample\l2_unseen_validation\trade_date=2026-07-17\exchange=NSE\symbol=ADANIPORTS\part-053425_975030-015009.parquet,34560,downloaded,34560,
2026-07-17,NSE,ADANIPORTS,raw_l2/trade_date=2026-07-17/exchange=NSE/symbol=ADANIPORTS/part-053959_971373-015777.parquet,real_data_sample\l2_unseen_validation\trade_date=2026-07-17\exchange=NSE\symbol=ADANIPORTS\part-053959_971373-015777.parquet,34637,downloaded,34637,
2026-07-17,NSE,ADANIPORTS,raw_l2/trade_date=2026-07-17/exchange=NSE/symbol=ADANIPORTS/part-054123_469271-015969.parquet,real_data_sample\l2_unseen_validation\trade_date=2026-07-17\exchange=NSE\symbol=ADANIPORTS\part-054123_469271-015969.parquet,34662,downloaded,34662,
2026-07-17,NSE,ADANIPORTS,raw_l2/trade_date=2026-07-17/exchange=NSE/symbol=ADANIPORTS/part-054328_481447-016257.parquet,real_data_sample\l2_unseen_validation\trade_date=2026-07-17\exchange=NSE\symbol=ADANIPORTS\part-054328_481447-016257.parquet,34806,downloaded,34806,
2026-07-17,NSE,ADANIPORTS,raw_l2/trade_date=2026-07-17/exchange=NSE/symbol=ADANIPORTS/part-052929_239597-014337.parquet,real_data_sample\l2_unseen_validation\trade_date=2026-07-17\exchange=NSE\symbol=ADANIPORTS\part-052929_239597-014337.parquet,34694,downloaded,34694,
2026-07-17,NSE,ADANIPORTS,raw_l2/trade_date=2026-07-17/exchange=NSE/symbol=ADANIPORTS/part-054300_731680-016193.parquet,real_data_sample\l2_unseen_validation\trade_date=2026-07-17\exchange=NSE\symbol=ADANIPORTS\part-054300_731680-016193.parquet,34700,downloaded,34700,
2026-07-17,NSE,ADANIPORTS,raw_l2/trade_date=2026-07-17/exchange=NSE/symbol=ADANIPORTS/part-053315_732607-014849.parquet,real_data_sample\l2_unseen_validation\trade_date=2026-07-17\exchange=NSE\symbol=ADANIPORTS\part-053315_732607-014849.parquet,34780,downloaded,34780,
2026-07-17,NSE,ADANIPORTS,raw_l2/trade_date=2026-07-17/exchange=NSE/symbol=ADANIPORTS/part-054137_219207-016001.parquet,real_data_sample\l2_unseen_validation\trade_date=2026-07-17\exchange=NSE\symbol=ADANIPORTS\part-054137_219207-016001.parquet,34608,downloaded,34608,
2026-07-17,NSE,ADANIPORTS,raw_l2/trade_date=2026-07-17/exchange=NSE/symbol=ADANIPORTS/part-054232_718452-016129.parquet,real_data_sample\l2_unseen_validation\trade_date=2026-07-17\exchange=NSE\symbol=ADANIPORTS\part-054232_718452-016129.parquet,34600,downloaded,34600,
2026-07-17,NSE,ADANIPORTS,raw_l2/trade_date=2026-07-17/exchange=NSE/symbol=ADANIPORTS/part-053822_236612-015553.parquet,real_data_sample\l2_unseen_validation\trade_date=2026-07-17\exchange=NSE\symbol=ADANIPORTS\part-053822_236612-015553.parquet,34792,downloaded,34792,
2026-07-17,NSE,ADANIPORTS,raw_l2/trade_date=2026-07-17/exchange=NSE/symbol=ADANIPORTS/part-054041_764796-015873.parquet,real_data_sample\l2_unseen_validation\trade_date=2026-07-17\exchange=NSE\symbol=ADANIPORTS\part-054041_764796-015873.parquet,34639,downloaded,34639,
2026-07-17,NSE,ADANIPORTS,raw_l2/trade_date=2026-07-17/exchange=NSE/symbol=ADANIPORTS/part-054246_720296-016161.parquet,real_data_sample\l2_unseen_validation\trade_date=2026-07-17\exchange=NSE\symbol=ADANIPORTS\part-054246_720296-016161.parquet,34486,downloaded,34486,
2026-07-17,NSE,ADANIPORTS,raw_l2/trade_date=2026-07-17/exchange=NSE/symbol=ADANIPORTS/part-054013_968955-015809.parquet,real_data_sample\l2_unseen_validation\trade_date=2026-07-17\exchange=NSE\symbol=ADANIPORTS\part-054013_968955-015809.parquet,34964,downloaded,34964,
2026-07-17,NSE,ADANIPORTS,raw_l2/trade_date=2026-07-17/exchange=NSE/symbol=ADANIPORTS/part-053904_233697-015649.parquet,real_data_sample\l2_unseen_validation\trade_date=2026-07-17\exchange=NSE\symbol=ADANIPORTS\part-053904_233697-015649.parquet,34845,downloaded,34845,
2026-07-17,NSE,ADANIPORTS,raw_l2/trade_date=2026-07-17/exchange=NSE/symbol=ADANIPORTS/part-054314_730904-016225.parquet,real_data_sample\l2_unseen_validation\trade_date=2026-07-17\exchange=NSE\symbol=ADANIPORTS\part-054314_730904-016225.parquet,34715,downloaded,34715,
2026-07-17,NSE,ADANIPORTS,raw_l2/trade_date=2026-07-17/exchange=NSE/symbol=ADANIPORTS/part-053850_481831-015617.parquet,real_data_sample\l2_unseen_validation\trade_date=2026-07-17\exchange=NSE\symbol=ADANIPORTS\part-053850_481831-015617.parquet,34728,downloaded,34728,
2026-07-17,NSE,ADANIPORTS,raw_l2/trade_date=2026-07-17/exchange=NSE/symbol=ADANIPORTS/part-054109_719190-015937.parquet,real_data_sample\l2_unseen_validation\trade_date=2026-07-17\exchange=NSE\symbol=ADANIPORTS\part-054109_719190-015937.parquet,34574,downloaded,34574,
2026-07-17,NSE,ADANIPORTS,raw_l2/trade_date=2026-07-17/exchange=NSE/symbol=ADANIPORTS/part-054027_969306-015841.parquet,real_data_sample\l2_unseen_validation\trade_date=2026-07-17\exchange=NSE\symbol=ADANIPORTS\part-054027_969306-015841.parquet,34517,downloaded,34517,
2026-07-17,NSE,ADANIPORTS,raw_l2/trade_date=2026-07-17/exchange=NSE/symbol=ADANIPORTS/part-054055_718690-015905.parquet,real_data_sample\l2_unseen_validation\trade_date=2026-07-17\exchange=NSE\symbol=ADANIPORTS\part-054055_718690-015905.parquet,34930,downloaded,34930,
2026-07-17,NSE,ADANIPORTS,raw_l2/trade_date=2026-07-17/exchange=NSE/symbol=ADANIPORTS/part-054204_968568-016065.parquet,real_data_sample\l2_unseen_validation\trade_date=2026-07-17\exchange=NSE\symbol=ADANIPORTS\part-054204_968568-016065.parquet,34451,downloaded,34451,
2026-07-17,NSE,ADANIPORTS,raw_l2/trade_date=2026-07-17/exchange=NSE/symbol=ADANIPORTS/part-054342_482739-016289.parquet,real_data_sample\l2_unseen_validation\trade_date=2026-07-17\exchange=NSE\symbol=ADANIPORTS\part-054342_482739-016289.parquet,34757,downloaded,34757,
2026-07-17,NSE,ADANIPORTS,raw_l2/trade_date=2026-07-17/exchange=NSE/symbol=ADANIPORTS/part-054356_233668-016321.parquet,real_data_sample\l2_unseen_validation\trade_date=2026-07-17\exchange=NSE\symbol=ADANIPORTS\part-054356_233668-016321.parquet,34662,downloaded,34662,
2026-07-17,NSE,ADANIPORTS,raw_l2/trade_date=2026-07-17/exchange=NSE/symbol=ADANIPORTS/part-054410_233099-016353.parquet,real_data_sample\l2_unseen_validation\trade_date=2026-07-17\exchange=NSE\symbol=ADANIPORTS\part-054410_233099-016353.parquet,34780,downloaded,34780,
2026-07-17,NSE,ADANIPORTS,raw_l2/trade_date=2026-07-17/exchange=NSE/symbol=ADANIPORTS/part-054424_233050-016385.parquet,real_data_sample\l2_unseen_validation\trade_date=2026-07-17\exchange=NSE\symbol=ADANIPORTS\part-054424_233050-016385.parquet,34671,downloaded,34671,
2026-07-17,NSE,ADANIPORTS,raw_l2/trade_date=2026-07-17/exchange=NSE/symbol=ADANIPORTS/part-053945_981971-015745.parquet,real_data_sample\l2_unseen_validation\trade_date=2026-07-17\exchange=NSE\symbol=ADANIPORTS\part-053945_981971-015745.parquet,34659,downloaded,34659,
2026-07-17,NSE,ADANIPORTS,raw_l2/trade_date=2026-07-17/exchange=NSE/symbol=ADANIPORTS/part-053932_235641-015713.parquet,real_data_sample\l2_unseen_validation\trade_date=2026-07-17\exchange=NSE\symbol=ADANIPORTS\part-053932_235641-015713.parquet,34472,downloaded,34472,
2026-07-17,NSE,ADANIPORTS,raw_l2/trade_date=2026-07-17/exchange=NSE/symbol=ADANIPORTS/part-054946_225667-017121.parquet,real_data_sample\l2_unseen_validation\trade_date=2026-07-17\exchange=NSE\symbol=ADANIPORTS\part-054946_225667-017121.parquet,34842,downloaded,34842,
2026-07-17,NSE,ADANIPORTS,raw_l2/trade_date=2026-07-17/exchange=NSE/symbol=ADANIPORTS/part-054519_735040-016513.parquet,real_data_sample\l2_unseen_validation\trade_date=2026-07-17\exchange=NSE\symbol=ADANIPORTS\part-054519_735040-016513.parquet,34766,downloaded,34766,
2026-07-17,NSE,ADANIPORTS,raw_l2/trade_date=2026-07-17/exchange=NSE/symbol=ADANIPORTS/part-054451_982496-016449.parquet,real_data_sample\l2_unseen_validation\trade_date=2026-07-17\exchange=NSE\symbol=ADANIPORTS\part-054451_982496-016449.parquet,34666,downloaded,34666,
2026-07-17,NSE,ADANIPORTS,raw_l2/trade_date=2026-07-17/exchange=NSE/symbol=ADANIPORTS/part-054656_727081-016737.parquet,real_data_sample\l2_unseen_validation\trade_date=2026-07-17\exchange=NSE\symbol=ADANIPORTS\part-054656_727081-016737.parquet,35230,downloaded,35230,
2026-07-17,NSE,ADANIPORTS,raw_l2/trade_date=2026-07-17/exchange=NSE/symbol=ADANIPORTS/part-054835_227460-016961.parquet,real_data_sample\l2_unseen_validation\trade_date=2026-07-17\exchange=NSE\symbol=ADANIPORTS\part-054835_227460-016961.parquet,35543,downloaded,35543,
2026-07-17,NSE,ADANIPORTS,raw_l2/trade_date=2026-07-17/exchange=NSE/symbol=ADANIPORTS/part-054931_978668-017089.parquet,real_data_sample\l2_unseen_validation\trade_date=2026-07-17\exchange=NSE\symbol=ADANIPORTS\part-054931_978668-017089.parquet,34738,downloaded,34738,
2026-07-17,NSE,ADANIPORTS,raw_l2/trade_date=2026-07-17/exchange=NSE/symbol=ADANIPORTS/part-054628_977382-016673.parquet,real_data_sample\l2_unseen_validation\trade_date=2026-07-17\exchange=NSE\symbol=ADANIPORTS\part-054628_977382-016673.parquet,35532,downloaded,35532,
2026-07-17,NSE,ADANIPORTS,raw_l2/trade_date=2026-07-17/exchange=NSE/symbol=ADANIPORTS/part-054903_478457-017025.parquet,real_data_sample\l2_unseen_validation\trade_date=2026-07-17\exchange=NSE\symbol=ADANIPORTS\part-054903_478457-017025.parquet,35475,downloaded,35475,
2026-07-17,NSE,ADANIPORTS,raw_l2/trade_date=2026-07-17/exchange=NSE/symbol=ADANIPORTS/part-054218_968702-016097.parquet,real_data_sample\l2_unseen_validation\trade_date=2026-07-17\exchange=NSE\symbol=ADANIPORTS\part-054218_968702-016097.parquet,34501,downloaded,34501,
2026-07-17,NSE,ADANIPORTS,raw_l2/trade_date=2026-07-17/exchange=NSE/symbol=ADANIPORTS/part-054724_725635-016801.parquet,real_data_sample\l2_unseen_validation\trade_date=2026-07-17\exchange=NSE\symbol=ADANIPORTS\part-054724_725635-016801.parquet,34700,downloaded,34700,
2026-07-17,NSE,ADANIPORTS,raw_l2/trade_date=2026-07-17/exchange=NSE/symbol=ADANIPORTS/part-054917_724995-017057.parquet,real_data_sample\l2_unseen_validation\trade_date=2026-07-17\exchange=NSE\symbol=ADANIPORTS\part-054917_724995-017057.parquet,35059,downloaded,35059,
2026-07-17,NSE,ADANIPORTS,raw_l2/trade_date=2026-07-17/exchange=NSE/symbol=ADANIPORTS/part-054505_732008-016481.parquet,real_data_sample\l2_unseen_validation\trade_date=2026-07-17\exchange=NSE\symbol=ADANIPORTS\part-054505_732008-016481.parquet,34682,downloaded,34682,
2026-07-17,NSE,ADANIPORTS,raw_l2/trade_date=2026-07-17/exchange=NSE/symbol=ADANIPORTS/part-054849_475608-016993.parquet,real_data_sample\l2_unseen_validation\trade_date=2026-07-17\exchange=NSE\symbol=ADANIPORTS\part-054849_475608-016993.parquet,35484,downloaded,35484,
2026-07-17,NSE,ADANIPORTS,raw_l2/trade_date=2026-07-17/exchange=NSE/symbol=ADANIPORTS/part-054710_475851-016769.parquet,real_data_sample\l2_unseen_validation\trade_date=2026-07-17\exchange=NSE\symbol=ADANIPORTS\part-054710_475851-016769.parquet,35436,downloaded,35436,
2026-07-17,NSE,ADANIPORTS,raw_l2/trade_date=2026-07-17/exchange=NSE/symbol=ADANIPORTS/part-054547_484300-016577.parquet,real_data_sample\l2_unseen_validation\trade_date=2026-07-17\exchange=NSE\symbol=ADANIPORTS\part-054547_484300-016577.parquet,34715,downloaded,34715,
2026-07-17,NSE,ADANIPORTS,raw_l2/trade_date=2026-07-17/exchange=NSE/symbol=ADANIPORTS/part-054820_977067-016929.parquet,real_data_sample\l2_unseen_validation\trade_date=2026-07-17\exchange=NSE\symbol=ADANIPORTS\part-054820_977067-016929.parquet,35374,downloaded,35374,
2026-07-17,NSE,ADANIPORTS,raw_l2/trade_date=2026-07-17/exchange=NSE/symbol=ADANIPORTS/part-054615_226924-016641.parquet,real_data_sample\l2_unseen_validation\trade_date=2026-07-17\exchange=NSE\symbol=ADANIPORTS\part-054615_226924-016641.parquet,34993,downloaded,34993,
2026-07-17,NSE,ADANIPORTS,raw_l2/trade_date=2026-07-17/exchange=NSE/symbol=ADANIPORTS/part-054642_725212-016705.parquet,real_data_sample\l2_unseen_validation\trade_date=2026-07-17\exchange=NSE\symbol=ADANIPORTS\part-054642_725212-016705.parquet,35114,downloaded,35114,
2026-07-17,NSE,ADANIPORTS,raw_l2/trade_date=2026-07-17/exchange=NSE/symbol=ADANIPORTS/part-054752_975877-016865.parquet,real_data_sample\l2_unseen_validation\trade_date=2026-07-17\exchange=NSE\symbol=ADANIPORTS\part-054752_975877-016865.parquet,34800,downloaded,34800,
2026-07-17,NSE,ADANIPORTS,raw_l2/trade_date=2026-07-17/exchange=NSE/symbol=ADANIPORTS/part-054738_725792-016833.parquet,real_data_sample\l2_unseen_validation\trade_date=2026-07-17\exchange=NSE\symbol=ADANIPORTS\part-054738_725792-016833.parquet,34634,downloaded,34634,
2026-07-17,NSE,ADANIPORTS,raw_l2/trade_date=2026-07-17/exchange=NSE/symbol=ADANIPORTS/part-054806_975168-016897.parquet,real_data_sample\l2_unseen_validation\trade_date=2026-07-17\exchange=NSE\symbol=ADANIPORTS\part-054806_975168-016897.parquet,34686,downloaded,34686,
2026-07-17,NSE,ADANIPORTS,raw_l2/trade_date=2026-07-17/exchange=NSE/symbol=ADANIPORTS/part-055000_727014-017153.parquet,real_data_sample\l2_unseen_validation\trade_date=2026-07-17\exchange=NSE\symbol=ADANIPORTS\part-055000_727014-017153.parquet,34815,downloaded,34815,
2026-07-17,NSE,ADANIPORTS,raw_l2/trade_date=2026-07-17/exchange=NSE/symbol=ADANIPORTS/part-045626_219778-009825.parquet,real_data_sample\l2_unseen_validation\trade_date=2026-07-17\exchange=NSE\symbol=ADANIPORTS\part-045626_219778-009825.parquet,34611,downloaded,34611,
2026-07-17,NSE,ADANIPORTS,raw_l2/trade_date=2026-07-17/exchange=NSE/symbol=ADANIPORTS/part-054437_984613-016417.parquet,real_data_sample\l2_unseen_validation\trade_date=2026-07-17\exchange=NSE\symbol=ADANIPORTS\part-054437_984613-016417.parquet,34761,downloaded,34761,
2026-07-17,NSE,ADANIPORTS,raw_l2/trade_date=2026-07-17/exchange=NSE/symbol=ADANIPORTS/part-055142_515868-017377.parquet,real_data_sample\l2_unseen_validation\trade_date=2026-07-17\exchange=NSE\symbol=ADANIPORTS\part-055142_515868-017377.parquet,34674,downloaded,34674,
2026-07-17,NSE,ADANIPORTS,raw_l2/trade_date=2026-07-17/exchange=NSE/symbol=ADANIPORTS/part-055226_308363-017473.parquet,real_data_sample\l2_unseen_validation\trade_date=2026-07-17\exchange=NSE\symbol=ADANIPORTS\part-055226_308363-017473.parquet,34630,downloaded,34630,
2026-07-17,NSE,ADANIPORTS,raw_l2/trade_date=2026-07-17/exchange=NSE/symbol=ADANIPORTS/part-055421_760958-017729.parquet,real_data_sample\l2_unseen_validation\trade_date=2026-07-17\exchange=NSE\symbol=ADANIPORTS\part-055421_760958-017729.parquet,34859,downloaded,34859,
2026-07-17,NSE,ADANIPORTS,raw_l2/trade_date=2026-07-17/exchange=NSE/symbol=ADANIPORTS/part-055338_772717-017633.parquet,real_data_sample\l2_unseen_validation\trade_date=2026-07-17\exchange=NSE\symbol=ADANIPORTS\part-055338_772717-017633.parquet,34794,downloaded,34794,
2026-07-17,NSE,ADANIPORTS,raw_l2/trade_date=2026-07-17/exchange=NSE/symbol=ADANIPORTS/part-055256_012481-017537.parquet,real_data_sample\l2_unseen_validation\trade_date=2026-07-17\exchange=NSE\symbol=ADANIPORTS\part-055256_012481-017537.parquet,34722,downloaded,34722,
2026-07-17,NSE,ADANIPORTS,raw_l2/trade_date=2026-07-17/exchange=NSE/symbol=ADANIPORTS/part-055407_513264-017697.parquet,real_data_sample\l2_unseen_validation\trade_date=2026-07-17\exchange=NSE\symbol=ADANIPORTS\part-055407_513264-017697.parquet,34911,downloaded,34911,
2026-07-17,NSE,ADANIPORTS,raw_l2/trade_date=2026-07-17/exchange=NSE/symbol=ADANIPORTS/part-055058_274371-017281.parquet,real_data_sample\l2_unseen_validation\trade_date=2026-07-17\exchange=NSE\symbol=ADANIPORTS\part-055058_274371-017281.parquet,34624,downloaded,34624,
2026-07-17,NSE,ADANIPORTS,raw_l2/trade_date=2026-07-17/exchange=NSE/symbol=ADANIPORTS/part-055353_265424-017665.parquet,real_data_sample\l2_unseen_validation\trade_date=2026-07-17\exchange=NSE\symbol=ADANIPORTS\part-055353_265424-017665.parquet,34672,downloaded,34672,
2026-07-17,NSE,ADANIPORTS,raw_l2/trade_date=2026-07-17/exchange=NSE/symbol=ADANIPORTS/part-055324_513144-017601.parquet,real_data_sample\l2_unseen_validation\trade_date=2026-07-17\exchange=NSE\symbol=ADANIPORTS\part-055324_513144-017601.parquet,34770,downloaded,34770,
2026-07-17,NSE,ADANIPORTS,raw_l2/trade_date=2026-07-17/exchange=NSE/symbol=ADANIPORTS/part-055545_761667-017921.parquet,real_data_sample\l2_unseen_validation\trade_date=2026-07-17\exchange=NSE\symbol=ADANIPORTS\part-055545_761667-017921.parquet,34681,downloaded,34681,
2026-07-17,NSE,ADANIPORTS,raw_l2/trade_date=2026-07-17/exchange=NSE/symbol=ADANIPORTS/part-055435_760688-017761.parquet,real_data_sample\l2_unseen_validation\trade_date=2026-07-17\exchange=NSE\symbol=ADANIPORTS\part-055435_760688-017761.parquet,34735,downloaded,34735,
2026-07-17,NSE,ADANIPORTS,raw_l2/trade_date=2026-07-17/exchange=NSE/symbol=ADANIPORTS/part-055449_760518-017793.parquet,real_data_sample\l2_unseen_validation\trade_date=2026-07-17\exchange=NSE\symbol=ADANIPORTS\part-055449_760518-017793.parquet,34442,downloaded,34442,
2026-07-17,NSE,ADANIPORTS,raw_l2/trade_date=2026-07-17/exchange=NSE/symbol=ADANIPORTS/part-055503_785062-017825.parquet,real_data_sample\l2_unseen_validation\trade_date=2026-07-17\exchange=NSE\symbol=ADANIPORTS\part-055503_785062-017825.parquet,34736,downloaded,34736,
2026-07-17,NSE,ADANIPORTS,raw_l2/trade_date=2026-07-17/exchange=NSE/symbol=ADANIPORTS/part-054601_231434-016609.parquet,real_data_sample\l2_unseen_validation\trade_date=2026-07-17\exchange=NSE\symbol=ADANIPORTS\part-054601_231434-016609.parquet,34679,downloaded,34679,
2026-07-17,NSE,ADANIPORTS,raw_l2/trade_date=2026-07-17/exchange=NSE/symbol=ADANIPORTS/part-055517_762990-017857.parquet,real_data_sample\l2_unseen_validation\trade_date=2026-07-17\exchange=NSE\symbol=ADANIPORTS\part-055517_762990-017857.parquet,34922,downloaded,34922,
2026-07-17,NSE,ADANIPORTS,raw_l2/trade_date=2026-07-17/exchange=NSE/symbol=ADANIPORTS/part-055531_762570-017889.parquet,real_data_sample\l2_unseen_validation\trade_date=2026-07-17\exchange=NSE\symbol=ADANIPORTS\part-055531_762570-017889.parquet,34920,downloaded,34920,
2026-07-17,NSE,ADANIPORTS,raw_l2/trade_date=2026-07-17/exchange=NSE/symbol=ADANIPORTS/part-045530_219767-009697.parquet,real_data_sample\l2_unseen_validation\trade_date=2026-07-17\exchange=NSE\symbol=ADANIPORTS\part-045530_219767-009697.parquet,34718,downloaded,34718,
2026-07-17,NSE,ADANIPORTS,raw_l2/trade_date=2026-07-17/exchange=NSE/symbol=ADANIPORTS/part-055029_261975-017217.parquet,real_data_sample\l2_unseen_validation\trade_date=2026-07-17\exchange=NSE\symbol=ADANIPORTS\part-055029_261975-017217.parquet,34691,downloaded,34691,
2026-07-17,NSE,ADANIPORTS,raw_l2/trade_date=2026-07-17/exchange=NSE/symbol=ADANIPORTS/part-055752_512507-018209.parquet,real_data_sample\l2_unseen_validation\trade_date=2026-07-17\exchange=NSE\symbol=ADANIPORTS\part-055752_512507-018209.parquet,35027,downloaded,35027,
2026-07-17,NSE,ADANIPORTS,raw_l2/trade_date=2026-07-17/exchange=NSE/symbol=ADANIPORTS/part-055241_042241-017505.parquet,real_data_sample\l2_unseen_validation\trade_date=2026-07-17\exchange=NSE\symbol=ADANIPORTS\part-055241_042241-017505.parquet,34800,downloaded,34800,
2026-07-17,NSE,ADANIPORTS,raw_l2/trade_date=2026-07-17/exchange=NSE/symbol=ADANIPORTS/part-055820_512021-018273.parquet,real_data_sample\l2_unseen_validation\trade_date=2026-07-17\exchange=NSE\symbol=ADANIPORTS\part-055820_512021-018273.parquet,35011,downloaded,35011,
2026-07-17,NSE,ADANIPORTS,raw_l2/trade_date=2026-07-17/exchange=NSE/symbol=ADANIPORTS/part-055724_262542-018145.parquet,real_data_sample\l2_unseen_validation\trade_date=2026-07-17\exchange=NSE\symbol=ADANIPORTS\part-055724_262542-018145.parquet,35498,downloaded,35498,
2026-07-17,NSE,ADANIPORTS,raw_l2/trade_date=2026-07-17/exchange=NSE/symbol=ADANIPORTS/part-055738_512389-018177.parquet,real_data_sample\l2_unseen_validation\trade_date=2026-07-17\exchange=NSE\symbol=ADANIPORTS\part-055738_512389-018177.parquet,35425,downloaded,35425,
2026-07-17,NSE,ADANIPORTS,raw_l2/trade_date=2026-07-17/exchange=NSE/symbol=ADANIPORTS/part-055628_013321-018017.parquet,real_data_sample\l2_unseen_validation\trade_date=2026-07-17\exchange=NSE\symbol=ADANIPORTS\part-055628_013321-018017.parquet,35820,downloaded,35820,
2026-07-17,NSE,ADANIPORTS,raw_l2/trade_date=2026-07-17/exchange=NSE/symbol=ADANIPORTS/part-055656_262365-018081.parquet,real_data_sample\l2_unseen_validation\trade_date=2026-07-17\exchange=NSE\symbol=ADANIPORTS\part-055656_262365-018081.parquet,35357,downloaded,35357,
2026-07-17,NSE,ADANIPORTS,raw_l2/trade_date=2026-07-17/exchange=NSE/symbol=ADANIPORTS/part-055806_513760-018241.parquet,real_data_sample\l2_unseen_validation\trade_date=2026-07-17\exchange=NSE\symbol=ADANIPORTS\part-055806_513760-018241.parquet,35384,downloaded,35384,
2026-07-17,NSE,ADANIPORTS,raw_l2/trade_date=2026-07-17/exchange=NSE/symbol=ADANIPORTS/part-055642_263171-018049.parquet,real_data_sample\l2_unseen_validation\trade_date=2026-07-17\exchange=NSE\symbol=ADANIPORTS\part-055642_263171-018049.parquet,35716,downloaded,35716,
2026-07-17,NSE,ADANIPORTS,raw_l2/trade_date=2026-07-17/exchange=NSE/symbol=ADANIPORTS/part-055710_264477-018113.parquet,real_data_sample\l2_unseen_validation\trade_date=2026-07-17\exchange=NSE\symbol=ADANIPORTS\part-055710_264477-018113.parquet,35742,downloaded,35742,
2026-07-17,NSE,ADANIPORTS,raw_l2/trade_date=2026-07-17/exchange=NSE/symbol=ADANIPORTS/part-055849_012074-018337.parquet,real_data_sample\l2_unseen_validation\trade_date=2026-07-17\exchange=NSE\symbol=ADANIPORTS\part-055849_012074-018337.parquet,34678,downloaded,34678,
2026-07-17,NSE,ADANIPORTS,raw_l2/trade_date=2026-07-17/exchange=NSE/symbol=ADANIPORTS/part-055945_521759-018465.parquet,real_data_sample\l2_unseen_validation\trade_date=2026-07-17\exchange=NSE\symbol=ADANIPORTS\part-055945_521759-018465.parquet,34753,downloaded,34753,
2026-07-17,NSE,ADANIPORTS,raw_l2/trade_date=2026-07-17/exchange=NSE/symbol=ADANIPORTS/part-055834_763490-018305.parquet,real_data_sample\l2_unseen_validation\trade_date=2026-07-17\exchange=NSE\symbol=ADANIPORTS\part-055834_763490-018305.parquet,34977,downloaded,34977,
2026-07-17,NSE,ADANIPORTS,raw_l2/trade_date=2026-07-17/exchange=NSE/symbol=ADANIPORTS/part-055917_265833-018401.parquet,real_data_sample\l2_unseen_validation\trade_date=2026-07-17\exchange=NSE\symbol=ADANIPORTS\part-055917_265833-018401.parquet,34715,downloaded,34715,
2026-07-17,NSE,ADANIPORTS,raw_l2/trade_date=2026-07-17/exchange=NSE/symbol=ADANIPORTS/part-055903_260745-018369.parquet,real_data_sample\l2_unseen_validation\trade_date=2026-07-17\exchange=NSE\symbol=ADANIPORTS\part-055903_260745-018369.parquet,34590,downloaded,34590,
2026-07-17,NSE,ADANIPORTS,raw_l2/trade_date=2026-07-17/exchange=NSE/symbol=ADANIPORTS/part-060000_016965-018497.parquet,real_data_sample\l2_unseen_validation\trade_date=2026-07-17\exchange=NSE\symbol=ADANIPORTS\part-060000_016965-018497.parquet,34628,downloaded,34628,
2026-07-17,NSE,ADANIPORTS,raw_l2/trade_date=2026-07-17/exchange=NSE/symbol=ADANIPORTS/part-053917_982625-015681.parquet,real_data_sample\l2_unseen_validation\trade_date=2026-07-17\exchange=NSE\symbol=ADANIPORTS\part-053917_982625-015681.parquet,34719,downloaded,34719,
2026-07-17,NSE,ADANIPORTS,raw_l2/trade_date=2026-07-17/exchange=NSE/symbol=ADANIPORTS/part-045544_221491-009729.parquet,real_data_sample\l2_unseen_validation\trade_date=2026-07-17\exchange=NSE\symbol=ADANIPORTS\part-045544_221491-009729.parquet,34306,downloaded,34306,
2026-07-17,NSE,ADANIPORTS,raw_l2/trade_date=2026-07-17/exchange=NSE/symbol=ADANIPORTS/part-055614_015692-017985.parquet,real_data_sample\l2_unseen_validation\trade_date=2026-07-17\exchange=NSE\symbol=ADANIPORTS\part-055614_015692-017985.parquet,35146,downloaded,35146,
2026-07-17,NSE,ADANIPORTS,raw_l2/trade_date=2026-07-17/exchange=NSE/symbol=ADANIPORTS/part-060153_514087-018753.parquet,real_data_sample\l2_unseen_validation\trade_date=2026-07-17\exchange=NSE\symbol=ADANIPORTS\part-060153_514087-018753.parquet,34687,downloaded,34687,
2026-07-17,NSE,ADANIPORTS,raw_l2/trade_date=2026-07-17/exchange=NSE/symbol=ADANIPORTS/part-060249_763707-018881.parquet,real_data_sample\l2_unseen_validation\trade_date=2026-07-17\exchange=NSE\symbol=ADANIPORTS\part-060249_763707-018881.parquet,34632,downloaded,34632,
2026-07-17,NSE,ADANIPORTS,raw_l2/trade_date=2026-07-17/exchange=NSE/symbol=ADANIPORTS/part-060235_761240-018849.parquet,real_data_sample\l2_unseen_validation\trade_date=2026-07-17\exchange=NSE\symbol=ADANIPORTS\part-060235_761240-018849.parquet,34670,downloaded,34670,
2026-07-17,NSE,ADANIPORTS,raw_l2/trade_date=2026-07-17/exchange=NSE/symbol=ADANIPORTS/part-060304_011090-018913.parquet,real_data_sample\l2_unseen_validation\trade_date=2026-07-17\exchange=NSE\symbol=ADANIPORTS\part-060304_011090-018913.parquet,34608,downloaded,34608,
2026-07-17,NSE,ADANIPORTS,raw_l2/trade_date=2026-07-17/exchange=NSE/symbol=ADANIPORTS/part-060207_512352-018785.parquet,real_data_sample\l2_unseen_validation\trade_date=2026-07-17\exchange=NSE\symbol=ADANIPORTS\part-060207_512352-018785.parquet,34707,downloaded,34707,
2026-07-17,NSE,ADANIPORTS,raw_l2/trade_date=2026-07-17/exchange=NSE/symbol=ADANIPORTS/part-060332_011111-018977.parquet,real_data_sample\l2_unseen_validation\trade_date=2026-07-17\exchange=NSE\symbol=ADANIPORTS\part-060332_011111-018977.parquet,34657,downloaded,34657,
2026-07-17,NSE,ADANIPORTS,raw_l2/trade_date=2026-07-17/exchange=NSE/symbol=ADANIPORTS/part-060139_262064-018721.parquet,real_data_sample\l2_unseen_validation\trade_date=2026-07-17\exchange=NSE\symbol=ADANIPORTS\part-060139_262064-018721.parquet,34610,downloaded,34610,
2026-07-17,NSE,ADANIPORTS,raw_l2/trade_date=2026-07-17/exchange=NSE/symbol=ADANIPORTS/part-060125_262622-018689.parquet,real_data_sample\l2_unseen_validation\trade_date=2026-07-17\exchange=NSE\symbol=ADANIPORTS\part-060125_262622-018689.parquet,34729,downloaded,34729,
2026-07-17,NSE,ADANIPORTS,raw_l2/trade_date=2026-07-17/exchange=NSE/symbol=ADANIPORTS/part-060221_764026-018817.parquet,real_data_sample\l2_unseen_validation\trade_date=2026-07-17\exchange=NSE\symbol=ADANIPORTS\part-060221_764026-018817.parquet,34710,downloaded,34710,
2026-07-17,NSE,ADANIPORTS,raw_l2/trade_date=2026-07-17/exchange=NSE/symbol=ADANIPORTS/part-055931_515752-018433.parquet,real_data_sample\l2_unseen_validation\trade_date=2026-07-17\exchange=NSE\symbol=ADANIPORTS\part-055931_515752-018433.parquet,34535,downloaded,34535,
2026-07-17,NSE,ADANIPORTS,raw_l2/trade_date=2026-07-17/exchange=NSE/symbol=ADANIPORTS/part-060042_761364-018593.parquet,real_data_sample\l2_unseen_validation\trade_date=2026-07-17\exchange=NSE\symbol=ADANIPORTS\part-060042_761364-018593.parquet,34675,downloaded,34675,
2026-07-17,NSE,ADANIPORTS,raw_l2/trade_date=2026-07-17/exchange=NSE/symbol=ADANIPORTS/part-060111_262471-018657.parquet,real_data_sample\l2_unseen_validation\trade_date=2026-07-17\exchange=NSE\symbol=ADANIPORTS\part-060111_262471-018657.parquet,34664,downloaded,34664,
2026-07-17,NSE,ADANIPORTS,raw_l2/trade_date=2026-07-17/exchange=NSE/symbol=ADANIPORTS/part-060318_011475-018945.parquet,real_data_sample\l2_unseen_validation\trade_date=2026-07-17\exchange=NSE\symbol=ADANIPORTS\part-060318_011475-018945.parquet,34804,downloaded,34804,
2026-07-17,NSE,ADANIPORTS,raw_l2/trade_date=2026-07-17/exchange=NSE/symbol=ADANIPORTS/part-060400_013522-019041.parquet,real_data_sample\l2_unseen_validation\trade_date=2026-07-17\exchange=NSE\symbol=ADANIPORTS\part-060400_013522-019041.parquet,34469,downloaded,34469,
2026-07-17,NSE,ADANIPORTS,raw_l2/trade_date=2026-07-17/exchange=NSE/symbol=ADANIPORTS/part-060346_012509-019009.parquet,real_data_sample\l2_unseen_validation\trade_date=2026-07-17\exchange=NSE\symbol=ADANIPORTS\part-060346_012509-019009.parquet,34603,downloaded,34603,
2026-07-17,NSE,ADANIPORTS,raw_l2/trade_date=2026-07-17/exchange=NSE/symbol=ADANIPORTS/part-060414_010996-019073.parquet,real_data_sample\l2_unseen_validation\trade_date=2026-07-17\exchange=NSE\symbol=ADANIPORTS\part-060414_010996-019073.parquet,34576,downloaded,34576,
2026-07-17,NSE,ADANIPORTS,raw_l2/trade_date=2026-07-17/exchange=NSE/symbol=ADANIPORTS/part-060014_512061-018529.parquet,real_data_sample\l2_unseen_validation\trade_date=2026-07-17\exchange=NSE\symbol=ADANIPORTS\part-060014_512061-018529.parquet,34785,downloaded,34785,
2026-07-17,NSE,ADANIPORTS,raw_l2/trade_date=2026-07-17/exchange=NSE/symbol=ADANIPORTS/part-060028_511410-018561.parquet,real_data_sample\l2_unseen_validation\trade_date=2026-07-17\exchange=NSE\symbol=ADANIPORTS\part-060028_511410-018561.parquet,34669,downloaded,34669,
2026-07-17,NSE,ADANIPORTS,raw_l2/trade_date=2026-07-17/exchange=NSE/symbol=ADANIPORTS/part-055559_762301-017953.parquet,real_data_sample\l2_unseen_validation\trade_date=2026-07-17\exchange=NSE\symbol=ADANIPORTS\part-055559_762301-017953.parquet,34820,downloaded,34820,
2026-07-17,NSE,ADANIPORTS,raw_l2/trade_date=2026-07-17/exchange=NSE/symbol=ADANIPORTS/part-060553_010705-019297.parquet,real_data_sample\l2_unseen_validation\trade_date=2026-07-17\exchange=NSE\symbol=ADANIPORTS\part-060553_010705-019297.parquet,34500,downloaded,34500,
2026-07-17,NSE,ADANIPORTS,raw_l2/trade_date=2026-07-17/exchange=NSE/symbol=ADANIPORTS/part-060620_761538-019361.parquet,real_data_sample\l2_unseen_validation\trade_date=2026-07-17\exchange=NSE\symbol=ADANIPORTS\part-060620_761538-019361.parquet,34734,downloaded,34734,
2026-07-17,NSE,ADANIPORTS,raw_l2/trade_date=2026-07-17/exchange=NSE/symbol=ADANIPORTS/part-060607_010925-019329.parquet,real_data_sample\l2_unseen_validation\trade_date=2026-07-17\exchange=NSE\symbol=ADANIPORTS\part-060607_010925-019329.parquet,34792,downloaded,34792,
2026-07-17,NSE,ADANIPORTS,raw_l2/trade_date=2026-07-17/exchange=NSE/symbol=ADANIPORTS/part-060634_763030-019393.parquet,real_data_sample\l2_unseen_validation\trade_date=2026-07-17\exchange=NSE\symbol=ADANIPORTS\part-060634_763030-019393.parquet,34494,downloaded,34494,
2026-07-17,NSE,ADANIPORTS,raw_l2/trade_date=2026-07-17/exchange=NSE/symbol=ADANIPORTS/part-060648_761449-019425.parquet,real_data_sample\l2_unseen_validation\trade_date=2026-07-17\exchange=NSE\symbol=ADANIPORTS\part-060648_761449-019425.parquet,34644,downloaded,34644,
2026-07-17,NSE,ADANIPORTS,raw_l2/trade_date=2026-07-17/exchange=NSE/symbol=ADANIPORTS/part-060731_221683-019521.parquet,real_data_sample\l2_unseen_validation\trade_date=2026-07-17\exchange=NSE\symbol=ADANIPORTS\part-060731_221683-019521.parquet,34798,downloaded,34798,
2026-07-17,NSE,ADANIPORTS,raw_l2/trade_date=2026-07-17/exchange=NSE/symbol=ADANIPORTS/part-060703_011881-019457.parquet,real_data_sample\l2_unseen_validation\trade_date=2026-07-17\exchange=NSE\symbol=ADANIPORTS\part-060703_011881-019457.parquet,34718,downloaded,34718,
2026-07-17,NSE,ADANIPORTS,raw_l2/trade_date=2026-07-17/exchange=NSE/symbol=ADANIPORTS/part-060539_013987-019265.parquet,real_data_sample\l2_unseen_validation\trade_date=2026-07-17\exchange=NSE\symbol=ADANIPORTS\part-060539_013987-019265.parquet,34941,downloaded,34941,
2026-07-17,NSE,ADANIPORTS,raw_l2/trade_date=2026-07-17/exchange=NSE/symbol=ADANIPORTS/part-060510_762213-019201.parquet,real_data_sample\l2_unseen_validation\trade_date=2026-07-17\exchange=NSE\symbol=ADANIPORTS\part-060510_762213-019201.parquet,34720,downloaded,34720,
2026-07-17,NSE,ADANIPORTS,raw_l2/trade_date=2026-07-17/exchange=NSE/symbol=ADANIPORTS/part-060745_470818-019553.parquet,real_data_sample\l2_unseen_validation\trade_date=2026-07-17\exchange=NSE\symbol=ADANIPORTS\part-060745_470818-019553.parquet,34846,downloaded,34846,
2026-07-17,NSE,ADANIPORTS,raw_l2/trade_date=2026-07-17/exchange=NSE/symbol=ADANIPORTS/part-060057_014811-018625.parquet,real_data_sample\l2_unseen_validation\trade_date=2026-07-17\exchange=NSE\symbol=ADANIPORTS\part-060057_014811-018625.parquet,34947,downloaded,34947,
2026-07-17,NSE,ADANIPORTS,raw_l2/trade_date=2026-07-17/exchange=NSE/symbol=ADANIPORTS/part-060524_762016-019233.parquet,real_data_sample\l2_unseen_validation\trade_date=2026-07-17\exchange=NSE\symbol=ADANIPORTS\part-060524_762016-019233.parquet,34637,downloaded,34637,
2026-07-17,NSE,ADANIPORTS,raw_l2/trade_date=2026-07-17/exchange=NSE/symbol=ADANIPORTS/part-060830_473449-019649.parquet,real_data_sample\l2_unseen_validation\trade_date=2026-07-17\exchange=NSE\symbol=ADANIPORTS\part-060830_473449-019649.parquet,34771,downloaded,34771,
2026-07-17,NSE,ADANIPORTS,raw_l2/trade_date=2026-07-17/exchange=NSE/symbol=ADANIPORTS/part-060800_470802-019585.parquet,real_data_sample\l2_unseen_validation\trade_date=2026-07-17\exchange=NSE\symbol=ADANIPORTS\part-060800_470802-019585.parquet,34872,downloaded,34872,
2026-07-17,NSE,ADANIPORTS,raw_l2/trade_date=2026-07-17/exchange=NSE/symbol=ADANIPORTS/part-060815_973351-019617.parquet,real_data_sample\l2_unseen_validation\trade_date=2026-07-17\exchange=NSE\symbol=ADANIPORTS\part-060815_973351-019617.parquet,34994,downloaded,34994,
2026-07-17,NSE,ADANIPORTS,raw_l2/trade_date=2026-07-17/exchange=NSE/symbol=ADANIPORTS/part-060844_972598-019681.parquet,real_data_sample\l2_unseen_validation\trade_date=2026-07-17\exchange=NSE\symbol=ADANIPORTS\part-060844_972598-019681.parquet,35049,downloaded,35049,
2026-07-17,NSE,ADANIPORTS,raw_l2/trade_date=2026-07-17/exchange=NSE/symbol=ADANIPORTS/part-045447_981591-009601.parquet,real_data_sample\l2_unseen_validation\trade_date=2026-07-17\exchange=NSE\symbol=ADANIPORTS\part-045447_981591-009601.parquet,34550,downloaded,34550,
2026-07-17,NSE,ADANIPORTS,raw_l2/trade_date=2026-07-17/exchange=NSE/symbol=ADANIPORTS/part-060456_761400-019169.parquet,real_data_sample\l2_unseen_validation\trade_date=2026-07-17\exchange=NSE\symbol=ADANIPORTS\part-060456_761400-019169.parquet,34616,downloaded,34616,
2026-07-17,NSE,ADANIPORTS,raw_l2/trade_date=2026-07-17/exchange=NSE/symbol=ADANIPORTS/part-061136_721033-020065.parquet,real_data_sample\l2_unseen_validation\trade_date=2026-07-17\exchange=NSE\symbol=ADANIPORTS\part-061136_721033-020065.parquet,34748,downloaded,34748,
2026-07-17,NSE,ADANIPORTS,raw_l2/trade_date=2026-07-17/exchange=NSE/symbol=ADANIPORTS/part-061039_220155-019937.parquet,real_data_sample\l2_unseen_validation\trade_date=2026-07-17\exchange=NSE\symbol=ADANIPORTS\part-061039_220155-019937.parquet,34783,downloaded,34783,
2026-07-17,NSE,ADANIPORTS,raw_l2/trade_date=2026-07-17/exchange=NSE/symbol=ADANIPORTS/part-061122_471357-020033.parquet,real_data_sample\l2_unseen_validation\trade_date=2026-07-17\exchange=NSE\symbol=ADANIPORTS\part-061122_471357-020033.parquet,34764,downloaded,34764,
2026-07-17,NSE,ADANIPORTS,raw_l2/trade_date=2026-07-17/exchange=NSE/symbol=ADANIPORTS/part-060859_225287-019713.parquet,real_data_sample\l2_unseen_validation\trade_date=2026-07-17\exchange=NSE\symbol=ADANIPORTS\part-060859_225287-019713.parquet,35036,downloaded,35036,
2026-07-17,NSE,ADANIPORTS,raw_l2/trade_date=2026-07-17/exchange=NSE/symbol=ADANIPORTS/part-060942_221182-019809.parquet,real_data_sample\l2_unseen_validation\trade_date=2026-07-17\exchange=NSE\symbol=ADANIPORTS\part-060942_221182-019809.parquet,34939,downloaded,34939,
2026-07-17,NSE,ADANIPORTS,raw_l2/trade_date=2026-07-17/exchange=NSE/symbol=ADANIPORTS/part-061053_720287-019969.parquet,real_data_sample\l2_unseen_validation\trade_date=2026-07-17\exchange=NSE\symbol=ADANIPORTS\part-061053_720287-019969.parquet,34544,downloaded,34544,
2026-07-17,NSE,ADANIPORTS,raw_l2/trade_date=2026-07-17/exchange=NSE/symbol=ADANIPORTS/part-061108_250504-020001.parquet,real_data_sample\l2_unseen_validation\trade_date=2026-07-17\exchange=NSE\symbol=ADANIPORTS\part-061108_250504-020001.parquet,34579,downloaded,34579,
2026-07-17,NSE,ADANIPORTS,raw_l2/trade_date=2026-07-17/exchange=NSE/symbol=ADANIPORTS/part-060956_220153-019841.parquet,real_data_sample\l2_unseen_validation\trade_date=2026-07-17\exchange=NSE\symbol=ADANIPORTS\part-060956_220153-019841.parquet,34641,downloaded,34641,
2026-07-17,NSE,ADANIPORTS,raw_l2/trade_date=2026-07-17/exchange=NSE/symbol=ADANIPORTS/part-061010_720300-019873.parquet,real_data_sample\l2_unseen_validation\trade_date=2026-07-17\exchange=NSE\symbol=ADANIPORTS\part-061010_720300-019873.parquet,34921,downloaded,34921,
2026-07-17,NSE,ADANIPORTS,raw_l2/trade_date=2026-07-17/exchange=NSE/symbol=ADANIPORTS/part-060717_014444-019489.parquet,real_data_sample\l2_unseen_validation\trade_date=2026-07-17\exchange=NSE\symbol=ADANIPORTS\part-060717_014444-019489.parquet,34605,downloaded,34605,
2026-07-17,NSE,ADANIPORTS,raw_l2/trade_date=2026-07-17/exchange=NSE/symbol=ADANIPORTS/part-061024_974405-019905.parquet,real_data_sample\l2_unseen_validation\trade_date=2026-07-17\exchange=NSE\symbol=ADANIPORTS\part-061024_974405-019905.parquet,34768,downloaded,34768,
2026-07-17,NSE,ADANIPORTS,raw_l2/trade_date=2026-07-17/exchange=NSE/symbol=ADANIPORTS/part-061303_475579-020257.parquet,real_data_sample\l2_unseen_validation\trade_date=2026-07-17\exchange=NSE\symbol=ADANIPORTS\part-061303_475579-020257.parquet,34816,downloaded,34816,
2026-07-17,NSE,ADANIPORTS,raw_l2/trade_date=2026-07-17/exchange=NSE/symbol=ADANIPORTS/part-061248_973740-020225.parquet,real_data_sample\l2_unseen_validation\trade_date=2026-07-17\exchange=NSE\symbol=ADANIPORTS\part-061248_973740-020225.parquet,34786,downloaded,34786,
2026-07-17,NSE,ADANIPORTS,raw_l2/trade_date=2026-07-17/exchange=NSE/symbol=ADANIPORTS/part-061151_222999-020097.parquet,real_data_sample\l2_unseen_validation\trade_date=2026-07-17\exchange=NSE\symbol=ADANIPORTS\part-061151_222999-020097.parquet,34801,downloaded,34801,
2026-07-17,NSE,ADANIPORTS,raw_l2/trade_date=2026-07-17/exchange=NSE/symbol=ADANIPORTS/part-061220_223165-020161.parquet,real_data_sample\l2_unseen_validation\trade_date=2026-07-17\exchange=NSE\symbol=ADANIPORTS\part-061220_223165-020161.parquet,34970,downloaded,34970,
2026-07-17,NSE,ADANIPORTS,raw_l2/trade_date=2026-07-17/exchange=NSE/symbol=ADANIPORTS/part-061317_986921-020289.parquet,real_data_sample\l2_unseen_validation\trade_date=2026-07-17\exchange=NSE\symbol=ADANIPORTS\part-061317_986921-020289.parquet,35157,downloaded,35157,
2026-07-17,NSE,ADANIPORTS,raw_l2/trade_date=2026-07-17/exchange=NSE/symbol=ADANIPORTS/part-060927_721147-019777.parquet,real_data_sample\l2_unseen_validation\trade_date=2026-07-17\exchange=NSE\symbol=ADANIPORTS\part-060927_721147-019777.parquet,34855,downloaded,34855,
2026-07-17,NSE,ADANIPORTS,raw_l2/trade_date=2026-07-17/exchange=NSE/symbol=ADANIPORTS/part-061234_722054-020193.parquet,real_data_sample\l2_unseen_validation\trade_date=2026-07-17\exchange=NSE\symbol=ADANIPORTS\part-061234_722054-020193.parquet,35016,downloaded,35016,
2026-07-17,NSE,ADANIPORTS,raw_l2/trade_date=2026-07-17/exchange=NSE/symbol=ADANIPORTS/part-060913_225236-019745.parquet,real_data_sample\l2_unseen_validation\trade_date=2026-07-17\exchange=NSE\symbol=ADANIPORTS\part-060913_225236-019745.parquet,34794,downloaded,34794,
2026-07-17,NSE,ADANIPORTS,raw_l2/trade_date=2026-07-17/exchange=NSE/symbol=ADANIPORTS/part-060428_261245-019105.parquet,real_data_sample\l2_unseen_validation\trade_date=2026-07-17\exchange=NSE\symbol=ADANIPORTS\part-060428_261245-019105.parquet,34772,downloaded,34772,
2026-07-17,NSE,ADANIPORTS,raw_l2/trade_date=2026-07-17/exchange=NSE/symbol=ADANIPORTS/part-061415_235367-020417.parquet,real_data_sample\l2_unseen_validation\trade_date=2026-07-17\exchange=NSE\symbol=ADANIPORTS\part-061415_235367-020417.parquet,34941,downloaded,34941,
2026-07-17,NSE,ADANIPORTS,raw_l2/trade_date=2026-07-17/exchange=NSE/symbol=ADANIPORTS/part-061400_984376-020385.parquet,real_data_sample\l2_unseen_validation\trade_date=2026-07-17\exchange=NSE\symbol=ADANIPORTS\part-061400_984376-020385.parquet,35506,downloaded,35506,
2026-07-17,NSE,ADANIPORTS,raw_l2/trade_date=2026-07-17/exchange=NSE/symbol=ADANIPORTS/part-061429_733423-020449.parquet,real_data_sample\l2_unseen_validation\trade_date=2026-07-17\exchange=NSE\symbol=ADANIPORTS\part-061429_733423-020449.parquet,34776,downloaded,34776,
2026-07-17,NSE,ADANIPORTS,raw_l2/trade_date=2026-07-17/exchange=NSE/symbol=ADANIPORTS/part-061527_235170-020577.parquet,real_data_sample\l2_unseen_validation\trade_date=2026-07-17\exchange=NSE\symbol=ADANIPORTS\part-061527_235170-020577.parquet,34656,downloaded,34656,
2026-07-17,NSE,ADANIPORTS,raw_l2/trade_date=2026-07-17/exchange=NSE/symbol=ADANIPORTS/part-061458_236413-020513.parquet,real_data_sample\l2_unseen_validation\trade_date=2026-07-17\exchange=NSE\symbol=ADANIPORTS\part-061458_236413-020513.parquet,34808,downloaded,34808,
2026-07-17,NSE,ADANIPORTS,raw_l2/trade_date=2026-07-17/exchange=NSE/symbol=ADANIPORTS/part-061512_737337-020545.parquet,real_data_sample\l2_unseen_validation\trade_date=2026-07-17\exchange=NSE\symbol=ADANIPORTS\part-061512_737337-020545.parquet,34817,downloaded,34817,
2026-07-17,NSE,ADANIPORTS,raw_l2/trade_date=2026-07-17/exchange=NSE/symbol=ADANIPORTS/part-061541_487313-020609.parquet,real_data_sample\l2_unseen_validation\trade_date=2026-07-17\exchange=NSE\symbol=ADANIPORTS\part-061541_487313-020609.parquet,34701,downloaded,34701,
2026-07-17,NSE,ADANIPORTS,raw_l2/trade_date=2026-07-17/exchange=NSE/symbol=ADANIPORTS/part-061555_985259-020641.parquet,real_data_sample\l2_unseen_validation\trade_date=2026-07-17\exchange=NSE\symbol=ADANIPORTS\part-061555_985259-020641.parquet,34758,downloaded,34758,
2026-07-17,NSE,ADANIPORTS,raw_l2/trade_date=2026-07-17/exchange=NSE/symbol=ADANIPORTS/part-061626_238247-020705.parquet,real_data_sample\l2_unseen_validation\trade_date=2026-07-17\exchange=NSE\symbol=ADANIPORTS\part-061626_238247-020705.parquet,34714,downloaded,34714,
2026-07-17,NSE,ADANIPORTS,raw_l2/trade_date=2026-07-17/exchange=NSE/symbol=ADANIPORTS/part-061640_485289-020737.parquet,real_data_sample\l2_unseen_validation\trade_date=2026-07-17\exchange=NSE\symbol=ADANIPORTS\part-061640_485289-020737.parquet,34989,downloaded,34989,
2026-07-17,NSE,ADANIPORTS,raw_l2/trade_date=2026-07-17/exchange=NSE/symbol=ADANIPORTS/part-061708_727808-020801.parquet,real_data_sample\l2_unseen_validation\trade_date=2026-07-17\exchange=NSE\symbol=ADANIPORTS\part-061708_727808-020801.parquet,34890,downloaded,34890,
2026-07-17,NSE,ADANIPORTS,raw_l2/trade_date=2026-07-17/exchange=NSE/symbol=ADANIPORTS/part-061722_983048-020833.parquet,real_data_sample\l2_unseen_validation\trade_date=2026-07-17\exchange=NSE\symbol=ADANIPORTS\part-061722_983048-020833.parquet,35565,downloaded,35565,
2026-07-17,NSE,ADANIPORTS,raw_l2/trade_date=2026-07-17/exchange=NSE/symbol=ADANIPORTS/part-061806_224991-020929.parquet,real_data_sample\l2_unseen_validation\trade_date=2026-07-17\exchange=NSE\symbol=ADANIPORTS\part-061806_224991-020929.parquet,35622,downloaded,35622,
2026-07-17,NSE,ADANIPORTS,raw_l2/trade_date=2026-07-17/exchange=NSE/symbol=ADANIPORTS/part-055310_272531-017569.parquet,real_data_sample\l2_unseen_validation\trade_date=2026-07-17\exchange=NSE\symbol=ADANIPORTS\part-055310_272531-017569.parquet,34810,downloaded,34810,
2026-07-17,NSE,ADANIPORTS,raw_l2/trade_date=2026-07-17/exchange=NSE/symbol=ADANIPORTS/part-055113_016057-017313.parquet,real_data_sample\l2_unseen_validation\trade_date=2026-07-17\exchange=NSE\symbol=ADANIPORTS\part-055113_016057-017313.parquet,34915,downloaded,34915,
2026-07-17,NSE,ADANIPORTS,raw_l2/trade_date=2026-07-17/exchange=NSE/symbol=ADANIPORTS/part-061654_475314-020769.parquet,real_data_sample\l2_unseen_validation\trade_date=2026-07-17\exchange=NSE\symbol=ADANIPORTS\part-061654_475314-020769.parquet,35047,downloaded,35047,
2026-07-17,NSE,ADANIPORTS,raw_l2/trade_date=2026-07-17/exchange=NSE/symbol=ADANIPORTS/part-061346_734138-020353.parquet,real_data_sample\l2_unseen_validation\trade_date=2026-07-17\exchange=NSE\symbol=ADANIPORTS\part-061346_734138-020353.parquet,35650,downloaded,35650,
2026-07-17,NSE,ADANIPORTS,raw_l2/trade_date=2026-07-17/exchange=NSE/symbol=ADANIPORTS/part-061736_976842-020865.parquet,real_data_sample\l2_unseen_validation\trade_date=2026-07-17\exchange=NSE\symbol=ADANIPORTS\part-061736_976842-020865.parquet,35365,downloaded,35365,
2026-07-17,NSE,ADANIPORTS,raw_l2/trade_date=2026-07-17/exchange=NSE/symbol=ADANIPORTS/part-060442_761033-019137.parquet,real_data_sample\l2_unseen_validation\trade_date=2026-07-17\exchange=NSE\symbol=ADANIPORTS\part-060442_761033-019137.parquet,34696,downloaded,34696,
2026-07-17,NSE,ADANIPORTS,raw_l2/trade_date=2026-07-17/exchange=NSE/symbol=ADANIPORTS/part-061205_722532-020129.parquet,real_data_sample\l2_unseen_validation\trade_date=2026-07-17\exchange=NSE\symbol=ADANIPORTS\part-061205_722532-020129.parquet,34904,downloaded,34904,
2026-07-17,NSE,ADANIPORTS,raw_l2/trade_date=2026-07-17/exchange=NSE/symbol=ADANIPORTS/part-061849_475754-021025.parquet,real_data_sample\l2_unseen_validation\trade_date=2026-07-17\exchange=NSE\symbol=ADANIPORTS\part-061849_475754-021025.parquet,34781,downloaded,34781,
2026-07-17,NSE,ADANIPORTS,raw_l2/trade_date=2026-07-17/exchange=NSE/symbol=ADANIPORTS/part-055211_762806-017441.parquet,real_data_sample\l2_unseen_validation\trade_date=2026-07-17\exchange=NSE\symbol=ADANIPORTS\part-055211_762806-017441.parquet,34908,downloaded,34908,
2026-07-17,NSE,ADANIPORTS,raw_l2/trade_date=2026-07-17/exchange=NSE/symbol=ADANIPORTS/part-061903_475843-021057.parquet,real_data_sample\l2_unseen_validation\trade_date=2026-07-17\exchange=NSE\symbol=ADANIPORTS\part-061903_475843-021057.parquet,34752,downloaded,34752,
2026-07-17,NSE,ADANIPORTS,raw_l2/trade_date=2026-07-17/exchange=NSE/symbol=ADANIPORTS/part-055043_762497-017249.parquet,real_data_sample\l2_unseen_validation\trade_date=2026-07-17\exchange=NSE\symbol=ADANIPORTS\part-055043_762497-017249.parquet,34668,downloaded,34668,
2026-07-17,NSE,ADANIPORTS,raw_l2/trade_date=2026-07-17/exchange=NSE/symbol=ADANIPORTS/part-055127_555360-017345.parquet,real_data_sample\l2_unseen_validation\trade_date=2026-07-17\exchange=NSE\symbol=ADANIPORTS\part-055127_555360-017345.parquet,34705,downloaded,34705,
2026-07-17,NSE,ADANIPORTS,raw_l2/trade_date=2026-07-17/exchange=NSE/symbol=ADANIPORTS/part-055157_263625-017409.parquet,real_data_sample\l2_unseen_validation\trade_date=2026-07-17\exchange=NSE\symbol=ADANIPORTS\part-055157_263625-017409.parquet,34711,downloaded,34711,
2026-07-17,NSE,ADANIPORTS,raw_l2/trade_date=2026-07-17/exchange=NSE/symbol=ADANIPORTS/part-061932_475962-021121.parquet,real_data_sample\l2_unseen_validation\trade_date=2026-07-17\exchange=NSE\symbol=ADANIPORTS\part-061932_475962-021121.parquet,34805,downloaded,34805,
2026-07-17,NSE,ADANIPORTS,raw_l2/trade_date=2026-07-17/exchange=NSE/symbol=ADANIPORTS/part-062000_722616-021185.parquet,real_data_sample\l2_unseen_validation\trade_date=2026-07-17\exchange=NSE\symbol=ADANIPORTS\part-062000_722616-021185.parquet,34866,downloaded,34866,
2026-07-17,NSE,ADANIPORTS,raw_l2/trade_date=2026-07-17/exchange=NSE/symbol=ADANIPORTS/part-061946_469384-021153.parquet,real_data_sample\l2_unseen_validation\trade_date=2026-07-17\exchange=NSE\symbol=ADANIPORTS\part-061946_469384-021153.parquet,34628,downloaded,34628,
2026-07-17,NSE,ADANIPORTS,raw_l2/trade_date=2026-07-17/exchange=NSE/symbol=ADANIPORTS/part-061443_984453-020481.parquet,real_data_sample\l2_unseen_validation\trade_date=2026-07-17\exchange=NSE\symbol=ADANIPORTS\part-061443_984453-020481.parquet,34665,downloaded,34665,
2026-07-17,NSE,ADANIPORTS,raw_l2/trade_date=2026-07-17/exchange=NSE/symbol=ADANIPORTS/part-062014_970204-021217.parquet,real_data_sample\l2_unseen_validation\trade_date=2026-07-17\exchange=NSE\symbol=ADANIPORTS\part-062014_970204-021217.parquet,34813,downloaded,34813,
2026-07-17,NSE,ADANIPORTS,raw_l2/trade_date=2026-07-17/exchange=NSE/symbol=ADANIPORTS/part-061917_726100-021089.parquet,real_data_sample\l2_unseen_validation\trade_date=2026-07-17\exchange=NSE\symbol=ADANIPORTS\part-061917_726100-021089.parquet,34769,downloaded,34769,
2026-07-17,NSE,ADANIPORTS,raw_l2/trade_date=2026-07-17/exchange=NSE/symbol=ADANIPORTS/part-062028_970352-021249.parquet,real_data_sample\l2_unseen_validation\trade_date=2026-07-17\exchange=NSE\symbol=ADANIPORTS\part-062028_970352-021249.parquet,34852,downloaded,34852,
2026-07-17,NSE,ADANIPORTS,raw_l2/trade_date=2026-07-17/exchange=NSE/symbol=ADANIPORTS/part-061750_987158-020897.parquet,real_data_sample\l2_unseen_validation\trade_date=2026-07-17\exchange=NSE\symbol=ADANIPORTS\part-061750_987158-020897.parquet,35189,downloaded,35189,
2026-07-17,NSE,ADANIPORTS,raw_l2/trade_date=2026-07-17/exchange=NSE/symbol=ADANIPORTS/part-062209_223035-021473.parquet,real_data_sample\l2_unseen_validation\trade_date=2026-07-17\exchange=NSE\symbol=ADANIPORTS\part-062209_223035-021473.parquet,34837,downloaded,34837,
2026-07-17,NSE,ADANIPORTS,raw_l2/trade_date=2026-07-17/exchange=NSE/symbol=ADANIPORTS/part-061820_474650-020961.parquet,real_data_sample\l2_unseen_validation\trade_date=2026-07-17\exchange=NSE\symbol=ADANIPORTS\part-061820_474650-020961.parquet,34791,downloaded,34791,
2026-07-17,NSE,ADANIPORTS,raw_l2/trade_date=2026-07-17/exchange=NSE/symbol=ADANIPORTS/part-062043_746595-021281.parquet,real_data_sample\l2_unseen_validation\trade_date=2026-07-17\exchange=NSE\symbol=ADANIPORTS\part-062043_746595-021281.parquet,34770,downloaded,34770,
2026-07-17,NSE,ADANIPORTS,raw_l2/trade_date=2026-07-17/exchange=NSE/symbol=ADANIPORTS/part-062155_002301-021441.parquet,real_data_sample\l2_unseen_validation\trade_date=2026-07-17\exchange=NSE\symbol=ADANIPORTS\part-062155_002301-021441.parquet,34766,downloaded,34766,
2026-07-17,NSE,ADANIPORTS,raw_l2/trade_date=2026-07-17/exchange=NSE/symbol=ADANIPORTS/part-054533_484035-016545.parquet,real_data_sample\l2_unseen_validation\trade_date=2026-07-17\exchange=NSE\symbol=ADANIPORTS\part-054533_484035-016545.parquet,34872,downloaded,34872,
2026-07-17,NSE,ADANIPORTS,raw_l2/trade_date=2026-07-17/exchange=NSE/symbol=ADANIPORTS/part-062237_981576-021537.parquet,real_data_sample\l2_unseen_validation\trade_date=2026-07-17\exchange=NSE\symbol=ADANIPORTS\part-062237_981576-021537.parquet,34610,downloaded,34610,
2026-07-17,NSE,ADANIPORTS,raw_l2/trade_date=2026-07-17/exchange=NSE/symbol=ADANIPORTS/part-062140_969342-021409.parquet,real_data_sample\l2_unseen_validation\trade_date=2026-07-17\exchange=NSE\symbol=ADANIPORTS\part-062140_969342-021409.parquet,34761,downloaded,34761,
2026-07-17,NSE,ADANIPORTS,raw_l2/trade_date=2026-07-17/exchange=NSE/symbol=ADANIPORTS/part-062112_719926-021345.parquet,real_data_sample\l2_unseen_validation\trade_date=2026-07-17\exchange=NSE\symbol=ADANIPORTS\part-062112_719926-021345.parquet,34911,downloaded,34911,
2026-07-17,NSE,ADANIPORTS,raw_l2/trade_date=2026-07-17/exchange=NSE/symbol=ADANIPORTS/part-061610_235701-020673.parquet,real_data_sample\l2_unseen_validation\trade_date=2026-07-17\exchange=NSE\symbol=ADANIPORTS\part-061610_235701-020673.parquet,34968,downloaded,34968,
2026-07-17,NSE,ADANIPORTS,raw_l2/trade_date=2026-07-17/exchange=NSE/symbol=ADANIPORTS/part-062126_969887-021377.parquet,real_data_sample\l2_unseen_validation\trade_date=2026-07-17\exchange=NSE\symbol=ADANIPORTS\part-062126_969887-021377.parquet,34702,downloaded,34702,
2026-07-17,NSE,ADANIPORTS,raw_l2/trade_date=2026-07-17/exchange=NSE/symbol=ADANIPORTS/part-062223_720831-021505.parquet,real_data_sample\l2_unseen_validation\trade_date=2026-07-17\exchange=NSE\symbol=ADANIPORTS\part-062223_720831-021505.parquet,34938,downloaded,34938,
2026-07-17,NSE,ADANIPORTS,raw_l2/trade_date=2026-07-17/exchange=NSE/symbol=ADANIPORTS/part-062335_233769-021665.parquet,real_data_sample\l2_unseen_validation\trade_date=2026-07-17\exchange=NSE\symbol=ADANIPORTS\part-062335_233769-021665.parquet,34739,downloaded,34739,
2026-07-17,NSE,ADANIPORTS,raw_l2/trade_date=2026-07-17/exchange=NSE/symbol=ADANIPORTS/part-062058_219851-021313.parquet,real_data_sample\l2_unseen_validation\trade_date=2026-07-17\exchange=NSE\symbol=ADANIPORTS\part-062058_219851-021313.parquet,34748,downloaded,34748,
2026-07-17,NSE,ADANIPORTS,raw_l2/trade_date=2026-07-17/exchange=NSE/symbol=ADANIPORTS/part-055015_225944-017185.parquet,real_data_sample\l2_unseen_validation\trade_date=2026-07-17\exchange=NSE\symbol=ADANIPORTS\part-055015_225944-017185.parquet,34766,downloaded,34766,
2026-07-17,NSE,ADANIPORTS,raw_l2/trade_date=2026-07-17/exchange=NSE/symbol=ADANIPORTS/part-062252_240101-021569.parquet,real_data_sample\l2_unseen_validation\trade_date=2026-07-17\exchange=NSE\symbol=ADANIPORTS\part-062252_240101-021569.parquet,34650,downloaded,34650,
2026-07-17,NSE,ADANIPORTS,raw_l2/trade_date=2026-07-17/exchange=NSE/symbol=ADANIPORTS/part-062349_234817-021697.parquet,real_data_sample\l2_unseen_validation\trade_date=2026-07-17\exchange=NSE\symbol=ADANIPORTS\part-062349_234817-021697.parquet,35075,downloaded,35075,
2026-07-17,NSE,ADANIPORTS,raw_l2/trade_date=2026-07-17/exchange=NSE/symbol=ADANIPORTS/part-062403_233760-021729.parquet,real_data_sample\l2_unseen_validation\trade_date=2026-07-17\exchange=NSE\symbol=ADANIPORTS\part-062403_233760-021729.parquet,34936,downloaded,34936,
2026-07-17,NSE,ADANIPORTS,raw_l2/trade_date=2026-07-17/exchange=NSE/symbol=ADANIPORTS/part-062417_481619-021761.parquet,real_data_sample\l2_unseen_validation\trade_date=2026-07-17\exchange=NSE\symbol=ADANIPORTS\part-062417_481619-021761.parquet,35269,downloaded,35269,
2026-07-17,NSE,ADANIPORTS,raw_l2/trade_date=2026-07-17/exchange=NSE/symbol=ADANIPORTS/part-062445_733196-021825.parquet,real_data_sample\l2_unseen_validation\trade_date=2026-07-17\exchange=NSE\symbol=ADANIPORTS\part-062445_733196-021825.parquet,35119,downloaded,35119,
2026-07-17,NSE,ADANIPORTS,raw_l2/trade_date=2026-07-17/exchange=NSE/symbol=ADANIPORTS/part-062431_482195-021793.parquet,real_data_sample\l2_unseen_validation\trade_date=2026-07-17\exchange=NSE\symbol=ADANIPORTS\part-062431_482195-021793.parquet,35256,downloaded,35256,
2026-07-17,NSE,ADANIPORTS,raw_l2/trade_date=2026-07-17/exchange=NSE/symbol=ADANIPORTS/part-062555_982879-021985.parquet,real_data_sample\l2_unseen_validation\trade_date=2026-07-17\exchange=NSE\symbol=ADANIPORTS\part-062555_982879-021985.parquet,34571,downloaded,34571,
2026-07-17,NSE,ADANIPORTS,raw_l2/trade_date=2026-07-17/exchange=NSE/symbol=ADANIPORTS/part-062652_483869-022113.parquet,real_data_sample\l2_unseen_validation\trade_date=2026-07-17\exchange=NSE\symbol=ADANIPORTS\part-062652_483869-022113.parquet,35168,downloaded,35168,
2026-07-17,NSE,ADANIPORTS,raw_l2/trade_date=2026-07-17/exchange=NSE/symbol=ADANIPORTS/part-062623_983901-022049.parquet,real_data_sample\l2_unseen_validation\trade_date=2026-07-17\exchange=NSE\symbol=ADANIPORTS\part-062623_983901-022049.parquet,35776,downloaded,35776,
2026-07-17,NSE,ADANIPORTS,raw_l2/trade_date=2026-07-17/exchange=NSE/symbol=ADANIPORTS/part-062609_984039-022017.parquet,real_data_sample\l2_unseen_validation\trade_date=2026-07-17\exchange=NSE\symbol=ADANIPORTS\part-062609_984039-022017.parquet,34741,downloaded,34741,
2026-07-17,NSE,ADANIPORTS,raw_l2/trade_date=2026-07-17/exchange=NSE/symbol=ADANIPORTS/part-062459_731097-021857.parquet,real_data_sample\l2_unseen_validation\trade_date=2026-07-17\exchange=NSE\symbol=ADANIPORTS\part-062459_731097-021857.parquet,35365,downloaded,35365,
2026-07-17,NSE,ADANIPORTS,raw_l2/trade_date=2026-07-17/exchange=NSE/symbol=ADANIPORTS/part-062638_235411-022081.parquet,real_data_sample\l2_unseen_validation\trade_date=2026-07-17\exchange=NSE\symbol=ADANIPORTS\part-062638_235411-022081.parquet,35616,downloaded,35616,
2026-07-17,NSE,ADANIPORTS,raw_l2/trade_date=2026-07-17/exchange=NSE/symbol=ADANIPORTS/part-062514_232192-021889.parquet,real_data_sample\l2_unseen_validation\trade_date=2026-07-17\exchange=NSE\symbol=ADANIPORTS\part-062514_232192-021889.parquet,35646,downloaded,35646,
2026-07-17,NSE,ADANIPORTS,raw_l2/trade_date=2026-07-17/exchange=NSE/symbol=ADANIPORTS/part-062527_984786-021921.parquet,real_data_sample\l2_unseen_validation\trade_date=2026-07-17\exchange=NSE\symbol=ADANIPORTS\part-062527_984786-021921.parquet,34892,downloaded,34892,
2026-07-17,NSE,ADANIPORTS,raw_l2/trade_date=2026-07-17/exchange=NSE/symbol=ADANIPORTS/part-062541_982556-021953.parquet,real_data_sample\l2_unseen_validation\trade_date=2026-07-17\exchange=NSE\symbol=ADANIPORTS\part-062541_982556-021953.parquet,34797,downloaded,34797,
2026-07-17,NSE,ADANIPORTS,raw_l2/trade_date=2026-07-17/exchange=NSE/symbol=ADANIPORTS/part-061834_974165-020993.parquet,real_data_sample\l2_unseen_validation\trade_date=2026-07-17\exchange=NSE\symbol=ADANIPORTS\part-061834_974165-020993.parquet,34612,downloaded,34612,
2026-07-17,NSE,ADANIPORTS,raw_l2/trade_date=2026-07-17/exchange=NSE/symbol=ADANIPORTS/part-062706_482163-022145.parquet,real_data_sample\l2_unseen_validation\trade_date=2026-07-17\exchange=NSE\symbol=ADANIPORTS\part-062706_482163-022145.parquet,35735,downloaded,35735,
2026-07-17,NSE,ADANIPORTS,raw_l2/trade_date=2026-07-17/exchange=NSE/symbol=ADANIPORTS/part-062721_232582-022177.parquet,real_data_sample\l2_unseen_validation\trade_date=2026-07-17\exchange=NSE\symbol=ADANIPORTS\part-062721_232582-022177.parquet,34921,downloaded,34921,
2026-07-17,NSE,ADANIPORTS,raw_l2/trade_date=2026-07-17/exchange=NSE/symbol=ADANIPORTS/part-062735_237510-022209.parquet,real_data_sample\l2_unseen_validation\trade_date=2026-07-17\exchange=NSE\symbol=ADANIPORTS\part-062735_237510-022209.parquet,35013,downloaded,35013,
2026-07-17,NSE,ADANIPORTS,raw_l2/trade_date=2026-07-17/exchange=NSE/symbol=ADANIPORTS/part-063041_234088-022625.parquet,real_data_sample\l2_unseen_validation\trade_date=2026-07-17\exchange=NSE\symbol=ADANIPORTS\part-063041_234088-022625.parquet,34708,downloaded,34708,
2026-07-17,NSE,ADANIPORTS,raw_l2/trade_date=2026-07-17/exchange=NSE/symbol=ADANIPORTS/part-063026_985044-022593.parquet,real_data_sample\l2_unseen_validation\trade_date=2026-07-17\exchange=NSE\symbol=ADANIPORTS\part-063026_985044-022593.parquet,34644,downloaded,34644,
2026-07-17,NSE,ADANIPORTS,raw_l2/trade_date=2026-07-17/exchange=NSE/symbol=ADANIPORTS/part-062320_982731-021633.parquet,real_data_sample\l2_unseen_validation\trade_date=2026-07-17\exchange=NSE\symbol=ADANIPORTS\part-062320_982731-021633.parquet,34658,downloaded,34658,
2026-07-17,NSE,ADANIPORTS,raw_l2/trade_date=2026-07-17/exchange=NSE/symbol=ADANIPORTS/part-063012_982723-022561.parquet,real_data_sample\l2_unseen_validation\trade_date=2026-07-17\exchange=NSE\symbol=ADANIPORTS\part-063012_982723-022561.parquet,35319,downloaded,35319,
2026-07-17,NSE,ADANIPORTS,raw_l2/trade_date=2026-07-17/exchange=NSE/symbol=ADANIPORTS/part-062818_233038-022305.parquet,real_data_sample\l2_unseen_validation\trade_date=2026-07-17\exchange=NSE\symbol=ADANIPORTS\part-062818_233038-022305.parquet,35185,downloaded,35185,
2026-07-17,NSE,ADANIPORTS,raw_l2/trade_date=2026-07-17/exchange=NSE/symbol=ADANIPORTS/part-062929_435368-022465.parquet,real_data_sample\l2_unseen_validation\trade_date=2026-07-17\exchange=NSE\symbol=ADANIPORTS\part-062929_435368-022465.parquet,35456,downloaded,35456,
2026-07-17,NSE,ADANIPORTS,raw_l2/trade_date=2026-07-17/exchange=NSE/symbol=ADANIPORTS/part-063055_233161-022657.parquet,real_data_sample\l2_unseen_validation\trade_date=2026-07-17\exchange=NSE\symbol=ADANIPORTS\part-063055_233161-022657.parquet,34643,downloaded,34643,
2026-07-17,NSE,ADANIPORTS,raw_l2/trade_date=2026-07-17/exchange=NSE/symbol=ADANIPORTS/part-062943_983139-022497.parquet,real_data_sample\l2_unseen_validation\trade_date=2026-07-17\exchange=NSE\symbol=ADANIPORTS\part-062943_983139-022497.parquet,35528,downloaded,35528,
2026-07-17,NSE,ADANIPORTS,raw_l2/trade_date=2026-07-17/exchange=NSE/symbol=ADANIPORTS/part-062914_736691-022433.parquet,real_data_sample\l2_unseen_validation\trade_date=2026-07-17\exchange=NSE\symbol=ADANIPORTS\part-062914_736691-022433.parquet,35627,downloaded,35627,
2026-07-17,NSE,ADANIPORTS,raw_l2/trade_date=2026-07-17/exchange=NSE/symbol=ADANIPORTS/part-062832_482840-022337.parquet,real_data_sample\l2_unseen_validation\trade_date=2026-07-17\exchange=NSE\symbol=ADANIPORTS\part-062832_482840-022337.parquet,35433,downloaded,35433,
2026-07-17,NSE,ADANIPORTS,raw_l2/trade_date=2026-07-17/exchange=NSE/symbol=ADANIPORTS/part-062900_732308-022401.parquet,real_data_sample\l2_unseen_validation\trade_date=2026-07-17\exchange=NSE\symbol=ADANIPORTS\part-062900_732308-022401.parquet,35379,downloaded,35379,
2026-07-17,NSE,ADANIPORTS,raw_l2/trade_date=2026-07-17/exchange=NSE/symbol=ADANIPORTS/part-063109_232160-022689.parquet,real_data_sample\l2_unseen_validation\trade_date=2026-07-17\exchange=NSE\symbol=ADANIPORTS\part-063109_232160-022689.parquet,34570,downloaded,34570,
2026-07-17,NSE,ADANIPORTS,raw_l2/trade_date=2026-07-17/exchange=NSE/symbol=ADANIPORTS/part-062803_983688-022273.parquet,real_data_sample\l2_unseen_validation\trade_date=2026-07-17\exchange=NSE\symbol=ADANIPORTS\part-062803_983688-022273.parquet,34865,downloaded,34865,
2026-07-17,NSE,ADANIPORTS,raw_l2/trade_date=2026-07-17/exchange=NSE/symbol=ADANIPORTS/part-063123_735418-022721.parquet,real_data_sample\l2_unseen_validation\trade_date=2026-07-17\exchange=NSE\symbol=ADANIPORTS\part-063123_735418-022721.parquet,35706,downloaded,35706,
2026-07-17,NSE,ADANIPORTS,raw_l2/trade_date=2026-07-17/exchange=NSE/symbol=ADANIPORTS/part-063151_974951-022785.parquet,real_data_sample\l2_unseen_validation\trade_date=2026-07-17\exchange=NSE\symbol=ADANIPORTS\part-063151_974951-022785.parquet,35648,downloaded,35648,
2026-07-17,NSE,ADANIPORTS,raw_l2/trade_date=2026-07-17/exchange=NSE/symbol=ADANIPORTS/part-063137_975382-022753.parquet,real_data_sample\l2_unseen_validation\trade_date=2026-07-17\exchange=NSE\symbol=ADANIPORTS\part-063137_975382-022753.parquet,35764,downloaded,35764,
2026-07-17,NSE,ADANIPORTS,raw_l2/trade_date=2026-07-17/exchange=NSE/symbol=ADANIPORTS/part-063219_724375-022849.parquet,real_data_sample\l2_unseen_validation\trade_date=2026-07-17\exchange=NSE\symbol=ADANIPORTS\part-063219_724375-022849.parquet,35440,downloaded,35440,
2026-07-17,NSE,ADANIPORTS,raw_l2/trade_date=2026-07-17/exchange=NSE/symbol=ADANIPORTS/part-063205_725326-022817.parquet,real_data_sample\l2_unseen_validation\trade_date=2026-07-17\exchange=NSE\symbol=ADANIPORTS\part-063205_725326-022817.parquet,35979,downloaded,35979,
2026-07-17,NSE,ADANIPORTS,raw_l2/trade_date=2026-07-17/exchange=NSE/symbol=ADANIPORTS/part-061332_233549-020321.parquet,real_data_sample\l2_unseen_validation\trade_date=2026-07-17\exchange=NSE\symbol=ADANIPORTS\part-061332_233549-020321.parquet,35764,downloaded,35764,
2026-07-17,NSE,ADANIPORTS,raw_l2/trade_date=2026-07-17/exchange=NSE/symbol=ADANIPORTS/part-063301_725238-022945.parquet,real_data_sample\l2_unseen_validation\trade_date=2026-07-17\exchange=NSE\symbol=ADANIPORTS\part-063301_725238-022945.parquet,35330,downloaded,35330,
2026-07-17,NSE,ADANIPORTS,raw_l2/trade_date=2026-07-17/exchange=NSE/symbol=ADANIPORTS/part-063358_724799-023073.parquet,real_data_sample\l2_unseen_validation\trade_date=2026-07-17\exchange=NSE\symbol=ADANIPORTS\part-063358_724799-023073.parquet,34747,downloaded,34747,
2026-07-17,NSE,ADANIPORTS,raw_l2/trade_date=2026-07-17/exchange=NSE/symbol=ADANIPORTS/part-063315_978327-022977.parquet,real_data_sample\l2_unseen_validation\trade_date=2026-07-17\exchange=NSE\symbol=ADANIPORTS\part-063315_978327-022977.parquet,35000,downloaded,35000,
2026-07-17,NSE,ADANIPORTS,raw_l2/trade_date=2026-07-17/exchange=NSE/symbol=ADANIPORTS/part-063233_726991-022881.parquet,real_data_sample\l2_unseen_validation\trade_date=2026-07-17\exchange=NSE\symbol=ADANIPORTS\part-063233_726991-022881.parquet,35343,downloaded,35343,
2026-07-17,NSE,ADANIPORTS,raw_l2/trade_date=2026-07-17/exchange=NSE/symbol=ADANIPORTS/part-063330_478667-023009.parquet,real_data_sample\l2_unseen_validation\trade_date=2026-07-17\exchange=NSE\symbol=ADANIPORTS\part-063330_478667-023009.parquet,34891,downloaded,34891,
2026-07-17,NSE,ADANIPORTS,raw_l2/trade_date=2026-07-17/exchange=NSE/symbol=ADANIPORTS/part-063247_723954-022913.parquet,real_data_sample\l2_unseen_validation\trade_date=2026-07-17\exchange=NSE\symbol=ADANIPORTS\part-063247_723954-022913.parquet,35239,downloaded,35239,
2026-07-17,NSE,ADANIPORTS,raw_l2/trade_date=2026-07-17/exchange=NSE/symbol=ADANIPORTS/part-062306_484595-021601.parquet,real_data_sample\l2_unseen_validation\trade_date=2026-07-17\exchange=NSE\symbol=ADANIPORTS\part-062306_484595-021601.parquet,34931,downloaded,34931,
2026-07-17,NSE,ADANIPORTS,raw_l2/trade_date=2026-07-17/exchange=NSE/symbol=ADANIPORTS/part-062958_236572-022529.parquet,real_data_sample\l2_unseen_validation\trade_date=2026-07-17\exchange=NSE\symbol=ADANIPORTS\part-062958_236572-022529.parquet,34995,downloaded,34995,
2026-07-17,NSE,ADANIPORTS,raw_l2/trade_date=2026-07-17/exchange=NSE/symbol=ADANIPORTS/part-063412_974906-023105.parquet,real_data_sample\l2_unseen_validation\trade_date=2026-07-17\exchange=NSE\symbol=ADANIPORTS\part-063412_974906-023105.parquet,35201,downloaded,35201,
2026-07-17,NSE,ADANIPORTS,raw_l2/trade_date=2026-07-17/exchange=NSE/symbol=ADANIPORTS/part-063426_979802-023137.parquet,real_data_sample\l2_unseen_validation\trade_date=2026-07-17\exchange=NSE\symbol=ADANIPORTS\part-063426_979802-023137.parquet,35724,downloaded,35724,
2026-07-17,NSE,ADANIPORTS,raw_l2/trade_date=2026-07-17/exchange=NSE/symbol=ADANIPORTS/part-063440_969429-023169.parquet,real_data_sample\l2_unseen_validation\trade_date=2026-07-17\exchange=NSE\symbol=ADANIPORTS\part-063440_969429-023169.parquet,35309,downloaded,35309,
2026-07-17,NSE,ADANIPORTS,raw_l2/trade_date=2026-07-17/exchange=NSE/symbol=ADANIPORTS/part-063454_969576-023201.parquet,real_data_sample\l2_unseen_validation\trade_date=2026-07-17\exchange=NSE\symbol=ADANIPORTS\part-063454_969576-023201.parquet,35400,downloaded,35400,
2026-07-17,NSE,ADANIPORTS,raw_l2/trade_date=2026-07-17/exchange=NSE/symbol=ADANIPORTS/part-063551_218980-023329.parquet,real_data_sample\l2_unseen_validation\trade_date=2026-07-17\exchange=NSE\symbol=ADANIPORTS\part-063551_218980-023329.parquet,34723,downloaded,34723,
2026-07-17,NSE,ADANIPORTS,raw_l2/trade_date=2026-07-17/exchange=NSE/symbol=ADANIPORTS/part-062846_733605-022369.parquet,real_data_sample\l2_unseen_validation\trade_date=2026-07-17\exchange=NSE\symbol=ADANIPORTS\part-062846_733605-022369.parquet,35740,downloaded,35740,
2026-07-17,NSE,ADANIPORTS,raw_l2/trade_date=2026-07-17/exchange=NSE/symbol=ADANIPORTS/part-063604_969472-023361.parquet,real_data_sample\l2_unseen_validation\trade_date=2026-07-17\exchange=NSE\symbol=ADANIPORTS\part-063604_969472-023361.parquet,34740,downloaded,34740,
2026-07-17,NSE,ADANIPORTS,raw_l2/trade_date=2026-07-17/exchange=NSE/symbol=ADANIPORTS/part-063537_225948-023297.parquet,real_data_sample\l2_unseen_validation\trade_date=2026-07-17\exchange=NSE\symbol=ADANIPORTS\part-063537_225948-023297.parquet,34892,downloaded,34892,
2026-07-17,NSE,ADANIPORTS,raw_l2/trade_date=2026-07-17/exchange=NSE/symbol=ADANIPORTS/part-063523_220004-023265.parquet,real_data_sample\l2_unseen_validation\trade_date=2026-07-17\exchange=NSE\symbol=ADANIPORTS\part-063523_220004-023265.parquet,34709,downloaded,34709,
2026-07-17,NSE,ADANIPORTS,raw_l2/trade_date=2026-07-17/exchange=NSE/symbol=ADANIPORTS/part-063714_970318-023521.parquet,real_data_sample\l2_unseen_validation\trade_date=2026-07-17\exchange=NSE\symbol=ADANIPORTS\part-063714_970318-023521.parquet,35140,downloaded,35140,
2026-07-17,NSE,ADANIPORTS,raw_l2/trade_date=2026-07-17/exchange=NSE/symbol=ADANIPORTS/part-063700_973936-023489.parquet,real_data_sample\l2_unseen_validation\trade_date=2026-07-17\exchange=NSE\symbol=ADANIPORTS\part-063700_973936-023489.parquet,34723,downloaded,34723,
2026-07-17,NSE,ADANIPORTS,raw_l2/trade_date=2026-07-17/exchange=NSE/symbol=ADANIPORTS/part-063618_968569-023393.parquet,real_data_sample\l2_unseen_validation\trade_date=2026-07-17\exchange=NSE\symbol=ADANIPORTS\part-063618_968569-023393.parquet,34789,downloaded,34789,
2026-07-17,NSE,ADANIPORTS,raw_l2/trade_date=2026-07-17/exchange=NSE/symbol=ADANIPORTS/part-063728_969543-023553.parquet,real_data_sample\l2_unseen_validation\trade_date=2026-07-17\exchange=NSE\symbol=ADANIPORTS\part-063728_969543-023553.parquet,35402,downloaded,35402,
2026-07-17,NSE,ADANIPORTS,raw_l2/trade_date=2026-07-17/exchange=NSE/symbol=ADANIPORTS/part-063632_970850-023425.parquet,real_data_sample\l2_unseen_validation\trade_date=2026-07-17\exchange=NSE\symbol=ADANIPORTS\part-063632_970850-023425.parquet,34915,downloaded,34915,
2026-07-17,NSE,ADANIPORTS,raw_l2/trade_date=2026-07-17/exchange=NSE/symbol=ADANIPORTS/part-063646_970943-023457.parquet,real_data_sample\l2_unseen_validation\trade_date=2026-07-17\exchange=NSE\symbol=ADANIPORTS\part-063646_970943-023457.parquet,34841,downloaded,34841,
2026-07-17,NSE,ADANIPORTS,raw_l2/trade_date=2026-07-17/exchange=NSE/symbol=ADANIPORTS/part-063756_736712-023617.parquet,real_data_sample\l2_unseen_validation\trade_date=2026-07-17\exchange=NSE\symbol=ADANIPORTS\part-063756_736712-023617.parquet,35859,downloaded,35859,
2026-07-17,NSE,ADANIPORTS,raw_l2/trade_date=2026-07-17/exchange=NSE/symbol=ADANIPORTS/part-063742_974501-023585.parquet,real_data_sample\l2_unseen_validation\trade_date=2026-07-17\exchange=NSE\symbol=ADANIPORTS\part-063742_974501-023585.parquet,35520,downloaded,35520,
2026-07-17,NSE,ADANIPORTS,raw_l2/trade_date=2026-07-17/exchange=NSE/symbol=ADANIPORTS/part-063838_977319-023713.parquet,real_data_sample\l2_unseen_validation\trade_date=2026-07-17\exchange=NSE\symbol=ADANIPORTS\part-063838_977319-023713.parquet,35235,downloaded,35235,
2026-07-17,NSE,ADANIPORTS,raw_l2/trade_date=2026-07-17/exchange=NSE/symbol=ADANIPORTS/part-063824_725043-023681.parquet,real_data_sample\l2_unseen_validation\trade_date=2026-07-17\exchange=NSE\symbol=ADANIPORTS\part-063824_725043-023681.parquet,35423,downloaded,35423,
2026-07-17,NSE,ADANIPORTS,raw_l2/trade_date=2026-07-17/exchange=NSE/symbol=ADANIPORTS/part-063810_474993-023649.parquet,real_data_sample\l2_unseen_validation\trade_date=2026-07-17\exchange=NSE\symbol=ADANIPORTS\part-063810_474993-023649.parquet,35416,downloaded,35416,
2026-07-17,NSE,ADANIPORTS,raw_l2/trade_date=2026-07-17/exchange=NSE/symbol=ADANIPORTS/part-063907_976437-023777.parquet,real_data_sample\l2_unseen_validation\trade_date=2026-07-17\exchange=NSE\symbol=ADANIPORTS\part-063907_976437-023777.parquet,35709,downloaded,35709,
2026-07-17,NSE,ADANIPORTS,raw_l2/trade_date=2026-07-17/exchange=NSE/symbol=ADANIPORTS/part-063921_973995-023809.parquet,real_data_sample\l2_unseen_validation\trade_date=2026-07-17\exchange=NSE\symbol=ADANIPORTS\part-063921_973995-023809.parquet,35995,downloaded,35995,
2026-07-17,NSE,ADANIPORTS,raw_l2/trade_date=2026-07-17/exchange=NSE/symbol=ADANIPORTS/part-063949_973618-023873.parquet,real_data_sample\l2_unseen_validation\trade_date=2026-07-17\exchange=NSE\symbol=ADANIPORTS\part-063949_973618-023873.parquet,36050,downloaded,36050,
2026-07-17,NSE,ADANIPORTS,raw_l2/trade_date=2026-07-17/exchange=NSE/symbol=ADANIPORTS/part-064003_727182-023905.parquet,real_data_sample\l2_unseen_validation\trade_date=2026-07-17\exchange=NSE\symbol=ADANIPORTS\part-064003_727182-023905.parquet,35899,downloaded,35899,
2026-07-17,NSE,ADANIPORTS,raw_l2/trade_date=2026-07-17/exchange=NSE/symbol=ADANIPORTS/part-063935_975145-023841.parquet,real_data_sample\l2_unseen_validation\trade_date=2026-07-17\exchange=NSE\symbol=ADANIPORTS\part-063935_975145-023841.parquet,36402,downloaded,36402,
2026-07-17,NSE,ADANIPORTS,raw_l2/trade_date=2026-07-17/exchange=NSE/symbol=ADANIPORTS/part-064059_988660-024033.parquet,real_data_sample\l2_unseen_validation\trade_date=2026-07-17\exchange=NSE\symbol=ADANIPORTS\part-064059_988660-024033.parquet,35426,downloaded,35426,
2026-07-17,NSE,ADANIPORTS,raw_l2/trade_date=2026-07-17/exchange=NSE/symbol=ADANIPORTS/part-064017_731094-023937.parquet,real_data_sample\l2_unseen_validation\trade_date=2026-07-17\exchange=NSE\symbol=ADANIPORTS\part-064017_731094-023937.parquet,36433,downloaded,36433,
2026-07-17,NSE,ADANIPORTS,raw_l2/trade_date=2026-07-17/exchange=NSE/symbol=ADANIPORTS/part-064127_732176-024097.parquet,real_data_sample\l2_unseen_validation\trade_date=2026-07-17\exchange=NSE\symbol=ADANIPORTS\part-064127_732176-024097.parquet,35718,downloaded,35718,
2026-07-17,NSE,ADANIPORTS,raw_l2/trade_date=2026-07-17/exchange=NSE/symbol=ADANIPORTS/part-064113_986815-024065.parquet,real_data_sample\l2_unseen_validation\trade_date=2026-07-17\exchange=NSE\symbol=ADANIPORTS\part-064113_986815-024065.parquet,35433,downloaded,35433,
2026-07-17,NSE,ADANIPORTS,raw_l2/trade_date=2026-07-17/exchange=NSE/symbol=ADANIPORTS/part-064155_731609-024161.parquet,real_data_sample\l2_unseen_validation\trade_date=2026-07-17\exchange=NSE\symbol=ADANIPORTS\part-064155_731609-024161.parquet,35486,downloaded,35486,
2026-07-17,NSE,ADANIPORTS,raw_l2/trade_date=2026-07-17/exchange=NSE/symbol=ADANIPORTS/part-064141_985182-024129.parquet,real_data_sample\l2_unseen_validation\trade_date=2026-07-17\exchange=NSE\symbol=ADANIPORTS\part-064141_985182-024129.parquet,35607,downloaded,35607,
2026-07-17,NSE,ADANIPORTS,raw_l2/trade_date=2026-07-17/exchange=NSE/symbol=ADANIPORTS/part-064223_483970-024225.parquet,real_data_sample\l2_unseen_validation\trade_date=2026-07-17\exchange=NSE\symbol=ADANIPORTS\part-064223_483970-024225.parquet,34754,downloaded,34754,
2026-07-17,NSE,ADANIPORTS,raw_l2/trade_date=2026-07-17/exchange=NSE/symbol=ADANIPORTS/part-064427_975863-024513.parquet,real_data_sample\l2_unseen_validation\trade_date=2026-07-17\exchange=NSE\symbol=ADANIPORTS\part-064427_975863-024513.parquet,34858,downloaded,34858,
2026-07-17,NSE,ADANIPORTS,raw_l2/trade_date=2026-07-17/exchange=NSE/symbol=ADANIPORTS/part-064304_735452-024321.parquet,real_data_sample\l2_unseen_validation\trade_date=2026-07-17\exchange=NSE\symbol=ADANIPORTS\part-064304_735452-024321.parquet,35125,downloaded,35125,
2026-07-17,NSE,ADANIPORTS,raw_l2/trade_date=2026-07-17/exchange=NSE/symbol=ADANIPORTS/part-064441_725000-024545.parquet,real_data_sample\l2_unseen_validation\trade_date=2026-07-17\exchange=NSE\symbol=ADANIPORTS\part-064441_725000-024545.parquet,34753,downloaded,34753,
2026-07-17,NSE,ADANIPORTS,raw_l2/trade_date=2026-07-17/exchange=NSE/symbol=ADANIPORTS/part-063508_969719-023233.parquet,real_data_sample\l2_unseen_validation\trade_date=2026-07-17\exchange=NSE\symbol=ADANIPORTS\part-063508_969719-023233.parquet,35749,downloaded,35749,
2026-07-17,NSE,ADANIPORTS,raw_l2/trade_date=2026-07-17/exchange=NSE/symbol=ADANIPORTS/part-064318_487166-024353.parquet,real_data_sample\l2_unseen_validation\trade_date=2026-07-17\exchange=NSE\symbol=ADANIPORTS\part-064318_487166-024353.parquet,35114,downloaded,35114,
2026-07-17,NSE,ADANIPORTS,raw_l2/trade_date=2026-07-17/exchange=NSE/symbol=ADANIPORTS/part-062749_734958-022241.parquet,real_data_sample\l2_unseen_validation\trade_date=2026-07-17\exchange=NSE\symbol=ADANIPORTS\part-062749_734958-022241.parquet,34810,downloaded,34810,
2026-07-17,NSE,ADANIPORTS,raw_l2/trade_date=2026-07-17/exchange=NSE/symbol=ADANIPORTS/part-064346_223365-024417.parquet,real_data_sample\l2_unseen_validation\trade_date=2026-07-17\exchange=NSE\symbol=ADANIPORTS\part-064346_223365-024417.parquet,35505,downloaded,35505,
2026-07-17,NSE,ADANIPORTS,raw_l2/trade_date=2026-07-17/exchange=NSE/symbol=ADANIPORTS/part-064413_725435-024481.parquet,real_data_sample\l2_unseen_validation\trade_date=2026-07-17\exchange=NSE\symbol=ADANIPORTS\part-064413_725435-024481.parquet,35459,downloaded,35459,
2026-07-17,NSE,ADANIPORTS,raw_l2/trade_date=2026-07-17/exchange=NSE/symbol=ADANIPORTS/part-064332_481927-024385.parquet,real_data_sample\l2_unseen_validation\trade_date=2026-07-17\exchange=NSE\symbol=ADANIPORTS\part-064332_481927-024385.parquet,35297,downloaded,35297,
2026-07-17,NSE,ADANIPORTS,raw_l2/trade_date=2026-07-17/exchange=NSE/symbol=ADANIPORTS/part-064250_984301-024289.parquet,real_data_sample\l2_unseen_validation\trade_date=2026-07-17\exchange=NSE\symbol=ADANIPORTS\part-064250_984301-024289.parquet,35046,downloaded,35046,
2026-07-17,NSE,ADANIPORTS,raw_l2/trade_date=2026-07-17/exchange=NSE/symbol=ADANIPORTS/part-063344_724676-023041.parquet,real_data_sample\l2_unseen_validation\trade_date=2026-07-17\exchange=NSE\symbol=ADANIPORTS\part-063344_724676-023041.parquet,34728,downloaded,34728,
2026-07-17,NSE,ADANIPORTS,raw_l2/trade_date=2026-07-17/exchange=NSE/symbol=ADANIPORTS/part-064359_973824-024449.parquet,real_data_sample\l2_unseen_validation\trade_date=2026-07-17\exchange=NSE\symbol=ADANIPORTS\part-064359_973824-024449.parquet,35579,downloaded,35579,
2026-07-17,NSE,ADANIPORTS,raw_l2/trade_date=2026-07-17/exchange=NSE/symbol=ADANIPORTS/part-064031_752778-023969.parquet,real_data_sample\l2_unseen_validation\trade_date=2026-07-17\exchange=NSE\symbol=ADANIPORTS\part-064031_752778-023969.parquet,35912,downloaded,35912,
2026-07-17,NSE,ADANIPORTS,raw_l2/trade_date=2026-07-17/exchange=NSE/symbol=ADANIPORTS/part-064237_232690-024257.parquet,real_data_sample\l2_unseen_validation\trade_date=2026-07-17\exchange=NSE\symbol=ADANIPORTS\part-064237_232690-024257.parquet,34818,downloaded,34818,
2026-07-17,NSE,ADANIPORTS,raw_l2/trade_date=2026-07-17/exchange=NSE/symbol=ADANIPORTS/part-064455_479276-024577.parquet,real_data_sample\l2_unseen_validation\trade_date=2026-07-17\exchange=NSE\symbol=ADANIPORTS\part-064455_479276-024577.parquet,34778,downloaded,34778,
2026-07-17,NSE,ADANIPORTS,raw_l2/trade_date=2026-07-17/exchange=NSE/symbol=ADANIPORTS/part-064537_477418-024673.parquet,real_data_sample\l2_unseen_validation\trade_date=2026-07-17\exchange=NSE\symbol=ADANIPORTS\part-064537_477418-024673.parquet,34930,downloaded,34930,
2026-07-17,NSE,ADANIPORTS,raw_l2/trade_date=2026-07-17/exchange=NSE/symbol=ADANIPORTS/part-064632_475215-024801.parquet,real_data_sample\l2_unseen_validation\trade_date=2026-07-17\exchange=NSE\symbol=ADANIPORTS\part-064632_475215-024801.parquet,34838,downloaded,34838,
2026-07-17,NSE,ADANIPORTS,raw_l2/trade_date=2026-07-17/exchange=NSE/symbol=ADANIPORTS/part-064509_475858-024609.parquet,real_data_sample\l2_unseen_validation\trade_date=2026-07-17\exchange=NSE\symbol=ADANIPORTS\part-064509_475858-024609.parquet,34916,downloaded,34916,
2026-07-17,NSE,ADANIPORTS,raw_l2/trade_date=2026-07-17/exchange=NSE/symbol=ADANIPORTS/part-064604_974724-024737.parquet,real_data_sample\l2_unseen_validation\trade_date=2026-07-17\exchange=NSE\symbol=ADANIPORTS\part-064604_974724-024737.parquet,35009,downloaded,35009,
2026-07-17,NSE,ADANIPORTS,raw_l2/trade_date=2026-07-17/exchange=NSE/symbol=ADANIPORTS/part-064045_986307-024001.parquet,real_data_sample\l2_unseen_validation\trade_date=2026-07-17\exchange=NSE\symbol=ADANIPORTS\part-064045_986307-024001.parquet,35290,downloaded,35290,
2026-07-17,NSE,ADANIPORTS,raw_l2/trade_date=2026-07-17/exchange=NSE/symbol=ADANIPORTS/part-064523_474541-024641.parquet,real_data_sample\l2_unseen_validation\trade_date=2026-07-17\exchange=NSE\symbol=ADANIPORTS\part-064523_474541-024641.parquet,34777,downloaded,34777,
2026-07-17,NSE,ADANIPORTS,raw_l2/trade_date=2026-07-17/exchange=NSE/symbol=ADANIPORTS/part-064551_224199-024705.parquet,real_data_sample\l2_unseen_validation\trade_date=2026-07-17\exchange=NSE\symbol=ADANIPORTS\part-064551_224199-024705.parquet,34792,downloaded,34792,
2026-07-17,NSE,ADANIPORTS,raw_l2/trade_date=2026-07-17/exchange=NSE/symbol=ADANIPORTS/part-064618_726038-024769.parquet,real_data_sample\l2_unseen_validation\trade_date=2026-07-17\exchange=NSE\symbol=ADANIPORTS\part-064618_726038-024769.parquet,34955,downloaded,34955,
2026-07-17,NSE,ADANIPORTS,raw_l2/trade_date=2026-07-17/exchange=NSE/symbol=ADANIPORTS/part-064646_478181-024833.parquet,real_data_sample\l2_unseen_validation\trade_date=2026-07-17\exchange=NSE\symbol=ADANIPORTS\part-064646_478181-024833.parquet,34808,downloaded,34808,
2026-07-17,NSE,ADANIPORTS,raw_l2/trade_date=2026-07-17/exchange=NSE/symbol=ADANIPORTS/part-064700_475048-024865.parquet,real_data_sample\l2_unseen_validation\trade_date=2026-07-17\exchange=NSE\symbol=ADANIPORTS\part-064700_475048-024865.parquet,34628,downloaded,34628,
2026-07-17,NSE,ADANIPORTS,raw_l2/trade_date=2026-07-17/exchange=NSE/symbol=ADANIPORTS/part-064714_477075-024897.parquet,real_data_sample\l2_unseen_validation\trade_date=2026-07-17\exchange=NSE\symbol=ADANIPORTS\part-064714_477075-024897.parquet,34599,downloaded,34599,
2026-07-17,NSE,ADANIPORTS,raw_l2/trade_date=2026-07-17/exchange=NSE/symbol=ADANIPORTS/part-064728_228393-024929.parquet,real_data_sample\l2_unseen_validation\trade_date=2026-07-17\exchange=NSE\symbol=ADANIPORTS\part-064728_228393-024929.parquet,34790,downloaded,34790,
2026-07-17,NSE,ADANIPORTS,raw_l2/trade_date=2026-07-17/exchange=NSE/symbol=ADANIPORTS/part-064742_227424-024961.parquet,real_data_sample\l2_unseen_validation\trade_date=2026-07-17\exchange=NSE\symbol=ADANIPORTS\part-064742_227424-024961.parquet,34821,downloaded,34821,
2026-07-17,NSE,ADANIPORTS,raw_l2/trade_date=2026-07-17/exchange=NSE/symbol=ADANIPORTS/part-064755_977794-024993.parquet,real_data_sample\l2_unseen_validation\trade_date=2026-07-17\exchange=NSE\symbol=ADANIPORTS\part-064755_977794-024993.parquet,34980,downloaded,34980,
2026-07-17,NSE,ADANIPORTS,raw_l2/trade_date=2026-07-17/exchange=NSE/symbol=ADANIPORTS/part-064823_726680-025057.parquet,real_data_sample\l2_unseen_validation\trade_date=2026-07-17\exchange=NSE\symbol=ADANIPORTS\part-064823_726680-025057.parquet,34983,downloaded,34983,
2026-07-17,NSE,ADANIPORTS,raw_l2/trade_date=2026-07-17/exchange=NSE/symbol=ADANIPORTS/part-064809_726662-025025.parquet,real_data_sample\l2_unseen_validation\trade_date=2026-07-17\exchange=NSE\symbol=ADANIPORTS\part-064809_726662-025025.parquet,34654,downloaded,34654,
2026-07-17,NSE,ADANIPORTS,raw_l2/trade_date=2026-07-17/exchange=NSE/symbol=ADANIPORTS/part-064851_476125-025121.parquet,real_data_sample\l2_unseen_validation\trade_date=2026-07-17\exchange=NSE\symbol=ADANIPORTS\part-064851_476125-025121.parquet,34883,downloaded,34883,
2026-07-17,NSE,ADANIPORTS,raw_l2/trade_date=2026-07-17/exchange=NSE/symbol=ADANIPORTS/part-065441_480770-025921.parquet,real_data_sample\l2_unseen_validation\trade_date=2026-07-17\exchange=NSE\symbol=ADANIPORTS\part-065441_480770-025921.parquet,35711,downloaded,35711,
2026-07-17,NSE,ADANIPORTS,raw_l2/trade_date=2026-07-17/exchange=NSE/symbol=ADANIPORTS/part-065152_978122-025537.parquet,real_data_sample\l2_unseen_validation\trade_date=2026-07-17\exchange=NSE\symbol=ADANIPORTS\part-065152_978122-025537.parquet,34788,downloaded,34788,
2026-07-17,NSE,ADANIPORTS,raw_l2/trade_date=2026-07-17/exchange=NSE/symbol=ADANIPORTS/part-064837_726441-025089.parquet,real_data_sample\l2_unseen_validation\trade_date=2026-07-17\exchange=NSE\symbol=ADANIPORTS\part-064837_726441-025089.parquet,34729,downloaded,34729,
2026-07-17,NSE,ADANIPORTS,raw_l2/trade_date=2026-07-17/exchange=NSE/symbol=ADANIPORTS/part-065413_484858-025857.parquet,real_data_sample\l2_unseen_validation\trade_date=2026-07-17\exchange=NSE\symbol=ADANIPORTS\part-065413_484858-025857.parquet,35094,downloaded,35094,
2026-07-17,NSE,ADANIPORTS,raw_l2/trade_date=2026-07-17/exchange=NSE/symbol=ADANIPORTS/part-065331_488109-025761.parquet,real_data_sample\l2_unseen_validation\trade_date=2026-07-17\exchange=NSE\symbol=ADANIPORTS\part-065331_488109-025761.parquet,35180,downloaded,35180,
2026-07-17,NSE,ADANIPORTS,raw_l2/trade_date=2026-07-17/exchange=NSE/symbol=ADANIPORTS/part-065427_481783-025889.parquet,real_data_sample\l2_unseen_validation\trade_date=2026-07-17\exchange=NSE\symbol=ADANIPORTS\part-065427_481783-025889.parquet,35444,downloaded,35444,
2026-07-17,NSE,ADANIPORTS,raw_l2/trade_date=2026-07-17/exchange=NSE/symbol=ADANIPORTS/part-065138_977052-025505.parquet,real_data_sample\l2_unseen_validation\trade_date=2026-07-17\exchange=NSE\symbol=ADANIPORTS\part-065138_977052-025505.parquet,34737,downloaded,34737,
2026-07-17,NSE,ADANIPORTS,raw_l2/trade_date=2026-07-17/exchange=NSE/symbol=ADANIPORTS/part-065206_974497-025569.parquet,real_data_sample\l2_unseen_validation\trade_date=2026-07-17\exchange=NSE\symbol=ADANIPORTS\part-065206_974497-025569.parquet,34844,downloaded,34844,
2026-07-17,NSE,ADANIPORTS,raw_l2/trade_date=2026-07-17/exchange=NSE/symbol=ADANIPORTS/part-065455_482537-025953.parquet,real_data_sample\l2_unseen_validation\trade_date=2026-07-17\exchange=NSE\symbol=ADANIPORTS\part-065455_482537-025953.parquet,35793,downloaded,35793,
2026-07-17,NSE,ADANIPORTS,raw_l2/trade_date=2026-07-17/exchange=NSE/symbol=ADANIPORTS/part-065235_227270-025633.parquet,real_data_sample\l2_unseen_validation\trade_date=2026-07-17\exchange=NSE\symbol=ADANIPORTS\part-065235_227270-025633.parquet,34717,downloaded,34717,
2026-07-17,NSE,ADANIPORTS,raw_l2/trade_date=2026-07-17/exchange=NSE/symbol=ADANIPORTS/part-064919_227418-025185.parquet,real_data_sample\l2_unseen_validation\trade_date=2026-07-17\exchange=NSE\symbol=ADANIPORTS\part-064919_227418-025185.parquet,34884,downloaded,34884,
2026-07-17,NSE,ADANIPORTS,raw_l2/trade_date=2026-07-17/exchange=NSE/symbol=ADANIPORTS/part-065221_224833-025601.parquet,real_data_sample\l2_unseen_validation\trade_date=2026-07-17\exchange=NSE\symbol=ADANIPORTS\part-065221_224833-025601.parquet,34708,downloaded,34708,
2026-07-17,NSE,ADANIPORTS,raw_l2/trade_date=2026-07-17/exchange=NSE/symbol=ADANIPORTS/part-065124_975698-025473.parquet,real_data_sample\l2_unseen_validation\trade_date=2026-07-17\exchange=NSE\symbol=ADANIPORTS\part-065124_975698-025473.parquet,34790,downloaded,34790,
2026-07-17,NSE,ADANIPORTS,raw_l2/trade_date=2026-07-17/exchange=NSE/symbol=ADANIPORTS/part-064946_975955-025249.parquet,real_data_sample\l2_unseen_validation\trade_date=2026-07-17\exchange=NSE\symbol=ADANIPORTS\part-064946_975955-025249.parquet,34695,downloaded,34695,
2026-07-17,NSE,ADANIPORTS,raw_l2/trade_date=2026-07-17/exchange=NSE/symbol=ADANIPORTS/part-065000_974931-025281.parquet,real_data_sample\l2_unseen_validation\trade_date=2026-07-17\exchange=NSE\symbol=ADANIPORTS\part-065000_974931-025281.parquet,34715,downloaded,34715,
2026-07-17,NSE,ADANIPORTS,raw_l2/trade_date=2026-07-17/exchange=NSE/symbol=ADANIPORTS/part-065359_235453-025825.parquet,real_data_sample\l2_unseen_validation\trade_date=2026-07-17\exchange=NSE\symbol=ADANIPORTS\part-065359_235453-025825.parquet,35062,downloaded,35062,
2026-07-17,NSE,ADANIPORTS,raw_l2/trade_date=2026-07-17/exchange=NSE/symbol=ADANIPORTS/part-065345_236723-025793.parquet,real_data_sample\l2_unseen_validation\trade_date=2026-07-17\exchange=NSE\symbol=ADANIPORTS\part-065345_236723-025793.parquet,34695,downloaded,34695,
2026-07-17,NSE,ADANIPORTS,raw_l2/trade_date=2026-07-17/exchange=NSE/symbol=ADANIPORTS/part-065303_484023-025697.parquet,real_data_sample\l2_unseen_validation\trade_date=2026-07-17\exchange=NSE\symbol=ADANIPORTS\part-065303_484023-025697.parquet,34842,downloaded,34842,
2026-07-17,NSE,ADANIPORTS,raw_l2/trade_date=2026-07-17/exchange=NSE/symbol=ADANIPORTS/part-065317_483251-025729.parquet,real_data_sample\l2_unseen_validation\trade_date=2026-07-17\exchange=NSE\symbol=ADANIPORTS\part-065317_483251-025729.parquet,34675,downloaded,34675,
2026-07-17,NSE,ADANIPORTS,raw_l2/trade_date=2026-07-17/exchange=NSE/symbol=ADANIPORTS/part-065014_974848-025313.parquet,real_data_sample\l2_unseen_validation\trade_date=2026-07-17\exchange=NSE\symbol=ADANIPORTS\part-065014_974848-025313.parquet,34585,downloaded,34585,
2026-07-17,NSE,ADANIPORTS,raw_l2/trade_date=2026-07-17/exchange=NSE/symbol=ADANIPORTS/part-065056_974695-025409.parquet,real_data_sample\l2_unseen_validation\trade_date=2026-07-17\exchange=NSE\symbol=ADANIPORTS\part-065056_974695-025409.parquet,34747,downloaded,34747,
2026-07-17,NSE,ADANIPORTS,raw_l2/trade_date=2026-07-17/exchange=NSE/symbol=ADANIPORTS/part-065028_725411-025345.parquet,real_data_sample\l2_unseen_validation\trade_date=2026-07-17\exchange=NSE\symbol=ADANIPORTS\part-065028_725411-025345.parquet,34579,downloaded,34579,
2026-07-17,NSE,ADANIPORTS,raw_l2/trade_date=2026-07-17/exchange=NSE/symbol=ADANIPORTS/part-065509_732512-025985.parquet,real_data_sample\l2_unseen_validation\trade_date=2026-07-17\exchange=NSE\symbol=ADANIPORTS\part-065509_732512-025985.parquet,35958,downloaded,35958,
2026-07-17,NSE,ADANIPORTS,raw_l2/trade_date=2026-07-17/exchange=NSE/symbol=ADANIPORTS/part-065523_739403-026017.parquet,real_data_sample\l2_unseen_validation\trade_date=2026-07-17\exchange=NSE\symbol=ADANIPORTS\part-065523_739403-026017.parquet,35378,downloaded,35378,
2026-07-17,NSE,ADANIPORTS,raw_l2/trade_date=2026-07-17/exchange=NSE/symbol=ADANIPORTS/part-065042_728626-025377.parquet,real_data_sample\l2_unseen_validation\trade_date=2026-07-17\exchange=NSE\symbol=ADANIPORTS\part-065042_728626-025377.parquet,34751,downloaded,34751,
2026-07-17,NSE,ADANIPORTS,raw_l2/trade_date=2026-07-17/exchange=NSE/symbol=ADANIPORTS/part-065110_975878-025441.parquet,real_data_sample\l2_unseen_validation\trade_date=2026-07-17\exchange=NSE\symbol=ADANIPORTS\part-065110_975878-025441.parquet,34795,downloaded,34795,
2026-07-17,NSE,ADANIPORTS,raw_l2/trade_date=2026-07-17/exchange=NSE/symbol=ADANIPORTS/part-065633_969819-026177.parquet,real_data_sample\l2_unseen_validation\trade_date=2026-07-17\exchange=NSE\symbol=ADANIPORTS\part-065633_969819-026177.parquet,34735,downloaded,34735,
2026-07-17,NSE,ADANIPORTS,raw_l2/trade_date=2026-07-17/exchange=NSE/symbol=ADANIPORTS/part-065537_984800-026049.parquet,real_data_sample\l2_unseen_validation\trade_date=2026-07-17\exchange=NSE\symbol=ADANIPORTS\part-065537_984800-026049.parquet,35315,downloaded,35315,
2026-07-17,NSE,ADANIPORTS,raw_l2/trade_date=2026-07-17/exchange=NSE/symbol=ADANIPORTS/part-063853_226736-023745.parquet,real_data_sample\l2_unseen_validation\trade_date=2026-07-17\exchange=NSE\symbol=ADANIPORTS\part-063853_226736-023745.parquet,35682,downloaded,35682,
2026-07-17,NSE,ADANIPORTS,raw_l2/trade_date=2026-07-17/exchange=NSE/symbol=ADANIPORTS/part-065619_970778-026145.parquet,real_data_sample\l2_unseen_validation\trade_date=2026-07-17\exchange=NSE\symbol=ADANIPORTS\part-065619_970778-026145.parquet,34869,downloaded,34869,
2026-07-17,NSE,ADANIPORTS,raw_l2/trade_date=2026-07-17/exchange=NSE/symbol=ADANIPORTS/part-065551_970439-026081.parquet,real_data_sample\l2_unseen_validation\trade_date=2026-07-17\exchange=NSE\symbol=ADANIPORTS\part-065551_970439-026081.parquet,35707,downloaded,35707,
2026-07-17,NSE,ADANIPORTS,raw_l2/trade_date=2026-07-17/exchange=NSE/symbol=ADANIPORTS/part-065605_969884-026113.parquet,real_data_sample\l2_unseen_validation\trade_date=2026-07-17\exchange=NSE\symbol=ADANIPORTS\part-065605_969884-026113.parquet,35774,downloaded,35774,
2026-07-17,NSE,ADANIPORTS,raw_l2/trade_date=2026-07-17/exchange=NSE/symbol=ADANIPORTS/part-065701_968655-026241.parquet,real_data_sample\l2_unseen_validation\trade_date=2026-07-17\exchange=NSE\symbol=ADANIPORTS\part-065701_968655-026241.parquet,34754,downloaded,34754,
2026-07-17,NSE,ADANIPORTS,raw_l2/trade_date=2026-07-17/exchange=NSE/symbol=ADANIPORTS/part-064209_482406-024193.parquet,real_data_sample\l2_unseen_validation\trade_date=2026-07-17\exchange=NSE\symbol=ADANIPORTS\part-064209_482406-024193.parquet,35797,downloaded,35797,
2026-07-17,NSE,ADANIPORTS,raw_l2/trade_date=2026-07-17/exchange=NSE/symbol=ADANIPORTS/part-065647_971442-026209.parquet,real_data_sample\l2_unseen_validation\trade_date=2026-07-17\exchange=NSE\symbol=ADANIPORTS\part-065647_971442-026209.parquet,34917,downloaded,34917,
2026-07-17,NSE,ADANIPORTS,raw_l2/trade_date=2026-07-17/exchange=NSE/symbol=ADANIPORTS/part-065743_969853-026337.parquet,real_data_sample\l2_unseen_validation\trade_date=2026-07-17\exchange=NSE\symbol=ADANIPORTS\part-065743_969853-026337.parquet,34641,downloaded,34641,
2026-07-17,NSE,ADANIPORTS,raw_l2/trade_date=2026-07-17/exchange=NSE/symbol=ADANIPORTS/part-065715_969582-026273.parquet,real_data_sample\l2_unseen_validation\trade_date=2026-07-17\exchange=NSE\symbol=ADANIPORTS\part-065715_969582-026273.parquet,34852,downloaded,34852,
2026-07-17,NSE,ADANIPORTS,raw_l2/trade_date=2026-07-17/exchange=NSE/symbol=ADANIPORTS/part-065729_970752-026305.parquet,real_data_sample\l2_unseen_validation\trade_date=2026-07-17\exchange=NSE\symbol=ADANIPORTS\part-065729_970752-026305.parquet,34782,downloaded,34782,
2026-07-17,NSE,ADANIPORTS,raw_l2/trade_date=2026-07-17/exchange=NSE/symbol=ADANIPORTS/part-065249_232811-025665.parquet,real_data_sample\l2_unseen_validation\trade_date=2026-07-17\exchange=NSE\symbol=ADANIPORTS\part-065249_232811-025665.parquet,34703,downloaded,34703,
2026-07-17,NSE,ADANIPORTS,raw_l2/trade_date=2026-07-17/exchange=NSE/symbol=ADANIPORTS/part-065758_224506-026369.parquet,real_data_sample\l2_unseen_validation\trade_date=2026-07-17\exchange=NSE\symbol=ADANIPORTS\part-065758_224506-026369.parquet,34801,downloaded,34801,
2026-07-17,NSE,ADANIPORTS,raw_l2/trade_date=2026-07-17/exchange=NSE/symbol=ADANIPORTS/part-065812_470410-026401.parquet,real_data_sample\l2_unseen_validation\trade_date=2026-07-17\exchange=NSE\symbol=ADANIPORTS\part-065812_470410-026401.parquet,34935,downloaded,34935,
2026-07-17,NSE,ADANIPORTS,raw_l2/trade_date=2026-07-17/exchange=NSE/symbol=ADANIPORTS/part-064905_225488-025153.parquet,real_data_sample\l2_unseen_validation\trade_date=2026-07-17\exchange=NSE\symbol=ADANIPORTS\part-064905_225488-025153.parquet,35003,downloaded,35003,
2026-07-17,NSE,ADANIPORTS,raw_l2/trade_date=2026-07-17/exchange=NSE/symbol=ADANIPORTS/part-065826_723177-026433.parquet,real_data_sample\l2_unseen_validation\trade_date=2026-07-17\exchange=NSE\symbol=ADANIPORTS\part-065826_723177-026433.parquet,35037,downloaded,35037,
2026-07-17,NSE,ADANIPORTS,raw_l2/trade_date=2026-07-17/exchange=NSE/symbol=ADANIPORTS/part-065938_730348-026593.parquet,real_data_sample\l2_unseen_validation\trade_date=2026-07-17\exchange=NSE\symbol=ADANIPORTS\part-065938_730348-026593.parquet,35265,downloaded,35265,
2026-07-17,NSE,ADANIPORTS,raw_l2/trade_date=2026-07-17/exchange=NSE/symbol=ADANIPORTS/part-065923_975808-026561.parquet,real_data_sample\l2_unseen_validation\trade_date=2026-07-17\exchange=NSE\symbol=ADANIPORTS\part-065923_975808-026561.parquet,35692,downloaded,35692,
2026-07-17,NSE,ADANIPORTS,raw_l2/trade_date=2026-07-17/exchange=NSE/symbol=ADANIPORTS/part-065855_478639-026497.parquet,real_data_sample\l2_unseen_validation\trade_date=2026-07-17\exchange=NSE\symbol=ADANIPORTS\part-065855_478639-026497.parquet,35504,downloaded,35504,
2026-07-17,NSE,ADANIPORTS,raw_l2/trade_date=2026-07-17/exchange=NSE/symbol=ADANIPORTS/part-065909_728851-026529.parquet,real_data_sample\l2_unseen_validation\trade_date=2026-07-17\exchange=NSE\symbol=ADANIPORTS\part-065909_728851-026529.parquet,35900,downloaded,35900,
2026-07-17,NSE,ADANIPORTS,raw_l2/trade_date=2026-07-17/exchange=NSE/symbol=ADANIPORTS/part-070007_975538-026657.parquet,real_data_sample\l2_unseen_validation\trade_date=2026-07-17\exchange=NSE\symbol=ADANIPORTS\part-070007_975538-026657.parquet,35619,downloaded,35619,
2026-07-17,NSE,ADANIPORTS,raw_l2/trade_date=2026-07-17/exchange=NSE/symbol=ADANIPORTS/part-065953_478874-026625.parquet,real_data_sample\l2_unseen_validation\trade_date=2026-07-17\exchange=NSE\symbol=ADANIPORTS\part-065953_478874-026625.parquet,35707,downloaded,35707,
2026-07-17,NSE,ADANIPORTS,raw_l2/trade_date=2026-07-17/exchange=NSE/symbol=ADANIPORTS/part-065841_224542-026465.parquet,real_data_sample\l2_unseen_validation\trade_date=2026-07-17\exchange=NSE\symbol=ADANIPORTS\part-065841_224542-026465.parquet,35469,downloaded,35469,
2026-07-17,NSE,ADANIPORTS,raw_l2/trade_date=2026-07-17/exchange=NSE/symbol=ADANIPORTS/part-070022_725781-026689.parquet,real_data_sample\l2_unseen_validation\trade_date=2026-07-17\exchange=NSE\symbol=ADANIPORTS\part-070022_725781-026689.parquet,35629,downloaded,35629,
2026-07-17,NSE,ADANIPORTS,raw_l2/trade_date=2026-07-17/exchange=NSE/symbol=ADANIPORTS/part-070051_502689-026753.parquet,real_data_sample\l2_unseen_validation\trade_date=2026-07-17\exchange=NSE\symbol=ADANIPORTS\part-070051_502689-026753.parquet,35251,downloaded,35251,
2026-07-17,NSE,ADANIPORTS,raw_l2/trade_date=2026-07-17/exchange=NSE/symbol=ADANIPORTS/part-070036_981415-026721.parquet,real_data_sample\l2_unseen_validation\trade_date=2026-07-17\exchange=NSE\symbol=ADANIPORTS\part-070036_981415-026721.parquet,35257,downloaded,35257,
2026-07-17,NSE,ADANIPORTS,raw_l2/trade_date=2026-07-17/exchange=NSE/symbol=ADANIPORTS/part-070105_975096-026785.parquet,real_data_sample\l2_unseen_validation\trade_date=2026-07-17\exchange=NSE\symbol=ADANIPORTS\part-070105_975096-026785.parquet,35199,downloaded,35199,
2026-07-17,NSE,ADANIPORTS,raw_l2/trade_date=2026-07-17/exchange=NSE/symbol=ADANIPORTS/part-070120_975444-026817.parquet,real_data_sample\l2_unseen_validation\trade_date=2026-07-17\exchange=NSE\symbol=ADANIPORTS\part-070120_975444-026817.parquet,35101,downloaded,35101,
2026-07-17,NSE,ADANIPORTS,raw_l2/trade_date=2026-07-17/exchange=NSE/symbol=ADANIPORTS/part-070444_970670-027265.parquet,real_data_sample\l2_unseen_validation\trade_date=2026-07-17\exchange=NSE\symbol=ADANIPORTS\part-070444_970670-027265.parquet,34662,downloaded,34662,
2026-07-17,NSE,ADANIPORTS,raw_l2/trade_date=2026-07-17/exchange=NSE/symbol=ADANIPORTS/part-070625_981469-027489.parquet,real_data_sample\l2_unseen_validation\trade_date=2026-07-17\exchange=NSE\symbol=ADANIPORTS\part-070625_981469-027489.parquet,34761,downloaded,34761,
2026-07-17,NSE,ADANIPORTS,raw_l2/trade_date=2026-07-17/exchange=NSE/symbol=ADANIPORTS/part-064932_977849-025217.parquet,real_data_sample\l2_unseen_validation\trade_date=2026-07-17\exchange=NSE\symbol=ADANIPORTS\part-064932_977849-025217.parquet,34802,downloaded,34802,
2026-07-17,NSE,ADANIPORTS,raw_l2/trade_date=2026-07-17/exchange=NSE/symbol=ADANIPORTS/part-070513_982952-027329.parquet,real_data_sample\l2_unseen_validation\trade_date=2026-07-17\exchange=NSE\symbol=ADANIPORTS\part-070513_982952-027329.parquet,34679,downloaded,34679,
2026-07-17,NSE,ADANIPORTS,raw_l2/trade_date=2026-07-17/exchange=NSE/symbol=ADANIPORTS/part-070430_718777-027233.parquet,real_data_sample\l2_unseen_validation\trade_date=2026-07-17\exchange=NSE\symbol=ADANIPORTS\part-070430_718777-027233.parquet,34692,downloaded,34692,
2026-07-17,NSE,ADANIPORTS,raw_l2/trade_date=2026-07-17/exchange=NSE/symbol=ADANIPORTS/part-070318_969170-027073.parquet,real_data_sample\l2_unseen_validation\trade_date=2026-07-17\exchange=NSE\symbol=ADANIPORTS\part-070318_969170-027073.parquet,34759,downloaded,34759,
2026-07-17,NSE,ADANIPORTS,raw_l2/trade_date=2026-07-17/exchange=NSE/symbol=ADANIPORTS/part-070333_475201-027105.parquet,real_data_sample\l2_unseen_validation\trade_date=2026-07-17\exchange=NSE\symbol=ADANIPORTS\part-070333_475201-027105.parquet,34819,downloaded,34819,
2026-07-17,NSE,ADANIPORTS,raw_l2/trade_date=2026-07-17/exchange=NSE/symbol=ADANIPORTS/part-070708_983162-027585.parquet,real_data_sample\l2_unseen_validation\trade_date=2026-07-17\exchange=NSE\symbol=ADANIPORTS\part-070708_983162-027585.parquet,34936,downloaded,34936,
2026-07-17,NSE,ADANIPORTS,raw_l2/trade_date=2026-07-17/exchange=NSE/symbol=ADANIPORTS/part-070723_233175-027617.parquet,real_data_sample\l2_unseen_validation\trade_date=2026-07-17\exchange=NSE\symbol=ADANIPORTS\part-070723_233175-027617.parquet,34726,downloaded,34726,
2026-07-17,NSE,ADANIPORTS,raw_l2/trade_date=2026-07-17/exchange=NSE/symbol=ADANIPORTS/part-070416_471282-027201.parquet,real_data_sample\l2_unseen_validation\trade_date=2026-07-17\exchange=NSE\symbol=ADANIPORTS\part-070416_471282-027201.parquet,34779,downloaded,34779,
2026-07-17,NSE,ADANIPORTS,raw_l2/trade_date=2026-07-17/exchange=NSE/symbol=ADANIPORTS/part-070219_721511-026945.parquet,real_data_sample\l2_unseen_validation\trade_date=2026-07-17\exchange=NSE\symbol=ADANIPORTS\part-070219_721511-026945.parquet,34647,downloaded,34647,
2026-07-17,NSE,ADANIPORTS,raw_l2/trade_date=2026-07-17/exchange=NSE/symbol=ADANIPORTS/part-070528_481902-027361.parquet,real_data_sample\l2_unseen_validation\trade_date=2026-07-17\exchange=NSE\symbol=ADANIPORTS\part-070528_481902-027361.parquet,34567,downloaded,34567,
2026-07-17,NSE,ADANIPORTS,raw_l2/trade_date=2026-07-17/exchange=NSE/symbol=ADANIPORTS/part-070205_219807-026913.parquet,real_data_sample\l2_unseen_validation\trade_date=2026-07-17\exchange=NSE\symbol=ADANIPORTS\part-070205_219807-026913.parquet,34766,downloaded,34766,
2026-07-17,NSE,ADANIPORTS,raw_l2/trade_date=2026-07-17/exchange=NSE/symbol=ADANIPORTS/part-070248_970639-027009.parquet,real_data_sample\l2_unseen_validation\trade_date=2026-07-17\exchange=NSE\symbol=ADANIPORTS\part-070248_970639-027009.parquet,34795,downloaded,34795,
2026-07-17,NSE,ADANIPORTS,raw_l2/trade_date=2026-07-17/exchange=NSE/symbol=ADANIPORTS/part-070751_733005-027681.parquet,real_data_sample\l2_unseen_validation\trade_date=2026-07-17\exchange=NSE\symbol=ADANIPORTS\part-070751_733005-027681.parquet,35029,downloaded,35029,
2026-07-17,NSE,ADANIPORTS,raw_l2/trade_date=2026-07-17/exchange=NSE/symbol=ADANIPORTS/part-070304_243639-027041.parquet,real_data_sample\l2_unseen_validation\trade_date=2026-07-17\exchange=NSE\symbol=ADANIPORTS\part-070304_243639-027041.parquet,34818,downloaded,34818,
2026-07-17,NSE,ADANIPORTS,raw_l2/trade_date=2026-07-17/exchange=NSE/symbol=ADANIPORTS/part-070557_233649-027425.parquet,real_data_sample\l2_unseen_validation\trade_date=2026-07-17\exchange=NSE\symbol=ADANIPORTS\part-070557_233649-027425.parquet,34749,downloaded,34749,
2026-07-17,NSE,ADANIPORTS,raw_l2/trade_date=2026-07-17/exchange=NSE/symbol=ADANIPORTS/part-070402_220411-027169.parquet,real_data_sample\l2_unseen_validation\trade_date=2026-07-17\exchange=NSE\symbol=ADANIPORTS\part-070402_220411-027169.parquet,34859,downloaded,34859,
2026-07-17,NSE,ADANIPORTS,raw_l2/trade_date=2026-07-17/exchange=NSE/symbol=ADANIPORTS/part-070737_483397-027649.parquet,real_data_sample\l2_unseen_validation\trade_date=2026-07-17\exchange=NSE\symbol=ADANIPORTS\part-070737_483397-027649.parquet,34748,downloaded,34748,
2026-07-17,NSE,ADANIPORTS,raw_l2/trade_date=2026-07-17/exchange=NSE/symbol=ADANIPORTS/part-070611_732344-027457.parquet,real_data_sample\l2_unseen_validation\trade_date=2026-07-17\exchange=NSE\symbol=ADANIPORTS\part-070611_732344-027457.parquet,34709,downloaded,34709,
2026-07-17,NSE,ADANIPORTS,raw_l2/trade_date=2026-07-17/exchange=NSE/symbol=ADANIPORTS/part-070819_725798-027745.parquet,real_data_sample\l2_unseen_validation\trade_date=2026-07-17\exchange=NSE\symbol=ADANIPORTS\part-070819_725798-027745.parquet,34721,downloaded,34721,
2026-07-17,NSE,ADANIPORTS,raw_l2/trade_date=2026-07-17/exchange=NSE/symbol=ADANIPORTS/part-070805_731328-027713.parquet,real_data_sample\l2_unseen_validation\trade_date=2026-07-17\exchange=NSE\symbol=ADANIPORTS\part-070805_731328-027713.parquet,34751,downloaded,34751,
2026-07-17,NSE,ADANIPORTS,raw_l2/trade_date=2026-07-17/exchange=NSE/symbol=ADANIPORTS/part-070654_734615-027553.parquet,real_data_sample\l2_unseen_validation\trade_date=2026-07-17\exchange=NSE\symbol=ADANIPORTS\part-070654_734615-027553.parquet,34778,downloaded,34778,
2026-07-17,NSE,ADANIPORTS,raw_l2/trade_date=2026-07-17/exchange=NSE/symbol=ADANIPORTS/part-070150_774218-026881.parquet,real_data_sample\l2_unseen_validation\trade_date=2026-07-17\exchange=NSE\symbol=ADANIPORTS\part-070150_774218-026881.parquet,34968,downloaded,34968,
2026-07-17,NSE,ADANIPORTS,raw_l2/trade_date=2026-07-17/exchange=NSE/symbol=ADANIPORTS/part-070640_485624-027521.parquet,real_data_sample\l2_unseen_validation\trade_date=2026-07-17\exchange=NSE\symbol=ADANIPORTS\part-070640_485624-027521.parquet,34959,downloaded,34959,
2026-07-17,NSE,ADANIPORTS,raw_l2/trade_date=2026-07-17/exchange=NSE/symbol=ADANIPORTS/part-070833_976762-027777.parquet,real_data_sample\l2_unseen_validation\trade_date=2026-07-17\exchange=NSE\symbol=ADANIPORTS\part-070833_976762-027777.parquet,34949,downloaded,34949,
2026-07-17,NSE,ADANIPORTS,raw_l2/trade_date=2026-07-17/exchange=NSE/symbol=ADANIPORTS/part-070848_474024-027809.parquet,real_data_sample\l2_unseen_validation\trade_date=2026-07-17\exchange=NSE\symbol=ADANIPORTS\part-070848_474024-027809.parquet,34951,downloaded,34951,
2026-07-17,NSE,ADANIPORTS,raw_l2/trade_date=2026-07-17/exchange=NSE/symbol=ADANIPORTS/part-071126_752326-028161.parquet,real_data_sample\l2_unseen_validation\trade_date=2026-07-17\exchange=NSE\symbol=ADANIPORTS\part-071126_752326-028161.parquet,34698,downloaded,34698,
2026-07-17,NSE,ADANIPORTS,raw_l2/trade_date=2026-07-17/exchange=NSE/symbol=ADANIPORTS/part-070135_477877-026849.parquet,real_data_sample\l2_unseen_validation\trade_date=2026-07-17\exchange=NSE\symbol=ADANIPORTS\part-070135_477877-026849.parquet,34663,downloaded,34663,
2026-07-17,NSE,ADANIPORTS,raw_l2/trade_date=2026-07-17/exchange=NSE/symbol=ADANIPORTS/part-070459_233493-027297.parquet,real_data_sample\l2_unseen_validation\trade_date=2026-07-17\exchange=NSE\symbol=ADANIPORTS\part-070459_233493-027297.parquet,34591,downloaded,34591,
2026-07-17,NSE,ADANIPORTS,raw_l2/trade_date=2026-07-17/exchange=NSE/symbol=ADANIPORTS/part-071239_483384-028321.parquet,real_data_sample\l2_unseen_validation\trade_date=2026-07-17\exchange=NSE\symbol=ADANIPORTS\part-071239_483384-028321.parquet,35582,downloaded,35582,
2026-07-17,NSE,ADANIPORTS,raw_l2/trade_date=2026-07-17/exchange=NSE/symbol=ADANIPORTS/part-071155_984570-028225.parquet,real_data_sample\l2_unseen_validation\trade_date=2026-07-17\exchange=NSE\symbol=ADANIPORTS\part-071155_984570-028225.parquet,35083,downloaded,35083,
2026-07-17,NSE,ADANIPORTS,raw_l2/trade_date=2026-07-17/exchange=NSE/symbol=ADANIPORTS/part-071253_735539-028353.parquet,real_data_sample\l2_unseen_validation\trade_date=2026-07-17\exchange=NSE\symbol=ADANIPORTS\part-071253_735539-028353.parquet,35208,downloaded,35208,
2026-07-17,NSE,ADANIPORTS,raw_l2/trade_date=2026-07-17/exchange=NSE/symbol=ADANIPORTS/part-071210_494319-028257.parquet,real_data_sample\l2_unseen_validation\trade_date=2026-07-17\exchange=NSE\symbol=ADANIPORTS\part-071210_494319-028257.parquet,34933,downloaded,34933,
2026-07-17,NSE,ADANIPORTS,raw_l2/trade_date=2026-07-17/exchange=NSE/symbol=ADANIPORTS/part-071014_976166-028001.parquet,real_data_sample\l2_unseen_validation\trade_date=2026-07-17\exchange=NSE\symbol=ADANIPORTS\part-071014_976166-028001.parquet,34804,downloaded,34804,
2026-07-17,NSE,ADANIPORTS,raw_l2/trade_date=2026-07-17/exchange=NSE/symbol=ADANIPORTS/part-071336_481011-028449.parquet,real_data_sample\l2_unseen_validation\trade_date=2026-07-17\exchange=NSE\symbol=ADANIPORTS\part-071336_481011-028449.parquet,34625,downloaded,34625,
2026-07-17,NSE,ADANIPORTS,raw_l2/trade_date=2026-07-17/exchange=NSE/symbol=ADANIPORTS/part-070946_474730-027937.parquet,real_data_sample\l2_unseen_validation\trade_date=2026-07-17\exchange=NSE\symbol=ADANIPORTS\part-070946_474730-027937.parquet,34666,downloaded,34666,
2026-07-17,NSE,ADANIPORTS,raw_l2/trade_date=2026-07-17/exchange=NSE/symbol=ADANIPORTS/part-070902_727310-027841.parquet,real_data_sample\l2_unseen_validation\trade_date=2026-07-17\exchange=NSE\symbol=ADANIPORTS\part-070902_727310-027841.parquet,34767,downloaded,34767,
2026-07-17,NSE,ADANIPORTS,raw_l2/trade_date=2026-07-17/exchange=NSE/symbol=ADANIPORTS/part-070542_983601-027393.parquet,real_data_sample\l2_unseen_validation\trade_date=2026-07-17\exchange=NSE\symbol=ADANIPORTS\part-070542_983601-027393.parquet,34824,downloaded,34824,
2026-07-17,NSE,ADANIPORTS,raw_l2/trade_date=2026-07-17/exchange=NSE/symbol=ADANIPORTS/part-071141_244490-028193.parquet,real_data_sample\l2_unseen_validation\trade_date=2026-07-17\exchange=NSE\symbol=ADANIPORTS\part-071141_244490-028193.parquet,34935,downloaded,34935,
2026-07-17,NSE,ADANIPORTS,raw_l2/trade_date=2026-07-17/exchange=NSE/symbol=ADANIPORTS/part-071000_725046-027969.parquet,real_data_sample\l2_unseen_validation\trade_date=2026-07-17\exchange=NSE\symbol=ADANIPORTS\part-071000_725046-027969.parquet,34759,downloaded,34759,
2026-07-17,NSE,ADANIPORTS,raw_l2/trade_date=2026-07-17/exchange=NSE/symbol=ADANIPORTS/part-071112_236960-028129.parquet,real_data_sample\l2_unseen_validation\trade_date=2026-07-17\exchange=NSE\symbol=ADANIPORTS\part-071112_236960-028129.parquet,34957,downloaded,34957,
2026-07-17,NSE,ADANIPORTS,raw_l2/trade_date=2026-07-17/exchange=NSE/symbol=ADANIPORTS/part-070917_224807-027873.parquet,real_data_sample\l2_unseen_validation\trade_date=2026-07-17\exchange=NSE\symbol=ADANIPORTS\part-070917_224807-027873.parquet,35065,downloaded,35065,
2026-07-17,NSE,ADANIPORTS,raw_l2/trade_date=2026-07-17/exchange=NSE/symbol=ADANIPORTS/part-071028_977902-028033.parquet,real_data_sample\l2_unseen_validation\trade_date=2026-07-17\exchange=NSE\symbol=ADANIPORTS\part-071028_977902-028033.parquet,34985,downloaded,34985,
2026-07-17,NSE,ADANIPORTS,raw_l2/trade_date=2026-07-17/exchange=NSE/symbol=ADANIPORTS/part-071057_740508-028097.parquet,real_data_sample\l2_unseen_validation\trade_date=2026-07-17\exchange=NSE\symbol=ADANIPORTS\part-071057_740508-028097.parquet,34940,downloaded,34940,
2026-07-17,NSE,ADANIPORTS,raw_l2/trade_date=2026-07-17/exchange=NSE/symbol=ADANIPORTS/part-071307_982125-028385.parquet,real_data_sample\l2_unseen_validation\trade_date=2026-07-17\exchange=NSE\symbol=ADANIPORTS\part-071307_982125-028385.parquet,35711,downloaded,35711,
2026-07-17,NSE,ADANIPORTS,raw_l2/trade_date=2026-07-17/exchange=NSE/symbol=ADANIPORTS/part-071042_975664-028065.parquet,real_data_sample\l2_unseen_validation\trade_date=2026-07-17\exchange=NSE\symbol=ADANIPORTS\part-071042_975664-028065.parquet,34756,downloaded,34756,
2026-07-17,NSE,ADANIPORTS,raw_l2/trade_date=2026-07-17/exchange=NSE/symbol=ADANIPORTS/part-071433_722173-028577.parquet,real_data_sample\l2_unseen_validation\trade_date=2026-07-17\exchange=NSE\symbol=ADANIPORTS\part-071433_722173-028577.parquet,34780,downloaded,34780,
2026-07-17,NSE,ADANIPORTS,raw_l2/trade_date=2026-07-17/exchange=NSE/symbol=ADANIPORTS/part-071224_985703-028289.parquet,real_data_sample\l2_unseen_validation\trade_date=2026-07-17\exchange=NSE\symbol=ADANIPORTS\part-071224_985703-028289.parquet,35076,downloaded,35076,
2026-07-17,NSE,ADANIPORTS,raw_l2/trade_date=2026-07-17/exchange=NSE/symbol=ADANIPORTS/part-071322_231970-028417.parquet,real_data_sample\l2_unseen_validation\trade_date=2026-07-17\exchange=NSE\symbol=ADANIPORTS\part-071322_231970-028417.parquet,34795,downloaded,34795,
2026-07-17,NSE,ADANIPORTS,raw_l2/trade_date=2026-07-17/exchange=NSE/symbol=ADANIPORTS/part-071419_475201-028545.parquet,real_data_sample\l2_unseen_validation\trade_date=2026-07-17\exchange=NSE\symbol=ADANIPORTS\part-071419_475201-028545.parquet,34788,downloaded,34788,
2026-07-17,NSE,ADANIPORTS,raw_l2/trade_date=2026-07-17/exchange=NSE/symbol=ADANIPORTS/part-071447_972789-028609.parquet,real_data_sample\l2_unseen_validation\trade_date=2026-07-17\exchange=NSE\symbol=ADANIPORTS\part-071447_972789-028609.parquet,34483,downloaded,34483,
2026-07-17,NSE,ADANIPORTS,raw_l2/trade_date=2026-07-17/exchange=NSE/symbol=ADANIPORTS/part-071350_977954-028481.parquet,real_data_sample\l2_unseen_validation\trade_date=2026-07-17\exchange=NSE\symbol=ADANIPORTS\part-071350_977954-028481.parquet,34910,downloaded,34910,
2026-07-17,NSE,ADANIPORTS,raw_l2/trade_date=2026-07-17/exchange=NSE/symbol=ADANIPORTS/part-071405_225238-028513.parquet,real_data_sample\l2_unseen_validation\trade_date=2026-07-17\exchange=NSE\symbol=ADANIPORTS\part-071405_225238-028513.parquet,34837,downloaded,34837,
2026-07-17,NSE,ADANIPORTS,raw_l2/trade_date=2026-07-17/exchange=NSE/symbol=ADANIPORTS/part-071502_474027-028641.parquet,real_data_sample\l2_unseen_validation\trade_date=2026-07-17\exchange=NSE\symbol=ADANIPORTS\part-071502_474027-028641.parquet,34625,downloaded,34625,
2026-07-17,NSE,ADANIPORTS,raw_l2/trade_date=2026-07-17/exchange=NSE/symbol=ADANIPORTS/part-071516_974222-028673.parquet,real_data_sample\l2_unseen_validation\trade_date=2026-07-17\exchange=NSE\symbol=ADANIPORTS\part-071516_974222-028673.parquet,34798,downloaded,34798,
2026-07-17,NSE,ADANIPORTS,raw_l2/trade_date=2026-07-17/exchange=NSE/symbol=ADANIPORTS/part-070234_722754-026977.parquet,real_data_sample\l2_unseen_validation\trade_date=2026-07-17\exchange=NSE\symbol=ADANIPORTS\part-070234_722754-026977.parquet,34847,downloaded,34847,
2026-07-17,NSE,ADANIPORTS,raw_l2/trade_date=2026-07-17/exchange=NSE/symbol=ADANIPORTS/part-071545_724864-028737.parquet,real_data_sample\l2_unseen_validation\trade_date=2026-07-17\exchange=NSE\symbol=ADANIPORTS\part-071545_724864-028737.parquet,34872,downloaded,34872,
2026-07-17,NSE,ADANIPORTS,raw_l2/trade_date=2026-07-17/exchange=NSE/symbol=ADANIPORTS/part-071531_226286-028705.parquet,real_data_sample\l2_unseen_validation\trade_date=2026-07-17\exchange=NSE\symbol=ADANIPORTS\part-071531_226286-028705.parquet,34569,downloaded,34569,
2026-07-17,NSE,ADANIPORTS,raw_l2/trade_date=2026-07-17/exchange=NSE/symbol=ADANIPORTS/part-071628_727461-028833.parquet,real_data_sample\l2_unseen_validation\trade_date=2026-07-17\exchange=NSE\symbol=ADANIPORTS\part-071628_727461-028833.parquet,34462,downloaded,34462,
2026-07-17,NSE,ADANIPORTS,raw_l2/trade_date=2026-07-17/exchange=NSE/symbol=ADANIPORTS/part-071614_505707-028801.parquet,real_data_sample\l2_unseen_validation\trade_date=2026-07-17\exchange=NSE\symbol=ADANIPORTS\part-071614_505707-028801.parquet,34545,downloaded,34545,
2026-07-17,NSE,ADANIPORTS,raw_l2/trade_date=2026-07-17/exchange=NSE/symbol=ADANIPORTS/part-071920_973843-029217.parquet,real_data_sample\l2_unseen_validation\trade_date=2026-07-17\exchange=NSE\symbol=ADANIPORTS\part-071920_973843-029217.parquet,34642,downloaded,34642,
2026-07-17,NSE,ADANIPORTS,raw_l2/trade_date=2026-07-17/exchange=NSE/symbol=ADANIPORTS/part-071851_722706-029153.parquet,real_data_sample\l2_unseen_validation\trade_date=2026-07-17\exchange=NSE\symbol=ADANIPORTS\part-071851_722706-029153.parquet,34639,downloaded,34639,
2026-07-17,NSE,ADANIPORTS,raw_l2/trade_date=2026-07-17/exchange=NSE/symbol=ADANIPORTS/part-071711_232822-028929.parquet,real_data_sample\l2_unseen_validation\trade_date=2026-07-17\exchange=NSE\symbol=ADANIPORTS\part-071711_232822-028929.parquet,34744,downloaded,34744,
2026-07-17,NSE,ADANIPORTS,raw_l2/trade_date=2026-07-17/exchange=NSE/symbol=ADANIPORTS/part-071725_474118-028961.parquet,real_data_sample\l2_unseen_validation\trade_date=2026-07-17\exchange=NSE\symbol=ADANIPORTS\part-071725_474118-028961.parquet,34917,downloaded,34917,
2026-07-17,NSE,ADANIPORTS,raw_l2/trade_date=2026-07-17/exchange=NSE/symbol=ADANIPORTS/part-071642_974533-028865.parquet,real_data_sample\l2_unseen_validation\trade_date=2026-07-17\exchange=NSE\symbol=ADANIPORTS\part-071642_974533-028865.parquet,34690,downloaded,34690,
2026-07-17,NSE,ADANIPORTS,raw_l2/trade_date=2026-07-17/exchange=NSE/symbol=ADANIPORTS/part-070931_724156-027905.parquet,real_data_sample\l2_unseen_validation\trade_date=2026-07-17\exchange=NSE\symbol=ADANIPORTS\part-070931_724156-027905.parquet,34780,downloaded,34780,
2026-07-17,NSE,ADANIPORTS,raw_l2/trade_date=2026-07-17/exchange=NSE/symbol=ADANIPORTS/part-071836_974732-029121.parquet,real_data_sample\l2_unseen_validation\trade_date=2026-07-17\exchange=NSE\symbol=ADANIPORTS\part-071836_974732-029121.parquet,34565,downloaded,34565,
2026-07-17,NSE,ADANIPORTS,raw_l2/trade_date=2026-07-17/exchange=NSE/symbol=ADANIPORTS/part-071906_974991-029185.parquet,real_data_sample\l2_unseen_validation\trade_date=2026-07-17\exchange=NSE\symbol=ADANIPORTS\part-071906_974991-029185.parquet,35001,downloaded,35001,
2026-07-17,NSE,ADANIPORTS,raw_l2/trade_date=2026-07-17/exchange=NSE/symbol=ADANIPORTS/part-072157_478282-029569.parquet,real_data_sample\l2_unseen_validation\trade_date=2026-07-17\exchange=NSE\symbol=ADANIPORTS\part-072157_478282-029569.parquet,34594,downloaded,34594,
2026-07-17,NSE,ADANIPORTS,raw_l2/trade_date=2026-07-17/exchange=NSE/symbol=ADANIPORTS/part-071739_725812-028993.parquet,real_data_sample\l2_unseen_validation\trade_date=2026-07-17\exchange=NSE\symbol=ADANIPORTS\part-071739_725812-028993.parquet,34891,downloaded,34891,
2026-07-17,NSE,ADANIPORTS,raw_l2/trade_date=2026-07-17/exchange=NSE/symbol=ADANIPORTS/part-071753_974024-029025.parquet,real_data_sample\l2_unseen_validation\trade_date=2026-07-17\exchange=NSE\symbol=ADANIPORTS\part-071753_974024-029025.parquet,34530,downloaded,34530,
2026-07-17,NSE,ADANIPORTS,raw_l2/trade_date=2026-07-17/exchange=NSE/symbol=ADANIPORTS/part-072018_228696-029345.parquet,real_data_sample\l2_unseen_validation\trade_date=2026-07-17\exchange=NSE\symbol=ADANIPORTS\part-072018_228696-029345.parquet,34818,downloaded,34818,
2026-07-17,NSE,ADANIPORTS,raw_l2/trade_date=2026-07-17/exchange=NSE/symbol=ADANIPORTS/part-072115_225842-029473.parquet,real_data_sample\l2_unseen_validation\trade_date=2026-07-17\exchange=NSE\symbol=ADANIPORTS\part-072115_225842-029473.parquet,34809,downloaded,34809,
2026-07-17,NSE,ADANIPORTS,raw_l2/trade_date=2026-07-17/exchange=NSE/symbol=ADANIPORTS/part-072032_473173-029377.parquet,real_data_sample\l2_unseen_validation\trade_date=2026-07-17\exchange=NSE\symbol=ADANIPORTS\part-072032_473173-029377.parquet,34809,downloaded,34809,
2026-07-17,NSE,ADANIPORTS,raw_l2/trade_date=2026-07-17/exchange=NSE/symbol=ADANIPORTS/part-072003_734256-029313.parquet,real_data_sample\l2_unseen_validation\trade_date=2026-07-17\exchange=NSE\symbol=ADANIPORTS\part-072003_734256-029313.parquet,34889,downloaded,34889,
2026-07-17,NSE,ADANIPORTS,raw_l2/trade_date=2026-07-17/exchange=NSE/symbol=ADANIPORTS/part-071935_476291-029249.parquet,real_data_sample\l2_unseen_validation\trade_date=2026-07-17\exchange=NSE\symbol=ADANIPORTS\part-071935_476291-029249.parquet,34911,downloaded,34911,
2026-07-17,NSE,ADANIPORTS,raw_l2/trade_date=2026-07-17/exchange=NSE/symbol=ADANIPORTS/part-072046_722110-029409.parquet,real_data_sample\l2_unseen_validation\trade_date=2026-07-17\exchange=NSE\symbol=ADANIPORTS\part-072046_722110-029409.parquet,34920,downloaded,34920,
2026-07-17,NSE,ADANIPORTS,raw_l2/trade_date=2026-07-17/exchange=NSE/symbol=ADANIPORTS/part-071949_723526-029281.parquet,real_data_sample\l2_unseen_validation\trade_date=2026-07-17\exchange=NSE\symbol=ADANIPORTS\part-071949_723526-029281.parquet,35000,downloaded,35000,
2026-07-17,NSE,ADANIPORTS,raw_l2/trade_date=2026-07-17/exchange=NSE/symbol=ADANIPORTS/part-070347_749162-027137.parquet,real_data_sample\l2_unseen_validation\trade_date=2026-07-17\exchange=NSE\symbol=ADANIPORTS\part-070347_749162-027137.parquet,34830,downloaded,34830,
2026-07-17,NSE,ADANIPORTS,raw_l2/trade_date=2026-07-17/exchange=NSE/symbol=ADANIPORTS/part-072100_974728-029441.parquet,real_data_sample\l2_unseen_validation\trade_date=2026-07-17\exchange=NSE\symbol=ADANIPORTS\part-072100_974728-029441.parquet,34755,downloaded,34755,
2026-07-17,NSE,ADANIPORTS,raw_l2/trade_date=2026-07-17/exchange=NSE/symbol=ADANIPORTS/part-071657_226073-028897.parquet,real_data_sample\l2_unseen_validation\trade_date=2026-07-17\exchange=NSE\symbol=ADANIPORTS\part-071657_226073-028897.parquet,34946,downloaded,34946,
2026-07-17,NSE,ADANIPORTS,raw_l2/trade_date=2026-07-17/exchange=NSE/symbol=ADANIPORTS/part-071822_725799-029089.parquet,real_data_sample\l2_unseen_validation\trade_date=2026-07-17\exchange=NSE\symbol=ADANIPORTS\part-071822_725799-029089.parquet,34776,downloaded,34776,
2026-07-17,NSE,ADANIPORTS,raw_l2/trade_date=2026-07-17/exchange=NSE/symbol=ADANIPORTS/part-072129_225315-029505.parquet,real_data_sample\l2_unseen_validation\trade_date=2026-07-17\exchange=NSE\symbol=ADANIPORTS\part-072129_225315-029505.parquet,34856,downloaded,34856,
2026-07-17,NSE,ADANIPORTS,raw_l2/trade_date=2026-07-17/exchange=NSE/symbol=ADANIPORTS/part-071808_228718-029057.parquet,real_data_sample\l2_unseen_validation\trade_date=2026-07-17\exchange=NSE\symbol=ADANIPORTS\part-071808_228718-029057.parquet,34920,downloaded,34920,
2026-07-17,NSE,ADANIPORTS,raw_l2/trade_date=2026-07-17/exchange=NSE/symbol=ADANIPORTS/part-072212_473454-029601.parquet,real_data_sample\l2_unseen_validation\trade_date=2026-07-17\exchange=NSE\symbol=ADANIPORTS\part-072212_473454-029601.parquet,34592,downloaded,34592,
2026-07-17,NSE,ADANIPORTS,raw_l2/trade_date=2026-07-17/exchange=NSE/symbol=ADANIPORTS/part-072143_474412-029537.parquet,real_data_sample\l2_unseen_validation\trade_date=2026-07-17\exchange=NSE\symbol=ADANIPORTS\part-072143_474412-029537.parquet,34673,downloaded,34673,
2026-07-17,NSE,ADANIPORTS,raw_l2/trade_date=2026-07-17/exchange=NSE/symbol=ADANIPORTS/part-072254_976283-029697.parquet,real_data_sample\l2_unseen_validation\trade_date=2026-07-17\exchange=NSE\symbol=ADANIPORTS\part-072254_976283-029697.parquet,34831,downloaded,34831,
2026-07-17,NSE,ADANIPORTS,raw_l2/trade_date=2026-07-17/exchange=NSE/symbol=ADANIPORTS/part-071600_224650-028769.parquet,real_data_sample\l2_unseen_validation\trade_date=2026-07-17\exchange=NSE\symbol=ADANIPORTS\part-071600_224650-028769.parquet,34931,downloaded,34931,
2026-07-17,NSE,ADANIPORTS,raw_l2/trade_date=2026-07-17/exchange=NSE/symbol=ADANIPORTS/part-072240_722950-029665.parquet,real_data_sample\l2_unseen_validation\trade_date=2026-07-17\exchange=NSE\symbol=ADANIPORTS\part-072240_722950-029665.parquet,34830,downloaded,34830,
2026-07-17,NSE,ADANIPORTS,raw_l2/trade_date=2026-07-17/exchange=NSE/symbol=ADANIPORTS/part-072434_974213-029921.parquet,real_data_sample\l2_unseen_validation\trade_date=2026-07-17\exchange=NSE\symbol=ADANIPORTS\part-072434_974213-029921.parquet,34988,downloaded,34988,
2026-07-17,NSE,ADANIPORTS,raw_l2/trade_date=2026-07-17/exchange=NSE/symbol=ADANIPORTS/part-072923_723571-030561.parquet,real_data_sample\l2_unseen_validation\trade_date=2026-07-17\exchange=NSE\symbol=ADANIPORTS\part-072923_723571-030561.parquet,34817,downloaded,34817,
2026-07-17,NSE,ADANIPORTS,raw_l2/trade_date=2026-07-17/exchange=NSE/symbol=ADANIPORTS/part-072323_473826-029761.parquet,real_data_sample\l2_unseen_validation\trade_date=2026-07-17\exchange=NSE\symbol=ADANIPORTS\part-072323_473826-029761.parquet,34684,downloaded,34684,
2026-07-17,NSE,ADANIPORTS,raw_l2/trade_date=2026-07-17/exchange=NSE/symbol=ADANIPORTS/part-072309_223392-029729.parquet,real_data_sample\l2_unseen_validation\trade_date=2026-07-17\exchange=NSE\symbol=ADANIPORTS\part-072309_223392-029729.parquet,34793,downloaded,34793,
2026-07-17,NSE,ADANIPORTS,raw_l2/trade_date=2026-07-17/exchange=NSE/symbol=ADANIPORTS/part-072503_975395-029985.parquet,real_data_sample\l2_unseen_validation\trade_date=2026-07-17\exchange=NSE\symbol=ADANIPORTS\part-072503_975395-029985.parquet,34763,downloaded,34763,
2026-07-17,NSE,ADANIPORTS,raw_l2/trade_date=2026-07-17/exchange=NSE/symbol=ADANIPORTS/part-072824_217618-030433.parquet,real_data_sample\l2_unseen_validation\trade_date=2026-07-17\exchange=NSE\symbol=ADANIPORTS\part-072824_217618-030433.parquet,34676,downloaded,34676,
2026-07-17,NSE,ADANIPORTS,raw_l2/trade_date=2026-07-17/exchange=NSE/symbol=ADANIPORTS/part-072546_472559-030081.parquet,real_data_sample\l2_unseen_validation\trade_date=2026-07-17\exchange=NSE\symbol=ADANIPORTS\part-072546_472559-030081.parquet,35051,downloaded,35051,
2026-07-17,NSE,ADANIPORTS,raw_l2/trade_date=2026-07-17/exchange=NSE/symbol=ADANIPORTS/part-072614_717449-030145.parquet,real_data_sample\l2_unseen_validation\trade_date=2026-07-17\exchange=NSE\symbol=ADANIPORTS\part-072614_717449-030145.parquet,34757,downloaded,34757,
2026-07-17,NSE,ADANIPORTS,raw_l2/trade_date=2026-07-17/exchange=NSE/symbol=ADANIPORTS/part-072532_223947-030049.parquet,real_data_sample\l2_unseen_validation\trade_date=2026-07-17\exchange=NSE\symbol=ADANIPORTS\part-072532_223947-030049.parquet,34739,downloaded,34739,
2026-07-17,NSE,ADANIPORTS,raw_l2/trade_date=2026-07-17/exchange=NSE/symbol=ADANIPORTS/part-072517_972015-030017.parquet,real_data_sample\l2_unseen_validation\trade_date=2026-07-17\exchange=NSE\symbol=ADANIPORTS\part-072517_972015-030017.parquet,34763,downloaded,34763,
2026-07-17,NSE,ADANIPORTS,raw_l2/trade_date=2026-07-17/exchange=NSE/symbol=ADANIPORTS/part-072406_475272-029857.parquet,real_data_sample\l2_unseen_validation\trade_date=2026-07-17\exchange=NSE\symbol=ADANIPORTS\part-072406_475272-029857.parquet,34651,downloaded,34651,
2026-07-17,NSE,ADANIPORTS,raw_l2/trade_date=2026-07-17/exchange=NSE/symbol=ADANIPORTS/part-072711_969966-030273.parquet,real_data_sample\l2_unseen_validation\trade_date=2026-07-17\exchange=NSE\symbol=ADANIPORTS\part-072711_969966-030273.parquet,34567,downloaded,34567,
2026-07-17,NSE,ADANIPORTS,raw_l2/trade_date=2026-07-17/exchange=NSE/symbol=ADANIPORTS/part-072809_719885-030401.parquet,real_data_sample\l2_unseen_validation\trade_date=2026-07-17\exchange=NSE\symbol=ADANIPORTS\part-072809_719885-030401.parquet,34986,downloaded,34986,
2026-07-17,NSE,ADANIPORTS,raw_l2/trade_date=2026-07-17/exchange=NSE/symbol=ADANIPORTS/part-072337_976002-029793.parquet,real_data_sample\l2_unseen_validation\trade_date=2026-07-17\exchange=NSE\symbol=ADANIPORTS\part-072337_976002-029793.parquet,34785,downloaded,34785,
2026-07-17,NSE,ADANIPORTS,raw_l2/trade_date=2026-07-17/exchange=NSE/symbol=ADANIPORTS/part-072600_467169-030113.parquet,real_data_sample\l2_unseen_validation\trade_date=2026-07-17\exchange=NSE\symbol=ADANIPORTS\part-072600_467169-030113.parquet,34795,downloaded,34795,
2026-07-17,NSE,ADANIPORTS,raw_l2/trade_date=2026-07-17/exchange=NSE/symbol=ADANIPORTS/part-072838_516640-030465.parquet,real_data_sample\l2_unseen_validation\trade_date=2026-07-17\exchange=NSE\symbol=ADANIPORTS\part-072838_516640-030465.parquet,34832,downloaded,34832,
2026-07-17,NSE,ADANIPORTS,raw_l2/trade_date=2026-07-17/exchange=NSE/symbol=ADANIPORTS/part-072740_716841-030337.parquet,real_data_sample\l2_unseen_validation\trade_date=2026-07-17\exchange=NSE\symbol=ADANIPORTS\part-072740_716841-030337.parquet,34768,downloaded,34768,
2026-07-17,NSE,ADANIPORTS,raw_l2/trade_date=2026-07-17/exchange=NSE/symbol=ADANIPORTS/part-072952_975032-030625.parquet,real_data_sample\l2_unseen_validation\trade_date=2026-07-17\exchange=NSE\symbol=ADANIPORTS\part-072952_975032-030625.parquet,34859,downloaded,34859,
2026-07-17,NSE,ADANIPORTS,raw_l2/trade_date=2026-07-17/exchange=NSE/symbol=ADANIPORTS/part-072420_722527-029889.parquet,real_data_sample\l2_unseen_validation\trade_date=2026-07-17\exchange=NSE\symbol=ADANIPORTS\part-072420_722527-029889.parquet,34829,downloaded,34829,
2026-07-17,NSE,ADANIPORTS,raw_l2/trade_date=2026-07-17/exchange=NSE/symbol=ADANIPORTS/part-072352_223123-029825.parquet,real_data_sample\l2_unseen_validation\trade_date=2026-07-17\exchange=NSE\symbol=ADANIPORTS\part-072352_223123-029825.parquet,34963,downloaded,34963,
2026-07-17,NSE,ADANIPORTS,raw_l2/trade_date=2026-07-17/exchange=NSE/symbol=ADANIPORTS/part-072628_719485-030177.parquet,real_data_sample\l2_unseen_validation\trade_date=2026-07-17\exchange=NSE\symbol=ADANIPORTS\part-072628_719485-030177.parquet,34534,downloaded,34534,
2026-07-17,NSE,ADANIPORTS,raw_l2/trade_date=2026-07-17/exchange=NSE/symbol=ADANIPORTS/part-073021_725544-030689.parquet,real_data_sample\l2_unseen_validation\trade_date=2026-07-17\exchange=NSE\symbol=ADANIPORTS\part-073021_725544-030689.parquet,34692,downloaded,34692,
2026-07-17,NSE,ADANIPORTS,raw_l2/trade_date=2026-07-17/exchange=NSE/symbol=ADANIPORTS/part-072854_475902-030497.parquet,real_data_sample\l2_unseen_validation\trade_date=2026-07-17\exchange=NSE\symbol=ADANIPORTS\part-072854_475902-030497.parquet,35116,downloaded,35116,
2026-07-17,NSE,ADANIPORTS,raw_l2/trade_date=2026-07-17/exchange=NSE/symbol=ADANIPORTS/part-072657_470125-030241.parquet,real_data_sample\l2_unseen_validation\trade_date=2026-07-17\exchange=NSE\symbol=ADANIPORTS\part-072657_470125-030241.parquet,34859,downloaded,34859,
2026-07-17,NSE,ADANIPORTS,raw_l2/trade_date=2026-07-17/exchange=NSE/symbol=ADANIPORTS/part-072643_474020-030209.parquet,real_data_sample\l2_unseen_validation\trade_date=2026-07-17\exchange=NSE\symbol=ADANIPORTS\part-072643_474020-030209.parquet,34684,downloaded,34684,
2026-07-17,NSE,ADANIPORTS,raw_l2/trade_date=2026-07-17/exchange=NSE/symbol=ADANIPORTS/part-072908_975141-030529.parquet,real_data_sample\l2_unseen_validation\trade_date=2026-07-17\exchange=NSE\symbol=ADANIPORTS\part-072908_975141-030529.parquet,35012,downloaded,35012,
2026-07-17,NSE,ADANIPORTS,raw_l2/trade_date=2026-07-17/exchange=NSE/symbol=ADANIPORTS/part-072726_467987-030305.parquet,real_data_sample\l2_unseen_validation\trade_date=2026-07-17\exchange=NSE\symbol=ADANIPORTS\part-072726_467987-030305.parquet,34767,downloaded,34767,
2026-07-17,NSE,ADANIPORTS,raw_l2/trade_date=2026-07-17/exchange=NSE/symbol=ADANIPORTS/part-072938_476007-030593.parquet,real_data_sample\l2_unseen_validation\trade_date=2026-07-17\exchange=NSE\symbol=ADANIPORTS\part-072938_476007-030593.parquet,34794,downloaded,34794,
2026-07-17,NSE,ADANIPORTS,raw_l2/trade_date=2026-07-17/exchange=NSE/symbol=ADANIPORTS/part-073035_972177-030721.parquet,real_data_sample\l2_unseen_validation\trade_date=2026-07-17\exchange=NSE\symbol=ADANIPORTS\part-073035_972177-030721.parquet,34649,downloaded,34649,
2026-07-17,NSE,ADANIPORTS,raw_l2/trade_date=2026-07-17/exchange=NSE/symbol=ADANIPORTS/part-073050_224988-030753.parquet,real_data_sample\l2_unseen_validation\trade_date=2026-07-17\exchange=NSE\symbol=ADANIPORTS\part-073050_224988-030753.parquet,34434,downloaded,34434,
2026-07-17,NSE,ADANIPORTS,raw_l2/trade_date=2026-07-17/exchange=NSE/symbol=ADANIPORTS/part-073007_475593-030657.parquet,real_data_sample\l2_unseen_validation\trade_date=2026-07-17\exchange=NSE\symbol=ADANIPORTS\part-073007_475593-030657.parquet,34807,downloaded,34807,
2026-07-17,NSE,ADANIPORTS,raw_l2/trade_date=2026-07-17/exchange=NSE/symbol=ADANIPORTS/part-073147_722347-030881.parquet,real_data_sample\l2_unseen_validation\trade_date=2026-07-17\exchange=NSE\symbol=ADANIPORTS\part-073147_722347-030881.parquet,34683,downloaded,34683,
2026-07-17,NSE,ADANIPORTS,raw_l2/trade_date=2026-07-17/exchange=NSE/symbol=ADANIPORTS/part-072226_474729-029633.parquet,real_data_sample\l2_unseen_validation\trade_date=2026-07-17\exchange=NSE\symbol=ADANIPORTS\part-072226_474729-029633.parquet,34696,downloaded,34696,
2026-07-17,NSE,ADANIPORTS,raw_l2/trade_date=2026-07-17/exchange=NSE/symbol=ADANIPORTS/part-073258_734039-031041.parquet,real_data_sample\l2_unseen_validation\trade_date=2026-07-17\exchange=NSE\symbol=ADANIPORTS\part-073258_734039-031041.parquet,34828,downloaded,34828,
2026-07-17,NSE,ADANIPORTS,raw_l2/trade_date=2026-07-17/exchange=NSE/symbol=ADANIPORTS/part-073201_985662-030913.parquet,real_data_sample\l2_unseen_validation\trade_date=2026-07-17\exchange=NSE\symbol=ADANIPORTS\part-073201_985662-030913.parquet,34598,downloaded,34598,
2026-07-17,NSE,ADANIPORTS,raw_l2/trade_date=2026-07-17/exchange=NSE/symbol=ADANIPORTS/part-073327_229785-031105.parquet,real_data_sample\l2_unseen_validation\trade_date=2026-07-17\exchange=NSE\symbol=ADANIPORTS\part-073327_229785-031105.parquet,34787,downloaded,34787,
2026-07-17,NSE,ADANIPORTS,raw_l2/trade_date=2026-07-17/exchange=NSE/symbol=ADANIPORTS/part-073216_232682-030945.parquet,real_data_sample\l2_unseen_validation\trade_date=2026-07-17\exchange=NSE\symbol=ADANIPORTS\part-073216_232682-030945.parquet,34625,downloaded,34625,
2026-07-17,NSE,ADANIPORTS,raw_l2/trade_date=2026-07-17/exchange=NSE/symbol=ADANIPORTS/part-073535_480045-031393.parquet,real_data_sample\l2_unseen_validation\trade_date=2026-07-17\exchange=NSE\symbol=ADANIPORTS\part-073535_480045-031393.parquet,34968,downloaded,34968,
2026-07-17,NSE,ADANIPORTS,raw_l2/trade_date=2026-07-17/exchange=NSE/symbol=ADANIPORTS/part-072449_230012-029953.parquet,real_data_sample\l2_unseen_validation\trade_date=2026-07-17\exchange=NSE\symbol=ADANIPORTS\part-072449_230012-029953.parquet,34787,downloaded,34787,
2026-07-17,NSE,ADANIPORTS,raw_l2/trade_date=2026-07-17/exchange=NSE/symbol=ADANIPORTS/part-073119_223603-030817.parquet,real_data_sample\l2_unseen_validation\trade_date=2026-07-17\exchange=NSE\symbol=ADANIPORTS\part-073119_223603-030817.parquet,34657,downloaded,34657,
2026-07-17,NSE,ADANIPORTS,raw_l2/trade_date=2026-07-17/exchange=NSE/symbol=ADANIPORTS/part-073438_481356-031265.parquet,real_data_sample\l2_unseen_validation\trade_date=2026-07-17\exchange=NSE\symbol=ADANIPORTS\part-073438_481356-031265.parquet,34815,downloaded,34815,
2026-07-17,NSE,ADANIPORTS,raw_l2/trade_date=2026-07-17/exchange=NSE/symbol=ADANIPORTS/part-073312_982352-031073.parquet,real_data_sample\l2_unseen_validation\trade_date=2026-07-17\exchange=NSE\symbol=ADANIPORTS\part-073312_982352-031073.parquet,34687,downloaded,34687,
2026-07-17,NSE,ADANIPORTS,raw_l2/trade_date=2026-07-17/exchange=NSE/symbol=ADANIPORTS/part-073104_597130-030785.parquet,real_data_sample\l2_unseen_validation\trade_date=2026-07-17\exchange=NSE\symbol=ADANIPORTS\part-073104_597130-030785.parquet,34952,downloaded,34952,
2026-07-17,NSE,ADANIPORTS,raw_l2/trade_date=2026-07-17/exchange=NSE/symbol=ADANIPORTS/part-073506_973422-031329.parquet,real_data_sample\l2_unseen_validation\trade_date=2026-07-17\exchange=NSE\symbol=ADANIPORTS\part-073506_973422-031329.parquet,34765,downloaded,34765,
2026-07-17,NSE,ADANIPORTS,raw_l2/trade_date=2026-07-17/exchange=NSE/symbol=ADANIPORTS/part-073230_235809-030977.parquet,real_data_sample\l2_unseen_validation\trade_date=2026-07-17\exchange=NSE\symbol=ADANIPORTS\part-073230_235809-030977.parquet,34891,downloaded,34891,
2026-07-17,NSE,ADANIPORTS,raw_l2/trade_date=2026-07-17/exchange=NSE/symbol=ADANIPORTS/part-073244_481346-031009.parquet,real_data_sample\l2_unseen_validation\trade_date=2026-07-17\exchange=NSE\symbol=ADANIPORTS\part-073244_481346-031009.parquet,34852,downloaded,34852,
2026-07-17,NSE,ADANIPORTS,raw_l2/trade_date=2026-07-17/exchange=NSE/symbol=ADANIPORTS/part-073603_724570-031457.parquet,real_data_sample\l2_unseen_validation\trade_date=2026-07-17\exchange=NSE\symbol=ADANIPORTS\part-073603_724570-031457.parquet,34571,downloaded,34571,
2026-07-17,NSE,ADANIPORTS,raw_l2/trade_date=2026-07-17/exchange=NSE/symbol=ADANIPORTS/part-073133_222456-030849.parquet,real_data_sample\l2_unseen_validation\trade_date=2026-07-17\exchange=NSE\symbol=ADANIPORTS\part-073133_222456-030849.parquet,34893,downloaded,34893,
2026-07-17,NSE,ADANIPORTS,raw_l2/trade_date=2026-07-17/exchange=NSE/symbol=ADANIPORTS/part-073452_974832-031297.parquet,real_data_sample\l2_unseen_validation\trade_date=2026-07-17\exchange=NSE\symbol=ADANIPORTS\part-073452_974832-031297.parquet,34611,downloaded,34611,
2026-07-17,NSE,ADANIPORTS,raw_l2/trade_date=2026-07-17/exchange=NSE/symbol=ADANIPORTS/part-073617_974585-031489.parquet,real_data_sample\l2_unseen_validation\trade_date=2026-07-17\exchange=NSE\symbol=ADANIPORTS\part-073617_974585-031489.parquet,34550,downloaded,34550,
2026-07-17,NSE,ADANIPORTS,raw_l2/trade_date=2026-07-17/exchange=NSE/symbol=ADANIPORTS/part-073521_223582-031361.parquet,real_data_sample\l2_unseen_validation\trade_date=2026-07-17\exchange=NSE\symbol=ADANIPORTS\part-073521_223582-031361.parquet,34671,downloaded,34671,
2026-07-17,NSE,ADANIPORTS,raw_l2/trade_date=2026-07-17/exchange=NSE/symbol=ADANIPORTS/part-073632_472986-031521.parquet,real_data_sample\l2_unseen_validation\trade_date=2026-07-17\exchange=NSE\symbol=ADANIPORTS\part-073632_472986-031521.parquet,34652,downloaded,34652,
2026-07-17,NSE,ADANIPORTS,raw_l2/trade_date=2026-07-17/exchange=NSE/symbol=ADANIPORTS/part-073549_723797-031425.parquet,real_data_sample\l2_unseen_validation\trade_date=2026-07-17\exchange=NSE\symbol=ADANIPORTS\part-073549_723797-031425.parquet,34733,downloaded,34733,
2026-07-17,NSE,ADANIPORTS,raw_l2/trade_date=2026-07-17/exchange=NSE/symbol=ADANIPORTS/part-072755_217211-030369.parquet,real_data_sample\l2_unseen_validation\trade_date=2026-07-17\exchange=NSE\symbol=ADANIPORTS\part-072755_217211-030369.parquet,34629,downloaded,34629,
2026-07-17,NSE,ADANIPORTS,raw_l2/trade_date=2026-07-17/exchange=NSE/symbol=ADANIPORTS/part-073341_731302-031137.parquet,real_data_sample\l2_unseen_validation\trade_date=2026-07-17\exchange=NSE\symbol=ADANIPORTS\part-073341_731302-031137.parquet,34869,downloaded,34869,
2026-07-17,NSE,ADANIPORTS,raw_l2/trade_date=2026-07-17/exchange=NSE/symbol=ADANIPORTS/part-073355_731653-031169.parquet,real_data_sample\l2_unseen_validation\trade_date=2026-07-17\exchange=NSE\symbol=ADANIPORTS\part-073355_731653-031169.parquet,34771,downloaded,34771,
2026-07-17,NSE,ADANIPORTS,raw_l2/trade_date=2026-07-17/exchange=NSE/symbol=ADANIPORTS/part-073424_230485-031233.parquet,real_data_sample\l2_unseen_validation\trade_date=2026-07-17\exchange=NSE\symbol=ADANIPORTS\part-073424_230485-031233.parquet,34582,downloaded,34582,
2026-07-17,NSE,ADANIPORTS,raw_l2/trade_date=2026-07-17/exchange=NSE/symbol=ADANIPORTS/part-073409_982034-031201.parquet,real_data_sample\l2_unseen_validation\trade_date=2026-07-17\exchange=NSE\symbol=ADANIPORTS\part-073409_982034-031201.parquet,34698,downloaded,34698,
2026-07-17,NSE,ADANIPORTS,raw_l2/trade_date=2026-07-17/exchange=NSE/symbol=ADANIPORTS/part-073646_730766-031553.parquet,real_data_sample\l2_unseen_validation\trade_date=2026-07-17\exchange=NSE\symbol=ADANIPORTS\part-073646_730766-031553.parquet,34652,downloaded,34652,
2026-07-17,NSE,ADANIPORTS,raw_l2/trade_date=2026-07-17/exchange=NSE/symbol=ADANIPORTS/part-073700_974132-031585.parquet,real_data_sample\l2_unseen_validation\trade_date=2026-07-17\exchange=NSE\symbol=ADANIPORTS\part-073700_974132-031585.parquet,34781,downloaded,34781,
2026-07-17,NSE,ADANIPORTS,raw_l2/trade_date=2026-07-17/exchange=NSE/symbol=ADANIPORTS/part-073714_973539-031617.parquet,real_data_sample\l2_unseen_validation\trade_date=2026-07-17\exchange=NSE\symbol=ADANIPORTS\part-073714_973539-031617.parquet,34807,downloaded,34807,
2026-07-17,NSE,ADANIPORTS,raw_l2/trade_date=2026-07-17/exchange=NSE/symbol=ADANIPORTS/part-073728_973633-031649.parquet,real_data_sample\l2_unseen_validation\trade_date=2026-07-17\exchange=NSE\symbol=ADANIPORTS\part-073728_973633-031649.parquet,35004,downloaded,35004,
2026-07-17,NSE,ADANIPORTS,raw_l2/trade_date=2026-07-17/exchange=NSE/symbol=ADANIPORTS/part-074004_219744-032001.parquet,real_data_sample\l2_unseen_validation\trade_date=2026-07-17\exchange=NSE\symbol=ADANIPORTS\part-074004_219744-032001.parquet,34758,downloaded,34758,
2026-07-17,NSE,ADANIPORTS,raw_l2/trade_date=2026-07-17/exchange=NSE/symbol=ADANIPORTS/part-074032_471932-032065.parquet,real_data_sample\l2_unseen_validation\trade_date=2026-07-17\exchange=NSE\symbol=ADANIPORTS\part-074032_471932-032065.parquet,34521,downloaded,34521,
2026-07-17,NSE,ADANIPORTS,raw_l2/trade_date=2026-07-17/exchange=NSE/symbol=ADANIPORTS/part-073949_968635-031969.parquet,real_data_sample\l2_unseen_validation\trade_date=2026-07-17\exchange=NSE\symbol=ADANIPORTS\part-073949_968635-031969.parquet,34628,downloaded,34628,
2026-07-17,NSE,ADANIPORTS,raw_l2/trade_date=2026-07-17/exchange=NSE/symbol=ADANIPORTS/part-074100_731200-032129.parquet,real_data_sample\l2_unseen_validation\trade_date=2026-07-17\exchange=NSE\symbol=ADANIPORTS\part-074100_731200-032129.parquet,34701,downloaded,34701,
2026-07-17,NSE,ADANIPORTS,raw_l2/trade_date=2026-07-17/exchange=NSE/symbol=ADANIPORTS/part-073756_971514-031713.parquet,real_data_sample\l2_unseen_validation\trade_date=2026-07-17\exchange=NSE\symbol=ADANIPORTS\part-073756_971514-031713.parquet,34814,downloaded,34814,
2026-07-17,NSE,ADANIPORTS,raw_l2/trade_date=2026-07-17/exchange=NSE/symbol=ADANIPORTS/part-073825_220995-031777.parquet,real_data_sample\l2_unseen_validation\trade_date=2026-07-17\exchange=NSE\symbol=ADANIPORTS\part-073825_220995-031777.parquet,34784,downloaded,34784,
2026-07-17,NSE,ADANIPORTS,raw_l2/trade_date=2026-07-17/exchange=NSE/symbol=ADANIPORTS/part-074046_717061-032097.parquet,real_data_sample\l2_unseen_validation\trade_date=2026-07-17\exchange=NSE\symbol=ADANIPORTS\part-074046_717061-032097.parquet,34686,downloaded,34686,
2026-07-17,NSE,ADANIPORTS,raw_l2/trade_date=2026-07-17/exchange=NSE/symbol=ADANIPORTS/part-074321_231236-032449.parquet,real_data_sample\l2_unseen_validation\trade_date=2026-07-17\exchange=NSE\symbol=ADANIPORTS\part-074321_231236-032449.parquet,34543,downloaded,34543,
2026-07-17,NSE,ADANIPORTS,raw_l2/trade_date=2026-07-17/exchange=NSE/symbol=ADANIPORTS/part-074018_466757-032033.parquet,real_data_sample\l2_unseen_validation\trade_date=2026-07-17\exchange=NSE\symbol=ADANIPORTS\part-074018_466757-032033.parquet,34585,downloaded,34585,
2026-07-17,NSE,ADANIPORTS,raw_l2/trade_date=2026-07-17/exchange=NSE/symbol=ADANIPORTS/part-074335_230005-032481.parquet,real_data_sample\l2_unseen_validation\trade_date=2026-07-17\exchange=NSE\symbol=ADANIPORTS\part-074335_230005-032481.parquet,34427,downloaded,34427,
2026-07-17,NSE,ADANIPORTS,raw_l2/trade_date=2026-07-17/exchange=NSE/symbol=ADANIPORTS/part-073742_972500-031681.parquet,real_data_sample\l2_unseen_validation\trade_date=2026-07-17\exchange=NSE\symbol=ADANIPORTS\part-073742_972500-031681.parquet,34925,downloaded,34925,
2026-07-17,NSE,ADANIPORTS,raw_l2/trade_date=2026-07-17/exchange=NSE/symbol=ADANIPORTS/part-074446_232740-032641.parquet,real_data_sample\l2_unseen_validation\trade_date=2026-07-17\exchange=NSE\symbol=ADANIPORTS\part-074446_232740-032641.parquet,34645,downloaded,34645,
2026-07-17,NSE,ADANIPORTS,raw_l2/trade_date=2026-07-17/exchange=NSE/symbol=ADANIPORTS/part-073839_466196-031809.parquet,real_data_sample\l2_unseen_validation\trade_date=2026-07-17\exchange=NSE\symbol=ADANIPORTS\part-073839_466196-031809.parquet,34692,downloaded,34692,
2026-07-17,NSE,ADANIPORTS,raw_l2/trade_date=2026-07-17/exchange=NSE/symbol=ADANIPORTS/part-074128_979924-032193.parquet,real_data_sample\l2_unseen_validation\trade_date=2026-07-17\exchange=NSE\symbol=ADANIPORTS\part-074128_979924-032193.parquet,34726,downloaded,34726,
2026-07-17,NSE,ADANIPORTS,raw_l2/trade_date=2026-07-17/exchange=NSE/symbol=ADANIPORTS/part-074114_981284-032161.parquet,real_data_sample\l2_unseen_validation\trade_date=2026-07-17\exchange=NSE\symbol=ADANIPORTS\part-074114_981284-032161.parquet,34875,downloaded,34875,
2026-07-17,NSE,ADANIPORTS,raw_l2/trade_date=2026-07-17/exchange=NSE/symbol=ADANIPORTS/part-074143_229114-032225.parquet,real_data_sample\l2_unseen_validation\trade_date=2026-07-17\exchange=NSE\symbol=ADANIPORTS\part-074143_229114-032225.parquet,34602,downloaded,34602,
2026-07-17,NSE,ADANIPORTS,raw_l2/trade_date=2026-07-17/exchange=NSE/symbol=ADANIPORTS/part-074404_228744-032545.parquet,real_data_sample\l2_unseen_validation\trade_date=2026-07-17\exchange=NSE\symbol=ADANIPORTS\part-074404_228744-032545.parquet,34783,downloaded,34783,
2026-07-17,NSE,ADANIPORTS,raw_l2/trade_date=2026-07-17/exchange=NSE/symbol=ADANIPORTS/part-073853_467384-031841.parquet,real_data_sample\l2_unseen_validation\trade_date=2026-07-17\exchange=NSE\symbol=ADANIPORTS\part-073853_467384-031841.parquet,34547,downloaded,34547,
2026-07-17,NSE,ADANIPORTS,raw_l2/trade_date=2026-07-17/exchange=NSE/symbol=ADANIPORTS/part-074349_482118-032513.parquet,real_data_sample\l2_unseen_validation\trade_date=2026-07-17\exchange=NSE\symbol=ADANIPORTS\part-074349_482118-032513.parquet,34444,downloaded,34444,
2026-07-17,NSE,ADANIPORTS,raw_l2/trade_date=2026-07-17/exchange=NSE/symbol=ADANIPORTS/part-074157_227976-032257.parquet,real_data_sample\l2_unseen_validation\trade_date=2026-07-17\exchange=NSE\symbol=ADANIPORTS\part-074157_227976-032257.parquet,34700,downloaded,34700,
2026-07-17,NSE,ADANIPORTS,raw_l2/trade_date=2026-07-17/exchange=NSE/symbol=ADANIPORTS/part-073921_967652-031905.parquet,real_data_sample\l2_unseen_validation\trade_date=2026-07-17\exchange=NSE\symbol=ADANIPORTS\part-073921_967652-031905.parquet,34935,downloaded,34935,
2026-07-17,NSE,ADANIPORTS,raw_l2/trade_date=2026-07-17/exchange=NSE/symbol=ADANIPORTS/part-074225_229682-032321.parquet,real_data_sample\l2_unseen_validation\trade_date=2026-07-17\exchange=NSE\symbol=ADANIPORTS\part-074225_229682-032321.parquet,34648,downloaded,34648,
2026-07-17,NSE,ADANIPORTS,raw_l2/trade_date=2026-07-17/exchange=NSE/symbol=ADANIPORTS/part-073907_966999-031873.parquet,real_data_sample\l2_unseen_validation\trade_date=2026-07-17\exchange=NSE\symbol=ADANIPORTS\part-073907_966999-031873.parquet,34751,downloaded,34751,
2026-07-17,NSE,ADANIPORTS,raw_l2/trade_date=2026-07-17/exchange=NSE/symbol=ADANIPORTS/part-074211_234584-032289.parquet,real_data_sample\l2_unseen_validation\trade_date=2026-07-17\exchange=NSE\symbol=ADANIPORTS\part-074211_234584-032289.parquet,34859,downloaded,34859,
2026-07-17,NSE,ADANIPORTS,raw_l2/trade_date=2026-07-17/exchange=NSE/symbol=ADANIPORTS/part-074239_007625-032353.parquet,real_data_sample\l2_unseen_validation\trade_date=2026-07-17\exchange=NSE\symbol=ADANIPORTS\part-074239_007625-032353.parquet,35013,downloaded,35013,
2026-07-17,NSE,ADANIPORTS,raw_l2/trade_date=2026-07-17/exchange=NSE/symbol=ADANIPORTS/part-074253_229071-032385.parquet,real_data_sample\l2_unseen_validation\trade_date=2026-07-17\exchange=NSE\symbol=ADANIPORTS\part-074253_229071-032385.parquet,34703,downloaded,34703,
2026-07-17,NSE,ADANIPORTS,raw_l2/trade_date=2026-07-17/exchange=NSE/symbol=ADANIPORTS/part-074418_229421-032577.parquet,real_data_sample\l2_unseen_validation\trade_date=2026-07-17\exchange=NSE\symbol=ADANIPORTS\part-074418_229421-032577.parquet,34703,downloaded,34703,
2026-07-17,NSE,ADANIPORTS,raw_l2/trade_date=2026-07-17/exchange=NSE/symbol=ADANIPORTS/part-074432_230524-032609.parquet,real_data_sample\l2_unseen_validation\trade_date=2026-07-17\exchange=NSE\symbol=ADANIPORTS\part-074432_230524-032609.parquet,34951,downloaded,34951,
2026-07-17,NSE,ADANIPORTS,raw_l2/trade_date=2026-07-17/exchange=NSE/symbol=ADANIPORTS/part-074528_734141-032737.parquet,real_data_sample\l2_unseen_validation\trade_date=2026-07-17\exchange=NSE\symbol=ADANIPORTS\part-074528_734141-032737.parquet,34857,downloaded,34857,
2026-07-17,NSE,ADANIPORTS,raw_l2/trade_date=2026-07-17/exchange=NSE/symbol=ADANIPORTS/part-074514_479554-032705.parquet,real_data_sample\l2_unseen_validation\trade_date=2026-07-17\exchange=NSE\symbol=ADANIPORTS\part-074514_479554-032705.parquet,34728,downloaded,34728,
2026-07-17,NSE,ADANIPORTS,raw_l2/trade_date=2026-07-17/exchange=NSE/symbol=ADANIPORTS/part-074556_729919-032801.parquet,real_data_sample\l2_unseen_validation\trade_date=2026-07-17\exchange=NSE\symbol=ADANIPORTS\part-074556_729919-032801.parquet,34984,downloaded,34984,
2026-07-17,NSE,ADANIPORTS,raw_l2/trade_date=2026-07-17/exchange=NSE/symbol=ADANIPORTS/part-074500_232026-032673.parquet,real_data_sample\l2_unseen_validation\trade_date=2026-07-17\exchange=NSE\symbol=ADANIPORTS\part-074500_232026-032673.parquet,34476,downloaded,34476,
2026-07-17,NSE,ADANIPORTS,raw_l2/trade_date=2026-07-17/exchange=NSE/symbol=ADANIPORTS/part-074611_231041-032833.parquet,real_data_sample\l2_unseen_validation\trade_date=2026-07-17\exchange=NSE\symbol=ADANIPORTS\part-074611_231041-032833.parquet,35150,downloaded,35150,
2026-07-17,NSE,ADANIPORTS,raw_l2/trade_date=2026-07-17/exchange=NSE/symbol=ADANIPORTS/part-074542_730443-032769.parquet,real_data_sample\l2_unseen_validation\trade_date=2026-07-17\exchange=NSE\symbol=ADANIPORTS\part-074542_730443-032769.parquet,34983,downloaded,34983,
2026-07-17,NSE,ADANIPORTS,raw_l2/trade_date=2026-07-17/exchange=NSE/symbol=ADANIPORTS/part-074625_481160-032865.parquet,real_data_sample\l2_unseen_validation\trade_date=2026-07-17\exchange=NSE\symbol=ADANIPORTS\part-074625_481160-032865.parquet,35617,downloaded,35617,
2026-07-17,NSE,ADANIPORTS,raw_l2/trade_date=2026-07-17/exchange=NSE/symbol=ADANIPORTS/part-074639_731932-032897.parquet,real_data_sample\l2_unseen_validation\trade_date=2026-07-17\exchange=NSE\symbol=ADANIPORTS\part-074639_731932-032897.parquet,35441,downloaded,35441,
2026-07-17,NSE,ADANIPORTS,raw_l2/trade_date=2026-07-17/exchange=NSE/symbol=ADANIPORTS/part-073811_217705-031745.parquet,real_data_sample\l2_unseen_validation\trade_date=2026-07-17\exchange=NSE\symbol=ADANIPORTS\part-073811_217705-031745.parquet,34638,downloaded,34638,
2026-07-17,NSE,ADANIPORTS,raw_l2/trade_date=2026-07-17/exchange=NSE/symbol=ADANIPORTS/part-074900_967697-033217.parquet,real_data_sample\l2_unseen_validation\trade_date=2026-07-17\exchange=NSE\symbol=ADANIPORTS\part-074900_967697-033217.parquet,35481,downloaded,35481,
2026-07-17,NSE,ADANIPORTS,raw_l2/trade_date=2026-07-17/exchange=NSE/symbol=ADANIPORTS/part-073935_968580-031937.parquet,real_data_sample\l2_unseen_validation\trade_date=2026-07-17\exchange=NSE\symbol=ADANIPORTS\part-073935_968580-031937.parquet,34677,downloaded,34677,
2026-07-17,NSE,ADANIPORTS,raw_l2/trade_date=2026-07-17/exchange=NSE/symbol=ADANIPORTS/part-074653_980324-032929.parquet,real_data_sample\l2_unseen_validation\trade_date=2026-07-17\exchange=NSE\symbol=ADANIPORTS\part-074653_980324-032929.parquet,35628,downloaded,35628,
2026-07-17,NSE,ADANIPORTS,raw_l2/trade_date=2026-07-17/exchange=NSE/symbol=ADANIPORTS/part-074957_217170-033345.parquet,real_data_sample\l2_unseen_validation\trade_date=2026-07-17\exchange=NSE\symbol=ADANIPORTS\part-074957_217170-033345.parquet,34807,downloaded,34807,
2026-07-17,NSE,ADANIPORTS,raw_l2/trade_date=2026-07-17/exchange=NSE/symbol=ADANIPORTS/part-074804_468613-033089.parquet,real_data_sample\l2_unseen_validation\trade_date=2026-07-17\exchange=NSE\symbol=ADANIPORTS\part-074804_468613-033089.parquet,35388,downloaded,35388,
2026-07-17,NSE,ADANIPORTS,raw_l2/trade_date=2026-07-17/exchange=NSE/symbol=ADANIPORTS/part-074736_470118-033025.parquet,real_data_sample\l2_unseen_validation\trade_date=2026-07-17\exchange=NSE\symbol=ADANIPORTS\part-074736_470118-033025.parquet,35261,downloaded,35261,
2026-07-17,NSE,ADANIPORTS,raw_l2/trade_date=2026-07-17/exchange=NSE/symbol=ADANIPORTS/part-075025_482838-033409.parquet,real_data_sample\l2_unseen_validation\trade_date=2026-07-17\exchange=NSE\symbol=ADANIPORTS\part-075025_482838-033409.parquet,34720,downloaded,34720,
2026-07-17,NSE,ADANIPORTS,raw_l2/trade_date=2026-07-17/exchange=NSE/symbol=ADANIPORTS/part-074707_969418-032961.parquet,real_data_sample\l2_unseen_validation\trade_date=2026-07-17\exchange=NSE\symbol=ADANIPORTS\part-074707_969418-032961.parquet,35586,downloaded,35586,
2026-07-17,NSE,ADANIPORTS,raw_l2/trade_date=2026-07-17/exchange=NSE/symbol=ADANIPORTS/part-074943_216738-033313.parquet,real_data_sample\l2_unseen_validation\trade_date=2026-07-17\exchange=NSE\symbol=ADANIPORTS\part-074943_216738-033313.parquet,34697,downloaded,34697,
2026-07-17,NSE,ADANIPORTS,raw_l2/trade_date=2026-07-17/exchange=NSE/symbol=ADANIPORTS/part-075011_216742-033377.parquet,real_data_sample\l2_unseen_validation\trade_date=2026-07-17\exchange=NSE\symbol=ADANIPORTS\part-075011_216742-033377.parquet,34974,downloaded,34974,
2026-07-17,NSE,ADANIPORTS,raw_l2/trade_date=2026-07-17/exchange=NSE/symbol=ADANIPORTS/part-074846_716338-033185.parquet,real_data_sample\l2_unseen_validation\trade_date=2026-07-17\exchange=NSE\symbol=ADANIPORTS\part-074846_716338-033185.parquet,35444,downloaded,35444,
2026-07-17,NSE,ADANIPORTS,raw_l2/trade_date=2026-07-17/exchange=NSE/symbol=ADANIPORTS/part-074832_718015-033153.parquet,real_data_sample\l2_unseen_validation\trade_date=2026-07-17\exchange=NSE\symbol=ADANIPORTS\part-074832_718015-033153.parquet,35352,downloaded,35352,
2026-07-17,NSE,ADANIPORTS,raw_l2/trade_date=2026-07-17/exchange=NSE/symbol=ADANIPORTS/part-074307_231046-032417.parquet,real_data_sample\l2_unseen_validation\trade_date=2026-07-17\exchange=NSE\symbol=ADANIPORTS\part-074307_231046-032417.parquet,34697,downloaded,34697,
2026-07-17,NSE,ADANIPORTS,raw_l2/trade_date=2026-07-17/exchange=NSE/symbol=ADANIPORTS/part-074818_470580-033121.parquet,real_data_sample\l2_unseen_validation\trade_date=2026-07-17\exchange=NSE\symbol=ADANIPORTS\part-074818_470580-033121.parquet,35118,downloaded,35118,
2026-07-17,NSE,ADANIPORTS,raw_l2/trade_date=2026-07-17/exchange=NSE/symbol=ADANIPORTS/part-074929_218120-033281.parquet,real_data_sample\l2_unseen_validation\trade_date=2026-07-17\exchange=NSE\symbol=ADANIPORTS\part-074929_218120-033281.parquet,34766,downloaded,34766,
2026-07-17,NSE,ADANIPORTS,raw_l2/trade_date=2026-07-17/exchange=NSE/symbol=ADANIPORTS/part-075040_466334-033441.parquet,real_data_sample\l2_unseen_validation\trade_date=2026-07-17\exchange=NSE\symbol=ADANIPORTS\part-075040_466334-033441.parquet,34749,downloaded,34749,
2026-07-17,NSE,ADANIPORTS,raw_l2/trade_date=2026-07-17/exchange=NSE/symbol=ADANIPORTS/part-074915_218616-033249.parquet,real_data_sample\l2_unseen_validation\trade_date=2026-07-17\exchange=NSE\symbol=ADANIPORTS\part-074915_218616-033249.parquet,35231,downloaded,35231,
2026-07-17,NSE,ADANIPORTS,raw_l2/trade_date=2026-07-17/exchange=NSE/symbol=ADANIPORTS/part-075054_469563-033473.parquet,real_data_sample\l2_unseen_validation\trade_date=2026-07-17\exchange=NSE\symbol=ADANIPORTS\part-075054_469563-033473.parquet,34792,downloaded,34792,
2026-07-17,NSE,ADANIPORTS,raw_l2/trade_date=2026-07-17/exchange=NSE/symbol=ADANIPORTS/part-074722_217914-032993.parquet,real_data_sample\l2_unseen_validation\trade_date=2026-07-17\exchange=NSE\symbol=ADANIPORTS\part-074722_217914-032993.parquet,35321,downloaded,35321,
2026-07-17,NSE,ADANIPORTS,raw_l2/trade_date=2026-07-17/exchange=NSE/symbol=ADANIPORTS/part-075108_467530-033505.parquet,real_data_sample\l2_unseen_validation\trade_date=2026-07-17\exchange=NSE\symbol=ADANIPORTS\part-075108_467530-033505.parquet,34904,downloaded,34904,
2026-07-17,NSE,ADANIPORTS,raw_l2/trade_date=2026-07-17/exchange=NSE/symbol=ADANIPORTS/part-074750_466223-033057.parquet,real_data_sample\l2_unseen_validation\trade_date=2026-07-17\exchange=NSE\symbol=ADANIPORTS\part-074750_466223-033057.parquet,35717,downloaded,35717,
2026-07-17,NSE,ADANIPORTS,raw_l2/trade_date=2026-07-17/exchange=NSE/symbol=ADANIPORTS/part-075122_468801-033537.parquet,real_data_sample\l2_unseen_validation\trade_date=2026-07-17\exchange=NSE\symbol=ADANIPORTS\part-075122_468801-033537.parquet,34625,downloaded,34625,
2026-07-17,NSE,ADANIPORTS,raw_l2/trade_date=2026-07-17/exchange=NSE/symbol=ADANIPORTS/part-075136_467949-033569.parquet,real_data_sample\l2_unseen_validation\trade_date=2026-07-17\exchange=NSE\symbol=ADANIPORTS\part-075136_467949-033569.parquet,34810,downloaded,34810,
2026-07-17,NSE,ADANIPORTS,raw_l2/trade_date=2026-07-17/exchange=NSE/symbol=ADANIPORTS/part-075150_738125-033601.parquet,real_data_sample\l2_unseen_validation\trade_date=2026-07-17\exchange=NSE\symbol=ADANIPORTS\part-075150_738125-033601.parquet,34752,downloaded,34752,
2026-07-17,NSE,ADANIPORTS,raw_l2/trade_date=2026-07-17/exchange=NSE/symbol=ADANIPORTS/part-075233_467294-033697.parquet,real_data_sample\l2_unseen_validation\trade_date=2026-07-17\exchange=NSE\symbol=ADANIPORTS\part-075233_467294-033697.parquet,34880,downloaded,34880,
2026-07-17,NSE,ADANIPORTS,raw_l2/trade_date=2026-07-17/exchange=NSE/symbol=ADANIPORTS/part-075219_467559-033665.parquet,real_data_sample\l2_unseen_validation\trade_date=2026-07-17\exchange=NSE\symbol=ADANIPORTS\part-075219_467559-033665.parquet,34674,downloaded,34674,
2026-07-17,NSE,ADANIPORTS,raw_l2/trade_date=2026-07-17/exchange=NSE/symbol=ADANIPORTS/part-075302_258716-033761.parquet,real_data_sample\l2_unseen_validation\trade_date=2026-07-17\exchange=NSE\symbol=ADANIPORTS\part-075302_258716-033761.parquet,34986,downloaded,34986,
2026-07-17,NSE,ADANIPORTS,raw_l2/trade_date=2026-07-17/exchange=NSE/symbol=ADANIPORTS/part-075205_219237-033633.parquet,real_data_sample\l2_unseen_validation\trade_date=2026-07-17\exchange=NSE\symbol=ADANIPORTS\part-075205_219237-033633.parquet,34936,downloaded,34936,
2026-07-17,NSE,ADANIPORTS,raw_l2/trade_date=2026-07-17/exchange=NSE/symbol=ADANIPORTS/part-075316_508723-033793.parquet,real_data_sample\l2_unseen_validation\trade_date=2026-07-17\exchange=NSE\symbol=ADANIPORTS\part-075316_508723-033793.parquet,34423,downloaded,34423,
2026-07-17,NSE,ADANIPORTS,raw_l2/trade_date=2026-07-17/exchange=NSE/symbol=ADANIPORTS/part-075330_511372-033825.parquet,real_data_sample\l2_unseen_validation\trade_date=2026-07-17\exchange=NSE\symbol=ADANIPORTS\part-075330_511372-033825.parquet,34685,downloaded,34685,
2026-07-17,NSE,ADANIPORTS,raw_l2/trade_date=2026-07-17/exchange=NSE/symbol=ADANIPORTS/part-075247_481207-033729.parquet,real_data_sample\l2_unseen_validation\trade_date=2026-07-17\exchange=NSE\symbol=ADANIPORTS\part-075247_481207-033729.parquet,34501,downloaded,34501,
2026-07-17,NSE,ADANIPORTS,raw_l2/trade_date=2026-07-17/exchange=NSE/symbol=ADANIPORTS/part-080024_009759-034753.parquet,real_data_sample\l2_unseen_validation\trade_date=2026-07-17\exchange=NSE\symbol=ADANIPORTS\part-080024_009759-034753.parquet,34876,downloaded,34876,
2026-07-17,NSE,ADANIPORTS,raw_l2/trade_date=2026-07-17/exchange=NSE/symbol=ADANIPORTS/part-075358_508164-033889.parquet,real_data_sample\l2_unseen_validation\trade_date=2026-07-17\exchange=NSE\symbol=ADANIPORTS\part-075358_508164-033889.parquet,34937,downloaded,34937,
2026-07-17,NSE,ADANIPORTS,raw_l2/trade_date=2026-07-17/exchange=NSE/symbol=ADANIPORTS/part-080009_262280-034721.parquet,real_data_sample\l2_unseen_validation\trade_date=2026-07-17\exchange=NSE\symbol=ADANIPORTS\part-080009_262280-034721.parquet,35547,downloaded,35547,
2026-07-17,NSE,ADANIPORTS,raw_l2/trade_date=2026-07-17/exchange=NSE/symbol=ADANIPORTS/part-080038_260795-034785.parquet,real_data_sample\l2_unseen_validation\trade_date=2026-07-17\exchange=NSE\symbol=ADANIPORTS\part-080038_260795-034785.parquet,35099,downloaded,35099,
2026-07-17,NSE,ADANIPORTS,raw_l2/trade_date=2026-07-17/exchange=NSE/symbol=ADANIPORTS/part-075633_758628-034241.parquet,real_data_sample\l2_unseen_validation\trade_date=2026-07-17\exchange=NSE\symbol=ADANIPORTS\part-075633_758628-034241.parquet,34601,downloaded,34601,
2026-07-17,NSE,ADANIPORTS,raw_l2/trade_date=2026-07-17/exchange=NSE/symbol=ADANIPORTS/part-080107_007051-034849.parquet,real_data_sample\l2_unseen_validation\trade_date=2026-07-17\exchange=NSE\symbol=ADANIPORTS\part-080107_007051-034849.parquet,34950,downloaded,34950,
2026-07-17,NSE,ADANIPORTS,raw_l2/trade_date=2026-07-17/exchange=NSE/symbol=ADANIPORTS/part-075619_513960-034209.parquet,real_data_sample\l2_unseen_validation\trade_date=2026-07-17\exchange=NSE\symbol=ADANIPORTS\part-075619_513960-034209.parquet,34885,downloaded,34885,
2026-07-17,NSE,ADANIPORTS,raw_l2/trade_date=2026-07-17/exchange=NSE/symbol=ADANIPORTS/part-075605_259716-034177.parquet,real_data_sample\l2_unseen_validation\trade_date=2026-07-17\exchange=NSE\symbol=ADANIPORTS\part-075605_259716-034177.parquet,35541,downloaded,35541,
2026-07-17,NSE,ADANIPORTS,raw_l2/trade_date=2026-07-17/exchange=NSE/symbol=ADANIPORTS/part-075702_259065-034305.parquet,real_data_sample\l2_unseen_validation\trade_date=2026-07-17\exchange=NSE\symbol=ADANIPORTS\part-075702_259065-034305.parquet,35067,downloaded,35067,
2026-07-17,NSE,ADANIPORTS,raw_l2/trade_date=2026-07-17/exchange=NSE/symbol=ADANIPORTS/part-080052_756993-034817.parquet,real_data_sample\l2_unseen_validation\trade_date=2026-07-17\exchange=NSE\symbol=ADANIPORTS\part-080052_756993-034817.parquet,34613,downloaded,34613,
2026-07-17,NSE,ADANIPORTS,raw_l2/trade_date=2026-07-17/exchange=NSE/symbol=ADANIPORTS/part-075426_757520-033953.parquet,real_data_sample\l2_unseen_validation\trade_date=2026-07-17\exchange=NSE\symbol=ADANIPORTS\part-075426_757520-033953.parquet,34757,downloaded,34757,
2026-07-17,NSE,ADANIPORTS,raw_l2/trade_date=2026-07-17/exchange=NSE/symbol=ADANIPORTS/part-075455_011226-034017.parquet,real_data_sample\l2_unseen_validation\trade_date=2026-07-17\exchange=NSE\symbol=ADANIPORTS\part-075455_011226-034017.parquet,34864,downloaded,34864,
2026-07-17,NSE,ADANIPORTS,raw_l2/trade_date=2026-07-17/exchange=NSE/symbol=ADANIPORTS/part-075440_763052-033985.parquet,real_data_sample\l2_unseen_validation\trade_date=2026-07-17\exchange=NSE\symbol=ADANIPORTS\part-075440_763052-033985.parquet,34814,downloaded,34814,
2026-07-17,NSE,ADANIPORTS,raw_l2/trade_date=2026-07-17/exchange=NSE/symbol=ADANIPORTS/part-075412_759672-033921.parquet,real_data_sample\l2_unseen_validation\trade_date=2026-07-17\exchange=NSE\symbol=ADANIPORTS\part-075412_759672-033921.parquet,34669,downloaded,34669,
2026-07-17,NSE,ADANIPORTS,raw_l2/trade_date=2026-07-17/exchange=NSE/symbol=ADANIPORTS/part-075523_258740-034081.parquet,real_data_sample\l2_unseen_validation\trade_date=2026-07-17\exchange=NSE\symbol=ADANIPORTS\part-075523_258740-034081.parquet,34940,downloaded,34940,
2026-07-17,NSE,ADANIPORTS,raw_l2/trade_date=2026-07-17/exchange=NSE/symbol=ADANIPORTS/part-075537_258898-034113.parquet,real_data_sample\l2_unseen_validation\trade_date=2026-07-17\exchange=NSE\symbol=ADANIPORTS\part-075537_258898-034113.parquet,34777,downloaded,34777,
2026-07-17,NSE,ADANIPORTS,raw_l2/trade_date=2026-07-17/exchange=NSE/symbol=ADANIPORTS/part-075551_259396-034145.parquet,real_data_sample\l2_unseen_validation\trade_date=2026-07-17\exchange=NSE\symbol=ADANIPORTS\part-075551_259396-034145.parquet,34785,downloaded,34785,
2026-07-17,NSE,ADANIPORTS,raw_l2/trade_date=2026-07-17/exchange=NSE/symbol=ADANIPORTS/part-075509_258293-034049.parquet,real_data_sample\l2_unseen_validation\trade_date=2026-07-17\exchange=NSE\symbol=ADANIPORTS\part-075509_258293-034049.parquet,34677,downloaded,34677,
2026-07-17,NSE,ADANIPORTS,raw_l2/trade_date=2026-07-17/exchange=NSE/symbol=ADANIPORTS/part-075842_757958-034529.parquet,real_data_sample\l2_unseen_validation\trade_date=2026-07-17\exchange=NSE\symbol=ADANIPORTS\part-075842_757958-034529.parquet,35754,downloaded,35754,
2026-07-17,NSE,ADANIPORTS,raw_l2/trade_date=2026-07-17/exchange=NSE/symbol=ADANIPORTS/part-075759_509713-034433.parquet,real_data_sample\l2_unseen_validation\trade_date=2026-07-17\exchange=NSE\symbol=ADANIPORTS\part-075759_509713-034433.parquet,34941,downloaded,34941,
2026-07-17,NSE,ADANIPORTS,raw_l2/trade_date=2026-07-17/exchange=NSE/symbol=ADANIPORTS/part-075814_008976-034465.parquet,real_data_sample\l2_unseen_validation\trade_date=2026-07-17\exchange=NSE\symbol=ADANIPORTS\part-075814_008976-034465.parquet,35442,downloaded,35442,
2026-07-17,NSE,ADANIPORTS,raw_l2/trade_date=2026-07-17/exchange=NSE/symbol=ADANIPORTS/part-075939_759085-034657.parquet,real_data_sample\l2_unseen_validation\trade_date=2026-07-17\exchange=NSE\symbol=ADANIPORTS\part-075939_759085-034657.parquet,35474,downloaded,35474,
2026-07-17,NSE,ADANIPORTS,raw_l2/trade_date=2026-07-17/exchange=NSE/symbol=ADANIPORTS/part-075828_509687-034497.parquet,real_data_sample\l2_unseen_validation\trade_date=2026-07-17\exchange=NSE\symbol=ADANIPORTS\part-075828_509687-034497.parquet,36611,downloaded,36611,
2026-07-17,NSE,ADANIPORTS,raw_l2/trade_date=2026-07-17/exchange=NSE/symbol=ADANIPORTS/part-075954_010314-034689.parquet,real_data_sample\l2_unseen_validation\trade_date=2026-07-17\exchange=NSE\symbol=ADANIPORTS\part-075954_010314-034689.parquet,35888,downloaded,35888,
2026-07-17,NSE,ADANIPORTS,raw_l2/trade_date=2026-07-17/exchange=NSE/symbol=ADANIPORTS/part-075745_259296-034401.parquet,real_data_sample\l2_unseen_validation\trade_date=2026-07-17\exchange=NSE\symbol=ADANIPORTS\part-075745_259296-034401.parquet,35137,downloaded,35137,
2026-07-17,NSE,ADANIPORTS,raw_l2/trade_date=2026-07-17/exchange=NSE/symbol=ADANIPORTS/part-075716_509505-034337.parquet,real_data_sample\l2_unseen_validation\trade_date=2026-07-17\exchange=NSE\symbol=ADANIPORTS\part-075716_509505-034337.parquet,34827,downloaded,34827,
2026-07-17,NSE,ADANIPORTS,raw_l2/trade_date=2026-07-17/exchange=NSE/symbol=ADANIPORTS/part-075730_759297-034369.parquet,real_data_sample\l2_unseen_validation\trade_date=2026-07-17\exchange=NSE\symbol=ADANIPORTS\part-075730_759297-034369.parquet,35050,downloaded,35050,
2026-07-17,NSE,ADANIPORTS,raw_l2/trade_date=2026-07-17/exchange=NSE/symbol=ADANIPORTS/part-075857_008418-034561.parquet,real_data_sample\l2_unseen_validation\trade_date=2026-07-17\exchange=NSE\symbol=ADANIPORTS\part-075857_008418-034561.parquet,35568,downloaded,35568,
2026-07-17,NSE,ADANIPORTS,raw_l2/trade_date=2026-07-17/exchange=NSE/symbol=ADANIPORTS/part-075925_510881-034625.parquet,real_data_sample\l2_unseen_validation\trade_date=2026-07-17\exchange=NSE\symbol=ADANIPORTS\part-075925_510881-034625.parquet,35139,downloaded,35139,
2026-07-17,NSE,ADANIPORTS,raw_l2/trade_date=2026-07-17/exchange=NSE/symbol=ADANIPORTS/part-075911_259496-034593.parquet,real_data_sample\l2_unseen_validation\trade_date=2026-07-17\exchange=NSE\symbol=ADANIPORTS\part-075911_259496-034593.parquet,35596,downloaded,35596,
2026-07-17,NSE,ADANIPORTS,raw_l2/trade_date=2026-07-17/exchange=NSE/symbol=ADANIPORTS/part-080121_261442-034881.parquet,real_data_sample\l2_unseen_validation\trade_date=2026-07-17\exchange=NSE\symbol=ADANIPORTS\part-080121_261442-034881.parquet,35962,downloaded,35962,
2026-07-17,NSE,ADANIPORTS,raw_l2/trade_date=2026-07-17/exchange=NSE/symbol=ADANIPORTS/part-075344_507332-033857.parquet,real_data_sample\l2_unseen_validation\trade_date=2026-07-17\exchange=NSE\symbol=ADANIPORTS\part-075344_507332-033857.parquet,34583,downloaded,34583,
2026-07-17,NSE,ADANIPORTS,raw_l2/trade_date=2026-07-17/exchange=NSE/symbol=ADANIPORTS/part-080627_018593-035553.parquet,real_data_sample\l2_unseen_validation\trade_date=2026-07-17\exchange=NSE\symbol=ADANIPORTS\part-080627_018593-035553.parquet,34866,downloaded,34866,
2026-07-17,NSE,ADANIPORTS,raw_l2/trade_date=2026-07-17/exchange=NSE/symbol=ADANIPORTS/part-080655_806705-035617.parquet,real_data_sample\l2_unseen_validation\trade_date=2026-07-17\exchange=NSE\symbol=ADANIPORTS\part-080655_806705-035617.parquet,34803,downloaded,34803,
2026-07-17,NSE,ADANIPORTS,raw_l2/trade_date=2026-07-17/exchange=NSE/symbol=ADANIPORTS/part-080232_763824-035041.parquet,real_data_sample\l2_unseen_validation\trade_date=2026-07-17\exchange=NSE\symbol=ADANIPORTS\part-080232_763824-035041.parquet,35790,downloaded,35790,
2026-07-17,NSE,ADANIPORTS,raw_l2/trade_date=2026-07-17/exchange=NSE/symbol=ADANIPORTS/part-080544_518869-035457.parquet,real_data_sample\l2_unseen_validation\trade_date=2026-07-17\exchange=NSE\symbol=ADANIPORTS\part-080544_518869-035457.parquet,35183,downloaded,35183,
2026-07-17,NSE,ADANIPORTS,raw_l2/trade_date=2026-07-17/exchange=NSE/symbol=ADANIPORTS/part-080612_756333-035521.parquet,real_data_sample\l2_unseen_validation\trade_date=2026-07-17\exchange=NSE\symbol=ADANIPORTS\part-080612_756333-035521.parquet,34849,downloaded,34849,
2026-07-17,NSE,ADANIPORTS,raw_l2/trade_date=2026-07-17/exchange=NSE/symbol=ADANIPORTS/part-080302_006998-035105.parquet,real_data_sample\l2_unseen_validation\trade_date=2026-07-17\exchange=NSE\symbol=ADANIPORTS\part-080302_006998-035105.parquet,35384,downloaded,35384,
2026-07-17,NSE,ADANIPORTS,raw_l2/trade_date=2026-07-17/exchange=NSE/symbol=ADANIPORTS/part-080204_258627-034977.parquet,real_data_sample\l2_unseen_validation\trade_date=2026-07-17\exchange=NSE\symbol=ADANIPORTS\part-080204_258627-034977.parquet,35679,downloaded,35679,
2026-07-17,NSE,ADANIPORTS,raw_l2/trade_date=2026-07-17/exchange=NSE/symbol=ADANIPORTS/part-080710_258436-035649.parquet,real_data_sample\l2_unseen_validation\trade_date=2026-07-17\exchange=NSE\symbol=ADANIPORTS\part-080710_258436-035649.parquet,34959,downloaded,34959,
2026-07-17,NSE,ADANIPORTS,raw_l2/trade_date=2026-07-17/exchange=NSE/symbol=ADANIPORTS/part-080344_837603-035201.parquet,real_data_sample\l2_unseen_validation\trade_date=2026-07-17\exchange=NSE\symbol=ADANIPORTS\part-080344_837603-035201.parquet,35855,downloaded,35855,
2026-07-17,NSE,ADANIPORTS,raw_l2/trade_date=2026-07-17/exchange=NSE/symbol=ADANIPORTS/part-080529_509062-035425.parquet,real_data_sample\l2_unseen_validation\trade_date=2026-07-17\exchange=NSE\symbol=ADANIPORTS\part-080529_509062-035425.parquet,34705,downloaded,34705,
2026-07-17,NSE,ADANIPORTS,raw_l2/trade_date=2026-07-17/exchange=NSE/symbol=ADANIPORTS/part-080725_007308-035681.parquet,real_data_sample\l2_unseen_validation\trade_date=2026-07-17\exchange=NSE\symbol=ADANIPORTS\part-080725_007308-035681.parquet,34958,downloaded,34958,
2026-07-17,NSE,ADANIPORTS,raw_l2/trade_date=2026-07-17/exchange=NSE/symbol=ADANIPORTS/part-080641_506625-035585.parquet,real_data_sample\l2_unseen_validation\trade_date=2026-07-17\exchange=NSE\symbol=ADANIPORTS\part-080641_506625-035585.parquet,34861,downloaded,34861,
2026-07-17,NSE,ADANIPORTS,raw_l2/trade_date=2026-07-17/exchange=NSE/symbol=ADANIPORTS/part-080809_009373-035777.parquet,real_data_sample\l2_unseen_validation\trade_date=2026-07-17\exchange=NSE\symbol=ADANIPORTS\part-080809_009373-035777.parquet,34595,downloaded,34595,
2026-07-17,NSE,ADANIPORTS,raw_l2/trade_date=2026-07-17/exchange=NSE/symbol=ADANIPORTS/part-080359_811408-035233.parquet,real_data_sample\l2_unseen_validation\trade_date=2026-07-17\exchange=NSE\symbol=ADANIPORTS\part-080359_811408-035233.parquet,35544,downloaded,35544,
2026-07-17,NSE,ADANIPORTS,raw_l2/trade_date=2026-07-17/exchange=NSE/symbol=ADANIPORTS/part-075648_007576-034273.parquet,real_data_sample\l2_unseen_validation\trade_date=2026-07-17\exchange=NSE\symbol=ADANIPORTS\part-075648_007576-034273.parquet,34996,downloaded,34996,
2026-07-17,NSE,ADANIPORTS,raw_l2/trade_date=2026-07-17/exchange=NSE/symbol=ADANIPORTS/part-080135_514505-034913.parquet,real_data_sample\l2_unseen_validation\trade_date=2026-07-17\exchange=NSE\symbol=ADANIPORTS\part-080135_514505-034913.parquet,35517,downloaded,35517,
2026-07-17,NSE,ADANIPORTS,raw_l2/trade_date=2026-07-17/exchange=NSE/symbol=ADANIPORTS/part-080316_260356-035137.parquet,real_data_sample\l2_unseen_validation\trade_date=2026-07-17\exchange=NSE\symbol=ADANIPORTS\part-080316_260356-035137.parquet,35737,downloaded,35737,
2026-07-17,NSE,ADANIPORTS,raw_l2/trade_date=2026-07-17/exchange=NSE/symbol=ADANIPORTS/part-080247_758896-035073.parquet,real_data_sample\l2_unseen_validation\trade_date=2026-07-17\exchange=NSE\symbol=ADANIPORTS\part-080247_758896-035073.parquet,35690,downloaded,35690,
2026-07-17,NSE,ADANIPORTS,raw_l2/trade_date=2026-07-17/exchange=NSE/symbol=ADANIPORTS/part-080500_509258-035361.parquet,real_data_sample\l2_unseen_validation\trade_date=2026-07-17\exchange=NSE\symbol=ADANIPORTS\part-080500_509258-035361.parquet,34880,downloaded,34880,
2026-07-17,NSE,ADANIPORTS,raw_l2/trade_date=2026-07-17/exchange=NSE/symbol=ADANIPORTS/part-080514_755865-035393.parquet,real_data_sample\l2_unseen_validation\trade_date=2026-07-17\exchange=NSE\symbol=ADANIPORTS\part-080514_755865-035393.parquet,34534,downloaded,34534,
2026-07-17,NSE,ADANIPORTS,raw_l2/trade_date=2026-07-17/exchange=NSE/symbol=ADANIPORTS/part-080149_760578-034945.parquet,real_data_sample\l2_unseen_validation\trade_date=2026-07-17\exchange=NSE\symbol=ADANIPORTS\part-080149_760578-034945.parquet,35220,downloaded,35220,
2026-07-17,NSE,ADANIPORTS,raw_l2/trade_date=2026-07-17/exchange=NSE/symbol=ADANIPORTS/part-080218_507839-035009.parquet,real_data_sample\l2_unseen_validation\trade_date=2026-07-17\exchange=NSE\symbol=ADANIPORTS\part-080218_507839-035009.parquet,35584,downloaded,35584,
2026-07-17,NSE,ADANIPORTS,raw_l2/trade_date=2026-07-17/exchange=NSE/symbol=ADANIPORTS/part-080445_761755-035329.parquet,real_data_sample\l2_unseen_validation\trade_date=2026-07-17\exchange=NSE\symbol=ADANIPORTS\part-080445_761755-035329.parquet,34789,downloaded,34789,
2026-07-17,NSE,ADANIPORTS,raw_l2/trade_date=2026-07-17/exchange=NSE/symbol=ADANIPORTS/part-080739_257467-035713.parquet,real_data_sample\l2_unseen_validation\trade_date=2026-07-17\exchange=NSE\symbol=ADANIPORTS\part-080739_257467-035713.parquet,34879,downloaded,34879,
2026-07-17,NSE,ADANIPORTS,raw_l2/trade_date=2026-07-17/exchange=NSE/symbol=ADANIPORTS/part-080823_262447-035809.parquet,real_data_sample\l2_unseen_validation\trade_date=2026-07-17\exchange=NSE\symbol=ADANIPORTS\part-080823_262447-035809.parquet,34544,downloaded,34544,
2026-07-17,NSE,ADANIPORTS,raw_l2/trade_date=2026-07-17/exchange=NSE/symbol=ADANIPORTS/part-080429_089800-035297.parquet,real_data_sample\l2_unseen_validation\trade_date=2026-07-17\exchange=NSE\symbol=ADANIPORTS\part-080429_089800-035297.parquet,34932,downloaded,34932,
2026-07-17,NSE,ADANIPORTS,raw_l2/trade_date=2026-07-17/exchange=NSE/symbol=ADANIPORTS/part-080754_006449-035745.parquet,real_data_sample\l2_unseen_validation\trade_date=2026-07-17\exchange=NSE\symbol=ADANIPORTS\part-080754_006449-035745.parquet,34713,downloaded,34713,
2026-07-17,NSE,ADANIPORTS,raw_l2/trade_date=2026-07-17/exchange=NSE/symbol=ADANIPORTS/part-080414_510333-035265.parquet,real_data_sample\l2_unseen_validation\trade_date=2026-07-17\exchange=NSE\symbol=ADANIPORTS\part-080414_510333-035265.parquet,35605,downloaded,35605,
2026-07-17,NSE,ADANIPORTS,raw_l2/trade_date=2026-07-17/exchange=NSE/symbol=ADANIPORTS/part-080330_506559-035169.parquet,real_data_sample\l2_unseen_validation\trade_date=2026-07-17\exchange=NSE\symbol=ADANIPORTS\part-080330_506559-035169.parquet,35765,downloaded,35765,
2026-07-17,NSE,ADANIPORTS,raw_l2/trade_date=2026-07-17/exchange=NSE/symbol=ADANIPORTS/part-080558_506166-035489.parquet,real_data_sample\l2_unseen_validation\trade_date=2026-07-17\exchange=NSE\symbol=ADANIPORTS\part-080558_506166-035489.parquet,34987,downloaded,34987,
2026-07-17,NSE,ADANIPORTS,raw_l2/trade_date=2026-07-17/exchange=NSE/symbol=ADANIPORTS/part-080936_756583-035969.parquet,real_data_sample\l2_unseen_validation\trade_date=2026-07-17\exchange=NSE\symbol=ADANIPORTS\part-080936_756583-035969.parquet,34759,downloaded,34759,
2026-07-17,NSE,ADANIPORTS,raw_l2/trade_date=2026-07-17/exchange=NSE/symbol=ADANIPORTS/part-080922_008251-035937.parquet,real_data_sample\l2_unseen_validation\trade_date=2026-07-17\exchange=NSE\symbol=ADANIPORTS\part-080922_008251-035937.parquet,34885,downloaded,34885,
2026-07-17,NSE,ADANIPORTS,raw_l2/trade_date=2026-07-17/exchange=NSE/symbol=ADANIPORTS/part-080907_259037-035905.parquet,real_data_sample\l2_unseen_validation\trade_date=2026-07-17\exchange=NSE\symbol=ADANIPORTS\part-080907_259037-035905.parquet,34855,downloaded,34855,
2026-07-17,NSE,ADANIPORTS,raw_l2/trade_date=2026-07-17/exchange=NSE/symbol=ADANIPORTS/part-080951_259398-036001.parquet,real_data_sample\l2_unseen_validation\trade_date=2026-07-17\exchange=NSE\symbol=ADANIPORTS\part-080951_259398-036001.parquet,34750,downloaded,34750,
2026-07-17,NSE,ADANIPORTS,raw_l2/trade_date=2026-07-17/exchange=NSE/symbol=ADANIPORTS/part-081005_757500-036033.parquet,real_data_sample\l2_unseen_validation\trade_date=2026-07-17\exchange=NSE\symbol=ADANIPORTS\part-081005_757500-036033.parquet,34725,downloaded,34725,
2026-07-17,NSE,ADANIPORTS,raw_l2/trade_date=2026-07-17/exchange=NSE/symbol=ADANIPORTS/part-081036_009826-036097.parquet,real_data_sample\l2_unseen_validation\trade_date=2026-07-17\exchange=NSE\symbol=ADANIPORTS\part-081036_009826-036097.parquet,35058,downloaded,35058,
2026-07-17,NSE,ADANIPORTS,raw_l2/trade_date=2026-07-17/exchange=NSE/symbol=ADANIPORTS/part-081050_508541-036129.parquet,real_data_sample\l2_unseen_validation\trade_date=2026-07-17\exchange=NSE\symbol=ADANIPORTS\part-081050_508541-036129.parquet,34809,downloaded,34809,
2026-07-17,NSE,ADANIPORTS,raw_l2/trade_date=2026-07-17/exchange=NSE/symbol=ADANIPORTS/part-080837_756994-035841.parquet,real_data_sample\l2_unseen_validation\trade_date=2026-07-17\exchange=NSE\symbol=ADANIPORTS\part-080837_756994-035841.parquet,34735,downloaded,34735,
2026-07-17,NSE,ADANIPORTS,raw_l2/trade_date=2026-07-17/exchange=NSE/symbol=ADANIPORTS/part-081021_006452-036065.parquet,real_data_sample\l2_unseen_validation\trade_date=2026-07-17\exchange=NSE\symbol=ADANIPORTS\part-081021_006452-036065.parquet,34685,downloaded,34685,
2026-07-17,NSE,ADANIPORTS,raw_l2/trade_date=2026-07-17/exchange=NSE/symbol=ADANIPORTS/part-080852_516716-035873.parquet,real_data_sample\l2_unseen_validation\trade_date=2026-07-17\exchange=NSE\symbol=ADANIPORTS\part-080852_516716-035873.parquet,34784,downloaded,34784,
2026-07-17,NSE,ADANIPORTS,raw_l2/trade_date=2026-07-17/exchange=NSE/symbol=ADANIPORTS/part-081118_756970-036193.parquet,real_data_sample\l2_unseen_validation\trade_date=2026-07-17\exchange=NSE\symbol=ADANIPORTS\part-081118_756970-036193.parquet,34851,downloaded,34851,
2026-07-17,NSE,ADANIPORTS,raw_l2/trade_date=2026-07-17/exchange=NSE/symbol=ADANIPORTS/part-081201_006142-036289.parquet,real_data_sample\l2_unseen_validation\trade_date=2026-07-17\exchange=NSE\symbol=ADANIPORTS\part-081201_006142-036289.parquet,34641,downloaded,34641,
2026-07-17,NSE,ADANIPORTS,raw_l2/trade_date=2026-07-17/exchange=NSE/symbol=ADANIPORTS/part-081104_508524-036161.parquet,real_data_sample\l2_unseen_validation\trade_date=2026-07-17\exchange=NSE\symbol=ADANIPORTS\part-081104_508524-036161.parquet,34811,downloaded,34811,
2026-07-17,NSE,ADANIPORTS,raw_l2/trade_date=2026-07-17/exchange=NSE/symbol=ADANIPORTS/part-081327_258611-036481.parquet,real_data_sample\l2_unseen_validation\trade_date=2026-07-17\exchange=NSE\symbol=ADANIPORTS\part-081327_258611-036481.parquet,34699,downloaded,34699,
2026-07-17,NSE,ADANIPORTS,raw_l2/trade_date=2026-07-17/exchange=NSE/symbol=ADANIPORTS/part-081146_758448-036257.parquet,real_data_sample\l2_unseen_validation\trade_date=2026-07-17\exchange=NSE\symbol=ADANIPORTS\part-081146_758448-036257.parquet,34723,downloaded,34723,
2026-07-17,NSE,ADANIPORTS,raw_l2/trade_date=2026-07-17/exchange=NSE/symbol=ADANIPORTS/part-081313_007568-036449.parquet,real_data_sample\l2_unseen_validation\trade_date=2026-07-17\exchange=NSE\symbol=ADANIPORTS\part-081313_007568-036449.parquet,34707,downloaded,34707,
2026-07-17,NSE,ADANIPORTS,raw_l2/trade_date=2026-07-17/exchange=NSE/symbol=ADANIPORTS/part-081215_256574-036321.parquet,real_data_sample\l2_unseen_validation\trade_date=2026-07-17\exchange=NSE\symbol=ADANIPORTS\part-081215_256574-036321.parquet,34698,downloaded,34698,
2026-07-17,NSE,ADANIPORTS,raw_l2/trade_date=2026-07-17/exchange=NSE/symbol=ADANIPORTS/part-081341_508988-036513.parquet,real_data_sample\l2_unseen_validation\trade_date=2026-07-17\exchange=NSE\symbol=ADANIPORTS\part-081341_508988-036513.parquet,34710,downloaded,34710,
2026-07-17,NSE,ADANIPORTS,raw_l2/trade_date=2026-07-17/exchange=NSE/symbol=ADANIPORTS/part-081258_258892-036417.parquet,real_data_sample\l2_unseen_validation\trade_date=2026-07-17\exchange=NSE\symbol=ADANIPORTS\part-081258_258892-036417.parquet,34537,downloaded,34537,
2026-07-17,NSE,ADANIPORTS,raw_l2/trade_date=2026-07-17/exchange=NSE/symbol=ADANIPORTS/part-081410_008366-036577.parquet,real_data_sample\l2_unseen_validation\trade_date=2026-07-17\exchange=NSE\symbol=ADANIPORTS\part-081410_008366-036577.parquet,34735,downloaded,34735,
2026-07-17,NSE,ADANIPORTS,raw_l2/trade_date=2026-07-17/exchange=NSE/symbol=ADANIPORTS/part-081355_515794-036545.parquet,real_data_sample\l2_unseen_validation\trade_date=2026-07-17\exchange=NSE\symbol=ADANIPORTS\part-081355_515794-036545.parquet,34440,downloaded,34440,
2026-07-17,NSE,ADANIPORTS,raw_l2/trade_date=2026-07-17/exchange=NSE/symbol=ADANIPORTS/part-081243_771334-036385.parquet,real_data_sample\l2_unseen_validation\trade_date=2026-07-17\exchange=NSE\symbol=ADANIPORTS\part-081243_771334-036385.parquet,34804,downloaded,34804,
2026-07-17,NSE,ADANIPORTS,raw_l2/trade_date=2026-07-17/exchange=NSE/symbol=ADANIPORTS/part-081132_757590-036225.parquet,real_data_sample\l2_unseen_validation\trade_date=2026-07-17\exchange=NSE\symbol=ADANIPORTS\part-081132_757590-036225.parquet,34691,downloaded,34691,
2026-07-17,NSE,ADANIPORTS,raw_l2/trade_date=2026-07-17/exchange=NSE/symbol=ADANIPORTS/part-081616_756430-036865.parquet,real_data_sample\l2_unseen_validation\trade_date=2026-07-17\exchange=NSE\symbol=ADANIPORTS\part-081616_756430-036865.parquet,34563,downloaded,34563,
2026-07-17,NSE,ADANIPORTS,raw_l2/trade_date=2026-07-17/exchange=NSE/symbol=ADANIPORTS/part-081438_508805-036641.parquet,real_data_sample\l2_unseen_validation\trade_date=2026-07-17\exchange=NSE\symbol=ADANIPORTS\part-081438_508805-036641.parquet,34969,downloaded,34969,
2026-07-17,NSE,ADANIPORTS,raw_l2/trade_date=2026-07-17/exchange=NSE/symbol=ADANIPORTS/part-081424_279137-036609.parquet,real_data_sample\l2_unseen_validation\trade_date=2026-07-17\exchange=NSE\symbol=ADANIPORTS\part-081424_279137-036609.parquet,34633,downloaded,34633,
2026-07-17,NSE,ADANIPORTS,raw_l2/trade_date=2026-07-17/exchange=NSE/symbol=ADANIPORTS/part-081644_757157-036929.parquet,real_data_sample\l2_unseen_validation\trade_date=2026-07-17\exchange=NSE\symbol=ADANIPORTS\part-081644_757157-036929.parquet,34655,downloaded,34655,
2026-07-17,NSE,ADANIPORTS,raw_l2/trade_date=2026-07-17/exchange=NSE/symbol=ADANIPORTS/part-081520_756998-036737.parquet,real_data_sample\l2_unseen_validation\trade_date=2026-07-17\exchange=NSE\symbol=ADANIPORTS\part-081520_756998-036737.parquet,34652,downloaded,34652,
2026-07-17,NSE,ADANIPORTS,raw_l2/trade_date=2026-07-17/exchange=NSE/symbol=ADANIPORTS/part-081602_758557-036833.parquet,real_data_sample\l2_unseen_validation\trade_date=2026-07-17\exchange=NSE\symbol=ADANIPORTS\part-081602_758557-036833.parquet,34588,downloaded,34588,
2026-07-17,NSE,ADANIPORTS,raw_l2/trade_date=2026-07-17/exchange=NSE/symbol=ADANIPORTS/part-081534_757568-036769.parquet,real_data_sample\l2_unseen_validation\trade_date=2026-07-17\exchange=NSE\symbol=ADANIPORTS\part-081534_757568-036769.parquet,34488,downloaded,34488,
2026-07-17,NSE,ADANIPORTS,raw_l2/trade_date=2026-07-17/exchange=NSE/symbol=ADANIPORTS/part-081727_510235-037025.parquet,real_data_sample\l2_unseen_validation\trade_date=2026-07-17\exchange=NSE\symbol=ADANIPORTS\part-081727_510235-037025.parquet,34920,downloaded,34920,
2026-07-17,NSE,ADANIPORTS,raw_l2/trade_date=2026-07-17/exchange=NSE/symbol=ADANIPORTS/part-081548_757467-036801.parquet,real_data_sample\l2_unseen_validation\trade_date=2026-07-17\exchange=NSE\symbol=ADANIPORTS\part-081548_757467-036801.parquet,34606,downloaded,34606,
2026-07-17,NSE,ADANIPORTS,raw_l2/trade_date=2026-07-17/exchange=NSE/symbol=ADANIPORTS/part-081506_508110-036705.parquet,real_data_sample\l2_unseen_validation\trade_date=2026-07-17\exchange=NSE\symbol=ADANIPORTS\part-081506_508110-036705.parquet,34581,downloaded,34581,
2026-07-17,NSE,ADANIPORTS,raw_l2/trade_date=2026-07-17/exchange=NSE/symbol=ADANIPORTS/part-081756_507438-037089.parquet,real_data_sample\l2_unseen_validation\trade_date=2026-07-17\exchange=NSE\symbol=ADANIPORTS\part-081756_507438-037089.parquet,34733,downloaded,34733,
2026-07-17,NSE,ADANIPORTS,raw_l2/trade_date=2026-07-17/exchange=NSE/symbol=ADANIPORTS/part-081713_256838-036993.parquet,real_data_sample\l2_unseen_validation\trade_date=2026-07-17\exchange=NSE\symbol=ADANIPORTS\part-081713_256838-036993.parquet,34917,downloaded,34917,
2026-07-17,NSE,ADANIPORTS,raw_l2/trade_date=2026-07-17/exchange=NSE/symbol=ADANIPORTS/part-081452_509333-036673.parquet,real_data_sample\l2_unseen_validation\trade_date=2026-07-17\exchange=NSE\symbol=ADANIPORTS\part-081452_509333-036673.parquet,34773,downloaded,34773,
2026-07-17,NSE,ADANIPORTS,raw_l2/trade_date=2026-07-17/exchange=NSE/symbol=ADANIPORTS/part-081742_258577-037057.parquet,real_data_sample\l2_unseen_validation\trade_date=2026-07-17\exchange=NSE\symbol=ADANIPORTS\part-081742_258577-037057.parquet,34805,downloaded,34805,
2026-07-17,NSE,ADANIPORTS,raw_l2/trade_date=2026-07-17/exchange=NSE/symbol=ADANIPORTS/part-081811_006465-037121.parquet,real_data_sample\l2_unseen_validation\trade_date=2026-07-17\exchange=NSE\symbol=ADANIPORTS\part-081811_006465-037121.parquet,34864,downloaded,34864,
2026-07-17,NSE,ADANIPORTS,raw_l2/trade_date=2026-07-17/exchange=NSE/symbol=ADANIPORTS/part-081630_756865-036897.parquet,real_data_sample\l2_unseen_validation\trade_date=2026-07-17\exchange=NSE\symbol=ADANIPORTS\part-081630_756865-036897.parquet,34603,downloaded,34603,
2026-07-17,NSE,ADANIPORTS,raw_l2/trade_date=2026-07-17/exchange=NSE/symbol=ADANIPORTS/part-081825_260471-037153.parquet,real_data_sample\l2_unseen_validation\trade_date=2026-07-17\exchange=NSE\symbol=ADANIPORTS\part-081825_260471-037153.parquet,35661,downloaded,35661,
2026-07-17,NSE,ADANIPORTS,raw_l2/trade_date=2026-07-17/exchange=NSE/symbol=ADANIPORTS/part-081659_010333-036961.parquet,real_data_sample\l2_unseen_validation\trade_date=2026-07-17\exchange=NSE\symbol=ADANIPORTS\part-081659_010333-036961.parquet,34572,downloaded,34572,
2026-07-17,NSE,ADANIPORTS,raw_l2/trade_date=2026-07-17/exchange=NSE/symbol=ADANIPORTS/part-081839_508429-037185.parquet,real_data_sample\l2_unseen_validation\trade_date=2026-07-17\exchange=NSE\symbol=ADANIPORTS\part-081839_508429-037185.parquet,35389,downloaded,35389,
2026-07-17,NSE,ADANIPORTS,raw_l2/trade_date=2026-07-17/exchange=NSE/symbol=ADANIPORTS/part-081854_008313-037217.parquet,real_data_sample\l2_unseen_validation\trade_date=2026-07-17\exchange=NSE\symbol=ADANIPORTS\part-081854_008313-037217.parquet,35108,downloaded,35108,
2026-07-17,NSE,ADANIPORTS,raw_l2/trade_date=2026-07-17/exchange=NSE/symbol=ADANIPORTS/part-081908_009768-037249.parquet,real_data_sample\l2_unseen_validation\trade_date=2026-07-17\exchange=NSE\symbol=ADANIPORTS\part-081908_009768-037249.parquet,35581,downloaded,35581,
2026-07-17,NSE,ADANIPORTS,raw_l2/trade_date=2026-07-17/exchange=NSE/symbol=ADANIPORTS/part-082005_012468-037377.parquet,real_data_sample\l2_unseen_validation\trade_date=2026-07-17\exchange=NSE\symbol=ADANIPORTS\part-082005_012468-037377.parquet,34975,downloaded,34975,
2026-07-17,NSE,ADANIPORTS,raw_l2/trade_date=2026-07-17/exchange=NSE/symbol=ADANIPORTS/part-081951_008569-037345.parquet,real_data_sample\l2_unseen_validation\trade_date=2026-07-17\exchange=NSE\symbol=ADANIPORTS\part-081951_008569-037345.parquet,34702,downloaded,34702,
2026-07-17,NSE,ADANIPORTS,raw_l2/trade_date=2026-07-17/exchange=NSE/symbol=ADANIPORTS/part-081922_257276-037281.parquet,real_data_sample\l2_unseen_validation\trade_date=2026-07-17\exchange=NSE\symbol=ADANIPORTS\part-081922_257276-037281.parquet,34740,downloaded,34740,
2026-07-17,NSE,ADANIPORTS,raw_l2/trade_date=2026-07-17/exchange=NSE/symbol=ADANIPORTS/part-081936_509096-037313.parquet,real_data_sample\l2_unseen_validation\trade_date=2026-07-17\exchange=NSE\symbol=ADANIPORTS\part-081936_509096-037313.parquet,34782,downloaded,34782,
2026-07-17,NSE,ADANIPORTS,raw_l2/trade_date=2026-07-17/exchange=NSE/symbol=ADANIPORTS/part-082048_508649-037473.parquet,real_data_sample\l2_unseen_validation\trade_date=2026-07-17\exchange=NSE\symbol=ADANIPORTS\part-082048_508649-037473.parquet,34986,downloaded,34986,
2026-07-17,NSE,ADANIPORTS,raw_l2/trade_date=2026-07-17/exchange=NSE/symbol=ADANIPORTS/part-082019_258143-037409.parquet,real_data_sample\l2_unseen_validation\trade_date=2026-07-17\exchange=NSE\symbol=ADANIPORTS\part-082019_258143-037409.parquet,34916,downloaded,34916,
2026-07-17,NSE,ADANIPORTS,raw_l2/trade_date=2026-07-17/exchange=NSE/symbol=ADANIPORTS/part-082033_509740-037441.parquet,real_data_sample\l2_unseen_validation\trade_date=2026-07-17\exchange=NSE\symbol=ADANIPORTS\part-082033_509740-037441.parquet,35004,downloaded,35004,
2026-07-17,NSE,ADANIPORTS,raw_l2/trade_date=2026-07-17/exchange=NSE/symbol=ADANIPORTS/part-081229_261768-036353.parquet,real_data_sample\l2_unseen_validation\trade_date=2026-07-17\exchange=NSE\symbol=ADANIPORTS\part-081229_261768-036353.parquet,34810,downloaded,34810,
2026-07-17,NSE,ADANIPORTS,raw_l2/trade_date=2026-07-17/exchange=NSE/symbol=ADANIPORTS/part-082103_257513-037505.parquet,real_data_sample\l2_unseen_validation\trade_date=2026-07-17\exchange=NSE\symbol=ADANIPORTS\part-082103_257513-037505.parquet,34895,downloaded,34895,
2026-07-17,NSE,ADANIPORTS,raw_l2/trade_date=2026-07-17/exchange=NSE/symbol=ADANIPORTS/part-082117_761789-037537.parquet,real_data_sample\l2_unseen_validation\trade_date=2026-07-17\exchange=NSE\symbol=ADANIPORTS\part-082117_761789-037537.parquet,35379,downloaded,35379,
2026-07-17,NSE,ADANIPORTS,raw_l2/trade_date=2026-07-17/exchange=NSE/symbol=ADANIPORTS/part-082325_768550-037825.parquet,real_data_sample\l2_unseen_validation\trade_date=2026-07-17\exchange=NSE\symbol=ADANIPORTS\part-082325_768550-037825.parquet,34857,downloaded,34857,
2026-07-17,NSE,ADANIPORTS,raw_l2/trade_date=2026-07-17/exchange=NSE/symbol=ADANIPORTS/part-082228_758100-037697.parquet,real_data_sample\l2_unseen_validation\trade_date=2026-07-17\exchange=NSE\symbol=ADANIPORTS\part-082228_758100-037697.parquet,35902,downloaded,35902,
2026-07-17,NSE,ADANIPORTS,raw_l2/trade_date=2026-07-17/exchange=NSE/symbol=ADANIPORTS/part-082408_007215-037921.parquet,real_data_sample\l2_unseen_validation\trade_date=2026-07-17\exchange=NSE\symbol=ADANIPORTS\part-082408_007215-037921.parquet,34805,downloaded,34805,
2026-07-17,NSE,ADANIPORTS,raw_l2/trade_date=2026-07-17/exchange=NSE/symbol=ADANIPORTS/part-082340_006822-037857.parquet,real_data_sample\l2_unseen_validation\trade_date=2026-07-17\exchange=NSE\symbol=ADANIPORTS\part-082340_006822-037857.parquet,34751,downloaded,34751,
2026-07-17,NSE,ADANIPORTS,raw_l2/trade_date=2026-07-17/exchange=NSE/symbol=ADANIPORTS/part-082311_507785-037793.parquet,real_data_sample\l2_unseen_validation\trade_date=2026-07-17\exchange=NSE\symbol=ADANIPORTS\part-082311_507785-037793.parquet,35398,downloaded,35398,
2026-07-17,NSE,ADANIPORTS,raw_l2/trade_date=2026-07-17/exchange=NSE/symbol=ADANIPORTS/part-082422_257008-037953.parquet,real_data_sample\l2_unseen_validation\trade_date=2026-07-17\exchange=NSE\symbol=ADANIPORTS\part-082422_257008-037953.parquet,34969,downloaded,34969,
2026-07-17,NSE,ADANIPORTS,raw_l2/trade_date=2026-07-17/exchange=NSE/symbol=ADANIPORTS/part-082146_257752-037601.parquet,real_data_sample\l2_unseen_validation\trade_date=2026-07-17\exchange=NSE\symbol=ADANIPORTS\part-082146_257752-037601.parquet,36135,downloaded,36135,
2026-07-17,NSE,ADANIPORTS,raw_l2/trade_date=2026-07-17/exchange=NSE/symbol=ADANIPORTS/part-082214_759095-037665.parquet,real_data_sample\l2_unseen_validation\trade_date=2026-07-17\exchange=NSE\symbol=ADANIPORTS\part-082214_759095-037665.parquet,35102,downloaded,35102,
2026-07-17,NSE,ADANIPORTS,raw_l2/trade_date=2026-07-17/exchange=NSE/symbol=ADANIPORTS/part-082132_008721-037569.parquet,real_data_sample\l2_unseen_validation\trade_date=2026-07-17\exchange=NSE\symbol=ADANIPORTS\part-082132_008721-037569.parquet,35917,downloaded,35917,
2026-07-17,NSE,ADANIPORTS,raw_l2/trade_date=2026-07-17/exchange=NSE/symbol=ADANIPORTS/part-082243_007206-037729.parquet,real_data_sample\l2_unseen_validation\trade_date=2026-07-17\exchange=NSE\symbol=ADANIPORTS\part-082243_007206-037729.parquet,35700,downloaded,35700,
2026-07-17,NSE,ADANIPORTS,raw_l2/trade_date=2026-07-17/exchange=NSE/symbol=ADANIPORTS/part-082257_010967-037761.parquet,real_data_sample\l2_unseen_validation\trade_date=2026-07-17\exchange=NSE\symbol=ADANIPORTS\part-082257_010967-037761.parquet,35241,downloaded,35241,
2026-07-17,NSE,ADANIPORTS,raw_l2/trade_date=2026-07-17/exchange=NSE/symbol=ADANIPORTS/part-082518_506663-038081.parquet,real_data_sample\l2_unseen_validation\trade_date=2026-07-17\exchange=NSE\symbol=ADANIPORTS\part-082518_506663-038081.parquet,34851,downloaded,34851,
2026-07-17,NSE,ADANIPORTS,raw_l2/trade_date=2026-07-17/exchange=NSE/symbol=ADANIPORTS/part-082547_006850-038145.parquet,real_data_sample\l2_unseen_validation\trade_date=2026-07-17\exchange=NSE\symbol=ADANIPORTS\part-082547_006850-038145.parquet,34735,downloaded,34735,
2026-07-17,NSE,ADANIPORTS,raw_l2/trade_date=2026-07-17/exchange=NSE/symbol=ADANIPORTS/part-082450_508387-038017.parquet,real_data_sample\l2_unseen_validation\trade_date=2026-07-17\exchange=NSE\symbol=ADANIPORTS\part-082450_508387-038017.parquet,34713,downloaded,34713,
2026-07-17,NSE,ADANIPORTS,raw_l2/trade_date=2026-07-17/exchange=NSE/symbol=ADANIPORTS/part-082354_007010-037889.parquet,real_data_sample\l2_unseen_validation\trade_date=2026-07-17\exchange=NSE\symbol=ADANIPORTS\part-082354_007010-037889.parquet,34645,downloaded,34645,
2026-07-17,NSE,ADANIPORTS,raw_l2/trade_date=2026-07-17/exchange=NSE/symbol=ADANIPORTS/part-082200_509055-037633.parquet,real_data_sample\l2_unseen_validation\trade_date=2026-07-17\exchange=NSE\symbol=ADANIPORTS\part-082200_509055-037633.parquet,35669,downloaded,35669,
2026-07-17,NSE,ADANIPORTS,raw_l2/trade_date=2026-07-17/exchange=NSE/symbol=ADANIPORTS/part-082504_506787-038049.parquet,real_data_sample\l2_unseen_validation\trade_date=2026-07-17\exchange=NSE\symbol=ADANIPORTS\part-082504_506787-038049.parquet,34522,downloaded,34522,
2026-07-17,NSE,ADANIPORTS,raw_l2/trade_date=2026-07-17/exchange=NSE/symbol=ADANIPORTS/part-082616_011595-038209.parquet,real_data_sample\l2_unseen_validation\trade_date=2026-07-17\exchange=NSE\symbol=ADANIPORTS\part-082616_011595-038209.parquet,34821,downloaded,34821,
2026-07-17,NSE,ADANIPORTS,raw_l2/trade_date=2026-07-17/exchange=NSE/symbol=ADANIPORTS/part-082436_257226-037985.parquet,real_data_sample\l2_unseen_validation\trade_date=2026-07-17\exchange=NSE\symbol=ADANIPORTS\part-082436_257226-037985.parquet,34898,downloaded,34898,
2026-07-17,NSE,ADANIPORTS,raw_l2/trade_date=2026-07-17/exchange=NSE/symbol=ADANIPORTS/part-082601_765164-038177.parquet,real_data_sample\l2_unseen_validation\trade_date=2026-07-17\exchange=NSE\symbol=ADANIPORTS\part-082601_765164-038177.parquet,34797,downloaded,34797,
2026-07-17,NSE,ADANIPORTS,raw_l2/trade_date=2026-07-17/exchange=NSE/symbol=ADANIPORTS/part-082532_759143-038113.parquet,real_data_sample\l2_unseen_validation\trade_date=2026-07-17\exchange=NSE\symbol=ADANIPORTS\part-082532_759143-038113.parquet,34698,downloaded,34698,
2026-07-17,NSE,ADANIPORTS,raw_l2/trade_date=2026-07-17/exchange=NSE/symbol=ADANIPORTS/part-082630_258249-038241.parquet,real_data_sample\l2_unseen_validation\trade_date=2026-07-17\exchange=NSE\symbol=ADANIPORTS\part-082630_258249-038241.parquet,34753,downloaded,34753,
2026-07-17,NSE,ADANIPORTS,raw_l2/trade_date=2026-07-17/exchange=NSE/symbol=ADANIPORTS/part-082658_757626-038305.parquet,real_data_sample\l2_unseen_validation\trade_date=2026-07-17\exchange=NSE\symbol=ADANIPORTS\part-082658_757626-038305.parquet,35082,downloaded,35082,
2026-07-17,NSE,ADANIPORTS,raw_l2/trade_date=2026-07-17/exchange=NSE/symbol=ADANIPORTS/part-082839_258510-038529.parquet,real_data_sample\l2_unseen_validation\trade_date=2026-07-17\exchange=NSE\symbol=ADANIPORTS\part-082839_258510-038529.parquet,34612,downloaded,34612,
2026-07-17,NSE,ADANIPORTS,raw_l2/trade_date=2026-07-17/exchange=NSE/symbol=ADANIPORTS/part-082741_511011-038401.parquet,real_data_sample\l2_unseen_validation\trade_date=2026-07-17\exchange=NSE\symbol=ADANIPORTS\part-082741_511011-038401.parquet,35003,downloaded,35003,
2026-07-17,NSE,ADANIPORTS,raw_l2/trade_date=2026-07-17/exchange=NSE/symbol=ADANIPORTS/part-082644_759229-038273.parquet,real_data_sample\l2_unseen_validation\trade_date=2026-07-17\exchange=NSE\symbol=ADANIPORTS\part-082644_759229-038273.parquet,34889,downloaded,34889,
2026-07-17,NSE,ADANIPORTS,raw_l2/trade_date=2026-07-17/exchange=NSE/symbol=ADANIPORTS/part-082755_758755-038433.parquet,real_data_sample\l2_unseen_validation\trade_date=2026-07-17\exchange=NSE\symbol=ADANIPORTS\part-082755_758755-038433.parquet,34731,downloaded,34731,
2026-07-17,NSE,ADANIPORTS,raw_l2/trade_date=2026-07-17/exchange=NSE/symbol=ADANIPORTS/part-082713_007395-038337.parquet,real_data_sample\l2_unseen_validation\trade_date=2026-07-17\exchange=NSE\symbol=ADANIPORTS\part-082713_007395-038337.parquet,34942,downloaded,34942,
2026-07-17,NSE,ADANIPORTS,raw_l2/trade_date=2026-07-17/exchange=NSE/symbol=ADANIPORTS/part-082727_257832-038369.parquet,real_data_sample\l2_unseen_validation\trade_date=2026-07-17\exchange=NSE\symbol=ADANIPORTS\part-082727_257832-038369.parquet,34726,downloaded,34726,
2026-07-17,NSE,ADANIPORTS,raw_l2/trade_date=2026-07-17/exchange=NSE/symbol=ADANIPORTS/part-082810_259303-038465.parquet,real_data_sample\l2_unseen_validation\trade_date=2026-07-17\exchange=NSE\symbol=ADANIPORTS\part-082810_259303-038465.parquet,35024,downloaded,35024,
2026-07-17,NSE,ADANIPORTS,raw_l2/trade_date=2026-07-17/exchange=NSE/symbol=ADANIPORTS/part-082937_257369-038657.parquet,real_data_sample\l2_unseen_validation\trade_date=2026-07-17\exchange=NSE\symbol=ADANIPORTS\part-082937_257369-038657.parquet,34992,downloaded,34992,
2026-07-17,NSE,ADANIPORTS,raw_l2/trade_date=2026-07-17/exchange=NSE/symbol=ADANIPORTS/part-082824_758379-038497.parquet,real_data_sample\l2_unseen_validation\trade_date=2026-07-17\exchange=NSE\symbol=ADANIPORTS\part-082824_758379-038497.parquet,34669,downloaded,34669,
2026-07-17,NSE,ADANIPORTS,raw_l2/trade_date=2026-07-17/exchange=NSE/symbol=ADANIPORTS/part-082853_760373-038561.parquet,real_data_sample\l2_unseen_validation\trade_date=2026-07-17\exchange=NSE\symbol=ADANIPORTS\part-082853_760373-038561.parquet,34791,downloaded,34791,
2026-07-17,NSE,ADANIPORTS,raw_l2/trade_date=2026-07-17/exchange=NSE/symbol=ADANIPORTS/part-082908_258029-038593.parquet,real_data_sample\l2_unseen_validation\trade_date=2026-07-17\exchange=NSE\symbol=ADANIPORTS\part-082908_258029-038593.parquet,35009,downloaded,35009,
2026-07-17,NSE,ADANIPORTS,raw_l2/trade_date=2026-07-17/exchange=NSE/symbol=ADANIPORTS/part-082922_760396-038625.parquet,real_data_sample\l2_unseen_validation\trade_date=2026-07-17\exchange=NSE\symbol=ADANIPORTS\part-082922_760396-038625.parquet,34892,downloaded,34892,
2026-07-17,NSE,ADANIPORTS,raw_l2/trade_date=2026-07-17/exchange=NSE/symbol=ADANIPORTS/part-082951_765510-038689.parquet,real_data_sample\l2_unseen_validation\trade_date=2026-07-17\exchange=NSE\symbol=ADANIPORTS\part-082951_765510-038689.parquet,34724,downloaded,34724,
2026-07-17,NSE,ADANIPORTS,raw_l2/trade_date=2026-07-17/exchange=NSE/symbol=ADANIPORTS/part-083035_257158-038785.parquet,real_data_sample\l2_unseen_validation\trade_date=2026-07-17\exchange=NSE\symbol=ADANIPORTS\part-083035_257158-038785.parquet,34707,downloaded,34707,
2026-07-17,NSE,ADANIPORTS,raw_l2/trade_date=2026-07-17/exchange=NSE/symbol=ADANIPORTS/part-083049_757883-038817.parquet,real_data_sample\l2_unseen_validation\trade_date=2026-07-17\exchange=NSE\symbol=ADANIPORTS\part-083049_757883-038817.parquet,34872,downloaded,34872,
2026-07-17,NSE,ADANIPORTS,raw_l2/trade_date=2026-07-17/exchange=NSE/symbol=ADANIPORTS/part-083006_507712-038721.parquet,real_data_sample\l2_unseen_validation\trade_date=2026-07-17\exchange=NSE\symbol=ADANIPORTS\part-083006_507712-038721.parquet,34854,downloaded,34854,
2026-07-17,NSE,ADANIPORTS,raw_l2/trade_date=2026-07-17/exchange=NSE/symbol=ADANIPORTS/part-083021_009664-038753.parquet,real_data_sample\l2_unseen_validation\trade_date=2026-07-17\exchange=NSE\symbol=ADANIPORTS\part-083021_009664-038753.parquet,34879,downloaded,34879,
2026-07-17,NSE,ADANIPORTS,raw_l2/trade_date=2026-07-17/exchange=NSE/symbol=ADANIPORTS/part-083104_007862-038849.parquet,real_data_sample\l2_unseen_validation\trade_date=2026-07-17\exchange=NSE\symbol=ADANIPORTS\part-083104_007862-038849.parquet,34829,downloaded,34829,
2026-07-17,NSE,ADANIPORTS,raw_l2/trade_date=2026-07-17/exchange=NSE/symbol=ADANIPORTS/part-083119_009418-038881.parquet,real_data_sample\l2_unseen_validation\trade_date=2026-07-17\exchange=NSE\symbol=ADANIPORTS\part-083119_009418-038881.parquet,34671,downloaded,34671,
2026-07-17,NSE,ADANIPORTS,raw_l2/trade_date=2026-07-17/exchange=NSE/symbol=ADANIPORTS/part-083315_757193-039137.parquet,real_data_sample\l2_unseen_validation\trade_date=2026-07-17\exchange=NSE\symbol=ADANIPORTS\part-083315_757193-039137.parquet,34603,downloaded,34603,
2026-07-17,NSE,ADANIPORTS,raw_l2/trade_date=2026-07-17/exchange=NSE/symbol=ADANIPORTS/part-083148_257952-038945.parquet,real_data_sample\l2_unseen_validation\trade_date=2026-07-17\exchange=NSE\symbol=ADANIPORTS\part-083148_257952-038945.parquet,34827,downloaded,34827,
2026-07-17,NSE,ADANIPORTS,raw_l2/trade_date=2026-07-17/exchange=NSE/symbol=ADANIPORTS/part-083413_009333-039265.parquet,real_data_sample\l2_unseen_validation\trade_date=2026-07-17\exchange=NSE\symbol=ADANIPORTS\part-083413_009333-039265.parquet,34787,downloaded,34787,
2026-07-17,NSE,ADANIPORTS,raw_l2/trade_date=2026-07-17/exchange=NSE/symbol=ADANIPORTS/part-083202_508929-038977.parquet,real_data_sample\l2_unseen_validation\trade_date=2026-07-17\exchange=NSE\symbol=ADANIPORTS\part-083202_508929-038977.parquet,34755,downloaded,34755,
2026-07-17,NSE,ADANIPORTS,raw_l2/trade_date=2026-07-17/exchange=NSE/symbol=ADANIPORTS/part-083301_011003-039105.parquet,real_data_sample\l2_unseen_validation\trade_date=2026-07-17\exchange=NSE\symbol=ADANIPORTS\part-083301_011003-039105.parquet,34893,downloaded,34893,
2026-07-17,NSE,ADANIPORTS,raw_l2/trade_date=2026-07-17/exchange=NSE/symbol=ADANIPORTS/part-083246_259466-039073.parquet,real_data_sample\l2_unseen_validation\trade_date=2026-07-17\exchange=NSE\symbol=ADANIPORTS\part-083246_259466-039073.parquet,34750,downloaded,34750,
2026-07-17,NSE,ADANIPORTS,raw_l2/trade_date=2026-07-17/exchange=NSE/symbol=ADANIPORTS/part-083231_759108-039041.parquet,real_data_sample\l2_unseen_validation\trade_date=2026-07-17\exchange=NSE\symbol=ADANIPORTS\part-083231_759108-039041.parquet,34937,downloaded,34937,
2026-07-17,NSE,ADANIPORTS,raw_l2/trade_date=2026-07-17/exchange=NSE/symbol=ADANIPORTS/part-083344_258722-039201.parquet,real_data_sample\l2_unseen_validation\trade_date=2026-07-17\exchange=NSE\symbol=ADANIPORTS\part-083344_258722-039201.parquet,34833,downloaded,34833,
2026-07-17,NSE,ADANIPORTS,raw_l2/trade_date=2026-07-17/exchange=NSE/symbol=ADANIPORTS/part-083133_508436-038913.parquet,real_data_sample\l2_unseen_validation\trade_date=2026-07-17\exchange=NSE\symbol=ADANIPORTS\part-083133_508436-038913.parquet,34782,downloaded,34782,
2026-07-17,NSE,ADANIPORTS,raw_l2/trade_date=2026-07-17/exchange=NSE/symbol=ADANIPORTS/part-083217_009642-039009.parquet,real_data_sample\l2_unseen_validation\trade_date=2026-07-17\exchange=NSE\symbol=ADANIPORTS\part-083217_009642-039009.parquet,34794,downloaded,34794,
2026-07-17,NSE,ADANIPORTS,raw_l2/trade_date=2026-07-17/exchange=NSE/symbol=ADANIPORTS/part-083427_257993-039297.parquet,real_data_sample\l2_unseen_validation\trade_date=2026-07-17\exchange=NSE\symbol=ADANIPORTS\part-083427_257993-039297.parquet,34659,downloaded,34659,
2026-07-17,NSE,ADANIPORTS,raw_l2/trade_date=2026-07-17/exchange=NSE/symbol=ADANIPORTS/part-083510_514277-039393.parquet,real_data_sample\l2_unseen_validation\trade_date=2026-07-17\exchange=NSE\symbol=ADANIPORTS\part-083510_514277-039393.parquet,34875,downloaded,34875,
2026-07-17,NSE,ADANIPORTS,raw_l2/trade_date=2026-07-17/exchange=NSE/symbol=ADANIPORTS/part-083456_010071-039361.parquet,real_data_sample\l2_unseen_validation\trade_date=2026-07-17\exchange=NSE\symbol=ADANIPORTS\part-083456_010071-039361.parquet,34685,downloaded,34685,
2026-07-17,NSE,ADANIPORTS,raw_l2/trade_date=2026-07-17/exchange=NSE/symbol=ADANIPORTS/part-083330_009092-039169.parquet,real_data_sample\l2_unseen_validation\trade_date=2026-07-17\exchange=NSE\symbol=ADANIPORTS\part-083330_009092-039169.parquet,34758,downloaded,34758,
2026-07-17,NSE,ADANIPORTS,raw_l2/trade_date=2026-07-17/exchange=NSE/symbol=ADANIPORTS/part-083441_760283-039329.parquet,real_data_sample\l2_unseen_validation\trade_date=2026-07-17\exchange=NSE\symbol=ADANIPORTS\part-083441_760283-039329.parquet,34894,downloaded,34894,
2026-07-17,NSE,ADANIPORTS,raw_l2/trade_date=2026-07-17/exchange=NSE/symbol=ADANIPORTS/part-083538_756742-039457.parquet,real_data_sample\l2_unseen_validation\trade_date=2026-07-17\exchange=NSE\symbol=ADANIPORTS\part-083538_756742-039457.parquet,34707,downloaded,34707,
2026-07-17,NSE,ADANIPORTS,raw_l2/trade_date=2026-07-17/exchange=NSE/symbol=ADANIPORTS/part-083524_757880-039425.parquet,real_data_sample\l2_unseen_validation\trade_date=2026-07-17\exchange=NSE\symbol=ADANIPORTS\part-083524_757880-039425.parquet,34656,downloaded,34656,
2026-07-17,NSE,ADANIPORTS,raw_l2/trade_date=2026-07-17/exchange=NSE/symbol=ADANIPORTS/part-083358_759213-039233.parquet,real_data_sample\l2_unseen_validation\trade_date=2026-07-17\exchange=NSE\symbol=ADANIPORTS\part-083358_759213-039233.parquet,34478,downloaded,34478,
2026-07-17,NSE,ADANIPORTS,raw_l2/trade_date=2026-07-17/exchange=NSE/symbol=ADANIPORTS/part-083621_509281-039553.parquet,real_data_sample\l2_unseen_validation\trade_date=2026-07-17\exchange=NSE\symbol=ADANIPORTS\part-083621_509281-039553.parquet,34699,downloaded,34699,
2026-07-17,NSE,ADANIPORTS,raw_l2/trade_date=2026-07-17/exchange=NSE/symbol=ADANIPORTS/part-083607_010296-039521.parquet,real_data_sample\l2_unseen_validation\trade_date=2026-07-17\exchange=NSE\symbol=ADANIPORTS\part-083607_010296-039521.parquet,34594,downloaded,34594,
2026-07-17,NSE,ADANIPORTS,raw_l2/trade_date=2026-07-17/exchange=NSE/symbol=ADANIPORTS/part-083718_257379-039681.parquet,real_data_sample\l2_unseen_validation\trade_date=2026-07-17\exchange=NSE\symbol=ADANIPORTS\part-083718_257379-039681.parquet,34630,downloaded,34630,
2026-07-17,NSE,ADANIPORTS,raw_l2/trade_date=2026-07-17/exchange=NSE/symbol=ADANIPORTS/part-083553_009651-039489.parquet,real_data_sample\l2_unseen_validation\trade_date=2026-07-17\exchange=NSE\symbol=ADANIPORTS\part-083553_009651-039489.parquet,34678,downloaded,34678,
2026-07-17,NSE,ADANIPORTS,raw_l2/trade_date=2026-07-17/exchange=NSE/symbol=ADANIPORTS/part-083650_011000-039617.parquet,real_data_sample\l2_unseen_validation\trade_date=2026-07-17\exchange=NSE\symbol=ADANIPORTS\part-083650_011000-039617.parquet,34720,downloaded,34720,
2026-07-17,NSE,ADANIPORTS,raw_l2/trade_date=2026-07-17/exchange=NSE/symbol=ADANIPORTS/part-083635_758209-039585.parquet,real_data_sample\l2_unseen_validation\trade_date=2026-07-17\exchange=NSE\symbol=ADANIPORTS\part-083635_758209-039585.parquet,34660,downloaded,34660,
2026-07-17,NSE,ADANIPORTS,raw_l2/trade_date=2026-07-17/exchange=NSE/symbol=ADANIPORTS/part-083704_256878-039649.parquet,real_data_sample\l2_unseen_validation\trade_date=2026-07-17\exchange=NSE\symbol=ADANIPORTS\part-083704_256878-039649.parquet,34620,downloaded,34620,
2026-07-17,NSE,ADANIPORTS,raw_l2/trade_date=2026-07-17/exchange=NSE/symbol=ADANIPORTS/part-083732_507043-039713.parquet,real_data_sample\l2_unseen_validation\trade_date=2026-07-17\exchange=NSE\symbol=ADANIPORTS\part-083732_507043-039713.parquet,34661,downloaded,34661,
2026-07-17,NSE,ADANIPORTS,raw_l2/trade_date=2026-07-17/exchange=NSE/symbol=ADANIPORTS/part-083746_756743-039745.parquet,real_data_sample\l2_unseen_validation\trade_date=2026-07-17\exchange=NSE\symbol=ADANIPORTS\part-083746_756743-039745.parquet,34789,downloaded,34789,
2026-07-17,NSE,ADANIPORTS,raw_l2/trade_date=2026-07-17/exchange=NSE/symbol=ADANIPORTS/part-083815_258124-039809.parquet,real_data_sample\l2_unseen_validation\trade_date=2026-07-17\exchange=NSE\symbol=ADANIPORTS\part-083815_258124-039809.parquet,34582,downloaded,34582,
2026-07-17,NSE,ADANIPORTS,raw_l2/trade_date=2026-07-17/exchange=NSE/symbol=ADANIPORTS/part-083801_007529-039777.parquet,real_data_sample\l2_unseen_validation\trade_date=2026-07-17\exchange=NSE\symbol=ADANIPORTS\part-083801_007529-039777.parquet,34924,downloaded,34924,
2026-07-17,NSE,ADANIPORTS,raw_l2/trade_date=2026-07-17/exchange=NSE/symbol=ADANIPORTS/part-083829_511589-039841.parquet,real_data_sample\l2_unseen_validation\trade_date=2026-07-17\exchange=NSE\symbol=ADANIPORTS\part-083829_511589-039841.parquet,34740,downloaded,34740,
2026-07-17,NSE,ADANIPORTS,raw_l2/trade_date=2026-07-17/exchange=NSE/symbol=ADANIPORTS/part-083844_007335-039873.parquet,real_data_sample\l2_unseen_validation\trade_date=2026-07-17\exchange=NSE\symbol=ADANIPORTS\part-083844_007335-039873.parquet,34731,downloaded,34731,
2026-07-17,NSE,ADANIPORTS,raw_l2/trade_date=2026-07-17/exchange=NSE/symbol=ADANIPORTS/part-083941_261345-040001.parquet,real_data_sample\l2_unseen_validation\trade_date=2026-07-17\exchange=NSE\symbol=ADANIPORTS\part-083941_261345-040001.parquet,34737,downloaded,34737,
2026-07-17,NSE,ADANIPORTS,raw_l2/trade_date=2026-07-17/exchange=NSE/symbol=ADANIPORTS/part-083955_508045-040033.parquet,real_data_sample\l2_unseen_validation\trade_date=2026-07-17\exchange=NSE\symbol=ADANIPORTS\part-083955_508045-040033.parquet,34734,downloaded,34734,
2026-07-17,NSE,ADANIPORTS,raw_l2/trade_date=2026-07-17/exchange=NSE/symbol=ADANIPORTS/part-084010_009722-040065.parquet,real_data_sample\l2_unseen_validation\trade_date=2026-07-17\exchange=NSE\symbol=ADANIPORTS\part-084010_009722-040065.parquet,34760,downloaded,34760,
2026-07-17,NSE,ADANIPORTS,raw_l2/trade_date=2026-07-17/exchange=NSE/symbol=ADANIPORTS/part-083927_008549-039969.parquet,real_data_sample\l2_unseen_validation\trade_date=2026-07-17\exchange=NSE\symbol=ADANIPORTS\part-083927_008549-039969.parquet,34808,downloaded,34808,
2026-07-17,NSE,ADANIPORTS,raw_l2/trade_date=2026-07-17/exchange=NSE/symbol=ADANIPORTS/part-084024_266117-040097.parquet,real_data_sample\l2_unseen_validation\trade_date=2026-07-17\exchange=NSE\symbol=ADANIPORTS\part-084024_266117-040097.parquet,34605,downloaded,34605,
2026-07-17,NSE,ADANIPORTS,raw_l2/trade_date=2026-07-17/exchange=NSE/symbol=ADANIPORTS/part-083912_759202-039937.parquet,real_data_sample\l2_unseen_validation\trade_date=2026-07-17\exchange=NSE\symbol=ADANIPORTS\part-083912_759202-039937.parquet,34755,downloaded,34755,
2026-07-17,NSE,ADANIPORTS,raw_l2/trade_date=2026-07-17/exchange=NSE/symbol=ADANIPORTS/part-084038_507910-040129.parquet,real_data_sample\l2_unseen_validation\trade_date=2026-07-17\exchange=NSE\symbol=ADANIPORTS\part-084038_507910-040129.parquet,35051,downloaded,35051,
2026-07-17,NSE,ADANIPORTS,raw_l2/trade_date=2026-07-17/exchange=NSE/symbol=ADANIPORTS/part-083858_258324-039905.parquet,real_data_sample\l2_unseen_validation\trade_date=2026-07-17\exchange=NSE\symbol=ADANIPORTS\part-083858_258324-039905.parquet,34632,downloaded,34632,
2026-07-17,NSE,ADANIPORTS,raw_l2/trade_date=2026-07-17/exchange=NSE/symbol=ADANIPORTS/part-084233_264077-040385.parquet,real_data_sample\l2_unseen_validation\trade_date=2026-07-17\exchange=NSE\symbol=ADANIPORTS\part-084233_264077-040385.parquet,34760,downloaded,34760,
2026-07-17,NSE,ADANIPORTS,raw_l2/trade_date=2026-07-17/exchange=NSE/symbol=ADANIPORTS/part-084135_758134-040257.parquet,real_data_sample\l2_unseen_validation\trade_date=2026-07-17\exchange=NSE\symbol=ADANIPORTS\part-084135_758134-040257.parquet,34811,downloaded,34811,
2026-07-17,NSE,ADANIPORTS,raw_l2/trade_date=2026-07-17/exchange=NSE/symbol=ADANIPORTS/part-084204_507600-040321.parquet,real_data_sample\l2_unseen_validation\trade_date=2026-07-17\exchange=NSE\symbol=ADANIPORTS\part-084204_507600-040321.parquet,34544,downloaded,34544,
2026-07-17,NSE,ADANIPORTS,raw_l2/trade_date=2026-07-17/exchange=NSE/symbol=ADANIPORTS/part-084330_777889-040513.parquet,real_data_sample\l2_unseen_validation\trade_date=2026-07-17\exchange=NSE\symbol=ADANIPORTS\part-084330_777889-040513.parquet,34646,downloaded,34646,
2026-07-17,NSE,ADANIPORTS,raw_l2/trade_date=2026-07-17/exchange=NSE/symbol=ADANIPORTS/part-084150_257558-040289.parquet,real_data_sample\l2_unseen_validation\trade_date=2026-07-17\exchange=NSE\symbol=ADANIPORTS\part-084150_257558-040289.parquet,34643,downloaded,34643,
2026-07-17,NSE,ADANIPORTS,raw_l2/trade_date=2026-07-17/exchange=NSE/symbol=ADANIPORTS/part-084107_260792-040193.parquet,real_data_sample\l2_unseen_validation\trade_date=2026-07-17\exchange=NSE\symbol=ADANIPORTS\part-084107_260792-040193.parquet,34762,downloaded,34762,
2026-07-17,NSE,ADANIPORTS,raw_l2/trade_date=2026-07-17/exchange=NSE/symbol=ADANIPORTS/part-084302_011395-040449.parquet,real_data_sample\l2_unseen_validation\trade_date=2026-07-17\exchange=NSE\symbol=ADANIPORTS\part-084302_011395-040449.parquet,34904,downloaded,34904,
2026-07-17,NSE,ADANIPORTS,raw_l2/trade_date=2026-07-17/exchange=NSE/symbol=ADANIPORTS/part-084345_259636-040545.parquet,real_data_sample\l2_unseen_validation\trade_date=2026-07-17\exchange=NSE\symbol=ADANIPORTS\part-084345_259636-040545.parquet,34639,downloaded,34639,
2026-07-17,NSE,ADANIPORTS,raw_l2/trade_date=2026-07-17/exchange=NSE/symbol=ADANIPORTS/part-084053_007548-040161.parquet,real_data_sample\l2_unseen_validation\trade_date=2026-07-17\exchange=NSE\symbol=ADANIPORTS\part-084053_007548-040161.parquet,34799,downloaded,34799,
2026-07-17,NSE,ADANIPORTS,raw_l2/trade_date=2026-07-17/exchange=NSE/symbol=ADANIPORTS/part-084316_262304-040481.parquet,real_data_sample\l2_unseen_validation\trade_date=2026-07-17\exchange=NSE\symbol=ADANIPORTS\part-084316_262304-040481.parquet,34782,downloaded,34782,
2026-07-17,NSE,ADANIPORTS,raw_l2/trade_date=2026-07-17/exchange=NSE/symbol=ADANIPORTS/part-084247_513222-040417.parquet,real_data_sample\l2_unseen_validation\trade_date=2026-07-17\exchange=NSE\symbol=ADANIPORTS\part-084247_513222-040417.parquet,34830,downloaded,34830,
2026-07-17,NSE,ADANIPORTS,raw_l2/trade_date=2026-07-17/exchange=NSE/symbol=ADANIPORTS/part-084457_259149-040705.parquet,real_data_sample\l2_unseen_validation\trade_date=2026-07-17\exchange=NSE\symbol=ADANIPORTS\part-084457_259149-040705.parquet,34655,downloaded,34655,
2026-07-17,NSE,ADANIPORTS,raw_l2/trade_date=2026-07-17/exchange=NSE/symbol=ADANIPORTS/part-084219_007814-040353.parquet,real_data_sample\l2_unseen_validation\trade_date=2026-07-17\exchange=NSE\symbol=ADANIPORTS\part-084219_007814-040353.parquet,34694,downloaded,34694,
2026-07-17,NSE,ADANIPORTS,raw_l2/trade_date=2026-07-17/exchange=NSE/symbol=ADANIPORTS/part-084512_008186-040737.parquet,real_data_sample\l2_unseen_validation\trade_date=2026-07-17\exchange=NSE\symbol=ADANIPORTS\part-084512_008186-040737.parquet,34733,downloaded,34733,
2026-07-17,NSE,ADANIPORTS,raw_l2/trade_date=2026-07-17/exchange=NSE/symbol=ADANIPORTS/part-084121_259570-040225.parquet,real_data_sample\l2_unseen_validation\trade_date=2026-07-17\exchange=NSE\symbol=ADANIPORTS\part-084121_259570-040225.parquet,34692,downloaded,34692,
2026-07-17,NSE,ADANIPORTS,raw_l2/trade_date=2026-07-17/exchange=NSE/symbol=ADANIPORTS/part-084414_009882-040609.parquet,real_data_sample\l2_unseen_validation\trade_date=2026-07-17\exchange=NSE\symbol=ADANIPORTS\part-084414_009882-040609.parquet,34623,downloaded,34623,
2026-07-17,NSE,ADANIPORTS,raw_l2/trade_date=2026-07-17/exchange=NSE/symbol=ADANIPORTS/part-084428_515570-040641.parquet,real_data_sample\l2_unseen_validation\trade_date=2026-07-17\exchange=NSE\symbol=ADANIPORTS\part-084428_515570-040641.parquet,34864,downloaded,34864,
2026-07-17,NSE,ADANIPORTS,raw_l2/trade_date=2026-07-17/exchange=NSE/symbol=ADANIPORTS/part-084443_008282-040673.parquet,real_data_sample\l2_unseen_validation\trade_date=2026-07-17\exchange=NSE\symbol=ADANIPORTS\part-084443_008282-040673.parquet,34899,downloaded,34899,
2026-07-17,NSE,ADANIPORTS,raw_l2/trade_date=2026-07-17/exchange=NSE/symbol=ADANIPORTS/part-084540_762599-040801.parquet,real_data_sample\l2_unseen_validation\trade_date=2026-07-17\exchange=NSE\symbol=ADANIPORTS\part-084540_762599-040801.parquet,34819,downloaded,34819,
2026-07-17,NSE,ADANIPORTS,raw_l2/trade_date=2026-07-17/exchange=NSE/symbol=ADANIPORTS/part-084526_261757-040769.parquet,real_data_sample\l2_unseen_validation\trade_date=2026-07-17\exchange=NSE\symbol=ADANIPORTS\part-084526_261757-040769.parquet,34781,downloaded,34781,
2026-07-17,NSE,ADANIPORTS,raw_l2/trade_date=2026-07-17/exchange=NSE/symbol=ADANIPORTS/part-084359_758541-040577.parquet,real_data_sample\l2_unseen_validation\trade_date=2026-07-17\exchange=NSE\symbol=ADANIPORTS\part-084359_758541-040577.parquet,35050,downloaded,35050,
2026-07-17,NSE,ADANIPORTS,raw_l2/trade_date=2026-07-17/exchange=NSE/symbol=ADANIPORTS/part-084555_006198-040833.parquet,real_data_sample\l2_unseen_validation\trade_date=2026-07-17\exchange=NSE\symbol=ADANIPORTS\part-084555_006198-040833.parquet,34776,downloaded,34776,
2026-07-17,NSE,ADANIPORTS,raw_l2/trade_date=2026-07-17/exchange=NSE/symbol=ADANIPORTS/part-084609_508430-040865.parquet,real_data_sample\l2_unseen_validation\trade_date=2026-07-17\exchange=NSE\symbol=ADANIPORTS\part-084609_508430-040865.parquet,34446,downloaded,34446,
2026-07-17,NSE,ADANIPORTS,raw_l2/trade_date=2026-07-17/exchange=NSE/symbol=ADANIPORTS/part-084720_759423-041025.parquet,real_data_sample\l2_unseen_validation\trade_date=2026-07-17\exchange=NSE\symbol=ADANIPORTS\part-084720_759423-041025.parquet,36299,downloaded,36299,
2026-07-17,NSE,ADANIPORTS,raw_l2/trade_date=2026-07-17/exchange=NSE/symbol=ADANIPORTS/part-084623_758565-040897.parquet,real_data_sample\l2_unseen_validation\trade_date=2026-07-17\exchange=NSE\symbol=ADANIPORTS\part-084623_758565-040897.parquet,36593,downloaded,36593,
2026-07-17,NSE,ADANIPORTS,raw_l2/trade_date=2026-07-17/exchange=NSE/symbol=ADANIPORTS/part-084915_258851-041281.parquet,real_data_sample\l2_unseen_validation\trade_date=2026-07-17\exchange=NSE\symbol=ADANIPORTS\part-084915_258851-041281.parquet,35381,downloaded,35381,
2026-07-17,NSE,ADANIPORTS,raw_l2/trade_date=2026-07-17/exchange=NSE/symbol=ADANIPORTS/part-084832_009750-041185.parquet,real_data_sample\l2_unseen_validation\trade_date=2026-07-17\exchange=NSE\symbol=ADANIPORTS\part-084832_009750-041185.parquet,35897,downloaded,35897,
2026-07-17,NSE,ADANIPORTS,raw_l2/trade_date=2026-07-17/exchange=NSE/symbol=ADANIPORTS/part-084638_012860-040929.parquet,real_data_sample\l2_unseen_validation\trade_date=2026-07-17\exchange=NSE\symbol=ADANIPORTS\part-084638_012860-040929.parquet,36331,downloaded,36331,
2026-07-17,NSE,ADANIPORTS,raw_l2/trade_date=2026-07-17/exchange=NSE/symbol=ADANIPORTS/part-084749_259473-041089.parquet,real_data_sample\l2_unseen_validation\trade_date=2026-07-17\exchange=NSE\symbol=ADANIPORTS\part-084749_259473-041089.parquet,35966,downloaded,35966,
2026-07-17,NSE,ADANIPORTS,raw_l2/trade_date=2026-07-17/exchange=NSE/symbol=ADANIPORTS/part-084706_508104-040993.parquet,real_data_sample\l2_unseen_validation\trade_date=2026-07-17\exchange=NSE\symbol=ADANIPORTS\part-084706_508104-040993.parquet,36206,downloaded,36206,
2026-07-17,NSE,ADANIPORTS,raw_l2/trade_date=2026-07-17/exchange=NSE/symbol=ADANIPORTS/part-084959_258575-041377.parquet,real_data_sample\l2_unseen_validation\trade_date=2026-07-17\exchange=NSE\symbol=ADANIPORTS\part-084959_258575-041377.parquet,34768,downloaded,34768,
2026-07-17,NSE,ADANIPORTS,raw_l2/trade_date=2026-07-17/exchange=NSE/symbol=ADANIPORTS/part-084652_263069-040961.parquet,real_data_sample\l2_unseen_validation\trade_date=2026-07-17\exchange=NSE\symbol=ADANIPORTS\part-084652_263069-040961.parquet,36249,downloaded,36249,
2026-07-17,NSE,ADANIPORTS,raw_l2/trade_date=2026-07-17/exchange=NSE/symbol=ADANIPORTS/part-084846_510405-041217.parquet,real_data_sample\l2_unseen_validation\trade_date=2026-07-17\exchange=NSE\symbol=ADANIPORTS\part-084846_510405-041217.parquet,35797,downloaded,35797,
2026-07-17,NSE,ADANIPORTS,raw_l2/trade_date=2026-07-17/exchange=NSE/symbol=ADANIPORTS/part-084803_510211-041121.parquet,real_data_sample\l2_unseen_validation\trade_date=2026-07-17\exchange=NSE\symbol=ADANIPORTS\part-084803_510211-041121.parquet,35818,downloaded,35818,
2026-07-17,NSE,ADANIPORTS,raw_l2/trade_date=2026-07-17/exchange=NSE/symbol=ADANIPORTS/part-084901_009010-041249.parquet,real_data_sample\l2_unseen_validation\trade_date=2026-07-17\exchange=NSE\symbol=ADANIPORTS\part-084901_009010-041249.parquet,35729,downloaded,35729,
2026-07-17,NSE,ADANIPORTS,raw_l2/trade_date=2026-07-17/exchange=NSE/symbol=ADANIPORTS/part-085028_007833-041441.parquet,real_data_sample\l2_unseen_validation\trade_date=2026-07-17\exchange=NSE\symbol=ADANIPORTS\part-085028_007833-041441.parquet,34712,downloaded,34712,
2026-07-17,NSE,ADANIPORTS,raw_l2/trade_date=2026-07-17/exchange=NSE/symbol=ADANIPORTS/part-084734_759663-041057.parquet,real_data_sample\l2_unseen_validation\trade_date=2026-07-17\exchange=NSE\symbol=ADANIPORTS\part-084734_759663-041057.parquet,36192,downloaded,36192,
2026-07-17,NSE,ADANIPORTS,raw_l2/trade_date=2026-07-17/exchange=NSE/symbol=ADANIPORTS/part-084930_258512-041313.parquet,real_data_sample\l2_unseen_validation\trade_date=2026-07-17\exchange=NSE\symbol=ADANIPORTS\part-084930_258512-041313.parquet,34848,downloaded,34848,
2026-07-17,NSE,ADANIPORTS,raw_l2/trade_date=2026-07-17/exchange=NSE/symbol=ADANIPORTS/part-084944_757809-041345.parquet,real_data_sample\l2_unseen_validation\trade_date=2026-07-17\exchange=NSE\symbol=ADANIPORTS\part-084944_757809-041345.parquet,34712,downloaded,34712,
2026-07-17,NSE,ADANIPORTS,raw_l2/trade_date=2026-07-17/exchange=NSE/symbol=ADANIPORTS/part-084817_760325-041153.parquet,real_data_sample\l2_unseen_validation\trade_date=2026-07-17\exchange=NSE\symbol=ADANIPORTS\part-084817_760325-041153.parquet,35899,downloaded,35899,
2026-07-17,NSE,ADANIPORTS,raw_l2/trade_date=2026-07-17/exchange=NSE/symbol=ADANIPORTS/part-085140_259547-041601.parquet,real_data_sample\l2_unseen_validation\trade_date=2026-07-17\exchange=NSE\symbol=ADANIPORTS\part-085140_259547-041601.parquet,34840,downloaded,34840,
2026-07-17,NSE,ADANIPORTS,raw_l2/trade_date=2026-07-17/exchange=NSE/symbol=ADANIPORTS/part-085013_759913-041409.parquet,real_data_sample\l2_unseen_validation\trade_date=2026-07-17\exchange=NSE\symbol=ADANIPORTS\part-085013_759913-041409.parquet,34611,downloaded,34611,
2026-07-17,NSE,ADANIPORTS,raw_l2/trade_date=2026-07-17/exchange=NSE/symbol=ADANIPORTS/part-085056_757541-041505.parquet,real_data_sample\l2_unseen_validation\trade_date=2026-07-17\exchange=NSE\symbol=ADANIPORTS\part-085056_757541-041505.parquet,34641,downloaded,34641,
2026-07-17,NSE,ADANIPORTS,raw_l2/trade_date=2026-07-17/exchange=NSE/symbol=ADANIPORTS/part-085224_016567-041697.parquet,real_data_sample\l2_unseen_validation\trade_date=2026-07-17\exchange=NSE\symbol=ADANIPORTS\part-085224_016567-041697.parquet,34650,downloaded,34650,
2026-07-17,NSE,ADANIPORTS,raw_l2/trade_date=2026-07-17/exchange=NSE/symbol=ADANIPORTS/part-085154_758900-041633.parquet,real_data_sample\l2_unseen_validation\trade_date=2026-07-17\exchange=NSE\symbol=ADANIPORTS\part-085154_758900-041633.parquet,34720,downloaded,34720,
2026-07-17,NSE,ADANIPORTS,raw_l2/trade_date=2026-07-17/exchange=NSE/symbol=ADANIPORTS/part-085323_758294-041825.parquet,real_data_sample\l2_unseen_validation\trade_date=2026-07-17\exchange=NSE\symbol=ADANIPORTS\part-085323_758294-041825.parquet,34638,downloaded,34638,
2026-07-17,NSE,ADANIPORTS,raw_l2/trade_date=2026-07-17/exchange=NSE/symbol=ADANIPORTS/part-085111_508964-041537.parquet,real_data_sample\l2_unseen_validation\trade_date=2026-07-17\exchange=NSE\symbol=ADANIPORTS\part-085111_508964-041537.parquet,34509,downloaded,34509,
2026-07-17,NSE,ADANIPORTS,raw_l2/trade_date=2026-07-17/exchange=NSE/symbol=ADANIPORTS/part-085042_257054-041473.parquet,real_data_sample\l2_unseen_validation\trade_date=2026-07-17\exchange=NSE\symbol=ADANIPORTS\part-085042_257054-041473.parquet,34715,downloaded,34715,
2026-07-17,NSE,ADANIPORTS,raw_l2/trade_date=2026-07-17/exchange=NSE/symbol=ADANIPORTS/part-085308_258885-041793.parquet,real_data_sample\l2_unseen_validation\trade_date=2026-07-17\exchange=NSE\symbol=ADANIPORTS\part-085308_258885-041793.parquet,34745,downloaded,34745,
2026-07-17,NSE,ADANIPORTS,raw_l2/trade_date=2026-07-17/exchange=NSE/symbol=ADANIPORTS/part-085209_506691-041665.parquet,real_data_sample\l2_unseen_validation\trade_date=2026-07-17\exchange=NSE\symbol=ADANIPORTS\part-085209_506691-041665.parquet,34592,downloaded,34592,
2026-07-17,NSE,ADANIPORTS,raw_l2/trade_date=2026-07-17/exchange=NSE/symbol=ADANIPORTS/part-085253_509539-041761.parquet,real_data_sample\l2_unseen_validation\trade_date=2026-07-17\exchange=NSE\symbol=ADANIPORTS\part-085253_509539-041761.parquet,34719,downloaded,34719,
2026-07-17,NSE,ADANIPORTS,raw_l2/trade_date=2026-07-17/exchange=NSE/symbol=ADANIPORTS/part-085126_007378-041569.parquet,real_data_sample\l2_unseen_validation\trade_date=2026-07-17\exchange=NSE\symbol=ADANIPORTS\part-085126_007378-041569.parquet,34578,downloaded,34578,
2026-07-17,NSE,ADANIPORTS,raw_l2/trade_date=2026-07-17/exchange=NSE/symbol=ADANIPORTS/part-085238_759756-041729.parquet,real_data_sample\l2_unseen_validation\trade_date=2026-07-17\exchange=NSE\symbol=ADANIPORTS\part-085238_759756-041729.parquet,34680,downloaded,34680,
2026-07-17,NSE,ADANIPORTS,raw_l2/trade_date=2026-07-17/exchange=NSE/symbol=ADANIPORTS/part-085338_758545-041857.parquet,real_data_sample\l2_unseen_validation\trade_date=2026-07-17\exchange=NSE\symbol=ADANIPORTS\part-085338_758545-041857.parquet,34731,downloaded,34731,
2026-07-17,NSE,ADANIPORTS,raw_l2/trade_date=2026-07-17/exchange=NSE/symbol=ADANIPORTS/part-085450_258509-042017.parquet,real_data_sample\l2_unseen_validation\trade_date=2026-07-17\exchange=NSE\symbol=ADANIPORTS\part-085450_258509-042017.parquet,35530,downloaded,35530,
2026-07-17,NSE,ADANIPORTS,raw_l2/trade_date=2026-07-17/exchange=NSE/symbol=ADANIPORTS/part-085504_507145-042049.parquet,real_data_sample\l2_unseen_validation\trade_date=2026-07-17\exchange=NSE\symbol=ADANIPORTS\part-085504_507145-042049.parquet,35506,downloaded,35506,
2026-07-17,NSE,ADANIPORTS,raw_l2/trade_date=2026-07-17/exchange=NSE/symbol=ADANIPORTS/part-085518_757330-042081.parquet,real_data_sample\l2_unseen_validation\trade_date=2026-07-17\exchange=NSE\symbol=ADANIPORTS\part-085518_757330-042081.parquet,34767,downloaded,34767,
2026-07-17,NSE,ADANIPORTS,raw_l2/trade_date=2026-07-17/exchange=NSE/symbol=ADANIPORTS/part-085547_259507-042145.parquet,real_data_sample\l2_unseen_validation\trade_date=2026-07-17\exchange=NSE\symbol=ADANIPORTS\part-085547_259507-042145.parquet,34838,downloaded,34838,
2026-07-17,NSE,ADANIPORTS,raw_l2/trade_date=2026-07-17/exchange=NSE/symbol=ADANIPORTS/part-085644_006340-042273.parquet,real_data_sample\l2_unseen_validation\trade_date=2026-07-17\exchange=NSE\symbol=ADANIPORTS\part-085644_006340-042273.parquet,34901,downloaded,34901,
2026-07-17,NSE,ADANIPORTS,raw_l2/trade_date=2026-07-17/exchange=NSE/symbol=ADANIPORTS/part-085615_510311-042209.parquet,real_data_sample\l2_unseen_validation\trade_date=2026-07-17\exchange=NSE\symbol=ADANIPORTS\part-085615_510311-042209.parquet,34665,downloaded,34665,
2026-07-17,NSE,ADANIPORTS,raw_l2/trade_date=2026-07-17/exchange=NSE/symbol=ADANIPORTS/part-085810_010509-042465.parquet,real_data_sample\l2_unseen_validation\trade_date=2026-07-17\exchange=NSE\symbol=ADANIPORTS\part-085810_010509-042465.parquet,34773,downloaded,34773,
2026-07-17,NSE,ADANIPORTS,raw_l2/trade_date=2026-07-17/exchange=NSE/symbol=ADANIPORTS/part-085533_006959-042113.parquet,real_data_sample\l2_unseen_validation\trade_date=2026-07-17\exchange=NSE\symbol=ADANIPORTS\part-085533_006959-042113.parquet,34626,downloaded,34626,
2026-07-17,NSE,ADANIPORTS,raw_l2/trade_date=2026-07-17/exchange=NSE/symbol=ADANIPORTS/part-085658_258193-042305.parquet,real_data_sample\l2_unseen_validation\trade_date=2026-07-17\exchange=NSE\symbol=ADANIPORTS\part-085658_258193-042305.parquet,34760,downloaded,34760,
2026-07-17,NSE,ADANIPORTS,raw_l2/trade_date=2026-07-17/exchange=NSE/symbol=ADANIPORTS/part-085629_761566-042241.parquet,real_data_sample\l2_unseen_validation\trade_date=2026-07-17\exchange=NSE\symbol=ADANIPORTS\part-085629_761566-042241.parquet,34742,downloaded,34742,
2026-07-17,NSE,ADANIPORTS,raw_l2/trade_date=2026-07-17/exchange=NSE/symbol=ADANIPORTS/part-085601_508759-042177.parquet,real_data_sample\l2_unseen_validation\trade_date=2026-07-17\exchange=NSE\symbol=ADANIPORTS\part-085601_508759-042177.parquet,34872,downloaded,34872,
2026-07-17,NSE,ADANIPORTS,raw_l2/trade_date=2026-07-17/exchange=NSE/symbol=ADANIPORTS/part-085824_258508-042497.parquet,real_data_sample\l2_unseen_validation\trade_date=2026-07-17\exchange=NSE\symbol=ADANIPORTS\part-085824_258508-042497.parquet,34642,downloaded,34642,
2026-07-17,NSE,ADANIPORTS,raw_l2/trade_date=2026-07-17/exchange=NSE/symbol=ADANIPORTS/part-085712_589725-042337.parquet,real_data_sample\l2_unseen_validation\trade_date=2026-07-17\exchange=NSE\symbol=ADANIPORTS\part-085712_589725-042337.parquet,34594,downloaded,34594,
2026-07-17,NSE,ADANIPORTS,raw_l2/trade_date=2026-07-17/exchange=NSE/symbol=ADANIPORTS/part-085435_757133-041985.parquet,real_data_sample\l2_unseen_validation\trade_date=2026-07-17\exchange=NSE\symbol=ADANIPORTS\part-085435_757133-041985.parquet,35660,downloaded,35660,
2026-07-17,NSE,ADANIPORTS,raw_l2/trade_date=2026-07-17/exchange=NSE/symbol=ADANIPORTS/part-085838_758299-042529.parquet,real_data_sample\l2_unseen_validation\trade_date=2026-07-17\exchange=NSE\symbol=ADANIPORTS\part-085838_758299-042529.parquet,34543,downloaded,34543,
2026-07-17,NSE,ADANIPORTS,raw_l2/trade_date=2026-07-17/exchange=NSE/symbol=ADANIPORTS/part-090006_257723-042721.parquet,real_data_sample\l2_unseen_validation\trade_date=2026-07-17\exchange=NSE\symbol=ADANIPORTS\part-090006_257723-042721.parquet,34777,downloaded,34777,
2026-07-17,NSE,ADANIPORTS,raw_l2/trade_date=2026-07-17/exchange=NSE/symbol=ADANIPORTS/part-085407_258202-041921.parquet,real_data_sample\l2_unseen_validation\trade_date=2026-07-17\exchange=NSE\symbol=ADANIPORTS\part-085407_258202-041921.parquet,34804,downloaded,34804,
2026-07-17,NSE,ADANIPORTS,raw_l2/trade_date=2026-07-17/exchange=NSE/symbol=ADANIPORTS/part-085907_760316-042593.parquet,real_data_sample\l2_unseen_validation\trade_date=2026-07-17\exchange=NSE\symbol=ADANIPORTS\part-085907_760316-042593.parquet,34738,downloaded,34738,
2026-07-17,NSE,ADANIPORTS,raw_l2/trade_date=2026-07-17/exchange=NSE/symbol=ADANIPORTS/part-085353_007202-041889.parquet,real_data_sample\l2_unseen_validation\trade_date=2026-07-17\exchange=NSE\symbol=ADANIPORTS\part-085353_007202-041889.parquet,34736,downloaded,34736,
2026-07-17,NSE,ADANIPORTS,raw_l2/trade_date=2026-07-17/exchange=NSE/symbol=ADANIPORTS/part-085755_512386-042433.parquet,real_data_sample\l2_unseen_validation\trade_date=2026-07-17\exchange=NSE\symbol=ADANIPORTS\part-085755_512386-042433.parquet,34577,downloaded,34577,
2026-07-17,NSE,ADANIPORTS,raw_l2/trade_date=2026-07-17/exchange=NSE/symbol=ADANIPORTS/part-085726_756772-042369.parquet,real_data_sample\l2_unseen_validation\trade_date=2026-07-17\exchange=NSE\symbol=ADANIPORTS\part-085726_756772-042369.parquet,34687,downloaded,34687,
2026-07-17,NSE,ADANIPORTS,raw_l2/trade_date=2026-07-17/exchange=NSE/symbol=ADANIPORTS/part-085421_506592-041953.parquet,real_data_sample\l2_unseen_validation\trade_date=2026-07-17\exchange=NSE\symbol=ADANIPORTS\part-085421_506592-041953.parquet,35900,downloaded,35900,
2026-07-17,NSE,ADANIPORTS,raw_l2/trade_date=2026-07-17/exchange=NSE/symbol=ADANIPORTS/part-085922_258563-042625.parquet,real_data_sample\l2_unseen_validation\trade_date=2026-07-17\exchange=NSE\symbol=ADANIPORTS\part-085922_258563-042625.parquet,34810,downloaded,34810,
2026-07-17,NSE,ADANIPORTS,raw_l2/trade_date=2026-07-17/exchange=NSE/symbol=ADANIPORTS/part-085741_012559-042401.parquet,real_data_sample\l2_unseen_validation\trade_date=2026-07-17\exchange=NSE\symbol=ADANIPORTS\part-085741_012559-042401.parquet,34684,downloaded,34684,
2026-07-17,NSE,ADANIPORTS,raw_l2/trade_date=2026-07-17/exchange=NSE/symbol=ADANIPORTS/part-085951_757838-042689.parquet,real_data_sample\l2_unseen_validation\trade_date=2026-07-17\exchange=NSE\symbol=ADANIPORTS\part-085951_757838-042689.parquet,34894,downloaded,34894,
2026-07-17,NSE,ADANIPORTS,raw_l2/trade_date=2026-07-17/exchange=NSE/symbol=ADANIPORTS/part-090020_759861-042753.parquet,real_data_sample\l2_unseen_validation\trade_date=2026-07-17\exchange=NSE\symbol=ADANIPORTS\part-090020_759861-042753.parquet,35372,downloaded,35372,
2026-07-17,NSE,ADANIPORTS,raw_l2/trade_date=2026-07-17/exchange=NSE/symbol=ADANIPORTS/part-090118_758412-042881.parquet,real_data_sample\l2_unseen_validation\trade_date=2026-07-17\exchange=NSE\symbol=ADANIPORTS\part-090118_758412-042881.parquet,35150,downloaded,35150,
2026-07-17,NSE,ADANIPORTS,raw_l2/trade_date=2026-07-17/exchange=NSE/symbol=ADANIPORTS/part-085937_008411-042657.parquet,real_data_sample\l2_unseen_validation\trade_date=2026-07-17\exchange=NSE\symbol=ADANIPORTS\part-085937_008411-042657.parquet,34862,downloaded,34862,
2026-07-17,NSE,ADANIPORTS,raw_l2/trade_date=2026-07-17/exchange=NSE/symbol=ADANIPORTS/part-090035_016054-042785.parquet,real_data_sample\l2_unseen_validation\trade_date=2026-07-17\exchange=NSE\symbol=ADANIPORTS\part-090035_016054-042785.parquet,35875,downloaded,35875,
2026-07-17,NSE,ADANIPORTS,raw_l2/trade_date=2026-07-17/exchange=NSE/symbol=ADANIPORTS/part-090049_510051-042817.parquet,real_data_sample\l2_unseen_validation\trade_date=2026-07-17\exchange=NSE\symbol=ADANIPORTS\part-090049_510051-042817.parquet,35817,downloaded,35817,
2026-07-17,NSE,ADANIPORTS,raw_l2/trade_date=2026-07-17/exchange=NSE/symbol=ADANIPORTS/part-090104_258721-042849.parquet,real_data_sample\l2_unseen_validation\trade_date=2026-07-17\exchange=NSE\symbol=ADANIPORTS\part-090104_258721-042849.parquet,35793,downloaded,35793,
2026-07-17,NSE,ADANIPORTS,raw_l2/trade_date=2026-07-17/exchange=NSE/symbol=ADANIPORTS/part-085853_261693-042561.parquet,real_data_sample\l2_unseen_validation\trade_date=2026-07-17\exchange=NSE\symbol=ADANIPORTS\part-085853_261693-042561.parquet,34639,downloaded,34639,
2026-07-17,NSE,ADANIPORTS,raw_l2/trade_date=2026-07-17/exchange=NSE/symbol=ADANIPORTS/part-090133_257700-042913.parquet,real_data_sample\l2_unseen_validation\trade_date=2026-07-17\exchange=NSE\symbol=ADANIPORTS\part-090133_257700-042913.parquet,34599,downloaded,34599,
2026-07-17,NSE,ADANIPORTS,raw_l2/trade_date=2026-07-17/exchange=NSE/symbol=ADANIPORTS/part-090147_759654-042945.parquet,real_data_sample\l2_unseen_validation\trade_date=2026-07-17\exchange=NSE\symbol=ADANIPORTS\part-090147_759654-042945.parquet,34508,downloaded,34508,
2026-07-17,NSE,ADANIPORTS,raw_l2/trade_date=2026-07-17/exchange=NSE/symbol=ADANIPORTS/part-090441_233527-043329.parquet,real_data_sample\l2_unseen_validation\trade_date=2026-07-17\exchange=NSE\symbol=ADANIPORTS\part-090441_233527-043329.parquet,34656,downloaded,34656,
2026-07-17,NSE,ADANIPORTS,raw_l2/trade_date=2026-07-17/exchange=NSE/symbol=ADANIPORTS/part-090259_261087-043105.parquet,real_data_sample\l2_unseen_validation\trade_date=2026-07-17\exchange=NSE\symbol=ADANIPORTS\part-090259_261087-043105.parquet,34870,downloaded,34870,
2026-07-17,NSE,ADANIPORTS,raw_l2/trade_date=2026-07-17/exchange=NSE/symbol=ADANIPORTS/part-090202_008926-042977.parquet,real_data_sample\l2_unseen_validation\trade_date=2026-07-17\exchange=NSE\symbol=ADANIPORTS\part-090202_008926-042977.parquet,34750,downloaded,34750,
2026-07-17,NSE,ADANIPORTS,raw_l2/trade_date=2026-07-17/exchange=NSE/symbol=ADANIPORTS/part-090525_233910-043425.parquet,real_data_sample\l2_unseen_validation\trade_date=2026-07-17\exchange=NSE\symbol=ADANIPORTS\part-090525_233910-043425.parquet,35244,downloaded,35244,
2026-07-17,NSE,ADANIPORTS,raw_l2/trade_date=2026-07-17/exchange=NSE/symbol=ADANIPORTS/part-090230_507970-043041.parquet,real_data_sample\l2_unseen_validation\trade_date=2026-07-17\exchange=NSE\symbol=ADANIPORTS\part-090230_507970-043041.parquet,34771,downloaded,34771,
2026-07-17,NSE,ADANIPORTS,raw_l2/trade_date=2026-07-17/exchange=NSE/symbol=ADANIPORTS/part-090510_732154-043393.parquet,real_data_sample\l2_unseen_validation\trade_date=2026-07-17\exchange=NSE\symbol=ADANIPORTS\part-090510_732154-043393.parquet,34857,downloaded,34857,
2026-07-17,NSE,ADANIPORTS,raw_l2/trade_date=2026-07-17/exchange=NSE/symbol=ADANIPORTS/part-090313_759231-043137.parquet,real_data_sample\l2_unseen_validation\trade_date=2026-07-17\exchange=NSE\symbol=ADANIPORTS\part-090313_759231-043137.parquet,34663,downloaded,34663,
2026-07-17,NSE,ADANIPORTS,raw_l2/trade_date=2026-07-17/exchange=NSE/symbol=ADANIPORTS/part-090343_008710-043201.parquet,real_data_sample\l2_unseen_validation\trade_date=2026-07-17\exchange=NSE\symbol=ADANIPORTS\part-090343_008710-043201.parquet,34797,downloaded,34797,
2026-07-17,NSE,ADANIPORTS,raw_l2/trade_date=2026-07-17/exchange=NSE/symbol=ADANIPORTS/part-090412_232323-043265.parquet,real_data_sample\l2_unseen_validation\trade_date=2026-07-17\exchange=NSE\symbol=ADANIPORTS\part-090412_232323-043265.parquet,34628,downloaded,34628,
2026-07-17,NSE,ADANIPORTS,raw_l2/trade_date=2026-07-17/exchange=NSE/symbol=ADANIPORTS/part-090216_261828-043009.parquet,real_data_sample\l2_unseen_validation\trade_date=2026-07-17\exchange=NSE\symbol=ADANIPORTS\part-090216_261828-043009.parquet,34666,downloaded,34666,
2026-07-17,NSE,ADANIPORTS,raw_l2/trade_date=2026-07-17/exchange=NSE/symbol=ADANIPORTS/part-090245_007099-043073.parquet,real_data_sample\l2_unseen_validation\trade_date=2026-07-17\exchange=NSE\symbol=ADANIPORTS\part-090245_007099-043073.parquet,34801,downloaded,34801,
2026-07-17,NSE,ADANIPORTS,raw_l2/trade_date=2026-07-17/exchange=NSE/symbol=ADANIPORTS/part-090357_983205-043233.parquet,real_data_sample\l2_unseen_validation\trade_date=2026-07-17\exchange=NSE\symbol=ADANIPORTS\part-090357_983205-043233.parquet,34625,downloaded,34625,
2026-07-17,NSE,ADANIPORTS,raw_l2/trade_date=2026-07-17/exchange=NSE/symbol=ADANIPORTS/part-090328_257663-043169.parquet,real_data_sample\l2_unseen_validation\trade_date=2026-07-17\exchange=NSE\symbol=ADANIPORTS\part-090328_257663-043169.parquet,34798,downloaded,34798,
2026-07-17,NSE,ADANIPORTS,raw_l2/trade_date=2026-07-17/exchange=NSE/symbol=ADANIPORTS/part-090426_482617-043297.parquet,real_data_sample\l2_unseen_validation\trade_date=2026-07-17\exchange=NSE\symbol=ADANIPORTS\part-090426_482617-043297.parquet,34757,downloaded,34757,
2026-07-17,NSE,ADANIPORTS,raw_l2/trade_date=2026-07-17/exchange=NSE/symbol=ADANIPORTS/part-090539_732258-043457.parquet,real_data_sample\l2_unseen_validation\trade_date=2026-07-17\exchange=NSE\symbol=ADANIPORTS\part-090539_732258-043457.parquet,35870,downloaded,35870,
2026-07-17,NSE,ADANIPORTS,raw_l2/trade_date=2026-07-17/exchange=NSE/symbol=ADANIPORTS/part-090455_982165-043361.parquet,real_data_sample\l2_unseen_validation\trade_date=2026-07-17\exchange=NSE\symbol=ADANIPORTS\part-090455_982165-043361.parquet,34598,downloaded,34598,
2026-07-17,NSE,ADANIPORTS,raw_l2/trade_date=2026-07-17/exchange=NSE/symbol=ADANIPORTS/part-090651_733608-043617.parquet,real_data_sample\l2_unseen_validation\trade_date=2026-07-17\exchange=NSE\symbol=ADANIPORTS\part-090651_733608-043617.parquet,34741,downloaded,34741,
2026-07-17,NSE,ADANIPORTS,raw_l2/trade_date=2026-07-17/exchange=NSE/symbol=ADANIPORTS/part-090553_982470-043489.parquet,real_data_sample\l2_unseen_validation\trade_date=2026-07-17\exchange=NSE\symbol=ADANIPORTS\part-090553_982470-043489.parquet,35407,downloaded,35407,
2026-07-17,NSE,ADANIPORTS,raw_l2/trade_date=2026-07-17/exchange=NSE/symbol=ADANIPORTS/part-090622_734570-043553.parquet,real_data_sample\l2_unseen_validation\trade_date=2026-07-17\exchange=NSE\symbol=ADANIPORTS\part-090622_734570-043553.parquet,34943,downloaded,34943,
2026-07-17,NSE,ADANIPORTS,raw_l2/trade_date=2026-07-17/exchange=NSE/symbol=ADANIPORTS/part-090803_742879-043777.parquet,real_data_sample\l2_unseen_validation\trade_date=2026-07-17\exchange=NSE\symbol=ADANIPORTS\part-090803_742879-043777.parquet,34793,downloaded,34793,
2026-07-17,NSE,ADANIPORTS,raw_l2/trade_date=2026-07-17/exchange=NSE/symbol=ADANIPORTS/part-090608_235051-043521.parquet,real_data_sample\l2_unseen_validation\trade_date=2026-07-17\exchange=NSE\symbol=ADANIPORTS\part-090608_235051-043521.parquet,35471,downloaded,35471,
2026-07-17,NSE,ADANIPORTS,raw_l2/trade_date=2026-07-17/exchange=NSE/symbol=ADANIPORTS/part-090818_510317-043809.parquet,real_data_sample\l2_unseen_validation\trade_date=2026-07-17\exchange=NSE\symbol=ADANIPORTS\part-090818_510317-043809.parquet,34663,downloaded,34663,
2026-07-17,NSE,ADANIPORTS,raw_l2/trade_date=2026-07-17/exchange=NSE/symbol=ADANIPORTS/part-090706_234815-043649.parquet,real_data_sample\l2_unseen_validation\trade_date=2026-07-17\exchange=NSE\symbol=ADANIPORTS\part-090706_234815-043649.parquet,34597,downloaded,34597,
2026-07-17,NSE,ADANIPORTS,raw_l2/trade_date=2026-07-17/exchange=NSE/symbol=ADANIPORTS/part-090637_234582-043585.parquet,real_data_sample\l2_unseen_validation\trade_date=2026-07-17\exchange=NSE\symbol=ADANIPORTS\part-090637_234582-043585.parquet,34902,downloaded,34902,
2026-07-17,NSE,ADANIPORTS,raw_l2/trade_date=2026-07-17/exchange=NSE/symbol=ADANIPORTS/part-090749_234657-043745.parquet,real_data_sample\l2_unseen_validation\trade_date=2026-07-17\exchange=NSE\symbol=ADANIPORTS\part-090749_234657-043745.parquet,34608,downloaded,34608,
2026-07-17,NSE,ADANIPORTS,raw_l2/trade_date=2026-07-17/exchange=NSE/symbol=ADANIPORTS/part-090720_733534-043681.parquet,real_data_sample\l2_unseen_validation\trade_date=2026-07-17\exchange=NSE\symbol=ADANIPORTS\part-090720_733534-043681.parquet,34693,downloaded,34693,
2026-07-17,NSE,ADANIPORTS,raw_l2/trade_date=2026-07-17/exchange=NSE/symbol=ADANIPORTS/part-090734_985224-043713.parquet,real_data_sample\l2_unseen_validation\trade_date=2026-07-17\exchange=NSE\symbol=ADANIPORTS\part-090734_985224-043713.parquet,34769,downloaded,34769,
2026-07-17,NSE,ADANIPORTS,raw_l2/trade_date=2026-07-17/exchange=NSE/symbol=ADANIPORTS/part-090833_007434-043841.parquet,real_data_sample\l2_unseen_validation\trade_date=2026-07-17\exchange=NSE\symbol=ADANIPORTS\part-090833_007434-043841.parquet,34729,downloaded,34729,
2026-07-17,NSE,ADANIPORTS,raw_l2/trade_date=2026-07-17/exchange=NSE/symbol=ADANIPORTS/part-090847_761971-043873.parquet,real_data_sample\l2_unseen_validation\trade_date=2026-07-17\exchange=NSE\symbol=ADANIPORTS\part-090847_761971-043873.parquet,34680,downloaded,34680,
2026-07-17,NSE,ADANIPORTS,raw_l2/trade_date=2026-07-17/exchange=NSE/symbol=ADANIPORTS/part-090917_260978-043937.parquet,real_data_sample\l2_unseen_validation\trade_date=2026-07-17\exchange=NSE\symbol=ADANIPORTS\part-090917_260978-043937.parquet,34621,downloaded,34621,
2026-07-17,NSE,ADANIPORTS,raw_l2/trade_date=2026-07-17/exchange=NSE/symbol=ADANIPORTS/part-090902_261921-043905.parquet,real_data_sample\l2_unseen_validation\trade_date=2026-07-17\exchange=NSE\symbol=ADANIPORTS\part-090902_261921-043905.parquet,34810,downloaded,34810,
2026-07-17,NSE,ADANIPORTS,raw_l2/trade_date=2026-07-17/exchange=NSE/symbol=ADANIPORTS/part-090947_008473-044001.parquet,real_data_sample\l2_unseen_validation\trade_date=2026-07-17\exchange=NSE\symbol=ADANIPORTS\part-090947_008473-044001.parquet,34557,downloaded,34557,
2026-07-17,NSE,ADANIPORTS,raw_l2/trade_date=2026-07-17/exchange=NSE/symbol=ADANIPORTS/part-090932_260177-043969.parquet,real_data_sample\l2_unseen_validation\trade_date=2026-07-17\exchange=NSE\symbol=ADANIPORTS\part-090932_260177-043969.parquet,34669,downloaded,34669,
2026-07-17,NSE,ADANIPORTS,raw_l2/trade_date=2026-07-17/exchange=NSE/symbol=ADANIPORTS/part-091017_285875-044065.parquet,real_data_sample\l2_unseen_validation\trade_date=2026-07-17\exchange=NSE\symbol=ADANIPORTS\part-091017_285875-044065.parquet,34718,downloaded,34718,
2026-07-17,NSE,ADANIPORTS,raw_l2/trade_date=2026-07-17/exchange=NSE/symbol=ADANIPORTS/part-091002_760324-044033.parquet,real_data_sample\l2_unseen_validation\trade_date=2026-07-17\exchange=NSE\symbol=ADANIPORTS\part-091002_760324-044033.parquet,34625,downloaded,34625,
2026-07-17,NSE,ADANIPORTS,raw_l2/trade_date=2026-07-17/exchange=NSE/symbol=ADANIPORTS/part-091031_758538-044097.parquet,real_data_sample\l2_unseen_validation\trade_date=2026-07-17\exchange=NSE\symbol=ADANIPORTS\part-091031_758538-044097.parquet,34625,downloaded,34625,
2026-07-17,NSE,ADANIPORTS,raw_l2/trade_date=2026-07-17/exchange=NSE/symbol=ADANIPORTS/part-091046_510547-044129.parquet,real_data_sample\l2_unseen_validation\trade_date=2026-07-17\exchange=NSE\symbol=ADANIPORTS\part-091046_510547-044129.parquet,34648,downloaded,34648,
2026-07-17,NSE,ADANIPORTS,raw_l2/trade_date=2026-07-17/exchange=NSE/symbol=ADANIPORTS/part-091130_758068-044225.parquet,real_data_sample\l2_unseen_validation\trade_date=2026-07-17\exchange=NSE\symbol=ADANIPORTS\part-091130_758068-044225.parquet,34681,downloaded,34681,
2026-07-17,NSE,ADANIPORTS,raw_l2/trade_date=2026-07-17/exchange=NSE/symbol=ADANIPORTS/part-091145_257786-044257.parquet,real_data_sample\l2_unseen_validation\trade_date=2026-07-17\exchange=NSE\symbol=ADANIPORTS\part-091145_257786-044257.parquet,34736,downloaded,34736,
2026-07-17,NSE,ADANIPORTS,raw_l2/trade_date=2026-07-17/exchange=NSE/symbol=ADANIPORTS/part-091101_258566-044161.parquet,real_data_sample\l2_unseen_validation\trade_date=2026-07-17\exchange=NSE\symbol=ADANIPORTS\part-091101_258566-044161.parquet,34727,downloaded,34727,
2026-07-17,NSE,ADANIPORTS,raw_l2/trade_date=2026-07-17/exchange=NSE/symbol=ADANIPORTS/part-091159_758329-044289.parquet,real_data_sample\l2_unseen_validation\trade_date=2026-07-17\exchange=NSE\symbol=ADANIPORTS\part-091159_758329-044289.parquet,34679,downloaded,34679,
2026-07-17,NSE,ADANIPORTS,raw_l2/trade_date=2026-07-17/exchange=NSE/symbol=ADANIPORTS/part-091214_507662-044321.parquet,real_data_sample\l2_unseen_validation\trade_date=2026-07-17\exchange=NSE\symbol=ADANIPORTS\part-091214_507662-044321.parquet,35223,downloaded,35223,
2026-07-17,NSE,ADANIPORTS,raw_l2/trade_date=2026-07-17/exchange=NSE/symbol=ADANIPORTS/part-091230_015305-044353.parquet,real_data_sample\l2_unseen_validation\trade_date=2026-07-17\exchange=NSE\symbol=ADANIPORTS\part-091230_015305-044353.parquet,35996,downloaded,35996,
2026-07-17,NSE,ADANIPORTS,raw_l2/trade_date=2026-07-17/exchange=NSE/symbol=ADANIPORTS/part-091343_258727-044513.parquet,real_data_sample\l2_unseen_validation\trade_date=2026-07-17\exchange=NSE\symbol=ADANIPORTS\part-091343_258727-044513.parquet,35899,downloaded,35899,
2026-07-17,NSE,ADANIPORTS,raw_l2/trade_date=2026-07-17/exchange=NSE/symbol=ADANIPORTS/part-091115_759895-044193.parquet,real_data_sample\l2_unseen_validation\trade_date=2026-07-17\exchange=NSE\symbol=ADANIPORTS\part-091115_759895-044193.parquet,34633,downloaded,34633,
2026-07-17,NSE,ADANIPORTS,raw_l2/trade_date=2026-07-17/exchange=NSE/symbol=ADANIPORTS/part-091245_258669-044385.parquet,real_data_sample\l2_unseen_validation\trade_date=2026-07-17\exchange=NSE\symbol=ADANIPORTS\part-091245_258669-044385.parquet,35652,downloaded,35652,
2026-07-17,NSE,ADANIPORTS,raw_l2/trade_date=2026-07-17/exchange=NSE/symbol=ADANIPORTS/part-091314_258565-044449.parquet,real_data_sample\l2_unseen_validation\trade_date=2026-07-17\exchange=NSE\symbol=ADANIPORTS\part-091314_258565-044449.parquet,36186,downloaded,36186,
2026-07-17,NSE,ADANIPORTS,raw_l2/trade_date=2026-07-17/exchange=NSE/symbol=ADANIPORTS/part-091328_757782-044481.parquet,real_data_sample\l2_unseen_validation\trade_date=2026-07-17\exchange=NSE\symbol=ADANIPORTS\part-091328_757782-044481.parquet,35698,downloaded,35698,
2026-07-17,NSE,ADANIPORTS,raw_l2/trade_date=2026-07-17/exchange=NSE/symbol=ADANIPORTS/part-091259_509826-044417.parquet,real_data_sample\l2_unseen_validation\trade_date=2026-07-17\exchange=NSE\symbol=ADANIPORTS\part-091259_509826-044417.parquet,35651,downloaded,35651,
2026-07-17,NSE,ADANIPORTS,raw_l2/trade_date=2026-07-17/exchange=NSE/symbol=ADANIPORTS/part-091412_258039-044577.parquet,real_data_sample\l2_unseen_validation\trade_date=2026-07-17\exchange=NSE\symbol=ADANIPORTS\part-091412_258039-044577.parquet,35615,downloaded,35615,
2026-07-17,NSE,ADANIPORTS,raw_l2/trade_date=2026-07-17/exchange=NSE/symbol=ADANIPORTS/part-091357_757645-044545.parquet,real_data_sample\l2_unseen_validation\trade_date=2026-07-17\exchange=NSE\symbol=ADANIPORTS\part-091357_757645-044545.parquet,35693,downloaded,35693,
2026-07-17,NSE,ADANIPORTS,raw_l2/trade_date=2026-07-17/exchange=NSE/symbol=ADANIPORTS/part-091426_508099-044609.parquet,real_data_sample\l2_unseen_validation\trade_date=2026-07-17\exchange=NSE\symbol=ADANIPORTS\part-091426_508099-044609.parquet,35978,downloaded,35978,
2026-07-17,NSE,ADANIPORTS,raw_l2/trade_date=2026-07-17/exchange=NSE/symbol=ADANIPORTS/part-091455_260031-044673.parquet,real_data_sample\l2_unseen_validation\trade_date=2026-07-17\exchange=NSE\symbol=ADANIPORTS\part-091455_260031-044673.parquet,35882,downloaded,35882,
2026-07-17,NSE,ADANIPORTS,raw_l2/trade_date=2026-07-17/exchange=NSE/symbol=ADANIPORTS/part-091552_758086-044801.parquet,real_data_sample\l2_unseen_validation\trade_date=2026-07-17\exchange=NSE\symbol=ADANIPORTS\part-091552_758086-044801.parquet,35305,downloaded,35305,
2026-07-17,NSE,ADANIPORTS,raw_l2/trade_date=2026-07-17/exchange=NSE/symbol=ADANIPORTS/part-091538_260913-044769.parquet,real_data_sample\l2_unseen_validation\trade_date=2026-07-17\exchange=NSE\symbol=ADANIPORTS\part-091538_260913-044769.parquet,35424,downloaded,35424,
2026-07-17,NSE,ADANIPORTS,raw_l2/trade_date=2026-07-17/exchange=NSE/symbol=ADANIPORTS/part-091441_009090-044641.parquet,real_data_sample\l2_unseen_validation\trade_date=2026-07-17\exchange=NSE\symbol=ADANIPORTS\part-091441_009090-044641.parquet,35709,downloaded,35709,
2026-07-17,NSE,ADANIPORTS,raw_l2/trade_date=2026-07-17/exchange=NSE/symbol=ADANIPORTS/part-091509_760661-044705.parquet,real_data_sample\l2_unseen_validation\trade_date=2026-07-17\exchange=NSE\symbol=ADANIPORTS\part-091509_760661-044705.parquet,35704,downloaded,35704,
2026-07-17,NSE,ADANIPORTS,raw_l2/trade_date=2026-07-17/exchange=NSE/symbol=ADANIPORTS/part-091524_008037-044737.parquet,real_data_sample\l2_unseen_validation\trade_date=2026-07-17\exchange=NSE\symbol=ADANIPORTS\part-091524_008037-044737.parquet,35141,downloaded,35141,
2026-07-17,NSE,ADANIPORTS,raw_l2/trade_date=2026-07-17/exchange=NSE/symbol=ADANIPORTS/part-091607_510336-044833.parquet,real_data_sample\l2_unseen_validation\trade_date=2026-07-17\exchange=NSE\symbol=ADANIPORTS\part-091607_510336-044833.parquet,35305,downloaded,35305,
2026-07-17,NSE,ADANIPORTS,raw_l2/trade_date=2026-07-17/exchange=NSE/symbol=ADANIPORTS/part-091650_507920-044929.parquet,real_data_sample\l2_unseen_validation\trade_date=2026-07-17\exchange=NSE\symbol=ADANIPORTS\part-091650_507920-044929.parquet,34627,downloaded,34627,
2026-07-17,NSE,ADANIPORTS,raw_l2/trade_date=2026-07-17/exchange=NSE/symbol=ADANIPORTS/part-091622_007948-044865.parquet,real_data_sample\l2_unseen_validation\trade_date=2026-07-17\exchange=NSE\symbol=ADANIPORTS\part-091622_007948-044865.parquet,34734,downloaded,34734,
2026-07-17,NSE,ADANIPORTS,raw_l2/trade_date=2026-07-17/exchange=NSE/symbol=ADANIPORTS/part-091636_262144-044897.parquet,real_data_sample\l2_unseen_validation\trade_date=2026-07-17\exchange=NSE\symbol=ADANIPORTS\part-091636_262144-044897.parquet,34781,downloaded,34781,
2026-07-17,NSE,ADANIPORTS,raw_l2/trade_date=2026-07-17/exchange=NSE/symbol=ADANIPORTS/part-091719_009211-044993.parquet,real_data_sample\l2_unseen_validation\trade_date=2026-07-17\exchange=NSE\symbol=ADANIPORTS\part-091719_009211-044993.parquet,34758,downloaded,34758,
2026-07-17,NSE,ADANIPORTS,raw_l2/trade_date=2026-07-17/exchange=NSE/symbol=ADANIPORTS/part-091704_759389-044961.parquet,real_data_sample\l2_unseen_validation\trade_date=2026-07-17\exchange=NSE\symbol=ADANIPORTS\part-091704_759389-044961.parquet,34781,downloaded,34781,
2026-07-17,NSE,ADANIPORTS,raw_l2/trade_date=2026-07-17/exchange=NSE/symbol=ADANIPORTS/part-091747_257546-045057.parquet,real_data_sample\l2_unseen_validation\trade_date=2026-07-17\exchange=NSE\symbol=ADANIPORTS\part-091747_257546-045057.parquet,34740,downloaded,34740,
2026-07-17,NSE,ADANIPORTS,raw_l2/trade_date=2026-07-17/exchange=NSE/symbol=ADANIPORTS/part-091733_009711-045025.parquet,real_data_sample\l2_unseen_validation\trade_date=2026-07-17\exchange=NSE\symbol=ADANIPORTS\part-091733_009711-045025.parquet,34507,downloaded,34507,
2026-07-17,NSE,ADANIPORTS,raw_l2/trade_date=2026-07-17/exchange=NSE/symbol=ADANIPORTS/part-091816_010209-045121.parquet,real_data_sample\l2_unseen_validation\trade_date=2026-07-17\exchange=NSE\symbol=ADANIPORTS\part-091816_010209-045121.parquet,34743,downloaded,34743,
2026-07-17,NSE,ADANIPORTS,raw_l2/trade_date=2026-07-17/exchange=NSE/symbol=ADANIPORTS/part-091956_508585-045345.parquet,real_data_sample\l2_unseen_validation\trade_date=2026-07-17\exchange=NSE\symbol=ADANIPORTS\part-091956_508585-045345.parquet,34663,downloaded,34663,
2026-07-17,NSE,ADANIPORTS,raw_l2/trade_date=2026-07-17/exchange=NSE/symbol=ADANIPORTS/part-091913_761302-045249.parquet,real_data_sample\l2_unseen_validation\trade_date=2026-07-17\exchange=NSE\symbol=ADANIPORTS\part-091913_761302-045249.parquet,34742,downloaded,34742,
2026-07-17,NSE,ADANIPORTS,raw_l2/trade_date=2026-07-17/exchange=NSE/symbol=ADANIPORTS/part-092011_008186-045377.parquet,real_data_sample\l2_unseen_validation\trade_date=2026-07-17\exchange=NSE\symbol=ADANIPORTS\part-092011_008186-045377.parquet,34868,downloaded,34868,
2026-07-17,NSE,ADANIPORTS,raw_l2/trade_date=2026-07-17/exchange=NSE/symbol=ADANIPORTS/part-091801_260950-045089.parquet,real_data_sample\l2_unseen_validation\trade_date=2026-07-17\exchange=NSE\symbol=ADANIPORTS\part-091801_260950-045089.parquet,34637,downloaded,34637,
2026-07-17,NSE,ADANIPORTS,raw_l2/trade_date=2026-07-17/exchange=NSE/symbol=ADANIPORTS/part-091928_009190-045281.parquet,real_data_sample\l2_unseen_validation\trade_date=2026-07-17\exchange=NSE\symbol=ADANIPORTS\part-091928_009190-045281.parquet,34676,downloaded,34676,
2026-07-17,NSE,ADANIPORTS,raw_l2/trade_date=2026-07-17/exchange=NSE/symbol=ADANIPORTS/part-091942_260371-045313.parquet,real_data_sample\l2_unseen_validation\trade_date=2026-07-17\exchange=NSE\symbol=ADANIPORTS\part-091942_260371-045313.parquet,34846,downloaded,34846,
2026-07-17,NSE,ADANIPORTS,raw_l2/trade_date=2026-07-17/exchange=NSE/symbol=ADANIPORTS/part-091859_010289-045217.parquet,real_data_sample\l2_unseen_validation\trade_date=2026-07-17\exchange=NSE\symbol=ADANIPORTS\part-091859_010289-045217.parquet,34737,downloaded,34737,
2026-07-17,NSE,ADANIPORTS,raw_l2/trade_date=2026-07-17/exchange=NSE/symbol=ADANIPORTS/part-092025_007500-045409.parquet,real_data_sample\l2_unseen_validation\trade_date=2026-07-17\exchange=NSE\symbol=ADANIPORTS\part-092025_007500-045409.parquet,34657,downloaded,34657,
2026-07-17,NSE,ADANIPORTS,raw_l2/trade_date=2026-07-17/exchange=NSE/symbol=ADANIPORTS/part-091830_259508-045153.parquet,real_data_sample\l2_unseen_validation\trade_date=2026-07-17\exchange=NSE\symbol=ADANIPORTS\part-091830_259508-045153.parquet,34609,downloaded,34609,
2026-07-17,NSE,ADANIPORTS,raw_l2/trade_date=2026-07-17/exchange=NSE/symbol=ADANIPORTS/part-091844_760304-045185.parquet,real_data_sample\l2_unseen_validation\trade_date=2026-07-17\exchange=NSE\symbol=ADANIPORTS\part-091844_760304-045185.parquet,34766,downloaded,34766,
2026-07-17,NSE,ADANIPORTS,raw_l2/trade_date=2026-07-17/exchange=NSE/symbol=ADANIPORTS/part-092053_758676-045473.parquet,real_data_sample\l2_unseen_validation\trade_date=2026-07-17\exchange=NSE\symbol=ADANIPORTS\part-092053_758676-045473.parquet,34641,downloaded,34641,
2026-07-17,NSE,ADANIPORTS,raw_l2/trade_date=2026-07-17/exchange=NSE/symbol=ADANIPORTS/part-092039_508499-045441.parquet,real_data_sample\l2_unseen_validation\trade_date=2026-07-17\exchange=NSE\symbol=ADANIPORTS\part-092039_508499-045441.parquet,34656,downloaded,34656,
2026-07-17,NSE,ADANIPORTS,raw_l2/trade_date=2026-07-17/exchange=NSE/symbol=ADANIPORTS/part-092205_761890-045633.parquet,real_data_sample\l2_unseen_validation\trade_date=2026-07-17\exchange=NSE\symbol=ADANIPORTS\part-092205_761890-045633.parquet,34699,downloaded,34699,
2026-07-17,NSE,ADANIPORTS,raw_l2/trade_date=2026-07-17/exchange=NSE/symbol=ADANIPORTS/part-092136_760993-045569.parquet,real_data_sample\l2_unseen_validation\trade_date=2026-07-17\exchange=NSE\symbol=ADANIPORTS\part-092136_760993-045569.parquet,34618,downloaded,34618,
2026-07-17,NSE,ADANIPORTS,raw_l2/trade_date=2026-07-17/exchange=NSE/symbol=ADANIPORTS/part-092151_508287-045601.parquet,real_data_sample\l2_unseen_validation\trade_date=2026-07-17\exchange=NSE\symbol=ADANIPORTS\part-092151_508287-045601.parquet,34782,downloaded,34782,
2026-07-17,NSE,ADANIPORTS,raw_l2/trade_date=2026-07-17/exchange=NSE/symbol=ADANIPORTS/part-092248_757151-045729.parquet,real_data_sample\l2_unseen_validation\trade_date=2026-07-17\exchange=NSE\symbol=ADANIPORTS\part-092248_757151-045729.parquet,34751,downloaded,34751,
2026-07-17,NSE,ADANIPORTS,raw_l2/trade_date=2026-07-17/exchange=NSE/symbol=ADANIPORTS/part-092108_257875-045505.parquet,real_data_sample\l2_unseen_validation\trade_date=2026-07-17\exchange=NSE\symbol=ADANIPORTS\part-092108_257875-045505.parquet,34540,downloaded,34540,
2026-07-17,NSE,ADANIPORTS,raw_l2/trade_date=2026-07-17/exchange=NSE/symbol=ADANIPORTS/part-092220_007156-045665.parquet,real_data_sample\l2_unseen_validation\trade_date=2026-07-17\exchange=NSE\symbol=ADANIPORTS\part-092220_007156-045665.parquet,34689,downloaded,34689,
2026-07-17,NSE,ADANIPORTS,raw_l2/trade_date=2026-07-17/exchange=NSE/symbol=ADANIPORTS/part-092234_257704-045697.parquet,real_data_sample\l2_unseen_validation\trade_date=2026-07-17\exchange=NSE\symbol=ADANIPORTS\part-092234_257704-045697.parquet,34612,downloaded,34612,
2026-07-17,NSE,ADANIPORTS,raw_l2/trade_date=2026-07-17/exchange=NSE/symbol=ADANIPORTS/part-092332_264312-045825.parquet,real_data_sample\l2_unseen_validation\trade_date=2026-07-17\exchange=NSE\symbol=ADANIPORTS\part-092332_264312-045825.parquet,34840,downloaded,34840,
2026-07-17,NSE,ADANIPORTS,raw_l2/trade_date=2026-07-17/exchange=NSE/symbol=ADANIPORTS/part-092303_009061-045761.parquet,real_data_sample\l2_unseen_validation\trade_date=2026-07-17\exchange=NSE\symbol=ADANIPORTS\part-092303_009061-045761.parquet,34649,downloaded,34649,
2026-07-17,NSE,ADANIPORTS,raw_l2/trade_date=2026-07-17/exchange=NSE/symbol=ADANIPORTS/part-092401_011927-045889.parquet,real_data_sample\l2_unseen_validation\trade_date=2026-07-17\exchange=NSE\symbol=ADANIPORTS\part-092401_011927-045889.parquet,34750,downloaded,34750,
2026-07-17,NSE,ADANIPORTS,raw_l2/trade_date=2026-07-17/exchange=NSE/symbol=ADANIPORTS/part-092444_760575-045985.parquet,real_data_sample\l2_unseen_validation\trade_date=2026-07-17\exchange=NSE\symbol=ADANIPORTS\part-092444_760575-045985.parquet,34735,downloaded,34735,
2026-07-17,NSE,ADANIPORTS,raw_l2/trade_date=2026-07-17/exchange=NSE/symbol=ADANIPORTS/part-092317_758646-045793.parquet,real_data_sample\l2_unseen_validation\trade_date=2026-07-17\exchange=NSE\symbol=ADANIPORTS\part-092317_758646-045793.parquet,34649,downloaded,34649,
2026-07-17,NSE,ADANIPORTS,raw_l2/trade_date=2026-07-17/exchange=NSE/symbol=ADANIPORTS/part-092122_511901-045537.parquet,real_data_sample\l2_unseen_validation\trade_date=2026-07-17\exchange=NSE\symbol=ADANIPORTS\part-092122_511901-045537.parquet,34573,downloaded,34573,
2026-07-17,NSE,ADANIPORTS,raw_l2/trade_date=2026-07-17/exchange=NSE/symbol=ADANIPORTS/part-092514_008470-046049.parquet,real_data_sample\l2_unseen_validation\trade_date=2026-07-17\exchange=NSE\symbol=ADANIPORTS\part-092514_008470-046049.parquet,34789,downloaded,34789,
2026-07-17,NSE,ADANIPORTS,raw_l2/trade_date=2026-07-17/exchange=NSE/symbol=ADANIPORTS/part-092528_507336-046081.parquet,real_data_sample\l2_unseen_validation\trade_date=2026-07-17\exchange=NSE\symbol=ADANIPORTS\part-092528_507336-046081.parquet,34722,downloaded,34722,
2026-07-17,NSE,ADANIPORTS,raw_l2/trade_date=2026-07-17/exchange=NSE/symbol=ADANIPORTS/part-092415_758060-045921.parquet,real_data_sample\l2_unseen_validation\trade_date=2026-07-17\exchange=NSE\symbol=ADANIPORTS\part-092415_758060-045921.parquet,34772,downloaded,34772,
2026-07-17,NSE,ADANIPORTS,raw_l2/trade_date=2026-07-17/exchange=NSE/symbol=ADANIPORTS/part-092430_256663-045953.parquet,real_data_sample\l2_unseen_validation\trade_date=2026-07-17\exchange=NSE\symbol=ADANIPORTS\part-092430_256663-045953.parquet,34742,downloaded,34742,
2026-07-17,NSE,ADANIPORTS,raw_l2/trade_date=2026-07-17/exchange=NSE/symbol=ADANIPORTS/part-092346_757500-045857.parquet,real_data_sample\l2_unseen_validation\trade_date=2026-07-17\exchange=NSE\symbol=ADANIPORTS\part-092346_757500-045857.parquet,34695,downloaded,34695,
2026-07-17,NSE,ADANIPORTS,raw_l2/trade_date=2026-07-17/exchange=NSE/symbol=ADANIPORTS/part-092543_008449-046113.parquet,real_data_sample\l2_unseen_validation\trade_date=2026-07-17\exchange=NSE\symbol=ADANIPORTS\part-092543_008449-046113.parquet,34903,downloaded,34903,
2026-07-17,NSE,ADANIPORTS,raw_l2/trade_date=2026-07-17/exchange=NSE/symbol=ADANIPORTS/part-092459_012838-046017.parquet,real_data_sample\l2_unseen_validation\trade_date=2026-07-17\exchange=NSE\symbol=ADANIPORTS\part-092459_012838-046017.parquet,34751,downloaded,34751,
2026-07-17,NSE,ADANIPORTS,raw_l2/trade_date=2026-07-17/exchange=NSE/symbol=ADANIPORTS/part-092557_757749-046145.parquet,real_data_sample\l2_unseen_validation\trade_date=2026-07-17\exchange=NSE\symbol=ADANIPORTS\part-092557_757749-046145.parquet,34742,downloaded,34742,
2026-07-17,NSE,ADANIPORTS,raw_l2/trade_date=2026-07-17/exchange=NSE/symbol=ADANIPORTS/part-092626_771088-046209.parquet,real_data_sample\l2_unseen_validation\trade_date=2026-07-17\exchange=NSE\symbol=ADANIPORTS\part-092626_771088-046209.parquet,35564,downloaded,35564,
2026-07-17,NSE,ADANIPORTS,raw_l2/trade_date=2026-07-17/exchange=NSE/symbol=ADANIPORTS/part-092612_506374-046177.parquet,real_data_sample\l2_unseen_validation\trade_date=2026-07-17\exchange=NSE\symbol=ADANIPORTS\part-092612_506374-046177.parquet,34795,downloaded,34795,
2026-07-17,NSE,ADANIPORTS,raw_l2/trade_date=2026-07-17/exchange=NSE/symbol=ADANIPORTS/part-093102_713120-046817.parquet,real_data_sample\l2_unseen_validation\trade_date=2026-07-17\exchange=NSE\symbol=ADANIPORTS\part-093102_713120-046817.parquet,34532,downloaded,34532,
2026-07-17,NSE,ADANIPORTS,raw_l2/trade_date=2026-07-17/exchange=NSE/symbol=ADANIPORTS/part-092642_259002-046241.parquet,real_data_sample\l2_unseen_validation\trade_date=2026-07-17\exchange=NSE\symbol=ADANIPORTS\part-092642_259002-046241.parquet,35839,downloaded,35839,
2026-07-17,NSE,ADANIPORTS,raw_l2/trade_date=2026-07-17/exchange=NSE/symbol=ADANIPORTS/part-092725_006840-046337.parquet,real_data_sample\l2_unseen_validation\trade_date=2026-07-17\exchange=NSE\symbol=ADANIPORTS\part-092725_006840-046337.parquet,35037,downloaded,35037,
2026-07-17,NSE,ADANIPORTS,raw_l2/trade_date=2026-07-17/exchange=NSE/symbol=ADANIPORTS/part-092754_010465-046401.parquet,real_data_sample\l2_unseen_validation\trade_date=2026-07-17\exchange=NSE\symbol=ADANIPORTS\part-092754_010465-046401.parquet,35095,downloaded,35095,
2026-07-17,NSE,ADANIPORTS,raw_l2/trade_date=2026-07-17/exchange=NSE/symbol=ADANIPORTS/part-093117_216579-046849.parquet,real_data_sample\l2_unseen_validation\trade_date=2026-07-17\exchange=NSE\symbol=ADANIPORTS\part-093117_216579-046849.parquet,34496,downloaded,34496,
2026-07-17,NSE,ADANIPORTS,raw_l2/trade_date=2026-07-17/exchange=NSE/symbol=ADANIPORTS/part-092837_258323-046497.parquet,real_data_sample\l2_unseen_validation\trade_date=2026-07-17\exchange=NSE\symbol=ADANIPORTS\part-092837_258323-046497.parquet,34758,downloaded,34758,
2026-07-17,NSE,ADANIPORTS,raw_l2/trade_date=2026-07-17/exchange=NSE/symbol=ADANIPORTS/part-092822_758737-046465.parquet,real_data_sample\l2_unseen_validation\trade_date=2026-07-17\exchange=NSE\symbol=ADANIPORTS\part-092822_758737-046465.parquet,34701,downloaded,34701,
2026-07-17,NSE,ADANIPORTS,raw_l2/trade_date=2026-07-17/exchange=NSE/symbol=ADANIPORTS/part-092920_965343-046593.parquet,real_data_sample\l2_unseen_validation\trade_date=2026-07-17\exchange=NSE\symbol=ADANIPORTS\part-092920_965343-046593.parquet,34701,downloaded,34701,
2026-07-17,NSE,ADANIPORTS,raw_l2/trade_date=2026-07-17/exchange=NSE/symbol=ADANIPORTS/part-092935_465656-046625.parquet,real_data_sample\l2_unseen_validation\trade_date=2026-07-17\exchange=NSE\symbol=ADANIPORTS\part-092935_465656-046625.parquet,34721,downloaded,34721,
2026-07-17,NSE,ADANIPORTS,raw_l2/trade_date=2026-07-17/exchange=NSE/symbol=ADANIPORTS/part-093004_716453-046689.parquet,real_data_sample\l2_unseen_validation\trade_date=2026-07-17\exchange=NSE\symbol=ADANIPORTS\part-093004_716453-046689.parquet,34700,downloaded,34700,
2026-07-17,NSE,ADANIPORTS,raw_l2/trade_date=2026-07-17/exchange=NSE/symbol=ADANIPORTS/part-092950_216289-046657.parquet,real_data_sample\l2_unseen_validation\trade_date=2026-07-17\exchange=NSE\symbol=ADANIPORTS\part-092950_216289-046657.parquet,34748,downloaded,34748,
2026-07-17,NSE,ADANIPORTS,raw_l2/trade_date=2026-07-17/exchange=NSE/symbol=ADANIPORTS/part-092739_510785-046369.parquet,real_data_sample\l2_unseen_validation\trade_date=2026-07-17\exchange=NSE\symbol=ADANIPORTS\part-092739_510785-046369.parquet,35301,downloaded,35301,
2026-07-17,NSE,ADANIPORTS,raw_l2/trade_date=2026-07-17/exchange=NSE/symbol=ADANIPORTS/part-093200_216415-046945.parquet,real_data_sample\l2_unseen_validation\trade_date=2026-07-17\exchange=NSE\symbol=ADANIPORTS\part-093200_216415-046945.parquet,34708,downloaded,34708,
2026-07-17,NSE,ADANIPORTS,raw_l2/trade_date=2026-07-17/exchange=NSE/symbol=ADANIPORTS/part-093034_219780-046753.parquet,real_data_sample\l2_unseen_validation\trade_date=2026-07-17\exchange=NSE\symbol=ADANIPORTS\part-093034_219780-046753.parquet,34602,downloaded,34602,
2026-07-17,NSE,ADANIPORTS,raw_l2/trade_date=2026-07-17/exchange=NSE/symbol=ADANIPORTS/part-092656_506486-046273.parquet,real_data_sample\l2_unseen_validation\trade_date=2026-07-17\exchange=NSE\symbol=ADANIPORTS\part-092656_506486-046273.parquet,35685,downloaded,35685,
2026-07-17,NSE,ADANIPORTS,raw_l2/trade_date=2026-07-17/exchange=NSE/symbol=ADANIPORTS/part-092906_215712-046561.parquet,real_data_sample\l2_unseen_validation\trade_date=2026-07-17\exchange=NSE\symbol=ADANIPORTS\part-092906_215712-046561.parquet,34637,downloaded,34637,
2026-07-17,NSE,ADANIPORTS,raw_l2/trade_date=2026-07-17/exchange=NSE/symbol=ADANIPORTS/part-093019_715200-046721.parquet,real_data_sample\l2_unseen_validation\trade_date=2026-07-17\exchange=NSE\symbol=ADANIPORTS\part-093019_715200-046721.parquet,34467,downloaded,34467,
2026-07-17,NSE,ADANIPORTS,raw_l2/trade_date=2026-07-17/exchange=NSE/symbol=ADANIPORTS/part-092710_756038-046305.parquet,real_data_sample\l2_unseen_validation\trade_date=2026-07-17\exchange=NSE\symbol=ADANIPORTS\part-092710_756038-046305.parquet,35448,downloaded,35448,
2026-07-17,NSE,ADANIPORTS,raw_l2/trade_date=2026-07-17/exchange=NSE/symbol=ADANIPORTS/part-092851_757379-046529.parquet,real_data_sample\l2_unseen_validation\trade_date=2026-07-17\exchange=NSE\symbol=ADANIPORTS\part-092851_757379-046529.parquet,34603,downloaded,34603,
2026-07-17,NSE,ADANIPORTS,raw_l2/trade_date=2026-07-17/exchange=NSE/symbol=ADANIPORTS/part-092808_258179-046433.parquet,real_data_sample\l2_unseen_validation\trade_date=2026-07-17\exchange=NSE\symbol=ADANIPORTS\part-092808_258179-046433.parquet,35728,downloaded,35728,
2026-07-17,NSE,ADANIPORTS,raw_l2/trade_date=2026-07-17/exchange=NSE/symbol=ADANIPORTS/part-093228_217587-047009.parquet,real_data_sample\l2_unseen_validation\trade_date=2026-07-17\exchange=NSE\symbol=ADANIPORTS\part-093228_217587-047009.parquet,34701,downloaded,34701,
2026-07-17,NSE,ADANIPORTS,raw_l2/trade_date=2026-07-17/exchange=NSE/symbol=ADANIPORTS/part-093339_213908-047169.parquet,real_data_sample\l2_unseen_validation\trade_date=2026-07-17\exchange=NSE\symbol=ADANIPORTS\part-093339_213908-047169.parquet,34593,downloaded,34593,
2026-07-17,NSE,ADANIPORTS,raw_l2/trade_date=2026-07-17/exchange=NSE/symbol=ADANIPORTS/part-093145_713717-046913.parquet,real_data_sample\l2_unseen_validation\trade_date=2026-07-17\exchange=NSE\symbol=ADANIPORTS\part-093145_713717-046913.parquet,34509,downloaded,34509,
2026-07-17,NSE,ADANIPORTS,raw_l2/trade_date=2026-07-17/exchange=NSE/symbol=ADANIPORTS/part-093310_963524-047105.parquet,real_data_sample\l2_unseen_validation\trade_date=2026-07-17\exchange=NSE\symbol=ADANIPORTS\part-093310_963524-047105.parquet,34649,downloaded,34649,
2026-07-17,NSE,ADANIPORTS,raw_l2/trade_date=2026-07-17/exchange=NSE/symbol=ADANIPORTS/part-093048_464558-046785.parquet,real_data_sample\l2_unseen_validation\trade_date=2026-07-17\exchange=NSE\symbol=ADANIPORTS\part-093048_464558-046785.parquet,34591,downloaded,34591,
2026-07-17,NSE,ADANIPORTS,raw_l2/trade_date=2026-07-17/exchange=NSE/symbol=ADANIPORTS/part-093131_214621-046881.parquet,real_data_sample\l2_unseen_validation\trade_date=2026-07-17\exchange=NSE\symbol=ADANIPORTS\part-093131_214621-046881.parquet,34526,downloaded,34526,
2026-07-17,NSE,ADANIPORTS,raw_l2/trade_date=2026-07-17/exchange=NSE/symbol=ADANIPORTS/part-093214_214001-046977.parquet,real_data_sample\l2_unseen_validation\trade_date=2026-07-17\exchange=NSE\symbol=ADANIPORTS\part-093214_214001-046977.parquet,34435,downloaded,34435,
2026-07-17,NSE,ADANIPORTS,raw_l2/trade_date=2026-07-17/exchange=NSE/symbol=ADANIPORTS/part-093325_213949-047137.parquet,real_data_sample\l2_unseen_validation\trade_date=2026-07-17\exchange=NSE\symbol=ADANIPORTS\part-093325_213949-047137.parquet,34609,downloaded,34609,
2026-07-17,NSE,ADANIPORTS,raw_l2/trade_date=2026-07-17/exchange=NSE/symbol=ADANIPORTS/part-093256_715219-047073.parquet,real_data_sample\l2_unseen_validation\trade_date=2026-07-17\exchange=NSE\symbol=ADANIPORTS\part-093256_715219-047073.parquet,34600,downloaded,34600,
2026-07-17,NSE,ADANIPORTS,raw_l2/trade_date=2026-07-17/exchange=NSE/symbol=ADANIPORTS/part-093242_714669-047041.parquet,real_data_sample\l2_unseen_validation\trade_date=2026-07-17\exchange=NSE\symbol=ADANIPORTS\part-093242_714669-047041.parquet,34496,downloaded,34496,
2026-07-17,NSE,ADANIPORTS,raw_l2/trade_date=2026-07-17/exchange=NSE/symbol=ADANIPORTS/part-093353_463638-047201.parquet,real_data_sample\l2_unseen_validation\trade_date=2026-07-17\exchange=NSE\symbol=ADANIPORTS\part-093353_463638-047201.parquet,34636,downloaded,34636,
2026-07-17,NSE,ADANIPORTS,raw_l2/trade_date=2026-07-17/exchange=NSE/symbol=ADANIPORTS/part-093421_464039-047265.parquet,real_data_sample\l2_unseen_validation\trade_date=2026-07-17\exchange=NSE\symbol=ADANIPORTS\part-093421_464039-047265.parquet,34654,downloaded,34654,
2026-07-17,NSE,ADANIPORTS,raw_l2/trade_date=2026-07-17/exchange=NSE/symbol=ADANIPORTS/part-093435_467731-047297.parquet,real_data_sample\l2_unseen_validation\trade_date=2026-07-17\exchange=NSE\symbol=ADANIPORTS\part-093435_467731-047297.parquet,34550,downloaded,34550,
2026-07-17,NSE,ADANIPORTS,raw_l2/trade_date=2026-07-17/exchange=NSE/symbol=ADANIPORTS/part-093407_463955-047233.parquet,real_data_sample\l2_unseen_validation\trade_date=2026-07-17\exchange=NSE\symbol=ADANIPORTS\part-093407_463955-047233.parquet,34650,downloaded,34650,
2026-07-17,NSE,ADANIPORTS,raw_l2/trade_date=2026-07-17/exchange=NSE/symbol=ADANIPORTS/part-093503_963982-047361.parquet,real_data_sample\l2_unseen_validation\trade_date=2026-07-17\exchange=NSE\symbol=ADANIPORTS\part-093503_963982-047361.parquet,34624,downloaded,34624,
2026-07-17,NSE,ADANIPORTS,raw_l2/trade_date=2026-07-17/exchange=NSE/symbol=ADANIPORTS/part-093532_714938-047425.parquet,real_data_sample\l2_unseen_validation\trade_date=2026-07-17\exchange=NSE\symbol=ADANIPORTS\part-093532_714938-047425.parquet,34466,downloaded,34466,
2026-07-17,NSE,ADANIPORTS,raw_l2/trade_date=2026-07-17/exchange=NSE/symbol=ADANIPORTS/part-093449_714597-047329.parquet,real_data_sample\l2_unseen_validation\trade_date=2026-07-17\exchange=NSE\symbol=ADANIPORTS\part-093449_714597-047329.parquet,34611,downloaded,34611,
2026-07-17,NSE,ADANIPORTS,raw_l2/trade_date=2026-07-17/exchange=NSE/symbol=ADANIPORTS/part-093630_213895-047553.parquet,real_data_sample\l2_unseen_validation\trade_date=2026-07-17\exchange=NSE\symbol=ADANIPORTS\part-093630_213895-047553.parquet,34714,downloaded,34714,
2026-07-17,NSE,ADANIPORTS,raw_l2/trade_date=2026-07-17/exchange=NSE/symbol=ADANIPORTS/part-093615_963713-047521.parquet,real_data_sample\l2_unseen_validation\trade_date=2026-07-17\exchange=NSE\symbol=ADANIPORTS\part-093615_963713-047521.parquet,34692,downloaded,34692,
2026-07-17,NSE,ADANIPORTS,raw_l2/trade_date=2026-07-17/exchange=NSE/symbol=ADANIPORTS/part-093518_464296-047393.parquet,real_data_sample\l2_unseen_validation\trade_date=2026-07-17\exchange=NSE\symbol=ADANIPORTS\part-093518_464296-047393.parquet,34690,downloaded,34690,
2026-07-17,NSE,ADANIPORTS,raw_l2/trade_date=2026-07-17/exchange=NSE/symbol=ADANIPORTS/part-093546_964390-047457.parquet,real_data_sample\l2_unseen_validation\trade_date=2026-07-17\exchange=NSE\symbol=ADANIPORTS\part-093546_964390-047457.parquet,34685,downloaded,34685,
2026-07-17,NSE,ADANIPORTS,raw_l2/trade_date=2026-07-17/exchange=NSE/symbol=ADANIPORTS/part-093601_467604-047489.parquet,real_data_sample\l2_unseen_validation\trade_date=2026-07-17\exchange=NSE\symbol=ADANIPORTS\part-093601_467604-047489.parquet,34454,downloaded,34454,
2026-07-17,NSE,ADANIPORTS,raw_l2/trade_date=2026-07-17/exchange=NSE/symbol=ADANIPORTS/part-093948_715259-048001.parquet,real_data_sample\l2_unseen_validation\trade_date=2026-07-17\exchange=NSE\symbol=ADANIPORTS\part-093948_715259-048001.parquet,34661,downloaded,34661,
2026-07-17,NSE,ADANIPORTS,raw_l2/trade_date=2026-07-17/exchange=NSE/symbol=ADANIPORTS/part-093712_465594-047649.parquet,real_data_sample\l2_unseen_validation\trade_date=2026-07-17\exchange=NSE\symbol=ADANIPORTS\part-093712_465594-047649.parquet,34465,downloaded,34465,
2026-07-17,NSE,ADANIPORTS,raw_l2/trade_date=2026-07-17/exchange=NSE/symbol=ADANIPORTS/part-093836_965203-047841.parquet,real_data_sample\l2_unseen_validation\trade_date=2026-07-17\exchange=NSE\symbol=ADANIPORTS\part-093836_965203-047841.parquet,34721,downloaded,34721,
2026-07-17,NSE,ADANIPORTS,raw_l2/trade_date=2026-07-17/exchange=NSE/symbol=ADANIPORTS/part-093658_464039-047617.parquet,real_data_sample\l2_unseen_validation\trade_date=2026-07-17\exchange=NSE\symbol=ADANIPORTS\part-093658_464039-047617.parquet,34486,downloaded,34486,
2026-07-17,NSE,ADANIPORTS,raw_l2/trade_date=2026-07-17/exchange=NSE/symbol=ADANIPORTS/part-093919_963296-047937.parquet,real_data_sample\l2_unseen_validation\trade_date=2026-07-17\exchange=NSE\symbol=ADANIPORTS\part-093919_963296-047937.parquet,34759,downloaded,34759,
2026-07-17,NSE,ADANIPORTS,raw_l2/trade_date=2026-07-17/exchange=NSE/symbol=ADANIPORTS/part-094031_718368-048097.parquet,real_data_sample\l2_unseen_validation\trade_date=2026-07-17\exchange=NSE\symbol=ADANIPORTS\part-094031_718368-048097.parquet,34672,downloaded,34672,
2026-07-17,NSE,ADANIPORTS,raw_l2/trade_date=2026-07-17/exchange=NSE/symbol=ADANIPORTS/part-093644_467477-047585.parquet,real_data_sample\l2_unseen_validation\trade_date=2026-07-17\exchange=NSE\symbol=ADANIPORTS\part-093644_467477-047585.parquet,34488,downloaded,34488,
2026-07-17,NSE,ADANIPORTS,raw_l2/trade_date=2026-07-17/exchange=NSE/symbol=ADANIPORTS/part-094045_968104-048129.parquet,real_data_sample\l2_unseen_validation\trade_date=2026-07-17\exchange=NSE\symbol=ADANIPORTS\part-094045_968104-048129.parquet,34438,downloaded,34438,
2026-07-17,NSE,ADANIPORTS,raw_l2/trade_date=2026-07-17/exchange=NSE/symbol=ADANIPORTS/part-093934_466315-047969.parquet,real_data_sample\l2_unseen_validation\trade_date=2026-07-17\exchange=NSE\symbol=ADANIPORTS\part-093934_466315-047969.parquet,34501,downloaded,34501,
2026-07-17,NSE,ADANIPORTS,raw_l2/trade_date=2026-07-17/exchange=NSE/symbol=ADANIPORTS/part-094003_217553-048033.parquet,real_data_sample\l2_unseen_validation\trade_date=2026-07-17\exchange=NSE\symbol=ADANIPORTS\part-094003_217553-048033.parquet,34649,downloaded,34649,
2026-07-17,NSE,ADANIPORTS,raw_l2/trade_date=2026-07-17/exchange=NSE/symbol=ADANIPORTS/part-093754_468414-047745.parquet,real_data_sample\l2_unseen_validation\trade_date=2026-07-17\exchange=NSE\symbol=ADANIPORTS\part-093754_468414-047745.parquet,34521,downloaded,34521,
2026-07-17,NSE,ADANIPORTS,raw_l2/trade_date=2026-07-17/exchange=NSE/symbol=ADANIPORTS/part-093726_463316-047681.parquet,real_data_sample\l2_unseen_validation\trade_date=2026-07-17\exchange=NSE\symbol=ADANIPORTS\part-093726_463316-047681.parquet,34503,downloaded,34503,
2026-07-17,NSE,ADANIPORTS,raw_l2/trade_date=2026-07-17/exchange=NSE/symbol=ADANIPORTS/part-093740_463676-047713.parquet,real_data_sample\l2_unseen_validation\trade_date=2026-07-17\exchange=NSE\symbol=ADANIPORTS\part-093740_463676-047713.parquet,34656,downloaded,34656,
2026-07-17,NSE,ADANIPORTS,raw_l2/trade_date=2026-07-17/exchange=NSE/symbol=ADANIPORTS/part-094017_467909-048065.parquet,real_data_sample\l2_unseen_validation\trade_date=2026-07-17\exchange=NSE\symbol=ADANIPORTS\part-094017_467909-048065.parquet,34389,downloaded,34389,
2026-07-17,NSE,ADANIPORTS,raw_l2/trade_date=2026-07-17/exchange=NSE/symbol=ADANIPORTS/part-093822_713843-047809.parquet,real_data_sample\l2_unseen_validation\trade_date=2026-07-17\exchange=NSE\symbol=ADANIPORTS\part-093822_713843-047809.parquet,34745,downloaded,34745,
2026-07-17,NSE,ADANIPORTS,raw_l2/trade_date=2026-07-17/exchange=NSE/symbol=ADANIPORTS/part-093808_714098-047777.parquet,real_data_sample\l2_unseen_validation\trade_date=2026-07-17\exchange=NSE\symbol=ADANIPORTS\part-093808_714098-047777.parquet,34560,downloaded,34560,
2026-07-17,NSE,ADANIPORTS,raw_l2/trade_date=2026-07-17/exchange=NSE/symbol=ADANIPORTS/part-094100_219952-048161.parquet,real_data_sample\l2_unseen_validation\trade_date=2026-07-17\exchange=NSE\symbol=ADANIPORTS\part-094100_219952-048161.parquet,34756,downloaded,34756,
2026-07-17,NSE,ADANIPORTS,raw_l2/trade_date=2026-07-17/exchange=NSE/symbol=ADANIPORTS/part-093851_216498-047873.parquet,real_data_sample\l2_unseen_validation\trade_date=2026-07-17\exchange=NSE\symbol=ADANIPORTS\part-093851_216498-047873.parquet,34635,downloaded,34635,
2026-07-17,NSE,ADANIPORTS,raw_l2/trade_date=2026-07-17/exchange=NSE/symbol=ADANIPORTS/part-094114_721675-048193.parquet,real_data_sample\l2_unseen_validation\trade_date=2026-07-17\exchange=NSE\symbol=ADANIPORTS\part-094114_721675-048193.parquet,34644,downloaded,34644,
2026-07-17,NSE,ADANIPORTS,raw_l2/trade_date=2026-07-17/exchange=NSE/symbol=ADANIPORTS/part-093905_468051-047905.parquet,real_data_sample\l2_unseen_validation\trade_date=2026-07-17\exchange=NSE\symbol=ADANIPORTS\part-093905_468051-047905.parquet,34291,downloaded,34291,
2026-07-17,NSE,ADANIPORTS,raw_l2/trade_date=2026-07-17/exchange=NSE/symbol=ADANIPORTS/part-094129_219097-048225.parquet,real_data_sample\l2_unseen_validation\trade_date=2026-07-17\exchange=NSE\symbol=ADANIPORTS\part-094129_219097-048225.parquet,34591,downloaded,34591,
2026-07-17,NSE,ADANIPORTS,raw_l2/trade_date=2026-07-17/exchange=NSE/symbol=ADANIPORTS/part-094143_718347-048257.parquet,real_data_sample\l2_unseen_validation\trade_date=2026-07-17\exchange=NSE\symbol=ADANIPORTS\part-094143_718347-048257.parquet,34605,downloaded,34605,
2026-07-17,NSE,ADANIPORTS,raw_l2/trade_date=2026-07-17/exchange=NSE/symbol=ADANIPORTS/part-094212_471025-048321.parquet,real_data_sample\l2_unseen_validation\trade_date=2026-07-17\exchange=NSE\symbol=ADANIPORTS\part-094212_471025-048321.parquet,34752,downloaded,34752,
2026-07-17,NSE,ADANIPORTS,raw_l2/trade_date=2026-07-17/exchange=NSE/symbol=ADANIPORTS/part-094157_969432-048289.parquet,real_data_sample\l2_unseen_validation\trade_date=2026-07-17\exchange=NSE\symbol=ADANIPORTS\part-094157_969432-048289.parquet,34486,downloaded,34486,
2026-07-17,NSE,ADANIPORTS,raw_l2/trade_date=2026-07-17/exchange=NSE/symbol=ADANIPORTS/part-094337_970368-048513.parquet,real_data_sample\l2_unseen_validation\trade_date=2026-07-17\exchange=NSE\symbol=ADANIPORTS\part-094337_970368-048513.parquet,34415,downloaded,34415,
2026-07-17,NSE,ADANIPORTS,raw_l2/trade_date=2026-07-17/exchange=NSE/symbol=ADANIPORTS/part-094255_471143-048417.parquet,real_data_sample\l2_unseen_validation\trade_date=2026-07-17\exchange=NSE\symbol=ADANIPORTS\part-094255_471143-048417.parquet,34685,downloaded,34685,
2026-07-17,NSE,ADANIPORTS,raw_l2/trade_date=2026-07-17/exchange=NSE/symbol=ADANIPORTS/part-094241_217769-048385.parquet,real_data_sample\l2_unseen_validation\trade_date=2026-07-17\exchange=NSE\symbol=ADANIPORTS\part-094241_217769-048385.parquet,34690,downloaded,34690,
2026-07-17,NSE,ADANIPORTS,raw_l2/trade_date=2026-07-17/exchange=NSE/symbol=ADANIPORTS/part-094226_968717-048353.parquet,real_data_sample\l2_unseen_validation\trade_date=2026-07-17\exchange=NSE\symbol=ADANIPORTS\part-094226_968717-048353.parquet,34736,downloaded,34736,
2026-07-17,NSE,ADANIPORTS,raw_l2/trade_date=2026-07-17/exchange=NSE/symbol=ADANIPORTS/part-094309_470163-048449.parquet,real_data_sample\l2_unseen_validation\trade_date=2026-07-17\exchange=NSE\symbol=ADANIPORTS\part-094309_470163-048449.parquet,34493,downloaded,34493,
2026-07-17,NSE,ADANIPORTS,raw_l2/trade_date=2026-07-17/exchange=NSE/symbol=ADANIPORTS/part-094406_969485-048577.parquet,real_data_sample\l2_unseen_validation\trade_date=2026-07-17\exchange=NSE\symbol=ADANIPORTS\part-094406_969485-048577.parquet,34655,downloaded,34655,
2026-07-17,NSE,ADANIPORTS,raw_l2/trade_date=2026-07-17/exchange=NSE/symbol=ADANIPORTS/part-094323_719600-048481.parquet,real_data_sample\l2_unseen_validation\trade_date=2026-07-17\exchange=NSE\symbol=ADANIPORTS\part-094323_719600-048481.parquet,34496,downloaded,34496,
2026-07-17,NSE,ADANIPORTS,raw_l2/trade_date=2026-07-17/exchange=NSE/symbol=ADANIPORTS/part-094352_472708-048545.parquet,real_data_sample\l2_unseen_validation\trade_date=2026-07-17\exchange=NSE\symbol=ADANIPORTS\part-094352_472708-048545.parquet,34466,downloaded,34466,
2026-07-17,NSE,ADANIPORTS,raw_l2/trade_date=2026-07-17/exchange=NSE/symbol=ADANIPORTS/part-094421_215076-048609.parquet,real_data_sample\l2_unseen_validation\trade_date=2026-07-17\exchange=NSE\symbol=ADANIPORTS\part-094421_215076-048609.parquet,34677,downloaded,34677,
2026-07-17,NSE,ADANIPORTS,raw_l2/trade_date=2026-07-17/exchange=NSE/symbol=ADANIPORTS/part-094435_464757-048641.parquet,real_data_sample\l2_unseen_validation\trade_date=2026-07-17\exchange=NSE\symbol=ADANIPORTS\part-094435_464757-048641.parquet,34632,downloaded,34632,
2026-07-17,NSE,ADANIPORTS,raw_l2/trade_date=2026-07-17/exchange=NSE/symbol=ADANIPORTS/part-094449_965566-048673.parquet,real_data_sample\l2_unseen_validation\trade_date=2026-07-17\exchange=NSE\symbol=ADANIPORTS\part-094449_965566-048673.parquet,34536,downloaded,34536,
2026-07-17,NSE,ADANIPORTS,raw_l2/trade_date=2026-07-17/exchange=NSE/symbol=ADANIPORTS/part-094504_238664-048705.parquet,real_data_sample\l2_unseen_validation\trade_date=2026-07-17\exchange=NSE\symbol=ADANIPORTS\part-094504_238664-048705.parquet,34745,downloaded,34745,
2026-07-17,NSE,ADANIPORTS,raw_l2/trade_date=2026-07-17/exchange=NSE/symbol=ADANIPORTS/part-094518_465114-048737.parquet,real_data_sample\l2_unseen_validation\trade_date=2026-07-17\exchange=NSE\symbol=ADANIPORTS\part-094518_465114-048737.parquet,34462,downloaded,34462,
2026-07-17,NSE,ADANIPORTS,raw_l2/trade_date=2026-07-17/exchange=NSE/symbol=ADANIPORTS/part-094532_464193-048769.parquet,real_data_sample\l2_unseen_validation\trade_date=2026-07-17\exchange=NSE\symbol=ADANIPORTS\part-094532_464193-048769.parquet,34504,downloaded,34504,
2026-07-17,NSE,ADANIPORTS,raw_l2/trade_date=2026-07-17/exchange=NSE/symbol=ADANIPORTS/part-094601_215902-048833.parquet,real_data_sample\l2_unseen_validation\trade_date=2026-07-17\exchange=NSE\symbol=ADANIPORTS\part-094601_215902-048833.parquet,34406,downloaded,34406,
2026-07-17,NSE,ADANIPORTS,raw_l2/trade_date=2026-07-17/exchange=NSE/symbol=ADANIPORTS/part-094546_715823-048801.parquet,real_data_sample\l2_unseen_validation\trade_date=2026-07-17\exchange=NSE\symbol=ADANIPORTS\part-094546_715823-048801.parquet,34497,downloaded,34497,
2026-07-17,NSE,ADANIPORTS,raw_l2/trade_date=2026-07-17/exchange=NSE/symbol=ADANIPORTS/part-094643_980592-048929.parquet,real_data_sample\l2_unseen_validation\trade_date=2026-07-17\exchange=NSE\symbol=ADANIPORTS\part-094643_980592-048929.parquet,34372,downloaded,34372,
2026-07-17,NSE,ADANIPORTS,raw_l2/trade_date=2026-07-17/exchange=NSE/symbol=ADANIPORTS/part-094615_484111-048865.parquet,real_data_sample\l2_unseen_validation\trade_date=2026-07-17\exchange=NSE\symbol=ADANIPORTS\part-094615_484111-048865.parquet,34628,downloaded,34628,
2026-07-17,NSE,ADANIPORTS,raw_l2/trade_date=2026-07-17/exchange=NSE/symbol=ADANIPORTS/part-094712_236051-048993.parquet,real_data_sample\l2_unseen_validation\trade_date=2026-07-17\exchange=NSE\symbol=ADANIPORTS\part-094712_236051-048993.parquet,34409,downloaded,34409,
2026-07-17,NSE,ADANIPORTS,raw_l2/trade_date=2026-07-17/exchange=NSE/symbol=ADANIPORTS/part-094629_979341-048897.parquet,real_data_sample\l2_unseen_validation\trade_date=2026-07-17\exchange=NSE\symbol=ADANIPORTS\part-094629_979341-048897.parquet,34715,downloaded,34715,
2026-07-17,NSE,ADANIPORTS,raw_l2/trade_date=2026-07-17/exchange=NSE/symbol=ADANIPORTS/part-094823_479734-049153.parquet,real_data_sample\l2_unseen_validation\trade_date=2026-07-17\exchange=NSE\symbol=ADANIPORTS\part-094823_479734-049153.parquet,34653,downloaded,34653,
2026-07-17,NSE,ADANIPORTS,raw_l2/trade_date=2026-07-17/exchange=NSE/symbol=ADANIPORTS/part-094740_727512-049057.parquet,real_data_sample\l2_unseen_validation\trade_date=2026-07-17\exchange=NSE\symbol=ADANIPORTS\part-094740_727512-049057.parquet,34444,downloaded,34444,
2026-07-17,NSE,ADANIPORTS,raw_l2/trade_date=2026-07-17/exchange=NSE/symbol=ADANIPORTS/part-094726_479166-049025.parquet,real_data_sample\l2_unseen_validation\trade_date=2026-07-17\exchange=NSE\symbol=ADANIPORTS\part-094726_479166-049025.parquet,34512,downloaded,34512,
2026-07-17,NSE,ADANIPORTS,raw_l2/trade_date=2026-07-17/exchange=NSE/symbol=ADANIPORTS/part-094837_978957-049185.parquet,real_data_sample\l2_unseen_validation\trade_date=2026-07-17\exchange=NSE\symbol=ADANIPORTS\part-094837_978957-049185.parquet,34183,downloaded,34183,
2026-07-17,NSE,ADANIPORTS,raw_l2/trade_date=2026-07-17/exchange=NSE/symbol=ADANIPORTS/part-094755_229545-049089.parquet,real_data_sample\l2_unseen_validation\trade_date=2026-07-17\exchange=NSE\symbol=ADANIPORTS\part-094755_229545-049089.parquet,34527,downloaded,34527,
2026-07-17,NSE,ADANIPORTS,raw_l2/trade_date=2026-07-17/exchange=NSE/symbol=ADANIPORTS/part-094809_480376-049121.parquet,real_data_sample\l2_unseen_validation\trade_date=2026-07-17\exchange=NSE\symbol=ADANIPORTS\part-094809_480376-049121.parquet,34513,downloaded,34513,
2026-07-17,NSE,ADANIPORTS,raw_l2/trade_date=2026-07-17/exchange=NSE/symbol=ADANIPORTS/part-094657_978821-048961.parquet,real_data_sample\l2_unseen_validation\trade_date=2026-07-17\exchange=NSE\symbol=ADANIPORTS\part-094657_978821-048961.parquet,34560,downloaded,34560,
2026-07-17,NSE,ADANIPORTS,raw_l2/trade_date=2026-07-17/exchange=NSE/symbol=ADANIPORTS/part-094906_482829-049249.parquet,real_data_sample\l2_unseen_validation\trade_date=2026-07-17\exchange=NSE\symbol=ADANIPORTS\part-094906_482829-049249.parquet,34481,downloaded,34481,
2026-07-17,NSE,ADANIPORTS,raw_l2/trade_date=2026-07-17/exchange=NSE/symbol=ADANIPORTS/part-094920_714118-049281.parquet,real_data_sample\l2_unseen_validation\trade_date=2026-07-17\exchange=NSE\symbol=ADANIPORTS\part-094920_714118-049281.parquet,34657,downloaded,34657,
2026-07-17,NSE,ADANIPORTS,raw_l2/trade_date=2026-07-17/exchange=NSE/symbol=ADANIPORTS/part-094851_980950-049217.parquet,real_data_sample\l2_unseen_validation\trade_date=2026-07-17\exchange=NSE\symbol=ADANIPORTS\part-094851_980950-049217.parquet,34689,downloaded,34689,
2026-07-17,NSE,ADANIPORTS,raw_l2/trade_date=2026-07-17/exchange=NSE/symbol=ADANIPORTS/part-094934_962486-049313.parquet,real_data_sample\l2_unseen_validation\trade_date=2026-07-17\exchange=NSE\symbol=ADANIPORTS\part-094934_962486-049313.parquet,34725,downloaded,34725,
2026-07-17,NSE,ADANIPORTS,raw_l2/trade_date=2026-07-17/exchange=NSE/symbol=ADANIPORTS/part-095156_466247-049633.parquet,real_data_sample\l2_unseen_validation\trade_date=2026-07-17\exchange=NSE\symbol=ADANIPORTS\part-095156_466247-049633.parquet,34427,downloaded,34427,
2026-07-17,NSE,ADANIPORTS,raw_l2/trade_date=2026-07-17/exchange=NSE/symbol=ADANIPORTS/part-095003_463854-049377.parquet,real_data_sample\l2_unseen_validation\trade_date=2026-07-17\exchange=NSE\symbol=ADANIPORTS\part-095003_463854-049377.parquet,34504,downloaded,34504,
2026-07-17,NSE,ADANIPORTS,raw_l2/trade_date=2026-07-17/exchange=NSE/symbol=ADANIPORTS/part-095100_212388-049505.parquet,real_data_sample\l2_unseen_validation\trade_date=2026-07-17\exchange=NSE\symbol=ADANIPORTS\part-095100_212388-049505.parquet,34412,downloaded,34412,
2026-07-17,NSE,ADANIPORTS,raw_l2/trade_date=2026-07-17/exchange=NSE/symbol=ADANIPORTS/part-095046_217623-049473.parquet,real_data_sample\l2_unseen_validation\trade_date=2026-07-17\exchange=NSE\symbol=ADANIPORTS\part-095046_217623-049473.parquet,34480,downloaded,34480,
2026-07-17,NSE,ADANIPORTS,raw_l2/trade_date=2026-07-17/exchange=NSE/symbol=ADANIPORTS/part-094949_214787-049345.parquet,real_data_sample\l2_unseen_validation\trade_date=2026-07-17\exchange=NSE\symbol=ADANIPORTS\part-094949_214787-049345.parquet,34387,downloaded,34387,
2026-07-17,NSE,ADANIPORTS,raw_l2/trade_date=2026-07-17/exchange=NSE/symbol=ADANIPORTS/part-095017_712270-049409.parquet,real_data_sample\l2_unseen_validation\trade_date=2026-07-17\exchange=NSE\symbol=ADANIPORTS\part-095017_712270-049409.parquet,34182,downloaded,34182,
2026-07-17,NSE,ADANIPORTS,raw_l2/trade_date=2026-07-17/exchange=NSE/symbol=ADANIPORTS/part-095128_463078-049569.parquet,real_data_sample\l2_unseen_validation\trade_date=2026-07-17\exchange=NSE\symbol=ADANIPORTS\part-095128_463078-049569.parquet,34687,downloaded,34687,
2026-07-17,NSE,ADANIPORTS,raw_l2/trade_date=2026-07-17/exchange=NSE/symbol=ADANIPORTS/part-095114_212881-049537.parquet,real_data_sample\l2_unseen_validation\trade_date=2026-07-17\exchange=NSE\symbol=ADANIPORTS\part-095114_212881-049537.parquet,34492,downloaded,34492,
2026-07-17,NSE,ADANIPORTS,raw_l2/trade_date=2026-07-17/exchange=NSE/symbol=ADANIPORTS/part-095210_716434-049665.parquet,real_data_sample\l2_unseen_validation\trade_date=2026-07-17\exchange=NSE\symbol=ADANIPORTS\part-095210_716434-049665.parquet,34423,downloaded,34423,
2026-07-17,NSE,ADANIPORTS,raw_l2/trade_date=2026-07-17/exchange=NSE/symbol=ADANIPORTS/part-095031_963579-049441.parquet,real_data_sample\l2_unseen_validation\trade_date=2026-07-17\exchange=NSE\symbol=ADANIPORTS\part-095031_963579-049441.parquet,34502,downloaded,34502,
2026-07-17,NSE,ADANIPORTS,raw_l2/trade_date=2026-07-17/exchange=NSE/symbol=ADANIPORTS/part-095142_464616-049601.parquet,real_data_sample\l2_unseen_validation\trade_date=2026-07-17\exchange=NSE\symbol=ADANIPORTS\part-095142_464616-049601.parquet,34157,downloaded,34157,
2026-07-17,NSE,ADANIPORTS,raw_l2/trade_date=2026-07-17/exchange=NSE/symbol=ADANIPORTS/part-095224_977670-049697.parquet,real_data_sample\l2_unseen_validation\trade_date=2026-07-17\exchange=NSE\symbol=ADANIPORTS\part-095224_977670-049697.parquet,34540,downloaded,34540,
2026-07-17,NSE,ADANIPORTS,raw_l2/trade_date=2026-07-17/exchange=NSE/symbol=ADANIPORTS/part-095238_977102-049729.parquet,real_data_sample\l2_unseen_validation\trade_date=2026-07-17\exchange=NSE\symbol=ADANIPORTS\part-095238_977102-049729.parquet,34464,downloaded,34464,
2026-07-17,NSE,ADANIPORTS,raw_l2/trade_date=2026-07-17/exchange=NSE/symbol=ADANIPORTS/part-095321_231724-049825.parquet,real_data_sample\l2_unseen_validation\trade_date=2026-07-17\exchange=NSE\symbol=ADANIPORTS\part-095321_231724-049825.parquet,34674,downloaded,34674,
2026-07-17,NSE,ADANIPORTS,raw_l2/trade_date=2026-07-17/exchange=NSE/symbol=ADANIPORTS/part-095252_978170-049761.parquet,real_data_sample\l2_unseen_validation\trade_date=2026-07-17\exchange=NSE\symbol=ADANIPORTS\part-095252_978170-049761.parquet,34426,downloaded,34426,
2026-07-17,NSE,ADANIPORTS,raw_l2/trade_date=2026-07-17/exchange=NSE/symbol=ADANIPORTS/part-095306_982179-049793.parquet,real_data_sample\l2_unseen_validation\trade_date=2026-07-17\exchange=NSE\symbol=ADANIPORTS\part-095306_982179-049793.parquet,34466,downloaded,34466,
2026-07-17,NSE,ADANIPORTS,raw_l2/trade_date=2026-07-17/exchange=NSE/symbol=ADANIPORTS/part-095418_981433-049953.parquet,real_data_sample\l2_unseen_validation\trade_date=2026-07-17\exchange=NSE\symbol=ADANIPORTS\part-095418_981433-049953.parquet,34462,downloaded,34462,
2026-07-17,NSE,ADANIPORTS,raw_l2/trade_date=2026-07-17/exchange=NSE/symbol=ADANIPORTS/part-095349_980424-049889.parquet,real_data_sample\l2_unseen_validation\trade_date=2026-07-17\exchange=NSE\symbol=ADANIPORTS\part-095349_980424-049889.parquet,34717,downloaded,34717,
2026-07-17,NSE,ADANIPORTS,raw_l2/trade_date=2026-07-17/exchange=NSE/symbol=ADANIPORTS/part-095335_731672-049857.parquet,real_data_sample\l2_unseen_validation\trade_date=2026-07-17\exchange=NSE\symbol=ADANIPORTS\part-095335_731672-049857.parquet,34488,downloaded,34488,
2026-07-17,NSE,ADANIPORTS,raw_l2/trade_date=2026-07-17/exchange=NSE/symbol=ADANIPORTS/part-095404_490251-049921.parquet,real_data_sample\l2_unseen_validation\trade_date=2026-07-17\exchange=NSE\symbol=ADANIPORTS\part-095404_490251-049921.parquet,34476,downloaded,34476,
2026-07-17,NSE,ADANIPORTS,raw_l2/trade_date=2026-07-17/exchange=NSE/symbol=ADANIPORTS/part-095627_736813-050241.parquet,real_data_sample\l2_unseen_validation\trade_date=2026-07-17\exchange=NSE\symbol=ADANIPORTS\part-095627_736813-050241.parquet,34517,downloaded,34517,
2026-07-17,NSE,ADANIPORTS,raw_l2/trade_date=2026-07-17/exchange=NSE/symbol=ADANIPORTS/part-095515_480624-050081.parquet,real_data_sample\l2_unseen_validation\trade_date=2026-07-17\exchange=NSE\symbol=ADANIPORTS\part-095515_480624-050081.parquet,34496,downloaded,34496,
2026-07-17,NSE,ADANIPORTS,raw_l2/trade_date=2026-07-17/exchange=NSE/symbol=ADANIPORTS/part-095501_482777-050049.parquet,real_data_sample\l2_unseen_validation\trade_date=2026-07-17\exchange=NSE\symbol=ADANIPORTS\part-095501_482777-050049.parquet,34508,downloaded,34508,
2026-07-17,NSE,ADANIPORTS,raw_l2/trade_date=2026-07-17/exchange=NSE/symbol=ADANIPORTS/part-095558_987504-050177.parquet,real_data_sample\l2_unseen_validation\trade_date=2026-07-17\exchange=NSE\symbol=ADANIPORTS\part-095558_987504-050177.parquet,34457,downloaded,34457,
2026-07-17,NSE,ADANIPORTS,raw_l2/trade_date=2026-07-17/exchange=NSE/symbol=ADANIPORTS/part-095447_230883-050017.parquet,real_data_sample\l2_unseen_validation\trade_date=2026-07-17\exchange=NSE\symbol=ADANIPORTS\part-095447_230883-050017.parquet,34366,downloaded,34366,
2026-07-17,NSE,ADANIPORTS,raw_l2/trade_date=2026-07-17/exchange=NSE/symbol=ADANIPORTS/part-095432_981814-049985.parquet,real_data_sample\l2_unseen_validation\trade_date=2026-07-17\exchange=NSE\symbol=ADANIPORTS\part-095432_981814-049985.parquet,34402,downloaded,34402,
2026-07-17,NSE,ADANIPORTS,raw_l2/trade_date=2026-07-17/exchange=NSE/symbol=ADANIPORTS/part-095642_235913-050273.parquet,real_data_sample\l2_unseen_validation\trade_date=2026-07-17\exchange=NSE\symbol=ADANIPORTS\part-095642_235913-050273.parquet,34427,downloaded,34427,
2026-07-17,NSE,ADANIPORTS,raw_l2/trade_date=2026-07-17/exchange=NSE/symbol=ADANIPORTS/part-095529_736448-050113.parquet,real_data_sample\l2_unseen_validation\trade_date=2026-07-17\exchange=NSE\symbol=ADANIPORTS\part-095529_736448-050113.parquet,34444,downloaded,34444,
2026-07-17,NSE,ADANIPORTS,raw_l2/trade_date=2026-07-17/exchange=NSE/symbol=ADANIPORTS/part-095544_267573-050145.parquet,real_data_sample\l2_unseen_validation\trade_date=2026-07-17\exchange=NSE\symbol=ADANIPORTS\part-095544_267573-050145.parquet,34694,downloaded,34694,
2026-07-17,NSE,ADANIPORTS,raw_l2/trade_date=2026-07-17/exchange=NSE/symbol=ADANIPORTS/part-095613_487553-050209.parquet,real_data_sample\l2_unseen_validation\trade_date=2026-07-17\exchange=NSE\symbol=ADANIPORTS\part-095613_487553-050209.parquet,34590,downloaded,34590,
2026-07-17,NSE,ADANIPORTS,raw_l2/trade_date=2026-07-17/exchange=NSE/symbol=ADANIPORTS/part-095726_237209-050369.parquet,real_data_sample\l2_unseen_validation\trade_date=2026-07-17\exchange=NSE\symbol=ADANIPORTS\part-095726_237209-050369.parquet,34640,downloaded,34640,
2026-07-17,NSE,ADANIPORTS,raw_l2/trade_date=2026-07-17/exchange=NSE/symbol=ADANIPORTS/part-095711_739527-050337.parquet,real_data_sample\l2_unseen_validation\trade_date=2026-07-17\exchange=NSE\symbol=ADANIPORTS\part-095711_739527-050337.parquet,34483,downloaded,34483,
2026-07-17,NSE,ADANIPORTS,raw_l2/trade_date=2026-07-17/exchange=NSE/symbol=ADANIPORTS/part-095656_735434-050305.parquet,real_data_sample\l2_unseen_validation\trade_date=2026-07-17\exchange=NSE\symbol=ADANIPORTS\part-095656_735434-050305.parquet,34669,downloaded,34669,
2026-07-17,NSE,ADANIPORTS,raw_l2/trade_date=2026-07-17/exchange=NSE/symbol=ADANIPORTS/part-095921_733391-050625.parquet,real_data_sample\l2_unseen_validation\trade_date=2026-07-17\exchange=NSE\symbol=ADANIPORTS\part-095921_733391-050625.parquet,34472,downloaded,34472,
2026-07-17,NSE,ADANIPORTS,raw_l2/trade_date=2026-07-17/exchange=NSE/symbol=ADANIPORTS/part-095740_738845-050401.parquet,real_data_sample\l2_unseen_validation\trade_date=2026-07-17\exchange=NSE\symbol=ADANIPORTS\part-095740_738845-050401.parquet,34476,downloaded,34476,
2026-07-17,NSE,AXISBANK,raw_l2/trade_date=2026-07-17/exchange=NSE/symbol=AXISBANK/part-034639_360313-000226.parquet,real_data_sample\l2_unseen_validation\trade_date=2026-07-17\exchange=NSE\symbol=AXISBANK\part-034639_360313-000226.parquet,35989,downloaded,35989,
2026-07-17,NSE,ADANIPORTS,raw_l2/trade_date=2026-07-17/exchange=NSE/symbol=ADANIPORTS/part-095823_238846-050497.parquet,real_data_sample\l2_unseen_validation\trade_date=2026-07-17\exchange=NSE\symbol=ADANIPORTS\part-095823_238846-050497.parquet,34421,downloaded,34421,
2026-07-17,NSE,ADANIPORTS,raw_l2/trade_date=2026-07-17/exchange=NSE/symbol=ADANIPORTS/part-095809_235249-050465.parquet,real_data_sample\l2_unseen_validation\trade_date=2026-07-17\exchange=NSE\symbol=ADANIPORTS\part-095809_235249-050465.parquet,34486,downloaded,34486,
2026-07-17,NSE,ADANIPORTS,raw_l2/trade_date=2026-07-17/exchange=NSE/symbol=ADANIPORTS/part-095754_983824-050433.parquet,real_data_sample\l2_unseen_validation\trade_date=2026-07-17\exchange=NSE\symbol=ADANIPORTS\part-095754_983824-050433.parquet,34658,downloaded,34658,
2026-07-17,NSE,ADANIPORTS,raw_l2/trade_date=2026-07-17/exchange=NSE/symbol=ADANIPORTS/part-095907_232519-050593.parquet,real_data_sample\l2_unseen_validation\trade_date=2026-07-17\exchange=NSE\symbol=ADANIPORTS\part-095907_232519-050593.parquet,34187,downloaded,34187,
2026-07-17,NSE,AXISBANK,raw_l2/trade_date=2026-07-17/exchange=NSE/symbol=AXISBANK/part-034500_908510-000002.parquet,real_data_sample\l2_unseen_validation\trade_date=2026-07-17\exchange=NSE\symbol=AXISBANK\part-034500_908510-000002.parquet,34092,downloaded,34092,
2026-07-17,NSE,ADANIPORTS,raw_l2/trade_date=2026-07-17/exchange=NSE/symbol=ADANIPORTS/part-095837_980863-050529.parquet,real_data_sample\l2_unseen_validation\trade_date=2026-07-17\exchange=NSE\symbol=ADANIPORTS\part-095837_980863-050529.parquet,34390,downloaded,34390,
2026-07-17,NSE,ADANIPORTS,raw_l2/trade_date=2026-07-17/exchange=NSE/symbol=ADANIPORTS/part-095852_732028-050561.parquet,real_data_sample\l2_unseen_validation\trade_date=2026-07-17\exchange=NSE\symbol=ADANIPORTS\part-095852_732028-050561.parquet,34692,downloaded,34692,
2026-07-17,NSE,AXISBANK,raw_l2/trade_date=2026-07-17/exchange=NSE/symbol=AXISBANK/part-034529_087459-000066.parquet,real_data_sample\l2_unseen_validation\trade_date=2026-07-17\exchange=NSE\symbol=AXISBANK\part-034529_087459-000066.parquet,36300,downloaded,36300,
2026-07-17,NSE,AXISBANK,raw_l2/trade_date=2026-07-17/exchange=NSE/symbol=AXISBANK/part-034557_328466-000130.parquet,real_data_sample\l2_unseen_validation\trade_date=2026-07-17\exchange=NSE\symbol=AXISBANK\part-034557_328466-000130.parquet,36263,downloaded,36263,
2026-07-17,NSE,AXISBANK,raw_l2/trade_date=2026-07-17/exchange=NSE/symbol=AXISBANK/part-034515_324862-000034.parquet,real_data_sample\l2_unseen_validation\trade_date=2026-07-17\exchange=NSE\symbol=AXISBANK\part-034515_324862-000034.parquet,36325,downloaded,36325,
2026-07-17,NSE,AXISBANK,raw_l2/trade_date=2026-07-17/exchange=NSE/symbol=AXISBANK/part-034542_829884-000098.parquet,real_data_sample\l2_unseen_validation\trade_date=2026-07-17\exchange=NSE\symbol=AXISBANK\part-034542_829884-000098.parquet,36689,downloaded,36689,
2026-07-17,NSE,ADANIPORTS,raw_l2/trade_date=2026-07-17/exchange=NSE/symbol=ADANIPORTS/part-100004_978358-050721.parquet,real_data_sample\l2_unseen_validation\trade_date=2026-07-17\exchange=NSE\symbol=ADANIPORTS\part-100004_978358-050721.parquet,34398,downloaded,34398,
2026-07-17,NSE,AXISBANK,raw_l2/trade_date=2026-07-17/exchange=NSE/symbol=AXISBANK/part-034611_331062-000162.parquet,real_data_sample\l2_unseen_validation\trade_date=2026-07-17\exchange=NSE\symbol=AXISBANK\part-034611_331062-000162.parquet,36366,downloaded,36366,
2026-07-17,NSE,ADANIPORTS,raw_l2/trade_date=2026-07-17/exchange=NSE/symbol=ADANIPORTS/part-095936_231455-050657.parquet,real_data_sample\l2_unseen_validation\trade_date=2026-07-17\exchange=NSE\symbol=ADANIPORTS\part-095936_231455-050657.parquet,34351,downloaded,34351,
2026-07-17,NSE,ADANIPORTS,raw_l2/trade_date=2026-07-17/exchange=NSE/symbol=ADANIPORTS/part-095950_731864-050689.parquet,real_data_sample\l2_unseen_validation\trade_date=2026-07-17\exchange=NSE\symbol=ADANIPORTS\part-095950_731864-050689.parquet,34455,downloaded,34455,
2026-07-17,NSE,ADANIPORTS,raw_l2/trade_date=2026-07-17/exchange=NSE/symbol=ADANIPORTS/part-100126_978303-050765.parquet,real_data_sample\l2_unseen_validation\trade_date=2026-07-17\exchange=NSE\symbol=ADANIPORTS\part-100126_978303-050765.parquet,34108,downloaded,34108,
2026-07-17,NSE,AXISBANK,raw_l2/trade_date=2026-07-17/exchange=NSE/symbol=AXISBANK/part-034625_324967-000194.parquet,real_data_sample\l2_unseen_validation\trade_date=2026-07-17\exchange=NSE\symbol=AXISBANK\part-034625_324967-000194.parquet,36265,downloaded,36265,
2026-07-17,NSE,AXISBANK,raw_l2/trade_date=2026-07-17/exchange=NSE/symbol=AXISBANK/part-034653_596964-000258.parquet,real_data_sample\l2_unseen_validation\trade_date=2026-07-17\exchange=NSE\symbol=AXISBANK\part-034653_596964-000258.parquet,36576,downloaded,36576,
2026-07-17,NSE,AXISBANK,raw_l2/trade_date=2026-07-17/exchange=NSE/symbol=AXISBANK/part-034803_580643-000418.parquet,real_data_sample\l2_unseen_validation\trade_date=2026-07-17\exchange=NSE\symbol=AXISBANK\part-034803_580643-000418.parquet,36192,downloaded,36192,
2026-07-17,NSE,AXISBANK,raw_l2/trade_date=2026-07-17/exchange=NSE/symbol=AXISBANK/part-034707_338427-000290.parquet,real_data_sample\l2_unseen_validation\trade_date=2026-07-17\exchange=NSE\symbol=AXISBANK\part-034707_338427-000290.parquet,35922,downloaded,35922,
2026-07-17,NSE,AXISBANK,raw_l2/trade_date=2026-07-17/exchange=NSE/symbol=AXISBANK/part-034735_333506-000354.parquet,real_data_sample\l2_unseen_validation\trade_date=2026-07-17\exchange=NSE\symbol=AXISBANK\part-034735_333506-000354.parquet,36230,downloaded,36230,
2026-07-17,NSE,AXISBANK,raw_l2/trade_date=2026-07-17/exchange=NSE/symbol=AXISBANK/part-034721_332337-000322.parquet,real_data_sample\l2_unseen_validation\trade_date=2026-07-17\exchange=NSE\symbol=AXISBANK\part-034721_332337-000322.parquet,36105,downloaded,36105,
2026-07-17,NSE,AXISBANK,raw_l2/trade_date=2026-07-17/exchange=NSE/symbol=AXISBANK/part-034749_574766-000386.parquet,real_data_sample\l2_unseen_validation\trade_date=2026-07-17\exchange=NSE\symbol=AXISBANK\part-034749_574766-000386.parquet,36062,downloaded,36062,
2026-07-17,NSE,AXISBANK,raw_l2/trade_date=2026-07-17/exchange=NSE/symbol=AXISBANK/part-034913_105876-000578.parquet,real_data_sample\l2_unseen_validation\trade_date=2026-07-17\exchange=NSE\symbol=AXISBANK\part-034913_105876-000578.parquet,36598,downloaded,36598,
2026-07-17,NSE,AXISBANK,raw_l2/trade_date=2026-07-17/exchange=NSE/symbol=AXISBANK/part-034859_083928-000546.parquet,real_data_sample\l2_unseen_validation\trade_date=2026-07-17\exchange=NSE\symbol=AXISBANK\part-034859_083928-000546.parquet,35935,downloaded,35935,
2026-07-17,NSE,AXISBANK,raw_l2/trade_date=2026-07-17/exchange=NSE/symbol=AXISBANK/part-034927_099899-000610.parquet,real_data_sample\l2_unseen_validation\trade_date=2026-07-17\exchange=NSE\symbol=AXISBANK\part-034927_099899-000610.parquet,35983,downloaded,35983,
2026-07-17,NSE,AXISBANK,raw_l2/trade_date=2026-07-17/exchange=NSE/symbol=AXISBANK/part-034817_827941-000450.parquet,real_data_sample\l2_unseen_validation\trade_date=2026-07-17\exchange=NSE\symbol=AXISBANK\part-034817_827941-000450.parquet,36361,downloaded,36361,
2026-07-17,NSE,AXISBANK,raw_l2/trade_date=2026-07-17/exchange=NSE/symbol=AXISBANK/part-034831_582626-000482.parquet,real_data_sample\l2_unseen_validation\trade_date=2026-07-17\exchange=NSE\symbol=AXISBANK\part-034831_582626-000482.parquet,35914,downloaded,35914,
2026-07-17,NSE,AXISBANK,raw_l2/trade_date=2026-07-17/exchange=NSE/symbol=AXISBANK/part-034845_338402-000514.parquet,real_data_sample\l2_unseen_validation\trade_date=2026-07-17\exchange=NSE\symbol=AXISBANK\part-034845_338402-000514.parquet,35675,downloaded,35675,
2026-07-17,NSE,AXISBANK,raw_l2/trade_date=2026-07-17/exchange=NSE/symbol=AXISBANK/part-034941_094024-000642.parquet,real_data_sample\l2_unseen_validation\trade_date=2026-07-17\exchange=NSE\symbol=AXISBANK\part-034941_094024-000642.parquet,35831,downloaded,35831,
2026-07-17,NSE,AXISBANK,raw_l2/trade_date=2026-07-17/exchange=NSE/symbol=AXISBANK/part-035009_096854-000706.parquet,real_data_sample\l2_unseen_validation\trade_date=2026-07-17\exchange=NSE\symbol=AXISBANK\part-035009_096854-000706.parquet,36169,downloaded,36169,
2026-07-17,NSE,AXISBANK,raw_l2/trade_date=2026-07-17/exchange=NSE/symbol=AXISBANK/part-035050_574726-000802.parquet,real_data_sample\l2_unseen_validation\trade_date=2026-07-17\exchange=NSE\symbol=AXISBANK\part-035050_574726-000802.parquet,34473,downloaded,34473,
2026-07-17,NSE,AXISBANK,raw_l2/trade_date=2026-07-17/exchange=NSE/symbol=AXISBANK/part-035023_117634-000738.parquet,real_data_sample\l2_unseen_validation\trade_date=2026-07-17\exchange=NSE\symbol=AXISBANK\part-035023_117634-000738.parquet,34509,downloaded,34509,
2026-07-17,NSE,AXISBANK,raw_l2/trade_date=2026-07-17/exchange=NSE/symbol=AXISBANK/part-035036_878324-000770.parquet,real_data_sample\l2_unseen_validation\trade_date=2026-07-17\exchange=NSE\symbol=AXISBANK\part-035036_878324-000770.parquet,34492,downloaded,34492,
2026-07-17,NSE,AXISBANK,raw_l2/trade_date=2026-07-17/exchange=NSE/symbol=AXISBANK/part-035118_103447-000866.parquet,real_data_sample\l2_unseen_validation\trade_date=2026-07-17\exchange=NSE\symbol=AXISBANK\part-035118_103447-000866.parquet,34460,downloaded,34460,
2026-07-17,NSE,AXISBANK,raw_l2/trade_date=2026-07-17/exchange=NSE/symbol=AXISBANK/part-034955_078770-000674.parquet,real_data_sample\l2_unseen_validation\trade_date=2026-07-17\exchange=NSE\symbol=AXISBANK\part-034955_078770-000674.parquet,35441,downloaded,35441,
2026-07-17,NSE,AXISBANK,raw_l2/trade_date=2026-07-17/exchange=NSE/symbol=AXISBANK/part-035131_842614-000898.parquet,real_data_sample\l2_unseen_validation\trade_date=2026-07-17\exchange=NSE\symbol=AXISBANK\part-035131_842614-000898.parquet,34470,downloaded,34470,
2026-07-17,NSE,AXISBANK,raw_l2/trade_date=2026-07-17/exchange=NSE/symbol=AXISBANK/part-035159_581585-000962.parquet,real_data_sample\l2_unseen_validation\trade_date=2026-07-17\exchange=NSE\symbol=AXISBANK\part-035159_581585-000962.parquet,34686,downloaded,34686,
2026-07-17,NSE,AXISBANK,raw_l2/trade_date=2026-07-17/exchange=NSE/symbol=AXISBANK/part-035145_599163-000930.parquet,real_data_sample\l2_unseen_validation\trade_date=2026-07-17\exchange=NSE\symbol=AXISBANK\part-035145_599163-000930.parquet,34714,downloaded,34714,
2026-07-17,NSE,AXISBANK,raw_l2/trade_date=2026-07-17/exchange=NSE/symbol=AXISBANK/part-035104_335675-000834.parquet,real_data_sample\l2_unseen_validation\trade_date=2026-07-17\exchange=NSE\symbol=AXISBANK\part-035104_335675-000834.parquet,34702,downloaded,34702,
2026-07-17,NSE,AXISBANK,raw_l2/trade_date=2026-07-17/exchange=NSE/symbol=AXISBANK/part-035227_327618-001026.parquet,real_data_sample\l2_unseen_validation\trade_date=2026-07-17\exchange=NSE\symbol=AXISBANK\part-035227_327618-001026.parquet,34135,downloaded,34135,
2026-07-17,NSE,AXISBANK,raw_l2/trade_date=2026-07-17/exchange=NSE/symbol=AXISBANK/part-035255_336307-001090.parquet,real_data_sample\l2_unseen_validation\trade_date=2026-07-17\exchange=NSE\symbol=AXISBANK\part-035255_336307-001090.parquet,34492,downloaded,34492,
2026-07-17,NSE,AXISBANK,raw_l2/trade_date=2026-07-17/exchange=NSE/symbol=AXISBANK/part-035432_323630-001314.parquet,real_data_sample\l2_unseen_validation\trade_date=2026-07-17\exchange=NSE\symbol=AXISBANK\part-035432_323630-001314.parquet,34317,downloaded,34317,
2026-07-17,NSE,AXISBANK,raw_l2/trade_date=2026-07-17/exchange=NSE/symbol=AXISBANK/part-035556_080261-001506.parquet,real_data_sample\l2_unseen_validation\trade_date=2026-07-17\exchange=NSE\symbol=AXISBANK\part-035556_080261-001506.parquet,34691,downloaded,34691,
2026-07-17,NSE,AXISBANK,raw_l2/trade_date=2026-07-17/exchange=NSE/symbol=AXISBANK/part-035542_334608-001474.parquet,real_data_sample\l2_unseen_validation\trade_date=2026-07-17\exchange=NSE\symbol=AXISBANK\part-035542_334608-001474.parquet,34620,downloaded,34620,
2026-07-17,NSE,AXISBANK,raw_l2/trade_date=2026-07-17/exchange=NSE/symbol=AXISBANK/part-035241_340272-001058.parquet,real_data_sample\l2_unseen_validation\trade_date=2026-07-17\exchange=NSE\symbol=AXISBANK\part-035241_340272-001058.parquet,34460,downloaded,34460,
2026-07-17,NSE,AXISBANK,raw_l2/trade_date=2026-07-17/exchange=NSE/symbol=AXISBANK/part-035446_336149-001346.parquet,real_data_sample\l2_unseen_validation\trade_date=2026-07-17\exchange=NSE\symbol=AXISBANK\part-035446_336149-001346.parquet,34343,downloaded,34343,
2026-07-17,NSE,AXISBANK,raw_l2/trade_date=2026-07-17/exchange=NSE/symbol=AXISBANK/part-035213_593121-000994.parquet,real_data_sample\l2_unseen_validation\trade_date=2026-07-17\exchange=NSE\symbol=AXISBANK\part-035213_593121-000994.parquet,34501,downloaded,34501,
2026-07-17,NSE,AXISBANK,raw_l2/trade_date=2026-07-17/exchange=NSE/symbol=AXISBANK/part-035337_075314-001186.parquet,real_data_sample\l2_unseen_validation\trade_date=2026-07-17\exchange=NSE\symbol=AXISBANK\part-035337_075314-001186.parquet,34455,downloaded,34455,
2026-07-17,NSE,AXISBANK,raw_l2/trade_date=2026-07-17/exchange=NSE/symbol=AXISBANK/part-035309_335487-001122.parquet,real_data_sample\l2_unseen_validation\trade_date=2026-07-17\exchange=NSE\symbol=AXISBANK\part-035309_335487-001122.parquet,34458,downloaded,34458,
2026-07-17,NSE,AXISBANK,raw_l2/trade_date=2026-07-17/exchange=NSE/symbol=AXISBANK/part-035323_109957-001154.parquet,real_data_sample\l2_unseen_validation\trade_date=2026-07-17\exchange=NSE\symbol=AXISBANK\part-035323_109957-001154.parquet,34435,downloaded,34435,
2026-07-17,NSE,AXISBANK,raw_l2/trade_date=2026-07-17/exchange=NSE/symbol=AXISBANK/part-035350_837237-001218.parquet,real_data_sample\l2_unseen_validation\trade_date=2026-07-17\exchange=NSE\symbol=AXISBANK\part-035350_837237-001218.parquet,34722,downloaded,34722,
2026-07-17,NSE,AXISBANK,raw_l2/trade_date=2026-07-17/exchange=NSE/symbol=AXISBANK/part-035404_832179-001250.parquet,real_data_sample\l2_unseen_validation\trade_date=2026-07-17\exchange=NSE\symbol=AXISBANK\part-035404_832179-001250.parquet,34595,downloaded,34595,
2026-07-17,NSE,AXISBANK,raw_l2/trade_date=2026-07-17/exchange=NSE/symbol=AXISBANK/part-035418_588448-001282.parquet,real_data_sample\l2_unseen_validation\trade_date=2026-07-17\exchange=NSE\symbol=AXISBANK\part-035418_588448-001282.parquet,34472,downloaded,34472,
2026-07-17,NSE,AXISBANK,raw_l2/trade_date=2026-07-17/exchange=NSE/symbol=AXISBANK/part-035528_346062-001442.parquet,real_data_sample\l2_unseen_validation\trade_date=2026-07-17\exchange=NSE\symbol=AXISBANK\part-035528_346062-001442.parquet,34471,downloaded,34471,
2026-07-17,NSE,AXISBANK,raw_l2/trade_date=2026-07-17/exchange=NSE/symbol=AXISBANK/part-035500_389985-001378.parquet,real_data_sample\l2_unseen_validation\trade_date=2026-07-17\exchange=NSE\symbol=AXISBANK\part-035500_389985-001378.parquet,34442,downloaded,34442,
2026-07-17,NSE,AXISBANK,raw_l2/trade_date=2026-07-17/exchange=NSE/symbol=AXISBANK/part-035652_081883-001634.parquet,real_data_sample\l2_unseen_validation\trade_date=2026-07-17\exchange=NSE\symbol=AXISBANK\part-035652_081883-001634.parquet,34471,downloaded,34471,
2026-07-17,NSE,AXISBANK,raw_l2/trade_date=2026-07-17/exchange=NSE/symbol=AXISBANK/part-035638_083184-001602.parquet,real_data_sample\l2_unseen_validation\trade_date=2026-07-17\exchange=NSE\symbol=AXISBANK\part-035638_083184-001602.parquet,34513,downloaded,34513,
2026-07-17,NSE,AXISBANK,raw_l2/trade_date=2026-07-17/exchange=NSE/symbol=AXISBANK/part-035624_332368-001570.parquet,real_data_sample\l2_unseen_validation\trade_date=2026-07-17\exchange=NSE\symbol=AXISBANK\part-035624_332368-001570.parquet,34519,downloaded,34519,
2026-07-17,NSE,AXISBANK,raw_l2/trade_date=2026-07-17/exchange=NSE/symbol=AXISBANK/part-035610_121836-001538.parquet,real_data_sample\l2_unseen_validation\trade_date=2026-07-17\exchange=NSE\symbol=AXISBANK\part-035610_121836-001538.parquet,34431,downloaded,34431,
2026-07-17,NSE,AXISBANK,raw_l2/trade_date=2026-07-17/exchange=NSE/symbol=AXISBANK/part-035514_325514-001410.parquet,real_data_sample\l2_unseen_validation\trade_date=2026-07-17\exchange=NSE\symbol=AXISBANK\part-035514_325514-001410.parquet,34456,downloaded,34456,
2026-07-17,NSE,AXISBANK,raw_l2/trade_date=2026-07-17/exchange=NSE/symbol=AXISBANK/part-035719_844377-001698.parquet,real_data_sample\l2_unseen_validation\trade_date=2026-07-17\exchange=NSE\symbol=AXISBANK\part-035719_844377-001698.parquet,34495,downloaded,34495,
2026-07-17,NSE,AXISBANK,raw_l2/trade_date=2026-07-17/exchange=NSE/symbol=AXISBANK/part-035733_862697-001730.parquet,real_data_sample\l2_unseen_validation\trade_date=2026-07-17\exchange=NSE\symbol=AXISBANK\part-035733_862697-001730.parquet,34673,downloaded,34673,
2026-07-17,NSE,AXISBANK,raw_l2/trade_date=2026-07-17/exchange=NSE/symbol=AXISBANK/part-035748_092551-001762.parquet,real_data_sample\l2_unseen_validation\trade_date=2026-07-17\exchange=NSE\symbol=AXISBANK\part-035748_092551-001762.parquet,34732,downloaded,34732,
2026-07-17,NSE,AXISBANK,raw_l2/trade_date=2026-07-17/exchange=NSE/symbol=AXISBANK/part-035705_829764-001666.parquet,real_data_sample\l2_unseen_validation\trade_date=2026-07-17\exchange=NSE\symbol=AXISBANK\part-035705_829764-001666.parquet,34504,downloaded,34504,
2026-07-17,NSE,AXISBANK,raw_l2/trade_date=2026-07-17/exchange=NSE/symbol=AXISBANK/part-035830_849195-001858.parquet,real_data_sample\l2_unseen_validation\trade_date=2026-07-17\exchange=NSE\symbol=AXISBANK\part-035830_849195-001858.parquet,34509,downloaded,34509,
2026-07-17,NSE,AXISBANK,raw_l2/trade_date=2026-07-17/exchange=NSE/symbol=AXISBANK/part-035816_844394-001826.parquet,real_data_sample\l2_unseen_validation\trade_date=2026-07-17\exchange=NSE\symbol=AXISBANK\part-035816_844394-001826.parquet,34679,downloaded,34679,
2026-07-17,NSE,AXISBANK,raw_l2/trade_date=2026-07-17/exchange=NSE/symbol=AXISBANK/part-035802_358818-001794.parquet,real_data_sample\l2_unseen_validation\trade_date=2026-07-17\exchange=NSE\symbol=AXISBANK\part-035802_358818-001794.parquet,34634,downloaded,34634,
2026-07-17,NSE,AXISBANK,raw_l2/trade_date=2026-07-17/exchange=NSE/symbol=AXISBANK/part-035858_860655-001922.parquet,real_data_sample\l2_unseen_validation\trade_date=2026-07-17\exchange=NSE\symbol=AXISBANK\part-035858_860655-001922.parquet,34404,downloaded,34404,
2026-07-17,NSE,AXISBANK,raw_l2/trade_date=2026-07-17/exchange=NSE/symbol=AXISBANK/part-035844_833466-001890.parquet,real_data_sample\l2_unseen_validation\trade_date=2026-07-17\exchange=NSE\symbol=AXISBANK\part-035844_833466-001890.parquet,34467,downloaded,34467,
2026-07-17,NSE,AXISBANK,raw_l2/trade_date=2026-07-17/exchange=NSE/symbol=AXISBANK/part-035912_839341-001954.parquet,real_data_sample\l2_unseen_validation\trade_date=2026-07-17\exchange=NSE\symbol=AXISBANK\part-035912_839341-001954.parquet,34439,downloaded,34439,
2026-07-17,NSE,AXISBANK,raw_l2/trade_date=2026-07-17/exchange=NSE/symbol=AXISBANK/part-035926_831943-001986.parquet,real_data_sample\l2_unseen_validation\trade_date=2026-07-17\exchange=NSE\symbol=AXISBANK\part-035926_831943-001986.parquet,34360,downloaded,34360,
2026-07-17,NSE,AXISBANK,raw_l2/trade_date=2026-07-17/exchange=NSE/symbol=AXISBANK/part-035940_835519-002018.parquet,real_data_sample\l2_unseen_validation\trade_date=2026-07-17\exchange=NSE\symbol=AXISBANK\part-035940_835519-002018.parquet,34442,downloaded,34442,
2026-07-17,NSE,AXISBANK,raw_l2/trade_date=2026-07-17/exchange=NSE/symbol=AXISBANK/part-040214_086872-002370.parquet,real_data_sample\l2_unseen_validation\trade_date=2026-07-17\exchange=NSE\symbol=AXISBANK\part-040214_086872-002370.parquet,36096,downloaded,36096,
2026-07-17,NSE,AXISBANK,raw_l2/trade_date=2026-07-17/exchange=NSE/symbol=AXISBANK/part-040023_132690-002114.parquet,real_data_sample\l2_unseen_validation\trade_date=2026-07-17\exchange=NSE\symbol=AXISBANK\part-040023_132690-002114.parquet,34459,downloaded,34459,
2026-07-17,NSE,AXISBANK,raw_l2/trade_date=2026-07-17/exchange=NSE/symbol=AXISBANK/part-040037_105568-002146.parquet,real_data_sample\l2_unseen_validation\trade_date=2026-07-17\exchange=NSE\symbol=AXISBANK\part-040037_105568-002146.parquet,34722,downloaded,34722,
2026-07-17,NSE,AXISBANK,raw_l2/trade_date=2026-07-17/exchange=NSE/symbol=AXISBANK/part-040009_078875-002082.parquet,real_data_sample\l2_unseen_validation\trade_date=2026-07-17\exchange=NSE\symbol=AXISBANK\part-040009_078875-002082.parquet,34520,downloaded,34520,
2026-07-17,NSE,AXISBANK,raw_l2/trade_date=2026-07-17/exchange=NSE/symbol=AXISBANK/part-040325_175951-002530.parquet,real_data_sample\l2_unseen_validation\trade_date=2026-07-17\exchange=NSE\symbol=AXISBANK\part-040325_175951-002530.parquet,35953,downloaded,35953,
2026-07-17,NSE,AXISBANK,raw_l2/trade_date=2026-07-17/exchange=NSE/symbol=AXISBANK/part-035954_833166-002050.parquet,real_data_sample\l2_unseen_validation\trade_date=2026-07-17\exchange=NSE\symbol=AXISBANK\part-035954_833166-002050.parquet,34503,downloaded,34503,
2026-07-17,NSE,AXISBANK,raw_l2/trade_date=2026-07-17/exchange=NSE/symbol=AXISBANK/part-040339_325825-002562.parquet,real_data_sample\l2_unseen_validation\trade_date=2026-07-17\exchange=NSE\symbol=AXISBANK\part-040339_325825-002562.parquet,35828,downloaded,35828,
2026-07-17,NSE,AXISBANK,raw_l2/trade_date=2026-07-17/exchange=NSE/symbol=AXISBANK/part-040050_830325-002178.parquet,real_data_sample\l2_unseen_validation\trade_date=2026-07-17\exchange=NSE\symbol=AXISBANK\part-040050_830325-002178.parquet,34463,downloaded,34463,
2026-07-17,NSE,AXISBANK,raw_l2/trade_date=2026-07-17/exchange=NSE/symbol=AXISBANK/part-040435_583450-002690.parquet,real_data_sample\l2_unseen_validation\trade_date=2026-07-17\exchange=NSE\symbol=AXISBANK\part-040435_583450-002690.parquet,36128,downloaded,36128,
2026-07-17,NSE,AXISBANK,raw_l2/trade_date=2026-07-17/exchange=NSE/symbol=AXISBANK/part-040104_592599-002210.parquet,real_data_sample\l2_unseen_validation\trade_date=2026-07-17\exchange=NSE\symbol=AXISBANK\part-040104_592599-002210.parquet,34489,downloaded,34489,
2026-07-17,NSE,AXISBANK,raw_l2/trade_date=2026-07-17/exchange=NSE/symbol=AXISBANK/part-040242_103708-002434.parquet,real_data_sample\l2_unseen_validation\trade_date=2026-07-17\exchange=NSE\symbol=AXISBANK\part-040242_103708-002434.parquet,36432,downloaded,36432,
2026-07-17,NSE,AXISBANK,raw_l2/trade_date=2026-07-17/exchange=NSE/symbol=AXISBANK/part-040227_830010-002402.parquet,real_data_sample\l2_unseen_validation\trade_date=2026-07-17\exchange=NSE\symbol=AXISBANK\part-040227_830010-002402.parquet,36250,downloaded,36250,
2026-07-17,NSE,AXISBANK,raw_l2/trade_date=2026-07-17/exchange=NSE/symbol=AXISBANK/part-040311_082236-002498.parquet,real_data_sample\l2_unseen_validation\trade_date=2026-07-17\exchange=NSE\symbol=AXISBANK\part-040311_082236-002498.parquet,36275,downloaded,36275,
2026-07-17,NSE,AXISBANK,raw_l2/trade_date=2026-07-17/exchange=NSE/symbol=AXISBANK/part-040256_357775-002466.parquet,real_data_sample\l2_unseen_validation\trade_date=2026-07-17\exchange=NSE\symbol=AXISBANK\part-040256_357775-002466.parquet,35930,downloaded,35930,
2026-07-17,NSE,AXISBANK,raw_l2/trade_date=2026-07-17/exchange=NSE/symbol=AXISBANK/part-040449_574009-002722.parquet,real_data_sample\l2_unseen_validation\trade_date=2026-07-17\exchange=NSE\symbol=AXISBANK\part-040449_574009-002722.parquet,36041,downloaded,36041,
2026-07-17,NSE,AXISBANK,raw_l2/trade_date=2026-07-17/exchange=NSE/symbol=AXISBANK/part-040503_572965-002754.parquet,real_data_sample\l2_unseen_validation\trade_date=2026-07-17\exchange=NSE\symbol=AXISBANK\part-040503_572965-002754.parquet,36368,downloaded,36368,
2026-07-17,NSE,AXISBANK,raw_l2/trade_date=2026-07-17/exchange=NSE/symbol=AXISBANK/part-040407_600362-002626.parquet,real_data_sample\l2_unseen_validation\trade_date=2026-07-17\exchange=NSE\symbol=AXISBANK\part-040407_600362-002626.parquet,36232,downloaded,36232,
2026-07-17,NSE,AXISBANK,raw_l2/trade_date=2026-07-17/exchange=NSE/symbol=AXISBANK/part-040353_595285-002594.parquet,real_data_sample\l2_unseen_validation\trade_date=2026-07-17\exchange=NSE\symbol=AXISBANK\part-040353_595285-002594.parquet,36589,downloaded,36589,
2026-07-17,NSE,AXISBANK,raw_l2/trade_date=2026-07-17/exchange=NSE/symbol=AXISBANK/part-040421_584434-002658.parquet,real_data_sample\l2_unseen_validation\trade_date=2026-07-17\exchange=NSE\symbol=AXISBANK\part-040421_584434-002658.parquet,36165,downloaded,36165,
2026-07-17,NSE,AXISBANK,raw_l2/trade_date=2026-07-17/exchange=NSE/symbol=AXISBANK/part-040118_571385-002242.parquet,real_data_sample\l2_unseen_validation\trade_date=2026-07-17\exchange=NSE\symbol=AXISBANK\part-040118_571385-002242.parquet,35634,downloaded,35634,
2026-07-17,NSE,AXISBANK,raw_l2/trade_date=2026-07-17/exchange=NSE/symbol=AXISBANK/part-040132_331816-002274.parquet,real_data_sample\l2_unseen_validation\trade_date=2026-07-17\exchange=NSE\symbol=AXISBANK\part-040132_331816-002274.parquet,36237,downloaded,36237,
2026-07-17,NSE,AXISBANK,raw_l2/trade_date=2026-07-17/exchange=NSE/symbol=AXISBANK/part-040200_087684-002338.parquet,real_data_sample\l2_unseen_validation\trade_date=2026-07-17\exchange=NSE\symbol=AXISBANK\part-040200_087684-002338.parquet,35825,downloaded,35825,
2026-07-17,NSE,AXISBANK,raw_l2/trade_date=2026-07-17/exchange=NSE/symbol=AXISBANK/part-040146_082708-002306.parquet,real_data_sample\l2_unseen_validation\trade_date=2026-07-17\exchange=NSE\symbol=AXISBANK\part-040146_082708-002306.parquet,36255,downloaded,36255,
2026-07-17,NSE,AXISBANK,raw_l2/trade_date=2026-07-17/exchange=NSE/symbol=AXISBANK/part-040628_080862-002946.parquet,real_data_sample\l2_unseen_validation\trade_date=2026-07-17\exchange=NSE\symbol=AXISBANK\part-040628_080862-002946.parquet,34712,downloaded,34712,
2026-07-17,NSE,AXISBANK,raw_l2/trade_date=2026-07-17/exchange=NSE/symbol=AXISBANK/part-040641_849732-002978.parquet,real_data_sample\l2_unseen_validation\trade_date=2026-07-17\exchange=NSE\symbol=AXISBANK\part-040641_849732-002978.parquet,34673,downloaded,34673,
2026-07-17,NSE,AXISBANK,raw_l2/trade_date=2026-07-17/exchange=NSE/symbol=AXISBANK/part-040655_836811-003010.parquet,real_data_sample\l2_unseen_validation\trade_date=2026-07-17\exchange=NSE\symbol=AXISBANK\part-040655_836811-003010.parquet,34647,downloaded,34647,
2026-07-17,NSE,AXISBANK,raw_l2/trade_date=2026-07-17/exchange=NSE/symbol=AXISBANK/part-040532_080596-002818.parquet,real_data_sample\l2_unseen_validation\trade_date=2026-07-17\exchange=NSE\symbol=AXISBANK\part-040532_080596-002818.parquet,36146,downloaded,36146,
2026-07-17,NSE,AXISBANK,raw_l2/trade_date=2026-07-17/exchange=NSE/symbol=AXISBANK/part-040517_826282-002786.parquet,real_data_sample\l2_unseen_validation\trade_date=2026-07-17\exchange=NSE\symbol=AXISBANK\part-040517_826282-002786.parquet,35707,downloaded,35707,
2026-07-17,NSE,AXISBANK,raw_l2/trade_date=2026-07-17/exchange=NSE/symbol=AXISBANK/part-040546_074664-002850.parquet,real_data_sample\l2_unseen_validation\trade_date=2026-07-17\exchange=NSE\symbol=AXISBANK\part-040546_074664-002850.parquet,35699,downloaded,35699,
2026-07-17,NSE,AXISBANK,raw_l2/trade_date=2026-07-17/exchange=NSE/symbol=AXISBANK/part-040614_083144-002914.parquet,real_data_sample\l2_unseen_validation\trade_date=2026-07-17\exchange=NSE\symbol=AXISBANK\part-040614_083144-002914.parquet,35749,downloaded,35749,
2026-07-17,NSE,AXISBANK,raw_l2/trade_date=2026-07-17/exchange=NSE/symbol=AXISBANK/part-040600_095881-002882.parquet,real_data_sample\l2_unseen_validation\trade_date=2026-07-17\exchange=NSE\symbol=AXISBANK\part-040600_095881-002882.parquet,36262,downloaded,36262,
2026-07-17,NSE,AXISBANK,raw_l2/trade_date=2026-07-17/exchange=NSE/symbol=AXISBANK/part-040737_838122-003106.parquet,real_data_sample\l2_unseen_validation\trade_date=2026-07-17\exchange=NSE\symbol=AXISBANK\part-040737_838122-003106.parquet,35937,downloaded,35937,
2026-07-17,NSE,AXISBANK,raw_l2/trade_date=2026-07-17/exchange=NSE/symbol=AXISBANK/part-040752_077347-003138.parquet,real_data_sample\l2_unseen_validation\trade_date=2026-07-17\exchange=NSE\symbol=AXISBANK\part-040752_077347-003138.parquet,36668,downloaded,36668,
2026-07-17,NSE,AXISBANK,raw_l2/trade_date=2026-07-17/exchange=NSE/symbol=AXISBANK/part-040834_575806-003234.parquet,real_data_sample\l2_unseen_validation\trade_date=2026-07-17\exchange=NSE\symbol=AXISBANK\part-040834_575806-003234.parquet,36081,downloaded,36081,
2026-07-17,NSE,AXISBANK,raw_l2/trade_date=2026-07-17/exchange=NSE/symbol=AXISBANK/part-040917_093729-003330.parquet,real_data_sample\l2_unseen_validation\trade_date=2026-07-17\exchange=NSE\symbol=AXISBANK\part-040917_093729-003330.parquet,36211,downloaded,36211,
2026-07-17,NSE,AXISBANK,raw_l2/trade_date=2026-07-17/exchange=NSE/symbol=AXISBANK/part-040709_833773-003042.parquet,real_data_sample\l2_unseen_validation\trade_date=2026-07-17\exchange=NSE\symbol=AXISBANK\part-040709_833773-003042.parquet,34706,downloaded,34706,
2026-07-17,NSE,AXISBANK,raw_l2/trade_date=2026-07-17/exchange=NSE/symbol=AXISBANK/part-040903_130609-003298.parquet,real_data_sample\l2_unseen_validation\trade_date=2026-07-17\exchange=NSE\symbol=AXISBANK\part-040903_130609-003298.parquet,36104,downloaded,36104,
2026-07-17,NSE,AXISBANK,raw_l2/trade_date=2026-07-17/exchange=NSE/symbol=AXISBANK/part-040723_854601-003074.parquet,real_data_sample\l2_unseen_validation\trade_date=2026-07-17\exchange=NSE\symbol=AXISBANK\part-040723_854601-003074.parquet,36251,downloaded,36251,
2026-07-17,NSE,AXISBANK,raw_l2/trade_date=2026-07-17/exchange=NSE/symbol=AXISBANK/part-041206_641121-003714.parquet,real_data_sample\l2_unseen_validation\trade_date=2026-07-17\exchange=NSE\symbol=AXISBANK\part-041206_641121-003714.parquet,36341,downloaded,36341,
2026-07-17,NSE,AXISBANK,raw_l2/trade_date=2026-07-17/exchange=NSE/symbol=AXISBANK/part-041152_605672-003682.parquet,real_data_sample\l2_unseen_validation\trade_date=2026-07-17\exchange=NSE\symbol=AXISBANK\part-041152_605672-003682.parquet,35747,downloaded,35747,
2026-07-17,NSE,AXISBANK,raw_l2/trade_date=2026-07-17/exchange=NSE/symbol=AXISBANK/part-040848_827809-003266.parquet,real_data_sample\l2_unseen_validation\trade_date=2026-07-17\exchange=NSE\symbol=AXISBANK\part-040848_827809-003266.parquet,36306,downloaded,36306,
2026-07-17,NSE,AXISBANK,raw_l2/trade_date=2026-07-17/exchange=NSE/symbol=AXISBANK/part-040820_144671-003202.parquet,real_data_sample\l2_unseen_validation\trade_date=2026-07-17\exchange=NSE\symbol=AXISBANK\part-040820_144671-003202.parquet,36174,downloaded,36174,
2026-07-17,NSE,AXISBANK,raw_l2/trade_date=2026-07-17/exchange=NSE/symbol=AXISBANK/part-041220_585051-003746.parquet,real_data_sample\l2_unseen_validation\trade_date=2026-07-17\exchange=NSE\symbol=AXISBANK\part-041220_585051-003746.parquet,35976,downloaded,35976,
2026-07-17,NSE,AXISBANK,raw_l2/trade_date=2026-07-17/exchange=NSE/symbol=AXISBANK/part-041042_372186-003522.parquet,real_data_sample\l2_unseen_validation\trade_date=2026-07-17\exchange=NSE\symbol=AXISBANK\part-041042_372186-003522.parquet,36317,downloaded,36317,
2026-07-17,NSE,AXISBANK,raw_l2/trade_date=2026-07-17/exchange=NSE/symbol=AXISBANK/part-040806_086406-003170.parquet,real_data_sample\l2_unseen_validation\trade_date=2026-07-17\exchange=NSE\symbol=AXISBANK\part-040806_086406-003170.parquet,36167,downloaded,36167,
2026-07-17,NSE,AXISBANK,raw_l2/trade_date=2026-07-17/exchange=NSE/symbol=AXISBANK/part-041000_101926-003426.parquet,real_data_sample\l2_unseen_validation\trade_date=2026-07-17\exchange=NSE\symbol=AXISBANK\part-041000_101926-003426.parquet,35798,downloaded,35798,
2026-07-17,NSE,AXISBANK,raw_l2/trade_date=2026-07-17/exchange=NSE/symbol=AXISBANK/part-041056_633275-003554.parquet,real_data_sample\l2_unseen_validation\trade_date=2026-07-17\exchange=NSE\symbol=AXISBANK\part-041056_633275-003554.parquet,36379,downloaded,36379,
2026-07-17,NSE,AXISBANK,raw_l2/trade_date=2026-07-17/exchange=NSE/symbol=AXISBANK/part-040931_362255-003362.parquet,real_data_sample\l2_unseen_validation\trade_date=2026-07-17\exchange=NSE\symbol=AXISBANK\part-040931_362255-003362.parquet,36346,downloaded,36346,
2026-07-17,NSE,AXISBANK,raw_l2/trade_date=2026-07-17/exchange=NSE/symbol=AXISBANK/part-041138_586653-003650.parquet,real_data_sample\l2_unseen_validation\trade_date=2026-07-17\exchange=NSE\symbol=AXISBANK\part-041138_586653-003650.parquet,36330,downloaded,36330,
2026-07-17,NSE,AXISBANK,raw_l2/trade_date=2026-07-17/exchange=NSE/symbol=AXISBANK/part-041028_149568-003490.parquet,real_data_sample\l2_unseen_validation\trade_date=2026-07-17\exchange=NSE\symbol=AXISBANK\part-041028_149568-003490.parquet,36197,downloaded,36197,
2026-07-17,NSE,AXISBANK,raw_l2/trade_date=2026-07-17/exchange=NSE/symbol=AXISBANK/part-041124_827671-003618.parquet,real_data_sample\l2_unseen_validation\trade_date=2026-07-17\exchange=NSE\symbol=AXISBANK\part-041124_827671-003618.parquet,36139,downloaded,36139,
2026-07-17,NSE,AXISBANK,raw_l2/trade_date=2026-07-17/exchange=NSE/symbol=AXISBANK/part-041014_138698-003458.parquet,real_data_sample\l2_unseen_validation\trade_date=2026-07-17\exchange=NSE\symbol=AXISBANK\part-041014_138698-003458.parquet,35979,downloaded,35979,
2026-07-17,NSE,AXISBANK,raw_l2/trade_date=2026-07-17/exchange=NSE/symbol=AXISBANK/part-040945_835044-003394.parquet,real_data_sample\l2_unseen_validation\trade_date=2026-07-17\exchange=NSE\symbol=AXISBANK\part-040945_835044-003394.parquet,36415,downloaded,36415,
2026-07-17,NSE,AXISBANK,raw_l2/trade_date=2026-07-17/exchange=NSE/symbol=AXISBANK/part-041110_826263-003586.parquet,real_data_sample\l2_unseen_validation\trade_date=2026-07-17\exchange=NSE\symbol=AXISBANK\part-041110_826263-003586.parquet,36463,downloaded,36463,
2026-07-17,NSE,AXISBANK,raw_l2/trade_date=2026-07-17/exchange=NSE/symbol=AXISBANK/part-041248_334896-003810.parquet,real_data_sample\l2_unseen_validation\trade_date=2026-07-17\exchange=NSE\symbol=AXISBANK\part-041248_334896-003810.parquet,35831,downloaded,35831,
2026-07-17,NSE,AXISBANK,raw_l2/trade_date=2026-07-17/exchange=NSE/symbol=AXISBANK/part-041426_353139-004034.parquet,real_data_sample\l2_unseen_validation\trade_date=2026-07-17\exchange=NSE\symbol=AXISBANK\part-041426_353139-004034.parquet,35856,downloaded,35856,
2026-07-17,NSE,AXISBANK,raw_l2/trade_date=2026-07-17/exchange=NSE/symbol=AXISBANK/part-041234_335633-003778.parquet,real_data_sample\l2_unseen_validation\trade_date=2026-07-17\exchange=NSE\symbol=AXISBANK\part-041234_335633-003778.parquet,36137,downloaded,36137,
2026-07-17,NSE,AXISBANK,raw_l2/trade_date=2026-07-17/exchange=NSE/symbol=AXISBANK/part-041316_081267-003874.parquet,real_data_sample\l2_unseen_validation\trade_date=2026-07-17\exchange=NSE\symbol=AXISBANK\part-041316_081267-003874.parquet,36385,downloaded,36385,
2026-07-17,NSE,AXISBANK,raw_l2/trade_date=2026-07-17/exchange=NSE/symbol=AXISBANK/part-041302_089733-003842.parquet,real_data_sample\l2_unseen_validation\trade_date=2026-07-17\exchange=NSE\symbol=AXISBANK\part-041302_089733-003842.parquet,35344,downloaded,35344,
2026-07-17,NSE,AXISBANK,raw_l2/trade_date=2026-07-17/exchange=NSE/symbol=AXISBANK/part-041330_133734-003906.parquet,real_data_sample\l2_unseen_validation\trade_date=2026-07-17\exchange=NSE\symbol=AXISBANK\part-041330_133734-003906.parquet,36419,downloaded,36419,
2026-07-17,NSE,AXISBANK,raw_l2/trade_date=2026-07-17/exchange=NSE/symbol=AXISBANK/part-041344_133402-003938.parquet,real_data_sample\l2_unseen_validation\trade_date=2026-07-17\exchange=NSE\symbol=AXISBANK\part-041344_133402-003938.parquet,35955,downloaded,35955,
2026-07-17,NSE,AXISBANK,raw_l2/trade_date=2026-07-17/exchange=NSE/symbol=AXISBANK/part-041412_335781-004002.parquet,real_data_sample\l2_unseen_validation\trade_date=2026-07-17\exchange=NSE\symbol=AXISBANK\part-041412_335781-004002.parquet,36236,downloaded,36236,
2026-07-17,NSE,AXISBANK,raw_l2/trade_date=2026-07-17/exchange=NSE/symbol=AXISBANK/part-041358_094361-003970.parquet,real_data_sample\l2_unseen_validation\trade_date=2026-07-17\exchange=NSE\symbol=AXISBANK\part-041358_094361-003970.parquet,36620,downloaded,36620,
2026-07-17,NSE,AXISBANK,raw_l2/trade_date=2026-07-17/exchange=NSE/symbol=AXISBANK/part-041522_105094-004162.parquet,real_data_sample\l2_unseen_validation\trade_date=2026-07-17\exchange=NSE\symbol=AXISBANK\part-041522_105094-004162.parquet,36257,downloaded,36257,
2026-07-17,NSE,AXISBANK,raw_l2/trade_date=2026-07-17/exchange=NSE/symbol=AXISBANK/part-041440_346872-004066.parquet,real_data_sample\l2_unseen_validation\trade_date=2026-07-17\exchange=NSE\symbol=AXISBANK\part-041440_346872-004066.parquet,36094,downloaded,36094,
2026-07-17,NSE,AXISBANK,raw_l2/trade_date=2026-07-17/exchange=NSE/symbol=AXISBANK/part-041508_338497-004130.parquet,real_data_sample\l2_unseen_validation\trade_date=2026-07-17\exchange=NSE\symbol=AXISBANK\part-041508_338497-004130.parquet,36303,downloaded,36303,
2026-07-17,NSE,AXISBANK,raw_l2/trade_date=2026-07-17/exchange=NSE/symbol=AXISBANK/part-041454_330309-004098.parquet,real_data_sample\l2_unseen_validation\trade_date=2026-07-17\exchange=NSE\symbol=AXISBANK\part-041454_330309-004098.parquet,35710,downloaded,35710,
2026-07-17,NSE,AXISBANK,raw_l2/trade_date=2026-07-17/exchange=NSE/symbol=AXISBANK/part-041536_074101-004194.parquet,real_data_sample\l2_unseen_validation\trade_date=2026-07-17\exchange=NSE\symbol=AXISBANK\part-041536_074101-004194.parquet,36180,downloaded,36180,
2026-07-17,NSE,AXISBANK,raw_l2/trade_date=2026-07-17/exchange=NSE/symbol=AXISBANK/part-041550_882571-004226.parquet,real_data_sample\l2_unseen_validation\trade_date=2026-07-17\exchange=NSE\symbol=AXISBANK\part-041550_882571-004226.parquet,36404,downloaded,36404,
2026-07-17,NSE,AXISBANK,raw_l2/trade_date=2026-07-17/exchange=NSE/symbol=AXISBANK/part-041605_082736-004258.parquet,real_data_sample\l2_unseen_validation\trade_date=2026-07-17\exchange=NSE\symbol=AXISBANK\part-041605_082736-004258.parquet,36157,downloaded,36157,
2026-07-17,NSE,AXISBANK,raw_l2/trade_date=2026-07-17/exchange=NSE/symbol=AXISBANK/part-041618_826096-004290.parquet,real_data_sample\l2_unseen_validation\trade_date=2026-07-17\exchange=NSE\symbol=AXISBANK\part-041618_826096-004290.parquet,36072,downloaded,36072,
2026-07-17,NSE,AXISBANK,raw_l2/trade_date=2026-07-17/exchange=NSE/symbol=AXISBANK/part-041632_581220-004322.parquet,real_data_sample\l2_unseen_validation\trade_date=2026-07-17\exchange=NSE\symbol=AXISBANK\part-041632_581220-004322.parquet,35415,downloaded,35415,
2026-07-17,NSE,AXISBANK,raw_l2/trade_date=2026-07-17/exchange=NSE/symbol=AXISBANK/part-041742_326203-004482.parquet,real_data_sample\l2_unseen_validation\trade_date=2026-07-17\exchange=NSE\symbol=AXISBANK\part-041742_326203-004482.parquet,35217,downloaded,35217,
2026-07-17,NSE,AXISBANK,raw_l2/trade_date=2026-07-17/exchange=NSE/symbol=AXISBANK/part-041714_077030-004418.parquet,real_data_sample\l2_unseen_validation\trade_date=2026-07-17\exchange=NSE\symbol=AXISBANK\part-041714_077030-004418.parquet,35846,downloaded,35846,
2026-07-17,NSE,AXISBANK,raw_l2/trade_date=2026-07-17/exchange=NSE/symbol=AXISBANK/part-041700_333063-004386.parquet,real_data_sample\l2_unseen_validation\trade_date=2026-07-17\exchange=NSE\symbol=AXISBANK\part-041700_333063-004386.parquet,35806,downloaded,35806,
2026-07-17,NSE,AXISBANK,raw_l2/trade_date=2026-07-17/exchange=NSE/symbol=AXISBANK/part-041646_351162-004354.parquet,real_data_sample\l2_unseen_validation\trade_date=2026-07-17\exchange=NSE\symbol=AXISBANK\part-041646_351162-004354.parquet,35492,downloaded,35492,
2026-07-17,NSE,AXISBANK,raw_l2/trade_date=2026-07-17/exchange=NSE/symbol=AXISBANK/part-042111_588629-004962.parquet,real_data_sample\l2_unseen_validation\trade_date=2026-07-17\exchange=NSE\symbol=AXISBANK\part-042111_588629-004962.parquet,34615,downloaded,34615,
2026-07-17,NSE,AXISBANK,raw_l2/trade_date=2026-07-17/exchange=NSE/symbol=AXISBANK/part-042125_342625-004994.parquet,real_data_sample\l2_unseen_validation\trade_date=2026-07-17\exchange=NSE\symbol=AXISBANK\part-042125_342625-004994.parquet,34718,downloaded,34718,
2026-07-17,NSE,AXISBANK,raw_l2/trade_date=2026-07-17/exchange=NSE/symbol=AXISBANK/part-041934_351632-004738.parquet,real_data_sample\l2_unseen_validation\trade_date=2026-07-17\exchange=NSE\symbol=AXISBANK\part-041934_351632-004738.parquet,35091,downloaded,35091,
2026-07-17,NSE,AXISBANK,raw_l2/trade_date=2026-07-17/exchange=NSE/symbol=AXISBANK/part-042016_336415-004834.parquet,real_data_sample\l2_unseen_validation\trade_date=2026-07-17\exchange=NSE\symbol=AXISBANK\part-042016_336415-004834.parquet,34884,downloaded,34884,
2026-07-17,NSE,AXISBANK,raw_l2/trade_date=2026-07-17/exchange=NSE/symbol=AXISBANK/part-042057_840275-004930.parquet,real_data_sample\l2_unseen_validation\trade_date=2026-07-17\exchange=NSE\symbol=AXISBANK\part-042057_840275-004930.parquet,34481,downloaded,34481,
2026-07-17,NSE,AXISBANK,raw_l2/trade_date=2026-07-17/exchange=NSE/symbol=AXISBANK/part-042002_347689-004802.parquet,real_data_sample\l2_unseen_validation\trade_date=2026-07-17\exchange=NSE\symbol=AXISBANK\part-042002_347689-004802.parquet,35251,downloaded,35251,
2026-07-17,NSE,AXISBANK,raw_l2/trade_date=2026-07-17/exchange=NSE/symbol=AXISBANK/part-042221_575658-005122.parquet,real_data_sample\l2_unseen_validation\trade_date=2026-07-17\exchange=NSE\symbol=AXISBANK\part-042221_575658-005122.parquet,35714,downloaded,35714,
2026-07-17,NSE,AXISBANK,raw_l2/trade_date=2026-07-17/exchange=NSE/symbol=AXISBANK/part-041920_115361-004706.parquet,real_data_sample\l2_unseen_validation\trade_date=2026-07-17\exchange=NSE\symbol=AXISBANK\part-041920_115361-004706.parquet,35331,downloaded,35331,
2026-07-17,NSE,AXISBANK,raw_l2/trade_date=2026-07-17/exchange=NSE/symbol=AXISBANK/part-042044_134690-004898.parquet,real_data_sample\l2_unseen_validation\trade_date=2026-07-17\exchange=NSE\symbol=AXISBANK\part-042044_134690-004898.parquet,34699,downloaded,34699,
2026-07-17,NSE,AXISBANK,raw_l2/trade_date=2026-07-17/exchange=NSE/symbol=AXISBANK/part-042030_123141-004866.parquet,real_data_sample\l2_unseen_validation\trade_date=2026-07-17\exchange=NSE\symbol=AXISBANK\part-042030_123141-004866.parquet,34619,downloaded,34619,
2026-07-17,NSE,AXISBANK,raw_l2/trade_date=2026-07-17/exchange=NSE/symbol=AXISBANK/part-042207_589467-005090.parquet,real_data_sample\l2_unseen_validation\trade_date=2026-07-17\exchange=NSE\symbol=AXISBANK\part-042207_589467-005090.parquet,34407,downloaded,34407,
2026-07-17,NSE,AXISBANK,raw_l2/trade_date=2026-07-17/exchange=NSE/symbol=AXISBANK/part-041948_342718-004770.parquet,real_data_sample\l2_unseen_validation\trade_date=2026-07-17\exchange=NSE\symbol=AXISBANK\part-041948_342718-004770.parquet,35738,downloaded,35738,
2026-07-17,NSE,AXISBANK,raw_l2/trade_date=2026-07-17/exchange=NSE/symbol=AXISBANK/part-042139_591105-005026.parquet,real_data_sample\l2_unseen_validation\trade_date=2026-07-17\exchange=NSE\symbol=AXISBANK\part-042139_591105-005026.parquet,34494,downloaded,34494,
2026-07-17,NSE,AXISBANK,raw_l2/trade_date=2026-07-17/exchange=NSE/symbol=AXISBANK/part-041837_335989-004610.parquet,real_data_sample\l2_unseen_validation\trade_date=2026-07-17\exchange=NSE\symbol=AXISBANK\part-041837_335989-004610.parquet,34494,downloaded,34494,
2026-07-17,NSE,AXISBANK,raw_l2/trade_date=2026-07-17/exchange=NSE/symbol=AXISBANK/part-041851_130333-004642.parquet,real_data_sample\l2_unseen_validation\trade_date=2026-07-17\exchange=NSE\symbol=AXISBANK\part-041851_130333-004642.parquet,34683,downloaded,34683,
2026-07-17,NSE,AXISBANK,raw_l2/trade_date=2026-07-17/exchange=NSE/symbol=AXISBANK/part-041728_332484-004450.parquet,real_data_sample\l2_unseen_validation\trade_date=2026-07-17\exchange=NSE\symbol=AXISBANK\part-041728_332484-004450.parquet,35793,downloaded,35793,
2026-07-17,NSE,AXISBANK,raw_l2/trade_date=2026-07-17/exchange=NSE/symbol=AXISBANK/part-041905_852088-004674.parquet,real_data_sample\l2_unseen_validation\trade_date=2026-07-17\exchange=NSE\symbol=AXISBANK\part-041905_852088-004674.parquet,34623,downloaded,34623,
2026-07-17,NSE,AXISBANK,raw_l2/trade_date=2026-07-17/exchange=NSE/symbol=AXISBANK/part-041756_081065-004514.parquet,real_data_sample\l2_unseen_validation\trade_date=2026-07-17\exchange=NSE\symbol=AXISBANK\part-041756_081065-004514.parquet,35246,downloaded,35246,
2026-07-17,NSE,AXISBANK,raw_l2/trade_date=2026-07-17/exchange=NSE/symbol=AXISBANK/part-042153_588353-005058.parquet,real_data_sample\l2_unseen_validation\trade_date=2026-07-17\exchange=NSE\symbol=AXISBANK\part-042153_588353-005058.parquet,34741,downloaded,34741,
2026-07-17,NSE,AXISBANK,raw_l2/trade_date=2026-07-17/exchange=NSE/symbol=AXISBANK/part-042235_590921-005154.parquet,real_data_sample\l2_unseen_validation\trade_date=2026-07-17\exchange=NSE\symbol=AXISBANK\part-042235_590921-005154.parquet,35478,downloaded,35478,
2026-07-17,NSE,AXISBANK,raw_l2/trade_date=2026-07-17/exchange=NSE/symbol=AXISBANK/part-041823_578010-004578.parquet,real_data_sample\l2_unseen_validation\trade_date=2026-07-17\exchange=NSE\symbol=AXISBANK\part-041823_578010-004578.parquet,34762,downloaded,34762,
2026-07-17,NSE,AXISBANK,raw_l2/trade_date=2026-07-17/exchange=NSE/symbol=AXISBANK/part-041809_825155-004546.parquet,real_data_sample\l2_unseen_validation\trade_date=2026-07-17\exchange=NSE\symbol=AXISBANK\part-041809_825155-004546.parquet,35768,downloaded,35768,
2026-07-17,NSE,AXISBANK,raw_l2/trade_date=2026-07-17/exchange=NSE/symbol=AXISBANK/part-042249_365899-005186.parquet,real_data_sample\l2_unseen_validation\trade_date=2026-07-17\exchange=NSE\symbol=AXISBANK\part-042249_365899-005186.parquet,35344,downloaded,35344,
2026-07-17,NSE,AXISBANK,raw_l2/trade_date=2026-07-17/exchange=NSE/symbol=AXISBANK/part-042303_334663-005218.parquet,real_data_sample\l2_unseen_validation\trade_date=2026-07-17\exchange=NSE\symbol=AXISBANK\part-042303_334663-005218.parquet,35396,downloaded,35396,
2026-07-17,NSE,AXISBANK,raw_l2/trade_date=2026-07-17/exchange=NSE/symbol=AXISBANK/part-042317_337603-005250.parquet,real_data_sample\l2_unseen_validation\trade_date=2026-07-17\exchange=NSE\symbol=AXISBANK\part-042317_337603-005250.parquet,34987,downloaded,34987,
2026-07-17,NSE,AXISBANK,raw_l2/trade_date=2026-07-17/exchange=NSE/symbol=AXISBANK/part-042331_328445-005282.parquet,real_data_sample\l2_unseen_validation\trade_date=2026-07-17\exchange=NSE\symbol=AXISBANK\part-042331_328445-005282.parquet,34596,downloaded,34596,
2026-07-17,NSE,AXISBANK,raw_l2/trade_date=2026-07-17/exchange=NSE/symbol=AXISBANK/part-042359_337784-005346.parquet,real_data_sample\l2_unseen_validation\trade_date=2026-07-17\exchange=NSE\symbol=AXISBANK\part-042359_337784-005346.parquet,34688,downloaded,34688,
2026-07-17,NSE,AXISBANK,raw_l2/trade_date=2026-07-17/exchange=NSE/symbol=AXISBANK/part-042345_337082-005314.parquet,real_data_sample\l2_unseen_validation\trade_date=2026-07-17\exchange=NSE\symbol=AXISBANK\part-042345_337082-005314.parquet,34585,downloaded,34585,
2026-07-17,NSE,AXISBANK,raw_l2/trade_date=2026-07-17/exchange=NSE/symbol=AXISBANK/part-042413_083071-005378.parquet,real_data_sample\l2_unseen_validation\trade_date=2026-07-17\exchange=NSE\symbol=AXISBANK\part-042413_083071-005378.parquet,35314,downloaded,35314,
2026-07-17,NSE,AXISBANK,raw_l2/trade_date=2026-07-17/exchange=NSE/symbol=AXISBANK/part-042427_086584-005410.parquet,real_data_sample\l2_unseen_validation\trade_date=2026-07-17\exchange=NSE\symbol=AXISBANK\part-042427_086584-005410.parquet,35814,downloaded,35814,
2026-07-17,NSE,AXISBANK,raw_l2/trade_date=2026-07-17/exchange=NSE/symbol=AXISBANK/part-042441_080592-005442.parquet,real_data_sample\l2_unseen_validation\trade_date=2026-07-17\exchange=NSE\symbol=AXISBANK\part-042441_080592-005442.parquet,35713,downloaded,35713,
2026-07-17,NSE,AXISBANK,raw_l2/trade_date=2026-07-17/exchange=NSE/symbol=AXISBANK/part-042508_587957-005506.parquet,real_data_sample\l2_unseen_validation\trade_date=2026-07-17\exchange=NSE\symbol=AXISBANK\part-042508_587957-005506.parquet,36134,downloaded,36134,
2026-07-17,NSE,AXISBANK,raw_l2/trade_date=2026-07-17/exchange=NSE/symbol=AXISBANK/part-042522_352625-005538.parquet,real_data_sample\l2_unseen_validation\trade_date=2026-07-17\exchange=NSE\symbol=AXISBANK\part-042522_352625-005538.parquet,35817,downloaded,35817,
2026-07-17,NSE,AXISBANK,raw_l2/trade_date=2026-07-17/exchange=NSE/symbol=AXISBANK/part-042454_825830-005474.parquet,real_data_sample\l2_unseen_validation\trade_date=2026-07-17\exchange=NSE\symbol=AXISBANK\part-042454_825830-005474.parquet,35824,downloaded,35824,
2026-07-17,NSE,AXISBANK,raw_l2/trade_date=2026-07-17/exchange=NSE/symbol=AXISBANK/part-042536_585847-005570.parquet,real_data_sample\l2_unseen_validation\trade_date=2026-07-17\exchange=NSE\symbol=AXISBANK\part-042536_585847-005570.parquet,35848,downloaded,35848,
2026-07-17,NSE,AXISBANK,raw_l2/trade_date=2026-07-17/exchange=NSE/symbol=AXISBANK/part-043044_092756-006274.parquet,real_data_sample\l2_unseen_validation\trade_date=2026-07-17\exchange=NSE\symbol=AXISBANK\part-043044_092756-006274.parquet,35332,downloaded,35332,
2026-07-17,NSE,AXISBANK,raw_l2/trade_date=2026-07-17/exchange=NSE/symbol=AXISBANK/part-043126_086864-006370.parquet,real_data_sample\l2_unseen_validation\trade_date=2026-07-17\exchange=NSE\symbol=AXISBANK\part-043126_086864-006370.parquet,34654,downloaded,34654,
2026-07-17,NSE,AXISBANK,raw_l2/trade_date=2026-07-17/exchange=NSE/symbol=AXISBANK/part-042728_853974-005826.parquet,real_data_sample\l2_unseen_validation\trade_date=2026-07-17\exchange=NSE\symbol=AXISBANK\part-042728_853974-005826.parquet,36027,downloaded,36027,
2026-07-17,NSE,AXISBANK,raw_l2/trade_date=2026-07-17/exchange=NSE/symbol=AXISBANK/part-042632_848952-005698.parquet,real_data_sample\l2_unseen_validation\trade_date=2026-07-17\exchange=NSE\symbol=AXISBANK\part-042632_848952-005698.parquet,35465,downloaded,35465,
2026-07-17,NSE,AXISBANK,raw_l2/trade_date=2026-07-17/exchange=NSE/symbol=AXISBANK/part-042838_342646-005986.parquet,real_data_sample\l2_unseen_validation\trade_date=2026-07-17\exchange=NSE\symbol=AXISBANK\part-042838_342646-005986.parquet,36103,downloaded,36103,
2026-07-17,NSE,AXISBANK,raw_l2/trade_date=2026-07-17/exchange=NSE/symbol=AXISBANK/part-043057_839705-006306.parquet,real_data_sample\l2_unseen_validation\trade_date=2026-07-17\exchange=NSE\symbol=AXISBANK\part-043057_839705-006306.parquet,35730,downloaded,35730,
2026-07-17,NSE,AXISBANK,raw_l2/trade_date=2026-07-17/exchange=NSE/symbol=AXISBANK/part-043111_835780-006338.parquet,real_data_sample\l2_unseen_validation\trade_date=2026-07-17\exchange=NSE\symbol=AXISBANK\part-043111_835780-006338.parquet,35855,downloaded,35855,
2026-07-17,NSE,AXISBANK,raw_l2/trade_date=2026-07-17/exchange=NSE/symbol=AXISBANK/part-042700_851107-005762.parquet,real_data_sample\l2_unseen_validation\trade_date=2026-07-17\exchange=NSE\symbol=AXISBANK\part-042700_851107-005762.parquet,36150,downloaded,36150,
2026-07-17,NSE,AXISBANK,raw_l2/trade_date=2026-07-17/exchange=NSE/symbol=AXISBANK/part-042756_594486-005890.parquet,real_data_sample\l2_unseen_validation\trade_date=2026-07-17\exchange=NSE\symbol=AXISBANK\part-042756_594486-005890.parquet,35836,downloaded,35836,
2026-07-17,NSE,AXISBANK,raw_l2/trade_date=2026-07-17/exchange=NSE/symbol=AXISBANK/part-042920_098331-006082.parquet,real_data_sample\l2_unseen_validation\trade_date=2026-07-17\exchange=NSE\symbol=AXISBANK\part-042920_098331-006082.parquet,35737,downloaded,35737,
2026-07-17,NSE,AXISBANK,raw_l2/trade_date=2026-07-17/exchange=NSE/symbol=AXISBANK/part-042618_599498-005666.parquet,real_data_sample\l2_unseen_validation\trade_date=2026-07-17\exchange=NSE\symbol=AXISBANK\part-042618_599498-005666.parquet,35762,downloaded,35762,
2026-07-17,NSE,AXISBANK,raw_l2/trade_date=2026-07-17/exchange=NSE/symbol=AXISBANK/part-042714_860629-005794.parquet,real_data_sample\l2_unseen_validation\trade_date=2026-07-17\exchange=NSE\symbol=AXISBANK\part-042714_860629-005794.parquet,35774,downloaded,35774,
2026-07-17,NSE,AXISBANK,raw_l2/trade_date=2026-07-17/exchange=NSE/symbol=AXISBANK/part-042550_573086-005602.parquet,real_data_sample\l2_unseen_validation\trade_date=2026-07-17\exchange=NSE\symbol=AXISBANK\part-042550_573086-005602.parquet,35715,downloaded,35715,
2026-07-17,NSE,AXISBANK,raw_l2/trade_date=2026-07-17/exchange=NSE/symbol=AXISBANK/part-042604_608965-005634.parquet,real_data_sample\l2_unseen_validation\trade_date=2026-07-17\exchange=NSE\symbol=AXISBANK\part-042604_608965-005634.parquet,35328,downloaded,35328,
2026-07-17,NSE,AXISBANK,raw_l2/trade_date=2026-07-17/exchange=NSE/symbol=AXISBANK/part-042646_838461-005730.parquet,real_data_sample\l2_unseen_validation\trade_date=2026-07-17\exchange=NSE\symbol=AXISBANK\part-042646_838461-005730.parquet,36372,downloaded,36372,
2026-07-17,NSE,AXISBANK,raw_l2/trade_date=2026-07-17/exchange=NSE/symbol=AXISBANK/part-042906_097908-006050.parquet,real_data_sample\l2_unseen_validation\trade_date=2026-07-17\exchange=NSE\symbol=AXISBANK\part-042906_097908-006050.parquet,36022,downloaded,36022,
2026-07-17,NSE,AXISBANK,raw_l2/trade_date=2026-07-17/exchange=NSE/symbol=AXISBANK/part-042824_377493-005954.parquet,real_data_sample\l2_unseen_validation\trade_date=2026-07-17\exchange=NSE\symbol=AXISBANK\part-042824_377493-005954.parquet,35967,downloaded,35967,
2026-07-17,NSE,AXISBANK,raw_l2/trade_date=2026-07-17/exchange=NSE/symbol=AXISBANK/part-042810_331060-005922.parquet,real_data_sample\l2_unseen_validation\trade_date=2026-07-17\exchange=NSE\symbol=AXISBANK\part-042810_331060-005922.parquet,36133,downloaded,36133,
2026-07-17,NSE,AXISBANK,raw_l2/trade_date=2026-07-17/exchange=NSE/symbol=AXISBANK/part-043140_092696-006402.parquet,real_data_sample\l2_unseen_validation\trade_date=2026-07-17\exchange=NSE\symbol=AXISBANK\part-043140_092696-006402.parquet,34434,downloaded,34434,
2026-07-17,NSE,AXISBANK,raw_l2/trade_date=2026-07-17/exchange=NSE/symbol=AXISBANK/part-042742_825923-005858.parquet,real_data_sample\l2_unseen_validation\trade_date=2026-07-17\exchange=NSE\symbol=AXISBANK\part-042742_825923-005858.parquet,36143,downloaded,36143,
2026-07-17,NSE,AXISBANK,raw_l2/trade_date=2026-07-17/exchange=NSE/symbol=AXISBANK/part-042852_343712-006018.parquet,real_data_sample\l2_unseen_validation\trade_date=2026-07-17\exchange=NSE\symbol=AXISBANK\part-042852_343712-006018.parquet,35819,downloaded,35819,
2026-07-17,NSE,AXISBANK,raw_l2/trade_date=2026-07-17/exchange=NSE/symbol=AXISBANK/part-043016_347912-006210.parquet,real_data_sample\l2_unseen_validation\trade_date=2026-07-17\exchange=NSE\symbol=AXISBANK\part-043016_347912-006210.parquet,36381,downloaded,36381,
2026-07-17,NSE,AXISBANK,raw_l2/trade_date=2026-07-17/exchange=NSE/symbol=AXISBANK/part-042934_100707-006114.parquet,real_data_sample\l2_unseen_validation\trade_date=2026-07-17\exchange=NSE\symbol=AXISBANK\part-042934_100707-006114.parquet,35684,downloaded,35684,
2026-07-17,NSE,AXISBANK,raw_l2/trade_date=2026-07-17/exchange=NSE/symbol=AXISBANK/part-043002_102812-006178.parquet,real_data_sample\l2_unseen_validation\trade_date=2026-07-17\exchange=NSE\symbol=AXISBANK\part-043002_102812-006178.parquet,35578,downloaded,35578,
2026-07-17,NSE,AXISBANK,raw_l2/trade_date=2026-07-17/exchange=NSE/symbol=AXISBANK/part-043030_346068-006242.parquet,real_data_sample\l2_unseen_validation\trade_date=2026-07-17\exchange=NSE\symbol=AXISBANK\part-043030_346068-006242.parquet,36096,downloaded,36096,
2026-07-17,NSE,AXISBANK,raw_l2/trade_date=2026-07-17/exchange=NSE/symbol=AXISBANK/part-042948_093980-006146.parquet,real_data_sample\l2_unseen_validation\trade_date=2026-07-17\exchange=NSE\symbol=AXISBANK\part-042948_093980-006146.parquet,36190,downloaded,36190,
2026-07-17,NSE,AXISBANK,raw_l2/trade_date=2026-07-17/exchange=NSE/symbol=AXISBANK/part-043222_327741-006498.parquet,real_data_sample\l2_unseen_validation\trade_date=2026-07-17\exchange=NSE\symbol=AXISBANK\part-043222_327741-006498.parquet,34916,downloaded,34916,
2026-07-17,NSE,AXISBANK,raw_l2/trade_date=2026-07-17/exchange=NSE/symbol=AXISBANK/part-043208_085780-006466.parquet,real_data_sample\l2_unseen_validation\trade_date=2026-07-17\exchange=NSE\symbol=AXISBANK\part-043208_085780-006466.parquet,34725,downloaded,34725,
2026-07-17,NSE,AXISBANK,raw_l2/trade_date=2026-07-17/exchange=NSE/symbol=AXISBANK/part-043154_079800-006434.parquet,real_data_sample\l2_unseen_validation\trade_date=2026-07-17\exchange=NSE\symbol=AXISBANK\part-043154_079800-006434.parquet,34391,downloaded,34391,
2026-07-17,NSE,AXISBANK,raw_l2/trade_date=2026-07-17/exchange=NSE/symbol=AXISBANK/part-043236_583039-006530.parquet,real_data_sample\l2_unseen_validation\trade_date=2026-07-17\exchange=NSE\symbol=AXISBANK\part-043236_583039-006530.parquet,34574,downloaded,34574,
2026-07-17,NSE,AXISBANK,raw_l2/trade_date=2026-07-17/exchange=NSE/symbol=AXISBANK/part-043250_584293-006562.parquet,real_data_sample\l2_unseen_validation\trade_date=2026-07-17\exchange=NSE\symbol=AXISBANK\part-043250_584293-006562.parquet,34574,downloaded,34574,
2026-07-17,NSE,AXISBANK,raw_l2/trade_date=2026-07-17/exchange=NSE/symbol=AXISBANK/part-043304_335839-006594.parquet,real_data_sample\l2_unseen_validation\trade_date=2026-07-17\exchange=NSE\symbol=AXISBANK\part-043304_335839-006594.parquet,34620,downloaded,34620,
2026-07-17,NSE,AXISBANK,raw_l2/trade_date=2026-07-17/exchange=NSE/symbol=AXISBANK/part-043318_347338-006626.parquet,real_data_sample\l2_unseen_validation\trade_date=2026-07-17\exchange=NSE\symbol=AXISBANK\part-043318_347338-006626.parquet,34690,downloaded,34690,
2026-07-17,NSE,AXISBANK,raw_l2/trade_date=2026-07-17/exchange=NSE/symbol=AXISBANK/part-043346_585752-006690.parquet,real_data_sample\l2_unseen_validation\trade_date=2026-07-17\exchange=NSE\symbol=AXISBANK\part-043346_585752-006690.parquet,34633,downloaded,34633,
2026-07-17,NSE,AXISBANK,raw_l2/trade_date=2026-07-17/exchange=NSE/symbol=AXISBANK/part-043921_580636-007458.parquet,real_data_sample\l2_unseen_validation\trade_date=2026-07-17\exchange=NSE\symbol=AXISBANK\part-043921_580636-007458.parquet,34495,downloaded,34495,
2026-07-17,NSE,AXISBANK,raw_l2/trade_date=2026-07-17/exchange=NSE/symbol=AXISBANK/part-043537_837193-006946.parquet,real_data_sample\l2_unseen_validation\trade_date=2026-07-17\exchange=NSE\symbol=AXISBANK\part-043537_837193-006946.parquet,34802,downloaded,34802,
2026-07-17,NSE,AXISBANK,raw_l2/trade_date=2026-07-17/exchange=NSE/symbol=AXISBANK/part-043605_870520-007010.parquet,real_data_sample\l2_unseen_validation\trade_date=2026-07-17\exchange=NSE\symbol=AXISBANK\part-043605_870520-007010.parquet,34740,downloaded,34740,
2026-07-17,NSE,AXISBANK,raw_l2/trade_date=2026-07-17/exchange=NSE/symbol=AXISBANK/part-043619_840066-007042.parquet,real_data_sample\l2_unseen_validation\trade_date=2026-07-17\exchange=NSE\symbol=AXISBANK\part-043619_840066-007042.parquet,35453,downloaded,35453,
2026-07-17,NSE,AXISBANK,raw_l2/trade_date=2026-07-17/exchange=NSE/symbol=AXISBANK/part-043510_100453-006882.parquet,real_data_sample\l2_unseen_validation\trade_date=2026-07-17\exchange=NSE\symbol=AXISBANK\part-043510_100453-006882.parquet,34729,downloaded,34729,
2026-07-17,NSE,AXISBANK,raw_l2/trade_date=2026-07-17/exchange=NSE/symbol=AXISBANK/part-043524_103850-006914.parquet,real_data_sample\l2_unseen_validation\trade_date=2026-07-17\exchange=NSE\symbol=AXISBANK\part-043524_103850-006914.parquet,34786,downloaded,34786,
2026-07-17,NSE,AXISBANK,raw_l2/trade_date=2026-07-17/exchange=NSE/symbol=AXISBANK/part-043853_846071-007394.parquet,real_data_sample\l2_unseen_validation\trade_date=2026-07-17\exchange=NSE\symbol=AXISBANK\part-043853_846071-007394.parquet,34410,downloaded,34410,
2026-07-17,NSE,AXISBANK,raw_l2/trade_date=2026-07-17/exchange=NSE/symbol=AXISBANK/part-043442_582963-006818.parquet,real_data_sample\l2_unseen_validation\trade_date=2026-07-17\exchange=NSE\symbol=AXISBANK\part-043442_582963-006818.parquet,34611,downloaded,34611,
2026-07-17,NSE,AXISBANK,raw_l2/trade_date=2026-07-17/exchange=NSE/symbol=AXISBANK/part-043551_847203-006978.parquet,real_data_sample\l2_unseen_validation\trade_date=2026-07-17\exchange=NSE\symbol=AXISBANK\part-043551_847203-006978.parquet,34676,downloaded,34676,
2026-07-17,NSE,AXISBANK,raw_l2/trade_date=2026-07-17/exchange=NSE/symbol=AXISBANK/part-043456_330907-006850.parquet,real_data_sample\l2_unseen_validation\trade_date=2026-07-17\exchange=NSE\symbol=AXISBANK\part-043456_330907-006850.parquet,34612,downloaded,34612,
2026-07-17,NSE,AXISBANK,raw_l2/trade_date=2026-07-17/exchange=NSE/symbol=AXISBANK/part-043428_600166-006786.parquet,real_data_sample\l2_unseen_validation\trade_date=2026-07-17\exchange=NSE\symbol=AXISBANK\part-043428_600166-006786.parquet,34543,downloaded,34543,
2026-07-17,NSE,AXISBANK,raw_l2/trade_date=2026-07-17/exchange=NSE/symbol=AXISBANK/part-043414_593908-006754.parquet,real_data_sample\l2_unseen_validation\trade_date=2026-07-17\exchange=NSE\symbol=AXISBANK\part-043414_593908-006754.parquet,34760,downloaded,34760,
2026-07-17,NSE,AXISBANK,raw_l2/trade_date=2026-07-17/exchange=NSE/symbol=AXISBANK/part-044002_590224-007554.parquet,real_data_sample\l2_unseen_validation\trade_date=2026-07-17\exchange=NSE\symbol=AXISBANK\part-044002_590224-007554.parquet,34825,downloaded,34825,
2026-07-17,NSE,AXISBANK,raw_l2/trade_date=2026-07-17/exchange=NSE/symbol=AXISBANK/part-043839_832367-007362.parquet,real_data_sample\l2_unseen_validation\trade_date=2026-07-17\exchange=NSE\symbol=AXISBANK\part-043839_832367-007362.parquet,34646,downloaded,34646,
2026-07-17,NSE,AXISBANK,raw_l2/trade_date=2026-07-17/exchange=NSE/symbol=AXISBANK/part-043907_832751-007426.parquet,real_data_sample\l2_unseen_validation\trade_date=2026-07-17\exchange=NSE\symbol=AXISBANK\part-043907_832751-007426.parquet,34519,downloaded,34519,
2026-07-17,NSE,AXISBANK,raw_l2/trade_date=2026-07-17/exchange=NSE/symbol=AXISBANK/part-043332_581817-006658.parquet,real_data_sample\l2_unseen_validation\trade_date=2026-07-17\exchange=NSE\symbol=AXISBANK\part-043332_581817-006658.parquet,34532,downloaded,34532,
2026-07-17,NSE,AXISBANK,raw_l2/trade_date=2026-07-17/exchange=NSE/symbol=AXISBANK/part-043633_589086-007074.parquet,real_data_sample\l2_unseen_validation\trade_date=2026-07-17\exchange=NSE\symbol=AXISBANK\part-043633_589086-007074.parquet,35977,downloaded,35977,
2026-07-17,NSE,AXISBANK,raw_l2/trade_date=2026-07-17/exchange=NSE/symbol=AXISBANK/part-043948_834757-007522.parquet,real_data_sample\l2_unseen_validation\trade_date=2026-07-17\exchange=NSE\symbol=AXISBANK\part-043948_834757-007522.parquet,34532,downloaded,34532,
2026-07-17,NSE,AXISBANK,raw_l2/trade_date=2026-07-17/exchange=NSE/symbol=AXISBANK/part-043935_081683-007490.parquet,real_data_sample\l2_unseen_validation\trade_date=2026-07-17\exchange=NSE\symbol=AXISBANK\part-043935_081683-007490.parquet,34511,downloaded,34511,
2026-07-17,NSE,AXISBANK,raw_l2/trade_date=2026-07-17/exchange=NSE/symbol=AXISBANK/part-043647_586113-007106.parquet,real_data_sample\l2_unseen_validation\trade_date=2026-07-17\exchange=NSE\symbol=AXISBANK\part-043647_586113-007106.parquet,36120,downloaded,36120,
2026-07-17,NSE,AXISBANK,raw_l2/trade_date=2026-07-17/exchange=NSE/symbol=AXISBANK/part-044016_335787-007586.parquet,real_data_sample\l2_unseen_validation\trade_date=2026-07-17\exchange=NSE\symbol=AXISBANK\part-044016_335787-007586.parquet,35308,downloaded,35308,
2026-07-17,NSE,AXISBANK,raw_l2/trade_date=2026-07-17/exchange=NSE/symbol=AXISBANK/part-044030_087318-007618.parquet,real_data_sample\l2_unseen_validation\trade_date=2026-07-17\exchange=NSE\symbol=AXISBANK\part-044030_087318-007618.parquet,35698,downloaded,35698,
2026-07-17,NSE,AXISBANK,raw_l2/trade_date=2026-07-17/exchange=NSE/symbol=AXISBANK/part-043811_084967-007298.parquet,real_data_sample\l2_unseen_validation\trade_date=2026-07-17\exchange=NSE\symbol=AXISBANK\part-043811_084967-007298.parquet,34631,downloaded,34631,
2026-07-17,NSE,AXISBANK,raw_l2/trade_date=2026-07-17/exchange=NSE/symbol=AXISBANK/part-043729_608727-007202.parquet,real_data_sample\l2_unseen_validation\trade_date=2026-07-17\exchange=NSE\symbol=AXISBANK\part-043729_608727-007202.parquet,34754,downloaded,34754,
2026-07-17,NSE,AXISBANK,raw_l2/trade_date=2026-07-17/exchange=NSE/symbol=AXISBANK/part-043701_857402-007138.parquet,real_data_sample\l2_unseen_validation\trade_date=2026-07-17\exchange=NSE\symbol=AXISBANK\part-043701_857402-007138.parquet,35863,downloaded,35863,
2026-07-17,NSE,AXISBANK,raw_l2/trade_date=2026-07-17/exchange=NSE/symbol=AXISBANK/part-043715_837826-007170.parquet,real_data_sample\l2_unseen_validation\trade_date=2026-07-17\exchange=NSE\symbol=AXISBANK\part-043715_837826-007170.parquet,35489,downloaded,35489,
2026-07-17,NSE,AXISBANK,raw_l2/trade_date=2026-07-17/exchange=NSE/symbol=AXISBANK/part-043757_377095-007266.parquet,real_data_sample\l2_unseen_validation\trade_date=2026-07-17\exchange=NSE\symbol=AXISBANK\part-043757_377095-007266.parquet,34641,downloaded,34641,
2026-07-17,NSE,AXISBANK,raw_l2/trade_date=2026-07-17/exchange=NSE/symbol=AXISBANK/part-043825_834040-007330.parquet,real_data_sample\l2_unseen_validation\trade_date=2026-07-17\exchange=NSE\symbol=AXISBANK\part-043825_834040-007330.parquet,34792,downloaded,34792,
2026-07-17,NSE,AXISBANK,raw_l2/trade_date=2026-07-17/exchange=NSE/symbol=AXISBANK/part-043743_587045-007234.parquet,real_data_sample\l2_unseen_validation\trade_date=2026-07-17\exchange=NSE\symbol=AXISBANK\part-043743_587045-007234.parquet,34924,downloaded,34924,
2026-07-17,NSE,AXISBANK,raw_l2/trade_date=2026-07-17/exchange=NSE/symbol=AXISBANK/part-043400_586460-006722.parquet,real_data_sample\l2_unseen_validation\trade_date=2026-07-17\exchange=NSE\symbol=AXISBANK\part-043400_586460-006722.parquet,34628,downloaded,34628,
2026-07-17,NSE,AXISBANK,raw_l2/trade_date=2026-07-17/exchange=NSE/symbol=AXISBANK/part-044057_579274-007682.parquet,real_data_sample\l2_unseen_validation\trade_date=2026-07-17\exchange=NSE\symbol=AXISBANK\part-044057_579274-007682.parquet,35787,downloaded,35787,
2026-07-17,NSE,AXISBANK,raw_l2/trade_date=2026-07-17/exchange=NSE/symbol=AXISBANK/part-044111_329791-007714.parquet,real_data_sample\l2_unseen_validation\trade_date=2026-07-17\exchange=NSE\symbol=AXISBANK\part-044111_329791-007714.parquet,36134,downloaded,36134,
2026-07-17,NSE,AXISBANK,raw_l2/trade_date=2026-07-17/exchange=NSE/symbol=AXISBANK/part-044125_082241-007746.parquet,real_data_sample\l2_unseen_validation\trade_date=2026-07-17\exchange=NSE\symbol=AXISBANK\part-044125_082241-007746.parquet,34684,downloaded,34684,
2026-07-17,NSE,AXISBANK,raw_l2/trade_date=2026-07-17/exchange=NSE/symbol=AXISBANK/part-044138_844085-007778.parquet,real_data_sample\l2_unseen_validation\trade_date=2026-07-17\exchange=NSE\symbol=AXISBANK\part-044138_844085-007778.parquet,34735,downloaded,34735,
2026-07-17,NSE,AXISBANK,raw_l2/trade_date=2026-07-17/exchange=NSE/symbol=AXISBANK/part-044043_848619-007650.parquet,real_data_sample\l2_unseen_validation\trade_date=2026-07-17\exchange=NSE\symbol=AXISBANK\part-044043_848619-007650.parquet,35716,downloaded,35716,
2026-07-17,NSE,AXISBANK,raw_l2/trade_date=2026-07-17/exchange=NSE/symbol=AXISBANK/part-044206_336134-007842.parquet,real_data_sample\l2_unseen_validation\trade_date=2026-07-17\exchange=NSE\symbol=AXISBANK\part-044206_336134-007842.parquet,34801,downloaded,34801,
2026-07-17,NSE,AXISBANK,raw_l2/trade_date=2026-07-17/exchange=NSE/symbol=AXISBANK/part-044152_589114-007810.parquet,real_data_sample\l2_unseen_validation\trade_date=2026-07-17\exchange=NSE\symbol=AXISBANK\part-044152_589114-007810.parquet,34755,downloaded,34755,
2026-07-17,NSE,AXISBANK,raw_l2/trade_date=2026-07-17/exchange=NSE/symbol=AXISBANK/part-044220_090756-007874.parquet,real_data_sample\l2_unseen_validation\trade_date=2026-07-17\exchange=NSE\symbol=AXISBANK\part-044220_090756-007874.parquet,35876,downloaded,35876,
2026-07-17,NSE,AXISBANK,raw_l2/trade_date=2026-07-17/exchange=NSE/symbol=AXISBANK/part-044234_091598-007906.parquet,real_data_sample\l2_unseen_validation\trade_date=2026-07-17\exchange=NSE\symbol=AXISBANK\part-044234_091598-007906.parquet,35740,downloaded,35740,
2026-07-17,NSE,AXISBANK,raw_l2/trade_date=2026-07-17/exchange=NSE/symbol=AXISBANK/part-044724_343711-008578.parquet,real_data_sample\l2_unseen_validation\trade_date=2026-07-17\exchange=NSE\symbol=AXISBANK\part-044724_343711-008578.parquet,35628,downloaded,35628,
2026-07-17,NSE,AXISBANK,raw_l2/trade_date=2026-07-17/exchange=NSE/symbol=AXISBANK/part-044357_350542-008098.parquet,real_data_sample\l2_unseen_validation\trade_date=2026-07-17\exchange=NSE\symbol=AXISBANK\part-044357_350542-008098.parquet,34820,downloaded,34820,
2026-07-17,NSE,AXISBANK,raw_l2/trade_date=2026-07-17/exchange=NSE/symbol=AXISBANK/part-044248_084739-007938.parquet,real_data_sample\l2_unseen_validation\trade_date=2026-07-17\exchange=NSE\symbol=AXISBANK\part-044248_084739-007938.parquet,35984,downloaded,35984,
2026-07-17,NSE,AXISBANK,raw_l2/trade_date=2026-07-17/exchange=NSE/symbol=AXISBANK/part-044315_829135-008002.parquet,real_data_sample\l2_unseen_validation\trade_date=2026-07-17\exchange=NSE\symbol=AXISBANK\part-044315_829135-008002.parquet,35353,downloaded,35353,
2026-07-17,NSE,AXISBANK,raw_l2/trade_date=2026-07-17/exchange=NSE/symbol=AXISBANK/part-044329_625592-008034.parquet,real_data_sample\l2_unseen_validation\trade_date=2026-07-17\exchange=NSE\symbol=AXISBANK\part-044329_625592-008034.parquet,34714,downloaded,34714,
2026-07-17,NSE,AXISBANK,raw_l2/trade_date=2026-07-17/exchange=NSE/symbol=AXISBANK/part-044424_833505-008162.parquet,real_data_sample\l2_unseen_validation\trade_date=2026-07-17\exchange=NSE\symbol=AXISBANK\part-044424_833505-008162.parquet,35672,downloaded,35672,
2026-07-17,NSE,AXISBANK,raw_l2/trade_date=2026-07-17/exchange=NSE/symbol=AXISBANK/part-044301_834857-007970.parquet,real_data_sample\l2_unseen_validation\trade_date=2026-07-17\exchange=NSE\symbol=AXISBANK\part-044301_834857-007970.parquet,35481,downloaded,35481,
2026-07-17,NSE,AXISBANK,raw_l2/trade_date=2026-07-17/exchange=NSE/symbol=AXISBANK/part-044343_583935-008066.parquet,real_data_sample\l2_unseen_validation\trade_date=2026-07-17\exchange=NSE\symbol=AXISBANK\part-044343_583935-008066.parquet,34564,downloaded,34564,
2026-07-17,NSE,AXISBANK,raw_l2/trade_date=2026-07-17/exchange=NSE/symbol=AXISBANK/part-044438_581904-008194.parquet,real_data_sample\l2_unseen_validation\trade_date=2026-07-17\exchange=NSE\symbol=AXISBANK\part-044438_581904-008194.parquet,35524,downloaded,35524,
2026-07-17,NSE,AXISBANK,raw_l2/trade_date=2026-07-17/exchange=NSE/symbol=AXISBANK/part-044411_080343-008130.parquet,real_data_sample\l2_unseen_validation\trade_date=2026-07-17\exchange=NSE\symbol=AXISBANK\part-044411_080343-008130.parquet,34666,downloaded,34666,
2026-07-17,NSE,AXISBANK,raw_l2/trade_date=2026-07-17/exchange=NSE/symbol=AXISBANK/part-044629_091343-008450.parquet,real_data_sample\l2_unseen_validation\trade_date=2026-07-17\exchange=NSE\symbol=AXISBANK\part-044629_091343-008450.parquet,36044,downloaded,36044,
2026-07-17,NSE,AXISBANK,raw_l2/trade_date=2026-07-17/exchange=NSE/symbol=AXISBANK/part-044656_839766-008514.parquet,real_data_sample\l2_unseen_validation\trade_date=2026-07-17\exchange=NSE\symbol=AXISBANK\part-044656_839766-008514.parquet,35241,downloaded,35241,
2026-07-17,NSE,AXISBANK,raw_l2/trade_date=2026-07-17/exchange=NSE/symbol=AXISBANK/part-044547_574603-008354.parquet,real_data_sample\l2_unseen_validation\trade_date=2026-07-17\exchange=NSE\symbol=AXISBANK\part-044547_574603-008354.parquet,34761,downloaded,34761,
2026-07-17,NSE,AXISBANK,raw_l2/trade_date=2026-07-17/exchange=NSE/symbol=AXISBANK/part-044710_599959-008546.parquet,real_data_sample\l2_unseen_validation\trade_date=2026-07-17\exchange=NSE\symbol=AXISBANK\part-044710_599959-008546.parquet,35774,downloaded,35774,
2026-07-17,NSE,AXISBANK,raw_l2/trade_date=2026-07-17/exchange=NSE/symbol=AXISBANK/part-044738_101751-008610.parquet,real_data_sample\l2_unseen_validation\trade_date=2026-07-17\exchange=NSE\symbol=AXISBANK\part-044738_101751-008610.parquet,35470,downloaded,35470,
2026-07-17,NSE,AXISBANK,raw_l2/trade_date=2026-07-17/exchange=NSE/symbol=AXISBANK/part-044615_346327-008418.parquet,real_data_sample\l2_unseen_validation\trade_date=2026-07-17\exchange=NSE\symbol=AXISBANK\part-044615_346327-008418.parquet,35545,downloaded,35545,
2026-07-17,NSE,AXISBANK,raw_l2/trade_date=2026-07-17/exchange=NSE/symbol=AXISBANK/part-044642_844160-008482.parquet,real_data_sample\l2_unseen_validation\trade_date=2026-07-17\exchange=NSE\symbol=AXISBANK\part-044642_844160-008482.parquet,36363,downloaded,36363,
2026-07-17,NSE,AXISBANK,raw_l2/trade_date=2026-07-17/exchange=NSE/symbol=AXISBANK/part-044452_580520-008226.parquet,real_data_sample\l2_unseen_validation\trade_date=2026-07-17\exchange=NSE\symbol=AXISBANK\part-044452_580520-008226.parquet,35475,downloaded,35475,
2026-07-17,NSE,AXISBANK,raw_l2/trade_date=2026-07-17/exchange=NSE/symbol=AXISBANK/part-044533_839844-008322.parquet,real_data_sample\l2_unseen_validation\trade_date=2026-07-17\exchange=NSE\symbol=AXISBANK\part-044533_839844-008322.parquet,34534,downloaded,34534,
2026-07-17,NSE,AXISBANK,raw_l2/trade_date=2026-07-17/exchange=NSE/symbol=AXISBANK/part-044520_087389-008290.parquet,real_data_sample\l2_unseen_validation\trade_date=2026-07-17\exchange=NSE\symbol=AXISBANK\part-044520_087389-008290.parquet,35046,downloaded,35046,
2026-07-17,NSE,AXISBANK,raw_l2/trade_date=2026-07-17/exchange=NSE/symbol=AXISBANK/part-044506_327159-008258.parquet,real_data_sample\l2_unseen_validation\trade_date=2026-07-17\exchange=NSE\symbol=AXISBANK\part-044506_327159-008258.parquet,35924,downloaded,35924,
2026-07-17,NSE,AXISBANK,raw_l2/trade_date=2026-07-17/exchange=NSE/symbol=AXISBANK/part-044601_340393-008386.parquet,real_data_sample\l2_unseen_validation\trade_date=2026-07-17\exchange=NSE\symbol=AXISBANK\part-044601_340393-008386.parquet,34825,downloaded,34825,
2026-07-17,NSE,AXISBANK,raw_l2/trade_date=2026-07-17/exchange=NSE/symbol=AXISBANK/part-044752_344497-008642.parquet,real_data_sample\l2_unseen_validation\trade_date=2026-07-17\exchange=NSE\symbol=AXISBANK\part-044752_344497-008642.parquet,35373,downloaded,35373,
2026-07-17,NSE,AXISBANK,raw_l2/trade_date=2026-07-17/exchange=NSE/symbol=AXISBANK/part-044901_346863-008802.parquet,real_data_sample\l2_unseen_validation\trade_date=2026-07-17\exchange=NSE\symbol=AXISBANK\part-044901_346863-008802.parquet,34695,downloaded,34695,
2026-07-17,NSE,AXISBANK,raw_l2/trade_date=2026-07-17/exchange=NSE/symbol=AXISBANK/part-044847_587367-008770.parquet,real_data_sample\l2_unseen_validation\trade_date=2026-07-17\exchange=NSE\symbol=AXISBANK\part-044847_587367-008770.parquet,34698,downloaded,34698,
2026-07-17,NSE,AXISBANK,raw_l2/trade_date=2026-07-17/exchange=NSE/symbol=AXISBANK/part-044806_091384-008674.parquet,real_data_sample\l2_unseen_validation\trade_date=2026-07-17\exchange=NSE\symbol=AXISBANK\part-044806_091384-008674.parquet,35577,downloaded,35577,
2026-07-17,NSE,AXISBANK,raw_l2/trade_date=2026-07-17/exchange=NSE/symbol=AXISBANK/part-044819_840906-008706.parquet,real_data_sample\l2_unseen_validation\trade_date=2026-07-17\exchange=NSE\symbol=AXISBANK\part-044819_840906-008706.parquet,35264,downloaded,35264,
2026-07-17,NSE,AXISBANK,raw_l2/trade_date=2026-07-17/exchange=NSE/symbol=AXISBANK/part-044833_841774-008738.parquet,real_data_sample\l2_unseen_validation\trade_date=2026-07-17\exchange=NSE\symbol=AXISBANK\part-044833_841774-008738.parquet,34845,downloaded,34845,
2026-07-17,NSE,AXISBANK,raw_l2/trade_date=2026-07-17/exchange=NSE/symbol=AXISBANK/part-044915_083218-008834.parquet,real_data_sample\l2_unseen_validation\trade_date=2026-07-17\exchange=NSE\symbol=AXISBANK\part-044915_083218-008834.parquet,34972,downloaded,34972,
2026-07-17,NSE,AXISBANK,raw_l2/trade_date=2026-07-17/exchange=NSE/symbol=AXISBANK/part-044942_591651-008898.parquet,real_data_sample\l2_unseen_validation\trade_date=2026-07-17\exchange=NSE\symbol=AXISBANK\part-044942_591651-008898.parquet,36106,downloaded,36106,
2026-07-17,NSE,AXISBANK,raw_l2/trade_date=2026-07-17/exchange=NSE/symbol=AXISBANK/part-044928_833282-008866.parquet,real_data_sample\l2_unseen_validation\trade_date=2026-07-17\exchange=NSE\symbol=AXISBANK\part-044928_833282-008866.parquet,36020,downloaded,36020,
2026-07-17,NSE,AXISBANK,raw_l2/trade_date=2026-07-17/exchange=NSE/symbol=AXISBANK/part-044956_339103-008930.parquet,real_data_sample\l2_unseen_validation\trade_date=2026-07-17\exchange=NSE\symbol=AXISBANK\part-044956_339103-008930.parquet,35954,downloaded,35954,
2026-07-17,NSE,AXISBANK,raw_l2/trade_date=2026-07-17/exchange=NSE/symbol=AXISBANK/part-045118_851108-009122.parquet,real_data_sample\l2_unseen_validation\trade_date=2026-07-17\exchange=NSE\symbol=AXISBANK\part-045118_851108-009122.parquet,36009,downloaded,36009,
2026-07-17,NSE,AXISBANK,raw_l2/trade_date=2026-07-17/exchange=NSE/symbol=AXISBANK/part-045023_831440-008994.parquet,real_data_sample\l2_unseen_validation\trade_date=2026-07-17\exchange=NSE\symbol=AXISBANK\part-045023_831440-008994.parquet,36284,downloaded,36284,
2026-07-17,NSE,AXISBANK,raw_l2/trade_date=2026-07-17/exchange=NSE/symbol=AXISBANK/part-045051_088671-009058.parquet,real_data_sample\l2_unseen_validation\trade_date=2026-07-17\exchange=NSE\symbol=AXISBANK\part-045051_088671-009058.parquet,35708,downloaded,35708,
2026-07-17,NSE,AXISBANK,raw_l2/trade_date=2026-07-17/exchange=NSE/symbol=AXISBANK/part-045104_893866-009090.parquet,real_data_sample\l2_unseen_validation\trade_date=2026-07-17\exchange=NSE\symbol=AXISBANK\part-045104_893866-009090.parquet,35913,downloaded,35913,
2026-07-17,NSE,AXISBANK,raw_l2/trade_date=2026-07-17/exchange=NSE/symbol=AXISBANK/part-045132_837690-009154.parquet,real_data_sample\l2_unseen_validation\trade_date=2026-07-17\exchange=NSE\symbol=AXISBANK\part-045132_837690-009154.parquet,35399,downloaded,35399,
2026-07-17,NSE,AXISBANK,raw_l2/trade_date=2026-07-17/exchange=NSE/symbol=AXISBANK/part-045228_592954-009282.parquet,real_data_sample\l2_unseen_validation\trade_date=2026-07-17\exchange=NSE\symbol=AXISBANK\part-045228_592954-009282.parquet,34719,downloaded,34719,
2026-07-17,NSE,AXISBANK,raw_l2/trade_date=2026-07-17/exchange=NSE/symbol=AXISBANK/part-045146_853028-009186.parquet,real_data_sample\l2_unseen_validation\trade_date=2026-07-17\exchange=NSE\symbol=AXISBANK\part-045146_853028-009186.parquet,35466,downloaded,35466,
2026-07-17,NSE,AXISBANK,raw_l2/trade_date=2026-07-17/exchange=NSE/symbol=AXISBANK/part-045214_834543-009250.parquet,real_data_sample\l2_unseen_validation\trade_date=2026-07-17\exchange=NSE\symbol=AXISBANK\part-045214_834543-009250.parquet,35028,downloaded,35028,
2026-07-17,NSE,AXISBANK,raw_l2/trade_date=2026-07-17/exchange=NSE/symbol=AXISBANK/part-045200_866482-009218.parquet,real_data_sample\l2_unseen_validation\trade_date=2026-07-17\exchange=NSE\symbol=AXISBANK\part-045200_866482-009218.parquet,35538,downloaded,35538,
2026-07-17,NSE,AXISBANK,raw_l2/trade_date=2026-07-17/exchange=NSE/symbol=AXISBANK/part-045242_350230-009314.parquet,real_data_sample\l2_unseen_validation\trade_date=2026-07-17\exchange=NSE\symbol=AXISBANK\part-045242_350230-009314.parquet,34824,downloaded,34824,
2026-07-17,NSE,AXISBANK,raw_l2/trade_date=2026-07-17/exchange=NSE/symbol=AXISBANK/part-045010_090013-008962.parquet,real_data_sample\l2_unseen_validation\trade_date=2026-07-17\exchange=NSE\symbol=AXISBANK\part-045010_090013-008962.parquet,36051,downloaded,36051,
2026-07-17,NSE,AXISBANK,raw_l2/trade_date=2026-07-17/exchange=NSE/symbol=AXISBANK/part-045037_349181-009026.parquet,real_data_sample\l2_unseen_validation\trade_date=2026-07-17\exchange=NSE\symbol=AXISBANK\part-045037_349181-009026.parquet,36097,downloaded,36097,
2026-07-17,NSE,AXISBANK,raw_l2/trade_date=2026-07-17/exchange=NSE/symbol=AXISBANK/part-045324_348016-009410.parquet,real_data_sample\l2_unseen_validation\trade_date=2026-07-17\exchange=NSE\symbol=AXISBANK\part-045324_348016-009410.parquet,35560,downloaded,35560,
2026-07-17,NSE,AXISBANK,raw_l2/trade_date=2026-07-17/exchange=NSE/symbol=AXISBANK/part-045256_348037-009346.parquet,real_data_sample\l2_unseen_validation\trade_date=2026-07-17\exchange=NSE\symbol=AXISBANK\part-045256_348037-009346.parquet,34759,downloaded,34759,
2026-07-17,NSE,AXISBANK,raw_l2/trade_date=2026-07-17/exchange=NSE/symbol=AXISBANK/part-045310_356140-009378.parquet,real_data_sample\l2_unseen_validation\trade_date=2026-07-17\exchange=NSE\symbol=AXISBANK\part-045310_356140-009378.parquet,34804,downloaded,34804,
2026-07-17,NSE,AXISBANK,raw_l2/trade_date=2026-07-17/exchange=NSE/symbol=AXISBANK/part-045516_356936-009666.parquet,real_data_sample\l2_unseen_validation\trade_date=2026-07-17\exchange=NSE\symbol=AXISBANK\part-045516_356936-009666.parquet,36106,downloaded,36106,
2026-07-17,NSE,AXISBANK,raw_l2/trade_date=2026-07-17/exchange=NSE/symbol=AXISBANK/part-045544_338121-009730.parquet,real_data_sample\l2_unseen_validation\trade_date=2026-07-17\exchange=NSE\symbol=AXISBANK\part-045544_338121-009730.parquet,35981,downloaded,35981,
2026-07-17,NSE,AXISBANK,raw_l2/trade_date=2026-07-17/exchange=NSE/symbol=AXISBANK/part-045655_086226-009890.parquet,real_data_sample\l2_unseen_validation\trade_date=2026-07-17\exchange=NSE\symbol=AXISBANK\part-045655_086226-009890.parquet,36208,downloaded,36208,
2026-07-17,NSE,AXISBANK,raw_l2/trade_date=2026-07-17/exchange=NSE/symbol=AXISBANK/part-045708_839013-009922.parquet,real_data_sample\l2_unseen_validation\trade_date=2026-07-17\exchange=NSE\symbol=AXISBANK\part-045708_839013-009922.parquet,36219,downloaded,36219,
2026-07-17,NSE,AXISBANK,raw_l2/trade_date=2026-07-17/exchange=NSE/symbol=AXISBANK/part-045530_339095-009698.parquet,real_data_sample\l2_unseen_validation\trade_date=2026-07-17\exchange=NSE\symbol=AXISBANK\part-045530_339095-009698.parquet,35753,downloaded,35753,
2026-07-17,NSE,AXISBANK,raw_l2/trade_date=2026-07-17/exchange=NSE/symbol=AXISBANK/part-045434_097756-009570.parquet,real_data_sample\l2_unseen_validation\trade_date=2026-07-17\exchange=NSE\symbol=AXISBANK\part-045434_097756-009570.parquet,36335,downloaded,36335,
2026-07-17,NSE,AXISBANK,raw_l2/trade_date=2026-07-17/exchange=NSE/symbol=AXISBANK/part-045612_331398-009794.parquet,real_data_sample\l2_unseen_validation\trade_date=2026-07-17\exchange=NSE\symbol=AXISBANK\part-045612_331398-009794.parquet,36278,downloaded,36278,
2026-07-17,NSE,AXISBANK,raw_l2/trade_date=2026-07-17/exchange=NSE/symbol=AXISBANK/part-045723_337751-009954.parquet,real_data_sample\l2_unseen_validation\trade_date=2026-07-17\exchange=NSE\symbol=AXISBANK\part-045723_337751-009954.parquet,35783,downloaded,35783,
2026-07-17,NSE,AXISBANK,raw_l2/trade_date=2026-07-17/exchange=NSE/symbol=AXISBANK/part-045502_105485-009634.parquet,real_data_sample\l2_unseen_validation\trade_date=2026-07-17\exchange=NSE\symbol=AXISBANK\part-045502_105485-009634.parquet,35974,downloaded,35974,
2026-07-17,NSE,AXISBANK,raw_l2/trade_date=2026-07-17/exchange=NSE/symbol=AXISBANK/part-045558_332542-009762.parquet,real_data_sample\l2_unseen_validation\trade_date=2026-07-17\exchange=NSE\symbol=AXISBANK\part-045558_332542-009762.parquet,36145,downloaded,36145,
2026-07-17,NSE,AXISBANK,raw_l2/trade_date=2026-07-17/exchange=NSE/symbol=AXISBANK/part-045640_597409-009858.parquet,real_data_sample\l2_unseen_validation\trade_date=2026-07-17\exchange=NSE\symbol=AXISBANK\part-045640_597409-009858.parquet,35639,downloaded,35639,
2026-07-17,NSE,AXISBANK,raw_l2/trade_date=2026-07-17/exchange=NSE/symbol=AXISBANK/part-045448_099069-009602.parquet,real_data_sample\l2_unseen_validation\trade_date=2026-07-17\exchange=NSE\symbol=AXISBANK\part-045448_099069-009602.parquet,35791,downloaded,35791,
2026-07-17,NSE,AXISBANK,raw_l2/trade_date=2026-07-17/exchange=NSE/symbol=AXISBANK/part-045626_362307-009826.parquet,real_data_sample\l2_unseen_validation\trade_date=2026-07-17\exchange=NSE\symbol=AXISBANK\part-045626_362307-009826.parquet,35975,downloaded,35975,
2026-07-17,NSE,AXISBANK,raw_l2/trade_date=2026-07-17/exchange=NSE/symbol=AXISBANK/part-045338_094498-009442.parquet,real_data_sample\l2_unseen_validation\trade_date=2026-07-17\exchange=NSE\symbol=AXISBANK\part-045338_094498-009442.parquet,35592,downloaded,35592,
2026-07-17,NSE,AXISBANK,raw_l2/trade_date=2026-07-17/exchange=NSE/symbol=AXISBANK/part-045406_095645-009506.parquet,real_data_sample\l2_unseen_validation\trade_date=2026-07-17\exchange=NSE\symbol=AXISBANK\part-045406_095645-009506.parquet,36141,downloaded,36141,
2026-07-17,NSE,AXISBANK,raw_l2/trade_date=2026-07-17/exchange=NSE/symbol=AXISBANK/part-045352_088334-009474.parquet,real_data_sample\l2_unseen_validation\trade_date=2026-07-17\exchange=NSE\symbol=AXISBANK\part-045352_088334-009474.parquet,35873,downloaded,35873,
2026-07-17,NSE,AXISBANK,raw_l2/trade_date=2026-07-17/exchange=NSE/symbol=AXISBANK/part-045420_105875-009538.parquet,real_data_sample\l2_unseen_validation\trade_date=2026-07-17\exchange=NSE\symbol=AXISBANK\part-045420_105875-009538.parquet,35868,downloaded,35868,
2026-07-17,NSE,AXISBANK,raw_l2/trade_date=2026-07-17/exchange=NSE/symbol=AXISBANK/part-045737_336411-009986.parquet,real_data_sample\l2_unseen_validation\trade_date=2026-07-17\exchange=NSE\symbol=AXISBANK\part-045737_336411-009986.parquet,36192,downloaded,36192,
2026-07-17,NSE,AXISBANK,raw_l2/trade_date=2026-07-17/exchange=NSE/symbol=AXISBANK/part-045751_583459-010018.parquet,real_data_sample\l2_unseen_validation\trade_date=2026-07-17\exchange=NSE\symbol=AXISBANK\part-045751_583459-010018.parquet,36668,downloaded,36668,
2026-07-17,NSE,AXISBANK,raw_l2/trade_date=2026-07-17/exchange=NSE/symbol=AXISBANK/part-050218_335802-010626.parquet,real_data_sample\l2_unseen_validation\trade_date=2026-07-17\exchange=NSE\symbol=AXISBANK\part-050218_335802-010626.parquet,35606,downloaded,35606,
2026-07-17,NSE,AXISBANK,raw_l2/trade_date=2026-07-17/exchange=NSE/symbol=AXISBANK/part-050440_084082-010946.parquet,real_data_sample\l2_unseen_validation\trade_date=2026-07-17\exchange=NSE\symbol=AXISBANK\part-050440_084082-010946.parquet,36458,downloaded,36458,
2026-07-17,NSE,AXISBANK,raw_l2/trade_date=2026-07-17/exchange=NSE/symbol=AXISBANK/part-050453_840824-010978.parquet,real_data_sample\l2_unseen_validation\trade_date=2026-07-17\exchange=NSE\symbol=AXISBANK\part-050453_840824-010978.parquet,36191,downloaded,36191,
2026-07-17,NSE,AXISBANK,raw_l2/trade_date=2026-07-17/exchange=NSE/symbol=AXISBANK/part-050507_841199-011010.parquet,real_data_sample\l2_unseen_validation\trade_date=2026-07-17\exchange=NSE\symbol=AXISBANK\part-050507_841199-011010.parquet,36146,downloaded,36146,
2026-07-17,NSE,AXISBANK,raw_l2/trade_date=2026-07-17/exchange=NSE/symbol=AXISBANK/part-050535_831997-011074.parquet,real_data_sample\l2_unseen_validation\trade_date=2026-07-17\exchange=NSE\symbol=AXISBANK\part-050535_831997-011074.parquet,36074,downloaded,36074,
2026-07-17,NSE,AXISBANK,raw_l2/trade_date=2026-07-17/exchange=NSE/symbol=AXISBANK/part-050521_862297-011042.parquet,real_data_sample\l2_unseen_validation\trade_date=2026-07-17\exchange=NSE\symbol=AXISBANK\part-050521_862297-011042.parquet,36378,downloaded,36378,
2026-07-17,NSE,AXISBANK,raw_l2/trade_date=2026-07-17/exchange=NSE/symbol=AXISBANK/part-050549_825867-011106.parquet,real_data_sample\l2_unseen_validation\trade_date=2026-07-17\exchange=NSE\symbol=AXISBANK\part-050549_825867-011106.parquet,36342,downloaded,36342,
2026-07-17,NSE,AXISBANK,raw_l2/trade_date=2026-07-17/exchange=NSE/symbol=AXISBANK/part-050603_577207-011138.parquet,real_data_sample\l2_unseen_validation\trade_date=2026-07-17\exchange=NSE\symbol=AXISBANK\part-050603_577207-011138.parquet,35630,downloaded,35630,
2026-07-17,NSE,AXISBANK,raw_l2/trade_date=2026-07-17/exchange=NSE/symbol=AXISBANK/part-050617_833479-011170.parquet,real_data_sample\l2_unseen_validation\trade_date=2026-07-17\exchange=NSE\symbol=AXISBANK\part-050617_833479-011170.parquet,35736,downloaded,35736,
2026-07-17,NSE,AXISBANK,raw_l2/trade_date=2026-07-17/exchange=NSE/symbol=AXISBANK/part-050715_350616-011298.parquet,real_data_sample\l2_unseen_validation\trade_date=2026-07-17\exchange=NSE\symbol=AXISBANK\part-050715_350616-011298.parquet,35574,downloaded,35574,
2026-07-17,NSE,AXISBANK,raw_l2/trade_date=2026-07-17/exchange=NSE/symbol=AXISBANK/part-050647_214709-011234.parquet,real_data_sample\l2_unseen_validation\trade_date=2026-07-17\exchange=NSE\symbol=AXISBANK\part-050647_214709-011234.parquet,36095,downloaded,36095,
2026-07-17,NSE,AXISBANK,raw_l2/trade_date=2026-07-17/exchange=NSE/symbol=AXISBANK/part-050701_334481-011266.parquet,real_data_sample\l2_unseen_validation\trade_date=2026-07-17\exchange=NSE\symbol=AXISBANK\part-050701_334481-011266.parquet,35961,downloaded,35961,
2026-07-17,NSE,AXISBANK,raw_l2/trade_date=2026-07-17/exchange=NSE/symbol=AXISBANK/part-050632_592495-011202.parquet,real_data_sample\l2_unseen_validation\trade_date=2026-07-17\exchange=NSE\symbol=AXISBANK\part-050632_592495-011202.parquet,36272,downloaded,36272,
2026-07-17,NSE,AXISBANK,raw_l2/trade_date=2026-07-17/exchange=NSE/symbol=AXISBANK/part-050729_578901-011330.parquet,real_data_sample\l2_unseen_validation\trade_date=2026-07-17\exchange=NSE\symbol=AXISBANK\part-050729_578901-011330.parquet,35629,downloaded,35629,
2026-07-17,NSE,AXISBANK,raw_l2/trade_date=2026-07-17/exchange=NSE/symbol=AXISBANK/part-050757_075478-011394.parquet,real_data_sample\l2_unseen_validation\trade_date=2026-07-17\exchange=NSE\symbol=AXISBANK\part-050757_075478-011394.parquet,35785,downloaded,35785,
2026-07-17,NSE,AXISBANK,raw_l2/trade_date=2026-07-17/exchange=NSE/symbol=AXISBANK/part-050824_837802-011458.parquet,real_data_sample\l2_unseen_validation\trade_date=2026-07-17\exchange=NSE\symbol=AXISBANK\part-050824_837802-011458.parquet,34770,downloaded,34770,
2026-07-17,NSE,AXISBANK,raw_l2/trade_date=2026-07-17/exchange=NSE/symbol=AXISBANK/part-050811_124147-011426.parquet,real_data_sample\l2_unseen_validation\trade_date=2026-07-17\exchange=NSE\symbol=AXISBANK\part-050811_124147-011426.parquet,35591,downloaded,35591,
2026-07-17,NSE,AXISBANK,raw_l2/trade_date=2026-07-17/exchange=NSE/symbol=AXISBANK/part-050743_339976-011362.parquet,real_data_sample\l2_unseen_validation\trade_date=2026-07-17\exchange=NSE\symbol=AXISBANK\part-050743_339976-011362.parquet,35596,downloaded,35596,
2026-07-17,NSE,AXISBANK,raw_l2/trade_date=2026-07-17/exchange=NSE/symbol=AXISBANK/part-050232_411790-010658.parquet,real_data_sample\l2_unseen_validation\trade_date=2026-07-17\exchange=NSE\symbol=AXISBANK\part-050232_411790-010658.parquet,36408,downloaded,36408,
2026-07-17,NSE,AXISBANK,raw_l2/trade_date=2026-07-17/exchange=NSE/symbol=AXISBANK/part-050122_086849-010498.parquet,real_data_sample\l2_unseen_validation\trade_date=2026-07-17\exchange=NSE\symbol=AXISBANK\part-050122_086849-010498.parquet,36048,downloaded,36048,
2026-07-17,NSE,AXISBANK,raw_l2/trade_date=2026-07-17/exchange=NSE/symbol=AXISBANK/part-050012_584167-010338.parquet,real_data_sample\l2_unseen_validation\trade_date=2026-07-17\exchange=NSE\symbol=AXISBANK\part-050012_584167-010338.parquet,36128,downloaded,36128,
2026-07-17,NSE,AXISBANK,raw_l2/trade_date=2026-07-17/exchange=NSE/symbol=AXISBANK/part-050204_354653-010594.parquet,real_data_sample\l2_unseen_validation\trade_date=2026-07-17\exchange=NSE\symbol=AXISBANK\part-050204_354653-010594.parquet,35980,downloaded,35980,
2026-07-17,NSE,AXISBANK,raw_l2/trade_date=2026-07-17/exchange=NSE/symbol=AXISBANK/part-050838_598799-011490.parquet,real_data_sample\l2_unseen_validation\trade_date=2026-07-17\exchange=NSE\symbol=AXISBANK\part-050838_598799-011490.parquet,34997,downloaded,34997,
2026-07-17,NSE,AXISBANK,raw_l2/trade_date=2026-07-17/exchange=NSE/symbol=AXISBANK/part-045848_088374-010146.parquet,real_data_sample\l2_unseen_validation\trade_date=2026-07-17\exchange=NSE\symbol=AXISBANK\part-045848_088374-010146.parquet,36322,downloaded,36322,
2026-07-17,NSE,AXISBANK,raw_l2/trade_date=2026-07-17/exchange=NSE/symbol=AXISBANK/part-045958_129759-010306.parquet,real_data_sample\l2_unseen_validation\trade_date=2026-07-17\exchange=NSE\symbol=AXISBANK\part-045958_129759-010306.parquet,35885,downloaded,35885,
2026-07-17,NSE,AXISBANK,raw_l2/trade_date=2026-07-17/exchange=NSE/symbol=AXISBANK/part-050315_411643-010754.parquet,real_data_sample\l2_unseen_validation\trade_date=2026-07-17\exchange=NSE\symbol=AXISBANK\part-050315_411643-010754.parquet,36192,downloaded,36192,
2026-07-17,NSE,AXISBANK,raw_l2/trade_date=2026-07-17/exchange=NSE/symbol=AXISBANK/part-050108_108880-010466.parquet,real_data_sample\l2_unseen_validation\trade_date=2026-07-17\exchange=NSE\symbol=AXISBANK\part-050108_108880-010466.parquet,35592,downloaded,35592,
2026-07-17,NSE,AXISBANK,raw_l2/trade_date=2026-07-17/exchange=NSE/symbol=AXISBANK/part-050247_086511-010690.parquet,real_data_sample\l2_unseen_validation\trade_date=2026-07-17\exchange=NSE\symbol=AXISBANK\part-050247_086511-010690.parquet,36077,downloaded,36077,
2026-07-17,NSE,AXISBANK,raw_l2/trade_date=2026-07-17/exchange=NSE/symbol=AXISBANK/part-045915_836449-010210.parquet,real_data_sample\l2_unseen_validation\trade_date=2026-07-17\exchange=NSE\symbol=AXISBANK\part-045915_836449-010210.parquet,36307,downloaded,36307,
2026-07-17,NSE,AXISBANK,raw_l2/trade_date=2026-07-17/exchange=NSE/symbol=AXISBANK/part-050411_860769-010882.parquet,real_data_sample\l2_unseen_validation\trade_date=2026-07-17\exchange=NSE\symbol=AXISBANK\part-050411_860769-010882.parquet,36098,downloaded,36098,
2026-07-17,NSE,AXISBANK,raw_l2/trade_date=2026-07-17/exchange=NSE/symbol=AXISBANK/part-050135_844784-010530.parquet,real_data_sample\l2_unseen_validation\trade_date=2026-07-17\exchange=NSE\symbol=AXISBANK\part-050135_844784-010530.parquet,35724,downloaded,35724,
2026-07-17,NSE,AXISBANK,raw_l2/trade_date=2026-07-17/exchange=NSE/symbol=AXISBANK/part-050329_584698-010786.parquet,real_data_sample\l2_unseen_validation\trade_date=2026-07-17\exchange=NSE\symbol=AXISBANK\part-050329_584698-010786.parquet,36119,downloaded,36119,
2026-07-17,NSE,AXISBANK,raw_l2/trade_date=2026-07-17/exchange=NSE/symbol=AXISBANK/part-045902_080511-010178.parquet,real_data_sample\l2_unseen_validation\trade_date=2026-07-17\exchange=NSE\symbol=AXISBANK\part-045902_080511-010178.parquet,36230,downloaded,36230,
2026-07-17,NSE,AXISBANK,raw_l2/trade_date=2026-07-17/exchange=NSE/symbol=AXISBANK/part-050149_837715-010562.parquet,real_data_sample\l2_unseen_validation\trade_date=2026-07-17\exchange=NSE\symbol=AXISBANK\part-050149_837715-010562.parquet,35516,downloaded,35516,
2026-07-17,NSE,AXISBANK,raw_l2/trade_date=2026-07-17/exchange=NSE/symbol=AXISBANK/part-045929_893037-010242.parquet,real_data_sample\l2_unseen_validation\trade_date=2026-07-17\exchange=NSE\symbol=AXISBANK\part-045929_893037-010242.parquet,35946,downloaded,35946,
2026-07-17,NSE,AXISBANK,raw_l2/trade_date=2026-07-17/exchange=NSE/symbol=AXISBANK/part-050343_596358-010818.parquet,real_data_sample\l2_unseen_validation\trade_date=2026-07-17\exchange=NSE\symbol=AXISBANK\part-050343_596358-010818.parquet,36279,downloaded,36279,
2026-07-17,NSE,AXISBANK,raw_l2/trade_date=2026-07-17/exchange=NSE/symbol=AXISBANK/part-050357_591263-010850.parquet,real_data_sample\l2_unseen_validation\trade_date=2026-07-17\exchange=NSE\symbol=AXISBANK\part-050357_591263-010850.parquet,36325,downloaded,36325,
2026-07-17,NSE,AXISBANK,raw_l2/trade_date=2026-07-17/exchange=NSE/symbol=AXISBANK/part-045819_832592-010082.parquet,real_data_sample\l2_unseen_validation\trade_date=2026-07-17\exchange=NSE\symbol=AXISBANK\part-045819_832592-010082.parquet,36290,downloaded,36290,
2026-07-17,NSE,AXISBANK,raw_l2/trade_date=2026-07-17/exchange=NSE/symbol=AXISBANK/part-050040_101731-010402.parquet,real_data_sample\l2_unseen_validation\trade_date=2026-07-17\exchange=NSE\symbol=AXISBANK\part-050040_101731-010402.parquet,35730,downloaded,35730,
2026-07-17,NSE,AXISBANK,raw_l2/trade_date=2026-07-17/exchange=NSE/symbol=AXISBANK/part-045833_842583-010114.parquet,real_data_sample\l2_unseen_validation\trade_date=2026-07-17\exchange=NSE\symbol=AXISBANK\part-045833_842583-010114.parquet,36396,downloaded,36396,
2026-07-17,NSE,AXISBANK,raw_l2/trade_date=2026-07-17/exchange=NSE/symbol=AXISBANK/part-050301_100004-010722.parquet,real_data_sample\l2_unseen_validation\trade_date=2026-07-17\exchange=NSE\symbol=AXISBANK\part-050301_100004-010722.parquet,36315,downloaded,36315,
2026-07-17,NSE,AXISBANK,raw_l2/trade_date=2026-07-17/exchange=NSE/symbol=AXISBANK/part-045944_084578-010274.parquet,real_data_sample\l2_unseen_validation\trade_date=2026-07-17\exchange=NSE\symbol=AXISBANK\part-045944_084578-010274.parquet,36113,downloaded,36113,
2026-07-17,NSE,AXISBANK,raw_l2/trade_date=2026-07-17/exchange=NSE/symbol=AXISBANK/part-050426_085947-010914.parquet,real_data_sample\l2_unseen_validation\trade_date=2026-07-17\exchange=NSE\symbol=AXISBANK\part-050426_085947-010914.parquet,36415,downloaded,36415,
2026-07-17,NSE,AXISBANK,raw_l2/trade_date=2026-07-17/exchange=NSE/symbol=AXISBANK/part-050947_828723-011650.parquet,real_data_sample\l2_unseen_validation\trade_date=2026-07-17\exchange=NSE\symbol=AXISBANK\part-050947_828723-011650.parquet,36203,downloaded,36203,
2026-07-17,NSE,AXISBANK,raw_l2/trade_date=2026-07-17/exchange=NSE/symbol=AXISBANK/part-050054_099127-010434.parquet,real_data_sample\l2_unseen_validation\trade_date=2026-07-17\exchange=NSE\symbol=AXISBANK\part-050054_099127-010434.parquet,35777,downloaded,35777,
2026-07-17,NSE,AXISBANK,raw_l2/trade_date=2026-07-17/exchange=NSE/symbol=AXISBANK/part-050934_089622-011618.parquet,real_data_sample\l2_unseen_validation\trade_date=2026-07-17\exchange=NSE\symbol=AXISBANK\part-050934_089622-011618.parquet,35376,downloaded,35376,
2026-07-17,NSE,AXISBANK,raw_l2/trade_date=2026-07-17/exchange=NSE/symbol=AXISBANK/part-051043_113381-011778.parquet,real_data_sample\l2_unseen_validation\trade_date=2026-07-17\exchange=NSE\symbol=AXISBANK\part-051043_113381-011778.parquet,36258,downloaded,36258,
2026-07-17,NSE,AXISBANK,raw_l2/trade_date=2026-07-17/exchange=NSE/symbol=AXISBANK/part-051124_598661-011874.parquet,real_data_sample\l2_unseen_validation\trade_date=2026-07-17\exchange=NSE\symbol=AXISBANK\part-051124_598661-011874.parquet,35866,downloaded,35866,
2026-07-17,NSE,AXISBANK,raw_l2/trade_date=2026-07-17/exchange=NSE/symbol=AXISBANK/part-051110_835203-011842.parquet,real_data_sample\l2_unseen_validation\trade_date=2026-07-17\exchange=NSE\symbol=AXISBANK\part-051110_835203-011842.parquet,36124,downloaded,36124,
2026-07-17,NSE,AXISBANK,raw_l2/trade_date=2026-07-17/exchange=NSE/symbol=AXISBANK/part-051056_831890-011810.parquet,real_data_sample\l2_unseen_validation\trade_date=2026-07-17\exchange=NSE\symbol=AXISBANK\part-051056_831890-011810.parquet,36220,downloaded,36220,
2026-07-17,NSE,AXISBANK,raw_l2/trade_date=2026-07-17/exchange=NSE/symbol=AXISBANK/part-051138_837351-011906.parquet,real_data_sample\l2_unseen_validation\trade_date=2026-07-17\exchange=NSE\symbol=AXISBANK\part-051138_837351-011906.parquet,36140,downloaded,36140,
2026-07-17,NSE,AXISBANK,raw_l2/trade_date=2026-07-17/exchange=NSE/symbol=AXISBANK/part-051152_858238-011938.parquet,real_data_sample\l2_unseen_validation\trade_date=2026-07-17\exchange=NSE\symbol=AXISBANK\part-051152_858238-011938.parquet,35766,downloaded,35766,
2026-07-17,NSE,AXISBANK,raw_l2/trade_date=2026-07-17/exchange=NSE/symbol=AXISBANK/part-051234_585485-012034.parquet,real_data_sample\l2_unseen_validation\trade_date=2026-07-17\exchange=NSE\symbol=AXISBANK\part-051234_585485-012034.parquet,35933,downloaded,35933,
2026-07-17,NSE,AXISBANK,raw_l2/trade_date=2026-07-17/exchange=NSE/symbol=AXISBANK/part-051302_582297-012098.parquet,real_data_sample\l2_unseen_validation\trade_date=2026-07-17\exchange=NSE\symbol=AXISBANK\part-051302_582297-012098.parquet,35854,downloaded,35854,
2026-07-17,NSE,AXISBANK,raw_l2/trade_date=2026-07-17/exchange=NSE/symbol=AXISBANK/part-051316_366214-012130.parquet,real_data_sample\l2_unseen_validation\trade_date=2026-07-17\exchange=NSE\symbol=AXISBANK\part-051316_366214-012130.parquet,36287,downloaded,36287,
2026-07-17,NSE,AXISBANK,raw_l2/trade_date=2026-07-17/exchange=NSE/symbol=AXISBANK/part-051415_577763-012258.parquet,real_data_sample\l2_unseen_validation\trade_date=2026-07-17\exchange=NSE\symbol=AXISBANK\part-051415_577763-012258.parquet,36401,downloaded,36401,
2026-07-17,NSE,AXISBANK,raw_l2/trade_date=2026-07-17/exchange=NSE/symbol=AXISBANK/part-045805_588169-010050.parquet,real_data_sample\l2_unseen_validation\trade_date=2026-07-17\exchange=NSE\symbol=AXISBANK\part-045805_588169-010050.parquet,36768,downloaded,36768,
2026-07-17,NSE,AXISBANK,raw_l2/trade_date=2026-07-17/exchange=NSE/symbol=AXISBANK/part-051401_098407-012226.parquet,real_data_sample\l2_unseen_validation\trade_date=2026-07-17\exchange=NSE\symbol=AXISBANK\part-051401_098407-012226.parquet,36986,downloaded,36986,
2026-07-17,NSE,AXISBANK,raw_l2/trade_date=2026-07-17/exchange=NSE/symbol=AXISBANK/part-050852_325249-011522.parquet,real_data_sample\l2_unseen_validation\trade_date=2026-07-17\exchange=NSE\symbol=AXISBANK\part-050852_325249-011522.parquet,34752,downloaded,34752,
2026-07-17,NSE,AXISBANK,raw_l2/trade_date=2026-07-17/exchange=NSE/symbol=AXISBANK/part-051331_086192-012162.parquet,real_data_sample\l2_unseen_validation\trade_date=2026-07-17\exchange=NSE\symbol=AXISBANK\part-051331_086192-012162.parquet,36410,downloaded,36410,
2026-07-17,NSE,AXISBANK,raw_l2/trade_date=2026-07-17/exchange=NSE/symbol=AXISBANK/part-051345_838557-012194.parquet,real_data_sample\l2_unseen_validation\trade_date=2026-07-17\exchange=NSE\symbol=AXISBANK\part-051345_838557-012194.parquet,36386,downloaded,36386,
2026-07-17,NSE,AXISBANK,raw_l2/trade_date=2026-07-17/exchange=NSE/symbol=AXISBANK/part-051430_827381-012290.parquet,real_data_sample\l2_unseen_validation\trade_date=2026-07-17\exchange=NSE\symbol=AXISBANK\part-051430_827381-012290.parquet,36310,downloaded,36310,
2026-07-17,NSE,AXISBANK,raw_l2/trade_date=2026-07-17/exchange=NSE/symbol=AXISBANK/part-051206_844090-011970.parquet,real_data_sample\l2_unseen_validation\trade_date=2026-07-17\exchange=NSE\symbol=AXISBANK\part-051206_844090-011970.parquet,35583,downloaded,35583,
2026-07-17,NSE,AXISBANK,raw_l2/trade_date=2026-07-17/exchange=NSE/symbol=AXISBANK/part-051015_601751-011714.parquet,real_data_sample\l2_unseen_validation\trade_date=2026-07-17\exchange=NSE\symbol=AXISBANK\part-051015_601751-011714.parquet,36460,downloaded,36460,
2026-07-17,NSE,AXISBANK,raw_l2/trade_date=2026-07-17/exchange=NSE/symbol=AXISBANK/part-051623_123740-012546.parquet,real_data_sample\l2_unseen_validation\trade_date=2026-07-17\exchange=NSE\symbol=AXISBANK\part-051623_123740-012546.parquet,36293,downloaded,36293,
2026-07-17,NSE,AXISBANK,raw_l2/trade_date=2026-07-17/exchange=NSE/symbol=AXISBANK/part-051001_588520-011682.parquet,real_data_sample\l2_unseen_validation\trade_date=2026-07-17\exchange=NSE\symbol=AXISBANK\part-051001_588520-011682.parquet,36078,downloaded,36078,
2026-07-17,NSE,AXISBANK,raw_l2/trade_date=2026-07-17/exchange=NSE/symbol=AXISBANK/part-051029_332302-011746.parquet,real_data_sample\l2_unseen_validation\trade_date=2026-07-17\exchange=NSE\symbol=AXISBANK\part-051029_332302-011746.parquet,36484,downloaded,36484,
2026-07-17,NSE,AXISBANK,raw_l2/trade_date=2026-07-17/exchange=NSE/symbol=AXISBANK/part-051444_581012-012322.parquet,real_data_sample\l2_unseen_validation\trade_date=2026-07-17\exchange=NSE\symbol=AXISBANK\part-051444_581012-012322.parquet,35832,downloaded,35832,
2026-07-17,NSE,AXISBANK,raw_l2/trade_date=2026-07-17/exchange=NSE/symbol=AXISBANK/part-050906_332589-011554.parquet,real_data_sample\l2_unseen_validation\trade_date=2026-07-17\exchange=NSE\symbol=AXISBANK\part-050906_332589-011554.parquet,34843,downloaded,34843,
2026-07-17,NSE,AXISBANK,raw_l2/trade_date=2026-07-17/exchange=NSE/symbol=AXISBANK/part-051539_833374-012450.parquet,real_data_sample\l2_unseen_validation\trade_date=2026-07-17\exchange=NSE\symbol=AXISBANK\part-051539_833374-012450.parquet,36216,downloaded,36216,
2026-07-17,NSE,AXISBANK,raw_l2/trade_date=2026-07-17/exchange=NSE/symbol=AXISBANK/part-051608_596418-012514.parquet,real_data_sample\l2_unseen_validation\trade_date=2026-07-17\exchange=NSE\symbol=AXISBANK\part-051608_596418-012514.parquet,35996,downloaded,35996,
2026-07-17,NSE,AXISBANK,raw_l2/trade_date=2026-07-17/exchange=NSE/symbol=AXISBANK/part-051526_078542-012418.parquet,real_data_sample\l2_unseen_validation\trade_date=2026-07-17\exchange=NSE\symbol=AXISBANK\part-051526_078542-012418.parquet,36401,downloaded,36401,
2026-07-17,NSE,AXISBANK,raw_l2/trade_date=2026-07-17/exchange=NSE/symbol=AXISBANK/part-051512_330107-012386.parquet,real_data_sample\l2_unseen_validation\trade_date=2026-07-17\exchange=NSE\symbol=AXISBANK\part-051512_330107-012386.parquet,35908,downloaded,35908,
2026-07-17,NSE,AXISBANK,raw_l2/trade_date=2026-07-17/exchange=NSE/symbol=AXISBANK/part-051554_094881-012482.parquet,real_data_sample\l2_unseen_validation\trade_date=2026-07-17\exchange=NSE\symbol=AXISBANK\part-051554_094881-012482.parquet,36122,downloaded,36122,
2026-07-17,NSE,AXISBANK,raw_l2/trade_date=2026-07-17/exchange=NSE/symbol=AXISBANK/part-050920_077536-011586.parquet,real_data_sample\l2_unseen_validation\trade_date=2026-07-17\exchange=NSE\symbol=AXISBANK\part-050920_077536-011586.parquet,35888,downloaded,35888,
2026-07-17,NSE,AXISBANK,raw_l2/trade_date=2026-07-17/exchange=NSE/symbol=AXISBANK/part-051458_573687-012354.parquet,real_data_sample\l2_unseen_validation\trade_date=2026-07-17\exchange=NSE\symbol=AXISBANK\part-051458_573687-012354.parquet,36169,downloaded,36169,
2026-07-17,NSE,AXISBANK,raw_l2/trade_date=2026-07-17/exchange=NSE/symbol=AXISBANK/part-051248_578578-012066.parquet,real_data_sample\l2_unseen_validation\trade_date=2026-07-17\exchange=NSE\symbol=AXISBANK\part-051248_578578-012066.parquet,35843,downloaded,35843,
2026-07-17,NSE,AXISBANK,raw_l2/trade_date=2026-07-17/exchange=NSE/symbol=AXISBANK/part-051651_588701-012610.parquet,real_data_sample\l2_unseen_validation\trade_date=2026-07-17\exchange=NSE\symbol=AXISBANK\part-051651_588701-012610.parquet,36110,downloaded,36110,
2026-07-17,NSE,AXISBANK,raw_l2/trade_date=2026-07-17/exchange=NSE/symbol=AXISBANK/part-051705_594123-012642.parquet,real_data_sample\l2_unseen_validation\trade_date=2026-07-17\exchange=NSE\symbol=AXISBANK\part-051705_594123-012642.parquet,35977,downloaded,35977,
2026-07-17,NSE,AXISBANK,raw_l2/trade_date=2026-07-17/exchange=NSE/symbol=AXISBANK/part-051637_097895-012578.parquet,real_data_sample\l2_unseen_validation\trade_date=2026-07-17\exchange=NSE\symbol=AXISBANK\part-051637_097895-012578.parquet,36413,downloaded,36413,
2026-07-17,NSE,AXISBANK,raw_l2/trade_date=2026-07-17/exchange=NSE/symbol=AXISBANK/part-051733_635772-012706.parquet,real_data_sample\l2_unseen_validation\trade_date=2026-07-17\exchange=NSE\symbol=AXISBANK\part-051733_635772-012706.parquet,35529,downloaded,35529,
2026-07-17,NSE,AXISBANK,raw_l2/trade_date=2026-07-17/exchange=NSE/symbol=AXISBANK/part-051719_589777-012674.parquet,real_data_sample\l2_unseen_validation\trade_date=2026-07-17\exchange=NSE\symbol=AXISBANK\part-051719_589777-012674.parquet,35911,downloaded,35911,
2026-07-17,NSE,AXISBANK,raw_l2/trade_date=2026-07-17/exchange=NSE/symbol=AXISBANK/part-051748_087544-012738.parquet,real_data_sample\l2_unseen_validation\trade_date=2026-07-17\exchange=NSE\symbol=AXISBANK\part-051748_087544-012738.parquet,35239,downloaded,35239,
2026-07-17,NSE,AXISBANK,raw_l2/trade_date=2026-07-17/exchange=NSE/symbol=AXISBANK/part-051220_838264-012002.parquet,real_data_sample\l2_unseen_validation\trade_date=2026-07-17\exchange=NSE\symbol=AXISBANK\part-051220_838264-012002.parquet,35467,downloaded,35467,
2026-07-17,NSE,AXISBANK,raw_l2/trade_date=2026-07-17/exchange=NSE/symbol=AXISBANK/part-052037_330947-013122.parquet,real_data_sample\l2_unseen_validation\trade_date=2026-07-17\exchange=NSE\symbol=AXISBANK\part-052037_330947-013122.parquet,35164,downloaded,35164,
2026-07-17,NSE,AXISBANK,raw_l2/trade_date=2026-07-17/exchange=NSE/symbol=AXISBANK/part-051802_599272-012770.parquet,real_data_sample\l2_unseen_validation\trade_date=2026-07-17\exchange=NSE\symbol=AXISBANK\part-051802_599272-012770.parquet,36107,downloaded,36107,
2026-07-17,NSE,AXISBANK,raw_l2/trade_date=2026-07-17/exchange=NSE/symbol=AXISBANK/part-052146_573742-013282.parquet,real_data_sample\l2_unseen_validation\trade_date=2026-07-17\exchange=NSE\symbol=AXISBANK\part-052146_573742-013282.parquet,35650,downloaded,35650,
2026-07-17,NSE,AXISBANK,raw_l2/trade_date=2026-07-17/exchange=NSE/symbol=AXISBANK/part-051914_332736-012930.parquet,real_data_sample\l2_unseen_validation\trade_date=2026-07-17\exchange=NSE\symbol=AXISBANK\part-051914_332736-012930.parquet,36228,downloaded,36228,
2026-07-17,NSE,AXISBANK,raw_l2/trade_date=2026-07-17/exchange=NSE/symbol=AXISBANK/part-052118_837638-013218.parquet,real_data_sample\l2_unseen_validation\trade_date=2026-07-17\exchange=NSE\symbol=AXISBANK\part-052118_837638-013218.parquet,35903,downloaded,35903,
2026-07-17,NSE,AXISBANK,raw_l2/trade_date=2026-07-17/exchange=NSE/symbol=AXISBANK/part-052132_613297-013250.parquet,real_data_sample\l2_unseen_validation\trade_date=2026-07-17\exchange=NSE\symbol=AXISBANK\part-052132_613297-013250.parquet,36049,downloaded,36049,
2026-07-17,NSE,AXISBANK,raw_l2/trade_date=2026-07-17/exchange=NSE/symbol=AXISBANK/part-051816_592162-012802.parquet,real_data_sample\l2_unseen_validation\trade_date=2026-07-17\exchange=NSE\symbol=AXISBANK\part-051816_592162-012802.parquet,35858,downloaded,35858,
2026-07-17,NSE,AXISBANK,raw_l2/trade_date=2026-07-17/exchange=NSE/symbol=AXISBANK/part-051928_332615-012962.parquet,real_data_sample\l2_unseen_validation\trade_date=2026-07-17\exchange=NSE\symbol=AXISBANK\part-051928_332615-012962.parquet,36061,downloaded,36061,
2026-07-17,NSE,AXISBANK,raw_l2/trade_date=2026-07-17/exchange=NSE/symbol=AXISBANK/part-052009_839656-013058.parquet,real_data_sample\l2_unseen_validation\trade_date=2026-07-17\exchange=NSE\symbol=AXISBANK\part-052009_839656-013058.parquet,35728,downloaded,35728,
2026-07-17,NSE,AXISBANK,raw_l2/trade_date=2026-07-17/exchange=NSE/symbol=AXISBANK/part-052104_829934-013186.parquet,real_data_sample\l2_unseen_validation\trade_date=2026-07-17\exchange=NSE\symbol=AXISBANK\part-052104_829934-013186.parquet,36111,downloaded,36111,
2026-07-17,NSE,AXISBANK,raw_l2/trade_date=2026-07-17/exchange=NSE/symbol=AXISBANK/part-051831_088390-012834.parquet,real_data_sample\l2_unseen_validation\trade_date=2026-07-17\exchange=NSE\symbol=AXISBANK\part-051831_088390-012834.parquet,35984,downloaded,35984,
2026-07-17,NSE,AXISBANK,raw_l2/trade_date=2026-07-17/exchange=NSE/symbol=AXISBANK/part-051942_100590-012994.parquet,real_data_sample\l2_unseen_validation\trade_date=2026-07-17\exchange=NSE\symbol=AXISBANK\part-051942_100590-012994.parquet,35739,downloaded,35739,
2026-07-17,NSE,AXISBANK,raw_l2/trade_date=2026-07-17/exchange=NSE/symbol=AXISBANK/part-051845_096884-012866.parquet,real_data_sample\l2_unseen_validation\trade_date=2026-07-17\exchange=NSE\symbol=AXISBANK\part-051845_096884-012866.parquet,35395,downloaded,35395,
2026-07-17,NSE,AXISBANK,raw_l2/trade_date=2026-07-17/exchange=NSE/symbol=AXISBANK/part-052051_083663-013154.parquet,real_data_sample\l2_unseen_validation\trade_date=2026-07-17\exchange=NSE\symbol=AXISBANK\part-052051_083663-013154.parquet,35138,downloaded,35138,
2026-07-17,NSE,AXISBANK,raw_l2/trade_date=2026-07-17/exchange=NSE/symbol=AXISBANK/part-051956_097916-013026.parquet,real_data_sample\l2_unseen_validation\trade_date=2026-07-17\exchange=NSE\symbol=AXISBANK\part-051956_097916-013026.parquet,35305,downloaded,35305,
2026-07-17,NSE,AXISBANK,raw_l2/trade_date=2026-07-17/exchange=NSE/symbol=AXISBANK/part-051900_087813-012898.parquet,real_data_sample\l2_unseen_validation\trade_date=2026-07-17\exchange=NSE\symbol=AXISBANK\part-051900_087813-012898.parquet,35822,downloaded,35822,
2026-07-17,NSE,AXISBANK,raw_l2/trade_date=2026-07-17/exchange=NSE/symbol=AXISBANK/part-052310_581331-013474.parquet,real_data_sample\l2_unseen_validation\trade_date=2026-07-17\exchange=NSE\symbol=AXISBANK\part-052310_581331-013474.parquet,36363,downloaded,36363,
2026-07-17,NSE,AXISBANK,raw_l2/trade_date=2026-07-17/exchange=NSE/symbol=AXISBANK/part-052023_574780-013090.parquet,real_data_sample\l2_unseen_validation\trade_date=2026-07-17\exchange=NSE\symbol=AXISBANK\part-052023_574780-013090.parquet,35581,downloaded,35581,
2026-07-17,NSE,AXISBANK,raw_l2/trade_date=2026-07-17/exchange=NSE/symbol=AXISBANK/part-052200_594861-013314.parquet,real_data_sample\l2_unseen_validation\trade_date=2026-07-17\exchange=NSE\symbol=AXISBANK\part-052200_594861-013314.parquet,35571,downloaded,35571,
2026-07-17,NSE,AXISBANK,raw_l2/trade_date=2026-07-17/exchange=NSE/symbol=AXISBANK/part-052214_582385-013346.parquet,real_data_sample\l2_unseen_validation\trade_date=2026-07-17\exchange=NSE\symbol=AXISBANK\part-052214_582385-013346.parquet,35153,downloaded,35153,
2026-07-17,NSE,AXISBANK,raw_l2/trade_date=2026-07-17/exchange=NSE/symbol=AXISBANK/part-052242_583532-013410.parquet,real_data_sample\l2_unseen_validation\trade_date=2026-07-17\exchange=NSE\symbol=AXISBANK\part-052242_583532-013410.parquet,35768,downloaded,35768,
2026-07-17,NSE,AXISBANK,raw_l2/trade_date=2026-07-17/exchange=NSE/symbol=AXISBANK/part-052256_595923-013442.parquet,real_data_sample\l2_unseen_validation\trade_date=2026-07-17\exchange=NSE\symbol=AXISBANK\part-052256_595923-013442.parquet,36454,downloaded,36454,
2026-07-17,NSE,AXISBANK,raw_l2/trade_date=2026-07-17/exchange=NSE/symbol=AXISBANK/part-052228_591723-013378.parquet,real_data_sample\l2_unseen_validation\trade_date=2026-07-17\exchange=NSE\symbol=AXISBANK\part-052228_591723-013378.parquet,35473,downloaded,35473,
2026-07-17,NSE,AXISBANK,raw_l2/trade_date=2026-07-17/exchange=NSE/symbol=AXISBANK/part-052406_580805-013602.parquet,real_data_sample\l2_unseen_validation\trade_date=2026-07-17\exchange=NSE\symbol=AXISBANK\part-052406_580805-013602.parquet,35068,downloaded,35068,
2026-07-17,NSE,AXISBANK,raw_l2/trade_date=2026-07-17/exchange=NSE/symbol=AXISBANK/part-052324_576908-013506.parquet,real_data_sample\l2_unseen_validation\trade_date=2026-07-17\exchange=NSE\symbol=AXISBANK\part-052324_576908-013506.parquet,36024,downloaded,36024,
2026-07-17,NSE,AXISBANK,raw_l2/trade_date=2026-07-17/exchange=NSE/symbol=AXISBANK/part-052338_577164-013538.parquet,real_data_sample\l2_unseen_validation\trade_date=2026-07-17\exchange=NSE\symbol=AXISBANK\part-052338_577164-013538.parquet,35285,downloaded,35285,
2026-07-17,NSE,AXISBANK,raw_l2/trade_date=2026-07-17/exchange=NSE/symbol=AXISBANK/part-052352_585981-013570.parquet,real_data_sample\l2_unseen_validation\trade_date=2026-07-17\exchange=NSE\symbol=AXISBANK\part-052352_585981-013570.parquet,35366,downloaded,35366,
2026-07-17,NSE,AXISBANK,raw_l2/trade_date=2026-07-17/exchange=NSE/symbol=AXISBANK/part-052434_576458-013666.parquet,real_data_sample\l2_unseen_validation\trade_date=2026-07-17\exchange=NSE\symbol=AXISBANK\part-052434_576458-013666.parquet,34745,downloaded,34745,
2026-07-17,NSE,AXISBANK,raw_l2/trade_date=2026-07-17/exchange=NSE/symbol=AXISBANK/part-052448_335192-013698.parquet,real_data_sample\l2_unseen_validation\trade_date=2026-07-17\exchange=NSE\symbol=AXISBANK\part-052448_335192-013698.parquet,34768,downloaded,34768,
2026-07-17,NSE,AXISBANK,raw_l2/trade_date=2026-07-17/exchange=NSE/symbol=AXISBANK/part-052420_590158-013634.parquet,real_data_sample\l2_unseen_validation\trade_date=2026-07-17\exchange=NSE\symbol=AXISBANK\part-052420_590158-013634.parquet,34972,downloaded,34972,
2026-07-17,NSE,AXISBANK,raw_l2/trade_date=2026-07-17/exchange=NSE/symbol=AXISBANK/part-053123_632693-014594.parquet,real_data_sample\l2_unseen_validation\trade_date=2026-07-17\exchange=NSE\symbol=AXISBANK\part-053123_632693-014594.parquet,35986,downloaded,35986,
2026-07-17,NSE,AXISBANK,raw_l2/trade_date=2026-07-17/exchange=NSE/symbol=AXISBANK/part-052544_090919-013826.parquet,real_data_sample\l2_unseen_validation\trade_date=2026-07-17\exchange=NSE\symbol=AXISBANK\part-052544_090919-013826.parquet,35993,downloaded,35993,
2026-07-17,NSE,AXISBANK,raw_l2/trade_date=2026-07-17/exchange=NSE/symbol=AXISBANK/part-053040_850752-014498.parquet,real_data_sample\l2_unseen_validation\trade_date=2026-07-17\exchange=NSE\symbol=AXISBANK\part-053040_850752-014498.parquet,34858,downloaded,34858,
2026-07-17,NSE,AXISBANK,raw_l2/trade_date=2026-07-17/exchange=NSE/symbol=AXISBANK/part-053054_853766-014530.parquet,real_data_sample\l2_unseen_validation\trade_date=2026-07-17\exchange=NSE\symbol=AXISBANK\part-053054_853766-014530.parquet,34994,downloaded,34994,
2026-07-17,NSE,AXISBANK,raw_l2/trade_date=2026-07-17/exchange=NSE/symbol=AXISBANK/part-053137_842326-014626.parquet,real_data_sample\l2_unseen_validation\trade_date=2026-07-17\exchange=NSE\symbol=AXISBANK\part-053137_842326-014626.parquet,36105,downloaded,36105,
2026-07-17,NSE,AXISBANK,raw_l2/trade_date=2026-07-17/exchange=NSE/symbol=AXISBANK/part-052558_095005-013858.parquet,real_data_sample\l2_unseen_validation\trade_date=2026-07-17\exchange=NSE\symbol=AXISBANK\part-052558_095005-013858.parquet,35785,downloaded,35785,
2026-07-17,NSE,AXISBANK,raw_l2/trade_date=2026-07-17/exchange=NSE/symbol=AXISBANK/part-053151_603391-014658.parquet,real_data_sample\l2_unseen_validation\trade_date=2026-07-17\exchange=NSE\symbol=AXISBANK\part-053151_603391-014658.parquet,35990,downloaded,35990,
2026-07-17,NSE,AXISBANK,raw_l2/trade_date=2026-07-17/exchange=NSE/symbol=AXISBANK/part-052516_133560-013762.parquet,real_data_sample\l2_unseen_validation\trade_date=2026-07-17\exchange=NSE\symbol=AXISBANK\part-052516_133560-013762.parquet,35229,downloaded,35229,
2026-07-17,NSE,AXISBANK,raw_l2/trade_date=2026-07-17/exchange=NSE/symbol=AXISBANK/part-052529_836037-013794.parquet,real_data_sample\l2_unseen_validation\trade_date=2026-07-17\exchange=NSE\symbol=AXISBANK\part-052529_836037-013794.parquet,36099,downloaded,36099,
2026-07-17,NSE,AXISBANK,raw_l2/trade_date=2026-07-17/exchange=NSE/symbol=AXISBANK/part-052612_337974-013890.parquet,real_data_sample\l2_unseen_validation\trade_date=2026-07-17\exchange=NSE\symbol=AXISBANK\part-052612_337974-013890.parquet,35777,downloaded,35777,
2026-07-17,NSE,AXISBANK,raw_l2/trade_date=2026-07-17/exchange=NSE/symbol=AXISBANK/part-053205_600029-014690.parquet,real_data_sample\l2_unseen_validation\trade_date=2026-07-17\exchange=NSE\symbol=AXISBANK\part-053205_600029-014690.parquet,35435,downloaded,35435,
2026-07-17,NSE,AXISBANK,raw_l2/trade_date=2026-07-17/exchange=NSE/symbol=AXISBANK/part-052915_350612-014306.parquet,real_data_sample\l2_unseen_validation\trade_date=2026-07-17\exchange=NSE\symbol=AXISBANK\part-052915_350612-014306.parquet,35268,downloaded,35268,
2026-07-17,NSE,AXISBANK,raw_l2/trade_date=2026-07-17/exchange=NSE/symbol=AXISBANK/part-052929_356797-014338.parquet,real_data_sample\l2_unseen_validation\trade_date=2026-07-17\exchange=NSE\symbol=AXISBANK\part-052929_356797-014338.parquet,35652,downloaded,35652,
2026-07-17,NSE,AXISBANK,raw_l2/trade_date=2026-07-17/exchange=NSE/symbol=AXISBANK/part-052722_860722-014050.parquet,real_data_sample\l2_unseen_validation\trade_date=2026-07-17\exchange=NSE\symbol=AXISBANK\part-052722_860722-014050.parquet,36276,downloaded,36276,
2026-07-17,NSE,AXISBANK,raw_l2/trade_date=2026-07-17/exchange=NSE/symbol=AXISBANK/part-052846_866869-014242.parquet,real_data_sample\l2_unseen_validation\trade_date=2026-07-17\exchange=NSE\symbol=AXISBANK\part-052846_866869-014242.parquet,35806,downloaded,35806,
2026-07-17,NSE,AXISBANK,raw_l2/trade_date=2026-07-17/exchange=NSE/symbol=AXISBANK/part-052804_606852-014146.parquet,real_data_sample\l2_unseen_validation\trade_date=2026-07-17\exchange=NSE\symbol=AXISBANK\part-052804_606852-014146.parquet,35993,downloaded,35993,
2026-07-17,NSE,AXISBANK,raw_l2/trade_date=2026-07-17/exchange=NSE/symbol=AXISBANK/part-052943_349065-014370.parquet,real_data_sample\l2_unseen_validation\trade_date=2026-07-17\exchange=NSE\symbol=AXISBANK\part-052943_349065-014370.parquet,35263,downloaded,35263,
2026-07-17,NSE,AXISBANK,raw_l2/trade_date=2026-07-17/exchange=NSE/symbol=AXISBANK/part-052818_600388-014178.parquet,real_data_sample\l2_unseen_validation\trade_date=2026-07-17\exchange=NSE\symbol=AXISBANK\part-052818_600388-014178.parquet,35443,downloaded,35443,
2026-07-17,NSE,AXISBANK,raw_l2/trade_date=2026-07-17/exchange=NSE/symbol=AXISBANK/part-052502_335442-013730.parquet,real_data_sample\l2_unseen_validation\trade_date=2026-07-17\exchange=NSE\symbol=AXISBANK\part-052502_335442-013730.parquet,34927,downloaded,34927,
2026-07-17,NSE,AXISBANK,raw_l2/trade_date=2026-07-17/exchange=NSE/symbol=AXISBANK/part-053027_100984-014466.parquet,real_data_sample\l2_unseen_validation\trade_date=2026-07-17\exchange=NSE\symbol=AXISBANK\part-053027_100984-014466.parquet,34656,downloaded,34656,
2026-07-17,NSE,AXISBANK,raw_l2/trade_date=2026-07-17/exchange=NSE/symbol=AXISBANK/part-052901_376460-014274.parquet,real_data_sample\l2_unseen_validation\trade_date=2026-07-17\exchange=NSE\symbol=AXISBANK\part-052901_376460-014274.parquet,35359,downloaded,35359,
2026-07-17,NSE,AXISBANK,raw_l2/trade_date=2026-07-17/exchange=NSE/symbol=AXISBANK/part-053108_888408-014562.parquet,real_data_sample\l2_unseen_validation\trade_date=2026-07-17\exchange=NSE\symbol=AXISBANK\part-053108_888408-014562.parquet,35081,downloaded,35081,
2026-07-17,NSE,AXISBANK,raw_l2/trade_date=2026-07-17/exchange=NSE/symbol=AXISBANK/part-052832_847769-014210.parquet,real_data_sample\l2_unseen_validation\trade_date=2026-07-17\exchange=NSE\symbol=AXISBANK\part-052832_847769-014210.parquet,35760,downloaded,35760,
2026-07-17,NSE,AXISBANK,raw_l2/trade_date=2026-07-17/exchange=NSE/symbol=AXISBANK/part-052736_849390-014082.parquet,real_data_sample\l2_unseen_validation\trade_date=2026-07-17\exchange=NSE\symbol=AXISBANK\part-052736_849390-014082.parquet,36035,downloaded,36035,
2026-07-17,NSE,AXISBANK,raw_l2/trade_date=2026-07-17/exchange=NSE/symbol=AXISBANK/part-052750_847797-014114.parquet,real_data_sample\l2_unseen_validation\trade_date=2026-07-17\exchange=NSE\symbol=AXISBANK\part-052750_847797-014114.parquet,35414,downloaded,35414,
2026-07-17,NSE,AXISBANK,raw_l2/trade_date=2026-07-17/exchange=NSE/symbol=AXISBANK/part-052640_580459-013954.parquet,real_data_sample\l2_unseen_validation\trade_date=2026-07-17\exchange=NSE\symbol=AXISBANK\part-052640_580459-013954.parquet,36062,downloaded,36062,
2026-07-17,NSE,AXISBANK,raw_l2/trade_date=2026-07-17/exchange=NSE/symbol=AXISBANK/part-052654_822125-013986.parquet,real_data_sample\l2_unseen_validation\trade_date=2026-07-17\exchange=NSE\symbol=AXISBANK\part-052654_822125-013986.parquet,36447,downloaded,36447,
2026-07-17,NSE,AXISBANK,raw_l2/trade_date=2026-07-17/exchange=NSE/symbol=AXISBANK/part-053011_413962-014434.parquet,real_data_sample\l2_unseen_validation\trade_date=2026-07-17\exchange=NSE\symbol=AXISBANK\part-053011_413962-014434.parquet,35312,downloaded,35312,
2026-07-17,NSE,AXISBANK,raw_l2/trade_date=2026-07-17/exchange=NSE/symbol=AXISBANK/part-052626_586573-013922.parquet,real_data_sample\l2_unseen_validation\trade_date=2026-07-17\exchange=NSE\symbol=AXISBANK\part-052626_586573-013922.parquet,36001,downloaded,36001,
2026-07-17,NSE,AXISBANK,raw_l2/trade_date=2026-07-17/exchange=NSE/symbol=AXISBANK/part-052708_881955-014018.parquet,real_data_sample\l2_unseen_validation\trade_date=2026-07-17\exchange=NSE\symbol=AXISBANK\part-052708_881955-014018.parquet,36484,downloaded,36484,
2026-07-17,NSE,AXISBANK,raw_l2/trade_date=2026-07-17/exchange=NSE/symbol=AXISBANK/part-052957_356407-014402.parquet,real_data_sample\l2_unseen_validation\trade_date=2026-07-17\exchange=NSE\symbol=AXISBANK\part-052957_356407-014402.parquet,35562,downloaded,35562,
2026-07-17,NSE,AXISBANK,raw_l2/trade_date=2026-07-17/exchange=NSE/symbol=AXISBANK/part-053219_843120-014722.parquet,real_data_sample\l2_unseen_validation\trade_date=2026-07-17\exchange=NSE\symbol=AXISBANK\part-053219_843120-014722.parquet,35989,downloaded,35989,
2026-07-17,NSE,AXISBANK,raw_l2/trade_date=2026-07-17/exchange=NSE/symbol=AXISBANK/part-053330_116126-014882.parquet,real_data_sample\l2_unseen_validation\trade_date=2026-07-17\exchange=NSE\symbol=AXISBANK\part-053330_116126-014882.parquet,35711,downloaded,35711,
2026-07-17,NSE,AXISBANK,raw_l2/trade_date=2026-07-17/exchange=NSE/symbol=AXISBANK/part-053357_864682-014946.parquet,real_data_sample\l2_unseen_validation\trade_date=2026-07-17\exchange=NSE\symbol=AXISBANK\part-053357_864682-014946.parquet,34964,downloaded,34964,
2026-07-17,NSE,AXISBANK,raw_l2/trade_date=2026-07-17/exchange=NSE/symbol=AXISBANK/part-053426_109422-015010.parquet,real_data_sample\l2_unseen_validation\trade_date=2026-07-17\exchange=NSE\symbol=AXISBANK\part-053426_109422-015010.parquet,35273,downloaded,35273,
2026-07-17,NSE,AXISBANK,raw_l2/trade_date=2026-07-17/exchange=NSE/symbol=AXISBANK/part-053412_084897-014978.parquet,real_data_sample\l2_unseen_validation\trade_date=2026-07-17\exchange=NSE\symbol=AXISBANK\part-053412_084897-014978.parquet,35668,downloaded,35668,
2026-07-17,NSE,AXISBANK,raw_l2/trade_date=2026-07-17/exchange=NSE/symbol=AXISBANK/part-053233_842171-014754.parquet,real_data_sample\l2_unseen_validation\trade_date=2026-07-17\exchange=NSE\symbol=AXISBANK\part-053233_842171-014754.parquet,35418,downloaded,35418,
2026-07-17,NSE,AXISBANK,raw_l2/trade_date=2026-07-17/exchange=NSE/symbol=AXISBANK/part-053507_338873-015106.parquet,real_data_sample\l2_unseen_validation\trade_date=2026-07-17\exchange=NSE\symbol=AXISBANK\part-053507_338873-015106.parquet,35286,downloaded,35286,
2026-07-17,NSE,AXISBANK,raw_l2/trade_date=2026-07-17/exchange=NSE/symbol=AXISBANK/part-053535_332839-015170.parquet,real_data_sample\l2_unseen_validation\trade_date=2026-07-17\exchange=NSE\symbol=AXISBANK\part-053535_332839-015170.parquet,35456,downloaded,35456,
2026-07-17,NSE,AXISBANK,raw_l2/trade_date=2026-07-17/exchange=NSE/symbol=AXISBANK/part-053932_342027-015714.parquet,real_data_sample\l2_unseen_validation\trade_date=2026-07-17\exchange=NSE\symbol=AXISBANK\part-053932_342027-015714.parquet,35804,downloaded,35804,
2026-07-17,NSE,AXISBANK,raw_l2/trade_date=2026-07-17/exchange=NSE/symbol=AXISBANK/part-053549_079774-015202.parquet,real_data_sample\l2_unseen_validation\trade_date=2026-07-17\exchange=NSE\symbol=AXISBANK\part-053549_079774-015202.parquet,35420,downloaded,35420,
2026-07-17,NSE,AXISBANK,raw_l2/trade_date=2026-07-17/exchange=NSE/symbol=AXISBANK/part-053850_613169-015618.parquet,real_data_sample\l2_unseen_validation\trade_date=2026-07-17\exchange=NSE\symbol=AXISBANK\part-053850_613169-015618.parquet,35970,downloaded,35970,
2026-07-17,NSE,AXISBANK,raw_l2/trade_date=2026-07-17/exchange=NSE/symbol=AXISBANK/part-053836_594049-015586.parquet,real_data_sample\l2_unseen_validation\trade_date=2026-07-17\exchange=NSE\symbol=AXISBANK\part-053836_594049-015586.parquet,36032,downloaded,36032,
2026-07-17,NSE,AXISBANK,raw_l2/trade_date=2026-07-17/exchange=NSE/symbol=AXISBANK/part-053602_832706-015234.parquet,real_data_sample\l2_unseen_validation\trade_date=2026-07-17\exchange=NSE\symbol=AXISBANK\part-053602_832706-015234.parquet,35520,downloaded,35520,
2026-07-17,NSE,AXISBANK,raw_l2/trade_date=2026-07-17/exchange=NSE/symbol=AXISBANK/part-053808_347878-015522.parquet,real_data_sample\l2_unseen_validation\trade_date=2026-07-17\exchange=NSE\symbol=AXISBANK\part-053808_347878-015522.parquet,35994,downloaded,35994,
2026-07-17,NSE,AXISBANK,raw_l2/trade_date=2026-07-17/exchange=NSE/symbol=AXISBANK/part-053247_849127-014786.parquet,real_data_sample\l2_unseen_validation\trade_date=2026-07-17\exchange=NSE\symbol=AXISBANK\part-053247_849127-014786.parquet,35725,downloaded,35725,
2026-07-17,NSE,AXISBANK,raw_l2/trade_date=2026-07-17/exchange=NSE/symbol=AXISBANK/part-053712_857757-015394.parquet,real_data_sample\l2_unseen_validation\trade_date=2026-07-17\exchange=NSE\symbol=AXISBANK\part-053712_857757-015394.parquet,35075,downloaded,35075,
2026-07-17,NSE,AXISBANK,raw_l2/trade_date=2026-07-17/exchange=NSE/symbol=AXISBANK/part-053315_851310-014850.parquet,real_data_sample\l2_unseen_validation\trade_date=2026-07-17\exchange=NSE\symbol=AXISBANK\part-053315_851310-014850.parquet,35763,downloaded,35763,
2026-07-17,NSE,AXISBANK,raw_l2/trade_date=2026-07-17/exchange=NSE/symbol=AXISBANK/part-053439_833218-015042.parquet,real_data_sample\l2_unseen_validation\trade_date=2026-07-17\exchange=NSE\symbol=AXISBANK\part-053439_833218-015042.parquet,35294,downloaded,35294,
2026-07-17,NSE,AXISBANK,raw_l2/trade_date=2026-07-17/exchange=NSE/symbol=AXISBANK/part-053344_093596-014914.parquet,real_data_sample\l2_unseen_validation\trade_date=2026-07-17\exchange=NSE\symbol=AXISBANK\part-053344_093596-014914.parquet,34868,downloaded,34868,
2026-07-17,NSE,AXISBANK,raw_l2/trade_date=2026-07-17/exchange=NSE/symbol=AXISBANK/part-053658_846508-015362.parquet,real_data_sample\l2_unseen_validation\trade_date=2026-07-17\exchange=NSE\symbol=AXISBANK\part-053658_846508-015362.parquet,34757,downloaded,34757,
2026-07-17,NSE,AXISBANK,raw_l2/trade_date=2026-07-17/exchange=NSE/symbol=AXISBANK/part-053645_094145-015330.parquet,real_data_sample\l2_unseen_validation\trade_date=2026-07-17\exchange=NSE\symbol=AXISBANK\part-053645_094145-015330.parquet,34738,downloaded,34738,
2026-07-17,NSE,AXISBANK,raw_l2/trade_date=2026-07-17/exchange=NSE/symbol=AXISBANK/part-054109_838062-015938.parquet,real_data_sample\l2_unseen_validation\trade_date=2026-07-17\exchange=NSE\symbol=AXISBANK\part-054109_838062-015938.parquet,35270,downloaded,35270,
2026-07-17,NSE,AXISBANK,raw_l2/trade_date=2026-07-17/exchange=NSE/symbol=AXISBANK/part-053918_114245-015682.parquet,real_data_sample\l2_unseen_validation\trade_date=2026-07-17\exchange=NSE\symbol=AXISBANK\part-053918_114245-015682.parquet,35809,downloaded,35809,
2026-07-17,NSE,AXISBANK,raw_l2/trade_date=2026-07-17/exchange=NSE/symbol=AXISBANK/part-054014_077181-015810.parquet,real_data_sample\l2_unseen_validation\trade_date=2026-07-17\exchange=NSE\symbol=AXISBANK\part-054014_077181-015810.parquet,35851,downloaded,35851,
2026-07-17,NSE,AXISBANK,raw_l2/trade_date=2026-07-17/exchange=NSE/symbol=AXISBANK/part-054123_610324-015970.parquet,real_data_sample\l2_unseen_validation\trade_date=2026-07-17\exchange=NSE\symbol=AXISBANK\part-054123_610324-015970.parquet,36072,downloaded,36072,
2026-07-17,NSE,AXISBANK,raw_l2/trade_date=2026-07-17/exchange=NSE/symbol=AXISBANK/part-054137_333724-016002.parquet,real_data_sample\l2_unseen_validation\trade_date=2026-07-17\exchange=NSE\symbol=AXISBANK\part-054137_333724-016002.parquet,35989,downloaded,35989,
2026-07-17,NSE,AXISBANK,raw_l2/trade_date=2026-07-17/exchange=NSE/symbol=AXISBANK/part-054232_822976-016130.parquet,real_data_sample\l2_unseen_validation\trade_date=2026-07-17\exchange=NSE\symbol=AXISBANK\part-054232_822976-016130.parquet,35343,downloaded,35343,
2026-07-17,NSE,AXISBANK,raw_l2/trade_date=2026-07-17/exchange=NSE/symbol=AXISBANK/part-054151_082924-016034.parquet,real_data_sample\l2_unseen_validation\trade_date=2026-07-17\exchange=NSE\symbol=AXISBANK\part-054151_082924-016034.parquet,35990,downloaded,35990,
2026-07-17,NSE,AXISBANK,raw_l2/trade_date=2026-07-17/exchange=NSE/symbol=AXISBANK/part-054055_856133-015906.parquet,real_data_sample\l2_unseen_validation\trade_date=2026-07-17\exchange=NSE\symbol=AXISBANK\part-054055_856133-015906.parquet,35524,downloaded,35524,
2026-07-17,NSE,AXISBANK,raw_l2/trade_date=2026-07-17/exchange=NSE/symbol=AXISBANK/part-054219_083602-016098.parquet,real_data_sample\l2_unseen_validation\trade_date=2026-07-17\exchange=NSE\symbol=AXISBANK\part-054219_083602-016098.parquet,36286,downloaded,36286,
2026-07-17,NSE,AXISBANK,raw_l2/trade_date=2026-07-17/exchange=NSE/symbol=AXISBANK/part-054205_080028-016066.parquet,real_data_sample\l2_unseen_validation\trade_date=2026-07-17\exchange=NSE\symbol=AXISBANK\part-054205_080028-016066.parquet,36165,downloaded,36165,
2026-07-17,NSE,AXISBANK,raw_l2/trade_date=2026-07-17/exchange=NSE/symbol=AXISBANK/part-054505_848099-016482.parquet,real_data_sample\l2_unseen_validation\trade_date=2026-07-17\exchange=NSE\symbol=AXISBANK\part-054505_848099-016482.parquet,35529,downloaded,35529,
2026-07-17,NSE,AXISBANK,raw_l2/trade_date=2026-07-17/exchange=NSE/symbol=AXISBANK/part-054533_605306-016546.parquet,real_data_sample\l2_unseen_validation\trade_date=2026-07-17\exchange=NSE\symbol=AXISBANK\part-054533_605306-016546.parquet,35298,downloaded,35298,
2026-07-17,NSE,AXISBANK,raw_l2/trade_date=2026-07-17/exchange=NSE/symbol=AXISBANK/part-054452_121999-016450.parquet,real_data_sample\l2_unseen_validation\trade_date=2026-07-17\exchange=NSE\symbol=AXISBANK\part-054452_121999-016450.parquet,35697,downloaded,35697,
2026-07-17,NSE,AXISBANK,raw_l2/trade_date=2026-07-17/exchange=NSE/symbol=AXISBANK/part-054424_343219-016386.parquet,real_data_sample\l2_unseen_validation\trade_date=2026-07-17\exchange=NSE\symbol=AXISBANK\part-054424_343219-016386.parquet,35559,downloaded,35559,
2026-07-17,NSE,AXISBANK,raw_l2/trade_date=2026-07-17/exchange=NSE/symbol=AXISBANK/part-054519_849446-016514.parquet,real_data_sample\l2_unseen_validation\trade_date=2026-07-17\exchange=NSE\symbol=AXISBANK\part-054519_849446-016514.parquet,35198,downloaded,35198,
2026-07-17,NSE,AXISBANK,raw_l2/trade_date=2026-07-17/exchange=NSE/symbol=AXISBANK/part-054342_592553-016290.parquet,real_data_sample\l2_unseen_validation\trade_date=2026-07-17\exchange=NSE\symbol=AXISBANK\part-054342_592553-016290.parquet,35520,downloaded,35520,
2026-07-17,NSE,AXISBANK,raw_l2/trade_date=2026-07-17/exchange=NSE/symbol=AXISBANK/part-054300_866270-016194.parquet,real_data_sample\l2_unseen_validation\trade_date=2026-07-17\exchange=NSE\symbol=AXISBANK\part-054300_866270-016194.parquet,35828,downloaded,35828,
2026-07-17,NSE,AXISBANK,raw_l2/trade_date=2026-07-17/exchange=NSE/symbol=AXISBANK/part-054547_597621-016578.parquet,real_data_sample\l2_unseen_validation\trade_date=2026-07-17\exchange=NSE\symbol=AXISBANK\part-054547_597621-016578.parquet,36023,downloaded,36023,
2026-07-17,NSE,AXISBANK,raw_l2/trade_date=2026-07-17/exchange=NSE/symbol=AXISBANK/part-054356_350446-016322.parquet,real_data_sample\l2_unseen_validation\trade_date=2026-07-17\exchange=NSE\symbol=AXISBANK\part-054356_350446-016322.parquet,35461,downloaded,35461,
2026-07-17,NSE,AXISBANK,raw_l2/trade_date=2026-07-17/exchange=NSE/symbol=AXISBANK/part-054438_097075-016418.parquet,real_data_sample\l2_unseen_validation\trade_date=2026-07-17\exchange=NSE\symbol=AXISBANK\part-054438_097075-016418.parquet,35631,downloaded,35631,
2026-07-17,NSE,AXISBANK,raw_l2/trade_date=2026-07-17/exchange=NSE/symbol=AXISBANK/part-054601_359431-016610.parquet,real_data_sample\l2_unseen_validation\trade_date=2026-07-17\exchange=NSE\symbol=AXISBANK\part-054601_359431-016610.parquet,35527,downloaded,35527,
2026-07-17,NSE,AXISBANK,raw_l2/trade_date=2026-07-17/exchange=NSE/symbol=AXISBANK/part-054410_364734-016354.parquet,real_data_sample\l2_unseen_validation\trade_date=2026-07-17\exchange=NSE\symbol=AXISBANK\part-054410_364734-016354.parquet,36062,downloaded,36062,
2026-07-17,NSE,AXISBANK,raw_l2/trade_date=2026-07-17/exchange=NSE/symbol=AXISBANK/part-054615_336615-016642.parquet,real_data_sample\l2_unseen_validation\trade_date=2026-07-17\exchange=NSE\symbol=AXISBANK\part-054615_336615-016642.parquet,35099,downloaded,35099,
2026-07-17,NSE,AXISBANK,raw_l2/trade_date=2026-07-17/exchange=NSE/symbol=AXISBANK/part-054629_088851-016674.parquet,real_data_sample\l2_unseen_validation\trade_date=2026-07-17\exchange=NSE\symbol=AXISBANK\part-054629_088851-016674.parquet,34845,downloaded,34845,
2026-07-17,NSE,AXISBANK,raw_l2/trade_date=2026-07-17/exchange=NSE/symbol=AXISBANK/part-054314_840872-016226.parquet,real_data_sample\l2_unseen_validation\trade_date=2026-07-17\exchange=NSE\symbol=AXISBANK\part-054314_840872-016226.parquet,35825,downloaded,35825,
2026-07-17,NSE,AXISBANK,raw_l2/trade_date=2026-07-17/exchange=NSE/symbol=AXISBANK/part-054642_857093-016706.parquet,real_data_sample\l2_unseen_validation\trade_date=2026-07-17\exchange=NSE\symbol=AXISBANK\part-054642_857093-016706.parquet,34793,downloaded,34793,
2026-07-17,NSE,AXISBANK,raw_l2/trade_date=2026-07-17/exchange=NSE/symbol=AXISBANK/part-054807_084090-016898.parquet,real_data_sample\l2_unseen_validation\trade_date=2026-07-17\exchange=NSE\symbol=AXISBANK\part-054807_084090-016898.parquet,34958,downloaded,34958,
2026-07-17,NSE,AXISBANK,raw_l2/trade_date=2026-07-17/exchange=NSE/symbol=AXISBANK/part-054738_859549-016834.parquet,real_data_sample\l2_unseen_validation\trade_date=2026-07-17\exchange=NSE\symbol=AXISBANK\part-054738_859549-016834.parquet,34686,downloaded,34686,
2026-07-17,NSE,AXISBANK,raw_l2/trade_date=2026-07-17/exchange=NSE/symbol=AXISBANK/part-054656_838264-016738.parquet,real_data_sample\l2_unseen_validation\trade_date=2026-07-17\exchange=NSE\symbol=AXISBANK\part-054656_838264-016738.parquet,34788,downloaded,34788,
2026-07-17,NSE,AXISBANK,raw_l2/trade_date=2026-07-17/exchange=NSE/symbol=AXISBANK/part-050026_329350-010370.parquet,real_data_sample\l2_unseen_validation\trade_date=2026-07-17\exchange=NSE\symbol=AXISBANK\part-050026_329350-010370.parquet,35653,downloaded,35653,
2026-07-17,NSE,AXISBANK,raw_l2/trade_date=2026-07-17/exchange=NSE/symbol=AXISBANK/part-054753_091565-016866.parquet,real_data_sample\l2_unseen_validation\trade_date=2026-07-17\exchange=NSE\symbol=AXISBANK\part-054753_091565-016866.parquet,34575,downloaded,34575,
2026-07-17,NSE,AXISBANK,raw_l2/trade_date=2026-07-17/exchange=NSE/symbol=AXISBANK/part-054710_607770-016770.parquet,real_data_sample\l2_unseen_validation\trade_date=2026-07-17\exchange=NSE\symbol=AXISBANK\part-054710_607770-016770.parquet,34841,downloaded,34841,
2026-07-17,NSE,AXISBANK,raw_l2/trade_date=2026-07-17/exchange=NSE/symbol=AXISBANK/part-054724_851855-016802.parquet,real_data_sample\l2_unseen_validation\trade_date=2026-07-17\exchange=NSE\symbol=AXISBANK\part-054724_851855-016802.parquet,34799,downloaded,34799,
2026-07-17,NSE,AXISBANK,raw_l2/trade_date=2026-07-17/exchange=NSE/symbol=AXISBANK/part-054821_136118-016930.parquet,real_data_sample\l2_unseen_validation\trade_date=2026-07-17\exchange=NSE\symbol=AXISBANK\part-054821_136118-016930.parquet,34800,downloaded,34800,
2026-07-17,NSE,AXISBANK,raw_l2/trade_date=2026-07-17/exchange=NSE/symbol=AXISBANK/part-054835_350650-016962.parquet,real_data_sample\l2_unseen_validation\trade_date=2026-07-17\exchange=NSE\symbol=AXISBANK\part-054835_350650-016962.parquet,34734,downloaded,34734,
2026-07-17,NSE,AXISBANK,raw_l2/trade_date=2026-07-17/exchange=NSE/symbol=AXISBANK/part-054849_590817-016994.parquet,real_data_sample\l2_unseen_validation\trade_date=2026-07-17\exchange=NSE\symbol=AXISBANK\part-054849_590817-016994.parquet,35020,downloaded,35020,
2026-07-17,NSE,AXISBANK,raw_l2/trade_date=2026-07-17/exchange=NSE/symbol=AXISBANK/part-054932_101439-017090.parquet,real_data_sample\l2_unseen_validation\trade_date=2026-07-17\exchange=NSE\symbol=AXISBANK\part-054932_101439-017090.parquet,35639,downloaded,35639,
2026-07-17,NSE,AXISBANK,raw_l2/trade_date=2026-07-17/exchange=NSE/symbol=AXISBANK/part-054903_600820-017026.parquet,real_data_sample\l2_unseen_validation\trade_date=2026-07-17\exchange=NSE\symbol=AXISBANK\part-054903_600820-017026.parquet,35079,downloaded,35079,
2026-07-17,NSE,AXISBANK,raw_l2/trade_date=2026-07-17/exchange=NSE/symbol=AXISBANK/part-054917_851158-017058.parquet,real_data_sample\l2_unseen_validation\trade_date=2026-07-17\exchange=NSE\symbol=AXISBANK\part-054917_851158-017058.parquet,35086,downloaded,35086,
2026-07-17,NSE,AXISBANK,raw_l2/trade_date=2026-07-17/exchange=NSE/symbol=AXISBANK/part-054946_342912-017122.parquet,real_data_sample\l2_unseen_validation\trade_date=2026-07-17\exchange=NSE\symbol=AXISBANK\part-054946_342912-017122.parquet,35831,downloaded,35831,
2026-07-17,NSE,AXISBANK,raw_l2/trade_date=2026-07-17/exchange=NSE/symbol=AXISBANK/part-054246_844395-016162.parquet,real_data_sample\l2_unseen_validation\trade_date=2026-07-17\exchange=NSE\symbol=AXISBANK\part-054246_844395-016162.parquet,35640,downloaded,35640,
2026-07-17,NSE,AXISBANK,raw_l2/trade_date=2026-07-17/exchange=NSE/symbol=AXISBANK/part-054328_591918-016258.parquet,real_data_sample\l2_unseen_validation\trade_date=2026-07-17\exchange=NSE\symbol=AXISBANK\part-054328_591918-016258.parquet,35998,downloaded,35998,
2026-07-17,NSE,AXISBANK,raw_l2/trade_date=2026-07-17/exchange=NSE/symbol=AXISBANK/part-055015_347173-017186.parquet,real_data_sample\l2_unseen_validation\trade_date=2026-07-17\exchange=NSE\symbol=AXISBANK\part-055015_347173-017186.parquet,35496,downloaded,35496,
2026-07-17,NSE,AXISBANK,raw_l2/trade_date=2026-07-17/exchange=NSE/symbol=AXISBANK/part-055127_685837-017346.parquet,real_data_sample\l2_unseen_validation\trade_date=2026-07-17\exchange=NSE\symbol=AXISBANK\part-055127_685837-017346.parquet,35580,downloaded,35580,
2026-07-17,NSE,AXISBANK,raw_l2/trade_date=2026-07-17/exchange=NSE/symbol=AXISBANK/part-055029_384721-017218.parquet,real_data_sample\l2_unseen_validation\trade_date=2026-07-17\exchange=NSE\symbol=AXISBANK\part-055029_384721-017218.parquet,35859,downloaded,35859,
2026-07-17,NSE,AXISBANK,raw_l2/trade_date=2026-07-17/exchange=NSE/symbol=AXISBANK/part-055058_399262-017282.parquet,real_data_sample\l2_unseen_validation\trade_date=2026-07-17\exchange=NSE\symbol=AXISBANK\part-055058_399262-017282.parquet,36482,downloaded,36482,
2026-07-17,NSE,AXISBANK,raw_l2/trade_date=2026-07-17/exchange=NSE/symbol=AXISBANK/part-055043_881091-017250.parquet,real_data_sample\l2_unseen_validation\trade_date=2026-07-17\exchange=NSE\symbol=AXISBANK\part-055043_881091-017250.parquet,35686,downloaded,35686,
2026-07-17,NSE,AXISBANK,raw_l2/trade_date=2026-07-17/exchange=NSE/symbol=AXISBANK/part-055226_527076-017474.parquet,real_data_sample\l2_unseen_validation\trade_date=2026-07-17\exchange=NSE\symbol=AXISBANK\part-055226_527076-017474.parquet,36258,downloaded,36258,
2026-07-17,NSE,AXISBANK,raw_l2/trade_date=2026-07-17/exchange=NSE/symbol=AXISBANK/part-055157_395347-017410.parquet,real_data_sample\l2_unseen_validation\trade_date=2026-07-17\exchange=NSE\symbol=AXISBANK\part-055157_395347-017410.parquet,36095,downloaded,36095,
2026-07-17,NSE,AXISBANK,raw_l2/trade_date=2026-07-17/exchange=NSE/symbol=AXISBANK/part-055211_909495-017442.parquet,real_data_sample\l2_unseen_validation\trade_date=2026-07-17\exchange=NSE\symbol=AXISBANK\part-055211_909495-017442.parquet,36020,downloaded,36020,
2026-07-17,NSE,AXISBANK,raw_l2/trade_date=2026-07-17/exchange=NSE/symbol=AXISBANK/part-055256_148539-017538.parquet,real_data_sample\l2_unseen_validation\trade_date=2026-07-17\exchange=NSE\symbol=AXISBANK\part-055256_148539-017538.parquet,36074,downloaded,36074,
2026-07-17,NSE,AXISBANK,raw_l2/trade_date=2026-07-17/exchange=NSE/symbol=AXISBANK/part-055310_422920-017570.parquet,real_data_sample\l2_unseen_validation\trade_date=2026-07-17\exchange=NSE\symbol=AXISBANK\part-055310_422920-017570.parquet,36509,downloaded,36509,
2026-07-17,NSE,AXISBANK,raw_l2/trade_date=2026-07-17/exchange=NSE/symbol=AXISBANK/part-055241_161083-017506.parquet,real_data_sample\l2_unseen_validation\trade_date=2026-07-17\exchange=NSE\symbol=AXISBANK\part-055241_161083-017506.parquet,36102,downloaded,36102,
2026-07-17,NSE,AXISBANK,raw_l2/trade_date=2026-07-17/exchange=NSE/symbol=AXISBANK/part-055324_622139-017602.parquet,real_data_sample\l2_unseen_validation\trade_date=2026-07-17\exchange=NSE\symbol=AXISBANK\part-055324_622139-017602.parquet,35527,downloaded,35527,
2026-07-17,NSE,AXISBANK,raw_l2/trade_date=2026-07-17/exchange=NSE/symbol=AXISBANK/part-055142_638835-017378.parquet,real_data_sample\l2_unseen_validation\trade_date=2026-07-17\exchange=NSE\symbol=AXISBANK\part-055142_638835-017378.parquet,35388,downloaded,35388,
2026-07-17,NSE,AXISBANK,raw_l2/trade_date=2026-07-17/exchange=NSE/symbol=AXISBANK/part-055000_848486-017154.parquet,real_data_sample\l2_unseen_validation\trade_date=2026-07-17\exchange=NSE\symbol=AXISBANK\part-055000_848486-017154.parquet,35683,downloaded,35683,
2026-07-17,NSE,AXISBANK,raw_l2/trade_date=2026-07-17/exchange=NSE/symbol=AXISBANK/part-053616_830145-015266.parquet,real_data_sample\l2_unseen_validation\trade_date=2026-07-17\exchange=NSE\symbol=AXISBANK\part-053616_830145-015266.parquet,35469,downloaded,35469,
2026-07-17,NSE,AXISBANK,raw_l2/trade_date=2026-07-17/exchange=NSE/symbol=AXISBANK/part-053726_848412-015426.parquet,real_data_sample\l2_unseen_validation\trade_date=2026-07-17\exchange=NSE\symbol=AXISBANK\part-053726_848412-015426.parquet,35774,downloaded,35774,
2026-07-17,NSE,AXISBANK,raw_l2/trade_date=2026-07-17/exchange=NSE/symbol=AXISBANK/part-055421_878425-017730.parquet,real_data_sample\l2_unseen_validation\trade_date=2026-07-17\exchange=NSE\symbol=AXISBANK\part-055421_878425-017730.parquet,35668,downloaded,35668,
2026-07-17,NSE,AXISBANK,raw_l2/trade_date=2026-07-17/exchange=NSE/symbol=AXISBANK/part-055449_879165-017794.parquet,real_data_sample\l2_unseen_validation\trade_date=2026-07-17\exchange=NSE\symbol=AXISBANK\part-055449_879165-017794.parquet,35294,downloaded,35294,
2026-07-17,NSE,AXISBANK,raw_l2/trade_date=2026-07-17/exchange=NSE/symbol=AXISBANK/part-055435_875009-017762.parquet,real_data_sample\l2_unseen_validation\trade_date=2026-07-17\exchange=NSE\symbol=AXISBANK\part-055435_875009-017762.parquet,35324,downloaded,35324,
2026-07-17,NSE,AXISBANK,raw_l2/trade_date=2026-07-17/exchange=NSE/symbol=AXISBANK/part-055503_913086-017826.parquet,real_data_sample\l2_unseen_validation\trade_date=2026-07-17\exchange=NSE\symbol=AXISBANK\part-055503_913086-017826.parquet,35942,downloaded,35942,
2026-07-17,NSE,AXISBANK,raw_l2/trade_date=2026-07-17/exchange=NSE/symbol=AXISBANK/part-055517_890341-017858.parquet,real_data_sample\l2_unseen_validation\trade_date=2026-07-17\exchange=NSE\symbol=AXISBANK\part-055517_890341-017858.parquet,36061,downloaded,36061,
2026-07-17,NSE,AXISBANK,raw_l2/trade_date=2026-07-17/exchange=NSE/symbol=AXISBANK/part-055338_892923-017634.parquet,real_data_sample\l2_unseen_validation\trade_date=2026-07-17\exchange=NSE\symbol=AXISBANK\part-055338_892923-017634.parquet,35597,downloaded,35597,
2026-07-17,NSE,AXISBANK,raw_l2/trade_date=2026-07-17/exchange=NSE/symbol=AXISBANK/part-055559_881762-017954.parquet,real_data_sample\l2_unseen_validation\trade_date=2026-07-17\exchange=NSE\symbol=AXISBANK\part-055559_881762-017954.parquet,36019,downloaded,36019,
2026-07-17,NSE,AXISBANK,raw_l2/trade_date=2026-07-17/exchange=NSE/symbol=AXISBANK/part-055545_876688-017922.parquet,real_data_sample\l2_unseen_validation\trade_date=2026-07-17\exchange=NSE\symbol=AXISBANK\part-055545_876688-017922.parquet,35456,downloaded,35456,
2026-07-17,NSE,AXISBANK,raw_l2/trade_date=2026-07-17/exchange=NSE/symbol=AXISBANK/part-055531_881033-017890.parquet,real_data_sample\l2_unseen_validation\trade_date=2026-07-17\exchange=NSE\symbol=AXISBANK\part-055531_881033-017890.parquet,35797,downloaded,35797,
2026-07-17,NSE,AXISBANK,raw_l2/trade_date=2026-07-17/exchange=NSE/symbol=AXISBANK/part-053453_581551-015074.parquet,real_data_sample\l2_unseen_validation\trade_date=2026-07-17\exchange=NSE\symbol=AXISBANK\part-053453_581551-015074.parquet,35358,downloaded,35358,
2026-07-17,NSE,AXISBANK,raw_l2/trade_date=2026-07-17/exchange=NSE/symbol=AXISBANK/part-055710_382814-018114.parquet,real_data_sample\l2_unseen_validation\trade_date=2026-07-17\exchange=NSE\symbol=AXISBANK\part-055710_382814-018114.parquet,35527,downloaded,35527,
2026-07-17,NSE,AXISBANK,raw_l2/trade_date=2026-07-17/exchange=NSE/symbol=AXISBANK/part-055614_151140-017986.parquet,real_data_sample\l2_unseen_validation\trade_date=2026-07-17\exchange=NSE\symbol=AXISBANK\part-055614_151140-017986.parquet,35946,downloaded,35946,
2026-07-17,NSE,AXISBANK,raw_l2/trade_date=2026-07-17/exchange=NSE/symbol=AXISBANK/part-055656_378887-018082.parquet,real_data_sample\l2_unseen_validation\trade_date=2026-07-17\exchange=NSE\symbol=AXISBANK\part-055656_378887-018082.parquet,35180,downloaded,35180,
2026-07-17,NSE,AXISBANK,raw_l2/trade_date=2026-07-17/exchange=NSE/symbol=AXISBANK/part-055642_383996-018050.parquet,real_data_sample\l2_unseen_validation\trade_date=2026-07-17\exchange=NSE\symbol=AXISBANK\part-055642_383996-018050.parquet,35492,downloaded,35492,
2026-07-17,NSE,AXISBANK,raw_l2/trade_date=2026-07-17/exchange=NSE/symbol=AXISBANK/part-055628_137330-018018.parquet,real_data_sample\l2_unseen_validation\trade_date=2026-07-17\exchange=NSE\symbol=AXISBANK\part-055628_137330-018018.parquet,35799,downloaded,35799,
2026-07-17,NSE,AXISBANK,raw_l2/trade_date=2026-07-17/exchange=NSE/symbol=AXISBANK/part-053904_340610-015650.parquet,real_data_sample\l2_unseen_validation\trade_date=2026-07-17\exchange=NSE\symbol=AXISBANK\part-053904_340610-015650.parquet,35515,downloaded,35515,
2026-07-17,NSE,AXISBANK,raw_l2/trade_date=2026-07-17/exchange=NSE/symbol=AXISBANK/part-053631_101336-015298.parquet,real_data_sample\l2_unseen_validation\trade_date=2026-07-17\exchange=NSE\symbol=AXISBANK\part-053631_101336-015298.parquet,34906,downloaded,34906,
2026-07-17,NSE,AXISBANK,raw_l2/trade_date=2026-07-17/exchange=NSE/symbol=AXISBANK/part-053822_345101-015554.parquet,real_data_sample\l2_unseen_validation\trade_date=2026-07-17\exchange=NSE\symbol=AXISBANK\part-053822_345101-015554.parquet,35875,downloaded,35875,
2026-07-17,NSE,AXISBANK,raw_l2/trade_date=2026-07-17/exchange=NSE/symbol=AXISBANK/part-053740_607588-015458.parquet,real_data_sample\l2_unseen_validation\trade_date=2026-07-17\exchange=NSE\symbol=AXISBANK\part-053740_607588-015458.parquet,36871,downloaded,36871,
2026-07-17,NSE,AXISBANK,raw_l2/trade_date=2026-07-17/exchange=NSE/symbol=AXISBANK/part-053754_594329-015490.parquet,real_data_sample\l2_unseen_validation\trade_date=2026-07-17\exchange=NSE\symbol=AXISBANK\part-053754_594329-015490.parquet,36101,downloaded,36101,
2026-07-17,NSE,AXISBANK,raw_l2/trade_date=2026-07-17/exchange=NSE/symbol=AXISBANK/part-055820_632931-018274.parquet,real_data_sample\l2_unseen_validation\trade_date=2026-07-17\exchange=NSE\symbol=AXISBANK\part-055820_632931-018274.parquet,35958,downloaded,35958,
2026-07-17,NSE,AXISBANK,raw_l2/trade_date=2026-07-17/exchange=NSE/symbol=AXISBANK/part-055806_629031-018242.parquet,real_data_sample\l2_unseen_validation\trade_date=2026-07-17\exchange=NSE\symbol=AXISBANK\part-055806_629031-018242.parquet,35861,downloaded,35861,
2026-07-17,NSE,AXISBANK,raw_l2/trade_date=2026-07-17/exchange=NSE/symbol=AXISBANK/part-055834_887357-018306.parquet,real_data_sample\l2_unseen_validation\trade_date=2026-07-17\exchange=NSE\symbol=AXISBANK\part-055834_887357-018306.parquet,35472,downloaded,35472,
2026-07-17,NSE,AXISBANK,raw_l2/trade_date=2026-07-17/exchange=NSE/symbol=AXISBANK/part-055849_142103-018338.parquet,real_data_sample\l2_unseen_validation\trade_date=2026-07-17\exchange=NSE\symbol=AXISBANK\part-055849_142103-018338.parquet,36125,downloaded,36125,
2026-07-17,NSE,AXISBANK,raw_l2/trade_date=2026-07-17/exchange=NSE/symbol=AXISBANK/part-055903_383808-018370.parquet,real_data_sample\l2_unseen_validation\trade_date=2026-07-17\exchange=NSE\symbol=AXISBANK\part-055903_383808-018370.parquet,36145,downloaded,36145,
2026-07-17,NSE,AXISBANK,raw_l2/trade_date=2026-07-17/exchange=NSE/symbol=AXISBANK/part-055917_386020-018402.parquet,real_data_sample\l2_unseen_validation\trade_date=2026-07-17\exchange=NSE\symbol=AXISBANK\part-055917_386020-018402.parquet,36053,downloaded,36053,
2026-07-17,NSE,AXISBANK,raw_l2/trade_date=2026-07-17/exchange=NSE/symbol=AXISBANK/part-055931_639445-018434.parquet,real_data_sample\l2_unseen_validation\trade_date=2026-07-17\exchange=NSE\symbol=AXISBANK\part-055931_639445-018434.parquet,36715,downloaded,36715,
2026-07-17,NSE,AXISBANK,raw_l2/trade_date=2026-07-17/exchange=NSE/symbol=AXISBANK/part-055945_646291-018466.parquet,real_data_sample\l2_unseen_validation\trade_date=2026-07-17\exchange=NSE\symbol=AXISBANK\part-055945_646291-018466.parquet,36279,downloaded,36279,
2026-07-17,NSE,AXISBANK,raw_l2/trade_date=2026-07-17/exchange=NSE/symbol=AXISBANK/part-053521_339213-015138.parquet,real_data_sample\l2_unseen_validation\trade_date=2026-07-17\exchange=NSE\symbol=AXISBANK\part-053521_339213-015138.parquet,35716,downloaded,35716,
2026-07-17,NSE,AXISBANK,raw_l2/trade_date=2026-07-17/exchange=NSE/symbol=AXISBANK/part-060028_632957-018562.parquet,real_data_sample\l2_unseen_validation\trade_date=2026-07-17\exchange=NSE\symbol=AXISBANK\part-060028_632957-018562.parquet,35740,downloaded,35740,
2026-07-17,NSE,AXISBANK,raw_l2/trade_date=2026-07-17/exchange=NSE/symbol=AXISBANK/part-060000_337855-018498.parquet,real_data_sample\l2_unseen_validation\trade_date=2026-07-17\exchange=NSE\symbol=AXISBANK\part-060000_337855-018498.parquet,36165,downloaded,36165,
2026-07-17,NSE,AXISBANK,raw_l2/trade_date=2026-07-17/exchange=NSE/symbol=AXISBANK/part-060125_380479-018690.parquet,real_data_sample\l2_unseen_validation\trade_date=2026-07-17\exchange=NSE\symbol=AXISBANK\part-060125_380479-018690.parquet,36160,downloaded,36160,
2026-07-17,NSE,AXISBANK,raw_l2/trade_date=2026-07-17/exchange=NSE/symbol=AXISBANK/part-060057_140134-018626.parquet,real_data_sample\l2_unseen_validation\trade_date=2026-07-17\exchange=NSE\symbol=AXISBANK\part-060057_140134-018626.parquet,35764,downloaded,35764,
2026-07-17,NSE,AXISBANK,raw_l2/trade_date=2026-07-17/exchange=NSE/symbol=AXISBANK/part-060042_903753-018594.parquet,real_data_sample\l2_unseen_validation\trade_date=2026-07-17\exchange=NSE\symbol=AXISBANK\part-060042_903753-018594.parquet,35571,downloaded,35571,
2026-07-17,NSE,AXISBANK,raw_l2/trade_date=2026-07-17/exchange=NSE/symbol=AXISBANK/part-055353_396508-017666.parquet,real_data_sample\l2_unseen_validation\trade_date=2026-07-17\exchange=NSE\symbol=AXISBANK\part-055353_396508-017666.parquet,35147,downloaded,35147,
2026-07-17,NSE,AXISBANK,raw_l2/trade_date=2026-07-17/exchange=NSE/symbol=AXISBANK/part-055738_624802-018178.parquet,real_data_sample\l2_unseen_validation\trade_date=2026-07-17\exchange=NSE\symbol=AXISBANK\part-055738_624802-018178.parquet,36093,downloaded,36093,
2026-07-17,NSE,AXISBANK,raw_l2/trade_date=2026-07-17/exchange=NSE/symbol=AXISBANK/part-053301_882554-014818.parquet,real_data_sample\l2_unseen_validation\trade_date=2026-07-17\exchange=NSE\symbol=AXISBANK\part-053301_882554-014818.parquet,35790,downloaded,35790,
2026-07-17,NSE,AXISBANK,raw_l2/trade_date=2026-07-17/exchange=NSE/symbol=AXISBANK/part-055724_381395-018146.parquet,real_data_sample\l2_unseen_validation\trade_date=2026-07-17\exchange=NSE\symbol=AXISBANK\part-055724_381395-018146.parquet,36149,downloaded,36149,
2026-07-17,NSE,AXISBANK,raw_l2/trade_date=2026-07-17/exchange=NSE/symbol=AXISBANK/part-060111_406924-018658.parquet,real_data_sample\l2_unseen_validation\trade_date=2026-07-17\exchange=NSE\symbol=AXISBANK\part-060111_406924-018658.parquet,36137,downloaded,36137,
2026-07-17,NSE,AXISBANK,raw_l2/trade_date=2026-07-17/exchange=NSE/symbol=AXISBANK/part-055407_630034-017698.parquet,real_data_sample\l2_unseen_validation\trade_date=2026-07-17\exchange=NSE\symbol=AXISBANK\part-055407_630034-017698.parquet,35479,downloaded,35479,
2026-07-17,NSE,AXISBANK,raw_l2/trade_date=2026-07-17/exchange=NSE/symbol=AXISBANK/part-060304_131841-018914.parquet,real_data_sample\l2_unseen_validation\trade_date=2026-07-17\exchange=NSE\symbol=AXISBANK\part-060304_131841-018914.parquet,35671,downloaded,35671,
2026-07-17,NSE,AXISBANK,raw_l2/trade_date=2026-07-17/exchange=NSE/symbol=AXISBANK/part-060249_882685-018882.parquet,real_data_sample\l2_unseen_validation\trade_date=2026-07-17\exchange=NSE\symbol=AXISBANK\part-060249_882685-018882.parquet,35539,downloaded,35539,
2026-07-17,NSE,AXISBANK,raw_l2/trade_date=2026-07-17/exchange=NSE/symbol=AXISBANK/part-060318_127734-018946.parquet,real_data_sample\l2_unseen_validation\trade_date=2026-07-17\exchange=NSE\symbol=AXISBANK\part-060318_127734-018946.parquet,35085,downloaded,35085,
2026-07-17,NSE,AXISBANK,raw_l2/trade_date=2026-07-17/exchange=NSE/symbol=AXISBANK/part-060153_642396-018754.parquet,real_data_sample\l2_unseen_validation\trade_date=2026-07-17\exchange=NSE\symbol=AXISBANK\part-060153_642396-018754.parquet,35595,downloaded,35595,
2026-07-17,NSE,AXISBANK,raw_l2/trade_date=2026-07-17/exchange=NSE/symbol=AXISBANK/part-060207_626462-018786.parquet,real_data_sample\l2_unseen_validation\trade_date=2026-07-17\exchange=NSE\symbol=AXISBANK\part-060207_626462-018786.parquet,35540,downloaded,35540,
2026-07-17,NSE,AXISBANK,raw_l2/trade_date=2026-07-17/exchange=NSE/symbol=AXISBANK/part-060332_139146-018978.parquet,real_data_sample\l2_unseen_validation\trade_date=2026-07-17\exchange=NSE\symbol=AXISBANK\part-060332_139146-018978.parquet,34839,downloaded,34839,
2026-07-17,NSE,AXISBANK,raw_l2/trade_date=2026-07-17/exchange=NSE/symbol=AXISBANK/part-060346_160672-019010.parquet,real_data_sample\l2_unseen_validation\trade_date=2026-07-17\exchange=NSE\symbol=AXISBANK\part-060346_160672-019010.parquet,34724,downloaded,34724,
2026-07-17,NSE,AXISBANK,raw_l2/trade_date=2026-07-17/exchange=NSE/symbol=AXISBANK/part-060428_391425-019106.parquet,real_data_sample\l2_unseen_validation\trade_date=2026-07-17\exchange=NSE\symbol=AXISBANK\part-060428_391425-019106.parquet,34785,downloaded,34785,
2026-07-17,NSE,AXISBANK,raw_l2/trade_date=2026-07-17/exchange=NSE/symbol=AXISBANK/part-060414_119267-019074.parquet,real_data_sample\l2_unseen_validation\trade_date=2026-07-17\exchange=NSE\symbol=AXISBANK\part-060414_119267-019074.parquet,34898,downloaded,34898,
2026-07-17,NSE,AXISBANK,raw_l2/trade_date=2026-07-17/exchange=NSE/symbol=AXISBANK/part-055113_145567-017314.parquet,real_data_sample\l2_unseen_validation\trade_date=2026-07-17\exchange=NSE\symbol=AXISBANK\part-055113_145567-017314.parquet,36334,downloaded,36334,
2026-07-17,NSE,AXISBANK,raw_l2/trade_date=2026-07-17/exchange=NSE/symbol=AXISBANK/part-060510_876465-019202.parquet,real_data_sample\l2_unseen_validation\trade_date=2026-07-17\exchange=NSE\symbol=AXISBANK\part-060510_876465-019202.parquet,34760,downloaded,34760,
2026-07-17,NSE,AXISBANK,raw_l2/trade_date=2026-07-17/exchange=NSE/symbol=AXISBANK/part-060731_345953-019522.parquet,real_data_sample\l2_unseen_validation\trade_date=2026-07-17\exchange=NSE\symbol=AXISBANK\part-060731_345953-019522.parquet,35787,downloaded,35787,
2026-07-17,NSE,AXISBANK,raw_l2/trade_date=2026-07-17/exchange=NSE/symbol=AXISBANK/part-060553_150045-019298.parquet,real_data_sample\l2_unseen_validation\trade_date=2026-07-17\exchange=NSE\symbol=AXISBANK\part-060553_150045-019298.parquet,34663,downloaded,34663,
2026-07-17,NSE,AXISBANK,raw_l2/trade_date=2026-07-17/exchange=NSE/symbol=AXISBANK/part-060400_150718-019042.parquet,real_data_sample\l2_unseen_validation\trade_date=2026-07-17\exchange=NSE\symbol=AXISBANK\part-060400_150718-019042.parquet,34766,downloaded,34766,
2026-07-17,NSE,AXISBANK,raw_l2/trade_date=2026-07-17/exchange=NSE/symbol=AXISBANK/part-060539_134793-019266.parquet,real_data_sample\l2_unseen_validation\trade_date=2026-07-17\exchange=NSE\symbol=AXISBANK\part-060539_134793-019266.parquet,34726,downloaded,34726,
2026-07-17,NSE,AXISBANK,raw_l2/trade_date=2026-07-17/exchange=NSE/symbol=AXISBANK/part-060524_875017-019234.parquet,real_data_sample\l2_unseen_validation\trade_date=2026-07-17\exchange=NSE\symbol=AXISBANK\part-060524_875017-019234.parquet,34767,downloaded,34767,
2026-07-17,NSE,AXISBANK,raw_l2/trade_date=2026-07-17/exchange=NSE/symbol=AXISBANK/part-060456_881770-019170.parquet,real_data_sample\l2_unseen_validation\trade_date=2026-07-17\exchange=NSE\symbol=AXISBANK\part-060456_881770-019170.parquet,34538,downloaded,34538,
2026-07-17,NSE,AXISBANK,raw_l2/trade_date=2026-07-17/exchange=NSE/symbol=AXISBANK/part-060745_618010-019554.parquet,real_data_sample\l2_unseen_validation\trade_date=2026-07-17\exchange=NSE\symbol=AXISBANK\part-060745_618010-019554.parquet,35887,downloaded,35887,
2026-07-17,NSE,AXISBANK,raw_l2/trade_date=2026-07-17/exchange=NSE/symbol=AXISBANK/part-060703_153358-019458.parquet,real_data_sample\l2_unseen_validation\trade_date=2026-07-17\exchange=NSE\symbol=AXISBANK\part-060703_153358-019458.parquet,36100,downloaded,36100,
2026-07-17,NSE,AXISBANK,raw_l2/trade_date=2026-07-17/exchange=NSE/symbol=AXISBANK/part-060800_584489-019586.parquet,real_data_sample\l2_unseen_validation\trade_date=2026-07-17\exchange=NSE\symbol=AXISBANK\part-060800_584489-019586.parquet,36229,downloaded,36229,
2026-07-17,NSE,AXISBANK,raw_l2/trade_date=2026-07-17/exchange=NSE/symbol=AXISBANK/part-054000_104888-015778.parquet,real_data_sample\l2_unseen_validation\trade_date=2026-07-17\exchange=NSE\symbol=AXISBANK\part-054000_104888-015778.parquet,35057,downloaded,35057,
2026-07-17,NSE,AXISBANK,raw_l2/trade_date=2026-07-17/exchange=NSE/symbol=AXISBANK/part-060607_130456-019330.parquet,real_data_sample\l2_unseen_validation\trade_date=2026-07-17\exchange=NSE\symbol=AXISBANK\part-060607_130456-019330.parquet,34962,downloaded,34962,
2026-07-17,NSE,AXISBANK,raw_l2/trade_date=2026-07-17/exchange=NSE/symbol=AXISBANK/part-054041_884623-015874.parquet,real_data_sample\l2_unseen_validation\trade_date=2026-07-17\exchange=NSE\symbol=AXISBANK\part-054041_884623-015874.parquet,35762,downloaded,35762,
2026-07-17,NSE,AXISBANK,raw_l2/trade_date=2026-07-17/exchange=NSE/symbol=AXISBANK/part-053946_102415-015746.parquet,real_data_sample\l2_unseen_validation\trade_date=2026-07-17\exchange=NSE\symbol=AXISBANK\part-053946_102415-015746.parquet,35159,downloaded,35159,
2026-07-17,NSE,AXISBANK,raw_l2/trade_date=2026-07-17/exchange=NSE/symbol=AXISBANK/part-060648_907372-019426.parquet,real_data_sample\l2_unseen_validation\trade_date=2026-07-17\exchange=NSE\symbol=AXISBANK\part-060648_907372-019426.parquet,35511,downloaded,35511,
2026-07-17,NSE,AXISBANK,raw_l2/trade_date=2026-07-17/exchange=NSE/symbol=AXISBANK/part-060717_136976-019490.parquet,real_data_sample\l2_unseen_validation\trade_date=2026-07-17\exchange=NSE\symbol=AXISBANK\part-060717_136976-019490.parquet,35665,downloaded,35665,
2026-07-17,NSE,AXISBANK,raw_l2/trade_date=2026-07-17/exchange=NSE/symbol=AXISBANK/part-060139_373900-018722.parquet,real_data_sample\l2_unseen_validation\trade_date=2026-07-17\exchange=NSE\symbol=AXISBANK\part-060139_373900-018722.parquet,35461,downloaded,35461,
2026-07-17,NSE,AXISBANK,raw_l2/trade_date=2026-07-17/exchange=NSE/symbol=AXISBANK/part-060014_651231-018530.parquet,real_data_sample\l2_unseen_validation\trade_date=2026-07-17\exchange=NSE\symbol=AXISBANK\part-060014_651231-018530.parquet,36419,downloaded,36419,
2026-07-17,NSE,AXISBANK,raw_l2/trade_date=2026-07-17/exchange=NSE/symbol=AXISBANK/part-054028_084397-015842.parquet,real_data_sample\l2_unseen_validation\trade_date=2026-07-17\exchange=NSE\symbol=AXISBANK\part-054028_084397-015842.parquet,35635,downloaded,35635,
2026-07-17,NSE,AXISBANK,raw_l2/trade_date=2026-07-17/exchange=NSE/symbol=AXISBANK/part-060235_874950-018850.parquet,real_data_sample\l2_unseen_validation\trade_date=2026-07-17\exchange=NSE\symbol=AXISBANK\part-060235_874950-018850.parquet,35512,downloaded,35512,
2026-07-17,NSE,AXISBANK,raw_l2/trade_date=2026-07-17/exchange=NSE/symbol=AXISBANK/part-060620_881433-019362.parquet,real_data_sample\l2_unseen_validation\trade_date=2026-07-17\exchange=NSE\symbol=AXISBANK\part-060620_881433-019362.parquet,35634,downloaded,35634,
2026-07-17,NSE,AXISBANK,raw_l2/trade_date=2026-07-17/exchange=NSE/symbol=AXISBANK/part-060221_880472-018818.parquet,real_data_sample\l2_unseen_validation\trade_date=2026-07-17\exchange=NSE\symbol=AXISBANK\part-060221_880472-018818.parquet,35974,downloaded,35974,
2026-07-17,NSE,AXISBANK,raw_l2/trade_date=2026-07-17/exchange=NSE/symbol=AXISBANK/part-061010_852807-019874.parquet,real_data_sample\l2_unseen_validation\trade_date=2026-07-17\exchange=NSE\symbol=AXISBANK\part-061010_852807-019874.parquet,34837,downloaded,34837,
2026-07-17,NSE,AXISBANK,raw_l2/trade_date=2026-07-17/exchange=NSE/symbol=AXISBANK/part-061205_845145-020130.parquet,real_data_sample\l2_unseen_validation\trade_date=2026-07-17\exchange=NSE\symbol=AXISBANK\part-061205_845145-020130.parquet,35780,downloaded,35780,
2026-07-17,NSE,AXISBANK,raw_l2/trade_date=2026-07-17/exchange=NSE/symbol=AXISBANK/part-061136_871538-020066.parquet,real_data_sample\l2_unseen_validation\trade_date=2026-07-17\exchange=NSE\symbol=AXISBANK\part-061136_871538-020066.parquet,35944,downloaded,35944,
2026-07-17,NSE,AXISBANK,raw_l2/trade_date=2026-07-17/exchange=NSE/symbol=AXISBANK/part-060859_359047-019714.parquet,real_data_sample\l2_unseen_validation\trade_date=2026-07-17\exchange=NSE\symbol=AXISBANK\part-060859_359047-019714.parquet,35575,downloaded,35575,
2026-07-17,NSE,AXISBANK,raw_l2/trade_date=2026-07-17/exchange=NSE/symbol=AXISBANK/part-060845_090198-019682.parquet,real_data_sample\l2_unseen_validation\trade_date=2026-07-17\exchange=NSE\symbol=AXISBANK\part-060845_090198-019682.parquet,35476,downloaded,35476,
2026-07-17,NSE,AXISBANK,raw_l2/trade_date=2026-07-17/exchange=NSE/symbol=AXISBANK/part-060913_375032-019746.parquet,real_data_sample\l2_unseen_validation\trade_date=2026-07-17\exchange=NSE\symbol=AXISBANK\part-060913_375032-019746.parquet,35009,downloaded,35009,
2026-07-17,NSE,AXISBANK,raw_l2/trade_date=2026-07-17/exchange=NSE/symbol=AXISBANK/part-061108_379646-020002.parquet,real_data_sample\l2_unseen_validation\trade_date=2026-07-17\exchange=NSE\symbol=AXISBANK\part-061108_379646-020002.parquet,34668,downloaded,34668,
2026-07-17,NSE,AXISBANK,raw_l2/trade_date=2026-07-17/exchange=NSE/symbol=AXISBANK/part-060927_858708-019778.parquet,real_data_sample\l2_unseen_validation\trade_date=2026-07-17\exchange=NSE\symbol=AXISBANK\part-060927_858708-019778.parquet,34801,downloaded,34801,
2026-07-17,NSE,AXISBANK,raw_l2/trade_date=2026-07-17/exchange=NSE/symbol=AXISBANK/part-061053_833950-019970.parquet,real_data_sample\l2_unseen_validation\trade_date=2026-07-17\exchange=NSE\symbol=AXISBANK\part-061053_833950-019970.parquet,34831,downloaded,34831,
2026-07-17,NSE,AXISBANK,raw_l2/trade_date=2026-07-17/exchange=NSE/symbol=AXISBANK/part-061122_589565-020034.parquet,real_data_sample\l2_unseen_validation\trade_date=2026-07-17\exchange=NSE\symbol=AXISBANK\part-061122_589565-020034.parquet,35424,downloaded,35424,
2026-07-17,NSE,AXISBANK,raw_l2/trade_date=2026-07-17/exchange=NSE/symbol=AXISBANK/part-061025_091599-019906.parquet,real_data_sample\l2_unseen_validation\trade_date=2026-07-17\exchange=NSE\symbol=AXISBANK\part-061025_091599-019906.parquet,34843,downloaded,34843,
2026-07-17,NSE,AXISBANK,raw_l2/trade_date=2026-07-17/exchange=NSE/symbol=AXISBANK/part-060956_345149-019842.parquet,real_data_sample\l2_unseen_validation\trade_date=2026-07-17\exchange=NSE\symbol=AXISBANK\part-060956_345149-019842.parquet,34737,downloaded,34737,
2026-07-17,NSE,AXISBANK,raw_l2/trade_date=2026-07-17/exchange=NSE/symbol=AXISBANK/part-061151_346123-020098.parquet,real_data_sample\l2_unseen_validation\trade_date=2026-07-17\exchange=NSE\symbol=AXISBANK\part-061151_346123-020098.parquet,35837,downloaded,35837,
2026-07-17,NSE,AXISBANK,raw_l2/trade_date=2026-07-17/exchange=NSE/symbol=AXISBANK/part-061039_368324-019938.parquet,real_data_sample\l2_unseen_validation\trade_date=2026-07-17\exchange=NSE\symbol=AXISBANK\part-061039_368324-019938.parquet,35037,downloaded,35037,
2026-07-17,NSE,AXISBANK,raw_l2/trade_date=2026-07-17/exchange=NSE/symbol=AXISBANK/part-061220_378390-020162.parquet,real_data_sample\l2_unseen_validation\trade_date=2026-07-17\exchange=NSE\symbol=AXISBANK\part-061220_378390-020162.parquet,35630,downloaded,35630,
2026-07-17,NSE,AXISBANK,raw_l2/trade_date=2026-07-17/exchange=NSE/symbol=AXISBANK/part-060634_887620-019394.parquet,real_data_sample\l2_unseen_validation\trade_date=2026-07-17\exchange=NSE\symbol=AXISBANK\part-060634_887620-019394.parquet,35968,downloaded,35968,
2026-07-17,NSE,AXISBANK,raw_l2/trade_date=2026-07-17/exchange=NSE/symbol=AXISBANK/part-060442_887133-019138.parquet,real_data_sample\l2_unseen_validation\trade_date=2026-07-17\exchange=NSE\symbol=AXISBANK\part-060442_887133-019138.parquet,34673,downloaded,34673,
2026-07-17,NSE,AXISBANK,raw_l2/trade_date=2026-07-17/exchange=NSE/symbol=AXISBANK/part-060816_090494-019618.parquet,real_data_sample\l2_unseen_validation\trade_date=2026-07-17\exchange=NSE\symbol=AXISBANK\part-060816_090494-019618.parquet,36008,downloaded,36008,
2026-07-17,NSE,AXISBANK,raw_l2/trade_date=2026-07-17/exchange=NSE/symbol=AXISBANK/part-060830_598513-019650.parquet,real_data_sample\l2_unseen_validation\trade_date=2026-07-17\exchange=NSE\symbol=AXISBANK\part-060830_598513-019650.parquet,35335,downloaded,35335,
2026-07-17,NSE,AXISBANK,raw_l2/trade_date=2026-07-17/exchange=NSE/symbol=AXISBANK/part-061303_602050-020258.parquet,real_data_sample\l2_unseen_validation\trade_date=2026-07-17\exchange=NSE\symbol=AXISBANK\part-061303_602050-020258.parquet,35376,downloaded,35376,
2026-07-17,NSE,AXISBANK,raw_l2/trade_date=2026-07-17/exchange=NSE/symbol=AXISBANK/part-061835_165151-020994.parquet,real_data_sample\l2_unseen_validation\trade_date=2026-07-17\exchange=NSE\symbol=AXISBANK\part-061835_165151-020994.parquet,35026,downloaded,35026,
2026-07-17,NSE,AXISBANK,raw_l2/trade_date=2026-07-17/exchange=NSE/symbol=AXISBANK/part-055752_626258-018210.parquet,real_data_sample\l2_unseen_validation\trade_date=2026-07-17\exchange=NSE\symbol=AXISBANK\part-055752_626258-018210.parquet,35960,downloaded,35960,
2026-07-17,NSE,AXISBANK,raw_l2/trade_date=2026-07-17/exchange=NSE/symbol=AXISBANK/part-061249_134894-020226.parquet,real_data_sample\l2_unseen_validation\trade_date=2026-07-17\exchange=NSE\symbol=AXISBANK\part-061249_134894-020226.parquet,35415,downloaded,35415,
2026-07-17,NSE,AXISBANK,raw_l2/trade_date=2026-07-17/exchange=NSE/symbol=AXISBANK/part-061512_914256-020546.parquet,real_data_sample\l2_unseen_validation\trade_date=2026-07-17\exchange=NSE\symbol=AXISBANK\part-061512_914256-020546.parquet,35364,downloaded,35364,
2026-07-17,NSE,AXISBANK,raw_l2/trade_date=2026-07-17/exchange=NSE/symbol=AXISBANK/part-061626_363654-020706.parquet,real_data_sample\l2_unseen_validation\trade_date=2026-07-17\exchange=NSE\symbol=AXISBANK\part-061626_363654-020706.parquet,34866,downloaded,34866,
2026-07-17,NSE,AXISBANK,raw_l2/trade_date=2026-07-17/exchange=NSE/symbol=AXISBANK/part-061556_114825-020642.parquet,real_data_sample\l2_unseen_validation\trade_date=2026-07-17\exchange=NSE\symbol=AXISBANK\part-061556_114825-020642.parquet,34667,downloaded,34667,
2026-07-17,NSE,AXISBANK,raw_l2/trade_date=2026-07-17/exchange=NSE/symbol=AXISBANK/part-061610_444964-020674.parquet,real_data_sample\l2_unseen_validation\trade_date=2026-07-17\exchange=NSE\symbol=AXISBANK\part-061610_444964-020674.parquet,34757,downloaded,34757,
2026-07-17,NSE,AXISBANK,raw_l2/trade_date=2026-07-17/exchange=NSE/symbol=AXISBANK/part-061527_356510-020578.parquet,real_data_sample\l2_unseen_validation\trade_date=2026-07-17\exchange=NSE\symbol=AXISBANK\part-061527_356510-020578.parquet,34759,downloaded,34759,
2026-07-17,NSE,AXISBANK,raw_l2/trade_date=2026-07-17/exchange=NSE/symbol=AXISBANK/part-061541_609539-020610.parquet,real_data_sample\l2_unseen_validation\trade_date=2026-07-17\exchange=NSE\symbol=AXISBANK\part-061541_609539-020610.parquet,34773,downloaded,34773,
2026-07-17,NSE,AXISBANK,raw_l2/trade_date=2026-07-17/exchange=NSE/symbol=AXISBANK/part-061415_401183-020418.parquet,real_data_sample\l2_unseen_validation\trade_date=2026-07-17\exchange=NSE\symbol=AXISBANK\part-061415_401183-020418.parquet,35360,downloaded,35360,
2026-07-17,NSE,AXISBANK,raw_l2/trade_date=2026-07-17/exchange=NSE/symbol=AXISBANK/part-061751_145490-020898.parquet,real_data_sample\l2_unseen_validation\trade_date=2026-07-17\exchange=NSE\symbol=AXISBANK\part-061751_145490-020898.parquet,35161,downloaded,35161,
2026-07-17,NSE,AXISBANK,raw_l2/trade_date=2026-07-17/exchange=NSE/symbol=AXISBANK/part-060942_332814-019810.parquet,real_data_sample\l2_unseen_validation\trade_date=2026-07-17\exchange=NSE\symbol=AXISBANK\part-060942_332814-019810.parquet,35073,downloaded,35073,
2026-07-17,NSE,AXISBANK,raw_l2/trade_date=2026-07-17/exchange=NSE/symbol=AXISBANK/part-061820_588374-020962.parquet,real_data_sample\l2_unseen_validation\trade_date=2026-07-17\exchange=NSE\symbol=AXISBANK\part-061820_588374-020962.parquet,35005,downloaded,35005,
2026-07-17,NSE,AXISBANK,raw_l2/trade_date=2026-07-17/exchange=NSE/symbol=AXISBANK/part-061806_337664-020930.parquet,real_data_sample\l2_unseen_validation\trade_date=2026-07-17\exchange=NSE\symbol=AXISBANK\part-061806_337664-020930.parquet,35419,downloaded,35419,
2026-07-17,NSE,AXISBANK,raw_l2/trade_date=2026-07-17/exchange=NSE/symbol=AXISBANK/part-061723_109199-020834.parquet,real_data_sample\l2_unseen_validation\trade_date=2026-07-17\exchange=NSE\symbol=AXISBANK\part-061723_109199-020834.parquet,35831,downloaded,35831,
2026-07-17,NSE,AXISBANK,raw_l2/trade_date=2026-07-17/exchange=NSE/symbol=AXISBANK/part-061654_584970-020770.parquet,real_data_sample\l2_unseen_validation\trade_date=2026-07-17\exchange=NSE\symbol=AXISBANK\part-061654_584970-020770.parquet,34800,downloaded,34800,
2026-07-17,NSE,AXISBANK,raw_l2/trade_date=2026-07-17/exchange=NSE/symbol=AXISBANK/part-061737_105872-020866.parquet,real_data_sample\l2_unseen_validation\trade_date=2026-07-17\exchange=NSE\symbol=AXISBANK\part-061737_105872-020866.parquet,35370,downloaded,35370,
2026-07-17,NSE,AXISBANK,raw_l2/trade_date=2026-07-17/exchange=NSE/symbol=AXISBANK/part-061708_842390-020802.parquet,real_data_sample\l2_unseen_validation\trade_date=2026-07-17\exchange=NSE\symbol=AXISBANK\part-061708_842390-020802.parquet,34887,downloaded,34887,
2026-07-17,NSE,AXISBANK,raw_l2/trade_date=2026-07-17/exchange=NSE/symbol=AXISBANK/part-061640_608645-020738.parquet,real_data_sample\l2_unseen_validation\trade_date=2026-07-17\exchange=NSE\symbol=AXISBANK\part-061640_608645-020738.parquet,35068,downloaded,35068,
2026-07-17,NSE,AXISBANK,raw_l2/trade_date=2026-07-17/exchange=NSE/symbol=AXISBANK/part-061234_844344-020194.parquet,real_data_sample\l2_unseen_validation\trade_date=2026-07-17\exchange=NSE\symbol=AXISBANK\part-061234_844344-020194.parquet,35921,downloaded,35921,
2026-07-17,NSE,AXISBANK,raw_l2/trade_date=2026-07-17/exchange=NSE/symbol=AXISBANK/part-061946_606071-021154.parquet,real_data_sample\l2_unseen_validation\trade_date=2026-07-17\exchange=NSE\symbol=AXISBANK\part-061946_606071-021154.parquet,34727,downloaded,34727,
2026-07-17,NSE,AXISBANK,raw_l2/trade_date=2026-07-17/exchange=NSE/symbol=AXISBANK/part-061346_866181-020354.parquet,real_data_sample\l2_unseen_validation\trade_date=2026-07-17\exchange=NSE\symbol=AXISBANK\part-061346_866181-020354.parquet,34899,downloaded,34899,
2026-07-17,NSE,AXISBANK,raw_l2/trade_date=2026-07-17/exchange=NSE/symbol=AXISBANK/part-062043_883391-021282.parquet,real_data_sample\l2_unseen_validation\trade_date=2026-07-17\exchange=NSE\symbol=AXISBANK\part-062043_883391-021282.parquet,34658,downloaded,34658,
2026-07-17,NSE,AXISBANK,raw_l2/trade_date=2026-07-17/exchange=NSE/symbol=AXISBANK/part-062155_119085-021442.parquet,real_data_sample\l2_unseen_validation\trade_date=2026-07-17\exchange=NSE\symbol=AXISBANK\part-062155_119085-021442.parquet,34622,downloaded,34622,
2026-07-17,NSE,AXISBANK,raw_l2/trade_date=2026-07-17/exchange=NSE/symbol=AXISBANK/part-062209_368588-021474.parquet,real_data_sample\l2_unseen_validation\trade_date=2026-07-17\exchange=NSE\symbol=AXISBANK\part-062209_368588-021474.parquet,35068,downloaded,35068,
2026-07-17,NSE,AXISBANK,raw_l2/trade_date=2026-07-17/exchange=NSE/symbol=AXISBANK/part-062112_906960-021346.parquet,real_data_sample\l2_unseen_validation\trade_date=2026-07-17\exchange=NSE\symbol=AXISBANK\part-062112_906960-021346.parquet,34711,downloaded,34711,
2026-07-17,NSE,AXISBANK,raw_l2/trade_date=2026-07-17/exchange=NSE/symbol=AXISBANK/part-062058_341859-021314.parquet,real_data_sample\l2_unseen_validation\trade_date=2026-07-17\exchange=NSE\symbol=AXISBANK\part-062058_341859-021314.parquet,34880,downloaded,34880,
2026-07-17,NSE,AXISBANK,raw_l2/trade_date=2026-07-17/exchange=NSE/symbol=AXISBANK/part-062000_880857-021186.parquet,real_data_sample\l2_unseen_validation\trade_date=2026-07-17\exchange=NSE\symbol=AXISBANK\part-062000_880857-021186.parquet,34920,downloaded,34920,
2026-07-17,NSE,AXISBANK,raw_l2/trade_date=2026-07-17/exchange=NSE/symbol=AXISBANK/part-062029_088538-021250.parquet,real_data_sample\l2_unseen_validation\trade_date=2026-07-17\exchange=NSE\symbol=AXISBANK\part-062029_088538-021250.parquet,34682,downloaded,34682,
2026-07-17,NSE,AXISBANK,raw_l2/trade_date=2026-07-17/exchange=NSE/symbol=AXISBANK/part-062127_089838-021378.parquet,real_data_sample\l2_unseen_validation\trade_date=2026-07-17\exchange=NSE\symbol=AXISBANK\part-062127_089838-021378.parquet,34756,downloaded,34756,
2026-07-17,NSE,AXISBANK,raw_l2/trade_date=2026-07-17/exchange=NSE/symbol=AXISBANK/part-062141_090605-021410.parquet,real_data_sample\l2_unseen_validation\trade_date=2026-07-17\exchange=NSE\symbol=AXISBANK\part-062141_090605-021410.parquet,34766,downloaded,34766,
2026-07-17,NSE,AXISBANK,raw_l2/trade_date=2026-07-17/exchange=NSE/symbol=AXISBANK/part-062223_865023-021506.parquet,real_data_sample\l2_unseen_validation\trade_date=2026-07-17\exchange=NSE\symbol=AXISBANK\part-062223_865023-021506.parquet,34921,downloaded,34921,
2026-07-17,NSE,AXISBANK,raw_l2/trade_date=2026-07-17/exchange=NSE/symbol=AXISBANK/part-062321_102803-021634.parquet,real_data_sample\l2_unseen_validation\trade_date=2026-07-17\exchange=NSE\symbol=AXISBANK\part-062321_102803-021634.parquet,35413,downloaded,35413,
2026-07-17,NSE,AXISBANK,raw_l2/trade_date=2026-07-17/exchange=NSE/symbol=AXISBANK/part-062349_357768-021698.parquet,real_data_sample\l2_unseen_validation\trade_date=2026-07-17\exchange=NSE\symbol=AXISBANK\part-062349_357768-021698.parquet,35269,downloaded,35269,
2026-07-17,NSE,AXISBANK,raw_l2/trade_date=2026-07-17/exchange=NSE/symbol=AXISBANK/part-062335_379174-021666.parquet,real_data_sample\l2_unseen_validation\trade_date=2026-07-17\exchange=NSE\symbol=AXISBANK\part-062335_379174-021666.parquet,35389,downloaded,35389,
2026-07-17,NSE,AXISBANK,raw_l2/trade_date=2026-07-17/exchange=NSE/symbol=AXISBANK/part-062252_356300-021570.parquet,real_data_sample\l2_unseen_validation\trade_date=2026-07-17\exchange=NSE\symbol=AXISBANK\part-062252_356300-021570.parquet,34816,downloaded,34816,
2026-07-17,NSE,AXISBANK,raw_l2/trade_date=2026-07-17/exchange=NSE/symbol=AXISBANK/part-062306_610655-021602.parquet,real_data_sample\l2_unseen_validation\trade_date=2026-07-17\exchange=NSE\symbol=AXISBANK\part-062306_610655-021602.parquet,34866,downloaded,34866,
2026-07-17,NSE,AXISBANK,raw_l2/trade_date=2026-07-17/exchange=NSE/symbol=AXISBANK/part-062417_610457-021762.parquet,real_data_sample\l2_unseen_validation\trade_date=2026-07-17\exchange=NSE\symbol=AXISBANK\part-062417_610457-021762.parquet,36054,downloaded,36054,
2026-07-17,NSE,AXISBANK,raw_l2/trade_date=2026-07-17/exchange=NSE/symbol=AXISBANK/part-062403_350413-021730.parquet,real_data_sample\l2_unseen_validation\trade_date=2026-07-17\exchange=NSE\symbol=AXISBANK\part-062403_350413-021730.parquet,36105,downloaded,36105,
2026-07-17,NSE,AXISBANK,raw_l2/trade_date=2026-07-17/exchange=NSE/symbol=AXISBANK/part-061917_844511-021090.parquet,real_data_sample\l2_unseen_validation\trade_date=2026-07-17\exchange=NSE\symbol=AXISBANK\part-061917_844511-021090.parquet,34862,downloaded,34862,
2026-07-17,NSE,AXISBANK,raw_l2/trade_date=2026-07-17/exchange=NSE/symbol=AXISBANK/part-061401_113129-020386.parquet,real_data_sample\l2_unseen_validation\trade_date=2026-07-17\exchange=NSE\symbol=AXISBANK\part-061401_113129-020386.parquet,34872,downloaded,34872,
2026-07-17,NSE,AXISBANK,raw_l2/trade_date=2026-07-17/exchange=NSE/symbol=AXISBANK/part-061932_592542-021122.parquet,real_data_sample\l2_unseen_validation\trade_date=2026-07-17\exchange=NSE\symbol=AXISBANK\part-061932_592542-021122.parquet,34975,downloaded,34975,
2026-07-17,NSE,AXISBANK,raw_l2/trade_date=2026-07-17/exchange=NSE/symbol=AXISBANK/part-062624_102572-022050.parquet,real_data_sample\l2_unseen_validation\trade_date=2026-07-17\exchange=NSE\symbol=AXISBANK\part-062624_102572-022050.parquet,35907,downloaded,35907,
2026-07-17,NSE,AXISBANK,raw_l2/trade_date=2026-07-17/exchange=NSE/symbol=AXISBANK/part-062445_851364-021826.parquet,real_data_sample\l2_unseen_validation\trade_date=2026-07-17\exchange=NSE\symbol=AXISBANK\part-062445_851364-021826.parquet,36043,downloaded,36043,
2026-07-17,NSE,AXISBANK,raw_l2/trade_date=2026-07-17/exchange=NSE/symbol=AXISBANK/part-062706_599496-022146.parquet,real_data_sample\l2_unseen_validation\trade_date=2026-07-17\exchange=NSE\symbol=AXISBANK\part-062706_599496-022146.parquet,35761,downloaded,35761,
2026-07-17,NSE,AXISBANK,raw_l2/trade_date=2026-07-17/exchange=NSE/symbol=AXISBANK/part-062542_120650-021954.parquet,real_data_sample\l2_unseen_validation\trade_date=2026-07-17\exchange=NSE\symbol=AXISBANK\part-062542_120650-021954.parquet,35810,downloaded,35810,
2026-07-17,NSE,AXISBANK,raw_l2/trade_date=2026-07-17/exchange=NSE/symbol=AXISBANK/part-062556_099239-021986.parquet,real_data_sample\l2_unseen_validation\trade_date=2026-07-17\exchange=NSE\symbol=AXISBANK\part-062556_099239-021986.parquet,35796,downloaded,35796,
2026-07-17,NSE,AXISBANK,raw_l2/trade_date=2026-07-17/exchange=NSE/symbol=AXISBANK/part-062721_373127-022178.parquet,real_data_sample\l2_unseen_validation\trade_date=2026-07-17\exchange=NSE\symbol=AXISBANK\part-062721_373127-022178.parquet,35789,downloaded,35789,
2026-07-17,NSE,AXISBANK,raw_l2/trade_date=2026-07-17/exchange=NSE/symbol=AXISBANK/part-062652_604667-022114.parquet,real_data_sample\l2_unseen_validation\trade_date=2026-07-17\exchange=NSE\symbol=AXISBANK\part-062652_604667-022114.parquet,35132,downloaded,35132,
2026-07-17,NSE,AXISBANK,raw_l2/trade_date=2026-07-17/exchange=NSE/symbol=AXISBANK/part-062749_851628-022242.parquet,real_data_sample\l2_unseen_validation\trade_date=2026-07-17\exchange=NSE\symbol=AXISBANK\part-062749_851628-022242.parquet,35514,downloaded,35514,
2026-07-17,NSE,AXISBANK,raw_l2/trade_date=2026-07-17/exchange=NSE/symbol=AXISBANK/part-062900_847510-022402.parquet,real_data_sample\l2_unseen_validation\trade_date=2026-07-17\exchange=NSE\symbol=AXISBANK\part-062900_847510-022402.parquet,35059,downloaded,35059,
2026-07-17,NSE,AXISBANK,raw_l2/trade_date=2026-07-17/exchange=NSE/symbol=AXISBANK/part-062832_594846-022338.parquet,real_data_sample\l2_unseen_validation\trade_date=2026-07-17\exchange=NSE\symbol=AXISBANK\part-062832_594846-022338.parquet,34676,downloaded,34676,
2026-07-17,NSE,AXISBANK,raw_l2/trade_date=2026-07-17/exchange=NSE/symbol=AXISBANK/part-062735_361372-022210.parquet,real_data_sample\l2_unseen_validation\trade_date=2026-07-17\exchange=NSE\symbol=AXISBANK\part-062735_361372-022210.parquet,35304,downloaded,35304,
2026-07-17,NSE,AXISBANK,raw_l2/trade_date=2026-07-17/exchange=NSE/symbol=AXISBANK/part-062528_101472-021922.parquet,real_data_sample\l2_unseen_validation\trade_date=2026-07-17\exchange=NSE\symbol=AXISBANK\part-062528_101472-021922.parquet,36006,downloaded,36006,
2026-07-17,NSE,AXISBANK,raw_l2/trade_date=2026-07-17/exchange=NSE/symbol=AXISBANK/part-062238_116393-021538.parquet,real_data_sample\l2_unseen_validation\trade_date=2026-07-17\exchange=NSE\symbol=AXISBANK\part-062238_116393-021538.parquet,34977,downloaded,34977,
2026-07-17,NSE,AXISBANK,raw_l2/trade_date=2026-07-17/exchange=NSE/symbol=AXISBANK/part-062804_104351-022274.parquet,real_data_sample\l2_unseen_validation\trade_date=2026-07-17\exchange=NSE\symbol=AXISBANK\part-062804_104351-022274.parquet,35706,downloaded,35706,
2026-07-17,NSE,AXISBANK,raw_l2/trade_date=2026-07-17/exchange=NSE/symbol=AXISBANK/part-062638_351158-022082.parquet,real_data_sample\l2_unseen_validation\trade_date=2026-07-17\exchange=NSE\symbol=AXISBANK\part-062638_351158-022082.parquet,35488,downloaded,35488,
2026-07-17,NSE,AXISBANK,raw_l2/trade_date=2026-07-17/exchange=NSE/symbol=AXISBANK/part-061318_105195-020290.parquet,real_data_sample\l2_unseen_validation\trade_date=2026-07-17\exchange=NSE\symbol=AXISBANK\part-061318_105195-020290.parquet,34953,downloaded,34953,
2026-07-17,NSE,AXISBANK,raw_l2/trade_date=2026-07-17/exchange=NSE/symbol=AXISBANK/part-061849_588058-021026.parquet,real_data_sample\l2_unseen_validation\trade_date=2026-07-17\exchange=NSE\symbol=AXISBANK\part-061849_588058-021026.parquet,34859,downloaded,34859,
2026-07-17,NSE,AXISBANK,raw_l2/trade_date=2026-07-17/exchange=NSE/symbol=AXISBANK/part-062459_866308-021858.parquet,real_data_sample\l2_unseen_validation\trade_date=2026-07-17\exchange=NSE\symbol=AXISBANK\part-062459_866308-021858.parquet,36323,downloaded,36323,
2026-07-17,NSE,AXISBANK,raw_l2/trade_date=2026-07-17/exchange=NSE/symbol=AXISBANK/part-062958_410391-022530.parquet,real_data_sample\l2_unseen_validation\trade_date=2026-07-17\exchange=NSE\symbol=AXISBANK\part-062958_410391-022530.parquet,35427,downloaded,35427,
2026-07-17,NSE,AXISBANK,raw_l2/trade_date=2026-07-17/exchange=NSE/symbol=AXISBANK/part-061444_114472-020482.parquet,real_data_sample\l2_unseen_validation\trade_date=2026-07-17\exchange=NSE\symbol=AXISBANK\part-061444_114472-020482.parquet,35353,downloaded,35353,
2026-07-17,NSE,AXISBANK,raw_l2/trade_date=2026-07-17/exchange=NSE/symbol=AXISBANK/part-061903_598285-021058.parquet,real_data_sample\l2_unseen_validation\trade_date=2026-07-17\exchange=NSE\symbol=AXISBANK\part-061903_598285-021058.parquet,34929,downloaded,34929,
2026-07-17,NSE,AXISBANK,raw_l2/trade_date=2026-07-17/exchange=NSE/symbol=AXISBANK/part-062610_104785-022018.parquet,real_data_sample\l2_unseen_validation\trade_date=2026-07-17\exchange=NSE\symbol=AXISBANK\part-062610_104785-022018.parquet,35932,downloaded,35932,
2026-07-17,NSE,AXISBANK,raw_l2/trade_date=2026-07-17/exchange=NSE/symbol=AXISBANK/part-062846_865302-022370.parquet,real_data_sample\l2_unseen_validation\trade_date=2026-07-17\exchange=NSE\symbol=AXISBANK\part-062846_865302-022370.parquet,34869,downloaded,34869,
2026-07-17,NSE,AXISBANK,raw_l2/trade_date=2026-07-17/exchange=NSE/symbol=AXISBANK/part-062818_345619-022306.parquet,real_data_sample\l2_unseen_validation\trade_date=2026-07-17\exchange=NSE\symbol=AXISBANK\part-062818_345619-022306.parquet,35368,downloaded,35368,
2026-07-17,NSE,AXISBANK,raw_l2/trade_date=2026-07-17/exchange=NSE/symbol=AXISBANK/part-063055_352013-022658.parquet,real_data_sample\l2_unseen_validation\trade_date=2026-07-17\exchange=NSE\symbol=AXISBANK\part-063055_352013-022658.parquet,36474,downloaded,36474,
2026-07-17,NSE,AXISBANK,raw_l2/trade_date=2026-07-17/exchange=NSE/symbol=AXISBANK/part-063123_860874-022722.parquet,real_data_sample\l2_unseen_validation\trade_date=2026-07-17\exchange=NSE\symbol=AXISBANK\part-063123_860874-022722.parquet,35354,downloaded,35354,
2026-07-17,NSE,AXISBANK,raw_l2/trade_date=2026-07-17/exchange=NSE/symbol=AXISBANK/part-063138_120626-022754.parquet,real_data_sample\l2_unseen_validation\trade_date=2026-07-17\exchange=NSE\symbol=AXISBANK\part-063138_120626-022754.parquet,35556,downloaded,35556,
2026-07-17,NSE,AXISBANK,raw_l2/trade_date=2026-07-17/exchange=NSE/symbol=AXISBANK/part-063152_086454-022786.parquet,real_data_sample\l2_unseen_validation\trade_date=2026-07-17\exchange=NSE\symbol=AXISBANK\part-063152_086454-022786.parquet,35648,downloaded,35648,
2026-07-17,NSE,AXISBANK,raw_l2/trade_date=2026-07-17/exchange=NSE/symbol=AXISBANK/part-063109_344479-022690.parquet,real_data_sample\l2_unseen_validation\trade_date=2026-07-17\exchange=NSE\symbol=AXISBANK\part-063109_344479-022690.parquet,35875,downloaded,35875,
2026-07-17,NSE,AXISBANK,raw_l2/trade_date=2026-07-17/exchange=NSE/symbol=AXISBANK/part-063013_107621-022562.parquet,real_data_sample\l2_unseen_validation\trade_date=2026-07-17\exchange=NSE\symbol=AXISBANK\part-063013_107621-022562.parquet,36551,downloaded,36551,
2026-07-17,NSE,AXISBANK,raw_l2/trade_date=2026-07-17/exchange=NSE/symbol=AXISBANK/part-063041_360606-022626.parquet,real_data_sample\l2_unseen_validation\trade_date=2026-07-17\exchange=NSE\symbol=AXISBANK\part-063041_360606-022626.parquet,36011,downloaded,36011,
2026-07-17,NSE,AXISBANK,raw_l2/trade_date=2026-07-17/exchange=NSE/symbol=AXISBANK/part-063027_139941-022594.parquet,real_data_sample\l2_unseen_validation\trade_date=2026-07-17\exchange=NSE\symbol=AXISBANK\part-063027_139941-022594.parquet,36170,downloaded,36170,
2026-07-17,NSE,AXISBANK,raw_l2/trade_date=2026-07-17/exchange=NSE/symbol=AXISBANK/part-063205_840167-022818.parquet,real_data_sample\l2_unseen_validation\trade_date=2026-07-17\exchange=NSE\symbol=AXISBANK\part-063205_840167-022818.parquet,35892,downloaded,35892,
2026-07-17,NSE,AXISBANK,raw_l2/trade_date=2026-07-17/exchange=NSE/symbol=AXISBANK/part-062431_594323-021794.parquet,real_data_sample\l2_unseen_validation\trade_date=2026-07-17\exchange=NSE\symbol=AXISBANK\part-062431_594323-021794.parquet,35779,downloaded,35779,
2026-07-17,NSE,AXISBANK,raw_l2/trade_date=2026-07-17/exchange=NSE/symbol=AXISBANK/part-061332_395734-020322.parquet,real_data_sample\l2_unseen_validation\trade_date=2026-07-17\exchange=NSE\symbol=AXISBANK\part-061332_395734-020322.parquet,34865,downloaded,34865,
2026-07-17,NSE,AXISBANK,raw_l2/trade_date=2026-07-17/exchange=NSE/symbol=AXISBANK/part-063233_835969-022882.parquet,real_data_sample\l2_unseen_validation\trade_date=2026-07-17\exchange=NSE\symbol=AXISBANK\part-063233_835969-022882.parquet,34844,downloaded,34844,
2026-07-17,NSE,AXISBANK,raw_l2/trade_date=2026-07-17/exchange=NSE/symbol=AXISBANK/part-062514_345587-021890.parquet,real_data_sample\l2_unseen_validation\trade_date=2026-07-17\exchange=NSE\symbol=AXISBANK\part-062514_345587-021890.parquet,35659,downloaded,35659,
2026-07-17,NSE,AXISBANK,raw_l2/trade_date=2026-07-17/exchange=NSE/symbol=AXISBANK/part-063219_841876-022850.parquet,real_data_sample\l2_unseen_validation\trade_date=2026-07-17\exchange=NSE\symbol=AXISBANK\part-063219_841876-022850.parquet,35134,downloaded,35134,
2026-07-17,NSE,AXISBANK,raw_l2/trade_date=2026-07-17/exchange=NSE/symbol=AXISBANK/part-062914_857638-022434.parquet,real_data_sample\l2_unseen_validation\trade_date=2026-07-17\exchange=NSE\symbol=AXISBANK\part-062914_857638-022434.parquet,35064,downloaded,35064,
2026-07-17,NSE,AXISBANK,raw_l2/trade_date=2026-07-17/exchange=NSE/symbol=AXISBANK/part-063301_868486-022946.parquet,real_data_sample\l2_unseen_validation\trade_date=2026-07-17\exchange=NSE\symbol=AXISBANK\part-063301_868486-022946.parquet,34741,downloaded,34741,
2026-07-17,NSE,AXISBANK,raw_l2/trade_date=2026-07-17/exchange=NSE/symbol=AXISBANK/part-063413_085866-023106.parquet,real_data_sample\l2_unseen_validation\trade_date=2026-07-17\exchange=NSE\symbol=AXISBANK\part-063413_085866-023106.parquet,35715,downloaded,35715,
2026-07-17,NSE,AXISBANK,raw_l2/trade_date=2026-07-17/exchange=NSE/symbol=AXISBANK/part-063316_093637-022978.parquet,real_data_sample\l2_unseen_validation\trade_date=2026-07-17\exchange=NSE\symbol=AXISBANK\part-063316_093637-022978.parquet,35612,downloaded,35612,
2026-07-17,NSE,AXISBANK,raw_l2/trade_date=2026-07-17/exchange=NSE/symbol=AXISBANK/part-063509_101280-023234.parquet,real_data_sample\l2_unseen_validation\trade_date=2026-07-17\exchange=NSE\symbol=AXISBANK\part-063509_101280-023234.parquet,36025,downloaded,36025,
2026-07-17,NSE,AXISBANK,raw_l2/trade_date=2026-07-17/exchange=NSE/symbol=AXISBANK/part-063523_355945-023266.parquet,real_data_sample\l2_unseen_validation\trade_date=2026-07-17\exchange=NSE\symbol=AXISBANK\part-063523_355945-023266.parquet,36029,downloaded,36029,
2026-07-17,NSE,AXISBANK,raw_l2/trade_date=2026-07-17/exchange=NSE/symbol=AXISBANK/part-063455_085885-023202.parquet,real_data_sample\l2_unseen_validation\trade_date=2026-07-17\exchange=NSE\symbol=AXISBANK\part-063455_085885-023202.parquet,35547,downloaded,35547,
2026-07-17,NSE,AXISBANK,raw_l2/trade_date=2026-07-17/exchange=NSE/symbol=AXISBANK/part-063701_108170-023490.parquet,real_data_sample\l2_unseen_validation\trade_date=2026-07-17\exchange=NSE\symbol=AXISBANK\part-063701_108170-023490.parquet,36124,downloaded,36124,
2026-07-17,NSE,AXISBANK,raw_l2/trade_date=2026-07-17/exchange=NSE/symbol=AXISBANK/part-063537_343674-023298.parquet,real_data_sample\l2_unseen_validation\trade_date=2026-07-17\exchange=NSE\symbol=AXISBANK\part-063537_343674-023298.parquet,35644,downloaded,35644,
2026-07-17,NSE,AXISBANK,raw_l2/trade_date=2026-07-17/exchange=NSE/symbol=AXISBANK/part-063551_334376-023330.parquet,real_data_sample\l2_unseen_validation\trade_date=2026-07-17\exchange=NSE\symbol=AXISBANK\part-063551_334376-023330.parquet,35766,downloaded,35766,
2026-07-17,NSE,AXISBANK,raw_l2/trade_date=2026-07-17/exchange=NSE/symbol=AXISBANK/part-063633_093575-023426.parquet,real_data_sample\l2_unseen_validation\trade_date=2026-07-17\exchange=NSE\symbol=AXISBANK\part-063633_093575-023426.parquet,35981,downloaded,35981,
2026-07-17,NSE,AXISBANK,raw_l2/trade_date=2026-07-17/exchange=NSE/symbol=AXISBANK/part-063647_087703-023458.parquet,real_data_sample\l2_unseen_validation\trade_date=2026-07-17\exchange=NSE\symbol=AXISBANK\part-063647_087703-023458.parquet,35430,downloaded,35430,
2026-07-17,NSE,AXISBANK,raw_l2/trade_date=2026-07-17/exchange=NSE/symbol=AXISBANK/part-063605_080901-023362.parquet,real_data_sample\l2_unseen_validation\trade_date=2026-07-17\exchange=NSE\symbol=AXISBANK\part-063605_080901-023362.parquet,36294,downloaded,36294,
2026-07-17,NSE,AXISBANK,raw_l2/trade_date=2026-07-17/exchange=NSE/symbol=AXISBANK/part-063619_090568-023394.parquet,real_data_sample\l2_unseen_validation\trade_date=2026-07-17\exchange=NSE\symbol=AXISBANK\part-063619_090568-023394.parquet,36329,downloaded,36329,
2026-07-17,NSE,AXISBANK,raw_l2/trade_date=2026-07-17/exchange=NSE/symbol=AXISBANK/part-063715_104725-023522.parquet,real_data_sample\l2_unseen_validation\trade_date=2026-07-17\exchange=NSE\symbol=AXISBANK\part-063715_104725-023522.parquet,35960,downloaded,35960,
2026-07-17,NSE,AXISBANK,raw_l2/trade_date=2026-07-17/exchange=NSE/symbol=AXISBANK/part-063729_079251-023554.parquet,real_data_sample\l2_unseen_validation\trade_date=2026-07-17\exchange=NSE\symbol=AXISBANK\part-063729_079251-023554.parquet,35925,downloaded,35925,
2026-07-17,NSE,AXISBANK,raw_l2/trade_date=2026-07-17/exchange=NSE/symbol=AXISBANK/part-063358_846103-023074.parquet,real_data_sample\l2_unseen_validation\trade_date=2026-07-17\exchange=NSE\symbol=AXISBANK\part-063358_846103-023074.parquet,36099,downloaded,36099,
2026-07-17,NSE,AXISBANK,raw_l2/trade_date=2026-07-17/exchange=NSE/symbol=AXISBANK/part-062944_106986-022498.parquet,real_data_sample\l2_unseen_validation\trade_date=2026-07-17\exchange=NSE\symbol=AXISBANK\part-062944_106986-022498.parquet,35153,downloaded,35153,
2026-07-17,NSE,AXISBANK,raw_l2/trade_date=2026-07-17/exchange=NSE/symbol=AXISBANK/part-063922_087316-023810.parquet,real_data_sample\l2_unseen_validation\trade_date=2026-07-17\exchange=NSE\symbol=AXISBANK\part-063922_087316-023810.parquet,36105,downloaded,36105,
2026-07-17,NSE,AXISBANK,raw_l2/trade_date=2026-07-17/exchange=NSE/symbol=AXISBANK/part-063810_597282-023650.parquet,real_data_sample\l2_unseen_validation\trade_date=2026-07-17\exchange=NSE\symbol=AXISBANK\part-063810_597282-023650.parquet,35746,downloaded,35746,
2026-07-17,NSE,AXISBANK,raw_l2/trade_date=2026-07-17/exchange=NSE/symbol=AXISBANK/part-063824_865738-023682.parquet,real_data_sample\l2_unseen_validation\trade_date=2026-07-17\exchange=NSE\symbol=AXISBANK\part-063824_865738-023682.parquet,35610,downloaded,35610,
2026-07-17,NSE,AXISBANK,raw_l2/trade_date=2026-07-17/exchange=NSE/symbol=AXISBANK/part-063936_086553-023842.parquet,real_data_sample\l2_unseen_validation\trade_date=2026-07-17\exchange=NSE\symbol=AXISBANK\part-063936_086553-023842.parquet,35556,downloaded,35556,
2026-07-17,NSE,AXISBANK,raw_l2/trade_date=2026-07-17/exchange=NSE/symbol=AXISBANK/part-063908_087330-023778.parquet,real_data_sample\l2_unseen_validation\trade_date=2026-07-17\exchange=NSE\symbol=AXISBANK\part-063908_087330-023778.parquet,35693,downloaded,35693,
2026-07-17,NSE,AXISBANK,raw_l2/trade_date=2026-07-17/exchange=NSE/symbol=AXISBANK/part-063839_101458-023714.parquet,real_data_sample\l2_unseen_validation\trade_date=2026-07-17\exchange=NSE\symbol=AXISBANK\part-063839_101458-023714.parquet,35753,downloaded,35753,
2026-07-17,NSE,AXISBANK,raw_l2/trade_date=2026-07-17/exchange=NSE/symbol=AXISBANK/part-064003_836291-023906.parquet,real_data_sample\l2_unseen_validation\trade_date=2026-07-17\exchange=NSE\symbol=AXISBANK\part-064003_836291-023906.parquet,35702,downloaded,35702,
2026-07-17,NSE,AXISBANK,raw_l2/trade_date=2026-07-17/exchange=NSE/symbol=AXISBANK/part-063950_087614-023874.parquet,real_data_sample\l2_unseen_validation\trade_date=2026-07-17\exchange=NSE\symbol=AXISBANK\part-063950_087614-023874.parquet,35366,downloaded,35366,
2026-07-17,NSE,AXISBANK,raw_l2/trade_date=2026-07-17/exchange=NSE/symbol=AXISBANK/part-061429_884089-020450.parquet,real_data_sample\l2_unseen_validation\trade_date=2026-07-17\exchange=NSE\symbol=AXISBANK\part-061429_884089-020450.parquet,35579,downloaded,35579,
2026-07-17,NSE,AXISBANK,raw_l2/trade_date=2026-07-17/exchange=NSE/symbol=AXISBANK/part-064031_869254-023970.parquet,real_data_sample\l2_unseen_validation\trade_date=2026-07-17\exchange=NSE\symbol=AXISBANK\part-064031_869254-023970.parquet,35428,downloaded,35428,
2026-07-17,NSE,AXISBANK,raw_l2/trade_date=2026-07-17/exchange=NSE/symbol=AXISBANK/part-063247_842829-022914.parquet,real_data_sample\l2_unseen_validation\trade_date=2026-07-17\exchange=NSE\symbol=AXISBANK\part-063247_842829-022914.parquet,34643,downloaded,34643,
2026-07-17,NSE,AXISBANK,raw_l2/trade_date=2026-07-17/exchange=NSE/symbol=AXISBANK/part-064127_843796-024098.parquet,real_data_sample\l2_unseen_validation\trade_date=2026-07-17\exchange=NSE\symbol=AXISBANK\part-064127_843796-024098.parquet,35910,downloaded,35910,
2026-07-17,NSE,AXISBANK,raw_l2/trade_date=2026-07-17/exchange=NSE/symbol=AXISBANK/part-064100_128409-024034.parquet,real_data_sample\l2_unseen_validation\trade_date=2026-07-17\exchange=NSE\symbol=AXISBANK\part-064100_128409-024034.parquet,35859,downloaded,35859,
2026-07-17,NSE,AXISBANK,raw_l2/trade_date=2026-07-17/exchange=NSE/symbol=AXISBANK/part-064142_093412-024130.parquet,real_data_sample\l2_unseen_validation\trade_date=2026-07-17\exchange=NSE\symbol=AXISBANK\part-064142_093412-024130.parquet,35699,downloaded,35699,
2026-07-17,NSE,AXISBANK,raw_l2/trade_date=2026-07-17/exchange=NSE/symbol=AXISBANK/part-064046_105381-024002.parquet,real_data_sample\l2_unseen_validation\trade_date=2026-07-17\exchange=NSE\symbol=AXISBANK\part-064046_105381-024002.parquet,35949,downloaded,35949,
2026-07-17,NSE,AXISBANK,raw_l2/trade_date=2026-07-17/exchange=NSE/symbol=AXISBANK/part-064155_840406-024162.parquet,real_data_sample\l2_unseen_validation\trade_date=2026-07-17\exchange=NSE\symbol=AXISBANK\part-064155_840406-024162.parquet,35809,downloaded,35809,
2026-07-17,NSE,AXISBANK,raw_l2/trade_date=2026-07-17/exchange=NSE/symbol=AXISBANK/part-064209_591141-024194.parquet,real_data_sample\l2_unseen_validation\trade_date=2026-07-17\exchange=NSE\symbol=AXISBANK\part-064209_591141-024194.parquet,35681,downloaded,35681,
2026-07-17,NSE,AXISBANK,raw_l2/trade_date=2026-07-17/exchange=NSE/symbol=AXISBANK/part-064017_852130-023938.parquet,real_data_sample\l2_unseen_validation\trade_date=2026-07-17\exchange=NSE\symbol=AXISBANK\part-064017_852130-023938.parquet,35606,downloaded,35606,
2026-07-17,NSE,AXISBANK,raw_l2/trade_date=2026-07-17/exchange=NSE/symbol=AXISBANK/part-064114_099931-024066.parquet,real_data_sample\l2_unseen_validation\trade_date=2026-07-17\exchange=NSE\symbol=AXISBANK\part-064114_099931-024066.parquet,35967,downloaded,35967,
2026-07-17,NSE,AXISBANK,raw_l2/trade_date=2026-07-17/exchange=NSE/symbol=AXISBANK/part-064223_598269-024226.parquet,real_data_sample\l2_unseen_validation\trade_date=2026-07-17\exchange=NSE\symbol=AXISBANK\part-064223_598269-024226.parquet,35808,downloaded,35808,
2026-07-17,NSE,AXISBANK,raw_l2/trade_date=2026-07-17/exchange=NSE/symbol=AXISBANK/part-063743_088988-023586.parquet,real_data_sample\l2_unseen_validation\trade_date=2026-07-17\exchange=NSE\symbol=AXISBANK\part-063743_088988-023586.parquet,35980,downloaded,35980,
2026-07-17,NSE,AXISBANK,raw_l2/trade_date=2026-07-17/exchange=NSE/symbol=AXISBANK/part-063853_343618-023746.parquet,real_data_sample\l2_unseen_validation\trade_date=2026-07-17\exchange=NSE\symbol=AXISBANK\part-063853_343618-023746.parquet,36454,downloaded,36454,
2026-07-17,NSE,AXISBANK,raw_l2/trade_date=2026-07-17/exchange=NSE/symbol=AXISBANK/part-063344_846130-023042.parquet,real_data_sample\l2_unseen_validation\trade_date=2026-07-17\exchange=NSE\symbol=AXISBANK\part-063344_846130-023042.parquet,35685,downloaded,35685,
2026-07-17,NSE,AXISBANK,raw_l2/trade_date=2026-07-17/exchange=NSE/symbol=AXISBANK/part-062929_555233-022466.parquet,real_data_sample\l2_unseen_validation\trade_date=2026-07-17\exchange=NSE\symbol=AXISBANK\part-062929_555233-022466.parquet,35877,downloaded,35877,
2026-07-17,NSE,AXISBANK,raw_l2/trade_date=2026-07-17/exchange=NSE/symbol=AXISBANK/part-064304_849447-024322.parquet,real_data_sample\l2_unseen_validation\trade_date=2026-07-17\exchange=NSE\symbol=AXISBANK\part-064304_849447-024322.parquet,35730,downloaded,35730,
2026-07-17,NSE,AXISBANK,raw_l2/trade_date=2026-07-17/exchange=NSE/symbol=AXISBANK/part-064318_597138-024354.parquet,real_data_sample\l2_unseen_validation\trade_date=2026-07-17\exchange=NSE\symbol=AXISBANK\part-064318_597138-024354.parquet,35662,downloaded,35662,
2026-07-17,NSE,AXISBANK,raw_l2/trade_date=2026-07-17/exchange=NSE/symbol=AXISBANK/part-064346_333981-024418.parquet,real_data_sample\l2_unseen_validation\trade_date=2026-07-17\exchange=NSE\symbol=AXISBANK\part-064346_333981-024418.parquet,35361,downloaded,35361,
2026-07-17,NSE,AXISBANK,raw_l2/trade_date=2026-07-17/exchange=NSE/symbol=AXISBANK/part-064332_592355-024386.parquet,real_data_sample\l2_unseen_validation\trade_date=2026-07-17\exchange=NSE\symbol=AXISBANK\part-064332_592355-024386.parquet,36295,downloaded,36295,
2026-07-17,NSE,AXISBANK,raw_l2/trade_date=2026-07-17/exchange=NSE/symbol=AXISBANK/part-064413_836646-024482.parquet,real_data_sample\l2_unseen_validation\trade_date=2026-07-17\exchange=NSE\symbol=AXISBANK\part-064413_836646-024482.parquet,36086,downloaded,36086,
2026-07-17,NSE,AXISBANK,raw_l2/trade_date=2026-07-17/exchange=NSE/symbol=AXISBANK/part-064400_095910-024450.parquet,real_data_sample\l2_unseen_validation\trade_date=2026-07-17\exchange=NSE\symbol=AXISBANK\part-064400_095910-024450.parquet,35554,downloaded,35554,
2026-07-17,NSE,AXISBANK,raw_l2/trade_date=2026-07-17/exchange=NSE/symbol=AXISBANK/part-064428_084982-024514.parquet,real_data_sample\l2_unseen_validation\trade_date=2026-07-17\exchange=NSE\symbol=AXISBANK\part-064428_084982-024514.parquet,36006,downloaded,36006,
2026-07-17,NSE,AXISBANK,raw_l2/trade_date=2026-07-17/exchange=NSE/symbol=AXISBANK/part-064441_830995-024546.parquet,real_data_sample\l2_unseen_validation\trade_date=2026-07-17\exchange=NSE\symbol=AXISBANK\part-064441_830995-024546.parquet,35721,downloaded,35721,
2026-07-17,NSE,AXISBANK,raw_l2/trade_date=2026-07-17/exchange=NSE/symbol=AXISBANK/part-061458_377658-020514.parquet,real_data_sample\l2_unseen_validation\trade_date=2026-07-17\exchange=NSE\symbol=AXISBANK\part-061458_377658-020514.parquet,35025,downloaded,35025,
2026-07-17,NSE,AXISBANK,raw_l2/trade_date=2026-07-17/exchange=NSE/symbol=AXISBANK/part-064618_840099-024770.parquet,real_data_sample\l2_unseen_validation\trade_date=2026-07-17\exchange=NSE\symbol=AXISBANK\part-064618_840099-024770.parquet,36439,downloaded,36439,
2026-07-17,NSE,AXISBANK,raw_l2/trade_date=2026-07-17/exchange=NSE/symbol=AXISBANK/part-064646_587677-024834.parquet,real_data_sample\l2_unseen_validation\trade_date=2026-07-17\exchange=NSE\symbol=AXISBANK\part-064646_587677-024834.parquet,36402,downloaded,36402,
2026-07-17,NSE,AXISBANK,raw_l2/trade_date=2026-07-17/exchange=NSE/symbol=AXISBANK/part-064537_586461-024674.parquet,real_data_sample\l2_unseen_validation\trade_date=2026-07-17\exchange=NSE\symbol=AXISBANK\part-064537_586461-024674.parquet,35756,downloaded,35756,
2026-07-17,NSE,AXISBANK,raw_l2/trade_date=2026-07-17/exchange=NSE/symbol=AXISBANK/part-064632_585712-024802.parquet,real_data_sample\l2_unseen_validation\trade_date=2026-07-17\exchange=NSE\symbol=AXISBANK\part-064632_585712-024802.parquet,36411,downloaded,36411,
2026-07-17,NSE,AXISBANK,raw_l2/trade_date=2026-07-17/exchange=NSE/symbol=AXISBANK/part-064700_591693-024866.parquet,real_data_sample\l2_unseen_validation\trade_date=2026-07-17\exchange=NSE\symbol=AXISBANK\part-064700_591693-024866.parquet,36114,downloaded,36114,
2026-07-17,NSE,AXISBANK,raw_l2/trade_date=2026-07-17/exchange=NSE/symbol=AXISBANK/part-064551_334020-024706.parquet,real_data_sample\l2_unseen_validation\trade_date=2026-07-17\exchange=NSE\symbol=AXISBANK\part-064551_334020-024706.parquet,35646,downloaded,35646,
2026-07-17,NSE,AXISBANK,raw_l2/trade_date=2026-07-17/exchange=NSE/symbol=AXISBANK/part-064509_589167-024610.parquet,real_data_sample\l2_unseen_validation\trade_date=2026-07-17\exchange=NSE\symbol=AXISBANK\part-064509_589167-024610.parquet,35641,downloaded,35641,
2026-07-17,NSE,AXISBANK,raw_l2/trade_date=2026-07-17/exchange=NSE/symbol=AXISBANK/part-064605_085750-024738.parquet,real_data_sample\l2_unseen_validation\trade_date=2026-07-17\exchange=NSE\symbol=AXISBANK\part-064605_085750-024738.parquet,35846,downloaded,35846,
2026-07-17,NSE,AXISBANK,raw_l2/trade_date=2026-07-17/exchange=NSE/symbol=AXISBANK/part-063441_088626-023170.parquet,real_data_sample\l2_unseen_validation\trade_date=2026-07-17\exchange=NSE\symbol=AXISBANK\part-063441_088626-023170.parquet,35677,downloaded,35677,
2026-07-17,NSE,AXISBANK,raw_l2/trade_date=2026-07-17/exchange=NSE/symbol=AXISBANK/part-064237_347224-024258.parquet,real_data_sample\l2_unseen_validation\trade_date=2026-07-17\exchange=NSE\symbol=AXISBANK\part-064237_347224-024258.parquet,35967,downloaded,35967,
2026-07-17,NSE,AXISBANK,raw_l2/trade_date=2026-07-17/exchange=NSE/symbol=AXISBANK/part-064251_090749-024290.parquet,real_data_sample\l2_unseen_validation\trade_date=2026-07-17\exchange=NSE\symbol=AXISBANK\part-064251_090749-024290.parquet,35721,downloaded,35721,
2026-07-17,NSE,AXISBANK,raw_l2/trade_date=2026-07-17/exchange=NSE/symbol=AXISBANK/part-064742_339952-024962.parquet,real_data_sample\l2_unseen_validation\trade_date=2026-07-17\exchange=NSE\symbol=AXISBANK\part-064742_339952-024962.parquet,36240,downloaded,36240,
2026-07-17,NSE,AXISBANK,raw_l2/trade_date=2026-07-17/exchange=NSE/symbol=AXISBANK/part-064837_835995-025090.parquet,real_data_sample\l2_unseen_validation\trade_date=2026-07-17\exchange=NSE\symbol=AXISBANK\part-064837_835995-025090.parquet,35979,downloaded,35979,
2026-07-17,NSE,AXISBANK,raw_l2/trade_date=2026-07-17/exchange=NSE/symbol=AXISBANK/part-064905_340389-025154.parquet,real_data_sample\l2_unseen_validation\trade_date=2026-07-17\exchange=NSE\symbol=AXISBANK\part-064905_340389-025154.parquet,35616,downloaded,35616,
2026-07-17,NSE,AXISBANK,raw_l2/trade_date=2026-07-17/exchange=NSE/symbol=AXISBANK/part-064851_608581-025122.parquet,real_data_sample\l2_unseen_validation\trade_date=2026-07-17\exchange=NSE\symbol=AXISBANK\part-064851_608581-025122.parquet,35935,downloaded,35935,
2026-07-17,NSE,AXISBANK,raw_l2/trade_date=2026-07-17/exchange=NSE/symbol=AXISBANK/part-064919_336133-025186.parquet,real_data_sample\l2_unseen_validation\trade_date=2026-07-17\exchange=NSE\symbol=AXISBANK\part-064919_336133-025186.parquet,35295,downloaded,35295,
2026-07-17,NSE,AXISBANK,raw_l2/trade_date=2026-07-17/exchange=NSE/symbol=AXISBANK/part-064714_591584-024898.parquet,real_data_sample\l2_unseen_validation\trade_date=2026-07-17\exchange=NSE\symbol=AXISBANK\part-064714_591584-024898.parquet,36420,downloaded,36420,
2026-07-17,NSE,AXISBANK,raw_l2/trade_date=2026-07-17/exchange=NSE/symbol=AXISBANK/part-064947_092348-025250.parquet,real_data_sample\l2_unseen_validation\trade_date=2026-07-17\exchange=NSE\symbol=AXISBANK\part-064947_092348-025250.parquet,35954,downloaded,35954,
2026-07-17,NSE,AXISBANK,raw_l2/trade_date=2026-07-17/exchange=NSE/symbol=AXISBANK/part-064933_091483-025218.parquet,real_data_sample\l2_unseen_validation\trade_date=2026-07-17\exchange=NSE\symbol=AXISBANK\part-064933_091483-025218.parquet,36603,downloaded,36603,
2026-07-17,NSE,AXISBANK,raw_l2/trade_date=2026-07-17/exchange=NSE/symbol=AXISBANK/part-065015_086733-025314.parquet,real_data_sample\l2_unseen_validation\trade_date=2026-07-17\exchange=NSE\symbol=AXISBANK\part-065015_086733-025314.parquet,36621,downloaded,36621,
2026-07-17,NSE,AXISBANK,raw_l2/trade_date=2026-07-17/exchange=NSE/symbol=AXISBANK/part-064728_345383-024930.parquet,real_data_sample\l2_unseen_validation\trade_date=2026-07-17\exchange=NSE\symbol=AXISBANK\part-064728_345383-024930.parquet,36659,downloaded,36659,
2026-07-17,NSE,AXISBANK,raw_l2/trade_date=2026-07-17/exchange=NSE/symbol=AXISBANK/part-065001_082828-025282.parquet,real_data_sample\l2_unseen_validation\trade_date=2026-07-17\exchange=NSE\symbol=AXISBANK\part-065001_082828-025282.parquet,35723,downloaded,35723,
2026-07-17,NSE,AXISBANK,raw_l2/trade_date=2026-07-17/exchange=NSE/symbol=AXISBANK/part-065111_091562-025442.parquet,real_data_sample\l2_unseen_validation\trade_date=2026-07-17\exchange=NSE\symbol=AXISBANK\part-065111_091562-025442.parquet,36042,downloaded,36042,
2026-07-17,NSE,AXISBANK,raw_l2/trade_date=2026-07-17/exchange=NSE/symbol=AXISBANK/part-065153_090370-025538.parquet,real_data_sample\l2_unseen_validation\trade_date=2026-07-17\exchange=NSE\symbol=AXISBANK\part-065153_090370-025538.parquet,35599,downloaded,35599,
2026-07-17,NSE,AXISBANK,raw_l2/trade_date=2026-07-17/exchange=NSE/symbol=AXISBANK/part-065207_092474-025570.parquet,real_data_sample\l2_unseen_validation\trade_date=2026-07-17\exchange=NSE\symbol=AXISBANK\part-065207_092474-025570.parquet,35700,downloaded,35700,
2026-07-17,NSE,AXISBANK,raw_l2/trade_date=2026-07-17/exchange=NSE/symbol=AXISBANK/part-065042_842979-025378.parquet,real_data_sample\l2_unseen_validation\trade_date=2026-07-17\exchange=NSE\symbol=AXISBANK\part-065042_842979-025378.parquet,36119,downloaded,36119,
2026-07-17,NSE,AXISBANK,raw_l2/trade_date=2026-07-17/exchange=NSE/symbol=AXISBANK/part-064523_581542-024642.parquet,real_data_sample\l2_unseen_validation\trade_date=2026-07-17\exchange=NSE\symbol=AXISBANK\part-064523_581542-024642.parquet,35491,downloaded,35491,
2026-07-17,NSE,AXISBANK,raw_l2/trade_date=2026-07-17/exchange=NSE/symbol=AXISBANK/part-065139_109217-025506.parquet,real_data_sample\l2_unseen_validation\trade_date=2026-07-17\exchange=NSE\symbol=AXISBANK\part-065139_109217-025506.parquet,35878,downloaded,35878,
2026-07-17,NSE,AXISBANK,raw_l2/trade_date=2026-07-17/exchange=NSE/symbol=AXISBANK/part-065057_089165-025410.parquet,real_data_sample\l2_unseen_validation\trade_date=2026-07-17\exchange=NSE\symbol=AXISBANK\part-065057_089165-025410.parquet,36108,downloaded,36108,
2026-07-17,NSE,AXISBANK,raw_l2/trade_date=2026-07-17/exchange=NSE/symbol=AXISBANK/part-065221_367841-025602.parquet,real_data_sample\l2_unseen_validation\trade_date=2026-07-17\exchange=NSE\symbol=AXISBANK\part-065221_367841-025602.parquet,36188,downloaded,36188,
2026-07-17,NSE,AXISBANK,raw_l2/trade_date=2026-07-17/exchange=NSE/symbol=AXISBANK/part-065125_092786-025474.parquet,real_data_sample\l2_unseen_validation\trade_date=2026-07-17\exchange=NSE\symbol=AXISBANK\part-065125_092786-025474.parquet,36075,downloaded,36075,
2026-07-17,NSE,AXISBANK,raw_l2/trade_date=2026-07-17/exchange=NSE/symbol=AXISBANK/part-062015_093391-021218.parquet,real_data_sample\l2_unseen_validation\trade_date=2026-07-17\exchange=NSE\symbol=AXISBANK\part-062015_093391-021218.parquet,34946,downloaded,34946,
2026-07-17,NSE,AXISBANK,raw_l2/trade_date=2026-07-17/exchange=NSE/symbol=AXISBANK/part-065331_612360-025762.parquet,real_data_sample\l2_unseen_validation\trade_date=2026-07-17\exchange=NSE\symbol=AXISBANK\part-065331_612360-025762.parquet,35708,downloaded,35708,
2026-07-17,NSE,AXISBANK,raw_l2/trade_date=2026-07-17/exchange=NSE/symbol=AXISBANK/part-065317_655116-025730.parquet,real_data_sample\l2_unseen_validation\trade_date=2026-07-17\exchange=NSE\symbol=AXISBANK\part-065317_655116-025730.parquet,35744,downloaded,35744,
2026-07-17,NSE,AXISBANK,raw_l2/trade_date=2026-07-17/exchange=NSE/symbol=AXISBANK/part-064756_086844-024994.parquet,real_data_sample\l2_unseen_validation\trade_date=2026-07-17\exchange=NSE\symbol=AXISBANK\part-064756_086844-024994.parquet,35526,downloaded,35526,
2026-07-17,NSE,AXISBANK,raw_l2/trade_date=2026-07-17/exchange=NSE/symbol=AXISBANK/part-065345_350857-025794.parquet,real_data_sample\l2_unseen_validation\trade_date=2026-07-17\exchange=NSE\symbol=AXISBANK\part-065345_350857-025794.parquet,35484,downloaded,35484,
2026-07-17,NSE,AXISBANK,raw_l2/trade_date=2026-07-17/exchange=NSE/symbol=AXISBANK/part-065359_361955-025826.parquet,real_data_sample\l2_unseen_validation\trade_date=2026-07-17\exchange=NSE\symbol=AXISBANK\part-065359_361955-025826.parquet,35696,downloaded,35696,
2026-07-17,NSE,AXISBANK,raw_l2/trade_date=2026-07-17/exchange=NSE/symbol=AXISBANK/part-065413_597131-025858.parquet,real_data_sample\l2_unseen_validation\trade_date=2026-07-17\exchange=NSE\symbol=AXISBANK\part-065413_597131-025858.parquet,35838,downloaded,35838,
2026-07-17,NSE,AXISBANK,raw_l2/trade_date=2026-07-17/exchange=NSE/symbol=AXISBANK/part-065455_605259-025954.parquet,real_data_sample\l2_unseen_validation\trade_date=2026-07-17\exchange=NSE\symbol=AXISBANK\part-065455_605259-025954.parquet,36497,downloaded,36497,
2026-07-17,NSE,AXISBANK,raw_l2/trade_date=2026-07-17/exchange=NSE/symbol=AXISBANK/part-065427_617962-025890.parquet,real_data_sample\l2_unseen_validation\trade_date=2026-07-17\exchange=NSE\symbol=AXISBANK\part-065427_617962-025890.parquet,35722,downloaded,35722,
2026-07-17,NSE,AXISBANK,raw_l2/trade_date=2026-07-17/exchange=NSE/symbol=AXISBANK/part-065509_840093-025986.parquet,real_data_sample\l2_unseen_validation\trade_date=2026-07-17\exchange=NSE\symbol=AXISBANK\part-065509_840093-025986.parquet,35862,downloaded,35862,
2026-07-17,NSE,AXISBANK,raw_l2/trade_date=2026-07-17/exchange=NSE/symbol=AXISBANK/part-065441_586420-025922.parquet,real_data_sample\l2_unseen_validation\trade_date=2026-07-17\exchange=NSE\symbol=AXISBANK\part-065441_586420-025922.parquet,36206,downloaded,36206,
2026-07-17,NSE,AXISBANK,raw_l2/trade_date=2026-07-17/exchange=NSE/symbol=AXISBANK/part-065538_102836-026050.parquet,real_data_sample\l2_unseen_validation\trade_date=2026-07-17\exchange=NSE\symbol=AXISBANK\part-065538_102836-026050.parquet,35584,downloaded,35584,
2026-07-17,NSE,AXISBANK,raw_l2/trade_date=2026-07-17/exchange=NSE/symbol=AXISBANK/part-065523_879770-026018.parquet,real_data_sample\l2_unseen_validation\trade_date=2026-07-17\exchange=NSE\symbol=AXISBANK\part-065523_879770-026018.parquet,36045,downloaded,36045,
2026-07-17,NSE,AXISBANK,raw_l2/trade_date=2026-07-17/exchange=NSE/symbol=AXISBANK/part-063756_850783-023618.parquet,real_data_sample\l2_unseen_validation\trade_date=2026-07-17\exchange=NSE\symbol=AXISBANK\part-063756_850783-023618.parquet,36195,downloaded,36195,
2026-07-17,NSE,AXISBANK,raw_l2/trade_date=2026-07-17/exchange=NSE/symbol=AXISBANK/part-063427_094408-023138.parquet,real_data_sample\l2_unseen_validation\trade_date=2026-07-17\exchange=NSE\symbol=AXISBANK\part-063427_094408-023138.parquet,35792,downloaded,35792,
2026-07-17,NSE,AXISBANK,raw_l2/trade_date=2026-07-17/exchange=NSE/symbol=AXISBANK/part-063330_614513-023010.parquet,real_data_sample\l2_unseen_validation\trade_date=2026-07-17\exchange=NSE\symbol=AXISBANK\part-063330_614513-023010.parquet,36231,downloaded,36231,
2026-07-17,NSE,AXISBANK,raw_l2/trade_date=2026-07-17/exchange=NSE/symbol=AXISBANK/part-065812_598745-026402.parquet,real_data_sample\l2_unseen_validation\trade_date=2026-07-17\exchange=NSE\symbol=AXISBANK\part-065812_598745-026402.parquet,35870,downloaded,35870,
2026-07-17,NSE,AXISBANK,raw_l2/trade_date=2026-07-17/exchange=NSE/symbol=AXISBANK/part-065716_081480-026274.parquet,real_data_sample\l2_unseen_validation\trade_date=2026-07-17\exchange=NSE\symbol=AXISBANK\part-065716_081480-026274.parquet,35705,downloaded,35705,
2026-07-17,NSE,AXISBANK,raw_l2/trade_date=2026-07-17/exchange=NSE/symbol=AXISBANK/part-065606_089961-026114.parquet,real_data_sample\l2_unseen_validation\trade_date=2026-07-17\exchange=NSE\symbol=AXISBANK\part-065606_089961-026114.parquet,35659,downloaded,35659,
2026-07-17,NSE,AXISBANK,raw_l2/trade_date=2026-07-17/exchange=NSE/symbol=AXISBANK/part-065552_109538-026082.parquet,real_data_sample\l2_unseen_validation\trade_date=2026-07-17\exchange=NSE\symbol=AXISBANK\part-065552_109538-026082.parquet,36068,downloaded,36068,
2026-07-17,NSE,AXISBANK,raw_l2/trade_date=2026-07-17/exchange=NSE/symbol=AXISBANK/part-065744_094781-026338.parquet,real_data_sample\l2_unseen_validation\trade_date=2026-07-17\exchange=NSE\symbol=AXISBANK\part-065744_094781-026338.parquet,35436,downloaded,35436,
2026-07-17,NSE,AXISBANK,raw_l2/trade_date=2026-07-17/exchange=NSE/symbol=AXISBANK/part-065702_081780-026242.parquet,real_data_sample\l2_unseen_validation\trade_date=2026-07-17\exchange=NSE\symbol=AXISBANK\part-065702_081780-026242.parquet,35968,downloaded,35968,
2026-07-17,NSE,AXISBANK,raw_l2/trade_date=2026-07-17/exchange=NSE/symbol=AXISBANK/part-065826_844552-026434.parquet,real_data_sample\l2_unseen_validation\trade_date=2026-07-17\exchange=NSE\symbol=AXISBANK\part-065826_844552-026434.parquet,35247,downloaded,35247,
2026-07-17,NSE,AXISBANK,raw_l2/trade_date=2026-07-17/exchange=NSE/symbol=AXISBANK/part-065620_103974-026146.parquet,real_data_sample\l2_unseen_validation\trade_date=2026-07-17\exchange=NSE\symbol=AXISBANK\part-065620_103974-026146.parquet,36021,downloaded,36021,
2026-07-17,NSE,AXISBANK,raw_l2/trade_date=2026-07-17/exchange=NSE/symbol=AXISBANK/part-065634_082629-026178.parquet,real_data_sample\l2_unseen_validation\trade_date=2026-07-17\exchange=NSE\symbol=AXISBANK\part-065634_082629-026178.parquet,35585,downloaded,35585,
2026-07-17,NSE,AXISBANK,raw_l2/trade_date=2026-07-17/exchange=NSE/symbol=AXISBANK/part-064823_863695-025058.parquet,real_data_sample\l2_unseen_validation\trade_date=2026-07-17\exchange=NSE\symbol=AXISBANK\part-064823_863695-025058.parquet,35857,downloaded,35857,
2026-07-17,NSE,AXISBANK,raw_l2/trade_date=2026-07-17/exchange=NSE/symbol=AXISBANK/part-065730_099513-026306.parquet,real_data_sample\l2_unseen_validation\trade_date=2026-07-17\exchange=NSE\symbol=AXISBANK\part-065730_099513-026306.parquet,35661,downloaded,35661,
2026-07-17,NSE,AXISBANK,raw_l2/trade_date=2026-07-17/exchange=NSE/symbol=AXISBANK/part-064809_852680-025026.parquet,real_data_sample\l2_unseen_validation\trade_date=2026-07-17\exchange=NSE\symbol=AXISBANK\part-064809_852680-025026.parquet,36073,downloaded,36073,
2026-07-17,NSE,AXISBANK,raw_l2/trade_date=2026-07-17/exchange=NSE/symbol=AXISBANK/part-065249_342531-025666.parquet,real_data_sample\l2_unseen_validation\trade_date=2026-07-17\exchange=NSE\symbol=AXISBANK\part-065249_342531-025666.parquet,36186,downloaded,36186,
2026-07-17,NSE,AXISBANK,raw_l2/trade_date=2026-07-17/exchange=NSE/symbol=AXISBANK/part-065855_632281-026498.parquet,real_data_sample\l2_unseen_validation\trade_date=2026-07-17\exchange=NSE\symbol=AXISBANK\part-065855_632281-026498.parquet,35342,downloaded,35342,
2026-07-17,NSE,AXISBANK,raw_l2/trade_date=2026-07-17/exchange=NSE/symbol=AXISBANK/part-065909_845976-026530.parquet,real_data_sample\l2_unseen_validation\trade_date=2026-07-17\exchange=NSE\symbol=AXISBANK\part-065909_845976-026530.parquet,35593,downloaded,35593,
2026-07-17,NSE,AXISBANK,raw_l2/trade_date=2026-07-17/exchange=NSE/symbol=AXISBANK/part-065303_596545-025698.parquet,real_data_sample\l2_unseen_validation\trade_date=2026-07-17\exchange=NSE\symbol=AXISBANK\part-065303_596545-025698.parquet,35540,downloaded,35540,
2026-07-17,NSE,AXISBANK,raw_l2/trade_date=2026-07-17/exchange=NSE/symbol=AXISBANK/part-065924_093955-026562.parquet,real_data_sample\l2_unseen_validation\trade_date=2026-07-17\exchange=NSE\symbol=AXISBANK\part-065924_093955-026562.parquet,35664,downloaded,35664,
2026-07-17,NSE,AXISBANK,raw_l2/trade_date=2026-07-17/exchange=NSE/symbol=AXISBANK/part-065938_862310-026594.parquet,real_data_sample\l2_unseen_validation\trade_date=2026-07-17\exchange=NSE\symbol=AXISBANK\part-065938_862310-026594.parquet,35598,downloaded,35598,
2026-07-17,NSE,AXISBANK,raw_l2/trade_date=2026-07-17/exchange=NSE/symbol=AXISBANK/part-070022_847940-026690.parquet,real_data_sample\l2_unseen_validation\trade_date=2026-07-17\exchange=NSE\symbol=AXISBANK\part-070022_847940-026690.parquet,34910,downloaded,34910,
2026-07-17,NSE,AXISBANK,raw_l2/trade_date=2026-07-17/exchange=NSE/symbol=AXISBANK/part-065953_602812-026626.parquet,real_data_sample\l2_unseen_validation\trade_date=2026-07-17\exchange=NSE\symbol=AXISBANK\part-065953_602812-026626.parquet,35120,downloaded,35120,
2026-07-17,NSE,AXISBANK,raw_l2/trade_date=2026-07-17/exchange=NSE/symbol=AXISBANK/part-070008_119520-026658.parquet,real_data_sample\l2_unseen_validation\trade_date=2026-07-17\exchange=NSE\symbol=AXISBANK\part-070008_119520-026658.parquet,35196,downloaded,35196,
2026-07-17,NSE,AXISBANK,raw_l2/trade_date=2026-07-17/exchange=NSE/symbol=AXISBANK/part-070037_108831-026722.parquet,real_data_sample\l2_unseen_validation\trade_date=2026-07-17\exchange=NSE\symbol=AXISBANK\part-070037_108831-026722.parquet,34885,downloaded,34885,
2026-07-17,NSE,AXISBANK,raw_l2/trade_date=2026-07-17/exchange=NSE/symbol=AXISBANK/part-070051_628747-026754.parquet,real_data_sample\l2_unseen_validation\trade_date=2026-07-17\exchange=NSE\symbol=AXISBANK\part-070051_628747-026754.parquet,34642,downloaded,34642,
2026-07-17,NSE,AXISBANK,raw_l2/trade_date=2026-07-17/exchange=NSE/symbol=AXISBANK/part-065235_365900-025634.parquet,real_data_sample\l2_unseen_validation\trade_date=2026-07-17\exchange=NSE\symbol=AXISBANK\part-065235_365900-025634.parquet,35725,downloaded,35725,
2026-07-17,NSE,AXISBANK,raw_l2/trade_date=2026-07-17/exchange=NSE/symbol=AXISBANK/part-065841_353935-026466.parquet,real_data_sample\l2_unseen_validation\trade_date=2026-07-17\exchange=NSE\symbol=AXISBANK\part-065841_353935-026466.parquet,35584,downloaded,35584,
2026-07-17,NSE,AXISBANK,raw_l2/trade_date=2026-07-17/exchange=NSE/symbol=AXISBANK/part-064455_617907-024578.parquet,real_data_sample\l2_unseen_validation\trade_date=2026-07-17\exchange=NSE\symbol=AXISBANK\part-064455_617907-024578.parquet,35340,downloaded,35340,
2026-07-17,NSE,AXISBANK,raw_l2/trade_date=2026-07-17/exchange=NSE/symbol=AXISBANK/part-070459_378206-027298.parquet,real_data_sample\l2_unseen_validation\trade_date=2026-07-17\exchange=NSE\symbol=AXISBANK\part-070459_378206-027298.parquet,34993,downloaded,34993,
2026-07-17,NSE,AXISBANK,raw_l2/trade_date=2026-07-17/exchange=NSE/symbol=AXISBANK/part-070416_593106-027202.parquet,real_data_sample\l2_unseen_validation\trade_date=2026-07-17\exchange=NSE\symbol=AXISBANK\part-070416_593106-027202.parquet,34624,downloaded,34624,
2026-07-17,NSE,AXISBANK,raw_l2/trade_date=2026-07-17/exchange=NSE/symbol=AXISBANK/part-070709_126865-027586.parquet,real_data_sample\l2_unseen_validation\trade_date=2026-07-17\exchange=NSE\symbol=AXISBANK\part-070709_126865-027586.parquet,35076,downloaded,35076,
2026-07-17,NSE,AXISBANK,raw_l2/trade_date=2026-07-17/exchange=NSE/symbol=AXISBANK/part-070654_864782-027554.parquet,real_data_sample\l2_unseen_validation\trade_date=2026-07-17\exchange=NSE\symbol=AXISBANK\part-070654_864782-027554.parquet,35030,downloaded,35030,
2026-07-17,NSE,AXISBANK,raw_l2/trade_date=2026-07-17/exchange=NSE/symbol=AXISBANK/part-065028_836509-025346.parquet,real_data_sample\l2_unseen_validation\trade_date=2026-07-17\exchange=NSE\symbol=AXISBANK\part-065028_836509-025346.parquet,36081,downloaded,36081,
2026-07-17,NSE,AXISBANK,raw_l2/trade_date=2026-07-17/exchange=NSE/symbol=AXISBANK/part-070805_846629-027714.parquet,real_data_sample\l2_unseen_validation\trade_date=2026-07-17\exchange=NSE\symbol=AXISBANK\part-070805_846629-027714.parquet,35663,downloaded,35663,
2026-07-17,NSE,AXISBANK,raw_l2/trade_date=2026-07-17/exchange=NSE/symbol=AXISBANK/part-070834_106340-027778.parquet,real_data_sample\l2_unseen_validation\trade_date=2026-07-17\exchange=NSE\symbol=AXISBANK\part-070834_106340-027778.parquet,35761,downloaded,35761,
2026-07-17,NSE,AXISBANK,raw_l2/trade_date=2026-07-17/exchange=NSE/symbol=AXISBANK/part-070819_855357-027746.parquet,real_data_sample\l2_unseen_validation\trade_date=2026-07-17\exchange=NSE\symbol=AXISBANK\part-070819_855357-027746.parquet,35745,downloaded,35745,
2026-07-17,NSE,AXISBANK,raw_l2/trade_date=2026-07-17/exchange=NSE/symbol=AXISBANK/part-070848_587555-027810.parquet,real_data_sample\l2_unseen_validation\trade_date=2026-07-17\exchange=NSE\symbol=AXISBANK\part-070848_587555-027810.parquet,35496,downloaded,35496,
2026-07-17,NSE,AXISBANK,raw_l2/trade_date=2026-07-17/exchange=NSE/symbol=AXISBANK/part-070737_628092-027650.parquet,real_data_sample\l2_unseen_validation\trade_date=2026-07-17\exchange=NSE\symbol=AXISBANK\part-070737_628092-027650.parquet,35671,downloaded,35671,
2026-07-17,NSE,AXISBANK,raw_l2/trade_date=2026-07-17/exchange=NSE/symbol=AXISBANK/part-070723_381456-027618.parquet,real_data_sample\l2_unseen_validation\trade_date=2026-07-17\exchange=NSE\symbol=AXISBANK\part-070723_381456-027618.parquet,35336,downloaded,35336,
2026-07-17,NSE,AXISBANK,raw_l2/trade_date=2026-07-17/exchange=NSE/symbol=AXISBANK/part-070751_850533-027682.parquet,real_data_sample\l2_unseen_validation\trade_date=2026-07-17\exchange=NSE\symbol=AXISBANK\part-070751_850533-027682.parquet,36238,downloaded,36238,
2026-07-17,NSE,AXISBANK,raw_l2/trade_date=2026-07-17/exchange=NSE/symbol=AXISBANK/part-070917_349023-027874.parquet,real_data_sample\l2_unseen_validation\trade_date=2026-07-17\exchange=NSE\symbol=AXISBANK\part-070917_349023-027874.parquet,35201,downloaded,35201,
2026-07-17,NSE,AXISBANK,raw_l2/trade_date=2026-07-17/exchange=NSE/symbol=AXISBANK/part-071000_843763-027970.parquet,real_data_sample\l2_unseen_validation\trade_date=2026-07-17\exchange=NSE\symbol=AXISBANK\part-071000_843763-027970.parquet,35078,downloaded,35078,
2026-07-17,NSE,AXISBANK,raw_l2/trade_date=2026-07-17/exchange=NSE/symbol=AXISBANK/part-070931_876890-027906.parquet,real_data_sample\l2_unseen_validation\trade_date=2026-07-17\exchange=NSE\symbol=AXISBANK\part-070931_876890-027906.parquet,34977,downloaded,34977,
2026-07-17,NSE,AXISBANK,raw_l2/trade_date=2026-07-17/exchange=NSE/symbol=AXISBANK/part-070946_586395-027938.parquet,real_data_sample\l2_unseen_validation\trade_date=2026-07-17\exchange=NSE\symbol=AXISBANK\part-070946_586395-027938.parquet,34829,downloaded,34829,
2026-07-17,NSE,AXISBANK,raw_l2/trade_date=2026-07-17/exchange=NSE/symbol=AXISBANK/part-070902_848837-027842.parquet,real_data_sample\l2_unseen_validation\trade_date=2026-07-17\exchange=NSE\symbol=AXISBANK\part-070902_848837-027842.parquet,35258,downloaded,35258,
2026-07-17,NSE,AXISBANK,raw_l2/trade_date=2026-07-17/exchange=NSE/symbol=AXISBANK/part-071057_887863-028098.parquet,real_data_sample\l2_unseen_validation\trade_date=2026-07-17\exchange=NSE\symbol=AXISBANK\part-071057_887863-028098.parquet,36300,downloaded,36300,
2026-07-17,NSE,AXISBANK,raw_l2/trade_date=2026-07-17/exchange=NSE/symbol=AXISBANK/part-071112_356945-028130.parquet,real_data_sample\l2_unseen_validation\trade_date=2026-07-17\exchange=NSE\symbol=AXISBANK\part-071112_356945-028130.parquet,36239,downloaded,36239,
2026-07-17,NSE,AXISBANK,raw_l2/trade_date=2026-07-17/exchange=NSE/symbol=AXISBANK/part-071126_875541-028162.parquet,real_data_sample\l2_unseen_validation\trade_date=2026-07-17\exchange=NSE\symbol=AXISBANK\part-071126_875541-028162.parquet,36015,downloaded,36015,
2026-07-17,NSE,AXISBANK,raw_l2/trade_date=2026-07-17/exchange=NSE/symbol=AXISBANK/part-071015_097179-028002.parquet,real_data_sample\l2_unseen_validation\trade_date=2026-07-17\exchange=NSE\symbol=AXISBANK\part-071015_097179-028002.parquet,35480,downloaded,35480,
2026-07-17,NSE,AXISBANK,raw_l2/trade_date=2026-07-17/exchange=NSE/symbol=AXISBANK/part-071141_369633-028194.parquet,real_data_sample\l2_unseen_validation\trade_date=2026-07-17\exchange=NSE\symbol=AXISBANK\part-071141_369633-028194.parquet,35925,downloaded,35925,
2026-07-17,NSE,AXISBANK,raw_l2/trade_date=2026-07-17/exchange=NSE/symbol=AXISBANK/part-071029_101650-028034.parquet,real_data_sample\l2_unseen_validation\trade_date=2026-07-17\exchange=NSE\symbol=AXISBANK\part-071029_101650-028034.parquet,35955,downloaded,35955,
2026-07-17,NSE,AXISBANK,raw_l2/trade_date=2026-07-17/exchange=NSE/symbol=AXISBANK/part-071043_139332-028066.parquet,real_data_sample\l2_unseen_validation\trade_date=2026-07-17\exchange=NSE\symbol=AXISBANK\part-071043_139332-028066.parquet,35624,downloaded,35624,
2026-07-17,NSE,AXISBANK,raw_l2/trade_date=2026-07-17/exchange=NSE/symbol=AXISBANK/part-071156_094275-028226.parquet,real_data_sample\l2_unseen_validation\trade_date=2026-07-17\exchange=NSE\symbol=AXISBANK\part-071156_094275-028226.parquet,35785,downloaded,35785,
2026-07-17,NSE,AXISBANK,raw_l2/trade_date=2026-07-17/exchange=NSE/symbol=AXISBANK/part-071210_613514-028258.parquet,real_data_sample\l2_unseen_validation\trade_date=2026-07-17\exchange=NSE\symbol=AXISBANK\part-071210_613514-028258.parquet,36174,downloaded,36174,
2026-07-17,NSE,AXISBANK,raw_l2/trade_date=2026-07-17/exchange=NSE/symbol=AXISBANK/part-071253_851614-028354.parquet,real_data_sample\l2_unseen_validation\trade_date=2026-07-17\exchange=NSE\symbol=AXISBANK\part-071253_851614-028354.parquet,35423,downloaded,35423,
2026-07-17,NSE,AXISBANK,raw_l2/trade_date=2026-07-17/exchange=NSE/symbol=AXISBANK/part-071308_103929-028386.parquet,real_data_sample\l2_unseen_validation\trade_date=2026-07-17\exchange=NSE\symbol=AXISBANK\part-071308_103929-028386.parquet,36131,downloaded,36131,
2026-07-17,NSE,AXISBANK,raw_l2/trade_date=2026-07-17/exchange=NSE/symbol=AXISBANK/part-071225_118365-028290.parquet,real_data_sample\l2_unseen_validation\trade_date=2026-07-17\exchange=NSE\symbol=AXISBANK\part-071225_118365-028290.parquet,35570,downloaded,35570,
2026-07-17,NSE,AXISBANK,raw_l2/trade_date=2026-07-17/exchange=NSE/symbol=AXISBANK/part-071239_610156-028322.parquet,real_data_sample\l2_unseen_validation\trade_date=2026-07-17\exchange=NSE\symbol=AXISBANK\part-071239_610156-028322.parquet,35871,downloaded,35871,
2026-07-17,NSE,AXISBANK,raw_l2/trade_date=2026-07-17/exchange=NSE/symbol=AXISBANK/part-065648_093123-026210.parquet,real_data_sample\l2_unseen_validation\trade_date=2026-07-17\exchange=NSE\symbol=AXISBANK\part-065648_093123-026210.parquet,35380,downloaded,35380,
2026-07-17,NSE,AXISBANK,raw_l2/trade_date=2026-07-17/exchange=NSE/symbol=AXISBANK/part-071405_363841-028514.parquet,real_data_sample\l2_unseen_validation\trade_date=2026-07-17\exchange=NSE\symbol=AXISBANK\part-071405_363841-028514.parquet,35812,downloaded,35812,
2026-07-17,NSE,AXISBANK,raw_l2/trade_date=2026-07-17/exchange=NSE/symbol=AXISBANK/part-071351_156946-028482.parquet,real_data_sample\l2_unseen_validation\trade_date=2026-07-17\exchange=NSE\symbol=AXISBANK\part-071351_156946-028482.parquet,35777,downloaded,35777,
2026-07-17,NSE,AXISBANK,raw_l2/trade_date=2026-07-17/exchange=NSE/symbol=AXISBANK/part-071336_595042-028450.parquet,real_data_sample\l2_unseen_validation\trade_date=2026-07-17\exchange=NSE\symbol=AXISBANK\part-071336_595042-028450.parquet,35162,downloaded,35162,
2026-07-17,NSE,AXISBANK,raw_l2/trade_date=2026-07-17/exchange=NSE/symbol=AXISBANK/part-071419_605636-028546.parquet,real_data_sample\l2_unseen_validation\trade_date=2026-07-17\exchange=NSE\symbol=AXISBANK\part-071419_605636-028546.parquet,35308,downloaded,35308,
2026-07-17,NSE,AXISBANK,raw_l2/trade_date=2026-07-17/exchange=NSE/symbol=AXISBANK/part-071322_350659-028418.parquet,real_data_sample\l2_unseen_validation\trade_date=2026-07-17\exchange=NSE\symbol=AXISBANK\part-071322_350659-028418.parquet,36047,downloaded,36047,
2026-07-17,NSE,AXISBANK,raw_l2/trade_date=2026-07-17/exchange=NSE/symbol=AXISBANK/part-071433_871671-028578.parquet,real_data_sample\l2_unseen_validation\trade_date=2026-07-17\exchange=NSE\symbol=AXISBANK\part-071433_871671-028578.parquet,35383,downloaded,35383,
2026-07-17,NSE,AXISBANK,raw_l2/trade_date=2026-07-17/exchange=NSE/symbol=AXISBANK/part-071448_101463-028610.parquet,real_data_sample\l2_unseen_validation\trade_date=2026-07-17\exchange=NSE\symbol=AXISBANK\part-071448_101463-028610.parquet,35841,downloaded,35841,
2026-07-17,NSE,AXISBANK,raw_l2/trade_date=2026-07-17/exchange=NSE/symbol=AXISBANK/part-071502_612849-028642.parquet,real_data_sample\l2_unseen_validation\trade_date=2026-07-17\exchange=NSE\symbol=AXISBANK\part-071502_612849-028642.parquet,35519,downloaded,35519,
2026-07-17,NSE,AXISBANK,raw_l2/trade_date=2026-07-17/exchange=NSE/symbol=AXISBANK/part-070150_902715-026882.parquet,real_data_sample\l2_unseen_validation\trade_date=2026-07-17\exchange=NSE\symbol=AXISBANK\part-070150_902715-026882.parquet,35859,downloaded,35859,
2026-07-17,NSE,AXISBANK,raw_l2/trade_date=2026-07-17/exchange=NSE/symbol=AXISBANK/part-070319_100854-027074.parquet,real_data_sample\l2_unseen_validation\trade_date=2026-07-17\exchange=NSE\symbol=AXISBANK\part-070319_100854-027074.parquet,34669,downloaded,34669,
2026-07-17,NSE,AXISBANK,raw_l2/trade_date=2026-07-17/exchange=NSE/symbol=AXISBANK/part-070543_100690-027394.parquet,real_data_sample\l2_unseen_validation\trade_date=2026-07-17\exchange=NSE\symbol=AXISBANK\part-070543_100690-027394.parquet,34718,downloaded,34718,
2026-07-17,NSE,AXISBANK,raw_l2/trade_date=2026-07-17/exchange=NSE/symbol=AXISBANK/part-070234_845572-026978.parquet,real_data_sample\l2_unseen_validation\trade_date=2026-07-17\exchange=NSE\symbol=AXISBANK\part-070234_845572-026978.parquet,34752,downloaded,34752,
2026-07-17,NSE,AXISBANK,raw_l2/trade_date=2026-07-17/exchange=NSE/symbol=AXISBANK/part-070430_846150-027234.parquet,real_data_sample\l2_unseen_validation\trade_date=2026-07-17\exchange=NSE\symbol=AXISBANK\part-070430_846150-027234.parquet,34715,downloaded,34715,
2026-07-17,NSE,AXISBANK,raw_l2/trade_date=2026-07-17/exchange=NSE/symbol=AXISBANK/part-070205_408758-026914.parquet,real_data_sample\l2_unseen_validation\trade_date=2026-07-17\exchange=NSE\symbol=AXISBANK\part-070205_408758-026914.parquet,35213,downloaded,35213,
2026-07-17,NSE,AXISBANK,raw_l2/trade_date=2026-07-17/exchange=NSE/symbol=AXISBANK/part-070528_597358-027362.parquet,real_data_sample\l2_unseen_validation\trade_date=2026-07-17\exchange=NSE\symbol=AXISBANK\part-070528_597358-027362.parquet,34767,downloaded,34767,
2026-07-17,NSE,AXISBANK,raw_l2/trade_date=2026-07-17/exchange=NSE/symbol=AXISBANK/part-070557_361438-027426.parquet,real_data_sample\l2_unseen_validation\trade_date=2026-07-17\exchange=NSE\symbol=AXISBANK\part-070557_361438-027426.parquet,34672,downloaded,34672,
2026-07-17,NSE,AXISBANK,raw_l2/trade_date=2026-07-17/exchange=NSE/symbol=AXISBANK/part-070402_345284-027170.parquet,real_data_sample\l2_unseen_validation\trade_date=2026-07-17\exchange=NSE\symbol=AXISBANK\part-070402_345284-027170.parquet,34658,downloaded,34658,
2026-07-17,NSE,AXISBANK,raw_l2/trade_date=2026-07-17/exchange=NSE/symbol=AXISBANK/part-070219_953147-026946.parquet,real_data_sample\l2_unseen_validation\trade_date=2026-07-17\exchange=NSE\symbol=AXISBANK\part-070219_953147-026946.parquet,34859,downloaded,34859,
2026-07-17,NSE,AXISBANK,raw_l2/trade_date=2026-07-17/exchange=NSE/symbol=AXISBANK/part-071531_348538-028706.parquet,real_data_sample\l2_unseen_validation\trade_date=2026-07-17\exchange=NSE\symbol=AXISBANK\part-071531_348538-028706.parquet,36016,downloaded,36016,
2026-07-17,NSE,AXISBANK,raw_l2/trade_date=2026-07-17/exchange=NSE/symbol=AXISBANK/part-070445_091663-027266.parquet,real_data_sample\l2_unseen_validation\trade_date=2026-07-17\exchange=NSE\symbol=AXISBANK\part-070445_091663-027266.parquet,34735,downloaded,34735,
2026-07-17,NSE,AXISBANK,raw_l2/trade_date=2026-07-17/exchange=NSE/symbol=AXISBANK/part-070135_618526-026850.parquet,real_data_sample\l2_unseen_validation\trade_date=2026-07-17\exchange=NSE\symbol=AXISBANK\part-070135_618526-026850.parquet,35837,downloaded,35837,
2026-07-17,NSE,AXISBANK,raw_l2/trade_date=2026-07-17/exchange=NSE/symbol=AXISBANK/part-070333_647921-027106.parquet,real_data_sample\l2_unseen_validation\trade_date=2026-07-17\exchange=NSE\symbol=AXISBANK\part-070333_647921-027106.parquet,34867,downloaded,34867,
2026-07-17,NSE,AXISBANK,raw_l2/trade_date=2026-07-17/exchange=NSE/symbol=AXISBANK/part-070304_391844-027042.parquet,real_data_sample\l2_unseen_validation\trade_date=2026-07-17\exchange=NSE\symbol=AXISBANK\part-070304_391844-027042.parquet,34790,downloaded,34790,
2026-07-17,NSE,AXISBANK,raw_l2/trade_date=2026-07-17/exchange=NSE/symbol=AXISBANK/part-070347_893109-027138.parquet,real_data_sample\l2_unseen_validation\trade_date=2026-07-17\exchange=NSE\symbol=AXISBANK\part-070347_893109-027138.parquet,34671,downloaded,34671,
2026-07-17,NSE,AXISBANK,raw_l2/trade_date=2026-07-17/exchange=NSE/symbol=AXISBANK/part-071545_848148-028738.parquet,real_data_sample\l2_unseen_validation\trade_date=2026-07-17\exchange=NSE\symbol=AXISBANK\part-071545_848148-028738.parquet,35440,downloaded,35440,
2026-07-17,NSE,AXISBANK,raw_l2/trade_date=2026-07-17/exchange=NSE/symbol=AXISBANK/part-070249_095105-027010.parquet,real_data_sample\l2_unseen_validation\trade_date=2026-07-17\exchange=NSE\symbol=AXISBANK\part-070249_095105-027010.parquet,34649,downloaded,34649,
2026-07-17,NSE,AXISBANK,raw_l2/trade_date=2026-07-17/exchange=NSE/symbol=AXISBANK/part-071614_633399-028802.parquet,real_data_sample\l2_unseen_validation\trade_date=2026-07-17\exchange=NSE\symbol=AXISBANK\part-071614_633399-028802.parquet,35868,downloaded,35868,
2026-07-17,NSE,AXISBANK,raw_l2/trade_date=2026-07-17/exchange=NSE/symbol=AXISBANK/part-071711_362698-028930.parquet,real_data_sample\l2_unseen_validation\trade_date=2026-07-17\exchange=NSE\symbol=AXISBANK\part-071711_362698-028930.parquet,35381,downloaded,35381,
2026-07-17,NSE,AXISBANK,raw_l2/trade_date=2026-07-17/exchange=NSE/symbol=AXISBANK/part-071600_362533-028770.parquet,real_data_sample\l2_unseen_validation\trade_date=2026-07-17\exchange=NSE\symbol=AXISBANK\part-071600_362533-028770.parquet,35504,downloaded,35504,
2026-07-17,NSE,AXISBANK,raw_l2/trade_date=2026-07-17/exchange=NSE/symbol=AXISBANK/part-070514_149487-027330.parquet,real_data_sample\l2_unseen_validation\trade_date=2026-07-17\exchange=NSE\symbol=AXISBANK\part-070514_149487-027330.parquet,34854,downloaded,34854,
2026-07-17,NSE,AXISBANK,raw_l2/trade_date=2026-07-17/exchange=NSE/symbol=AXISBANK/part-071725_588999-028962.parquet,real_data_sample\l2_unseen_validation\trade_date=2026-07-17\exchange=NSE\symbol=AXISBANK\part-071725_588999-028962.parquet,34926,downloaded,34926,
2026-07-17,NSE,AXISBANK,raw_l2/trade_date=2026-07-17/exchange=NSE/symbol=AXISBANK/part-071739_852316-028994.parquet,real_data_sample\l2_unseen_validation\trade_date=2026-07-17\exchange=NSE\symbol=AXISBANK\part-071739_852316-028994.parquet,34995,downloaded,34995,
2026-07-17,NSE,AXISBANK,raw_l2/trade_date=2026-07-17/exchange=NSE/symbol=AXISBANK/part-071754_102123-029026.parquet,real_data_sample\l2_unseen_validation\trade_date=2026-07-17\exchange=NSE\symbol=AXISBANK\part-071754_102123-029026.parquet,34882,downloaded,34882,
2026-07-17,NSE,AXISBANK,raw_l2/trade_date=2026-07-17/exchange=NSE/symbol=AXISBANK/part-071808_366537-029058.parquet,real_data_sample\l2_unseen_validation\trade_date=2026-07-17\exchange=NSE\symbol=AXISBANK\part-071808_366537-029058.parquet,34851,downloaded,34851,
2026-07-17,NSE,AXISBANK,raw_l2/trade_date=2026-07-17/exchange=NSE/symbol=AXISBANK/part-070106_109845-026786.parquet,real_data_sample\l2_unseen_validation\trade_date=2026-07-17\exchange=NSE\symbol=AXISBANK\part-070106_109845-026786.parquet,34839,downloaded,34839,
2026-07-17,NSE,AXISBANK,raw_l2/trade_date=2026-07-17/exchange=NSE/symbol=AXISBANK/part-070121_125361-026818.parquet,real_data_sample\l2_unseen_validation\trade_date=2026-07-17\exchange=NSE\symbol=AXISBANK\part-070121_125361-026818.parquet,35397,downloaded,35397,
2026-07-17,NSE,AXISBANK,raw_l2/trade_date=2026-07-17/exchange=NSE/symbol=AXISBANK/part-070611_852971-027458.parquet,real_data_sample\l2_unseen_validation\trade_date=2026-07-17\exchange=NSE\symbol=AXISBANK\part-070611_852971-027458.parquet,34703,downloaded,34703,
2026-07-17,NSE,AXISBANK,raw_l2/trade_date=2026-07-17/exchange=NSE/symbol=AXISBANK/part-065758_345872-026370.parquet,real_data_sample\l2_unseen_validation\trade_date=2026-07-17\exchange=NSE\symbol=AXISBANK\part-065758_345872-026370.parquet,35902,downloaded,35902,
2026-07-17,NSE,AXISBANK,raw_l2/trade_date=2026-07-17/exchange=NSE/symbol=AXISBANK/part-072143_590041-029538.parquet,real_data_sample\l2_unseen_validation\trade_date=2026-07-17\exchange=NSE\symbol=AXISBANK\part-072143_590041-029538.parquet,35766,downloaded,35766,
2026-07-17,NSE,AXISBANK,raw_l2/trade_date=2026-07-17/exchange=NSE/symbol=AXISBANK/part-072212_620030-029602.parquet,real_data_sample\l2_unseen_validation\trade_date=2026-07-17\exchange=NSE\symbol=AXISBANK\part-072212_620030-029602.parquet,36351,downloaded,36351,
2026-07-17,NSE,AXISBANK,raw_l2/trade_date=2026-07-17/exchange=NSE/symbol=AXISBANK/part-072115_355066-029474.parquet,real_data_sample\l2_unseen_validation\trade_date=2026-07-17\exchange=NSE\symbol=AXISBANK\part-072115_355066-029474.parquet,36081,downloaded,36081,
2026-07-17,NSE,AXISBANK,raw_l2/trade_date=2026-07-17/exchange=NSE/symbol=AXISBANK/part-072032_592367-029378.parquet,real_data_sample\l2_unseen_validation\trade_date=2026-07-17\exchange=NSE\symbol=AXISBANK\part-072032_592367-029378.parquet,35466,downloaded,35466,
2026-07-17,NSE,AXISBANK,raw_l2/trade_date=2026-07-17/exchange=NSE/symbol=AXISBANK/part-072101_114224-029442.parquet,real_data_sample\l2_unseen_validation\trade_date=2026-07-17\exchange=NSE\symbol=AXISBANK\part-072101_114224-029442.parquet,35958,downloaded,35958,
2026-07-17,NSE,AXISBANK,raw_l2/trade_date=2026-07-17/exchange=NSE/symbol=AXISBANK/part-071949_837402-029282.parquet,real_data_sample\l2_unseen_validation\trade_date=2026-07-17\exchange=NSE\symbol=AXISBANK\part-071949_837402-029282.parquet,34933,downloaded,34933,
2026-07-17,NSE,AXISBANK,raw_l2/trade_date=2026-07-17/exchange=NSE/symbol=AXISBANK/part-072046_844815-029410.parquet,real_data_sample\l2_unseen_validation\trade_date=2026-07-17\exchange=NSE\symbol=AXISBANK\part-072046_844815-029410.parquet,35472,downloaded,35472,
2026-07-17,NSE,AXISBANK,raw_l2/trade_date=2026-07-17/exchange=NSE/symbol=AXISBANK/part-071837_132861-029122.parquet,real_data_sample\l2_unseen_validation\trade_date=2026-07-17\exchange=NSE\symbol=AXISBANK\part-071837_132861-029122.parquet,34713,downloaded,34713,
2026-07-17,NSE,AXISBANK,raw_l2/trade_date=2026-07-17/exchange=NSE/symbol=AXISBANK/part-071517_116735-028674.parquet,real_data_sample\l2_unseen_validation\trade_date=2026-07-17\exchange=NSE\symbol=AXISBANK\part-071517_116735-028674.parquet,36452,downloaded,36452,
2026-07-17,NSE,AXISBANK,raw_l2/trade_date=2026-07-17/exchange=NSE/symbol=AXISBANK/part-072129_376683-029506.parquet,real_data_sample\l2_unseen_validation\trade_date=2026-07-17\exchange=NSE\symbol=AXISBANK\part-072129_376683-029506.parquet,35445,downloaded,35445,
2026-07-17,NSE,AXISBANK,raw_l2/trade_date=2026-07-17/exchange=NSE/symbol=AXISBANK/part-071907_097106-029186.parquet,real_data_sample\l2_unseen_validation\trade_date=2026-07-17\exchange=NSE\symbol=AXISBANK\part-071907_097106-029186.parquet,35031,downloaded,35031,
2026-07-17,NSE,AXISBANK,raw_l2/trade_date=2026-07-17/exchange=NSE/symbol=AXISBANK/part-071935_604386-029250.parquet,real_data_sample\l2_unseen_validation\trade_date=2026-07-17\exchange=NSE\symbol=AXISBANK\part-071935_604386-029250.parquet,35051,downloaded,35051,
2026-07-17,NSE,AXISBANK,raw_l2/trade_date=2026-07-17/exchange=NSE/symbol=AXISBANK/part-072157_613106-029570.parquet,real_data_sample\l2_unseen_validation\trade_date=2026-07-17\exchange=NSE\symbol=AXISBANK\part-072157_613106-029570.parquet,35993,downloaded,35993,
2026-07-17,NSE,AXISBANK,raw_l2/trade_date=2026-07-17/exchange=NSE/symbol=AXISBANK/part-072240_860746-029666.parquet,real_data_sample\l2_unseen_validation\trade_date=2026-07-17\exchange=NSE\symbol=AXISBANK\part-072240_860746-029666.parquet,36361,downloaded,36361,
2026-07-17,NSE,AXISBANK,raw_l2/trade_date=2026-07-17/exchange=NSE/symbol=AXISBANK/part-072226_594411-029634.parquet,real_data_sample\l2_unseen_validation\trade_date=2026-07-17\exchange=NSE\symbol=AXISBANK\part-072226_594411-029634.parquet,35817,downloaded,35817,
2026-07-17,NSE,AXISBANK,raw_l2/trade_date=2026-07-17/exchange=NSE/symbol=AXISBANK/part-072255_107447-029698.parquet,real_data_sample\l2_unseen_validation\trade_date=2026-07-17\exchange=NSE\symbol=AXISBANK\part-072255_107447-029698.parquet,35798,downloaded,35798,
2026-07-17,NSE,AXISBANK,raw_l2/trade_date=2026-07-17/exchange=NSE/symbol=AXISBANK/part-072309_351862-029730.parquet,real_data_sample\l2_unseen_validation\trade_date=2026-07-17\exchange=NSE\symbol=AXISBANK\part-072309_351862-029730.parquet,35803,downloaded,35803,
2026-07-17,NSE,AXISBANK,raw_l2/trade_date=2026-07-17/exchange=NSE/symbol=AXISBANK/part-072323_595258-029762.parquet,real_data_sample\l2_unseen_validation\trade_date=2026-07-17\exchange=NSE\symbol=AXISBANK\part-072323_595258-029762.parquet,35981,downloaded,35981,
2026-07-17,NSE,AXISBANK,raw_l2/trade_date=2026-07-17/exchange=NSE/symbol=AXISBANK/part-072003_867143-029314.parquet,real_data_sample\l2_unseen_validation\trade_date=2026-07-17\exchange=NSE\symbol=AXISBANK\part-072003_867143-029314.parquet,35021,downloaded,35021,
2026-07-17,NSE,AXISBANK,raw_l2/trade_date=2026-07-17/exchange=NSE/symbol=AXISBANK/part-072435_102436-029922.parquet,real_data_sample\l2_unseen_validation\trade_date=2026-07-17\exchange=NSE\symbol=AXISBANK\part-072435_102436-029922.parquet,35484,downloaded,35484,
2026-07-17,NSE,AXISBANK,raw_l2/trade_date=2026-07-17/exchange=NSE/symbol=AXISBANK/part-072406_624623-029858.parquet,real_data_sample\l2_unseen_validation\trade_date=2026-07-17\exchange=NSE\symbol=AXISBANK\part-072406_624623-029858.parquet,35778,downloaded,35778,
2026-07-17,NSE,AXISBANK,raw_l2/trade_date=2026-07-17/exchange=NSE/symbol=AXISBANK/part-072449_365372-029954.parquet,real_data_sample\l2_unseen_validation\trade_date=2026-07-17\exchange=NSE\symbol=AXISBANK\part-072449_365372-029954.parquet,35647,downloaded,35647,
2026-07-17,NSE,AXISBANK,raw_l2/trade_date=2026-07-17/exchange=NSE/symbol=AXISBANK/part-072518_093477-030018.parquet,real_data_sample\l2_unseen_validation\trade_date=2026-07-17\exchange=NSE\symbol=AXISBANK\part-072518_093477-030018.parquet,35073,downloaded,35073,
2026-07-17,NSE,AXISBANK,raw_l2/trade_date=2026-07-17/exchange=NSE/symbol=AXISBANK/part-072504_097202-029986.parquet,real_data_sample\l2_unseen_validation\trade_date=2026-07-17\exchange=NSE\symbol=AXISBANK\part-072504_097202-029986.parquet,35477,downloaded,35477,
2026-07-17,NSE,AXISBANK,raw_l2/trade_date=2026-07-17/exchange=NSE/symbol=AXISBANK/part-072532_349856-030050.parquet,real_data_sample\l2_unseen_validation\trade_date=2026-07-17\exchange=NSE\symbol=AXISBANK\part-072532_349856-030050.parquet,34843,downloaded,34843,
2026-07-17,NSE,AXISBANK,raw_l2/trade_date=2026-07-17/exchange=NSE/symbol=AXISBANK/part-072546_605381-030082.parquet,real_data_sample\l2_unseen_validation\trade_date=2026-07-17\exchange=NSE\symbol=AXISBANK\part-072546_605381-030082.parquet,34971,downloaded,34971,
2026-07-17,NSE,AXISBANK,raw_l2/trade_date=2026-07-17/exchange=NSE/symbol=AXISBANK/part-072614_832312-030146.parquet,real_data_sample\l2_unseen_validation\trade_date=2026-07-17\exchange=NSE\symbol=AXISBANK\part-072614_832312-030146.parquet,34964,downloaded,34964,
2026-07-17,NSE,AXISBANK,raw_l2/trade_date=2026-07-17/exchange=NSE/symbol=AXISBANK/part-072600_584371-030114.parquet,real_data_sample\l2_unseen_validation\trade_date=2026-07-17\exchange=NSE\symbol=AXISBANK\part-072600_584371-030114.parquet,34964,downloaded,34964,
2026-07-17,NSE,AXISBANK,raw_l2/trade_date=2026-07-17/exchange=NSE/symbol=AXISBANK/part-072657_602671-030242.parquet,real_data_sample\l2_unseen_validation\trade_date=2026-07-17\exchange=NSE\symbol=AXISBANK\part-072657_602671-030242.parquet,34634,downloaded,34634,
2026-07-17,NSE,AXISBANK,raw_l2/trade_date=2026-07-17/exchange=NSE/symbol=AXISBANK/part-072643_589656-030210.parquet,real_data_sample\l2_unseen_validation\trade_date=2026-07-17\exchange=NSE\symbol=AXISBANK\part-072643_589656-030210.parquet,34849,downloaded,34849,
2026-07-17,NSE,AXISBANK,raw_l2/trade_date=2026-07-17/exchange=NSE/symbol=AXISBANK/part-072712_100487-030274.parquet,real_data_sample\l2_unseen_validation\trade_date=2026-07-17\exchange=NSE\symbol=AXISBANK\part-072712_100487-030274.parquet,34684,downloaded,34684,
2026-07-17,NSE,AXISBANK,raw_l2/trade_date=2026-07-17/exchange=NSE/symbol=AXISBANK/part-072726_606629-030306.parquet,real_data_sample\l2_unseen_validation\trade_date=2026-07-17\exchange=NSE\symbol=AXISBANK\part-072726_606629-030306.parquet,35001,downloaded,35001,
2026-07-17,NSE,AXISBANK,raw_l2/trade_date=2026-07-17/exchange=NSE/symbol=AXISBANK/part-072740_849056-030338.parquet,real_data_sample\l2_unseen_validation\trade_date=2026-07-17\exchange=NSE\symbol=AXISBANK\part-072740_849056-030338.parquet,34812,downloaded,34812,
2026-07-17,NSE,AXISBANK,raw_l2/trade_date=2026-07-17/exchange=NSE/symbol=AXISBANK/part-072824_339959-030434.parquet,real_data_sample\l2_unseen_validation\trade_date=2026-07-17\exchange=NSE\symbol=AXISBANK\part-072824_339959-030434.parquet,34700,downloaded,34700,
2026-07-17,NSE,AXISBANK,raw_l2/trade_date=2026-07-17/exchange=NSE/symbol=AXISBANK/part-072809_849539-030402.parquet,real_data_sample\l2_unseen_validation\trade_date=2026-07-17\exchange=NSE\symbol=AXISBANK\part-072809_849539-030402.parquet,34884,downloaded,34884,
2026-07-17,NSE,AXISBANK,raw_l2/trade_date=2026-07-17/exchange=NSE/symbol=AXISBANK/part-072755_337955-030370.parquet,real_data_sample\l2_unseen_validation\trade_date=2026-07-17\exchange=NSE\symbol=AXISBANK\part-072755_337955-030370.parquet,34921,downloaded,34921,
2026-07-17,NSE,AXISBANK,raw_l2/trade_date=2026-07-17/exchange=NSE/symbol=AXISBANK/part-071822_849492-029090.parquet,real_data_sample\l2_unseen_validation\trade_date=2026-07-17\exchange=NSE\symbol=AXISBANK\part-071822_849492-029090.parquet,34653,downloaded,34653,
2026-07-17,NSE,AXISBANK,raw_l2/trade_date=2026-07-17/exchange=NSE/symbol=AXISBANK/part-072839_265497-030466.parquet,real_data_sample\l2_unseen_validation\trade_date=2026-07-17\exchange=NSE\symbol=AXISBANK\part-072839_265497-030466.parquet,34887,downloaded,34887,
2026-07-17,NSE,AXISBANK,raw_l2/trade_date=2026-07-17/exchange=NSE/symbol=AXISBANK/part-071851_867035-029154.parquet,real_data_sample\l2_unseen_validation\trade_date=2026-07-17\exchange=NSE\symbol=AXISBANK\part-071851_867035-029154.parquet,34917,downloaded,34917,
2026-07-17,NSE,AXISBANK,raw_l2/trade_date=2026-07-17/exchange=NSE/symbol=AXISBANK/part-071921_133622-029218.parquet,real_data_sample\l2_unseen_validation\trade_date=2026-07-17\exchange=NSE\symbol=AXISBANK\part-071921_133622-029218.parquet,34966,downloaded,34966,
2026-07-17,NSE,AXISBANK,raw_l2/trade_date=2026-07-17/exchange=NSE/symbol=AXISBANK/part-072909_117002-030530.parquet,real_data_sample\l2_unseen_validation\trade_date=2026-07-17\exchange=NSE\symbol=AXISBANK\part-072909_117002-030530.parquet,34779,downloaded,34779,
2026-07-17,NSE,AXISBANK,raw_l2/trade_date=2026-07-17/exchange=NSE/symbol=AXISBANK/part-072923_896745-030562.parquet,real_data_sample\l2_unseen_validation\trade_date=2026-07-17\exchange=NSE\symbol=AXISBANK\part-072923_896745-030562.parquet,35492,downloaded,35492,
2026-07-17,NSE,AXISBANK,raw_l2/trade_date=2026-07-17/exchange=NSE/symbol=AXISBANK/part-072938_595730-030594.parquet,real_data_sample\l2_unseen_validation\trade_date=2026-07-17\exchange=NSE\symbol=AXISBANK\part-072938_595730-030594.parquet,35388,downloaded,35388,
2026-07-17,NSE,AXISBANK,raw_l2/trade_date=2026-07-17/exchange=NSE/symbol=AXISBANK/part-073007_594165-030658.parquet,real_data_sample\l2_unseen_validation\trade_date=2026-07-17\exchange=NSE\symbol=AXISBANK\part-073007_594165-030658.parquet,35943,downloaded,35943,
2026-07-17,NSE,AXISBANK,raw_l2/trade_date=2026-07-17/exchange=NSE/symbol=AXISBANK/part-072953_095444-030626.parquet,real_data_sample\l2_unseen_validation\trade_date=2026-07-17\exchange=NSE\symbol=AXISBANK\part-072953_095444-030626.parquet,35592,downloaded,35592,
2026-07-17,NSE,AXISBANK,raw_l2/trade_date=2026-07-17/exchange=NSE/symbol=AXISBANK/part-073021_841802-030690.parquet,real_data_sample\l2_unseen_validation\trade_date=2026-07-17\exchange=NSE\symbol=AXISBANK\part-073021_841802-030690.parquet,34860,downloaded,34860,
2026-07-17,NSE,AXISBANK,raw_l2/trade_date=2026-07-17/exchange=NSE/symbol=AXISBANK/part-073036_095339-030722.parquet,real_data_sample\l2_unseen_validation\trade_date=2026-07-17\exchange=NSE\symbol=AXISBANK\part-073036_095339-030722.parquet,34767,downloaded,34767,
2026-07-17,NSE,AXISBANK,raw_l2/trade_date=2026-07-17/exchange=NSE/symbol=AXISBANK/part-073050_342761-030754.parquet,real_data_sample\l2_unseen_validation\trade_date=2026-07-17\exchange=NSE\symbol=AXISBANK\part-073050_342761-030754.parquet,34811,downloaded,34811,
2026-07-17,NSE,AXISBANK,raw_l2/trade_date=2026-07-17/exchange=NSE/symbol=AXISBANK/part-073104_720318-030786.parquet,real_data_sample\l2_unseen_validation\trade_date=2026-07-17\exchange=NSE\symbol=AXISBANK\part-073104_720318-030786.parquet,35261,downloaded,35261,
2026-07-17,NSE,AXISBANK,raw_l2/trade_date=2026-07-17/exchange=NSE/symbol=AXISBANK/part-073147_840456-030882.parquet,real_data_sample\l2_unseen_validation\trade_date=2026-07-17\exchange=NSE\symbol=AXISBANK\part-073147_840456-030882.parquet,34725,downloaded,34725,
2026-07-17,NSE,AXISBANK,raw_l2/trade_date=2026-07-17/exchange=NSE/symbol=AXISBANK/part-072628_851150-030178.parquet,real_data_sample\l2_unseen_validation\trade_date=2026-07-17\exchange=NSE\symbol=AXISBANK\part-072628_851150-030178.parquet,35118,downloaded,35118,
2026-07-17,NSE,AXISBANK,raw_l2/trade_date=2026-07-17/exchange=NSE/symbol=AXISBANK/part-073119_349598-030818.parquet,real_data_sample\l2_unseen_validation\trade_date=2026-07-17\exchange=NSE\symbol=AXISBANK\part-073119_349598-030818.parquet,34990,downloaded,34990,
2026-07-17,NSE,AXISBANK,raw_l2/trade_date=2026-07-17/exchange=NSE/symbol=AXISBANK/part-073133_345114-030850.parquet,real_data_sample\l2_unseen_validation\trade_date=2026-07-17\exchange=NSE\symbol=AXISBANK\part-073133_345114-030850.parquet,34594,downloaded,34594,
2026-07-17,NSE,AXISBANK,raw_l2/trade_date=2026-07-17/exchange=NSE/symbol=AXISBANK/part-073202_109356-030914.parquet,real_data_sample\l2_unseen_validation\trade_date=2026-07-17\exchange=NSE\symbol=AXISBANK\part-073202_109356-030914.parquet,34701,downloaded,34701,
2026-07-17,NSE,AXISBANK,raw_l2/trade_date=2026-07-17/exchange=NSE/symbol=AXISBANK/part-073216_353368-030946.parquet,real_data_sample\l2_unseen_validation\trade_date=2026-07-17\exchange=NSE\symbol=AXISBANK\part-073216_353368-030946.parquet,34849,downloaded,34849,
2026-07-17,NSE,AXISBANK,raw_l2/trade_date=2026-07-17/exchange=NSE/symbol=AXISBANK/part-070640_618505-027522.parquet,real_data_sample\l2_unseen_validation\trade_date=2026-07-17\exchange=NSE\symbol=AXISBANK\part-070640_618505-027522.parquet,35128,downloaded,35128,
2026-07-17,NSE,AXISBANK,raw_l2/trade_date=2026-07-17/exchange=NSE/symbol=AXISBANK/part-073230_363817-030978.parquet,real_data_sample\l2_unseen_validation\trade_date=2026-07-17\exchange=NSE\symbol=AXISBANK\part-073230_363817-030978.parquet,34731,downloaded,34731,
2026-07-17,NSE,AXISBANK,raw_l2/trade_date=2026-07-17/exchange=NSE/symbol=AXISBANK/part-073244_605198-031010.parquet,real_data_sample\l2_unseen_validation\trade_date=2026-07-17\exchange=NSE\symbol=AXISBANK\part-073244_605198-031010.parquet,34896,downloaded,34896,
2026-07-17,NSE,AXISBANK,raw_l2/trade_date=2026-07-17/exchange=NSE/symbol=AXISBANK/part-073258_867763-031042.parquet,real_data_sample\l2_unseen_validation\trade_date=2026-07-17\exchange=NSE\symbol=AXISBANK\part-073258_867763-031042.parquet,34966,downloaded,34966,
2026-07-17,NSE,AXISBANK,raw_l2/trade_date=2026-07-17/exchange=NSE/symbol=AXISBANK/part-070626_113944-027490.parquet,real_data_sample\l2_unseen_validation\trade_date=2026-07-17\exchange=NSE\symbol=AXISBANK\part-070626_113944-027490.parquet,34645,downloaded,34645,
2026-07-17,NSE,AXISBANK,raw_l2/trade_date=2026-07-17/exchange=NSE/symbol=AXISBANK/part-073327_355883-031106.parquet,real_data_sample\l2_unseen_validation\trade_date=2026-07-17\exchange=NSE\symbol=AXISBANK\part-073327_355883-031106.parquet,34824,downloaded,34824,
2026-07-17,NSE,AXISBANK,raw_l2/trade_date=2026-07-17/exchange=NSE/symbol=AXISBANK/part-072854_596287-030498.parquet,real_data_sample\l2_unseen_validation\trade_date=2026-07-17\exchange=NSE\symbol=AXISBANK\part-072854_596287-030498.parquet,35089,downloaded,35089,
2026-07-17,NSE,AXISBANK,raw_l2/trade_date=2026-07-17/exchange=NSE/symbol=AXISBANK/part-072352_352896-029826.parquet,real_data_sample\l2_unseen_validation\trade_date=2026-07-17\exchange=NSE\symbol=AXISBANK\part-072352_352896-029826.parquet,35851,downloaded,35851,
2026-07-17,NSE,AXISBANK,raw_l2/trade_date=2026-07-17/exchange=NSE/symbol=AXISBANK/part-073410_108864-031202.parquet,real_data_sample\l2_unseen_validation\trade_date=2026-07-17\exchange=NSE\symbol=AXISBANK\part-073410_108864-031202.parquet,35194,downloaded,35194,
2026-07-17,NSE,AXISBANK,raw_l2/trade_date=2026-07-17/exchange=NSE/symbol=AXISBANK/part-073424_362039-031234.parquet,real_data_sample\l2_unseen_validation\trade_date=2026-07-17\exchange=NSE\symbol=AXISBANK\part-073424_362039-031234.parquet,35644,downloaded,35644,
2026-07-17,NSE,AXISBANK,raw_l2/trade_date=2026-07-17/exchange=NSE/symbol=AXISBANK/part-072018_347254-029346.parquet,real_data_sample\l2_unseen_validation\trade_date=2026-07-17\exchange=NSE\symbol=AXISBANK\part-072018_347254-029346.parquet,35572,downloaded,35572,
2026-07-17,NSE,AXISBANK,raw_l2/trade_date=2026-07-17/exchange=NSE/symbol=AXISBANK/part-073438_600628-031266.parquet,real_data_sample\l2_unseen_validation\trade_date=2026-07-17\exchange=NSE\symbol=AXISBANK\part-073438_600628-031266.parquet,35595,downloaded,35595,
2026-07-17,NSE,AXISBANK,raw_l2/trade_date=2026-07-17/exchange=NSE/symbol=AXISBANK/part-073535_607134-031394.parquet,real_data_sample\l2_unseen_validation\trade_date=2026-07-17\exchange=NSE\symbol=AXISBANK\part-073535_607134-031394.parquet,35866,downloaded,35866,
2026-07-17,NSE,AXISBANK,raw_l2/trade_date=2026-07-17/exchange=NSE/symbol=AXISBANK/part-073521_341323-031362.parquet,real_data_sample\l2_unseen_validation\trade_date=2026-07-17\exchange=NSE\symbol=AXISBANK\part-073521_341323-031362.parquet,36099,downloaded,36099,
2026-07-17,NSE,AXISBANK,raw_l2/trade_date=2026-07-17/exchange=NSE/symbol=AXISBANK/part-073507_114829-031330.parquet,real_data_sample\l2_unseen_validation\trade_date=2026-07-17\exchange=NSE\symbol=AXISBANK\part-073507_114829-031330.parquet,36197,downloaded,36197,
2026-07-17,NSE,AXISBANK,raw_l2/trade_date=2026-07-17/exchange=NSE/symbol=AXISBANK/part-073453_095139-031298.parquet,real_data_sample\l2_unseen_validation\trade_date=2026-07-17\exchange=NSE\symbol=AXISBANK\part-073453_095139-031298.parquet,35413,downloaded,35413,
2026-07-17,NSE,AXISBANK,raw_l2/trade_date=2026-07-17/exchange=NSE/symbol=AXISBANK/part-073549_853550-031426.parquet,real_data_sample\l2_unseen_validation\trade_date=2026-07-17\exchange=NSE\symbol=AXISBANK\part-073549_853550-031426.parquet,35447,downloaded,35447,
2026-07-17,NSE,AXISBANK,raw_l2/trade_date=2026-07-17/exchange=NSE/symbol=AXISBANK/part-073618_096798-031490.parquet,real_data_sample\l2_unseen_validation\trade_date=2026-07-17\exchange=NSE\symbol=AXISBANK\part-073618_096798-031490.parquet,35092,downloaded,35092,
2026-07-17,NSE,AXISBANK,raw_l2/trade_date=2026-07-17/exchange=NSE/symbol=AXISBANK/part-073603_852156-031458.parquet,real_data_sample\l2_unseen_validation\trade_date=2026-07-17\exchange=NSE\symbol=AXISBANK\part-073603_852156-031458.parquet,35623,downloaded,35623,
2026-07-17,NSE,AXISBANK,raw_l2/trade_date=2026-07-17/exchange=NSE/symbol=AXISBANK/part-073729_118419-031650.parquet,real_data_sample\l2_unseen_validation\trade_date=2026-07-17\exchange=NSE\symbol=AXISBANK\part-073729_118419-031650.parquet,36039,downloaded,36039,
2026-07-17,NSE,AXISBANK,raw_l2/trade_date=2026-07-17/exchange=NSE/symbol=AXISBANK/part-073646_858034-031554.parquet,real_data_sample\l2_unseen_validation\trade_date=2026-07-17\exchange=NSE\symbol=AXISBANK\part-073646_858034-031554.parquet,34949,downloaded,34949,
2026-07-17,NSE,AXISBANK,raw_l2/trade_date=2026-07-17/exchange=NSE/symbol=AXISBANK/part-073701_096173-031586.parquet,real_data_sample\l2_unseen_validation\trade_date=2026-07-17\exchange=NSE\symbol=AXISBANK\part-073701_096173-031586.parquet,34677,downloaded,34677,
2026-07-17,NSE,AXISBANK,raw_l2/trade_date=2026-07-17/exchange=NSE/symbol=AXISBANK/part-073715_092938-031618.parquet,real_data_sample\l2_unseen_validation\trade_date=2026-07-17\exchange=NSE\symbol=AXISBANK\part-073715_092938-031618.parquet,35095,downloaded,35095,
2026-07-17,NSE,AXISBANK,raw_l2/trade_date=2026-07-17/exchange=NSE/symbol=AXISBANK/part-073757_081720-031714.parquet,real_data_sample\l2_unseen_validation\trade_date=2026-07-17\exchange=NSE\symbol=AXISBANK\part-073757_081720-031714.parquet,36376,downloaded,36376,
2026-07-17,NSE,AXISBANK,raw_l2/trade_date=2026-07-17/exchange=NSE/symbol=AXISBANK/part-073811_332907-031746.parquet,real_data_sample\l2_unseen_validation\trade_date=2026-07-17\exchange=NSE\symbol=AXISBANK\part-073811_332907-031746.parquet,36012,downloaded,36012,
2026-07-17,NSE,AXISBANK,raw_l2/trade_date=2026-07-17/exchange=NSE/symbol=AXISBANK/part-073825_391470-031778.parquet,real_data_sample\l2_unseen_validation\trade_date=2026-07-17\exchange=NSE\symbol=AXISBANK\part-073825_391470-031778.parquet,36144,downloaded,36144,
2026-07-17,NSE,AXISBANK,raw_l2/trade_date=2026-07-17/exchange=NSE/symbol=AXISBANK/part-073853_579967-031842.parquet,real_data_sample\l2_unseen_validation\trade_date=2026-07-17\exchange=NSE\symbol=AXISBANK\part-073853_579967-031842.parquet,35874,downloaded,35874,
2026-07-17,NSE,AXISBANK,raw_l2/trade_date=2026-07-17/exchange=NSE/symbol=AXISBANK/part-073313_135438-031074.parquet,real_data_sample\l2_unseen_validation\trade_date=2026-07-17\exchange=NSE\symbol=AXISBANK\part-073313_135438-031074.parquet,34786,downloaded,34786,
2026-07-17,NSE,AXISBANK,raw_l2/trade_date=2026-07-17/exchange=NSE/symbol=AXISBANK/part-072338_103569-029794.parquet,real_data_sample\l2_unseen_validation\trade_date=2026-07-17\exchange=NSE\symbol=AXISBANK\part-072338_103569-029794.parquet,36000,downloaded,36000,
2026-07-17,NSE,AXISBANK,raw_l2/trade_date=2026-07-17/exchange=NSE/symbol=AXISBANK/part-073341_849004-031138.parquet,real_data_sample\l2_unseen_validation\trade_date=2026-07-17\exchange=NSE\symbol=AXISBANK\part-073341_849004-031138.parquet,35064,downloaded,35064,
2026-07-17,NSE,AXISBANK,raw_l2/trade_date=2026-07-17/exchange=NSE/symbol=AXISBANK/part-073355_855797-031170.parquet,real_data_sample\l2_unseen_validation\trade_date=2026-07-17\exchange=NSE\symbol=AXISBANK\part-073355_855797-031170.parquet,35114,downloaded,35114,
2026-07-17,NSE,AXISBANK,raw_l2/trade_date=2026-07-17/exchange=NSE/symbol=AXISBANK/part-073936_109276-031938.parquet,real_data_sample\l2_unseen_validation\trade_date=2026-07-17\exchange=NSE\symbol=AXISBANK\part-073936_109276-031938.parquet,36344,downloaded,36344,
2026-07-17,NSE,AXISBANK,raw_l2/trade_date=2026-07-17/exchange=NSE/symbol=AXISBANK/part-073950_089221-031970.parquet,real_data_sample\l2_unseen_validation\trade_date=2026-07-17\exchange=NSE\symbol=AXISBANK\part-073950_089221-031970.parquet,36531,downloaded,36531,
2026-07-17,NSE,AXISBANK,raw_l2/trade_date=2026-07-17/exchange=NSE/symbol=AXISBANK/part-074018_586712-032034.parquet,real_data_sample\l2_unseen_validation\trade_date=2026-07-17\exchange=NSE\symbol=AXISBANK\part-074018_586712-032034.parquet,35679,downloaded,35679,
2026-07-17,NSE,AXISBANK,raw_l2/trade_date=2026-07-17/exchange=NSE/symbol=AXISBANK/part-074046_834627-032098.parquet,real_data_sample\l2_unseen_validation\trade_date=2026-07-17\exchange=NSE\symbol=AXISBANK\part-074046_834627-032098.parquet,35693,downloaded,35693,
2026-07-17,NSE,AXISBANK,raw_l2/trade_date=2026-07-17/exchange=NSE/symbol=AXISBANK/part-074032_614309-032066.parquet,real_data_sample\l2_unseen_validation\trade_date=2026-07-17\exchange=NSE\symbol=AXISBANK\part-074032_614309-032066.parquet,36058,downloaded,36058,
2026-07-17,NSE,AXISBANK,raw_l2/trade_date=2026-07-17/exchange=NSE/symbol=AXISBANK/part-074129_101936-032194.parquet,real_data_sample\l2_unseen_validation\trade_date=2026-07-17\exchange=NSE\symbol=AXISBANK\part-074129_101936-032194.parquet,35032,downloaded,35032,
2026-07-17,NSE,AXISBANK,raw_l2/trade_date=2026-07-17/exchange=NSE/symbol=AXISBANK/part-074115_098534-032162.parquet,real_data_sample\l2_unseen_validation\trade_date=2026-07-17\exchange=NSE\symbol=AXISBANK\part-074115_098534-032162.parquet,35423,downloaded,35423,
2026-07-17,NSE,AXISBANK,raw_l2/trade_date=2026-07-17/exchange=NSE/symbol=AXISBANK/part-074100_852275-032130.parquet,real_data_sample\l2_unseen_validation\trade_date=2026-07-17\exchange=NSE\symbol=AXISBANK\part-074100_852275-032130.parquet,35488,downloaded,35488,
2026-07-17,NSE,AXISBANK,raw_l2/trade_date=2026-07-17/exchange=NSE/symbol=AXISBANK/part-074143_340703-032226.parquet,real_data_sample\l2_unseen_validation\trade_date=2026-07-17\exchange=NSE\symbol=AXISBANK\part-074143_340703-032226.parquet,34828,downloaded,34828,
2026-07-17,NSE,AXISBANK,raw_l2/trade_date=2026-07-17/exchange=NSE/symbol=AXISBANK/part-074157_340650-032258.parquet,real_data_sample\l2_unseen_validation\trade_date=2026-07-17\exchange=NSE\symbol=AXISBANK\part-074157_340650-032258.parquet,35093,downloaded,35093,
2026-07-17,NSE,AXISBANK,raw_l2/trade_date=2026-07-17/exchange=NSE/symbol=AXISBANK/part-074211_348747-032290.parquet,real_data_sample\l2_unseen_validation\trade_date=2026-07-17\exchange=NSE\symbol=AXISBANK\part-074211_348747-032290.parquet,35178,downloaded,35178,
2026-07-17,NSE,AXISBANK,raw_l2/trade_date=2026-07-17/exchange=NSE/symbol=AXISBANK/part-074225_340532-032322.parquet,real_data_sample\l2_unseen_validation\trade_date=2026-07-17\exchange=NSE\symbol=AXISBANK\part-074225_340532-032322.parquet,36167,downloaded,36167,
2026-07-17,NSE,AXISBANK,raw_l2/trade_date=2026-07-17/exchange=NSE/symbol=AXISBANK/part-073632_604774-031522.parquet,real_data_sample\l2_unseen_validation\trade_date=2026-07-17\exchange=NSE\symbol=AXISBANK\part-073632_604774-031522.parquet,34918,downloaded,34918,
2026-07-17,NSE,AXISBANK,raw_l2/trade_date=2026-07-17/exchange=NSE/symbol=AXISBANK/part-074307_349020-032418.parquet,real_data_sample\l2_unseen_validation\trade_date=2026-07-17\exchange=NSE\symbol=AXISBANK\part-074307_349020-032418.parquet,36470,downloaded,36470,
2026-07-17,NSE,AXISBANK,raw_l2/trade_date=2026-07-17/exchange=NSE/symbol=AXISBANK/part-074253_347960-032386.parquet,real_data_sample\l2_unseen_validation\trade_date=2026-07-17\exchange=NSE\symbol=AXISBANK\part-074253_347960-032386.parquet,36180,downloaded,36180,
2026-07-17,NSE,AXISBANK,raw_l2/trade_date=2026-07-17/exchange=NSE/symbol=AXISBANK/part-074239_143589-032354.parquet,real_data_sample\l2_unseen_validation\trade_date=2026-07-17\exchange=NSE\symbol=AXISBANK\part-074239_143589-032354.parquet,35635,downloaded,35635,
2026-07-17,NSE,AXISBANK,raw_l2/trade_date=2026-07-17/exchange=NSE/symbol=AXISBANK/part-074321_344727-032450.parquet,real_data_sample\l2_unseen_validation\trade_date=2026-07-17\exchange=NSE\symbol=AXISBANK\part-074321_344727-032450.parquet,36044,downloaded,36044,
2026-07-17,NSE,AXISBANK,raw_l2/trade_date=2026-07-17/exchange=NSE/symbol=AXISBANK/part-074335_380494-032482.parquet,real_data_sample\l2_unseen_validation\trade_date=2026-07-17\exchange=NSE\symbol=AXISBANK\part-074335_380494-032482.parquet,35903,downloaded,35903,
2026-07-17,NSE,AXISBANK,raw_l2/trade_date=2026-07-17/exchange=NSE/symbol=AXISBANK/part-074349_609357-032514.parquet,real_data_sample\l2_unseen_validation\trade_date=2026-07-17\exchange=NSE\symbol=AXISBANK\part-074349_609357-032514.parquet,35524,downloaded,35524,
2026-07-17,NSE,AXISBANK,raw_l2/trade_date=2026-07-17/exchange=NSE/symbol=AXISBANK/part-073908_085010-031874.parquet,real_data_sample\l2_unseen_validation\trade_date=2026-07-17\exchange=NSE\symbol=AXISBANK\part-073908_085010-031874.parquet,35975,downloaded,35975,
2026-07-17,NSE,AXISBANK,raw_l2/trade_date=2026-07-17/exchange=NSE/symbol=AXISBANK/part-074500_350105-032674.parquet,real_data_sample\l2_unseen_validation\trade_date=2026-07-17\exchange=NSE\symbol=AXISBANK\part-074500_350105-032674.parquet,35638,downloaded,35638,
2026-07-17,NSE,AXISBANK,raw_l2/trade_date=2026-07-17/exchange=NSE/symbol=AXISBANK/part-072420_842027-029890.parquet,real_data_sample\l2_unseen_validation\trade_date=2026-07-17\exchange=NSE\symbol=AXISBANK\part-072420_842027-029890.parquet,36077,downloaded,36077,
2026-07-17,NSE,AXISBANK,raw_l2/trade_date=2026-07-17/exchange=NSE/symbol=AXISBANK/part-074528_857449-032738.parquet,real_data_sample\l2_unseen_validation\trade_date=2026-07-17\exchange=NSE\symbol=AXISBANK\part-074528_857449-032738.parquet,34796,downloaded,34796,
2026-07-17,NSE,AXISBANK,raw_l2/trade_date=2026-07-17/exchange=NSE/symbol=AXISBANK/part-074514_605845-032706.parquet,real_data_sample\l2_unseen_validation\trade_date=2026-07-17\exchange=NSE\symbol=AXISBANK\part-074514_605845-032706.parquet,35590,downloaded,35590,
2026-07-17,NSE,AXISBANK,raw_l2/trade_date=2026-07-17/exchange=NSE/symbol=AXISBANK/part-074639_866638-032898.parquet,real_data_sample\l2_unseen_validation\trade_date=2026-07-17\exchange=NSE\symbol=AXISBANK\part-074639_866638-032898.parquet,35773,downloaded,35773,
2026-07-17,NSE,AXISBANK,raw_l2/trade_date=2026-07-17/exchange=NSE/symbol=AXISBANK/part-074556_851612-032802.parquet,real_data_sample\l2_unseen_validation\trade_date=2026-07-17\exchange=NSE\symbol=AXISBANK\part-074556_851612-032802.parquet,34956,downloaded,34956,
2026-07-17,NSE,AXISBANK,raw_l2/trade_date=2026-07-17/exchange=NSE/symbol=AXISBANK/part-074542_850552-032770.parquet,real_data_sample\l2_unseen_validation\trade_date=2026-07-17\exchange=NSE\symbol=AXISBANK\part-074542_850552-032770.parquet,34962,downloaded,34962,
2026-07-17,NSE,AXISBANK,raw_l2/trade_date=2026-07-17/exchange=NSE/symbol=AXISBANK/part-074611_356739-032834.parquet,real_data_sample\l2_unseen_validation\trade_date=2026-07-17\exchange=NSE\symbol=AXISBANK\part-074611_356739-032834.parquet,35181,downloaded,35181,
2026-07-17,NSE,AXISBANK,raw_l2/trade_date=2026-07-17/exchange=NSE/symbol=AXISBANK/part-074625_602004-032866.parquet,real_data_sample\l2_unseen_validation\trade_date=2026-07-17\exchange=NSE\symbol=AXISBANK\part-074625_602004-032866.parquet,35741,downloaded,35741,
2026-07-17,NSE,AXISBANK,raw_l2/trade_date=2026-07-17/exchange=NSE/symbol=AXISBANK/part-074846_839831-033186.parquet,real_data_sample\l2_unseen_validation\trade_date=2026-07-17\exchange=NSE\symbol=AXISBANK\part-074846_839831-033186.parquet,34743,downloaded,34743,
2026-07-17,NSE,AXISBANK,raw_l2/trade_date=2026-07-17/exchange=NSE/symbol=AXISBANK/part-074804_583566-033090.parquet,real_data_sample\l2_unseen_validation\trade_date=2026-07-17\exchange=NSE\symbol=AXISBANK\part-074804_583566-033090.parquet,34761,downloaded,34761,
2026-07-17,NSE,AXISBANK,raw_l2/trade_date=2026-07-17/exchange=NSE/symbol=AXISBANK/part-073743_095284-031682.parquet,real_data_sample\l2_unseen_validation\trade_date=2026-07-17\exchange=NSE\symbol=AXISBANK\part-073743_095284-031682.parquet,36797,downloaded,36797,
2026-07-17,NSE,AXISBANK,raw_l2/trade_date=2026-07-17/exchange=NSE/symbol=AXISBANK/part-074901_105294-033218.parquet,real_data_sample\l2_unseen_validation\trade_date=2026-07-17\exchange=NSE\symbol=AXISBANK\part-074901_105294-033218.parquet,34726,downloaded,34726,
2026-07-17,NSE,AXISBANK,raw_l2/trade_date=2026-07-17/exchange=NSE/symbol=AXISBANK/part-074722_388526-032994.parquet,real_data_sample\l2_unseen_validation\trade_date=2026-07-17\exchange=NSE\symbol=AXISBANK\part-074722_388526-032994.parquet,34643,downloaded,34643,
2026-07-17,NSE,AXISBANK,raw_l2/trade_date=2026-07-17/exchange=NSE/symbol=AXISBANK/part-074654_104002-032930.parquet,real_data_sample\l2_unseen_validation\trade_date=2026-07-17\exchange=NSE\symbol=AXISBANK\part-074654_104002-032930.parquet,35735,downloaded,35735,
2026-07-17,NSE,AXISBANK,raw_l2/trade_date=2026-07-17/exchange=NSE/symbol=AXISBANK/part-074708_101810-032962.parquet,real_data_sample\l2_unseen_validation\trade_date=2026-07-17\exchange=NSE\symbol=AXISBANK\part-074708_101810-032962.parquet,35309,downloaded,35309,
2026-07-17,NSE,AXISBANK,raw_l2/trade_date=2026-07-17/exchange=NSE/symbol=AXISBANK/part-074832_832870-033154.parquet,real_data_sample\l2_unseen_validation\trade_date=2026-07-17\exchange=NSE\symbol=AXISBANK\part-074832_832870-033154.parquet,34655,downloaded,34655,
2026-07-17,NSE,AXISBANK,raw_l2/trade_date=2026-07-17/exchange=NSE/symbol=AXISBANK/part-074915_331343-033250.parquet,real_data_sample\l2_unseen_validation\trade_date=2026-07-17\exchange=NSE\symbol=AXISBANK\part-074915_331343-033250.parquet,35214,downloaded,35214,
2026-07-17,NSE,AXISBANK,raw_l2/trade_date=2026-07-17/exchange=NSE/symbol=AXISBANK/part-074736_589929-033026.parquet,real_data_sample\l2_unseen_validation\trade_date=2026-07-17\exchange=NSE\symbol=AXISBANK\part-074736_589929-033026.parquet,34674,downloaded,34674,
2026-07-17,NSE,AXISBANK,raw_l2/trade_date=2026-07-17/exchange=NSE/symbol=AXISBANK/part-074818_589662-033122.parquet,real_data_sample\l2_unseen_validation\trade_date=2026-07-17\exchange=NSE\symbol=AXISBANK\part-074818_589662-033122.parquet,34707,downloaded,34707,
2026-07-17,NSE,AXISBANK,raw_l2/trade_date=2026-07-17/exchange=NSE/symbol=AXISBANK/part-073839_585819-031810.parquet,real_data_sample\l2_unseen_validation\trade_date=2026-07-17\exchange=NSE\symbol=AXISBANK\part-073839_585819-031810.parquet,35778,downloaded,35778,
2026-07-17,NSE,AXISBANK,raw_l2/trade_date=2026-07-17/exchange=NSE/symbol=AXISBANK/part-074404_345931-032546.parquet,real_data_sample\l2_unseen_validation\trade_date=2026-07-17\exchange=NSE\symbol=AXISBANK\part-074404_345931-032546.parquet,36191,downloaded,36191,
2026-07-17,NSE,AXISBANK,raw_l2/trade_date=2026-07-17/exchange=NSE/symbol=AXISBANK/part-074004_350443-032002.parquet,real_data_sample\l2_unseen_validation\trade_date=2026-07-17\exchange=NSE\symbol=AXISBANK\part-074004_350443-032002.parquet,36332,downloaded,36332,
2026-07-17,NSE,AXISBANK,raw_l2/trade_date=2026-07-17/exchange=NSE/symbol=AXISBANK/part-074432_344937-032610.parquet,real_data_sample\l2_unseen_validation\trade_date=2026-07-17\exchange=NSE\symbol=AXISBANK\part-074432_344937-032610.parquet,35507,downloaded,35507,
2026-07-17,NSE,AXISBANK,raw_l2/trade_date=2026-07-17/exchange=NSE/symbol=AXISBANK/part-074446_345767-032642.parquet,real_data_sample\l2_unseen_validation\trade_date=2026-07-17\exchange=NSE\symbol=AXISBANK\part-074446_345767-032642.parquet,36092,downloaded,36092,
2026-07-17,NSE,AXISBANK,raw_l2/trade_date=2026-07-17/exchange=NSE/symbol=AXISBANK/part-073922_082240-031906.parquet,real_data_sample\l2_unseen_validation\trade_date=2026-07-17\exchange=NSE\symbol=AXISBANK\part-073922_082240-031906.parquet,35896,downloaded,35896,
2026-07-17,NSE,AXISBANK,raw_l2/trade_date=2026-07-17/exchange=NSE/symbol=AXISBANK/part-074943_328919-033314.parquet,real_data_sample\l2_unseen_validation\trade_date=2026-07-17\exchange=NSE\symbol=AXISBANK\part-074943_328919-033314.parquet,35549,downloaded,35549,
2026-07-17,NSE,AXISBANK,raw_l2/trade_date=2026-07-17/exchange=NSE/symbol=AXISBANK/part-075011_328818-033378.parquet,real_data_sample\l2_unseen_validation\trade_date=2026-07-17\exchange=NSE\symbol=AXISBANK\part-075011_328818-033378.parquet,35343,downloaded,35343,
2026-07-17,NSE,AXISBANK,raw_l2/trade_date=2026-07-17/exchange=NSE/symbol=AXISBANK/part-075040_592025-033442.parquet,real_data_sample\l2_unseen_validation\trade_date=2026-07-17\exchange=NSE\symbol=AXISBANK\part-075040_592025-033442.parquet,34831,downloaded,34831,
2026-07-17,NSE,AXISBANK,raw_l2/trade_date=2026-07-17/exchange=NSE/symbol=AXISBANK/part-075025_623500-033410.parquet,real_data_sample\l2_unseen_validation\trade_date=2026-07-17\exchange=NSE\symbol=AXISBANK\part-075025_623500-033410.parquet,34824,downloaded,34824,
2026-07-17,NSE,AXISBANK,raw_l2/trade_date=2026-07-17/exchange=NSE/symbol=AXISBANK/part-075054_580807-033474.parquet,real_data_sample\l2_unseen_validation\trade_date=2026-07-17\exchange=NSE\symbol=AXISBANK\part-075054_580807-033474.parquet,34794,downloaded,34794,
2026-07-17,NSE,AXISBANK,raw_l2/trade_date=2026-07-17/exchange=NSE/symbol=AXISBANK/part-075108_581902-033506.parquet,real_data_sample\l2_unseen_validation\trade_date=2026-07-17\exchange=NSE\symbol=AXISBANK\part-075108_581902-033506.parquet,34957,downloaded,34957,
2026-07-17,NSE,AXISBANK,raw_l2/trade_date=2026-07-17/exchange=NSE/symbol=AXISBANK/part-075122_586175-033538.parquet,real_data_sample\l2_unseen_validation\trade_date=2026-07-17\exchange=NSE\symbol=AXISBANK\part-075122_586175-033538.parquet,34878,downloaded,34878,
2026-07-17,NSE,AXISBANK,raw_l2/trade_date=2026-07-17/exchange=NSE/symbol=AXISBANK/part-075136_601648-033570.parquet,real_data_sample\l2_unseen_validation\trade_date=2026-07-17\exchange=NSE\symbol=AXISBANK\part-075136_601648-033570.parquet,34804,downloaded,34804,
2026-07-17,NSE,AXISBANK,raw_l2/trade_date=2026-07-17/exchange=NSE/symbol=AXISBANK/part-075205_337528-033634.parquet,real_data_sample\l2_unseen_validation\trade_date=2026-07-17\exchange=NSE\symbol=AXISBANK\part-075205_337528-033634.parquet,34947,downloaded,34947,
2026-07-17,NSE,AXISBANK,raw_l2/trade_date=2026-07-17/exchange=NSE/symbol=AXISBANK/part-075150_854777-033602.parquet,real_data_sample\l2_unseen_validation\trade_date=2026-07-17\exchange=NSE\symbol=AXISBANK\part-075150_854777-033602.parquet,34829,downloaded,34829,
2026-07-17,NSE,AXISBANK,raw_l2/trade_date=2026-07-17/exchange=NSE/symbol=AXISBANK/part-075247_611608-033730.parquet,real_data_sample\l2_unseen_validation\trade_date=2026-07-17\exchange=NSE\symbol=AXISBANK\part-075247_611608-033730.parquet,35803,downloaded,35803,
2026-07-17,NSE,AXISBANK,raw_l2/trade_date=2026-07-17/exchange=NSE/symbol=AXISBANK/part-075302_386884-033762.parquet,real_data_sample\l2_unseen_validation\trade_date=2026-07-17\exchange=NSE\symbol=AXISBANK\part-075302_386884-033762.parquet,35096,downloaded,35096,
2026-07-17,NSE,AXISBANK,raw_l2/trade_date=2026-07-17/exchange=NSE/symbol=AXISBANK/part-075233_581568-033698.parquet,real_data_sample\l2_unseen_validation\trade_date=2026-07-17\exchange=NSE\symbol=AXISBANK\part-075233_581568-033698.parquet,35430,downloaded,35430,
2026-07-17,NSE,AXISBANK,raw_l2/trade_date=2026-07-17/exchange=NSE/symbol=AXISBANK/part-075316_630233-033794.parquet,real_data_sample\l2_unseen_validation\trade_date=2026-07-17\exchange=NSE\symbol=AXISBANK\part-075316_630233-033794.parquet,35092,downloaded,35092,
2026-07-17,NSE,AXISBANK,raw_l2/trade_date=2026-07-17/exchange=NSE/symbol=AXISBANK/part-074418_346190-032578.parquet,real_data_sample\l2_unseen_validation\trade_date=2026-07-17\exchange=NSE\symbol=AXISBANK\part-074418_346190-032578.parquet,35705,downloaded,35705,
2026-07-17,NSE,AXISBANK,raw_l2/trade_date=2026-07-17/exchange=NSE/symbol=AXISBANK/part-075219_584363-033666.parquet,real_data_sample\l2_unseen_validation\trade_date=2026-07-17\exchange=NSE\symbol=AXISBANK\part-075219_584363-033666.parquet,35960,downloaded,35960,
2026-07-17,NSE,AXISBANK,raw_l2/trade_date=2026-07-17/exchange=NSE/symbol=AXISBANK/part-074929_332475-033282.parquet,real_data_sample\l2_unseen_validation\trade_date=2026-07-17\exchange=NSE\symbol=AXISBANK\part-074929_332475-033282.parquet,35566,downloaded,35566,
2026-07-17,NSE,AXISBANK,raw_l2/trade_date=2026-07-17/exchange=NSE/symbol=AXISBANK/part-075344_627706-033858.parquet,real_data_sample\l2_unseen_validation\trade_date=2026-07-17\exchange=NSE\symbol=AXISBANK\part-075344_627706-033858.parquet,34992,downloaded,34992,
2026-07-17,NSE,AXISBANK,raw_l2/trade_date=2026-07-17/exchange=NSE/symbol=AXISBANK/part-075358_637470-033890.parquet,real_data_sample\l2_unseen_validation\trade_date=2026-07-17\exchange=NSE\symbol=AXISBANK\part-075358_637470-033890.parquet,35101,downloaded,35101,
2026-07-17,NSE,AXISBANK,raw_l2/trade_date=2026-07-17/exchange=NSE/symbol=AXISBANK/part-074750_581087-033058.parquet,real_data_sample\l2_unseen_validation\trade_date=2026-07-17\exchange=NSE\symbol=AXISBANK\part-074750_581087-033058.parquet,34608,downloaded,34608,
2026-07-17,NSE,AXISBANK,raw_l2/trade_date=2026-07-17/exchange=NSE/symbol=AXISBANK/part-075330_629805-033826.parquet,real_data_sample\l2_unseen_validation\trade_date=2026-07-17\exchange=NSE\symbol=AXISBANK\part-075330_629805-033826.parquet,34788,downloaded,34788,
2026-07-17,NSE,AXISBANK,raw_l2/trade_date=2026-07-17/exchange=NSE/symbol=AXISBANK/part-075426_876083-033954.parquet,real_data_sample\l2_unseen_validation\trade_date=2026-07-17\exchange=NSE\symbol=AXISBANK\part-075426_876083-033954.parquet,34878,downloaded,34878,
2026-07-17,NSE,AXISBANK,raw_l2/trade_date=2026-07-17/exchange=NSE/symbol=AXISBANK/part-075551_396353-034146.parquet,real_data_sample\l2_unseen_validation\trade_date=2026-07-17\exchange=NSE\symbol=AXISBANK\part-075551_396353-034146.parquet,35886,downloaded,35886,
2026-07-17,NSE,AXISBANK,raw_l2/trade_date=2026-07-17/exchange=NSE/symbol=AXISBANK/part-075412_881290-033922.parquet,real_data_sample\l2_unseen_validation\trade_date=2026-07-17\exchange=NSE\symbol=AXISBANK\part-075412_881290-033922.parquet,34989,downloaded,34989,
2026-07-17,NSE,AXISBANK,raw_l2/trade_date=2026-07-17/exchange=NSE/symbol=AXISBANK/part-075605_394374-034178.parquet,real_data_sample\l2_unseen_validation\trade_date=2026-07-17\exchange=NSE\symbol=AXISBANK\part-075605_394374-034178.parquet,36322,downloaded,36322,
2026-07-17,NSE,AXISBANK,raw_l2/trade_date=2026-07-17/exchange=NSE/symbol=AXISBANK/part-075619_638115-034210.parquet,real_data_sample\l2_unseen_validation\trade_date=2026-07-17\exchange=NSE\symbol=AXISBANK\part-075619_638115-034210.parquet,35962,downloaded,35962,
2026-07-17,NSE,AXISBANK,raw_l2/trade_date=2026-07-17/exchange=NSE/symbol=AXISBANK/part-075633_874426-034242.parquet,real_data_sample\l2_unseen_validation\trade_date=2026-07-17\exchange=NSE\symbol=AXISBANK\part-075633_874426-034242.parquet,35421,downloaded,35421,
2026-07-17,NSE,AXISBANK,raw_l2/trade_date=2026-07-17/exchange=NSE/symbol=AXISBANK/part-075648_150193-034274.parquet,real_data_sample\l2_unseen_validation\trade_date=2026-07-17\exchange=NSE\symbol=AXISBANK\part-075648_150193-034274.parquet,35231,downloaded,35231,
2026-07-17,NSE,AXISBANK,raw_l2/trade_date=2026-07-17/exchange=NSE/symbol=AXISBANK/part-075716_625284-034338.parquet,real_data_sample\l2_unseen_validation\trade_date=2026-07-17\exchange=NSE\symbol=AXISBANK\part-075716_625284-034338.parquet,35472,downloaded,35472,
2026-07-17,NSE,AXISBANK,raw_l2/trade_date=2026-07-17/exchange=NSE/symbol=AXISBANK/part-075730_901241-034370.parquet,real_data_sample\l2_unseen_validation\trade_date=2026-07-17\exchange=NSE\symbol=AXISBANK\part-075730_901241-034370.parquet,34903,downloaded,34903,
2026-07-17,NSE,AXISBANK,raw_l2/trade_date=2026-07-17/exchange=NSE/symbol=AXISBANK/part-075702_378293-034306.parquet,real_data_sample\l2_unseen_validation\trade_date=2026-07-17\exchange=NSE\symbol=AXISBANK\part-075702_378293-034306.parquet,35222,downloaded,35222,
2026-07-17,NSE,AXISBANK,raw_l2/trade_date=2026-07-17/exchange=NSE/symbol=AXISBANK/part-075759_630587-034434.parquet,real_data_sample\l2_unseen_validation\trade_date=2026-07-17\exchange=NSE\symbol=AXISBANK\part-075759_630587-034434.parquet,34730,downloaded,34730,
2026-07-17,NSE,AXISBANK,raw_l2/trade_date=2026-07-17/exchange=NSE/symbol=AXISBANK/part-075745_396957-034402.parquet,real_data_sample\l2_unseen_validation\trade_date=2026-07-17\exchange=NSE\symbol=AXISBANK\part-075745_396957-034402.parquet,34827,downloaded,34827,
2026-07-17,NSE,AXISBANK,raw_l2/trade_date=2026-07-17/exchange=NSE/symbol=AXISBANK/part-075814_152434-034466.parquet,real_data_sample\l2_unseen_validation\trade_date=2026-07-17\exchange=NSE\symbol=AXISBANK\part-075814_152434-034466.parquet,34837,downloaded,34837,
2026-07-17,NSE,AXISBANK,raw_l2/trade_date=2026-07-17/exchange=NSE/symbol=AXISBANK/part-075828_626276-034498.parquet,real_data_sample\l2_unseen_validation\trade_date=2026-07-17\exchange=NSE\symbol=AXISBANK\part-075828_626276-034498.parquet,35190,downloaded,35190,
2026-07-17,NSE,AXISBANK,raw_l2/trade_date=2026-07-17/exchange=NSE/symbol=AXISBANK/part-075842_874665-034530.parquet,real_data_sample\l2_unseen_validation\trade_date=2026-07-17\exchange=NSE\symbol=AXISBANK\part-075842_874665-034530.parquet,34901,downloaded,34901,
2026-07-17,NSE,AXISBANK,raw_l2/trade_date=2026-07-17/exchange=NSE/symbol=AXISBANK/part-075857_146166-034562.parquet,real_data_sample\l2_unseen_validation\trade_date=2026-07-17\exchange=NSE\symbol=AXISBANK\part-075857_146166-034562.parquet,34954,downloaded,34954,
2026-07-17,NSE,AXISBANK,raw_l2/trade_date=2026-07-17/exchange=NSE/symbol=AXISBANK/part-071628_856021-028834.parquet,real_data_sample\l2_unseen_validation\trade_date=2026-07-17\exchange=NSE\symbol=AXISBANK\part-071628_856021-028834.parquet,35541,downloaded,35541,
2026-07-17,NSE,AXISBANK,raw_l2/trade_date=2026-07-17/exchange=NSE/symbol=AXISBANK/part-075509_380944-034050.parquet,real_data_sample\l2_unseen_validation\trade_date=2026-07-17\exchange=NSE\symbol=AXISBANK\part-075509_380944-034050.parquet,34958,downloaded,34958,
2026-07-17,NSE,AXISBANK,raw_l2/trade_date=2026-07-17/exchange=NSE/symbol=AXISBANK/part-075440_878766-033986.parquet,real_data_sample\l2_unseen_validation\trade_date=2026-07-17\exchange=NSE\symbol=AXISBANK\part-075440_878766-033986.parquet,35164,downloaded,35164,
2026-07-17,NSE,AXISBANK,raw_l2/trade_date=2026-07-17/exchange=NSE/symbol=AXISBANK/part-075455_144915-034018.parquet,real_data_sample\l2_unseen_validation\trade_date=2026-07-17\exchange=NSE\symbol=AXISBANK\part-075455_144915-034018.parquet,35025,downloaded,35025,
2026-07-17,NSE,AXISBANK,raw_l2/trade_date=2026-07-17/exchange=NSE/symbol=AXISBANK/part-075537_376338-034114.parquet,real_data_sample\l2_unseen_validation\trade_date=2026-07-17\exchange=NSE\symbol=AXISBANK\part-075537_376338-034114.parquet,35659,downloaded,35659,
2026-07-17,NSE,AXISBANK,raw_l2/trade_date=2026-07-17/exchange=NSE/symbol=AXISBANK/part-075925_634764-034626.parquet,real_data_sample\l2_unseen_validation\trade_date=2026-07-17\exchange=NSE\symbol=AXISBANK\part-075925_634764-034626.parquet,35946,downloaded,35946,
2026-07-17,NSE,AXISBANK,raw_l2/trade_date=2026-07-17/exchange=NSE/symbol=AXISBANK/part-075954_192806-034690.parquet,real_data_sample\l2_unseen_validation\trade_date=2026-07-17\exchange=NSE\symbol=AXISBANK\part-075954_192806-034690.parquet,35624,downloaded,35624,
2026-07-17,NSE,AXISBANK,raw_l2/trade_date=2026-07-17/exchange=NSE/symbol=AXISBANK/part-080009_391843-034722.parquet,real_data_sample\l2_unseen_validation\trade_date=2026-07-17\exchange=NSE\symbol=AXISBANK\part-080009_391843-034722.parquet,36115,downloaded,36115,
2026-07-17,NSE,AXISBANK,raw_l2/trade_date=2026-07-17/exchange=NSE/symbol=AXISBANK/part-075523_400850-034082.parquet,real_data_sample\l2_unseen_validation\trade_date=2026-07-17\exchange=NSE\symbol=AXISBANK\part-075523_400850-034082.parquet,36040,downloaded,36040,
2026-07-17,NSE,AXISBANK,raw_l2/trade_date=2026-07-17/exchange=NSE/symbol=AXISBANK/part-080038_380619-034786.parquet,real_data_sample\l2_unseen_validation\trade_date=2026-07-17\exchange=NSE\symbol=AXISBANK\part-080038_380619-034786.parquet,35504,downloaded,35504,
2026-07-17,NSE,AXISBANK,raw_l2/trade_date=2026-07-17/exchange=NSE/symbol=AXISBANK/part-080107_160373-034850.parquet,real_data_sample\l2_unseen_validation\trade_date=2026-07-17\exchange=NSE\symbol=AXISBANK\part-080107_160373-034850.parquet,35670,downloaded,35670,
2026-07-17,NSE,AXISBANK,raw_l2/trade_date=2026-07-17/exchange=NSE/symbol=AXISBANK/part-080052_875480-034818.parquet,real_data_sample\l2_unseen_validation\trade_date=2026-07-17\exchange=NSE\symbol=AXISBANK\part-080052_875480-034818.parquet,35757,downloaded,35757,
2026-07-17,NSE,AXISBANK,raw_l2/trade_date=2026-07-17/exchange=NSE/symbol=AXISBANK/part-080135_629996-034914.parquet,real_data_sample\l2_unseen_validation\trade_date=2026-07-17\exchange=NSE\symbol=AXISBANK\part-080135_629996-034914.parquet,36005,downloaded,36005,
2026-07-17,NSE,AXISBANK,raw_l2/trade_date=2026-07-17/exchange=NSE/symbol=AXISBANK/part-080121_384964-034882.parquet,real_data_sample\l2_unseen_validation\trade_date=2026-07-17\exchange=NSE\symbol=AXISBANK\part-080121_384964-034882.parquet,36297,downloaded,36297,
2026-07-17,NSE,AXISBANK,raw_l2/trade_date=2026-07-17/exchange=NSE/symbol=AXISBANK/part-080149_887778-034946.parquet,real_data_sample\l2_unseen_validation\trade_date=2026-07-17\exchange=NSE\symbol=AXISBANK\part-080149_887778-034946.parquet,35855,downloaded,35855,
2026-07-17,NSE,AXISBANK,raw_l2/trade_date=2026-07-17/exchange=NSE/symbol=AXISBANK/part-080218_627688-035010.parquet,real_data_sample\l2_unseen_validation\trade_date=2026-07-17\exchange=NSE\symbol=AXISBANK\part-080218_627688-035010.parquet,35836,downloaded,35836,
2026-07-17,NSE,AXISBANK,raw_l2/trade_date=2026-07-17/exchange=NSE/symbol=AXISBANK/part-080204_375474-034978.parquet,real_data_sample\l2_unseen_validation\trade_date=2026-07-17\exchange=NSE\symbol=AXISBANK\part-080204_375474-034978.parquet,35699,downloaded,35699,
2026-07-17,NSE,AXISBANK,raw_l2/trade_date=2026-07-17/exchange=NSE/symbol=AXISBANK/part-080232_878448-035042.parquet,real_data_sample\l2_unseen_validation\trade_date=2026-07-17\exchange=NSE\symbol=AXISBANK\part-080232_878448-035042.parquet,35328,downloaded,35328,
2026-07-17,NSE,AXISBANK,raw_l2/trade_date=2026-07-17/exchange=NSE/symbol=AXISBANK/part-080247_893618-035074.parquet,real_data_sample\l2_unseen_validation\trade_date=2026-07-17\exchange=NSE\symbol=AXISBANK\part-080247_893618-035074.parquet,36130,downloaded,36130,
2026-07-17,NSE,AXISBANK,raw_l2/trade_date=2026-07-17/exchange=NSE/symbol=AXISBANK/part-080302_140710-035106.parquet,real_data_sample\l2_unseen_validation\trade_date=2026-07-17\exchange=NSE\symbol=AXISBANK\part-080302_140710-035106.parquet,35713,downloaded,35713,
2026-07-17,NSE,AXISBANK,raw_l2/trade_date=2026-07-17/exchange=NSE/symbol=AXISBANK/part-080345_035948-035202.parquet,real_data_sample\l2_unseen_validation\trade_date=2026-07-17\exchange=NSE\symbol=AXISBANK\part-080345_035948-035202.parquet,35904,downloaded,35904,
2026-07-17,NSE,AXISBANK,raw_l2/trade_date=2026-07-17/exchange=NSE/symbol=AXISBANK/part-075911_380437-034594.parquet,real_data_sample\l2_unseen_validation\trade_date=2026-07-17\exchange=NSE\symbol=AXISBANK\part-075911_380437-034594.parquet,35040,downloaded,35040,
2026-07-17,NSE,AXISBANK,raw_l2/trade_date=2026-07-17/exchange=NSE/symbol=AXISBANK/part-080316_406838-035138.parquet,real_data_sample\l2_unseen_validation\trade_date=2026-07-17\exchange=NSE\symbol=AXISBANK\part-080316_406838-035138.parquet,35848,downloaded,35848,
2026-07-17,NSE,AXISBANK,raw_l2/trade_date=2026-07-17/exchange=NSE/symbol=AXISBANK/part-080359_938611-035234.parquet,real_data_sample\l2_unseen_validation\trade_date=2026-07-17\exchange=NSE\symbol=AXISBANK\part-080359_938611-035234.parquet,35716,downloaded,35716,
2026-07-17,NSE,AXISBANK,raw_l2/trade_date=2026-07-17/exchange=NSE/symbol=AXISBANK/part-080330_630462-035170.parquet,real_data_sample\l2_unseen_validation\trade_date=2026-07-17\exchange=NSE\symbol=AXISBANK\part-080330_630462-035170.parquet,36318,downloaded,36318,
2026-07-17,NSE,AXISBANK,raw_l2/trade_date=2026-07-17/exchange=NSE/symbol=AXISBANK/part-080414_657896-035266.parquet,real_data_sample\l2_unseen_validation\trade_date=2026-07-17\exchange=NSE\symbol=AXISBANK\part-080414_657896-035266.parquet,35745,downloaded,35745,
2026-07-17,NSE,AXISBANK,raw_l2/trade_date=2026-07-17/exchange=NSE/symbol=AXISBANK/part-075939_886419-034658.parquet,real_data_sample\l2_unseen_validation\trade_date=2026-07-17\exchange=NSE\symbol=AXISBANK\part-075939_886419-034658.parquet,35884,downloaded,35884,
2026-07-17,NSE,AXISBANK,raw_l2/trade_date=2026-07-17/exchange=NSE/symbol=AXISBANK/part-080429_551038-035298.parquet,real_data_sample\l2_unseen_validation\trade_date=2026-07-17\exchange=NSE\symbol=AXISBANK\part-080429_551038-035298.parquet,35564,downloaded,35564,
2026-07-17,NSE,AXISBANK,raw_l2/trade_date=2026-07-17/exchange=NSE/symbol=AXISBANK/part-080612_864901-035522.parquet,real_data_sample\l2_unseen_validation\trade_date=2026-07-17\exchange=NSE\symbol=AXISBANK\part-080612_864901-035522.parquet,35207,downloaded,35207,
2026-07-17,NSE,AXISBANK,raw_l2/trade_date=2026-07-17/exchange=NSE/symbol=AXISBANK/part-080024_144504-034754.parquet,real_data_sample\l2_unseen_validation\trade_date=2026-07-17\exchange=NSE\symbol=AXISBANK\part-080024_144504-034754.parquet,35957,downloaded,35957,
2026-07-17,NSE,AXISBANK,raw_l2/trade_date=2026-07-17/exchange=NSE/symbol=AXISBANK/part-080627_195547-035554.parquet,real_data_sample\l2_unseen_validation\trade_date=2026-07-17\exchange=NSE\symbol=AXISBANK\part-080627_195547-035554.parquet,36587,downloaded,36587,
2026-07-17,NSE,AXISBANK,raw_l2/trade_date=2026-07-17/exchange=NSE/symbol=AXISBANK/part-080558_634657-035490.parquet,real_data_sample\l2_unseen_validation\trade_date=2026-07-17\exchange=NSE\symbol=AXISBANK\part-080558_634657-035490.parquet,35039,downloaded,35039,
2026-07-17,NSE,AXISBANK,raw_l2/trade_date=2026-07-17/exchange=NSE/symbol=AXISBANK/part-080710_438088-035650.parquet,real_data_sample\l2_unseen_validation\trade_date=2026-07-17\exchange=NSE\symbol=AXISBANK\part-080710_438088-035650.parquet,35988,downloaded,35988,
2026-07-17,NSE,AXISBANK,raw_l2/trade_date=2026-07-17/exchange=NSE/symbol=AXISBANK/part-080655_955861-035618.parquet,real_data_sample\l2_unseen_validation\trade_date=2026-07-17\exchange=NSE\symbol=AXISBANK\part-080655_955861-035618.parquet,35932,downloaded,35932,
2026-07-17,NSE,AXISBANK,raw_l2/trade_date=2026-07-17/exchange=NSE/symbol=AXISBANK/part-080739_369480-035714.parquet,real_data_sample\l2_unseen_validation\trade_date=2026-07-17\exchange=NSE\symbol=AXISBANK\part-080739_369480-035714.parquet,36124,downloaded,36124,
2026-07-17,NSE,AXISBANK,raw_l2/trade_date=2026-07-17/exchange=NSE/symbol=AXISBANK/part-080823_391058-035810.parquet,real_data_sample\l2_unseen_validation\trade_date=2026-07-17\exchange=NSE\symbol=AXISBANK\part-080823_391058-035810.parquet,35567,downloaded,35567,
2026-07-17,NSE,AXISBANK,raw_l2/trade_date=2026-07-17/exchange=NSE/symbol=AXISBANK/part-080754_184807-035746.parquet,real_data_sample\l2_unseen_validation\trade_date=2026-07-17\exchange=NSE\symbol=AXISBANK\part-080754_184807-035746.parquet,35422,downloaded,35422,
2026-07-17,NSE,AXISBANK,raw_l2/trade_date=2026-07-17/exchange=NSE/symbol=AXISBANK/part-080837_907998-035842.parquet,real_data_sample\l2_unseen_validation\trade_date=2026-07-17\exchange=NSE\symbol=AXISBANK\part-080837_907998-035842.parquet,35713,downloaded,35713,
2026-07-17,NSE,AXISBANK,raw_l2/trade_date=2026-07-17/exchange=NSE/symbol=AXISBANK/part-080725_150070-035682.parquet,real_data_sample\l2_unseen_validation\trade_date=2026-07-17\exchange=NSE\symbol=AXISBANK\part-080725_150070-035682.parquet,35903,downloaded,35903,
2026-07-17,NSE,AXISBANK,raw_l2/trade_date=2026-07-17/exchange=NSE/symbol=AXISBANK/part-080809_126457-035778.parquet,real_data_sample\l2_unseen_validation\trade_date=2026-07-17\exchange=NSE\symbol=AXISBANK\part-080809_126457-035778.parquet,35837,downloaded,35837,
2026-07-17,NSE,AXISBANK,raw_l2/trade_date=2026-07-17/exchange=NSE/symbol=AXISBANK/part-071657_352529-028898.parquet,real_data_sample\l2_unseen_validation\trade_date=2026-07-17\exchange=NSE\symbol=AXISBANK\part-071657_352529-028898.parquet,35629,downloaded,35629,
2026-07-17,NSE,AXISBANK,raw_l2/trade_date=2026-07-17/exchange=NSE/symbol=AXISBANK/part-080922_148709-035938.parquet,real_data_sample\l2_unseen_validation\trade_date=2026-07-17\exchange=NSE\symbol=AXISBANK\part-080922_148709-035938.parquet,34958,downloaded,34958,
2026-07-17,NSE,AXISBANK,raw_l2/trade_date=2026-07-17/exchange=NSE/symbol=AXISBANK/part-080907_374112-035906.parquet,real_data_sample\l2_unseen_validation\trade_date=2026-07-17\exchange=NSE\symbol=AXISBANK\part-080907_374112-035906.parquet,35975,downloaded,35975,
2026-07-17,NSE,AXISBANK,raw_l2/trade_date=2026-07-17/exchange=NSE/symbol=AXISBANK/part-081005_970069-036034.parquet,real_data_sample\l2_unseen_validation\trade_date=2026-07-17\exchange=NSE\symbol=AXISBANK\part-081005_970069-036034.parquet,34699,downloaded,34699,
2026-07-17,NSE,AXISBANK,raw_l2/trade_date=2026-07-17/exchange=NSE/symbol=AXISBANK/part-080936_943724-035970.parquet,real_data_sample\l2_unseen_validation\trade_date=2026-07-17\exchange=NSE\symbol=AXISBANK\part-080936_943724-035970.parquet,34842,downloaded,34842,
2026-07-17,NSE,AXISBANK,raw_l2/trade_date=2026-07-17/exchange=NSE/symbol=AXISBANK/part-080852_670832-035874.parquet,real_data_sample\l2_unseen_validation\trade_date=2026-07-17\exchange=NSE\symbol=AXISBANK\part-080852_670832-035874.parquet,35071,downloaded,35071,
2026-07-17,NSE,AXISBANK,raw_l2/trade_date=2026-07-17/exchange=NSE/symbol=AXISBANK/part-080514_901893-035394.parquet,real_data_sample\l2_unseen_validation\trade_date=2026-07-17\exchange=NSE\symbol=AXISBANK\part-080514_901893-035394.parquet,35222,downloaded,35222,
2026-07-17,NSE,AXISBANK,raw_l2/trade_date=2026-07-17/exchange=NSE/symbol=AXISBANK/part-081036_126875-036098.parquet,real_data_sample\l2_unseen_validation\trade_date=2026-07-17\exchange=NSE\symbol=AXISBANK\part-081036_126875-036098.parquet,35043,downloaded,35043,
2026-07-17,NSE,AXISBANK,raw_l2/trade_date=2026-07-17/exchange=NSE/symbol=AXISBANK/part-081021_157516-036066.parquet,real_data_sample\l2_unseen_validation\trade_date=2026-07-17\exchange=NSE\symbol=AXISBANK\part-081021_157516-036066.parquet,34820,downloaded,34820,
2026-07-17,NSE,AXISBANK,raw_l2/trade_date=2026-07-17/exchange=NSE/symbol=AXISBANK/part-080529_707025-035426.parquet,real_data_sample\l2_unseen_validation\trade_date=2026-07-17\exchange=NSE\symbol=AXISBANK\part-080529_707025-035426.parquet,34749,downloaded,34749,
2026-07-17,NSE,AXISBANK,raw_l2/trade_date=2026-07-17/exchange=NSE/symbol=AXISBANK/part-080544_632262-035458.parquet,real_data_sample\l2_unseen_validation\trade_date=2026-07-17\exchange=NSE\symbol=AXISBANK\part-080544_632262-035458.parquet,35012,downloaded,35012,
2026-07-17,NSE,AXISBANK,raw_l2/trade_date=2026-07-17/exchange=NSE/symbol=AXISBANK/part-080500_657374-035362.parquet,real_data_sample\l2_unseen_validation\trade_date=2026-07-17\exchange=NSE\symbol=AXISBANK\part-080500_657374-035362.parquet,35638,downloaded,35638,
2026-07-17,NSE,AXISBANK,raw_l2/trade_date=2026-07-17/exchange=NSE/symbol=AXISBANK/part-081050_622095-036130.parquet,real_data_sample\l2_unseen_validation\trade_date=2026-07-17\exchange=NSE\symbol=AXISBANK\part-081050_622095-036130.parquet,34904,downloaded,34904,
2026-07-17,NSE,AXISBANK,raw_l2/trade_date=2026-07-17/exchange=NSE/symbol=AXISBANK/part-080641_622408-035586.parquet,real_data_sample\l2_unseen_validation\trade_date=2026-07-17\exchange=NSE\symbol=AXISBANK\part-080641_622408-035586.parquet,35830,downloaded,35830,
2026-07-17,NSE,AXISBANK,raw_l2/trade_date=2026-07-17/exchange=NSE/symbol=AXISBANK/part-081118_901016-036194.parquet,real_data_sample\l2_unseen_validation\trade_date=2026-07-17\exchange=NSE\symbol=AXISBANK\part-081118_901016-036194.parquet,35827,downloaded,35827,
2026-07-17,NSE,AXISBANK,raw_l2/trade_date=2026-07-17/exchange=NSE/symbol=AXISBANK/part-081132_872652-036226.parquet,real_data_sample\l2_unseen_validation\trade_date=2026-07-17\exchange=NSE\symbol=AXISBANK\part-081132_872652-036226.parquet,35837,downloaded,35837,
2026-07-17,NSE,AXISBANK,raw_l2/trade_date=2026-07-17/exchange=NSE/symbol=AXISBANK/part-081201_119803-036290.parquet,real_data_sample\l2_unseen_validation\trade_date=2026-07-17\exchange=NSE\symbol=AXISBANK\part-081201_119803-036290.parquet,36179,downloaded,36179,
2026-07-17,NSE,AXISBANK,raw_l2/trade_date=2026-07-17/exchange=NSE/symbol=AXISBANK/part-081215_370153-036322.parquet,real_data_sample\l2_unseen_validation\trade_date=2026-07-17\exchange=NSE\symbol=AXISBANK\part-081215_370153-036322.parquet,35897,downloaded,35897,
2026-07-17,NSE,AXISBANK,raw_l2/trade_date=2026-07-17/exchange=NSE/symbol=AXISBANK/part-074957_338199-033346.parquet,real_data_sample\l2_unseen_validation\trade_date=2026-07-17\exchange=NSE\symbol=AXISBANK\part-074957_338199-033346.parquet,35753,downloaded,35753,
2026-07-17,NSE,AXISBANK,raw_l2/trade_date=2026-07-17/exchange=NSE/symbol=AXISBANK/part-081229_389900-036354.parquet,real_data_sample\l2_unseen_validation\trade_date=2026-07-17\exchange=NSE\symbol=AXISBANK\part-081229_389900-036354.parquet,35997,downloaded,35997,
2026-07-17,NSE,AXISBANK,raw_l2/trade_date=2026-07-17/exchange=NSE/symbol=AXISBANK/part-081243_881822-036386.parquet,real_data_sample\l2_unseen_validation\trade_date=2026-07-17\exchange=NSE\symbol=AXISBANK\part-081243_881822-036386.parquet,35938,downloaded,35938,
2026-07-17,NSE,AXISBANK,raw_l2/trade_date=2026-07-17/exchange=NSE/symbol=AXISBANK/part-081327_375286-036482.parquet,real_data_sample\l2_unseen_validation\trade_date=2026-07-17\exchange=NSE\symbol=AXISBANK\part-081327_375286-036482.parquet,35931,downloaded,35931,
2026-07-17,NSE,AXISBANK,raw_l2/trade_date=2026-07-17/exchange=NSE/symbol=AXISBANK/part-081313_126219-036450.parquet,real_data_sample\l2_unseen_validation\trade_date=2026-07-17\exchange=NSE\symbol=AXISBANK\part-081313_126219-036450.parquet,35432,downloaded,35432,
2026-07-17,NSE,AXISBANK,raw_l2/trade_date=2026-07-17/exchange=NSE/symbol=AXISBANK/part-081258_369847-036418.parquet,real_data_sample\l2_unseen_validation\trade_date=2026-07-17\exchange=NSE\symbol=AXISBANK\part-081258_369847-036418.parquet,35828,downloaded,35828,
2026-07-17,NSE,AXISBANK,raw_l2/trade_date=2026-07-17/exchange=NSE/symbol=AXISBANK/part-081410_197875-036578.parquet,real_data_sample\l2_unseen_validation\trade_date=2026-07-17\exchange=NSE\symbol=AXISBANK\part-081410_197875-036578.parquet,35619,downloaded,35619,
2026-07-17,NSE,AXISBANK,raw_l2/trade_date=2026-07-17/exchange=NSE/symbol=AXISBANK/part-081341_633237-036514.parquet,real_data_sample\l2_unseen_validation\trade_date=2026-07-17\exchange=NSE\symbol=AXISBANK\part-081341_633237-036514.parquet,36084,downloaded,36084,
2026-07-17,NSE,AXISBANK,raw_l2/trade_date=2026-07-17/exchange=NSE/symbol=AXISBANK/part-081506_623676-036706.parquet,real_data_sample\l2_unseen_validation\trade_date=2026-07-17\exchange=NSE\symbol=AXISBANK\part-081506_623676-036706.parquet,36102,downloaded,36102,
2026-07-17,NSE,AXISBANK,raw_l2/trade_date=2026-07-17/exchange=NSE/symbol=AXISBANK/part-081438_656705-036642.parquet,real_data_sample\l2_unseen_validation\trade_date=2026-07-17\exchange=NSE\symbol=AXISBANK\part-081438_656705-036642.parquet,35888,downloaded,35888,
2026-07-17,NSE,AXISBANK,raw_l2/trade_date=2026-07-17/exchange=NSE/symbol=AXISBANK/part-081104_630786-036162.parquet,real_data_sample\l2_unseen_validation\trade_date=2026-07-17\exchange=NSE\symbol=AXISBANK\part-081104_630786-036162.parquet,34793,downloaded,34793,
2026-07-17,NSE,AXISBANK,raw_l2/trade_date=2026-07-17/exchange=NSE/symbol=AXISBANK/part-080951_377263-036002.parquet,real_data_sample\l2_unseen_validation\trade_date=2026-07-17\exchange=NSE\symbol=AXISBANK\part-080951_377263-036002.parquet,34742,downloaded,34742,
2026-07-17,NSE,AXISBANK,raw_l2/trade_date=2026-07-17/exchange=NSE/symbol=AXISBANK/part-081452_635397-036674.parquet,real_data_sample\l2_unseen_validation\trade_date=2026-07-17\exchange=NSE\symbol=AXISBANK\part-081452_635397-036674.parquet,35467,downloaded,35467,
2026-07-17,NSE,AXISBANK,raw_l2/trade_date=2026-07-17/exchange=NSE/symbol=AXISBANK/part-081355_668655-036546.parquet,real_data_sample\l2_unseen_validation\trade_date=2026-07-17\exchange=NSE\symbol=AXISBANK\part-081355_668655-036546.parquet,35249,downloaded,35249,
2026-07-17,NSE,AXISBANK,raw_l2/trade_date=2026-07-17/exchange=NSE/symbol=AXISBANK/part-081520_874615-036738.parquet,real_data_sample\l2_unseen_validation\trade_date=2026-07-17\exchange=NSE\symbol=AXISBANK\part-081520_874615-036738.parquet,35946,downloaded,35946,
2026-07-17,NSE,AXISBANK,raw_l2/trade_date=2026-07-17/exchange=NSE/symbol=AXISBANK/part-081616_865268-036866.parquet,real_data_sample\l2_unseen_validation\trade_date=2026-07-17\exchange=NSE\symbol=AXISBANK\part-081616_865268-036866.parquet,35925,downloaded,35925,
2026-07-17,NSE,AXISBANK,raw_l2/trade_date=2026-07-17/exchange=NSE/symbol=AXISBANK/part-081602_878272-036834.parquet,real_data_sample\l2_unseen_validation\trade_date=2026-07-17\exchange=NSE\symbol=AXISBANK\part-081602_878272-036834.parquet,36425,downloaded,36425,
2026-07-17,NSE,AXISBANK,raw_l2/trade_date=2026-07-17/exchange=NSE/symbol=AXISBANK/part-081644_924445-036930.parquet,real_data_sample\l2_unseen_validation\trade_date=2026-07-17\exchange=NSE\symbol=AXISBANK\part-081644_924445-036930.parquet,36066,downloaded,36066,
2026-07-17,NSE,AXISBANK,raw_l2/trade_date=2026-07-17/exchange=NSE/symbol=AXISBANK/part-071643_097832-028866.parquet,real_data_sample\l2_unseen_validation\trade_date=2026-07-17\exchange=NSE\symbol=AXISBANK\part-071643_097832-028866.parquet,35315,downloaded,35315,
2026-07-17,NSE,AXISBANK,raw_l2/trade_date=2026-07-17/exchange=NSE/symbol=AXISBANK/part-081548_899478-036802.parquet,real_data_sample\l2_unseen_validation\trade_date=2026-07-17\exchange=NSE\symbol=AXISBANK\part-081548_899478-036802.parquet,36203,downloaded,36203,
2026-07-17,NSE,AXISBANK,raw_l2/trade_date=2026-07-17/exchange=NSE/symbol=AXISBANK/part-081659_125465-036962.parquet,real_data_sample\l2_unseen_validation\trade_date=2026-07-17\exchange=NSE\symbol=AXISBANK\part-081659_125465-036962.parquet,35560,downloaded,35560,
2026-07-17,NSE,AXISBANK,raw_l2/trade_date=2026-07-17/exchange=NSE/symbol=AXISBANK/part-081713_385197-036994.parquet,real_data_sample\l2_unseen_validation\trade_date=2026-07-17\exchange=NSE\symbol=AXISBANK\part-081713_385197-036994.parquet,35356,downloaded,35356,
2026-07-17,NSE,AXISBANK,raw_l2/trade_date=2026-07-17/exchange=NSE/symbol=AXISBANK/part-081534_882026-036770.parquet,real_data_sample\l2_unseen_validation\trade_date=2026-07-17\exchange=NSE\symbol=AXISBANK\part-081534_882026-036770.parquet,36245,downloaded,36245,
2026-07-17,NSE,AXISBANK,raw_l2/trade_date=2026-07-17/exchange=NSE/symbol=AXISBANK/part-081727_681592-037026.parquet,real_data_sample\l2_unseen_validation\trade_date=2026-07-17\exchange=NSE\symbol=AXISBANK\part-081727_681592-037026.parquet,35104,downloaded,35104,
2026-07-17,NSE,AXISBANK,raw_l2/trade_date=2026-07-17/exchange=NSE/symbol=AXISBANK/part-081742_371814-037058.parquet,real_data_sample\l2_unseen_validation\trade_date=2026-07-17\exchange=NSE\symbol=AXISBANK\part-081742_371814-037058.parquet,34911,downloaded,34911,
2026-07-17,NSE,AXISBANK,raw_l2/trade_date=2026-07-17/exchange=NSE/symbol=AXISBANK/part-081756_618883-037090.parquet,real_data_sample\l2_unseen_validation\trade_date=2026-07-17\exchange=NSE\symbol=AXISBANK\part-081756_618883-037090.parquet,34966,downloaded,34966,
2026-07-17,NSE,AXISBANK,raw_l2/trade_date=2026-07-17/exchange=NSE/symbol=AXISBANK/part-081146_889327-036258.parquet,real_data_sample\l2_unseen_validation\trade_date=2026-07-17\exchange=NSE\symbol=AXISBANK\part-081146_889327-036258.parquet,35599,downloaded,35599,
2026-07-17,NSE,AXISBANK,raw_l2/trade_date=2026-07-17/exchange=NSE/symbol=AXISBANK/part-081811_130333-037122.parquet,real_data_sample\l2_unseen_validation\trade_date=2026-07-17\exchange=NSE\symbol=AXISBANK\part-081811_130333-037122.parquet,34950,downloaded,34950,
2026-07-17,NSE,AXISBANK,raw_l2/trade_date=2026-07-17/exchange=NSE/symbol=AXISBANK/part-081825_381730-037154.parquet,real_data_sample\l2_unseen_validation\trade_date=2026-07-17\exchange=NSE\symbol=AXISBANK\part-081825_381730-037154.parquet,36030,downloaded,36030,
2026-07-17,NSE,AXISBANK,raw_l2/trade_date=2026-07-17/exchange=NSE/symbol=AXISBANK/part-081854_143934-037218.parquet,real_data_sample\l2_unseen_validation\trade_date=2026-07-17\exchange=NSE\symbol=AXISBANK\part-081854_143934-037218.parquet,35977,downloaded,35977,
2026-07-17,NSE,AXISBANK,raw_l2/trade_date=2026-07-17/exchange=NSE/symbol=AXISBANK/part-081908_184170-037250.parquet,real_data_sample\l2_unseen_validation\trade_date=2026-07-17\exchange=NSE\symbol=AXISBANK\part-081908_184170-037250.parquet,35317,downloaded,35317,
2026-07-17,NSE,AXISBANK,raw_l2/trade_date=2026-07-17/exchange=NSE/symbol=AXISBANK/part-081630_879888-036898.parquet,real_data_sample\l2_unseen_validation\trade_date=2026-07-17\exchange=NSE\symbol=AXISBANK\part-081630_879888-036898.parquet,36160,downloaded,36160,
2026-07-17,NSE,AXISBANK,raw_l2/trade_date=2026-07-17/exchange=NSE/symbol=AXISBANK/part-080445_891794-035330.parquet,real_data_sample\l2_unseen_validation\trade_date=2026-07-17\exchange=NSE\symbol=AXISBANK\part-080445_891794-035330.parquet,35671,downloaded,35671,
2026-07-17,NSE,AXISBANK,raw_l2/trade_date=2026-07-17/exchange=NSE/symbol=AXISBANK/part-082033_627411-037442.parquet,real_data_sample\l2_unseen_validation\trade_date=2026-07-17\exchange=NSE\symbol=AXISBANK\part-082033_627411-037442.parquet,36158,downloaded,36158,
2026-07-17,NSE,AXISBANK,raw_l2/trade_date=2026-07-17/exchange=NSE/symbol=AXISBANK/part-082214_877210-037666.parquet,real_data_sample\l2_unseen_validation\trade_date=2026-07-17\exchange=NSE\symbol=AXISBANK\part-082214_877210-037666.parquet,36288,downloaded,36288,
2026-07-17,NSE,AXISBANK,raw_l2/trade_date=2026-07-17/exchange=NSE/symbol=AXISBANK/part-082132_149322-037570.parquet,real_data_sample\l2_unseen_validation\trade_date=2026-07-17\exchange=NSE\symbol=AXISBANK\part-082132_149322-037570.parquet,36348,downloaded,36348,
2026-07-17,NSE,AXISBANK,raw_l2/trade_date=2026-07-17/exchange=NSE/symbol=AXISBANK/part-082200_629267-037634.parquet,real_data_sample\l2_unseen_validation\trade_date=2026-07-17\exchange=NSE\symbol=AXISBANK\part-082200_629267-037634.parquet,36280,downloaded,36280,
2026-07-17,NSE,AXISBANK,raw_l2/trade_date=2026-07-17/exchange=NSE/symbol=AXISBANK/part-082228_865663-037698.parquet,real_data_sample\l2_unseen_validation\trade_date=2026-07-17\exchange=NSE\symbol=AXISBANK\part-082228_865663-037698.parquet,35562,downloaded,35562,
2026-07-17,NSE,AXISBANK,raw_l2/trade_date=2026-07-17/exchange=NSE/symbol=AXISBANK/part-082325_897991-037826.parquet,real_data_sample\l2_unseen_validation\trade_date=2026-07-17\exchange=NSE\symbol=AXISBANK\part-082325_897991-037826.parquet,35921,downloaded,35921,
2026-07-17,NSE,AXISBANK,raw_l2/trade_date=2026-07-17/exchange=NSE/symbol=AXISBANK/part-082311_624367-037794.parquet,real_data_sample\l2_unseen_validation\trade_date=2026-07-17\exchange=NSE\symbol=AXISBANK\part-082311_624367-037794.parquet,35734,downloaded,35734,
2026-07-17,NSE,AXISBANK,raw_l2/trade_date=2026-07-17/exchange=NSE/symbol=AXISBANK/part-082436_375679-037986.parquet,real_data_sample\l2_unseen_validation\trade_date=2026-07-17\exchange=NSE\symbol=AXISBANK\part-082436_375679-037986.parquet,34928,downloaded,34928,
2026-07-17,NSE,AXISBANK,raw_l2/trade_date=2026-07-17/exchange=NSE/symbol=AXISBANK/part-081936_654851-037314.parquet,real_data_sample\l2_unseen_validation\trade_date=2026-07-17\exchange=NSE\symbol=AXISBANK\part-081936_654851-037314.parquet,35967,downloaded,35967,
2026-07-17,NSE,AXISBANK,raw_l2/trade_date=2026-07-17/exchange=NSE/symbol=AXISBANK/part-082243_135570-037730.parquet,real_data_sample\l2_unseen_validation\trade_date=2026-07-17\exchange=NSE\symbol=AXISBANK\part-082243_135570-037730.parquet,36319,downloaded,36319,
2026-07-17,NSE,AXISBANK,raw_l2/trade_date=2026-07-17/exchange=NSE/symbol=AXISBANK/part-082354_127991-037890.parquet,real_data_sample\l2_unseen_validation\trade_date=2026-07-17\exchange=NSE\symbol=AXISBANK\part-082354_127991-037890.parquet,35896,downloaded,35896,
2026-07-17,NSE,AXISBANK,raw_l2/trade_date=2026-07-17/exchange=NSE/symbol=AXISBANK/part-082146_372515-037602.parquet,real_data_sample\l2_unseen_validation\trade_date=2026-07-17\exchange=NSE\symbol=AXISBANK\part-082146_372515-037602.parquet,36616,downloaded,36616,
2026-07-17,NSE,AXISBANK,raw_l2/trade_date=2026-07-17/exchange=NSE/symbol=AXISBANK/part-082048_797069-037474.parquet,real_data_sample\l2_unseen_validation\trade_date=2026-07-17\exchange=NSE\symbol=AXISBANK\part-082048_797069-037474.parquet,35873,downloaded,35873,
2026-07-17,NSE,AXISBANK,raw_l2/trade_date=2026-07-17/exchange=NSE/symbol=AXISBANK/part-082408_135875-037922.parquet,real_data_sample\l2_unseen_validation\trade_date=2026-07-17\exchange=NSE\symbol=AXISBANK\part-082408_135875-037922.parquet,35673,downloaded,35673,
2026-07-17,NSE,AXISBANK,raw_l2/trade_date=2026-07-17/exchange=NSE/symbol=AXISBANK/part-082005_129228-037378.parquet,real_data_sample\l2_unseen_validation\trade_date=2026-07-17\exchange=NSE\symbol=AXISBANK\part-082005_129228-037378.parquet,36372,downloaded,36372,
2026-07-17,NSE,AXISBANK,raw_l2/trade_date=2026-07-17/exchange=NSE/symbol=AXISBANK/part-082117_886036-037538.parquet,real_data_sample\l2_unseen_validation\trade_date=2026-07-17\exchange=NSE\symbol=AXISBANK\part-082117_886036-037538.parquet,36377,downloaded,36377,
2026-07-17,NSE,AXISBANK,raw_l2/trade_date=2026-07-17/exchange=NSE/symbol=AXISBANK/part-082422_374764-037954.parquet,real_data_sample\l2_unseen_validation\trade_date=2026-07-17\exchange=NSE\symbol=AXISBANK\part-082422_374764-037954.parquet,35054,downloaded,35054,
2026-07-17,NSE,AXISBANK,raw_l2/trade_date=2026-07-17/exchange=NSE/symbol=AXISBANK/part-082340_130939-037858.parquet,real_data_sample\l2_unseen_validation\trade_date=2026-07-17\exchange=NSE\symbol=AXISBANK\part-082340_130939-037858.parquet,36368,downloaded,36368,
2026-07-17,NSE,AXISBANK,raw_l2/trade_date=2026-07-17/exchange=NSE/symbol=AXISBANK/part-081951_127056-037346.parquet,real_data_sample\l2_unseen_validation\trade_date=2026-07-17\exchange=NSE\symbol=AXISBANK\part-081951_127056-037346.parquet,35649,downloaded,35649,
2026-07-17,NSE,AXISBANK,raw_l2/trade_date=2026-07-17/exchange=NSE/symbol=AXISBANK/part-081922_374086-037282.parquet,real_data_sample\l2_unseen_validation\trade_date=2026-07-17\exchange=NSE\symbol=AXISBANK\part-081922_374086-037282.parquet,35383,downloaded,35383,
2026-07-17,NSE,AXISBANK,raw_l2/trade_date=2026-07-17/exchange=NSE/symbol=AXISBANK/part-082019_375555-037410.parquet,real_data_sample\l2_unseen_validation\trade_date=2026-07-17\exchange=NSE\symbol=AXISBANK\part-082019_375555-037410.parquet,35854,downloaded,35854,
2026-07-17,NSE,AXISBANK,raw_l2/trade_date=2026-07-17/exchange=NSE/symbol=AXISBANK/part-082518_652064-038082.parquet,real_data_sample\l2_unseen_validation\trade_date=2026-07-17\exchange=NSE\symbol=AXISBANK\part-082518_652064-038082.parquet,35679,downloaded,35679,
2026-07-17,NSE,AXISBANK,raw_l2/trade_date=2026-07-17/exchange=NSE/symbol=AXISBANK/part-082504_622102-038050.parquet,real_data_sample\l2_unseen_validation\trade_date=2026-07-17\exchange=NSE\symbol=AXISBANK\part-082504_622102-038050.parquet,35030,downloaded,35030,
2026-07-17,NSE,AXISBANK,raw_l2/trade_date=2026-07-17/exchange=NSE/symbol=AXISBANK/part-082532_872796-038114.parquet,real_data_sample\l2_unseen_validation\trade_date=2026-07-17\exchange=NSE\symbol=AXISBANK\part-082532_872796-038114.parquet,36076,downloaded,36076,
2026-07-17,NSE,AXISBANK,raw_l2/trade_date=2026-07-17/exchange=NSE/symbol=AXISBANK/part-082547_436309-038146.parquet,real_data_sample\l2_unseen_validation\trade_date=2026-07-17\exchange=NSE\symbol=AXISBANK\part-082547_436309-038146.parquet,35787,downloaded,35787,
2026-07-17,NSE,AXISBANK,raw_l2/trade_date=2026-07-17/exchange=NSE/symbol=AXISBANK/part-082601_892577-038178.parquet,real_data_sample\l2_unseen_validation\trade_date=2026-07-17\exchange=NSE\symbol=AXISBANK\part-082601_892577-038178.parquet,35950,downloaded,35950,
2026-07-17,NSE,AXISBANK,raw_l2/trade_date=2026-07-17/exchange=NSE/symbol=AXISBANK/part-082630_387022-038242.parquet,real_data_sample\l2_unseen_validation\trade_date=2026-07-17\exchange=NSE\symbol=AXISBANK\part-082630_387022-038242.parquet,36183,downloaded,36183,
2026-07-17,NSE,AXISBANK,raw_l2/trade_date=2026-07-17/exchange=NSE/symbol=AXISBANK/part-082644_869845-038274.parquet,real_data_sample\l2_unseen_validation\trade_date=2026-07-17\exchange=NSE\symbol=AXISBANK\part-082644_869845-038274.parquet,36119,downloaded,36119,
2026-07-17,NSE,AXISBANK,raw_l2/trade_date=2026-07-17/exchange=NSE/symbol=AXISBANK/part-082727_389775-038370.parquet,real_data_sample\l2_unseen_validation\trade_date=2026-07-17\exchange=NSE\symbol=AXISBANK\part-082727_389775-038370.parquet,35924,downloaded,35924,
2026-07-17,NSE,AXISBANK,raw_l2/trade_date=2026-07-17/exchange=NSE/symbol=AXISBANK/part-082713_124904-038338.parquet,real_data_sample\l2_unseen_validation\trade_date=2026-07-17\exchange=NSE\symbol=AXISBANK\part-082713_124904-038338.parquet,36050,downloaded,36050,
2026-07-17,NSE,AXISBANK,raw_l2/trade_date=2026-07-17/exchange=NSE/symbol=AXISBANK/part-082741_652069-038402.parquet,real_data_sample\l2_unseen_validation\trade_date=2026-07-17\exchange=NSE\symbol=AXISBANK\part-082741_652069-038402.parquet,35840,downloaded,35840,
2026-07-17,NSE,AXISBANK,raw_l2/trade_date=2026-07-17/exchange=NSE/symbol=AXISBANK/part-082103_374035-037506.parquet,real_data_sample\l2_unseen_validation\trade_date=2026-07-17\exchange=NSE\symbol=AXISBANK\part-082103_374035-037506.parquet,35934,downloaded,35934,
2026-07-17,NSE,AXISBANK,raw_l2/trade_date=2026-07-17/exchange=NSE/symbol=AXISBANK/part-082824_885624-038498.parquet,real_data_sample\l2_unseen_validation\trade_date=2026-07-17\exchange=NSE\symbol=AXISBANK\part-082824_885624-038498.parquet,36390,downloaded,36390,
2026-07-17,NSE,AXISBANK,raw_l2/trade_date=2026-07-17/exchange=NSE/symbol=AXISBANK/part-082810_381031-038466.parquet,real_data_sample\l2_unseen_validation\trade_date=2026-07-17\exchange=NSE\symbol=AXISBANK\part-082810_381031-038466.parquet,36233,downloaded,36233,
2026-07-17,NSE,AXISBANK,raw_l2/trade_date=2026-07-17/exchange=NSE/symbol=AXISBANK/part-083035_387059-038786.parquet,real_data_sample\l2_unseen_validation\trade_date=2026-07-17\exchange=NSE\symbol=AXISBANK\part-083035_387059-038786.parquet,35865,downloaded,35865,
2026-07-17,NSE,AXISBANK,raw_l2/trade_date=2026-07-17/exchange=NSE/symbol=AXISBANK/part-082658_879071-038306.parquet,real_data_sample\l2_unseen_validation\trade_date=2026-07-17\exchange=NSE\symbol=AXISBANK\part-082658_879071-038306.parquet,35747,downloaded,35747,
2026-07-17,NSE,AXISBANK,raw_l2/trade_date=2026-07-17/exchange=NSE/symbol=AXISBANK/part-081839_627291-037186.parquet,real_data_sample\l2_unseen_validation\trade_date=2026-07-17\exchange=NSE\symbol=AXISBANK\part-081839_627291-037186.parquet,36059,downloaded,36059,
2026-07-17,NSE,AXISBANK,raw_l2/trade_date=2026-07-17/exchange=NSE/symbol=AXISBANK/part-082755_888591-038434.parquet,real_data_sample\l2_unseen_validation\trade_date=2026-07-17\exchange=NSE\symbol=AXISBANK\part-082755_888591-038434.parquet,36243,downloaded,36243,
2026-07-17,NSE,AXISBANK,raw_l2/trade_date=2026-07-17/exchange=NSE/symbol=AXISBANK/part-083006_638159-038722.parquet,real_data_sample\l2_unseen_validation\trade_date=2026-07-17\exchange=NSE\symbol=AXISBANK\part-083006_638159-038722.parquet,36268,downloaded,36268,
2026-07-17,NSE,AXISBANK,raw_l2/trade_date=2026-07-17/exchange=NSE/symbol=AXISBANK/part-082937_386810-038658.parquet,real_data_sample\l2_unseen_validation\trade_date=2026-07-17\exchange=NSE\symbol=AXISBANK\part-082937_386810-038658.parquet,36115,downloaded,36115,
2026-07-17,NSE,AXISBANK,raw_l2/trade_date=2026-07-17/exchange=NSE/symbol=AXISBANK/part-083021_146495-038754.parquet,real_data_sample\l2_unseen_validation\trade_date=2026-07-17\exchange=NSE\symbol=AXISBANK\part-083021_146495-038754.parquet,36021,downloaded,36021,
2026-07-17,NSE,AXISBANK,raw_l2/trade_date=2026-07-17/exchange=NSE/symbol=AXISBANK/part-082839_381173-038530.parquet,real_data_sample\l2_unseen_validation\trade_date=2026-07-17\exchange=NSE\symbol=AXISBANK\part-082839_381173-038530.parquet,35634,downloaded,35634,
2026-07-17,NSE,AXISBANK,raw_l2/trade_date=2026-07-17/exchange=NSE/symbol=AXISBANK/part-083119_145360-038882.parquet,real_data_sample\l2_unseen_validation\trade_date=2026-07-17\exchange=NSE\symbol=AXISBANK\part-083119_145360-038882.parquet,35957,downloaded,35957,
2026-07-17,NSE,AXISBANK,raw_l2/trade_date=2026-07-17/exchange=NSE/symbol=AXISBANK/part-082922_882094-038626.parquet,real_data_sample\l2_unseen_validation\trade_date=2026-07-17\exchange=NSE\symbol=AXISBANK\part-082922_882094-038626.parquet,36328,downloaded,36328,
2026-07-17,NSE,AXISBANK,raw_l2/trade_date=2026-07-17/exchange=NSE/symbol=AXISBANK/part-082853_882005-038562.parquet,real_data_sample\l2_unseen_validation\trade_date=2026-07-17\exchange=NSE\symbol=AXISBANK\part-082853_882005-038562.parquet,35405,downloaded,35405,
2026-07-17,NSE,AXISBANK,raw_l2/trade_date=2026-07-17/exchange=NSE/symbol=AXISBANK/part-083049_885079-038818.parquet,real_data_sample\l2_unseen_validation\trade_date=2026-07-17\exchange=NSE\symbol=AXISBANK\part-083049_885079-038818.parquet,35635,downloaded,35635,
2026-07-17,NSE,AXISBANK,raw_l2/trade_date=2026-07-17/exchange=NSE/symbol=AXISBANK/part-082450_628604-038018.parquet,real_data_sample\l2_unseen_validation\trade_date=2026-07-17\exchange=NSE\symbol=AXISBANK\part-082450_628604-038018.parquet,34757,downloaded,34757,
2026-07-17,NSE,AXISBANK,raw_l2/trade_date=2026-07-17/exchange=NSE/symbol=AXISBANK/part-082951_921608-038690.parquet,real_data_sample\l2_unseen_validation\trade_date=2026-07-17\exchange=NSE\symbol=AXISBANK\part-082951_921608-038690.parquet,35359,downloaded,35359,
2026-07-17,NSE,AXISBANK,raw_l2/trade_date=2026-07-17/exchange=NSE/symbol=AXISBANK/part-082908_396717-038594.parquet,real_data_sample\l2_unseen_validation\trade_date=2026-07-17\exchange=NSE\symbol=AXISBANK\part-082908_396717-038594.parquet,35510,downloaded,35510,
2026-07-17,NSE,AXISBANK,raw_l2/trade_date=2026-07-17/exchange=NSE/symbol=AXISBANK/part-083202_636013-038978.parquet,real_data_sample\l2_unseen_validation\trade_date=2026-07-17\exchange=NSE\symbol=AXISBANK\part-083202_636013-038978.parquet,36300,downloaded,36300,
2026-07-17,NSE,AXISBANK,raw_l2/trade_date=2026-07-17/exchange=NSE/symbol=AXISBANK/part-083133_637485-038914.parquet,real_data_sample\l2_unseen_validation\trade_date=2026-07-17\exchange=NSE\symbol=AXISBANK\part-083133_637485-038914.parquet,35675,downloaded,35675,
2026-07-17,NSE,AXISBANK,raw_l2/trade_date=2026-07-17/exchange=NSE/symbol=AXISBANK/part-083104_189593-038850.parquet,real_data_sample\l2_unseen_validation\trade_date=2026-07-17\exchange=NSE\symbol=AXISBANK\part-083104_189593-038850.parquet,35543,downloaded,35543,
2026-07-17,NSE,AXISBANK,raw_l2/trade_date=2026-07-17/exchange=NSE/symbol=AXISBANK/part-083148_385842-038946.parquet,real_data_sample\l2_unseen_validation\trade_date=2026-07-17\exchange=NSE\symbol=AXISBANK\part-083148_385842-038946.parquet,35754,downloaded,35754,
2026-07-17,NSE,AXISBANK,raw_l2/trade_date=2026-07-17/exchange=NSE/symbol=AXISBANK/part-083217_132776-039010.parquet,real_data_sample\l2_unseen_validation\trade_date=2026-07-17\exchange=NSE\symbol=AXISBANK\part-083217_132776-039010.parquet,36592,downloaded,36592,
2026-07-17,NSE,AXISBANK,raw_l2/trade_date=2026-07-17/exchange=NSE/symbol=AXISBANK/part-083231_880025-039042.parquet,real_data_sample\l2_unseen_validation\trade_date=2026-07-17\exchange=NSE\symbol=AXISBANK\part-083231_880025-039042.parquet,36206,downloaded,36206,
2026-07-17,NSE,AXISBANK,raw_l2/trade_date=2026-07-17/exchange=NSE/symbol=AXISBANK/part-083330_139064-039170.parquet,real_data_sample\l2_unseen_validation\trade_date=2026-07-17\exchange=NSE\symbol=AXISBANK\part-083330_139064-039170.parquet,36115,downloaded,36115,
2026-07-17,NSE,AXISBANK,raw_l2/trade_date=2026-07-17/exchange=NSE/symbol=AXISBANK/part-081424_388963-036610.parquet,real_data_sample\l2_unseen_validation\trade_date=2026-07-17\exchange=NSE\symbol=AXISBANK\part-081424_388963-036610.parquet,35605,downloaded,35605,
2026-07-17,NSE,AXISBANK,raw_l2/trade_date=2026-07-17/exchange=NSE/symbol=AXISBANK/part-083344_408513-039202.parquet,real_data_sample\l2_unseen_validation\trade_date=2026-07-17\exchange=NSE\symbol=AXISBANK\part-083344_408513-039202.parquet,36170,downloaded,36170,
2026-07-17,NSE,AXISBANK,raw_l2/trade_date=2026-07-17/exchange=NSE/symbol=AXISBANK/part-083315_916126-039138.parquet,real_data_sample\l2_unseen_validation\trade_date=2026-07-17\exchange=NSE\symbol=AXISBANK\part-083315_916126-039138.parquet,36332,downloaded,36332,
2026-07-17,NSE,AXISBANK,raw_l2/trade_date=2026-07-17/exchange=NSE/symbol=AXISBANK/part-083301_135619-039106.parquet,real_data_sample\l2_unseen_validation\trade_date=2026-07-17\exchange=NSE\symbol=AXISBANK\part-083301_135619-039106.parquet,36758,downloaded,36758,
2026-07-17,NSE,AXISBANK,raw_l2/trade_date=2026-07-17/exchange=NSE/symbol=AXISBANK/part-083246_388042-039074.parquet,real_data_sample\l2_unseen_validation\trade_date=2026-07-17\exchange=NSE\symbol=AXISBANK\part-083246_388042-039074.parquet,36507,downloaded,36507,
2026-07-17,NSE,AXISBANK,raw_l2/trade_date=2026-07-17/exchange=NSE/symbol=AXISBANK/part-082616_156708-038210.parquet,real_data_sample\l2_unseen_validation\trade_date=2026-07-17\exchange=NSE\symbol=AXISBANK\part-082616_156708-038210.parquet,36089,downloaded,36089,
2026-07-17,NSE,AXISBANK,raw_l2/trade_date=2026-07-17/exchange=NSE/symbol=AXISBANK/part-083704_379562-039650.parquet,real_data_sample\l2_unseen_validation\trade_date=2026-07-17\exchange=NSE\symbol=AXISBANK\part-083704_379562-039650.parquet,35785,downloaded,35785,
2026-07-17,NSE,AXISBANK,raw_l2/trade_date=2026-07-17/exchange=NSE/symbol=AXISBANK/part-083815_466777-039810.parquet,real_data_sample\l2_unseen_validation\trade_date=2026-07-17\exchange=NSE\symbol=AXISBANK\part-083815_466777-039810.parquet,35256,downloaded,35256,
2026-07-17,NSE,AXISBANK,raw_l2/trade_date=2026-07-17/exchange=NSE/symbol=AXISBANK/part-083650_134868-039618.parquet,real_data_sample\l2_unseen_validation\trade_date=2026-07-17\exchange=NSE\symbol=AXISBANK\part-083650_134868-039618.parquet,35794,downloaded,35794,
2026-07-17,NSE,AXISBANK,raw_l2/trade_date=2026-07-17/exchange=NSE/symbol=AXISBANK/part-083538_876909-039458.parquet,real_data_sample\l2_unseen_validation\trade_date=2026-07-17\exchange=NSE\symbol=AXISBANK\part-083538_876909-039458.parquet,34975,downloaded,34975,
2026-07-17,NSE,AXISBANK,raw_l2/trade_date=2026-07-17/exchange=NSE/symbol=AXISBANK/part-083718_378608-039682.parquet,real_data_sample\l2_unseen_validation\trade_date=2026-07-17\exchange=NSE\symbol=AXISBANK\part-083718_378608-039682.parquet,34985,downloaded,34985,
2026-07-17,NSE,AXISBANK,raw_l2/trade_date=2026-07-17/exchange=NSE/symbol=AXISBANK/part-083621_629616-039554.parquet,real_data_sample\l2_unseen_validation\trade_date=2026-07-17\exchange=NSE\symbol=AXISBANK\part-083621_629616-039554.parquet,35681,downloaded,35681,
2026-07-17,NSE,AXISBANK,raw_l2/trade_date=2026-07-17/exchange=NSE/symbol=AXISBANK/part-083746_871538-039746.parquet,real_data_sample\l2_unseen_validation\trade_date=2026-07-17\exchange=NSE\symbol=AXISBANK\part-083746_871538-039746.parquet,35122,downloaded,35122,
2026-07-17,NSE,AXISBANK,raw_l2/trade_date=2026-07-17/exchange=NSE/symbol=AXISBANK/part-083607_130007-039522.parquet,real_data_sample\l2_unseen_validation\trade_date=2026-07-17\exchange=NSE\symbol=AXISBANK\part-083607_130007-039522.parquet,35015,downloaded,35015,
2026-07-17,NSE,AXISBANK,raw_l2/trade_date=2026-07-17/exchange=NSE/symbol=AXISBANK/part-083635_875792-039586.parquet,real_data_sample\l2_unseen_validation\trade_date=2026-07-17\exchange=NSE\symbol=AXISBANK\part-083635_875792-039586.parquet,35843,downloaded,35843,
2026-07-17,NSE,AXISBANK,raw_l2/trade_date=2026-07-17/exchange=NSE/symbol=AXISBANK/part-083456_131932-039362.parquet,real_data_sample\l2_unseen_validation\trade_date=2026-07-17\exchange=NSE\symbol=AXISBANK\part-083456_131932-039362.parquet,35839,downloaded,35839,
2026-07-17,NSE,AXISBANK,raw_l2/trade_date=2026-07-17/exchange=NSE/symbol=AXISBANK/part-083441_882470-039330.parquet,real_data_sample\l2_unseen_validation\trade_date=2026-07-17\exchange=NSE\symbol=AXISBANK\part-083441_882470-039330.parquet,35828,downloaded,35828,
2026-07-17,NSE,AXISBANK,raw_l2/trade_date=2026-07-17/exchange=NSE/symbol=AXISBANK/part-083553_129139-039490.parquet,real_data_sample\l2_unseen_validation\trade_date=2026-07-17\exchange=NSE\symbol=AXISBANK\part-083553_129139-039490.parquet,35064,downloaded,35064,
2026-07-17,NSE,AXISBANK,raw_l2/trade_date=2026-07-17/exchange=NSE/symbol=AXISBANK/part-083524_880779-039426.parquet,real_data_sample\l2_unseen_validation\trade_date=2026-07-17\exchange=NSE\symbol=AXISBANK\part-083524_880779-039426.parquet,34933,downloaded,34933,
2026-07-17,NSE,AXISBANK,raw_l2/trade_date=2026-07-17/exchange=NSE/symbol=AXISBANK/part-083413_141603-039266.parquet,real_data_sample\l2_unseen_validation\trade_date=2026-07-17\exchange=NSE\symbol=AXISBANK\part-083413_141603-039266.parquet,36108,downloaded,36108,
2026-07-17,NSE,AXISBANK,raw_l2/trade_date=2026-07-17/exchange=NSE/symbol=AXISBANK/part-083801_183523-039778.parquet,real_data_sample\l2_unseen_validation\trade_date=2026-07-17\exchange=NSE\symbol=AXISBANK\part-083801_183523-039778.parquet,34997,downloaded,34997,
2026-07-17,NSE,AXISBANK,raw_l2/trade_date=2026-07-17/exchange=NSE/symbol=AXISBANK/part-083427_382547-039298.parquet,real_data_sample\l2_unseen_validation\trade_date=2026-07-17\exchange=NSE\symbol=AXISBANK\part-083427_382547-039298.parquet,35456,downloaded,35456,
2026-07-17,NSE,AXISBANK,raw_l2/trade_date=2026-07-17/exchange=NSE/symbol=AXISBANK/part-083829_663816-039842.parquet,real_data_sample\l2_unseen_validation\trade_date=2026-07-17\exchange=NSE\symbol=AXISBANK\part-083829_663816-039842.parquet,36347,downloaded,36347,
2026-07-17,NSE,AXISBANK,raw_l2/trade_date=2026-07-17/exchange=NSE/symbol=AXISBANK/part-083927_150536-039970.parquet,real_data_sample\l2_unseen_validation\trade_date=2026-07-17\exchange=NSE\symbol=AXISBANK\part-083927_150536-039970.parquet,36192,downloaded,36192,
2026-07-17,NSE,AXISBANK,raw_l2/trade_date=2026-07-17/exchange=NSE/symbol=AXISBANK/part-083858_381292-039906.parquet,real_data_sample\l2_unseen_validation\trade_date=2026-07-17\exchange=NSE\symbol=AXISBANK\part-083858_381292-039906.parquet,35803,downloaded,35803,
2026-07-17,NSE,AXISBANK,raw_l2/trade_date=2026-07-17/exchange=NSE/symbol=AXISBANK/part-083912_878669-039938.parquet,real_data_sample\l2_unseen_validation\trade_date=2026-07-17\exchange=NSE\symbol=AXISBANK\part-083912_878669-039938.parquet,36231,downloaded,36231,
2026-07-17,NSE,AXISBANK,raw_l2/trade_date=2026-07-17/exchange=NSE/symbol=AXISBANK/part-083844_138232-039874.parquet,real_data_sample\l2_unseen_validation\trade_date=2026-07-17\exchange=NSE\symbol=AXISBANK\part-083844_138232-039874.parquet,36070,downloaded,36070,
2026-07-17,NSE,AXISBANK,raw_l2/trade_date=2026-07-17/exchange=NSE/symbol=AXISBANK/part-083941_394517-040002.parquet,real_data_sample\l2_unseen_validation\trade_date=2026-07-17\exchange=NSE\symbol=AXISBANK\part-083941_394517-040002.parquet,35949,downloaded,35949,
2026-07-17,NSE,AXISBANK,raw_l2/trade_date=2026-07-17/exchange=NSE/symbol=AXISBANK/part-083358_886817-039234.parquet,real_data_sample\l2_unseen_validation\trade_date=2026-07-17\exchange=NSE\symbol=AXISBANK\part-083358_886817-039234.parquet,35931,downloaded,35931,
2026-07-17,NSE,AXISBANK,raw_l2/trade_date=2026-07-17/exchange=NSE/symbol=AXISBANK/part-084024_398807-040098.parquet,real_data_sample\l2_unseen_validation\trade_date=2026-07-17\exchange=NSE\symbol=AXISBANK\part-084024_398807-040098.parquet,36047,downloaded,36047,
2026-07-17,NSE,AXISBANK,raw_l2/trade_date=2026-07-17/exchange=NSE/symbol=AXISBANK/part-084010_140896-040066.parquet,real_data_sample\l2_unseen_validation\trade_date=2026-07-17\exchange=NSE\symbol=AXISBANK\part-084010_140896-040066.parquet,36031,downloaded,36031,
2026-07-17,NSE,AXISBANK,raw_l2/trade_date=2026-07-17/exchange=NSE/symbol=AXISBANK/part-084038_634390-040130.parquet,real_data_sample\l2_unseen_validation\trade_date=2026-07-17\exchange=NSE\symbol=AXISBANK\part-084038_634390-040130.parquet,35617,downloaded,35617,
2026-07-17,NSE,AXISBANK,raw_l2/trade_date=2026-07-17/exchange=NSE/symbol=AXISBANK/part-084053_157412-040162.parquet,real_data_sample\l2_unseen_validation\trade_date=2026-07-17\exchange=NSE\symbol=AXISBANK\part-084053_157412-040162.parquet,35691,downloaded,35691,
2026-07-17,NSE,AXISBANK,raw_l2/trade_date=2026-07-17/exchange=NSE/symbol=AXISBANK/part-084135_895033-040258.parquet,real_data_sample\l2_unseen_validation\trade_date=2026-07-17\exchange=NSE\symbol=AXISBANK\part-084135_895033-040258.parquet,36295,downloaded,36295,
2026-07-17,NSE,AXISBANK,raw_l2/trade_date=2026-07-17/exchange=NSE/symbol=AXISBANK/part-084121_382894-040226.parquet,real_data_sample\l2_unseen_validation\trade_date=2026-07-17\exchange=NSE\symbol=AXISBANK\part-084121_382894-040226.parquet,35468,downloaded,35468,
2026-07-17,NSE,AXISBANK,raw_l2/trade_date=2026-07-17/exchange=NSE/symbol=AXISBANK/part-084150_389151-040290.parquet,real_data_sample\l2_unseen_validation\trade_date=2026-07-17\exchange=NSE\symbol=AXISBANK\part-084150_389151-040290.parquet,36565,downloaded,36565,
2026-07-17,NSE,AXISBANK,raw_l2/trade_date=2026-07-17/exchange=NSE/symbol=AXISBANK/part-084219_132884-040354.parquet,real_data_sample\l2_unseen_validation\trade_date=2026-07-17\exchange=NSE\symbol=AXISBANK\part-084219_132884-040354.parquet,35981,downloaded,35981,
2026-07-17,NSE,AXISBANK,raw_l2/trade_date=2026-07-17/exchange=NSE/symbol=AXISBANK/part-084345_400122-040546.parquet,real_data_sample\l2_unseen_validation\trade_date=2026-07-17\exchange=NSE\symbol=AXISBANK\part-084345_400122-040546.parquet,35784,downloaded,35784,
2026-07-17,NSE,AXISBANK,raw_l2/trade_date=2026-07-17/exchange=NSE/symbol=AXISBANK/part-084204_637686-040322.parquet,real_data_sample\l2_unseen_validation\trade_date=2026-07-17\exchange=NSE\symbol=AXISBANK\part-084204_637686-040322.parquet,36463,downloaded,36463,
2026-07-17,NSE,AXISBANK,raw_l2/trade_date=2026-07-17/exchange=NSE/symbol=AXISBANK/part-084233_412440-040386.parquet,real_data_sample\l2_unseen_validation\trade_date=2026-07-17\exchange=NSE\symbol=AXISBANK\part-084233_412440-040386.parquet,35793,downloaded,35793,
2026-07-17,NSE,AXISBANK,raw_l2/trade_date=2026-07-17/exchange=NSE/symbol=AXISBANK/part-083510_646453-039394.parquet,real_data_sample\l2_unseen_validation\trade_date=2026-07-17\exchange=NSE\symbol=AXISBANK\part-083510_646453-039394.parquet,35162,downloaded,35162,
2026-07-17,NSE,AXISBANK,raw_l2/trade_date=2026-07-17/exchange=NSE/symbol=AXISBANK/part-084623_880195-040898.parquet,real_data_sample\l2_unseen_validation\trade_date=2026-07-17\exchange=NSE\symbol=AXISBANK\part-084623_880195-040898.parquet,36433,downloaded,36433,
2026-07-17,NSE,AXISBANK,raw_l2/trade_date=2026-07-17/exchange=NSE/symbol=AXISBANK/part-084428_654608-040642.parquet,real_data_sample\l2_unseen_validation\trade_date=2026-07-17\exchange=NSE\symbol=AXISBANK\part-084428_654608-040642.parquet,35515,downloaded,35515,
2026-07-17,NSE,AXISBANK,raw_l2/trade_date=2026-07-17/exchange=NSE/symbol=AXISBANK/part-084457_383742-040706.parquet,real_data_sample\l2_unseen_validation\trade_date=2026-07-17\exchange=NSE\symbol=AXISBANK\part-084457_383742-040706.parquet,35783,downloaded,35783,
2026-07-17,NSE,AXISBANK,raw_l2/trade_date=2026-07-17/exchange=NSE/symbol=AXISBANK/part-084734_875373-041058.parquet,real_data_sample\l2_unseen_validation\trade_date=2026-07-17\exchange=NSE\symbol=AXISBANK\part-084734_875373-041058.parquet,36159,downloaded,36159,
2026-07-17,NSE,AXISBANK,raw_l2/trade_date=2026-07-17/exchange=NSE/symbol=AXISBANK/part-084414_137632-040610.parquet,real_data_sample\l2_unseen_validation\trade_date=2026-07-17\exchange=NSE\symbol=AXISBANK\part-084414_137632-040610.parquet,36028,downloaded,36028,
2026-07-17,NSE,AXISBANK,raw_l2/trade_date=2026-07-17/exchange=NSE/symbol=AXISBANK/part-084652_385838-040962.parquet,real_data_sample\l2_unseen_validation\trade_date=2026-07-17\exchange=NSE\symbol=AXISBANK\part-084652_385838-040962.parquet,36465,downloaded,36465,
2026-07-17,NSE,AXISBANK,raw_l2/trade_date=2026-07-17/exchange=NSE/symbol=AXISBANK/part-084526_379580-040770.parquet,real_data_sample\l2_unseen_validation\trade_date=2026-07-17\exchange=NSE\symbol=AXISBANK\part-084526_379580-040770.parquet,35819,downloaded,35819,
2026-07-17,NSE,AXISBANK,raw_l2/trade_date=2026-07-17/exchange=NSE/symbol=AXISBANK/part-084247_651032-040418.parquet,real_data_sample\l2_unseen_validation\trade_date=2026-07-17\exchange=NSE\symbol=AXISBANK\part-084247_651032-040418.parquet,35973,downloaded,35973,
2026-07-17,NSE,AXISBANK,raw_l2/trade_date=2026-07-17/exchange=NSE/symbol=AXISBANK/part-084720_880593-041026.parquet,real_data_sample\l2_unseen_validation\trade_date=2026-07-17\exchange=NSE\symbol=AXISBANK\part-084720_880593-041026.parquet,36244,downloaded,36244,
2026-07-17,NSE,AXISBANK,raw_l2/trade_date=2026-07-17/exchange=NSE/symbol=AXISBANK/part-084706_656354-040994.parquet,real_data_sample\l2_unseen_validation\trade_date=2026-07-17\exchange=NSE\symbol=AXISBANK\part-084706_656354-040994.parquet,36156,downloaded,36156,
2026-07-17,NSE,AXISBANK,raw_l2/trade_date=2026-07-17/exchange=NSE/symbol=AXISBANK/part-082257_136936-037762.parquet,real_data_sample\l2_unseen_validation\trade_date=2026-07-17\exchange=NSE\symbol=AXISBANK\part-082257_136936-037762.parquet,36045,downloaded,36045,
2026-07-17,NSE,AXISBANK,raw_l2/trade_date=2026-07-17/exchange=NSE/symbol=AXISBANK/part-084540_883828-040802.parquet,real_data_sample\l2_unseen_validation\trade_date=2026-07-17\exchange=NSE\symbol=AXISBANK\part-084540_883828-040802.parquet,36001,downloaded,36001,
2026-07-17,NSE,AXISBANK,raw_l2/trade_date=2026-07-17/exchange=NSE/symbol=AXISBANK/part-083955_622366-040034.parquet,real_data_sample\l2_unseen_validation\trade_date=2026-07-17\exchange=NSE\symbol=AXISBANK\part-083955_622366-040034.parquet,35997,downloaded,35997,
2026-07-17,NSE,AXISBANK,raw_l2/trade_date=2026-07-17/exchange=NSE/symbol=AXISBANK/part-084359_884149-040578.parquet,real_data_sample\l2_unseen_validation\trade_date=2026-07-17\exchange=NSE\symbol=AXISBANK\part-084359_884149-040578.parquet,35868,downloaded,35868,
2026-07-17,NSE,AXISBANK,raw_l2/trade_date=2026-07-17/exchange=NSE/symbol=AXISBANK/part-084302_130639-040450.parquet,real_data_sample\l2_unseen_validation\trade_date=2026-07-17\exchange=NSE\symbol=AXISBANK\part-084302_130639-040450.parquet,36006,downloaded,36006,
2026-07-17,NSE,AXISBANK,raw_l2/trade_date=2026-07-17/exchange=NSE/symbol=AXISBANK/part-084443_132004-040674.parquet,real_data_sample\l2_unseen_validation\trade_date=2026-07-17\exchange=NSE\symbol=AXISBANK\part-084443_132004-040674.parquet,35681,downloaded,35681,
2026-07-17,NSE,AXISBANK,raw_l2/trade_date=2026-07-17/exchange=NSE/symbol=AXISBANK/part-084316_408133-040482.parquet,real_data_sample\l2_unseen_validation\trade_date=2026-07-17\exchange=NSE\symbol=AXISBANK\part-084316_408133-040482.parquet,36085,downloaded,36085,
2026-07-17,NSE,AXISBANK,raw_l2/trade_date=2026-07-17/exchange=NSE/symbol=AXISBANK/part-083732_624763-039714.parquet,real_data_sample\l2_unseen_validation\trade_date=2026-07-17\exchange=NSE\symbol=AXISBANK\part-083732_624763-039714.parquet,34894,downloaded,34894,
2026-07-17,NSE,AXISBANK,raw_l2/trade_date=2026-07-17/exchange=NSE/symbol=AXISBANK/part-084330_906443-040514.parquet,real_data_sample\l2_unseen_validation\trade_date=2026-07-17\exchange=NSE\symbol=AXISBANK\part-084330_906443-040514.parquet,35906,downloaded,35906,
2026-07-17,NSE,AXISBANK,raw_l2/trade_date=2026-07-17/exchange=NSE/symbol=AXISBANK/part-084609_651847-040866.parquet,real_data_sample\l2_unseen_validation\trade_date=2026-07-17\exchange=NSE\symbol=AXISBANK\part-084609_651847-040866.parquet,36570,downloaded,36570,
2026-07-17,NSE,AXISBANK,raw_l2/trade_date=2026-07-17/exchange=NSE/symbol=AXISBANK/part-084512_128307-040738.parquet,real_data_sample\l2_unseen_validation\trade_date=2026-07-17\exchange=NSE\symbol=AXISBANK\part-084512_128307-040738.parquet,35877,downloaded,35877,
2026-07-17,NSE,AXISBANK,raw_l2/trade_date=2026-07-17/exchange=NSE/symbol=AXISBANK/part-084555_133092-040834.parquet,real_data_sample\l2_unseen_validation\trade_date=2026-07-17\exchange=NSE\symbol=AXISBANK\part-084555_133092-040834.parquet,36264,downloaded,36264,
2026-07-17,NSE,AXISBANK,raw_l2/trade_date=2026-07-17/exchange=NSE/symbol=AXISBANK/part-084749_392956-041090.parquet,real_data_sample\l2_unseen_validation\trade_date=2026-07-17\exchange=NSE\symbol=AXISBANK\part-084749_392956-041090.parquet,36359,downloaded,36359,
2026-07-17,NSE,AXISBANK,raw_l2/trade_date=2026-07-17/exchange=NSE/symbol=AXISBANK/part-084846_637008-041218.parquet,real_data_sample\l2_unseen_validation\trade_date=2026-07-17\exchange=NSE\symbol=AXISBANK\part-084846_637008-041218.parquet,36166,downloaded,36166,
2026-07-17,NSE,AXISBANK,raw_l2/trade_date=2026-07-17/exchange=NSE/symbol=AXISBANK/part-084107_380502-040194.parquet,real_data_sample\l2_unseen_validation\trade_date=2026-07-17\exchange=NSE\symbol=AXISBANK\part-084107_380502-040194.parquet,36053,downloaded,36053,
2026-07-17,NSE,AXISBANK,raw_l2/trade_date=2026-07-17/exchange=NSE/symbol=AXISBANK/part-084803_637258-041122.parquet,real_data_sample\l2_unseen_validation\trade_date=2026-07-17\exchange=NSE\symbol=AXISBANK\part-084803_637258-041122.parquet,36232,downloaded,36232,
2026-07-17,NSE,AXISBANK,raw_l2/trade_date=2026-07-17/exchange=NSE/symbol=AXISBANK/part-084817_883126-041154.parquet,real_data_sample\l2_unseen_validation\trade_date=2026-07-17\exchange=NSE\symbol=AXISBANK\part-084817_883126-041154.parquet,36353,downloaded,36353,
2026-07-17,NSE,AXISBANK,raw_l2/trade_date=2026-07-17/exchange=NSE/symbol=AXISBANK/part-084832_147671-041186.parquet,real_data_sample\l2_unseen_validation\trade_date=2026-07-17\exchange=NSE\symbol=AXISBANK\part-084832_147671-041186.parquet,36319,downloaded,36319,
2026-07-17,NSE,AXISBANK,raw_l2/trade_date=2026-07-17/exchange=NSE/symbol=AXISBANK/part-084901_159706-041250.parquet,real_data_sample\l2_unseen_validation\trade_date=2026-07-17\exchange=NSE\symbol=AXISBANK\part-084901_159706-041250.parquet,36208,downloaded,36208,
2026-07-17,NSE,AXISBANK,raw_l2/trade_date=2026-07-17/exchange=NSE/symbol=AXISBANK/part-084638_158635-040930.parquet,real_data_sample\l2_unseen_validation\trade_date=2026-07-17\exchange=NSE\symbol=AXISBANK\part-084638_158635-040930.parquet,36428,downloaded,36428,
2026-07-17,NSE,AXISBANK,raw_l2/trade_date=2026-07-17/exchange=NSE/symbol=AXISBANK/part-084959_374299-041378.parquet,real_data_sample\l2_unseen_validation\trade_date=2026-07-17\exchange=NSE\symbol=AXISBANK\part-084959_374299-041378.parquet,36520,downloaded,36520,
2026-07-17,NSE,AXISBANK,raw_l2/trade_date=2026-07-17/exchange=NSE/symbol=AXISBANK/part-085028_171223-041442.parquet,real_data_sample\l2_unseen_validation\trade_date=2026-07-17\exchange=NSE\symbol=AXISBANK\part-085028_171223-041442.parquet,36278,downloaded,36278,
2026-07-17,NSE,AXISBANK,raw_l2/trade_date=2026-07-17/exchange=NSE/symbol=AXISBANK/part-084944_915427-041346.parquet,real_data_sample\l2_unseen_validation\trade_date=2026-07-17\exchange=NSE\symbol=AXISBANK\part-084944_915427-041346.parquet,36345,downloaded,36345,
2026-07-17,NSE,AXISBANK,raw_l2/trade_date=2026-07-17/exchange=NSE/symbol=AXISBANK/part-085042_381639-041474.parquet,real_data_sample\l2_unseen_validation\trade_date=2026-07-17\exchange=NSE\symbol=AXISBANK\part-085042_381639-041474.parquet,36302,downloaded,36302,
2026-07-17,NSE,AXISBANK,raw_l2/trade_date=2026-07-17/exchange=NSE/symbol=AXISBANK/part-085126_142920-041570.parquet,real_data_sample\l2_unseen_validation\trade_date=2026-07-17\exchange=NSE\symbol=AXISBANK\part-085126_142920-041570.parquet,35859,downloaded,35859,
2026-07-17,NSE,AXISBANK,raw_l2/trade_date=2026-07-17/exchange=NSE/symbol=AXISBANK/part-085013_909705-041410.parquet,real_data_sample\l2_unseen_validation\trade_date=2026-07-17\exchange=NSE\symbol=AXISBANK\part-085013_909705-041410.parquet,36552,downloaded,36552,
2026-07-17,NSE,AXISBANK,raw_l2/trade_date=2026-07-17/exchange=NSE/symbol=AXISBANK/part-084915_442436-041282.parquet,real_data_sample\l2_unseen_validation\trade_date=2026-07-17\exchange=NSE\symbol=AXISBANK\part-084915_442436-041282.parquet,36398,downloaded,36398,
2026-07-17,NSE,AXISBANK,raw_l2/trade_date=2026-07-17/exchange=NSE/symbol=AXISBANK/part-085407_383185-041922.parquet,real_data_sample\l2_unseen_validation\trade_date=2026-07-17\exchange=NSE\symbol=AXISBANK\part-085407_383185-041922.parquet,36379,downloaded,36379,
2026-07-17,NSE,AXISBANK,raw_l2/trade_date=2026-07-17/exchange=NSE/symbol=AXISBANK/part-085056_890851-041506.parquet,real_data_sample\l2_unseen_validation\trade_date=2026-07-17\exchange=NSE\symbol=AXISBANK\part-085056_890851-041506.parquet,36328,downloaded,36328,
2026-07-17,NSE,AXISBANK,raw_l2/trade_date=2026-07-17/exchange=NSE/symbol=AXISBANK/part-085111_632449-041538.parquet,real_data_sample\l2_unseen_validation\trade_date=2026-07-17\exchange=NSE\symbol=AXISBANK\part-085111_632449-041538.parquet,36262,downloaded,36262,
2026-07-17,NSE,AXISBANK,raw_l2/trade_date=2026-07-17/exchange=NSE/symbol=AXISBANK/part-085253_644537-041762.parquet,real_data_sample\l2_unseen_validation\trade_date=2026-07-17\exchange=NSE\symbol=AXISBANK\part-085253_644537-041762.parquet,35922,downloaded,35922,
2026-07-17,NSE,AXISBANK,raw_l2/trade_date=2026-07-17/exchange=NSE/symbol=AXISBANK/part-085338_906146-041858.parquet,real_data_sample\l2_unseen_validation\trade_date=2026-07-17\exchange=NSE\symbol=AXISBANK\part-085338_906146-041858.parquet,35760,downloaded,35760,
2026-07-17,NSE,AXISBANK,raw_l2/trade_date=2026-07-17/exchange=NSE/symbol=AXISBANK/part-085504_649202-042050.parquet,real_data_sample\l2_unseen_validation\trade_date=2026-07-17\exchange=NSE\symbol=AXISBANK\part-085504_649202-042050.parquet,35908,downloaded,35908,
2026-07-17,NSE,AXISBANK,raw_l2/trade_date=2026-07-17/exchange=NSE/symbol=AXISBANK/part-085308_410169-041794.parquet,real_data_sample\l2_unseen_validation\trade_date=2026-07-17\exchange=NSE\symbol=AXISBANK\part-085308_410169-041794.parquet,35754,downloaded,35754,
2026-07-17,NSE,AXISBANK,raw_l2/trade_date=2026-07-17/exchange=NSE/symbol=AXISBANK/part-085323_876694-041826.parquet,real_data_sample\l2_unseen_validation\trade_date=2026-07-17\exchange=NSE\symbol=AXISBANK\part-085323_876694-041826.parquet,35809,downloaded,35809,
2026-07-17,NSE,AXISBANK,raw_l2/trade_date=2026-07-17/exchange=NSE/symbol=AXISBANK/part-085450_379225-042018.parquet,real_data_sample\l2_unseen_validation\trade_date=2026-07-17\exchange=NSE\symbol=AXISBANK\part-085450_379225-042018.parquet,36366,downloaded,36366,
2026-07-17,NSE,AXISBANK,raw_l2/trade_date=2026-07-17/exchange=NSE/symbol=AXISBANK/part-085154_893098-041634.parquet,real_data_sample\l2_unseen_validation\trade_date=2026-07-17\exchange=NSE\symbol=AXISBANK\part-085154_893098-041634.parquet,35797,downloaded,35797,
2026-07-17,NSE,AXISBANK,raw_l2/trade_date=2026-07-17/exchange=NSE/symbol=AXISBANK/part-085140_380406-041602.parquet,real_data_sample\l2_unseen_validation\trade_date=2026-07-17\exchange=NSE\symbol=AXISBANK\part-085140_380406-041602.parquet,36442,downloaded,36442,
2026-07-17,NSE,AXISBANK,raw_l2/trade_date=2026-07-17/exchange=NSE/symbol=AXISBANK/part-085224_160653-041698.parquet,real_data_sample\l2_unseen_validation\trade_date=2026-07-17\exchange=NSE\symbol=AXISBANK\part-085224_160653-041698.parquet,36164,downloaded,36164,
2026-07-17,NSE,AXISBANK,raw_l2/trade_date=2026-07-17/exchange=NSE/symbol=AXISBANK/part-085435_878203-041986.parquet,real_data_sample\l2_unseen_validation\trade_date=2026-07-17\exchange=NSE\symbol=AXISBANK\part-085435_878203-041986.parquet,36170,downloaded,36170,
2026-07-17,NSE,AXISBANK,raw_l2/trade_date=2026-07-17/exchange=NSE/symbol=AXISBANK/part-085421_631802-041954.parquet,real_data_sample\l2_unseen_validation\trade_date=2026-07-17\exchange=NSE\symbol=AXISBANK\part-085421_631802-041954.parquet,36273,downloaded,36273,
2026-07-17,NSE,AXISBANK,raw_l2/trade_date=2026-07-17/exchange=NSE/symbol=AXISBANK/part-085353_138721-041890.parquet,real_data_sample\l2_unseen_validation\trade_date=2026-07-17\exchange=NSE\symbol=AXISBANK\part-085353_138721-041890.parquet,35997,downloaded,35997,
2026-07-17,NSE,AXISBANK,raw_l2/trade_date=2026-07-17/exchange=NSE/symbol=AXISBANK/part-084930_382619-041314.parquet,real_data_sample\l2_unseen_validation\trade_date=2026-07-17\exchange=NSE\symbol=AXISBANK\part-084930_382619-041314.parquet,36795,downloaded,36795,
2026-07-17,NSE,AXISBANK,raw_l2/trade_date=2026-07-17/exchange=NSE/symbol=AXISBANK/part-085644_127759-042274.parquet,real_data_sample\l2_unseen_validation\trade_date=2026-07-17\exchange=NSE\symbol=AXISBANK\part-085644_127759-042274.parquet,36089,downloaded,36089,
2026-07-17,NSE,AXISBANK,raw_l2/trade_date=2026-07-17/exchange=NSE/symbol=AXISBANK/part-085629_887365-042242.parquet,real_data_sample\l2_unseen_validation\trade_date=2026-07-17\exchange=NSE\symbol=AXISBANK\part-085629_887365-042242.parquet,36077,downloaded,36077,
2026-07-17,NSE,AXISBANK,raw_l2/trade_date=2026-07-17/exchange=NSE/symbol=AXISBANK/part-085547_385955-042146.parquet,real_data_sample\l2_unseen_validation\trade_date=2026-07-17\exchange=NSE\symbol=AXISBANK\part-085547_385955-042146.parquet,36742,downloaded,36742,
2026-07-17,NSE,AXISBANK,raw_l2/trade_date=2026-07-17/exchange=NSE/symbol=AXISBANK/part-085601_629703-042178.parquet,real_data_sample\l2_unseen_validation\trade_date=2026-07-17\exchange=NSE\symbol=AXISBANK\part-085601_629703-042178.parquet,36236,downloaded,36236,
2026-07-17,NSE,AXISBANK,raw_l2/trade_date=2026-07-17/exchange=NSE/symbol=AXISBANK/part-085615_627512-042210.parquet,real_data_sample\l2_unseen_validation\trade_date=2026-07-17\exchange=NSE\symbol=AXISBANK\part-085615_627512-042210.parquet,36218,downloaded,36218,
2026-07-17,NSE,AXISBANK,raw_l2/trade_date=2026-07-17/exchange=NSE/symbol=AXISBANK/part-085518_877505-042082.parquet,real_data_sample\l2_unseen_validation\trade_date=2026-07-17\exchange=NSE\symbol=AXISBANK\part-085518_877505-042082.parquet,36447,downloaded,36447,
2026-07-17,NSE,AXISBANK,raw_l2/trade_date=2026-07-17/exchange=NSE/symbol=AXISBANK/part-085726_872060-042370.parquet,real_data_sample\l2_unseen_validation\trade_date=2026-07-17\exchange=NSE\symbol=AXISBANK\part-085726_872060-042370.parquet,36262,downloaded,36262,
2026-07-17,NSE,AXISBANK,raw_l2/trade_date=2026-07-17/exchange=NSE/symbol=AXISBANK/part-085712_727021-042338.parquet,real_data_sample\l2_unseen_validation\trade_date=2026-07-17\exchange=NSE\symbol=AXISBANK\part-085712_727021-042338.parquet,36296,downloaded,36296,
2026-07-17,NSE,AXISBANK,raw_l2/trade_date=2026-07-17/exchange=NSE/symbol=AXISBANK/part-085658_401181-042306.parquet,real_data_sample\l2_unseen_validation\trade_date=2026-07-17\exchange=NSE\symbol=AXISBANK\part-085658_401181-042306.parquet,36303,downloaded,36303,
2026-07-17,NSE,AXISBANK,raw_l2/trade_date=2026-07-17/exchange=NSE/symbol=AXISBANK/part-085741_141592-042402.parquet,real_data_sample\l2_unseen_validation\trade_date=2026-07-17\exchange=NSE\symbol=AXISBANK\part-085741_141592-042402.parquet,36582,downloaded,36582,
2026-07-17,NSE,AXISBANK,raw_l2/trade_date=2026-07-17/exchange=NSE/symbol=AXISBANK/part-085853_391057-042562.parquet,real_data_sample\l2_unseen_validation\trade_date=2026-07-17\exchange=NSE\symbol=AXISBANK\part-085853_391057-042562.parquet,36175,downloaded,36175,
2026-07-17,NSE,AXISBANK,raw_l2/trade_date=2026-07-17/exchange=NSE/symbol=AXISBANK/part-085810_138602-042466.parquet,real_data_sample\l2_unseen_validation\trade_date=2026-07-17\exchange=NSE\symbol=AXISBANK\part-085810_138602-042466.parquet,36609,downloaded,36609,
2026-07-17,NSE,AXISBANK,raw_l2/trade_date=2026-07-17/exchange=NSE/symbol=AXISBANK/part-085951_886733-042690.parquet,real_data_sample\l2_unseen_validation\trade_date=2026-07-17\exchange=NSE\symbol=AXISBANK\part-085951_886733-042690.parquet,36367,downloaded,36367,
2026-07-17,NSE,AXISBANK,raw_l2/trade_date=2026-07-17/exchange=NSE/symbol=AXISBANK/part-085755_657932-042434.parquet,real_data_sample\l2_unseen_validation\trade_date=2026-07-17\exchange=NSE\symbol=AXISBANK\part-085755_657932-042434.parquet,36693,downloaded,36693,
2026-07-17,NSE,AXISBANK,raw_l2/trade_date=2026-07-17/exchange=NSE/symbol=AXISBANK/part-085824_393422-042498.parquet,real_data_sample\l2_unseen_validation\trade_date=2026-07-17\exchange=NSE\symbol=AXISBANK\part-085824_393422-042498.parquet,36345,downloaded,36345,
2026-07-17,NSE,AXISBANK,raw_l2/trade_date=2026-07-17/exchange=NSE/symbol=AXISBANK/part-090049_641580-042818.parquet,real_data_sample\l2_unseen_validation\trade_date=2026-07-17\exchange=NSE\symbol=AXISBANK\part-090049_641580-042818.parquet,36098,downloaded,36098,
2026-07-17,NSE,AXISBANK,raw_l2/trade_date=2026-07-17/exchange=NSE/symbol=AXISBANK/part-085838_885844-042530.parquet,real_data_sample\l2_unseen_validation\trade_date=2026-07-17\exchange=NSE\symbol=AXISBANK\part-085838_885844-042530.parquet,36134,downloaded,36134,
2026-07-17,NSE,AXISBANK,raw_l2/trade_date=2026-07-17/exchange=NSE/symbol=AXISBANK/part-090006_381312-042722.parquet,real_data_sample\l2_unseen_validation\trade_date=2026-07-17\exchange=NSE\symbol=AXISBANK\part-090006_381312-042722.parquet,36411,downloaded,36411,
2026-07-17,NSE,AXISBANK,raw_l2/trade_date=2026-07-17/exchange=NSE/symbol=AXISBANK/part-085209_640069-041666.parquet,real_data_sample\l2_unseen_validation\trade_date=2026-07-17\exchange=NSE\symbol=AXISBANK\part-085209_640069-041666.parquet,36044,downloaded,36044,
2026-07-17,NSE,AXISBANK,raw_l2/trade_date=2026-07-17/exchange=NSE/symbol=AXISBANK/part-085238_885196-041730.parquet,real_data_sample\l2_unseen_validation\trade_date=2026-07-17\exchange=NSE\symbol=AXISBANK\part-085238_885196-041730.parquet,35841,downloaded,35841,
2026-07-17,NSE,AXISBANK,raw_l2/trade_date=2026-07-17/exchange=NSE/symbol=AXISBANK/part-090104_381896-042850.parquet,real_data_sample\l2_unseen_validation\trade_date=2026-07-17\exchange=NSE\symbol=AXISBANK\part-090104_381896-042850.parquet,36357,downloaded,36357,
2026-07-17,NSE,AXISBANK,raw_l2/trade_date=2026-07-17/exchange=NSE/symbol=AXISBANK/part-085922_394984-042626.parquet,real_data_sample\l2_unseen_validation\trade_date=2026-07-17\exchange=NSE\symbol=AXISBANK\part-085922_394984-042626.parquet,36085,downloaded,36085,
2026-07-17,NSE,AXISBANK,raw_l2/trade_date=2026-07-17/exchange=NSE/symbol=AXISBANK/part-085937_147298-042658.parquet,real_data_sample\l2_unseen_validation\trade_date=2026-07-17\exchange=NSE\symbol=AXISBANK\part-085937_147298-042658.parquet,35846,downloaded,35846,
2026-07-17,NSE,AXISBANK,raw_l2/trade_date=2026-07-17/exchange=NSE/symbol=AXISBANK/part-085907_887929-042594.parquet,real_data_sample\l2_unseen_validation\trade_date=2026-07-17\exchange=NSE\symbol=AXISBANK\part-085907_887929-042594.parquet,36050,downloaded,36050,
2026-07-17,NSE,AXISBANK,raw_l2/trade_date=2026-07-17/exchange=NSE/symbol=AXISBANK/part-090020_894306-042754.parquet,real_data_sample\l2_unseen_validation\trade_date=2026-07-17\exchange=NSE\symbol=AXISBANK\part-090020_894306-042754.parquet,36176,downloaded,36176,
2026-07-17,NSE,AXISBANK,raw_l2/trade_date=2026-07-17/exchange=NSE/symbol=AXISBANK/part-090035_149731-042786.parquet,real_data_sample\l2_unseen_validation\trade_date=2026-07-17\exchange=NSE\symbol=AXISBANK\part-090035_149731-042786.parquet,35810,downloaded,35810,
2026-07-17,NSE,AXISBANK,raw_l2/trade_date=2026-07-17/exchange=NSE/symbol=AXISBANK/part-090118_882372-042882.parquet,real_data_sample\l2_unseen_validation\trade_date=2026-07-17\exchange=NSE\symbol=AXISBANK\part-090118_882372-042882.parquet,36226,downloaded,36226,
2026-07-17,NSE,AXISBANK,raw_l2/trade_date=2026-07-17/exchange=NSE/symbol=AXISBANK/part-090133_384169-042914.parquet,real_data_sample\l2_unseen_validation\trade_date=2026-07-17\exchange=NSE\symbol=AXISBANK\part-090133_384169-042914.parquet,36309,downloaded,36309,
2026-07-17,NSE,AXISBANK,raw_l2/trade_date=2026-07-17/exchange=NSE/symbol=AXISBANK/part-090147_879009-042946.parquet,real_data_sample\l2_unseen_validation\trade_date=2026-07-17\exchange=NSE\symbol=AXISBANK\part-090147_879009-042946.parquet,35970,downloaded,35970,
2026-07-17,NSE,AXISBANK,raw_l2/trade_date=2026-07-17/exchange=NSE/symbol=AXISBANK/part-090245_134216-043074.parquet,real_data_sample\l2_unseen_validation\trade_date=2026-07-17\exchange=NSE\symbol=AXISBANK\part-090245_134216-043074.parquet,36203,downloaded,36203,
2026-07-17,NSE,AXISBANK,raw_l2/trade_date=2026-07-17/exchange=NSE/symbol=AXISBANK/part-090230_647210-043042.parquet,real_data_sample\l2_unseen_validation\trade_date=2026-07-17\exchange=NSE\symbol=AXISBANK\part-090230_647210-043042.parquet,36363,downloaded,36363,
2026-07-17,NSE,AXISBANK,raw_l2/trade_date=2026-07-17/exchange=NSE/symbol=AXISBANK/part-090259_420147-043106.parquet,real_data_sample\l2_unseen_validation\trade_date=2026-07-17\exchange=NSE\symbol=AXISBANK\part-090259_420147-043106.parquet,36543,downloaded,36543,
2026-07-17,NSE,AXISBANK,raw_l2/trade_date=2026-07-17/exchange=NSE/symbol=AXISBANK/part-085533_132812-042114.parquet,real_data_sample\l2_unseen_validation\trade_date=2026-07-17\exchange=NSE\symbol=AXISBANK\part-085533_132812-042114.parquet,36289,downloaded,36289,
2026-07-17,NSE,AXISBANK,raw_l2/trade_date=2026-07-17/exchange=NSE/symbol=AXISBANK/part-090343_145308-043202.parquet,real_data_sample\l2_unseen_validation\trade_date=2026-07-17\exchange=NSE\symbol=AXISBANK\part-090343_145308-043202.parquet,36250,downloaded,36250,
2026-07-17,NSE,AXISBANK,raw_l2/trade_date=2026-07-17/exchange=NSE/symbol=AXISBANK/part-090456_140952-043362.parquet,real_data_sample\l2_unseen_validation\trade_date=2026-07-17\exchange=NSE\symbol=AXISBANK\part-090456_140952-043362.parquet,36163,downloaded,36163,
2026-07-17,NSE,AXISBANK,raw_l2/trade_date=2026-07-17/exchange=NSE/symbol=AXISBANK/part-090510_878425-043394.parquet,real_data_sample\l2_unseen_validation\trade_date=2026-07-17\exchange=NSE\symbol=AXISBANK\part-090510_878425-043394.parquet,36049,downloaded,36049,
2026-07-17,NSE,AXISBANK,raw_l2/trade_date=2026-07-17/exchange=NSE/symbol=AXISBANK/part-090313_909663-043138.parquet,real_data_sample\l2_unseen_validation\trade_date=2026-07-17\exchange=NSE\symbol=AXISBANK\part-090313_909663-043138.parquet,36230,downloaded,36230,
2026-07-17,NSE,AXISBANK,raw_l2/trade_date=2026-07-17/exchange=NSE/symbol=AXISBANK/part-090328_387614-043170.parquet,real_data_sample\l2_unseen_validation\trade_date=2026-07-17\exchange=NSE\symbol=AXISBANK\part-090328_387614-043170.parquet,36287,downloaded,36287,
2026-07-17,NSE,AXISBANK,raw_l2/trade_date=2026-07-17/exchange=NSE/symbol=AXISBANK/part-090525_359572-043426.parquet,real_data_sample\l2_unseen_validation\trade_date=2026-07-17\exchange=NSE\symbol=AXISBANK\part-090525_359572-043426.parquet,36580,downloaded,36580,
2026-07-17,NSE,AXISBANK,raw_l2/trade_date=2026-07-17/exchange=NSE/symbol=AXISBANK/part-090358_106922-043234.parquet,real_data_sample\l2_unseen_validation\trade_date=2026-07-17\exchange=NSE\symbol=AXISBANK\part-090358_106922-043234.parquet,36160,downloaded,36160,
2026-07-17,NSE,AXISBANK,raw_l2/trade_date=2026-07-17/exchange=NSE/symbol=AXISBANK/part-090426_608573-043298.parquet,real_data_sample\l2_unseen_validation\trade_date=2026-07-17\exchange=NSE\symbol=AXISBANK\part-090426_608573-043298.parquet,35886,downloaded,35886,
2026-07-17,NSE,AXISBANK,raw_l2/trade_date=2026-07-17/exchange=NSE/symbol=AXISBANK/part-090554_103235-043490.parquet,real_data_sample\l2_unseen_validation\trade_date=2026-07-17\exchange=NSE\symbol=AXISBANK\part-090554_103235-043490.parquet,35762,downloaded,35762,
2026-07-17,NSE,AXISBANK,raw_l2/trade_date=2026-07-17/exchange=NSE/symbol=AXISBANK/part-090539_848640-043458.parquet,real_data_sample\l2_unseen_validation\trade_date=2026-07-17\exchange=NSE\symbol=AXISBANK\part-090539_848640-043458.parquet,36623,downloaded,36623,
2026-07-17,NSE,AXISBANK,raw_l2/trade_date=2026-07-17/exchange=NSE/symbol=AXISBANK/part-090608_357101-043522.parquet,real_data_sample\l2_unseen_validation\trade_date=2026-07-17\exchange=NSE\symbol=AXISBANK\part-090608_357101-043522.parquet,35994,downloaded,35994,
2026-07-17,NSE,AXISBANK,raw_l2/trade_date=2026-07-17/exchange=NSE/symbol=AXISBANK/part-090216_381679-043010.parquet,real_data_sample\l2_unseen_validation\trade_date=2026-07-17\exchange=NSE\symbol=AXISBANK\part-090216_381679-043010.parquet,36565,downloaded,36565,
2026-07-17,NSE,AXISBANK,raw_l2/trade_date=2026-07-17/exchange=NSE/symbol=AXISBANK/part-090847_883865-043874.parquet,real_data_sample\l2_unseen_validation\trade_date=2026-07-17\exchange=NSE\symbol=AXISBANK\part-090847_883865-043874.parquet,36372,downloaded,36372,
2026-07-17,NSE,AXISBANK,raw_l2/trade_date=2026-07-17/exchange=NSE/symbol=AXISBANK/part-090720_870798-043682.parquet,real_data_sample\l2_unseen_validation\trade_date=2026-07-17\exchange=NSE\symbol=AXISBANK\part-090720_870798-043682.parquet,36296,downloaded,36296,
2026-07-17,NSE,AXISBANK,raw_l2/trade_date=2026-07-17/exchange=NSE/symbol=AXISBANK/part-090637_357403-043586.parquet,real_data_sample\l2_unseen_validation\trade_date=2026-07-17\exchange=NSE\symbol=AXISBANK\part-090637_357403-043586.parquet,36273,downloaded,36273,
2026-07-17,NSE,AXISBANK,raw_l2/trade_date=2026-07-17/exchange=NSE/symbol=AXISBANK/part-090803_910461-043778.parquet,real_data_sample\l2_unseen_validation\trade_date=2026-07-17\exchange=NSE\symbol=AXISBANK\part-090803_910461-043778.parquet,35945,downloaded,35945,
2026-07-17,NSE,AXISBANK,raw_l2/trade_date=2026-07-17/exchange=NSE/symbol=AXISBANK/part-090735_108574-043714.parquet,real_data_sample\l2_unseen_validation\trade_date=2026-07-17\exchange=NSE\symbol=AXISBANK\part-090735_108574-043714.parquet,36029,downloaded,36029,
2026-07-17,NSE,AXISBANK,raw_l2/trade_date=2026-07-17/exchange=NSE/symbol=AXISBANK/part-090441_394296-043330.parquet,real_data_sample\l2_unseen_validation\trade_date=2026-07-17\exchange=NSE\symbol=AXISBANK\part-090441_394296-043330.parquet,36205,downloaded,36205,
2026-07-17,NSE,AXISBANK,raw_l2/trade_date=2026-07-17/exchange=NSE/symbol=AXISBANK/part-090749_371548-043746.parquet,real_data_sample\l2_unseen_validation\trade_date=2026-07-17\exchange=NSE\symbol=AXISBANK\part-090749_371548-043746.parquet,36048,downloaded,36048,
2026-07-17,NSE,AXISBANK,raw_l2/trade_date=2026-07-17/exchange=NSE/symbol=AXISBANK/part-090622_870972-043554.parquet,real_data_sample\l2_unseen_validation\trade_date=2026-07-17\exchange=NSE\symbol=AXISBANK\part-090622_870972-043554.parquet,36042,downloaded,36042,
2026-07-17,NSE,AXISBANK,raw_l2/trade_date=2026-07-17/exchange=NSE/symbol=AXISBANK/part-090412_355724-043266.parquet,real_data_sample\l2_unseen_validation\trade_date=2026-07-17\exchange=NSE\symbol=AXISBANK\part-090412_355724-043266.parquet,36352,downloaded,36352,
2026-07-17,NSE,AXISBANK,raw_l2/trade_date=2026-07-17/exchange=NSE/symbol=AXISBANK/part-090202_145055-042978.parquet,real_data_sample\l2_unseen_validation\trade_date=2026-07-17\exchange=NSE\symbol=AXISBANK\part-090202_145055-042978.parquet,36358,downloaded,36358,
2026-07-17,NSE,AXISBANK,raw_l2/trade_date=2026-07-17/exchange=NSE/symbol=AXISBANK/part-090706_362162-043650.parquet,real_data_sample\l2_unseen_validation\trade_date=2026-07-17\exchange=NSE\symbol=AXISBANK\part-090706_362162-043650.parquet,35991,downloaded,35991,
2026-07-17,NSE,AXISBANK,raw_l2/trade_date=2026-07-17/exchange=NSE/symbol=AXISBANK/part-090902_433214-043906.parquet,real_data_sample\l2_unseen_validation\trade_date=2026-07-17\exchange=NSE\symbol=AXISBANK\part-090902_433214-043906.parquet,35827,downloaded,35827,
2026-07-17,NSE,AXISBANK,raw_l2/trade_date=2026-07-17/exchange=NSE/symbol=AXISBANK/part-090932_415955-043970.parquet,real_data_sample\l2_unseen_validation\trade_date=2026-07-17\exchange=NSE\symbol=AXISBANK\part-090932_415955-043970.parquet,36240,downloaded,36240,
2026-07-17,NSE,AXISBANK,raw_l2/trade_date=2026-07-17/exchange=NSE/symbol=AXISBANK/part-090917_438550-043938.parquet,real_data_sample\l2_unseen_validation\trade_date=2026-07-17\exchange=NSE\symbol=AXISBANK\part-090917_438550-043938.parquet,36069,downloaded,36069,
2026-07-17,NSE,AXISBANK,raw_l2/trade_date=2026-07-17/exchange=NSE/symbol=AXISBANK/part-090947_143018-044002.parquet,real_data_sample\l2_unseen_validation\trade_date=2026-07-17\exchange=NSE\symbol=AXISBANK\part-090947_143018-044002.parquet,36206,downloaded,36206,
2026-07-17,NSE,AXISBANK,raw_l2/trade_date=2026-07-17/exchange=NSE/symbol=AXISBANK/part-091002_906519-044034.parquet,real_data_sample\l2_unseen_validation\trade_date=2026-07-17\exchange=NSE\symbol=AXISBANK\part-091002_906519-044034.parquet,35935,downloaded,35935,
2026-07-17,NSE,AXISBANK,raw_l2/trade_date=2026-07-17/exchange=NSE/symbol=AXISBANK/part-090818_628738-043810.parquet,real_data_sample\l2_unseen_validation\trade_date=2026-07-17\exchange=NSE\symbol=AXISBANK\part-090818_628738-043810.parquet,36282,downloaded,36282,
2026-07-17,NSE,AXISBANK,raw_l2/trade_date=2026-07-17/exchange=NSE/symbol=AXISBANK/part-090833_136045-043842.parquet,real_data_sample\l2_unseen_validation\trade_date=2026-07-17\exchange=NSE\symbol=AXISBANK\part-090833_136045-043842.parquet,35683,downloaded,35683,
2026-07-17,NSE,AXISBANK,raw_l2/trade_date=2026-07-17/exchange=NSE/symbol=AXISBANK/part-091046_667785-044130.parquet,real_data_sample\l2_unseen_validation\trade_date=2026-07-17\exchange=NSE\symbol=AXISBANK\part-091046_667785-044130.parquet,35839,downloaded,35839,
2026-07-17,NSE,AXISBANK,raw_l2/trade_date=2026-07-17/exchange=NSE/symbol=AXISBANK/part-091031_884386-044098.parquet,real_data_sample\l2_unseen_validation\trade_date=2026-07-17\exchange=NSE\symbol=AXISBANK\part-091031_884386-044098.parquet,36185,downloaded,36185,
2026-07-17,NSE,AXISBANK,raw_l2/trade_date=2026-07-17/exchange=NSE/symbol=AXISBANK/part-091130_887572-044226.parquet,real_data_sample\l2_unseen_validation\trade_date=2026-07-17\exchange=NSE\symbol=AXISBANK\part-091130_887572-044226.parquet,36516,downloaded,36516,
2026-07-17,NSE,AXISBANK,raw_l2/trade_date=2026-07-17/exchange=NSE/symbol=AXISBANK/part-091101_388472-044162.parquet,real_data_sample\l2_unseen_validation\trade_date=2026-07-17\exchange=NSE\symbol=AXISBANK\part-091101_388472-044162.parquet,35598,downloaded,35598,
2026-07-17,NSE,AXISBANK,raw_l2/trade_date=2026-07-17/exchange=NSE/symbol=AXISBANK/part-091115_880174-044194.parquet,real_data_sample\l2_unseen_validation\trade_date=2026-07-17\exchange=NSE\symbol=AXISBANK\part-091115_880174-044194.parquet,36091,downloaded,36091,
2026-07-17,NSE,AXISBANK,raw_l2/trade_date=2026-07-17/exchange=NSE/symbol=AXISBANK/part-091145_386675-044258.parquet,real_data_sample\l2_unseen_validation\trade_date=2026-07-17\exchange=NSE\symbol=AXISBANK\part-091145_386675-044258.parquet,35944,downloaded,35944,
2026-07-17,NSE,AXISBANK,raw_l2/trade_date=2026-07-17/exchange=NSE/symbol=AXISBANK/part-091214_661670-044322.parquet,real_data_sample\l2_unseen_validation\trade_date=2026-07-17\exchange=NSE\symbol=AXISBANK\part-091214_661670-044322.parquet,36114,downloaded,36114,
2026-07-17,NSE,AXISBANK,raw_l2/trade_date=2026-07-17/exchange=NSE/symbol=AXISBANK/part-091441_150220-044642.parquet,real_data_sample\l2_unseen_validation\trade_date=2026-07-17\exchange=NSE\symbol=AXISBANK\part-091441_150220-044642.parquet,36051,downloaded,36051,
2026-07-17,NSE,AXISBANK,raw_l2/trade_date=2026-07-17/exchange=NSE/symbol=AXISBANK/part-091343_377696-044514.parquet,real_data_sample\l2_unseen_validation\trade_date=2026-07-17\exchange=NSE\symbol=AXISBANK\part-091343_377696-044514.parquet,36073,downloaded,36073,
2026-07-17,NSE,AXISBANK,raw_l2/trade_date=2026-07-17/exchange=NSE/symbol=AXISBANK/part-091259_637164-044418.parquet,real_data_sample\l2_unseen_validation\trade_date=2026-07-17\exchange=NSE\symbol=AXISBANK\part-091259_637164-044418.parquet,35931,downloaded,35931,
2026-07-17,NSE,AXISBANK,raw_l2/trade_date=2026-07-17/exchange=NSE/symbol=AXISBANK/part-091159_895477-044290.parquet,real_data_sample\l2_unseen_validation\trade_date=2026-07-17\exchange=NSE\symbol=AXISBANK\part-091159_895477-044290.parquet,35922,downloaded,35922,
2026-07-17,NSE,AXISBANK,raw_l2/trade_date=2026-07-17/exchange=NSE/symbol=AXISBANK/part-091412_380354-044578.parquet,real_data_sample\l2_unseen_validation\trade_date=2026-07-17\exchange=NSE\symbol=AXISBANK\part-091412_380354-044578.parquet,36596,downloaded,36596,
2026-07-17,NSE,AXISBANK,raw_l2/trade_date=2026-07-17/exchange=NSE/symbol=AXISBANK/part-091328_876982-044482.parquet,real_data_sample\l2_unseen_validation\trade_date=2026-07-17\exchange=NSE\symbol=AXISBANK\part-091328_876982-044482.parquet,36851,downloaded,36851,
2026-07-17,NSE,AXISBANK,raw_l2/trade_date=2026-07-17/exchange=NSE/symbol=AXISBANK/part-091357_878568-044546.parquet,real_data_sample\l2_unseen_validation\trade_date=2026-07-17\exchange=NSE\symbol=AXISBANK\part-091357_878568-044546.parquet,36264,downloaded,36264,
2026-07-17,NSE,AXISBANK,raw_l2/trade_date=2026-07-17/exchange=NSE/symbol=AXISBANK/part-091314_388973-044450.parquet,real_data_sample\l2_unseen_validation\trade_date=2026-07-17\exchange=NSE\symbol=AXISBANK\part-091314_388973-044450.parquet,36890,downloaded,36890,
2026-07-17,NSE,AXISBANK,raw_l2/trade_date=2026-07-17/exchange=NSE/symbol=AXISBANK/part-091426_655822-044610.parquet,real_data_sample\l2_unseen_validation\trade_date=2026-07-17\exchange=NSE\symbol=AXISBANK\part-091426_655822-044610.parquet,36314,downloaded,36314,
2026-07-17,NSE,AXISBANK,raw_l2/trade_date=2026-07-17/exchange=NSE/symbol=AXISBANK/part-091245_384973-044386.parquet,real_data_sample\l2_unseen_validation\trade_date=2026-07-17\exchange=NSE\symbol=AXISBANK\part-091245_384973-044386.parquet,36828,downloaded,36828,
2026-07-17,NSE,AXISBANK,raw_l2/trade_date=2026-07-17/exchange=NSE/symbol=AXISBANK/part-091230_188694-044354.parquet,real_data_sample\l2_unseen_validation\trade_date=2026-07-17\exchange=NSE\symbol=AXISBANK\part-091230_188694-044354.parquet,36295,downloaded,36295,
2026-07-17,NSE,AXISBANK,raw_l2/trade_date=2026-07-17/exchange=NSE/symbol=AXISBANK/part-091455_378327-044674.parquet,real_data_sample\l2_unseen_validation\trade_date=2026-07-17\exchange=NSE\symbol=AXISBANK\part-091455_378327-044674.parquet,36058,downloaded,36058,
2026-07-17,NSE,AXISBANK,raw_l2/trade_date=2026-07-17/exchange=NSE/symbol=AXISBANK/part-091524_139730-044738.parquet,real_data_sample\l2_unseen_validation\trade_date=2026-07-17\exchange=NSE\symbol=AXISBANK\part-091524_139730-044738.parquet,35579,downloaded,35579,
2026-07-17,NSE,AXISBANK,raw_l2/trade_date=2026-07-17/exchange=NSE/symbol=AXISBANK/part-091509_886097-044706.parquet,real_data_sample\l2_unseen_validation\trade_date=2026-07-17\exchange=NSE\symbol=AXISBANK\part-091509_886097-044706.parquet,35950,downloaded,35950,
2026-07-17,NSE,AXISBANK,raw_l2/trade_date=2026-07-17/exchange=NSE/symbol=AXISBANK/part-091538_388482-044770.parquet,real_data_sample\l2_unseen_validation\trade_date=2026-07-17\exchange=NSE\symbol=AXISBANK\part-091538_388482-044770.parquet,36180,downloaded,36180,
2026-07-17,NSE,AXISBANK,raw_l2/trade_date=2026-07-17/exchange=NSE/symbol=AXISBANK/part-091801_392029-045090.parquet,real_data_sample\l2_unseen_validation\trade_date=2026-07-17\exchange=NSE\symbol=AXISBANK\part-091801_392029-045090.parquet,36671,downloaded,36671,
2026-07-17,NSE,AXISBANK,raw_l2/trade_date=2026-07-17/exchange=NSE/symbol=AXISBANK/part-091650_629566-044930.parquet,real_data_sample\l2_unseen_validation\trade_date=2026-07-17\exchange=NSE\symbol=AXISBANK\part-091650_629566-044930.parquet,35984,downloaded,35984,
2026-07-17,NSE,AXISBANK,raw_l2/trade_date=2026-07-17/exchange=NSE/symbol=AXISBANK/part-090651_858218-043618.parquet,real_data_sample\l2_unseen_validation\trade_date=2026-07-17\exchange=NSE\symbol=AXISBANK\part-090651_858218-043618.parquet,36460,downloaded,36460,
2026-07-17,NSE,AXISBANK,raw_l2/trade_date=2026-07-17/exchange=NSE/symbol=AXISBANK/part-091622_160993-044866.parquet,real_data_sample\l2_unseen_validation\trade_date=2026-07-17\exchange=NSE\symbol=AXISBANK\part-091622_160993-044866.parquet,36158,downloaded,36158,
2026-07-17,NSE,AXISBANK,raw_l2/trade_date=2026-07-17/exchange=NSE/symbol=AXISBANK/part-091747_374973-045058.parquet,real_data_sample\l2_unseen_validation\trade_date=2026-07-17\exchange=NSE\symbol=AXISBANK\part-091747_374973-045058.parquet,36570,downloaded,36570,
2026-07-17,NSE,AXISBANK,raw_l2/trade_date=2026-07-17/exchange=NSE/symbol=AXISBANK/part-091816_145662-045122.parquet,real_data_sample\l2_unseen_validation\trade_date=2026-07-17\exchange=NSE\symbol=AXISBANK\part-091816_145662-045122.parquet,36297,downloaded,36297,
2026-07-17,NSE,AXISBANK,raw_l2/trade_date=2026-07-17/exchange=NSE/symbol=AXISBANK/part-091704_902110-044962.parquet,real_data_sample\l2_unseen_validation\trade_date=2026-07-17\exchange=NSE\symbol=AXISBANK\part-091704_902110-044962.parquet,36865,downloaded,36865,
2026-07-17,NSE,AXISBANK,raw_l2/trade_date=2026-07-17/exchange=NSE/symbol=AXISBANK/part-091607_643537-044834.parquet,real_data_sample\l2_unseen_validation\trade_date=2026-07-17\exchange=NSE\symbol=AXISBANK\part-091607_643537-044834.parquet,36331,downloaded,36331,
2026-07-17,NSE,AXISBANK,raw_l2/trade_date=2026-07-17/exchange=NSE/symbol=AXISBANK/part-091017_405719-044066.parquet,real_data_sample\l2_unseen_validation\trade_date=2026-07-17\exchange=NSE\symbol=AXISBANK\part-091017_405719-044066.parquet,35949,downloaded,35949,
2026-07-17,NSE,AXISBANK,raw_l2/trade_date=2026-07-17/exchange=NSE/symbol=AXISBANK/part-091636_383855-044898.parquet,real_data_sample\l2_unseen_validation\trade_date=2026-07-17\exchange=NSE\symbol=AXISBANK\part-091636_383855-044898.parquet,36126,downloaded,36126,
2026-07-17,NSE,AXISBANK,raw_l2/trade_date=2026-07-17/exchange=NSE/symbol=AXISBANK/part-091913_904434-045250.parquet,real_data_sample\l2_unseen_validation\trade_date=2026-07-17\exchange=NSE\symbol=AXISBANK\part-091913_904434-045250.parquet,37011,downloaded,37011,
2026-07-17,NSE,AXISBANK,raw_l2/trade_date=2026-07-17/exchange=NSE/symbol=AXISBANK/part-091830_380334-045154.parquet,real_data_sample\l2_unseen_validation\trade_date=2026-07-17\exchange=NSE\symbol=AXISBANK\part-091830_380334-045154.parquet,36801,downloaded,36801,
2026-07-17,NSE,AXISBANK,raw_l2/trade_date=2026-07-17/exchange=NSE/symbol=AXISBANK/part-091844_888025-045186.parquet,real_data_sample\l2_unseen_validation\trade_date=2026-07-17\exchange=NSE\symbol=AXISBANK\part-091844_888025-045186.parquet,36560,downloaded,36560,
2026-07-17,NSE,AXISBANK,raw_l2/trade_date=2026-07-17/exchange=NSE/symbol=AXISBANK/part-091859_153180-045218.parquet,real_data_sample\l2_unseen_validation\trade_date=2026-07-17\exchange=NSE\symbol=AXISBANK\part-091859_153180-045218.parquet,36686,downloaded,36686,
2026-07-17,NSE,AXISBANK,raw_l2/trade_date=2026-07-17/exchange=NSE/symbol=AXISBANK/part-091552_890144-044802.parquet,real_data_sample\l2_unseen_validation\trade_date=2026-07-17\exchange=NSE\symbol=AXISBANK\part-091552_890144-044802.parquet,36442,downloaded,36442,
2026-07-17,NSE,AXISBANK,raw_l2/trade_date=2026-07-17/exchange=NSE/symbol=AXISBANK/part-091719_129088-044994.parquet,real_data_sample\l2_unseen_validation\trade_date=2026-07-17\exchange=NSE\symbol=AXISBANK\part-091719_129088-044994.parquet,36122,downloaded,36122,
2026-07-17,NSE,AXISBANK,raw_l2/trade_date=2026-07-17/exchange=NSE/symbol=AXISBANK/part-091733_179639-045026.parquet,real_data_sample\l2_unseen_validation\trade_date=2026-07-17\exchange=NSE\symbol=AXISBANK\part-091733_179639-045026.parquet,36478,downloaded,36478,
2026-07-17,NSE,AXISBANK,raw_l2/trade_date=2026-07-17/exchange=NSE/symbol=AXISBANK/part-091928_136826-045282.parquet,real_data_sample\l2_unseen_validation\trade_date=2026-07-17\exchange=NSE\symbol=AXISBANK\part-091928_136826-045282.parquet,36874,downloaded,36874,
2026-07-17,NSE,AXISBANK,raw_l2/trade_date=2026-07-17/exchange=NSE/symbol=AXISBANK/part-091942_381895-045314.parquet,real_data_sample\l2_unseen_validation\trade_date=2026-07-17\exchange=NSE\symbol=AXISBANK\part-091942_381895-045314.parquet,36331,downloaded,36331,
2026-07-17,NSE,AXISBANK,raw_l2/trade_date=2026-07-17/exchange=NSE/symbol=AXISBANK/part-092011_128688-045378.parquet,real_data_sample\l2_unseen_validation\trade_date=2026-07-17\exchange=NSE\symbol=AXISBANK\part-092011_128688-045378.parquet,36340,downloaded,36340,
2026-07-17,NSE,AXISBANK,raw_l2/trade_date=2026-07-17/exchange=NSE/symbol=AXISBANK/part-091956_639956-045346.parquet,real_data_sample\l2_unseen_validation\trade_date=2026-07-17\exchange=NSE\symbol=AXISBANK\part-091956_639956-045346.parquet,36118,downloaded,36118,
2026-07-17,NSE,AXISBANK,raw_l2/trade_date=2026-07-17/exchange=NSE/symbol=AXISBANK/part-092025_125160-045410.parquet,real_data_sample\l2_unseen_validation\trade_date=2026-07-17\exchange=NSE\symbol=AXISBANK\part-092025_125160-045410.parquet,36000,downloaded,36000,
2026-07-17,NSE,AXISBANK,raw_l2/trade_date=2026-07-17/exchange=NSE/symbol=AXISBANK/part-092122_646446-045538.parquet,real_data_sample\l2_unseen_validation\trade_date=2026-07-17\exchange=NSE\symbol=AXISBANK\part-092122_646446-045538.parquet,36696,downloaded,36696,
2026-07-17,NSE,AXISBANK,raw_l2/trade_date=2026-07-17/exchange=NSE/symbol=AXISBANK/part-092053_930562-045474.parquet,real_data_sample\l2_unseen_validation\trade_date=2026-07-17\exchange=NSE\symbol=AXISBANK\part-092053_930562-045474.parquet,36905,downloaded,36905,
2026-07-17,NSE,AXISBANK,raw_l2/trade_date=2026-07-17/exchange=NSE/symbol=AXISBANK/part-092039_633685-045442.parquet,real_data_sample\l2_unseen_validation\trade_date=2026-07-17\exchange=NSE\symbol=AXISBANK\part-092039_633685-045442.parquet,36086,downloaded,36086,
2026-07-17,NSE,AXISBANK,raw_l2/trade_date=2026-07-17/exchange=NSE/symbol=AXISBANK/part-092136_896377-045570.parquet,real_data_sample\l2_unseen_validation\trade_date=2026-07-17\exchange=NSE\symbol=AXISBANK\part-092136_896377-045570.parquet,36909,downloaded,36909,
2026-07-17,NSE,AXISBANK,raw_l2/trade_date=2026-07-17/exchange=NSE/symbol=AXISBANK/part-092108_374288-045506.parquet,real_data_sample\l2_unseen_validation\trade_date=2026-07-17\exchange=NSE\symbol=AXISBANK\part-092108_374288-045506.parquet,36572,downloaded,36572,
2026-07-17,NSE,AXISBANK,raw_l2/trade_date=2026-07-17/exchange=NSE/symbol=AXISBANK/part-092151_631031-045602.parquet,real_data_sample\l2_unseen_validation\trade_date=2026-07-17\exchange=NSE\symbol=AXISBANK\part-092151_631031-045602.parquet,36872,downloaded,36872,
2026-07-17,NSE,AXISBANK,raw_l2/trade_date=2026-07-17/exchange=NSE/symbol=AXISBANK/part-092220_129149-045666.parquet,real_data_sample\l2_unseen_validation\trade_date=2026-07-17\exchange=NSE\symbol=AXISBANK\part-092220_129149-045666.parquet,36583,downloaded,36583,
2026-07-17,NSE,AXISBANK,raw_l2/trade_date=2026-07-17/exchange=NSE/symbol=AXISBANK/part-092205_879835-045634.parquet,real_data_sample\l2_unseen_validation\trade_date=2026-07-17\exchange=NSE\symbol=AXISBANK\part-092205_879835-045634.parquet,36413,downloaded,36413,
2026-07-17,NSE,AXISBANK,raw_l2/trade_date=2026-07-17/exchange=NSE/symbol=AXISBANK/part-092317_894471-045794.parquet,real_data_sample\l2_unseen_validation\trade_date=2026-07-17\exchange=NSE\symbol=AXISBANK\part-092317_894471-045794.parquet,36365,downloaded,36365,
2026-07-17,NSE,AXISBANK,raw_l2/trade_date=2026-07-17/exchange=NSE/symbol=AXISBANK/part-092528_630676-046082.parquet,real_data_sample\l2_unseen_validation\trade_date=2026-07-17\exchange=NSE\symbol=AXISBANK\part-092528_630676-046082.parquet,36516,downloaded,36516,
2026-07-17,NSE,AXISBANK,raw_l2/trade_date=2026-07-17/exchange=NSE/symbol=AXISBANK/part-092346_889724-045858.parquet,real_data_sample\l2_unseen_validation\trade_date=2026-07-17\exchange=NSE\symbol=AXISBANK\part-092346_889724-045858.parquet,36212,downloaded,36212,
2026-07-17,NSE,AXISBANK,raw_l2/trade_date=2026-07-17/exchange=NSE/symbol=AXISBANK/part-092543_138864-046114.parquet,real_data_sample\l2_unseen_validation\trade_date=2026-07-17\exchange=NSE\symbol=AXISBANK\part-092543_138864-046114.parquet,36518,downloaded,36518,
2026-07-17,NSE,AXISBANK,raw_l2/trade_date=2026-07-17/exchange=NSE/symbol=AXISBANK/part-092612_632772-046178.parquet,real_data_sample\l2_unseen_validation\trade_date=2026-07-17\exchange=NSE\symbol=AXISBANK\part-092612_632772-046178.parquet,36460,downloaded,36460,
2026-07-17,NSE,AXISBANK,raw_l2/trade_date=2026-07-17/exchange=NSE/symbol=AXISBANK/part-092430_384869-045954.parquet,real_data_sample\l2_unseen_validation\trade_date=2026-07-17\exchange=NSE\symbol=AXISBANK\part-092430_384869-045954.parquet,36509,downloaded,36509,
2026-07-17,NSE,AXISBANK,raw_l2/trade_date=2026-07-17/exchange=NSE/symbol=AXISBANK/part-092415_884072-045922.parquet,real_data_sample\l2_unseen_validation\trade_date=2026-07-17\exchange=NSE\symbol=AXISBANK\part-092415_884072-045922.parquet,36462,downloaded,36462,
2026-07-17,NSE,AXISBANK,raw_l2/trade_date=2026-07-17/exchange=NSE/symbol=AXISBANK/part-092401_165886-045890.parquet,real_data_sample\l2_unseen_validation\trade_date=2026-07-17\exchange=NSE\symbol=AXISBANK\part-092401_165886-045890.parquet,36340,downloaded,36340,
2026-07-17,NSE,AXISBANK,raw_l2/trade_date=2026-07-17/exchange=NSE/symbol=AXISBANK/part-092557_909317-046146.parquet,real_data_sample\l2_unseen_validation\trade_date=2026-07-17\exchange=NSE\symbol=AXISBANK\part-092557_909317-046146.parquet,36792,downloaded,36792,
2026-07-17,NSE,AXISBANK,raw_l2/trade_date=2026-07-17/exchange=NSE/symbol=AXISBANK/part-092248_877117-045730.parquet,real_data_sample\l2_unseen_validation\trade_date=2026-07-17\exchange=NSE\symbol=AXISBANK\part-092248_877117-045730.parquet,36228,downloaded,36228,
2026-07-17,NSE,AXISBANK,raw_l2/trade_date=2026-07-17/exchange=NSE/symbol=AXISBANK/part-092303_142000-045762.parquet,real_data_sample\l2_unseen_validation\trade_date=2026-07-17\exchange=NSE\symbol=AXISBANK\part-092303_142000-045762.parquet,36750,downloaded,36750,
2026-07-17,NSE,AXISBANK,raw_l2/trade_date=2026-07-17/exchange=NSE/symbol=AXISBANK/part-092444_877635-045986.parquet,real_data_sample\l2_unseen_validation\trade_date=2026-07-17\exchange=NSE\symbol=AXISBANK\part-092444_877635-045986.parquet,36181,downloaded,36181,
2026-07-17,NSE,AXISBANK,raw_l2/trade_date=2026-07-17/exchange=NSE/symbol=AXISBANK/part-092626_940891-046210.parquet,real_data_sample\l2_unseen_validation\trade_date=2026-07-17\exchange=NSE\symbol=AXISBANK\part-092626_940891-046210.parquet,35949,downloaded,35949,
2026-07-17,NSE,AXISBANK,raw_l2/trade_date=2026-07-17/exchange=NSE/symbol=AXISBANK/part-092739_636010-046370.parquet,real_data_sample\l2_unseen_validation\trade_date=2026-07-17\exchange=NSE\symbol=AXISBANK\part-092739_636010-046370.parquet,36689,downloaded,36689,
2026-07-17,NSE,AXISBANK,raw_l2/trade_date=2026-07-17/exchange=NSE/symbol=AXISBANK/part-092642_383188-046242.parquet,real_data_sample\l2_unseen_validation\trade_date=2026-07-17\exchange=NSE\symbol=AXISBANK\part-092642_383188-046242.parquet,36269,downloaded,36269,
2026-07-17,NSE,AXISBANK,raw_l2/trade_date=2026-07-17/exchange=NSE/symbol=AXISBANK/part-092514_128107-046050.parquet,real_data_sample\l2_unseen_validation\trade_date=2026-07-17\exchange=NSE\symbol=AXISBANK\part-092514_128107-046050.parquet,36815,downloaded,36815,
2026-07-17,NSE,AXISBANK,raw_l2/trade_date=2026-07-17/exchange=NSE/symbol=AXISBANK/part-092234_384853-045698.parquet,real_data_sample\l2_unseen_validation\trade_date=2026-07-17\exchange=NSE\symbol=AXISBANK\part-092234_384853-045698.parquet,36464,downloaded,36464,
2026-07-17,NSE,AXISBANK,raw_l2/trade_date=2026-07-17/exchange=NSE/symbol=AXISBANK/part-092725_129314-046338.parquet,real_data_sample\l2_unseen_validation\trade_date=2026-07-17\exchange=NSE\symbol=AXISBANK\part-092725_129314-046338.parquet,36226,downloaded,36226,
2026-07-17,NSE,AXISBANK,raw_l2/trade_date=2026-07-17/exchange=NSE/symbol=AXISBANK/part-092754_142181-046402.parquet,real_data_sample\l2_unseen_validation\trade_date=2026-07-17\exchange=NSE\symbol=AXISBANK\part-092754_142181-046402.parquet,36384,downloaded,36384,
2026-07-17,NSE,AXISBANK,raw_l2/trade_date=2026-07-17/exchange=NSE/symbol=AXISBANK/part-092710_881383-046306.parquet,real_data_sample\l2_unseen_validation\trade_date=2026-07-17\exchange=NSE\symbol=AXISBANK\part-092710_881383-046306.parquet,36001,downloaded,36001,
2026-07-17,NSE,AXISBANK,raw_l2/trade_date=2026-07-17/exchange=NSE/symbol=AXISBANK/part-092808_392582-046434.parquet,real_data_sample\l2_unseen_validation\trade_date=2026-07-17\exchange=NSE\symbol=AXISBANK\part-092808_392582-046434.parquet,36377,downloaded,36377,
2026-07-17,NSE,AXISBANK,raw_l2/trade_date=2026-07-17/exchange=NSE/symbol=AXISBANK/part-092822_883887-046466.parquet,real_data_sample\l2_unseen_validation\trade_date=2026-07-17\exchange=NSE\symbol=AXISBANK\part-092822_883887-046466.parquet,36473,downloaded,36473,
2026-07-17,NSE,AXISBANK,raw_l2/trade_date=2026-07-17/exchange=NSE/symbol=AXISBANK/part-092837_402817-046498.parquet,real_data_sample\l2_unseen_validation\trade_date=2026-07-17\exchange=NSE\symbol=AXISBANK\part-092837_402817-046498.parquet,36330,downloaded,36330,
2026-07-17,NSE,AXISBANK,raw_l2/trade_date=2026-07-17/exchange=NSE/symbol=AXISBANK/part-092906_345381-046562.parquet,real_data_sample\l2_unseen_validation\trade_date=2026-07-17\exchange=NSE\symbol=AXISBANK\part-092906_345381-046562.parquet,36454,downloaded,36454,
2026-07-17,NSE,AXISBANK,raw_l2/trade_date=2026-07-17/exchange=NSE/symbol=AXISBANK/part-092656_625842-046274.parquet,real_data_sample\l2_unseen_validation\trade_date=2026-07-17\exchange=NSE\symbol=AXISBANK\part-092656_625842-046274.parquet,35920,downloaded,35920,
2026-07-17,NSE,AXISBANK,raw_l2/trade_date=2026-07-17/exchange=NSE/symbol=AXISBANK/part-092921_128714-046594.parquet,real_data_sample\l2_unseen_validation\trade_date=2026-07-17\exchange=NSE\symbol=AXISBANK\part-092921_128714-046594.parquet,36689,downloaded,36689,
2026-07-17,NSE,AXISBANK,raw_l2/trade_date=2026-07-17/exchange=NSE/symbol=AXISBANK/part-092851_884886-046530.parquet,real_data_sample\l2_unseen_validation\trade_date=2026-07-17\exchange=NSE\symbol=AXISBANK\part-092851_884886-046530.parquet,36033,downloaded,36033,
2026-07-17,NSE,AXISBANK,raw_l2/trade_date=2026-07-17/exchange=NSE/symbol=AXISBANK/part-092935_599739-046626.parquet,real_data_sample\l2_unseen_validation\trade_date=2026-07-17\exchange=NSE\symbol=AXISBANK\part-092935_599739-046626.parquet,36540,downloaded,36540,
2026-07-17,NSE,AXISBANK,raw_l2/trade_date=2026-07-17/exchange=NSE/symbol=AXISBANK/part-093004_851333-046690.parquet,real_data_sample\l2_unseen_validation\trade_date=2026-07-17\exchange=NSE\symbol=AXISBANK\part-093004_851333-046690.parquet,36639,downloaded,36639,
2026-07-17,NSE,AXISBANK,raw_l2/trade_date=2026-07-17/exchange=NSE/symbol=AXISBANK/part-092950_344573-046658.parquet,real_data_sample\l2_unseen_validation\trade_date=2026-07-17\exchange=NSE\symbol=AXISBANK\part-092950_344573-046658.parquet,36316,downloaded,36316,
2026-07-17,NSE,AXISBANK,raw_l2/trade_date=2026-07-17/exchange=NSE/symbol=AXISBANK/part-093019_834252-046722.parquet,real_data_sample\l2_unseen_validation\trade_date=2026-07-17\exchange=NSE\symbol=AXISBANK\part-093019_834252-046722.parquet,36045,downloaded,36045,
2026-07-17,NSE,AXISBANK,raw_l2/trade_date=2026-07-17/exchange=NSE/symbol=AXISBANK/part-093034_355919-046754.parquet,real_data_sample\l2_unseen_validation\trade_date=2026-07-17\exchange=NSE\symbol=AXISBANK\part-093034_355919-046754.parquet,36487,downloaded,36487,
2026-07-17,NSE,AXISBANK,raw_l2/trade_date=2026-07-17/exchange=NSE/symbol=AXISBANK/part-093048_585663-046786.parquet,real_data_sample\l2_unseen_validation\trade_date=2026-07-17\exchange=NSE\symbol=AXISBANK\part-093048_585663-046786.parquet,36172,downloaded,36172,
2026-07-17,NSE,AXISBANK,raw_l2/trade_date=2026-07-17/exchange=NSE/symbol=AXISBANK/part-093102_835382-046818.parquet,real_data_sample\l2_unseen_validation\trade_date=2026-07-17\exchange=NSE\symbol=AXISBANK\part-093102_835382-046818.parquet,36166,downloaded,36166,
2026-07-17,NSE,AXISBANK,raw_l2/trade_date=2026-07-17/exchange=NSE/symbol=AXISBANK/part-093117_332455-046850.parquet,real_data_sample\l2_unseen_validation\trade_date=2026-07-17\exchange=NSE\symbol=AXISBANK\part-093117_332455-046850.parquet,36388,downloaded,36388,
2026-07-17,NSE,AXISBANK,raw_l2/trade_date=2026-07-17/exchange=NSE/symbol=AXISBANK/part-093200_360966-046946.parquet,real_data_sample\l2_unseen_validation\trade_date=2026-07-17\exchange=NSE\symbol=AXISBANK\part-093200_360966-046946.parquet,35955,downloaded,35955,
2026-07-17,NSE,AXISBANK,raw_l2/trade_date=2026-07-17/exchange=NSE/symbol=AXISBANK/part-093242_831469-047042.parquet,real_data_sample\l2_unseen_validation\trade_date=2026-07-17\exchange=NSE\symbol=AXISBANK\part-093242_831469-047042.parquet,35799,downloaded,35799,
2026-07-17,NSE,AXISBANK,raw_l2/trade_date=2026-07-17/exchange=NSE/symbol=AXISBANK/part-093145_829960-046914.parquet,real_data_sample\l2_unseen_validation\trade_date=2026-07-17\exchange=NSE\symbol=AXISBANK\part-093145_829960-046914.parquet,35735,downloaded,35735,
2026-07-17,NSE,AXISBANK,raw_l2/trade_date=2026-07-17/exchange=NSE/symbol=AXISBANK/part-093131_336645-046882.parquet,real_data_sample\l2_unseen_validation\trade_date=2026-07-17\exchange=NSE\symbol=AXISBANK\part-093131_336645-046882.parquet,35705,downloaded,35705,
2026-07-17,NSE,AXISBANK,raw_l2/trade_date=2026-07-17/exchange=NSE/symbol=AXISBANK/part-093256_836996-047074.parquet,real_data_sample\l2_unseen_validation\trade_date=2026-07-17\exchange=NSE\symbol=AXISBANK\part-093256_836996-047074.parquet,35990,downloaded,35990,
2026-07-17,NSE,AXISBANK,raw_l2/trade_date=2026-07-17/exchange=NSE/symbol=AXISBANK/part-093214_331174-046978.parquet,real_data_sample\l2_unseen_validation\trade_date=2026-07-17\exchange=NSE\symbol=AXISBANK\part-093214_331174-046978.parquet,35552,downloaded,35552,
2026-07-17,NSE,AXISBANK,raw_l2/trade_date=2026-07-17/exchange=NSE/symbol=AXISBANK/part-093228_344828-047010.parquet,real_data_sample\l2_unseen_validation\trade_date=2026-07-17\exchange=NSE\symbol=AXISBANK\part-093228_344828-047010.parquet,35609,downloaded,35609,
2026-07-17,NSE,AXISBANK,raw_l2/trade_date=2026-07-17/exchange=NSE/symbol=AXISBANK/part-093311_088557-047106.parquet,real_data_sample\l2_unseen_validation\trade_date=2026-07-17\exchange=NSE\symbol=AXISBANK\part-093311_088557-047106.parquet,35739,downloaded,35739,
2026-07-17,NSE,AXISBANK,raw_l2/trade_date=2026-07-17/exchange=NSE/symbol=AXISBANK/part-093712_584673-047650.parquet,real_data_sample\l2_unseen_validation\trade_date=2026-07-17\exchange=NSE\symbol=AXISBANK\part-093712_584673-047650.parquet,36201,downloaded,36201,
2026-07-17,NSE,AXISBANK,raw_l2/trade_date=2026-07-17/exchange=NSE/symbol=AXISBANK/part-093407_584372-047234.parquet,real_data_sample\l2_unseen_validation\trade_date=2026-07-17\exchange=NSE\symbol=AXISBANK\part-093407_584372-047234.parquet,34758,downloaded,34758,
2026-07-17,NSE,AXISBANK,raw_l2/trade_date=2026-07-17/exchange=NSE/symbol=AXISBANK/part-093435_611259-047298.parquet,real_data_sample\l2_unseen_validation\trade_date=2026-07-17\exchange=NSE\symbol=AXISBANK\part-093435_611259-047298.parquet,36210,downloaded,36210,
2026-07-17,NSE,AXISBANK,raw_l2/trade_date=2026-07-17/exchange=NSE/symbol=AXISBANK/part-093644_582426-047586.parquet,real_data_sample\l2_unseen_validation\trade_date=2026-07-17\exchange=NSE\symbol=AXISBANK\part-093644_582426-047586.parquet,36406,downloaded,36406,
2026-07-17,NSE,AXISBANK,raw_l2/trade_date=2026-07-17/exchange=NSE/symbol=AXISBANK/part-093504_095929-047362.parquet,real_data_sample\l2_unseen_validation\trade_date=2026-07-17\exchange=NSE\symbol=AXISBANK\part-093504_095929-047362.parquet,35832,downloaded,35832,
2026-07-17,NSE,AXISBANK,raw_l2/trade_date=2026-07-17/exchange=NSE/symbol=AXISBANK/part-093421_587705-047266.parquet,real_data_sample\l2_unseen_validation\trade_date=2026-07-17\exchange=NSE\symbol=AXISBANK\part-093421_587705-047266.parquet,36115,downloaded,36115,
2026-07-17,NSE,AXISBANK,raw_l2/trade_date=2026-07-17/exchange=NSE/symbol=AXISBANK/part-093518_590278-047394.parquet,real_data_sample\l2_unseen_validation\trade_date=2026-07-17\exchange=NSE\symbol=AXISBANK\part-093518_590278-047394.parquet,36330,downloaded,36330,
2026-07-17,NSE,AXISBANK,raw_l2/trade_date=2026-07-17/exchange=NSE/symbol=AXISBANK/part-093449_835653-047330.parquet,real_data_sample\l2_unseen_validation\trade_date=2026-07-17\exchange=NSE\symbol=AXISBANK\part-093449_835653-047330.parquet,36262,downloaded,36262,
2026-07-17,NSE,AXISBANK,raw_l2/trade_date=2026-07-17/exchange=NSE/symbol=AXISBANK/part-093339_335743-047170.parquet,real_data_sample\l2_unseen_validation\trade_date=2026-07-17\exchange=NSE\symbol=AXISBANK\part-093339_335743-047170.parquet,34327,downloaded,34327,
2026-07-17,NSE,AXISBANK,raw_l2/trade_date=2026-07-17/exchange=NSE/symbol=AXISBANK/part-093616_108510-047522.parquet,real_data_sample\l2_unseen_validation\trade_date=2026-07-17\exchange=NSE\symbol=AXISBANK\part-093616_108510-047522.parquet,36179,downloaded,36179,
2026-07-17,NSE,AXISBANK,raw_l2/trade_date=2026-07-17/exchange=NSE/symbol=AXISBANK/part-093658_582865-047618.parquet,real_data_sample\l2_unseen_validation\trade_date=2026-07-17\exchange=NSE\symbol=AXISBANK\part-093658_582865-047618.parquet,36866,downloaded,36866,
2026-07-17,NSE,AXISBANK,raw_l2/trade_date=2026-07-17/exchange=NSE/symbol=AXISBANK/part-093532_838026-047426.parquet,real_data_sample\l2_unseen_validation\trade_date=2026-07-17\exchange=NSE\symbol=AXISBANK\part-093532_838026-047426.parquet,36488,downloaded,36488,
2026-07-17,NSE,AXISBANK,raw_l2/trade_date=2026-07-17/exchange=NSE/symbol=AXISBANK/part-093547_096330-047458.parquet,real_data_sample\l2_unseen_validation\trade_date=2026-07-17\exchange=NSE\symbol=AXISBANK\part-093547_096330-047458.parquet,36716,downloaded,36716,
2026-07-17,NSE,AXISBANK,raw_l2/trade_date=2026-07-17/exchange=NSE/symbol=AXISBANK/part-093325_345157-047138.parquet,real_data_sample\l2_unseen_validation\trade_date=2026-07-17\exchange=NSE\symbol=AXISBANK\part-093325_345157-047138.parquet,34484,downloaded,34484,
2026-07-17,NSE,AXISBANK,raw_l2/trade_date=2026-07-17/exchange=NSE/symbol=AXISBANK/part-093353_575455-047202.parquet,real_data_sample\l2_unseen_validation\trade_date=2026-07-17\exchange=NSE\symbol=AXISBANK\part-093353_575455-047202.parquet,34591,downloaded,34591,
2026-07-17,NSE,AXISBANK,raw_l2/trade_date=2026-07-17/exchange=NSE/symbol=AXISBANK/part-093630_337170-047554.parquet,real_data_sample\l2_unseen_validation\trade_date=2026-07-17\exchange=NSE\symbol=AXISBANK\part-093630_337170-047554.parquet,36128,downloaded,36128,
2026-07-17,NSE,AXISBANK,raw_l2/trade_date=2026-07-17/exchange=NSE/symbol=AXISBANK/part-093601_593452-047490.parquet,real_data_sample\l2_unseen_validation\trade_date=2026-07-17\exchange=NSE\symbol=AXISBANK\part-093601_593452-047490.parquet,36363,downloaded,36363,
2026-07-17,NSE,AXISBANK,raw_l2/trade_date=2026-07-17/exchange=NSE/symbol=AXISBANK/part-093726_575687-047682.parquet,real_data_sample\l2_unseen_validation\trade_date=2026-07-17\exchange=NSE\symbol=AXISBANK\part-093726_575687-047682.parquet,36172,downloaded,36172,
2026-07-17,NSE,AXISBANK,raw_l2/trade_date=2026-07-17/exchange=NSE/symbol=AXISBANK/part-093740_578381-047714.parquet,real_data_sample\l2_unseen_validation\trade_date=2026-07-17\exchange=NSE\symbol=AXISBANK\part-093740_578381-047714.parquet,35809,downloaded,35809,
2026-07-17,NSE,AXISBANK,raw_l2/trade_date=2026-07-17/exchange=NSE/symbol=AXISBANK/part-093808_835321-047778.parquet,real_data_sample\l2_unseen_validation\trade_date=2026-07-17\exchange=NSE\symbol=AXISBANK\part-093808_835321-047778.parquet,36466,downloaded,36466,
2026-07-17,NSE,AXISBANK,raw_l2/trade_date=2026-07-17/exchange=NSE/symbol=AXISBANK/part-093754_592435-047746.parquet,real_data_sample\l2_unseen_validation\trade_date=2026-07-17\exchange=NSE\symbol=AXISBANK\part-093754_592435-047746.parquet,35711,downloaded,35711,
2026-07-17,NSE,AXISBANK,raw_l2/trade_date=2026-07-17/exchange=NSE/symbol=AXISBANK/part-093851_332401-047874.parquet,real_data_sample\l2_unseen_validation\trade_date=2026-07-17\exchange=NSE\symbol=AXISBANK\part-093851_332401-047874.parquet,36523,downloaded,36523,
2026-07-17,NSE,AXISBANK,raw_l2/trade_date=2026-07-17/exchange=NSE/symbol=AXISBANK/part-093837_089687-047842.parquet,real_data_sample\l2_unseen_validation\trade_date=2026-07-17\exchange=NSE\symbol=AXISBANK\part-093837_089687-047842.parquet,36499,downloaded,36499,
2026-07-17,NSE,AXISBANK,raw_l2/trade_date=2026-07-17/exchange=NSE/symbol=AXISBANK/part-093822_835366-047810.parquet,real_data_sample\l2_unseen_validation\trade_date=2026-07-17\exchange=NSE\symbol=AXISBANK\part-093822_835366-047810.parquet,36145,downloaded,36145,
2026-07-17,NSE,AXISBANK,raw_l2/trade_date=2026-07-17/exchange=NSE/symbol=AXISBANK/part-093905_601430-047906.parquet,real_data_sample\l2_unseen_validation\trade_date=2026-07-17\exchange=NSE\symbol=AXISBANK\part-093905_601430-047906.parquet,36482,downloaded,36482,
2026-07-17,NSE,AXISBANK,raw_l2/trade_date=2026-07-17/exchange=NSE/symbol=AXISBANK/part-093920_140798-047938.parquet,real_data_sample\l2_unseen_validation\trade_date=2026-07-17\exchange=NSE\symbol=AXISBANK\part-093920_140798-047938.parquet,36465,downloaded,36465,
2026-07-17,NSE,AXISBANK,raw_l2/trade_date=2026-07-17/exchange=NSE/symbol=AXISBANK/part-093934_585819-047970.parquet,real_data_sample\l2_unseen_validation\trade_date=2026-07-17\exchange=NSE\symbol=AXISBANK\part-093934_585819-047970.parquet,36540,downloaded,36540,
2026-07-17,NSE,AXISBANK,raw_l2/trade_date=2026-07-17/exchange=NSE/symbol=AXISBANK/part-093948_848854-048002.parquet,real_data_sample\l2_unseen_validation\trade_date=2026-07-17\exchange=NSE\symbol=AXISBANK\part-093948_848854-048002.parquet,36464,downloaded,36464,
2026-07-17,NSE,AXISBANK,raw_l2/trade_date=2026-07-17/exchange=NSE/symbol=AXISBANK/part-094003_343963-048034.parquet,real_data_sample\l2_unseen_validation\trade_date=2026-07-17\exchange=NSE\symbol=AXISBANK\part-094003_343963-048034.parquet,36232,downloaded,36232,
2026-07-17,NSE,AXISBANK,raw_l2/trade_date=2026-07-17/exchange=NSE/symbol=AXISBANK/part-094017_616640-048066.parquet,real_data_sample\l2_unseen_validation\trade_date=2026-07-17\exchange=NSE\symbol=AXISBANK\part-094017_616640-048066.parquet,36662,downloaded,36662,
2026-07-17,NSE,AXISBANK,raw_l2/trade_date=2026-07-17/exchange=NSE/symbol=AXISBANK/part-092459_163224-046018.parquet,real_data_sample\l2_unseen_validation\trade_date=2026-07-17\exchange=NSE\symbol=AXISBANK\part-092459_163224-046018.parquet,36582,downloaded,36582,
2026-07-17,NSE,AXISBANK,raw_l2/trade_date=2026-07-17/exchange=NSE/symbol=AXISBANK/part-094338_112968-048514.parquet,real_data_sample\l2_unseen_validation\trade_date=2026-07-17\exchange=NSE\symbol=AXISBANK\part-094338_112968-048514.parquet,36016,downloaded,36016,
2026-07-17,NSE,AXISBANK,raw_l2/trade_date=2026-07-17/exchange=NSE/symbol=AXISBANK/part-094031_849883-048098.parquet,real_data_sample\l2_unseen_validation\trade_date=2026-07-17\exchange=NSE\symbol=AXISBANK\part-094031_849883-048098.parquet,36033,downloaded,36033,
2026-07-17,NSE,AXISBANK,raw_l2/trade_date=2026-07-17/exchange=NSE/symbol=AXISBANK/part-094158_101305-048290.parquet,real_data_sample\l2_unseen_validation\trade_date=2026-07-17\exchange=NSE\symbol=AXISBANK\part-094158_101305-048290.parquet,36566,downloaded,36566,
2026-07-17,NSE,AXISBANK,raw_l2/trade_date=2026-07-17/exchange=NSE/symbol=AXISBANK/part-094100_341918-048162.parquet,real_data_sample\l2_unseen_validation\trade_date=2026-07-17\exchange=NSE\symbol=AXISBANK\part-094100_341918-048162.parquet,36138,downloaded,36138,
2026-07-17,NSE,AXISBANK,raw_l2/trade_date=2026-07-17/exchange=NSE/symbol=AXISBANK/part-094309_603308-048450.parquet,real_data_sample\l2_unseen_validation\trade_date=2026-07-17\exchange=NSE\symbol=AXISBANK\part-094309_603308-048450.parquet,36157,downloaded,36157,
2026-07-17,NSE,AXISBANK,raw_l2/trade_date=2026-07-17/exchange=NSE/symbol=AXISBANK/part-094255_614902-048418.parquet,real_data_sample\l2_unseen_validation\trade_date=2026-07-17\exchange=NSE\symbol=AXISBANK\part-094255_614902-048418.parquet,36158,downloaded,36158,
2026-07-17,NSE,AXISBANK,raw_l2/trade_date=2026-07-17/exchange=NSE/symbol=AXISBANK/part-094129_335597-048226.parquet,real_data_sample\l2_unseen_validation\trade_date=2026-07-17\exchange=NSE\symbol=AXISBANK\part-094129_335597-048226.parquet,36635,downloaded,36635,
2026-07-17,NSE,AXISBANK,raw_l2/trade_date=2026-07-17/exchange=NSE/symbol=AXISBANK/part-094212_596792-048322.parquet,real_data_sample\l2_unseen_validation\trade_date=2026-07-17\exchange=NSE\symbol=AXISBANK\part-094212_596792-048322.parquet,36340,downloaded,36340,
2026-07-17,NSE,AXISBANK,raw_l2/trade_date=2026-07-17/exchange=NSE/symbol=AXISBANK/part-094241_344310-048386.parquet,real_data_sample\l2_unseen_validation\trade_date=2026-07-17\exchange=NSE\symbol=AXISBANK\part-094241_344310-048386.parquet,36052,downloaded,36052,
2026-07-17,NSE,AXISBANK,raw_l2/trade_date=2026-07-17/exchange=NSE/symbol=AXISBANK/part-094143_832432-048258.parquet,real_data_sample\l2_unseen_validation\trade_date=2026-07-17\exchange=NSE\symbol=AXISBANK\part-094143_832432-048258.parquet,36081,downloaded,36081,
2026-07-17,NSE,AXISBANK,raw_l2/trade_date=2026-07-17/exchange=NSE/symbol=AXISBANK/part-094114_856460-048194.parquet,real_data_sample\l2_unseen_validation\trade_date=2026-07-17\exchange=NSE\symbol=AXISBANK\part-094114_856460-048194.parquet,36307,downloaded,36307,
2026-07-17,NSE,AXISBANK,raw_l2/trade_date=2026-07-17/exchange=NSE/symbol=AXISBANK/part-094323_856945-048482.parquet,real_data_sample\l2_unseen_validation\trade_date=2026-07-17\exchange=NSE\symbol=AXISBANK\part-094323_856945-048482.parquet,36251,downloaded,36251,
2026-07-17,NSE,AXISBANK,raw_l2/trade_date=2026-07-17/exchange=NSE/symbol=AXISBANK/part-094046_084771-048130.parquet,real_data_sample\l2_unseen_validation\trade_date=2026-07-17\exchange=NSE\symbol=AXISBANK\part-094046_084771-048130.parquet,36311,downloaded,36311,
2026-07-17,NSE,AXISBANK,raw_l2/trade_date=2026-07-17/exchange=NSE/symbol=AXISBANK/part-094352_633419-048546.parquet,real_data_sample\l2_unseen_validation\trade_date=2026-07-17\exchange=NSE\symbol=AXISBANK\part-094352_633419-048546.parquet,36590,downloaded,36590,
2026-07-17,NSE,AXISBANK,raw_l2/trade_date=2026-07-17/exchange=NSE/symbol=AXISBANK/part-094227_093468-048354.parquet,real_data_sample\l2_unseen_validation\trade_date=2026-07-17\exchange=NSE\symbol=AXISBANK\part-094227_093468-048354.parquet,35966,downloaded,35966,
2026-07-17,NSE,AXISBANK,raw_l2/trade_date=2026-07-17/exchange=NSE/symbol=AXISBANK/part-094407_103655-048578.parquet,real_data_sample\l2_unseen_validation\trade_date=2026-07-17\exchange=NSE\symbol=AXISBANK\part-094407_103655-048578.parquet,36438,downloaded,36438,
2026-07-17,NSE,AXISBANK,raw_l2/trade_date=2026-07-17/exchange=NSE/symbol=AXISBANK/part-094435_602736-048642.parquet,real_data_sample\l2_unseen_validation\trade_date=2026-07-17\exchange=NSE\symbol=AXISBANK\part-094435_602736-048642.parquet,35943,downloaded,35943,
2026-07-17,NSE,AXISBANK,raw_l2/trade_date=2026-07-17/exchange=NSE/symbol=AXISBANK/part-094450_099695-048674.parquet,real_data_sample\l2_unseen_validation\trade_date=2026-07-17\exchange=NSE\symbol=AXISBANK\part-094450_099695-048674.parquet,36293,downloaded,36293,
2026-07-17,NSE,AXISBANK,raw_l2/trade_date=2026-07-17/exchange=NSE/symbol=AXISBANK/part-094421_337896-048610.parquet,real_data_sample\l2_unseen_validation\trade_date=2026-07-17\exchange=NSE\symbol=AXISBANK\part-094421_337896-048610.parquet,35917,downloaded,35917,
2026-07-17,NSE,AXISBANK,raw_l2/trade_date=2026-07-17/exchange=NSE/symbol=AXISBANK/part-094546_837705-048802.parquet,real_data_sample\l2_unseen_validation\trade_date=2026-07-17\exchange=NSE\symbol=AXISBANK\part-094546_837705-048802.parquet,35895,downloaded,35895,
2026-07-17,NSE,AXISBANK,raw_l2/trade_date=2026-07-17/exchange=NSE/symbol=AXISBANK/part-094504_368041-048706.parquet,real_data_sample\l2_unseen_validation\trade_date=2026-07-17\exchange=NSE\symbol=AXISBANK\part-094504_368041-048706.parquet,36693,downloaded,36693,
2026-07-17,NSE,AXISBANK,raw_l2/trade_date=2026-07-17/exchange=NSE/symbol=AXISBANK/part-094601_353972-048834.parquet,real_data_sample\l2_unseen_validation\trade_date=2026-07-17\exchange=NSE\symbol=AXISBANK\part-094601_353972-048834.parquet,35766,downloaded,35766,
2026-07-17,NSE,AXISBANK,raw_l2/trade_date=2026-07-17/exchange=NSE/symbol=AXISBANK/part-094658_108893-048962.parquet,real_data_sample\l2_unseen_validation\trade_date=2026-07-17\exchange=NSE\symbol=AXISBANK\part-094658_108893-048962.parquet,35267,downloaded,35267,
2026-07-17,NSE,AXISBANK,raw_l2/trade_date=2026-07-17/exchange=NSE/symbol=AXISBANK/part-094518_583212-048738.parquet,real_data_sample\l2_unseen_validation\trade_date=2026-07-17\exchange=NSE\symbol=AXISBANK\part-094518_583212-048738.parquet,36113,downloaded,36113,
2026-07-17,NSE,AXISBANK,raw_l2/trade_date=2026-07-17/exchange=NSE/symbol=AXISBANK/part-094630_120906-048898.parquet,real_data_sample\l2_unseen_validation\trade_date=2026-07-17\exchange=NSE\symbol=AXISBANK\part-094630_120906-048898.parquet,35930,downloaded,35930,
2026-07-17,NSE,AXISBANK,raw_l2/trade_date=2026-07-17/exchange=NSE/symbol=AXISBANK/part-094532_586535-048770.parquet,real_data_sample\l2_unseen_validation\trade_date=2026-07-17\exchange=NSE\symbol=AXISBANK\part-094532_586535-048770.parquet,35721,downloaded,35721,
2026-07-17,NSE,AXISBANK,raw_l2/trade_date=2026-07-17/exchange=NSE/symbol=AXISBANK/part-094644_093790-048930.parquet,real_data_sample\l2_unseen_validation\trade_date=2026-07-17\exchange=NSE\symbol=AXISBANK\part-094644_093790-048930.parquet,35515,downloaded,35515,
2026-07-17,NSE,AXISBANK,raw_l2/trade_date=2026-07-17/exchange=NSE/symbol=AXISBANK/part-094615_631271-048866.parquet,real_data_sample\l2_unseen_validation\trade_date=2026-07-17\exchange=NSE\symbol=AXISBANK\part-094615_631271-048866.parquet,36086,downloaded,36086,
2026-07-17,NSE,AXISBANK,raw_l2/trade_date=2026-07-17/exchange=NSE/symbol=AXISBANK/part-094712_363945-048994.parquet,real_data_sample\l2_unseen_validation\trade_date=2026-07-17\exchange=NSE\symbol=AXISBANK\part-094712_363945-048994.parquet,35097,downloaded,35097,
2026-07-17,NSE,AXISBANK,raw_l2/trade_date=2026-07-17/exchange=NSE/symbol=AXISBANK/part-094726_627187-049026.parquet,real_data_sample\l2_unseen_validation\trade_date=2026-07-17\exchange=NSE\symbol=AXISBANK\part-094726_627187-049026.parquet,34346,downloaded,34346,
2026-07-17,NSE,AXISBANK,raw_l2/trade_date=2026-07-17/exchange=NSE/symbol=AXISBANK/part-094755_352469-049090.parquet,real_data_sample\l2_unseen_validation\trade_date=2026-07-17\exchange=NSE\symbol=AXISBANK\part-094755_352469-049090.parquet,34474,downloaded,34474,
2026-07-17,NSE,AXISBANK,raw_l2/trade_date=2026-07-17/exchange=NSE/symbol=AXISBANK/part-094809_617657-049122.parquet,real_data_sample\l2_unseen_validation\trade_date=2026-07-17\exchange=NSE\symbol=AXISBANK\part-094809_617657-049122.parquet,34717,downloaded,34717,
2026-07-17,NSE,AXISBANK,raw_l2/trade_date=2026-07-17/exchange=NSE/symbol=AXISBANK/part-094823_596559-049154.parquet,real_data_sample\l2_unseen_validation\trade_date=2026-07-17\exchange=NSE\symbol=AXISBANK\part-094823_596559-049154.parquet,36165,downloaded,36165,
2026-07-17,NSE,AXISBANK,raw_l2/trade_date=2026-07-17/exchange=NSE/symbol=AXISBANK/part-094838_091691-049186.parquet,real_data_sample\l2_unseen_validation\trade_date=2026-07-17\exchange=NSE\symbol=AXISBANK\part-094838_091691-049186.parquet,35846,downloaded,35846,
2026-07-17,NSE,AXISBANK,raw_l2/trade_date=2026-07-17/exchange=NSE/symbol=AXISBANK/part-094920_988565-049282.parquet,real_data_sample\l2_unseen_validation\trade_date=2026-07-17\exchange=NSE\symbol=AXISBANK\part-094920_988565-049282.parquet,36716,downloaded,36716,
2026-07-17,NSE,AXISBANK,raw_l2/trade_date=2026-07-17/exchange=NSE/symbol=AXISBANK/part-094852_109627-049218.parquet,real_data_sample\l2_unseen_validation\trade_date=2026-07-17\exchange=NSE\symbol=AXISBANK\part-094852_109627-049218.parquet,36453,downloaded,36453,
2026-07-17,NSE,AXISBANK,raw_l2/trade_date=2026-07-17/exchange=NSE/symbol=AXISBANK/part-095046_332601-049474.parquet,real_data_sample\l2_unseen_validation\trade_date=2026-07-17\exchange=NSE\symbol=AXISBANK\part-095046_332601-049474.parquet,36257,downloaded,36257,
2026-07-17,NSE,AXISBANK,raw_l2/trade_date=2026-07-17/exchange=NSE/symbol=AXISBANK/part-094906_605552-049250.parquet,real_data_sample\l2_unseen_validation\trade_date=2026-07-17\exchange=NSE\symbol=AXISBANK\part-094906_605552-049250.parquet,36759,downloaded,36759,
2026-07-17,NSE,AXISBANK,raw_l2/trade_date=2026-07-17/exchange=NSE/symbol=AXISBANK/part-095128_575855-049570.parquet,real_data_sample\l2_unseen_validation\trade_date=2026-07-17\exchange=NSE\symbol=AXISBANK\part-095128_575855-049570.parquet,36194,downloaded,36194,
2026-07-17,NSE,AXISBANK,raw_l2/trade_date=2026-07-17/exchange=NSE/symbol=AXISBANK/part-095100_345534-049506.parquet,real_data_sample\l2_unseen_validation\trade_date=2026-07-17\exchange=NSE\symbol=AXISBANK\part-095100_345534-049506.parquet,36192,downloaded,36192,
2026-07-17,NSE,AXISBANK,raw_l2/trade_date=2026-07-17/exchange=NSE/symbol=AXISBANK/part-095017_828790-049410.parquet,real_data_sample\l2_unseen_validation\trade_date=2026-07-17\exchange=NSE\symbol=AXISBANK\part-095017_828790-049410.parquet,36262,downloaded,36262,
2026-07-17,NSE,AXISBANK,raw_l2/trade_date=2026-07-17/exchange=NSE/symbol=AXISBANK/part-095003_602860-049378.parquet,real_data_sample\l2_unseen_validation\trade_date=2026-07-17\exchange=NSE\symbol=AXISBANK\part-095003_602860-049378.parquet,36632,downloaded,36632,
2026-07-17,NSE,AXISBANK,raw_l2/trade_date=2026-07-17/exchange=NSE/symbol=AXISBANK/part-094935_083324-049314.parquet,real_data_sample\l2_unseen_validation\trade_date=2026-07-17\exchange=NSE\symbol=AXISBANK\part-094935_083324-049314.parquet,36251,downloaded,36251,
2026-07-17,NSE,AXISBANK,raw_l2/trade_date=2026-07-17/exchange=NSE/symbol=AXISBANK/part-095114_334395-049538.parquet,real_data_sample\l2_unseen_validation\trade_date=2026-07-17\exchange=NSE\symbol=AXISBANK\part-095114_334395-049538.parquet,36628,downloaded,36628,
2026-07-17,NSE,AXISBANK,raw_l2/trade_date=2026-07-17/exchange=NSE/symbol=AXISBANK/part-095032_089310-049442.parquet,real_data_sample\l2_unseen_validation\trade_date=2026-07-17\exchange=NSE\symbol=AXISBANK\part-095032_089310-049442.parquet,36815,downloaded,36815,
2026-07-17,NSE,AXISBANK,raw_l2/trade_date=2026-07-17/exchange=NSE/symbol=AXISBANK/part-095142_578567-049602.parquet,real_data_sample\l2_unseen_validation\trade_date=2026-07-17\exchange=NSE\symbol=AXISBANK\part-095142_578567-049602.parquet,35641,downloaded,35641,
2026-07-17,NSE,AXISBANK,raw_l2/trade_date=2026-07-17/exchange=NSE/symbol=AXISBANK/part-094949_333074-049346.parquet,real_data_sample\l2_unseen_validation\trade_date=2026-07-17\exchange=NSE\symbol=AXISBANK\part-094949_333074-049346.parquet,36368,downloaded,36368,
2026-07-17,NSE,AXISBANK,raw_l2/trade_date=2026-07-17/exchange=NSE/symbol=AXISBANK/part-095350_116911-049890.parquet,real_data_sample\l2_unseen_validation\trade_date=2026-07-17\exchange=NSE\symbol=AXISBANK\part-095350_116911-049890.parquet,35438,downloaded,35438,
2026-07-17,NSE,AXISBANK,raw_l2/trade_date=2026-07-17/exchange=NSE/symbol=AXISBANK/part-095156_581316-049634.parquet,real_data_sample\l2_unseen_validation\trade_date=2026-07-17\exchange=NSE\symbol=AXISBANK\part-095156_581316-049634.parquet,35458,downloaded,35458,
2026-07-17,NSE,AXISBANK,raw_l2/trade_date=2026-07-17/exchange=NSE/symbol=AXISBANK/part-095501_619061-050050.parquet,real_data_sample\l2_unseen_validation\trade_date=2026-07-17\exchange=NSE\symbol=AXISBANK\part-095501_619061-050050.parquet,36408,downloaded,36408,
2026-07-17,NSE,AXISBANK,raw_l2/trade_date=2026-07-17/exchange=NSE/symbol=AXISBANK/part-095239_100657-049730.parquet,real_data_sample\l2_unseen_validation\trade_date=2026-07-17\exchange=NSE\symbol=AXISBANK\part-095239_100657-049730.parquet,35519,downloaded,35519,
2026-07-17,NSE,AXISBANK,raw_l2/trade_date=2026-07-17/exchange=NSE/symbol=AXISBANK/part-095253_092103-049762.parquet,real_data_sample\l2_unseen_validation\trade_date=2026-07-17\exchange=NSE\symbol=AXISBANK\part-095253_092103-049762.parquet,35286,downloaded,35286,
2026-07-17,NSE,AXISBANK,raw_l2/trade_date=2026-07-17/exchange=NSE/symbol=AXISBANK/part-095335_859563-049858.parquet,real_data_sample\l2_unseen_validation\trade_date=2026-07-17\exchange=NSE\symbol=AXISBANK\part-095335_859563-049858.parquet,35383,downloaded,35383,
2026-07-17,NSE,AXISBANK,raw_l2/trade_date=2026-07-17/exchange=NSE/symbol=AXISBANK/part-095321_352606-049826.parquet,real_data_sample\l2_unseen_validation\trade_date=2026-07-17\exchange=NSE\symbol=AXISBANK\part-095321_352606-049826.parquet,35293,downloaded,35293,
2026-07-17,NSE,AXISBANK,raw_l2/trade_date=2026-07-17/exchange=NSE/symbol=AXISBANK/part-095307_131610-049794.parquet,real_data_sample\l2_unseen_validation\trade_date=2026-07-17\exchange=NSE\symbol=AXISBANK\part-095307_131610-049794.parquet,35273,downloaded,35273,
2026-07-17,NSE,AXISBANK,raw_l2/trade_date=2026-07-17/exchange=NSE/symbol=AXISBANK/part-095419_110890-049954.parquet,real_data_sample\l2_unseen_validation\trade_date=2026-07-17\exchange=NSE\symbol=AXISBANK\part-095419_110890-049954.parquet,35671,downloaded,35671,
2026-07-17,NSE,AXISBANK,raw_l2/trade_date=2026-07-17/exchange=NSE/symbol=AXISBANK/part-095225_097254-049698.parquet,real_data_sample\l2_unseen_validation\trade_date=2026-07-17\exchange=NSE\symbol=AXISBANK\part-095225_097254-049698.parquet,35627,downloaded,35627,
2026-07-17,NSE,AXISBANK,raw_l2/trade_date=2026-07-17/exchange=NSE/symbol=AXISBANK/part-095515_603020-050082.parquet,real_data_sample\l2_unseen_validation\trade_date=2026-07-17\exchange=NSE\symbol=AXISBANK\part-095515_603020-050082.parquet,36003,downloaded,36003,
2026-07-17,NSE,AXISBANK,raw_l2/trade_date=2026-07-17/exchange=NSE/symbol=AXISBANK/part-095404_609292-049922.parquet,real_data_sample\l2_unseen_validation\trade_date=2026-07-17\exchange=NSE\symbol=AXISBANK\part-095404_609292-049922.parquet,35630,downloaded,35630,
2026-07-17,NSE,AXISBANK,raw_l2/trade_date=2026-07-17/exchange=NSE/symbol=AXISBANK/part-095447_354851-050018.parquet,real_data_sample\l2_unseen_validation\trade_date=2026-07-17\exchange=NSE\symbol=AXISBANK\part-095447_354851-050018.parquet,36211,downloaded,36211,
2026-07-17,NSE,AXISBANK,raw_l2/trade_date=2026-07-17/exchange=NSE/symbol=AXISBANK/part-095433_116379-049986.parquet,real_data_sample\l2_unseen_validation\trade_date=2026-07-17\exchange=NSE\symbol=AXISBANK\part-095433_116379-049986.parquet,36467,downloaded,36467,
2026-07-17,NSE,AXISBANK,raw_l2/trade_date=2026-07-17/exchange=NSE/symbol=AXISBANK/part-095210_848899-049666.parquet,real_data_sample\l2_unseen_validation\trade_date=2026-07-17\exchange=NSE\symbol=AXISBANK\part-095210_848899-049666.parquet,35618,downloaded,35618,
2026-07-17,NSE,AXISBANK,raw_l2/trade_date=2026-07-17/exchange=NSE/symbol=AXISBANK/part-095823_369952-050498.parquet,real_data_sample\l2_unseen_validation\trade_date=2026-07-17\exchange=NSE\symbol=AXISBANK\part-095823_369952-050498.parquet,36031,downloaded,36031,
2026-07-17,NSE,AXISBANK,raw_l2/trade_date=2026-07-17/exchange=NSE/symbol=AXISBANK/part-095755_108096-050434.parquet,real_data_sample\l2_unseen_validation\trade_date=2026-07-17\exchange=NSE\symbol=AXISBANK\part-095755_108096-050434.parquet,36213,downloaded,36213,
2026-07-17,NSE,AXISBANK,raw_l2/trade_date=2026-07-17/exchange=NSE/symbol=AXISBANK/part-095559_130890-050178.parquet,real_data_sample\l2_unseen_validation\trade_date=2026-07-17\exchange=NSE\symbol=AXISBANK\part-095559_130890-050178.parquet,36616,downloaded,36616,
2026-07-17,NSE,AXISBANK,raw_l2/trade_date=2026-07-17/exchange=NSE/symbol=AXISBANK/part-095656_854642-050306.parquet,real_data_sample\l2_unseen_validation\trade_date=2026-07-17\exchange=NSE\symbol=AXISBANK\part-095656_854642-050306.parquet,36298,downloaded,36298,
2026-07-17,NSE,AXISBANK,raw_l2/trade_date=2026-07-17/exchange=NSE/symbol=AXISBANK/part-095740_864312-050402.parquet,real_data_sample\l2_unseen_validation\trade_date=2026-07-17\exchange=NSE\symbol=AXISBANK\part-095740_864312-050402.parquet,36800,downloaded,36800,
2026-07-17,NSE,AXISBANK,raw_l2/trade_date=2026-07-17/exchange=NSE/symbol=AXISBANK/part-095642_367129-050274.parquet,real_data_sample\l2_unseen_validation\trade_date=2026-07-17\exchange=NSE\symbol=AXISBANK\part-095642_367129-050274.parquet,36639,downloaded,36639,
2026-07-17,NSE,AXISBANK,raw_l2/trade_date=2026-07-17/exchange=NSE/symbol=AXISBANK/part-095726_361431-050370.parquet,real_data_sample\l2_unseen_validation\trade_date=2026-07-17\exchange=NSE\symbol=AXISBANK\part-095726_361431-050370.parquet,36419,downloaded,36419,
2026-07-17,NSE,AXISBANK,raw_l2/trade_date=2026-07-17/exchange=NSE/symbol=AXISBANK/part-095529_857210-050114.parquet,real_data_sample\l2_unseen_validation\trade_date=2026-07-17\exchange=NSE\symbol=AXISBANK\part-095529_857210-050114.parquet,36405,downloaded,36405,
2026-07-17,NSE,AXISBANK,raw_l2/trade_date=2026-07-17/exchange=NSE/symbol=AXISBANK/part-095627_864387-050242.parquet,real_data_sample\l2_unseen_validation\trade_date=2026-07-17\exchange=NSE\symbol=AXISBANK\part-095627_864387-050242.parquet,36328,downloaded,36328,
2026-07-17,NSE,AXISBANK,raw_l2/trade_date=2026-07-17/exchange=NSE/symbol=AXISBANK/part-095613_627149-050210.parquet,real_data_sample\l2_unseen_validation\trade_date=2026-07-17\exchange=NSE\symbol=AXISBANK\part-095613_627149-050210.parquet,36337,downloaded,36337,
2026-07-17,NSE,AXISBANK,raw_l2/trade_date=2026-07-17/exchange=NSE/symbol=AXISBANK/part-095544_415777-050146.parquet,real_data_sample\l2_unseen_validation\trade_date=2026-07-17\exchange=NSE\symbol=AXISBANK\part-095544_415777-050146.parquet,36245,downloaded,36245,
2026-07-17,NSE,AXISBANK,raw_l2/trade_date=2026-07-17/exchange=NSE/symbol=AXISBANK/part-095838_120394-050530.parquet,real_data_sample\l2_unseen_validation\trade_date=2026-07-17\exchange=NSE\symbol=AXISBANK\part-095838_120394-050530.parquet,36668,downloaded,36668,
2026-07-17,NSE,AXISBANK,raw_l2/trade_date=2026-07-17/exchange=NSE/symbol=AXISBANK/part-095809_357982-050466.parquet,real_data_sample\l2_unseen_validation\trade_date=2026-07-17\exchange=NSE\symbol=AXISBANK\part-095809_357982-050466.parquet,36216,downloaded,36216,
2026-07-17,NSE,AXISBANK,raw_l2/trade_date=2026-07-17/exchange=NSE/symbol=AXISBANK/part-095852_863595-050562.parquet,real_data_sample\l2_unseen_validation\trade_date=2026-07-17\exchange=NSE\symbol=AXISBANK\part-095852_863595-050562.parquet,36717,downloaded,36717,
2026-07-17,NSE,AXISBANK,raw_l2/trade_date=2026-07-17/exchange=NSE/symbol=AXISBANK/part-095711_877420-050338.parquet,real_data_sample\l2_unseen_validation\trade_date=2026-07-17\exchange=NSE\symbol=AXISBANK\part-095711_877420-050338.parquet,36498,downloaded,36498,
2026-07-17,NSE,AXISBANK,raw_l2/trade_date=2026-07-17/exchange=NSE/symbol=AXISBANK/part-094740_848695-049058.parquet,real_data_sample\l2_unseen_validation\trade_date=2026-07-17\exchange=NSE\symbol=AXISBANK\part-094740_848695-049058.parquet,34528,downloaded,34528,
2026-07-17,NSE,AXISBANK,raw_l2/trade_date=2026-07-17/exchange=NSE/symbol=AXISBANK/part-095921_886486-050626.parquet,real_data_sample\l2_unseen_validation\trade_date=2026-07-17\exchange=NSE\symbol=AXISBANK\part-095921_886486-050626.parquet,36573,downloaded,36573,
2026-07-17,NSE,AXISBANK,raw_l2/trade_date=2026-07-17/exchange=NSE/symbol=AXISBANK/part-095907_362467-050594.parquet,real_data_sample\l2_unseen_validation\trade_date=2026-07-17\exchange=NSE\symbol=AXISBANK\part-095907_362467-050594.parquet,36324,downloaded,36324,
2026-07-17,NSE,AXISBANK,raw_l2/trade_date=2026-07-17/exchange=NSE/symbol=AXISBANK/part-100127_096334-050766.parquet,real_data_sample\l2_unseen_validation\trade_date=2026-07-17\exchange=NSE\symbol=AXISBANK\part-100127_096334-050766.parquet,34088,downloaded,34088,
2026-07-17,NSE,AXISBANK,raw_l2/trade_date=2026-07-17/exchange=NSE/symbol=AXISBANK/part-095936_367837-050658.parquet,real_data_sample\l2_unseen_validation\trade_date=2026-07-17\exchange=NSE\symbol=AXISBANK\part-095936_367837-050658.parquet,36398,downloaded,36398,
2026-07-17,NSE,AXISBANK,raw_l2/trade_date=2026-07-17/exchange=NSE/symbol=AXISBANK/part-095950_849901-050690.parquet,real_data_sample\l2_unseen_validation\trade_date=2026-07-17\exchange=NSE\symbol=AXISBANK\part-095950_849901-050690.parquet,36198,downloaded,36198,
2026-07-17,NSE,BAJAJ-AUTO,raw_l2/trade_date=2026-07-17/exchange=NSE/symbol=BAJAJ-AUTO/part-034501_040268-000003.parquet,real_data_sample\l2_unseen_validation\trade_date=2026-07-17\exchange=NSE\symbol=BAJAJ-AUTO\part-034501_040268-000003.parquet,34112,downloaded,34112,
2026-07-17,NSE,AXISBANK,raw_l2/trade_date=2026-07-17/exchange=NSE/symbol=AXISBANK/part-100005_103628-050722.parquet,real_data_sample\l2_unseen_validation\trade_date=2026-07-17\exchange=NSE\symbol=AXISBANK\part-100005_103628-050722.parquet,35237,downloaded,35237,
2026-07-17,NSE,BAJAJ-AUTO,raw_l2/trade_date=2026-07-17/exchange=NSE/symbol=BAJAJ-AUTO/part-034515_427444-000035.parquet,real_data_sample\l2_unseen_validation\trade_date=2026-07-17\exchange=NSE\symbol=BAJAJ-AUTO\part-034515_427444-000035.parquet,34180,downloaded,34180,
2026-07-17,NSE,BAJAJ-AUTO,raw_l2/trade_date=2026-07-17/exchange=NSE/symbol=BAJAJ-AUTO/part-034529_200762-000067.parquet,real_data_sample\l2_unseen_validation\trade_date=2026-07-17\exchange=NSE\symbol=BAJAJ-AUTO\part-034529_200762-000067.parquet,34523,downloaded,34523,
2026-07-17,NSE,BAJAJ-AUTO,raw_l2/trade_date=2026-07-17/exchange=NSE/symbol=BAJAJ-AUTO/part-034542_960308-000099.parquet,real_data_sample\l2_unseen_validation\trade_date=2026-07-17\exchange=NSE\symbol=BAJAJ-AUTO\part-034542_960308-000099.parquet,34449,downloaded,34449,
2026-07-17,NSE,BAJAJ-AUTO,raw_l2/trade_date=2026-07-17/exchange=NSE/symbol=BAJAJ-AUTO/part-034557_436109-000131.parquet,real_data_sample\l2_unseen_validation\trade_date=2026-07-17\exchange=NSE\symbol=BAJAJ-AUTO\part-034557_436109-000131.parquet,34716,downloaded,34716,
2026-07-17,NSE,BAJAJ-AUTO,raw_l2/trade_date=2026-07-17/exchange=NSE/symbol=BAJAJ-AUTO/part-034611_441460-000163.parquet,real_data_sample\l2_unseen_validation\trade_date=2026-07-17\exchange=NSE\symbol=BAJAJ-AUTO\part-034611_441460-000163.parquet,34181,downloaded,34181,
2026-07-17,NSE,BAJAJ-AUTO,raw_l2/trade_date=2026-07-17/exchange=NSE/symbol=BAJAJ-AUTO/part-034625_435352-000195.parquet,real_data_sample\l2_unseen_validation\trade_date=2026-07-17\exchange=NSE\symbol=BAJAJ-AUTO\part-034625_435352-000195.parquet,34512,downloaded,34512,
2026-07-17,NSE,BAJAJ-AUTO,raw_l2/trade_date=2026-07-17/exchange=NSE/symbol=BAJAJ-AUTO/part-034639_501214-000227.parquet,real_data_sample\l2_unseen_validation\trade_date=2026-07-17\exchange=NSE\symbol=BAJAJ-AUTO\part-034639_501214-000227.parquet,34491,downloaded,34491,
2026-07-17,NSE,BAJAJ-AUTO,raw_l2/trade_date=2026-07-17/exchange=NSE/symbol=BAJAJ-AUTO/part-035050_690465-000803.parquet,real_data_sample\l2_unseen_validation\trade_date=2026-07-17\exchange=NSE\symbol=BAJAJ-AUTO\part-035050_690465-000803.parquet,36028,downloaded,36028,
2026-07-17,NSE,BAJAJ-AUTO,raw_l2/trade_date=2026-07-17/exchange=NSE/symbol=BAJAJ-AUTO/part-034831_694528-000483.parquet,real_data_sample\l2_unseen_validation\trade_date=2026-07-17\exchange=NSE\symbol=BAJAJ-AUTO\part-034831_694528-000483.parquet,35980,downloaded,35980,
2026-07-17,NSE,BAJAJ-AUTO,raw_l2/trade_date=2026-07-17/exchange=NSE/symbol=BAJAJ-AUTO/part-035104_448718-000835.parquet,real_data_sample\l2_unseen_validation\trade_date=2026-07-17\exchange=NSE\symbol=BAJAJ-AUTO\part-035104_448718-000835.parquet,36101,downloaded,36101,
2026-07-17,NSE,BAJAJ-AUTO,raw_l2/trade_date=2026-07-17/exchange=NSE/symbol=BAJAJ-AUTO/part-035309_446350-001123.parquet,real_data_sample\l2_unseen_validation\trade_date=2026-07-17\exchange=NSE\symbol=BAJAJ-AUTO\part-035309_446350-001123.parquet,35772,downloaded,35772,
2026-07-17,NSE,BAJAJ-AUTO,raw_l2/trade_date=2026-07-17/exchange=NSE/symbol=BAJAJ-AUTO/part-035255_446625-001091.parquet,real_data_sample\l2_unseen_validation\trade_date=2026-07-17\exchange=NSE\symbol=BAJAJ-AUTO\part-035255_446625-001091.parquet,36148,downloaded,36148,
2026-07-17,NSE,BAJAJ-AUTO,raw_l2/trade_date=2026-07-17/exchange=NSE/symbol=BAJAJ-AUTO/part-035131_951568-000899.parquet,real_data_sample\l2_unseen_validation\trade_date=2026-07-17\exchange=NSE\symbol=BAJAJ-AUTO\part-035131_951568-000899.parquet,35885,downloaded,35885,
2026-07-17,NSE,BAJAJ-AUTO,raw_l2/trade_date=2026-07-17/exchange=NSE/symbol=BAJAJ-AUTO/part-034721_458861-000323.parquet,real_data_sample\l2_unseen_validation\trade_date=2026-07-17\exchange=NSE\symbol=BAJAJ-AUTO\part-034721_458861-000323.parquet,34148,downloaded,34148,
2026-07-17,NSE,BAJAJ-AUTO,raw_l2/trade_date=2026-07-17/exchange=NSE/symbol=BAJAJ-AUTO/part-035227_436841-001027.parquet,real_data_sample\l2_unseen_validation\trade_date=2026-07-17\exchange=NSE\symbol=BAJAJ-AUTO\part-035227_436841-001027.parquet,35726,downloaded,35726,
2026-07-17,NSE,BAJAJ-AUTO,raw_l2/trade_date=2026-07-17/exchange=NSE/symbol=BAJAJ-AUTO/part-034845_447277-000515.parquet,real_data_sample\l2_unseen_validation\trade_date=2026-07-17\exchange=NSE\symbol=BAJAJ-AUTO\part-034845_447277-000515.parquet,35790,downloaded,35790,
2026-07-17,NSE,BAJAJ-AUTO,raw_l2/trade_date=2026-07-17/exchange=NSE/symbol=BAJAJ-AUTO/part-034803_811196-000419.parquet,real_data_sample\l2_unseen_validation\trade_date=2026-07-17\exchange=NSE\symbol=BAJAJ-AUTO\part-034803_811196-000419.parquet,34506,downloaded,34506,
2026-07-17,NSE,BAJAJ-AUTO,raw_l2/trade_date=2026-07-17/exchange=NSE/symbol=BAJAJ-AUTO/part-034707_448705-000291.parquet,real_data_sample\l2_unseen_validation\trade_date=2026-07-17\exchange=NSE\symbol=BAJAJ-AUTO\part-034707_448705-000291.parquet,34736,downloaded,34736,
2026-07-17,NSE,BAJAJ-AUTO,raw_l2/trade_date=2026-07-17/exchange=NSE/symbol=BAJAJ-AUTO/part-035009_210577-000707.parquet,real_data_sample\l2_unseen_validation\trade_date=2026-07-17\exchange=NSE\symbol=BAJAJ-AUTO\part-035009_210577-000707.parquet,36052,downloaded,36052,
2026-07-17,NSE,BAJAJ-AUTO,raw_l2/trade_date=2026-07-17/exchange=NSE/symbol=BAJAJ-AUTO/part-035213_701638-000995.parquet,real_data_sample\l2_unseen_validation\trade_date=2026-07-17\exchange=NSE\symbol=BAJAJ-AUTO\part-035213_701638-000995.parquet,35949,downloaded,35949,
2026-07-17,NSE,BAJAJ-AUTO,raw_l2/trade_date=2026-07-17/exchange=NSE/symbol=BAJAJ-AUTO/part-035145_704863-000931.parquet,real_data_sample\l2_unseen_validation\trade_date=2026-07-17\exchange=NSE\symbol=BAJAJ-AUTO\part-035145_704863-000931.parquet,35992,downloaded,35992,
2026-07-17,NSE,BAJAJ-AUTO,raw_l2/trade_date=2026-07-17/exchange=NSE/symbol=BAJAJ-AUTO/part-034817_934416-000451.parquet,real_data_sample\l2_unseen_validation\trade_date=2026-07-17\exchange=NSE\symbol=BAJAJ-AUTO\part-034817_934416-000451.parquet,35476,downloaded,35476,
2026-07-17,NSE,BAJAJ-AUTO,raw_l2/trade_date=2026-07-17/exchange=NSE/symbol=BAJAJ-AUTO/part-034749_693088-000387.parquet,real_data_sample\l2_unseen_validation\trade_date=2026-07-17\exchange=NSE\symbol=BAJAJ-AUTO\part-034749_693088-000387.parquet,34181,downloaded,34181,
2026-07-17,NSE,BAJAJ-AUTO,raw_l2/trade_date=2026-07-17/exchange=NSE/symbol=BAJAJ-AUTO/part-035118_212880-000867.parquet,real_data_sample\l2_unseen_validation\trade_date=2026-07-17\exchange=NSE\symbol=BAJAJ-AUTO\part-035118_212880-000867.parquet,36009,downloaded,36009,
2026-07-17,NSE,BAJAJ-AUTO,raw_l2/trade_date=2026-07-17/exchange=NSE/symbol=BAJAJ-AUTO/part-034859_194224-000547.parquet,real_data_sample\l2_unseen_validation\trade_date=2026-07-17\exchange=NSE\symbol=BAJAJ-AUTO\part-034859_194224-000547.parquet,35875,downloaded,35875,
2026-07-17,NSE,BAJAJ-AUTO,raw_l2/trade_date=2026-07-17/exchange=NSE/symbol=BAJAJ-AUTO/part-034735_456157-000355.parquet,real_data_sample\l2_unseen_validation\trade_date=2026-07-17\exchange=NSE\symbol=BAJAJ-AUTO\part-034735_456157-000355.parquet,34456,downloaded,34456,
2026-07-17,NSE,BAJAJ-AUTO,raw_l2/trade_date=2026-07-17/exchange=NSE/symbol=BAJAJ-AUTO/part-035241_474332-001059.parquet,real_data_sample\l2_unseen_validation\trade_date=2026-07-17\exchange=NSE\symbol=BAJAJ-AUTO\part-035241_474332-001059.parquet,36005,downloaded,36005,
2026-07-17,NSE,BAJAJ-AUTO,raw_l2/trade_date=2026-07-17/exchange=NSE/symbol=BAJAJ-AUTO/part-034941_210402-000643.parquet,real_data_sample\l2_unseen_validation\trade_date=2026-07-17\exchange=NSE\symbol=BAJAJ-AUTO\part-034941_210402-000643.parquet,35749,downloaded,35749,
2026-07-17,NSE,BAJAJ-AUTO,raw_l2/trade_date=2026-07-17/exchange=NSE/symbol=BAJAJ-AUTO/part-035023_227517-000739.parquet,real_data_sample\l2_unseen_validation\trade_date=2026-07-17\exchange=NSE\symbol=BAJAJ-AUTO\part-035023_227517-000739.parquet,36090,downloaded,36090,
2026-07-17,NSE,BAJAJ-AUTO,raw_l2/trade_date=2026-07-17/exchange=NSE/symbol=BAJAJ-AUTO/part-035323_236486-001155.parquet,real_data_sample\l2_unseen_validation\trade_date=2026-07-17\exchange=NSE\symbol=BAJAJ-AUTO\part-035323_236486-001155.parquet,35905,downloaded,35905,
2026-07-17,NSE,BAJAJ-AUTO,raw_l2/trade_date=2026-07-17/exchange=NSE/symbol=BAJAJ-AUTO/part-034913_238504-000579.parquet,real_data_sample\l2_unseen_validation\trade_date=2026-07-17\exchange=NSE\symbol=BAJAJ-AUTO\part-034913_238504-000579.parquet,35963,downloaded,35963,
2026-07-17,NSE,BAJAJ-AUTO,raw_l2/trade_date=2026-07-17/exchange=NSE/symbol=BAJAJ-AUTO/part-035337_185627-001187.parquet,real_data_sample\l2_unseen_validation\trade_date=2026-07-17\exchange=NSE\symbol=BAJAJ-AUTO\part-035337_185627-001187.parquet,35881,downloaded,35881,
2026-07-17,NSE,BAJAJ-AUTO,raw_l2/trade_date=2026-07-17/exchange=NSE/symbol=BAJAJ-AUTO/part-035350_966637-001219.parquet,real_data_sample\l2_unseen_validation\trade_date=2026-07-17\exchange=NSE\symbol=BAJAJ-AUTO\part-035350_966637-001219.parquet,35598,downloaded,35598,
2026-07-17,NSE,BAJAJ-AUTO,raw_l2/trade_date=2026-07-17/exchange=NSE/symbol=BAJAJ-AUTO/part-034955_207916-000675.parquet,real_data_sample\l2_unseen_validation\trade_date=2026-07-17\exchange=NSE\symbol=BAJAJ-AUTO\part-034955_207916-000675.parquet,35726,downloaded,35726,
2026-07-17,NSE,BAJAJ-AUTO,raw_l2/trade_date=2026-07-17/exchange=NSE/symbol=BAJAJ-AUTO/part-035159_726915-000963.parquet,real_data_sample\l2_unseen_validation\trade_date=2026-07-17\exchange=NSE\symbol=BAJAJ-AUTO\part-035159_726915-000963.parquet,36058,downloaded,36058,
2026-07-17,NSE,BAJAJ-AUTO,raw_l2/trade_date=2026-07-17/exchange=NSE/symbol=BAJAJ-AUTO/part-034927_227569-000611.parquet,real_data_sample\l2_unseen_validation\trade_date=2026-07-17\exchange=NSE\symbol=BAJAJ-AUTO\part-034927_227569-000611.parquet,35920,downloaded,35920,
2026-07-17,NSE,BAJAJ-AUTO,raw_l2/trade_date=2026-07-17/exchange=NSE/symbol=BAJAJ-AUTO/part-034653_713924-000259.parquet,real_data_sample\l2_unseen_validation\trade_date=2026-07-17\exchange=NSE\symbol=BAJAJ-AUTO\part-034653_713924-000259.parquet,34494,downloaded,34494,
2026-07-17,NSE,BAJAJ-AUTO,raw_l2/trade_date=2026-07-17/exchange=NSE/symbol=BAJAJ-AUTO/part-035404_938383-001251.parquet,real_data_sample\l2_unseen_validation\trade_date=2026-07-17\exchange=NSE\symbol=BAJAJ-AUTO\part-035404_938383-001251.parquet,35852,downloaded,35852,
2026-07-17,NSE,BAJAJ-AUTO,raw_l2/trade_date=2026-07-17/exchange=NSE/symbol=BAJAJ-AUTO/part-035446_459067-001347.parquet,real_data_sample\l2_unseen_validation\trade_date=2026-07-17\exchange=NSE\symbol=BAJAJ-AUTO\part-035446_459067-001347.parquet,35889,downloaded,35889,
2026-07-17,NSE,BAJAJ-AUTO,raw_l2/trade_date=2026-07-17/exchange=NSE/symbol=BAJAJ-AUTO/part-035432_455444-001315.parquet,real_data_sample\l2_unseen_validation\trade_date=2026-07-17\exchange=NSE\symbol=BAJAJ-AUTO\part-035432_455444-001315.parquet,35752,downloaded,35752,
2026-07-17,NSE,BAJAJ-AUTO,raw_l2/trade_date=2026-07-17/exchange=NSE/symbol=BAJAJ-AUTO/part-035500_499200-001379.parquet,real_data_sample\l2_unseen_validation\trade_date=2026-07-17\exchange=NSE\symbol=BAJAJ-AUTO\part-035500_499200-001379.parquet,35932,downloaded,35932,
2026-07-17,NSE,BAJAJ-AUTO,raw_l2/trade_date=2026-07-17/exchange=NSE/symbol=BAJAJ-AUTO/part-035418_701295-001283.parquet,real_data_sample\l2_unseen_validation\trade_date=2026-07-17\exchange=NSE\symbol=BAJAJ-AUTO\part-035418_701295-001283.parquet,35638,downloaded,35638,
2026-07-17,NSE,BAJAJ-AUTO,raw_l2/trade_date=2026-07-17/exchange=NSE/symbol=BAJAJ-AUTO/part-035514_431912-001411.parquet,real_data_sample\l2_unseen_validation\trade_date=2026-07-17\exchange=NSE\symbol=BAJAJ-AUTO\part-035514_431912-001411.parquet,36043,downloaded,36043,
2026-07-17,NSE,BAJAJ-AUTO,raw_l2/trade_date=2026-07-17/exchange=NSE/symbol=BAJAJ-AUTO/part-035652_202953-001635.parquet,real_data_sample\l2_unseen_validation\trade_date=2026-07-17\exchange=NSE\symbol=BAJAJ-AUTO\part-035652_202953-001635.parquet,36268,downloaded,36268,
2026-07-17,NSE,BAJAJ-AUTO,raw_l2/trade_date=2026-07-17/exchange=NSE/symbol=BAJAJ-AUTO/part-035624_454703-001571.parquet,real_data_sample\l2_unseen_validation\trade_date=2026-07-17\exchange=NSE\symbol=BAJAJ-AUTO\part-035624_454703-001571.parquet,35966,downloaded,35966,
2026-07-17,NSE,BAJAJ-AUTO,raw_l2/trade_date=2026-07-17/exchange=NSE/symbol=BAJAJ-AUTO/part-035610_232713-001539.parquet,real_data_sample\l2_unseen_validation\trade_date=2026-07-17\exchange=NSE\symbol=BAJAJ-AUTO\part-035610_232713-001539.parquet,36089,downloaded,36089,
2026-07-17,NSE,BAJAJ-AUTO,raw_l2/trade_date=2026-07-17/exchange=NSE/symbol=BAJAJ-AUTO/part-035705_939185-001667.parquet,real_data_sample\l2_unseen_validation\trade_date=2026-07-17\exchange=NSE\symbol=BAJAJ-AUTO\part-035705_939185-001667.parquet,36035,downloaded,36035,
2026-07-17,NSE,BAJAJ-AUTO,raw_l2/trade_date=2026-07-17/exchange=NSE/symbol=BAJAJ-AUTO/part-035719_957218-001699.parquet,real_data_sample\l2_unseen_validation\trade_date=2026-07-17\exchange=NSE\symbol=BAJAJ-AUTO\part-035719_957218-001699.parquet,36251,downloaded,36251,
2026-07-17,NSE,BAJAJ-AUTO,raw_l2/trade_date=2026-07-17/exchange=NSE/symbol=BAJAJ-AUTO/part-035542_445798-001475.parquet,real_data_sample\l2_unseen_validation\trade_date=2026-07-17\exchange=NSE\symbol=BAJAJ-AUTO\part-035542_445798-001475.parquet,36323,downloaded,36323,
2026-07-17,NSE,BAJAJ-AUTO,raw_l2/trade_date=2026-07-17/exchange=NSE/symbol=BAJAJ-AUTO/part-035528_454396-001443.parquet,real_data_sample\l2_unseen_validation\trade_date=2026-07-17\exchange=NSE\symbol=BAJAJ-AUTO\part-035528_454396-001443.parquet,36303,downloaded,36303,
2026-07-17,NSE,AXISBANK,raw_l2/trade_date=2026-07-17/exchange=NSE/symbol=AXISBANK/part-092332_412660-045826.parquet,real_data_sample\l2_unseen_validation\trade_date=2026-07-17\exchange=NSE\symbol=AXISBANK\part-092332_412660-045826.parquet,36473,downloaded,36473,
2026-07-17,NSE,BAJAJ-AUTO,raw_l2/trade_date=2026-07-17/exchange=NSE/symbol=BAJAJ-AUTO/part-035816_961722-001827.parquet,real_data_sample\l2_unseen_validation\trade_date=2026-07-17\exchange=NSE\symbol=BAJAJ-AUTO\part-035816_961722-001827.parquet,36092,downloaded,36092,
2026-07-17,NSE,BAJAJ-AUTO,raw_l2/trade_date=2026-07-17/exchange=NSE/symbol=BAJAJ-AUTO/part-040146_191420-002307.parquet,real_data_sample\l2_unseen_validation\trade_date=2026-07-17\exchange=NSE\symbol=BAJAJ-AUTO\part-040146_191420-002307.parquet,36030,downloaded,36030,
2026-07-17,NSE,BAJAJ-AUTO,raw_l2/trade_date=2026-07-17/exchange=NSE/symbol=BAJAJ-AUTO/part-035638_192312-001603.parquet,real_data_sample\l2_unseen_validation\trade_date=2026-07-17\exchange=NSE\symbol=BAJAJ-AUTO\part-035638_192312-001603.parquet,35755,downloaded,35755,
2026-07-17,NSE,BAJAJ-AUTO,raw_l2/trade_date=2026-07-17/exchange=NSE/symbol=BAJAJ-AUTO/part-035748_223977-001763.parquet,real_data_sample\l2_unseen_validation\trade_date=2026-07-17\exchange=NSE\symbol=BAJAJ-AUTO\part-035748_223977-001763.parquet,36113,downloaded,36113,
2026-07-17,NSE,BAJAJ-AUTO,raw_l2/trade_date=2026-07-17/exchange=NSE/symbol=BAJAJ-AUTO/part-035830_970666-001859.parquet,real_data_sample\l2_unseen_validation\trade_date=2026-07-17\exchange=NSE\symbol=BAJAJ-AUTO\part-035830_970666-001859.parquet,35827,downloaded,35827,
2026-07-17,NSE,BAJAJ-AUTO,raw_l2/trade_date=2026-07-17/exchange=NSE/symbol=BAJAJ-AUTO/part-035926_942490-001987.parquet,real_data_sample\l2_unseen_validation\trade_date=2026-07-17\exchange=NSE\symbol=BAJAJ-AUTO\part-035926_942490-001987.parquet,35787,downloaded,35787,
2026-07-17,NSE,BAJAJ-AUTO,raw_l2/trade_date=2026-07-17/exchange=NSE/symbol=BAJAJ-AUTO/part-040104_701814-002211.parquet,real_data_sample\l2_unseen_validation\trade_date=2026-07-17\exchange=NSE\symbol=BAJAJ-AUTO\part-040104_701814-002211.parquet,35856,downloaded,35856,
2026-07-17,NSE,BAJAJ-AUTO,raw_l2/trade_date=2026-07-17/exchange=NSE/symbol=BAJAJ-AUTO/part-035802_481323-001795.parquet,real_data_sample\l2_unseen_validation\trade_date=2026-07-17\exchange=NSE\symbol=BAJAJ-AUTO\part-035802_481323-001795.parquet,36385,downloaded,36385,
2026-07-17,NSE,BAJAJ-AUTO,raw_l2/trade_date=2026-07-17/exchange=NSE/symbol=BAJAJ-AUTO/part-040118_682058-002243.parquet,real_data_sample\l2_unseen_validation\trade_date=2026-07-17\exchange=NSE\symbol=BAJAJ-AUTO\part-040118_682058-002243.parquet,35806,downloaded,35806,
2026-07-17,NSE,BAJAJ-AUTO,raw_l2/trade_date=2026-07-17/exchange=NSE/symbol=BAJAJ-AUTO/part-040132_442422-002275.parquet,real_data_sample\l2_unseen_validation\trade_date=2026-07-17\exchange=NSE\symbol=BAJAJ-AUTO\part-040132_442422-002275.parquet,35903,downloaded,35903,
2026-07-17,NSE,BAJAJ-AUTO,raw_l2/trade_date=2026-07-17/exchange=NSE/symbol=BAJAJ-AUTO/part-040023_254832-002115.parquet,real_data_sample\l2_unseen_validation\trade_date=2026-07-17\exchange=NSE\symbol=BAJAJ-AUTO\part-040023_254832-002115.parquet,35953,downloaded,35953,
2026-07-17,NSE,BAJAJ-AUTO,raw_l2/trade_date=2026-07-17/exchange=NSE/symbol=BAJAJ-AUTO/part-040037_219575-002147.parquet,real_data_sample\l2_unseen_validation\trade_date=2026-07-17\exchange=NSE\symbol=BAJAJ-AUTO\part-040037_219575-002147.parquet,36091,downloaded,36091,
2026-07-17,NSE,BAJAJ-AUTO,raw_l2/trade_date=2026-07-17/exchange=NSE/symbol=BAJAJ-AUTO/part-035844_954182-001891.parquet,real_data_sample\l2_unseen_validation\trade_date=2026-07-17\exchange=NSE\symbol=BAJAJ-AUTO\part-035844_954182-001891.parquet,35871,downloaded,35871,
2026-07-17,NSE,BAJAJ-AUTO,raw_l2/trade_date=2026-07-17/exchange=NSE/symbol=BAJAJ-AUTO/part-035734_008684-001731.parquet,real_data_sample\l2_unseen_validation\trade_date=2026-07-17\exchange=NSE\symbol=BAJAJ-AUTO\part-035734_008684-001731.parquet,36100,downloaded,36100,
2026-07-17,NSE,BAJAJ-AUTO,raw_l2/trade_date=2026-07-17/exchange=NSE/symbol=BAJAJ-AUTO/part-035912_958678-001955.parquet,real_data_sample\l2_unseen_validation\trade_date=2026-07-17\exchange=NSE\symbol=BAJAJ-AUTO\part-035912_958678-001955.parquet,35897,downloaded,35897,
2026-07-17,NSE,BAJAJ-AUTO,raw_l2/trade_date=2026-07-17/exchange=NSE/symbol=BAJAJ-AUTO/part-035858_980762-001923.parquet,real_data_sample\l2_unseen_validation\trade_date=2026-07-17\exchange=NSE\symbol=BAJAJ-AUTO\part-035858_980762-001923.parquet,36039,downloaded,36039,
2026-07-17,NSE,BAJAJ-AUTO,raw_l2/trade_date=2026-07-17/exchange=NSE/symbol=BAJAJ-AUTO/part-040050_932335-002179.parquet,real_data_sample\l2_unseen_validation\trade_date=2026-07-17\exchange=NSE\symbol=BAJAJ-AUTO\part-040050_932335-002179.parquet,36132,downloaded,36132,
2026-07-17,NSE,BAJAJ-AUTO,raw_l2/trade_date=2026-07-17/exchange=NSE/symbol=BAJAJ-AUTO/part-035940_979417-002019.parquet,real_data_sample\l2_unseen_validation\trade_date=2026-07-17\exchange=NSE\symbol=BAJAJ-AUTO\part-035940_979417-002019.parquet,35794,downloaded,35794,
2026-07-17,NSE,BAJAJ-AUTO,raw_l2/trade_date=2026-07-17/exchange=NSE/symbol=BAJAJ-AUTO/part-035556_192717-001507.parquet,real_data_sample\l2_unseen_validation\trade_date=2026-07-17\exchange=NSE\symbol=BAJAJ-AUTO\part-035556_192717-001507.parquet,36053,downloaded,36053,
2026-07-17,NSE,BAJAJ-AUTO,raw_l2/trade_date=2026-07-17/exchange=NSE/symbol=BAJAJ-AUTO/part-040009_186642-002083.parquet,real_data_sample\l2_unseen_validation\trade_date=2026-07-17\exchange=NSE\symbol=BAJAJ-AUTO\part-040009_186642-002083.parquet,35640,downloaded,35640,
2026-07-17,NSE,BAJAJ-AUTO,raw_l2/trade_date=2026-07-17/exchange=NSE/symbol=BAJAJ-AUTO/part-035954_943331-002051.parquet,real_data_sample\l2_unseen_validation\trade_date=2026-07-17\exchange=NSE\symbol=BAJAJ-AUTO\part-035954_943331-002051.parquet,35648,downloaded,35648,
2026-07-17,NSE,BAJAJ-AUTO,raw_l2/trade_date=2026-07-17/exchange=NSE/symbol=BAJAJ-AUTO/part-035036_995802-000771.parquet,real_data_sample\l2_unseen_validation\trade_date=2026-07-17\exchange=NSE\symbol=BAJAJ-AUTO\part-035036_995802-000771.parquet,36264,downloaded,36264,
2026-07-17,NSE,BAJAJ-AUTO,raw_l2/trade_date=2026-07-17/exchange=NSE/symbol=BAJAJ-AUTO/part-040200_207715-002339.parquet,real_data_sample\l2_unseen_validation\trade_date=2026-07-17\exchange=NSE\symbol=BAJAJ-AUTO\part-040200_207715-002339.parquet,35613,downloaded,35613,
2026-07-17,NSE,BAJAJ-AUTO,raw_l2/trade_date=2026-07-17/exchange=NSE/symbol=BAJAJ-AUTO/part-040214_200019-002371.parquet,real_data_sample\l2_unseen_validation\trade_date=2026-07-17\exchange=NSE\symbol=BAJAJ-AUTO\part-040214_200019-002371.parquet,35885,downloaded,35885,
2026-07-17,NSE,BAJAJ-AUTO,raw_l2/trade_date=2026-07-17/exchange=NSE/symbol=BAJAJ-AUTO/part-040256_499315-002467.parquet,real_data_sample\l2_unseen_validation\trade_date=2026-07-17\exchange=NSE\symbol=BAJAJ-AUTO\part-040256_499315-002467.parquet,35734,downloaded,35734,
2026-07-17,NSE,BAJAJ-AUTO,raw_l2/trade_date=2026-07-17/exchange=NSE/symbol=BAJAJ-AUTO/part-040242_217725-002435.parquet,real_data_sample\l2_unseen_validation\trade_date=2026-07-17\exchange=NSE\symbol=BAJAJ-AUTO\part-040242_217725-002435.parquet,35707,downloaded,35707,
2026-07-17,NSE,BAJAJ-AUTO,raw_l2/trade_date=2026-07-17/exchange=NSE/symbol=BAJAJ-AUTO/part-040227_941049-002403.parquet,real_data_sample\l2_unseen_validation\trade_date=2026-07-17\exchange=NSE\symbol=BAJAJ-AUTO\part-040227_941049-002403.parquet,35827,downloaded,35827,
2026-07-17,NSE,BAJAJ-AUTO,raw_l2/trade_date=2026-07-17/exchange=NSE/symbol=BAJAJ-AUTO/part-040503_750921-002755.parquet,real_data_sample\l2_unseen_validation\trade_date=2026-07-17\exchange=NSE\symbol=BAJAJ-AUTO\part-040503_750921-002755.parquet,35631,downloaded,35631,
2026-07-17,NSE,BAJAJ-AUTO,raw_l2/trade_date=2026-07-17/exchange=NSE/symbol=BAJAJ-AUTO/part-040421_692662-002659.parquet,real_data_sample\l2_unseen_validation\trade_date=2026-07-17\exchange=NSE\symbol=BAJAJ-AUTO\part-040421_692662-002659.parquet,35237,downloaded,35237,
2026-07-17,NSE,BAJAJ-AUTO,raw_l2/trade_date=2026-07-17/exchange=NSE/symbol=BAJAJ-AUTO/part-040449_686320-002723.parquet,real_data_sample\l2_unseen_validation\trade_date=2026-07-17\exchange=NSE\symbol=BAJAJ-AUTO\part-040449_686320-002723.parquet,35559,downloaded,35559,
2026-07-17,NSE,BAJAJ-AUTO,raw_l2/trade_date=2026-07-17/exchange=NSE/symbol=BAJAJ-AUTO/part-040945_958722-003395.parquet,real_data_sample\l2_unseen_validation\trade_date=2026-07-17\exchange=NSE\symbol=BAJAJ-AUTO\part-040945_958722-003395.parquet,34758,downloaded,34758,
2026-07-17,NSE,BAJAJ-AUTO,raw_l2/trade_date=2026-07-17/exchange=NSE/symbol=BAJAJ-AUTO/part-040709_950035-003043.parquet,real_data_sample\l2_unseen_validation\trade_date=2026-07-17\exchange=NSE\symbol=BAJAJ-AUTO\part-040709_950035-003043.parquet,34683,downloaded,34683,
2026-07-17,NSE,BAJAJ-AUTO,raw_l2/trade_date=2026-07-17/exchange=NSE/symbol=BAJAJ-AUTO/part-040311_189573-002499.parquet,real_data_sample\l2_unseen_validation\trade_date=2026-07-17\exchange=NSE\symbol=BAJAJ-AUTO\part-040311_189573-002499.parquet,35838,downloaded,35838,
2026-07-17,NSE,BAJAJ-AUTO,raw_l2/trade_date=2026-07-17/exchange=NSE/symbol=BAJAJ-AUTO/part-040655_956710-003011.parquet,real_data_sample\l2_unseen_validation\trade_date=2026-07-17\exchange=NSE\symbol=BAJAJ-AUTO\part-040655_956710-003011.parquet,34468,downloaded,34468,
2026-07-17,NSE,BAJAJ-AUTO,raw_l2/trade_date=2026-07-17/exchange=NSE/symbol=BAJAJ-AUTO/part-040641_961150-002979.parquet,real_data_sample\l2_unseen_validation\trade_date=2026-07-17\exchange=NSE\symbol=BAJAJ-AUTO\part-040641_961150-002979.parquet,34718,downloaded,34718,
2026-07-17,NSE,BAJAJ-AUTO,raw_l2/trade_date=2026-07-17/exchange=NSE/symbol=BAJAJ-AUTO/part-040834_694732-003235.parquet,real_data_sample\l2_unseen_validation\trade_date=2026-07-17\exchange=NSE\symbol=BAJAJ-AUTO\part-040834_694732-003235.parquet,34455,downloaded,34455,
2026-07-17,NSE,BAJAJ-AUTO,raw_l2/trade_date=2026-07-17/exchange=NSE/symbol=BAJAJ-AUTO/part-041000_225582-003427.parquet,real_data_sample\l2_unseen_validation\trade_date=2026-07-17\exchange=NSE\symbol=BAJAJ-AUTO\part-041000_225582-003427.parquet,34574,downloaded,34574,
2026-07-17,NSE,BAJAJ-AUTO,raw_l2/trade_date=2026-07-17/exchange=NSE/symbol=BAJAJ-AUTO/part-041014_245445-003459.parquet,real_data_sample\l2_unseen_validation\trade_date=2026-07-17\exchange=NSE\symbol=BAJAJ-AUTO\part-041014_245445-003459.parquet,35066,downloaded,35066,
2026-07-17,NSE,BAJAJ-AUTO,raw_l2/trade_date=2026-07-17/exchange=NSE/symbol=BAJAJ-AUTO/part-040353_702568-002595.parquet,real_data_sample\l2_unseen_validation\trade_date=2026-07-17\exchange=NSE\symbol=BAJAJ-AUTO\part-040353_702568-002595.parquet,34679,downloaded,34679,
2026-07-17,NSE,BAJAJ-AUTO,raw_l2/trade_date=2026-07-17/exchange=NSE/symbol=BAJAJ-AUTO/part-040848_956717-003267.parquet,real_data_sample\l2_unseen_validation\trade_date=2026-07-17\exchange=NSE\symbol=BAJAJ-AUTO\part-040848_956717-003267.parquet,34639,downloaded,34639,
2026-07-17,NSE,BAJAJ-AUTO,raw_l2/trade_date=2026-07-17/exchange=NSE/symbol=BAJAJ-AUTO/part-040339_441170-002563.parquet,real_data_sample\l2_unseen_validation\trade_date=2026-07-17\exchange=NSE\symbol=BAJAJ-AUTO\part-040339_441170-002563.parquet,34718,downloaded,34718,
2026-07-17,NSE,BAJAJ-AUTO,raw_l2/trade_date=2026-07-17/exchange=NSE/symbol=BAJAJ-AUTO/part-040820_302838-003203.parquet,real_data_sample\l2_unseen_validation\trade_date=2026-07-17\exchange=NSE\symbol=BAJAJ-AUTO\part-040820_302838-003203.parquet,34528,downloaded,34528,
2026-07-17,NSE,BAJAJ-AUTO,raw_l2/trade_date=2026-07-17/exchange=NSE/symbol=BAJAJ-AUTO/part-040931_472300-003363.parquet,real_data_sample\l2_unseen_validation\trade_date=2026-07-17\exchange=NSE\symbol=BAJAJ-AUTO\part-040931_472300-003363.parquet,34396,downloaded,34396,
2026-07-17,NSE,BAJAJ-AUTO,raw_l2/trade_date=2026-07-17/exchange=NSE/symbol=BAJAJ-AUTO/part-040325_310152-002531.parquet,real_data_sample\l2_unseen_validation\trade_date=2026-07-17\exchange=NSE\symbol=BAJAJ-AUTO\part-040325_310152-002531.parquet,34661,downloaded,34661,
2026-07-17,NSE,BAJAJ-AUTO,raw_l2/trade_date=2026-07-17/exchange=NSE/symbol=BAJAJ-AUTO/part-040546_219615-002851.parquet,real_data_sample\l2_unseen_validation\trade_date=2026-07-17\exchange=NSE\symbol=BAJAJ-AUTO\part-040546_219615-002851.parquet,34688,downloaded,34688,
2026-07-17,NSE,BAJAJ-AUTO,raw_l2/trade_date=2026-07-17/exchange=NSE/symbol=BAJAJ-AUTO/part-040903_246907-003299.parquet,real_data_sample\l2_unseen_validation\trade_date=2026-07-17\exchange=NSE\symbol=BAJAJ-AUTO\part-040903_246907-003299.parquet,34571,downloaded,34571,
2026-07-17,NSE,BAJAJ-AUTO,raw_l2/trade_date=2026-07-17/exchange=NSE/symbol=BAJAJ-AUTO/part-040806_194556-003171.parquet,real_data_sample\l2_unseen_validation\trade_date=2026-07-17\exchange=NSE\symbol=BAJAJ-AUTO\part-040806_194556-003171.parquet,34523,downloaded,34523,
2026-07-17,NSE,BAJAJ-AUTO,raw_l2/trade_date=2026-07-17/exchange=NSE/symbol=BAJAJ-AUTO/part-040737_945322-003107.parquet,real_data_sample\l2_unseen_validation\trade_date=2026-07-17\exchange=NSE\symbol=BAJAJ-AUTO\part-040737_945322-003107.parquet,34678,downloaded,34678,
2026-07-17,NSE,BAJAJ-AUTO,raw_l2/trade_date=2026-07-17/exchange=NSE/symbol=BAJAJ-AUTO/part-040532_198247-002819.parquet,real_data_sample\l2_unseen_validation\trade_date=2026-07-17\exchange=NSE\symbol=BAJAJ-AUTO\part-040532_198247-002819.parquet,34702,downloaded,34702,
2026-07-17,NSE,BAJAJ-AUTO,raw_l2/trade_date=2026-07-17/exchange=NSE/symbol=BAJAJ-AUTO/part-040600_217237-002883.parquet,real_data_sample\l2_unseen_validation\trade_date=2026-07-17\exchange=NSE\symbol=BAJAJ-AUTO\part-040600_217237-002883.parquet,34608,downloaded,34608,
2026-07-17,NSE,BAJAJ-AUTO,raw_l2/trade_date=2026-07-17/exchange=NSE/symbol=BAJAJ-AUTO/part-040724_006813-003075.parquet,real_data_sample\l2_unseen_validation\trade_date=2026-07-17\exchange=NSE\symbol=BAJAJ-AUTO\part-040724_006813-003075.parquet,34415,downloaded,34415,
2026-07-17,NSE,BAJAJ-AUTO,raw_l2/trade_date=2026-07-17/exchange=NSE/symbol=BAJAJ-AUTO/part-040517_984910-002787.parquet,real_data_sample\l2_unseen_validation\trade_date=2026-07-17\exchange=NSE\symbol=BAJAJ-AUTO\part-040517_984910-002787.parquet,35123,downloaded,35123,
2026-07-17,NSE,BAJAJ-AUTO,raw_l2/trade_date=2026-07-17/exchange=NSE/symbol=BAJAJ-AUTO/part-041028_278213-003491.parquet,real_data_sample\l2_unseen_validation\trade_date=2026-07-17\exchange=NSE\symbol=BAJAJ-AUTO\part-041028_278213-003491.parquet,35865,downloaded,35865,
2026-07-17,NSE,BAJAJ-AUTO,raw_l2/trade_date=2026-07-17/exchange=NSE/symbol=BAJAJ-AUTO/part-040752_194797-003139.parquet,real_data_sample\l2_unseen_validation\trade_date=2026-07-17\exchange=NSE\symbol=BAJAJ-AUTO\part-040752_194797-003139.parquet,34619,downloaded,34619,
2026-07-17,NSE,BAJAJ-AUTO,raw_l2/trade_date=2026-07-17/exchange=NSE/symbol=BAJAJ-AUTO/part-040435_695364-002691.parquet,real_data_sample\l2_unseen_validation\trade_date=2026-07-17\exchange=NSE\symbol=BAJAJ-AUTO\part-040435_695364-002691.parquet,35382,downloaded,35382,
2026-07-17,NSE,BAJAJ-AUTO,raw_l2/trade_date=2026-07-17/exchange=NSE/symbol=BAJAJ-AUTO/part-040628_184945-002947.parquet,real_data_sample\l2_unseen_validation\trade_date=2026-07-17\exchange=NSE\symbol=BAJAJ-AUTO\part-040628_184945-002947.parquet,34529,downloaded,34529,
2026-07-17,NSE,BAJAJ-AUTO,raw_l2/trade_date=2026-07-17/exchange=NSE/symbol=BAJAJ-AUTO/part-040614_189675-002915.parquet,real_data_sample\l2_unseen_validation\trade_date=2026-07-17\exchange=NSE\symbol=BAJAJ-AUTO\part-040614_189675-002915.parquet,34627,downloaded,34627,
2026-07-17,NSE,BAJAJ-AUTO,raw_l2/trade_date=2026-07-17/exchange=NSE/symbol=BAJAJ-AUTO/part-040917_234473-003331.parquet,real_data_sample\l2_unseen_validation\trade_date=2026-07-17\exchange=NSE\symbol=BAJAJ-AUTO\part-040917_234473-003331.parquet,34686,downloaded,34686,
2026-07-17,NSE,BAJAJ-AUTO,raw_l2/trade_date=2026-07-17/exchange=NSE/symbol=BAJAJ-AUTO/part-041440_464436-004067.parquet,real_data_sample\l2_unseen_validation\trade_date=2026-07-17\exchange=NSE\symbol=BAJAJ-AUTO\part-041440_464436-004067.parquet,35277,downloaded,35277,
2026-07-17,NSE,BAJAJ-AUTO,raw_l2/trade_date=2026-07-17/exchange=NSE/symbol=BAJAJ-AUTO/part-041042_507115-003523.parquet,real_data_sample\l2_unseen_validation\trade_date=2026-07-17\exchange=NSE\symbol=BAJAJ-AUTO\part-041042_507115-003523.parquet,35902,downloaded,35902,
2026-07-17,NSE,BAJAJ-AUTO,raw_l2/trade_date=2026-07-17/exchange=NSE/symbol=BAJAJ-AUTO/part-041316_193672-003875.parquet,real_data_sample\l2_unseen_validation\trade_date=2026-07-17\exchange=NSE\symbol=BAJAJ-AUTO\part-041316_193672-003875.parquet,35621,downloaded,35621,
2026-07-17,NSE,BAJAJ-AUTO,raw_l2/trade_date=2026-07-17/exchange=NSE/symbol=BAJAJ-AUTO/part-041302_202585-003843.parquet,real_data_sample\l2_unseen_validation\trade_date=2026-07-17\exchange=NSE\symbol=BAJAJ-AUTO\part-041302_202585-003843.parquet,35208,downloaded,35208,
2026-07-17,NSE,BAJAJ-AUTO,raw_l2/trade_date=2026-07-17/exchange=NSE/symbol=BAJAJ-AUTO/part-041234_497988-003779.parquet,real_data_sample\l2_unseen_validation\trade_date=2026-07-17\exchange=NSE\symbol=BAJAJ-AUTO\part-041234_497988-003779.parquet,35824,downloaded,35824,
2026-07-17,NSE,BAJAJ-AUTO,raw_l2/trade_date=2026-07-17/exchange=NSE/symbol=BAJAJ-AUTO/part-041426_464761-004035.parquet,real_data_sample\l2_unseen_validation\trade_date=2026-07-17\exchange=NSE\symbol=BAJAJ-AUTO\part-041426_464761-004035.parquet,35782,downloaded,35782,
2026-07-17,NSE,BAJAJ-AUTO,raw_l2/trade_date=2026-07-17/exchange=NSE/symbol=BAJAJ-AUTO/part-041056_742903-003555.parquet,real_data_sample\l2_unseen_validation\trade_date=2026-07-17\exchange=NSE\symbol=BAJAJ-AUTO\part-041056_742903-003555.parquet,36036,downloaded,36036,
2026-07-17,NSE,BAJAJ-AUTO,raw_l2/trade_date=2026-07-17/exchange=NSE/symbol=BAJAJ-AUTO/part-041248_450352-003811.parquet,real_data_sample\l2_unseen_validation\trade_date=2026-07-17\exchange=NSE\symbol=BAJAJ-AUTO\part-041248_450352-003811.parquet,35492,downloaded,35492,
2026-07-17,NSE,BAJAJ-AUTO,raw_l2/trade_date=2026-07-17/exchange=NSE/symbol=BAJAJ-AUTO/part-041618_953770-004291.parquet,real_data_sample\l2_unseen_validation\trade_date=2026-07-17\exchange=NSE\symbol=BAJAJ-AUTO\part-041618_953770-004291.parquet,35635,downloaded,35635,
2026-07-17,NSE,BAJAJ-AUTO,raw_l2/trade_date=2026-07-17/exchange=NSE/symbol=BAJAJ-AUTO/part-041536_189014-004195.parquet,real_data_sample\l2_unseen_validation\trade_date=2026-07-17\exchange=NSE\symbol=BAJAJ-AUTO\part-041536_189014-004195.parquet,35213,downloaded,35213,
2026-07-17,NSE,BAJAJ-AUTO,raw_l2/trade_date=2026-07-17/exchange=NSE/symbol=BAJAJ-AUTO/part-041550_991420-004227.parquet,real_data_sample\l2_unseen_validation\trade_date=2026-07-17\exchange=NSE\symbol=BAJAJ-AUTO\part-041550_991420-004227.parquet,35325,downloaded,35325,
2026-07-17,NSE,BAJAJ-AUTO,raw_l2/trade_date=2026-07-17/exchange=NSE/symbol=BAJAJ-AUTO/part-041605_196771-004259.parquet,real_data_sample\l2_unseen_validation\trade_date=2026-07-17\exchange=NSE\symbol=BAJAJ-AUTO\part-041605_196771-004259.parquet,35361,downloaded,35361,
2026-07-17,NSE,BAJAJ-AUTO,raw_l2/trade_date=2026-07-17/exchange=NSE/symbol=BAJAJ-AUTO/part-041344_245058-003939.parquet,real_data_sample\l2_unseen_validation\trade_date=2026-07-17\exchange=NSE\symbol=BAJAJ-AUTO\part-041344_245058-003939.parquet,35255,downloaded,35255,
2026-07-17,NSE,BAJAJ-AUTO,raw_l2/trade_date=2026-07-17/exchange=NSE/symbol=BAJAJ-AUTO/part-041330_255182-003907.parquet,real_data_sample\l2_unseen_validation\trade_date=2026-07-17\exchange=NSE\symbol=BAJAJ-AUTO\part-041330_255182-003907.parquet,35601,downloaded,35601,
2026-07-17,NSE,BAJAJ-AUTO,raw_l2/trade_date=2026-07-17/exchange=NSE/symbol=BAJAJ-AUTO/part-041412_453649-004003.parquet,real_data_sample\l2_unseen_validation\trade_date=2026-07-17\exchange=NSE\symbol=BAJAJ-AUTO\part-041412_453649-004003.parquet,36075,downloaded,36075,
2026-07-17,NSE,BAJAJ-AUTO,raw_l2/trade_date=2026-07-17/exchange=NSE/symbol=BAJAJ-AUTO/part-041522_213155-004163.parquet,real_data_sample\l2_unseen_validation\trade_date=2026-07-17\exchange=NSE\symbol=BAJAJ-AUTO\part-041522_213155-004163.parquet,35415,downloaded,35415,
2026-07-17,NSE,BAJAJ-AUTO,raw_l2/trade_date=2026-07-17/exchange=NSE/symbol=BAJAJ-AUTO/part-041358_216103-003971.parquet,real_data_sample\l2_unseen_validation\trade_date=2026-07-17\exchange=NSE\symbol=BAJAJ-AUTO\part-041358_216103-003971.parquet,35529,downloaded,35529,
2026-07-17,NSE,BAJAJ-AUTO,raw_l2/trade_date=2026-07-17/exchange=NSE/symbol=BAJAJ-AUTO/part-041508_458380-004131.parquet,real_data_sample\l2_unseen_validation\trade_date=2026-07-17\exchange=NSE\symbol=BAJAJ-AUTO\part-041508_458380-004131.parquet,35069,downloaded,35069,
2026-07-17,NSE,BAJAJ-AUTO,raw_l2/trade_date=2026-07-17/exchange=NSE/symbol=BAJAJ-AUTO/part-041124_937741-003619.parquet,real_data_sample\l2_unseen_validation\trade_date=2026-07-17\exchange=NSE\symbol=BAJAJ-AUTO\part-041124_937741-003619.parquet,35585,downloaded,35585,
2026-07-17,NSE,BAJAJ-AUTO,raw_l2/trade_date=2026-07-17/exchange=NSE/symbol=BAJAJ-AUTO/part-041110_935655-003587.parquet,real_data_sample\l2_unseen_validation\trade_date=2026-07-17\exchange=NSE\symbol=BAJAJ-AUTO\part-041110_935655-003587.parquet,35859,downloaded,35859,
2026-07-17,NSE,BAJAJ-AUTO,raw_l2/trade_date=2026-07-17/exchange=NSE/symbol=BAJAJ-AUTO/part-041152_721499-003683.parquet,real_data_sample\l2_unseen_validation\trade_date=2026-07-17\exchange=NSE\symbol=BAJAJ-AUTO\part-041152_721499-003683.parquet,35758,downloaded,35758,
2026-07-17,NSE,BAJAJ-AUTO,raw_l2/trade_date=2026-07-17/exchange=NSE/symbol=BAJAJ-AUTO/part-041454_449783-004099.parquet,real_data_sample\l2_unseen_validation\trade_date=2026-07-17\exchange=NSE\symbol=BAJAJ-AUTO\part-041454_449783-004099.parquet,35134,downloaded,35134,
2026-07-17,NSE,BAJAJ-AUTO,raw_l2/trade_date=2026-07-17/exchange=NSE/symbol=BAJAJ-AUTO/part-041138_736828-003651.parquet,real_data_sample\l2_unseen_validation\trade_date=2026-07-17\exchange=NSE\symbol=BAJAJ-AUTO\part-041138_736828-003651.parquet,35436,downloaded,35436,
2026-07-17,NSE,BAJAJ-AUTO,raw_l2/trade_date=2026-07-17/exchange=NSE/symbol=BAJAJ-AUTO/part-041220_701639-003747.parquet,real_data_sample\l2_unseen_validation\trade_date=2026-07-17\exchange=NSE\symbol=BAJAJ-AUTO\part-041220_701639-003747.parquet,35541,downloaded,35541,
2026-07-17,NSE,BAJAJ-AUTO,raw_l2/trade_date=2026-07-17/exchange=NSE/symbol=BAJAJ-AUTO/part-041206_756386-003715.parquet,real_data_sample\l2_unseen_validation\trade_date=2026-07-17\exchange=NSE\symbol=BAJAJ-AUTO\part-041206_756386-003715.parquet,35204,downloaded,35204,
2026-07-17,NSE,BAJAJ-AUTO,raw_l2/trade_date=2026-07-17/exchange=NSE/symbol=BAJAJ-AUTO/part-041632_688373-004323.parquet,real_data_sample\l2_unseen_validation\trade_date=2026-07-17\exchange=NSE\symbol=BAJAJ-AUTO\part-041632_688373-004323.parquet,35307,downloaded,35307,
2026-07-17,NSE,BAJAJ-AUTO,raw_l2/trade_date=2026-07-17/exchange=NSE/symbol=BAJAJ-AUTO/part-041646_477180-004355.parquet,real_data_sample\l2_unseen_validation\trade_date=2026-07-17\exchange=NSE\symbol=BAJAJ-AUTO\part-041646_477180-004355.parquet,35340,downloaded,35340,
2026-07-17,NSE,BAJAJ-AUTO,raw_l2/trade_date=2026-07-17/exchange=NSE/symbol=BAJAJ-AUTO/part-041742_431650-004483.parquet,real_data_sample\l2_unseen_validation\trade_date=2026-07-17\exchange=NSE\symbol=BAJAJ-AUTO\part-041742_431650-004483.parquet,35716,downloaded,35716,
2026-07-17,NSE,BAJAJ-AUTO,raw_l2/trade_date=2026-07-17/exchange=NSE/symbol=BAJAJ-AUTO/part-041756_192783-004515.parquet,real_data_sample\l2_unseen_validation\trade_date=2026-07-17\exchange=NSE\symbol=BAJAJ-AUTO\part-041756_192783-004515.parquet,35761,downloaded,35761,
2026-07-17,NSE,BAJAJ-AUTO,raw_l2/trade_date=2026-07-17/exchange=NSE/symbol=BAJAJ-AUTO/part-041728_441873-004451.parquet,real_data_sample\l2_unseen_validation\trade_date=2026-07-17\exchange=NSE\symbol=BAJAJ-AUTO\part-041728_441873-004451.parquet,35255,downloaded,35255,
2026-07-17,NSE,BAJAJ-AUTO,raw_l2/trade_date=2026-07-17/exchange=NSE/symbol=BAJAJ-AUTO/part-041809_930185-004547.parquet,real_data_sample\l2_unseen_validation\trade_date=2026-07-17\exchange=NSE\symbol=BAJAJ-AUTO\part-041809_930185-004547.parquet,35518,downloaded,35518,
2026-07-17,NSE,BAJAJ-AUTO,raw_l2/trade_date=2026-07-17/exchange=NSE/symbol=BAJAJ-AUTO/part-041700_452346-004387.parquet,real_data_sample\l2_unseen_validation\trade_date=2026-07-17\exchange=NSE\symbol=BAJAJ-AUTO\part-041700_452346-004387.parquet,35636,downloaded,35636,
2026-07-17,NSE,BAJAJ-AUTO,raw_l2/trade_date=2026-07-17/exchange=NSE/symbol=BAJAJ-AUTO/part-041934_517070-004739.parquet,real_data_sample\l2_unseen_validation\trade_date=2026-07-17\exchange=NSE\symbol=BAJAJ-AUTO\part-041934_517070-004739.parquet,35699,downloaded,35699,
2026-07-17,NSE,BAJAJ-AUTO,raw_l2/trade_date=2026-07-17/exchange=NSE/symbol=BAJAJ-AUTO/part-041823_688745-004579.parquet,real_data_sample\l2_unseen_validation\trade_date=2026-07-17\exchange=NSE\symbol=BAJAJ-AUTO\part-041823_688745-004579.parquet,35580,downloaded,35580,
2026-07-17,NSE,BAJAJ-AUTO,raw_l2/trade_date=2026-07-17/exchange=NSE/symbol=BAJAJ-AUTO/part-042044_244174-004899.parquet,real_data_sample\l2_unseen_validation\trade_date=2026-07-17\exchange=NSE\symbol=BAJAJ-AUTO\part-042044_244174-004899.parquet,35396,downloaded,35396,
2026-07-17,NSE,BAJAJ-AUTO,raw_l2/trade_date=2026-07-17/exchange=NSE/symbol=BAJAJ-AUTO/part-040407_718080-002627.parquet,real_data_sample\l2_unseen_validation\trade_date=2026-07-17\exchange=NSE\symbol=BAJAJ-AUTO\part-040407_718080-002627.parquet,34388,downloaded,34388,
2026-07-17,NSE,BAJAJ-AUTO,raw_l2/trade_date=2026-07-17/exchange=NSE/symbol=BAJAJ-AUTO/part-042002_496759-004803.parquet,real_data_sample\l2_unseen_validation\trade_date=2026-07-17\exchange=NSE\symbol=BAJAJ-AUTO\part-042002_496759-004803.parquet,35562,downloaded,35562,
2026-07-17,NSE,BAJAJ-AUTO,raw_l2/trade_date=2026-07-17/exchange=NSE/symbol=BAJAJ-AUTO/part-041948_450549-004771.parquet,real_data_sample\l2_unseen_validation\trade_date=2026-07-17\exchange=NSE\symbol=BAJAJ-AUTO\part-041948_450549-004771.parquet,34940,downloaded,34940,
2026-07-17,NSE,BAJAJ-AUTO,raw_l2/trade_date=2026-07-17/exchange=NSE/symbol=BAJAJ-AUTO/part-042030_229516-004867.parquet,real_data_sample\l2_unseen_validation\trade_date=2026-07-17\exchange=NSE\symbol=BAJAJ-AUTO\part-042030_229516-004867.parquet,35775,downloaded,35775,
2026-07-17,NSE,BAJAJ-AUTO,raw_l2/trade_date=2026-07-17/exchange=NSE/symbol=BAJAJ-AUTO/part-042016_437239-004835.parquet,real_data_sample\l2_unseen_validation\trade_date=2026-07-17\exchange=NSE\symbol=BAJAJ-AUTO\part-042016_437239-004835.parquet,35475,downloaded,35475,
2026-07-17,NSE,BAJAJ-AUTO,raw_l2/trade_date=2026-07-17/exchange=NSE/symbol=BAJAJ-AUTO/part-042125_456423-004995.parquet,real_data_sample\l2_unseen_validation\trade_date=2026-07-17\exchange=NSE\symbol=BAJAJ-AUTO\part-042125_456423-004995.parquet,35448,downloaded,35448,
2026-07-17,NSE,BAJAJ-AUTO,raw_l2/trade_date=2026-07-17/exchange=NSE/symbol=BAJAJ-AUTO/part-042207_700066-005091.parquet,real_data_sample\l2_unseen_validation\trade_date=2026-07-17\exchange=NSE\symbol=BAJAJ-AUTO\part-042207_700066-005091.parquet,35684,downloaded,35684,
2026-07-17,NSE,BAJAJ-AUTO,raw_l2/trade_date=2026-07-17/exchange=NSE/symbol=BAJAJ-AUTO/part-042057_950183-004931.parquet,real_data_sample\l2_unseen_validation\trade_date=2026-07-17\exchange=NSE\symbol=BAJAJ-AUTO\part-042057_950183-004931.parquet,35591,downloaded,35591,
2026-07-17,NSE,BAJAJ-AUTO,raw_l2/trade_date=2026-07-17/exchange=NSE/symbol=BAJAJ-AUTO/part-042235_709807-005155.parquet,real_data_sample\l2_unseen_validation\trade_date=2026-07-17\exchange=NSE\symbol=BAJAJ-AUTO\part-042235_709807-005155.parquet,35750,downloaded,35750,
2026-07-17,NSE,BAJAJ-AUTO,raw_l2/trade_date=2026-07-17/exchange=NSE/symbol=BAJAJ-AUTO/part-042153_697153-005059.parquet,real_data_sample\l2_unseen_validation\trade_date=2026-07-17\exchange=NSE\symbol=BAJAJ-AUTO\part-042153_697153-005059.parquet,35609,downloaded,35609,
2026-07-17,NSE,BAJAJ-AUTO,raw_l2/trade_date=2026-07-17/exchange=NSE/symbol=BAJAJ-AUTO/part-042139_706194-005027.parquet,real_data_sample\l2_unseen_validation\trade_date=2026-07-17\exchange=NSE\symbol=BAJAJ-AUTO\part-042139_706194-005027.parquet,35509,downloaded,35509,
2026-07-17,NSE,BAJAJ-AUTO,raw_l2/trade_date=2026-07-17/exchange=NSE/symbol=BAJAJ-AUTO/part-041837_442957-004611.parquet,real_data_sample\l2_unseen_validation\trade_date=2026-07-17\exchange=NSE\symbol=BAJAJ-AUTO\part-041837_442957-004611.parquet,35517,downloaded,35517,
2026-07-17,NSE,BAJAJ-AUTO,raw_l2/trade_date=2026-07-17/exchange=NSE/symbol=BAJAJ-AUTO/part-041851_259066-004643.parquet,real_data_sample\l2_unseen_validation\trade_date=2026-07-17\exchange=NSE\symbol=BAJAJ-AUTO\part-041851_259066-004643.parquet,35174,downloaded,35174,
2026-07-17,NSE,BAJAJ-AUTO,raw_l2/trade_date=2026-07-17/exchange=NSE/symbol=BAJAJ-AUTO/part-041920_241965-004707.parquet,real_data_sample\l2_unseen_validation\trade_date=2026-07-17\exchange=NSE\symbol=BAJAJ-AUTO\part-041920_241965-004707.parquet,35497,downloaded,35497,
2026-07-17,NSE,BAJAJ-AUTO,raw_l2/trade_date=2026-07-17/exchange=NSE/symbol=BAJAJ-AUTO/part-041905_994207-004675.parquet,real_data_sample\l2_unseen_validation\trade_date=2026-07-17\exchange=NSE\symbol=BAJAJ-AUTO\part-041905_994207-004675.parquet,35260,downloaded,35260,
2026-07-17,NSE,BAJAJ-AUTO,raw_l2/trade_date=2026-07-17/exchange=NSE/symbol=BAJAJ-AUTO/part-042249_481606-005187.parquet,real_data_sample\l2_unseen_validation\trade_date=2026-07-17\exchange=NSE\symbol=BAJAJ-AUTO\part-042249_481606-005187.parquet,35605,downloaded,35605,
2026-07-17,NSE,BAJAJ-AUTO,raw_l2/trade_date=2026-07-17/exchange=NSE/symbol=BAJAJ-AUTO/part-042303_450700-005219.parquet,real_data_sample\l2_unseen_validation\trade_date=2026-07-17\exchange=NSE\symbol=BAJAJ-AUTO\part-042303_450700-005219.parquet,35954,downloaded,35954,
2026-07-17,NSE,BAJAJ-AUTO,raw_l2/trade_date=2026-07-17/exchange=NSE/symbol=BAJAJ-AUTO/part-042317_461652-005251.parquet,real_data_sample\l2_unseen_validation\trade_date=2026-07-17\exchange=NSE\symbol=BAJAJ-AUTO\part-042317_461652-005251.parquet,35345,downloaded,35345,
2026-07-17,NSE,BAJAJ-AUTO,raw_l2/trade_date=2026-07-17/exchange=NSE/symbol=BAJAJ-AUTO/part-042427_202772-005411.parquet,real_data_sample\l2_unseen_validation\trade_date=2026-07-17\exchange=NSE\symbol=BAJAJ-AUTO\part-042427_202772-005411.parquet,35658,downloaded,35658,
2026-07-17,NSE,BAJAJ-AUTO,raw_l2/trade_date=2026-07-17/exchange=NSE/symbol=BAJAJ-AUTO/part-042345_448403-005315.parquet,real_data_sample\l2_unseen_validation\trade_date=2026-07-17\exchange=NSE\symbol=BAJAJ-AUTO\part-042345_448403-005315.parquet,35101,downloaded,35101,
2026-07-17,NSE,BAJAJ-AUTO,raw_l2/trade_date=2026-07-17/exchange=NSE/symbol=BAJAJ-AUTO/part-042111_698904-004963.parquet,real_data_sample\l2_unseen_validation\trade_date=2026-07-17\exchange=NSE\symbol=BAJAJ-AUTO\part-042111_698904-004963.parquet,35584,downloaded,35584,
2026-07-17,NSE,BAJAJ-AUTO,raw_l2/trade_date=2026-07-17/exchange=NSE/symbol=BAJAJ-AUTO/part-042413_244718-005379.parquet,real_data_sample\l2_unseen_validation\trade_date=2026-07-17\exchange=NSE\symbol=BAJAJ-AUTO\part-042413_244718-005379.parquet,35639,downloaded,35639,
2026-07-17,NSE,BAJAJ-AUTO,raw_l2/trade_date=2026-07-17/exchange=NSE/symbol=BAJAJ-AUTO/part-042331_443307-005283.parquet,real_data_sample\l2_unseen_validation\trade_date=2026-07-17\exchange=NSE\symbol=BAJAJ-AUTO\part-042331_443307-005283.parquet,35597,downloaded,35597,
2026-07-17,NSE,BAJAJ-AUTO,raw_l2/trade_date=2026-07-17/exchange=NSE/symbol=BAJAJ-AUTO/part-042221_682797-005123.parquet,real_data_sample\l2_unseen_validation\trade_date=2026-07-17\exchange=NSE\symbol=BAJAJ-AUTO\part-042221_682797-005123.parquet,35180,downloaded,35180,
2026-07-17,NSE,BAJAJ-AUTO,raw_l2/trade_date=2026-07-17/exchange=NSE/symbol=BAJAJ-AUTO/part-042359_444664-005347.parquet,real_data_sample\l2_unseen_validation\trade_date=2026-07-17\exchange=NSE\symbol=BAJAJ-AUTO\part-042359_444664-005347.parquet,35360,downloaded,35360,
2026-07-17,NSE,BAJAJ-AUTO,raw_l2/trade_date=2026-07-17/exchange=NSE/symbol=BAJAJ-AUTO/part-042441_207948-005443.parquet,real_data_sample\l2_unseen_validation\trade_date=2026-07-17\exchange=NSE\symbol=BAJAJ-AUTO\part-042441_207948-005443.parquet,35521,downloaded,35521,
2026-07-17,NSE,BAJAJ-AUTO,raw_l2/trade_date=2026-07-17/exchange=NSE/symbol=BAJAJ-AUTO/part-042454_934266-005475.parquet,real_data_sample\l2_unseen_validation\trade_date=2026-07-17\exchange=NSE\symbol=BAJAJ-AUTO\part-042454_934266-005475.parquet,35367,downloaded,35367,
2026-07-17,NSE,BAJAJ-AUTO,raw_l2/trade_date=2026-07-17/exchange=NSE/symbol=BAJAJ-AUTO/part-042522_476928-005539.parquet,real_data_sample\l2_unseen_validation\trade_date=2026-07-17\exchange=NSE\symbol=BAJAJ-AUTO\part-042522_476928-005539.parquet,35438,downloaded,35438,
2026-07-17,NSE,BAJAJ-AUTO,raw_l2/trade_date=2026-07-17/exchange=NSE/symbol=BAJAJ-AUTO/part-042550_692893-005603.parquet,real_data_sample\l2_unseen_validation\trade_date=2026-07-17\exchange=NSE\symbol=BAJAJ-AUTO\part-042550_692893-005603.parquet,35579,downloaded,35579,
2026-07-17,NSE,BAJAJ-AUTO,raw_l2/trade_date=2026-07-17/exchange=NSE/symbol=BAJAJ-AUTO/part-042536_704755-005571.parquet,real_data_sample\l2_unseen_validation\trade_date=2026-07-17\exchange=NSE\symbol=BAJAJ-AUTO\part-042536_704755-005571.parquet,35751,downloaded,35751,
2026-07-17,NSE,BAJAJ-AUTO,raw_l2/trade_date=2026-07-17/exchange=NSE/symbol=BAJAJ-AUTO/part-042618_721230-005667.parquet,real_data_sample\l2_unseen_validation\trade_date=2026-07-17\exchange=NSE\symbol=BAJAJ-AUTO\part-042618_721230-005667.parquet,35603,downloaded,35603,
2026-07-17,NSE,BAJAJ-AUTO,raw_l2/trade_date=2026-07-17/exchange=NSE/symbol=BAJAJ-AUTO/part-042756_702918-005891.parquet,real_data_sample\l2_unseen_validation\trade_date=2026-07-17\exchange=NSE\symbol=BAJAJ-AUTO\part-042756_702918-005891.parquet,35409,downloaded,35409,
2026-07-17,NSE,BAJAJ-AUTO,raw_l2/trade_date=2026-07-17/exchange=NSE/symbol=BAJAJ-AUTO/part-042728_979917-005827.parquet,real_data_sample\l2_unseen_validation\trade_date=2026-07-17\exchange=NSE\symbol=BAJAJ-AUTO\part-042728_979917-005827.parquet,35801,downloaded,35801,
2026-07-17,NSE,BAJAJ-AUTO,raw_l2/trade_date=2026-07-17/exchange=NSE/symbol=BAJAJ-AUTO/part-042742_937902-005859.parquet,real_data_sample\l2_unseen_validation\trade_date=2026-07-17\exchange=NSE\symbol=BAJAJ-AUTO\part-042742_937902-005859.parquet,35780,downloaded,35780,
2026-07-17,NSE,BAJAJ-AUTO,raw_l2/trade_date=2026-07-17/exchange=NSE/symbol=BAJAJ-AUTO/part-042824_487777-005955.parquet,real_data_sample\l2_unseen_validation\trade_date=2026-07-17\exchange=NSE\symbol=BAJAJ-AUTO\part-042824_487777-005955.parquet,35510,downloaded,35510,
2026-07-17,NSE,BAJAJ-AUTO,raw_l2/trade_date=2026-07-17/exchange=NSE/symbol=BAJAJ-AUTO/part-042700_976566-005763.parquet,real_data_sample\l2_unseen_validation\trade_date=2026-07-17\exchange=NSE\symbol=BAJAJ-AUTO\part-042700_976566-005763.parquet,36048,downloaded,36048,
2026-07-17,NSE,BAJAJ-AUTO,raw_l2/trade_date=2026-07-17/exchange=NSE/symbol=BAJAJ-AUTO/part-042810_438314-005923.parquet,real_data_sample\l2_unseen_validation\trade_date=2026-07-17\exchange=NSE\symbol=BAJAJ-AUTO\part-042810_438314-005923.parquet,35171,downloaded,35171,
2026-07-17,NSE,BAJAJ-AUTO,raw_l2/trade_date=2026-07-17/exchange=NSE/symbol=BAJAJ-AUTO/part-042714_972622-005795.parquet,real_data_sample\l2_unseen_validation\trade_date=2026-07-17\exchange=NSE\symbol=BAJAJ-AUTO\part-042714_972622-005795.parquet,35956,downloaded,35956,
2026-07-17,NSE,BAJAJ-AUTO,raw_l2/trade_date=2026-07-17/exchange=NSE/symbol=BAJAJ-AUTO/part-042632_966217-005699.parquet,real_data_sample\l2_unseen_validation\trade_date=2026-07-17\exchange=NSE\symbol=BAJAJ-AUTO\part-042632_966217-005699.parquet,35871,downloaded,35871,
2026-07-17,NSE,BAJAJ-AUTO,raw_l2/trade_date=2026-07-17/exchange=NSE/symbol=BAJAJ-AUTO/part-042646_952964-005731.parquet,real_data_sample\l2_unseen_validation\trade_date=2026-07-17\exchange=NSE\symbol=BAJAJ-AUTO\part-042646_952964-005731.parquet,35833,downloaded,35833,
2026-07-17,NSE,BAJAJ-AUTO,raw_l2/trade_date=2026-07-17/exchange=NSE/symbol=BAJAJ-AUTO/part-042852_464643-006019.parquet,real_data_sample\l2_unseen_validation\trade_date=2026-07-17\exchange=NSE\symbol=BAJAJ-AUTO\part-042852_464643-006019.parquet,35877,downloaded,35877,
2026-07-17,NSE,BAJAJ-AUTO,raw_l2/trade_date=2026-07-17/exchange=NSE/symbol=BAJAJ-AUTO/part-042838_452608-005987.parquet,real_data_sample\l2_unseen_validation\trade_date=2026-07-17\exchange=NSE\symbol=BAJAJ-AUTO\part-042838_452608-005987.parquet,35573,downloaded,35573,
2026-07-17,NSE,BAJAJ-AUTO,raw_l2/trade_date=2026-07-17/exchange=NSE/symbol=BAJAJ-AUTO/part-042906_227246-006051.parquet,real_data_sample\l2_unseen_validation\trade_date=2026-07-17\exchange=NSE\symbol=BAJAJ-AUTO\part-042906_227246-006051.parquet,35242,downloaded,35242,
2026-07-17,NSE,BAJAJ-AUTO,raw_l2/trade_date=2026-07-17/exchange=NSE/symbol=BAJAJ-AUTO/part-042920_227452-006083.parquet,real_data_sample\l2_unseen_validation\trade_date=2026-07-17\exchange=NSE\symbol=BAJAJ-AUTO\part-042920_227452-006083.parquet,35492,downloaded,35492,
2026-07-17,NSE,BAJAJ-AUTO,raw_l2/trade_date=2026-07-17/exchange=NSE/symbol=BAJAJ-AUTO/part-041714_184790-004419.parquet,real_data_sample\l2_unseen_validation\trade_date=2026-07-17\exchange=NSE\symbol=BAJAJ-AUTO\part-041714_184790-004419.parquet,35693,downloaded,35693,
2026-07-17,NSE,BAJAJ-AUTO,raw_l2/trade_date=2026-07-17/exchange=NSE/symbol=BAJAJ-AUTO/part-042934_208769-006115.parquet,real_data_sample\l2_unseen_validation\trade_date=2026-07-17\exchange=NSE\symbol=BAJAJ-AUTO\part-042934_208769-006115.parquet,35263,downloaded,35263,
2026-07-17,NSE,BAJAJ-AUTO,raw_l2/trade_date=2026-07-17/exchange=NSE/symbol=BAJAJ-AUTO/part-043016_461285-006211.parquet,real_data_sample\l2_unseen_validation\trade_date=2026-07-17\exchange=NSE\symbol=BAJAJ-AUTO\part-043016_461285-006211.parquet,35647,downloaded,35647,
2026-07-17,NSE,BAJAJ-AUTO,raw_l2/trade_date=2026-07-17/exchange=NSE/symbol=BAJAJ-AUTO/part-042948_208166-006147.parquet,real_data_sample\l2_unseen_validation\trade_date=2026-07-17\exchange=NSE\symbol=BAJAJ-AUTO\part-042948_208166-006147.parquet,35402,downloaded,35402,
2026-07-17,NSE,BAJAJ-AUTO,raw_l2/trade_date=2026-07-17/exchange=NSE/symbol=BAJAJ-AUTO/part-043002_223663-006179.parquet,real_data_sample\l2_unseen_validation\trade_date=2026-07-17\exchange=NSE\symbol=BAJAJ-AUTO\part-043002_223663-006179.parquet,35149,downloaded,35149,
2026-07-17,NSE,BAJAJ-AUTO,raw_l2/trade_date=2026-07-17/exchange=NSE/symbol=BAJAJ-AUTO/part-043030_455313-006243.parquet,real_data_sample\l2_unseen_validation\trade_date=2026-07-17\exchange=NSE\symbol=BAJAJ-AUTO\part-043030_455313-006243.parquet,35782,downloaded,35782,
2026-07-17,NSE,BAJAJ-AUTO,raw_l2/trade_date=2026-07-17/exchange=NSE/symbol=BAJAJ-AUTO/part-043044_203713-006275.parquet,real_data_sample\l2_unseen_validation\trade_date=2026-07-17\exchange=NSE\symbol=BAJAJ-AUTO\part-043044_203713-006275.parquet,35628,downloaded,35628,
2026-07-17,NSE,BAJAJ-AUTO,raw_l2/trade_date=2026-07-17/exchange=NSE/symbol=BAJAJ-AUTO/part-043111_951127-006339.parquet,real_data_sample\l2_unseen_validation\trade_date=2026-07-17\exchange=NSE\symbol=BAJAJ-AUTO\part-043111_951127-006339.parquet,35295,downloaded,35295,
2026-07-17,NSE,BAJAJ-AUTO,raw_l2/trade_date=2026-07-17/exchange=NSE/symbol=BAJAJ-AUTO/part-043057_947939-006307.parquet,real_data_sample\l2_unseen_validation\trade_date=2026-07-17\exchange=NSE\symbol=BAJAJ-AUTO\part-043057_947939-006307.parquet,35658,downloaded,35658,
2026-07-17,NSE,BAJAJ-AUTO,raw_l2/trade_date=2026-07-17/exchange=NSE/symbol=BAJAJ-AUTO/part-043126_202849-006371.parquet,real_data_sample\l2_unseen_validation\trade_date=2026-07-17\exchange=NSE\symbol=BAJAJ-AUTO\part-043126_202849-006371.parquet,35594,downloaded,35594,
2026-07-17,NSE,BAJAJ-AUTO,raw_l2/trade_date=2026-07-17/exchange=NSE/symbol=BAJAJ-AUTO/part-042508_694499-005507.parquet,real_data_sample\l2_unseen_validation\trade_date=2026-07-17\exchange=NSE\symbol=BAJAJ-AUTO\part-042508_694499-005507.parquet,35330,downloaded,35330,
2026-07-17,NSE,BAJAJ-AUTO,raw_l2/trade_date=2026-07-17/exchange=NSE/symbol=BAJAJ-AUTO/part-043250_691945-006563.parquet,real_data_sample\l2_unseen_validation\trade_date=2026-07-17\exchange=NSE\symbol=BAJAJ-AUTO\part-043250_691945-006563.parquet,35171,downloaded,35171,
2026-07-17,NSE,BAJAJ-AUTO,raw_l2/trade_date=2026-07-17/exchange=NSE/symbol=BAJAJ-AUTO/part-043304_467200-006595.parquet,real_data_sample\l2_unseen_validation\trade_date=2026-07-17\exchange=NSE\symbol=BAJAJ-AUTO\part-043304_467200-006595.parquet,35325,downloaded,35325,
2026-07-17,NSE,BAJAJ-AUTO,raw_l2/trade_date=2026-07-17/exchange=NSE/symbol=BAJAJ-AUTO/part-043332_696201-006659.parquet,real_data_sample\l2_unseen_validation\trade_date=2026-07-17\exchange=NSE\symbol=BAJAJ-AUTO\part-043332_696201-006659.parquet,35222,downloaded,35222,
2026-07-17,NSE,BAJAJ-AUTO,raw_l2/trade_date=2026-07-17/exchange=NSE/symbol=BAJAJ-AUTO/part-043318_469525-006627.parquet,real_data_sample\l2_unseen_validation\trade_date=2026-07-17\exchange=NSE\symbol=BAJAJ-AUTO\part-043318_469525-006627.parquet,35179,downloaded,35179,
2026-07-17,NSE,BAJAJ-AUTO,raw_l2/trade_date=2026-07-17/exchange=NSE/symbol=BAJAJ-AUTO/part-043346_705987-006691.parquet,real_data_sample\l2_unseen_validation\trade_date=2026-07-17\exchange=NSE\symbol=BAJAJ-AUTO\part-043346_705987-006691.parquet,35206,downloaded,35206,
2026-07-17,NSE,BAJAJ-AUTO,raw_l2/trade_date=2026-07-17/exchange=NSE/symbol=BAJAJ-AUTO/part-043414_705766-006755.parquet,real_data_sample\l2_unseen_validation\trade_date=2026-07-17\exchange=NSE\symbol=BAJAJ-AUTO\part-043414_705766-006755.parquet,35505,downloaded,35505,
2026-07-17,NSE,BAJAJ-AUTO,raw_l2/trade_date=2026-07-17/exchange=NSE/symbol=BAJAJ-AUTO/part-043236_746696-006531.parquet,real_data_sample\l2_unseen_validation\trade_date=2026-07-17\exchange=NSE\symbol=BAJAJ-AUTO\part-043236_746696-006531.parquet,35317,downloaded,35317,
2026-07-17,NSE,BAJAJ-AUTO,raw_l2/trade_date=2026-07-17/exchange=NSE/symbol=BAJAJ-AUTO/part-042604_726140-005635.parquet,real_data_sample\l2_unseen_validation\trade_date=2026-07-17\exchange=NSE\symbol=BAJAJ-AUTO\part-042604_726140-005635.parquet,35709,downloaded,35709,
2026-07-17,NSE,BAJAJ-AUTO,raw_l2/trade_date=2026-07-17/exchange=NSE/symbol=BAJAJ-AUTO/part-043428_714383-006787.parquet,real_data_sample\l2_unseen_validation\trade_date=2026-07-17\exchange=NSE\symbol=BAJAJ-AUTO\part-043428_714383-006787.parquet,35347,downloaded,35347,
2026-07-17,NSE,BAJAJ-AUTO,raw_l2/trade_date=2026-07-17/exchange=NSE/symbol=BAJAJ-AUTO/part-043400_704783-006723.parquet,real_data_sample\l2_unseen_validation\trade_date=2026-07-17\exchange=NSE\symbol=BAJAJ-AUTO\part-043400_704783-006723.parquet,35413,downloaded,35413,
2026-07-17,NSE,BAJAJ-AUTO,raw_l2/trade_date=2026-07-17/exchange=NSE/symbol=BAJAJ-AUTO/part-043442_698857-006819.parquet,real_data_sample\l2_unseen_validation\trade_date=2026-07-17\exchange=NSE\symbol=BAJAJ-AUTO\part-043442_698857-006819.parquet,35290,downloaded,35290,
2026-07-17,NSE,BAJAJ-AUTO,raw_l2/trade_date=2026-07-17/exchange=NSE/symbol=BAJAJ-AUTO/part-043456_476458-006851.parquet,real_data_sample\l2_unseen_validation\trade_date=2026-07-17\exchange=NSE\symbol=BAJAJ-AUTO\part-043456_476458-006851.parquet,35609,downloaded,35609,
2026-07-17,NSE,BAJAJ-AUTO,raw_l2/trade_date=2026-07-17/exchange=NSE/symbol=BAJAJ-AUTO/part-043510_211210-006883.parquet,real_data_sample\l2_unseen_validation\trade_date=2026-07-17\exchange=NSE\symbol=BAJAJ-AUTO\part-043510_211210-006883.parquet,35395,downloaded,35395,
2026-07-17,NSE,BAJAJ-AUTO,raw_l2/trade_date=2026-07-17/exchange=NSE/symbol=BAJAJ-AUTO/part-043154_189429-006435.parquet,real_data_sample\l2_unseen_validation\trade_date=2026-07-17\exchange=NSE\symbol=BAJAJ-AUTO\part-043154_189429-006435.parquet,35534,downloaded,35534,
2026-07-17,NSE,BAJAJ-AUTO,raw_l2/trade_date=2026-07-17/exchange=NSE/symbol=BAJAJ-AUTO/part-043222_444937-006499.parquet,real_data_sample\l2_unseen_validation\trade_date=2026-07-17\exchange=NSE\symbol=BAJAJ-AUTO\part-043222_444937-006499.parquet,35414,downloaded,35414,
2026-07-17,NSE,BAJAJ-AUTO,raw_l2/trade_date=2026-07-17/exchange=NSE/symbol=BAJAJ-AUTO/part-043208_201863-006467.parquet,real_data_sample\l2_unseen_validation\trade_date=2026-07-17\exchange=NSE\symbol=BAJAJ-AUTO\part-043208_201863-006467.parquet,35763,downloaded,35763,
2026-07-17,NSE,BAJAJ-AUTO,raw_l2/trade_date=2026-07-17/exchange=NSE/symbol=BAJAJ-AUTO/part-043140_217778-006403.parquet,real_data_sample\l2_unseen_validation\trade_date=2026-07-17\exchange=NSE\symbol=BAJAJ-AUTO\part-043140_217778-006403.parquet,35392,downloaded,35392,
2026-07-17,NSE,BAJAJ-AUTO,raw_l2/trade_date=2026-07-17/exchange=NSE/symbol=BAJAJ-AUTO/part-043524_218249-006915.parquet,real_data_sample\l2_unseen_validation\trade_date=2026-07-17\exchange=NSE\symbol=BAJAJ-AUTO\part-043524_218249-006915.parquet,35231,downloaded,35231,
2026-07-17,NSE,BAJAJ-AUTO,raw_l2/trade_date=2026-07-17/exchange=NSE/symbol=BAJAJ-AUTO/part-043647_695561-007107.parquet,real_data_sample\l2_unseen_validation\trade_date=2026-07-17\exchange=NSE\symbol=BAJAJ-AUTO\part-043647_695561-007107.parquet,34888,downloaded,34888,
2026-07-17,NSE,BAJAJ-AUTO,raw_l2/trade_date=2026-07-17/exchange=NSE/symbol=BAJAJ-AUTO/part-043537_956008-006947.parquet,real_data_sample\l2_unseen_validation\trade_date=2026-07-17\exchange=NSE\symbol=BAJAJ-AUTO\part-043537_956008-006947.parquet,35188,downloaded,35188,
2026-07-17,NSE,BAJAJ-AUTO,raw_l2/trade_date=2026-07-17/exchange=NSE/symbol=BAJAJ-AUTO/part-043715_941469-007171.parquet,real_data_sample\l2_unseen_validation\trade_date=2026-07-17\exchange=NSE\symbol=BAJAJ-AUTO\part-043715_941469-007171.parquet,35078,downloaded,35078,
2026-07-17,NSE,BAJAJ-AUTO,raw_l2/trade_date=2026-07-17/exchange=NSE/symbol=BAJAJ-AUTO/part-043701_979159-007139.parquet,real_data_sample\l2_unseen_validation\trade_date=2026-07-17\exchange=NSE\symbol=BAJAJ-AUTO\part-043701_979159-007139.parquet,35368,downloaded,35368,
2026-07-17,NSE,BAJAJ-AUTO,raw_l2/trade_date=2026-07-17/exchange=NSE/symbol=BAJAJ-AUTO/part-043605_975332-007011.parquet,real_data_sample\l2_unseen_validation\trade_date=2026-07-17\exchange=NSE\symbol=BAJAJ-AUTO\part-043605_975332-007011.parquet,35396,downloaded,35396,
2026-07-17,NSE,BAJAJ-AUTO,raw_l2/trade_date=2026-07-17/exchange=NSE/symbol=BAJAJ-AUTO/part-043551_956380-006979.parquet,real_data_sample\l2_unseen_validation\trade_date=2026-07-17\exchange=NSE\symbol=BAJAJ-AUTO\part-043551_956380-006979.parquet,35097,downloaded,35097,
2026-07-17,NSE,BAJAJ-AUTO,raw_l2/trade_date=2026-07-17/exchange=NSE/symbol=BAJAJ-AUTO/part-043729_717491-007203.parquet,real_data_sample\l2_unseen_validation\trade_date=2026-07-17\exchange=NSE\symbol=BAJAJ-AUTO\part-043729_717491-007203.parquet,35314,downloaded,35314,
2026-07-17,NSE,BAJAJ-AUTO,raw_l2/trade_date=2026-07-17/exchange=NSE/symbol=BAJAJ-AUTO/part-043633_720051-007075.parquet,real_data_sample\l2_unseen_validation\trade_date=2026-07-17\exchange=NSE\symbol=BAJAJ-AUTO\part-043633_720051-007075.parquet,34803,downloaded,34803,
2026-07-17,NSE,BAJAJ-AUTO,raw_l2/trade_date=2026-07-17/exchange=NSE/symbol=BAJAJ-AUTO/part-043811_191858-007299.parquet,real_data_sample\l2_unseen_validation\trade_date=2026-07-17\exchange=NSE\symbol=BAJAJ-AUTO\part-043811_191858-007299.parquet,35424,downloaded,35424,
2026-07-17,NSE,BAJAJ-AUTO,raw_l2/trade_date=2026-07-17/exchange=NSE/symbol=BAJAJ-AUTO/part-043743_697650-007235.parquet,real_data_sample\l2_unseen_validation\trade_date=2026-07-17\exchange=NSE\symbol=BAJAJ-AUTO\part-043743_697650-007235.parquet,35168,downloaded,35168,
2026-07-17,NSE,BAJAJ-AUTO,raw_l2/trade_date=2026-07-17/exchange=NSE/symbol=BAJAJ-AUTO/part-043853_953644-007395.parquet,real_data_sample\l2_unseen_validation\trade_date=2026-07-17\exchange=NSE\symbol=BAJAJ-AUTO\part-043853_953644-007395.parquet,35344,downloaded,35344,
2026-07-17,NSE,BAJAJ-AUTO,raw_l2/trade_date=2026-07-17/exchange=NSE/symbol=BAJAJ-AUTO/part-043907_941894-007427.parquet,real_data_sample\l2_unseen_validation\trade_date=2026-07-17\exchange=NSE\symbol=BAJAJ-AUTO\part-043907_941894-007427.parquet,35413,downloaded,35413,
2026-07-17,NSE,BAJAJ-AUTO,raw_l2/trade_date=2026-07-17/exchange=NSE/symbol=BAJAJ-AUTO/part-043757_480281-007267.parquet,real_data_sample\l2_unseen_validation\trade_date=2026-07-17\exchange=NSE\symbol=BAJAJ-AUTO\part-043757_480281-007267.parquet,35751,downloaded,35751,
2026-07-17,NSE,BAJAJ-AUTO,raw_l2/trade_date=2026-07-17/exchange=NSE/symbol=BAJAJ-AUTO/part-043825_938385-007331.parquet,real_data_sample\l2_unseen_validation\trade_date=2026-07-17\exchange=NSE\symbol=BAJAJ-AUTO\part-043825_938385-007331.parquet,35803,downloaded,35803,
2026-07-17,NSE,BAJAJ-AUTO,raw_l2/trade_date=2026-07-17/exchange=NSE/symbol=BAJAJ-AUTO/part-043921_686410-007459.parquet,real_data_sample\l2_unseen_validation\trade_date=2026-07-17\exchange=NSE\symbol=BAJAJ-AUTO\part-043921_686410-007459.parquet,34889,downloaded,34889,
2026-07-17,NSE,BAJAJ-AUTO,raw_l2/trade_date=2026-07-17/exchange=NSE/symbol=BAJAJ-AUTO/part-043935_199817-007491.parquet,real_data_sample\l2_unseen_validation\trade_date=2026-07-17\exchange=NSE\symbol=BAJAJ-AUTO\part-043935_199817-007491.parquet,35131,downloaded,35131,
2026-07-17,NSE,BAJAJ-AUTO,raw_l2/trade_date=2026-07-17/exchange=NSE/symbol=BAJAJ-AUTO/part-044043_951853-007651.parquet,real_data_sample\l2_unseen_validation\trade_date=2026-07-17\exchange=NSE\symbol=BAJAJ-AUTO\part-044043_951853-007651.parquet,35581,downloaded,35581,
2026-07-17,NSE,BAJAJ-AUTO,raw_l2/trade_date=2026-07-17/exchange=NSE/symbol=BAJAJ-AUTO/part-044125_188354-007747.parquet,real_data_sample\l2_unseen_validation\trade_date=2026-07-17\exchange=NSE\symbol=BAJAJ-AUTO\part-044125_188354-007747.parquet,35442,downloaded,35442,
2026-07-17,NSE,BAJAJ-AUTO,raw_l2/trade_date=2026-07-17/exchange=NSE/symbol=BAJAJ-AUTO/part-044138_957356-007779.parquet,real_data_sample\l2_unseen_validation\trade_date=2026-07-17\exchange=NSE\symbol=BAJAJ-AUTO\part-044138_957356-007779.parquet,35144,downloaded,35144,
2026-07-17,NSE,BAJAJ-AUTO,raw_l2/trade_date=2026-07-17/exchange=NSE/symbol=BAJAJ-AUTO/part-044057_682819-007683.parquet,real_data_sample\l2_unseen_validation\trade_date=2026-07-17\exchange=NSE\symbol=BAJAJ-AUTO\part-044057_682819-007683.parquet,35738,downloaded,35738,
2026-07-17,NSE,BAJAJ-AUTO,raw_l2/trade_date=2026-07-17/exchange=NSE/symbol=BAJAJ-AUTO/part-044111_433991-007715.parquet,real_data_sample\l2_unseen_validation\trade_date=2026-07-17\exchange=NSE\symbol=BAJAJ-AUTO\part-044111_433991-007715.parquet,35754,downloaded,35754,
2026-07-17,NSE,BAJAJ-AUTO,raw_l2/trade_date=2026-07-17/exchange=NSE/symbol=BAJAJ-AUTO/part-043948_941745-007523.parquet,real_data_sample\l2_unseen_validation\trade_date=2026-07-17\exchange=NSE\symbol=BAJAJ-AUTO\part-043948_941745-007523.parquet,35167,downloaded,35167,
2026-07-17,NSE,BAJAJ-AUTO,raw_l2/trade_date=2026-07-17/exchange=NSE/symbol=BAJAJ-AUTO/part-044030_213315-007619.parquet,real_data_sample\l2_unseen_validation\trade_date=2026-07-17\exchange=NSE\symbol=BAJAJ-AUTO\part-044030_213315-007619.parquet,35793,downloaded,35793,
2026-07-17,NSE,BAJAJ-AUTO,raw_l2/trade_date=2026-07-17/exchange=NSE/symbol=BAJAJ-AUTO/part-044002_695561-007555.parquet,real_data_sample\l2_unseen_validation\trade_date=2026-07-17\exchange=NSE\symbol=BAJAJ-AUTO\part-044002_695561-007555.parquet,35144,downloaded,35144,
2026-07-17,NSE,BAJAJ-AUTO,raw_l2/trade_date=2026-07-17/exchange=NSE/symbol=BAJAJ-AUTO/part-044016_444517-007587.parquet,real_data_sample\l2_unseen_validation\trade_date=2026-07-17\exchange=NSE\symbol=BAJAJ-AUTO\part-044016_444517-007587.parquet,35574,downloaded,35574,
2026-07-17,NSE,BAJAJ-AUTO,raw_l2/trade_date=2026-07-17/exchange=NSE/symbol=BAJAJ-AUTO/part-044152_711471-007811.parquet,real_data_sample\l2_unseen_validation\trade_date=2026-07-17\exchange=NSE\symbol=BAJAJ-AUTO\part-044152_711471-007811.parquet,35247,downloaded,35247,
2026-07-17,NSE,BAJAJ-AUTO,raw_l2/trade_date=2026-07-17/exchange=NSE/symbol=BAJAJ-AUTO/part-044206_450013-007843.parquet,real_data_sample\l2_unseen_validation\trade_date=2026-07-17\exchange=NSE\symbol=BAJAJ-AUTO\part-044206_450013-007843.parquet,35421,downloaded,35421,
2026-07-17,NSE,BAJAJ-AUTO,raw_l2/trade_date=2026-07-17/exchange=NSE/symbol=BAJAJ-AUTO/part-044220_198646-007875.parquet,real_data_sample\l2_unseen_validation\trade_date=2026-07-17\exchange=NSE\symbol=BAJAJ-AUTO\part-044220_198646-007875.parquet,35175,downloaded,35175,
2026-07-17,NSE,BAJAJ-AUTO,raw_l2/trade_date=2026-07-17/exchange=NSE/symbol=BAJAJ-AUTO/part-044234_204057-007907.parquet,real_data_sample\l2_unseen_validation\trade_date=2026-07-17\exchange=NSE\symbol=BAJAJ-AUTO\part-044234_204057-007907.parquet,35552,downloaded,35552,
2026-07-17,NSE,BAJAJ-AUTO,raw_l2/trade_date=2026-07-17/exchange=NSE/symbol=BAJAJ-AUTO/part-044301_968754-007971.parquet,real_data_sample\l2_unseen_validation\trade_date=2026-07-17\exchange=NSE\symbol=BAJAJ-AUTO\part-044301_968754-007971.parquet,35347,downloaded,35347,
2026-07-17,NSE,BAJAJ-AUTO,raw_l2/trade_date=2026-07-17/exchange=NSE/symbol=BAJAJ-AUTO/part-044248_199563-007939.parquet,real_data_sample\l2_unseen_validation\trade_date=2026-07-17\exchange=NSE\symbol=BAJAJ-AUTO\part-044248_199563-007939.parquet,35499,downloaded,35499,
2026-07-17,NSE,BAJAJ-AUTO,raw_l2/trade_date=2026-07-17/exchange=NSE/symbol=BAJAJ-AUTO/part-043839_945095-007363.parquet,real_data_sample\l2_unseen_validation\trade_date=2026-07-17\exchange=NSE\symbol=BAJAJ-AUTO\part-043839_945095-007363.parquet,35630,downloaded,35630,
2026-07-17,NSE,BAJAJ-AUTO,raw_l2/trade_date=2026-07-17/exchange=NSE/symbol=BAJAJ-AUTO/part-044329_747663-008035.parquet,real_data_sample\l2_unseen_validation\trade_date=2026-07-17\exchange=NSE\symbol=BAJAJ-AUTO\part-044329_747663-008035.parquet,35583,downloaded,35583,
2026-07-17,NSE,BAJAJ-AUTO,raw_l2/trade_date=2026-07-17/exchange=NSE/symbol=BAJAJ-AUTO/part-044452_690848-008227.parquet,real_data_sample\l2_unseen_validation\trade_date=2026-07-17\exchange=NSE\symbol=BAJAJ-AUTO\part-044452_690848-008227.parquet,35242,downloaded,35242,
2026-07-17,NSE,BAJAJ-AUTO,raw_l2/trade_date=2026-07-17/exchange=NSE/symbol=BAJAJ-AUTO/part-044520_211147-008291.parquet,real_data_sample\l2_unseen_validation\trade_date=2026-07-17\exchange=NSE\symbol=BAJAJ-AUTO\part-044520_211147-008291.parquet,35639,downloaded,35639,
2026-07-17,NSE,BAJAJ-AUTO,raw_l2/trade_date=2026-07-17/exchange=NSE/symbol=BAJAJ-AUTO/part-044506_443269-008259.parquet,real_data_sample\l2_unseen_validation\trade_date=2026-07-17\exchange=NSE\symbol=BAJAJ-AUTO\part-044506_443269-008259.parquet,35334,downloaded,35334,
2026-07-17,NSE,BAJAJ-AUTO,raw_l2/trade_date=2026-07-17/exchange=NSE/symbol=BAJAJ-AUTO/part-044424_944659-008163.parquet,real_data_sample\l2_unseen_validation\trade_date=2026-07-17\exchange=NSE\symbol=BAJAJ-AUTO\part-044424_944659-008163.parquet,35316,downloaded,35316,
2026-07-17,NSE,BAJAJ-AUTO,raw_l2/trade_date=2026-07-17/exchange=NSE/symbol=BAJAJ-AUTO/part-044343_694410-008067.parquet,real_data_sample\l2_unseen_validation\trade_date=2026-07-17\exchange=NSE\symbol=BAJAJ-AUTO\part-044343_694410-008067.parquet,35289,downloaded,35289,
2026-07-17,NSE,BAJAJ-AUTO,raw_l2/trade_date=2026-07-17/exchange=NSE/symbol=BAJAJ-AUTO/part-044411_194120-008131.parquet,real_data_sample\l2_unseen_validation\trade_date=2026-07-17\exchange=NSE\symbol=BAJAJ-AUTO\part-044411_194120-008131.parquet,35675,downloaded,35675,
2026-07-17,NSE,BAJAJ-AUTO,raw_l2/trade_date=2026-07-17/exchange=NSE/symbol=BAJAJ-AUTO/part-044357_463789-008099.parquet,real_data_sample\l2_unseen_validation\trade_date=2026-07-17\exchange=NSE\symbol=BAJAJ-AUTO\part-044357_463789-008099.parquet,35506,downloaded,35506,
2026-07-17,NSE,BAJAJ-AUTO,raw_l2/trade_date=2026-07-17/exchange=NSE/symbol=BAJAJ-AUTO/part-044438_689590-008195.parquet,real_data_sample\l2_unseen_validation\trade_date=2026-07-17\exchange=NSE\symbol=BAJAJ-AUTO\part-044438_689590-008195.parquet,35170,downloaded,35170,
2026-07-17,NSE,BAJAJ-AUTO,raw_l2/trade_date=2026-07-17/exchange=NSE/symbol=BAJAJ-AUTO/part-044615_457777-008419.parquet,real_data_sample\l2_unseen_validation\trade_date=2026-07-17\exchange=NSE\symbol=BAJAJ-AUTO\part-044615_457777-008419.parquet,35129,downloaded,35129,
2026-07-17,NSE,BAJAJ-AUTO,raw_l2/trade_date=2026-07-17/exchange=NSE/symbol=BAJAJ-AUTO/part-044315_945832-008003.parquet,real_data_sample\l2_unseen_validation\trade_date=2026-07-17\exchange=NSE\symbol=BAJAJ-AUTO\part-044315_945832-008003.parquet,35242,downloaded,35242,
2026-07-17,NSE,BAJAJ-AUTO,raw_l2/trade_date=2026-07-17/exchange=NSE/symbol=BAJAJ-AUTO/part-044533_945086-008323.parquet,real_data_sample\l2_unseen_validation\trade_date=2026-07-17\exchange=NSE\symbol=BAJAJ-AUTO\part-044533_945086-008323.parquet,35409,downloaded,35409,
2026-07-17,NSE,BAJAJ-AUTO,raw_l2/trade_date=2026-07-17/exchange=NSE/symbol=BAJAJ-AUTO/part-044547_683828-008355.parquet,real_data_sample\l2_unseen_validation\trade_date=2026-07-17\exchange=NSE\symbol=BAJAJ-AUTO\part-044547_683828-008355.parquet,35294,downloaded,35294,
2026-07-17,NSE,BAJAJ-AUTO,raw_l2/trade_date=2026-07-17/exchange=NSE/symbol=BAJAJ-AUTO/part-044629_199865-008451.parquet,real_data_sample\l2_unseen_validation\trade_date=2026-07-17\exchange=NSE\symbol=BAJAJ-AUTO\part-044629_199865-008451.parquet,35518,downloaded,35518,
2026-07-17,NSE,BAJAJ-AUTO,raw_l2/trade_date=2026-07-17/exchange=NSE/symbol=BAJAJ-AUTO/part-044601_454362-008387.parquet,real_data_sample\l2_unseen_validation\trade_date=2026-07-17\exchange=NSE\symbol=BAJAJ-AUTO\part-044601_454362-008387.parquet,35173,downloaded,35173,
2026-07-17,NSE,BAJAJ-AUTO,raw_l2/trade_date=2026-07-17/exchange=NSE/symbol=BAJAJ-AUTO/part-044656_946549-008515.parquet,real_data_sample\l2_unseen_validation\trade_date=2026-07-17\exchange=NSE\symbol=BAJAJ-AUTO\part-044656_946549-008515.parquet,35058,downloaded,35058,
2026-07-17,NSE,BAJAJ-AUTO,raw_l2/trade_date=2026-07-17/exchange=NSE/symbol=BAJAJ-AUTO/part-044710_716883-008547.parquet,real_data_sample\l2_unseen_validation\trade_date=2026-07-17\exchange=NSE\symbol=BAJAJ-AUTO\part-044710_716883-008547.parquet,35057,downloaded,35057,
2026-07-17,NSE,BAJAJ-AUTO,raw_l2/trade_date=2026-07-17/exchange=NSE/symbol=BAJAJ-AUTO/part-044642_969094-008483.parquet,real_data_sample\l2_unseen_validation\trade_date=2026-07-17\exchange=NSE\symbol=BAJAJ-AUTO\part-044642_969094-008483.parquet,35558,downloaded,35558,
2026-07-17,NSE,BAJAJ-AUTO,raw_l2/trade_date=2026-07-17/exchange=NSE/symbol=BAJAJ-AUTO/part-044724_454492-008579.parquet,real_data_sample\l2_unseen_validation\trade_date=2026-07-17\exchange=NSE\symbol=BAJAJ-AUTO\part-044724_454492-008579.parquet,35549,downloaded,35549,
2026-07-17,NSE,BAJAJ-AUTO,raw_l2/trade_date=2026-07-17/exchange=NSE/symbol=BAJAJ-AUTO/part-044738_236590-008611.parquet,real_data_sample\l2_unseen_validation\trade_date=2026-07-17\exchange=NSE\symbol=BAJAJ-AUTO\part-044738_236590-008611.parquet,35208,downloaded,35208,
2026-07-17,NSE,BAJAJ-AUTO,raw_l2/trade_date=2026-07-17/exchange=NSE/symbol=BAJAJ-AUTO/part-044833_950936-008739.parquet,real_data_sample\l2_unseen_validation\trade_date=2026-07-17\exchange=NSE\symbol=BAJAJ-AUTO\part-044833_950936-008739.parquet,35612,downloaded,35612,
2026-07-17,NSE,BAJAJ-AUTO,raw_l2/trade_date=2026-07-17/exchange=NSE/symbol=BAJAJ-AUTO/part-044806_201951-008675.parquet,real_data_sample\l2_unseen_validation\trade_date=2026-07-17\exchange=NSE\symbol=BAJAJ-AUTO\part-044806_201951-008675.parquet,36017,downloaded,36017,
2026-07-17,NSE,BAJAJ-AUTO,raw_l2/trade_date=2026-07-17/exchange=NSE/symbol=BAJAJ-AUTO/part-044752_453209-008643.parquet,real_data_sample\l2_unseen_validation\trade_date=2026-07-17\exchange=NSE\symbol=BAJAJ-AUTO\part-044752_453209-008643.parquet,36348,downloaded,36348,
2026-07-17,NSE,BAJAJ-AUTO,raw_l2/trade_date=2026-07-17/exchange=NSE/symbol=BAJAJ-AUTO/part-044819_948373-008707.parquet,real_data_sample\l2_unseen_validation\trade_date=2026-07-17\exchange=NSE\symbol=BAJAJ-AUTO\part-044819_948373-008707.parquet,36102,downloaded,36102,
2026-07-17,NSE,BAJAJ-AUTO,raw_l2/trade_date=2026-07-17/exchange=NSE/symbol=BAJAJ-AUTO/part-044942_704372-008899.parquet,real_data_sample\l2_unseen_validation\trade_date=2026-07-17\exchange=NSE\symbol=BAJAJ-AUTO\part-044942_704372-008899.parquet,35492,downloaded,35492,
2026-07-17,NSE,BAJAJ-AUTO,raw_l2/trade_date=2026-07-17/exchange=NSE/symbol=BAJAJ-AUTO/part-044847_689434-008771.parquet,real_data_sample\l2_unseen_validation\trade_date=2026-07-17\exchange=NSE\symbol=BAJAJ-AUTO\part-044847_689434-008771.parquet,35464,downloaded,35464,
2026-07-17,NSE,BAJAJ-AUTO,raw_l2/trade_date=2026-07-17/exchange=NSE/symbol=BAJAJ-AUTO/part-044901_459161-008803.parquet,real_data_sample\l2_unseen_validation\trade_date=2026-07-17\exchange=NSE\symbol=BAJAJ-AUTO\part-044901_459161-008803.parquet,35430,downloaded,35430,
2026-07-17,NSE,BAJAJ-AUTO,raw_l2/trade_date=2026-07-17/exchange=NSE/symbol=BAJAJ-AUTO/part-044915_197922-008835.parquet,real_data_sample\l2_unseen_validation\trade_date=2026-07-17\exchange=NSE\symbol=BAJAJ-AUTO\part-044915_197922-008835.parquet,35449,downloaded,35449,
2026-07-17,NSE,BAJAJ-AUTO,raw_l2/trade_date=2026-07-17/exchange=NSE/symbol=BAJAJ-AUTO/part-045037_455327-009027.parquet,real_data_sample\l2_unseen_validation\trade_date=2026-07-17\exchange=NSE\symbol=BAJAJ-AUTO\part-045037_455327-009027.parquet,35862,downloaded,35862,
2026-07-17,NSE,BAJAJ-AUTO,raw_l2/trade_date=2026-07-17/exchange=NSE/symbol=BAJAJ-AUTO/part-044956_444708-008931.parquet,real_data_sample\l2_unseen_validation\trade_date=2026-07-17\exchange=NSE\symbol=BAJAJ-AUTO\part-044956_444708-008931.parquet,35581,downloaded,35581,
2026-07-17,NSE,BAJAJ-AUTO,raw_l2/trade_date=2026-07-17/exchange=NSE/symbol=BAJAJ-AUTO/part-045023_941034-008995.parquet,real_data_sample\l2_unseen_validation\trade_date=2026-07-17\exchange=NSE\symbol=BAJAJ-AUTO\part-045023_941034-008995.parquet,35603,downloaded,35603,
2026-07-17,NSE,BAJAJ-AUTO,raw_l2/trade_date=2026-07-17/exchange=NSE/symbol=BAJAJ-AUTO/part-044928_941140-008867.parquet,real_data_sample\l2_unseen_validation\trade_date=2026-07-17\exchange=NSE\symbol=BAJAJ-AUTO\part-044928_941140-008867.parquet,35611,downloaded,35611,
2026-07-17,NSE,BAJAJ-AUTO,raw_l2/trade_date=2026-07-17/exchange=NSE/symbol=BAJAJ-AUTO/part-045051_198693-009059.parquet,real_data_sample\l2_unseen_validation\trade_date=2026-07-17\exchange=NSE\symbol=BAJAJ-AUTO\part-045051_198693-009059.parquet,35538,downloaded,35538,
2026-07-17,NSE,BAJAJ-AUTO,raw_l2/trade_date=2026-07-17/exchange=NSE/symbol=BAJAJ-AUTO/part-045118_961622-009123.parquet,real_data_sample\l2_unseen_validation\trade_date=2026-07-17\exchange=NSE\symbol=BAJAJ-AUTO\part-045118_961622-009123.parquet,35583,downloaded,35583,
2026-07-17,NSE,BAJAJ-AUTO,raw_l2/trade_date=2026-07-17/exchange=NSE/symbol=BAJAJ-AUTO/part-045105_022778-009091.parquet,real_data_sample\l2_unseen_validation\trade_date=2026-07-17\exchange=NSE\symbol=BAJAJ-AUTO\part-045105_022778-009091.parquet,35958,downloaded,35958,
2026-07-17,NSE,BAJAJ-AUTO,raw_l2/trade_date=2026-07-17/exchange=NSE/symbol=BAJAJ-AUTO/part-045132_957957-009155.parquet,real_data_sample\l2_unseen_validation\trade_date=2026-07-17\exchange=NSE\symbol=BAJAJ-AUTO\part-045132_957957-009155.parquet,35373,downloaded,35373,
2026-07-17,NSE,BAJAJ-AUTO,raw_l2/trade_date=2026-07-17/exchange=NSE/symbol=BAJAJ-AUTO/part-045146_967975-009187.parquet,real_data_sample\l2_unseen_validation\trade_date=2026-07-17\exchange=NSE\symbol=BAJAJ-AUTO\part-045146_967975-009187.parquet,35681,downloaded,35681,
2026-07-17,NSE,BAJAJ-AUTO,raw_l2/trade_date=2026-07-17/exchange=NSE/symbol=BAJAJ-AUTO/part-045201_011756-009219.parquet,real_data_sample\l2_unseen_validation\trade_date=2026-07-17\exchange=NSE\symbol=BAJAJ-AUTO\part-045201_011756-009219.parquet,35333,downloaded,35333,
2026-07-17,NSE,BAJAJ-AUTO,raw_l2/trade_date=2026-07-17/exchange=NSE/symbol=BAJAJ-AUTO/part-045324_458778-009411.parquet,real_data_sample\l2_unseen_validation\trade_date=2026-07-17\exchange=NSE\symbol=BAJAJ-AUTO\part-045324_458778-009411.parquet,34734,downloaded,34734,
2026-07-17,NSE,BAJAJ-AUTO,raw_l2/trade_date=2026-07-17/exchange=NSE/symbol=BAJAJ-AUTO/part-045256_459794-009347.parquet,real_data_sample\l2_unseen_validation\trade_date=2026-07-17\exchange=NSE\symbol=BAJAJ-AUTO\part-045256_459794-009347.parquet,35387,downloaded,35387,
2026-07-17,NSE,BAJAJ-AUTO,raw_l2/trade_date=2026-07-17/exchange=NSE/symbol=BAJAJ-AUTO/part-045310_465404-009379.parquet,real_data_sample\l2_unseen_validation\trade_date=2026-07-17\exchange=NSE\symbol=BAJAJ-AUTO\part-045310_465404-009379.parquet,35207,downloaded,35207,
2026-07-17,NSE,BAJAJ-AUTO,raw_l2/trade_date=2026-07-17/exchange=NSE/symbol=BAJAJ-AUTO/part-045214_944599-009251.parquet,real_data_sample\l2_unseen_validation\trade_date=2026-07-17\exchange=NSE\symbol=BAJAJ-AUTO\part-045214_944599-009251.parquet,35223,downloaded,35223,
2026-07-17,NSE,BAJAJ-AUTO,raw_l2/trade_date=2026-07-17/exchange=NSE/symbol=BAJAJ-AUTO/part-045338_206835-009443.parquet,real_data_sample\l2_unseen_validation\trade_date=2026-07-17\exchange=NSE\symbol=BAJAJ-AUTO\part-045338_206835-009443.parquet,34532,downloaded,34532,
2026-07-17,NSE,BAJAJ-AUTO,raw_l2/trade_date=2026-07-17/exchange=NSE/symbol=BAJAJ-AUTO/part-045502_239465-009635.parquet,real_data_sample\l2_unseen_validation\trade_date=2026-07-17\exchange=NSE\symbol=BAJAJ-AUTO\part-045502_239465-009635.parquet,34462,downloaded,34462,
2026-07-17,NSE,BAJAJ-AUTO,raw_l2/trade_date=2026-07-17/exchange=NSE/symbol=BAJAJ-AUTO/part-043619_945770-007043.parquet,real_data_sample\l2_unseen_validation\trade_date=2026-07-17\exchange=NSE\symbol=BAJAJ-AUTO\part-043619_945770-007043.parquet,35096,downloaded,35096,
2026-07-17,NSE,BAJAJ-AUTO,raw_l2/trade_date=2026-07-17/exchange=NSE/symbol=BAJAJ-AUTO/part-045352_204808-009475.parquet,real_data_sample\l2_unseen_validation\trade_date=2026-07-17\exchange=NSE\symbol=BAJAJ-AUTO\part-045352_204808-009475.parquet,34547,downloaded,34547,
2026-07-17,NSE,BAJAJ-AUTO,raw_l2/trade_date=2026-07-17/exchange=NSE/symbol=BAJAJ-AUTO/part-045544_454947-009731.parquet,real_data_sample\l2_unseen_validation\trade_date=2026-07-17\exchange=NSE\symbol=BAJAJ-AUTO\part-045544_454947-009731.parquet,35339,downloaded,35339,
2026-07-17,NSE,BAJAJ-AUTO,raw_l2/trade_date=2026-07-17/exchange=NSE/symbol=BAJAJ-AUTO/part-045530_455763-009699.parquet,real_data_sample\l2_unseen_validation\trade_date=2026-07-17\exchange=NSE\symbol=BAJAJ-AUTO\part-045530_455763-009699.parquet,35030,downloaded,35030,
2026-07-17,NSE,BAJAJ-AUTO,raw_l2/trade_date=2026-07-17/exchange=NSE/symbol=BAJAJ-AUTO/part-045516_475582-009667.parquet,real_data_sample\l2_unseen_validation\trade_date=2026-07-17\exchange=NSE\symbol=BAJAJ-AUTO\part-045516_475582-009667.parquet,34892,downloaded,34892,
2026-07-17,NSE,BAJAJ-AUTO,raw_l2/trade_date=2026-07-17/exchange=NSE/symbol=BAJAJ-AUTO/part-045434_219833-009571.parquet,real_data_sample\l2_unseen_validation\trade_date=2026-07-17\exchange=NSE\symbol=BAJAJ-AUTO\part-045434_219833-009571.parquet,34598,downloaded,34598,
2026-07-17,NSE,BAJAJ-AUTO,raw_l2/trade_date=2026-07-17/exchange=NSE/symbol=BAJAJ-AUTO/part-045448_217466-009603.parquet,real_data_sample\l2_unseen_validation\trade_date=2026-07-17\exchange=NSE\symbol=BAJAJ-AUTO\part-045448_217466-009603.parquet,34525,downloaded,34525,
2026-07-17,NSE,BAJAJ-AUTO,raw_l2/trade_date=2026-07-17/exchange=NSE/symbol=BAJAJ-AUTO/part-045420_226358-009539.parquet,real_data_sample\l2_unseen_validation\trade_date=2026-07-17\exchange=NSE\symbol=BAJAJ-AUTO\part-045420_226358-009539.parquet,34492,downloaded,34492,
2026-07-17,NSE,BAJAJ-AUTO,raw_l2/trade_date=2026-07-17/exchange=NSE/symbol=BAJAJ-AUTO/part-045406_226962-009507.parquet,real_data_sample\l2_unseen_validation\trade_date=2026-07-17\exchange=NSE\symbol=BAJAJ-AUTO\part-045406_226962-009507.parquet,34629,downloaded,34629,
2026-07-17,NSE,BAJAJ-AUTO,raw_l2/trade_date=2026-07-17/exchange=NSE/symbol=BAJAJ-AUTO/part-045228_695831-009283.parquet,real_data_sample\l2_unseen_validation\trade_date=2026-07-17\exchange=NSE\symbol=BAJAJ-AUTO\part-045228_695831-009283.parquet,35065,downloaded,35065,
2026-07-17,NSE,BAJAJ-AUTO,raw_l2/trade_date=2026-07-17/exchange=NSE/symbol=BAJAJ-AUTO/part-045242_460393-009315.parquet,real_data_sample\l2_unseen_validation\trade_date=2026-07-17\exchange=NSE\symbol=BAJAJ-AUTO\part-045242_460393-009315.parquet,35121,downloaded,35121,
2026-07-17,NSE,BAJAJ-AUTO,raw_l2/trade_date=2026-07-17/exchange=NSE/symbol=BAJAJ-AUTO/part-045010_196541-008963.parquet,real_data_sample\l2_unseen_validation\trade_date=2026-07-17\exchange=NSE\symbol=BAJAJ-AUTO\part-045010_196541-008963.parquet,35667,downloaded,35667,
2026-07-17,NSE,BAJAJ-AUTO,raw_l2/trade_date=2026-07-17/exchange=NSE/symbol=BAJAJ-AUTO/part-045558_446757-009763.parquet,real_data_sample\l2_unseen_validation\trade_date=2026-07-17\exchange=NSE\symbol=BAJAJ-AUTO\part-045558_446757-009763.parquet,35569,downloaded,35569,
2026-07-17,NSE,BAJAJ-AUTO,raw_l2/trade_date=2026-07-17/exchange=NSE/symbol=BAJAJ-AUTO/part-045612_446893-009795.parquet,real_data_sample\l2_unseen_validation\trade_date=2026-07-17\exchange=NSE\symbol=BAJAJ-AUTO\part-045612_446893-009795.parquet,35683,downloaded,35683,
2026-07-17,NSE,BAJAJ-AUTO,raw_l2/trade_date=2026-07-17/exchange=NSE/symbol=BAJAJ-AUTO/part-045640_722406-009859.parquet,real_data_sample\l2_unseen_validation\trade_date=2026-07-17\exchange=NSE\symbol=BAJAJ-AUTO\part-045640_722406-009859.parquet,35334,downloaded,35334,
2026-07-17,NSE,BAJAJ-AUTO,raw_l2/trade_date=2026-07-17/exchange=NSE/symbol=BAJAJ-AUTO/part-045626_514135-009827.parquet,real_data_sample\l2_unseen_validation\trade_date=2026-07-17\exchange=NSE\symbol=BAJAJ-AUTO\part-045626_514135-009827.parquet,35119,downloaded,35119,
2026-07-17,NSE,BAJAJ-AUTO,raw_l2/trade_date=2026-07-17/exchange=NSE/symbol=BAJAJ-AUTO/part-045655_203405-009891.parquet,real_data_sample\l2_unseen_validation\trade_date=2026-07-17\exchange=NSE\symbol=BAJAJ-AUTO\part-045655_203405-009891.parquet,35476,downloaded,35476,
2026-07-17,NSE,BAJAJ-AUTO,raw_l2/trade_date=2026-07-17/exchange=NSE/symbol=BAJAJ-AUTO/part-045709_055613-009923.parquet,real_data_sample\l2_unseen_validation\trade_date=2026-07-17\exchange=NSE\symbol=BAJAJ-AUTO\part-045709_055613-009923.parquet,35231,downloaded,35231,
2026-07-17,NSE,BAJAJ-AUTO,raw_l2/trade_date=2026-07-17/exchange=NSE/symbol=BAJAJ-AUTO/part-045723_459081-009955.parquet,real_data_sample\l2_unseen_validation\trade_date=2026-07-17\exchange=NSE\symbol=BAJAJ-AUTO\part-045723_459081-009955.parquet,35299,downloaded,35299,
2026-07-17,NSE,BAJAJ-AUTO,raw_l2/trade_date=2026-07-17/exchange=NSE/symbol=BAJAJ-AUTO/part-045737_478637-009987.parquet,real_data_sample\l2_unseen_validation\trade_date=2026-07-17\exchange=NSE\symbol=BAJAJ-AUTO\part-045737_478637-009987.parquet,34993,downloaded,34993,
2026-07-17,NSE,BAJAJ-AUTO,raw_l2/trade_date=2026-07-17/exchange=NSE/symbol=BAJAJ-AUTO/part-045805_705335-010051.parquet,real_data_sample\l2_unseen_validation\trade_date=2026-07-17\exchange=NSE\symbol=BAJAJ-AUTO\part-045805_705335-010051.parquet,35142,downloaded,35142,
2026-07-17,NSE,BAJAJ-AUTO,raw_l2/trade_date=2026-07-17/exchange=NSE/symbol=BAJAJ-AUTO/part-045751_709206-010019.parquet,real_data_sample\l2_unseen_validation\trade_date=2026-07-17\exchange=NSE\symbol=BAJAJ-AUTO\part-045751_709206-010019.parquet,35436,downloaded,35436,
2026-07-17,NSE,BAJAJ-AUTO,raw_l2/trade_date=2026-07-17/exchange=NSE/symbol=BAJAJ-AUTO/part-045819_947772-010083.parquet,real_data_sample\l2_unseen_validation\trade_date=2026-07-17\exchange=NSE\symbol=BAJAJ-AUTO\part-045819_947772-010083.parquet,35138,downloaded,35138,
2026-07-17,NSE,BAJAJ-AUTO,raw_l2/trade_date=2026-07-17/exchange=NSE/symbol=BAJAJ-AUTO/part-045848_205588-010147.parquet,real_data_sample\l2_unseen_validation\trade_date=2026-07-17\exchange=NSE\symbol=BAJAJ-AUTO\part-045848_205588-010147.parquet,35306,downloaded,35306,
2026-07-17,NSE,BAJAJ-AUTO,raw_l2/trade_date=2026-07-17/exchange=NSE/symbol=BAJAJ-AUTO/part-045833_963416-010115.parquet,real_data_sample\l2_unseen_validation\trade_date=2026-07-17\exchange=NSE\symbol=BAJAJ-AUTO\part-045833_963416-010115.parquet,35193,downloaded,35193,
2026-07-17,NSE,BAJAJ-AUTO,raw_l2/trade_date=2026-07-17/exchange=NSE/symbol=BAJAJ-AUTO/part-045915_950995-010211.parquet,real_data_sample\l2_unseen_validation\trade_date=2026-07-17\exchange=NSE\symbol=BAJAJ-AUTO\part-045915_950995-010211.parquet,34891,downloaded,34891,
2026-07-17,NSE,BAJAJ-AUTO,raw_l2/trade_date=2026-07-17/exchange=NSE/symbol=BAJAJ-AUTO/part-045902_187968-010179.parquet,real_data_sample\l2_unseen_validation\trade_date=2026-07-17\exchange=NSE\symbol=BAJAJ-AUTO\part-045902_187968-010179.parquet,34983,downloaded,34983,
2026-07-17,NSE,BAJAJ-AUTO,raw_l2/trade_date=2026-07-17/exchange=NSE/symbol=BAJAJ-AUTO/part-050026_451488-010371.parquet,real_data_sample\l2_unseen_validation\trade_date=2026-07-17\exchange=NSE\symbol=BAJAJ-AUTO\part-050026_451488-010371.parquet,35360,downloaded,35360,
2026-07-17,NSE,BAJAJ-AUTO,raw_l2/trade_date=2026-07-17/exchange=NSE/symbol=BAJAJ-AUTO/part-045944_258552-010275.parquet,real_data_sample\l2_unseen_validation\trade_date=2026-07-17\exchange=NSE\symbol=BAJAJ-AUTO\part-045944_258552-010275.parquet,34506,downloaded,34506,
2026-07-17,NSE,BAJAJ-AUTO,raw_l2/trade_date=2026-07-17/exchange=NSE/symbol=BAJAJ-AUTO/part-050054_224574-010435.parquet,real_data_sample\l2_unseen_validation\trade_date=2026-07-17\exchange=NSE\symbol=BAJAJ-AUTO\part-050054_224574-010435.parquet,35380,downloaded,35380,
2026-07-17,NSE,BAJAJ-AUTO,raw_l2/trade_date=2026-07-17/exchange=NSE/symbol=BAJAJ-AUTO/part-050012_687974-010339.parquet,real_data_sample\l2_unseen_validation\trade_date=2026-07-17\exchange=NSE\symbol=BAJAJ-AUTO\part-050012_687974-010339.parquet,34860,downloaded,34860,
2026-07-17,NSE,BAJAJ-AUTO,raw_l2/trade_date=2026-07-17/exchange=NSE/symbol=BAJAJ-AUTO/part-045930_013801-010243.parquet,real_data_sample\l2_unseen_validation\trade_date=2026-07-17\exchange=NSE\symbol=BAJAJ-AUTO\part-045930_013801-010243.parquet,34472,downloaded,34472,
2026-07-17,NSE,BAJAJ-AUTO,raw_l2/trade_date=2026-07-17/exchange=NSE/symbol=BAJAJ-AUTO/part-045958_271321-010307.parquet,real_data_sample\l2_unseen_validation\trade_date=2026-07-17\exchange=NSE\symbol=BAJAJ-AUTO\part-045958_271321-010307.parquet,34617,downloaded,34617,
2026-07-17,NSE,BAJAJ-AUTO,raw_l2/trade_date=2026-07-17/exchange=NSE/symbol=BAJAJ-AUTO/part-050247_194809-010691.parquet,real_data_sample\l2_unseen_validation\trade_date=2026-07-17\exchange=NSE\symbol=BAJAJ-AUTO\part-050247_194809-010691.parquet,35440,downloaded,35440,
2026-07-17,NSE,BAJAJ-AUTO,raw_l2/trade_date=2026-07-17/exchange=NSE/symbol=BAJAJ-AUTO/part-050343_717642-010819.parquet,real_data_sample\l2_unseen_validation\trade_date=2026-07-17\exchange=NSE\symbol=BAJAJ-AUTO\part-050343_717642-010819.parquet,35327,downloaded,35327,
2026-07-17,NSE,BAJAJ-AUTO,raw_l2/trade_date=2026-07-17/exchange=NSE/symbol=BAJAJ-AUTO/part-050232_562157-010659.parquet,real_data_sample\l2_unseen_validation\trade_date=2026-07-17\exchange=NSE\symbol=BAJAJ-AUTO\part-050232_562157-010659.parquet,35493,downloaded,35493,
2026-07-17,NSE,BAJAJ-AUTO,raw_l2/trade_date=2026-07-17/exchange=NSE/symbol=BAJAJ-AUTO/part-050329_726704-010787.parquet,real_data_sample\l2_unseen_validation\trade_date=2026-07-17\exchange=NSE\symbol=BAJAJ-AUTO\part-050329_726704-010787.parquet,35214,downloaded,35214,
2026-07-17,NSE,BAJAJ-AUTO,raw_l2/trade_date=2026-07-17/exchange=NSE/symbol=BAJAJ-AUTO/part-050357_710239-010851.parquet,real_data_sample\l2_unseen_validation\trade_date=2026-07-17\exchange=NSE\symbol=BAJAJ-AUTO\part-050357_710239-010851.parquet,35492,downloaded,35492,
2026-07-17,NSE,BAJAJ-AUTO,raw_l2/trade_date=2026-07-17/exchange=NSE/symbol=BAJAJ-AUTO/part-050426_198674-010915.parquet,real_data_sample\l2_unseen_validation\trade_date=2026-07-17\exchange=NSE\symbol=BAJAJ-AUTO\part-050426_198674-010915.parquet,35178,downloaded,35178,
2026-07-17,NSE,BAJAJ-AUTO,raw_l2/trade_date=2026-07-17/exchange=NSE/symbol=BAJAJ-AUTO/part-050440_198638-010947.parquet,real_data_sample\l2_unseen_validation\trade_date=2026-07-17\exchange=NSE\symbol=BAJAJ-AUTO\part-050440_198638-010947.parquet,35305,downloaded,35305,
2026-07-17,NSE,BAJAJ-AUTO,raw_l2/trade_date=2026-07-17/exchange=NSE/symbol=BAJAJ-AUTO/part-050453_955913-010979.parquet,real_data_sample\l2_unseen_validation\trade_date=2026-07-17\exchange=NSE\symbol=BAJAJ-AUTO\part-050453_955913-010979.parquet,34950,downloaded,34950,
2026-07-17,NSE,BAJAJ-AUTO,raw_l2/trade_date=2026-07-17/exchange=NSE/symbol=BAJAJ-AUTO/part-050301_233281-010723.parquet,real_data_sample\l2_unseen_validation\trade_date=2026-07-17\exchange=NSE\symbol=BAJAJ-AUTO\part-050301_233281-010723.parquet,35403,downloaded,35403,
2026-07-17,NSE,BAJAJ-AUTO,raw_l2/trade_date=2026-07-17/exchange=NSE/symbol=BAJAJ-AUTO/part-050315_555260-010755.parquet,real_data_sample\l2_unseen_validation\trade_date=2026-07-17\exchange=NSE\symbol=BAJAJ-AUTO\part-050315_555260-010755.parquet,35617,downloaded,35617,
2026-07-17,NSE,BAJAJ-AUTO,raw_l2/trade_date=2026-07-17/exchange=NSE/symbol=BAJAJ-AUTO/part-050122_194936-010499.parquet,real_data_sample\l2_unseen_validation\trade_date=2026-07-17\exchange=NSE\symbol=BAJAJ-AUTO\part-050122_194936-010499.parquet,35152,downloaded,35152,
2026-07-17,NSE,BAJAJ-AUTO,raw_l2/trade_date=2026-07-17/exchange=NSE/symbol=BAJAJ-AUTO/part-050411_987536-010883.parquet,real_data_sample\l2_unseen_validation\trade_date=2026-07-17\exchange=NSE\symbol=BAJAJ-AUTO\part-050411_987536-010883.parquet,35267,downloaded,35267,
2026-07-17,NSE,BAJAJ-AUTO,raw_l2/trade_date=2026-07-17/exchange=NSE/symbol=BAJAJ-AUTO/part-050108_222032-010467.parquet,real_data_sample\l2_unseen_validation\trade_date=2026-07-17\exchange=NSE\symbol=BAJAJ-AUTO\part-050108_222032-010467.parquet,35530,downloaded,35530,
2026-07-17,NSE,BAJAJ-AUTO,raw_l2/trade_date=2026-07-17/exchange=NSE/symbol=BAJAJ-AUTO/part-050135_967354-010531.parquet,real_data_sample\l2_unseen_validation\trade_date=2026-07-17\exchange=NSE\symbol=BAJAJ-AUTO\part-050135_967354-010531.parquet,35261,downloaded,35261,
2026-07-17,NSE,BAJAJ-AUTO,raw_l2/trade_date=2026-07-17/exchange=NSE/symbol=BAJAJ-AUTO/part-050149_953426-010563.parquet,real_data_sample\l2_unseen_validation\trade_date=2026-07-17\exchange=NSE\symbol=BAJAJ-AUTO\part-050149_953426-010563.parquet,35116,downloaded,35116,
2026-07-17,NSE,BAJAJ-AUTO,raw_l2/trade_date=2026-07-17/exchange=NSE/symbol=BAJAJ-AUTO/part-050204_466485-010595.parquet,real_data_sample\l2_unseen_validation\trade_date=2026-07-17\exchange=NSE\symbol=BAJAJ-AUTO\part-050204_466485-010595.parquet,35035,downloaded,35035,
2026-07-17,NSE,BAJAJ-AUTO,raw_l2/trade_date=2026-07-17/exchange=NSE/symbol=BAJAJ-AUTO/part-050218_443025-010627.parquet,real_data_sample\l2_unseen_validation\trade_date=2026-07-17\exchange=NSE\symbol=BAJAJ-AUTO\part-050218_443025-010627.parquet,35099,downloaded,35099,
2026-07-17,NSE,BAJAJ-AUTO,raw_l2/trade_date=2026-07-17/exchange=NSE/symbol=BAJAJ-AUTO/part-050507_967160-011011.parquet,real_data_sample\l2_unseen_validation\trade_date=2026-07-17\exchange=NSE\symbol=BAJAJ-AUTO\part-050507_967160-011011.parquet,35042,downloaded,35042,
2026-07-17,NSE,BAJAJ-AUTO,raw_l2/trade_date=2026-07-17/exchange=NSE/symbol=BAJAJ-AUTO/part-050521_973383-011043.parquet,real_data_sample\l2_unseen_validation\trade_date=2026-07-17\exchange=NSE\symbol=BAJAJ-AUTO\part-050521_973383-011043.parquet,35661,downloaded,35661,
2026-07-17,NSE,BAJAJ-AUTO,raw_l2/trade_date=2026-07-17/exchange=NSE/symbol=BAJAJ-AUTO/part-050535_940331-011075.parquet,real_data_sample\l2_unseen_validation\trade_date=2026-07-17\exchange=NSE\symbol=BAJAJ-AUTO\part-050535_940331-011075.parquet,35402,downloaded,35402,
2026-07-17,NSE,BAJAJ-AUTO,raw_l2/trade_date=2026-07-17/exchange=NSE/symbol=BAJAJ-AUTO/part-050549_936087-011107.parquet,real_data_sample\l2_unseen_validation\trade_date=2026-07-17\exchange=NSE\symbol=BAJAJ-AUTO\part-050549_936087-011107.parquet,35766,downloaded,35766,
2026-07-17,NSE,BAJAJ-AUTO,raw_l2/trade_date=2026-07-17/exchange=NSE/symbol=BAJAJ-AUTO/part-050618_023746-011171.parquet,real_data_sample\l2_unseen_validation\trade_date=2026-07-17\exchange=NSE\symbol=BAJAJ-AUTO\part-050618_023746-011171.parquet,35279,downloaded,35279,
2026-07-17,NSE,BAJAJ-AUTO,raw_l2/trade_date=2026-07-17/exchange=NSE/symbol=BAJAJ-AUTO/part-050603_686874-011139.parquet,real_data_sample\l2_unseen_validation\trade_date=2026-07-17\exchange=NSE\symbol=BAJAJ-AUTO\part-050603_686874-011139.parquet,35715,downloaded,35715,
2026-07-17,NSE,BAJAJ-AUTO,raw_l2/trade_date=2026-07-17/exchange=NSE/symbol=BAJAJ-AUTO/part-050632_720983-011203.parquet,real_data_sample\l2_unseen_validation\trade_date=2026-07-17\exchange=NSE\symbol=BAJAJ-AUTO\part-050632_720983-011203.parquet,35312,downloaded,35312,
2026-07-17,NSE,BAJAJ-AUTO,raw_l2/trade_date=2026-07-17/exchange=NSE/symbol=BAJAJ-AUTO/part-050701_448204-011267.parquet,real_data_sample\l2_unseen_validation\trade_date=2026-07-17\exchange=NSE\symbol=BAJAJ-AUTO\part-050701_448204-011267.parquet,35332,downloaded,35332,
2026-07-17,NSE,BAJAJ-AUTO,raw_l2/trade_date=2026-07-17/exchange=NSE/symbol=BAJAJ-AUTO/part-050647_346738-011235.parquet,real_data_sample\l2_unseen_validation\trade_date=2026-07-17\exchange=NSE\symbol=BAJAJ-AUTO\part-050647_346738-011235.parquet,35292,downloaded,35292,
2026-07-17,NSE,BAJAJ-AUTO,raw_l2/trade_date=2026-07-17/exchange=NSE/symbol=BAJAJ-AUTO/part-050743_459215-011363.parquet,real_data_sample\l2_unseen_validation\trade_date=2026-07-17\exchange=NSE\symbol=BAJAJ-AUTO\part-050743_459215-011363.parquet,35579,downloaded,35579,
2026-07-17,NSE,BAJAJ-AUTO,raw_l2/trade_date=2026-07-17/exchange=NSE/symbol=BAJAJ-AUTO/part-050715_485044-011299.parquet,real_data_sample\l2_unseen_validation\trade_date=2026-07-17\exchange=NSE\symbol=BAJAJ-AUTO\part-050715_485044-011299.parquet,35455,downloaded,35455,
2026-07-17,NSE,BAJAJ-AUTO,raw_l2/trade_date=2026-07-17/exchange=NSE/symbol=BAJAJ-AUTO/part-050757_197236-011395.parquet,real_data_sample\l2_unseen_validation\trade_date=2026-07-17\exchange=NSE\symbol=BAJAJ-AUTO\part-050757_197236-011395.parquet,35474,downloaded,35474,
2026-07-17,NSE,BAJAJ-AUTO,raw_l2/trade_date=2026-07-17/exchange=NSE/symbol=BAJAJ-AUTO/part-050729_685660-011331.parquet,real_data_sample\l2_unseen_validation\trade_date=2026-07-17\exchange=NSE\symbol=BAJAJ-AUTO\part-050729_685660-011331.parquet,35444,downloaded,35444,
2026-07-17,NSE,BAJAJ-AUTO,raw_l2/trade_date=2026-07-17/exchange=NSE/symbol=BAJAJ-AUTO/part-050811_230579-011427.parquet,real_data_sample\l2_unseen_validation\trade_date=2026-07-17\exchange=NSE\symbol=BAJAJ-AUTO\part-050811_230579-011427.parquet,35615,downloaded,35615,
2026-07-17,NSE,BAJAJ-AUTO,raw_l2/trade_date=2026-07-17/exchange=NSE/symbol=BAJAJ-AUTO/part-050824_941550-011459.parquet,real_data_sample\l2_unseen_validation\trade_date=2026-07-17\exchange=NSE\symbol=BAJAJ-AUTO\part-050824_941550-011459.parquet,35244,downloaded,35244,
2026-07-17,NSE,BAJAJ-AUTO,raw_l2/trade_date=2026-07-17/exchange=NSE/symbol=BAJAJ-AUTO/part-050920_189222-011587.parquet,real_data_sample\l2_unseen_validation\trade_date=2026-07-17\exchange=NSE\symbol=BAJAJ-AUTO\part-050920_189222-011587.parquet,35431,downloaded,35431,
2026-07-17,NSE,BAJAJ-AUTO,raw_l2/trade_date=2026-07-17/exchange=NSE/symbol=BAJAJ-AUTO/part-050906_462968-011555.parquet,real_data_sample\l2_unseen_validation\trade_date=2026-07-17\exchange=NSE\symbol=BAJAJ-AUTO\part-050906_462968-011555.parquet,35254,downloaded,35254,
2026-07-17,NSE,BAJAJ-AUTO,raw_l2/trade_date=2026-07-17/exchange=NSE/symbol=BAJAJ-AUTO/part-051001_699461-011683.parquet,real_data_sample\l2_unseen_validation\trade_date=2026-07-17\exchange=NSE\symbol=BAJAJ-AUTO\part-051001_699461-011683.parquet,35104,downloaded,35104,
2026-07-17,NSE,BAJAJ-AUTO,raw_l2/trade_date=2026-07-17/exchange=NSE/symbol=BAJAJ-AUTO/part-050852_433223-011523.parquet,real_data_sample\l2_unseen_validation\trade_date=2026-07-17\exchange=NSE\symbol=BAJAJ-AUTO\part-050852_433223-011523.parquet,35128,downloaded,35128,
2026-07-17,NSE,BAJAJ-AUTO,raw_l2/trade_date=2026-07-17/exchange=NSE/symbol=BAJAJ-AUTO/part-050947_931729-011651.parquet,real_data_sample\l2_unseen_validation\trade_date=2026-07-17\exchange=NSE\symbol=BAJAJ-AUTO\part-050947_931729-011651.parquet,35236,downloaded,35236,
2026-07-17,NSE,BAJAJ-AUTO,raw_l2/trade_date=2026-07-17/exchange=NSE/symbol=BAJAJ-AUTO/part-050934_201769-011619.parquet,real_data_sample\l2_unseen_validation\trade_date=2026-07-17\exchange=NSE\symbol=BAJAJ-AUTO\part-050934_201769-011619.parquet,35507,downloaded,35507,
2026-07-17,NSE,BAJAJ-AUTO,raw_l2/trade_date=2026-07-17/exchange=NSE/symbol=BAJAJ-AUTO/part-050838_709793-011491.parquet,real_data_sample\l2_unseen_validation\trade_date=2026-07-17\exchange=NSE\symbol=BAJAJ-AUTO\part-050838_709793-011491.parquet,35023,downloaded,35023,
2026-07-17,NSE,BAJAJ-AUTO,raw_l2/trade_date=2026-07-17/exchange=NSE/symbol=BAJAJ-AUTO/part-051029_438008-011747.parquet,real_data_sample\l2_unseen_validation\trade_date=2026-07-17\exchange=NSE\symbol=BAJAJ-AUTO\part-051029_438008-011747.parquet,35401,downloaded,35401,
2026-07-17,NSE,BAJAJ-AUTO,raw_l2/trade_date=2026-07-17/exchange=NSE/symbol=BAJAJ-AUTO/part-051110_942466-011843.parquet,real_data_sample\l2_unseen_validation\trade_date=2026-07-17\exchange=NSE\symbol=BAJAJ-AUTO\part-051110_942466-011843.parquet,35470,downloaded,35470,
2026-07-17,NSE,BAJAJ-AUTO,raw_l2/trade_date=2026-07-17/exchange=NSE/symbol=BAJAJ-AUTO/part-051015_706211-011715.parquet,real_data_sample\l2_unseen_validation\trade_date=2026-07-17\exchange=NSE\symbol=BAJAJ-AUTO\part-051015_706211-011715.parquet,34982,downloaded,34982,
2026-07-17,NSE,BAJAJ-AUTO,raw_l2/trade_date=2026-07-17/exchange=NSE/symbol=BAJAJ-AUTO/part-051056_935225-011811.parquet,real_data_sample\l2_unseen_validation\trade_date=2026-07-17\exchange=NSE\symbol=BAJAJ-AUTO\part-051056_935225-011811.parquet,35681,downloaded,35681,
2026-07-17,NSE,BAJAJ-AUTO,raw_l2/trade_date=2026-07-17/exchange=NSE/symbol=BAJAJ-AUTO/part-051043_227970-011779.parquet,real_data_sample\l2_unseen_validation\trade_date=2026-07-17\exchange=NSE\symbol=BAJAJ-AUTO\part-051043_227970-011779.parquet,34880,downloaded,34880,
2026-07-17,NSE,BAJAJ-AUTO,raw_l2/trade_date=2026-07-17/exchange=NSE/symbol=BAJAJ-AUTO/part-051152_968990-011939.parquet,real_data_sample\l2_unseen_validation\trade_date=2026-07-17\exchange=NSE\symbol=BAJAJ-AUTO\part-051152_968990-011939.parquet,35632,downloaded,35632,
2026-07-17,NSE,BAJAJ-AUTO,raw_l2/trade_date=2026-07-17/exchange=NSE/symbol=BAJAJ-AUTO/part-051138_984971-011907.parquet,real_data_sample\l2_unseen_validation\trade_date=2026-07-17\exchange=NSE\symbol=BAJAJ-AUTO\part-051138_984971-011907.parquet,35110,downloaded,35110,
2026-07-17,NSE,BAJAJ-AUTO,raw_l2/trade_date=2026-07-17/exchange=NSE/symbol=BAJAJ-AUTO/part-051206_959945-011971.parquet,real_data_sample\l2_unseen_validation\trade_date=2026-07-17\exchange=NSE\symbol=BAJAJ-AUTO\part-051206_959945-011971.parquet,34786,downloaded,34786,
2026-07-17,NSE,BAJAJ-AUTO,raw_l2/trade_date=2026-07-17/exchange=NSE/symbol=BAJAJ-AUTO/part-051124_703635-011875.parquet,real_data_sample\l2_unseen_validation\trade_date=2026-07-17\exchange=NSE\symbol=BAJAJ-AUTO\part-051124_703635-011875.parquet,35407,downloaded,35407,
2026-07-17,NSE,BAJAJ-AUTO,raw_l2/trade_date=2026-07-17/exchange=NSE/symbol=BAJAJ-AUTO/part-050040_222307-010403.parquet,real_data_sample\l2_unseen_validation\trade_date=2026-07-17\exchange=NSE\symbol=BAJAJ-AUTO\part-050040_222307-010403.parquet,34904,downloaded,34904,
2026-07-17,NSE,BAJAJ-AUTO,raw_l2/trade_date=2026-07-17/exchange=NSE/symbol=BAJAJ-AUTO/part-051331_197656-012163.parquet,real_data_sample\l2_unseen_validation\trade_date=2026-07-17\exchange=NSE\symbol=BAJAJ-AUTO\part-051331_197656-012163.parquet,35435,downloaded,35435,
2026-07-17,NSE,BAJAJ-AUTO,raw_l2/trade_date=2026-07-17/exchange=NSE/symbol=BAJAJ-AUTO/part-051248_684901-012067.parquet,real_data_sample\l2_unseen_validation\trade_date=2026-07-17\exchange=NSE\symbol=BAJAJ-AUTO\part-051248_684901-012067.parquet,35020,downloaded,35020,
2026-07-17,NSE,BAJAJ-AUTO,raw_l2/trade_date=2026-07-17/exchange=NSE/symbol=BAJAJ-AUTO/part-051316_477522-012131.parquet,real_data_sample\l2_unseen_validation\trade_date=2026-07-17\exchange=NSE\symbol=BAJAJ-AUTO\part-051316_477522-012131.parquet,35563,downloaded,35563,
2026-07-17,NSE,BAJAJ-AUTO,raw_l2/trade_date=2026-07-17/exchange=NSE/symbol=BAJAJ-AUTO/part-051234_747506-012035.parquet,real_data_sample\l2_unseen_validation\trade_date=2026-07-17\exchange=NSE\symbol=BAJAJ-AUTO\part-051234_747506-012035.parquet,35572,downloaded,35572,
2026-07-17,NSE,BAJAJ-AUTO,raw_l2/trade_date=2026-07-17/exchange=NSE/symbol=BAJAJ-AUTO/part-051345_950440-012195.parquet,real_data_sample\l2_unseen_validation\trade_date=2026-07-17\exchange=NSE\symbol=BAJAJ-AUTO\part-051345_950440-012195.parquet,35464,downloaded,35464,
2026-07-17,NSE,BAJAJ-AUTO,raw_l2/trade_date=2026-07-17/exchange=NSE/symbol=BAJAJ-AUTO/part-051623_246106-012547.parquet,real_data_sample\l2_unseen_validation\trade_date=2026-07-17\exchange=NSE\symbol=BAJAJ-AUTO\part-051623_246106-012547.parquet,34917,downloaded,34917,
2026-07-17,NSE,BAJAJ-AUTO,raw_l2/trade_date=2026-07-17/exchange=NSE/symbol=BAJAJ-AUTO/part-051554_204939-012483.parquet,real_data_sample\l2_unseen_validation\trade_date=2026-07-17\exchange=NSE\symbol=BAJAJ-AUTO\part-051554_204939-012483.parquet,35303,downloaded,35303,
2026-07-17,NSE,BAJAJ-AUTO,raw_l2/trade_date=2026-07-17/exchange=NSE/symbol=BAJAJ-AUTO/part-051651_694927-012611.parquet,real_data_sample\l2_unseen_validation\trade_date=2026-07-17\exchange=NSE\symbol=BAJAJ-AUTO\part-051651_694927-012611.parquet,35260,downloaded,35260,
2026-07-17,NSE,BAJAJ-AUTO,raw_l2/trade_date=2026-07-17/exchange=NSE/symbol=BAJAJ-AUTO/part-051637_275164-012579.parquet,real_data_sample\l2_unseen_validation\trade_date=2026-07-17\exchange=NSE\symbol=BAJAJ-AUTO\part-051637_275164-012579.parquet,35150,downloaded,35150,
2026-07-17,NSE,BAJAJ-AUTO,raw_l2/trade_date=2026-07-17/exchange=NSE/symbol=BAJAJ-AUTO/part-051444_691782-012323.parquet,real_data_sample\l2_unseen_validation\trade_date=2026-07-17\exchange=NSE\symbol=BAJAJ-AUTO\part-051444_691782-012323.parquet,35141,downloaded,35141,
2026-07-17,NSE,BAJAJ-AUTO,raw_l2/trade_date=2026-07-17/exchange=NSE/symbol=BAJAJ-AUTO/part-051719_705890-012675.parquet,real_data_sample\l2_unseen_validation\trade_date=2026-07-17\exchange=NSE\symbol=BAJAJ-AUTO\part-051719_705890-012675.parquet,35289,downloaded,35289,
2026-07-17,NSE,BAJAJ-AUTO,raw_l2/trade_date=2026-07-17/exchange=NSE/symbol=BAJAJ-AUTO/part-051401_286920-012227.parquet,real_data_sample\l2_unseen_validation\trade_date=2026-07-17\exchange=NSE\symbol=BAJAJ-AUTO\part-051401_286920-012227.parquet,35697,downloaded,35697,
2026-07-17,NSE,BAJAJ-AUTO,raw_l2/trade_date=2026-07-17/exchange=NSE/symbol=BAJAJ-AUTO/part-051802_709066-012771.parquet,real_data_sample\l2_unseen_validation\trade_date=2026-07-17\exchange=NSE\symbol=BAJAJ-AUTO\part-051802_709066-012771.parquet,35281,downloaded,35281,
2026-07-17,NSE,BAJAJ-AUTO,raw_l2/trade_date=2026-07-17/exchange=NSE/symbol=BAJAJ-AUTO/part-051302_697402-012099.parquet,real_data_sample\l2_unseen_validation\trade_date=2026-07-17\exchange=NSE\symbol=BAJAJ-AUTO\part-051302_697402-012099.parquet,35118,downloaded,35118,
2026-07-17,NSE,BAJAJ-AUTO,raw_l2/trade_date=2026-07-17/exchange=NSE/symbol=BAJAJ-AUTO/part-051415_684358-012259.parquet,real_data_sample\l2_unseen_validation\trade_date=2026-07-17\exchange=NSE\symbol=BAJAJ-AUTO\part-051415_684358-012259.parquet,35512,downloaded,35512,
2026-07-17,NSE,BAJAJ-AUTO,raw_l2/trade_date=2026-07-17/exchange=NSE/symbol=BAJAJ-AUTO/part-051430_936808-012291.parquet,real_data_sample\l2_unseen_validation\trade_date=2026-07-17\exchange=NSE\symbol=BAJAJ-AUTO\part-051430_936808-012291.parquet,35080,downloaded,35080,
2026-07-17,NSE,BAJAJ-AUTO,raw_l2/trade_date=2026-07-17/exchange=NSE/symbol=BAJAJ-AUTO/part-051733_773047-012707.parquet,real_data_sample\l2_unseen_validation\trade_date=2026-07-17\exchange=NSE\symbol=BAJAJ-AUTO\part-051733_773047-012707.parquet,34982,downloaded,34982,
2026-07-17,NSE,BAJAJ-AUTO,raw_l2/trade_date=2026-07-17/exchange=NSE/symbol=BAJAJ-AUTO/part-051816_705645-012803.parquet,real_data_sample\l2_unseen_validation\trade_date=2026-07-17\exchange=NSE\symbol=BAJAJ-AUTO\part-051816_705645-012803.parquet,35186,downloaded,35186,
2026-07-17,NSE,BAJAJ-AUTO,raw_l2/trade_date=2026-07-17/exchange=NSE/symbol=BAJAJ-AUTO/part-051539_939713-012451.parquet,real_data_sample\l2_unseen_validation\trade_date=2026-07-17\exchange=NSE\symbol=BAJAJ-AUTO\part-051539_939713-012451.parquet,34967,downloaded,34967,
2026-07-17,NSE,BAJAJ-AUTO,raw_l2/trade_date=2026-07-17/exchange=NSE/symbol=BAJAJ-AUTO/part-051512_484587-012387.parquet,real_data_sample\l2_unseen_validation\trade_date=2026-07-17\exchange=NSE\symbol=BAJAJ-AUTO\part-051512_484587-012387.parquet,35071,downloaded,35071,
2026-07-17,NSE,BAJAJ-AUTO,raw_l2/trade_date=2026-07-17/exchange=NSE/symbol=BAJAJ-AUTO/part-051458_678621-012355.parquet,real_data_sample\l2_unseen_validation\trade_date=2026-07-17\exchange=NSE\symbol=BAJAJ-AUTO\part-051458_678621-012355.parquet,34941,downloaded,34941,
2026-07-17,NSE,BAJAJ-AUTO,raw_l2/trade_date=2026-07-17/exchange=NSE/symbol=BAJAJ-AUTO/part-051748_210326-012739.parquet,real_data_sample\l2_unseen_validation\trade_date=2026-07-17\exchange=NSE\symbol=BAJAJ-AUTO\part-051748_210326-012739.parquet,35301,downloaded,35301,
2026-07-17,NSE,BAJAJ-AUTO,raw_l2/trade_date=2026-07-17/exchange=NSE/symbol=BAJAJ-AUTO/part-051705_714712-012643.parquet,real_data_sample\l2_unseen_validation\trade_date=2026-07-17\exchange=NSE\symbol=BAJAJ-AUTO\part-051705_714712-012643.parquet,35066,downloaded,35066,
2026-07-17,NSE,BAJAJ-AUTO,raw_l2/trade_date=2026-07-17/exchange=NSE/symbol=BAJAJ-AUTO/part-051831_205348-012835.parquet,real_data_sample\l2_unseen_validation\trade_date=2026-07-17\exchange=NSE\symbol=BAJAJ-AUTO\part-051831_205348-012835.parquet,34999,downloaded,34999,
2026-07-17,NSE,BAJAJ-AUTO,raw_l2/trade_date=2026-07-17/exchange=NSE/symbol=BAJAJ-AUTO/part-051526_186024-012419.parquet,real_data_sample\l2_unseen_validation\trade_date=2026-07-17\exchange=NSE\symbol=BAJAJ-AUTO\part-051526_186024-012419.parquet,35015,downloaded,35015,
2026-07-17,NSE,BAJAJ-AUTO,raw_l2/trade_date=2026-07-17/exchange=NSE/symbol=BAJAJ-AUTO/part-051845_237477-012867.parquet,real_data_sample\l2_unseen_validation\trade_date=2026-07-17\exchange=NSE\symbol=BAJAJ-AUTO\part-051845_237477-012867.parquet,35132,downloaded,35132,
2026-07-17,NSE,BAJAJ-AUTO,raw_l2/trade_date=2026-07-17/exchange=NSE/symbol=BAJAJ-AUTO/part-051900_206714-012899.parquet,real_data_sample\l2_unseen_validation\trade_date=2026-07-17\exchange=NSE\symbol=BAJAJ-AUTO\part-051900_206714-012899.parquet,35129,downloaded,35129,
2026-07-17,NSE,BAJAJ-AUTO,raw_l2/trade_date=2026-07-17/exchange=NSE/symbol=BAJAJ-AUTO/part-051608_708701-012515.parquet,real_data_sample\l2_unseen_validation\trade_date=2026-07-17\exchange=NSE\symbol=BAJAJ-AUTO\part-051608_708701-012515.parquet,35351,downloaded,35351,
2026-07-17,NSE,BAJAJ-AUTO,raw_l2/trade_date=2026-07-17/exchange=NSE/symbol=BAJAJ-AUTO/part-051220_949423-012003.parquet,real_data_sample\l2_unseen_validation\trade_date=2026-07-17\exchange=NSE\symbol=BAJAJ-AUTO\part-051220_949423-012003.parquet,35578,downloaded,35578,
2026-07-17,NSE,BAJAJ-AUTO,raw_l2/trade_date=2026-07-17/exchange=NSE/symbol=BAJAJ-AUTO/part-051914_444457-012931.parquet,real_data_sample\l2_unseen_validation\trade_date=2026-07-17\exchange=NSE\symbol=BAJAJ-AUTO\part-051914_444457-012931.parquet,35160,downloaded,35160,
2026-07-17,NSE,BAJAJ-AUTO,raw_l2/trade_date=2026-07-17/exchange=NSE/symbol=BAJAJ-AUTO/part-051928_446092-012963.parquet,real_data_sample\l2_unseen_validation\trade_date=2026-07-17\exchange=NSE\symbol=BAJAJ-AUTO\part-051928_446092-012963.parquet,35061,downloaded,35061,
2026-07-17,NSE,BAJAJ-AUTO,raw_l2/trade_date=2026-07-17/exchange=NSE/symbol=BAJAJ-AUTO/part-051956_206960-013027.parquet,real_data_sample\l2_unseen_validation\trade_date=2026-07-17\exchange=NSE\symbol=BAJAJ-AUTO\part-051956_206960-013027.parquet,35265,downloaded,35265,
2026-07-17,NSE,BAJAJ-AUTO,raw_l2/trade_date=2026-07-17/exchange=NSE/symbol=BAJAJ-AUTO/part-052037_445400-013123.parquet,real_data_sample\l2_unseen_validation\trade_date=2026-07-17\exchange=NSE\symbol=BAJAJ-AUTO\part-052037_445400-013123.parquet,35152,downloaded,35152,
2026-07-17,NSE,BAJAJ-AUTO,raw_l2/trade_date=2026-07-17/exchange=NSE/symbol=BAJAJ-AUTO/part-052009_950628-013059.parquet,real_data_sample\l2_unseen_validation\trade_date=2026-07-17\exchange=NSE\symbol=BAJAJ-AUTO\part-052009_950628-013059.parquet,35037,downloaded,35037,
2026-07-17,NSE,BAJAJ-AUTO,raw_l2/trade_date=2026-07-17/exchange=NSE/symbol=BAJAJ-AUTO/part-052118_958077-013219.parquet,real_data_sample\l2_unseen_validation\trade_date=2026-07-17\exchange=NSE\symbol=BAJAJ-AUTO\part-052118_958077-013219.parquet,35052,downloaded,35052,
2026-07-17,NSE,BAJAJ-AUTO,raw_l2/trade_date=2026-07-17/exchange=NSE/symbol=BAJAJ-AUTO/part-052132_720824-013251.parquet,real_data_sample\l2_unseen_validation\trade_date=2026-07-17\exchange=NSE\symbol=BAJAJ-AUTO\part-052132_720824-013251.parquet,35077,downloaded,35077,
2026-07-17,NSE,BAJAJ-AUTO,raw_l2/trade_date=2026-07-17/exchange=NSE/symbol=BAJAJ-AUTO/part-052200_714986-013315.parquet,real_data_sample\l2_unseen_validation\trade_date=2026-07-17\exchange=NSE\symbol=BAJAJ-AUTO\part-052200_714986-013315.parquet,35288,downloaded,35288,
2026-07-17,NSE,BAJAJ-AUTO,raw_l2/trade_date=2026-07-17/exchange=NSE/symbol=BAJAJ-AUTO/part-052146_680940-013283.parquet,real_data_sample\l2_unseen_validation\trade_date=2026-07-17\exchange=NSE\symbol=BAJAJ-AUTO\part-052146_680940-013283.parquet,35586,downloaded,35586,
2026-07-17,NSE,BAJAJ-AUTO,raw_l2/trade_date=2026-07-17/exchange=NSE/symbol=BAJAJ-AUTO/part-052051_190295-013155.parquet,real_data_sample\l2_unseen_validation\trade_date=2026-07-17\exchange=NSE\symbol=BAJAJ-AUTO\part-052051_190295-013155.parquet,35086,downloaded,35086,
2026-07-17,NSE,BAJAJ-AUTO,raw_l2/trade_date=2026-07-17/exchange=NSE/symbol=BAJAJ-AUTO/part-052023_682038-013091.parquet,real_data_sample\l2_unseen_validation\trade_date=2026-07-17\exchange=NSE\symbol=BAJAJ-AUTO\part-052023_682038-013091.parquet,35127,downloaded,35127,
2026-07-17,NSE,BAJAJ-AUTO,raw_l2/trade_date=2026-07-17/exchange=NSE/symbol=BAJAJ-AUTO/part-052214_701296-013347.parquet,real_data_sample\l2_unseen_validation\trade_date=2026-07-17\exchange=NSE\symbol=BAJAJ-AUTO\part-052214_701296-013347.parquet,35014,downloaded,35014,
2026-07-17,NSE,BAJAJ-AUTO,raw_l2/trade_date=2026-07-17/exchange=NSE/symbol=BAJAJ-AUTO/part-052104_938340-013187.parquet,real_data_sample\l2_unseen_validation\trade_date=2026-07-17\exchange=NSE\symbol=BAJAJ-AUTO\part-052104_938340-013187.parquet,35235,downloaded,35235,
2026-07-17,NSE,BAJAJ-AUTO,raw_l2/trade_date=2026-07-17/exchange=NSE/symbol=BAJAJ-AUTO/part-052228_704404-013379.parquet,real_data_sample\l2_unseen_validation\trade_date=2026-07-17\exchange=NSE\symbol=BAJAJ-AUTO\part-052228_704404-013379.parquet,35015,downloaded,35015,
2026-07-17,NSE,BAJAJ-AUTO,raw_l2/trade_date=2026-07-17/exchange=NSE/symbol=BAJAJ-AUTO/part-052242_701674-013411.parquet,real_data_sample\l2_unseen_validation\trade_date=2026-07-17\exchange=NSE\symbol=BAJAJ-AUTO\part-052242_701674-013411.parquet,35655,downloaded,35655,
2026-07-17,NSE,BAJAJ-AUTO,raw_l2/trade_date=2026-07-17/exchange=NSE/symbol=BAJAJ-AUTO/part-052256_710352-013443.parquet,real_data_sample\l2_unseen_validation\trade_date=2026-07-17\exchange=NSE\symbol=BAJAJ-AUTO\part-052256_710352-013443.parquet,35360,downloaded,35360,
2026-07-17,NSE,BAJAJ-AUTO,raw_l2/trade_date=2026-07-17/exchange=NSE/symbol=BAJAJ-AUTO/part-051942_207826-012995.parquet,real_data_sample\l2_unseen_validation\trade_date=2026-07-17\exchange=NSE\symbol=BAJAJ-AUTO\part-051942_207826-012995.parquet,34886,downloaded,34886,
2026-07-17,NSE,BAJAJ-AUTO,raw_l2/trade_date=2026-07-17/exchange=NSE/symbol=BAJAJ-AUTO/part-052310_688716-013475.parquet,real_data_sample\l2_unseen_validation\trade_date=2026-07-17\exchange=NSE\symbol=BAJAJ-AUTO\part-052310_688716-013475.parquet,35142,downloaded,35142,
2026-07-17,NSE,BAJAJ-AUTO,raw_l2/trade_date=2026-07-17/exchange=NSE/symbol=BAJAJ-AUTO/part-052708_994397-014019.parquet,real_data_sample\l2_unseen_validation\trade_date=2026-07-17\exchange=NSE\symbol=BAJAJ-AUTO\part-052708_994397-014019.parquet,35332,downloaded,35332,
2026-07-17,NSE,BAJAJ-AUTO,raw_l2/trade_date=2026-07-17/exchange=NSE/symbol=BAJAJ-AUTO/part-052722_977129-014051.parquet,real_data_sample\l2_unseen_validation\trade_date=2026-07-17\exchange=NSE\symbol=BAJAJ-AUTO\part-052722_977129-014051.parquet,35002,downloaded,35002,
2026-07-17,NSE,BAJAJ-AUTO,raw_l2/trade_date=2026-07-17/exchange=NSE/symbol=BAJAJ-AUTO/part-052640_698003-013955.parquet,real_data_sample\l2_unseen_validation\trade_date=2026-07-17\exchange=NSE\symbol=BAJAJ-AUTO\part-052640_698003-013955.parquet,35481,downloaded,35481,
2026-07-17,NSE,BAJAJ-AUTO,raw_l2/trade_date=2026-07-17/exchange=NSE/symbol=BAJAJ-AUTO/part-052352_693724-013571.parquet,real_data_sample\l2_unseen_validation\trade_date=2026-07-17\exchange=NSE\symbol=BAJAJ-AUTO\part-052352_693724-013571.parquet,35356,downloaded,35356,
2026-07-17,NSE,BAJAJ-AUTO,raw_l2/trade_date=2026-07-17/exchange=NSE/symbol=BAJAJ-AUTO/part-052957_479487-014403.parquet,real_data_sample\l2_unseen_validation\trade_date=2026-07-17\exchange=NSE\symbol=BAJAJ-AUTO\part-052957_479487-014403.parquet,34607,downloaded,34607,
2026-07-17,NSE,BAJAJ-AUTO,raw_l2/trade_date=2026-07-17/exchange=NSE/symbol=BAJAJ-AUTO/part-052406_724536-013603.parquet,real_data_sample\l2_unseen_validation\trade_date=2026-07-17\exchange=NSE\symbol=BAJAJ-AUTO\part-052406_724536-013603.parquet,35423,downloaded,35423,
2026-07-17,NSE,BAJAJ-AUTO,raw_l2/trade_date=2026-07-17/exchange=NSE/symbol=BAJAJ-AUTO/part-052750_963516-014115.parquet,real_data_sample\l2_unseen_validation\trade_date=2026-07-17\exchange=NSE\symbol=BAJAJ-AUTO\part-052750_963516-014115.parquet,35152,downloaded,35152,
2026-07-17,NSE,BAJAJ-AUTO,raw_l2/trade_date=2026-07-17/exchange=NSE/symbol=BAJAJ-AUTO/part-053011_632925-014435.parquet,real_data_sample\l2_unseen_validation\trade_date=2026-07-17\exchange=NSE\symbol=BAJAJ-AUTO\part-053011_632925-014435.parquet,34636,downloaded,34636,
2026-07-17,NSE,BAJAJ-AUTO,raw_l2/trade_date=2026-07-17/exchange=NSE/symbol=BAJAJ-AUTO/part-052943_461753-014371.parquet,real_data_sample\l2_unseen_validation\trade_date=2026-07-17\exchange=NSE\symbol=BAJAJ-AUTO\part-052943_461753-014371.parquet,34477,downloaded,34477,
2026-07-17,NSE,BAJAJ-AUTO,raw_l2/trade_date=2026-07-17/exchange=NSE/symbol=BAJAJ-AUTO/part-052338_691691-013539.parquet,real_data_sample\l2_unseen_validation\trade_date=2026-07-17\exchange=NSE\symbol=BAJAJ-AUTO\part-052338_691691-013539.parquet,35213,downloaded,35213,
2026-07-17,NSE,BAJAJ-AUTO,raw_l2/trade_date=2026-07-17/exchange=NSE/symbol=BAJAJ-AUTO/part-052654_938591-013987.parquet,real_data_sample\l2_unseen_validation\trade_date=2026-07-17\exchange=NSE\symbol=BAJAJ-AUTO\part-052654_938591-013987.parquet,35328,downloaded,35328,
2026-07-17,NSE,BAJAJ-AUTO,raw_l2/trade_date=2026-07-17/exchange=NSE/symbol=BAJAJ-AUTO/part-052736_961413-014083.parquet,real_data_sample\l2_unseen_validation\trade_date=2026-07-17\exchange=NSE\symbol=BAJAJ-AUTO\part-052736_961413-014083.parquet,35342,downloaded,35342,
2026-07-17,NSE,BAJAJ-AUTO,raw_l2/trade_date=2026-07-17/exchange=NSE/symbol=BAJAJ-AUTO/part-052846_984389-014243.parquet,real_data_sample\l2_unseen_validation\trade_date=2026-07-17\exchange=NSE\symbol=BAJAJ-AUTO\part-052846_984389-014243.parquet,34493,downloaded,34493,
2026-07-17,NSE,BAJAJ-AUTO,raw_l2/trade_date=2026-07-17/exchange=NSE/symbol=BAJAJ-AUTO/part-052915_490945-014307.parquet,real_data_sample\l2_unseen_validation\trade_date=2026-07-17\exchange=NSE\symbol=BAJAJ-AUTO\part-052915_490945-014307.parquet,34721,downloaded,34721,
2026-07-17,NSE,BAJAJ-AUTO,raw_l2/trade_date=2026-07-17/exchange=NSE/symbol=BAJAJ-AUTO/part-052324_714991-013507.parquet,real_data_sample\l2_unseen_validation\trade_date=2026-07-17\exchange=NSE\symbol=BAJAJ-AUTO\part-052324_714991-013507.parquet,35348,downloaded,35348,
2026-07-17,NSE,BAJAJ-AUTO,raw_l2/trade_date=2026-07-17/exchange=NSE/symbol=BAJAJ-AUTO/part-052434_679303-013667.parquet,real_data_sample\l2_unseen_validation\trade_date=2026-07-17\exchange=NSE\symbol=BAJAJ-AUTO\part-052434_679303-013667.parquet,35572,downloaded,35572,
2026-07-17,NSE,BAJAJ-AUTO,raw_l2/trade_date=2026-07-17/exchange=NSE/symbol=BAJAJ-AUTO/part-052612_452702-013891.parquet,real_data_sample\l2_unseen_validation\trade_date=2026-07-17\exchange=NSE\symbol=BAJAJ-AUTO\part-052612_452702-013891.parquet,35347,downloaded,35347,
2026-07-17,NSE,BAJAJ-AUTO,raw_l2/trade_date=2026-07-17/exchange=NSE/symbol=BAJAJ-AUTO/part-052901_490446-014275.parquet,real_data_sample\l2_unseen_validation\trade_date=2026-07-17\exchange=NSE\symbol=BAJAJ-AUTO\part-052901_490446-014275.parquet,34675,downloaded,34675,
2026-07-17,NSE,BAJAJ-AUTO,raw_l2/trade_date=2026-07-17/exchange=NSE/symbol=BAJAJ-AUTO/part-052804_723681-014147.parquet,real_data_sample\l2_unseen_validation\trade_date=2026-07-17\exchange=NSE\symbol=BAJAJ-AUTO\part-052804_723681-014147.parquet,35118,downloaded,35118,
2026-07-17,NSE,BAJAJ-AUTO,raw_l2/trade_date=2026-07-17/exchange=NSE/symbol=BAJAJ-AUTO/part-052502_449469-013731.parquet,real_data_sample\l2_unseen_validation\trade_date=2026-07-17\exchange=NSE\symbol=BAJAJ-AUTO\part-052502_449469-013731.parquet,35441,downloaded,35441,
2026-07-17,NSE,BAJAJ-AUTO,raw_l2/trade_date=2026-07-17/exchange=NSE/symbol=BAJAJ-AUTO/part-052626_707119-013923.parquet,real_data_sample\l2_unseen_validation\trade_date=2026-07-17\exchange=NSE\symbol=BAJAJ-AUTO\part-052626_707119-013923.parquet,35325,downloaded,35325,
2026-07-17,NSE,BAJAJ-AUTO,raw_l2/trade_date=2026-07-17/exchange=NSE/symbol=BAJAJ-AUTO/part-052448_446070-013699.parquet,real_data_sample\l2_unseen_validation\trade_date=2026-07-17\exchange=NSE\symbol=BAJAJ-AUTO\part-052448_446070-013699.parquet,35270,downloaded,35270,
2026-07-17,NSE,BAJAJ-AUTO,raw_l2/trade_date=2026-07-17/exchange=NSE/symbol=BAJAJ-AUTO/part-052929_467336-014339.parquet,real_data_sample\l2_unseen_validation\trade_date=2026-07-17\exchange=NSE\symbol=BAJAJ-AUTO\part-052929_467336-014339.parquet,34675,downloaded,34675,
2026-07-17,NSE,BAJAJ-AUTO,raw_l2/trade_date=2026-07-17/exchange=NSE/symbol=BAJAJ-AUTO/part-052516_241461-013763.parquet,real_data_sample\l2_unseen_validation\trade_date=2026-07-17\exchange=NSE\symbol=BAJAJ-AUTO\part-052516_241461-013763.parquet,35465,downloaded,35465,
2026-07-17,NSE,BAJAJ-AUTO,raw_l2/trade_date=2026-07-17/exchange=NSE/symbol=BAJAJ-AUTO/part-052420_703463-013635.parquet,real_data_sample\l2_unseen_validation\trade_date=2026-07-17\exchange=NSE\symbol=BAJAJ-AUTO\part-052420_703463-013635.parquet,35535,downloaded,35535,
2026-07-17,NSE,BAJAJ-AUTO,raw_l2/trade_date=2026-07-17/exchange=NSE/symbol=BAJAJ-AUTO/part-052832_962863-014211.parquet,real_data_sample\l2_unseen_validation\trade_date=2026-07-17\exchange=NSE\symbol=BAJAJ-AUTO\part-052832_962863-014211.parquet,34590,downloaded,34590,
2026-07-17,NSE,BAJAJ-AUTO,raw_l2/trade_date=2026-07-17/exchange=NSE/symbol=BAJAJ-AUTO/part-052544_205374-013827.parquet,real_data_sample\l2_unseen_validation\trade_date=2026-07-17\exchange=NSE\symbol=BAJAJ-AUTO\part-052544_205374-013827.parquet,35544,downloaded,35544,
2026-07-17,NSE,BAJAJ-AUTO,raw_l2/trade_date=2026-07-17/exchange=NSE/symbol=BAJAJ-AUTO/part-052818_723282-014179.parquet,real_data_sample\l2_unseen_validation\trade_date=2026-07-17\exchange=NSE\symbol=BAJAJ-AUTO\part-052818_723282-014179.parquet,34822,downloaded,34822,
2026-07-17,NSE,BAJAJ-AUTO,raw_l2/trade_date=2026-07-17/exchange=NSE/symbol=BAJAJ-AUTO/part-052558_223757-013859.parquet,real_data_sample\l2_unseen_validation\trade_date=2026-07-17\exchange=NSE\symbol=BAJAJ-AUTO\part-052558_223757-013859.parquet,35312,downloaded,35312,
2026-07-17,NSE,BAJAJ-AUTO,raw_l2/trade_date=2026-07-17/exchange=NSE/symbol=BAJAJ-AUTO/part-052529_951019-013795.parquet,real_data_sample\l2_unseen_validation\trade_date=2026-07-17\exchange=NSE\symbol=BAJAJ-AUTO\part-052529_951019-013795.parquet,35579,downloaded,35579,
2026-07-17,NSE,BAJAJ-AUTO,raw_l2/trade_date=2026-07-17/exchange=NSE/symbol=BAJAJ-AUTO/part-053054_969163-014531.parquet,real_data_sample\l2_unseen_validation\trade_date=2026-07-17\exchange=NSE\symbol=BAJAJ-AUTO\part-053054_969163-014531.parquet,35798,downloaded,35798,
2026-07-17,NSE,BAJAJ-AUTO,raw_l2/trade_date=2026-07-17/exchange=NSE/symbol=BAJAJ-AUTO/part-053137_954062-014627.parquet,real_data_sample\l2_unseen_validation\trade_date=2026-07-17\exchange=NSE\symbol=BAJAJ-AUTO\part-053137_954062-014627.parquet,35135,downloaded,35135,
2026-07-17,NSE,BAJAJ-AUTO,raw_l2/trade_date=2026-07-17/exchange=NSE/symbol=BAJAJ-AUTO/part-053151_709219-014659.parquet,real_data_sample\l2_unseen_validation\trade_date=2026-07-17\exchange=NSE\symbol=BAJAJ-AUTO\part-053151_709219-014659.parquet,35098,downloaded,35098,
2026-07-17,NSE,BAJAJ-AUTO,raw_l2/trade_date=2026-07-17/exchange=NSE/symbol=BAJAJ-AUTO/part-053205_740412-014691.parquet,real_data_sample\l2_unseen_validation\trade_date=2026-07-17\exchange=NSE\symbol=BAJAJ-AUTO\part-053205_740412-014691.parquet,35235,downloaded,35235,
2026-07-17,NSE,BAJAJ-AUTO,raw_l2/trade_date=2026-07-17/exchange=NSE/symbol=BAJAJ-AUTO/part-053040_966711-014499.parquet,real_data_sample\l2_unseen_validation\trade_date=2026-07-17\exchange=NSE\symbol=BAJAJ-AUTO\part-053040_966711-014499.parquet,35177,downloaded,35177,
2026-07-17,NSE,BAJAJ-AUTO,raw_l2/trade_date=2026-07-17/exchange=NSE/symbol=BAJAJ-AUTO/part-053109_004984-014563.parquet,real_data_sample\l2_unseen_validation\trade_date=2026-07-17\exchange=NSE\symbol=BAJAJ-AUTO\part-053109_004984-014563.parquet,35620,downloaded,35620,
2026-07-17,NSE,BAJAJ-AUTO,raw_l2/trade_date=2026-07-17/exchange=NSE/symbol=BAJAJ-AUTO/part-053219_960168-014723.parquet,real_data_sample\l2_unseen_validation\trade_date=2026-07-17\exchange=NSE\symbol=BAJAJ-AUTO\part-053219_960168-014723.parquet,35238,downloaded,35238,
2026-07-17,NSE,BAJAJ-AUTO,raw_l2/trade_date=2026-07-17/exchange=NSE/symbol=BAJAJ-AUTO/part-053302_045311-014819.parquet,real_data_sample\l2_unseen_validation\trade_date=2026-07-17\exchange=NSE\symbol=BAJAJ-AUTO\part-053302_045311-014819.parquet,35240,downloaded,35240,
2026-07-17,NSE,BAJAJ-AUTO,raw_l2/trade_date=2026-07-17/exchange=NSE/symbol=BAJAJ-AUTO/part-053247_961751-014787.parquet,real_data_sample\l2_unseen_validation\trade_date=2026-07-17\exchange=NSE\symbol=BAJAJ-AUTO\part-053247_961751-014787.parquet,35194,downloaded,35194,
2026-07-17,NSE,BAJAJ-AUTO,raw_l2/trade_date=2026-07-17/exchange=NSE/symbol=BAJAJ-AUTO/part-053233_965396-014755.parquet,real_data_sample\l2_unseen_validation\trade_date=2026-07-17\exchange=NSE\symbol=BAJAJ-AUTO\part-053233_965396-014755.parquet,35038,downloaded,35038,
2026-07-17,NSE,BAJAJ-AUTO,raw_l2/trade_date=2026-07-17/exchange=NSE/symbol=BAJAJ-AUTO/part-053439_939704-015043.parquet,real_data_sample\l2_unseen_validation\trade_date=2026-07-17\exchange=NSE\symbol=BAJAJ-AUTO\part-053439_939704-015043.parquet,35130,downloaded,35130,
2026-07-17,NSE,BAJAJ-AUTO,raw_l2/trade_date=2026-07-17/exchange=NSE/symbol=BAJAJ-AUTO/part-053123_741736-014595.parquet,real_data_sample\l2_unseen_validation\trade_date=2026-07-17\exchange=NSE\symbol=BAJAJ-AUTO\part-053123_741736-014595.parquet,35488,downloaded,35488,
2026-07-17,NSE,BAJAJ-AUTO,raw_l2/trade_date=2026-07-17/exchange=NSE/symbol=BAJAJ-AUTO/part-053344_203334-014915.parquet,real_data_sample\l2_unseen_validation\trade_date=2026-07-17\exchange=NSE\symbol=BAJAJ-AUTO\part-053344_203334-014915.parquet,35473,downloaded,35473,
2026-07-17,NSE,BAJAJ-AUTO,raw_l2/trade_date=2026-07-17/exchange=NSE/symbol=BAJAJ-AUTO/part-053330_222151-014883.parquet,real_data_sample\l2_unseen_validation\trade_date=2026-07-17\exchange=NSE\symbol=BAJAJ-AUTO\part-053330_222151-014883.parquet,35325,downloaded,35325,
2026-07-17,NSE,BAJAJ-AUTO,raw_l2/trade_date=2026-07-17/exchange=NSE/symbol=BAJAJ-AUTO/part-053521_459770-015139.parquet,real_data_sample\l2_unseen_validation\trade_date=2026-07-17\exchange=NSE\symbol=BAJAJ-AUTO\part-053521_459770-015139.parquet,34980,downloaded,34980,
2026-07-17,NSE,BAJAJ-AUTO,raw_l2/trade_date=2026-07-17/exchange=NSE/symbol=BAJAJ-AUTO/part-053631_223907-015299.parquet,real_data_sample\l2_unseen_validation\trade_date=2026-07-17\exchange=NSE\symbol=BAJAJ-AUTO\part-053631_223907-015299.parquet,35275,downloaded,35275,
2026-07-17,NSE,BAJAJ-AUTO,raw_l2/trade_date=2026-07-17/exchange=NSE/symbol=BAJAJ-AUTO/part-053549_228537-015203.parquet,real_data_sample\l2_unseen_validation\trade_date=2026-07-17\exchange=NSE\symbol=BAJAJ-AUTO\part-053549_228537-015203.parquet,34773,downloaded,34773,
2026-07-17,NSE,BAJAJ-AUTO,raw_l2/trade_date=2026-07-17/exchange=NSE/symbol=BAJAJ-AUTO/part-053357_987649-014947.parquet,real_data_sample\l2_unseen_validation\trade_date=2026-07-17\exchange=NSE\symbol=BAJAJ-AUTO\part-053357_987649-014947.parquet,35453,downloaded,35453,
2026-07-17,NSE,BAJAJ-AUTO,raw_l2/trade_date=2026-07-17/exchange=NSE/symbol=BAJAJ-AUTO/part-053645_203306-015331.parquet,real_data_sample\l2_unseen_validation\trade_date=2026-07-17\exchange=NSE\symbol=BAJAJ-AUTO\part-053645_203306-015331.parquet,35479,downloaded,35479,
2026-07-17,NSE,BAJAJ-AUTO,raw_l2/trade_date=2026-07-17/exchange=NSE/symbol=BAJAJ-AUTO/part-053712_968828-015395.parquet,real_data_sample\l2_unseen_validation\trade_date=2026-07-17\exchange=NSE\symbol=BAJAJ-AUTO\part-053712_968828-015395.parquet,35142,downloaded,35142,
2026-07-17,NSE,BAJAJ-AUTO,raw_l2/trade_date=2026-07-17/exchange=NSE/symbol=BAJAJ-AUTO/part-053453_686825-015075.parquet,real_data_sample\l2_unseen_validation\trade_date=2026-07-17\exchange=NSE\symbol=BAJAJ-AUTO\part-053453_686825-015075.parquet,34971,downloaded,34971,
2026-07-17,NSE,BAJAJ-AUTO,raw_l2/trade_date=2026-07-17/exchange=NSE/symbol=BAJAJ-AUTO/part-053412_195691-014979.parquet,real_data_sample\l2_unseen_validation\trade_date=2026-07-17\exchange=NSE\symbol=BAJAJ-AUTO\part-053412_195691-014979.parquet,35166,downloaded,35166,
2026-07-17,NSE,BAJAJ-AUTO,raw_l2/trade_date=2026-07-17/exchange=NSE/symbol=BAJAJ-AUTO/part-053507_447335-015107.parquet,real_data_sample\l2_unseen_validation\trade_date=2026-07-17\exchange=NSE\symbol=BAJAJ-AUTO\part-053507_447335-015107.parquet,35161,downloaded,35161,
2026-07-17,NSE,BAJAJ-AUTO,raw_l2/trade_date=2026-07-17/exchange=NSE/symbol=BAJAJ-AUTO/part-053726_958586-015427.parquet,real_data_sample\l2_unseen_validation\trade_date=2026-07-17\exchange=NSE\symbol=BAJAJ-AUTO\part-053726_958586-015427.parquet,35621,downloaded,35621,
2026-07-17,NSE,BAJAJ-AUTO,raw_l2/trade_date=2026-07-17/exchange=NSE/symbol=BAJAJ-AUTO/part-053658_955614-015363.parquet,real_data_sample\l2_unseen_validation\trade_date=2026-07-17\exchange=NSE\symbol=BAJAJ-AUTO\part-053658_955614-015363.parquet,35161,downloaded,35161,
2026-07-17,NSE,BAJAJ-AUTO,raw_l2/trade_date=2026-07-17/exchange=NSE/symbol=BAJAJ-AUTO/part-053535_441152-015171.parquet,real_data_sample\l2_unseen_validation\trade_date=2026-07-17\exchange=NSE\symbol=BAJAJ-AUTO\part-053535_441152-015171.parquet,35193,downloaded,35193,
2026-07-17,NSE,BAJAJ-AUTO,raw_l2/trade_date=2026-07-17/exchange=NSE/symbol=BAJAJ-AUTO/part-053602_942916-015235.parquet,real_data_sample\l2_unseen_validation\trade_date=2026-07-17\exchange=NSE\symbol=BAJAJ-AUTO\part-053602_942916-015235.parquet,35319,downloaded,35319,
2026-07-17,NSE,BAJAJ-AUTO,raw_l2/trade_date=2026-07-17/exchange=NSE/symbol=BAJAJ-AUTO/part-053315_966182-014851.parquet,real_data_sample\l2_unseen_validation\trade_date=2026-07-17\exchange=NSE\symbol=BAJAJ-AUTO\part-053315_966182-014851.parquet,35433,downloaded,35433,
2026-07-17,NSE,BAJAJ-AUTO,raw_l2/trade_date=2026-07-17/exchange=NSE/symbol=BAJAJ-AUTO/part-053426_218496-015011.parquet,real_data_sample\l2_unseen_validation\trade_date=2026-07-17\exchange=NSE\symbol=BAJAJ-AUTO\part-053426_218496-015011.parquet,35269,downloaded,35269,
2026-07-17,NSE,BAJAJ-AUTO,raw_l2/trade_date=2026-07-17/exchange=NSE/symbol=BAJAJ-AUTO/part-053740_763096-015459.parquet,real_data_sample\l2_unseen_validation\trade_date=2026-07-17\exchange=NSE\symbol=BAJAJ-AUTO\part-053740_763096-015459.parquet,35458,downloaded,35458,
2026-07-17,NSE,BAJAJ-AUTO,raw_l2/trade_date=2026-07-17/exchange=NSE/symbol=BAJAJ-AUTO/part-053616_938177-015267.parquet,real_data_sample\l2_unseen_validation\trade_date=2026-07-17\exchange=NSE\symbol=BAJAJ-AUTO\part-053616_938177-015267.parquet,34905,downloaded,34905,
2026-07-17,NSE,BAJAJ-AUTO,raw_l2/trade_date=2026-07-17/exchange=NSE/symbol=BAJAJ-AUTO/part-053027_213364-014467.parquet,real_data_sample\l2_unseen_validation\trade_date=2026-07-17\exchange=NSE\symbol=BAJAJ-AUTO\part-053027_213364-014467.parquet,35602,downloaded,35602,
2026-07-17,NSE,BAJAJ-AUTO,raw_l2/trade_date=2026-07-17/exchange=NSE/symbol=BAJAJ-AUTO/part-053836_719756-015587.parquet,real_data_sample\l2_unseen_validation\trade_date=2026-07-17\exchange=NSE\symbol=BAJAJ-AUTO\part-053836_719756-015587.parquet,35280,downloaded,35280,
2026-07-17,NSE,BAJAJ-AUTO,raw_l2/trade_date=2026-07-17/exchange=NSE/symbol=BAJAJ-AUTO/part-053932_460438-015715.parquet,real_data_sample\l2_unseen_validation\trade_date=2026-07-17\exchange=NSE\symbol=BAJAJ-AUTO\part-053932_460438-015715.parquet,35411,downloaded,35411,
2026-07-17,NSE,BAJAJ-AUTO,raw_l2/trade_date=2026-07-17/exchange=NSE/symbol=BAJAJ-AUTO/part-053822_466316-015555.parquet,real_data_sample\l2_unseen_validation\trade_date=2026-07-17\exchange=NSE\symbol=BAJAJ-AUTO\part-053822_466316-015555.parquet,35290,downloaded,35290,
2026-07-17,NSE,BAJAJ-AUTO,raw_l2/trade_date=2026-07-17/exchange=NSE/symbol=BAJAJ-AUTO/part-053946_218071-015747.parquet,real_data_sample\l2_unseen_validation\trade_date=2026-07-17\exchange=NSE\symbol=BAJAJ-AUTO\part-053946_218071-015747.parquet,35155,downloaded,35155,
2026-07-17,NSE,BAJAJ-AUTO,raw_l2/trade_date=2026-07-17/exchange=NSE/symbol=BAJAJ-AUTO/part-054042_000590-015875.parquet,real_data_sample\l2_unseen_validation\trade_date=2026-07-17\exchange=NSE\symbol=BAJAJ-AUTO\part-054042_000590-015875.parquet,35206,downloaded,35206,
2026-07-17,NSE,BAJAJ-AUTO,raw_l2/trade_date=2026-07-17/exchange=NSE/symbol=BAJAJ-AUTO/part-054137_443753-016003.parquet,real_data_sample\l2_unseen_validation\trade_date=2026-07-17\exchange=NSE\symbol=BAJAJ-AUTO\part-054137_443753-016003.parquet,35276,downloaded,35276,
2026-07-17,NSE,BAJAJ-AUTO,raw_l2/trade_date=2026-07-17/exchange=NSE/symbol=BAJAJ-AUTO/part-054356_461248-016323.parquet,real_data_sample\l2_unseen_validation\trade_date=2026-07-17\exchange=NSE\symbol=BAJAJ-AUTO\part-054356_461248-016323.parquet,35302,downloaded,35302,
2026-07-17,NSE,BAJAJ-AUTO,raw_l2/trade_date=2026-07-17/exchange=NSE/symbol=BAJAJ-AUTO/part-054109_948421-015939.parquet,real_data_sample\l2_unseen_validation\trade_date=2026-07-17\exchange=NSE\symbol=BAJAJ-AUTO\part-054109_948421-015939.parquet,35158,downloaded,35158,
2026-07-17,NSE,BAJAJ-AUTO,raw_l2/trade_date=2026-07-17/exchange=NSE/symbol=BAJAJ-AUTO/part-054055_967418-015907.parquet,real_data_sample\l2_unseen_validation\trade_date=2026-07-17\exchange=NSE\symbol=BAJAJ-AUTO\part-054055_967418-015907.parquet,35209,downloaded,35209,
2026-07-17,NSE,BAJAJ-AUTO,raw_l2/trade_date=2026-07-17/exchange=NSE/symbol=BAJAJ-AUTO/part-054151_191424-016035.parquet,real_data_sample\l2_unseen_validation\trade_date=2026-07-17\exchange=NSE\symbol=BAJAJ-AUTO\part-054151_191424-016035.parquet,35529,downloaded,35529,
2026-07-17,NSE,BAJAJ-AUTO,raw_l2/trade_date=2026-07-17/exchange=NSE/symbol=BAJAJ-AUTO/part-054014_190521-015811.parquet,real_data_sample\l2_unseen_validation\trade_date=2026-07-17\exchange=NSE\symbol=BAJAJ-AUTO\part-054014_190521-015811.parquet,35240,downloaded,35240,
2026-07-17,NSE,BAJAJ-AUTO,raw_l2/trade_date=2026-07-17/exchange=NSE/symbol=BAJAJ-AUTO/part-054232_931187-016131.parquet,real_data_sample\l2_unseen_validation\trade_date=2026-07-17\exchange=NSE\symbol=BAJAJ-AUTO\part-054232_931187-016131.parquet,35106,downloaded,35106,
2026-07-17,NSE,BAJAJ-AUTO,raw_l2/trade_date=2026-07-17/exchange=NSE/symbol=BAJAJ-AUTO/part-054028_201893-015843.parquet,real_data_sample\l2_unseen_validation\trade_date=2026-07-17\exchange=NSE\symbol=BAJAJ-AUTO\part-054028_201893-015843.parquet,35033,downloaded,35033,
2026-07-17,NSE,BAJAJ-AUTO,raw_l2/trade_date=2026-07-17/exchange=NSE/symbol=BAJAJ-AUTO/part-053850_723793-015619.parquet,real_data_sample\l2_unseen_validation\trade_date=2026-07-17\exchange=NSE\symbol=BAJAJ-AUTO\part-053850_723793-015619.parquet,35208,downloaded,35208,
2026-07-17,NSE,BAJAJ-AUTO,raw_l2/trade_date=2026-07-17/exchange=NSE/symbol=BAJAJ-AUTO/part-054000_213950-015779.parquet,real_data_sample\l2_unseen_validation\trade_date=2026-07-17\exchange=NSE\symbol=BAJAJ-AUTO\part-054000_213950-015779.parquet,35070,downloaded,35070,
2026-07-17,NSE,BAJAJ-AUTO,raw_l2/trade_date=2026-07-17/exchange=NSE/symbol=BAJAJ-AUTO/part-053754_707580-015491.parquet,real_data_sample\l2_unseen_validation\trade_date=2026-07-17\exchange=NSE\symbol=BAJAJ-AUTO\part-053754_707580-015491.parquet,35327,downloaded,35327,
2026-07-17,NSE,BAJAJ-AUTO,raw_l2/trade_date=2026-07-17/exchange=NSE/symbol=BAJAJ-AUTO/part-054219_198660-016099.parquet,real_data_sample\l2_unseen_validation\trade_date=2026-07-17\exchange=NSE\symbol=BAJAJ-AUTO\part-054219_198660-016099.parquet,35151,downloaded,35151,
2026-07-17,NSE,BAJAJ-AUTO,raw_l2/trade_date=2026-07-17/exchange=NSE/symbol=BAJAJ-AUTO/part-054205_192820-016067.parquet,real_data_sample\l2_unseen_validation\trade_date=2026-07-17\exchange=NSE\symbol=BAJAJ-AUTO\part-054205_192820-016067.parquet,34983,downloaded,34983,
2026-07-17,NSE,BAJAJ-AUTO,raw_l2/trade_date=2026-07-17/exchange=NSE/symbol=BAJAJ-AUTO/part-054328_696380-016259.parquet,real_data_sample\l2_unseen_validation\trade_date=2026-07-17\exchange=NSE\symbol=BAJAJ-AUTO\part-054328_696380-016259.parquet,35337,downloaded,35337,
2026-07-17,NSE,BAJAJ-AUTO,raw_l2/trade_date=2026-07-17/exchange=NSE/symbol=BAJAJ-AUTO/part-053808_456503-015523.parquet,real_data_sample\l2_unseen_validation\trade_date=2026-07-17\exchange=NSE\symbol=BAJAJ-AUTO\part-053808_456503-015523.parquet,35396,downloaded,35396,
2026-07-17,NSE,BAJAJ-AUTO,raw_l2/trade_date=2026-07-17/exchange=NSE/symbol=BAJAJ-AUTO/part-054123_717104-015971.parquet,real_data_sample\l2_unseen_validation\trade_date=2026-07-17\exchange=NSE\symbol=BAJAJ-AUTO\part-054123_717104-015971.parquet,35312,downloaded,35312,
2026-07-17,NSE,BAJAJ-AUTO,raw_l2/trade_date=2026-07-17/exchange=NSE/symbol=BAJAJ-AUTO/part-054452_229260-016451.parquet,real_data_sample\l2_unseen_validation\trade_date=2026-07-17\exchange=NSE\symbol=BAJAJ-AUTO\part-054452_229260-016451.parquet,34785,downloaded,34785,
2026-07-17,NSE,BAJAJ-AUTO,raw_l2/trade_date=2026-07-17/exchange=NSE/symbol=BAJAJ-AUTO/part-054424_445818-016387.parquet,real_data_sample\l2_unseen_validation\trade_date=2026-07-17\exchange=NSE\symbol=BAJAJ-AUTO\part-054424_445818-016387.parquet,35475,downloaded,35475,
2026-07-17,NSE,BAJAJ-AUTO,raw_l2/trade_date=2026-07-17/exchange=NSE/symbol=BAJAJ-AUTO/part-053918_242854-015683.parquet,real_data_sample\l2_unseen_validation\trade_date=2026-07-17\exchange=NSE\symbol=BAJAJ-AUTO\part-053918_242854-015683.parquet,35366,downloaded,35366,
2026-07-17,NSE,BAJAJ-AUTO,raw_l2/trade_date=2026-07-17/exchange=NSE/symbol=BAJAJ-AUTO/part-053904_465318-015651.parquet,real_data_sample\l2_unseen_validation\trade_date=2026-07-17\exchange=NSE\symbol=BAJAJ-AUTO\part-053904_465318-015651.parquet,35316,downloaded,35316,
2026-07-17,NSE,BAJAJ-AUTO,raw_l2/trade_date=2026-07-17/exchange=NSE/symbol=BAJAJ-AUTO/part-054300_979557-016195.parquet,real_data_sample\l2_unseen_validation\trade_date=2026-07-17\exchange=NSE\symbol=BAJAJ-AUTO\part-054300_979557-016195.parquet,35506,downloaded,35506,
2026-07-17,NSE,BAJAJ-AUTO,raw_l2/trade_date=2026-07-17/exchange=NSE/symbol=BAJAJ-AUTO/part-054410_474072-016355.parquet,real_data_sample\l2_unseen_validation\trade_date=2026-07-17\exchange=NSE\symbol=BAJAJ-AUTO\part-054410_474072-016355.parquet,35546,downloaded,35546,
2026-07-17,NSE,BAJAJ-AUTO,raw_l2/trade_date=2026-07-17/exchange=NSE/symbol=BAJAJ-AUTO/part-054246_956085-016163.parquet,real_data_sample\l2_unseen_validation\trade_date=2026-07-17\exchange=NSE\symbol=BAJAJ-AUTO\part-054246_956085-016163.parquet,35458,downloaded,35458,
2026-07-17,NSE,BAJAJ-AUTO,raw_l2/trade_date=2026-07-17/exchange=NSE/symbol=BAJAJ-AUTO/part-054342_736749-016291.parquet,real_data_sample\l2_unseen_validation\trade_date=2026-07-17\exchange=NSE\symbol=BAJAJ-AUTO\part-054342_736749-016291.parquet,35670,downloaded,35670,
2026-07-17,NSE,BAJAJ-AUTO,raw_l2/trade_date=2026-07-17/exchange=NSE/symbol=BAJAJ-AUTO/part-054314_951910-016227.parquet,real_data_sample\l2_unseen_validation\trade_date=2026-07-17\exchange=NSE\symbol=BAJAJ-AUTO\part-054314_951910-016227.parquet,35768,downloaded,35768,
2026-07-17,NSE,BAJAJ-AUTO,raw_l2/trade_date=2026-07-17/exchange=NSE/symbol=BAJAJ-AUTO/part-054438_218058-016419.parquet,real_data_sample\l2_unseen_validation\trade_date=2026-07-17\exchange=NSE\symbol=BAJAJ-AUTO\part-054438_218058-016419.parquet,35285,downloaded,35285,
2026-07-17,NSE,BAJAJ-AUTO,raw_l2/trade_date=2026-07-17/exchange=NSE/symbol=BAJAJ-AUTO/part-054615_452374-016643.parquet,real_data_sample\l2_unseen_validation\trade_date=2026-07-17\exchange=NSE\symbol=BAJAJ-AUTO\part-054615_452374-016643.parquet,35338,downloaded,35338,
2026-07-17,NSE,BAJAJ-AUTO,raw_l2/trade_date=2026-07-17/exchange=NSE/symbol=BAJAJ-AUTO/part-054533_710112-016547.parquet,real_data_sample\l2_unseen_validation\trade_date=2026-07-17\exchange=NSE\symbol=BAJAJ-AUTO\part-054533_710112-016547.parquet,35779,downloaded,35779,
2026-07-17,NSE,BAJAJ-AUTO,raw_l2/trade_date=2026-07-17/exchange=NSE/symbol=BAJAJ-AUTO/part-054519_973928-016515.parquet,real_data_sample\l2_unseen_validation\trade_date=2026-07-17\exchange=NSE\symbol=BAJAJ-AUTO\part-054519_973928-016515.parquet,35382,downloaded,35382,
2026-07-17,NSE,BAJAJ-AUTO,raw_l2/trade_date=2026-07-17/exchange=NSE/symbol=BAJAJ-AUTO/part-054629_204070-016675.parquet,real_data_sample\l2_unseen_validation\trade_date=2026-07-17\exchange=NSE\symbol=BAJAJ-AUTO\part-054629_204070-016675.parquet,35166,downloaded,35166,
2026-07-17,NSE,BAJAJ-AUTO,raw_l2/trade_date=2026-07-17/exchange=NSE/symbol=BAJAJ-AUTO/part-054642_970136-016707.parquet,real_data_sample\l2_unseen_validation\trade_date=2026-07-17\exchange=NSE\symbol=BAJAJ-AUTO\part-054642_970136-016707.parquet,35064,downloaded,35064,
2026-07-17,NSE,BAJAJ-AUTO,raw_l2/trade_date=2026-07-17/exchange=NSE/symbol=BAJAJ-AUTO/part-054547_707612-016579.parquet,real_data_sample\l2_unseen_validation\trade_date=2026-07-17\exchange=NSE\symbol=BAJAJ-AUTO\part-054547_707612-016579.parquet,35315,downloaded,35315,
2026-07-17,NSE,BAJAJ-AUTO,raw_l2/trade_date=2026-07-17/exchange=NSE/symbol=BAJAJ-AUTO/part-054505_958525-016483.parquet,real_data_sample\l2_unseen_validation\trade_date=2026-07-17\exchange=NSE\symbol=BAJAJ-AUTO\part-054505_958525-016483.parquet,35113,downloaded,35113,
2026-07-17,NSE,BAJAJ-AUTO,raw_l2/trade_date=2026-07-17/exchange=NSE/symbol=BAJAJ-AUTO/part-054601_474883-016611.parquet,real_data_sample\l2_unseen_validation\trade_date=2026-07-17\exchange=NSE\symbol=BAJAJ-AUTO\part-054601_474883-016611.parquet,35250,downloaded,35250,
2026-07-17,NSE,BAJAJ-AUTO,raw_l2/trade_date=2026-07-17/exchange=NSE/symbol=BAJAJ-AUTO/part-054738_976630-016835.parquet,real_data_sample\l2_unseen_validation\trade_date=2026-07-17\exchange=NSE\symbol=BAJAJ-AUTO\part-054738_976630-016835.parquet,35341,downloaded,35341,
2026-07-17,NSE,BAJAJ-AUTO,raw_l2/trade_date=2026-07-17/exchange=NSE/symbol=BAJAJ-AUTO/part-054710_726263-016771.parquet,real_data_sample\l2_unseen_validation\trade_date=2026-07-17\exchange=NSE\symbol=BAJAJ-AUTO\part-054710_726263-016771.parquet,35373,downloaded,35373,
2026-07-17,NSE,BAJAJ-AUTO,raw_l2/trade_date=2026-07-17/exchange=NSE/symbol=BAJAJ-AUTO/part-054656_948132-016739.parquet,real_data_sample\l2_unseen_validation\trade_date=2026-07-17\exchange=NSE\symbol=BAJAJ-AUTO\part-054656_948132-016739.parquet,35088,downloaded,35088,
2026-07-17,NSE,BAJAJ-AUTO,raw_l2/trade_date=2026-07-17/exchange=NSE/symbol=BAJAJ-AUTO/part-054724_963577-016803.parquet,real_data_sample\l2_unseen_validation\trade_date=2026-07-17\exchange=NSE\symbol=BAJAJ-AUTO\part-054724_963577-016803.parquet,35175,downloaded,35175,
2026-07-17,NSE,BAJAJ-AUTO,raw_l2/trade_date=2026-07-17/exchange=NSE/symbol=BAJAJ-AUTO/part-054753_203289-016867.parquet,real_data_sample\l2_unseen_validation\trade_date=2026-07-17\exchange=NSE\symbol=BAJAJ-AUTO\part-054753_203289-016867.parquet,34823,downloaded,34823,
2026-07-17,NSE,BAJAJ-AUTO,raw_l2/trade_date=2026-07-17/exchange=NSE/symbol=BAJAJ-AUTO/part-054835_472568-016963.parquet,real_data_sample\l2_unseen_validation\trade_date=2026-07-17\exchange=NSE\symbol=BAJAJ-AUTO\part-054835_472568-016963.parquet,35625,downloaded,35625,
2026-07-17,NSE,BAJAJ-AUTO,raw_l2/trade_date=2026-07-17/exchange=NSE/symbol=BAJAJ-AUTO/part-054821_253922-016931.parquet,real_data_sample\l2_unseen_validation\trade_date=2026-07-17\exchange=NSE\symbol=BAJAJ-AUTO\part-054821_253922-016931.parquet,35399,downloaded,35399,
2026-07-17,NSE,BAJAJ-AUTO,raw_l2/trade_date=2026-07-17/exchange=NSE/symbol=BAJAJ-AUTO/part-054807_193930-016899.parquet,real_data_sample\l2_unseen_validation\trade_date=2026-07-17\exchange=NSE\symbol=BAJAJ-AUTO\part-054807_193930-016899.parquet,35536,downloaded,35536,
2026-07-17,NSE,BAJAJ-AUTO,raw_l2/trade_date=2026-07-17/exchange=NSE/symbol=BAJAJ-AUTO/part-054946_458120-017123.parquet,real_data_sample\l2_unseen_validation\trade_date=2026-07-17\exchange=NSE\symbol=BAJAJ-AUTO\part-054946_458120-017123.parquet,35372,downloaded,35372,
2026-07-17,NSE,BAJAJ-AUTO,raw_l2/trade_date=2026-07-17/exchange=NSE/symbol=BAJAJ-AUTO/part-054849_715527-016995.parquet,real_data_sample\l2_unseen_validation\trade_date=2026-07-17\exchange=NSE\symbol=BAJAJ-AUTO\part-054849_715527-016995.parquet,35260,downloaded,35260,
2026-07-17,NSE,BAJAJ-AUTO,raw_l2/trade_date=2026-07-17/exchange=NSE/symbol=BAJAJ-AUTO/part-055000_977199-017155.parquet,real_data_sample\l2_unseen_validation\trade_date=2026-07-17\exchange=NSE\symbol=BAJAJ-AUTO\part-055000_977199-017155.parquet,35415,downloaded,35415,
2026-07-17,NSE,BAJAJ-AUTO,raw_l2/trade_date=2026-07-17/exchange=NSE/symbol=BAJAJ-AUTO/part-054917_974177-017059.parquet,real_data_sample\l2_unseen_validation\trade_date=2026-07-17\exchange=NSE\symbol=BAJAJ-AUTO\part-054917_974177-017059.parquet,35499,downloaded,35499,
2026-07-17,NSE,BAJAJ-AUTO,raw_l2/trade_date=2026-07-17/exchange=NSE/symbol=BAJAJ-AUTO/part-055058_530146-017283.parquet,real_data_sample\l2_unseen_validation\trade_date=2026-07-17\exchange=NSE\symbol=BAJAJ-AUTO\part-055058_530146-017283.parquet,35643,downloaded,35643,
2026-07-17,NSE,BAJAJ-AUTO,raw_l2/trade_date=2026-07-17/exchange=NSE/symbol=BAJAJ-AUTO/part-055015_497407-017187.parquet,real_data_sample\l2_unseen_validation\trade_date=2026-07-17\exchange=NSE\symbol=BAJAJ-AUTO\part-055015_497407-017187.parquet,35671,downloaded,35671,
2026-07-17,NSE,BAJAJ-AUTO,raw_l2/trade_date=2026-07-17/exchange=NSE/symbol=BAJAJ-AUTO/part-055113_283639-017315.parquet,real_data_sample\l2_unseen_validation\trade_date=2026-07-17\exchange=NSE\symbol=BAJAJ-AUTO\part-055113_283639-017315.parquet,35506,downloaded,35506,
2026-07-17,NSE,BAJAJ-AUTO,raw_l2/trade_date=2026-07-17/exchange=NSE/symbol=BAJAJ-AUTO/part-055044_109752-017251.parquet,real_data_sample\l2_unseen_validation\trade_date=2026-07-17\exchange=NSE\symbol=BAJAJ-AUTO\part-055044_109752-017251.parquet,35506,downloaded,35506,
2026-07-17,NSE,BAJAJ-AUTO,raw_l2/trade_date=2026-07-17/exchange=NSE/symbol=BAJAJ-AUTO/part-054903_729130-017027.parquet,real_data_sample\l2_unseen_validation\trade_date=2026-07-17\exchange=NSE\symbol=BAJAJ-AUTO\part-054903_729130-017027.parquet,35273,downloaded,35273,
2026-07-17,NSE,BAJAJ-AUTO,raw_l2/trade_date=2026-07-17/exchange=NSE/symbol=BAJAJ-AUTO/part-054932_218989-017091.parquet,real_data_sample\l2_unseen_validation\trade_date=2026-07-17\exchange=NSE\symbol=BAJAJ-AUTO\part-054932_218989-017091.parquet,35197,downloaded,35197,
2026-07-17,NSE,BAJAJ-AUTO,raw_l2/trade_date=2026-07-17/exchange=NSE/symbol=BAJAJ-AUTO/part-055029_507692-017219.parquet,real_data_sample\l2_unseen_validation\trade_date=2026-07-17\exchange=NSE\symbol=BAJAJ-AUTO\part-055029_507692-017219.parquet,35546,downloaded,35546,
2026-07-17,NSE,BAJAJ-AUTO,raw_l2/trade_date=2026-07-17/exchange=NSE/symbol=BAJAJ-AUTO/part-055212_032335-017443.parquet,real_data_sample\l2_unseen_validation\trade_date=2026-07-17\exchange=NSE\symbol=BAJAJ-AUTO\part-055212_032335-017443.parquet,35568,downloaded,35568,
2026-07-17,NSE,BAJAJ-AUTO,raw_l2/trade_date=2026-07-17/exchange=NSE/symbol=BAJAJ-AUTO/part-055127_845820-017347.parquet,real_data_sample\l2_unseen_validation\trade_date=2026-07-17\exchange=NSE\symbol=BAJAJ-AUTO\part-055127_845820-017347.parquet,35251,downloaded,35251,
2026-07-17,NSE,BAJAJ-AUTO,raw_l2/trade_date=2026-07-17/exchange=NSE/symbol=BAJAJ-AUTO/part-055142_752028-017379.parquet,real_data_sample\l2_unseen_validation\trade_date=2026-07-17\exchange=NSE\symbol=BAJAJ-AUTO\part-055142_752028-017379.parquet,35438,downloaded,35438,
2026-07-17,NSE,BAJAJ-AUTO,raw_l2/trade_date=2026-07-17/exchange=NSE/symbol=BAJAJ-AUTO/part-055226_650205-017475.parquet,real_data_sample\l2_unseen_validation\trade_date=2026-07-17\exchange=NSE\symbol=BAJAJ-AUTO\part-055226_650205-017475.parquet,35644,downloaded,35644,
2026-07-17,NSE,BAJAJ-AUTO,raw_l2/trade_date=2026-07-17/exchange=NSE/symbol=BAJAJ-AUTO/part-055157_556457-017411.parquet,real_data_sample\l2_unseen_validation\trade_date=2026-07-17\exchange=NSE\symbol=BAJAJ-AUTO\part-055157_556457-017411.parquet,35571,downloaded,35571,
2026-07-17,NSE,BAJAJ-AUTO,raw_l2/trade_date=2026-07-17/exchange=NSE/symbol=BAJAJ-AUTO/part-055256_270340-017539.parquet,real_data_sample\l2_unseen_validation\trade_date=2026-07-17\exchange=NSE\symbol=BAJAJ-AUTO\part-055256_270340-017539.parquet,35751,downloaded,35751,
2026-07-17,NSE,BAJAJ-AUTO,raw_l2/trade_date=2026-07-17/exchange=NSE/symbol=BAJAJ-AUTO/part-055310_533318-017571.parquet,real_data_sample\l2_unseen_validation\trade_date=2026-07-17\exchange=NSE\symbol=BAJAJ-AUTO\part-055310_533318-017571.parquet,35750,downloaded,35750,
2026-07-17,NSE,BAJAJ-AUTO,raw_l2/trade_date=2026-07-17/exchange=NSE/symbol=BAJAJ-AUTO/part-055407_780249-017699.parquet,real_data_sample\l2_unseen_validation\trade_date=2026-07-17\exchange=NSE\symbol=BAJAJ-AUTO\part-055407_780249-017699.parquet,35292,downloaded,35292,
2026-07-17,NSE,BAJAJ-AUTO,raw_l2/trade_date=2026-07-17/exchange=NSE/symbol=BAJAJ-AUTO/part-055241_290330-017507.parquet,real_data_sample\l2_unseen_validation\trade_date=2026-07-17\exchange=NSE\symbol=BAJAJ-AUTO\part-055241_290330-017507.parquet,35747,downloaded,35747,
2026-07-17,NSE,BAJAJ-AUTO,raw_l2/trade_date=2026-07-17/exchange=NSE/symbol=BAJAJ-AUTO/part-055353_528389-017667.parquet,real_data_sample\l2_unseen_validation\trade_date=2026-07-17\exchange=NSE\symbol=BAJAJ-AUTO\part-055353_528389-017667.parquet,35197,downloaded,35197,
2026-07-17,NSE,BAJAJ-AUTO,raw_l2/trade_date=2026-07-17/exchange=NSE/symbol=BAJAJ-AUTO/part-055339_015697-017635.parquet,real_data_sample\l2_unseen_validation\trade_date=2026-07-17\exchange=NSE\symbol=BAJAJ-AUTO\part-055339_015697-017635.parquet,35379,downloaded,35379,
2026-07-17,NSE,BAJAJ-AUTO,raw_l2/trade_date=2026-07-17/exchange=NSE/symbol=BAJAJ-AUTO/part-055421_995102-017731.parquet,real_data_sample\l2_unseen_validation\trade_date=2026-07-17\exchange=NSE\symbol=BAJAJ-AUTO\part-055421_995102-017731.parquet,35366,downloaded,35366,
2026-07-17,NSE,BAJAJ-AUTO,raw_l2/trade_date=2026-07-17/exchange=NSE/symbol=BAJAJ-AUTO/part-055518_002867-017859.parquet,real_data_sample\l2_unseen_validation\trade_date=2026-07-17\exchange=NSE\symbol=BAJAJ-AUTO\part-055518_002867-017859.parquet,35600,downloaded,35600,
2026-07-17,NSE,BAJAJ-AUTO,raw_l2/trade_date=2026-07-17/exchange=NSE/symbol=BAJAJ-AUTO/part-055324_740688-017603.parquet,real_data_sample\l2_unseen_validation\trade_date=2026-07-17\exchange=NSE\symbol=BAJAJ-AUTO\part-055324_740688-017603.parquet,35170,downloaded,35170,
2026-07-17,NSE,BAJAJ-AUTO,raw_l2/trade_date=2026-07-17/exchange=NSE/symbol=BAJAJ-AUTO/part-055436_030186-017763.parquet,real_data_sample\l2_unseen_validation\trade_date=2026-07-17\exchange=NSE\symbol=BAJAJ-AUTO\part-055436_030186-017763.parquet,35135,downloaded,35135,
2026-07-17,NSE,BAJAJ-AUTO,raw_l2/trade_date=2026-07-17/exchange=NSE/symbol=BAJAJ-AUTO/part-055450_015515-017795.parquet,real_data_sample\l2_unseen_validation\trade_date=2026-07-17\exchange=NSE\symbol=BAJAJ-AUTO\part-055450_015515-017795.parquet,35354,downloaded,35354,
2026-07-17,NSE,BAJAJ-AUTO,raw_l2/trade_date=2026-07-17/exchange=NSE/symbol=BAJAJ-AUTO/part-055532_008739-017891.parquet,real_data_sample\l2_unseen_validation\trade_date=2026-07-17\exchange=NSE\symbol=BAJAJ-AUTO\part-055532_008739-017891.parquet,35473,downloaded,35473,
2026-07-17,NSE,BAJAJ-AUTO,raw_l2/trade_date=2026-07-17/exchange=NSE/symbol=BAJAJ-AUTO/part-055545_994069-017923.parquet,real_data_sample\l2_unseen_validation\trade_date=2026-07-17\exchange=NSE\symbol=BAJAJ-AUTO\part-055545_994069-017923.parquet,35242,downloaded,35242,
2026-07-17,NSE,BAJAJ-AUTO,raw_l2/trade_date=2026-07-17/exchange=NSE/symbol=BAJAJ-AUTO/part-055504_037491-017827.parquet,real_data_sample\l2_unseen_validation\trade_date=2026-07-17\exchange=NSE\symbol=BAJAJ-AUTO\part-055504_037491-017827.parquet,35411,downloaded,35411,
2026-07-17,NSE,BAJAJ-AUTO,raw_l2/trade_date=2026-07-17/exchange=NSE/symbol=BAJAJ-AUTO/part-055559_995514-017955.parquet,real_data_sample\l2_unseen_validation\trade_date=2026-07-17\exchange=NSE\symbol=BAJAJ-AUTO\part-055559_995514-017955.parquet,35700,downloaded,35700,
2026-07-17,NSE,BAJAJ-AUTO,raw_l2/trade_date=2026-07-17/exchange=NSE/symbol=BAJAJ-AUTO/part-055724_507459-018147.parquet,real_data_sample\l2_unseen_validation\trade_date=2026-07-17\exchange=NSE\symbol=BAJAJ-AUTO\part-055724_507459-018147.parquet,35540,downloaded,35540,
2026-07-17,NSE,BAJAJ-AUTO,raw_l2/trade_date=2026-07-17/exchange=NSE/symbol=BAJAJ-AUTO/part-055628_264793-018019.parquet,real_data_sample\l2_unseen_validation\trade_date=2026-07-17\exchange=NSE\symbol=BAJAJ-AUTO\part-055628_264793-018019.parquet,35293,downloaded,35293,
2026-07-17,NSE,BAJAJ-AUTO,raw_l2/trade_date=2026-07-17/exchange=NSE/symbol=BAJAJ-AUTO/part-055642_493184-018051.parquet,real_data_sample\l2_unseen_validation\trade_date=2026-07-17\exchange=NSE\symbol=BAJAJ-AUTO\part-055642_493184-018051.parquet,35695,downloaded,35695,
2026-07-17,NSE,BAJAJ-AUTO,raw_l2/trade_date=2026-07-17/exchange=NSE/symbol=BAJAJ-AUTO/part-055820_758941-018275.parquet,real_data_sample\l2_unseen_validation\trade_date=2026-07-17\exchange=NSE\symbol=BAJAJ-AUTO\part-055820_758941-018275.parquet,35076,downloaded,35076,
2026-07-17,NSE,BAJAJ-AUTO,raw_l2/trade_date=2026-07-17/exchange=NSE/symbol=BAJAJ-AUTO/part-055656_498985-018083.parquet,real_data_sample\l2_unseen_validation\trade_date=2026-07-17\exchange=NSE\symbol=BAJAJ-AUTO\part-055656_498985-018083.parquet,35441,downloaded,35441,
2026-07-17,NSE,BAJAJ-AUTO,raw_l2/trade_date=2026-07-17/exchange=NSE/symbol=BAJAJ-AUTO/part-055752_744095-018211.parquet,real_data_sample\l2_unseen_validation\trade_date=2026-07-17\exchange=NSE\symbol=BAJAJ-AUTO\part-055752_744095-018211.parquet,34896,downloaded,34896,
2026-07-17,NSE,BAJAJ-AUTO,raw_l2/trade_date=2026-07-17/exchange=NSE/symbol=BAJAJ-AUTO/part-055806_771395-018243.parquet,real_data_sample\l2_unseen_validation\trade_date=2026-07-17\exchange=NSE\symbol=BAJAJ-AUTO\part-055806_771395-018243.parquet,35180,downloaded,35180,
2026-07-17,NSE,BAJAJ-AUTO,raw_l2/trade_date=2026-07-17/exchange=NSE/symbol=BAJAJ-AUTO/part-055710_497751-018115.parquet,real_data_sample\l2_unseen_validation\trade_date=2026-07-17\exchange=NSE\symbol=BAJAJ-AUTO\part-055710_497751-018115.parquet,35219,downloaded,35219,
2026-07-17,NSE,BAJAJ-AUTO,raw_l2/trade_date=2026-07-17/exchange=NSE/symbol=BAJAJ-AUTO/part-055738_748453-018179.parquet,real_data_sample\l2_unseen_validation\trade_date=2026-07-17\exchange=NSE\symbol=BAJAJ-AUTO\part-055738_748453-018179.parquet,35271,downloaded,35271,
2026-07-17,NSE,BAJAJ-AUTO,raw_l2/trade_date=2026-07-17/exchange=NSE/symbol=BAJAJ-AUTO/part-055614_288655-017987.parquet,real_data_sample\l2_unseen_validation\trade_date=2026-07-17\exchange=NSE\symbol=BAJAJ-AUTO\part-055614_288655-017987.parquet,35362,downloaded,35362,
2026-07-17,NSE,BAJAJ-AUTO,raw_l2/trade_date=2026-07-17/exchange=NSE/symbol=BAJAJ-AUTO/part-055849_289151-018339.parquet,real_data_sample\l2_unseen_validation\trade_date=2026-07-17\exchange=NSE\symbol=BAJAJ-AUTO\part-055849_289151-018339.parquet,35455,downloaded,35455,
2026-07-17,NSE,BAJAJ-AUTO,raw_l2/trade_date=2026-07-17/exchange=NSE/symbol=BAJAJ-AUTO/part-055931_768055-018435.parquet,real_data_sample\l2_unseen_validation\trade_date=2026-07-17\exchange=NSE\symbol=BAJAJ-AUTO\part-055931_768055-018435.parquet,35617,downloaded,35617,
2026-07-17,NSE,BAJAJ-AUTO,raw_l2/trade_date=2026-07-17/exchange=NSE/symbol=BAJAJ-AUTO/part-055945_772037-018467.parquet,real_data_sample\l2_unseen_validation\trade_date=2026-07-17\exchange=NSE\symbol=BAJAJ-AUTO\part-055945_772037-018467.parquet,35517,downloaded,35517,
2026-07-17,NSE,BAJAJ-AUTO,raw_l2/trade_date=2026-07-17/exchange=NSE/symbol=BAJAJ-AUTO/part-055834_998740-018307.parquet,real_data_sample\l2_unseen_validation\trade_date=2026-07-17\exchange=NSE\symbol=BAJAJ-AUTO\part-055834_998740-018307.parquet,35316,downloaded,35316,
2026-07-17,NSE,BAJAJ-AUTO,raw_l2/trade_date=2026-07-17/exchange=NSE/symbol=BAJAJ-AUTO/part-055917_503473-018403.parquet,real_data_sample\l2_unseen_validation\trade_date=2026-07-17\exchange=NSE\symbol=BAJAJ-AUTO\part-055917_503473-018403.parquet,35345,downloaded,35345,
2026-07-17,NSE,BAJAJ-AUTO,raw_l2/trade_date=2026-07-17/exchange=NSE/symbol=BAJAJ-AUTO/part-055903_496617-018371.parquet,real_data_sample\l2_unseen_validation\trade_date=2026-07-17\exchange=NSE\symbol=BAJAJ-AUTO\part-055903_496617-018371.parquet,35578,downloaded,35578,
2026-07-17,NSE,BAJAJ-AUTO,raw_l2/trade_date=2026-07-17/exchange=NSE/symbol=BAJAJ-AUTO/part-060000_479617-018499.parquet,real_data_sample\l2_unseen_validation\trade_date=2026-07-17\exchange=NSE\symbol=BAJAJ-AUTO\part-060000_479617-018499.parquet,35579,downloaded,35579,
2026-07-17,NSE,BAJAJ-AUTO,raw_l2/trade_date=2026-07-17/exchange=NSE/symbol=BAJAJ-AUTO/part-060014_771555-018531.parquet,real_data_sample\l2_unseen_validation\trade_date=2026-07-17\exchange=NSE\symbol=BAJAJ-AUTO\part-060014_771555-018531.parquet,35496,downloaded,35496,
2026-07-17,NSE,BAJAJ-AUTO,raw_l2/trade_date=2026-07-17/exchange=NSE/symbol=BAJAJ-AUTO/part-060043_023381-018595.parquet,real_data_sample\l2_unseen_validation\trade_date=2026-07-17\exchange=NSE\symbol=BAJAJ-AUTO\part-060043_023381-018595.parquet,35342,downloaded,35342,
2026-07-17,NSE,BAJAJ-AUTO,raw_l2/trade_date=2026-07-17/exchange=NSE/symbol=BAJAJ-AUTO/part-060236_016709-018851.parquet,real_data_sample\l2_unseen_validation\trade_date=2026-07-17\exchange=NSE\symbol=BAJAJ-AUTO\part-060236_016709-018851.parquet,35501,downloaded,35501,
2026-07-17,NSE,BAJAJ-AUTO,raw_l2/trade_date=2026-07-17/exchange=NSE/symbol=BAJAJ-AUTO/part-060250_012587-018883.parquet,real_data_sample\l2_unseen_validation\trade_date=2026-07-17\exchange=NSE\symbol=BAJAJ-AUTO\part-060250_012587-018883.parquet,35114,downloaded,35114,
2026-07-17,NSE,BAJAJ-AUTO,raw_l2/trade_date=2026-07-17/exchange=NSE/symbol=BAJAJ-AUTO/part-060028_762729-018563.parquet,real_data_sample\l2_unseen_validation\trade_date=2026-07-17\exchange=NSE\symbol=BAJAJ-AUTO\part-060028_762729-018563.parquet,35418,downloaded,35418,
2026-07-17,NSE,BAJAJ-AUTO,raw_l2/trade_date=2026-07-17/exchange=NSE/symbol=BAJAJ-AUTO/part-060153_774280-018755.parquet,real_data_sample\l2_unseen_validation\trade_date=2026-07-17\exchange=NSE\symbol=BAJAJ-AUTO\part-060153_774280-018755.parquet,35284,downloaded,35284,
2026-07-17,NSE,BAJAJ-AUTO,raw_l2/trade_date=2026-07-17/exchange=NSE/symbol=BAJAJ-AUTO/part-060221_996052-018819.parquet,real_data_sample\l2_unseen_validation\trade_date=2026-07-17\exchange=NSE\symbol=BAJAJ-AUTO\part-060221_996052-018819.parquet,35541,downloaded,35541,
2026-07-17,NSE,BAJAJ-AUTO,raw_l2/trade_date=2026-07-17/exchange=NSE/symbol=BAJAJ-AUTO/part-060304_260381-018915.parquet,real_data_sample\l2_unseen_validation\trade_date=2026-07-17\exchange=NSE\symbol=BAJAJ-AUTO\part-060304_260381-018915.parquet,35731,downloaded,35731,
2026-07-17,NSE,BAJAJ-AUTO,raw_l2/trade_date=2026-07-17/exchange=NSE/symbol=BAJAJ-AUTO/part-060139_518596-018723.parquet,real_data_sample\l2_unseen_validation\trade_date=2026-07-17\exchange=NSE\symbol=BAJAJ-AUTO\part-060139_518596-018723.parquet,35433,downloaded,35433,
2026-07-17,NSE,BAJAJ-AUTO,raw_l2/trade_date=2026-07-17/exchange=NSE/symbol=BAJAJ-AUTO/part-060207_751984-018787.parquet,real_data_sample\l2_unseen_validation\trade_date=2026-07-17\exchange=NSE\symbol=BAJAJ-AUTO\part-060207_751984-018787.parquet,35452,downloaded,35452,
2026-07-17,NSE,BAJAJ-AUTO,raw_l2/trade_date=2026-07-17/exchange=NSE/symbol=BAJAJ-AUTO/part-060318_245428-018947.parquet,real_data_sample\l2_unseen_validation\trade_date=2026-07-17\exchange=NSE\symbol=BAJAJ-AUTO\part-060318_245428-018947.parquet,35507,downloaded,35507,
2026-07-17,NSE,BAJAJ-AUTO,raw_l2/trade_date=2026-07-17/exchange=NSE/symbol=BAJAJ-AUTO/part-060414_227623-019075.parquet,real_data_sample\l2_unseen_validation\trade_date=2026-07-17\exchange=NSE\symbol=BAJAJ-AUTO\part-060414_227623-019075.parquet,35268,downloaded,35268,
2026-07-17,NSE,BAJAJ-AUTO,raw_l2/trade_date=2026-07-17/exchange=NSE/symbol=BAJAJ-AUTO/part-060346_297472-019011.parquet,real_data_sample\l2_unseen_validation\trade_date=2026-07-17\exchange=NSE\symbol=BAJAJ-AUTO\part-060346_297472-019011.parquet,35245,downloaded,35245,
2026-07-17,NSE,BAJAJ-AUTO,raw_l2/trade_date=2026-07-17/exchange=NSE/symbol=BAJAJ-AUTO/part-060400_260449-019043.parquet,real_data_sample\l2_unseen_validation\trade_date=2026-07-17\exchange=NSE\symbol=BAJAJ-AUTO\part-060400_260449-019043.parquet,35272,downloaded,35272,
2026-07-17,NSE,BAJAJ-AUTO,raw_l2/trade_date=2026-07-17/exchange=NSE/symbol=BAJAJ-AUTO/part-060332_253862-018979.parquet,real_data_sample\l2_unseen_validation\trade_date=2026-07-17\exchange=NSE\symbol=BAJAJ-AUTO\part-060332_253862-018979.parquet,35515,downloaded,35515,
2026-07-17,NSE,BAJAJ-AUTO,raw_l2/trade_date=2026-07-17/exchange=NSE/symbol=BAJAJ-AUTO/part-060510_992576-019203.parquet,real_data_sample\l2_unseen_validation\trade_date=2026-07-17\exchange=NSE\symbol=BAJAJ-AUTO\part-060510_992576-019203.parquet,35533,downloaded,35533,
2026-07-17,NSE,BAJAJ-AUTO,raw_l2/trade_date=2026-07-17/exchange=NSE/symbol=BAJAJ-AUTO/part-060457_005096-019171.parquet,real_data_sample\l2_unseen_validation\trade_date=2026-07-17\exchange=NSE\symbol=BAJAJ-AUTO\part-060457_005096-019171.parquet,35243,downloaded,35243,
2026-07-17,NSE,BAJAJ-AUTO,raw_l2/trade_date=2026-07-17/exchange=NSE/symbol=BAJAJ-AUTO/part-060443_005567-019139.parquet,real_data_sample\l2_unseen_validation\trade_date=2026-07-17\exchange=NSE\symbol=BAJAJ-AUTO\part-060443_005567-019139.parquet,35407,downloaded,35407,
2026-07-17,NSE,BAJAJ-AUTO,raw_l2/trade_date=2026-07-17/exchange=NSE/symbol=BAJAJ-AUTO/part-060111_524625-018659.parquet,real_data_sample\l2_unseen_validation\trade_date=2026-07-17\exchange=NSE\symbol=BAJAJ-AUTO\part-060111_524625-018659.parquet,35094,downloaded,35094,
2026-07-17,NSE,BAJAJ-AUTO,raw_l2/trade_date=2026-07-17/exchange=NSE/symbol=BAJAJ-AUTO/part-060057_270515-018627.parquet,real_data_sample\l2_unseen_validation\trade_date=2026-07-17\exchange=NSE\symbol=BAJAJ-AUTO\part-060057_270515-018627.parquet,35392,downloaded,35392,
2026-07-17,NSE,BAJAJ-AUTO,raw_l2/trade_date=2026-07-17/exchange=NSE/symbol=BAJAJ-AUTO/part-060125_500408-018691.parquet,real_data_sample\l2_unseen_validation\trade_date=2026-07-17\exchange=NSE\symbol=BAJAJ-AUTO\part-060125_500408-018691.parquet,35374,downloaded,35374,
2026-07-17,NSE,BAJAJ-AUTO,raw_l2/trade_date=2026-07-17/exchange=NSE/symbol=BAJAJ-AUTO/part-060539_244839-019267.parquet,real_data_sample\l2_unseen_validation\trade_date=2026-07-17\exchange=NSE\symbol=BAJAJ-AUTO\part-060539_244839-019267.parquet,35390,downloaded,35390,
2026-07-17,NSE,BAJAJ-AUTO,raw_l2/trade_date=2026-07-17/exchange=NSE/symbol=BAJAJ-AUTO/part-060524_993243-019235.parquet,real_data_sample\l2_unseen_validation\trade_date=2026-07-17\exchange=NSE\symbol=BAJAJ-AUTO\part-060524_993243-019235.parquet,35267,downloaded,35267,
2026-07-17,NSE,BAJAJ-AUTO,raw_l2/trade_date=2026-07-17/exchange=NSE/symbol=BAJAJ-AUTO/part-060428_519097-019107.parquet,real_data_sample\l2_unseen_validation\trade_date=2026-07-17\exchange=NSE\symbol=BAJAJ-AUTO\part-060428_519097-019107.parquet,35369,downloaded,35369,
2026-07-17,NSE,BAJAJ-AUTO,raw_l2/trade_date=2026-07-17/exchange=NSE/symbol=BAJAJ-AUTO/part-060607_252050-019331.parquet,real_data_sample\l2_unseen_validation\trade_date=2026-07-17\exchange=NSE\symbol=BAJAJ-AUTO\part-060607_252050-019331.parquet,35449,downloaded,35449,
2026-07-17,NSE,BAJAJ-AUTO,raw_l2/trade_date=2026-07-17/exchange=NSE/symbol=BAJAJ-AUTO/part-060553_259779-019299.parquet,real_data_sample\l2_unseen_validation\trade_date=2026-07-17\exchange=NSE\symbol=BAJAJ-AUTO\part-060553_259779-019299.parquet,35202,downloaded,35202,
2026-07-17,NSE,BAJAJ-AUTO,raw_l2/trade_date=2026-07-17/exchange=NSE/symbol=BAJAJ-AUTO/part-060620_991763-019363.parquet,real_data_sample\l2_unseen_validation\trade_date=2026-07-17\exchange=NSE\symbol=BAJAJ-AUTO\part-060620_991763-019363.parquet,35499,downloaded,35499,
2026-07-17,NSE,BAJAJ-AUTO,raw_l2/trade_date=2026-07-17/exchange=NSE/symbol=BAJAJ-AUTO/part-060745_739592-019555.parquet,real_data_sample\l2_unseen_validation\trade_date=2026-07-17\exchange=NSE\symbol=BAJAJ-AUTO\part-060745_739592-019555.parquet,35739,downloaded,35739,
2026-07-17,NSE,BAJAJ-AUTO,raw_l2/trade_date=2026-07-17/exchange=NSE/symbol=BAJAJ-AUTO/part-060703_267460-019459.parquet,real_data_sample\l2_unseen_validation\trade_date=2026-07-17\exchange=NSE\symbol=BAJAJ-AUTO\part-060703_267460-019459.parquet,35495,downloaded,35495,
2026-07-17,NSE,BAJAJ-AUTO,raw_l2/trade_date=2026-07-17/exchange=NSE/symbol=BAJAJ-AUTO/part-060649_043737-019427.parquet,real_data_sample\l2_unseen_validation\trade_date=2026-07-17\exchange=NSE\symbol=BAJAJ-AUTO\part-060649_043737-019427.parquet,35308,downloaded,35308,
2026-07-17,NSE,BAJAJ-AUTO,raw_l2/trade_date=2026-07-17/exchange=NSE/symbol=BAJAJ-AUTO/part-060717_254120-019491.parquet,real_data_sample\l2_unseen_validation\trade_date=2026-07-17\exchange=NSE\symbol=BAJAJ-AUTO\part-060717_254120-019491.parquet,35095,downloaded,35095,
2026-07-17,NSE,BAJAJ-AUTO,raw_l2/trade_date=2026-07-17/exchange=NSE/symbol=BAJAJ-AUTO/part-060731_476651-019523.parquet,real_data_sample\l2_unseen_validation\trade_date=2026-07-17\exchange=NSE\symbol=BAJAJ-AUTO\part-060731_476651-019523.parquet,35545,downloaded,35545,
2026-07-17,NSE,BAJAJ-AUTO,raw_l2/trade_date=2026-07-17/exchange=NSE/symbol=BAJAJ-AUTO/part-060635_004836-019395.parquet,real_data_sample\l2_unseen_validation\trade_date=2026-07-17\exchange=NSE\symbol=BAJAJ-AUTO\part-060635_004836-019395.parquet,35525,downloaded,35525,
2026-07-17,NSE,BAJAJ-AUTO,raw_l2/trade_date=2026-07-17/exchange=NSE/symbol=BAJAJ-AUTO/part-060800_735680-019587.parquet,real_data_sample\l2_unseen_validation\trade_date=2026-07-17\exchange=NSE\symbol=BAJAJ-AUTO\part-060800_735680-019587.parquet,35424,downloaded,35424,
2026-07-17,NSE,BAJAJ-AUTO,raw_l2/trade_date=2026-07-17/exchange=NSE/symbol=BAJAJ-AUTO/part-061025_205520-019907.parquet,real_data_sample\l2_unseen_validation\trade_date=2026-07-17\exchange=NSE\symbol=BAJAJ-AUTO\part-061025_205520-019907.parquet,35549,downloaded,35549,
2026-07-17,NSE,BAJAJ-AUTO,raw_l2/trade_date=2026-07-17/exchange=NSE/symbol=BAJAJ-AUTO/part-060816_219010-019619.parquet,real_data_sample\l2_unseen_validation\trade_date=2026-07-17\exchange=NSE\symbol=BAJAJ-AUTO\part-060816_219010-019619.parquet,35941,downloaded,35941,
2026-07-17,NSE,BAJAJ-AUTO,raw_l2/trade_date=2026-07-17/exchange=NSE/symbol=BAJAJ-AUTO/part-061039_481723-019939.parquet,real_data_sample\l2_unseen_validation\trade_date=2026-07-17\exchange=NSE\symbol=BAJAJ-AUTO\part-061039_481723-019939.parquet,35459,downloaded,35459,
2026-07-17,NSE,BAJAJ-AUTO,raw_l2/trade_date=2026-07-17/exchange=NSE/symbol=BAJAJ-AUTO/part-060927_977526-019779.parquet,real_data_sample\l2_unseen_validation\trade_date=2026-07-17\exchange=NSE\symbol=BAJAJ-AUTO\part-060927_977526-019779.parquet,35947,downloaded,35947,
2026-07-17,NSE,BAJAJ-AUTO,raw_l2/trade_date=2026-07-17/exchange=NSE/symbol=BAJAJ-AUTO/part-060956_464711-019843.parquet,real_data_sample\l2_unseen_validation\trade_date=2026-07-17\exchange=NSE\symbol=BAJAJ-AUTO\part-060956_464711-019843.parquet,35265,downloaded,35265,
2026-07-17,NSE,BAJAJ-AUTO,raw_l2/trade_date=2026-07-17/exchange=NSE/symbol=BAJAJ-AUTO/part-060942_474380-019811.parquet,real_data_sample\l2_unseen_validation\trade_date=2026-07-17\exchange=NSE\symbol=BAJAJ-AUTO\part-060942_474380-019811.parquet,35488,downloaded,35488,
2026-07-17,NSE,BAJAJ-AUTO,raw_l2/trade_date=2026-07-17/exchange=NSE/symbol=BAJAJ-AUTO/part-060845_201709-019683.parquet,real_data_sample\l2_unseen_validation\trade_date=2026-07-17\exchange=NSE\symbol=BAJAJ-AUTO\part-060845_201709-019683.parquet,35680,downloaded,35680,
2026-07-17,NSE,BAJAJ-AUTO,raw_l2/trade_date=2026-07-17/exchange=NSE/symbol=BAJAJ-AUTO/part-060913_510454-019747.parquet,real_data_sample\l2_unseen_validation\trade_date=2026-07-17\exchange=NSE\symbol=BAJAJ-AUTO\part-060913_510454-019747.parquet,35446,downloaded,35446,
2026-07-17,NSE,BAJAJ-AUTO,raw_l2/trade_date=2026-07-17/exchange=NSE/symbol=BAJAJ-AUTO/part-060859_474151-019715.parquet,real_data_sample\l2_unseen_validation\trade_date=2026-07-17\exchange=NSE\symbol=BAJAJ-AUTO\part-060859_474151-019715.parquet,35633,downloaded,35633,
2026-07-17,NSE,BAJAJ-AUTO,raw_l2/trade_date=2026-07-17/exchange=NSE/symbol=BAJAJ-AUTO/part-061053_955223-019971.parquet,real_data_sample\l2_unseen_validation\trade_date=2026-07-17\exchange=NSE\symbol=BAJAJ-AUTO\part-061053_955223-019971.parquet,35386,downloaded,35386,
2026-07-17,NSE,BAJAJ-AUTO,raw_l2/trade_date=2026-07-17/exchange=NSE/symbol=BAJAJ-AUTO/part-060830_710734-019651.parquet,real_data_sample\l2_unseen_validation\trade_date=2026-07-17\exchange=NSE\symbol=BAJAJ-AUTO\part-060830_710734-019651.parquet,35231,downloaded,35231,
2026-07-17,NSE,BAJAJ-AUTO,raw_l2/trade_date=2026-07-17/exchange=NSE/symbol=BAJAJ-AUTO/part-061010_973429-019875.parquet,real_data_sample\l2_unseen_validation\trade_date=2026-07-17\exchange=NSE\symbol=BAJAJ-AUTO\part-061010_973429-019875.parquet,35333,downloaded,35333,
2026-07-17,NSE,BAJAJ-AUTO,raw_l2/trade_date=2026-07-17/exchange=NSE/symbol=BAJAJ-AUTO/part-061108_491515-020003.parquet,real_data_sample\l2_unseen_validation\trade_date=2026-07-17\exchange=NSE\symbol=BAJAJ-AUTO\part-061108_491515-020003.parquet,35400,downloaded,35400,
2026-07-17,NSE,BAJAJ-AUTO,raw_l2/trade_date=2026-07-17/exchange=NSE/symbol=BAJAJ-AUTO/part-061136_987120-020067.parquet,real_data_sample\l2_unseen_validation\trade_date=2026-07-17\exchange=NSE\symbol=BAJAJ-AUTO\part-061136_987120-020067.parquet,35378,downloaded,35378,
2026-07-17,NSE,BAJAJ-AUTO,raw_l2/trade_date=2026-07-17/exchange=NSE/symbol=BAJAJ-AUTO/part-061234_984496-020195.parquet,real_data_sample\l2_unseen_validation\trade_date=2026-07-17\exchange=NSE\symbol=BAJAJ-AUTO\part-061234_984496-020195.parquet,35855,downloaded,35855,
2026-07-17,NSE,BAJAJ-AUTO,raw_l2/trade_date=2026-07-17/exchange=NSE/symbol=BAJAJ-AUTO/part-061220_499681-020163.parquet,real_data_sample\l2_unseen_validation\trade_date=2026-07-17\exchange=NSE\symbol=BAJAJ-AUTO\part-061220_499681-020163.parquet,35418,downloaded,35418,
2026-07-17,NSE,BAJAJ-AUTO,raw_l2/trade_date=2026-07-17/exchange=NSE/symbol=BAJAJ-AUTO/part-061151_540935-020099.parquet,real_data_sample\l2_unseen_validation\trade_date=2026-07-17\exchange=NSE\symbol=BAJAJ-AUTO\part-061151_540935-020099.parquet,36020,downloaded,36020,
2026-07-17,NSE,BAJAJ-AUTO,raw_l2/trade_date=2026-07-17/exchange=NSE/symbol=BAJAJ-AUTO/part-061206_012145-020131.parquet,real_data_sample\l2_unseen_validation\trade_date=2026-07-17\exchange=NSE\symbol=BAJAJ-AUTO\part-061206_012145-020131.parquet,35397,downloaded,35397,
2026-07-17,NSE,BAJAJ-AUTO,raw_l2/trade_date=2026-07-17/exchange=NSE/symbol=BAJAJ-AUTO/part-061249_306226-020227.parquet,real_data_sample\l2_unseen_validation\trade_date=2026-07-17\exchange=NSE\symbol=BAJAJ-AUTO\part-061249_306226-020227.parquet,35577,downloaded,35577,
2026-07-17,NSE,BAJAJ-AUTO,raw_l2/trade_date=2026-07-17/exchange=NSE/symbol=BAJAJ-AUTO/part-061122_709843-020035.parquet,real_data_sample\l2_unseen_validation\trade_date=2026-07-17\exchange=NSE\symbol=BAJAJ-AUTO\part-061122_709843-020035.parquet,35049,downloaded,35049,
2026-07-17,NSE,BAJAJ-AUTO,raw_l2/trade_date=2026-07-17/exchange=NSE/symbol=BAJAJ-AUTO/part-061303_728003-020259.parquet,real_data_sample\l2_unseen_validation\trade_date=2026-07-17\exchange=NSE\symbol=BAJAJ-AUTO\part-061303_728003-020259.parquet,35474,downloaded,35474,
2026-07-17,NSE,BAJAJ-AUTO,raw_l2/trade_date=2026-07-17/exchange=NSE/symbol=BAJAJ-AUTO/part-061332_514367-020323.parquet,real_data_sample\l2_unseen_validation\trade_date=2026-07-17\exchange=NSE\symbol=BAJAJ-AUTO\part-061332_514367-020323.parquet,35394,downloaded,35394,
2026-07-17,NSE,BAJAJ-AUTO,raw_l2/trade_date=2026-07-17/exchange=NSE/symbol=BAJAJ-AUTO/part-061346_993187-020355.parquet,real_data_sample\l2_unseen_validation\trade_date=2026-07-17\exchange=NSE\symbol=BAJAJ-AUTO\part-061346_993187-020355.parquet,35647,downloaded,35647,
2026-07-17,NSE,BAJAJ-AUTO,raw_l2/trade_date=2026-07-17/exchange=NSE/symbol=BAJAJ-AUTO/part-061318_243941-020291.parquet,real_data_sample\l2_unseen_validation\trade_date=2026-07-17\exchange=NSE\symbol=BAJAJ-AUTO\part-061318_243941-020291.parquet,35421,downloaded,35421,
2026-07-17,NSE,BAJAJ-AUTO,raw_l2/trade_date=2026-07-17/exchange=NSE/symbol=BAJAJ-AUTO/part-061415_538698-020419.parquet,real_data_sample\l2_unseen_validation\trade_date=2026-07-17\exchange=NSE\symbol=BAJAJ-AUTO\part-061415_538698-020419.parquet,35755,downloaded,35755,
2026-07-17,NSE,BAJAJ-AUTO,raw_l2/trade_date=2026-07-17/exchange=NSE/symbol=BAJAJ-AUTO/part-061401_227344-020387.parquet,real_data_sample\l2_unseen_validation\trade_date=2026-07-17\exchange=NSE\symbol=BAJAJ-AUTO\part-061401_227344-020387.parquet,35531,downloaded,35531,
2026-07-17,NSE,BAJAJ-AUTO,raw_l2/trade_date=2026-07-17/exchange=NSE/symbol=BAJAJ-AUTO/part-061429_998842-020451.parquet,real_data_sample\l2_unseen_validation\trade_date=2026-07-17\exchange=NSE\symbol=BAJAJ-AUTO\part-061429_998842-020451.parquet,35810,downloaded,35810,
2026-07-17,NSE,BAJAJ-AUTO,raw_l2/trade_date=2026-07-17/exchange=NSE/symbol=BAJAJ-AUTO/part-061444_238171-020483.parquet,real_data_sample\l2_unseen_validation\trade_date=2026-07-17\exchange=NSE\symbol=BAJAJ-AUTO\part-061444_238171-020483.parquet,35406,downloaded,35406,
2026-07-17,NSE,BAJAJ-AUTO,raw_l2/trade_date=2026-07-17/exchange=NSE/symbol=BAJAJ-AUTO/part-061556_235969-020643.parquet,real_data_sample\l2_unseen_validation\trade_date=2026-07-17\exchange=NSE\symbol=BAJAJ-AUTO\part-061556_235969-020643.parquet,35887,downloaded,35887,
2026-07-17,NSE,BAJAJ-AUTO,raw_l2/trade_date=2026-07-17/exchange=NSE/symbol=BAJAJ-AUTO/part-061626_487540-020707.parquet,real_data_sample\l2_unseen_validation\trade_date=2026-07-17\exchange=NSE\symbol=BAJAJ-AUTO\part-061626_487540-020707.parquet,35469,downloaded,35469,
2026-07-17,NSE,BAJAJ-AUTO,raw_l2/trade_date=2026-07-17/exchange=NSE/symbol=BAJAJ-AUTO/part-061610_611898-020675.parquet,real_data_sample\l2_unseen_validation\trade_date=2026-07-17\exchange=NSE\symbol=BAJAJ-AUTO\part-061610_611898-020675.parquet,35317,downloaded,35317,
2026-07-17,NSE,BAJAJ-AUTO,raw_l2/trade_date=2026-07-17/exchange=NSE/symbol=BAJAJ-AUTO/part-061640_728828-020739.parquet,real_data_sample\l2_unseen_validation\trade_date=2026-07-17\exchange=NSE\symbol=BAJAJ-AUTO\part-061640_728828-020739.parquet,35714,downloaded,35714,
2026-07-17,NSE,BAJAJ-AUTO,raw_l2/trade_date=2026-07-17/exchange=NSE/symbol=BAJAJ-AUTO/part-062044_038407-021283.parquet,real_data_sample\l2_unseen_validation\trade_date=2026-07-17\exchange=NSE\symbol=BAJAJ-AUTO\part-062044_038407-021283.parquet,35497,downloaded,35497,
2026-07-17,NSE,BAJAJ-AUTO,raw_l2/trade_date=2026-07-17/exchange=NSE/symbol=BAJAJ-AUTO/part-061932_717695-021123.parquet,real_data_sample\l2_unseen_validation\trade_date=2026-07-17\exchange=NSE\symbol=BAJAJ-AUTO\part-061932_717695-021123.parquet,35264,downloaded,35264,
2026-07-17,NSE,BAJAJ-AUTO,raw_l2/trade_date=2026-07-17/exchange=NSE/symbol=BAJAJ-AUTO/part-061751_285287-020899.parquet,real_data_sample\l2_unseen_validation\trade_date=2026-07-17\exchange=NSE\symbol=BAJAJ-AUTO\part-061751_285287-020899.parquet,35503,downloaded,35503,
2026-07-17,NSE,BAJAJ-AUTO,raw_l2/trade_date=2026-07-17/exchange=NSE/symbol=BAJAJ-AUTO/part-061917_966868-021091.parquet,real_data_sample\l2_unseen_validation\trade_date=2026-07-17\exchange=NSE\symbol=BAJAJ-AUTO\part-061917_966868-021091.parquet,35091,downloaded,35091,
2026-07-17,NSE,BAJAJ-AUTO,raw_l2/trade_date=2026-07-17/exchange=NSE/symbol=BAJAJ-AUTO/part-061820_698012-020963.parquet,real_data_sample\l2_unseen_validation\trade_date=2026-07-17\exchange=NSE\symbol=BAJAJ-AUTO\part-061820_698012-020963.parquet,35181,downloaded,35181,
2026-07-17,NSE,BAJAJ-AUTO,raw_l2/trade_date=2026-07-17/exchange=NSE/symbol=BAJAJ-AUTO/part-061903_715915-021059.parquet,real_data_sample\l2_unseen_validation\trade_date=2026-07-17\exchange=NSE\symbol=BAJAJ-AUTO\part-061903_715915-021059.parquet,35191,downloaded,35191,
2026-07-17,NSE,BAJAJ-AUTO,raw_l2/trade_date=2026-07-17/exchange=NSE/symbol=BAJAJ-AUTO/part-061946_759074-021155.parquet,real_data_sample\l2_unseen_validation\trade_date=2026-07-17\exchange=NSE\symbol=BAJAJ-AUTO\part-061946_759074-021155.parquet,35379,downloaded,35379,
2026-07-17,NSE,BAJAJ-AUTO,raw_l2/trade_date=2026-07-17/exchange=NSE/symbol=BAJAJ-AUTO/part-061849_714996-021027.parquet,real_data_sample\l2_unseen_validation\trade_date=2026-07-17\exchange=NSE\symbol=BAJAJ-AUTO\part-061849_714996-021027.parquet,35121,downloaded,35121,
2026-07-17,NSE,BAJAJ-AUTO,raw_l2/trade_date=2026-07-17/exchange=NSE/symbol=BAJAJ-AUTO/part-061806_454577-020931.parquet,real_data_sample\l2_unseen_validation\trade_date=2026-07-17\exchange=NSE\symbol=BAJAJ-AUTO\part-061806_454577-020931.parquet,35513,downloaded,35513,
2026-07-17,NSE,BAJAJ-AUTO,raw_l2/trade_date=2026-07-17/exchange=NSE/symbol=BAJAJ-AUTO/part-062001_004170-021187.parquet,real_data_sample\l2_unseen_validation\trade_date=2026-07-17\exchange=NSE\symbol=BAJAJ-AUTO\part-062001_004170-021187.parquet,35197,downloaded,35197,
2026-07-17,NSE,BAJAJ-AUTO,raw_l2/trade_date=2026-07-17/exchange=NSE/symbol=BAJAJ-AUTO/part-061458_522599-020515.parquet,real_data_sample\l2_unseen_validation\trade_date=2026-07-17\exchange=NSE\symbol=BAJAJ-AUTO\part-061458_522599-020515.parquet,36211,downloaded,36211,
2026-07-17,NSE,BAJAJ-AUTO,raw_l2/trade_date=2026-07-17/exchange=NSE/symbol=BAJAJ-AUTO/part-062015_208131-021219.parquet,real_data_sample\l2_unseen_validation\trade_date=2026-07-17\exchange=NSE\symbol=BAJAJ-AUTO\part-062015_208131-021219.parquet,35244,downloaded,35244,
2026-07-17,NSE,BAJAJ-AUTO,raw_l2/trade_date=2026-07-17/exchange=NSE/symbol=BAJAJ-AUTO/part-062029_211498-021251.parquet,real_data_sample\l2_unseen_validation\trade_date=2026-07-17\exchange=NSE\symbol=BAJAJ-AUTO\part-062029_211498-021251.parquet,35112,downloaded,35112,
2026-07-17,NSE,BAJAJ-AUTO,raw_l2/trade_date=2026-07-17/exchange=NSE/symbol=BAJAJ-AUTO/part-061835_296841-020995.parquet,real_data_sample\l2_unseen_validation\trade_date=2026-07-17\exchange=NSE\symbol=BAJAJ-AUTO\part-061835_296841-020995.parquet,35477,downloaded,35477,
2026-07-17,NSE,BAJAJ-AUTO,raw_l2/trade_date=2026-07-17/exchange=NSE/symbol=BAJAJ-AUTO/part-062058_458898-021315.parquet,real_data_sample\l2_unseen_validation\trade_date=2026-07-17\exchange=NSE\symbol=BAJAJ-AUTO\part-062058_458898-021315.parquet,35158,downloaded,35158,
2026-07-17,NSE,BAJAJ-AUTO,raw_l2/trade_date=2026-07-17/exchange=NSE/symbol=BAJAJ-AUTO/part-061723_232419-020835.parquet,real_data_sample\l2_unseen_validation\trade_date=2026-07-17\exchange=NSE\symbol=BAJAJ-AUTO\part-061723_232419-020835.parquet,35612,downloaded,35612,
2026-07-17,NSE,BAJAJ-AUTO,raw_l2/trade_date=2026-07-17/exchange=NSE/symbol=BAJAJ-AUTO/part-062113_051678-021347.parquet,real_data_sample\l2_unseen_validation\trade_date=2026-07-17\exchange=NSE\symbol=BAJAJ-AUTO\part-062113_051678-021347.parquet,35199,downloaded,35199,
2026-07-17,NSE,BAJAJ-AUTO,raw_l2/trade_date=2026-07-17/exchange=NSE/symbol=BAJAJ-AUTO/part-061737_275586-020867.parquet,real_data_sample\l2_unseen_validation\trade_date=2026-07-17\exchange=NSE\symbol=BAJAJ-AUTO\part-061737_275586-020867.parquet,35581,downloaded,35581,
2026-07-17,NSE,BAJAJ-AUTO,raw_l2/trade_date=2026-07-17/exchange=NSE/symbol=BAJAJ-AUTO/part-061541_734769-020611.parquet,real_data_sample\l2_unseen_validation\trade_date=2026-07-17\exchange=NSE\symbol=BAJAJ-AUTO\part-061541_734769-020611.parquet,35211,downloaded,35211,
2026-07-17,NSE,BAJAJ-AUTO,raw_l2/trade_date=2026-07-17/exchange=NSE/symbol=BAJAJ-AUTO/part-061527_505826-020579.parquet,real_data_sample\l2_unseen_validation\trade_date=2026-07-17\exchange=NSE\symbol=BAJAJ-AUTO\part-061527_505826-020579.parquet,35750,downloaded,35750,
2026-07-17,NSE,BAJAJ-AUTO,raw_l2/trade_date=2026-07-17/exchange=NSE/symbol=BAJAJ-AUTO/part-061708_973372-020803.parquet,real_data_sample\l2_unseen_validation\trade_date=2026-07-17\exchange=NSE\symbol=BAJAJ-AUTO\part-061708_973372-020803.parquet,35466,downloaded,35466,
2026-07-17,NSE,BAJAJ-AUTO,raw_l2/trade_date=2026-07-17/exchange=NSE/symbol=BAJAJ-AUTO/part-061654_696441-020771.parquet,real_data_sample\l2_unseen_validation\trade_date=2026-07-17\exchange=NSE\symbol=BAJAJ-AUTO\part-061654_696441-020771.parquet,35435,downloaded,35435,
2026-07-17,NSE,BAJAJ-AUTO,raw_l2/trade_date=2026-07-17/exchange=NSE/symbol=BAJAJ-AUTO/part-061513_043910-020547.parquet,real_data_sample\l2_unseen_validation\trade_date=2026-07-17\exchange=NSE\symbol=BAJAJ-AUTO\part-061513_043910-020547.parquet,35833,downloaded,35833,
2026-07-17,NSE,BAJAJ-AUTO,raw_l2/trade_date=2026-07-17/exchange=NSE/symbol=BAJAJ-AUTO/part-062127_202149-021379.parquet,real_data_sample\l2_unseen_validation\trade_date=2026-07-17\exchange=NSE\symbol=BAJAJ-AUTO\part-062127_202149-021379.parquet,35012,downloaded,35012,
2026-07-17,NSE,BAJAJ-AUTO,raw_l2/trade_date=2026-07-17/exchange=NSE/symbol=BAJAJ-AUTO/part-062141_202842-021411.parquet,real_data_sample\l2_unseen_validation\trade_date=2026-07-17\exchange=NSE\symbol=BAJAJ-AUTO\part-062141_202842-021411.parquet,35143,downloaded,35143,
2026-07-17,NSE,BAJAJ-AUTO,raw_l2/trade_date=2026-07-17/exchange=NSE/symbol=BAJAJ-AUTO/part-062155_241146-021443.parquet,real_data_sample\l2_unseen_validation\trade_date=2026-07-17\exchange=NSE\symbol=BAJAJ-AUTO\part-062155_241146-021443.parquet,35132,downloaded,35132,
2026-07-17,NSE,BAJAJ-AUTO,raw_l2/trade_date=2026-07-17/exchange=NSE/symbol=BAJAJ-AUTO/part-062209_495132-021475.parquet,real_data_sample\l2_unseen_validation\trade_date=2026-07-17\exchange=NSE\symbol=BAJAJ-AUTO\part-062209_495132-021475.parquet,35573,downloaded,35573,
2026-07-17,NSE,BAJAJ-AUTO,raw_l2/trade_date=2026-07-17/exchange=NSE/symbol=BAJAJ-AUTO/part-062321_226683-021635.parquet,real_data_sample\l2_unseen_validation\trade_date=2026-07-17\exchange=NSE\symbol=BAJAJ-AUTO\part-062321_226683-021635.parquet,35527,downloaded,35527,
2026-07-17,NSE,BAJAJ-AUTO,raw_l2/trade_date=2026-07-17/exchange=NSE/symbol=BAJAJ-AUTO/part-062306_756262-021603.parquet,real_data_sample\l2_unseen_validation\trade_date=2026-07-17\exchange=NSE\symbol=BAJAJ-AUTO\part-062306_756262-021603.parquet,35336,downloaded,35336,
2026-07-17,NSE,BAJAJ-AUTO,raw_l2/trade_date=2026-07-17/exchange=NSE/symbol=BAJAJ-AUTO/part-062238_250265-021539.parquet,real_data_sample\l2_unseen_validation\trade_date=2026-07-17\exchange=NSE\symbol=BAJAJ-AUTO\part-062238_250265-021539.parquet,35259,downloaded,35259,
2026-07-17,NSE,BAJAJ-AUTO,raw_l2/trade_date=2026-07-17/exchange=NSE/symbol=BAJAJ-AUTO/part-062349_478867-021699.parquet,real_data_sample\l2_unseen_validation\trade_date=2026-07-17\exchange=NSE\symbol=BAJAJ-AUTO\part-062349_478867-021699.parquet,34995,downloaded,34995,
2026-07-17,NSE,BAJAJ-AUTO,raw_l2/trade_date=2026-07-17/exchange=NSE/symbol=BAJAJ-AUTO/part-062252_476473-021571.parquet,real_data_sample\l2_unseen_validation\trade_date=2026-07-17\exchange=NSE\symbol=BAJAJ-AUTO\part-062252_476473-021571.parquet,35329,downloaded,35329,
2026-07-17,NSE,BAJAJ-AUTO,raw_l2/trade_date=2026-07-17/exchange=NSE/symbol=BAJAJ-AUTO/part-062652_734384-022115.parquet,real_data_sample\l2_unseen_validation\trade_date=2026-07-17\exchange=NSE\symbol=BAJAJ-AUTO\part-062652_734384-022115.parquet,35217,downloaded,35217,
2026-07-17,NSE,BAJAJ-AUTO,raw_l2/trade_date=2026-07-17/exchange=NSE/symbol=BAJAJ-AUTO/part-062335_503120-021667.parquet,real_data_sample\l2_unseen_validation\trade_date=2026-07-17\exchange=NSE\symbol=BAJAJ-AUTO\part-062335_503120-021667.parquet,35418,downloaded,35418,
2026-07-17,NSE,BAJAJ-AUTO,raw_l2/trade_date=2026-07-17/exchange=NSE/symbol=BAJAJ-AUTO/part-062431_719384-021795.parquet,real_data_sample\l2_unseen_validation\trade_date=2026-07-17\exchange=NSE\symbol=BAJAJ-AUTO\part-062431_719384-021795.parquet,35343,downloaded,35343,
2026-07-17,NSE,BAJAJ-AUTO,raw_l2/trade_date=2026-07-17/exchange=NSE/symbol=BAJAJ-AUTO/part-062706_716514-022147.parquet,real_data_sample\l2_unseen_validation\trade_date=2026-07-17\exchange=NSE\symbol=BAJAJ-AUTO\part-062706_716514-022147.parquet,35378,downloaded,35378,
2026-07-17,NSE,BAJAJ-AUTO,raw_l2/trade_date=2026-07-17/exchange=NSE/symbol=BAJAJ-AUTO/part-062914_969938-022435.parquet,real_data_sample\l2_unseen_validation\trade_date=2026-07-17\exchange=NSE\symbol=BAJAJ-AUTO\part-062914_969938-022435.parquet,35316,downloaded,35316,
2026-07-17,NSE,BAJAJ-AUTO,raw_l2/trade_date=2026-07-17/exchange=NSE/symbol=BAJAJ-AUTO/part-062403_473859-021731.parquet,real_data_sample\l2_unseen_validation\trade_date=2026-07-17\exchange=NSE\symbol=BAJAJ-AUTO\part-062403_473859-021731.parquet,35299,downloaded,35299,
2026-07-17,NSE,BAJAJ-AUTO,raw_l2/trade_date=2026-07-17/exchange=NSE/symbol=BAJAJ-AUTO/part-062223_999515-021507.parquet,real_data_sample\l2_unseen_validation\trade_date=2026-07-17\exchange=NSE\symbol=BAJAJ-AUTO\part-062223_999515-021507.parquet,35422,downloaded,35422,
2026-07-17,NSE,BAJAJ-AUTO,raw_l2/trade_date=2026-07-17/exchange=NSE/symbol=BAJAJ-AUTO/part-062735_486396-022211.parquet,real_data_sample\l2_unseen_validation\trade_date=2026-07-17\exchange=NSE\symbol=BAJAJ-AUTO\part-062735_486396-022211.parquet,35383,downloaded,35383,
2026-07-17,NSE,BAJAJ-AUTO,raw_l2/trade_date=2026-07-17/exchange=NSE/symbol=BAJAJ-AUTO/part-062749_966298-022243.parquet,real_data_sample\l2_unseen_validation\trade_date=2026-07-17\exchange=NSE\symbol=BAJAJ-AUTO\part-062749_966298-022243.parquet,35437,downloaded,35437,
2026-07-17,NSE,BAJAJ-AUTO,raw_l2/trade_date=2026-07-17/exchange=NSE/symbol=BAJAJ-AUTO/part-062445_984559-021827.parquet,real_data_sample\l2_unseen_validation\trade_date=2026-07-17\exchange=NSE\symbol=BAJAJ-AUTO\part-062445_984559-021827.parquet,35494,downloaded,35494,
2026-07-17,NSE,BAJAJ-AUTO,raw_l2/trade_date=2026-07-17/exchange=NSE/symbol=BAJAJ-AUTO/part-062832_708136-022339.parquet,real_data_sample\l2_unseen_validation\trade_date=2026-07-17\exchange=NSE\symbol=BAJAJ-AUTO\part-062832_708136-022339.parquet,35552,downloaded,35552,
2026-07-17,NSE,BAJAJ-AUTO,raw_l2/trade_date=2026-07-17/exchange=NSE/symbol=BAJAJ-AUTO/part-062818_468575-022307.parquet,real_data_sample\l2_unseen_validation\trade_date=2026-07-17\exchange=NSE\symbol=BAJAJ-AUTO\part-062818_468575-022307.parquet,35582,downloaded,35582,
2026-07-17,NSE,BAJAJ-AUTO,raw_l2/trade_date=2026-07-17/exchange=NSE/symbol=BAJAJ-AUTO/part-062417_731379-021763.parquet,real_data_sample\l2_unseen_validation\trade_date=2026-07-17\exchange=NSE\symbol=BAJAJ-AUTO\part-062417_731379-021763.parquet,35331,downloaded,35331,
2026-07-17,NSE,BAJAJ-AUTO,raw_l2/trade_date=2026-07-17/exchange=NSE/symbol=BAJAJ-AUTO/part-062900_965564-022403.parquet,real_data_sample\l2_unseen_validation\trade_date=2026-07-17\exchange=NSE\symbol=BAJAJ-AUTO\part-062900_965564-022403.parquet,35808,downloaded,35808,
2026-07-17,NSE,BAJAJ-AUTO,raw_l2/trade_date=2026-07-17/exchange=NSE/symbol=BAJAJ-AUTO/part-062624_217804-022051.parquet,real_data_sample\l2_unseen_validation\trade_date=2026-07-17\exchange=NSE\symbol=BAJAJ-AUTO\part-062624_217804-022051.parquet,35137,downloaded,35137,
2026-07-17,NSE,BAJAJ-AUTO,raw_l2/trade_date=2026-07-17/exchange=NSE/symbol=BAJAJ-AUTO/part-062610_221216-022019.parquet,real_data_sample\l2_unseen_validation\trade_date=2026-07-17\exchange=NSE\symbol=BAJAJ-AUTO\part-062610_221216-022019.parquet,35409,downloaded,35409,
2026-07-17,NSE,BAJAJ-AUTO,raw_l2/trade_date=2026-07-17/exchange=NSE/symbol=BAJAJ-AUTO/part-062542_233898-021955.parquet,real_data_sample\l2_unseen_validation\trade_date=2026-07-17\exchange=NSE\symbol=BAJAJ-AUTO\part-062542_233898-021955.parquet,35061,downloaded,35061,
2026-07-17,NSE,BAJAJ-AUTO,raw_l2/trade_date=2026-07-17/exchange=NSE/symbol=BAJAJ-AUTO/part-062638_470159-022083.parquet,real_data_sample\l2_unseen_validation\trade_date=2026-07-17\exchange=NSE\symbol=BAJAJ-AUTO\part-062638_470159-022083.parquet,35113,downloaded,35113,
2026-07-17,NSE,BAJAJ-AUTO,raw_l2/trade_date=2026-07-17/exchange=NSE/symbol=BAJAJ-AUTO/part-062528_258345-021923.parquet,real_data_sample\l2_unseen_validation\trade_date=2026-07-17\exchange=NSE\symbol=BAJAJ-AUTO\part-062528_258345-021923.parquet,35398,downloaded,35398,
2026-07-17,NSE,BAJAJ-AUTO,raw_l2/trade_date=2026-07-17/exchange=NSE/symbol=BAJAJ-AUTO/part-062721_496066-022179.parquet,real_data_sample\l2_unseen_validation\trade_date=2026-07-17\exchange=NSE\symbol=BAJAJ-AUTO\part-062721_496066-022179.parquet,35505,downloaded,35505,
2026-07-17,NSE,BAJAJ-AUTO,raw_l2/trade_date=2026-07-17/exchange=NSE/symbol=BAJAJ-AUTO/part-062804_231656-022275.parquet,real_data_sample\l2_unseen_validation\trade_date=2026-07-17\exchange=NSE\symbol=BAJAJ-AUTO\part-062804_231656-022275.parquet,35526,downloaded,35526,
2026-07-17,NSE,BAJAJ-AUTO,raw_l2/trade_date=2026-07-17/exchange=NSE/symbol=BAJAJ-AUTO/part-062459_981821-021859.parquet,real_data_sample\l2_unseen_validation\trade_date=2026-07-17\exchange=NSE\symbol=BAJAJ-AUTO\part-062459_981821-021859.parquet,35331,downloaded,35331,
2026-07-17,NSE,BAJAJ-AUTO,raw_l2/trade_date=2026-07-17/exchange=NSE/symbol=BAJAJ-AUTO/part-062514_455754-021891.parquet,real_data_sample\l2_unseen_validation\trade_date=2026-07-17\exchange=NSE\symbol=BAJAJ-AUTO\part-062514_455754-021891.parquet,35226,downloaded,35226,
2026-07-17,NSE,BAJAJ-AUTO,raw_l2/trade_date=2026-07-17/exchange=NSE/symbol=BAJAJ-AUTO/part-062846_989034-022371.parquet,real_data_sample\l2_unseen_validation\trade_date=2026-07-17\exchange=NSE\symbol=BAJAJ-AUTO\part-062846_989034-022371.parquet,35668,downloaded,35668,
2026-07-17,NSE,BAJAJ-AUTO,raw_l2/trade_date=2026-07-17/exchange=NSE/symbol=BAJAJ-AUTO/part-062929_799603-022467.parquet,real_data_sample\l2_unseen_validation\trade_date=2026-07-17\exchange=NSE\symbol=BAJAJ-AUTO\part-062929_799603-022467.parquet,35173,downloaded,35173,
2026-07-17,NSE,BAJAJ-AUTO,raw_l2/trade_date=2026-07-17/exchange=NSE/symbol=BAJAJ-AUTO/part-062556_218083-021987.parquet,real_data_sample\l2_unseen_validation\trade_date=2026-07-17\exchange=NSE\symbol=BAJAJ-AUTO\part-062556_218083-021987.parquet,35168,downloaded,35168,
2026-07-17,NSE,BAJAJ-AUTO,raw_l2/trade_date=2026-07-17/exchange=NSE/symbol=BAJAJ-AUTO/part-062944_224158-022499.parquet,real_data_sample\l2_unseen_validation\trade_date=2026-07-17\exchange=NSE\symbol=BAJAJ-AUTO\part-062944_224158-022499.parquet,35435,downloaded,35435,
2026-07-17,NSE,BAJAJ-AUTO,raw_l2/trade_date=2026-07-17/exchange=NSE/symbol=BAJAJ-AUTO/part-063013_238265-022563.parquet,real_data_sample\l2_unseen_validation\trade_date=2026-07-17\exchange=NSE\symbol=BAJAJ-AUTO\part-063013_238265-022563.parquet,35300,downloaded,35300,
2026-07-17,NSE,BAJAJ-AUTO,raw_l2/trade_date=2026-07-17/exchange=NSE/symbol=BAJAJ-AUTO/part-062958_607508-022531.parquet,real_data_sample\l2_unseen_validation\trade_date=2026-07-17\exchange=NSE\symbol=BAJAJ-AUTO\part-062958_607508-022531.parquet,35270,downloaded,35270,
2026-07-17,NSE,BAJAJ-AUTO,raw_l2/trade_date=2026-07-17/exchange=NSE/symbol=BAJAJ-AUTO/part-063027_276309-022595.parquet,real_data_sample\l2_unseen_validation\trade_date=2026-07-17\exchange=NSE\symbol=BAJAJ-AUTO\part-063027_276309-022595.parquet,34767,downloaded,34767,
2026-07-17,NSE,BAJAJ-AUTO,raw_l2/trade_date=2026-07-17/exchange=NSE/symbol=BAJAJ-AUTO/part-063041_479012-022627.parquet,real_data_sample\l2_unseen_validation\trade_date=2026-07-17\exchange=NSE\symbol=BAJAJ-AUTO\part-063041_479012-022627.parquet,34663,downloaded,34663,
2026-07-17,NSE,BAJAJ-AUTO,raw_l2/trade_date=2026-07-17/exchange=NSE/symbol=BAJAJ-AUTO/part-063152_198035-022787.parquet,real_data_sample\l2_unseen_validation\trade_date=2026-07-17\exchange=NSE\symbol=BAJAJ-AUTO\part-063152_198035-022787.parquet,35683,downloaded,35683,
2026-07-17,NSE,BAJAJ-AUTO,raw_l2/trade_date=2026-07-17/exchange=NSE/symbol=BAJAJ-AUTO/part-063138_237233-022755.parquet,real_data_sample\l2_unseen_validation\trade_date=2026-07-17\exchange=NSE\symbol=BAJAJ-AUTO\part-063138_237233-022755.parquet,35571,downloaded,35571,
2026-07-17,NSE,BAJAJ-AUTO,raw_l2/trade_date=2026-07-17/exchange=NSE/symbol=BAJAJ-AUTO/part-063055_460705-022659.parquet,real_data_sample\l2_unseen_validation\trade_date=2026-07-17\exchange=NSE\symbol=BAJAJ-AUTO\part-063055_460705-022659.parquet,34621,downloaded,34621,
2026-07-17,NSE,BAJAJ-AUTO,raw_l2/trade_date=2026-07-17/exchange=NSE/symbol=BAJAJ-AUTO/part-063109_456613-022691.parquet,real_data_sample\l2_unseen_validation\trade_date=2026-07-17\exchange=NSE\symbol=BAJAJ-AUTO\part-063109_456613-022691.parquet,34623,downloaded,34623,
2026-07-17,NSE,BAJAJ-AUTO,raw_l2/trade_date=2026-07-17/exchange=NSE/symbol=BAJAJ-AUTO/part-063123_983817-022723.parquet,real_data_sample\l2_unseen_validation\trade_date=2026-07-17\exchange=NSE\symbol=BAJAJ-AUTO\part-063123_983817-022723.parquet,35773,downloaded,35773,
2026-07-17,NSE,BAJAJ-AUTO,raw_l2/trade_date=2026-07-17/exchange=NSE/symbol=BAJAJ-AUTO/part-063205_953762-022819.parquet,real_data_sample\l2_unseen_validation\trade_date=2026-07-17\exchange=NSE\symbol=BAJAJ-AUTO\part-063205_953762-022819.parquet,35396,downloaded,35396,
2026-07-17,NSE,BAJAJ-AUTO,raw_l2/trade_date=2026-07-17/exchange=NSE/symbol=BAJAJ-AUTO/part-063301_989699-022947.parquet,real_data_sample\l2_unseen_validation\trade_date=2026-07-17\exchange=NSE\symbol=BAJAJ-AUTO\part-063301_989699-022947.parquet,35471,downloaded,35471,
2026-07-17,NSE,BAJAJ-AUTO,raw_l2/trade_date=2026-07-17/exchange=NSE/symbol=BAJAJ-AUTO/part-063316_210754-022979.parquet,real_data_sample\l2_unseen_validation\trade_date=2026-07-17\exchange=NSE\symbol=BAJAJ-AUTO\part-063316_210754-022979.parquet,35461,downloaded,35461,
2026-07-17,NSE,BAJAJ-AUTO,raw_l2/trade_date=2026-07-17/exchange=NSE/symbol=BAJAJ-AUTO/part-063344_968281-023043.parquet,real_data_sample\l2_unseen_validation\trade_date=2026-07-17\exchange=NSE\symbol=BAJAJ-AUTO\part-063344_968281-023043.parquet,35191,downloaded,35191,
2026-07-17,NSE,BAJAJ-AUTO,raw_l2/trade_date=2026-07-17/exchange=NSE/symbol=BAJAJ-AUTO/part-063330_726601-023011.parquet,real_data_sample\l2_unseen_validation\trade_date=2026-07-17\exchange=NSE\symbol=BAJAJ-AUTO\part-063330_726601-023011.parquet,35396,downloaded,35396,
2026-07-17,NSE,BAJAJ-AUTO,raw_l2/trade_date=2026-07-17/exchange=NSE/symbol=BAJAJ-AUTO/part-063247_953554-022915.parquet,real_data_sample\l2_unseen_validation\trade_date=2026-07-17\exchange=NSE\symbol=BAJAJ-AUTO\part-063247_953554-022915.parquet,35350,downloaded,35350,
2026-07-17,NSE,BAJAJ-AUTO,raw_l2/trade_date=2026-07-17/exchange=NSE/symbol=BAJAJ-AUTO/part-063358_994882-023075.parquet,real_data_sample\l2_unseen_validation\trade_date=2026-07-17\exchange=NSE\symbol=BAJAJ-AUTO\part-063358_994882-023075.parquet,35229,downloaded,35229,
2026-07-17,NSE,BAJAJ-AUTO,raw_l2/trade_date=2026-07-17/exchange=NSE/symbol=BAJAJ-AUTO/part-063413_215042-023107.parquet,real_data_sample\l2_unseen_validation\trade_date=2026-07-17\exchange=NSE\symbol=BAJAJ-AUTO\part-063413_215042-023107.parquet,35257,downloaded,35257,
2026-07-17,NSE,BAJAJ-AUTO,raw_l2/trade_date=2026-07-17/exchange=NSE/symbol=BAJAJ-AUTO/part-063427_229909-023139.parquet,real_data_sample\l2_unseen_validation\trade_date=2026-07-17\exchange=NSE\symbol=BAJAJ-AUTO\part-063427_229909-023139.parquet,35500,downloaded,35500,
2026-07-17,NSE,BAJAJ-AUTO,raw_l2/trade_date=2026-07-17/exchange=NSE/symbol=BAJAJ-AUTO/part-063219_956686-022851.parquet,real_data_sample\l2_unseen_validation\trade_date=2026-07-17\exchange=NSE\symbol=BAJAJ-AUTO\part-063219_956686-022851.parquet,35249,downloaded,35249,
2026-07-17,NSE,BAJAJ-AUTO,raw_l2/trade_date=2026-07-17/exchange=NSE/symbol=BAJAJ-AUTO/part-063233_954830-022883.parquet,real_data_sample\l2_unseen_validation\trade_date=2026-07-17\exchange=NSE\symbol=BAJAJ-AUTO\part-063233_954830-022883.parquet,35528,downloaded,35528,
2026-07-17,NSE,BAJAJ-AUTO,raw_l2/trade_date=2026-07-17/exchange=NSE/symbol=BAJAJ-AUTO/part-063523_473052-023267.parquet,real_data_sample\l2_unseen_validation\trade_date=2026-07-17\exchange=NSE\symbol=BAJAJ-AUTO\part-063523_473052-023267.parquet,35284,downloaded,35284,
2026-07-17,NSE,BAJAJ-AUTO,raw_l2/trade_date=2026-07-17/exchange=NSE/symbol=BAJAJ-AUTO/part-063455_208668-023203.parquet,real_data_sample\l2_unseen_validation\trade_date=2026-07-17\exchange=NSE\symbol=BAJAJ-AUTO\part-063455_208668-023203.parquet,35363,downloaded,35363,
2026-07-17,NSE,BAJAJ-AUTO,raw_l2/trade_date=2026-07-17/exchange=NSE/symbol=BAJAJ-AUTO/part-063509_223710-023235.parquet,real_data_sample\l2_unseen_validation\trade_date=2026-07-17\exchange=NSE\symbol=BAJAJ-AUTO\part-063509_223710-023235.parquet,35492,downloaded,35492,
2026-07-17,NSE,BAJAJ-AUTO,raw_l2/trade_date=2026-07-17/exchange=NSE/symbol=BAJAJ-AUTO/part-063441_205060-023171.parquet,real_data_sample\l2_unseen_validation\trade_date=2026-07-17\exchange=NSE\symbol=BAJAJ-AUTO\part-063441_205060-023171.parquet,35169,downloaded,35169,
2026-07-17,NSE,BAJAJ-AUTO,raw_l2/trade_date=2026-07-17/exchange=NSE/symbol=BAJAJ-AUTO/part-063537_462026-023299.parquet,real_data_sample\l2_unseen_validation\trade_date=2026-07-17\exchange=NSE\symbol=BAJAJ-AUTO\part-063537_462026-023299.parquet,35523,downloaded,35523,
2026-07-17,NSE,BAJAJ-AUTO,raw_l2/trade_date=2026-07-17/exchange=NSE/symbol=BAJAJ-AUTO/part-063743_203902-023587.parquet,real_data_sample\l2_unseen_validation\trade_date=2026-07-17\exchange=NSE\symbol=BAJAJ-AUTO\part-063743_203902-023587.parquet,35208,downloaded,35208,
2026-07-17,NSE,BAJAJ-AUTO,raw_l2/trade_date=2026-07-17/exchange=NSE/symbol=BAJAJ-AUTO/part-063647_202218-023459.parquet,real_data_sample\l2_unseen_validation\trade_date=2026-07-17\exchange=NSE\symbol=BAJAJ-AUTO\part-063647_202218-023459.parquet,35180,downloaded,35180,
2026-07-17,NSE,BAJAJ-AUTO,raw_l2/trade_date=2026-07-17/exchange=NSE/symbol=BAJAJ-AUTO/part-063810_725628-023651.parquet,real_data_sample\l2_unseen_validation\trade_date=2026-07-17\exchange=NSE\symbol=BAJAJ-AUTO\part-063810_725628-023651.parquet,35207,downloaded,35207,
2026-07-17,NSE,BAJAJ-AUTO,raw_l2/trade_date=2026-07-17/exchange=NSE/symbol=BAJAJ-AUTO/part-063605_192699-023363.parquet,real_data_sample\l2_unseen_validation\trade_date=2026-07-17\exchange=NSE\symbol=BAJAJ-AUTO\part-063605_192699-023363.parquet,35298,downloaded,35298,
2026-07-17,NSE,BAJAJ-AUTO,raw_l2/trade_date=2026-07-17/exchange=NSE/symbol=BAJAJ-AUTO/part-063701_234402-023491.parquet,real_data_sample\l2_unseen_validation\trade_date=2026-07-17\exchange=NSE\symbol=BAJAJ-AUTO\part-063701_234402-023491.parquet,35174,downloaded,35174,
2026-07-17,NSE,BAJAJ-AUTO,raw_l2/trade_date=2026-07-17/exchange=NSE/symbol=BAJAJ-AUTO/part-063729_191292-023555.parquet,real_data_sample\l2_unseen_validation\trade_date=2026-07-17\exchange=NSE\symbol=BAJAJ-AUTO\part-063729_191292-023555.parquet,34954,downloaded,34954,
2026-07-17,NSE,BAJAJ-AUTO,raw_l2/trade_date=2026-07-17/exchange=NSE/symbol=BAJAJ-AUTO/part-063756_959657-023619.parquet,real_data_sample\l2_unseen_validation\trade_date=2026-07-17\exchange=NSE\symbol=BAJAJ-AUTO\part-063756_959657-023619.parquet,35381,downloaded,35381,
2026-07-17,NSE,BAJAJ-AUTO,raw_l2/trade_date=2026-07-17/exchange=NSE/symbol=BAJAJ-AUTO/part-063619_239259-023395.parquet,real_data_sample\l2_unseen_validation\trade_date=2026-07-17\exchange=NSE\symbol=BAJAJ-AUTO\part-063619_239259-023395.parquet,35467,downloaded,35467,
2026-07-17,NSE,BAJAJ-AUTO,raw_l2/trade_date=2026-07-17/exchange=NSE/symbol=BAJAJ-AUTO/part-063633_216138-023427.parquet,real_data_sample\l2_unseen_validation\trade_date=2026-07-17\exchange=NSE\symbol=BAJAJ-AUTO\part-063633_216138-023427.parquet,35133,downloaded,35133,
2026-07-17,NSE,BAJAJ-AUTO,raw_l2/trade_date=2026-07-17/exchange=NSE/symbol=BAJAJ-AUTO/part-063715_220088-023523.parquet,real_data_sample\l2_unseen_validation\trade_date=2026-07-17\exchange=NSE\symbol=BAJAJ-AUTO\part-063715_220088-023523.parquet,34970,downloaded,34970,
2026-07-17,NSE,BAJAJ-AUTO,raw_l2/trade_date=2026-07-17/exchange=NSE/symbol=BAJAJ-AUTO/part-063551_461161-023331.parquet,real_data_sample\l2_unseen_validation\trade_date=2026-07-17\exchange=NSE\symbol=BAJAJ-AUTO\part-063551_461161-023331.parquet,35072,downloaded,35072,
2026-07-17,NSE,BAJAJ-AUTO,raw_l2/trade_date=2026-07-17/exchange=NSE/symbol=BAJAJ-AUTO/part-064142_203192-024131.parquet,real_data_sample\l2_unseen_validation\trade_date=2026-07-17\exchange=NSE\symbol=BAJAJ-AUTO\part-064142_203192-024131.parquet,35286,downloaded,35286,
2026-07-17,NSE,BAJAJ-AUTO,raw_l2/trade_date=2026-07-17/exchange=NSE/symbol=BAJAJ-AUTO/part-063936_209652-023843.parquet,real_data_sample\l2_unseen_validation\trade_date=2026-07-17\exchange=NSE\symbol=BAJAJ-AUTO\part-063936_209652-023843.parquet,35674,downloaded,35674,
2026-07-17,NSE,BAJAJ-AUTO,raw_l2/trade_date=2026-07-17/exchange=NSE/symbol=BAJAJ-AUTO/part-064100_236881-024035.parquet,real_data_sample\l2_unseen_validation\trade_date=2026-07-17\exchange=NSE\symbol=BAJAJ-AUTO\part-064100_236881-024035.parquet,35290,downloaded,35290,
2026-07-17,NSE,BAJAJ-AUTO,raw_l2/trade_date=2026-07-17/exchange=NSE/symbol=BAJAJ-AUTO/part-064046_221886-024003.parquet,real_data_sample\l2_unseen_validation\trade_date=2026-07-17\exchange=NSE\symbol=BAJAJ-AUTO\part-064046_221886-024003.parquet,35247,downloaded,35247,
2026-07-17,NSE,BAJAJ-AUTO,raw_l2/trade_date=2026-07-17/exchange=NSE/symbol=BAJAJ-AUTO/part-063950_201573-023875.parquet,real_data_sample\l2_unseen_validation\trade_date=2026-07-17\exchange=NSE\symbol=BAJAJ-AUTO\part-063950_201573-023875.parquet,36220,downloaded,36220,
2026-07-17,NSE,BAJAJ-AUTO,raw_l2/trade_date=2026-07-17/exchange=NSE/symbol=BAJAJ-AUTO/part-064032_017251-023971.parquet,real_data_sample\l2_unseen_validation\trade_date=2026-07-17\exchange=NSE\symbol=BAJAJ-AUTO\part-064032_017251-023971.parquet,35473,downloaded,35473,
2026-07-17,NSE,BAJAJ-AUTO,raw_l2/trade_date=2026-07-17/exchange=NSE/symbol=BAJAJ-AUTO/part-064223_724674-024227.parquet,real_data_sample\l2_unseen_validation\trade_date=2026-07-17\exchange=NSE\symbol=BAJAJ-AUTO\part-064223_724674-024227.parquet,35479,downloaded,35479,
2026-07-17,NSE,BAJAJ-AUTO,raw_l2/trade_date=2026-07-17/exchange=NSE/symbol=BAJAJ-AUTO/part-064237_460570-024259.parquet,real_data_sample\l2_unseen_validation\trade_date=2026-07-17\exchange=NSE\symbol=BAJAJ-AUTO\part-064237_460570-024259.parquet,35560,downloaded,35560,
2026-07-17,NSE,BAJAJ-AUTO,raw_l2/trade_date=2026-07-17/exchange=NSE/symbol=BAJAJ-AUTO/part-064114_213736-024067.parquet,real_data_sample\l2_unseen_validation\trade_date=2026-07-17\exchange=NSE\symbol=BAJAJ-AUTO\part-064114_213736-024067.parquet,35028,downloaded,35028,
2026-07-17,NSE,BAJAJ-AUTO,raw_l2/trade_date=2026-07-17/exchange=NSE/symbol=BAJAJ-AUTO/part-064003_984476-023907.parquet,real_data_sample\l2_unseen_validation\trade_date=2026-07-17\exchange=NSE\symbol=BAJAJ-AUTO\part-064003_984476-023907.parquet,35500,downloaded,35500,
2026-07-17,NSE,BAJAJ-AUTO,raw_l2/trade_date=2026-07-17/exchange=NSE/symbol=BAJAJ-AUTO/part-064127_950998-024099.parquet,real_data_sample\l2_unseen_validation\trade_date=2026-07-17\exchange=NSE\symbol=BAJAJ-AUTO\part-064127_950998-024099.parquet,35044,downloaded,35044,
2026-07-17,NSE,BAJAJ-AUTO,raw_l2/trade_date=2026-07-17/exchange=NSE/symbol=BAJAJ-AUTO/part-064209_703676-024195.parquet,real_data_sample\l2_unseen_validation\trade_date=2026-07-17\exchange=NSE\symbol=BAJAJ-AUTO\part-064209_703676-024195.parquet,35678,downloaded,35678,
2026-07-17,NSE,BAJAJ-AUTO,raw_l2/trade_date=2026-07-17/exchange=NSE/symbol=BAJAJ-AUTO/part-063922_199056-023811.parquet,real_data_sample\l2_unseen_validation\trade_date=2026-07-17\exchange=NSE\symbol=BAJAJ-AUTO\part-063922_199056-023811.parquet,35223,downloaded,35223,
2026-07-17,NSE,BAJAJ-AUTO,raw_l2/trade_date=2026-07-17/exchange=NSE/symbol=BAJAJ-AUTO/part-063908_244301-023779.parquet,real_data_sample\l2_unseen_validation\trade_date=2026-07-17\exchange=NSE\symbol=BAJAJ-AUTO\part-063908_244301-023779.parquet,35445,downloaded,35445,
2026-07-17,NSE,BAJAJ-AUTO,raw_l2/trade_date=2026-07-17/exchange=NSE/symbol=BAJAJ-AUTO/part-064155_953734-024163.parquet,real_data_sample\l2_unseen_validation\trade_date=2026-07-17\exchange=NSE\symbol=BAJAJ-AUTO\part-064155_953734-024163.parquet,35379,downloaded,35379,
2026-07-17,NSE,BAJAJ-AUTO,raw_l2/trade_date=2026-07-17/exchange=NSE/symbol=BAJAJ-AUTO/part-064017_988922-023939.parquet,real_data_sample\l2_unseen_validation\trade_date=2026-07-17\exchange=NSE\symbol=BAJAJ-AUTO\part-064017_988922-023939.parquet,35620,downloaded,35620,
2026-07-17,NSE,BAJAJ-AUTO,raw_l2/trade_date=2026-07-17/exchange=NSE/symbol=BAJAJ-AUTO/part-063824_986592-023683.parquet,real_data_sample\l2_unseen_validation\trade_date=2026-07-17\exchange=NSE\symbol=BAJAJ-AUTO\part-063824_986592-023683.parquet,35145,downloaded,35145,
2026-07-17,NSE,BAJAJ-AUTO,raw_l2/trade_date=2026-07-17/exchange=NSE/symbol=BAJAJ-AUTO/part-064251_204703-024291.parquet,real_data_sample\l2_unseen_validation\trade_date=2026-07-17\exchange=NSE\symbol=BAJAJ-AUTO\part-064251_204703-024291.parquet,35345,downloaded,35345,
2026-07-17,NSE,BAJAJ-AUTO,raw_l2/trade_date=2026-07-17/exchange=NSE/symbol=BAJAJ-AUTO/part-063839_218679-023715.parquet,real_data_sample\l2_unseen_validation\trade_date=2026-07-17\exchange=NSE\symbol=BAJAJ-AUTO\part-063839_218679-023715.parquet,35253,downloaded,35253,
2026-07-17,NSE,BAJAJ-AUTO,raw_l2/trade_date=2026-07-17/exchange=NSE/symbol=BAJAJ-AUTO/part-064428_194836-024515.parquet,real_data_sample\l2_unseen_validation\trade_date=2026-07-17\exchange=NSE\symbol=BAJAJ-AUTO\part-064428_194836-024515.parquet,35308,downloaded,35308,
2026-07-17,NSE,BAJAJ-AUTO,raw_l2/trade_date=2026-07-17/exchange=NSE/symbol=BAJAJ-AUTO/part-063853_463077-023747.parquet,real_data_sample\l2_unseen_validation\trade_date=2026-07-17\exchange=NSE\symbol=BAJAJ-AUTO\part-063853_463077-023747.parquet,35251,downloaded,35251,
2026-07-17,NSE,BAJAJ-AUTO,raw_l2/trade_date=2026-07-17/exchange=NSE/symbol=BAJAJ-AUTO/part-064441_948600-024547.parquet,real_data_sample\l2_unseen_validation\trade_date=2026-07-17\exchange=NSE\symbol=BAJAJ-AUTO\part-064441_948600-024547.parquet,35555,downloaded,35555,
2026-07-17,NSE,BAJAJ-AUTO,raw_l2/trade_date=2026-07-17/exchange=NSE/symbol=BAJAJ-AUTO/part-064413_948972-024483.parquet,real_data_sample\l2_unseen_validation\trade_date=2026-07-17\exchange=NSE\symbol=BAJAJ-AUTO\part-064413_948972-024483.parquet,35587,downloaded,35587,
2026-07-17,NSE,BAJAJ-AUTO,raw_l2/trade_date=2026-07-17/exchange=NSE/symbol=BAJAJ-AUTO/part-064318_708687-024355.parquet,real_data_sample\l2_unseen_validation\trade_date=2026-07-17\exchange=NSE\symbol=BAJAJ-AUTO\part-064318_708687-024355.parquet,35170,downloaded,35170,
2026-07-17,NSE,BAJAJ-AUTO,raw_l2/trade_date=2026-07-17/exchange=NSE/symbol=BAJAJ-AUTO/part-064304_971605-024323.parquet,real_data_sample\l2_unseen_validation\trade_date=2026-07-17\exchange=NSE\symbol=BAJAJ-AUTO\part-064304_971605-024323.parquet,35392,downloaded,35392,
2026-07-17,NSE,BAJAJ-AUTO,raw_l2/trade_date=2026-07-17/exchange=NSE/symbol=BAJAJ-AUTO/part-064523_688391-024643.parquet,real_data_sample\l2_unseen_validation\trade_date=2026-07-17\exchange=NSE\symbol=BAJAJ-AUTO\part-064523_688391-024643.parquet,35557,downloaded,35557,
2026-07-17,NSE,BAJAJ-AUTO,raw_l2/trade_date=2026-07-17/exchange=NSE/symbol=BAJAJ-AUTO/part-064400_206130-024451.parquet,real_data_sample\l2_unseen_validation\trade_date=2026-07-17\exchange=NSE\symbol=BAJAJ-AUTO\part-064400_206130-024451.parquet,35357,downloaded,35357,
2026-07-17,NSE,BAJAJ-AUTO,raw_l2/trade_date=2026-07-17/exchange=NSE/symbol=BAJAJ-AUTO/part-064346_453680-024419.parquet,real_data_sample\l2_unseen_validation\trade_date=2026-07-17\exchange=NSE\symbol=BAJAJ-AUTO\part-064346_453680-024419.parquet,35480,downloaded,35480,
2026-07-17,NSE,BAJAJ-AUTO,raw_l2/trade_date=2026-07-17/exchange=NSE/symbol=BAJAJ-AUTO/part-064509_695795-024611.parquet,real_data_sample\l2_unseen_validation\trade_date=2026-07-17\exchange=NSE\symbol=BAJAJ-AUTO\part-064509_695795-024611.parquet,35543,downloaded,35543,
2026-07-17,NSE,BAJAJ-AUTO,raw_l2/trade_date=2026-07-17/exchange=NSE/symbol=BAJAJ-AUTO/part-064537_697070-024675.parquet,real_data_sample\l2_unseen_validation\trade_date=2026-07-17\exchange=NSE\symbol=BAJAJ-AUTO\part-064537_697070-024675.parquet,35373,downloaded,35373,
2026-07-17,NSE,BAJAJ-AUTO,raw_l2/trade_date=2026-07-17/exchange=NSE/symbol=BAJAJ-AUTO/part-064332_712405-024387.parquet,real_data_sample\l2_unseen_validation\trade_date=2026-07-17\exchange=NSE\symbol=BAJAJ-AUTO\part-064332_712405-024387.parquet,35468,downloaded,35468,
2026-07-17,NSE,BAJAJ-AUTO,raw_l2/trade_date=2026-07-17/exchange=NSE/symbol=BAJAJ-AUTO/part-064455_742422-024579.parquet,real_data_sample\l2_unseen_validation\trade_date=2026-07-17\exchange=NSE\symbol=BAJAJ-AUTO\part-064455_742422-024579.parquet,35360,downloaded,35360,
2026-07-17,NSE,BAJAJ-AUTO,raw_l2/trade_date=2026-07-17/exchange=NSE/symbol=BAJAJ-AUTO/part-064551_439506-024707.parquet,real_data_sample\l2_unseen_validation\trade_date=2026-07-17\exchange=NSE\symbol=BAJAJ-AUTO\part-064551_439506-024707.parquet,35372,downloaded,35372,
2026-07-17,NSE,BAJAJ-AUTO,raw_l2/trade_date=2026-07-17/exchange=NSE/symbol=BAJAJ-AUTO/part-064605_196468-024739.parquet,real_data_sample\l2_unseen_validation\trade_date=2026-07-17\exchange=NSE\symbol=BAJAJ-AUTO\part-064605_196468-024739.parquet,35572,downloaded,35572,
2026-07-17,NSE,BAJAJ-AUTO,raw_l2/trade_date=2026-07-17/exchange=NSE/symbol=BAJAJ-AUTO/part-064632_713554-024803.parquet,real_data_sample\l2_unseen_validation\trade_date=2026-07-17\exchange=NSE\symbol=BAJAJ-AUTO\part-064632_713554-024803.parquet,35366,downloaded,35366,
2026-07-17,NSE,BAJAJ-AUTO,raw_l2/trade_date=2026-07-17/exchange=NSE/symbol=BAJAJ-AUTO/part-064646_726433-024835.parquet,real_data_sample\l2_unseen_validation\trade_date=2026-07-17\exchange=NSE\symbol=BAJAJ-AUTO\part-064646_726433-024835.parquet,35450,downloaded,35450,
2026-07-17,NSE,BAJAJ-AUTO,raw_l2/trade_date=2026-07-17/exchange=NSE/symbol=BAJAJ-AUTO/part-064618_953676-024771.parquet,real_data_sample\l2_unseen_validation\trade_date=2026-07-17\exchange=NSE\symbol=BAJAJ-AUTO\part-064618_953676-024771.parquet,35596,downloaded,35596,
2026-07-17,NSE,BAJAJ-AUTO,raw_l2/trade_date=2026-07-17/exchange=NSE/symbol=BAJAJ-AUTO/part-064700_698903-024867.parquet,real_data_sample\l2_unseen_validation\trade_date=2026-07-17\exchange=NSE\symbol=BAJAJ-AUTO\part-064700_698903-024867.parquet,35380,downloaded,35380,
2026-07-17,NSE,BAJAJ-AUTO,raw_l2/trade_date=2026-07-17/exchange=NSE/symbol=BAJAJ-AUTO/part-064714_715882-024899.parquet,real_data_sample\l2_unseen_validation\trade_date=2026-07-17\exchange=NSE\symbol=BAJAJ-AUTO\part-064714_715882-024899.parquet,35531,downloaded,35531,
2026-07-17,NSE,BAJAJ-AUTO,raw_l2/trade_date=2026-07-17/exchange=NSE/symbol=BAJAJ-AUTO/part-064728_451599-024931.parquet,real_data_sample\l2_unseen_validation\trade_date=2026-07-17\exchange=NSE\symbol=BAJAJ-AUTO\part-064728_451599-024931.parquet,35298,downloaded,35298,
2026-07-17,NSE,BAJAJ-AUTO,raw_l2/trade_date=2026-07-17/exchange=NSE/symbol=BAJAJ-AUTO/part-064742_476334-024963.parquet,real_data_sample\l2_unseen_validation\trade_date=2026-07-17\exchange=NSE\symbol=BAJAJ-AUTO\part-064742_476334-024963.parquet,35362,downloaded,35362,
2026-07-17,NSE,BAJAJ-AUTO,raw_l2/trade_date=2026-07-17/exchange=NSE/symbol=BAJAJ-AUTO/part-064756_200182-024995.parquet,real_data_sample\l2_unseen_validation\trade_date=2026-07-17\exchange=NSE\symbol=BAJAJ-AUTO\part-064756_200182-024995.parquet,35374,downloaded,35374,
2026-07-17,NSE,BAJAJ-AUTO,raw_l2/trade_date=2026-07-17/exchange=NSE/symbol=BAJAJ-AUTO/part-064809_972075-025027.parquet,real_data_sample\l2_unseen_validation\trade_date=2026-07-17\exchange=NSE\symbol=BAJAJ-AUTO\part-064809_972075-025027.parquet,35526,downloaded,35526,
2026-07-17,NSE,BAJAJ-AUTO,raw_l2/trade_date=2026-07-17/exchange=NSE/symbol=BAJAJ-AUTO/part-064823_982625-025059.parquet,real_data_sample\l2_unseen_validation\trade_date=2026-07-17\exchange=NSE\symbol=BAJAJ-AUTO\part-064823_982625-025059.parquet,35565,downloaded,35565,
2026-07-17,NSE,BAJAJ-AUTO,raw_l2/trade_date=2026-07-17/exchange=NSE/symbol=BAJAJ-AUTO/part-064905_466072-025155.parquet,real_data_sample\l2_unseen_validation\trade_date=2026-07-17\exchange=NSE\symbol=BAJAJ-AUTO\part-064905_466072-025155.parquet,35498,downloaded,35498,
2026-07-17,NSE,BAJAJ-AUTO,raw_l2/trade_date=2026-07-17/exchange=NSE/symbol=BAJAJ-AUTO/part-064837_945616-025091.parquet,real_data_sample\l2_unseen_validation\trade_date=2026-07-17\exchange=NSE\symbol=BAJAJ-AUTO\part-064837_945616-025091.parquet,35405,downloaded,35405,
2026-07-17,NSE,BAJAJ-AUTO,raw_l2/trade_date=2026-07-17/exchange=NSE/symbol=BAJAJ-AUTO/part-065015_209081-025315.parquet,real_data_sample\l2_unseen_validation\trade_date=2026-07-17\exchange=NSE\symbol=BAJAJ-AUTO\part-065015_209081-025315.parquet,35784,downloaded,35784,
2026-07-17,NSE,BAJAJ-AUTO,raw_l2/trade_date=2026-07-17/exchange=NSE/symbol=BAJAJ-AUTO/part-065028_948888-025347.parquet,real_data_sample\l2_unseen_validation\trade_date=2026-07-17\exchange=NSE\symbol=BAJAJ-AUTO\part-065028_948888-025347.parquet,35629,downloaded,35629,
2026-07-17,NSE,BAJAJ-AUTO,raw_l2/trade_date=2026-07-17/exchange=NSE/symbol=BAJAJ-AUTO/part-065317_810362-025731.parquet,real_data_sample\l2_unseen_validation\trade_date=2026-07-17\exchange=NSE\symbol=BAJAJ-AUTO\part-065317_810362-025731.parquet,35267,downloaded,35267,
2026-07-17,NSE,BAJAJ-AUTO,raw_l2/trade_date=2026-07-17/exchange=NSE/symbol=BAJAJ-AUTO/part-065042_964871-025379.parquet,real_data_sample\l2_unseen_validation\trade_date=2026-07-17\exchange=NSE\symbol=BAJAJ-AUTO\part-065042_964871-025379.parquet,35826,downloaded,35826,
2026-07-17,NSE,BAJAJ-AUTO,raw_l2/trade_date=2026-07-17/exchange=NSE/symbol=BAJAJ-AUTO/part-064947_225266-025251.parquet,real_data_sample\l2_unseen_validation\trade_date=2026-07-17\exchange=NSE\symbol=BAJAJ-AUTO\part-064947_225266-025251.parquet,35658,downloaded,35658,
2026-07-17,NSE,BAJAJ-AUTO,raw_l2/trade_date=2026-07-17/exchange=NSE/symbol=BAJAJ-AUTO/part-064851_721699-025123.parquet,real_data_sample\l2_unseen_validation\trade_date=2026-07-17\exchange=NSE\symbol=BAJAJ-AUTO\part-064851_721699-025123.parquet,35490,downloaded,35490,
2026-07-17,NSE,BAJAJ-AUTO,raw_l2/trade_date=2026-07-17/exchange=NSE/symbol=BAJAJ-AUTO/part-065345_464958-025795.parquet,real_data_sample\l2_unseen_validation\trade_date=2026-07-17\exchange=NSE\symbol=BAJAJ-AUTO\part-065345_464958-025795.parquet,35458,downloaded,35458,
2026-07-17,NSE,BAJAJ-AUTO,raw_l2/trade_date=2026-07-17/exchange=NSE/symbol=BAJAJ-AUTO/part-064933_202352-025219.parquet,real_data_sample\l2_unseen_validation\trade_date=2026-07-17\exchange=NSE\symbol=BAJAJ-AUTO\part-064933_202352-025219.parquet,35938,downloaded,35938,
2026-07-17,NSE,BAJAJ-AUTO,raw_l2/trade_date=2026-07-17/exchange=NSE/symbol=BAJAJ-AUTO/part-065207_221181-025571.parquet,real_data_sample\l2_unseen_validation\trade_date=2026-07-17\exchange=NSE\symbol=BAJAJ-AUTO\part-065207_221181-025571.parquet,35672,downloaded,35672,
2026-07-17,NSE,BAJAJ-AUTO,raw_l2/trade_date=2026-07-17/exchange=NSE/symbol=BAJAJ-AUTO/part-065111_214986-025443.parquet,real_data_sample\l2_unseen_validation\trade_date=2026-07-17\exchange=NSE\symbol=BAJAJ-AUTO\part-065111_214986-025443.parquet,35564,downloaded,35564,
2026-07-17,NSE,BAJAJ-AUTO,raw_l2/trade_date=2026-07-17/exchange=NSE/symbol=BAJAJ-AUTO/part-065303_710149-025699.parquet,real_data_sample\l2_unseen_validation\trade_date=2026-07-17\exchange=NSE\symbol=BAJAJ-AUTO\part-065303_710149-025699.parquet,35434,downloaded,35434,
2026-07-17,NSE,BAJAJ-AUTO,raw_l2/trade_date=2026-07-17/exchange=NSE/symbol=BAJAJ-AUTO/part-065057_197352-025411.parquet,real_data_sample\l2_unseen_validation\trade_date=2026-07-17\exchange=NSE\symbol=BAJAJ-AUTO\part-065057_197352-025411.parquet,35662,downloaded,35662,
2026-07-17,NSE,BAJAJ-AUTO,raw_l2/trade_date=2026-07-17/exchange=NSE/symbol=BAJAJ-AUTO/part-065249_470518-025667.parquet,real_data_sample\l2_unseen_validation\trade_date=2026-07-17\exchange=NSE\symbol=BAJAJ-AUTO\part-065249_470518-025667.parquet,35227,downloaded,35227,
2026-07-17,NSE,BAJAJ-AUTO,raw_l2/trade_date=2026-07-17/exchange=NSE/symbol=BAJAJ-AUTO/part-065221_483606-025603.parquet,real_data_sample\l2_unseen_validation\trade_date=2026-07-17\exchange=NSE\symbol=BAJAJ-AUTO\part-065221_483606-025603.parquet,35854,downloaded,35854,
2026-07-17,NSE,BAJAJ-AUTO,raw_l2/trade_date=2026-07-17/exchange=NSE/symbol=BAJAJ-AUTO/part-065153_196396-025539.parquet,real_data_sample\l2_unseen_validation\trade_date=2026-07-17\exchange=NSE\symbol=BAJAJ-AUTO\part-065153_196396-025539.parquet,35673,downloaded,35673,
2026-07-17,NSE,BAJAJ-AUTO,raw_l2/trade_date=2026-07-17/exchange=NSE/symbol=BAJAJ-AUTO/part-064919_449925-025187.parquet,real_data_sample\l2_unseen_validation\trade_date=2026-07-17\exchange=NSE\symbol=BAJAJ-AUTO\part-064919_449925-025187.parquet,35585,downloaded,35585,
2026-07-17,NSE,BAJAJ-AUTO,raw_l2/trade_date=2026-07-17/exchange=NSE/symbol=BAJAJ-AUTO/part-065001_194805-025283.parquet,real_data_sample\l2_unseen_validation\trade_date=2026-07-17\exchange=NSE\symbol=BAJAJ-AUTO\part-065001_194805-025283.parquet,35591,downloaded,35591,
2026-07-17,NSE,BAJAJ-AUTO,raw_l2/trade_date=2026-07-17/exchange=NSE/symbol=BAJAJ-AUTO/part-065235_517001-025635.parquet,real_data_sample\l2_unseen_validation\trade_date=2026-07-17\exchange=NSE\symbol=BAJAJ-AUTO\part-065235_517001-025635.parquet,35600,downloaded,35600,
2026-07-17,NSE,BAJAJ-AUTO,raw_l2/trade_date=2026-07-17/exchange=NSE/symbol=BAJAJ-AUTO/part-065125_201753-025475.parquet,real_data_sample\l2_unseen_validation\trade_date=2026-07-17\exchange=NSE\symbol=BAJAJ-AUTO\part-065125_201753-025475.parquet,35495,downloaded,35495,
2026-07-17,NSE,BAJAJ-AUTO,raw_l2/trade_date=2026-07-17/exchange=NSE/symbol=BAJAJ-AUTO/part-065139_223559-025507.parquet,real_data_sample\l2_unseen_validation\trade_date=2026-07-17\exchange=NSE\symbol=BAJAJ-AUTO\part-065139_223559-025507.parquet,35336,downloaded,35336,
2026-07-17,NSE,BAJAJ-AUTO,raw_l2/trade_date=2026-07-17/exchange=NSE/symbol=BAJAJ-AUTO/part-065413_711483-025859.parquet,real_data_sample\l2_unseen_validation\trade_date=2026-07-17\exchange=NSE\symbol=BAJAJ-AUTO\part-065413_711483-025859.parquet,35569,downloaded,35569,
2026-07-17,NSE,BAJAJ-AUTO,raw_l2/trade_date=2026-07-17/exchange=NSE/symbol=BAJAJ-AUTO/part-065427_733657-025891.parquet,real_data_sample\l2_unseen_validation\trade_date=2026-07-17\exchange=NSE\symbol=BAJAJ-AUTO\part-065427_733657-025891.parquet,35190,downloaded,35190,
2026-07-17,NSE,BAJAJ-AUTO,raw_l2/trade_date=2026-07-17/exchange=NSE/symbol=BAJAJ-AUTO/part-065441_692364-025923.parquet,real_data_sample\l2_unseen_validation\trade_date=2026-07-17\exchange=NSE\symbol=BAJAJ-AUTO\part-065441_692364-025923.parquet,35388,downloaded,35388,
2026-07-17,NSE,BAJAJ-AUTO,raw_l2/trade_date=2026-07-17/exchange=NSE/symbol=BAJAJ-AUTO/part-065455_716478-025955.parquet,real_data_sample\l2_unseen_validation\trade_date=2026-07-17\exchange=NSE\symbol=BAJAJ-AUTO\part-065455_716478-025955.parquet,35437,downloaded,35437,
2026-07-17,NSE,BAJAJ-AUTO,raw_l2/trade_date=2026-07-17/exchange=NSE/symbol=BAJAJ-AUTO/part-065509_958486-025987.parquet,real_data_sample\l2_unseen_validation\trade_date=2026-07-17\exchange=NSE\symbol=BAJAJ-AUTO\part-065509_958486-025987.parquet,35290,downloaded,35290,
2026-07-17,NSE,BAJAJ-AUTO,raw_l2/trade_date=2026-07-17/exchange=NSE/symbol=BAJAJ-AUTO/part-065331_737995-025763.parquet,real_data_sample\l2_unseen_validation\trade_date=2026-07-17\exchange=NSE\symbol=BAJAJ-AUTO\part-065331_737995-025763.parquet,35429,downloaded,35429,
2026-07-17,NSE,BAJAJ-AUTO,raw_l2/trade_date=2026-07-17/exchange=NSE/symbol=BAJAJ-AUTO/part-065359_484741-025827.parquet,real_data_sample\l2_unseen_validation\trade_date=2026-07-17\exchange=NSE\symbol=BAJAJ-AUTO\part-065359_484741-025827.parquet,35479,downloaded,35479,
2026-07-17,NSE,BAJAJ-AUTO,raw_l2/trade_date=2026-07-17/exchange=NSE/symbol=BAJAJ-AUTO/part-065524_017764-026019.parquet,real_data_sample\l2_unseen_validation\trade_date=2026-07-17\exchange=NSE\symbol=BAJAJ-AUTO\part-065524_017764-026019.parquet,34975,downloaded,34975,
2026-07-17,NSE,BAJAJ-AUTO,raw_l2/trade_date=2026-07-17/exchange=NSE/symbol=BAJAJ-AUTO/part-065702_208090-026243.parquet,real_data_sample\l2_unseen_validation\trade_date=2026-07-17\exchange=NSE\symbol=BAJAJ-AUTO\part-065702_208090-026243.parquet,35141,downloaded,35141,
2026-07-17,NSE,BAJAJ-AUTO,raw_l2/trade_date=2026-07-17/exchange=NSE/symbol=BAJAJ-AUTO/part-065552_236064-026083.parquet,real_data_sample\l2_unseen_validation\trade_date=2026-07-17\exchange=NSE\symbol=BAJAJ-AUTO\part-065552_236064-026083.parquet,35201,downloaded,35201,
2026-07-17,NSE,BAJAJ-AUTO,raw_l2/trade_date=2026-07-17/exchange=NSE/symbol=BAJAJ-AUTO/part-065648_208818-026211.parquet,real_data_sample\l2_unseen_validation\trade_date=2026-07-17\exchange=NSE\symbol=BAJAJ-AUTO\part-065648_208818-026211.parquet,35150,downloaded,35150,
2026-07-17,NSE,BAJAJ-AUTO,raw_l2/trade_date=2026-07-17/exchange=NSE/symbol=BAJAJ-AUTO/part-065634_194452-026179.parquet,real_data_sample\l2_unseen_validation\trade_date=2026-07-17\exchange=NSE\symbol=BAJAJ-AUTO\part-065634_194452-026179.parquet,35417,downloaded,35417,
2026-07-17,NSE,BAJAJ-AUTO,raw_l2/trade_date=2026-07-17/exchange=NSE/symbol=BAJAJ-AUTO/part-065826_967395-026435.parquet,real_data_sample\l2_unseen_validation\trade_date=2026-07-17\exchange=NSE\symbol=BAJAJ-AUTO\part-065826_967395-026435.parquet,35812,downloaded,35812,
2026-07-17,NSE,BAJAJ-AUTO,raw_l2/trade_date=2026-07-17/exchange=NSE/symbol=BAJAJ-AUTO/part-065620_226010-026147.parquet,real_data_sample\l2_unseen_validation\trade_date=2026-07-17\exchange=NSE\symbol=BAJAJ-AUTO\part-065620_226010-026147.parquet,35593,downloaded,35593,
2026-07-17,NSE,BAJAJ-AUTO,raw_l2/trade_date=2026-07-17/exchange=NSE/symbol=BAJAJ-AUTO/part-065538_216055-026051.parquet,real_data_sample\l2_unseen_validation\trade_date=2026-07-17\exchange=NSE\symbol=BAJAJ-AUTO\part-065538_216055-026051.parquet,35191,downloaded,35191,
2026-07-17,NSE,BAJAJ-AUTO,raw_l2/trade_date=2026-07-17/exchange=NSE/symbol=BAJAJ-AUTO/part-065841_480722-026467.parquet,real_data_sample\l2_unseen_validation\trade_date=2026-07-17\exchange=NSE\symbol=BAJAJ-AUTO\part-065841_480722-026467.parquet,35255,downloaded,35255,
2026-07-17,NSE,BAJAJ-AUTO,raw_l2/trade_date=2026-07-17/exchange=NSE/symbol=BAJAJ-AUTO/part-065855_746776-026499.parquet,real_data_sample\l2_unseen_validation\trade_date=2026-07-17\exchange=NSE\symbol=BAJAJ-AUTO\part-065855_746776-026499.parquet,35311,downloaded,35311,
2026-07-17,NSE,BAJAJ-AUTO,raw_l2/trade_date=2026-07-17/exchange=NSE/symbol=BAJAJ-AUTO/part-065909_966673-026531.parquet,real_data_sample\l2_unseen_validation\trade_date=2026-07-17\exchange=NSE\symbol=BAJAJ-AUTO\part-065909_966673-026531.parquet,35536,downloaded,35536,
2026-07-17,NSE,BAJAJ-AUTO,raw_l2/trade_date=2026-07-17/exchange=NSE/symbol=BAJAJ-AUTO/part-065924_233411-026563.parquet,real_data_sample\l2_unseen_validation\trade_date=2026-07-17\exchange=NSE\symbol=BAJAJ-AUTO\part-065924_233411-026563.parquet,35439,downloaded,35439,
2026-07-17,NSE,BAJAJ-AUTO,raw_l2/trade_date=2026-07-17/exchange=NSE/symbol=BAJAJ-AUTO/part-065812_716940-026403.parquet,real_data_sample\l2_unseen_validation\trade_date=2026-07-17\exchange=NSE\symbol=BAJAJ-AUTO\part-065812_716940-026403.parquet,35884,downloaded,35884,
2026-07-17,NSE,BAJAJ-AUTO,raw_l2/trade_date=2026-07-17/exchange=NSE/symbol=BAJAJ-AUTO/part-065606_224095-026115.parquet,real_data_sample\l2_unseen_validation\trade_date=2026-07-17\exchange=NSE\symbol=BAJAJ-AUTO\part-065606_224095-026115.parquet,35665,downloaded,35665,
2026-07-17,NSE,BAJAJ-AUTO,raw_l2/trade_date=2026-07-17/exchange=NSE/symbol=BAJAJ-AUTO/part-065758_494011-026371.parquet,real_data_sample\l2_unseen_validation\trade_date=2026-07-17\exchange=NSE\symbol=BAJAJ-AUTO\part-065758_494011-026371.parquet,35617,downloaded,35617,
2026-07-17,NSE,BAJAJ-AUTO,raw_l2/trade_date=2026-07-17/exchange=NSE/symbol=BAJAJ-AUTO/part-065716_212574-026275.parquet,real_data_sample\l2_unseen_validation\trade_date=2026-07-17\exchange=NSE\symbol=BAJAJ-AUTO\part-065716_212574-026275.parquet,35257,downloaded,35257,
2026-07-17,NSE,BAJAJ-AUTO,raw_l2/trade_date=2026-07-17/exchange=NSE/symbol=BAJAJ-AUTO/part-065730_215676-026307.parquet,real_data_sample\l2_unseen_validation\trade_date=2026-07-17\exchange=NSE\symbol=BAJAJ-AUTO\part-065730_215676-026307.parquet,35141,downloaded,35141,
2026-07-17,NSE,BAJAJ-AUTO,raw_l2/trade_date=2026-07-17/exchange=NSE/symbol=BAJAJ-AUTO/part-065744_222720-026339.parquet,real_data_sample\l2_unseen_validation\trade_date=2026-07-17\exchange=NSE\symbol=BAJAJ-AUTO\part-065744_222720-026339.parquet,35076,downloaded,35076,
2026-07-17,NSE,BAJAJ-AUTO,raw_l2/trade_date=2026-07-17/exchange=NSE/symbol=BAJAJ-AUTO/part-065953_726422-026627.parquet,real_data_sample\l2_unseen_validation\trade_date=2026-07-17\exchange=NSE\symbol=BAJAJ-AUTO\part-065953_726422-026627.parquet,35043,downloaded,35043,
2026-07-17,NSE,BAJAJ-AUTO,raw_l2/trade_date=2026-07-17/exchange=NSE/symbol=BAJAJ-AUTO/part-070022_968997-026691.parquet,real_data_sample\l2_unseen_validation\trade_date=2026-07-17\exchange=NSE\symbol=BAJAJ-AUTO\part-070022_968997-026691.parquet,35084,downloaded,35084,
2026-07-17,NSE,BAJAJ-AUTO,raw_l2/trade_date=2026-07-17/exchange=NSE/symbol=BAJAJ-AUTO/part-070051_782078-026755.parquet,real_data_sample\l2_unseen_validation\trade_date=2026-07-17\exchange=NSE\symbol=BAJAJ-AUTO\part-070051_782078-026755.parquet,35166,downloaded,35166,
2026-07-17,NSE,BAJAJ-AUTO,raw_l2/trade_date=2026-07-17/exchange=NSE/symbol=BAJAJ-AUTO/part-070008_260946-026659.parquet,real_data_sample\l2_unseen_validation\trade_date=2026-07-17\exchange=NSE\symbol=BAJAJ-AUTO\part-070008_260946-026659.parquet,35225,downloaded,35225,
2026-07-17,NSE,BAJAJ-AUTO,raw_l2/trade_date=2026-07-17/exchange=NSE/symbol=BAJAJ-AUTO/part-065939_010383-026595.parquet,real_data_sample\l2_unseen_validation\trade_date=2026-07-17\exchange=NSE\symbol=BAJAJ-AUTO\part-065939_010383-026595.parquet,35213,downloaded,35213,
2026-07-17,NSE,BAJAJ-AUTO,raw_l2/trade_date=2026-07-17/exchange=NSE/symbol=BAJAJ-AUTO/part-070037_237635-026723.parquet,real_data_sample\l2_unseen_validation\trade_date=2026-07-17\exchange=NSE\symbol=BAJAJ-AUTO\part-070037_237635-026723.parquet,35194,downloaded,35194,
2026-07-17,NSE,BAJAJ-AUTO,raw_l2/trade_date=2026-07-17/exchange=NSE/symbol=BAJAJ-AUTO/part-070234_965059-026979.parquet,real_data_sample\l2_unseen_validation\trade_date=2026-07-17\exchange=NSE\symbol=BAJAJ-AUTO\part-070234_965059-026979.parquet,35384,downloaded,35384,
2026-07-17,NSE,BAJAJ-AUTO,raw_l2/trade_date=2026-07-17/exchange=NSE/symbol=BAJAJ-AUTO/part-070121_279793-026819.parquet,real_data_sample\l2_unseen_validation\trade_date=2026-07-17\exchange=NSE\symbol=BAJAJ-AUTO\part-070121_279793-026819.parquet,35328,downloaded,35328,
2026-07-17,NSE,BAJAJ-AUTO,raw_l2/trade_date=2026-07-17/exchange=NSE/symbol=BAJAJ-AUTO/part-070135_745880-026851.parquet,real_data_sample\l2_unseen_validation\trade_date=2026-07-17\exchange=NSE\symbol=BAJAJ-AUTO\part-070135_745880-026851.parquet,35370,downloaded,35370,
2026-07-17,NSE,BAJAJ-AUTO,raw_l2/trade_date=2026-07-17/exchange=NSE/symbol=BAJAJ-AUTO/part-070249_229248-027011.parquet,real_data_sample\l2_unseen_validation\trade_date=2026-07-17\exchange=NSE\symbol=BAJAJ-AUTO\part-070249_229248-027011.parquet,35531,downloaded,35531,
2026-07-17,NSE,BAJAJ-AUTO,raw_l2/trade_date=2026-07-17/exchange=NSE/symbol=BAJAJ-AUTO/part-070151_030019-026883.parquet,real_data_sample\l2_unseen_validation\trade_date=2026-07-17\exchange=NSE\symbol=BAJAJ-AUTO\part-070151_030019-026883.parquet,35347,downloaded,35347,
2026-07-17,NSE,BAJAJ-AUTO,raw_l2/trade_date=2026-07-17/exchange=NSE/symbol=BAJAJ-AUTO/part-070626_242908-027491.parquet,real_data_sample\l2_unseen_validation\trade_date=2026-07-17\exchange=NSE\symbol=BAJAJ-AUTO\part-070626_242908-027491.parquet,35281,downloaded,35281,
2026-07-17,NSE,BAJAJ-AUTO,raw_l2/trade_date=2026-07-17/exchange=NSE/symbol=BAJAJ-AUTO/part-070319_247657-027075.parquet,real_data_sample\l2_unseen_validation\trade_date=2026-07-17\exchange=NSE\symbol=BAJAJ-AUTO\part-070319_247657-027075.parquet,35470,downloaded,35470,
2026-07-17,NSE,BAJAJ-AUTO,raw_l2/trade_date=2026-07-17/exchange=NSE/symbol=BAJAJ-AUTO/part-070220_139308-026947.parquet,real_data_sample\l2_unseen_validation\trade_date=2026-07-17\exchange=NSE\symbol=BAJAJ-AUTO\part-070220_139308-026947.parquet,35400,downloaded,35400,
2026-07-17,NSE,BAJAJ-AUTO,raw_l2/trade_date=2026-07-17/exchange=NSE/symbol=BAJAJ-AUTO/part-070640_733809-027523.parquet,real_data_sample\l2_unseen_validation\trade_date=2026-07-17\exchange=NSE\symbol=BAJAJ-AUTO\part-070640_733809-027523.parquet,35284,downloaded,35284,
2026-07-17,NSE,BAJAJ-AUTO,raw_l2/trade_date=2026-07-17/exchange=NSE/symbol=BAJAJ-AUTO/part-070205_542487-026915.parquet,real_data_sample\l2_unseen_validation\trade_date=2026-07-17\exchange=NSE\symbol=BAJAJ-AUTO\part-070205_542487-026915.parquet,35175,downloaded,35175,
2026-07-17,NSE,BAJAJ-AUTO,raw_l2/trade_date=2026-07-17/exchange=NSE/symbol=BAJAJ-AUTO/part-070348_022525-027139.parquet,real_data_sample\l2_unseen_validation\trade_date=2026-07-17\exchange=NSE\symbol=BAJAJ-AUTO\part-070348_022525-027139.parquet,35194,downloaded,35194,
2026-07-17,NSE,BAJAJ-AUTO,raw_l2/trade_date=2026-07-17/exchange=NSE/symbol=BAJAJ-AUTO/part-070304_577692-027043.parquet,real_data_sample\l2_unseen_validation\trade_date=2026-07-17\exchange=NSE\symbol=BAJAJ-AUTO\part-070304_577692-027043.parquet,35527,downloaded,35527,
2026-07-17,NSE,BAJAJ-AUTO,raw_l2/trade_date=2026-07-17/exchange=NSE/symbol=BAJAJ-AUTO/part-070402_469185-027171.parquet,real_data_sample\l2_unseen_validation\trade_date=2026-07-17\exchange=NSE\symbol=BAJAJ-AUTO\part-070402_469185-027171.parquet,35053,downloaded,35053,
2026-07-17,NSE,BAJAJ-AUTO,raw_l2/trade_date=2026-07-17/exchange=NSE/symbol=BAJAJ-AUTO/part-070416_782796-027203.parquet,real_data_sample\l2_unseen_validation\trade_date=2026-07-17\exchange=NSE\symbol=BAJAJ-AUTO\part-070416_782796-027203.parquet,35773,downloaded,35773,
2026-07-17,NSE,BAJAJ-AUTO,raw_l2/trade_date=2026-07-17/exchange=NSE/symbol=BAJAJ-AUTO/part-070333_784175-027107.parquet,real_data_sample\l2_unseen_validation\trade_date=2026-07-17\exchange=NSE\symbol=BAJAJ-AUTO\part-070333_784175-027107.parquet,35398,downloaded,35398,
2026-07-17,NSE,BAJAJ-AUTO,raw_l2/trade_date=2026-07-17/exchange=NSE/symbol=BAJAJ-AUTO/part-070445_212349-027267.parquet,real_data_sample\l2_unseen_validation\trade_date=2026-07-17\exchange=NSE\symbol=BAJAJ-AUTO\part-070445_212349-027267.parquet,35487,downloaded,35487,
2026-07-17,NSE,BAJAJ-AUTO,raw_l2/trade_date=2026-07-17/exchange=NSE/symbol=BAJAJ-AUTO/part-070655_007711-027555.parquet,real_data_sample\l2_unseen_validation\trade_date=2026-07-17\exchange=NSE\symbol=BAJAJ-AUTO\part-070655_007711-027555.parquet,35679,downloaded,35679,
2026-07-17,NSE,BAJAJ-AUTO,raw_l2/trade_date=2026-07-17/exchange=NSE/symbol=BAJAJ-AUTO/part-070709_250717-027587.parquet,real_data_sample\l2_unseen_validation\trade_date=2026-07-17\exchange=NSE\symbol=BAJAJ-AUTO\part-070709_250717-027587.parquet,35323,downloaded,35323,
2026-07-17,NSE,BAJAJ-AUTO,raw_l2/trade_date=2026-07-17/exchange=NSE/symbol=BAJAJ-AUTO/part-070106_265864-026787.parquet,real_data_sample\l2_unseen_validation\trade_date=2026-07-17\exchange=NSE\symbol=BAJAJ-AUTO\part-070106_265864-026787.parquet,35341,downloaded,35341,
2026-07-17,NSE,BAJAJ-AUTO,raw_l2/trade_date=2026-07-17/exchange=NSE/symbol=BAJAJ-AUTO/part-070430_956922-027235.parquet,real_data_sample\l2_unseen_validation\trade_date=2026-07-17\exchange=NSE\symbol=BAJAJ-AUTO\part-070430_956922-027235.parquet,35552,downloaded,35552,
2026-07-17,NSE,BAJAJ-AUTO,raw_l2/trade_date=2026-07-17/exchange=NSE/symbol=BAJAJ-AUTO/part-070459_515928-027299.parquet,real_data_sample\l2_unseen_validation\trade_date=2026-07-17\exchange=NSE\symbol=BAJAJ-AUTO\part-070459_515928-027299.parquet,35307,downloaded,35307,
2026-07-17,NSE,BAJAJ-AUTO,raw_l2/trade_date=2026-07-17/exchange=NSE/symbol=BAJAJ-AUTO/part-070557_488677-027427.parquet,real_data_sample\l2_unseen_validation\trade_date=2026-07-17\exchange=NSE\symbol=BAJAJ-AUTO\part-070557_488677-027427.parquet,35385,downloaded,35385,
2026-07-17,NSE,BAJAJ-AUTO,raw_l2/trade_date=2026-07-17/exchange=NSE/symbol=BAJAJ-AUTO/part-070514_301574-027331.parquet,real_data_sample\l2_unseen_validation\trade_date=2026-07-17\exchange=NSE\symbol=BAJAJ-AUTO\part-070514_301574-027331.parquet,35376,downloaded,35376,
2026-07-17,NSE,BAJAJ-AUTO,raw_l2/trade_date=2026-07-17/exchange=NSE/symbol=BAJAJ-AUTO/part-070543_271535-027395.parquet,real_data_sample\l2_unseen_validation\trade_date=2026-07-17\exchange=NSE\symbol=BAJAJ-AUTO\part-070543_271535-027395.parquet,35521,downloaded,35521,
2026-07-17,NSE,BAJAJ-AUTO,raw_l2/trade_date=2026-07-17/exchange=NSE/symbol=BAJAJ-AUTO/part-070611_976967-027459.parquet,real_data_sample\l2_unseen_validation\trade_date=2026-07-17\exchange=NSE\symbol=BAJAJ-AUTO\part-070611_976967-027459.parquet,35309,downloaded,35309,
2026-07-17,NSE,BAJAJ-AUTO,raw_l2/trade_date=2026-07-17/exchange=NSE/symbol=BAJAJ-AUTO/part-070528_728801-027363.parquet,real_data_sample\l2_unseen_validation\trade_date=2026-07-17\exchange=NSE\symbol=BAJAJ-AUTO\part-070528_728801-027363.parquet,35538,downloaded,35538,
2026-07-17,NSE,BAJAJ-AUTO,raw_l2/trade_date=2026-07-17/exchange=NSE/symbol=BAJAJ-AUTO/part-070723_516641-027619.parquet,real_data_sample\l2_unseen_validation\trade_date=2026-07-17\exchange=NSE\symbol=BAJAJ-AUTO\part-070723_516641-027619.parquet,35144,downloaded,35144,
2026-07-17,NSE,BAJAJ-AUTO,raw_l2/trade_date=2026-07-17/exchange=NSE/symbol=BAJAJ-AUTO/part-070805_963634-027715.parquet,real_data_sample\l2_unseen_validation\trade_date=2026-07-17\exchange=NSE\symbol=BAJAJ-AUTO\part-070805_963634-027715.parquet,35533,downloaded,35533,
2026-07-17,NSE,BAJAJ-AUTO,raw_l2/trade_date=2026-07-17/exchange=NSE/symbol=BAJAJ-AUTO/part-070737_745705-027651.parquet,real_data_sample\l2_unseen_validation\trade_date=2026-07-17\exchange=NSE\symbol=BAJAJ-AUTO\part-070737_745705-027651.parquet,35566,downloaded,35566,
2026-07-17,NSE,BAJAJ-AUTO,raw_l2/trade_date=2026-07-17/exchange=NSE/symbol=BAJAJ-AUTO/part-070751_987905-027683.parquet,real_data_sample\l2_unseen_validation\trade_date=2026-07-17\exchange=NSE\symbol=BAJAJ-AUTO\part-070751_987905-027683.parquet,35376,downloaded,35376,
2026-07-17,NSE,BAJAJ-AUTO,raw_l2/trade_date=2026-07-17/exchange=NSE/symbol=BAJAJ-AUTO/part-070848_747344-027811.parquet,real_data_sample\l2_unseen_validation\trade_date=2026-07-17\exchange=NSE\symbol=BAJAJ-AUTO\part-070848_747344-027811.parquet,35267,downloaded,35267,
2026-07-17,NSE,BAJAJ-AUTO,raw_l2/trade_date=2026-07-17/exchange=NSE/symbol=BAJAJ-AUTO/part-070902_993678-027843.parquet,real_data_sample\l2_unseen_validation\trade_date=2026-07-17\exchange=NSE\symbol=BAJAJ-AUTO\part-070902_993678-027843.parquet,35144,downloaded,35144,
2026-07-17,NSE,BAJAJ-AUTO,raw_l2/trade_date=2026-07-17/exchange=NSE/symbol=BAJAJ-AUTO/part-070819_978522-027747.parquet,real_data_sample\l2_unseen_validation\trade_date=2026-07-17\exchange=NSE\symbol=BAJAJ-AUTO\part-070819_978522-027747.parquet,35061,downloaded,35061,
2026-07-17,NSE,BAJAJ-AUTO,raw_l2/trade_date=2026-07-17/exchange=NSE/symbol=BAJAJ-AUTO/part-070834_230237-027779.parquet,real_data_sample\l2_unseen_validation\trade_date=2026-07-17\exchange=NSE\symbol=BAJAJ-AUTO\part-070834_230237-027779.parquet,35282,downloaded,35282,
2026-07-17,NSE,BAJAJ-AUTO,raw_l2/trade_date=2026-07-17/exchange=NSE/symbol=BAJAJ-AUTO/part-070946_710034-027939.parquet,real_data_sample\l2_unseen_validation\trade_date=2026-07-17\exchange=NSE\symbol=BAJAJ-AUTO\part-070946_710034-027939.parquet,35141,downloaded,35141,
2026-07-17,NSE,BAJAJ-AUTO,raw_l2/trade_date=2026-07-17/exchange=NSE/symbol=BAJAJ-AUTO/part-071000_959679-027971.parquet,real_data_sample\l2_unseen_validation\trade_date=2026-07-17\exchange=NSE\symbol=BAJAJ-AUTO\part-071000_959679-027971.parquet,35069,downloaded,35069,
2026-07-17,NSE,BAJAJ-AUTO,raw_l2/trade_date=2026-07-17/exchange=NSE/symbol=BAJAJ-AUTO/part-071112_482652-028131.parquet,real_data_sample\l2_unseen_validation\trade_date=2026-07-17\exchange=NSE\symbol=BAJAJ-AUTO\part-071112_482652-028131.parquet,35521,downloaded,35521,
2026-07-17,NSE,BAJAJ-AUTO,raw_l2/trade_date=2026-07-17/exchange=NSE/symbol=BAJAJ-AUTO/part-071015_213427-028003.parquet,real_data_sample\l2_unseen_validation\trade_date=2026-07-17\exchange=NSE\symbol=BAJAJ-AUTO\part-071015_213427-028003.parquet,35357,downloaded,35357,
2026-07-17,NSE,BAJAJ-AUTO,raw_l2/trade_date=2026-07-17/exchange=NSE/symbol=BAJAJ-AUTO/part-071043_270153-028067.parquet,real_data_sample\l2_unseen_validation\trade_date=2026-07-17\exchange=NSE\symbol=BAJAJ-AUTO\part-071043_270153-028067.parquet,35333,downloaded,35333,
2026-07-17,NSE,BAJAJ-AUTO,raw_l2/trade_date=2026-07-17/exchange=NSE/symbol=BAJAJ-AUTO/part-070932_005010-027907.parquet,real_data_sample\l2_unseen_validation\trade_date=2026-07-17\exchange=NSE\symbol=BAJAJ-AUTO\part-070932_005010-027907.parquet,35020,downloaded,35020,
2026-07-17,NSE,BAJAJ-AUTO,raw_l2/trade_date=2026-07-17/exchange=NSE/symbol=BAJAJ-AUTO/part-071058_006156-028099.parquet,real_data_sample\l2_unseen_validation\trade_date=2026-07-17\exchange=NSE\symbol=BAJAJ-AUTO\part-071058_006156-028099.parquet,35795,downloaded,35795,
2026-07-17,NSE,BAJAJ-AUTO,raw_l2/trade_date=2026-07-17/exchange=NSE/symbol=BAJAJ-AUTO/part-071225_248587-028291.parquet,real_data_sample\l2_unseen_validation\trade_date=2026-07-17\exchange=NSE\symbol=BAJAJ-AUTO\part-071225_248587-028291.parquet,35549,downloaded,35549,
2026-07-17,NSE,BAJAJ-AUTO,raw_l2/trade_date=2026-07-17/exchange=NSE/symbol=BAJAJ-AUTO/part-071254_036574-028355.parquet,real_data_sample\l2_unseen_validation\trade_date=2026-07-17\exchange=NSE\symbol=BAJAJ-AUTO\part-071254_036574-028355.parquet,35403,downloaded,35403,
2026-07-17,NSE,BAJAJ-AUTO,raw_l2/trade_date=2026-07-17/exchange=NSE/symbol=BAJAJ-AUTO/part-071029_217021-028035.parquet,real_data_sample\l2_unseen_validation\trade_date=2026-07-17\exchange=NSE\symbol=BAJAJ-AUTO\part-071029_217021-028035.parquet,35113,downloaded,35113,
2026-07-17,NSE,BAJAJ-AUTO,raw_l2/trade_date=2026-07-17/exchange=NSE/symbol=BAJAJ-AUTO/part-071239_735318-028323.parquet,real_data_sample\l2_unseen_validation\trade_date=2026-07-17\exchange=NSE\symbol=BAJAJ-AUTO\part-071239_735318-028323.parquet,35510,downloaded,35510,
2026-07-17,NSE,BAJAJ-AUTO,raw_l2/trade_date=2026-07-17/exchange=NSE/symbol=BAJAJ-AUTO/part-071156_241624-028227.parquet,real_data_sample\l2_unseen_validation\trade_date=2026-07-17\exchange=NSE\symbol=BAJAJ-AUTO\part-071156_241624-028227.parquet,35556,downloaded,35556,
2026-07-17,NSE,BAJAJ-AUTO,raw_l2/trade_date=2026-07-17/exchange=NSE/symbol=BAJAJ-AUTO/part-071126_996623-028163.parquet,real_data_sample\l2_unseen_validation\trade_date=2026-07-17\exchange=NSE\symbol=BAJAJ-AUTO\part-071126_996623-028163.parquet,35526,downloaded,35526,
2026-07-17,NSE,BAJAJ-AUTO,raw_l2/trade_date=2026-07-17/exchange=NSE/symbol=BAJAJ-AUTO/part-070917_465397-027875.parquet,real_data_sample\l2_unseen_validation\trade_date=2026-07-17\exchange=NSE\symbol=BAJAJ-AUTO\part-070917_465397-027875.parquet,35346,downloaded,35346,
2026-07-17,NSE,BAJAJ-AUTO,raw_l2/trade_date=2026-07-17/exchange=NSE/symbol=BAJAJ-AUTO/part-071141_563854-028195.parquet,real_data_sample\l2_unseen_validation\trade_date=2026-07-17\exchange=NSE\symbol=BAJAJ-AUTO\part-071141_563854-028195.parquet,35789,downloaded,35789,
2026-07-17,NSE,BAJAJ-AUTO,raw_l2/trade_date=2026-07-17/exchange=NSE/symbol=BAJAJ-AUTO/part-071210_748981-028259.parquet,real_data_sample\l2_unseen_validation\trade_date=2026-07-17\exchange=NSE\symbol=BAJAJ-AUTO\part-071210_748981-028259.parquet,35568,downloaded,35568,
2026-07-17,NSE,BAJAJ-AUTO,raw_l2/trade_date=2026-07-17/exchange=NSE/symbol=BAJAJ-AUTO/part-071322_507663-028419.parquet,real_data_sample\l2_unseen_validation\trade_date=2026-07-17\exchange=NSE\symbol=BAJAJ-AUTO\part-071322_507663-028419.parquet,35201,downloaded,35201,
2026-07-17,NSE,BAJAJ-AUTO,raw_l2/trade_date=2026-07-17/exchange=NSE/symbol=BAJAJ-AUTO/part-071351_284951-028483.parquet,real_data_sample\l2_unseen_validation\trade_date=2026-07-17\exchange=NSE\symbol=BAJAJ-AUTO\part-071351_284951-028483.parquet,35115,downloaded,35115,
2026-07-17,NSE,BAJAJ-AUTO,raw_l2/trade_date=2026-07-17/exchange=NSE/symbol=BAJAJ-AUTO/part-071336_716205-028451.parquet,real_data_sample\l2_unseen_validation\trade_date=2026-07-17\exchange=NSE\symbol=BAJAJ-AUTO\part-071336_716205-028451.parquet,35117,downloaded,35117,
2026-07-17,NSE,BAJAJ-AUTO,raw_l2/trade_date=2026-07-17/exchange=NSE/symbol=BAJAJ-AUTO/part-071308_225571-028387.parquet,real_data_sample\l2_unseen_validation\trade_date=2026-07-17\exchange=NSE\symbol=BAJAJ-AUTO\part-071308_225571-028387.parquet,35165,downloaded,35165,
2026-07-17,NSE,BAJAJ-AUTO,raw_l2/trade_date=2026-07-17/exchange=NSE/symbol=BAJAJ-AUTO/part-071405_485349-028515.parquet,real_data_sample\l2_unseen_validation\trade_date=2026-07-17\exchange=NSE\symbol=BAJAJ-AUTO\part-071405_485349-028515.parquet,34966,downloaded,34966,
2026-07-17,NSE,BAJAJ-AUTO,raw_l2/trade_date=2026-07-17/exchange=NSE/symbol=BAJAJ-AUTO/part-071517_288298-028675.parquet,real_data_sample\l2_unseen_validation\trade_date=2026-07-17\exchange=NSE\symbol=BAJAJ-AUTO\part-071517_288298-028675.parquet,35379,downloaded,35379,
2026-07-17,NSE,BAJAJ-AUTO,raw_l2/trade_date=2026-07-17/exchange=NSE/symbol=BAJAJ-AUTO/part-071531_498136-028707.parquet,real_data_sample\l2_unseen_validation\trade_date=2026-07-17\exchange=NSE\symbol=BAJAJ-AUTO\part-071531_498136-028707.parquet,35298,downloaded,35298,
2026-07-17,NSE,BAJAJ-AUTO,raw_l2/trade_date=2026-07-17/exchange=NSE/symbol=BAJAJ-AUTO/part-071502_769121-028643.parquet,real_data_sample\l2_unseen_validation\trade_date=2026-07-17\exchange=NSE\symbol=BAJAJ-AUTO\part-071502_769121-028643.parquet,35019,downloaded,35019,
2026-07-17,NSE,BAJAJ-AUTO,raw_l2/trade_date=2026-07-17/exchange=NSE/symbol=BAJAJ-AUTO/part-071614_751443-028803.parquet,real_data_sample\l2_unseen_validation\trade_date=2026-07-17\exchange=NSE\symbol=BAJAJ-AUTO\part-071614_751443-028803.parquet,34984,downloaded,34984,
2026-07-17,NSE,BAJAJ-AUTO,raw_l2/trade_date=2026-07-17/exchange=NSE/symbol=BAJAJ-AUTO/part-071600_486666-028771.parquet,real_data_sample\l2_unseen_validation\trade_date=2026-07-17\exchange=NSE\symbol=BAJAJ-AUTO\part-071600_486666-028771.parquet,35300,downloaded,35300,
2026-07-17,NSE,BAJAJ-AUTO,raw_l2/trade_date=2026-07-17/exchange=NSE/symbol=BAJAJ-AUTO/part-071448_223234-028611.parquet,real_data_sample\l2_unseen_validation\trade_date=2026-07-17\exchange=NSE\symbol=BAJAJ-AUTO\part-071448_223234-028611.parquet,35054,downloaded,35054,
2026-07-17,NSE,BAJAJ-AUTO,raw_l2/trade_date=2026-07-17/exchange=NSE/symbol=BAJAJ-AUTO/part-071545_969148-028739.parquet,real_data_sample\l2_unseen_validation\trade_date=2026-07-17\exchange=NSE\symbol=BAJAJ-AUTO\part-071545_969148-028739.parquet,35224,downloaded,35224,
2026-07-17,NSE,BAJAJ-AUTO,raw_l2/trade_date=2026-07-17/exchange=NSE/symbol=BAJAJ-AUTO/part-071628_997191-028835.parquet,real_data_sample\l2_unseen_validation\trade_date=2026-07-17\exchange=NSE\symbol=BAJAJ-AUTO\part-071628_997191-028835.parquet,35386,downloaded,35386,
2026-07-17,NSE,BAJAJ-AUTO,raw_l2/trade_date=2026-07-17/exchange=NSE/symbol=BAJAJ-AUTO/part-071643_218341-028867.parquet,real_data_sample\l2_unseen_validation\trade_date=2026-07-17\exchange=NSE\symbol=BAJAJ-AUTO\part-071643_218341-028867.parquet,35163,downloaded,35163,
2026-07-17,NSE,BAJAJ-AUTO,raw_l2/trade_date=2026-07-17/exchange=NSE/symbol=BAJAJ-AUTO/part-071433_990592-028579.parquet,real_data_sample\l2_unseen_validation\trade_date=2026-07-17\exchange=NSE\symbol=BAJAJ-AUTO\part-071433_990592-028579.parquet,35365,downloaded,35365,
2026-07-17,NSE,BAJAJ-AUTO,raw_l2/trade_date=2026-07-17/exchange=NSE/symbol=BAJAJ-AUTO/part-071711_489668-028931.parquet,real_data_sample\l2_unseen_validation\trade_date=2026-07-17\exchange=NSE\symbol=BAJAJ-AUTO\part-071711_489668-028931.parquet,35243,downloaded,35243,
2026-07-17,NSE,BAJAJ-AUTO,raw_l2/trade_date=2026-07-17/exchange=NSE/symbol=BAJAJ-AUTO/part-071725_702940-028963.parquet,real_data_sample\l2_unseen_validation\trade_date=2026-07-17\exchange=NSE\symbol=BAJAJ-AUTO\part-071725_702940-028963.parquet,35507,downloaded,35507,
2026-07-17,NSE,BAJAJ-AUTO,raw_l2/trade_date=2026-07-17/exchange=NSE/symbol=BAJAJ-AUTO/part-072240_990623-029667.parquet,real_data_sample\l2_unseen_validation\trade_date=2026-07-17\exchange=NSE\symbol=BAJAJ-AUTO\part-072240_990623-029667.parquet,35394,downloaded,35394,
2026-07-17,NSE,BAJAJ-AUTO,raw_l2/trade_date=2026-07-17/exchange=NSE/symbol=BAJAJ-AUTO/part-072255_246444-029699.parquet,real_data_sample\l2_unseen_validation\trade_date=2026-07-17\exchange=NSE\symbol=BAJAJ-AUTO\part-072255_246444-029699.parquet,35113,downloaded,35113,
2026-07-17,NSE,BAJAJ-AUTO,raw_l2/trade_date=2026-07-17/exchange=NSE/symbol=BAJAJ-AUTO/part-071657_465775-028899.parquet,real_data_sample\l2_unseen_validation\trade_date=2026-07-17\exchange=NSE\symbol=BAJAJ-AUTO\part-071657_465775-028899.parquet,35340,downloaded,35340,
2026-07-17,NSE,BAJAJ-AUTO,raw_l2/trade_date=2026-07-17/exchange=NSE/symbol=BAJAJ-AUTO/part-071739_969802-028995.parquet,real_data_sample\l2_unseen_validation\trade_date=2026-07-17\exchange=NSE\symbol=BAJAJ-AUTO\part-071739_969802-028995.parquet,35561,downloaded,35561,
2026-07-17,NSE,BAJAJ-AUTO,raw_l2/trade_date=2026-07-17/exchange=NSE/symbol=BAJAJ-AUTO/part-071754_219720-029027.parquet,real_data_sample\l2_unseen_validation\trade_date=2026-07-17\exchange=NSE\symbol=BAJAJ-AUTO\part-071754_219720-029027.parquet,35235,downloaded,35235,
2026-07-17,NSE,BAJAJ-AUTO,raw_l2/trade_date=2026-07-17/exchange=NSE/symbol=BAJAJ-AUTO/part-071822_968552-029091.parquet,real_data_sample\l2_unseen_validation\trade_date=2026-07-17\exchange=NSE\symbol=BAJAJ-AUTO\part-071822_968552-029091.parquet,35243,downloaded,35243,
2026-07-17,NSE,BAJAJ-AUTO,raw_l2/trade_date=2026-07-17/exchange=NSE/symbol=BAJAJ-AUTO/part-072406_762191-029859.parquet,real_data_sample\l2_unseen_validation\trade_date=2026-07-17\exchange=NSE\symbol=BAJAJ-AUTO\part-072406_762191-029859.parquet,35039,downloaded,35039,
2026-07-17,NSE,BAJAJ-AUTO,raw_l2/trade_date=2026-07-17/exchange=NSE/symbol=BAJAJ-AUTO/part-071837_260594-029123.parquet,real_data_sample\l2_unseen_validation\trade_date=2026-07-17\exchange=NSE\symbol=BAJAJ-AUTO\part-071837_260594-029123.parquet,35303,downloaded,35303,
2026-07-17,NSE,BAJAJ-AUTO,raw_l2/trade_date=2026-07-17/exchange=NSE/symbol=BAJAJ-AUTO/part-072323_727596-029763.parquet,real_data_sample\l2_unseen_validation\trade_date=2026-07-17\exchange=NSE\symbol=BAJAJ-AUTO\part-072323_727596-029763.parquet,35038,downloaded,35038,
2026-07-17,NSE,BAJAJ-AUTO,raw_l2/trade_date=2026-07-17/exchange=NSE/symbol=BAJAJ-AUTO/part-072352_492659-029827.parquet,real_data_sample\l2_unseen_validation\trade_date=2026-07-17\exchange=NSE\symbol=BAJAJ-AUTO\part-072352_492659-029827.parquet,35192,downloaded,35192,
2026-07-17,NSE,BAJAJ-AUTO,raw_l2/trade_date=2026-07-17/exchange=NSE/symbol=BAJAJ-AUTO/part-072309_488837-029731.parquet,real_data_sample\l2_unseen_validation\trade_date=2026-07-17\exchange=NSE\symbol=BAJAJ-AUTO\part-072309_488837-029731.parquet,35110,downloaded,35110,
2026-07-17,NSE,BAJAJ-AUTO,raw_l2/trade_date=2026-07-17/exchange=NSE/symbol=BAJAJ-AUTO/part-072338_239215-029795.parquet,real_data_sample\l2_unseen_validation\trade_date=2026-07-17\exchange=NSE\symbol=BAJAJ-AUTO\part-072338_239215-029795.parquet,35244,downloaded,35244,
2026-07-17,NSE,BAJAJ-AUTO,raw_l2/trade_date=2026-07-17/exchange=NSE/symbol=BAJAJ-AUTO/part-071907_208574-029187.parquet,real_data_sample\l2_unseen_validation\trade_date=2026-07-17\exchange=NSE\symbol=BAJAJ-AUTO\part-071907_208574-029187.parquet,35383,downloaded,35383,
2026-07-17,NSE,BAJAJ-AUTO,raw_l2/trade_date=2026-07-17/exchange=NSE/symbol=BAJAJ-AUTO/part-072032_735688-029379.parquet,real_data_sample\l2_unseen_validation\trade_date=2026-07-17\exchange=NSE\symbol=BAJAJ-AUTO\part-072032_735688-029379.parquet,35481,downloaded,35481,
2026-07-17,NSE,BAJAJ-AUTO,raw_l2/trade_date=2026-07-17/exchange=NSE/symbol=BAJAJ-AUTO/part-072046_992429-029411.parquet,real_data_sample\l2_unseen_validation\trade_date=2026-07-17\exchange=NSE\symbol=BAJAJ-AUTO\part-072046_992429-029411.parquet,35145,downloaded,35145,
2026-07-17,NSE,BAJAJ-AUTO,raw_l2/trade_date=2026-07-17/exchange=NSE/symbol=BAJAJ-AUTO/part-072003_993335-029315.parquet,real_data_sample\l2_unseen_validation\trade_date=2026-07-17\exchange=NSE\symbol=BAJAJ-AUTO\part-072003_993335-029315.parquet,35547,downloaded,35547,
2026-07-17,NSE,BAJAJ-AUTO,raw_l2/trade_date=2026-07-17/exchange=NSE/symbol=BAJAJ-AUTO/part-071949_980158-029283.parquet,real_data_sample\l2_unseen_validation\trade_date=2026-07-17\exchange=NSE\symbol=BAJAJ-AUTO\part-071949_980158-029283.parquet,35294,downloaded,35294,
2026-07-17,NSE,BAJAJ-AUTO,raw_l2/trade_date=2026-07-17/exchange=NSE/symbol=BAJAJ-AUTO/part-072115_477101-029475.parquet,real_data_sample\l2_unseen_validation\trade_date=2026-07-17\exchange=NSE\symbol=BAJAJ-AUTO\part-072115_477101-029475.parquet,35183,downloaded,35183,
2026-07-17,NSE,BAJAJ-AUTO,raw_l2/trade_date=2026-07-17/exchange=NSE/symbol=BAJAJ-AUTO/part-072101_247466-029443.parquet,real_data_sample\l2_unseen_validation\trade_date=2026-07-17\exchange=NSE\symbol=BAJAJ-AUTO\part-072101_247466-029443.parquet,35182,downloaded,35182,
2026-07-17,NSE,BAJAJ-AUTO,raw_l2/trade_date=2026-07-17/exchange=NSE/symbol=BAJAJ-AUTO/part-072129_505215-029507.parquet,real_data_sample\l2_unseen_validation\trade_date=2026-07-17\exchange=NSE\symbol=BAJAJ-AUTO\part-072129_505215-029507.parquet,35471,downloaded,35471,
2026-07-17,NSE,BAJAJ-AUTO,raw_l2/trade_date=2026-07-17/exchange=NSE/symbol=BAJAJ-AUTO/part-072143_721173-029539.parquet,real_data_sample\l2_unseen_validation\trade_date=2026-07-17\exchange=NSE\symbol=BAJAJ-AUTO\part-072143_721173-029539.parquet,35191,downloaded,35191,
2026-07-17,NSE,BAJAJ-AUTO,raw_l2/trade_date=2026-07-17/exchange=NSE/symbol=BAJAJ-AUTO/part-072226_707908-029635.parquet,real_data_sample\l2_unseen_validation\trade_date=2026-07-17\exchange=NSE\symbol=BAJAJ-AUTO\part-072226_707908-029635.parquet,35569,downloaded,35569,
2026-07-17,NSE,BAJAJ-AUTO,raw_l2/trade_date=2026-07-17/exchange=NSE/symbol=BAJAJ-AUTO/part-072212_738143-029603.parquet,real_data_sample\l2_unseen_validation\trade_date=2026-07-17\exchange=NSE\symbol=BAJAJ-AUTO\part-072212_738143-029603.parquet,35346,downloaded,35346,
2026-07-17,NSE,BAJAJ-AUTO,raw_l2/trade_date=2026-07-17/exchange=NSE/symbol=BAJAJ-AUTO/part-072157_724699-029571.parquet,real_data_sample\l2_unseen_validation\trade_date=2026-07-17\exchange=NSE\symbol=BAJAJ-AUTO\part-072157_724699-029571.parquet,35203,downloaded,35203,
2026-07-17,NSE,BAJAJ-AUTO,raw_l2/trade_date=2026-07-17/exchange=NSE/symbol=BAJAJ-AUTO/part-072420_966971-029891.parquet,real_data_sample\l2_unseen_validation\trade_date=2026-07-17\exchange=NSE\symbol=BAJAJ-AUTO\part-072420_966971-029891.parquet,35193,downloaded,35193,
2026-07-17,NSE,BAJAJ-AUTO,raw_l2/trade_date=2026-07-17/exchange=NSE/symbol=BAJAJ-AUTO/part-072504_209671-029987.parquet,real_data_sample\l2_unseen_validation\trade_date=2026-07-17\exchange=NSE\symbol=BAJAJ-AUTO\part-072504_209671-029987.parquet,35265,downloaded,35265,
2026-07-17,NSE,BAJAJ-AUTO,raw_l2/trade_date=2026-07-17/exchange=NSE/symbol=BAJAJ-AUTO/part-072435_227874-029923.parquet,real_data_sample\l2_unseen_validation\trade_date=2026-07-17\exchange=NSE\symbol=BAJAJ-AUTO\part-072435_227874-029923.parquet,35327,downloaded,35327,
2026-07-17,NSE,BAJAJ-AUTO,raw_l2/trade_date=2026-07-17/exchange=NSE/symbol=BAJAJ-AUTO/part-072449_495441-029955.parquet,real_data_sample\l2_unseen_validation\trade_date=2026-07-17\exchange=NSE\symbol=BAJAJ-AUTO\part-072449_495441-029955.parquet,35373,downloaded,35373,
2026-07-17,NSE,BAJAJ-AUTO,raw_l2/trade_date=2026-07-17/exchange=NSE/symbol=BAJAJ-AUTO/part-072518_212950-030019.parquet,real_data_sample\l2_unseen_validation\trade_date=2026-07-17\exchange=NSE\symbol=BAJAJ-AUTO\part-072518_212950-030019.parquet,35377,downloaded,35377,
2026-07-17,NSE,BAJAJ-AUTO,raw_l2/trade_date=2026-07-17/exchange=NSE/symbol=BAJAJ-AUTO/part-072532_487726-030051.parquet,real_data_sample\l2_unseen_validation\trade_date=2026-07-17\exchange=NSE\symbol=BAJAJ-AUTO\part-072532_487726-030051.parquet,35521,downloaded,35521,
2026-07-17,NSE,BAJAJ-AUTO,raw_l2/trade_date=2026-07-17/exchange=NSE/symbol=BAJAJ-AUTO/part-072546_735248-030083.parquet,real_data_sample\l2_unseen_validation\trade_date=2026-07-17\exchange=NSE\symbol=BAJAJ-AUTO\part-072546_735248-030083.parquet,35371,downloaded,35371,
2026-07-17,NSE,BAJAJ-AUTO,raw_l2/trade_date=2026-07-17/exchange=NSE/symbol=BAJAJ-AUTO/part-071851_999698-029155.parquet,real_data_sample\l2_unseen_validation\trade_date=2026-07-17\exchange=NSE\symbol=BAJAJ-AUTO\part-071851_999698-029155.parquet,35447,downloaded,35447,
2026-07-17,NSE,BAJAJ-AUTO,raw_l2/trade_date=2026-07-17/exchange=NSE/symbol=BAJAJ-AUTO/part-072740_976310-030339.parquet,real_data_sample\l2_unseen_validation\trade_date=2026-07-17\exchange=NSE\symbol=BAJAJ-AUTO\part-072740_976310-030339.parquet,35494,downloaded,35494,
2026-07-17,NSE,BAJAJ-AUTO,raw_l2/trade_date=2026-07-17/exchange=NSE/symbol=BAJAJ-AUTO/part-072712_230384-030275.parquet,real_data_sample\l2_unseen_validation\trade_date=2026-07-17\exchange=NSE\symbol=BAJAJ-AUTO\part-072712_230384-030275.parquet,35331,downloaded,35331,
2026-07-17,NSE,BAJAJ-AUTO,raw_l2/trade_date=2026-07-17/exchange=NSE/symbol=BAJAJ-AUTO/part-072643_709960-030211.parquet,real_data_sample\l2_unseen_validation\trade_date=2026-07-17\exchange=NSE\symbol=BAJAJ-AUTO\part-072643_709960-030211.parquet,35177,downloaded,35177,
2026-07-17,NSE,BAJAJ-AUTO,raw_l2/trade_date=2026-07-17/exchange=NSE/symbol=BAJAJ-AUTO/part-072726_735355-030307.parquet,real_data_sample\l2_unseen_validation\trade_date=2026-07-17\exchange=NSE\symbol=BAJAJ-AUTO\part-072726_735355-030307.parquet,35609,downloaded,35609,
2026-07-17,NSE,BAJAJ-AUTO,raw_l2/trade_date=2026-07-17/exchange=NSE/symbol=BAJAJ-AUTO/part-072600_707139-030115.parquet,real_data_sample\l2_unseen_validation\trade_date=2026-07-17\exchange=NSE\symbol=BAJAJ-AUTO\part-072600_707139-030115.parquet,35133,downloaded,35133,
2026-07-17,NSE,BAJAJ-AUTO,raw_l2/trade_date=2026-07-17/exchange=NSE/symbol=BAJAJ-AUTO/part-072657_738802-030243.parquet,real_data_sample\l2_unseen_validation\trade_date=2026-07-17\exchange=NSE\symbol=BAJAJ-AUTO\part-072657_738802-030243.parquet,35283,downloaded,35283,
2026-07-17,NSE,BAJAJ-AUTO,raw_l2/trade_date=2026-07-17/exchange=NSE/symbol=BAJAJ-AUTO/part-072628_991250-030179.parquet,real_data_sample\l2_unseen_validation\trade_date=2026-07-17\exchange=NSE\symbol=BAJAJ-AUTO\part-072628_991250-030179.parquet,35210,downloaded,35210,
2026-07-17,NSE,BAJAJ-AUTO,raw_l2/trade_date=2026-07-17/exchange=NSE/symbol=BAJAJ-AUTO/part-072755_456814-030371.parquet,real_data_sample\l2_unseen_validation\trade_date=2026-07-17\exchange=NSE\symbol=BAJAJ-AUTO\part-072755_456814-030371.parquet,35494,downloaded,35494,
2026-07-17,NSE,BAJAJ-AUTO,raw_l2/trade_date=2026-07-17/exchange=NSE/symbol=BAJAJ-AUTO/part-072614_943778-030147.parquet,real_data_sample\l2_unseen_validation\trade_date=2026-07-17\exchange=NSE\symbol=BAJAJ-AUTO\part-072614_943778-030147.parquet,35360,downloaded,35360,
2026-07-17,NSE,BAJAJ-AUTO,raw_l2/trade_date=2026-07-17/exchange=NSE/symbol=BAJAJ-AUTO/part-072809_975410-030403.parquet,real_data_sample\l2_unseen_validation\trade_date=2026-07-17\exchange=NSE\symbol=BAJAJ-AUTO\part-072809_975410-030403.parquet,35412,downloaded,35412,
2026-07-17,NSE,BAJAJ-AUTO,raw_l2/trade_date=2026-07-17/exchange=NSE/symbol=BAJAJ-AUTO/part-072824_469028-030435.parquet,real_data_sample\l2_unseen_validation\trade_date=2026-07-17\exchange=NSE\symbol=BAJAJ-AUTO\part-072824_469028-030435.parquet,35716,downloaded,35716,
2026-07-17,NSE,BAJAJ-AUTO,raw_l2/trade_date=2026-07-17/exchange=NSE/symbol=BAJAJ-AUTO/part-072839_557392-030467.parquet,real_data_sample\l2_unseen_validation\trade_date=2026-07-17\exchange=NSE\symbol=BAJAJ-AUTO\part-072839_557392-030467.parquet,35635,downloaded,35635,
2026-07-17,NSE,BAJAJ-AUTO,raw_l2/trade_date=2026-07-17/exchange=NSE/symbol=BAJAJ-AUTO/part-072854_717065-030499.parquet,real_data_sample\l2_unseen_validation\trade_date=2026-07-17\exchange=NSE\symbol=BAJAJ-AUTO\part-072854_717065-030499.parquet,35369,downloaded,35369,
2026-07-17,NSE,BAJAJ-AUTO,raw_l2/trade_date=2026-07-17/exchange=NSE/symbol=BAJAJ-AUTO/part-072909_267573-030531.parquet,real_data_sample\l2_unseen_validation\trade_date=2026-07-17\exchange=NSE\symbol=BAJAJ-AUTO\part-072909_267573-030531.parquet,35284,downloaded,35284,
2026-07-17,NSE,BAJAJ-AUTO,raw_l2/trade_date=2026-07-17/exchange=NSE/symbol=BAJAJ-AUTO/part-072924_037035-030563.parquet,real_data_sample\l2_unseen_validation\trade_date=2026-07-17\exchange=NSE\symbol=BAJAJ-AUTO\part-072924_037035-030563.parquet,35234,downloaded,35234,
2026-07-17,NSE,BAJAJ-AUTO,raw_l2/trade_date=2026-07-17/exchange=NSE/symbol=BAJAJ-AUTO/part-072938_765281-030595.parquet,real_data_sample\l2_unseen_validation\trade_date=2026-07-17\exchange=NSE\symbol=BAJAJ-AUTO\part-072938_765281-030595.parquet,35241,downloaded,35241,
2026-07-17,NSE,BAJAJ-AUTO,raw_l2/trade_date=2026-07-17/exchange=NSE/symbol=BAJAJ-AUTO/part-072953_215013-030627.parquet,real_data_sample\l2_unseen_validation\trade_date=2026-07-17\exchange=NSE\symbol=BAJAJ-AUTO\part-072953_215013-030627.parquet,35353,downloaded,35353,
2026-07-17,NSE,BAJAJ-AUTO,raw_l2/trade_date=2026-07-17/exchange=NSE/symbol=BAJAJ-AUTO/part-073007_722480-030659.parquet,real_data_sample\l2_unseen_validation\trade_date=2026-07-17\exchange=NSE\symbol=BAJAJ-AUTO\part-073007_722480-030659.parquet,35596,downloaded,35596,
2026-07-17,NSE,BAJAJ-AUTO,raw_l2/trade_date=2026-07-17/exchange=NSE/symbol=BAJAJ-AUTO/part-073050_497249-030755.parquet,real_data_sample\l2_unseen_validation\trade_date=2026-07-17\exchange=NSE\symbol=BAJAJ-AUTO\part-073050_497249-030755.parquet,35250,downloaded,35250,
2026-07-17,NSE,BAJAJ-AUTO,raw_l2/trade_date=2026-07-17/exchange=NSE/symbol=BAJAJ-AUTO/part-073119_475894-030819.parquet,real_data_sample\l2_unseen_validation\trade_date=2026-07-17\exchange=NSE\symbol=BAJAJ-AUTO\part-073119_475894-030819.parquet,35282,downloaded,35282,
2026-07-17,NSE,BAJAJ-AUTO,raw_l2/trade_date=2026-07-17/exchange=NSE/symbol=BAJAJ-AUTO/part-073036_239815-030723.parquet,real_data_sample\l2_unseen_validation\trade_date=2026-07-17\exchange=NSE\symbol=BAJAJ-AUTO\part-073036_239815-030723.parquet,35107,downloaded,35107,
2026-07-17,NSE,BAJAJ-AUTO,raw_l2/trade_date=2026-07-17/exchange=NSE/symbol=BAJAJ-AUTO/part-073104_840165-030787.parquet,real_data_sample\l2_unseen_validation\trade_date=2026-07-17\exchange=NSE\symbol=BAJAJ-AUTO\part-073104_840165-030787.parquet,35527,downloaded,35527,
2026-07-17,NSE,BAJAJ-AUTO,raw_l2/trade_date=2026-07-17/exchange=NSE/symbol=BAJAJ-AUTO/part-073133_480893-030851.parquet,real_data_sample\l2_unseen_validation\trade_date=2026-07-17\exchange=NSE\symbol=BAJAJ-AUTO\part-073133_480893-030851.parquet,35364,downloaded,35364,
2026-07-17,NSE,BAJAJ-AUTO,raw_l2/trade_date=2026-07-17/exchange=NSE/symbol=BAJAJ-AUTO/part-073021_997608-030691.parquet,real_data_sample\l2_unseen_validation\trade_date=2026-07-17\exchange=NSE\symbol=BAJAJ-AUTO\part-073021_997608-030691.parquet,35102,downloaded,35102,
2026-07-17,NSE,BAJAJ-AUTO,raw_l2/trade_date=2026-07-17/exchange=NSE/symbol=BAJAJ-AUTO/part-073148_023801-030883.parquet,real_data_sample\l2_unseen_validation\trade_date=2026-07-17\exchange=NSE\symbol=BAJAJ-AUTO\part-073148_023801-030883.parquet,35413,downloaded,35413,
2026-07-17,NSE,BAJAJ-AUTO,raw_l2/trade_date=2026-07-17/exchange=NSE/symbol=BAJAJ-AUTO/part-073202_249903-030915.parquet,real_data_sample\l2_unseen_validation\trade_date=2026-07-17\exchange=NSE\symbol=BAJAJ-AUTO\part-073202_249903-030915.parquet,35593,downloaded,35593,
2026-07-17,NSE,BAJAJ-AUTO,raw_l2/trade_date=2026-07-17/exchange=NSE/symbol=BAJAJ-AUTO/part-073216_469903-030947.parquet,real_data_sample\l2_unseen_validation\trade_date=2026-07-17\exchange=NSE\symbol=BAJAJ-AUTO\part-073216_469903-030947.parquet,35541,downloaded,35541,
2026-07-17,NSE,BAJAJ-AUTO,raw_l2/trade_date=2026-07-17/exchange=NSE/symbol=BAJAJ-AUTO/part-073230_486189-030979.parquet,real_data_sample\l2_unseen_validation\trade_date=2026-07-17\exchange=NSE\symbol=BAJAJ-AUTO\part-073230_486189-030979.parquet,35345,downloaded,35345,
2026-07-17,NSE,BAJAJ-AUTO,raw_l2/trade_date=2026-07-17/exchange=NSE/symbol=BAJAJ-AUTO/part-073244_727213-031011.parquet,real_data_sample\l2_unseen_validation\trade_date=2026-07-17\exchange=NSE\symbol=BAJAJ-AUTO\part-073244_727213-031011.parquet,35382,downloaded,35382,
2026-07-17,NSE,BAJAJ-AUTO,raw_l2/trade_date=2026-07-17/exchange=NSE/symbol=BAJAJ-AUTO/part-073327_477485-031107.parquet,real_data_sample\l2_unseen_validation\trade_date=2026-07-17\exchange=NSE\symbol=BAJAJ-AUTO\part-073327_477485-031107.parquet,35359,downloaded,35359,
2026-07-17,NSE,BAJAJ-AUTO,raw_l2/trade_date=2026-07-17/exchange=NSE/symbol=BAJAJ-AUTO/part-073258_988192-031043.parquet,real_data_sample\l2_unseen_validation\trade_date=2026-07-17\exchange=NSE\symbol=BAJAJ-AUTO\part-073258_988192-031043.parquet,35320,downloaded,35320,
2026-07-17,NSE,BAJAJ-AUTO,raw_l2/trade_date=2026-07-17/exchange=NSE/symbol=BAJAJ-AUTO/part-073313_283259-031075.parquet,real_data_sample\l2_unseen_validation\trade_date=2026-07-17\exchange=NSE\symbol=BAJAJ-AUTO\part-073313_283259-031075.parquet,35324,downloaded,35324,
2026-07-17,NSE,BAJAJ-AUTO,raw_l2/trade_date=2026-07-17/exchange=NSE/symbol=BAJAJ-AUTO/part-073355_978080-031171.parquet,real_data_sample\l2_unseen_validation\trade_date=2026-07-17\exchange=NSE\symbol=BAJAJ-AUTO\part-073355_978080-031171.parquet,35609,downloaded,35609,
2026-07-17,NSE,BAJAJ-AUTO,raw_l2/trade_date=2026-07-17/exchange=NSE/symbol=BAJAJ-AUTO/part-073410_234192-031203.parquet,real_data_sample\l2_unseen_validation\trade_date=2026-07-17\exchange=NSE\symbol=BAJAJ-AUTO\part-073410_234192-031203.parquet,35565,downloaded,35565,
2026-07-17,NSE,BAJAJ-AUTO,raw_l2/trade_date=2026-07-17/exchange=NSE/symbol=BAJAJ-AUTO/part-073341_967100-031139.parquet,real_data_sample\l2_unseen_validation\trade_date=2026-07-17\exchange=NSE\symbol=BAJAJ-AUTO\part-073341_967100-031139.parquet,35547,downloaded,35547,
2026-07-17,NSE,BAJAJ-AUTO,raw_l2/trade_date=2026-07-17/exchange=NSE/symbol=BAJAJ-AUTO/part-071808_496111-029059.parquet,real_data_sample\l2_unseen_validation\trade_date=2026-07-17\exchange=NSE\symbol=BAJAJ-AUTO\part-071808_496111-029059.parquet,35319,downloaded,35319,
2026-07-17,NSE,BAJAJ-AUTO,raw_l2/trade_date=2026-07-17/exchange=NSE/symbol=BAJAJ-AUTO/part-073424_498173-031235.parquet,real_data_sample\l2_unseen_validation\trade_date=2026-07-17\exchange=NSE\symbol=BAJAJ-AUTO\part-073424_498173-031235.parquet,35561,downloaded,35561,
2026-07-17,NSE,BAJAJ-AUTO,raw_l2/trade_date=2026-07-17/exchange=NSE/symbol=BAJAJ-AUTO/part-073438_735787-031267.parquet,real_data_sample\l2_unseen_validation\trade_date=2026-07-17\exchange=NSE\symbol=BAJAJ-AUTO\part-073438_735787-031267.parquet,35266,downloaded,35266,
2026-07-17,NSE,BAJAJ-AUTO,raw_l2/trade_date=2026-07-17/exchange=NSE/symbol=BAJAJ-AUTO/part-073453_213602-031299.parquet,real_data_sample\l2_unseen_validation\trade_date=2026-07-17\exchange=NSE\symbol=BAJAJ-AUTO\part-073453_213602-031299.parquet,35655,downloaded,35655,
2026-07-17,NSE,BAJAJ-AUTO,raw_l2/trade_date=2026-07-17/exchange=NSE/symbol=BAJAJ-AUTO/part-073507_241561-031331.parquet,real_data_sample\l2_unseen_validation\trade_date=2026-07-17\exchange=NSE\symbol=BAJAJ-AUTO\part-073507_241561-031331.parquet,35622,downloaded,35622,
2026-07-17,NSE,BAJAJ-AUTO,raw_l2/trade_date=2026-07-17/exchange=NSE/symbol=BAJAJ-AUTO/part-073521_460888-031363.parquet,real_data_sample\l2_unseen_validation\trade_date=2026-07-17\exchange=NSE\symbol=BAJAJ-AUTO\part-073521_460888-031363.parquet,35608,downloaded,35608,
2026-07-17,NSE,BAJAJ-AUTO,raw_l2/trade_date=2026-07-17/exchange=NSE/symbol=BAJAJ-AUTO/part-073535_726867-031395.parquet,real_data_sample\l2_unseen_validation\trade_date=2026-07-17\exchange=NSE\symbol=BAJAJ-AUTO\part-073535_726867-031395.parquet,35439,downloaded,35439,
2026-07-17,NSE,BAJAJ-AUTO,raw_l2/trade_date=2026-07-17/exchange=NSE/symbol=BAJAJ-AUTO/part-073549_970264-031427.parquet,real_data_sample\l2_unseen_validation\trade_date=2026-07-17\exchange=NSE\symbol=BAJAJ-AUTO\part-073549_970264-031427.parquet,35487,downloaded,35487,
2026-07-17,NSE,BAJAJ-AUTO,raw_l2/trade_date=2026-07-17/exchange=NSE/symbol=BAJAJ-AUTO/part-073603_989480-031459.parquet,real_data_sample\l2_unseen_validation\trade_date=2026-07-17\exchange=NSE\symbol=BAJAJ-AUTO\part-073603_989480-031459.parquet,35648,downloaded,35648,
2026-07-17,NSE,BAJAJ-AUTO,raw_l2/trade_date=2026-07-17/exchange=NSE/symbol=BAJAJ-AUTO/part-073618_224910-031491.parquet,real_data_sample\l2_unseen_validation\trade_date=2026-07-17\exchange=NSE\symbol=BAJAJ-AUTO\part-073618_224910-031491.parquet,35721,downloaded,35721,
2026-07-17,NSE,BAJAJ-AUTO,raw_l2/trade_date=2026-07-17/exchange=NSE/symbol=BAJAJ-AUTO/part-073632_736695-031523.parquet,real_data_sample\l2_unseen_validation\trade_date=2026-07-17\exchange=NSE\symbol=BAJAJ-AUTO\part-073632_736695-031523.parquet,35242,downloaded,35242,
2026-07-17,NSE,BAJAJ-AUTO,raw_l2/trade_date=2026-07-17/exchange=NSE/symbol=BAJAJ-AUTO/part-073646_979558-031555.parquet,real_data_sample\l2_unseen_validation\trade_date=2026-07-17\exchange=NSE\symbol=BAJAJ-AUTO\part-073646_979558-031555.parquet,35590,downloaded,35590,
2026-07-17,NSE,BAJAJ-AUTO,raw_l2/trade_date=2026-07-17/exchange=NSE/symbol=BAJAJ-AUTO/part-073743_232401-031683.parquet,real_data_sample\l2_unseen_validation\trade_date=2026-07-17\exchange=NSE\symbol=BAJAJ-AUTO\part-073743_232401-031683.parquet,35659,downloaded,35659,
2026-07-17,NSE,BAJAJ-AUTO,raw_l2/trade_date=2026-07-17/exchange=NSE/symbol=BAJAJ-AUTO/part-073701_212963-031587.parquet,real_data_sample\l2_unseen_validation\trade_date=2026-07-17\exchange=NSE\symbol=BAJAJ-AUTO\part-073701_212963-031587.parquet,35503,downloaded,35503,
2026-07-17,NSE,BAJAJ-AUTO,raw_l2/trade_date=2026-07-17/exchange=NSE/symbol=BAJAJ-AUTO/part-073715_225696-031619.parquet,real_data_sample\l2_unseen_validation\trade_date=2026-07-17\exchange=NSE\symbol=BAJAJ-AUTO\part-073715_225696-031619.parquet,35240,downloaded,35240,
2026-07-17,NSE,BAJAJ-AUTO,raw_l2/trade_date=2026-07-17/exchange=NSE/symbol=BAJAJ-AUTO/part-073729_236778-031651.parquet,real_data_sample\l2_unseen_validation\trade_date=2026-07-17\exchange=NSE\symbol=BAJAJ-AUTO\part-073729_236778-031651.parquet,35681,downloaded,35681,
2026-07-17,NSE,BAJAJ-AUTO,raw_l2/trade_date=2026-07-17/exchange=NSE/symbol=BAJAJ-AUTO/part-071921_322421-029219.parquet,real_data_sample\l2_unseen_validation\trade_date=2026-07-17\exchange=NSE\symbol=BAJAJ-AUTO\part-071921_322421-029219.parquet,35147,downloaded,35147,
2026-07-17,NSE,BAJAJ-AUTO,raw_l2/trade_date=2026-07-17/exchange=NSE/symbol=BAJAJ-AUTO/part-071419_755186-028547.parquet,real_data_sample\l2_unseen_validation\trade_date=2026-07-17\exchange=NSE\symbol=BAJAJ-AUTO\part-071419_755186-028547.parquet,35172,downloaded,35172,
2026-07-17,NSE,BAJAJ-AUTO,raw_l2/trade_date=2026-07-17/exchange=NSE/symbol=BAJAJ-AUTO/part-073757_189369-031715.parquet,real_data_sample\l2_unseen_validation\trade_date=2026-07-17\exchange=NSE\symbol=BAJAJ-AUTO\part-073757_189369-031715.parquet,35568,downloaded,35568,
2026-07-17,NSE,BAJAJ-AUTO,raw_l2/trade_date=2026-07-17/exchange=NSE/symbol=BAJAJ-AUTO/part-073825_508556-031779.parquet,real_data_sample\l2_unseen_validation\trade_date=2026-07-17\exchange=NSE\symbol=BAJAJ-AUTO\part-073825_508556-031779.parquet,35047,downloaded,35047,
2026-07-17,NSE,BAJAJ-AUTO,raw_l2/trade_date=2026-07-17/exchange=NSE/symbol=BAJAJ-AUTO/part-073811_448005-031747.parquet,real_data_sample\l2_unseen_validation\trade_date=2026-07-17\exchange=NSE\symbol=BAJAJ-AUTO\part-073811_448005-031747.parquet,35232,downloaded,35232,
2026-07-17,NSE,BAJAJ-AUTO,raw_l2/trade_date=2026-07-17/exchange=NSE/symbol=BAJAJ-AUTO/part-074046_957688-032099.parquet,real_data_sample\l2_unseen_validation\trade_date=2026-07-17\exchange=NSE\symbol=BAJAJ-AUTO\part-074046_957688-032099.parquet,35120,downloaded,35120,
2026-07-17,NSE,BAJAJ-AUTO,raw_l2/trade_date=2026-07-17/exchange=NSE/symbol=BAJAJ-AUTO/part-074004_472362-032003.parquet,real_data_sample\l2_unseen_validation\trade_date=2026-07-17\exchange=NSE\symbol=BAJAJ-AUTO\part-074004_472362-032003.parquet,34997,downloaded,34997,
2026-07-17,NSE,BAJAJ-AUTO,raw_l2/trade_date=2026-07-17/exchange=NSE/symbol=BAJAJ-AUTO/part-074018_701755-032035.parquet,real_data_sample\l2_unseen_validation\trade_date=2026-07-17\exchange=NSE\symbol=BAJAJ-AUTO\part-074018_701755-032035.parquet,35326,downloaded,35326,
2026-07-17,NSE,BAJAJ-AUTO,raw_l2/trade_date=2026-07-17/exchange=NSE/symbol=BAJAJ-AUTO/part-073922_194543-031907.parquet,real_data_sample\l2_unseen_validation\trade_date=2026-07-17\exchange=NSE\symbol=BAJAJ-AUTO\part-073922_194543-031907.parquet,35395,downloaded,35395,
2026-07-17,NSE,BAJAJ-AUTO,raw_l2/trade_date=2026-07-17/exchange=NSE/symbol=BAJAJ-AUTO/part-073853_690719-031843.parquet,real_data_sample\l2_unseen_validation\trade_date=2026-07-17\exchange=NSE\symbol=BAJAJ-AUTO\part-073853_690719-031843.parquet,35229,downloaded,35229,
2026-07-17,NSE,BAJAJ-AUTO,raw_l2/trade_date=2026-07-17/exchange=NSE/symbol=BAJAJ-AUTO/part-073936_224816-031939.parquet,real_data_sample\l2_unseen_validation\trade_date=2026-07-17\exchange=NSE\symbol=BAJAJ-AUTO\part-073936_224816-031939.parquet,35241,downloaded,35241,
2026-07-17,NSE,BAJAJ-AUTO,raw_l2/trade_date=2026-07-17/exchange=NSE/symbol=BAJAJ-AUTO/part-073908_207893-031875.parquet,real_data_sample\l2_unseen_validation\trade_date=2026-07-17\exchange=NSE\symbol=BAJAJ-AUTO\part-073908_207893-031875.parquet,35313,downloaded,35313,
2026-07-17,NSE,BAJAJ-AUTO,raw_l2/trade_date=2026-07-17/exchange=NSE/symbol=BAJAJ-AUTO/part-073950_213564-031971.parquet,real_data_sample\l2_unseen_validation\trade_date=2026-07-17\exchange=NSE\symbol=BAJAJ-AUTO\part-073950_213564-031971.parquet,35292,downloaded,35292,
2026-07-17,NSE,BAJAJ-AUTO,raw_l2/trade_date=2026-07-17/exchange=NSE/symbol=BAJAJ-AUTO/part-074032_734086-032067.parquet,real_data_sample\l2_unseen_validation\trade_date=2026-07-17\exchange=NSE\symbol=BAJAJ-AUTO\part-074032_734086-032067.parquet,35404,downloaded,35404,
2026-07-17,NSE,BAJAJ-AUTO,raw_l2/trade_date=2026-07-17/exchange=NSE/symbol=BAJAJ-AUTO/part-073839_699836-031811.parquet,real_data_sample\l2_unseen_validation\trade_date=2026-07-17\exchange=NSE\symbol=BAJAJ-AUTO\part-073839_699836-031811.parquet,35306,downloaded,35306,
2026-07-17,NSE,BAJAJ-AUTO,raw_l2/trade_date=2026-07-17/exchange=NSE/symbol=BAJAJ-AUTO/part-074100_994257-032131.parquet,real_data_sample\l2_unseen_validation\trade_date=2026-07-17\exchange=NSE\symbol=BAJAJ-AUTO\part-074100_994257-032131.parquet,35422,downloaded,35422,
2026-07-17,NSE,BAJAJ-AUTO,raw_l2/trade_date=2026-07-17/exchange=NSE/symbol=BAJAJ-AUTO/part-074115_215382-032163.parquet,real_data_sample\l2_unseen_validation\trade_date=2026-07-17\exchange=NSE\symbol=BAJAJ-AUTO\part-074115_215382-032163.parquet,35541,downloaded,35541,
2026-07-17,NSE,BAJAJ-AUTO,raw_l2/trade_date=2026-07-17/exchange=NSE/symbol=BAJAJ-AUTO/part-074143_457942-032227.parquet,real_data_sample\l2_unseen_validation\trade_date=2026-07-17\exchange=NSE\symbol=BAJAJ-AUTO\part-074143_457942-032227.parquet,35214,downloaded,35214,
2026-07-17,NSE,BAJAJ-AUTO,raw_l2/trade_date=2026-07-17/exchange=NSE/symbol=BAJAJ-AUTO/part-074129_224926-032195.parquet,real_data_sample\l2_unseen_validation\trade_date=2026-07-17\exchange=NSE\symbol=BAJAJ-AUTO\part-074129_224926-032195.parquet,35155,downloaded,35155,
2026-07-17,NSE,BAJAJ-AUTO,raw_l2/trade_date=2026-07-17/exchange=NSE/symbol=BAJAJ-AUTO/part-074211_490670-032291.parquet,real_data_sample\l2_unseen_validation\trade_date=2026-07-17\exchange=NSE\symbol=BAJAJ-AUTO\part-074211_490670-032291.parquet,35402,downloaded,35402,
2026-07-17,NSE,BAJAJ-AUTO,raw_l2/trade_date=2026-07-17/exchange=NSE/symbol=BAJAJ-AUTO/part-074157_456686-032259.parquet,real_data_sample\l2_unseen_validation\trade_date=2026-07-17\exchange=NSE\symbol=BAJAJ-AUTO\part-074157_456686-032259.parquet,35587,downloaded,35587,
2026-07-17,NSE,BAJAJ-AUTO,raw_l2/trade_date=2026-07-17/exchange=NSE/symbol=BAJAJ-AUTO/part-074321_462764-032451.parquet,real_data_sample\l2_unseen_validation\trade_date=2026-07-17\exchange=NSE\symbol=BAJAJ-AUTO\part-074321_462764-032451.parquet,35396,downloaded,35396,
2026-07-17,NSE,BAJAJ-AUTO,raw_l2/trade_date=2026-07-17/exchange=NSE/symbol=BAJAJ-AUTO/part-074239_252526-032355.parquet,real_data_sample\l2_unseen_validation\trade_date=2026-07-17\exchange=NSE\symbol=BAJAJ-AUTO\part-074239_252526-032355.parquet,35461,downloaded,35461,
2026-07-17,NSE,BAJAJ-AUTO,raw_l2/trade_date=2026-07-17/exchange=NSE/symbol=BAJAJ-AUTO/part-074349_753159-032515.parquet,real_data_sample\l2_unseen_validation\trade_date=2026-07-17\exchange=NSE\symbol=BAJAJ-AUTO\part-074349_753159-032515.parquet,35456,downloaded,35456,
2026-07-17,NSE,BAJAJ-AUTO,raw_l2/trade_date=2026-07-17/exchange=NSE/symbol=BAJAJ-AUTO/part-074500_467008-032675.parquet,real_data_sample\l2_unseen_validation\trade_date=2026-07-17\exchange=NSE\symbol=BAJAJ-AUTO\part-074500_467008-032675.parquet,35646,downloaded,35646,
2026-07-17,NSE,BAJAJ-AUTO,raw_l2/trade_date=2026-07-17/exchange=NSE/symbol=BAJAJ-AUTO/part-074404_459882-032547.parquet,real_data_sample\l2_unseen_validation\trade_date=2026-07-17\exchange=NSE\symbol=BAJAJ-AUTO\part-074404_459882-032547.parquet,35600,downloaded,35600,
2026-07-17,NSE,BAJAJ-AUTO,raw_l2/trade_date=2026-07-17/exchange=NSE/symbol=BAJAJ-AUTO/part-074335_514271-032483.parquet,real_data_sample\l2_unseen_validation\trade_date=2026-07-17\exchange=NSE\symbol=BAJAJ-AUTO\part-074335_514271-032483.parquet,35339,downloaded,35339,
2026-07-17,NSE,BAJAJ-AUTO,raw_l2/trade_date=2026-07-17/exchange=NSE/symbol=BAJAJ-AUTO/part-074307_477322-032419.parquet,real_data_sample\l2_unseen_validation\trade_date=2026-07-17\exchange=NSE\symbol=BAJAJ-AUTO\part-074307_477322-032419.parquet,35374,downloaded,35374,
2026-07-17,NSE,BAJAJ-AUTO,raw_l2/trade_date=2026-07-17/exchange=NSE/symbol=BAJAJ-AUTO/part-074418_467574-032579.parquet,real_data_sample\l2_unseen_validation\trade_date=2026-07-17\exchange=NSE\symbol=BAJAJ-AUTO\part-074418_467574-032579.parquet,35371,downloaded,35371,
2026-07-17,NSE,BAJAJ-AUTO,raw_l2/trade_date=2026-07-17/exchange=NSE/symbol=BAJAJ-AUTO/part-074253_463211-032387.parquet,real_data_sample\l2_unseen_validation\trade_date=2026-07-17\exchange=NSE\symbol=BAJAJ-AUTO\part-074253_463211-032387.parquet,35509,downloaded,35509,
2026-07-17,NSE,BAJAJ-AUTO,raw_l2/trade_date=2026-07-17/exchange=NSE/symbol=BAJAJ-AUTO/part-074432_459791-032611.parquet,real_data_sample\l2_unseen_validation\trade_date=2026-07-17\exchange=NSE\symbol=BAJAJ-AUTO\part-074432_459791-032611.parquet,35490,downloaded,35490,
2026-07-17,NSE,BAJAJ-AUTO,raw_l2/trade_date=2026-07-17/exchange=NSE/symbol=BAJAJ-AUTO/part-074225_454634-032323.parquet,real_data_sample\l2_unseen_validation\trade_date=2026-07-17\exchange=NSE\symbol=BAJAJ-AUTO\part-074225_454634-032323.parquet,35356,downloaded,35356,
2026-07-17,NSE,BAJAJ-AUTO,raw_l2/trade_date=2026-07-17/exchange=NSE/symbol=BAJAJ-AUTO/part-074542_995158-032771.parquet,real_data_sample\l2_unseen_validation\trade_date=2026-07-17\exchange=NSE\symbol=BAJAJ-AUTO\part-074542_995158-032771.parquet,35470,downloaded,35470,
2026-07-17,NSE,BAJAJ-AUTO,raw_l2/trade_date=2026-07-17/exchange=NSE/symbol=BAJAJ-AUTO/part-074514_730295-032707.parquet,real_data_sample\l2_unseen_validation\trade_date=2026-07-17\exchange=NSE\symbol=BAJAJ-AUTO\part-074514_730295-032707.parquet,35723,downloaded,35723,
2026-07-17,NSE,BAJAJ-AUTO,raw_l2/trade_date=2026-07-17/exchange=NSE/symbol=BAJAJ-AUTO/part-071935_729525-029251.parquet,real_data_sample\l2_unseen_validation\trade_date=2026-07-17\exchange=NSE\symbol=BAJAJ-AUTO\part-071935_729525-029251.parquet,35457,downloaded,35457,
2026-07-17,NSE,BAJAJ-AUTO,raw_l2/trade_date=2026-07-17/exchange=NSE/symbol=BAJAJ-AUTO/part-074528_976726-032739.parquet,real_data_sample\l2_unseen_validation\trade_date=2026-07-17\exchange=NSE\symbol=BAJAJ-AUTO\part-074528_976726-032739.parquet,35541,downloaded,35541,
2026-07-17,NSE,BAJAJ-AUTO,raw_l2/trade_date=2026-07-17/exchange=NSE/symbol=BAJAJ-AUTO/part-074556_969186-032803.parquet,real_data_sample\l2_unseen_validation\trade_date=2026-07-17\exchange=NSE\symbol=BAJAJ-AUTO\part-074556_969186-032803.parquet,35948,downloaded,35948,
2026-07-17,NSE,BAJAJ-AUTO,raw_l2/trade_date=2026-07-17/exchange=NSE/symbol=BAJAJ-AUTO/part-074640_005862-032899.parquet,real_data_sample\l2_unseen_validation\trade_date=2026-07-17\exchange=NSE\symbol=BAJAJ-AUTO\part-074640_005862-032899.parquet,35261,downloaded,35261,
2026-07-17,NSE,BAJAJ-AUTO,raw_l2/trade_date=2026-07-17/exchange=NSE/symbol=BAJAJ-AUTO/part-074625_746813-032867.parquet,real_data_sample\l2_unseen_validation\trade_date=2026-07-17\exchange=NSE\symbol=BAJAJ-AUTO\part-074625_746813-032867.parquet,35011,downloaded,35011,
2026-07-17,NSE,BAJAJ-AUTO,raw_l2/trade_date=2026-07-17/exchange=NSE/symbol=BAJAJ-AUTO/part-074654_219213-032931.parquet,real_data_sample\l2_unseen_validation\trade_date=2026-07-17\exchange=NSE\symbol=BAJAJ-AUTO\part-074654_219213-032931.parquet,35660,downloaded,35660,
2026-07-17,NSE,BAJAJ-AUTO,raw_l2/trade_date=2026-07-17/exchange=NSE/symbol=BAJAJ-AUTO/part-074611_538820-032835.parquet,real_data_sample\l2_unseen_validation\trade_date=2026-07-17\exchange=NSE\symbol=BAJAJ-AUTO\part-074611_538820-032835.parquet,35403,downloaded,35403,
2026-07-17,NSE,BAJAJ-AUTO,raw_l2/trade_date=2026-07-17/exchange=NSE/symbol=BAJAJ-AUTO/part-074901_252700-033219.parquet,real_data_sample\l2_unseen_validation\trade_date=2026-07-17\exchange=NSE\symbol=BAJAJ-AUTO\part-074901_252700-033219.parquet,35981,downloaded,35981,
2026-07-17,NSE,BAJAJ-AUTO,raw_l2/trade_date=2026-07-17/exchange=NSE/symbol=BAJAJ-AUTO/part-072018_462262-029347.parquet,real_data_sample\l2_unseen_validation\trade_date=2026-07-17\exchange=NSE\symbol=BAJAJ-AUTO\part-072018_462262-029347.parquet,35586,downloaded,35586,
2026-07-17,NSE,BAJAJ-AUTO,raw_l2/trade_date=2026-07-17/exchange=NSE/symbol=BAJAJ-AUTO/part-074832_944633-033155.parquet,real_data_sample\l2_unseen_validation\trade_date=2026-07-17\exchange=NSE\symbol=BAJAJ-AUTO\part-074832_944633-033155.parquet,35491,downloaded,35491,
2026-07-17,NSE,BAJAJ-AUTO,raw_l2/trade_date=2026-07-17/exchange=NSE/symbol=BAJAJ-AUTO/part-074818_720809-033123.parquet,real_data_sample\l2_unseen_validation\trade_date=2026-07-17\exchange=NSE\symbol=BAJAJ-AUTO\part-074818_720809-033123.parquet,35238,downloaded,35238,
2026-07-17,NSE,BAJAJ-AUTO,raw_l2/trade_date=2026-07-17/exchange=NSE/symbol=BAJAJ-AUTO/part-074750_694688-033059.parquet,real_data_sample\l2_unseen_validation\trade_date=2026-07-17\exchange=NSE\symbol=BAJAJ-AUTO\part-074750_694688-033059.parquet,35610,downloaded,35610,
2026-07-17,NSE,BAJAJ-AUTO,raw_l2/trade_date=2026-07-17/exchange=NSE/symbol=BAJAJ-AUTO/part-074915_445848-033251.parquet,real_data_sample\l2_unseen_validation\trade_date=2026-07-17\exchange=NSE\symbol=BAJAJ-AUTO\part-074915_445848-033251.parquet,35585,downloaded,35585,
2026-07-17,NSE,BAJAJ-AUTO,raw_l2/trade_date=2026-07-17/exchange=NSE/symbol=BAJAJ-AUTO/part-074846_983539-033187.parquet,real_data_sample\l2_unseen_validation\trade_date=2026-07-17\exchange=NSE\symbol=BAJAJ-AUTO\part-074846_983539-033187.parquet,35338,downloaded,35338,
2026-07-17,NSE,BAJAJ-AUTO,raw_l2/trade_date=2026-07-17/exchange=NSE/symbol=BAJAJ-AUTO/part-074804_707433-033091.parquet,real_data_sample\l2_unseen_validation\trade_date=2026-07-17\exchange=NSE\symbol=BAJAJ-AUTO\part-074804_707433-033091.parquet,35508,downloaded,35508,
2026-07-17,NSE,BAJAJ-AUTO,raw_l2/trade_date=2026-07-17/exchange=NSE/symbol=BAJAJ-AUTO/part-074708_225830-032963.parquet,real_data_sample\l2_unseen_validation\trade_date=2026-07-17\exchange=NSE\symbol=BAJAJ-AUTO\part-074708_225830-032963.parquet,35581,downloaded,35581,
2026-07-17,NSE,BAJAJ-AUTO,raw_l2/trade_date=2026-07-17/exchange=NSE/symbol=BAJAJ-AUTO/part-074722_519375-032995.parquet,real_data_sample\l2_unseen_validation\trade_date=2026-07-17\exchange=NSE\symbol=BAJAJ-AUTO\part-074722_519375-032995.parquet,35522,downloaded,35522,
2026-07-17,NSE,BAJAJ-AUTO,raw_l2/trade_date=2026-07-17/exchange=NSE/symbol=BAJAJ-AUTO/part-074736_699391-033027.parquet,real_data_sample\l2_unseen_validation\trade_date=2026-07-17\exchange=NSE\symbol=BAJAJ-AUTO\part-074736_699391-033027.parquet,35300,downloaded,35300,
2026-07-17,NSE,BAJAJ-AUTO,raw_l2/trade_date=2026-07-17/exchange=NSE/symbol=BAJAJ-AUTO/part-075412_998990-033923.parquet,real_data_sample\l2_unseen_validation\trade_date=2026-07-17\exchange=NSE\symbol=BAJAJ-AUTO\part-075412_998990-033923.parquet,35680,downloaded,35680,
2026-07-17,NSE,BAJAJ-AUTO,raw_l2/trade_date=2026-07-17/exchange=NSE/symbol=BAJAJ-AUTO/part-074446_458619-032643.parquet,real_data_sample\l2_unseen_validation\trade_date=2026-07-17\exchange=NSE\symbol=BAJAJ-AUTO\part-074446_458619-032643.parquet,35514,downloaded,35514,
2026-07-17,NSE,BAJAJ-AUTO,raw_l2/trade_date=2026-07-17/exchange=NSE/symbol=BAJAJ-AUTO/part-075108_695875-033507.parquet,real_data_sample\l2_unseen_validation\trade_date=2026-07-17\exchange=NSE\symbol=BAJAJ-AUTO\part-075108_695875-033507.parquet,35417,downloaded,35417,
2026-07-17,NSE,BAJAJ-AUTO,raw_l2/trade_date=2026-07-17/exchange=NSE/symbol=BAJAJ-AUTO/part-075316_749803-033795.parquet,real_data_sample\l2_unseen_validation\trade_date=2026-07-17\exchange=NSE\symbol=BAJAJ-AUTO\part-075316_749803-033795.parquet,35385,downloaded,35385,
2026-07-17,NSE,BAJAJ-AUTO,raw_l2/trade_date=2026-07-17/exchange=NSE/symbol=BAJAJ-AUTO/part-074957_461519-033347.parquet,real_data_sample\l2_unseen_validation\trade_date=2026-07-17\exchange=NSE\symbol=BAJAJ-AUTO\part-074957_461519-033347.parquet,35552,downloaded,35552,
2026-07-17,NSE,BAJAJ-AUTO,raw_l2/trade_date=2026-07-17/exchange=NSE/symbol=BAJAJ-AUTO/part-074929_459389-033283.parquet,real_data_sample\l2_unseen_validation\trade_date=2026-07-17\exchange=NSE\symbol=BAJAJ-AUTO\part-074929_459389-033283.parquet,35385,downloaded,35385,
2026-07-17,NSE,BAJAJ-AUTO,raw_l2/trade_date=2026-07-17/exchange=NSE/symbol=BAJAJ-AUTO/part-074943_474393-033315.parquet,real_data_sample\l2_unseen_validation\trade_date=2026-07-17\exchange=NSE\symbol=BAJAJ-AUTO\part-074943_474393-033315.parquet,35516,downloaded,35516,
2026-07-17,NSE,BAJAJ-AUTO,raw_l2/trade_date=2026-07-17/exchange=NSE/symbol=BAJAJ-AUTO/part-075025_781538-033411.parquet,real_data_sample\l2_unseen_validation\trade_date=2026-07-17\exchange=NSE\symbol=BAJAJ-AUTO\part-075025_781538-033411.parquet,35119,downloaded,35119,
2026-07-17,NSE,BAJAJ-AUTO,raw_l2/trade_date=2026-07-17/exchange=NSE/symbol=BAJAJ-AUTO/part-075122_701755-033539.parquet,real_data_sample\l2_unseen_validation\trade_date=2026-07-17\exchange=NSE\symbol=BAJAJ-AUTO\part-075122_701755-033539.parquet,35253,downloaded,35253,
2026-07-17,NSE,BAJAJ-AUTO,raw_l2/trade_date=2026-07-17/exchange=NSE/symbol=BAJAJ-AUTO/part-075054_695994-033475.parquet,real_data_sample\l2_unseen_validation\trade_date=2026-07-17\exchange=NSE\symbol=BAJAJ-AUTO\part-075054_695994-033475.parquet,35406,downloaded,35406,
2026-07-17,NSE,BAJAJ-AUTO,raw_l2/trade_date=2026-07-17/exchange=NSE/symbol=BAJAJ-AUTO/part-075205_451915-033635.parquet,real_data_sample\l2_unseen_validation\trade_date=2026-07-17\exchange=NSE\symbol=BAJAJ-AUTO\part-075205_451915-033635.parquet,35206,downloaded,35206,
2026-07-17,NSE,BAJAJ-AUTO,raw_l2/trade_date=2026-07-17/exchange=NSE/symbol=BAJAJ-AUTO/part-075330_751396-033827.parquet,real_data_sample\l2_unseen_validation\trade_date=2026-07-17\exchange=NSE\symbol=BAJAJ-AUTO\part-075330_751396-033827.parquet,35337,downloaded,35337,
2026-07-17,NSE,BAJAJ-AUTO,raw_l2/trade_date=2026-07-17/exchange=NSE/symbol=BAJAJ-AUTO/part-075302_504996-033763.parquet,real_data_sample\l2_unseen_validation\trade_date=2026-07-17\exchange=NSE\symbol=BAJAJ-AUTO\part-075302_504996-033763.parquet,35521,downloaded,35521,
2026-07-17,NSE,BAJAJ-AUTO,raw_l2/trade_date=2026-07-17/exchange=NSE/symbol=BAJAJ-AUTO/part-075358_759644-033891.parquet,real_data_sample\l2_unseen_validation\trade_date=2026-07-17\exchange=NSE\symbol=BAJAJ-AUTO\part-075358_759644-033891.parquet,35443,downloaded,35443,
2026-07-17,NSE,BAJAJ-AUTO,raw_l2/trade_date=2026-07-17/exchange=NSE/symbol=BAJAJ-AUTO/part-075219_695937-033667.parquet,real_data_sample\l2_unseen_validation\trade_date=2026-07-17\exchange=NSE\symbol=BAJAJ-AUTO\part-075219_695937-033667.parquet,35209,downloaded,35209,
2026-07-17,NSE,BAJAJ-AUTO,raw_l2/trade_date=2026-07-17/exchange=NSE/symbol=BAJAJ-AUTO/part-075011_443220-033379.parquet,real_data_sample\l2_unseen_validation\trade_date=2026-07-17\exchange=NSE\symbol=BAJAJ-AUTO\part-075011_443220-033379.parquet,35587,downloaded,35587,
2026-07-17,NSE,BAJAJ-AUTO,raw_l2/trade_date=2026-07-17/exchange=NSE/symbol=BAJAJ-AUTO/part-075247_751107-033731.parquet,real_data_sample\l2_unseen_validation\trade_date=2026-07-17\exchange=NSE\symbol=BAJAJ-AUTO\part-075247_751107-033731.parquet,35404,downloaded,35404,
2026-07-17,NSE,BAJAJ-AUTO,raw_l2/trade_date=2026-07-17/exchange=NSE/symbol=BAJAJ-AUTO/part-075426_993098-033955.parquet,real_data_sample\l2_unseen_validation\trade_date=2026-07-17\exchange=NSE\symbol=BAJAJ-AUTO\part-075426_993098-033955.parquet,35292,downloaded,35292,
2026-07-17,NSE,BAJAJ-AUTO,raw_l2/trade_date=2026-07-17/exchange=NSE/symbol=BAJAJ-AUTO/part-075233_716252-033699.parquet,real_data_sample\l2_unseen_validation\trade_date=2026-07-17\exchange=NSE\symbol=BAJAJ-AUTO\part-075233_716252-033699.parquet,35568,downloaded,35568,
2026-07-17,NSE,BAJAJ-AUTO,raw_l2/trade_date=2026-07-17/exchange=NSE/symbol=BAJAJ-AUTO/part-075040_708779-033443.parquet,real_data_sample\l2_unseen_validation\trade_date=2026-07-17\exchange=NSE\symbol=BAJAJ-AUTO\part-075040_708779-033443.parquet,35306,downloaded,35306,
2026-07-17,NSE,BAJAJ-AUTO,raw_l2/trade_date=2026-07-17/exchange=NSE/symbol=BAJAJ-AUTO/part-075136_719860-033571.parquet,real_data_sample\l2_unseen_validation\trade_date=2026-07-17\exchange=NSE\symbol=BAJAJ-AUTO\part-075136_719860-033571.parquet,35319,downloaded,35319,
2026-07-17,NSE,BAJAJ-AUTO,raw_l2/trade_date=2026-07-17/exchange=NSE/symbol=BAJAJ-AUTO/part-075150_988496-033603.parquet,real_data_sample\l2_unseen_validation\trade_date=2026-07-17\exchange=NSE\symbol=BAJAJ-AUTO\part-075150_988496-033603.parquet,35606,downloaded,35606,
2026-07-17,NSE,BAJAJ-AUTO,raw_l2/trade_date=2026-07-17/exchange=NSE/symbol=BAJAJ-AUTO/part-075344_742105-033859.parquet,real_data_sample\l2_unseen_validation\trade_date=2026-07-17\exchange=NSE\symbol=BAJAJ-AUTO\part-075344_742105-033859.parquet,35475,downloaded,35475,
2026-07-17,NSE,BAJAJ-AUTO,raw_l2/trade_date=2026-07-17/exchange=NSE/symbol=BAJAJ-AUTO/part-075523_549372-034083.parquet,real_data_sample\l2_unseen_validation\trade_date=2026-07-17\exchange=NSE\symbol=BAJAJ-AUTO\part-075523_549372-034083.parquet,35177,downloaded,35177,
2026-07-17,NSE,BAJAJ-AUTO,raw_l2/trade_date=2026-07-17/exchange=NSE/symbol=BAJAJ-AUTO/part-075537_489772-034115.parquet,real_data_sample\l2_unseen_validation\trade_date=2026-07-17\exchange=NSE\symbol=BAJAJ-AUTO\part-075537_489772-034115.parquet,35307,downloaded,35307,
2026-07-17,NSE,BAJAJ-AUTO,raw_l2/trade_date=2026-07-17/exchange=NSE/symbol=BAJAJ-AUTO/part-075509_497111-034051.parquet,real_data_sample\l2_unseen_validation\trade_date=2026-07-17\exchange=NSE\symbol=BAJAJ-AUTO\part-075509_497111-034051.parquet,35382,downloaded,35382,
2026-07-17,NSE,BAJAJ-AUTO,raw_l2/trade_date=2026-07-17/exchange=NSE/symbol=BAJAJ-AUTO/part-075551_516404-034147.parquet,real_data_sample\l2_unseen_validation\trade_date=2026-07-17\exchange=NSE\symbol=BAJAJ-AUTO\part-075551_516404-034147.parquet,35020,downloaded,35020,
2026-07-17,NSE,BAJAJ-AUTO,raw_l2/trade_date=2026-07-17/exchange=NSE/symbol=BAJAJ-AUTO/part-075441_027335-033987.parquet,real_data_sample\l2_unseen_validation\trade_date=2026-07-17\exchange=NSE\symbol=BAJAJ-AUTO\part-075441_027335-033987.parquet,35684,downloaded,35684,
2026-07-17,NSE,BAJAJ-AUTO,raw_l2/trade_date=2026-07-17/exchange=NSE/symbol=BAJAJ-AUTO/part-075455_262772-034019.parquet,real_data_sample\l2_unseen_validation\trade_date=2026-07-17\exchange=NSE\symbol=BAJAJ-AUTO\part-075455_262772-034019.parquet,35253,downloaded,35253,
2026-07-17,NSE,BAJAJ-AUTO,raw_l2/trade_date=2026-07-17/exchange=NSE/symbol=BAJAJ-AUTO/part-075605_515203-034179.parquet,real_data_sample\l2_unseen_validation\trade_date=2026-07-17\exchange=NSE\symbol=BAJAJ-AUTO\part-075605_515203-034179.parquet,35286,downloaded,35286,
2026-07-17,NSE,BAJAJ-AUTO,raw_l2/trade_date=2026-07-17/exchange=NSE/symbol=BAJAJ-AUTO/part-075619_755532-034211.parquet,real_data_sample\l2_unseen_validation\trade_date=2026-07-17\exchange=NSE\symbol=BAJAJ-AUTO\part-075619_755532-034211.parquet,35654,downloaded,35654,
2026-07-17,NSE,BAJAJ-AUTO,raw_l2/trade_date=2026-07-17/exchange=NSE/symbol=BAJAJ-AUTO/part-075634_003929-034243.parquet,real_data_sample\l2_unseen_validation\trade_date=2026-07-17\exchange=NSE\symbol=BAJAJ-AUTO\part-075634_003929-034243.parquet,35505,downloaded,35505,
2026-07-17,NSE,BAJAJ-AUTO,raw_l2/trade_date=2026-07-17/exchange=NSE/symbol=BAJAJ-AUTO/part-075716_744523-034339.parquet,real_data_sample\l2_unseen_validation\trade_date=2026-07-17\exchange=NSE\symbol=BAJAJ-AUTO\part-075716_744523-034339.parquet,35197,downloaded,35197,
2026-07-17,NSE,BAJAJ-AUTO,raw_l2/trade_date=2026-07-17/exchange=NSE/symbol=BAJAJ-AUTO/part-075648_267193-034275.parquet,real_data_sample\l2_unseen_validation\trade_date=2026-07-17\exchange=NSE\symbol=BAJAJ-AUTO\part-075648_267193-034275.parquet,35480,downloaded,35480,
2026-07-17,NSE,BAJAJ-AUTO,raw_l2/trade_date=2026-07-17/exchange=NSE/symbol=BAJAJ-AUTO/part-075759_751398-034435.parquet,real_data_sample\l2_unseen_validation\trade_date=2026-07-17\exchange=NSE\symbol=BAJAJ-AUTO\part-075759_751398-034435.parquet,35486,downloaded,35486,
2026-07-17,NSE,BAJAJ-AUTO,raw_l2/trade_date=2026-07-17/exchange=NSE/symbol=BAJAJ-AUTO/part-075745_515837-034403.parquet,real_data_sample\l2_unseen_validation\trade_date=2026-07-17\exchange=NSE\symbol=BAJAJ-AUTO\part-075745_515837-034403.parquet,35477,downloaded,35477,
2026-07-17,NSE,BAJAJ-AUTO,raw_l2/trade_date=2026-07-17/exchange=NSE/symbol=BAJAJ-AUTO/part-075814_282840-034467.parquet,real_data_sample\l2_unseen_validation\trade_date=2026-07-17\exchange=NSE\symbol=BAJAJ-AUTO\part-075814_282840-034467.parquet,35189,downloaded,35189,
2026-07-17,NSE,BAJAJ-AUTO,raw_l2/trade_date=2026-07-17/exchange=NSE/symbol=BAJAJ-AUTO/part-075731_032170-034371.parquet,real_data_sample\l2_unseen_validation\trade_date=2026-07-17\exchange=NSE\symbol=BAJAJ-AUTO\part-075731_032170-034371.parquet,35135,downloaded,35135,
2026-07-17,NSE,BAJAJ-AUTO,raw_l2/trade_date=2026-07-17/exchange=NSE/symbol=BAJAJ-AUTO/part-075843_008822-034531.parquet,real_data_sample\l2_unseen_validation\trade_date=2026-07-17\exchange=NSE\symbol=BAJAJ-AUTO\part-075843_008822-034531.parquet,35368,downloaded,35368,
2026-07-17,NSE,BAJAJ-AUTO,raw_l2/trade_date=2026-07-17/exchange=NSE/symbol=BAJAJ-AUTO/part-075828_746912-034499.parquet,real_data_sample\l2_unseen_validation\trade_date=2026-07-17\exchange=NSE\symbol=BAJAJ-AUTO\part-075828_746912-034499.parquet,35459,downloaded,35459,
2026-07-17,NSE,BAJAJ-AUTO,raw_l2/trade_date=2026-07-17/exchange=NSE/symbol=BAJAJ-AUTO/part-075857_272058-034563.parquet,real_data_sample\l2_unseen_validation\trade_date=2026-07-17\exchange=NSE\symbol=BAJAJ-AUTO\part-075857_272058-034563.parquet,35537,downloaded,35537,
2026-07-17,NSE,BAJAJ-AUTO,raw_l2/trade_date=2026-07-17/exchange=NSE/symbol=BAJAJ-AUTO/part-075911_532030-034595.parquet,real_data_sample\l2_unseen_validation\trade_date=2026-07-17\exchange=NSE\symbol=BAJAJ-AUTO\part-075911_532030-034595.parquet,35698,downloaded,35698,
2026-07-17,NSE,BAJAJ-AUTO,raw_l2/trade_date=2026-07-17/exchange=NSE/symbol=BAJAJ-AUTO/part-080038_500069-034787.parquet,real_data_sample\l2_unseen_validation\trade_date=2026-07-17\exchange=NSE\symbol=BAJAJ-AUTO\part-080038_500069-034787.parquet,35275,downloaded,35275,
2026-07-17,NSE,BAJAJ-AUTO,raw_l2/trade_date=2026-07-17/exchange=NSE/symbol=BAJAJ-AUTO/part-080009_526639-034723.parquet,real_data_sample\l2_unseen_validation\trade_date=2026-07-17\exchange=NSE\symbol=BAJAJ-AUTO\part-080009_526639-034723.parquet,35559,downloaded,35559,
2026-07-17,NSE,BAJAJ-AUTO,raw_l2/trade_date=2026-07-17/exchange=NSE/symbol=BAJAJ-AUTO/part-080052_994665-034819.parquet,real_data_sample\l2_unseen_validation\trade_date=2026-07-17\exchange=NSE\symbol=BAJAJ-AUTO\part-080052_994665-034819.parquet,35297,downloaded,35297,
2026-07-17,NSE,BAJAJ-AUTO,raw_l2/trade_date=2026-07-17/exchange=NSE/symbol=BAJAJ-AUTO/part-080024_269092-034755.parquet,real_data_sample\l2_unseen_validation\trade_date=2026-07-17\exchange=NSE\symbol=BAJAJ-AUTO\part-080024_269092-034755.parquet,35388,downloaded,35388,
2026-07-17,NSE,BAJAJ-AUTO,raw_l2/trade_date=2026-07-17/exchange=NSE/symbol=BAJAJ-AUTO/part-075940_018424-034659.parquet,real_data_sample\l2_unseen_validation\trade_date=2026-07-17\exchange=NSE\symbol=BAJAJ-AUTO\part-075940_018424-034659.parquet,35402,downloaded,35402,
2026-07-17,NSE,BAJAJ-AUTO,raw_l2/trade_date=2026-07-17/exchange=NSE/symbol=BAJAJ-AUTO/part-075925_769681-034627.parquet,real_data_sample\l2_unseen_validation\trade_date=2026-07-17\exchange=NSE\symbol=BAJAJ-AUTO\part-075925_769681-034627.parquet,34983,downloaded,34983,
2026-07-17,NSE,BAJAJ-AUTO,raw_l2/trade_date=2026-07-17/exchange=NSE/symbol=BAJAJ-AUTO/part-075954_344273-034691.parquet,real_data_sample\l2_unseen_validation\trade_date=2026-07-17\exchange=NSE\symbol=BAJAJ-AUTO\part-075954_344273-034691.parquet,35108,downloaded,35108,
2026-07-17,NSE,BAJAJ-AUTO,raw_l2/trade_date=2026-07-17/exchange=NSE/symbol=BAJAJ-AUTO/part-080107_296702-034851.parquet,real_data_sample\l2_unseen_validation\trade_date=2026-07-17\exchange=NSE\symbol=BAJAJ-AUTO\part-080107_296702-034851.parquet,35334,downloaded,35334,
2026-07-17,NSE,BAJAJ-AUTO,raw_l2/trade_date=2026-07-17/exchange=NSE/symbol=BAJAJ-AUTO/part-080121_518786-034883.parquet,real_data_sample\l2_unseen_validation\trade_date=2026-07-17\exchange=NSE\symbol=BAJAJ-AUTO\part-080121_518786-034883.parquet,35539,downloaded,35539,
2026-07-17,NSE,BAJAJ-AUTO,raw_l2/trade_date=2026-07-17/exchange=NSE/symbol=BAJAJ-AUTO/part-080135_782188-034915.parquet,real_data_sample\l2_unseen_validation\trade_date=2026-07-17\exchange=NSE\symbol=BAJAJ-AUTO\part-080135_782188-034915.parquet,35663,downloaded,35663,
2026-07-17,NSE,BAJAJ-AUTO,raw_l2/trade_date=2026-07-17/exchange=NSE/symbol=BAJAJ-AUTO/part-080233_019959-035043.parquet,real_data_sample\l2_unseen_validation\trade_date=2026-07-17\exchange=NSE\symbol=BAJAJ-AUTO\part-080233_019959-035043.parquet,35143,downloaded,35143,
2026-07-17,NSE,BAJAJ-AUTO,raw_l2/trade_date=2026-07-17/exchange=NSE/symbol=BAJAJ-AUTO/part-080150_025446-034947.parquet,real_data_sample\l2_unseen_validation\trade_date=2026-07-17\exchange=NSE\symbol=BAJAJ-AUTO\part-080150_025446-034947.parquet,35593,downloaded,35593,
2026-07-17,NSE,BAJAJ-AUTO,raw_l2/trade_date=2026-07-17/exchange=NSE/symbol=BAJAJ-AUTO/part-080248_014027-035075.parquet,real_data_sample\l2_unseen_validation\trade_date=2026-07-17\exchange=NSE\symbol=BAJAJ-AUTO\part-080248_014027-035075.parquet,35586,downloaded,35586,
2026-07-17,NSE,BAJAJ-AUTO,raw_l2/trade_date=2026-07-17/exchange=NSE/symbol=BAJAJ-AUTO/part-080218_748912-035011.parquet,real_data_sample\l2_unseen_validation\trade_date=2026-07-17\exchange=NSE\symbol=BAJAJ-AUTO\part-080218_748912-035011.parquet,35135,downloaded,35135,
2026-07-17,NSE,BAJAJ-AUTO,raw_l2/trade_date=2026-07-17/exchange=NSE/symbol=BAJAJ-AUTO/part-080316_544004-035139.parquet,real_data_sample\l2_unseen_validation\trade_date=2026-07-17\exchange=NSE\symbol=BAJAJ-AUTO\part-080316_544004-035139.parquet,35254,downloaded,35254,
2026-07-17,NSE,BAJAJ-AUTO,raw_l2/trade_date=2026-07-17/exchange=NSE/symbol=BAJAJ-AUTO/part-080302_262528-035107.parquet,real_data_sample\l2_unseen_validation\trade_date=2026-07-17\exchange=NSE\symbol=BAJAJ-AUTO\part-080302_262528-035107.parquet,35291,downloaded,35291,
2026-07-17,NSE,BAJAJ-AUTO,raw_l2/trade_date=2026-07-17/exchange=NSE/symbol=BAJAJ-AUTO/part-080204_503508-034979.parquet,real_data_sample\l2_unseen_validation\trade_date=2026-07-17\exchange=NSE\symbol=BAJAJ-AUTO\part-080204_503508-034979.parquet,35772,downloaded,35772,
2026-07-17,NSE,BAJAJ-AUTO,raw_l2/trade_date=2026-07-17/exchange=NSE/symbol=BAJAJ-AUTO/part-080330_748507-035171.parquet,real_data_sample\l2_unseen_validation\trade_date=2026-07-17\exchange=NSE\symbol=BAJAJ-AUTO\part-080330_748507-035171.parquet,35342,downloaded,35342,
2026-07-17,NSE,BAJAJ-AUTO,raw_l2/trade_date=2026-07-17/exchange=NSE/symbol=BAJAJ-AUTO/part-080429_712009-035299.parquet,real_data_sample\l2_unseen_validation\trade_date=2026-07-17\exchange=NSE\symbol=BAJAJ-AUTO\part-080429_712009-035299.parquet,35230,downloaded,35230,
2026-07-17,NSE,BAJAJ-AUTO,raw_l2/trade_date=2026-07-17/exchange=NSE/symbol=BAJAJ-AUTO/part-080446_043006-035331.parquet,real_data_sample\l2_unseen_validation\trade_date=2026-07-17\exchange=NSE\symbol=BAJAJ-AUTO\part-080446_043006-035331.parquet,35386,downloaded,35386,
2026-07-17,NSE,BAJAJ-AUTO,raw_l2/trade_date=2026-07-17/exchange=NSE/symbol=BAJAJ-AUTO/part-080414_771595-035267.parquet,real_data_sample\l2_unseen_validation\trade_date=2026-07-17\exchange=NSE\symbol=BAJAJ-AUTO\part-080414_771595-035267.parquet,35335,downloaded,35335,
2026-07-17,NSE,BAJAJ-AUTO,raw_l2/trade_date=2026-07-17/exchange=NSE/symbol=BAJAJ-AUTO/part-080345_160731-035203.parquet,real_data_sample\l2_unseen_validation\trade_date=2026-07-17\exchange=NSE\symbol=BAJAJ-AUTO\part-080345_160731-035203.parquet,35153,downloaded,35153,
2026-07-17,NSE,BAJAJ-AUTO,raw_l2/trade_date=2026-07-17/exchange=NSE/symbol=BAJAJ-AUTO/part-080400_085213-035235.parquet,real_data_sample\l2_unseen_validation\trade_date=2026-07-17\exchange=NSE\symbol=BAJAJ-AUTO\part-080400_085213-035235.parquet,35209,downloaded,35209,
2026-07-17,NSE,BAJAJ-AUTO,raw_l2/trade_date=2026-07-17/exchange=NSE/symbol=BAJAJ-AUTO/part-075702_498892-034307.parquet,real_data_sample\l2_unseen_validation\trade_date=2026-07-17\exchange=NSE\symbol=BAJAJ-AUTO\part-075702_498892-034307.parquet,35143,downloaded,35143,
2026-07-17,NSE,BAJAJ-AUTO,raw_l2/trade_date=2026-07-17/exchange=NSE/symbol=BAJAJ-AUTO/part-080515_014382-035395.parquet,real_data_sample\l2_unseen_validation\trade_date=2026-07-17\exchange=NSE\symbol=BAJAJ-AUTO\part-080515_014382-035395.parquet,35170,downloaded,35170,
2026-07-17,NSE,BAJAJ-AUTO,raw_l2/trade_date=2026-07-17/exchange=NSE/symbol=BAJAJ-AUTO/part-080544_759838-035459.parquet,real_data_sample\l2_unseen_validation\trade_date=2026-07-17\exchange=NSE\symbol=BAJAJ-AUTO\part-080544_759838-035459.parquet,35279,downloaded,35279,
2026-07-17,NSE,BAJAJ-AUTO,raw_l2/trade_date=2026-07-17/exchange=NSE/symbol=BAJAJ-AUTO/part-080529_825711-035427.parquet,real_data_sample\l2_unseen_validation\trade_date=2026-07-17\exchange=NSE\symbol=BAJAJ-AUTO\part-080529_825711-035427.parquet,35348,downloaded,35348,
2026-07-17,NSE,BAJAJ-AUTO,raw_l2/trade_date=2026-07-17/exchange=NSE/symbol=BAJAJ-AUTO/part-080500_810231-035363.parquet,real_data_sample\l2_unseen_validation\trade_date=2026-07-17\exchange=NSE\symbol=BAJAJ-AUTO\part-080500_810231-035363.parquet,35116,downloaded,35116,
2026-07-17,NSE,BAJAJ-AUTO,raw_l2/trade_date=2026-07-17/exchange=NSE/symbol=BAJAJ-AUTO/part-080558_750269-035491.parquet,real_data_sample\l2_unseen_validation\trade_date=2026-07-17\exchange=NSE\symbol=BAJAJ-AUTO\part-080558_750269-035491.parquet,35605,downloaded,35605,
2026-07-17,NSE,BAJAJ-AUTO,raw_l2/trade_date=2026-07-17/exchange=NSE/symbol=BAJAJ-AUTO/part-080612_980125-035523.parquet,real_data_sample\l2_unseen_validation\trade_date=2026-07-17\exchange=NSE\symbol=BAJAJ-AUTO\part-080612_980125-035523.parquet,35592,downloaded,35592,
2026-07-17,NSE,BAJAJ-AUTO,raw_l2/trade_date=2026-07-17/exchange=NSE/symbol=BAJAJ-AUTO/part-080627_342573-035555.parquet,real_data_sample\l2_unseen_validation\trade_date=2026-07-17\exchange=NSE\symbol=BAJAJ-AUTO\part-080627_342573-035555.parquet,35507,downloaded,35507,
2026-07-17,NSE,BAJAJ-AUTO,raw_l2/trade_date=2026-07-17/exchange=NSE/symbol=BAJAJ-AUTO/part-080641_804762-035587.parquet,real_data_sample\l2_unseen_validation\trade_date=2026-07-17\exchange=NSE\symbol=BAJAJ-AUTO\part-080641_804762-035587.parquet,35559,downloaded,35559,
2026-07-17,NSE,BAJAJ-AUTO,raw_l2/trade_date=2026-07-17/exchange=NSE/symbol=BAJAJ-AUTO/part-080754_309679-035747.parquet,real_data_sample\l2_unseen_validation\trade_date=2026-07-17\exchange=NSE\symbol=BAJAJ-AUTO\part-080754_309679-035747.parquet,35562,downloaded,35562,
2026-07-17,NSE,BAJAJ-AUTO,raw_l2/trade_date=2026-07-17/exchange=NSE/symbol=BAJAJ-AUTO/part-080838_039864-035843.parquet,real_data_sample\l2_unseen_validation\trade_date=2026-07-17\exchange=NSE\symbol=BAJAJ-AUTO\part-080838_039864-035843.parquet,35346,downloaded,35346,
2026-07-17,NSE,BAJAJ-AUTO,raw_l2/trade_date=2026-07-17/exchange=NSE/symbol=BAJAJ-AUTO/part-080809_242060-035779.parquet,real_data_sample\l2_unseen_validation\trade_date=2026-07-17\exchange=NSE\symbol=BAJAJ-AUTO\part-080809_242060-035779.parquet,35550,downloaded,35550,
2026-07-17,NSE,BAJAJ-AUTO,raw_l2/trade_date=2026-07-17/exchange=NSE/symbol=BAJAJ-AUTO/part-080710_582257-035651.parquet,real_data_sample\l2_unseen_validation\trade_date=2026-07-17\exchange=NSE\symbol=BAJAJ-AUTO\part-080710_582257-035651.parquet,35367,downloaded,35367,
2026-07-17,NSE,BAJAJ-AUTO,raw_l2/trade_date=2026-07-17/exchange=NSE/symbol=BAJAJ-AUTO/part-080852_791083-035875.parquet,real_data_sample\l2_unseen_validation\trade_date=2026-07-17\exchange=NSE\symbol=BAJAJ-AUTO\part-080852_791083-035875.parquet,35224,downloaded,35224,
2026-07-17,NSE,BAJAJ-AUTO,raw_l2/trade_date=2026-07-17/exchange=NSE/symbol=BAJAJ-AUTO/part-080739_480011-035715.parquet,real_data_sample\l2_unseen_validation\trade_date=2026-07-17\exchange=NSE\symbol=BAJAJ-AUTO\part-080739_480011-035715.parquet,35298,downloaded,35298,
2026-07-17,NSE,BAJAJ-AUTO,raw_l2/trade_date=2026-07-17/exchange=NSE/symbol=BAJAJ-AUTO/part-080725_266203-035683.parquet,real_data_sample\l2_unseen_validation\trade_date=2026-07-17\exchange=NSE\symbol=BAJAJ-AUTO\part-080725_266203-035683.parquet,35370,downloaded,35370,
2026-07-17,NSE,BAJAJ-AUTO,raw_l2/trade_date=2026-07-17/exchange=NSE/symbol=BAJAJ-AUTO/part-080823_535424-035811.parquet,real_data_sample\l2_unseen_validation\trade_date=2026-07-17\exchange=NSE\symbol=BAJAJ-AUTO\part-080823_535424-035811.parquet,35332,downloaded,35332,
2026-07-17,NSE,BAJAJ-AUTO,raw_l2/trade_date=2026-07-17/exchange=NSE/symbol=BAJAJ-AUTO/part-080656_073239-035619.parquet,real_data_sample\l2_unseen_validation\trade_date=2026-07-17\exchange=NSE\symbol=BAJAJ-AUTO\part-080656_073239-035619.parquet,35654,downloaded,35654,
2026-07-17,NSE,BAJAJ-AUTO,raw_l2/trade_date=2026-07-17/exchange=NSE/symbol=BAJAJ-AUTO/part-081132_988698-036227.parquet,real_data_sample\l2_unseen_validation\trade_date=2026-07-17\exchange=NSE\symbol=BAJAJ-AUTO\part-081132_988698-036227.parquet,35613,downloaded,35613,
2026-07-17,NSE,BAJAJ-AUTO,raw_l2/trade_date=2026-07-17/exchange=NSE/symbol=BAJAJ-AUTO/part-081327_579772-036483.parquet,real_data_sample\l2_unseen_validation\trade_date=2026-07-17\exchange=NSE\symbol=BAJAJ-AUTO\part-081327_579772-036483.parquet,35010,downloaded,35010,
2026-07-17,NSE,BAJAJ-AUTO,raw_l2/trade_date=2026-07-17/exchange=NSE/symbol=BAJAJ-AUTO/part-081424_508015-036611.parquet,real_data_sample\l2_unseen_validation\trade_date=2026-07-17\exchange=NSE\symbol=BAJAJ-AUTO\part-081424_508015-036611.parquet,35176,downloaded,35176,
2026-07-17,NSE,BAJAJ-AUTO,raw_l2/trade_date=2026-07-17/exchange=NSE/symbol=BAJAJ-AUTO/part-081244_000882-036387.parquet,real_data_sample\l2_unseen_validation\trade_date=2026-07-17\exchange=NSE\symbol=BAJAJ-AUTO\part-081244_000882-036387.parquet,35422,downloaded,35422,
2026-07-17,NSE,BAJAJ-AUTO,raw_l2/trade_date=2026-07-17/exchange=NSE/symbol=BAJAJ-AUTO/part-081119_020451-036195.parquet,real_data_sample\l2_unseen_validation\trade_date=2026-07-17\exchange=NSE\symbol=BAJAJ-AUTO\part-081119_020451-036195.parquet,35294,downloaded,35294,
2026-07-17,NSE,BAJAJ-AUTO,raw_l2/trade_date=2026-07-17/exchange=NSE/symbol=BAJAJ-AUTO/part-081355_793465-036547.parquet,real_data_sample\l2_unseen_validation\trade_date=2026-07-17\exchange=NSE\symbol=BAJAJ-AUTO\part-081355_793465-036547.parquet,35150,downloaded,35150,
2026-07-17,NSE,BAJAJ-AUTO,raw_l2/trade_date=2026-07-17/exchange=NSE/symbol=BAJAJ-AUTO/part-081036_255071-036099.parquet,real_data_sample\l2_unseen_validation\trade_date=2026-07-17\exchange=NSE\symbol=BAJAJ-AUTO\part-081036_255071-036099.parquet,35387,downloaded,35387,
2026-07-17,NSE,BAJAJ-AUTO,raw_l2/trade_date=2026-07-17/exchange=NSE/symbol=BAJAJ-AUTO/part-081410_326094-036579.parquet,real_data_sample\l2_unseen_validation\trade_date=2026-07-17\exchange=NSE\symbol=BAJAJ-AUTO\part-081410_326094-036579.parquet,35138,downloaded,35138,
2026-07-17,NSE,BAJAJ-AUTO,raw_l2/trade_date=2026-07-17/exchange=NSE/symbol=BAJAJ-AUTO/part-081201_271688-036291.parquet,real_data_sample\l2_unseen_validation\trade_date=2026-07-17\exchange=NSE\symbol=BAJAJ-AUTO\part-081201_271688-036291.parquet,35143,downloaded,35143,
2026-07-17,NSE,BAJAJ-AUTO,raw_l2/trade_date=2026-07-17/exchange=NSE/symbol=BAJAJ-AUTO/part-081258_499468-036419.parquet,real_data_sample\l2_unseen_validation\trade_date=2026-07-17\exchange=NSE\symbol=BAJAJ-AUTO\part-081258_499468-036419.parquet,35210,downloaded,35210,
2026-07-17,NSE,BAJAJ-AUTO,raw_l2/trade_date=2026-07-17/exchange=NSE/symbol=BAJAJ-AUTO/part-081050_735373-036131.parquet,real_data_sample\l2_unseen_validation\trade_date=2026-07-17\exchange=NSE\symbol=BAJAJ-AUTO\part-081050_735373-036131.parquet,35430,downloaded,35430,
2026-07-17,NSE,BAJAJ-AUTO,raw_l2/trade_date=2026-07-17/exchange=NSE/symbol=BAJAJ-AUTO/part-081021_301100-036067.parquet,real_data_sample\l2_unseen_validation\trade_date=2026-07-17\exchange=NSE\symbol=BAJAJ-AUTO\part-081021_301100-036067.parquet,35201,downloaded,35201,
2026-07-17,NSE,BAJAJ-AUTO,raw_l2/trade_date=2026-07-17/exchange=NSE/symbol=BAJAJ-AUTO/part-081104_750081-036163.parquet,real_data_sample\l2_unseen_validation\trade_date=2026-07-17\exchange=NSE\symbol=BAJAJ-AUTO\part-081104_750081-036163.parquet,35410,downloaded,35410,
2026-07-17,NSE,BAJAJ-AUTO,raw_l2/trade_date=2026-07-17/exchange=NSE/symbol=BAJAJ-AUTO/part-081341_757580-036515.parquet,real_data_sample\l2_unseen_validation\trade_date=2026-07-17\exchange=NSE\symbol=BAJAJ-AUTO\part-081341_757580-036515.parquet,35190,downloaded,35190,
2026-07-17,NSE,BAJAJ-AUTO,raw_l2/trade_date=2026-07-17/exchange=NSE/symbol=BAJAJ-AUTO/part-081313_302330-036451.parquet,real_data_sample\l2_unseen_validation\trade_date=2026-07-17\exchange=NSE\symbol=BAJAJ-AUTO\part-081313_302330-036451.parquet,35375,downloaded,35375,
2026-07-17,NSE,BAJAJ-AUTO,raw_l2/trade_date=2026-07-17/exchange=NSE/symbol=BAJAJ-AUTO/part-081147_009724-036259.parquet,real_data_sample\l2_unseen_validation\trade_date=2026-07-17\exchange=NSE\symbol=BAJAJ-AUTO\part-081147_009724-036259.parquet,35370,downloaded,35370,
2026-07-17,NSE,BAJAJ-AUTO,raw_l2/trade_date=2026-07-17/exchange=NSE/symbol=BAJAJ-AUTO/part-080951_489914-036003.parquet,real_data_sample\l2_unseen_validation\trade_date=2026-07-17\exchange=NSE\symbol=BAJAJ-AUTO\part-080951_489914-036003.parquet,35079,downloaded,35079,
2026-07-17,NSE,BAJAJ-AUTO,raw_l2/trade_date=2026-07-17/exchange=NSE/symbol=BAJAJ-AUTO/part-081006_126990-036035.parquet,real_data_sample\l2_unseen_validation\trade_date=2026-07-17\exchange=NSE\symbol=BAJAJ-AUTO\part-081006_126990-036035.parquet,35409,downloaded,35409,
2026-07-17,NSE,BAJAJ-AUTO,raw_l2/trade_date=2026-07-17/exchange=NSE/symbol=BAJAJ-AUTO/part-080937_063166-035971.parquet,real_data_sample\l2_unseen_validation\trade_date=2026-07-17\exchange=NSE\symbol=BAJAJ-AUTO\part-080937_063166-035971.parquet,35387,downloaded,35387,
2026-07-17,NSE,BAJAJ-AUTO,raw_l2/trade_date=2026-07-17/exchange=NSE/symbol=BAJAJ-AUTO/part-080922_268013-035939.parquet,real_data_sample\l2_unseen_validation\trade_date=2026-07-17\exchange=NSE\symbol=BAJAJ-AUTO\part-080922_268013-035939.parquet,35314,downloaded,35314,
2026-07-17,NSE,BAJAJ-AUTO,raw_l2/trade_date=2026-07-17/exchange=NSE/symbol=BAJAJ-AUTO/part-080907_491854-035907.parquet,real_data_sample\l2_unseen_validation\trade_date=2026-07-17\exchange=NSE\symbol=BAJAJ-AUTO\part-080907_491854-035907.parquet,35114,downloaded,35114,
2026-07-17,NSE,BAJAJ-AUTO,raw_l2/trade_date=2026-07-17/exchange=NSE/symbol=BAJAJ-AUTO/part-081215_488003-036323.parquet,real_data_sample\l2_unseen_validation\trade_date=2026-07-17\exchange=NSE\symbol=BAJAJ-AUTO\part-081215_488003-036323.parquet,35348,downloaded,35348,
2026-07-17,NSE,BAJAJ-AUTO,raw_l2/trade_date=2026-07-17/exchange=NSE/symbol=BAJAJ-AUTO/part-081452_747621-036675.parquet,real_data_sample\l2_unseen_validation\trade_date=2026-07-17\exchange=NSE\symbol=BAJAJ-AUTO\part-081452_747621-036675.parquet,35235,downloaded,35235,
2026-07-17,NSE,BAJAJ-AUTO,raw_l2/trade_date=2026-07-17/exchange=NSE/symbol=BAJAJ-AUTO/part-081438_774412-036643.parquet,real_data_sample\l2_unseen_validation\trade_date=2026-07-17\exchange=NSE\symbol=BAJAJ-AUTO\part-081438_774412-036643.parquet,35208,downloaded,35208,
2026-07-17,NSE,BAJAJ-AUTO,raw_l2/trade_date=2026-07-17/exchange=NSE/symbol=BAJAJ-AUTO/part-081506_752586-036707.parquet,real_data_sample\l2_unseen_validation\trade_date=2026-07-17\exchange=NSE\symbol=BAJAJ-AUTO\part-081506_752586-036707.parquet,35450,downloaded,35450,
2026-07-17,NSE,BAJAJ-AUTO,raw_l2/trade_date=2026-07-17/exchange=NSE/symbol=BAJAJ-AUTO/part-081616_974335-036867.parquet,real_data_sample\l2_unseen_validation\trade_date=2026-07-17\exchange=NSE\symbol=BAJAJ-AUTO\part-081616_974335-036867.parquet,35287,downloaded,35287,
2026-07-17,NSE,BAJAJ-AUTO,raw_l2/trade_date=2026-07-17/exchange=NSE/symbol=BAJAJ-AUTO/part-081535_018366-036771.parquet,real_data_sample\l2_unseen_validation\trade_date=2026-07-17\exchange=NSE\symbol=BAJAJ-AUTO\part-081535_018366-036771.parquet,35288,downloaded,35288,
2026-07-17,NSE,BAJAJ-AUTO,raw_l2/trade_date=2026-07-17/exchange=NSE/symbol=BAJAJ-AUTO/part-081549_012950-036803.parquet,real_data_sample\l2_unseen_validation\trade_date=2026-07-17\exchange=NSE\symbol=BAJAJ-AUTO\part-081549_012950-036803.parquet,35188,downloaded,35188,
2026-07-17,NSE,BAJAJ-AUTO,raw_l2/trade_date=2026-07-17/exchange=NSE/symbol=BAJAJ-AUTO/part-081520_993968-036739.parquet,real_data_sample\l2_unseen_validation\trade_date=2026-07-17\exchange=NSE\symbol=BAJAJ-AUTO\part-081520_993968-036739.parquet,35225,downloaded,35225,
2026-07-17,NSE,BAJAJ-AUTO,raw_l2/trade_date=2026-07-17/exchange=NSE/symbol=BAJAJ-AUTO/part-081603_007440-036835.parquet,real_data_sample\l2_unseen_validation\trade_date=2026-07-17\exchange=NSE\symbol=BAJAJ-AUTO\part-081603_007440-036835.parquet,35113,downloaded,35113,
2026-07-17,NSE,BAJAJ-AUTO,raw_l2/trade_date=2026-07-17/exchange=NSE/symbol=BAJAJ-AUTO/part-081630_996134-036899.parquet,real_data_sample\l2_unseen_validation\trade_date=2026-07-17\exchange=NSE\symbol=BAJAJ-AUTO\part-081630_996134-036899.parquet,35360,downloaded,35360,
2026-07-17,NSE,BAJAJ-AUTO,raw_l2/trade_date=2026-07-17/exchange=NSE/symbol=BAJAJ-AUTO/part-081645_047346-036931.parquet,real_data_sample\l2_unseen_validation\trade_date=2026-07-17\exchange=NSE\symbol=BAJAJ-AUTO\part-081645_047346-036931.parquet,35240,downloaded,35240,
2026-07-17,NSE,BAJAJ-AUTO,raw_l2/trade_date=2026-07-17/exchange=NSE/symbol=BAJAJ-AUTO/part-081713_512620-036995.parquet,real_data_sample\l2_unseen_validation\trade_date=2026-07-17\exchange=NSE\symbol=BAJAJ-AUTO\part-081713_512620-036995.parquet,35094,downloaded,35094,
2026-07-17,NSE,BAJAJ-AUTO,raw_l2/trade_date=2026-07-17/exchange=NSE/symbol=BAJAJ-AUTO/part-081727_795469-037027.parquet,real_data_sample\l2_unseen_validation\trade_date=2026-07-17\exchange=NSE\symbol=BAJAJ-AUTO\part-081727_795469-037027.parquet,35152,downloaded,35152,
2026-07-17,NSE,BAJAJ-AUTO,raw_l2/trade_date=2026-07-17/exchange=NSE/symbol=BAJAJ-AUTO/part-081825_496009-037155.parquet,real_data_sample\l2_unseen_validation\trade_date=2026-07-17\exchange=NSE\symbol=BAJAJ-AUTO\part-081825_496009-037155.parquet,35094,downloaded,35094,
2026-07-17,NSE,BAJAJ-AUTO,raw_l2/trade_date=2026-07-17/exchange=NSE/symbol=BAJAJ-AUTO/part-081742_504443-037059.parquet,real_data_sample\l2_unseen_validation\trade_date=2026-07-17\exchange=NSE\symbol=BAJAJ-AUTO\part-081742_504443-037059.parquet,35096,downloaded,35096,
2026-07-17,NSE,BAJAJ-AUTO,raw_l2/trade_date=2026-07-17/exchange=NSE/symbol=BAJAJ-AUTO/part-081756_777089-037091.parquet,real_data_sample\l2_unseen_validation\trade_date=2026-07-17\exchange=NSE\symbol=BAJAJ-AUTO\part-081756_777089-037091.parquet,35106,downloaded,35106,
2026-07-17,NSE,BAJAJ-AUTO,raw_l2/trade_date=2026-07-17/exchange=NSE/symbol=BAJAJ-AUTO/part-081229_553671-036355.parquet,real_data_sample\l2_unseen_validation\trade_date=2026-07-17\exchange=NSE\symbol=BAJAJ-AUTO\part-081229_553671-036355.parquet,35215,downloaded,35215,
2026-07-17,NSE,BAJAJ-AUTO,raw_l2/trade_date=2026-07-17/exchange=NSE/symbol=BAJAJ-AUTO/part-081811_247993-037123.parquet,real_data_sample\l2_unseen_validation\trade_date=2026-07-17\exchange=NSE\symbol=BAJAJ-AUTO\part-081811_247993-037123.parquet,35154,downloaded,35154,
2026-07-17,NSE,BAJAJ-AUTO,raw_l2/trade_date=2026-07-17/exchange=NSE/symbol=BAJAJ-AUTO/part-081839_755770-037187.parquet,real_data_sample\l2_unseen_validation\trade_date=2026-07-17\exchange=NSE\symbol=BAJAJ-AUTO\part-081839_755770-037187.parquet,35270,downloaded,35270,
2026-07-17,NSE,BAJAJ-AUTO,raw_l2/trade_date=2026-07-17/exchange=NSE/symbol=BAJAJ-AUTO/part-081854_270067-037219.parquet,real_data_sample\l2_unseen_validation\trade_date=2026-07-17\exchange=NSE\symbol=BAJAJ-AUTO\part-081854_270067-037219.parquet,35513,downloaded,35513,
2026-07-17,NSE,BAJAJ-AUTO,raw_l2/trade_date=2026-07-17/exchange=NSE/symbol=BAJAJ-AUTO/part-081659_239907-036963.parquet,real_data_sample\l2_unseen_validation\trade_date=2026-07-17\exchange=NSE\symbol=BAJAJ-AUTO\part-081659_239907-036963.parquet,35279,downloaded,35279,
2026-07-17,NSE,BAJAJ-AUTO,raw_l2/trade_date=2026-07-17/exchange=NSE/symbol=BAJAJ-AUTO/part-082049_002901-037475.parquet,real_data_sample\l2_unseen_validation\trade_date=2026-07-17\exchange=NSE\symbol=BAJAJ-AUTO\part-082049_002901-037475.parquet,35744,downloaded,35744,
2026-07-17,NSE,BAJAJ-AUTO,raw_l2/trade_date=2026-07-17/exchange=NSE/symbol=BAJAJ-AUTO/part-082118_019540-037539.parquet,real_data_sample\l2_unseen_validation\trade_date=2026-07-17\exchange=NSE\symbol=BAJAJ-AUTO\part-082118_019540-037539.parquet,35523,downloaded,35523,
2026-07-17,NSE,BAJAJ-AUTO,raw_l2/trade_date=2026-07-17/exchange=NSE/symbol=BAJAJ-AUTO/part-082200_786476-037635.parquet,real_data_sample\l2_unseen_validation\trade_date=2026-07-17\exchange=NSE\symbol=BAJAJ-AUTO\part-082200_786476-037635.parquet,35522,downloaded,35522,
2026-07-17,NSE,BAJAJ-AUTO,raw_l2/trade_date=2026-07-17/exchange=NSE/symbol=BAJAJ-AUTO/part-081922_499304-037283.parquet,real_data_sample\l2_unseen_validation\trade_date=2026-07-17\exchange=NSE\symbol=BAJAJ-AUTO\part-081922_499304-037283.parquet,35543,downloaded,35543,
2026-07-17,NSE,BAJAJ-AUTO,raw_l2/trade_date=2026-07-17/exchange=NSE/symbol=BAJAJ-AUTO/part-082033_743182-037443.parquet,real_data_sample\l2_unseen_validation\trade_date=2026-07-17\exchange=NSE\symbol=BAJAJ-AUTO\part-082033_743182-037443.parquet,35860,downloaded,35860,
2026-07-17,NSE,BAJAJ-AUTO,raw_l2/trade_date=2026-07-17/exchange=NSE/symbol=BAJAJ-AUTO/part-081951_248422-037347.parquet,real_data_sample\l2_unseen_validation\trade_date=2026-07-17\exchange=NSE\symbol=BAJAJ-AUTO\part-081951_248422-037347.parquet,35062,downloaded,35062,
2026-07-17,NSE,BAJAJ-AUTO,raw_l2/trade_date=2026-07-17/exchange=NSE/symbol=BAJAJ-AUTO/part-082005_248028-037379.parquet,real_data_sample\l2_unseen_validation\trade_date=2026-07-17\exchange=NSE\symbol=BAJAJ-AUTO\part-082005_248028-037379.parquet,35103,downloaded,35103,
2026-07-17,NSE,BAJAJ-AUTO,raw_l2/trade_date=2026-07-17/exchange=NSE/symbol=BAJAJ-AUTO/part-082103_524661-037507.parquet,real_data_sample\l2_unseen_validation\trade_date=2026-07-17\exchange=NSE\symbol=BAJAJ-AUTO\part-082103_524661-037507.parquet,35376,downloaded,35376,
2026-07-17,NSE,BAJAJ-AUTO,raw_l2/trade_date=2026-07-17/exchange=NSE/symbol=BAJAJ-AUTO/part-082019_493616-037411.parquet,real_data_sample\l2_unseen_validation\trade_date=2026-07-17\exchange=NSE\symbol=BAJAJ-AUTO\part-082019_493616-037411.parquet,35921,downloaded,35921,
2026-07-17,NSE,BAJAJ-AUTO,raw_l2/trade_date=2026-07-17/exchange=NSE/symbol=BAJAJ-AUTO/part-081936_768983-037315.parquet,real_data_sample\l2_unseen_validation\trade_date=2026-07-17\exchange=NSE\symbol=BAJAJ-AUTO\part-081936_768983-037315.parquet,35238,downloaded,35238,
2026-07-17,NSE,BAJAJ-AUTO,raw_l2/trade_date=2026-07-17/exchange=NSE/symbol=BAJAJ-AUTO/part-082132_275280-037571.parquet,real_data_sample\l2_unseen_validation\trade_date=2026-07-17\exchange=NSE\symbol=BAJAJ-AUTO\part-082132_275280-037571.parquet,35476,downloaded,35476,
2026-07-17,NSE,BAJAJ-AUTO,raw_l2/trade_date=2026-07-17/exchange=NSE/symbol=BAJAJ-AUTO/part-081908_302705-037251.parquet,real_data_sample\l2_unseen_validation\trade_date=2026-07-17\exchange=NSE\symbol=BAJAJ-AUTO\part-081908_302705-037251.parquet,35551,downloaded,35551,
2026-07-17,NSE,BAJAJ-AUTO,raw_l2/trade_date=2026-07-17/exchange=NSE/symbol=BAJAJ-AUTO/part-082326_018257-037827.parquet,real_data_sample\l2_unseen_validation\trade_date=2026-07-17\exchange=NSE\symbol=BAJAJ-AUTO\part-082326_018257-037827.parquet,35617,downloaded,35617,
2026-07-17,NSE,BAJAJ-AUTO,raw_l2/trade_date=2026-07-17/exchange=NSE/symbol=BAJAJ-AUTO/part-082214_988496-037667.parquet,real_data_sample\l2_unseen_validation\trade_date=2026-07-17\exchange=NSE\symbol=BAJAJ-AUTO\part-082214_988496-037667.parquet,35718,downloaded,35718,
2026-07-17,NSE,BAJAJ-AUTO,raw_l2/trade_date=2026-07-17/exchange=NSE/symbol=BAJAJ-AUTO/part-082146_493711-037603.parquet,real_data_sample\l2_unseen_validation\trade_date=2026-07-17\exchange=NSE\symbol=BAJAJ-AUTO\part-082146_493711-037603.parquet,35742,downloaded,35742,
2026-07-17,NSE,BAJAJ-AUTO,raw_l2/trade_date=2026-07-17/exchange=NSE/symbol=BAJAJ-AUTO/part-082311_735371-037795.parquet,real_data_sample\l2_unseen_validation\trade_date=2026-07-17\exchange=NSE\symbol=BAJAJ-AUTO\part-082311_735371-037795.parquet,35200,downloaded,35200,
2026-07-17,NSE,BAJAJ-AUTO,raw_l2/trade_date=2026-07-17/exchange=NSE/symbol=BAJAJ-AUTO/part-082408_314736-037923.parquet,real_data_sample\l2_unseen_validation\trade_date=2026-07-17\exchange=NSE\symbol=BAJAJ-AUTO\part-082408_314736-037923.parquet,35385,downloaded,35385,
2026-07-17,NSE,BAJAJ-AUTO,raw_l2/trade_date=2026-07-17/exchange=NSE/symbol=BAJAJ-AUTO/part-082340_249114-037859.parquet,real_data_sample\l2_unseen_validation\trade_date=2026-07-17\exchange=NSE\symbol=BAJAJ-AUTO\part-082340_249114-037859.parquet,35175,downloaded,35175,
2026-07-17,NSE,BAJAJ-AUTO,raw_l2/trade_date=2026-07-17/exchange=NSE/symbol=BAJAJ-AUTO/part-082243_253980-037731.parquet,real_data_sample\l2_unseen_validation\trade_date=2026-07-17\exchange=NSE\symbol=BAJAJ-AUTO\part-082243_253980-037731.parquet,35343,downloaded,35343,
2026-07-17,NSE,BAJAJ-AUTO,raw_l2/trade_date=2026-07-17/exchange=NSE/symbol=BAJAJ-AUTO/part-082354_244475-037891.parquet,real_data_sample\l2_unseen_validation\trade_date=2026-07-17\exchange=NSE\symbol=BAJAJ-AUTO\part-082354_244475-037891.parquet,35572,downloaded,35572,
2026-07-17,NSE,BAJAJ-AUTO,raw_l2/trade_date=2026-07-17/exchange=NSE/symbol=BAJAJ-AUTO/part-082257_270417-037763.parquet,real_data_sample\l2_unseen_validation\trade_date=2026-07-17\exchange=NSE\symbol=BAJAJ-AUTO\part-082257_270417-037763.parquet,35120,downloaded,35120,
2026-07-17,NSE,BAJAJ-AUTO,raw_l2/trade_date=2026-07-17/exchange=NSE/symbol=BAJAJ-AUTO/part-082228_986969-037699.parquet,real_data_sample\l2_unseen_validation\trade_date=2026-07-17\exchange=NSE\symbol=BAJAJ-AUTO\part-082228_986969-037699.parquet,35549,downloaded,35549,
2026-07-17,NSE,BAJAJ-AUTO,raw_l2/trade_date=2026-07-17/exchange=NSE/symbol=BAJAJ-AUTO/part-082422_524357-037955.parquet,real_data_sample\l2_unseen_validation\trade_date=2026-07-17\exchange=NSE\symbol=BAJAJ-AUTO\part-082422_524357-037955.parquet,35185,downloaded,35185,
2026-07-17,NSE,BAJAJ-AUTO,raw_l2/trade_date=2026-07-17/exchange=NSE/symbol=BAJAJ-AUTO/part-082436_495126-037987.parquet,real_data_sample\l2_unseen_validation\trade_date=2026-07-17\exchange=NSE\symbol=BAJAJ-AUTO\part-082436_495126-037987.parquet,35386,downloaded,35386,
2026-07-17,NSE,BAJAJ-AUTO,raw_l2/trade_date=2026-07-17/exchange=NSE/symbol=BAJAJ-AUTO/part-082504_772106-038051.parquet,real_data_sample\l2_unseen_validation\trade_date=2026-07-17\exchange=NSE\symbol=BAJAJ-AUTO\part-082504_772106-038051.parquet,35395,downloaded,35395,
2026-07-17,NSE,BAJAJ-AUTO,raw_l2/trade_date=2026-07-17/exchange=NSE/symbol=BAJAJ-AUTO/part-082450_746559-038019.parquet,real_data_sample\l2_unseen_validation\trade_date=2026-07-17\exchange=NSE\symbol=BAJAJ-AUTO\part-082450_746559-038019.parquet,35045,downloaded,35045,
2026-07-17,NSE,BAJAJ-AUTO,raw_l2/trade_date=2026-07-17/exchange=NSE/symbol=BAJAJ-AUTO/part-082616_311317-038211.parquet,real_data_sample\l2_unseen_validation\trade_date=2026-07-17\exchange=NSE\symbol=BAJAJ-AUTO\part-082616_311317-038211.parquet,35279,downloaded,35279,
2026-07-17,NSE,BAJAJ-AUTO,raw_l2/trade_date=2026-07-17/exchange=NSE/symbol=BAJAJ-AUTO/part-082518_771261-038083.parquet,real_data_sample\l2_unseen_validation\trade_date=2026-07-17\exchange=NSE\symbol=BAJAJ-AUTO\part-082518_771261-038083.parquet,35464,downloaded,35464,
2026-07-17,NSE,BAJAJ-AUTO,raw_l2/trade_date=2026-07-17/exchange=NSE/symbol=BAJAJ-AUTO/part-082547_555837-038147.parquet,real_data_sample\l2_unseen_validation\trade_date=2026-07-17\exchange=NSE\symbol=BAJAJ-AUTO\part-082547_555837-038147.parquet,34986,downloaded,34986,
2026-07-17,NSE,BAJAJ-AUTO,raw_l2/trade_date=2026-07-17/exchange=NSE/symbol=BAJAJ-AUTO/part-082602_024647-038179.parquet,real_data_sample\l2_unseen_validation\trade_date=2026-07-17\exchange=NSE\symbol=BAJAJ-AUTO\part-082602_024647-038179.parquet,35225,downloaded,35225,
2026-07-17,NSE,BAJAJ-AUTO,raw_l2/trade_date=2026-07-17/exchange=NSE/symbol=BAJAJ-AUTO/part-082630_538510-038243.parquet,real_data_sample\l2_unseen_validation\trade_date=2026-07-17\exchange=NSE\symbol=BAJAJ-AUTO\part-082630_538510-038243.parquet,35527,downloaded,35527,
2026-07-17,NSE,BAJAJ-AUTO,raw_l2/trade_date=2026-07-17/exchange=NSE/symbol=BAJAJ-AUTO/part-082713_254738-038339.parquet,real_data_sample\l2_unseen_validation\trade_date=2026-07-17\exchange=NSE\symbol=BAJAJ-AUTO\part-082713_254738-038339.parquet,35449,downloaded,35449,
2026-07-17,NSE,BAJAJ-AUTO,raw_l2/trade_date=2026-07-17/exchange=NSE/symbol=BAJAJ-AUTO/part-082644_998188-038275.parquet,real_data_sample\l2_unseen_validation\trade_date=2026-07-17\exchange=NSE\symbol=BAJAJ-AUTO\part-082644_998188-038275.parquet,35411,downloaded,35411,
2026-07-17,NSE,BAJAJ-AUTO,raw_l2/trade_date=2026-07-17/exchange=NSE/symbol=BAJAJ-AUTO/part-082658_997204-038307.parquet,real_data_sample\l2_unseen_validation\trade_date=2026-07-17\exchange=NSE\symbol=BAJAJ-AUTO\part-082658_997204-038307.parquet,35278,downloaded,35278,
2026-07-17,NSE,BAJAJ-AUTO,raw_l2/trade_date=2026-07-17/exchange=NSE/symbol=BAJAJ-AUTO/part-082727_506964-038371.parquet,real_data_sample\l2_unseen_validation\trade_date=2026-07-17\exchange=NSE\symbol=BAJAJ-AUTO\part-082727_506964-038371.parquet,35643,downloaded,35643,
2026-07-17,NSE,BAJAJ-AUTO,raw_l2/trade_date=2026-07-17/exchange=NSE/symbol=BAJAJ-AUTO/part-082741_772853-038403.parquet,real_data_sample\l2_unseen_validation\trade_date=2026-07-17\exchange=NSE\symbol=BAJAJ-AUTO\part-082741_772853-038403.parquet,35416,downloaded,35416,
2026-07-17,NSE,BAJAJ-AUTO,raw_l2/trade_date=2026-07-17/exchange=NSE/symbol=BAJAJ-AUTO/part-082756_011762-038435.parquet,real_data_sample\l2_unseen_validation\trade_date=2026-07-17\exchange=NSE\symbol=BAJAJ-AUTO\part-082756_011762-038435.parquet,35450,downloaded,35450,
2026-07-17,NSE,BAJAJ-AUTO,raw_l2/trade_date=2026-07-17/exchange=NSE/symbol=BAJAJ-AUTO/part-082937_513795-038659.parquet,real_data_sample\l2_unseen_validation\trade_date=2026-07-17\exchange=NSE\symbol=BAJAJ-AUTO\part-082937_513795-038659.parquet,35202,downloaded,35202,
2026-07-17,NSE,BAJAJ-AUTO,raw_l2/trade_date=2026-07-17/exchange=NSE/symbol=BAJAJ-AUTO/part-082810_522728-038467.parquet,real_data_sample\l2_unseen_validation\trade_date=2026-07-17\exchange=NSE\symbol=BAJAJ-AUTO\part-082810_522728-038467.parquet,35657,downloaded,35657,
2026-07-17,NSE,BAJAJ-AUTO,raw_l2/trade_date=2026-07-17/exchange=NSE/symbol=BAJAJ-AUTO/part-082908_525162-038595.parquet,real_data_sample\l2_unseen_validation\trade_date=2026-07-17\exchange=NSE\symbol=BAJAJ-AUTO\part-082908_525162-038595.parquet,35204,downloaded,35204,
2026-07-17,NSE,BAJAJ-AUTO,raw_l2/trade_date=2026-07-17/exchange=NSE/symbol=BAJAJ-AUTO/part-082854_008039-038563.parquet,real_data_sample\l2_unseen_validation\trade_date=2026-07-17\exchange=NSE\symbol=BAJAJ-AUTO\part-082854_008039-038563.parquet,35384,downloaded,35384,
2026-07-17,NSE,BAJAJ-AUTO,raw_l2/trade_date=2026-07-17/exchange=NSE/symbol=BAJAJ-AUTO/part-082923_012310-038627.parquet,real_data_sample\l2_unseen_validation\trade_date=2026-07-17\exchange=NSE\symbol=BAJAJ-AUTO\part-082923_012310-038627.parquet,35512,downloaded,35512,
2026-07-17,NSE,BAJAJ-AUTO,raw_l2/trade_date=2026-07-17/exchange=NSE/symbol=BAJAJ-AUTO/part-082839_512591-038531.parquet,real_data_sample\l2_unseen_validation\trade_date=2026-07-17\exchange=NSE\symbol=BAJAJ-AUTO\part-082839_512591-038531.parquet,35403,downloaded,35403,
2026-07-17,NSE,BAJAJ-AUTO,raw_l2/trade_date=2026-07-17/exchange=NSE/symbol=BAJAJ-AUTO/part-082825_039083-038499.parquet,real_data_sample\l2_unseen_validation\trade_date=2026-07-17\exchange=NSE\symbol=BAJAJ-AUTO\part-082825_039083-038499.parquet,35341,downloaded,35341,
2026-07-17,NSE,BAJAJ-AUTO,raw_l2/trade_date=2026-07-17/exchange=NSE/symbol=BAJAJ-AUTO/part-082952_049635-038691.parquet,real_data_sample\l2_unseen_validation\trade_date=2026-07-17\exchange=NSE\symbol=BAJAJ-AUTO\part-082952_049635-038691.parquet,35487,downloaded,35487,
2026-07-17,NSE,BAJAJ-AUTO,raw_l2/trade_date=2026-07-17/exchange=NSE/symbol=BAJAJ-AUTO/part-083006_764089-038723.parquet,real_data_sample\l2_unseen_validation\trade_date=2026-07-17\exchange=NSE\symbol=BAJAJ-AUTO\part-083006_764089-038723.parquet,35483,downloaded,35483,
2026-07-17,NSE,BAJAJ-AUTO,raw_l2/trade_date=2026-07-17/exchange=NSE/symbol=BAJAJ-AUTO/part-083021_264857-038755.parquet,real_data_sample\l2_unseen_validation\trade_date=2026-07-17\exchange=NSE\symbol=BAJAJ-AUTO\part-083021_264857-038755.parquet,35421,downloaded,35421,
2026-07-17,NSE,BAJAJ-AUTO,raw_l2/trade_date=2026-07-17/exchange=NSE/symbol=BAJAJ-AUTO/part-083035_505558-038787.parquet,real_data_sample\l2_unseen_validation\trade_date=2026-07-17\exchange=NSE\symbol=BAJAJ-AUTO\part-083035_505558-038787.parquet,35215,downloaded,35215,
2026-07-17,NSE,BAJAJ-AUTO,raw_l2/trade_date=2026-07-17/exchange=NSE/symbol=BAJAJ-AUTO/part-083050_019524-038819.parquet,real_data_sample\l2_unseen_validation\trade_date=2026-07-17\exchange=NSE\symbol=BAJAJ-AUTO\part-083050_019524-038819.parquet,35443,downloaded,35443,
2026-07-17,NSE,BAJAJ-AUTO,raw_l2/trade_date=2026-07-17/exchange=NSE/symbol=BAJAJ-AUTO/part-083119_280751-038883.parquet,real_data_sample\l2_unseen_validation\trade_date=2026-07-17\exchange=NSE\symbol=BAJAJ-AUTO\part-083119_280751-038883.parquet,35407,downloaded,35407,
2026-07-17,NSE,BAJAJ-AUTO,raw_l2/trade_date=2026-07-17/exchange=NSE/symbol=BAJAJ-AUTO/part-082532_978554-038115.parquet,real_data_sample\l2_unseen_validation\trade_date=2026-07-17\exchange=NSE\symbol=BAJAJ-AUTO\part-082532_978554-038115.parquet,35391,downloaded,35391,
2026-07-17,NSE,BAJAJ-AUTO,raw_l2/trade_date=2026-07-17/exchange=NSE/symbol=BAJAJ-AUTO/part-083202_752809-038979.parquet,real_data_sample\l2_unseen_validation\trade_date=2026-07-17\exchange=NSE\symbol=BAJAJ-AUTO\part-083202_752809-038979.parquet,35099,downloaded,35099,
2026-07-17,NSE,BAJAJ-AUTO,raw_l2/trade_date=2026-07-17/exchange=NSE/symbol=BAJAJ-AUTO/part-083133_788957-038915.parquet,real_data_sample\l2_unseen_validation\trade_date=2026-07-17\exchange=NSE\symbol=BAJAJ-AUTO\part-083133_788957-038915.parquet,35485,downloaded,35485,
2026-07-17,NSE,BAJAJ-AUTO,raw_l2/trade_date=2026-07-17/exchange=NSE/symbol=BAJAJ-AUTO/part-083104_343647-038851.parquet,real_data_sample\l2_unseen_validation\trade_date=2026-07-17\exchange=NSE\symbol=BAJAJ-AUTO\part-083104_343647-038851.parquet,35328,downloaded,35328,
2026-07-17,NSE,BAJAJ-AUTO,raw_l2/trade_date=2026-07-17/exchange=NSE/symbol=BAJAJ-AUTO/part-083801_331186-039779.parquet,real_data_sample\l2_unseen_validation\trade_date=2026-07-17\exchange=NSE\symbol=BAJAJ-AUTO\part-083801_331186-039779.parquet,35525,downloaded,35525,
2026-07-17,NSE,BAJAJ-AUTO,raw_l2/trade_date=2026-07-17/exchange=NSE/symbol=BAJAJ-AUTO/part-083148_508844-038947.parquet,real_data_sample\l2_unseen_validation\trade_date=2026-07-17\exchange=NSE\symbol=BAJAJ-AUTO\part-083148_508844-038947.parquet,35465,downloaded,35465,
2026-07-17,NSE,BAJAJ-AUTO,raw_l2/trade_date=2026-07-17/exchange=NSE/symbol=BAJAJ-AUTO/part-083456_252416-039363.parquet,real_data_sample\l2_unseen_validation\trade_date=2026-07-17\exchange=NSE\symbol=BAJAJ-AUTO\part-083456_252416-039363.parquet,35220,downloaded,35220,
2026-07-17,NSE,BAJAJ-AUTO,raw_l2/trade_date=2026-07-17/exchange=NSE/symbol=BAJAJ-AUTO/part-083217_262933-039011.parquet,real_data_sample\l2_unseen_validation\trade_date=2026-07-17\exchange=NSE\symbol=BAJAJ-AUTO\part-083217_262933-039011.parquet,34920,downloaded,34920,
2026-07-17,NSE,BAJAJ-AUTO,raw_l2/trade_date=2026-07-17/exchange=NSE/symbol=BAJAJ-AUTO/part-083510_764190-039395.parquet,real_data_sample\l2_unseen_validation\trade_date=2026-07-17\exchange=NSE\symbol=BAJAJ-AUTO\part-083510_764190-039395.parquet,35516,downloaded,35516,
2026-07-17,NSE,BAJAJ-AUTO,raw_l2/trade_date=2026-07-17/exchange=NSE/symbol=BAJAJ-AUTO/part-083359_009912-039235.parquet,real_data_sample\l2_unseen_validation\trade_date=2026-07-17\exchange=NSE\symbol=BAJAJ-AUTO\part-083359_009912-039235.parquet,35464,downloaded,35464,
2026-07-17,NSE,BAJAJ-AUTO,raw_l2/trade_date=2026-07-17/exchange=NSE/symbol=BAJAJ-AUTO/part-083442_008797-039331.parquet,real_data_sample\l2_unseen_validation\trade_date=2026-07-17\exchange=NSE\symbol=BAJAJ-AUTO\part-083442_008797-039331.parquet,35675,downloaded,35675,
2026-07-17,NSE,BAJAJ-AUTO,raw_l2/trade_date=2026-07-17/exchange=NSE/symbol=BAJAJ-AUTO/part-083524_998178-039427.parquet,real_data_sample\l2_unseen_validation\trade_date=2026-07-17\exchange=NSE\symbol=BAJAJ-AUTO\part-083524_998178-039427.parquet,35542,downloaded,35542,
2026-07-17,NSE,BAJAJ-AUTO,raw_l2/trade_date=2026-07-17/exchange=NSE/symbol=BAJAJ-AUTO/part-083718_526035-039683.parquet,real_data_sample\l2_unseen_validation\trade_date=2026-07-17\exchange=NSE\symbol=BAJAJ-AUTO\part-083718_526035-039683.parquet,35060,downloaded,35060,
2026-07-17,NSE,BAJAJ-AUTO,raw_l2/trade_date=2026-07-17/exchange=NSE/symbol=BAJAJ-AUTO/part-083413_269542-039267.parquet,real_data_sample\l2_unseen_validation\trade_date=2026-07-17\exchange=NSE\symbol=BAJAJ-AUTO\part-083413_269542-039267.parquet,35324,downloaded,35324,
2026-07-17,NSE,BAJAJ-AUTO,raw_l2/trade_date=2026-07-17/exchange=NSE/symbol=BAJAJ-AUTO/part-083232_005955-039043.parquet,real_data_sample\l2_unseen_validation\trade_date=2026-07-17\exchange=NSE\symbol=BAJAJ-AUTO\part-083232_005955-039043.parquet,35491,downloaded,35491,
2026-07-17,NSE,BAJAJ-AUTO,raw_l2/trade_date=2026-07-17/exchange=NSE/symbol=BAJAJ-AUTO/part-083316_035670-039139.parquet,real_data_sample\l2_unseen_validation\trade_date=2026-07-17\exchange=NSE\symbol=BAJAJ-AUTO\part-083316_035670-039139.parquet,35282,downloaded,35282,
2026-07-17,NSE,BAJAJ-AUTO,raw_l2/trade_date=2026-07-17/exchange=NSE/symbol=BAJAJ-AUTO/part-083539_017966-039459.parquet,real_data_sample\l2_unseen_validation\trade_date=2026-07-17\exchange=NSE\symbol=BAJAJ-AUTO\part-083539_017966-039459.parquet,35381,downloaded,35381,
2026-07-17,NSE,BAJAJ-AUTO,raw_l2/trade_date=2026-07-17/exchange=NSE/symbol=BAJAJ-AUTO/part-083344_528735-039203.parquet,real_data_sample\l2_unseen_validation\trade_date=2026-07-17\exchange=NSE\symbol=BAJAJ-AUTO\part-083344_528735-039203.parquet,35270,downloaded,35270,
2026-07-17,NSE,BAJAJ-AUTO,raw_l2/trade_date=2026-07-17/exchange=NSE/symbol=BAJAJ-AUTO/part-083427_502291-039299.parquet,real_data_sample\l2_unseen_validation\trade_date=2026-07-17\exchange=NSE\symbol=BAJAJ-AUTO\part-083427_502291-039299.parquet,35587,downloaded,35587,
2026-07-17,NSE,BAJAJ-AUTO,raw_l2/trade_date=2026-07-17/exchange=NSE/symbol=BAJAJ-AUTO/part-083246_516096-039075.parquet,real_data_sample\l2_unseen_validation\trade_date=2026-07-17\exchange=NSE\symbol=BAJAJ-AUTO\part-083246_516096-039075.parquet,35280,downloaded,35280,
2026-07-17,NSE,BAJAJ-AUTO,raw_l2/trade_date=2026-07-17/exchange=NSE/symbol=BAJAJ-AUTO/part-083621_754128-039555.parquet,real_data_sample\l2_unseen_validation\trade_date=2026-07-17\exchange=NSE\symbol=BAJAJ-AUTO\part-083621_754128-039555.parquet,35354,downloaded,35354,
2026-07-17,NSE,BAJAJ-AUTO,raw_l2/trade_date=2026-07-17/exchange=NSE/symbol=BAJAJ-AUTO/part-083330_276868-039171.parquet,real_data_sample\l2_unseen_validation\trade_date=2026-07-17\exchange=NSE\symbol=BAJAJ-AUTO\part-083330_276868-039171.parquet,35400,downloaded,35400,
2026-07-17,NSE,BAJAJ-AUTO,raw_l2/trade_date=2026-07-17/exchange=NSE/symbol=BAJAJ-AUTO/part-083301_273672-039107.parquet,real_data_sample\l2_unseen_validation\trade_date=2026-07-17\exchange=NSE\symbol=BAJAJ-AUTO\part-083301_273672-039107.parquet,35468,downloaded,35468,
2026-07-17,NSE,BAJAJ-AUTO,raw_l2/trade_date=2026-07-17/exchange=NSE/symbol=BAJAJ-AUTO/part-083553_242713-039491.parquet,real_data_sample\l2_unseen_validation\trade_date=2026-07-17\exchange=NSE\symbol=BAJAJ-AUTO\part-083553_242713-039491.parquet,35272,downloaded,35272,
2026-07-17,NSE,BAJAJ-AUTO,raw_l2/trade_date=2026-07-17/exchange=NSE/symbol=BAJAJ-AUTO/part-083607_245152-039523.parquet,real_data_sample\l2_unseen_validation\trade_date=2026-07-17\exchange=NSE\symbol=BAJAJ-AUTO\part-083607_245152-039523.parquet,35513,downloaded,35513,
2026-07-17,NSE,BAJAJ-AUTO,raw_l2/trade_date=2026-07-17/exchange=NSE/symbol=BAJAJ-AUTO/part-083815_582752-039811.parquet,real_data_sample\l2_unseen_validation\trade_date=2026-07-17\exchange=NSE\symbol=BAJAJ-AUTO\part-083815_582752-039811.parquet,36043,downloaded,36043,
2026-07-17,NSE,BAJAJ-AUTO,raw_l2/trade_date=2026-07-17/exchange=NSE/symbol=BAJAJ-AUTO/part-083746_983254-039747.parquet,real_data_sample\l2_unseen_validation\trade_date=2026-07-17\exchange=NSE\symbol=BAJAJ-AUTO\part-083746_983254-039747.parquet,34939,downloaded,34939,
2026-07-17,NSE,BAJAJ-AUTO,raw_l2/trade_date=2026-07-17/exchange=NSE/symbol=BAJAJ-AUTO/part-083704_495074-039651.parquet,real_data_sample\l2_unseen_validation\trade_date=2026-07-17\exchange=NSE\symbol=BAJAJ-AUTO\part-083704_495074-039651.parquet,35442,downloaded,35442,
2026-07-17,NSE,BAJAJ-AUTO,raw_l2/trade_date=2026-07-17/exchange=NSE/symbol=BAJAJ-AUTO/part-083635_991756-039587.parquet,real_data_sample\l2_unseen_validation\trade_date=2026-07-17\exchange=NSE\symbol=BAJAJ-AUTO\part-083635_991756-039587.parquet,35318,downloaded,35318,
2026-07-17,NSE,BAJAJ-AUTO,raw_l2/trade_date=2026-07-17/exchange=NSE/symbol=BAJAJ-AUTO/part-083732_736448-039715.parquet,real_data_sample\l2_unseen_validation\trade_date=2026-07-17\exchange=NSE\symbol=BAJAJ-AUTO\part-083732_736448-039715.parquet,35486,downloaded,35486,
2026-07-17,NSE,BAJAJ-AUTO,raw_l2/trade_date=2026-07-17/exchange=NSE/symbol=BAJAJ-AUTO/part-083650_251090-039619.parquet,real_data_sample\l2_unseen_validation\trade_date=2026-07-17\exchange=NSE\symbol=BAJAJ-AUTO\part-083650_251090-039619.parquet,35454,downloaded,35454,
2026-07-17,NSE,BAJAJ-AUTO,raw_l2/trade_date=2026-07-17/exchange=NSE/symbol=BAJAJ-AUTO/part-083829_817972-039843.parquet,real_data_sample\l2_unseen_validation\trade_date=2026-07-17\exchange=NSE\symbol=BAJAJ-AUTO\part-083829_817972-039843.parquet,35882,downloaded,35882,
2026-07-17,NSE,BAJAJ-AUTO,raw_l2/trade_date=2026-07-17/exchange=NSE/symbol=BAJAJ-AUTO/part-083858_540683-039907.parquet,real_data_sample\l2_unseen_validation\trade_date=2026-07-17\exchange=NSE\symbol=BAJAJ-AUTO\part-083858_540683-039907.parquet,35402,downloaded,35402,
2026-07-17,NSE,BAJAJ-AUTO,raw_l2/trade_date=2026-07-17/exchange=NSE/symbol=BAJAJ-AUTO/part-084038_755233-040131.parquet,real_data_sample\l2_unseen_validation\trade_date=2026-07-17\exchange=NSE\symbol=BAJAJ-AUTO\part-084038_755233-040131.parquet,35450,downloaded,35450,
2026-07-17,NSE,BAJAJ-AUTO,raw_l2/trade_date=2026-07-17/exchange=NSE/symbol=BAJAJ-AUTO/part-084331_025824-040515.parquet,real_data_sample\l2_unseen_validation\trade_date=2026-07-17\exchange=NSE\symbol=BAJAJ-AUTO\part-084331_025824-040515.parquet,35489,downloaded,35489,
2026-07-17,NSE,BAJAJ-AUTO,raw_l2/trade_date=2026-07-17/exchange=NSE/symbol=BAJAJ-AUTO/part-084400_026086-040579.parquet,real_data_sample\l2_unseen_validation\trade_date=2026-07-17\exchange=NSE\symbol=BAJAJ-AUTO\part-084400_026086-040579.parquet,35305,downloaded,35305,
2026-07-17,NSE,BAJAJ-AUTO,raw_l2/trade_date=2026-07-17/exchange=NSE/symbol=BAJAJ-AUTO/part-083912_998018-039939.parquet,real_data_sample\l2_unseen_validation\trade_date=2026-07-17\exchange=NSE\symbol=BAJAJ-AUTO\part-083912_998018-039939.parquet,35609,downloaded,35609,
2026-07-17,NSE,BAJAJ-AUTO,raw_l2/trade_date=2026-07-17/exchange=NSE/symbol=BAJAJ-AUTO/part-084204_762356-040323.parquet,real_data_sample\l2_unseen_validation\trade_date=2026-07-17\exchange=NSE\symbol=BAJAJ-AUTO\part-084204_762356-040323.parquet,35244,downloaded,35244,
2026-07-17,NSE,BAJAJ-AUTO,raw_l2/trade_date=2026-07-17/exchange=NSE/symbol=BAJAJ-AUTO/part-084414_266606-040611.parquet,real_data_sample\l2_unseen_validation\trade_date=2026-07-17\exchange=NSE\symbol=BAJAJ-AUTO\part-084414_266606-040611.parquet,35290,downloaded,35290,
2026-07-17,NSE,BAJAJ-AUTO,raw_l2/trade_date=2026-07-17/exchange=NSE/symbol=BAJAJ-AUTO/part-084010_276082-040067.parquet,real_data_sample\l2_unseen_validation\trade_date=2026-07-17\exchange=NSE\symbol=BAJAJ-AUTO\part-084010_276082-040067.parquet,35221,downloaded,35221,
2026-07-17,NSE,BAJAJ-AUTO,raw_l2/trade_date=2026-07-17/exchange=NSE/symbol=BAJAJ-AUTO/part-084150_511504-040291.parquet,real_data_sample\l2_unseen_validation\trade_date=2026-07-17\exchange=NSE\symbol=BAJAJ-AUTO\part-084150_511504-040291.parquet,35516,downloaded,35516,
2026-07-17,NSE,BAJAJ-AUTO,raw_l2/trade_date=2026-07-17/exchange=NSE/symbol=BAJAJ-AUTO/part-084219_249787-040355.parquet,real_data_sample\l2_unseen_validation\trade_date=2026-07-17\exchange=NSE\symbol=BAJAJ-AUTO\part-084219_249787-040355.parquet,35051,downloaded,35051,
2026-07-17,NSE,BAJAJ-AUTO,raw_l2/trade_date=2026-07-17/exchange=NSE/symbol=BAJAJ-AUTO/part-084316_536114-040483.parquet,real_data_sample\l2_unseen_validation\trade_date=2026-07-17\exchange=NSE\symbol=BAJAJ-AUTO\part-084316_536114-040483.parquet,35626,downloaded,35626,
2026-07-17,NSE,BAJAJ-AUTO,raw_l2/trade_date=2026-07-17/exchange=NSE/symbol=BAJAJ-AUTO/part-084233_556920-040387.parquet,real_data_sample\l2_unseen_validation\trade_date=2026-07-17\exchange=NSE\symbol=BAJAJ-AUTO\part-084233_556920-040387.parquet,35234,downloaded,35234,
2026-07-17,NSE,BAJAJ-AUTO,raw_l2/trade_date=2026-07-17/exchange=NSE/symbol=BAJAJ-AUTO/part-084247_803795-040419.parquet,real_data_sample\l2_unseen_validation\trade_date=2026-07-17\exchange=NSE\symbol=BAJAJ-AUTO\part-084247_803795-040419.parquet,35555,downloaded,35555,
2026-07-17,NSE,BAJAJ-AUTO,raw_l2/trade_date=2026-07-17/exchange=NSE/symbol=BAJAJ-AUTO/part-084457_506956-040707.parquet,real_data_sample\l2_unseen_validation\trade_date=2026-07-17\exchange=NSE\symbol=BAJAJ-AUTO\part-084457_506956-040707.parquet,36012,downloaded,36012,
2026-07-17,NSE,BAJAJ-AUTO,raw_l2/trade_date=2026-07-17/exchange=NSE/symbol=BAJAJ-AUTO/part-083955_767813-040035.parquet,real_data_sample\l2_unseen_validation\trade_date=2026-07-17\exchange=NSE\symbol=BAJAJ-AUTO\part-083955_767813-040035.parquet,35275,downloaded,35275,
2026-07-17,NSE,BAJAJ-AUTO,raw_l2/trade_date=2026-07-17/exchange=NSE/symbol=BAJAJ-AUTO/part-084024_520857-040099.parquet,real_data_sample\l2_unseen_validation\trade_date=2026-07-17\exchange=NSE\symbol=BAJAJ-AUTO\part-084024_520857-040099.parquet,35383,downloaded,35383,
2026-07-17,NSE,BAJAJ-AUTO,raw_l2/trade_date=2026-07-17/exchange=NSE/symbol=BAJAJ-AUTO/part-083927_277059-039971.parquet,real_data_sample\l2_unseen_validation\trade_date=2026-07-17\exchange=NSE\symbol=BAJAJ-AUTO\part-083927_277059-039971.parquet,35274,downloaded,35274,
2026-07-17,NSE,BAJAJ-AUTO,raw_l2/trade_date=2026-07-17/exchange=NSE/symbol=BAJAJ-AUTO/part-084302_257760-040451.parquet,real_data_sample\l2_unseen_validation\trade_date=2026-07-17\exchange=NSE\symbol=BAJAJ-AUTO\part-084302_257760-040451.parquet,35459,downloaded,35459,
2026-07-17,NSE,BAJAJ-AUTO,raw_l2/trade_date=2026-07-17/exchange=NSE/symbol=BAJAJ-AUTO/part-084443_254278-040675.parquet,real_data_sample\l2_unseen_validation\trade_date=2026-07-17\exchange=NSE\symbol=BAJAJ-AUTO\part-084443_254278-040675.parquet,35406,downloaded,35406,
2026-07-17,NSE,BAJAJ-AUTO,raw_l2/trade_date=2026-07-17/exchange=NSE/symbol=BAJAJ-AUTO/part-084053_304554-040163.parquet,real_data_sample\l2_unseen_validation\trade_date=2026-07-17\exchange=NSE\symbol=BAJAJ-AUTO\part-084053_304554-040163.parquet,35477,downloaded,35477,
2026-07-17,NSE,BAJAJ-AUTO,raw_l2/trade_date=2026-07-17/exchange=NSE/symbol=BAJAJ-AUTO/part-084526_502779-040771.parquet,real_data_sample\l2_unseen_validation\trade_date=2026-07-17\exchange=NSE\symbol=BAJAJ-AUTO\part-084526_502779-040771.parquet,35495,downloaded,35495,
2026-07-17,NSE,BAJAJ-AUTO,raw_l2/trade_date=2026-07-17/exchange=NSE/symbol=BAJAJ-AUTO/part-084541_022502-040803.parquet,real_data_sample\l2_unseen_validation\trade_date=2026-07-17\exchange=NSE\symbol=BAJAJ-AUTO\part-084541_022502-040803.parquet,36163,downloaded,36163,
2026-07-17,NSE,BAJAJ-AUTO,raw_l2/trade_date=2026-07-17/exchange=NSE/symbol=BAJAJ-AUTO/part-084345_521302-040547.parquet,real_data_sample\l2_unseen_validation\trade_date=2026-07-17\exchange=NSE\symbol=BAJAJ-AUTO\part-084345_521302-040547.parquet,35629,downloaded,35629,
2026-07-17,NSE,BAJAJ-AUTO,raw_l2/trade_date=2026-07-17/exchange=NSE/symbol=BAJAJ-AUTO/part-084136_041560-040259.parquet,real_data_sample\l2_unseen_validation\trade_date=2026-07-17\exchange=NSE\symbol=BAJAJ-AUTO\part-084136_041560-040259.parquet,36013,downloaded,36013,
2026-07-17,NSE,BAJAJ-AUTO,raw_l2/trade_date=2026-07-17/exchange=NSE/symbol=BAJAJ-AUTO/part-083941_553804-040003.parquet,real_data_sample\l2_unseen_validation\trade_date=2026-07-17\exchange=NSE\symbol=BAJAJ-AUTO\part-083941_553804-040003.parquet,34980,downloaded,34980,
2026-07-17,NSE,BAJAJ-AUTO,raw_l2/trade_date=2026-07-17/exchange=NSE/symbol=BAJAJ-AUTO/part-084512_246277-040739.parquet,real_data_sample\l2_unseen_validation\trade_date=2026-07-17\exchange=NSE\symbol=BAJAJ-AUTO\part-084512_246277-040739.parquet,35896,downloaded,35896,
2026-07-17,NSE,BAJAJ-AUTO,raw_l2/trade_date=2026-07-17/exchange=NSE/symbol=BAJAJ-AUTO/part-084428_789179-040643.parquet,real_data_sample\l2_unseen_validation\trade_date=2026-07-17\exchange=NSE\symbol=BAJAJ-AUTO\part-084428_789179-040643.parquet,35419,downloaded,35419,
2026-07-17,NSE,BAJAJ-AUTO,raw_l2/trade_date=2026-07-17/exchange=NSE/symbol=BAJAJ-AUTO/part-084107_499387-040195.parquet,real_data_sample\l2_unseen_validation\trade_date=2026-07-17\exchange=NSE\symbol=BAJAJ-AUTO\part-084107_499387-040195.parquet,35654,downloaded,35654,
2026-07-17,NSE,BAJAJ-AUTO,raw_l2/trade_date=2026-07-17/exchange=NSE/symbol=BAJAJ-AUTO/part-084121_517619-040227.parquet,real_data_sample\l2_unseen_validation\trade_date=2026-07-17\exchange=NSE\symbol=BAJAJ-AUTO\part-084121_517619-040227.parquet,35788,downloaded,35788,
2026-07-17,NSE,BAJAJ-AUTO,raw_l2/trade_date=2026-07-17/exchange=NSE/symbol=BAJAJ-AUTO/part-084555_249314-040835.parquet,real_data_sample\l2_unseen_validation\trade_date=2026-07-17\exchange=NSE\symbol=BAJAJ-AUTO\part-084555_249314-040835.parquet,35803,downloaded,35803,
2026-07-17,NSE,BAJAJ-AUTO,raw_l2/trade_date=2026-07-17/exchange=NSE/symbol=BAJAJ-AUTO/part-085308_631928-041795.parquet,real_data_sample\l2_unseen_validation\trade_date=2026-07-17\exchange=NSE\symbol=BAJAJ-AUTO\part-085308_631928-041795.parquet,35663,downloaded,35663,
2026-07-17,NSE,BAJAJ-AUTO,raw_l2/trade_date=2026-07-17/exchange=NSE/symbol=BAJAJ-AUTO/part-085324_002965-041827.parquet,real_data_sample\l2_unseen_validation\trade_date=2026-07-17\exchange=NSE\symbol=BAJAJ-AUTO\part-085324_002965-041827.parquet,35282,downloaded,35282,
2026-07-17,NSE,BAJAJ-AUTO,raw_l2/trade_date=2026-07-17/exchange=NSE/symbol=BAJAJ-AUTO/part-085339_029419-041859.parquet,real_data_sample\l2_unseen_validation\trade_date=2026-07-17\exchange=NSE\symbol=BAJAJ-AUTO\part-085339_029419-041859.parquet,35452,downloaded,35452,
2026-07-17,NSE,BAJAJ-AUTO,raw_l2/trade_date=2026-07-17/exchange=NSE/symbol=BAJAJ-AUTO/part-085353_253260-041891.parquet,real_data_sample\l2_unseen_validation\trade_date=2026-07-17\exchange=NSE\symbol=BAJAJ-AUTO\part-085353_253260-041891.parquet,35550,downloaded,35550,
2026-07-17,NSE,BAJAJ-AUTO,raw_l2/trade_date=2026-07-17/exchange=NSE/symbol=BAJAJ-AUTO/part-084624_011726-040899.parquet,real_data_sample\l2_unseen_validation\trade_date=2026-07-17\exchange=NSE\symbol=BAJAJ-AUTO\part-084624_011726-040899.parquet,35822,downloaded,35822,
2026-07-17,NSE,BAJAJ-AUTO,raw_l2/trade_date=2026-07-17/exchange=NSE/symbol=BAJAJ-AUTO/part-085407_516176-041923.parquet,real_data_sample\l2_unseen_validation\trade_date=2026-07-17\exchange=NSE\symbol=BAJAJ-AUTO\part-085407_516176-041923.parquet,35372,downloaded,35372,
2026-07-17,NSE,BAJAJ-AUTO,raw_l2/trade_date=2026-07-17/exchange=NSE/symbol=BAJAJ-AUTO/part-084609_777155-040867.parquet,real_data_sample\l2_unseen_validation\trade_date=2026-07-17\exchange=NSE\symbol=BAJAJ-AUTO\part-084609_777155-040867.parquet,36373,downloaded,36373,
2026-07-17,NSE,BAJAJ-AUTO,raw_l2/trade_date=2026-07-17/exchange=NSE/symbol=BAJAJ-AUTO/part-083844_261030-039875.parquet,real_data_sample\l2_unseen_validation\trade_date=2026-07-17\exchange=NSE\symbol=BAJAJ-AUTO\part-083844_261030-039875.parquet,35767,downloaded,35767,
2026-07-17,NSE,BAJAJ-AUTO,raw_l2/trade_date=2026-07-17/exchange=NSE/symbol=BAJAJ-AUTO/part-085421_746777-041955.parquet,real_data_sample\l2_unseen_validation\trade_date=2026-07-17\exchange=NSE\symbol=BAJAJ-AUTO\part-085421_746777-041955.parquet,35511,downloaded,35511,
2026-07-17,NSE,BAJAJ-AUTO,raw_l2/trade_date=2026-07-17/exchange=NSE/symbol=BAJAJ-AUTO/part-084706_790464-040995.parquet,real_data_sample\l2_unseen_validation\trade_date=2026-07-17\exchange=NSE\symbol=BAJAJ-AUTO\part-084706_790464-040995.parquet,35861,downloaded,35861,
2026-07-17,NSE,BAJAJ-AUTO,raw_l2/trade_date=2026-07-17/exchange=NSE/symbol=BAJAJ-AUTO/part-084735_011413-041059.parquet,real_data_sample\l2_unseen_validation\trade_date=2026-07-17\exchange=NSE\symbol=BAJAJ-AUTO\part-084735_011413-041059.parquet,35855,downloaded,35855,
2026-07-17,NSE,BAJAJ-AUTO,raw_l2/trade_date=2026-07-17/exchange=NSE/symbol=BAJAJ-AUTO/part-084818_001702-041155.parquet,real_data_sample\l2_unseen_validation\trade_date=2026-07-17\exchange=NSE\symbol=BAJAJ-AUTO\part-084818_001702-041155.parquet,35860,downloaded,35860,
2026-07-17,NSE,BAJAJ-AUTO,raw_l2/trade_date=2026-07-17/exchange=NSE/symbol=BAJAJ-AUTO/part-084832_314099-041187.parquet,real_data_sample\l2_unseen_validation\trade_date=2026-07-17\exchange=NSE\symbol=BAJAJ-AUTO\part-084832_314099-041187.parquet,35663,downloaded,35663,
2026-07-17,NSE,BAJAJ-AUTO,raw_l2/trade_date=2026-07-17/exchange=NSE/symbol=BAJAJ-AUTO/part-084638_278761-040931.parquet,real_data_sample\l2_unseen_validation\trade_date=2026-07-17\exchange=NSE\symbol=BAJAJ-AUTO\part-084638_278761-040931.parquet,35766,downloaded,35766,
2026-07-17,NSE,BAJAJ-AUTO,raw_l2/trade_date=2026-07-17/exchange=NSE/symbol=BAJAJ-AUTO/part-084652_517329-040963.parquet,real_data_sample\l2_unseen_validation\trade_date=2026-07-17\exchange=NSE\symbol=BAJAJ-AUTO\part-084652_517329-040963.parquet,35690,downloaded,35690,
2026-07-17,NSE,BAJAJ-AUTO,raw_l2/trade_date=2026-07-17/exchange=NSE/symbol=BAJAJ-AUTO/part-084803_764910-041123.parquet,real_data_sample\l2_unseen_validation\trade_date=2026-07-17\exchange=NSE\symbol=BAJAJ-AUTO\part-084803_764910-041123.parquet,35735,downloaded,35735,
2026-07-17,NSE,BAJAJ-AUTO,raw_l2/trade_date=2026-07-17/exchange=NSE/symbol=BAJAJ-AUTO/part-084901_287314-041251.parquet,real_data_sample\l2_unseen_validation\trade_date=2026-07-17\exchange=NSE\symbol=BAJAJ-AUTO\part-084901_287314-041251.parquet,35456,downloaded,35456,
2026-07-17,NSE,BAJAJ-AUTO,raw_l2/trade_date=2026-07-17/exchange=NSE/symbol=BAJAJ-AUTO/part-084930_506070-041315.parquet,real_data_sample\l2_unseen_validation\trade_date=2026-07-17\exchange=NSE\symbol=BAJAJ-AUTO\part-084930_506070-041315.parquet,35523,downloaded,35523,
2026-07-17,NSE,BAJAJ-AUTO,raw_l2/trade_date=2026-07-17/exchange=NSE/symbol=BAJAJ-AUTO/part-084721_005529-041027.parquet,real_data_sample\l2_unseen_validation\trade_date=2026-07-17\exchange=NSE\symbol=BAJAJ-AUTO\part-084721_005529-041027.parquet,35483,downloaded,35483,
2026-07-17,NSE,BAJAJ-AUTO,raw_l2/trade_date=2026-07-17/exchange=NSE/symbol=BAJAJ-AUTO/part-084846_760491-041219.parquet,real_data_sample\l2_unseen_validation\trade_date=2026-07-17\exchange=NSE\symbol=BAJAJ-AUTO\part-084846_760491-041219.parquet,35684,downloaded,35684,
2026-07-17,NSE,BAJAJ-AUTO,raw_l2/trade_date=2026-07-17/exchange=NSE/symbol=BAJAJ-AUTO/part-084749_520415-041091.parquet,real_data_sample\l2_unseen_validation\trade_date=2026-07-17\exchange=NSE\symbol=BAJAJ-AUTO\part-084749_520415-041091.parquet,35855,downloaded,35855,
2026-07-17,NSE,BAJAJ-AUTO,raw_l2/trade_date=2026-07-17/exchange=NSE/symbol=BAJAJ-AUTO/part-085042_508001-041475.parquet,real_data_sample\l2_unseen_validation\trade_date=2026-07-17\exchange=NSE\symbol=BAJAJ-AUTO\part-085042_508001-041475.parquet,35367,downloaded,35367,
2026-07-17,NSE,BAJAJ-AUTO,raw_l2/trade_date=2026-07-17/exchange=NSE/symbol=BAJAJ-AUTO/part-085209_768946-041667.parquet,real_data_sample\l2_unseen_validation\trade_date=2026-07-17\exchange=NSE\symbol=BAJAJ-AUTO\part-085209_768946-041667.parquet,35231,downloaded,35231,
2026-07-17,NSE,BAJAJ-AUTO,raw_l2/trade_date=2026-07-17/exchange=NSE/symbol=BAJAJ-AUTO/part-085155_019823-041635.parquet,real_data_sample\l2_unseen_validation\trade_date=2026-07-17\exchange=NSE\symbol=BAJAJ-AUTO\part-085155_019823-041635.parquet,35157,downloaded,35157,
2026-07-17,NSE,BAJAJ-AUTO,raw_l2/trade_date=2026-07-17/exchange=NSE/symbol=BAJAJ-AUTO/part-085239_015348-041731.parquet,real_data_sample\l2_unseen_validation\trade_date=2026-07-17\exchange=NSE\symbol=BAJAJ-AUTO\part-085239_015348-041731.parquet,35283,downloaded,35283,
2026-07-17,NSE,BAJAJ-AUTO,raw_l2/trade_date=2026-07-17/exchange=NSE/symbol=BAJAJ-AUTO/part-085436_029356-041987.parquet,real_data_sample\l2_unseen_validation\trade_date=2026-07-17\exchange=NSE\symbol=BAJAJ-AUTO\part-085436_029356-041987.parquet,35307,downloaded,35307,
2026-07-17,NSE,BAJAJ-AUTO,raw_l2/trade_date=2026-07-17/exchange=NSE/symbol=BAJAJ-AUTO/part-084959_491199-041379.parquet,real_data_sample\l2_unseen_validation\trade_date=2026-07-17\exchange=NSE\symbol=BAJAJ-AUTO\part-084959_491199-041379.parquet,35592,downloaded,35592,
2026-07-17,NSE,BAJAJ-AUTO,raw_l2/trade_date=2026-07-17/exchange=NSE/symbol=BAJAJ-AUTO/part-084915_586342-041283.parquet,real_data_sample\l2_unseen_validation\trade_date=2026-07-17\exchange=NSE\symbol=BAJAJ-AUTO\part-084915_586342-041283.parquet,35480,downloaded,35480,
2026-07-17,NSE,BAJAJ-AUTO,raw_l2/trade_date=2026-07-17/exchange=NSE/symbol=BAJAJ-AUTO/part-085028_371377-041443.parquet,real_data_sample\l2_unseen_validation\trade_date=2026-07-17\exchange=NSE\symbol=BAJAJ-AUTO\part-085028_371377-041443.parquet,35453,downloaded,35453,
2026-07-17,NSE,BAJAJ-AUTO,raw_l2/trade_date=2026-07-17/exchange=NSE/symbol=BAJAJ-AUTO/part-084945_042437-041347.parquet,real_data_sample\l2_unseen_validation\trade_date=2026-07-17\exchange=NSE\symbol=BAJAJ-AUTO\part-084945_042437-041347.parquet,35237,downloaded,35237,
2026-07-17,NSE,BAJAJ-AUTO,raw_l2/trade_date=2026-07-17/exchange=NSE/symbol=BAJAJ-AUTO/part-085014_027321-041411.parquet,real_data_sample\l2_unseen_validation\trade_date=2026-07-17\exchange=NSE\symbol=BAJAJ-AUTO\part-085014_027321-041411.parquet,35740,downloaded,35740,
2026-07-17,NSE,BAJAJ-AUTO,raw_l2/trade_date=2026-07-17/exchange=NSE/symbol=BAJAJ-AUTO/part-085450_503532-042019.parquet,real_data_sample\l2_unseen_validation\trade_date=2026-07-17\exchange=NSE\symbol=BAJAJ-AUTO\part-085450_503532-042019.parquet,35160,downloaded,35160,
2026-07-17,NSE,BAJAJ-AUTO,raw_l2/trade_date=2026-07-17/exchange=NSE/symbol=BAJAJ-AUTO/part-085057_015183-041507.parquet,real_data_sample\l2_unseen_validation\trade_date=2026-07-17\exchange=NSE\symbol=BAJAJ-AUTO\part-085057_015183-041507.parquet,35672,downloaded,35672,
2026-07-17,NSE,BAJAJ-AUTO,raw_l2/trade_date=2026-07-17/exchange=NSE/symbol=BAJAJ-AUTO/part-085504_810431-042051.parquet,real_data_sample\l2_unseen_validation\trade_date=2026-07-17\exchange=NSE\symbol=BAJAJ-AUTO\part-085504_810431-042051.parquet,35273,downloaded,35273,
2026-07-17,NSE,BAJAJ-AUTO,raw_l2/trade_date=2026-07-17/exchange=NSE/symbol=BAJAJ-AUTO/part-085253_781881-041763.parquet,real_data_sample\l2_unseen_validation\trade_date=2026-07-17\exchange=NSE\symbol=BAJAJ-AUTO\part-085253_781881-041763.parquet,35241,downloaded,35241,
2026-07-17,NSE,BAJAJ-AUTO,raw_l2/trade_date=2026-07-17/exchange=NSE/symbol=BAJAJ-AUTO/part-085126_266299-041571.parquet,real_data_sample\l2_unseen_validation\trade_date=2026-07-17\exchange=NSE\symbol=BAJAJ-AUTO\part-085126_266299-041571.parquet,35346,downloaded,35346,
2026-07-17,NSE,BAJAJ-AUTO,raw_l2/trade_date=2026-07-17/exchange=NSE/symbol=BAJAJ-AUTO/part-085111_762941-041539.parquet,real_data_sample\l2_unseen_validation\trade_date=2026-07-17\exchange=NSE\symbol=BAJAJ-AUTO\part-085111_762941-041539.parquet,35615,downloaded,35615,
2026-07-17,NSE,BAJAJ-AUTO,raw_l2/trade_date=2026-07-17/exchange=NSE/symbol=BAJAJ-AUTO/part-085140_513860-041603.parquet,real_data_sample\l2_unseen_validation\trade_date=2026-07-17\exchange=NSE\symbol=BAJAJ-AUTO\part-085140_513860-041603.parquet,35353,downloaded,35353,
2026-07-17,NSE,BAJAJ-AUTO,raw_l2/trade_date=2026-07-17/exchange=NSE/symbol=BAJAJ-AUTO/part-085224_323789-041699.parquet,real_data_sample\l2_unseen_validation\trade_date=2026-07-17\exchange=NSE\symbol=BAJAJ-AUTO\part-085224_323789-041699.parquet,35326,downloaded,35326,
2026-07-17,NSE,BAJAJ-AUTO,raw_l2/trade_date=2026-07-17/exchange=NSE/symbol=BAJAJ-AUTO/part-085533_256319-042115.parquet,real_data_sample\l2_unseen_validation\trade_date=2026-07-17\exchange=NSE\symbol=BAJAJ-AUTO\part-085533_256319-042115.parquet,35383,downloaded,35383,
2026-07-17,NSE,BAJAJ-AUTO,raw_l2/trade_date=2026-07-17/exchange=NSE/symbol=BAJAJ-AUTO/part-085601_760739-042179.parquet,real_data_sample\l2_unseen_validation\trade_date=2026-07-17\exchange=NSE\symbol=BAJAJ-AUTO\part-085601_760739-042179.parquet,35536,downloaded,35536,
2026-07-17,NSE,BAJAJ-AUTO,raw_l2/trade_date=2026-07-17/exchange=NSE/symbol=BAJAJ-AUTO/part-085547_507070-042147.parquet,real_data_sample\l2_unseen_validation\trade_date=2026-07-17\exchange=NSE\symbol=BAJAJ-AUTO\part-085547_507070-042147.parquet,35123,downloaded,35123,
2026-07-17,NSE,BAJAJ-AUTO,raw_l2/trade_date=2026-07-17/exchange=NSE/symbol=BAJAJ-AUTO/part-085630_016946-042243.parquet,real_data_sample\l2_unseen_validation\trade_date=2026-07-17\exchange=NSE\symbol=BAJAJ-AUTO\part-085630_016946-042243.parquet,35120,downloaded,35120,
2026-07-17,NSE,BAJAJ-AUTO,raw_l2/trade_date=2026-07-17/exchange=NSE/symbol=BAJAJ-AUTO/part-085810_258073-042467.parquet,real_data_sample\l2_unseen_validation\trade_date=2026-07-17\exchange=NSE\symbol=BAJAJ-AUTO\part-085810_258073-042467.parquet,35620,downloaded,35620,
2026-07-17,NSE,BAJAJ-AUTO,raw_l2/trade_date=2026-07-17/exchange=NSE/symbol=BAJAJ-AUTO/part-085853_525383-042563.parquet,real_data_sample\l2_unseen_validation\trade_date=2026-07-17\exchange=NSE\symbol=BAJAJ-AUTO\part-085853_525383-042563.parquet,35353,downloaded,35353,
2026-07-17,NSE,BAJAJ-AUTO,raw_l2/trade_date=2026-07-17/exchange=NSE/symbol=BAJAJ-AUTO/part-085644_253901-042275.parquet,real_data_sample\l2_unseen_validation\trade_date=2026-07-17\exchange=NSE\symbol=BAJAJ-AUTO\part-085644_253901-042275.parquet,35027,downloaded,35027,
2026-07-17,NSE,BAJAJ-AUTO,raw_l2/trade_date=2026-07-17/exchange=NSE/symbol=BAJAJ-AUTO/part-085615_747908-042211.parquet,real_data_sample\l2_unseen_validation\trade_date=2026-07-17\exchange=NSE\symbol=BAJAJ-AUTO\part-085615_747908-042211.parquet,35396,downloaded,35396,
2026-07-17,NSE,BAJAJ-AUTO,raw_l2/trade_date=2026-07-17/exchange=NSE/symbol=BAJAJ-AUTO/part-085839_021977-042531.parquet,real_data_sample\l2_unseen_validation\trade_date=2026-07-17\exchange=NSE\symbol=BAJAJ-AUTO\part-085839_021977-042531.parquet,34943,downloaded,34943,
2026-07-17,NSE,BAJAJ-AUTO,raw_l2/trade_date=2026-07-17/exchange=NSE/symbol=BAJAJ-AUTO/part-085908_009862-042595.parquet,real_data_sample\l2_unseen_validation\trade_date=2026-07-17\exchange=NSE\symbol=BAJAJ-AUTO\part-085908_009862-042595.parquet,35541,downloaded,35541,
2026-07-17,NSE,BAJAJ-AUTO,raw_l2/trade_date=2026-07-17/exchange=NSE/symbol=BAJAJ-AUTO/part-085824_531228-042499.parquet,real_data_sample\l2_unseen_validation\trade_date=2026-07-17\exchange=NSE\symbol=BAJAJ-AUTO\part-085824_531228-042499.parquet,35118,downloaded,35118,
2026-07-17,NSE,BAJAJ-AUTO,raw_l2/trade_date=2026-07-17/exchange=NSE/symbol=BAJAJ-AUTO/part-085755_806639-042435.parquet,real_data_sample\l2_unseen_validation\trade_date=2026-07-17\exchange=NSE\symbol=BAJAJ-AUTO\part-085755_806639-042435.parquet,35370,downloaded,35370,
2026-07-17,NSE,BAJAJ-AUTO,raw_l2/trade_date=2026-07-17/exchange=NSE/symbol=BAJAJ-AUTO/part-085741_294024-042403.parquet,real_data_sample\l2_unseen_validation\trade_date=2026-07-17\exchange=NSE\symbol=BAJAJ-AUTO\part-085741_294024-042403.parquet,35475,downloaded,35475,
2026-07-17,NSE,BAJAJ-AUTO,raw_l2/trade_date=2026-07-17/exchange=NSE/symbol=BAJAJ-AUTO/part-085712_884978-042339.parquet,real_data_sample\l2_unseen_validation\trade_date=2026-07-17\exchange=NSE\symbol=BAJAJ-AUTO\part-085712_884978-042339.parquet,35345,downloaded,35345,
2026-07-17,NSE,BAJAJ-AUTO,raw_l2/trade_date=2026-07-17/exchange=NSE/symbol=BAJAJ-AUTO/part-085726_985290-042371.parquet,real_data_sample\l2_unseen_validation\trade_date=2026-07-17\exchange=NSE\symbol=BAJAJ-AUTO\part-085726_985290-042371.parquet,35318,downloaded,35318,
2026-07-17,NSE,BAJAJ-AUTO,raw_l2/trade_date=2026-07-17/exchange=NSE/symbol=BAJAJ-AUTO/part-085952_017228-042691.parquet,real_data_sample\l2_unseen_validation\trade_date=2026-07-17\exchange=NSE\symbol=BAJAJ-AUTO\part-085952_017228-042691.parquet,35245,downloaded,35245,
2026-07-17,NSE,BAJAJ-AUTO,raw_l2/trade_date=2026-07-17/exchange=NSE/symbol=BAJAJ-AUTO/part-085658_531430-042307.parquet,real_data_sample\l2_unseen_validation\trade_date=2026-07-17\exchange=NSE\symbol=BAJAJ-AUTO\part-085658_531430-042307.parquet,35098,downloaded,35098,
2026-07-17,NSE,BAJAJ-AUTO,raw_l2/trade_date=2026-07-17/exchange=NSE/symbol=BAJAJ-AUTO/part-085937_307922-042659.parquet,real_data_sample\l2_unseen_validation\trade_date=2026-07-17\exchange=NSE\symbol=BAJAJ-AUTO\part-085937_307922-042659.parquet,35181,downloaded,35181,
2026-07-17,NSE,BAJAJ-AUTO,raw_l2/trade_date=2026-07-17/exchange=NSE/symbol=BAJAJ-AUTO/part-085922_539747-042627.parquet,real_data_sample\l2_unseen_validation\trade_date=2026-07-17\exchange=NSE\symbol=BAJAJ-AUTO\part-085922_539747-042627.parquet,35417,downloaded,35417,
2026-07-17,NSE,BAJAJ-AUTO,raw_l2/trade_date=2026-07-17/exchange=NSE/symbol=BAJAJ-AUTO/part-090021_022435-042755.parquet,real_data_sample\l2_unseen_validation\trade_date=2026-07-17\exchange=NSE\symbol=BAJAJ-AUTO\part-090021_022435-042755.parquet,35803,downloaded,35803,
2026-07-17,NSE,BAJAJ-AUTO,raw_l2/trade_date=2026-07-17/exchange=NSE/symbol=BAJAJ-AUTO/part-090049_778485-042819.parquet,real_data_sample\l2_unseen_validation\trade_date=2026-07-17\exchange=NSE\symbol=BAJAJ-AUTO\part-090049_778485-042819.parquet,35521,downloaded,35521,
2026-07-17,NSE,BAJAJ-AUTO,raw_l2/trade_date=2026-07-17/exchange=NSE/symbol=BAJAJ-AUTO/part-090119_031363-042883.parquet,real_data_sample\l2_unseen_validation\trade_date=2026-07-17\exchange=NSE\symbol=BAJAJ-AUTO\part-090119_031363-042883.parquet,35313,downloaded,35313,
2026-07-17,NSE,BAJAJ-AUTO,raw_l2/trade_date=2026-07-17/exchange=NSE/symbol=BAJAJ-AUTO/part-090133_516296-042915.parquet,real_data_sample\l2_unseen_validation\trade_date=2026-07-17\exchange=NSE\symbol=BAJAJ-AUTO\part-090133_516296-042915.parquet,35570,downloaded,35570,
2026-07-17,NSE,BAJAJ-AUTO,raw_l2/trade_date=2026-07-17/exchange=NSE/symbol=BAJAJ-AUTO/part-090104_511915-042851.parquet,real_data_sample\l2_unseen_validation\trade_date=2026-07-17\exchange=NSE\symbol=BAJAJ-AUTO\part-090104_511915-042851.parquet,35556,downloaded,35556,
2026-07-17,NSE,BAJAJ-AUTO,raw_l2/trade_date=2026-07-17/exchange=NSE/symbol=BAJAJ-AUTO/part-090148_011629-042947.parquet,real_data_sample\l2_unseen_validation\trade_date=2026-07-17\exchange=NSE\symbol=BAJAJ-AUTO\part-090148_011629-042947.parquet,35646,downloaded,35646,
2026-07-17,NSE,BAJAJ-AUTO,raw_l2/trade_date=2026-07-17/exchange=NSE/symbol=BAJAJ-AUTO/part-090006_523885-042723.parquet,real_data_sample\l2_unseen_validation\trade_date=2026-07-17\exchange=NSE\symbol=BAJAJ-AUTO\part-090006_523885-042723.parquet,35473,downloaded,35473,
2026-07-17,NSE,BAJAJ-AUTO,raw_l2/trade_date=2026-07-17/exchange=NSE/symbol=BAJAJ-AUTO/part-090035_280514-042787.parquet,real_data_sample\l2_unseen_validation\trade_date=2026-07-17\exchange=NSE\symbol=BAJAJ-AUTO\part-090035_280514-042787.parquet,35577,downloaded,35577,
2026-07-17,NSE,BAJAJ-AUTO,raw_l2/trade_date=2026-07-17/exchange=NSE/symbol=BAJAJ-AUTO/part-090230_772046-043043.parquet,real_data_sample\l2_unseen_validation\trade_date=2026-07-17\exchange=NSE\symbol=BAJAJ-AUTO\part-090230_772046-043043.parquet,35487,downloaded,35487,
2026-07-17,NSE,BAJAJ-AUTO,raw_l2/trade_date=2026-07-17/exchange=NSE/symbol=BAJAJ-AUTO/part-090216_499814-043011.parquet,real_data_sample\l2_unseen_validation\trade_date=2026-07-17\exchange=NSE\symbol=BAJAJ-AUTO\part-090216_499814-043011.parquet,35299,downloaded,35299,
2026-07-17,NSE,BAJAJ-AUTO,raw_l2/trade_date=2026-07-17/exchange=NSE/symbol=BAJAJ-AUTO/part-090245_276618-043075.parquet,real_data_sample\l2_unseen_validation\trade_date=2026-07-17\exchange=NSE\symbol=BAJAJ-AUTO\part-090245_276618-043075.parquet,35319,downloaded,35319,
2026-07-17,NSE,BAJAJ-AUTO,raw_l2/trade_date=2026-07-17/exchange=NSE/symbol=BAJAJ-AUTO/part-090314_033863-043139.parquet,real_data_sample\l2_unseen_validation\trade_date=2026-07-17\exchange=NSE\symbol=BAJAJ-AUTO\part-090314_033863-043139.parquet,35385,downloaded,35385,
2026-07-17,NSE,BAJAJ-AUTO,raw_l2/trade_date=2026-07-17/exchange=NSE/symbol=BAJAJ-AUTO/part-090328_527785-043171.parquet,real_data_sample\l2_unseen_validation\trade_date=2026-07-17\exchange=NSE\symbol=BAJAJ-AUTO\part-090328_527785-043171.parquet,35632,downloaded,35632,
2026-07-17,NSE,BAJAJ-AUTO,raw_l2/trade_date=2026-07-17/exchange=NSE/symbol=BAJAJ-AUTO/part-090202_278136-042979.parquet,real_data_sample\l2_unseen_validation\trade_date=2026-07-17\exchange=NSE\symbol=BAJAJ-AUTO\part-090202_278136-042979.parquet,35461,downloaded,35461,
2026-07-17,NSE,BAJAJ-AUTO,raw_l2/trade_date=2026-07-17/exchange=NSE/symbol=BAJAJ-AUTO/part-090259_555524-043107.parquet,real_data_sample\l2_unseen_validation\trade_date=2026-07-17\exchange=NSE\symbol=BAJAJ-AUTO\part-090259_555524-043107.parquet,35198,downloaded,35198,
2026-07-17,NSE,BAJAJ-AUTO,raw_l2/trade_date=2026-07-17/exchange=NSE/symbol=BAJAJ-AUTO/part-090412_473215-043267.parquet,real_data_sample\l2_unseen_validation\trade_date=2026-07-17\exchange=NSE\symbol=BAJAJ-AUTO\part-090412_473215-043267.parquet,35356,downloaded,35356,
2026-07-17,NSE,BAJAJ-AUTO,raw_l2/trade_date=2026-07-17/exchange=NSE/symbol=BAJAJ-AUTO/part-090441_514195-043331.parquet,real_data_sample\l2_unseen_validation\trade_date=2026-07-17\exchange=NSE\symbol=BAJAJ-AUTO\part-090441_514195-043331.parquet,35427,downloaded,35427,
2026-07-17,NSE,BAJAJ-AUTO,raw_l2/trade_date=2026-07-17/exchange=NSE/symbol=BAJAJ-AUTO/part-090456_270618-043363.parquet,real_data_sample\l2_unseen_validation\trade_date=2026-07-17\exchange=NSE\symbol=BAJAJ-AUTO\part-090456_270618-043363.parquet,35562,downloaded,35562,
2026-07-17,NSE,BAJAJ-AUTO,raw_l2/trade_date=2026-07-17/exchange=NSE/symbol=BAJAJ-AUTO/part-090511_021950-043395.parquet,real_data_sample\l2_unseen_validation\trade_date=2026-07-17\exchange=NSE\symbol=BAJAJ-AUTO\part-090511_021950-043395.parquet,35508,downloaded,35508,
2026-07-17,NSE,BAJAJ-AUTO,raw_l2/trade_date=2026-07-17/exchange=NSE/symbol=BAJAJ-AUTO/part-090539_981849-043459.parquet,real_data_sample\l2_unseen_validation\trade_date=2026-07-17\exchange=NSE\symbol=BAJAJ-AUTO\part-090539_981849-043459.parquet,35268,downloaded,35268,
2026-07-17,NSE,BAJAJ-AUTO,raw_l2/trade_date=2026-07-17/exchange=NSE/symbol=BAJAJ-AUTO/part-090358_227509-043235.parquet,real_data_sample\l2_unseen_validation\trade_date=2026-07-17\exchange=NSE\symbol=BAJAJ-AUTO\part-090358_227509-043235.parquet,35539,downloaded,35539,
2026-07-17,NSE,BAJAJ-AUTO,raw_l2/trade_date=2026-07-17/exchange=NSE/symbol=BAJAJ-AUTO/part-090525_491687-043427.parquet,real_data_sample\l2_unseen_validation\trade_date=2026-07-17\exchange=NSE\symbol=BAJAJ-AUTO\part-090525_491687-043427.parquet,35410,downloaded,35410,
2026-07-17,NSE,BAJAJ-AUTO,raw_l2/trade_date=2026-07-17/exchange=NSE/symbol=BAJAJ-AUTO/part-090554_229992-043491.parquet,real_data_sample\l2_unseen_validation\trade_date=2026-07-17\exchange=NSE\symbol=BAJAJ-AUTO\part-090554_229992-043491.parquet,35500,downloaded,35500,
2026-07-17,NSE,BAJAJ-AUTO,raw_l2/trade_date=2026-07-17/exchange=NSE/symbol=BAJAJ-AUTO/part-090426_755956-043299.parquet,real_data_sample\l2_unseen_validation\trade_date=2026-07-17\exchange=NSE\symbol=BAJAJ-AUTO\part-090426_755956-043299.parquet,35551,downloaded,35551,
2026-07-17,NSE,BAJAJ-AUTO,raw_l2/trade_date=2026-07-17/exchange=NSE/symbol=BAJAJ-AUTO/part-090343_300627-043203.parquet,real_data_sample\l2_unseen_validation\trade_date=2026-07-17\exchange=NSE\symbol=BAJAJ-AUTO\part-090343_300627-043203.parquet,35673,downloaded,35673,
2026-07-17,NSE,BAJAJ-AUTO,raw_l2/trade_date=2026-07-17/exchange=NSE/symbol=BAJAJ-AUTO/part-090706_523279-043651.parquet,real_data_sample\l2_unseen_validation\trade_date=2026-07-17\exchange=NSE\symbol=BAJAJ-AUTO\part-090706_523279-043651.parquet,35314,downloaded,35314,
2026-07-17,NSE,BAJAJ-AUTO,raw_l2/trade_date=2026-07-17/exchange=NSE/symbol=BAJAJ-AUTO/part-090623_009426-043555.parquet,real_data_sample\l2_unseen_validation\trade_date=2026-07-17\exchange=NSE\symbol=BAJAJ-AUTO\part-090623_009426-043555.parquet,35195,downloaded,35195,
2026-07-17,NSE,BAJAJ-AUTO,raw_l2/trade_date=2026-07-17/exchange=NSE/symbol=BAJAJ-AUTO/part-090651_984154-043619.parquet,real_data_sample\l2_unseen_validation\trade_date=2026-07-17\exchange=NSE\symbol=BAJAJ-AUTO\part-090651_984154-043619.parquet,35339,downloaded,35339,
2026-07-17,NSE,BAJAJ-AUTO,raw_l2/trade_date=2026-07-17/exchange=NSE/symbol=BAJAJ-AUTO/part-090608_489299-043523.parquet,real_data_sample\l2_unseen_validation\trade_date=2026-07-17\exchange=NSE\symbol=BAJAJ-AUTO\part-090608_489299-043523.parquet,35419,downloaded,35419,
2026-07-17,NSE,BAJAJ-AUTO,raw_l2/trade_date=2026-07-17/exchange=NSE/symbol=BAJAJ-AUTO/part-090735_229417-043715.parquet,real_data_sample\l2_unseen_validation\trade_date=2026-07-17\exchange=NSE\symbol=BAJAJ-AUTO\part-090735_229417-043715.parquet,35021,downloaded,35021,
2026-07-17,NSE,BAJAJ-AUTO,raw_l2/trade_date=2026-07-17/exchange=NSE/symbol=BAJAJ-AUTO/part-090720_997218-043683.parquet,real_data_sample\l2_unseen_validation\trade_date=2026-07-17\exchange=NSE\symbol=BAJAJ-AUTO\part-090720_997218-043683.parquet,35121,downloaded,35121,
2026-07-17,NSE,BAJAJ-AUTO,raw_l2/trade_date=2026-07-17/exchange=NSE/symbol=BAJAJ-AUTO/part-090637_487644-043587.parquet,real_data_sample\l2_unseen_validation\trade_date=2026-07-17\exchange=NSE\symbol=BAJAJ-AUTO\part-090637_487644-043587.parquet,35520,downloaded,35520,
2026-07-17,NSE,BAJAJ-AUTO,raw_l2/trade_date=2026-07-17/exchange=NSE/symbol=BAJAJ-AUTO/part-085519_000033-042083.parquet,real_data_sample\l2_unseen_validation\trade_date=2026-07-17\exchange=NSE\symbol=BAJAJ-AUTO\part-085519_000033-042083.parquet,35272,downloaded,35272,
2026-07-17,NSE,BAJAJ-AUTO,raw_l2/trade_date=2026-07-17/exchange=NSE/symbol=BAJAJ-AUTO/part-090848_040629-043875.parquet,real_data_sample\l2_unseen_validation\trade_date=2026-07-17\exchange=NSE\symbol=BAJAJ-AUTO\part-090848_040629-043875.parquet,35161,downloaded,35161,
2026-07-17,NSE,BAJAJ-AUTO,raw_l2/trade_date=2026-07-17/exchange=NSE/symbol=BAJAJ-AUTO/part-090818_749983-043811.parquet,real_data_sample\l2_unseen_validation\trade_date=2026-07-17\exchange=NSE\symbol=BAJAJ-AUTO\part-090818_749983-043811.parquet,35211,downloaded,35211,
2026-07-17,NSE,BAJAJ-AUTO,raw_l2/trade_date=2026-07-17/exchange=NSE/symbol=BAJAJ-AUTO/part-090804_087952-043779.parquet,real_data_sample\l2_unseen_validation\trade_date=2026-07-17\exchange=NSE\symbol=BAJAJ-AUTO\part-090804_087952-043779.parquet,35429,downloaded,35429,
2026-07-17,NSE,BAJAJ-AUTO,raw_l2/trade_date=2026-07-17/exchange=NSE/symbol=BAJAJ-AUTO/part-090749_515188-043747.parquet,real_data_sample\l2_unseen_validation\trade_date=2026-07-17\exchange=NSE\symbol=BAJAJ-AUTO\part-090749_515188-043747.parquet,35103,downloaded,35103,
2026-07-17,NSE,BAJAJ-AUTO,raw_l2/trade_date=2026-07-17/exchange=NSE/symbol=BAJAJ-AUTO/part-090833_378503-043843.parquet,real_data_sample\l2_unseen_validation\trade_date=2026-07-17\exchange=NSE\symbol=BAJAJ-AUTO\part-090833_378503-043843.parquet,35382,downloaded,35382,
2026-07-17,NSE,BAJAJ-AUTO,raw_l2/trade_date=2026-07-17/exchange=NSE/symbol=BAJAJ-AUTO/part-090917_639700-043939.parquet,real_data_sample\l2_unseen_validation\trade_date=2026-07-17\exchange=NSE\symbol=BAJAJ-AUTO\part-090917_639700-043939.parquet,35614,downloaded,35614,
2026-07-17,NSE,BAJAJ-AUTO,raw_l2/trade_date=2026-07-17/exchange=NSE/symbol=BAJAJ-AUTO/part-090902_576411-043907.parquet,real_data_sample\l2_unseen_validation\trade_date=2026-07-17\exchange=NSE\symbol=BAJAJ-AUTO\part-090902_576411-043907.parquet,35402,downloaded,35402,
2026-07-17,NSE,BAJAJ-AUTO,raw_l2/trade_date=2026-07-17/exchange=NSE/symbol=BAJAJ-AUTO/part-091032_013330-044099.parquet,real_data_sample\l2_unseen_validation\trade_date=2026-07-17\exchange=NSE\symbol=BAJAJ-AUTO\part-091032_013330-044099.parquet,35362,downloaded,35362,
2026-07-17,NSE,BAJAJ-AUTO,raw_l2/trade_date=2026-07-17/exchange=NSE/symbol=BAJAJ-AUTO/part-090932_541270-043971.parquet,real_data_sample\l2_unseen_validation\trade_date=2026-07-17\exchange=NSE\symbol=BAJAJ-AUTO\part-090932_541270-043971.parquet,35190,downloaded,35190,
2026-07-17,NSE,BAJAJ-AUTO,raw_l2/trade_date=2026-07-17/exchange=NSE/symbol=BAJAJ-AUTO/part-091046_793795-044131.parquet,real_data_sample\l2_unseen_validation\trade_date=2026-07-17\exchange=NSE\symbol=BAJAJ-AUTO\part-091046_793795-044131.parquet,35157,downloaded,35157,
2026-07-17,NSE,BAJAJ-AUTO,raw_l2/trade_date=2026-07-17/exchange=NSE/symbol=BAJAJ-AUTO/part-090947_277617-044003.parquet,real_data_sample\l2_unseen_validation\trade_date=2026-07-17\exchange=NSE\symbol=BAJAJ-AUTO\part-090947_277617-044003.parquet,35533,downloaded,35533,
2026-07-17,NSE,BAJAJ-AUTO,raw_l2/trade_date=2026-07-17/exchange=NSE/symbol=BAJAJ-AUTO/part-091017_520905-044067.parquet,real_data_sample\l2_unseen_validation\trade_date=2026-07-17\exchange=NSE\symbol=BAJAJ-AUTO\part-091017_520905-044067.parquet,35447,downloaded,35447,
2026-07-17,NSE,BAJAJ-AUTO,raw_l2/trade_date=2026-07-17/exchange=NSE/symbol=BAJAJ-AUTO/part-091003_042211-044035.parquet,real_data_sample\l2_unseen_validation\trade_date=2026-07-17\exchange=NSE\symbol=BAJAJ-AUTO\part-091003_042211-044035.parquet,35728,downloaded,35728,
2026-07-17,NSE,BAJAJ-AUTO,raw_l2/trade_date=2026-07-17/exchange=NSE/symbol=BAJAJ-AUTO/part-091101_517794-044163.parquet,real_data_sample\l2_unseen_validation\trade_date=2026-07-17\exchange=NSE\symbol=BAJAJ-AUTO\part-091101_517794-044163.parquet,35339,downloaded,35339,
2026-07-17,NSE,BAJAJ-AUTO,raw_l2/trade_date=2026-07-17/exchange=NSE/symbol=BAJAJ-AUTO/part-091145_526314-044259.parquet,real_data_sample\l2_unseen_validation\trade_date=2026-07-17\exchange=NSE\symbol=BAJAJ-AUTO\part-091145_526314-044259.parquet,35798,downloaded,35798,
2026-07-17,NSE,BAJAJ-AUTO,raw_l2/trade_date=2026-07-17/exchange=NSE/symbol=BAJAJ-AUTO/part-091131_021302-044227.parquet,real_data_sample\l2_unseen_validation\trade_date=2026-07-17\exchange=NSE\symbol=BAJAJ-AUTO\part-091131_021302-044227.parquet,35562,downloaded,35562,
2026-07-17,NSE,BAJAJ-AUTO,raw_l2/trade_date=2026-07-17/exchange=NSE/symbol=BAJAJ-AUTO/part-091116_008409-044195.parquet,real_data_sample\l2_unseen_validation\trade_date=2026-07-17\exchange=NSE\symbol=BAJAJ-AUTO\part-091116_008409-044195.parquet,35132,downloaded,35132,
2026-07-17,NSE,BAJAJ-AUTO,raw_l2/trade_date=2026-07-17/exchange=NSE/symbol=BAJAJ-AUTO/part-091343_499919-044515.parquet,real_data_sample\l2_unseen_validation\trade_date=2026-07-17\exchange=NSE\symbol=BAJAJ-AUTO\part-091343_499919-044515.parquet,35559,downloaded,35559,
2026-07-17,NSE,BAJAJ-AUTO,raw_l2/trade_date=2026-07-17/exchange=NSE/symbol=BAJAJ-AUTO/part-091553_020817-044803.parquet,real_data_sample\l2_unseen_validation\trade_date=2026-07-17\exchange=NSE\symbol=BAJAJ-AUTO\part-091553_020817-044803.parquet,35318,downloaded,35318,
2026-07-17,NSE,BAJAJ-AUTO,raw_l2/trade_date=2026-07-17/exchange=NSE/symbol=BAJAJ-AUTO/part-091441_280745-044643.parquet,real_data_sample\l2_unseen_validation\trade_date=2026-07-17\exchange=NSE\symbol=BAJAJ-AUTO\part-091441_280745-044643.parquet,35546,downloaded,35546,
2026-07-17,NSE,BAJAJ-AUTO,raw_l2/trade_date=2026-07-17/exchange=NSE/symbol=BAJAJ-AUTO/part-091607_776769-044835.parquet,real_data_sample\l2_unseen_validation\trade_date=2026-07-17\exchange=NSE\symbol=BAJAJ-AUTO\part-091607_776769-044835.parquet,35658,downloaded,35658,
2026-07-17,NSE,BAJAJ-AUTO,raw_l2/trade_date=2026-07-17/exchange=NSE/symbol=BAJAJ-AUTO/part-091622_367725-044867.parquet,real_data_sample\l2_unseen_validation\trade_date=2026-07-17\exchange=NSE\symbol=BAJAJ-AUTO\part-091622_367725-044867.parquet,35762,downloaded,35762,
2026-07-17,NSE,BAJAJ-AUTO,raw_l2/trade_date=2026-07-17/exchange=NSE/symbol=BAJAJ-AUTO/part-091329_013676-044483.parquet,real_data_sample\l2_unseen_validation\trade_date=2026-07-17\exchange=NSE\symbol=BAJAJ-AUTO\part-091329_013676-044483.parquet,35763,downloaded,35763,
2026-07-17,NSE,BAJAJ-AUTO,raw_l2/trade_date=2026-07-17/exchange=NSE/symbol=BAJAJ-AUTO/part-091245_516392-044387.parquet,real_data_sample\l2_unseen_validation\trade_date=2026-07-17\exchange=NSE\symbol=BAJAJ-AUTO\part-091245_516392-044387.parquet,35716,downloaded,35716,
2026-07-17,NSE,BAJAJ-AUTO,raw_l2/trade_date=2026-07-17/exchange=NSE/symbol=BAJAJ-AUTO/part-091455_520406-044675.parquet,real_data_sample\l2_unseen_validation\trade_date=2026-07-17\exchange=NSE\symbol=BAJAJ-AUTO\part-091455_520406-044675.parquet,35413,downloaded,35413,
2026-07-17,NSE,BAJAJ-AUTO,raw_l2/trade_date=2026-07-17/exchange=NSE/symbol=BAJAJ-AUTO/part-091259_768635-044419.parquet,real_data_sample\l2_unseen_validation\trade_date=2026-07-17\exchange=NSE\symbol=BAJAJ-AUTO\part-091259_768635-044419.parquet,35398,downloaded,35398,
2026-07-17,NSE,BAJAJ-AUTO,raw_l2/trade_date=2026-07-17/exchange=NSE/symbol=BAJAJ-AUTO/part-091358_015685-044547.parquet,real_data_sample\l2_unseen_validation\trade_date=2026-07-17\exchange=NSE\symbol=BAJAJ-AUTO\part-091358_015685-044547.parquet,35214,downloaded,35214,
2026-07-17,NSE,BAJAJ-AUTO,raw_l2/trade_date=2026-07-17/exchange=NSE/symbol=BAJAJ-AUTO/part-091426_787747-044611.parquet,real_data_sample\l2_unseen_validation\trade_date=2026-07-17\exchange=NSE\symbol=BAJAJ-AUTO\part-091426_787747-044611.parquet,35501,downloaded,35501,
2026-07-17,NSE,BAJAJ-AUTO,raw_l2/trade_date=2026-07-17/exchange=NSE/symbol=BAJAJ-AUTO/part-091230_345136-044355.parquet,real_data_sample\l2_unseen_validation\trade_date=2026-07-17\exchange=NSE\symbol=BAJAJ-AUTO\part-091230_345136-044355.parquet,35637,downloaded,35637,
2026-07-17,NSE,BAJAJ-AUTO,raw_l2/trade_date=2026-07-17/exchange=NSE/symbol=BAJAJ-AUTO/part-091314_521063-044451.parquet,real_data_sample\l2_unseen_validation\trade_date=2026-07-17\exchange=NSE\symbol=BAJAJ-AUTO\part-091314_521063-044451.parquet,35719,downloaded,35719,
2026-07-17,NSE,BAJAJ-AUTO,raw_l2/trade_date=2026-07-17/exchange=NSE/symbol=BAJAJ-AUTO/part-091214_809022-044323.parquet,real_data_sample\l2_unseen_validation\trade_date=2026-07-17\exchange=NSE\symbol=BAJAJ-AUTO\part-091214_809022-044323.parquet,35386,downloaded,35386,
2026-07-17,NSE,BAJAJ-AUTO,raw_l2/trade_date=2026-07-17/exchange=NSE/symbol=BAJAJ-AUTO/part-091200_026207-044291.parquet,real_data_sample\l2_unseen_validation\trade_date=2026-07-17\exchange=NSE\symbol=BAJAJ-AUTO\part-091200_026207-044291.parquet,35345,downloaded,35345,
2026-07-17,NSE,BAJAJ-AUTO,raw_l2/trade_date=2026-07-17/exchange=NSE/symbol=BAJAJ-AUTO/part-091412_508917-044579.parquet,real_data_sample\l2_unseen_validation\trade_date=2026-07-17\exchange=NSE\symbol=BAJAJ-AUTO\part-091412_508917-044579.parquet,35307,downloaded,35307,
2026-07-17,NSE,BAJAJ-AUTO,raw_l2/trade_date=2026-07-17/exchange=NSE/symbol=BAJAJ-AUTO/part-091538_520124-044771.parquet,real_data_sample\l2_unseen_validation\trade_date=2026-07-17\exchange=NSE\symbol=BAJAJ-AUTO\part-091538_520124-044771.parquet,35238,downloaded,35238,
2026-07-17,NSE,BAJAJ-AUTO,raw_l2/trade_date=2026-07-17/exchange=NSE/symbol=BAJAJ-AUTO/part-091650_744157-044931.parquet,real_data_sample\l2_unseen_validation\trade_date=2026-07-17\exchange=NSE\symbol=BAJAJ-AUTO\part-091650_744157-044931.parquet,35427,downloaded,35427,
2026-07-17,NSE,BAJAJ-AUTO,raw_l2/trade_date=2026-07-17/exchange=NSE/symbol=BAJAJ-AUTO/part-091510_022505-044707.parquet,real_data_sample\l2_unseen_validation\trade_date=2026-07-17\exchange=NSE\symbol=BAJAJ-AUTO\part-091510_022505-044707.parquet,35701,downloaded,35701,
2026-07-17,NSE,BAJAJ-AUTO,raw_l2/trade_date=2026-07-17/exchange=NSE/symbol=BAJAJ-AUTO/part-091816_275424-045123.parquet,real_data_sample\l2_unseen_validation\trade_date=2026-07-17\exchange=NSE\symbol=BAJAJ-AUTO\part-091816_275424-045123.parquet,35585,downloaded,35585,
2026-07-17,NSE,BAJAJ-AUTO,raw_l2/trade_date=2026-07-17/exchange=NSE/symbol=BAJAJ-AUTO/part-091719_245189-044995.parquet,real_data_sample\l2_unseen_validation\trade_date=2026-07-17\exchange=NSE\symbol=BAJAJ-AUTO\part-091719_245189-044995.parquet,35430,downloaded,35430,
2026-07-17,NSE,BAJAJ-AUTO,raw_l2/trade_date=2026-07-17/exchange=NSE/symbol=BAJAJ-AUTO/part-091733_387304-045027.parquet,real_data_sample\l2_unseen_validation\trade_date=2026-07-17\exchange=NSE\symbol=BAJAJ-AUTO\part-091733_387304-045027.parquet,35486,downloaded,35486,
2026-07-17,NSE,BAJAJ-AUTO,raw_l2/trade_date=2026-07-17/exchange=NSE/symbol=BAJAJ-AUTO/part-091636_506956-044899.parquet,real_data_sample\l2_unseen_validation\trade_date=2026-07-17\exchange=NSE\symbol=BAJAJ-AUTO\part-091636_506956-044899.parquet,35375,downloaded,35375,
2026-07-17,NSE,BAJAJ-AUTO,raw_l2/trade_date=2026-07-17/exchange=NSE/symbol=BAJAJ-AUTO/part-091801_577063-045091.parquet,real_data_sample\l2_unseen_validation\trade_date=2026-07-17\exchange=NSE\symbol=BAJAJ-AUTO\part-091801_577063-045091.parquet,35439,downloaded,35439,
2026-07-17,NSE,BAJAJ-AUTO,raw_l2/trade_date=2026-07-17/exchange=NSE/symbol=BAJAJ-AUTO/part-091705_045721-044963.parquet,real_data_sample\l2_unseen_validation\trade_date=2026-07-17\exchange=NSE\symbol=BAJAJ-AUTO\part-091705_045721-044963.parquet,35419,downloaded,35419,
2026-07-17,NSE,BAJAJ-AUTO,raw_l2/trade_date=2026-07-17/exchange=NSE/symbol=BAJAJ-AUTO/part-091747_490419-045059.parquet,real_data_sample\l2_unseen_validation\trade_date=2026-07-17\exchange=NSE\symbol=BAJAJ-AUTO\part-091747_490419-045059.parquet,35702,downloaded,35702,
2026-07-17,NSE,BAJAJ-AUTO,raw_l2/trade_date=2026-07-17/exchange=NSE/symbol=BAJAJ-AUTO/part-091830_505295-045155.parquet,real_data_sample\l2_unseen_validation\trade_date=2026-07-17\exchange=NSE\symbol=BAJAJ-AUTO\part-091830_505295-045155.parquet,35684,downloaded,35684,
2026-07-17,NSE,BAJAJ-AUTO,raw_l2/trade_date=2026-07-17/exchange=NSE/symbol=BAJAJ-AUTO/part-091859_319525-045219.parquet,real_data_sample\l2_unseen_validation\trade_date=2026-07-17\exchange=NSE\symbol=BAJAJ-AUTO\part-091859_319525-045219.parquet,35571,downloaded,35571,
2026-07-17,NSE,BAJAJ-AUTO,raw_l2/trade_date=2026-07-17/exchange=NSE/symbol=BAJAJ-AUTO/part-091845_035746-045187.parquet,real_data_sample\l2_unseen_validation\trade_date=2026-07-17\exchange=NSE\symbol=BAJAJ-AUTO\part-091845_035746-045187.parquet,35521,downloaded,35521,
2026-07-17,NSE,BAJAJ-AUTO,raw_l2/trade_date=2026-07-17/exchange=NSE/symbol=BAJAJ-AUTO/part-091914_031236-045251.parquet,real_data_sample\l2_unseen_validation\trade_date=2026-07-17\exchange=NSE\symbol=BAJAJ-AUTO\part-091914_031236-045251.parquet,35758,downloaded,35758,
2026-07-17,NSE,BAJAJ-AUTO,raw_l2/trade_date=2026-07-17/exchange=NSE/symbol=BAJAJ-AUTO/part-091928_260105-045283.parquet,real_data_sample\l2_unseen_validation\trade_date=2026-07-17\exchange=NSE\symbol=BAJAJ-AUTO\part-091928_260105-045283.parquet,35387,downloaded,35387,
2026-07-17,NSE,BAJAJ-AUTO,raw_l2/trade_date=2026-07-17/exchange=NSE/symbol=BAJAJ-AUTO/part-091942_532421-045315.parquet,real_data_sample\l2_unseen_validation\trade_date=2026-07-17\exchange=NSE\symbol=BAJAJ-AUTO\part-091942_532421-045315.parquet,35602,downloaded,35602,
2026-07-17,NSE,BAJAJ-AUTO,raw_l2/trade_date=2026-07-17/exchange=NSE/symbol=BAJAJ-AUTO/part-091956_765008-045347.parquet,real_data_sample\l2_unseen_validation\trade_date=2026-07-17\exchange=NSE\symbol=BAJAJ-AUTO\part-091956_765008-045347.parquet,35565,downloaded,35565,
2026-07-17,NSE,BAJAJ-AUTO,raw_l2/trade_date=2026-07-17/exchange=NSE/symbol=BAJAJ-AUTO/part-092416_016828-045923.parquet,real_data_sample\l2_unseen_validation\trade_date=2026-07-17\exchange=NSE\symbol=BAJAJ-AUTO\part-092416_016828-045923.parquet,34998,downloaded,34998,
2026-07-17,NSE,BAJAJ-AUTO,raw_l2/trade_date=2026-07-17/exchange=NSE/symbol=BAJAJ-AUTO/part-092642_499906-046243.parquet,real_data_sample\l2_unseen_validation\trade_date=2026-07-17\exchange=NSE\symbol=BAJAJ-AUTO\part-092642_499906-046243.parquet,35406,downloaded,35406,
2026-07-17,NSE,BAJAJ-AUTO,raw_l2/trade_date=2026-07-17/exchange=NSE/symbol=BAJAJ-AUTO/part-092612_752335-046179.parquet,real_data_sample\l2_unseen_validation\trade_date=2026-07-17\exchange=NSE\symbol=BAJAJ-AUTO\part-092612_752335-046179.parquet,35492,downloaded,35492,
2026-07-17,NSE,BAJAJ-AUTO,raw_l2/trade_date=2026-07-17/exchange=NSE/symbol=BAJAJ-AUTO/part-092206_024676-045635.parquet,real_data_sample\l2_unseen_validation\trade_date=2026-07-17\exchange=NSE\symbol=BAJAJ-AUTO\part-092206_024676-045635.parquet,35502,downloaded,35502,
2026-07-17,NSE,BAJAJ-AUTO,raw_l2/trade_date=2026-07-17/exchange=NSE/symbol=BAJAJ-AUTO/part-092430_503222-045955.parquet,real_data_sample\l2_unseen_validation\trade_date=2026-07-17\exchange=NSE\symbol=BAJAJ-AUTO\part-092430_503222-045955.parquet,35274,downloaded,35274,
2026-07-17,NSE,BAJAJ-AUTO,raw_l2/trade_date=2026-07-17/exchange=NSE/symbol=BAJAJ-AUTO/part-092054_060789-045475.parquet,real_data_sample\l2_unseen_validation\trade_date=2026-07-17\exchange=NSE\symbol=BAJAJ-AUTO\part-092054_060789-045475.parquet,35405,downloaded,35405,
2026-07-17,NSE,BAJAJ-AUTO,raw_l2/trade_date=2026-07-17/exchange=NSE/symbol=BAJAJ-AUTO/part-092656_755788-046275.parquet,real_data_sample\l2_unseen_validation\trade_date=2026-07-17\exchange=NSE\symbol=BAJAJ-AUTO\part-092656_755788-046275.parquet,35134,downloaded,35134,
2026-07-17,NSE,BAJAJ-AUTO,raw_l2/trade_date=2026-07-17/exchange=NSE/symbol=BAJAJ-AUTO/part-092025_244650-045411.parquet,real_data_sample\l2_unseen_validation\trade_date=2026-07-17\exchange=NSE\symbol=BAJAJ-AUTO\part-092025_244650-045411.parquet,35592,downloaded,35592,
2026-07-17,NSE,BAJAJ-AUTO,raw_l2/trade_date=2026-07-17/exchange=NSE/symbol=BAJAJ-AUTO/part-092401_290088-045891.parquet,real_data_sample\l2_unseen_validation\trade_date=2026-07-17\exchange=NSE\symbol=BAJAJ-AUTO\part-092401_290088-045891.parquet,35354,downloaded,35354,
2026-07-17,NSE,BAJAJ-AUTO,raw_l2/trade_date=2026-07-17/exchange=NSE/symbol=BAJAJ-AUTO/part-092151_755324-045603.parquet,real_data_sample\l2_unseen_validation\trade_date=2026-07-17\exchange=NSE\symbol=BAJAJ-AUTO\part-092151_755324-045603.parquet,35567,downloaded,35567,
2026-07-17,NSE,BAJAJ-AUTO,raw_l2/trade_date=2026-07-17/exchange=NSE/symbol=BAJAJ-AUTO/part-092347_016886-045859.parquet,real_data_sample\l2_unseen_validation\trade_date=2026-07-17\exchange=NSE\symbol=BAJAJ-AUTO\part-092347_016886-045859.parquet,35297,downloaded,35297,
2026-07-17,NSE,BAJAJ-AUTO,raw_l2/trade_date=2026-07-17/exchange=NSE/symbol=BAJAJ-AUTO/part-092445_000554-045987.parquet,real_data_sample\l2_unseen_validation\trade_date=2026-07-17\exchange=NSE\symbol=BAJAJ-AUTO\part-092445_000554-045987.parquet,35271,downloaded,35271,
2026-07-17,NSE,BAJAJ-AUTO,raw_l2/trade_date=2026-07-17/exchange=NSE/symbol=BAJAJ-AUTO/part-092137_020985-045571.parquet,real_data_sample\l2_unseen_validation\trade_date=2026-07-17\exchange=NSE\symbol=BAJAJ-AUTO\part-092137_020985-045571.parquet,35533,downloaded,35533,
2026-07-17,NSE,BAJAJ-AUTO,raw_l2/trade_date=2026-07-17/exchange=NSE/symbol=BAJAJ-AUTO/part-092011_242983-045379.parquet,real_data_sample\l2_unseen_validation\trade_date=2026-07-17\exchange=NSE\symbol=BAJAJ-AUTO\part-092011_242983-045379.parquet,35537,downloaded,35537,
2026-07-17,NSE,BAJAJ-AUTO,raw_l2/trade_date=2026-07-17/exchange=NSE/symbol=BAJAJ-AUTO/part-092249_010064-045731.parquet,real_data_sample\l2_unseen_validation\trade_date=2026-07-17\exchange=NSE\symbol=BAJAJ-AUTO\part-092249_010064-045731.parquet,35676,downloaded,35676,
2026-07-17,NSE,BAJAJ-AUTO,raw_l2/trade_date=2026-07-17/exchange=NSE/symbol=BAJAJ-AUTO/part-092528_777846-046083.parquet,real_data_sample\l2_unseen_validation\trade_date=2026-07-17\exchange=NSE\symbol=BAJAJ-AUTO\part-092528_777846-046083.parquet,35341,downloaded,35341,
2026-07-17,NSE,BAJAJ-AUTO,raw_l2/trade_date=2026-07-17/exchange=NSE/symbol=BAJAJ-AUTO/part-092220_252891-045667.parquet,real_data_sample\l2_unseen_validation\trade_date=2026-07-17\exchange=NSE\symbol=BAJAJ-AUTO\part-092220_252891-045667.parquet,35447,downloaded,35447,
2026-07-17,NSE,BAJAJ-AUTO,raw_l2/trade_date=2026-07-17/exchange=NSE/symbol=BAJAJ-AUTO/part-092332_536816-045827.parquet,real_data_sample\l2_unseen_validation\trade_date=2026-07-17\exchange=NSE\symbol=BAJAJ-AUTO\part-092332_536816-045827.parquet,35477,downloaded,35477,
2026-07-17,NSE,BAJAJ-AUTO,raw_l2/trade_date=2026-07-17/exchange=NSE/symbol=BAJAJ-AUTO/part-092318_024701-045795.parquet,real_data_sample\l2_unseen_validation\trade_date=2026-07-17\exchange=NSE\symbol=BAJAJ-AUTO\part-092318_024701-045795.parquet,35562,downloaded,35562,
2026-07-17,NSE,BAJAJ-AUTO,raw_l2/trade_date=2026-07-17/exchange=NSE/symbol=BAJAJ-AUTO/part-092514_246726-046051.parquet,real_data_sample\l2_unseen_validation\trade_date=2026-07-17\exchange=NSE\symbol=BAJAJ-AUTO\part-092514_246726-046051.parquet,35471,downloaded,35471,
2026-07-17,NSE,BAJAJ-AUTO,raw_l2/trade_date=2026-07-17/exchange=NSE/symbol=BAJAJ-AUTO/part-092711_004857-046307.parquet,real_data_sample\l2_unseen_validation\trade_date=2026-07-17\exchange=NSE\symbol=BAJAJ-AUTO\part-092711_004857-046307.parquet,35201,downloaded,35201,
2026-07-17,NSE,BAJAJ-AUTO,raw_l2/trade_date=2026-07-17/exchange=NSE/symbol=BAJAJ-AUTO/part-092303_275033-045763.parquet,real_data_sample\l2_unseen_validation\trade_date=2026-07-17\exchange=NSE\symbol=BAJAJ-AUTO\part-092303_275033-045763.parquet,35265,downloaded,35265,
2026-07-17,NSE,BAJAJ-AUTO,raw_l2/trade_date=2026-07-17/exchange=NSE/symbol=BAJAJ-AUTO/part-092543_276030-046115.parquet,real_data_sample\l2_unseen_validation\trade_date=2026-07-17\exchange=NSE\symbol=BAJAJ-AUTO\part-092543_276030-046115.parquet,35220,downloaded,35220,
2026-07-17,NSE,BAJAJ-AUTO,raw_l2/trade_date=2026-07-17/exchange=NSE/symbol=BAJAJ-AUTO/part-092108_505075-045507.parquet,real_data_sample\l2_unseen_validation\trade_date=2026-07-17\exchange=NSE\symbol=BAJAJ-AUTO\part-092108_505075-045507.parquet,35410,downloaded,35410,
2026-07-17,NSE,BAJAJ-AUTO,raw_l2/trade_date=2026-07-17/exchange=NSE/symbol=BAJAJ-AUTO/part-092627_076626-046211.parquet,real_data_sample\l2_unseen_validation\trade_date=2026-07-17\exchange=NSE\symbol=BAJAJ-AUTO\part-092627_076626-046211.parquet,35244,downloaded,35244,
2026-07-17,NSE,BAJAJ-AUTO,raw_l2/trade_date=2026-07-17/exchange=NSE/symbol=BAJAJ-AUTO/part-092558_032070-046147.parquet,real_data_sample\l2_unseen_validation\trade_date=2026-07-17\exchange=NSE\symbol=BAJAJ-AUTO\part-092558_032070-046147.parquet,35488,downloaded,35488,
2026-07-17,NSE,BAJAJ-AUTO,raw_l2/trade_date=2026-07-17/exchange=NSE/symbol=BAJAJ-AUTO/part-092039_753708-045443.parquet,real_data_sample\l2_unseen_validation\trade_date=2026-07-17\exchange=NSE\symbol=BAJAJ-AUTO\part-092039_753708-045443.parquet,35232,downloaded,35232,
2026-07-17,NSE,BAJAJ-AUTO,raw_l2/trade_date=2026-07-17/exchange=NSE/symbol=BAJAJ-AUTO/part-092234_514804-045699.parquet,real_data_sample\l2_unseen_validation\trade_date=2026-07-17\exchange=NSE\symbol=BAJAJ-AUTO\part-092234_514804-045699.parquet,35499,downloaded,35499,
2026-07-17,NSE,BAJAJ-AUTO,raw_l2/trade_date=2026-07-17/exchange=NSE/symbol=BAJAJ-AUTO/part-092459_294881-046019.parquet,real_data_sample\l2_unseen_validation\trade_date=2026-07-17\exchange=NSE\symbol=BAJAJ-AUTO\part-092459_294881-046019.parquet,35376,downloaded,35376,
2026-07-17,NSE,BAJAJ-AUTO,raw_l2/trade_date=2026-07-17/exchange=NSE/symbol=BAJAJ-AUTO/part-092122_788905-045539.parquet,real_data_sample\l2_unseen_validation\trade_date=2026-07-17\exchange=NSE\symbol=BAJAJ-AUTO\part-092122_788905-045539.parquet,35446,downloaded,35446,
2026-07-17,NSE,BAJAJ-AUTO,raw_l2/trade_date=2026-07-17/exchange=NSE/symbol=BAJAJ-AUTO/part-092921_253880-046595.parquet,real_data_sample\l2_unseen_validation\trade_date=2026-07-17\exchange=NSE\symbol=BAJAJ-AUTO\part-092921_253880-046595.parquet,35530,downloaded,35530,
2026-07-17,NSE,BAJAJ-AUTO,raw_l2/trade_date=2026-07-17/exchange=NSE/symbol=BAJAJ-AUTO/part-091524_259713-044739.parquet,real_data_sample\l2_unseen_validation\trade_date=2026-07-17\exchange=NSE\symbol=BAJAJ-AUTO\part-091524_259713-044739.parquet,35278,downloaded,35278,
2026-07-17,NSE,BAJAJ-AUTO,raw_l2/trade_date=2026-07-17/exchange=NSE/symbol=BAJAJ-AUTO/part-092906_494895-046563.parquet,real_data_sample\l2_unseen_validation\trade_date=2026-07-17\exchange=NSE\symbol=BAJAJ-AUTO\part-092906_494895-046563.parquet,35628,downloaded,35628,
2026-07-17,NSE,BAJAJ-AUTO,raw_l2/trade_date=2026-07-17/exchange=NSE/symbol=BAJAJ-AUTO/part-092837_548634-046499.parquet,real_data_sample\l2_unseen_validation\trade_date=2026-07-17\exchange=NSE\symbol=BAJAJ-AUTO\part-092837_548634-046499.parquet,35608,downloaded,35608,
2026-07-17,NSE,BAJAJ-AUTO,raw_l2/trade_date=2026-07-17/exchange=NSE/symbol=BAJAJ-AUTO/part-093131_464798-046883.parquet,real_data_sample\l2_unseen_validation\trade_date=2026-07-17\exchange=NSE\symbol=BAJAJ-AUTO\part-093131_464798-046883.parquet,34387,downloaded,34387,
2026-07-17,NSE,BAJAJ-AUTO,raw_l2/trade_date=2026-07-17/exchange=NSE/symbol=BAJAJ-AUTO/part-092823_018477-046467.parquet,real_data_sample\l2_unseen_validation\trade_date=2026-07-17\exchange=NSE\symbol=BAJAJ-AUTO\part-092823_018477-046467.parquet,35683,downloaded,35683,
2026-07-17,NSE,BAJAJ-AUTO,raw_l2/trade_date=2026-07-17/exchange=NSE/symbol=BAJAJ-AUTO/part-092950_474737-046659.parquet,real_data_sample\l2_unseen_validation\trade_date=2026-07-17\exchange=NSE\symbol=BAJAJ-AUTO\part-092950_474737-046659.parquet,35509,downloaded,35509,
2026-07-17,NSE,BAJAJ-AUTO,raw_l2/trade_date=2026-07-17/exchange=NSE/symbol=BAJAJ-AUTO/part-093102_960653-046819.parquet,real_data_sample\l2_unseen_validation\trade_date=2026-07-17\exchange=NSE\symbol=BAJAJ-AUTO\part-093102_960653-046819.parquet,35483,downloaded,35483,
2026-07-17,NSE,BAJAJ-AUTO,raw_l2/trade_date=2026-07-17/exchange=NSE/symbol=BAJAJ-AUTO/part-093034_489754-046755.parquet,real_data_sample\l2_unseen_validation\trade_date=2026-07-17\exchange=NSE\symbol=BAJAJ-AUTO\part-093034_489754-046755.parquet,35386,downloaded,35386,
2026-07-17,NSE,BAJAJ-AUTO,raw_l2/trade_date=2026-07-17/exchange=NSE/symbol=BAJAJ-AUTO/part-093048_817839-046787.parquet,real_data_sample\l2_unseen_validation\trade_date=2026-07-17\exchange=NSE\symbol=BAJAJ-AUTO\part-093048_817839-046787.parquet,35682,downloaded,35682,
2026-07-17,NSE,BAJAJ-AUTO,raw_l2/trade_date=2026-07-17/exchange=NSE/symbol=BAJAJ-AUTO/part-092725_249670-046339.parquet,real_data_sample\l2_unseen_validation\trade_date=2026-07-17\exchange=NSE\symbol=BAJAJ-AUTO\part-092725_249670-046339.parquet,35709,downloaded,35709,
2026-07-17,NSE,BAJAJ-AUTO,raw_l2/trade_date=2026-07-17/exchange=NSE/symbol=BAJAJ-AUTO/part-093200_487759-046947.parquet,real_data_sample\l2_unseen_validation\trade_date=2026-07-17\exchange=NSE\symbol=BAJAJ-AUTO\part-093200_487759-046947.parquet,34727,downloaded,34727,
2026-07-17,NSE,BAJAJ-AUTO,raw_l2/trade_date=2026-07-17/exchange=NSE/symbol=BAJAJ-AUTO/part-093228_473736-047011.parquet,real_data_sample\l2_unseen_validation\trade_date=2026-07-17\exchange=NSE\symbol=BAJAJ-AUTO\part-093228_473736-047011.parquet,35350,downloaded,35350,
2026-07-17,NSE,BAJAJ-AUTO,raw_l2/trade_date=2026-07-17/exchange=NSE/symbol=BAJAJ-AUTO/part-092852_010195-046531.parquet,real_data_sample\l2_unseen_validation\trade_date=2026-07-17\exchange=NSE\symbol=BAJAJ-AUTO\part-092852_010195-046531.parquet,35591,downloaded,35591,
2026-07-17,NSE,BAJAJ-AUTO,raw_l2/trade_date=2026-07-17/exchange=NSE/symbol=BAJAJ-AUTO/part-092808_529898-046435.parquet,real_data_sample\l2_unseen_validation\trade_date=2026-07-17\exchange=NSE\symbol=BAJAJ-AUTO\part-092808_529898-046435.parquet,35614,downloaded,35614,
2026-07-17,NSE,BAJAJ-AUTO,raw_l2/trade_date=2026-07-17/exchange=NSE/symbol=BAJAJ-AUTO/part-093145_981377-046915.parquet,real_data_sample\l2_unseen_validation\trade_date=2026-07-17\exchange=NSE\symbol=BAJAJ-AUTO\part-093145_981377-046915.parquet,34360,downloaded,34360,
2026-07-17,NSE,BAJAJ-AUTO,raw_l2/trade_date=2026-07-17/exchange=NSE/symbol=BAJAJ-AUTO/part-093242_953460-047043.parquet,real_data_sample\l2_unseen_validation\trade_date=2026-07-17\exchange=NSE\symbol=BAJAJ-AUTO\part-093242_953460-047043.parquet,35872,downloaded,35872,
2026-07-17,NSE,BAJAJ-AUTO,raw_l2/trade_date=2026-07-17/exchange=NSE/symbol=BAJAJ-AUTO/part-092739_761952-046371.parquet,real_data_sample\l2_unseen_validation\trade_date=2026-07-17\exchange=NSE\symbol=BAJAJ-AUTO\part-092739_761952-046371.parquet,35662,downloaded,35662,
2026-07-17,NSE,BAJAJ-AUTO,raw_l2/trade_date=2026-07-17/exchange=NSE/symbol=BAJAJ-AUTO/part-093019_955995-046723.parquet,real_data_sample\l2_unseen_validation\trade_date=2026-07-17\exchange=NSE\symbol=BAJAJ-AUTO\part-093019_955995-046723.parquet,35465,downloaded,35465,
2026-07-17,NSE,BAJAJ-AUTO,raw_l2/trade_date=2026-07-17/exchange=NSE/symbol=BAJAJ-AUTO/part-093421_714667-047267.parquet,real_data_sample\l2_unseen_validation\trade_date=2026-07-17\exchange=NSE\symbol=BAJAJ-AUTO\part-093421_714667-047267.parquet,34733,downloaded,34733,
2026-07-17,NSE,BAJAJ-AUTO,raw_l2/trade_date=2026-07-17/exchange=NSE/symbol=BAJAJ-AUTO/part-092754_273654-046403.parquet,real_data_sample\l2_unseen_validation\trade_date=2026-07-17\exchange=NSE\symbol=BAJAJ-AUTO\part-092754_273654-046403.parquet,35835,downloaded,35835,
2026-07-17,NSE,BAJAJ-AUTO,raw_l2/trade_date=2026-07-17/exchange=NSE/symbol=BAJAJ-AUTO/part-093117_450602-046851.parquet,real_data_sample\l2_unseen_validation\trade_date=2026-07-17\exchange=NSE\symbol=BAJAJ-AUTO\part-093117_450602-046851.parquet,34734,downloaded,34734,
2026-07-17,NSE,BAJAJ-AUTO,raw_l2/trade_date=2026-07-17/exchange=NSE/symbol=BAJAJ-AUTO/part-093353_700011-047203.parquet,real_data_sample\l2_unseen_validation\trade_date=2026-07-17\exchange=NSE\symbol=BAJAJ-AUTO\part-093353_700011-047203.parquet,35371,downloaded,35371,
2026-07-17,NSE,BAJAJ-AUTO,raw_l2/trade_date=2026-07-17/exchange=NSE/symbol=BAJAJ-AUTO/part-093311_207151-047107.parquet,real_data_sample\l2_unseen_validation\trade_date=2026-07-17\exchange=NSE\symbol=BAJAJ-AUTO\part-093311_207151-047107.parquet,35653,downloaded,35653,
2026-07-17,NSE,BAJAJ-AUTO,raw_l2/trade_date=2026-07-17/exchange=NSE/symbol=BAJAJ-AUTO/part-093214_445860-046979.parquet,real_data_sample\l2_unseen_validation\trade_date=2026-07-17\exchange=NSE\symbol=BAJAJ-AUTO\part-093214_445860-046979.parquet,34804,downloaded,34804,
2026-07-17,NSE,BAJAJ-AUTO,raw_l2/trade_date=2026-07-17/exchange=NSE/symbol=BAJAJ-AUTO/part-093407_705510-047235.parquet,real_data_sample\l2_unseen_validation\trade_date=2026-07-17\exchange=NSE\symbol=BAJAJ-AUTO\part-093407_705510-047235.parquet,35551,downloaded,35551,
2026-07-17,NSE,BAJAJ-AUTO,raw_l2/trade_date=2026-07-17/exchange=NSE/symbol=BAJAJ-AUTO/part-092935_750657-046627.parquet,real_data_sample\l2_unseen_validation\trade_date=2026-07-17\exchange=NSE\symbol=BAJAJ-AUTO\part-092935_750657-046627.parquet,35380,downloaded,35380,
2026-07-17,NSE,BAJAJ-AUTO,raw_l2/trade_date=2026-07-17/exchange=NSE/symbol=BAJAJ-AUTO/part-093339_461326-047171.parquet,real_data_sample\l2_unseen_validation\trade_date=2026-07-17\exchange=NSE\symbol=BAJAJ-AUTO\part-093339_461326-047171.parquet,35148,downloaded,35148,
2026-07-17,NSE,BAJAJ-AUTO,raw_l2/trade_date=2026-07-17/exchange=NSE/symbol=BAJAJ-AUTO/part-093435_729880-047299.parquet,real_data_sample\l2_unseen_validation\trade_date=2026-07-17\exchange=NSE\symbol=BAJAJ-AUTO\part-093435_729880-047299.parquet,34526,downloaded,34526,
2026-07-17,NSE,BAJAJ-AUTO,raw_l2/trade_date=2026-07-17/exchange=NSE/symbol=BAJAJ-AUTO/part-093004_989938-046691.parquet,real_data_sample\l2_unseen_validation\trade_date=2026-07-17\exchange=NSE\symbol=BAJAJ-AUTO\part-093004_989938-046691.parquet,35614,downloaded,35614,
2026-07-17,NSE,BAJAJ-AUTO,raw_l2/trade_date=2026-07-17/exchange=NSE/symbol=BAJAJ-AUTO/part-093325_458857-047139.parquet,real_data_sample\l2_unseen_validation\trade_date=2026-07-17\exchange=NSE\symbol=BAJAJ-AUTO\part-093325_458857-047139.parquet,35459,downloaded,35459,
2026-07-17,NSE,BAJAJ-AUTO,raw_l2/trade_date=2026-07-17/exchange=NSE/symbol=BAJAJ-AUTO/part-093256_953692-047075.parquet,real_data_sample\l2_unseen_validation\trade_date=2026-07-17\exchange=NSE\symbol=BAJAJ-AUTO\part-093256_953692-047075.parquet,35502,downloaded,35502,
2026-07-17,NSE,BAJAJ-AUTO,raw_l2/trade_date=2026-07-17/exchange=NSE/symbol=BAJAJ-AUTO/part-093449_961091-047331.parquet,real_data_sample\l2_unseen_validation\trade_date=2026-07-17\exchange=NSE\symbol=BAJAJ-AUTO\part-093449_961091-047331.parquet,34653,downloaded,34653,
2026-07-17,NSE,BAJAJ-AUTO,raw_l2/trade_date=2026-07-17/exchange=NSE/symbol=BAJAJ-AUTO/part-093518_714267-047395.parquet,real_data_sample\l2_unseen_validation\trade_date=2026-07-17\exchange=NSE\symbol=BAJAJ-AUTO\part-093518_714267-047395.parquet,34311,downloaded,34311,
2026-07-17,NSE,BAJAJ-AUTO,raw_l2/trade_date=2026-07-17/exchange=NSE/symbol=BAJAJ-AUTO/part-093630_469462-047555.parquet,real_data_sample\l2_unseen_validation\trade_date=2026-07-17\exchange=NSE\symbol=BAJAJ-AUTO\part-093630_469462-047555.parquet,35904,downloaded,35904,
2026-07-17,NSE,BAJAJ-AUTO,raw_l2/trade_date=2026-07-17/exchange=NSE/symbol=BAJAJ-AUTO/part-093616_230359-047523.parquet,real_data_sample\l2_unseen_validation\trade_date=2026-07-17\exchange=NSE\symbol=BAJAJ-AUTO\part-093616_230359-047523.parquet,35137,downloaded,35137,
2026-07-17,NSE,BAJAJ-AUTO,raw_l2/trade_date=2026-07-17/exchange=NSE/symbol=BAJAJ-AUTO/part-093644_698751-047587.parquet,real_data_sample\l2_unseen_validation\trade_date=2026-07-17\exchange=NSE\symbol=BAJAJ-AUTO\part-093644_698751-047587.parquet,35474,downloaded,35474,
2026-07-17,NSE,BAJAJ-AUTO,raw_l2/trade_date=2026-07-17/exchange=NSE/symbol=BAJAJ-AUTO/part-093601_715769-047491.parquet,real_data_sample\l2_unseen_validation\trade_date=2026-07-17\exchange=NSE\symbol=BAJAJ-AUTO\part-093601_715769-047491.parquet,34646,downloaded,34646,
2026-07-17,NSE,BAJAJ-AUTO,raw_l2/trade_date=2026-07-17/exchange=NSE/symbol=BAJAJ-AUTO/part-093532_963500-047427.parquet,real_data_sample\l2_unseen_validation\trade_date=2026-07-17\exchange=NSE\symbol=BAJAJ-AUTO\part-093532_963500-047427.parquet,34377,downloaded,34377,
2026-07-17,NSE,BAJAJ-AUTO,raw_l2/trade_date=2026-07-17/exchange=NSE/symbol=BAJAJ-AUTO/part-093547_220752-047459.parquet,real_data_sample\l2_unseen_validation\trade_date=2026-07-17\exchange=NSE\symbol=BAJAJ-AUTO\part-093547_220752-047459.parquet,34603,downloaded,34603,
2026-07-17,NSE,BAJAJ-AUTO,raw_l2/trade_date=2026-07-17/exchange=NSE/symbol=BAJAJ-AUTO/part-093658_697280-047619.parquet,real_data_sample\l2_unseen_validation\trade_date=2026-07-17\exchange=NSE\symbol=BAJAJ-AUTO\part-093658_697280-047619.parquet,35400,downloaded,35400,
2026-07-17,NSE,BAJAJ-AUTO,raw_l2/trade_date=2026-07-17/exchange=NSE/symbol=BAJAJ-AUTO/part-094143_951067-048259.parquet,real_data_sample\l2_unseen_validation\trade_date=2026-07-17\exchange=NSE\symbol=BAJAJ-AUTO\part-094143_951067-048259.parquet,35586,downloaded,35586,
2026-07-17,NSE,BAJAJ-AUTO,raw_l2/trade_date=2026-07-17/exchange=NSE/symbol=BAJAJ-AUTO/part-094158_229345-048291.parquet,real_data_sample\l2_unseen_validation\trade_date=2026-07-17\exchange=NSE\symbol=BAJAJ-AUTO\part-094158_229345-048291.parquet,35398,downloaded,35398,
2026-07-17,NSE,BAJAJ-AUTO,raw_l2/trade_date=2026-07-17/exchange=NSE/symbol=BAJAJ-AUTO/part-094212_726721-048323.parquet,real_data_sample\l2_unseen_validation\trade_date=2026-07-17\exchange=NSE\symbol=BAJAJ-AUTO\part-094212_726721-048323.parquet,35469,downloaded,35469,
2026-07-17,NSE,BAJAJ-AUTO,raw_l2/trade_date=2026-07-17/exchange=NSE/symbol=BAJAJ-AUTO/part-094227_217340-048355.parquet,real_data_sample\l2_unseen_validation\trade_date=2026-07-17\exchange=NSE\symbol=BAJAJ-AUTO\part-094227_217340-048355.parquet,35580,downloaded,35580,
2026-07-17,NSE,BAJAJ-AUTO,raw_l2/trade_date=2026-07-17/exchange=NSE/symbol=BAJAJ-AUTO/part-094241_465249-048387.parquet,real_data_sample\l2_unseen_validation\trade_date=2026-07-17\exchange=NSE\symbol=BAJAJ-AUTO\part-094241_465249-048387.parquet,35552,downloaded,35552,
2026-07-17,NSE,BAJAJ-AUTO,raw_l2/trade_date=2026-07-17/exchange=NSE/symbol=BAJAJ-AUTO/part-093504_226603-047363.parquet,real_data_sample\l2_unseen_validation\trade_date=2026-07-17\exchange=NSE\symbol=BAJAJ-AUTO\part-093504_226603-047363.parquet,34497,downloaded,34497,
2026-07-17,NSE,BAJAJ-AUTO,raw_l2/trade_date=2026-07-17/exchange=NSE/symbol=BAJAJ-AUTO/part-094338_238223-048515.parquet,real_data_sample\l2_unseen_validation\trade_date=2026-07-17\exchange=NSE\symbol=BAJAJ-AUTO\part-094338_238223-048515.parquet,35183,downloaded,35183,
2026-07-17,NSE,BAJAJ-AUTO,raw_l2/trade_date=2026-07-17/exchange=NSE/symbol=BAJAJ-AUTO/part-094255_733073-048419.parquet,real_data_sample\l2_unseen_validation\trade_date=2026-07-17\exchange=NSE\symbol=BAJAJ-AUTO\part-094255_733073-048419.parquet,35211,downloaded,35211,
2026-07-17,NSE,BAJAJ-AUTO,raw_l2/trade_date=2026-07-17/exchange=NSE/symbol=BAJAJ-AUTO/part-094407_233436-048579.parquet,real_data_sample\l2_unseen_validation\trade_date=2026-07-17\exchange=NSE\symbol=BAJAJ-AUTO\part-094407_233436-048579.parquet,35469,downloaded,35469,
2026-07-17,NSE,BAJAJ-AUTO,raw_l2/trade_date=2026-07-17/exchange=NSE/symbol=BAJAJ-AUTO/part-094352_763963-048547.parquet,real_data_sample\l2_unseen_validation\trade_date=2026-07-17\exchange=NSE\symbol=BAJAJ-AUTO\part-094352_763963-048547.parquet,35315,downloaded,35315,
2026-07-17,NSE,BAJAJ-AUTO,raw_l2/trade_date=2026-07-17/exchange=NSE/symbol=BAJAJ-AUTO/part-094323_991295-048483.parquet,real_data_sample\l2_unseen_validation\trade_date=2026-07-17\exchange=NSE\symbol=BAJAJ-AUTO\part-094323_991295-048483.parquet,35508,downloaded,35508,
2026-07-17,NSE,BAJAJ-AUTO,raw_l2/trade_date=2026-07-17/exchange=NSE/symbol=BAJAJ-AUTO/part-094309_738441-048451.parquet,real_data_sample\l2_unseen_validation\trade_date=2026-07-17\exchange=NSE\symbol=BAJAJ-AUTO\part-094309_738441-048451.parquet,35134,downloaded,35134,
2026-07-17,NSE,BAJAJ-AUTO,raw_l2/trade_date=2026-07-17/exchange=NSE/symbol=BAJAJ-AUTO/part-094421_457170-048611.parquet,real_data_sample\l2_unseen_validation\trade_date=2026-07-17\exchange=NSE\symbol=BAJAJ-AUTO\part-094421_457170-048611.parquet,35617,downloaded,35617,
2026-07-17,NSE,BAJAJ-AUTO,raw_l2/trade_date=2026-07-17/exchange=NSE/symbol=BAJAJ-AUTO/part-094435_748943-048643.parquet,real_data_sample\l2_unseen_validation\trade_date=2026-07-17\exchange=NSE\symbol=BAJAJ-AUTO\part-094435_748943-048643.parquet,35552,downloaded,35552,
2026-07-17,NSE,BAJAJ-AUTO,raw_l2/trade_date=2026-07-17/exchange=NSE/symbol=BAJAJ-AUTO/part-094518_701790-048739.parquet,real_data_sample\l2_unseen_validation\trade_date=2026-07-17\exchange=NSE\symbol=BAJAJ-AUTO\part-094518_701790-048739.parquet,35864,downloaded,35864,
2026-07-17,NSE,BAJAJ-AUTO,raw_l2/trade_date=2026-07-17/exchange=NSE/symbol=BAJAJ-AUTO/part-094450_224356-048675.parquet,real_data_sample\l2_unseen_validation\trade_date=2026-07-17\exchange=NSE\symbol=BAJAJ-AUTO\part-094450_224356-048675.parquet,35280,downloaded,35280,
2026-07-17,NSE,BAJAJ-AUTO,raw_l2/trade_date=2026-07-17/exchange=NSE/symbol=BAJAJ-AUTO/part-094504_491391-048707.parquet,real_data_sample\l2_unseen_validation\trade_date=2026-07-17\exchange=NSE\symbol=BAJAJ-AUTO\part-094504_491391-048707.parquet,35438,downloaded,35438,
2026-07-17,NSE,BAJAJ-AUTO,raw_l2/trade_date=2026-07-17/exchange=NSE/symbol=BAJAJ-AUTO/part-093740_691549-047715.parquet,real_data_sample\l2_unseen_validation\trade_date=2026-07-17\exchange=NSE\symbol=BAJAJ-AUTO\part-093740_691549-047715.parquet,34721,downloaded,34721,
2026-07-17,NSE,BAJAJ-AUTO,raw_l2/trade_date=2026-07-17/exchange=NSE/symbol=BAJAJ-AUTO/part-094532_712051-048771.parquet,real_data_sample\l2_unseen_validation\trade_date=2026-07-17\exchange=NSE\symbol=BAJAJ-AUTO\part-094532_712051-048771.parquet,35544,downloaded,35544,
2026-07-17,NSE,BAJAJ-AUTO,raw_l2/trade_date=2026-07-17/exchange=NSE/symbol=BAJAJ-AUTO/part-094601_495793-048835.parquet,real_data_sample\l2_unseen_validation\trade_date=2026-07-17\exchange=NSE\symbol=BAJAJ-AUTO\part-094601_495793-048835.parquet,35580,downloaded,35580,
2026-07-17,NSE,BAJAJ-AUTO,raw_l2/trade_date=2026-07-17/exchange=NSE/symbol=BAJAJ-AUTO/part-094658_229469-048963.parquet,real_data_sample\l2_unseen_validation\trade_date=2026-07-17\exchange=NSE\symbol=BAJAJ-AUTO\part-094658_229469-048963.parquet,35528,downloaded,35528,
2026-07-17,NSE,BAJAJ-AUTO,raw_l2/trade_date=2026-07-17/exchange=NSE/symbol=BAJAJ-AUTO/part-094712_485266-048995.parquet,real_data_sample\l2_unseen_validation\trade_date=2026-07-17\exchange=NSE\symbol=BAJAJ-AUTO\part-094712_485266-048995.parquet,34977,downloaded,34977,
2026-07-17,NSE,BAJAJ-AUTO,raw_l2/trade_date=2026-07-17/exchange=NSE/symbol=BAJAJ-AUTO/part-094630_244659-048899.parquet,real_data_sample\l2_unseen_validation\trade_date=2026-07-17\exchange=NSE\symbol=BAJAJ-AUTO\part-094630_244659-048899.parquet,35325,downloaded,35325,
2026-07-17,NSE,BAJAJ-AUTO,raw_l2/trade_date=2026-07-17/exchange=NSE/symbol=BAJAJ-AUTO/part-093808_950310-047779.parquet,real_data_sample\l2_unseen_validation\trade_date=2026-07-17\exchange=NSE\symbol=BAJAJ-AUTO\part-093808_950310-047779.parquet,34440,downloaded,34440,
2026-07-17,NSE,BAJAJ-AUTO,raw_l2/trade_date=2026-07-17/exchange=NSE/symbol=BAJAJ-AUTO/part-094755_480670-049091.parquet,real_data_sample\l2_unseen_validation\trade_date=2026-07-17\exchange=NSE\symbol=BAJAJ-AUTO\part-094755_480670-049091.parquet,34372,downloaded,34372,
2026-07-17,NSE,BAJAJ-AUTO,raw_l2/trade_date=2026-07-17/exchange=NSE/symbol=BAJAJ-AUTO/part-094644_212469-048931.parquet,real_data_sample\l2_unseen_validation\trade_date=2026-07-17\exchange=NSE\symbol=BAJAJ-AUTO\part-094644_212469-048931.parquet,35827,downloaded,35827,
2026-07-17,NSE,BAJAJ-AUTO,raw_l2/trade_date=2026-07-17/exchange=NSE/symbol=BAJAJ-AUTO/part-094615_753878-048867.parquet,real_data_sample\l2_unseen_validation\trade_date=2026-07-17\exchange=NSE\symbol=BAJAJ-AUTO\part-094615_753878-048867.parquet,35532,downloaded,35532,
2026-07-17,NSE,BAJAJ-AUTO,raw_l2/trade_date=2026-07-17/exchange=NSE/symbol=BAJAJ-AUTO/part-094726_752092-049027.parquet,real_data_sample\l2_unseen_validation\trade_date=2026-07-17\exchange=NSE\symbol=BAJAJ-AUTO\part-094726_752092-049027.parquet,34500,downloaded,34500,
2026-07-17,NSE,BAJAJ-AUTO,raw_l2/trade_date=2026-07-17/exchange=NSE/symbol=BAJAJ-AUTO/part-093754_707195-047747.parquet,real_data_sample\l2_unseen_validation\trade_date=2026-07-17\exchange=NSE\symbol=BAJAJ-AUTO\part-093754_707195-047747.parquet,34454,downloaded,34454,
2026-07-17,NSE,BAJAJ-AUTO,raw_l2/trade_date=2026-07-17/exchange=NSE/symbol=BAJAJ-AUTO/part-093712_712074-047651.parquet,real_data_sample\l2_unseen_validation\trade_date=2026-07-17\exchange=NSE\symbol=BAJAJ-AUTO\part-093712_712074-047651.parquet,35216,downloaded,35216,
2026-07-17,NSE,BAJAJ-AUTO,raw_l2/trade_date=2026-07-17/exchange=NSE/symbol=BAJAJ-AUTO/part-094823_711671-049155.parquet,real_data_sample\l2_unseen_validation\trade_date=2026-07-17\exchange=NSE\symbol=BAJAJ-AUTO\part-094823_711671-049155.parquet,35598,downloaded,35598,
2026-07-17,NSE,BAJAJ-AUTO,raw_l2/trade_date=2026-07-17/exchange=NSE/symbol=BAJAJ-AUTO/part-093934_719437-047971.parquet,real_data_sample\l2_unseen_validation\trade_date=2026-07-17\exchange=NSE\symbol=BAJAJ-AUTO\part-093934_719437-047971.parquet,35304,downloaded,35304,
2026-07-17,NSE,BAJAJ-AUTO,raw_l2/trade_date=2026-07-17/exchange=NSE/symbol=BAJAJ-AUTO/part-094740_973232-049059.parquet,real_data_sample\l2_unseen_validation\trade_date=2026-07-17\exchange=NSE\symbol=BAJAJ-AUTO\part-094740_973232-049059.parquet,34490,downloaded,34490,
2026-07-17,NSE,BAJAJ-AUTO,raw_l2/trade_date=2026-07-17/exchange=NSE/symbol=BAJAJ-AUTO/part-093920_267512-047939.parquet,real_data_sample\l2_unseen_validation\trade_date=2026-07-17\exchange=NSE\symbol=BAJAJ-AUTO\part-093920_267512-047939.parquet,35627,downloaded,35627,
2026-07-17,NSE,BAJAJ-AUTO,raw_l2/trade_date=2026-07-17/exchange=NSE/symbol=BAJAJ-AUTO/part-094809_737276-049123.parquet,real_data_sample\l2_unseen_validation\trade_date=2026-07-17\exchange=NSE\symbol=BAJAJ-AUTO\part-094809_737276-049123.parquet,34587,downloaded,34587,
2026-07-17,NSE,BAJAJ-AUTO,raw_l2/trade_date=2026-07-17/exchange=NSE/symbol=BAJAJ-AUTO/part-094100_637434-048163.parquet,real_data_sample\l2_unseen_validation\trade_date=2026-07-17\exchange=NSE\symbol=BAJAJ-AUTO\part-094100_637434-048163.parquet,35621,downloaded,35621,
2026-07-17,NSE,BAJAJ-AUTO,raw_l2/trade_date=2026-07-17/exchange=NSE/symbol=BAJAJ-AUTO/part-093851_450085-047875.parquet,real_data_sample\l2_unseen_validation\trade_date=2026-07-17\exchange=NSE\symbol=BAJAJ-AUTO\part-093851_450085-047875.parquet,35587,downloaded,35587,
2026-07-17,NSE,BAJAJ-AUTO,raw_l2/trade_date=2026-07-17/exchange=NSE/symbol=BAJAJ-AUTO/part-094838_230633-049187.parquet,real_data_sample\l2_unseen_validation\trade_date=2026-07-17\exchange=NSE\symbol=BAJAJ-AUTO\part-094838_230633-049187.parquet,35571,downloaded,35571,
2026-07-17,NSE,BAJAJ-AUTO,raw_l2/trade_date=2026-07-17/exchange=NSE/symbol=BAJAJ-AUTO/part-093726_690723-047683.parquet,real_data_sample\l2_unseen_validation\trade_date=2026-07-17\exchange=NSE\symbol=BAJAJ-AUTO\part-093726_690723-047683.parquet,34686,downloaded,34686,
2026-07-17,NSE,BAJAJ-AUTO,raw_l2/trade_date=2026-07-17/exchange=NSE/symbol=BAJAJ-AUTO/part-094017_734011-048067.parquet,real_data_sample\l2_unseen_validation\trade_date=2026-07-17\exchange=NSE\symbol=BAJAJ-AUTO\part-094017_734011-048067.parquet,35345,downloaded,35345,
2026-07-17,NSE,BAJAJ-AUTO,raw_l2/trade_date=2026-07-17/exchange=NSE/symbol=BAJAJ-AUTO/part-093822_957583-047811.parquet,real_data_sample\l2_unseen_validation\trade_date=2026-07-17\exchange=NSE\symbol=BAJAJ-AUTO\part-093822_957583-047811.parquet,35363,downloaded,35363,
2026-07-17,NSE,BAJAJ-AUTO,raw_l2/trade_date=2026-07-17/exchange=NSE/symbol=BAJAJ-AUTO/part-093837_218475-047843.parquet,real_data_sample\l2_unseen_validation\trade_date=2026-07-17\exchange=NSE\symbol=BAJAJ-AUTO\part-093837_218475-047843.parquet,35704,downloaded,35704,
2026-07-17,NSE,BAJAJ-AUTO,raw_l2/trade_date=2026-07-17/exchange=NSE/symbol=BAJAJ-AUTO/part-093948_973282-048003.parquet,real_data_sample\l2_unseen_validation\trade_date=2026-07-17\exchange=NSE\symbol=BAJAJ-AUTO\part-093948_973282-048003.parquet,35347,downloaded,35347,
2026-07-17,NSE,BAJAJ-AUTO,raw_l2/trade_date=2026-07-17/exchange=NSE/symbol=BAJAJ-AUTO/part-093905_737411-047907.parquet,real_data_sample\l2_unseen_validation\trade_date=2026-07-17\exchange=NSE\symbol=BAJAJ-AUTO\part-093905_737411-047907.parquet,35511,downloaded,35511,
2026-07-17,NSE,BAJAJ-AUTO,raw_l2/trade_date=2026-07-17/exchange=NSE/symbol=BAJAJ-AUTO/part-094852_238252-049219.parquet,real_data_sample\l2_unseen_validation\trade_date=2026-07-17\exchange=NSE\symbol=BAJAJ-AUTO\part-094852_238252-049219.parquet,35409,downloaded,35409,
2026-07-17,NSE,BAJAJ-AUTO,raw_l2/trade_date=2026-07-17/exchange=NSE/symbol=BAJAJ-AUTO/part-094003_459383-048035.parquet,real_data_sample\l2_unseen_validation\trade_date=2026-07-17\exchange=NSE\symbol=BAJAJ-AUTO\part-094003_459383-048035.parquet,35491,downloaded,35491,
2026-07-17,NSE,BAJAJ-AUTO,raw_l2/trade_date=2026-07-17/exchange=NSE/symbol=BAJAJ-AUTO/part-094546_965479-048803.parquet,real_data_sample\l2_unseen_validation\trade_date=2026-07-17\exchange=NSE\symbol=BAJAJ-AUTO\part-094546_965479-048803.parquet,35585,downloaded,35585,
2026-07-17,NSE,BAJAJ-AUTO,raw_l2/trade_date=2026-07-17/exchange=NSE/symbol=BAJAJ-AUTO/part-094906_737936-049251.parquet,real_data_sample\l2_unseen_validation\trade_date=2026-07-17\exchange=NSE\symbol=BAJAJ-AUTO\part-094906_737936-049251.parquet,35534,downloaded,35534,
2026-07-17,NSE,BAJAJ-AUTO,raw_l2/trade_date=2026-07-17/exchange=NSE/symbol=BAJAJ-AUTO/part-094046_204006-048131.parquet,real_data_sample\l2_unseen_validation\trade_date=2026-07-17\exchange=NSE\symbol=BAJAJ-AUTO\part-094046_204006-048131.parquet,35366,downloaded,35366,
2026-07-17,NSE,BAJAJ-AUTO,raw_l2/trade_date=2026-07-17/exchange=NSE/symbol=BAJAJ-AUTO/part-094114_976364-048195.parquet,real_data_sample\l2_unseen_validation\trade_date=2026-07-17\exchange=NSE\symbol=BAJAJ-AUTO\part-094114_976364-048195.parquet,35588,downloaded,35588,
2026-07-17,NSE,BAJAJ-AUTO,raw_l2/trade_date=2026-07-17/exchange=NSE/symbol=BAJAJ-AUTO/part-094031_979805-048099.parquet,real_data_sample\l2_unseen_validation\trade_date=2026-07-17\exchange=NSE\symbol=BAJAJ-AUTO\part-094031_979805-048099.parquet,35309,downloaded,35309,
2026-07-17,NSE,BAJAJ-AUTO,raw_l2/trade_date=2026-07-17/exchange=NSE/symbol=BAJAJ-AUTO/part-094129_453021-048227.parquet,real_data_sample\l2_unseen_validation\trade_date=2026-07-17\exchange=NSE\symbol=BAJAJ-AUTO\part-094129_453021-048227.parquet,35401,downloaded,35401,
2026-07-17,NSE,BAJAJ-AUTO,raw_l2/trade_date=2026-07-17/exchange=NSE/symbol=BAJAJ-AUTO/part-094921_156190-049283.parquet,real_data_sample\l2_unseen_validation\trade_date=2026-07-17\exchange=NSE\symbol=BAJAJ-AUTO\part-094921_156190-049283.parquet,35562,downloaded,35562,
2026-07-17,NSE,BAJAJ-AUTO,raw_l2/trade_date=2026-07-17/exchange=NSE/symbol=BAJAJ-AUTO/part-094949_448645-049347.parquet,real_data_sample\l2_unseen_validation\trade_date=2026-07-17\exchange=NSE\symbol=BAJAJ-AUTO\part-094949_448645-049347.parquet,35386,downloaded,35386,
2026-07-17,NSE,BAJAJ-AUTO,raw_l2/trade_date=2026-07-17/exchange=NSE/symbol=BAJAJ-AUTO/part-094935_204671-049315.parquet,real_data_sample\l2_unseen_validation\trade_date=2026-07-17\exchange=NSE\symbol=BAJAJ-AUTO\part-094935_204671-049315.parquet,35542,downloaded,35542,
2026-07-17,NSE,BAJAJ-AUTO,raw_l2/trade_date=2026-07-17/exchange=NSE/symbol=BAJAJ-AUTO/part-095017_944767-049411.parquet,real_data_sample\l2_unseen_validation\trade_date=2026-07-17\exchange=NSE\symbol=BAJAJ-AUTO\part-095017_944767-049411.parquet,35650,downloaded,35650,
2026-07-17,NSE,BAJAJ-AUTO,raw_l2/trade_date=2026-07-17/exchange=NSE/symbol=BAJAJ-AUTO/part-095128_693034-049571.parquet,real_data_sample\l2_unseen_validation\trade_date=2026-07-17\exchange=NSE\symbol=BAJAJ-AUTO\part-095128_693034-049571.parquet,35787,downloaded,35787,
2026-07-17,NSE,BAJAJ-AUTO,raw_l2/trade_date=2026-07-17/exchange=NSE/symbol=BAJAJ-AUTO/part-095003_718975-049379.parquet,real_data_sample\l2_unseen_validation\trade_date=2026-07-17\exchange=NSE\symbol=BAJAJ-AUTO\part-095003_718975-049379.parquet,35731,downloaded,35731,
2026-07-17,NSE,BAJAJ-AUTO,raw_l2/trade_date=2026-07-17/exchange=NSE/symbol=BAJAJ-AUTO/part-095253_207582-049763.parquet,real_data_sample\l2_unseen_validation\trade_date=2026-07-17\exchange=NSE\symbol=BAJAJ-AUTO\part-095253_207582-049763.parquet,34462,downloaded,34462,
2026-07-17,NSE,BAJAJ-AUTO,raw_l2/trade_date=2026-07-17/exchange=NSE/symbol=BAJAJ-AUTO/part-095501_744262-050051.parquet,real_data_sample\l2_unseen_validation\trade_date=2026-07-17\exchange=NSE\symbol=BAJAJ-AUTO\part-095501_744262-050051.parquet,35498,downloaded,35498,
2026-07-17,NSE,BAJAJ-AUTO,raw_l2/trade_date=2026-07-17/exchange=NSE/symbol=BAJAJ-AUTO/part-095156_697707-049635.parquet,real_data_sample\l2_unseen_validation\trade_date=2026-07-17\exchange=NSE\symbol=BAJAJ-AUTO\part-095156_697707-049635.parquet,35542,downloaded,35542,
2026-07-17,NSE,BAJAJ-AUTO,raw_l2/trade_date=2026-07-17/exchange=NSE/symbol=BAJAJ-AUTO/part-095100_463494-049507.parquet,real_data_sample\l2_unseen_validation\trade_date=2026-07-17\exchange=NSE\symbol=BAJAJ-AUTO\part-095100_463494-049507.parquet,35348,downloaded,35348,
2026-07-17,NSE,BAJAJ-AUTO,raw_l2/trade_date=2026-07-17/exchange=NSE/symbol=BAJAJ-AUTO/part-095335_979355-049859.parquet,real_data_sample\l2_unseen_validation\trade_date=2026-07-17\exchange=NSE\symbol=BAJAJ-AUTO\part-095335_979355-049859.parquet,34361,downloaded,34361,
2026-07-17,NSE,BAJAJ-AUTO,raw_l2/trade_date=2026-07-17/exchange=NSE/symbol=BAJAJ-AUTO/part-095225_221901-049699.parquet,real_data_sample\l2_unseen_validation\trade_date=2026-07-17\exchange=NSE\symbol=BAJAJ-AUTO\part-095225_221901-049699.parquet,34485,downloaded,34485,
2026-07-17,NSE,BAJAJ-AUTO,raw_l2/trade_date=2026-07-17/exchange=NSE/symbol=BAJAJ-AUTO/part-095404_752748-049923.parquet,real_data_sample\l2_unseen_validation\trade_date=2026-07-17\exchange=NSE\symbol=BAJAJ-AUTO\part-095404_752748-049923.parquet,34471,downloaded,34471,
2026-07-17,NSE,BAJAJ-AUTO,raw_l2/trade_date=2026-07-17/exchange=NSE/symbol=BAJAJ-AUTO/part-095350_256904-049891.parquet,real_data_sample\l2_unseen_validation\trade_date=2026-07-17\exchange=NSE\symbol=BAJAJ-AUTO\part-095350_256904-049891.parquet,34640,downloaded,34640,
2026-07-17,NSE,BAJAJ-AUTO,raw_l2/trade_date=2026-07-17/exchange=NSE/symbol=BAJAJ-AUTO/part-095046_455696-049475.parquet,real_data_sample\l2_unseen_validation\trade_date=2026-07-17\exchange=NSE\symbol=BAJAJ-AUTO\part-095046_455696-049475.parquet,35373,downloaded,35373,
2026-07-17,NSE,BAJAJ-AUTO,raw_l2/trade_date=2026-07-17/exchange=NSE/symbol=BAJAJ-AUTO/part-095419_243724-049955.parquet,real_data_sample\l2_unseen_validation\trade_date=2026-07-17\exchange=NSE\symbol=BAJAJ-AUTO\part-095419_243724-049955.parquet,35092,downloaded,35092,
2026-07-17,NSE,BAJAJ-AUTO,raw_l2/trade_date=2026-07-17/exchange=NSE/symbol=BAJAJ-AUTO/part-095515_729495-050083.parquet,real_data_sample\l2_unseen_validation\trade_date=2026-07-17\exchange=NSE\symbol=BAJAJ-AUTO\part-095515_729495-050083.parquet,34999,downloaded,34999,
2026-07-17,NSE,BAJAJ-AUTO,raw_l2/trade_date=2026-07-17/exchange=NSE/symbol=BAJAJ-AUTO/part-095114_450886-049539.parquet,real_data_sample\l2_unseen_validation\trade_date=2026-07-17\exchange=NSE\symbol=BAJAJ-AUTO\part-095114_450886-049539.parquet,35704,downloaded,35704,
2026-07-17,NSE,BAJAJ-AUTO,raw_l2/trade_date=2026-07-17/exchange=NSE/symbol=BAJAJ-AUTO/part-095544_605833-050147.parquet,real_data_sample\l2_unseen_validation\trade_date=2026-07-17\exchange=NSE\symbol=BAJAJ-AUTO\part-095544_605833-050147.parquet,34577,downloaded,34577,
2026-07-17,NSE,BAJAJ-AUTO,raw_l2/trade_date=2026-07-17/exchange=NSE/symbol=BAJAJ-AUTO/part-095032_213962-049443.parquet,real_data_sample\l2_unseen_validation\trade_date=2026-07-17\exchange=NSE\symbol=BAJAJ-AUTO\part-095032_213962-049443.parquet,35476,downloaded,35476,
2026-07-17,NSE,BAJAJ-AUTO,raw_l2/trade_date=2026-07-17/exchange=NSE/symbol=BAJAJ-AUTO/part-095210_990039-049667.parquet,real_data_sample\l2_unseen_validation\trade_date=2026-07-17\exchange=NSE\symbol=BAJAJ-AUTO\part-095210_990039-049667.parquet,35518,downloaded,35518,
2026-07-17,NSE,BAJAJ-AUTO,raw_l2/trade_date=2026-07-17/exchange=NSE/symbol=BAJAJ-AUTO/part-095559_251637-050179.parquet,real_data_sample\l2_unseen_validation\trade_date=2026-07-17\exchange=NSE\symbol=BAJAJ-AUTO\part-095559_251637-050179.parquet,34465,downloaded,34465,
2026-07-17,NSE,BAJAJ-AUTO,raw_l2/trade_date=2026-07-17/exchange=NSE/symbol=BAJAJ-AUTO/part-095321_472027-049827.parquet,real_data_sample\l2_unseen_validation\trade_date=2026-07-17\exchange=NSE\symbol=BAJAJ-AUTO\part-095321_472027-049827.parquet,34399,downloaded,34399,
2026-07-17,NSE,BAJAJ-AUTO,raw_l2/trade_date=2026-07-17/exchange=NSE/symbol=BAJAJ-AUTO/part-095307_251765-049795.parquet,real_data_sample\l2_unseen_validation\trade_date=2026-07-17\exchange=NSE\symbol=BAJAJ-AUTO\part-095307_251765-049795.parquet,34444,downloaded,34444,
2026-07-17,NSE,BAJAJ-AUTO,raw_l2/trade_date=2026-07-17/exchange=NSE/symbol=BAJAJ-AUTO/part-095447_480521-050019.parquet,real_data_sample\l2_unseen_validation\trade_date=2026-07-17\exchange=NSE\symbol=BAJAJ-AUTO\part-095447_480521-050019.parquet,35135,downloaded,35135,
2026-07-17,NSE,BAJAJ-AUTO,raw_l2/trade_date=2026-07-17/exchange=NSE/symbol=BAJAJ-AUTO/part-095613_773235-050211.parquet,real_data_sample\l2_unseen_validation\trade_date=2026-07-17\exchange=NSE\symbol=BAJAJ-AUTO\part-095613_773235-050211.parquet,34421,downloaded,34421,
2026-07-17,NSE,BAJAJ-AUTO,raw_l2/trade_date=2026-07-17/exchange=NSE/symbol=BAJAJ-AUTO/part-095239_229129-049731.parquet,real_data_sample\l2_unseen_validation\trade_date=2026-07-17\exchange=NSE\symbol=BAJAJ-AUTO\part-095239_229129-049731.parquet,34434,downloaded,34434,
2026-07-17,NSE,BAJAJ-AUTO,raw_l2/trade_date=2026-07-17/exchange=NSE/symbol=BAJAJ-AUTO/part-095142_706328-049603.parquet,real_data_sample\l2_unseen_validation\trade_date=2026-07-17\exchange=NSE\symbol=BAJAJ-AUTO\part-095142_706328-049603.parquet,35362,downloaded,35362,
2026-07-17,NSE,BAJAJ-AUTO,raw_l2/trade_date=2026-07-17/exchange=NSE/symbol=BAJAJ-AUTO/part-095433_241990-049987.parquet,real_data_sample\l2_unseen_validation\trade_date=2026-07-17\exchange=NSE\symbol=BAJAJ-AUTO\part-095433_241990-049987.parquet,35658,downloaded,35658,
2026-07-17,NSE,BAJAJ-AUTO,raw_l2/trade_date=2026-07-17/exchange=NSE/symbol=BAJAJ-AUTO/part-095627_980681-050243.parquet,real_data_sample\l2_unseen_validation\trade_date=2026-07-17\exchange=NSE\symbol=BAJAJ-AUTO\part-095627_980681-050243.parquet,34402,downloaded,34402,
2026-07-17,NSE,BAJAJ-AUTO,raw_l2/trade_date=2026-07-17/exchange=NSE/symbol=BAJAJ-AUTO/part-095642_492826-050275.parquet,real_data_sample\l2_unseen_validation\trade_date=2026-07-17\exchange=NSE\symbol=BAJAJ-AUTO\part-095642_492826-050275.parquet,34509,downloaded,34509,
2026-07-17,NSE,BAJAJ-AUTO,raw_l2/trade_date=2026-07-17/exchange=NSE/symbol=BAJAJ-AUTO/part-095712_001869-050339.parquet,real_data_sample\l2_unseen_validation\trade_date=2026-07-17\exchange=NSE\symbol=BAJAJ-AUTO\part-095712_001869-050339.parquet,34470,downloaded,34470,
2026-07-17,NSE,BAJAJ-AUTO,raw_l2/trade_date=2026-07-17/exchange=NSE/symbol=BAJAJ-AUTO/part-095656_971447-050307.parquet,real_data_sample\l2_unseen_validation\trade_date=2026-07-17\exchange=NSE\symbol=BAJAJ-AUTO\part-095656_971447-050307.parquet,34658,downloaded,34658,
2026-07-17,NSE,BAJAJ-AUTO,raw_l2/trade_date=2026-07-17/exchange=NSE/symbol=BAJAJ-AUTO/part-095726_492831-050371.parquet,real_data_sample\l2_unseen_validation\trade_date=2026-07-17\exchange=NSE\symbol=BAJAJ-AUTO\part-095726_492831-050371.parquet,34421,downloaded,34421,
2026-07-17,NSE,BAJAJ-AUTO,raw_l2/trade_date=2026-07-17/exchange=NSE/symbol=BAJAJ-AUTO/part-095823_501142-050499.parquet,real_data_sample\l2_unseen_validation\trade_date=2026-07-17\exchange=NSE\symbol=BAJAJ-AUTO\part-095823_501142-050499.parquet,34716,downloaded,34716,
2026-07-17,NSE,BANKBEES,raw_l2/trade_date=2026-07-17/exchange=NSE/symbol=BANKBEES/part-034653_844501-000260.parquet,real_data_sample\l2_unseen_validation\trade_date=2026-07-17\exchange=NSE\symbol=BANKBEES\part-034653_844501-000260.parquet,34452,downloaded,34452,
2026-07-17,NSE,BAJAJ-AUTO,raw_l2/trade_date=2026-07-17/exchange=NSE/symbol=BAJAJ-AUTO/part-095529_986845-050115.parquet,real_data_sample\l2_unseen_validation\trade_date=2026-07-17\exchange=NSE\symbol=BAJAJ-AUTO\part-095529_986845-050115.parquet,34384,downloaded,34384,
2026-07-17,NSE,BAJAJ-AUTO,raw_l2/trade_date=2026-07-17/exchange=NSE/symbol=BAJAJ-AUTO/part-095922_011616-050627.parquet,real_data_sample\l2_unseen_validation\trade_date=2026-07-17\exchange=NSE\symbol=BAJAJ-AUTO\part-095922_011616-050627.parquet,34418,downloaded,34418,
2026-07-17,NSE,BANKBEES,raw_l2/trade_date=2026-07-17/exchange=NSE/symbol=BANKBEES/part-034501_164594-000004.parquet,real_data_sample\l2_unseen_validation\trade_date=2026-07-17\exchange=NSE\symbol=BANKBEES\part-034501_164594-000004.parquet,33996,downloaded,33996,
2026-07-17,NSE,BAJAJ-AUTO,raw_l2/trade_date=2026-07-17/exchange=NSE/symbol=BAJAJ-AUTO/part-095740_996713-050403.parquet,real_data_sample\l2_unseen_validation\trade_date=2026-07-17\exchange=NSE\symbol=BAJAJ-AUTO\part-095740_996713-050403.parquet,34453,downloaded,34453,
2026-07-17,NSE,BAJAJ-AUTO,raw_l2/trade_date=2026-07-17/exchange=NSE/symbol=BAJAJ-AUTO/part-095838_267304-050531.parquet,real_data_sample\l2_unseen_validation\trade_date=2026-07-17\exchange=NSE\symbol=BAJAJ-AUTO\part-095838_267304-050531.parquet,34451,downloaded,34451,
2026-07-17,NSE,BANKBEES,raw_l2/trade_date=2026-07-17/exchange=NSE/symbol=BANKBEES/part-034529_313689-000068.parquet,real_data_sample\l2_unseen_validation\trade_date=2026-07-17\exchange=NSE\symbol=BANKBEES\part-034529_313689-000068.parquet,34476,downloaded,34476,
2026-07-17,NSE,BAJAJ-AUTO,raw_l2/trade_date=2026-07-17/exchange=NSE/symbol=BAJAJ-AUTO/part-095950_967662-050691.parquet,real_data_sample\l2_unseen_validation\trade_date=2026-07-17\exchange=NSE\symbol=BAJAJ-AUTO\part-095950_967662-050691.parquet,34495,downloaded,34495,
2026-07-17,NSE,BAJAJ-AUTO,raw_l2/trade_date=2026-07-17/exchange=NSE/symbol=BAJAJ-AUTO/part-095809_482904-050467.parquet,real_data_sample\l2_unseen_validation\trade_date=2026-07-17\exchange=NSE\symbol=BAJAJ-AUTO\part-095809_482904-050467.parquet,34475,downloaded,34475,
2026-07-17,NSE,BAJAJ-AUTO,raw_l2/trade_date=2026-07-17/exchange=NSE/symbol=BAJAJ-AUTO/part-095755_243645-050435.parquet,real_data_sample\l2_unseen_validation\trade_date=2026-07-17\exchange=NSE\symbol=BAJAJ-AUTO\part-095755_243645-050435.parquet,34364,downloaded,34364,
2026-07-17,NSE,BAJAJ-AUTO,raw_l2/trade_date=2026-07-17/exchange=NSE/symbol=BAJAJ-AUTO/part-095852_997413-050563.parquet,real_data_sample\l2_unseen_validation\trade_date=2026-07-17\exchange=NSE\symbol=BAJAJ-AUTO\part-095852_997413-050563.parquet,34671,downloaded,34671,
2026-07-17,NSE,BANKBEES,raw_l2/trade_date=2026-07-17/exchange=NSE/symbol=BANKBEES/part-034557_546224-000132.parquet,real_data_sample\l2_unseen_validation\trade_date=2026-07-17\exchange=NSE\symbol=BANKBEES\part-034557_546224-000132.parquet,34387,downloaded,34387,
2026-07-17,NSE,BANKBEES,raw_l2/trade_date=2026-07-17/exchange=NSE/symbol=BANKBEES/part-034515_563699-000036.parquet,real_data_sample\l2_unseen_validation\trade_date=2026-07-17\exchange=NSE\symbol=BANKBEES\part-034515_563699-000036.parquet,34447,downloaded,34447,
2026-07-17,NSE,BANKBEES,raw_l2/trade_date=2026-07-17/exchange=NSE/symbol=BANKBEES/part-034625_544103-000196.parquet,real_data_sample\l2_unseen_validation\trade_date=2026-07-17\exchange=NSE\symbol=BANKBEES\part-034625_544103-000196.parquet,34444,downloaded,34444,
2026-07-17,NSE,BANKBEES,raw_l2/trade_date=2026-07-17/exchange=NSE/symbol=BANKBEES/part-034611_546336-000164.parquet,real_data_sample\l2_unseen_validation\trade_date=2026-07-17\exchange=NSE\symbol=BANKBEES\part-034611_546336-000164.parquet,34137,downloaded,34137,
2026-07-17,NSE,BANKBEES,raw_l2/trade_date=2026-07-17/exchange=NSE/symbol=BANKBEES/part-034639_674600-000228.parquet,real_data_sample\l2_unseen_validation\trade_date=2026-07-17\exchange=NSE\symbol=BANKBEES\part-034639_674600-000228.parquet,34137,downloaded,34137,
2026-07-17,NSE,BAJAJ-AUTO,raw_l2/trade_date=2026-07-17/exchange=NSE/symbol=BAJAJ-AUTO/part-095907_494729-050595.parquet,real_data_sample\l2_unseen_validation\trade_date=2026-07-17\exchange=NSE\symbol=BAJAJ-AUTO\part-095907_494729-050595.parquet,34480,downloaded,34480,
2026-07-17,NSE,BAJAJ-AUTO,raw_l2/trade_date=2026-07-17/exchange=NSE/symbol=BAJAJ-AUTO/part-095936_498594-050659.parquet,real_data_sample\l2_unseen_validation\trade_date=2026-07-17\exchange=NSE\symbol=BAJAJ-AUTO\part-095936_498594-050659.parquet,34471,downloaded,34471,
2026-07-17,NSE,BAJAJ-AUTO,raw_l2/trade_date=2026-07-17/exchange=NSE/symbol=BAJAJ-AUTO/part-100005_224950-050723.parquet,real_data_sample\l2_unseen_validation\trade_date=2026-07-17\exchange=NSE\symbol=BAJAJ-AUTO\part-100005_224950-050723.parquet,34405,downloaded,34405,
2026-07-17,NSE,BANKBEES,raw_l2/trade_date=2026-07-17/exchange=NSE/symbol=BANKBEES/part-034543_090286-000100.parquet,real_data_sample\l2_unseen_validation\trade_date=2026-07-17\exchange=NSE\symbol=BANKBEES\part-034543_090286-000100.parquet,34088,downloaded,34088,
2026-07-17,NSE,BANKBEES,raw_l2/trade_date=2026-07-17/exchange=NSE/symbol=BANKBEES/part-034845_556525-000516.parquet,real_data_sample\l2_unseen_validation\trade_date=2026-07-17\exchange=NSE\symbol=BANKBEES\part-034845_556525-000516.parquet,34137,downloaded,34137,
2026-07-17,NSE,BANKBEES,raw_l2/trade_date=2026-07-17/exchange=NSE/symbol=BANKBEES/part-034859_304291-000548.parquet,real_data_sample\l2_unseen_validation\trade_date=2026-07-17\exchange=NSE\symbol=BANKBEES\part-034859_304291-000548.parquet,34458,downloaded,34458,
2026-07-17,NSE,BAJAJ-AUTO,raw_l2/trade_date=2026-07-17/exchange=NSE/symbol=BAJAJ-AUTO/part-100127_218373-050767.parquet,real_data_sample\l2_unseen_validation\trade_date=2026-07-17\exchange=NSE\symbol=BAJAJ-AUTO\part-100127_218373-050767.parquet,34108,downloaded,34108,
2026-07-17,NSE,BANKBEES,raw_l2/trade_date=2026-07-17/exchange=NSE/symbol=BANKBEES/part-034831_801966-000484.parquet,real_data_sample\l2_unseen_validation\trade_date=2026-07-17\exchange=NSE\symbol=BANKBEES\part-034831_801966-000484.parquet,34635,downloaded,34635,
2026-07-17,NSE,BANKBEES,raw_l2/trade_date=2026-07-17/exchange=NSE/symbol=BANKBEES/part-034721_574994-000324.parquet,real_data_sample\l2_unseen_validation\trade_date=2026-07-17\exchange=NSE\symbol=BANKBEES\part-034721_574994-000324.parquet,34088,downloaded,34088,
2026-07-17,NSE,BANKBEES,raw_l2/trade_date=2026-07-17/exchange=NSE/symbol=BANKBEES/part-034707_561915-000292.parquet,real_data_sample\l2_unseen_validation\trade_date=2026-07-17\exchange=NSE\symbol=BANKBEES\part-034707_561915-000292.parquet,34618,downloaded,34618,
2026-07-17,NSE,BANKBEES,raw_l2/trade_date=2026-07-17/exchange=NSE/symbol=BANKBEES/part-034818_067346-000452.parquet,real_data_sample\l2_unseen_validation\trade_date=2026-07-17\exchange=NSE\symbol=BANKBEES\part-034818_067346-000452.parquet,34259,downloaded,34259,
2026-07-17,NSE,BANKBEES,raw_l2/trade_date=2026-07-17/exchange=NSE/symbol=BANKBEES/part-034803_920431-000420.parquet,real_data_sample\l2_unseen_validation\trade_date=2026-07-17\exchange=NSE\symbol=BANKBEES\part-034803_920431-000420.parquet,34400,downloaded,34400,
2026-07-17,NSE,BANKBEES,raw_l2/trade_date=2026-07-17/exchange=NSE/symbol=BANKBEES/part-034735_572513-000356.parquet,real_data_sample\l2_unseen_validation\trade_date=2026-07-17\exchange=NSE\symbol=BANKBEES\part-034735_572513-000356.parquet,34356,downloaded,34356,
2026-07-17,NSE,BANKBEES,raw_l2/trade_date=2026-07-17/exchange=NSE/symbol=BANKBEES/part-034749_804706-000388.parquet,real_data_sample\l2_unseen_validation\trade_date=2026-07-17\exchange=NSE\symbol=BANKBEES\part-034749_804706-000388.parquet,34354,downloaded,34354,
2026-07-17,NSE,BANKBEES,raw_l2/trade_date=2026-07-17/exchange=NSE/symbol=BANKBEES/part-034913_361923-000580.parquet,real_data_sample\l2_unseen_validation\trade_date=2026-07-17\exchange=NSE\symbol=BANKBEES\part-034913_361923-000580.parquet,34346,downloaded,34346,
2026-07-17,NSE,BANKBEES,raw_l2/trade_date=2026-07-17/exchange=NSE/symbol=BANKBEES/part-035050_799366-000804.parquet,real_data_sample\l2_unseen_validation\trade_date=2026-07-17\exchange=NSE\symbol=BANKBEES\part-035050_799366-000804.parquet,34412,downloaded,34412,
2026-07-17,NSE,BANKBEES,raw_l2/trade_date=2026-07-17/exchange=NSE/symbol=BANKBEES/part-035037_111924-000772.parquet,real_data_sample\l2_unseen_validation\trade_date=2026-07-17\exchange=NSE\symbol=BANKBEES\part-035037_111924-000772.parquet,34381,downloaded,34381,
2026-07-17,NSE,BANKBEES,raw_l2/trade_date=2026-07-17/exchange=NSE/symbol=BANKBEES/part-035023_341019-000740.parquet,real_data_sample\l2_unseen_validation\trade_date=2026-07-17\exchange=NSE\symbol=BANKBEES\part-035023_341019-000740.parquet,34370,downloaded,34370,
2026-07-17,NSE,BANKBEES,raw_l2/trade_date=2026-07-17/exchange=NSE/symbol=BANKBEES/part-035009_321659-000708.parquet,real_data_sample\l2_unseen_validation\trade_date=2026-07-17\exchange=NSE\symbol=BANKBEES\part-035009_321659-000708.parquet,34404,downloaded,34404,
2026-07-17,NSE,BANKBEES,raw_l2/trade_date=2026-07-17/exchange=NSE/symbol=BANKBEES/part-034927_343000-000612.parquet,real_data_sample\l2_unseen_validation\trade_date=2026-07-17\exchange=NSE\symbol=BANKBEES\part-034927_343000-000612.parquet,34088,downloaded,34088,
2026-07-17,NSE,BANKBEES,raw_l2/trade_date=2026-07-17/exchange=NSE/symbol=BANKBEES/part-034941_332333-000644.parquet,real_data_sample\l2_unseen_validation\trade_date=2026-07-17\exchange=NSE\symbol=BANKBEES\part-034941_332333-000644.parquet,34419,downloaded,34419,
2026-07-17,NSE,BANKBEES,raw_l2/trade_date=2026-07-17/exchange=NSE/symbol=BANKBEES/part-035145_808184-000932.parquet,real_data_sample\l2_unseen_validation\trade_date=2026-07-17\exchange=NSE\symbol=BANKBEES\part-035145_808184-000932.parquet,34237,downloaded,34237,
2026-07-17,NSE,BANKBEES,raw_l2/trade_date=2026-07-17/exchange=NSE/symbol=BANKBEES/part-035418_809385-001284.parquet,real_data_sample\l2_unseen_validation\trade_date=2026-07-17\exchange=NSE\symbol=BANKBEES\part-035418_809385-001284.parquet,34423,downloaded,34423,
2026-07-17,NSE,BANKBEES,raw_l2/trade_date=2026-07-17/exchange=NSE/symbol=BANKBEES/part-035159_836567-000964.parquet,real_data_sample\l2_unseen_validation\trade_date=2026-07-17\exchange=NSE\symbol=BANKBEES\part-035159_836567-000964.parquet,34352,downloaded,34352,
2026-07-17,NSE,BANKBEES,raw_l2/trade_date=2026-07-17/exchange=NSE/symbol=BANKBEES/part-035132_085794-000900.parquet,real_data_sample\l2_unseen_validation\trade_date=2026-07-17\exchange=NSE\symbol=BANKBEES\part-035132_085794-000900.parquet,34413,downloaded,34413,
2026-07-17,NSE,BANKBEES,raw_l2/trade_date=2026-07-17/exchange=NSE/symbol=BANKBEES/part-035446_566423-001348.parquet,real_data_sample\l2_unseen_validation\trade_date=2026-07-17\exchange=NSE\symbol=BANKBEES\part-035446_566423-001348.parquet,34594,downloaded,34594,
2026-07-17,NSE,BANKBEES,raw_l2/trade_date=2026-07-17/exchange=NSE/symbol=BANKBEES/part-035432_559757-001316.parquet,real_data_sample\l2_unseen_validation\trade_date=2026-07-17\exchange=NSE\symbol=BANKBEES\part-035432_559757-001316.parquet,34400,downloaded,34400,
2026-07-17,NSE,BANKBEES,raw_l2/trade_date=2026-07-17/exchange=NSE/symbol=BANKBEES/part-035104_563923-000836.parquet,real_data_sample\l2_unseen_validation\trade_date=2026-07-17\exchange=NSE\symbol=BANKBEES\part-035104_563923-000836.parquet,34385,downloaded,34385,
2026-07-17,NSE,BANKBEES,raw_l2/trade_date=2026-07-17/exchange=NSE/symbol=BANKBEES/part-035118_318134-000868.parquet,real_data_sample\l2_unseen_validation\trade_date=2026-07-17\exchange=NSE\symbol=BANKBEES\part-035118_318134-000868.parquet,34640,downloaded,34640,
2026-07-17,NSE,BANKBEES,raw_l2/trade_date=2026-07-17/exchange=NSE/symbol=BANKBEES/part-035638_305078-001604.parquet,real_data_sample\l2_unseen_validation\trade_date=2026-07-17\exchange=NSE\symbol=BANKBEES\part-035638_305078-001604.parquet,34307,downloaded,34307,
2026-07-17,NSE,BANKBEES,raw_l2/trade_date=2026-07-17/exchange=NSE/symbol=BANKBEES/part-035500_622839-001380.parquet,real_data_sample\l2_unseen_validation\trade_date=2026-07-17\exchange=NSE\symbol=BANKBEES\part-035500_622839-001380.parquet,34088,downloaded,34088,
2026-07-17,NSE,BANKBEES,raw_l2/trade_date=2026-07-17/exchange=NSE/symbol=BANKBEES/part-035405_047816-001252.parquet,real_data_sample\l2_unseen_validation\trade_date=2026-07-17\exchange=NSE\symbol=BANKBEES\part-035405_047816-001252.parquet,34353,downloaded,34353,
2026-07-17,NSE,BANKBEES,raw_l2/trade_date=2026-07-17/exchange=NSE/symbol=BANKBEES/part-035514_534483-001412.parquet,real_data_sample\l2_unseen_validation\trade_date=2026-07-17\exchange=NSE\symbol=BANKBEES\part-035514_534483-001412.parquet,34778,downloaded,34778,
2026-07-17,NSE,BANKBEES,raw_l2/trade_date=2026-07-17/exchange=NSE/symbol=BANKBEES/part-035528_564648-001444.parquet,real_data_sample\l2_unseen_validation\trade_date=2026-07-17\exchange=NSE\symbol=BANKBEES\part-035528_564648-001444.parquet,35137,downloaded,35137,
2026-07-17,NSE,BANKBEES,raw_l2/trade_date=2026-07-17/exchange=NSE/symbol=BANKBEES/part-035323_350118-001156.parquet,real_data_sample\l2_unseen_validation\trade_date=2026-07-17\exchange=NSE\symbol=BANKBEES\part-035323_350118-001156.parquet,34356,downloaded,34356,
2026-07-17,NSE,BANKBEES,raw_l2/trade_date=2026-07-17/exchange=NSE/symbol=BANKBEES/part-035337_307473-001188.parquet,real_data_sample\l2_unseen_validation\trade_date=2026-07-17\exchange=NSE\symbol=BANKBEES\part-035337_307473-001188.parquet,34369,downloaded,34369,
2026-07-17,NSE,BANKBEES,raw_l2/trade_date=2026-07-17/exchange=NSE/symbol=BANKBEES/part-035624_564172-001572.parquet,real_data_sample\l2_unseen_validation\trade_date=2026-07-17\exchange=NSE\symbol=BANKBEES\part-035624_564172-001572.parquet,34397,downloaded,34397,
2026-07-17,NSE,BANKBEES,raw_l2/trade_date=2026-07-17/exchange=NSE/symbol=BANKBEES/part-035309_556015-001124.parquet,real_data_sample\l2_unseen_validation\trade_date=2026-07-17\exchange=NSE\symbol=BANKBEES\part-035309_556015-001124.parquet,34537,downloaded,34537,
2026-07-17,NSE,BANKBEES,raw_l2/trade_date=2026-07-17/exchange=NSE/symbol=BANKBEES/part-035351_092420-001220.parquet,real_data_sample\l2_unseen_validation\trade_date=2026-07-17\exchange=NSE\symbol=BANKBEES\part-035351_092420-001220.parquet,34363,downloaded,34363,
2026-07-17,NSE,BANKBEES,raw_l2/trade_date=2026-07-17/exchange=NSE/symbol=BANKBEES/part-035610_341072-001540.parquet,real_data_sample\l2_unseen_validation\trade_date=2026-07-17\exchange=NSE\symbol=BANKBEES\part-035610_341072-001540.parquet,35221,downloaded,35221,
2026-07-17,NSE,BANKBEES,raw_l2/trade_date=2026-07-17/exchange=NSE/symbol=BANKBEES/part-035227_549478-001028.parquet,real_data_sample\l2_unseen_validation\trade_date=2026-07-17\exchange=NSE\symbol=BANKBEES\part-035227_549478-001028.parquet,34344,downloaded,34344,
2026-07-17,NSE,BANKBEES,raw_l2/trade_date=2026-07-17/exchange=NSE/symbol=BANKBEES/part-035255_568611-001092.parquet,real_data_sample\l2_unseen_validation\trade_date=2026-07-17\exchange=NSE\symbol=BANKBEES\part-035255_568611-001092.parquet,34347,downloaded,34347,
2026-07-17,NSE,BANKBEES,raw_l2/trade_date=2026-07-17/exchange=NSE/symbol=BANKBEES/part-035542_568259-001476.parquet,real_data_sample\l2_unseen_validation\trade_date=2026-07-17\exchange=NSE\symbol=BANKBEES\part-035542_568259-001476.parquet,35347,downloaded,35347,
2026-07-17,NSE,BANKBEES,raw_l2/trade_date=2026-07-17/exchange=NSE/symbol=BANKBEES/part-035241_594919-001060.parquet,real_data_sample\l2_unseen_validation\trade_date=2026-07-17\exchange=NSE\symbol=BANKBEES\part-035241_594919-001060.parquet,34325,downloaded,34325,
2026-07-17,NSE,BANKBEES,raw_l2/trade_date=2026-07-17/exchange=NSE/symbol=BANKBEES/part-035556_306714-001508.parquet,real_data_sample\l2_unseen_validation\trade_date=2026-07-17\exchange=NSE\symbol=BANKBEES\part-035556_306714-001508.parquet,35417,downloaded,35417,
2026-07-17,NSE,BANKBEES,raw_l2/trade_date=2026-07-17/exchange=NSE/symbol=BANKBEES/part-035213_815583-000996.parquet,real_data_sample\l2_unseen_validation\trade_date=2026-07-17\exchange=NSE\symbol=BANKBEES\part-035213_815583-000996.parquet,34607,downloaded,34607,
2026-07-17,NSE,BANKBEES,raw_l2/trade_date=2026-07-17/exchange=NSE/symbol=BANKBEES/part-035652_327277-001636.parquet,real_data_sample\l2_unseen_validation\trade_date=2026-07-17\exchange=NSE\symbol=BANKBEES\part-035652_327277-001636.parquet,34290,downloaded,34290,
2026-07-17,NSE,BANKBEES,raw_l2/trade_date=2026-07-17/exchange=NSE/symbol=BANKBEES/part-035706_075936-001668.parquet,real_data_sample\l2_unseen_validation\trade_date=2026-07-17\exchange=NSE\symbol=BANKBEES\part-035706_075936-001668.parquet,34424,downloaded,34424,
2026-07-17,NSE,BANKBEES,raw_l2/trade_date=2026-07-17/exchange=NSE/symbol=BANKBEES/part-035734_132193-001732.parquet,real_data_sample\l2_unseen_validation\trade_date=2026-07-17\exchange=NSE\symbol=BANKBEES\part-035734_132193-001732.parquet,34437,downloaded,34437,
2026-07-17,NSE,BANKBEES,raw_l2/trade_date=2026-07-17/exchange=NSE/symbol=BANKBEES/part-034955_318087-000676.parquet,real_data_sample\l2_unseen_validation\trade_date=2026-07-17\exchange=NSE\symbol=BANKBEES\part-034955_318087-000676.parquet,34410,downloaded,34410,
2026-07-17,NSE,BANKBEES,raw_l2/trade_date=2026-07-17/exchange=NSE/symbol=BANKBEES/part-035720_090329-001700.parquet,real_data_sample\l2_unseen_validation\trade_date=2026-07-17\exchange=NSE\symbol=BANKBEES\part-035720_090329-001700.parquet,34391,downloaded,34391,
2026-07-17,NSE,BANKBEES,raw_l2/trade_date=2026-07-17/exchange=NSE/symbol=BANKBEES/part-035802_603060-001796.parquet,real_data_sample\l2_unseen_validation\trade_date=2026-07-17\exchange=NSE\symbol=BANKBEES\part-035802_603060-001796.parquet,34281,downloaded,34281,
2026-07-17,NSE,BANKBEES,raw_l2/trade_date=2026-07-17/exchange=NSE/symbol=BANKBEES/part-035748_338289-001764.parquet,real_data_sample\l2_unseen_validation\trade_date=2026-07-17\exchange=NSE\symbol=BANKBEES\part-035748_338289-001764.parquet,34378,downloaded,34378,
2026-07-17,NSE,BANKBEES,raw_l2/trade_date=2026-07-17/exchange=NSE/symbol=BANKBEES/part-035831_105605-001860.parquet,real_data_sample\l2_unseen_validation\trade_date=2026-07-17\exchange=NSE\symbol=BANKBEES\part-035831_105605-001860.parquet,34402,downloaded,34402,
2026-07-17,NSE,BANKBEES,raw_l2/trade_date=2026-07-17/exchange=NSE/symbol=BANKBEES/part-035859_100391-001924.parquet,real_data_sample\l2_unseen_validation\trade_date=2026-07-17\exchange=NSE\symbol=BANKBEES\part-035859_100391-001924.parquet,34288,downloaded,34288,
2026-07-17,NSE,BANKBEES,raw_l2/trade_date=2026-07-17/exchange=NSE/symbol=BANKBEES/part-035817_085635-001828.parquet,real_data_sample\l2_unseen_validation\trade_date=2026-07-17\exchange=NSE\symbol=BANKBEES\part-035817_085635-001828.parquet,34277,downloaded,34277,
2026-07-17,NSE,BANKBEES,raw_l2/trade_date=2026-07-17/exchange=NSE/symbol=BANKBEES/part-035845_074478-001892.parquet,real_data_sample\l2_unseen_validation\trade_date=2026-07-17\exchange=NSE\symbol=BANKBEES\part-035845_074478-001892.parquet,34462,downloaded,34462,
2026-07-17,NSE,BANKBEES,raw_l2/trade_date=2026-07-17/exchange=NSE/symbol=BANKBEES/part-035913_080170-001956.parquet,real_data_sample\l2_unseen_validation\trade_date=2026-07-17\exchange=NSE\symbol=BANKBEES\part-035913_080170-001956.parquet,34486,downloaded,34486,
2026-07-17,NSE,BANKBEES,raw_l2/trade_date=2026-07-17/exchange=NSE/symbol=BANKBEES/part-035927_071810-001988.parquet,real_data_sample\l2_unseen_validation\trade_date=2026-07-17\exchange=NSE\symbol=BANKBEES\part-035927_071810-001988.parquet,34381,downloaded,34381,
2026-07-17,NSE,BANKBEES,raw_l2/trade_date=2026-07-17/exchange=NSE/symbol=BANKBEES/part-035941_097264-002020.parquet,real_data_sample\l2_unseen_validation\trade_date=2026-07-17\exchange=NSE\symbol=BANKBEES\part-035941_097264-002020.parquet,34539,downloaded,34539,
2026-07-17,NSE,BANKBEES,raw_l2/trade_date=2026-07-17/exchange=NSE/symbol=BANKBEES/part-040009_302534-002084.parquet,real_data_sample\l2_unseen_validation\trade_date=2026-07-17\exchange=NSE\symbol=BANKBEES\part-040009_302534-002084.parquet,34711,downloaded,34711,
2026-07-17,NSE,BANKBEES,raw_l2/trade_date=2026-07-17/exchange=NSE/symbol=BANKBEES/part-035955_062800-002052.parquet,real_data_sample\l2_unseen_validation\trade_date=2026-07-17\exchange=NSE\symbol=BANKBEES\part-035955_062800-002052.parquet,34488,downloaded,34488,
2026-07-17,NSE,BANKBEES,raw_l2/trade_date=2026-07-17/exchange=NSE/symbol=BANKBEES/part-040037_328193-002148.parquet,real_data_sample\l2_unseen_validation\trade_date=2026-07-17\exchange=NSE\symbol=BANKBEES\part-040037_328193-002148.parquet,34468,downloaded,34468,
2026-07-17,NSE,BANKBEES,raw_l2/trade_date=2026-07-17/exchange=NSE/symbol=BANKBEES/part-040118_812393-002244.parquet,real_data_sample\l2_unseen_validation\trade_date=2026-07-17\exchange=NSE\symbol=BANKBEES\part-040118_812393-002244.parquet,35464,downloaded,35464,
2026-07-17,NSE,BANKBEES,raw_l2/trade_date=2026-07-17/exchange=NSE/symbol=BANKBEES/part-040104_811999-002212.parquet,real_data_sample\l2_unseen_validation\trade_date=2026-07-17\exchange=NSE\symbol=BANKBEES\part-040104_811999-002212.parquet,34448,downloaded,34448,
2026-07-17,NSE,BANKBEES,raw_l2/trade_date=2026-07-17/exchange=NSE/symbol=BANKBEES/part-040421_798528-002660.parquet,real_data_sample\l2_unseen_validation\trade_date=2026-07-17\exchange=NSE\symbol=BANKBEES\part-040421_798528-002660.parquet,34549,downloaded,34549,
2026-07-17,NSE,BANKBEES,raw_l2/trade_date=2026-07-17/exchange=NSE/symbol=BANKBEES/part-040023_368715-002116.parquet,real_data_sample\l2_unseen_validation\trade_date=2026-07-17\exchange=NSE\symbol=BANKBEES\part-040023_368715-002116.parquet,34389,downloaded,34389,
2026-07-17,NSE,BANKBEES,raw_l2/trade_date=2026-07-17/exchange=NSE/symbol=BANKBEES/part-040407_829468-002628.parquet,real_data_sample\l2_unseen_validation\trade_date=2026-07-17\exchange=NSE\symbol=BANKBEES\part-040407_829468-002628.parquet,35010,downloaded,35010,
2026-07-17,NSE,BANKBEES,raw_l2/trade_date=2026-07-17/exchange=NSE/symbol=BANKBEES/part-040051_036405-002180.parquet,real_data_sample\l2_unseen_validation\trade_date=2026-07-17\exchange=NSE\symbol=BANKBEES\part-040051_036405-002180.parquet,34581,downloaded,34581,
2026-07-17,NSE,BANKBEES,raw_l2/trade_date=2026-07-17/exchange=NSE/symbol=BANKBEES/part-040242_338757-002436.parquet,real_data_sample\l2_unseen_validation\trade_date=2026-07-17\exchange=NSE\symbol=BANKBEES\part-040242_338757-002436.parquet,35734,downloaded,35734,
2026-07-17,NSE,BANKBEES,raw_l2/trade_date=2026-07-17/exchange=NSE/symbol=BANKBEES/part-040256_622946-002468.parquet,real_data_sample\l2_unseen_validation\trade_date=2026-07-17\exchange=NSE\symbol=BANKBEES\part-040256_622946-002468.parquet,34920,downloaded,34920,
2026-07-17,NSE,BANKBEES,raw_l2/trade_date=2026-07-17/exchange=NSE/symbol=BANKBEES/part-040435_809943-002692.parquet,real_data_sample\l2_unseen_validation\trade_date=2026-07-17\exchange=NSE\symbol=BANKBEES\part-040435_809943-002692.parquet,34657,downloaded,34657,
2026-07-17,NSE,BANKBEES,raw_l2/trade_date=2026-07-17/exchange=NSE/symbol=BANKBEES/part-040532_328197-002820.parquet,real_data_sample\l2_unseen_validation\trade_date=2026-07-17\exchange=NSE\symbol=BANKBEES\part-040532_328197-002820.parquet,35386,downloaded,35386,
2026-07-17,NSE,BANKBEES,raw_l2/trade_date=2026-07-17/exchange=NSE/symbol=BANKBEES/part-040503_880680-002756.parquet,real_data_sample\l2_unseen_validation\trade_date=2026-07-17\exchange=NSE\symbol=BANKBEES\part-040503_880680-002756.parquet,34674,downloaded,34674,
2026-07-17,NSE,BANKBEES,raw_l2/trade_date=2026-07-17/exchange=NSE/symbol=BANKBEES/part-040200_321393-002340.parquet,real_data_sample\l2_unseen_validation\trade_date=2026-07-17\exchange=NSE\symbol=BANKBEES\part-040200_321393-002340.parquet,35952,downloaded,35952,
2026-07-17,NSE,BANKBEES,raw_l2/trade_date=2026-07-17/exchange=NSE/symbol=BANKBEES/part-040518_137657-002788.parquet,real_data_sample\l2_unseen_validation\trade_date=2026-07-17\exchange=NSE\symbol=BANKBEES\part-040518_137657-002788.parquet,35263,downloaded,35263,
2026-07-17,NSE,BANKBEES,raw_l2/trade_date=2026-07-17/exchange=NSE/symbol=BANKBEES/part-040353_837260-002596.parquet,real_data_sample\l2_unseen_validation\trade_date=2026-07-17\exchange=NSE\symbol=BANKBEES\part-040353_837260-002596.parquet,35111,downloaded,35111,
2026-07-17,NSE,BANKBEES,raw_l2/trade_date=2026-07-17/exchange=NSE/symbol=BANKBEES/part-040325_437590-002532.parquet,real_data_sample\l2_unseen_validation\trade_date=2026-07-17\exchange=NSE\symbol=BANKBEES\part-040325_437590-002532.parquet,35630,downloaded,35630,
2026-07-17,NSE,BANKBEES,raw_l2/trade_date=2026-07-17/exchange=NSE/symbol=BANKBEES/part-040132_576517-002276.parquet,real_data_sample\l2_unseen_validation\trade_date=2026-07-17\exchange=NSE\symbol=BANKBEES\part-040132_576517-002276.parquet,35803,downloaded,35803,
2026-07-17,NSE,BANKBEES,raw_l2/trade_date=2026-07-17/exchange=NSE/symbol=BANKBEES/part-040449_800734-002724.parquet,real_data_sample\l2_unseen_validation\trade_date=2026-07-17\exchange=NSE\symbol=BANKBEES\part-040449_800734-002724.parquet,34586,downloaded,34586,
2026-07-17,NSE,BANKBEES,raw_l2/trade_date=2026-07-17/exchange=NSE/symbol=BANKBEES/part-040214_307886-002372.parquet,real_data_sample\l2_unseen_validation\trade_date=2026-07-17\exchange=NSE\symbol=BANKBEES\part-040214_307886-002372.parquet,35443,downloaded,35443,
2026-07-17,NSE,BANKBEES,raw_l2/trade_date=2026-07-17/exchange=NSE/symbol=BANKBEES/part-040311_318696-002500.parquet,real_data_sample\l2_unseen_validation\trade_date=2026-07-17\exchange=NSE\symbol=BANKBEES\part-040311_318696-002500.parquet,35874,downloaded,35874,
2026-07-17,NSE,BANKBEES,raw_l2/trade_date=2026-07-17/exchange=NSE/symbol=BANKBEES/part-040228_051320-002404.parquet,real_data_sample\l2_unseen_validation\trade_date=2026-07-17\exchange=NSE\symbol=BANKBEES\part-040228_051320-002404.parquet,35707,downloaded,35707,
2026-07-17,NSE,BANKBEES,raw_l2/trade_date=2026-07-17/exchange=NSE/symbol=BANKBEES/part-040339_550277-002564.parquet,real_data_sample\l2_unseen_validation\trade_date=2026-07-17\exchange=NSE\symbol=BANKBEES\part-040339_550277-002564.parquet,35265,downloaded,35265,
2026-07-17,NSE,BANKBEES,raw_l2/trade_date=2026-07-17/exchange=NSE/symbol=BANKBEES/part-040146_304566-002308.parquet,real_data_sample\l2_unseen_validation\trade_date=2026-07-17\exchange=NSE\symbol=BANKBEES\part-040146_304566-002308.parquet,35834,downloaded,35834,
2026-07-17,NSE,BANKBEES,raw_l2/trade_date=2026-07-17/exchange=NSE/symbol=BANKBEES/part-040614_312980-002916.parquet,real_data_sample\l2_unseen_validation\trade_date=2026-07-17\exchange=NSE\symbol=BANKBEES\part-040614_312980-002916.parquet,35238,downloaded,35238,
2026-07-17,NSE,BANKBEES,raw_l2/trade_date=2026-07-17/exchange=NSE/symbol=BANKBEES/part-040546_326994-002852.parquet,real_data_sample\l2_unseen_validation\trade_date=2026-07-17\exchange=NSE\symbol=BANKBEES\part-040546_326994-002852.parquet,35332,downloaded,35332,
2026-07-17,NSE,BANKBEES,raw_l2/trade_date=2026-07-17/exchange=NSE/symbol=BANKBEES/part-040600_342640-002884.parquet,real_data_sample\l2_unseen_validation\trade_date=2026-07-17\exchange=NSE\symbol=BANKBEES\part-040600_342640-002884.parquet,35566,downloaded,35566,
2026-07-17,NSE,BANKBEES,raw_l2/trade_date=2026-07-17/exchange=NSE/symbol=BANKBEES/part-040628_293105-002948.parquet,real_data_sample\l2_unseen_validation\trade_date=2026-07-17\exchange=NSE\symbol=BANKBEES\part-040628_293105-002948.parquet,35427,downloaded,35427,
2026-07-17,NSE,BANKBEES,raw_l2/trade_date=2026-07-17/exchange=NSE/symbol=BANKBEES/part-040903_362376-003300.parquet,real_data_sample\l2_unseen_validation\trade_date=2026-07-17\exchange=NSE\symbol=BANKBEES\part-040903_362376-003300.parquet,35751,downloaded,35751,
2026-07-17,NSE,BANKBEES,raw_l2/trade_date=2026-07-17/exchange=NSE/symbol=BANKBEES/part-040656_069045-003012.parquet,real_data_sample\l2_unseen_validation\trade_date=2026-07-17\exchange=NSE\symbol=BANKBEES\part-040656_069045-003012.parquet,35282,downloaded,35282,
2026-07-17,NSE,BANKBEES,raw_l2/trade_date=2026-07-17/exchange=NSE/symbol=BANKBEES/part-040931_636555-003364.parquet,real_data_sample\l2_unseen_validation\trade_date=2026-07-17\exchange=NSE\symbol=BANKBEES\part-040931_636555-003364.parquet,35311,downloaded,35311,
2026-07-17,NSE,BANKBEES,raw_l2/trade_date=2026-07-17/exchange=NSE/symbol=BANKBEES/part-040710_064942-003044.parquet,real_data_sample\l2_unseen_validation\trade_date=2026-07-17\exchange=NSE\symbol=BANKBEES\part-040710_064942-003044.parquet,35784,downloaded,35784,
2026-07-17,NSE,BANKBEES,raw_l2/trade_date=2026-07-17/exchange=NSE/symbol=BANKBEES/part-040642_071196-002980.parquet,real_data_sample\l2_unseen_validation\trade_date=2026-07-17\exchange=NSE\symbol=BANKBEES\part-040642_071196-002980.parquet,35649,downloaded,35649,
2026-07-17,NSE,BANKBEES,raw_l2/trade_date=2026-07-17/exchange=NSE/symbol=BANKBEES/part-040752_347486-003140.parquet,real_data_sample\l2_unseen_validation\trade_date=2026-07-17\exchange=NSE\symbol=BANKBEES\part-040752_347486-003140.parquet,35441,downloaded,35441,
2026-07-17,NSE,BANKBEES,raw_l2/trade_date=2026-07-17/exchange=NSE/symbol=BANKBEES/part-040724_120286-003076.parquet,real_data_sample\l2_unseen_validation\trade_date=2026-07-17\exchange=NSE\symbol=BANKBEES\part-040724_120286-003076.parquet,35272,downloaded,35272,
2026-07-17,NSE,BANKBEES,raw_l2/trade_date=2026-07-17/exchange=NSE/symbol=BANKBEES/part-041056_852859-003556.parquet,real_data_sample\l2_unseen_validation\trade_date=2026-07-17\exchange=NSE\symbol=BANKBEES\part-041056_852859-003556.parquet,35248,downloaded,35248,
2026-07-17,NSE,BANKBEES,raw_l2/trade_date=2026-07-17/exchange=NSE/symbol=BANKBEES/part-040946_096447-003396.parquet,real_data_sample\l2_unseen_validation\trade_date=2026-07-17\exchange=NSE\symbol=BANKBEES\part-040946_096447-003396.parquet,35079,downloaded,35079,
2026-07-17,NSE,BANKBEES,raw_l2/trade_date=2026-07-17/exchange=NSE/symbol=BANKBEES/part-041014_351684-003460.parquet,real_data_sample\l2_unseen_validation\trade_date=2026-07-17\exchange=NSE\symbol=BANKBEES\part-041014_351684-003460.parquet,35246,downloaded,35246,
2026-07-17,NSE,BANKBEES,raw_l2/trade_date=2026-07-17/exchange=NSE/symbol=BANKBEES/part-040834_850648-003236.parquet,real_data_sample\l2_unseen_validation\trade_date=2026-07-17\exchange=NSE\symbol=BANKBEES\part-040834_850648-003236.parquet,35478,downloaded,35478,
2026-07-17,NSE,BANKBEES,raw_l2/trade_date=2026-07-17/exchange=NSE/symbol=BANKBEES/part-041000_351415-003428.parquet,real_data_sample\l2_unseen_validation\trade_date=2026-07-17\exchange=NSE\symbol=BANKBEES\part-041000_351415-003428.parquet,35073,downloaded,35073,
2026-07-17,NSE,BANKBEES,raw_l2/trade_date=2026-07-17/exchange=NSE/symbol=BANKBEES/part-040806_310229-003172.parquet,real_data_sample\l2_unseen_validation\trade_date=2026-07-17\exchange=NSE\symbol=BANKBEES\part-040806_310229-003172.parquet,35899,downloaded,35899,
2026-07-17,NSE,BANKBEES,raw_l2/trade_date=2026-07-17/exchange=NSE/symbol=BANKBEES/part-040738_081977-003108.parquet,real_data_sample\l2_unseen_validation\trade_date=2026-07-17\exchange=NSE\symbol=BANKBEES\part-040738_081977-003108.parquet,35443,downloaded,35443,
2026-07-17,NSE,BANKBEES,raw_l2/trade_date=2026-07-17/exchange=NSE/symbol=BANKBEES/part-041028_390433-003492.parquet,real_data_sample\l2_unseen_validation\trade_date=2026-07-17\exchange=NSE\symbol=BANKBEES\part-041028_390433-003492.parquet,35388,downloaded,35388,
2026-07-17,NSE,BANKBEES,raw_l2/trade_date=2026-07-17/exchange=NSE/symbol=BANKBEES/part-041206_865465-003716.parquet,real_data_sample\l2_unseen_validation\trade_date=2026-07-17\exchange=NSE\symbol=BANKBEES\part-041206_865465-003716.parquet,34880,downloaded,34880,
2026-07-17,NSE,BANKBEES,raw_l2/trade_date=2026-07-17/exchange=NSE/symbol=BANKBEES/part-041042_636874-003524.parquet,real_data_sample\l2_unseen_validation\trade_date=2026-07-17\exchange=NSE\symbol=BANKBEES\part-041042_636874-003524.parquet,35467,downloaded,35467,
2026-07-17,NSE,BANKBEES,raw_l2/trade_date=2026-07-17/exchange=NSE/symbol=BANKBEES/part-041111_049440-003588.parquet,real_data_sample\l2_unseen_validation\trade_date=2026-07-17\exchange=NSE\symbol=BANKBEES\part-041111_049440-003588.parquet,34969,downloaded,34969,
2026-07-17,NSE,BANKBEES,raw_l2/trade_date=2026-07-17/exchange=NSE/symbol=BANKBEES/part-041138_880472-003652.parquet,real_data_sample\l2_unseen_validation\trade_date=2026-07-17\exchange=NSE\symbol=BANKBEES\part-041138_880472-003652.parquet,35231,downloaded,35231,
2026-07-17,NSE,BANKBEES,raw_l2/trade_date=2026-07-17/exchange=NSE/symbol=BANKBEES/part-041125_052002-003620.parquet,real_data_sample\l2_unseen_validation\trade_date=2026-07-17\exchange=NSE\symbol=BANKBEES\part-041125_052002-003620.parquet,35277,downloaded,35277,
2026-07-17,NSE,BANKBEES,raw_l2/trade_date=2026-07-17/exchange=NSE/symbol=BANKBEES/part-041220_818855-003748.parquet,real_data_sample\l2_unseen_validation\trade_date=2026-07-17\exchange=NSE\symbol=BANKBEES\part-041220_818855-003748.parquet,34762,downloaded,34762,
2026-07-17,NSE,BANKBEES,raw_l2/trade_date=2026-07-17/exchange=NSE/symbol=BANKBEES/part-041152_834748-003684.parquet,real_data_sample\l2_unseen_validation\trade_date=2026-07-17\exchange=NSE\symbol=BANKBEES\part-041152_834748-003684.parquet,35027,downloaded,35027,
2026-07-17,NSE,BANKBEES,raw_l2/trade_date=2026-07-17/exchange=NSE/symbol=BANKBEES/part-041330_373499-003908.parquet,real_data_sample\l2_unseen_validation\trade_date=2026-07-17\exchange=NSE\symbol=BANKBEES\part-041330_373499-003908.parquet,34931,downloaded,34931,
2026-07-17,NSE,BANKBEES,raw_l2/trade_date=2026-07-17/exchange=NSE/symbol=BANKBEES/part-041344_352440-003940.parquet,real_data_sample\l2_unseen_validation\trade_date=2026-07-17\exchange=NSE\symbol=BANKBEES\part-041344_352440-003940.parquet,35358,downloaded,35358,
2026-07-17,NSE,BANKBEES,raw_l2/trade_date=2026-07-17/exchange=NSE/symbol=BANKBEES/part-041358_349904-003972.parquet,real_data_sample\l2_unseen_validation\trade_date=2026-07-17\exchange=NSE\symbol=BANKBEES\part-041358_349904-003972.parquet,35346,downloaded,35346,
2026-07-17,NSE,BANKBEES,raw_l2/trade_date=2026-07-17/exchange=NSE/symbol=BANKBEES/part-040849_064792-003268.parquet,real_data_sample\l2_unseen_validation\trade_date=2026-07-17\exchange=NSE\symbol=BANKBEES\part-040849_064792-003268.parquet,35486,downloaded,35486,
2026-07-17,NSE,BANKBEES,raw_l2/trade_date=2026-07-17/exchange=NSE/symbol=BANKBEES/part-041316_306608-003876.parquet,real_data_sample\l2_unseen_validation\trade_date=2026-07-17\exchange=NSE\symbol=BANKBEES\part-041316_306608-003876.parquet,35168,downloaded,35168,
2026-07-17,NSE,BANKBEES,raw_l2/trade_date=2026-07-17/exchange=NSE/symbol=BANKBEES/part-041248_571666-003812.parquet,real_data_sample\l2_unseen_validation\trade_date=2026-07-17\exchange=NSE\symbol=BANKBEES\part-041248_571666-003812.parquet,35233,downloaded,35233,
2026-07-17,NSE,BANKBEES,raw_l2/trade_date=2026-07-17/exchange=NSE/symbol=BANKBEES/part-041234_610290-003780.parquet,real_data_sample\l2_unseen_validation\trade_date=2026-07-17\exchange=NSE\symbol=BANKBEES\part-041234_610290-003780.parquet,34882,downloaded,34882,
2026-07-17,NSE,BANKBEES,raw_l2/trade_date=2026-07-17/exchange=NSE/symbol=BANKBEES/part-041302_329676-003844.parquet,real_data_sample\l2_unseen_validation\trade_date=2026-07-17\exchange=NSE\symbol=BANKBEES\part-041302_329676-003844.parquet,35316,downloaded,35316,
2026-07-17,NSE,BANKBEES,raw_l2/trade_date=2026-07-17/exchange=NSE/symbol=BANKBEES/part-040820_457769-003204.parquet,real_data_sample\l2_unseen_validation\trade_date=2026-07-17\exchange=NSE\symbol=BANKBEES\part-040820_457769-003204.parquet,35619,downloaded,35619,
2026-07-17,NSE,BANKBEES,raw_l2/trade_date=2026-07-17/exchange=NSE/symbol=BANKBEES/part-041412_566784-004004.parquet,real_data_sample\l2_unseen_validation\trade_date=2026-07-17\exchange=NSE\symbol=BANKBEES\part-041412_566784-004004.parquet,35465,downloaded,35465,
2026-07-17,NSE,BANKBEES,raw_l2/trade_date=2026-07-17/exchange=NSE/symbol=BANKBEES/part-040917_346324-003332.parquet,real_data_sample\l2_unseen_validation\trade_date=2026-07-17\exchange=NSE\symbol=BANKBEES\part-040917_346324-003332.parquet,35485,downloaded,35485,
2026-07-17,NSE,BANKBEES,raw_l2/trade_date=2026-07-17/exchange=NSE/symbol=BANKBEES/part-042125_573345-004996.parquet,real_data_sample\l2_unseen_validation\trade_date=2026-07-17\exchange=NSE\symbol=BANKBEES\part-042125_573345-004996.parquet,34369,downloaded,34369,
2026-07-17,NSE,BANKBEES,raw_l2/trade_date=2026-07-17/exchange=NSE/symbol=BANKBEES/part-041440_579592-004068.parquet,real_data_sample\l2_unseen_validation\trade_date=2026-07-17\exchange=NSE\symbol=BANKBEES\part-041440_579592-004068.parquet,35828,downloaded,35828,
2026-07-17,NSE,BANKBEES,raw_l2/trade_date=2026-07-17/exchange=NSE/symbol=BANKBEES/part-041920_375078-004708.parquet,real_data_sample\l2_unseen_validation\trade_date=2026-07-17\exchange=NSE\symbol=BANKBEES\part-041920_375078-004708.parquet,35436,downloaded,35436,
2026-07-17,NSE,BANKBEES,raw_l2/trade_date=2026-07-17/exchange=NSE/symbol=BANKBEES/part-041728_547812-004452.parquet,real_data_sample\l2_unseen_validation\trade_date=2026-07-17\exchange=NSE\symbol=BANKBEES\part-041728_547812-004452.parquet,34863,downloaded,34863,
2026-07-17,NSE,BANKBEES,raw_l2/trade_date=2026-07-17/exchange=NSE/symbol=BANKBEES/part-041837_556903-004612.parquet,real_data_sample\l2_unseen_validation\trade_date=2026-07-17\exchange=NSE\symbol=BANKBEES\part-041837_556903-004612.parquet,35661,downloaded,35661,
2026-07-17,NSE,BANKBEES,raw_l2/trade_date=2026-07-17/exchange=NSE/symbol=BANKBEES/part-041454_561793-004100.parquet,real_data_sample\l2_unseen_validation\trade_date=2026-07-17\exchange=NSE\symbol=BANKBEES\part-041454_561793-004100.parquet,35546,downloaded,35546,
2026-07-17,NSE,BANKBEES,raw_l2/trade_date=2026-07-17/exchange=NSE/symbol=BANKBEES/part-041906_105575-004676.parquet,real_data_sample\l2_unseen_validation\trade_date=2026-07-17\exchange=NSE\symbol=BANKBEES\part-041906_105575-004676.parquet,35434,downloaded,35434,
2026-07-17,NSE,BANKBEES,raw_l2/trade_date=2026-07-17/exchange=NSE/symbol=BANKBEES/part-041756_298513-004516.parquet,real_data_sample\l2_unseen_validation\trade_date=2026-07-17\exchange=NSE\symbol=BANKBEES\part-041756_298513-004516.parquet,35241,downloaded,35241,
2026-07-17,NSE,BANKBEES,raw_l2/trade_date=2026-07-17/exchange=NSE/symbol=BANKBEES/part-042016_559863-004836.parquet,real_data_sample\l2_unseen_validation\trade_date=2026-07-17\exchange=NSE\symbol=BANKBEES\part-042016_559863-004836.parquet,35151,downloaded,35151,
2026-07-17,NSE,BANKBEES,raw_l2/trade_date=2026-07-17/exchange=NSE/symbol=BANKBEES/part-041948_563918-004772.parquet,real_data_sample\l2_unseen_validation\trade_date=2026-07-17\exchange=NSE\symbol=BANKBEES\part-041948_563918-004772.parquet,35636,downloaded,35636,
2026-07-17,NSE,BANKBEES,raw_l2/trade_date=2026-07-17/exchange=NSE/symbol=BANKBEES/part-041508_571286-004132.parquet,real_data_sample\l2_unseen_validation\trade_date=2026-07-17\exchange=NSE\symbol=BANKBEES\part-041508_571286-004132.parquet,35984,downloaded,35984,
2026-07-17,NSE,BANKBEES,raw_l2/trade_date=2026-07-17/exchange=NSE/symbol=BANKBEES/part-041823_808377-004580.parquet,real_data_sample\l2_unseen_validation\trade_date=2026-07-17\exchange=NSE\symbol=BANKBEES\part-041823_808377-004580.parquet,35508,downloaded,35508,
2026-07-17,NSE,BANKBEES,raw_l2/trade_date=2026-07-17/exchange=NSE/symbol=BANKBEES/part-041934_626439-004740.parquet,real_data_sample\l2_unseen_validation\trade_date=2026-07-17\exchange=NSE\symbol=BANKBEES\part-041934_626439-004740.parquet,35341,downloaded,35341,
2026-07-17,NSE,BANKBEES,raw_l2/trade_date=2026-07-17/exchange=NSE/symbol=BANKBEES/part-041551_103971-004228.parquet,real_data_sample\l2_unseen_validation\trade_date=2026-07-17\exchange=NSE\symbol=BANKBEES\part-041551_103971-004228.parquet,35489,downloaded,35489,
2026-07-17,NSE,BANKBEES,raw_l2/trade_date=2026-07-17/exchange=NSE/symbol=BANKBEES/part-041605_309903-004260.parquet,real_data_sample\l2_unseen_validation\trade_date=2026-07-17\exchange=NSE\symbol=BANKBEES\part-041605_309903-004260.parquet,35491,downloaded,35491,
2026-07-17,NSE,BANKBEES,raw_l2/trade_date=2026-07-17/exchange=NSE/symbol=BANKBEES/part-041810_038502-004548.parquet,real_data_sample\l2_unseen_validation\trade_date=2026-07-17\exchange=NSE\symbol=BANKBEES\part-041810_038502-004548.parquet,35566,downloaded,35566,
2026-07-17,NSE,BANKBEES,raw_l2/trade_date=2026-07-17/exchange=NSE/symbol=BANKBEES/part-041522_333125-004164.parquet,real_data_sample\l2_unseen_validation\trade_date=2026-07-17\exchange=NSE\symbol=BANKBEES\part-041522_333125-004164.parquet,35438,downloaded,35438,
2026-07-17,NSE,BANKBEES,raw_l2/trade_date=2026-07-17/exchange=NSE/symbol=BANKBEES/part-041536_300651-004196.parquet,real_data_sample\l2_unseen_validation\trade_date=2026-07-17\exchange=NSE\symbol=BANKBEES\part-041536_300651-004196.parquet,35390,downloaded,35390,
2026-07-17,NSE,BANKBEES,raw_l2/trade_date=2026-07-17/exchange=NSE/symbol=BANKBEES/part-041426_584423-004036.parquet,real_data_sample\l2_unseen_validation\trade_date=2026-07-17\exchange=NSE\symbol=BANKBEES\part-041426_584423-004036.parquet,35756,downloaded,35756,
2026-07-17,NSE,BANKBEES,raw_l2/trade_date=2026-07-17/exchange=NSE/symbol=BANKBEES/part-042111_810582-004964.parquet,real_data_sample\l2_unseen_validation\trade_date=2026-07-17\exchange=NSE\symbol=BANKBEES\part-042111_810582-004964.parquet,35203,downloaded,35203,
2026-07-17,NSE,BANKBEES,raw_l2/trade_date=2026-07-17/exchange=NSE/symbol=BANKBEES/part-041619_060667-004292.parquet,real_data_sample\l2_unseen_validation\trade_date=2026-07-17\exchange=NSE\symbol=BANKBEES\part-041619_060667-004292.parquet,35030,downloaded,35030,
2026-07-17,NSE,BANKBEES,raw_l2/trade_date=2026-07-17/exchange=NSE/symbol=BANKBEES/part-041742_557830-004484.parquet,real_data_sample\l2_unseen_validation\trade_date=2026-07-17\exchange=NSE\symbol=BANKBEES\part-041742_557830-004484.parquet,35932,downloaded,35932,
2026-07-17,NSE,BANKBEES,raw_l2/trade_date=2026-07-17/exchange=NSE/symbol=BANKBEES/part-042030_336750-004868.parquet,real_data_sample\l2_unseen_validation\trade_date=2026-07-17\exchange=NSE\symbol=BANKBEES\part-042030_336750-004868.parquet,34922,downloaded,34922,
2026-07-17,NSE,BANKBEES,raw_l2/trade_date=2026-07-17/exchange=NSE/symbol=BANKBEES/part-041851_381341-004644.parquet,real_data_sample\l2_unseen_validation\trade_date=2026-07-17\exchange=NSE\symbol=BANKBEES\part-041851_381341-004644.parquet,35120,downloaded,35120,
2026-07-17,NSE,BANKBEES,raw_l2/trade_date=2026-07-17/exchange=NSE/symbol=BANKBEES/part-042002_605323-004804.parquet,real_data_sample\l2_unseen_validation\trade_date=2026-07-17\exchange=NSE\symbol=BANKBEES\part-042002_605323-004804.parquet,35308,downloaded,35308,
2026-07-17,NSE,BANKBEES,raw_l2/trade_date=2026-07-17/exchange=NSE/symbol=BANKBEES/part-042058_055530-004932.parquet,real_data_sample\l2_unseen_validation\trade_date=2026-07-17\exchange=NSE\symbol=BANKBEES\part-042058_055530-004932.parquet,34771,downloaded,34771,
2026-07-17,NSE,BANKBEES,raw_l2/trade_date=2026-07-17/exchange=NSE/symbol=BANKBEES/part-042044_355671-004900.parquet,real_data_sample\l2_unseen_validation\trade_date=2026-07-17\exchange=NSE\symbol=BANKBEES\part-042044_355671-004900.parquet,35309,downloaded,35309,
2026-07-17,NSE,BANKBEES,raw_l2/trade_date=2026-07-17/exchange=NSE/symbol=BANKBEES/part-042139_818666-005028.parquet,real_data_sample\l2_unseen_validation\trade_date=2026-07-17\exchange=NSE\symbol=BANKBEES\part-042139_818666-005028.parquet,34596,downloaded,34596,
2026-07-17,NSE,BANKBEES,raw_l2/trade_date=2026-07-17/exchange=NSE/symbol=BANKBEES/part-041714_293243-004420.parquet,real_data_sample\l2_unseen_validation\trade_date=2026-07-17\exchange=NSE\symbol=BANKBEES\part-041714_293243-004420.parquet,35040,downloaded,35040,
2026-07-17,NSE,BANKBEES,raw_l2/trade_date=2026-07-17/exchange=NSE/symbol=BANKBEES/part-041700_569211-004388.parquet,real_data_sample\l2_unseen_validation\trade_date=2026-07-17\exchange=NSE\symbol=BANKBEES\part-041700_569211-004388.parquet,35355,downloaded,35355,
2026-07-17,NSE,BANKBEES,raw_l2/trade_date=2026-07-17/exchange=NSE/symbol=BANKBEES/part-041632_800444-004324.parquet,real_data_sample\l2_unseen_validation\trade_date=2026-07-17\exchange=NSE\symbol=BANKBEES\part-041632_800444-004324.parquet,35428,downloaded,35428,
2026-07-17,NSE,BANKBEES,raw_l2/trade_date=2026-07-17/exchange=NSE/symbol=BANKBEES/part-041646_588182-004356.parquet,real_data_sample\l2_unseen_validation\trade_date=2026-07-17\exchange=NSE\symbol=BANKBEES\part-041646_588182-004356.parquet,35916,downloaded,35916,
2026-07-17,NSE,BANKBEES,raw_l2/trade_date=2026-07-17/exchange=NSE/symbol=BANKBEES/part-042153_810746-005060.parquet,real_data_sample\l2_unseen_validation\trade_date=2026-07-17\exchange=NSE\symbol=BANKBEES\part-042153_810746-005060.parquet,34305,downloaded,34305,
2026-07-17,NSE,BANKBEES,raw_l2/trade_date=2026-07-17/exchange=NSE/symbol=BANKBEES/part-042618_831784-005668.parquet,real_data_sample\l2_unseen_validation\trade_date=2026-07-17\exchange=NSE\symbol=BANKBEES\part-042618_831784-005668.parquet,34755,downloaded,34755,
2026-07-17,NSE,BANKBEES,raw_l2/trade_date=2026-07-17/exchange=NSE/symbol=BANKBEES/part-042550_804474-005604.parquet,real_data_sample\l2_unseen_validation\trade_date=2026-07-17\exchange=NSE\symbol=BANKBEES\part-042550_804474-005604.parquet,34627,downloaded,34627,
2026-07-17,NSE,BANKBEES,raw_l2/trade_date=2026-07-17/exchange=NSE/symbol=BANKBEES/part-042604_896715-005636.parquet,real_data_sample\l2_unseen_validation\trade_date=2026-07-17\exchange=NSE\symbol=BANKBEES\part-042604_896715-005636.parquet,34529,downloaded,34529,
2026-07-17,NSE,BANKBEES,raw_l2/trade_date=2026-07-17/exchange=NSE/symbol=BANKBEES/part-042536_828922-005572.parquet,real_data_sample\l2_unseen_validation\trade_date=2026-07-17\exchange=NSE\symbol=BANKBEES\part-042536_828922-005572.parquet,34626,downloaded,34626,
2026-07-17,NSE,BANKBEES,raw_l2/trade_date=2026-07-17/exchange=NSE/symbol=BANKBEES/part-042303_561253-005220.parquet,real_data_sample\l2_unseen_validation\trade_date=2026-07-17\exchange=NSE\symbol=BANKBEES\part-042303_561253-005220.parquet,35220,downloaded,35220,
2026-07-17,NSE,BANKBEES,raw_l2/trade_date=2026-07-17/exchange=NSE/symbol=BANKBEES/part-042729_102311-005828.parquet,real_data_sample\l2_unseen_validation\trade_date=2026-07-17\exchange=NSE\symbol=BANKBEES\part-042729_102311-005828.parquet,35348,downloaded,35348,
2026-07-17,NSE,BANKBEES,raw_l2/trade_date=2026-07-17/exchange=NSE/symbol=BANKBEES/part-042249_595853-005188.parquet,real_data_sample\l2_unseen_validation\trade_date=2026-07-17\exchange=NSE\symbol=BANKBEES\part-042249_595853-005188.parquet,35224,downloaded,35224,
2026-07-17,NSE,BANKBEES,raw_l2/trade_date=2026-07-17/exchange=NSE/symbol=BANKBEES/part-042455_043830-005476.parquet,real_data_sample\l2_unseen_validation\trade_date=2026-07-17\exchange=NSE\symbol=BANKBEES\part-042455_043830-005476.parquet,34435,downloaded,34435,
2026-07-17,NSE,BANKBEES,raw_l2/trade_date=2026-07-17/exchange=NSE/symbol=BANKBEES/part-042715_097263-005796.parquet,real_data_sample\l2_unseen_validation\trade_date=2026-07-17\exchange=NSE\symbol=BANKBEES\part-042715_097263-005796.parquet,35196,downloaded,35196,
2026-07-17,NSE,BANKBEES,raw_l2/trade_date=2026-07-17/exchange=NSE/symbol=BANKBEES/part-042810_555913-005924.parquet,real_data_sample\l2_unseen_validation\trade_date=2026-07-17\exchange=NSE\symbol=BANKBEES\part-042810_555913-005924.parquet,34901,downloaded,34901,
2026-07-17,NSE,BANKBEES,raw_l2/trade_date=2026-07-17/exchange=NSE/symbol=BANKBEES/part-042701_100180-005764.parquet,real_data_sample\l2_unseen_validation\trade_date=2026-07-17\exchange=NSE\symbol=BANKBEES\part-042701_100180-005764.parquet,35446,downloaded,35446,
2026-07-17,NSE,BANKBEES,raw_l2/trade_date=2026-07-17/exchange=NSE/symbol=BANKBEES/part-042633_084400-005700.parquet,real_data_sample\l2_unseen_validation\trade_date=2026-07-17\exchange=NSE\symbol=BANKBEES\part-042633_084400-005700.parquet,35117,downloaded,35117,
2026-07-17,NSE,BANKBEES,raw_l2/trade_date=2026-07-17/exchange=NSE/symbol=BANKBEES/part-042508_809525-005508.parquet,real_data_sample\l2_unseen_validation\trade_date=2026-07-17\exchange=NSE\symbol=BANKBEES\part-042508_809525-005508.parquet,34555,downloaded,34555,
2026-07-17,NSE,BANKBEES,raw_l2/trade_date=2026-07-17/exchange=NSE/symbol=BANKBEES/part-042441_323981-005444.parquet,real_data_sample\l2_unseen_validation\trade_date=2026-07-17\exchange=NSE\symbol=BANKBEES\part-042441_323981-005444.parquet,34498,downloaded,34498,
2026-07-17,NSE,BANKBEES,raw_l2/trade_date=2026-07-17/exchange=NSE/symbol=BANKBEES/part-042317_588304-005252.parquet,real_data_sample\l2_unseen_validation\trade_date=2026-07-17\exchange=NSE\symbol=BANKBEES\part-042317_588304-005252.parquet,34631,downloaded,34631,
2026-07-17,NSE,BANKBEES,raw_l2/trade_date=2026-07-17/exchange=NSE/symbol=BANKBEES/part-042235_821618-005156.parquet,real_data_sample\l2_unseen_validation\trade_date=2026-07-17\exchange=NSE\symbol=BANKBEES\part-042235_821618-005156.parquet,35541,downloaded,35541,
2026-07-17,NSE,BANKBEES,raw_l2/trade_date=2026-07-17/exchange=NSE/symbol=BANKBEES/part-042647_069448-005732.parquet,real_data_sample\l2_unseen_validation\trade_date=2026-07-17\exchange=NSE\symbol=BANKBEES\part-042647_069448-005732.parquet,35099,downloaded,35099,
2026-07-17,NSE,BANKBEES,raw_l2/trade_date=2026-07-17/exchange=NSE/symbol=BANKBEES/part-042743_047995-005860.parquet,real_data_sample\l2_unseen_validation\trade_date=2026-07-17\exchange=NSE\symbol=BANKBEES\part-042743_047995-005860.parquet,35233,downloaded,35233,
2026-07-17,NSE,BANKBEES,raw_l2/trade_date=2026-07-17/exchange=NSE/symbol=BANKBEES/part-042522_599953-005540.parquet,real_data_sample\l2_unseen_validation\trade_date=2026-07-17\exchange=NSE\symbol=BANKBEES\part-042522_599953-005540.parquet,34338,downloaded,34338,
2026-07-17,NSE,BANKBEES,raw_l2/trade_date=2026-07-17/exchange=NSE/symbol=BANKBEES/part-042756_820094-005892.parquet,real_data_sample\l2_unseen_validation\trade_date=2026-07-17\exchange=NSE\symbol=BANKBEES\part-042756_820094-005892.parquet,34991,downloaded,34991,
2026-07-17,NSE,BANKBEES,raw_l2/trade_date=2026-07-17/exchange=NSE/symbol=BANKBEES/part-042920_376745-006084.parquet,real_data_sample\l2_unseen_validation\trade_date=2026-07-17\exchange=NSE\symbol=BANKBEES\part-042920_376745-006084.parquet,35409,downloaded,35409,
2026-07-17,NSE,BANKBEES,raw_l2/trade_date=2026-07-17/exchange=NSE/symbol=BANKBEES/part-043208_317524-006468.parquet,real_data_sample\l2_unseen_validation\trade_date=2026-07-17\exchange=NSE\symbol=BANKBEES\part-043208_317524-006468.parquet,35404,downloaded,35404,
2026-07-17,NSE,BANKBEES,raw_l2/trade_date=2026-07-17/exchange=NSE/symbol=BANKBEES/part-043030_563135-006244.parquet,real_data_sample\l2_unseen_validation\trade_date=2026-07-17\exchange=NSE\symbol=BANKBEES\part-043030_563135-006244.parquet,35523,downloaded,35523,
2026-07-17,NSE,BANKBEES,raw_l2/trade_date=2026-07-17/exchange=NSE/symbol=BANKBEES/part-043222_596612-006500.parquet,real_data_sample\l2_unseen_validation\trade_date=2026-07-17\exchange=NSE\symbol=BANKBEES\part-043222_596612-006500.parquet,35158,downloaded,35158,
2026-07-17,NSE,BANKBEES,raw_l2/trade_date=2026-07-17/exchange=NSE/symbol=BANKBEES/part-043002_338662-006180.parquet,real_data_sample\l2_unseen_validation\trade_date=2026-07-17\exchange=NSE\symbol=BANKBEES\part-043002_338662-006180.parquet,35516,downloaded,35516,
2026-07-17,NSE,BANKBEES,raw_l2/trade_date=2026-07-17/exchange=NSE/symbol=BANKBEES/part-043016_601347-006212.parquet,real_data_sample\l2_unseen_validation\trade_date=2026-07-17\exchange=NSE\symbol=BANKBEES\part-043016_601347-006212.parquet,35558,downloaded,35558,
2026-07-17,NSE,BANKBEES,raw_l2/trade_date=2026-07-17/exchange=NSE/symbol=BANKBEES/part-042948_333524-006148.parquet,real_data_sample\l2_unseen_validation\trade_date=2026-07-17\exchange=NSE\symbol=BANKBEES\part-042948_333524-006148.parquet,35301,downloaded,35301,
2026-07-17,NSE,BANKBEES,raw_l2/trade_date=2026-07-17/exchange=NSE/symbol=BANKBEES/part-043126_310315-006372.parquet,real_data_sample\l2_unseen_validation\trade_date=2026-07-17\exchange=NSE\symbol=BANKBEES\part-043126_310315-006372.parquet,35298,downloaded,35298,
2026-07-17,NSE,BANKBEES,raw_l2/trade_date=2026-07-17/exchange=NSE/symbol=BANKBEES/part-043112_059339-006340.parquet,real_data_sample\l2_unseen_validation\trade_date=2026-07-17\exchange=NSE\symbol=BANKBEES\part-043112_059339-006340.parquet,35289,downloaded,35289,
2026-07-17,NSE,BANKBEES,raw_l2/trade_date=2026-07-17/exchange=NSE/symbol=BANKBEES/part-043346_824080-006692.parquet,real_data_sample\l2_unseen_validation\trade_date=2026-07-17\exchange=NSE\symbol=BANKBEES\part-043346_824080-006692.parquet,35210,downloaded,35210,
2026-07-17,NSE,BANKBEES,raw_l2/trade_date=2026-07-17/exchange=NSE/symbol=BANKBEES/part-043044_311965-006276.parquet,real_data_sample\l2_unseen_validation\trade_date=2026-07-17\exchange=NSE\symbol=BANKBEES\part-043044_311965-006276.parquet,35489,downloaded,35489,
2026-07-17,NSE,BANKBEES,raw_l2/trade_date=2026-07-17/exchange=NSE/symbol=BANKBEES/part-043154_309851-006436.parquet,real_data_sample\l2_unseen_validation\trade_date=2026-07-17\exchange=NSE\symbol=BANKBEES\part-043154_309851-006436.parquet,35034,downloaded,35034,
2026-07-17,NSE,BANKBEES,raw_l2/trade_date=2026-07-17/exchange=NSE/symbol=BANKBEES/part-043140_367627-006404.parquet,real_data_sample\l2_unseen_validation\trade_date=2026-07-17\exchange=NSE\symbol=BANKBEES\part-043140_367627-006404.parquet,35184,downloaded,35184,
2026-07-17,NSE,BANKBEES,raw_l2/trade_date=2026-07-17/exchange=NSE/symbol=BANKBEES/part-043058_068598-006308.parquet,real_data_sample\l2_unseen_validation\trade_date=2026-07-17\exchange=NSE\symbol=BANKBEES\part-043058_068598-006308.parquet,35510,downloaded,35510,
2026-07-17,NSE,BANKBEES,raw_l2/trade_date=2026-07-17/exchange=NSE/symbol=BANKBEES/part-042934_318533-006116.parquet,real_data_sample\l2_unseen_validation\trade_date=2026-07-17\exchange=NSE\symbol=BANKBEES\part-042934_318533-006116.parquet,35328,downloaded,35328,
2026-07-17,NSE,BANKBEES,raw_l2/trade_date=2026-07-17/exchange=NSE/symbol=BANKBEES/part-043236_856467-006532.parquet,real_data_sample\l2_unseen_validation\trade_date=2026-07-17\exchange=NSE\symbol=BANKBEES\part-043236_856467-006532.parquet,35152,downloaded,35152,
2026-07-17,NSE,BANKBEES,raw_l2/trade_date=2026-07-17/exchange=NSE/symbol=BANKBEES/part-043332_811505-006660.parquet,real_data_sample\l2_unseen_validation\trade_date=2026-07-17\exchange=NSE\symbol=BANKBEES\part-043332_811505-006660.parquet,35082,downloaded,35082,
2026-07-17,NSE,BANKBEES,raw_l2/trade_date=2026-07-17/exchange=NSE/symbol=BANKBEES/part-043304_575697-006596.parquet,real_data_sample\l2_unseen_validation\trade_date=2026-07-17\exchange=NSE\symbol=BANKBEES\part-043304_575697-006596.parquet,35045,downloaded,35045,
2026-07-17,NSE,BANKBEES,raw_l2/trade_date=2026-07-17/exchange=NSE/symbol=BANKBEES/part-043318_617543-006628.parquet,real_data_sample\l2_unseen_validation\trade_date=2026-07-17\exchange=NSE\symbol=BANKBEES\part-043318_617543-006628.parquet,35126,downloaded,35126,
2026-07-17,NSE,BANKBEES,raw_l2/trade_date=2026-07-17/exchange=NSE/symbol=BANKBEES/part-043400_825195-006724.parquet,real_data_sample\l2_unseen_validation\trade_date=2026-07-17\exchange=NSE\symbol=BANKBEES\part-043400_825195-006724.parquet,35121,downloaded,35121,
2026-07-17,NSE,BANKBEES,raw_l2/trade_date=2026-07-17/exchange=NSE/symbol=BANKBEES/part-043250_804330-006564.parquet,real_data_sample\l2_unseen_validation\trade_date=2026-07-17\exchange=NSE\symbol=BANKBEES\part-043250_804330-006564.parquet,35441,downloaded,35441,
2026-07-17,NSE,BANKBEES,raw_l2/trade_date=2026-07-17/exchange=NSE/symbol=BANKBEES/part-043414_835391-006756.parquet,real_data_sample\l2_unseen_validation\trade_date=2026-07-17\exchange=NSE\symbol=BANKBEES\part-043414_835391-006756.parquet,35187,downloaded,35187,
2026-07-17,NSE,BANKBEES,raw_l2/trade_date=2026-07-17/exchange=NSE/symbol=BANKBEES/part-043606_081873-007012.parquet,real_data_sample\l2_unseen_validation\trade_date=2026-07-17\exchange=NSE\symbol=BANKBEES\part-043606_081873-007012.parquet,35310,downloaded,35310,
2026-07-17,NSE,BANKBEES,raw_l2/trade_date=2026-07-17/exchange=NSE/symbol=BANKBEES/part-043442_815172-006820.parquet,real_data_sample\l2_unseen_validation\trade_date=2026-07-17\exchange=NSE\symbol=BANKBEES\part-043442_815172-006820.parquet,35355,downloaded,35355,
2026-07-17,NSE,BANKBEES,raw_l2/trade_date=2026-07-17/exchange=NSE/symbol=BANKBEES/part-043716_053248-007172.parquet,real_data_sample\l2_unseen_validation\trade_date=2026-07-17\exchange=NSE\symbol=BANKBEES\part-043716_053248-007172.parquet,34592,downloaded,34592,
2026-07-17,NSE,BANKBEES,raw_l2/trade_date=2026-07-17/exchange=NSE/symbol=BANKBEES/part-043524_329752-006916.parquet,real_data_sample\l2_unseen_validation\trade_date=2026-07-17\exchange=NSE\symbol=BANKBEES\part-043524_329752-006916.parquet,35364,downloaded,35364,
2026-07-17,NSE,BANKBEES,raw_l2/trade_date=2026-07-17/exchange=NSE/symbol=BANKBEES/part-043456_591397-006852.parquet,real_data_sample\l2_unseen_validation\trade_date=2026-07-17\exchange=NSE\symbol=BANKBEES\part-043456_591397-006852.parquet,34903,downloaded,34903,
2026-07-17,NSE,BANKBEES,raw_l2/trade_date=2026-07-17/exchange=NSE/symbol=BANKBEES/part-043510_329382-006884.parquet,real_data_sample\l2_unseen_validation\trade_date=2026-07-17\exchange=NSE\symbol=BANKBEES\part-043510_329382-006884.parquet,35200,downloaded,35200,
2026-07-17,NSE,BANKBEES,raw_l2/trade_date=2026-07-17/exchange=NSE/symbol=BANKBEES/part-043811_298984-007300.parquet,real_data_sample\l2_unseen_validation\trade_date=2026-07-17\exchange=NSE\symbol=BANKBEES\part-043811_298984-007300.parquet,34389,downloaded,34389,
2026-07-17,NSE,BANKBEES,raw_l2/trade_date=2026-07-17/exchange=NSE/symbol=BANKBEES/part-043854_074816-007396.parquet,real_data_sample\l2_unseen_validation\trade_date=2026-07-17\exchange=NSE\symbol=BANKBEES\part-043854_074816-007396.parquet,34316,downloaded,34316,
2026-07-17,NSE,BANKBEES,raw_l2/trade_date=2026-07-17/exchange=NSE/symbol=BANKBEES/part-043428_828408-006788.parquet,real_data_sample\l2_unseen_validation\trade_date=2026-07-17\exchange=NSE\symbol=BANKBEES\part-043428_828408-006788.parquet,35229,downloaded,35229,
2026-07-17,NSE,BANKBEES,raw_l2/trade_date=2026-07-17/exchange=NSE/symbol=BANKBEES/part-043729_867105-007204.parquet,real_data_sample\l2_unseen_validation\trade_date=2026-07-17\exchange=NSE\symbol=BANKBEES\part-043729_867105-007204.parquet,34437,downloaded,34437,
2026-07-17,NSE,BANKBEES,raw_l2/trade_date=2026-07-17/exchange=NSE/symbol=BANKBEES/part-043743_810233-007236.parquet,real_data_sample\l2_unseen_validation\trade_date=2026-07-17\exchange=NSE\symbol=BANKBEES\part-043743_810233-007236.parquet,34456,downloaded,34456,
2026-07-17,NSE,BANKBEES,raw_l2/trade_date=2026-07-17/exchange=NSE/symbol=BANKBEES/part-043702_091588-007140.parquet,real_data_sample\l2_unseen_validation\trade_date=2026-07-17\exchange=NSE\symbol=BANKBEES\part-043702_091588-007140.parquet,35173,downloaded,35173,
2026-07-17,NSE,BANKBEES,raw_l2/trade_date=2026-07-17/exchange=NSE/symbol=BANKBEES/part-043647_808498-007108.parquet,real_data_sample\l2_unseen_validation\trade_date=2026-07-17\exchange=NSE\symbol=BANKBEES\part-043647_808498-007108.parquet,34838,downloaded,34838,
2026-07-17,NSE,BANKBEES,raw_l2/trade_date=2026-07-17/exchange=NSE/symbol=BANKBEES/part-043826_041586-007332.parquet,real_data_sample\l2_unseen_validation\trade_date=2026-07-17\exchange=NSE\symbol=BANKBEES\part-043826_041586-007332.parquet,34445,downloaded,34445,
2026-07-17,NSE,BANKBEES,raw_l2/trade_date=2026-07-17/exchange=NSE/symbol=BANKBEES/part-043633_976330-007076.parquet,real_data_sample\l2_unseen_validation\trade_date=2026-07-17\exchange=NSE\symbol=BANKBEES\part-043633_976330-007076.parquet,34974,downloaded,34974,
2026-07-17,NSE,BANKBEES,raw_l2/trade_date=2026-07-17/exchange=NSE/symbol=BANKBEES/part-043840_061642-007364.parquet,real_data_sample\l2_unseen_validation\trade_date=2026-07-17\exchange=NSE\symbol=BANKBEES\part-043840_061642-007364.parquet,34653,downloaded,34653,
2026-07-17,NSE,BANKBEES,raw_l2/trade_date=2026-07-17/exchange=NSE/symbol=BANKBEES/part-043757_583447-007268.parquet,real_data_sample\l2_unseen_validation\trade_date=2026-07-17\exchange=NSE\symbol=BANKBEES\part-043757_583447-007268.parquet,34390,downloaded,34390,
2026-07-17,NSE,BANKBEES,raw_l2/trade_date=2026-07-17/exchange=NSE/symbol=BANKBEES/part-043538_067730-006948.parquet,real_data_sample\l2_unseen_validation\trade_date=2026-07-17\exchange=NSE\symbol=BANKBEES\part-043538_067730-006948.parquet,34760,downloaded,34760,
2026-07-17,NSE,BANKBEES,raw_l2/trade_date=2026-07-17/exchange=NSE/symbol=BANKBEES/part-043620_063392-007044.parquet,real_data_sample\l2_unseen_validation\trade_date=2026-07-17\exchange=NSE\symbol=BANKBEES\part-043620_063392-007044.parquet,34933,downloaded,34933,
2026-07-17,NSE,BANKBEES,raw_l2/trade_date=2026-07-17/exchange=NSE/symbol=BANKBEES/part-043552_088185-006980.parquet,real_data_sample\l2_unseen_validation\trade_date=2026-07-17\exchange=NSE\symbol=BANKBEES\part-043552_088185-006980.parquet,35472,downloaded,35472,
2026-07-17,NSE,BANKBEES,raw_l2/trade_date=2026-07-17/exchange=NSE/symbol=BANKBEES/part-043908_107255-007428.parquet,real_data_sample\l2_unseen_validation\trade_date=2026-07-17\exchange=NSE\symbol=BANKBEES\part-043908_107255-007428.parquet,34516,downloaded,34516,
2026-07-17,NSE,BANKBEES,raw_l2/trade_date=2026-07-17/exchange=NSE/symbol=BANKBEES/part-042906_342820-006052.parquet,real_data_sample\l2_unseen_validation\trade_date=2026-07-17\exchange=NSE\symbol=BANKBEES\part-042906_342820-006052.parquet,35484,downloaded,35484,
2026-07-17,NSE,BANKBEES,raw_l2/trade_date=2026-07-17/exchange=NSE/symbol=BANKBEES/part-042413_364659-005380.parquet,real_data_sample\l2_unseen_validation\trade_date=2026-07-17\exchange=NSE\symbol=BANKBEES\part-042413_364659-005380.parquet,34270,downloaded,34270,
2026-07-17,NSE,BANKBEES,raw_l2/trade_date=2026-07-17/exchange=NSE/symbol=BANKBEES/part-043935_301765-007492.parquet,real_data_sample\l2_unseen_validation\trade_date=2026-07-17\exchange=NSE\symbol=BANKBEES\part-043935_301765-007492.parquet,35275,downloaded,35275,
2026-07-17,NSE,BANKBEES,raw_l2/trade_date=2026-07-17/exchange=NSE/symbol=BANKBEES/part-043921_790310-007460.parquet,real_data_sample\l2_unseen_validation\trade_date=2026-07-17\exchange=NSE\symbol=BANKBEES\part-043921_790310-007460.parquet,35414,downloaded,35414,
2026-07-17,NSE,BANKBEES,raw_l2/trade_date=2026-07-17/exchange=NSE/symbol=BANKBEES/part-044357_587011-008100.parquet,real_data_sample\l2_unseen_validation\trade_date=2026-07-17\exchange=NSE\symbol=BANKBEES\part-044357_587011-008100.parquet,34540,downloaded,34540,
2026-07-17,NSE,BANKBEES,raw_l2/trade_date=2026-07-17/exchange=NSE/symbol=BANKBEES/part-044016_556954-007588.parquet,real_data_sample\l2_unseen_validation\trade_date=2026-07-17\exchange=NSE\symbol=BANKBEES\part-044016_556954-007588.parquet,34536,downloaded,34536,
2026-07-17,NSE,BANKBEES,raw_l2/trade_date=2026-07-17/exchange=NSE/symbol=BANKBEES/part-044002_808931-007556.parquet,real_data_sample\l2_unseen_validation\trade_date=2026-07-17\exchange=NSE\symbol=BANKBEES\part-044002_808931-007556.parquet,35041,downloaded,35041,
2026-07-17,NSE,BANKBEES,raw_l2/trade_date=2026-07-17/exchange=NSE/symbol=BANKBEES/part-044030_325462-007620.parquet,real_data_sample\l2_unseen_validation\trade_date=2026-07-17\exchange=NSE\symbol=BANKBEES\part-044030_325462-007620.parquet,34426,downloaded,34426,
2026-07-17,NSE,BANKBEES,raw_l2/trade_date=2026-07-17/exchange=NSE/symbol=BANKBEES/part-044057_786321-007684.parquet,real_data_sample\l2_unseen_validation\trade_date=2026-07-17\exchange=NSE\symbol=BANKBEES\part-044057_786321-007684.parquet,34484,downloaded,34484,
2026-07-17,NSE,BANKBEES,raw_l2/trade_date=2026-07-17/exchange=NSE/symbol=BANKBEES/part-044234_319085-007908.parquet,real_data_sample\l2_unseen_validation\trade_date=2026-07-17\exchange=NSE\symbol=BANKBEES\part-044234_319085-007908.parquet,34531,downloaded,34531,
2026-07-17,NSE,BANKBEES,raw_l2/trade_date=2026-07-17/exchange=NSE/symbol=BANKBEES/part-043949_050097-007524.parquet,real_data_sample\l2_unseen_validation\trade_date=2026-07-17\exchange=NSE\symbol=BANKBEES\part-043949_050097-007524.parquet,34893,downloaded,34893,
2026-07-17,NSE,BANKBEES,raw_l2/trade_date=2026-07-17/exchange=NSE/symbol=BANKBEES/part-044220_314903-007876.parquet,real_data_sample\l2_unseen_validation\trade_date=2026-07-17\exchange=NSE\symbol=BANKBEES\part-044220_314903-007876.parquet,34501,downloaded,34501,
2026-07-17,NSE,BANKBEES,raw_l2/trade_date=2026-07-17/exchange=NSE/symbol=BANKBEES/part-044044_055381-007652.parquet,real_data_sample\l2_unseen_validation\trade_date=2026-07-17\exchange=NSE\symbol=BANKBEES\part-044044_055381-007652.parquet,34687,downloaded,34687,
2026-07-17,NSE,BANKBEES,raw_l2/trade_date=2026-07-17/exchange=NSE/symbol=BANKBEES/part-044343_810278-008068.parquet,real_data_sample\l2_unseen_validation\trade_date=2026-07-17\exchange=NSE\symbol=BANKBEES\part-044343_810278-008068.parquet,34646,downloaded,34646,
2026-07-17,NSE,BANKBEES,raw_l2/trade_date=2026-07-17/exchange=NSE/symbol=BANKBEES/part-044206_561690-007844.parquet,real_data_sample\l2_unseen_validation\trade_date=2026-07-17\exchange=NSE\symbol=BANKBEES\part-044206_561690-007844.parquet,34434,downloaded,34434,
2026-07-17,NSE,BANKBEES,raw_l2/trade_date=2026-07-17/exchange=NSE/symbol=BANKBEES/part-044139_065912-007780.parquet,real_data_sample\l2_unseen_validation\trade_date=2026-07-17\exchange=NSE\symbol=BANKBEES\part-044139_065912-007780.parquet,34356,downloaded,34356,
2026-07-17,NSE,BANKBEES,raw_l2/trade_date=2026-07-17/exchange=NSE/symbol=BANKBEES/part-044152_824415-007812.parquet,real_data_sample\l2_unseen_validation\trade_date=2026-07-17\exchange=NSE\symbol=BANKBEES\part-044152_824415-007812.parquet,34492,downloaded,34492,
2026-07-17,NSE,BANKBEES,raw_l2/trade_date=2026-07-17/exchange=NSE/symbol=BANKBEES/part-044111_563467-007716.parquet,real_data_sample\l2_unseen_validation\trade_date=2026-07-17\exchange=NSE\symbol=BANKBEES\part-044111_563467-007716.parquet,34526,downloaded,34526,
2026-07-17,NSE,BANKBEES,raw_l2/trade_date=2026-07-17/exchange=NSE/symbol=BANKBEES/part-044329_862618-008036.parquet,real_data_sample\l2_unseen_validation\trade_date=2026-07-17\exchange=NSE\symbol=BANKBEES\part-044329_862618-008036.parquet,34303,downloaded,34303,
2026-07-17,NSE,BANKBEES,raw_l2/trade_date=2026-07-17/exchange=NSE/symbol=BANKBEES/part-044316_062345-008004.parquet,real_data_sample\l2_unseen_validation\trade_date=2026-07-17\exchange=NSE\symbol=BANKBEES\part-044316_062345-008004.parquet,34381,downloaded,34381,
2026-07-17,NSE,BANKBEES,raw_l2/trade_date=2026-07-17/exchange=NSE/symbol=BANKBEES/part-044302_097097-007972.parquet,real_data_sample\l2_unseen_validation\trade_date=2026-07-17\exchange=NSE\symbol=BANKBEES\part-044302_097097-007972.parquet,34460,downloaded,34460,
2026-07-17,NSE,BANKBEES,raw_l2/trade_date=2026-07-17/exchange=NSE/symbol=BANKBEES/part-044248_309470-007940.parquet,real_data_sample\l2_unseen_validation\trade_date=2026-07-17\exchange=NSE\symbol=BANKBEES\part-044248_309470-007940.parquet,34511,downloaded,34511,
2026-07-17,NSE,BANKBEES,raw_l2/trade_date=2026-07-17/exchange=NSE/symbol=BANKBEES/part-044125_296746-007748.parquet,real_data_sample\l2_unseen_validation\trade_date=2026-07-17\exchange=NSE\symbol=BANKBEES\part-044125_296746-007748.parquet,34647,downloaded,34647,
2026-07-17,NSE,BANKBEES,raw_l2/trade_date=2026-07-17/exchange=NSE/symbol=BANKBEES/part-044411_311165-008132.parquet,real_data_sample\l2_unseen_validation\trade_date=2026-07-17\exchange=NSE\symbol=BANKBEES\part-044411_311165-008132.parquet,34516,downloaded,34516,
2026-07-17,NSE,BANKBEES,raw_l2/trade_date=2026-07-17/exchange=NSE/symbol=BANKBEES/part-044425_051392-008164.parquet,real_data_sample\l2_unseen_validation\trade_date=2026-07-17\exchange=NSE\symbol=BANKBEES\part-044425_051392-008164.parquet,34996,downloaded,34996,
2026-07-17,NSE,BANKBEES,raw_l2/trade_date=2026-07-17/exchange=NSE/symbol=BANKBEES/part-044438_819235-008196.parquet,real_data_sample\l2_unseen_validation\trade_date=2026-07-17\exchange=NSE\symbol=BANKBEES\part-044438_819235-008196.parquet,35164,downloaded,35164,
2026-07-17,NSE,BANKBEES,raw_l2/trade_date=2026-07-17/exchange=NSE/symbol=BANKBEES/part-044657_053902-008516.parquet,real_data_sample\l2_unseen_validation\trade_date=2026-07-17\exchange=NSE\symbol=BANKBEES\part-044657_053902-008516.parquet,35357,downloaded,35357,
2026-07-17,NSE,BANKBEES,raw_l2/trade_date=2026-07-17/exchange=NSE/symbol=BANKBEES/part-044506_551217-008260.parquet,real_data_sample\l2_unseen_validation\trade_date=2026-07-17\exchange=NSE\symbol=BANKBEES\part-044506_551217-008260.parquet,35419,downloaded,35419,
2026-07-17,NSE,BANKBEES,raw_l2/trade_date=2026-07-17/exchange=NSE/symbol=BANKBEES/part-044452_796205-008228.parquet,real_data_sample\l2_unseen_validation\trade_date=2026-07-17\exchange=NSE\symbol=BANKBEES\part-044452_796205-008228.parquet,35358,downloaded,35358,
2026-07-17,NSE,BANKBEES,raw_l2/trade_date=2026-07-17/exchange=NSE/symbol=BANKBEES/part-044534_055997-008324.parquet,real_data_sample\l2_unseen_validation\trade_date=2026-07-17\exchange=NSE\symbol=BANKBEES\part-044534_055997-008324.parquet,35258,downloaded,35258,
2026-07-17,NSE,BANKBEES,raw_l2/trade_date=2026-07-17/exchange=NSE/symbol=BANKBEES/part-044547_801891-008356.parquet,real_data_sample\l2_unseen_validation\trade_date=2026-07-17\exchange=NSE\symbol=BANKBEES\part-044547_801891-008356.parquet,35452,downloaded,35452,
2026-07-17,NSE,BANKBEES,raw_l2/trade_date=2026-07-17/exchange=NSE/symbol=BANKBEES/part-044520_318807-008292.parquet,real_data_sample\l2_unseen_validation\trade_date=2026-07-17\exchange=NSE\symbol=BANKBEES\part-044520_318807-008292.parquet,35662,downloaded,35662,
2026-07-17,NSE,BANKBEES,raw_l2/trade_date=2026-07-17/exchange=NSE/symbol=BANKBEES/part-044806_308738-008676.parquet,real_data_sample\l2_unseen_validation\trade_date=2026-07-17\exchange=NSE\symbol=BANKBEES\part-044806_308738-008676.parquet,35433,downloaded,35433,
2026-07-17,NSE,BANKBEES,raw_l2/trade_date=2026-07-17/exchange=NSE/symbol=BANKBEES/part-044629_311881-008452.parquet,real_data_sample\l2_unseen_validation\trade_date=2026-07-17\exchange=NSE\symbol=BANKBEES\part-044629_311881-008452.parquet,35086,downloaded,35086,
2026-07-17,NSE,BANKBEES,raw_l2/trade_date=2026-07-17/exchange=NSE/symbol=BANKBEES/part-044820_063042-008708.parquet,real_data_sample\l2_unseen_validation\trade_date=2026-07-17\exchange=NSE\symbol=BANKBEES\part-044820_063042-008708.parquet,36050,downloaded,36050,
2026-07-17,NSE,BANKBEES,raw_l2/trade_date=2026-07-17/exchange=NSE/symbol=BANKBEES/part-044601_572615-008388.parquet,real_data_sample\l2_unseen_validation\trade_date=2026-07-17\exchange=NSE\symbol=BANKBEES\part-044601_572615-008388.parquet,35342,downloaded,35342,
2026-07-17,NSE,BANKBEES,raw_l2/trade_date=2026-07-17/exchange=NSE/symbol=BANKBEES/part-044834_058077-008740.parquet,real_data_sample\l2_unseen_validation\trade_date=2026-07-17\exchange=NSE\symbol=BANKBEES\part-044834_058077-008740.parquet,35379,downloaded,35379,
2026-07-17,NSE,BANKBEES,raw_l2/trade_date=2026-07-17/exchange=NSE/symbol=BANKBEES/part-044738_357652-008612.parquet,real_data_sample\l2_unseen_validation\trade_date=2026-07-17\exchange=NSE\symbol=BANKBEES\part-044738_357652-008612.parquet,35307,downloaded,35307,
2026-07-17,NSE,BANKBEES,raw_l2/trade_date=2026-07-17/exchange=NSE/symbol=BANKBEES/part-044615_569835-008420.parquet,real_data_sample\l2_unseen_validation\trade_date=2026-07-17\exchange=NSE\symbol=BANKBEES\part-044615_569835-008420.parquet,35174,downloaded,35174,
2026-07-17,NSE,BANKBEES,raw_l2/trade_date=2026-07-17/exchange=NSE/symbol=BANKBEES/part-044643_103745-008484.parquet,real_data_sample\l2_unseen_validation\trade_date=2026-07-17\exchange=NSE\symbol=BANKBEES\part-044643_103745-008484.parquet,35424,downloaded,35424,
2026-07-17,NSE,BANKBEES,raw_l2/trade_date=2026-07-17/exchange=NSE/symbol=BANKBEES/part-044710_826200-008548.parquet,real_data_sample\l2_unseen_validation\trade_date=2026-07-17\exchange=NSE\symbol=BANKBEES\part-044710_826200-008548.parquet,34991,downloaded,34991,
2026-07-17,NSE,BANKBEES,raw_l2/trade_date=2026-07-17/exchange=NSE/symbol=BANKBEES/part-044724_573847-008580.parquet,real_data_sample\l2_unseen_validation\trade_date=2026-07-17\exchange=NSE\symbol=BANKBEES\part-044724_573847-008580.parquet,35316,downloaded,35316,
2026-07-17,NSE,BANKBEES,raw_l2/trade_date=2026-07-17/exchange=NSE/symbol=BANKBEES/part-044752_560777-008644.parquet,real_data_sample\l2_unseen_validation\trade_date=2026-07-17\exchange=NSE\symbol=BANKBEES\part-044752_560777-008644.parquet,35319,downloaded,35319,
2026-07-17,NSE,BANKBEES,raw_l2/trade_date=2026-07-17/exchange=NSE/symbol=BANKBEES/part-044915_325464-008836.parquet,real_data_sample\l2_unseen_validation\trade_date=2026-07-17\exchange=NSE\symbol=BANKBEES\part-044915_325464-008836.parquet,35209,downloaded,35209,
2026-07-17,NSE,BANKBEES,raw_l2/trade_date=2026-07-17/exchange=NSE/symbol=BANKBEES/part-044942_813210-008900.parquet,real_data_sample\l2_unseen_validation\trade_date=2026-07-17\exchange=NSE\symbol=BANKBEES\part-044942_813210-008900.parquet,34750,downloaded,34750,
2026-07-17,NSE,BANKBEES,raw_l2/trade_date=2026-07-17/exchange=NSE/symbol=BANKBEES/part-044929_069175-008868.parquet,real_data_sample\l2_unseen_validation\trade_date=2026-07-17\exchange=NSE\symbol=BANKBEES\part-044929_069175-008868.parquet,34746,downloaded,34746,
2026-07-17,NSE,BANKBEES,raw_l2/trade_date=2026-07-17/exchange=NSE/symbol=BANKBEES/part-044847_800289-008772.parquet,real_data_sample\l2_unseen_validation\trade_date=2026-07-17\exchange=NSE\symbol=BANKBEES\part-044847_800289-008772.parquet,35246,downloaded,35246,
2026-07-17,NSE,BANKBEES,raw_l2/trade_date=2026-07-17/exchange=NSE/symbol=BANKBEES/part-044901_580274-008804.parquet,real_data_sample\l2_unseen_validation\trade_date=2026-07-17\exchange=NSE\symbol=BANKBEES\part-044901_580274-008804.parquet,36080,downloaded,36080,
2026-07-17,NSE,BANKBEES,raw_l2/trade_date=2026-07-17/exchange=NSE/symbol=BANKBEES/part-045024_044138-008996.parquet,real_data_sample\l2_unseen_validation\trade_date=2026-07-17\exchange=NSE\symbol=BANKBEES\part-045024_044138-008996.parquet,34662,downloaded,34662,
2026-07-17,NSE,BANKBEES,raw_l2/trade_date=2026-07-17/exchange=NSE/symbol=BANKBEES/part-045010_300632-008964.parquet,real_data_sample\l2_unseen_validation\trade_date=2026-07-17\exchange=NSE\symbol=BANKBEES\part-045010_300632-008964.parquet,35255,downloaded,35255,
2026-07-17,NSE,BANKBEES,raw_l2/trade_date=2026-07-17/exchange=NSE/symbol=BANKBEES/part-044956_594228-008932.parquet,real_data_sample\l2_unseen_validation\trade_date=2026-07-17\exchange=NSE\symbol=BANKBEES\part-044956_594228-008932.parquet,35176,downloaded,35176,
2026-07-17,NSE,BANKBEES,raw_l2/trade_date=2026-07-17/exchange=NSE/symbol=BANKBEES/part-045037_575037-009028.parquet,real_data_sample\l2_unseen_validation\trade_date=2026-07-17\exchange=NSE\symbol=BANKBEES\part-045037_575037-009028.parquet,34559,downloaded,34559,
2026-07-17,NSE,BANKBEES,raw_l2/trade_date=2026-07-17/exchange=NSE/symbol=BANKBEES/part-045051_320855-009060.parquet,real_data_sample\l2_unseen_validation\trade_date=2026-07-17\exchange=NSE\symbol=BANKBEES\part-045051_320855-009060.parquet,34629,downloaded,34629,
2026-07-17,NSE,BANKBEES,raw_l2/trade_date=2026-07-17/exchange=NSE/symbol=BANKBEES/part-045119_074837-009124.parquet,real_data_sample\l2_unseen_validation\trade_date=2026-07-17\exchange=NSE\symbol=BANKBEES\part-045119_074837-009124.parquet,34997,downloaded,34997,
2026-07-17,NSE,BANKBEES,raw_l2/trade_date=2026-07-17/exchange=NSE/symbol=BANKBEES/part-045105_142842-009092.parquet,real_data_sample\l2_unseen_validation\trade_date=2026-07-17\exchange=NSE\symbol=BANKBEES\part-045105_142842-009092.parquet,34769,downloaded,34769,
2026-07-17,NSE,BANKBEES,raw_l2/trade_date=2026-07-17/exchange=NSE/symbol=BANKBEES/part-042427_318141-005412.parquet,real_data_sample\l2_unseen_validation\trade_date=2026-07-17\exchange=NSE\symbol=BANKBEES\part-042427_318141-005412.parquet,34362,downloaded,34362,
2026-07-17,NSE,BANKBEES,raw_l2/trade_date=2026-07-17/exchange=NSE/symbol=BANKBEES/part-042331_553282-005284.parquet,real_data_sample\l2_unseen_validation\trade_date=2026-07-17\exchange=NSE\symbol=BANKBEES\part-042331_553282-005284.parquet,34267,downloaded,34267,
2026-07-17,NSE,BANKBEES,raw_l2/trade_date=2026-07-17/exchange=NSE/symbol=BANKBEES/part-045133_070642-009156.parquet,real_data_sample\l2_unseen_validation\trade_date=2026-07-17\exchange=NSE\symbol=BANKBEES\part-045133_070642-009156.parquet,35204,downloaded,35204,
2026-07-17,NSE,BANKBEES,raw_l2/trade_date=2026-07-17/exchange=NSE/symbol=BANKBEES/part-045256_573881-009348.parquet,real_data_sample\l2_unseen_validation\trade_date=2026-07-17\exchange=NSE\symbol=BANKBEES\part-045256_573881-009348.parquet,34436,downloaded,34436,
2026-07-17,NSE,BANKBEES,raw_l2/trade_date=2026-07-17/exchange=NSE/symbol=BANKBEES/part-045147_078695-009188.parquet,real_data_sample\l2_unseen_validation\trade_date=2026-07-17\exchange=NSE\symbol=BANKBEES\part-045147_078695-009188.parquet,34957,downloaded,34957,
2026-07-17,NSE,BANKBEES,raw_l2/trade_date=2026-07-17/exchange=NSE/symbol=BANKBEES/part-045324_570944-009412.parquet,real_data_sample\l2_unseen_validation\trade_date=2026-07-17\exchange=NSE\symbol=BANKBEES\part-045324_570944-009412.parquet,35073,downloaded,35073,
2026-07-17,NSE,BANKBEES,raw_l2/trade_date=2026-07-17/exchange=NSE/symbol=BANKBEES/part-045338_323244-009444.parquet,real_data_sample\l2_unseen_validation\trade_date=2026-07-17\exchange=NSE\symbol=BANKBEES\part-045338_323244-009444.parquet,35003,downloaded,35003,
2026-07-17,NSE,BANKBEES,raw_l2/trade_date=2026-07-17/exchange=NSE/symbol=BANKBEES/part-045310_574810-009380.parquet,real_data_sample\l2_unseen_validation\trade_date=2026-07-17\exchange=NSE\symbol=BANKBEES\part-045310_574810-009380.parquet,34275,downloaded,34275,
2026-07-17,NSE,BANKBEES,raw_l2/trade_date=2026-07-17/exchange=NSE/symbol=BANKBEES/part-045201_121145-009220.parquet,real_data_sample\l2_unseen_validation\trade_date=2026-07-17\exchange=NSE\symbol=BANKBEES\part-045201_121145-009220.parquet,34894,downloaded,34894,
2026-07-17,NSE,BANKBEES,raw_l2/trade_date=2026-07-17/exchange=NSE/symbol=BANKBEES/part-045228_805073-009284.parquet,real_data_sample\l2_unseen_validation\trade_date=2026-07-17\exchange=NSE\symbol=BANKBEES\part-045228_805073-009284.parquet,34587,downloaded,34587,
2026-07-17,NSE,BANKBEES,raw_l2/trade_date=2026-07-17/exchange=NSE/symbol=BANKBEES/part-045242_567922-009316.parquet,real_data_sample\l2_unseen_validation\trade_date=2026-07-17\exchange=NSE\symbol=BANKBEES\part-045242_567922-009316.parquet,34417,downloaded,34417,
2026-07-17,NSE,BANKBEES,raw_l2/trade_date=2026-07-17/exchange=NSE/symbol=BANKBEES/part-045502_365154-009636.parquet,real_data_sample\l2_unseen_validation\trade_date=2026-07-17\exchange=NSE\symbol=BANKBEES\part-045502_365154-009636.parquet,34558,downloaded,34558,
2026-07-17,NSE,BANKBEES,raw_l2/trade_date=2026-07-17/exchange=NSE/symbol=BANKBEES/part-045406_347344-009508.parquet,real_data_sample\l2_unseen_validation\trade_date=2026-07-17\exchange=NSE\symbol=BANKBEES\part-045406_347344-009508.parquet,35205,downloaded,35205,
2026-07-17,NSE,BANKBEES,raw_l2/trade_date=2026-07-17/exchange=NSE/symbol=BANKBEES/part-045352_328310-009476.parquet,real_data_sample\l2_unseen_validation\trade_date=2026-07-17\exchange=NSE\symbol=BANKBEES\part-045352_328310-009476.parquet,34717,downloaded,34717,
2026-07-17,NSE,BANKBEES,raw_l2/trade_date=2026-07-17/exchange=NSE/symbol=BANKBEES/part-045420_339817-009540.parquet,real_data_sample\l2_unseen_validation\trade_date=2026-07-17\exchange=NSE\symbol=BANKBEES\part-045420_339817-009540.parquet,34776,downloaded,34776,
2026-07-17,NSE,BANKBEES,raw_l2/trade_date=2026-07-17/exchange=NSE/symbol=BANKBEES/part-042359_553436-005348.parquet,real_data_sample\l2_unseen_validation\trade_date=2026-07-17\exchange=NSE\symbol=BANKBEES\part-042359_553436-005348.parquet,34341,downloaded,34341,
2026-07-17,NSE,BANKBEES,raw_l2/trade_date=2026-07-17/exchange=NSE/symbol=BANKBEES/part-045434_335395-009572.parquet,real_data_sample\l2_unseen_validation\trade_date=2026-07-17\exchange=NSE\symbol=BANKBEES\part-045434_335395-009572.parquet,34459,downloaded,34459,
2026-07-17,NSE,BANKBEES,raw_l2/trade_date=2026-07-17/exchange=NSE/symbol=BANKBEES/part-042824_615516-005956.parquet,real_data_sample\l2_unseen_validation\trade_date=2026-07-17\exchange=NSE\symbol=BANKBEES\part-042824_615516-005956.parquet,35417,downloaded,35417,
2026-07-17,NSE,BANKBEES,raw_l2/trade_date=2026-07-17/exchange=NSE/symbol=BANKBEES/part-045448_359603-009604.parquet,real_data_sample\l2_unseen_validation\trade_date=2026-07-17\exchange=NSE\symbol=BANKBEES\part-045448_359603-009604.parquet,34482,downloaded,34482,
2026-07-17,NSE,BANKBEES,raw_l2/trade_date=2026-07-17/exchange=NSE/symbol=BANKBEES/part-042852_573261-006020.parquet,real_data_sample\l2_unseen_validation\trade_date=2026-07-17\exchange=NSE\symbol=BANKBEES\part-042852_573261-006020.parquet,35220,downloaded,35220,
2026-07-17,NSE,BANKBEES,raw_l2/trade_date=2026-07-17/exchange=NSE/symbol=BANKBEES/part-042221_790223-005124.parquet,real_data_sample\l2_unseen_validation\trade_date=2026-07-17\exchange=NSE\symbol=BANKBEES\part-042221_790223-005124.parquet,35201,downloaded,35201,
2026-07-17,NSE,BANKBEES,raw_l2/trade_date=2026-07-17/exchange=NSE/symbol=BANKBEES/part-045516_601182-009668.parquet,real_data_sample\l2_unseen_validation\trade_date=2026-07-17\exchange=NSE\symbol=BANKBEES\part-045516_601182-009668.parquet,34448,downloaded,34448,
2026-07-17,NSE,BANKBEES,raw_l2/trade_date=2026-07-17/exchange=NSE/symbol=BANKBEES/part-042207_810183-005092.parquet,real_data_sample\l2_unseen_validation\trade_date=2026-07-17\exchange=NSE\symbol=BANKBEES\part-042207_810183-005092.parquet,34536,downloaded,34536,
2026-07-17,NSE,BANKBEES,raw_l2/trade_date=2026-07-17/exchange=NSE/symbol=BANKBEES/part-042838_564414-005988.parquet,real_data_sample\l2_unseen_validation\trade_date=2026-07-17\exchange=NSE\symbol=BANKBEES\part-042838_564414-005988.parquet,35310,downloaded,35310,
2026-07-17,NSE,BANKBEES,raw_l2/trade_date=2026-07-17/exchange=NSE/symbol=BANKBEES/part-045544_572380-009732.parquet,real_data_sample\l2_unseen_validation\trade_date=2026-07-17\exchange=NSE\symbol=BANKBEES\part-045544_572380-009732.parquet,34417,downloaded,34417,
2026-07-17,NSE,BANKBEES,raw_l2/trade_date=2026-07-17/exchange=NSE/symbol=BANKBEES/part-045530_573240-009700.parquet,real_data_sample\l2_unseen_validation\trade_date=2026-07-17\exchange=NSE\symbol=BANKBEES\part-045530_573240-009700.parquet,34367,downloaded,34367,
2026-07-17,NSE,BANKBEES,raw_l2/trade_date=2026-07-17/exchange=NSE/symbol=BANKBEES/part-045558_566783-009764.parquet,real_data_sample\l2_unseen_validation\trade_date=2026-07-17\exchange=NSE\symbol=BANKBEES\part-045558_566783-009764.parquet,34611,downloaded,34611,
2026-07-17,NSE,BANKBEES,raw_l2/trade_date=2026-07-17/exchange=NSE/symbol=BANKBEES/part-045612_559538-009796.parquet,real_data_sample\l2_unseen_validation\trade_date=2026-07-17\exchange=NSE\symbol=BANKBEES\part-045612_559538-009796.parquet,34651,downloaded,34651,
2026-07-17,NSE,BANKBEES,raw_l2/trade_date=2026-07-17/exchange=NSE/symbol=BANKBEES/part-045626_627881-009828.parquet,real_data_sample\l2_unseen_validation\trade_date=2026-07-17\exchange=NSE\symbol=BANKBEES\part-045626_627881-009828.parquet,35168,downloaded,35168,
2026-07-17,NSE,BANKBEES,raw_l2/trade_date=2026-07-17/exchange=NSE/symbol=BANKBEES/part-045640_842425-009860.parquet,real_data_sample\l2_unseen_validation\trade_date=2026-07-17\exchange=NSE\symbol=BANKBEES\part-045640_842425-009860.parquet,34840,downloaded,34840,
2026-07-17,NSE,BANKBEES,raw_l2/trade_date=2026-07-17/exchange=NSE/symbol=BANKBEES/part-045655_323621-009892.parquet,real_data_sample\l2_unseen_validation\trade_date=2026-07-17\exchange=NSE\symbol=BANKBEES\part-045655_323621-009892.parquet,35278,downloaded,35278,
2026-07-17,NSE,BANKBEES,raw_l2/trade_date=2026-07-17/exchange=NSE/symbol=BANKBEES/part-042345_559373-005316.parquet,real_data_sample\l2_unseen_validation\trade_date=2026-07-17\exchange=NSE\symbol=BANKBEES\part-042345_559373-005316.parquet,34381,downloaded,34381,
2026-07-17,NSE,BANKBEES,raw_l2/trade_date=2026-07-17/exchange=NSE/symbol=BANKBEES/part-050150_079804-010564.parquet,real_data_sample\l2_unseen_validation\trade_date=2026-07-17\exchange=NSE\symbol=BANKBEES\part-050150_079804-010564.parquet,35146,downloaded,35146,
2026-07-17,NSE,BANKBEES,raw_l2/trade_date=2026-07-17/exchange=NSE/symbol=BANKBEES/part-050232_696930-010660.parquet,real_data_sample\l2_unseen_validation\trade_date=2026-07-17\exchange=NSE\symbol=BANKBEES\part-050232_696930-010660.parquet,34655,downloaded,34655,
2026-07-17,NSE,BANKBEES,raw_l2/trade_date=2026-07-17/exchange=NSE/symbol=BANKBEES/part-050122_312619-010500.parquet,real_data_sample\l2_unseen_validation\trade_date=2026-07-17\exchange=NSE\symbol=BANKBEES\part-050122_312619-010500.parquet,35162,downloaded,35162,
2026-07-17,NSE,BANKBEES,raw_l2/trade_date=2026-07-17/exchange=NSE/symbol=BANKBEES/part-045916_068481-010212.parquet,real_data_sample\l2_unseen_validation\trade_date=2026-07-17\exchange=NSE\symbol=BANKBEES\part-045916_068481-010212.parquet,35464,downloaded,35464,
2026-07-17,NSE,BANKBEES,raw_l2/trade_date=2026-07-17/exchange=NSE/symbol=BANKBEES/part-050136_081871-010532.parquet,real_data_sample\l2_unseen_validation\trade_date=2026-07-17\exchange=NSE\symbol=BANKBEES\part-050136_081871-010532.parquet,35417,downloaded,35417,
2026-07-17,NSE,BANKBEES,raw_l2/trade_date=2026-07-17/exchange=NSE/symbol=BANKBEES/part-050218_561283-010628.parquet,real_data_sample\l2_unseen_validation\trade_date=2026-07-17\exchange=NSE\symbol=BANKBEES\part-050218_561283-010628.parquet,34731,downloaded,34731,
2026-07-17,NSE,BANKBEES,raw_l2/trade_date=2026-07-17/exchange=NSE/symbol=BANKBEES/part-050247_310853-010692.parquet,real_data_sample\l2_unseen_validation\trade_date=2026-07-17\exchange=NSE\symbol=BANKBEES\part-050247_310853-010692.parquet,34479,downloaded,34479,
2026-07-17,NSE,BANKBEES,raw_l2/trade_date=2026-07-17/exchange=NSE/symbol=BANKBEES/part-050329_855247-010788.parquet,real_data_sample\l2_unseen_validation\trade_date=2026-07-17\exchange=NSE\symbol=BANKBEES\part-050329_855247-010788.parquet,35287,downloaded,35287,
2026-07-17,NSE,BANKBEES,raw_l2/trade_date=2026-07-17/exchange=NSE/symbol=BANKBEES/part-050343_836698-010820.parquet,real_data_sample\l2_unseen_validation\trade_date=2026-07-17\exchange=NSE\symbol=BANKBEES\part-050343_836698-010820.parquet,35523,downloaded,35523,
2026-07-17,NSE,BANKBEES,raw_l2/trade_date=2026-07-17/exchange=NSE/symbol=BANKBEES/part-045848_318803-010148.parquet,real_data_sample\l2_unseen_validation\trade_date=2026-07-17\exchange=NSE\symbol=BANKBEES\part-045848_318803-010148.parquet,35889,downloaded,35889,
2026-07-17,NSE,BANKBEES,raw_l2/trade_date=2026-07-17/exchange=NSE/symbol=BANKBEES/part-050012_797127-010340.parquet,real_data_sample\l2_unseen_validation\trade_date=2026-07-17\exchange=NSE\symbol=BANKBEES\part-050012_797127-010340.parquet,35501,downloaded,35501,
2026-07-17,NSE,BANKBEES,raw_l2/trade_date=2026-07-17/exchange=NSE/symbol=BANKBEES/part-050026_572455-010372.parquet,real_data_sample\l2_unseen_validation\trade_date=2026-07-17\exchange=NSE\symbol=BANKBEES\part-050026_572455-010372.parquet,35804,downloaded,35804,
2026-07-17,NSE,BANKBEES,raw_l2/trade_date=2026-07-17/exchange=NSE/symbol=BANKBEES/part-050315_708827-010756.parquet,real_data_sample\l2_unseen_validation\trade_date=2026-07-17\exchange=NSE\symbol=BANKBEES\part-050315_708827-010756.parquet,34697,downloaded,34697,
2026-07-17,NSE,BANKBEES,raw_l2/trade_date=2026-07-17/exchange=NSE/symbol=BANKBEES/part-045834_099754-010116.parquet,real_data_sample\l2_unseen_validation\trade_date=2026-07-17\exchange=NSE\symbol=BANKBEES\part-045834_099754-010116.parquet,35481,downloaded,35481,
2026-07-17,NSE,BANKBEES,raw_l2/trade_date=2026-07-17/exchange=NSE/symbol=BANKBEES/part-050301_341738-010724.parquet,real_data_sample\l2_unseen_validation\trade_date=2026-07-17\exchange=NSE\symbol=BANKBEES\part-050301_341738-010724.parquet,34509,downloaded,34509,
2026-07-17,NSE,BANKBEES,raw_l2/trade_date=2026-07-17/exchange=NSE/symbol=BANKBEES/part-045958_414813-010308.parquet,real_data_sample\l2_unseen_validation\trade_date=2026-07-17\exchange=NSE\symbol=BANKBEES\part-045958_414813-010308.parquet,35527,downloaded,35527,
2026-07-17,NSE,BANKBEES,raw_l2/trade_date=2026-07-17/exchange=NSE/symbol=BANKBEES/part-050054_343414-010436.parquet,real_data_sample\l2_unseen_validation\trade_date=2026-07-17\exchange=NSE\symbol=BANKBEES\part-050054_343414-010436.parquet,35547,downloaded,35547,
2026-07-17,NSE,BANKBEES,raw_l2/trade_date=2026-07-17/exchange=NSE/symbol=BANKBEES/part-045805_818692-010052.parquet,real_data_sample\l2_unseen_validation\trade_date=2026-07-17\exchange=NSE\symbol=BANKBEES\part-045805_818692-010052.parquet,35529,downloaded,35529,
2026-07-17,NSE,BANKBEES,raw_l2/trade_date=2026-07-17/exchange=NSE/symbol=BANKBEES/part-045944_371503-010276.parquet,real_data_sample\l2_unseen_validation\trade_date=2026-07-17\exchange=NSE\symbol=BANKBEES\part-045944_371503-010276.parquet,35444,downloaded,35444,
2026-07-17,NSE,BANKBEES,raw_l2/trade_date=2026-07-17/exchange=NSE/symbol=BANKBEES/part-050040_335804-010404.parquet,real_data_sample\l2_unseen_validation\trade_date=2026-07-17\exchange=NSE\symbol=BANKBEES\part-050040_335804-010404.parquet,35664,downloaded,35664,
2026-07-17,NSE,BANKBEES,raw_l2/trade_date=2026-07-17/exchange=NSE/symbol=BANKBEES/part-045902_295570-010180.parquet,real_data_sample\l2_unseen_validation\trade_date=2026-07-17\exchange=NSE\symbol=BANKBEES\part-045902_295570-010180.parquet,35308,downloaded,35308,
2026-07-17,NSE,BANKBEES,raw_l2/trade_date=2026-07-17/exchange=NSE/symbol=BANKBEES/part-045737_592433-009988.parquet,real_data_sample\l2_unseen_validation\trade_date=2026-07-17\exchange=NSE\symbol=BANKBEES\part-045737_592433-009988.parquet,35146,downloaded,35146,
2026-07-17,NSE,BANKBEES,raw_l2/trade_date=2026-07-17/exchange=NSE/symbol=BANKBEES/part-050108_346081-010468.parquet,real_data_sample\l2_unseen_validation\trade_date=2026-07-17\exchange=NSE\symbol=BANKBEES\part-050108_346081-010468.parquet,35157,downloaded,35157,
2026-07-17,NSE,BANKBEES,raw_l2/trade_date=2026-07-17/exchange=NSE/symbol=BANKBEES/part-045751_837149-010020.parquet,real_data_sample\l2_unseen_validation\trade_date=2026-07-17\exchange=NSE\symbol=BANKBEES\part-045751_837149-010020.parquet,35518,downloaded,35518,
2026-07-17,NSE,BANKBEES,raw_l2/trade_date=2026-07-17/exchange=NSE/symbol=BANKBEES/part-050204_582586-010596.parquet,real_data_sample\l2_unseen_validation\trade_date=2026-07-17\exchange=NSE\symbol=BANKBEES\part-050204_582586-010596.parquet,34761,downloaded,34761,
2026-07-17,NSE,BANKBEES,raw_l2/trade_date=2026-07-17/exchange=NSE/symbol=BANKBEES/part-045723_571191-009956.parquet,real_data_sample\l2_unseen_validation\trade_date=2026-07-17\exchange=NSE\symbol=BANKBEES\part-045723_571191-009956.parquet,35034,downloaded,35034,
2026-07-17,NSE,BANKBEES,raw_l2/trade_date=2026-07-17/exchange=NSE/symbol=BANKBEES/part-045709_201212-009924.parquet,real_data_sample\l2_unseen_validation\trade_date=2026-07-17\exchange=NSE\symbol=BANKBEES\part-045709_201212-009924.parquet,35152,downloaded,35152,
2026-07-17,NSE,BANKBEES,raw_l2/trade_date=2026-07-17/exchange=NSE/symbol=BANKBEES/part-045930_134940-010244.parquet,real_data_sample\l2_unseen_validation\trade_date=2026-07-17\exchange=NSE\symbol=BANKBEES\part-045930_134940-010244.parquet,35119,downloaded,35119,
2026-07-17,NSE,BANKBEES,raw_l2/trade_date=2026-07-17/exchange=NSE/symbol=BANKBEES/part-045820_064836-010084.parquet,real_data_sample\l2_unseen_validation\trade_date=2026-07-17\exchange=NSE\symbol=BANKBEES\part-045820_064836-010084.parquet,35410,downloaded,35410,
2026-07-17,NSE,BANKBEES,raw_l2/trade_date=2026-07-17/exchange=NSE/symbol=BANKBEES/part-045215_057427-009252.parquet,real_data_sample\l2_unseen_validation\trade_date=2026-07-17\exchange=NSE\symbol=BANKBEES\part-045215_057427-009252.parquet,34913,downloaded,34913,
2026-07-17,NSE,BANKBEES,raw_l2/trade_date=2026-07-17/exchange=NSE/symbol=BANKBEES/part-050357_862144-010852.parquet,real_data_sample\l2_unseen_validation\trade_date=2026-07-17\exchange=NSE\symbol=BANKBEES\part-050357_862144-010852.parquet,35189,downloaded,35189,
2026-07-17,NSE,BANKBEES,raw_l2/trade_date=2026-07-17/exchange=NSE/symbol=BANKBEES/part-050412_142182-010884.parquet,real_data_sample\l2_unseen_validation\trade_date=2026-07-17\exchange=NSE\symbol=BANKBEES\part-050412_142182-010884.parquet,35098,downloaded,35098,
2026-07-17,NSE,BANKBEES,raw_l2/trade_date=2026-07-17/exchange=NSE/symbol=BANKBEES/part-050426_317893-010916.parquet,real_data_sample\l2_unseen_validation\trade_date=2026-07-17\exchange=NSE\symbol=BANKBEES\part-050426_317893-010916.parquet,35443,downloaded,35443,
2026-07-17,NSE,BANKBEES,raw_l2/trade_date=2026-07-17/exchange=NSE/symbol=BANKBEES/part-050440_311323-010948.parquet,real_data_sample\l2_unseen_validation\trade_date=2026-07-17\exchange=NSE\symbol=BANKBEES\part-050440_311323-010948.parquet,35229,downloaded,35229,
2026-07-17,NSE,BANKBEES,raw_l2/trade_date=2026-07-17/exchange=NSE/symbol=BANKBEES/part-050852_537626-011524.parquet,real_data_sample\l2_unseen_validation\trade_date=2026-07-17\exchange=NSE\symbol=BANKBEES\part-050852_537626-011524.parquet,35313,downloaded,35313,
2026-07-17,NSE,BANKBEES,raw_l2/trade_date=2026-07-17/exchange=NSE/symbol=BANKBEES/part-051029_555557-011748.parquet,real_data_sample\l2_unseen_validation\trade_date=2026-07-17\exchange=NSE\symbol=BANKBEES\part-051029_555557-011748.parquet,35101,downloaded,35101,
2026-07-17,NSE,BANKBEES,raw_l2/trade_date=2026-07-17/exchange=NSE/symbol=BANKBEES/part-050948_038249-011652.parquet,real_data_sample\l2_unseen_validation\trade_date=2026-07-17\exchange=NSE\symbol=BANKBEES\part-050948_038249-011652.parquet,35181,downloaded,35181,
2026-07-17,NSE,BANKBEES,raw_l2/trade_date=2026-07-17/exchange=NSE/symbol=BANKBEES/part-050906_568000-011556.parquet,real_data_sample\l2_unseen_validation\trade_date=2026-07-17\exchange=NSE\symbol=BANKBEES\part-050906_568000-011556.parquet,35117,downloaded,35117,
2026-07-17,NSE,BANKBEES,raw_l2/trade_date=2026-07-17/exchange=NSE/symbol=BANKBEES/part-051124_853623-011876.parquet,real_data_sample\l2_unseen_validation\trade_date=2026-07-17\exchange=NSE\symbol=BANKBEES\part-051124_853623-011876.parquet,35022,downloaded,35022,
2026-07-17,NSE,BANKBEES,raw_l2/trade_date=2026-07-17/exchange=NSE/symbol=BANKBEES/part-050454_081119-010980.parquet,real_data_sample\l2_unseen_validation\trade_date=2026-07-17\exchange=NSE\symbol=BANKBEES\part-050454_081119-010980.parquet,35896,downloaded,35896,
2026-07-17,NSE,BANKBEES,raw_l2/trade_date=2026-07-17/exchange=NSE/symbol=BANKBEES/part-051001_821659-011684.parquet,real_data_sample\l2_unseen_validation\trade_date=2026-07-17\exchange=NSE\symbol=BANKBEES\part-051001_821659-011684.parquet,35178,downloaded,35178,
2026-07-17,NSE,BANKBEES,raw_l2/trade_date=2026-07-17/exchange=NSE/symbol=BANKBEES/part-051111_056320-011844.parquet,real_data_sample\l2_unseen_validation\trade_date=2026-07-17\exchange=NSE\symbol=BANKBEES\part-051111_056320-011844.parquet,35316,downloaded,35316,
2026-07-17,NSE,BANKBEES,raw_l2/trade_date=2026-07-17/exchange=NSE/symbol=BANKBEES/part-050715_616604-011300.parquet,real_data_sample\l2_unseen_validation\trade_date=2026-07-17\exchange=NSE\symbol=BANKBEES\part-050715_616604-011300.parquet,35185,downloaded,35185,
2026-07-17,NSE,BANKBEES,raw_l2/trade_date=2026-07-17/exchange=NSE/symbol=BANKBEES/part-050838_820313-011492.parquet,real_data_sample\l2_unseen_validation\trade_date=2026-07-17\exchange=NSE\symbol=BANKBEES\part-050838_820313-011492.parquet,35265,downloaded,35265,
2026-07-17,NSE,BANKBEES,raw_l2/trade_date=2026-07-17/exchange=NSE/symbol=BANKBEES/part-050618_152652-011172.parquet,real_data_sample\l2_unseen_validation\trade_date=2026-07-17\exchange=NSE\symbol=BANKBEES\part-050618_152652-011172.parquet,35541,downloaded,35541,
2026-07-17,NSE,BANKBEES,raw_l2/trade_date=2026-07-17/exchange=NSE/symbol=BANKBEES/part-050508_092849-011012.parquet,real_data_sample\l2_unseen_validation\trade_date=2026-07-17\exchange=NSE\symbol=BANKBEES\part-050508_092849-011012.parquet,36018,downloaded,36018,
2026-07-17,NSE,BANKBEES,raw_l2/trade_date=2026-07-17/exchange=NSE/symbol=BANKBEES/part-050743_567258-011364.parquet,real_data_sample\l2_unseen_validation\trade_date=2026-07-17\exchange=NSE\symbol=BANKBEES\part-050743_567258-011364.parquet,35534,downloaded,35534,
2026-07-17,NSE,BANKBEES,raw_l2/trade_date=2026-07-17/exchange=NSE/symbol=BANKBEES/part-051015_818818-011716.parquet,real_data_sample\l2_unseen_validation\trade_date=2026-07-17\exchange=NSE\symbol=BANKBEES\part-051015_818818-011716.parquet,35207,downloaded,35207,
2026-07-17,NSE,BANKBEES,raw_l2/trade_date=2026-07-17/exchange=NSE/symbol=BANKBEES/part-050757_304547-011396.parquet,real_data_sample\l2_unseen_validation\trade_date=2026-07-17\exchange=NSE\symbol=BANKBEES\part-050757_304547-011396.parquet,35301,downloaded,35301,
2026-07-17,NSE,BANKBEES,raw_l2/trade_date=2026-07-17/exchange=NSE/symbol=BANKBEES/part-050825_056284-011460.parquet,real_data_sample\l2_unseen_validation\trade_date=2026-07-17\exchange=NSE\symbol=BANKBEES\part-050825_056284-011460.parquet,35503,downloaded,35503,
2026-07-17,NSE,BANKBEES,raw_l2/trade_date=2026-07-17/exchange=NSE/symbol=BANKBEES/part-050632_863275-011204.parquet,real_data_sample\l2_unseen_validation\trade_date=2026-07-17\exchange=NSE\symbol=BANKBEES\part-050632_863275-011204.parquet,35395,downloaded,35395,
2026-07-17,NSE,BANKBEES,raw_l2/trade_date=2026-07-17/exchange=NSE/symbol=BANKBEES/part-050701_574183-011268.parquet,real_data_sample\l2_unseen_validation\trade_date=2026-07-17\exchange=NSE\symbol=BANKBEES\part-050701_574183-011268.parquet,35316,downloaded,35316,
2026-07-17,NSE,BANKBEES,raw_l2/trade_date=2026-07-17/exchange=NSE/symbol=BANKBEES/part-050934_329570-011620.parquet,real_data_sample\l2_unseen_validation\trade_date=2026-07-17\exchange=NSE\symbol=BANKBEES\part-050934_329570-011620.parquet,35130,downloaded,35130,
2026-07-17,NSE,BANKBEES,raw_l2/trade_date=2026-07-17/exchange=NSE/symbol=BANKBEES/part-050729_796448-011332.parquet,real_data_sample\l2_unseen_validation\trade_date=2026-07-17\exchange=NSE\symbol=BANKBEES\part-050729_796448-011332.parquet,34946,downloaded,34946,
2026-07-17,NSE,BANKBEES,raw_l2/trade_date=2026-07-17/exchange=NSE/symbol=BANKBEES/part-050603_802603-011140.parquet,real_data_sample\l2_unseen_validation\trade_date=2026-07-17\exchange=NSE\symbol=BANKBEES\part-050603_802603-011140.parquet,35139,downloaded,35139,
2026-07-17,NSE,BANKBEES,raw_l2/trade_date=2026-07-17/exchange=NSE/symbol=BANKBEES/part-050647_492686-011236.parquet,real_data_sample\l2_unseen_validation\trade_date=2026-07-17\exchange=NSE\symbol=BANKBEES\part-050647_492686-011236.parquet,35101,downloaded,35101,
2026-07-17,NSE,BANKBEES,raw_l2/trade_date=2026-07-17/exchange=NSE/symbol=BANKBEES/part-050811_340167-011428.parquet,real_data_sample\l2_unseen_validation\trade_date=2026-07-17\exchange=NSE\symbol=BANKBEES\part-050811_340167-011428.parquet,35516,downloaded,35516,
2026-07-17,NSE,BANKBEES,raw_l2/trade_date=2026-07-17/exchange=NSE/symbol=BANKBEES/part-050920_293065-011588.parquet,real_data_sample\l2_unseen_validation\trade_date=2026-07-17\exchange=NSE\symbol=BANKBEES\part-050920_293065-011588.parquet,35084,downloaded,35084,
2026-07-17,NSE,BANKBEES,raw_l2/trade_date=2026-07-17/exchange=NSE/symbol=BANKBEES/part-051043_340828-011780.parquet,real_data_sample\l2_unseen_validation\trade_date=2026-07-17\exchange=NSE\symbol=BANKBEES\part-051043_340828-011780.parquet,35035,downloaded,35035,
2026-07-17,NSE,BANKBEES,raw_l2/trade_date=2026-07-17/exchange=NSE/symbol=BANKBEES/part-051057_049935-011812.parquet,real_data_sample\l2_unseen_validation\trade_date=2026-07-17\exchange=NSE\symbol=BANKBEES\part-051057_049935-011812.parquet,35100,downloaded,35100,
2026-07-17,NSE,BANKBEES,raw_l2/trade_date=2026-07-17/exchange=NSE/symbol=BANKBEES/part-050522_086438-011044.parquet,real_data_sample\l2_unseen_validation\trade_date=2026-07-17\exchange=NSE\symbol=BANKBEES\part-050522_086438-011044.parquet,35599,downloaded,35599,
2026-07-17,NSE,BANKBEES,raw_l2/trade_date=2026-07-17/exchange=NSE/symbol=BANKBEES/part-050536_051106-011076.parquet,real_data_sample\l2_unseen_validation\trade_date=2026-07-17\exchange=NSE\symbol=BANKBEES\part-050536_051106-011076.parquet,35119,downloaded,35119,
2026-07-17,NSE,BANKBEES,raw_l2/trade_date=2026-07-17/exchange=NSE/symbol=BANKBEES/part-050550_050514-011108.parquet,real_data_sample\l2_unseen_validation\trade_date=2026-07-17\exchange=NSE\symbol=BANKBEES\part-050550_050514-011108.parquet,35758,downloaded,35758,
2026-07-17,NSE,BANKBEES,raw_l2/trade_date=2026-07-17/exchange=NSE/symbol=BANKBEES/part-051139_123117-011908.parquet,real_data_sample\l2_unseen_validation\trade_date=2026-07-17\exchange=NSE\symbol=BANKBEES\part-051139_123117-011908.parquet,35172,downloaded,35172,
2026-07-17,NSE,BANKBEES,raw_l2/trade_date=2026-07-17/exchange=NSE/symbol=BANKBEES/part-051153_090948-011940.parquet,real_data_sample\l2_unseen_validation\trade_date=2026-07-17\exchange=NSE\symbol=BANKBEES\part-051153_090948-011940.parquet,35095,downloaded,35095,
2026-07-17,NSE,BANKBEES,raw_l2/trade_date=2026-07-17/exchange=NSE/symbol=BANKBEES/part-051207_092846-011972.parquet,real_data_sample\l2_unseen_validation\trade_date=2026-07-17\exchange=NSE\symbol=BANKBEES\part-051207_092846-011972.parquet,34879,downloaded,34879,
2026-07-17,NSE,BANKBEES,raw_l2/trade_date=2026-07-17/exchange=NSE/symbol=BANKBEES/part-051234_854066-012036.parquet,real_data_sample\l2_unseen_validation\trade_date=2026-07-17\exchange=NSE\symbol=BANKBEES\part-051234_854066-012036.parquet,34478,downloaded,34478,
2026-07-17,NSE,BANKBEES,raw_l2/trade_date=2026-07-17/exchange=NSE/symbol=BANKBEES/part-051221_077840-012004.parquet,real_data_sample\l2_unseen_validation\trade_date=2026-07-17\exchange=NSE\symbol=BANKBEES\part-051221_077840-012004.parquet,34394,downloaded,34394,
2026-07-17,NSE,BANKBEES,raw_l2/trade_date=2026-07-17/exchange=NSE/symbol=BANKBEES/part-051331_330496-012164.parquet,real_data_sample\l2_unseen_validation\trade_date=2026-07-17\exchange=NSE\symbol=BANKBEES\part-051331_330496-012164.parquet,34598,downloaded,34598,
2026-07-17,NSE,BANKBEES,raw_l2/trade_date=2026-07-17/exchange=NSE/symbol=BANKBEES/part-051302_805287-012100.parquet,real_data_sample\l2_unseen_validation\trade_date=2026-07-17\exchange=NSE\symbol=BANKBEES\part-051302_805287-012100.parquet,34525,downloaded,34525,
2026-07-17,NSE,BANKBEES,raw_l2/trade_date=2026-07-17/exchange=NSE/symbol=BANKBEES/part-051346_058909-012196.parquet,real_data_sample\l2_unseen_validation\trade_date=2026-07-17\exchange=NSE\symbol=BANKBEES\part-051346_058909-012196.parquet,34681,downloaded,34681,
2026-07-17,NSE,BANKBEES,raw_l2/trade_date=2026-07-17/exchange=NSE/symbol=BANKBEES/part-051248_803519-012068.parquet,real_data_sample\l2_unseen_validation\trade_date=2026-07-17\exchange=NSE\symbol=BANKBEES\part-051248_803519-012068.parquet,34411,downloaded,34411,
2026-07-17,NSE,BANKBEES,raw_l2/trade_date=2026-07-17/exchange=NSE/symbol=BANKBEES/part-051316_634312-012132.parquet,real_data_sample\l2_unseen_validation\trade_date=2026-07-17\exchange=NSE\symbol=BANKBEES\part-051316_634312-012132.parquet,34678,downloaded,34678,
2026-07-17,NSE,BANKBEES,raw_l2/trade_date=2026-07-17/exchange=NSE/symbol=BANKBEES/part-051512_593791-012388.parquet,real_data_sample\l2_unseen_validation\trade_date=2026-07-17\exchange=NSE\symbol=BANKBEES\part-051512_593791-012388.parquet,35001,downloaded,35001,
2026-07-17,NSE,BANKBEES,raw_l2/trade_date=2026-07-17/exchange=NSE/symbol=BANKBEES/part-051928_554385-012964.parquet,real_data_sample\l2_unseen_validation\trade_date=2026-07-17\exchange=NSE\symbol=BANKBEES\part-051928_554385-012964.parquet,34496,downloaded,34496,
2026-07-17,NSE,BANKBEES,raw_l2/trade_date=2026-07-17/exchange=NSE/symbol=BANKBEES/part-051914_555201-012932.parquet,real_data_sample\l2_unseen_validation\trade_date=2026-07-17\exchange=NSE\symbol=BANKBEES\part-051914_555201-012932.parquet,34592,downloaded,34592,
2026-07-17,NSE,BANKBEES,raw_l2/trade_date=2026-07-17/exchange=NSE/symbol=BANKBEES/part-051831_316554-012836.parquet,real_data_sample\l2_unseen_validation\trade_date=2026-07-17\exchange=NSE\symbol=BANKBEES\part-051831_316554-012836.parquet,34414,downloaded,34414,
2026-07-17,NSE,BANKBEES,raw_l2/trade_date=2026-07-17/exchange=NSE/symbol=BANKBEES/part-051458_791697-012356.parquet,real_data_sample\l2_unseen_validation\trade_date=2026-07-17\exchange=NSE\symbol=BANKBEES\part-051458_791697-012356.parquet,35499,downloaded,35499,
2026-07-17,NSE,BANKBEES,raw_l2/trade_date=2026-07-17/exchange=NSE/symbol=BANKBEES/part-051623_363658-012548.parquet,real_data_sample\l2_unseen_validation\trade_date=2026-07-17\exchange=NSE\symbol=BANKBEES\part-051623_363658-012548.parquet,34976,downloaded,34976,
2026-07-17,NSE,BANKBEES,raw_l2/trade_date=2026-07-17/exchange=NSE/symbol=BANKBEES/part-051651_815701-012612.parquet,real_data_sample\l2_unseen_validation\trade_date=2026-07-17\exchange=NSE\symbol=BANKBEES\part-051651_815701-012612.parquet,35091,downloaded,35091,
2026-07-17,NSE,BANKBEES,raw_l2/trade_date=2026-07-17/exchange=NSE/symbol=BANKBEES/part-051719_815978-012676.parquet,real_data_sample\l2_unseen_validation\trade_date=2026-07-17\exchange=NSE\symbol=BANKBEES\part-051719_815978-012676.parquet,35176,downloaded,35176,
2026-07-17,NSE,BANKBEES,raw_l2/trade_date=2026-07-17/exchange=NSE/symbol=BANKBEES/part-051444_809721-012324.parquet,real_data_sample\l2_unseen_validation\trade_date=2026-07-17\exchange=NSE\symbol=BANKBEES\part-051444_809721-012324.parquet,34900,downloaded,34900,
2026-07-17,NSE,BANKBEES,raw_l2/trade_date=2026-07-17/exchange=NSE/symbol=BANKBEES/part-051431_054029-012292.parquet,real_data_sample\l2_unseen_validation\trade_date=2026-07-17\exchange=NSE\symbol=BANKBEES\part-051431_054029-012292.parquet,35035,downloaded,35035,
2026-07-17,NSE,BANKBEES,raw_l2/trade_date=2026-07-17/exchange=NSE/symbol=BANKBEES/part-051401_433976-012228.parquet,real_data_sample\l2_unseen_validation\trade_date=2026-07-17\exchange=NSE\symbol=BANKBEES\part-051401_433976-012228.parquet,34485,downloaded,34485,
2026-07-17,NSE,BANKBEES,raw_l2/trade_date=2026-07-17/exchange=NSE/symbol=BANKBEES/part-051608_856974-012516.parquet,real_data_sample\l2_unseen_validation\trade_date=2026-07-17\exchange=NSE\symbol=BANKBEES\part-051608_856974-012516.parquet,34884,downloaded,34884,
2026-07-17,NSE,BANKBEES,raw_l2/trade_date=2026-07-17/exchange=NSE/symbol=BANKBEES/part-051526_290071-012420.parquet,real_data_sample\l2_unseen_validation\trade_date=2026-07-17\exchange=NSE\symbol=BANKBEES\part-051526_290071-012420.parquet,35118,downloaded,35118,
2026-07-17,NSE,BANKBEES,raw_l2/trade_date=2026-07-17/exchange=NSE/symbol=BANKBEES/part-051900_316502-012900.parquet,real_data_sample\l2_unseen_validation\trade_date=2026-07-17\exchange=NSE\symbol=BANKBEES\part-051900_316502-012900.parquet,34628,downloaded,34628,
2026-07-17,NSE,BANKBEES,raw_l2/trade_date=2026-07-17/exchange=NSE/symbol=BANKBEES/part-051942_313224-012996.parquet,real_data_sample\l2_unseen_validation\trade_date=2026-07-17\exchange=NSE\symbol=BANKBEES\part-051942_313224-012996.parquet,34409,downloaded,34409,
2026-07-17,NSE,BANKBEES,raw_l2/trade_date=2026-07-17/exchange=NSE/symbol=BANKBEES/part-051845_350336-012868.parquet,real_data_sample\l2_unseen_validation\trade_date=2026-07-17\exchange=NSE\symbol=BANKBEES\part-051845_350336-012868.parquet,34515,downloaded,34515,
2026-07-17,NSE,BANKBEES,raw_l2/trade_date=2026-07-17/exchange=NSE/symbol=BANKBEES/part-051705_826715-012644.parquet,real_data_sample\l2_unseen_validation\trade_date=2026-07-17\exchange=NSE\symbol=BANKBEES\part-051705_826715-012644.parquet,35020,downloaded,35020,
2026-07-17,NSE,BANKBEES,raw_l2/trade_date=2026-07-17/exchange=NSE/symbol=BANKBEES/part-051554_338774-012484.parquet,real_data_sample\l2_unseen_validation\trade_date=2026-07-17\exchange=NSE\symbol=BANKBEES\part-051554_338774-012484.parquet,35118,downloaded,35118,
2026-07-17,NSE,BANKBEES,raw_l2/trade_date=2026-07-17/exchange=NSE/symbol=BANKBEES/part-051540_044495-012452.parquet,real_data_sample\l2_unseen_validation\trade_date=2026-07-17\exchange=NSE\symbol=BANKBEES\part-051540_044495-012452.parquet,35563,downloaded,35563,
2026-07-17,NSE,BANKBEES,raw_l2/trade_date=2026-07-17/exchange=NSE/symbol=BANKBEES/part-051415_831241-012260.parquet,real_data_sample\l2_unseen_validation\trade_date=2026-07-17\exchange=NSE\symbol=BANKBEES\part-051415_831241-012260.parquet,35177,downloaded,35177,
2026-07-17,NSE,BANKBEES,raw_l2/trade_date=2026-07-17/exchange=NSE/symbol=BANKBEES/part-051748_333710-012740.parquet,real_data_sample\l2_unseen_validation\trade_date=2026-07-17\exchange=NSE\symbol=BANKBEES\part-051748_333710-012740.parquet,34961,downloaded,34961,
2026-07-17,NSE,BANKBEES,raw_l2/trade_date=2026-07-17/exchange=NSE/symbol=BANKBEES/part-051637_391181-012580.parquet,real_data_sample\l2_unseen_validation\trade_date=2026-07-17\exchange=NSE\symbol=BANKBEES\part-051637_391181-012580.parquet,34869,downloaded,34869,
2026-07-17,NSE,BANKBEES,raw_l2/trade_date=2026-07-17/exchange=NSE/symbol=BANKBEES/part-051733_889493-012708.parquet,real_data_sample\l2_unseen_validation\trade_date=2026-07-17\exchange=NSE\symbol=BANKBEES\part-051733_889493-012708.parquet,35179,downloaded,35179,
2026-07-17,NSE,BANKBEES,raw_l2/trade_date=2026-07-17/exchange=NSE/symbol=BANKBEES/part-051956_318806-013028.parquet,real_data_sample\l2_unseen_validation\trade_date=2026-07-17\exchange=NSE\symbol=BANKBEES\part-051956_318806-013028.parquet,34486,downloaded,34486,
2026-07-17,NSE,BANKBEES,raw_l2/trade_date=2026-07-17/exchange=NSE/symbol=BANKBEES/part-051816_830659-012804.parquet,real_data_sample\l2_unseen_validation\trade_date=2026-07-17\exchange=NSE\symbol=BANKBEES\part-051816_830659-012804.parquet,34807,downloaded,34807,
2026-07-17,NSE,BANKBEES,raw_l2/trade_date=2026-07-17/exchange=NSE/symbol=BANKBEES/part-051802_825375-012772.parquet,real_data_sample\l2_unseen_validation\trade_date=2026-07-17\exchange=NSE\symbol=BANKBEES\part-051802_825375-012772.parquet,35292,downloaded,35292,
2026-07-17,NSE,BANKBEES,raw_l2/trade_date=2026-07-17/exchange=NSE/symbol=BANKBEES/part-052010_066652-013060.parquet,real_data_sample\l2_unseen_validation\trade_date=2026-07-17\exchange=NSE\symbol=BANKBEES\part-052010_066652-013060.parquet,34444,downloaded,34444,
2026-07-17,NSE,BANKBEES,raw_l2/trade_date=2026-07-17/exchange=NSE/symbol=BANKBEES/part-052037_553663-013124.parquet,real_data_sample\l2_unseen_validation\trade_date=2026-07-17\exchange=NSE\symbol=BANKBEES\part-052037_553663-013124.parquet,35091,downloaded,35091,
2026-07-17,NSE,BANKBEES,raw_l2/trade_date=2026-07-17/exchange=NSE/symbol=BANKBEES/part-052023_792453-013092.parquet,real_data_sample\l2_unseen_validation\trade_date=2026-07-17\exchange=NSE\symbol=BANKBEES\part-052023_792453-013092.parquet,34839,downloaded,34839,
2026-07-17,NSE,BANKBEES,raw_l2/trade_date=2026-07-17/exchange=NSE/symbol=BANKBEES/part-052119_073594-013220.parquet,real_data_sample\l2_unseen_validation\trade_date=2026-07-17\exchange=NSE\symbol=BANKBEES\part-052119_073594-013220.parquet,34502,downloaded,34502,
2026-07-17,NSE,BANKBEES,raw_l2/trade_date=2026-07-17/exchange=NSE/symbol=BANKBEES/part-052655_051928-013988.parquet,real_data_sample\l2_unseen_validation\trade_date=2026-07-17\exchange=NSE\symbol=BANKBEES\part-052655_051928-013988.parquet,35345,downloaded,35345,
2026-07-17,NSE,BANKBEES,raw_l2/trade_date=2026-07-17/exchange=NSE/symbol=BANKBEES/part-052448_551660-013700.parquet,real_data_sample\l2_unseen_validation\trade_date=2026-07-17\exchange=NSE\symbol=BANKBEES\part-052448_551660-013700.parquet,35235,downloaded,35235,
2026-07-17,NSE,BANKBEES,raw_l2/trade_date=2026-07-17/exchange=NSE/symbol=BANKBEES/part-052146_797526-013284.parquet,real_data_sample\l2_unseen_validation\trade_date=2026-07-17\exchange=NSE\symbol=BANKBEES\part-052146_797526-013284.parquet,34514,downloaded,34514,
2026-07-17,NSE,BANKBEES,raw_l2/trade_date=2026-07-17/exchange=NSE/symbol=BANKBEES/part-052640_819839-013956.parquet,real_data_sample\l2_unseen_validation\trade_date=2026-07-17\exchange=NSE\symbol=BANKBEES\part-052640_819839-013956.parquet,35034,downloaded,35034,
2026-07-17,NSE,BANKBEES,raw_l2/trade_date=2026-07-17/exchange=NSE/symbol=BANKBEES/part-052434_785822-013668.parquet,real_data_sample\l2_unseen_validation\trade_date=2026-07-17\exchange=NSE\symbol=BANKBEES\part-052434_785822-013668.parquet,35321,downloaded,35321,
2026-07-17,NSE,BANKBEES,raw_l2/trade_date=2026-07-17/exchange=NSE/symbol=BANKBEES/part-052242_811199-013412.parquet,real_data_sample\l2_unseen_validation\trade_date=2026-07-17\exchange=NSE\symbol=BANKBEES\part-052242_811199-013412.parquet,34596,downloaded,34596,
2026-07-17,NSE,BANKBEES,raw_l2/trade_date=2026-07-17/exchange=NSE/symbol=BANKBEES/part-052502_560076-013732.parquet,real_data_sample\l2_unseen_validation\trade_date=2026-07-17\exchange=NSE\symbol=BANKBEES\part-052502_560076-013732.parquet,35569,downloaded,35569,
2026-07-17,NSE,BANKBEES,raw_l2/trade_date=2026-07-17/exchange=NSE/symbol=BANKBEES/part-052310_810518-013476.parquet,real_data_sample\l2_unseen_validation\trade_date=2026-07-17\exchange=NSE\symbol=BANKBEES\part-052310_810518-013476.parquet,34524,downloaded,34524,
2026-07-17,NSE,BANKBEES,raw_l2/trade_date=2026-07-17/exchange=NSE/symbol=BANKBEES/part-052420_811887-013636.parquet,real_data_sample\l2_unseen_validation\trade_date=2026-07-17\exchange=NSE\symbol=BANKBEES\part-052420_811887-013636.parquet,35188,downloaded,35188,
2026-07-17,NSE,BANKBEES,raw_l2/trade_date=2026-07-17/exchange=NSE/symbol=BANKBEES/part-052132_841423-013252.parquet,real_data_sample\l2_unseen_validation\trade_date=2026-07-17\exchange=NSE\symbol=BANKBEES\part-052132_841423-013252.parquet,34448,downloaded,34448,
2026-07-17,NSE,BANKBEES,raw_l2/trade_date=2026-07-17/exchange=NSE/symbol=BANKBEES/part-052214_812698-013348.parquet,real_data_sample\l2_unseen_validation\trade_date=2026-07-17\exchange=NSE\symbol=BANKBEES\part-052214_812698-013348.parquet,34415,downloaded,34415,
2026-07-17,NSE,BANKBEES,raw_l2/trade_date=2026-07-17/exchange=NSE/symbol=BANKBEES/part-052105_051950-013188.parquet,real_data_sample\l2_unseen_validation\trade_date=2026-07-17\exchange=NSE\symbol=BANKBEES\part-052105_051950-013188.parquet,35044,downloaded,35044,
2026-07-17,NSE,BANKBEES,raw_l2/trade_date=2026-07-17/exchange=NSE/symbol=BANKBEES/part-052228_826491-013380.parquet,real_data_sample\l2_unseen_validation\trade_date=2026-07-17\exchange=NSE\symbol=BANKBEES\part-052228_826491-013380.parquet,34425,downloaded,34425,
2026-07-17,NSE,BANKBEES,raw_l2/trade_date=2026-07-17/exchange=NSE/symbol=BANKBEES/part-052200_828834-013316.parquet,real_data_sample\l2_unseen_validation\trade_date=2026-07-17\exchange=NSE\symbol=BANKBEES\part-052200_828834-013316.parquet,34347,downloaded,34347,
2026-07-17,NSE,BANKBEES,raw_l2/trade_date=2026-07-17/exchange=NSE/symbol=BANKBEES/part-052256_815998-013444.parquet,real_data_sample\l2_unseen_validation\trade_date=2026-07-17\exchange=NSE\symbol=BANKBEES\part-052256_815998-013444.parquet,34688,downloaded,34688,
2026-07-17,NSE,BANKBEES,raw_l2/trade_date=2026-07-17/exchange=NSE/symbol=BANKBEES/part-052051_306900-013156.parquet,real_data_sample\l2_unseen_validation\trade_date=2026-07-17\exchange=NSE\symbol=BANKBEES\part-052051_306900-013156.parquet,34634,downloaded,34634,
2026-07-17,NSE,BANKBEES,raw_l2/trade_date=2026-07-17/exchange=NSE/symbol=BANKBEES/part-052737_077857-014084.parquet,real_data_sample\l2_unseen_validation\trade_date=2026-07-17\exchange=NSE\symbol=BANKBEES\part-052737_077857-014084.parquet,34969,downloaded,34969,
2026-07-17,NSE,BANKBEES,raw_l2/trade_date=2026-07-17/exchange=NSE/symbol=BANKBEES/part-052626_817182-013924.parquet,real_data_sample\l2_unseen_validation\trade_date=2026-07-17\exchange=NSE\symbol=BANKBEES\part-052626_817182-013924.parquet,35085,downloaded,35085,
2026-07-17,NSE,BANKBEES,raw_l2/trade_date=2026-07-17/exchange=NSE/symbol=BANKBEES/part-052709_121667-014020.parquet,real_data_sample\l2_unseen_validation\trade_date=2026-07-17\exchange=NSE\symbol=BANKBEES\part-052709_121667-014020.parquet,35036,downloaded,35036,
2026-07-17,NSE,BANKBEES,raw_l2/trade_date=2026-07-17/exchange=NSE/symbol=BANKBEES/part-052558_367770-013860.parquet,real_data_sample\l2_unseen_validation\trade_date=2026-07-17\exchange=NSE\symbol=BANKBEES\part-052558_367770-013860.parquet,35706,downloaded,35706,
2026-07-17,NSE,BANKBEES,raw_l2/trade_date=2026-07-17/exchange=NSE/symbol=BANKBEES/part-052406_828833-013604.parquet,real_data_sample\l2_unseen_validation\trade_date=2026-07-17\exchange=NSE\symbol=BANKBEES\part-052406_828833-013604.parquet,34686,downloaded,34686,
2026-07-17,NSE,BANKBEES,raw_l2/trade_date=2026-07-17/exchange=NSE/symbol=BANKBEES/part-052324_817789-013508.parquet,real_data_sample\l2_unseen_validation\trade_date=2026-07-17\exchange=NSE\symbol=BANKBEES\part-052324_817789-013508.parquet,34687,downloaded,34687,
2026-07-17,NSE,BANKBEES,raw_l2/trade_date=2026-07-17/exchange=NSE/symbol=BANKBEES/part-052612_571683-013892.parquet,real_data_sample\l2_unseen_validation\trade_date=2026-07-17\exchange=NSE\symbol=BANKBEES\part-052612_571683-013892.parquet,35081,downloaded,35081,
2026-07-17,NSE,BANKBEES,raw_l2/trade_date=2026-07-17/exchange=NSE/symbol=BANKBEES/part-052516_358413-013764.parquet,real_data_sample\l2_unseen_validation\trade_date=2026-07-17\exchange=NSE\symbol=BANKBEES\part-052516_358413-013764.parquet,35573,downloaded,35573,
2026-07-17,NSE,BANKBEES,raw_l2/trade_date=2026-07-17/exchange=NSE/symbol=BANKBEES/part-052352_799683-013572.parquet,real_data_sample\l2_unseen_validation\trade_date=2026-07-17\exchange=NSE\symbol=BANKBEES\part-052352_799683-013572.parquet,34718,downloaded,34718,
2026-07-17,NSE,BANKBEES,raw_l2/trade_date=2026-07-17/exchange=NSE/symbol=BANKBEES/part-052544_337489-013828.parquet,real_data_sample\l2_unseen_validation\trade_date=2026-07-17\exchange=NSE\symbol=BANKBEES\part-052544_337489-013828.parquet,35772,downloaded,35772,
2026-07-17,NSE,BANKBEES,raw_l2/trade_date=2026-07-17/exchange=NSE/symbol=BANKBEES/part-052751_076873-014116.parquet,real_data_sample\l2_unseen_validation\trade_date=2026-07-17\exchange=NSE\symbol=BANKBEES\part-052751_076873-014116.parquet,34982,downloaded,34982,
2026-07-17,NSE,BANKBEES,raw_l2/trade_date=2026-07-17/exchange=NSE/symbol=BANKBEES/part-052530_076144-013796.parquet,real_data_sample\l2_unseen_validation\trade_date=2026-07-17\exchange=NSE\symbol=BANKBEES\part-052530_076144-013796.parquet,35335,downloaded,35335,
2026-07-17,NSE,BANKBEES,raw_l2/trade_date=2026-07-17/exchange=NSE/symbol=BANKBEES/part-052723_171854-014052.parquet,real_data_sample\l2_unseen_validation\trade_date=2026-07-17\exchange=NSE\symbol=BANKBEES\part-052723_171854-014052.parquet,34954,downloaded,34954,
2026-07-17,NSE,BANKBEES,raw_l2/trade_date=2026-07-17/exchange=NSE/symbol=BANKBEES/part-052338_804369-013540.parquet,real_data_sample\l2_unseen_validation\trade_date=2026-07-17\exchange=NSE\symbol=BANKBEES\part-052338_804369-013540.parquet,34635,downloaded,34635,
2026-07-17,NSE,BANKBEES,raw_l2/trade_date=2026-07-17/exchange=NSE/symbol=BANKBEES/part-052804_840783-014148.parquet,real_data_sample\l2_unseen_validation\trade_date=2026-07-17\exchange=NSE\symbol=BANKBEES\part-052804_840783-014148.parquet,34912,downloaded,34912,
2026-07-17,NSE,BANKBEES,raw_l2/trade_date=2026-07-17/exchange=NSE/symbol=BANKBEES/part-052847_109186-014244.parquet,real_data_sample\l2_unseen_validation\trade_date=2026-07-17\exchange=NSE\symbol=BANKBEES\part-052847_109186-014244.parquet,34487,downloaded,34487,
2026-07-17,NSE,BANKBEES,raw_l2/trade_date=2026-07-17/exchange=NSE/symbol=BANKBEES/part-052833_079968-014212.parquet,real_data_sample\l2_unseen_validation\trade_date=2026-07-17\exchange=NSE\symbol=BANKBEES\part-052833_079968-014212.parquet,34566,downloaded,34566,
2026-07-17,NSE,BANKBEES,raw_l2/trade_date=2026-07-17/exchange=NSE/symbol=BANKBEES/part-052818_838015-014180.parquet,real_data_sample\l2_unseen_validation\trade_date=2026-07-17\exchange=NSE\symbol=BANKBEES\part-052818_838015-014180.parquet,34771,downloaded,34771,
2026-07-17,NSE,BANKBEES,raw_l2/trade_date=2026-07-17/exchange=NSE/symbol=BANKBEES/part-052901_605640-014276.parquet,real_data_sample\l2_unseen_validation\trade_date=2026-07-17\exchange=NSE\symbol=BANKBEES\part-052901_605640-014276.parquet,34466,downloaded,34466,
2026-07-17,NSE,BANKBEES,raw_l2/trade_date=2026-07-17/exchange=NSE/symbol=BANKBEES/part-052915_610810-014308.parquet,real_data_sample\l2_unseen_validation\trade_date=2026-07-17\exchange=NSE\symbol=BANKBEES\part-052915_610810-014308.parquet,34784,downloaded,34784,
2026-07-17,NSE,BANKBEES,raw_l2/trade_date=2026-07-17/exchange=NSE/symbol=BANKBEES/part-052929_586729-014340.parquet,real_data_sample\l2_unseen_validation\trade_date=2026-07-17\exchange=NSE\symbol=BANKBEES\part-052929_586729-014340.parquet,34472,downloaded,34472,
2026-07-17,NSE,BANKBEES,raw_l2/trade_date=2026-07-17/exchange=NSE/symbol=BANKBEES/part-052943_582058-014372.parquet,real_data_sample\l2_unseen_validation\trade_date=2026-07-17\exchange=NSE\symbol=BANKBEES\part-052943_582058-014372.parquet,34650,downloaded,34650,
2026-07-17,NSE,BANKBEES,raw_l2/trade_date=2026-07-17/exchange=NSE/symbol=BANKBEES/part-053631_337365-015300.parquet,real_data_sample\l2_unseen_validation\trade_date=2026-07-17\exchange=NSE\symbol=BANKBEES\part-053631_337365-015300.parquet,35271,downloaded,35271,
2026-07-17,NSE,BANKBEES,raw_l2/trade_date=2026-07-17/exchange=NSE/symbol=BANKBEES/part-053138_076165-014628.parquet,real_data_sample\l2_unseen_validation\trade_date=2026-07-17\exchange=NSE\symbol=BANKBEES\part-053138_076165-014628.parquet,34907,downloaded,34907,
2026-07-17,NSE,BANKBEES,raw_l2/trade_date=2026-07-17/exchange=NSE/symbol=BANKBEES/part-053535_573776-015172.parquet,real_data_sample\l2_unseen_validation\trade_date=2026-07-17\exchange=NSE\symbol=BANKBEES\part-053535_573776-015172.parquet,35378,downloaded,35378,
2026-07-17,NSE,BANKBEES,raw_l2/trade_date=2026-07-17/exchange=NSE/symbol=BANKBEES/part-053027_350643-014468.parquet,real_data_sample\l2_unseen_validation\trade_date=2026-07-17\exchange=NSE\symbol=BANKBEES\part-053027_350643-014468.parquet,35653,downloaded,35653,
2026-07-17,NSE,BANKBEES,raw_l2/trade_date=2026-07-17/exchange=NSE/symbol=BANKBEES/part-053440_047009-015044.parquet,real_data_sample\l2_unseen_validation\trade_date=2026-07-17\exchange=NSE\symbol=BANKBEES\part-053440_047009-015044.parquet,35129,downloaded,35129,
2026-07-17,NSE,BANKBEES,raw_l2/trade_date=2026-07-17/exchange=NSE/symbol=BANKBEES/part-053041_074151-014500.parquet,real_data_sample\l2_unseen_validation\trade_date=2026-07-17\exchange=NSE\symbol=BANKBEES\part-053041_074151-014500.parquet,35507,downloaded,35507,
2026-07-17,NSE,BANKBEES,raw_l2/trade_date=2026-07-17/exchange=NSE/symbol=BANKBEES/part-053123_902430-014596.parquet,real_data_sample\l2_unseen_validation\trade_date=2026-07-17\exchange=NSE\symbol=BANKBEES\part-053123_902430-014596.parquet,34791,downloaded,34791,
2026-07-17,NSE,BANKBEES,raw_l2/trade_date=2026-07-17/exchange=NSE/symbol=BANKBEES/part-053220_071057-014724.parquet,real_data_sample\l2_unseen_validation\trade_date=2026-07-17\exchange=NSE\symbol=BANKBEES\part-053220_071057-014724.parquet,34875,downloaded,34875,
2026-07-17,NSE,BANKBEES,raw_l2/trade_date=2026-07-17/exchange=NSE/symbol=BANKBEES/part-053151_819292-014660.parquet,real_data_sample\l2_unseen_validation\trade_date=2026-07-17\exchange=NSE\symbol=BANKBEES\part-053151_819292-014660.parquet,35188,downloaded,35188,
2026-07-17,NSE,BANKBEES,raw_l2/trade_date=2026-07-17/exchange=NSE/symbol=BANKBEES/part-053011_834457-014436.parquet,real_data_sample\l2_unseen_validation\trade_date=2026-07-17\exchange=NSE\symbol=BANKBEES\part-053011_834457-014436.parquet,34897,downloaded,34897,
2026-07-17,NSE,BANKBEES,raw_l2/trade_date=2026-07-17/exchange=NSE/symbol=BANKBEES/part-053549_346600-015204.parquet,real_data_sample\l2_unseen_validation\trade_date=2026-07-17\exchange=NSE\symbol=BANKBEES\part-053549_346600-015204.parquet,35056,downloaded,35056,
2026-07-17,NSE,BANKBEES,raw_l2/trade_date=2026-07-17/exchange=NSE/symbol=BANKBEES/part-053412_303116-014980.parquet,real_data_sample\l2_unseen_validation\trade_date=2026-07-17\exchange=NSE\symbol=BANKBEES\part-053412_303116-014980.parquet,35067,downloaded,35067,
2026-07-17,NSE,BANKBEES,raw_l2/trade_date=2026-07-17/exchange=NSE/symbol=BANKBEES/part-052957_603821-014404.parquet,real_data_sample\l2_unseen_validation\trade_date=2026-07-17\exchange=NSE\symbol=BANKBEES\part-052957_603821-014404.parquet,34570,downloaded,34570,
2026-07-17,NSE,BANKBEES,raw_l2/trade_date=2026-07-17/exchange=NSE/symbol=BANKBEES/part-053603_053743-015236.parquet,real_data_sample\l2_unseen_validation\trade_date=2026-07-17\exchange=NSE\symbol=BANKBEES\part-053603_053743-015236.parquet,35072,downloaded,35072,
2026-07-17,NSE,BANKBEES,raw_l2/trade_date=2026-07-17/exchange=NSE/symbol=BANKBEES/part-053344_315086-014916.parquet,real_data_sample\l2_unseen_validation\trade_date=2026-07-17\exchange=NSE\symbol=BANKBEES\part-053344_315086-014916.parquet,35245,downloaded,35245,
2026-07-17,NSE,BANKBEES,raw_l2/trade_date=2026-07-17/exchange=NSE/symbol=BANKBEES/part-053358_102445-014948.parquet,real_data_sample\l2_unseen_validation\trade_date=2026-07-17\exchange=NSE\symbol=BANKBEES\part-053358_102445-014948.parquet,35026,downloaded,35026,
2026-07-17,NSE,BANKBEES,raw_l2/trade_date=2026-07-17/exchange=NSE/symbol=BANKBEES/part-053055_127401-014532.parquet,real_data_sample\l2_unseen_validation\trade_date=2026-07-17\exchange=NSE\symbol=BANKBEES\part-053055_127401-014532.parquet,35520,downloaded,35520,
2026-07-17,NSE,BANKBEES,raw_l2/trade_date=2026-07-17/exchange=NSE/symbol=BANKBEES/part-053330_336872-014884.parquet,real_data_sample\l2_unseen_validation\trade_date=2026-07-17\exchange=NSE\symbol=BANKBEES\part-053330_336872-014884.parquet,35617,downloaded,35617,
2026-07-17,NSE,BANKBEES,raw_l2/trade_date=2026-07-17/exchange=NSE/symbol=BANKBEES/part-053205_862199-014692.parquet,real_data_sample\l2_unseen_validation\trade_date=2026-07-17\exchange=NSE\symbol=BANKBEES\part-053205_862199-014692.parquet,34984,downloaded,34984,
2026-07-17,NSE,BANKBEES,raw_l2/trade_date=2026-07-17/exchange=NSE/symbol=BANKBEES/part-053617_047820-015268.parquet,real_data_sample\l2_unseen_validation\trade_date=2026-07-17\exchange=NSE\symbol=BANKBEES\part-053617_047820-015268.parquet,35063,downloaded,35063,
2026-07-17,NSE,BANKBEES,raw_l2/trade_date=2026-07-17/exchange=NSE/symbol=BANKBEES/part-053521_568484-015140.parquet,real_data_sample\l2_unseen_validation\trade_date=2026-07-17\exchange=NSE\symbol=BANKBEES\part-053521_568484-015140.parquet,35329,downloaded,35329,
2026-07-17,NSE,BANKBEES,raw_l2/trade_date=2026-07-17/exchange=NSE/symbol=BANKBEES/part-053248_070142-014788.parquet,real_data_sample\l2_unseen_validation\trade_date=2026-07-17\exchange=NSE\symbol=BANKBEES\part-053248_070142-014788.parquet,34503,downloaded,34503,
2026-07-17,NSE,BANKBEES,raw_l2/trade_date=2026-07-17/exchange=NSE/symbol=BANKBEES/part-053426_326422-015012.parquet,real_data_sample\l2_unseen_validation\trade_date=2026-07-17\exchange=NSE\symbol=BANKBEES\part-053426_326422-015012.parquet,35256,downloaded,35256,
2026-07-17,NSE,BANKBEES,raw_l2/trade_date=2026-07-17/exchange=NSE/symbol=BANKBEES/part-053109_130760-014564.parquet,real_data_sample\l2_unseen_validation\trade_date=2026-07-17\exchange=NSE\symbol=BANKBEES\part-053109_130760-014564.parquet,35241,downloaded,35241,
2026-07-17,NSE,BANKBEES,raw_l2/trade_date=2026-07-17/exchange=NSE/symbol=BANKBEES/part-053302_170365-014820.parquet,real_data_sample\l2_unseen_validation\trade_date=2026-07-17\exchange=NSE\symbol=BANKBEES\part-053302_170365-014820.parquet,34552,downloaded,34552,
2026-07-17,NSE,BANKBEES,raw_l2/trade_date=2026-07-17/exchange=NSE/symbol=BANKBEES/part-053316_132839-014852.parquet,real_data_sample\l2_unseen_validation\trade_date=2026-07-17\exchange=NSE\symbol=BANKBEES\part-053316_132839-014852.parquet,34948,downloaded,34948,
2026-07-17,NSE,BANKBEES,raw_l2/trade_date=2026-07-17/exchange=NSE/symbol=BANKBEES/part-053234_100562-014756.parquet,real_data_sample\l2_unseen_validation\trade_date=2026-07-17\exchange=NSE\symbol=BANKBEES\part-053234_100562-014756.parquet,34619,downloaded,34619,
2026-07-17,NSE,BANKBEES,raw_l2/trade_date=2026-07-17/exchange=NSE/symbol=BANKBEES/part-053453_795844-015076.parquet,real_data_sample\l2_unseen_validation\trade_date=2026-07-17\exchange=NSE\symbol=BANKBEES\part-053453_795844-015076.parquet,35247,downloaded,35247,
2026-07-17,NSE,BANKBEES,raw_l2/trade_date=2026-07-17/exchange=NSE/symbol=BANKBEES/part-053507_553618-015108.parquet,real_data_sample\l2_unseen_validation\trade_date=2026-07-17\exchange=NSE\symbol=BANKBEES\part-053507_553618-015108.parquet,35237,downloaded,35237,
2026-07-17,NSE,BANKBEES,raw_l2/trade_date=2026-07-17/exchange=NSE/symbol=BANKBEES/part-053645_317092-015332.parquet,real_data_sample\l2_unseen_validation\trade_date=2026-07-17\exchange=NSE\symbol=BANKBEES\part-053645_317092-015332.parquet,35486,downloaded,35486,
2026-07-17,NSE,BANKBEES,raw_l2/trade_date=2026-07-17/exchange=NSE/symbol=BANKBEES/part-053659_082703-015364.parquet,real_data_sample\l2_unseen_validation\trade_date=2026-07-17\exchange=NSE\symbol=BANKBEES\part-053659_082703-015364.parquet,35558,downloaded,35558,
2026-07-17,NSE,BANKBEES,raw_l2/trade_date=2026-07-17/exchange=NSE/symbol=BANKBEES/part-053727_069787-015428.parquet,real_data_sample\l2_unseen_validation\trade_date=2026-07-17\exchange=NSE\symbol=BANKBEES\part-053727_069787-015428.parquet,34630,downloaded,34630,
2026-07-17,NSE,BANKBEES,raw_l2/trade_date=2026-07-17/exchange=NSE/symbol=BANKBEES/part-053740_869455-015460.parquet,real_data_sample\l2_unseen_validation\trade_date=2026-07-17\exchange=NSE\symbol=BANKBEES\part-053740_869455-015460.parquet,34603,downloaded,34603,
2026-07-17,NSE,BANKBEES,raw_l2/trade_date=2026-07-17/exchange=NSE/symbol=BANKBEES/part-053946_336910-015748.parquet,real_data_sample\l2_unseen_validation\trade_date=2026-07-17\exchange=NSE\symbol=BANKBEES\part-053946_336910-015748.parquet,35038,downloaded,35038,
2026-07-17,NSE,BANKBEES,raw_l2/trade_date=2026-07-17/exchange=NSE/symbol=BANKBEES/part-054028_317606-015844.parquet,real_data_sample\l2_unseen_validation\trade_date=2026-07-17\exchange=NSE\symbol=BANKBEES\part-054028_317606-015844.parquet,34476,downloaded,34476,
2026-07-17,NSE,BANKBEES,raw_l2/trade_date=2026-07-17/exchange=NSE/symbol=BANKBEES/part-053850_833072-015620.parquet,real_data_sample\l2_unseen_validation\trade_date=2026-07-17\exchange=NSE\symbol=BANKBEES\part-053850_833072-015620.parquet,35376,downloaded,35376,
2026-07-17,NSE,BANKBEES,raw_l2/trade_date=2026-07-17/exchange=NSE/symbol=BANKBEES/part-053836_836110-015588.parquet,real_data_sample\l2_unseen_validation\trade_date=2026-07-17\exchange=NSE\symbol=BANKBEES\part-053836_836110-015588.parquet,35139,downloaded,35139,
2026-07-17,NSE,BANKBEES,raw_l2/trade_date=2026-07-17/exchange=NSE/symbol=BANKBEES/part-053932_571100-015716.parquet,real_data_sample\l2_unseen_validation\trade_date=2026-07-17\exchange=NSE\symbol=BANKBEES\part-053932_571100-015716.parquet,35348,downloaded,35348,
2026-07-17,NSE,BANKBEES,raw_l2/trade_date=2026-07-17/exchange=NSE/symbol=BANKBEES/part-053822_587707-015556.parquet,real_data_sample\l2_unseen_validation\trade_date=2026-07-17\exchange=NSE\symbol=BANKBEES\part-053822_587707-015556.parquet,35056,downloaded,35056,
2026-07-17,NSE,BANKBEES,raw_l2/trade_date=2026-07-17/exchange=NSE/symbol=BANKBEES/part-053713_082198-015396.parquet,real_data_sample\l2_unseen_validation\trade_date=2026-07-17\exchange=NSE\symbol=BANKBEES\part-053713_082198-015396.parquet,35235,downloaded,35235,
2026-07-17,NSE,BANKBEES,raw_l2/trade_date=2026-07-17/exchange=NSE/symbol=BANKBEES/part-054014_303988-015812.parquet,real_data_sample\l2_unseen_validation\trade_date=2026-07-17\exchange=NSE\symbol=BANKBEES\part-054014_303988-015812.parquet,35071,downloaded,35071,
2026-07-17,NSE,BANKBEES,raw_l2/trade_date=2026-07-17/exchange=NSE/symbol=BANKBEES/part-053904_603076-015652.parquet,real_data_sample\l2_unseen_validation\trade_date=2026-07-17\exchange=NSE\symbol=BANKBEES\part-053904_603076-015652.parquet,35345,downloaded,35345,
2026-07-17,NSE,BANKBEES,raw_l2/trade_date=2026-07-17/exchange=NSE/symbol=BANKBEES/part-053808_573983-015524.parquet,real_data_sample\l2_unseen_validation\trade_date=2026-07-17\exchange=NSE\symbol=BANKBEES\part-053808_573983-015524.parquet,34563,downloaded,34563,
2026-07-17,NSE,BANKBEES,raw_l2/trade_date=2026-07-17/exchange=NSE/symbol=BANKBEES/part-053754_813568-015492.parquet,real_data_sample\l2_unseen_validation\trade_date=2026-07-17\exchange=NSE\symbol=BANKBEES\part-053754_813568-015492.parquet,34663,downloaded,34663,
2026-07-17,NSE,BANKBEES,raw_l2/trade_date=2026-07-17/exchange=NSE/symbol=BANKBEES/part-053918_380541-015684.parquet,real_data_sample\l2_unseen_validation\trade_date=2026-07-17\exchange=NSE\symbol=BANKBEES\part-053918_380541-015684.parquet,34836,downloaded,34836,
2026-07-17,NSE,BANKBEES,raw_l2/trade_date=2026-07-17/exchange=NSE/symbol=BANKBEES/part-054000_323637-015780.parquet,real_data_sample\l2_unseen_validation\trade_date=2026-07-17\exchange=NSE\symbol=BANKBEES\part-054000_323637-015780.parquet,34733,downloaded,34733,
2026-07-17,NSE,BANKBEES,raw_l2/trade_date=2026-07-17/exchange=NSE/symbol=BANKBEES/part-054123_833351-015972.parquet,real_data_sample\l2_unseen_validation\trade_date=2026-07-17\exchange=NSE\symbol=BANKBEES\part-054123_833351-015972.parquet,36008,downloaded,36008,
2026-07-17,NSE,BANKBEES,raw_l2/trade_date=2026-07-17/exchange=NSE/symbol=BANKBEES/part-054137_556430-016004.parquet,real_data_sample\l2_unseen_validation\trade_date=2026-07-17\exchange=NSE\symbol=BANKBEES\part-054137_556430-016004.parquet,35588,downloaded,35588,
2026-07-17,NSE,BANKBEES,raw_l2/trade_date=2026-07-17/exchange=NSE/symbol=BANKBEES/part-054042_116001-015876.parquet,real_data_sample\l2_unseen_validation\trade_date=2026-07-17\exchange=NSE\symbol=BANKBEES\part-054042_116001-015876.parquet,34656,downloaded,34656,
2026-07-17,NSE,BANKBEES,raw_l2/trade_date=2026-07-17/exchange=NSE/symbol=BANKBEES/part-054247_080894-016164.parquet,real_data_sample\l2_unseen_validation\trade_date=2026-07-17\exchange=NSE\symbol=BANKBEES\part-054247_080894-016164.parquet,35409,downloaded,35409,
2026-07-17,NSE,BANKBEES,raw_l2/trade_date=2026-07-17/exchange=NSE/symbol=BANKBEES/part-054110_052697-015940.parquet,real_data_sample\l2_unseen_validation\trade_date=2026-07-17\exchange=NSE\symbol=BANKBEES\part-054110_052697-015940.parquet,34607,downloaded,34607,
2026-07-17,NSE,BANKBEES,raw_l2/trade_date=2026-07-17/exchange=NSE/symbol=BANKBEES/part-054056_086554-015908.parquet,real_data_sample\l2_unseen_validation\trade_date=2026-07-17\exchange=NSE\symbol=BANKBEES\part-054056_086554-015908.parquet,34728,downloaded,34728,
2026-07-17,NSE,BANKBEES,raw_l2/trade_date=2026-07-17/exchange=NSE/symbol=BANKBEES/part-054315_065872-016228.parquet,real_data_sample\l2_unseen_validation\trade_date=2026-07-17\exchange=NSE\symbol=BANKBEES\part-054315_065872-016228.parquet,35351,downloaded,35351,
2026-07-17,NSE,BANKBEES,raw_l2/trade_date=2026-07-17/exchange=NSE/symbol=BANKBEES/part-054410_589637-016356.parquet,real_data_sample\l2_unseen_validation\trade_date=2026-07-17\exchange=NSE\symbol=BANKBEES\part-054410_589637-016356.parquet,35369,downloaded,35369,
2026-07-17,NSE,BANKBEES,raw_l2/trade_date=2026-07-17/exchange=NSE/symbol=BANKBEES/part-054151_308699-016036.parquet,real_data_sample\l2_unseen_validation\trade_date=2026-07-17\exchange=NSE\symbol=BANKBEES\part-054151_308699-016036.parquet,35471,downloaded,35471,
2026-07-17,NSE,BANKBEES,raw_l2/trade_date=2026-07-17/exchange=NSE/symbol=BANKBEES/part-054301_089163-016196.parquet,real_data_sample\l2_unseen_validation\trade_date=2026-07-17\exchange=NSE\symbol=BANKBEES\part-054301_089163-016196.parquet,35299,downloaded,35299,
2026-07-17,NSE,BANKBEES,raw_l2/trade_date=2026-07-17/exchange=NSE/symbol=BANKBEES/part-054424_552198-016388.parquet,real_data_sample\l2_unseen_validation\trade_date=2026-07-17\exchange=NSE\symbol=BANKBEES\part-054424_552198-016388.parquet,34570,downloaded,34570,
2026-07-17,NSE,BANKBEES,raw_l2/trade_date=2026-07-17/exchange=NSE/symbol=BANKBEES/part-054233_037633-016132.parquet,real_data_sample\l2_unseen_validation\trade_date=2026-07-17\exchange=NSE\symbol=BANKBEES\part-054233_037633-016132.parquet,35150,downloaded,35150,
2026-07-17,NSE,BANKBEES,raw_l2/trade_date=2026-07-17/exchange=NSE/symbol=BANKBEES/part-054328_806064-016260.parquet,real_data_sample\l2_unseen_validation\trade_date=2026-07-17\exchange=NSE\symbol=BANKBEES\part-054328_806064-016260.parquet,35067,downloaded,35067,
2026-07-17,NSE,BANKBEES,raw_l2/trade_date=2026-07-17/exchange=NSE/symbol=BANKBEES/part-054342_849375-016292.parquet,real_data_sample\l2_unseen_validation\trade_date=2026-07-17\exchange=NSE\symbol=BANKBEES\part-054342_849375-016292.parquet,35143,downloaded,35143,
2026-07-17,NSE,BANKBEES,raw_l2/trade_date=2026-07-17/exchange=NSE/symbol=BANKBEES/part-054205_305707-016068.parquet,real_data_sample\l2_unseen_validation\trade_date=2026-07-17\exchange=NSE\symbol=BANKBEES\part-054205_305707-016068.parquet,35269,downloaded,35269,
2026-07-17,NSE,BANKBEES,raw_l2/trade_date=2026-07-17/exchange=NSE/symbol=BANKBEES/part-054356_572536-016324.parquet,real_data_sample\l2_unseen_validation\trade_date=2026-07-17\exchange=NSE\symbol=BANKBEES\part-054356_572536-016324.parquet,34520,downloaded,34520,
2026-07-17,NSE,BANKBEES,raw_l2/trade_date=2026-07-17/exchange=NSE/symbol=BANKBEES/part-054219_323006-016100.parquet,real_data_sample\l2_unseen_validation\trade_date=2026-07-17\exchange=NSE\symbol=BANKBEES\part-054219_323006-016100.parquet,35539,downloaded,35539,
2026-07-17,NSE,BANKBEES,raw_l2/trade_date=2026-07-17/exchange=NSE/symbol=BANKBEES/part-054438_333781-016420.parquet,real_data_sample\l2_unseen_validation\trade_date=2026-07-17\exchange=NSE\symbol=BANKBEES\part-054438_333781-016420.parquet,34507,downloaded,34507,
2026-07-17,NSE,BANKBEES,raw_l2/trade_date=2026-07-17/exchange=NSE/symbol=BANKBEES/part-054506_090399-016484.parquet,real_data_sample\l2_unseen_validation\trade_date=2026-07-17\exchange=NSE\symbol=BANKBEES\part-054506_090399-016484.parquet,34445,downloaded,34445,
2026-07-17,NSE,BANKBEES,raw_l2/trade_date=2026-07-17/exchange=NSE/symbol=BANKBEES/part-054615_588975-016644.parquet,real_data_sample\l2_unseen_validation\trade_date=2026-07-17\exchange=NSE\symbol=BANKBEES\part-054615_588975-016644.parquet,34962,downloaded,34962,
2026-07-17,NSE,BANKBEES,raw_l2/trade_date=2026-07-17/exchange=NSE/symbol=BANKBEES/part-054601_600853-016612.parquet,real_data_sample\l2_unseen_validation\trade_date=2026-07-17\exchange=NSE\symbol=BANKBEES\part-054601_600853-016612.parquet,35138,downloaded,35138,
2026-07-17,NSE,BANKBEES,raw_l2/trade_date=2026-07-17/exchange=NSE/symbol=BANKBEES/part-054547_818174-016580.parquet,real_data_sample\l2_unseen_validation\trade_date=2026-07-17\exchange=NSE\symbol=BANKBEES\part-054547_818174-016580.parquet,35195,downloaded,35195,
2026-07-17,NSE,BANKBEES,raw_l2/trade_date=2026-07-17/exchange=NSE/symbol=BANKBEES/part-054657_059582-016740.parquet,real_data_sample\l2_unseen_validation\trade_date=2026-07-17\exchange=NSE\symbol=BANKBEES\part-054657_059582-016740.parquet,35238,downloaded,35238,
2026-07-17,NSE,BANKBEES,raw_l2/trade_date=2026-07-17/exchange=NSE/symbol=BANKBEES/part-054452_337865-016452.parquet,real_data_sample\l2_unseen_validation\trade_date=2026-07-17\exchange=NSE\symbol=BANKBEES\part-054452_337865-016452.parquet,34573,downloaded,34573,
2026-07-17,NSE,BANKBEES,raw_l2/trade_date=2026-07-17/exchange=NSE/symbol=BANKBEES/part-054533_831687-016548.parquet,real_data_sample\l2_unseen_validation\trade_date=2026-07-17\exchange=NSE\symbol=BANKBEES\part-054533_831687-016548.parquet,35033,downloaded,35033,
2026-07-17,NSE,BANKBEES,raw_l2/trade_date=2026-07-17/exchange=NSE/symbol=BANKBEES/part-054520_085521-016516.parquet,real_data_sample\l2_unseen_validation\trade_date=2026-07-17\exchange=NSE\symbol=BANKBEES\part-054520_085521-016516.parquet,34781,downloaded,34781,
2026-07-17,NSE,BANKBEES,raw_l2/trade_date=2026-07-17/exchange=NSE/symbol=BANKBEES/part-054629_321010-016676.parquet,real_data_sample\l2_unseen_validation\trade_date=2026-07-17\exchange=NSE\symbol=BANKBEES\part-054629_321010-016676.parquet,34961,downloaded,34961,
2026-07-17,NSE,BANKBEES,raw_l2/trade_date=2026-07-17/exchange=NSE/symbol=BANKBEES/part-054725_086513-016804.parquet,real_data_sample\l2_unseen_validation\trade_date=2026-07-17\exchange=NSE\symbol=BANKBEES\part-054725_086513-016804.parquet,34520,downloaded,34520,
2026-07-17,NSE,BANKBEES,raw_l2/trade_date=2026-07-17/exchange=NSE/symbol=BANKBEES/part-054710_843405-016772.parquet,real_data_sample\l2_unseen_validation\trade_date=2026-07-17\exchange=NSE\symbol=BANKBEES\part-054710_843405-016772.parquet,35622,downloaded,35622,
2026-07-17,NSE,BANKBEES,raw_l2/trade_date=2026-07-17/exchange=NSE/symbol=BANKBEES/part-054739_096413-016836.parquet,real_data_sample\l2_unseen_validation\trade_date=2026-07-17\exchange=NSE\symbol=BANKBEES\part-054739_096413-016836.parquet,34376,downloaded,34376,
2026-07-17,NSE,BANKBEES,raw_l2/trade_date=2026-07-17/exchange=NSE/symbol=BANKBEES/part-054643_080126-016708.parquet,real_data_sample\l2_unseen_validation\trade_date=2026-07-17\exchange=NSE\symbol=BANKBEES\part-054643_080126-016708.parquet,34921,downloaded,34921,
2026-07-17,NSE,BANKBEES,raw_l2/trade_date=2026-07-17/exchange=NSE/symbol=BANKBEES/part-054753_315680-016868.parquet,real_data_sample\l2_unseen_validation\trade_date=2026-07-17\exchange=NSE\symbol=BANKBEES\part-054753_315680-016868.parquet,34448,downloaded,34448,
2026-07-17,NSE,BANKBEES,raw_l2/trade_date=2026-07-17/exchange=NSE/symbol=BANKBEES/part-054821_374044-016932.parquet,real_data_sample\l2_unseen_validation\trade_date=2026-07-17\exchange=NSE\symbol=BANKBEES\part-054821_374044-016932.parquet,34296,downloaded,34296,
2026-07-17,NSE,BANKBEES,raw_l2/trade_date=2026-07-17/exchange=NSE/symbol=BANKBEES/part-054835_595164-016964.parquet,real_data_sample\l2_unseen_validation\trade_date=2026-07-17\exchange=NSE\symbol=BANKBEES\part-054835_595164-016964.parquet,34507,downloaded,34507,
2026-07-17,NSE,BANKBEES,raw_l2/trade_date=2026-07-17/exchange=NSE/symbol=BANKBEES/part-054807_311995-016900.parquet,real_data_sample\l2_unseen_validation\trade_date=2026-07-17\exchange=NSE\symbol=BANKBEES\part-054807_311995-016900.parquet,34623,downloaded,34623,
2026-07-17,NSE,BANKBEES,raw_l2/trade_date=2026-07-17/exchange=NSE/symbol=BANKBEES/part-054903_848977-017028.parquet,real_data_sample\l2_unseen_validation\trade_date=2026-07-17\exchange=NSE\symbol=BANKBEES\part-054903_848977-017028.parquet,34665,downloaded,34665,
2026-07-17,NSE,BANKBEES,raw_l2/trade_date=2026-07-17/exchange=NSE/symbol=BANKBEES/part-055029_638286-017220.parquet,real_data_sample\l2_unseen_validation\trade_date=2026-07-17\exchange=NSE\symbol=BANKBEES\part-055029_638286-017220.parquet,35107,downloaded,35107,
2026-07-17,NSE,BANKBEES,raw_l2/trade_date=2026-07-17/exchange=NSE/symbol=BANKBEES/part-054918_094829-017060.parquet,real_data_sample\l2_unseen_validation\trade_date=2026-07-17\exchange=NSE\symbol=BANKBEES\part-054918_094829-017060.parquet,34501,downloaded,34501,
2026-07-17,NSE,BANKBEES,raw_l2/trade_date=2026-07-17/exchange=NSE/symbol=BANKBEES/part-054849_839187-016996.parquet,real_data_sample\l2_unseen_validation\trade_date=2026-07-17\exchange=NSE\symbol=BANKBEES\part-054849_839187-016996.parquet,34528,downloaded,34528,
2026-07-17,NSE,BANKBEES,raw_l2/trade_date=2026-07-17/exchange=NSE/symbol=BANKBEES/part-055127_977557-017348.parquet,real_data_sample\l2_unseen_validation\trade_date=2026-07-17\exchange=NSE\symbol=BANKBEES\part-055127_977557-017348.parquet,35409,downloaded,35409,
2026-07-17,NSE,BANKBEES,raw_l2/trade_date=2026-07-17/exchange=NSE/symbol=BANKBEES/part-055015_614618-017188.parquet,real_data_sample\l2_unseen_validation\trade_date=2026-07-17\exchange=NSE\symbol=BANKBEES\part-055015_614618-017188.parquet,35200,downloaded,35200,
2026-07-17,NSE,BANKBEES,raw_l2/trade_date=2026-07-17/exchange=NSE/symbol=BANKBEES/part-054946_651682-017124.parquet,real_data_sample\l2_unseen_validation\trade_date=2026-07-17\exchange=NSE\symbol=BANKBEES\part-054946_651682-017124.parquet,34485,downloaded,34485,
2026-07-17,NSE,BANKBEES,raw_l2/trade_date=2026-07-17/exchange=NSE/symbol=BANKBEES/part-054932_365053-017092.parquet,real_data_sample\l2_unseen_validation\trade_date=2026-07-17\exchange=NSE\symbol=BANKBEES\part-054932_365053-017092.parquet,34474,downloaded,34474,
2026-07-17,NSE,BANKBEES,raw_l2/trade_date=2026-07-17/exchange=NSE/symbol=BANKBEES/part-055001_132176-017156.parquet,real_data_sample\l2_unseen_validation\trade_date=2026-07-17\exchange=NSE\symbol=BANKBEES\part-055001_132176-017156.parquet,34393,downloaded,34393,
2026-07-17,NSE,BANKBEES,raw_l2/trade_date=2026-07-17/exchange=NSE/symbol=BANKBEES/part-055044_243467-017252.parquet,real_data_sample\l2_unseen_validation\trade_date=2026-07-17\exchange=NSE\symbol=BANKBEES\part-055044_243467-017252.parquet,35441,downloaded,35441,
2026-07-17,NSE,BANKBEES,raw_l2/trade_date=2026-07-17/exchange=NSE/symbol=BANKBEES/part-055113_402363-017316.parquet,real_data_sample\l2_unseen_validation\trade_date=2026-07-17\exchange=NSE\symbol=BANKBEES\part-055113_402363-017316.parquet,35265,downloaded,35265,
2026-07-17,NSE,BANKBEES,raw_l2/trade_date=2026-07-17/exchange=NSE/symbol=BANKBEES/part-055142_885908-017380.parquet,real_data_sample\l2_unseen_validation\trade_date=2026-07-17\exchange=NSE\symbol=BANKBEES\part-055142_885908-017380.parquet,35366,downloaded,35366,
2026-07-17,NSE,BANKBEES,raw_l2/trade_date=2026-07-17/exchange=NSE/symbol=BANKBEES/part-055058_691314-017284.parquet,real_data_sample\l2_unseen_validation\trade_date=2026-07-17\exchange=NSE\symbol=BANKBEES\part-055058_691314-017284.parquet,35614,downloaded,35614,
2026-07-17,NSE,BANKBEES,raw_l2/trade_date=2026-07-17/exchange=NSE/symbol=BANKBEES/part-055226_795559-017476.parquet,real_data_sample\l2_unseen_validation\trade_date=2026-07-17\exchange=NSE\symbol=BANKBEES\part-055226_795559-017476.parquet,35271,downloaded,35271,
2026-07-17,NSE,BANKBEES,raw_l2/trade_date=2026-07-17/exchange=NSE/symbol=BANKBEES/part-055212_153178-017444.parquet,real_data_sample\l2_unseen_validation\trade_date=2026-07-17\exchange=NSE\symbol=BANKBEES\part-055212_153178-017444.parquet,35826,downloaded,35826,
2026-07-17,NSE,BANKBEES,raw_l2/trade_date=2026-07-17/exchange=NSE/symbol=BANKBEES/part-055241_416171-017508.parquet,real_data_sample\l2_unseen_validation\trade_date=2026-07-17\exchange=NSE\symbol=BANKBEES\part-055241_416171-017508.parquet,35411,downloaded,35411,
2026-07-17,NSE,BANKBEES,raw_l2/trade_date=2026-07-17/exchange=NSE/symbol=BANKBEES/part-055310_653341-017572.parquet,real_data_sample\l2_unseen_validation\trade_date=2026-07-17\exchange=NSE\symbol=BANKBEES\part-055310_653341-017572.parquet,35355,downloaded,35355,
2026-07-17,NSE,BANKBEES,raw_l2/trade_date=2026-07-17/exchange=NSE/symbol=BANKBEES/part-055324_881754-017604.parquet,real_data_sample\l2_unseen_validation\trade_date=2026-07-17\exchange=NSE\symbol=BANKBEES\part-055324_881754-017604.parquet,34988,downloaded,34988,
2026-07-17,NSE,BANKBEES,raw_l2/trade_date=2026-07-17/exchange=NSE/symbol=BANKBEES/part-055256_402536-017540.parquet,real_data_sample\l2_unseen_validation\trade_date=2026-07-17\exchange=NSE\symbol=BANKBEES\part-055256_402536-017540.parquet,35194,downloaded,35194,
2026-07-17,NSE,BANKBEES,raw_l2/trade_date=2026-07-17/exchange=NSE/symbol=BANKBEES/part-055436_149774-017764.parquet,real_data_sample\l2_unseen_validation\trade_date=2026-07-17\exchange=NSE\symbol=BANKBEES\part-055436_149774-017764.parquet,34444,downloaded,34444,
2026-07-17,NSE,BANKBEES,raw_l2/trade_date=2026-07-17/exchange=NSE/symbol=BANKBEES/part-055518_117971-017860.parquet,real_data_sample\l2_unseen_validation\trade_date=2026-07-17\exchange=NSE\symbol=BANKBEES\part-055518_117971-017860.parquet,34420,downloaded,34420,
2026-07-17,NSE,BANKBEES,raw_l2/trade_date=2026-07-17/exchange=NSE/symbol=BANKBEES/part-055157_682227-017412.parquet,real_data_sample\l2_unseen_validation\trade_date=2026-07-17\exchange=NSE\symbol=BANKBEES\part-055157_682227-017412.parquet,35382,downloaded,35382,
2026-07-17,NSE,BANKBEES,raw_l2/trade_date=2026-07-17/exchange=NSE/symbol=BANKBEES/part-055450_151685-017796.parquet,real_data_sample\l2_unseen_validation\trade_date=2026-07-17\exchange=NSE\symbol=BANKBEES\part-055450_151685-017796.parquet,34555,downloaded,34555,
2026-07-17,NSE,BANKBEES,raw_l2/trade_date=2026-07-17/exchange=NSE/symbol=BANKBEES/part-055504_155674-017828.parquet,real_data_sample\l2_unseen_validation\trade_date=2026-07-17\exchange=NSE\symbol=BANKBEES\part-055504_155674-017828.parquet,34694,downloaded,34694,
2026-07-17,NSE,BANKBEES,raw_l2/trade_date=2026-07-17/exchange=NSE/symbol=BANKBEES/part-055407_934659-017700.parquet,real_data_sample\l2_unseen_validation\trade_date=2026-07-17\exchange=NSE\symbol=BANKBEES\part-055407_934659-017700.parquet,35126,downloaded,35126,
2026-07-17,NSE,BANKBEES,raw_l2/trade_date=2026-07-17/exchange=NSE/symbol=BANKBEES/part-055339_280014-017636.parquet,real_data_sample\l2_unseen_validation\trade_date=2026-07-17\exchange=NSE\symbol=BANKBEES\part-055339_280014-017636.parquet,34836,downloaded,34836,
2026-07-17,NSE,BANKBEES,raw_l2/trade_date=2026-07-17/exchange=NSE/symbol=BANKBEES/part-055353_663264-017668.parquet,real_data_sample\l2_unseen_validation\trade_date=2026-07-17\exchange=NSE\symbol=BANKBEES\part-055353_663264-017668.parquet,35185,downloaded,35185,
2026-07-17,NSE,BANKBEES,raw_l2/trade_date=2026-07-17/exchange=NSE/symbol=BANKBEES/part-055422_112392-017732.parquet,real_data_sample\l2_unseen_validation\trade_date=2026-07-17\exchange=NSE\symbol=BANKBEES\part-055422_112392-017732.parquet,34586,downloaded,34586,
2026-07-17,NSE,BANKBEES,raw_l2/trade_date=2026-07-17/exchange=NSE/symbol=BANKBEES/part-055600_145990-017956.parquet,real_data_sample\l2_unseen_validation\trade_date=2026-07-17\exchange=NSE\symbol=BANKBEES\part-055600_145990-017956.parquet,34602,downloaded,34602,
2026-07-17,NSE,BANKBEES,raw_l2/trade_date=2026-07-17/exchange=NSE/symbol=BANKBEES/part-055546_116884-017924.parquet,real_data_sample\l2_unseen_validation\trade_date=2026-07-17\exchange=NSE\symbol=BANKBEES\part-055546_116884-017924.parquet,34412,downloaded,34412,
2026-07-17,NSE,BANKBEES,raw_l2/trade_date=2026-07-17/exchange=NSE/symbol=BANKBEES/part-055614_417226-017988.parquet,real_data_sample\l2_unseen_validation\trade_date=2026-07-17\exchange=NSE\symbol=BANKBEES\part-055614_417226-017988.parquet,35044,downloaded,35044,
2026-07-17,NSE,BANKBEES,raw_l2/trade_date=2026-07-17/exchange=NSE/symbol=BANKBEES/part-055532_126109-017892.parquet,real_data_sample\l2_unseen_validation\trade_date=2026-07-17\exchange=NSE\symbol=BANKBEES\part-055532_126109-017892.parquet,34605,downloaded,34605,
2026-07-17,NSE,BANKBEES,raw_l2/trade_date=2026-07-17/exchange=NSE/symbol=BANKBEES/part-055628_379072-018020.parquet,real_data_sample\l2_unseen_validation\trade_date=2026-07-17\exchange=NSE\symbol=BANKBEES\part-055628_379072-018020.parquet,35407,downloaded,35407,
2026-07-17,NSE,BANKBEES,raw_l2/trade_date=2026-07-17/exchange=NSE/symbol=BANKBEES/part-055710_616711-018116.parquet,real_data_sample\l2_unseen_validation\trade_date=2026-07-17\exchange=NSE\symbol=BANKBEES\part-055710_616711-018116.parquet,35301,downloaded,35301,
2026-07-17,NSE,BANKBEES,raw_l2/trade_date=2026-07-17/exchange=NSE/symbol=BANKBEES/part-055656_616400-018084.parquet,real_data_sample\l2_unseen_validation\trade_date=2026-07-17\exchange=NSE\symbol=BANKBEES\part-055656_616400-018084.parquet,35268,downloaded,35268,
2026-07-17,NSE,BANKBEES,raw_l2/trade_date=2026-07-17/exchange=NSE/symbol=BANKBEES/part-055642_608261-018052.parquet,real_data_sample\l2_unseen_validation\trade_date=2026-07-17\exchange=NSE\symbol=BANKBEES\part-055642_608261-018052.parquet,35784,downloaded,35784,
2026-07-17,NSE,BANKBEES,raw_l2/trade_date=2026-07-17/exchange=NSE/symbol=BANKBEES/part-055738_865838-018180.parquet,real_data_sample\l2_unseen_validation\trade_date=2026-07-17\exchange=NSE\symbol=BANKBEES\part-055738_865838-018180.parquet,35316,downloaded,35316,
2026-07-17,NSE,BANKBEES,raw_l2/trade_date=2026-07-17/exchange=NSE/symbol=BANKBEES/part-055724_631884-018148.parquet,real_data_sample\l2_unseen_validation\trade_date=2026-07-17\exchange=NSE\symbol=BANKBEES\part-055724_631884-018148.parquet,35424,downloaded,35424,
2026-07-17,NSE,BANKBEES,raw_l2/trade_date=2026-07-17/exchange=NSE/symbol=BANKBEES/part-055806_884139-018244.parquet,real_data_sample\l2_unseen_validation\trade_date=2026-07-17\exchange=NSE\symbol=BANKBEES\part-055806_884139-018244.parquet,34844,downloaded,34844,
2026-07-17,NSE,BANKBEES,raw_l2/trade_date=2026-07-17/exchange=NSE/symbol=BANKBEES/part-055752_873600-018212.parquet,real_data_sample\l2_unseen_validation\trade_date=2026-07-17\exchange=NSE\symbol=BANKBEES\part-055752_873600-018212.parquet,35128,downloaded,35128,
2026-07-17,NSE,BANKBEES,raw_l2/trade_date=2026-07-17/exchange=NSE/symbol=BANKBEES/part-055820_879660-018276.parquet,real_data_sample\l2_unseen_validation\trade_date=2026-07-17\exchange=NSE\symbol=BANKBEES\part-055820_879660-018276.parquet,34654,downloaded,34654,
2026-07-17,NSE,BANKBEES,raw_l2/trade_date=2026-07-17/exchange=NSE/symbol=BANKBEES/part-055835_140398-018308.parquet,real_data_sample\l2_unseen_validation\trade_date=2026-07-17\exchange=NSE\symbol=BANKBEES\part-055835_140398-018308.parquet,34629,downloaded,34629,
2026-07-17,NSE,BANKBEES,raw_l2/trade_date=2026-07-17/exchange=NSE/symbol=BANKBEES/part-055849_413883-018340.parquet,real_data_sample\l2_unseen_validation\trade_date=2026-07-17\exchange=NSE\symbol=BANKBEES\part-055849_413883-018340.parquet,34345,downloaded,34345,
2026-07-17,NSE,BANKBEES,raw_l2/trade_date=2026-07-17/exchange=NSE/symbol=BANKBEES/part-055931_887470-018436.parquet,real_data_sample\l2_unseen_validation\trade_date=2026-07-17\exchange=NSE\symbol=BANKBEES\part-055931_887470-018436.parquet,34518,downloaded,34518,
2026-07-17,NSE,BANKBEES,raw_l2/trade_date=2026-07-17/exchange=NSE/symbol=BANKBEES/part-055917_617424-018404.parquet,real_data_sample\l2_unseen_validation\trade_date=2026-07-17\exchange=NSE\symbol=BANKBEES\part-055917_617424-018404.parquet,34480,downloaded,34480,
2026-07-17,NSE,BANKBEES,raw_l2/trade_date=2026-07-17/exchange=NSE/symbol=BANKBEES/part-055903_609121-018372.parquet,real_data_sample\l2_unseen_validation\trade_date=2026-07-17\exchange=NSE\symbol=BANKBEES\part-055903_609121-018372.parquet,34657,downloaded,34657,
2026-07-17,NSE,BANKBEES,raw_l2/trade_date=2026-07-17/exchange=NSE/symbol=BANKBEES/part-060043_141823-018596.parquet,real_data_sample\l2_unseen_validation\trade_date=2026-07-17\exchange=NSE\symbol=BANKBEES\part-060043_141823-018596.parquet,34639,downloaded,34639,
2026-07-17,NSE,BANKBEES,raw_l2/trade_date=2026-07-17/exchange=NSE/symbol=BANKBEES/part-055945_893344-018468.parquet,real_data_sample\l2_unseen_validation\trade_date=2026-07-17\exchange=NSE\symbol=BANKBEES\part-055945_893344-018468.parquet,34567,downloaded,34567,
2026-07-17,NSE,BANKBEES,raw_l2/trade_date=2026-07-17/exchange=NSE/symbol=BANKBEES/part-060318_369405-018948.parquet,real_data_sample\l2_unseen_validation\trade_date=2026-07-17\exchange=NSE\symbol=BANKBEES\part-060318_369405-018948.parquet,35025,downloaded,35025,
2026-07-17,NSE,BANKBEES,raw_l2/trade_date=2026-07-17/exchange=NSE/symbol=BANKBEES/part-060332_371409-018980.parquet,real_data_sample\l2_unseen_validation\trade_date=2026-07-17\exchange=NSE\symbol=BANKBEES\part-060332_371409-018980.parquet,35105,downloaded,35105,
2026-07-17,NSE,BANKBEES,raw_l2/trade_date=2026-07-17/exchange=NSE/symbol=BANKBEES/part-060635_128478-019396.parquet,real_data_sample\l2_unseen_validation\trade_date=2026-07-17\exchange=NSE\symbol=BANKBEES\part-060635_128478-019396.parquet,34597,downloaded,34597,
2026-07-17,NSE,BANKBEES,raw_l2/trade_date=2026-07-17/exchange=NSE/symbol=BANKBEES/part-060207_863463-018788.parquet,real_data_sample\l2_unseen_validation\trade_date=2026-07-17\exchange=NSE\symbol=BANKBEES\part-060207_863463-018788.parquet,34374,downloaded,34374,
2026-07-17,NSE,BANKBEES,raw_l2/trade_date=2026-07-17/exchange=NSE/symbol=BANKBEES/part-060000_605136-018500.parquet,real_data_sample\l2_unseen_validation\trade_date=2026-07-17\exchange=NSE\symbol=BANKBEES\part-060000_605136-018500.parquet,34489,downloaded,34489,
2026-07-17,NSE,BANKBEES,raw_l2/trade_date=2026-07-17/exchange=NSE/symbol=BANKBEES/part-060400_377878-019044.parquet,real_data_sample\l2_unseen_validation\trade_date=2026-07-17\exchange=NSE\symbol=BANKBEES\part-060400_377878-019044.parquet,34938,downloaded,34938,
2026-07-17,NSE,BANKBEES,raw_l2/trade_date=2026-07-17/exchange=NSE/symbol=BANKBEES/part-060250_137542-018884.parquet,real_data_sample\l2_unseen_validation\trade_date=2026-07-17\exchange=NSE\symbol=BANKBEES\part-060250_137542-018884.parquet,34585,downloaded,34585,
2026-07-17,NSE,BANKBEES,raw_l2/trade_date=2026-07-17/exchange=NSE/symbol=BANKBEES/part-060139_676616-018724.parquet,real_data_sample\l2_unseen_validation\trade_date=2026-07-17\exchange=NSE\symbol=BANKBEES\part-060139_676616-018724.parquet,34469,downloaded,34469,
2026-07-17,NSE,BANKBEES,raw_l2/trade_date=2026-07-17/exchange=NSE/symbol=BANKBEES/part-060457_121883-019172.parquet,real_data_sample\l2_unseen_validation\trade_date=2026-07-17\exchange=NSE\symbol=BANKBEES\part-060457_121883-019172.parquet,34315,downloaded,34315,
2026-07-17,NSE,BANKBEES,raw_l2/trade_date=2026-07-17/exchange=NSE/symbol=BANKBEES/part-060443_127973-019140.parquet,real_data_sample\l2_unseen_validation\trade_date=2026-07-17\exchange=NSE\symbol=BANKBEES\part-060443_127973-019140.parquet,34602,downloaded,34602,
2026-07-17,NSE,BANKBEES,raw_l2/trade_date=2026-07-17/exchange=NSE/symbol=BANKBEES/part-060553_392387-019300.parquet,real_data_sample\l2_unseen_validation\trade_date=2026-07-17\exchange=NSE\symbol=BANKBEES\part-060553_392387-019300.parquet,34462,downloaded,34462,
2026-07-17,NSE,BANKBEES,raw_l2/trade_date=2026-07-17/exchange=NSE/symbol=BANKBEES/part-060236_131438-018852.parquet,real_data_sample\l2_unseen_validation\trade_date=2026-07-17\exchange=NSE\symbol=BANKBEES\part-060236_131438-018852.parquet,34631,downloaded,34631,
2026-07-17,NSE,BANKBEES,raw_l2/trade_date=2026-07-17/exchange=NSE/symbol=BANKBEES/part-060222_121323-018820.parquet,real_data_sample\l2_unseen_validation\trade_date=2026-07-17\exchange=NSE\symbol=BANKBEES\part-060222_121323-018820.parquet,34705,downloaded,34705,
2026-07-17,NSE,BANKBEES,raw_l2/trade_date=2026-07-17/exchange=NSE/symbol=BANKBEES/part-060304_374465-018916.parquet,real_data_sample\l2_unseen_validation\trade_date=2026-07-17\exchange=NSE\symbol=BANKBEES\part-060304_374465-018916.parquet,34497,downloaded,34497,
2026-07-17,NSE,BANKBEES,raw_l2/trade_date=2026-07-17/exchange=NSE/symbol=BANKBEES/part-060525_114257-019236.parquet,real_data_sample\l2_unseen_validation\trade_date=2026-07-17\exchange=NSE\symbol=BANKBEES\part-060525_114257-019236.parquet,34600,downloaded,34600,
2026-07-17,NSE,BANKBEES,raw_l2/trade_date=2026-07-17/exchange=NSE/symbol=BANKBEES/part-060414_375943-019076.parquet,real_data_sample\l2_unseen_validation\trade_date=2026-07-17\exchange=NSE\symbol=BANKBEES\part-060414_375943-019076.parquet,35334,downloaded,35334,
2026-07-17,NSE,BANKBEES,raw_l2/trade_date=2026-07-17/exchange=NSE/symbol=BANKBEES/part-060014_891488-018532.parquet,real_data_sample\l2_unseen_validation\trade_date=2026-07-17\exchange=NSE\symbol=BANKBEES\part-060014_891488-018532.parquet,34531,downloaded,34531,
2026-07-17,NSE,BANKBEES,raw_l2/trade_date=2026-07-17/exchange=NSE/symbol=BANKBEES/part-060428_639839-019108.parquet,real_data_sample\l2_unseen_validation\trade_date=2026-07-17\exchange=NSE\symbol=BANKBEES\part-060428_639839-019108.parquet,34684,downloaded,34684,
2026-07-17,NSE,BANKBEES,raw_l2/trade_date=2026-07-17/exchange=NSE/symbol=BANKBEES/part-060111_639210-018660.parquet,real_data_sample\l2_unseen_validation\trade_date=2026-07-17\exchange=NSE\symbol=BANKBEES\part-060111_639210-018660.parquet,34588,downloaded,34588,
2026-07-17,NSE,BANKBEES,raw_l2/trade_date=2026-07-17/exchange=NSE/symbol=BANKBEES/part-060346_408306-019012.parquet,real_data_sample\l2_unseen_validation\trade_date=2026-07-17\exchange=NSE\symbol=BANKBEES\part-060346_408306-019012.parquet,35063,downloaded,35063,
2026-07-17,NSE,BANKBEES,raw_l2/trade_date=2026-07-17/exchange=NSE/symbol=BANKBEES/part-060621_103637-019364.parquet,real_data_sample\l2_unseen_validation\trade_date=2026-07-17\exchange=NSE\symbol=BANKBEES\part-060621_103637-019364.parquet,34512,downloaded,34512,
2026-07-17,NSE,BANKBEES,raw_l2/trade_date=2026-07-17/exchange=NSE/symbol=BANKBEES/part-060028_884091-018564.parquet,real_data_sample\l2_unseen_validation\trade_date=2026-07-17\exchange=NSE\symbol=BANKBEES\part-060028_884091-018564.parquet,34509,downloaded,34509,
2026-07-17,NSE,BANKBEES,raw_l2/trade_date=2026-07-17/exchange=NSE/symbol=BANKBEES/part-060539_394411-019268.parquet,real_data_sample\l2_unseen_validation\trade_date=2026-07-17\exchange=NSE\symbol=BANKBEES\part-060539_394411-019268.parquet,34635,downloaded,34635,
2026-07-17,NSE,BANKBEES,raw_l2/trade_date=2026-07-17/exchange=NSE/symbol=BANKBEES/part-060511_107439-019204.parquet,real_data_sample\l2_unseen_validation\trade_date=2026-07-17\exchange=NSE\symbol=BANKBEES\part-060511_107439-019204.parquet,34577,downloaded,34577,
2026-07-17,NSE,BANKBEES,raw_l2/trade_date=2026-07-17/exchange=NSE/symbol=BANKBEES/part-060153_889094-018756.parquet,real_data_sample\l2_unseen_validation\trade_date=2026-07-17\exchange=NSE\symbol=BANKBEES\part-060153_889094-018756.parquet,34448,downloaded,34448,
2026-07-17,NSE,BANKBEES,raw_l2/trade_date=2026-07-17/exchange=NSE/symbol=BANKBEES/part-060649_158687-019428.parquet,real_data_sample\l2_unseen_validation\trade_date=2026-07-17\exchange=NSE\symbol=BANKBEES\part-060649_158687-019428.parquet,34446,downloaded,34446,
2026-07-17,NSE,BANKBEES,raw_l2/trade_date=2026-07-17/exchange=NSE/symbol=BANKBEES/part-060057_406885-018628.parquet,real_data_sample\l2_unseen_validation\trade_date=2026-07-17\exchange=NSE\symbol=BANKBEES\part-060057_406885-018628.parquet,34537,downloaded,34537,
2026-07-17,NSE,BANKBEES,raw_l2/trade_date=2026-07-17/exchange=NSE/symbol=BANKBEES/part-060703_385019-019460.parquet,real_data_sample\l2_unseen_validation\trade_date=2026-07-17\exchange=NSE\symbol=BANKBEES\part-060703_385019-019460.parquet,34751,downloaded,34751,
2026-07-17,NSE,BANKBEES,raw_l2/trade_date=2026-07-17/exchange=NSE/symbol=BANKBEES/part-060125_612431-018692.parquet,real_data_sample\l2_unseen_validation\trade_date=2026-07-17\exchange=NSE\symbol=BANKBEES\part-060125_612431-018692.parquet,34687,downloaded,34687,
2026-07-17,NSE,BANKBEES,raw_l2/trade_date=2026-07-17/exchange=NSE/symbol=BANKBEES/part-060607_361270-019332.parquet,real_data_sample\l2_unseen_validation\trade_date=2026-07-17\exchange=NSE\symbol=BANKBEES\part-060607_361270-019332.parquet,34540,downloaded,34540,
2026-07-17,NSE,BANKBEES,raw_l2/trade_date=2026-07-17/exchange=NSE/symbol=BANKBEES/part-061137_105038-020068.parquet,real_data_sample\l2_unseen_validation\trade_date=2026-07-17\exchange=NSE\symbol=BANKBEES\part-061137_105038-020068.parquet,34549,downloaded,34549,
2026-07-17,NSE,BANKBEES,raw_l2/trade_date=2026-07-17/exchange=NSE/symbol=BANKBEES/part-060942_588481-019812.parquet,real_data_sample\l2_unseen_validation\trade_date=2026-07-17\exchange=NSE\symbol=BANKBEES\part-060942_588481-019812.parquet,35768,downloaded,35768,
2026-07-17,NSE,BANKBEES,raw_l2/trade_date=2026-07-17/exchange=NSE/symbol=BANKBEES/part-060913_634494-019748.parquet,real_data_sample\l2_unseen_validation\trade_date=2026-07-17\exchange=NSE\symbol=BANKBEES\part-060913_634494-019748.parquet,34727,downloaded,34727,
2026-07-17,NSE,BANKBEES,raw_l2/trade_date=2026-07-17/exchange=NSE/symbol=BANKBEES/part-060845_318259-019684.parquet,real_data_sample\l2_unseen_validation\trade_date=2026-07-17\exchange=NSE\symbol=BANKBEES\part-060845_318259-019684.parquet,34783,downloaded,34783,
2026-07-17,NSE,BANKBEES,raw_l2/trade_date=2026-07-17/exchange=NSE/symbol=BANKBEES/part-060731_594110-019524.parquet,real_data_sample\l2_unseen_validation\trade_date=2026-07-17\exchange=NSE\symbol=BANKBEES\part-060731_594110-019524.parquet,34384,downloaded,34384,
2026-07-17,NSE,BANKBEES,raw_l2/trade_date=2026-07-17/exchange=NSE/symbol=BANKBEES/part-060717_374919-019492.parquet,real_data_sample\l2_unseen_validation\trade_date=2026-07-17\exchange=NSE\symbol=BANKBEES\part-060717_374919-019492.parquet,34355,downloaded,34355,
2026-07-17,NSE,BANKBEES,raw_l2/trade_date=2026-07-17/exchange=NSE/symbol=BANKBEES/part-061303_862772-020260.parquet,real_data_sample\l2_unseen_validation\trade_date=2026-07-17\exchange=NSE\symbol=BANKBEES\part-061303_862772-020260.parquet,34506,downloaded,34506,
2026-07-17,NSE,BANKBEES,raw_l2/trade_date=2026-07-17/exchange=NSE/symbol=BANKBEES/part-060830_864140-019652.parquet,real_data_sample\l2_unseen_validation\trade_date=2026-07-17\exchange=NSE\symbol=BANKBEES\part-060830_864140-019652.parquet,34525,downloaded,34525,
2026-07-17,NSE,BANKBEES,raw_l2/trade_date=2026-07-17/exchange=NSE/symbol=BANKBEES/part-061332_628852-020324.parquet,real_data_sample\l2_unseen_validation\trade_date=2026-07-17\exchange=NSE\symbol=BANKBEES\part-061332_628852-020324.parquet,34542,downloaded,34542,
2026-07-17,NSE,BANKBEES,raw_l2/trade_date=2026-07-17/exchange=NSE/symbol=BANKBEES/part-060745_859132-019556.parquet,real_data_sample\l2_unseen_validation\trade_date=2026-07-17\exchange=NSE\symbol=BANKBEES\part-060745_859132-019556.parquet,34525,downloaded,34525,
2026-07-17,NSE,BANKBEES,raw_l2/trade_date=2026-07-17/exchange=NSE/symbol=BANKBEES/part-061206_138550-020132.parquet,real_data_sample\l2_unseen_validation\trade_date=2026-07-17\exchange=NSE\symbol=BANKBEES\part-061206_138550-020132.parquet,34738,downloaded,34738,
2026-07-17,NSE,BANKBEES,raw_l2/trade_date=2026-07-17/exchange=NSE/symbol=BANKBEES/part-060816_344834-019620.parquet,real_data_sample\l2_unseen_validation\trade_date=2026-07-17\exchange=NSE\symbol=BANKBEES\part-060816_344834-019620.parquet,34700,downloaded,34700,
2026-07-17,NSE,BANKBEES,raw_l2/trade_date=2026-07-17/exchange=NSE/symbol=BANKBEES/part-061011_088760-019876.parquet,real_data_sample\l2_unseen_validation\trade_date=2026-07-17\exchange=NSE\symbol=BANKBEES\part-061011_088760-019876.parquet,35566,downloaded,35566,
2026-07-17,NSE,BANKBEES,raw_l2/trade_date=2026-07-17/exchange=NSE/symbol=BANKBEES/part-060800_849239-019588.parquet,real_data_sample\l2_unseen_validation\trade_date=2026-07-17\exchange=NSE\symbol=BANKBEES\part-060800_849239-019588.parquet,34402,downloaded,34402,
2026-07-17,NSE,BANKBEES,raw_l2/trade_date=2026-07-17/exchange=NSE/symbol=BANKBEES/part-060928_093824-019780.parquet,real_data_sample\l2_unseen_validation\trade_date=2026-07-17\exchange=NSE\symbol=BANKBEES\part-060928_093824-019780.parquet,35277,downloaded,35277,
2026-07-17,NSE,BANKBEES,raw_l2/trade_date=2026-07-17/exchange=NSE/symbol=BANKBEES/part-060956_584416-019844.parquet,real_data_sample\l2_unseen_validation\trade_date=2026-07-17\exchange=NSE\symbol=BANKBEES\part-060956_584416-019844.parquet,35140,downloaded,35140,
2026-07-17,NSE,BANKBEES,raw_l2/trade_date=2026-07-17/exchange=NSE/symbol=BANKBEES/part-061108_614192-020004.parquet,real_data_sample\l2_unseen_validation\trade_date=2026-07-17\exchange=NSE\symbol=BANKBEES\part-061108_614192-020004.parquet,35124,downloaded,35124,
2026-07-17,NSE,BANKBEES,raw_l2/trade_date=2026-07-17/exchange=NSE/symbol=BANKBEES/part-061039_597684-019940.parquet,real_data_sample\l2_unseen_validation\trade_date=2026-07-17\exchange=NSE\symbol=BANKBEES\part-061039_597684-019940.parquet,35108,downloaded,35108,
2026-07-17,NSE,BANKBEES,raw_l2/trade_date=2026-07-17/exchange=NSE/symbol=BANKBEES/part-061025_323475-019908.parquet,real_data_sample\l2_unseen_validation\trade_date=2026-07-17\exchange=NSE\symbol=BANKBEES\part-061025_323475-019908.parquet,35032,downloaded,35032,
2026-07-17,NSE,BANKBEES,raw_l2/trade_date=2026-07-17/exchange=NSE/symbol=BANKBEES/part-061054_072379-019972.parquet,real_data_sample\l2_unseen_validation\trade_date=2026-07-17\exchange=NSE\symbol=BANKBEES\part-061054_072379-019972.parquet,35123,downloaded,35123,
2026-07-17,NSE,BANKBEES,raw_l2/trade_date=2026-07-17/exchange=NSE/symbol=BANKBEES/part-061401_341927-020388.parquet,real_data_sample\l2_unseen_validation\trade_date=2026-07-17\exchange=NSE\symbol=BANKBEES\part-061401_341927-020388.parquet,34355,downloaded,34355,
2026-07-17,NSE,BANKBEES,raw_l2/trade_date=2026-07-17/exchange=NSE/symbol=BANKBEES/part-061122_825557-020036.parquet,real_data_sample\l2_unseen_validation\trade_date=2026-07-17\exchange=NSE\symbol=BANKBEES\part-061122_825557-020036.parquet,34535,downloaded,34535,
2026-07-17,NSE,BANKBEES,raw_l2/trade_date=2026-07-17/exchange=NSE/symbol=BANKBEES/part-061235_106034-020196.parquet,real_data_sample\l2_unseen_validation\trade_date=2026-07-17\exchange=NSE\symbol=BANKBEES\part-061235_106034-020196.parquet,34486,downloaded,34486,
2026-07-17,NSE,BANKBEES,raw_l2/trade_date=2026-07-17/exchange=NSE/symbol=BANKBEES/part-061430_137991-020452.parquet,real_data_sample\l2_unseen_validation\trade_date=2026-07-17\exchange=NSE\symbol=BANKBEES\part-061430_137991-020452.parquet,34604,downloaded,34604,
2026-07-17,NSE,BANKBEES,raw_l2/trade_date=2026-07-17/exchange=NSE/symbol=BANKBEES/part-060859_601221-019716.parquet,real_data_sample\l2_unseen_validation\trade_date=2026-07-17\exchange=NSE\symbol=BANKBEES\part-060859_601221-019716.parquet,34598,downloaded,34598,
2026-07-17,NSE,BANKBEES,raw_l2/trade_date=2026-07-17/exchange=NSE/symbol=BANKBEES/part-061151_668126-020100.parquet,real_data_sample\l2_unseen_validation\trade_date=2026-07-17\exchange=NSE\symbol=BANKBEES\part-061151_668126-020100.parquet,34708,downloaded,34708,
2026-07-17,NSE,BANKBEES,raw_l2/trade_date=2026-07-17/exchange=NSE/symbol=BANKBEES/part-061318_364734-020292.parquet,real_data_sample\l2_unseen_validation\trade_date=2026-07-17\exchange=NSE\symbol=BANKBEES\part-061318_364734-020292.parquet,34277,downloaded,34277,
2026-07-17,NSE,BANKBEES,raw_l2/trade_date=2026-07-17/exchange=NSE/symbol=BANKBEES/part-061444_366017-020484.parquet,real_data_sample\l2_unseen_validation\trade_date=2026-07-17\exchange=NSE\symbol=BANKBEES\part-061444_366017-020484.parquet,34430,downloaded,34430,
2026-07-17,NSE,BANKBEES,raw_l2/trade_date=2026-07-17/exchange=NSE/symbol=BANKBEES/part-061347_134579-020356.parquet,real_data_sample\l2_unseen_validation\trade_date=2026-07-17\exchange=NSE\symbol=BANKBEES\part-061347_134579-020356.parquet,34659,downloaded,34659,
2026-07-17,NSE,BANKBEES,raw_l2/trade_date=2026-07-17/exchange=NSE/symbol=BANKBEES/part-061249_429584-020228.parquet,real_data_sample\l2_unseen_validation\trade_date=2026-07-17\exchange=NSE\symbol=BANKBEES\part-061249_429584-020228.parquet,34485,downloaded,34485,
2026-07-17,NSE,BANKBEES,raw_l2/trade_date=2026-07-17/exchange=NSE/symbol=BANKBEES/part-061220_618550-020164.parquet,real_data_sample\l2_unseen_validation\trade_date=2026-07-17\exchange=NSE\symbol=BANKBEES\part-061220_618550-020164.parquet,34780,downloaded,34780,
2026-07-17,NSE,BANKBEES,raw_l2/trade_date=2026-07-17/exchange=NSE/symbol=BANKBEES/part-061415_663038-020420.parquet,real_data_sample\l2_unseen_validation\trade_date=2026-07-17\exchange=NSE\symbol=BANKBEES\part-061415_663038-020420.parquet,34614,downloaded,34614,
2026-07-17,NSE,BANKBEES,raw_l2/trade_date=2026-07-17/exchange=NSE/symbol=BANKBEES/part-061527_633426-020580.parquet,real_data_sample\l2_unseen_validation\trade_date=2026-07-17\exchange=NSE\symbol=BANKBEES\part-061527_633426-020580.parquet,34393,downloaded,34393,
2026-07-17,NSE,BANKBEES,raw_l2/trade_date=2026-07-17/exchange=NSE/symbol=BANKBEES/part-061541_850939-020612.parquet,real_data_sample\l2_unseen_validation\trade_date=2026-07-17\exchange=NSE\symbol=BANKBEES\part-061541_850939-020612.parquet,34417,downloaded,34417,
2026-07-17,NSE,BANKBEES,raw_l2/trade_date=2026-07-17/exchange=NSE/symbol=BANKBEES/part-061513_171336-020548.parquet,real_data_sample\l2_unseen_validation\trade_date=2026-07-17\exchange=NSE\symbol=BANKBEES\part-061513_171336-020548.parquet,34469,downloaded,34469,
2026-07-17,NSE,BANKBEES,raw_l2/trade_date=2026-07-17/exchange=NSE/symbol=BANKBEES/part-061458_676431-020516.parquet,real_data_sample\l2_unseen_validation\trade_date=2026-07-17\exchange=NSE\symbol=BANKBEES\part-061458_676431-020516.parquet,34271,downloaded,34271,
2026-07-17,NSE,BANKBEES,raw_l2/trade_date=2026-07-17/exchange=NSE/symbol=BANKBEES/part-061556_358629-020644.parquet,real_data_sample\l2_unseen_validation\trade_date=2026-07-17\exchange=NSE\symbol=BANKBEES\part-061556_358629-020644.parquet,34634,downloaded,34634,
2026-07-17,NSE,BANKBEES,raw_l2/trade_date=2026-07-17/exchange=NSE/symbol=BANKBEES/part-061640_860394-020740.parquet,real_data_sample\l2_unseen_validation\trade_date=2026-07-17\exchange=NSE\symbol=BANKBEES\part-061640_860394-020740.parquet,34363,downloaded,34363,
2026-07-17,NSE,BANKBEES,raw_l2/trade_date=2026-07-17/exchange=NSE/symbol=BANKBEES/part-061610_815720-020676.parquet,real_data_sample\l2_unseen_validation\trade_date=2026-07-17\exchange=NSE\symbol=BANKBEES\part-061610_815720-020676.parquet,34449,downloaded,34449,
2026-07-17,NSE,BANKBEES,raw_l2/trade_date=2026-07-17/exchange=NSE/symbol=BANKBEES/part-061820_808628-020964.parquet,real_data_sample\l2_unseen_validation\trade_date=2026-07-17\exchange=NSE\symbol=BANKBEES\part-061820_808628-020964.parquet,34986,downloaded,34986,
2026-07-17,NSE,BANKBEES,raw_l2/trade_date=2026-07-17/exchange=NSE/symbol=BANKBEES/part-061903_833290-021060.parquet,real_data_sample\l2_unseen_validation\trade_date=2026-07-17\exchange=NSE\symbol=BANKBEES\part-061903_833290-021060.parquet,35089,downloaded,35089,
2026-07-17,NSE,BANKBEES,raw_l2/trade_date=2026-07-17/exchange=NSE/symbol=BANKBEES/part-061946_889070-021156.parquet,real_data_sample\l2_unseen_validation\trade_date=2026-07-17\exchange=NSE\symbol=BANKBEES\part-061946_889070-021156.parquet,35047,downloaded,35047,
2026-07-17,NSE,BANKBEES,raw_l2/trade_date=2026-07-17/exchange=NSE/symbol=BANKBEES/part-062044_180713-021284.parquet,real_data_sample\l2_unseen_validation\trade_date=2026-07-17\exchange=NSE\symbol=BANKBEES\part-062044_180713-021284.parquet,35209,downloaded,35209,
2026-07-17,NSE,BANKBEES,raw_l2/trade_date=2026-07-17/exchange=NSE/symbol=BANKBEES/part-061751_441564-020900.parquet,real_data_sample\l2_unseen_validation\trade_date=2026-07-17\exchange=NSE\symbol=BANKBEES\part-061751_441564-020900.parquet,35038,downloaded,35038,
2026-07-17,NSE,BANKBEES,raw_l2/trade_date=2026-07-17/exchange=NSE/symbol=BANKBEES/part-061626_607880-020708.parquet,real_data_sample\l2_unseen_validation\trade_date=2026-07-17\exchange=NSE\symbol=BANKBEES\part-061626_607880-020708.parquet,34484,downloaded,34484,
2026-07-17,NSE,BANKBEES,raw_l2/trade_date=2026-07-17/exchange=NSE/symbol=BANKBEES/part-061849_845994-021028.parquet,real_data_sample\l2_unseen_validation\trade_date=2026-07-17\exchange=NSE\symbol=BANKBEES\part-061849_845994-021028.parquet,35068,downloaded,35068,
2026-07-17,NSE,BANKBEES,raw_l2/trade_date=2026-07-17/exchange=NSE/symbol=BANKBEES/part-061835_445647-020996.parquet,real_data_sample\l2_unseen_validation\trade_date=2026-07-17\exchange=NSE\symbol=BANKBEES\part-061835_445647-020996.parquet,34937,downloaded,34937,
2026-07-17,NSE,BANKBEES,raw_l2/trade_date=2026-07-17/exchange=NSE/symbol=BANKBEES/part-061918_089389-021092.parquet,real_data_sample\l2_unseen_validation\trade_date=2026-07-17\exchange=NSE\symbol=BANKBEES\part-061918_089389-021092.parquet,35073,downloaded,35073,
2026-07-17,NSE,BANKBEES,raw_l2/trade_date=2026-07-17/exchange=NSE/symbol=BANKBEES/part-062155_400869-021444.parquet,real_data_sample\l2_unseen_validation\trade_date=2026-07-17\exchange=NSE\symbol=BANKBEES\part-062155_400869-021444.parquet,34498,downloaded,34498,
2026-07-17,NSE,BANKBEES,raw_l2/trade_date=2026-07-17/exchange=NSE/symbol=BANKBEES/part-062001_132659-021188.parquet,real_data_sample\l2_unseen_validation\trade_date=2026-07-17\exchange=NSE\symbol=BANKBEES\part-062001_132659-021188.parquet,35262,downloaded,35262,
2026-07-17,NSE,BANKBEES,raw_l2/trade_date=2026-07-17/exchange=NSE/symbol=BANKBEES/part-062209_679983-021476.parquet,real_data_sample\l2_unseen_validation\trade_date=2026-07-17\exchange=NSE\symbol=BANKBEES\part-062209_679983-021476.parquet,34377,downloaded,34377,
2026-07-17,NSE,BANKBEES,raw_l2/trade_date=2026-07-17/exchange=NSE/symbol=BANKBEES/part-061806_577112-020932.parquet,real_data_sample\l2_unseen_validation\trade_date=2026-07-17\exchange=NSE\symbol=BANKBEES\part-061806_577112-020932.parquet,35278,downloaded,35278,
2026-07-17,NSE,BANKBEES,raw_l2/trade_date=2026-07-17/exchange=NSE/symbol=BANKBEES/part-061932_846864-021124.parquet,real_data_sample\l2_unseen_validation\trade_date=2026-07-17\exchange=NSE\symbol=BANKBEES\part-061932_846864-021124.parquet,35343,downloaded,35343,
2026-07-17,NSE,BANKBEES,raw_l2/trade_date=2026-07-17/exchange=NSE/symbol=BANKBEES/part-062015_337664-021220.parquet,real_data_sample\l2_unseen_validation\trade_date=2026-07-17\exchange=NSE\symbol=BANKBEES\part-062015_337664-021220.parquet,35330,downloaded,35330,
2026-07-17,NSE,BANKBEES,raw_l2/trade_date=2026-07-17/exchange=NSE/symbol=BANKBEES/part-062058_579777-021316.parquet,real_data_sample\l2_unseen_validation\trade_date=2026-07-17\exchange=NSE\symbol=BANKBEES\part-062058_579777-021316.parquet,34844,downloaded,34844,
2026-07-17,NSE,BANKBEES,raw_l2/trade_date=2026-07-17/exchange=NSE/symbol=BANKBEES/part-062113_195143-021348.parquet,real_data_sample\l2_unseen_validation\trade_date=2026-07-17\exchange=NSE\symbol=BANKBEES\part-062113_195143-021348.parquet,34999,downloaded,34999,
2026-07-17,NSE,BANKBEES,raw_l2/trade_date=2026-07-17/exchange=NSE/symbol=BANKBEES/part-062029_338500-021252.parquet,real_data_sample\l2_unseen_validation\trade_date=2026-07-17\exchange=NSE\symbol=BANKBEES\part-062029_338500-021252.parquet,34907,downloaded,34907,
2026-07-17,NSE,BANKBEES,raw_l2/trade_date=2026-07-17/exchange=NSE/symbol=BANKBEES/part-061737_398371-020868.parquet,real_data_sample\l2_unseen_validation\trade_date=2026-07-17\exchange=NSE\symbol=BANKBEES\part-061737_398371-020868.parquet,35008,downloaded,35008,
2026-07-17,NSE,BANKBEES,raw_l2/trade_date=2026-07-17/exchange=NSE/symbol=BANKBEES/part-062127_319932-021380.parquet,real_data_sample\l2_unseen_validation\trade_date=2026-07-17\exchange=NSE\symbol=BANKBEES\part-062127_319932-021380.parquet,34533,downloaded,34533,
2026-07-17,NSE,BANKBEES,raw_l2/trade_date=2026-07-17/exchange=NSE/symbol=BANKBEES/part-061723_349059-020836.parquet,real_data_sample\l2_unseen_validation\trade_date=2026-07-17\exchange=NSE\symbol=BANKBEES\part-061723_349059-020836.parquet,34739,downloaded,34739,
2026-07-17,NSE,BANKBEES,raw_l2/trade_date=2026-07-17/exchange=NSE/symbol=BANKBEES/part-062224_129350-021508.parquet,real_data_sample\l2_unseen_validation\trade_date=2026-07-17\exchange=NSE\symbol=BANKBEES\part-062224_129350-021508.parquet,34494,downloaded,34494,
2026-07-17,NSE,BANKBEES,raw_l2/trade_date=2026-07-17/exchange=NSE/symbol=BANKBEES/part-061654_843318-020772.parquet,real_data_sample\l2_unseen_validation\trade_date=2026-07-17\exchange=NSE\symbol=BANKBEES\part-061654_843318-020772.parquet,34484,downloaded,34484,
2026-07-17,NSE,BANKBEES,raw_l2/trade_date=2026-07-17/exchange=NSE/symbol=BANKBEES/part-061709_105990-020804.parquet,real_data_sample\l2_unseen_validation\trade_date=2026-07-17\exchange=NSE\symbol=BANKBEES\part-061709_105990-020804.parquet,34567,downloaded,34567,
2026-07-17,NSE,BANKBEES,raw_l2/trade_date=2026-07-17/exchange=NSE/symbol=BANKBEES/part-062141_313293-021412.parquet,real_data_sample\l2_unseen_validation\trade_date=2026-07-17\exchange=NSE\symbol=BANKBEES\part-062141_313293-021412.parquet,34439,downloaded,34439,
2026-07-17,NSE,BANKBEES,raw_l2/trade_date=2026-07-17/exchange=NSE/symbol=BANKBEES/part-062238_364184-021540.parquet,real_data_sample\l2_unseen_validation\trade_date=2026-07-17\exchange=NSE\symbol=BANKBEES\part-062238_364184-021540.parquet,34374,downloaded,34374,
2026-07-17,NSE,BANKBEES,raw_l2/trade_date=2026-07-17/exchange=NSE/symbol=BANKBEES/part-062306_883175-021604.parquet,real_data_sample\l2_unseen_validation\trade_date=2026-07-17\exchange=NSE\symbol=BANKBEES\part-062306_883175-021604.parquet,34358,downloaded,34358,
2026-07-17,NSE,BANKBEES,raw_l2/trade_date=2026-07-17/exchange=NSE/symbol=BANKBEES/part-062321_349304-021636.parquet,real_data_sample\l2_unseen_validation\trade_date=2026-07-17\exchange=NSE\symbol=BANKBEES\part-062321_349304-021636.parquet,34578,downloaded,34578,
2026-07-17,NSE,BANKBEES,raw_l2/trade_date=2026-07-17/exchange=NSE/symbol=BANKBEES/part-062252_601603-021572.parquet,real_data_sample\l2_unseen_validation\trade_date=2026-07-17\exchange=NSE\symbol=BANKBEES\part-062252_601603-021572.parquet,34354,downloaded,34354,
2026-07-17,NSE,BANKBEES,raw_l2/trade_date=2026-07-17/exchange=NSE/symbol=BANKBEES/part-062528_370220-021924.parquet,real_data_sample\l2_unseen_validation\trade_date=2026-07-17\exchange=NSE\symbol=BANKBEES\part-062528_370220-021924.parquet,34961,downloaded,34961,
2026-07-17,NSE,BANKBEES,raw_l2/trade_date=2026-07-17/exchange=NSE/symbol=BANKBEES/part-062514_574584-021892.parquet,real_data_sample\l2_unseen_validation\trade_date=2026-07-17\exchange=NSE\symbol=BANKBEES\part-062514_574584-021892.parquet,34878,downloaded,34878,
2026-07-17,NSE,BANKBEES,raw_l2/trade_date=2026-07-17/exchange=NSE/symbol=BANKBEES/part-062542_346632-021956.parquet,real_data_sample\l2_unseen_validation\trade_date=2026-07-17\exchange=NSE\symbol=BANKBEES\part-062542_346632-021956.parquet,35201,downloaded,35201,
2026-07-17,NSE,BANKBEES,raw_l2/trade_date=2026-07-17/exchange=NSE/symbol=BANKBEES/part-062556_332067-021988.parquet,real_data_sample\l2_unseen_validation\trade_date=2026-07-17\exchange=NSE\symbol=BANKBEES\part-062556_332067-021988.parquet,35006,downloaded,35006,
2026-07-17,NSE,BANKBEES,raw_l2/trade_date=2026-07-17/exchange=NSE/symbol=BANKBEES/part-062624_340016-022052.parquet,real_data_sample\l2_unseen_validation\trade_date=2026-07-17\exchange=NSE\symbol=BANKBEES\part-062624_340016-022052.parquet,34361,downloaded,34361,
2026-07-17,NSE,BANKBEES,raw_l2/trade_date=2026-07-17/exchange=NSE/symbol=BANKBEES/part-062610_334724-022020.parquet,real_data_sample\l2_unseen_validation\trade_date=2026-07-17\exchange=NSE\symbol=BANKBEES\part-062610_334724-022020.parquet,34835,downloaded,34835,
2026-07-17,NSE,BANKBEES,raw_l2/trade_date=2026-07-17/exchange=NSE/symbol=BANKBEES/part-062638_592700-022084.parquet,real_data_sample\l2_unseen_validation\trade_date=2026-07-17\exchange=NSE\symbol=BANKBEES\part-062638_592700-022084.parquet,34714,downloaded,34714,
2026-07-17,NSE,BANKBEES,raw_l2/trade_date=2026-07-17/exchange=NSE/symbol=BANKBEES/part-062652_867732-022116.parquet,real_data_sample\l2_unseen_validation\trade_date=2026-07-17\exchange=NSE\symbol=BANKBEES\part-062652_867732-022116.parquet,34560,downloaded,34560,
2026-07-17,NSE,BANKBEES,raw_l2/trade_date=2026-07-17/exchange=NSE/symbol=BANKBEES/part-062832_821216-022340.parquet,real_data_sample\l2_unseen_validation\trade_date=2026-07-17\exchange=NSE\symbol=BANKBEES\part-062832_821216-022340.parquet,34600,downloaded,34600,
2026-07-17,NSE,BANKBEES,raw_l2/trade_date=2026-07-17/exchange=NSE/symbol=BANKBEES/part-062750_107556-022244.parquet,real_data_sample\l2_unseen_validation\trade_date=2026-07-17\exchange=NSE\symbol=BANKBEES\part-062750_107556-022244.parquet,34402,downloaded,34402,
2026-07-17,NSE,BANKBEES,raw_l2/trade_date=2026-07-17/exchange=NSE/symbol=BANKBEES/part-062901_087292-022404.parquet,real_data_sample\l2_unseen_validation\trade_date=2026-07-17\exchange=NSE\symbol=BANKBEES\part-062901_087292-022404.parquet,34510,downloaded,34510,
2026-07-17,NSE,BANKBEES,raw_l2/trade_date=2026-07-17/exchange=NSE/symbol=BANKBEES/part-062804_358274-022276.parquet,real_data_sample\l2_unseen_validation\trade_date=2026-07-17\exchange=NSE\symbol=BANKBEES\part-062804_358274-022276.parquet,34474,downloaded,34474,
2026-07-17,NSE,BANKBEES,raw_l2/trade_date=2026-07-17/exchange=NSE/symbol=BANKBEES/part-062721_666737-022180.parquet,real_data_sample\l2_unseen_validation\trade_date=2026-07-17\exchange=NSE\symbol=BANKBEES\part-062721_666737-022180.parquet,34535,downloaded,34535,
2026-07-17,NSE,BANKBEES,raw_l2/trade_date=2026-07-17/exchange=NSE/symbol=BANKBEES/part-062847_118250-022372.parquet,real_data_sample\l2_unseen_validation\trade_date=2026-07-17\exchange=NSE\symbol=BANKBEES\part-062847_118250-022372.parquet,34399,downloaded,34399,
2026-07-17,NSE,BANKBEES,raw_l2/trade_date=2026-07-17/exchange=NSE/symbol=BANKBEES/part-062818_816517-022308.parquet,real_data_sample\l2_unseen_validation\trade_date=2026-07-17\exchange=NSE\symbol=BANKBEES\part-062818_816517-022308.parquet,34736,downloaded,34736,
2026-07-17,NSE,BANKBEES,raw_l2/trade_date=2026-07-17/exchange=NSE/symbol=BANKBEES/part-062735_604541-022212.parquet,real_data_sample\l2_unseen_validation\trade_date=2026-07-17\exchange=NSE\symbol=BANKBEES\part-062735_604541-022212.parquet,34601,downloaded,34601,
2026-07-17,NSE,BANKBEES,raw_l2/trade_date=2026-07-17/exchange=NSE/symbol=BANKBEES/part-062706_839609-022148.parquet,real_data_sample\l2_unseen_validation\trade_date=2026-07-17\exchange=NSE\symbol=BANKBEES\part-062706_839609-022148.parquet,34352,downloaded,34352,
2026-07-17,NSE,BANKBEES,raw_l2/trade_date=2026-07-17/exchange=NSE/symbol=BANKBEES/part-062944_341360-022500.parquet,real_data_sample\l2_unseen_validation\trade_date=2026-07-17\exchange=NSE\symbol=BANKBEES\part-062944_341360-022500.parquet,34573,downloaded,34573,
2026-07-17,NSE,BANKBEES,raw_l2/trade_date=2026-07-17/exchange=NSE/symbol=BANKBEES/part-062930_115141-022468.parquet,real_data_sample\l2_unseen_validation\trade_date=2026-07-17\exchange=NSE\symbol=BANKBEES\part-062930_115141-022468.parquet,34395,downloaded,34395,
2026-07-17,NSE,BANKBEES,raw_l2/trade_date=2026-07-17/exchange=NSE/symbol=BANKBEES/part-062915_108345-022436.parquet,real_data_sample\l2_unseen_validation\trade_date=2026-07-17\exchange=NSE\symbol=BANKBEES\part-062915_108345-022436.parquet,34345,downloaded,34345,
2026-07-17,NSE,BANKBEES,raw_l2/trade_date=2026-07-17/exchange=NSE/symbol=BANKBEES/part-063013_365737-022564.parquet,real_data_sample\l2_unseen_validation\trade_date=2026-07-17\exchange=NSE\symbol=BANKBEES\part-063013_365737-022564.parquet,34535,downloaded,34535,
2026-07-17,NSE,BANKBEES,raw_l2/trade_date=2026-07-17/exchange=NSE/symbol=BANKBEES/part-062958_754125-022532.parquet,real_data_sample\l2_unseen_validation\trade_date=2026-07-17\exchange=NSE\symbol=BANKBEES\part-062958_754125-022532.parquet,34583,downloaded,34583,
2026-07-17,NSE,BANKBEES,raw_l2/trade_date=2026-07-17/exchange=NSE/symbol=BANKBEES/part-063055_583061-022660.parquet,real_data_sample\l2_unseen_validation\trade_date=2026-07-17\exchange=NSE\symbol=BANKBEES\part-063055_583061-022660.parquet,34480,downloaded,34480,
2026-07-17,NSE,BANKBEES,raw_l2/trade_date=2026-07-17/exchange=NSE/symbol=BANKBEES/part-063041_608583-022628.parquet,real_data_sample\l2_unseen_validation\trade_date=2026-07-17\exchange=NSE\symbol=BANKBEES\part-063041_608583-022628.parquet,34465,downloaded,34465,
2026-07-17,NSE,BANKBEES,raw_l2/trade_date=2026-07-17/exchange=NSE/symbol=BANKBEES/part-063027_400466-022596.parquet,real_data_sample\l2_unseen_validation\trade_date=2026-07-17\exchange=NSE\symbol=BANKBEES\part-063027_400466-022596.parquet,34534,downloaded,34534,
2026-07-17,NSE,BANKBEES,raw_l2/trade_date=2026-07-17/exchange=NSE/symbol=BANKBEES/part-063109_571811-022692.parquet,real_data_sample\l2_unseen_validation\trade_date=2026-07-17\exchange=NSE\symbol=BANKBEES\part-063109_571811-022692.parquet,34336,downloaded,34336,
2026-07-17,NSE,BANKBEES,raw_l2/trade_date=2026-07-17/exchange=NSE/symbol=BANKBEES/part-063124_110984-022724.parquet,real_data_sample\l2_unseen_validation\trade_date=2026-07-17\exchange=NSE\symbol=BANKBEES\part-063124_110984-022724.parquet,34432,downloaded,34432,
2026-07-17,NSE,BANKBEES,raw_l2/trade_date=2026-07-17/exchange=NSE/symbol=BANKBEES/part-063138_349144-022756.parquet,real_data_sample\l2_unseen_validation\trade_date=2026-07-17\exchange=NSE\symbol=BANKBEES\part-063138_349144-022756.parquet,34474,downloaded,34474,
2026-07-17,NSE,BANKBEES,raw_l2/trade_date=2026-07-17/exchange=NSE/symbol=BANKBEES/part-062446_101160-021828.parquet,real_data_sample\l2_unseen_validation\trade_date=2026-07-17\exchange=NSE\symbol=BANKBEES\part-062446_101160-021828.parquet,34704,downloaded,34704,
2026-07-17,NSE,BANKBEES,raw_l2/trade_date=2026-07-17/exchange=NSE/symbol=BANKBEES/part-062335_626312-021668.parquet,real_data_sample\l2_unseen_validation\trade_date=2026-07-17\exchange=NSE\symbol=BANKBEES\part-062335_626312-021668.parquet,34667,downloaded,34667,
2026-07-17,NSE,BANKBEES,raw_l2/trade_date=2026-07-17/exchange=NSE/symbol=BANKBEES/part-063302_113887-022948.parquet,real_data_sample\l2_unseen_validation\trade_date=2026-07-17\exchange=NSE\symbol=BANKBEES\part-063302_113887-022948.parquet,34408,downloaded,34408,
2026-07-17,NSE,BANKBEES,raw_l2/trade_date=2026-07-17/exchange=NSE/symbol=BANKBEES/part-063220_098416-022852.parquet,real_data_sample\l2_unseen_validation\trade_date=2026-07-17\exchange=NSE\symbol=BANKBEES\part-063220_098416-022852.parquet,34350,downloaded,34350,
2026-07-17,NSE,BANKBEES,raw_l2/trade_date=2026-07-17/exchange=NSE/symbol=BANKBEES/part-063248_059950-022916.parquet,real_data_sample\l2_unseen_validation\trade_date=2026-07-17\exchange=NSE\symbol=BANKBEES\part-063248_059950-022916.parquet,34423,downloaded,34423,
2026-07-17,NSE,BANKBEES,raw_l2/trade_date=2026-07-17/exchange=NSE/symbol=BANKBEES/part-063330_835544-023012.parquet,real_data_sample\l2_unseen_validation\trade_date=2026-07-17\exchange=NSE\symbol=BANKBEES\part-063330_835544-023012.parquet,34411,downloaded,34411,
2026-07-17,NSE,BANKBEES,raw_l2/trade_date=2026-07-17/exchange=NSE/symbol=BANKBEES/part-063234_067110-022884.parquet,real_data_sample\l2_unseen_validation\trade_date=2026-07-17\exchange=NSE\symbol=BANKBEES\part-063234_067110-022884.parquet,34318,downloaded,34318,
2026-07-17,NSE,BANKBEES,raw_l2/trade_date=2026-07-17/exchange=NSE/symbol=BANKBEES/part-063455_331483-023204.parquet,real_data_sample\l2_unseen_validation\trade_date=2026-07-17\exchange=NSE\symbol=BANKBEES\part-063455_331483-023204.parquet,34559,downloaded,34559,
2026-07-17,NSE,BANKBEES,raw_l2/trade_date=2026-07-17/exchange=NSE/symbol=BANKBEES/part-063316_334033-022980.parquet,real_data_sample\l2_unseen_validation\trade_date=2026-07-17\exchange=NSE\symbol=BANKBEES\part-063316_334033-022980.parquet,34521,downloaded,34521,
2026-07-17,NSE,BANKBEES,raw_l2/trade_date=2026-07-17/exchange=NSE/symbol=BANKBEES/part-063152_368784-022788.parquet,real_data_sample\l2_unseen_validation\trade_date=2026-07-17\exchange=NSE\symbol=BANKBEES\part-063152_368784-022788.parquet,34441,downloaded,34441,
2026-07-17,NSE,BANKBEES,raw_l2/trade_date=2026-07-17/exchange=NSE/symbol=BANKBEES/part-063206_075174-022820.parquet,real_data_sample\l2_unseen_validation\trade_date=2026-07-17\exchange=NSE\symbol=BANKBEES\part-063206_075174-022820.parquet,34460,downloaded,34460,
2026-07-17,NSE,BANKBEES,raw_l2/trade_date=2026-07-17/exchange=NSE/symbol=BANKBEES/part-063359_130489-023076.parquet,real_data_sample\l2_unseen_validation\trade_date=2026-07-17\exchange=NSE\symbol=BANKBEES\part-063359_130489-023076.parquet,34469,downloaded,34469,
2026-07-17,NSE,BANKBEES,raw_l2/trade_date=2026-07-17/exchange=NSE/symbol=BANKBEES/part-063345_099610-023044.parquet,real_data_sample\l2_unseen_validation\trade_date=2026-07-17\exchange=NSE\symbol=BANKBEES\part-063345_099610-023044.parquet,34574,downloaded,34574,
2026-07-17,NSE,BANKBEES,raw_l2/trade_date=2026-07-17/exchange=NSE/symbol=BANKBEES/part-063427_342679-023140.parquet,real_data_sample\l2_unseen_validation\trade_date=2026-07-17\exchange=NSE\symbol=BANKBEES\part-063427_342679-023140.parquet,34544,downloaded,34544,
2026-07-17,NSE,BANKBEES,raw_l2/trade_date=2026-07-17/exchange=NSE/symbol=BANKBEES/part-063441_321073-023172.parquet,real_data_sample\l2_unseen_validation\trade_date=2026-07-17\exchange=NSE\symbol=BANKBEES\part-063441_321073-023172.parquet,34436,downloaded,34436,
2026-07-17,NSE,BANKBEES,raw_l2/trade_date=2026-07-17/exchange=NSE/symbol=BANKBEES/part-063413_331418-023108.parquet,real_data_sample\l2_unseen_validation\trade_date=2026-07-17\exchange=NSE\symbol=BANKBEES\part-063413_331418-023108.parquet,34551,downloaded,34551,
2026-07-17,NSE,BANKBEES,raw_l2/trade_date=2026-07-17/exchange=NSE/symbol=BANKBEES/part-063647_314352-023460.parquet,real_data_sample\l2_unseen_validation\trade_date=2026-07-17\exchange=NSE\symbol=BANKBEES\part-063647_314352-023460.parquet,34303,downloaded,34303,
2026-07-17,NSE,BANKBEES,raw_l2/trade_date=2026-07-17/exchange=NSE/symbol=BANKBEES/part-062349_609373-021700.parquet,real_data_sample\l2_unseen_validation\trade_date=2026-07-17\exchange=NSE\symbol=BANKBEES\part-062349_609373-021700.parquet,34409,downloaded,34409,
2026-07-17,NSE,BANKBEES,raw_l2/trade_date=2026-07-17/exchange=NSE/symbol=BANKBEES/part-063701_366301-023492.parquet,real_data_sample\l2_unseen_validation\trade_date=2026-07-17\exchange=NSE\symbol=BANKBEES\part-063701_366301-023492.parquet,34577,downloaded,34577,
2026-07-17,NSE,BANKBEES,raw_l2/trade_date=2026-07-17/exchange=NSE/symbol=BANKBEES/part-063619_354865-023396.parquet,real_data_sample\l2_unseen_validation\trade_date=2026-07-17\exchange=NSE\symbol=BANKBEES\part-063619_354865-023396.parquet,34407,downloaded,34407,
2026-07-17,NSE,BANKBEES,raw_l2/trade_date=2026-07-17/exchange=NSE/symbol=BANKBEES/part-063551_573023-023332.parquet,real_data_sample\l2_unseen_validation\trade_date=2026-07-17\exchange=NSE\symbol=BANKBEES\part-063551_573023-023332.parquet,34764,downloaded,34764,
2026-07-17,NSE,BANKBEES,raw_l2/trade_date=2026-07-17/exchange=NSE/symbol=BANKBEES/part-062500_231377-021860.parquet,real_data_sample\l2_unseen_validation\trade_date=2026-07-17\exchange=NSE\symbol=BANKBEES\part-062500_231377-021860.parquet,34461,downloaded,34461,
2026-07-17,NSE,BANKBEES,raw_l2/trade_date=2026-07-17/exchange=NSE/symbol=BANKBEES/part-063633_333259-023428.parquet,real_data_sample\l2_unseen_validation\trade_date=2026-07-17\exchange=NSE\symbol=BANKBEES\part-063633_333259-023428.parquet,34576,downloaded,34576,
2026-07-17,NSE,BANKBEES,raw_l2/trade_date=2026-07-17/exchange=NSE/symbol=BANKBEES/part-062417_843850-021764.parquet,real_data_sample\l2_unseen_validation\trade_date=2026-07-17\exchange=NSE\symbol=BANKBEES\part-062417_843850-021764.parquet,34435,downloaded,34435,
2026-07-17,NSE,BANKBEES,raw_l2/trade_date=2026-07-17/exchange=NSE/symbol=BANKBEES/part-063715_347607-023524.parquet,real_data_sample\l2_unseen_validation\trade_date=2026-07-17\exchange=NSE\symbol=BANKBEES\part-063715_347607-023524.parquet,34772,downloaded,34772,
2026-07-17,NSE,BANKBEES,raw_l2/trade_date=2026-07-17/exchange=NSE/symbol=BANKBEES/part-063509_357234-023236.parquet,real_data_sample\l2_unseen_validation\trade_date=2026-07-17\exchange=NSE\symbol=BANKBEES\part-063509_357234-023236.parquet,34611,downloaded,34611,
2026-07-17,NSE,BANKBEES,raw_l2/trade_date=2026-07-17/exchange=NSE/symbol=BANKBEES/part-063523_771865-023268.parquet,real_data_sample\l2_unseen_validation\trade_date=2026-07-17\exchange=NSE\symbol=BANKBEES\part-063523_771865-023268.parquet,34643,downloaded,34643,
2026-07-17,NSE,BANKBEES,raw_l2/trade_date=2026-07-17/exchange=NSE/symbol=BANKBEES/part-063729_308363-023556.parquet,real_data_sample\l2_unseen_validation\trade_date=2026-07-17\exchange=NSE\symbol=BANKBEES\part-063729_308363-023556.parquet,34555,downloaded,34555,
2026-07-17,NSE,BANKBEES,raw_l2/trade_date=2026-07-17/exchange=NSE/symbol=BANKBEES/part-063537_576304-023300.parquet,real_data_sample\l2_unseen_validation\trade_date=2026-07-17\exchange=NSE\symbol=BANKBEES\part-063537_576304-023300.parquet,34483,downloaded,34483,
2026-07-17,NSE,BANKBEES,raw_l2/trade_date=2026-07-17/exchange=NSE/symbol=BANKBEES/part-063605_304079-023364.parquet,real_data_sample\l2_unseen_validation\trade_date=2026-07-17\exchange=NSE\symbol=BANKBEES\part-063605_304079-023364.parquet,34520,downloaded,34520,
2026-07-17,NSE,BANKBEES,raw_l2/trade_date=2026-07-17/exchange=NSE/symbol=BANKBEES/part-062431_837423-021796.parquet,real_data_sample\l2_unseen_validation\trade_date=2026-07-17\exchange=NSE\symbol=BANKBEES\part-062431_837423-021796.parquet,34320,downloaded,34320,
2026-07-17,NSE,BANKBEES,raw_l2/trade_date=2026-07-17/exchange=NSE/symbol=BANKBEES/part-062403_599615-021732.parquet,real_data_sample\l2_unseen_validation\trade_date=2026-07-17\exchange=NSE\symbol=BANKBEES\part-062403_599615-021732.parquet,34587,downloaded,34587,
2026-07-17,NSE,BANKBEES,raw_l2/trade_date=2026-07-17/exchange=NSE/symbol=BANKBEES/part-063757_067607-023620.parquet,real_data_sample\l2_unseen_validation\trade_date=2026-07-17\exchange=NSE\symbol=BANKBEES\part-063757_067607-023620.parquet,34420,downloaded,34420,
2026-07-17,NSE,BANKBEES,raw_l2/trade_date=2026-07-17/exchange=NSE/symbol=BANKBEES/part-063950_313862-023876.parquet,real_data_sample\l2_unseen_validation\trade_date=2026-07-17\exchange=NSE\symbol=BANKBEES\part-063950_313862-023876.parquet,35274,downloaded,35274,
2026-07-17,NSE,BANKBEES,raw_l2/trade_date=2026-07-17/exchange=NSE/symbol=BANKBEES/part-063743_331158-023588.parquet,real_data_sample\l2_unseen_validation\trade_date=2026-07-17\exchange=NSE\symbol=BANKBEES\part-063743_331158-023588.parquet,34745,downloaded,34745,
2026-07-17,NSE,BANKBEES,raw_l2/trade_date=2026-07-17/exchange=NSE/symbol=BANKBEES/part-063936_317579-023844.parquet,real_data_sample\l2_unseen_validation\trade_date=2026-07-17\exchange=NSE\symbol=BANKBEES\part-063936_317579-023844.parquet,35172,downloaded,35172,
2026-07-17,NSE,BANKBEES,raw_l2/trade_date=2026-07-17/exchange=NSE/symbol=BANKBEES/part-063908_352395-023780.parquet,real_data_sample\l2_unseen_validation\trade_date=2026-07-17\exchange=NSE\symbol=BANKBEES\part-063908_352395-023780.parquet,35166,downloaded,35166,
2026-07-17,NSE,BANKBEES,raw_l2/trade_date=2026-07-17/exchange=NSE/symbol=BANKBEES/part-064004_118652-023908.parquet,real_data_sample\l2_unseen_validation\trade_date=2026-07-17\exchange=NSE\symbol=BANKBEES\part-064004_118652-023908.parquet,35257,downloaded,35257,
2026-07-17,NSE,BANKBEES,raw_l2/trade_date=2026-07-17/exchange=NSE/symbol=BANKBEES/part-063922_318884-023812.parquet,real_data_sample\l2_unseen_validation\trade_date=2026-07-17\exchange=NSE\symbol=BANKBEES\part-063922_318884-023812.parquet,35030,downloaded,35030,
2026-07-17,NSE,BANKBEES,raw_l2/trade_date=2026-07-17/exchange=NSE/symbol=BANKBEES/part-064046_356069-024004.parquet,real_data_sample\l2_unseen_validation\trade_date=2026-07-17\exchange=NSE\symbol=BANKBEES\part-064046_356069-024004.parquet,34824,downloaded,34824,
2026-07-17,NSE,BANKBEES,raw_l2/trade_date=2026-07-17/exchange=NSE/symbol=BANKBEES/part-064032_253332-023972.parquet,real_data_sample\l2_unseen_validation\trade_date=2026-07-17\exchange=NSE\symbol=BANKBEES\part-064032_253332-023972.parquet,35233,downloaded,35233,
2026-07-17,NSE,BANKBEES,raw_l2/trade_date=2026-07-17/exchange=NSE/symbol=BANKBEES/part-064100_343001-024036.parquet,real_data_sample\l2_unseen_validation\trade_date=2026-07-17\exchange=NSE\symbol=BANKBEES\part-064100_343001-024036.parquet,35202,downloaded,35202,
2026-07-17,NSE,BANKBEES,raw_l2/trade_date=2026-07-17/exchange=NSE/symbol=BANKBEES/part-064018_154218-023940.parquet,real_data_sample\l2_unseen_validation\trade_date=2026-07-17\exchange=NSE\symbol=BANKBEES\part-064018_154218-023940.parquet,35393,downloaded,35393,
2026-07-17,NSE,BANKBEES,raw_l2/trade_date=2026-07-17/exchange=NSE/symbol=BANKBEES/part-063810_855587-023652.parquet,real_data_sample\l2_unseen_validation\trade_date=2026-07-17\exchange=NSE\symbol=BANKBEES\part-063810_855587-023652.parquet,34550,downloaded,34550,
2026-07-17,NSE,BANKBEES,raw_l2/trade_date=2026-07-17/exchange=NSE/symbol=BANKBEES/part-063825_108779-023684.parquet,real_data_sample\l2_unseen_validation\trade_date=2026-07-17\exchange=NSE\symbol=BANKBEES\part-063825_108779-023684.parquet,35037,downloaded,35037,
2026-07-17,NSE,BANKBEES,raw_l2/trade_date=2026-07-17/exchange=NSE/symbol=BANKBEES/part-063839_338575-023716.parquet,real_data_sample\l2_unseen_validation\trade_date=2026-07-17\exchange=NSE\symbol=BANKBEES\part-063839_338575-023716.parquet,35296,downloaded,35296,
2026-07-17,NSE,BANKBEES,raw_l2/trade_date=2026-07-17/exchange=NSE/symbol=BANKBEES/part-064114_326410-024068.parquet,real_data_sample\l2_unseen_validation\trade_date=2026-07-17\exchange=NSE\symbol=BANKBEES\part-064114_326410-024068.parquet,35312,downloaded,35312,
2026-07-17,NSE,BANKBEES,raw_l2/trade_date=2026-07-17/exchange=NSE/symbol=BANKBEES/part-063853_585231-023748.parquet,real_data_sample\l2_unseen_validation\trade_date=2026-07-17\exchange=NSE\symbol=BANKBEES\part-063853_585231-023748.parquet,35508,downloaded,35508,
2026-07-17,NSE,BANKBEES,raw_l2/trade_date=2026-07-17/exchange=NSE/symbol=BANKBEES/part-064142_311341-024132.parquet,real_data_sample\l2_unseen_validation\trade_date=2026-07-17\exchange=NSE\symbol=BANKBEES\part-064142_311341-024132.parquet,34554,downloaded,34554,
2026-07-17,NSE,BANKBEES,raw_l2/trade_date=2026-07-17/exchange=NSE/symbol=BANKBEES/part-064128_057616-024100.parquet,real_data_sample\l2_unseen_validation\trade_date=2026-07-17\exchange=NSE\symbol=BANKBEES\part-064128_057616-024100.parquet,34494,downloaded,34494,
2026-07-17,NSE,BANKBEES,raw_l2/trade_date=2026-07-17/exchange=NSE/symbol=BANKBEES/part-064156_057325-024164.parquet,real_data_sample\l2_unseen_validation\trade_date=2026-07-17\exchange=NSE\symbol=BANKBEES\part-064156_057325-024164.parquet,34331,downloaded,34331,
2026-07-17,NSE,BANKBEES,raw_l2/trade_date=2026-07-17/exchange=NSE/symbol=BANKBEES/part-064237_573945-024260.parquet,real_data_sample\l2_unseen_validation\trade_date=2026-07-17\exchange=NSE\symbol=BANKBEES\part-064237_573945-024260.parquet,34532,downloaded,34532,
2026-07-17,NSE,BANKBEES,raw_l2/trade_date=2026-07-17/exchange=NSE/symbol=BANKBEES/part-064223_870015-024228.parquet,real_data_sample\l2_unseen_validation\trade_date=2026-07-17\exchange=NSE\symbol=BANKBEES\part-064223_870015-024228.parquet,34553,downloaded,34553,
2026-07-17,NSE,BANKBEES,raw_l2/trade_date=2026-07-17/exchange=NSE/symbol=BANKBEES/part-064209_850559-024196.parquet,real_data_sample\l2_unseen_validation\trade_date=2026-07-17\exchange=NSE\symbol=BANKBEES\part-064209_850559-024196.parquet,34519,downloaded,34519,
2026-07-17,NSE,BANKBEES,raw_l2/trade_date=2026-07-17/exchange=NSE/symbol=BANKBEES/part-064332_826235-024388.parquet,real_data_sample\l2_unseen_validation\trade_date=2026-07-17\exchange=NSE\symbol=BANKBEES\part-064332_826235-024388.parquet,35432,downloaded,35432,
2026-07-17,NSE,BANKBEES,raw_l2/trade_date=2026-07-17/exchange=NSE/symbol=BANKBEES/part-064305_082897-024324.parquet,real_data_sample\l2_unseen_validation\trade_date=2026-07-17\exchange=NSE\symbol=BANKBEES\part-064305_082897-024324.parquet,34472,downloaded,34472,
2026-07-17,NSE,BANKBEES,raw_l2/trade_date=2026-07-17/exchange=NSE/symbol=BANKBEES/part-064400_315841-024452.parquet,real_data_sample\l2_unseen_validation\trade_date=2026-07-17\exchange=NSE\symbol=BANKBEES\part-064400_315841-024452.parquet,35250,downloaded,35250,
2026-07-17,NSE,BANKBEES,raw_l2/trade_date=2026-07-17/exchange=NSE/symbol=BANKBEES/part-064318_843876-024356.parquet,real_data_sample\l2_unseen_validation\trade_date=2026-07-17\exchange=NSE\symbol=BANKBEES\part-064318_843876-024356.parquet,35058,downloaded,35058,
2026-07-17,NSE,BANKBEES,raw_l2/trade_date=2026-07-17/exchange=NSE/symbol=BANKBEES/part-064251_310221-024292.parquet,real_data_sample\l2_unseen_validation\trade_date=2026-07-17\exchange=NSE\symbol=BANKBEES\part-064251_310221-024292.parquet,34416,downloaded,34416,
2026-07-17,NSE,BANKBEES,raw_l2/trade_date=2026-07-17/exchange=NSE/symbol=BANKBEES/part-064346_563761-024420.parquet,real_data_sample\l2_unseen_validation\trade_date=2026-07-17\exchange=NSE\symbol=BANKBEES\part-064346_563761-024420.parquet,35357,downloaded,35357,
2026-07-17,NSE,BANKBEES,raw_l2/trade_date=2026-07-17/exchange=NSE/symbol=BANKBEES/part-064442_081323-024548.parquet,real_data_sample\l2_unseen_validation\trade_date=2026-07-17\exchange=NSE\symbol=BANKBEES\part-064442_081323-024548.parquet,34955,downloaded,34955,
2026-07-17,NSE,BANKBEES,raw_l2/trade_date=2026-07-17/exchange=NSE/symbol=BANKBEES/part-064414_057840-024484.parquet,real_data_sample\l2_unseen_validation\trade_date=2026-07-17\exchange=NSE\symbol=BANKBEES\part-064414_057840-024484.parquet,35240,downloaded,35240,
2026-07-17,NSE,BANKBEES,raw_l2/trade_date=2026-07-17/exchange=NSE/symbol=BANKBEES/part-064455_855209-024580.parquet,real_data_sample\l2_unseen_validation\trade_date=2026-07-17\exchange=NSE\symbol=BANKBEES\part-064455_855209-024580.parquet,35056,downloaded,35056,
2026-07-17,NSE,BANKBEES,raw_l2/trade_date=2026-07-17/exchange=NSE/symbol=BANKBEES/part-064428_308975-024516.parquet,real_data_sample\l2_unseen_validation\trade_date=2026-07-17\exchange=NSE\symbol=BANKBEES\part-064428_308975-024516.parquet,35134,downloaded,35134,
2026-07-17,NSE,BANKBEES,raw_l2/trade_date=2026-07-17/exchange=NSE/symbol=BANKBEES/part-064509_805144-024612.parquet,real_data_sample\l2_unseen_validation\trade_date=2026-07-17\exchange=NSE\symbol=BANKBEES\part-064509_805144-024612.parquet,35236,downloaded,35236,
2026-07-17,NSE,BANKBEES,raw_l2/trade_date=2026-07-17/exchange=NSE/symbol=BANKBEES/part-064537_809430-024676.parquet,real_data_sample\l2_unseen_validation\trade_date=2026-07-17\exchange=NSE\symbol=BANKBEES\part-064537_809430-024676.parquet,34507,downloaded,34507,
2026-07-17,NSE,BANKBEES,raw_l2/trade_date=2026-07-17/exchange=NSE/symbol=BANKBEES/part-064523_831850-024644.parquet,real_data_sample\l2_unseen_validation\trade_date=2026-07-17\exchange=NSE\symbol=BANKBEES\part-064523_831850-024644.parquet,34620,downloaded,34620,
2026-07-17,NSE,BANKBEES,raw_l2/trade_date=2026-07-17/exchange=NSE/symbol=BANKBEES/part-064551_545962-024708.parquet,real_data_sample\l2_unseen_validation\trade_date=2026-07-17\exchange=NSE\symbol=BANKBEES\part-064551_545962-024708.parquet,34540,downloaded,34540,
2026-07-17,NSE,BANKBEES,raw_l2/trade_date=2026-07-17/exchange=NSE/symbol=BANKBEES/part-064605_305099-024740.parquet,real_data_sample\l2_unseen_validation\trade_date=2026-07-17\exchange=NSE\symbol=BANKBEES\part-064605_305099-024740.parquet,34539,downloaded,34539,
2026-07-17,NSE,BANKBEES,raw_l2/trade_date=2026-07-17/exchange=NSE/symbol=BANKBEES/part-064756_316791-024996.parquet,real_data_sample\l2_unseen_validation\trade_date=2026-07-17\exchange=NSE\symbol=BANKBEES\part-064756_316791-024996.parquet,35225,downloaded,35225,
2026-07-17,NSE,BANKBEES,raw_l2/trade_date=2026-07-17/exchange=NSE/symbol=BANKBEES/part-064632_819466-024804.parquet,real_data_sample\l2_unseen_validation\trade_date=2026-07-17\exchange=NSE\symbol=BANKBEES\part-064632_819466-024804.parquet,34561,downloaded,34561,
2026-07-17,NSE,BANKBEES,raw_l2/trade_date=2026-07-17/exchange=NSE/symbol=BANKBEES/part-064619_069494-024772.parquet,real_data_sample\l2_unseen_validation\trade_date=2026-07-17\exchange=NSE\symbol=BANKBEES\part-064619_069494-024772.parquet,34591,downloaded,34591,
2026-07-17,NSE,BANKBEES,raw_l2/trade_date=2026-07-17/exchange=NSE/symbol=BANKBEES/part-064700_809645-024868.parquet,real_data_sample\l2_unseen_validation\trade_date=2026-07-17\exchange=NSE\symbol=BANKBEES\part-064700_809645-024868.parquet,34419,downloaded,34419,
2026-07-17,NSE,BANKBEES,raw_l2/trade_date=2026-07-17/exchange=NSE/symbol=BANKBEES/part-064742_585885-024964.parquet,real_data_sample\l2_unseen_validation\trade_date=2026-07-17\exchange=NSE\symbol=BANKBEES\part-064742_585885-024964.parquet,35438,downloaded,35438,
2026-07-17,NSE,BANKBEES,raw_l2/trade_date=2026-07-17/exchange=NSE/symbol=BANKBEES/part-064810_085101-025028.parquet,real_data_sample\l2_unseen_validation\trade_date=2026-07-17\exchange=NSE\symbol=BANKBEES\part-064810_085101-025028.parquet,35333,downloaded,35333,
2026-07-17,NSE,BANKBEES,raw_l2/trade_date=2026-07-17/exchange=NSE/symbol=BANKBEES/part-064728_559420-024932.parquet,real_data_sample\l2_unseen_validation\trade_date=2026-07-17\exchange=NSE\symbol=BANKBEES\part-064728_559420-024932.parquet,35624,downloaded,35624,
2026-07-17,NSE,BANKBEES,raw_l2/trade_date=2026-07-17/exchange=NSE/symbol=BANKBEES/part-064646_838632-024836.parquet,real_data_sample\l2_unseen_validation\trade_date=2026-07-17\exchange=NSE\symbol=BANKBEES\part-064646_838632-024836.parquet,34629,downloaded,34629,
2026-07-17,NSE,BANKBEES,raw_l2/trade_date=2026-07-17/exchange=NSE/symbol=BANKBEES/part-064714_828616-024900.parquet,real_data_sample\l2_unseen_validation\trade_date=2026-07-17\exchange=NSE\symbol=BANKBEES\part-064714_828616-024900.parquet,34888,downloaded,34888,
2026-07-17,NSE,BANKBEES,raw_l2/trade_date=2026-07-17/exchange=NSE/symbol=BANKBEES/part-064824_103938-025060.parquet,real_data_sample\l2_unseen_validation\trade_date=2026-07-17\exchange=NSE\symbol=BANKBEES\part-064824_103938-025060.parquet,35217,downloaded,35217,
2026-07-17,NSE,BANKBEES,raw_l2/trade_date=2026-07-17/exchange=NSE/symbol=BANKBEES/part-064933_325839-025220.parquet,real_data_sample\l2_unseen_validation\trade_date=2026-07-17\exchange=NSE\symbol=BANKBEES\part-064933_325839-025220.parquet,34842,downloaded,34842,
2026-07-17,NSE,BANKBEES,raw_l2/trade_date=2026-07-17/exchange=NSE/symbol=BANKBEES/part-065125_311881-025476.parquet,real_data_sample\l2_unseen_validation\trade_date=2026-07-17\exchange=NSE\symbol=BANKBEES\part-065125_311881-025476.parquet,35119,downloaded,35119,
2026-07-17,NSE,BANKBEES,raw_l2/trade_date=2026-07-17/exchange=NSE/symbol=BANKBEES/part-065001_316622-025284.parquet,real_data_sample\l2_unseen_validation\trade_date=2026-07-17\exchange=NSE\symbol=BANKBEES\part-065001_316622-025284.parquet,35063,downloaded,35063,
2026-07-17,NSE,BANKBEES,raw_l2/trade_date=2026-07-17/exchange=NSE/symbol=BANKBEES/part-065207_342545-025572.parquet,real_data_sample\l2_unseen_validation\trade_date=2026-07-17\exchange=NSE\symbol=BANKBEES\part-065207_342545-025572.parquet,35138,downloaded,35138,
2026-07-17,NSE,BANKBEES,raw_l2/trade_date=2026-07-17/exchange=NSE/symbol=BANKBEES/part-064947_343398-025252.parquet,real_data_sample\l2_unseen_validation\trade_date=2026-07-17\exchange=NSE\symbol=BANKBEES\part-064947_343398-025252.parquet,34908,downloaded,34908,
2026-07-17,NSE,BANKBEES,raw_l2/trade_date=2026-07-17/exchange=NSE/symbol=BANKBEES/part-064851_836641-025124.parquet,real_data_sample\l2_unseen_validation\trade_date=2026-07-17\exchange=NSE\symbol=BANKBEES\part-064851_836641-025124.parquet,35217,downloaded,35217,
2026-07-17,NSE,BANKBEES,raw_l2/trade_date=2026-07-17/exchange=NSE/symbol=BANKBEES/part-064838_057954-025092.parquet,real_data_sample\l2_unseen_validation\trade_date=2026-07-17\exchange=NSE\symbol=BANKBEES\part-064838_057954-025092.parquet,34924,downloaded,34924,
2026-07-17,NSE,BANKBEES,raw_l2/trade_date=2026-07-17/exchange=NSE/symbol=BANKBEES/part-065029_062786-025348.parquet,real_data_sample\l2_unseen_validation\trade_date=2026-07-17\exchange=NSE\symbol=BANKBEES\part-065029_062786-025348.parquet,34408,downloaded,34408,
2026-07-17,NSE,BANKBEES,raw_l2/trade_date=2026-07-17/exchange=NSE/symbol=BANKBEES/part-065015_316980-025316.parquet,real_data_sample\l2_unseen_validation\trade_date=2026-07-17\exchange=NSE\symbol=BANKBEES\part-065015_316980-025316.parquet,34871,downloaded,34871,
2026-07-17,NSE,BANKBEES,raw_l2/trade_date=2026-07-17/exchange=NSE/symbol=BANKBEES/part-064905_582901-025156.parquet,real_data_sample\l2_unseen_validation\trade_date=2026-07-17\exchange=NSE\symbol=BANKBEES\part-064905_582901-025156.parquet,35328,downloaded,35328,
2026-07-17,NSE,BANKBEES,raw_l2/trade_date=2026-07-17/exchange=NSE/symbol=BANKBEES/part-064919_558924-025188.parquet,real_data_sample\l2_unseen_validation\trade_date=2026-07-17\exchange=NSE\symbol=BANKBEES\part-064919_558924-025188.parquet,35031,downloaded,35031,
2026-07-17,NSE,BANKBEES,raw_l2/trade_date=2026-07-17/exchange=NSE/symbol=BANKBEES/part-065043_078654-025380.parquet,real_data_sample\l2_unseen_validation\trade_date=2026-07-17\exchange=NSE\symbol=BANKBEES\part-065043_078654-025380.parquet,34476,downloaded,34476,
2026-07-17,NSE,BANKBEES,raw_l2/trade_date=2026-07-17/exchange=NSE/symbol=BANKBEES/part-065057_311085-025412.parquet,real_data_sample\l2_unseen_validation\trade_date=2026-07-17\exchange=NSE\symbol=BANKBEES\part-065057_311085-025412.parquet,34407,downloaded,34407,
2026-07-17,NSE,BANKBEES,raw_l2/trade_date=2026-07-17/exchange=NSE/symbol=BANKBEES/part-065111_329972-025444.parquet,real_data_sample\l2_unseen_validation\trade_date=2026-07-17\exchange=NSE\symbol=BANKBEES\part-065111_329972-025444.parquet,34487,downloaded,34487,
2026-07-17,NSE,BANKBEES,raw_l2/trade_date=2026-07-17/exchange=NSE/symbol=BANKBEES/part-065221_593371-025604.parquet,real_data_sample\l2_unseen_validation\trade_date=2026-07-17\exchange=NSE\symbol=BANKBEES\part-065221_593371-025604.parquet,35565,downloaded,35565,
2026-07-17,NSE,BANKBEES,raw_l2/trade_date=2026-07-17/exchange=NSE/symbol=BANKBEES/part-065139_346651-025508.parquet,real_data_sample\l2_unseen_validation\trade_date=2026-07-17\exchange=NSE\symbol=BANKBEES\part-065139_346651-025508.parquet,35084,downloaded,35084,
2026-07-17,NSE,BANKBEES,raw_l2/trade_date=2026-07-17/exchange=NSE/symbol=BANKBEES/part-065235_628500-025636.parquet,real_data_sample\l2_unseen_validation\trade_date=2026-07-17\exchange=NSE\symbol=BANKBEES\part-065235_628500-025636.parquet,35151,downloaded,35151,
2026-07-17,NSE,BANKBEES,raw_l2/trade_date=2026-07-17/exchange=NSE/symbol=BANKBEES/part-065153_308945-025540.parquet,real_data_sample\l2_unseen_validation\trade_date=2026-07-17\exchange=NSE\symbol=BANKBEES\part-065153_308945-025540.parquet,35270,downloaded,35270,
2026-07-17,NSE,BANKBEES,raw_l2/trade_date=2026-07-17/exchange=NSE/symbol=BANKBEES/part-065303_820690-025700.parquet,real_data_sample\l2_unseen_validation\trade_date=2026-07-17\exchange=NSE\symbol=BANKBEES\part-065303_820690-025700.parquet,35328,downloaded,35328,
2026-07-17,NSE,BANKBEES,raw_l2/trade_date=2026-07-17/exchange=NSE/symbol=BANKBEES/part-065249_594197-025668.parquet,real_data_sample\l2_unseen_validation\trade_date=2026-07-17\exchange=NSE\symbol=BANKBEES\part-065249_594197-025668.parquet,35034,downloaded,35034,
2026-07-17,NSE,BANKBEES,raw_l2/trade_date=2026-07-17/exchange=NSE/symbol=BANKBEES/part-065345_585193-025796.parquet,real_data_sample\l2_unseen_validation\trade_date=2026-07-17\exchange=NSE\symbol=BANKBEES\part-065345_585193-025796.parquet,34984,downloaded,34984,
2026-07-17,NSE,BANKBEES,raw_l2/trade_date=2026-07-17/exchange=NSE/symbol=BANKBEES/part-065413_821556-025860.parquet,real_data_sample\l2_unseen_validation\trade_date=2026-07-17\exchange=NSE\symbol=BANKBEES\part-065413_821556-025860.parquet,35081,downloaded,35081,
2026-07-17,NSE,BANKBEES,raw_l2/trade_date=2026-07-17/exchange=NSE/symbol=BANKBEES/part-065359_603355-025828.parquet,real_data_sample\l2_unseen_validation\trade_date=2026-07-17\exchange=NSE\symbol=BANKBEES\part-065359_603355-025828.parquet,34832,downloaded,34832,
2026-07-17,NSE,BANKBEES,raw_l2/trade_date=2026-07-17/exchange=NSE/symbol=BANKBEES/part-065331_854891-025764.parquet,real_data_sample\l2_unseen_validation\trade_date=2026-07-17\exchange=NSE\symbol=BANKBEES\part-065331_854891-025764.parquet,34966,downloaded,34966,
2026-07-17,NSE,BANKBEES,raw_l2/trade_date=2026-07-17/exchange=NSE/symbol=BANKBEES/part-065317_920670-025732.parquet,real_data_sample\l2_unseen_validation\trade_date=2026-07-17\exchange=NSE\symbol=BANKBEES\part-065317_920670-025732.parquet,35376,downloaded,35376,
2026-07-17,NSE,BANKBEES,raw_l2/trade_date=2026-07-17/exchange=NSE/symbol=BANKBEES/part-065716_325472-026276.parquet,real_data_sample\l2_unseen_validation\trade_date=2026-07-17\exchange=NSE\symbol=BANKBEES\part-065716_325472-026276.parquet,34602,downloaded,34602,
2026-07-17,NSE,BANKBEES,raw_l2/trade_date=2026-07-17/exchange=NSE/symbol=BANKBEES/part-065648_322004-026212.parquet,real_data_sample\l2_unseen_validation\trade_date=2026-07-17\exchange=NSE\symbol=BANKBEES\part-065648_322004-026212.parquet,34567,downloaded,34567,
2026-07-17,NSE,BANKBEES,raw_l2/trade_date=2026-07-17/exchange=NSE/symbol=BANKBEES/part-065812_839438-026404.parquet,real_data_sample\l2_unseen_validation\trade_date=2026-07-17\exchange=NSE\symbol=BANKBEES\part-065812_839438-026404.parquet,34534,downloaded,34534,
2026-07-17,NSE,BANKBEES,raw_l2/trade_date=2026-07-17/exchange=NSE/symbol=BANKBEES/part-065441_808672-025924.parquet,real_data_sample\l2_unseen_validation\trade_date=2026-07-17\exchange=NSE\symbol=BANKBEES\part-065441_808672-025924.parquet,34376,downloaded,34376,
2026-07-17,NSE,BANKBEES,raw_l2/trade_date=2026-07-17/exchange=NSE/symbol=BANKBEES/part-065620_357349-026148.parquet,real_data_sample\l2_unseen_validation\trade_date=2026-07-17\exchange=NSE\symbol=BANKBEES\part-065620_357349-026148.parquet,34534,downloaded,34534,
2026-07-17,NSE,BANKBEES,raw_l2/trade_date=2026-07-17/exchange=NSE/symbol=BANKBEES/part-065744_354352-026340.parquet,real_data_sample\l2_unseen_validation\trade_date=2026-07-17\exchange=NSE\symbol=BANKBEES\part-065744_354352-026340.parquet,34406,downloaded,34406,
2026-07-17,NSE,BANKBEES,raw_l2/trade_date=2026-07-17/exchange=NSE/symbol=BANKBEES/part-065953_848145-026628.parquet,real_data_sample\l2_unseen_validation\trade_date=2026-07-17\exchange=NSE\symbol=BANKBEES\part-065953_848145-026628.parquet,34407,downloaded,34407,
2026-07-17,NSE,BANKBEES,raw_l2/trade_date=2026-07-17/exchange=NSE/symbol=BANKBEES/part-065939_153960-026596.parquet,real_data_sample\l2_unseen_validation\trade_date=2026-07-17\exchange=NSE\symbol=BANKBEES\part-065939_153960-026596.parquet,34656,downloaded,34656,
2026-07-17,NSE,BANKBEES,raw_l2/trade_date=2026-07-17/exchange=NSE/symbol=BANKBEES/part-065606_343212-026116.parquet,real_data_sample\l2_unseen_validation\trade_date=2026-07-17\exchange=NSE\symbol=BANKBEES\part-065606_343212-026116.parquet,34573,downloaded,34573,
2026-07-17,NSE,BANKBEES,raw_l2/trade_date=2026-07-17/exchange=NSE/symbol=BANKBEES/part-065841_624683-026468.parquet,real_data_sample\l2_unseen_validation\trade_date=2026-07-17\exchange=NSE\symbol=BANKBEES\part-065841_624683-026468.parquet,34858,downloaded,34858,
2026-07-17,NSE,BANKBEES,raw_l2/trade_date=2026-07-17/exchange=NSE/symbol=BANKBEES/part-065827_099638-026436.parquet,real_data_sample\l2_unseen_validation\trade_date=2026-07-17\exchange=NSE\symbol=BANKBEES\part-065827_099638-026436.parquet,34619,downloaded,34619,
2026-07-17,NSE,BANKBEES,raw_l2/trade_date=2026-07-17/exchange=NSE/symbol=BANKBEES/part-065730_355684-026308.parquet,real_data_sample\l2_unseen_validation\trade_date=2026-07-17\exchange=NSE\symbol=BANKBEES\part-065730_355684-026308.parquet,34656,downloaded,34656,
2026-07-17,NSE,BANKBEES,raw_l2/trade_date=2026-07-17/exchange=NSE/symbol=BANKBEES/part-065702_329100-026244.parquet,real_data_sample\l2_unseen_validation\trade_date=2026-07-17\exchange=NSE\symbol=BANKBEES\part-065702_329100-026244.parquet,34487,downloaded,34487,
2026-07-17,NSE,BANKBEES,raw_l2/trade_date=2026-07-17/exchange=NSE/symbol=BANKBEES/part-065910_098737-026532.parquet,real_data_sample\l2_unseen_validation\trade_date=2026-07-17\exchange=NSE\symbol=BANKBEES\part-065910_098737-026532.parquet,34468,downloaded,34468,
2026-07-17,NSE,BANKBEES,raw_l2/trade_date=2026-07-17/exchange=NSE/symbol=BANKBEES/part-065455_837866-025956.parquet,real_data_sample\l2_unseen_validation\trade_date=2026-07-17\exchange=NSE\symbol=BANKBEES\part-065455_837866-025956.parquet,34408,downloaded,34408,
2026-07-17,NSE,BANKBEES,raw_l2/trade_date=2026-07-17/exchange=NSE/symbol=BANKBEES/part-065634_308669-026180.parquet,real_data_sample\l2_unseen_validation\trade_date=2026-07-17\exchange=NSE\symbol=BANKBEES\part-065634_308669-026180.parquet,34492,downloaded,34492,
2026-07-17,NSE,BANKBEES,raw_l2/trade_date=2026-07-17/exchange=NSE/symbol=BANKBEES/part-065524_133584-026020.parquet,real_data_sample\l2_unseen_validation\trade_date=2026-07-17\exchange=NSE\symbol=BANKBEES\part-065524_133584-026020.parquet,34400,downloaded,34400,
2026-07-17,NSE,BANKBEES,raw_l2/trade_date=2026-07-17/exchange=NSE/symbol=BANKBEES/part-065855_864050-026500.parquet,real_data_sample\l2_unseen_validation\trade_date=2026-07-17\exchange=NSE\symbol=BANKBEES\part-065855_864050-026500.parquet,34513,downloaded,34513,
2026-07-17,NSE,BANKBEES,raw_l2/trade_date=2026-07-17/exchange=NSE/symbol=BANKBEES/part-065758_618392-026372.parquet,real_data_sample\l2_unseen_validation\trade_date=2026-07-17\exchange=NSE\symbol=BANKBEES\part-065758_618392-026372.parquet,34479,downloaded,34479,
2026-07-17,NSE,BANKBEES,raw_l2/trade_date=2026-07-17/exchange=NSE/symbol=BANKBEES/part-065427_844605-025892.parquet,real_data_sample\l2_unseen_validation\trade_date=2026-07-17\exchange=NSE\symbol=BANKBEES\part-065427_844605-025892.parquet,34768,downloaded,34768,
2026-07-17,NSE,BANKBEES,raw_l2/trade_date=2026-07-17/exchange=NSE/symbol=BANKBEES/part-065510_076531-025988.parquet,real_data_sample\l2_unseen_validation\trade_date=2026-07-17\exchange=NSE\symbol=BANKBEES\part-065510_076531-025988.parquet,34407,downloaded,34407,
2026-07-17,NSE,BANKBEES,raw_l2/trade_date=2026-07-17/exchange=NSE/symbol=BANKBEES/part-065552_345096-026084.parquet,real_data_sample\l2_unseen_validation\trade_date=2026-07-17\exchange=NSE\symbol=BANKBEES\part-065552_345096-026084.parquet,34519,downloaded,34519,
2026-07-17,NSE,BANKBEES,raw_l2/trade_date=2026-07-17/exchange=NSE/symbol=BANKBEES/part-065538_332706-026052.parquet,real_data_sample\l2_unseen_validation\trade_date=2026-07-17\exchange=NSE\symbol=BANKBEES\part-065538_332706-026052.parquet,34359,downloaded,34359,
2026-07-17,NSE,BANKBEES,raw_l2/trade_date=2026-07-17/exchange=NSE/symbol=BANKBEES/part-065924_357606-026564.parquet,real_data_sample\l2_unseen_validation\trade_date=2026-07-17\exchange=NSE\symbol=BANKBEES\part-065924_357606-026564.parquet,34505,downloaded,34505,
2026-07-17,NSE,BANKBEES,raw_l2/trade_date=2026-07-17/exchange=NSE/symbol=BANKBEES/part-070008_397020-026660.parquet,real_data_sample\l2_unseen_validation\trade_date=2026-07-17\exchange=NSE\symbol=BANKBEES\part-070008_397020-026660.parquet,34579,downloaded,34579,
2026-07-17,NSE,BANKBEES,raw_l2/trade_date=2026-07-17/exchange=NSE/symbol=BANKBEES/part-070023_094629-026692.parquet,real_data_sample\l2_unseen_validation\trade_date=2026-07-17\exchange=NSE\symbol=BANKBEES\part-070023_094629-026692.parquet,34494,downloaded,34494,
2026-07-17,NSE,BANKBEES,raw_l2/trade_date=2026-07-17/exchange=NSE/symbol=BANKBEES/part-070037_363860-026724.parquet,real_data_sample\l2_unseen_validation\trade_date=2026-07-17\exchange=NSE\symbol=BANKBEES\part-070037_363860-026724.parquet,34382,downloaded,34382,
2026-07-17,NSE,BANKBEES,raw_l2/trade_date=2026-07-17/exchange=NSE/symbol=BANKBEES/part-070121_398893-026820.parquet,real_data_sample\l2_unseen_validation\trade_date=2026-07-17\exchange=NSE\symbol=BANKBEES\part-070121_398893-026820.parquet,34571,downloaded,34571,
2026-07-17,NSE,BANKBEES,raw_l2/trade_date=2026-07-17/exchange=NSE/symbol=BANKBEES/part-070135_904321-026852.parquet,real_data_sample\l2_unseen_validation\trade_date=2026-07-17\exchange=NSE\symbol=BANKBEES\part-070135_904321-026852.parquet,34662,downloaded,34662,
2026-07-17,NSE,BANKBEES,raw_l2/trade_date=2026-07-17/exchange=NSE/symbol=BANKBEES/part-070051_902727-026756.parquet,real_data_sample\l2_unseen_validation\trade_date=2026-07-17\exchange=NSE\symbol=BANKBEES\part-070051_902727-026756.parquet,34721,downloaded,34721,
2026-07-17,NSE,BANKBEES,raw_l2/trade_date=2026-07-17/exchange=NSE/symbol=BANKBEES/part-070151_202775-026884.parquet,real_data_sample\l2_unseen_validation\trade_date=2026-07-17\exchange=NSE\symbol=BANKBEES\part-070151_202775-026884.parquet,34623,downloaded,34623,
2026-07-17,NSE,BANKBEES,raw_l2/trade_date=2026-07-17/exchange=NSE/symbol=BANKBEES/part-070106_821334-026788.parquet,real_data_sample\l2_unseen_validation\trade_date=2026-07-17\exchange=NSE\symbol=BANKBEES\part-070106_821334-026788.parquet,34655,downloaded,34655,
2026-07-17,NSE,BANKBEES,raw_l2/trade_date=2026-07-17/exchange=NSE/symbol=BANKBEES/part-070220_320530-026948.parquet,real_data_sample\l2_unseen_validation\trade_date=2026-07-17\exchange=NSE\symbol=BANKBEES\part-070220_320530-026948.parquet,34542,downloaded,34542,
2026-07-17,NSE,BANKBEES,raw_l2/trade_date=2026-07-17/exchange=NSE/symbol=BANKBEES/part-070205_669940-026916.parquet,real_data_sample\l2_unseen_validation\trade_date=2026-07-17\exchange=NSE\symbol=BANKBEES\part-070205_669940-026916.parquet,34700,downloaded,34700,
2026-07-17,NSE,BANKBEES,raw_l2/trade_date=2026-07-17/exchange=NSE/symbol=BANKBEES/part-070333_898810-027108.parquet,real_data_sample\l2_unseen_validation\trade_date=2026-07-17\exchange=NSE\symbol=BANKBEES\part-070333_898810-027108.parquet,35496,downloaded,35496,
2026-07-17,NSE,BANKBEES,raw_l2/trade_date=2026-07-17/exchange=NSE/symbol=BANKBEES/part-070249_390809-027012.parquet,real_data_sample\l2_unseen_validation\trade_date=2026-07-17\exchange=NSE\symbol=BANKBEES\part-070249_390809-027012.parquet,34636,downloaded,34636,
2026-07-17,NSE,BANKBEES,raw_l2/trade_date=2026-07-17/exchange=NSE/symbol=BANKBEES/part-070348_155804-027140.parquet,real_data_sample\l2_unseen_validation\trade_date=2026-07-17\exchange=NSE\symbol=BANKBEES\part-070348_155804-027140.parquet,35531,downloaded,35531,
2026-07-17,NSE,BANKBEES,raw_l2/trade_date=2026-07-17/exchange=NSE/symbol=BANKBEES/part-070235_094462-026980.parquet,real_data_sample\l2_unseen_validation\trade_date=2026-07-17\exchange=NSE\symbol=BANKBEES\part-070235_094462-026980.parquet,34675,downloaded,34675,
2026-07-17,NSE,BANKBEES,raw_l2/trade_date=2026-07-17/exchange=NSE/symbol=BANKBEES/part-070319_375071-027076.parquet,real_data_sample\l2_unseen_validation\trade_date=2026-07-17\exchange=NSE\symbol=BANKBEES\part-070319_375071-027076.parquet,35148,downloaded,35148,
2026-07-17,NSE,BANKBEES,raw_l2/trade_date=2026-07-17/exchange=NSE/symbol=BANKBEES/part-070402_595442-027172.parquet,real_data_sample\l2_unseen_validation\trade_date=2026-07-17\exchange=NSE\symbol=BANKBEES\part-070402_595442-027172.parquet,35179,downloaded,35179,
2026-07-17,NSE,BANKBEES,raw_l2/trade_date=2026-07-17/exchange=NSE/symbol=BANKBEES/part-070304_715666-027044.parquet,real_data_sample\l2_unseen_validation\trade_date=2026-07-17\exchange=NSE\symbol=BANKBEES\part-070304_715666-027044.parquet,34507,downloaded,34507,
2026-07-17,NSE,BANKBEES,raw_l2/trade_date=2026-07-17/exchange=NSE/symbol=BANKBEES/part-070514_428155-027332.parquet,real_data_sample\l2_unseen_validation\trade_date=2026-07-17\exchange=NSE\symbol=BANKBEES\part-070514_428155-027332.parquet,35060,downloaded,35060,
2026-07-17,NSE,BANKBEES,raw_l2/trade_date=2026-07-17/exchange=NSE/symbol=BANKBEES/part-070820_108511-027748.parquet,real_data_sample\l2_unseen_validation\trade_date=2026-07-17\exchange=NSE\symbol=BANKBEES\part-070820_108511-027748.parquet,34541,downloaded,34541,
2026-07-17,NSE,BANKBEES,raw_l2/trade_date=2026-07-17/exchange=NSE/symbol=BANKBEES/part-070543_435009-027396.parquet,real_data_sample\l2_unseen_validation\trade_date=2026-07-17\exchange=NSE\symbol=BANKBEES\part-070543_435009-027396.parquet,34694,downloaded,34694,
2026-07-17,NSE,BANKBEES,raw_l2/trade_date=2026-07-17/exchange=NSE/symbol=BANKBEES/part-070612_102845-027460.parquet,real_data_sample\l2_unseen_validation\trade_date=2026-07-17\exchange=NSE\symbol=BANKBEES\part-070612_102845-027460.parquet,34319,downloaded,34319,
2026-07-17,NSE,BANKBEES,raw_l2/trade_date=2026-07-17/exchange=NSE/symbol=BANKBEES/part-070806_078776-027716.parquet,real_data_sample\l2_unseen_validation\trade_date=2026-07-17\exchange=NSE\symbol=BANKBEES\part-070806_078776-027716.parquet,34582,downloaded,34582,
2026-07-17,NSE,BANKBEES,raw_l2/trade_date=2026-07-17/exchange=NSE/symbol=BANKBEES/part-070626_362757-027492.parquet,real_data_sample\l2_unseen_validation\trade_date=2026-07-17\exchange=NSE\symbol=BANKBEES\part-070626_362757-027492.parquet,34562,downloaded,34562,
2026-07-17,NSE,BANKBEES,raw_l2/trade_date=2026-07-17/exchange=NSE/symbol=BANKBEES/part-070528_840749-027364.parquet,real_data_sample\l2_unseen_validation\trade_date=2026-07-17\exchange=NSE\symbol=BANKBEES\part-070528_840749-027364.parquet,34391,downloaded,34391,
2026-07-17,NSE,BANKBEES,raw_l2/trade_date=2026-07-17/exchange=NSE/symbol=BANKBEES/part-070445_329610-027268.parquet,real_data_sample\l2_unseen_validation\trade_date=2026-07-17\exchange=NSE\symbol=BANKBEES\part-070445_329610-027268.parquet,35071,downloaded,35071,
2026-07-17,NSE,BANKBEES,raw_l2/trade_date=2026-07-17/exchange=NSE/symbol=BANKBEES/part-070640_849876-027524.parquet,real_data_sample\l2_unseen_validation\trade_date=2026-07-17\exchange=NSE\symbol=BANKBEES\part-070640_849876-027524.parquet,34385,downloaded,34385,
2026-07-17,NSE,BANKBEES,raw_l2/trade_date=2026-07-17/exchange=NSE/symbol=BANKBEES/part-070655_142251-027556.parquet,real_data_sample\l2_unseen_validation\trade_date=2026-07-17\exchange=NSE\symbol=BANKBEES\part-070655_142251-027556.parquet,34504,downloaded,34504,
2026-07-17,NSE,BANKBEES,raw_l2/trade_date=2026-07-17/exchange=NSE/symbol=BANKBEES/part-070459_666505-027300.parquet,real_data_sample\l2_unseen_validation\trade_date=2026-07-17\exchange=NSE\symbol=BANKBEES\part-070459_666505-027300.parquet,35261,downloaded,35261,
2026-07-17,NSE,BANKBEES,raw_l2/trade_date=2026-07-17/exchange=NSE/symbol=BANKBEES/part-070932_143972-027908.parquet,real_data_sample\l2_unseen_validation\trade_date=2026-07-17\exchange=NSE\symbol=BANKBEES\part-070932_143972-027908.parquet,34915,downloaded,34915,
2026-07-17,NSE,BANKBEES,raw_l2/trade_date=2026-07-17/exchange=NSE/symbol=BANKBEES/part-070557_629622-027428.parquet,real_data_sample\l2_unseen_validation\trade_date=2026-07-17\exchange=NSE\symbol=BANKBEES\part-070557_629622-027428.parquet,34428,downloaded,34428,
2026-07-17,NSE,BANKBEES,raw_l2/trade_date=2026-07-17/exchange=NSE/symbol=BANKBEES/part-070723_642796-027620.parquet,real_data_sample\l2_unseen_validation\trade_date=2026-07-17\exchange=NSE\symbol=BANKBEES\part-070723_642796-027620.parquet,34590,downloaded,34590,
2026-07-17,NSE,BANKBEES,raw_l2/trade_date=2026-07-17/exchange=NSE/symbol=BANKBEES/part-070416_905087-027204.parquet,real_data_sample\l2_unseen_validation\trade_date=2026-07-17\exchange=NSE\symbol=BANKBEES\part-070416_905087-027204.parquet,35116,downloaded,35116,
2026-07-17,NSE,BANKBEES,raw_l2/trade_date=2026-07-17/exchange=NSE/symbol=BANKBEES/part-070709_366694-027588.parquet,real_data_sample\l2_unseen_validation\trade_date=2026-07-17\exchange=NSE\symbol=BANKBEES\part-070709_366694-027588.parquet,34378,downloaded,34378,
2026-07-17,NSE,BANKBEES,raw_l2/trade_date=2026-07-17/exchange=NSE/symbol=BANKBEES/part-070737_862469-027652.parquet,real_data_sample\l2_unseen_validation\trade_date=2026-07-17\exchange=NSE\symbol=BANKBEES\part-070737_862469-027652.parquet,34369,downloaded,34369,
2026-07-17,NSE,BANKBEES,raw_l2/trade_date=2026-07-17/exchange=NSE/symbol=BANKBEES/part-070431_085456-027236.parquet,real_data_sample\l2_unseen_validation\trade_date=2026-07-17\exchange=NSE\symbol=BANKBEES\part-070431_085456-027236.parquet,35136,downloaded,35136,
2026-07-17,NSE,BANKBEES,raw_l2/trade_date=2026-07-17/exchange=NSE/symbol=BANKBEES/part-070752_107941-027684.parquet,real_data_sample\l2_unseen_validation\trade_date=2026-07-17\exchange=NSE\symbol=BANKBEES\part-070752_107941-027684.parquet,34617,downloaded,34617,
2026-07-17,NSE,BANKBEES,raw_l2/trade_date=2026-07-17/exchange=NSE/symbol=BANKBEES/part-070946_833287-027940.parquet,real_data_sample\l2_unseen_validation\trade_date=2026-07-17\exchange=NSE\symbol=BANKBEES\part-070946_833287-027940.parquet,35443,downloaded,35443,
2026-07-17,NSE,BANKBEES,raw_l2/trade_date=2026-07-17/exchange=NSE/symbol=BANKBEES/part-070848_884258-027812.parquet,real_data_sample\l2_unseen_validation\trade_date=2026-07-17\exchange=NSE\symbol=BANKBEES\part-070848_884258-027812.parquet,34513,downloaded,34513,
2026-07-17,NSE,BANKBEES,raw_l2/trade_date=2026-07-17/exchange=NSE/symbol=BANKBEES/part-071001_087841-027972.parquet,real_data_sample\l2_unseen_validation\trade_date=2026-07-17\exchange=NSE\symbol=BANKBEES\part-071001_087841-027972.parquet,35102,downloaded,35102,
2026-07-17,NSE,BANKBEES,raw_l2/trade_date=2026-07-17/exchange=NSE/symbol=BANKBEES/part-070903_150634-027844.parquet,real_data_sample\l2_unseen_validation\trade_date=2026-07-17\exchange=NSE\symbol=BANKBEES\part-070903_150634-027844.parquet,34796,downloaded,34796,
2026-07-17,NSE,BANKBEES,raw_l2/trade_date=2026-07-17/exchange=NSE/symbol=BANKBEES/part-070917_599760-027876.parquet,real_data_sample\l2_unseen_validation\trade_date=2026-07-17\exchange=NSE\symbol=BANKBEES\part-070917_599760-027876.parquet,34654,downloaded,34654,
2026-07-17,NSE,BANKBEES,raw_l2/trade_date=2026-07-17/exchange=NSE/symbol=BANKBEES/part-070834_391881-027780.parquet,real_data_sample\l2_unseen_validation\trade_date=2026-07-17\exchange=NSE\symbol=BANKBEES\part-070834_391881-027780.parquet,34573,downloaded,34573,
2026-07-17,NSE,BANKBEES,raw_l2/trade_date=2026-07-17/exchange=NSE/symbol=BANKBEES/part-071043_401151-028068.parquet,real_data_sample\l2_unseen_validation\trade_date=2026-07-17\exchange=NSE\symbol=BANKBEES\part-071043_401151-028068.parquet,35427,downloaded,35427,
2026-07-17,NSE,BANKBEES,raw_l2/trade_date=2026-07-17/exchange=NSE/symbol=BANKBEES/part-071112_638950-028132.parquet,real_data_sample\l2_unseen_validation\trade_date=2026-07-17\exchange=NSE\symbol=BANKBEES\part-071112_638950-028132.parquet,35781,downloaded,35781,
2026-07-17,NSE,BANKBEES,raw_l2/trade_date=2026-07-17/exchange=NSE/symbol=BANKBEES/part-071058_129318-028100.parquet,real_data_sample\l2_unseen_validation\trade_date=2026-07-17\exchange=NSE\symbol=BANKBEES\part-071058_129318-028100.parquet,35337,downloaded,35337,
2026-07-17,NSE,BANKBEES,raw_l2/trade_date=2026-07-17/exchange=NSE/symbol=BANKBEES/part-071015_340540-028004.parquet,real_data_sample\l2_unseen_validation\trade_date=2026-07-17\exchange=NSE\symbol=BANKBEES\part-071015_340540-028004.parquet,35007,downloaded,35007,
2026-07-17,NSE,BANKBEES,raw_l2/trade_date=2026-07-17/exchange=NSE/symbol=BANKBEES/part-071127_119801-028164.parquet,real_data_sample\l2_unseen_validation\trade_date=2026-07-17\exchange=NSE\symbol=BANKBEES\part-071127_119801-028164.parquet,35415,downloaded,35415,
2026-07-17,NSE,BANKBEES,raw_l2/trade_date=2026-07-17/exchange=NSE/symbol=BANKBEES/part-071141_731184-028196.parquet,real_data_sample\l2_unseen_validation\trade_date=2026-07-17\exchange=NSE\symbol=BANKBEES\part-071141_731184-028196.parquet,35738,downloaded,35738,
2026-07-17,NSE,BANKBEES,raw_l2/trade_date=2026-07-17/exchange=NSE/symbol=BANKBEES/part-071029_360590-028036.parquet,real_data_sample\l2_unseen_validation\trade_date=2026-07-17\exchange=NSE\symbol=BANKBEES\part-071029_360590-028036.parquet,35417,downloaded,35417,
2026-07-17,NSE,BANKBEES,raw_l2/trade_date=2026-07-17/exchange=NSE/symbol=BANKBEES/part-071156_364620-028228.parquet,real_data_sample\l2_unseen_validation\trade_date=2026-07-17\exchange=NSE\symbol=BANKBEES\part-071156_364620-028228.parquet,35136,downloaded,35136,
2026-07-17,NSE,BANKBEES,raw_l2/trade_date=2026-07-17/exchange=NSE/symbol=BANKBEES/part-071308_350263-028388.parquet,real_data_sample\l2_unseen_validation\trade_date=2026-07-17\exchange=NSE\symbol=BANKBEES\part-071308_350263-028388.parquet,34597,downloaded,34597,
2026-07-17,NSE,BANKBEES,raw_l2/trade_date=2026-07-17/exchange=NSE/symbol=BANKBEES/part-071254_198467-028356.parquet,real_data_sample\l2_unseen_validation\trade_date=2026-07-17\exchange=NSE\symbol=BANKBEES\part-071254_198467-028356.parquet,34572,downloaded,34572,
2026-07-17,NSE,BANKBEES,raw_l2/trade_date=2026-07-17/exchange=NSE/symbol=BANKBEES/part-071239_855509-028324.parquet,real_data_sample\l2_unseen_validation\trade_date=2026-07-17\exchange=NSE\symbol=BANKBEES\part-071239_855509-028324.parquet,34642,downloaded,34642,
2026-07-17,NSE,BANKBEES,raw_l2/trade_date=2026-07-17/exchange=NSE/symbol=BANKBEES/part-071336_837402-028452.parquet,real_data_sample\l2_unseen_validation\trade_date=2026-07-17\exchange=NSE\symbol=BANKBEES\part-071336_837402-028452.parquet,34461,downloaded,34461,
2026-07-17,NSE,BANKBEES,raw_l2/trade_date=2026-07-17/exchange=NSE/symbol=BANKBEES/part-071225_407237-028292.parquet,real_data_sample\l2_unseen_validation\trade_date=2026-07-17\exchange=NSE\symbol=BANKBEES\part-071225_407237-028292.parquet,34766,downloaded,34766,
2026-07-17,NSE,BANKBEES,raw_l2/trade_date=2026-07-17/exchange=NSE/symbol=BANKBEES/part-071322_648250-028420.parquet,real_data_sample\l2_unseen_validation\trade_date=2026-07-17\exchange=NSE\symbol=BANKBEES\part-071322_648250-028420.parquet,34525,downloaded,34525,
2026-07-17,NSE,BANKBEES,raw_l2/trade_date=2026-07-17/exchange=NSE/symbol=BANKBEES/part-071210_872364-028260.parquet,real_data_sample\l2_unseen_validation\trade_date=2026-07-17\exchange=NSE\symbol=BANKBEES\part-071210_872364-028260.parquet,35000,downloaded,35000,
2026-07-17,NSE,BANKBEES,raw_l2/trade_date=2026-07-17/exchange=NSE/symbol=BANKBEES/part-071405_608642-028516.parquet,real_data_sample\l2_unseen_validation\trade_date=2026-07-17\exchange=NSE\symbol=BANKBEES\part-071405_608642-028516.parquet,34463,downloaded,34463,
2026-07-17,NSE,BANKBEES,raw_l2/trade_date=2026-07-17/exchange=NSE/symbol=BANKBEES/part-071351_400045-028484.parquet,real_data_sample\l2_unseen_validation\trade_date=2026-07-17\exchange=NSE\symbol=BANKBEES\part-071351_400045-028484.parquet,34376,downloaded,34376,
2026-07-17,NSE,BANKBEES,raw_l2/trade_date=2026-07-17/exchange=NSE/symbol=BANKBEES/part-071419_916564-028548.parquet,real_data_sample\l2_unseen_validation\trade_date=2026-07-17\exchange=NSE\symbol=BANKBEES\part-071419_916564-028548.parquet,34486,downloaded,34486,
2026-07-17,NSE,BANKBEES,raw_l2/trade_date=2026-07-17/exchange=NSE/symbol=BANKBEES/part-071921_455618-029220.parquet,real_data_sample\l2_unseen_validation\trade_date=2026-07-17\exchange=NSE\symbol=BANKBEES\part-071921_455618-029220.parquet,34731,downloaded,34731,
2026-07-17,NSE,BANKBEES,raw_l2/trade_date=2026-07-17/exchange=NSE/symbol=BANKBEES/part-071907_324881-029188.parquet,real_data_sample\l2_unseen_validation\trade_date=2026-07-17\exchange=NSE\symbol=BANKBEES\part-071907_324881-029188.parquet,34637,downloaded,34637,
2026-07-17,NSE,BANKBEES,raw_l2/trade_date=2026-07-17/exchange=NSE/symbol=BANKBEES/part-071531_626397-028708.parquet,real_data_sample\l2_unseen_validation\trade_date=2026-07-17\exchange=NSE\symbol=BANKBEES\part-071531_626397-028708.parquet,34584,downloaded,34584,
2026-07-17,NSE,BANKBEES,raw_l2/trade_date=2026-07-17/exchange=NSE/symbol=BANKBEES/part-071517_404714-028676.parquet,real_data_sample\l2_unseen_validation\trade_date=2026-07-17\exchange=NSE\symbol=BANKBEES\part-071517_404714-028676.parquet,34550,downloaded,34550,
2026-07-17,NSE,BANKBEES,raw_l2/trade_date=2026-07-17/exchange=NSE/symbol=BANKBEES/part-071448_443353-028612.parquet,real_data_sample\l2_unseen_validation\trade_date=2026-07-17\exchange=NSE\symbol=BANKBEES\part-071448_443353-028612.parquet,34481,downloaded,34481,
2026-07-17,NSE,BANKBEES,raw_l2/trade_date=2026-07-17/exchange=NSE/symbol=BANKBEES/part-071502_891746-028644.parquet,real_data_sample\l2_unseen_validation\trade_date=2026-07-17\exchange=NSE\symbol=BANKBEES\part-071502_891746-028644.parquet,34644,downloaded,34644,
2026-07-17,NSE,BANKBEES,raw_l2/trade_date=2026-07-17/exchange=NSE/symbol=BANKBEES/part-071546_097923-028740.parquet,real_data_sample\l2_unseen_validation\trade_date=2026-07-17\exchange=NSE\symbol=BANKBEES\part-071546_097923-028740.parquet,34366,downloaded,34366,
2026-07-17,NSE,BANKBEES,raw_l2/trade_date=2026-07-17/exchange=NSE/symbol=BANKBEES/part-071434_114665-028580.parquet,real_data_sample\l2_unseen_validation\trade_date=2026-07-17\exchange=NSE\symbol=BANKBEES\part-071434_114665-028580.parquet,34523,downloaded,34523,
2026-07-17,NSE,BANKBEES,raw_l2/trade_date=2026-07-17/exchange=NSE/symbol=BANKBEES/part-071935_850577-029252.parquet,real_data_sample\l2_unseen_validation\trade_date=2026-07-17\exchange=NSE\symbol=BANKBEES\part-071935_850577-029252.parquet,34624,downloaded,34624,
2026-07-17,NSE,BANKBEES,raw_l2/trade_date=2026-07-17/exchange=NSE/symbol=BANKBEES/part-071950_106003-029284.parquet,real_data_sample\l2_unseen_validation\trade_date=2026-07-17\exchange=NSE\symbol=BANKBEES\part-071950_106003-029284.parquet,34482,downloaded,34482,
2026-07-17,NSE,BANKBEES,raw_l2/trade_date=2026-07-17/exchange=NSE/symbol=BANKBEES/part-072004_137587-029316.parquet,real_data_sample\l2_unseen_validation\trade_date=2026-07-17\exchange=NSE\symbol=BANKBEES\part-072004_137587-029316.parquet,34690,downloaded,34690,
2026-07-17,NSE,BANKBEES,raw_l2/trade_date=2026-07-17/exchange=NSE/symbol=BANKBEES/part-072018_580457-029348.parquet,real_data_sample\l2_unseen_validation\trade_date=2026-07-17\exchange=NSE\symbol=BANKBEES\part-072018_580457-029348.parquet,34605,downloaded,34605,
2026-07-17,NSE,BANKBEES,raw_l2/trade_date=2026-07-17/exchange=NSE/symbol=BANKBEES/part-072032_853068-029380.parquet,real_data_sample\l2_unseen_validation\trade_date=2026-07-17\exchange=NSE\symbol=BANKBEES\part-072032_853068-029380.parquet,34527,downloaded,34527,
2026-07-17,NSE,BANKBEES,raw_l2/trade_date=2026-07-17/exchange=NSE/symbol=BANKBEES/part-072115_622899-029476.parquet,real_data_sample\l2_unseen_validation\trade_date=2026-07-17\exchange=NSE\symbol=BANKBEES\part-072115_622899-029476.parquet,34946,downloaded,34946,
2026-07-17,NSE,BANKBEES,raw_l2/trade_date=2026-07-17/exchange=NSE/symbol=BANKBEES/part-072143_840856-029540.parquet,real_data_sample\l2_unseen_validation\trade_date=2026-07-17\exchange=NSE\symbol=BANKBEES\part-072143_840856-029540.parquet,35787,downloaded,35787,
2026-07-17,NSE,BANKBEES,raw_l2/trade_date=2026-07-17/exchange=NSE/symbol=BANKBEES/part-072129_629766-029508.parquet,real_data_sample\l2_unseen_validation\trade_date=2026-07-17\exchange=NSE\symbol=BANKBEES\part-072129_629766-029508.parquet,34782,downloaded,34782,
2026-07-17,NSE,BANKBEES,raw_l2/trade_date=2026-07-17/exchange=NSE/symbol=BANKBEES/part-072101_367793-029444.parquet,real_data_sample\l2_unseen_validation\trade_date=2026-07-17\exchange=NSE\symbol=BANKBEES\part-072101_367793-029444.parquet,34572,downloaded,34572,
2026-07-17,NSE,BANKBEES,raw_l2/trade_date=2026-07-17/exchange=NSE/symbol=BANKBEES/part-072047_118901-029412.parquet,real_data_sample\l2_unseen_validation\trade_date=2026-07-17\exchange=NSE\symbol=BANKBEES\part-072047_118901-029412.parquet,34568,downloaded,34568,
2026-07-17,NSE,BANKBEES,raw_l2/trade_date=2026-07-17/exchange=NSE/symbol=BANKBEES/part-072212_855907-029604.parquet,real_data_sample\l2_unseen_validation\trade_date=2026-07-17\exchange=NSE\symbol=BANKBEES\part-072212_855907-029604.parquet,35592,downloaded,35592,
2026-07-17,NSE,BANKBEES,raw_l2/trade_date=2026-07-17/exchange=NSE/symbol=BANKBEES/part-072157_855711-029572.parquet,real_data_sample\l2_unseen_validation\trade_date=2026-07-17\exchange=NSE\symbol=BANKBEES\part-072157_855711-029572.parquet,35351,downloaded,35351,
2026-07-17,NSE,BANKBEES,raw_l2/trade_date=2026-07-17/exchange=NSE/symbol=BANKBEES/part-072226_833462-029636.parquet,real_data_sample\l2_unseen_validation\trade_date=2026-07-17\exchange=NSE\symbol=BANKBEES\part-072226_833462-029636.parquet,35227,downloaded,35227,
2026-07-17,NSE,BANKBEES,raw_l2/trade_date=2026-07-17/exchange=NSE/symbol=BANKBEES/part-072241_119886-029668.parquet,real_data_sample\l2_unseen_validation\trade_date=2026-07-17\exchange=NSE\symbol=BANKBEES\part-072241_119886-029668.parquet,35366,downloaded,35366,
2026-07-17,NSE,BANKBEES,raw_l2/trade_date=2026-07-17/exchange=NSE/symbol=BANKBEES/part-071837_391016-029124.parquet,real_data_sample\l2_unseen_validation\trade_date=2026-07-17\exchange=NSE\symbol=BANKBEES\part-071837_391016-029124.parquet,34392,downloaded,34392,
2026-07-17,NSE,BANKBEES,raw_l2/trade_date=2026-07-17/exchange=NSE/symbol=BANKBEES/part-071725_821510-028964.parquet,real_data_sample\l2_unseen_validation\trade_date=2026-07-17\exchange=NSE\symbol=BANKBEES\part-071725_821510-028964.parquet,34305,downloaded,34305,
2026-07-17,NSE,BANKBEES,raw_l2/trade_date=2026-07-17/exchange=NSE/symbol=BANKBEES/part-071643_335084-028868.parquet,real_data_sample\l2_unseen_validation\trade_date=2026-07-17\exchange=NSE\symbol=BANKBEES\part-071643_335084-028868.parquet,34533,downloaded,34533,
2026-07-17,NSE,BANKBEES,raw_l2/trade_date=2026-07-17/exchange=NSE/symbol=BANKBEES/part-072615_065794-030148.parquet,real_data_sample\l2_unseen_validation\trade_date=2026-07-17\exchange=NSE\symbol=BANKBEES\part-072615_065794-030148.parquet,35109,downloaded,35109,
2026-07-17,NSE,BANKBEES,raw_l2/trade_date=2026-07-17/exchange=NSE/symbol=BANKBEES/part-072255_368632-029700.parquet,real_data_sample\l2_unseen_validation\trade_date=2026-07-17\exchange=NSE\symbol=BANKBEES\part-072255_368632-029700.parquet,35312,downloaded,35312,
2026-07-17,NSE,BANKBEES,raw_l2/trade_date=2026-07-17/exchange=NSE/symbol=BANKBEES/part-072600_827990-030116.parquet,real_data_sample\l2_unseen_validation\trade_date=2026-07-17\exchange=NSE\symbol=BANKBEES\part-072600_827990-030116.parquet,35290,downloaded,35290,
2026-07-17,NSE,BANKBEES,raw_l2/trade_date=2026-07-17/exchange=NSE/symbol=BANKBEES/part-071711_610748-028932.parquet,real_data_sample\l2_unseen_validation\trade_date=2026-07-17\exchange=NSE\symbol=BANKBEES\part-071711_610748-028932.parquet,34728,downloaded,34728,
2026-07-17,NSE,BANKBEES,raw_l2/trade_date=2026-07-17/exchange=NSE/symbol=BANKBEES/part-072421_089180-029892.parquet,real_data_sample\l2_unseen_validation\trade_date=2026-07-17\exchange=NSE\symbol=BANKBEES\part-072421_089180-029892.parquet,35358,downloaded,35358,
2026-07-17,NSE,BANKBEES,raw_l2/trade_date=2026-07-17/exchange=NSE/symbol=BANKBEES/part-072518_336805-030020.parquet,real_data_sample\l2_unseen_validation\trade_date=2026-07-17\exchange=NSE\symbol=BANKBEES\part-072518_336805-030020.parquet,35058,downloaded,35058,
2026-07-17,NSE,BANKBEES,raw_l2/trade_date=2026-07-17/exchange=NSE/symbol=BANKBEES/part-072323_850453-029764.parquet,real_data_sample\l2_unseen_validation\trade_date=2026-07-17\exchange=NSE\symbol=BANKBEES\part-072323_850453-029764.parquet,35497,downloaded,35497,
2026-07-17,NSE,BANKBEES,raw_l2/trade_date=2026-07-17/exchange=NSE/symbol=BANKBEES/part-072406_893046-029860.parquet,real_data_sample\l2_unseen_validation\trade_date=2026-07-17\exchange=NSE\symbol=BANKBEES\part-072406_893046-029860.parquet,35323,downloaded,35323,
2026-07-17,NSE,BANKBEES,raw_l2/trade_date=2026-07-17/exchange=NSE/symbol=BANKBEES/part-072435_365887-029924.parquet,real_data_sample\l2_unseen_validation\trade_date=2026-07-17\exchange=NSE\symbol=BANKBEES\part-072435_365887-029924.parquet,35512,downloaded,35512,
2026-07-17,NSE,BANKBEES,raw_l2/trade_date=2026-07-17/exchange=NSE/symbol=BANKBEES/part-072504_325483-029988.parquet,real_data_sample\l2_unseen_validation\trade_date=2026-07-17\exchange=NSE\symbol=BANKBEES\part-072504_325483-029988.parquet,35159,downloaded,35159,
2026-07-17,NSE,BANKBEES,raw_l2/trade_date=2026-07-17/exchange=NSE/symbol=BANKBEES/part-072532_604699-030052.parquet,real_data_sample\l2_unseen_validation\trade_date=2026-07-17\exchange=NSE\symbol=BANKBEES\part-072532_604699-030052.parquet,35294,downloaded,35294,
2026-07-17,NSE,BANKBEES,raw_l2/trade_date=2026-07-17/exchange=NSE/symbol=BANKBEES/part-071657_582607-028900.parquet,real_data_sample\l2_unseen_validation\trade_date=2026-07-17\exchange=NSE\symbol=BANKBEES\part-071657_582607-028900.parquet,34430,downloaded,34430,
2026-07-17,NSE,BANKBEES,raw_l2/trade_date=2026-07-17/exchange=NSE/symbol=BANKBEES/part-072352_633454-029828.parquet,real_data_sample\l2_unseen_validation\trade_date=2026-07-17\exchange=NSE\symbol=BANKBEES\part-072352_633454-029828.parquet,35180,downloaded,35180,
2026-07-17,NSE,BANKBEES,raw_l2/trade_date=2026-07-17/exchange=NSE/symbol=BANKBEES/part-072546_850210-030084.parquet,real_data_sample\l2_unseen_validation\trade_date=2026-07-17\exchange=NSE\symbol=BANKBEES\part-072546_850210-030084.parquet,34947,downloaded,34947,
2026-07-17,NSE,BANKBEES,raw_l2/trade_date=2026-07-17/exchange=NSE/symbol=BANKBEES/part-072338_365120-029796.parquet,real_data_sample\l2_unseen_validation\trade_date=2026-07-17\exchange=NSE\symbol=BANKBEES\part-072338_365120-029796.parquet,35263,downloaded,35263,
2026-07-17,NSE,BANKBEES,raw_l2/trade_date=2026-07-17/exchange=NSE/symbol=BANKBEES/part-071614_863970-028804.parquet,real_data_sample\l2_unseen_validation\trade_date=2026-07-17\exchange=NSE\symbol=BANKBEES\part-071614_863970-028804.parquet,34566,downloaded,34566,
2026-07-17,NSE,BANKBEES,raw_l2/trade_date=2026-07-17/exchange=NSE/symbol=BANKBEES/part-072449_632923-029956.parquet,real_data_sample\l2_unseen_validation\trade_date=2026-07-17\exchange=NSE\symbol=BANKBEES\part-072449_632923-029956.parquet,35369,downloaded,35369,
2026-07-17,NSE,BANKBEES,raw_l2/trade_date=2026-07-17/exchange=NSE/symbol=BANKBEES/part-072309_635967-029732.parquet,real_data_sample\l2_unseen_validation\trade_date=2026-07-17\exchange=NSE\symbol=BANKBEES\part-072309_635967-029732.parquet,35118,downloaded,35118,
2026-07-17,NSE,BANKBEES,raw_l2/trade_date=2026-07-17/exchange=NSE/symbol=BANKBEES/part-071808_632082-029060.parquet,real_data_sample\l2_unseen_validation\trade_date=2026-07-17\exchange=NSE\symbol=BANKBEES\part-071808_632082-029060.parquet,34331,downloaded,34331,
2026-07-17,NSE,BANKBEES,raw_l2/trade_date=2026-07-17/exchange=NSE/symbol=BANKBEES/part-072629_123449-030180.parquet,real_data_sample\l2_unseen_validation\trade_date=2026-07-17\exchange=NSE\symbol=BANKBEES\part-072629_123449-030180.parquet,34988,downloaded,34988,
2026-07-17,NSE,BANKBEES,raw_l2/trade_date=2026-07-17/exchange=NSE/symbol=BANKBEES/part-071823_097175-029092.parquet,real_data_sample\l2_unseen_validation\trade_date=2026-07-17\exchange=NSE\symbol=BANKBEES\part-071823_097175-029092.parquet,34363,downloaded,34363,
2026-07-17,NSE,BANKBEES,raw_l2/trade_date=2026-07-17/exchange=NSE/symbol=BANKBEES/part-071740_092283-028996.parquet,real_data_sample\l2_unseen_validation\trade_date=2026-07-17\exchange=NSE\symbol=BANKBEES\part-071740_092283-028996.parquet,34444,downloaded,34444,
2026-07-17,NSE,BANKBEES,raw_l2/trade_date=2026-07-17/exchange=NSE/symbol=BANKBEES/part-071852_189742-029156.parquet,real_data_sample\l2_unseen_validation\trade_date=2026-07-17\exchange=NSE\symbol=BANKBEES\part-071852_189742-029156.parquet,34426,downloaded,34426,
2026-07-17,NSE,BANKBEES,raw_l2/trade_date=2026-07-17/exchange=NSE/symbol=BANKBEES/part-071600_607332-028772.parquet,real_data_sample\l2_unseen_validation\trade_date=2026-07-17\exchange=NSE\symbol=BANKBEES\part-071600_607332-028772.parquet,34412,downloaded,34412,
2026-07-17,NSE,BANKBEES,raw_l2/trade_date=2026-07-17/exchange=NSE/symbol=BANKBEES/part-072643_822887-030212.parquet,real_data_sample\l2_unseen_validation\trade_date=2026-07-17\exchange=NSE\symbol=BANKBEES\part-072643_822887-030212.parquet,35262,downloaded,35262,
2026-07-17,NSE,BANKBEES,raw_l2/trade_date=2026-07-17/exchange=NSE/symbol=BANKBEES/part-071629_124635-028836.parquet,real_data_sample\l2_unseen_validation\trade_date=2026-07-17\exchange=NSE\symbol=BANKBEES\part-071629_124635-028836.parquet,34597,downloaded,34597,
2026-07-17,NSE,BANKBEES,raw_l2/trade_date=2026-07-17/exchange=NSE/symbol=BANKBEES/part-072657_868897-030244.parquet,real_data_sample\l2_unseen_validation\trade_date=2026-07-17\exchange=NSE\symbol=BANKBEES\part-072657_868897-030244.parquet,35111,downloaded,35111,
2026-07-17,NSE,BANKBEES,raw_l2/trade_date=2026-07-17/exchange=NSE/symbol=BANKBEES/part-071754_346835-029028.parquet,real_data_sample\l2_unseen_validation\trade_date=2026-07-17\exchange=NSE\symbol=BANKBEES\part-071754_346835-029028.parquet,34657,downloaded,34657,
2026-07-17,NSE,BANKBEES,raw_l2/trade_date=2026-07-17/exchange=NSE/symbol=BANKBEES/part-072712_346882-030276.parquet,real_data_sample\l2_unseen_validation\trade_date=2026-07-17\exchange=NSE\symbol=BANKBEES\part-072712_346882-030276.parquet,35292,downloaded,35292,
2026-07-17,NSE,BANKBEES,raw_l2/trade_date=2026-07-17/exchange=NSE/symbol=BANKBEES/part-072726_885792-030308.parquet,real_data_sample\l2_unseen_validation\trade_date=2026-07-17\exchange=NSE\symbol=BANKBEES\part-072726_885792-030308.parquet,35496,downloaded,35496,
2026-07-17,NSE,BANKBEES,raw_l2/trade_date=2026-07-17/exchange=NSE/symbol=BANKBEES/part-072741_113109-030340.parquet,real_data_sample\l2_unseen_validation\trade_date=2026-07-17\exchange=NSE\symbol=BANKBEES\part-072741_113109-030340.parquet,35133,downloaded,35133,
2026-07-17,NSE,BANKBEES,raw_l2/trade_date=2026-07-17/exchange=NSE/symbol=BANKBEES/part-073259_111264-031044.parquet,real_data_sample\l2_unseen_validation\trade_date=2026-07-17\exchange=NSE\symbol=BANKBEES\part-073259_111264-031044.parquet,35422,downloaded,35422,
2026-07-17,NSE,BANKBEES,raw_l2/trade_date=2026-07-17/exchange=NSE/symbol=BANKBEES/part-072810_124921-030404.parquet,real_data_sample\l2_unseen_validation\trade_date=2026-07-17\exchange=NSE\symbol=BANKBEES\part-072810_124921-030404.parquet,35064,downloaded,35064,
2026-07-17,NSE,BANKBEES,raw_l2/trade_date=2026-07-17/exchange=NSE/symbol=BANKBEES/part-073327_603556-031108.parquet,real_data_sample\l2_unseen_validation\trade_date=2026-07-17\exchange=NSE\symbol=BANKBEES\part-073327_603556-031108.parquet,35085,downloaded,35085,
2026-07-17,NSE,BANKBEES,raw_l2/trade_date=2026-07-17/exchange=NSE/symbol=BANKBEES/part-072924_176933-030564.parquet,real_data_sample\l2_unseen_validation\trade_date=2026-07-17\exchange=NSE\symbol=BANKBEES\part-072924_176933-030564.parquet,35124,downloaded,35124,
2026-07-17,NSE,BANKBEES,raw_l2/trade_date=2026-07-17/exchange=NSE/symbol=BANKBEES/part-072755_575104-030372.parquet,real_data_sample\l2_unseen_validation\trade_date=2026-07-17\exchange=NSE\symbol=BANKBEES\part-072755_575104-030372.parquet,34984,downloaded,34984,
2026-07-17,NSE,BANKBEES,raw_l2/trade_date=2026-07-17/exchange=NSE/symbol=BANKBEES/part-072824_590241-030436.parquet,real_data_sample\l2_unseen_validation\trade_date=2026-07-17\exchange=NSE\symbol=BANKBEES\part-072824_590241-030436.parquet,35490,downloaded,35490,
2026-07-17,NSE,BANKBEES,raw_l2/trade_date=2026-07-17/exchange=NSE/symbol=BANKBEES/part-072854_848465-030500.parquet,real_data_sample\l2_unseen_validation\trade_date=2026-07-17\exchange=NSE\symbol=BANKBEES\part-072854_848465-030500.parquet,35073,downloaded,35073,
2026-07-17,NSE,BANKBEES,raw_l2/trade_date=2026-07-17/exchange=NSE/symbol=BANKBEES/part-072909_430981-030532.parquet,real_data_sample\l2_unseen_validation\trade_date=2026-07-17\exchange=NSE\symbol=BANKBEES\part-072909_430981-030532.parquet,35045,downloaded,35045,
2026-07-17,NSE,BANKBEES,raw_l2/trade_date=2026-07-17/exchange=NSE/symbol=BANKBEES/part-073313_407856-031076.parquet,real_data_sample\l2_unseen_validation\trade_date=2026-07-17\exchange=NSE\symbol=BANKBEES\part-073313_407856-031076.parquet,34912,downloaded,34912,
2026-07-17,NSE,BANKBEES,raw_l2/trade_date=2026-07-17/exchange=NSE/symbol=BANKBEES/part-072839_851103-030468.parquet,real_data_sample\l2_unseen_validation\trade_date=2026-07-17\exchange=NSE\symbol=BANKBEES\part-072839_851103-030468.parquet,35122,downloaded,35122,
2026-07-17,NSE,BANKBEES,raw_l2/trade_date=2026-07-17/exchange=NSE/symbol=BANKBEES/part-073230_605287-030980.parquet,real_data_sample\l2_unseen_validation\trade_date=2026-07-17\exchange=NSE\symbol=BANKBEES\part-073230_605287-030980.parquet,35293,downloaded,35293,
2026-07-17,NSE,BANKBEES,raw_l2/trade_date=2026-07-17/exchange=NSE/symbol=BANKBEES/part-073216_584515-030948.parquet,real_data_sample\l2_unseen_validation\trade_date=2026-07-17\exchange=NSE\symbol=BANKBEES\part-073216_584515-030948.parquet,35037,downloaded,35037,
2026-07-17,NSE,BANKBEES,raw_l2/trade_date=2026-07-17/exchange=NSE/symbol=BANKBEES/part-073119_593118-030820.parquet,real_data_sample\l2_unseen_validation\trade_date=2026-07-17\exchange=NSE\symbol=BANKBEES\part-073119_593118-030820.parquet,34813,downloaded,34813,
2026-07-17,NSE,BANKBEES,raw_l2/trade_date=2026-07-17/exchange=NSE/symbol=BANKBEES/part-073438_856544-031268.parquet,real_data_sample\l2_unseen_validation\trade_date=2026-07-17\exchange=NSE\symbol=BANKBEES\part-073438_856544-031268.parquet,35041,downloaded,35041,
2026-07-17,NSE,BANKBEES,raw_l2/trade_date=2026-07-17/exchange=NSE/symbol=BANKBEES/part-073410_356493-031204.parquet,real_data_sample\l2_unseen_validation\trade_date=2026-07-17\exchange=NSE\symbol=BANKBEES\part-073410_356493-031204.parquet,34973,downloaded,34973,
2026-07-17,NSE,BANKBEES,raw_l2/trade_date=2026-07-17/exchange=NSE/symbol=BANKBEES/part-073356_112540-031172.parquet,real_data_sample\l2_unseen_validation\trade_date=2026-07-17\exchange=NSE\symbol=BANKBEES\part-073356_112540-031172.parquet,34964,downloaded,34964,
2026-07-17,NSE,BANKBEES,raw_l2/trade_date=2026-07-17/exchange=NSE/symbol=BANKBEES/part-073050_635670-030756.parquet,real_data_sample\l2_unseen_validation\trade_date=2026-07-17\exchange=NSE\symbol=BANKBEES\part-073050_635670-030756.parquet,34378,downloaded,34378,
2026-07-17,NSE,BANKBEES,raw_l2/trade_date=2026-07-17/exchange=NSE/symbol=BANKBEES/part-073244_852119-031012.parquet,real_data_sample\l2_unseen_validation\trade_date=2026-07-17\exchange=NSE\symbol=BANKBEES\part-073244_852119-031012.parquet,35265,downloaded,35265,
2026-07-17,NSE,BANKBEES,raw_l2/trade_date=2026-07-17/exchange=NSE/symbol=BANKBEES/part-073022_125505-030692.parquet,real_data_sample\l2_unseen_validation\trade_date=2026-07-17\exchange=NSE\symbol=BANKBEES\part-073022_125505-030692.parquet,34516,downloaded,34516,
2026-07-17,NSE,BANKBEES,raw_l2/trade_date=2026-07-17/exchange=NSE/symbol=BANKBEES/part-073507_381082-031332.parquet,real_data_sample\l2_unseen_validation\trade_date=2026-07-17\exchange=NSE\symbol=BANKBEES\part-073507_381082-031332.parquet,34913,downloaded,34913,
2026-07-17,NSE,BANKBEES,raw_l2/trade_date=2026-07-17/exchange=NSE/symbol=BANKBEES/part-073202_373345-030916.parquet,real_data_sample\l2_unseen_validation\trade_date=2026-07-17\exchange=NSE\symbol=BANKBEES\part-073202_373345-030916.parquet,34526,downloaded,34526,
2026-07-17,NSE,BANKBEES,raw_l2/trade_date=2026-07-17/exchange=NSE/symbol=BANKBEES/part-073104_960663-030788.parquet,real_data_sample\l2_unseen_validation\trade_date=2026-07-17\exchange=NSE\symbol=BANKBEES\part-073104_960663-030788.parquet,34713,downloaded,34713,
2026-07-17,NSE,BANKBEES,raw_l2/trade_date=2026-07-17/exchange=NSE/symbol=BANKBEES/part-073342_100726-031140.parquet,real_data_sample\l2_unseen_validation\trade_date=2026-07-17\exchange=NSE\symbol=BANKBEES\part-073342_100726-031140.parquet,35454,downloaded,35454,
2026-07-17,NSE,BANKBEES,raw_l2/trade_date=2026-07-17/exchange=NSE/symbol=BANKBEES/part-073424_616552-031236.parquet,real_data_sample\l2_unseen_validation\trade_date=2026-07-17\exchange=NSE\symbol=BANKBEES\part-073424_616552-031236.parquet,35175,downloaded,35175,
2026-07-17,NSE,BANKBEES,raw_l2/trade_date=2026-07-17/exchange=NSE/symbol=BANKBEES/part-073007_841233-030660.parquet,real_data_sample\l2_unseen_validation\trade_date=2026-07-17\exchange=NSE\symbol=BANKBEES\part-073007_841233-030660.parquet,35203,downloaded,35203,
2026-07-17,NSE,BANKBEES,raw_l2/trade_date=2026-07-17/exchange=NSE/symbol=BANKBEES/part-073453_341585-031300.parquet,real_data_sample\l2_unseen_validation\trade_date=2026-07-17\exchange=NSE\symbol=BANKBEES\part-073453_341585-031300.parquet,35339,downloaded,35339,
2026-07-17,NSE,BANKBEES,raw_l2/trade_date=2026-07-17/exchange=NSE/symbol=BANKBEES/part-073148_143337-030884.parquet,real_data_sample\l2_unseen_validation\trade_date=2026-07-17\exchange=NSE\symbol=BANKBEES\part-073148_143337-030884.parquet,34531,downloaded,34531,
2026-07-17,NSE,BANKBEES,raw_l2/trade_date=2026-07-17/exchange=NSE/symbol=BANKBEES/part-072953_341061-030628.parquet,real_data_sample\l2_unseen_validation\trade_date=2026-07-17\exchange=NSE\symbol=BANKBEES\part-072953_341061-030628.parquet,35081,downloaded,35081,
2026-07-17,NSE,BANKBEES,raw_l2/trade_date=2026-07-17/exchange=NSE/symbol=BANKBEES/part-073133_619611-030852.parquet,real_data_sample\l2_unseen_validation\trade_date=2026-07-17\exchange=NSE\symbol=BANKBEES\part-073133_619611-030852.parquet,34520,downloaded,34520,
2026-07-17,NSE,BANKBEES,raw_l2/trade_date=2026-07-17/exchange=NSE/symbol=BANKBEES/part-072938_924808-030596.parquet,real_data_sample\l2_unseen_validation\trade_date=2026-07-17\exchange=NSE\symbol=BANKBEES\part-072938_924808-030596.parquet,34775,downloaded,34775,
2026-07-17,NSE,BANKBEES,raw_l2/trade_date=2026-07-17/exchange=NSE/symbol=BANKBEES/part-073036_360465-030724.parquet,real_data_sample\l2_unseen_validation\trade_date=2026-07-17\exchange=NSE\symbol=BANKBEES\part-073036_360465-030724.parquet,34575,downloaded,34575,
2026-07-17,NSE,BANKBEES,raw_l2/trade_date=2026-07-17/exchange=NSE/symbol=BANKBEES/part-074004_597595-032004.parquet,real_data_sample\l2_unseen_validation\trade_date=2026-07-17\exchange=NSE\symbol=BANKBEES\part-074004_597595-032004.parquet,35166,downloaded,35166,
2026-07-17,NSE,BANKBEES,raw_l2/trade_date=2026-07-17/exchange=NSE/symbol=BANKBEES/part-073604_118886-031460.parquet,real_data_sample\l2_unseen_validation\trade_date=2026-07-17\exchange=NSE\symbol=BANKBEES\part-073604_118886-031460.parquet,34954,downloaded,34954,
2026-07-17,NSE,BANKBEES,raw_l2/trade_date=2026-07-17/exchange=NSE/symbol=BANKBEES/part-073550_094169-031428.parquet,real_data_sample\l2_unseen_validation\trade_date=2026-07-17\exchange=NSE\symbol=BANKBEES\part-073550_094169-031428.parquet,34773,downloaded,34773,
2026-07-17,NSE,BANKBEES,raw_l2/trade_date=2026-07-17/exchange=NSE/symbol=BANKBEES/part-073839_813016-031812.parquet,real_data_sample\l2_unseen_validation\trade_date=2026-07-17\exchange=NSE\symbol=BANKBEES\part-073839_813016-031812.parquet,34697,downloaded,34697,
2026-07-17,NSE,BANKBEES,raw_l2/trade_date=2026-07-17/exchange=NSE/symbol=BANKBEES/part-073618_379149-031492.parquet,real_data_sample\l2_unseen_validation\trade_date=2026-07-17\exchange=NSE\symbol=BANKBEES\part-073618_379149-031492.parquet,35296,downloaded,35296,
2026-07-17,NSE,BANKBEES,raw_l2/trade_date=2026-07-17/exchange=NSE/symbol=BANKBEES/part-073908_342939-031876.parquet,real_data_sample\l2_unseen_validation\trade_date=2026-07-17\exchange=NSE\symbol=BANKBEES\part-073908_342939-031876.parquet,34892,downloaded,34892,
2026-07-17,NSE,BANKBEES,raw_l2/trade_date=2026-07-17/exchange=NSE/symbol=BANKBEES/part-073936_337574-031940.parquet,real_data_sample\l2_unseen_validation\trade_date=2026-07-17\exchange=NSE\symbol=BANKBEES\part-073936_337574-031940.parquet,34829,downloaded,34829,
2026-07-17,NSE,BANKBEES,raw_l2/trade_date=2026-07-17/exchange=NSE/symbol=BANKBEES/part-073922_321098-031908.parquet,real_data_sample\l2_unseen_validation\trade_date=2026-07-17\exchange=NSE\symbol=BANKBEES\part-073922_321098-031908.parquet,35329,downloaded,35329,
2026-07-17,NSE,BANKBEES,raw_l2/trade_date=2026-07-17/exchange=NSE/symbol=BANKBEES/part-073701_334729-031588.parquet,real_data_sample\l2_unseen_validation\trade_date=2026-07-17\exchange=NSE\symbol=BANKBEES\part-073701_334729-031588.parquet,34840,downloaded,34840,
2026-07-17,NSE,BANKBEES,raw_l2/trade_date=2026-07-17/exchange=NSE/symbol=BANKBEES/part-073950_337533-031972.parquet,real_data_sample\l2_unseen_validation\trade_date=2026-07-17\exchange=NSE\symbol=BANKBEES\part-073950_337533-031972.parquet,34887,downloaded,34887,
2026-07-17,NSE,BANKBEES,raw_l2/trade_date=2026-07-17/exchange=NSE/symbol=BANKBEES/part-073757_306904-031716.parquet,real_data_sample\l2_unseen_validation\trade_date=2026-07-17\exchange=NSE\symbol=BANKBEES\part-073757_306904-031716.parquet,34918,downloaded,34918,
2026-07-17,NSE,BANKBEES,raw_l2/trade_date=2026-07-17/exchange=NSE/symbol=BANKBEES/part-074047_074284-032100.parquet,real_data_sample\l2_unseen_validation\trade_date=2026-07-17\exchange=NSE\symbol=BANKBEES\part-074047_074284-032100.parquet,34782,downloaded,34782,
2026-07-17,NSE,BANKBEES,raw_l2/trade_date=2026-07-17/exchange=NSE/symbol=BANKBEES/part-073647_098843-031556.parquet,real_data_sample\l2_unseen_validation\trade_date=2026-07-17\exchange=NSE\symbol=BANKBEES\part-073647_098843-031556.parquet,34945,downloaded,34945,
2026-07-17,NSE,BANKBEES,raw_l2/trade_date=2026-07-17/exchange=NSE/symbol=BANKBEES/part-073729_363627-031652.parquet,real_data_sample\l2_unseen_validation\trade_date=2026-07-17\exchange=NSE\symbol=BANKBEES\part-073729_363627-031652.parquet,35140,downloaded,35140,
2026-07-17,NSE,BANKBEES,raw_l2/trade_date=2026-07-17/exchange=NSE/symbol=BANKBEES/part-074018_826073-032036.parquet,real_data_sample\l2_unseen_validation\trade_date=2026-07-17\exchange=NSE\symbol=BANKBEES\part-074018_826073-032036.parquet,34786,downloaded,34786,
2026-07-17,NSE,BANKBEES,raw_l2/trade_date=2026-07-17/exchange=NSE/symbol=BANKBEES/part-074032_852305-032068.parquet,real_data_sample\l2_unseen_validation\trade_date=2026-07-17\exchange=NSE\symbol=BANKBEES\part-074032_852305-032068.parquet,34540,downloaded,34540,
2026-07-17,NSE,BANKBEES,raw_l2/trade_date=2026-07-17/exchange=NSE/symbol=BANKBEES/part-073743_345269-031684.parquet,real_data_sample\l2_unseen_validation\trade_date=2026-07-17\exchange=NSE\symbol=BANKBEES\part-073743_345269-031684.parquet,35270,downloaded,35270,
2026-07-17,NSE,BANKBEES,raw_l2/trade_date=2026-07-17/exchange=NSE/symbol=BANKBEES/part-073825_635652-031780.parquet,real_data_sample\l2_unseen_validation\trade_date=2026-07-17\exchange=NSE\symbol=BANKBEES\part-073825_635652-031780.parquet,34935,downloaded,34935,
2026-07-17,NSE,BANKBEES,raw_l2/trade_date=2026-07-17/exchange=NSE/symbol=BANKBEES/part-073853_806062-031844.parquet,real_data_sample\l2_unseen_validation\trade_date=2026-07-17\exchange=NSE\symbol=BANKBEES\part-073853_806062-031844.parquet,35650,downloaded,35650,
2026-07-17,NSE,BANKBEES,raw_l2/trade_date=2026-07-17/exchange=NSE/symbol=BANKBEES/part-074101_118196-032132.parquet,real_data_sample\l2_unseen_validation\trade_date=2026-07-17\exchange=NSE\symbol=BANKBEES\part-074101_118196-032132.parquet,34504,downloaded,34504,
2026-07-17,NSE,BANKBEES,raw_l2/trade_date=2026-07-17/exchange=NSE/symbol=BANKBEES/part-073521_582754-031364.parquet,real_data_sample\l2_unseen_validation\trade_date=2026-07-17\exchange=NSE\symbol=BANKBEES\part-073521_582754-031364.parquet,35133,downloaded,35133,
2026-07-17,NSE,BANKBEES,raw_l2/trade_date=2026-07-17/exchange=NSE/symbol=BANKBEES/part-073535_879984-031396.parquet,real_data_sample\l2_unseen_validation\trade_date=2026-07-17\exchange=NSE\symbol=BANKBEES\part-073535_879984-031396.parquet,34755,downloaded,34755,
2026-07-17,NSE,BANKBEES,raw_l2/trade_date=2026-07-17/exchange=NSE/symbol=BANKBEES/part-074157_567992-032260.parquet,real_data_sample\l2_unseen_validation\trade_date=2026-07-17\exchange=NSE\symbol=BANKBEES\part-074157_567992-032260.parquet,34679,downloaded,34679,
2026-07-17,NSE,BANKBEES,raw_l2/trade_date=2026-07-17/exchange=NSE/symbol=BANKBEES/part-073811_566046-031748.parquet,real_data_sample\l2_unseen_validation\trade_date=2026-07-17\exchange=NSE\symbol=BANKBEES\part-073811_566046-031748.parquet,34708,downloaded,34708,
2026-07-17,NSE,BANKBEES,raw_l2/trade_date=2026-07-17/exchange=NSE/symbol=BANKBEES/part-074239_387508-032356.parquet,real_data_sample\l2_unseen_validation\trade_date=2026-07-17\exchange=NSE\symbol=BANKBEES\part-074239_387508-032356.parquet,34529,downloaded,34529,
2026-07-17,NSE,BANKBEES,raw_l2/trade_date=2026-07-17/exchange=NSE/symbol=BANKBEES/part-074115_324092-032164.parquet,real_data_sample\l2_unseen_validation\trade_date=2026-07-17\exchange=NSE\symbol=BANKBEES\part-074115_324092-032164.parquet,34335,downloaded,34335,
2026-07-17,NSE,BANKBEES,raw_l2/trade_date=2026-07-17/exchange=NSE/symbol=BANKBEES/part-073632_858816-031524.parquet,real_data_sample\l2_unseen_validation\trade_date=2026-07-17\exchange=NSE\symbol=BANKBEES\part-073632_858816-031524.parquet,35277,downloaded,35277,
2026-07-17,NSE,BANKBEES,raw_l2/trade_date=2026-07-17/exchange=NSE/symbol=BANKBEES/part-073715_366280-031620.parquet,real_data_sample\l2_unseen_validation\trade_date=2026-07-17\exchange=NSE\symbol=BANKBEES\part-073715_366280-031620.parquet,34999,downloaded,34999,
2026-07-17,NSE,BANKBEES,raw_l2/trade_date=2026-07-17/exchange=NSE/symbol=BANKBEES/part-074225_581122-032324.parquet,real_data_sample\l2_unseen_validation\trade_date=2026-07-17\exchange=NSE\symbol=BANKBEES\part-074225_581122-032324.parquet,34589,downloaded,34589,
2026-07-17,NSE,BANKBEES,raw_l2/trade_date=2026-07-17/exchange=NSE/symbol=BANKBEES/part-074211_604937-032292.parquet,real_data_sample\l2_unseen_validation\trade_date=2026-07-17\exchange=NSE\symbol=BANKBEES\part-074211_604937-032292.parquet,34530,downloaded,34530,
2026-07-17,NSE,BANKBEES,raw_l2/trade_date=2026-07-17/exchange=NSE/symbol=BANKBEES/part-074129_339767-032196.parquet,real_data_sample\l2_unseen_validation\trade_date=2026-07-17\exchange=NSE\symbol=BANKBEES\part-074129_339767-032196.parquet,34448,downloaded,34448,
2026-07-17,NSE,BANKBEES,raw_l2/trade_date=2026-07-17/exchange=NSE/symbol=BANKBEES/part-074143_577968-032228.parquet,real_data_sample\l2_unseen_validation\trade_date=2026-07-17\exchange=NSE\symbol=BANKBEES\part-074143_577968-032228.parquet,34308,downloaded,34308,
2026-07-17,NSE,BANKBEES,raw_l2/trade_date=2026-07-17/exchange=NSE/symbol=BANKBEES/part-074418_579071-032580.parquet,real_data_sample\l2_unseen_validation\trade_date=2026-07-17\exchange=NSE\symbol=BANKBEES\part-074418_579071-032580.parquet,34506,downloaded,34506,
2026-07-17,NSE,BANKBEES,raw_l2/trade_date=2026-07-17/exchange=NSE/symbol=BANKBEES/part-074432_571514-032612.parquet,real_data_sample\l2_unseen_validation\trade_date=2026-07-17\exchange=NSE\symbol=BANKBEES\part-074432_571514-032612.parquet,34413,downloaded,34413,
2026-07-17,NSE,BANKBEES,raw_l2/trade_date=2026-07-17/exchange=NSE/symbol=BANKBEES/part-074543_111613-032772.parquet,real_data_sample\l2_unseen_validation\trade_date=2026-07-17\exchange=NSE\symbol=BANKBEES\part-074543_111613-032772.parquet,35142,downloaded,35142,
2026-07-17,NSE,BANKBEES,raw_l2/trade_date=2026-07-17/exchange=NSE/symbol=BANKBEES/part-074404_572675-032548.parquet,real_data_sample\l2_unseen_validation\trade_date=2026-07-17\exchange=NSE\symbol=BANKBEES\part-074404_572675-032548.parquet,34682,downloaded,34682,
2026-07-17,NSE,BANKBEES,raw_l2/trade_date=2026-07-17/exchange=NSE/symbol=BANKBEES/part-074529_092108-032740.parquet,real_data_sample\l2_unseen_validation\trade_date=2026-07-17\exchange=NSE\symbol=BANKBEES\part-074529_092108-032740.parquet,34951,downloaded,34951,
2026-07-17,NSE,BANKBEES,raw_l2/trade_date=2026-07-17/exchange=NSE/symbol=BANKBEES/part-074253_585451-032388.parquet,real_data_sample\l2_unseen_validation\trade_date=2026-07-17\exchange=NSE\symbol=BANKBEES\part-074253_585451-032388.parquet,34440,downloaded,34440,
2026-07-17,NSE,BANKBEES,raw_l2/trade_date=2026-07-17/exchange=NSE/symbol=BANKBEES/part-074446_573787-032644.parquet,real_data_sample\l2_unseen_validation\trade_date=2026-07-17\exchange=NSE\symbol=BANKBEES\part-074446_573787-032644.parquet,34524,downloaded,34524,
2026-07-17,NSE,BANKBEES,raw_l2/trade_date=2026-07-17/exchange=NSE/symbol=BANKBEES/part-074625_863890-032868.parquet,real_data_sample\l2_unseen_validation\trade_date=2026-07-17\exchange=NSE\symbol=BANKBEES\part-074625_863890-032868.parquet,35363,downloaded,35363,
2026-07-17,NSE,BANKBEES,raw_l2/trade_date=2026-07-17/exchange=NSE/symbol=BANKBEES/part-074321_575635-032452.parquet,real_data_sample\l2_unseen_validation\trade_date=2026-07-17\exchange=NSE\symbol=BANKBEES\part-074321_575635-032452.parquet,34485,downloaded,34485,
2026-07-17,NSE,BANKBEES,raw_l2/trade_date=2026-07-17/exchange=NSE/symbol=BANKBEES/part-074349_880920-032516.parquet,real_data_sample\l2_unseen_validation\trade_date=2026-07-17\exchange=NSE\symbol=BANKBEES\part-074349_880920-032516.parquet,34491,downloaded,34491,
2026-07-17,NSE,BANKBEES,raw_l2/trade_date=2026-07-17/exchange=NSE/symbol=BANKBEES/part-074557_117785-032804.parquet,real_data_sample\l2_unseen_validation\trade_date=2026-07-17\exchange=NSE\symbol=BANKBEES\part-074557_117785-032804.parquet,35714,downloaded,35714,
2026-07-17,NSE,BANKBEES,raw_l2/trade_date=2026-07-17/exchange=NSE/symbol=BANKBEES/part-074335_636794-032484.parquet,real_data_sample\l2_unseen_validation\trade_date=2026-07-17\exchange=NSE\symbol=BANKBEES\part-074335_636794-032484.parquet,34492,downloaded,34492,
2026-07-17,NSE,BANKBEES,raw_l2/trade_date=2026-07-17/exchange=NSE/symbol=BANKBEES/part-074307_594377-032420.parquet,real_data_sample\l2_unseen_validation\trade_date=2026-07-17\exchange=NSE\symbol=BANKBEES\part-074307_594377-032420.parquet,34581,downloaded,34581,
2026-07-17,NSE,BANKBEES,raw_l2/trade_date=2026-07-17/exchange=NSE/symbol=BANKBEES/part-074514_848552-032708.parquet,real_data_sample\l2_unseen_validation\trade_date=2026-07-17\exchange=NSE\symbol=BANKBEES\part-074514_848552-032708.parquet,34866,downloaded,34866,
2026-07-17,NSE,BANKBEES,raw_l2/trade_date=2026-07-17/exchange=NSE/symbol=BANKBEES/part-074611_659101-032836.parquet,real_data_sample\l2_unseen_validation\trade_date=2026-07-17\exchange=NSE\symbol=BANKBEES\part-074611_659101-032836.parquet,35242,downloaded,35242,
2026-07-17,NSE,BANKBEES,raw_l2/trade_date=2026-07-17/exchange=NSE/symbol=BANKBEES/part-074500_582997-032676.parquet,real_data_sample\l2_unseen_validation\trade_date=2026-07-17\exchange=NSE\symbol=BANKBEES\part-074500_582997-032676.parquet,34553,downloaded,34553,
2026-07-17,NSE,BANKBEES,raw_l2/trade_date=2026-07-17/exchange=NSE/symbol=BANKBEES/part-074640_173891-032900.parquet,real_data_sample\l2_unseen_validation\trade_date=2026-07-17\exchange=NSE\symbol=BANKBEES\part-074640_173891-032900.parquet,35473,downloaded,35473,
2026-07-17,NSE,BANKBEES,raw_l2/trade_date=2026-07-17/exchange=NSE/symbol=BANKBEES/part-074901_389306-033220.parquet,real_data_sample\l2_unseen_validation\trade_date=2026-07-17\exchange=NSE\symbol=BANKBEES\part-074901_389306-033220.parquet,34653,downloaded,34653,
2026-07-17,NSE,BANKBEES,raw_l2/trade_date=2026-07-17/exchange=NSE/symbol=BANKBEES/part-074915_562485-033252.parquet,real_data_sample\l2_unseen_validation\trade_date=2026-07-17\exchange=NSE\symbol=BANKBEES\part-074915_562485-033252.parquet,35089,downloaded,35089,
2026-07-17,NSE,BANKBEES,raw_l2/trade_date=2026-07-17/exchange=NSE/symbol=BANKBEES/part-074804_826004-033092.parquet,real_data_sample\l2_unseen_validation\trade_date=2026-07-17\exchange=NSE\symbol=BANKBEES\part-074804_826004-033092.parquet,35058,downloaded,35058,
2026-07-17,NSE,BANKBEES,raw_l2/trade_date=2026-07-17/exchange=NSE/symbol=BANKBEES/part-074847_103653-033188.parquet,real_data_sample\l2_unseen_validation\trade_date=2026-07-17\exchange=NSE\symbol=BANKBEES\part-074847_103653-033188.parquet,34610,downloaded,34610,
2026-07-17,NSE,BANKBEES,raw_l2/trade_date=2026-07-17/exchange=NSE/symbol=BANKBEES/part-074833_064965-033156.parquet,real_data_sample\l2_unseen_validation\trade_date=2026-07-17\exchange=NSE\symbol=BANKBEES\part-074833_064965-033156.parquet,34736,downloaded,34736,
2026-07-17,NSE,BANKBEES,raw_l2/trade_date=2026-07-17/exchange=NSE/symbol=BANKBEES/part-074957_582298-033348.parquet,real_data_sample\l2_unseen_validation\trade_date=2026-07-17\exchange=NSE\symbol=BANKBEES\part-074957_582298-033348.parquet,35000,downloaded,35000,
2026-07-17,NSE,BANKBEES,raw_l2/trade_date=2026-07-17/exchange=NSE/symbol=BANKBEES/part-074929_573119-033284.parquet,real_data_sample\l2_unseen_validation\trade_date=2026-07-17\exchange=NSE\symbol=BANKBEES\part-074929_573119-033284.parquet,35198,downloaded,35198,
2026-07-17,NSE,BANKBEES,raw_l2/trade_date=2026-07-17/exchange=NSE/symbol=BANKBEES/part-074818_838096-033124.parquet,real_data_sample\l2_unseen_validation\trade_date=2026-07-17\exchange=NSE\symbol=BANKBEES\part-074818_838096-033124.parquet,34552,downloaded,34552,
2026-07-17,NSE,BANKBEES,raw_l2/trade_date=2026-07-17/exchange=NSE/symbol=BANKBEES/part-074654_340523-032932.parquet,real_data_sample\l2_unseen_validation\trade_date=2026-07-17\exchange=NSE\symbol=BANKBEES\part-074654_340523-032932.parquet,35504,downloaded,35504,
2026-07-17,NSE,BANKBEES,raw_l2/trade_date=2026-07-17/exchange=NSE/symbol=BANKBEES/part-074943_587232-033316.parquet,real_data_sample\l2_unseen_validation\trade_date=2026-07-17\exchange=NSE\symbol=BANKBEES\part-074943_587232-033316.parquet,35500,downloaded,35500,
2026-07-17,NSE,BANKBEES,raw_l2/trade_date=2026-07-17/exchange=NSE/symbol=BANKBEES/part-074708_352387-032964.parquet,real_data_sample\l2_unseen_validation\trade_date=2026-07-17\exchange=NSE\symbol=BANKBEES\part-074708_352387-032964.parquet,35078,downloaded,35078,
2026-07-17,NSE,BANKBEES,raw_l2/trade_date=2026-07-17/exchange=NSE/symbol=BANKBEES/part-074736_815419-033028.parquet,real_data_sample\l2_unseen_validation\trade_date=2026-07-17\exchange=NSE\symbol=BANKBEES\part-074736_815419-033028.parquet,35032,downloaded,35032,
2026-07-17,NSE,BANKBEES,raw_l2/trade_date=2026-07-17/exchange=NSE/symbol=BANKBEES/part-074750_807462-033060.parquet,real_data_sample\l2_unseen_validation\trade_date=2026-07-17\exchange=NSE\symbol=BANKBEES\part-074750_807462-033060.parquet,35089,downloaded,35089,
2026-07-17,NSE,BANKBEES,raw_l2/trade_date=2026-07-17/exchange=NSE/symbol=BANKBEES/part-074722_662026-032996.parquet,real_data_sample\l2_unseen_validation\trade_date=2026-07-17\exchange=NSE\symbol=BANKBEES\part-074722_662026-032996.parquet,35481,downloaded,35481,
2026-07-17,NSE,BANKBEES,raw_l2/trade_date=2026-07-17/exchange=NSE/symbol=BANKBEES/part-075011_560048-033380.parquet,real_data_sample\l2_unseen_validation\trade_date=2026-07-17\exchange=NSE\symbol=BANKBEES\part-075011_560048-033380.parquet,34925,downloaded,34925,
2026-07-17,NSE,BANKBEES,raw_l2/trade_date=2026-07-17/exchange=NSE/symbol=BANKBEES/part-075040_823561-033444.parquet,real_data_sample\l2_unseen_validation\trade_date=2026-07-17\exchange=NSE\symbol=BANKBEES\part-075040_823561-033444.parquet,34966,downloaded,34966,
2026-07-17,NSE,BANKBEES,raw_l2/trade_date=2026-07-17/exchange=NSE/symbol=BANKBEES/part-075025_946359-033412.parquet,real_data_sample\l2_unseen_validation\trade_date=2026-07-17\exchange=NSE\symbol=BANKBEES\part-075025_946359-033412.parquet,35146,downloaded,35146,
2026-07-17,NSE,BANKBEES,raw_l2/trade_date=2026-07-17/exchange=NSE/symbol=BANKBEES/part-075108_804072-033508.parquet,real_data_sample\l2_unseen_validation\trade_date=2026-07-17\exchange=NSE\symbol=BANKBEES\part-075108_804072-033508.parquet,35114,downloaded,35114,
2026-07-17,NSE,BANKBEES,raw_l2/trade_date=2026-07-17/exchange=NSE/symbol=BANKBEES/part-075054_824943-033476.parquet,real_data_sample\l2_unseen_validation\trade_date=2026-07-17\exchange=NSE\symbol=BANKBEES\part-075054_824943-033476.parquet,35466,downloaded,35466,
2026-07-17,NSE,BANKBEES,raw_l2/trade_date=2026-07-17/exchange=NSE/symbol=BANKBEES/part-075122_815812-033540.parquet,real_data_sample\l2_unseen_validation\trade_date=2026-07-17\exchange=NSE\symbol=BANKBEES\part-075122_815812-033540.parquet,35200,downloaded,35200,
2026-07-17,NSE,BANKBEES,raw_l2/trade_date=2026-07-17/exchange=NSE/symbol=BANKBEES/part-075219_819767-033668.parquet,real_data_sample\l2_unseen_validation\trade_date=2026-07-17\exchange=NSE\symbol=BANKBEES\part-075219_819767-033668.parquet,35050,downloaded,35050,
2026-07-17,NSE,BANKBEES,raw_l2/trade_date=2026-07-17/exchange=NSE/symbol=BANKBEES/part-075151_106326-033604.parquet,real_data_sample\l2_unseen_validation\trade_date=2026-07-17\exchange=NSE\symbol=BANKBEES\part-075151_106326-033604.parquet,35051,downloaded,35051,
2026-07-17,NSE,BANKBEES,raw_l2/trade_date=2026-07-17/exchange=NSE/symbol=BANKBEES/part-075509_608730-034052.parquet,real_data_sample\l2_unseen_validation\trade_date=2026-07-17\exchange=NSE\symbol=BANKBEES\part-075509_608730-034052.parquet,35304,downloaded,35304,
2026-07-17,NSE,BANKBEES,raw_l2/trade_date=2026-07-17/exchange=NSE/symbol=BANKBEES/part-075330_872558-033828.parquet,real_data_sample\l2_unseen_validation\trade_date=2026-07-17\exchange=NSE\symbol=BANKBEES\part-075330_872558-033828.parquet,35219,downloaded,35219,
2026-07-17,NSE,BANKBEES,raw_l2/trade_date=2026-07-17/exchange=NSE/symbol=BANKBEES/part-075302_666418-033764.parquet,real_data_sample\l2_unseen_validation\trade_date=2026-07-17\exchange=NSE\symbol=BANKBEES\part-075302_666418-033764.parquet,35413,downloaded,35413,
2026-07-17,NSE,BANKBEES,raw_l2/trade_date=2026-07-17/exchange=NSE/symbol=BANKBEES/part-075523_670378-034084.parquet,real_data_sample\l2_unseen_validation\trade_date=2026-07-17\exchange=NSE\symbol=BANKBEES\part-075523_670378-034084.parquet,35465,downloaded,35465,
2026-07-17,NSE,BANKBEES,raw_l2/trade_date=2026-07-17/exchange=NSE/symbol=BANKBEES/part-075537_605186-034116.parquet,real_data_sample\l2_unseen_validation\trade_date=2026-07-17\exchange=NSE\symbol=BANKBEES\part-075537_605186-034116.parquet,35693,downloaded,35693,
2026-07-17,NSE,BANKBEES,raw_l2/trade_date=2026-07-17/exchange=NSE/symbol=BANKBEES/part-075551_628632-034148.parquet,real_data_sample\l2_unseen_validation\trade_date=2026-07-17\exchange=NSE\symbol=BANKBEES\part-075551_628632-034148.parquet,35377,downloaded,35377,
2026-07-17,NSE,BANKBEES,raw_l2/trade_date=2026-07-17/exchange=NSE/symbol=BANKBEES/part-075731_173774-034372.parquet,real_data_sample\l2_unseen_validation\trade_date=2026-07-17\exchange=NSE\symbol=BANKBEES\part-075731_173774-034372.parquet,35214,downloaded,35214,
2026-07-17,NSE,BANKBEES,raw_l2/trade_date=2026-07-17/exchange=NSE/symbol=BANKBEES/part-075427_112576-033956.parquet,real_data_sample\l2_unseen_validation\trade_date=2026-07-17\exchange=NSE\symbol=BANKBEES\part-075427_112576-033956.parquet,34973,downloaded,34973,
2026-07-17,NSE,BANKBEES,raw_l2/trade_date=2026-07-17/exchange=NSE/symbol=BANKBEES/part-075136_832907-033572.parquet,real_data_sample\l2_unseen_validation\trade_date=2026-07-17\exchange=NSE\symbol=BANKBEES\part-075136_832907-033572.parquet,35120,downloaded,35120,
2026-07-17,NSE,BANKBEES,raw_l2/trade_date=2026-07-17/exchange=NSE/symbol=BANKBEES/part-075358_893429-033892.parquet,real_data_sample\l2_unseen_validation\trade_date=2026-07-17\exchange=NSE\symbol=BANKBEES\part-075358_893429-033892.parquet,35199,downloaded,35199,
2026-07-17,NSE,BANKBEES,raw_l2/trade_date=2026-07-17/exchange=NSE/symbol=BANKBEES/part-075702_620138-034308.parquet,real_data_sample\l2_unseen_validation\trade_date=2026-07-17\exchange=NSE\symbol=BANKBEES\part-075702_620138-034308.parquet,35009,downloaded,35009,
2026-07-17,NSE,BANKBEES,raw_l2/trade_date=2026-07-17/exchange=NSE/symbol=BANKBEES/part-075247_870369-033732.parquet,real_data_sample\l2_unseen_validation\trade_date=2026-07-17\exchange=NSE\symbol=BANKBEES\part-075247_870369-033732.parquet,34951,downloaded,34951,
2026-07-17,NSE,BANKBEES,raw_l2/trade_date=2026-07-17/exchange=NSE/symbol=BANKBEES/part-075648_386506-034276.parquet,real_data_sample\l2_unseen_validation\trade_date=2026-07-17\exchange=NSE\symbol=BANKBEES\part-075648_386506-034276.parquet,35111,downloaded,35111,
2026-07-17,NSE,BANKBEES,raw_l2/trade_date=2026-07-17/exchange=NSE/symbol=BANKBEES/part-075455_374885-034020.parquet,real_data_sample\l2_unseen_validation\trade_date=2026-07-17\exchange=NSE\symbol=BANKBEES\part-075455_374885-034020.parquet,35812,downloaded,35812,
2026-07-17,NSE,BANKBEES,raw_l2/trade_date=2026-07-17/exchange=NSE/symbol=BANKBEES/part-075441_156995-033988.parquet,real_data_sample\l2_unseen_validation\trade_date=2026-07-17\exchange=NSE\symbol=BANKBEES\part-075441_156995-033988.parquet,35244,downloaded,35244,
2026-07-17,NSE,BANKBEES,raw_l2/trade_date=2026-07-17/exchange=NSE/symbol=BANKBEES/part-075619_878085-034212.parquet,real_data_sample\l2_unseen_validation\trade_date=2026-07-17\exchange=NSE\symbol=BANKBEES\part-075619_878085-034212.parquet,35536,downloaded,35536,
2026-07-17,NSE,BANKBEES,raw_l2/trade_date=2026-07-17/exchange=NSE/symbol=BANKBEES/part-075233_835934-033700.parquet,real_data_sample\l2_unseen_validation\trade_date=2026-07-17\exchange=NSE\symbol=BANKBEES\part-075233_835934-033700.parquet,35297,downloaded,35297,
2026-07-17,NSE,BANKBEES,raw_l2/trade_date=2026-07-17/exchange=NSE/symbol=BANKBEES/part-075205_564474-033636.parquet,real_data_sample\l2_unseen_validation\trade_date=2026-07-17\exchange=NSE\symbol=BANKBEES\part-075205_564474-033636.parquet,35586,downloaded,35586,
2026-07-17,NSE,BANKBEES,raw_l2/trade_date=2026-07-17/exchange=NSE/symbol=BANKBEES/part-075716_859870-034340.parquet,real_data_sample\l2_unseen_validation\trade_date=2026-07-17\exchange=NSE\symbol=BANKBEES\part-075716_859870-034340.parquet,35228,downloaded,35228,
2026-07-17,NSE,BANKBEES,raw_l2/trade_date=2026-07-17/exchange=NSE/symbol=BANKBEES/part-075605_638581-034180.parquet,real_data_sample\l2_unseen_validation\trade_date=2026-07-17\exchange=NSE\symbol=BANKBEES\part-075605_638581-034180.parquet,35581,downloaded,35581,
2026-07-17,NSE,BANKBEES,raw_l2/trade_date=2026-07-17/exchange=NSE/symbol=BANKBEES/part-075316_883415-033796.parquet,real_data_sample\l2_unseen_validation\trade_date=2026-07-17\exchange=NSE\symbol=BANKBEES\part-075316_883415-033796.parquet,34850,downloaded,34850,
2026-07-17,NSE,BANKBEES,raw_l2/trade_date=2026-07-17/exchange=NSE/symbol=BANKBEES/part-075634_128684-034244.parquet,real_data_sample\l2_unseen_validation\trade_date=2026-07-17\exchange=NSE\symbol=BANKBEES\part-075634_128684-034244.parquet,35392,downloaded,35392,
2026-07-17,NSE,BANKBEES,raw_l2/trade_date=2026-07-17/exchange=NSE/symbol=BANKBEES/part-075745_655681-034404.parquet,real_data_sample\l2_unseen_validation\trade_date=2026-07-17\exchange=NSE\symbol=BANKBEES\part-075745_655681-034404.parquet,34987,downloaded,34987,
2026-07-17,NSE,BANKBEES,raw_l2/trade_date=2026-07-17/exchange=NSE/symbol=BANKBEES/part-075413_117568-033924.parquet,real_data_sample\l2_unseen_validation\trade_date=2026-07-17\exchange=NSE\symbol=BANKBEES\part-075413_117568-033924.parquet,35067,downloaded,35067,
2026-07-17,NSE,BANKBEES,raw_l2/trade_date=2026-07-17/exchange=NSE/symbol=BANKBEES/part-075344_868625-033860.parquet,real_data_sample\l2_unseen_validation\trade_date=2026-07-17\exchange=NSE\symbol=BANKBEES\part-075344_868625-033860.parquet,34993,downloaded,34993,
2026-07-17,NSE,BANKBEES,raw_l2/trade_date=2026-07-17/exchange=NSE/symbol=BANKBEES/part-075759_872520-034436.parquet,real_data_sample\l2_unseen_validation\trade_date=2026-07-17\exchange=NSE\symbol=BANKBEES\part-075759_872520-034436.parquet,35696,downloaded,35696,
2026-07-17,NSE,BANKBEES,raw_l2/trade_date=2026-07-17/exchange=NSE/symbol=BANKBEES/part-075814_427250-034468.parquet,real_data_sample\l2_unseen_validation\trade_date=2026-07-17\exchange=NSE\symbol=BANKBEES\part-075814_427250-034468.parquet,35535,downloaded,35535,
2026-07-17,NSE,BANKBEES,raw_l2/trade_date=2026-07-17/exchange=NSE/symbol=BANKBEES/part-075828_869979-034500.parquet,real_data_sample\l2_unseen_validation\trade_date=2026-07-17\exchange=NSE\symbol=BANKBEES\part-075828_869979-034500.parquet,35557,downloaded,35557,
2026-07-17,NSE,BANKBEES,raw_l2/trade_date=2026-07-17/exchange=NSE/symbol=BANKBEES/part-075857_393707-034564.parquet,real_data_sample\l2_unseen_validation\trade_date=2026-07-17\exchange=NSE\symbol=BANKBEES\part-075857_393707-034564.parquet,35062,downloaded,35062,
2026-07-17,NSE,BANKBEES,raw_l2/trade_date=2026-07-17/exchange=NSE/symbol=BANKBEES/part-075843_132936-034532.parquet,real_data_sample\l2_unseen_validation\trade_date=2026-07-17\exchange=NSE\symbol=BANKBEES\part-075843_132936-034532.parquet,35178,downloaded,35178,
2026-07-17,NSE,BANKBEES,raw_l2/trade_date=2026-07-17/exchange=NSE/symbol=BANKBEES/part-075911_662158-034596.parquet,real_data_sample\l2_unseen_validation\trade_date=2026-07-17\exchange=NSE\symbol=BANKBEES\part-075911_662158-034596.parquet,35523,downloaded,35523,
2026-07-17,NSE,BANKBEES,raw_l2/trade_date=2026-07-17/exchange=NSE/symbol=BANKBEES/part-075925_905952-034628.parquet,real_data_sample\l2_unseen_validation\trade_date=2026-07-17\exchange=NSE\symbol=BANKBEES\part-075925_905952-034628.parquet,35308,downloaded,35308,
2026-07-17,NSE,BANKBEES,raw_l2/trade_date=2026-07-17/exchange=NSE/symbol=BANKBEES/part-080135_926545-034916.parquet,real_data_sample\l2_unseen_validation\trade_date=2026-07-17\exchange=NSE\symbol=BANKBEES\part-080135_926545-034916.parquet,34876,downloaded,34876,
2026-07-17,NSE,BANKBEES,raw_l2/trade_date=2026-07-17/exchange=NSE/symbol=BANKBEES/part-080330_863298-035172.parquet,real_data_sample\l2_unseen_validation\trade_date=2026-07-17\exchange=NSE\symbol=BANKBEES\part-080330_863298-035172.parquet,35954,downloaded,35954,
2026-07-17,NSE,BANKBEES,raw_l2/trade_date=2026-07-17/exchange=NSE/symbol=BANKBEES/part-075940_158655-034660.parquet,real_data_sample\l2_unseen_validation\trade_date=2026-07-17\exchange=NSE\symbol=BANKBEES\part-075940_158655-034660.parquet,35385,downloaded,35385,
2026-07-17,NSE,BANKBEES,raw_l2/trade_date=2026-07-17/exchange=NSE/symbol=BANKBEES/part-080107_428946-034852.parquet,real_data_sample\l2_unseen_validation\trade_date=2026-07-17\exchange=NSE\symbol=BANKBEES\part-080107_428946-034852.parquet,35760,downloaded,35760,
2026-07-17,NSE,BANKBEES,raw_l2/trade_date=2026-07-17/exchange=NSE/symbol=BANKBEES/part-080400_266582-035236.parquet,real_data_sample\l2_unseen_validation\trade_date=2026-07-17\exchange=NSE\symbol=BANKBEES\part-080400_266582-035236.parquet,36066,downloaded,36066,
2026-07-17,NSE,BANKBEES,raw_l2/trade_date=2026-07-17/exchange=NSE/symbol=BANKBEES/part-080345_294836-035204.parquet,real_data_sample\l2_unseen_validation\trade_date=2026-07-17\exchange=NSE\symbol=BANKBEES\part-080345_294836-035204.parquet,35859,downloaded,35859,
2026-07-17,NSE,BANKBEES,raw_l2/trade_date=2026-07-17/exchange=NSE/symbol=BANKBEES/part-080613_095332-035524.parquet,real_data_sample\l2_unseen_validation\trade_date=2026-07-17\exchange=NSE\symbol=BANKBEES\part-080613_095332-035524.parquet,35537,downloaded,35537,
2026-07-17,NSE,BANKBEES,raw_l2/trade_date=2026-07-17/exchange=NSE/symbol=BANKBEES/part-080627_464930-035556.parquet,real_data_sample\l2_unseen_validation\trade_date=2026-07-17\exchange=NSE\symbol=BANKBEES\part-080627_464930-035556.parquet,35710,downloaded,35710,
2026-07-17,NSE,BANKBEES,raw_l2/trade_date=2026-07-17/exchange=NSE/symbol=BANKBEES/part-080150_161043-034948.parquet,real_data_sample\l2_unseen_validation\trade_date=2026-07-17\exchange=NSE\symbol=BANKBEES\part-080150_161043-034948.parquet,35516,downloaded,35516,
2026-07-17,NSE,BANKBEES,raw_l2/trade_date=2026-07-17/exchange=NSE/symbol=BANKBEES/part-075954_498736-034692.parquet,real_data_sample\l2_unseen_validation\trade_date=2026-07-17\exchange=NSE\symbol=BANKBEES\part-075954_498736-034692.parquet,35258,downloaded,35258,
2026-07-17,NSE,BANKBEES,raw_l2/trade_date=2026-07-17/exchange=NSE/symbol=BANKBEES/part-080544_870385-035460.parquet,real_data_sample\l2_unseen_validation\trade_date=2026-07-17\exchange=NSE\symbol=BANKBEES\part-080544_870385-035460.parquet,35706,downloaded,35706,
2026-07-17,NSE,BANKBEES,raw_l2/trade_date=2026-07-17/exchange=NSE/symbol=BANKBEES/part-080248_158581-035076.parquet,real_data_sample\l2_unseen_validation\trade_date=2026-07-17\exchange=NSE\symbol=BANKBEES\part-080248_158581-035076.parquet,36157,downloaded,36157,
2026-07-17,NSE,BANKBEES,raw_l2/trade_date=2026-07-17/exchange=NSE/symbol=BANKBEES/part-080302_378851-035108.parquet,real_data_sample\l2_unseen_validation\trade_date=2026-07-17\exchange=NSE\symbol=BANKBEES\part-080302_378851-035108.parquet,35866,downloaded,35866,
2026-07-17,NSE,BANKBEES,raw_l2/trade_date=2026-07-17/exchange=NSE/symbol=BANKBEES/part-080218_870466-035012.parquet,real_data_sample\l2_unseen_validation\trade_date=2026-07-17\exchange=NSE\symbol=BANKBEES\part-080218_870466-035012.parquet,36048,downloaded,36048,
2026-07-17,NSE,BANKBEES,raw_l2/trade_date=2026-07-17/exchange=NSE/symbol=BANKBEES/part-080641_919638-035588.parquet,real_data_sample\l2_unseen_validation\trade_date=2026-07-17\exchange=NSE\symbol=BANKBEES\part-080641_919638-035588.parquet,35414,downloaded,35414,
2026-07-17,NSE,BANKBEES,raw_l2/trade_date=2026-07-17/exchange=NSE/symbol=BANKBEES/part-080558_866054-035492.parquet,real_data_sample\l2_unseen_validation\trade_date=2026-07-17\exchange=NSE\symbol=BANKBEES\part-080558_866054-035492.parquet,35485,downloaded,35485,
2026-07-17,NSE,BANKBEES,raw_l2/trade_date=2026-07-17/exchange=NSE/symbol=BANKBEES/part-080429_881839-035300.parquet,real_data_sample\l2_unseen_validation\trade_date=2026-07-17\exchange=NSE\symbol=BANKBEES\part-080429_881839-035300.parquet,35828,downloaded,35828,
2026-07-17,NSE,BANKBEES,raw_l2/trade_date=2026-07-17/exchange=NSE/symbol=BANKBEES/part-080204_676720-034980.parquet,real_data_sample\l2_unseen_validation\trade_date=2026-07-17\exchange=NSE\symbol=BANKBEES\part-080204_676720-034980.parquet,35784,downloaded,35784,
2026-07-17,NSE,BANKBEES,raw_l2/trade_date=2026-07-17/exchange=NSE/symbol=BANKBEES/part-080121_650850-034884.parquet,real_data_sample\l2_unseen_validation\trade_date=2026-07-17\exchange=NSE\symbol=BANKBEES\part-080121_650850-034884.parquet,35793,downloaded,35793,
2026-07-17,NSE,BANKBEES,raw_l2/trade_date=2026-07-17/exchange=NSE/symbol=BANKBEES/part-080233_155898-035044.parquet,real_data_sample\l2_unseen_validation\trade_date=2026-07-17\exchange=NSE\symbol=BANKBEES\part-080233_155898-035044.parquet,35948,downloaded,35948,
2026-07-17,NSE,BANKBEES,raw_l2/trade_date=2026-07-17/exchange=NSE/symbol=BANKBEES/part-080529_951723-035428.parquet,real_data_sample\l2_unseen_validation\trade_date=2026-07-17\exchange=NSE\symbol=BANKBEES\part-080529_951723-035428.parquet,35727,downloaded,35727,
2026-07-17,NSE,BANKBEES,raw_l2/trade_date=2026-07-17/exchange=NSE/symbol=BANKBEES/part-080515_135417-035396.parquet,real_data_sample\l2_unseen_validation\trade_date=2026-07-17\exchange=NSE\symbol=BANKBEES\part-080515_135417-035396.parquet,36011,downloaded,36011,
2026-07-17,NSE,BANKBEES,raw_l2/trade_date=2026-07-17/exchange=NSE/symbol=BANKBEES/part-080414_897648-035268.parquet,real_data_sample\l2_unseen_validation\trade_date=2026-07-17\exchange=NSE\symbol=BANKBEES\part-080414_897648-035268.parquet,35993,downloaded,35993,
2026-07-17,NSE,BANKBEES,raw_l2/trade_date=2026-07-17/exchange=NSE/symbol=BANKBEES/part-080500_947463-035364.parquet,real_data_sample\l2_unseen_validation\trade_date=2026-07-17\exchange=NSE\symbol=BANKBEES\part-080500_947463-035364.parquet,35791,downloaded,35791,
2026-07-17,NSE,BANKBEES,raw_l2/trade_date=2026-07-17/exchange=NSE/symbol=BANKBEES/part-080446_168448-035332.parquet,real_data_sample\l2_unseen_validation\trade_date=2026-07-17\exchange=NSE\symbol=BANKBEES\part-080446_168448-035332.parquet,35759,downloaded,35759,
2026-07-17,NSE,BANKBEES,raw_l2/trade_date=2026-07-17/exchange=NSE/symbol=BANKBEES/part-080316_682562-035140.parquet,real_data_sample\l2_unseen_validation\trade_date=2026-07-17\exchange=NSE\symbol=BANKBEES\part-080316_682562-035140.parquet,35798,downloaded,35798,
2026-07-17,NSE,BANKBEES,raw_l2/trade_date=2026-07-17/exchange=NSE/symbol=BANKBEES/part-080009_670945-034724.parquet,real_data_sample\l2_unseen_validation\trade_date=2026-07-17\exchange=NSE\symbol=BANKBEES\part-080009_670945-034724.parquet,35850,downloaded,35850,
2026-07-17,NSE,BANKBEES,raw_l2/trade_date=2026-07-17/exchange=NSE/symbol=BANKBEES/part-080024_384545-034756.parquet,real_data_sample\l2_unseen_validation\trade_date=2026-07-17\exchange=NSE\symbol=BANKBEES\part-080024_384545-034756.parquet,35624,downloaded,35624,
2026-07-17,NSE,BANKBEES,raw_l2/trade_date=2026-07-17/exchange=NSE/symbol=BANKBEES/part-080038_623874-034788.parquet,real_data_sample\l2_unseen_validation\trade_date=2026-07-17\exchange=NSE\symbol=BANKBEES\part-080038_623874-034788.parquet,35221,downloaded,35221,
2026-07-17,NSE,BANKBEES,raw_l2/trade_date=2026-07-17/exchange=NSE/symbol=BANKBEES/part-080053_133820-034820.parquet,real_data_sample\l2_unseen_validation\trade_date=2026-07-17\exchange=NSE\symbol=BANKBEES\part-080053_133820-034820.parquet,35651,downloaded,35651,
2026-07-17,NSE,BANKBEES,raw_l2/trade_date=2026-07-17/exchange=NSE/symbol=BANKBEES/part-080656_185897-035620.parquet,real_data_sample\l2_unseen_validation\trade_date=2026-07-17\exchange=NSE\symbol=BANKBEES\part-080656_185897-035620.parquet,35307,downloaded,35307,
2026-07-17,NSE,BANKBEES,raw_l2/trade_date=2026-07-17/exchange=NSE/symbol=BANKBEES/part-080710_724165-035652.parquet,real_data_sample\l2_unseen_validation\trade_date=2026-07-17\exchange=NSE\symbol=BANKBEES\part-080710_724165-035652.parquet,35890,downloaded,35890,
2026-07-17,NSE,BANKBEES,raw_l2/trade_date=2026-07-17/exchange=NSE/symbol=BANKBEES/part-080725_381279-035684.parquet,real_data_sample\l2_unseen_validation\trade_date=2026-07-17\exchange=NSE\symbol=BANKBEES\part-080725_381279-035684.parquet,35691,downloaded,35691,
2026-07-17,NSE,BANKBEES,raw_l2/trade_date=2026-07-17/exchange=NSE/symbol=BANKBEES/part-080739_686985-035716.parquet,real_data_sample\l2_unseen_validation\trade_date=2026-07-17\exchange=NSE\symbol=BANKBEES\part-080739_686985-035716.parquet,35779,downloaded,35779,
2026-07-17,NSE,BANKBEES,raw_l2/trade_date=2026-07-17/exchange=NSE/symbol=BANKBEES/part-080754_475787-035748.parquet,real_data_sample\l2_unseen_validation\trade_date=2026-07-17\exchange=NSE\symbol=BANKBEES\part-080754_475787-035748.parquet,35772,downloaded,35772,
2026-07-17,NSE,BANKBEES,raw_l2/trade_date=2026-07-17/exchange=NSE/symbol=BANKBEES/part-080937_180795-035972.parquet,real_data_sample\l2_unseen_validation\trade_date=2026-07-17\exchange=NSE\symbol=BANKBEES\part-080937_180795-035972.parquet,35897,downloaded,35897,
2026-07-17,NSE,BANKBEES,raw_l2/trade_date=2026-07-17/exchange=NSE/symbol=BANKBEES/part-080809_365116-035780.parquet,real_data_sample\l2_unseen_validation\trade_date=2026-07-17\exchange=NSE\symbol=BANKBEES\part-080809_365116-035780.parquet,35263,downloaded,35263,
2026-07-17,NSE,BANKBEES,raw_l2/trade_date=2026-07-17/exchange=NSE/symbol=BANKBEES/part-080922_420934-035940.parquet,real_data_sample\l2_unseen_validation\trade_date=2026-07-17\exchange=NSE\symbol=BANKBEES\part-080922_420934-035940.parquet,36095,downloaded,36095,
2026-07-17,NSE,BANKBEES,raw_l2/trade_date=2026-07-17/exchange=NSE/symbol=BANKBEES/part-080823_686557-035812.parquet,real_data_sample\l2_unseen_validation\trade_date=2026-07-17\exchange=NSE\symbol=BANKBEES\part-080823_686557-035812.parquet,35935,downloaded,35935,
2026-07-17,NSE,BANKBEES,raw_l2/trade_date=2026-07-17/exchange=NSE/symbol=BANKBEES/part-080852_910103-035876.parquet,real_data_sample\l2_unseen_validation\trade_date=2026-07-17\exchange=NSE\symbol=BANKBEES\part-080852_910103-035876.parquet,35605,downloaded,35605,
2026-07-17,NSE,BANKBEES,raw_l2/trade_date=2026-07-17/exchange=NSE/symbol=BANKBEES/part-080907_621557-035908.parquet,real_data_sample\l2_unseen_validation\trade_date=2026-07-17\exchange=NSE\symbol=BANKBEES\part-080907_621557-035908.parquet,35181,downloaded,35181,
2026-07-17,NSE,BANKBEES,raw_l2/trade_date=2026-07-17/exchange=NSE/symbol=BANKBEES/part-080838_161151-035844.parquet,real_data_sample\l2_unseen_validation\trade_date=2026-07-17\exchange=NSE\symbol=BANKBEES\part-080838_161151-035844.parquet,35708,downloaded,35708,
2026-07-17,NSE,BANKBEES,raw_l2/trade_date=2026-07-17/exchange=NSE/symbol=BANKBEES/part-080951_639446-036004.parquet,real_data_sample\l2_unseen_validation\trade_date=2026-07-17\exchange=NSE\symbol=BANKBEES\part-080951_639446-036004.parquet,35345,downloaded,35345,
2026-07-17,NSE,BANKBEES,raw_l2/trade_date=2026-07-17/exchange=NSE/symbol=BANKBEES/part-081104_871057-036164.parquet,real_data_sample\l2_unseen_validation\trade_date=2026-07-17\exchange=NSE\symbol=BANKBEES\part-081104_871057-036164.parquet,35711,downloaded,35711,
2026-07-17,NSE,BANKBEES,raw_l2/trade_date=2026-07-17/exchange=NSE/symbol=BANKBEES/part-081006_327482-036036.parquet,real_data_sample\l2_unseen_validation\trade_date=2026-07-17\exchange=NSE\symbol=BANKBEES\part-081006_327482-036036.parquet,35384,downloaded,35384,
2026-07-17,NSE,BANKBEES,raw_l2/trade_date=2026-07-17/exchange=NSE/symbol=BANKBEES/part-081229_668065-036356.parquet,real_data_sample\l2_unseen_validation\trade_date=2026-07-17\exchange=NSE\symbol=BANKBEES\part-081229_668065-036356.parquet,35841,downloaded,35841,
2026-07-17,NSE,BANKBEES,raw_l2/trade_date=2026-07-17/exchange=NSE/symbol=BANKBEES/part-081036_371700-036100.parquet,real_data_sample\l2_unseen_validation\trade_date=2026-07-17\exchange=NSE\symbol=BANKBEES\part-081036_371700-036100.parquet,36021,downloaded,36021,
2026-07-17,NSE,BANKBEES,raw_l2/trade_date=2026-07-17/exchange=NSE/symbol=BANKBEES/part-081201_383584-036292.parquet,real_data_sample\l2_unseen_validation\trade_date=2026-07-17\exchange=NSE\symbol=BANKBEES\part-081201_383584-036292.parquet,35795,downloaded,35795,
2026-07-17,NSE,BANKBEES,raw_l2/trade_date=2026-07-17/exchange=NSE/symbol=BANKBEES/part-081119_133483-036196.parquet,real_data_sample\l2_unseen_validation\trade_date=2026-07-17\exchange=NSE\symbol=BANKBEES\part-081119_133483-036196.parquet,35665,downloaded,35665,
2026-07-17,NSE,BANKBEES,raw_l2/trade_date=2026-07-17/exchange=NSE/symbol=BANKBEES/part-081327_692406-036484.parquet,real_data_sample\l2_unseen_validation\trade_date=2026-07-17\exchange=NSE\symbol=BANKBEES\part-081327_692406-036484.parquet,35825,downloaded,35825,
2026-07-17,NSE,BANKBEES,raw_l2/trade_date=2026-07-17/exchange=NSE/symbol=BANKBEES/part-081452_862029-036676.parquet,real_data_sample\l2_unseen_validation\trade_date=2026-07-17\exchange=NSE\symbol=BANKBEES\part-081452_862029-036676.parquet,36006,downloaded,36006,
2026-07-17,NSE,BANKBEES,raw_l2/trade_date=2026-07-17/exchange=NSE/symbol=BANKBEES/part-081021_468887-036068.parquet,real_data_sample\l2_unseen_validation\trade_date=2026-07-17\exchange=NSE\symbol=BANKBEES\part-081021_468887-036068.parquet,35669,downloaded,35669,
2026-07-17,NSE,BANKBEES,raw_l2/trade_date=2026-07-17/exchange=NSE/symbol=BANKBEES/part-081438_933858-036644.parquet,real_data_sample\l2_unseen_validation\trade_date=2026-07-17\exchange=NSE\symbol=BANKBEES\part-081438_933858-036644.parquet,35668,downloaded,35668,
2026-07-17,NSE,BANKBEES,raw_l2/trade_date=2026-07-17/exchange=NSE/symbol=BANKBEES/part-081341_880728-036516.parquet,real_data_sample\l2_unseen_validation\trade_date=2026-07-17\exchange=NSE\symbol=BANKBEES\part-081341_880728-036516.parquet,35912,downloaded,35912,
2026-07-17,NSE,BANKBEES,raw_l2/trade_date=2026-07-17/exchange=NSE/symbol=BANKBEES/part-081050_847508-036132.parquet,real_data_sample\l2_unseen_validation\trade_date=2026-07-17\exchange=NSE\symbol=BANKBEES\part-081050_847508-036132.parquet,35682,downloaded,35682,
2026-07-17,NSE,BANKBEES,raw_l2/trade_date=2026-07-17/exchange=NSE/symbol=BANKBEES/part-081147_162726-036260.parquet,real_data_sample\l2_unseen_validation\trade_date=2026-07-17\exchange=NSE\symbol=BANKBEES\part-081147_162726-036260.parquet,35656,downloaded,35656,
2026-07-17,NSE,BANKBEES,raw_l2/trade_date=2026-07-17/exchange=NSE/symbol=BANKBEES/part-081133_101201-036228.parquet,real_data_sample\l2_unseen_validation\trade_date=2026-07-17\exchange=NSE\symbol=BANKBEES\part-081133_101201-036228.parquet,35654,downloaded,35654,
2026-07-17,NSE,BANKBEES,raw_l2/trade_date=2026-07-17/exchange=NSE/symbol=BANKBEES/part-081244_110612-036388.parquet,real_data_sample\l2_unseen_validation\trade_date=2026-07-17\exchange=NSE\symbol=BANKBEES\part-081244_110612-036388.parquet,35840,downloaded,35840,
2026-07-17,NSE,BANKBEES,raw_l2/trade_date=2026-07-17/exchange=NSE/symbol=BANKBEES/part-081355_928416-036548.parquet,real_data_sample\l2_unseen_validation\trade_date=2026-07-17\exchange=NSE\symbol=BANKBEES\part-081355_928416-036548.parquet,35636,downloaded,35636,
2026-07-17,NSE,BANKBEES,raw_l2/trade_date=2026-07-17/exchange=NSE/symbol=BANKBEES/part-081258_615774-036420.parquet,real_data_sample\l2_unseen_validation\trade_date=2026-07-17\exchange=NSE\symbol=BANKBEES\part-081258_615774-036420.parquet,35634,downloaded,35634,
2026-07-17,NSE,BANKBEES,raw_l2/trade_date=2026-07-17/exchange=NSE/symbol=BANKBEES/part-081215_601780-036324.parquet,real_data_sample\l2_unseen_validation\trade_date=2026-07-17\exchange=NSE\symbol=BANKBEES\part-081215_601780-036324.parquet,36067,downloaded,36067,
2026-07-17,NSE,BANKBEES,raw_l2/trade_date=2026-07-17/exchange=NSE/symbol=BANKBEES/part-081313_415569-036452.parquet,real_data_sample\l2_unseen_validation\trade_date=2026-07-17\exchange=NSE\symbol=BANKBEES\part-081313_415569-036452.parquet,35921,downloaded,35921,
2026-07-17,NSE,BANKBEES,raw_l2/trade_date=2026-07-17/exchange=NSE/symbol=BANKBEES/part-081424_733299-036612.parquet,real_data_sample\l2_unseen_validation\trade_date=2026-07-17\exchange=NSE\symbol=BANKBEES\part-081424_733299-036612.parquet,35395,downloaded,35395,
2026-07-17,NSE,BANKBEES,raw_l2/trade_date=2026-07-17/exchange=NSE/symbol=BANKBEES/part-081410_442877-036580.parquet,real_data_sample\l2_unseen_validation\trade_date=2026-07-17\exchange=NSE\symbol=BANKBEES\part-081410_442877-036580.parquet,35581,downloaded,35581,
2026-07-17,NSE,BANKBEES,raw_l2/trade_date=2026-07-17/exchange=NSE/symbol=BANKBEES/part-081506_866431-036708.parquet,real_data_sample\l2_unseen_validation\trade_date=2026-07-17\exchange=NSE\symbol=BANKBEES\part-081506_866431-036708.parquet,35495,downloaded,35495,
2026-07-17,NSE,BANKBEES,raw_l2/trade_date=2026-07-17/exchange=NSE/symbol=BANKBEES/part-081521_112930-036740.parquet,real_data_sample\l2_unseen_validation\trade_date=2026-07-17\exchange=NSE\symbol=BANKBEES\part-081521_112930-036740.parquet,35506,downloaded,35506,
2026-07-17,NSE,BANKBEES,raw_l2/trade_date=2026-07-17/exchange=NSE/symbol=BANKBEES/part-081535_136016-036772.parquet,real_data_sample\l2_unseen_validation\trade_date=2026-07-17\exchange=NSE\symbol=BANKBEES\part-081535_136016-036772.parquet,35871,downloaded,35871,
2026-07-17,NSE,BANKBEES,raw_l2/trade_date=2026-07-17/exchange=NSE/symbol=BANKBEES/part-081549_124028-036804.parquet,real_data_sample\l2_unseen_validation\trade_date=2026-07-17\exchange=NSE\symbol=BANKBEES\part-081549_124028-036804.parquet,35158,downloaded,35158,
2026-07-17,NSE,BANKBEES,raw_l2/trade_date=2026-07-17/exchange=NSE/symbol=BANKBEES/part-081603_149158-036836.parquet,real_data_sample\l2_unseen_validation\trade_date=2026-07-17\exchange=NSE\symbol=BANKBEES\part-081603_149158-036836.parquet,35474,downloaded,35474,
2026-07-17,NSE,BANKBEES,raw_l2/trade_date=2026-07-17/exchange=NSE/symbol=BANKBEES/part-081617_089722-036868.parquet,real_data_sample\l2_unseen_validation\trade_date=2026-07-17\exchange=NSE\symbol=BANKBEES\part-081617_089722-036868.parquet,35947,downloaded,35947,
2026-07-17,NSE,BANKBEES,raw_l2/trade_date=2026-07-17/exchange=NSE/symbol=BANKBEES/part-081645_171310-036932.parquet,real_data_sample\l2_unseen_validation\trade_date=2026-07-17\exchange=NSE\symbol=BANKBEES\part-081645_171310-036932.parquet,35568,downloaded,35568,
2026-07-17,NSE,BANKBEES,raw_l2/trade_date=2026-07-17/exchange=NSE/symbol=BANKBEES/part-081631_117770-036900.parquet,real_data_sample\l2_unseen_validation\trade_date=2026-07-17\exchange=NSE\symbol=BANKBEES\part-081631_117770-036900.parquet,35639,downloaded,35639,
2026-07-17,NSE,BANKBEES,raw_l2/trade_date=2026-07-17/exchange=NSE/symbol=BANKBEES/part-081713_627280-036996.parquet,real_data_sample\l2_unseen_validation\trade_date=2026-07-17\exchange=NSE\symbol=BANKBEES\part-081713_627280-036996.parquet,35979,downloaded,35979,
2026-07-17,NSE,BANKBEES,raw_l2/trade_date=2026-07-17/exchange=NSE/symbol=BANKBEES/part-081659_358000-036964.parquet,real_data_sample\l2_unseen_validation\trade_date=2026-07-17\exchange=NSE\symbol=BANKBEES\part-081659_358000-036964.parquet,35447,downloaded,35447,
2026-07-17,NSE,BANKBEES,raw_l2/trade_date=2026-07-17/exchange=NSE/symbol=BANKBEES/part-081742_619034-037060.parquet,real_data_sample\l2_unseen_validation\trade_date=2026-07-17\exchange=NSE\symbol=BANKBEES\part-081742_619034-037060.parquet,35977,downloaded,35977,
2026-07-17,NSE,BANKBEES,raw_l2/trade_date=2026-07-17/exchange=NSE/symbol=BANKBEES/part-081727_913097-037028.parquet,real_data_sample\l2_unseen_validation\trade_date=2026-07-17\exchange=NSE\symbol=BANKBEES\part-081727_913097-037028.parquet,35638,downloaded,35638,
2026-07-17,NSE,BANKBEES,raw_l2/trade_date=2026-07-17/exchange=NSE/symbol=BANKBEES/part-081811_376582-037124.parquet,real_data_sample\l2_unseen_validation\trade_date=2026-07-17\exchange=NSE\symbol=BANKBEES\part-081811_376582-037124.parquet,35531,downloaded,35531,
2026-07-17,NSE,BANKBEES,raw_l2/trade_date=2026-07-17/exchange=NSE/symbol=BANKBEES/part-081825_613678-037156.parquet,real_data_sample\l2_unseen_validation\trade_date=2026-07-17\exchange=NSE\symbol=BANKBEES\part-081825_613678-037156.parquet,35706,downloaded,35706,
2026-07-17,NSE,BANKBEES,raw_l2/trade_date=2026-07-17/exchange=NSE/symbol=BANKBEES/part-081756_892488-037092.parquet,real_data_sample\l2_unseen_validation\trade_date=2026-07-17\exchange=NSE\symbol=BANKBEES\part-081756_892488-037092.parquet,35205,downloaded,35205,
2026-07-17,NSE,BANKBEES,raw_l2/trade_date=2026-07-17/exchange=NSE/symbol=BANKBEES/part-082243_370109-037732.parquet,real_data_sample\l2_unseen_validation\trade_date=2026-07-17\exchange=NSE\symbol=BANKBEES\part-082243_370109-037732.parquet,36028,downloaded,36028,
2026-07-17,NSE,BANKBEES,raw_l2/trade_date=2026-07-17/exchange=NSE/symbol=BANKBEES/part-081854_393988-037220.parquet,real_data_sample\l2_unseen_validation\trade_date=2026-07-17\exchange=NSE\symbol=BANKBEES\part-081854_393988-037220.parquet,35317,downloaded,35317,
2026-07-17,NSE,BANKBEES,raw_l2/trade_date=2026-07-17/exchange=NSE/symbol=BANKBEES/part-082257_392802-037764.parquet,real_data_sample\l2_unseen_validation\trade_date=2026-07-17\exchange=NSE\symbol=BANKBEES\part-082257_392802-037764.parquet,35804,downloaded,35804,
2026-07-17,NSE,BANKBEES,raw_l2/trade_date=2026-07-17/exchange=NSE/symbol=BANKBEES/part-082005_369496-037380.parquet,real_data_sample\l2_unseen_validation\trade_date=2026-07-17\exchange=NSE\symbol=BANKBEES\part-082005_369496-037380.parquet,36235,downloaded,36235,
2026-07-17,NSE,BANKBEES,raw_l2/trade_date=2026-07-17/exchange=NSE/symbol=BANKBEES/part-082326_137858-037828.parquet,real_data_sample\l2_unseen_validation\trade_date=2026-07-17\exchange=NSE\symbol=BANKBEES\part-082326_137858-037828.parquet,35370,downloaded,35370,
2026-07-17,NSE,BANKBEES,raw_l2/trade_date=2026-07-17/exchange=NSE/symbol=BANKBEES/part-081936_886597-037316.parquet,real_data_sample\l2_unseen_validation\trade_date=2026-07-17\exchange=NSE\symbol=BANKBEES\part-081936_886597-037316.parquet,35263,downloaded,35263,
2026-07-17,NSE,BANKBEES,raw_l2/trade_date=2026-07-17/exchange=NSE/symbol=BANKBEES/part-082146_609701-037604.parquet,real_data_sample\l2_unseen_validation\trade_date=2026-07-17\exchange=NSE\symbol=BANKBEES\part-082146_609701-037604.parquet,35885,downloaded,35885,
2026-07-17,NSE,BANKBEES,raw_l2/trade_date=2026-07-17/exchange=NSE/symbol=BANKBEES/part-081922_675801-037284.parquet,real_data_sample\l2_unseen_validation\trade_date=2026-07-17\exchange=NSE\symbol=BANKBEES\part-081922_675801-037284.parquet,35207,downloaded,35207,
2026-07-17,NSE,BANKBEES,raw_l2/trade_date=2026-07-17/exchange=NSE/symbol=BANKBEES/part-082340_367330-037860.parquet,real_data_sample\l2_unseen_validation\trade_date=2026-07-17\exchange=NSE\symbol=BANKBEES\part-082340_367330-037860.parquet,35538,downloaded,35538,
2026-07-17,NSE,BANKBEES,raw_l2/trade_date=2026-07-17/exchange=NSE/symbol=BANKBEES/part-082019_611624-037412.parquet,real_data_sample\l2_unseen_validation\trade_date=2026-07-17\exchange=NSE\symbol=BANKBEES\part-082019_611624-037412.parquet,35184,downloaded,35184,
2026-07-17,NSE,BANKBEES,raw_l2/trade_date=2026-07-17/exchange=NSE/symbol=BANKBEES/part-082354_361580-037892.parquet,real_data_sample\l2_unseen_validation\trade_date=2026-07-17\exchange=NSE\symbol=BANKBEES\part-082354_361580-037892.parquet,35309,downloaded,35309,
2026-07-17,NSE,BANKBEES,raw_l2/trade_date=2026-07-17/exchange=NSE/symbol=BANKBEES/part-082422_633271-037956.parquet,real_data_sample\l2_unseen_validation\trade_date=2026-07-17\exchange=NSE\symbol=BANKBEES\part-082422_633271-037956.parquet,35943,downloaded,35943,
2026-07-17,NSE,BANKBEES,raw_l2/trade_date=2026-07-17/exchange=NSE/symbol=BANKBEES/part-082049_211672-037476.parquet,real_data_sample\l2_unseen_validation\trade_date=2026-07-17\exchange=NSE\symbol=BANKBEES\part-082049_211672-037476.parquet,35911,downloaded,35911,
2026-07-17,NSE,BANKBEES,raw_l2/trade_date=2026-07-17/exchange=NSE/symbol=BANKBEES/part-082311_857200-037796.parquet,real_data_sample\l2_unseen_validation\trade_date=2026-07-17\exchange=NSE\symbol=BANKBEES\part-082311_857200-037796.parquet,35421,downloaded,35421,
2026-07-17,NSE,BANKBEES,raw_l2/trade_date=2026-07-17/exchange=NSE/symbol=BANKBEES/part-081839_876020-037188.parquet,real_data_sample\l2_unseen_validation\trade_date=2026-07-17\exchange=NSE\symbol=BANKBEES\part-081839_876020-037188.parquet,35576,downloaded,35576,
2026-07-17,NSE,BANKBEES,raw_l2/trade_date=2026-07-17/exchange=NSE/symbol=BANKBEES/part-082408_439676-037924.parquet,real_data_sample\l2_unseen_validation\trade_date=2026-07-17\exchange=NSE\symbol=BANKBEES\part-082408_439676-037924.parquet,35464,downloaded,35464,
2026-07-17,NSE,BANKBEES,raw_l2/trade_date=2026-07-17/exchange=NSE/symbol=BANKBEES/part-081951_376625-037348.parquet,real_data_sample\l2_unseen_validation\trade_date=2026-07-17\exchange=NSE\symbol=BANKBEES\part-081951_376625-037348.parquet,35545,downloaded,35545,
2026-07-17,NSE,BANKBEES,raw_l2/trade_date=2026-07-17/exchange=NSE/symbol=BANKBEES/part-082215_111512-037668.parquet,real_data_sample\l2_unseen_validation\trade_date=2026-07-17\exchange=NSE\symbol=BANKBEES\part-082215_111512-037668.parquet,35774,downloaded,35774,
2026-07-17,NSE,BANKBEES,raw_l2/trade_date=2026-07-17/exchange=NSE/symbol=BANKBEES/part-082450_864127-038020.parquet,real_data_sample\l2_unseen_validation\trade_date=2026-07-17\exchange=NSE\symbol=BANKBEES\part-082450_864127-038020.parquet,35634,downloaded,35634,
2026-07-17,NSE,BANKBEES,raw_l2/trade_date=2026-07-17/exchange=NSE/symbol=BANKBEES/part-082436_617606-037988.parquet,real_data_sample\l2_unseen_validation\trade_date=2026-07-17\exchange=NSE\symbol=BANKBEES\part-082436_617606-037988.parquet,35738,downloaded,35738,
2026-07-17,NSE,BANKBEES,raw_l2/trade_date=2026-07-17/exchange=NSE/symbol=BANKBEES/part-082200_947981-037636.parquet,real_data_sample\l2_unseen_validation\trade_date=2026-07-17\exchange=NSE\symbol=BANKBEES\part-082200_947981-037636.parquet,35968,downloaded,35968,
2026-07-17,NSE,BANKBEES,raw_l2/trade_date=2026-07-17/exchange=NSE/symbol=BANKBEES/part-082132_395728-037572.parquet,real_data_sample\l2_unseen_validation\trade_date=2026-07-17\exchange=NSE\symbol=BANKBEES\part-082132_395728-037572.parquet,35965,downloaded,35965,
2026-07-17,NSE,BANKBEES,raw_l2/trade_date=2026-07-17/exchange=NSE/symbol=BANKBEES/part-082103_647119-037508.parquet,real_data_sample\l2_unseen_validation\trade_date=2026-07-17\exchange=NSE\symbol=BANKBEES\part-082103_647119-037508.parquet,35801,downloaded,35801,
2026-07-17,NSE,BANKBEES,raw_l2/trade_date=2026-07-17/exchange=NSE/symbol=BANKBEES/part-081908_425075-037252.parquet,real_data_sample\l2_unseen_validation\trade_date=2026-07-17\exchange=NSE\symbol=BANKBEES\part-081908_425075-037252.parquet,35268,downloaded,35268,
2026-07-17,NSE,BANKBEES,raw_l2/trade_date=2026-07-17/exchange=NSE/symbol=BANKBEES/part-082118_141898-037540.parquet,real_data_sample\l2_unseen_validation\trade_date=2026-07-17\exchange=NSE\symbol=BANKBEES\part-082118_141898-037540.parquet,35659,downloaded,35659,
2026-07-17,NSE,BANKBEES,raw_l2/trade_date=2026-07-17/exchange=NSE/symbol=BANKBEES/part-082033_881241-037444.parquet,real_data_sample\l2_unseen_validation\trade_date=2026-07-17\exchange=NSE\symbol=BANKBEES\part-082033_881241-037444.parquet,35437,downloaded,35437,
2026-07-17,NSE,BANKBEES,raw_l2/trade_date=2026-07-17/exchange=NSE/symbol=BANKBEES/part-082229_108650-037700.parquet,real_data_sample\l2_unseen_validation\trade_date=2026-07-17\exchange=NSE\symbol=BANKBEES\part-082229_108650-037700.parquet,35452,downloaded,35452,
2026-07-17,NSE,BANKBEES,raw_l2/trade_date=2026-07-17/exchange=NSE/symbol=BANKBEES/part-082504_889231-038052.parquet,real_data_sample\l2_unseen_validation\trade_date=2026-07-17\exchange=NSE\symbol=BANKBEES\part-082504_889231-038052.parquet,35936,downloaded,35936,
2026-07-17,NSE,BANKBEES,raw_l2/trade_date=2026-07-17/exchange=NSE/symbol=BANKBEES/part-082518_892786-038084.parquet,real_data_sample\l2_unseen_validation\trade_date=2026-07-17\exchange=NSE\symbol=BANKBEES\part-082518_892786-038084.parquet,35830,downloaded,35830,
2026-07-17,NSE,BANKBEES,raw_l2/trade_date=2026-07-17/exchange=NSE/symbol=BANKBEES/part-082533_129033-038116.parquet,real_data_sample\l2_unseen_validation\trade_date=2026-07-17\exchange=NSE\symbol=BANKBEES\part-082533_129033-038116.parquet,35582,downloaded,35582,
2026-07-17,NSE,BANKBEES,raw_l2/trade_date=2026-07-17/exchange=NSE/symbol=BANKBEES/part-082547_701841-038148.parquet,real_data_sample\l2_unseen_validation\trade_date=2026-07-17\exchange=NSE\symbol=BANKBEES\part-082547_701841-038148.parquet,35542,downloaded,35542,
2026-07-17,NSE,BANKBEES,raw_l2/trade_date=2026-07-17/exchange=NSE/symbol=BANKBEES/part-082602_147719-038180.parquet,real_data_sample\l2_unseen_validation\trade_date=2026-07-17\exchange=NSE\symbol=BANKBEES\part-082602_147719-038180.parquet,35702,downloaded,35702,
2026-07-17,NSE,BANKBEES,raw_l2/trade_date=2026-07-17/exchange=NSE/symbol=BANKBEES/part-082616_427083-038212.parquet,real_data_sample\l2_unseen_validation\trade_date=2026-07-17\exchange=NSE\symbol=BANKBEES\part-082616_427083-038212.parquet,35679,downloaded,35679,
2026-07-17,NSE,BANKBEES,raw_l2/trade_date=2026-07-17/exchange=NSE/symbol=BANKBEES/part-082659_127121-038308.parquet,real_data_sample\l2_unseen_validation\trade_date=2026-07-17\exchange=NSE\symbol=BANKBEES\part-082659_127121-038308.parquet,35494,downloaded,35494,
2026-07-17,NSE,BANKBEES,raw_l2/trade_date=2026-07-17/exchange=NSE/symbol=BANKBEES/part-083344_651964-039204.parquet,real_data_sample\l2_unseen_validation\trade_date=2026-07-17\exchange=NSE\symbol=BANKBEES\part-083344_651964-039204.parquet,35516,downloaded,35516,
2026-07-17,NSE,BANKBEES,raw_l2/trade_date=2026-07-17/exchange=NSE/symbol=BANKBEES/part-082952_178650-038692.parquet,real_data_sample\l2_unseen_validation\trade_date=2026-07-17\exchange=NSE\symbol=BANKBEES\part-082952_178650-038692.parquet,34460,downloaded,34460,
2026-07-17,NSE,BANKBEES,raw_l2/trade_date=2026-07-17/exchange=NSE/symbol=BANKBEES/part-082713_380193-038340.parquet,real_data_sample\l2_unseen_validation\trade_date=2026-07-17\exchange=NSE\symbol=BANKBEES\part-082713_380193-038340.parquet,35371,downloaded,35371,
2026-07-17,NSE,BANKBEES,raw_l2/trade_date=2026-07-17/exchange=NSE/symbol=BANKBEES/part-082645_128767-038276.parquet,real_data_sample\l2_unseen_validation\trade_date=2026-07-17\exchange=NSE\symbol=BANKBEES\part-082645_128767-038276.parquet,35652,downloaded,35652,
2026-07-17,NSE,BANKBEES,raw_l2/trade_date=2026-07-17/exchange=NSE/symbol=BANKBEES/part-082741_901540-038404.parquet,real_data_sample\l2_unseen_validation\trade_date=2026-07-17\exchange=NSE\symbol=BANKBEES\part-082741_901540-038404.parquet,35251,downloaded,35251,
2026-07-17,NSE,BANKBEES,raw_l2/trade_date=2026-07-17/exchange=NSE/symbol=BANKBEES/part-082630_660757-038244.parquet,real_data_sample\l2_unseen_validation\trade_date=2026-07-17\exchange=NSE\symbol=BANKBEES\part-082630_660757-038244.parquet,36039,downloaded,36039,
2026-07-17,NSE,BANKBEES,raw_l2/trade_date=2026-07-17/exchange=NSE/symbol=BANKBEES/part-083330_435243-039172.parquet,real_data_sample\l2_unseen_validation\trade_date=2026-07-17\exchange=NSE\symbol=BANKBEES\part-083330_435243-039172.parquet,35366,downloaded,35366,
2026-07-17,NSE,BANKBEES,raw_l2/trade_date=2026-07-17/exchange=NSE/symbol=BANKBEES/part-083035_624469-038788.parquet,real_data_sample\l2_unseen_validation\trade_date=2026-07-17\exchange=NSE\symbol=BANKBEES\part-083035_624469-038788.parquet,35493,downloaded,35493,
2026-07-17,NSE,BANKBEES,raw_l2/trade_date=2026-07-17/exchange=NSE/symbol=BANKBEES/part-083050_162384-038820.parquet,real_data_sample\l2_unseen_validation\trade_date=2026-07-17\exchange=NSE\symbol=BANKBEES\part-083050_162384-038820.parquet,35008,downloaded,35008,
2026-07-17,NSE,BANKBEES,raw_l2/trade_date=2026-07-17/exchange=NSE/symbol=BANKBEES/part-082810_656104-038468.parquet,real_data_sample\l2_unseen_validation\trade_date=2026-07-17\exchange=NSE\symbol=BANKBEES\part-082810_656104-038468.parquet,35880,downloaded,35880,
2026-07-17,NSE,BANKBEES,raw_l2/trade_date=2026-07-17/exchange=NSE/symbol=BANKBEES/part-082727_630781-038372.parquet,real_data_sample\l2_unseen_validation\trade_date=2026-07-17\exchange=NSE\symbol=BANKBEES\part-082727_630781-038372.parquet,35701,downloaded,35701,
2026-07-17,NSE,BANKBEES,raw_l2/trade_date=2026-07-17/exchange=NSE/symbol=BANKBEES/part-082937_664918-038660.parquet,real_data_sample\l2_unseen_validation\trade_date=2026-07-17\exchange=NSE\symbol=BANKBEES\part-082937_664918-038660.parquet,34777,downloaded,34777,
2026-07-17,NSE,BANKBEES,raw_l2/trade_date=2026-07-17/exchange=NSE/symbol=BANKBEES/part-082825_173963-038500.parquet,real_data_sample\l2_unseen_validation\trade_date=2026-07-17\exchange=NSE\symbol=BANKBEES\part-082825_173963-038500.parquet,35326,downloaded,35326,
2026-07-17,NSE,BANKBEES,raw_l2/trade_date=2026-07-17/exchange=NSE/symbol=BANKBEES/part-083006_885842-038724.parquet,real_data_sample\l2_unseen_validation\trade_date=2026-07-17\exchange=NSE\symbol=BANKBEES\part-083006_885842-038724.parquet,34690,downloaded,34690,
2026-07-17,NSE,BANKBEES,raw_l2/trade_date=2026-07-17/exchange=NSE/symbol=BANKBEES/part-082756_128793-038436.parquet,real_data_sample\l2_unseen_validation\trade_date=2026-07-17\exchange=NSE\symbol=BANKBEES\part-082756_128793-038436.parquet,35405,downloaded,35405,
2026-07-17,NSE,BANKBEES,raw_l2/trade_date=2026-07-17/exchange=NSE/symbol=BANKBEES/part-083021_378622-038756.parquet,real_data_sample\l2_unseen_validation\trade_date=2026-07-17\exchange=NSE\symbol=BANKBEES\part-083021_378622-038756.parquet,35529,downloaded,35529,
2026-07-17,NSE,BANKBEES,raw_l2/trade_date=2026-07-17/exchange=NSE/symbol=BANKBEES/part-083246_655673-039076.parquet,real_data_sample\l2_unseen_validation\trade_date=2026-07-17\exchange=NSE\symbol=BANKBEES\part-083246_655673-039076.parquet,35695,downloaded,35695,
2026-07-17,NSE,BANKBEES,raw_l2/trade_date=2026-07-17/exchange=NSE/symbol=BANKBEES/part-083202_878668-038980.parquet,real_data_sample\l2_unseen_validation\trade_date=2026-07-17\exchange=NSE\symbol=BANKBEES\part-083202_878668-038980.parquet,35621,downloaded,35621,
2026-07-17,NSE,BANKBEES,raw_l2/trade_date=2026-07-17/exchange=NSE/symbol=BANKBEES/part-083104_465372-038852.parquet,real_data_sample\l2_unseen_validation\trade_date=2026-07-17\exchange=NSE\symbol=BANKBEES\part-083104_465372-038852.parquet,35131,downloaded,35131,
2026-07-17,NSE,BANKBEES,raw_l2/trade_date=2026-07-17/exchange=NSE/symbol=BANKBEES/part-083301_398975-039108.parquet,real_data_sample\l2_unseen_validation\trade_date=2026-07-17\exchange=NSE\symbol=BANKBEES\part-083301_398975-039108.parquet,35773,downloaded,35773,
2026-07-17,NSE,BANKBEES,raw_l2/trade_date=2026-07-17/exchange=NSE/symbol=BANKBEES/part-083232_155636-039044.parquet,real_data_sample\l2_unseen_validation\trade_date=2026-07-17\exchange=NSE\symbol=BANKBEES\part-083232_155636-039044.parquet,35826,downloaded,35826,
2026-07-17,NSE,BANKBEES,raw_l2/trade_date=2026-07-17/exchange=NSE/symbol=BANKBEES/part-083316_153700-039140.parquet,real_data_sample\l2_unseen_validation\trade_date=2026-07-17\exchange=NSE\symbol=BANKBEES\part-083316_153700-039140.parquet,35692,downloaded,35692,
2026-07-17,NSE,BANKBEES,raw_l2/trade_date=2026-07-17/exchange=NSE/symbol=BANKBEES/part-082923_138021-038628.parquet,real_data_sample\l2_unseen_validation\trade_date=2026-07-17\exchange=NSE\symbol=BANKBEES\part-082923_138021-038628.parquet,34647,downloaded,34647,
2026-07-17,NSE,BANKBEES,raw_l2/trade_date=2026-07-17/exchange=NSE/symbol=BANKBEES/part-082854_137567-038564.parquet,real_data_sample\l2_unseen_validation\trade_date=2026-07-17\exchange=NSE\symbol=BANKBEES\part-082854_137567-038564.parquet,35032,downloaded,35032,
2026-07-17,NSE,BANKBEES,raw_l2/trade_date=2026-07-17/exchange=NSE/symbol=BANKBEES/part-083119_441333-038884.parquet,real_data_sample\l2_unseen_validation\trade_date=2026-07-17\exchange=NSE\symbol=BANKBEES\part-083119_441333-038884.parquet,35692,downloaded,35692,
2026-07-17,NSE,BANKBEES,raw_l2/trade_date=2026-07-17/exchange=NSE/symbol=BANKBEES/part-082908_679039-038596.parquet,real_data_sample\l2_unseen_validation\trade_date=2026-07-17\exchange=NSE\symbol=BANKBEES\part-082908_679039-038596.parquet,35019,downloaded,35019,
2026-07-17,NSE,BANKBEES,raw_l2/trade_date=2026-07-17/exchange=NSE/symbol=BANKBEES/part-083148_646030-038948.parquet,real_data_sample\l2_unseen_validation\trade_date=2026-07-17\exchange=NSE\symbol=BANKBEES\part-083148_646030-038948.parquet,35345,downloaded,35345,
2026-07-17,NSE,BANKBEES,raw_l2/trade_date=2026-07-17/exchange=NSE/symbol=BANKBEES/part-082839_664626-038532.parquet,real_data_sample\l2_unseen_validation\trade_date=2026-07-17\exchange=NSE\symbol=BANKBEES\part-082839_664626-038532.parquet,35185,downloaded,35185,
2026-07-17,NSE,BANKBEES,raw_l2/trade_date=2026-07-17/exchange=NSE/symbol=BANKBEES/part-083133_924847-038916.parquet,real_data_sample\l2_unseen_validation\trade_date=2026-07-17\exchange=NSE\symbol=BANKBEES\part-083133_924847-038916.parquet,35641,downloaded,35641,
2026-07-17,NSE,BANKBEES,raw_l2/trade_date=2026-07-17/exchange=NSE/symbol=BANKBEES/part-083217_392535-039012.parquet,real_data_sample\l2_unseen_validation\trade_date=2026-07-17\exchange=NSE\symbol=BANKBEES\part-083217_392535-039012.parquet,35673,downloaded,35673,
2026-07-17,NSE,BANKBEES,raw_l2/trade_date=2026-07-17/exchange=NSE/symbol=BANKBEES/part-083359_150827-039236.parquet,real_data_sample\l2_unseen_validation\trade_date=2026-07-17\exchange=NSE\symbol=BANKBEES\part-083359_150827-039236.parquet,35438,downloaded,35438,
2026-07-17,NSE,BANKBEES,raw_l2/trade_date=2026-07-17/exchange=NSE/symbol=BANKBEES/part-083413_407236-039268.parquet,real_data_sample\l2_unseen_validation\trade_date=2026-07-17\exchange=NSE\symbol=BANKBEES\part-083413_407236-039268.parquet,35632,downloaded,35632,
2026-07-17,NSE,BANKBEES,raw_l2/trade_date=2026-07-17/exchange=NSE/symbol=BANKBEES/part-083427_652311-039300.parquet,real_data_sample\l2_unseen_validation\trade_date=2026-07-17\exchange=NSE\symbol=BANKBEES\part-083427_652311-039300.parquet,35260,downloaded,35260,
2026-07-17,NSE,BANKBEES,raw_l2/trade_date=2026-07-17/exchange=NSE/symbol=BANKBEES/part-083456_382570-039364.parquet,real_data_sample\l2_unseen_validation\trade_date=2026-07-17\exchange=NSE\symbol=BANKBEES\part-083456_382570-039364.parquet,35725,downloaded,35725,
2026-07-17,NSE,BANKBEES,raw_l2/trade_date=2026-07-17/exchange=NSE/symbol=BANKBEES/part-083510_891018-039396.parquet,real_data_sample\l2_unseen_validation\trade_date=2026-07-17\exchange=NSE\symbol=BANKBEES\part-083510_891018-039396.parquet,35603,downloaded,35603,
2026-07-17,NSE,BANKBEES,raw_l2/trade_date=2026-07-17/exchange=NSE/symbol=BANKBEES/part-083539_139027-039460.parquet,real_data_sample\l2_unseen_validation\trade_date=2026-07-17\exchange=NSE\symbol=BANKBEES\part-083539_139027-039460.parquet,35258,downloaded,35258,
2026-07-17,NSE,BANKBEES,raw_l2/trade_date=2026-07-17/exchange=NSE/symbol=BANKBEES/part-083442_132577-039332.parquet,real_data_sample\l2_unseen_validation\trade_date=2026-07-17\exchange=NSE\symbol=BANKBEES\part-083442_132577-039332.parquet,35694,downloaded,35694,
2026-07-17,NSE,BANKBEES,raw_l2/trade_date=2026-07-17/exchange=NSE/symbol=BANKBEES/part-083525_112395-039428.parquet,real_data_sample\l2_unseen_validation\trade_date=2026-07-17\exchange=NSE\symbol=BANKBEES\part-083525_112395-039428.parquet,35786,downloaded,35786,
2026-07-17,NSE,BANKBEES,raw_l2/trade_date=2026-07-17/exchange=NSE/symbol=BANKBEES/part-083553_398819-039492.parquet,real_data_sample\l2_unseen_validation\trade_date=2026-07-17\exchange=NSE\symbol=BANKBEES\part-083553_398819-039492.parquet,35281,downloaded,35281,
2026-07-17,NSE,BANKBEES,raw_l2/trade_date=2026-07-17/exchange=NSE/symbol=BANKBEES/part-083621_870232-039556.parquet,real_data_sample\l2_unseen_validation\trade_date=2026-07-17\exchange=NSE\symbol=BANKBEES\part-083621_870232-039556.parquet,35003,downloaded,35003,
2026-07-17,NSE,BANKBEES,raw_l2/trade_date=2026-07-17/exchange=NSE/symbol=BANKBEES/part-083607_373136-039524.parquet,real_data_sample\l2_unseen_validation\trade_date=2026-07-17\exchange=NSE\symbol=BANKBEES\part-083607_373136-039524.parquet,35263,downloaded,35263,
2026-07-17,NSE,BANKBEES,raw_l2/trade_date=2026-07-17/exchange=NSE/symbol=BANKBEES/part-083941_679889-040004.parquet,real_data_sample\l2_unseen_validation\trade_date=2026-07-17\exchange=NSE\symbol=BANKBEES\part-083941_679889-040004.parquet,35291,downloaded,35291,
2026-07-17,NSE,BANKBEES,raw_l2/trade_date=2026-07-17/exchange=NSE/symbol=BANKBEES/part-083815_703539-039812.parquet,real_data_sample\l2_unseen_validation\trade_date=2026-07-17\exchange=NSE\symbol=BANKBEES\part-083815_703539-039812.parquet,35290,downloaded,35290,
2026-07-17,NSE,BANKBEES,raw_l2/trade_date=2026-07-17/exchange=NSE/symbol=BANKBEES/part-083858_677488-039908.parquet,real_data_sample\l2_unseen_validation\trade_date=2026-07-17\exchange=NSE\symbol=BANKBEES\part-083858_677488-039908.parquet,34995,downloaded,34995,
2026-07-17,NSE,BANKBEES,raw_l2/trade_date=2026-07-17/exchange=NSE/symbol=BANKBEES/part-083732_849752-039716.parquet,real_data_sample\l2_unseen_validation\trade_date=2026-07-17\exchange=NSE\symbol=BANKBEES\part-083732_849752-039716.parquet,35627,downloaded,35627,
2026-07-17,NSE,BANKBEES,raw_l2/trade_date=2026-07-17/exchange=NSE/symbol=BANKBEES/part-083718_669837-039684.parquet,real_data_sample\l2_unseen_validation\trade_date=2026-07-17\exchange=NSE\symbol=BANKBEES\part-083718_669837-039684.parquet,35374,downloaded,35374,
2026-07-17,NSE,BANKBEES,raw_l2/trade_date=2026-07-17/exchange=NSE/symbol=BANKBEES/part-083650_369838-039620.parquet,real_data_sample\l2_unseen_validation\trade_date=2026-07-17\exchange=NSE\symbol=BANKBEES\part-083650_369838-039620.parquet,35294,downloaded,35294,
2026-07-17,NSE,BANKBEES,raw_l2/trade_date=2026-07-17/exchange=NSE/symbol=BANKBEES/part-083955_894798-040036.parquet,real_data_sample\l2_unseen_validation\trade_date=2026-07-17\exchange=NSE\symbol=BANKBEES\part-083955_894798-040036.parquet,35103,downloaded,35103,
2026-07-17,NSE,BANKBEES,raw_l2/trade_date=2026-07-17/exchange=NSE/symbol=BANKBEES/part-083747_102240-039748.parquet,real_data_sample\l2_unseen_validation\trade_date=2026-07-17\exchange=NSE\symbol=BANKBEES\part-083747_102240-039748.parquet,35410,downloaded,35410,
2026-07-17,NSE,BANKBEES,raw_l2/trade_date=2026-07-17/exchange=NSE/symbol=BANKBEES/part-083704_619380-039652.parquet,real_data_sample\l2_unseen_validation\trade_date=2026-07-17\exchange=NSE\symbol=BANKBEES\part-083704_619380-039652.parquet,35495,downloaded,35495,
2026-07-17,NSE,BANKBEES,raw_l2/trade_date=2026-07-17/exchange=NSE/symbol=BANKBEES/part-084038_885581-040132.parquet,real_data_sample\l2_unseen_validation\trade_date=2026-07-17\exchange=NSE\symbol=BANKBEES\part-084038_885581-040132.parquet,35199,downloaded,35199,
2026-07-17,NSE,BANKBEES,raw_l2/trade_date=2026-07-17/exchange=NSE/symbol=BANKBEES/part-083927_421924-039972.parquet,real_data_sample\l2_unseen_validation\trade_date=2026-07-17\exchange=NSE\symbol=BANKBEES\part-083927_421924-039972.parquet,35066,downloaded,35066,
2026-07-17,NSE,BANKBEES,raw_l2/trade_date=2026-07-17/exchange=NSE/symbol=BANKBEES/part-083829_940755-039844.parquet,real_data_sample\l2_unseen_validation\trade_date=2026-07-17\exchange=NSE\symbol=BANKBEES\part-083829_940755-039844.parquet,35586,downloaded,35586,
2026-07-17,NSE,BANKBEES,raw_l2/trade_date=2026-07-17/exchange=NSE/symbol=BANKBEES/part-083801_467159-039780.parquet,real_data_sample\l2_unseen_validation\trade_date=2026-07-17\exchange=NSE\symbol=BANKBEES\part-083801_467159-039780.parquet,35874,downloaded,35874,
2026-07-17,NSE,BANKBEES,raw_l2/trade_date=2026-07-17/exchange=NSE/symbol=BANKBEES/part-084121_639536-040228.parquet,real_data_sample\l2_unseen_validation\trade_date=2026-07-17\exchange=NSE\symbol=BANKBEES\part-084121_639536-040228.parquet,35312,downloaded,35312,
2026-07-17,NSE,BANKBEES,raw_l2/trade_date=2026-07-17/exchange=NSE/symbol=BANKBEES/part-084107_618689-040196.parquet,real_data_sample\l2_unseen_validation\trade_date=2026-07-17\exchange=NSE\symbol=BANKBEES\part-084107_618689-040196.parquet,35505,downloaded,35505,
2026-07-17,NSE,BANKBEES,raw_l2/trade_date=2026-07-17/exchange=NSE/symbol=BANKBEES/part-083844_379171-039876.parquet,real_data_sample\l2_unseen_validation\trade_date=2026-07-17\exchange=NSE\symbol=BANKBEES\part-083844_379171-039876.parquet,35330,downloaded,35330,
2026-07-17,NSE,BANKBEES,raw_l2/trade_date=2026-07-17/exchange=NSE/symbol=BANKBEES/part-084024_640843-040100.parquet,real_data_sample\l2_unseen_validation\trade_date=2026-07-17\exchange=NSE\symbol=BANKBEES\part-084024_640843-040100.parquet,35480,downloaded,35480,
2026-07-17,NSE,BANKBEES,raw_l2/trade_date=2026-07-17/exchange=NSE/symbol=BANKBEES/part-083636_114516-039588.parquet,real_data_sample\l2_unseen_validation\trade_date=2026-07-17\exchange=NSE\symbol=BANKBEES\part-083636_114516-039588.parquet,35202,downloaded,35202,
2026-07-17,NSE,BANKBEES,raw_l2/trade_date=2026-07-17/exchange=NSE/symbol=BANKBEES/part-084053_447111-040164.parquet,real_data_sample\l2_unseen_validation\trade_date=2026-07-17\exchange=NSE\symbol=BANKBEES\part-084053_447111-040164.parquet,35317,downloaded,35317,
2026-07-17,NSE,BANKBEES,raw_l2/trade_date=2026-07-17/exchange=NSE/symbol=BANKBEES/part-084010_405196-040068.parquet,real_data_sample\l2_unseen_validation\trade_date=2026-07-17\exchange=NSE\symbol=BANKBEES\part-084010_405196-040068.parquet,35036,downloaded,35036,
2026-07-17,NSE,BANKBEES,raw_l2/trade_date=2026-07-17/exchange=NSE/symbol=BANKBEES/part-083913_116741-039940.parquet,real_data_sample\l2_unseen_validation\trade_date=2026-07-17\exchange=NSE\symbol=BANKBEES\part-083913_116741-039940.parquet,35026,downloaded,35026,
2026-07-17,NSE,BANKBEES,raw_l2/trade_date=2026-07-17/exchange=NSE/symbol=BANKBEES/part-084136_170482-040260.parquet,real_data_sample\l2_unseen_validation\trade_date=2026-07-17\exchange=NSE\symbol=BANKBEES\part-084136_170482-040260.parquet,35991,downloaded,35991,
2026-07-17,NSE,BANKBEES,raw_l2/trade_date=2026-07-17/exchange=NSE/symbol=BANKBEES/part-084204_904678-040324.parquet,real_data_sample\l2_unseen_validation\trade_date=2026-07-17\exchange=NSE\symbol=BANKBEES\part-084204_904678-040324.parquet,35281,downloaded,35281,
2026-07-17,NSE,BANKBEES,raw_l2/trade_date=2026-07-17/exchange=NSE/symbol=BANKBEES/part-084233_692424-040388.parquet,real_data_sample\l2_unseen_validation\trade_date=2026-07-17\exchange=NSE\symbol=BANKBEES\part-084233_692424-040388.parquet,35389,downloaded,35389,
2026-07-17,NSE,BANKBEES,raw_l2/trade_date=2026-07-17/exchange=NSE/symbol=BANKBEES/part-084150_634602-040292.parquet,real_data_sample\l2_unseen_validation\trade_date=2026-07-17\exchange=NSE\symbol=BANKBEES\part-084150_634602-040292.parquet,35627,downloaded,35627,
2026-07-17,NSE,BANKBEES,raw_l2/trade_date=2026-07-17/exchange=NSE/symbol=BANKBEES/part-084443_376349-040676.parquet,real_data_sample\l2_unseen_validation\trade_date=2026-07-17\exchange=NSE\symbol=BANKBEES\part-084443_376349-040676.parquet,35388,downloaded,35388,
2026-07-17,NSE,BANKBEES,raw_l2/trade_date=2026-07-17/exchange=NSE/symbol=BANKBEES/part-084247_918459-040420.parquet,real_data_sample\l2_unseen_validation\trade_date=2026-07-17\exchange=NSE\symbol=BANKBEES\part-084247_918459-040420.parquet,35182,downloaded,35182,
2026-07-17,NSE,BANKBEES,raw_l2/trade_date=2026-07-17/exchange=NSE/symbol=BANKBEES/part-084414_455762-040612.parquet,real_data_sample\l2_unseen_validation\trade_date=2026-07-17\exchange=NSE\symbol=BANKBEES\part-084414_455762-040612.parquet,35141,downloaded,35141,
2026-07-17,NSE,BANKBEES,raw_l2/trade_date=2026-07-17/exchange=NSE/symbol=BANKBEES/part-084219_367866-040356.parquet,real_data_sample\l2_unseen_validation\trade_date=2026-07-17\exchange=NSE\symbol=BANKBEES\part-084219_367866-040356.parquet,35445,downloaded,35445,
2026-07-17,NSE,BANKBEES,raw_l2/trade_date=2026-07-17/exchange=NSE/symbol=BANKBEES/part-084400_164301-040580.parquet,real_data_sample\l2_unseen_validation\trade_date=2026-07-17\exchange=NSE\symbol=BANKBEES\part-084400_164301-040580.parquet,34655,downloaded,34655,
2026-07-17,NSE,BANKBEES,raw_l2/trade_date=2026-07-17/exchange=NSE/symbol=BANKBEES/part-084345_649549-040548.parquet,real_data_sample\l2_unseen_validation\trade_date=2026-07-17\exchange=NSE\symbol=BANKBEES\part-084345_649549-040548.parquet,34913,downloaded,34913,
2026-07-17,NSE,BANKBEES,raw_l2/trade_date=2026-07-17/exchange=NSE/symbol=BANKBEES/part-084457_634711-040708.parquet,real_data_sample\l2_unseen_validation\trade_date=2026-07-17\exchange=NSE\symbol=BANKBEES\part-084457_634711-040708.parquet,35353,downloaded,35353,
2026-07-17,NSE,BANKBEES,raw_l2/trade_date=2026-07-17/exchange=NSE/symbol=BANKBEES/part-084331_149683-040516.parquet,real_data_sample\l2_unseen_validation\trade_date=2026-07-17\exchange=NSE\symbol=BANKBEES\part-084331_149683-040516.parquet,34362,downloaded,34362,
2026-07-17,NSE,BANKBEES,raw_l2/trade_date=2026-07-17/exchange=NSE/symbol=BANKBEES/part-084302_379529-040452.parquet,real_data_sample\l2_unseen_validation\trade_date=2026-07-17\exchange=NSE\symbol=BANKBEES\part-084302_379529-040452.parquet,35184,downloaded,35184,
2026-07-17,NSE,BANKBEES,raw_l2/trade_date=2026-07-17/exchange=NSE/symbol=BANKBEES/part-084428_945856-040644.parquet,real_data_sample\l2_unseen_validation\trade_date=2026-07-17\exchange=NSE\symbol=BANKBEES\part-084428_945856-040644.parquet,35216,downloaded,35216,
2026-07-17,NSE,BANKBEES,raw_l2/trade_date=2026-07-17/exchange=NSE/symbol=BANKBEES/part-084541_149619-040804.parquet,real_data_sample\l2_unseen_validation\trade_date=2026-07-17\exchange=NSE\symbol=BANKBEES\part-084541_149619-040804.parquet,36790,downloaded,36790,
2026-07-17,NSE,BANKBEES,raw_l2/trade_date=2026-07-17/exchange=NSE/symbol=BANKBEES/part-084526_626956-040772.parquet,real_data_sample\l2_unseen_validation\trade_date=2026-07-17\exchange=NSE\symbol=BANKBEES\part-084526_626956-040772.parquet,35925,downloaded,35925,
2026-07-17,NSE,BANKBEES,raw_l2/trade_date=2026-07-17/exchange=NSE/symbol=BANKBEES/part-084316_681493-040484.parquet,real_data_sample\l2_unseen_validation\trade_date=2026-07-17\exchange=NSE\symbol=BANKBEES\part-084316_681493-040484.parquet,34915,downloaded,34915,
2026-07-17,NSE,BANKBEES,raw_l2/trade_date=2026-07-17/exchange=NSE/symbol=BANKBEES/part-084609_905331-040868.parquet,real_data_sample\l2_unseen_validation\trade_date=2026-07-17\exchange=NSE\symbol=BANKBEES\part-084609_905331-040868.parquet,36808,downloaded,36808,
2026-07-17,NSE,BANKBEES,raw_l2/trade_date=2026-07-17/exchange=NSE/symbol=BANKBEES/part-084512_361703-040740.parquet,real_data_sample\l2_unseen_validation\trade_date=2026-07-17\exchange=NSE\symbol=BANKBEES\part-084512_361703-040740.parquet,35816,downloaded,35816,
2026-07-17,NSE,BANKBEES,raw_l2/trade_date=2026-07-17/exchange=NSE/symbol=BANKBEES/part-084803_882817-041124.parquet,real_data_sample\l2_unseen_validation\trade_date=2026-07-17\exchange=NSE\symbol=BANKBEES\part-084803_882817-041124.parquet,35583,downloaded,35583,
2026-07-17,NSE,BANKBEES,raw_l2/trade_date=2026-07-17/exchange=NSE/symbol=BANKBEES/part-084638_395891-040932.parquet,real_data_sample\l2_unseen_validation\trade_date=2026-07-17\exchange=NSE\symbol=BANKBEES\part-084638_395891-040932.parquet,36266,downloaded,36266,
2026-07-17,NSE,BANKBEES,raw_l2/trade_date=2026-07-17/exchange=NSE/symbol=BANKBEES/part-084818_126739-041156.parquet,real_data_sample\l2_unseen_validation\trade_date=2026-07-17\exchange=NSE\symbol=BANKBEES\part-084818_126739-041156.parquet,35990,downloaded,35990,
2026-07-17,NSE,BANKBEES,raw_l2/trade_date=2026-07-17/exchange=NSE/symbol=BANKBEES/part-084721_140062-041028.parquet,real_data_sample\l2_unseen_validation\trade_date=2026-07-17\exchange=NSE\symbol=BANKBEES\part-084721_140062-041028.parquet,35770,downloaded,35770,
2026-07-17,NSE,BANKBEES,raw_l2/trade_date=2026-07-17/exchange=NSE/symbol=BANKBEES/part-084555_368002-040836.parquet,real_data_sample\l2_unseen_validation\trade_date=2026-07-17\exchange=NSE\symbol=BANKBEES\part-084555_368002-040836.parquet,36036,downloaded,36036,
2026-07-17,NSE,BANKBEES,raw_l2/trade_date=2026-07-17/exchange=NSE/symbol=BANKBEES/part-084735_160908-041060.parquet,real_data_sample\l2_unseen_validation\trade_date=2026-07-17\exchange=NSE\symbol=BANKBEES\part-084735_160908-041060.parquet,35777,downloaded,35777,
2026-07-17,NSE,BANKBEES,raw_l2/trade_date=2026-07-17/exchange=NSE/symbol=BANKBEES/part-084706_912087-040996.parquet,real_data_sample\l2_unseen_validation\trade_date=2026-07-17\exchange=NSE\symbol=BANKBEES\part-084706_912087-040996.parquet,35568,downloaded,35568,
2026-07-17,NSE,BANKBEES,raw_l2/trade_date=2026-07-17/exchange=NSE/symbol=BANKBEES/part-084749_635176-041092.parquet,real_data_sample\l2_unseen_validation\trade_date=2026-07-17\exchange=NSE\symbol=BANKBEES\part-084749_635176-041092.parquet,35446,downloaded,35446,
2026-07-17,NSE,BANKBEES,raw_l2/trade_date=2026-07-17/exchange=NSE/symbol=BANKBEES/part-084832_457498-041188.parquet,real_data_sample\l2_unseen_validation\trade_date=2026-07-17\exchange=NSE\symbol=BANKBEES\part-084832_457498-041188.parquet,35847,downloaded,35847,
2026-07-17,NSE,BANKBEES,raw_l2/trade_date=2026-07-17/exchange=NSE/symbol=BANKBEES/part-084652_646334-040964.parquet,real_data_sample\l2_unseen_validation\trade_date=2026-07-17\exchange=NSE\symbol=BANKBEES\part-084652_646334-040964.parquet,35714,downloaded,35714,
2026-07-17,NSE,BANKBEES,raw_l2/trade_date=2026-07-17/exchange=NSE/symbol=BANKBEES/part-084846_910447-041220.parquet,real_data_sample\l2_unseen_validation\trade_date=2026-07-17\exchange=NSE\symbol=BANKBEES\part-084846_910447-041220.parquet,35648,downloaded,35648,
2026-07-17,NSE,BANKBEES,raw_l2/trade_date=2026-07-17/exchange=NSE/symbol=BANKBEES/part-084624_132420-040900.parquet,real_data_sample\l2_unseen_validation\trade_date=2026-07-17\exchange=NSE\symbol=BANKBEES\part-084624_132420-040900.parquet,36094,downloaded,36094,
2026-07-17,NSE,BANKBEES,raw_l2/trade_date=2026-07-17/exchange=NSE/symbol=BANKBEES/part-084915_734316-041284.parquet,real_data_sample\l2_unseen_validation\trade_date=2026-07-17\exchange=NSE\symbol=BANKBEES\part-084915_734316-041284.parquet,35759,downloaded,35759,
2026-07-17,NSE,BANKBEES,raw_l2/trade_date=2026-07-17/exchange=NSE/symbol=BANKBEES/part-084901_408057-041252.parquet,real_data_sample\l2_unseen_validation\trade_date=2026-07-17\exchange=NSE\symbol=BANKBEES\part-084901_408057-041252.parquet,35663,downloaded,35663,
2026-07-17,NSE,BANKBEES,raw_l2/trade_date=2026-07-17/exchange=NSE/symbol=BANKBEES/part-084930_638238-041316.parquet,real_data_sample\l2_unseen_validation\trade_date=2026-07-17\exchange=NSE\symbol=BANKBEES\part-084930_638238-041316.parquet,35881,downloaded,35881,
2026-07-17,NSE,BANKBEES,raw_l2/trade_date=2026-07-17/exchange=NSE/symbol=BANKBEES/part-084945_162563-041348.parquet,real_data_sample\l2_unseen_validation\trade_date=2026-07-17\exchange=NSE\symbol=BANKBEES\part-084945_162563-041348.parquet,35230,downloaded,35230,
2026-07-17,NSE,BANKBEES,raw_l2/trade_date=2026-07-17/exchange=NSE/symbol=BANKBEES/part-084959_619068-041380.parquet,real_data_sample\l2_unseen_validation\trade_date=2026-07-17\exchange=NSE\symbol=BANKBEES\part-084959_619068-041380.parquet,35928,downloaded,35928,
2026-07-17,NSE,BANKBEES,raw_l2/trade_date=2026-07-17/exchange=NSE/symbol=BANKBEES/part-085014_145244-041412.parquet,real_data_sample\l2_unseen_validation\trade_date=2026-07-17\exchange=NSE\symbol=BANKBEES\part-085014_145244-041412.parquet,36064,downloaded,36064,
2026-07-17,NSE,BANKBEES,raw_l2/trade_date=2026-07-17/exchange=NSE/symbol=BANKBEES/part-085057_140666-041508.parquet,real_data_sample\l2_unseen_validation\trade_date=2026-07-17\exchange=NSE\symbol=BANKBEES\part-085057_140666-041508.parquet,35554,downloaded,35554,
2026-07-17,NSE,BANKBEES,raw_l2/trade_date=2026-07-17/exchange=NSE/symbol=BANKBEES/part-085042_630249-041476.parquet,real_data_sample\l2_unseen_validation\trade_date=2026-07-17\exchange=NSE\symbol=BANKBEES\part-085042_630249-041476.parquet,35514,downloaded,35514,
2026-07-17,NSE,BANKBEES,raw_l2/trade_date=2026-07-17/exchange=NSE/symbol=BANKBEES/part-085111_890624-041540.parquet,real_data_sample\l2_unseen_validation\trade_date=2026-07-17\exchange=NSE\symbol=BANKBEES\part-085111_890624-041540.parquet,36100,downloaded,36100,
2026-07-17,NSE,BANKBEES,raw_l2/trade_date=2026-07-17/exchange=NSE/symbol=BANKBEES/part-085224_450344-041700.parquet,real_data_sample\l2_unseen_validation\trade_date=2026-07-17\exchange=NSE\symbol=BANKBEES\part-085224_450344-041700.parquet,35637,downloaded,35637,
2026-07-17,NSE,BANKBEES,raw_l2/trade_date=2026-07-17/exchange=NSE/symbol=BANKBEES/part-085324_142400-041828.parquet,real_data_sample\l2_unseen_validation\trade_date=2026-07-17\exchange=NSE\symbol=BANKBEES\part-085324_142400-041828.parquet,35370,downloaded,35370,
2026-07-17,NSE,BANKBEES,raw_l2/trade_date=2026-07-17/exchange=NSE/symbol=BANKBEES/part-085209_900612-041668.parquet,real_data_sample\l2_unseen_validation\trade_date=2026-07-17\exchange=NSE\symbol=BANKBEES\part-085209_900612-041668.parquet,35516,downloaded,35516,
2026-07-17,NSE,BANKBEES,raw_l2/trade_date=2026-07-17/exchange=NSE/symbol=BANKBEES/part-085239_147513-041732.parquet,real_data_sample\l2_unseen_validation\trade_date=2026-07-17\exchange=NSE\symbol=BANKBEES\part-085239_147513-041732.parquet,35682,downloaded,35682,
2026-07-17,NSE,BANKBEES,raw_l2/trade_date=2026-07-17/exchange=NSE/symbol=BANKBEES/part-085308_833337-041796.parquet,real_data_sample\l2_unseen_validation\trade_date=2026-07-17\exchange=NSE\symbol=BANKBEES\part-085308_833337-041796.parquet,35228,downloaded,35228,
2026-07-17,NSE,BANKBEES,raw_l2/trade_date=2026-07-17/exchange=NSE/symbol=BANKBEES/part-085339_154600-041860.parquet,real_data_sample\l2_unseen_validation\trade_date=2026-07-17\exchange=NSE\symbol=BANKBEES\part-085339_154600-041860.parquet,35454,downloaded,35454,
2026-07-17,NSE,BANKBEES,raw_l2/trade_date=2026-07-17/exchange=NSE/symbol=BANKBEES/part-085140_652516-041604.parquet,real_data_sample\l2_unseen_validation\trade_date=2026-07-17\exchange=NSE\symbol=BANKBEES\part-085140_652516-041604.parquet,35971,downloaded,35971,
2026-07-17,NSE,BANKBEES,raw_l2/trade_date=2026-07-17/exchange=NSE/symbol=BANKBEES/part-085028_496113-041444.parquet,real_data_sample\l2_unseen_validation\trade_date=2026-07-17\exchange=NSE\symbol=BANKBEES\part-085028_496113-041444.parquet,35619,downloaded,35619,
2026-07-17,NSE,BANKBEES,raw_l2/trade_date=2026-07-17/exchange=NSE/symbol=BANKBEES/part-085155_166859-041636.parquet,real_data_sample\l2_unseen_validation\trade_date=2026-07-17\exchange=NSE\symbol=BANKBEES\part-085155_166859-041636.parquet,35341,downloaded,35341,
2026-07-17,NSE,BANKBEES,raw_l2/trade_date=2026-07-17/exchange=NSE/symbol=BANKBEES/part-085126_386627-041572.parquet,real_data_sample\l2_unseen_validation\trade_date=2026-07-17\exchange=NSE\symbol=BANKBEES\part-085126_386627-041572.parquet,35435,downloaded,35435,
2026-07-17,NSE,BANKBEES,raw_l2/trade_date=2026-07-17/exchange=NSE/symbol=BANKBEES/part-085353_367865-041892.parquet,real_data_sample\l2_unseen_validation\trade_date=2026-07-17\exchange=NSE\symbol=BANKBEES\part-085353_367865-041892.parquet,34991,downloaded,34991,
2026-07-17,NSE,BANKBEES,raw_l2/trade_date=2026-07-17/exchange=NSE/symbol=BANKBEES/part-085450_639979-042020.parquet,real_data_sample\l2_unseen_validation\trade_date=2026-07-17\exchange=NSE\symbol=BANKBEES\part-085450_639979-042020.parquet,35614,downloaded,35614,
2026-07-17,NSE,BANKBEES,raw_l2/trade_date=2026-07-17/exchange=NSE/symbol=BANKBEES/part-085436_166357-041988.parquet,real_data_sample\l2_unseen_validation\trade_date=2026-07-17\exchange=NSE\symbol=BANKBEES\part-085436_166357-041988.parquet,35621,downloaded,35621,
2026-07-17,NSE,BANKBEES,raw_l2/trade_date=2026-07-17/exchange=NSE/symbol=BANKBEES/part-085253_945278-041764.parquet,real_data_sample\l2_unseen_validation\trade_date=2026-07-17\exchange=NSE\symbol=BANKBEES\part-085253_945278-041764.parquet,35285,downloaded,35285,
2026-07-17,NSE,BANKBEES,raw_l2/trade_date=2026-07-17/exchange=NSE/symbol=BANKBEES/part-085421_880188-041956.parquet,real_data_sample\l2_unseen_validation\trade_date=2026-07-17\exchange=NSE\symbol=BANKBEES\part-085421_880188-041956.parquet,35552,downloaded,35552,
2026-07-17,NSE,BANKBEES,raw_l2/trade_date=2026-07-17/exchange=NSE/symbol=BANKBEES/part-085407_645809-041924.parquet,real_data_sample\l2_unseen_validation\trade_date=2026-07-17\exchange=NSE\symbol=BANKBEES\part-085407_645809-041924.parquet,35362,downloaded,35362,
2026-07-17,NSE,BANKBEES,raw_l2/trade_date=2026-07-17/exchange=NSE/symbol=BANKBEES/part-085644_375574-042276.parquet,real_data_sample\l2_unseen_validation\trade_date=2026-07-17\exchange=NSE\symbol=BANKBEES\part-085644_375574-042276.parquet,35499,downloaded,35499,
2026-07-17,NSE,BANKBEES,raw_l2/trade_date=2026-07-17/exchange=NSE/symbol=BANKBEES/part-085547_637006-042148.parquet,real_data_sample\l2_unseen_validation\trade_date=2026-07-17\exchange=NSE\symbol=BANKBEES\part-085547_637006-042148.parquet,35835,downloaded,35835,
2026-07-17,NSE,BANKBEES,raw_l2/trade_date=2026-07-17/exchange=NSE/symbol=BANKBEES/part-085504_976297-042052.parquet,real_data_sample\l2_unseen_validation\trade_date=2026-07-17\exchange=NSE\symbol=BANKBEES\part-085504_976297-042052.parquet,35313,downloaded,35313,
2026-07-17,NSE,BANKBEES,raw_l2/trade_date=2026-07-17/exchange=NSE/symbol=BANKBEES/part-085533_401732-042116.parquet,real_data_sample\l2_unseen_validation\trade_date=2026-07-17\exchange=NSE\symbol=BANKBEES\part-085533_401732-042116.parquet,35426,downloaded,35426,
2026-07-17,NSE,BANKBEES,raw_l2/trade_date=2026-07-17/exchange=NSE/symbol=BANKBEES/part-085519_117537-042084.parquet,real_data_sample\l2_unseen_validation\trade_date=2026-07-17\exchange=NSE\symbol=BANKBEES\part-085519_117537-042084.parquet,35269,downloaded,35269,
2026-07-17,NSE,BANKBEES,raw_l2/trade_date=2026-07-17/exchange=NSE/symbol=BANKBEES/part-085658_657005-042308.parquet,real_data_sample\l2_unseen_validation\trade_date=2026-07-17\exchange=NSE\symbol=BANKBEES\part-085658_657005-042308.parquet,35028,downloaded,35028,
2026-07-17,NSE,BANKBEES,raw_l2/trade_date=2026-07-17/exchange=NSE/symbol=BANKBEES/part-085615_884828-042212.parquet,real_data_sample\l2_unseen_validation\trade_date=2026-07-17\exchange=NSE\symbol=BANKBEES\part-085615_884828-042212.parquet,35535,downloaded,35535,
2026-07-17,NSE,BANKBEES,raw_l2/trade_date=2026-07-17/exchange=NSE/symbol=BANKBEES/part-085601_876915-042180.parquet,real_data_sample\l2_unseen_validation\trade_date=2026-07-17\exchange=NSE\symbol=BANKBEES\part-085601_876915-042180.parquet,35213,downloaded,35213,
2026-07-17,NSE,BANKBEES,raw_l2/trade_date=2026-07-17/exchange=NSE/symbol=BANKBEES/part-085630_151723-042244.parquet,real_data_sample\l2_unseen_validation\trade_date=2026-07-17\exchange=NSE\symbol=BANKBEES\part-085630_151723-042244.parquet,35125,downloaded,35125,
2026-07-17,NSE,BANKBEES,raw_l2/trade_date=2026-07-17/exchange=NSE/symbol=BANKBEES/part-085713_003378-042340.parquet,real_data_sample\l2_unseen_validation\trade_date=2026-07-17\exchange=NSE\symbol=BANKBEES\part-085713_003378-042340.parquet,35293,downloaded,35293,
2026-07-17,NSE,BANKBEES,raw_l2/trade_date=2026-07-17/exchange=NSE/symbol=BANKBEES/part-085727_109481-042372.parquet,real_data_sample\l2_unseen_validation\trade_date=2026-07-17\exchange=NSE\symbol=BANKBEES\part-085727_109481-042372.parquet,35480,downloaded,35480,
2026-07-17,NSE,BANKBEES,raw_l2/trade_date=2026-07-17/exchange=NSE/symbol=BANKBEES/part-085741_415988-042404.parquet,real_data_sample\l2_unseen_validation\trade_date=2026-07-17\exchange=NSE\symbol=BANKBEES\part-085741_415988-042404.parquet,35598,downloaded,35598,
2026-07-17,NSE,BANKBEES,raw_l2/trade_date=2026-07-17/exchange=NSE/symbol=BANKBEES/part-085755_939597-042436.parquet,real_data_sample\l2_unseen_validation\trade_date=2026-07-17\exchange=NSE\symbol=BANKBEES\part-085755_939597-042436.parquet,35395,downloaded,35395,
2026-07-17,NSE,BANKBEES,raw_l2/trade_date=2026-07-17/exchange=NSE/symbol=BANKBEES/part-090525_615180-043428.parquet,real_data_sample\l2_unseen_validation\trade_date=2026-07-17\exchange=NSE\symbol=BANKBEES\part-090525_615180-043428.parquet,35837,downloaded,35837,
2026-07-17,NSE,BANKBEES,raw_l2/trade_date=2026-07-17/exchange=NSE/symbol=BANKBEES/part-085810_400118-042468.parquet,real_data_sample\l2_unseen_validation\trade_date=2026-07-17\exchange=NSE\symbol=BANKBEES\part-085810_400118-042468.parquet,35385,downloaded,35385,
2026-07-17,NSE,BANKBEES,raw_l2/trade_date=2026-07-17/exchange=NSE/symbol=BANKBEES/part-090511_162925-043396.parquet,real_data_sample\l2_unseen_validation\trade_date=2026-07-17\exchange=NSE\symbol=BANKBEES\part-090511_162925-043396.parquet,35899,downloaded,35899,
2026-07-17,NSE,BANKBEES,raw_l2/trade_date=2026-07-17/exchange=NSE/symbol=BANKBEES/part-090049_925685-042820.parquet,real_data_sample\l2_unseen_validation\trade_date=2026-07-17\exchange=NSE\symbol=BANKBEES\part-090049_925685-042820.parquet,35558,downloaded,35558,
2026-07-17,NSE,BANKBEES,raw_l2/trade_date=2026-07-17/exchange=NSE/symbol=BANKBEES/part-085908_141840-042596.parquet,real_data_sample\l2_unseen_validation\trade_date=2026-07-17\exchange=NSE\symbol=BANKBEES\part-085908_141840-042596.parquet,35938,downloaded,35938,
2026-07-17,NSE,BANKBEES,raw_l2/trade_date=2026-07-17/exchange=NSE/symbol=BANKBEES/part-090006_655123-042724.parquet,real_data_sample\l2_unseen_validation\trade_date=2026-07-17\exchange=NSE\symbol=BANKBEES\part-090006_655123-042724.parquet,35781,downloaded,35781,
2026-07-17,NSE,BANKBEES,raw_l2/trade_date=2026-07-17/exchange=NSE/symbol=BANKBEES/part-090119_182819-042884.parquet,real_data_sample\l2_unseen_validation\trade_date=2026-07-17\exchange=NSE\symbol=BANKBEES\part-090119_182819-042884.parquet,35092,downloaded,35092,
2026-07-17,NSE,BANKBEES,raw_l2/trade_date=2026-07-17/exchange=NSE/symbol=BANKBEES/part-090133_653759-042916.parquet,real_data_sample\l2_unseen_validation\trade_date=2026-07-17\exchange=NSE\symbol=BANKBEES\part-090133_653759-042916.parquet,35018,downloaded,35018,
2026-07-17,NSE,BANKBEES,raw_l2/trade_date=2026-07-17/exchange=NSE/symbol=BANKBEES/part-090148_166175-042948.parquet,real_data_sample\l2_unseen_validation\trade_date=2026-07-17\exchange=NSE\symbol=BANKBEES\part-090148_166175-042948.parquet,35015,downloaded,35015,
2026-07-17,NSE,BANKBEES,raw_l2/trade_date=2026-07-17/exchange=NSE/symbol=BANKBEES/part-085824_654840-042500.parquet,real_data_sample\l2_unseen_validation\trade_date=2026-07-17\exchange=NSE\symbol=BANKBEES\part-085824_654840-042500.parquet,35189,downloaded,35189,
2026-07-17,NSE,BANKBEES,raw_l2/trade_date=2026-07-17/exchange=NSE/symbol=BANKBEES/part-085853_671621-042564.parquet,real_data_sample\l2_unseen_validation\trade_date=2026-07-17\exchange=NSE\symbol=BANKBEES\part-085853_671621-042564.parquet,35003,downloaded,35003,
2026-07-17,NSE,BANKBEES,raw_l2/trade_date=2026-07-17/exchange=NSE/symbol=BANKBEES/part-090104_654903-042852.parquet,real_data_sample\l2_unseen_validation\trade_date=2026-07-17\exchange=NSE\symbol=BANKBEES\part-090104_654903-042852.parquet,35282,downloaded,35282,
2026-07-17,NSE,BANKBEES,raw_l2/trade_date=2026-07-17/exchange=NSE/symbol=BANKBEES/part-085922_691173-042628.parquet,real_data_sample\l2_unseen_validation\trade_date=2026-07-17\exchange=NSE\symbol=BANKBEES\part-085922_691173-042628.parquet,35834,downloaded,35834,
2026-07-17,NSE,BANKBEES,raw_l2/trade_date=2026-07-17/exchange=NSE/symbol=BANKBEES/part-085839_161273-042532.parquet,real_data_sample\l2_unseen_validation\trade_date=2026-07-17\exchange=NSE\symbol=BANKBEES\part-085839_161273-042532.parquet,35386,downloaded,35386,
2026-07-17,NSE,BANKBEES,raw_l2/trade_date=2026-07-17/exchange=NSE/symbol=BANKBEES/part-090216_619007-043012.parquet,real_data_sample\l2_unseen_validation\trade_date=2026-07-17\exchange=NSE\symbol=BANKBEES\part-090216_619007-043012.parquet,35644,downloaded,35644,
2026-07-17,NSE,BANKBEES,raw_l2/trade_date=2026-07-17/exchange=NSE/symbol=BANKBEES/part-090202_401491-042980.parquet,real_data_sample\l2_unseen_validation\trade_date=2026-07-17\exchange=NSE\symbol=BANKBEES\part-090202_401491-042980.parquet,35576,downloaded,35576,
2026-07-17,NSE,BANKBEES,raw_l2/trade_date=2026-07-17/exchange=NSE/symbol=BANKBEES/part-090540_121600-043460.parquet,real_data_sample\l2_unseen_validation\trade_date=2026-07-17\exchange=NSE\symbol=BANKBEES\part-090540_121600-043460.parquet,35377,downloaded,35377,
2026-07-17,NSE,BANKBEES,raw_l2/trade_date=2026-07-17/exchange=NSE/symbol=BANKBEES/part-090456_403526-043364.parquet,real_data_sample\l2_unseen_validation\trade_date=2026-07-17\exchange=NSE\symbol=BANKBEES\part-090456_403526-043364.parquet,35500,downloaded,35500,
2026-07-17,NSE,BANKBEES,raw_l2/trade_date=2026-07-17/exchange=NSE/symbol=BANKBEES/part-090035_406664-042788.parquet,real_data_sample\l2_unseen_validation\trade_date=2026-07-17\exchange=NSE\symbol=BANKBEES\part-090035_406664-042788.parquet,35693,downloaded,35693,
2026-07-17,NSE,BANKBEES,raw_l2/trade_date=2026-07-17/exchange=NSE/symbol=BANKBEES/part-085952_159403-042692.parquet,real_data_sample\l2_unseen_validation\trade_date=2026-07-17\exchange=NSE\symbol=BANKBEES\part-085952_159403-042692.parquet,35875,downloaded,35875,
2026-07-17,NSE,BANKBEES,raw_l2/trade_date=2026-07-17/exchange=NSE/symbol=BANKBEES/part-090259_684101-043108.parquet,real_data_sample\l2_unseen_validation\trade_date=2026-07-17\exchange=NSE\symbol=BANKBEES\part-090259_684101-043108.parquet,35371,downloaded,35371,
2026-07-17,NSE,BANKBEES,raw_l2/trade_date=2026-07-17/exchange=NSE/symbol=BANKBEES/part-090230_918498-043044.parquet,real_data_sample\l2_unseen_validation\trade_date=2026-07-17\exchange=NSE\symbol=BANKBEES\part-090230_918498-043044.parquet,35771,downloaded,35771,
2026-07-17,NSE,BANKBEES,raw_l2/trade_date=2026-07-17/exchange=NSE/symbol=BANKBEES/part-090426_878260-043300.parquet,real_data_sample\l2_unseen_validation\trade_date=2026-07-17\exchange=NSE\symbol=BANKBEES\part-090426_878260-043300.parquet,35012,downloaded,35012,
2026-07-17,NSE,BANKBEES,raw_l2/trade_date=2026-07-17/exchange=NSE/symbol=BANKBEES/part-090441_652392-043332.parquet,real_data_sample\l2_unseen_validation\trade_date=2026-07-17\exchange=NSE\symbol=BANKBEES\part-090441_652392-043332.parquet,35576,downloaded,35576,
2026-07-17,NSE,BANKBEES,raw_l2/trade_date=2026-07-17/exchange=NSE/symbol=BANKBEES/part-090358_348497-043236.parquet,real_data_sample\l2_unseen_validation\trade_date=2026-07-17\exchange=NSE\symbol=BANKBEES\part-090358_348497-043236.parquet,35825,downloaded,35825,
2026-07-17,NSE,BANKBEES,raw_l2/trade_date=2026-07-17/exchange=NSE/symbol=BANKBEES/part-090343_444722-043204.parquet,real_data_sample\l2_unseen_validation\trade_date=2026-07-17\exchange=NSE\symbol=BANKBEES\part-090343_444722-043204.parquet,35606,downloaded,35606,
2026-07-17,NSE,BANKBEES,raw_l2/trade_date=2026-07-17/exchange=NSE/symbol=BANKBEES/part-090314_179701-043140.parquet,real_data_sample\l2_unseen_validation\trade_date=2026-07-17\exchange=NSE\symbol=BANKBEES\part-090314_179701-043140.parquet,35584,downloaded,35584,
2026-07-17,NSE,BANKBEES,raw_l2/trade_date=2026-07-17/exchange=NSE/symbol=BANKBEES/part-090412_600072-043268.parquet,real_data_sample\l2_unseen_validation\trade_date=2026-07-17\exchange=NSE\symbol=BANKBEES\part-090412_600072-043268.parquet,35425,downloaded,35425,
2026-07-17,NSE,BANKBEES,raw_l2/trade_date=2026-07-17/exchange=NSE/symbol=BANKBEES/part-090328_653950-043172.parquet,real_data_sample\l2_unseen_validation\trade_date=2026-07-17\exchange=NSE\symbol=BANKBEES\part-090328_653950-043172.parquet,35044,downloaded,35044,
2026-07-17,NSE,BANKBEES,raw_l2/trade_date=2026-07-17/exchange=NSE/symbol=BANKBEES/part-090554_357115-043492.parquet,real_data_sample\l2_unseen_validation\trade_date=2026-07-17\exchange=NSE\symbol=BANKBEES\part-090554_357115-043492.parquet,35592,downloaded,35592,
2026-07-17,NSE,BANKBEES,raw_l2/trade_date=2026-07-17/exchange=NSE/symbol=BANKBEES/part-090623_137010-043556.parquet,real_data_sample\l2_unseen_validation\trade_date=2026-07-17\exchange=NSE\symbol=BANKBEES\part-090623_137010-043556.parquet,35599,downloaded,35599,
2026-07-17,NSE,BANKBEES,raw_l2/trade_date=2026-07-17/exchange=NSE/symbol=BANKBEES/part-090652_121423-043620.parquet,real_data_sample\l2_unseen_validation\trade_date=2026-07-17\exchange=NSE\symbol=BANKBEES\part-090652_121423-043620.parquet,34978,downloaded,34978,
2026-07-17,NSE,BANKBEES,raw_l2/trade_date=2026-07-17/exchange=NSE/symbol=BANKBEES/part-090804_233031-043780.parquet,real_data_sample\l2_unseen_validation\trade_date=2026-07-17\exchange=NSE\symbol=BANKBEES\part-090804_233031-043780.parquet,35276,downloaded,35276,
2026-07-17,NSE,BANKBEES,raw_l2/trade_date=2026-07-17/exchange=NSE/symbol=BANKBEES/part-090608_614723-043524.parquet,real_data_sample\l2_unseen_validation\trade_date=2026-07-17\exchange=NSE\symbol=BANKBEES\part-090608_614723-043524.parquet,35291,downloaded,35291,
2026-07-17,NSE,BANKBEES,raw_l2/trade_date=2026-07-17/exchange=NSE/symbol=BANKBEES/part-090637_619041-043588.parquet,real_data_sample\l2_unseen_validation\trade_date=2026-07-17\exchange=NSE\symbol=BANKBEES\part-090637_619041-043588.parquet,35432,downloaded,35432,
2026-07-17,NSE,BANKBEES,raw_l2/trade_date=2026-07-17/exchange=NSE/symbol=BANKBEES/part-090706_651559-043652.parquet,real_data_sample\l2_unseen_validation\trade_date=2026-07-17\exchange=NSE\symbol=BANKBEES\part-090706_651559-043652.parquet,35437,downloaded,35437,
2026-07-17,NSE,BANKBEES,raw_l2/trade_date=2026-07-17/exchange=NSE/symbol=BANKBEES/part-090749_647192-043748.parquet,real_data_sample\l2_unseen_validation\trade_date=2026-07-17\exchange=NSE\symbol=BANKBEES\part-090749_647192-043748.parquet,35268,downloaded,35268,
2026-07-17,NSE,BANKBEES,raw_l2/trade_date=2026-07-17/exchange=NSE/symbol=BANKBEES/part-090721_120050-043684.parquet,real_data_sample\l2_unseen_validation\trade_date=2026-07-17\exchange=NSE\symbol=BANKBEES\part-090721_120050-043684.parquet,35488,downloaded,35488,
2026-07-17,NSE,BANKBEES,raw_l2/trade_date=2026-07-17/exchange=NSE/symbol=BANKBEES/part-090735_350914-043716.parquet,real_data_sample\l2_unseen_validation\trade_date=2026-07-17\exchange=NSE\symbol=BANKBEES\part-090735_350914-043716.parquet,35442,downloaded,35442,
2026-07-17,NSE,BANKBEES,raw_l2/trade_date=2026-07-17/exchange=NSE/symbol=BANKBEES/part-090245_415256-043076.parquet,real_data_sample\l2_unseen_validation\trade_date=2026-07-17\exchange=NSE\symbol=BANKBEES\part-090245_415256-043076.parquet,35850,downloaded,35850,
2026-07-17,NSE,BANKBEES,raw_l2/trade_date=2026-07-17/exchange=NSE/symbol=BANKBEES/part-090021_175929-042756.parquet,real_data_sample\l2_unseen_validation\trade_date=2026-07-17\exchange=NSE\symbol=BANKBEES\part-090021_175929-042756.parquet,35914,downloaded,35914,
2026-07-17,NSE,BANKBEES,raw_l2/trade_date=2026-07-17/exchange=NSE/symbol=BANKBEES/part-085937_448358-042660.parquet,real_data_sample\l2_unseen_validation\trade_date=2026-07-17\exchange=NSE\symbol=BANKBEES\part-085937_448358-042660.parquet,35530,downloaded,35530,
2026-07-17,NSE,BANKBEES,raw_l2/trade_date=2026-07-17/exchange=NSE/symbol=BANKBEES/part-090848_160021-043876.parquet,real_data_sample\l2_unseen_validation\trade_date=2026-07-17\exchange=NSE\symbol=BANKBEES\part-090848_160021-043876.parquet,35543,downloaded,35543,
2026-07-17,NSE,BANKBEES,raw_l2/trade_date=2026-07-17/exchange=NSE/symbol=BANKBEES/part-090947_450529-044004.parquet,real_data_sample\l2_unseen_validation\trade_date=2026-07-17\exchange=NSE\symbol=BANKBEES\part-090947_450529-044004.parquet,34997,downloaded,34997,
2026-07-17,NSE,BANKBEES,raw_l2/trade_date=2026-07-17/exchange=NSE/symbol=BANKBEES/part-090833_531010-043844.parquet,real_data_sample\l2_unseen_validation\trade_date=2026-07-17\exchange=NSE\symbol=BANKBEES\part-090833_531010-043844.parquet,35450,downloaded,35450,
2026-07-17,NSE,BANKBEES,raw_l2/trade_date=2026-07-17/exchange=NSE/symbol=BANKBEES/part-091046_938053-044132.parquet,real_data_sample\l2_unseen_validation\trade_date=2026-07-17\exchange=NSE\symbol=BANKBEES\part-091046_938053-044132.parquet,35486,downloaded,35486,
2026-07-17,NSE,BANKBEES,raw_l2/trade_date=2026-07-17/exchange=NSE/symbol=BANKBEES/part-090932_696726-043972.parquet,real_data_sample\l2_unseen_validation\trade_date=2026-07-17\exchange=NSE\symbol=BANKBEES\part-090932_696726-043972.parquet,35344,downloaded,35344,
2026-07-17,NSE,BANKBEES,raw_l2/trade_date=2026-07-17/exchange=NSE/symbol=BANKBEES/part-091003_207939-044036.parquet,real_data_sample\l2_unseen_validation\trade_date=2026-07-17\exchange=NSE\symbol=BANKBEES\part-091003_207939-044036.parquet,35490,downloaded,35490,
2026-07-17,NSE,BANKBEES,raw_l2/trade_date=2026-07-17/exchange=NSE/symbol=BANKBEES/part-091017_646107-044068.parquet,real_data_sample\l2_unseen_validation\trade_date=2026-07-17\exchange=NSE\symbol=BANKBEES\part-091017_646107-044068.parquet,35163,downloaded,35163,
2026-07-17,NSE,BANKBEES,raw_l2/trade_date=2026-07-17/exchange=NSE/symbol=BANKBEES/part-091032_145404-044100.parquet,real_data_sample\l2_unseen_validation\trade_date=2026-07-17\exchange=NSE\symbol=BANKBEES\part-091032_145404-044100.parquet,35036,downloaded,35036,
2026-07-17,NSE,BANKBEES,raw_l2/trade_date=2026-07-17/exchange=NSE/symbol=BANKBEES/part-090902_732019-043908.parquet,real_data_sample\l2_unseen_validation\trade_date=2026-07-17\exchange=NSE\symbol=BANKBEES\part-090902_732019-043908.parquet,35379,downloaded,35379,
2026-07-17,NSE,BANKBEES,raw_l2/trade_date=2026-07-17/exchange=NSE/symbol=BANKBEES/part-091101_653937-044164.parquet,real_data_sample\l2_unseen_validation\trade_date=2026-07-17\exchange=NSE\symbol=BANKBEES\part-091101_653937-044164.parquet,35256,downloaded,35256,
2026-07-17,NSE,BANKBEES,raw_l2/trade_date=2026-07-17/exchange=NSE/symbol=BANKBEES/part-091131_157862-044228.parquet,real_data_sample\l2_unseen_validation\trade_date=2026-07-17\exchange=NSE\symbol=BANKBEES\part-091131_157862-044228.parquet,35597,downloaded,35597,
2026-07-17,NSE,BANKBEES,raw_l2/trade_date=2026-07-17/exchange=NSE/symbol=BANKBEES/part-090917_834054-043940.parquet,real_data_sample\l2_unseen_validation\trade_date=2026-07-17\exchange=NSE\symbol=BANKBEES\part-090917_834054-043940.parquet,35606,downloaded,35606,
2026-07-17,NSE,BANKBEES,raw_l2/trade_date=2026-07-17/exchange=NSE/symbol=BANKBEES/part-091145_660411-044260.parquet,real_data_sample\l2_unseen_validation\trade_date=2026-07-17\exchange=NSE\symbol=BANKBEES\part-091145_660411-044260.parquet,35433,downloaded,35433,
2026-07-17,NSE,BANKBEES,raw_l2/trade_date=2026-07-17/exchange=NSE/symbol=BANKBEES/part-091245_646579-044388.parquet,real_data_sample\l2_unseen_validation\trade_date=2026-07-17\exchange=NSE\symbol=BANKBEES\part-091245_646579-044388.parquet,34653,downloaded,34653,
2026-07-17,NSE,BANKBEES,raw_l2/trade_date=2026-07-17/exchange=NSE/symbol=BANKBEES/part-091200_176003-044292.parquet,real_data_sample\l2_unseen_validation\trade_date=2026-07-17\exchange=NSE\symbol=BANKBEES\part-091200_176003-044292.parquet,35242,downloaded,35242,
2026-07-17,NSE,BANKBEES,raw_l2/trade_date=2026-07-17/exchange=NSE/symbol=BANKBEES/part-091116_151327-044196.parquet,real_data_sample\l2_unseen_validation\trade_date=2026-07-17\exchange=NSE\symbol=BANKBEES\part-091116_151327-044196.parquet,35296,downloaded,35296,
2026-07-17,NSE,BANKBEES,raw_l2/trade_date=2026-07-17/exchange=NSE/symbol=BANKBEES/part-091214_947764-044324.parquet,real_data_sample\l2_unseen_validation\trade_date=2026-07-17\exchange=NSE\symbol=BANKBEES\part-091214_947764-044324.parquet,35124,downloaded,35124,
2026-07-17,NSE,BANKBEES,raw_l2/trade_date=2026-07-17/exchange=NSE/symbol=BANKBEES/part-090818_886173-043812.parquet,real_data_sample\l2_unseen_validation\trade_date=2026-07-17\exchange=NSE\symbol=BANKBEES\part-090818_886173-043812.parquet,35636,downloaded,35636,
2026-07-17,NSE,BANKBEES,raw_l2/trade_date=2026-07-17/exchange=NSE/symbol=BANKBEES/part-091230_499844-044356.parquet,real_data_sample\l2_unseen_validation\trade_date=2026-07-17\exchange=NSE\symbol=BANKBEES\part-091230_499844-044356.parquet,34745,downloaded,34745,
2026-07-17,NSE,BANKBEES,raw_l2/trade_date=2026-07-17/exchange=NSE/symbol=BANKBEES/part-091343_621408-044516.parquet,real_data_sample\l2_unseen_validation\trade_date=2026-07-17\exchange=NSE\symbol=BANKBEES\part-091343_621408-044516.parquet,34419,downloaded,34419,
2026-07-17,NSE,BANKBEES,raw_l2/trade_date=2026-07-17/exchange=NSE/symbol=BANKBEES/part-091358_170173-044548.parquet,real_data_sample\l2_unseen_validation\trade_date=2026-07-17\exchange=NSE\symbol=BANKBEES\part-091358_170173-044548.parquet,34614,downloaded,34614,
2026-07-17,NSE,BANKBEES,raw_l2/trade_date=2026-07-17/exchange=NSE/symbol=BANKBEES/part-091441_405274-044644.parquet,real_data_sample\l2_unseen_validation\trade_date=2026-07-17\exchange=NSE\symbol=BANKBEES\part-091441_405274-044644.parquet,35269,downloaded,35269,
2026-07-17,NSE,BANKBEES,raw_l2/trade_date=2026-07-17/exchange=NSE/symbol=BANKBEES/part-091426_912754-044612.parquet,real_data_sample\l2_unseen_validation\trade_date=2026-07-17\exchange=NSE\symbol=BANKBEES\part-091426_912754-044612.parquet,35491,downloaded,35491,
2026-07-17,NSE,BANKBEES,raw_l2/trade_date=2026-07-17/exchange=NSE/symbol=BANKBEES/part-091412_636925-044580.parquet,real_data_sample\l2_unseen_validation\trade_date=2026-07-17\exchange=NSE\symbol=BANKBEES\part-091412_636925-044580.parquet,35101,downloaded,35101,
2026-07-17,NSE,BANKBEES,raw_l2/trade_date=2026-07-17/exchange=NSE/symbol=BANKBEES/part-091314_642511-044452.parquet,real_data_sample\l2_unseen_validation\trade_date=2026-07-17\exchange=NSE\symbol=BANKBEES\part-091314_642511-044452.parquet,34854,downloaded,34854,
2026-07-17,NSE,BANKBEES,raw_l2/trade_date=2026-07-17/exchange=NSE/symbol=BANKBEES/part-091259_913704-044420.parquet,real_data_sample\l2_unseen_validation\trade_date=2026-07-17\exchange=NSE\symbol=BANKBEES\part-091259_913704-044420.parquet,34532,downloaded,34532,
2026-07-17,NSE,BANKBEES,raw_l2/trade_date=2026-07-17/exchange=NSE/symbol=BANKBEES/part-091329_163360-044484.parquet,real_data_sample\l2_unseen_validation\trade_date=2026-07-17\exchange=NSE\symbol=BANKBEES\part-091329_163360-044484.parquet,34771,downloaded,34771,
2026-07-17,NSE,BANKBEES,raw_l2/trade_date=2026-07-17/exchange=NSE/symbol=BANKBEES/part-091455_648785-044676.parquet,real_data_sample\l2_unseen_validation\trade_date=2026-07-17\exchange=NSE\symbol=BANKBEES\part-091455_648785-044676.parquet,35272,downloaded,35272,
2026-07-17,NSE,BANKBEES,raw_l2/trade_date=2026-07-17/exchange=NSE/symbol=BANKBEES/part-091510_157066-044708.parquet,real_data_sample\l2_unseen_validation\trade_date=2026-07-17\exchange=NSE\symbol=BANKBEES\part-091510_157066-044708.parquet,35323,downloaded,35323,
2026-07-17,NSE,BANKBEES,raw_l2/trade_date=2026-07-17/exchange=NSE/symbol=BANKBEES/part-092011_364486-045380.parquet,real_data_sample\l2_unseen_validation\trade_date=2026-07-17\exchange=NSE\symbol=BANKBEES\part-092011_364486-045380.parquet,34388,downloaded,34388,
2026-07-17,NSE,BANKBEES,raw_l2/trade_date=2026-07-17/exchange=NSE/symbol=BANKBEES/part-091942_655972-045316.parquet,real_data_sample\l2_unseen_validation\trade_date=2026-07-17\exchange=NSE\symbol=BANKBEES\part-091942_655972-045316.parquet,34474,downloaded,34474,
2026-07-17,NSE,BANKBEES,raw_l2/trade_date=2026-07-17/exchange=NSE/symbol=BANKBEES/part-091928_381022-045284.parquet,real_data_sample\l2_unseen_validation\trade_date=2026-07-17\exchange=NSE\symbol=BANKBEES\part-091928_381022-045284.parquet,34433,downloaded,34433,
2026-07-17,NSE,BANKBEES,raw_l2/trade_date=2026-07-17/exchange=NSE/symbol=BANKBEES/part-091956_889115-045348.parquet,real_data_sample\l2_unseen_validation\trade_date=2026-07-17\exchange=NSE\symbol=BANKBEES\part-091956_889115-045348.parquet,34421,downloaded,34421,
2026-07-17,NSE,BANKBEES,raw_l2/trade_date=2026-07-17/exchange=NSE/symbol=BANKBEES/part-092039_894813-045444.parquet,real_data_sample\l2_unseen_validation\trade_date=2026-07-17\exchange=NSE\symbol=BANKBEES\part-092039_894813-045444.parquet,34401,downloaded,34401,
2026-07-17,NSE,BANKBEES,raw_l2/trade_date=2026-07-17/exchange=NSE/symbol=BANKBEES/part-092220_369871-045668.parquet,real_data_sample\l2_unseen_validation\trade_date=2026-07-17\exchange=NSE\symbol=BANKBEES\part-092220_369871-045668.parquet,34202,downloaded,34202,
2026-07-17,NSE,BANKBEES,raw_l2/trade_date=2026-07-17/exchange=NSE/symbol=BANKBEES/part-091914_164732-045252.parquet,real_data_sample\l2_unseen_validation\trade_date=2026-07-17\exchange=NSE\symbol=BANKBEES\part-091914_164732-045252.parquet,35293,downloaded,35293,
2026-07-17,NSE,BANKBEES,raw_l2/trade_date=2026-07-17/exchange=NSE/symbol=BANKBEES/part-092054_188641-045476.parquet,real_data_sample\l2_unseen_validation\trade_date=2026-07-17\exchange=NSE\symbol=BANKBEES\part-092054_188641-045476.parquet,34648,downloaded,34648,
2026-07-17,NSE,BANKBEES,raw_l2/trade_date=2026-07-17/exchange=NSE/symbol=BANKBEES/part-092025_365451-045412.parquet,real_data_sample\l2_unseen_validation\trade_date=2026-07-17\exchange=NSE\symbol=BANKBEES\part-092025_365451-045412.parquet,34241,downloaded,34241,
2026-07-17,NSE,BANKBEES,raw_l2/trade_date=2026-07-17/exchange=NSE/symbol=BANKBEES/part-091553_149131-044804.parquet,real_data_sample\l2_unseen_validation\trade_date=2026-07-17\exchange=NSE\symbol=BANKBEES\part-091553_149131-044804.parquet,34506,downloaded,34506,
2026-07-17,NSE,BANKBEES,raw_l2/trade_date=2026-07-17/exchange=NSE/symbol=BANKBEES/part-092303_398506-045764.parquet,real_data_sample\l2_unseen_validation\trade_date=2026-07-17\exchange=NSE\symbol=BANKBEES\part-092303_398506-045764.parquet,34567,downloaded,34567,
2026-07-17,NSE,BANKBEES,raw_l2/trade_date=2026-07-17/exchange=NSE/symbol=BANKBEES/part-092416_141611-045924.parquet,real_data_sample\l2_unseen_validation\trade_date=2026-07-17\exchange=NSE\symbol=BANKBEES\part-092416_141611-045924.parquet,34928,downloaded,34928,
2026-07-17,NSE,BANKBEES,raw_l2/trade_date=2026-07-17/exchange=NSE/symbol=BANKBEES/part-092401_410922-045892.parquet,real_data_sample\l2_unseen_validation\trade_date=2026-07-17\exchange=NSE\symbol=BANKBEES\part-092401_410922-045892.parquet,35272,downloaded,35272,
2026-07-17,NSE,BANKBEES,raw_l2/trade_date=2026-07-17/exchange=NSE/symbol=BANKBEES/part-092445_117900-045988.parquet,real_data_sample\l2_unseen_validation\trade_date=2026-07-17\exchange=NSE\symbol=BANKBEES\part-092445_117900-045988.parquet,34363,downloaded,34363,
2026-07-17,NSE,BANKBEES,raw_l2/trade_date=2026-07-17/exchange=NSE/symbol=BANKBEES/part-092347_144396-045860.parquet,real_data_sample\l2_unseen_validation\trade_date=2026-07-17\exchange=NSE\symbol=BANKBEES\part-092347_144396-045860.parquet,35333,downloaded,35333,
2026-07-17,NSE,BANKBEES,raw_l2/trade_date=2026-07-17/exchange=NSE/symbol=BANKBEES/part-092430_651946-045956.parquet,real_data_sample\l2_unseen_validation\trade_date=2026-07-17\exchange=NSE\symbol=BANKBEES\part-092430_651946-045956.parquet,34253,downloaded,34253,
2026-07-17,NSE,BANKBEES,raw_l2/trade_date=2026-07-17/exchange=NSE/symbol=BANKBEES/part-092332_661919-045828.parquet,real_data_sample\l2_unseen_validation\trade_date=2026-07-17\exchange=NSE\symbol=BANKBEES\part-092332_661919-045828.parquet,35070,downloaded,35070,
2026-07-17,NSE,BANKBEES,raw_l2/trade_date=2026-07-17/exchange=NSE/symbol=BANKBEES/part-092318_154516-045796.parquet,real_data_sample\l2_unseen_validation\trade_date=2026-07-17\exchange=NSE\symbol=BANKBEES\part-092318_154516-045796.parquet,34953,downloaded,34953,
2026-07-17,NSE,BANKBEES,raw_l2/trade_date=2026-07-17/exchange=NSE/symbol=BANKBEES/part-092459_428978-046020.parquet,real_data_sample\l2_unseen_validation\trade_date=2026-07-17\exchange=NSE\symbol=BANKBEES\part-092459_428978-046020.parquet,34604,downloaded,34604,
2026-07-17,NSE,BANKBEES,raw_l2/trade_date=2026-07-17/exchange=NSE/symbol=BANKBEES/part-092528_910640-046084.parquet,real_data_sample\l2_unseen_validation\trade_date=2026-07-17\exchange=NSE\symbol=BANKBEES\part-092528_910640-046084.parquet,34505,downloaded,34505,
2026-07-17,NSE,BANKBEES,raw_l2/trade_date=2026-07-17/exchange=NSE/symbol=BANKBEES/part-092543_414558-046116.parquet,real_data_sample\l2_unseen_validation\trade_date=2026-07-17\exchange=NSE\symbol=BANKBEES\part-092543_414558-046116.parquet,34516,downloaded,34516,
2026-07-17,NSE,BANKBEES,raw_l2/trade_date=2026-07-17/exchange=NSE/symbol=BANKBEES/part-092514_375733-046052.parquet,real_data_sample\l2_unseen_validation\trade_date=2026-07-17\exchange=NSE\symbol=BANKBEES\part-092514_375733-046052.parquet,34540,downloaded,34540,
2026-07-17,NSE,BANKBEES,raw_l2/trade_date=2026-07-17/exchange=NSE/symbol=BANKBEES/part-092612_876306-046180.parquet,real_data_sample\l2_unseen_validation\trade_date=2026-07-17\exchange=NSE\symbol=BANKBEES\part-092612_876306-046180.parquet,34451,downloaded,34451,
2026-07-17,NSE,BANKBEES,raw_l2/trade_date=2026-07-17/exchange=NSE/symbol=BANKBEES/part-092627_230148-046212.parquet,real_data_sample\l2_unseen_validation\trade_date=2026-07-17\exchange=NSE\symbol=BANKBEES\part-092627_230148-046212.parquet,34321,downloaded,34321,
2026-07-17,NSE,BANKBEES,raw_l2/trade_date=2026-07-17/exchange=NSE/symbol=BANKBEES/part-092558_155428-046148.parquet,real_data_sample\l2_unseen_validation\trade_date=2026-07-17\exchange=NSE\symbol=BANKBEES\part-092558_155428-046148.parquet,34643,downloaded,34643,
2026-07-17,NSE,BANKBEES,raw_l2/trade_date=2026-07-17/exchange=NSE/symbol=BANKBEES/part-092656_872009-046276.parquet,real_data_sample\l2_unseen_validation\trade_date=2026-07-17\exchange=NSE\symbol=BANKBEES\part-092656_872009-046276.parquet,34542,downloaded,34542,
2026-07-17,NSE,BANKBEES,raw_l2/trade_date=2026-07-17/exchange=NSE/symbol=BANKBEES/part-092642_623807-046244.parquet,real_data_sample\l2_unseen_validation\trade_date=2026-07-17\exchange=NSE\symbol=BANKBEES\part-092642_623807-046244.parquet,34445,downloaded,34445,
2026-07-17,NSE,BANKBEES,raw_l2/trade_date=2026-07-17/exchange=NSE/symbol=BANKBEES/part-092711_158538-046308.parquet,real_data_sample\l2_unseen_validation\trade_date=2026-07-17\exchange=NSE\symbol=BANKBEES\part-092711_158538-046308.parquet,34581,downloaded,34581,
2026-07-17,NSE,BANKBEES,raw_l2/trade_date=2026-07-17/exchange=NSE/symbol=BANKBEES/part-092725_381554-046340.parquet,real_data_sample\l2_unseen_validation\trade_date=2026-07-17\exchange=NSE\symbol=BANKBEES\part-092725_381554-046340.parquet,34594,downloaded,34594,
2026-07-17,NSE,BANKBEES,raw_l2/trade_date=2026-07-17/exchange=NSE/symbol=BANKBEES/part-092739_891248-046372.parquet,real_data_sample\l2_unseen_validation\trade_date=2026-07-17\exchange=NSE\symbol=BANKBEES\part-092739_891248-046372.parquet,34419,downloaded,34419,
2026-07-17,NSE,BANKBEES,raw_l2/trade_date=2026-07-17/exchange=NSE/symbol=BANKBEES/part-092823_155344-046468.parquet,real_data_sample\l2_unseen_validation\trade_date=2026-07-17\exchange=NSE\symbol=BANKBEES\part-092823_155344-046468.parquet,34602,downloaded,34602,
2026-07-17,NSE,BANKBEES,raw_l2/trade_date=2026-07-17/exchange=NSE/symbol=BANKBEES/part-092754_405648-046404.parquet,real_data_sample\l2_unseen_validation\trade_date=2026-07-17\exchange=NSE\symbol=BANKBEES\part-092754_405648-046404.parquet,34661,downloaded,34661,
2026-07-17,NSE,BANKBEES,raw_l2/trade_date=2026-07-17/exchange=NSE/symbol=BANKBEES/part-091524_380916-044740.parquet,real_data_sample\l2_unseen_validation\trade_date=2026-07-17\exchange=NSE\symbol=BANKBEES\part-091524_380916-044740.parquet,34467,downloaded,34467,
2026-07-17,NSE,BANKBEES,raw_l2/trade_date=2026-07-17/exchange=NSE/symbol=BANKBEES/part-092852_148421-046532.parquet,real_data_sample\l2_unseen_validation\trade_date=2026-07-17\exchange=NSE\symbol=BANKBEES\part-092852_148421-046532.parquet,34334,downloaded,34334,
2026-07-17,NSE,BANKBEES,raw_l2/trade_date=2026-07-17/exchange=NSE/symbol=BANKBEES/part-092935_889254-046628.parquet,real_data_sample\l2_unseen_validation\trade_date=2026-07-17\exchange=NSE\symbol=BANKBEES\part-092935_889254-046628.parquet,34637,downloaded,34637,
2026-07-17,NSE,BANKBEES,raw_l2/trade_date=2026-07-17/exchange=NSE/symbol=BANKBEES/part-092837_687569-046500.parquet,real_data_sample\l2_unseen_validation\trade_date=2026-07-17\exchange=NSE\symbol=BANKBEES\part-092837_687569-046500.parquet,34542,downloaded,34542,
2026-07-17,NSE,BANKBEES,raw_l2/trade_date=2026-07-17/exchange=NSE/symbol=BANKBEES/part-093005_120270-046692.parquet,real_data_sample\l2_unseen_validation\trade_date=2026-07-17\exchange=NSE\symbol=BANKBEES\part-093005_120270-046692.parquet,34620,downloaded,34620,
2026-07-17,NSE,BANKBEES,raw_l2/trade_date=2026-07-17/exchange=NSE/symbol=BANKBEES/part-092921_418081-046596.parquet,real_data_sample\l2_unseen_validation\trade_date=2026-07-17\exchange=NSE\symbol=BANKBEES\part-092921_418081-046596.parquet,34448,downloaded,34448,
2026-07-17,NSE,BANKBEES,raw_l2/trade_date=2026-07-17/exchange=NSE/symbol=BANKBEES/part-092950_606949-046660.parquet,real_data_sample\l2_unseen_validation\trade_date=2026-07-17\exchange=NSE\symbol=BANKBEES\part-092950_606949-046660.parquet,34651,downloaded,34651,
2026-07-17,NSE,BANKBEES,raw_l2/trade_date=2026-07-17/exchange=NSE/symbol=BANKBEES/part-092906_626096-046564.parquet,real_data_sample\l2_unseen_validation\trade_date=2026-07-17\exchange=NSE\symbol=BANKBEES\part-092906_626096-046564.parquet,34675,downloaded,34675,
2026-07-17,NSE,BANKBEES,raw_l2/trade_date=2026-07-17/exchange=NSE/symbol=BANKBEES/part-091801_733222-045092.parquet,real_data_sample\l2_unseen_validation\trade_date=2026-07-17\exchange=NSE\symbol=BANKBEES\part-091801_733222-045092.parquet,34649,downloaded,34649,
2026-07-17,NSE,BANKBEES,raw_l2/trade_date=2026-07-17/exchange=NSE/symbol=BANKBEES/part-092808_671140-046436.parquet,real_data_sample\l2_unseen_validation\trade_date=2026-07-17\exchange=NSE\symbol=BANKBEES\part-092808_671140-046436.parquet,34602,downloaded,34602,
2026-07-17,NSE,BANKBEES,raw_l2/trade_date=2026-07-17/exchange=NSE/symbol=BANKBEES/part-093020_094198-046724.parquet,real_data_sample\l2_unseen_validation\trade_date=2026-07-17\exchange=NSE\symbol=BANKBEES\part-093020_094198-046724.parquet,34428,downloaded,34428,
2026-07-17,NSE,BANKBEES,raw_l2/trade_date=2026-07-17/exchange=NSE/symbol=BANKBEES/part-093034_628183-046756.parquet,real_data_sample\l2_unseen_validation\trade_date=2026-07-17\exchange=NSE\symbol=BANKBEES\part-093034_628183-046756.parquet,34570,downloaded,34570,
2026-07-17,NSE,BANKBEES,raw_l2/trade_date=2026-07-17/exchange=NSE/symbol=BANKBEES/part-093103_085697-046820.parquet,real_data_sample\l2_unseen_validation\trade_date=2026-07-17\exchange=NSE\symbol=BANKBEES\part-093103_085697-046820.parquet,34678,downloaded,34678,
2026-07-17,NSE,BANKBEES,raw_l2/trade_date=2026-07-17/exchange=NSE/symbol=BANKBEES/part-093146_103069-046916.parquet,real_data_sample\l2_unseen_validation\trade_date=2026-07-17\exchange=NSE\symbol=BANKBEES\part-093146_103069-046916.parquet,34577,downloaded,34577,
2026-07-17,NSE,BANKBEES,raw_l2/trade_date=2026-07-17/exchange=NSE/symbol=BANKBEES/part-093131_593631-046884.parquet,real_data_sample\l2_unseen_validation\trade_date=2026-07-17\exchange=NSE\symbol=BANKBEES\part-093131_593631-046884.parquet,34466,downloaded,34466,
2026-07-17,NSE,BANKBEES,raw_l2/trade_date=2026-07-17/exchange=NSE/symbol=BANKBEES/part-093243_066364-047044.parquet,real_data_sample\l2_unseen_validation\trade_date=2026-07-17\exchange=NSE\symbol=BANKBEES\part-093243_066364-047044.parquet,35495,downloaded,35495,
2026-07-17,NSE,BANKBEES,raw_l2/trade_date=2026-07-17/exchange=NSE/symbol=BANKBEES/part-093117_580015-046852.parquet,real_data_sample\l2_unseen_validation\trade_date=2026-07-17\exchange=NSE\symbol=BANKBEES\part-093117_580015-046852.parquet,34424,downloaded,34424,
2026-07-17,NSE,BANKBEES,raw_l2/trade_date=2026-07-17/exchange=NSE/symbol=BANKBEES/part-093214_563221-046980.parquet,real_data_sample\l2_unseen_validation\trade_date=2026-07-17\exchange=NSE\symbol=BANKBEES\part-093214_563221-046980.parquet,34670,downloaded,34670,
2026-07-17,NSE,BANKBEES,raw_l2/trade_date=2026-07-17/exchange=NSE/symbol=BANKBEES/part-093200_620158-046948.parquet,real_data_sample\l2_unseen_validation\trade_date=2026-07-17\exchange=NSE\symbol=BANKBEES\part-093200_620158-046948.parquet,34546,downloaded,34546,
2026-07-17,NSE,BANKBEES,raw_l2/trade_date=2026-07-17/exchange=NSE/symbol=BANKBEES/part-093228_598073-047012.parquet,real_data_sample\l2_unseen_validation\trade_date=2026-07-17\exchange=NSE\symbol=BANKBEES\part-093228_598073-047012.parquet,35602,downloaded,35602,
2026-07-17,NSE,BANKBEES,raw_l2/trade_date=2026-07-17/exchange=NSE/symbol=BANKBEES/part-093311_328967-047108.parquet,real_data_sample\l2_unseen_validation\trade_date=2026-07-17\exchange=NSE\symbol=BANKBEES\part-093311_328967-047108.parquet,35251,downloaded,35251,
2026-07-17,NSE,BANKBEES,raw_l2/trade_date=2026-07-17/exchange=NSE/symbol=BANKBEES/part-093325_574619-047140.parquet,real_data_sample\l2_unseen_validation\trade_date=2026-07-17\exchange=NSE\symbol=BANKBEES\part-093325_574619-047140.parquet,35022,downloaded,35022,
2026-07-17,NSE,BANKBEES,raw_l2/trade_date=2026-07-17/exchange=NSE/symbol=BANKBEES/part-092151_893241-045604.parquet,real_data_sample\l2_unseen_validation\trade_date=2026-07-17\exchange=NSE\symbol=BANKBEES\part-092151_893241-045604.parquet,34560,downloaded,34560,
2026-07-17,NSE,BANKBEES,raw_l2/trade_date=2026-07-17/exchange=NSE/symbol=BANKBEES/part-093339_592874-047172.parquet,real_data_sample\l2_unseen_validation\trade_date=2026-07-17\exchange=NSE\symbol=BANKBEES\part-093339_592874-047172.parquet,35537,downloaded,35537,
2026-07-17,NSE,BANKBEES,raw_l2/trade_date=2026-07-17/exchange=NSE/symbol=BANKBEES/part-093353_823807-047204.parquet,real_data_sample\l2_unseen_validation\trade_date=2026-07-17\exchange=NSE\symbol=BANKBEES\part-093353_823807-047204.parquet,35573,downloaded,35573,
2026-07-17,NSE,BANKBEES,raw_l2/trade_date=2026-07-17/exchange=NSE/symbol=BANKBEES/part-093407_824947-047236.parquet,real_data_sample\l2_unseen_validation\trade_date=2026-07-17\exchange=NSE\symbol=BANKBEES\part-093407_824947-047236.parquet,35677,downloaded,35677,
2026-07-17,NSE,BANKBEES,raw_l2/trade_date=2026-07-17/exchange=NSE/symbol=BANKBEES/part-093048_952591-046788.parquet,real_data_sample\l2_unseen_validation\trade_date=2026-07-17\exchange=NSE\symbol=BANKBEES\part-093048_952591-046788.parquet,34496,downloaded,34496,
2026-07-17,NSE,BANKBEES,raw_l2/trade_date=2026-07-17/exchange=NSE/symbol=BANKBEES/part-091607_909158-044836.parquet,real_data_sample\l2_unseen_validation\trade_date=2026-07-17\exchange=NSE\symbol=BANKBEES\part-091607_909158-044836.parquet,34760,downloaded,34760,
2026-07-17,NSE,BANKBEES,raw_l2/trade_date=2026-07-17/exchange=NSE/symbol=BANKBEES/part-093257_069031-047076.parquet,real_data_sample\l2_unseen_validation\trade_date=2026-07-17\exchange=NSE\symbol=BANKBEES\part-093257_069031-047076.parquet,35392,downloaded,35392,
2026-07-17,NSE,BANKBEES,raw_l2/trade_date=2026-07-17/exchange=NSE/symbol=BANKBEES/part-091636_639286-044900.parquet,real_data_sample\l2_unseen_validation\trade_date=2026-07-17\exchange=NSE\symbol=BANKBEES\part-091636_639286-044900.parquet,34686,downloaded,34686,
2026-07-17,NSE,BANKBEES,raw_l2/trade_date=2026-07-17/exchange=NSE/symbol=BANKBEES/part-093518_843367-047396.parquet,real_data_sample\l2_unseen_validation\trade_date=2026-07-17\exchange=NSE\symbol=BANKBEES\part-093518_843367-047396.parquet,35464,downloaded,35464,
2026-07-17,NSE,BANKBEES,raw_l2/trade_date=2026-07-17/exchange=NSE/symbol=BANKBEES/part-093533_101462-047428.parquet,real_data_sample\l2_unseen_validation\trade_date=2026-07-17\exchange=NSE\symbol=BANKBEES\part-093533_101462-047428.parquet,35433,downloaded,35433,
2026-07-17,NSE,BANKBEES,raw_l2/trade_date=2026-07-17/exchange=NSE/symbol=BANKBEES/part-093421_838940-047268.parquet,real_data_sample\l2_unseen_validation\trade_date=2026-07-17\exchange=NSE\symbol=BANKBEES\part-093421_838940-047268.parquet,35598,downloaded,35598,
2026-07-17,NSE,BANKBEES,raw_l2/trade_date=2026-07-17/exchange=NSE/symbol=BANKBEES/part-093435_877938-047300.parquet,real_data_sample\l2_unseen_validation\trade_date=2026-07-17\exchange=NSE\symbol=BANKBEES\part-093435_877938-047300.parquet,35594,downloaded,35594,
2026-07-17,NSE,BANKBEES,raw_l2/trade_date=2026-07-17/exchange=NSE/symbol=BANKBEES/part-093450_086096-047332.parquet,real_data_sample\l2_unseen_validation\trade_date=2026-07-17\exchange=NSE\symbol=BANKBEES\part-093450_086096-047332.parquet,35472,downloaded,35472,
2026-07-17,NSE,BANKBEES,raw_l2/trade_date=2026-07-17/exchange=NSE/symbol=BANKBEES/part-093504_350936-047364.parquet,real_data_sample\l2_unseen_validation\trade_date=2026-07-17\exchange=NSE\symbol=BANKBEES\part-093504_350936-047364.parquet,35418,downloaded,35418,
2026-07-17,NSE,BANKBEES,raw_l2/trade_date=2026-07-17/exchange=NSE/symbol=BANKBEES/part-091622_487442-044868.parquet,real_data_sample\l2_unseen_validation\trade_date=2026-07-17\exchange=NSE\symbol=BANKBEES\part-091622_487442-044868.parquet,34586,downloaded,34586,
2026-07-17,NSE,BANKBEES,raw_l2/trade_date=2026-07-17/exchange=NSE/symbol=BANKBEES/part-092206_141855-045636.parquet,real_data_sample\l2_unseen_validation\trade_date=2026-07-17\exchange=NSE\symbol=BANKBEES\part-092206_141855-045636.parquet,34401,downloaded,34401,
2026-07-17,NSE,BANKBEES,raw_l2/trade_date=2026-07-17/exchange=NSE/symbol=BANKBEES/part-092249_137742-045732.parquet,real_data_sample\l2_unseen_validation\trade_date=2026-07-17\exchange=NSE\symbol=BANKBEES\part-092249_137742-045732.parquet,34476,downloaded,34476,
2026-07-17,NSE,BANKBEES,raw_l2/trade_date=2026-07-17/exchange=NSE/symbol=BANKBEES/part-091650_865027-044932.parquet,real_data_sample\l2_unseen_validation\trade_date=2026-07-17\exchange=NSE\symbol=BANKBEES\part-091650_865027-044932.parquet,34732,downloaded,34732,
2026-07-17,NSE,BANKBEES,raw_l2/trade_date=2026-07-17/exchange=NSE/symbol=BANKBEES/part-093630_593128-047556.parquet,real_data_sample\l2_unseen_validation\trade_date=2026-07-17\exchange=NSE\symbol=BANKBEES\part-093630_593128-047556.parquet,34363,downloaded,34363,
2026-07-17,NSE,BANKBEES,raw_l2/trade_date=2026-07-17/exchange=NSE/symbol=BANKBEES/part-093547_347464-047460.parquet,real_data_sample\l2_unseen_validation\trade_date=2026-07-17\exchange=NSE\symbol=BANKBEES\part-093547_347464-047460.parquet,35167,downloaded,35167,
2026-07-17,NSE,BANKBEES,raw_l2/trade_date=2026-07-17/exchange=NSE/symbol=BANKBEES/part-093616_350809-047524.parquet,real_data_sample\l2_unseen_validation\trade_date=2026-07-17\exchange=NSE\symbol=BANKBEES\part-093616_350809-047524.parquet,34855,downloaded,34855,
2026-07-17,NSE,BANKBEES,raw_l2/trade_date=2026-07-17/exchange=NSE/symbol=BANKBEES/part-093644_819591-047588.parquet,real_data_sample\l2_unseen_validation\trade_date=2026-07-17\exchange=NSE\symbol=BANKBEES\part-093644_819591-047588.parquet,34411,downloaded,34411,
2026-07-17,NSE,BANKBEES,raw_l2/trade_date=2026-07-17/exchange=NSE/symbol=BANKBEES/part-091733_540516-045028.parquet,real_data_sample\l2_unseen_validation\trade_date=2026-07-17\exchange=NSE\symbol=BANKBEES\part-091733_540516-045028.parquet,34831,downloaded,34831,
2026-07-17,NSE,BANKBEES,raw_l2/trade_date=2026-07-17/exchange=NSE/symbol=BANKBEES/part-091719_364372-044996.parquet,real_data_sample\l2_unseen_validation\trade_date=2026-07-17\exchange=NSE\symbol=BANKBEES\part-091719_364372-044996.parquet,34574,downloaded,34574,
2026-07-17,NSE,BANKBEES,raw_l2/trade_date=2026-07-17/exchange=NSE/symbol=BANKBEES/part-093712_828918-047652.parquet,real_data_sample\l2_unseen_validation\trade_date=2026-07-17\exchange=NSE\symbol=BANKBEES\part-093712_828918-047652.parquet,34365,downloaded,34365,
2026-07-17,NSE,BANKBEES,raw_l2/trade_date=2026-07-17/exchange=NSE/symbol=BANKBEES/part-092137_169564-045572.parquet,real_data_sample\l2_unseen_validation\trade_date=2026-07-17\exchange=NSE\symbol=BANKBEES\part-092137_169564-045572.parquet,34235,downloaded,34235,
2026-07-17,NSE,BANKBEES,raw_l2/trade_date=2026-07-17/exchange=NSE/symbol=BANKBEES/part-092234_654339-045700.parquet,real_data_sample\l2_unseen_validation\trade_date=2026-07-17\exchange=NSE\symbol=BANKBEES\part-092234_654339-045700.parquet,34588,downloaded,34588,
2026-07-17,NSE,BANKBEES,raw_l2/trade_date=2026-07-17/exchange=NSE/symbol=BANKBEES/part-091705_183990-044964.parquet,real_data_sample\l2_unseen_validation\trade_date=2026-07-17\exchange=NSE\symbol=BANKBEES\part-091705_183990-044964.parquet,34417,downloaded,34417,
2026-07-17,NSE,BANKBEES,raw_l2/trade_date=2026-07-17/exchange=NSE/symbol=BANKBEES/part-092122_924449-045540.parquet,real_data_sample\l2_unseen_validation\trade_date=2026-07-17\exchange=NSE\symbol=BANKBEES\part-092122_924449-045540.parquet,34594,downloaded,34594,
2026-07-17,NSE,BANKBEES,raw_l2/trade_date=2026-07-17/exchange=NSE/symbol=BANKBEES/part-092108_631453-045508.parquet,real_data_sample\l2_unseen_validation\trade_date=2026-07-17\exchange=NSE\symbol=BANKBEES\part-092108_631453-045508.parquet,34506,downloaded,34506,
2026-07-17,NSE,BANKBEES,raw_l2/trade_date=2026-07-17/exchange=NSE/symbol=BANKBEES/part-091845_159437-045188.parquet,real_data_sample\l2_unseen_validation\trade_date=2026-07-17\exchange=NSE\symbol=BANKBEES\part-091845_159437-045188.parquet,34925,downloaded,34925,
2026-07-17,NSE,BANKBEES,raw_l2/trade_date=2026-07-17/exchange=NSE/symbol=BANKBEES/part-091830_629515-045156.parquet,real_data_sample\l2_unseen_validation\trade_date=2026-07-17\exchange=NSE\symbol=BANKBEES\part-091830_629515-045156.parquet,35597,downloaded,35597,
2026-07-17,NSE,BANKBEES,raw_l2/trade_date=2026-07-17/exchange=NSE/symbol=BANKBEES/part-091859_453955-045220.parquet,real_data_sample\l2_unseen_validation\trade_date=2026-07-17\exchange=NSE\symbol=BANKBEES\part-091859_453955-045220.parquet,35527,downloaded,35527,
2026-07-17,NSE,BANKBEES,raw_l2/trade_date=2026-07-17/exchange=NSE/symbol=BANKBEES/part-091538_645951-044772.parquet,real_data_sample\l2_unseen_validation\trade_date=2026-07-17\exchange=NSE\symbol=BANKBEES\part-091538_645951-044772.parquet,34454,downloaded,34454,
2026-07-17,NSE,BANKBEES,raw_l2/trade_date=2026-07-17/exchange=NSE/symbol=BANKBEES/part-093934_837172-047972.parquet,real_data_sample\l2_unseen_validation\trade_date=2026-07-17\exchange=NSE\symbol=BANKBEES\part-093934_837172-047972.parquet,34645,downloaded,34645,
2026-07-17,NSE,BANKBEES,raw_l2/trade_date=2026-07-17/exchange=NSE/symbol=BANKBEES/part-091747_617268-045060.parquet,real_data_sample\l2_unseen_validation\trade_date=2026-07-17\exchange=NSE\symbol=BANKBEES\part-091747_617268-045060.parquet,34557,downloaded,34557,
2026-07-17,NSE,BANKBEES,raw_l2/trade_date=2026-07-17/exchange=NSE/symbol=BANKBEES/part-093726_811247-047684.parquet,real_data_sample\l2_unseen_validation\trade_date=2026-07-17\exchange=NSE\symbol=BANKBEES\part-093726_811247-047684.parquet,34580,downloaded,34580,
2026-07-17,NSE,BANKBEES,raw_l2/trade_date=2026-07-17/exchange=NSE/symbol=BANKBEES/part-093949_091754-048004.parquet,real_data_sample\l2_unseen_validation\trade_date=2026-07-17\exchange=NSE\symbol=BANKBEES\part-093949_091754-048004.parquet,34613,downloaded,34613,
2026-07-17,NSE,BANKBEES,raw_l2/trade_date=2026-07-17/exchange=NSE/symbol=BANKBEES/part-094144_074322-048260.parquet,real_data_sample\l2_unseen_validation\trade_date=2026-07-17\exchange=NSE\symbol=BANKBEES\part-094144_074322-048260.parquet,34227,downloaded,34227,
2026-07-17,NSE,BANKBEES,raw_l2/trade_date=2026-07-17/exchange=NSE/symbol=BANKBEES/part-093809_063570-047780.parquet,real_data_sample\l2_unseen_validation\trade_date=2026-07-17\exchange=NSE\symbol=BANKBEES\part-093809_063570-047780.parquet,34552,downloaded,34552,
2026-07-17,NSE,BANKBEES,raw_l2/trade_date=2026-07-17/exchange=NSE/symbol=BANKBEES/part-093823_081514-047812.parquet,real_data_sample\l2_unseen_validation\trade_date=2026-07-17\exchange=NSE\symbol=BANKBEES\part-093823_081514-047812.parquet,34557,downloaded,34557,
2026-07-17,NSE,BANKBEES,raw_l2/trade_date=2026-07-17/exchange=NSE/symbol=BANKBEES/part-094032_116733-048100.parquet,real_data_sample\l2_unseen_validation\trade_date=2026-07-17\exchange=NSE\symbol=BANKBEES\part-094032_116733-048100.parquet,34307,downloaded,34307,
2026-07-17,NSE,BANKBEES,raw_l2/trade_date=2026-07-17/exchange=NSE/symbol=BANKBEES/part-094212_854649-048324.parquet,real_data_sample\l2_unseen_validation\trade_date=2026-07-17\exchange=NSE\symbol=BANKBEES\part-094212_854649-048324.parquet,34578,downloaded,34578,
2026-07-17,NSE,BANKBEES,raw_l2/trade_date=2026-07-17/exchange=NSE/symbol=BANKBEES/part-093740_813497-047716.parquet,real_data_sample\l2_unseen_validation\trade_date=2026-07-17\exchange=NSE\symbol=BANKBEES\part-093740_813497-047716.parquet,34615,downloaded,34615,
2026-07-17,NSE,BANKBEES,raw_l2/trade_date=2026-07-17/exchange=NSE/symbol=BANKBEES/part-094309_867215-048452.parquet,real_data_sample\l2_unseen_validation\trade_date=2026-07-17\exchange=NSE\symbol=BANKBEES\part-094309_867215-048452.parquet,34350,downloaded,34350,
2026-07-17,NSE,BANKBEES,raw_l2/trade_date=2026-07-17/exchange=NSE/symbol=BANKBEES/part-094241_592877-048388.parquet,real_data_sample\l2_unseen_validation\trade_date=2026-07-17\exchange=NSE\symbol=BANKBEES\part-094241_592877-048388.parquet,34544,downloaded,34544,
2026-07-17,NSE,BANKBEES,raw_l2/trade_date=2026-07-17/exchange=NSE/symbol=BANKBEES/part-094129_580288-048228.parquet,real_data_sample\l2_unseen_validation\trade_date=2026-07-17\exchange=NSE\symbol=BANKBEES\part-094129_580288-048228.parquet,34623,downloaded,34623,
2026-07-17,NSE,BANKBEES,raw_l2/trade_date=2026-07-17/exchange=NSE/symbol=BANKBEES/part-094003_580083-048036.parquet,real_data_sample\l2_unseen_validation\trade_date=2026-07-17\exchange=NSE\symbol=BANKBEES\part-094003_580083-048036.parquet,34502,downloaded,34502,
2026-07-17,NSE,BANKBEES,raw_l2/trade_date=2026-07-17/exchange=NSE/symbol=BANKBEES/part-094158_368385-048292.parquet,real_data_sample\l2_unseen_validation\trade_date=2026-07-17\exchange=NSE\symbol=BANKBEES\part-094158_368385-048292.parquet,34539,downloaded,34539,
2026-07-17,NSE,BANKBEES,raw_l2/trade_date=2026-07-17/exchange=NSE/symbol=BANKBEES/part-094227_337175-048356.parquet,real_data_sample\l2_unseen_validation\trade_date=2026-07-17\exchange=NSE\symbol=BANKBEES\part-094227_337175-048356.parquet,34668,downloaded,34668,
2026-07-17,NSE,BANKBEES,raw_l2/trade_date=2026-07-17/exchange=NSE/symbol=BANKBEES/part-093837_344894-047844.parquet,real_data_sample\l2_unseen_validation\trade_date=2026-07-17\exchange=NSE\symbol=BANKBEES\part-093837_344894-047844.parquet,34395,downloaded,34395,
2026-07-17,NSE,BANKBEES,raw_l2/trade_date=2026-07-17/exchange=NSE/symbol=BANKBEES/part-094046_323362-048132.parquet,real_data_sample\l2_unseen_validation\trade_date=2026-07-17\exchange=NSE\symbol=BANKBEES\part-094046_323362-048132.parquet,34590,downloaded,34590,
2026-07-17,NSE,BANKBEES,raw_l2/trade_date=2026-07-17/exchange=NSE/symbol=BANKBEES/part-094017_850530-048068.parquet,real_data_sample\l2_unseen_validation\trade_date=2026-07-17\exchange=NSE\symbol=BANKBEES\part-094017_850530-048068.parquet,34336,downloaded,34336,
2026-07-17,NSE,BANKBEES,raw_l2/trade_date=2026-07-17/exchange=NSE/symbol=BANKBEES/part-094255_849247-048420.parquet,real_data_sample\l2_unseen_validation\trade_date=2026-07-17\exchange=NSE\symbol=BANKBEES\part-094255_849247-048420.parquet,34550,downloaded,34550,
2026-07-17,NSE,BANKBEES,raw_l2/trade_date=2026-07-17/exchange=NSE/symbol=BANKBEES/part-094100_759774-048164.parquet,real_data_sample\l2_unseen_validation\trade_date=2026-07-17\exchange=NSE\symbol=BANKBEES\part-094100_759774-048164.parquet,34619,downloaded,34619,
2026-07-17,NSE,BANKBEES,raw_l2/trade_date=2026-07-17/exchange=NSE/symbol=BANKBEES/part-094115_139486-048196.parquet,real_data_sample\l2_unseen_validation\trade_date=2026-07-17\exchange=NSE\symbol=BANKBEES\part-094115_139486-048196.parquet,34623,downloaded,34623,
2026-07-17,NSE,BANKBEES,raw_l2/trade_date=2026-07-17/exchange=NSE/symbol=BANKBEES/part-093905_882721-047908.parquet,real_data_sample\l2_unseen_validation\trade_date=2026-07-17\exchange=NSE\symbol=BANKBEES\part-093905_882721-047908.parquet,34406,downloaded,34406,
2026-07-17,NSE,BANKBEES,raw_l2/trade_date=2026-07-17/exchange=NSE/symbol=BANKBEES/part-093851_571535-047876.parquet,real_data_sample\l2_unseen_validation\trade_date=2026-07-17\exchange=NSE\symbol=BANKBEES\part-093851_571535-047876.parquet,34606,downloaded,34606,
2026-07-17,NSE,BANKBEES,raw_l2/trade_date=2026-07-17/exchange=NSE/symbol=BANKBEES/part-094324_117543-048484.parquet,real_data_sample\l2_unseen_validation\trade_date=2026-07-17\exchange=NSE\symbol=BANKBEES\part-094324_117543-048484.parquet,34464,downloaded,34464,
2026-07-17,NSE,BANKBEES,raw_l2/trade_date=2026-07-17/exchange=NSE/symbol=BANKBEES/part-094338_365035-048516.parquet,real_data_sample\l2_unseen_validation\trade_date=2026-07-17\exchange=NSE\symbol=BANKBEES\part-094338_365035-048516.parquet,34390,downloaded,34390,
2026-07-17,NSE,BANKBEES,raw_l2/trade_date=2026-07-17/exchange=NSE/symbol=BANKBEES/part-093920_402931-047940.parquet,real_data_sample\l2_unseen_validation\trade_date=2026-07-17\exchange=NSE\symbol=BANKBEES\part-093920_402931-047940.parquet,34528,downloaded,34528,
2026-07-17,NSE,BANKBEES,raw_l2/trade_date=2026-07-17/exchange=NSE/symbol=BANKBEES/part-093754_832128-047748.parquet,real_data_sample\l2_unseen_validation\trade_date=2026-07-17\exchange=NSE\symbol=BANKBEES\part-093754_832128-047748.parquet,34466,downloaded,34466,
2026-07-17,NSE,BANKBEES,raw_l2/trade_date=2026-07-17/exchange=NSE/symbol=BANKBEES/part-093658_817586-047620.parquet,real_data_sample\l2_unseen_validation\trade_date=2026-07-17\exchange=NSE\symbol=BANKBEES\part-093658_817586-047620.parquet,34521,downloaded,34521,
2026-07-17,NSE,BANKBEES,raw_l2/trade_date=2026-07-17/exchange=NSE/symbol=BANKBEES/part-091816_398441-045124.parquet,real_data_sample\l2_unseen_validation\trade_date=2026-07-17\exchange=NSE\symbol=BANKBEES\part-091816_398441-045124.parquet,35048,downloaded,35048,
2026-07-17,NSE,BANKBEES,raw_l2/trade_date=2026-07-17/exchange=NSE/symbol=BANKBEES/part-094823_825559-049156.parquet,real_data_sample\l2_unseen_validation\trade_date=2026-07-17\exchange=NSE\symbol=BANKBEES\part-094823_825559-049156.parquet,34646,downloaded,34646,
2026-07-17,NSE,BANKBEES,raw_l2/trade_date=2026-07-17/exchange=NSE/symbol=BANKBEES/part-094601_625697-048836.parquet,real_data_sample\l2_unseen_validation\trade_date=2026-07-17\exchange=NSE\symbol=BANKBEES\part-094601_625697-048836.parquet,34377,downloaded,34377,
2026-07-17,NSE,BANKBEES,raw_l2/trade_date=2026-07-17/exchange=NSE/symbol=BANKBEES/part-095018_064181-049412.parquet,real_data_sample\l2_unseen_validation\trade_date=2026-07-17\exchange=NSE\symbol=BANKBEES\part-095018_064181-049412.parquet,34471,downloaded,34471,
2026-07-17,NSE,BANKBEES,raw_l2/trade_date=2026-07-17/exchange=NSE/symbol=BANKBEES/part-094532_855715-048772.parquet,real_data_sample\l2_unseen_validation\trade_date=2026-07-17\exchange=NSE\symbol=BANKBEES\part-094532_855715-048772.parquet,34343,downloaded,34343,
2026-07-17,NSE,BANKBEES,raw_l2/trade_date=2026-07-17/exchange=NSE/symbol=BANKBEES/part-094407_351334-048580.parquet,real_data_sample\l2_unseen_validation\trade_date=2026-07-17\exchange=NSE\symbol=BANKBEES\part-094407_351334-048580.parquet,34484,downloaded,34484,
2026-07-17,NSE,BANKBEES,raw_l2/trade_date=2026-07-17/exchange=NSE/symbol=BANKBEES/part-094906_859977-049252.parquet,real_data_sample\l2_unseen_validation\trade_date=2026-07-17\exchange=NSE\symbol=BANKBEES\part-094906_859977-049252.parquet,34353,downloaded,34353,
2026-07-17,NSE,BANKBEES,raw_l2/trade_date=2026-07-17/exchange=NSE/symbol=BANKBEES/part-094630_367002-048900.parquet,real_data_sample\l2_unseen_validation\trade_date=2026-07-17\exchange=NSE\symbol=BANKBEES\part-094630_367002-048900.parquet,34552,downloaded,34552,
2026-07-17,NSE,BANKBEES,raw_l2/trade_date=2026-07-17/exchange=NSE/symbol=BANKBEES/part-094838_348817-049188.parquet,real_data_sample\l2_unseen_validation\trade_date=2026-07-17\exchange=NSE\symbol=BANKBEES\part-094838_348817-049188.parquet,34385,downloaded,34385,
2026-07-17,NSE,BANKBEES,raw_l2/trade_date=2026-07-17/exchange=NSE/symbol=BANKBEES/part-094518_819644-048740.parquet,real_data_sample\l2_unseen_validation\trade_date=2026-07-17\exchange=NSE\symbol=BANKBEES\part-094518_819644-048740.parquet,34130,downloaded,34130,
2026-07-17,NSE,BANKBEES,raw_l2/trade_date=2026-07-17/exchange=NSE/symbol=BANKBEES/part-094547_112666-048804.parquet,real_data_sample\l2_unseen_validation\trade_date=2026-07-17\exchange=NSE\symbol=BANKBEES\part-094547_112666-048804.parquet,34369,downloaded,34369,
2026-07-17,NSE,BANKBEES,raw_l2/trade_date=2026-07-17/exchange=NSE/symbol=BANKBEES/part-094644_336371-048932.parquet,real_data_sample\l2_unseen_validation\trade_date=2026-07-17\exchange=NSE\symbol=BANKBEES\part-094644_336371-048932.parquet,34389,downloaded,34389,
2026-07-17,NSE,BANKBEES,raw_l2/trade_date=2026-07-17/exchange=NSE/symbol=BANKBEES/part-094741_099495-049060.parquet,real_data_sample\l2_unseen_validation\trade_date=2026-07-17\exchange=NSE\symbol=BANKBEES\part-094741_099495-049060.parquet,34373,downloaded,34373,
2026-07-17,NSE,BANKBEES,raw_l2/trade_date=2026-07-17/exchange=NSE/symbol=BANKBEES/part-094504_613948-048708.parquet,real_data_sample\l2_unseen_validation\trade_date=2026-07-17\exchange=NSE\symbol=BANKBEES\part-094504_613948-048708.parquet,34386,downloaded,34386,
2026-07-17,NSE,BANKBEES,raw_l2/trade_date=2026-07-17/exchange=NSE/symbol=BANKBEES/part-094726_872726-049028.parquet,real_data_sample\l2_unseen_validation\trade_date=2026-07-17\exchange=NSE\symbol=BANKBEES\part-094726_872726-049028.parquet,34553,downloaded,34553,
2026-07-17,NSE,BANKBEES,raw_l2/trade_date=2026-07-17/exchange=NSE/symbol=BANKBEES/part-094615_890088-048868.parquet,real_data_sample\l2_unseen_validation\trade_date=2026-07-17\exchange=NSE\symbol=BANKBEES\part-094615_890088-048868.parquet,34627,downloaded,34627,
2026-07-17,NSE,BANKBEES,raw_l2/trade_date=2026-07-17/exchange=NSE/symbol=BANKBEES/part-094421_580365-048612.parquet,real_data_sample\l2_unseen_validation\trade_date=2026-07-17\exchange=NSE\symbol=BANKBEES\part-094421_580365-048612.parquet,34567,downloaded,34567,
2026-07-17,NSE,BANKBEES,raw_l2/trade_date=2026-07-17/exchange=NSE/symbol=BANKBEES/part-094949_571500-049348.parquet,real_data_sample\l2_unseen_validation\trade_date=2026-07-17\exchange=NSE\symbol=BANKBEES\part-094949_571500-049348.parquet,34560,downloaded,34560,
2026-07-17,NSE,BANKBEES,raw_l2/trade_date=2026-07-17/exchange=NSE/symbol=BANKBEES/part-094712_629413-048996.parquet,real_data_sample\l2_unseen_validation\trade_date=2026-07-17\exchange=NSE\symbol=BANKBEES\part-094712_629413-048996.parquet,34359,downloaded,34359,
2026-07-17,NSE,BANKBEES,raw_l2/trade_date=2026-07-17/exchange=NSE/symbol=BANKBEES/part-094450_353939-048676.parquet,real_data_sample\l2_unseen_validation\trade_date=2026-07-17\exchange=NSE\symbol=BANKBEES\part-094450_353939-048676.parquet,34561,downloaded,34561,
2026-07-17,NSE,BANKBEES,raw_l2/trade_date=2026-07-17/exchange=NSE/symbol=BANKBEES/part-094852_383901-049220.parquet,real_data_sample\l2_unseen_validation\trade_date=2026-07-17\exchange=NSE\symbol=BANKBEES\part-094852_383901-049220.parquet,34461,downloaded,34461,
2026-07-17,NSE,BANKBEES,raw_l2/trade_date=2026-07-17/exchange=NSE/symbol=BANKBEES/part-094809_859962-049124.parquet,real_data_sample\l2_unseen_validation\trade_date=2026-07-17\exchange=NSE\symbol=BANKBEES\part-094809_859962-049124.parquet,34465,downloaded,34465,
2026-07-17,NSE,BANKBEES,raw_l2/trade_date=2026-07-17/exchange=NSE/symbol=BANKBEES/part-095003_834156-049380.parquet,real_data_sample\l2_unseen_validation\trade_date=2026-07-17\exchange=NSE\symbol=BANKBEES\part-095003_834156-049380.parquet,34430,downloaded,34430,
2026-07-17,NSE,BANKBEES,raw_l2/trade_date=2026-07-17/exchange=NSE/symbol=BANKBEES/part-094755_604998-049092.parquet,real_data_sample\l2_unseen_validation\trade_date=2026-07-17\exchange=NSE\symbol=BANKBEES\part-094755_604998-049092.parquet,34386,downloaded,34386,
2026-07-17,NSE,BANKBEES,raw_l2/trade_date=2026-07-17/exchange=NSE/symbol=BANKBEES/part-094921_271852-049284.parquet,real_data_sample\l2_unseen_validation\trade_date=2026-07-17\exchange=NSE\symbol=BANKBEES\part-094921_271852-049284.parquet,34426,downloaded,34426,
2026-07-17,NSE,BANKBEES,raw_l2/trade_date=2026-07-17/exchange=NSE/symbol=BANKBEES/part-095100_581568-049508.parquet,real_data_sample\l2_unseen_validation\trade_date=2026-07-17\exchange=NSE\symbol=BANKBEES\part-095100_581568-049508.parquet,34442,downloaded,34442,
2026-07-17,NSE,BANKBEES,raw_l2/trade_date=2026-07-17/exchange=NSE/symbol=BANKBEES/part-094658_361605-048964.parquet,real_data_sample\l2_unseen_validation\trade_date=2026-07-17\exchange=NSE\symbol=BANKBEES\part-094658_361605-048964.parquet,34649,downloaded,34649,
2026-07-17,NSE,BANKBEES,raw_l2/trade_date=2026-07-17/exchange=NSE/symbol=BANKBEES/part-095032_336839-049444.parquet,real_data_sample\l2_unseen_validation\trade_date=2026-07-17\exchange=NSE\symbol=BANKBEES\part-095032_336839-049444.parquet,34241,downloaded,34241,
2026-07-17,NSE,BANKBEES,raw_l2/trade_date=2026-07-17/exchange=NSE/symbol=BANKBEES/part-093601_843187-047492.parquet,real_data_sample\l2_unseen_validation\trade_date=2026-07-17\exchange=NSE\symbol=BANKBEES\part-093601_843187-047492.parquet,35192,downloaded,35192,
2026-07-17,NSE,BANKBEES,raw_l2/trade_date=2026-07-17/exchange=NSE/symbol=BANKBEES/part-094935_333092-049316.parquet,real_data_sample\l2_unseen_validation\trade_date=2026-07-17\exchange=NSE\symbol=BANKBEES\part-094935_333092-049316.parquet,34502,downloaded,34502,
2026-07-17,NSE,BANKBEES,raw_l2/trade_date=2026-07-17/exchange=NSE/symbol=BANKBEES/part-094352_891569-048548.parquet,real_data_sample\l2_unseen_validation\trade_date=2026-07-17\exchange=NSE\symbol=BANKBEES\part-094352_891569-048548.parquet,34428,downloaded,34428,
2026-07-17,NSE,BANKBEES,raw_l2/trade_date=2026-07-17/exchange=NSE/symbol=BANKBEES/part-095114_575872-049540.parquet,real_data_sample\l2_unseen_validation\trade_date=2026-07-17\exchange=NSE\symbol=BANKBEES\part-095114_575872-049540.parquet,34307,downloaded,34307,
2026-07-17,NSE,BANKBEES,raw_l2/trade_date=2026-07-17/exchange=NSE/symbol=BANKBEES/part-095128_812178-049572.parquet,real_data_sample\l2_unseen_validation\trade_date=2026-07-17\exchange=NSE\symbol=BANKBEES\part-095128_812178-049572.parquet,34567,downloaded,34567,
2026-07-17,NSE,BANKBEES,raw_l2/trade_date=2026-07-17/exchange=NSE/symbol=BANKBEES/part-095142_849889-049604.parquet,real_data_sample\l2_unseen_validation\trade_date=2026-07-17\exchange=NSE\symbol=BANKBEES\part-095142_849889-049604.parquet,34297,downloaded,34297,
2026-07-17,NSE,BANKBEES,raw_l2/trade_date=2026-07-17/exchange=NSE/symbol=BANKBEES/part-095156_811389-049636.parquet,real_data_sample\l2_unseen_validation\trade_date=2026-07-17\exchange=NSE\symbol=BANKBEES\part-095156_811389-049636.parquet,34537,downloaded,34537,
2026-07-17,NSE,BANKBEES,raw_l2/trade_date=2026-07-17/exchange=NSE/symbol=BANKBEES/part-095211_130318-049668.parquet,real_data_sample\l2_unseen_validation\trade_date=2026-07-17\exchange=NSE\symbol=BANKBEES\part-095211_130318-049668.parquet,34404,downloaded,34404,
2026-07-17,NSE,BANKBEES,raw_l2/trade_date=2026-07-17/exchange=NSE/symbol=BANKBEES/part-095225_361846-049700.parquet,real_data_sample\l2_unseen_validation\trade_date=2026-07-17\exchange=NSE\symbol=BANKBEES\part-095225_361846-049700.parquet,34340,downloaded,34340,
2026-07-17,NSE,BANKBEES,raw_l2/trade_date=2026-07-17/exchange=NSE/symbol=BANKBEES/part-095239_349120-049732.parquet,real_data_sample\l2_unseen_validation\trade_date=2026-07-17\exchange=NSE\symbol=BANKBEES\part-095239_349120-049732.parquet,34357,downloaded,34357,
2026-07-17,NSE,BANKBEES,raw_l2/trade_date=2026-07-17/exchange=NSE/symbol=BANKBEES/part-094435_880374-048644.parquet,real_data_sample\l2_unseen_validation\trade_date=2026-07-17\exchange=NSE\symbol=BANKBEES\part-094435_880374-048644.parquet,34647,downloaded,34647,
2026-07-17,NSE,BANKBEES,raw_l2/trade_date=2026-07-17/exchange=NSE/symbol=BANKBEES/part-095253_323815-049764.parquet,real_data_sample\l2_unseen_validation\trade_date=2026-07-17\exchange=NSE\symbol=BANKBEES\part-095253_323815-049764.parquet,34587,downloaded,34587,
2026-07-17,NSE,BANKBEES,raw_l2/trade_date=2026-07-17/exchange=NSE/symbol=BANKBEES/part-095336_101765-049860.parquet,real_data_sample\l2_unseen_validation\trade_date=2026-07-17\exchange=NSE\symbol=BANKBEES\part-095336_101765-049860.parquet,34352,downloaded,34352,
2026-07-17,NSE,BANKBEES,raw_l2/trade_date=2026-07-17/exchange=NSE/symbol=BANKBEES/part-095307_378977-049796.parquet,real_data_sample\l2_unseen_validation\trade_date=2026-07-17\exchange=NSE\symbol=BANKBEES\part-095307_378977-049796.parquet,34451,downloaded,34451,
2026-07-17,NSE,BANKBEES,raw_l2/trade_date=2026-07-17/exchange=NSE/symbol=BANKBEES/part-095321_594990-049828.parquet,real_data_sample\l2_unseen_validation\trade_date=2026-07-17\exchange=NSE\symbol=BANKBEES\part-095321_594990-049828.parquet,34517,downloaded,34517,
2026-07-17,NSE,BANKBEES,raw_l2/trade_date=2026-07-17/exchange=NSE/symbol=BANKBEES/part-095350_405490-049892.parquet,real_data_sample\l2_unseen_validation\trade_date=2026-07-17\exchange=NSE\symbol=BANKBEES\part-095350_405490-049892.parquet,34339,downloaded,34339,
2026-07-17,NSE,BANKBEES,raw_l2/trade_date=2026-07-17/exchange=NSE/symbol=BANKBEES/part-095404_876072-049924.parquet,real_data_sample\l2_unseen_validation\trade_date=2026-07-17\exchange=NSE\symbol=BANKBEES\part-095404_876072-049924.parquet,34286,downloaded,34286,
2026-07-17,NSE,BANKBEES,raw_l2/trade_date=2026-07-17/exchange=NSE/symbol=BANKBEES/part-095419_365371-049956.parquet,real_data_sample\l2_unseen_validation\trade_date=2026-07-17\exchange=NSE\symbol=BANKBEES\part-095419_365371-049956.parquet,34381,downloaded,34381,
2026-07-17,NSE,BANKBEES,raw_l2/trade_date=2026-07-17/exchange=NSE/symbol=BANKBEES/part-095046_604991-049476.parquet,real_data_sample\l2_unseen_validation\trade_date=2026-07-17\exchange=NSE\symbol=BANKBEES\part-095046_604991-049476.parquet,34673,downloaded,34673,
2026-07-17,NSE,BANKBEES,raw_l2/trade_date=2026-07-17/exchange=NSE/symbol=BANKBEES/part-095433_362835-049988.parquet,real_data_sample\l2_unseen_validation\trade_date=2026-07-17\exchange=NSE\symbol=BANKBEES\part-095433_362835-049988.parquet,34493,downloaded,34493,
2026-07-17,NSE,BANKBEES,raw_l2/trade_date=2026-07-17/exchange=NSE/symbol=BANKBEES/part-095447_609302-050020.parquet,real_data_sample\l2_unseen_validation\trade_date=2026-07-17\exchange=NSE\symbol=BANKBEES\part-095447_609302-050020.parquet,34317,downloaded,34317,
2026-07-17,NSE,BANKBEES,raw_l2/trade_date=2026-07-17/exchange=NSE/symbol=BANKBEES/part-095922_152810-050628.parquet,real_data_sample\l2_unseen_validation\trade_date=2026-07-17\exchange=NSE\symbol=BANKBEES\part-095922_152810-050628.parquet,35683,downloaded,35683,
2026-07-17,NSE,BANKBEES,raw_l2/trade_date=2026-07-17/exchange=NSE/symbol=BANKBEES/part-095515_866153-050084.parquet,real_data_sample\l2_unseen_validation\trade_date=2026-07-17\exchange=NSE\symbol=BANKBEES\part-095515_866153-050084.parquet,34465,downloaded,34465,
2026-07-17,NSE,BANKBEES,raw_l2/trade_date=2026-07-17/exchange=NSE/symbol=BANKBEES/part-095823_649948-050500.parquet,real_data_sample\l2_unseen_validation\trade_date=2026-07-17\exchange=NSE\symbol=BANKBEES\part-095823_649948-050500.parquet,34381,downloaded,34381,
2026-07-17,NSE,BHARTIARTL,raw_l2/trade_date=2026-07-17/exchange=NSE/symbol=BHARTIARTL/part-034501_292302-000005.parquet,real_data_sample\l2_unseen_validation\trade_date=2026-07-17\exchange=NSE\symbol=BHARTIARTL\part-034501_292302-000005.parquet,34112,downloaded,34112,
2026-07-17,NSE,BANKBEES,raw_l2/trade_date=2026-07-17/exchange=NSE/symbol=BANKBEES/part-095936_664431-050660.parquet,real_data_sample\l2_unseen_validation\trade_date=2026-07-17\exchange=NSE\symbol=BANKBEES\part-095936_664431-050660.parquet,35883,downloaded,35883,
2026-07-17,NSE,BANKBEES,raw_l2/trade_date=2026-07-17/exchange=NSE/symbol=BANKBEES/part-100127_335935-050768.parquet,real_data_sample\l2_unseen_validation\trade_date=2026-07-17\exchange=NSE\symbol=BANKBEES\part-100127_335935-050768.parquet,34088,downloaded,34088,
2026-07-17,NSE,BANKBEES,raw_l2/trade_date=2026-07-17/exchange=NSE/symbol=BANKBEES/part-095853_126789-050564.parquet,real_data_sample\l2_unseen_validation\trade_date=2026-07-17\exchange=NSE\symbol=BANKBEES\part-095853_126789-050564.parquet,34565,downloaded,34565,
2026-07-17,NSE,BHARTIARTL,raw_l2/trade_date=2026-07-17/exchange=NSE/symbol=BHARTIARTL/part-034611_664951-000165.parquet,real_data_sample\l2_unseen_validation\trade_date=2026-07-17\exchange=NSE\symbol=BHARTIARTL\part-034611_664951-000165.parquet,36650,downloaded,36650,
2026-07-17,NSE,BHARTIARTL,raw_l2/trade_date=2026-07-17/exchange=NSE/symbol=BHARTIARTL/part-034515_670557-000037.parquet,real_data_sample\l2_unseen_validation\trade_date=2026-07-17\exchange=NSE\symbol=BHARTIARTL\part-034515_670557-000037.parquet,36506,downloaded,36506,
2026-07-17,NSE,BANKBEES,raw_l2/trade_date=2026-07-17/exchange=NSE/symbol=BANKBEES/part-095838_400604-050532.parquet,real_data_sample\l2_unseen_validation\trade_date=2026-07-17\exchange=NSE\symbol=BANKBEES\part-095838_400604-050532.parquet,34436,downloaded,34436,
2026-07-17,NSE,BANKBEES,raw_l2/trade_date=2026-07-17/exchange=NSE/symbol=BANKBEES/part-095951_120569-050692.parquet,real_data_sample\l2_unseen_validation\trade_date=2026-07-17\exchange=NSE\symbol=BANKBEES\part-095951_120569-050692.parquet,35546,downloaded,35546,
2026-07-17,NSE,BHARTIARTL,raw_l2/trade_date=2026-07-17/exchange=NSE/symbol=BHARTIARTL/part-034543_199857-000101.parquet,real_data_sample\l2_unseen_validation\trade_date=2026-07-17\exchange=NSE\symbol=BHARTIARTL\part-034543_199857-000101.parquet,36502,downloaded,36502,
2026-07-17,NSE,BANKBEES,raw_l2/trade_date=2026-07-17/exchange=NSE/symbol=BANKBEES/part-095501_887593-050052.parquet,real_data_sample\l2_unseen_validation\trade_date=2026-07-17\exchange=NSE\symbol=BANKBEES\part-095501_887593-050052.parquet,34357,downloaded,34357,
2026-07-17,NSE,BHARTIARTL,raw_l2/trade_date=2026-07-17/exchange=NSE/symbol=BHARTIARTL/part-034557_663521-000133.parquet,real_data_sample\l2_unseen_validation\trade_date=2026-07-17\exchange=NSE\symbol=BHARTIARTL\part-034557_663521-000133.parquet,36672,downloaded,36672,
2026-07-17,NSE,BANKBEES,raw_l2/trade_date=2026-07-17/exchange=NSE/symbol=BANKBEES/part-095907_619421-050596.parquet,real_data_sample\l2_unseen_validation\trade_date=2026-07-17\exchange=NSE\symbol=BANKBEES\part-095907_619421-050596.parquet,34167,downloaded,34167,
2026-07-17,NSE,BANKBEES,raw_l2/trade_date=2026-07-17/exchange=NSE/symbol=BANKBEES/part-095712_192113-050340.parquet,real_data_sample\l2_unseen_validation\trade_date=2026-07-17\exchange=NSE\symbol=BANKBEES\part-095712_192113-050340.parquet,34422,downloaded,34422,
2026-07-17,NSE,BHARTIARTL,raw_l2/trade_date=2026-07-17/exchange=NSE/symbol=BHARTIARTL/part-034529_441007-000069.parquet,real_data_sample\l2_unseen_validation\trade_date=2026-07-17\exchange=NSE\symbol=BHARTIARTL\part-034529_441007-000069.parquet,36368,downloaded,36368,
2026-07-17,NSE,BANKBEES,raw_l2/trade_date=2026-07-17/exchange=NSE/symbol=BANKBEES/part-095726_634825-050372.parquet,real_data_sample\l2_unseen_validation\trade_date=2026-07-17\exchange=NSE\symbol=BANKBEES\part-095726_634825-050372.parquet,34356,downloaded,34356,
2026-07-17,NSE,BANKBEES,raw_l2/trade_date=2026-07-17/exchange=NSE/symbol=BANKBEES/part-095657_214024-050308.parquet,real_data_sample\l2_unseen_validation\trade_date=2026-07-17\exchange=NSE\symbol=BANKBEES\part-095657_214024-050308.parquet,34575,downloaded,34575,
2026-07-17,NSE,BANKBEES,raw_l2/trade_date=2026-07-17/exchange=NSE/symbol=BANKBEES/part-095755_364536-050436.parquet,real_data_sample\l2_unseen_validation\trade_date=2026-07-17\exchange=NSE\symbol=BANKBEES\part-095755_364536-050436.parquet,34519,downloaded,34519,
2026-07-17,NSE,BANKBEES,raw_l2/trade_date=2026-07-17/exchange=NSE/symbol=BANKBEES/part-095642_615032-050276.parquet,real_data_sample\l2_unseen_validation\trade_date=2026-07-17\exchange=NSE\symbol=BANKBEES\part-095642_615032-050276.parquet,34323,downloaded,34323,
2026-07-17,NSE,BANKBEES,raw_l2/trade_date=2026-07-17/exchange=NSE/symbol=BANKBEES/part-095628_106787-050244.parquet,real_data_sample\l2_unseen_validation\trade_date=2026-07-17\exchange=NSE\symbol=BANKBEES\part-095628_106787-050244.parquet,34327,downloaded,34327,
2026-07-17,NSE,BANKBEES,raw_l2/trade_date=2026-07-17/exchange=NSE/symbol=BANKBEES/part-095530_118639-050116.parquet,real_data_sample\l2_unseen_validation\trade_date=2026-07-17\exchange=NSE\symbol=BANKBEES\part-095530_118639-050116.parquet,34428,downloaded,34428,
2026-07-17,NSE,BANKBEES,raw_l2/trade_date=2026-07-17/exchange=NSE/symbol=BANKBEES/part-095613_904304-050212.parquet,real_data_sample\l2_unseen_validation\trade_date=2026-07-17\exchange=NSE\symbol=BANKBEES\part-095613_904304-050212.parquet,34397,downloaded,34397,
2026-07-17,NSE,BANKBEES,raw_l2/trade_date=2026-07-17/exchange=NSE/symbol=BANKBEES/part-095559_372262-050180.parquet,real_data_sample\l2_unseen_validation\trade_date=2026-07-17\exchange=NSE\symbol=BANKBEES\part-095559_372262-050180.parquet,34415,downloaded,34415,
2026-07-17,NSE,BANKBEES,raw_l2/trade_date=2026-07-17/exchange=NSE/symbol=BANKBEES/part-095544_725983-050148.parquet,real_data_sample\l2_unseen_validation\trade_date=2026-07-17\exchange=NSE\symbol=BANKBEES\part-095544_725983-050148.parquet,34347,downloaded,34347,
2026-07-17,NSE,BANKBEES,raw_l2/trade_date=2026-07-17/exchange=NSE/symbol=BANKBEES/part-100005_373180-050724.parquet,real_data_sample\l2_unseen_validation\trade_date=2026-07-17\exchange=NSE\symbol=BANKBEES\part-100005_373180-050724.parquet,35175,downloaded,35175,
2026-07-17,NSE,BHARTIARTL,raw_l2/trade_date=2026-07-17/exchange=NSE/symbol=BHARTIARTL/part-034735_686224-000357.parquet,real_data_sample\l2_unseen_validation\trade_date=2026-07-17\exchange=NSE\symbol=BHARTIARTL\part-034735_686224-000357.parquet,36307,downloaded,36307,
2026-07-17,NSE,BHARTIARTL,raw_l2/trade_date=2026-07-17/exchange=NSE/symbol=BHARTIARTL/part-034831_909867-000485.parquet,real_data_sample\l2_unseen_validation\trade_date=2026-07-17\exchange=NSE\symbol=BHARTIARTL\part-034831_909867-000485.parquet,35905,downloaded,35905,
2026-07-17,NSE,BHARTIARTL,raw_l2/trade_date=2026-07-17/exchange=NSE/symbol=BHARTIARTL/part-034804_029453-000421.parquet,real_data_sample\l2_unseen_validation\trade_date=2026-07-17\exchange=NSE\symbol=BHARTIARTL\part-034804_029453-000421.parquet,35857,downloaded,35857,
2026-07-17,NSE,BHARTIARTL,raw_l2/trade_date=2026-07-17/exchange=NSE/symbol=BHARTIARTL/part-034818_177252-000453.parquet,real_data_sample\l2_unseen_validation\trade_date=2026-07-17\exchange=NSE\symbol=BHARTIARTL\part-034818_177252-000453.parquet,36070,downloaded,36070,
2026-07-17,NSE,BHARTIARTL,raw_l2/trade_date=2026-07-17/exchange=NSE/symbol=BHARTIARTL/part-034749_931593-000389.parquet,real_data_sample\l2_unseen_validation\trade_date=2026-07-17\exchange=NSE\symbol=BHARTIARTL\part-034749_931593-000389.parquet,35776,downloaded,35776,
2026-07-17,NSE,BHARTIARTL,raw_l2/trade_date=2026-07-17/exchange=NSE/symbol=BHARTIARTL/part-034639_834527-000229.parquet,real_data_sample\l2_unseen_validation\trade_date=2026-07-17\exchange=NSE\symbol=BHARTIARTL\part-034639_834527-000229.parquet,36619,downloaded,36619,
2026-07-17,NSE,BHARTIARTL,raw_l2/trade_date=2026-07-17/exchange=NSE/symbol=BHARTIARTL/part-034859_411829-000549.parquet,real_data_sample\l2_unseen_validation\trade_date=2026-07-17\exchange=NSE\symbol=BHARTIARTL\part-034859_411829-000549.parquet,36078,downloaded,36078,
2026-07-17,NSE,BHARTIARTL,raw_l2/trade_date=2026-07-17/exchange=NSE/symbol=BHARTIARTL/part-034845_664707-000517.parquet,real_data_sample\l2_unseen_validation\trade_date=2026-07-17\exchange=NSE\symbol=BHARTIARTL\part-034845_664707-000517.parquet,35526,downloaded,35526,
2026-07-17,NSE,BHARTIARTL,raw_l2/trade_date=2026-07-17/exchange=NSE/symbol=BHARTIARTL/part-034653_956914-000261.parquet,real_data_sample\l2_unseen_validation\trade_date=2026-07-17\exchange=NSE\symbol=BHARTIARTL\part-034653_956914-000261.parquet,36174,downloaded,36174,
2026-07-17,NSE,BHARTIARTL,raw_l2/trade_date=2026-07-17/exchange=NSE/symbol=BHARTIARTL/part-035241_704352-001061.parquet,real_data_sample\l2_unseen_validation\trade_date=2026-07-17\exchange=NSE\symbol=BHARTIARTL\part-035241_704352-001061.parquet,34613,downloaded,34613,
2026-07-17,NSE,BHARTIARTL,raw_l2/trade_date=2026-07-17/exchange=NSE/symbol=BHARTIARTL/part-035118_435010-000869.parquet,real_data_sample\l2_unseen_validation\trade_date=2026-07-17\exchange=NSE\symbol=BHARTIARTL\part-035118_435010-000869.parquet,36079,downloaded,36079,
2026-07-17,NSE,BHARTIARTL,raw_l2/trade_date=2026-07-17/exchange=NSE/symbol=BHARTIARTL/part-034721_686888-000325.parquet,real_data_sample\l2_unseen_validation\trade_date=2026-07-17\exchange=NSE\symbol=BHARTIARTL\part-034721_686888-000325.parquet,35689,downloaded,35689,
2026-07-17,NSE,BHARTIARTL,raw_l2/trade_date=2026-07-17/exchange=NSE/symbol=BHARTIARTL/part-034707_672185-000293.parquet,real_data_sample\l2_unseen_validation\trade_date=2026-07-17\exchange=NSE\symbol=BHARTIARTL\part-034707_672185-000293.parquet,36260,downloaded,36260,
2026-07-17,NSE,BHARTIARTL,raw_l2/trade_date=2026-07-17/exchange=NSE/symbol=BHARTIARTL/part-034913_491488-000581.parquet,real_data_sample\l2_unseen_validation\trade_date=2026-07-17\exchange=NSE\symbol=BHARTIARTL\part-034913_491488-000581.parquet,36095,downloaded,36095,
2026-07-17,NSE,BHARTIARTL,raw_l2/trade_date=2026-07-17/exchange=NSE/symbol=BHARTIARTL/part-034941_469247-000645.parquet,real_data_sample\l2_unseen_validation\trade_date=2026-07-17\exchange=NSE\symbol=BHARTIARTL\part-034941_469247-000645.parquet,35814,downloaded,35814,
2026-07-17,NSE,BHARTIARTL,raw_l2/trade_date=2026-07-17/exchange=NSE/symbol=BHARTIARTL/part-034955_432578-000677.parquet,real_data_sample\l2_unseen_validation\trade_date=2026-07-17\exchange=NSE\symbol=BHARTIARTL\part-034955_432578-000677.parquet,36023,downloaded,36023,
2026-07-17,NSE,BHARTIARTL,raw_l2/trade_date=2026-07-17/exchange=NSE/symbol=BHARTIARTL/part-034927_457322-000613.parquet,real_data_sample\l2_unseen_validation\trade_date=2026-07-17\exchange=NSE\symbol=BHARTIARTL\part-034927_457322-000613.parquet,35937,downloaded,35937,
2026-07-17,NSE,BHARTIARTL,raw_l2/trade_date=2026-07-17/exchange=NSE/symbol=BHARTIARTL/part-035213_926690-000997.parquet,real_data_sample\l2_unseen_validation\trade_date=2026-07-17\exchange=NSE\symbol=BHARTIARTL\part-035213_926690-000997.parquet,35911,downloaded,35911,
2026-07-17,NSE,BHARTIARTL,raw_l2/trade_date=2026-07-17/exchange=NSE/symbol=BHARTIARTL/part-035037_228339-000773.parquet,real_data_sample\l2_unseen_validation\trade_date=2026-07-17\exchange=NSE\symbol=BHARTIARTL\part-035037_228339-000773.parquet,36305,downloaded,36305,
2026-07-17,NSE,BHARTIARTL,raw_l2/trade_date=2026-07-17/exchange=NSE/symbol=BHARTIARTL/part-035255_687584-001093.parquet,real_data_sample\l2_unseen_validation\trade_date=2026-07-17\exchange=NSE\symbol=BHARTIARTL\part-035255_687584-001093.parquet,34455,downloaded,34455,
2026-07-17,NSE,BHARTIARTL,raw_l2/trade_date=2026-07-17/exchange=NSE/symbol=BHARTIARTL/part-035009_437419-000709.parquet,real_data_sample\l2_unseen_validation\trade_date=2026-07-17\exchange=NSE\symbol=BHARTIARTL\part-035009_437419-000709.parquet,36295,downloaded,36295,
2026-07-17,NSE,BHARTIARTL,raw_l2/trade_date=2026-07-17/exchange=NSE/symbol=BHARTIARTL/part-035104_677554-000837.parquet,real_data_sample\l2_unseen_validation\trade_date=2026-07-17\exchange=NSE\symbol=BHARTIARTL\part-035104_677554-000837.parquet,36405,downloaded,36405,
2026-07-17,NSE,BHARTIARTL,raw_l2/trade_date=2026-07-17/exchange=NSE/symbol=BHARTIARTL/part-035050_915646-000805.parquet,real_data_sample\l2_unseen_validation\trade_date=2026-07-17\exchange=NSE\symbol=BHARTIARTL\part-035050_915646-000805.parquet,36452,downloaded,36452,
2026-07-17,NSE,BHARTIARTL,raw_l2/trade_date=2026-07-17/exchange=NSE/symbol=BHARTIARTL/part-035023_463600-000741.parquet,real_data_sample\l2_unseen_validation\trade_date=2026-07-17\exchange=NSE\symbol=BHARTIARTL\part-035023_463600-000741.parquet,35993,downloaded,35993,
2026-07-17,NSE,BHARTIARTL,raw_l2/trade_date=2026-07-17/exchange=NSE/symbol=BHARTIARTL/part-035227_661172-001029.parquet,real_data_sample\l2_unseen_validation\trade_date=2026-07-17\exchange=NSE\symbol=BHARTIARTL\part-035227_661172-001029.parquet,34436,downloaded,34436,
2026-07-17,NSE,BHARTIARTL,raw_l2/trade_date=2026-07-17/exchange=NSE/symbol=BHARTIARTL/part-035159_954273-000965.parquet,real_data_sample\l2_unseen_validation\trade_date=2026-07-17\exchange=NSE\symbol=BHARTIARTL\part-035159_954273-000965.parquet,35600,downloaded,35600,
2026-07-17,NSE,BHARTIARTL,raw_l2/trade_date=2026-07-17/exchange=NSE/symbol=BHARTIARTL/part-035132_199615-000901.parquet,real_data_sample\l2_unseen_validation\trade_date=2026-07-17\exchange=NSE\symbol=BHARTIARTL\part-035132_199615-000901.parquet,35901,downloaded,35901,
2026-07-17,NSE,BHARTIARTL,raw_l2/trade_date=2026-07-17/exchange=NSE/symbol=BHARTIARTL/part-035145_917743-000933.parquet,real_data_sample\l2_unseen_validation\trade_date=2026-07-17\exchange=NSE\symbol=BHARTIARTL\part-035145_917743-000933.parquet,36258,downloaded,36258,
2026-07-17,NSE,BANKBEES,raw_l2/trade_date=2026-07-17/exchange=NSE/symbol=BANKBEES/part-095809_617331-050468.parquet,real_data_sample\l2_unseen_validation\trade_date=2026-07-17\exchange=NSE\symbol=BANKBEES\part-095809_617331-050468.parquet,34432,downloaded,34432,
2026-07-17,NSE,BHARTIARTL,raw_l2/trade_date=2026-07-17/exchange=NSE/symbol=BHARTIARTL/part-035337_432013-001189.parquet,real_data_sample\l2_unseen_validation\trade_date=2026-07-17\exchange=NSE\symbol=BHARTIARTL\part-035337_432013-001189.parquet,34459,downloaded,34459,
2026-07-17,NSE,BHARTIARTL,raw_l2/trade_date=2026-07-17/exchange=NSE/symbol=BHARTIARTL/part-035323_460017-001157.parquet,real_data_sample\l2_unseen_validation\trade_date=2026-07-17\exchange=NSE\symbol=BHARTIARTL\part-035323_460017-001157.parquet,34478,downloaded,34478,
2026-07-17,NSE,BHARTIARTL,raw_l2/trade_date=2026-07-17/exchange=NSE/symbol=BHARTIARTL/part-035446_684175-001349.parquet,real_data_sample\l2_unseen_validation\trade_date=2026-07-17\exchange=NSE\symbol=BHARTIARTL\part-035446_684175-001349.parquet,34413,downloaded,34413,
2026-07-17,NSE,BHARTIARTL,raw_l2/trade_date=2026-07-17/exchange=NSE/symbol=BHARTIARTL/part-035351_208745-001221.parquet,real_data_sample\l2_unseen_validation\trade_date=2026-07-17\exchange=NSE\symbol=BHARTIARTL\part-035351_208745-001221.parquet,34485,downloaded,34485,
2026-07-17,NSE,BHARTIARTL,raw_l2/trade_date=2026-07-17/exchange=NSE/symbol=BHARTIARTL/part-035405_157409-001253.parquet,real_data_sample\l2_unseen_validation\trade_date=2026-07-17\exchange=NSE\symbol=BHARTIARTL\part-035405_157409-001253.parquet,34585,downloaded,34585,
2026-07-17,NSE,BHARTIARTL,raw_l2/trade_date=2026-07-17/exchange=NSE/symbol=BHARTIARTL/part-035514_701662-001413.parquet,real_data_sample\l2_unseen_validation\trade_date=2026-07-17\exchange=NSE\symbol=BHARTIARTL\part-035514_701662-001413.parquet,34543,downloaded,34543,
2026-07-17,NSE,BHARTIARTL,raw_l2/trade_date=2026-07-17/exchange=NSE/symbol=BHARTIARTL/part-035432_664611-001317.parquet,real_data_sample\l2_unseen_validation\trade_date=2026-07-17\exchange=NSE\symbol=BHARTIARTL\part-035432_664611-001317.parquet,34449,downloaded,34449,
2026-07-17,NSE,BHARTIARTL,raw_l2/trade_date=2026-07-17/exchange=NSE/symbol=BHARTIARTL/part-035500_731913-001381.parquet,real_data_sample\l2_unseen_validation\trade_date=2026-07-17\exchange=NSE\symbol=BHARTIARTL\part-035500_731913-001381.parquet,34576,downloaded,34576,
2026-07-17,NSE,BHARTIARTL,raw_l2/trade_date=2026-07-17/exchange=NSE/symbol=BHARTIARTL/part-035802_747930-001797.parquet,real_data_sample\l2_unseen_validation\trade_date=2026-07-17\exchange=NSE\symbol=BHARTIARTL\part-035802_747930-001797.parquet,34740,downloaded,34740,
2026-07-17,NSE,BHARTIARTL,raw_l2/trade_date=2026-07-17/exchange=NSE/symbol=BHARTIARTL/part-035418_915481-001285.parquet,real_data_sample\l2_unseen_validation\trade_date=2026-07-17\exchange=NSE\symbol=BHARTIARTL\part-035418_915481-001285.parquet,34431,downloaded,34431,
2026-07-17,NSE,BHARTIARTL,raw_l2/trade_date=2026-07-17/exchange=NSE/symbol=BHARTIARTL/part-035542_674077-001477.parquet,real_data_sample\l2_unseen_validation\trade_date=2026-07-17\exchange=NSE\symbol=BHARTIARTL\part-035542_674077-001477.parquet,34726,downloaded,34726,
2026-07-17,NSE,BHARTIARTL,raw_l2/trade_date=2026-07-17/exchange=NSE/symbol=BHARTIARTL/part-035734_281684-001733.parquet,real_data_sample\l2_unseen_validation\trade_date=2026-07-17\exchange=NSE\symbol=BHARTIARTL\part-035734_281684-001733.parquet,34737,downloaded,34737,
2026-07-17,NSE,BHARTIARTL,raw_l2/trade_date=2026-07-17/exchange=NSE/symbol=BHARTIARTL/part-035720_208925-001701.parquet,real_data_sample\l2_unseen_validation\trade_date=2026-07-17\exchange=NSE\symbol=BHARTIARTL\part-035720_208925-001701.parquet,34492,downloaded,34492,
2026-07-17,NSE,BHARTIARTL,raw_l2/trade_date=2026-07-17/exchange=NSE/symbol=BHARTIARTL/part-035610_446055-001541.parquet,real_data_sample\l2_unseen_validation\trade_date=2026-07-17\exchange=NSE\symbol=BHARTIARTL\part-035610_446055-001541.parquet,34647,downloaded,34647,
2026-07-17,NSE,BHARTIARTL,raw_l2/trade_date=2026-07-17/exchange=NSE/symbol=BHARTIARTL/part-035624_670692-001573.parquet,real_data_sample\l2_unseen_validation\trade_date=2026-07-17\exchange=NSE\symbol=BHARTIARTL\part-035624_670692-001573.parquet,34487,downloaded,34487,
2026-07-17,NSE,BHARTIARTL,raw_l2/trade_date=2026-07-17/exchange=NSE/symbol=BHARTIARTL/part-035528_678785-001445.parquet,real_data_sample\l2_unseen_validation\trade_date=2026-07-17\exchange=NSE\symbol=BHARTIARTL\part-035528_678785-001445.parquet,34485,downloaded,34485,
2026-07-17,NSE,BHARTIARTL,raw_l2/trade_date=2026-07-17/exchange=NSE/symbol=BHARTIARTL/part-035706_193832-001669.parquet,real_data_sample\l2_unseen_validation\trade_date=2026-07-17\exchange=NSE\symbol=BHARTIARTL\part-035706_193832-001669.parquet,34506,downloaded,34506,
2026-07-17,NSE,BHARTIARTL,raw_l2/trade_date=2026-07-17/exchange=NSE/symbol=BHARTIARTL/part-035556_419755-001509.parquet,real_data_sample\l2_unseen_validation\trade_date=2026-07-17\exchange=NSE\symbol=BHARTIARTL\part-035556_419755-001509.parquet,34722,downloaded,34722,
2026-07-17,NSE,BHARTIARTL,raw_l2/trade_date=2026-07-17/exchange=NSE/symbol=BHARTIARTL/part-035638_444461-001605.parquet,real_data_sample\l2_unseen_validation\trade_date=2026-07-17\exchange=NSE\symbol=BHARTIARTL\part-035638_444461-001605.parquet,34497,downloaded,34497,
2026-07-17,NSE,BHARTIARTL,raw_l2/trade_date=2026-07-17/exchange=NSE/symbol=BHARTIARTL/part-035652_435721-001637.parquet,real_data_sample\l2_unseen_validation\trade_date=2026-07-17\exchange=NSE\symbol=BHARTIARTL\part-035652_435721-001637.parquet,34539,downloaded,34539,
2026-07-17,NSE,BHARTIARTL,raw_l2/trade_date=2026-07-17/exchange=NSE/symbol=BHARTIARTL/part-035913_197014-001957.parquet,real_data_sample\l2_unseen_validation\trade_date=2026-07-17\exchange=NSE\symbol=BHARTIARTL\part-035913_197014-001957.parquet,34696,downloaded,34696,
2026-07-17,NSE,BHARTIARTL,raw_l2/trade_date=2026-07-17/exchange=NSE/symbol=BHARTIARTL/part-035748_467055-001765.parquet,real_data_sample\l2_unseen_validation\trade_date=2026-07-17\exchange=NSE\symbol=BHARTIARTL\part-035748_467055-001765.parquet,34704,downloaded,34704,
2026-07-17,NSE,BHARTIARTL,raw_l2/trade_date=2026-07-17/exchange=NSE/symbol=BHARTIARTL/part-035831_244888-001861.parquet,real_data_sample\l2_unseen_validation\trade_date=2026-07-17\exchange=NSE\symbol=BHARTIARTL\part-035831_244888-001861.parquet,34649,downloaded,34649,
2026-07-17,NSE,BHARTIARTL,raw_l2/trade_date=2026-07-17/exchange=NSE/symbol=BHARTIARTL/part-035845_192488-001893.parquet,real_data_sample\l2_unseen_validation\trade_date=2026-07-17\exchange=NSE\symbol=BHARTIARTL\part-035845_192488-001893.parquet,34722,downloaded,34722,
2026-07-17,NSE,BHARTIARTL,raw_l2/trade_date=2026-07-17/exchange=NSE/symbol=BHARTIARTL/part-035927_184347-001989.parquet,real_data_sample\l2_unseen_validation\trade_date=2026-07-17\exchange=NSE\symbol=BHARTIARTL\part-035927_184347-001989.parquet,34717,downloaded,34717,
2026-07-17,NSE,BHARTIARTL,raw_l2/trade_date=2026-07-17/exchange=NSE/symbol=BHARTIARTL/part-035859_215952-001925.parquet,real_data_sample\l2_unseen_validation\trade_date=2026-07-17\exchange=NSE\symbol=BHARTIARTL\part-035859_215952-001925.parquet,34738,downloaded,34738,
2026-07-17,NSE,BHARTIARTL,raw_l2/trade_date=2026-07-17/exchange=NSE/symbol=BHARTIARTL/part-035817_192016-001829.parquet,real_data_sample\l2_unseen_validation\trade_date=2026-07-17\exchange=NSE\symbol=BHARTIARTL\part-035817_192016-001829.parquet,34651,downloaded,34651,
2026-07-17,NSE,BANKBEES,raw_l2/trade_date=2026-07-17/exchange=NSE/symbol=BANKBEES/part-095741_145839-050404.parquet,real_data_sample\l2_unseen_validation\trade_date=2026-07-17\exchange=NSE\symbol=BANKBEES\part-095741_145839-050404.parquet,34289,downloaded,34289,
2026-07-17,NSE,BHARTIARTL,raw_l2/trade_date=2026-07-17/exchange=NSE/symbol=BHARTIARTL/part-035941_233673-002021.parquet,real_data_sample\l2_unseen_validation\trade_date=2026-07-17\exchange=NSE\symbol=BHARTIARTL\part-035941_233673-002021.parquet,34745,downloaded,34745,
2026-07-17,NSE,BHARTIARTL,raw_l2/trade_date=2026-07-17/exchange=NSE/symbol=BHARTIARTL/part-034625_654728-000197.parquet,real_data_sample\l2_unseen_validation\trade_date=2026-07-17\exchange=NSE\symbol=BHARTIARTL\part-034625_654728-000197.parquet,36659,downloaded,36659,
2026-07-17,NSE,BHARTIARTL,raw_l2/trade_date=2026-07-17/exchange=NSE/symbol=BHARTIARTL/part-035309_675279-001125.parquet,real_data_sample\l2_unseen_validation\trade_date=2026-07-17\exchange=NSE\symbol=BHARTIARTL\part-035309_675279-001125.parquet,34477,downloaded,34477,
2026-07-17,NSE,BHARTIARTL,raw_l2/trade_date=2026-07-17/exchange=NSE/symbol=BHARTIARTL/part-040023_478270-002117.parquet,real_data_sample\l2_unseen_validation\trade_date=2026-07-17\exchange=NSE\symbol=BHARTIARTL\part-040023_478270-002117.parquet,34530,downloaded,34530,
2026-07-17,NSE,BHARTIARTL,raw_l2/trade_date=2026-07-17/exchange=NSE/symbol=BHARTIARTL/part-040037_434094-002149.parquet,real_data_sample\l2_unseen_validation\trade_date=2026-07-17\exchange=NSE\symbol=BHARTIARTL\part-040037_434094-002149.parquet,34473,downloaded,34473,
2026-07-17,NSE,BHARTIARTL,raw_l2/trade_date=2026-07-17/exchange=NSE/symbol=BHARTIARTL/part-040104_955917-002213.parquet,real_data_sample\l2_unseen_validation\trade_date=2026-07-17\exchange=NSE\symbol=BHARTIARTL\part-040104_955917-002213.parquet,34451,downloaded,34451,
2026-07-17,NSE,BHARTIARTL,raw_l2/trade_date=2026-07-17/exchange=NSE/symbol=BHARTIARTL/part-040146_447111-002309.parquet,real_data_sample\l2_unseen_validation\trade_date=2026-07-17\exchange=NSE\symbol=BHARTIARTL\part-040146_447111-002309.parquet,34466,downloaded,34466,
2026-07-17,NSE,BHARTIARTL,raw_l2/trade_date=2026-07-17/exchange=NSE/symbol=BHARTIARTL/part-040051_144353-002181.parquet,real_data_sample\l2_unseen_validation\trade_date=2026-07-17\exchange=NSE\symbol=BHARTIARTL\part-040051_144353-002181.parquet,34689,downloaded,34689,
2026-07-17,NSE,BHARTIARTL,raw_l2/trade_date=2026-07-17/exchange=NSE/symbol=BHARTIARTL/part-040132_690206-002277.parquet,real_data_sample\l2_unseen_validation\trade_date=2026-07-17\exchange=NSE\symbol=BHARTIARTL\part-040132_690206-002277.parquet,34659,downloaded,34659,
2026-07-17,NSE,BHARTIARTL,raw_l2/trade_date=2026-07-17/exchange=NSE/symbol=BHARTIARTL/part-040118_917633-002245.parquet,real_data_sample\l2_unseen_validation\trade_date=2026-07-17\exchange=NSE\symbol=BHARTIARTL\part-040118_917633-002245.parquet,34702,downloaded,34702,
2026-07-17,NSE,BHARTIARTL,raw_l2/trade_date=2026-07-17/exchange=NSE/symbol=BHARTIARTL/part-040009_412066-002085.parquet,real_data_sample\l2_unseen_validation\trade_date=2026-07-17\exchange=NSE\symbol=BHARTIARTL\part-040009_412066-002085.parquet,34505,downloaded,34505,
2026-07-17,NSE,BHARTIARTL,raw_l2/trade_date=2026-07-17/exchange=NSE/symbol=BHARTIARTL/part-035955_186192-002053.parquet,real_data_sample\l2_unseen_validation\trade_date=2026-07-17\exchange=NSE\symbol=BHARTIARTL\part-035955_186192-002053.parquet,34677,downloaded,34677,
2026-07-17,NSE,BHARTIARTL,raw_l2/trade_date=2026-07-17/exchange=NSE/symbol=BHARTIARTL/part-040311_425844-002501.parquet,real_data_sample\l2_unseen_validation\trade_date=2026-07-17\exchange=NSE\symbol=BHARTIARTL\part-040311_425844-002501.parquet,34702,downloaded,34702,
2026-07-17,NSE,BHARTIARTL,raw_l2/trade_date=2026-07-17/exchange=NSE/symbol=BHARTIARTL/part-040242_479469-002437.parquet,real_data_sample\l2_unseen_validation\trade_date=2026-07-17\exchange=NSE\symbol=BHARTIARTL\part-040242_479469-002437.parquet,34736,downloaded,34736,
2026-07-17,NSE,BHARTIARTL,raw_l2/trade_date=2026-07-17/exchange=NSE/symbol=BHARTIARTL/part-040200_437931-002341.parquet,real_data_sample\l2_unseen_validation\trade_date=2026-07-17\exchange=NSE\symbol=BHARTIARTL\part-040200_437931-002341.parquet,34414,downloaded,34414,
2026-07-17,NSE,BHARTIARTL,raw_l2/trade_date=2026-07-17/exchange=NSE/symbol=BHARTIARTL/part-040256_743635-002469.parquet,real_data_sample\l2_unseen_validation\trade_date=2026-07-17\exchange=NSE\symbol=BHARTIARTL\part-040256_743635-002469.parquet,34727,downloaded,34727,
2026-07-17,NSE,BHARTIARTL,raw_l2/trade_date=2026-07-17/exchange=NSE/symbol=BHARTIARTL/part-040214_416273-002373.parquet,real_data_sample\l2_unseen_validation\trade_date=2026-07-17\exchange=NSE\symbol=BHARTIARTL\part-040214_416273-002373.parquet,34741,downloaded,34741,
2026-07-17,NSE,BHARTIARTL,raw_l2/trade_date=2026-07-17/exchange=NSE/symbol=BHARTIARTL/part-040228_185851-002405.parquet,real_data_sample\l2_unseen_validation\trade_date=2026-07-17\exchange=NSE\symbol=BHARTIARTL\part-040228_185851-002405.parquet,34485,downloaded,34485,
2026-07-17,NSE,BHARTIARTL,raw_l2/trade_date=2026-07-17/exchange=NSE/symbol=BHARTIARTL/part-040407_958289-002629.parquet,real_data_sample\l2_unseen_validation\trade_date=2026-07-17\exchange=NSE\symbol=BHARTIARTL\part-040407_958289-002629.parquet,34676,downloaded,34676,
2026-07-17,NSE,BHARTIARTL,raw_l2/trade_date=2026-07-17/exchange=NSE/symbol=BHARTIARTL/part-040518_246620-002789.parquet,real_data_sample\l2_unseen_validation\trade_date=2026-07-17\exchange=NSE\symbol=BHARTIARTL\part-040518_246620-002789.parquet,34675,downloaded,34675,
2026-07-17,NSE,BHARTIARTL,raw_l2/trade_date=2026-07-17/exchange=NSE/symbol=BHARTIARTL/part-040325_557951-002533.parquet,real_data_sample\l2_unseen_validation\trade_date=2026-07-17\exchange=NSE\symbol=BHARTIARTL\part-040325_557951-002533.parquet,34604,downloaded,34604,
2026-07-17,NSE,BHARTIARTL,raw_l2/trade_date=2026-07-17/exchange=NSE/symbol=BHARTIARTL/part-040421_911925-002661.parquet,real_data_sample\l2_unseen_validation\trade_date=2026-07-17\exchange=NSE\symbol=BHARTIARTL\part-040421_911925-002661.parquet,34601,downloaded,34601,
2026-07-17,NSE,BHARTIARTL,raw_l2/trade_date=2026-07-17/exchange=NSE/symbol=BHARTIARTL/part-040339_677632-002565.parquet,real_data_sample\l2_unseen_validation\trade_date=2026-07-17\exchange=NSE\symbol=BHARTIARTL\part-040339_677632-002565.parquet,34679,downloaded,34679,
2026-07-17,NSE,BHARTIARTL,raw_l2/trade_date=2026-07-17/exchange=NSE/symbol=BHARTIARTL/part-040532_445930-002821.parquet,real_data_sample\l2_unseen_validation\trade_date=2026-07-17\exchange=NSE\symbol=BHARTIARTL\part-040532_445930-002821.parquet,34623,downloaded,34623,
2026-07-17,NSE,BHARTIARTL,raw_l2/trade_date=2026-07-17/exchange=NSE/symbol=BHARTIARTL/part-040435_928333-002693.parquet,real_data_sample\l2_unseen_validation\trade_date=2026-07-17\exchange=NSE\symbol=BHARTIARTL\part-040435_928333-002693.parquet,34714,downloaded,34714,
2026-07-17,NSE,BHARTIARTL,raw_l2/trade_date=2026-07-17/exchange=NSE/symbol=BHARTIARTL/part-040449_911282-002725.parquet,real_data_sample\l2_unseen_validation\trade_date=2026-07-17\exchange=NSE\symbol=BHARTIARTL\part-040449_911282-002725.parquet,34739,downloaded,34739,
2026-07-17,NSE,BHARTIARTL,raw_l2/trade_date=2026-07-17/exchange=NSE/symbol=BHARTIARTL/part-040504_039118-002757.parquet,real_data_sample\l2_unseen_validation\trade_date=2026-07-17\exchange=NSE\symbol=BHARTIARTL\part-040504_039118-002757.parquet,34561,downloaded,34561,
2026-07-17,NSE,BHARTIARTL,raw_l2/trade_date=2026-07-17/exchange=NSE/symbol=BHARTIARTL/part-040614_418035-002917.parquet,real_data_sample\l2_unseen_validation\trade_date=2026-07-17\exchange=NSE\symbol=BHARTIARTL\part-040614_418035-002917.parquet,34649,downloaded,34649,
2026-07-17,NSE,BHARTIARTL,raw_l2/trade_date=2026-07-17/exchange=NSE/symbol=BHARTIARTL/part-040353_986931-002597.parquet,real_data_sample\l2_unseen_validation\trade_date=2026-07-17\exchange=NSE\symbol=BHARTIARTL\part-040353_986931-002597.parquet,34478,downloaded,34478,
2026-07-17,NSE,BHARTIARTL,raw_l2/trade_date=2026-07-17/exchange=NSE/symbol=BHARTIARTL/part-040546_433103-002853.parquet,real_data_sample\l2_unseen_validation\trade_date=2026-07-17\exchange=NSE\symbol=BHARTIARTL\part-040546_433103-002853.parquet,34580,downloaded,34580,
2026-07-17,NSE,BHARTIARTL,raw_l2/trade_date=2026-07-17/exchange=NSE/symbol=BHARTIARTL/part-040600_454811-002885.parquet,real_data_sample\l2_unseen_validation\trade_date=2026-07-17\exchange=NSE\symbol=BHARTIARTL\part-040600_454811-002885.parquet,34739,downloaded,34739,
2026-07-17,NSE,BHARTIARTL,raw_l2/trade_date=2026-07-17/exchange=NSE/symbol=BHARTIARTL/part-040642_186628-002981.parquet,real_data_sample\l2_unseen_validation\trade_date=2026-07-17\exchange=NSE\symbol=BHARTIARTL\part-040642_186628-002981.parquet,34714,downloaded,34714,
2026-07-17,NSE,BHARTIARTL,raw_l2/trade_date=2026-07-17/exchange=NSE/symbol=BHARTIARTL/part-040710_178035-003045.parquet,real_data_sample\l2_unseen_validation\trade_date=2026-07-17\exchange=NSE\symbol=BHARTIARTL\part-040710_178035-003045.parquet,34779,downloaded,34779,
2026-07-17,NSE,BHARTIARTL,raw_l2/trade_date=2026-07-17/exchange=NSE/symbol=BHARTIARTL/part-040724_237596-003077.parquet,real_data_sample\l2_unseen_validation\trade_date=2026-07-17\exchange=NSE\symbol=BHARTIARTL\part-040724_237596-003077.parquet,34502,downloaded,34502,
2026-07-17,NSE,BHARTIARTL,raw_l2/trade_date=2026-07-17/exchange=NSE/symbol=BHARTIARTL/part-040834_968382-003237.parquet,real_data_sample\l2_unseen_validation\trade_date=2026-07-17\exchange=NSE\symbol=BHARTIARTL\part-040834_968382-003237.parquet,34466,downloaded,34466,
2026-07-17,NSE,BHARTIARTL,raw_l2/trade_date=2026-07-17/exchange=NSE/symbol=BHARTIARTL/part-040903_487992-003301.parquet,real_data_sample\l2_unseen_validation\trade_date=2026-07-17\exchange=NSE\symbol=BHARTIARTL\part-040903_487992-003301.parquet,34702,downloaded,34702,
2026-07-17,NSE,BHARTIARTL,raw_l2/trade_date=2026-07-17/exchange=NSE/symbol=BHARTIARTL/part-040820_569568-003205.parquet,real_data_sample\l2_unseen_validation\trade_date=2026-07-17\exchange=NSE\symbol=BHARTIARTL\part-040820_569568-003205.parquet,34513,downloaded,34513,
2026-07-17,NSE,BHARTIARTL,raw_l2/trade_date=2026-07-17/exchange=NSE/symbol=BHARTIARTL/part-040849_194923-003269.parquet,real_data_sample\l2_unseen_validation\trade_date=2026-07-17\exchange=NSE\symbol=BHARTIARTL\part-040849_194923-003269.parquet,34777,downloaded,34777,
2026-07-17,NSE,BHARTIARTL,raw_l2/trade_date=2026-07-17/exchange=NSE/symbol=BHARTIARTL/part-040752_469811-003141.parquet,real_data_sample\l2_unseen_validation\trade_date=2026-07-17\exchange=NSE\symbol=BHARTIARTL\part-040752_469811-003141.parquet,34726,downloaded,34726,
2026-07-17,NSE,BHARTIARTL,raw_l2/trade_date=2026-07-17/exchange=NSE/symbol=BHARTIARTL/part-040806_429475-003173.parquet,real_data_sample\l2_unseen_validation\trade_date=2026-07-17\exchange=NSE\symbol=BHARTIARTL\part-040806_429475-003173.parquet,34512,downloaded,34512,
2026-07-17,NSE,BHARTIARTL,raw_l2/trade_date=2026-07-17/exchange=NSE/symbol=BHARTIARTL/part-040738_190084-003109.parquet,real_data_sample\l2_unseen_validation\trade_date=2026-07-17\exchange=NSE\symbol=BHARTIARTL\part-040738_190084-003109.parquet,34656,downloaded,34656,
2026-07-17,NSE,BHARTIARTL,raw_l2/trade_date=2026-07-17/exchange=NSE/symbol=BHARTIARTL/part-040656_177401-003013.parquet,real_data_sample\l2_unseen_validation\trade_date=2026-07-17\exchange=NSE\symbol=BHARTIARTL\part-040656_177401-003013.parquet,34486,downloaded,34486,
2026-07-17,NSE,BHARTIARTL,raw_l2/trade_date=2026-07-17/exchange=NSE/symbol=BHARTIARTL/part-041000_474500-003429.parquet,real_data_sample\l2_unseen_validation\trade_date=2026-07-17\exchange=NSE\symbol=BHARTIARTL\part-041000_474500-003429.parquet,34706,downloaded,34706,
2026-07-17,NSE,BHARTIARTL,raw_l2/trade_date=2026-07-17/exchange=NSE/symbol=BHARTIARTL/part-041056_957092-003557.parquet,real_data_sample\l2_unseen_validation\trade_date=2026-07-17\exchange=NSE\symbol=BHARTIARTL\part-041056_957092-003557.parquet,34738,downloaded,34738,
2026-07-17,NSE,BHARTIARTL,raw_l2/trade_date=2026-07-17/exchange=NSE/symbol=BHARTIARTL/part-041111_169022-003589.parquet,real_data_sample\l2_unseen_validation\trade_date=2026-07-17\exchange=NSE\symbol=BHARTIARTL\part-041111_169022-003589.parquet,34922,downloaded,34922,
2026-07-17,NSE,BHARTIARTL,raw_l2/trade_date=2026-07-17/exchange=NSE/symbol=BHARTIARTL/part-041028_511957-003493.parquet,real_data_sample\l2_unseen_validation\trade_date=2026-07-17\exchange=NSE\symbol=BHARTIARTL\part-041028_511957-003493.parquet,34663,downloaded,34663,
2026-07-17,NSE,BHARTIARTL,raw_l2/trade_date=2026-07-17/exchange=NSE/symbol=BHARTIARTL/part-040931_778385-003365.parquet,real_data_sample\l2_unseen_validation\trade_date=2026-07-17\exchange=NSE\symbol=BHARTIARTL\part-040931_778385-003365.parquet,34382,downloaded,34382,
2026-07-17,NSE,BHARTIARTL,raw_l2/trade_date=2026-07-17/exchange=NSE/symbol=BHARTIARTL/part-041014_465526-003461.parquet,real_data_sample\l2_unseen_validation\trade_date=2026-07-17\exchange=NSE\symbol=BHARTIARTL\part-041014_465526-003461.parquet,34568,downloaded,34568,
2026-07-17,NSE,BHARTIARTL,raw_l2/trade_date=2026-07-17/exchange=NSE/symbol=BHARTIARTL/part-040946_208606-003397.parquet,real_data_sample\l2_unseen_validation\trade_date=2026-07-17\exchange=NSE\symbol=BHARTIARTL\part-040946_208606-003397.parquet,34766,downloaded,34766,
2026-07-17,NSE,BHARTIARTL,raw_l2/trade_date=2026-07-17/exchange=NSE/symbol=BHARTIARTL/part-041042_793011-003525.parquet,real_data_sample\l2_unseen_validation\trade_date=2026-07-17\exchange=NSE\symbol=BHARTIARTL\part-041042_793011-003525.parquet,34744,downloaded,34744,
2026-07-17,NSE,BHARTIARTL,raw_l2/trade_date=2026-07-17/exchange=NSE/symbol=BHARTIARTL/part-041139_030434-003653.parquet,real_data_sample\l2_unseen_validation\trade_date=2026-07-17\exchange=NSE\symbol=BHARTIARTL\part-041139_030434-003653.parquet,35984,downloaded,35984,
2026-07-17,NSE,BHARTIARTL,raw_l2/trade_date=2026-07-17/exchange=NSE/symbol=BHARTIARTL/part-041125_163992-003621.parquet,real_data_sample\l2_unseen_validation\trade_date=2026-07-17\exchange=NSE\symbol=BHARTIARTL\part-041125_163992-003621.parquet,35374,downloaded,35374,
2026-07-17,NSE,BHARTIARTL,raw_l2/trade_date=2026-07-17/exchange=NSE/symbol=BHARTIARTL/part-041206_980644-003717.parquet,real_data_sample\l2_unseen_validation\trade_date=2026-07-17\exchange=NSE\symbol=BHARTIARTL\part-041206_980644-003717.parquet,35849,downloaded,35849,
2026-07-17,NSE,BHARTIARTL,raw_l2/trade_date=2026-07-17/exchange=NSE/symbol=BHARTIARTL/part-041152_964867-003685.parquet,real_data_sample\l2_unseen_validation\trade_date=2026-07-17\exchange=NSE\symbol=BHARTIARTL\part-041152_964867-003685.parquet,35861,downloaded,35861,
2026-07-17,NSE,BHARTIARTL,raw_l2/trade_date=2026-07-17/exchange=NSE/symbol=BHARTIARTL/part-041316_420942-003877.parquet,real_data_sample\l2_unseen_validation\trade_date=2026-07-17\exchange=NSE\symbol=BHARTIARTL\part-041316_420942-003877.parquet,35408,downloaded,35408,
2026-07-17,NSE,BHARTIARTL,raw_l2/trade_date=2026-07-17/exchange=NSE/symbol=BHARTIARTL/part-041220_934011-003749.parquet,real_data_sample\l2_unseen_validation\trade_date=2026-07-17\exchange=NSE\symbol=BHARTIARTL\part-041220_934011-003749.parquet,34878,downloaded,34878,
2026-07-17,NSE,BHARTIARTL,raw_l2/trade_date=2026-07-17/exchange=NSE/symbol=BHARTIARTL/part-041234_728151-003781.parquet,real_data_sample\l2_unseen_validation\trade_date=2026-07-17\exchange=NSE\symbol=BHARTIARTL\part-041234_728151-003781.parquet,34639,downloaded,34639,
2026-07-17,NSE,BHARTIARTL,raw_l2/trade_date=2026-07-17/exchange=NSE/symbol=BHARTIARTL/part-041302_463110-003845.parquet,real_data_sample\l2_unseen_validation\trade_date=2026-07-17\exchange=NSE\symbol=BHARTIARTL\part-041302_463110-003845.parquet,34375,downloaded,34375,
2026-07-17,NSE,BHARTIARTL,raw_l2/trade_date=2026-07-17/exchange=NSE/symbol=BHARTIARTL/part-041248_690013-003813.parquet,real_data_sample\l2_unseen_validation\trade_date=2026-07-17\exchange=NSE\symbol=BHARTIARTL\part-041248_690013-003813.parquet,34752,downloaded,34752,
2026-07-17,NSE,BHARTIARTL,raw_l2/trade_date=2026-07-17/exchange=NSE/symbol=BHARTIARTL/part-041344_462175-003941.parquet,real_data_sample\l2_unseen_validation\trade_date=2026-07-17\exchange=NSE\symbol=BHARTIARTL\part-041344_462175-003941.parquet,35748,downloaded,35748,
2026-07-17,NSE,BHARTIARTL,raw_l2/trade_date=2026-07-17/exchange=NSE/symbol=BHARTIARTL/part-041412_684836-004005.parquet,real_data_sample\l2_unseen_validation\trade_date=2026-07-17\exchange=NSE\symbol=BHARTIARTL\part-041412_684836-004005.parquet,35651,downloaded,35651,
2026-07-17,NSE,BHARTIARTL,raw_l2/trade_date=2026-07-17/exchange=NSE/symbol=BHARTIARTL/part-041330_496327-003909.parquet,real_data_sample\l2_unseen_validation\trade_date=2026-07-17\exchange=NSE\symbol=BHARTIARTL\part-041330_496327-003909.parquet,35987,downloaded,35987,
2026-07-17,NSE,BHARTIARTL,raw_l2/trade_date=2026-07-17/exchange=NSE/symbol=BHARTIARTL/part-041358_466417-003973.parquet,real_data_sample\l2_unseen_validation\trade_date=2026-07-17\exchange=NSE\symbol=BHARTIARTL\part-041358_466417-003973.parquet,35707,downloaded,35707,
2026-07-17,NSE,BHARTIARTL,raw_l2/trade_date=2026-07-17/exchange=NSE/symbol=BHARTIARTL/part-041426_699825-004037.parquet,real_data_sample\l2_unseen_validation\trade_date=2026-07-17\exchange=NSE\symbol=BHARTIARTL\part-041426_699825-004037.parquet,36024,downloaded,36024,
2026-07-17,NSE,BHARTIARTL,raw_l2/trade_date=2026-07-17/exchange=NSE/symbol=BHARTIARTL/part-041508_692064-004133.parquet,real_data_sample\l2_unseen_validation\trade_date=2026-07-17\exchange=NSE\symbol=BHARTIARTL\part-041508_692064-004133.parquet,35472,downloaded,35472,
2026-07-17,NSE,BHARTIARTL,raw_l2/trade_date=2026-07-17/exchange=NSE/symbol=BHARTIARTL/part-041454_672585-004101.parquet,real_data_sample\l2_unseen_validation\trade_date=2026-07-17\exchange=NSE\symbol=BHARTIARTL\part-041454_672585-004101.parquet,35939,downloaded,35939,
2026-07-17,NSE,BHARTIARTL,raw_l2/trade_date=2026-07-17/exchange=NSE/symbol=BHARTIARTL/part-041522_447443-004165.parquet,real_data_sample\l2_unseen_validation\trade_date=2026-07-17\exchange=NSE\symbol=BHARTIARTL\part-041522_447443-004165.parquet,36430,downloaded,36430,
2026-07-17,NSE,BHARTIARTL,raw_l2/trade_date=2026-07-17/exchange=NSE/symbol=BHARTIARTL/part-041440_723131-004069.parquet,real_data_sample\l2_unseen_validation\trade_date=2026-07-17\exchange=NSE\symbol=BHARTIARTL\part-041440_723131-004069.parquet,35293,downloaded,35293,
2026-07-17,NSE,BHARTIARTL,raw_l2/trade_date=2026-07-17/exchange=NSE/symbol=BHARTIARTL/part-041536_413254-004197.parquet,real_data_sample\l2_unseen_validation\trade_date=2026-07-17\exchange=NSE\symbol=BHARTIARTL\part-041536_413254-004197.parquet,36449,downloaded,36449,
2026-07-17,NSE,BHARTIARTL,raw_l2/trade_date=2026-07-17/exchange=NSE/symbol=BHARTIARTL/part-041605_463388-004261.parquet,real_data_sample\l2_unseen_validation\trade_date=2026-07-17\exchange=NSE\symbol=BHARTIARTL\part-041605_463388-004261.parquet,35079,downloaded,35079,
2026-07-17,NSE,BHARTIARTL,raw_l2/trade_date=2026-07-17/exchange=NSE/symbol=BHARTIARTL/part-041551_213040-004229.parquet,real_data_sample\l2_unseen_validation\trade_date=2026-07-17\exchange=NSE\symbol=BHARTIARTL\part-041551_213040-004229.parquet,35899,downloaded,35899,
2026-07-17,NSE,BHARTIARTL,raw_l2/trade_date=2026-07-17/exchange=NSE/symbol=BHARTIARTL/part-041646_697856-004357.parquet,real_data_sample\l2_unseen_validation\trade_date=2026-07-17\exchange=NSE\symbol=BHARTIARTL\part-041646_697856-004357.parquet,35646,downloaded,35646,
2026-07-17,NSE,BHARTIARTL,raw_l2/trade_date=2026-07-17/exchange=NSE/symbol=BHARTIARTL/part-041632_905282-004325.parquet,real_data_sample\l2_unseen_validation\trade_date=2026-07-17\exchange=NSE\symbol=BHARTIARTL\part-041632_905282-004325.parquet,35345,downloaded,35345,
2026-07-17,NSE,BHARTIARTL,raw_l2/trade_date=2026-07-17/exchange=NSE/symbol=BHARTIARTL/part-040917_455237-003333.parquet,real_data_sample\l2_unseen_validation\trade_date=2026-07-17\exchange=NSE\symbol=BHARTIARTL\part-040917_455237-003333.parquet,34683,downloaded,34683,
2026-07-17,NSE,BHARTIARTL,raw_l2/trade_date=2026-07-17/exchange=NSE/symbol=BHARTIARTL/part-040628_418359-002949.parquet,real_data_sample\l2_unseen_validation\trade_date=2026-07-17\exchange=NSE\symbol=BHARTIARTL\part-040628_418359-002949.parquet,34717,downloaded,34717,
2026-07-17,NSE,BHARTIARTL,raw_l2/trade_date=2026-07-17/exchange=NSE/symbol=BHARTIARTL/part-041742_675535-004485.parquet,real_data_sample\l2_unseen_validation\trade_date=2026-07-17\exchange=NSE\symbol=BHARTIARTL\part-041742_675535-004485.parquet,34523,downloaded,34523,
2026-07-17,NSE,BHARTIARTL,raw_l2/trade_date=2026-07-17/exchange=NSE/symbol=BHARTIARTL/part-041700_680752-004389.parquet,real_data_sample\l2_unseen_validation\trade_date=2026-07-17\exchange=NSE\symbol=BHARTIARTL\part-041700_680752-004389.parquet,35707,downloaded,35707,
2026-07-17,NSE,BHARTIARTL,raw_l2/trade_date=2026-07-17/exchange=NSE/symbol=BHARTIARTL/part-041714_414672-004421.parquet,real_data_sample\l2_unseen_validation\trade_date=2026-07-17\exchange=NSE\symbol=BHARTIARTL\part-041714_414672-004421.parquet,35431,downloaded,35431,
2026-07-17,NSE,BHARTIARTL,raw_l2/trade_date=2026-07-17/exchange=NSE/symbol=BHARTIARTL/part-041756_471446-004517.parquet,real_data_sample\l2_unseen_validation\trade_date=2026-07-17\exchange=NSE\symbol=BHARTIARTL\part-041756_471446-004517.parquet,34527,downloaded,34527,
2026-07-17,NSE,BHARTIARTL,raw_l2/trade_date=2026-07-17/exchange=NSE/symbol=BHARTIARTL/part-041728_659465-004453.parquet,real_data_sample\l2_unseen_validation\trade_date=2026-07-17\exchange=NSE\symbol=BHARTIARTL\part-041728_659465-004453.parquet,34749,downloaded,34749,
2026-07-17,NSE,BHARTIARTL,raw_l2/trade_date=2026-07-17/exchange=NSE/symbol=BHARTIARTL/part-041837_667918-004613.parquet,real_data_sample\l2_unseen_validation\trade_date=2026-07-17\exchange=NSE\symbol=BHARTIARTL\part-041837_667918-004613.parquet,35727,downloaded,35727,
2026-07-17,NSE,BHARTIARTL,raw_l2/trade_date=2026-07-17/exchange=NSE/symbol=BHARTIARTL/part-041823_932083-004581.parquet,real_data_sample\l2_unseen_validation\trade_date=2026-07-17\exchange=NSE\symbol=BHARTIARTL\part-041823_932083-004581.parquet,35769,downloaded,35769,
2026-07-17,NSE,BHARTIARTL,raw_l2/trade_date=2026-07-17/exchange=NSE/symbol=BHARTIARTL/part-041851_537037-004645.parquet,real_data_sample\l2_unseen_validation\trade_date=2026-07-17\exchange=NSE\symbol=BHARTIARTL\part-041851_537037-004645.parquet,35572,downloaded,35572,
2026-07-17,NSE,BHARTIARTL,raw_l2/trade_date=2026-07-17/exchange=NSE/symbol=BHARTIARTL/part-041810_150716-004549.parquet,real_data_sample\l2_unseen_validation\trade_date=2026-07-17\exchange=NSE\symbol=BHARTIARTL\part-041810_150716-004549.parquet,34648,downloaded,34648,
2026-07-17,NSE,BHARTIARTL,raw_l2/trade_date=2026-07-17/exchange=NSE/symbol=BHARTIARTL/part-041920_495773-004709.parquet,real_data_sample\l2_unseen_validation\trade_date=2026-07-17\exchange=NSE\symbol=BHARTIARTL\part-041920_495773-004709.parquet,34755,downloaded,34755,
2026-07-17,NSE,BHARTIARTL,raw_l2/trade_date=2026-07-17/exchange=NSE/symbol=BHARTIARTL/part-041934_731580-004741.parquet,real_data_sample\l2_unseen_validation\trade_date=2026-07-17\exchange=NSE\symbol=BHARTIARTL\part-041934_731580-004741.parquet,34499,downloaded,34499,
2026-07-17,NSE,BHARTIARTL,raw_l2/trade_date=2026-07-17/exchange=NSE/symbol=BHARTIARTL/part-042044_469259-004901.parquet,real_data_sample\l2_unseen_validation\trade_date=2026-07-17\exchange=NSE\symbol=BHARTIARTL\part-042044_469259-004901.parquet,34635,downloaded,34635,
2026-07-17,NSE,BHARTIARTL,raw_l2/trade_date=2026-07-17/exchange=NSE/symbol=BHARTIARTL/part-042030_451209-004869.parquet,real_data_sample\l2_unseen_validation\trade_date=2026-07-17\exchange=NSE\symbol=BHARTIARTL\part-042030_451209-004869.parquet,34686,downloaded,34686,
2026-07-17,NSE,BHARTIARTL,raw_l2/trade_date=2026-07-17/exchange=NSE/symbol=BHARTIARTL/part-041619_166175-004293.parquet,real_data_sample\l2_unseen_validation\trade_date=2026-07-17\exchange=NSE\symbol=BHARTIARTL\part-041619_166175-004293.parquet,35228,downloaded,35228,
2026-07-17,NSE,BHARTIARTL,raw_l2/trade_date=2026-07-17/exchange=NSE/symbol=BHARTIARTL/part-042016_734526-004837.parquet,real_data_sample\l2_unseen_validation\trade_date=2026-07-17\exchange=NSE\symbol=BHARTIARTL\part-042016_734526-004837.parquet,34734,downloaded,34734,
2026-07-17,NSE,BHARTIARTL,raw_l2/trade_date=2026-07-17/exchange=NSE/symbol=BHARTIARTL/part-042058_164615-004933.parquet,real_data_sample\l2_unseen_validation\trade_date=2026-07-17\exchange=NSE\symbol=BHARTIARTL\part-042058_164615-004933.parquet,34556,downloaded,34556,
2026-07-17,NSE,BHARTIARTL,raw_l2/trade_date=2026-07-17/exchange=NSE/symbol=BHARTIARTL/part-042002_737982-004805.parquet,real_data_sample\l2_unseen_validation\trade_date=2026-07-17\exchange=NSE\symbol=BHARTIARTL\part-042002_737982-004805.parquet,34733,downloaded,34733,
2026-07-17,NSE,BHARTIARTL,raw_l2/trade_date=2026-07-17/exchange=NSE/symbol=BHARTIARTL/part-042125_685099-004997.parquet,real_data_sample\l2_unseen_validation\trade_date=2026-07-17\exchange=NSE\symbol=BHARTIARTL\part-042125_685099-004997.parquet,34721,downloaded,34721,
2026-07-17,NSE,BHARTIARTL,raw_l2/trade_date=2026-07-17/exchange=NSE/symbol=BHARTIARTL/part-042111_915744-004965.parquet,real_data_sample\l2_unseen_validation\trade_date=2026-07-17\exchange=NSE\symbol=BHARTIARTL\part-042111_915744-004965.parquet,34745,downloaded,34745,
2026-07-17,NSE,BHARTIARTL,raw_l2/trade_date=2026-07-17/exchange=NSE/symbol=BHARTIARTL/part-042153_928700-005061.parquet,real_data_sample\l2_unseen_validation\trade_date=2026-07-17\exchange=NSE\symbol=BHARTIARTL\part-042153_928700-005061.parquet,34746,downloaded,34746,
2026-07-17,NSE,BHARTIARTL,raw_l2/trade_date=2026-07-17/exchange=NSE/symbol=BHARTIARTL/part-041906_216412-004677.parquet,real_data_sample\l2_unseen_validation\trade_date=2026-07-17\exchange=NSE\symbol=BHARTIARTL\part-041906_216412-004677.parquet,35926,downloaded,35926,
2026-07-17,NSE,BHARTIARTL,raw_l2/trade_date=2026-07-17/exchange=NSE/symbol=BHARTIARTL/part-042139_926730-005029.parquet,real_data_sample\l2_unseen_validation\trade_date=2026-07-17\exchange=NSE\symbol=BHARTIARTL\part-042139_926730-005029.parquet,34754,downloaded,34754,
2026-07-17,NSE,BHARTIARTL,raw_l2/trade_date=2026-07-17/exchange=NSE/symbol=BHARTIARTL/part-042221_902788-005125.parquet,real_data_sample\l2_unseen_validation\trade_date=2026-07-17\exchange=NSE\symbol=BHARTIARTL\part-042221_902788-005125.parquet,35994,downloaded,35994,
2026-07-17,NSE,BHARTIARTL,raw_l2/trade_date=2026-07-17/exchange=NSE/symbol=BHARTIARTL/part-042207_927009-005093.parquet,real_data_sample\l2_unseen_validation\trade_date=2026-07-17\exchange=NSE\symbol=BHARTIARTL\part-042207_927009-005093.parquet,34527,downloaded,34527,
2026-07-17,NSE,BHARTIARTL,raw_l2/trade_date=2026-07-17/exchange=NSE/symbol=BHARTIARTL/part-042331_666689-005285.parquet,real_data_sample\l2_unseen_validation\trade_date=2026-07-17\exchange=NSE\symbol=BHARTIARTL\part-042331_666689-005285.parquet,35920,downloaded,35920,
2026-07-17,NSE,BHARTIARTL,raw_l2/trade_date=2026-07-17/exchange=NSE/symbol=BHARTIARTL/part-041948_721270-004773.parquet,real_data_sample\l2_unseen_validation\trade_date=2026-07-17\exchange=NSE\symbol=BHARTIARTL\part-041948_721270-004773.parquet,34448,downloaded,34448,
2026-07-17,NSE,BHARTIARTL,raw_l2/trade_date=2026-07-17/exchange=NSE/symbol=BHARTIARTL/part-042303_666903-005221.parquet,real_data_sample\l2_unseen_validation\trade_date=2026-07-17\exchange=NSE\symbol=BHARTIARTL\part-042303_666903-005221.parquet,35682,downloaded,35682,
2026-07-17,NSE,BHARTIARTL,raw_l2/trade_date=2026-07-17/exchange=NSE/symbol=BHARTIARTL/part-042235_931577-005157.parquet,real_data_sample\l2_unseen_validation\trade_date=2026-07-17\exchange=NSE\symbol=BHARTIARTL\part-042235_931577-005157.parquet,35735,downloaded,35735,
2026-07-17,NSE,BHARTIARTL,raw_l2/trade_date=2026-07-17/exchange=NSE/symbol=BHARTIARTL/part-042317_724635-005253.parquet,real_data_sample\l2_unseen_validation\trade_date=2026-07-17\exchange=NSE\symbol=BHARTIARTL\part-042317_724635-005253.parquet,36539,downloaded,36539,
2026-07-17,NSE,BHARTIARTL,raw_l2/trade_date=2026-07-17/exchange=NSE/symbol=BHARTIARTL/part-042249_703202-005189.parquet,real_data_sample\l2_unseen_validation\trade_date=2026-07-17\exchange=NSE\symbol=BHARTIARTL\part-042249_703202-005189.parquet,35758,downloaded,35758,
2026-07-17,NSE,BHARTIARTL,raw_l2/trade_date=2026-07-17/exchange=NSE/symbol=BHARTIARTL/part-042413_476579-005381.parquet,real_data_sample\l2_unseen_validation\trade_date=2026-07-17\exchange=NSE\symbol=BHARTIARTL\part-042413_476579-005381.parquet,35617,downloaded,35617,
2026-07-17,NSE,BHARTIARTL,raw_l2/trade_date=2026-07-17/exchange=NSE/symbol=BHARTIARTL/part-042455_153107-005477.parquet,real_data_sample\l2_unseen_validation\trade_date=2026-07-17\exchange=NSE\symbol=BHARTIARTL\part-042455_153107-005477.parquet,35919,downloaded,35919,
2026-07-17,NSE,BHARTIARTL,raw_l2/trade_date=2026-07-17/exchange=NSE/symbol=BHARTIARTL/part-042508_933300-005509.parquet,real_data_sample\l2_unseen_validation\trade_date=2026-07-17\exchange=NSE\symbol=BHARTIARTL\part-042508_933300-005509.parquet,35656,downloaded,35656,
2026-07-17,NSE,BHARTIARTL,raw_l2/trade_date=2026-07-17/exchange=NSE/symbol=BHARTIARTL/part-042441_492694-005445.parquet,real_data_sample\l2_unseen_validation\trade_date=2026-07-17\exchange=NSE\symbol=BHARTIARTL\part-042441_492694-005445.parquet,35945,downloaded,35945,
2026-07-17,NSE,BHARTIARTL,raw_l2/trade_date=2026-07-17/exchange=NSE/symbol=BHARTIARTL/part-042427_436750-005413.parquet,real_data_sample\l2_unseen_validation\trade_date=2026-07-17\exchange=NSE\symbol=BHARTIARTL\part-042427_436750-005413.parquet,35937,downloaded,35937,
2026-07-17,NSE,BHARTIARTL,raw_l2/trade_date=2026-07-17/exchange=NSE/symbol=BHARTIARTL/part-042522_733553-005541.parquet,real_data_sample\l2_unseen_validation\trade_date=2026-07-17\exchange=NSE\symbol=BHARTIARTL\part-042522_733553-005541.parquet,34726,downloaded,34726,
2026-07-17,NSE,BHARTIARTL,raw_l2/trade_date=2026-07-17/exchange=NSE/symbol=BHARTIARTL/part-042536_950848-005573.parquet,real_data_sample\l2_unseen_validation\trade_date=2026-07-17\exchange=NSE\symbol=BHARTIARTL\part-042536_950848-005573.parquet,34755,downloaded,34755,
2026-07-17,NSE,BHARTIARTL,raw_l2/trade_date=2026-07-17/exchange=NSE/symbol=BHARTIARTL/part-042550_914995-005605.parquet,real_data_sample\l2_unseen_validation\trade_date=2026-07-17\exchange=NSE\symbol=BHARTIARTL\part-042550_914995-005605.parquet,34670,downloaded,34670,
2026-07-17,NSE,BHARTIARTL,raw_l2/trade_date=2026-07-17/exchange=NSE/symbol=BHARTIARTL/part-042605_022885-005637.parquet,real_data_sample\l2_unseen_validation\trade_date=2026-07-17\exchange=NSE\symbol=BHARTIARTL\part-042605_022885-005637.parquet,34785,downloaded,34785,
2026-07-17,NSE,BHARTIARTL,raw_l2/trade_date=2026-07-17/exchange=NSE/symbol=BHARTIARTL/part-042618_944750-005669.parquet,real_data_sample\l2_unseen_validation\trade_date=2026-07-17\exchange=NSE\symbol=BHARTIARTL\part-042618_944750-005669.parquet,35506,downloaded,35506,
2026-07-17,NSE,BHARTIARTL,raw_l2/trade_date=2026-07-17/exchange=NSE/symbol=BHARTIARTL/part-042345_672854-005317.parquet,real_data_sample\l2_unseen_validation\trade_date=2026-07-17\exchange=NSE\symbol=BHARTIARTL\part-042345_672854-005317.parquet,35440,downloaded,35440,
2026-07-17,NSE,BHARTIARTL,raw_l2/trade_date=2026-07-17/exchange=NSE/symbol=BHARTIARTL/part-042359_664775-005349.parquet,real_data_sample\l2_unseen_validation\trade_date=2026-07-17\exchange=NSE\symbol=BHARTIARTL\part-042359_664775-005349.parquet,35137,downloaded,35137,
2026-07-17,NSE,BHARTIARTL,raw_l2/trade_date=2026-07-17/exchange=NSE/symbol=BHARTIARTL/part-042810_665580-005925.parquet,real_data_sample\l2_unseen_validation\trade_date=2026-07-17\exchange=NSE\symbol=BHARTIARTL\part-042810_665580-005925.parquet,35360,downloaded,35360,
2026-07-17,NSE,BHARTIARTL,raw_l2/trade_date=2026-07-17/exchange=NSE/symbol=BHARTIARTL/part-042852_680132-006021.parquet,real_data_sample\l2_unseen_validation\trade_date=2026-07-17\exchange=NSE\symbol=BHARTIARTL\part-042852_680132-006021.parquet,34529,downloaded,34529,
2026-07-17,NSE,BHARTIARTL,raw_l2/trade_date=2026-07-17/exchange=NSE/symbol=BHARTIARTL/part-042838_678905-005989.parquet,real_data_sample\l2_unseen_validation\trade_date=2026-07-17\exchange=NSE\symbol=BHARTIARTL\part-042838_678905-005989.parquet,34471,downloaded,34471,
2026-07-17,NSE,BHARTIARTL,raw_l2/trade_date=2026-07-17/exchange=NSE/symbol=BHARTIARTL/part-042906_468792-006053.parquet,real_data_sample\l2_unseen_validation\trade_date=2026-07-17\exchange=NSE\symbol=BHARTIARTL\part-042906_468792-006053.parquet,34451,downloaded,34451,
2026-07-17,NSE,BHARTIARTL,raw_l2/trade_date=2026-07-17/exchange=NSE/symbol=BHARTIARTL/part-042647_188150-005733.parquet,real_data_sample\l2_unseen_validation\trade_date=2026-07-17\exchange=NSE\symbol=BHARTIARTL\part-042647_188150-005733.parquet,36084,downloaded,36084,
2026-07-17,NSE,BHARTIARTL,raw_l2/trade_date=2026-07-17/exchange=NSE/symbol=BHARTIARTL/part-042934_428072-006117.parquet,real_data_sample\l2_unseen_validation\trade_date=2026-07-17\exchange=NSE\symbol=BHARTIARTL\part-042934_428072-006117.parquet,34781,downloaded,34781,
2026-07-17,NSE,BHARTIARTL,raw_l2/trade_date=2026-07-17/exchange=NSE/symbol=BHARTIARTL/part-042756_934727-005893.parquet,real_data_sample\l2_unseen_validation\trade_date=2026-07-17\exchange=NSE\symbol=BHARTIARTL\part-042756_934727-005893.parquet,35707,downloaded,35707,
2026-07-17,NSE,BHARTIARTL,raw_l2/trade_date=2026-07-17/exchange=NSE/symbol=BHARTIARTL/part-042729_220818-005829.parquet,real_data_sample\l2_unseen_validation\trade_date=2026-07-17\exchange=NSE\symbol=BHARTIARTL\part-042729_220818-005829.parquet,35516,downloaded,35516,
2026-07-17,NSE,BHARTIARTL,raw_l2/trade_date=2026-07-17/exchange=NSE/symbol=BHARTIARTL/part-042633_202829-005701.parquet,real_data_sample\l2_unseen_validation\trade_date=2026-07-17\exchange=NSE\symbol=BHARTIARTL\part-042633_202829-005701.parquet,36400,downloaded,36400,
2026-07-17,NSE,BHARTIARTL,raw_l2/trade_date=2026-07-17/exchange=NSE/symbol=BHARTIARTL/part-042701_223680-005765.parquet,real_data_sample\l2_unseen_validation\trade_date=2026-07-17\exchange=NSE\symbol=BHARTIARTL\part-042701_223680-005765.parquet,35424,downloaded,35424,
2026-07-17,NSE,BHARTIARTL,raw_l2/trade_date=2026-07-17/exchange=NSE/symbol=BHARTIARTL/part-042948_447972-006149.parquet,real_data_sample\l2_unseen_validation\trade_date=2026-07-17\exchange=NSE\symbol=BHARTIARTL\part-042948_447972-006149.parquet,34462,downloaded,34462,
2026-07-17,NSE,BHARTIARTL,raw_l2/trade_date=2026-07-17/exchange=NSE/symbol=BHARTIARTL/part-042743_160768-005861.parquet,real_data_sample\l2_unseen_validation\trade_date=2026-07-17\exchange=NSE\symbol=BHARTIARTL\part-042743_160768-005861.parquet,36061,downloaded,36061,
2026-07-17,NSE,BHARTIARTL,raw_l2/trade_date=2026-07-17/exchange=NSE/symbol=BHARTIARTL/part-043030_685437-006245.parquet,real_data_sample\l2_unseen_validation\trade_date=2026-07-17\exchange=NSE\symbol=BHARTIARTL\part-043030_685437-006245.parquet,34714,downloaded,34714,
2026-07-17,NSE,BHARTIARTL,raw_l2/trade_date=2026-07-17/exchange=NSE/symbol=BHARTIARTL/part-042920_495587-006085.parquet,real_data_sample\l2_unseen_validation\trade_date=2026-07-17\exchange=NSE\symbol=BHARTIARTL\part-042920_495587-006085.parquet,34625,downloaded,34625,
2026-07-17,NSE,BHARTIARTL,raw_l2/trade_date=2026-07-17/exchange=NSE/symbol=BHARTIARTL/part-043016_717008-006213.parquet,real_data_sample\l2_unseen_validation\trade_date=2026-07-17\exchange=NSE\symbol=BHARTIARTL\part-043016_717008-006213.parquet,34742,downloaded,34742,
2026-07-17,NSE,BHARTIARTL,raw_l2/trade_date=2026-07-17/exchange=NSE/symbol=BHARTIARTL/part-042824_733030-005957.parquet,real_data_sample\l2_unseen_validation\trade_date=2026-07-17\exchange=NSE\symbol=BHARTIARTL\part-042824_733030-005957.parquet,34695,downloaded,34695,
2026-07-17,NSE,BHARTIARTL,raw_l2/trade_date=2026-07-17/exchange=NSE/symbol=BHARTIARTL/part-043002_446412-006181.parquet,real_data_sample\l2_unseen_validation\trade_date=2026-07-17\exchange=NSE\symbol=BHARTIARTL\part-043002_446412-006181.parquet,34819,downloaded,34819,
2026-07-17,NSE,BHARTIARTL,raw_l2/trade_date=2026-07-17/exchange=NSE/symbol=BHARTIARTL/part-043208_430732-006469.parquet,real_data_sample\l2_unseen_validation\trade_date=2026-07-17\exchange=NSE\symbol=BHARTIARTL\part-043208_430732-006469.parquet,34808,downloaded,34808,
2026-07-17,NSE,BHARTIARTL,raw_l2/trade_date=2026-07-17/exchange=NSE/symbol=BHARTIARTL/part-043222_717263-006501.parquet,real_data_sample\l2_unseen_validation\trade_date=2026-07-17\exchange=NSE\symbol=BHARTIARTL\part-043222_717263-006501.parquet,34740,downloaded,34740,
2026-07-17,NSE,BHARTIARTL,raw_l2/trade_date=2026-07-17/exchange=NSE/symbol=BHARTIARTL/part-043250_918835-006565.parquet,real_data_sample\l2_unseen_validation\trade_date=2026-07-17\exchange=NSE\symbol=BHARTIARTL\part-043250_918835-006565.parquet,34607,downloaded,34607,
2026-07-17,NSE,BHARTIARTL,raw_l2/trade_date=2026-07-17/exchange=NSE/symbol=BHARTIARTL/part-043236_964860-006533.parquet,real_data_sample\l2_unseen_validation\trade_date=2026-07-17\exchange=NSE\symbol=BHARTIARTL\part-043236_964860-006533.parquet,34635,downloaded,34635,
2026-07-17,NSE,BHARTIARTL,raw_l2/trade_date=2026-07-17/exchange=NSE/symbol=BHARTIARTL/part-043126_424674-006373.parquet,real_data_sample\l2_unseen_validation\trade_date=2026-07-17\exchange=NSE\symbol=BHARTIARTL\part-043126_424674-006373.parquet,34456,downloaded,34456,
2026-07-17,NSE,BHARTIARTL,raw_l2/trade_date=2026-07-17/exchange=NSE/symbol=BHARTIARTL/part-043044_418578-006277.parquet,real_data_sample\l2_unseen_validation\trade_date=2026-07-17\exchange=NSE\symbol=BHARTIARTL\part-043044_418578-006277.parquet,34698,downloaded,34698,
2026-07-17,NSE,BHARTIARTL,raw_l2/trade_date=2026-07-17/exchange=NSE/symbol=BHARTIARTL/part-043304_696767-006597.parquet,real_data_sample\l2_unseen_validation\trade_date=2026-07-17\exchange=NSE\symbol=BHARTIARTL\part-043304_696767-006597.parquet,34473,downloaded,34473,
2026-07-17,NSE,BHARTIARTL,raw_l2/trade_date=2026-07-17/exchange=NSE/symbol=BHARTIARTL/part-043112_182572-006341.parquet,real_data_sample\l2_unseen_validation\trade_date=2026-07-17\exchange=NSE\symbol=BHARTIARTL\part-043112_182572-006341.parquet,34625,downloaded,34625,
2026-07-17,NSE,BHARTIARTL,raw_l2/trade_date=2026-07-17/exchange=NSE/symbol=BHARTIARTL/part-043058_181932-006309.parquet,real_data_sample\l2_unseen_validation\trade_date=2026-07-17\exchange=NSE\symbol=BHARTIARTL\part-043058_181932-006309.parquet,34522,downloaded,34522,
2026-07-17,NSE,BHARTIARTL,raw_l2/trade_date=2026-07-17/exchange=NSE/symbol=BHARTIARTL/part-043154_421348-006437.parquet,real_data_sample\l2_unseen_validation\trade_date=2026-07-17\exchange=NSE\symbol=BHARTIARTL\part-043154_421348-006437.parquet,34482,downloaded,34482,
2026-07-17,NSE,BHARTIARTL,raw_l2/trade_date=2026-07-17/exchange=NSE/symbol=BHARTIARTL/part-043140_500754-006405.parquet,real_data_sample\l2_unseen_validation\trade_date=2026-07-17\exchange=NSE\symbol=BHARTIARTL\part-043140_500754-006405.parquet,34701,downloaded,34701,
2026-07-17,NSE,BHARTIARTL,raw_l2/trade_date=2026-07-17/exchange=NSE/symbol=BHARTIARTL/part-043318_743920-006629.parquet,real_data_sample\l2_unseen_validation\trade_date=2026-07-17\exchange=NSE\symbol=BHARTIARTL\part-043318_743920-006629.parquet,34638,downloaded,34638,
2026-07-17,NSE,BHARTIARTL,raw_l2/trade_date=2026-07-17/exchange=NSE/symbol=BHARTIARTL/part-043332_931894-006661.parquet,real_data_sample\l2_unseen_validation\trade_date=2026-07-17\exchange=NSE\symbol=BHARTIARTL\part-043332_931894-006661.parquet,34551,downloaded,34551,
2026-07-17,NSE,BHARTIARTL,raw_l2/trade_date=2026-07-17/exchange=NSE/symbol=BHARTIARTL/part-042715_213408-005797.parquet,real_data_sample\l2_unseen_validation\trade_date=2026-07-17\exchange=NSE\symbol=BHARTIARTL\part-042715_213408-005797.parquet,35149,downloaded,35149,
2026-07-17,NSE,BHARTIARTL,raw_l2/trade_date=2026-07-17/exchange=NSE/symbol=BHARTIARTL/part-043346_973204-006693.parquet,real_data_sample\l2_unseen_validation\trade_date=2026-07-17\exchange=NSE\symbol=BHARTIARTL\part-043346_973204-006693.parquet,34500,downloaded,34500,
2026-07-17,NSE,BHARTIARTL,raw_l2/trade_date=2026-07-17/exchange=NSE/symbol=BHARTIARTL/part-043400_951382-006725.parquet,real_data_sample\l2_unseen_validation\trade_date=2026-07-17\exchange=NSE\symbol=BHARTIARTL\part-043400_951382-006725.parquet,34549,downloaded,34549,
2026-07-17,NSE,BHARTIARTL,raw_l2/trade_date=2026-07-17/exchange=NSE/symbol=BHARTIARTL/part-044016_663728-007589.parquet,real_data_sample\l2_unseen_validation\trade_date=2026-07-17\exchange=NSE\symbol=BHARTIARTL\part-044016_663728-007589.parquet,34684,downloaded,34684,
2026-07-17,NSE,BHARTIARTL,raw_l2/trade_date=2026-07-17/exchange=NSE/symbol=BHARTIARTL/part-043442_964079-006821.parquet,real_data_sample\l2_unseen_validation\trade_date=2026-07-17\exchange=NSE\symbol=BHARTIARTL\part-043442_964079-006821.parquet,34501,downloaded,34501,
2026-07-17,NSE,BHARTIARTL,raw_l2/trade_date=2026-07-17/exchange=NSE/symbol=BHARTIARTL/part-043428_976882-006789.parquet,real_data_sample\l2_unseen_validation\trade_date=2026-07-17\exchange=NSE\symbol=BHARTIARTL\part-043428_976882-006789.parquet,34697,downloaded,34697,
2026-07-17,NSE,BHARTIARTL,raw_l2/trade_date=2026-07-17/exchange=NSE/symbol=BHARTIARTL/part-043620_182577-007045.parquet,real_data_sample\l2_unseen_validation\trade_date=2026-07-17\exchange=NSE\symbol=BHARTIARTL\part-043620_182577-007045.parquet,34573,downloaded,34573,
2026-07-17,NSE,BHARTIARTL,raw_l2/trade_date=2026-07-17/exchange=NSE/symbol=BHARTIARTL/part-043456_715551-006853.parquet,real_data_sample\l2_unseen_validation\trade_date=2026-07-17\exchange=NSE\symbol=BHARTIARTL\part-043456_715551-006853.parquet,34567,downloaded,34567,
2026-07-17,NSE,BHARTIARTL,raw_l2/trade_date=2026-07-17/exchange=NSE/symbol=BHARTIARTL/part-043716_179537-007173.parquet,real_data_sample\l2_unseen_validation\trade_date=2026-07-17\exchange=NSE\symbol=BHARTIARTL\part-043716_179537-007173.parquet,34412,downloaded,34412,
2026-07-17,NSE,BHARTIARTL,raw_l2/trade_date=2026-07-17/exchange=NSE/symbol=BHARTIARTL/part-043647_923866-007109.parquet,real_data_sample\l2_unseen_validation\trade_date=2026-07-17\exchange=NSE\symbol=BHARTIARTL\part-043647_923866-007109.parquet,34623,downloaded,34623,
2026-07-17,NSE,BHARTIARTL,raw_l2/trade_date=2026-07-17/exchange=NSE/symbol=BHARTIARTL/part-044030_433510-007621.parquet,real_data_sample\l2_unseen_validation\trade_date=2026-07-17\exchange=NSE\symbol=BHARTIARTL\part-044030_433510-007621.parquet,34652,downloaded,34652,
2026-07-17,NSE,BHARTIARTL,raw_l2/trade_date=2026-07-17/exchange=NSE/symbol=BHARTIARTL/part-043510_438012-006885.parquet,real_data_sample\l2_unseen_validation\trade_date=2026-07-17\exchange=NSE\symbol=BHARTIARTL\part-043510_438012-006885.parquet,34496,downloaded,34496,
2026-07-17,NSE,BHARTIARTL,raw_l2/trade_date=2026-07-17/exchange=NSE/symbol=BHARTIARTL/part-043414_997069-006757.parquet,real_data_sample\l2_unseen_validation\trade_date=2026-07-17\exchange=NSE\symbol=BHARTIARTL\part-043414_997069-006757.parquet,34621,downloaded,34621,
2026-07-17,NSE,BHARTIARTL,raw_l2/trade_date=2026-07-17/exchange=NSE/symbol=BHARTIARTL/part-043757_685868-007269.parquet,real_data_sample\l2_unseen_validation\trade_date=2026-07-17\exchange=NSE\symbol=BHARTIARTL\part-043757_685868-007269.parquet,34697,downloaded,34697,
2026-07-17,NSE,BHARTIARTL,raw_l2/trade_date=2026-07-17/exchange=NSE/symbol=BHARTIARTL/part-043702_229089-007141.parquet,real_data_sample\l2_unseen_validation\trade_date=2026-07-17\exchange=NSE\symbol=BHARTIARTL\part-043702_229089-007141.parquet,34796,downloaded,34796,
2026-07-17,NSE,BHARTIARTL,raw_l2/trade_date=2026-07-17/exchange=NSE/symbol=BHARTIARTL/part-043949_162687-007525.parquet,real_data_sample\l2_unseen_validation\trade_date=2026-07-17\exchange=NSE\symbol=BHARTIARTL\part-043949_162687-007525.parquet,34737,downloaded,34737,
2026-07-17,NSE,BHARTIARTL,raw_l2/trade_date=2026-07-17/exchange=NSE/symbol=BHARTIARTL/part-044044_159254-007653.parquet,real_data_sample\l2_unseen_validation\trade_date=2026-07-17\exchange=NSE\symbol=BHARTIARTL\part-044044_159254-007653.parquet,34667,downloaded,34667,
2026-07-17,NSE,BHARTIARTL,raw_l2/trade_date=2026-07-17/exchange=NSE/symbol=BHARTIARTL/part-043552_196970-006981.parquet,real_data_sample\l2_unseen_validation\trade_date=2026-07-17\exchange=NSE\symbol=BHARTIARTL\part-043552_196970-006981.parquet,34663,downloaded,34663,
2026-07-17,NSE,BHARTIARTL,raw_l2/trade_date=2026-07-17/exchange=NSE/symbol=BHARTIARTL/part-043811_418399-007301.parquet,real_data_sample\l2_unseen_validation\trade_date=2026-07-17\exchange=NSE\symbol=BHARTIARTL\part-043811_418399-007301.parquet,34669,downloaded,34669,
2026-07-17,NSE,BHARTIARTL,raw_l2/trade_date=2026-07-17/exchange=NSE/symbol=BHARTIARTL/part-043826_147432-007333.parquet,real_data_sample\l2_unseen_validation\trade_date=2026-07-17\exchange=NSE\symbol=BHARTIARTL\part-043826_147432-007333.parquet,34751,downloaded,34751,
2026-07-17,NSE,BHARTIARTL,raw_l2/trade_date=2026-07-17/exchange=NSE/symbol=BHARTIARTL/part-044002_919479-007557.parquet,real_data_sample\l2_unseen_validation\trade_date=2026-07-17\exchange=NSE\symbol=BHARTIARTL\part-044002_919479-007557.parquet,34745,downloaded,34745,
2026-07-17,NSE,BHARTIARTL,raw_l2/trade_date=2026-07-17/exchange=NSE/symbol=BHARTIARTL/part-043524_472089-006917.parquet,real_data_sample\l2_unseen_validation\trade_date=2026-07-17\exchange=NSE\symbol=BHARTIARTL\part-043524_472089-006917.parquet,34611,downloaded,34611,
2026-07-17,NSE,BHARTIARTL,raw_l2/trade_date=2026-07-17/exchange=NSE/symbol=BHARTIARTL/part-043729_980417-007205.parquet,real_data_sample\l2_unseen_validation\trade_date=2026-07-17\exchange=NSE\symbol=BHARTIARTL\part-043729_980417-007205.parquet,34687,downloaded,34687,
2026-07-17,NSE,BHARTIARTL,raw_l2/trade_date=2026-07-17/exchange=NSE/symbol=BHARTIARTL/part-043743_930686-007237.parquet,real_data_sample\l2_unseen_validation\trade_date=2026-07-17\exchange=NSE\symbol=BHARTIARTL\part-043743_930686-007237.parquet,34702,downloaded,34702,
2026-07-17,NSE,BHARTIARTL,raw_l2/trade_date=2026-07-17/exchange=NSE/symbol=BHARTIARTL/part-043908_212671-007429.parquet,real_data_sample\l2_unseen_validation\trade_date=2026-07-17\exchange=NSE\symbol=BHARTIARTL\part-043908_212671-007429.parquet,34525,downloaded,34525,
2026-07-17,NSE,BHARTIARTL,raw_l2/trade_date=2026-07-17/exchange=NSE/symbol=BHARTIARTL/part-043854_187493-007397.parquet,real_data_sample\l2_unseen_validation\trade_date=2026-07-17\exchange=NSE\symbol=BHARTIARTL\part-043854_187493-007397.parquet,34510,downloaded,34510,
2026-07-17,NSE,BHARTIARTL,raw_l2/trade_date=2026-07-17/exchange=NSE/symbol=BHARTIARTL/part-043538_176404-006949.parquet,real_data_sample\l2_unseen_validation\trade_date=2026-07-17\exchange=NSE\symbol=BHARTIARTL\part-043538_176404-006949.parquet,34809,downloaded,34809,
2026-07-17,NSE,BHARTIARTL,raw_l2/trade_date=2026-07-17/exchange=NSE/symbol=BHARTIARTL/part-043606_188789-007013.parquet,real_data_sample\l2_unseen_validation\trade_date=2026-07-17\exchange=NSE\symbol=BHARTIARTL\part-043606_188789-007013.parquet,34841,downloaded,34841,
2026-07-17,NSE,BHARTIARTL,raw_l2/trade_date=2026-07-17/exchange=NSE/symbol=BHARTIARTL/part-043921_896479-007461.parquet,real_data_sample\l2_unseen_validation\trade_date=2026-07-17\exchange=NSE\symbol=BHARTIARTL\part-043921_896479-007461.parquet,34672,downloaded,34672,
2026-07-17,NSE,BHARTIARTL,raw_l2/trade_date=2026-07-17/exchange=NSE/symbol=BHARTIARTL/part-043634_090306-007077.parquet,real_data_sample\l2_unseen_validation\trade_date=2026-07-17\exchange=NSE\symbol=BHARTIARTL\part-043634_090306-007077.parquet,34663,downloaded,34663,
2026-07-17,NSE,BHARTIARTL,raw_l2/trade_date=2026-07-17/exchange=NSE/symbol=BHARTIARTL/part-043935_406861-007493.parquet,real_data_sample\l2_unseen_validation\trade_date=2026-07-17\exchange=NSE\symbol=BHARTIARTL\part-043935_406861-007493.parquet,34578,downloaded,34578,
2026-07-17,NSE,BHARTIARTL,raw_l2/trade_date=2026-07-17/exchange=NSE/symbol=BHARTIARTL/part-043840_182940-007365.parquet,real_data_sample\l2_unseen_validation\trade_date=2026-07-17\exchange=NSE\symbol=BHARTIARTL\part-043840_182940-007365.parquet,34746,downloaded,34746,
2026-07-17,NSE,BHARTIARTL,raw_l2/trade_date=2026-07-17/exchange=NSE/symbol=BHARTIARTL/part-044057_892164-007685.parquet,real_data_sample\l2_unseen_validation\trade_date=2026-07-17\exchange=NSE\symbol=BHARTIARTL\part-044057_892164-007685.parquet,34744,downloaded,34744,
2026-07-17,NSE,BHARTIARTL,raw_l2/trade_date=2026-07-17/exchange=NSE/symbol=BHARTIARTL/part-044139_174810-007781.parquet,real_data_sample\l2_unseen_validation\trade_date=2026-07-17\exchange=NSE\symbol=BHARTIARTL\part-044139_174810-007781.parquet,34514,downloaded,34514,
2026-07-17,NSE,BHARTIARTL,raw_l2/trade_date=2026-07-17/exchange=NSE/symbol=BHARTIARTL/part-044125_403886-007749.parquet,real_data_sample\l2_unseen_validation\trade_date=2026-07-17\exchange=NSE\symbol=BHARTIARTL\part-044125_403886-007749.parquet,34512,downloaded,34512,
2026-07-17,NSE,BHARTIARTL,raw_l2/trade_date=2026-07-17/exchange=NSE/symbol=BHARTIARTL/part-044111_688176-007717.parquet,real_data_sample\l2_unseen_validation\trade_date=2026-07-17\exchange=NSE\symbol=BHARTIARTL\part-044111_688176-007717.parquet,34718,downloaded,34718,
2026-07-17,NSE,BHARTIARTL,raw_l2/trade_date=2026-07-17/exchange=NSE/symbol=BHARTIARTL/part-044206_667142-007845.parquet,real_data_sample\l2_unseen_validation\trade_date=2026-07-17\exchange=NSE\symbol=BHARTIARTL\part-044206_667142-007845.parquet,34648,downloaded,34648,
2026-07-17,NSE,BHARTIARTL,raw_l2/trade_date=2026-07-17/exchange=NSE/symbol=BHARTIARTL/part-044643_215592-008485.parquet,real_data_sample\l2_unseen_validation\trade_date=2026-07-17\exchange=NSE\symbol=BHARTIARTL\part-044643_215592-008485.parquet,35961,downloaded,35961,
2026-07-17,NSE,BHARTIARTL,raw_l2/trade_date=2026-07-17/exchange=NSE/symbol=BHARTIARTL/part-044629_418181-008453.parquet,real_data_sample\l2_unseen_validation\trade_date=2026-07-17\exchange=NSE\symbol=BHARTIARTL\part-044629_418181-008453.parquet,35657,downloaded,35657,
2026-07-17,NSE,BHARTIARTL,raw_l2/trade_date=2026-07-17/exchange=NSE/symbol=BHARTIARTL/part-044220_422095-007877.parquet,real_data_sample\l2_unseen_validation\trade_date=2026-07-17\exchange=NSE\symbol=BHARTIARTL\part-044220_422095-007877.parquet,34730,downloaded,34730,
2026-07-17,NSE,BHARTIARTL,raw_l2/trade_date=2026-07-17/exchange=NSE/symbol=BHARTIARTL/part-044152_938700-007813.parquet,real_data_sample\l2_unseen_validation\trade_date=2026-07-17\exchange=NSE\symbol=BHARTIARTL\part-044152_938700-007813.parquet,34545,downloaded,34545,
2026-07-17,NSE,BHARTIARTL,raw_l2/trade_date=2026-07-17/exchange=NSE/symbol=BHARTIARTL/part-044248_418448-007941.parquet,real_data_sample\l2_unseen_validation\trade_date=2026-07-17\exchange=NSE\symbol=BHARTIARTL\part-044248_418448-007941.parquet,34516,downloaded,34516,
2026-07-17,NSE,BHARTIARTL,raw_l2/trade_date=2026-07-17/exchange=NSE/symbol=BHARTIARTL/part-044234_424493-007909.parquet,real_data_sample\l2_unseen_validation\trade_date=2026-07-17\exchange=NSE\symbol=BHARTIARTL\part-044234_424493-007909.parquet,34674,downloaded,34674,
2026-07-17,NSE,BHARTIARTL,raw_l2/trade_date=2026-07-17/exchange=NSE/symbol=BHARTIARTL/part-044302_206483-007973.parquet,real_data_sample\l2_unseen_validation\trade_date=2026-07-17\exchange=NSE\symbol=BHARTIARTL\part-044302_206483-007973.parquet,34684,downloaded,34684,
2026-07-17,NSE,BHARTIARTL,raw_l2/trade_date=2026-07-17/exchange=NSE/symbol=BHARTIARTL/part-044330_002923-008037.parquet,real_data_sample\l2_unseen_validation\trade_date=2026-07-17\exchange=NSE\symbol=BHARTIARTL\part-044330_002923-008037.parquet,34582,downloaded,34582,
2026-07-17,NSE,BHARTIARTL,raw_l2/trade_date=2026-07-17/exchange=NSE/symbol=BHARTIARTL/part-044520_428476-008293.parquet,real_data_sample\l2_unseen_validation\trade_date=2026-07-17\exchange=NSE\symbol=BHARTIARTL\part-044520_428476-008293.parquet,35168,downloaded,35168,
2026-07-17,NSE,BHARTIARTL,raw_l2/trade_date=2026-07-17/exchange=NSE/symbol=BHARTIARTL/part-044316_174644-008005.parquet,real_data_sample\l2_unseen_validation\trade_date=2026-07-17\exchange=NSE\symbol=BHARTIARTL\part-044316_174644-008005.parquet,34760,downloaded,34760,
2026-07-17,NSE,BHARTIARTL,raw_l2/trade_date=2026-07-17/exchange=NSE/symbol=BHARTIARTL/part-044820_174769-008709.parquet,real_data_sample\l2_unseen_validation\trade_date=2026-07-17\exchange=NSE\symbol=BHARTIARTL\part-044820_174769-008709.parquet,34970,downloaded,34970,
2026-07-17,NSE,BHARTIARTL,raw_l2/trade_date=2026-07-17/exchange=NSE/symbol=BHARTIARTL/part-044547_908946-008357.parquet,real_data_sample\l2_unseen_validation\trade_date=2026-07-17\exchange=NSE\symbol=BHARTIARTL\part-044547_908946-008357.parquet,34802,downloaded,34802,
2026-07-17,NSE,BHARTIARTL,raw_l2/trade_date=2026-07-17/exchange=NSE/symbol=BHARTIARTL/part-044452_904373-008229.parquet,real_data_sample\l2_unseen_validation\trade_date=2026-07-17\exchange=NSE\symbol=BHARTIARTL\part-044452_904373-008229.parquet,35216,downloaded,35216,
2026-07-17,NSE,BHARTIARTL,raw_l2/trade_date=2026-07-17/exchange=NSE/symbol=BHARTIARTL/part-044615_688016-008421.parquet,real_data_sample\l2_unseen_validation\trade_date=2026-07-17\exchange=NSE\symbol=BHARTIARTL\part-044615_688016-008421.parquet,35208,downloaded,35208,
2026-07-17,NSE,BHARTIARTL,raw_l2/trade_date=2026-07-17/exchange=NSE/symbol=BHARTIARTL/part-044534_167641-008325.parquet,real_data_sample\l2_unseen_validation\trade_date=2026-07-17\exchange=NSE\symbol=BHARTIARTL\part-044534_167641-008325.parquet,34746,downloaded,34746,
2026-07-17,NSE,BHARTIARTL,raw_l2/trade_date=2026-07-17/exchange=NSE/symbol=BHARTIARTL/part-044506_657606-008261.parquet,real_data_sample\l2_unseen_validation\trade_date=2026-07-17\exchange=NSE\symbol=BHARTIARTL\part-044506_657606-008261.parquet,35324,downloaded,35324,
2026-07-17,NSE,BHARTIARTL,raw_l2/trade_date=2026-07-17/exchange=NSE/symbol=BHARTIARTL/part-044425_165875-008165.parquet,real_data_sample\l2_unseen_validation\trade_date=2026-07-17\exchange=NSE\symbol=BHARTIARTL\part-044425_165875-008165.parquet,35165,downloaded,35165,
2026-07-17,NSE,BHARTIARTL,raw_l2/trade_date=2026-07-17/exchange=NSE/symbol=BHARTIARTL/part-044752_668846-008645.parquet,real_data_sample\l2_unseen_validation\trade_date=2026-07-17\exchange=NSE\symbol=BHARTIARTL\part-044752_668846-008645.parquet,35965,downloaded,35965,
2026-07-17,NSE,BHARTIARTL,raw_l2/trade_date=2026-07-17/exchange=NSE/symbol=BHARTIARTL/part-044357_708725-008101.parquet,real_data_sample\l2_unseen_validation\trade_date=2026-07-17\exchange=NSE\symbol=BHARTIARTL\part-044357_708725-008101.parquet,34765,downloaded,34765,
2026-07-17,NSE,BHARTIARTL,raw_l2/trade_date=2026-07-17/exchange=NSE/symbol=BHARTIARTL/part-044343_919709-008069.parquet,real_data_sample\l2_unseen_validation\trade_date=2026-07-17\exchange=NSE\symbol=BHARTIARTL\part-044343_919709-008069.parquet,34713,downloaded,34713,
2026-07-17,NSE,BHARTIARTL,raw_l2/trade_date=2026-07-17/exchange=NSE/symbol=BHARTIARTL/part-044438_934028-008197.parquet,real_data_sample\l2_unseen_validation\trade_date=2026-07-17\exchange=NSE\symbol=BHARTIARTL\part-044438_934028-008197.parquet,35533,downloaded,35533,
2026-07-17,NSE,BHARTIARTL,raw_l2/trade_date=2026-07-17/exchange=NSE/symbol=BHARTIARTL/part-044601_682708-008389.parquet,real_data_sample\l2_unseen_validation\trade_date=2026-07-17\exchange=NSE\symbol=BHARTIARTL\part-044601_682708-008389.parquet,34636,downloaded,34636,
2026-07-17,NSE,BHARTIARTL,raw_l2/trade_date=2026-07-17/exchange=NSE/symbol=BHARTIARTL/part-044411_424658-008133.parquet,real_data_sample\l2_unseen_validation\trade_date=2026-07-17\exchange=NSE\symbol=BHARTIARTL\part-044411_424658-008133.parquet,34964,downloaded,34964,
2026-07-17,NSE,BHARTIARTL,raw_l2/trade_date=2026-07-17/exchange=NSE/symbol=BHARTIARTL/part-044806_421000-008677.parquet,real_data_sample\l2_unseen_validation\trade_date=2026-07-17\exchange=NSE\symbol=BHARTIARTL\part-044806_421000-008677.parquet,35226,downloaded,35226,
2026-07-17,NSE,BHARTIARTL,raw_l2/trade_date=2026-07-17/exchange=NSE/symbol=BHARTIARTL/part-044657_166552-008517.parquet,real_data_sample\l2_unseen_validation\trade_date=2026-07-17\exchange=NSE\symbol=BHARTIARTL\part-044657_166552-008517.parquet,35903,downloaded,35903,
2026-07-17,NSE,BHARTIARTL,raw_l2/trade_date=2026-07-17/exchange=NSE/symbol=BHARTIARTL/part-044724_691281-008581.parquet,real_data_sample\l2_unseen_validation\trade_date=2026-07-17\exchange=NSE\symbol=BHARTIARTL\part-044724_691281-008581.parquet,35341,downloaded,35341,
2026-07-17,NSE,BHARTIARTL,raw_l2/trade_date=2026-07-17/exchange=NSE/symbol=BHARTIARTL/part-044710_938081-008549.parquet,real_data_sample\l2_unseen_validation\trade_date=2026-07-17\exchange=NSE\symbol=BHARTIARTL\part-044710_938081-008549.parquet,35885,downloaded,35885,
2026-07-17,NSE,BHARTIARTL,raw_l2/trade_date=2026-07-17/exchange=NSE/symbol=BHARTIARTL/part-044738_486689-008613.parquet,real_data_sample\l2_unseen_validation\trade_date=2026-07-17\exchange=NSE\symbol=BHARTIARTL\part-044738_486689-008613.parquet,35419,downloaded,35419,
2026-07-17,NSE,BHARTIARTL,raw_l2/trade_date=2026-07-17/exchange=NSE/symbol=BHARTIARTL/part-044915_442666-008837.parquet,real_data_sample\l2_unseen_validation\trade_date=2026-07-17\exchange=NSE\symbol=BHARTIARTL\part-044915_442666-008837.parquet,34541,downloaded,34541,
2026-07-17,NSE,BHARTIARTL,raw_l2/trade_date=2026-07-17/exchange=NSE/symbol=BHARTIARTL/part-044929_178391-008869.parquet,real_data_sample\l2_unseen_validation\trade_date=2026-07-17\exchange=NSE\symbol=BHARTIARTL\part-044929_178391-008869.parquet,34704,downloaded,34704,
2026-07-17,NSE,BHARTIARTL,raw_l2/trade_date=2026-07-17/exchange=NSE/symbol=BHARTIARTL/part-045502_489773-009637.parquet,real_data_sample\l2_unseen_validation\trade_date=2026-07-17\exchange=NSE\symbol=BHARTIARTL\part-045502_489773-009637.parquet,34567,downloaded,34567,
2026-07-17,NSE,BHARTIARTL,raw_l2/trade_date=2026-07-17/exchange=NSE/symbol=BHARTIARTL/part-045516_741083-009669.parquet,real_data_sample\l2_unseen_validation\trade_date=2026-07-17\exchange=NSE\symbol=BHARTIARTL\part-045516_741083-009669.parquet,35631,downloaded,35631,
2026-07-17,NSE,BHARTIARTL,raw_l2/trade_date=2026-07-17/exchange=NSE/symbol=BHARTIARTL/part-045544_719373-009733.parquet,real_data_sample\l2_unseen_validation\trade_date=2026-07-17\exchange=NSE\symbol=BHARTIARTL\part-045544_719373-009733.parquet,35699,downloaded,35699,
2026-07-17,NSE,BHARTIARTL,raw_l2/trade_date=2026-07-17/exchange=NSE/symbol=BHARTIARTL/part-045530_696065-009701.parquet,real_data_sample\l2_unseen_validation\trade_date=2026-07-17\exchange=NSE\symbol=BHARTIARTL\part-045530_696065-009701.parquet,35562,downloaded,35562,
2026-07-17,NSE,BHARTIARTL,raw_l2/trade_date=2026-07-17/exchange=NSE/symbol=BHARTIARTL/part-045558_677640-009765.parquet,real_data_sample\l2_unseen_validation\trade_date=2026-07-17\exchange=NSE\symbol=BHARTIARTL\part-045558_677640-009765.parquet,36609,downloaded,36609,
2026-07-17,NSE,BHARTIARTL,raw_l2/trade_date=2026-07-17/exchange=NSE/symbol=BHARTIARTL/part-045612_675584-009797.parquet,real_data_sample\l2_unseen_validation\trade_date=2026-07-17\exchange=NSE\symbol=BHARTIARTL\part-045612_675584-009797.parquet,35799,downloaded,35799,
2026-07-17,NSE,BHARTIARTL,raw_l2/trade_date=2026-07-17/exchange=NSE/symbol=BHARTIARTL/part-045640_958218-009861.parquet,real_data_sample\l2_unseen_validation\trade_date=2026-07-17\exchange=NSE\symbol=BHARTIARTL\part-045640_958218-009861.parquet,35852,downloaded,35852,
2026-07-17,NSE,BHARTIARTL,raw_l2/trade_date=2026-07-17/exchange=NSE/symbol=BHARTIARTL/part-045709_324022-009925.parquet,real_data_sample\l2_unseen_validation\trade_date=2026-07-17\exchange=NSE\symbol=BHARTIARTL\part-045709_324022-009925.parquet,35786,downloaded,35786,
2026-07-17,NSE,BHARTIARTL,raw_l2/trade_date=2026-07-17/exchange=NSE/symbol=BHARTIARTL/part-045655_436274-009893.parquet,real_data_sample\l2_unseen_validation\trade_date=2026-07-17\exchange=NSE\symbol=BHARTIARTL\part-045655_436274-009893.parquet,35339,downloaded,35339,
2026-07-17,NSE,BHARTIARTL,raw_l2/trade_date=2026-07-17/exchange=NSE/symbol=BHARTIARTL/part-045626_767085-009829.parquet,real_data_sample\l2_unseen_validation\trade_date=2026-07-17\exchange=NSE\symbol=BHARTIARTL\part-045626_767085-009829.parquet,35313,downloaded,35313,
2026-07-17,NSE,BHARTIARTL,raw_l2/trade_date=2026-07-17/exchange=NSE/symbol=BHARTIARTL/part-045723_705257-009957.parquet,real_data_sample\l2_unseen_validation\trade_date=2026-07-17\exchange=NSE\symbol=BHARTIARTL\part-045723_705257-009957.parquet,34830,downloaded,34830,
2026-07-17,NSE,BHARTIARTL,raw_l2/trade_date=2026-07-17/exchange=NSE/symbol=BHARTIARTL/part-045737_706043-009989.parquet,real_data_sample\l2_unseen_validation\trade_date=2026-07-17\exchange=NSE\symbol=BHARTIARTL\part-045737_706043-009989.parquet,34777,downloaded,34777,
2026-07-17,NSE,BHARTIARTL,raw_l2/trade_date=2026-07-17/exchange=NSE/symbol=BHARTIARTL/part-045751_959367-010021.parquet,real_data_sample\l2_unseen_validation\trade_date=2026-07-17\exchange=NSE\symbol=BHARTIARTL\part-045751_959367-010021.parquet,34853,downloaded,34853,
2026-07-17,NSE,BHARTIARTL,raw_l2/trade_date=2026-07-17/exchange=NSE/symbol=BHARTIARTL/part-045820_178944-010085.parquet,real_data_sample\l2_unseen_validation\trade_date=2026-07-17\exchange=NSE\symbol=BHARTIARTL\part-045820_178944-010085.parquet,34860,downloaded,34860,
2026-07-17,NSE,BHARTIARTL,raw_l2/trade_date=2026-07-17/exchange=NSE/symbol=BHARTIARTL/part-045834_230600-010117.parquet,real_data_sample\l2_unseen_validation\trade_date=2026-07-17\exchange=NSE\symbol=BHARTIARTL\part-045834_230600-010117.parquet,34661,downloaded,34661,
2026-07-17,NSE,BHARTIARTL,raw_l2/trade_date=2026-07-17/exchange=NSE/symbol=BHARTIARTL/part-045848_437655-010149.parquet,real_data_sample\l2_unseen_validation\trade_date=2026-07-17\exchange=NSE\symbol=BHARTIARTL\part-045848_437655-010149.parquet,34873,downloaded,34873,
2026-07-17,NSE,BHARTIARTL,raw_l2/trade_date=2026-07-17/exchange=NSE/symbol=BHARTIARTL/part-045902_403271-010181.parquet,real_data_sample\l2_unseen_validation\trade_date=2026-07-17\exchange=NSE\symbol=BHARTIARTL\part-045902_403271-010181.parquet,34535,downloaded,34535,
2026-07-17,NSE,BHARTIARTL,raw_l2/trade_date=2026-07-17/exchange=NSE/symbol=BHARTIARTL/part-045916_183056-010213.parquet,real_data_sample\l2_unseen_validation\trade_date=2026-07-17\exchange=NSE\symbol=BHARTIARTL\part-045916_183056-010213.parquet,34957,downloaded,34957,
2026-07-17,NSE,BHARTIARTL,raw_l2/trade_date=2026-07-17/exchange=NSE/symbol=BHARTIARTL/part-045930_278920-010245.parquet,real_data_sample\l2_unseen_validation\trade_date=2026-07-17\exchange=NSE\symbol=BHARTIARTL\part-045930_278920-010245.parquet,34466,downloaded,34466,
2026-07-17,NSE,BHARTIARTL,raw_l2/trade_date=2026-07-17/exchange=NSE/symbol=BHARTIARTL/part-045944_486023-010277.parquet,real_data_sample\l2_unseen_validation\trade_date=2026-07-17\exchange=NSE\symbol=BHARTIARTL\part-045944_486023-010277.parquet,34638,downloaded,34638,
2026-07-17,NSE,BHARTIARTL,raw_l2/trade_date=2026-07-17/exchange=NSE/symbol=BHARTIARTL/part-045958_553807-010309.parquet,real_data_sample\l2_unseen_validation\trade_date=2026-07-17\exchange=NSE\symbol=BHARTIARTL\part-045958_553807-010309.parquet,34786,downloaded,34786,
2026-07-17,NSE,BHARTIARTL,raw_l2/trade_date=2026-07-17/exchange=NSE/symbol=BHARTIARTL/part-050012_904175-010341.parquet,real_data_sample\l2_unseen_validation\trade_date=2026-07-17\exchange=NSE\symbol=BHARTIARTL\part-050012_904175-010341.parquet,34766,downloaded,34766,
2026-07-17,NSE,BHARTIARTL,raw_l2/trade_date=2026-07-17/exchange=NSE/symbol=BHARTIARTL/part-050026_682162-010373.parquet,real_data_sample\l2_unseen_validation\trade_date=2026-07-17\exchange=NSE\symbol=BHARTIARTL\part-050026_682162-010373.parquet,34713,downloaded,34713,
2026-07-17,NSE,BHARTIARTL,raw_l2/trade_date=2026-07-17/exchange=NSE/symbol=BHARTIARTL/part-050054_461087-010437.parquet,real_data_sample\l2_unseen_validation\trade_date=2026-07-17\exchange=NSE\symbol=BHARTIARTL\part-050054_461087-010437.parquet,34707,downloaded,34707,
2026-07-17,NSE,BHARTIARTL,raw_l2/trade_date=2026-07-17/exchange=NSE/symbol=BHARTIARTL/part-050040_456257-010405.parquet,real_data_sample\l2_unseen_validation\trade_date=2026-07-17\exchange=NSE\symbol=BHARTIARTL\part-050040_456257-010405.parquet,34445,downloaded,34445,
2026-07-17,NSE,BHARTIARTL,raw_l2/trade_date=2026-07-17/exchange=NSE/symbol=BHARTIARTL/part-050122_421107-010501.parquet,real_data_sample\l2_unseen_validation\trade_date=2026-07-17\exchange=NSE\symbol=BHARTIARTL\part-050122_421107-010501.parquet,34648,downloaded,34648,
2026-07-17,NSE,BHARTIARTL,raw_l2/trade_date=2026-07-17/exchange=NSE/symbol=BHARTIARTL/part-050108_456826-010469.parquet,real_data_sample\l2_unseen_validation\trade_date=2026-07-17\exchange=NSE\symbol=BHARTIARTL\part-050108_456826-010469.parquet,34603,downloaded,34603,
2026-07-17,NSE,BHARTIARTL,raw_l2/trade_date=2026-07-17/exchange=NSE/symbol=BHARTIARTL/part-050136_198981-010533.parquet,real_data_sample\l2_unseen_validation\trade_date=2026-07-17\exchange=NSE\symbol=BHARTIARTL\part-050136_198981-010533.parquet,34697,downloaded,34697,
2026-07-17,NSE,BHARTIARTL,raw_l2/trade_date=2026-07-17/exchange=NSE/symbol=BHARTIARTL/part-050150_206544-010565.parquet,real_data_sample\l2_unseen_validation\trade_date=2026-07-17\exchange=NSE\symbol=BHARTIARTL\part-050150_206544-010565.parquet,34674,downloaded,34674,
2026-07-17,NSE,BHARTIARTL,raw_l2/trade_date=2026-07-17/exchange=NSE/symbol=BHARTIARTL/part-050204_720445-010597.parquet,real_data_sample\l2_unseen_validation\trade_date=2026-07-17\exchange=NSE\symbol=BHARTIARTL\part-050204_720445-010597.parquet,34565,downloaded,34565,
2026-07-17,NSE,BHARTIARTL,raw_l2/trade_date=2026-07-17/exchange=NSE/symbol=BHARTIARTL/part-050218_690109-010629.parquet,real_data_sample\l2_unseen_validation\trade_date=2026-07-17\exchange=NSE\symbol=BHARTIARTL\part-050218_690109-010629.parquet,34756,downloaded,34756,
2026-07-17,NSE,BHARTIARTL,raw_l2/trade_date=2026-07-17/exchange=NSE/symbol=BHARTIARTL/part-050232_841748-010661.parquet,real_data_sample\l2_unseen_validation\trade_date=2026-07-17\exchange=NSE\symbol=BHARTIARTL\part-050232_841748-010661.parquet,34617,downloaded,34617,
2026-07-17,NSE,BHARTIARTL,raw_l2/trade_date=2026-07-17/exchange=NSE/symbol=BHARTIARTL/part-045310_688464-009381.parquet,real_data_sample\l2_unseen_validation\trade_date=2026-07-17\exchange=NSE\symbol=BHARTIARTL\part-045310_688464-009381.parquet,34551,downloaded,34551,
2026-07-17,NSE,BHARTIARTL,raw_l2/trade_date=2026-07-17/exchange=NSE/symbol=BHARTIARTL/part-050247_421766-010693.parquet,real_data_sample\l2_unseen_validation\trade_date=2026-07-17\exchange=NSE\symbol=BHARTIARTL\part-050247_421766-010693.parquet,35022,downloaded,35022,
2026-07-17,NSE,BHARTIARTL,raw_l2/trade_date=2026-07-17/exchange=NSE/symbol=BHARTIARTL/part-045448_475404-009605.parquet,real_data_sample\l2_unseen_validation\trade_date=2026-07-17\exchange=NSE\symbol=BHARTIARTL\part-045448_475404-009605.parquet,34616,downloaded,34616,
2026-07-17,NSE,BHARTIARTL,raw_l2/trade_date=2026-07-17/exchange=NSE/symbol=BHARTIARTL/part-045147_201442-009189.parquet,real_data_sample\l2_unseen_validation\trade_date=2026-07-17\exchange=NSE\symbol=BHARTIARTL\part-045147_201442-009189.parquet,34721,downloaded,34721,
2026-07-17,NSE,BHARTIARTL,raw_l2/trade_date=2026-07-17/exchange=NSE/symbol=BHARTIARTL/part-045406_498087-009509.parquet,real_data_sample\l2_unseen_validation\trade_date=2026-07-17\exchange=NSE\symbol=BHARTIARTL\part-045406_498087-009509.parquet,34679,downloaded,34679,
2026-07-17,NSE,BHARTIARTL,raw_l2/trade_date=2026-07-17/exchange=NSE/symbol=BHARTIARTL/part-045324_681119-009413.parquet,real_data_sample\l2_unseen_validation\trade_date=2026-07-17\exchange=NSE\symbol=BHARTIARTL\part-045324_681119-009413.parquet,34840,downloaded,34840,
2026-07-17,NSE,BHARTIARTL,raw_l2/trade_date=2026-07-17/exchange=NSE/symbol=BHARTIARTL/part-045352_465981-009477.parquet,real_data_sample\l2_unseen_validation\trade_date=2026-07-17\exchange=NSE\symbol=BHARTIARTL\part-045352_465981-009477.parquet,34661,downloaded,34661,
2026-07-17,NSE,BHARTIARTL,raw_l2/trade_date=2026-07-17/exchange=NSE/symbol=BHARTIARTL/part-044901_706307-008805.parquet,real_data_sample\l2_unseen_validation\trade_date=2026-07-17\exchange=NSE\symbol=BHARTIARTL\part-044901_706307-008805.parquet,34642,downloaded,34642,
2026-07-17,NSE,BHARTIARTL,raw_l2/trade_date=2026-07-17/exchange=NSE/symbol=BHARTIARTL/part-045037_694079-009029.parquet,real_data_sample\l2_unseen_validation\trade_date=2026-07-17\exchange=NSE\symbol=BHARTIARTL\part-045037_694079-009029.parquet,34562,downloaded,34562,
2026-07-17,NSE,BHARTIARTL,raw_l2/trade_date=2026-07-17/exchange=NSE/symbol=BHARTIARTL/part-044942_922865-008901.parquet,real_data_sample\l2_unseen_validation\trade_date=2026-07-17\exchange=NSE\symbol=BHARTIARTL\part-044942_922865-008901.parquet,34635,downloaded,34635,
2026-07-17,NSE,BHARTIARTL,raw_l2/trade_date=2026-07-17/exchange=NSE/symbol=BHARTIARTL/part-045119_192426-009125.parquet,real_data_sample\l2_unseen_validation\trade_date=2026-07-17\exchange=NSE\symbol=BHARTIARTL\part-045119_192426-009125.parquet,34619,downloaded,34619,
2026-07-17,NSE,BHARTIARTL,raw_l2/trade_date=2026-07-17/exchange=NSE/symbol=BHARTIARTL/part-045338_433440-009445.parquet,real_data_sample\l2_unseen_validation\trade_date=2026-07-17\exchange=NSE\symbol=BHARTIARTL\part-045338_433440-009445.parquet,34649,downloaded,34649,
2026-07-17,NSE,BHARTIARTL,raw_l2/trade_date=2026-07-17/exchange=NSE/symbol=BHARTIARTL/part-044956_699211-008933.parquet,real_data_sample\l2_unseen_validation\trade_date=2026-07-17\exchange=NSE\symbol=BHARTIARTL\part-044956_699211-008933.parquet,34615,downloaded,34615,
2026-07-17,NSE,BHARTIARTL,raw_l2/trade_date=2026-07-17/exchange=NSE/symbol=BHARTIARTL/part-050329_973512-010789.parquet,real_data_sample\l2_unseen_validation\trade_date=2026-07-17\exchange=NSE\symbol=BHARTIARTL\part-050329_973512-010789.parquet,34561,downloaded,34561,
2026-07-17,NSE,BHARTIARTL,raw_l2/trade_date=2026-07-17/exchange=NSE/symbol=BHARTIARTL/part-050301_455273-010725.parquet,real_data_sample\l2_unseen_validation\trade_date=2026-07-17\exchange=NSE\symbol=BHARTIARTL\part-050301_455273-010725.parquet,34520,downloaded,34520,
2026-07-17,NSE,BHARTIARTL,raw_l2/trade_date=2026-07-17/exchange=NSE/symbol=BHARTIARTL/part-045051_423867-009061.parquet,real_data_sample\l2_unseen_validation\trade_date=2026-07-17\exchange=NSE\symbol=BHARTIARTL\part-045051_423867-009061.parquet,34619,downloaded,34619,
2026-07-17,NSE,BHARTIARTL,raw_l2/trade_date=2026-07-17/exchange=NSE/symbol=BHARTIARTL/part-050315_842849-010757.parquet,real_data_sample\l2_unseen_validation\trade_date=2026-07-17\exchange=NSE\symbol=BHARTIARTL\part-050315_842849-010757.parquet,34878,downloaded,34878,
2026-07-17,NSE,BHARTIARTL,raw_l2/trade_date=2026-07-17/exchange=NSE/symbol=BHARTIARTL/part-050343_948529-010821.parquet,real_data_sample\l2_unseen_validation\trade_date=2026-07-17\exchange=NSE\symbol=BHARTIARTL\part-050343_948529-010821.parquet,34736,downloaded,34736,
2026-07-17,NSE,BHARTIARTL,raw_l2/trade_date=2026-07-17/exchange=NSE/symbol=BHARTIARTL/part-045434_459418-009573.parquet,real_data_sample\l2_unseen_validation\trade_date=2026-07-17\exchange=NSE\symbol=BHARTIARTL\part-045434_459418-009573.parquet,34702,downloaded,34702,
2026-07-17,NSE,BHARTIARTL,raw_l2/trade_date=2026-07-17/exchange=NSE/symbol=BHARTIARTL/part-050357_993496-010853.parquet,real_data_sample\l2_unseen_validation\trade_date=2026-07-17\exchange=NSE\symbol=BHARTIARTL\part-050357_993496-010853.parquet,34964,downloaded,34964,
2026-07-17,NSE,BHARTIARTL,raw_l2/trade_date=2026-07-17/exchange=NSE/symbol=BHARTIARTL/part-045242_679189-009317.parquet,real_data_sample\l2_unseen_validation\trade_date=2026-07-17\exchange=NSE\symbol=BHARTIARTL\part-045242_679189-009317.parquet,34698,downloaded,34698,
2026-07-17,NSE,BHARTIARTL,raw_l2/trade_date=2026-07-17/exchange=NSE/symbol=BHARTIARTL/part-045024_153596-008997.parquet,real_data_sample\l2_unseen_validation\trade_date=2026-07-17\exchange=NSE\symbol=BHARTIARTL\part-045024_153596-008997.parquet,34578,downloaded,34578,
2026-07-17,NSE,BHARTIARTL,raw_l2/trade_date=2026-07-17/exchange=NSE/symbol=BHARTIARTL/part-045133_189053-009157.parquet,real_data_sample\l2_unseen_validation\trade_date=2026-07-17\exchange=NSE\symbol=BHARTIARTL\part-045133_189053-009157.parquet,34564,downloaded,34564,
2026-07-17,NSE,BHARTIARTL,raw_l2/trade_date=2026-07-17/exchange=NSE/symbol=BHARTIARTL/part-045105_264675-009093.parquet,real_data_sample\l2_unseen_validation\trade_date=2026-07-17\exchange=NSE\symbol=BHARTIARTL\part-045105_264675-009093.parquet,34565,downloaded,34565,
2026-07-17,NSE,BHARTIARTL,raw_l2/trade_date=2026-07-17/exchange=NSE/symbol=BHARTIARTL/part-044834_172132-008741.parquet,real_data_sample\l2_unseen_validation\trade_date=2026-07-17\exchange=NSE\symbol=BHARTIARTL\part-044834_172132-008741.parquet,34620,downloaded,34620,
2026-07-17,NSE,BHARTIARTL,raw_l2/trade_date=2026-07-17/exchange=NSE/symbol=BHARTIARTL/part-045010_414000-008965.parquet,real_data_sample\l2_unseen_validation\trade_date=2026-07-17\exchange=NSE\symbol=BHARTIARTL\part-045010_414000-008965.parquet,34585,downloaded,34585,
2026-07-17,NSE,BHARTIARTL,raw_l2/trade_date=2026-07-17/exchange=NSE/symbol=BHARTIARTL/part-045256_690632-009349.parquet,real_data_sample\l2_unseen_validation\trade_date=2026-07-17\exchange=NSE\symbol=BHARTIARTL\part-045256_690632-009349.parquet,34762,downloaded,34762,
2026-07-17,NSE,BHARTIARTL,raw_l2/trade_date=2026-07-17/exchange=NSE/symbol=BHARTIARTL/part-045201_236093-009221.parquet,real_data_sample\l2_unseen_validation\trade_date=2026-07-17\exchange=NSE\symbol=BHARTIARTL\part-045201_236093-009221.parquet,34693,downloaded,34693,
2026-07-17,NSE,BHARTIARTL,raw_l2/trade_date=2026-07-17/exchange=NSE/symbol=BHARTIARTL/part-050412_272734-010885.parquet,real_data_sample\l2_unseen_validation\trade_date=2026-07-17\exchange=NSE\symbol=BHARTIARTL\part-050412_272734-010885.parquet,34854,downloaded,34854,
2026-07-17,NSE,BHARTIARTL,raw_l2/trade_date=2026-07-17/exchange=NSE/symbol=BHARTIARTL/part-050454_193902-010981.parquet,real_data_sample\l2_unseen_validation\trade_date=2026-07-17\exchange=NSE\symbol=BHARTIARTL\part-050454_193902-010981.parquet,35021,downloaded,35021,
2026-07-17,NSE,BHARTIARTL,raw_l2/trade_date=2026-07-17/exchange=NSE/symbol=BHARTIARTL/part-050426_436495-010917.parquet,real_data_sample\l2_unseen_validation\trade_date=2026-07-17\exchange=NSE\symbol=BHARTIARTL\part-050426_436495-010917.parquet,34900,downloaded,34900,
2026-07-17,NSE,BHARTIARTL,raw_l2/trade_date=2026-07-17/exchange=NSE/symbol=BHARTIARTL/part-044847_908826-008773.parquet,real_data_sample\l2_unseen_validation\trade_date=2026-07-17\exchange=NSE\symbol=BHARTIARTL\part-044847_908826-008773.parquet,34710,downloaded,34710,
2026-07-17,NSE,BHARTIARTL,raw_l2/trade_date=2026-07-17/exchange=NSE/symbol=BHARTIARTL/part-050522_229206-011045.parquet,real_data_sample\l2_unseen_validation\trade_date=2026-07-17\exchange=NSE\symbol=BHARTIARTL\part-050522_229206-011045.parquet,36019,downloaded,36019,
2026-07-17,NSE,BHARTIARTL,raw_l2/trade_date=2026-07-17/exchange=NSE/symbol=BHARTIARTL/part-050508_210327-011013.parquet,real_data_sample\l2_unseen_validation\trade_date=2026-07-17\exchange=NSE\symbol=BHARTIARTL\part-050508_210327-011013.parquet,34642,downloaded,34642,
2026-07-17,NSE,BHARTIARTL,raw_l2/trade_date=2026-07-17/exchange=NSE/symbol=BHARTIARTL/part-045215_168095-009253.parquet,real_data_sample\l2_unseen_validation\trade_date=2026-07-17\exchange=NSE\symbol=BHARTIARTL\part-045215_168095-009253.parquet,34708,downloaded,34708,
2026-07-17,NSE,BHARTIARTL,raw_l2/trade_date=2026-07-17/exchange=NSE/symbol=BHARTIARTL/part-045420_458387-009541.parquet,real_data_sample\l2_unseen_validation\trade_date=2026-07-17\exchange=NSE\symbol=BHARTIARTL\part-045420_458387-009541.parquet,34648,downloaded,34648,
2026-07-17,NSE,BHARTIARTL,raw_l2/trade_date=2026-07-17/exchange=NSE/symbol=BHARTIARTL/part-045228_915871-009285.parquet,real_data_sample\l2_unseen_validation\trade_date=2026-07-17\exchange=NSE\symbol=BHARTIARTL\part-045228_915871-009285.parquet,34694,downloaded,34694,
2026-07-17,NSE,BHARTIARTL,raw_l2/trade_date=2026-07-17/exchange=NSE/symbol=BHARTIARTL/part-050632_986626-011205.parquet,real_data_sample\l2_unseen_validation\trade_date=2026-07-17\exchange=NSE\symbol=BHARTIARTL\part-050632_986626-011205.parquet,34854,downloaded,34854,
2026-07-17,NSE,BHARTIARTL,raw_l2/trade_date=2026-07-17/exchange=NSE/symbol=BHARTIARTL/part-050550_157589-011109.parquet,real_data_sample\l2_unseen_validation\trade_date=2026-07-17\exchange=NSE\symbol=BHARTIARTL\part-050550_157589-011109.parquet,35425,downloaded,35425,
2026-07-17,NSE,BHARTIARTL,raw_l2/trade_date=2026-07-17/exchange=NSE/symbol=BHARTIARTL/part-050618_277805-011173.parquet,real_data_sample\l2_unseen_validation\trade_date=2026-07-17\exchange=NSE\symbol=BHARTIARTL\part-050618_277805-011173.parquet,35063,downloaded,35063,
2026-07-17,NSE,BHARTIARTL,raw_l2/trade_date=2026-07-17/exchange=NSE/symbol=BHARTIARTL/part-050603_913185-011141.parquet,real_data_sample\l2_unseen_validation\trade_date=2026-07-17\exchange=NSE\symbol=BHARTIARTL\part-050603_913185-011141.parquet,35401,downloaded,35401,
2026-07-17,NSE,BHARTIARTL,raw_l2/trade_date=2026-07-17/exchange=NSE/symbol=BHARTIARTL/part-050647_631461-011237.parquet,real_data_sample\l2_unseen_validation\trade_date=2026-07-17\exchange=NSE\symbol=BHARTIARTL\part-050647_631461-011237.parquet,34951,downloaded,34951,
2026-07-17,NSE,BHARTIARTL,raw_l2/trade_date=2026-07-17/exchange=NSE/symbol=BHARTIARTL/part-050757_415334-011397.parquet,real_data_sample\l2_unseen_validation\trade_date=2026-07-17\exchange=NSE\symbol=BHARTIARTL\part-050757_415334-011397.parquet,34780,downloaded,34780,
2026-07-17,NSE,BHARTIARTL,raw_l2/trade_date=2026-07-17/exchange=NSE/symbol=BHARTIARTL/part-050701_703088-011269.parquet,real_data_sample\l2_unseen_validation\trade_date=2026-07-17\exchange=NSE\symbol=BHARTIARTL\part-050701_703088-011269.parquet,34815,downloaded,34815,
2026-07-17,NSE,BHARTIARTL,raw_l2/trade_date=2026-07-17/exchange=NSE/symbol=BHARTIARTL/part-050729_906404-011333.parquet,real_data_sample\l2_unseen_validation\trade_date=2026-07-17\exchange=NSE\symbol=BHARTIARTL\part-050729_906404-011333.parquet,34950,downloaded,34950,
2026-07-17,NSE,BHARTIARTL,raw_l2/trade_date=2026-07-17/exchange=NSE/symbol=BHARTIARTL/part-050811_458881-011429.parquet,real_data_sample\l2_unseen_validation\trade_date=2026-07-17\exchange=NSE\symbol=BHARTIARTL\part-050811_458881-011429.parquet,34475,downloaded,34475,
2026-07-17,NSE,BHARTIARTL,raw_l2/trade_date=2026-07-17/exchange=NSE/symbol=BHARTIARTL/part-050715_745030-011301.parquet,real_data_sample\l2_unseen_validation\trade_date=2026-07-17\exchange=NSE\symbol=BHARTIARTL\part-050715_745030-011301.parquet,34845,downloaded,34845,
2026-07-17,NSE,BHARTIARTL,raw_l2/trade_date=2026-07-17/exchange=NSE/symbol=BHARTIARTL/part-050825_166420-011461.parquet,real_data_sample\l2_unseen_validation\trade_date=2026-07-17\exchange=NSE\symbol=BHARTIARTL\part-050825_166420-011461.parquet,34711,downloaded,34711,
2026-07-17,NSE,BHARTIARTL,raw_l2/trade_date=2026-07-17/exchange=NSE/symbol=BHARTIARTL/part-050743_671919-011365.parquet,real_data_sample\l2_unseen_validation\trade_date=2026-07-17\exchange=NSE\symbol=BHARTIARTL\part-050743_671919-011365.parquet,34681,downloaded,34681,
2026-07-17,NSE,BHARTIARTL,raw_l2/trade_date=2026-07-17/exchange=NSE/symbol=BHARTIARTL/part-050852_645531-011525.parquet,real_data_sample\l2_unseen_validation\trade_date=2026-07-17\exchange=NSE\symbol=BHARTIARTL\part-050852_645531-011525.parquet,34820,downloaded,34820,
2026-07-17,NSE,BHARTIARTL,raw_l2/trade_date=2026-07-17/exchange=NSE/symbol=BHARTIARTL/part-050838_933176-011493.parquet,real_data_sample\l2_unseen_validation\trade_date=2026-07-17\exchange=NSE\symbol=BHARTIARTL\part-050838_933176-011493.parquet,34756,downloaded,34756,
2026-07-17,NSE,BHARTIARTL,raw_l2/trade_date=2026-07-17/exchange=NSE/symbol=BHARTIARTL/part-050934_444668-011621.parquet,real_data_sample\l2_unseen_validation\trade_date=2026-07-17\exchange=NSE\symbol=BHARTIARTL\part-050934_444668-011621.parquet,34586,downloaded,34586,
2026-07-17,NSE,BHARTIARTL,raw_l2/trade_date=2026-07-17/exchange=NSE/symbol=BHARTIARTL/part-051001_946492-011685.parquet,real_data_sample\l2_unseen_validation\trade_date=2026-07-17\exchange=NSE\symbol=BHARTIARTL\part-051001_946492-011685.parquet,35052,downloaded,35052,
2026-07-17,NSE,BHARTIARTL,raw_l2/trade_date=2026-07-17/exchange=NSE/symbol=BHARTIARTL/part-050948_141757-011653.parquet,real_data_sample\l2_unseen_validation\trade_date=2026-07-17\exchange=NSE\symbol=BHARTIARTL\part-050948_141757-011653.parquet,34700,downloaded,34700,
2026-07-17,NSE,BHARTIARTL,raw_l2/trade_date=2026-07-17/exchange=NSE/symbol=BHARTIARTL/part-050440_426846-010949.parquet,real_data_sample\l2_unseen_validation\trade_date=2026-07-17\exchange=NSE\symbol=BHARTIARTL\part-050440_426846-010949.parquet,34786,downloaded,34786,
2026-07-17,NSE,BHARTIARTL,raw_l2/trade_date=2026-07-17/exchange=NSE/symbol=BHARTIARTL/part-050920_401557-011589.parquet,real_data_sample\l2_unseen_validation\trade_date=2026-07-17\exchange=NSE\symbol=BHARTIARTL\part-050920_401557-011589.parquet,34533,downloaded,34533,
2026-07-17,NSE,BHARTIARTL,raw_l2/trade_date=2026-07-17/exchange=NSE/symbol=BHARTIARTL/part-050906_685103-011557.parquet,real_data_sample\l2_unseen_validation\trade_date=2026-07-17\exchange=NSE\symbol=BHARTIARTL\part-050906_685103-011557.parquet,34716,downloaded,34716,
2026-07-17,NSE,BHARTIARTL,raw_l2/trade_date=2026-07-17/exchange=NSE/symbol=BHARTIARTL/part-051043_447146-011781.parquet,real_data_sample\l2_unseen_validation\trade_date=2026-07-17\exchange=NSE\symbol=BHARTIARTL\part-051043_447146-011781.parquet,35200,downloaded,35200,
2026-07-17,NSE,BHARTIARTL,raw_l2/trade_date=2026-07-17/exchange=NSE/symbol=BHARTIARTL/part-051057_155982-011813.parquet,real_data_sample\l2_unseen_validation\trade_date=2026-07-17\exchange=NSE\symbol=BHARTIARTL\part-051057_155982-011813.parquet,35126,downloaded,35126,
2026-07-17,NSE,BHARTIARTL,raw_l2/trade_date=2026-07-17/exchange=NSE/symbol=BHARTIARTL/part-051029_658489-011749.parquet,real_data_sample\l2_unseen_validation\trade_date=2026-07-17\exchange=NSE\symbol=BHARTIARTL\part-051029_658489-011749.parquet,35433,downloaded,35433,
2026-07-17,NSE,BHARTIARTL,raw_l2/trade_date=2026-07-17/exchange=NSE/symbol=BHARTIARTL/part-050536_164481-011077.parquet,real_data_sample\l2_unseen_validation\trade_date=2026-07-17\exchange=NSE\symbol=BHARTIARTL\part-050536_164481-011077.parquet,35586,downloaded,35586,
2026-07-17,NSE,BHARTIARTL,raw_l2/trade_date=2026-07-17/exchange=NSE/symbol=BHARTIARTL/part-051015_920963-011717.parquet,real_data_sample\l2_unseen_validation\trade_date=2026-07-17\exchange=NSE\symbol=BHARTIARTL\part-051015_920963-011717.parquet,35283,downloaded,35283,
2026-07-17,NSE,BHARTIARTL,raw_l2/trade_date=2026-07-17/exchange=NSE/symbol=BHARTIARTL/part-051111_183185-011845.parquet,real_data_sample\l2_unseen_validation\trade_date=2026-07-17\exchange=NSE\symbol=BHARTIARTL\part-051111_183185-011845.parquet,35045,downloaded,35045,
2026-07-17,NSE,BHARTIARTL,raw_l2/trade_date=2026-07-17/exchange=NSE/symbol=BHARTIARTL/part-051139_230560-011909.parquet,real_data_sample\l2_unseen_validation\trade_date=2026-07-17\exchange=NSE\symbol=BHARTIARTL\part-051139_230560-011909.parquet,34569,downloaded,34569,
2026-07-17,NSE,BHARTIARTL,raw_l2/trade_date=2026-07-17/exchange=NSE/symbol=BHARTIARTL/part-051124_982967-011877.parquet,real_data_sample\l2_unseen_validation\trade_date=2026-07-17\exchange=NSE\symbol=BHARTIARTL\part-051124_982967-011877.parquet,34611,downloaded,34611,
2026-07-17,NSE,BHARTIARTL,raw_l2/trade_date=2026-07-17/exchange=NSE/symbol=BHARTIARTL/part-051153_202359-011941.parquet,real_data_sample\l2_unseen_validation\trade_date=2026-07-17\exchange=NSE\symbol=BHARTIARTL\part-051153_202359-011941.parquet,34742,downloaded,34742,
2026-07-17,NSE,BHARTIARTL,raw_l2/trade_date=2026-07-17/exchange=NSE/symbol=BHARTIARTL/part-051221_221318-012005.parquet,real_data_sample\l2_unseen_validation\trade_date=2026-07-17\exchange=NSE\symbol=BHARTIARTL\part-051221_221318-012005.parquet,34679,downloaded,34679,
2026-07-17,NSE,BHARTIARTL,raw_l2/trade_date=2026-07-17/exchange=NSE/symbol=BHARTIARTL/part-051207_208565-011973.parquet,real_data_sample\l2_unseen_validation\trade_date=2026-07-17\exchange=NSE\symbol=BHARTIARTL\part-051207_208565-011973.parquet,34731,downloaded,34731,
2026-07-17,NSE,BHARTIARTL,raw_l2/trade_date=2026-07-17/exchange=NSE/symbol=BHARTIARTL/part-051346_183494-012197.parquet,real_data_sample\l2_unseen_validation\trade_date=2026-07-17\exchange=NSE\symbol=BHARTIARTL\part-051346_183494-012197.parquet,34854,downloaded,34854,
2026-07-17,NSE,BHARTIARTL,raw_l2/trade_date=2026-07-17/exchange=NSE/symbol=BHARTIARTL/part-051331_482749-012165.parquet,real_data_sample\l2_unseen_validation\trade_date=2026-07-17\exchange=NSE\symbol=BHARTIARTL\part-051331_482749-012165.parquet,34759,downloaded,34759,
2026-07-17,NSE,BHARTIARTL,raw_l2/trade_date=2026-07-17/exchange=NSE/symbol=BHARTIARTL/part-051248_907726-012069.parquet,real_data_sample\l2_unseen_validation\trade_date=2026-07-17\exchange=NSE\symbol=BHARTIARTL\part-051248_907726-012069.parquet,34569,downloaded,34569,
2026-07-17,NSE,BHARTIARTL,raw_l2/trade_date=2026-07-17/exchange=NSE/symbol=BHARTIARTL/part-051234_961824-012037.parquet,real_data_sample\l2_unseen_validation\trade_date=2026-07-17\exchange=NSE\symbol=BHARTIARTL\part-051234_961824-012037.parquet,34791,downloaded,34791,
2026-07-17,NSE,BHARTIARTL,raw_l2/trade_date=2026-07-17/exchange=NSE/symbol=BHARTIARTL/part-051316_748328-012133.parquet,real_data_sample\l2_unseen_validation\trade_date=2026-07-17\exchange=NSE\symbol=BHARTIARTL\part-051316_748328-012133.parquet,34769,downloaded,34769,
2026-07-17,NSE,BHARTIARTL,raw_l2/trade_date=2026-07-17/exchange=NSE/symbol=BHARTIARTL/part-051302_937116-012101.parquet,real_data_sample\l2_unseen_validation\trade_date=2026-07-17\exchange=NSE\symbol=BHARTIARTL\part-051302_937116-012101.parquet,34639,downloaded,34639,
2026-07-17,NSE,BHARTIARTL,raw_l2/trade_date=2026-07-17/exchange=NSE/symbol=BHARTIARTL/part-051719_941185-012677.parquet,real_data_sample\l2_unseen_validation\trade_date=2026-07-17\exchange=NSE\symbol=BHARTIARTL\part-051719_941185-012677.parquet,34798,downloaded,34798,
2026-07-17,NSE,BHARTIARTL,raw_l2/trade_date=2026-07-17/exchange=NSE/symbol=BHARTIARTL/part-051623_485376-012549.parquet,real_data_sample\l2_unseen_validation\trade_date=2026-07-17\exchange=NSE\symbol=BHARTIARTL\part-051623_485376-012549.parquet,34905,downloaded,34905,
2026-07-17,NSE,BHARTIARTL,raw_l2/trade_date=2026-07-17/exchange=NSE/symbol=BHARTIARTL/part-052010_182880-013061.parquet,real_data_sample\l2_unseen_validation\trade_date=2026-07-17\exchange=NSE\symbol=BHARTIARTL\part-052010_182880-013061.parquet,34537,downloaded,34537,
2026-07-17,NSE,BHARTIARTL,raw_l2/trade_date=2026-07-17/exchange=NSE/symbol=BHARTIARTL/part-051956_433739-013029.parquet,real_data_sample\l2_unseen_validation\trade_date=2026-07-17\exchange=NSE\symbol=BHARTIARTL\part-051956_433739-013029.parquet,34649,downloaded,34649,
2026-07-17,NSE,BHARTIARTL,raw_l2/trade_date=2026-07-17/exchange=NSE/symbol=BHARTIARTL/part-051651_925698-012613.parquet,real_data_sample\l2_unseen_validation\trade_date=2026-07-17\exchange=NSE\symbol=BHARTIARTL\part-051651_925698-012613.parquet,34719,downloaded,34719,
2026-07-17,NSE,BHARTIARTL,raw_l2/trade_date=2026-07-17/exchange=NSE/symbol=BHARTIARTL/part-051748_453401-012741.parquet,real_data_sample\l2_unseen_validation\trade_date=2026-07-17\exchange=NSE\symbol=BHARTIARTL\part-051748_453401-012741.parquet,34820,downloaded,34820,
2026-07-17,NSE,BHARTIARTL,raw_l2/trade_date=2026-07-17/exchange=NSE/symbol=BHARTIARTL/part-051401_542566-012229.parquet,real_data_sample\l2_unseen_validation\trade_date=2026-07-17\exchange=NSE\symbol=BHARTIARTL\part-051401_542566-012229.parquet,34675,downloaded,34675,
2026-07-17,NSE,BHARTIARTL,raw_l2/trade_date=2026-07-17/exchange=NSE/symbol=BHARTIARTL/part-051540_189540-012453.parquet,real_data_sample\l2_unseen_validation\trade_date=2026-07-17\exchange=NSE\symbol=BHARTIARTL\part-051540_189540-012453.parquet,34791,downloaded,34791,
2026-07-17,NSE,BHARTIARTL,raw_l2/trade_date=2026-07-17/exchange=NSE/symbol=BHARTIARTL/part-051458_927284-012357.parquet,real_data_sample\l2_unseen_validation\trade_date=2026-07-17\exchange=NSE\symbol=BHARTIARTL\part-051458_927284-012357.parquet,35059,downloaded,35059,
2026-07-17,NSE,BHARTIARTL,raw_l2/trade_date=2026-07-17/exchange=NSE/symbol=BHARTIARTL/part-052023_911689-013093.parquet,real_data_sample\l2_unseen_validation\trade_date=2026-07-17\exchange=NSE\symbol=BHARTIARTL\part-052023_911689-013093.parquet,34621,downloaded,34621,
2026-07-17,NSE,BHARTIARTL,raw_l2/trade_date=2026-07-17/exchange=NSE/symbol=BHARTIARTL/part-051554_474415-012485.parquet,real_data_sample\l2_unseen_validation\trade_date=2026-07-17\exchange=NSE\symbol=BHARTIARTL\part-051554_474415-012485.parquet,34917,downloaded,34917,
2026-07-17,NSE,BHARTIARTL,raw_l2/trade_date=2026-07-17/exchange=NSE/symbol=BHARTIARTL/part-051733_998003-012709.parquet,real_data_sample\l2_unseen_validation\trade_date=2026-07-17\exchange=NSE\symbol=BHARTIARTL\part-051733_998003-012709.parquet,34935,downloaded,34935,
2026-07-17,NSE,BHARTIARTL,raw_l2/trade_date=2026-07-17/exchange=NSE/symbol=BHARTIARTL/part-051914_662669-012933.parquet,real_data_sample\l2_unseen_validation\trade_date=2026-07-17\exchange=NSE\symbol=BHARTIARTL\part-051914_662669-012933.parquet,34908,downloaded,34908,
2026-07-17,NSE,BHARTIARTL,raw_l2/trade_date=2026-07-17/exchange=NSE/symbol=BHARTIARTL/part-051608_966722-012517.parquet,real_data_sample\l2_unseen_validation\trade_date=2026-07-17\exchange=NSE\symbol=BHARTIARTL\part-051608_966722-012517.parquet,34748,downloaded,34748,
2026-07-17,NSE,BHARTIARTL,raw_l2/trade_date=2026-07-17/exchange=NSE/symbol=BHARTIARTL/part-052037_666453-013125.parquet,real_data_sample\l2_unseen_validation\trade_date=2026-07-17\exchange=NSE\symbol=BHARTIARTL\part-052037_666453-013125.parquet,34560,downloaded,34560,
2026-07-17,NSE,BHARTIARTL,raw_l2/trade_date=2026-07-17/exchange=NSE/symbol=BHARTIARTL/part-051526_409693-012421.parquet,real_data_sample\l2_unseen_validation\trade_date=2026-07-17\exchange=NSE\symbol=BHARTIARTL\part-051526_409693-012421.parquet,34765,downloaded,34765,
2026-07-17,NSE,BHARTIARTL,raw_l2/trade_date=2026-07-17/exchange=NSE/symbol=BHARTIARTL/part-052051_416744-013157.parquet,real_data_sample\l2_unseen_validation\trade_date=2026-07-17\exchange=NSE\symbol=BHARTIARTL\part-052051_416744-013157.parquet,34571,downloaded,34571,
2026-07-17,NSE,BHARTIARTL,raw_l2/trade_date=2026-07-17/exchange=NSE/symbol=BHARTIARTL/part-052105_178994-013189.parquet,real_data_sample\l2_unseen_validation\trade_date=2026-07-17\exchange=NSE\symbol=BHARTIARTL\part-052105_178994-013189.parquet,34601,downloaded,34601,
2026-07-17,NSE,BHARTIARTL,raw_l2/trade_date=2026-07-17/exchange=NSE/symbol=BHARTIARTL/part-051415_940736-012261.parquet,real_data_sample\l2_unseen_validation\trade_date=2026-07-17\exchange=NSE\symbol=BHARTIARTL\part-051415_940736-012261.parquet,34815,downloaded,34815,
2026-07-17,NSE,BHARTIARTL,raw_l2/trade_date=2026-07-17/exchange=NSE/symbol=BHARTIARTL/part-051637_532451-012581.parquet,real_data_sample\l2_unseen_validation\trade_date=2026-07-17\exchange=NSE\symbol=BHARTIARTL\part-051637_532451-012581.parquet,34669,downloaded,34669,
2026-07-17,NSE,BHARTIARTL,raw_l2/trade_date=2026-07-17/exchange=NSE/symbol=BHARTIARTL/part-051831_425057-012837.parquet,real_data_sample\l2_unseen_validation\trade_date=2026-07-17\exchange=NSE\symbol=BHARTIARTL\part-051831_425057-012837.parquet,34721,downloaded,34721,
2026-07-17,NSE,BHARTIARTL,raw_l2/trade_date=2026-07-17/exchange=NSE/symbol=BHARTIARTL/part-051431_180306-012293.parquet,real_data_sample\l2_unseen_validation\trade_date=2026-07-17\exchange=NSE\symbol=BHARTIARTL\part-051431_180306-012293.parquet,35046,downloaded,35046,
2026-07-17,NSE,BHARTIARTL,raw_l2/trade_date=2026-07-17/exchange=NSE/symbol=BHARTIARTL/part-051845_460854-012869.parquet,real_data_sample\l2_unseen_validation\trade_date=2026-07-17\exchange=NSE\symbol=BHARTIARTL\part-051845_460854-012869.parquet,34923,downloaded,34923,
2026-07-17,NSE,BHARTIARTL,raw_l2/trade_date=2026-07-17/exchange=NSE/symbol=BHARTIARTL/part-051942_428739-012997.parquet,real_data_sample\l2_unseen_validation\trade_date=2026-07-17\exchange=NSE\symbol=BHARTIARTL\part-051942_428739-012997.parquet,34573,downloaded,34573,
2026-07-17,NSE,BHARTIARTL,raw_l2/trade_date=2026-07-17/exchange=NSE/symbol=BHARTIARTL/part-045805_940420-010053.parquet,real_data_sample\l2_unseen_validation\trade_date=2026-07-17\exchange=NSE\symbol=BHARTIARTL\part-045805_940420-010053.parquet,34788,downloaded,34788,
2026-07-17,NSE,BHARTIARTL,raw_l2/trade_date=2026-07-17/exchange=NSE/symbol=BHARTIARTL/part-051900_439347-012901.parquet,real_data_sample\l2_unseen_validation\trade_date=2026-07-17\exchange=NSE\symbol=BHARTIARTL\part-051900_439347-012901.parquet,34588,downloaded,34588,
2026-07-17,NSE,BHARTIARTL,raw_l2/trade_date=2026-07-17/exchange=NSE/symbol=BHARTIARTL/part-051816_953643-012805.parquet,real_data_sample\l2_unseen_validation\trade_date=2026-07-17\exchange=NSE\symbol=BHARTIARTL\part-051816_953643-012805.parquet,34464,downloaded,34464,
2026-07-17,NSE,BHARTIARTL,raw_l2/trade_date=2026-07-17/exchange=NSE/symbol=BHARTIARTL/part-051705_950270-012645.parquet,real_data_sample\l2_unseen_validation\trade_date=2026-07-17\exchange=NSE\symbol=BHARTIARTL\part-051705_950270-012645.parquet,34585,downloaded,34585,
2026-07-17,NSE,BHARTIARTL,raw_l2/trade_date=2026-07-17/exchange=NSE/symbol=BHARTIARTL/part-051444_914038-012325.parquet,real_data_sample\l2_unseen_validation\trade_date=2026-07-17\exchange=NSE\symbol=BHARTIARTL\part-051444_914038-012325.parquet,34904,downloaded,34904,
2026-07-17,NSE,BHARTIARTL,raw_l2/trade_date=2026-07-17/exchange=NSE/symbol=BHARTIARTL/part-051928_668400-012965.parquet,real_data_sample\l2_unseen_validation\trade_date=2026-07-17\exchange=NSE\symbol=BHARTIARTL\part-051928_668400-012965.parquet,34920,downloaded,34920,
2026-07-17,NSE,BHARTIARTL,raw_l2/trade_date=2026-07-17/exchange=NSE/symbol=BHARTIARTL/part-051802_934122-012773.parquet,real_data_sample\l2_unseen_validation\trade_date=2026-07-17\exchange=NSE\symbol=BHARTIARTL\part-051802_934122-012773.parquet,34735,downloaded,34735,
2026-07-17,NSE,BHARTIARTL,raw_l2/trade_date=2026-07-17/exchange=NSE/symbol=BHARTIARTL/part-052119_195132-013221.parquet,real_data_sample\l2_unseen_validation\trade_date=2026-07-17\exchange=NSE\symbol=BHARTIARTL\part-052119_195132-013221.parquet,34826,downloaded,34826,
2026-07-17,NSE,BHARTIARTL,raw_l2/trade_date=2026-07-17/exchange=NSE/symbol=BHARTIARTL/part-052338_931206-013541.parquet,real_data_sample\l2_unseen_validation\trade_date=2026-07-17\exchange=NSE\symbol=BHARTIARTL\part-052338_931206-013541.parquet,35078,downloaded,35078,
2026-07-17,NSE,BHARTIARTL,raw_l2/trade_date=2026-07-17/exchange=NSE/symbol=BHARTIARTL/part-052200_936388-013317.parquet,real_data_sample\l2_unseen_validation\trade_date=2026-07-17\exchange=NSE\symbol=BHARTIARTL\part-052200_936388-013317.parquet,34827,downloaded,34827,
2026-07-17,NSE,BHARTIARTL,raw_l2/trade_date=2026-07-17/exchange=NSE/symbol=BHARTIARTL/part-052146_909379-013285.parquet,real_data_sample\l2_unseen_validation\trade_date=2026-07-17\exchange=NSE\symbol=BHARTIARTL\part-052146_909379-013285.parquet,34776,downloaded,34776,
2026-07-17,NSE,BHARTIARTL,raw_l2/trade_date=2026-07-17/exchange=NSE/symbol=BHARTIARTL/part-052324_927395-013509.parquet,real_data_sample\l2_unseen_validation\trade_date=2026-07-17\exchange=NSE\symbol=BHARTIARTL\part-052324_927395-013509.parquet,34797,downloaded,34797,
2026-07-17,NSE,BHARTIARTL,raw_l2/trade_date=2026-07-17/exchange=NSE/symbol=BHARTIARTL/part-052352_911059-013573.parquet,real_data_sample\l2_unseen_validation\trade_date=2026-07-17\exchange=NSE\symbol=BHARTIARTL\part-052352_911059-013573.parquet,35011,downloaded,35011,
2026-07-17,NSE,BHARTIARTL,raw_l2/trade_date=2026-07-17/exchange=NSE/symbol=BHARTIARTL/part-052434_907629-013669.parquet,real_data_sample\l2_unseen_validation\trade_date=2026-07-17\exchange=NSE\symbol=BHARTIARTL\part-052434_907629-013669.parquet,35795,downloaded,35795,
2026-07-17,NSE,BHARTIARTL,raw_l2/trade_date=2026-07-17/exchange=NSE/symbol=BHARTIARTL/part-052448_661921-013701.parquet,real_data_sample\l2_unseen_validation\trade_date=2026-07-17\exchange=NSE\symbol=BHARTIARTL\part-052448_661921-013701.parquet,36263,downloaded,36263,
2026-07-17,NSE,BHARTIARTL,raw_l2/trade_date=2026-07-17/exchange=NSE/symbol=BHARTIARTL/part-052406_935410-013605.parquet,real_data_sample\l2_unseen_validation\trade_date=2026-07-17\exchange=NSE\symbol=BHARTIARTL\part-052406_935410-013605.parquet,35125,downloaded,35125,
2026-07-17,NSE,BHARTIARTL,raw_l2/trade_date=2026-07-17/exchange=NSE/symbol=BHARTIARTL/part-051512_695514-012389.parquet,real_data_sample\l2_unseen_validation\trade_date=2026-07-17\exchange=NSE\symbol=BHARTIARTL\part-051512_695514-012389.parquet,34995,downloaded,34995,
2026-07-17,NSE,BHARTIARTL,raw_l2/trade_date=2026-07-17/exchange=NSE/symbol=BHARTIARTL/part-052242_923252-013413.parquet,real_data_sample\l2_unseen_validation\trade_date=2026-07-17\exchange=NSE\symbol=BHARTIARTL\part-052242_923252-013413.parquet,34785,downloaded,34785,
2026-07-17,NSE,BHARTIARTL,raw_l2/trade_date=2026-07-17/exchange=NSE/symbol=BHARTIARTL/part-052420_926253-013637.parquet,real_data_sample\l2_unseen_validation\trade_date=2026-07-17\exchange=NSE\symbol=BHARTIARTL\part-052420_926253-013637.parquet,35733,downloaded,35733,
2026-07-17,NSE,BHARTIARTL,raw_l2/trade_date=2026-07-17/exchange=NSE/symbol=BHARTIARTL/part-052310_917359-013477.parquet,real_data_sample\l2_unseen_validation\trade_date=2026-07-17\exchange=NSE\symbol=BHARTIARTL\part-052310_917359-013477.parquet,34664,downloaded,34664,
2026-07-17,NSE,BHARTIARTL,raw_l2/trade_date=2026-07-17/exchange=NSE/symbol=BHARTIARTL/part-052214_923773-013349.parquet,real_data_sample\l2_unseen_validation\trade_date=2026-07-17\exchange=NSE\symbol=BHARTIARTL\part-052214_923773-013349.parquet,34686,downloaded,34686,
2026-07-17,NSE,BHARTIARTL,raw_l2/trade_date=2026-07-17/exchange=NSE/symbol=BHARTIARTL/part-052516_461845-013765.parquet,real_data_sample\l2_unseen_validation\trade_date=2026-07-17\exchange=NSE\symbol=BHARTIARTL\part-052516_461845-013765.parquet,36493,downloaded,36493,
2026-07-17,NSE,BHARTIARTL,raw_l2/trade_date=2026-07-17/exchange=NSE/symbol=BHARTIARTL/part-052502_666463-013733.parquet,real_data_sample\l2_unseen_validation\trade_date=2026-07-17\exchange=NSE\symbol=BHARTIARTL\part-052502_666463-013733.parquet,36266,downloaded,36266,
2026-07-17,NSE,BHARTIARTL,raw_l2/trade_date=2026-07-17/exchange=NSE/symbol=BHARTIARTL/part-052256_920980-013445.parquet,real_data_sample\l2_unseen_validation\trade_date=2026-07-17\exchange=NSE\symbol=BHARTIARTL\part-052256_920980-013445.parquet,34814,downloaded,34814,
2026-07-17,NSE,BHARTIARTL,raw_l2/trade_date=2026-07-17/exchange=NSE/symbol=BHARTIARTL/part-052530_195816-013797.parquet,real_data_sample\l2_unseen_validation\trade_date=2026-07-17\exchange=NSE\symbol=BHARTIARTL\part-052530_195816-013797.parquet,36030,downloaded,36030,
2026-07-17,NSE,BHARTIARTL,raw_l2/trade_date=2026-07-17/exchange=NSE/symbol=BHARTIARTL/part-052558_487142-013861.parquet,real_data_sample\l2_unseen_validation\trade_date=2026-07-17\exchange=NSE\symbol=BHARTIARTL\part-052558_487142-013861.parquet,36180,downloaded,36180,
2026-07-17,NSE,BHARTIARTL,raw_l2/trade_date=2026-07-17/exchange=NSE/symbol=BHARTIARTL/part-052228_945781-013381.parquet,real_data_sample\l2_unseen_validation\trade_date=2026-07-17\exchange=NSE\symbol=BHARTIARTL\part-052228_945781-013381.parquet,34705,downloaded,34705,
2026-07-17,NSE,BHARTIARTL,raw_l2/trade_date=2026-07-17/exchange=NSE/symbol=BHARTIARTL/part-052544_460562-013829.parquet,real_data_sample\l2_unseen_validation\trade_date=2026-07-17\exchange=NSE\symbol=BHARTIARTL\part-052544_460562-013829.parquet,36619,downloaded,36619,
2026-07-17,NSE,BHARTIARTL,raw_l2/trade_date=2026-07-17/exchange=NSE/symbol=BHARTIARTL/part-052626_926209-013925.parquet,real_data_sample\l2_unseen_validation\trade_date=2026-07-17\exchange=NSE\symbol=BHARTIARTL\part-052626_926209-013925.parquet,36394,downloaded,36394,
2026-07-17,NSE,BHARTIARTL,raw_l2/trade_date=2026-07-17/exchange=NSE/symbol=BHARTIARTL/part-052709_237870-014021.parquet,real_data_sample\l2_unseen_validation\trade_date=2026-07-17\exchange=NSE\symbol=BHARTIARTL\part-052709_237870-014021.parquet,35742,downloaded,35742,
2026-07-17,NSE,BHARTIARTL,raw_l2/trade_date=2026-07-17/exchange=NSE/symbol=BHARTIARTL/part-052737_188524-014085.parquet,real_data_sample\l2_unseen_validation\trade_date=2026-07-17\exchange=NSE\symbol=BHARTIARTL\part-052737_188524-014085.parquet,35512,downloaded,35512,
2026-07-17,NSE,BHARTIARTL,raw_l2/trade_date=2026-07-17/exchange=NSE/symbol=BHARTIARTL/part-052612_682145-013893.parquet,real_data_sample\l2_unseen_validation\trade_date=2026-07-17\exchange=NSE\symbol=BHARTIARTL\part-052612_682145-013893.parquet,36417,downloaded,36417,
2026-07-17,NSE,BHARTIARTL,raw_l2/trade_date=2026-07-17/exchange=NSE/symbol=BHARTIARTL/part-052723_292529-014053.parquet,real_data_sample\l2_unseen_validation\trade_date=2026-07-17\exchange=NSE\symbol=BHARTIARTL\part-052723_292529-014053.parquet,35600,downloaded,35600,
2026-07-17,NSE,BHARTIARTL,raw_l2/trade_date=2026-07-17/exchange=NSE/symbol=BHARTIARTL/part-052804_953424-014149.parquet,real_data_sample\l2_unseen_validation\trade_date=2026-07-17\exchange=NSE\symbol=BHARTIARTL\part-052804_953424-014149.parquet,34939,downloaded,34939,
2026-07-17,NSE,BHARTIARTL,raw_l2/trade_date=2026-07-17/exchange=NSE/symbol=BHARTIARTL/part-052751_194379-014117.parquet,real_data_sample\l2_unseen_validation\trade_date=2026-07-17\exchange=NSE\symbol=BHARTIARTL\part-052751_194379-014117.parquet,35344,downloaded,35344,
2026-07-17,NSE,BHARTIARTL,raw_l2/trade_date=2026-07-17/exchange=NSE/symbol=BHARTIARTL/part-052655_173218-013989.parquet,real_data_sample\l2_unseen_validation\trade_date=2026-07-17\exchange=NSE\symbol=BHARTIARTL\part-052655_173218-013989.parquet,36294,downloaded,36294,
2026-07-17,NSE,BHARTIARTL,raw_l2/trade_date=2026-07-17/exchange=NSE/symbol=BHARTIARTL/part-052640_928394-013957.parquet,real_data_sample\l2_unseen_validation\trade_date=2026-07-17\exchange=NSE\symbol=BHARTIARTL\part-052640_928394-013957.parquet,36226,downloaded,36226,
2026-07-17,NSE,BHARTIARTL,raw_l2/trade_date=2026-07-17/exchange=NSE/symbol=BHARTIARTL/part-052847_221759-014245.parquet,real_data_sample\l2_unseen_validation\trade_date=2026-07-17\exchange=NSE\symbol=BHARTIARTL\part-052847_221759-014245.parquet,34862,downloaded,34862,
2026-07-17,NSE,BHARTIARTL,raw_l2/trade_date=2026-07-17/exchange=NSE/symbol=BHARTIARTL/part-052833_213292-014213.parquet,real_data_sample\l2_unseen_validation\trade_date=2026-07-17\exchange=NSE\symbol=BHARTIARTL\part-052833_213292-014213.parquet,34896,downloaded,34896,
2026-07-17,NSE,BHARTIARTL,raw_l2/trade_date=2026-07-17/exchange=NSE/symbol=BHARTIARTL/part-052818_956915-014181.parquet,real_data_sample\l2_unseen_validation\trade_date=2026-07-17\exchange=NSE\symbol=BHARTIARTL\part-052818_956915-014181.parquet,34690,downloaded,34690,
2026-07-17,NSE,BHARTIARTL,raw_l2/trade_date=2026-07-17/exchange=NSE/symbol=BHARTIARTL/part-053248_183931-014789.parquet,real_data_sample\l2_unseen_validation\trade_date=2026-07-17\exchange=NSE\symbol=BHARTIARTL\part-053248_183931-014789.parquet,34911,downloaded,34911,
2026-07-17,NSE,BHARTIARTL,raw_l2/trade_date=2026-07-17/exchange=NSE/symbol=BHARTIARTL/part-052915_725421-014309.parquet,real_data_sample\l2_unseen_validation\trade_date=2026-07-17\exchange=NSE\symbol=BHARTIARTL\part-052915_725421-014309.parquet,34801,downloaded,34801,
2026-07-17,NSE,BHARTIARTL,raw_l2/trade_date=2026-07-17/exchange=NSE/symbol=BHARTIARTL/part-053521_676371-015141.parquet,real_data_sample\l2_unseen_validation\trade_date=2026-07-17\exchange=NSE\symbol=BHARTIARTL\part-053521_676371-015141.parquet,35028,downloaded,35028,
2026-07-17,NSE,BHARTIARTL,raw_l2/trade_date=2026-07-17/exchange=NSE/symbol=BHARTIARTL/part-053535_689886-015173.parquet,real_data_sample\l2_unseen_validation\trade_date=2026-07-17\exchange=NSE\symbol=BHARTIARTL\part-053535_689886-015173.parquet,34865,downloaded,34865,
2026-07-17,NSE,BHARTIARTL,raw_l2/trade_date=2026-07-17/exchange=NSE/symbol=BHARTIARTL/part-053549_453867-015205.parquet,real_data_sample\l2_unseen_validation\trade_date=2026-07-17\exchange=NSE\symbol=BHARTIARTL\part-053549_453867-015205.parquet,34750,downloaded,34750,
2026-07-17,NSE,BHARTIARTL,raw_l2/trade_date=2026-07-17/exchange=NSE/symbol=BHARTIARTL/part-053631_443888-015301.parquet,real_data_sample\l2_unseen_validation\trade_date=2026-07-17\exchange=NSE\symbol=BHARTIARTL\part-053631_443888-015301.parquet,36426,downloaded,36426,
2026-07-17,NSE,BHARTIARTL,raw_l2/trade_date=2026-07-17/exchange=NSE/symbol=BHARTIARTL/part-053659_193776-015365.parquet,real_data_sample\l2_unseen_validation\trade_date=2026-07-17\exchange=NSE\symbol=BHARTIARTL\part-053659_193776-015365.parquet,36045,downloaded,36045,
2026-07-17,NSE,BHARTIARTL,raw_l2/trade_date=2026-07-17/exchange=NSE/symbol=BHARTIARTL/part-053713_201958-015397.parquet,real_data_sample\l2_unseen_validation\trade_date=2026-07-17\exchange=NSE\symbol=BHARTIARTL\part-053713_201958-015397.parquet,36214,downloaded,36214,
2026-07-17,NSE,BHARTIARTL,raw_l2/trade_date=2026-07-17/exchange=NSE/symbol=BHARTIARTL/part-053617_160743-015269.parquet,real_data_sample\l2_unseen_validation\trade_date=2026-07-17\exchange=NSE\symbol=BHARTIARTL\part-053617_160743-015269.parquet,36016,downloaded,36016,
2026-07-17,NSE,BHARTIARTL,raw_l2/trade_date=2026-07-17/exchange=NSE/symbol=BHARTIARTL/part-053645_431778-015333.parquet,real_data_sample\l2_unseen_validation\trade_date=2026-07-17\exchange=NSE\symbol=BHARTIARTL\part-053645_431778-015333.parquet,35971,downloaded,35971,
2026-07-17,NSE,BHARTIARTL,raw_l2/trade_date=2026-07-17/exchange=NSE/symbol=BHARTIARTL/part-053603_165373-015237.parquet,real_data_sample\l2_unseen_validation\trade_date=2026-07-17\exchange=NSE\symbol=BHARTIARTL\part-053603_165373-015237.parquet,34820,downloaded,34820,
2026-07-17,NSE,BHARTIARTL,raw_l2/trade_date=2026-07-17/exchange=NSE/symbol=BHARTIARTL/part-053741_007684-015461.parquet,real_data_sample\l2_unseen_validation\trade_date=2026-07-17\exchange=NSE\symbol=BHARTIARTL\part-053741_007684-015461.parquet,36520,downloaded,36520,
2026-07-17,NSE,BHARTIARTL,raw_l2/trade_date=2026-07-17/exchange=NSE/symbol=BHARTIARTL/part-053727_176181-015429.parquet,real_data_sample\l2_unseen_validation\trade_date=2026-07-17\exchange=NSE\symbol=BHARTIARTL\part-053727_176181-015429.parquet,35911,downloaded,35911,
2026-07-17,NSE,BHARTIARTL,raw_l2/trade_date=2026-07-17/exchange=NSE/symbol=BHARTIARTL/part-053754_927390-015493.parquet,real_data_sample\l2_unseen_validation\trade_date=2026-07-17\exchange=NSE\symbol=BHARTIARTL\part-053754_927390-015493.parquet,36035,downloaded,36035,
2026-07-17,NSE,BHARTIARTL,raw_l2/trade_date=2026-07-17/exchange=NSE/symbol=BHARTIARTL/part-053808_691814-015525.parquet,real_data_sample\l2_unseen_validation\trade_date=2026-07-17\exchange=NSE\symbol=BHARTIARTL\part-053808_691814-015525.parquet,35860,downloaded,35860,
2026-07-17,NSE,BHARTIARTL,raw_l2/trade_date=2026-07-17/exchange=NSE/symbol=BHARTIARTL/part-053822_698908-015557.parquet,real_data_sample\l2_unseen_validation\trade_date=2026-07-17\exchange=NSE\symbol=BHARTIARTL\part-053822_698908-015557.parquet,35127,downloaded,35127,
2026-07-17,NSE,BHARTIARTL,raw_l2/trade_date=2026-07-17/exchange=NSE/symbol=BHARTIARTL/part-053836_947498-015589.parquet,real_data_sample\l2_unseen_validation\trade_date=2026-07-17\exchange=NSE\symbol=BHARTIARTL\part-053836_947498-015589.parquet,34678,downloaded,34678,
2026-07-17,NSE,BHARTIARTL,raw_l2/trade_date=2026-07-17/exchange=NSE/symbol=BHARTIARTL/part-053932_677356-015717.parquet,real_data_sample\l2_unseen_validation\trade_date=2026-07-17\exchange=NSE\symbol=BHARTIARTL\part-053932_677356-015717.parquet,34793,downloaded,34793,
2026-07-17,NSE,BHARTIARTL,raw_l2/trade_date=2026-07-17/exchange=NSE/symbol=BHARTIARTL/part-053904_711960-015653.parquet,real_data_sample\l2_unseen_validation\trade_date=2026-07-17\exchange=NSE\symbol=BHARTIARTL\part-053904_711960-015653.parquet,34761,downloaded,34761,
2026-07-17,NSE,BHARTIARTL,raw_l2/trade_date=2026-07-17/exchange=NSE/symbol=BHARTIARTL/part-053850_946184-015621.parquet,real_data_sample\l2_unseen_validation\trade_date=2026-07-17\exchange=NSE\symbol=BHARTIARTL\part-053850_946184-015621.parquet,34692,downloaded,34692,
2026-07-17,NSE,BHARTIARTL,raw_l2/trade_date=2026-07-17/exchange=NSE/symbol=BHARTIARTL/part-053918_545553-015685.parquet,real_data_sample\l2_unseen_validation\trade_date=2026-07-17\exchange=NSE\symbol=BHARTIARTL\part-053918_545553-015685.parquet,34973,downloaded,34973,
2026-07-17,NSE,BHARTIARTL,raw_l2/trade_date=2026-07-17/exchange=NSE/symbol=BHARTIARTL/part-053946_443967-015749.parquet,real_data_sample\l2_unseen_validation\trade_date=2026-07-17\exchange=NSE\symbol=BHARTIARTL\part-053946_443967-015749.parquet,34892,downloaded,34892,
2026-07-17,NSE,BHARTIARTL,raw_l2/trade_date=2026-07-17/exchange=NSE/symbol=BHARTIARTL/part-052132_957338-013253.parquet,real_data_sample\l2_unseen_validation\trade_date=2026-07-17\exchange=NSE\symbol=BHARTIARTL\part-052132_957338-013253.parquet,34768,downloaded,34768,
2026-07-17,NSE,BHARTIARTL,raw_l2/trade_date=2026-07-17/exchange=NSE/symbol=BHARTIARTL/part-054000_440511-015781.parquet,real_data_sample\l2_unseen_validation\trade_date=2026-07-17\exchange=NSE\symbol=BHARTIARTL\part-054000_440511-015781.parquet,34809,downloaded,34809,
2026-07-17,NSE,BHARTIARTL,raw_l2/trade_date=2026-07-17/exchange=NSE/symbol=BHARTIARTL/part-054042_252691-015877.parquet,real_data_sample\l2_unseen_validation\trade_date=2026-07-17\exchange=NSE\symbol=BHARTIARTL\part-054042_252691-015877.parquet,35765,downloaded,35765,
2026-07-17,NSE,BHARTIARTL,raw_l2/trade_date=2026-07-17/exchange=NSE/symbol=BHARTIARTL/part-054014_409981-015813.parquet,real_data_sample\l2_unseen_validation\trade_date=2026-07-17\exchange=NSE\symbol=BHARTIARTL\part-054014_409981-015813.parquet,35256,downloaded,35256,
2026-07-17,NSE,BHARTIARTL,raw_l2/trade_date=2026-07-17/exchange=NSE/symbol=BHARTIARTL/part-054028_430600-015845.parquet,real_data_sample\l2_unseen_validation\trade_date=2026-07-17\exchange=NSE\symbol=BHARTIARTL\part-054028_430600-015845.parquet,36244,downloaded,36244,
2026-07-17,NSE,BHARTIARTL,raw_l2/trade_date=2026-07-17/exchange=NSE/symbol=BHARTIARTL/part-054056_208145-015909.parquet,real_data_sample\l2_unseen_validation\trade_date=2026-07-17\exchange=NSE\symbol=BHARTIARTL\part-054056_208145-015909.parquet,35558,downloaded,35558,
2026-07-17,NSE,BHARTIARTL,raw_l2/trade_date=2026-07-17/exchange=NSE/symbol=BHARTIARTL/part-054123_939778-015973.parquet,real_data_sample\l2_unseen_validation\trade_date=2026-07-17\exchange=NSE\symbol=BHARTIARTL\part-054123_939778-015973.parquet,35930,downloaded,35930,
2026-07-17,NSE,BHARTIARTL,raw_l2/trade_date=2026-07-17/exchange=NSE/symbol=BHARTIARTL/part-054110_170823-015941.parquet,real_data_sample\l2_unseen_validation\trade_date=2026-07-17\exchange=NSE\symbol=BHARTIARTL\part-054110_170823-015941.parquet,36270,downloaded,36270,
2026-07-17,NSE,BHARTIARTL,raw_l2/trade_date=2026-07-17/exchange=NSE/symbol=BHARTIARTL/part-054137_674021-016005.parquet,real_data_sample\l2_unseen_validation\trade_date=2026-07-17\exchange=NSE\symbol=BHARTIARTL\part-054137_674021-016005.parquet,35383,downloaded,35383,
2026-07-17,NSE,BHARTIARTL,raw_l2/trade_date=2026-07-17/exchange=NSE/symbol=BHARTIARTL/part-054219_436063-016101.parquet,real_data_sample\l2_unseen_validation\trade_date=2026-07-17\exchange=NSE\symbol=BHARTIARTL\part-054219_436063-016101.parquet,34796,downloaded,34796,
2026-07-17,NSE,BHARTIARTL,raw_l2/trade_date=2026-07-17/exchange=NSE/symbol=BHARTIARTL/part-054233_153038-016133.parquet,real_data_sample\l2_unseen_validation\trade_date=2026-07-17\exchange=NSE\symbol=BHARTIARTL\part-054233_153038-016133.parquet,34732,downloaded,34732,
2026-07-17,NSE,BHARTIARTL,raw_l2/trade_date=2026-07-17/exchange=NSE/symbol=BHARTIARTL/part-054205_417554-016069.parquet,real_data_sample\l2_unseen_validation\trade_date=2026-07-17\exchange=NSE\symbol=BHARTIARTL\part-054205_417554-016069.parquet,35232,downloaded,35232,
2026-07-17,NSE,BHARTIARTL,raw_l2/trade_date=2026-07-17/exchange=NSE/symbol=BHARTIARTL/part-054151_418450-016037.parquet,real_data_sample\l2_unseen_validation\trade_date=2026-07-17\exchange=NSE\symbol=BHARTIARTL\part-054151_418450-016037.parquet,35862,downloaded,35862,
2026-07-17,NSE,BHARTIARTL,raw_l2/trade_date=2026-07-17/exchange=NSE/symbol=BHARTIARTL/part-054247_193035-016165.parquet,real_data_sample\l2_unseen_validation\trade_date=2026-07-17\exchange=NSE\symbol=BHARTIARTL\part-054247_193035-016165.parquet,34954,downloaded,34954,
2026-07-17,NSE,BHARTIARTL,raw_l2/trade_date=2026-07-17/exchange=NSE/symbol=BHARTIARTL/part-054315_185037-016229.parquet,real_data_sample\l2_unseen_validation\trade_date=2026-07-17\exchange=NSE\symbol=BHARTIARTL\part-054315_185037-016229.parquet,34977,downloaded,34977,
2026-07-17,NSE,BHARTIARTL,raw_l2/trade_date=2026-07-17/exchange=NSE/symbol=BHARTIARTL/part-054301_199173-016197.parquet,real_data_sample\l2_unseen_validation\trade_date=2026-07-17\exchange=NSE\symbol=BHARTIARTL\part-054301_199173-016197.parquet,34982,downloaded,34982,
2026-07-17,NSE,BHARTIARTL,raw_l2/trade_date=2026-07-17/exchange=NSE/symbol=BHARTIARTL/part-054329_001304-016261.parquet,real_data_sample\l2_unseen_validation\trade_date=2026-07-17\exchange=NSE\symbol=BHARTIARTL\part-054329_001304-016261.parquet,35625,downloaded,35625,
2026-07-17,NSE,BHARTIARTL,raw_l2/trade_date=2026-07-17/exchange=NSE/symbol=BHARTIARTL/part-054342_960836-016293.parquet,real_data_sample\l2_unseen_validation\trade_date=2026-07-17\exchange=NSE\symbol=BHARTIARTL\part-054342_960836-016293.parquet,35268,downloaded,35268,
2026-07-17,NSE,BHARTIARTL,raw_l2/trade_date=2026-07-17/exchange=NSE/symbol=BHARTIARTL/part-054356_683591-016325.parquet,real_data_sample\l2_unseen_validation\trade_date=2026-07-17\exchange=NSE\symbol=BHARTIARTL\part-054356_683591-016325.parquet,35605,downloaded,35605,
2026-07-17,NSE,BHARTIARTL,raw_l2/trade_date=2026-07-17/exchange=NSE/symbol=BHARTIARTL/part-054410_703705-016357.parquet,real_data_sample\l2_unseen_validation\trade_date=2026-07-17\exchange=NSE\symbol=BHARTIARTL\part-054410_703705-016357.parquet,35833,downloaded,35833,
2026-07-17,NSE,BHARTIARTL,raw_l2/trade_date=2026-07-17/exchange=NSE/symbol=BHARTIARTL/part-052901_719642-014277.parquet,real_data_sample\l2_unseen_validation\trade_date=2026-07-17\exchange=NSE\symbol=BHARTIARTL\part-052901_719642-014277.parquet,34923,downloaded,34923,
2026-07-17,NSE,BHARTIARTL,raw_l2/trade_date=2026-07-17/exchange=NSE/symbol=BHARTIARTL/part-053316_288771-014853.parquet,real_data_sample\l2_unseen_validation\trade_date=2026-07-17\exchange=NSE\symbol=BHARTIARTL\part-053316_288771-014853.parquet,34971,downloaded,34971,
2026-07-17,NSE,BHARTIARTL,raw_l2/trade_date=2026-07-17/exchange=NSE/symbol=BHARTIARTL/part-053205_989670-014693.parquet,real_data_sample\l2_unseen_validation\trade_date=2026-07-17\exchange=NSE\symbol=BHARTIARTL\part-053205_989670-014693.parquet,35685,downloaded,35685,
2026-07-17,NSE,BHARTIARTL,raw_l2/trade_date=2026-07-17/exchange=NSE/symbol=BHARTIARTL/part-054424_656336-016389.parquet,real_data_sample\l2_unseen_validation\trade_date=2026-07-17\exchange=NSE\symbol=BHARTIARTL\part-054424_656336-016389.parquet,34735,downloaded,34735,
2026-07-17,NSE,BHARTIARTL,raw_l2/trade_date=2026-07-17/exchange=NSE/symbol=BHARTIARTL/part-053330_445757-014885.parquet,real_data_sample\l2_unseen_validation\trade_date=2026-07-17\exchange=NSE\symbol=BHARTIARTL\part-053330_445757-014885.parquet,34970,downloaded,34970,
2026-07-17,NSE,BHARTIARTL,raw_l2/trade_date=2026-07-17/exchange=NSE/symbol=BHARTIARTL/part-053055_263031-014533.parquet,real_data_sample\l2_unseen_validation\trade_date=2026-07-17\exchange=NSE\symbol=BHARTIARTL\part-053055_263031-014533.parquet,34888,downloaded,34888,
2026-07-17,NSE,BHARTIARTL,raw_l2/trade_date=2026-07-17/exchange=NSE/symbol=BHARTIARTL/part-053344_456665-014917.parquet,real_data_sample\l2_unseen_validation\trade_date=2026-07-17\exchange=NSE\symbol=BHARTIARTL\part-053344_456665-014917.parquet,34961,downloaded,34961,
2026-07-17,NSE,BHARTIARTL,raw_l2/trade_date=2026-07-17/exchange=NSE/symbol=BHARTIARTL/part-054438_439416-016421.parquet,real_data_sample\l2_unseen_validation\trade_date=2026-07-17\exchange=NSE\symbol=BHARTIARTL\part-054438_439416-016421.parquet,34905,downloaded,34905,
2026-07-17,NSE,BHARTIARTL,raw_l2/trade_date=2026-07-17/exchange=NSE/symbol=BHARTIARTL/part-054452_443756-016453.parquet,real_data_sample\l2_unseen_validation\trade_date=2026-07-17\exchange=NSE\symbol=BHARTIARTL\part-054452_443756-016453.parquet,35147,downloaded,35147,
2026-07-17,NSE,BHARTIARTL,raw_l2/trade_date=2026-07-17/exchange=NSE/symbol=BHARTIARTL/part-053151_935145-014661.parquet,real_data_sample\l2_unseen_validation\trade_date=2026-07-17\exchange=NSE\symbol=BHARTIARTL\part-053151_935145-014661.parquet,35350,downloaded,35350,
2026-07-17,NSE,BHARTIARTL,raw_l2/trade_date=2026-07-17/exchange=NSE/symbol=BHARTIARTL/part-054520_232315-016517.parquet,real_data_sample\l2_unseen_validation\trade_date=2026-07-17\exchange=NSE\symbol=BHARTIARTL\part-054520_232315-016517.parquet,35564,downloaded,35564,
2026-07-17,NSE,BHARTIARTL,raw_l2/trade_date=2026-07-17/exchange=NSE/symbol=BHARTIARTL/part-054506_203184-016485.parquet,real_data_sample\l2_unseen_validation\trade_date=2026-07-17\exchange=NSE\symbol=BHARTIARTL\part-054506_203184-016485.parquet,35093,downloaded,35093,
2026-07-17,NSE,BHARTIARTL,raw_l2/trade_date=2026-07-17/exchange=NSE/symbol=BHARTIARTL/part-054533_937131-016549.parquet,real_data_sample\l2_unseen_validation\trade_date=2026-07-17\exchange=NSE\symbol=BHARTIARTL\part-054533_937131-016549.parquet,35518,downloaded,35518,
2026-07-17,NSE,BHARTIARTL,raw_l2/trade_date=2026-07-17/exchange=NSE/symbol=BHARTIARTL/part-054547_925936-016581.parquet,real_data_sample\l2_unseen_validation\trade_date=2026-07-17\exchange=NSE\symbol=BHARTIARTL\part-054547_925936-016581.parquet,35700,downloaded,35700,
2026-07-17,NSE,BHARTIARTL,raw_l2/trade_date=2026-07-17/exchange=NSE/symbol=BHARTIARTL/part-053124_065605-014597.parquet,real_data_sample\l2_unseen_validation\trade_date=2026-07-17\exchange=NSE\symbol=BHARTIARTL\part-053124_065605-014597.parquet,35839,downloaded,35839,
2026-07-17,NSE,BHARTIARTL,raw_l2/trade_date=2026-07-17/exchange=NSE/symbol=BHARTIARTL/part-054601_726277-016613.parquet,real_data_sample\l2_unseen_validation\trade_date=2026-07-17\exchange=NSE\symbol=BHARTIARTL\part-054601_726277-016613.parquet,35622,downloaded,35622,
2026-07-17,NSE,BHARTIARTL,raw_l2/trade_date=2026-07-17/exchange=NSE/symbol=BHARTIARTL/part-053302_289009-014821.parquet,real_data_sample\l2_unseen_validation\trade_date=2026-07-17\exchange=NSE\symbol=BHARTIARTL\part-053302_289009-014821.parquet,34764,downloaded,34764,
2026-07-17,NSE,BHARTIARTL,raw_l2/trade_date=2026-07-17/exchange=NSE/symbol=BHARTIARTL/part-052957_713937-014405.parquet,real_data_sample\l2_unseen_validation\trade_date=2026-07-17\exchange=NSE\symbol=BHARTIARTL\part-052957_713937-014405.parquet,34929,downloaded,34929,
2026-07-17,NSE,BHARTIARTL,raw_l2/trade_date=2026-07-17/exchange=NSE/symbol=BHARTIARTL/part-053041_184288-014501.parquet,real_data_sample\l2_unseen_validation\trade_date=2026-07-17\exchange=NSE\symbol=BHARTIARTL\part-053041_184288-014501.parquet,34804,downloaded,34804,
2026-07-17,NSE,BHARTIARTL,raw_l2/trade_date=2026-07-17/exchange=NSE/symbol=BHARTIARTL/part-052929_707716-014341.parquet,real_data_sample\l2_unseen_validation\trade_date=2026-07-17\exchange=NSE\symbol=BHARTIARTL\part-052929_707716-014341.parquet,34861,downloaded,34861,
2026-07-17,NSE,BHARTIARTL,raw_l2/trade_date=2026-07-17/exchange=NSE/symbol=BHARTIARTL/part-054629_441183-016677.parquet,real_data_sample\l2_unseen_validation\trade_date=2026-07-17\exchange=NSE\symbol=BHARTIARTL\part-054629_441183-016677.parquet,34637,downloaded,34637,
2026-07-17,NSE,BHARTIARTL,raw_l2/trade_date=2026-07-17/exchange=NSE/symbol=BHARTIARTL/part-054643_214192-016709.parquet,real_data_sample\l2_unseen_validation\trade_date=2026-07-17\exchange=NSE\symbol=BHARTIARTL\part-054643_214192-016709.parquet,34960,downloaded,34960,
2026-07-17,NSE,BHARTIARTL,raw_l2/trade_date=2026-07-17/exchange=NSE/symbol=BHARTIARTL/part-053234_254760-014757.parquet,real_data_sample\l2_unseen_validation\trade_date=2026-07-17\exchange=NSE\symbol=BHARTIARTL\part-053234_254760-014757.parquet,34871,downloaded,34871,
2026-07-17,NSE,BHARTIARTL,raw_l2/trade_date=2026-07-17/exchange=NSE/symbol=BHARTIARTL/part-053412_422314-014981.parquet,real_data_sample\l2_unseen_validation\trade_date=2026-07-17\exchange=NSE\symbol=BHARTIARTL\part-053412_422314-014981.parquet,34886,downloaded,34886,
2026-07-17,NSE,BHARTIARTL,raw_l2/trade_date=2026-07-17/exchange=NSE/symbol=BHARTIARTL/part-053138_190378-014629.parquet,real_data_sample\l2_unseen_validation\trade_date=2026-07-17\exchange=NSE\symbol=BHARTIARTL\part-053138_190378-014629.parquet,35794,downloaded,35794,
2026-07-17,NSE,BHARTIARTL,raw_l2/trade_date=2026-07-17/exchange=NSE/symbol=BHARTIARTL/part-052943_698921-014373.parquet,real_data_sample\l2_unseen_validation\trade_date=2026-07-17\exchange=NSE\symbol=BHARTIARTL\part-052943_698921-014373.parquet,34811,downloaded,34811,
2026-07-17,NSE,BHARTIARTL,raw_l2/trade_date=2026-07-17/exchange=NSE/symbol=BHARTIARTL/part-053453_902200-015077.parquet,real_data_sample\l2_unseen_validation\trade_date=2026-07-17\exchange=NSE\symbol=BHARTIARTL\part-053453_902200-015077.parquet,34691,downloaded,34691,
2026-07-17,NSE,BHARTIARTL,raw_l2/trade_date=2026-07-17/exchange=NSE/symbol=BHARTIARTL/part-054657_169769-016741.parquet,real_data_sample\l2_unseen_validation\trade_date=2026-07-17\exchange=NSE\symbol=BHARTIARTL\part-054657_169769-016741.parquet,34815,downloaded,34815,
2026-07-17,NSE,BHARTIARTL,raw_l2/trade_date=2026-07-17/exchange=NSE/symbol=BHARTIARTL/part-054710_958941-016773.parquet,real_data_sample\l2_unseen_validation\trade_date=2026-07-17\exchange=NSE\symbol=BHARTIARTL\part-054710_958941-016773.parquet,34803,downloaded,34803,
2026-07-17,NSE,BHARTIARTL,raw_l2/trade_date=2026-07-17/exchange=NSE/symbol=BHARTIARTL/part-053012_024884-014437.parquet,real_data_sample\l2_unseen_validation\trade_date=2026-07-17\exchange=NSE\symbol=BHARTIARTL\part-053012_024884-014437.parquet,34757,downloaded,34757,
2026-07-17,NSE,BHARTIARTL,raw_l2/trade_date=2026-07-17/exchange=NSE/symbol=BHARTIARTL/part-053220_186661-014725.parquet,real_data_sample\l2_unseen_validation\trade_date=2026-07-17\exchange=NSE\symbol=BHARTIARTL\part-053220_186661-014725.parquet,35077,downloaded,35077,
2026-07-17,NSE,BHARTIARTL,raw_l2/trade_date=2026-07-17/exchange=NSE/symbol=BHARTIARTL/part-054739_232000-016837.parquet,real_data_sample\l2_unseen_validation\trade_date=2026-07-17\exchange=NSE\symbol=BHARTIARTL\part-054739_232000-016837.parquet,35004,downloaded,35004,
2026-07-17,NSE,BHARTIARTL,raw_l2/trade_date=2026-07-17/exchange=NSE/symbol=BHARTIARTL/part-054725_203753-016805.parquet,real_data_sample\l2_unseen_validation\trade_date=2026-07-17\exchange=NSE\symbol=BHARTIARTL\part-054725_203753-016805.parquet,34702,downloaded,34702,
2026-07-17,NSE,BHARTIARTL,raw_l2/trade_date=2026-07-17/exchange=NSE/symbol=BHARTIARTL/part-054835_716756-016965.parquet,real_data_sample\l2_unseen_validation\trade_date=2026-07-17\exchange=NSE\symbol=BHARTIARTL\part-054835_716756-016965.parquet,35738,downloaded,35738,
2026-07-17,NSE,BHARTIARTL,raw_l2/trade_date=2026-07-17/exchange=NSE/symbol=BHARTIARTL/part-054615_700340-016645.parquet,real_data_sample\l2_unseen_validation\trade_date=2026-07-17\exchange=NSE\symbol=BHARTIARTL\part-054615_700340-016645.parquet,35233,downloaded,35233,
2026-07-17,NSE,BHARTIARTL,raw_l2/trade_date=2026-07-17/exchange=NSE/symbol=BHARTIARTL/part-053358_309367-014949.parquet,real_data_sample\l2_unseen_validation\trade_date=2026-07-17\exchange=NSE\symbol=BHARTIARTL\part-053358_309367-014949.parquet,34937,downloaded,34937,
2026-07-17,NSE,BHARTIARTL,raw_l2/trade_date=2026-07-17/exchange=NSE/symbol=BHARTIARTL/part-054807_428180-016901.parquet,real_data_sample\l2_unseen_validation\trade_date=2026-07-17\exchange=NSE\symbol=BHARTIARTL\part-054807_428180-016901.parquet,34939,downloaded,34939,
2026-07-17,NSE,BHARTIARTL,raw_l2/trade_date=2026-07-17/exchange=NSE/symbol=BHARTIARTL/part-054821_493176-016933.parquet,real_data_sample\l2_unseen_validation\trade_date=2026-07-17\exchange=NSE\symbol=BHARTIARTL\part-054821_493176-016933.parquet,35849,downloaded,35849,
2026-07-17,NSE,BHARTIARTL,raw_l2/trade_date=2026-07-17/exchange=NSE/symbol=BHARTIARTL/part-054932_479708-017093.parquet,real_data_sample\l2_unseen_validation\trade_date=2026-07-17\exchange=NSE\symbol=BHARTIARTL\part-054932_479708-017093.parquet,35764,downloaded,35764,
2026-07-17,NSE,BHARTIARTL,raw_l2/trade_date=2026-07-17/exchange=NSE/symbol=BHARTIARTL/part-055001_274955-017157.parquet,real_data_sample\l2_unseen_validation\trade_date=2026-07-17\exchange=NSE\symbol=BHARTIARTL\part-055001_274955-017157.parquet,35927,downloaded,35927,
2026-07-17,NSE,BHARTIARTL,raw_l2/trade_date=2026-07-17/exchange=NSE/symbol=BHARTIARTL/part-054753_451678-016869.parquet,real_data_sample\l2_unseen_validation\trade_date=2026-07-17\exchange=NSE\symbol=BHARTIARTL\part-054753_451678-016869.parquet,34918,downloaded,34918,
2026-07-17,NSE,BHARTIARTL,raw_l2/trade_date=2026-07-17/exchange=NSE/symbol=BHARTIARTL/part-054946_780499-017125.parquet,real_data_sample\l2_unseen_validation\trade_date=2026-07-17\exchange=NSE\symbol=BHARTIARTL\part-054946_780499-017125.parquet,36106,downloaded,36106,
2026-07-17,NSE,BHARTIARTL,raw_l2/trade_date=2026-07-17/exchange=NSE/symbol=BHARTIARTL/part-053109_245963-014565.parquet,real_data_sample\l2_unseen_validation\trade_date=2026-07-17\exchange=NSE\symbol=BHARTIARTL\part-053109_245963-014565.parquet,34915,downloaded,34915,
2026-07-17,NSE,BHARTIARTL,raw_l2/trade_date=2026-07-17/exchange=NSE/symbol=BHARTIARTL/part-054849_955244-016997.parquet,real_data_sample\l2_unseen_validation\trade_date=2026-07-17\exchange=NSE\symbol=BHARTIARTL\part-054849_955244-016997.parquet,35115,downloaded,35115,
2026-07-17,NSE,BHARTIARTL,raw_l2/trade_date=2026-07-17/exchange=NSE/symbol=BHARTIARTL/part-054903_971868-017029.parquet,real_data_sample\l2_unseen_validation\trade_date=2026-07-17\exchange=NSE\symbol=BHARTIARTL\part-054903_971868-017029.parquet,35519,downloaded,35519,
2026-07-17,NSE,BHARTIARTL,raw_l2/trade_date=2026-07-17/exchange=NSE/symbol=BHARTIARTL/part-054918_213204-017061.parquet,real_data_sample\l2_unseen_validation\trade_date=2026-07-17\exchange=NSE\symbol=BHARTIARTL\part-054918_213204-017061.parquet,36135,downloaded,36135,
2026-07-17,NSE,BHARTIARTL,raw_l2/trade_date=2026-07-17/exchange=NSE/symbol=BHARTIARTL/part-055029_757969-017221.parquet,real_data_sample\l2_unseen_validation\trade_date=2026-07-17\exchange=NSE\symbol=BHARTIARTL\part-055029_757969-017221.parquet,36028,downloaded,36028,
2026-07-17,NSE,BHARTIARTL,raw_l2/trade_date=2026-07-17/exchange=NSE/symbol=BHARTIARTL/part-053027_464607-014469.parquet,real_data_sample\l2_unseen_validation\trade_date=2026-07-17\exchange=NSE\symbol=BHARTIARTL\part-053027_464607-014469.parquet,34958,downloaded,34958,
2026-07-17,NSE,BHARTIARTL,raw_l2/trade_date=2026-07-17/exchange=NSE/symbol=BHARTIARTL/part-053507_673592-015109.parquet,real_data_sample\l2_unseen_validation\trade_date=2026-07-17\exchange=NSE\symbol=BHARTIARTL\part-053507_673592-015109.parquet,34803,downloaded,34803,
2026-07-17,NSE,BHARTIARTL,raw_l2/trade_date=2026-07-17/exchange=NSE/symbol=BHARTIARTL/part-055128_189557-017349.parquet,real_data_sample\l2_unseen_validation\trade_date=2026-07-17\exchange=NSE\symbol=BHARTIARTL\part-055128_189557-017349.parquet,34941,downloaded,34941,
2026-07-17,NSE,BHARTIARTL,raw_l2/trade_date=2026-07-17/exchange=NSE/symbol=BHARTIARTL/part-055044_371621-017253.parquet,real_data_sample\l2_unseen_validation\trade_date=2026-07-17\exchange=NSE\symbol=BHARTIARTL\part-055044_371621-017253.parquet,36320,downloaded,36320,
2026-07-17,NSE,BHARTIARTL,raw_l2/trade_date=2026-07-17/exchange=NSE/symbol=BHARTIARTL/part-055058_834228-017285.parquet,real_data_sample\l2_unseen_validation\trade_date=2026-07-17\exchange=NSE\symbol=BHARTIARTL\part-055058_834228-017285.parquet,35881,downloaded,35881,
2026-07-17,NSE,BHARTIARTL,raw_l2/trade_date=2026-07-17/exchange=NSE/symbol=BHARTIARTL/part-055113_526227-017317.parquet,real_data_sample\l2_unseen_validation\trade_date=2026-07-17\exchange=NSE\symbol=BHARTIARTL\part-055113_526227-017317.parquet,36018,downloaded,36018,
2026-07-17,NSE,BHARTIARTL,raw_l2/trade_date=2026-07-17/exchange=NSE/symbol=BHARTIARTL/part-055143_043660-017381.parquet,real_data_sample\l2_unseen_validation\trade_date=2026-07-17\exchange=NSE\symbol=BHARTIARTL\part-055143_043660-017381.parquet,34861,downloaded,34861,
2026-07-17,NSE,BHARTIARTL,raw_l2/trade_date=2026-07-17/exchange=NSE/symbol=BHARTIARTL/part-055157_800018-017413.parquet,real_data_sample\l2_unseen_validation\trade_date=2026-07-17\exchange=NSE\symbol=BHARTIARTL\part-055157_800018-017413.parquet,34859,downloaded,34859,
2026-07-17,NSE,BHARTIARTL,raw_l2/trade_date=2026-07-17/exchange=NSE/symbol=BHARTIARTL/part-055212_310385-017445.parquet,real_data_sample\l2_unseen_validation\trade_date=2026-07-17\exchange=NSE\symbol=BHARTIARTL\part-055212_310385-017445.parquet,34901,downloaded,34901,
2026-07-17,NSE,BHARTIARTL,raw_l2/trade_date=2026-07-17/exchange=NSE/symbol=BHARTIARTL/part-055226_935021-017477.parquet,real_data_sample\l2_unseen_validation\trade_date=2026-07-17\exchange=NSE\symbol=BHARTIARTL\part-055226_935021-017477.parquet,34684,downloaded,34684,
2026-07-17,NSE,BHARTIARTL,raw_l2/trade_date=2026-07-17/exchange=NSE/symbol=BHARTIARTL/part-053440_163874-015045.parquet,real_data_sample\l2_unseen_validation\trade_date=2026-07-17\exchange=NSE\symbol=BHARTIARTL\part-053440_163874-015045.parquet,34853,downloaded,34853,
2026-07-17,NSE,BHARTIARTL,raw_l2/trade_date=2026-07-17/exchange=NSE/symbol=BHARTIARTL/part-053426_439367-015013.parquet,real_data_sample\l2_unseen_validation\trade_date=2026-07-17\exchange=NSE\symbol=BHARTIARTL\part-053426_439367-015013.parquet,34813,downloaded,34813,
2026-07-17,NSE,BHARTIARTL,raw_l2/trade_date=2026-07-17/exchange=NSE/symbol=BHARTIARTL/part-055241_601023-017509.parquet,real_data_sample\l2_unseen_validation\trade_date=2026-07-17\exchange=NSE\symbol=BHARTIARTL\part-055241_601023-017509.parquet,34659,downloaded,34659,
2026-07-17,NSE,BHARTIARTL,raw_l2/trade_date=2026-07-17/exchange=NSE/symbol=BHARTIARTL/part-055256_545145-017541.parquet,real_data_sample\l2_unseen_validation\trade_date=2026-07-17\exchange=NSE\symbol=BHARTIARTL\part-055256_545145-017541.parquet,35020,downloaded,35020,
2026-07-17,NSE,BHARTIARTL,raw_l2/trade_date=2026-07-17/exchange=NSE/symbol=BHARTIARTL/part-055310_794292-017573.parquet,real_data_sample\l2_unseen_validation\trade_date=2026-07-17\exchange=NSE\symbol=BHARTIARTL\part-055310_794292-017573.parquet,34979,downloaded,34979,
2026-07-17,NSE,BHARTIARTL,raw_l2/trade_date=2026-07-17/exchange=NSE/symbol=BHARTIARTL/part-055324_996332-017605.parquet,real_data_sample\l2_unseen_validation\trade_date=2026-07-17\exchange=NSE\symbol=BHARTIARTL\part-055324_996332-017605.parquet,34796,downloaded,34796,
2026-07-17,NSE,BHARTIARTL,raw_l2/trade_date=2026-07-17/exchange=NSE/symbol=BHARTIARTL/part-055353_802811-017669.parquet,real_data_sample\l2_unseen_validation\trade_date=2026-07-17\exchange=NSE\symbol=BHARTIARTL\part-055353_802811-017669.parquet,34914,downloaded,34914,
2026-07-17,NSE,BHARTIARTL,raw_l2/trade_date=2026-07-17/exchange=NSE/symbol=BHARTIARTL/part-055339_426622-017637.parquet,real_data_sample\l2_unseen_validation\trade_date=2026-07-17\exchange=NSE\symbol=BHARTIARTL\part-055339_426622-017637.parquet,34877,downloaded,34877,
2026-07-17,NSE,BHARTIARTL,raw_l2/trade_date=2026-07-17/exchange=NSE/symbol=BHARTIARTL/part-055450_276843-017797.parquet,real_data_sample\l2_unseen_validation\trade_date=2026-07-17\exchange=NSE\symbol=BHARTIARTL\part-055450_276843-017797.parquet,35576,downloaded,35576,
2026-07-17,NSE,BHARTIARTL,raw_l2/trade_date=2026-07-17/exchange=NSE/symbol=BHARTIARTL/part-055436_287874-017765.parquet,real_data_sample\l2_unseen_validation\trade_date=2026-07-17\exchange=NSE\symbol=BHARTIARTL\part-055436_287874-017765.parquet,35566,downloaded,35566,
2026-07-17,NSE,BHARTIARTL,raw_l2/trade_date=2026-07-17/exchange=NSE/symbol=BHARTIARTL/part-055422_221116-017733.parquet,real_data_sample\l2_unseen_validation\trade_date=2026-07-17\exchange=NSE\symbol=BHARTIARTL\part-055422_221116-017733.parquet,35797,downloaded,35797,
2026-07-17,NSE,BHARTIARTL,raw_l2/trade_date=2026-07-17/exchange=NSE/symbol=BHARTIARTL/part-055504_275410-017829.parquet,real_data_sample\l2_unseen_validation\trade_date=2026-07-17\exchange=NSE\symbol=BHARTIARTL\part-055504_275410-017829.parquet,36045,downloaded,36045,
2026-07-17,NSE,BHARTIARTL,raw_l2/trade_date=2026-07-17/exchange=NSE/symbol=BHARTIARTL/part-055518_230640-017861.parquet,real_data_sample\l2_unseen_validation\trade_date=2026-07-17\exchange=NSE\symbol=BHARTIARTL\part-055518_230640-017861.parquet,35244,downloaded,35244,
2026-07-17,NSE,BHARTIARTL,raw_l2/trade_date=2026-07-17/exchange=NSE/symbol=BHARTIARTL/part-055614_533839-017989.parquet,real_data_sample\l2_unseen_validation\trade_date=2026-07-17\exchange=NSE\symbol=BHARTIARTL\part-055614_533839-017989.parquet,34936,downloaded,34936,
2026-07-17,NSE,BHARTIARTL,raw_l2/trade_date=2026-07-17/exchange=NSE/symbol=BHARTIARTL/part-055600_264427-017957.parquet,real_data_sample\l2_unseen_validation\trade_date=2026-07-17\exchange=NSE\symbol=BHARTIARTL\part-055600_264427-017957.parquet,34830,downloaded,34830,
2026-07-17,NSE,BHARTIARTL,raw_l2/trade_date=2026-07-17/exchange=NSE/symbol=BHARTIARTL/part-055546_234101-017925.parquet,real_data_sample\l2_unseen_validation\trade_date=2026-07-17\exchange=NSE\symbol=BHARTIARTL\part-055546_234101-017925.parquet,34610,downloaded,34610,
2026-07-17,NSE,BHARTIARTL,raw_l2/trade_date=2026-07-17/exchange=NSE/symbol=BHARTIARTL/part-055628_498786-018021.parquet,real_data_sample\l2_unseen_validation\trade_date=2026-07-17\exchange=NSE\symbol=BHARTIARTL\part-055628_498786-018021.parquet,34709,downloaded,34709,
2026-07-17,NSE,BHARTIARTL,raw_l2/trade_date=2026-07-17/exchange=NSE/symbol=BHARTIARTL/part-055642_736402-018053.parquet,real_data_sample\l2_unseen_validation\trade_date=2026-07-17\exchange=NSE\symbol=BHARTIARTL\part-055642_736402-018053.parquet,34546,downloaded,34546,
2026-07-17,NSE,BHARTIARTL,raw_l2/trade_date=2026-07-17/exchange=NSE/symbol=BHARTIARTL/part-055656_748401-018085.parquet,real_data_sample\l2_unseen_validation\trade_date=2026-07-17\exchange=NSE\symbol=BHARTIARTL\part-055656_748401-018085.parquet,34811,downloaded,34811,
2026-07-17,NSE,BHARTIARTL,raw_l2/trade_date=2026-07-17/exchange=NSE/symbol=BHARTIARTL/part-055532_302139-017893.parquet,real_data_sample\l2_unseen_validation\trade_date=2026-07-17\exchange=NSE\symbol=BHARTIARTL\part-055532_302139-017893.parquet,34930,downloaded,34930,
2026-07-17,NSE,BHARTIARTL,raw_l2/trade_date=2026-07-17/exchange=NSE/symbol=BHARTIARTL/part-055753_001583-018213.parquet,real_data_sample\l2_unseen_validation\trade_date=2026-07-17\exchange=NSE\symbol=BHARTIARTL\part-055753_001583-018213.parquet,34814,downloaded,34814,
2026-07-17,NSE,BHARTIARTL,raw_l2/trade_date=2026-07-17/exchange=NSE/symbol=BHARTIARTL/part-055710_735494-018117.parquet,real_data_sample\l2_unseen_validation\trade_date=2026-07-17\exchange=NSE\symbol=BHARTIARTL\part-055710_735494-018117.parquet,34984,downloaded,34984,
2026-07-17,NSE,BHARTIARTL,raw_l2/trade_date=2026-07-17/exchange=NSE/symbol=BHARTIARTL/part-055739_007643-018181.parquet,real_data_sample\l2_unseen_validation\trade_date=2026-07-17\exchange=NSE\symbol=BHARTIARTL\part-055739_007643-018181.parquet,34711,downloaded,34711,
2026-07-17,NSE,BHARTIARTL,raw_l2/trade_date=2026-07-17/exchange=NSE/symbol=BHARTIARTL/part-055835_263291-018309.parquet,real_data_sample\l2_unseen_validation\trade_date=2026-07-17\exchange=NSE\symbol=BHARTIARTL\part-055835_263291-018309.parquet,36047,downloaded,36047,
2026-07-17,NSE,BHARTIARTL,raw_l2/trade_date=2026-07-17/exchange=NSE/symbol=BHARTIARTL/part-055807_007309-018245.parquet,real_data_sample\l2_unseen_validation\trade_date=2026-07-17\exchange=NSE\symbol=BHARTIARTL\part-055807_007309-018245.parquet,34807,downloaded,34807,
2026-07-17,NSE,BHARTIARTL,raw_l2/trade_date=2026-07-17/exchange=NSE/symbol=BHARTIARTL/part-055820_997949-018277.parquet,real_data_sample\l2_unseen_validation\trade_date=2026-07-17\exchange=NSE\symbol=BHARTIARTL\part-055820_997949-018277.parquet,35846,downloaded,35846,
2026-07-17,NSE,BHARTIARTL,raw_l2/trade_date=2026-07-17/exchange=NSE/symbol=BHARTIARTL/part-055917_734881-018405.parquet,real_data_sample\l2_unseen_validation\trade_date=2026-07-17\exchange=NSE\symbol=BHARTIARTL\part-055917_734881-018405.parquet,35661,downloaded,35661,
2026-07-17,NSE,BHARTIARTL,raw_l2/trade_date=2026-07-17/exchange=NSE/symbol=BHARTIARTL/part-055724_769957-018149.parquet,real_data_sample\l2_unseen_validation\trade_date=2026-07-17\exchange=NSE\symbol=BHARTIARTL\part-055724_769957-018149.parquet,34783,downloaded,34783,
2026-07-17,NSE,BHARTIARTL,raw_l2/trade_date=2026-07-17/exchange=NSE/symbol=BHARTIARTL/part-055903_725436-018373.parquet,real_data_sample\l2_unseen_validation\trade_date=2026-07-17\exchange=NSE\symbol=BHARTIARTL\part-055903_725436-018373.parquet,35778,downloaded,35778,
2026-07-17,NSE,BHARTIARTL,raw_l2/trade_date=2026-07-17/exchange=NSE/symbol=BHARTIARTL/part-060000_720920-018501.parquet,real_data_sample\l2_unseen_validation\trade_date=2026-07-17\exchange=NSE\symbol=BHARTIARTL\part-060000_720920-018501.parquet,35318,downloaded,35318,
2026-07-17,NSE,BHARTIARTL,raw_l2/trade_date=2026-07-17/exchange=NSE/symbol=BHARTIARTL/part-055849_550782-018341.parquet,real_data_sample\l2_unseen_validation\trade_date=2026-07-17\exchange=NSE\symbol=BHARTIARTL\part-055849_550782-018341.parquet,35680,downloaded,35680,
2026-07-17,NSE,BHARTIARTL,raw_l2/trade_date=2026-07-17/exchange=NSE/symbol=BHARTIARTL/part-055932_011432-018437.parquet,real_data_sample\l2_unseen_validation\trade_date=2026-07-17\exchange=NSE\symbol=BHARTIARTL\part-055932_011432-018437.parquet,35984,downloaded,35984,
2026-07-17,NSE,BHARTIARTL,raw_l2/trade_date=2026-07-17/exchange=NSE/symbol=BHARTIARTL/part-055408_058247-017701.parquet,real_data_sample\l2_unseen_validation\trade_date=2026-07-17\exchange=NSE\symbol=BHARTIARTL\part-055408_058247-017701.parquet,35107,downloaded,35107,
2026-07-17,NSE,BHARTIARTL,raw_l2/trade_date=2026-07-17/exchange=NSE/symbol=BHARTIARTL/part-060015_004285-018533.parquet,real_data_sample\l2_unseen_validation\trade_date=2026-07-17\exchange=NSE\symbol=BHARTIARTL\part-060015_004285-018533.parquet,35175,downloaded,35175,
2026-07-17,NSE,BHARTIARTL,raw_l2/trade_date=2026-07-17/exchange=NSE/symbol=BHARTIARTL/part-060029_003482-018565.parquet,real_data_sample\l2_unseen_validation\trade_date=2026-07-17\exchange=NSE\symbol=BHARTIARTL\part-060029_003482-018565.parquet,34620,downloaded,34620,
2026-07-17,NSE,BHARTIARTL,raw_l2/trade_date=2026-07-17/exchange=NSE/symbol=BHARTIARTL/part-055946_025627-018469.parquet,real_data_sample\l2_unseen_validation\trade_date=2026-07-17\exchange=NSE\symbol=BHARTIARTL\part-055946_025627-018469.parquet,35744,downloaded,35744,
2026-07-17,NSE,BHARTIARTL,raw_l2/trade_date=2026-07-17/exchange=NSE/symbol=BHARTIARTL/part-060043_266258-018597.parquet,real_data_sample\l2_unseen_validation\trade_date=2026-07-17\exchange=NSE\symbol=BHARTIARTL\part-060043_266258-018597.parquet,34572,downloaded,34572,
2026-07-17,NSE,BHARTIARTL,raw_l2/trade_date=2026-07-17/exchange=NSE/symbol=BHARTIARTL/part-060125_726619-018693.parquet,real_data_sample\l2_unseen_validation\trade_date=2026-07-17\exchange=NSE\symbol=BHARTIARTL\part-060125_726619-018693.parquet,34675,downloaded,34675,
2026-07-17,NSE,BHARTIARTL,raw_l2/trade_date=2026-07-17/exchange=NSE/symbol=BHARTIARTL/part-060057_530422-018629.parquet,real_data_sample\l2_unseen_validation\trade_date=2026-07-17\exchange=NSE\symbol=BHARTIARTL\part-060057_530422-018629.parquet,34826,downloaded,34826,
2026-07-17,NSE,BHARTIARTL,raw_l2/trade_date=2026-07-17/exchange=NSE/symbol=BHARTIARTL/part-060207_986888-018789.parquet,real_data_sample\l2_unseen_validation\trade_date=2026-07-17\exchange=NSE\symbol=BHARTIARTL\part-060207_986888-018789.parquet,34783,downloaded,34783,
2026-07-17,NSE,BHARTIARTL,raw_l2/trade_date=2026-07-17/exchange=NSE/symbol=BHARTIARTL/part-060139_798147-018725.parquet,real_data_sample\l2_unseen_validation\trade_date=2026-07-17\exchange=NSE\symbol=BHARTIARTL\part-060139_798147-018725.parquet,34588,downloaded,34588,
2026-07-17,NSE,BHARTIARTL,raw_l2/trade_date=2026-07-17/exchange=NSE/symbol=BHARTIARTL/part-060154_005431-018757.parquet,real_data_sample\l2_unseen_validation\trade_date=2026-07-17\exchange=NSE\symbol=BHARTIARTL\part-060154_005431-018757.parquet,34714,downloaded,34714,
2026-07-17,NSE,BHARTIARTL,raw_l2/trade_date=2026-07-17/exchange=NSE/symbol=BHARTIARTL/part-060111_756656-018661.parquet,real_data_sample\l2_unseen_validation\trade_date=2026-07-17\exchange=NSE\symbol=BHARTIARTL\part-060111_756656-018661.parquet,34525,downloaded,34525,
2026-07-17,NSE,BHARTIARTL,raw_l2/trade_date=2026-07-17/exchange=NSE/symbol=BHARTIARTL/part-060236_245404-018853.parquet,real_data_sample\l2_unseen_validation\trade_date=2026-07-17\exchange=NSE\symbol=BHARTIARTL\part-060236_245404-018853.parquet,34883,downloaded,34883,
2026-07-17,NSE,BHARTIARTL,raw_l2/trade_date=2026-07-17/exchange=NSE/symbol=BHARTIARTL/part-060318_501206-018949.parquet,real_data_sample\l2_unseen_validation\trade_date=2026-07-17\exchange=NSE\symbol=BHARTIARTL\part-060318_501206-018949.parquet,34831,downloaded,34831,
2026-07-17,NSE,BHARTIARTL,raw_l2/trade_date=2026-07-17/exchange=NSE/symbol=BHARTIARTL/part-060222_237918-018821.parquet,real_data_sample\l2_unseen_validation\trade_date=2026-07-17\exchange=NSE\symbol=BHARTIARTL\part-060222_237918-018821.parquet,34913,downloaded,34913,
2026-07-17,NSE,BHARTIARTL,raw_l2/trade_date=2026-07-17/exchange=NSE/symbol=BHARTIARTL/part-060332_495775-018981.parquet,real_data_sample\l2_unseen_validation\trade_date=2026-07-17\exchange=NSE\symbol=BHARTIARTL\part-060332_495775-018981.parquet,34788,downloaded,34788,
2026-07-17,NSE,BHARTIARTL,raw_l2/trade_date=2026-07-17/exchange=NSE/symbol=BHARTIARTL/part-060250_269110-018885.parquet,real_data_sample\l2_unseen_validation\trade_date=2026-07-17\exchange=NSE\symbol=BHARTIARTL\part-060250_269110-018885.parquet,34726,downloaded,34726,
2026-07-17,NSE,BHARTIARTL,raw_l2/trade_date=2026-07-17/exchange=NSE/symbol=BHARTIARTL/part-060346_523860-019013.parquet,real_data_sample\l2_unseen_validation\trade_date=2026-07-17\exchange=NSE\symbol=BHARTIARTL\part-060346_523860-019013.parquet,34663,downloaded,34663,
2026-07-17,NSE,BHARTIARTL,raw_l2/trade_date=2026-07-17/exchange=NSE/symbol=BHARTIARTL/part-060304_491559-018917.parquet,real_data_sample\l2_unseen_validation\trade_date=2026-07-17\exchange=NSE\symbol=BHARTIARTL\part-060304_491559-018917.parquet,34670,downloaded,34670,
2026-07-17,NSE,BHARTIARTL,raw_l2/trade_date=2026-07-17/exchange=NSE/symbol=BHARTIARTL/part-060511_248968-019205.parquet,real_data_sample\l2_unseen_validation\trade_date=2026-07-17\exchange=NSE\symbol=BHARTIARTL\part-060511_248968-019205.parquet,34684,downloaded,34684,
2026-07-17,NSE,BHARTIARTL,raw_l2/trade_date=2026-07-17/exchange=NSE/symbol=BHARTIARTL/part-060539_512077-019269.parquet,real_data_sample\l2_unseen_validation\trade_date=2026-07-17\exchange=NSE\symbol=BHARTIARTL\part-060539_512077-019269.parquet,34965,downloaded,34965,
2026-07-17,NSE,BHARTIARTL,raw_l2/trade_date=2026-07-17/exchange=NSE/symbol=BHARTIARTL/part-060443_252609-019141.parquet,real_data_sample\l2_unseen_validation\trade_date=2026-07-17\exchange=NSE\symbol=BHARTIARTL\part-060443_252609-019141.parquet,34535,downloaded,34535,
2026-07-17,NSE,BHARTIARTL,raw_l2/trade_date=2026-07-17/exchange=NSE/symbol=BHARTIARTL/part-060457_233363-019173.parquet,real_data_sample\l2_unseen_validation\trade_date=2026-07-17\exchange=NSE\symbol=BHARTIARTL\part-060457_233363-019173.parquet,34668,downloaded,34668,
2026-07-17,NSE,BHARTIARTL,raw_l2/trade_date=2026-07-17/exchange=NSE/symbol=BHARTIARTL/part-060414_494337-019077.parquet,real_data_sample\l2_unseen_validation\trade_date=2026-07-17\exchange=NSE\symbol=BHARTIARTL\part-060414_494337-019077.parquet,34594,downloaded,34594,
2026-07-17,NSE,BHARTIARTL,raw_l2/trade_date=2026-07-17/exchange=NSE/symbol=BHARTIARTL/part-060428_763270-019109.parquet,real_data_sample\l2_unseen_validation\trade_date=2026-07-17\exchange=NSE\symbol=BHARTIARTL\part-060428_763270-019109.parquet,34567,downloaded,34567,
2026-07-17,NSE,BHARTIARTL,raw_l2/trade_date=2026-07-17/exchange=NSE/symbol=BHARTIARTL/part-060525_250771-019237.parquet,real_data_sample\l2_unseen_validation\trade_date=2026-07-17\exchange=NSE\symbol=BHARTIARTL\part-060525_250771-019237.parquet,34718,downloaded,34718,
2026-07-17,NSE,BHARTIARTL,raw_l2/trade_date=2026-07-17/exchange=NSE/symbol=BHARTIARTL/part-060400_490987-019045.parquet,real_data_sample\l2_unseen_validation\trade_date=2026-07-17\exchange=NSE\symbol=BHARTIARTL\part-060400_490987-019045.parquet,34679,downloaded,34679,
2026-07-17,NSE,BHARTIARTL,raw_l2/trade_date=2026-07-17/exchange=NSE/symbol=BHARTIARTL/part-060607_474982-019333.parquet,real_data_sample\l2_unseen_validation\trade_date=2026-07-17\exchange=NSE\symbol=BHARTIARTL\part-060607_474982-019333.parquet,34819,downloaded,34819,
2026-07-17,NSE,BHARTIARTL,raw_l2/trade_date=2026-07-17/exchange=NSE/symbol=BHARTIARTL/part-060731_716535-019525.parquet,real_data_sample\l2_unseen_validation\trade_date=2026-07-17\exchange=NSE\symbol=BHARTIARTL\part-060731_716535-019525.parquet,34830,downloaded,34830,
2026-07-17,NSE,BHARTIARTL,raw_l2/trade_date=2026-07-17/exchange=NSE/symbol=BHARTIARTL/part-060801_009588-019589.parquet,real_data_sample\l2_unseen_validation\trade_date=2026-07-17\exchange=NSE\symbol=BHARTIARTL\part-060801_009588-019589.parquet,35039,downloaded,35039,
2026-07-17,NSE,BHARTIARTL,raw_l2/trade_date=2026-07-17/exchange=NSE/symbol=BHARTIARTL/part-060746_034228-019557.parquet,real_data_sample\l2_unseen_validation\trade_date=2026-07-17\exchange=NSE\symbol=BHARTIARTL\part-060746_034228-019557.parquet,34676,downloaded,34676,
2026-07-17,NSE,BHARTIARTL,raw_l2/trade_date=2026-07-17/exchange=NSE/symbol=BHARTIARTL/part-060635_246394-019397.parquet,real_data_sample\l2_unseen_validation\trade_date=2026-07-17\exchange=NSE\symbol=BHARTIARTL\part-060635_246394-019397.parquet,34692,downloaded,34692,
2026-07-17,NSE,BHARTIARTL,raw_l2/trade_date=2026-07-17/exchange=NSE/symbol=BHARTIARTL/part-060649_322520-019429.parquet,real_data_sample\l2_unseen_validation\trade_date=2026-07-17\exchange=NSE\symbol=BHARTIARTL\part-060649_322520-019429.parquet,34754,downloaded,34754,
2026-07-17,NSE,BHARTIARTL,raw_l2/trade_date=2026-07-17/exchange=NSE/symbol=BHARTIARTL/part-060717_493852-019493.parquet,real_data_sample\l2_unseen_validation\trade_date=2026-07-17\exchange=NSE\symbol=BHARTIARTL\part-060717_493852-019493.parquet,34803,downloaded,34803,
2026-07-17,NSE,BHARTIARTL,raw_l2/trade_date=2026-07-17/exchange=NSE/symbol=BHARTIARTL/part-060621_224763-019365.parquet,real_data_sample\l2_unseen_validation\trade_date=2026-07-17\exchange=NSE\symbol=BHARTIARTL\part-060621_224763-019365.parquet,35099,downloaded,35099,
2026-07-17,NSE,BHARTIARTL,raw_l2/trade_date=2026-07-17/exchange=NSE/symbol=BHARTIARTL/part-060942_704870-019813.parquet,real_data_sample\l2_unseen_validation\trade_date=2026-07-17\exchange=NSE\symbol=BHARTIARTL\part-060942_704870-019813.parquet,35533,downloaded,35533,
2026-07-17,NSE,BHARTIARTL,raw_l2/trade_date=2026-07-17/exchange=NSE/symbol=BHARTIARTL/part-061039_726059-019941.parquet,real_data_sample\l2_unseen_validation\trade_date=2026-07-17\exchange=NSE\symbol=BHARTIARTL\part-061039_726059-019941.parquet,34771,downloaded,34771,
2026-07-17,NSE,BHARTIARTL,raw_l2/trade_date=2026-07-17/exchange=NSE/symbol=BHARTIARTL/part-060928_235627-019781.parquet,real_data_sample\l2_unseen_validation\trade_date=2026-07-17\exchange=NSE\symbol=BHARTIARTL\part-060928_235627-019781.parquet,35461,downloaded,35461,
2026-07-17,NSE,BHARTIARTL,raw_l2/trade_date=2026-07-17/exchange=NSE/symbol=BHARTIARTL/part-060845_434442-019685.parquet,real_data_sample\l2_unseen_validation\trade_date=2026-07-17\exchange=NSE\symbol=BHARTIARTL\part-060845_434442-019685.parquet,34917,downloaded,34917,
2026-07-17,NSE,BHARTIARTL,raw_l2/trade_date=2026-07-17/exchange=NSE/symbol=BHARTIARTL/part-060956_722156-019845.parquet,real_data_sample\l2_unseen_validation\trade_date=2026-07-17\exchange=NSE\symbol=BHARTIARTL\part-060956_722156-019845.parquet,35098,downloaded,35098,
2026-07-17,NSE,BHARTIARTL,raw_l2/trade_date=2026-07-17/exchange=NSE/symbol=BHARTIARTL/part-060859_729888-019717.parquet,real_data_sample\l2_unseen_validation\trade_date=2026-07-17\exchange=NSE\symbol=BHARTIARTL\part-060859_729888-019717.parquet,34899,downloaded,34899,
2026-07-17,NSE,BHARTIARTL,raw_l2/trade_date=2026-07-17/exchange=NSE/symbol=BHARTIARTL/part-060913_770599-019749.parquet,real_data_sample\l2_unseen_validation\trade_date=2026-07-17\exchange=NSE\symbol=BHARTIARTL\part-060913_770599-019749.parquet,34933,downloaded,34933,
2026-07-17,NSE,BHARTIARTL,raw_l2/trade_date=2026-07-17/exchange=NSE/symbol=BHARTIARTL/part-060831_011415-019653.parquet,real_data_sample\l2_unseen_validation\trade_date=2026-07-17\exchange=NSE\symbol=BHARTIARTL\part-060831_011415-019653.parquet,34985,downloaded,34985,
2026-07-17,NSE,BHARTIARTL,raw_l2/trade_date=2026-07-17/exchange=NSE/symbol=BHARTIARTL/part-061011_204328-019877.parquet,real_data_sample\l2_unseen_validation\trade_date=2026-07-17\exchange=NSE\symbol=BHARTIARTL\part-061011_204328-019877.parquet,35314,downloaded,35314,
2026-07-17,NSE,BHARTIARTL,raw_l2/trade_date=2026-07-17/exchange=NSE/symbol=BHARTIARTL/part-061054_189814-019973.parquet,real_data_sample\l2_unseen_validation\trade_date=2026-07-17\exchange=NSE\symbol=BHARTIARTL\part-061054_189814-019973.parquet,34481,downloaded,34481,
2026-07-17,NSE,BHARTIARTL,raw_l2/trade_date=2026-07-17/exchange=NSE/symbol=BHARTIARTL/part-061025_457505-019909.parquet,real_data_sample\l2_unseen_validation\trade_date=2026-07-17\exchange=NSE\symbol=BHARTIARTL\part-061025_457505-019909.parquet,34777,downloaded,34777,
2026-07-17,NSE,BHARTIARTL,raw_l2/trade_date=2026-07-17/exchange=NSE/symbol=BHARTIARTL/part-061108_762703-020005.parquet,real_data_sample\l2_unseen_validation\trade_date=2026-07-17\exchange=NSE\symbol=BHARTIARTL\part-061108_762703-020005.parquet,34734,downloaded,34734,
2026-07-17,NSE,BHARTIARTL,raw_l2/trade_date=2026-07-17/exchange=NSE/symbol=BHARTIARTL/part-060816_497065-019621.parquet,real_data_sample\l2_unseen_validation\trade_date=2026-07-17\exchange=NSE\symbol=BHARTIARTL\part-060816_497065-019621.parquet,35070,downloaded,35070,
2026-07-17,NSE,BHARTIARTL,raw_l2/trade_date=2026-07-17/exchange=NSE/symbol=BHARTIARTL/part-061206_263177-020133.parquet,real_data_sample\l2_unseen_validation\trade_date=2026-07-17\exchange=NSE\symbol=BHARTIARTL\part-061206_263177-020133.parquet,34913,downloaded,34913,
2026-07-17,NSE,BHARTIARTL,raw_l2/trade_date=2026-07-17/exchange=NSE/symbol=BHARTIARTL/part-061137_217222-020069.parquet,real_data_sample\l2_unseen_validation\trade_date=2026-07-17\exchange=NSE\symbol=BHARTIARTL\part-061137_217222-020069.parquet,34782,downloaded,34782,
2026-07-17,NSE,BHARTIARTL,raw_l2/trade_date=2026-07-17/exchange=NSE/symbol=BHARTIARTL/part-061220_741037-020165.parquet,real_data_sample\l2_unseen_validation\trade_date=2026-07-17\exchange=NSE\symbol=BHARTIARTL\part-061220_741037-020165.parquet,35026,downloaded,35026,
2026-07-17,NSE,BHARTIARTL,raw_l2/trade_date=2026-07-17/exchange=NSE/symbol=BHARTIARTL/part-061249_548396-020229.parquet,real_data_sample\l2_unseen_validation\trade_date=2026-07-17\exchange=NSE\symbol=BHARTIARTL\part-061249_548396-020229.parquet,34681,downloaded,34681,
2026-07-17,NSE,BHARTIARTL,raw_l2/trade_date=2026-07-17/exchange=NSE/symbol=BHARTIARTL/part-061151_795839-020101.parquet,real_data_sample\l2_unseen_validation\trade_date=2026-07-17\exchange=NSE\symbol=BHARTIARTL\part-061151_795839-020101.parquet,34850,downloaded,34850,
2026-07-17,NSE,BHARTIARTL,raw_l2/trade_date=2026-07-17/exchange=NSE/symbol=BHARTIARTL/part-061122_939271-020037.parquet,real_data_sample\l2_unseen_validation\trade_date=2026-07-17\exchange=NSE\symbol=BHARTIARTL\part-061122_939271-020037.parquet,34755,downloaded,34755,
2026-07-17,NSE,BHARTIARTL,raw_l2/trade_date=2026-07-17/exchange=NSE/symbol=BHARTIARTL/part-061235_244376-020197.parquet,real_data_sample\l2_unseen_validation\trade_date=2026-07-17\exchange=NSE\symbol=BHARTIARTL\part-061235_244376-020197.parquet,34614,downloaded,34614,
2026-07-17,NSE,BHARTIARTL,raw_l2/trade_date=2026-07-17/exchange=NSE/symbol=BHARTIARTL/part-061303_985487-020261.parquet,real_data_sample\l2_unseen_validation\trade_date=2026-07-17\exchange=NSE\symbol=BHARTIARTL\part-061303_985487-020261.parquet,34749,downloaded,34749,
2026-07-17,NSE,BHARTIARTL,raw_l2/trade_date=2026-07-17/exchange=NSE/symbol=BHARTIARTL/part-055015_761288-017189.parquet,real_data_sample\l2_unseen_validation\trade_date=2026-07-17\exchange=NSE\symbol=BHARTIARTL\part-055015_761288-017189.parquet,35679,downloaded,35679,
2026-07-17,NSE,BHARTIARTL,raw_l2/trade_date=2026-07-17/exchange=NSE/symbol=BHARTIARTL/part-061318_493053-020293.parquet,real_data_sample\l2_unseen_validation\trade_date=2026-07-17\exchange=NSE\symbol=BHARTIARTL\part-061318_493053-020293.parquet,34708,downloaded,34708,
2026-07-17,NSE,BHARTIARTL,raw_l2/trade_date=2026-07-17/exchange=NSE/symbol=BHARTIARTL/part-060703_502272-019461.parquet,real_data_sample\l2_unseen_validation\trade_date=2026-07-17\exchange=NSE\symbol=BHARTIARTL\part-060703_502272-019461.parquet,34931,downloaded,34931,
2026-07-17,NSE,BHARTIARTL,raw_l2/trade_date=2026-07-17/exchange=NSE/symbol=BHARTIARTL/part-061332_747704-020325.parquet,real_data_sample\l2_unseen_validation\trade_date=2026-07-17\exchange=NSE\symbol=BHARTIARTL\part-061332_747704-020325.parquet,35015,downloaded,35015,
2026-07-17,NSE,BHARTIARTL,raw_l2/trade_date=2026-07-17/exchange=NSE/symbol=BHARTIARTL/part-061347_255373-020357.parquet,real_data_sample\l2_unseen_validation\trade_date=2026-07-17\exchange=NSE\symbol=BHARTIARTL\part-061347_255373-020357.parquet,35055,downloaded,35055,
2026-07-17,NSE,BHARTIARTL,raw_l2/trade_date=2026-07-17/exchange=NSE/symbol=BHARTIARTL/part-061415_800943-020421.parquet,real_data_sample\l2_unseen_validation\trade_date=2026-07-17\exchange=NSE\symbol=BHARTIARTL\part-061415_800943-020421.parquet,34718,downloaded,34718,
2026-07-17,NSE,BHARTIARTL,raw_l2/trade_date=2026-07-17/exchange=NSE/symbol=BHARTIARTL/part-061444_480057-020485.parquet,real_data_sample\l2_unseen_validation\trade_date=2026-07-17\exchange=NSE\symbol=BHARTIARTL\part-061444_480057-020485.parquet,34831,downloaded,34831,
2026-07-17,NSE,BHARTIARTL,raw_l2/trade_date=2026-07-17/exchange=NSE/symbol=BHARTIARTL/part-061458_811186-020517.parquet,real_data_sample\l2_unseen_validation\trade_date=2026-07-17\exchange=NSE\symbol=BHARTIARTL\part-061458_811186-020517.parquet,34961,downloaded,34961,
2026-07-17,NSE,BHARTIARTL,raw_l2/trade_date=2026-07-17/exchange=NSE/symbol=BHARTIARTL/part-061430_256463-020453.parquet,real_data_sample\l2_unseen_validation\trade_date=2026-07-17\exchange=NSE\symbol=BHARTIARTL\part-061430_256463-020453.parquet,34806,downloaded,34806,
2026-07-17,NSE,BHARTIARTL,raw_l2/trade_date=2026-07-17/exchange=NSE/symbol=BHARTIARTL/part-061401_477176-020389.parquet,real_data_sample\l2_unseen_validation\trade_date=2026-07-17\exchange=NSE\symbol=BHARTIARTL\part-061401_477176-020389.parquet,35028,downloaded,35028,
2026-07-17,NSE,BHARTIARTL,raw_l2/trade_date=2026-07-17/exchange=NSE/symbol=BHARTIARTL/part-061849_960948-021029.parquet,real_data_sample\l2_unseen_validation\trade_date=2026-07-17\exchange=NSE\symbol=BHARTIARTL\part-061849_960948-021029.parquet,34747,downloaded,34747,
2026-07-17,NSE,BHARTIARTL,raw_l2/trade_date=2026-07-17/exchange=NSE/symbol=BHARTIARTL/part-061556_496724-020645.parquet,real_data_sample\l2_unseen_validation\trade_date=2026-07-17\exchange=NSE\symbol=BHARTIARTL\part-061556_496724-020645.parquet,35448,downloaded,35448,
2026-07-17,NSE,BHARTIARTL,raw_l2/trade_date=2026-07-17/exchange=NSE/symbol=BHARTIARTL/part-061626_733185-020709.parquet,real_data_sample\l2_unseen_validation\trade_date=2026-07-17\exchange=NSE\symbol=BHARTIARTL\part-061626_733185-020709.parquet,35727,downloaded,35727,
2026-07-17,NSE,BHARTIARTL,raw_l2/trade_date=2026-07-17/exchange=NSE/symbol=BHARTIARTL/part-061903_952762-021061.parquet,real_data_sample\l2_unseen_validation\trade_date=2026-07-17\exchange=NSE\symbol=BHARTIARTL\part-061903_952762-021061.parquet,34756,downloaded,34756,
2026-07-17,NSE,BHARTIARTL,raw_l2/trade_date=2026-07-17/exchange=NSE/symbol=BHARTIARTL/part-061932_962162-021125.parquet,real_data_sample\l2_unseen_validation\trade_date=2026-07-17\exchange=NSE\symbol=BHARTIARTL\part-061932_962162-021125.parquet,34831,downloaded,34831,
2026-07-17,NSE,BHARTIARTL,raw_l2/trade_date=2026-07-17/exchange=NSE/symbol=BHARTIARTL/part-061737_512372-020869.parquet,real_data_sample\l2_unseen_validation\trade_date=2026-07-17\exchange=NSE\symbol=BHARTIARTL\part-061737_512372-020869.parquet,34746,downloaded,34746,
2026-07-17,NSE,BHARTIARTL,raw_l2/trade_date=2026-07-17/exchange=NSE/symbol=BHARTIARTL/part-061709_225289-020805.parquet,real_data_sample\l2_unseen_validation\trade_date=2026-07-17\exchange=NSE\symbol=BHARTIARTL\part-061709_225289-020805.parquet,35210,downloaded,35210,
2026-07-17,NSE,BHARTIARTL,raw_l2/trade_date=2026-07-17/exchange=NSE/symbol=BHARTIARTL/part-061610_977729-020677.parquet,real_data_sample\l2_unseen_validation\trade_date=2026-07-17\exchange=NSE\symbol=BHARTIARTL\part-061610_977729-020677.parquet,36195,downloaded,36195,
2026-07-17,NSE,BHARTIARTL,raw_l2/trade_date=2026-07-17/exchange=NSE/symbol=BHARTIARTL/part-061723_478535-020837.parquet,real_data_sample\l2_unseen_validation\trade_date=2026-07-17\exchange=NSE\symbol=BHARTIARTL\part-061723_478535-020837.parquet,34837,downloaded,34837,
2026-07-17,NSE,BHARTIARTL,raw_l2/trade_date=2026-07-17/exchange=NSE/symbol=BHARTIARTL/part-061918_213687-021093.parquet,real_data_sample\l2_unseen_validation\trade_date=2026-07-17\exchange=NSE\symbol=BHARTIARTL\part-061918_213687-021093.parquet,34838,downloaded,34838,
2026-07-17,NSE,BHARTIARTL,raw_l2/trade_date=2026-07-17/exchange=NSE/symbol=BHARTIARTL/part-061541_975938-020613.parquet,real_data_sample\l2_unseen_validation\trade_date=2026-07-17\exchange=NSE\symbol=BHARTIARTL\part-061541_975938-020613.parquet,35821,downloaded,35821,
2026-07-17,NSE,BHARTIARTL,raw_l2/trade_date=2026-07-17/exchange=NSE/symbol=BHARTIARTL/part-061527_782904-020581.parquet,real_data_sample\l2_unseen_validation\trade_date=2026-07-17\exchange=NSE\symbol=BHARTIARTL\part-061527_782904-020581.parquet,35703,downloaded,35703,
2026-07-17,NSE,BHARTIARTL,raw_l2/trade_date=2026-07-17/exchange=NSE/symbol=BHARTIARTL/part-061806_695842-020933.parquet,real_data_sample\l2_unseen_validation\trade_date=2026-07-17\exchange=NSE\symbol=BHARTIARTL\part-061806_695842-020933.parquet,35202,downloaded,35202,
2026-07-17,NSE,BHARTIARTL,raw_l2/trade_date=2026-07-17/exchange=NSE/symbol=BHARTIARTL/part-061835_596034-020997.parquet,real_data_sample\l2_unseen_validation\trade_date=2026-07-17\exchange=NSE\symbol=BHARTIARTL\part-061835_596034-020997.parquet,34667,downloaded,34667,
2026-07-17,NSE,BHARTIARTL,raw_l2/trade_date=2026-07-17/exchange=NSE/symbol=BHARTIARTL/part-061947_012022-021157.parquet,real_data_sample\l2_unseen_validation\trade_date=2026-07-17\exchange=NSE\symbol=BHARTIARTL\part-061947_012022-021157.parquet,35071,downloaded,35071,
2026-07-17,NSE,BHARTIARTL,raw_l2/trade_date=2026-07-17/exchange=NSE/symbol=BHARTIARTL/part-061820_919809-020965.parquet,real_data_sample\l2_unseen_validation\trade_date=2026-07-17\exchange=NSE\symbol=BHARTIARTL\part-061820_919809-020965.parquet,34613,downloaded,34613,
2026-07-17,NSE,BHARTIARTL,raw_l2/trade_date=2026-07-17/exchange=NSE/symbol=BHARTIARTL/part-061654_963985-020773.parquet,real_data_sample\l2_unseen_validation\trade_date=2026-07-17\exchange=NSE\symbol=BHARTIARTL\part-061654_963985-020773.parquet,35001,downloaded,35001,
2026-07-17,NSE,BHARTIARTL,raw_l2/trade_date=2026-07-17/exchange=NSE/symbol=BHARTIARTL/part-061751_592042-020901.parquet,real_data_sample\l2_unseen_validation\trade_date=2026-07-17\exchange=NSE\symbol=BHARTIARTL\part-061751_592042-020901.parquet,34784,downloaded,34784,
2026-07-17,NSE,BHARTIARTL,raw_l2/trade_date=2026-07-17/exchange=NSE/symbol=BHARTIARTL/part-062029_470666-021253.parquet,real_data_sample\l2_unseen_validation\trade_date=2026-07-17\exchange=NSE\symbol=BHARTIARTL\part-062029_470666-021253.parquet,34690,downloaded,34690,
2026-07-17,NSE,BHARTIARTL,raw_l2/trade_date=2026-07-17/exchange=NSE/symbol=BHARTIARTL/part-062001_254972-021189.parquet,real_data_sample\l2_unseen_validation\trade_date=2026-07-17\exchange=NSE\symbol=BHARTIARTL\part-062001_254972-021189.parquet,34869,downloaded,34869,
2026-07-17,NSE,BHARTIARTL,raw_l2/trade_date=2026-07-17/exchange=NSE/symbol=BHARTIARTL/part-061640_987351-020741.parquet,real_data_sample\l2_unseen_validation\trade_date=2026-07-17\exchange=NSE\symbol=BHARTIARTL\part-061640_987351-020741.parquet,35254,downloaded,35254,
2026-07-17,NSE,BHARTIARTL,raw_l2/trade_date=2026-07-17/exchange=NSE/symbol=BHARTIARTL/part-062155_569875-021445.parquet,real_data_sample\l2_unseen_validation\trade_date=2026-07-17\exchange=NSE\symbol=BHARTIARTL\part-062155_569875-021445.parquet,34912,downloaded,34912,
2026-07-17,NSE,BHARTIARTL,raw_l2/trade_date=2026-07-17/exchange=NSE/symbol=BHARTIARTL/part-062127_437904-021381.parquet,real_data_sample\l2_unseen_validation\trade_date=2026-07-17\exchange=NSE\symbol=BHARTIARTL\part-062127_437904-021381.parquet,34723,downloaded,34723,
2026-07-17,NSE,BHARTIARTL,raw_l2/trade_date=2026-07-17/exchange=NSE/symbol=BHARTIARTL/part-062113_332005-021349.parquet,real_data_sample\l2_unseen_validation\trade_date=2026-07-17\exchange=NSE\symbol=BHARTIARTL\part-062113_332005-021349.parquet,34925,downloaded,34925,
2026-07-17,NSE,BHARTIARTL,raw_l2/trade_date=2026-07-17/exchange=NSE/symbol=BHARTIARTL/part-062058_700176-021317.parquet,real_data_sample\l2_unseen_validation\trade_date=2026-07-17\exchange=NSE\symbol=BHARTIARTL\part-062058_700176-021317.parquet,34959,downloaded,34959,
2026-07-17,NSE,BHARTIARTL,raw_l2/trade_date=2026-07-17/exchange=NSE/symbol=BHARTIARTL/part-062141_429389-021413.parquet,real_data_sample\l2_unseen_validation\trade_date=2026-07-17\exchange=NSE\symbol=BHARTIARTL\part-062141_429389-021413.parquet,34781,downloaded,34781,
2026-07-17,NSE,BHARTIARTL,raw_l2/trade_date=2026-07-17/exchange=NSE/symbol=BHARTIARTL/part-062224_251314-021509.parquet,real_data_sample\l2_unseen_validation\trade_date=2026-07-17\exchange=NSE\symbol=BHARTIARTL\part-062224_251314-021509.parquet,34662,downloaded,34662,
2026-07-17,NSE,BHARTIARTL,raw_l2/trade_date=2026-07-17/exchange=NSE/symbol=BHARTIARTL/part-062209_825276-021477.parquet,real_data_sample\l2_unseen_validation\trade_date=2026-07-17\exchange=NSE\symbol=BHARTIARTL\part-062209_825276-021477.parquet,34920,downloaded,34920,
2026-07-17,NSE,BHARTIARTL,raw_l2/trade_date=2026-07-17/exchange=NSE/symbol=BHARTIARTL/part-062044_309049-021285.parquet,real_data_sample\l2_unseen_validation\trade_date=2026-07-17\exchange=NSE\symbol=BHARTIARTL\part-062044_309049-021285.parquet,34822,downloaded,34822,
2026-07-17,NSE,BHARTIARTL,raw_l2/trade_date=2026-07-17/exchange=NSE/symbol=BHARTIARTL/part-062528_482885-021925.parquet,real_data_sample\l2_unseen_validation\trade_date=2026-07-17\exchange=NSE\symbol=BHARTIARTL\part-062528_482885-021925.parquet,34732,downloaded,34732,
2026-07-17,NSE,BHARTIARTL,raw_l2/trade_date=2026-07-17/exchange=NSE/symbol=BHARTIARTL/part-062542_465486-021957.parquet,real_data_sample\l2_unseen_validation\trade_date=2026-07-17\exchange=NSE\symbol=BHARTIARTL\part-062542_465486-021957.parquet,34716,downloaded,34716,
2026-07-17,NSE,BHARTIARTL,raw_l2/trade_date=2026-07-17/exchange=NSE/symbol=BHARTIARTL/part-062252_725281-021573.parquet,real_data_sample\l2_unseen_validation\trade_date=2026-07-17\exchange=NSE\symbol=BHARTIARTL\part-062252_725281-021573.parquet,34793,downloaded,34793,
2026-07-17,NSE,BHARTIARTL,raw_l2/trade_date=2026-07-17/exchange=NSE/symbol=BHARTIARTL/part-062238_493370-021541.parquet,real_data_sample\l2_unseen_validation\trade_date=2026-07-17\exchange=NSE\symbol=BHARTIARTL\part-062238_493370-021541.parquet,34894,downloaded,34894,
2026-07-17,NSE,BHARTIARTL,raw_l2/trade_date=2026-07-17/exchange=NSE/symbol=BHARTIARTL/part-062335_754538-021669.parquet,real_data_sample\l2_unseen_validation\trade_date=2026-07-17\exchange=NSE\symbol=BHARTIARTL\part-062335_754538-021669.parquet,35028,downloaded,35028,
2026-07-17,NSE,BHARTIARTL,raw_l2/trade_date=2026-07-17/exchange=NSE/symbol=BHARTIARTL/part-062514_687270-021893.parquet,real_data_sample\l2_unseen_validation\trade_date=2026-07-17\exchange=NSE\symbol=BHARTIARTL\part-062514_687270-021893.parquet,34721,downloaded,34721,
2026-07-17,NSE,BHARTIARTL,raw_l2/trade_date=2026-07-17/exchange=NSE/symbol=BHARTIARTL/part-062307_038373-021605.parquet,real_data_sample\l2_unseen_validation\trade_date=2026-07-17\exchange=NSE\symbol=BHARTIARTL\part-062307_038373-021605.parquet,34858,downloaded,34858,
2026-07-17,NSE,BHARTIARTL,raw_l2/trade_date=2026-07-17/exchange=NSE/symbol=BHARTIARTL/part-062624_458153-022053.parquet,real_data_sample\l2_unseen_validation\trade_date=2026-07-17\exchange=NSE\symbol=BHARTIARTL\part-062624_458153-022053.parquet,35756,downloaded,35756,
2026-07-17,NSE,BHARTIARTL,raw_l2/trade_date=2026-07-17/exchange=NSE/symbol=BHARTIARTL/part-062321_472752-021637.parquet,real_data_sample\l2_unseen_validation\trade_date=2026-07-17\exchange=NSE\symbol=BHARTIARTL\part-062321_472752-021637.parquet,34915,downloaded,34915,
2026-07-17,NSE,BHARTIARTL,raw_l2/trade_date=2026-07-17/exchange=NSE/symbol=BHARTIARTL/part-062349_720905-021701.parquet,real_data_sample\l2_unseen_validation\trade_date=2026-07-17\exchange=NSE\symbol=BHARTIARTL\part-062349_720905-021701.parquet,35036,downloaded,35036,
2026-07-17,NSE,BHARTIARTL,raw_l2/trade_date=2026-07-17/exchange=NSE/symbol=BHARTIARTL/part-062403_718291-021733.parquet,real_data_sample\l2_unseen_validation\trade_date=2026-07-17\exchange=NSE\symbol=BHARTIARTL\part-062403_718291-021733.parquet,34987,downloaded,34987,
2026-07-17,NSE,BHARTIARTL,raw_l2/trade_date=2026-07-17/exchange=NSE/symbol=BHARTIARTL/part-062610_476465-022021.parquet,real_data_sample\l2_unseen_validation\trade_date=2026-07-17\exchange=NSE\symbol=BHARTIARTL\part-062610_476465-022021.parquet,34765,downloaded,34765,
2026-07-17,NSE,BHARTIARTL,raw_l2/trade_date=2026-07-17/exchange=NSE/symbol=BHARTIARTL/part-062431_963675-021797.parquet,real_data_sample\l2_unseen_validation\trade_date=2026-07-17\exchange=NSE\symbol=BHARTIARTL\part-062431_963675-021797.parquet,34536,downloaded,34536,
2026-07-17,NSE,BHARTIARTL,raw_l2/trade_date=2026-07-17/exchange=NSE/symbol=BHARTIARTL/part-062556_446230-021989.parquet,real_data_sample\l2_unseen_validation\trade_date=2026-07-17\exchange=NSE\symbol=BHARTIARTL\part-062556_446230-021989.parquet,34633,downloaded,34633,
2026-07-17,NSE,BHARTIARTL,raw_l2/trade_date=2026-07-17/exchange=NSE/symbol=BHARTIARTL/part-062500_347510-021861.parquet,real_data_sample\l2_unseen_validation\trade_date=2026-07-17\exchange=NSE\symbol=BHARTIARTL\part-062500_347510-021861.parquet,34640,downloaded,34640,
2026-07-17,NSE,BHARTIARTL,raw_l2/trade_date=2026-07-17/exchange=NSE/symbol=BHARTIARTL/part-062638_706888-022085.parquet,real_data_sample\l2_unseen_validation\trade_date=2026-07-17\exchange=NSE\symbol=BHARTIARTL\part-062638_706888-022085.parquet,35175,downloaded,35175,
2026-07-17,NSE,BHARTIARTL,raw_l2/trade_date=2026-07-17/exchange=NSE/symbol=BHARTIARTL/part-062804_493495-022277.parquet,real_data_sample\l2_unseen_validation\trade_date=2026-07-17\exchange=NSE\symbol=BHARTIARTL\part-062804_493495-022277.parquet,35020,downloaded,35020,
2026-07-17,NSE,BHARTIARTL,raw_l2/trade_date=2026-07-17/exchange=NSE/symbol=BHARTIARTL/part-062832_943286-022341.parquet,real_data_sample\l2_unseen_validation\trade_date=2026-07-17\exchange=NSE\symbol=BHARTIARTL\part-062832_943286-022341.parquet,35589,downloaded,35589,
2026-07-17,NSE,BHARTIARTL,raw_l2/trade_date=2026-07-17/exchange=NSE/symbol=BHARTIARTL/part-062417_958152-021765.parquet,real_data_sample\l2_unseen_validation\trade_date=2026-07-17\exchange=NSE\symbol=BHARTIARTL\part-062417_958152-021765.parquet,34736,downloaded,34736,
2026-07-17,NSE,BHARTIARTL,raw_l2/trade_date=2026-07-17/exchange=NSE/symbol=BHARTIARTL/part-062735_725814-022213.parquet,real_data_sample\l2_unseen_validation\trade_date=2026-07-17\exchange=NSE\symbol=BHARTIARTL\part-062735_725814-022213.parquet,34994,downloaded,34994,
2026-07-17,NSE,BHARTIARTL,raw_l2/trade_date=2026-07-17/exchange=NSE/symbol=BHARTIARTL/part-062818_997708-022309.parquet,real_data_sample\l2_unseen_validation\trade_date=2026-07-17\exchange=NSE\symbol=BHARTIARTL\part-062818_997708-022309.parquet,35671,downloaded,35671,
2026-07-17,NSE,BHARTIARTL,raw_l2/trade_date=2026-07-17/exchange=NSE/symbol=BHARTIARTL/part-062750_223467-022245.parquet,real_data_sample\l2_unseen_validation\trade_date=2026-07-17\exchange=NSE\symbol=BHARTIARTL\part-062750_223467-022245.parquet,34860,downloaded,34860,
2026-07-17,NSE,BHARTIARTL,raw_l2/trade_date=2026-07-17/exchange=NSE/symbol=BHARTIARTL/part-062446_212098-021829.parquet,real_data_sample\l2_unseen_validation\trade_date=2026-07-17\exchange=NSE\symbol=BHARTIARTL\part-062446_212098-021829.parquet,34644,downloaded,34644,
2026-07-17,NSE,BHARTIARTL,raw_l2/trade_date=2026-07-17/exchange=NSE/symbol=BHARTIARTL/part-062721_776518-022181.parquet,real_data_sample\l2_unseen_validation\trade_date=2026-07-17\exchange=NSE\symbol=BHARTIARTL\part-062721_776518-022181.parquet,34987,downloaded,34987,
2026-07-17,NSE,BHARTIARTL,raw_l2/trade_date=2026-07-17/exchange=NSE/symbol=BHARTIARTL/part-062652_989031-022117.parquet,real_data_sample\l2_unseen_validation\trade_date=2026-07-17\exchange=NSE\symbol=BHARTIARTL\part-062652_989031-022117.parquet,35166,downloaded,35166,
2026-07-17,NSE,BHARTIARTL,raw_l2/trade_date=2026-07-17/exchange=NSE/symbol=BHARTIARTL/part-062706_971379-022149.parquet,real_data_sample\l2_unseen_validation\trade_date=2026-07-17\exchange=NSE\symbol=BHARTIARTL\part-062706_971379-022149.parquet,35983,downloaded,35983,
2026-07-17,NSE,BHARTIARTL,raw_l2/trade_date=2026-07-17/exchange=NSE/symbol=BHARTIARTL/part-062901_204394-022405.parquet,real_data_sample\l2_unseen_validation\trade_date=2026-07-17\exchange=NSE\symbol=BHARTIARTL\part-062901_204394-022405.parquet,35739,downloaded,35739,
2026-07-17,NSE,BHARTIARTL,raw_l2/trade_date=2026-07-17/exchange=NSE/symbol=BHARTIARTL/part-062847_249684-022373.parquet,real_data_sample\l2_unseen_validation\trade_date=2026-07-17\exchange=NSE\symbol=BHARTIARTL\part-062847_249684-022373.parquet,35901,downloaded,35901,
2026-07-17,NSE,BHARTIARTL,raw_l2/trade_date=2026-07-17/exchange=NSE/symbol=BHARTIARTL/part-063345_215251-023045.parquet,real_data_sample\l2_unseen_validation\trade_date=2026-07-17\exchange=NSE\symbol=BHARTIARTL\part-063345_215251-023045.parquet,34968,downloaded,34968,
2026-07-17,NSE,BHARTIARTL,raw_l2/trade_date=2026-07-17/exchange=NSE/symbol=BHARTIARTL/part-063316_455653-022981.parquet,real_data_sample\l2_unseen_validation\trade_date=2026-07-17\exchange=NSE\symbol=BHARTIARTL\part-063316_455653-022981.parquet,34735,downloaded,34735,
2026-07-17,NSE,BHARTIARTL,raw_l2/trade_date=2026-07-17/exchange=NSE/symbol=BHARTIARTL/part-062958_895086-022533.parquet,real_data_sample\l2_unseen_validation\trade_date=2026-07-17\exchange=NSE\symbol=BHARTIARTL\part-062958_895086-022533.parquet,35744,downloaded,35744,
2026-07-17,NSE,BHARTIARTL,raw_l2/trade_date=2026-07-17/exchange=NSE/symbol=BHARTIARTL/part-062915_220105-022437.parquet,real_data_sample\l2_unseen_validation\trade_date=2026-07-17\exchange=NSE\symbol=BHARTIARTL\part-062915_220105-022437.parquet,35694,downloaded,35694,
2026-07-17,NSE,BHARTIARTL,raw_l2/trade_date=2026-07-17/exchange=NSE/symbol=BHARTIARTL/part-063013_492531-022565.parquet,real_data_sample\l2_unseen_validation\trade_date=2026-07-17\exchange=NSE\symbol=BHARTIARTL\part-063013_492531-022565.parquet,35310,downloaded,35310,
2026-07-17,NSE,BHARTIARTL,raw_l2/trade_date=2026-07-17/exchange=NSE/symbol=BHARTIARTL/part-063331_021237-023013.parquet,real_data_sample\l2_unseen_validation\trade_date=2026-07-17\exchange=NSE\symbol=BHARTIARTL\part-063331_021237-023013.parquet,34913,downloaded,34913,
2026-07-17,NSE,BHARTIARTL,raw_l2/trade_date=2026-07-17/exchange=NSE/symbol=BHARTIARTL/part-063413_440766-023109.parquet,real_data_sample\l2_unseen_validation\trade_date=2026-07-17\exchange=NSE\symbol=BHARTIARTL\part-063413_440766-023109.parquet,35255,downloaded,35255,
2026-07-17,NSE,BHARTIARTL,raw_l2/trade_date=2026-07-17/exchange=NSE/symbol=BHARTIARTL/part-063427_475889-023141.parquet,real_data_sample\l2_unseen_validation\trade_date=2026-07-17\exchange=NSE\symbol=BHARTIARTL\part-063427_475889-023141.parquet,35554,downloaded,35554,
2026-07-17,NSE,BHARTIARTL,raw_l2/trade_date=2026-07-17/exchange=NSE/symbol=BHARTIARTL/part-063302_238528-022949.parquet,real_data_sample\l2_unseen_validation\trade_date=2026-07-17\exchange=NSE\symbol=BHARTIARTL\part-063302_238528-022949.parquet,34801,downloaded,34801,
2026-07-17,NSE,BHARTIARTL,raw_l2/trade_date=2026-07-17/exchange=NSE/symbol=BHARTIARTL/part-063124_250051-022725.parquet,real_data_sample\l2_unseen_validation\trade_date=2026-07-17\exchange=NSE\symbol=BHARTIARTL\part-063124_250051-022725.parquet,34975,downloaded,34975,
2026-07-17,NSE,BHARTIARTL,raw_l2/trade_date=2026-07-17/exchange=NSE/symbol=BHARTIARTL/part-063220_217006-022853.parquet,real_data_sample\l2_unseen_validation\trade_date=2026-07-17\exchange=NSE\symbol=BHARTIARTL\part-063220_217006-022853.parquet,34663,downloaded,34663,
2026-07-17,NSE,BHARTIARTL,raw_l2/trade_date=2026-07-17/exchange=NSE/symbol=BHARTIARTL/part-063248_168070-022917.parquet,real_data_sample\l2_unseen_validation\trade_date=2026-07-17\exchange=NSE\symbol=BHARTIARTL\part-063248_168070-022917.parquet,34791,downloaded,34791,
2026-07-17,NSE,BHARTIARTL,raw_l2/trade_date=2026-07-17/exchange=NSE/symbol=BHARTIARTL/part-062930_242144-022469.parquet,real_data_sample\l2_unseen_validation\trade_date=2026-07-17\exchange=NSE\symbol=BHARTIARTL\part-062930_242144-022469.parquet,35287,downloaded,35287,
2026-07-17,NSE,BHARTIARTL,raw_l2/trade_date=2026-07-17/exchange=NSE/symbol=BHARTIARTL/part-063110_088763-022693.parquet,real_data_sample\l2_unseen_validation\trade_date=2026-07-17\exchange=NSE\symbol=BHARTIARTL\part-063110_088763-022693.parquet,34655,downloaded,34655,
2026-07-17,NSE,BHARTIARTL,raw_l2/trade_date=2026-07-17/exchange=NSE/symbol=BHARTIARTL/part-063206_200358-022821.parquet,real_data_sample\l2_unseen_validation\trade_date=2026-07-17\exchange=NSE\symbol=BHARTIARTL\part-063206_200358-022821.parquet,34910,downloaded,34910,
2026-07-17,NSE,BHARTIARTL,raw_l2/trade_date=2026-07-17/exchange=NSE/symbol=BHARTIARTL/part-062015_453484-021221.parquet,real_data_sample\l2_unseen_validation\trade_date=2026-07-17\exchange=NSE\symbol=BHARTIARTL\part-062015_453484-021221.parquet,34967,downloaded,34967,
2026-07-17,NSE,BHARTIARTL,raw_l2/trade_date=2026-07-17/exchange=NSE/symbol=BHARTIARTL/part-063234_176650-022885.parquet,real_data_sample\l2_unseen_validation\trade_date=2026-07-17\exchange=NSE\symbol=BHARTIARTL\part-063234_176650-022885.parquet,34659,downloaded,34659,
2026-07-17,NSE,BHARTIARTL,raw_l2/trade_date=2026-07-17/exchange=NSE/symbol=BHARTIARTL/part-063041_733195-022629.parquet,real_data_sample\l2_unseen_validation\trade_date=2026-07-17\exchange=NSE\symbol=BHARTIARTL\part-063041_733195-022629.parquet,34731,downloaded,34731,
2026-07-17,NSE,BHARTIARTL,raw_l2/trade_date=2026-07-17/exchange=NSE/symbol=BHARTIARTL/part-063359_245786-023077.parquet,real_data_sample\l2_unseen_validation\trade_date=2026-07-17\exchange=NSE\symbol=BHARTIARTL\part-063359_245786-023077.parquet,34900,downloaded,34900,
2026-07-17,NSE,BHARTIARTL,raw_l2/trade_date=2026-07-17/exchange=NSE/symbol=BHARTIARTL/part-063027_515084-022597.parquet,real_data_sample\l2_unseen_validation\trade_date=2026-07-17\exchange=NSE\symbol=BHARTIARTL\part-063027_515084-022597.parquet,34859,downloaded,34859,
2026-07-17,NSE,BHARTIARTL,raw_l2/trade_date=2026-07-17/exchange=NSE/symbol=BHARTIARTL/part-063055_716791-022661.parquet,real_data_sample\l2_unseen_validation\trade_date=2026-07-17\exchange=NSE\symbol=BHARTIARTL\part-063055_716791-022661.parquet,34977,downloaded,34977,
2026-07-17,NSE,BHARTIARTL,raw_l2/trade_date=2026-07-17/exchange=NSE/symbol=BHARTIARTL/part-063509_483761-023237.parquet,real_data_sample\l2_unseen_validation\trade_date=2026-07-17\exchange=NSE\symbol=BHARTIARTL\part-063509_483761-023237.parquet,35813,downloaded,35813,
2026-07-17,NSE,BHARTIARTL,raw_l2/trade_date=2026-07-17/exchange=NSE/symbol=BHARTIARTL/part-063455_444559-023205.parquet,real_data_sample\l2_unseen_validation\trade_date=2026-07-17\exchange=NSE\symbol=BHARTIARTL\part-063455_444559-023205.parquet,35460,downloaded,35460,
2026-07-17,NSE,BHARTIARTL,raw_l2/trade_date=2026-07-17/exchange=NSE/symbol=BHARTIARTL/part-063523_888545-023269.parquet,real_data_sample\l2_unseen_validation\trade_date=2026-07-17\exchange=NSE\symbol=BHARTIARTL\part-063523_888545-023269.parquet,35081,downloaded,35081,
2026-07-17,NSE,BHARTIARTL,raw_l2/trade_date=2026-07-17/exchange=NSE/symbol=BHARTIARTL/part-063441_437708-023173.parquet,real_data_sample\l2_unseen_validation\trade_date=2026-07-17\exchange=NSE\symbol=BHARTIARTL\part-063441_437708-023173.parquet,35578,downloaded,35578,
2026-07-17,NSE,BHARTIARTL,raw_l2/trade_date=2026-07-17/exchange=NSE/symbol=BHARTIARTL/part-063138_459804-022757.parquet,real_data_sample\l2_unseen_validation\trade_date=2026-07-17\exchange=NSE\symbol=BHARTIARTL\part-063138_459804-022757.parquet,34929,downloaded,34929,
2026-07-17,NSE,BHARTIARTL,raw_l2/trade_date=2026-07-17/exchange=NSE/symbol=BHARTIARTL/part-062944_455498-022501.parquet,real_data_sample\l2_unseen_validation\trade_date=2026-07-17\exchange=NSE\symbol=BHARTIARTL\part-062944_455498-022501.parquet,35717,downloaded,35717,
2026-07-17,NSE,BHARTIARTL,raw_l2/trade_date=2026-07-17/exchange=NSE/symbol=BHARTIARTL/part-063152_483453-022789.parquet,real_data_sample\l2_unseen_validation\trade_date=2026-07-17\exchange=NSE\symbol=BHARTIARTL\part-063152_483453-022789.parquet,34696,downloaded,34696,
2026-07-17,NSE,BHARTIARTL,raw_l2/trade_date=2026-07-17/exchange=NSE/symbol=BHARTIARTL/part-063537_686871-023301.parquet,real_data_sample\l2_unseen_validation\trade_date=2026-07-17\exchange=NSE\symbol=BHARTIARTL\part-063537_686871-023301.parquet,35005,downloaded,35005,
2026-07-17,NSE,BHARTIARTL,raw_l2/trade_date=2026-07-17/exchange=NSE/symbol=BHARTIARTL/part-063551_683800-023333.parquet,real_data_sample\l2_unseen_validation\trade_date=2026-07-17\exchange=NSE\symbol=BHARTIARTL\part-063551_683800-023333.parquet,34916,downloaded,34916,
2026-07-17,NSE,BHARTIARTL,raw_l2/trade_date=2026-07-17/exchange=NSE/symbol=BHARTIARTL/part-063619_470494-023397.parquet,real_data_sample\l2_unseen_validation\trade_date=2026-07-17\exchange=NSE\symbol=BHARTIARTL\part-063619_470494-023397.parquet,34981,downloaded,34981,
2026-07-17,NSE,BHARTIARTL,raw_l2/trade_date=2026-07-17/exchange=NSE/symbol=BHARTIARTL/part-063701_496814-023493.parquet,real_data_sample\l2_unseen_validation\trade_date=2026-07-17\exchange=NSE\symbol=BHARTIARTL\part-063701_496814-023493.parquet,36169,downloaded,36169,
2026-07-17,NSE,BHARTIARTL,raw_l2/trade_date=2026-07-17/exchange=NSE/symbol=BHARTIARTL/part-063605_432380-023365.parquet,real_data_sample\l2_unseen_validation\trade_date=2026-07-17\exchange=NSE\symbol=BHARTIARTL\part-063605_432380-023365.parquet,34654,downloaded,34654,
2026-07-17,NSE,BHARTIARTL,raw_l2/trade_date=2026-07-17/exchange=NSE/symbol=BHARTIARTL/part-063633_453267-023429.parquet,real_data_sample\l2_unseen_validation\trade_date=2026-07-17\exchange=NSE\symbol=BHARTIARTL\part-063633_453267-023429.parquet,35552,downloaded,35552,
2026-07-17,NSE,BHARTIARTL,raw_l2/trade_date=2026-07-17/exchange=NSE/symbol=BHARTIARTL/part-063715_469119-023525.parquet,real_data_sample\l2_unseen_validation\trade_date=2026-07-17\exchange=NSE\symbol=BHARTIARTL\part-063715_469119-023525.parquet,35795,downloaded,35795,
2026-07-17,NSE,BHARTIARTL,raw_l2/trade_date=2026-07-17/exchange=NSE/symbol=BHARTIARTL/part-063729_426554-023557.parquet,real_data_sample\l2_unseen_validation\trade_date=2026-07-17\exchange=NSE\symbol=BHARTIARTL\part-063729_426554-023557.parquet,35596,downloaded,35596,
2026-07-17,NSE,BHARTIARTL,raw_l2/trade_date=2026-07-17/exchange=NSE/symbol=BHARTIARTL/part-063743_439556-023589.parquet,real_data_sample\l2_unseen_validation\trade_date=2026-07-17\exchange=NSE\symbol=BHARTIARTL\part-063743_439556-023589.parquet,35647,downloaded,35647,
2026-07-17,NSE,BHARTIARTL,raw_l2/trade_date=2026-07-17/exchange=NSE/symbol=BHARTIARTL/part-063853_700025-023749.parquet,real_data_sample\l2_unseen_validation\trade_date=2026-07-17\exchange=NSE\symbol=BHARTIARTL\part-063853_700025-023749.parquet,34907,downloaded,34907,
2026-07-17,NSE,BHARTIARTL,raw_l2/trade_date=2026-07-17/exchange=NSE/symbol=BHARTIARTL/part-064018_285491-023941.parquet,real_data_sample\l2_unseen_validation\trade_date=2026-07-17\exchange=NSE\symbol=BHARTIARTL\part-064018_285491-023941.parquet,34895,downloaded,34895,
2026-07-17,NSE,BHARTIARTL,raw_l2/trade_date=2026-07-17/exchange=NSE/symbol=BHARTIARTL/part-063757_176367-023621.parquet,real_data_sample\l2_unseen_validation\trade_date=2026-07-17\exchange=NSE\symbol=BHARTIARTL\part-063757_176367-023621.parquet,35713,downloaded,35713,
2026-07-17,NSE,BHARTIARTL,raw_l2/trade_date=2026-07-17/exchange=NSE/symbol=BHARTIARTL/part-064032_387339-023973.parquet,real_data_sample\l2_unseen_validation\trade_date=2026-07-17\exchange=NSE\symbol=BHARTIARTL\part-064032_387339-023973.parquet,34868,downloaded,34868,
2026-07-17,NSE,BHARTIARTL,raw_l2/trade_date=2026-07-17/exchange=NSE/symbol=BHARTIARTL/part-064114_432716-024069.parquet,real_data_sample\l2_unseen_validation\trade_date=2026-07-17\exchange=NSE\symbol=BHARTIARTL\part-064114_432716-024069.parquet,34990,downloaded,34990,
2026-07-17,NSE,BHARTIARTL,raw_l2/trade_date=2026-07-17/exchange=NSE/symbol=BHARTIARTL/part-063950_451488-023877.parquet,real_data_sample\l2_unseen_validation\trade_date=2026-07-17\exchange=NSE\symbol=BHARTIARTL\part-063950_451488-023877.parquet,34814,downloaded,34814,
2026-07-17,NSE,BHARTIARTL,raw_l2/trade_date=2026-07-17/exchange=NSE/symbol=BHARTIARTL/part-064004_225281-023909.parquet,real_data_sample\l2_unseen_validation\trade_date=2026-07-17\exchange=NSE\symbol=BHARTIARTL\part-064004_225281-023909.parquet,34585,downloaded,34585,
2026-07-17,NSE,BHARTIARTL,raw_l2/trade_date=2026-07-17/exchange=NSE/symbol=BHARTIARTL/part-064046_506369-024005.parquet,real_data_sample\l2_unseen_validation\trade_date=2026-07-17\exchange=NSE\symbol=BHARTIARTL\part-064046_506369-024005.parquet,34873,downloaded,34873,
2026-07-17,NSE,BHARTIARTL,raw_l2/trade_date=2026-07-17/exchange=NSE/symbol=BHARTIARTL/part-064100_455731-024037.parquet,real_data_sample\l2_unseen_validation\trade_date=2026-07-17\exchange=NSE\symbol=BHARTIARTL\part-064100_455731-024037.parquet,34939,downloaded,34939,
2026-07-17,NSE,BHARTIARTL,raw_l2/trade_date=2026-07-17/exchange=NSE/symbol=BHARTIARTL/part-063922_443682-023813.parquet,real_data_sample\l2_unseen_validation\trade_date=2026-07-17\exchange=NSE\symbol=BHARTIARTL\part-063922_443682-023813.parquet,34911,downloaded,34911,
2026-07-17,NSE,BHARTIARTL,raw_l2/trade_date=2026-07-17/exchange=NSE/symbol=BHARTIARTL/part-063908_459936-023781.parquet,real_data_sample\l2_unseen_validation\trade_date=2026-07-17\exchange=NSE\symbol=BHARTIARTL\part-063908_459936-023781.parquet,34556,downloaded,34556,
2026-07-17,NSE,BHARTIARTL,raw_l2/trade_date=2026-07-17/exchange=NSE/symbol=BHARTIARTL/part-063825_234132-023685.parquet,real_data_sample\l2_unseen_validation\trade_date=2026-07-17\exchange=NSE\symbol=BHARTIARTL\part-063825_234132-023685.parquet,34781,downloaded,34781,
2026-07-17,NSE,BHARTIARTL,raw_l2/trade_date=2026-07-17/exchange=NSE/symbol=BHARTIARTL/part-063810_976964-023653.parquet,real_data_sample\l2_unseen_validation\trade_date=2026-07-17\exchange=NSE\symbol=BHARTIARTL\part-063810_976964-023653.parquet,35600,downloaded,35600,
2026-07-17,NSE,BHARTIARTL,raw_l2/trade_date=2026-07-17/exchange=NSE/symbol=BHARTIARTL/part-063839_467292-023717.parquet,real_data_sample\l2_unseen_validation\trade_date=2026-07-17\exchange=NSE\symbol=BHARTIARTL\part-063839_467292-023717.parquet,34655,downloaded,34655,
2026-07-17,NSE,BHARTIARTL,raw_l2/trade_date=2026-07-17/exchange=NSE/symbol=BHARTIARTL/part-064142_416850-024133.parquet,real_data_sample\l2_unseen_validation\trade_date=2026-07-17\exchange=NSE\symbol=BHARTIARTL\part-064142_416850-024133.parquet,34881,downloaded,34881,
2026-07-17,NSE,BHARTIARTL,raw_l2/trade_date=2026-07-17/exchange=NSE/symbol=BHARTIARTL/part-064223_994225-024229.parquet,real_data_sample\l2_unseen_validation\trade_date=2026-07-17\exchange=NSE\symbol=BHARTIARTL\part-064223_994225-024229.parquet,34822,downloaded,34822,
2026-07-17,NSE,BHARTIARTL,raw_l2/trade_date=2026-07-17/exchange=NSE/symbol=BHARTIARTL/part-064209_962347-024197.parquet,real_data_sample\l2_unseen_validation\trade_date=2026-07-17\exchange=NSE\symbol=BHARTIARTL\part-064209_962347-024197.parquet,34995,downloaded,34995,
2026-07-17,NSE,BHARTIARTL,raw_l2/trade_date=2026-07-17/exchange=NSE/symbol=BHARTIARTL/part-064156_163333-024165.parquet,real_data_sample\l2_unseen_validation\trade_date=2026-07-17\exchange=NSE\symbol=BHARTIARTL\part-064156_163333-024165.parquet,34959,downloaded,34959,
2026-07-17,NSE,BHARTIARTL,raw_l2/trade_date=2026-07-17/exchange=NSE/symbol=BHARTIARTL/part-064128_167285-024101.parquet,real_data_sample\l2_unseen_validation\trade_date=2026-07-17\exchange=NSE\symbol=BHARTIARTL\part-064128_167285-024101.parquet,34847,downloaded,34847,
2026-07-17,NSE,BHARTIARTL,raw_l2/trade_date=2026-07-17/exchange=NSE/symbol=BHARTIARTL/part-064237_686172-024261.parquet,real_data_sample\l2_unseen_validation\trade_date=2026-07-17\exchange=NSE\symbol=BHARTIARTL\part-064237_686172-024261.parquet,34809,downloaded,34809,
2026-07-17,NSE,BHARTIARTL,raw_l2/trade_date=2026-07-17/exchange=NSE/symbol=BHARTIARTL/part-064251_422377-024293.parquet,real_data_sample\l2_unseen_validation\trade_date=2026-07-17\exchange=NSE\symbol=BHARTIARTL\part-064251_422377-024293.parquet,34985,downloaded,34985,
2026-07-17,NSE,BHARTIARTL,raw_l2/trade_date=2026-07-17/exchange=NSE/symbol=BHARTIARTL/part-063647_428135-023461.parquet,real_data_sample\l2_unseen_validation\trade_date=2026-07-17\exchange=NSE\symbol=BHARTIARTL\part-063647_428135-023461.parquet,35869,downloaded,35869,
2026-07-17,NSE,BHARTIARTL,raw_l2/trade_date=2026-07-17/exchange=NSE/symbol=BHARTIARTL/part-064305_209133-024325.parquet,real_data_sample\l2_unseen_validation\trade_date=2026-07-17\exchange=NSE\symbol=BHARTIARTL\part-064305_209133-024325.parquet,35082,downloaded,35082,
2026-07-17,NSE,BHARTIARTL,raw_l2/trade_date=2026-07-17/exchange=NSE/symbol=BHARTIARTL/part-060553_497961-019301.parquet,real_data_sample\l2_unseen_validation\trade_date=2026-07-17\exchange=NSE\symbol=BHARTIARTL\part-060553_497961-019301.parquet,34679,downloaded,34679,
2026-07-17,NSE,BHARTIARTL,raw_l2/trade_date=2026-07-17/exchange=NSE/symbol=BHARTIARTL/part-064414_168509-024485.parquet,real_data_sample\l2_unseen_validation\trade_date=2026-07-17\exchange=NSE\symbol=BHARTIARTL\part-064414_168509-024485.parquet,35100,downloaded,35100,
2026-07-17,NSE,BHARTIARTL,raw_l2/trade_date=2026-07-17/exchange=NSE/symbol=BHARTIARTL/part-064346_674219-024421.parquet,real_data_sample\l2_unseen_validation\trade_date=2026-07-17\exchange=NSE\symbol=BHARTIARTL\part-064346_674219-024421.parquet,35299,downloaded,35299,
2026-07-17,NSE,BHARTIARTL,raw_l2/trade_date=2026-07-17/exchange=NSE/symbol=BHARTIARTL/part-064332_941049-024389.parquet,real_data_sample\l2_unseen_validation\trade_date=2026-07-17\exchange=NSE\symbol=BHARTIARTL\part-064332_941049-024389.parquet,35539,downloaded,35539,
2026-07-17,NSE,BHARTIARTL,raw_l2/trade_date=2026-07-17/exchange=NSE/symbol=BHARTIARTL/part-064318_964818-024357.parquet,real_data_sample\l2_unseen_validation\trade_date=2026-07-17\exchange=NSE\symbol=BHARTIARTL\part-064318_964818-024357.parquet,35302,downloaded,35302,
2026-07-17,NSE,BHARTIARTL,raw_l2/trade_date=2026-07-17/exchange=NSE/symbol=BHARTIARTL/part-064400_428095-024453.parquet,real_data_sample\l2_unseen_validation\trade_date=2026-07-17\exchange=NSE\symbol=BHARTIARTL\part-064400_428095-024453.parquet,35382,downloaded,35382,
2026-07-17,NSE,BHARTIARTL,raw_l2/trade_date=2026-07-17/exchange=NSE/symbol=BHARTIARTL/part-064442_188509-024549.parquet,real_data_sample\l2_unseen_validation\trade_date=2026-07-17\exchange=NSE\symbol=BHARTIARTL\part-064442_188509-024549.parquet,34660,downloaded,34660,
2026-07-17,NSE,BHARTIARTL,raw_l2/trade_date=2026-07-17/exchange=NSE/symbol=BHARTIARTL/part-064509_917344-024613.parquet,real_data_sample\l2_unseen_validation\trade_date=2026-07-17\exchange=NSE\symbol=BHARTIARTL\part-064509_917344-024613.parquet,34748,downloaded,34748,
2026-07-17,NSE,BHARTIARTL,raw_l2/trade_date=2026-07-17/exchange=NSE/symbol=BHARTIARTL/part-064428_439363-024517.parquet,real_data_sample\l2_unseen_validation\trade_date=2026-07-17\exchange=NSE\symbol=BHARTIARTL\part-064428_439363-024517.parquet,34877,downloaded,34877,
2026-07-17,NSE,BHARTIARTL,raw_l2/trade_date=2026-07-17/exchange=NSE/symbol=BHARTIARTL/part-064605_411355-024741.parquet,real_data_sample\l2_unseen_validation\trade_date=2026-07-17\exchange=NSE\symbol=BHARTIARTL\part-064605_411355-024741.parquet,34885,downloaded,34885,
2026-07-17,NSE,BHARTIARTL,raw_l2/trade_date=2026-07-17/exchange=NSE/symbol=BHARTIARTL/part-064455_966520-024581.parquet,real_data_sample\l2_unseen_validation\trade_date=2026-07-17\exchange=NSE\symbol=BHARTIARTL\part-064455_966520-024581.parquet,34907,downloaded,34907,
2026-07-17,NSE,BHARTIARTL,raw_l2/trade_date=2026-07-17/exchange=NSE/symbol=BHARTIARTL/part-064523_950339-024645.parquet,real_data_sample\l2_unseen_validation\trade_date=2026-07-17\exchange=NSE\symbol=BHARTIARTL\part-064523_950339-024645.parquet,34718,downloaded,34718,
2026-07-17,NSE,BHARTIARTL,raw_l2/trade_date=2026-07-17/exchange=NSE/symbol=BHARTIARTL/part-064537_917081-024677.parquet,real_data_sample\l2_unseen_validation\trade_date=2026-07-17\exchange=NSE\symbol=BHARTIARTL\part-064537_917081-024677.parquet,34839,downloaded,34839,
2026-07-17,NSE,BHARTIARTL,raw_l2/trade_date=2026-07-17/exchange=NSE/symbol=BHARTIARTL/part-064700_919873-024869.parquet,real_data_sample\l2_unseen_validation\trade_date=2026-07-17\exchange=NSE\symbol=BHARTIARTL\part-064700_919873-024869.parquet,34797,downloaded,34797,
2026-07-17,NSE,BHARTIARTL,raw_l2/trade_date=2026-07-17/exchange=NSE/symbol=BHARTIARTL/part-064551_651263-024709.parquet,real_data_sample\l2_unseen_validation\trade_date=2026-07-17\exchange=NSE\symbol=BHARTIARTL\part-064551_651263-024709.parquet,34850,downloaded,34850,
2026-07-17,NSE,BHARTIARTL,raw_l2/trade_date=2026-07-17/exchange=NSE/symbol=BHARTIARTL/part-064742_697454-024965.parquet,real_data_sample\l2_unseen_validation\trade_date=2026-07-17\exchange=NSE\symbol=BHARTIARTL\part-064742_697454-024965.parquet,35522,downloaded,35522,
2026-07-17,NSE,BHARTIARTL,raw_l2/trade_date=2026-07-17/exchange=NSE/symbol=BHARTIARTL/part-064646_953024-024837.parquet,real_data_sample\l2_unseen_validation\trade_date=2026-07-17\exchange=NSE\symbol=BHARTIARTL\part-064646_953024-024837.parquet,34816,downloaded,34816,
2026-07-17,NSE,BHARTIARTL,raw_l2/trade_date=2026-07-17/exchange=NSE/symbol=BHARTIARTL/part-064619_179723-024773.parquet,real_data_sample\l2_unseen_validation\trade_date=2026-07-17\exchange=NSE\symbol=BHARTIARTL\part-064619_179723-024773.parquet,34892,downloaded,34892,
2026-07-17,NSE,BHARTIARTL,raw_l2/trade_date=2026-07-17/exchange=NSE/symbol=BHARTIARTL/part-064728_669964-024933.parquet,real_data_sample\l2_unseen_validation\trade_date=2026-07-17\exchange=NSE\symbol=BHARTIARTL\part-064728_669964-024933.parquet,35332,downloaded,35332,
2026-07-17,NSE,BHARTIARTL,raw_l2/trade_date=2026-07-17/exchange=NSE/symbol=BHARTIARTL/part-064714_943632-024901.parquet,real_data_sample\l2_unseen_validation\trade_date=2026-07-17\exchange=NSE\symbol=BHARTIARTL\part-064714_943632-024901.parquet,35405,downloaded,35405,
2026-07-17,NSE,BHARTIARTL,raw_l2/trade_date=2026-07-17/exchange=NSE/symbol=BHARTIARTL/part-064632_925880-024805.parquet,real_data_sample\l2_unseen_validation\trade_date=2026-07-17\exchange=NSE\symbol=BHARTIARTL\part-064632_925880-024805.parquet,35000,downloaded,35000,
2026-07-17,NSE,BHARTIARTL,raw_l2/trade_date=2026-07-17/exchange=NSE/symbol=BHARTIARTL/part-063936_427157-023845.parquet,real_data_sample\l2_unseen_validation\trade_date=2026-07-17\exchange=NSE\symbol=BHARTIARTL\part-063936_427157-023845.parquet,34915,downloaded,34915,
2026-07-17,NSE,BHARTIARTL,raw_l2/trade_date=2026-07-17/exchange=NSE/symbol=BHARTIARTL/part-064756_423767-024997.parquet,real_data_sample\l2_unseen_validation\trade_date=2026-07-17\exchange=NSE\symbol=BHARTIARTL\part-064756_423767-024997.parquet,35439,downloaded,35439,
2026-07-17,NSE,BHARTIARTL,raw_l2/trade_date=2026-07-17/exchange=NSE/symbol=BHARTIARTL/part-064810_206401-025029.parquet,real_data_sample\l2_unseen_validation\trade_date=2026-07-17\exchange=NSE\symbol=BHARTIARTL\part-064810_206401-025029.parquet,35927,downloaded,35927,
2026-07-17,NSE,BHARTIARTL,raw_l2/trade_date=2026-07-17/exchange=NSE/symbol=BHARTIARTL/part-061513_295443-020549.parquet,real_data_sample\l2_unseen_validation\trade_date=2026-07-17\exchange=NSE\symbol=BHARTIARTL\part-061513_295443-020549.parquet,35155,downloaded,35155,
2026-07-17,NSE,BHARTIARTL,raw_l2/trade_date=2026-07-17/exchange=NSE/symbol=BHARTIARTL/part-065029_174613-025349.parquet,real_data_sample\l2_unseen_validation\trade_date=2026-07-17\exchange=NSE\symbol=BHARTIARTL\part-065029_174613-025349.parquet,35581,downloaded,35581,
2026-07-17,NSE,BHARTIARTL,raw_l2/trade_date=2026-07-17/exchange=NSE/symbol=BHARTIARTL/part-065043_190722-025381.parquet,real_data_sample\l2_unseen_validation\trade_date=2026-07-17\exchange=NSE\symbol=BHARTIARTL\part-065043_190722-025381.parquet,35756,downloaded,35756,
2026-07-17,NSE,BHARTIARTL,raw_l2/trade_date=2026-07-17/exchange=NSE/symbol=BHARTIARTL/part-065057_427223-025413.parquet,real_data_sample\l2_unseen_validation\trade_date=2026-07-17\exchange=NSE\symbol=BHARTIARTL\part-065057_427223-025413.parquet,35779,downloaded,35779,
2026-07-17,NSE,BHARTIARTL,raw_l2/trade_date=2026-07-17/exchange=NSE/symbol=BHARTIARTL/part-064947_453879-025253.parquet,real_data_sample\l2_unseen_validation\trade_date=2026-07-17\exchange=NSE\symbol=BHARTIARTL\part-064947_453879-025253.parquet,34846,downloaded,34846,
2026-07-17,NSE,BHARTIARTL,raw_l2/trade_date=2026-07-17/exchange=NSE/symbol=BHARTIARTL/part-064824_219976-025061.parquet,real_data_sample\l2_unseen_validation\trade_date=2026-07-17\exchange=NSE\symbol=BHARTIARTL\part-064824_219976-025061.parquet,34936,downloaded,34936,
2026-07-17,NSE,BHARTIARTL,raw_l2/trade_date=2026-07-17/exchange=NSE/symbol=BHARTIARTL/part-064838_172521-025093.parquet,real_data_sample\l2_unseen_validation\trade_date=2026-07-17\exchange=NSE\symbol=BHARTIARTL\part-064838_172521-025093.parquet,34857,downloaded,34857,
2026-07-17,NSE,BHARTIARTL,raw_l2/trade_date=2026-07-17/exchange=NSE/symbol=BHARTIARTL/part-065111_441477-025445.parquet,real_data_sample\l2_unseen_validation\trade_date=2026-07-17\exchange=NSE\symbol=BHARTIARTL\part-065111_441477-025445.parquet,36190,downloaded,36190,
2026-07-17,NSE,BHARTIARTL,raw_l2/trade_date=2026-07-17/exchange=NSE/symbol=BHARTIARTL/part-064919_667819-025189.parquet,real_data_sample\l2_unseen_validation\trade_date=2026-07-17\exchange=NSE\symbol=BHARTIARTL\part-064919_667819-025189.parquet,35176,downloaded,35176,
2026-07-17,NSE,BHARTIARTL,raw_l2/trade_date=2026-07-17/exchange=NSE/symbol=BHARTIARTL/part-065001_430079-025285.parquet,real_data_sample\l2_unseen_validation\trade_date=2026-07-17\exchange=NSE\symbol=BHARTIARTL\part-065001_430079-025285.parquet,34923,downloaded,34923,
2026-07-17,NSE,BHARTIARTL,raw_l2/trade_date=2026-07-17/exchange=NSE/symbol=BHARTIARTL/part-065015_427344-025317.parquet,real_data_sample\l2_unseen_validation\trade_date=2026-07-17\exchange=NSE\symbol=BHARTIARTL\part-065015_427344-025317.parquet,35222,downloaded,35222,
2026-07-17,NSE,BHARTIARTL,raw_l2/trade_date=2026-07-17/exchange=NSE/symbol=BHARTIARTL/part-064905_700941-025157.parquet,real_data_sample\l2_unseen_validation\trade_date=2026-07-17\exchange=NSE\symbol=BHARTIARTL\part-064905_700941-025157.parquet,34753,downloaded,34753,
2026-07-17,NSE,BHARTIARTL,raw_l2/trade_date=2026-07-17/exchange=NSE/symbol=BHARTIARTL/part-064851_951622-025125.parquet,real_data_sample\l2_unseen_validation\trade_date=2026-07-17\exchange=NSE\symbol=BHARTIARTL\part-064851_951622-025125.parquet,34901,downloaded,34901,
2026-07-17,NSE,BHARTIARTL,raw_l2/trade_date=2026-07-17/exchange=NSE/symbol=BHARTIARTL/part-065125_430628-025477.parquet,real_data_sample\l2_unseen_validation\trade_date=2026-07-17\exchange=NSE\symbol=BHARTIARTL\part-065125_430628-025477.parquet,36566,downloaded,36566,
2026-07-17,NSE,BHARTIARTL,raw_l2/trade_date=2026-07-17/exchange=NSE/symbol=BHARTIARTL/part-065331_970586-025765.parquet,real_data_sample\l2_unseen_validation\trade_date=2026-07-17\exchange=NSE\symbol=BHARTIARTL\part-065331_970586-025765.parquet,34784,downloaded,34784,
2026-07-17,NSE,BHARTIARTL,raw_l2/trade_date=2026-07-17/exchange=NSE/symbol=BHARTIARTL/part-065427_955726-025893.parquet,real_data_sample\l2_unseen_validation\trade_date=2026-07-17\exchange=NSE\symbol=BHARTIARTL\part-065427_955726-025893.parquet,34851,downloaded,34851,
2026-07-17,NSE,BHARTIARTL,raw_l2/trade_date=2026-07-17/exchange=NSE/symbol=BHARTIARTL/part-065345_698187-025797.parquet,real_data_sample\l2_unseen_validation\trade_date=2026-07-17\exchange=NSE\symbol=BHARTIARTL\part-065345_698187-025797.parquet,34867,downloaded,34867,
2026-07-17,NSE,BHARTIARTL,raw_l2/trade_date=2026-07-17/exchange=NSE/symbol=BHARTIARTL/part-065153_434567-025541.parquet,real_data_sample\l2_unseen_validation\trade_date=2026-07-17\exchange=NSE\symbol=BHARTIARTL\part-065153_434567-025541.parquet,36113,downloaded,36113,
2026-07-17,NSE,BHARTIARTL,raw_l2/trade_date=2026-07-17/exchange=NSE/symbol=BHARTIARTL/part-065359_723435-025829.parquet,real_data_sample\l2_unseen_validation\trade_date=2026-07-17\exchange=NSE\symbol=BHARTIARTL\part-065359_723435-025829.parquet,34964,downloaded,34964,
2026-07-17,NSE,BHARTIARTL,raw_l2/trade_date=2026-07-17/exchange=NSE/symbol=BHARTIARTL/part-065207_474816-025573.parquet,real_data_sample\l2_unseen_validation\trade_date=2026-07-17\exchange=NSE\symbol=BHARTIARTL\part-065207_474816-025573.parquet,36273,downloaded,36273,
2026-07-17,NSE,BHARTIARTL,raw_l2/trade_date=2026-07-17/exchange=NSE/symbol=BHARTIARTL/part-065221_704579-025605.parquet,real_data_sample\l2_unseen_validation\trade_date=2026-07-17\exchange=NSE\symbol=BHARTIARTL\part-065221_704579-025605.parquet,35750,downloaded,35750,
2026-07-17,NSE,BHARTIARTL,raw_l2/trade_date=2026-07-17/exchange=NSE/symbol=BHARTIARTL/part-065139_457469-025509.parquet,real_data_sample\l2_unseen_validation\trade_date=2026-07-17\exchange=NSE\symbol=BHARTIARTL\part-065139_457469-025509.parquet,36314,downloaded,36314,
2026-07-17,NSE,BHARTIARTL,raw_l2/trade_date=2026-07-17/exchange=NSE/symbol=BHARTIARTL/part-065510_187538-025989.parquet,real_data_sample\l2_unseen_validation\trade_date=2026-07-17\exchange=NSE\symbol=BHARTIARTL\part-065510_187538-025989.parquet,34963,downloaded,34963,
2026-07-17,NSE,BHARTIARTL,raw_l2/trade_date=2026-07-17/exchange=NSE/symbol=BHARTIARTL/part-065235_738266-025637.parquet,real_data_sample\l2_unseen_validation\trade_date=2026-07-17\exchange=NSE\symbol=BHARTIARTL\part-065235_738266-025637.parquet,36047,downloaded,36047,
2026-07-17,NSE,BHARTIARTL,raw_l2/trade_date=2026-07-17/exchange=NSE/symbol=BHARTIARTL/part-065303_933390-025701.parquet,real_data_sample\l2_unseen_validation\trade_date=2026-07-17\exchange=NSE\symbol=BHARTIARTL\part-065303_933390-025701.parquet,35390,downloaded,35390,
2026-07-17,NSE,BHARTIARTL,raw_l2/trade_date=2026-07-17/exchange=NSE/symbol=BHARTIARTL/part-065249_796329-025669.parquet,real_data_sample\l2_unseen_validation\trade_date=2026-07-17\exchange=NSE\symbol=BHARTIARTL\part-065249_796329-025669.parquet,35840,downloaded,35840,
2026-07-17,NSE,BHARTIARTL,raw_l2/trade_date=2026-07-17/exchange=NSE/symbol=BHARTIARTL/part-064933_450798-025221.parquet,real_data_sample\l2_unseen_validation\trade_date=2026-07-17\exchange=NSE\symbol=BHARTIARTL\part-064933_450798-025221.parquet,35129,downloaded,35129,
2026-07-17,NSE,BHARTIARTL,raw_l2/trade_date=2026-07-17/exchange=NSE/symbol=BHARTIARTL/part-065318_049042-025733.parquet,real_data_sample\l2_unseen_validation\trade_date=2026-07-17\exchange=NSE\symbol=BHARTIARTL\part-065318_049042-025733.parquet,34907,downloaded,34907,
2026-07-17,NSE,BHARTIARTL,raw_l2/trade_date=2026-07-17/exchange=NSE/symbol=BHARTIARTL/part-065413_944822-025861.parquet,real_data_sample\l2_unseen_validation\trade_date=2026-07-17\exchange=NSE\symbol=BHARTIARTL\part-065413_944822-025861.parquet,34776,downloaded,34776,
2026-07-17,NSE,BHARTIARTL,raw_l2/trade_date=2026-07-17/exchange=NSE/symbol=BHARTIARTL/part-065524_248357-026021.parquet,real_data_sample\l2_unseen_validation\trade_date=2026-07-17\exchange=NSE\symbol=BHARTIARTL\part-065524_248357-026021.parquet,35091,downloaded,35091,
2026-07-17,NSE,BHARTIARTL,raw_l2/trade_date=2026-07-17/exchange=NSE/symbol=BHARTIARTL/part-065441_920314-025925.parquet,real_data_sample\l2_unseen_validation\trade_date=2026-07-17\exchange=NSE\symbol=BHARTIARTL\part-065441_920314-025925.parquet,34919,downloaded,34919,
2026-07-17,NSE,BHARTIARTL,raw_l2/trade_date=2026-07-17/exchange=NSE/symbol=BHARTIARTL/part-065648_456458-026213.parquet,real_data_sample\l2_unseen_validation\trade_date=2026-07-17\exchange=NSE\symbol=BHARTIARTL\part-065648_456458-026213.parquet,34987,downloaded,34987,
2026-07-17,NSE,BHARTIARTL,raw_l2/trade_date=2026-07-17/exchange=NSE/symbol=BHARTIARTL/part-065634_423668-026181.parquet,real_data_sample\l2_unseen_validation\trade_date=2026-07-17\exchange=NSE\symbol=BHARTIARTL\part-065634_423668-026181.parquet,34662,downloaded,34662,
2026-07-17,NSE,BHARTIARTL,raw_l2/trade_date=2026-07-17/exchange=NSE/symbol=BHARTIARTL/part-065620_499397-026149.parquet,real_data_sample\l2_unseen_validation\trade_date=2026-07-17\exchange=NSE\symbol=BHARTIARTL\part-065620_499397-026149.parquet,34780,downloaded,34780,
2026-07-17,NSE,BHARTIARTL,raw_l2/trade_date=2026-07-17/exchange=NSE/symbol=BHARTIARTL/part-065716_435889-026277.parquet,real_data_sample\l2_unseen_validation\trade_date=2026-07-17\exchange=NSE\symbol=BHARTIARTL\part-065716_435889-026277.parquet,34723,downloaded,34723,
2026-07-17,NSE,BHARTIARTL,raw_l2/trade_date=2026-07-17/exchange=NSE/symbol=BHARTIARTL/part-065702_446638-026245.parquet,real_data_sample\l2_unseen_validation\trade_date=2026-07-17\exchange=NSE\symbol=BHARTIARTL\part-065702_446638-026245.parquet,34905,downloaded,34905,
2026-07-17,NSE,BHARTIARTL,raw_l2/trade_date=2026-07-17/exchange=NSE/symbol=BHARTIARTL/part-065758_736438-026373.parquet,real_data_sample\l2_unseen_validation\trade_date=2026-07-17\exchange=NSE\symbol=BHARTIARTL\part-065758_736438-026373.parquet,34761,downloaded,34761,
2026-07-17,NSE,BHARTIARTL,raw_l2/trade_date=2026-07-17/exchange=NSE/symbol=BHARTIARTL/part-065606_456106-026117.parquet,real_data_sample\l2_unseen_validation\trade_date=2026-07-17\exchange=NSE\symbol=BHARTIARTL\part-065606_456106-026117.parquet,34810,downloaded,34810,
2026-07-17,NSE,BHARTIARTL,raw_l2/trade_date=2026-07-17/exchange=NSE/symbol=BHARTIARTL/part-065744_479756-026341.parquet,real_data_sample\l2_unseen_validation\trade_date=2026-07-17\exchange=NSE\symbol=BHARTIARTL\part-065744_479756-026341.parquet,34902,downloaded,34902,
2026-07-17,NSE,BHARTIARTL,raw_l2/trade_date=2026-07-17/exchange=NSE/symbol=BHARTIARTL/part-065538_449195-026053.parquet,real_data_sample\l2_unseen_validation\trade_date=2026-07-17\exchange=NSE\symbol=BHARTIARTL\part-065538_449195-026053.parquet,34706,downloaded,34706,
2026-07-17,NSE,BHARTIARTL,raw_l2/trade_date=2026-07-17/exchange=NSE/symbol=BHARTIARTL/part-065812_967909-026405.parquet,real_data_sample\l2_unseen_validation\trade_date=2026-07-17\exchange=NSE\symbol=BHARTIARTL\part-065812_967909-026405.parquet,34914,downloaded,34914,
2026-07-17,NSE,BHARTIARTL,raw_l2/trade_date=2026-07-17/exchange=NSE/symbol=BHARTIARTL/part-065730_474800-026309.parquet,real_data_sample\l2_unseen_validation\trade_date=2026-07-17\exchange=NSE\symbol=BHARTIARTL\part-065730_474800-026309.parquet,34795,downloaded,34795,
2026-07-17,NSE,BHARTIARTL,raw_l2/trade_date=2026-07-17/exchange=NSE/symbol=BHARTIARTL/part-065827_227542-026437.parquet,real_data_sample\l2_unseen_validation\trade_date=2026-07-17\exchange=NSE\symbol=BHARTIARTL\part-065827_227542-026437.parquet,34732,downloaded,34732,
2026-07-17,NSE,BHARTIARTL,raw_l2/trade_date=2026-07-17/exchange=NSE/symbol=BHARTIARTL/part-070121_515964-026821.parquet,real_data_sample\l2_unseen_validation\trade_date=2026-07-17\exchange=NSE\symbol=BHARTIARTL\part-070121_515964-026821.parquet,35739,downloaded,35739,
2026-07-17,NSE,BHARTIARTL,raw_l2/trade_date=2026-07-17/exchange=NSE/symbol=BHARTIARTL/part-065841_757607-026469.parquet,real_data_sample\l2_unseen_validation\trade_date=2026-07-17\exchange=NSE\symbol=BHARTIARTL\part-065841_757607-026469.parquet,35073,downloaded,35073,
2026-07-17,NSE,BHARTIARTL,raw_l2/trade_date=2026-07-17/exchange=NSE/symbol=BHARTIARTL/part-070106_941930-026789.parquet,real_data_sample\l2_unseen_validation\trade_date=2026-07-17\exchange=NSE\symbol=BHARTIARTL\part-070106_941930-026789.parquet,34938,downloaded,34938,
2026-07-17,NSE,BHARTIARTL,raw_l2/trade_date=2026-07-17/exchange=NSE/symbol=BHARTIARTL/part-070037_492041-026725.parquet,real_data_sample\l2_unseen_validation\trade_date=2026-07-17\exchange=NSE\symbol=BHARTIARTL\part-070037_492041-026725.parquet,35132,downloaded,35132,
2026-07-17,NSE,BHARTIARTL,raw_l2/trade_date=2026-07-17/exchange=NSE/symbol=BHARTIARTL/part-070205_788126-026917.parquet,real_data_sample\l2_unseen_validation\trade_date=2026-07-17\exchange=NSE\symbol=BHARTIARTL\part-070205_788126-026917.parquet,36433,downloaded,36433,
2026-07-17,NSE,BHARTIARTL,raw_l2/trade_date=2026-07-17/exchange=NSE/symbol=BHARTIARTL/part-070431_222603-027237.parquet,real_data_sample\l2_unseen_validation\trade_date=2026-07-17\exchange=NSE\symbol=BHARTIARTL\part-070431_222603-027237.parquet,34786,downloaded,34786,
2026-07-17,NSE,BHARTIARTL,raw_l2/trade_date=2026-07-17/exchange=NSE/symbol=BHARTIARTL/part-070417_035869-027205.parquet,real_data_sample\l2_unseen_validation\trade_date=2026-07-17\exchange=NSE\symbol=BHARTIARTL\part-070417_035869-027205.parquet,35273,downloaded,35273,
2026-07-17,NSE,BHARTIARTL,raw_l2/trade_date=2026-07-17/exchange=NSE/symbol=BHARTIARTL/part-070348_275293-027141.parquet,real_data_sample\l2_unseen_validation\trade_date=2026-07-17\exchange=NSE\symbol=BHARTIARTL\part-070348_275293-027141.parquet,35436,downloaded,35436,
2026-07-17,NSE,BHARTIARTL,raw_l2/trade_date=2026-07-17/exchange=NSE/symbol=BHARTIARTL/part-070445_444640-027269.parquet,real_data_sample\l2_unseen_validation\trade_date=2026-07-17\exchange=NSE\symbol=BHARTIARTL\part-070445_444640-027269.parquet,34839,downloaded,34839,
2026-07-17,NSE,BHARTIARTL,raw_l2/trade_date=2026-07-17/exchange=NSE/symbol=BHARTIARTL/part-070528_966942-027365.parquet,real_data_sample\l2_unseen_validation\trade_date=2026-07-17\exchange=NSE\symbol=BHARTIARTL\part-070528_966942-027365.parquet,34680,downloaded,34680,
2026-07-17,NSE,BHARTIARTL,raw_l2/trade_date=2026-07-17/exchange=NSE/symbol=BHARTIARTL/part-070304_845431-027045.parquet,real_data_sample\l2_unseen_validation\trade_date=2026-07-17\exchange=NSE\symbol=BHARTIARTL\part-070304_845431-027045.parquet,35856,downloaded,35856,
2026-07-17,NSE,BHARTIARTL,raw_l2/trade_date=2026-07-17/exchange=NSE/symbol=BHARTIARTL/part-070319_525222-027077.parquet,real_data_sample\l2_unseen_validation\trade_date=2026-07-17\exchange=NSE\symbol=BHARTIARTL\part-070319_525222-027077.parquet,35044,downloaded,35044,
2026-07-17,NSE,BHARTIARTL,raw_l2/trade_date=2026-07-17/exchange=NSE/symbol=BHARTIARTL/part-070334_021983-027109.parquet,real_data_sample\l2_unseen_validation\trade_date=2026-07-17\exchange=NSE\symbol=BHARTIARTL\part-070334_021983-027109.parquet,35412,downloaded,35412,
2026-07-17,NSE,BHARTIARTL,raw_l2/trade_date=2026-07-17/exchange=NSE/symbol=BHARTIARTL/part-070402_776731-027173.parquet,real_data_sample\l2_unseen_validation\trade_date=2026-07-17\exchange=NSE\symbol=BHARTIARTL\part-070402_776731-027173.parquet,35541,downloaded,35541,
2026-07-17,NSE,BHARTIARTL,raw_l2/trade_date=2026-07-17/exchange=NSE/symbol=BHARTIARTL/part-070543_554587-027397.parquet,real_data_sample\l2_unseen_validation\trade_date=2026-07-17\exchange=NSE\symbol=BHARTIARTL\part-070543_554587-027397.parquet,35151,downloaded,35151,
2026-07-17,NSE,BHARTIARTL,raw_l2/trade_date=2026-07-17/exchange=NSE/symbol=BHARTIARTL/part-070459_855714-027301.parquet,real_data_sample\l2_unseen_validation\trade_date=2026-07-17\exchange=NSE\symbol=BHARTIARTL\part-070459_855714-027301.parquet,34919,downloaded,34919,
2026-07-17,NSE,BHARTIARTL,raw_l2/trade_date=2026-07-17/exchange=NSE/symbol=BHARTIARTL/part-070514_560130-027333.parquet,real_data_sample\l2_unseen_validation\trade_date=2026-07-17\exchange=NSE\symbol=BHARTIARTL\part-070514_560130-027333.parquet,34896,downloaded,34896,
2026-07-17,NSE,BHARTIARTL,raw_l2/trade_date=2026-07-17/exchange=NSE/symbol=BHARTIARTL/part-070151_336379-026885.parquet,real_data_sample\l2_unseen_validation\trade_date=2026-07-17\exchange=NSE\symbol=BHARTIARTL\part-070151_336379-026885.parquet,36494,downloaded,36494,
2026-07-17,NSE,BHARTIARTL,raw_l2/trade_date=2026-07-17/exchange=NSE/symbol=BHARTIARTL/part-070557_754046-027429.parquet,real_data_sample\l2_unseen_validation\trade_date=2026-07-17\exchange=NSE\symbol=BHARTIARTL\part-070557_754046-027429.parquet,35102,downloaded,35102,
2026-07-17,NSE,BHARTIARTL,raw_l2/trade_date=2026-07-17/exchange=NSE/symbol=BHARTIARTL/part-070612_218630-027461.parquet,real_data_sample\l2_unseen_validation\trade_date=2026-07-17\exchange=NSE\symbol=BHARTIARTL\part-070612_218630-027461.parquet,34923,downloaded,34923,
2026-07-17,NSE,BHARTIARTL,raw_l2/trade_date=2026-07-17/exchange=NSE/symbol=BHARTIARTL/part-070626_480171-027493.parquet,real_data_sample\l2_unseen_validation\trade_date=2026-07-17\exchange=NSE\symbol=BHARTIARTL\part-070626_480171-027493.parquet,34800,downloaded,34800,
2026-07-17,NSE,BHARTIARTL,raw_l2/trade_date=2026-07-17/exchange=NSE/symbol=BHARTIARTL/part-070640_968093-027525.parquet,real_data_sample\l2_unseen_validation\trade_date=2026-07-17\exchange=NSE\symbol=BHARTIARTL\part-070640_968093-027525.parquet,34872,downloaded,34872,
2026-07-17,NSE,BHARTIARTL,raw_l2/trade_date=2026-07-17/exchange=NSE/symbol=BHARTIARTL/part-070655_258488-027557.parquet,real_data_sample\l2_unseen_validation\trade_date=2026-07-17\exchange=NSE\symbol=BHARTIARTL\part-070655_258488-027557.parquet,34916,downloaded,34916,
2026-07-17,NSE,BHARTIARTL,raw_l2/trade_date=2026-07-17/exchange=NSE/symbol=BHARTIARTL/part-070709_488543-027589.parquet,real_data_sample\l2_unseen_validation\trade_date=2026-07-17\exchange=NSE\symbol=BHARTIARTL\part-070709_488543-027589.parquet,34847,downloaded,34847,
2026-07-17,NSE,BHARTIARTL,raw_l2/trade_date=2026-07-17/exchange=NSE/symbol=BHARTIARTL/part-070932_285070-027909.parquet,real_data_sample\l2_unseen_validation\trade_date=2026-07-17\exchange=NSE\symbol=BHARTIARTL\part-070932_285070-027909.parquet,34835,downloaded,34835,
2026-07-17,NSE,BHARTIARTL,raw_l2/trade_date=2026-07-17/exchange=NSE/symbol=BHARTIARTL/part-070752_221963-027685.parquet,real_data_sample\l2_unseen_validation\trade_date=2026-07-17\exchange=NSE\symbol=BHARTIARTL\part-070752_221963-027685.parquet,34969,downloaded,34969,
2026-07-17,NSE,BHARTIARTL,raw_l2/trade_date=2026-07-17/exchange=NSE/symbol=BHARTIARTL/part-070723_762692-027621.parquet,real_data_sample\l2_unseen_validation\trade_date=2026-07-17\exchange=NSE\symbol=BHARTIARTL\part-070723_762692-027621.parquet,34843,downloaded,34843,
2026-07-17,NSE,BHARTIARTL,raw_l2/trade_date=2026-07-17/exchange=NSE/symbol=BHARTIARTL/part-070737_986389-027653.parquet,real_data_sample\l2_unseen_validation\trade_date=2026-07-17\exchange=NSE\symbol=BHARTIARTL\part-070737_986389-027653.parquet,34895,downloaded,34895,
2026-07-17,NSE,BHARTIARTL,raw_l2/trade_date=2026-07-17/exchange=NSE/symbol=BHARTIARTL/part-070806_193508-027717.parquet,real_data_sample\l2_unseen_validation\trade_date=2026-07-17\exchange=NSE\symbol=BHARTIARTL\part-070806_193508-027717.parquet,35040,downloaded,35040,
2026-07-17,NSE,BHARTIARTL,raw_l2/trade_date=2026-07-17/exchange=NSE/symbol=BHARTIARTL/part-070946_973495-027941.parquet,real_data_sample\l2_unseen_validation\trade_date=2026-07-17\exchange=NSE\symbol=BHARTIARTL\part-070946_973495-027941.parquet,34794,downloaded,34794,
2026-07-17,NSE,BHARTIARTL,raw_l2/trade_date=2026-07-17/exchange=NSE/symbol=BHARTIARTL/part-070849_013565-027813.parquet,real_data_sample\l2_unseen_validation\trade_date=2026-07-17\exchange=NSE\symbol=BHARTIARTL\part-070849_013565-027813.parquet,34801,downloaded,34801,
2026-07-17,NSE,BHARTIARTL,raw_l2/trade_date=2026-07-17/exchange=NSE/symbol=BHARTIARTL/part-070834_525124-027781.parquet,real_data_sample\l2_unseen_validation\trade_date=2026-07-17\exchange=NSE\symbol=BHARTIARTL\part-070834_525124-027781.parquet,34766,downloaded,34766,
2026-07-17,NSE,BHARTIARTL,raw_l2/trade_date=2026-07-17/exchange=NSE/symbol=BHARTIARTL/part-070903_266498-027845.parquet,real_data_sample\l2_unseen_validation\trade_date=2026-07-17\exchange=NSE\symbol=BHARTIARTL\part-070903_266498-027845.parquet,34644,downloaded,34644,
2026-07-17,NSE,BHARTIARTL,raw_l2/trade_date=2026-07-17/exchange=NSE/symbol=BHARTIARTL/part-070917_735331-027877.parquet,real_data_sample\l2_unseen_validation\trade_date=2026-07-17\exchange=NSE\symbol=BHARTIARTL\part-070917_735331-027877.parquet,34945,downloaded,34945,
2026-07-17,NSE,BHARTIARTL,raw_l2/trade_date=2026-07-17/exchange=NSE/symbol=BHARTIARTL/part-071015_466672-028005.parquet,real_data_sample\l2_unseen_validation\trade_date=2026-07-17\exchange=NSE\symbol=BHARTIARTL\part-071015_466672-028005.parquet,35146,downloaded,35146,
2026-07-17,NSE,BHARTIARTL,raw_l2/trade_date=2026-07-17/exchange=NSE/symbol=BHARTIARTL/part-071043_531300-028069.parquet,real_data_sample\l2_unseen_validation\trade_date=2026-07-17\exchange=NSE\symbol=BHARTIARTL\part-071043_531300-028069.parquet,34982,downloaded,34982,
2026-07-17,NSE,BHARTIARTL,raw_l2/trade_date=2026-07-17/exchange=NSE/symbol=BHARTIARTL/part-071029_481095-028037.parquet,real_data_sample\l2_unseen_validation\trade_date=2026-07-17\exchange=NSE\symbol=BHARTIARTL\part-071029_481095-028037.parquet,35107,downloaded,35107,
2026-07-17,NSE,BHARTIARTL,raw_l2/trade_date=2026-07-17/exchange=NSE/symbol=BHARTIARTL/part-071058_268684-028101.parquet,real_data_sample\l2_unseen_validation\trade_date=2026-07-17\exchange=NSE\symbol=BHARTIARTL\part-071058_268684-028101.parquet,35091,downloaded,35091,
2026-07-17,NSE,BHARTIARTL,raw_l2/trade_date=2026-07-17/exchange=NSE/symbol=BHARTIARTL/part-071112_763201-028133.parquet,real_data_sample\l2_unseen_validation\trade_date=2026-07-17\exchange=NSE\symbol=BHARTIARTL\part-071112_763201-028133.parquet,35191,downloaded,35191,
2026-07-17,NSE,BHARTIARTL,raw_l2/trade_date=2026-07-17/exchange=NSE/symbol=BHARTIARTL/part-071127_255738-028165.parquet,real_data_sample\l2_unseen_validation\trade_date=2026-07-17\exchange=NSE\symbol=BHARTIARTL\part-071127_255738-028165.parquet,36556,downloaded,36556,
2026-07-17,NSE,BHARTIARTL,raw_l2/trade_date=2026-07-17/exchange=NSE/symbol=BHARTIARTL/part-071336_960136-028453.parquet,real_data_sample\l2_unseen_validation\trade_date=2026-07-17\exchange=NSE\symbol=BHARTIARTL\part-071336_960136-028453.parquet,34651,downloaded,34651,
2026-07-17,NSE,BHARTIARTL,raw_l2/trade_date=2026-07-17/exchange=NSE/symbol=BHARTIARTL/part-071001_207654-027973.parquet,real_data_sample\l2_unseen_validation\trade_date=2026-07-17\exchange=NSE\symbol=BHARTIARTL\part-071001_207654-027973.parquet,34893,downloaded,34893,
2026-07-17,NSE,BHARTIARTL,raw_l2/trade_date=2026-07-17/exchange=NSE/symbol=BHARTIARTL/part-071210_989460-028261.parquet,real_data_sample\l2_unseen_validation\trade_date=2026-07-17\exchange=NSE\symbol=BHARTIARTL\part-071210_989460-028261.parquet,36279,downloaded,36279,
2026-07-17,NSE,BHARTIARTL,raw_l2/trade_date=2026-07-17/exchange=NSE/symbol=BHARTIARTL/part-071141_873244-028197.parquet,real_data_sample\l2_unseen_validation\trade_date=2026-07-17\exchange=NSE\symbol=BHARTIARTL\part-071141_873244-028197.parquet,36769,downloaded,36769,
2026-07-17,NSE,BHARTIARTL,raw_l2/trade_date=2026-07-17/exchange=NSE/symbol=BHARTIARTL/part-071322_787524-028421.parquet,real_data_sample\l2_unseen_validation\trade_date=2026-07-17\exchange=NSE\symbol=BHARTIARTL\part-071322_787524-028421.parquet,34708,downloaded,34708,
2026-07-17,NSE,BHARTIARTL,raw_l2/trade_date=2026-07-17/exchange=NSE/symbol=BHARTIARTL/part-071308_468548-028389.parquet,real_data_sample\l2_unseen_validation\trade_date=2026-07-17\exchange=NSE\symbol=BHARTIARTL\part-071308_468548-028389.parquet,35043,downloaded,35043,
2026-07-17,NSE,BHARTIARTL,raw_l2/trade_date=2026-07-17/exchange=NSE/symbol=BHARTIARTL/part-071239_984784-028325.parquet,real_data_sample\l2_unseen_validation\trade_date=2026-07-17\exchange=NSE\symbol=BHARTIARTL\part-071239_984784-028325.parquet,35706,downloaded,35706,
2026-07-17,NSE,BHARTIARTL,raw_l2/trade_date=2026-07-17/exchange=NSE/symbol=BHARTIARTL/part-071156_480549-028229.parquet,real_data_sample\l2_unseen_validation\trade_date=2026-07-17\exchange=NSE\symbol=BHARTIARTL\part-071156_480549-028229.parquet,36268,downloaded,36268,
2026-07-17,NSE,BHARTIARTL,raw_l2/trade_date=2026-07-17/exchange=NSE/symbol=BHARTIARTL/part-071351_528398-028485.parquet,real_data_sample\l2_unseen_validation\trade_date=2026-07-17\exchange=NSE\symbol=BHARTIARTL\part-071351_528398-028485.parquet,34891,downloaded,34891,
2026-07-17,NSE,BHARTIARTL,raw_l2/trade_date=2026-07-17/exchange=NSE/symbol=BHARTIARTL/part-071254_319560-028357.parquet,real_data_sample\l2_unseen_validation\trade_date=2026-07-17\exchange=NSE\symbol=BHARTIARTL\part-071254_319560-028357.parquet,34999,downloaded,34999,
2026-07-17,NSE,BHARTIARTL,raw_l2/trade_date=2026-07-17/exchange=NSE/symbol=BHARTIARTL/part-071405_729757-028517.parquet,real_data_sample\l2_unseen_validation\trade_date=2026-07-17\exchange=NSE\symbol=BHARTIARTL\part-071405_729757-028517.parquet,34854,downloaded,34854,
2026-07-17,NSE,BHARTIARTL,raw_l2/trade_date=2026-07-17/exchange=NSE/symbol=BHARTIARTL/part-071434_252270-028581.parquet,real_data_sample\l2_unseen_validation\trade_date=2026-07-17\exchange=NSE\symbol=BHARTIARTL\part-071434_252270-028581.parquet,34817,downloaded,34817,
2026-07-17,NSE,BHARTIARTL,raw_l2/trade_date=2026-07-17/exchange=NSE/symbol=BHARTIARTL/part-071225_533768-028293.parquet,real_data_sample\l2_unseen_validation\trade_date=2026-07-17\exchange=NSE\symbol=BHARTIARTL\part-071225_533768-028293.parquet,35867,downloaded,35867,
2026-07-17,NSE,BHARTIARTL,raw_l2/trade_date=2026-07-17/exchange=NSE/symbol=BHARTIARTL/part-071420_037933-028549.parquet,real_data_sample\l2_unseen_validation\trade_date=2026-07-17\exchange=NSE\symbol=BHARTIARTL\part-071420_037933-028549.parquet,34887,downloaded,34887,
2026-07-17,NSE,BHARTIARTL,raw_l2/trade_date=2026-07-17/exchange=NSE/symbol=BHARTIARTL/part-071448_572937-028613.parquet,real_data_sample\l2_unseen_validation\trade_date=2026-07-17\exchange=NSE\symbol=BHARTIARTL\part-071448_572937-028613.parquet,34782,downloaded,34782,
2026-07-17,NSE,BHARTIARTL,raw_l2/trade_date=2026-07-17/exchange=NSE/symbol=BHARTIARTL/part-071503_017069-028645.parquet,real_data_sample\l2_unseen_validation\trade_date=2026-07-17\exchange=NSE\symbol=BHARTIARTL\part-071503_017069-028645.parquet,34855,downloaded,34855,
2026-07-17,NSE,BHARTIARTL,raw_l2/trade_date=2026-07-17/exchange=NSE/symbol=BHARTIARTL/part-071517_528638-028677.parquet,real_data_sample\l2_unseen_validation\trade_date=2026-07-17\exchange=NSE\symbol=BHARTIARTL\part-071517_528638-028677.parquet,35406,downloaded,35406,
2026-07-17,NSE,BHARTIARTL,raw_l2/trade_date=2026-07-17/exchange=NSE/symbol=BHARTIARTL/part-071531_743492-028709.parquet,real_data_sample\l2_unseen_validation\trade_date=2026-07-17\exchange=NSE\symbol=BHARTIARTL\part-071531_743492-028709.parquet,35622,downloaded,35622,
2026-07-17,NSE,BHARTIARTL,raw_l2/trade_date=2026-07-17/exchange=NSE/symbol=BHARTIARTL/part-071614_979370-028805.parquet,real_data_sample\l2_unseen_validation\trade_date=2026-07-17\exchange=NSE\symbol=BHARTIARTL\part-071614_979370-028805.parquet,35685,downloaded,35685,
2026-07-17,NSE,BHARTIARTL,raw_l2/trade_date=2026-07-17/exchange=NSE/symbol=BHARTIARTL/part-071629_237785-028837.parquet,real_data_sample\l2_unseen_validation\trade_date=2026-07-17\exchange=NSE\symbol=BHARTIARTL\part-071629_237785-028837.parquet,35213,downloaded,35213,
2026-07-17,NSE,BHARTIARTL,raw_l2/trade_date=2026-07-17/exchange=NSE/symbol=BHARTIARTL/part-071643_456779-028869.parquet,real_data_sample\l2_unseen_validation\trade_date=2026-07-17\exchange=NSE\symbol=BHARTIARTL\part-071643_456779-028869.parquet,35117,downloaded,35117,
2026-07-17,NSE,BHARTIARTL,raw_l2/trade_date=2026-07-17/exchange=NSE/symbol=BHARTIARTL/part-071711_729224-028933.parquet,real_data_sample\l2_unseen_validation\trade_date=2026-07-17\exchange=NSE\symbol=BHARTIARTL\part-071711_729224-028933.parquet,35555,downloaded,35555,
2026-07-17,NSE,BHARTIARTL,raw_l2/trade_date=2026-07-17/exchange=NSE/symbol=BHARTIARTL/part-071600_725807-028773.parquet,real_data_sample\l2_unseen_validation\trade_date=2026-07-17\exchange=NSE\symbol=BHARTIARTL\part-071600_725807-028773.parquet,35769,downloaded,35769,
2026-07-17,NSE,BHARTIARTL,raw_l2/trade_date=2026-07-17/exchange=NSE/symbol=BHARTIARTL/part-071740_218684-028997.parquet,real_data_sample\l2_unseen_validation\trade_date=2026-07-17\exchange=NSE\symbol=BHARTIARTL\part-071740_218684-028997.parquet,35009,downloaded,35009,
2026-07-17,NSE,BHARTIARTL,raw_l2/trade_date=2026-07-17/exchange=NSE/symbol=BHARTIARTL/part-071657_699305-028901.parquet,real_data_sample\l2_unseen_validation\trade_date=2026-07-17\exchange=NSE\symbol=BHARTIARTL\part-071657_699305-028901.parquet,35237,downloaded,35237,
2026-07-17,NSE,BHARTIARTL,raw_l2/trade_date=2026-07-17/exchange=NSE/symbol=BHARTIARTL/part-071725_934847-028965.parquet,real_data_sample\l2_unseen_validation\trade_date=2026-07-17\exchange=NSE\symbol=BHARTIARTL\part-071725_934847-028965.parquet,34839,downloaded,34839,
2026-07-17,NSE,BHARTIARTL,raw_l2/trade_date=2026-07-17/exchange=NSE/symbol=BHARTIARTL/part-071754_469537-029029.parquet,real_data_sample\l2_unseen_validation\trade_date=2026-07-17\exchange=NSE\symbol=BHARTIARTL\part-071754_469537-029029.parquet,34587,downloaded,34587,
2026-07-17,NSE,BHARTIARTL,raw_l2/trade_date=2026-07-17/exchange=NSE/symbol=BHARTIARTL/part-065552_457798-026085.parquet,real_data_sample\l2_unseen_validation\trade_date=2026-07-17\exchange=NSE\symbol=BHARTIARTL\part-065552_457798-026085.parquet,34784,downloaded,34784,
2026-07-17,NSE,BHARTIARTL,raw_l2/trade_date=2026-07-17/exchange=NSE/symbol=BHARTIARTL/part-071808_765220-029061.parquet,real_data_sample\l2_unseen_validation\trade_date=2026-07-17\exchange=NSE\symbol=BHARTIARTL\part-071808_765220-029061.parquet,35191,downloaded,35191,
2026-07-17,NSE,BHARTIARTL,raw_l2/trade_date=2026-07-17/exchange=NSE/symbol=BHARTIARTL/part-071823_221111-029093.parquet,real_data_sample\l2_unseen_validation\trade_date=2026-07-17\exchange=NSE\symbol=BHARTIARTL\part-071823_221111-029093.parquet,36415,downloaded,36415,
2026-07-17,NSE,BHARTIARTL,raw_l2/trade_date=2026-07-17/exchange=NSE/symbol=BHARTIARTL/part-071837_527189-029125.parquet,real_data_sample\l2_unseen_validation\trade_date=2026-07-17\exchange=NSE\symbol=BHARTIARTL\part-071837_527189-029125.parquet,36421,downloaded,36421,
2026-07-17,NSE,BHARTIARTL,raw_l2/trade_date=2026-07-17/exchange=NSE/symbol=BHARTIARTL/part-071852_494576-029157.parquet,real_data_sample\l2_unseen_validation\trade_date=2026-07-17\exchange=NSE\symbol=BHARTIARTL\part-071852_494576-029157.parquet,36023,downloaded,36023,
2026-07-17,NSE,BHARTIARTL,raw_l2/trade_date=2026-07-17/exchange=NSE/symbol=BHARTIARTL/part-065455_959947-025957.parquet,real_data_sample\l2_unseen_validation\trade_date=2026-07-17\exchange=NSE\symbol=BHARTIARTL\part-065455_959947-025957.parquet,34751,downloaded,34751,
2026-07-17,NSE,BHARTIARTL,raw_l2/trade_date=2026-07-17/exchange=NSE/symbol=BHARTIARTL/part-071921_582304-029221.parquet,real_data_sample\l2_unseen_validation\trade_date=2026-07-17\exchange=NSE\symbol=BHARTIARTL\part-071921_582304-029221.parquet,35638,downloaded,35638,
2026-07-17,NSE,BHARTIARTL,raw_l2/trade_date=2026-07-17/exchange=NSE/symbol=BHARTIARTL/part-071546_225058-028741.parquet,real_data_sample\l2_unseen_validation\trade_date=2026-07-17\exchange=NSE\symbol=BHARTIARTL\part-071546_225058-028741.parquet,36305,downloaded,36305,
2026-07-17,NSE,BHARTIARTL,raw_l2/trade_date=2026-07-17/exchange=NSE/symbol=BHARTIARTL/part-071907_473815-029189.parquet,real_data_sample\l2_unseen_validation\trade_date=2026-07-17\exchange=NSE\symbol=BHARTIARTL\part-071907_473815-029189.parquet,35925,downloaded,35925,
2026-07-17,NSE,BHARTIARTL,raw_l2/trade_date=2026-07-17/exchange=NSE/symbol=BHARTIARTL/part-071935_972666-029253.parquet,real_data_sample\l2_unseen_validation\trade_date=2026-07-17\exchange=NSE\symbol=BHARTIARTL\part-071935_972666-029253.parquet,35773,downloaded,35773,
2026-07-17,NSE,BHARTIARTL,raw_l2/trade_date=2026-07-17/exchange=NSE/symbol=BHARTIARTL/part-071950_221654-029285.parquet,real_data_sample\l2_unseen_validation\trade_date=2026-07-17\exchange=NSE\symbol=BHARTIARTL\part-071950_221654-029285.parquet,35830,downloaded,35830,
2026-07-17,NSE,BHARTIARTL,raw_l2/trade_date=2026-07-17/exchange=NSE/symbol=BHARTIARTL/part-072157_983212-029573.parquet,real_data_sample\l2_unseen_validation\trade_date=2026-07-17\exchange=NSE\symbol=BHARTIARTL\part-072157_983212-029573.parquet,34977,downloaded,34977,
2026-07-17,NSE,BHARTIARTL,raw_l2/trade_date=2026-07-17/exchange=NSE/symbol=BHARTIARTL/part-072212_968623-029605.parquet,real_data_sample\l2_unseen_validation\trade_date=2026-07-17\exchange=NSE\symbol=BHARTIARTL\part-072212_968623-029605.parquet,34974,downloaded,34974,
2026-07-17,NSE,BHARTIARTL,raw_l2/trade_date=2026-07-17/exchange=NSE/symbol=BHARTIARTL/part-072018_707145-029349.parquet,real_data_sample\l2_unseen_validation\trade_date=2026-07-17\exchange=NSE\symbol=BHARTIARTL\part-072018_707145-029349.parquet,35480,downloaded,35480,
2026-07-17,NSE,BHARTIARTL,raw_l2/trade_date=2026-07-17/exchange=NSE/symbol=BHARTIARTL/part-072004_274459-029317.parquet,real_data_sample\l2_unseen_validation\trade_date=2026-07-17\exchange=NSE\symbol=BHARTIARTL\part-072004_274459-029317.parquet,35549,downloaded,35549,
2026-07-17,NSE,BHARTIARTL,raw_l2/trade_date=2026-07-17/exchange=NSE/symbol=BHARTIARTL/part-072143_957357-029541.parquet,real_data_sample\l2_unseen_validation\trade_date=2026-07-17\exchange=NSE\symbol=BHARTIARTL\part-072143_957357-029541.parquet,34902,downloaded,34902,
2026-07-17,NSE,BHARTIARTL,raw_l2/trade_date=2026-07-17/exchange=NSE/symbol=BHARTIARTL/part-072226_950643-029637.parquet,real_data_sample\l2_unseen_validation\trade_date=2026-07-17\exchange=NSE\symbol=BHARTIARTL\part-072226_950643-029637.parquet,34789,downloaded,34789,
2026-07-17,NSE,BHARTIARTL,raw_l2/trade_date=2026-07-17/exchange=NSE/symbol=BHARTIARTL/part-072047_243310-029413.parquet,real_data_sample\l2_unseen_validation\trade_date=2026-07-17\exchange=NSE\symbol=BHARTIARTL\part-072047_243310-029413.parquet,34892,downloaded,34892,
2026-07-17,NSE,BHARTIARTL,raw_l2/trade_date=2026-07-17/exchange=NSE/symbol=BHARTIARTL/part-072241_262367-029669.parquet,real_data_sample\l2_unseen_validation\trade_date=2026-07-17\exchange=NSE\symbol=BHARTIARTL\part-072241_262367-029669.parquet,35050,downloaded,35050,
2026-07-17,NSE,BHARTIARTL,raw_l2/trade_date=2026-07-17/exchange=NSE/symbol=BHARTIARTL/part-072115_737706-029477.parquet,real_data_sample\l2_unseen_validation\trade_date=2026-07-17\exchange=NSE\symbol=BHARTIARTL\part-072115_737706-029477.parquet,35177,downloaded,35177,
2026-07-17,NSE,BHARTIARTL,raw_l2/trade_date=2026-07-17/exchange=NSE/symbol=BHARTIARTL/part-072101_503285-029445.parquet,real_data_sample\l2_unseen_validation\trade_date=2026-07-17\exchange=NSE\symbol=BHARTIARTL\part-072101_503285-029445.parquet,34803,downloaded,34803,
2026-07-17,NSE,BHARTIARTL,raw_l2/trade_date=2026-07-17/exchange=NSE/symbol=BHARTIARTL/part-072323_972921-029765.parquet,real_data_sample\l2_unseen_validation\trade_date=2026-07-17\exchange=NSE\symbol=BHARTIARTL\part-072323_972921-029765.parquet,35092,downloaded,35092,
2026-07-17,NSE,BHARTIARTL,raw_l2/trade_date=2026-07-17/exchange=NSE/symbol=BHARTIARTL/part-072033_009819-029381.parquet,real_data_sample\l2_unseen_validation\trade_date=2026-07-17\exchange=NSE\symbol=BHARTIARTL\part-072033_009819-029381.parquet,34885,downloaded,34885,
2026-07-17,NSE,BHARTIARTL,raw_l2/trade_date=2026-07-17/exchange=NSE/symbol=BHARTIARTL/part-072129_747836-029509.parquet,real_data_sample\l2_unseen_validation\trade_date=2026-07-17\exchange=NSE\symbol=BHARTIARTL\part-072129_747836-029509.parquet,34934,downloaded,34934,
2026-07-17,NSE,BHARTIARTL,raw_l2/trade_date=2026-07-17/exchange=NSE/symbol=BHARTIARTL/part-072255_486690-029701.parquet,real_data_sample\l2_unseen_validation\trade_date=2026-07-17\exchange=NSE\symbol=BHARTIARTL\part-072255_486690-029701.parquet,35088,downloaded,35088,
2026-07-17,NSE,BHARTIARTL,raw_l2/trade_date=2026-07-17/exchange=NSE/symbol=BHARTIARTL/part-070820_226304-027749.parquet,real_data_sample\l2_unseen_validation\trade_date=2026-07-17\exchange=NSE\symbol=BHARTIARTL\part-070820_226304-027749.parquet,34793,downloaded,34793,
2026-07-17,NSE,BHARTIARTL,raw_l2/trade_date=2026-07-17/exchange=NSE/symbol=BHARTIARTL/part-072352_763364-029829.parquet,real_data_sample\l2_unseen_validation\trade_date=2026-07-17\exchange=NSE\symbol=BHARTIARTL\part-072352_763364-029829.parquet,35008,downloaded,35008,
2026-07-17,NSE,BHARTIARTL,raw_l2/trade_date=2026-07-17/exchange=NSE/symbol=BHARTIARTL/part-072407_012943-029861.parquet,real_data_sample\l2_unseen_validation\trade_date=2026-07-17\exchange=NSE\symbol=BHARTIARTL\part-072407_012943-029861.parquet,34862,downloaded,34862,
2026-07-17,NSE,BHARTIARTL,raw_l2/trade_date=2026-07-17/exchange=NSE/symbol=BHARTIARTL/part-072421_225501-029893.parquet,real_data_sample\l2_unseen_validation\trade_date=2026-07-17\exchange=NSE\symbol=BHARTIARTL\part-072421_225501-029893.parquet,34967,downloaded,34967,
2026-07-17,NSE,BHARTIARTL,raw_l2/trade_date=2026-07-17/exchange=NSE/symbol=BHARTIARTL/part-072338_484933-029797.parquet,real_data_sample\l2_unseen_validation\trade_date=2026-07-17\exchange=NSE\symbol=BHARTIARTL\part-072338_484933-029797.parquet,34932,downloaded,34932,
2026-07-17,NSE,BHARTIARTL,raw_l2/trade_date=2026-07-17/exchange=NSE/symbol=BHARTIARTL/part-065910_220429-026533.parquet,real_data_sample\l2_unseen_validation\trade_date=2026-07-17\exchange=NSE\symbol=BHARTIARTL\part-065910_220429-026533.parquet,34951,downloaded,34951,
2026-07-17,NSE,BHARTIARTL,raw_l2/trade_date=2026-07-17/exchange=NSE/symbol=BHARTIARTL/part-072657_990458-030245.parquet,real_data_sample\l2_unseen_validation\trade_date=2026-07-17\exchange=NSE\symbol=BHARTIARTL\part-072657_990458-030245.parquet,34617,downloaded,34617,
2026-07-17,NSE,BHARTIARTL,raw_l2/trade_date=2026-07-17/exchange=NSE/symbol=BHARTIARTL/part-072532_732356-030053.parquet,real_data_sample\l2_unseen_validation\trade_date=2026-07-17\exchange=NSE\symbol=BHARTIARTL\part-072532_732356-030053.parquet,34905,downloaded,34905,
2026-07-17,NSE,BHARTIARTL,raw_l2/trade_date=2026-07-17/exchange=NSE/symbol=BHARTIARTL/part-072712_467289-030277.parquet,real_data_sample\l2_unseen_validation\trade_date=2026-07-17\exchange=NSE\symbol=BHARTIARTL\part-072712_467289-030277.parquet,34813,downloaded,34813,
2026-07-17,NSE,BHARTIARTL,raw_l2/trade_date=2026-07-17/exchange=NSE/symbol=BHARTIARTL/part-072741_288154-030341.parquet,real_data_sample\l2_unseen_validation\trade_date=2026-07-17\exchange=NSE\symbol=BHARTIARTL\part-072741_288154-030341.parquet,35014,downloaded,35014,
2026-07-17,NSE,BHARTIARTL,raw_l2/trade_date=2026-07-17/exchange=NSE/symbol=BHARTIARTL/part-072435_482962-029925.parquet,real_data_sample\l2_unseen_validation\trade_date=2026-07-17\exchange=NSE\symbol=BHARTIARTL\part-072435_482962-029925.parquet,34954,downloaded,34954,
2026-07-17,NSE,BHARTIARTL,raw_l2/trade_date=2026-07-17/exchange=NSE/symbol=BHARTIARTL/part-072449_762035-029957.parquet,real_data_sample\l2_unseen_validation\trade_date=2026-07-17\exchange=NSE\symbol=BHARTIARTL\part-072449_762035-029957.parquet,34919,downloaded,34919,
2026-07-17,NSE,BHARTIARTL,raw_l2/trade_date=2026-07-17/exchange=NSE/symbol=BHARTIARTL/part-072504_441472-029989.parquet,real_data_sample\l2_unseen_validation\trade_date=2026-07-17\exchange=NSE\symbol=BHARTIARTL\part-072504_441472-029989.parquet,34621,downloaded,34621,
2026-07-17,NSE,BHARTIARTL,raw_l2/trade_date=2026-07-17/exchange=NSE/symbol=BHARTIARTL/part-072546_988036-030085.parquet,real_data_sample\l2_unseen_validation\trade_date=2026-07-17\exchange=NSE\symbol=BHARTIARTL\part-072546_988036-030085.parquet,34859,downloaded,34859,
2026-07-17,NSE,BHARTIARTL,raw_l2/trade_date=2026-07-17/exchange=NSE/symbol=BHARTIARTL/part-072518_450020-030021.parquet,real_data_sample\l2_unseen_validation\trade_date=2026-07-17\exchange=NSE\symbol=BHARTIARTL\part-072518_450020-030021.parquet,34953,downloaded,34953,
2026-07-17,NSE,BHARTIARTL,raw_l2/trade_date=2026-07-17/exchange=NSE/symbol=BHARTIARTL/part-072600_960323-030117.parquet,real_data_sample\l2_unseen_validation\trade_date=2026-07-17\exchange=NSE\symbol=BHARTIARTL\part-072600_960323-030117.parquet,34973,downloaded,34973,
2026-07-17,NSE,BHARTIARTL,raw_l2/trade_date=2026-07-17/exchange=NSE/symbol=BHARTIARTL/part-072615_183926-030149.parquet,real_data_sample\l2_unseen_validation\trade_date=2026-07-17\exchange=NSE\symbol=BHARTIARTL\part-072615_183926-030149.parquet,34849,downloaded,34849,
2026-07-17,NSE,BHARTIARTL,raw_l2/trade_date=2026-07-17/exchange=NSE/symbol=BHARTIARTL/part-072629_256032-030181.parquet,real_data_sample\l2_unseen_validation\trade_date=2026-07-17\exchange=NSE\symbol=BHARTIARTL\part-072629_256032-030181.parquet,34851,downloaded,34851,
2026-07-17,NSE,BHARTIARTL,raw_l2/trade_date=2026-07-17/exchange=NSE/symbol=BHARTIARTL/part-070220_467746-026949.parquet,real_data_sample\l2_unseen_validation\trade_date=2026-07-17\exchange=NSE\symbol=BHARTIARTL\part-070220_467746-026949.parquet,36131,downloaded,36131,
2026-07-17,NSE,BHARTIARTL,raw_l2/trade_date=2026-07-17/exchange=NSE/symbol=BHARTIARTL/part-070023_229682-026693.parquet,real_data_sample\l2_unseen_validation\trade_date=2026-07-17\exchange=NSE\symbol=BHARTIARTL\part-070023_229682-026693.parquet,35138,downloaded,35138,
2026-07-17,NSE,BHARTIARTL,raw_l2/trade_date=2026-07-17/exchange=NSE/symbol=BHARTIARTL/part-072643_951833-030213.parquet,real_data_sample\l2_unseen_validation\trade_date=2026-07-17\exchange=NSE\symbol=BHARTIARTL\part-072643_951833-030213.parquet,34821,downloaded,34821,
2026-07-17,NSE,BHARTIARTL,raw_l2/trade_date=2026-07-17/exchange=NSE/symbol=BHARTIARTL/part-072309_766752-029733.parquet,real_data_sample\l2_unseen_validation\trade_date=2026-07-17\exchange=NSE\symbol=BHARTIARTL\part-072309_766752-029733.parquet,34852,downloaded,34852,
2026-07-17,NSE,BHARTIARTL,raw_l2/trade_date=2026-07-17/exchange=NSE/symbol=BHARTIARTL/part-072824_713942-030437.parquet,real_data_sample\l2_unseen_validation\trade_date=2026-07-17\exchange=NSE\symbol=BHARTIARTL\part-072824_713942-030437.parquet,35896,downloaded,35896,
2026-07-17,NSE,BHARTIARTL,raw_l2/trade_date=2026-07-17/exchange=NSE/symbol=BHARTIARTL/part-072727_030550-030309.parquet,real_data_sample\l2_unseen_validation\trade_date=2026-07-17\exchange=NSE\symbol=BHARTIARTL\part-072727_030550-030309.parquet,35015,downloaded,35015,
2026-07-17,NSE,BHARTIARTL,raw_l2/trade_date=2026-07-17/exchange=NSE/symbol=BHARTIARTL/part-072810_264902-030405.parquet,real_data_sample\l2_unseen_validation\trade_date=2026-07-17\exchange=NSE\symbol=BHARTIARTL\part-072810_264902-030405.parquet,35045,downloaded,35045,
2026-07-17,NSE,BHARTIARTL,raw_l2/trade_date=2026-07-17/exchange=NSE/symbol=BHARTIARTL/part-072840_067176-030469.parquet,real_data_sample\l2_unseen_validation\trade_date=2026-07-17\exchange=NSE\symbol=BHARTIARTL\part-072840_067176-030469.parquet,35688,downloaded,35688,
2026-07-17,NSE,BHARTIARTL,raw_l2/trade_date=2026-07-17/exchange=NSE/symbol=BHARTIARTL/part-072854_965837-030501.parquet,real_data_sample\l2_unseen_validation\trade_date=2026-07-17\exchange=NSE\symbol=BHARTIARTL\part-072854_965837-030501.parquet,35963,downloaded,35963,
2026-07-17,NSE,BHARTIARTL,raw_l2/trade_date=2026-07-17/exchange=NSE/symbol=BHARTIARTL/part-065939_323187-026597.parquet,real_data_sample\l2_unseen_validation\trade_date=2026-07-17\exchange=NSE\symbol=BHARTIARTL\part-065939_323187-026597.parquet,34929,downloaded,34929,
2026-07-17,NSE,BHARTIARTL,raw_l2/trade_date=2026-07-17/exchange=NSE/symbol=BHARTIARTL/part-070008_529602-026661.parquet,real_data_sample\l2_unseen_validation\trade_date=2026-07-17\exchange=NSE\symbol=BHARTIARTL\part-070008_529602-026661.parquet,34664,downloaded,34664,
2026-07-17,NSE,BHARTIARTL,raw_l2/trade_date=2026-07-17/exchange=NSE/symbol=BHARTIARTL/part-070052_022449-026757.parquet,real_data_sample\l2_unseen_validation\trade_date=2026-07-17\exchange=NSE\symbol=BHARTIARTL\part-070052_022449-026757.parquet,35006,downloaded,35006,
2026-07-17,NSE,BHARTIARTL,raw_l2/trade_date=2026-07-17/exchange=NSE/symbol=BHARTIARTL/part-065924_479108-026565.parquet,real_data_sample\l2_unseen_validation\trade_date=2026-07-17\exchange=NSE\symbol=BHARTIARTL\part-065924_479108-026565.parquet,35015,downloaded,35015,
2026-07-17,NSE,BHARTIARTL,raw_l2/trade_date=2026-07-17/exchange=NSE/symbol=BHARTIARTL/part-065953_977287-026629.parquet,real_data_sample\l2_unseen_validation\trade_date=2026-07-17\exchange=NSE\symbol=BHARTIARTL\part-065953_977287-026629.parquet,34972,downloaded,34972,
2026-07-17,NSE,BHARTIARTL,raw_l2/trade_date=2026-07-17/exchange=NSE/symbol=BHARTIARTL/part-070235_209024-026981.parquet,real_data_sample\l2_unseen_validation\trade_date=2026-07-17\exchange=NSE\symbol=BHARTIARTL\part-070235_209024-026981.parquet,35638,downloaded,35638,
2026-07-17,NSE,BHARTIARTL,raw_l2/trade_date=2026-07-17/exchange=NSE/symbol=BHARTIARTL/part-070136_055655-026853.parquet,real_data_sample\l2_unseen_validation\trade_date=2026-07-17\exchange=NSE\symbol=BHARTIARTL\part-070136_055655-026853.parquet,36052,downloaded,36052,
2026-07-17,NSE,BHARTIARTL,raw_l2/trade_date=2026-07-17/exchange=NSE/symbol=BHARTIARTL/part-072939_064289-030597.parquet,real_data_sample\l2_unseen_validation\trade_date=2026-07-17\exchange=NSE\symbol=BHARTIARTL\part-072939_064289-030597.parquet,34642,downloaded,34642,
2026-07-17,NSE,BHARTIARTL,raw_l2/trade_date=2026-07-17/exchange=NSE/symbol=BHARTIARTL/part-073148_263627-030885.parquet,real_data_sample\l2_unseen_validation\trade_date=2026-07-17\exchange=NSE\symbol=BHARTIARTL\part-073148_263627-030885.parquet,34903,downloaded,34903,
2026-07-17,NSE,BHARTIARTL,raw_l2/trade_date=2026-07-17/exchange=NSE/symbol=BHARTIARTL/part-073133_739911-030853.parquet,real_data_sample\l2_unseen_validation\trade_date=2026-07-17\exchange=NSE\symbol=BHARTIARTL\part-073133_739911-030853.parquet,34733,downloaded,34733,
2026-07-17,NSE,BHARTIARTL,raw_l2/trade_date=2026-07-17/exchange=NSE/symbol=BHARTIARTL/part-073119_725170-030821.parquet,real_data_sample\l2_unseen_validation\trade_date=2026-07-17\exchange=NSE\symbol=BHARTIARTL\part-073119_725170-030821.parquet,34929,downloaded,34929,
2026-07-17,NSE,BHARTIARTL,raw_l2/trade_date=2026-07-17/exchange=NSE/symbol=BHARTIARTL/part-070249_568302-027013.parquet,real_data_sample\l2_unseen_validation\trade_date=2026-07-17\exchange=NSE\symbol=BHARTIARTL\part-070249_568302-027013.parquet,36075,downloaded,36075,
2026-07-17,NSE,BHARTIARTL,raw_l2/trade_date=2026-07-17/exchange=NSE/symbol=BHARTIARTL/part-073216_703126-030949.parquet,real_data_sample\l2_unseen_validation\trade_date=2026-07-17\exchange=NSE\symbol=BHARTIARTL\part-073216_703126-030949.parquet,35480,downloaded,35480,
2026-07-17,NSE,BHARTIARTL,raw_l2/trade_date=2026-07-17/exchange=NSE/symbol=BHARTIARTL/part-072924_316503-030565.parquet,real_data_sample\l2_unseen_validation\trade_date=2026-07-17\exchange=NSE\symbol=BHARTIARTL\part-072924_316503-030565.parquet,35038,downloaded,35038,
2026-07-17,NSE,BHARTIARTL,raw_l2/trade_date=2026-07-17/exchange=NSE/symbol=BHARTIARTL/part-073050_751607-030757.parquet,real_data_sample\l2_unseen_validation\trade_date=2026-07-17\exchange=NSE\symbol=BHARTIARTL\part-073050_751607-030757.parquet,34798,downloaded,34798,
2026-07-17,NSE,BHARTIARTL,raw_l2/trade_date=2026-07-17/exchange=NSE/symbol=BHARTIARTL/part-073230_746200-030981.parquet,real_data_sample\l2_unseen_validation\trade_date=2026-07-17\exchange=NSE\symbol=BHARTIARTL\part-073230_746200-030981.parquet,36150,downloaded,36150,
2026-07-17,NSE,BHARTIARTL,raw_l2/trade_date=2026-07-17/exchange=NSE/symbol=BHARTIARTL/part-073313_526525-031077.parquet,real_data_sample\l2_unseen_validation\trade_date=2026-07-17\exchange=NSE\symbol=BHARTIARTL\part-073313_526525-031077.parquet,35098,downloaded,35098,
2026-07-17,NSE,BHARTIARTL,raw_l2/trade_date=2026-07-17/exchange=NSE/symbol=BHARTIARTL/part-073022_240512-030693.parquet,real_data_sample\l2_unseen_validation\trade_date=2026-07-17\exchange=NSE\symbol=BHARTIARTL\part-073022_240512-030693.parquet,34678,downloaded,34678,
2026-07-17,NSE,BHARTIARTL,raw_l2/trade_date=2026-07-17/exchange=NSE/symbol=BHARTIARTL/part-073105_093262-030789.parquet,real_data_sample\l2_unseen_validation\trade_date=2026-07-17\exchange=NSE\symbol=BHARTIARTL\part-073105_093262-030789.parquet,34960,downloaded,34960,
2026-07-17,NSE,BHARTIARTL,raw_l2/trade_date=2026-07-17/exchange=NSE/symbol=BHARTIARTL/part-073244_978740-031013.parquet,real_data_sample\l2_unseen_validation\trade_date=2026-07-17\exchange=NSE\symbol=BHARTIARTL\part-073244_978740-031013.parquet,36072,downloaded,36072,
2026-07-17,NSE,BHARTIARTL,raw_l2/trade_date=2026-07-17/exchange=NSE/symbol=BHARTIARTL/part-072953_475055-030629.parquet,real_data_sample\l2_unseen_validation\trade_date=2026-07-17\exchange=NSE\symbol=BHARTIARTL\part-072953_475055-030629.parquet,34922,downloaded,34922,
2026-07-17,NSE,BHARTIARTL,raw_l2/trade_date=2026-07-17/exchange=NSE/symbol=BHARTIARTL/part-073036_473916-030725.parquet,real_data_sample\l2_unseen_validation\trade_date=2026-07-17\exchange=NSE\symbol=BHARTIARTL\part-073036_473916-030725.parquet,34818,downloaded,34818,
2026-07-17,NSE,BHARTIARTL,raw_l2/trade_date=2026-07-17/exchange=NSE/symbol=BHARTIARTL/part-073007_961054-030661.parquet,real_data_sample\l2_unseen_validation\trade_date=2026-07-17\exchange=NSE\symbol=BHARTIARTL\part-073007_961054-030661.parquet,34653,downloaded,34653,
2026-07-17,NSE,BHARTIARTL,raw_l2/trade_date=2026-07-17/exchange=NSE/symbol=BHARTIARTL/part-073342_223112-031141.parquet,real_data_sample\l2_unseen_validation\trade_date=2026-07-17\exchange=NSE\symbol=BHARTIARTL\part-073342_223112-031141.parquet,35018,downloaded,35018,
2026-07-17,NSE,BHARTIARTL,raw_l2/trade_date=2026-07-17/exchange=NSE/symbol=BHARTIARTL/part-073356_226273-031173.parquet,real_data_sample\l2_unseen_validation\trade_date=2026-07-17\exchange=NSE\symbol=BHARTIARTL\part-073356_226273-031173.parquet,34946,downloaded,34946,
2026-07-17,NSE,BHARTIARTL,raw_l2/trade_date=2026-07-17/exchange=NSE/symbol=BHARTIARTL/part-073202_494794-030917.parquet,real_data_sample\l2_unseen_validation\trade_date=2026-07-17\exchange=NSE\symbol=BHARTIARTL\part-073202_494794-030917.parquet,34882,downloaded,34882,
2026-07-17,NSE,BHARTIARTL,raw_l2/trade_date=2026-07-17/exchange=NSE/symbol=BHARTIARTL/part-073327_728931-031109.parquet,real_data_sample\l2_unseen_validation\trade_date=2026-07-17\exchange=NSE\symbol=BHARTIARTL\part-073327_728931-031109.parquet,34723,downloaded,34723,
2026-07-17,NSE,BHARTIARTL,raw_l2/trade_date=2026-07-17/exchange=NSE/symbol=BHARTIARTL/part-073410_482730-031205.parquet,real_data_sample\l2_unseen_validation\trade_date=2026-07-17\exchange=NSE\symbol=BHARTIARTL\part-073410_482730-031205.parquet,35066,downloaded,35066,
2026-07-17,NSE,BHARTIARTL,raw_l2/trade_date=2026-07-17/exchange=NSE/symbol=BHARTIARTL/part-073424_756198-031237.parquet,real_data_sample\l2_unseen_validation\trade_date=2026-07-17\exchange=NSE\symbol=BHARTIARTL\part-073424_756198-031237.parquet,34926,downloaded,34926,
2026-07-17,NSE,BHARTIARTL,raw_l2/trade_date=2026-07-17/exchange=NSE/symbol=BHARTIARTL/part-065855_981197-026501.parquet,real_data_sample\l2_unseen_validation\trade_date=2026-07-17\exchange=NSE\symbol=BHARTIARTL\part-065855_981197-026501.parquet,34712,downloaded,34712,
2026-07-17,NSE,BHARTIARTL,raw_l2/trade_date=2026-07-17/exchange=NSE/symbol=BHARTIARTL/part-072755_695416-030373.parquet,real_data_sample\l2_unseen_validation\trade_date=2026-07-17\exchange=NSE\symbol=BHARTIARTL\part-072755_695416-030373.parquet,35092,downloaded,35092,
2026-07-17,NSE,BHARTIARTL,raw_l2/trade_date=2026-07-17/exchange=NSE/symbol=BHARTIARTL/part-073825_756539-031781.parquet,real_data_sample\l2_unseen_validation\trade_date=2026-07-17\exchange=NSE\symbol=BHARTIARTL\part-073825_756539-031781.parquet,36235,downloaded,36235,
2026-07-17,NSE,BHARTIARTL,raw_l2/trade_date=2026-07-17/exchange=NSE/symbol=BHARTIARTL/part-072909_569658-030533.parquet,real_data_sample\l2_unseen_validation\trade_date=2026-07-17\exchange=NSE\symbol=BHARTIARTL\part-072909_569658-030533.parquet,35403,downloaded,35403,
2026-07-17,NSE,BHARTIARTL,raw_l2/trade_date=2026-07-17/exchange=NSE/symbol=BHARTIARTL/part-073922_445642-031909.parquet,real_data_sample\l2_unseen_validation\trade_date=2026-07-17\exchange=NSE\symbol=BHARTIARTL\part-073922_445642-031909.parquet,34993,downloaded,34993,
2026-07-17,NSE,BHARTIARTL,raw_l2/trade_date=2026-07-17/exchange=NSE/symbol=BHARTIARTL/part-073757_433779-031717.parquet,real_data_sample\l2_unseen_validation\trade_date=2026-07-17\exchange=NSE\symbol=BHARTIARTL\part-073757_433779-031717.parquet,35027,downloaded,35027,
2026-07-17,NSE,BHARTIARTL,raw_l2/trade_date=2026-07-17/exchange=NSE/symbol=BHARTIARTL/part-073811_682902-031749.parquet,real_data_sample\l2_unseen_validation\trade_date=2026-07-17\exchange=NSE\symbol=BHARTIARTL\part-073811_682902-031749.parquet,35018,downloaded,35018,
2026-07-17,NSE,BHARTIARTL,raw_l2/trade_date=2026-07-17/exchange=NSE/symbol=BHARTIARTL/part-073439_015238-031269.parquet,real_data_sample\l2_unseen_validation\trade_date=2026-07-17\exchange=NSE\symbol=BHARTIARTL\part-073439_015238-031269.parquet,34911,downloaded,34911,
2026-07-17,NSE,BHARTIARTL,raw_l2/trade_date=2026-07-17/exchange=NSE/symbol=BHARTIARTL/part-073729_483983-031653.parquet,real_data_sample\l2_unseen_validation\trade_date=2026-07-17\exchange=NSE\symbol=BHARTIARTL\part-073729_483983-031653.parquet,34968,downloaded,34968,
2026-07-17,NSE,BHARTIARTL,raw_l2/trade_date=2026-07-17/exchange=NSE/symbol=BHARTIARTL/part-073604_236914-031461.parquet,real_data_sample\l2_unseen_validation\trade_date=2026-07-17\exchange=NSE\symbol=BHARTIARTL\part-073604_236914-031461.parquet,34914,downloaded,34914,
2026-07-17,NSE,BHARTIARTL,raw_l2/trade_date=2026-07-17/exchange=NSE/symbol=BHARTIARTL/part-073535_997029-031397.parquet,real_data_sample\l2_unseen_validation\trade_date=2026-07-17\exchange=NSE\symbol=BHARTIARTL\part-073535_997029-031397.parquet,34782,downloaded,34782,
2026-07-17,NSE,BHARTIARTL,raw_l2/trade_date=2026-07-17/exchange=NSE/symbol=BHARTIARTL/part-073521_709625-031365.parquet,real_data_sample\l2_unseen_validation\trade_date=2026-07-17\exchange=NSE\symbol=BHARTIARTL\part-073521_709625-031365.parquet,34799,downloaded,34799,
2026-07-17,NSE,BHARTIARTL,raw_l2/trade_date=2026-07-17/exchange=NSE/symbol=BHARTIARTL/part-073507_528475-031333.parquet,real_data_sample\l2_unseen_validation\trade_date=2026-07-17\exchange=NSE\symbol=BHARTIARTL\part-073507_528475-031333.parquet,34971,downloaded,34971,
2026-07-17,NSE,BHARTIARTL,raw_l2/trade_date=2026-07-17/exchange=NSE/symbol=BHARTIARTL/part-073618_503629-031493.parquet,real_data_sample\l2_unseen_validation\trade_date=2026-07-17\exchange=NSE\symbol=BHARTIARTL\part-073618_503629-031493.parquet,34878,downloaded,34878,
2026-07-17,NSE,BHARTIARTL,raw_l2/trade_date=2026-07-17/exchange=NSE/symbol=BHARTIARTL/part-073647_224473-031557.parquet,real_data_sample\l2_unseen_validation\trade_date=2026-07-17\exchange=NSE\symbol=BHARTIARTL\part-073647_224473-031557.parquet,34807,downloaded,34807,
2026-07-17,NSE,BHARTIARTL,raw_l2/trade_date=2026-07-17/exchange=NSE/symbol=BHARTIARTL/part-073632_981795-031525.parquet,real_data_sample\l2_unseen_validation\trade_date=2026-07-17\exchange=NSE\symbol=BHARTIARTL\part-073632_981795-031525.parquet,34952,downloaded,34952,
2026-07-17,NSE,BHARTIARTL,raw_l2/trade_date=2026-07-17/exchange=NSE/symbol=BHARTIARTL/part-073936_452325-031941.parquet,real_data_sample\l2_unseen_validation\trade_date=2026-07-17\exchange=NSE\symbol=BHARTIARTL\part-073936_452325-031941.parquet,34691,downloaded,34691,
2026-07-17,NSE,BHARTIARTL,raw_l2/trade_date=2026-07-17/exchange=NSE/symbol=BHARTIARTL/part-073743_465681-031685.parquet,real_data_sample\l2_unseen_validation\trade_date=2026-07-17\exchange=NSE\symbol=BHARTIARTL\part-073743_465681-031685.parquet,35022,downloaded,35022,
2026-07-17,NSE,BHARTIARTL,raw_l2/trade_date=2026-07-17/exchange=NSE/symbol=BHARTIARTL/part-073839_923978-031813.parquet,real_data_sample\l2_unseen_validation\trade_date=2026-07-17\exchange=NSE\symbol=BHARTIARTL\part-073839_923978-031813.parquet,35346,downloaded,35346,
2026-07-17,NSE,BHARTIARTL,raw_l2/trade_date=2026-07-17/exchange=NSE/symbol=BHARTIARTL/part-073453_468474-031301.parquet,real_data_sample\l2_unseen_validation\trade_date=2026-07-17\exchange=NSE\symbol=BHARTIARTL\part-073453_468474-031301.parquet,34793,downloaded,34793,
2026-07-17,NSE,BHARTIARTL,raw_l2/trade_date=2026-07-17/exchange=NSE/symbol=BHARTIARTL/part-073550_209741-031429.parquet,real_data_sample\l2_unseen_validation\trade_date=2026-07-17\exchange=NSE\symbol=BHARTIARTL\part-073550_209741-031429.parquet,34714,downloaded,34714,
2026-07-17,NSE,BHARTIARTL,raw_l2/trade_date=2026-07-17/exchange=NSE/symbol=BHARTIARTL/part-073715_482223-031621.parquet,real_data_sample\l2_unseen_validation\trade_date=2026-07-17\exchange=NSE\symbol=BHARTIARTL\part-073715_482223-031621.parquet,34880,downloaded,34880,
2026-07-17,NSE,BHARTIARTL,raw_l2/trade_date=2026-07-17/exchange=NSE/symbol=BHARTIARTL/part-074047_206989-032101.parquet,real_data_sample\l2_unseen_validation\trade_date=2026-07-17\exchange=NSE\symbol=BHARTIARTL\part-074047_206989-032101.parquet,34819,downloaded,34819,
2026-07-17,NSE,BHARTIARTL,raw_l2/trade_date=2026-07-17/exchange=NSE/symbol=BHARTIARTL/part-073259_260767-031045.parquet,real_data_sample\l2_unseen_validation\trade_date=2026-07-17\exchange=NSE\symbol=BHARTIARTL\part-073259_260767-031045.parquet,35867,downloaded,35867,
2026-07-17,NSE,BHARTIARTL,raw_l2/trade_date=2026-07-17/exchange=NSE/symbol=BHARTIARTL/part-073701_457497-031589.parquet,real_data_sample\l2_unseen_validation\trade_date=2026-07-17\exchange=NSE\symbol=BHARTIARTL\part-073701_457497-031589.parquet,34790,downloaded,34790,
2026-07-17,NSE,BHARTIARTL,raw_l2/trade_date=2026-07-17/exchange=NSE/symbol=BHARTIARTL/part-074004_713113-032005.parquet,real_data_sample\l2_unseen_validation\trade_date=2026-07-17\exchange=NSE\symbol=BHARTIARTL\part-074004_713113-032005.parquet,34810,downloaded,34810,
2026-07-17,NSE,BHARTIARTL,raw_l2/trade_date=2026-07-17/exchange=NSE/symbol=BHARTIARTL/part-073853_922095-031845.parquet,real_data_sample\l2_unseen_validation\trade_date=2026-07-17\exchange=NSE\symbol=BHARTIARTL\part-073853_922095-031845.parquet,35771,downloaded,35771,
2026-07-17,NSE,BHARTIARTL,raw_l2/trade_date=2026-07-17/exchange=NSE/symbol=BHARTIARTL/part-073908_464973-031877.parquet,real_data_sample\l2_unseen_validation\trade_date=2026-07-17\exchange=NSE\symbol=BHARTIARTL\part-073908_464973-031877.parquet,35898,downloaded,35898,
2026-07-17,NSE,BHARTIARTL,raw_l2/trade_date=2026-07-17/exchange=NSE/symbol=BHARTIARTL/part-074018_951394-032037.parquet,real_data_sample\l2_unseen_validation\trade_date=2026-07-17\exchange=NSE\symbol=BHARTIARTL\part-074018_951394-032037.parquet,34813,downloaded,34813,
2026-07-17,NSE,BHARTIARTL,raw_l2/trade_date=2026-07-17/exchange=NSE/symbol=BHARTIARTL/part-073950_458732-031973.parquet,real_data_sample\l2_unseen_validation\trade_date=2026-07-17\exchange=NSE\symbol=BHARTIARTL\part-073950_458732-031973.parquet,34594,downloaded,34594,
2026-07-17,NSE,BHARTIARTL,raw_l2/trade_date=2026-07-17/exchange=NSE/symbol=BHARTIARTL/part-074032_974795-032069.parquet,real_data_sample\l2_unseen_validation\trade_date=2026-07-17\exchange=NSE\symbol=BHARTIARTL\part-074032_974795-032069.parquet,35114,downloaded,35114,
2026-07-17,NSE,BHARTIARTL,raw_l2/trade_date=2026-07-17/exchange=NSE/symbol=BHARTIARTL/part-074101_240042-032133.parquet,real_data_sample\l2_unseen_validation\trade_date=2026-07-17\exchange=NSE\symbol=BHARTIARTL\part-074101_240042-032133.parquet,34917,downloaded,34917,
2026-07-17,NSE,BHARTIARTL,raw_l2/trade_date=2026-07-17/exchange=NSE/symbol=BHARTIARTL/part-074143_687958-032229.parquet,real_data_sample\l2_unseen_validation\trade_date=2026-07-17\exchange=NSE\symbol=BHARTIARTL\part-074143_687958-032229.parquet,35678,downloaded,35678,
2026-07-17,NSE,BHARTIARTL,raw_l2/trade_date=2026-07-17/exchange=NSE/symbol=BHARTIARTL/part-074625_983812-032869.parquet,real_data_sample\l2_unseen_validation\trade_date=2026-07-17\exchange=NSE\symbol=BHARTIARTL\part-074625_983812-032869.parquet,35721,downloaded,35721,
2026-07-17,NSE,BHARTIARTL,raw_l2/trade_date=2026-07-17/exchange=NSE/symbol=BHARTIARTL/part-074611_780804-032837.parquet,real_data_sample\l2_unseen_validation\trade_date=2026-07-17\exchange=NSE\symbol=BHARTIARTL\part-074611_780804-032837.parquet,35136,downloaded,35136,
2026-07-17,NSE,BHARTIARTL,raw_l2/trade_date=2026-07-17/exchange=NSE/symbol=BHARTIARTL/part-074500_698830-032677.parquet,real_data_sample\l2_unseen_validation\trade_date=2026-07-17\exchange=NSE\symbol=BHARTIARTL\part-074500_698830-032677.parquet,34810,downloaded,34810,
2026-07-17,NSE,BHARTIARTL,raw_l2/trade_date=2026-07-17/exchange=NSE/symbol=BHARTIARTL/part-074307_730727-032421.parquet,real_data_sample\l2_unseen_validation\trade_date=2026-07-17\exchange=NSE\symbol=BHARTIARTL\part-074307_730727-032421.parquet,35448,downloaded,35448,
2026-07-17,NSE,BHARTIARTL,raw_l2/trade_date=2026-07-17/exchange=NSE/symbol=BHARTIARTL/part-074211_716648-032293.parquet,real_data_sample\l2_unseen_validation\trade_date=2026-07-17\exchange=NSE\symbol=BHARTIARTL\part-074211_716648-032293.parquet,36048,downloaded,36048,
2026-07-17,NSE,BHARTIARTL,raw_l2/trade_date=2026-07-17/exchange=NSE/symbol=BHARTIARTL/part-074557_236885-032805.parquet,real_data_sample\l2_unseen_validation\trade_date=2026-07-17\exchange=NSE\symbol=BHARTIARTL\part-074557_236885-032805.parquet,34826,downloaded,34826,
2026-07-17,NSE,BHARTIARTL,raw_l2/trade_date=2026-07-17/exchange=NSE/symbol=BHARTIARTL/part-074321_692049-032453.parquet,real_data_sample\l2_unseen_validation\trade_date=2026-07-17\exchange=NSE\symbol=BHARTIARTL\part-074321_692049-032453.parquet,35232,downloaded,35232,
2026-07-17,NSE,BHARTIARTL,raw_l2/trade_date=2026-07-17/exchange=NSE/symbol=BHARTIARTL/part-074654_456892-032933.parquet,real_data_sample\l2_unseen_validation\trade_date=2026-07-17\exchange=NSE\symbol=BHARTIARTL\part-074654_456892-032933.parquet,35433,downloaded,35433,
2026-07-17,NSE,BHARTIARTL,raw_l2/trade_date=2026-07-17/exchange=NSE/symbol=BHARTIARTL/part-074239_531542-032357.parquet,real_data_sample\l2_unseen_validation\trade_date=2026-07-17\exchange=NSE\symbol=BHARTIARTL\part-074239_531542-032357.parquet,35915,downloaded,35915,
2026-07-17,NSE,BHARTIARTL,raw_l2/trade_date=2026-07-17/exchange=NSE/symbol=BHARTIARTL/part-074253_699288-032389.parquet,real_data_sample\l2_unseen_validation\trade_date=2026-07-17\exchange=NSE\symbol=BHARTIARTL\part-074253_699288-032389.parquet,35468,downloaded,35468,
2026-07-17,NSE,BHARTIARTL,raw_l2/trade_date=2026-07-17/exchange=NSE/symbol=BHARTIARTL/part-074225_693766-032325.parquet,real_data_sample\l2_unseen_validation\trade_date=2026-07-17\exchange=NSE\symbol=BHARTIARTL\part-074225_693766-032325.parquet,35914,downloaded,35914,
2026-07-17,NSE,BHARTIARTL,raw_l2/trade_date=2026-07-17/exchange=NSE/symbol=BHARTIARTL/part-074350_006171-032517.parquet,real_data_sample\l2_unseen_validation\trade_date=2026-07-17\exchange=NSE\symbol=BHARTIARTL\part-074350_006171-032517.parquet,35684,downloaded,35684,
2026-07-17,NSE,BHARTIARTL,raw_l2/trade_date=2026-07-17/exchange=NSE/symbol=BHARTIARTL/part-074708_471883-032965.parquet,real_data_sample\l2_unseen_validation\trade_date=2026-07-17\exchange=NSE\symbol=BHARTIARTL\part-074708_471883-032965.parquet,35633,downloaded,35633,
2026-07-17,NSE,BHARTIARTL,raw_l2/trade_date=2026-07-17/exchange=NSE/symbol=BHARTIARTL/part-074804_944977-033093.parquet,real_data_sample\l2_unseen_validation\trade_date=2026-07-17\exchange=NSE\symbol=BHARTIARTL\part-074804_944977-033093.parquet,34964,downloaded,34964,
2026-07-17,NSE,BHARTIARTL,raw_l2/trade_date=2026-07-17/exchange=NSE/symbol=BHARTIARTL/part-074418_691553-032581.parquet,real_data_sample\l2_unseen_validation\trade_date=2026-07-17\exchange=NSE\symbol=BHARTIARTL\part-074418_691553-032581.parquet,35174,downloaded,35174,
2026-07-17,NSE,BHARTIARTL,raw_l2/trade_date=2026-07-17/exchange=NSE/symbol=BHARTIARTL/part-074335_758014-032485.parquet,real_data_sample\l2_unseen_validation\trade_date=2026-07-17\exchange=NSE\symbol=BHARTIARTL\part-074335_758014-032485.parquet,35785,downloaded,35785,
2026-07-17,NSE,BHARTIARTL,raw_l2/trade_date=2026-07-17/exchange=NSE/symbol=BHARTIARTL/part-074404_686098-032549.parquet,real_data_sample\l2_unseen_validation\trade_date=2026-07-17\exchange=NSE\symbol=BHARTIARTL\part-074404_686098-032549.parquet,36178,downloaded,36178,
2026-07-17,NSE,BHARTIARTL,raw_l2/trade_date=2026-07-17/exchange=NSE/symbol=BHARTIARTL/part-074432_685810-032613.parquet,real_data_sample\l2_unseen_validation\trade_date=2026-07-17\exchange=NSE\symbol=BHARTIARTL\part-074432_685810-032613.parquet,34738,downloaded,34738,
2026-07-17,NSE,BHARTIARTL,raw_l2/trade_date=2026-07-17/exchange=NSE/symbol=BHARTIARTL/part-074833_184705-033157.parquet,real_data_sample\l2_unseen_validation\trade_date=2026-07-17\exchange=NSE\symbol=BHARTIARTL\part-074833_184705-033157.parquet,34776,downloaded,34776,
2026-07-17,NSE,BHARTIARTL,raw_l2/trade_date=2026-07-17/exchange=NSE/symbol=BHARTIARTL/part-074446_685008-032645.parquet,real_data_sample\l2_unseen_validation\trade_date=2026-07-17\exchange=NSE\symbol=BHARTIARTL\part-074446_685008-032645.parquet,34858,downloaded,34858,
2026-07-17,NSE,BHARTIARTL,raw_l2/trade_date=2026-07-17/exchange=NSE/symbol=BHARTIARTL/part-074750_946375-033061.parquet,real_data_sample\l2_unseen_validation\trade_date=2026-07-17\exchange=NSE\symbol=BHARTIARTL\part-074750_946375-033061.parquet,34839,downloaded,34839,
2026-07-17,NSE,BHARTIARTL,raw_l2/trade_date=2026-07-17/exchange=NSE/symbol=BHARTIARTL/part-074722_776452-032997.parquet,real_data_sample\l2_unseen_validation\trade_date=2026-07-17\exchange=NSE\symbol=BHARTIARTL\part-074722_776452-032997.parquet,35016,downloaded,35016,
2026-07-17,NSE,BHARTIARTL,raw_l2/trade_date=2026-07-17/exchange=NSE/symbol=BHARTIARTL/part-074736_928145-033029.parquet,real_data_sample\l2_unseen_validation\trade_date=2026-07-17\exchange=NSE\symbol=BHARTIARTL\part-074736_928145-033029.parquet,34749,downloaded,34749,
2026-07-17,NSE,BHARTIARTL,raw_l2/trade_date=2026-07-17/exchange=NSE/symbol=BHARTIARTL/part-074818_960533-033125.parquet,real_data_sample\l2_unseen_validation\trade_date=2026-07-17\exchange=NSE\symbol=BHARTIARTL\part-074818_960533-033125.parquet,34714,downloaded,34714,
2026-07-17,NSE,BHARTIARTL,raw_l2/trade_date=2026-07-17/exchange=NSE/symbol=BHARTIARTL/part-074847_256108-033189.parquet,real_data_sample\l2_unseen_validation\trade_date=2026-07-17\exchange=NSE\symbol=BHARTIARTL\part-074847_256108-033189.parquet,34859,downloaded,34859,
2026-07-17,NSE,BHARTIARTL,raw_l2/trade_date=2026-07-17/exchange=NSE/symbol=BHARTIARTL/part-074901_498234-033221.parquet,real_data_sample\l2_unseen_validation\trade_date=2026-07-17\exchange=NSE\symbol=BHARTIARTL\part-074901_498234-033221.parquet,34855,downloaded,34855,
2026-07-17,NSE,BHARTIARTL,raw_l2/trade_date=2026-07-17/exchange=NSE/symbol=BHARTIARTL/part-074915_674359-033253.parquet,real_data_sample\l2_unseen_validation\trade_date=2026-07-17\exchange=NSE\symbol=BHARTIARTL\part-074915_674359-033253.parquet,34795,downloaded,34795,
2026-07-17,NSE,BHARTIARTL,raw_l2/trade_date=2026-07-17/exchange=NSE/symbol=BHARTIARTL/part-074157_696550-032261.parquet,real_data_sample\l2_unseen_validation\trade_date=2026-07-17\exchange=NSE\symbol=BHARTIARTL\part-074157_696550-032261.parquet,36287,downloaded,36287,
2026-07-17,NSE,BHARTIARTL,raw_l2/trade_date=2026-07-17/exchange=NSE/symbol=BHARTIARTL/part-075219_931791-033669.parquet,real_data_sample\l2_unseen_validation\trade_date=2026-07-17\exchange=NSE\symbol=BHARTIARTL\part-075219_931791-033669.parquet,35476,downloaded,35476,
2026-07-17,NSE,BHARTIARTL,raw_l2/trade_date=2026-07-17/exchange=NSE/symbol=BHARTIARTL/part-075302_788858-033765.parquet,real_data_sample\l2_unseen_validation\trade_date=2026-07-17\exchange=NSE\symbol=BHARTIARTL\part-075302_788858-033765.parquet,36103,downloaded,36103,
2026-07-17,NSE,BHARTIARTL,raw_l2/trade_date=2026-07-17/exchange=NSE/symbol=BHARTIARTL/part-075331_002994-033829.parquet,real_data_sample\l2_unseen_validation\trade_date=2026-07-17\exchange=NSE\symbol=BHARTIARTL\part-075331_002994-033829.parquet,35388,downloaded,35388,
2026-07-17,NSE,BHARTIARTL,raw_l2/trade_date=2026-07-17/exchange=NSE/symbol=BHARTIARTL/part-075233_950526-033701.parquet,real_data_sample\l2_unseen_validation\trade_date=2026-07-17\exchange=NSE\symbol=BHARTIARTL\part-075233_950526-033701.parquet,35743,downloaded,35743,
2026-07-17,NSE,BHARTIARTL,raw_l2/trade_date=2026-07-17/exchange=NSE/symbol=BHARTIARTL/part-075026_092704-033413.parquet,real_data_sample\l2_unseen_validation\trade_date=2026-07-17\exchange=NSE\symbol=BHARTIARTL\part-075026_092704-033413.parquet,36328,downloaded,36328,
2026-07-17,NSE,BHARTIARTL,raw_l2/trade_date=2026-07-17/exchange=NSE/symbol=BHARTIARTL/part-075316_999540-033797.parquet,real_data_sample\l2_unseen_validation\trade_date=2026-07-17\exchange=NSE\symbol=BHARTIARTL\part-075316_999540-033797.parquet,35395,downloaded,35395,
2026-07-17,NSE,BHARTIARTL,raw_l2/trade_date=2026-07-17/exchange=NSE/symbol=BHARTIARTL/part-075108_916909-033509.parquet,real_data_sample\l2_unseen_validation\trade_date=2026-07-17\exchange=NSE\symbol=BHARTIARTL\part-075108_916909-033509.parquet,36257,downloaded,36257,
2026-07-17,NSE,BHARTIARTL,raw_l2/trade_date=2026-07-17/exchange=NSE/symbol=BHARTIARTL/part-075122_935592-033541.parquet,real_data_sample\l2_unseen_validation\trade_date=2026-07-17\exchange=NSE\symbol=BHARTIARTL\part-075122_935592-033541.parquet,36388,downloaded,36388,
2026-07-17,NSE,BHARTIARTL,raw_l2/trade_date=2026-07-17/exchange=NSE/symbol=BHARTIARTL/part-075248_012769-033733.parquet,real_data_sample\l2_unseen_validation\trade_date=2026-07-17\exchange=NSE\symbol=BHARTIARTL\part-075248_012769-033733.parquet,35821,downloaded,35821,
2026-07-17,NSE,BHARTIARTL,raw_l2/trade_date=2026-07-17/exchange=NSE/symbol=BHARTIARTL/part-075054_942448-033477.parquet,real_data_sample\l2_unseen_validation\trade_date=2026-07-17\exchange=NSE\symbol=BHARTIARTL\part-075054_942448-033477.parquet,36155,downloaded,36155,
2026-07-17,NSE,BHARTIARTL,raw_l2/trade_date=2026-07-17/exchange=NSE/symbol=BHARTIARTL/part-074640_306730-032901.parquet,real_data_sample\l2_unseen_validation\trade_date=2026-07-17\exchange=NSE\symbol=BHARTIARTL\part-074640_306730-032901.parquet,35454,downloaded,35454,
2026-07-17,NSE,BHARTIARTL,raw_l2/trade_date=2026-07-17/exchange=NSE/symbol=BHARTIARTL/part-075136_958820-033573.parquet,real_data_sample\l2_unseen_validation\trade_date=2026-07-17\exchange=NSE\symbol=BHARTIARTL\part-075136_958820-033573.parquet,35874,downloaded,35874,
2026-07-17,NSE,BHARTIARTL,raw_l2/trade_date=2026-07-17/exchange=NSE/symbol=BHARTIARTL/part-075151_220487-033605.parquet,real_data_sample\l2_unseen_validation\trade_date=2026-07-17\exchange=NSE\symbol=BHARTIARTL\part-075151_220487-033605.parquet,36029,downloaded,36029,
2026-07-17,NSE,BHARTIARTL,raw_l2/trade_date=2026-07-17/exchange=NSE/symbol=BHARTIARTL/part-074957_707607-033349.parquet,real_data_sample\l2_unseen_validation\trade_date=2026-07-17\exchange=NSE\symbol=BHARTIARTL\part-074957_707607-033349.parquet,35060,downloaded,35060,
2026-07-17,NSE,BHARTIARTL,raw_l2/trade_date=2026-07-17/exchange=NSE/symbol=BHARTIARTL/part-075011_702428-033381.parquet,real_data_sample\l2_unseen_validation\trade_date=2026-07-17\exchange=NSE\symbol=BHARTIARTL\part-075011_702428-033381.parquet,35103,downloaded,35103,
2026-07-17,NSE,BHARTIARTL,raw_l2/trade_date=2026-07-17/exchange=NSE/symbol=BHARTIARTL/part-075413_230858-033925.parquet,real_data_sample\l2_unseen_validation\trade_date=2026-07-17\exchange=NSE\symbol=BHARTIARTL\part-075413_230858-033925.parquet,35732,downloaded,35732,
2026-07-17,NSE,BHARTIARTL,raw_l2/trade_date=2026-07-17/exchange=NSE/symbol=BHARTIARTL/part-075344_987254-033861.parquet,real_data_sample\l2_unseen_validation\trade_date=2026-07-17\exchange=NSE\symbol=BHARTIARTL\part-075344_987254-033861.parquet,35486,downloaded,35486,
2026-07-17,NSE,BHARTIARTL,raw_l2/trade_date=2026-07-17/exchange=NSE/symbol=BHARTIARTL/part-074943_704458-033317.parquet,real_data_sample\l2_unseen_validation\trade_date=2026-07-17\exchange=NSE\symbol=BHARTIARTL\part-074943_704458-033317.parquet,34906,downloaded,34906,
2026-07-17,NSE,BHARTIARTL,raw_l2/trade_date=2026-07-17/exchange=NSE/symbol=BHARTIARTL/part-074929_691918-033285.parquet,real_data_sample\l2_unseen_validation\trade_date=2026-07-17\exchange=NSE\symbol=BHARTIARTL\part-074929_691918-033285.parquet,34994,downloaded,34994,
2026-07-17,NSE,BHARTIARTL,raw_l2/trade_date=2026-07-17/exchange=NSE/symbol=BHARTIARTL/part-075427_229932-033957.parquet,real_data_sample\l2_unseen_validation\trade_date=2026-07-17\exchange=NSE\symbol=BHARTIARTL\part-075427_229932-033957.parquet,34757,downloaded,34757,
2026-07-17,NSE,BHARTIARTL,raw_l2/trade_date=2026-07-17/exchange=NSE/symbol=BHARTIARTL/part-075359_025002-033893.parquet,real_data_sample\l2_unseen_validation\trade_date=2026-07-17\exchange=NSE\symbol=BHARTIARTL\part-075359_025002-033893.parquet,35544,downloaded,35544,
2026-07-17,NSE,BHARTIARTL,raw_l2/trade_date=2026-07-17/exchange=NSE/symbol=BHARTIARTL/part-075040_941856-033445.parquet,real_data_sample\l2_unseen_validation\trade_date=2026-07-17\exchange=NSE\symbol=BHARTIARTL\part-075040_941856-033445.parquet,36653,downloaded,36653,
2026-07-17,NSE,BHARTIARTL,raw_l2/trade_date=2026-07-17/exchange=NSE/symbol=BHARTIARTL/part-075205_680059-033637.parquet,real_data_sample\l2_unseen_validation\trade_date=2026-07-17\exchange=NSE\symbol=BHARTIARTL\part-075205_680059-033637.parquet,36352,downloaded,36352,
2026-07-17,NSE,BHARTIARTL,raw_l2/trade_date=2026-07-17/exchange=NSE/symbol=BHARTIARTL/part-075441_296591-033989.parquet,real_data_sample\l2_unseen_validation\trade_date=2026-07-17\exchange=NSE\symbol=BHARTIARTL\part-075441_296591-033989.parquet,34810,downloaded,34810,
2026-07-17,NSE,BHARTIARTL,raw_l2/trade_date=2026-07-17/exchange=NSE/symbol=BHARTIARTL/part-075455_490758-034021.parquet,real_data_sample\l2_unseen_validation\trade_date=2026-07-17\exchange=NSE\symbol=BHARTIARTL\part-075455_490758-034021.parquet,34837,downloaded,34837,
2026-07-17,NSE,BHARTIARTL,raw_l2/trade_date=2026-07-17/exchange=NSE/symbol=BHARTIARTL/part-075509_721630-034053.parquet,real_data_sample\l2_unseen_validation\trade_date=2026-07-17\exchange=NSE\symbol=BHARTIARTL\part-075509_721630-034053.parquet,34808,downloaded,34808,
2026-07-17,NSE,BHARTIARTL,raw_l2/trade_date=2026-07-17/exchange=NSE/symbol=BHARTIARTL/part-075523_785585-034085.parquet,real_data_sample\l2_unseen_validation\trade_date=2026-07-17\exchange=NSE\symbol=BHARTIARTL\part-075523_785585-034085.parquet,34959,downloaded,34959,
2026-07-17,NSE,BHARTIARTL,raw_l2/trade_date=2026-07-17/exchange=NSE/symbol=BHARTIARTL/part-075843_256014-034533.parquet,real_data_sample\l2_unseen_validation\trade_date=2026-07-17\exchange=NSE\symbol=BHARTIARTL\part-075843_256014-034533.parquet,35561,downloaded,35561,
2026-07-17,NSE,BHARTIARTL,raw_l2/trade_date=2026-07-17/exchange=NSE/symbol=BHARTIARTL/part-075551_739233-034149.parquet,real_data_sample\l2_unseen_validation\trade_date=2026-07-17\exchange=NSE\symbol=BHARTIARTL\part-075551_739233-034149.parquet,35000,downloaded,35000,
2026-07-17,NSE,BHARTIARTL,raw_l2/trade_date=2026-07-17/exchange=NSE/symbol=BHARTIARTL/part-075940_283658-034661.parquet,real_data_sample\l2_unseen_validation\trade_date=2026-07-17\exchange=NSE\symbol=BHARTIARTL\part-075940_283658-034661.parquet,35999,downloaded,35999,
2026-07-17,NSE,BHARTIARTL,raw_l2/trade_date=2026-07-17/exchange=NSE/symbol=BHARTIARTL/part-075828_997494-034501.parquet,real_data_sample\l2_unseen_validation\trade_date=2026-07-17\exchange=NSE\symbol=BHARTIARTL\part-075828_997494-034501.parquet,35769,downloaded,35769,
2026-07-17,NSE,BHARTIARTL,raw_l2/trade_date=2026-07-17/exchange=NSE/symbol=BHARTIARTL/part-075857_512508-034565.parquet,real_data_sample\l2_unseen_validation\trade_date=2026-07-17\exchange=NSE\symbol=BHARTIARTL\part-075857_512508-034565.parquet,35702,downloaded,35702,
2026-07-17,NSE,BHARTIARTL,raw_l2/trade_date=2026-07-17/exchange=NSE/symbol=BHARTIARTL/part-075814_555155-034469.parquet,real_data_sample\l2_unseen_validation\trade_date=2026-07-17\exchange=NSE\symbol=BHARTIARTL\part-075814_555155-034469.parquet,35880,downloaded,35880,
2026-07-17,NSE,BHARTIARTL,raw_l2/trade_date=2026-07-17/exchange=NSE/symbol=BHARTIARTL/part-075716_998182-034341.parquet,real_data_sample\l2_unseen_validation\trade_date=2026-07-17\exchange=NSE\symbol=BHARTIARTL\part-075716_998182-034341.parquet,35961,downloaded,35961,
2026-07-17,NSE,BHARTIARTL,raw_l2/trade_date=2026-07-17/exchange=NSE/symbol=BHARTIARTL/part-075702_753331-034309.parquet,real_data_sample\l2_unseen_validation\trade_date=2026-07-17\exchange=NSE\symbol=BHARTIARTL\part-075702_753331-034309.parquet,36091,downloaded,36091,
2026-07-17,NSE,BHARTIARTL,raw_l2/trade_date=2026-07-17/exchange=NSE/symbol=BHARTIARTL/part-075634_251953-034245.parquet,real_data_sample\l2_unseen_validation\trade_date=2026-07-17\exchange=NSE\symbol=BHARTIARTL\part-075634_251953-034245.parquet,36222,downloaded,36222,
2026-07-17,NSE,BHARTIARTL,raw_l2/trade_date=2026-07-17/exchange=NSE/symbol=BHARTIARTL/part-075911_795552-034597.parquet,real_data_sample\l2_unseen_validation\trade_date=2026-07-17\exchange=NSE\symbol=BHARTIARTL\part-075911_795552-034597.parquet,35661,downloaded,35661,
2026-07-17,NSE,BHARTIARTL,raw_l2/trade_date=2026-07-17/exchange=NSE/symbol=BHARTIARTL/part-080121_769010-034885.parquet,real_data_sample\l2_unseen_validation\trade_date=2026-07-17\exchange=NSE\symbol=BHARTIARTL\part-080121_769010-034885.parquet,34934,downloaded,34934,
2026-07-17,NSE,BHARTIARTL,raw_l2/trade_date=2026-07-17/exchange=NSE/symbol=BHARTIARTL/part-075745_773025-034405.parquet,real_data_sample\l2_unseen_validation\trade_date=2026-07-17\exchange=NSE\symbol=BHARTIARTL\part-075745_773025-034405.parquet,35970,downloaded,35970,
2026-07-17,NSE,BHARTIARTL,raw_l2/trade_date=2026-07-17/exchange=NSE/symbol=BHARTIARTL/part-075731_301523-034373.parquet,real_data_sample\l2_unseen_validation\trade_date=2026-07-17\exchange=NSE\symbol=BHARTIARTL\part-075731_301523-034373.parquet,35378,downloaded,35378,
2026-07-17,NSE,BHARTIARTL,raw_l2/trade_date=2026-07-17/exchange=NSE/symbol=BHARTIARTL/part-075605_766782-034181.parquet,real_data_sample\l2_unseen_validation\trade_date=2026-07-17\exchange=NSE\symbol=BHARTIARTL\part-075605_766782-034181.parquet,34811,downloaded,34811,
2026-07-17,NSE,BHARTIARTL,raw_l2/trade_date=2026-07-17/exchange=NSE/symbol=BHARTIARTL/part-080107_549516-034853.parquet,real_data_sample\l2_unseen_validation\trade_date=2026-07-17\exchange=NSE\symbol=BHARTIARTL\part-080107_549516-034853.parquet,34694,downloaded,34694,
2026-07-17,NSE,BHARTIARTL,raw_l2/trade_date=2026-07-17/exchange=NSE/symbol=BHARTIARTL/part-075954_656062-034693.parquet,real_data_sample\l2_unseen_validation\trade_date=2026-07-17\exchange=NSE\symbol=BHARTIARTL\part-075954_656062-034693.parquet,35353,downloaded,35353,
2026-07-17,NSE,BHARTIARTL,raw_l2/trade_date=2026-07-17/exchange=NSE/symbol=BHARTIARTL/part-075648_504927-034277.parquet,real_data_sample\l2_unseen_validation\trade_date=2026-07-17\exchange=NSE\symbol=BHARTIARTL\part-075648_504927-034277.parquet,36601,downloaded,36601,
2026-07-17,NSE,BHARTIARTL,raw_l2/trade_date=2026-07-17/exchange=NSE/symbol=BHARTIARTL/part-075620_014905-034213.parquet,real_data_sample\l2_unseen_validation\trade_date=2026-07-17\exchange=NSE\symbol=BHARTIARTL\part-075620_014905-034213.parquet,36053,downloaded,36053,
2026-07-17,NSE,BHARTIARTL,raw_l2/trade_date=2026-07-17/exchange=NSE/symbol=BHARTIARTL/part-075537_724139-034117.parquet,real_data_sample\l2_unseen_validation\trade_date=2026-07-17\exchange=NSE\symbol=BHARTIARTL\part-075537_724139-034117.parquet,34976,downloaded,34976,
2026-07-17,NSE,BHARTIARTL,raw_l2/trade_date=2026-07-17/exchange=NSE/symbol=BHARTIARTL/part-080136_046048-034917.parquet,real_data_sample\l2_unseen_validation\trade_date=2026-07-17\exchange=NSE\symbol=BHARTIARTL\part-080136_046048-034917.parquet,34724,downloaded,34724,
2026-07-17,NSE,BHARTIARTL,raw_l2/trade_date=2026-07-17/exchange=NSE/symbol=BHARTIARTL/part-075926_031290-034629.parquet,real_data_sample\l2_unseen_validation\trade_date=2026-07-17\exchange=NSE\symbol=BHARTIARTL\part-075926_031290-034629.parquet,35385,downloaded,35385,
2026-07-17,NSE,BHARTIARTL,raw_l2/trade_date=2026-07-17/exchange=NSE/symbol=BHARTIARTL/part-080038_746519-034789.parquet,real_data_sample\l2_unseen_validation\trade_date=2026-07-17\exchange=NSE\symbol=BHARTIARTL\part-080038_746519-034789.parquet,34978,downloaded,34978,
2026-07-17,NSE,BHARTIARTL,raw_l2/trade_date=2026-07-17/exchange=NSE/symbol=BHARTIARTL/part-080053_257746-034821.parquet,real_data_sample\l2_unseen_validation\trade_date=2026-07-17\exchange=NSE\symbol=BHARTIARTL\part-080053_257746-034821.parquet,34778,downloaded,34778,
2026-07-17,NSE,BHARTIARTL,raw_l2/trade_date=2026-07-17/exchange=NSE/symbol=BHARTIARTL/part-080024_520732-034757.parquet,real_data_sample\l2_unseen_validation\trade_date=2026-07-17\exchange=NSE\symbol=BHARTIARTL\part-080024_520732-034757.parquet,34932,downloaded,34932,
2026-07-17,NSE,BHARTIARTL,raw_l2/trade_date=2026-07-17/exchange=NSE/symbol=BHARTIARTL/part-080009_790737-034725.parquet,real_data_sample\l2_unseen_validation\trade_date=2026-07-17\exchange=NSE\symbol=BHARTIARTL\part-080009_790737-034725.parquet,35893,downloaded,35893,
2026-07-17,NSE,BHARTIARTL,raw_l2/trade_date=2026-07-17/exchange=NSE/symbol=BHARTIARTL/part-074129_457047-032197.parquet,real_data_sample\l2_unseen_validation\trade_date=2026-07-17\exchange=NSE\symbol=BHARTIARTL\part-074129_457047-032197.parquet,35894,downloaded,35894,
2026-07-17,NSE,BHARTIARTL,raw_l2/trade_date=2026-07-17/exchange=NSE/symbol=BHARTIARTL/part-080430_517094-035301.parquet,real_data_sample\l2_unseen_validation\trade_date=2026-07-17\exchange=NSE\symbol=BHARTIARTL\part-080430_517094-035301.parquet,34886,downloaded,34886,
2026-07-17,NSE,BHARTIARTL,raw_l2/trade_date=2026-07-17/exchange=NSE/symbol=BHARTIARTL/part-080248_274023-035077.parquet,real_data_sample\l2_unseen_validation\trade_date=2026-07-17\exchange=NSE\symbol=BHARTIARTL\part-080248_274023-035077.parquet,35019,downloaded,35019,
2026-07-17,NSE,BHARTIARTL,raw_l2/trade_date=2026-07-17/exchange=NSE/symbol=BHARTIARTL/part-080446_359993-035333.parquet,real_data_sample\l2_unseen_validation\trade_date=2026-07-17\exchange=NSE\symbol=BHARTIARTL\part-080446_359993-035333.parquet,34961,downloaded,34961,
2026-07-17,NSE,BHARTIARTL,raw_l2/trade_date=2026-07-17/exchange=NSE/symbol=BHARTIARTL/part-080330_991935-035173.parquet,real_data_sample\l2_unseen_validation\trade_date=2026-07-17\exchange=NSE\symbol=BHARTIARTL\part-080330_991935-035173.parquet,34925,downloaded,34925,
2026-07-17,NSE,BHARTIARTL,raw_l2/trade_date=2026-07-17/exchange=NSE/symbol=BHARTIARTL/part-080218_996746-035013.parquet,real_data_sample\l2_unseen_validation\trade_date=2026-07-17\exchange=NSE\symbol=BHARTIARTL\part-080218_996746-035013.parquet,34709,downloaded,34709,
2026-07-17,NSE,BHARTIARTL,raw_l2/trade_date=2026-07-17/exchange=NSE/symbol=BHARTIARTL/part-080501_059971-035365.parquet,real_data_sample\l2_unseen_validation\trade_date=2026-07-17\exchange=NSE\symbol=BHARTIARTL\part-080501_059971-035365.parquet,34859,downloaded,34859,
2026-07-17,NSE,BHARTIARTL,raw_l2/trade_date=2026-07-17/exchange=NSE/symbol=BHARTIARTL/part-080204_820438-034981.parquet,real_data_sample\l2_unseen_validation\trade_date=2026-07-17\exchange=NSE\symbol=BHARTIARTL\part-080204_820438-034981.parquet,34938,downloaded,34938,
2026-07-17,NSE,BHARTIARTL,raw_l2/trade_date=2026-07-17/exchange=NSE/symbol=BHARTIARTL/part-080530_067999-035429.parquet,real_data_sample\l2_unseen_validation\trade_date=2026-07-17\exchange=NSE\symbol=BHARTIARTL\part-080530_067999-035429.parquet,34963,downloaded,34963,
2026-07-17,NSE,BHARTIARTL,raw_l2/trade_date=2026-07-17/exchange=NSE/symbol=BHARTIARTL/part-075759_999572-034437.parquet,real_data_sample\l2_unseen_validation\trade_date=2026-07-17\exchange=NSE\symbol=BHARTIARTL\part-075759_999572-034437.parquet,35934,downloaded,35934,
2026-07-17,NSE,BHARTIARTL,raw_l2/trade_date=2026-07-17/exchange=NSE/symbol=BHARTIARTL/part-080400_405081-035237.parquet,real_data_sample\l2_unseen_validation\trade_date=2026-07-17\exchange=NSE\symbol=BHARTIARTL\part-080400_405081-035237.parquet,34725,downloaded,34725,
2026-07-17,NSE,BHARTIARTL,raw_l2/trade_date=2026-07-17/exchange=NSE/symbol=BHARTIARTL/part-080613_220726-035525.parquet,real_data_sample\l2_unseen_validation\trade_date=2026-07-17\exchange=NSE\symbol=BHARTIARTL\part-080613_220726-035525.parquet,34605,downloaded,34605,
2026-07-17,NSE,BHARTIARTL,raw_l2/trade_date=2026-07-17/exchange=NSE/symbol=BHARTIARTL/part-080233_310662-035045.parquet,real_data_sample\l2_unseen_validation\trade_date=2026-07-17\exchange=NSE\symbol=BHARTIARTL\part-080233_310662-035045.parquet,34625,downloaded,34625,
2026-07-17,NSE,BHARTIARTL,raw_l2/trade_date=2026-07-17/exchange=NSE/symbol=BHARTIARTL/part-080415_031424-035269.parquet,real_data_sample\l2_unseen_validation\trade_date=2026-07-17\exchange=NSE\symbol=BHARTIARTL\part-080415_031424-035269.parquet,34741,downloaded,34741,
2026-07-17,NSE,BHARTIARTL,raw_l2/trade_date=2026-07-17/exchange=NSE/symbol=BHARTIARTL/part-080316_806691-035141.parquet,real_data_sample\l2_unseen_validation\trade_date=2026-07-17\exchange=NSE\symbol=BHARTIARTL\part-080316_806691-035141.parquet,34760,downloaded,34760,
2026-07-17,NSE,BHARTIARTL,raw_l2/trade_date=2026-07-17/exchange=NSE/symbol=BHARTIARTL/part-080515_255686-035397.parquet,real_data_sample\l2_unseen_validation\trade_date=2026-07-17\exchange=NSE\symbol=BHARTIARTL\part-080515_255686-035397.parquet,34886,downloaded,34886,
2026-07-17,NSE,BHARTIARTL,raw_l2/trade_date=2026-07-17/exchange=NSE/symbol=BHARTIARTL/part-080627_581042-035557.parquet,real_data_sample\l2_unseen_validation\trade_date=2026-07-17\exchange=NSE\symbol=BHARTIARTL\part-080627_581042-035557.parquet,34790,downloaded,34790,
2026-07-17,NSE,BHARTIARTL,raw_l2/trade_date=2026-07-17/exchange=NSE/symbol=BHARTIARTL/part-080345_412443-035205.parquet,real_data_sample\l2_unseen_validation\trade_date=2026-07-17\exchange=NSE\symbol=BHARTIARTL\part-080345_412443-035205.parquet,34729,downloaded,34729,
2026-07-17,NSE,BHARTIARTL,raw_l2/trade_date=2026-07-17/exchange=NSE/symbol=BHARTIARTL/part-080642_043889-035589.parquet,real_data_sample\l2_unseen_validation\trade_date=2026-07-17\exchange=NSE\symbol=BHARTIARTL\part-080642_043889-035589.parquet,34747,downloaded,34747,
2026-07-17,NSE,BHARTIARTL,raw_l2/trade_date=2026-07-17/exchange=NSE/symbol=BHARTIARTL/part-080656_301118-035621.parquet,real_data_sample\l2_unseen_validation\trade_date=2026-07-17\exchange=NSE\symbol=BHARTIARTL\part-080656_301118-035621.parquet,34953,downloaded,34953,
2026-07-17,NSE,BHARTIARTL,raw_l2/trade_date=2026-07-17/exchange=NSE/symbol=BHARTIARTL/part-080558_989854-035493.parquet,real_data_sample\l2_unseen_validation\trade_date=2026-07-17\exchange=NSE\symbol=BHARTIARTL\part-080558_989854-035493.parquet,35067,downloaded,35067,
2026-07-17,NSE,BHARTIARTL,raw_l2/trade_date=2026-07-17/exchange=NSE/symbol=BHARTIARTL/part-080302_498486-035109.parquet,real_data_sample\l2_unseen_validation\trade_date=2026-07-17\exchange=NSE\symbol=BHARTIARTL\part-080302_498486-035109.parquet,34992,downloaded,34992,
2026-07-17,NSE,BHARTIARTL,raw_l2/trade_date=2026-07-17/exchange=NSE/symbol=BHARTIARTL/part-080544_985433-035461.parquet,real_data_sample\l2_unseen_validation\trade_date=2026-07-17\exchange=NSE\symbol=BHARTIARTL\part-080544_985433-035461.parquet,35073,downloaded,35073,
2026-07-17,NSE,BHARTIARTL,raw_l2/trade_date=2026-07-17/exchange=NSE/symbol=BHARTIARTL/part-080739_816315-035717.parquet,real_data_sample\l2_unseen_validation\trade_date=2026-07-17\exchange=NSE\symbol=BHARTIARTL\part-080739_816315-035717.parquet,34763,downloaded,34763,
2026-07-17,NSE,BHARTIARTL,raw_l2/trade_date=2026-07-17/exchange=NSE/symbol=BHARTIARTL/part-080725_498116-035685.parquet,real_data_sample\l2_unseen_validation\trade_date=2026-07-17\exchange=NSE\symbol=BHARTIARTL\part-080725_498116-035685.parquet,35086,downloaded,35086,
2026-07-17,NSE,BHARTIARTL,raw_l2/trade_date=2026-07-17/exchange=NSE/symbol=BHARTIARTL/part-080710_896331-035653.parquet,real_data_sample\l2_unseen_validation\trade_date=2026-07-17\exchange=NSE\symbol=BHARTIARTL\part-080710_896331-035653.parquet,35030,downloaded,35030,
2026-07-17,NSE,BHARTIARTL,raw_l2/trade_date=2026-07-17/exchange=NSE/symbol=BHARTIARTL/part-080754_603689-035749.parquet,real_data_sample\l2_unseen_validation\trade_date=2026-07-17\exchange=NSE\symbol=BHARTIARTL\part-080754_603689-035749.parquet,34990,downloaded,34990,
2026-07-17,NSE,BHARTIARTL,raw_l2/trade_date=2026-07-17/exchange=NSE/symbol=BHARTIARTL/part-080823_813237-035813.parquet,real_data_sample\l2_unseen_validation\trade_date=2026-07-17\exchange=NSE\symbol=BHARTIARTL\part-080823_813237-035813.parquet,34954,downloaded,34954,
2026-07-17,NSE,BHARTIARTL,raw_l2/trade_date=2026-07-17/exchange=NSE/symbol=BHARTIARTL/part-080838_361068-035845.parquet,real_data_sample\l2_unseen_validation\trade_date=2026-07-17\exchange=NSE\symbol=BHARTIARTL\part-080838_361068-035845.parquet,34959,downloaded,34959,
2026-07-17,NSE,BHARTIARTL,raw_l2/trade_date=2026-07-17/exchange=NSE/symbol=BHARTIARTL/part-080150_288345-034949.parquet,real_data_sample\l2_unseen_validation\trade_date=2026-07-17\exchange=NSE\symbol=BHARTIARTL\part-080150_288345-034949.parquet,34864,downloaded,34864,
2026-07-17,NSE,BHARTIARTL,raw_l2/trade_date=2026-07-17/exchange=NSE/symbol=BHARTIARTL/part-081036_552808-036101.parquet,real_data_sample\l2_unseen_validation\trade_date=2026-07-17\exchange=NSE\symbol=BHARTIARTL\part-081036_552808-036101.parquet,35121,downloaded,35121,
2026-07-17,NSE,BHARTIARTL,raw_l2/trade_date=2026-07-17/exchange=NSE/symbol=BHARTIARTL/part-081050_962601-036133.parquet,real_data_sample\l2_unseen_validation\trade_date=2026-07-17\exchange=NSE\symbol=BHARTIARTL\part-081050_962601-036133.parquet,34920,downloaded,34920,
2026-07-17,NSE,BHARTIARTL,raw_l2/trade_date=2026-07-17/exchange=NSE/symbol=BHARTIARTL/part-081006_508552-036037.parquet,real_data_sample\l2_unseen_validation\trade_date=2026-07-17\exchange=NSE\symbol=BHARTIARTL\part-081006_508552-036037.parquet,34794,downloaded,34794,
2026-07-17,NSE,BHARTIARTL,raw_l2/trade_date=2026-07-17/exchange=NSE/symbol=BHARTIARTL/part-081201_499847-036293.parquet,real_data_sample\l2_unseen_validation\trade_date=2026-07-17\exchange=NSE\symbol=BHARTIARTL\part-081201_499847-036293.parquet,35793,downloaded,35793,
2026-07-17,NSE,BHARTIARTL,raw_l2/trade_date=2026-07-17/exchange=NSE/symbol=BHARTIARTL/part-081229_781567-036357.parquet,real_data_sample\l2_unseen_validation\trade_date=2026-07-17\exchange=NSE\symbol=BHARTIARTL\part-081229_781567-036357.parquet,35155,downloaded,35155,
2026-07-17,NSE,BHARTIARTL,raw_l2/trade_date=2026-07-17/exchange=NSE/symbol=BHARTIARTL/part-081258_750229-036421.parquet,real_data_sample\l2_unseen_validation\trade_date=2026-07-17\exchange=NSE\symbol=BHARTIARTL\part-081258_750229-036421.parquet,35628,downloaded,35628,
2026-07-17,NSE,BHARTIARTL,raw_l2/trade_date=2026-07-17/exchange=NSE/symbol=BHARTIARTL/part-081133_222451-036229.parquet,real_data_sample\l2_unseen_validation\trade_date=2026-07-17\exchange=NSE\symbol=BHARTIARTL\part-081133_222451-036229.parquet,35820,downloaded,35820,
2026-07-17,NSE,BHARTIARTL,raw_l2/trade_date=2026-07-17/exchange=NSE/symbol=BHARTIARTL/part-080907_734433-035909.parquet,real_data_sample\l2_unseen_validation\trade_date=2026-07-17\exchange=NSE\symbol=BHARTIARTL\part-080907_734433-035909.parquet,34705,downloaded,34705,
2026-07-17,NSE,BHARTIARTL,raw_l2/trade_date=2026-07-17/exchange=NSE/symbol=BHARTIARTL/part-080951_759204-036005.parquet,real_data_sample\l2_unseen_validation\trade_date=2026-07-17\exchange=NSE\symbol=BHARTIARTL\part-080951_759204-036005.parquet,34926,downloaded,34926,
2026-07-17,NSE,BHARTIARTL,raw_l2/trade_date=2026-07-17/exchange=NSE/symbol=BHARTIARTL/part-081119_258258-036197.parquet,real_data_sample\l2_unseen_validation\trade_date=2026-07-17\exchange=NSE\symbol=BHARTIARTL\part-081119_258258-036197.parquet,35654,downloaded,35654,
2026-07-17,NSE,BHARTIARTL,raw_l2/trade_date=2026-07-17/exchange=NSE/symbol=BHARTIARTL/part-081313_535874-036453.parquet,real_data_sample\l2_unseen_validation\trade_date=2026-07-17\exchange=NSE\symbol=BHARTIARTL\part-081313_535874-036453.parquet,35091,downloaded,35091,
2026-07-17,NSE,BHARTIARTL,raw_l2/trade_date=2026-07-17/exchange=NSE/symbol=BHARTIARTL/part-081215_712517-036325.parquet,real_data_sample\l2_unseen_validation\trade_date=2026-07-17\exchange=NSE\symbol=BHARTIARTL\part-081215_712517-036325.parquet,35750,downloaded,35750,
2026-07-17,NSE,BHARTIARTL,raw_l2/trade_date=2026-07-17/exchange=NSE/symbol=BHARTIARTL/part-081147_314642-036261.parquet,real_data_sample\l2_unseen_validation\trade_date=2026-07-17\exchange=NSE\symbol=BHARTIARTL\part-081147_314642-036261.parquet,36067,downloaded,36067,
2026-07-17,NSE,BHARTIARTL,raw_l2/trade_date=2026-07-17/exchange=NSE/symbol=BHARTIARTL/part-080922_567031-035941.parquet,real_data_sample\l2_unseen_validation\trade_date=2026-07-17\exchange=NSE\symbol=BHARTIARTL\part-080922_567031-035941.parquet,34866,downloaded,34866,
2026-07-17,NSE,BHARTIARTL,raw_l2/trade_date=2026-07-17/exchange=NSE/symbol=BHARTIARTL/part-080937_296948-035973.parquet,real_data_sample\l2_unseen_validation\trade_date=2026-07-17\exchange=NSE\symbol=BHARTIARTL\part-080937_296948-035973.parquet,34954,downloaded,34954,
2026-07-17,NSE,BHARTIARTL,raw_l2/trade_date=2026-07-17/exchange=NSE/symbol=BHARTIARTL/part-081327_806032-036485.parquet,real_data_sample\l2_unseen_validation\trade_date=2026-07-17\exchange=NSE\symbol=BHARTIARTL\part-081327_806032-036485.parquet,34994,downloaded,34994,
2026-07-17,NSE,BHARTIARTL,raw_l2/trade_date=2026-07-17/exchange=NSE/symbol=BHARTIARTL/part-081341_995346-036517.parquet,real_data_sample\l2_unseen_validation\trade_date=2026-07-17\exchange=NSE\symbol=BHARTIARTL\part-081341_995346-036517.parquet,34980,downloaded,34980,
2026-07-17,NSE,BHARTIARTL,raw_l2/trade_date=2026-07-17/exchange=NSE/symbol=BHARTIARTL/part-081356_125721-036549.parquet,real_data_sample\l2_unseen_validation\trade_date=2026-07-17\exchange=NSE\symbol=BHARTIARTL\part-081356_125721-036549.parquet,34656,downloaded,34656,
2026-07-17,NSE,BHARTIARTL,raw_l2/trade_date=2026-07-17/exchange=NSE/symbol=BHARTIARTL/part-081410_568811-036581.parquet,real_data_sample\l2_unseen_validation\trade_date=2026-07-17\exchange=NSE\symbol=BHARTIARTL\part-081410_568811-036581.parquet,34833,downloaded,34833,
2026-07-17,NSE,BHARTIARTL,raw_l2/trade_date=2026-07-17/exchange=NSE/symbol=BHARTIARTL/part-081104_990633-036165.parquet,real_data_sample\l2_unseen_validation\trade_date=2026-07-17\exchange=NSE\symbol=BHARTIARTL\part-081104_990633-036165.parquet,34960,downloaded,34960,
2026-07-17,NSE,BHARTIARTL,raw_l2/trade_date=2026-07-17/exchange=NSE/symbol=BHARTIARTL/part-081244_223519-036389.parquet,real_data_sample\l2_unseen_validation\trade_date=2026-07-17\exchange=NSE\symbol=BHARTIARTL\part-081244_223519-036389.parquet,35932,downloaded,35932,
2026-07-17,NSE,BHARTIARTL,raw_l2/trade_date=2026-07-17/exchange=NSE/symbol=BHARTIARTL/part-081424_855201-036613.parquet,real_data_sample\l2_unseen_validation\trade_date=2026-07-17\exchange=NSE\symbol=BHARTIARTL\part-081424_855201-036613.parquet,34822,downloaded,34822,
2026-07-17,NSE,BHARTIARTL,raw_l2/trade_date=2026-07-17/exchange=NSE/symbol=BHARTIARTL/part-081439_074185-036645.parquet,real_data_sample\l2_unseen_validation\trade_date=2026-07-17\exchange=NSE\symbol=BHARTIARTL\part-081439_074185-036645.parquet,35034,downloaded,35034,
2026-07-17,NSE,BHARTIARTL,raw_l2/trade_date=2026-07-17/exchange=NSE/symbol=BHARTIARTL/part-080809_479451-035781.parquet,real_data_sample\l2_unseen_validation\trade_date=2026-07-17\exchange=NSE\symbol=BHARTIARTL\part-080809_479451-035781.parquet,34686,downloaded,34686,
2026-07-17,NSE,BHARTIARTL,raw_l2/trade_date=2026-07-17/exchange=NSE/symbol=BHARTIARTL/part-080853_082314-035877.parquet,real_data_sample\l2_unseen_validation\trade_date=2026-07-17\exchange=NSE\symbol=BHARTIARTL\part-080853_082314-035877.parquet,34838,downloaded,34838,
2026-07-17,NSE,BHARTIARTL,raw_l2/trade_date=2026-07-17/exchange=NSE/symbol=BHARTIARTL/part-081452_976826-036677.parquet,real_data_sample\l2_unseen_validation\trade_date=2026-07-17\exchange=NSE\symbol=BHARTIARTL\part-081452_976826-036677.parquet,34789,downloaded,34789,
2026-07-17,NSE,BHARTIARTL,raw_l2/trade_date=2026-07-17/exchange=NSE/symbol=BHARTIARTL/part-081535_275182-036773.parquet,real_data_sample\l2_unseen_validation\trade_date=2026-07-17\exchange=NSE\symbol=BHARTIARTL\part-081535_275182-036773.parquet,34762,downloaded,34762,
2026-07-17,NSE,BHARTIARTL,raw_l2/trade_date=2026-07-17/exchange=NSE/symbol=BHARTIARTL/part-081521_225680-036741.parquet,real_data_sample\l2_unseen_validation\trade_date=2026-07-17\exchange=NSE\symbol=BHARTIARTL\part-081521_225680-036741.parquet,35029,downloaded,35029,
2026-07-17,NSE,BHARTIARTL,raw_l2/trade_date=2026-07-17/exchange=NSE/symbol=BHARTIARTL/part-074115_435046-032165.parquet,real_data_sample\l2_unseen_validation\trade_date=2026-07-17\exchange=NSE\symbol=BHARTIARTL\part-074115_435046-032165.parquet,35114,downloaded,35114,
2026-07-17,NSE,BHARTIARTL,raw_l2/trade_date=2026-07-17/exchange=NSE/symbol=BHARTIARTL/part-082033_999814-037445.parquet,real_data_sample\l2_unseen_validation\trade_date=2026-07-17\exchange=NSE\symbol=BHARTIARTL\part-082033_999814-037445.parquet,35006,downloaded,35006,
2026-07-17,NSE,BHARTIARTL,raw_l2/trade_date=2026-07-17/exchange=NSE/symbol=BHARTIARTL/part-074514_968923-032709.parquet,real_data_sample\l2_unseen_validation\trade_date=2026-07-17\exchange=NSE\symbol=BHARTIARTL\part-074514_968923-032709.parquet,34724,downloaded,34724,
2026-07-17,NSE,BHARTIARTL,raw_l2/trade_date=2026-07-17/exchange=NSE/symbol=BHARTIARTL/part-074529_218710-032741.parquet,real_data_sample\l2_unseen_validation\trade_date=2026-07-17\exchange=NSE\symbol=BHARTIARTL\part-074529_218710-032741.parquet,34948,downloaded,34948,
2026-07-17,NSE,BHARTIARTL,raw_l2/trade_date=2026-07-17/exchange=NSE/symbol=BHARTIARTL/part-074543_229251-032773.parquet,real_data_sample\l2_unseen_validation\trade_date=2026-07-17\exchange=NSE\symbol=BHARTIARTL\part-074543_229251-032773.parquet,35030,downloaded,35030,
2026-07-17,NSE,BHARTIARTL,raw_l2/trade_date=2026-07-17/exchange=NSE/symbol=BHARTIARTL/part-082103_764425-037509.parquet,real_data_sample\l2_unseen_validation\trade_date=2026-07-17\exchange=NSE\symbol=BHARTIARTL\part-082103_764425-037509.parquet,34742,downloaded,34742,
2026-07-17,NSE,BHARTIARTL,raw_l2/trade_date=2026-07-17/exchange=NSE/symbol=BHARTIARTL/part-081617_214714-036869.parquet,real_data_sample\l2_unseen_validation\trade_date=2026-07-17\exchange=NSE\symbol=BHARTIARTL\part-081617_214714-036869.parquet,34879,downloaded,34879,
2026-07-17,NSE,BHARTIARTL,raw_l2/trade_date=2026-07-17/exchange=NSE/symbol=BHARTIARTL/part-081603_267053-036837.parquet,real_data_sample\l2_unseen_validation\trade_date=2026-07-17\exchange=NSE\symbol=BHARTIARTL\part-081603_267053-036837.parquet,34797,downloaded,34797,
2026-07-17,NSE,BHARTIARTL,raw_l2/trade_date=2026-07-17/exchange=NSE/symbol=BHARTIARTL/part-081825_730368-037157.parquet,real_data_sample\l2_unseen_validation\trade_date=2026-07-17\exchange=NSE\symbol=BHARTIARTL\part-081825_730368-037157.parquet,34799,downloaded,34799,
2026-07-17,NSE,BHARTIARTL,raw_l2/trade_date=2026-07-17/exchange=NSE/symbol=BHARTIARTL/part-081757_003447-037093.parquet,real_data_sample\l2_unseen_validation\trade_date=2026-07-17\exchange=NSE\symbol=BHARTIARTL\part-081757_003447-037093.parquet,34860,downloaded,34860,
2026-07-17,NSE,BHARTIARTL,raw_l2/trade_date=2026-07-17/exchange=NSE/symbol=BHARTIARTL/part-081549_239608-036805.parquet,real_data_sample\l2_unseen_validation\trade_date=2026-07-17\exchange=NSE\symbol=BHARTIARTL\part-081549_239608-036805.parquet,34628,downloaded,34628,
2026-07-17,NSE,BHARTIARTL,raw_l2/trade_date=2026-07-17/exchange=NSE/symbol=BHARTIARTL/part-081839_990656-037189.parquet,real_data_sample\l2_unseen_validation\trade_date=2026-07-17\exchange=NSE\symbol=BHARTIARTL\part-081839_990656-037189.parquet,34831,downloaded,34831,
2026-07-17,NSE,BHARTIARTL,raw_l2/trade_date=2026-07-17/exchange=NSE/symbol=BHARTIARTL/part-081021_646659-036069.parquet,real_data_sample\l2_unseen_validation\trade_date=2026-07-17\exchange=NSE\symbol=BHARTIARTL\part-081021_646659-036069.parquet,34883,downloaded,34883,
2026-07-17,NSE,BHARTIARTL,raw_l2/trade_date=2026-07-17/exchange=NSE/symbol=BHARTIARTL/part-082118_279733-037541.parquet,real_data_sample\l2_unseen_validation\trade_date=2026-07-17\exchange=NSE\symbol=BHARTIARTL\part-082118_279733-037541.parquet,35567,downloaded,35567,
2026-07-17,NSE,BHARTIARTL,raw_l2/trade_date=2026-07-17/exchange=NSE/symbol=BHARTIARTL/part-081937_059793-037317.parquet,real_data_sample\l2_unseen_validation\trade_date=2026-07-17\exchange=NSE\symbol=BHARTIARTL\part-081937_059793-037317.parquet,35019,downloaded,35019,
2026-07-17,NSE,BHARTIARTL,raw_l2/trade_date=2026-07-17/exchange=NSE/symbol=BHARTIARTL/part-081908_542288-037253.parquet,real_data_sample\l2_unseen_validation\trade_date=2026-07-17\exchange=NSE\symbol=BHARTIARTL\part-081908_542288-037253.parquet,34911,downloaded,34911,
2026-07-17,NSE,BHARTIARTL,raw_l2/trade_date=2026-07-17/exchange=NSE/symbol=BHARTIARTL/part-081854_518332-037221.parquet,real_data_sample\l2_unseen_validation\trade_date=2026-07-17\exchange=NSE\symbol=BHARTIARTL\part-081854_518332-037221.parquet,34895,downloaded,34895,
2026-07-17,NSE,BHARTIARTL,raw_l2/trade_date=2026-07-17/exchange=NSE/symbol=BHARTIARTL/part-081713_747444-036997.parquet,real_data_sample\l2_unseen_validation\trade_date=2026-07-17\exchange=NSE\symbol=BHARTIARTL\part-081713_747444-036997.parquet,34801,downloaded,34801,
2026-07-17,NSE,BHARTIARTL,raw_l2/trade_date=2026-07-17/exchange=NSE/symbol=BHARTIARTL/part-081645_296811-036933.parquet,real_data_sample\l2_unseen_validation\trade_date=2026-07-17\exchange=NSE\symbol=BHARTIARTL\part-081645_296811-036933.parquet,34904,downloaded,34904,
2026-07-17,NSE,BHARTIARTL,raw_l2/trade_date=2026-07-17/exchange=NSE/symbol=BHARTIARTL/part-081728_027789-037029.parquet,real_data_sample\l2_unseen_validation\trade_date=2026-07-17\exchange=NSE\symbol=BHARTIARTL\part-081728_027789-037029.parquet,34902,downloaded,34902,
2026-07-17,NSE,BHARTIARTL,raw_l2/trade_date=2026-07-17/exchange=NSE/symbol=BHARTIARTL/part-081811_491992-037125.parquet,real_data_sample\l2_unseen_validation\trade_date=2026-07-17\exchange=NSE\symbol=BHARTIARTL\part-081811_491992-037125.parquet,34766,downloaded,34766,
2026-07-17,NSE,BHARTIARTL,raw_l2/trade_date=2026-07-17/exchange=NSE/symbol=BHARTIARTL/part-081742_747700-037061.parquet,real_data_sample\l2_unseen_validation\trade_date=2026-07-17\exchange=NSE\symbol=BHARTIARTL\part-081742_747700-037061.parquet,34684,downloaded,34684,
2026-07-17,NSE,BHARTIARTL,raw_l2/trade_date=2026-07-17/exchange=NSE/symbol=BHARTIARTL/part-081631_230033-036901.parquet,real_data_sample\l2_unseen_validation\trade_date=2026-07-17\exchange=NSE\symbol=BHARTIARTL\part-081631_230033-036901.parquet,34780,downloaded,34780,
2026-07-17,NSE,BHARTIARTL,raw_l2/trade_date=2026-07-17/exchange=NSE/symbol=BHARTIARTL/part-082005_500522-037381.parquet,real_data_sample\l2_unseen_validation\trade_date=2026-07-17\exchange=NSE\symbol=BHARTIARTL\part-082005_500522-037381.parquet,35001,downloaded,35001,
2026-07-17,NSE,BHARTIARTL,raw_l2/trade_date=2026-07-17/exchange=NSE/symbol=BHARTIARTL/part-081922_795576-037285.parquet,real_data_sample\l2_unseen_validation\trade_date=2026-07-17\exchange=NSE\symbol=BHARTIARTL\part-081922_795576-037285.parquet,34903,downloaded,34903,
2026-07-17,NSE,BHARTIARTL,raw_l2/trade_date=2026-07-17/exchange=NSE/symbol=BHARTIARTL/part-081659_476019-036965.parquet,real_data_sample\l2_unseen_validation\trade_date=2026-07-17\exchange=NSE\symbol=BHARTIARTL\part-081659_476019-036965.parquet,34939,downloaded,34939,
2026-07-17,NSE,BHARTIARTL,raw_l2/trade_date=2026-07-17/exchange=NSE/symbol=BHARTIARTL/part-082019_756368-037413.parquet,real_data_sample\l2_unseen_validation\trade_date=2026-07-17\exchange=NSE\symbol=BHARTIARTL\part-082019_756368-037413.parquet,35062,downloaded,35062,
2026-07-17,NSE,BHARTIARTL,raw_l2/trade_date=2026-07-17/exchange=NSE/symbol=BHARTIARTL/part-081507_007538-036709.parquet,real_data_sample\l2_unseen_validation\trade_date=2026-07-17\exchange=NSE\symbol=BHARTIARTL\part-081507_007538-036709.parquet,34825,downloaded,34825,
2026-07-17,NSE,BHARTIARTL,raw_l2/trade_date=2026-07-17/exchange=NSE/symbol=BHARTIARTL/part-082132_521114-037573.parquet,real_data_sample\l2_unseen_validation\trade_date=2026-07-17\exchange=NSE\symbol=BHARTIARTL\part-082132_521114-037573.parquet,36103,downloaded,36103,
2026-07-17,NSE,BHARTIARTL,raw_l2/trade_date=2026-07-17/exchange=NSE/symbol=BHARTIARTL/part-082146_720415-037605.parquet,real_data_sample\l2_unseen_validation\trade_date=2026-07-17\exchange=NSE\symbol=BHARTIARTL\part-082146_720415-037605.parquet,35933,downloaded,35933,
2026-07-17,NSE,BHARTIARTL,raw_l2/trade_date=2026-07-17/exchange=NSE/symbol=BHARTIARTL/part-082201_064898-037637.parquet,real_data_sample\l2_unseen_validation\trade_date=2026-07-17\exchange=NSE\symbol=BHARTIARTL\part-082201_064898-037637.parquet,35758,downloaded,35758,
2026-07-17,NSE,BHARTIARTL,raw_l2/trade_date=2026-07-17/exchange=NSE/symbol=BHARTIARTL/part-082215_225088-037669.parquet,real_data_sample\l2_unseen_validation\trade_date=2026-07-17\exchange=NSE\symbol=BHARTIARTL\part-082215_225088-037669.parquet,35336,downloaded,35336,
2026-07-17,NSE,BHARTIARTL,raw_l2/trade_date=2026-07-17/exchange=NSE/symbol=BHARTIARTL/part-082049_339280-037477.parquet,real_data_sample\l2_unseen_validation\trade_date=2026-07-17\exchange=NSE\symbol=BHARTIARTL\part-082049_339280-037477.parquet,34909,downloaded,34909,
2026-07-17,NSE,BHARTIARTL,raw_l2/trade_date=2026-07-17/exchange=NSE/symbol=BHARTIARTL/part-082311_978969-037797.parquet,real_data_sample\l2_unseen_validation\trade_date=2026-07-17\exchange=NSE\symbol=BHARTIARTL\part-082311_978969-037797.parquet,35081,downloaded,35081,
2026-07-17,NSE,BHARTIARTL,raw_l2/trade_date=2026-07-17/exchange=NSE/symbol=BHARTIARTL/part-082243_496960-037733.parquet,real_data_sample\l2_unseen_validation\trade_date=2026-07-17\exchange=NSE\symbol=BHARTIARTL\part-082243_496960-037733.parquet,34663,downloaded,34663,
2026-07-17,NSE,BHARTIARTL,raw_l2/trade_date=2026-07-17/exchange=NSE/symbol=BHARTIARTL/part-082326_269631-037829.parquet,real_data_sample\l2_unseen_validation\trade_date=2026-07-17\exchange=NSE\symbol=BHARTIARTL\part-082326_269631-037829.parquet,35155,downloaded,35155,
2026-07-17,NSE,BHARTIARTL,raw_l2/trade_date=2026-07-17/exchange=NSE/symbol=BHARTIARTL/part-082229_221141-037701.parquet,real_data_sample\l2_unseen_validation\trade_date=2026-07-17\exchange=NSE\symbol=BHARTIARTL\part-082229_221141-037701.parquet,34745,downloaded,34745,
2026-07-17,NSE,BHARTIARTL,raw_l2/trade_date=2026-07-17/exchange=NSE/symbol=BHARTIARTL/part-082756_280136-038437.parquet,real_data_sample\l2_unseen_validation\trade_date=2026-07-17\exchange=NSE\symbol=BHARTIARTL\part-082756_280136-038437.parquet,34913,downloaded,34913,
2026-07-17,NSE,BHARTIARTL,raw_l2/trade_date=2026-07-17/exchange=NSE/symbol=BHARTIARTL/part-082422_749660-037957.parquet,real_data_sample\l2_unseen_validation\trade_date=2026-07-17\exchange=NSE\symbol=BHARTIARTL\part-082422_749660-037957.parquet,35088,downloaded,35088,
2026-07-17,NSE,BHARTIARTL,raw_l2/trade_date=2026-07-17/exchange=NSE/symbol=BHARTIARTL/part-082257_528974-037765.parquet,real_data_sample\l2_unseen_validation\trade_date=2026-07-17\exchange=NSE\symbol=BHARTIARTL\part-082257_528974-037765.parquet,34865,downloaded,34865,
2026-07-17,NSE,BHARTIARTL,raw_l2/trade_date=2026-07-17/exchange=NSE/symbol=BHARTIARTL/part-082547_821936-038149.parquet,real_data_sample\l2_unseen_validation\trade_date=2026-07-17\exchange=NSE\symbol=BHARTIARTL\part-082547_821936-038149.parquet,36249,downloaded,36249,
2026-07-17,NSE,BHARTIARTL,raw_l2/trade_date=2026-07-17/exchange=NSE/symbol=BHARTIARTL/part-082354_500383-037893.parquet,real_data_sample\l2_unseen_validation\trade_date=2026-07-17\exchange=NSE\symbol=BHARTIARTL\part-082354_500383-037893.parquet,34914,downloaded,34914,
2026-07-17,NSE,BHARTIARTL,raw_l2/trade_date=2026-07-17/exchange=NSE/symbol=BHARTIARTL/part-082742_022224-038405.parquet,real_data_sample\l2_unseen_validation\trade_date=2026-07-17\exchange=NSE\symbol=BHARTIARTL\part-082742_022224-038405.parquet,34960,downloaded,34960,
2026-07-17,NSE,BHARTIARTL,raw_l2/trade_date=2026-07-17/exchange=NSE/symbol=BHARTIARTL/part-082616_551098-038213.parquet,real_data_sample\l2_unseen_validation\trade_date=2026-07-17\exchange=NSE\symbol=BHARTIARTL\part-082616_551098-038213.parquet,35599,downloaded,35599,
2026-07-17,NSE,BHARTIARTL,raw_l2/trade_date=2026-07-17/exchange=NSE/symbol=BHARTIARTL/part-082408_555886-037925.parquet,real_data_sample\l2_unseen_validation\trade_date=2026-07-17\exchange=NSE\symbol=BHARTIARTL\part-082408_555886-037925.parquet,34612,downloaded,34612,
2026-07-17,NSE,BHARTIARTL,raw_l2/trade_date=2026-07-17/exchange=NSE/symbol=BHARTIARTL/part-082340_480661-037861.parquet,real_data_sample\l2_unseen_validation\trade_date=2026-07-17\exchange=NSE\symbol=BHARTIARTL\part-082340_480661-037861.parquet,34624,downloaded,34624,
2026-07-17,NSE,BHARTIARTL,raw_l2/trade_date=2026-07-17/exchange=NSE/symbol=BHARTIARTL/part-082727_750137-038373.parquet,real_data_sample\l2_unseen_validation\trade_date=2026-07-17\exchange=NSE\symbol=BHARTIARTL\part-082727_750137-038373.parquet,34799,downloaded,34799,
2026-07-17,NSE,BHARTIARTL,raw_l2/trade_date=2026-07-17/exchange=NSE/symbol=BHARTIARTL/part-082839_836132-038533.parquet,real_data_sample\l2_unseen_validation\trade_date=2026-07-17\exchange=NSE\symbol=BHARTIARTL\part-082839_836132-038533.parquet,34747,downloaded,34747,
2026-07-17,NSE,BHARTIARTL,raw_l2/trade_date=2026-07-17/exchange=NSE/symbol=BHARTIARTL/part-082713_495680-038341.parquet,real_data_sample\l2_unseen_validation\trade_date=2026-07-17\exchange=NSE\symbol=BHARTIARTL\part-082713_495680-038341.parquet,35082,downloaded,35082,
2026-07-17,NSE,BHARTIARTL,raw_l2/trade_date=2026-07-17/exchange=NSE/symbol=BHARTIARTL/part-082659_247355-038309.parquet,real_data_sample\l2_unseen_validation\trade_date=2026-07-17\exchange=NSE\symbol=BHARTIARTL\part-082659_247355-038309.parquet,35466,downloaded,35466,
2026-07-17,NSE,BHARTIARTL,raw_l2/trade_date=2026-07-17/exchange=NSE/symbol=BHARTIARTL/part-082645_240368-038277.parquet,real_data_sample\l2_unseen_validation\trade_date=2026-07-17\exchange=NSE\symbol=BHARTIARTL\part-082645_240368-038277.parquet,35386,downloaded,35386,
2026-07-17,NSE,BHARTIARTL,raw_l2/trade_date=2026-07-17/exchange=NSE/symbol=BHARTIARTL/part-082630_796999-038245.parquet,real_data_sample\l2_unseen_validation\trade_date=2026-07-17\exchange=NSE\symbol=BHARTIARTL\part-082630_796999-038245.parquet,35794,downloaded,35794,
2026-07-17,NSE,BHARTIARTL,raw_l2/trade_date=2026-07-17/exchange=NSE/symbol=BHARTIARTL/part-082505_009054-038053.parquet,real_data_sample\l2_unseen_validation\trade_date=2026-07-17\exchange=NSE\symbol=BHARTIARTL\part-082505_009054-038053.parquet,34704,downloaded,34704,
2026-07-17,NSE,BHARTIARTL,raw_l2/trade_date=2026-07-17/exchange=NSE/symbol=BHARTIARTL/part-082533_291899-038117.parquet,real_data_sample\l2_unseen_validation\trade_date=2026-07-17\exchange=NSE\symbol=BHARTIARTL\part-082533_291899-038117.parquet,36091,downloaded,36091,
2026-07-17,NSE,BHARTIARTL,raw_l2/trade_date=2026-07-17/exchange=NSE/symbol=BHARTIARTL/part-082602_292448-038181.parquet,real_data_sample\l2_unseen_validation\trade_date=2026-07-17\exchange=NSE\symbol=BHARTIARTL\part-082602_292448-038181.parquet,36263,downloaded,36263,
2026-07-17,NSE,BHARTIARTL,raw_l2/trade_date=2026-07-17/exchange=NSE/symbol=BHARTIARTL/part-082854_296428-038565.parquet,real_data_sample\l2_unseen_validation\trade_date=2026-07-17\exchange=NSE\symbol=BHARTIARTL\part-082854_296428-038565.parquet,34851,downloaded,34851,
2026-07-17,NSE,BHARTIARTL,raw_l2/trade_date=2026-07-17/exchange=NSE/symbol=BHARTIARTL/part-082923_266215-038629.parquet,real_data_sample\l2_unseen_validation\trade_date=2026-07-17\exchange=NSE\symbol=BHARTIARTL\part-082923_266215-038629.parquet,34964,downloaded,34964,
2026-07-17,NSE,BHARTIARTL,raw_l2/trade_date=2026-07-17/exchange=NSE/symbol=BHARTIARTL/part-082436_731783-037989.parquet,real_data_sample\l2_unseen_validation\trade_date=2026-07-17\exchange=NSE\symbol=BHARTIARTL\part-082436_731783-037989.parquet,34895,downloaded,34895,
2026-07-17,NSE,BHARTIARTL,raw_l2/trade_date=2026-07-17/exchange=NSE/symbol=BHARTIARTL/part-082519_019474-038085.parquet,real_data_sample\l2_unseen_validation\trade_date=2026-07-17\exchange=NSE\symbol=BHARTIARTL\part-082519_019474-038085.parquet,36132,downloaded,36132,
2026-07-17,NSE,BHARTIARTL,raw_l2/trade_date=2026-07-17/exchange=NSE/symbol=BHARTIARTL/part-082908_805429-038597.parquet,real_data_sample\l2_unseen_validation\trade_date=2026-07-17\exchange=NSE\symbol=BHARTIARTL\part-082908_805429-038597.parquet,34875,downloaded,34875,
2026-07-17,NSE,BHARTIARTL,raw_l2/trade_date=2026-07-17/exchange=NSE/symbol=BHARTIARTL/part-082810_785000-038469.parquet,real_data_sample\l2_unseen_validation\trade_date=2026-07-17\exchange=NSE\symbol=BHARTIARTL\part-082810_785000-038469.parquet,34961,downloaded,34961,
2026-07-17,NSE,BHARTIARTL,raw_l2/trade_date=2026-07-17/exchange=NSE/symbol=BHARTIARTL/part-082825_312055-038501.parquet,real_data_sample\l2_unseen_validation\trade_date=2026-07-17\exchange=NSE\symbol=BHARTIARTL\part-082825_312055-038501.parquet,34705,downloaded,34705,
2026-07-17,NSE,BHARTIARTL,raw_l2/trade_date=2026-07-17/exchange=NSE/symbol=BHARTIARTL/part-083104_658240-038853.parquet,real_data_sample\l2_unseen_validation\trade_date=2026-07-17\exchange=NSE\symbol=BHARTIARTL\part-083104_658240-038853.parquet,34826,downloaded,34826,
2026-07-17,NSE,BHARTIARTL,raw_l2/trade_date=2026-07-17/exchange=NSE/symbol=BHARTIARTL/part-083050_293740-038821.parquet,real_data_sample\l2_unseen_validation\trade_date=2026-07-17\exchange=NSE\symbol=BHARTIARTL\part-083050_293740-038821.parquet,34896,downloaded,34896,
2026-07-17,NSE,BHARTIARTL,raw_l2/trade_date=2026-07-17/exchange=NSE/symbol=BHARTIARTL/part-083035_767566-038789.parquet,real_data_sample\l2_unseen_validation\trade_date=2026-07-17\exchange=NSE\symbol=BHARTIARTL\part-083035_767566-038789.parquet,34923,downloaded,34923,
2026-07-17,NSE,BHARTIARTL,raw_l2/trade_date=2026-07-17/exchange=NSE/symbol=BHARTIARTL/part-083119_571694-038885.parquet,real_data_sample\l2_unseen_validation\trade_date=2026-07-17\exchange=NSE\symbol=BHARTIARTL\part-083119_571694-038885.parquet,34694,downloaded,34694,
2026-07-17,NSE,BHARTIARTL,raw_l2/trade_date=2026-07-17/exchange=NSE/symbol=BHARTIARTL/part-083007_032947-038725.parquet,real_data_sample\l2_unseen_validation\trade_date=2026-07-17\exchange=NSE\symbol=BHARTIARTL\part-083007_032947-038725.parquet,34805,downloaded,34805,
2026-07-17,NSE,BHARTIARTL,raw_l2/trade_date=2026-07-17/exchange=NSE/symbol=BHARTIARTL/part-083021_497287-038757.parquet,real_data_sample\l2_unseen_validation\trade_date=2026-07-17\exchange=NSE\symbol=BHARTIARTL\part-083021_497287-038757.parquet,34950,downloaded,34950,
2026-07-17,NSE,BHARTIARTL,raw_l2/trade_date=2026-07-17/exchange=NSE/symbol=BHARTIARTL/part-082952_307802-038693.parquet,real_data_sample\l2_unseen_validation\trade_date=2026-07-17\exchange=NSE\symbol=BHARTIARTL\part-082952_307802-038693.parquet,34883,downloaded,34883,
2026-07-17,NSE,BHARTIARTL,raw_l2/trade_date=2026-07-17/exchange=NSE/symbol=BHARTIARTL/part-083359_283639-039237.parquet,real_data_sample\l2_unseen_validation\trade_date=2026-07-17\exchange=NSE\symbol=BHARTIARTL\part-083359_283639-039237.parquet,35007,downloaded,35007,
2026-07-17,NSE,BHARTIARTL,raw_l2/trade_date=2026-07-17/exchange=NSE/symbol=BHARTIARTL/part-083330_566295-039173.parquet,real_data_sample\l2_unseen_validation\trade_date=2026-07-17\exchange=NSE\symbol=BHARTIARTL\part-083330_566295-039173.parquet,34983,downloaded,34983,
2026-07-17,NSE,BHARTIARTL,raw_l2/trade_date=2026-07-17/exchange=NSE/symbol=BHARTIARTL/part-083427_771379-039301.parquet,real_data_sample\l2_unseen_validation\trade_date=2026-07-17\exchange=NSE\symbol=BHARTIARTL\part-083427_771379-039301.parquet,34623,downloaded,34623,
2026-07-17,NSE,BHARTIARTL,raw_l2/trade_date=2026-07-17/exchange=NSE/symbol=BHARTIARTL/part-083511_013108-039397.parquet,real_data_sample\l2_unseen_validation\trade_date=2026-07-17\exchange=NSE\symbol=BHARTIARTL\part-083511_013108-039397.parquet,34757,downloaded,34757,
2026-07-17,NSE,BHARTIARTL,raw_l2/trade_date=2026-07-17/exchange=NSE/symbol=BHARTIARTL/part-083456_504988-039365.parquet,real_data_sample\l2_unseen_validation\trade_date=2026-07-17\exchange=NSE\symbol=BHARTIARTL\part-083456_504988-039365.parquet,34714,downloaded,34714,
2026-07-17,NSE,BHARTIARTL,raw_l2/trade_date=2026-07-17/exchange=NSE/symbol=BHARTIARTL/part-083344_782312-039205.parquet,real_data_sample\l2_unseen_validation\trade_date=2026-07-17\exchange=NSE\symbol=BHARTIARTL\part-083344_782312-039205.parquet,35057,downloaded,35057,
2026-07-17,NSE,BHARTIARTL,raw_l2/trade_date=2026-07-17/exchange=NSE/symbol=BHARTIARTL/part-082450_984684-038021.parquet,real_data_sample\l2_unseen_validation\trade_date=2026-07-17\exchange=NSE\symbol=BHARTIARTL\part-082450_984684-038021.parquet,35035,downloaded,35035,
2026-07-17,NSE,BHARTIARTL,raw_l2/trade_date=2026-07-17/exchange=NSE/symbol=BHARTIARTL/part-083148_824601-038949.parquet,real_data_sample\l2_unseen_validation\trade_date=2026-07-17\exchange=NSE\symbol=BHARTIARTL\part-083148_824601-038949.parquet,34992,downloaded,34992,
2026-07-17,NSE,BHARTIARTL,raw_l2/trade_date=2026-07-17/exchange=NSE/symbol=BHARTIARTL/part-083413_534067-039269.parquet,real_data_sample\l2_unseen_validation\trade_date=2026-07-17\exchange=NSE\symbol=BHARTIARTL\part-083413_534067-039269.parquet,34801,downloaded,34801,
2026-07-17,NSE,BHARTIARTL,raw_l2/trade_date=2026-07-17/exchange=NSE/symbol=BHARTIARTL/part-083134_054694-038917.parquet,real_data_sample\l2_unseen_validation\trade_date=2026-07-17\exchange=NSE\symbol=BHARTIARTL\part-083134_054694-038917.parquet,34946,downloaded,34946,
2026-07-17,NSE,BHARTIARTL,raw_l2/trade_date=2026-07-17/exchange=NSE/symbol=BHARTIARTL/part-083442_250971-039333.parquet,real_data_sample\l2_unseen_validation\trade_date=2026-07-17\exchange=NSE\symbol=BHARTIARTL\part-083442_250971-039333.parquet,34858,downloaded,34858,
2026-07-17,NSE,BHARTIARTL,raw_l2/trade_date=2026-07-17/exchange=NSE/symbol=BHARTIARTL/part-083246_790798-039077.parquet,real_data_sample\l2_unseen_validation\trade_date=2026-07-17\exchange=NSE\symbol=BHARTIARTL\part-083246_790798-039077.parquet,34898,downloaded,34898,
2026-07-17,NSE,BHARTIARTL,raw_l2/trade_date=2026-07-17/exchange=NSE/symbol=BHARTIARTL/part-083203_002645-038981.parquet,real_data_sample\l2_unseen_validation\trade_date=2026-07-17\exchange=NSE\symbol=BHARTIARTL\part-083203_002645-038981.parquet,34743,downloaded,34743,
2026-07-17,NSE,BHARTIARTL,raw_l2/trade_date=2026-07-17/exchange=NSE/symbol=BHARTIARTL/part-083217_514263-039013.parquet,real_data_sample\l2_unseen_validation\trade_date=2026-07-17\exchange=NSE\symbol=BHARTIARTL\part-083217_514263-039013.parquet,34723,downloaded,34723,
2026-07-17,NSE,BHARTIARTL,raw_l2/trade_date=2026-07-17/exchange=NSE/symbol=BHARTIARTL/part-083525_233404-039429.parquet,real_data_sample\l2_unseen_validation\trade_date=2026-07-17\exchange=NSE\symbol=BHARTIARTL\part-083525_233404-039429.parquet,34747,downloaded,34747,
2026-07-17,NSE,BHARTIARTL,raw_l2/trade_date=2026-07-17/exchange=NSE/symbol=BHARTIARTL/part-083232_279744-039045.parquet,real_data_sample\l2_unseen_validation\trade_date=2026-07-17\exchange=NSE\symbol=BHARTIARTL\part-083232_279744-039045.parquet,34723,downloaded,34723,
2026-07-17,NSE,BHARTIARTL,raw_l2/trade_date=2026-07-17/exchange=NSE/symbol=BHARTIARTL/part-083316_271476-039141.parquet,real_data_sample\l2_unseen_validation\trade_date=2026-07-17\exchange=NSE\symbol=BHARTIARTL\part-083316_271476-039141.parquet,34841,downloaded,34841,
2026-07-17,NSE,BHARTIARTL,raw_l2/trade_date=2026-07-17/exchange=NSE/symbol=BHARTIARTL/part-083607_494297-039525.parquet,real_data_sample\l2_unseen_validation\trade_date=2026-07-17\exchange=NSE\symbol=BHARTIARTL\part-083607_494297-039525.parquet,34915,downloaded,34915,
2026-07-17,NSE,BHARTIARTL,raw_l2/trade_date=2026-07-17/exchange=NSE/symbol=BHARTIARTL/part-083301_536485-039109.parquet,real_data_sample\l2_unseen_validation\trade_date=2026-07-17\exchange=NSE\symbol=BHARTIARTL\part-083301_536485-039109.parquet,34915,downloaded,34915,
2026-07-17,NSE,BHARTIARTL,raw_l2/trade_date=2026-07-17/exchange=NSE/symbol=BHARTIARTL/part-083539_262414-039461.parquet,real_data_sample\l2_unseen_validation\trade_date=2026-07-17\exchange=NSE\symbol=BHARTIARTL\part-083539_262414-039461.parquet,34777,downloaded,34777,
2026-07-17,NSE,BHARTIARTL,raw_l2/trade_date=2026-07-17/exchange=NSE/symbol=BHARTIARTL/part-083553_512159-039493.parquet,real_data_sample\l2_unseen_validation\trade_date=2026-07-17\exchange=NSE\symbol=BHARTIARTL\part-083553_512159-039493.parquet,35066,downloaded,35066,
2026-07-17,NSE,BHARTIARTL,raw_l2/trade_date=2026-07-17/exchange=NSE/symbol=BHARTIARTL/part-082937_791850-038661.parquet,real_data_sample\l2_unseen_validation\trade_date=2026-07-17\exchange=NSE\symbol=BHARTIARTL\part-082937_791850-038661.parquet,34984,downloaded,34984,
2026-07-17,NSE,BHARTIARTL,raw_l2/trade_date=2026-07-17/exchange=NSE/symbol=BHARTIARTL/part-084150_756512-040293.parquet,real_data_sample\l2_unseen_validation\trade_date=2026-07-17\exchange=NSE\symbol=BHARTIARTL\part-084150_756512-040293.parquet,34705,downloaded,34705,
2026-07-17,NSE,BHARTIARTL,raw_l2/trade_date=2026-07-17/exchange=NSE/symbol=BHARTIARTL/part-083650_487937-039621.parquet,real_data_sample\l2_unseen_validation\trade_date=2026-07-17\exchange=NSE\symbol=BHARTIARTL\part-083650_487937-039621.parquet,34880,downloaded,34880,
2026-07-17,NSE,BHARTIARTL,raw_l2/trade_date=2026-07-17/exchange=NSE/symbol=BHARTIARTL/part-083927_540254-039973.parquet,real_data_sample\l2_unseen_validation\trade_date=2026-07-17\exchange=NSE\symbol=BHARTIARTL\part-083927_540254-039973.parquet,34747,downloaded,34747,
2026-07-17,NSE,BHARTIARTL,raw_l2/trade_date=2026-07-17/exchange=NSE/symbol=BHARTIARTL/part-083704_733250-039653.parquet,real_data_sample\l2_unseen_validation\trade_date=2026-07-17\exchange=NSE\symbol=BHARTIARTL\part-083704_733250-039653.parquet,35068,downloaded,35068,
2026-07-17,NSE,BHARTIARTL,raw_l2/trade_date=2026-07-17/exchange=NSE/symbol=BHARTIARTL/part-083858_809209-039909.parquet,real_data_sample\l2_unseen_validation\trade_date=2026-07-17\exchange=NSE\symbol=BHARTIARTL\part-083858_809209-039909.parquet,34807,downloaded,34807,
2026-07-17,NSE,BHARTIARTL,raw_l2/trade_date=2026-07-17/exchange=NSE/symbol=BHARTIARTL/part-083913_229587-039941.parquet,real_data_sample\l2_unseen_validation\trade_date=2026-07-17\exchange=NSE\symbol=BHARTIARTL\part-083913_229587-039941.parquet,35005,downloaded,35005,
2026-07-17,NSE,BHARTIARTL,raw_l2/trade_date=2026-07-17/exchange=NSE/symbol=BHARTIARTL/part-083941_807660-040005.parquet,real_data_sample\l2_unseen_validation\trade_date=2026-07-17\exchange=NSE\symbol=BHARTIARTL\part-083941_807660-040005.parquet,35040,downloaded,35040,
2026-07-17,NSE,BHARTIARTL,raw_l2/trade_date=2026-07-17/exchange=NSE/symbol=BHARTIARTL/part-084039_036089-040133.parquet,real_data_sample\l2_unseen_validation\trade_date=2026-07-17\exchange=NSE\symbol=BHARTIARTL\part-084039_036089-040133.parquet,34775,downloaded,34775,
2026-07-17,NSE,BHARTIARTL,raw_l2/trade_date=2026-07-17/exchange=NSE/symbol=BHARTIARTL/part-083844_493057-039877.parquet,real_data_sample\l2_unseen_validation\trade_date=2026-07-17\exchange=NSE\symbol=BHARTIARTL\part-083844_493057-039877.parquet,34831,downloaded,34831,
2026-07-17,NSE,BHARTIARTL,raw_l2/trade_date=2026-07-17/exchange=NSE/symbol=BHARTIARTL/part-083718_823971-039685.parquet,real_data_sample\l2_unseen_validation\trade_date=2026-07-17\exchange=NSE\symbol=BHARTIARTL\part-083718_823971-039685.parquet,34940,downloaded,34940,
2026-07-17,NSE,BHARTIARTL,raw_l2/trade_date=2026-07-17/exchange=NSE/symbol=BHARTIARTL/part-084219_513382-040357.parquet,real_data_sample\l2_unseen_validation\trade_date=2026-07-17\exchange=NSE\symbol=BHARTIARTL\part-084219_513382-040357.parquet,35047,downloaded,35047,
2026-07-17,NSE,BHARTIARTL,raw_l2/trade_date=2026-07-17/exchange=NSE/symbol=BHARTIARTL/part-084233_811196-040389.parquet,real_data_sample\l2_unseen_validation\trade_date=2026-07-17\exchange=NSE\symbol=BHARTIARTL\part-084233_811196-040389.parquet,35021,downloaded,35021,
2026-07-17,NSE,BHARTIARTL,raw_l2/trade_date=2026-07-17/exchange=NSE/symbol=BHARTIARTL/part-083815_817187-039813.parquet,real_data_sample\l2_unseen_validation\trade_date=2026-07-17\exchange=NSE\symbol=BHARTIARTL\part-083815_817187-039813.parquet,34818,downloaded,34818,
2026-07-17,NSE,BHARTIARTL,raw_l2/trade_date=2026-07-17/exchange=NSE/symbol=BHARTIARTL/part-083747_223567-039749.parquet,real_data_sample\l2_unseen_validation\trade_date=2026-07-17\exchange=NSE\symbol=BHARTIARTL\part-083747_223567-039749.parquet,34755,downloaded,34755,
2026-07-17,NSE,BHARTIARTL,raw_l2/trade_date=2026-07-17/exchange=NSE/symbol=BHARTIARTL/part-084136_296833-040261.parquet,real_data_sample\l2_unseen_validation\trade_date=2026-07-17\exchange=NSE\symbol=BHARTIARTL\part-084136_296833-040261.parquet,34938,downloaded,34938,
2026-07-17,NSE,BHARTIARTL,raw_l2/trade_date=2026-07-17/exchange=NSE/symbol=BHARTIARTL/part-084302_498395-040453.parquet,real_data_sample\l2_unseen_validation\trade_date=2026-07-17\exchange=NSE\symbol=BHARTIARTL\part-084302_498395-040453.parquet,34900,downloaded,34900,
2026-07-17,NSE,BHARTIARTL,raw_l2/trade_date=2026-07-17/exchange=NSE/symbol=BHARTIARTL/part-084205_040281-040325.parquet,real_data_sample\l2_unseen_validation\trade_date=2026-07-17\exchange=NSE\symbol=BHARTIARTL\part-084205_040281-040325.parquet,34803,downloaded,34803,
2026-07-17,NSE,BHARTIARTL,raw_l2/trade_date=2026-07-17/exchange=NSE/symbol=BHARTIARTL/part-083732_964701-039717.parquet,real_data_sample\l2_unseen_validation\trade_date=2026-07-17\exchange=NSE\symbol=BHARTIARTL\part-083732_964701-039717.parquet,34967,downloaded,34967,
2026-07-17,NSE,BHARTIARTL,raw_l2/trade_date=2026-07-17/exchange=NSE/symbol=BHARTIARTL/part-083830_079902-039845.parquet,real_data_sample\l2_unseen_validation\trade_date=2026-07-17\exchange=NSE\symbol=BHARTIARTL\part-083830_079902-039845.parquet,34791,downloaded,34791,
2026-07-17,NSE,BHARTIARTL,raw_l2/trade_date=2026-07-17/exchange=NSE/symbol=BHARTIARTL/part-084010_533657-040069.parquet,real_data_sample\l2_unseen_validation\trade_date=2026-07-17\exchange=NSE\symbol=BHARTIARTL\part-084010_533657-040069.parquet,34978,downloaded,34978,
2026-07-17,NSE,BHARTIARTL,raw_l2/trade_date=2026-07-17/exchange=NSE/symbol=BHARTIARTL/part-084248_034173-040421.parquet,real_data_sample\l2_unseen_validation\trade_date=2026-07-17\exchange=NSE\symbol=BHARTIARTL\part-084248_034173-040421.parquet,34947,downloaded,34947,
2026-07-17,NSE,BHARTIARTL,raw_l2/trade_date=2026-07-17/exchange=NSE/symbol=BHARTIARTL/part-084024_758082-040101.parquet,real_data_sample\l2_unseen_validation\trade_date=2026-07-17\exchange=NSE\symbol=BHARTIARTL\part-084024_758082-040101.parquet,34516,downloaded,34516,
2026-07-17,NSE,BHARTIARTL,raw_l2/trade_date=2026-07-17/exchange=NSE/symbol=BHARTIARTL/part-083801_581448-039781.parquet,real_data_sample\l2_unseen_validation\trade_date=2026-07-17\exchange=NSE\symbol=BHARTIARTL\part-083801_581448-039781.parquet,34757,downloaded,34757,
2026-07-17,NSE,BHARTIARTL,raw_l2/trade_date=2026-07-17/exchange=NSE/symbol=BHARTIARTL/part-084316_801668-040485.parquet,real_data_sample\l2_unseen_validation\trade_date=2026-07-17\exchange=NSE\symbol=BHARTIARTL\part-084316_801668-040485.parquet,34952,downloaded,34952,
2026-07-17,NSE,BHARTIARTL,raw_l2/trade_date=2026-07-17/exchange=NSE/symbol=BHARTIARTL/part-084053_581082-040165.parquet,real_data_sample\l2_unseen_validation\trade_date=2026-07-17\exchange=NSE\symbol=BHARTIARTL\part-084053_581082-040165.parquet,34785,downloaded,34785,
2026-07-17,NSE,BHARTIARTL,raw_l2/trade_date=2026-07-17/exchange=NSE/symbol=BHARTIARTL/part-084107_736799-040197.parquet,real_data_sample\l2_unseen_validation\trade_date=2026-07-17\exchange=NSE\symbol=BHARTIARTL\part-084107_736799-040197.parquet,35018,downloaded,35018,
2026-07-17,NSE,BHARTIARTL,raw_l2/trade_date=2026-07-17/exchange=NSE/symbol=BHARTIARTL/part-083636_260846-039589.parquet,real_data_sample\l2_unseen_validation\trade_date=2026-07-17\exchange=NSE\symbol=BHARTIARTL\part-083636_260846-039589.parquet,34836,downloaded,34836,
2026-07-17,NSE,BHARTIARTL,raw_l2/trade_date=2026-07-17/exchange=NSE/symbol=BHARTIARTL/part-084121_761175-040229.parquet,real_data_sample\l2_unseen_validation\trade_date=2026-07-17\exchange=NSE\symbol=BHARTIARTL\part-084121_761175-040229.parquet,34959,downloaded,34959,
2026-07-17,NSE,BHARTIARTL,raw_l2/trade_date=2026-07-17/exchange=NSE/symbol=BHARTIARTL/part-084345_780030-040549.parquet,real_data_sample\l2_unseen_validation\trade_date=2026-07-17\exchange=NSE\symbol=BHARTIARTL\part-084345_780030-040549.parquet,34656,downloaded,34656,
2026-07-17,NSE,BHARTIARTL,raw_l2/trade_date=2026-07-17/exchange=NSE/symbol=BHARTIARTL/part-084443_501595-040677.parquet,real_data_sample\l2_unseen_validation\trade_date=2026-07-17\exchange=NSE\symbol=BHARTIARTL\part-084443_501595-040677.parquet,34899,downloaded,34899,
2026-07-17,NSE,BHARTIARTL,raw_l2/trade_date=2026-07-17/exchange=NSE/symbol=BHARTIARTL/part-084414_583416-040613.parquet,real_data_sample\l2_unseen_validation\trade_date=2026-07-17\exchange=NSE\symbol=BHARTIARTL\part-084414_583416-040613.parquet,34856,downloaded,34856,
2026-07-17,NSE,BHARTIARTL,raw_l2/trade_date=2026-07-17/exchange=NSE/symbol=BHARTIARTL/part-084735_302794-041061.parquet,real_data_sample\l2_unseen_validation\trade_date=2026-07-17\exchange=NSE\symbol=BHARTIARTL\part-084735_302794-041061.parquet,36275,downloaded,36275,
2026-07-17,NSE,BHARTIARTL,raw_l2/trade_date=2026-07-17/exchange=NSE/symbol=BHARTIARTL/part-084804_004991-041125.parquet,real_data_sample\l2_unseen_validation\trade_date=2026-07-17\exchange=NSE\symbol=BHARTIARTL\part-084804_004991-041125.parquet,35809,downloaded,35809,
2026-07-17,NSE,BHARTIARTL,raw_l2/trade_date=2026-07-17/exchange=NSE/symbol=BHARTIARTL/part-084721_264027-041029.parquet,real_data_sample\l2_unseen_validation\trade_date=2026-07-17\exchange=NSE\symbol=BHARTIARTL\part-084721_264027-041029.parquet,35927,downloaded,35927,
2026-07-17,NSE,BHARTIARTL,raw_l2/trade_date=2026-07-17/exchange=NSE/symbol=BHARTIARTL/part-084652_789249-040965.parquet,real_data_sample\l2_unseen_validation\trade_date=2026-07-17\exchange=NSE\symbol=BHARTIARTL\part-084652_789249-040965.parquet,36518,downloaded,36518,
2026-07-17,NSE,BHARTIARTL,raw_l2/trade_date=2026-07-17/exchange=NSE/symbol=BHARTIARTL/part-084707_037212-040997.parquet,real_data_sample\l2_unseen_validation\trade_date=2026-07-17\exchange=NSE\symbol=BHARTIARTL\part-084707_037212-040997.parquet,36381,downloaded,36381,
2026-07-17,NSE,BHARTIARTL,raw_l2/trade_date=2026-07-17/exchange=NSE/symbol=BHARTIARTL/part-084945_287658-041349.parquet,real_data_sample\l2_unseen_validation\trade_date=2026-07-17\exchange=NSE\symbol=BHARTIARTL\part-084945_287658-041349.parquet,35611,downloaded,35611,
2026-07-17,NSE,BHARTIARTL,raw_l2/trade_date=2026-07-17/exchange=NSE/symbol=BHARTIARTL/part-084638_533937-040933.parquet,real_data_sample\l2_unseen_validation\trade_date=2026-07-17\exchange=NSE\symbol=BHARTIARTL\part-084638_533937-040933.parquet,36127,downloaded,36127,
2026-07-17,NSE,BHARTIARTL,raw_l2/trade_date=2026-07-17/exchange=NSE/symbol=BHARTIARTL/part-084400_303263-040581.parquet,real_data_sample\l2_unseen_validation\trade_date=2026-07-17\exchange=NSE\symbol=BHARTIARTL\part-084400_303263-040581.parquet,34868,downloaded,34868,
2026-07-17,NSE,BHARTIARTL,raw_l2/trade_date=2026-07-17/exchange=NSE/symbol=BHARTIARTL/part-084457_763113-040709.parquet,real_data_sample\l2_unseen_validation\trade_date=2026-07-17\exchange=NSE\symbol=BHARTIARTL\part-084457_763113-040709.parquet,34960,downloaded,34960,
2026-07-17,NSE,BHARTIARTL,raw_l2/trade_date=2026-07-17/exchange=NSE/symbol=BHARTIARTL/part-084429_093570-040645.parquet,real_data_sample\l2_unseen_validation\trade_date=2026-07-17\exchange=NSE\symbol=BHARTIARTL\part-084429_093570-040645.parquet,34949,downloaded,34949,
2026-07-17,NSE,BHARTIARTL,raw_l2/trade_date=2026-07-17/exchange=NSE/symbol=BHARTIARTL/part-084818_251813-041157.parquet,real_data_sample\l2_unseen_validation\trade_date=2026-07-17\exchange=NSE\symbol=BHARTIARTL\part-084818_251813-041157.parquet,36236,downloaded,36236,
2026-07-17,NSE,BHARTIARTL,raw_l2/trade_date=2026-07-17/exchange=NSE/symbol=BHARTIARTL/part-083956_013200-040037.parquet,real_data_sample\l2_unseen_validation\trade_date=2026-07-17\exchange=NSE\symbol=BHARTIARTL\part-083956_013200-040037.parquet,34685,downloaded,34685,
2026-07-17,NSE,BHARTIARTL,raw_l2/trade_date=2026-07-17/exchange=NSE/symbol=BHARTIARTL/part-084512_477186-040741.parquet,real_data_sample\l2_unseen_validation\trade_date=2026-07-17\exchange=NSE\symbol=BHARTIARTL\part-084512_477186-040741.parquet,34799,downloaded,34799,
2026-07-17,NSE,BHARTIARTL,raw_l2/trade_date=2026-07-17/exchange=NSE/symbol=BHARTIARTL/part-084915_917101-041285.parquet,real_data_sample\l2_unseen_validation\trade_date=2026-07-17\exchange=NSE\symbol=BHARTIARTL\part-084915_917101-041285.parquet,36409,downloaded,36409,
2026-07-17,NSE,BHARTIARTL,raw_l2/trade_date=2026-07-17/exchange=NSE/symbol=BHARTIARTL/part-084847_035837-041221.parquet,real_data_sample\l2_unseen_validation\trade_date=2026-07-17\exchange=NSE\symbol=BHARTIARTL\part-084847_035837-041221.parquet,35470,downloaded,35470,
2026-07-17,NSE,BHARTIARTL,raw_l2/trade_date=2026-07-17/exchange=NSE/symbol=BHARTIARTL/part-084901_535537-041253.parquet,real_data_sample\l2_unseen_validation\trade_date=2026-07-17\exchange=NSE\symbol=BHARTIARTL\part-084901_535537-041253.parquet,35888,downloaded,35888,
2026-07-17,NSE,BHARTIARTL,raw_l2/trade_date=2026-07-17/exchange=NSE/symbol=BHARTIARTL/part-084832_589936-041189.parquet,real_data_sample\l2_unseen_validation\trade_date=2026-07-17\exchange=NSE\symbol=BHARTIARTL\part-084832_589936-041189.parquet,35488,downloaded,35488,
2026-07-17,NSE,BHARTIARTL,raw_l2/trade_date=2026-07-17/exchange=NSE/symbol=BHARTIARTL/part-084749_780869-041093.parquet,real_data_sample\l2_unseen_validation\trade_date=2026-07-17\exchange=NSE\symbol=BHARTIARTL\part-084749_780869-041093.parquet,35995,downloaded,35995,
2026-07-17,NSE,BHARTIARTL,raw_l2/trade_date=2026-07-17/exchange=NSE/symbol=BHARTIARTL/part-084555_493723-040837.parquet,real_data_sample\l2_unseen_validation\trade_date=2026-07-17\exchange=NSE\symbol=BHARTIARTL\part-084555_493723-040837.parquet,34753,downloaded,34753,
2026-07-17,NSE,BHARTIARTL,raw_l2/trade_date=2026-07-17/exchange=NSE/symbol=BHARTIARTL/part-084930_766410-041317.parquet,real_data_sample\l2_unseen_validation\trade_date=2026-07-17\exchange=NSE\symbol=BHARTIARTL\part-084930_766410-041317.parquet,35622,downloaded,35622,
2026-07-17,NSE,BHARTIARTL,raw_l2/trade_date=2026-07-17/exchange=NSE/symbol=BHARTIARTL/part-084610_028273-040869.parquet,real_data_sample\l2_unseen_validation\trade_date=2026-07-17\exchange=NSE\symbol=BHARTIARTL\part-084610_028273-040869.parquet,34510,downloaded,34510,
2026-07-17,NSE,BHARTIARTL,raw_l2/trade_date=2026-07-17/exchange=NSE/symbol=BHARTIARTL/part-084526_870934-040773.parquet,real_data_sample\l2_unseen_validation\trade_date=2026-07-17\exchange=NSE\symbol=BHARTIARTL\part-084526_870934-040773.parquet,34774,downloaded,34774,
2026-07-17,NSE,BHARTIARTL,raw_l2/trade_date=2026-07-17/exchange=NSE/symbol=BHARTIARTL/part-084541_288786-040805.parquet,real_data_sample\l2_unseen_validation\trade_date=2026-07-17\exchange=NSE\symbol=BHARTIARTL\part-084541_288786-040805.parquet,34736,downloaded,34736,
2026-07-17,NSE,BHARTIARTL,raw_l2/trade_date=2026-07-17/exchange=NSE/symbol=BHARTIARTL/part-084624_260473-040901.parquet,real_data_sample\l2_unseen_validation\trade_date=2026-07-17\exchange=NSE\symbol=BHARTIARTL\part-084624_260473-040901.parquet,36648,downloaded,36648,
2026-07-17,NSE,BHARTIARTL,raw_l2/trade_date=2026-07-17/exchange=NSE/symbol=BHARTIARTL/part-085014_267792-041413.parquet,real_data_sample\l2_unseen_validation\trade_date=2026-07-17\exchange=NSE\symbol=BHARTIARTL\part-085014_267792-041413.parquet,35332,downloaded,35332,
2026-07-17,NSE,BHARTIARTL,raw_l2/trade_date=2026-07-17/exchange=NSE/symbol=BHARTIARTL/part-085028_634965-041445.parquet,real_data_sample\l2_unseen_validation\trade_date=2026-07-17\exchange=NSE\symbol=BHARTIARTL\part-085028_634965-041445.parquet,34746,downloaded,34746,
2026-07-17,NSE,BHARTIARTL,raw_l2/trade_date=2026-07-17/exchange=NSE/symbol=BHARTIARTL/part-084331_272347-040517.parquet,real_data_sample\l2_unseen_validation\trade_date=2026-07-17\exchange=NSE\symbol=BHARTIARTL\part-084331_272347-040517.parquet,34974,downloaded,34974,
2026-07-17,NSE,BHARTIARTL,raw_l2/trade_date=2026-07-17/exchange=NSE/symbol=BHARTIARTL/part-084959_738266-041381.parquet,real_data_sample\l2_unseen_validation\trade_date=2026-07-17\exchange=NSE\symbol=BHARTIARTL\part-084959_738266-041381.parquet,35970,downloaded,35970,
2026-07-17,NSE,BHARTIARTL,raw_l2/trade_date=2026-07-17/exchange=NSE/symbol=BHARTIARTL/part-085112_014337-041541.parquet,real_data_sample\l2_unseen_validation\trade_date=2026-07-17\exchange=NSE\symbol=BHARTIARTL\part-085112_014337-041541.parquet,34722,downloaded,34722,
2026-07-17,NSE,BHARTIARTL,raw_l2/trade_date=2026-07-17/exchange=NSE/symbol=BHARTIARTL/part-085450_763187-042021.parquet,real_data_sample\l2_unseen_validation\trade_date=2026-07-17\exchange=NSE\symbol=BHARTIARTL\part-085450_763187-042021.parquet,34859,downloaded,34859,
2026-07-17,NSE,BHARTIARTL,raw_l2/trade_date=2026-07-17/exchange=NSE/symbol=BHARTIARTL/part-085126_527062-041573.parquet,real_data_sample\l2_unseen_validation\trade_date=2026-07-17\exchange=NSE\symbol=BHARTIARTL\part-085126_527062-041573.parquet,34736,downloaded,34736,
2026-07-17,NSE,BHARTIARTL,raw_l2/trade_date=2026-07-17/exchange=NSE/symbol=BHARTIARTL/part-085519_271745-042085.parquet,real_data_sample\l2_unseen_validation\trade_date=2026-07-17\exchange=NSE\symbol=BHARTIARTL\part-085519_271745-042085.parquet,34770,downloaded,34770,
2026-07-17,NSE,BHARTIARTL,raw_l2/trade_date=2026-07-17/exchange=NSE/symbol=BHARTIARTL/part-085057_271098-041509.parquet,real_data_sample\l2_unseen_validation\trade_date=2026-07-17\exchange=NSE\symbol=BHARTIARTL\part-085057_271098-041509.parquet,34823,downloaded,34823,
2026-07-17,NSE,BHARTIARTL,raw_l2/trade_date=2026-07-17/exchange=NSE/symbol=BHARTIARTL/part-085224_581810-041701.parquet,real_data_sample\l2_unseen_validation\trade_date=2026-07-17\exchange=NSE\symbol=BHARTIARTL\part-085224_581810-041701.parquet,35769,downloaded,35769,
2026-07-17,NSE,BHARTIARTL,raw_l2/trade_date=2026-07-17/exchange=NSE/symbol=BHARTIARTL/part-085042_775262-041477.parquet,real_data_sample\l2_unseen_validation\trade_date=2026-07-17\exchange=NSE\symbol=BHARTIARTL\part-085042_775262-041477.parquet,34745,downloaded,34745,
2026-07-17,NSE,BHARTIARTL,raw_l2/trade_date=2026-07-17/exchange=NSE/symbol=BHARTIARTL/part-085239_270273-041733.parquet,real_data_sample\l2_unseen_validation\trade_date=2026-07-17\exchange=NSE\symbol=BHARTIARTL\part-085239_270273-041733.parquet,35598,downloaded,35598,
2026-07-17,NSE,BHARTIARTL,raw_l2/trade_date=2026-07-17/exchange=NSE/symbol=BHARTIARTL/part-085533_520425-042117.parquet,real_data_sample\l2_unseen_validation\trade_date=2026-07-17\exchange=NSE\symbol=BHARTIARTL\part-085533_520425-042117.parquet,34625,downloaded,34625,
2026-07-17,NSE,BHARTIARTL,raw_l2/trade_date=2026-07-17/exchange=NSE/symbol=BHARTIARTL/part-085210_041880-041669.parquet,real_data_sample\l2_unseen_validation\trade_date=2026-07-17\exchange=NSE\symbol=BHARTIARTL\part-085210_041880-041669.parquet,34717,downloaded,34717,
2026-07-17,NSE,BHARTIARTL,raw_l2/trade_date=2026-07-17/exchange=NSE/symbol=BHARTIARTL/part-085140_807133-041605.parquet,real_data_sample\l2_unseen_validation\trade_date=2026-07-17\exchange=NSE\symbol=BHARTIARTL\part-085140_807133-041605.parquet,34805,downloaded,34805,
2026-07-17,NSE,BHARTIARTL,raw_l2/trade_date=2026-07-17/exchange=NSE/symbol=BHARTIARTL/part-085155_291871-041637.parquet,real_data_sample\l2_unseen_validation\trade_date=2026-07-17\exchange=NSE\symbol=BHARTIARTL\part-085155_291871-041637.parquet,34718,downloaded,34718,
2026-07-17,NSE,BHARTIARTL,raw_l2/trade_date=2026-07-17/exchange=NSE/symbol=BHARTIARTL/part-085254_096487-041765.parquet,real_data_sample\l2_unseen_validation\trade_date=2026-07-17\exchange=NSE\symbol=BHARTIARTL\part-085254_096487-041765.parquet,35958,downloaded,35958,
2026-07-17,NSE,BHARTIARTL,raw_l2/trade_date=2026-07-17/exchange=NSE/symbol=BHARTIARTL/part-085308_964489-041797.parquet,real_data_sample\l2_unseen_validation\trade_date=2026-07-17\exchange=NSE\symbol=BHARTIARTL\part-085308_964489-041797.parquet,35701,downloaded,35701,
2026-07-17,NSE,BHARTIARTL,raw_l2/trade_date=2026-07-17/exchange=NSE/symbol=BHARTIARTL/part-085339_280590-041861.parquet,real_data_sample\l2_unseen_validation\trade_date=2026-07-17\exchange=NSE\symbol=BHARTIARTL\part-085339_280590-041861.parquet,34684,downloaded,34684,
2026-07-17,NSE,BHARTIARTL,raw_l2/trade_date=2026-07-17/exchange=NSE/symbol=BHARTIARTL/part-085324_265055-041829.parquet,real_data_sample\l2_unseen_validation\trade_date=2026-07-17\exchange=NSE\symbol=BHARTIARTL\part-085324_265055-041829.parquet,34638,downloaded,34638,
2026-07-17,NSE,BHARTIARTL,raw_l2/trade_date=2026-07-17/exchange=NSE/symbol=BHARTIARTL/part-085505_129366-042053.parquet,real_data_sample\l2_unseen_validation\trade_date=2026-07-17\exchange=NSE\symbol=BHARTIARTL\part-085505_129366-042053.parquet,34989,downloaded,34989,
2026-07-17,NSE,BHARTIARTL,raw_l2/trade_date=2026-07-17/exchange=NSE/symbol=BHARTIARTL/part-085630_276145-042245.parquet,real_data_sample\l2_unseen_validation\trade_date=2026-07-17\exchange=NSE\symbol=BHARTIARTL\part-085630_276145-042245.parquet,34815,downloaded,34815,
2026-07-17,NSE,BHARTIARTL,raw_l2/trade_date=2026-07-17/exchange=NSE/symbol=BHARTIARTL/part-085601_996550-042181.parquet,real_data_sample\l2_unseen_validation\trade_date=2026-07-17\exchange=NSE\symbol=BHARTIARTL\part-085601_996550-042181.parquet,34771,downloaded,34771,
2026-07-17,NSE,BHARTIARTL,raw_l2/trade_date=2026-07-17/exchange=NSE/symbol=BHARTIARTL/part-085616_004738-042213.parquet,real_data_sample\l2_unseen_validation\trade_date=2026-07-17\exchange=NSE\symbol=BHARTIARTL\part-085616_004738-042213.parquet,34757,downloaded,34757,
2026-07-17,NSE,BHARTIARTL,raw_l2/trade_date=2026-07-17/exchange=NSE/symbol=BHARTIARTL/part-085422_009868-041957.parquet,real_data_sample\l2_unseen_validation\trade_date=2026-07-17\exchange=NSE\symbol=BHARTIARTL\part-085422_009868-041957.parquet,34708,downloaded,34708,
2026-07-17,NSE,BHARTIARTL,raw_l2/trade_date=2026-07-17/exchange=NSE/symbol=BHARTIARTL/part-085644_501818-042277.parquet,real_data_sample\l2_unseen_validation\trade_date=2026-07-17\exchange=NSE\symbol=BHARTIARTL\part-085644_501818-042277.parquet,34937,downloaded,34937,
2026-07-17,NSE,BHARTIARTL,raw_l2/trade_date=2026-07-17/exchange=NSE/symbol=BHARTIARTL/part-085547_754414-042149.parquet,real_data_sample\l2_unseen_validation\trade_date=2026-07-17\exchange=NSE\symbol=BHARTIARTL\part-085547_754414-042149.parquet,34734,downloaded,34734,
2026-07-17,NSE,BHARTIARTL,raw_l2/trade_date=2026-07-17/exchange=NSE/symbol=BHARTIARTL/part-085436_286942-041989.parquet,real_data_sample\l2_unseen_validation\trade_date=2026-07-17\exchange=NSE\symbol=BHARTIARTL\part-085436_286942-041989.parquet,34750,downloaded,34750,
2026-07-17,NSE,BHARTIARTL,raw_l2/trade_date=2026-07-17/exchange=NSE/symbol=BHARTIARTL/part-085407_764664-041925.parquet,real_data_sample\l2_unseen_validation\trade_date=2026-07-17\exchange=NSE\symbol=BHARTIARTL\part-085407_764664-041925.parquet,34785,downloaded,34785,
2026-07-17,NSE,BHARTIARTL,raw_l2/trade_date=2026-07-17/exchange=NSE/symbol=BHARTIARTL/part-085658_780843-042309.parquet,real_data_sample\l2_unseen_validation\trade_date=2026-07-17\exchange=NSE\symbol=BHARTIARTL\part-085658_780843-042309.parquet,34716,downloaded,34716,
2026-07-17,NSE,BHARTIARTL,raw_l2/trade_date=2026-07-17/exchange=NSE/symbol=BHARTIARTL/part-085713_125232-042341.parquet,real_data_sample\l2_unseen_validation\trade_date=2026-07-17\exchange=NSE\symbol=BHARTIARTL\part-085713_125232-042341.parquet,34785,downloaded,34785,
2026-07-17,NSE,BHARTIARTL,raw_l2/trade_date=2026-07-17/exchange=NSE/symbol=BHARTIARTL/part-085741_542013-042405.parquet,real_data_sample\l2_unseen_validation\trade_date=2026-07-17\exchange=NSE\symbol=BHARTIARTL\part-085741_542013-042405.parquet,34733,downloaded,34733,
2026-07-17,NSE,BHARTIARTL,raw_l2/trade_date=2026-07-17/exchange=NSE/symbol=BHARTIARTL/part-085810_527720-042469.parquet,real_data_sample\l2_unseen_validation\trade_date=2026-07-17\exchange=NSE\symbol=BHARTIARTL\part-085810_527720-042469.parquet,34725,downloaded,34725,
2026-07-17,NSE,BHARTIARTL,raw_l2/trade_date=2026-07-17/exchange=NSE/symbol=BHARTIARTL/part-085908_276461-042597.parquet,real_data_sample\l2_unseen_validation\trade_date=2026-07-17\exchange=NSE\symbol=BHARTIARTL\part-085908_276461-042597.parquet,34844,downloaded,34844,
2026-07-17,NSE,BHARTIARTL,raw_l2/trade_date=2026-07-17/exchange=NSE/symbol=BHARTIARTL/part-085922_829610-042629.parquet,real_data_sample\l2_unseen_validation\trade_date=2026-07-17\exchange=NSE\symbol=BHARTIARTL\part-085922_829610-042629.parquet,34750,downloaded,34750,
2026-07-17,NSE,BHARTIARTL,raw_l2/trade_date=2026-07-17/exchange=NSE/symbol=BHARTIARTL/part-085937_593984-042661.parquet,real_data_sample\l2_unseen_validation\trade_date=2026-07-17\exchange=NSE\symbol=BHARTIARTL\part-085937_593984-042661.parquet,34774,downloaded,34774,
2026-07-17,NSE,BHARTIARTL,raw_l2/trade_date=2026-07-17/exchange=NSE/symbol=BHARTIARTL/part-085853_807303-042565.parquet,real_data_sample\l2_unseen_validation\trade_date=2026-07-17\exchange=NSE\symbol=BHARTIARTL\part-085853_807303-042565.parquet,34603,downloaded,34603,
2026-07-17,NSE,BHARTIARTL,raw_l2/trade_date=2026-07-17/exchange=NSE/symbol=BHARTIARTL/part-085756_091704-042437.parquet,real_data_sample\l2_unseen_validation\trade_date=2026-07-17\exchange=NSE\symbol=BHARTIARTL\part-085756_091704-042437.parquet,34934,downloaded,34934,
2026-07-17,NSE,BHARTIARTL,raw_l2/trade_date=2026-07-17/exchange=NSE/symbol=BHARTIARTL/part-085839_305930-042533.parquet,real_data_sample\l2_unseen_validation\trade_date=2026-07-17\exchange=NSE\symbol=BHARTIARTL\part-085839_305930-042533.parquet,34771,downloaded,34771,
2026-07-17,NSE,BHARTIARTL,raw_l2/trade_date=2026-07-17/exchange=NSE/symbol=BHARTIARTL/part-085824_781259-042501.parquet,real_data_sample\l2_unseen_validation\trade_date=2026-07-17\exchange=NSE\symbol=BHARTIARTL\part-085824_781259-042501.parquet,34697,downloaded,34697,
2026-07-17,NSE,BHARTIARTL,raw_l2/trade_date=2026-07-17/exchange=NSE/symbol=BHARTIARTL/part-090050_064412-042821.parquet,real_data_sample\l2_unseen_validation\trade_date=2026-07-17\exchange=NSE\symbol=BHARTIARTL\part-090050_064412-042821.parquet,34758,downloaded,34758,
2026-07-17,NSE,BHARTIARTL,raw_l2/trade_date=2026-07-17/exchange=NSE/symbol=BHARTIARTL/part-081951_499325-037349.parquet,real_data_sample\l2_unseen_validation\trade_date=2026-07-17\exchange=NSE\symbol=BHARTIARTL\part-081951_499325-037349.parquet,34843,downloaded,34843,
2026-07-17,NSE,BHARTIARTL,raw_l2/trade_date=2026-07-17/exchange=NSE/symbol=BHARTIARTL/part-085952_289213-042693.parquet,real_data_sample\l2_unseen_validation\trade_date=2026-07-17\exchange=NSE\symbol=BHARTIARTL\part-085952_289213-042693.parquet,34778,downloaded,34778,
2026-07-17,NSE,BHARTIARTL,raw_l2/trade_date=2026-07-17/exchange=NSE/symbol=BHARTIARTL/part-090006_782439-042725.parquet,real_data_sample\l2_unseen_validation\trade_date=2026-07-17\exchange=NSE\symbol=BHARTIARTL\part-090006_782439-042725.parquet,34818,downloaded,34818,
2026-07-17,NSE,BHARTIARTL,raw_l2/trade_date=2026-07-17/exchange=NSE/symbol=BHARTIARTL/part-090343_592008-043205.parquet,real_data_sample\l2_unseen_validation\trade_date=2026-07-17\exchange=NSE\symbol=BHARTIARTL\part-090343_592008-043205.parquet,35004,downloaded,35004,
2026-07-17,NSE,BHARTIARTL,raw_l2/trade_date=2026-07-17/exchange=NSE/symbol=BHARTIARTL/part-090133_786183-042917.parquet,real_data_sample\l2_unseen_validation\trade_date=2026-07-17\exchange=NSE\symbol=BHARTIARTL\part-090133_786183-042917.parquet,34721,downloaded,34721,
2026-07-17,NSE,BHARTIARTL,raw_l2/trade_date=2026-07-17/exchange=NSE/symbol=BHARTIARTL/part-090104_779678-042853.parquet,real_data_sample\l2_unseen_validation\trade_date=2026-07-17\exchange=NSE\symbol=BHARTIARTL\part-090104_779678-042853.parquet,34733,downloaded,34733,
2026-07-17,NSE,BHARTIARTL,raw_l2/trade_date=2026-07-17/exchange=NSE/symbol=BHARTIARTL/part-090119_320544-042885.parquet,real_data_sample\l2_unseen_validation\trade_date=2026-07-17\exchange=NSE\symbol=BHARTIARTL\part-090119_320544-042885.parquet,34723,downloaded,34723,
2026-07-17,NSE,BHARTIARTL,raw_l2/trade_date=2026-07-17/exchange=NSE/symbol=BHARTIARTL/part-090259_809339-043109.parquet,real_data_sample\l2_unseen_validation\trade_date=2026-07-17\exchange=NSE\symbol=BHARTIARTL\part-090259_809339-043109.parquet,34625,downloaded,34625,
2026-07-17,NSE,BHARTIARTL,raw_l2/trade_date=2026-07-17/exchange=NSE/symbol=BHARTIARTL/part-085353_490395-041893.parquet,real_data_sample\l2_unseen_validation\trade_date=2026-07-17\exchange=NSE\symbol=BHARTIARTL\part-085353_490395-041893.parquet,34727,downloaded,34727,
2026-07-17,NSE,BHARTIARTL,raw_l2/trade_date=2026-07-17/exchange=NSE/symbol=BHARTIARTL/part-090328_790414-043173.parquet,real_data_sample\l2_unseen_validation\trade_date=2026-07-17\exchange=NSE\symbol=BHARTIARTL\part-090328_790414-043173.parquet,34837,downloaded,34837,
2026-07-17,NSE,BHARTIARTL,raw_l2/trade_date=2026-07-17/exchange=NSE/symbol=BHARTIARTL/part-090314_333284-043141.parquet,real_data_sample\l2_unseen_validation\trade_date=2026-07-17\exchange=NSE\symbol=BHARTIARTL\part-090314_333284-043141.parquet,34625,downloaded,34625,
2026-07-17,NSE,BHARTIARTL,raw_l2/trade_date=2026-07-17/exchange=NSE/symbol=BHARTIARTL/part-090148_289262-042949.parquet,real_data_sample\l2_unseen_validation\trade_date=2026-07-17\exchange=NSE\symbol=BHARTIARTL\part-090148_289262-042949.parquet,34812,downloaded,34812,
2026-07-17,NSE,BHARTIARTL,raw_l2/trade_date=2026-07-17/exchange=NSE/symbol=BHARTIARTL/part-090202_528135-042981.parquet,real_data_sample\l2_unseen_validation\trade_date=2026-07-17\exchange=NSE\symbol=BHARTIARTL\part-090202_528135-042981.parquet,34980,downloaded,34980,
2026-07-17,NSE,BHARTIARTL,raw_l2/trade_date=2026-07-17/exchange=NSE/symbol=BHARTIARTL/part-090035_561212-042789.parquet,real_data_sample\l2_unseen_validation\trade_date=2026-07-17\exchange=NSE\symbol=BHARTIARTL\part-090035_561212-042789.parquet,34721,downloaded,34721,
2026-07-17,NSE,BHARTIARTL,raw_l2/trade_date=2026-07-17/exchange=NSE/symbol=BHARTIARTL/part-090216_741938-043013.parquet,real_data_sample\l2_unseen_validation\trade_date=2026-07-17\exchange=NSE\symbol=BHARTIARTL\part-090216_741938-043013.parquet,34718,downloaded,34718,
2026-07-17,NSE,BHARTIARTL,raw_l2/trade_date=2026-07-17/exchange=NSE/symbol=BHARTIARTL/part-090021_332870-042757.parquet,real_data_sample\l2_unseen_validation\trade_date=2026-07-17\exchange=NSE\symbol=BHARTIARTL\part-090021_332870-042757.parquet,34819,downloaded,34819,
2026-07-17,NSE,BHARTIARTL,raw_l2/trade_date=2026-07-17/exchange=NSE/symbol=BHARTIARTL/part-090245_535482-043077.parquet,real_data_sample\l2_unseen_validation\trade_date=2026-07-17\exchange=NSE\symbol=BHARTIARTL\part-090245_535482-043077.parquet,34647,downloaded,34647,
2026-07-17,NSE,BHARTIARTL,raw_l2/trade_date=2026-07-17/exchange=NSE/symbol=BHARTIARTL/part-090231_051774-043045.parquet,real_data_sample\l2_unseen_validation\trade_date=2026-07-17\exchange=NSE\symbol=BHARTIARTL\part-090231_051774-043045.parquet,34664,downloaded,34664,
2026-07-17,NSE,BHARTIARTL,raw_l2/trade_date=2026-07-17/exchange=NSE/symbol=BHARTIARTL/part-090358_477556-043237.parquet,real_data_sample\l2_unseen_validation\trade_date=2026-07-17\exchange=NSE\symbol=BHARTIARTL\part-090358_477556-043237.parquet,34751,downloaded,34751,
2026-07-17,NSE,BHARTIARTL,raw_l2/trade_date=2026-07-17/exchange=NSE/symbol=BHARTIARTL/part-083621_983717-039557.parquet,real_data_sample\l2_unseen_validation\trade_date=2026-07-17\exchange=NSE\symbol=BHARTIARTL\part-083621_983717-039557.parquet,35012,downloaded,35012,
2026-07-17,NSE,BHARTIARTL,raw_l2/trade_date=2026-07-17/exchange=NSE/symbol=BHARTIARTL/part-085727_235248-042373.parquet,real_data_sample\l2_unseen_validation\trade_date=2026-07-17\exchange=NSE\symbol=BHARTIARTL\part-085727_235248-042373.parquet,34733,downloaded,34733,
2026-07-17,NSE,BHARTIARTL,raw_l2/trade_date=2026-07-17/exchange=NSE/symbol=BHARTIARTL/part-090554_481909-043493.parquet,real_data_sample\l2_unseen_validation\trade_date=2026-07-17\exchange=NSE\symbol=BHARTIARTL\part-090554_481909-043493.parquet,34816,downloaded,34816,
2026-07-17,NSE,BHARTIARTL,raw_l2/trade_date=2026-07-17/exchange=NSE/symbol=BHARTIARTL/part-090456_559610-043365.parquet,real_data_sample\l2_unseen_validation\trade_date=2026-07-17\exchange=NSE\symbol=BHARTIARTL\part-090456_559610-043365.parquet,34563,downloaded,34563,
2026-07-17,NSE,BHARTIARTL,raw_l2/trade_date=2026-07-17/exchange=NSE/symbol=BHARTIARTL/part-090412_722435-043269.parquet,real_data_sample\l2_unseen_validation\trade_date=2026-07-17\exchange=NSE\symbol=BHARTIARTL\part-090412_722435-043269.parquet,34757,downloaded,34757,
2026-07-17,NSE,BHARTIARTL,raw_l2/trade_date=2026-07-17/exchange=NSE/symbol=BHARTIARTL/part-090441_791872-043333.parquet,real_data_sample\l2_unseen_validation\trade_date=2026-07-17\exchange=NSE\symbol=BHARTIARTL\part-090441_791872-043333.parquet,34778,downloaded,34778,
2026-07-17,NSE,BHARTIARTL,raw_l2/trade_date=2026-07-17/exchange=NSE/symbol=BHARTIARTL/part-090623_285154-043557.parquet,real_data_sample\l2_unseen_validation\trade_date=2026-07-17\exchange=NSE\symbol=BHARTIARTL\part-090623_285154-043557.parquet,34809,downloaded,34809,
2026-07-17,NSE,BHARTIARTL,raw_l2/trade_date=2026-07-17/exchange=NSE/symbol=BHARTIARTL/part-090540_243529-043461.parquet,real_data_sample\l2_unseen_validation\trade_date=2026-07-17\exchange=NSE\symbol=BHARTIARTL\part-090540_243529-043461.parquet,34714,downloaded,34714,
2026-07-17,NSE,BHARTIARTL,raw_l2/trade_date=2026-07-17/exchange=NSE/symbol=BHARTIARTL/part-090511_304969-043397.parquet,real_data_sample\l2_unseen_validation\trade_date=2026-07-17\exchange=NSE\symbol=BHARTIARTL\part-090511_304969-043397.parquet,34637,downloaded,34637,
2026-07-17,NSE,BHARTIARTL,raw_l2/trade_date=2026-07-17/exchange=NSE/symbol=BHARTIARTL/part-090608_733625-043525.parquet,real_data_sample\l2_unseen_validation\trade_date=2026-07-17\exchange=NSE\symbol=BHARTIARTL\part-090608_733625-043525.parquet,34874,downloaded,34874,
2026-07-17,NSE,BHARTIARTL,raw_l2/trade_date=2026-07-17/exchange=NSE/symbol=BHARTIARTL/part-090525_749665-043429.parquet,real_data_sample\l2_unseen_validation\trade_date=2026-07-17\exchange=NSE\symbol=BHARTIARTL\part-090525_749665-043429.parquet,34725,downloaded,34725,
2026-07-17,NSE,BHARTIARTL,raw_l2/trade_date=2026-07-17/exchange=NSE/symbol=BHARTIARTL/part-090427_009333-043301.parquet,real_data_sample\l2_unseen_validation\trade_date=2026-07-17\exchange=NSE\symbol=BHARTIARTL\part-090427_009333-043301.parquet,34816,downloaded,34816,
2026-07-17,NSE,BHARTIARTL,raw_l2/trade_date=2026-07-17/exchange=NSE/symbol=BHARTIARTL/part-090637_752516-043589.parquet,real_data_sample\l2_unseen_validation\trade_date=2026-07-17\exchange=NSE\symbol=BHARTIARTL\part-090637_752516-043589.parquet,34876,downloaded,34876,
2026-07-17,NSE,BHARTIARTL,raw_l2/trade_date=2026-07-17/exchange=NSE/symbol=BHARTIARTL/part-091032_271398-044101.parquet,real_data_sample\l2_unseen_validation\trade_date=2026-07-17\exchange=NSE\symbol=BHARTIARTL\part-091032_271398-044101.parquet,34746,downloaded,34746,
2026-07-17,NSE,BHARTIARTL,raw_l2/trade_date=2026-07-17/exchange=NSE/symbol=BHARTIARTL/part-090947_602504-044005.parquet,real_data_sample\l2_unseen_validation\trade_date=2026-07-17\exchange=NSE\symbol=BHARTIARTL\part-090947_602504-044005.parquet,34690,downloaded,34690,
2026-07-17,NSE,BHARTIARTL,raw_l2/trade_date=2026-07-17/exchange=NSE/symbol=BHARTIARTL/part-090706_781050-043653.parquet,real_data_sample\l2_unseen_validation\trade_date=2026-07-17\exchange=NSE\symbol=BHARTIARTL\part-090706_781050-043653.parquet,34805,downloaded,34805,
2026-07-17,NSE,BHARTIARTL,raw_l2/trade_date=2026-07-17/exchange=NSE/symbol=BHARTIARTL/part-090652_253653-043621.parquet,real_data_sample\l2_unseen_validation\trade_date=2026-07-17\exchange=NSE\symbol=BHARTIARTL\part-090652_253653-043621.parquet,34704,downloaded,34704,
2026-07-17,NSE,BHARTIARTL,raw_l2/trade_date=2026-07-17/exchange=NSE/symbol=BHARTIARTL/part-090833_657484-043845.parquet,real_data_sample\l2_unseen_validation\trade_date=2026-07-17\exchange=NSE\symbol=BHARTIARTL\part-090833_657484-043845.parquet,34669,downloaded,34669,
2026-07-17,NSE,BHARTIARTL,raw_l2/trade_date=2026-07-17/exchange=NSE/symbol=BHARTIARTL/part-090819_011526-043813.parquet,real_data_sample\l2_unseen_validation\trade_date=2026-07-17\exchange=NSE\symbol=BHARTIARTL\part-090819_011526-043813.parquet,34778,downloaded,34778,
2026-07-17,NSE,BHARTIARTL,raw_l2/trade_date=2026-07-17/exchange=NSE/symbol=BHARTIARTL/part-090804_379772-043781.parquet,real_data_sample\l2_unseen_validation\trade_date=2026-07-17\exchange=NSE\symbol=BHARTIARTL\part-090804_379772-043781.parquet,34759,downloaded,34759,
2026-07-17,NSE,BHARTIARTL,raw_l2/trade_date=2026-07-17/exchange=NSE/symbol=BHARTIARTL/part-090749_776414-043749.parquet,real_data_sample\l2_unseen_validation\trade_date=2026-07-17\exchange=NSE\symbol=BHARTIARTL\part-090749_776414-043749.parquet,34689,downloaded,34689,
2026-07-17,NSE,BHARTIARTL,raw_l2/trade_date=2026-07-17/exchange=NSE/symbol=BHARTIARTL/part-090735_473381-043717.parquet,real_data_sample\l2_unseen_validation\trade_date=2026-07-17\exchange=NSE\symbol=BHARTIARTL\part-090735_473381-043717.parquet,34869,downloaded,34869,
2026-07-17,NSE,BHARTIARTL,raw_l2/trade_date=2026-07-17/exchange=NSE/symbol=BHARTIARTL/part-090721_243835-043685.parquet,real_data_sample\l2_unseen_validation\trade_date=2026-07-17\exchange=NSE\symbol=BHARTIARTL\part-090721_243835-043685.parquet,34786,downloaded,34786,
2026-07-17,NSE,BHARTIARTL,raw_l2/trade_date=2026-07-17/exchange=NSE/symbol=BHARTIARTL/part-091101_782695-044165.parquet,real_data_sample\l2_unseen_validation\trade_date=2026-07-17\exchange=NSE\symbol=BHARTIARTL\part-091101_782695-044165.parquet,34766,downloaded,34766,
2026-07-17,NSE,BHARTIARTL,raw_l2/trade_date=2026-07-17/exchange=NSE/symbol=BHARTIARTL/part-090902_882318-043909.parquet,real_data_sample\l2_unseen_validation\trade_date=2026-07-17\exchange=NSE\symbol=BHARTIARTL\part-090902_882318-043909.parquet,34836,downloaded,34836,
2026-07-17,NSE,BHARTIARTL,raw_l2/trade_date=2026-07-17/exchange=NSE/symbol=BHARTIARTL/part-091047_059102-044133.parquet,real_data_sample\l2_unseen_validation\trade_date=2026-07-17\exchange=NSE\symbol=BHARTIARTL\part-091047_059102-044133.parquet,34853,downloaded,34853,
2026-07-17,NSE,BHARTIARTL,raw_l2/trade_date=2026-07-17/exchange=NSE/symbol=BHARTIARTL/part-090932_825078-043973.parquet,real_data_sample\l2_unseen_validation\trade_date=2026-07-17\exchange=NSE\symbol=BHARTIARTL\part-090932_825078-043973.parquet,34902,downloaded,34902,
2026-07-17,NSE,BHARTIARTL,raw_l2/trade_date=2026-07-17/exchange=NSE/symbol=BHARTIARTL/part-090917_974937-043941.parquet,real_data_sample\l2_unseen_validation\trade_date=2026-07-17\exchange=NSE\symbol=BHARTIARTL\part-090917_974937-043941.parquet,34681,downloaded,34681,
2026-07-17,NSE,BHARTIARTL,raw_l2/trade_date=2026-07-17/exchange=NSE/symbol=BHARTIARTL/part-091116_321294-044197.parquet,real_data_sample\l2_unseen_validation\trade_date=2026-07-17\exchange=NSE\symbol=BHARTIARTL\part-091116_321294-044197.parquet,34850,downloaded,34850,
2026-07-17,NSE,BHARTIARTL,raw_l2/trade_date=2026-07-17/exchange=NSE/symbol=BHARTIARTL/part-091017_771349-044069.parquet,real_data_sample\l2_unseen_validation\trade_date=2026-07-17\exchange=NSE\symbol=BHARTIARTL\part-091017_771349-044069.parquet,34726,downloaded,34726,
2026-07-17,NSE,BHARTIARTL,raw_l2/trade_date=2026-07-17/exchange=NSE/symbol=BHARTIARTL/part-090848_289819-043877.parquet,real_data_sample\l2_unseen_validation\trade_date=2026-07-17\exchange=NSE\symbol=BHARTIARTL\part-090848_289819-043877.parquet,34754,downloaded,34754,
2026-07-17,NSE,BHARTIARTL,raw_l2/trade_date=2026-07-17/exchange=NSE/symbol=BHARTIARTL/part-091131_296883-044229.parquet,real_data_sample\l2_unseen_validation\trade_date=2026-07-17\exchange=NSE\symbol=BHARTIARTL\part-091131_296883-044229.parquet,34902,downloaded,34902,
2026-07-17,NSE,BHARTIARTL,raw_l2/trade_date=2026-07-17/exchange=NSE/symbol=BHARTIARTL/part-091003_364499-044037.parquet,real_data_sample\l2_unseen_validation\trade_date=2026-07-17\exchange=NSE\symbol=BHARTIARTL\part-091003_364499-044037.parquet,34745,downloaded,34745,
2026-07-17,NSE,BHARTIARTL,raw_l2/trade_date=2026-07-17/exchange=NSE/symbol=BHARTIARTL/part-091343_745681-044517.parquet,real_data_sample\l2_unseen_validation\trade_date=2026-07-17\exchange=NSE\symbol=BHARTIARTL\part-091343_745681-044517.parquet,36046,downloaded,36046,
2026-07-17,NSE,BHARTIARTL,raw_l2/trade_date=2026-07-17/exchange=NSE/symbol=BHARTIARTL/part-091358_301580-044549.parquet,real_data_sample\l2_unseen_validation\trade_date=2026-07-17\exchange=NSE\symbol=BHARTIARTL\part-091358_301580-044549.parquet,35627,downloaded,35627,
2026-07-17,NSE,BHARTIARTL,raw_l2/trade_date=2026-07-17/exchange=NSE/symbol=BHARTIARTL/part-091412_761514-044581.parquet,real_data_sample\l2_unseen_validation\trade_date=2026-07-17\exchange=NSE\symbol=BHARTIARTL\part-091412_761514-044581.parquet,35797,downloaded,35797,
2026-07-17,NSE,BHARTIARTL,raw_l2/trade_date=2026-07-17/exchange=NSE/symbol=BHARTIARTL/part-091230_665988-044357.parquet,real_data_sample\l2_unseen_validation\trade_date=2026-07-17\exchange=NSE\symbol=BHARTIARTL\part-091230_665988-044357.parquet,34826,downloaded,34826,
2026-07-17,NSE,BHARTIARTL,raw_l2/trade_date=2026-07-17/exchange=NSE/symbol=BHARTIARTL/part-091329_285836-044485.parquet,real_data_sample\l2_unseen_validation\trade_date=2026-07-17\exchange=NSE\symbol=BHARTIARTL\part-091329_285836-044485.parquet,36025,downloaded,36025,
2026-07-17,NSE,BHARTIARTL,raw_l2/trade_date=2026-07-17/exchange=NSE/symbol=BHARTIARTL/part-091314_761874-044453.parquet,real_data_sample\l2_unseen_validation\trade_date=2026-07-17\exchange=NSE\symbol=BHARTIARTL\part-091314_761874-044453.parquet,35022,downloaded,35022,
2026-07-17,NSE,BHARTIARTL,raw_l2/trade_date=2026-07-17/exchange=NSE/symbol=BHARTIARTL/part-091215_082015-044325.parquet,real_data_sample\l2_unseen_validation\trade_date=2026-07-17\exchange=NSE\symbol=BHARTIARTL\part-091215_082015-044325.parquet,34790,downloaded,34790,
2026-07-17,NSE,BHARTIARTL,raw_l2/trade_date=2026-07-17/exchange=NSE/symbol=BHARTIARTL/part-091300_044349-044421.parquet,real_data_sample\l2_unseen_validation\trade_date=2026-07-17\exchange=NSE\symbol=BHARTIARTL\part-091300_044349-044421.parquet,34920,downloaded,34920,
2026-07-17,NSE,BHARTIARTL,raw_l2/trade_date=2026-07-17/exchange=NSE/symbol=BHARTIARTL/part-091200_322806-044293.parquet,real_data_sample\l2_unseen_validation\trade_date=2026-07-17\exchange=NSE\symbol=BHARTIARTL\part-091200_322806-044293.parquet,34680,downloaded,34680,
2026-07-17,NSE,BHARTIARTL,raw_l2/trade_date=2026-07-17/exchange=NSE/symbol=BHARTIARTL/part-091427_046439-044613.parquet,real_data_sample\l2_unseen_validation\trade_date=2026-07-17\exchange=NSE\symbol=BHARTIARTL\part-091427_046439-044613.parquet,35424,downloaded,35424,
2026-07-17,NSE,BHARTIARTL,raw_l2/trade_date=2026-07-17/exchange=NSE/symbol=BHARTIARTL/part-091145_807636-044261.parquet,real_data_sample\l2_unseen_validation\trade_date=2026-07-17\exchange=NSE\symbol=BHARTIARTL\part-091145_807636-044261.parquet,34700,downloaded,34700,
2026-07-17,NSE,BHARTIARTL,raw_l2/trade_date=2026-07-17/exchange=NSE/symbol=BHARTIARTL/part-091553_292440-044805.parquet,real_data_sample\l2_unseen_validation\trade_date=2026-07-17\exchange=NSE\symbol=BHARTIARTL\part-091553_292440-044805.parquet,35180,downloaded,35180,
2026-07-17,NSE,BHARTIARTL,raw_l2/trade_date=2026-07-17/exchange=NSE/symbol=BHARTIARTL/part-091538_780413-044773.parquet,real_data_sample\l2_unseen_validation\trade_date=2026-07-17\exchange=NSE\symbol=BHARTIARTL\part-091538_780413-044773.parquet,35560,downloaded,35560,
2026-07-17,NSE,BHARTIARTL,raw_l2/trade_date=2026-07-17/exchange=NSE/symbol=BHARTIARTL/part-092025_492332-045413.parquet,real_data_sample\l2_unseen_validation\trade_date=2026-07-17\exchange=NSE\symbol=BHARTIARTL\part-092025_492332-045413.parquet,36342,downloaded,36342,
2026-07-17,NSE,BHARTIARTL,raw_l2/trade_date=2026-07-17/exchange=NSE/symbol=BHARTIARTL/part-092054_311775-045477.parquet,real_data_sample\l2_unseen_validation\trade_date=2026-07-17\exchange=NSE\symbol=BHARTIARTL\part-092054_311775-045477.parquet,36245,downloaded,36245,
2026-07-17,NSE,BHARTIARTL,raw_l2/trade_date=2026-07-17/exchange=NSE/symbol=BHARTIARTL/part-092123_043386-045541.parquet,real_data_sample\l2_unseen_validation\trade_date=2026-07-17\exchange=NSE\symbol=BHARTIARTL\part-092123_043386-045541.parquet,35950,downloaded,35950,
2026-07-17,NSE,BHARTIARTL,raw_l2/trade_date=2026-07-17/exchange=NSE/symbol=BHARTIARTL/part-091928_503941-045285.parquet,real_data_sample\l2_unseen_validation\trade_date=2026-07-17\exchange=NSE\symbol=BHARTIARTL\part-091928_503941-045285.parquet,34855,downloaded,34855,
2026-07-17,NSE,BHARTIARTL,raw_l2/trade_date=2026-07-17/exchange=NSE/symbol=BHARTIARTL/part-092108_783795-045509.parquet,real_data_sample\l2_unseen_validation\trade_date=2026-07-17\exchange=NSE\symbol=BHARTIARTL\part-092108_783795-045509.parquet,35677,downloaded,35677,
2026-07-17,NSE,BHARTIARTL,raw_l2/trade_date=2026-07-17/exchange=NSE/symbol=BHARTIARTL/part-092137_296701-045573.parquet,real_data_sample\l2_unseen_validation\trade_date=2026-07-17\exchange=NSE\symbol=BHARTIARTL\part-092137_296701-045573.parquet,35961,downloaded,35961,
2026-07-17,NSE,BHARTIARTL,raw_l2/trade_date=2026-07-17/exchange=NSE/symbol=BHARTIARTL/part-092303_542182-045765.parquet,real_data_sample\l2_unseen_validation\trade_date=2026-07-17\exchange=NSE\symbol=BHARTIARTL\part-092303_542182-045765.parquet,35622,downloaded,35622,
2026-07-17,NSE,BHARTIARTL,raw_l2/trade_date=2026-07-17/exchange=NSE/symbol=BHARTIARTL/part-092332_796418-045829.parquet,real_data_sample\l2_unseen_validation\trade_date=2026-07-17\exchange=NSE\symbol=BHARTIARTL\part-092332_796418-045829.parquet,34859,downloaded,34859,
2026-07-17,NSE,BHARTIARTL,raw_l2/trade_date=2026-07-17/exchange=NSE/symbol=BHARTIARTL/part-092249_257387-045733.parquet,real_data_sample\l2_unseen_validation\trade_date=2026-07-17\exchange=NSE\symbol=BHARTIARTL\part-092249_257387-045733.parquet,35919,downloaded,35919,
2026-07-17,NSE,BHARTIARTL,raw_l2/trade_date=2026-07-17/exchange=NSE/symbol=BHARTIARTL/part-092318_275590-045797.parquet,real_data_sample\l2_unseen_validation\trade_date=2026-07-17\exchange=NSE\symbol=BHARTIARTL\part-092318_275590-045797.parquet,34929,downloaded,34929,
2026-07-17,NSE,BHARTIARTL,raw_l2/trade_date=2026-07-17/exchange=NSE/symbol=BHARTIARTL/part-092220_516880-045669.parquet,real_data_sample\l2_unseen_validation\trade_date=2026-07-17\exchange=NSE\symbol=BHARTIARTL\part-092220_516880-045669.parquet,35802,downloaded,35802,
2026-07-17,NSE,BHARTIARTL,raw_l2/trade_date=2026-07-17/exchange=NSE/symbol=BHARTIARTL/part-092234_793431-045701.parquet,real_data_sample\l2_unseen_validation\trade_date=2026-07-17\exchange=NSE\symbol=BHARTIARTL\part-092234_793431-045701.parquet,35935,downloaded,35935,
2026-07-17,NSE,BHARTIARTL,raw_l2/trade_date=2026-07-17/exchange=NSE/symbol=BHARTIARTL/part-092347_287503-045861.parquet,real_data_sample\l2_unseen_validation\trade_date=2026-07-17\exchange=NSE\symbol=BHARTIARTL\part-092347_287503-045861.parquet,34725,downloaded,34725,
2026-07-17,NSE,BHARTIARTL,raw_l2/trade_date=2026-07-17/exchange=NSE/symbol=BHARTIARTL/part-092152_015890-045605.parquet,real_data_sample\l2_unseen_validation\trade_date=2026-07-17\exchange=NSE\symbol=BHARTIARTL\part-092152_015890-045605.parquet,36275,downloaded,36275,
2026-07-17,NSE,BHARTIARTL,raw_l2/trade_date=2026-07-17/exchange=NSE/symbol=BHARTIARTL/part-092206_269028-045637.parquet,real_data_sample\l2_unseen_validation\trade_date=2026-07-17\exchange=NSE\symbol=BHARTIARTL\part-092206_269028-045637.parquet,35801,downloaded,35801,
2026-07-17,NSE,BHARTIARTL,raw_l2/trade_date=2026-07-17/exchange=NSE/symbol=BHARTIARTL/part-092529_038298-046085.parquet,real_data_sample\l2_unseen_validation\trade_date=2026-07-17\exchange=NSE\symbol=BHARTIARTL\part-092529_038298-046085.parquet,35916,downloaded,35916,
2026-07-17,NSE,BHARTIARTL,raw_l2/trade_date=2026-07-17/exchange=NSE/symbol=BHARTIARTL/part-092514_497598-046053.parquet,real_data_sample\l2_unseen_validation\trade_date=2026-07-17\exchange=NSE\symbol=BHARTIARTL\part-092514_497598-046053.parquet,36197,downloaded,36197,
2026-07-17,NSE,BHARTIARTL,raw_l2/trade_date=2026-07-17/exchange=NSE/symbol=BHARTIARTL/part-092401_569190-045893.parquet,real_data_sample\l2_unseen_validation\trade_date=2026-07-17\exchange=NSE\symbol=BHARTIARTL\part-092401_569190-045893.parquet,34753,downloaded,34753,
2026-07-17,NSE,BHARTIARTL,raw_l2/trade_date=2026-07-17/exchange=NSE/symbol=BHARTIARTL/part-092445_237367-045989.parquet,real_data_sample\l2_unseen_validation\trade_date=2026-07-17\exchange=NSE\symbol=BHARTIARTL\part-092445_237367-045989.parquet,35360,downloaded,35360,
2026-07-17,NSE,BHARTIARTL,raw_l2/trade_date=2026-07-17/exchange=NSE/symbol=BHARTIARTL/part-092416_348453-045925.parquet,real_data_sample\l2_unseen_validation\trade_date=2026-07-17\exchange=NSE\symbol=BHARTIARTL\part-092416_348453-045925.parquet,35306,downloaded,35306,
2026-07-17,NSE,BHARTIARTL,raw_l2/trade_date=2026-07-17/exchange=NSE/symbol=BHARTIARTL/part-092558_277976-046149.parquet,real_data_sample\l2_unseen_validation\trade_date=2026-07-17\exchange=NSE\symbol=BHARTIARTL\part-092558_277976-046149.parquet,36026,downloaded,36026,
2026-07-17,NSE,BHARTIARTL,raw_l2/trade_date=2026-07-17/exchange=NSE/symbol=BHARTIARTL/part-092430_781100-045957.parquet,real_data_sample\l2_unseen_validation\trade_date=2026-07-17\exchange=NSE\symbol=BHARTIARTL\part-092430_781100-045957.parquet,35656,downloaded,35656,
2026-07-17,NSE,BHARTIARTL,raw_l2/trade_date=2026-07-17/exchange=NSE/symbol=BHARTIARTL/part-092543_561886-046117.parquet,real_data_sample\l2_unseen_validation\trade_date=2026-07-17\exchange=NSE\symbol=BHARTIARTL\part-092543_561886-046117.parquet,36083,downloaded,36083,
2026-07-17,NSE,BHARTIARTL,raw_l2/trade_date=2026-07-17/exchange=NSE/symbol=BHARTIARTL/part-092459_560448-046021.parquet,real_data_sample\l2_unseen_validation\trade_date=2026-07-17\exchange=NSE\symbol=BHARTIARTL\part-092459_560448-046021.parquet,35961,downloaded,35961,
2026-07-17,NSE,BHARTIARTL,raw_l2/trade_date=2026-07-17/exchange=NSE/symbol=BHARTIARTL/part-092613_017202-046181.parquet,real_data_sample\l2_unseen_validation\trade_date=2026-07-17\exchange=NSE\symbol=BHARTIARTL\part-092613_017202-046181.parquet,36052,downloaded,36052,
2026-07-17,NSE,BHARTIARTL,raw_l2/trade_date=2026-07-17/exchange=NSE/symbol=BHARTIARTL/part-092725_517591-046341.parquet,real_data_sample\l2_unseen_validation\trade_date=2026-07-17\exchange=NSE\symbol=BHARTIARTL\part-092725_517591-046341.parquet,35674,downloaded,35674,
2026-07-17,NSE,BHARTIARTL,raw_l2/trade_date=2026-07-17/exchange=NSE/symbol=BHARTIARTL/part-092627_418128-046213.parquet,real_data_sample\l2_unseen_validation\trade_date=2026-07-17\exchange=NSE\symbol=BHARTIARTL\part-092627_418128-046213.parquet,36079,downloaded,36079,
2026-07-17,NSE,BHARTIARTL,raw_l2/trade_date=2026-07-17/exchange=NSE/symbol=BHARTIARTL/part-092642_752869-046245.parquet,real_data_sample\l2_unseen_validation\trade_date=2026-07-17\exchange=NSE\symbol=BHARTIARTL\part-092642_752869-046245.parquet,36202,downloaded,36202,
2026-07-17,NSE,BHARTIARTL,raw_l2/trade_date=2026-07-17/exchange=NSE/symbol=BHARTIARTL/part-092740_020360-046373.parquet,real_data_sample\l2_unseen_validation\trade_date=2026-07-17\exchange=NSE\symbol=BHARTIARTL\part-092740_020360-046373.parquet,35534,downloaded,35534,
2026-07-17,NSE,BHARTIARTL,raw_l2/trade_date=2026-07-17/exchange=NSE/symbol=BHARTIARTL/part-092711_305768-046309.parquet,real_data_sample\l2_unseen_validation\trade_date=2026-07-17\exchange=NSE\symbol=BHARTIARTL\part-092711_305768-046309.parquet,36134,downloaded,36134,
2026-07-17,NSE,BHARTIARTL,raw_l2/trade_date=2026-07-17/exchange=NSE/symbol=BHARTIARTL/part-092754_529650-046405.parquet,real_data_sample\l2_unseen_validation\trade_date=2026-07-17\exchange=NSE\symbol=BHARTIARTL\part-092754_529650-046405.parquet,35741,downloaded,35741,
2026-07-17,NSE,BHARTIARTL,raw_l2/trade_date=2026-07-17/exchange=NSE/symbol=BHARTIARTL/part-092808_802971-046437.parquet,real_data_sample\l2_unseen_validation\trade_date=2026-07-17\exchange=NSE\symbol=BHARTIARTL\part-092808_802971-046437.parquet,35919,downloaded,35919,
2026-07-17,NSE,BHARTIARTL,raw_l2/trade_date=2026-07-17/exchange=NSE/symbol=BHARTIARTL/part-092657_013142-046277.parquet,real_data_sample\l2_unseen_validation\trade_date=2026-07-17\exchange=NSE\symbol=BHARTIARTL\part-092657_013142-046277.parquet,35665,downloaded,35665,
2026-07-17,NSE,BHARTIARTL,raw_l2/trade_date=2026-07-17/exchange=NSE/symbol=BHARTIARTL/part-091245_803665-044389.parquet,real_data_sample\l2_unseen_validation\trade_date=2026-07-17\exchange=NSE\symbol=BHARTIARTL\part-091245_803665-044389.parquet,34772,downloaded,34772,
2026-07-17,NSE,BHARTIARTL,raw_l2/trade_date=2026-07-17/exchange=NSE/symbol=BHARTIARTL/part-092823_290305-046469.parquet,real_data_sample\l2_unseen_validation\trade_date=2026-07-17\exchange=NSE\symbol=BHARTIARTL\part-092823_290305-046469.parquet,34822,downloaded,34822,
2026-07-17,NSE,BHARTIARTL,raw_l2/trade_date=2026-07-17/exchange=NSE/symbol=BHARTIARTL/part-092837_813214-046501.parquet,real_data_sample\l2_unseen_validation\trade_date=2026-07-17\exchange=NSE\symbol=BHARTIARTL\part-092837_813214-046501.parquet,34991,downloaded,34991,
2026-07-17,NSE,BHARTIARTL,raw_l2/trade_date=2026-07-17/exchange=NSE/symbol=BHARTIARTL/part-092921_546403-046597.parquet,real_data_sample\l2_unseen_validation\trade_date=2026-07-17\exchange=NSE\symbol=BHARTIARTL\part-092921_546403-046597.parquet,34733,downloaded,34733,
2026-07-17,NSE,BHARTIARTL,raw_l2/trade_date=2026-07-17/exchange=NSE/symbol=BHARTIARTL/part-092950_772981-046661.parquet,real_data_sample\l2_unseen_validation\trade_date=2026-07-17\exchange=NSE\symbol=BHARTIARTL\part-092950_772981-046661.parquet,34894,downloaded,34894,
2026-07-17,NSE,BHARTIARTL,raw_l2/trade_date=2026-07-17/exchange=NSE/symbol=BHARTIARTL/part-092936_024519-046629.parquet,real_data_sample\l2_unseen_validation\trade_date=2026-07-17\exchange=NSE\symbol=BHARTIARTL\part-092936_024519-046629.parquet,34747,downloaded,34747,
2026-07-17,NSE,BHARTIARTL,raw_l2/trade_date=2026-07-17/exchange=NSE/symbol=BHARTIARTL/part-092906_763298-046565.parquet,real_data_sample\l2_unseen_validation\trade_date=2026-07-17\exchange=NSE\symbol=BHARTIARTL\part-092906_763298-046565.parquet,34751,downloaded,34751,
2026-07-17,NSE,BHARTIARTL,raw_l2/trade_date=2026-07-17/exchange=NSE/symbol=BHARTIARTL/part-092852_272084-046533.parquet,real_data_sample\l2_unseen_validation\trade_date=2026-07-17\exchange=NSE\symbol=BHARTIARTL\part-092852_272084-046533.parquet,34664,downloaded,34664,
2026-07-17,NSE,BHARTIARTL,raw_l2/trade_date=2026-07-17/exchange=NSE/symbol=BHARTIARTL/part-093005_262126-046693.parquet,real_data_sample\l2_unseen_validation\trade_date=2026-07-17\exchange=NSE\symbol=BHARTIARTL\part-093005_262126-046693.parquet,34664,downloaded,34664,
2026-07-17,NSE,BHARTIARTL,raw_l2/trade_date=2026-07-17/exchange=NSE/symbol=BHARTIARTL/part-093020_226591-046725.parquet,real_data_sample\l2_unseen_validation\trade_date=2026-07-17\exchange=NSE\symbol=BHARTIARTL\part-093020_226591-046725.parquet,34521,downloaded,34521,
2026-07-17,NSE,BHARTIARTL,raw_l2/trade_date=2026-07-17/exchange=NSE/symbol=BHARTIARTL/part-093034_743986-046757.parquet,real_data_sample\l2_unseen_validation\trade_date=2026-07-17\exchange=NSE\symbol=BHARTIARTL\part-093034_743986-046757.parquet,34797,downloaded,34797,
2026-07-17,NSE,BHARTIARTL,raw_l2/trade_date=2026-07-17/exchange=NSE/symbol=BHARTIARTL/part-093049_075192-046789.parquet,real_data_sample\l2_unseen_validation\trade_date=2026-07-17\exchange=NSE\symbol=BHARTIARTL\part-093049_075192-046789.parquet,34549,downloaded,34549,
2026-07-17,NSE,BHARTIARTL,raw_l2/trade_date=2026-07-17/exchange=NSE/symbol=BHARTIARTL/part-093103_203963-046821.parquet,real_data_sample\l2_unseen_validation\trade_date=2026-07-17\exchange=NSE\symbol=BHARTIARTL\part-093103_203963-046821.parquet,34675,downloaded,34675,
2026-07-17,NSE,BHARTIARTL,raw_l2/trade_date=2026-07-17/exchange=NSE/symbol=BHARTIARTL/part-093131_730272-046885.parquet,real_data_sample\l2_unseen_validation\trade_date=2026-07-17\exchange=NSE\symbol=BHARTIARTL\part-093131_730272-046885.parquet,35985,downloaded,35985,
2026-07-17,NSE,BHARTIARTL,raw_l2/trade_date=2026-07-17/exchange=NSE/symbol=BHARTIARTL/part-093117_699532-046853.parquet,real_data_sample\l2_unseen_validation\trade_date=2026-07-17\exchange=NSE\symbol=BHARTIARTL\part-093117_699532-046853.parquet,35271,downloaded,35271,
2026-07-17,NSE,BHARTIARTL,raw_l2/trade_date=2026-07-17/exchange=NSE/symbol=BHARTIARTL/part-093200_760157-046949.parquet,real_data_sample\l2_unseen_validation\trade_date=2026-07-17\exchange=NSE\symbol=BHARTIARTL\part-093200_760157-046949.parquet,35206,downloaded,35206,
2026-07-17,NSE,BHARTIARTL,raw_l2/trade_date=2026-07-17/exchange=NSE/symbol=BHARTIARTL/part-093146_246535-046917.parquet,real_data_sample\l2_unseen_validation\trade_date=2026-07-17\exchange=NSE\symbol=BHARTIARTL\part-093146_246535-046917.parquet,35425,downloaded,35425,
2026-07-17,NSE,BHARTIARTL,raw_l2/trade_date=2026-07-17/exchange=NSE/symbol=BHARTIARTL/part-093214_691261-046981.parquet,real_data_sample\l2_unseen_validation\trade_date=2026-07-17\exchange=NSE\symbol=BHARTIARTL\part-093214_691261-046981.parquet,35254,downloaded,35254,
2026-07-17,NSE,BHARTIARTL,raw_l2/trade_date=2026-07-17/exchange=NSE/symbol=BHARTIARTL/part-093228_738332-047013.parquet,real_data_sample\l2_unseen_validation\trade_date=2026-07-17\exchange=NSE\symbol=BHARTIARTL\part-093228_738332-047013.parquet,34697,downloaded,34697,
2026-07-17,NSE,BHARTIARTL,raw_l2/trade_date=2026-07-17/exchange=NSE/symbol=BHARTIARTL/part-093257_182331-047077.parquet,real_data_sample\l2_unseen_validation\trade_date=2026-07-17\exchange=NSE\symbol=BHARTIARTL\part-093257_182331-047077.parquet,34555,downloaded,34555,
2026-07-17,NSE,BHARTIARTL,raw_l2/trade_date=2026-07-17/exchange=NSE/symbol=BHARTIARTL/part-093243_180105-047045.parquet,real_data_sample\l2_unseen_validation\trade_date=2026-07-17\exchange=NSE\symbol=BHARTIARTL\part-093243_180105-047045.parquet,34421,downloaded,34421,
2026-07-17,NSE,BHARTIARTL,raw_l2/trade_date=2026-07-17/exchange=NSE/symbol=BHARTIARTL/part-093311_450310-047109.parquet,real_data_sample\l2_unseen_validation\trade_date=2026-07-17\exchange=NSE\symbol=BHARTIARTL\part-093311_450310-047109.parquet,34484,downloaded,34484,
2026-07-17,NSE,BHARTIARTL,raw_l2/trade_date=2026-07-17/exchange=NSE/symbol=BHARTIARTL/part-091622_605629-044869.parquet,real_data_sample\l2_unseen_validation\trade_date=2026-07-17\exchange=NSE\symbol=BHARTIARTL\part-091622_605629-044869.parquet,34767,downloaded,34767,
2026-07-17,NSE,BHARTIARTL,raw_l2/trade_date=2026-07-17/exchange=NSE/symbol=BHARTIARTL/part-091650_991928-044933.parquet,real_data_sample\l2_unseen_validation\trade_date=2026-07-17\exchange=NSE\symbol=BHARTIARTL\part-091650_991928-044933.parquet,34574,downloaded,34574,
2026-07-17,NSE,BHARTIARTL,raw_l2/trade_date=2026-07-17/exchange=NSE/symbol=BHARTIARTL/part-091510_285573-044709.parquet,real_data_sample\l2_unseen_validation\trade_date=2026-07-17\exchange=NSE\symbol=BHARTIARTL\part-091510_285573-044709.parquet,35714,downloaded,35714,
2026-07-17,NSE,BHARTIARTL,raw_l2/trade_date=2026-07-17/exchange=NSE/symbol=BHARTIARTL/part-091957_012635-045349.parquet,real_data_sample\l2_unseen_validation\trade_date=2026-07-17\exchange=NSE\symbol=BHARTIARTL\part-091957_012635-045349.parquet,34701,downloaded,34701,
2026-07-17,NSE,BHARTIARTL,raw_l2/trade_date=2026-07-17/exchange=NSE/symbol=BHARTIARTL/part-093339_722663-047173.parquet,real_data_sample\l2_unseen_validation\trade_date=2026-07-17\exchange=NSE\symbol=BHARTIARTL\part-093339_722663-047173.parquet,34605,downloaded,34605,
2026-07-17,NSE,BHARTIARTL,raw_l2/trade_date=2026-07-17/exchange=NSE/symbol=BHARTIARTL/part-093325_693948-047141.parquet,real_data_sample\l2_unseen_validation\trade_date=2026-07-17\exchange=NSE\symbol=BHARTIARTL\part-093325_693948-047141.parquet,34789,downloaded,34789,
2026-07-17,NSE,BHARTIARTL,raw_l2/trade_date=2026-07-17/exchange=NSE/symbol=BHARTIARTL/part-093407_943736-047237.parquet,real_data_sample\l2_unseen_validation\trade_date=2026-07-17\exchange=NSE\symbol=BHARTIARTL\part-093407_943736-047237.parquet,34719,downloaded,34719,
2026-07-17,NSE,BHARTIARTL,raw_l2/trade_date=2026-07-17/exchange=NSE/symbol=BHARTIARTL/part-093353_940368-047205.parquet,real_data_sample\l2_unseen_validation\trade_date=2026-07-17\exchange=NSE\symbol=BHARTIARTL\part-093353_940368-047205.parquet,34506,downloaded,34506,
2026-07-17,NSE,BHARTIARTL,raw_l2/trade_date=2026-07-17/exchange=NSE/symbol=BHARTIARTL/part-092011_481546-045381.parquet,real_data_sample\l2_unseen_validation\trade_date=2026-07-17\exchange=NSE\symbol=BHARTIARTL\part-092011_481546-045381.parquet,34957,downloaded,34957,
2026-07-17,NSE,BHARTIARTL,raw_l2/trade_date=2026-07-17/exchange=NSE/symbol=BHARTIARTL/part-091608_034922-044837.parquet,real_data_sample\l2_unseen_validation\trade_date=2026-07-17\exchange=NSE\symbol=BHARTIARTL\part-091608_034922-044837.parquet,35687,downloaded,35687,
2026-07-17,NSE,BHARTIARTL,raw_l2/trade_date=2026-07-17/exchange=NSE/symbol=BHARTIARTL/part-091816_519810-045125.parquet,real_data_sample\l2_unseen_validation\trade_date=2026-07-17\exchange=NSE\symbol=BHARTIARTL\part-091816_519810-045125.parquet,34600,downloaded,34600,
2026-07-17,NSE,BHARTIARTL,raw_l2/trade_date=2026-07-17/exchange=NSE/symbol=BHARTIARTL/part-091830_752671-045157.parquet,real_data_sample\l2_unseen_validation\trade_date=2026-07-17\exchange=NSE\symbol=BHARTIARTL\part-091830_752671-045157.parquet,34593,downloaded,34593,
2026-07-17,NSE,BHARTIARTL,raw_l2/trade_date=2026-07-17/exchange=NSE/symbol=BHARTIARTL/part-093421_990214-047269.parquet,real_data_sample\l2_unseen_validation\trade_date=2026-07-17\exchange=NSE\symbol=BHARTIARTL\part-093421_990214-047269.parquet,35556,downloaded,35556,
2026-07-17,NSE,BHARTIARTL,raw_l2/trade_date=2026-07-17/exchange=NSE/symbol=BHARTIARTL/part-093450_205688-047333.parquet,real_data_sample\l2_unseen_validation\trade_date=2026-07-17\exchange=NSE\symbol=BHARTIARTL\part-093450_205688-047333.parquet,36147,downloaded,36147,
2026-07-17,NSE,BHARTIARTL,raw_l2/trade_date=2026-07-17/exchange=NSE/symbol=BHARTIARTL/part-093504_485486-047365.parquet,real_data_sample\l2_unseen_validation\trade_date=2026-07-17\exchange=NSE\symbol=BHARTIARTL\part-093504_485486-047365.parquet,35819,downloaded,35819,
2026-07-17,NSE,BHARTIARTL,raw_l2/trade_date=2026-07-17/exchange=NSE/symbol=BHARTIARTL/part-093435_996915-047301.parquet,real_data_sample\l2_unseen_validation\trade_date=2026-07-17\exchange=NSE\symbol=BHARTIARTL\part-093435_996915-047301.parquet,35615,downloaded,35615,
2026-07-17,NSE,BHARTIARTL,raw_l2/trade_date=2026-07-17/exchange=NSE/symbol=BHARTIARTL/part-093518_964466-047397.parquet,real_data_sample\l2_unseen_validation\trade_date=2026-07-17\exchange=NSE\symbol=BHARTIARTL\part-093518_964466-047397.parquet,36257,downloaded,36257,
2026-07-17,NSE,BHARTIARTL,raw_l2/trade_date=2026-07-17/exchange=NSE/symbol=BHARTIARTL/part-091719_480653-044997.parquet,real_data_sample\l2_unseen_validation\trade_date=2026-07-17\exchange=NSE\symbol=BHARTIARTL\part-091719_480653-044997.parquet,34639,downloaded,34639,
2026-07-17,NSE,BHARTIARTL,raw_l2/trade_date=2026-07-17/exchange=NSE/symbol=BHARTIARTL/part-091441_538650-044645.parquet,real_data_sample\l2_unseen_validation\trade_date=2026-07-17\exchange=NSE\symbol=BHARTIARTL\part-091441_538650-044645.parquet,36189,downloaded,36189,
2026-07-17,NSE,BHARTIARTL,raw_l2/trade_date=2026-07-17/exchange=NSE/symbol=BHARTIARTL/part-091914_300404-045253.parquet,real_data_sample\l2_unseen_validation\trade_date=2026-07-17\exchange=NSE\symbol=BHARTIARTL\part-091914_300404-045253.parquet,34545,downloaded,34545,
2026-07-17,NSE,BHARTIARTL,raw_l2/trade_date=2026-07-17/exchange=NSE/symbol=BHARTIARTL/part-091455_777928-044677.parquet,real_data_sample\l2_unseen_validation\trade_date=2026-07-17\exchange=NSE\symbol=BHARTIARTL\part-091455_777928-044677.parquet,35992,downloaded,35992,
2026-07-17,NSE,BHARTIARTL,raw_l2/trade_date=2026-07-17/exchange=NSE/symbol=BHARTIARTL/part-092040_020381-045445.parquet,real_data_sample\l2_unseen_validation\trade_date=2026-07-17\exchange=NSE\symbol=BHARTIARTL\part-092040_020381-045445.parquet,35778,downloaded,35778,
2026-07-17,NSE,BHARTIARTL,raw_l2/trade_date=2026-07-17/exchange=NSE/symbol=BHARTIARTL/part-091636_762948-044901.parquet,real_data_sample\l2_unseen_validation\trade_date=2026-07-17\exchange=NSE\symbol=BHARTIARTL\part-091636_762948-044901.parquet,34657,downloaded,34657,
2026-07-17,NSE,BHARTIARTL,raw_l2/trade_date=2026-07-17/exchange=NSE/symbol=BHARTIARTL/part-091859_597074-045221.parquet,real_data_sample\l2_unseen_validation\trade_date=2026-07-17\exchange=NSE\symbol=BHARTIARTL\part-091859_597074-045221.parquet,34701,downloaded,34701,
2026-07-17,NSE,BHARTIARTL,raw_l2/trade_date=2026-07-17/exchange=NSE/symbol=BHARTIARTL/part-093533_256482-047429.parquet,real_data_sample\l2_unseen_validation\trade_date=2026-07-17\exchange=NSE\symbol=BHARTIARTL\part-093533_256482-047429.parquet,35933,downloaded,35933,
2026-07-17,NSE,BHARTIARTL,raw_l2/trade_date=2026-07-17/exchange=NSE/symbol=BHARTIARTL/part-091705_328486-044965.parquet,real_data_sample\l2_unseen_validation\trade_date=2026-07-17\exchange=NSE\symbol=BHARTIARTL\part-091705_328486-044965.parquet,34588,downloaded,34588,
2026-07-17,NSE,BHARTIARTL,raw_l2/trade_date=2026-07-17/exchange=NSE/symbol=BHARTIARTL/part-091733_657910-045029.parquet,real_data_sample\l2_unseen_validation\trade_date=2026-07-17\exchange=NSE\symbol=BHARTIARTL\part-091733_657910-045029.parquet,34677,downloaded,34677,
2026-07-17,NSE,BHARTIARTL,raw_l2/trade_date=2026-07-17/exchange=NSE/symbol=BHARTIARTL/part-091801_865819-045093.parquet,real_data_sample\l2_unseen_validation\trade_date=2026-07-17\exchange=NSE\symbol=BHARTIARTL\part-091801_865819-045093.parquet,34644,downloaded,34644,
2026-07-17,NSE,BHARTIARTL,raw_l2/trade_date=2026-07-17/exchange=NSE/symbol=BHARTIARTL/part-091942_797612-045317.parquet,real_data_sample\l2_unseen_validation\trade_date=2026-07-17\exchange=NSE\symbol=BHARTIARTL\part-091942_797612-045317.parquet,34765,downloaded,34765,
2026-07-17,NSE,BHARTIARTL,raw_l2/trade_date=2026-07-17/exchange=NSE/symbol=BHARTIARTL/part-093740_927338-047717.parquet,real_data_sample\l2_unseen_validation\trade_date=2026-07-17\exchange=NSE\symbol=BHARTIARTL\part-093740_927338-047717.parquet,34708,downloaded,34708,
2026-07-17,NSE,BHARTIARTL,raw_l2/trade_date=2026-07-17/exchange=NSE/symbol=BHARTIARTL/part-091524_512029-044741.parquet,real_data_sample\l2_unseen_validation\trade_date=2026-07-17\exchange=NSE\symbol=BHARTIARTL\part-091524_512029-044741.parquet,35579,downloaded,35579,
2026-07-17,NSE,BHARTIARTL,raw_l2/trade_date=2026-07-17/exchange=NSE/symbol=BHARTIARTL/part-091747_739906-045061.parquet,real_data_sample\l2_unseen_validation\trade_date=2026-07-17\exchange=NSE\symbol=BHARTIARTL\part-091747_739906-045061.parquet,34794,downloaded,34794,
2026-07-17,NSE,BHARTIARTL,raw_l2/trade_date=2026-07-17/exchange=NSE/symbol=BHARTIARTL/part-093726_926910-047685.parquet,real_data_sample\l2_unseen_validation\trade_date=2026-07-17\exchange=NSE\symbol=BHARTIARTL\part-093726_926910-047685.parquet,34592,downloaded,34592,
2026-07-17,NSE,BHARTIARTL,raw_l2/trade_date=2026-07-17/exchange=NSE/symbol=BHARTIARTL/part-093547_472172-047461.parquet,real_data_sample\l2_unseen_validation\trade_date=2026-07-17\exchange=NSE\symbol=BHARTIARTL\part-093547_472172-047461.parquet,35388,downloaded,35388,
2026-07-17,NSE,BHARTIARTL,raw_l2/trade_date=2026-07-17/exchange=NSE/symbol=BHARTIARTL/part-093601_969097-047493.parquet,real_data_sample\l2_unseen_validation\trade_date=2026-07-17\exchange=NSE\symbol=BHARTIARTL\part-093601_969097-047493.parquet,36257,downloaded,36257,
2026-07-17,NSE,BHARTIARTL,raw_l2/trade_date=2026-07-17/exchange=NSE/symbol=BHARTIARTL/part-093754_947797-047749.parquet,real_data_sample\l2_unseen_validation\trade_date=2026-07-17\exchange=NSE\symbol=BHARTIARTL\part-093754_947797-047749.parquet,34407,downloaded,34407,
2026-07-17,NSE,BHARTIARTL,raw_l2/trade_date=2026-07-17/exchange=NSE/symbol=BHARTIARTL/part-093616_481892-047525.parquet,real_data_sample\l2_unseen_validation\trade_date=2026-07-17\exchange=NSE\symbol=BHARTIARTL\part-093616_481892-047525.parquet,35841,downloaded,35841,
2026-07-17,NSE,BHARTIARTL,raw_l2/trade_date=2026-07-17/exchange=NSE/symbol=BHARTIARTL/part-093658_942789-047621.parquet,real_data_sample\l2_unseen_validation\trade_date=2026-07-17\exchange=NSE\symbol=BHARTIARTL\part-093658_942789-047621.parquet,35682,downloaded,35682,
2026-07-17,NSE,BHARTIARTL,raw_l2/trade_date=2026-07-17/exchange=NSE/symbol=BHARTIARTL/part-093644_932117-047589.parquet,real_data_sample\l2_unseen_validation\trade_date=2026-07-17\exchange=NSE\symbol=BHARTIARTL\part-093644_932117-047589.parquet,35549,downloaded,35549,
2026-07-17,NSE,BHARTIARTL,raw_l2/trade_date=2026-07-17/exchange=NSE/symbol=BHARTIARTL/part-093712_950315-047653.parquet,real_data_sample\l2_unseen_validation\trade_date=2026-07-17\exchange=NSE\symbol=BHARTIARTL\part-093712_950315-047653.parquet,35616,downloaded,35616,
2026-07-17,NSE,BHARTIARTL,raw_l2/trade_date=2026-07-17/exchange=NSE/symbol=BHARTIARTL/part-093809_178093-047781.parquet,real_data_sample\l2_unseen_validation\trade_date=2026-07-17\exchange=NSE\symbol=BHARTIARTL\part-093809_178093-047781.parquet,34550,downloaded,34550,
2026-07-17,NSE,BHARTIARTL,raw_l2/trade_date=2026-07-17/exchange=NSE/symbol=BHARTIARTL/part-093906_017573-047909.parquet,real_data_sample\l2_unseen_validation\trade_date=2026-07-17\exchange=NSE\symbol=BHARTIARTL\part-093906_017573-047909.parquet,34507,downloaded,34507,
2026-07-17,NSE,BHARTIARTL,raw_l2/trade_date=2026-07-17/exchange=NSE/symbol=BHARTIARTL/part-093837_462073-047845.parquet,real_data_sample\l2_unseen_validation\trade_date=2026-07-17\exchange=NSE\symbol=BHARTIARTL\part-093837_462073-047845.parquet,34522,downloaded,34522,
2026-07-17,NSE,BHARTIARTL,raw_l2/trade_date=2026-07-17/exchange=NSE/symbol=BHARTIARTL/part-093920_523268-047941.parquet,real_data_sample\l2_unseen_validation\trade_date=2026-07-17\exchange=NSE\symbol=BHARTIARTL\part-093920_523268-047941.parquet,34711,downloaded,34711,
2026-07-17,NSE,BHARTIARTL,raw_l2/trade_date=2026-07-17/exchange=NSE/symbol=BHARTIARTL/part-093934_964920-047973.parquet,real_data_sample\l2_unseen_validation\trade_date=2026-07-17\exchange=NSE\symbol=BHARTIARTL\part-093934_964920-047973.parquet,34703,downloaded,34703,
2026-07-17,NSE,BHARTIARTL,raw_l2/trade_date=2026-07-17/exchange=NSE/symbol=BHARTIARTL/part-093823_218472-047813.parquet,real_data_sample\l2_unseen_validation\trade_date=2026-07-17\exchange=NSE\symbol=BHARTIARTL\part-093823_218472-047813.parquet,34466,downloaded,34466,
2026-07-17,NSE,BHARTIARTL,raw_l2/trade_date=2026-07-17/exchange=NSE/symbol=BHARTIARTL/part-093851_687439-047877.parquet,real_data_sample\l2_unseen_validation\trade_date=2026-07-17\exchange=NSE\symbol=BHARTIARTL\part-093851_687439-047877.parquet,34675,downloaded,34675,
2026-07-17,NSE,BHARTIARTL,raw_l2/trade_date=2026-07-17/exchange=NSE/symbol=BHARTIARTL/part-093949_277786-048005.parquet,real_data_sample\l2_unseen_validation\trade_date=2026-07-17\exchange=NSE\symbol=BHARTIARTL\part-093949_277786-048005.parquet,34636,downloaded,34636,
2026-07-17,NSE,BHARTIARTL,raw_l2/trade_date=2026-07-17/exchange=NSE/symbol=BHARTIARTL/part-094003_705230-048037.parquet,real_data_sample\l2_unseen_validation\trade_date=2026-07-17\exchange=NSE\symbol=BHARTIARTL\part-094003_705230-048037.parquet,34666,downloaded,34666,
2026-07-17,NSE,BHARTIARTL,raw_l2/trade_date=2026-07-17/exchange=NSE/symbol=BHARTIARTL/part-094046_443693-048133.parquet,real_data_sample\l2_unseen_validation\trade_date=2026-07-17\exchange=NSE\symbol=BHARTIARTL\part-094046_443693-048133.parquet,34476,downloaded,34476,
2026-07-17,NSE,BHARTIARTL,raw_l2/trade_date=2026-07-17/exchange=NSE/symbol=BHARTIARTL/part-094032_252846-048101.parquet,real_data_sample\l2_unseen_validation\trade_date=2026-07-17\exchange=NSE\symbol=BHARTIARTL\part-094032_252846-048101.parquet,34782,downloaded,34782,
2026-07-17,NSE,BHARTIARTL,raw_l2/trade_date=2026-07-17/exchange=NSE/symbol=BHARTIARTL/part-091845_288046-045189.parquet,real_data_sample\l2_unseen_validation\trade_date=2026-07-17\exchange=NSE\symbol=BHARTIARTL\part-091845_288046-045189.parquet,34580,downloaded,34580,
2026-07-17,NSE,BHARTIARTL,raw_l2/trade_date=2026-07-17/exchange=NSE/symbol=BHARTIARTL/part-094115_276697-048197.parquet,real_data_sample\l2_unseen_validation\trade_date=2026-07-17\exchange=NSE\symbol=BHARTIARTL\part-094115_276697-048197.parquet,35116,downloaded,35116,
2026-07-17,NSE,BHARTIARTL,raw_l2/trade_date=2026-07-17/exchange=NSE/symbol=BHARTIARTL/part-094144_202524-048261.parquet,real_data_sample\l2_unseen_validation\trade_date=2026-07-17\exchange=NSE\symbol=BHARTIARTL\part-094144_202524-048261.parquet,35724,downloaded,35724,
2026-07-17,NSE,BHARTIARTL,raw_l2/trade_date=2026-07-17/exchange=NSE/symbol=BHARTIARTL/part-094212_970655-048325.parquet,real_data_sample\l2_unseen_validation\trade_date=2026-07-17\exchange=NSE\symbol=BHARTIARTL\part-094212_970655-048325.parquet,35996,downloaded,35996,
2026-07-17,NSE,BHARTIARTL,raw_l2/trade_date=2026-07-17/exchange=NSE/symbol=BHARTIARTL/part-094158_515611-048293.parquet,real_data_sample\l2_unseen_validation\trade_date=2026-07-17\exchange=NSE\symbol=BHARTIARTL\part-094158_515611-048293.parquet,36336,downloaded,36336,
2026-07-17,NSE,BHARTIARTL,raw_l2/trade_date=2026-07-17/exchange=NSE/symbol=BHARTIARTL/part-094100_903580-048165.parquet,real_data_sample\l2_unseen_validation\trade_date=2026-07-17\exchange=NSE\symbol=BHARTIARTL\part-094100_903580-048165.parquet,34650,downloaded,34650,
2026-07-17,NSE,BHARTIARTL,raw_l2/trade_date=2026-07-17/exchange=NSE/symbol=BHARTIARTL/part-094129_699393-048229.parquet,real_data_sample\l2_unseen_validation\trade_date=2026-07-17\exchange=NSE\symbol=BHARTIARTL\part-094129_699393-048229.parquet,35522,downloaded,35522,
2026-07-17,NSE,BHARTIARTL,raw_l2/trade_date=2026-07-17/exchange=NSE/symbol=BHARTIARTL/part-094017_963867-048069.parquet,real_data_sample\l2_unseen_validation\trade_date=2026-07-17\exchange=NSE\symbol=BHARTIARTL\part-094017_963867-048069.parquet,34182,downloaded,34182,
2026-07-17,NSE,BHARTIARTL,raw_l2/trade_date=2026-07-17/exchange=NSE/symbol=BHARTIARTL/part-094241_710760-048389.parquet,real_data_sample\l2_unseen_validation\trade_date=2026-07-17\exchange=NSE\symbol=BHARTIARTL\part-094241_710760-048389.parquet,35723,downloaded,35723,
2026-07-17,NSE,BHARTIARTL,raw_l2/trade_date=2026-07-17/exchange=NSE/symbol=BHARTIARTL/part-094338_494039-048517.parquet,real_data_sample\l2_unseen_validation\trade_date=2026-07-17\exchange=NSE\symbol=BHARTIARTL\part-094338_494039-048517.parquet,34450,downloaded,34450,
2026-07-17,NSE,BHARTIARTL,raw_l2/trade_date=2026-07-17/exchange=NSE/symbol=BHARTIARTL/part-093630_715715-047557.parquet,real_data_sample\l2_unseen_validation\trade_date=2026-07-17\exchange=NSE\symbol=BHARTIARTL\part-093630_715715-047557.parquet,35700,downloaded,35700,
2026-07-17,NSE,BHARTIARTL,raw_l2/trade_date=2026-07-17/exchange=NSE/symbol=BHARTIARTL/part-094324_259542-048485.parquet,real_data_sample\l2_unseen_validation\trade_date=2026-07-17\exchange=NSE\symbol=BHARTIARTL\part-094324_259542-048485.parquet,34432,downloaded,34432,
2026-07-17,NSE,BHARTIARTL,raw_l2/trade_date=2026-07-17/exchange=NSE/symbol=BHARTIARTL/part-094407_486541-048581.parquet,real_data_sample\l2_unseen_validation\trade_date=2026-07-17\exchange=NSE\symbol=BHARTIARTL\part-094407_486541-048581.parquet,34592,downloaded,34592,
2026-07-17,NSE,BHARTIARTL,raw_l2/trade_date=2026-07-17/exchange=NSE/symbol=BHARTIARTL/part-094227_453023-048357.parquet,real_data_sample\l2_unseen_validation\trade_date=2026-07-17\exchange=NSE\symbol=BHARTIARTL\part-094227_453023-048357.parquet,35785,downloaded,35785,
2026-07-17,NSE,BHARTIARTL,raw_l2/trade_date=2026-07-17/exchange=NSE/symbol=BHARTIARTL/part-094255_989954-048421.parquet,real_data_sample\l2_unseen_validation\trade_date=2026-07-17\exchange=NSE\symbol=BHARTIARTL\part-094255_989954-048421.parquet,35803,downloaded,35803,
2026-07-17,NSE,BHARTIARTL,raw_l2/trade_date=2026-07-17/exchange=NSE/symbol=BHARTIARTL/part-094353_036861-048549.parquet,real_data_sample\l2_unseen_validation\trade_date=2026-07-17\exchange=NSE\symbol=BHARTIARTL\part-094353_036861-048549.parquet,34466,downloaded,34466,
2026-07-17,NSE,BHARTIARTL,raw_l2/trade_date=2026-07-17/exchange=NSE/symbol=BHARTIARTL/part-094436_015326-048645.parquet,real_data_sample\l2_unseen_validation\trade_date=2026-07-17\exchange=NSE\symbol=BHARTIARTL\part-094436_015326-048645.parquet,34671,downloaded,34671,
2026-07-17,NSE,BHARTIARTL,raw_l2/trade_date=2026-07-17/exchange=NSE/symbol=BHARTIARTL/part-094309_988900-048453.parquet,real_data_sample\l2_unseen_validation\trade_date=2026-07-17\exchange=NSE\symbol=BHARTIARTL\part-094309_988900-048453.parquet,35362,downloaded,35362,
2026-07-17,NSE,BHARTIARTL,raw_l2/trade_date=2026-07-17/exchange=NSE/symbol=BHARTIARTL/part-094421_720450-048613.parquet,real_data_sample\l2_unseen_validation\trade_date=2026-07-17\exchange=NSE\symbol=BHARTIARTL\part-094421_720450-048613.parquet,34525,downloaded,34525,
2026-07-17,NSE,BHARTIARTL,raw_l2/trade_date=2026-07-17/exchange=NSE/symbol=BHARTIARTL/part-094450_484010-048677.parquet,real_data_sample\l2_unseen_validation\trade_date=2026-07-17\exchange=NSE\symbol=BHARTIARTL\part-094450_484010-048677.parquet,34724,downloaded,34724,
2026-07-17,NSE,BHARTIARTL,raw_l2/trade_date=2026-07-17/exchange=NSE/symbol=BHARTIARTL/part-094601_772529-048837.parquet,real_data_sample\l2_unseen_validation\trade_date=2026-07-17\exchange=NSE\symbol=BHARTIARTL\part-094601_772529-048837.parquet,34372,downloaded,34372,
2026-07-17,NSE,BHARTIARTL,raw_l2/trade_date=2026-07-17/exchange=NSE/symbol=BHARTIARTL/part-094547_247470-048805.parquet,real_data_sample\l2_unseen_validation\trade_date=2026-07-17\exchange=NSE\symbol=BHARTIARTL\part-094547_247470-048805.parquet,34529,downloaded,34529,
2026-07-17,NSE,BHARTIARTL,raw_l2/trade_date=2026-07-17/exchange=NSE/symbol=BHARTIARTL/part-094532_973525-048773.parquet,real_data_sample\l2_unseen_validation\trade_date=2026-07-17\exchange=NSE\symbol=BHARTIARTL\part-094532_973525-048773.parquet,34502,downloaded,34502,
2026-07-17,NSE,BHARTIARTL,raw_l2/trade_date=2026-07-17/exchange=NSE/symbol=BHARTIARTL/part-094658_492387-048965.parquet,real_data_sample\l2_unseen_validation\trade_date=2026-07-17\exchange=NSE\symbol=BHARTIARTL\part-094658_492387-048965.parquet,34630,downloaded,34630,
2026-07-17,NSE,BHARTIARTL,raw_l2/trade_date=2026-07-17/exchange=NSE/symbol=BHARTIARTL/part-094616_054046-048869.parquet,real_data_sample\l2_unseen_validation\trade_date=2026-07-17\exchange=NSE\symbol=BHARTIARTL\part-094616_054046-048869.parquet,34523,downloaded,34523,
2026-07-17,NSE,BHARTIARTL,raw_l2/trade_date=2026-07-17/exchange=NSE/symbol=BHARTIARTL/part-094741_228097-049061.parquet,real_data_sample\l2_unseen_validation\trade_date=2026-07-17\exchange=NSE\symbol=BHARTIARTL\part-094741_228097-049061.parquet,34364,downloaded,34364,
2026-07-17,NSE,BHARTIARTL,raw_l2/trade_date=2026-07-17/exchange=NSE/symbol=BHARTIARTL/part-094630_479853-048901.parquet,real_data_sample\l2_unseen_validation\trade_date=2026-07-17\exchange=NSE\symbol=BHARTIARTL\part-094630_479853-048901.parquet,34637,downloaded,34637,
2026-07-17,NSE,BHARTIARTL,raw_l2/trade_date=2026-07-17/exchange=NSE/symbol=BHARTIARTL/part-094726_994231-049029.parquet,real_data_sample\l2_unseen_validation\trade_date=2026-07-17\exchange=NSE\symbol=BHARTIARTL\part-094726_994231-049029.parquet,34514,downloaded,34514,
2026-07-17,NSE,BHARTIARTL,raw_l2/trade_date=2026-07-17/exchange=NSE/symbol=BHARTIARTL/part-094712_752888-048997.parquet,real_data_sample\l2_unseen_validation\trade_date=2026-07-17\exchange=NSE\symbol=BHARTIARTL\part-094712_752888-048997.parquet,34332,downloaded,34332,
2026-07-17,NSE,BHARTIARTL,raw_l2/trade_date=2026-07-17/exchange=NSE/symbol=BHARTIARTL/part-094644_453466-048933.parquet,real_data_sample\l2_unseen_validation\trade_date=2026-07-17\exchange=NSE\symbol=BHARTIARTL\part-094644_453466-048933.parquet,34446,downloaded,34446,
2026-07-17,NSE,BHARTIARTL,raw_l2/trade_date=2026-07-17/exchange=NSE/symbol=BHARTIARTL/part-094504_735371-048709.parquet,real_data_sample\l2_unseen_validation\trade_date=2026-07-17\exchange=NSE\symbol=BHARTIARTL\part-094504_735371-048709.parquet,34479,downloaded,34479,
2026-07-17,NSE,BHARTIARTL,raw_l2/trade_date=2026-07-17/exchange=NSE/symbol=BHARTIARTL/part-094518_964068-048741.parquet,real_data_sample\l2_unseen_validation\trade_date=2026-07-17\exchange=NSE\symbol=BHARTIARTL\part-094518_964068-048741.parquet,34467,downloaded,34467,
2026-07-17,NSE,BHARTIARTL,raw_l2/trade_date=2026-07-17/exchange=NSE/symbol=BHARTIARTL/part-094823_970152-049157.parquet,real_data_sample\l2_unseen_validation\trade_date=2026-07-17\exchange=NSE\symbol=BHARTIARTL\part-094823_970152-049157.parquet,34517,downloaded,34517,
2026-07-17,NSE,BHARTIARTL,raw_l2/trade_date=2026-07-17/exchange=NSE/symbol=BHARTIARTL/part-094809_985309-049125.parquet,real_data_sample\l2_unseen_validation\trade_date=2026-07-17\exchange=NSE\symbol=BHARTIARTL\part-094809_985309-049125.parquet,34356,downloaded,34356,
2026-07-17,NSE,BHARTIARTL,raw_l2/trade_date=2026-07-17/exchange=NSE/symbol=BHARTIARTL/part-094906_989844-049253.parquet,real_data_sample\l2_unseen_validation\trade_date=2026-07-17\exchange=NSE\symbol=BHARTIARTL\part-094906_989844-049253.parquet,34479,downloaded,34479,
2026-07-17,NSE,BHARTIARTL,raw_l2/trade_date=2026-07-17/exchange=NSE/symbol=BHARTIARTL/part-094838_464531-049189.parquet,real_data_sample\l2_unseen_validation\trade_date=2026-07-17\exchange=NSE\symbol=BHARTIARTL\part-094838_464531-049189.parquet,34520,downloaded,34520,
2026-07-17,NSE,BHARTIARTL,raw_l2/trade_date=2026-07-17/exchange=NSE/symbol=BHARTIARTL/part-094921_404824-049285.parquet,real_data_sample\l2_unseen_validation\trade_date=2026-07-17\exchange=NSE\symbol=BHARTIARTL\part-094921_404824-049285.parquet,34616,downloaded,34616,
2026-07-17,NSE,BHARTIARTL,raw_l2/trade_date=2026-07-17/exchange=NSE/symbol=BHARTIARTL/part-094949_694944-049349.parquet,real_data_sample\l2_unseen_validation\trade_date=2026-07-17\exchange=NSE\symbol=BHARTIARTL\part-094949_694944-049349.parquet,34630,downloaded,34630,
2026-07-17,NSE,BHARTIARTL,raw_l2/trade_date=2026-07-17/exchange=NSE/symbol=BHARTIARTL/part-094935_488384-049317.parquet,real_data_sample\l2_unseen_validation\trade_date=2026-07-17\exchange=NSE\symbol=BHARTIARTL\part-094935_488384-049317.parquet,34572,downloaded,34572,
2026-07-17,NSE,BHARTIARTL,raw_l2/trade_date=2026-07-17/exchange=NSE/symbol=BHARTIARTL/part-094852_520062-049221.parquet,real_data_sample\l2_unseen_validation\trade_date=2026-07-17\exchange=NSE\symbol=BHARTIARTL\part-094852_520062-049221.parquet,34669,downloaded,34669,
2026-07-17,NSE,BHARTIARTL,raw_l2/trade_date=2026-07-17/exchange=NSE/symbol=BHARTIARTL/part-095046_728511-049477.parquet,real_data_sample\l2_unseen_validation\trade_date=2026-07-17\exchange=NSE\symbol=BHARTIARTL\part-095046_728511-049477.parquet,34710,downloaded,34710,
2026-07-17,NSE,BHARTIARTL,raw_l2/trade_date=2026-07-17/exchange=NSE/symbol=BHARTIARTL/part-095003_955262-049381.parquet,real_data_sample\l2_unseen_validation\trade_date=2026-07-17\exchange=NSE\symbol=BHARTIARTL\part-095003_955262-049381.parquet,34513,downloaded,34513,
2026-07-17,NSE,BHARTIARTL,raw_l2/trade_date=2026-07-17/exchange=NSE/symbol=BHARTIARTL/part-095100_707672-049509.parquet,real_data_sample\l2_unseen_validation\trade_date=2026-07-17\exchange=NSE\symbol=BHARTIARTL\part-095100_707672-049509.parquet,34453,downloaded,34453,
2026-07-17,NSE,BHARTIARTL,raw_l2/trade_date=2026-07-17/exchange=NSE/symbol=BHARTIARTL/part-095032_476622-049445.parquet,real_data_sample\l2_unseen_validation\trade_date=2026-07-17\exchange=NSE\symbol=BHARTIARTL\part-095032_476622-049445.parquet,34485,downloaded,34485,
2026-07-17,NSE,BHARTIARTL,raw_l2/trade_date=2026-07-17/exchange=NSE/symbol=BHARTIARTL/part-095142_967501-049605.parquet,real_data_sample\l2_unseen_validation\trade_date=2026-07-17\exchange=NSE\symbol=BHARTIARTL\part-095142_967501-049605.parquet,34494,downloaded,34494,
2026-07-17,NSE,BHARTIARTL,raw_l2/trade_date=2026-07-17/exchange=NSE/symbol=BHARTIARTL/part-095128_927908-049573.parquet,real_data_sample\l2_unseen_validation\trade_date=2026-07-17\exchange=NSE\symbol=BHARTIARTL\part-095128_927908-049573.parquet,34455,downloaded,34455,
2026-07-17,NSE,BHARTIARTL,raw_l2/trade_date=2026-07-17/exchange=NSE/symbol=BHARTIARTL/part-095211_291691-049669.parquet,real_data_sample\l2_unseen_validation\trade_date=2026-07-17\exchange=NSE\symbol=BHARTIARTL\part-095211_291691-049669.parquet,34772,downloaded,34772,
2026-07-17,NSE,BHARTIARTL,raw_l2/trade_date=2026-07-17/exchange=NSE/symbol=BHARTIARTL/part-095156_930777-049637.parquet,real_data_sample\l2_unseen_validation\trade_date=2026-07-17\exchange=NSE\symbol=BHARTIARTL\part-095156_930777-049637.parquet,34501,downloaded,34501,
2026-07-17,NSE,BHARTIARTL,raw_l2/trade_date=2026-07-17/exchange=NSE/symbol=BHARTIARTL/part-095114_696570-049541.parquet,real_data_sample\l2_unseen_validation\trade_date=2026-07-17\exchange=NSE\symbol=BHARTIARTL\part-095114_696570-049541.parquet,34494,downloaded,34494,
2026-07-17,NSE,BHARTIARTL,raw_l2/trade_date=2026-07-17/exchange=NSE/symbol=BHARTIARTL/part-095239_472306-049733.parquet,real_data_sample\l2_unseen_validation\trade_date=2026-07-17\exchange=NSE\symbol=BHARTIARTL\part-095239_472306-049733.parquet,35960,downloaded,35960,
2026-07-17,NSE,BHARTIARTL,raw_l2/trade_date=2026-07-17/exchange=NSE/symbol=BHARTIARTL/part-095225_492503-049701.parquet,real_data_sample\l2_unseen_validation\trade_date=2026-07-17\exchange=NSE\symbol=BHARTIARTL\part-095225_492503-049701.parquet,35753,downloaded,35753,
2026-07-17,NSE,BHARTIARTL,raw_l2/trade_date=2026-07-17/exchange=NSE/symbol=BHARTIARTL/part-095336_220359-049861.parquet,real_data_sample\l2_unseen_validation\trade_date=2026-07-17\exchange=NSE\symbol=BHARTIARTL\part-095336_220359-049861.parquet,34438,downloaded,34438,
2026-07-17,NSE,BHARTIARTL,raw_l2/trade_date=2026-07-17/exchange=NSE/symbol=BHARTIARTL/part-095405_014892-049925.parquet,real_data_sample\l2_unseen_validation\trade_date=2026-07-17\exchange=NSE\symbol=BHARTIARTL\part-095405_014892-049925.parquet,34401,downloaded,34401,
2026-07-17,NSE,BHARTIARTL,raw_l2/trade_date=2026-07-17/exchange=NSE/symbol=BHARTIARTL/part-095307_502076-049797.parquet,real_data_sample\l2_unseen_validation\trade_date=2026-07-17\exchange=NSE\symbol=BHARTIARTL\part-095307_502076-049797.parquet,35743,downloaded,35743,
2026-07-17,NSE,BHARTIARTL,raw_l2/trade_date=2026-07-17/exchange=NSE/symbol=BHARTIARTL/part-095447_733942-050021.parquet,real_data_sample\l2_unseen_validation\trade_date=2026-07-17\exchange=NSE\symbol=BHARTIARTL\part-095447_733942-050021.parquet,34377,downloaded,34377,
2026-07-17,NSE,BHARTIARTL,raw_l2/trade_date=2026-07-17/exchange=NSE/symbol=BHARTIARTL/part-095253_443648-049765.parquet,real_data_sample\l2_unseen_validation\trade_date=2026-07-17\exchange=NSE\symbol=BHARTIARTL\part-095253_443648-049765.parquet,35761,downloaded,35761,
2026-07-17,NSE,BHARTIARTL,raw_l2/trade_date=2026-07-17/exchange=NSE/symbol=BHARTIARTL/part-095433_478966-049989.parquet,real_data_sample\l2_unseen_validation\trade_date=2026-07-17\exchange=NSE\symbol=BHARTIARTL\part-095433_478966-049989.parquet,34459,downloaded,34459,
2026-07-17,NSE,BHARTIARTL,raw_l2/trade_date=2026-07-17/exchange=NSE/symbol=BHARTIARTL/part-095419_501480-049957.parquet,real_data_sample\l2_unseen_validation\trade_date=2026-07-17\exchange=NSE\symbol=BHARTIARTL\part-095419_501480-049957.parquet,34390,downloaded,34390,
2026-07-17,NSE,BHARTIARTL,raw_l2/trade_date=2026-07-17/exchange=NSE/symbol=BHARTIARTL/part-095502_011771-050053.parquet,real_data_sample\l2_unseen_validation\trade_date=2026-07-17\exchange=NSE\symbol=BHARTIARTL\part-095502_011771-050053.parquet,34420,downloaded,34420,
2026-07-17,NSE,BHARTIARTL,raw_l2/trade_date=2026-07-17/exchange=NSE/symbol=BHARTIARTL/part-095321_732385-049829.parquet,real_data_sample\l2_unseen_validation\trade_date=2026-07-17\exchange=NSE\symbol=BHARTIARTL\part-095321_732385-049829.parquet,34603,downloaded,34603,
2026-07-17,NSE,BHARTIARTL,raw_l2/trade_date=2026-07-17/exchange=NSE/symbol=BHARTIARTL/part-095350_545683-049893.parquet,real_data_sample\l2_unseen_validation\trade_date=2026-07-17\exchange=NSE\symbol=BHARTIARTL\part-095350_545683-049893.parquet,34540,downloaded,34540,
2026-07-17,NSE,BHARTIARTL,raw_l2/trade_date=2026-07-17/exchange=NSE/symbol=BHARTIARTL/part-095515_988565-050085.parquet,real_data_sample\l2_unseen_validation\trade_date=2026-07-17\exchange=NSE\symbol=BHARTIARTL\part-095515_988565-050085.parquet,35107,downloaded,35107,
2026-07-17,NSE,BHARTIARTL,raw_l2/trade_date=2026-07-17/exchange=NSE/symbol=BHARTIARTL/part-094755_726499-049093.parquet,real_data_sample\l2_unseen_validation\trade_date=2026-07-17\exchange=NSE\symbol=BHARTIARTL\part-094755_726499-049093.parquet,34375,downloaded,34375,
2026-07-17,NSE,BHARTIARTL,raw_l2/trade_date=2026-07-17/exchange=NSE/symbol=BHARTIARTL/part-095544_852313-050149.parquet,real_data_sample\l2_unseen_validation\trade_date=2026-07-17\exchange=NSE\symbol=BHARTIARTL\part-095544_852313-050149.parquet,36044,downloaded,36044,
2026-07-17,NSE,BHARTIARTL,raw_l2/trade_date=2026-07-17/exchange=NSE/symbol=BHARTIARTL/part-095530_264255-050117.parquet,real_data_sample\l2_unseen_validation\trade_date=2026-07-17\exchange=NSE\symbol=BHARTIARTL\part-095530_264255-050117.parquet,36598,downloaded,36598,
2026-07-17,NSE,BHARTIARTL,raw_l2/trade_date=2026-07-17/exchange=NSE/symbol=BHARTIARTL/part-095628_236965-050245.parquet,real_data_sample\l2_unseen_validation\trade_date=2026-07-17\exchange=NSE\symbol=BHARTIARTL\part-095628_236965-050245.parquet,34449,downloaded,34449,
2026-07-17,NSE,BHARTIARTL,raw_l2/trade_date=2026-07-17/exchange=NSE/symbol=BHARTIARTL/part-095559_493104-050181.parquet,real_data_sample\l2_unseen_validation\trade_date=2026-07-17\exchange=NSE\symbol=BHARTIARTL\part-095559_493104-050181.parquet,36085,downloaded,36085,
2026-07-17,NSE,BHARTIARTL,raw_l2/trade_date=2026-07-17/exchange=NSE/symbol=BHARTIARTL/part-095642_732340-050277.parquet,real_data_sample\l2_unseen_validation\trade_date=2026-07-17\exchange=NSE\symbol=BHARTIARTL\part-095642_732340-050277.parquet,34371,downloaded,34371,
2026-07-17,NSE,BHARTIARTL,raw_l2/trade_date=2026-07-17/exchange=NSE/symbol=BHARTIARTL/part-095614_025231-050213.parquet,real_data_sample\l2_unseen_validation\trade_date=2026-07-17\exchange=NSE\symbol=BHARTIARTL\part-095614_025231-050213.parquet,35655,downloaded,35655,
2026-07-17,NSE,BHARTIARTL,raw_l2/trade_date=2026-07-17/exchange=NSE/symbol=BHARTIARTL/part-095657_354324-050309.parquet,real_data_sample\l2_unseen_validation\trade_date=2026-07-17\exchange=NSE\symbol=BHARTIARTL\part-095657_354324-050309.parquet,34509,downloaded,34509,
2026-07-17,NSE,BHARTIARTL,raw_l2/trade_date=2026-07-17/exchange=NSE/symbol=BHARTIARTL/part-095018_181794-049413.parquet,real_data_sample\l2_unseen_validation\trade_date=2026-07-17\exchange=NSE\symbol=BHARTIARTL\part-095018_181794-049413.parquet,34182,downloaded,34182,
2026-07-17,NSE,BHARTIARTL,raw_l2/trade_date=2026-07-17/exchange=NSE/symbol=BHARTIARTL/part-095712_343682-050341.parquet,real_data_sample\l2_unseen_validation\trade_date=2026-07-17\exchange=NSE\symbol=BHARTIARTL\part-095712_343682-050341.parquet,34377,downloaded,34377,
2026-07-17,NSE,BHARTIARTL,raw_l2/trade_date=2026-07-17/exchange=NSE/symbol=BHARTIARTL/part-095741_274878-050405.parquet,real_data_sample\l2_unseen_validation\trade_date=2026-07-17\exchange=NSE\symbol=BHARTIARTL\part-095741_274878-050405.parquet,34395,downloaded,34395,
2026-07-17,NSE,BHARTIARTL,raw_l2/trade_date=2026-07-17/exchange=NSE/symbol=BHARTIARTL/part-095809_737760-050469.parquet,real_data_sample\l2_unseen_validation\trade_date=2026-07-17\exchange=NSE\symbol=BHARTIARTL\part-095809_737760-050469.parquet,34389,downloaded,34389,
2026-07-17,NSE,BHARTIARTL,raw_l2/trade_date=2026-07-17/exchange=NSE/symbol=BHARTIARTL/part-095755_487487-050437.parquet,real_data_sample\l2_unseen_validation\trade_date=2026-07-17\exchange=NSE\symbol=BHARTIARTL\part-095755_487487-050437.parquet,34286,downloaded,34286,
2026-07-17,NSE,BHARTIARTL,raw_l2/trade_date=2026-07-17/exchange=NSE/symbol=BHARTIARTL/part-095726_787376-050373.parquet,real_data_sample\l2_unseen_validation\trade_date=2026-07-17\exchange=NSE\symbol=BHARTIARTL\part-095726_787376-050373.parquet,34464,downloaded,34464,
2026-07-17,NSE,BHARTIARTL,raw_l2/trade_date=2026-07-17/exchange=NSE/symbol=BHARTIARTL/part-095823_776097-050501.parquet,real_data_sample\l2_unseen_validation\trade_date=2026-07-17\exchange=NSE\symbol=BHARTIARTL\part-095823_776097-050501.parquet,34501,downloaded,34501,
2026-07-17,NSE,BHARTIARTL,raw_l2/trade_date=2026-07-17/exchange=NSE/symbol=BHARTIARTL/part-095922_287791-050629.parquet,real_data_sample\l2_unseen_validation\trade_date=2026-07-17\exchange=NSE\symbol=BHARTIARTL\part-095922_287791-050629.parquet,35609,downloaded,35609,
2026-07-17,NSE,BHARTIARTL,raw_l2/trade_date=2026-07-17/exchange=NSE/symbol=BHARTIARTL/part-095838_546662-050533.parquet,real_data_sample\l2_unseen_validation\trade_date=2026-07-17\exchange=NSE\symbol=BHARTIARTL\part-095838_546662-050533.parquet,34487,downloaded,34487,
2026-07-17,NSE,BHARTIARTL,raw_l2/trade_date=2026-07-17/exchange=NSE/symbol=BHARTIARTL/part-095853_257922-050565.parquet,real_data_sample\l2_unseen_validation\trade_date=2026-07-17\exchange=NSE\symbol=BHARTIARTL\part-095853_257922-050565.parquet,34728,downloaded,34728,
2026-07-17,NSE,BHARTIARTL,raw_l2/trade_date=2026-07-17/exchange=NSE/symbol=BHARTIARTL/part-095907_780502-050597.parquet,real_data_sample\l2_unseen_validation\trade_date=2026-07-17\exchange=NSE\symbol=BHARTIARTL\part-095907_780502-050597.parquet,34187,downloaded,34187,
2026-07-17,NSE,BHARTIARTL,raw_l2/trade_date=2026-07-17/exchange=NSE/symbol=BHARTIARTL/part-095936_800741-050661.parquet,real_data_sample\l2_unseen_validation\trade_date=2026-07-17\exchange=NSE\symbol=BHARTIARTL\part-095936_800741-050661.parquet,36018,downloaded,36018,
2026-07-17,NSE,BHARTIARTL,raw_l2/trade_date=2026-07-17/exchange=NSE/symbol=BHARTIARTL/part-095951_243437-050693.parquet,real_data_sample\l2_unseen_validation\trade_date=2026-07-17\exchange=NSE\symbol=BHARTIARTL\part-095951_243437-050693.parquet,35784,downloaded,35784,
2026-07-17,NSE,BHARTIARTL,raw_l2/trade_date=2026-07-17/exchange=NSE/symbol=BHARTIARTL/part-100005_492921-050725.parquet,real_data_sample\l2_unseen_validation\trade_date=2026-07-17\exchange=NSE\symbol=BHARTIARTL\part-100005_492921-050725.parquet,35254,downloaded,35254,
2026-07-17,NSE,BHARTIARTL,raw_l2/trade_date=2026-07-17/exchange=NSE/symbol=BHARTIARTL/part-100113_227441-050753.parquet,real_data_sample\l2_unseen_validation\trade_date=2026-07-17\exchange=NSE\symbol=BHARTIARTL\part-100113_227441-050753.parquet,34108,downloaded,34108,
2026-07-17,NSE,BPCL,raw_l2/trade_date=2026-07-17/exchange=NSE/symbol=BPCL/part-034515_787590-000038.parquet,real_data_sample\l2_unseen_validation\trade_date=2026-07-17\exchange=NSE\symbol=BPCL\part-034515_787590-000038.parquet,34104,downloaded,34104,
2026-07-17,NSE,BPCL,raw_l2/trade_date=2026-07-17/exchange=NSE/symbol=BPCL/part-034529_553061-000070.parquet,real_data_sample\l2_unseen_validation\trade_date=2026-07-17\exchange=NSE\symbol=BPCL\part-034529_553061-000070.parquet,34460,downloaded,34460,
2026-07-17,NSE,BPCL,raw_l2/trade_date=2026-07-17/exchange=NSE/symbol=BPCL/part-034557_774964-000134.parquet,real_data_sample\l2_unseen_validation\trade_date=2026-07-17\exchange=NSE\symbol=BPCL\part-034557_774964-000134.parquet,34658,downloaded,34658,
2026-07-17,NSE,BPCL,raw_l2/trade_date=2026-07-17/exchange=NSE/symbol=BPCL/part-034501_417519-000006.parquet,real_data_sample\l2_unseen_validation\trade_date=2026-07-17\exchange=NSE\symbol=BPCL\part-034501_417519-000006.parquet,34052,downloaded,34052,
2026-07-17,NSE,BPCL,raw_l2/trade_date=2026-07-17/exchange=NSE/symbol=BPCL/part-034654_062848-000262.parquet,real_data_sample\l2_unseen_validation\trade_date=2026-07-17\exchange=NSE\symbol=BPCL\part-034654_062848-000262.parquet,34442,downloaded,34442,
2026-07-17,NSE,BPCL,raw_l2/trade_date=2026-07-17/exchange=NSE/symbol=BPCL/part-034543_337868-000102.parquet,real_data_sample\l2_unseen_validation\trade_date=2026-07-17\exchange=NSE\symbol=BPCL\part-034543_337868-000102.parquet,34442,downloaded,34442,
2026-07-17,NSE,BPCL,raw_l2/trade_date=2026-07-17/exchange=NSE/symbol=BPCL/part-034640_010257-000230.parquet,real_data_sample\l2_unseen_validation\trade_date=2026-07-17\exchange=NSE\symbol=BPCL\part-034640_010257-000230.parquet,34434,downloaded,34434,
2026-07-17,NSE,BPCL,raw_l2/trade_date=2026-07-17/exchange=NSE/symbol=BPCL/part-034611_776315-000166.parquet,real_data_sample\l2_unseen_validation\trade_date=2026-07-17\exchange=NSE\symbol=BPCL\part-034611_776315-000166.parquet,34121,downloaded,34121,
2026-07-17,NSE,BPCL,raw_l2/trade_date=2026-07-17/exchange=NSE/symbol=BPCL/part-034625_819450-000198.parquet,real_data_sample\l2_unseen_validation\trade_date=2026-07-17\exchange=NSE\symbol=BPCL\part-034625_819450-000198.parquet,34444,downloaded,34444,
2026-07-17,NSE,BPCL,raw_l2/trade_date=2026-07-17/exchange=NSE/symbol=BPCL/part-034750_039579-000390.parquet,real_data_sample\l2_unseen_validation\trade_date=2026-07-17\exchange=NSE\symbol=BPCL\part-034750_039579-000390.parquet,34113,downloaded,34113,
2026-07-17,NSE,BPCL,raw_l2/trade_date=2026-07-17/exchange=NSE/symbol=BPCL/part-034721_801129-000326.parquet,real_data_sample\l2_unseen_validation\trade_date=2026-07-17\exchange=NSE\symbol=BPCL\part-034721_801129-000326.parquet,34421,downloaded,34421,
2026-07-17,NSE,BPCL,raw_l2/trade_date=2026-07-17/exchange=NSE/symbol=BPCL/part-034735_824799-000358.parquet,real_data_sample\l2_unseen_validation\trade_date=2026-07-17\exchange=NSE\symbol=BPCL\part-034735_824799-000358.parquet,34377,downloaded,34377,
2026-07-17,NSE,BPCL,raw_l2/trade_date=2026-07-17/exchange=NSE/symbol=BPCL/part-034804_138838-000422.parquet,real_data_sample\l2_unseen_validation\trade_date=2026-07-17\exchange=NSE\symbol=BPCL\part-034804_138838-000422.parquet,34372,downloaded,34372,
2026-07-17,NSE,BPCL,raw_l2/trade_date=2026-07-17/exchange=NSE/symbol=BPCL/part-034818_291616-000454.parquet,real_data_sample\l2_unseen_validation\trade_date=2026-07-17\exchange=NSE\symbol=BPCL\part-034818_291616-000454.parquet,34684,downloaded,34684,
2026-07-17,NSE,BPCL,raw_l2/trade_date=2026-07-17/exchange=NSE/symbol=BPCL/part-034859_536100-000550.parquet,real_data_sample\l2_unseen_validation\trade_date=2026-07-17\exchange=NSE\symbol=BPCL\part-034859_536100-000550.parquet,34447,downloaded,34447,
2026-07-17,NSE,BPCL,raw_l2/trade_date=2026-07-17/exchange=NSE/symbol=BPCL/part-035037_339766-000774.parquet,real_data_sample\l2_unseen_validation\trade_date=2026-07-17\exchange=NSE\symbol=BPCL\part-035037_339766-000774.parquet,34300,downloaded,34300,
2026-07-17,NSE,BPCL,raw_l2/trade_date=2026-07-17/exchange=NSE/symbol=BPCL/part-035009_546175-000710.parquet,real_data_sample\l2_unseen_validation\trade_date=2026-07-17\exchange=NSE\symbol=BPCL\part-035009_546175-000710.parquet,34426,downloaded,34426,
2026-07-17,NSE,BPCL,raw_l2/trade_date=2026-07-17/exchange=NSE/symbol=BPCL/part-034955_543781-000678.parquet,real_data_sample\l2_unseen_validation\trade_date=2026-07-17\exchange=NSE\symbol=BPCL\part-034955_543781-000678.parquet,34441,downloaded,34441,
2026-07-17,NSE,BPCL,raw_l2/trade_date=2026-07-17/exchange=NSE/symbol=BPCL/part-035051_022709-000806.parquet,real_data_sample\l2_unseen_validation\trade_date=2026-07-17\exchange=NSE\symbol=BPCL\part-035051_022709-000806.parquet,34340,downloaded,34340,
2026-07-17,NSE,BPCL,raw_l2/trade_date=2026-07-17/exchange=NSE/symbol=BPCL/part-034927_566361-000614.parquet,real_data_sample\l2_unseen_validation\trade_date=2026-07-17\exchange=NSE\symbol=BPCL\part-034927_566361-000614.parquet,34048,downloaded,34048,
2026-07-17,NSE,BPCL,raw_l2/trade_date=2026-07-17/exchange=NSE/symbol=BPCL/part-035023_579579-000742.parquet,real_data_sample\l2_unseen_validation\trade_date=2026-07-17\exchange=NSE\symbol=BPCL\part-035023_579579-000742.parquet,34424,downloaded,34424,
2026-07-17,NSE,BPCL,raw_l2/trade_date=2026-07-17/exchange=NSE/symbol=BPCL/part-034941_587351-000646.parquet,real_data_sample\l2_unseen_validation\trade_date=2026-07-17\exchange=NSE\symbol=BPCL\part-034941_587351-000646.parquet,34457,downloaded,34457,
2026-07-17,NSE,BPCL,raw_l2/trade_date=2026-07-17/exchange=NSE/symbol=BPCL/part-034913_623225-000582.parquet,real_data_sample\l2_unseen_validation\trade_date=2026-07-17\exchange=NSE\symbol=BPCL\part-034913_623225-000582.parquet,34651,downloaded,34651,
2026-07-17,NSE,BPCL,raw_l2/trade_date=2026-07-17/exchange=NSE/symbol=BPCL/part-035104_788150-000838.parquet,real_data_sample\l2_unseen_validation\trade_date=2026-07-17\exchange=NSE\symbol=BPCL\part-035104_788150-000838.parquet,34688,downloaded,34688,
2026-07-17,NSE,BPCL,raw_l2/trade_date=2026-07-17/exchange=NSE/symbol=BPCL/part-034845_774733-000518.parquet,real_data_sample\l2_unseen_validation\trade_date=2026-07-17\exchange=NSE\symbol=BPCL\part-034845_774733-000518.parquet,34458,downloaded,34458,
2026-07-17,NSE,BPCL,raw_l2/trade_date=2026-07-17/exchange=NSE/symbol=BPCL/part-035132_308452-000902.parquet,real_data_sample\l2_unseen_validation\trade_date=2026-07-17\exchange=NSE\symbol=BPCL\part-035132_308452-000902.parquet,34415,downloaded,34415,
2026-07-17,NSE,BPCL,raw_l2/trade_date=2026-07-17/exchange=NSE/symbol=BPCL/part-034832_020407-000486.parquet,real_data_sample\l2_unseen_validation\trade_date=2026-07-17\exchange=NSE\symbol=BPCL\part-034832_020407-000486.parquet,34429,downloaded,34429,
2026-07-17,NSE,BPCL,raw_l2/trade_date=2026-07-17/exchange=NSE/symbol=BPCL/part-035146_027648-000934.parquet,real_data_sample\l2_unseen_validation\trade_date=2026-07-17\exchange=NSE\symbol=BPCL\part-035146_027648-000934.parquet,34645,downloaded,34645,
2026-07-17,NSE,BPCL,raw_l2/trade_date=2026-07-17/exchange=NSE/symbol=BPCL/part-035200_071027-000966.parquet,real_data_sample\l2_unseen_validation\trade_date=2026-07-17\exchange=NSE\symbol=BPCL\part-035200_071027-000966.parquet,34606,downloaded,34606,
2026-07-17,NSE,BPCL,raw_l2/trade_date=2026-07-17/exchange=NSE/symbol=BPCL/part-035118_541497-000870.parquet,real_data_sample\l2_unseen_validation\trade_date=2026-07-17\exchange=NSE\symbol=BPCL\part-035118_541497-000870.parquet,34308,downloaded,34308,
2026-07-17,NSE,BPCL,raw_l2/trade_date=2026-07-17/exchange=NSE/symbol=BPCL/part-035255_874653-001094.parquet,real_data_sample\l2_unseen_validation\trade_date=2026-07-17\exchange=NSE\symbol=BPCL\part-035255_874653-001094.parquet,34319,downloaded,34319,
2026-07-17,NSE,BPCL,raw_l2/trade_date=2026-07-17/exchange=NSE/symbol=BPCL/part-035227_775922-001030.parquet,real_data_sample\l2_unseen_validation\trade_date=2026-07-17\exchange=NSE\symbol=BPCL\part-035227_775922-001030.parquet,34111,downloaded,34111,
2026-07-17,NSE,BPCL,raw_l2/trade_date=2026-07-17/exchange=NSE/symbol=BPCL/part-035309_784472-001126.parquet,real_data_sample\l2_unseen_validation\trade_date=2026-07-17\exchange=NSE\symbol=BPCL\part-035309_784472-001126.parquet,34386,downloaded,34386,
2026-07-17,NSE,BPCL,raw_l2/trade_date=2026-07-17/exchange=NSE/symbol=BPCL/part-035241_841308-001062.parquet,real_data_sample\l2_unseen_validation\trade_date=2026-07-17\exchange=NSE\symbol=BPCL\part-035241_841308-001062.parquet,34420,downloaded,34420,
2026-07-17,NSE,BPCL,raw_l2/trade_date=2026-07-17/exchange=NSE/symbol=BPCL/part-035337_541377-001190.parquet,real_data_sample\l2_unseen_validation\trade_date=2026-07-17\exchange=NSE\symbol=BPCL\part-035337_541377-001190.parquet,34402,downloaded,34402,
2026-07-17,NSE,BPCL,raw_l2/trade_date=2026-07-17/exchange=NSE/symbol=BPCL/part-034707_785611-000294.parquet,real_data_sample\l2_unseen_validation\trade_date=2026-07-17\exchange=NSE\symbol=BPCL\part-034707_785611-000294.parquet,34438,downloaded,34438,
2026-07-17,NSE,BPCL,raw_l2/trade_date=2026-07-17/exchange=NSE/symbol=BPCL/part-035214_039376-000998.parquet,real_data_sample\l2_unseen_validation\trade_date=2026-07-17\exchange=NSE\symbol=BPCL\part-035214_039376-000998.parquet,34369,downloaded,34369,
2026-07-17,NSE,BPCL,raw_l2/trade_date=2026-07-17/exchange=NSE/symbol=BPCL/part-035432_773646-001318.parquet,real_data_sample\l2_unseen_validation\trade_date=2026-07-17\exchange=NSE\symbol=BPCL\part-035432_773646-001318.parquet,34454,downloaded,34454,
2026-07-17,NSE,BPCL,raw_l2/trade_date=2026-07-17/exchange=NSE/symbol=BPCL/part-035419_023339-001286.parquet,real_data_sample\l2_unseen_validation\trade_date=2026-07-17\exchange=NSE\symbol=BPCL\part-035419_023339-001286.parquet,34431,downloaded,34431,
2026-07-17,NSE,BPCL,raw_l2/trade_date=2026-07-17/exchange=NSE/symbol=BPCL/part-035405_287994-001254.parquet,real_data_sample\l2_unseen_validation\trade_date=2026-07-17\exchange=NSE\symbol=BPCL\part-035405_287994-001254.parquet,34677,downloaded,34677,
2026-07-17,NSE,BPCL,raw_l2/trade_date=2026-07-17/exchange=NSE/symbol=BPCL/part-035351_348902-001222.parquet,real_data_sample\l2_unseen_validation\trade_date=2026-07-17\exchange=NSE\symbol=BPCL\part-035351_348902-001222.parquet,34415,downloaded,34415,
2026-07-17,NSE,BPCL,raw_l2/trade_date=2026-07-17/exchange=NSE/symbol=BPCL/part-035323_570316-001158.parquet,real_data_sample\l2_unseen_validation\trade_date=2026-07-17\exchange=NSE\symbol=BPCL\part-035323_570316-001158.parquet,34364,downloaded,34364,
2026-07-17,NSE,BPCL,raw_l2/trade_date=2026-07-17/exchange=NSE/symbol=BPCL/part-035446_814064-001350.parquet,real_data_sample\l2_unseen_validation\trade_date=2026-07-17\exchange=NSE\symbol=BPCL\part-035446_814064-001350.parquet,34048,downloaded,34048,
2026-07-17,NSE,BPCL,raw_l2/trade_date=2026-07-17/exchange=NSE/symbol=BPCL/part-035500_853830-001382.parquet,real_data_sample\l2_unseen_validation\trade_date=2026-07-17\exchange=NSE\symbol=BPCL\part-035500_853830-001382.parquet,34379,downloaded,34379,
2026-07-17,NSE,BPCL,raw_l2/trade_date=2026-07-17/exchange=NSE/symbol=BPCL/part-035514_807984-001414.parquet,real_data_sample\l2_unseen_validation\trade_date=2026-07-17\exchange=NSE\symbol=BPCL\part-035514_807984-001414.parquet,34351,downloaded,34351,
2026-07-17,NSE,BPCL,raw_l2/trade_date=2026-07-17/exchange=NSE/symbol=BPCL/part-035528_810178-001446.parquet,real_data_sample\l2_unseen_validation\trade_date=2026-07-17\exchange=NSE\symbol=BPCL\part-035528_810178-001446.parquet,34411,downloaded,34411,
2026-07-17,NSE,BPCL,raw_l2/trade_date=2026-07-17/exchange=NSE/symbol=BPCL/part-035542_780366-001478.parquet,real_data_sample\l2_unseen_validation\trade_date=2026-07-17\exchange=NSE\symbol=BPCL\part-035542_780366-001478.parquet,34386,downloaded,34386,
2026-07-17,NSE,BPCL,raw_l2/trade_date=2026-07-17/exchange=NSE/symbol=BPCL/part-035610_563549-001542.parquet,real_data_sample\l2_unseen_validation\trade_date=2026-07-17\exchange=NSE\symbol=BPCL\part-035610_563549-001542.parquet,34346,downloaded,34346,
2026-07-17,NSE,BPCL,raw_l2/trade_date=2026-07-17/exchange=NSE/symbol=BPCL/part-035624_781828-001574.parquet,real_data_sample\l2_unseen_validation\trade_date=2026-07-17\exchange=NSE\symbol=BPCL\part-035624_781828-001574.parquet,34489,downloaded,34489,
2026-07-17,NSE,BPCL,raw_l2/trade_date=2026-07-17/exchange=NSE/symbol=BPCL/part-035817_316347-001830.parquet,real_data_sample\l2_unseen_validation\trade_date=2026-07-17\exchange=NSE\symbol=BPCL\part-035817_316347-001830.parquet,34560,downloaded,34560,
2026-07-17,NSE,BPCL,raw_l2/trade_date=2026-07-17/exchange=NSE/symbol=BPCL/part-035556_537399-001510.parquet,real_data_sample\l2_unseen_validation\trade_date=2026-07-17\exchange=NSE\symbol=BPCL\part-035556_537399-001510.parquet,34586,downloaded,34586,
2026-07-17,NSE,BPCL,raw_l2/trade_date=2026-07-17/exchange=NSE/symbol=BPCL/part-035638_596400-001606.parquet,real_data_sample\l2_unseen_validation\trade_date=2026-07-17\exchange=NSE\symbol=BPCL\part-035638_596400-001606.parquet,34430,downloaded,34430,
2026-07-17,NSE,BPCL,raw_l2/trade_date=2026-07-17/exchange=NSE/symbol=BPCL/part-035845_308649-001894.parquet,real_data_sample\l2_unseen_validation\trade_date=2026-07-17\exchange=NSE\symbol=BPCL\part-035845_308649-001894.parquet,34113,downloaded,34113,
2026-07-17,NSE,BPCL,raw_l2/trade_date=2026-07-17/exchange=NSE/symbol=BPCL/part-035720_329523-001702.parquet,real_data_sample\l2_unseen_validation\trade_date=2026-07-17\exchange=NSE\symbol=BPCL\part-035720_329523-001702.parquet,34460,downloaded,34460,
2026-07-17,NSE,BPCL,raw_l2/trade_date=2026-07-17/exchange=NSE/symbol=BPCL/part-035831_361231-001862.parquet,real_data_sample\l2_unseen_validation\trade_date=2026-07-17\exchange=NSE\symbol=BPCL\part-035831_361231-001862.parquet,34621,downloaded,34621,
2026-07-17,NSE,BPCL,raw_l2/trade_date=2026-07-17/exchange=NSE/symbol=BPCL/part-035734_427849-001734.parquet,real_data_sample\l2_unseen_validation\trade_date=2026-07-17\exchange=NSE\symbol=BPCL\part-035734_427849-001734.parquet,34467,downloaded,34467,
2026-07-17,NSE,BPCL,raw_l2/trade_date=2026-07-17/exchange=NSE/symbol=BPCL/part-035748_582498-001766.parquet,real_data_sample\l2_unseen_validation\trade_date=2026-07-17\exchange=NSE\symbol=BPCL\part-035748_582498-001766.parquet,34609,downloaded,34609,
2026-07-17,NSE,BPCL,raw_l2/trade_date=2026-07-17/exchange=NSE/symbol=BPCL/part-035802_895391-001798.parquet,real_data_sample\l2_unseen_validation\trade_date=2026-07-17\exchange=NSE\symbol=BPCL\part-035802_895391-001798.parquet,34636,downloaded,34636,
2026-07-17,NSE,BPCL,raw_l2/trade_date=2026-07-17/exchange=NSE/symbol=BPCL/part-035652_547802-001638.parquet,real_data_sample\l2_unseen_validation\trade_date=2026-07-17\exchange=NSE\symbol=BPCL\part-035652_547802-001638.parquet,34469,downloaded,34469,
2026-07-17,NSE,BPCL,raw_l2/trade_date=2026-07-17/exchange=NSE/symbol=BPCL/part-035706_303715-001670.parquet,real_data_sample\l2_unseen_validation\trade_date=2026-07-17\exchange=NSE\symbol=BPCL\part-035706_303715-001670.parquet,34360,downloaded,34360,
2026-07-17,NSE,BPCL,raw_l2/trade_date=2026-07-17/exchange=NSE/symbol=BPCL/part-035941_359530-002022.parquet,real_data_sample\l2_unseen_validation\trade_date=2026-07-17\exchange=NSE\symbol=BPCL\part-035941_359530-002022.parquet,34310,downloaded,34310,
2026-07-17,NSE,BPCL,raw_l2/trade_date=2026-07-17/exchange=NSE/symbol=BPCL/part-040132_815876-002278.parquet,real_data_sample\l2_unseen_validation\trade_date=2026-07-17\exchange=NSE\symbol=BPCL\part-040132_815876-002278.parquet,34665,downloaded,34665,
2026-07-17,NSE,BPCL,raw_l2/trade_date=2026-07-17/exchange=NSE/symbol=BPCL/part-040146_554312-002310.parquet,real_data_sample\l2_unseen_validation\trade_date=2026-07-17\exchange=NSE\symbol=BPCL\part-040146_554312-002310.parquet,34342,downloaded,34342,
2026-07-17,NSE,BPCL,raw_l2/trade_date=2026-07-17/exchange=NSE/symbol=BPCL/part-035859_335314-001926.parquet,real_data_sample\l2_unseen_validation\trade_date=2026-07-17\exchange=NSE\symbol=BPCL\part-035859_335314-001926.parquet,34453,downloaded,34453,
2026-07-17,NSE,BPCL,raw_l2/trade_date=2026-07-17/exchange=NSE/symbol=BPCL/part-040242_591543-002438.parquet,real_data_sample\l2_unseen_validation\trade_date=2026-07-17\exchange=NSE\symbol=BPCL\part-040242_591543-002438.parquet,34161,downloaded,34161,
2026-07-17,NSE,BPCL,raw_l2/trade_date=2026-07-17/exchange=NSE/symbol=BPCL/part-040228_297077-002406.parquet,real_data_sample\l2_unseen_validation\trade_date=2026-07-17\exchange=NSE\symbol=BPCL\part-040228_297077-002406.parquet,34290,downloaded,34290,
2026-07-17,NSE,BPCL,raw_l2/trade_date=2026-07-17/exchange=NSE/symbol=BPCL/part-040256_862123-002470.parquet,real_data_sample\l2_unseen_validation\trade_date=2026-07-17\exchange=NSE\symbol=BPCL\part-040256_862123-002470.parquet,34674,downloaded,34674,
2026-07-17,NSE,BPCL,raw_l2/trade_date=2026-07-17/exchange=NSE/symbol=BPCL/part-040200_576750-002342.parquet,real_data_sample\l2_unseen_validation\trade_date=2026-07-17\exchange=NSE\symbol=BPCL\part-040200_576750-002342.parquet,34279,downloaded,34279,
2026-07-17,NSE,BPCL,raw_l2/trade_date=2026-07-17/exchange=NSE/symbol=BPCL/part-040009_517666-002086.parquet,real_data_sample\l2_unseen_validation\trade_date=2026-07-17\exchange=NSE\symbol=BPCL\part-040009_517666-002086.parquet,34465,downloaded,34465,
2026-07-17,NSE,BPCL,raw_l2/trade_date=2026-07-17/exchange=NSE/symbol=BPCL/part-040105_105091-002214.parquet,real_data_sample\l2_unseen_validation\trade_date=2026-07-17\exchange=NSE\symbol=BPCL\part-040105_105091-002214.parquet,34342,downloaded,34342,
2026-07-17,NSE,BPCL,raw_l2/trade_date=2026-07-17/exchange=NSE/symbol=BPCL/part-035955_300396-002054.parquet,real_data_sample\l2_unseen_validation\trade_date=2026-07-17\exchange=NSE\symbol=BPCL\part-035955_300396-002054.parquet,34290,downloaded,34290,
2026-07-17,NSE,BPCL,raw_l2/trade_date=2026-07-17/exchange=NSE/symbol=BPCL/part-040051_250938-002182.parquet,real_data_sample\l2_unseen_validation\trade_date=2026-07-17\exchange=NSE\symbol=BPCL\part-040051_250938-002182.parquet,34391,downloaded,34391,
2026-07-17,NSE,BPCL,raw_l2/trade_date=2026-07-17/exchange=NSE/symbol=BPCL/part-035927_297037-001990.parquet,real_data_sample\l2_unseen_validation\trade_date=2026-07-17\exchange=NSE\symbol=BPCL\part-035927_297037-001990.parquet,34374,downloaded,34374,
2026-07-17,NSE,BPCL,raw_l2/trade_date=2026-07-17/exchange=NSE/symbol=BPCL/part-035913_315743-001958.parquet,real_data_sample\l2_unseen_validation\trade_date=2026-07-17\exchange=NSE\symbol=BPCL\part-035913_315743-001958.parquet,34423,downloaded,34423,
2026-07-17,NSE,BPCL,raw_l2/trade_date=2026-07-17/exchange=NSE/symbol=BPCL/part-040119_025866-002246.parquet,real_data_sample\l2_unseen_validation\trade_date=2026-07-17\exchange=NSE\symbol=BPCL\part-040119_025866-002246.parquet,34676,downloaded,34676,
2026-07-17,NSE,BPCL,raw_l2/trade_date=2026-07-17/exchange=NSE/symbol=BPCL/part-040023_585868-002118.parquet,real_data_sample\l2_unseen_validation\trade_date=2026-07-17\exchange=NSE\symbol=BPCL\part-040023_585868-002118.parquet,34345,downloaded,34345,
2026-07-17,NSE,BPCL,raw_l2/trade_date=2026-07-17/exchange=NSE/symbol=BPCL/part-040214_528693-002374.parquet,real_data_sample\l2_unseen_validation\trade_date=2026-07-17\exchange=NSE\symbol=BPCL\part-040214_528693-002374.parquet,34406,downloaded,34406,
2026-07-17,NSE,BPCL,raw_l2/trade_date=2026-07-17/exchange=NSE/symbol=BPCL/part-040311_551745-002502.parquet,real_data_sample\l2_unseen_validation\trade_date=2026-07-17\exchange=NSE\symbol=BPCL\part-040311_551745-002502.parquet,34640,downloaded,34640,
2026-07-17,NSE,BPCL,raw_l2/trade_date=2026-07-17/exchange=NSE/symbol=BPCL/part-040325_668159-002534.parquet,real_data_sample\l2_unseen_validation\trade_date=2026-07-17\exchange=NSE\symbol=BPCL\part-040325_668159-002534.parquet,34649,downloaded,34649,
2026-07-17,NSE,BPCL,raw_l2/trade_date=2026-07-17/exchange=NSE/symbol=BPCL/part-040408_078952-002630.parquet,real_data_sample\l2_unseen_validation\trade_date=2026-07-17\exchange=NSE\symbol=BPCL\part-040408_078952-002630.parquet,34400,downloaded,34400,
2026-07-17,NSE,BPCL,raw_l2/trade_date=2026-07-17/exchange=NSE/symbol=BPCL/part-040339_792727-002566.parquet,real_data_sample\l2_unseen_validation\trade_date=2026-07-17\exchange=NSE\symbol=BPCL\part-040339_792727-002566.parquet,34535,downloaded,34535,
2026-07-17,NSE,BPCL,raw_l2/trade_date=2026-07-17/exchange=NSE/symbol=BPCL/part-040354_117811-002598.parquet,real_data_sample\l2_unseen_validation\trade_date=2026-07-17\exchange=NSE\symbol=BPCL\part-040354_117811-002598.parquet,34529,downloaded,34529,
2026-07-17,NSE,BPCL,raw_l2/trade_date=2026-07-17/exchange=NSE/symbol=BPCL/part-040450_027468-002726.parquet,real_data_sample\l2_unseen_validation\trade_date=2026-07-17\exchange=NSE\symbol=BPCL\part-040450_027468-002726.parquet,34426,downloaded,34426,
2026-07-17,NSE,BPCL,raw_l2/trade_date=2026-07-17/exchange=NSE/symbol=BPCL/part-040422_033420-002662.parquet,real_data_sample\l2_unseen_validation\trade_date=2026-07-17\exchange=NSE\symbol=BPCL\part-040422_033420-002662.parquet,34374,downloaded,34374,
2026-07-17,NSE,BPCL,raw_l2/trade_date=2026-07-17/exchange=NSE/symbol=BPCL/part-040504_161946-002758.parquet,real_data_sample\l2_unseen_validation\trade_date=2026-07-17\exchange=NSE\symbol=BPCL\part-040504_161946-002758.parquet,34344,downloaded,34344,
2026-07-17,NSE,BPCL,raw_l2/trade_date=2026-07-17/exchange=NSE/symbol=BPCL/part-040628_534094-002950.parquet,real_data_sample\l2_unseen_validation\trade_date=2026-07-17\exchange=NSE\symbol=BPCL\part-040628_534094-002950.parquet,34525,downloaded,34525,
2026-07-17,NSE,BPCL,raw_l2/trade_date=2026-07-17/exchange=NSE/symbol=BPCL/part-040546_540545-002854.parquet,real_data_sample\l2_unseen_validation\trade_date=2026-07-17\exchange=NSE\symbol=BPCL\part-040546_540545-002854.parquet,34481,downloaded,34481,
2026-07-17,NSE,BPCL,raw_l2/trade_date=2026-07-17/exchange=NSE/symbol=BPCL/part-040614_522766-002918.parquet,real_data_sample\l2_unseen_validation\trade_date=2026-07-17\exchange=NSE\symbol=BPCL\part-040614_522766-002918.parquet,34589,downloaded,34589,
2026-07-17,NSE,BPCL,raw_l2/trade_date=2026-07-17/exchange=NSE/symbol=BPCL/part-040518_357375-002790.parquet,real_data_sample\l2_unseen_validation\trade_date=2026-07-17\exchange=NSE\symbol=BPCL\part-040518_357375-002790.parquet,34549,downloaded,34549,
2026-07-17,NSE,BPCL,raw_l2/trade_date=2026-07-17/exchange=NSE/symbol=BPCL/part-040532_584895-002822.parquet,real_data_sample\l2_unseen_validation\trade_date=2026-07-17\exchange=NSE\symbol=BPCL\part-040532_584895-002822.parquet,34564,downloaded,34564,
2026-07-17,NSE,BPCL,raw_l2/trade_date=2026-07-17/exchange=NSE/symbol=BPCL/part-040600_568920-002886.parquet,real_data_sample\l2_unseen_validation\trade_date=2026-07-17\exchange=NSE\symbol=BPCL\part-040600_568920-002886.parquet,34557,downloaded,34557,
2026-07-17,NSE,BPCL,raw_l2/trade_date=2026-07-17/exchange=NSE/symbol=BPCL/part-040436_045478-002694.parquet,real_data_sample\l2_unseen_validation\trade_date=2026-07-17\exchange=NSE\symbol=BPCL\part-040436_045478-002694.parquet,34614,downloaded,34614,
2026-07-17,NSE,BPCL,raw_l2/trade_date=2026-07-17/exchange=NSE/symbol=BPCL/part-040752_604761-003142.parquet,real_data_sample\l2_unseen_validation\trade_date=2026-07-17\exchange=NSE\symbol=BPCL\part-040752_604761-003142.parquet,34621,downloaded,34621,
2026-07-17,NSE,BPCL,raw_l2/trade_date=2026-07-17/exchange=NSE/symbol=BPCL/part-040724_348377-003078.parquet,real_data_sample\l2_unseen_validation\trade_date=2026-07-17\exchange=NSE\symbol=BPCL\part-040724_348377-003078.parquet,34290,downloaded,34290,
2026-07-17,NSE,BPCL,raw_l2/trade_date=2026-07-17/exchange=NSE/symbol=BPCL/part-040656_285567-003014.parquet,real_data_sample\l2_unseen_validation\trade_date=2026-07-17\exchange=NSE\symbol=BPCL\part-040656_285567-003014.parquet,34295,downloaded,34295,
2026-07-17,NSE,BPCL,raw_l2/trade_date=2026-07-17/exchange=NSE/symbol=BPCL/part-040738_297575-003110.parquet,real_data_sample\l2_unseen_validation\trade_date=2026-07-17\exchange=NSE\symbol=BPCL\part-040738_297575-003110.parquet,34541,downloaded,34541,
2026-07-17,NSE,BPCL,raw_l2/trade_date=2026-07-17/exchange=NSE/symbol=BPCL/part-040642_297344-002982.parquet,real_data_sample\l2_unseen_validation\trade_date=2026-07-17\exchange=NSE\symbol=BPCL\part-040642_297344-002982.parquet,34514,downloaded,34514,
2026-07-17,NSE,BPCL,raw_l2/trade_date=2026-07-17/exchange=NSE/symbol=BPCL/part-040806_537152-003174.parquet,real_data_sample\l2_unseen_validation\trade_date=2026-07-17\exchange=NSE\symbol=BPCL\part-040806_537152-003174.parquet,34631,downloaded,34631,
2026-07-17,NSE,BPCL,raw_l2/trade_date=2026-07-17/exchange=NSE/symbol=BPCL/part-040835_086634-003238.parquet,real_data_sample\l2_unseen_validation\trade_date=2026-07-17\exchange=NSE\symbol=BPCL\part-040835_086634-003238.parquet,34355,downloaded,34355,
2026-07-17,NSE,BPCL,raw_l2/trade_date=2026-07-17/exchange=NSE/symbol=BPCL/part-040917_564345-003334.parquet,real_data_sample\l2_unseen_validation\trade_date=2026-07-17\exchange=NSE\symbol=BPCL\part-040917_564345-003334.parquet,34573,downloaded,34573,
2026-07-17,NSE,BPCL,raw_l2/trade_date=2026-07-17/exchange=NSE/symbol=BPCL/part-040820_704573-003206.parquet,real_data_sample\l2_unseen_validation\trade_date=2026-07-17\exchange=NSE\symbol=BPCL\part-040820_704573-003206.parquet,34409,downloaded,34409,
2026-07-17,NSE,BPCL,raw_l2/trade_date=2026-07-17/exchange=NSE/symbol=BPCL/part-040903_599442-003302.parquet,real_data_sample\l2_unseen_validation\trade_date=2026-07-17\exchange=NSE\symbol=BPCL\part-040903_599442-003302.parquet,34500,downloaded,34500,
2026-07-17,NSE,BPCL,raw_l2/trade_date=2026-07-17/exchange=NSE/symbol=BPCL/part-040849_318515-003270.parquet,real_data_sample\l2_unseen_validation\trade_date=2026-07-17\exchange=NSE\symbol=BPCL\part-040849_318515-003270.parquet,34684,downloaded,34684,
2026-07-17,NSE,BPCL,raw_l2/trade_date=2026-07-17/exchange=NSE/symbol=BPCL/part-041028_631145-003494.parquet,real_data_sample\l2_unseen_validation\trade_date=2026-07-17\exchange=NSE\symbol=BPCL\part-041028_631145-003494.parquet,34688,downloaded,34688,
2026-07-17,NSE,BPCL,raw_l2/trade_date=2026-07-17/exchange=NSE/symbol=BPCL/part-041000_632976-003430.parquet,real_data_sample\l2_unseen_validation\trade_date=2026-07-17\exchange=NSE\symbol=BPCL\part-041000_632976-003430.parquet,34408,downloaded,34408,
2026-07-17,NSE,BPCL,raw_l2/trade_date=2026-07-17/exchange=NSE/symbol=BPCL/part-041014_576489-003462.parquet,real_data_sample\l2_unseen_validation\trade_date=2026-07-17\exchange=NSE\symbol=BPCL\part-041014_576489-003462.parquet,34293,downloaded,34293,
2026-07-17,NSE,BPCL,raw_l2/trade_date=2026-07-17/exchange=NSE/symbol=BPCL/part-040037_553542-002150.parquet,real_data_sample\l2_unseen_validation\trade_date=2026-07-17\exchange=NSE\symbol=BPCL\part-040037_553542-002150.parquet,34678,downloaded,34678,
2026-07-17,NSE,BPCL,raw_l2/trade_date=2026-07-17/exchange=NSE/symbol=BPCL/part-040946_352833-003398.parquet,real_data_sample\l2_unseen_validation\trade_date=2026-07-17\exchange=NSE\symbol=BPCL\part-040946_352833-003398.parquet,34660,downloaded,34660,
2026-07-17,NSE,BPCL,raw_l2/trade_date=2026-07-17/exchange=NSE/symbol=BPCL/part-040931_905366-003366.parquet,real_data_sample\l2_unseen_validation\trade_date=2026-07-17\exchange=NSE\symbol=BPCL\part-040931_905366-003366.parquet,34367,downloaded,34367,
2026-07-17,NSE,BPCL,raw_l2/trade_date=2026-07-17/exchange=NSE/symbol=BPCL/part-041111_283130-003590.parquet,real_data_sample\l2_unseen_validation\trade_date=2026-07-17\exchange=NSE\symbol=BPCL\part-041111_283130-003590.parquet,34605,downloaded,34605,
2026-07-17,NSE,BPCL,raw_l2/trade_date=2026-07-17/exchange=NSE/symbol=BPCL/part-041042_910962-003526.parquet,real_data_sample\l2_unseen_validation\trade_date=2026-07-17\exchange=NSE\symbol=BPCL\part-041042_910962-003526.parquet,34662,downloaded,34662,
2026-07-17,NSE,BPCL,raw_l2/trade_date=2026-07-17/exchange=NSE/symbol=BPCL/part-041057_124119-003558.parquet,real_data_sample\l2_unseen_validation\trade_date=2026-07-17\exchange=NSE\symbol=BPCL\part-041057_124119-003558.parquet,34412,downloaded,34412,
2026-07-17,NSE,BPCL,raw_l2/trade_date=2026-07-17/exchange=NSE/symbol=BPCL/part-041125_272632-003622.parquet,real_data_sample\l2_unseen_validation\trade_date=2026-07-17\exchange=NSE\symbol=BPCL\part-041125_272632-003622.parquet,34474,downloaded,34474,
2026-07-17,NSE,BPCL,raw_l2/trade_date=2026-07-17/exchange=NSE/symbol=BPCL/part-041153_086482-003686.parquet,real_data_sample\l2_unseen_validation\trade_date=2026-07-17\exchange=NSE\symbol=BPCL\part-041153_086482-003686.parquet,34408,downloaded,34408,
2026-07-17,NSE,BPCL,raw_l2/trade_date=2026-07-17/exchange=NSE/symbol=BPCL/part-041139_162463-003654.parquet,real_data_sample\l2_unseen_validation\trade_date=2026-07-17\exchange=NSE\symbol=BPCL\part-041139_162463-003654.parquet,34378,downloaded,34378,
2026-07-17,NSE,BPCL,raw_l2/trade_date=2026-07-17/exchange=NSE/symbol=BPCL/part-041207_095704-003718.parquet,real_data_sample\l2_unseen_validation\trade_date=2026-07-17\exchange=NSE\symbol=BPCL\part-041207_095704-003718.parquet,34507,downloaded,34507,
2026-07-17,NSE,BPCL,raw_l2/trade_date=2026-07-17/exchange=NSE/symbol=BPCL/part-041221_058124-003750.parquet,real_data_sample\l2_unseen_validation\trade_date=2026-07-17\exchange=NSE\symbol=BPCL\part-041221_058124-003750.parquet,34481,downloaded,34481,
2026-07-17,NSE,BPCL,raw_l2/trade_date=2026-07-17/exchange=NSE/symbol=BPCL/part-041426_835888-004038.parquet,real_data_sample\l2_unseen_validation\trade_date=2026-07-17\exchange=NSE\symbol=BPCL\part-041426_835888-004038.parquet,34468,downloaded,34468,
2026-07-17,NSE,BPCL,raw_l2/trade_date=2026-07-17/exchange=NSE/symbol=BPCL/part-041248_812570-003814.parquet,real_data_sample\l2_unseen_validation\trade_date=2026-07-17\exchange=NSE\symbol=BPCL\part-041248_812570-003814.parquet,34629,downloaded,34629,
2026-07-17,NSE,BPCL,raw_l2/trade_date=2026-07-17/exchange=NSE/symbol=BPCL/part-041302_576614-003846.parquet,real_data_sample\l2_unseen_validation\trade_date=2026-07-17\exchange=NSE\symbol=BPCL\part-041302_576614-003846.parquet,34291,downloaded,34291,
2026-07-17,NSE,BPCL,raw_l2/trade_date=2026-07-17/exchange=NSE/symbol=BPCL/part-041316_530578-003878.parquet,real_data_sample\l2_unseen_validation\trade_date=2026-07-17\exchange=NSE\symbol=BPCL\part-041316_530578-003878.parquet,34728,downloaded,34728,
2026-07-17,NSE,BPCL,raw_l2/trade_date=2026-07-17/exchange=NSE/symbol=BPCL/part-041454_782918-004102.parquet,real_data_sample\l2_unseen_validation\trade_date=2026-07-17\exchange=NSE\symbol=BPCL\part-041454_782918-004102.parquet,34415,downloaded,34415,
2026-07-17,NSE,BPCL,raw_l2/trade_date=2026-07-17/exchange=NSE/symbol=BPCL/part-041440_841481-004070.parquet,real_data_sample\l2_unseen_validation\trade_date=2026-07-17\exchange=NSE\symbol=BPCL\part-041440_841481-004070.parquet,34467,downloaded,34467,
2026-07-17,NSE,BPCL,raw_l2/trade_date=2026-07-17/exchange=NSE/symbol=BPCL/part-041234_841639-003782.parquet,real_data_sample\l2_unseen_validation\trade_date=2026-07-17\exchange=NSE\symbol=BPCL\part-041234_841639-003782.parquet,34346,downloaded,34346,
2026-07-17,NSE,BPCL,raw_l2/trade_date=2026-07-17/exchange=NSE/symbol=BPCL/part-041358_587746-003974.parquet,real_data_sample\l2_unseen_validation\trade_date=2026-07-17\exchange=NSE\symbol=BPCL\part-041358_587746-003974.parquet,34703,downloaded,34703,
2026-07-17,NSE,BPCL,raw_l2/trade_date=2026-07-17/exchange=NSE/symbol=BPCL/part-041344_585094-003942.parquet,real_data_sample\l2_unseen_validation\trade_date=2026-07-17\exchange=NSE\symbol=BPCL\part-041344_585094-003942.parquet,34414,downloaded,34414,
2026-07-17,NSE,BPCL,raw_l2/trade_date=2026-07-17/exchange=NSE/symbol=BPCL/part-041330_612715-003910.parquet,real_data_sample\l2_unseen_validation\trade_date=2026-07-17\exchange=NSE\symbol=BPCL\part-041330_612715-003910.parquet,34644,downloaded,34644,
2026-07-17,NSE,BPCL,raw_l2/trade_date=2026-07-17/exchange=NSE/symbol=BPCL/part-041412_803446-004006.parquet,real_data_sample\l2_unseen_validation\trade_date=2026-07-17\exchange=NSE\symbol=BPCL\part-041412_803446-004006.parquet,34580,downloaded,34580,
2026-07-17,NSE,BPCL,raw_l2/trade_date=2026-07-17/exchange=NSE/symbol=BPCL/part-041522_579847-004166.parquet,real_data_sample\l2_unseen_validation\trade_date=2026-07-17\exchange=NSE\symbol=BPCL\part-041522_579847-004166.parquet,34474,downloaded,34474,
2026-07-17,NSE,BPCL,raw_l2/trade_date=2026-07-17/exchange=NSE/symbol=BPCL/part-041700_785768-004390.parquet,real_data_sample\l2_unseen_validation\trade_date=2026-07-17\exchange=NSE\symbol=BPCL\part-041700_785768-004390.parquet,34529,downloaded,34529,
2026-07-17,NSE,BPCL,raw_l2/trade_date=2026-07-17/exchange=NSE/symbol=BPCL/part-041633_011920-004326.parquet,real_data_sample\l2_unseen_validation\trade_date=2026-07-17\exchange=NSE\symbol=BPCL\part-041633_011920-004326.parquet,34589,downloaded,34589,
2026-07-17,NSE,BPCL,raw_l2/trade_date=2026-07-17/exchange=NSE/symbol=BPCL/part-041536_519096-004198.parquet,real_data_sample\l2_unseen_validation\trade_date=2026-07-17\exchange=NSE\symbol=BPCL\part-041536_519096-004198.parquet,34444,downloaded,34444,
2026-07-17,NSE,BPCL,raw_l2/trade_date=2026-07-17/exchange=NSE/symbol=BPCL/part-041810_284055-004550.parquet,real_data_sample\l2_unseen_validation\trade_date=2026-07-17\exchange=NSE\symbol=BPCL\part-041810_284055-004550.parquet,34369,downloaded,34369,
2026-07-17,NSE,BPCL,raw_l2/trade_date=2026-07-17/exchange=NSE/symbol=BPCL/part-041646_806597-004358.parquet,real_data_sample\l2_unseen_validation\trade_date=2026-07-17\exchange=NSE\symbol=BPCL\part-041646_806597-004358.parquet,34537,downloaded,34537,
2026-07-17,NSE,BPCL,raw_l2/trade_date=2026-07-17/exchange=NSE/symbol=BPCL/part-041551_326945-004230.parquet,real_data_sample\l2_unseen_validation\trade_date=2026-07-17\exchange=NSE\symbol=BPCL\part-041551_326945-004230.parquet,34342,downloaded,34342,
2026-07-17,NSE,BPCL,raw_l2/trade_date=2026-07-17/exchange=NSE/symbol=BPCL/part-041756_580077-004518.parquet,real_data_sample\l2_unseen_validation\trade_date=2026-07-17\exchange=NSE\symbol=BPCL\part-041756_580077-004518.parquet,34429,downloaded,34429,
2026-07-17,NSE,BPCL,raw_l2/trade_date=2026-07-17/exchange=NSE/symbol=BPCL/part-041619_285198-004294.parquet,real_data_sample\l2_unseen_validation\trade_date=2026-07-17\exchange=NSE\symbol=BPCL\part-041619_285198-004294.parquet,34426,downloaded,34426,
2026-07-17,NSE,BPCL,raw_l2/trade_date=2026-07-17/exchange=NSE/symbol=BPCL/part-041824_042927-004582.parquet,real_data_sample\l2_unseen_validation\trade_date=2026-07-17\exchange=NSE\symbol=BPCL\part-041824_042927-004582.parquet,34665,downloaded,34665,
2026-07-17,NSE,BPCL,raw_l2/trade_date=2026-07-17/exchange=NSE/symbol=BPCL/part-041837_776902-004614.parquet,real_data_sample\l2_unseen_validation\trade_date=2026-07-17\exchange=NSE\symbol=BPCL\part-041837_776902-004614.parquet,34354,downloaded,34354,
2026-07-17,NSE,BPCL,raw_l2/trade_date=2026-07-17/exchange=NSE/symbol=BPCL/part-041906_329710-004678.parquet,real_data_sample\l2_unseen_validation\trade_date=2026-07-17\exchange=NSE\symbol=BPCL\part-041906_329710-004678.parquet,34596,downloaded,34596,
2026-07-17,NSE,BPCL,raw_l2/trade_date=2026-07-17/exchange=NSE/symbol=BPCL/part-041851_665279-004646.parquet,real_data_sample\l2_unseen_validation\trade_date=2026-07-17\exchange=NSE\symbol=BPCL\part-041851_665279-004646.parquet,34562,downloaded,34562,
2026-07-17,NSE,BPCL,raw_l2/trade_date=2026-07-17/exchange=NSE/symbol=BPCL/part-041605_568921-004262.parquet,real_data_sample\l2_unseen_validation\trade_date=2026-07-17\exchange=NSE\symbol=BPCL\part-041605_568921-004262.parquet,34432,downloaded,34432,
2026-07-17,NSE,BPCL,raw_l2/trade_date=2026-07-17/exchange=NSE/symbol=BPCL/part-041934_836816-004742.parquet,real_data_sample\l2_unseen_validation\trade_date=2026-07-17\exchange=NSE\symbol=BPCL\part-041934_836816-004742.parquet,34443,downloaded,34443,
2026-07-17,NSE,BPCL,raw_l2/trade_date=2026-07-17/exchange=NSE/symbol=BPCL/part-041508_808549-004134.parquet,real_data_sample\l2_unseen_validation\trade_date=2026-07-17\exchange=NSE\symbol=BPCL\part-041508_808549-004134.parquet,34360,downloaded,34360,
2026-07-17,NSE,BPCL,raw_l2/trade_date=2026-07-17/exchange=NSE/symbol=BPCL/part-041728_765777-004454.parquet,real_data_sample\l2_unseen_validation\trade_date=2026-07-17\exchange=NSE\symbol=BPCL\part-041728_765777-004454.parquet,34340,downloaded,34340,
2026-07-17,NSE,BPCL,raw_l2/trade_date=2026-07-17/exchange=NSE/symbol=BPCL/part-041742_780005-004486.parquet,real_data_sample\l2_unseen_validation\trade_date=2026-07-17\exchange=NSE\symbol=BPCL\part-041742_780005-004486.parquet,34376,downloaded,34376,
2026-07-17,NSE,BPCL,raw_l2/trade_date=2026-07-17/exchange=NSE/symbol=BPCL/part-041714_524021-004422.parquet,real_data_sample\l2_unseen_validation\trade_date=2026-07-17\exchange=NSE\symbol=BPCL\part-041714_524021-004422.parquet,34535,downloaded,34535,
2026-07-17,NSE,BPCL,raw_l2/trade_date=2026-07-17/exchange=NSE/symbol=BPCL/part-041920_640881-004710.parquet,real_data_sample\l2_unseen_validation\trade_date=2026-07-17\exchange=NSE\symbol=BPCL\part-041920_640881-004710.parquet,34684,downloaded,34684,
2026-07-17,NSE,BPCL,raw_l2/trade_date=2026-07-17/exchange=NSE/symbol=BPCL/part-042002_843518-004806.parquet,real_data_sample\l2_unseen_validation\trade_date=2026-07-17\exchange=NSE\symbol=BPCL\part-042002_843518-004806.parquet,34669,downloaded,34669,
2026-07-17,NSE,BPCL,raw_l2/trade_date=2026-07-17/exchange=NSE/symbol=BPCL/part-042140_045765-005030.parquet,real_data_sample\l2_unseen_validation\trade_date=2026-07-17\exchange=NSE\symbol=BPCL\part-042140_045765-005030.parquet,34456,downloaded,34456,
2026-07-17,NSE,BPCL,raw_l2/trade_date=2026-07-17/exchange=NSE/symbol=BPCL/part-041948_840321-004774.parquet,real_data_sample\l2_unseen_validation\trade_date=2026-07-17\exchange=NSE\symbol=BPCL\part-041948_840321-004774.parquet,34439,downloaded,34439,
2026-07-17,NSE,BPCL,raw_l2/trade_date=2026-07-17/exchange=NSE/symbol=BPCL/part-042016_841735-004838.parquet,real_data_sample\l2_unseen_validation\trade_date=2026-07-17\exchange=NSE\symbol=BPCL\part-042016_841735-004838.parquet,34699,downloaded,34699,
2026-07-17,NSE,BPCL,raw_l2/trade_date=2026-07-17/exchange=NSE/symbol=BPCL/part-042154_045383-005062.parquet,real_data_sample\l2_unseen_validation\trade_date=2026-07-17\exchange=NSE\symbol=BPCL\part-042154_045383-005062.parquet,34621,downloaded,34621,
2026-07-17,NSE,BPCL,raw_l2/trade_date=2026-07-17/exchange=NSE/symbol=BPCL/part-042208_037935-005094.parquet,real_data_sample\l2_unseen_validation\trade_date=2026-07-17\exchange=NSE\symbol=BPCL\part-042208_037935-005094.parquet,34385,downloaded,34385,
2026-07-17,NSE,BPCL,raw_l2/trade_date=2026-07-17/exchange=NSE/symbol=BPCL/part-042125_795457-004998.parquet,real_data_sample\l2_unseen_validation\trade_date=2026-07-17\exchange=NSE\symbol=BPCL\part-042125_795457-004998.parquet,34685,downloaded,34685,
2026-07-17,NSE,BPCL,raw_l2/trade_date=2026-07-17/exchange=NSE/symbol=BPCL/part-042044_575114-004902.parquet,real_data_sample\l2_unseen_validation\trade_date=2026-07-17\exchange=NSE\symbol=BPCL\part-042044_575114-004902.parquet,34782,downloaded,34782,
2026-07-17,NSE,BPCL,raw_l2/trade_date=2026-07-17/exchange=NSE/symbol=BPCL/part-042112_025056-004966.parquet,real_data_sample\l2_unseen_validation\trade_date=2026-07-17\exchange=NSE\symbol=BPCL\part-042112_025056-004966.parquet,34721,downloaded,34721,
2026-07-17,NSE,BPCL,raw_l2/trade_date=2026-07-17/exchange=NSE/symbol=BPCL/part-042030_555234-004870.parquet,real_data_sample\l2_unseen_validation\trade_date=2026-07-17\exchange=NSE\symbol=BPCL\part-042030_555234-004870.parquet,34628,downloaded,34628,
2026-07-17,NSE,BPCL,raw_l2/trade_date=2026-07-17/exchange=NSE/symbol=BPCL/part-042058_274964-004934.parquet,real_data_sample\l2_unseen_validation\trade_date=2026-07-17\exchange=NSE\symbol=BPCL\part-042058_274964-004934.parquet,34527,downloaded,34527,
2026-07-17,NSE,BPCL,raw_l2/trade_date=2026-07-17/exchange=NSE/symbol=BPCL/part-042331_800869-005286.parquet,real_data_sample\l2_unseen_validation\trade_date=2026-07-17\exchange=NSE\symbol=BPCL\part-042331_800869-005286.parquet,34715,downloaded,34715,
2026-07-17,NSE,BPCL,raw_l2/trade_date=2026-07-17/exchange=NSE/symbol=BPCL/part-042303_776930-005222.parquet,real_data_sample\l2_unseen_validation\trade_date=2026-07-17\exchange=NSE\symbol=BPCL\part-042303_776930-005222.parquet,34475,downloaded,34475,
2026-07-17,NSE,BPCL,raw_l2/trade_date=2026-07-17/exchange=NSE/symbol=BPCL/part-042317_835911-005254.parquet,real_data_sample\l2_unseen_validation\trade_date=2026-07-17\exchange=NSE\symbol=BPCL\part-042317_835911-005254.parquet,34657,downloaded,34657,
2026-07-17,NSE,BPCL,raw_l2/trade_date=2026-07-17/exchange=NSE/symbol=BPCL/part-042236_038375-005158.parquet,real_data_sample\l2_unseen_validation\trade_date=2026-07-17\exchange=NSE\symbol=BPCL\part-042236_038375-005158.parquet,34459,downloaded,34459,
2026-07-17,NSE,BPCL,raw_l2/trade_date=2026-07-17/exchange=NSE/symbol=BPCL/part-042249_810030-005190.parquet,real_data_sample\l2_unseen_validation\trade_date=2026-07-17\exchange=NSE\symbol=BPCL\part-042249_810030-005190.parquet,34417,downloaded,34417,
2026-07-17,NSE,BPCL,raw_l2/trade_date=2026-07-17/exchange=NSE/symbol=BPCL/part-042222_056184-005126.parquet,real_data_sample\l2_unseen_validation\trade_date=2026-07-17\exchange=NSE\symbol=BPCL\part-042222_056184-005126.parquet,34357,downloaded,34357,
2026-07-17,NSE,BPCL,raw_l2/trade_date=2026-07-17/exchange=NSE/symbol=BPCL/part-042413_587906-005382.parquet,real_data_sample\l2_unseen_validation\trade_date=2026-07-17\exchange=NSE\symbol=BPCL\part-042413_587906-005382.parquet,34624,downloaded,34624,
2026-07-17,NSE,BPCL,raw_l2/trade_date=2026-07-17/exchange=NSE/symbol=BPCL/part-042359_777906-005350.parquet,real_data_sample\l2_unseen_validation\trade_date=2026-07-17\exchange=NSE\symbol=BPCL\part-042359_777906-005350.parquet,34567,downloaded,34567,
2026-07-17,NSE,BPCL,raw_l2/trade_date=2026-07-17/exchange=NSE/symbol=BPCL/part-042441_613289-005446.parquet,real_data_sample\l2_unseen_validation\trade_date=2026-07-17\exchange=NSE\symbol=BPCL\part-042441_613289-005446.parquet,34663,downloaded,34663,
2026-07-17,NSE,BPCL,raw_l2/trade_date=2026-07-17/exchange=NSE/symbol=BPCL/part-042522_859541-005542.parquet,real_data_sample\l2_unseen_validation\trade_date=2026-07-17\exchange=NSE\symbol=BPCL\part-042522_859541-005542.parquet,34773,downloaded,34773,
2026-07-17,NSE,BPCL,raw_l2/trade_date=2026-07-17/exchange=NSE/symbol=BPCL/part-042455_265102-005478.parquet,real_data_sample\l2_unseen_validation\trade_date=2026-07-17\exchange=NSE\symbol=BPCL\part-042455_265102-005478.parquet,34682,downloaded,34682,
2026-07-17,NSE,BPCL,raw_l2/trade_date=2026-07-17/exchange=NSE/symbol=BPCL/part-042757_043546-005894.parquet,real_data_sample\l2_unseen_validation\trade_date=2026-07-17\exchange=NSE\symbol=BPCL\part-042757_043546-005894.parquet,34747,downloaded,34747,
2026-07-17,NSE,BPCL,raw_l2/trade_date=2026-07-17/exchange=NSE/symbol=BPCL/part-042345_790502-005318.parquet,real_data_sample\l2_unseen_validation\trade_date=2026-07-17\exchange=NSE\symbol=BPCL\part-042345_790502-005318.parquet,34611,downloaded,34611,
2026-07-17,NSE,BPCL,raw_l2/trade_date=2026-07-17/exchange=NSE/symbol=BPCL/part-042427_559880-005414.parquet,real_data_sample\l2_unseen_validation\trade_date=2026-07-17\exchange=NSE\symbol=BPCL\part-042427_559880-005414.parquet,34711,downloaded,34711,
2026-07-17,NSE,BPCL,raw_l2/trade_date=2026-07-17/exchange=NSE/symbol=BPCL/part-042509_042202-005510.parquet,real_data_sample\l2_unseen_validation\trade_date=2026-07-17\exchange=NSE\symbol=BPCL\part-042509_042202-005510.parquet,34709,downloaded,34709,
2026-07-17,NSE,BPCL,raw_l2/trade_date=2026-07-17/exchange=NSE/symbol=BPCL/part-042537_075760-005574.parquet,real_data_sample\l2_unseen_validation\trade_date=2026-07-17\exchange=NSE\symbol=BPCL\part-042537_075760-005574.parquet,34760,downloaded,34760,
2026-07-17,NSE,BPCL,raw_l2/trade_date=2026-07-17/exchange=NSE/symbol=BPCL/part-042810_795564-005926.parquet,real_data_sample\l2_unseen_validation\trade_date=2026-07-17\exchange=NSE\symbol=BPCL\part-042810_795564-005926.parquet,34502,downloaded,34502,
2026-07-17,NSE,BPCL,raw_l2/trade_date=2026-07-17/exchange=NSE/symbol=BPCL/part-042551_035310-005606.parquet,real_data_sample\l2_unseen_validation\trade_date=2026-07-17\exchange=NSE\symbol=BPCL\part-042551_035310-005606.parquet,34623,downloaded,34623,
2026-07-17,NSE,BPCL,raw_l2/trade_date=2026-07-17/exchange=NSE/symbol=BPCL/part-042619_059840-005670.parquet,real_data_sample\l2_unseen_validation\trade_date=2026-07-17\exchange=NSE\symbol=BPCL\part-042619_059840-005670.parquet,34725,downloaded,34725,
2026-07-17,NSE,BPCL,raw_l2/trade_date=2026-07-17/exchange=NSE/symbol=BPCL/part-042605_146353-005638.parquet,real_data_sample\l2_unseen_validation\trade_date=2026-07-17\exchange=NSE\symbol=BPCL\part-042605_146353-005638.parquet,34558,downloaded,34558,
2026-07-17,NSE,BPCL,raw_l2/trade_date=2026-07-17/exchange=NSE/symbol=BPCL/part-042743_275066-005862.parquet,real_data_sample\l2_unseen_validation\trade_date=2026-07-17\exchange=NSE\symbol=BPCL\part-042743_275066-005862.parquet,34604,downloaded,34604,
2026-07-17,NSE,BPCL,raw_l2/trade_date=2026-07-17/exchange=NSE/symbol=BPCL/part-042715_333619-005798.parquet,real_data_sample\l2_unseen_validation\trade_date=2026-07-17\exchange=NSE\symbol=BPCL\part-042715_333619-005798.parquet,34660,downloaded,34660,
2026-07-17,NSE,BPCL,raw_l2/trade_date=2026-07-17/exchange=NSE/symbol=BPCL/part-042647_300443-005734.parquet,real_data_sample\l2_unseen_validation\trade_date=2026-07-17\exchange=NSE\symbol=BPCL\part-042647_300443-005734.parquet,34642,downloaded,34642,
2026-07-17,NSE,BPCL,raw_l2/trade_date=2026-07-17/exchange=NSE/symbol=BPCL/part-042701_353780-005766.parquet,real_data_sample\l2_unseen_validation\trade_date=2026-07-17\exchange=NSE\symbol=BPCL\part-042701_353780-005766.parquet,34708,downloaded,34708,
2026-07-17,NSE,BPCL,raw_l2/trade_date=2026-07-17/exchange=NSE/symbol=BPCL/part-042729_348704-005830.parquet,real_data_sample\l2_unseen_validation\trade_date=2026-07-17\exchange=NSE\symbol=BPCL\part-042729_348704-005830.parquet,34664,downloaded,34664,
2026-07-17,NSE,BPCL,raw_l2/trade_date=2026-07-17/exchange=NSE/symbol=BPCL/part-042633_317863-005702.parquet,real_data_sample\l2_unseen_validation\trade_date=2026-07-17\exchange=NSE\symbol=BPCL\part-042633_317863-005702.parquet,34562,downloaded,34562,
2026-07-17,NSE,BPCL,raw_l2/trade_date=2026-07-17/exchange=NSE/symbol=BPCL/part-042824_849950-005958.parquet,real_data_sample\l2_unseen_validation\trade_date=2026-07-17\exchange=NSE\symbol=BPCL\part-042824_849950-005958.parquet,34730,downloaded,34730,
2026-07-17,NSE,BPCL,raw_l2/trade_date=2026-07-17/exchange=NSE/symbol=BPCL/part-042920_601936-006086.parquet,real_data_sample\l2_unseen_validation\trade_date=2026-07-17\exchange=NSE\symbol=BPCL\part-042920_601936-006086.parquet,34534,downloaded,34534,
2026-07-17,NSE,BPCL,raw_l2/trade_date=2026-07-17/exchange=NSE/symbol=BPCL/part-042838_801365-005990.parquet,real_data_sample\l2_unseen_validation\trade_date=2026-07-17\exchange=NSE\symbol=BPCL\part-042838_801365-005990.parquet,34699,downloaded,34699,
2026-07-17,NSE,BPCL,raw_l2/trade_date=2026-07-17/exchange=NSE/symbol=BPCL/part-042906_593657-006054.parquet,real_data_sample\l2_unseen_validation\trade_date=2026-07-17\exchange=NSE\symbol=BPCL\part-042906_593657-006054.parquet,34565,downloaded,34565,
2026-07-17,NSE,BPCL,raw_l2/trade_date=2026-07-17/exchange=NSE/symbol=BPCL/part-042852_788815-006022.parquet,real_data_sample\l2_unseen_validation\trade_date=2026-07-17\exchange=NSE\symbol=BPCL\part-042852_788815-006022.parquet,34622,downloaded,34622,
2026-07-17,NSE,BPCL,raw_l2/trade_date=2026-07-17/exchange=NSE/symbol=BPCL/part-043002_557043-006182.parquet,real_data_sample\l2_unseen_validation\trade_date=2026-07-17\exchange=NSE\symbol=BPCL\part-043002_557043-006182.parquet,34585,downloaded,34585,
2026-07-17,NSE,BPCL,raw_l2/trade_date=2026-07-17/exchange=NSE/symbol=BPCL/part-042948_577048-006150.parquet,real_data_sample\l2_unseen_validation\trade_date=2026-07-17\exchange=NSE\symbol=BPCL\part-042948_577048-006150.parquet,34610,downloaded,34610,
2026-07-17,NSE,BPCL,raw_l2/trade_date=2026-07-17/exchange=NSE/symbol=BPCL/part-042934_595339-006118.parquet,real_data_sample\l2_unseen_validation\trade_date=2026-07-17\exchange=NSE\symbol=BPCL\part-042934_595339-006118.parquet,34712,downloaded,34712,
2026-07-17,NSE,BPCL,raw_l2/trade_date=2026-07-17/exchange=NSE/symbol=BPCL/part-043016_837479-006214.parquet,real_data_sample\l2_unseen_validation\trade_date=2026-07-17\exchange=NSE\symbol=BPCL\part-043016_837479-006214.parquet,34615,downloaded,34615,
2026-07-17,NSE,BPCL,raw_l2/trade_date=2026-07-17/exchange=NSE/symbol=BPCL/part-043030_814089-006246.parquet,real_data_sample\l2_unseen_validation\trade_date=2026-07-17\exchange=NSE\symbol=BPCL\part-043030_814089-006246.parquet,34491,downloaded,34491,
2026-07-17,NSE,BPCL,raw_l2/trade_date=2026-07-17/exchange=NSE/symbol=BPCL/part-043044_525172-006278.parquet,real_data_sample\l2_unseen_validation\trade_date=2026-07-17\exchange=NSE\symbol=BPCL\part-043044_525172-006278.parquet,34681,downloaded,34681,
2026-07-17,NSE,BPCL,raw_l2/trade_date=2026-07-17/exchange=NSE/symbol=BPCL/part-043058_295609-006310.parquet,real_data_sample\l2_unseen_validation\trade_date=2026-07-17\exchange=NSE\symbol=BPCL\part-043058_295609-006310.parquet,34482,downloaded,34482,
2026-07-17,NSE,BPCL,raw_l2/trade_date=2026-07-17/exchange=NSE/symbol=BPCL/part-043112_321184-006342.parquet,real_data_sample\l2_unseen_validation\trade_date=2026-07-17\exchange=NSE\symbol=BPCL\part-043112_321184-006342.parquet,34540,downloaded,34540,
2026-07-17,NSE,BPCL,raw_l2/trade_date=2026-07-17/exchange=NSE/symbol=BPCL/part-043456_825752-006854.parquet,real_data_sample\l2_unseen_validation\trade_date=2026-07-17\exchange=NSE\symbol=BPCL\part-043456_825752-006854.parquet,34597,downloaded,34597,
2026-07-17,NSE,BPCL,raw_l2/trade_date=2026-07-17/exchange=NSE/symbol=BPCL/part-043208_546372-006470.parquet,real_data_sample\l2_unseen_validation\trade_date=2026-07-17\exchange=NSE\symbol=BPCL\part-043208_546372-006470.parquet,34662,downloaded,34662,
2026-07-17,NSE,BPCL,raw_l2/trade_date=2026-07-17/exchange=NSE/symbol=BPCL/part-043304_811157-006598.parquet,real_data_sample\l2_unseen_validation\trade_date=2026-07-17\exchange=NSE\symbol=BPCL\part-043304_811157-006598.parquet,34565,downloaded,34565,
2026-07-17,NSE,BPCL,raw_l2/trade_date=2026-07-17/exchange=NSE/symbol=BPCL/part-043126_543841-006374.parquet,real_data_sample\l2_unseen_validation\trade_date=2026-07-17\exchange=NSE\symbol=BPCL\part-043126_543841-006374.parquet,34634,downloaded,34634,
2026-07-17,NSE,BPCL,raw_l2/trade_date=2026-07-17/exchange=NSE/symbol=BPCL/part-043237_079048-006534.parquet,real_data_sample\l2_unseen_validation\trade_date=2026-07-17\exchange=NSE\symbol=BPCL\part-043237_079048-006534.parquet,34473,downloaded,34473,
2026-07-17,NSE,BPCL,raw_l2/trade_date=2026-07-17/exchange=NSE/symbol=BPCL/part-043318_862895-006630.parquet,real_data_sample\l2_unseen_validation\trade_date=2026-07-17\exchange=NSE\symbol=BPCL\part-043318_862895-006630.parquet,34538,downloaded,34538,
2026-07-17,NSE,BPCL,raw_l2/trade_date=2026-07-17/exchange=NSE/symbol=BPCL/part-043251_028677-006566.parquet,real_data_sample\l2_unseen_validation\trade_date=2026-07-17\exchange=NSE\symbol=BPCL\part-043251_028677-006566.parquet,34472,downloaded,34472,
2026-07-17,NSE,BPCL,raw_l2/trade_date=2026-07-17/exchange=NSE/symbol=BPCL/part-043510_551942-006886.parquet,real_data_sample\l2_unseen_validation\trade_date=2026-07-17\exchange=NSE\symbol=BPCL\part-043510_551942-006886.parquet,34734,downloaded,34734,
2026-07-17,NSE,BPCL,raw_l2/trade_date=2026-07-17/exchange=NSE/symbol=BPCL/part-043538_288917-006950.parquet,real_data_sample\l2_unseen_validation\trade_date=2026-07-17\exchange=NSE\symbol=BPCL\part-043538_288917-006950.parquet,34635,downloaded,34635,
2026-07-17,NSE,BPCL,raw_l2/trade_date=2026-07-17/exchange=NSE/symbol=BPCL/part-043140_636729-006406.parquet,real_data_sample\l2_unseen_validation\trade_date=2026-07-17\exchange=NSE\symbol=BPCL\part-043140_636729-006406.parquet,34676,downloaded,34676,
2026-07-17,NSE,BPCL,raw_l2/trade_date=2026-07-17/exchange=NSE/symbol=BPCL/part-043154_538260-006438.parquet,real_data_sample\l2_unseen_validation\trade_date=2026-07-17\exchange=NSE\symbol=BPCL\part-043154_538260-006438.parquet,34389,downloaded,34389,
2026-07-17,NSE,BPCL,raw_l2/trade_date=2026-07-17/exchange=NSE/symbol=BPCL/part-043222_855896-006502.parquet,real_data_sample\l2_unseen_validation\trade_date=2026-07-17\exchange=NSE\symbol=BPCL\part-043222_855896-006502.parquet,34690,downloaded,34690,
2026-07-17,NSE,BPCL,raw_l2/trade_date=2026-07-17/exchange=NSE/symbol=BPCL/part-043333_044332-006662.parquet,real_data_sample\l2_unseen_validation\trade_date=2026-07-17\exchange=NSE\symbol=BPCL\part-043333_044332-006662.parquet,34524,downloaded,34524,
2026-07-17,NSE,BPCL,raw_l2/trade_date=2026-07-17/exchange=NSE/symbol=BPCL/part-043443_070909-006822.parquet,real_data_sample\l2_unseen_validation\trade_date=2026-07-17\exchange=NSE\symbol=BPCL\part-043443_070909-006822.parquet,34678,downloaded,34678,
2026-07-17,NSE,BPCL,raw_l2/trade_date=2026-07-17/exchange=NSE/symbol=BPCL/part-043429_093321-006790.parquet,real_data_sample\l2_unseen_validation\trade_date=2026-07-17\exchange=NSE\symbol=BPCL\part-043429_093321-006790.parquet,34624,downloaded,34624,
2026-07-17,NSE,BPCL,raw_l2/trade_date=2026-07-17/exchange=NSE/symbol=BPCL/part-043524_587354-006918.parquet,real_data_sample\l2_unseen_validation\trade_date=2026-07-17\exchange=NSE\symbol=BPCL\part-043524_587354-006918.parquet,34600,downloaded,34600,
2026-07-17,NSE,BPCL,raw_l2/trade_date=2026-07-17/exchange=NSE/symbol=BPCL/part-043415_155037-006758.parquet,real_data_sample\l2_unseen_validation\trade_date=2026-07-17\exchange=NSE\symbol=BPCL\part-043415_155037-006758.parquet,34686,downloaded,34686,
2026-07-17,NSE,BPCL,raw_l2/trade_date=2026-07-17/exchange=NSE/symbol=BPCL/part-043347_110446-006694.parquet,real_data_sample\l2_unseen_validation\trade_date=2026-07-17\exchange=NSE\symbol=BPCL\part-043347_110446-006694.parquet,34715,downloaded,34715,
2026-07-17,NSE,BPCL,raw_l2/trade_date=2026-07-17/exchange=NSE/symbol=BPCL/part-043401_066650-006726.parquet,real_data_sample\l2_unseen_validation\trade_date=2026-07-17\exchange=NSE\symbol=BPCL\part-043401_066650-006726.parquet,34619,downloaded,34619,
2026-07-17,NSE,BPCL,raw_l2/trade_date=2026-07-17/exchange=NSE/symbol=BPCL/part-043552_307130-006982.parquet,real_data_sample\l2_unseen_validation\trade_date=2026-07-17\exchange=NSE\symbol=BPCL\part-043552_307130-006982.parquet,34471,downloaded,34471,
2026-07-17,NSE,BPCL,raw_l2/trade_date=2026-07-17/exchange=NSE/symbol=BPCL/part-043606_298715-007014.parquet,real_data_sample\l2_unseen_validation\trade_date=2026-07-17\exchange=NSE\symbol=BPCL\part-043606_298715-007014.parquet,34734,downloaded,34734,
2026-07-17,NSE,BPCL,raw_l2/trade_date=2026-07-17/exchange=NSE/symbol=BPCL/part-043620_291738-007046.parquet,real_data_sample\l2_unseen_validation\trade_date=2026-07-17\exchange=NSE\symbol=BPCL\part-043620_291738-007046.parquet,34438,downloaded,34438,
2026-07-17,NSE,BPCL,raw_l2/trade_date=2026-07-17/exchange=NSE/symbol=BPCL/part-043634_201918-007078.parquet,real_data_sample\l2_unseen_validation\trade_date=2026-07-17\exchange=NSE\symbol=BPCL\part-043634_201918-007078.parquet,34608,downloaded,34608,
2026-07-17,NSE,BPCL,raw_l2/trade_date=2026-07-17/exchange=NSE/symbol=BPCL/part-043744_042776-007238.parquet,real_data_sample\l2_unseen_validation\trade_date=2026-07-17\exchange=NSE\symbol=BPCL\part-043744_042776-007238.parquet,34637,downloaded,34637,
2026-07-17,NSE,BPCL,raw_l2/trade_date=2026-07-17/exchange=NSE/symbol=BPCL/part-043730_100504-007206.parquet,real_data_sample\l2_unseen_validation\trade_date=2026-07-17\exchange=NSE\symbol=BPCL\part-043730_100504-007206.parquet,34613,downloaded,34613,
2026-07-17,NSE,BPCL,raw_l2/trade_date=2026-07-17/exchange=NSE/symbol=BPCL/part-043702_349578-007142.parquet,real_data_sample\l2_unseen_validation\trade_date=2026-07-17\exchange=NSE\symbol=BPCL\part-043702_349578-007142.parquet,34619,downloaded,34619,
2026-07-17,NSE,BPCL,raw_l2/trade_date=2026-07-17/exchange=NSE/symbol=BPCL/part-043716_292195-007174.parquet,real_data_sample\l2_unseen_validation\trade_date=2026-07-17\exchange=NSE\symbol=BPCL\part-043716_292195-007174.parquet,34431,downloaded,34431,
2026-07-17,NSE,BPCL,raw_l2/trade_date=2026-07-17/exchange=NSE/symbol=BPCL/part-043648_036917-007110.parquet,real_data_sample\l2_unseen_validation\trade_date=2026-07-17\exchange=NSE\symbol=BPCL\part-043648_036917-007110.parquet,34489,downloaded,34489,
2026-07-17,NSE,BPCL,raw_l2/trade_date=2026-07-17/exchange=NSE/symbol=BPCL/part-044030_548326-007622.parquet,real_data_sample\l2_unseen_validation\trade_date=2026-07-17\exchange=NSE\symbol=BPCL\part-044030_548326-007622.parquet,34519,downloaded,34519,
2026-07-17,NSE,BPCL,raw_l2/trade_date=2026-07-17/exchange=NSE/symbol=BPCL/part-043922_004744-007462.parquet,real_data_sample\l2_unseen_validation\trade_date=2026-07-17\exchange=NSE\symbol=BPCL\part-043922_004744-007462.parquet,34742,downloaded,34742,
2026-07-17,NSE,BPCL,raw_l2/trade_date=2026-07-17/exchange=NSE/symbol=BPCL/part-043935_518249-007494.parquet,real_data_sample\l2_unseen_validation\trade_date=2026-07-17\exchange=NSE\symbol=BPCL\part-043935_518249-007494.parquet,34484,downloaded,34484,
2026-07-17,NSE,BPCL,raw_l2/trade_date=2026-07-17/exchange=NSE/symbol=BPCL/part-044016_773829-007590.parquet,real_data_sample\l2_unseen_validation\trade_date=2026-07-17\exchange=NSE\symbol=BPCL\part-044016_773829-007590.parquet,34573,downloaded,34573,
2026-07-17,NSE,BPCL,raw_l2/trade_date=2026-07-17/exchange=NSE/symbol=BPCL/part-044003_024080-007558.parquet,real_data_sample\l2_unseen_validation\trade_date=2026-07-17\exchange=NSE\symbol=BPCL\part-044003_024080-007558.parquet,34532,downloaded,34532,
2026-07-17,NSE,BPCL,raw_l2/trade_date=2026-07-17/exchange=NSE/symbol=BPCL/part-044058_023278-007686.parquet,real_data_sample\l2_unseen_validation\trade_date=2026-07-17\exchange=NSE\symbol=BPCL\part-044058_023278-007686.parquet,34699,downloaded,34699,
2026-07-17,NSE,BPCL,raw_l2/trade_date=2026-07-17/exchange=NSE/symbol=BPCL/part-043949_312654-007526.parquet,real_data_sample\l2_unseen_validation\trade_date=2026-07-17\exchange=NSE\symbol=BPCL\part-043949_312654-007526.parquet,34580,downloaded,34580,
2026-07-17,NSE,BPCL,raw_l2/trade_date=2026-07-17/exchange=NSE/symbol=BPCL/part-044111_794912-007718.parquet,real_data_sample\l2_unseen_validation\trade_date=2026-07-17\exchange=NSE\symbol=BPCL\part-044111_794912-007718.parquet,34479,downloaded,34479,
2026-07-17,NSE,BPCL,raw_l2/trade_date=2026-07-17/exchange=NSE/symbol=BPCL/part-044044_270826-007654.parquet,real_data_sample\l2_unseen_validation\trade_date=2026-07-17\exchange=NSE\symbol=BPCL\part-044044_270826-007654.parquet,34713,downloaded,34713,
2026-07-17,NSE,BPCL,raw_l2/trade_date=2026-07-17/exchange=NSE/symbol=BPCL/part-044316_316698-008006.parquet,real_data_sample\l2_unseen_validation\trade_date=2026-07-17\exchange=NSE\symbol=BPCL\part-044316_316698-008006.parquet,34658,downloaded,34658,
2026-07-17,NSE,BPCL,raw_l2/trade_date=2026-07-17/exchange=NSE/symbol=BPCL/part-044125_510371-007750.parquet,real_data_sample\l2_unseen_validation\trade_date=2026-07-17\exchange=NSE\symbol=BPCL\part-044125_510371-007750.parquet,34538,downloaded,34538,
2026-07-17,NSE,BPCL,raw_l2/trade_date=2026-07-17/exchange=NSE/symbol=BPCL/part-044139_278838-007782.parquet,real_data_sample\l2_unseen_validation\trade_date=2026-07-17\exchange=NSE\symbol=BPCL\part-044139_278838-007782.parquet,34869,downloaded,34869,
2026-07-17,NSE,BPCL,raw_l2/trade_date=2026-07-17/exchange=NSE/symbol=BPCL/part-043840_302570-007366.parquet,real_data_sample\l2_unseen_validation\trade_date=2026-07-17\exchange=NSE\symbol=BPCL\part-043840_302570-007366.parquet,34506,downloaded,34506,
2026-07-17,NSE,BPCL,raw_l2/trade_date=2026-07-17/exchange=NSE/symbol=BPCL/part-043757_793608-007270.parquet,real_data_sample\l2_unseen_validation\trade_date=2026-07-17\exchange=NSE\symbol=BPCL\part-043757_793608-007270.parquet,34627,downloaded,34627,
2026-07-17,NSE,BPCL,raw_l2/trade_date=2026-07-17/exchange=NSE/symbol=BPCL/part-044302_313441-007974.parquet,real_data_sample\l2_unseen_validation\trade_date=2026-07-17\exchange=NSE\symbol=BPCL\part-044302_313441-007974.parquet,34709,downloaded,34709,
2026-07-17,NSE,BPCL,raw_l2/trade_date=2026-07-17/exchange=NSE/symbol=BPCL/part-043854_342837-007398.parquet,real_data_sample\l2_unseen_validation\trade_date=2026-07-17\exchange=NSE\symbol=BPCL\part-043854_342837-007398.parquet,34391,downloaded,34391,
2026-07-17,NSE,BPCL,raw_l2/trade_date=2026-07-17/exchange=NSE/symbol=BPCL/part-044248_524663-007942.parquet,real_data_sample\l2_unseen_validation\trade_date=2026-07-17\exchange=NSE\symbol=BPCL\part-044248_524663-007942.parquet,34660,downloaded,34660,
2026-07-17,NSE,BPCL,raw_l2/trade_date=2026-07-17/exchange=NSE/symbol=BPCL/part-043826_247767-007334.parquet,real_data_sample\l2_unseen_validation\trade_date=2026-07-17\exchange=NSE\symbol=BPCL\part-043826_247767-007334.parquet,34670,downloaded,34670,
2026-07-17,NSE,BPCL,raw_l2/trade_date=2026-07-17/exchange=NSE/symbol=BPCL/part-043908_319627-007430.parquet,real_data_sample\l2_unseen_validation\trade_date=2026-07-17\exchange=NSE\symbol=BPCL\part-043908_319627-007430.parquet,34575,downloaded,34575,
2026-07-17,NSE,BPCL,raw_l2/trade_date=2026-07-17/exchange=NSE/symbol=BPCL/part-044330_125674-008038.parquet,real_data_sample\l2_unseen_validation\trade_date=2026-07-17\exchange=NSE\symbol=BPCL\part-044330_125674-008038.parquet,34605,downloaded,34605,
2026-07-17,NSE,BPCL,raw_l2/trade_date=2026-07-17/exchange=NSE/symbol=BPCL/part-043811_523581-007302.parquet,real_data_sample\l2_unseen_validation\trade_date=2026-07-17\exchange=NSE\symbol=BPCL\part-043811_523581-007302.parquet,34664,downloaded,34664,
2026-07-17,NSE,BPCL,raw_l2/trade_date=2026-07-17/exchange=NSE/symbol=BPCL/part-044153_043540-007814.parquet,real_data_sample\l2_unseen_validation\trade_date=2026-07-17\exchange=NSE\symbol=BPCL\part-044153_043540-007814.parquet,34606,downloaded,34606,
2026-07-17,NSE,BPCL,raw_l2/trade_date=2026-07-17/exchange=NSE/symbol=BPCL/part-044220_525879-007878.parquet,real_data_sample\l2_unseen_validation\trade_date=2026-07-17\exchange=NSE\symbol=BPCL\part-044220_525879-007878.parquet,34601,downloaded,34601,
2026-07-17,NSE,BPCL,raw_l2/trade_date=2026-07-17/exchange=NSE/symbol=BPCL/part-044234_533473-007910.parquet,real_data_sample\l2_unseen_validation\trade_date=2026-07-17\exchange=NSE\symbol=BPCL\part-044234_533473-007910.parquet,34669,downloaded,34669,
2026-07-17,NSE,BPCL,raw_l2/trade_date=2026-07-17/exchange=NSE/symbol=BPCL/part-044206_777090-007846.parquet,real_data_sample\l2_unseen_validation\trade_date=2026-07-17\exchange=NSE\symbol=BPCL\part-044206_777090-007846.parquet,34699,downloaded,34699,
2026-07-17,NSE,BPCL,raw_l2/trade_date=2026-07-17/exchange=NSE/symbol=BPCL/part-044411_544732-008134.parquet,real_data_sample\l2_unseen_validation\trade_date=2026-07-17\exchange=NSE\symbol=BPCL\part-044411_544732-008134.parquet,34521,downloaded,34521,
2026-07-17,NSE,BPCL,raw_l2/trade_date=2026-07-17/exchange=NSE/symbol=BPCL/part-044357_823703-008102.parquet,real_data_sample\l2_unseen_validation\trade_date=2026-07-17\exchange=NSE\symbol=BPCL\part-044357_823703-008102.parquet,34649,downloaded,34649,
2026-07-17,NSE,BPCL,raw_l2/trade_date=2026-07-17/exchange=NSE/symbol=BPCL/part-044344_028865-008070.parquet,real_data_sample\l2_unseen_validation\trade_date=2026-07-17\exchange=NSE\symbol=BPCL\part-044344_028865-008070.parquet,34480,downloaded,34480,
2026-07-17,NSE,BPCL,raw_l2/trade_date=2026-07-17/exchange=NSE/symbol=BPCL/part-044425_285009-008166.parquet,real_data_sample\l2_unseen_validation\trade_date=2026-07-17\exchange=NSE\symbol=BPCL\part-044425_285009-008166.parquet,34532,downloaded,34532,
2026-07-17,NSE,BPCL,raw_l2/trade_date=2026-07-17/exchange=NSE/symbol=BPCL/part-044439_042118-008198.parquet,real_data_sample\l2_unseen_validation\trade_date=2026-07-17\exchange=NSE\symbol=BPCL\part-044439_042118-008198.parquet,34597,downloaded,34597,
2026-07-17,NSE,BPCL,raw_l2/trade_date=2026-07-17/exchange=NSE/symbol=BPCL/part-044453_016778-008230.parquet,real_data_sample\l2_unseen_validation\trade_date=2026-07-17\exchange=NSE\symbol=BPCL\part-044453_016778-008230.parquet,34599,downloaded,34599,
2026-07-17,NSE,BPCL,raw_l2/trade_date=2026-07-17/exchange=NSE/symbol=BPCL/part-044506_768663-008262.parquet,real_data_sample\l2_unseen_validation\trade_date=2026-07-17\exchange=NSE\symbol=BPCL\part-044506_768663-008262.parquet,34744,downloaded,34744,
2026-07-17,NSE,BPCL,raw_l2/trade_date=2026-07-17/exchange=NSE/symbol=BPCL/part-044901_823560-008806.parquet,real_data_sample\l2_unseen_validation\trade_date=2026-07-17\exchange=NSE\symbol=BPCL\part-044901_823560-008806.parquet,34624,downloaded,34624,
2026-07-17,NSE,BPCL,raw_l2/trade_date=2026-07-17/exchange=NSE/symbol=BPCL/part-040710_286487-003046.parquet,real_data_sample\l2_unseen_validation\trade_date=2026-07-17\exchange=NSE\symbol=BPCL\part-040710_286487-003046.parquet,34570,downloaded,34570,
2026-07-17,NSE,BPCL,raw_l2/trade_date=2026-07-17/exchange=NSE/symbol=BPCL/part-044943_026286-008902.parquet,real_data_sample\l2_unseen_validation\trade_date=2026-07-17\exchange=NSE\symbol=BPCL\part-044943_026286-008902.parquet,34580,downloaded,34580,
2026-07-17,NSE,BPCL,raw_l2/trade_date=2026-07-17/exchange=NSE/symbol=BPCL/part-044915_549214-008838.parquet,real_data_sample\l2_unseen_validation\trade_date=2026-07-17\exchange=NSE\symbol=BPCL\part-044915_549214-008838.parquet,34300,downloaded,34300,
2026-07-17,NSE,BPCL,raw_l2/trade_date=2026-07-17/exchange=NSE/symbol=BPCL/part-044657_286011-008518.parquet,real_data_sample\l2_unseen_validation\trade_date=2026-07-17\exchange=NSE\symbol=BPCL\part-044657_286011-008518.parquet,34581,downloaded,34581,
2026-07-17,NSE,BPCL,raw_l2/trade_date=2026-07-17/exchange=NSE/symbol=BPCL/part-044711_056022-008550.parquet,real_data_sample\l2_unseen_validation\trade_date=2026-07-17\exchange=NSE\symbol=BPCL\part-044711_056022-008550.parquet,34638,downloaded,34638,
2026-07-17,NSE,BPCL,raw_l2/trade_date=2026-07-17/exchange=NSE/symbol=BPCL/part-044929_293604-008870.parquet,real_data_sample\l2_unseen_validation\trade_date=2026-07-17\exchange=NSE\symbol=BPCL\part-044929_293604-008870.parquet,34746,downloaded,34746,
2026-07-17,NSE,BPCL,raw_l2/trade_date=2026-07-17/exchange=NSE/symbol=BPCL/part-044806_528346-008678.parquet,real_data_sample\l2_unseen_validation\trade_date=2026-07-17\exchange=NSE\symbol=BPCL\part-044806_528346-008678.parquet,34617,downloaded,34617,
2026-07-17,NSE,BPCL,raw_l2/trade_date=2026-07-17/exchange=NSE/symbol=BPCL/part-044834_289020-008742.parquet,real_data_sample\l2_unseen_validation\trade_date=2026-07-17\exchange=NSE\symbol=BPCL\part-044834_289020-008742.parquet,34585,downloaded,34585,
2026-07-17,NSE,BPCL,raw_l2/trade_date=2026-07-17/exchange=NSE/symbol=BPCL/part-044848_016150-008774.parquet,real_data_sample\l2_unseen_validation\trade_date=2026-07-17\exchange=NSE\symbol=BPCL\part-044848_016150-008774.parquet,34558,downloaded,34558,
2026-07-17,NSE,BPCL,raw_l2/trade_date=2026-07-17/exchange=NSE/symbol=BPCL/part-045051_528654-009062.parquet,real_data_sample\l2_unseen_validation\trade_date=2026-07-17\exchange=NSE\symbol=BPCL\part-045051_528654-009062.parquet,34552,downloaded,34552,
2026-07-17,NSE,BPCL,raw_l2/trade_date=2026-07-17/exchange=NSE/symbol=BPCL/part-045119_315239-009126.parquet,real_data_sample\l2_unseen_validation\trade_date=2026-07-17\exchange=NSE\symbol=BPCL\part-045119_315239-009126.parquet,34595,downloaded,34595,
2026-07-17,NSE,BPCL,raw_l2/trade_date=2026-07-17/exchange=NSE/symbol=BPCL/part-045105_410184-009094.parquet,real_data_sample\l2_unseen_validation\trade_date=2026-07-17\exchange=NSE\symbol=BPCL\part-045105_410184-009094.parquet,34631,downloaded,34631,
2026-07-17,NSE,BPCL,raw_l2/trade_date=2026-07-17/exchange=NSE/symbol=BPCL/part-045133_296085-009158.parquet,real_data_sample\l2_unseen_validation\trade_date=2026-07-17\exchange=NSE\symbol=BPCL\part-045133_296085-009158.parquet,34601,downloaded,34601,
2026-07-17,NSE,BPCL,raw_l2/trade_date=2026-07-17/exchange=NSE/symbol=BPCL/part-044752_778037-008646.parquet,real_data_sample\l2_unseen_validation\trade_date=2026-07-17\exchange=NSE\symbol=BPCL\part-044752_778037-008646.parquet,34684,downloaded,34684,
2026-07-17,NSE,BPCL,raw_l2/trade_date=2026-07-17/exchange=NSE/symbol=BPCL/part-045147_314975-009190.parquet,real_data_sample\l2_unseen_validation\trade_date=2026-07-17\exchange=NSE\symbol=BPCL\part-045147_314975-009190.parquet,34529,downloaded,34529,
2026-07-17,NSE,BPCL,raw_l2/trade_date=2026-07-17/exchange=NSE/symbol=BPCL/part-044820_307957-008710.parquet,real_data_sample\l2_unseen_validation\trade_date=2026-07-17\exchange=NSE\symbol=BPCL\part-044820_307957-008710.parquet,34820,downloaded,34820,
2026-07-17,NSE,BPCL,raw_l2/trade_date=2026-07-17/exchange=NSE/symbol=BPCL/part-044738_610658-008614.parquet,real_data_sample\l2_unseen_validation\trade_date=2026-07-17\exchange=NSE\symbol=BPCL\part-044738_610658-008614.parquet,34415,downloaded,34415,
2026-07-17,NSE,BPCL,raw_l2/trade_date=2026-07-17/exchange=NSE/symbol=BPCL/part-044724_797554-008582.parquet,real_data_sample\l2_unseen_validation\trade_date=2026-07-17\exchange=NSE\symbol=BPCL\part-044724_797554-008582.parquet,34659,downloaded,34659,
2026-07-17,NSE,BPCL,raw_l2/trade_date=2026-07-17/exchange=NSE/symbol=BPCL/part-044534_280514-008326.parquet,real_data_sample\l2_unseen_validation\trade_date=2026-07-17\exchange=NSE\symbol=BPCL\part-044534_280514-008326.parquet,34799,downloaded,34799,
2026-07-17,NSE,BPCL,raw_l2/trade_date=2026-07-17/exchange=NSE/symbol=BPCL/part-044601_795616-008390.parquet,real_data_sample\l2_unseen_validation\trade_date=2026-07-17\exchange=NSE\symbol=BPCL\part-044601_795616-008390.parquet,34533,downloaded,34533,
2026-07-17,NSE,BPCL,raw_l2/trade_date=2026-07-17/exchange=NSE/symbol=BPCL/part-044615_795933-008422.parquet,real_data_sample\l2_unseen_validation\trade_date=2026-07-17\exchange=NSE\symbol=BPCL\part-044615_795933-008422.parquet,34760,downloaded,34760,
2026-07-17,NSE,BPCL,raw_l2/trade_date=2026-07-17/exchange=NSE/symbol=BPCL/part-044629_531520-008454.parquet,real_data_sample\l2_unseen_validation\trade_date=2026-07-17\exchange=NSE\symbol=BPCL\part-044629_531520-008454.parquet,34505,downloaded,34505,
2026-07-17,NSE,BPCL,raw_l2/trade_date=2026-07-17/exchange=NSE/symbol=BPCL/part-044643_330509-008486.parquet,real_data_sample\l2_unseen_validation\trade_date=2026-07-17\exchange=NSE\symbol=BPCL\part-044643_330509-008486.parquet,34677,downloaded,34677,
2026-07-17,NSE,BPCL,raw_l2/trade_date=2026-07-17/exchange=NSE/symbol=BPCL/part-044548_027401-008358.parquet,real_data_sample\l2_unseen_validation\trade_date=2026-07-17\exchange=NSE\symbol=BPCL\part-044548_027401-008358.parquet,34762,downloaded,34762,
2026-07-17,NSE,BPCL,raw_l2/trade_date=2026-07-17/exchange=NSE/symbol=BPCL/part-044520_531362-008294.parquet,real_data_sample\l2_unseen_validation\trade_date=2026-07-17\exchange=NSE\symbol=BPCL\part-044520_531362-008294.parquet,34714,downloaded,34714,
2026-07-17,NSE,BPCL,raw_l2/trade_date=2026-07-17/exchange=NSE/symbol=BPCL/part-044956_801337-008934.parquet,real_data_sample\l2_unseen_validation\trade_date=2026-07-17\exchange=NSE\symbol=BPCL\part-044956_801337-008934.parquet,34493,downloaded,34493,
2026-07-17,NSE,BPCL,raw_l2/trade_date=2026-07-17/exchange=NSE/symbol=BPCL/part-045024_261769-008998.parquet,real_data_sample\l2_unseen_validation\trade_date=2026-07-17\exchange=NSE\symbol=BPCL\part-045024_261769-008998.parquet,34574,downloaded,34574,
2026-07-17,NSE,BPCL,raw_l2/trade_date=2026-07-17/exchange=NSE/symbol=BPCL/part-045010_528912-008966.parquet,real_data_sample\l2_unseen_validation\trade_date=2026-07-17\exchange=NSE\symbol=BPCL\part-045010_528912-008966.parquet,34505,downloaded,34505,
2026-07-17,NSE,BPCL,raw_l2/trade_date=2026-07-17/exchange=NSE/symbol=BPCL/part-045037_802172-009030.parquet,real_data_sample\l2_unseen_validation\trade_date=2026-07-17\exchange=NSE\symbol=BPCL\part-045037_802172-009030.parquet,34608,downloaded,34608,
2026-07-17,NSE,BPCL,raw_l2/trade_date=2026-07-17/exchange=NSE/symbol=BPCL/part-045201_342408-009222.parquet,real_data_sample\l2_unseen_validation\trade_date=2026-07-17\exchange=NSE\symbol=BPCL\part-045201_342408-009222.parquet,34595,downloaded,34595,
2026-07-17,NSE,BPCL,raw_l2/trade_date=2026-07-17/exchange=NSE/symbol=BPCL/part-045215_279043-009254.parquet,real_data_sample\l2_unseen_validation\trade_date=2026-07-17\exchange=NSE\symbol=BPCL\part-045215_279043-009254.parquet,34694,downloaded,34694,
2026-07-17,NSE,BPCL,raw_l2/trade_date=2026-07-17/exchange=NSE/symbol=BPCL/part-045944_606082-010278.parquet,real_data_sample\l2_unseen_validation\trade_date=2026-07-17\exchange=NSE\symbol=BPCL\part-045944_606082-010278.parquet,34666,downloaded,34666,
2026-07-17,NSE,BPCL,raw_l2/trade_date=2026-07-17/exchange=NSE/symbol=BPCL/part-045229_027878-009286.parquet,real_data_sample\l2_unseen_validation\trade_date=2026-07-17\exchange=NSE\symbol=BPCL\part-045229_027878-009286.parquet,34517,downloaded,34517,
2026-07-17,NSE,BPCL,raw_l2/trade_date=2026-07-17/exchange=NSE/symbol=BPCL/part-045723_822727-009958.parquet,real_data_sample\l2_unseen_validation\trade_date=2026-07-17\exchange=NSE\symbol=BPCL\part-045723_822727-009958.parquet,34639,downloaded,34639,
2026-07-17,NSE,BPCL,raw_l2/trade_date=2026-07-17/exchange=NSE/symbol=BPCL/part-045930_405980-010246.parquet,real_data_sample\l2_unseen_validation\trade_date=2026-07-17\exchange=NSE\symbol=BPCL\part-045930_405980-010246.parquet,34712,downloaded,34712,
2026-07-17,NSE,BPCL,raw_l2/trade_date=2026-07-17/exchange=NSE/symbol=BPCL/part-045516_851515-009670.parquet,real_data_sample\l2_unseen_validation\trade_date=2026-07-17\exchange=NSE\symbol=BPCL\part-045516_851515-009670.parquet,34569,downloaded,34569,
2026-07-17,NSE,BPCL,raw_l2/trade_date=2026-07-17/exchange=NSE/symbol=BPCL/part-045752_074041-010022.parquet,real_data_sample\l2_unseen_validation\trade_date=2026-07-17\exchange=NSE\symbol=BPCL\part-045752_074041-010022.parquet,34825,downloaded,34825,
2026-07-17,NSE,BPCL,raw_l2/trade_date=2026-07-17/exchange=NSE/symbol=BPCL/part-045544_833465-009734.parquet,real_data_sample\l2_unseen_validation\trade_date=2026-07-17\exchange=NSE\symbol=BPCL\part-045544_833465-009734.parquet,34490,downloaded,34490,
2026-07-17,NSE,BPCL,raw_l2/trade_date=2026-07-17/exchange=NSE/symbol=BPCL/part-045242_795228-009318.parquet,real_data_sample\l2_unseen_validation\trade_date=2026-07-17\exchange=NSE\symbol=BPCL\part-045242_795228-009318.parquet,34481,downloaded,34481,
2026-07-17,NSE,BPCL,raw_l2/trade_date=2026-07-17/exchange=NSE/symbol=BPCL/part-045530_806293-009702.parquet,real_data_sample\l2_unseen_validation\trade_date=2026-07-17\exchange=NSE\symbol=BPCL\part-045530_806293-009702.parquet,34533,downloaded,34533,
2026-07-17,NSE,BPCL,raw_l2/trade_date=2026-07-17/exchange=NSE/symbol=BPCL/part-045558_814137-009766.parquet,real_data_sample\l2_unseen_validation\trade_date=2026-07-17\exchange=NSE\symbol=BPCL\part-045558_814137-009766.parquet,34684,downloaded,34684,
2026-07-17,NSE,BPCL,raw_l2/trade_date=2026-07-17/exchange=NSE/symbol=BPCL/part-045502_610105-009638.parquet,real_data_sample\l2_unseen_validation\trade_date=2026-07-17\exchange=NSE\symbol=BPCL\part-045502_610105-009638.parquet,34469,downloaded,34469,
2026-07-17,NSE,BPCL,raw_l2/trade_date=2026-07-17/exchange=NSE/symbol=BPCL/part-045655_548625-009894.parquet,real_data_sample\l2_unseen_validation\trade_date=2026-07-17\exchange=NSE\symbol=BPCL\part-045655_548625-009894.parquet,34665,downloaded,34665,
2026-07-17,NSE,BPCL,raw_l2/trade_date=2026-07-17/exchange=NSE/symbol=BPCL/part-045709_437154-009926.parquet,real_data_sample\l2_unseen_validation\trade_date=2026-07-17\exchange=NSE\symbol=BPCL\part-045709_437154-009926.parquet,34761,downloaded,34761,
2026-07-17,NSE,BPCL,raw_l2/trade_date=2026-07-17/exchange=NSE/symbol=BPCL/part-045737_821764-009990.parquet,real_data_sample\l2_unseen_validation\trade_date=2026-07-17\exchange=NSE\symbol=BPCL\part-045737_821764-009990.parquet,34743,downloaded,34743,
2026-07-17,NSE,BPCL,raw_l2/trade_date=2026-07-17/exchange=NSE/symbol=BPCL/part-045902_524976-010182.parquet,real_data_sample\l2_unseen_validation\trade_date=2026-07-17\exchange=NSE\symbol=BPCL\part-045902_524976-010182.parquet,34601,downloaded,34601,
2026-07-17,NSE,BPCL,raw_l2/trade_date=2026-07-17/exchange=NSE/symbol=BPCL/part-045916_303080-010214.parquet,real_data_sample\l2_unseen_validation\trade_date=2026-07-17\exchange=NSE\symbol=BPCL\part-045916_303080-010214.parquet,34752,downloaded,34752,
2026-07-17,NSE,BPCL,raw_l2/trade_date=2026-07-17/exchange=NSE/symbol=BPCL/part-045626_885737-009830.parquet,real_data_sample\l2_unseen_validation\trade_date=2026-07-17\exchange=NSE\symbol=BPCL\part-045626_885737-009830.parquet,34707,downloaded,34707,
2026-07-17,NSE,BPCL,raw_l2/trade_date=2026-07-17/exchange=NSE/symbol=BPCL/part-045641_077825-009862.parquet,real_data_sample\l2_unseen_validation\trade_date=2026-07-17\exchange=NSE\symbol=BPCL\part-045641_077825-009862.parquet,34725,downloaded,34725,
2026-07-17,NSE,BPCL,raw_l2/trade_date=2026-07-17/exchange=NSE/symbol=BPCL/part-045834_349640-010118.parquet,real_data_sample\l2_unseen_validation\trade_date=2026-07-17\exchange=NSE\symbol=BPCL\part-045834_349640-010118.parquet,34698,downloaded,34698,
2026-07-17,NSE,BPCL,raw_l2/trade_date=2026-07-17/exchange=NSE/symbol=BPCL/part-045848_560113-010150.parquet,real_data_sample\l2_unseen_validation\trade_date=2026-07-17\exchange=NSE\symbol=BPCL\part-045848_560113-010150.parquet,34669,downloaded,34669,
2026-07-17,NSE,BPCL,raw_l2/trade_date=2026-07-17/exchange=NSE/symbol=BPCL/part-045806_058657-010054.parquet,real_data_sample\l2_unseen_validation\trade_date=2026-07-17\exchange=NSE\symbol=BPCL\part-045806_058657-010054.parquet,34635,downloaded,34635,
2026-07-17,NSE,BPCL,raw_l2/trade_date=2026-07-17/exchange=NSE/symbol=BPCL/part-045612_787214-009798.parquet,real_data_sample\l2_unseen_validation\trade_date=2026-07-17\exchange=NSE\symbol=BPCL\part-045612_787214-009798.parquet,34469,downloaded,34469,
2026-07-17,NSE,BPCL,raw_l2/trade_date=2026-07-17/exchange=NSE/symbol=BPCL/part-045820_292114-010086.parquet,real_data_sample\l2_unseen_validation\trade_date=2026-07-17\exchange=NSE\symbol=BPCL\part-045820_292114-010086.parquet,34569,downloaded,34569,
2026-07-17,NSE,BPCL,raw_l2/trade_date=2026-07-17/exchange=NSE/symbol=BPCL/part-045310_807543-009382.parquet,real_data_sample\l2_unseen_validation\trade_date=2026-07-17\exchange=NSE\symbol=BPCL\part-045310_807543-009382.parquet,34691,downloaded,34691,
2026-07-17,NSE,BPCL,raw_l2/trade_date=2026-07-17/exchange=NSE/symbol=BPCL/part-045256_804649-009350.parquet,real_data_sample\l2_unseen_validation\trade_date=2026-07-17\exchange=NSE\symbol=BPCL\part-045256_804649-009350.parquet,34659,downloaded,34659,
2026-07-17,NSE,BPCL,raw_l2/trade_date=2026-07-17/exchange=NSE/symbol=BPCL/part-045406_613431-009510.parquet,real_data_sample\l2_unseen_validation\trade_date=2026-07-17\exchange=NSE\symbol=BPCL\part-045406_613431-009510.parquet,34554,downloaded,34554,
2026-07-17,NSE,BPCL,raw_l2/trade_date=2026-07-17/exchange=NSE/symbol=BPCL/part-045420_593686-009542.parquet,real_data_sample\l2_unseen_validation\trade_date=2026-07-17\exchange=NSE\symbol=BPCL\part-045420_593686-009542.parquet,34442,downloaded,34442,
2026-07-17,NSE,BPCL,raw_l2/trade_date=2026-07-17/exchange=NSE/symbol=BPCL/part-045352_583622-009478.parquet,real_data_sample\l2_unseen_validation\trade_date=2026-07-17\exchange=NSE\symbol=BPCL\part-045352_583622-009478.parquet,34564,downloaded,34564,
2026-07-17,NSE,BPCL,raw_l2/trade_date=2026-07-17/exchange=NSE/symbol=BPCL/part-045434_571624-009574.parquet,real_data_sample\l2_unseen_validation\trade_date=2026-07-17\exchange=NSE\symbol=BPCL\part-045434_571624-009574.parquet,34487,downloaded,34487,
2026-07-17,NSE,BPCL,raw_l2/trade_date=2026-07-17/exchange=NSE/symbol=BPCL/part-045448_594978-009606.parquet,real_data_sample\l2_unseen_validation\trade_date=2026-07-17\exchange=NSE\symbol=BPCL\part-045448_594978-009606.parquet,34634,downloaded,34634,
2026-07-17,NSE,BPCL,raw_l2/trade_date=2026-07-17/exchange=NSE/symbol=BPCL/part-045324_818773-009414.parquet,real_data_sample\l2_unseen_validation\trade_date=2026-07-17\exchange=NSE\symbol=BPCL\part-045324_818773-009414.parquet,34676,downloaded,34676,
2026-07-17,NSE,BPCL,raw_l2/trade_date=2026-07-17/exchange=NSE/symbol=BPCL/part-045338_552095-009446.parquet,real_data_sample\l2_unseen_validation\trade_date=2026-07-17\exchange=NSE\symbol=BPCL\part-045338_552095-009446.parquet,34605,downloaded,34605,
2026-07-17,NSE,BPCL,raw_l2/trade_date=2026-07-17/exchange=NSE/symbol=BPCL/part-045958_756427-010310.parquet,real_data_sample\l2_unseen_validation\trade_date=2026-07-17\exchange=NSE\symbol=BPCL\part-045958_756427-010310.parquet,34713,downloaded,34713,
2026-07-17,NSE,BPCL,raw_l2/trade_date=2026-07-17/exchange=NSE/symbol=BPCL/part-050218_797932-010630.parquet,real_data_sample\l2_unseen_validation\trade_date=2026-07-17\exchange=NSE\symbol=BPCL\part-050218_797932-010630.parquet,34542,downloaded,34542,
2026-07-17,NSE,BPCL,raw_l2/trade_date=2026-07-17/exchange=NSE/symbol=BPCL/part-050150_327615-010566.parquet,real_data_sample\l2_unseen_validation\trade_date=2026-07-17\exchange=NSE\symbol=BPCL\part-050150_327615-010566.parquet,34414,downloaded,34414,
2026-07-17,NSE,BPCL,raw_l2/trade_date=2026-07-17/exchange=NSE/symbol=BPCL/part-050344_071806-010822.parquet,real_data_sample\l2_unseen_validation\trade_date=2026-07-17\exchange=NSE\symbol=BPCL\part-050344_071806-010822.parquet,34518,downloaded,34518,
2026-07-17,NSE,BPCL,raw_l2/trade_date=2026-07-17/exchange=NSE/symbol=BPCL/part-050204_838174-010598.parquet,real_data_sample\l2_unseen_validation\trade_date=2026-07-17\exchange=NSE\symbol=BPCL\part-050204_838174-010598.parquet,34858,downloaded,34858,
2026-07-17,NSE,BPCL,raw_l2/trade_date=2026-07-17/exchange=NSE/symbol=BPCL/part-050358_107419-010854.parquet,real_data_sample\l2_unseen_validation\trade_date=2026-07-17\exchange=NSE\symbol=BPCL\part-050358_107419-010854.parquet,34528,downloaded,34528,
2026-07-17,NSE,BPCL,raw_l2/trade_date=2026-07-17/exchange=NSE/symbol=BPCL/part-050301_576938-010726.parquet,real_data_sample\l2_unseen_validation\trade_date=2026-07-17\exchange=NSE\symbol=BPCL\part-050301_576938-010726.parquet,34845,downloaded,34845,
2026-07-17,NSE,BPCL,raw_l2/trade_date=2026-07-17/exchange=NSE/symbol=BPCL/part-050315_987322-010758.parquet,real_data_sample\l2_unseen_validation\trade_date=2026-07-17\exchange=NSE\symbol=BPCL\part-050315_987322-010758.parquet,34625,downloaded,34625,
2026-07-17,NSE,BPCL,raw_l2/trade_date=2026-07-17/exchange=NSE/symbol=BPCL/part-050330_111498-010790.parquet,real_data_sample\l2_unseen_validation\trade_date=2026-07-17\exchange=NSE\symbol=BPCL\part-050330_111498-010790.parquet,34603,downloaded,34603,
2026-07-17,NSE,BPCL,raw_l2/trade_date=2026-07-17/exchange=NSE/symbol=BPCL/part-050108_570823-010470.parquet,real_data_sample\l2_unseen_validation\trade_date=2026-07-17\exchange=NSE\symbol=BPCL\part-050108_570823-010470.parquet,34539,downloaded,34539,
2026-07-17,NSE,BPCL,raw_l2/trade_date=2026-07-17/exchange=NSE/symbol=BPCL/part-050550_270297-011110.parquet,real_data_sample\l2_unseen_validation\trade_date=2026-07-17\exchange=NSE\symbol=BPCL\part-050550_270297-011110.parquet,34648,downloaded,34648,
2026-07-17,NSE,BPCL,raw_l2/trade_date=2026-07-17/exchange=NSE/symbol=BPCL/part-050454_334888-010982.parquet,real_data_sample\l2_unseen_validation\trade_date=2026-07-17\exchange=NSE\symbol=BPCL\part-050454_334888-010982.parquet,34809,downloaded,34809,
2026-07-17,NSE,BPCL,raw_l2/trade_date=2026-07-17/exchange=NSE/symbol=BPCL/part-050122_530756-010502.parquet,real_data_sample\l2_unseen_validation\trade_date=2026-07-17\exchange=NSE\symbol=BPCL\part-050122_530756-010502.parquet,34665,downloaded,34665,
2026-07-17,NSE,BPCL,raw_l2/trade_date=2026-07-17/exchange=NSE/symbol=BPCL/part-050536_275299-011078.parquet,real_data_sample\l2_unseen_validation\trade_date=2026-07-17\exchange=NSE\symbol=BPCL\part-050536_275299-011078.parquet,34731,downloaded,34731,
2026-07-17,NSE,BPCL,raw_l2/trade_date=2026-07-17/exchange=NSE/symbol=BPCL/part-050701_834139-011270.parquet,real_data_sample\l2_unseen_validation\trade_date=2026-07-17\exchange=NSE\symbol=BPCL\part-050701_834139-011270.parquet,34653,downloaded,34653,
2026-07-17,NSE,BPCL,raw_l2/trade_date=2026-07-17/exchange=NSE/symbol=BPCL/part-050522_392622-011046.parquet,real_data_sample\l2_unseen_validation\trade_date=2026-07-17\exchange=NSE\symbol=BPCL\part-050522_392622-011046.parquet,34854,downloaded,34854,
2026-07-17,NSE,BPCL,raw_l2/trade_date=2026-07-17/exchange=NSE/symbol=BPCL/part-050618_398282-011174.parquet,real_data_sample\l2_unseen_validation\trade_date=2026-07-17\exchange=NSE\symbol=BPCL\part-050618_398282-011174.parquet,34520,downloaded,34520,
2026-07-17,NSE,BPCL,raw_l2/trade_date=2026-07-17/exchange=NSE/symbol=BPCL/part-050715_879627-011302.parquet,real_data_sample\l2_unseen_validation\trade_date=2026-07-17\exchange=NSE\symbol=BPCL\part-050715_879627-011302.parquet,34850,downloaded,34850,
2026-07-17,NSE,BPCL,raw_l2/trade_date=2026-07-17/exchange=NSE/symbol=BPCL/part-050633_136688-011206.parquet,real_data_sample\l2_unseen_validation\trade_date=2026-07-17\exchange=NSE\symbol=BPCL\part-050633_136688-011206.parquet,34903,downloaded,34903,
2026-07-17,NSE,BPCL,raw_l2/trade_date=2026-07-17/exchange=NSE/symbol=BPCL/part-050604_019526-011142.parquet,real_data_sample\l2_unseen_validation\trade_date=2026-07-17\exchange=NSE\symbol=BPCL\part-050604_019526-011142.parquet,34592,downloaded,34592,
2026-07-17,NSE,BPCL,raw_l2/trade_date=2026-07-17/exchange=NSE/symbol=BPCL/part-050647_762312-011238.parquet,real_data_sample\l2_unseen_validation\trade_date=2026-07-17\exchange=NSE\symbol=BPCL\part-050647_762312-011238.parquet,34798,downloaded,34798,
2026-07-17,NSE,BPCL,raw_l2/trade_date=2026-07-17/exchange=NSE/symbol=BPCL/part-050426_554161-010918.parquet,real_data_sample\l2_unseen_validation\trade_date=2026-07-17\exchange=NSE\symbol=BPCL\part-050426_554161-010918.parquet,34754,downloaded,34754,
2026-07-17,NSE,BPCL,raw_l2/trade_date=2026-07-17/exchange=NSE/symbol=BPCL/part-050730_016187-011334.parquet,real_data_sample\l2_unseen_validation\trade_date=2026-07-17\exchange=NSE\symbol=BPCL\part-050730_016187-011334.parquet,34712,downloaded,34712,
2026-07-17,NSE,BPCL,raw_l2/trade_date=2026-07-17/exchange=NSE/symbol=BPCL/part-050757_524519-011398.parquet,real_data_sample\l2_unseen_validation\trade_date=2026-07-17\exchange=NSE\symbol=BPCL\part-050757_524519-011398.parquet,34735,downloaded,34735,
2026-07-17,NSE,BPCL,raw_l2/trade_date=2026-07-17/exchange=NSE/symbol=BPCL/part-050743_778960-011366.parquet,real_data_sample\l2_unseen_validation\trade_date=2026-07-17\exchange=NSE\symbol=BPCL\part-050743_778960-011366.parquet,34471,downloaded,34471,
2026-07-17,NSE,BPCL,raw_l2/trade_date=2026-07-17/exchange=NSE/symbol=BPCL/part-051029_798043-011750.parquet,real_data_sample\l2_unseen_validation\trade_date=2026-07-17\exchange=NSE\symbol=BPCL\part-051029_798043-011750.parquet,34979,downloaded,34979,
2026-07-17,NSE,BPCL,raw_l2/trade_date=2026-07-17/exchange=NSE/symbol=BPCL/part-051057_337149-011814.parquet,real_data_sample\l2_unseen_validation\trade_date=2026-07-17\exchange=NSE\symbol=BPCL\part-051057_337149-011814.parquet,34625,downloaded,34625,
2026-07-17,NSE,BPCL,raw_l2/trade_date=2026-07-17/exchange=NSE/symbol=BPCL/part-050825_276703-011462.parquet,real_data_sample\l2_unseen_validation\trade_date=2026-07-17\exchange=NSE\symbol=BPCL\part-050825_276703-011462.parquet,34696,downloaded,34696,
2026-07-17,NSE,BPCL,raw_l2/trade_date=2026-07-17/exchange=NSE/symbol=BPCL/part-050934_552328-011622.parquet,real_data_sample\l2_unseen_validation\trade_date=2026-07-17\exchange=NSE\symbol=BPCL\part-050934_552328-011622.parquet,34618,downloaded,34618,
2026-07-17,NSE,BPCL,raw_l2/trade_date=2026-07-17/exchange=NSE/symbol=BPCL/part-051153_313901-011942.parquet,real_data_sample\l2_unseen_validation\trade_date=2026-07-17\exchange=NSE\symbol=BPCL\part-051153_313901-011942.parquet,34788,downloaded,34788,
2026-07-17,NSE,BPCL,raw_l2/trade_date=2026-07-17/exchange=NSE/symbol=BPCL/part-051125_104764-011878.parquet,real_data_sample\l2_unseen_validation\trade_date=2026-07-17\exchange=NSE\symbol=BPCL\part-051125_104764-011878.parquet,34665,downloaded,34665,
2026-07-17,NSE,BPCL,raw_l2/trade_date=2026-07-17/exchange=NSE/symbol=BPCL/part-050852_748616-011526.parquet,real_data_sample\l2_unseen_validation\trade_date=2026-07-17\exchange=NSE\symbol=BPCL\part-050852_748616-011526.parquet,34586,downloaded,34586,
2026-07-17,NSE,BPCL,raw_l2/trade_date=2026-07-17/exchange=NSE/symbol=BPCL/part-051111_304913-011846.parquet,real_data_sample\l2_unseen_validation\trade_date=2026-07-17\exchange=NSE\symbol=BPCL\part-051111_304913-011846.parquet,34531,downloaded,34531,
2026-07-17,NSE,BPCL,raw_l2/trade_date=2026-07-17/exchange=NSE/symbol=BPCL/part-050839_048717-011494.parquet,real_data_sample\l2_unseen_validation\trade_date=2026-07-17\exchange=NSE\symbol=BPCL\part-050839_048717-011494.parquet,34922,downloaded,34922,
2026-07-17,NSE,BPCL,raw_l2/trade_date=2026-07-17/exchange=NSE/symbol=BPCL/part-051002_078028-011686.parquet,real_data_sample\l2_unseen_validation\trade_date=2026-07-17\exchange=NSE\symbol=BPCL\part-051002_078028-011686.parquet,34723,downloaded,34723,
2026-07-17,NSE,BPCL,raw_l2/trade_date=2026-07-17/exchange=NSE/symbol=BPCL/part-051207_324364-011974.parquet,real_data_sample\l2_unseen_validation\trade_date=2026-07-17\exchange=NSE\symbol=BPCL\part-051207_324364-011974.parquet,34826,downloaded,34826,
2026-07-17,NSE,BPCL,raw_l2/trade_date=2026-07-17/exchange=NSE/symbol=BPCL/part-051139_333163-011910.parquet,real_data_sample\l2_unseen_validation\trade_date=2026-07-17\exchange=NSE\symbol=BPCL\part-051139_333163-011910.parquet,34745,downloaded,34745,
2026-07-17,NSE,BPCL,raw_l2/trade_date=2026-07-17/exchange=NSE/symbol=BPCL/part-050811_571029-011430.parquet,real_data_sample\l2_unseen_validation\trade_date=2026-07-17\exchange=NSE\symbol=BPCL\part-050811_571029-011430.parquet,34606,downloaded,34606,
2026-07-17,NSE,BPCL,raw_l2/trade_date=2026-07-17/exchange=NSE/symbol=BPCL/part-051221_333691-012006.parquet,real_data_sample\l2_unseen_validation\trade_date=2026-07-17\exchange=NSE\symbol=BPCL\part-051221_333691-012006.parquet,34841,downloaded,34841,
2026-07-17,NSE,BPCL,raw_l2/trade_date=2026-07-17/exchange=NSE/symbol=BPCL/part-050920_515128-011590.parquet,real_data_sample\l2_unseen_validation\trade_date=2026-07-17\exchange=NSE\symbol=BPCL\part-050920_515128-011590.parquet,34811,downloaded,34811,
2026-07-17,NSE,BPCL,raw_l2/trade_date=2026-07-17/exchange=NSE/symbol=BPCL/part-051043_560661-011782.parquet,real_data_sample\l2_unseen_validation\trade_date=2026-07-17\exchange=NSE\symbol=BPCL\part-051043_560661-011782.parquet,34673,downloaded,34673,
2026-07-17,NSE,BPCL,raw_l2/trade_date=2026-07-17/exchange=NSE/symbol=BPCL/part-051016_069181-011718.parquet,real_data_sample\l2_unseen_validation\trade_date=2026-07-17\exchange=NSE\symbol=BPCL\part-051016_069181-011718.parquet,34520,downloaded,34520,
2026-07-17,NSE,BPCL,raw_l2/trade_date=2026-07-17/exchange=NSE/symbol=BPCL/part-050948_261778-011654.parquet,real_data_sample\l2_unseen_validation\trade_date=2026-07-17\exchange=NSE\symbol=BPCL\part-050948_261778-011654.parquet,34952,downloaded,34952,
2026-07-17,NSE,BPCL,raw_l2/trade_date=2026-07-17/exchange=NSE/symbol=BPCL/part-050906_802646-011558.parquet,real_data_sample\l2_unseen_validation\trade_date=2026-07-17\exchange=NSE\symbol=BPCL\part-050906_802646-011558.parquet,34748,downloaded,34748,
2026-07-17,NSE,BPCL,raw_l2/trade_date=2026-07-17/exchange=NSE/symbol=BPCL/part-051235_071734-012038.parquet,real_data_sample\l2_unseen_validation\trade_date=2026-07-17\exchange=NSE\symbol=BPCL\part-051235_071734-012038.parquet,34578,downloaded,34578,
2026-07-17,NSE,BPCL,raw_l2/trade_date=2026-07-17/exchange=NSE/symbol=BPCL/part-051303_049886-012102.parquet,real_data_sample\l2_unseen_validation\trade_date=2026-07-17\exchange=NSE\symbol=BPCL\part-051303_049886-012102.parquet,34834,downloaded,34834,
2026-07-17,NSE,BPCL,raw_l2/trade_date=2026-07-17/exchange=NSE/symbol=BPCL/part-051249_048661-012070.parquet,real_data_sample\l2_unseen_validation\trade_date=2026-07-17\exchange=NSE\symbol=BPCL\part-051249_048661-012070.parquet,34803,downloaded,34803,
2026-07-17,NSE,BPCL,raw_l2/trade_date=2026-07-17/exchange=NSE/symbol=BPCL/part-051316_862964-012134.parquet,real_data_sample\l2_unseen_validation\trade_date=2026-07-17\exchange=NSE\symbol=BPCL\part-051316_862964-012134.parquet,34817,downloaded,34817,
2026-07-17,NSE,BPCL,raw_l2/trade_date=2026-07-17/exchange=NSE/symbol=BPCL/part-051331_629305-012166.parquet,real_data_sample\l2_unseen_validation\trade_date=2026-07-17\exchange=NSE\symbol=BPCL\part-051331_629305-012166.parquet,34958,downloaded,34958,
2026-07-17,NSE,BPCL,raw_l2/trade_date=2026-07-17/exchange=NSE/symbol=BPCL/part-051346_338099-012198.parquet,real_data_sample\l2_unseen_validation\trade_date=2026-07-17\exchange=NSE\symbol=BPCL\part-051346_338099-012198.parquet,34586,downloaded,34586,
2026-07-17,NSE,BPCL,raw_l2/trade_date=2026-07-17/exchange=NSE/symbol=BPCL/part-051401_652109-012230.parquet,real_data_sample\l2_unseen_validation\trade_date=2026-07-17\exchange=NSE\symbol=BPCL\part-051401_652109-012230.parquet,34572,downloaded,34572,
2026-07-17,NSE,BPCL,raw_l2/trade_date=2026-07-17/exchange=NSE/symbol=BPCL/part-051540_319302-012454.parquet,real_data_sample\l2_unseen_validation\trade_date=2026-07-17\exchange=NSE\symbol=BPCL\part-051540_319302-012454.parquet,34660,downloaded,34660,
2026-07-17,NSE,BPCL,raw_l2/trade_date=2026-07-17/exchange=NSE/symbol=BPCL/part-051416_120388-012262.parquet,real_data_sample\l2_unseen_validation\trade_date=2026-07-17\exchange=NSE\symbol=BPCL\part-051416_120388-012262.parquet,34613,downloaded,34613,
2026-07-17,NSE,BPCL,raw_l2/trade_date=2026-07-17/exchange=NSE/symbol=BPCL/part-051431_303766-012294.parquet,real_data_sample\l2_unseen_validation\trade_date=2026-07-17\exchange=NSE\symbol=BPCL\part-051431_303766-012294.parquet,34624,downloaded,34624,
2026-07-17,NSE,BPCL,raw_l2/trade_date=2026-07-17/exchange=NSE/symbol=BPCL/part-051445_024306-012326.parquet,real_data_sample\l2_unseen_validation\trade_date=2026-07-17\exchange=NSE\symbol=BPCL\part-051445_024306-012326.parquet,34550,downloaded,34550,
2026-07-17,NSE,BPCL,raw_l2/trade_date=2026-07-17/exchange=NSE/symbol=BPCL/part-051459_038691-012358.parquet,real_data_sample\l2_unseen_validation\trade_date=2026-07-17\exchange=NSE\symbol=BPCL\part-051459_038691-012358.parquet,34888,downloaded,34888,
2026-07-17,NSE,BPCL,raw_l2/trade_date=2026-07-17/exchange=NSE/symbol=BPCL/part-051526_514390-012422.parquet,real_data_sample\l2_unseen_validation\trade_date=2026-07-17\exchange=NSE\symbol=BPCL\part-051526_514390-012422.parquet,34604,downloaded,34604,
2026-07-17,NSE,BPCL,raw_l2/trade_date=2026-07-17/exchange=NSE/symbol=BPCL/part-051554_587648-012486.parquet,real_data_sample\l2_unseen_validation\trade_date=2026-07-17\exchange=NSE\symbol=BPCL\part-051554_587648-012486.parquet,34715,downloaded,34715,
2026-07-17,NSE,BPCL,raw_l2/trade_date=2026-07-17/exchange=NSE/symbol=BPCL/part-051817_093174-012806.parquet,real_data_sample\l2_unseen_validation\trade_date=2026-07-17\exchange=NSE\symbol=BPCL\part-051817_093174-012806.parquet,34647,downloaded,34647,
2026-07-17,NSE,BPCL,raw_l2/trade_date=2026-07-17/exchange=NSE/symbol=BPCL/part-051512_799249-012390.parquet,real_data_sample\l2_unseen_validation\trade_date=2026-07-17\exchange=NSE\symbol=BPCL\part-051512_799249-012390.parquet,34517,downloaded,34517,
2026-07-17,NSE,BPCL,raw_l2/trade_date=2026-07-17/exchange=NSE/symbol=BPCL/part-051623_620794-012550.parquet,real_data_sample\l2_unseen_validation\trade_date=2026-07-17\exchange=NSE\symbol=BPCL\part-051623_620794-012550.parquet,34615,downloaded,34615,
2026-07-17,NSE,BPCL,raw_l2/trade_date=2026-07-17/exchange=NSE/symbol=BPCL/part-051637_741128-012582.parquet,real_data_sample\l2_unseen_validation\trade_date=2026-07-17\exchange=NSE\symbol=BPCL\part-051637_741128-012582.parquet,34585,downloaded,34585,
2026-07-17,NSE,BPCL,raw_l2/trade_date=2026-07-17/exchange=NSE/symbol=BPCL/part-051748_572310-012742.parquet,real_data_sample\l2_unseen_validation\trade_date=2026-07-17\exchange=NSE\symbol=BPCL\part-051748_572310-012742.parquet,34806,downloaded,34806,
2026-07-17,NSE,BPCL,raw_l2/trade_date=2026-07-17/exchange=NSE/symbol=BPCL/part-051720_054542-012678.parquet,real_data_sample\l2_unseen_validation\trade_date=2026-07-17\exchange=NSE\symbol=BPCL\part-051720_054542-012678.parquet,34747,downloaded,34747,
2026-07-17,NSE,BPCL,raw_l2/trade_date=2026-07-17/exchange=NSE/symbol=BPCL/part-051803_060942-012774.parquet,real_data_sample\l2_unseen_validation\trade_date=2026-07-17\exchange=NSE\symbol=BPCL\part-051803_060942-012774.parquet,34561,downloaded,34561,
2026-07-17,NSE,BPCL,raw_l2/trade_date=2026-07-17/exchange=NSE/symbol=BPCL/part-051609_075296-012518.parquet,real_data_sample\l2_unseen_validation\trade_date=2026-07-17\exchange=NSE\symbol=BPCL\part-051609_075296-012518.parquet,34993,downloaded,34993,
2026-07-17,NSE,BPCL,raw_l2/trade_date=2026-07-17/exchange=NSE/symbol=BPCL/part-051706_068162-012646.parquet,real_data_sample\l2_unseen_validation\trade_date=2026-07-17\exchange=NSE\symbol=BPCL\part-051706_068162-012646.parquet,34772,downloaded,34772,
2026-07-17,NSE,BPCL,raw_l2/trade_date=2026-07-17/exchange=NSE/symbol=BPCL/part-051652_045554-012614.parquet,real_data_sample\l2_unseen_validation\trade_date=2026-07-17\exchange=NSE\symbol=BPCL\part-051652_045554-012614.parquet,34574,downloaded,34574,
2026-07-17,NSE,BPCL,raw_l2/trade_date=2026-07-17/exchange=NSE/symbol=BPCL/part-051734_105673-012710.parquet,real_data_sample\l2_unseen_validation\trade_date=2026-07-17\exchange=NSE\symbol=BPCL\part-051734_105673-012710.parquet,34790,downloaded,34790,
2026-07-17,NSE,BPCL,raw_l2/trade_date=2026-07-17/exchange=NSE/symbol=BPCL/part-051831_535006-012838.parquet,real_data_sample\l2_unseen_validation\trade_date=2026-07-17\exchange=NSE\symbol=BPCL\part-051831_535006-012838.parquet,34969,downloaded,34969,
2026-07-17,NSE,BPCL,raw_l2/trade_date=2026-07-17/exchange=NSE/symbol=BPCL/part-051900_552622-012902.parquet,real_data_sample\l2_unseen_validation\trade_date=2026-07-17\exchange=NSE\symbol=BPCL\part-051900_552622-012902.parquet,35056,downloaded,35056,
2026-07-17,NSE,BPCL,raw_l2/trade_date=2026-07-17/exchange=NSE/symbol=BPCL/part-051845_565463-012870.parquet,real_data_sample\l2_unseen_validation\trade_date=2026-07-17\exchange=NSE\symbol=BPCL\part-051845_565463-012870.parquet,34527,downloaded,34527,
2026-07-17,NSE,BPCL,raw_l2/trade_date=2026-07-17/exchange=NSE/symbol=BPCL/part-051928_775106-012966.parquet,real_data_sample\l2_unseen_validation\trade_date=2026-07-17\exchange=NSE\symbol=BPCL\part-051928_775106-012966.parquet,34723,downloaded,34723,
2026-07-17,NSE,BPCL,raw_l2/trade_date=2026-07-17/exchange=NSE/symbol=BPCL/part-051942_550922-012998.parquet,real_data_sample\l2_unseen_validation\trade_date=2026-07-17\exchange=NSE\symbol=BPCL\part-051942_550922-012998.parquet,34835,downloaded,34835,
2026-07-17,NSE,BPCL,raw_l2/trade_date=2026-07-17/exchange=NSE/symbol=BPCL/part-052119_309604-013222.parquet,real_data_sample\l2_unseen_validation\trade_date=2026-07-17\exchange=NSE\symbol=BPCL\part-052119_309604-013222.parquet,34904,downloaded,34904,
2026-07-17,NSE,BPCL,raw_l2/trade_date=2026-07-17/exchange=NSE/symbol=BPCL/part-052105_292770-013190.parquet,real_data_sample\l2_unseen_validation\trade_date=2026-07-17\exchange=NSE\symbol=BPCL\part-052105_292770-013190.parquet,34579,downloaded,34579,
2026-07-17,NSE,BPCL,raw_l2/trade_date=2026-07-17/exchange=NSE/symbol=BPCL/part-051956_554498-013030.parquet,real_data_sample\l2_unseen_validation\trade_date=2026-07-17\exchange=NSE\symbol=BPCL\part-051956_554498-013030.parquet,34682,downloaded,34682,
2026-07-17,NSE,BPCL,raw_l2/trade_date=2026-07-17/exchange=NSE/symbol=BPCL/part-051914_772104-012934.parquet,real_data_sample\l2_unseen_validation\trade_date=2026-07-17\exchange=NSE\symbol=BPCL\part-051914_772104-012934.parquet,34890,downloaded,34890,
2026-07-17,NSE,BPCL,raw_l2/trade_date=2026-07-17/exchange=NSE/symbol=BPCL/part-052024_020691-013094.parquet,real_data_sample\l2_unseen_validation\trade_date=2026-07-17\exchange=NSE\symbol=BPCL\part-052024_020691-013094.parquet,34596,downloaded,34596,
2026-07-17,NSE,BPCL,raw_l2/trade_date=2026-07-17/exchange=NSE/symbol=BPCL/part-052201_042512-013318.parquet,real_data_sample\l2_unseen_validation\trade_date=2026-07-17\exchange=NSE\symbol=BPCL\part-052201_042512-013318.parquet,34805,downloaded,34805,
2026-07-17,NSE,BPCL,raw_l2/trade_date=2026-07-17/exchange=NSE/symbol=BPCL/part-052010_297563-013062.parquet,real_data_sample\l2_unseen_validation\trade_date=2026-07-17\exchange=NSE\symbol=BPCL\part-052010_297563-013062.parquet,34606,downloaded,34606,
2026-07-17,NSE,BPCL,raw_l2/trade_date=2026-07-17/exchange=NSE/symbol=BPCL/part-052037_781637-013126.parquet,real_data_sample\l2_unseen_validation\trade_date=2026-07-17\exchange=NSE\symbol=BPCL\part-052037_781637-013126.parquet,34715,downloaded,34715,
2026-07-17,NSE,BPCL,raw_l2/trade_date=2026-07-17/exchange=NSE/symbol=BPCL/part-052257_072078-013446.parquet,real_data_sample\l2_unseen_validation\trade_date=2026-07-17\exchange=NSE\symbol=BPCL\part-052257_072078-013446.parquet,35396,downloaded,35396,
2026-07-17,NSE,BPCL,raw_l2/trade_date=2026-07-17/exchange=NSE/symbol=BPCL/part-052311_032600-013478.parquet,real_data_sample\l2_unseen_validation\trade_date=2026-07-17\exchange=NSE\symbol=BPCL\part-052311_032600-013478.parquet,35099,downloaded,35099,
2026-07-17,NSE,BPCL,raw_l2/trade_date=2026-07-17/exchange=NSE/symbol=BPCL/part-052051_524690-013158.parquet,real_data_sample\l2_unseen_validation\trade_date=2026-07-17\exchange=NSE\symbol=BPCL\part-052051_524690-013158.parquet,34482,downloaded,34482,
2026-07-17,NSE,BPCL,raw_l2/trade_date=2026-07-17/exchange=NSE/symbol=BPCL/part-052215_036783-013350.parquet,real_data_sample\l2_unseen_validation\trade_date=2026-07-17\exchange=NSE\symbol=BPCL\part-052215_036783-013350.parquet,35201,downloaded,35201,
2026-07-17,NSE,BPCL,raw_l2/trade_date=2026-07-17/exchange=NSE/symbol=BPCL/part-052133_074592-013254.parquet,real_data_sample\l2_unseen_validation\trade_date=2026-07-17\exchange=NSE\symbol=BPCL\part-052133_074592-013254.parquet,34999,downloaded,34999,
2026-07-17,NSE,BPCL,raw_l2/trade_date=2026-07-17/exchange=NSE/symbol=BPCL/part-052229_061218-013382.parquet,real_data_sample\l2_unseen_validation\trade_date=2026-07-17\exchange=NSE\symbol=BPCL\part-052229_061218-013382.parquet,35541,downloaded,35541,
2026-07-17,NSE,BPCL,raw_l2/trade_date=2026-07-17/exchange=NSE/symbol=BPCL/part-052147_039429-013286.parquet,real_data_sample\l2_unseen_validation\trade_date=2026-07-17\exchange=NSE\symbol=BPCL\part-052147_039429-013286.parquet,34630,downloaded,34630,
2026-07-17,NSE,BPCL,raw_l2/trade_date=2026-07-17/exchange=NSE/symbol=BPCL/part-052243_037937-013414.parquet,real_data_sample\l2_unseen_validation\trade_date=2026-07-17\exchange=NSE\symbol=BPCL\part-052243_037937-013414.parquet,35503,downloaded,35503,
2026-07-17,NSE,BPCL,raw_l2/trade_date=2026-07-17/exchange=NSE/symbol=BPCL/part-052325_036422-013510.parquet,real_data_sample\l2_unseen_validation\trade_date=2026-07-17\exchange=NSE\symbol=BPCL\part-052325_036422-013510.parquet,34637,downloaded,34637,
2026-07-17,NSE,BPCL,raw_l2/trade_date=2026-07-17/exchange=NSE/symbol=BPCL/part-052339_044836-013542.parquet,real_data_sample\l2_unseen_validation\trade_date=2026-07-17\exchange=NSE\symbol=BPCL\part-052339_044836-013542.parquet,34788,downloaded,34788,
2026-07-17,NSE,BPCL,raw_l2/trade_date=2026-07-17/exchange=NSE/symbol=BPCL/part-052353_015786-013574.parquet,real_data_sample\l2_unseen_validation\trade_date=2026-07-17\exchange=NSE\symbol=BPCL\part-052353_015786-013574.parquet,34575,downloaded,34575,
2026-07-17,NSE,BPCL,raw_l2/trade_date=2026-07-17/exchange=NSE/symbol=BPCL/part-052407_041015-013606.parquet,real_data_sample\l2_unseen_validation\trade_date=2026-07-17\exchange=NSE\symbol=BPCL\part-052407_041015-013606.parquet,34733,downloaded,34733,
2026-07-17,NSE,BPCL,raw_l2/trade_date=2026-07-17/exchange=NSE/symbol=BPCL/part-052421_031634-013638.parquet,real_data_sample\l2_unseen_validation\trade_date=2026-07-17\exchange=NSE\symbol=BPCL\part-052421_031634-013638.parquet,34615,downloaded,34615,
2026-07-17,NSE,BPCL,raw_l2/trade_date=2026-07-17/exchange=NSE/symbol=BPCL/part-052435_018149-013670.parquet,real_data_sample\l2_unseen_validation\trade_date=2026-07-17\exchange=NSE\symbol=BPCL\part-052435_018149-013670.parquet,34506,downloaded,34506,
2026-07-17,NSE,BPCL,raw_l2/trade_date=2026-07-17/exchange=NSE/symbol=BPCL/part-052502_771135-013734.parquet,real_data_sample\l2_unseen_validation\trade_date=2026-07-17\exchange=NSE\symbol=BPCL\part-052502_771135-013734.parquet,34550,downloaded,34550,
2026-07-17,NSE,BPCL,raw_l2/trade_date=2026-07-17/exchange=NSE/symbol=BPCL/part-052558_620777-013862.parquet,real_data_sample\l2_unseen_validation\trade_date=2026-07-17\exchange=NSE\symbol=BPCL\part-052558_620777-013862.parquet,34652,downloaded,34652,
2026-07-17,NSE,BPCL,raw_l2/trade_date=2026-07-17/exchange=NSE/symbol=BPCL/part-052544_577498-013830.parquet,real_data_sample\l2_unseen_validation\trade_date=2026-07-17\exchange=NSE\symbol=BPCL\part-052544_577498-013830.parquet,34650,downloaded,34650,
2026-07-17,NSE,BPCL,raw_l2/trade_date=2026-07-17/exchange=NSE/symbol=BPCL/part-052612_804507-013894.parquet,real_data_sample\l2_unseen_validation\trade_date=2026-07-17\exchange=NSE\symbol=BPCL\part-052612_804507-013894.parquet,34585,downloaded,34585,
2026-07-17,NSE,BPCL,raw_l2/trade_date=2026-07-17/exchange=NSE/symbol=BPCL/part-052516_568403-013766.parquet,real_data_sample\l2_unseen_validation\trade_date=2026-07-17\exchange=NSE\symbol=BPCL\part-052516_568403-013766.parquet,34724,downloaded,34724,
2026-07-17,NSE,BPCL,raw_l2/trade_date=2026-07-17/exchange=NSE/symbol=BPCL/part-052641_037852-013958.parquet,real_data_sample\l2_unseen_validation\trade_date=2026-07-17\exchange=NSE\symbol=BPCL\part-052641_037852-013958.parquet,34448,downloaded,34448,
2026-07-17,NSE,BPCL,raw_l2/trade_date=2026-07-17/exchange=NSE/symbol=BPCL/part-052530_333603-013798.parquet,real_data_sample\l2_unseen_validation\trade_date=2026-07-17\exchange=NSE\symbol=BPCL\part-052530_333603-013798.parquet,34840,downloaded,34840,
2026-07-17,NSE,BPCL,raw_l2/trade_date=2026-07-17/exchange=NSE/symbol=BPCL/part-052723_410357-014054.parquet,real_data_sample\l2_unseen_validation\trade_date=2026-07-17\exchange=NSE\symbol=BPCL\part-052723_410357-014054.parquet,34712,downloaded,34712,
2026-07-17,NSE,BPCL,raw_l2/trade_date=2026-07-17/exchange=NSE/symbol=BPCL/part-052655_326558-013990.parquet,real_data_sample\l2_unseen_validation\trade_date=2026-07-17\exchange=NSE\symbol=BPCL\part-052655_326558-013990.parquet,34649,downloaded,34649,
2026-07-17,NSE,BPCL,raw_l2/trade_date=2026-07-17/exchange=NSE/symbol=BPCL/part-052751_311180-014118.parquet,real_data_sample\l2_unseen_validation\trade_date=2026-07-17\exchange=NSE\symbol=BPCL\part-052751_311180-014118.parquet,34750,downloaded,34750,
2026-07-17,NSE,BPCL,raw_l2/trade_date=2026-07-17/exchange=NSE/symbol=BPCL/part-052448_777453-013702.parquet,real_data_sample\l2_unseen_validation\trade_date=2026-07-17\exchange=NSE\symbol=BPCL\part-052448_777453-013702.parquet,34606,downloaded,34606,
2026-07-17,NSE,BPCL,raw_l2/trade_date=2026-07-17/exchange=NSE/symbol=BPCL/part-052709_359083-014022.parquet,real_data_sample\l2_unseen_validation\trade_date=2026-07-17\exchange=NSE\symbol=BPCL\part-052709_359083-014022.parquet,34632,downloaded,34632,
2026-07-17,NSE,BPCL,raw_l2/trade_date=2026-07-17/exchange=NSE/symbol=BPCL/part-052627_038011-013926.parquet,real_data_sample\l2_unseen_validation\trade_date=2026-07-17\exchange=NSE\symbol=BPCL\part-052627_038011-013926.parquet,34707,downloaded,34707,
2026-07-17,NSE,BPCL,raw_l2/trade_date=2026-07-17/exchange=NSE/symbol=BPCL/part-052819_081872-014182.parquet,real_data_sample\l2_unseen_validation\trade_date=2026-07-17\exchange=NSE\symbol=BPCL\part-052819_081872-014182.parquet,34564,downloaded,34564,
2026-07-17,NSE,BPCL,raw_l2/trade_date=2026-07-17/exchange=NSE/symbol=BPCL/part-052737_299196-014086.parquet,real_data_sample\l2_unseen_validation\trade_date=2026-07-17\exchange=NSE\symbol=BPCL\part-052737_299196-014086.parquet,34904,downloaded,34904,
2026-07-17,NSE,BPCL,raw_l2/trade_date=2026-07-17/exchange=NSE/symbol=BPCL/part-052833_328076-014214.parquet,real_data_sample\l2_unseen_validation\trade_date=2026-07-17\exchange=NSE\symbol=BPCL\part-052833_328076-014214.parquet,34917,downloaded,34917,
2026-07-17,NSE,BPCL,raw_l2/trade_date=2026-07-17/exchange=NSE/symbol=BPCL/part-052847_333900-014246.parquet,real_data_sample\l2_unseen_validation\trade_date=2026-07-17\exchange=NSE\symbol=BPCL\part-052847_333900-014246.parquet,34705,downloaded,34705,
2026-07-17,NSE,BPCL,raw_l2/trade_date=2026-07-17/exchange=NSE/symbol=BPCL/part-052901_838933-014278.parquet,real_data_sample\l2_unseen_validation\trade_date=2026-07-17\exchange=NSE\symbol=BPCL\part-052901_838933-014278.parquet,34911,downloaded,34911,
2026-07-17,NSE,BPCL,raw_l2/trade_date=2026-07-17/exchange=NSE/symbol=BPCL/part-052805_068716-014150.parquet,real_data_sample\l2_unseen_validation\trade_date=2026-07-17\exchange=NSE\symbol=BPCL\part-052805_068716-014150.parquet,34622,downloaded,34622,
2026-07-17,NSE,BPCL,raw_l2/trade_date=2026-07-17/exchange=NSE/symbol=BPCL/part-052915_836035-014310.parquet,real_data_sample\l2_unseen_validation\trade_date=2026-07-17\exchange=NSE\symbol=BPCL\part-052915_836035-014310.parquet,35442,downloaded,35442,
2026-07-17,NSE,BPCL,raw_l2/trade_date=2026-07-17/exchange=NSE/symbol=BPCL/part-052929_819514-014342.parquet,real_data_sample\l2_unseen_validation\trade_date=2026-07-17\exchange=NSE\symbol=BPCL\part-052929_819514-014342.parquet,35125,downloaded,35125,
2026-07-17,NSE,BPCL,raw_l2/trade_date=2026-07-17/exchange=NSE/symbol=BPCL/part-052943_813574-014374.parquet,real_data_sample\l2_unseen_validation\trade_date=2026-07-17\exchange=NSE\symbol=BPCL\part-052943_813574-014374.parquet,35017,downloaded,35017,
2026-07-17,NSE,BPCL,raw_l2/trade_date=2026-07-17/exchange=NSE/symbol=BPCL/part-053138_303010-014630.parquet,real_data_sample\l2_unseen_validation\trade_date=2026-07-17\exchange=NSE\symbol=BPCL\part-053138_303010-014630.parquet,34344,downloaded,34344,
2026-07-17,NSE,BPCL,raw_l2/trade_date=2026-07-17/exchange=NSE/symbol=BPCL/part-053344_579047-014918.parquet,real_data_sample\l2_unseen_validation\trade_date=2026-07-17\exchange=NSE\symbol=BPCL\part-053344_579047-014918.parquet,34628,downloaded,34628,
2026-07-17,NSE,BPCL,raw_l2/trade_date=2026-07-17/exchange=NSE/symbol=BPCL/part-053152_049258-014662.parquet,real_data_sample\l2_unseen_validation\trade_date=2026-07-17\exchange=NSE\symbol=BPCL\part-053152_049258-014662.parquet,34490,downloaded,34490,
2026-07-17,NSE,BPCL,raw_l2/trade_date=2026-07-17/exchange=NSE/symbol=BPCL/part-053055_381185-014534.parquet,real_data_sample\l2_unseen_validation\trade_date=2026-07-17\exchange=NSE\symbol=BPCL\part-053055_381185-014534.parquet,34474,downloaded,34474,
2026-07-17,NSE,BPCL,raw_l2/trade_date=2026-07-17/exchange=NSE/symbol=BPCL/part-053012_226625-014438.parquet,real_data_sample\l2_unseen_validation\trade_date=2026-07-17\exchange=NSE\symbol=BPCL\part-053012_226625-014438.parquet,34643,downloaded,34643,
2026-07-17,NSE,BPCL,raw_l2/trade_date=2026-07-17/exchange=NSE/symbol=BPCL/part-052957_837301-014406.parquet,real_data_sample\l2_unseen_validation\trade_date=2026-07-17\exchange=NSE\symbol=BPCL\part-052957_837301-014406.parquet,34652,downloaded,34652,
2026-07-17,NSE,BPCL,raw_l2/trade_date=2026-07-17/exchange=NSE/symbol=BPCL/part-053248_296015-014790.parquet,real_data_sample\l2_unseen_validation\trade_date=2026-07-17\exchange=NSE\symbol=BPCL\part-053248_296015-014790.parquet,34527,downloaded,34527,
2026-07-17,NSE,BPCL,raw_l2/trade_date=2026-07-17/exchange=NSE/symbol=BPCL/part-053234_362794-014758.parquet,real_data_sample\l2_unseen_validation\trade_date=2026-07-17\exchange=NSE\symbol=BPCL\part-053234_362794-014758.parquet,34604,downloaded,34604,
2026-07-17,NSE,BPCL,raw_l2/trade_date=2026-07-17/exchange=NSE/symbol=BPCL/part-053109_353678-014566.parquet,real_data_sample\l2_unseen_validation\trade_date=2026-07-17\exchange=NSE\symbol=BPCL\part-053109_353678-014566.parquet,34496,downloaded,34496,
2026-07-17,NSE,BPCL,raw_l2/trade_date=2026-07-17/exchange=NSE/symbol=BPCL/part-053027_575664-014470.parquet,real_data_sample\l2_unseen_validation\trade_date=2026-07-17\exchange=NSE\symbol=BPCL\part-053027_575664-014470.parquet,34441,downloaded,34441,
2026-07-17,NSE,BPCL,raw_l2/trade_date=2026-07-17/exchange=NSE/symbol=BPCL/part-053220_297938-014726.parquet,real_data_sample\l2_unseen_validation\trade_date=2026-07-17\exchange=NSE\symbol=BPCL\part-053220_297938-014726.parquet,34383,downloaded,34383,
2026-07-17,NSE,BPCL,raw_l2/trade_date=2026-07-17/exchange=NSE/symbol=BPCL/part-053330_556174-014886.parquet,real_data_sample\l2_unseen_validation\trade_date=2026-07-17\exchange=NSE\symbol=BPCL\part-053330_556174-014886.parquet,34543,downloaded,34543,
2026-07-17,NSE,BPCL,raw_l2/trade_date=2026-07-17/exchange=NSE/symbol=BPCL/part-053358_416019-014950.parquet,real_data_sample\l2_unseen_validation\trade_date=2026-07-17\exchange=NSE\symbol=BPCL\part-053358_416019-014950.parquet,34608,downloaded,34608,
2026-07-17,NSE,BPCL,raw_l2/trade_date=2026-07-17/exchange=NSE/symbol=BPCL/part-053041_313480-014502.parquet,real_data_sample\l2_unseen_validation\trade_date=2026-07-17\exchange=NSE\symbol=BPCL\part-053041_313480-014502.parquet,34613,downloaded,34613,
2026-07-17,NSE,BPCL,raw_l2/trade_date=2026-07-17/exchange=NSE/symbol=BPCL/part-053302_402790-014822.parquet,real_data_sample\l2_unseen_validation\trade_date=2026-07-17\exchange=NSE\symbol=BPCL\part-053302_402790-014822.parquet,34694,downloaded,34694,
2026-07-17,NSE,BPCL,raw_l2/trade_date=2026-07-17/exchange=NSE/symbol=BPCL/part-053426_554141-015014.parquet,real_data_sample\l2_unseen_validation\trade_date=2026-07-17\exchange=NSE\symbol=BPCL\part-053426_554141-015014.parquet,34551,downloaded,34551,
2026-07-17,NSE,BPCL,raw_l2/trade_date=2026-07-17/exchange=NSE/symbol=BPCL/part-053206_124415-014694.parquet,real_data_sample\l2_unseen_validation\trade_date=2026-07-17\exchange=NSE\symbol=BPCL\part-053206_124415-014694.parquet,34424,downloaded,34424,
2026-07-17,NSE,BPCL,raw_l2/trade_date=2026-07-17/exchange=NSE/symbol=BPCL/part-053440_274231-015046.parquet,real_data_sample\l2_unseen_validation\trade_date=2026-07-17\exchange=NSE\symbol=BPCL\part-053440_274231-015046.parquet,34556,downloaded,34556,
2026-07-17,NSE,BPCL,raw_l2/trade_date=2026-07-17/exchange=NSE/symbol=BPCL/part-053316_409042-014854.parquet,real_data_sample\l2_unseen_validation\trade_date=2026-07-17\exchange=NSE\symbol=BPCL\part-053316_409042-014854.parquet,34720,downloaded,34720,
2026-07-17,NSE,BPCL,raw_l2/trade_date=2026-07-17/exchange=NSE/symbol=BPCL/part-053124_202103-014598.parquet,real_data_sample\l2_unseen_validation\trade_date=2026-07-17\exchange=NSE\symbol=BPCL\part-053124_202103-014598.parquet,34480,downloaded,34480,
2026-07-17,NSE,BPCL,raw_l2/trade_date=2026-07-17/exchange=NSE/symbol=BPCL/part-053412_536428-014982.parquet,real_data_sample\l2_unseen_validation\trade_date=2026-07-17\exchange=NSE\symbol=BPCL\part-053412_536428-014982.parquet,34464,downloaded,34464,
2026-07-17,NSE,BPCL,raw_l2/trade_date=2026-07-17/exchange=NSE/symbol=BPCL/part-050013_009918-010342.parquet,real_data_sample\l2_unseen_validation\trade_date=2026-07-17\exchange=NSE\symbol=BPCL\part-050013_009918-010342.parquet,34585,downloaded,34585,
2026-07-17,NSE,BPCL,raw_l2/trade_date=2026-07-17/exchange=NSE/symbol=BPCL/part-053454_019615-015078.parquet,real_data_sample\l2_unseen_validation\trade_date=2026-07-17\exchange=NSE\symbol=BPCL\part-053454_019615-015078.parquet,34686,downloaded,34686,
2026-07-17,NSE,BPCL,raw_l2/trade_date=2026-07-17/exchange=NSE/symbol=BPCL/part-050026_789958-010374.parquet,real_data_sample\l2_unseen_validation\trade_date=2026-07-17\exchange=NSE\symbol=BPCL\part-050026_789958-010374.parquet,34593,downloaded,34593,
2026-07-17,NSE,BPCL,raw_l2/trade_date=2026-07-17/exchange=NSE/symbol=BPCL/part-050247_528276-010694.parquet,real_data_sample\l2_unseen_validation\trade_date=2026-07-17\exchange=NSE\symbol=BPCL\part-050247_528276-010694.parquet,34950,downloaded,34950,
2026-07-17,NSE,BPCL,raw_l2/trade_date=2026-07-17/exchange=NSE/symbol=BPCL/part-050040_571629-010406.parquet,real_data_sample\l2_unseen_validation\trade_date=2026-07-17\exchange=NSE\symbol=BPCL\part-050040_571629-010406.parquet,34468,downloaded,34468,
2026-07-17,NSE,BPCL,raw_l2/trade_date=2026-07-17/exchange=NSE/symbol=BPCL/part-050508_326974-011014.parquet,real_data_sample\l2_unseen_validation\trade_date=2026-07-17\exchange=NSE\symbol=BPCL\part-050508_326974-011014.parquet,34523,downloaded,34523,
2026-07-17,NSE,BPCL,raw_l2/trade_date=2026-07-17/exchange=NSE/symbol=BPCL/part-050412_389057-010886.parquet,real_data_sample\l2_unseen_validation\trade_date=2026-07-17\exchange=NSE\symbol=BPCL\part-050412_389057-010886.parquet,34595,downloaded,34595,
2026-07-17,NSE,BPCL,raw_l2/trade_date=2026-07-17/exchange=NSE/symbol=BPCL/part-050054_586259-010438.parquet,real_data_sample\l2_unseen_validation\trade_date=2026-07-17\exchange=NSE\symbol=BPCL\part-050054_586259-010438.parquet,34727,downloaded,34727,
2026-07-17,NSE,BPCL,raw_l2/trade_date=2026-07-17/exchange=NSE/symbol=BPCL/part-050440_534221-010950.parquet,real_data_sample\l2_unseen_validation\trade_date=2026-07-17\exchange=NSE\symbol=BPCL\part-050440_534221-010950.parquet,34542,downloaded,34542,
2026-07-17,NSE,BPCL,raw_l2/trade_date=2026-07-17/exchange=NSE/symbol=BPCL/part-050232_986727-010662.parquet,real_data_sample\l2_unseen_validation\trade_date=2026-07-17\exchange=NSE\symbol=BPCL\part-050232_986727-010662.parquet,34568,downloaded,34568,
2026-07-17,NSE,BPCL,raw_l2/trade_date=2026-07-17/exchange=NSE/symbol=BPCL/part-050136_351181-010534.parquet,real_data_sample\l2_unseen_validation\trade_date=2026-07-17\exchange=NSE\symbol=BPCL\part-050136_351181-010534.parquet,34731,downloaded,34731,
2026-07-17,NSE,BPCL,raw_l2/trade_date=2026-07-17/exchange=NSE/symbol=BPCL/part-053617_311309-015270.parquet,real_data_sample\l2_unseen_validation\trade_date=2026-07-17\exchange=NSE\symbol=BPCL\part-053617_311309-015270.parquet,34708,downloaded,34708,
2026-07-17,NSE,BPCL,raw_l2/trade_date=2026-07-17/exchange=NSE/symbol=BPCL/part-053603_285630-015238.parquet,real_data_sample\l2_unseen_validation\trade_date=2026-07-17\exchange=NSE\symbol=BPCL\part-053603_285630-015238.parquet,34606,downloaded,34606,
2026-07-17,NSE,BPCL,raw_l2/trade_date=2026-07-17/exchange=NSE/symbol=BPCL/part-053521_792854-015142.parquet,real_data_sample\l2_unseen_validation\trade_date=2026-07-17\exchange=NSE\symbol=BPCL\part-053521_792854-015142.parquet,34728,downloaded,34728,
2026-07-17,NSE,BPCL,raw_l2/trade_date=2026-07-17/exchange=NSE/symbol=BPCL/part-053507_785786-015110.parquet,real_data_sample\l2_unseen_validation\trade_date=2026-07-17\exchange=NSE\symbol=BPCL\part-053507_785786-015110.parquet,34583,downloaded,34583,
2026-07-17,NSE,BPCL,raw_l2/trade_date=2026-07-17/exchange=NSE/symbol=BPCL/part-053549_563135-015206.parquet,real_data_sample\l2_unseen_validation\trade_date=2026-07-17\exchange=NSE\symbol=BPCL\part-053549_563135-015206.parquet,34538,downloaded,34538,
2026-07-17,NSE,BPCL,raw_l2/trade_date=2026-07-17/exchange=NSE/symbol=BPCL/part-053535_794854-015174.parquet,real_data_sample\l2_unseen_validation\trade_date=2026-07-17\exchange=NSE\symbol=BPCL\part-053535_794854-015174.parquet,34662,downloaded,34662,
2026-07-17,NSE,BPCL,raw_l2/trade_date=2026-07-17/exchange=NSE/symbol=BPCL/part-053645_545916-015334.parquet,real_data_sample\l2_unseen_validation\trade_date=2026-07-17\exchange=NSE\symbol=BPCL\part-053645_545916-015334.parquet,34556,downloaded,34556,
2026-07-17,NSE,BPCL,raw_l2/trade_date=2026-07-17/exchange=NSE/symbol=BPCL/part-053631_550111-015302.parquet,real_data_sample\l2_unseen_validation\trade_date=2026-07-17\exchange=NSE\symbol=BPCL\part-053631_550111-015302.parquet,34551,downloaded,34551,
2026-07-17,NSE,BPCL,raw_l2/trade_date=2026-07-17/exchange=NSE/symbol=BPCL/part-053837_065138-015590.parquet,real_data_sample\l2_unseen_validation\trade_date=2026-07-17\exchange=NSE\symbol=BPCL\part-053837_065138-015590.parquet,34409,downloaded,34409,
2026-07-17,NSE,BPCL,raw_l2/trade_date=2026-07-17/exchange=NSE/symbol=BPCL/part-053659_307540-015366.parquet,real_data_sample\l2_unseen_validation\trade_date=2026-07-17\exchange=NSE\symbol=BPCL\part-053659_307540-015366.parquet,34408,downloaded,34408,
2026-07-17,NSE,BPCL,raw_l2/trade_date=2026-07-17/exchange=NSE/symbol=BPCL/part-053932_783254-015718.parquet,real_data_sample\l2_unseen_validation\trade_date=2026-07-17\exchange=NSE\symbol=BPCL\part-053932_783254-015718.parquet,34464,downloaded,34464,
2026-07-17,NSE,BPCL,raw_l2/trade_date=2026-07-17/exchange=NSE/symbol=BPCL/part-053713_322510-015398.parquet,real_data_sample\l2_unseen_validation\trade_date=2026-07-17\exchange=NSE\symbol=BPCL\part-053713_322510-015398.parquet,34483,downloaded,34483,
2026-07-17,NSE,BPCL,raw_l2/trade_date=2026-07-17/exchange=NSE/symbol=BPCL/part-054000_581285-015782.parquet,real_data_sample\l2_unseen_validation\trade_date=2026-07-17\exchange=NSE\symbol=BPCL\part-054000_581285-015782.parquet,34594,downloaded,34594,
2026-07-17,NSE,BPCL,raw_l2/trade_date=2026-07-17/exchange=NSE/symbol=BPCL/part-054014_519591-015814.parquet,real_data_sample\l2_unseen_validation\trade_date=2026-07-17\exchange=NSE\symbol=BPCL\part-054014_519591-015814.parquet,34782,downloaded,34782,
2026-07-17,NSE,BPCL,raw_l2/trade_date=2026-07-17/exchange=NSE/symbol=BPCL/part-053727_290389-015430.parquet,real_data_sample\l2_unseen_validation\trade_date=2026-07-17\exchange=NSE\symbol=BPCL\part-053727_290389-015430.parquet,34579,downloaded,34579,
2026-07-17,NSE,BPCL,raw_l2/trade_date=2026-07-17/exchange=NSE/symbol=BPCL/part-053741_122383-015462.parquet,real_data_sample\l2_unseen_validation\trade_date=2026-07-17\exchange=NSE\symbol=BPCL\part-053741_122383-015462.parquet,34657,downloaded,34657,
2026-07-17,NSE,BPCL,raw_l2/trade_date=2026-07-17/exchange=NSE/symbol=BPCL/part-054028_544713-015846.parquet,real_data_sample\l2_unseen_validation\trade_date=2026-07-17\exchange=NSE\symbol=BPCL\part-054028_544713-015846.parquet,34875,downloaded,34875,
2026-07-17,NSE,BPCL,raw_l2/trade_date=2026-07-17/exchange=NSE/symbol=BPCL/part-053755_033386-015494.parquet,real_data_sample\l2_unseen_validation\trade_date=2026-07-17\exchange=NSE\symbol=BPCL\part-053755_033386-015494.parquet,34673,downloaded,34673,
2026-07-17,NSE,BPCL,raw_l2/trade_date=2026-07-17/exchange=NSE/symbol=BPCL/part-053822_822696-015558.parquet,real_data_sample\l2_unseen_validation\trade_date=2026-07-17\exchange=NSE\symbol=BPCL\part-053822_822696-015558.parquet,34627,downloaded,34627,
2026-07-17,NSE,BPCL,raw_l2/trade_date=2026-07-17/exchange=NSE/symbol=BPCL/part-053946_557148-015750.parquet,real_data_sample\l2_unseen_validation\trade_date=2026-07-17\exchange=NSE\symbol=BPCL\part-053946_557148-015750.parquet,34593,downloaded,34593,
2026-07-17,NSE,BPCL,raw_l2/trade_date=2026-07-17/exchange=NSE/symbol=BPCL/part-053918_670946-015686.parquet,real_data_sample\l2_unseen_validation\trade_date=2026-07-17\exchange=NSE\symbol=BPCL\part-053918_670946-015686.parquet,34460,downloaded,34460,
2026-07-17,NSE,BPCL,raw_l2/trade_date=2026-07-17/exchange=NSE/symbol=BPCL/part-053904_816545-015654.parquet,real_data_sample\l2_unseen_validation\trade_date=2026-07-17\exchange=NSE\symbol=BPCL\part-053904_816545-015654.parquet,34572,downloaded,34572,
2026-07-17,NSE,BPCL,raw_l2/trade_date=2026-07-17/exchange=NSE/symbol=BPCL/part-053851_067753-015622.parquet,real_data_sample\l2_unseen_validation\trade_date=2026-07-17\exchange=NSE\symbol=BPCL\part-053851_067753-015622.parquet,34762,downloaded,34762,
2026-07-17,NSE,BPCL,raw_l2/trade_date=2026-07-17/exchange=NSE/symbol=BPCL/part-053808_833792-015526.parquet,real_data_sample\l2_unseen_validation\trade_date=2026-07-17\exchange=NSE\symbol=BPCL\part-053808_833792-015526.parquet,34578,downloaded,34578,
2026-07-17,NSE,BPCL,raw_l2/trade_date=2026-07-17/exchange=NSE/symbol=BPCL/part-054042_367849-015878.parquet,real_data_sample\l2_unseen_validation\trade_date=2026-07-17\exchange=NSE\symbol=BPCL\part-054042_367849-015878.parquet,34696,downloaded,34696,
2026-07-17,NSE,BPCL,raw_l2/trade_date=2026-07-17/exchange=NSE/symbol=BPCL/part-054124_045330-015974.parquet,real_data_sample\l2_unseen_validation\trade_date=2026-07-17\exchange=NSE\symbol=BPCL\part-054124_045330-015974.parquet,34446,downloaded,34446,
2026-07-17,NSE,BPCL,raw_l2/trade_date=2026-07-17/exchange=NSE/symbol=BPCL/part-054233_258203-016134.parquet,real_data_sample\l2_unseen_validation\trade_date=2026-07-17\exchange=NSE\symbol=BPCL\part-054233_258203-016134.parquet,34687,downloaded,34687,
2026-07-17,NSE,BPCL,raw_l2/trade_date=2026-07-17/exchange=NSE/symbol=BPCL/part-054110_283403-015942.parquet,real_data_sample\l2_unseen_validation\trade_date=2026-07-17\exchange=NSE\symbol=BPCL\part-054110_283403-015942.parquet,34638,downloaded,34638,
2026-07-17,NSE,BPCL,raw_l2/trade_date=2026-07-17/exchange=NSE/symbol=BPCL/part-054056_321380-015910.parquet,real_data_sample\l2_unseen_validation\trade_date=2026-07-17\exchange=NSE\symbol=BPCL\part-054056_321380-015910.parquet,34365,downloaded,34365,
2026-07-17,NSE,BPCL,raw_l2/trade_date=2026-07-17/exchange=NSE/symbol=BPCL/part-054247_299923-016166.parquet,real_data_sample\l2_unseen_validation\trade_date=2026-07-17\exchange=NSE\symbol=BPCL\part-054247_299923-016166.parquet,34479,downloaded,34479,
2026-07-17,NSE,BPCL,raw_l2/trade_date=2026-07-17/exchange=NSE/symbol=BPCL/part-054151_550533-016038.parquet,real_data_sample\l2_unseen_validation\trade_date=2026-07-17\exchange=NSE\symbol=BPCL\part-054151_550533-016038.parquet,34320,downloaded,34320,
2026-07-17,NSE,BPCL,raw_l2/trade_date=2026-07-17/exchange=NSE/symbol=BPCL/part-054219_545261-016102.parquet,real_data_sample\l2_unseen_validation\trade_date=2026-07-17\exchange=NSE\symbol=BPCL\part-054219_545261-016102.parquet,34809,downloaded,34809,
2026-07-17,NSE,BPCL,raw_l2/trade_date=2026-07-17/exchange=NSE/symbol=BPCL/part-054205_557153-016070.parquet,real_data_sample\l2_unseen_validation\trade_date=2026-07-17\exchange=NSE\symbol=BPCL\part-054205_557153-016070.parquet,34537,downloaded,34537,
2026-07-17,NSE,BPCL,raw_l2/trade_date=2026-07-17/exchange=NSE/symbol=BPCL/part-054315_293702-016230.parquet,real_data_sample\l2_unseen_validation\trade_date=2026-07-17\exchange=NSE\symbol=BPCL\part-054315_293702-016230.parquet,34779,downloaded,34779,
2026-07-17,NSE,BPCL,raw_l2/trade_date=2026-07-17/exchange=NSE/symbol=BPCL/part-054343_077033-016294.parquet,real_data_sample\l2_unseen_validation\trade_date=2026-07-17\exchange=NSE\symbol=BPCL\part-054343_077033-016294.parquet,34522,downloaded,34522,
2026-07-17,NSE,BPCL,raw_l2/trade_date=2026-07-17/exchange=NSE/symbol=BPCL/part-054301_304177-016198.parquet,real_data_sample\l2_unseen_validation\trade_date=2026-07-17\exchange=NSE\symbol=BPCL\part-054301_304177-016198.parquet,34617,downloaded,34617,
2026-07-17,NSE,BPCL,raw_l2/trade_date=2026-07-17/exchange=NSE/symbol=BPCL/part-054329_113658-016262.parquet,real_data_sample\l2_unseen_validation\trade_date=2026-07-17\exchange=NSE\symbol=BPCL\part-054329_113658-016262.parquet,34629,downloaded,34629,
2026-07-17,NSE,BPCL,raw_l2/trade_date=2026-07-17/exchange=NSE/symbol=BPCL/part-054410_827104-016358.parquet,real_data_sample\l2_unseen_validation\trade_date=2026-07-17\exchange=NSE\symbol=BPCL\part-054410_827104-016358.parquet,34490,downloaded,34490,
2026-07-17,NSE,BPCL,raw_l2/trade_date=2026-07-17/exchange=NSE/symbol=BPCL/part-054356_802354-016326.parquet,real_data_sample\l2_unseen_validation\trade_date=2026-07-17\exchange=NSE\symbol=BPCL\part-054356_802354-016326.parquet,34555,downloaded,34555,
2026-07-17,NSE,BPCL,raw_l2/trade_date=2026-07-17/exchange=NSE/symbol=BPCL/part-054725_324727-016806.parquet,real_data_sample\l2_unseen_validation\trade_date=2026-07-17\exchange=NSE\symbol=BPCL\part-054725_324727-016806.parquet,34693,downloaded,34693,
2026-07-17,NSE,BPCL,raw_l2/trade_date=2026-07-17/exchange=NSE/symbol=BPCL/part-054534_046956-016550.parquet,real_data_sample\l2_unseen_validation\trade_date=2026-07-17\exchange=NSE\symbol=BPCL\part-054534_046956-016550.parquet,34443,downloaded,34443,
2026-07-17,NSE,BPCL,raw_l2/trade_date=2026-07-17/exchange=NSE/symbol=BPCL/part-054438_543433-016422.parquet,real_data_sample\l2_unseen_validation\trade_date=2026-07-17\exchange=NSE\symbol=BPCL\part-054438_543433-016422.parquet,34554,downloaded,34554,
2026-07-17,NSE,BPCL,raw_l2/trade_date=2026-07-17/exchange=NSE/symbol=BPCL/part-054615_810919-016646.parquet,real_data_sample\l2_unseen_validation\trade_date=2026-07-17\exchange=NSE\symbol=BPCL\part-054615_810919-016646.parquet,34666,downloaded,34666,
2026-07-17,NSE,BPCL,raw_l2/trade_date=2026-07-17/exchange=NSE/symbol=BPCL/part-054520_350295-016518.parquet,real_data_sample\l2_unseen_validation\trade_date=2026-07-17\exchange=NSE\symbol=BPCL\part-054520_350295-016518.parquet,34546,downloaded,34546,
2026-07-17,NSE,BPCL,raw_l2/trade_date=2026-07-17/exchange=NSE/symbol=BPCL/part-054452_545467-016454.parquet,real_data_sample\l2_unseen_validation\trade_date=2026-07-17\exchange=NSE\symbol=BPCL\part-054452_545467-016454.parquet,34380,downloaded,34380,
2026-07-17,NSE,BPCL,raw_l2/trade_date=2026-07-17/exchange=NSE/symbol=BPCL/part-054506_314249-016486.parquet,real_data_sample\l2_unseen_validation\trade_date=2026-07-17\exchange=NSE\symbol=BPCL\part-054506_314249-016486.parquet,34672,downloaded,34672,
2026-07-17,NSE,BPCL,raw_l2/trade_date=2026-07-17/exchange=NSE/symbol=BPCL/part-054424_778405-016390.parquet,real_data_sample\l2_unseen_validation\trade_date=2026-07-17\exchange=NSE\symbol=BPCL\part-054424_778405-016390.parquet,34617,downloaded,34617,
2026-07-17,NSE,BPCL,raw_l2/trade_date=2026-07-17/exchange=NSE/symbol=BPCL/part-054601_838380-016614.parquet,real_data_sample\l2_unseen_validation\trade_date=2026-07-17\exchange=NSE\symbol=BPCL\part-054601_838380-016614.parquet,34545,downloaded,34545,
2026-07-17,NSE,BPCL,raw_l2/trade_date=2026-07-17/exchange=NSE/symbol=BPCL/part-054807_540538-016902.parquet,real_data_sample\l2_unseen_validation\trade_date=2026-07-17\exchange=NSE\symbol=BPCL\part-054807_540538-016902.parquet,34539,downloaded,34539,
2026-07-17,NSE,BPCL,raw_l2/trade_date=2026-07-17/exchange=NSE/symbol=BPCL/part-054548_034047-016582.parquet,real_data_sample\l2_unseen_validation\trade_date=2026-07-17\exchange=NSE\symbol=BPCL\part-054548_034047-016582.parquet,34438,downloaded,34438,
2026-07-17,NSE,BPCL,raw_l2/trade_date=2026-07-17/exchange=NSE/symbol=BPCL/part-054753_595746-016870.parquet,real_data_sample\l2_unseen_validation\trade_date=2026-07-17\exchange=NSE\symbol=BPCL\part-054753_595746-016870.parquet,34632,downloaded,34632,
2026-07-17,NSE,BPCL,raw_l2/trade_date=2026-07-17/exchange=NSE/symbol=BPCL/part-054739_354708-016838.parquet,real_data_sample\l2_unseen_validation\trade_date=2026-07-17\exchange=NSE\symbol=BPCL\part-054739_354708-016838.parquet,34536,downloaded,34536,
2026-07-17,NSE,BPCL,raw_l2/trade_date=2026-07-17/exchange=NSE/symbol=BPCL/part-054629_554029-016678.parquet,real_data_sample\l2_unseen_validation\trade_date=2026-07-17\exchange=NSE\symbol=BPCL\part-054629_554029-016678.parquet,34675,downloaded,34675,
2026-07-17,NSE,BPCL,raw_l2/trade_date=2026-07-17/exchange=NSE/symbol=BPCL/part-054711_076703-016774.parquet,real_data_sample\l2_unseen_validation\trade_date=2026-07-17\exchange=NSE\symbol=BPCL\part-054711_076703-016774.parquet,34689,downloaded,34689,
2026-07-17,NSE,BPCL,raw_l2/trade_date=2026-07-17/exchange=NSE/symbol=BPCL/part-054643_351352-016710.parquet,real_data_sample\l2_unseen_validation\trade_date=2026-07-17\exchange=NSE\symbol=BPCL\part-054643_351352-016710.parquet,34537,downloaded,34537,
2026-07-17,NSE,BPCL,raw_l2/trade_date=2026-07-17/exchange=NSE/symbol=BPCL/part-054657_291670-016742.parquet,real_data_sample\l2_unseen_validation\trade_date=2026-07-17\exchange=NSE\symbol=BPCL\part-054657_291670-016742.parquet,34492,downloaded,34492,
2026-07-17,NSE,BPCL,raw_l2/trade_date=2026-07-17/exchange=NSE/symbol=BPCL/part-054137_788137-016006.parquet,real_data_sample\l2_unseen_validation\trade_date=2026-07-17\exchange=NSE\symbol=BPCL\part-054137_788137-016006.parquet,34533,downloaded,34533,
2026-07-17,NSE,BPCL,raw_l2/trade_date=2026-07-17/exchange=NSE/symbol=BPCL/part-054821_618697-016934.parquet,real_data_sample\l2_unseen_validation\trade_date=2026-07-17\exchange=NSE\symbol=BPCL\part-054821_618697-016934.parquet,34441,downloaded,34441,
2026-07-17,NSE,BPCL,raw_l2/trade_date=2026-07-17/exchange=NSE/symbol=BPCL/part-054835_857963-016966.parquet,real_data_sample\l2_unseen_validation\trade_date=2026-07-17\exchange=NSE\symbol=BPCL\part-054835_857963-016966.parquet,34458,downloaded,34458,
2026-07-17,NSE,BPCL,raw_l2/trade_date=2026-07-17/exchange=NSE/symbol=BPCL/part-054904_117913-017030.parquet,real_data_sample\l2_unseen_validation\trade_date=2026-07-17\exchange=NSE\symbol=BPCL\part-054904_117913-017030.parquet,34586,downloaded,34586,
2026-07-17,NSE,BPCL,raw_l2/trade_date=2026-07-17/exchange=NSE/symbol=BPCL/part-054918_332673-017062.parquet,real_data_sample\l2_unseen_validation\trade_date=2026-07-17\exchange=NSE\symbol=BPCL\part-054918_332673-017062.parquet,34563,downloaded,34563,
2026-07-17,NSE,BPCL,raw_l2/trade_date=2026-07-17/exchange=NSE/symbol=BPCL/part-054932_596279-017094.parquet,real_data_sample\l2_unseen_validation\trade_date=2026-07-17\exchange=NSE\symbol=BPCL\part-054932_596279-017094.parquet,34635,downloaded,34635,
2026-07-17,NSE,BPCL,raw_l2/trade_date=2026-07-17/exchange=NSE/symbol=BPCL/part-054946_893731-017126.parquet,real_data_sample\l2_unseen_validation\trade_date=2026-07-17\exchange=NSE\symbol=BPCL\part-054946_893731-017126.parquet,34687,downloaded,34687,
2026-07-17,NSE,BPCL,raw_l2/trade_date=2026-07-17/exchange=NSE/symbol=BPCL/part-055015_945533-017190.parquet,real_data_sample\l2_unseen_validation\trade_date=2026-07-17\exchange=NSE\symbol=BPCL\part-055015_945533-017190.parquet,34557,downloaded,34557,
2026-07-17,NSE,BPCL,raw_l2/trade_date=2026-07-17/exchange=NSE/symbol=BPCL/part-055001_393802-017158.parquet,real_data_sample\l2_unseen_validation\trade_date=2026-07-17\exchange=NSE\symbol=BPCL\part-055001_393802-017158.parquet,34652,downloaded,34652,
2026-07-17,NSE,BPCL,raw_l2/trade_date=2026-07-17/exchange=NSE/symbol=BPCL/part-054850_081382-016998.parquet,real_data_sample\l2_unseen_validation\trade_date=2026-07-17\exchange=NSE\symbol=BPCL\part-054850_081382-016998.parquet,34482,downloaded,34482,
2026-07-17,NSE,BPCL,raw_l2/trade_date=2026-07-17/exchange=NSE/symbol=BPCL/part-055044_546666-017254.parquet,real_data_sample\l2_unseen_validation\trade_date=2026-07-17\exchange=NSE\symbol=BPCL\part-055044_546666-017254.parquet,34409,downloaded,34409,
2026-07-17,NSE,BPCL,raw_l2/trade_date=2026-07-17/exchange=NSE/symbol=BPCL/part-055029_882621-017222.parquet,real_data_sample\l2_unseen_validation\trade_date=2026-07-17\exchange=NSE\symbol=BPCL\part-055029_882621-017222.parquet,34251,downloaded,34251,
2026-07-17,NSE,BPCL,raw_l2/trade_date=2026-07-17/exchange=NSE/symbol=BPCL/part-055058_954521-017286.parquet,real_data_sample\l2_unseen_validation\trade_date=2026-07-17\exchange=NSE\symbol=BPCL\part-055058_954521-017286.parquet,34492,downloaded,34492,
2026-07-17,NSE,BPCL,raw_l2/trade_date=2026-07-17/exchange=NSE/symbol=BPCL/part-055113_644885-017318.parquet,real_data_sample\l2_unseen_validation\trade_date=2026-07-17\exchange=NSE\symbol=BPCL\part-055113_644885-017318.parquet,34540,downloaded,34540,
2026-07-17,NSE,BPCL,raw_l2/trade_date=2026-07-17/exchange=NSE/symbol=BPCL/part-055128_317422-017350.parquet,real_data_sample\l2_unseen_validation\trade_date=2026-07-17\exchange=NSE\symbol=BPCL\part-055128_317422-017350.parquet,34493,downloaded,34493,
2026-07-17,NSE,BPCL,raw_l2/trade_date=2026-07-17/exchange=NSE/symbol=BPCL/part-055143_156108-017382.parquet,real_data_sample\l2_unseen_validation\trade_date=2026-07-17\exchange=NSE\symbol=BPCL\part-055143_156108-017382.parquet,34409,downloaded,34409,
2026-07-17,NSE,BPCL,raw_l2/trade_date=2026-07-17/exchange=NSE/symbol=BPCL/part-055212_468943-017446.parquet,real_data_sample\l2_unseen_validation\trade_date=2026-07-17\exchange=NSE\symbol=BPCL\part-055212_468943-017446.parquet,34865,downloaded,34865,
2026-07-17,NSE,BPCL,raw_l2/trade_date=2026-07-17/exchange=NSE/symbol=BPCL/part-055227_079429-017478.parquet,real_data_sample\l2_unseen_validation\trade_date=2026-07-17\exchange=NSE\symbol=BPCL\part-055227_079429-017478.parquet,34738,downloaded,34738,
2026-07-17,NSE,BPCL,raw_l2/trade_date=2026-07-17/exchange=NSE/symbol=BPCL/part-055157_930906-017414.parquet,real_data_sample\l2_unseen_validation\trade_date=2026-07-17\exchange=NSE\symbol=BPCL\part-055157_930906-017414.parquet,34813,downloaded,34813,
2026-07-17,NSE,BPCL,raw_l2/trade_date=2026-07-17/exchange=NSE/symbol=BPCL/part-055256_664822-017542.parquet,real_data_sample\l2_unseen_validation\trade_date=2026-07-17\exchange=NSE\symbol=BPCL\part-055256_664822-017542.parquet,34800,downloaded,34800,
2026-07-17,NSE,BPCL,raw_l2/trade_date=2026-07-17/exchange=NSE/symbol=BPCL/part-055325_115513-017606.parquet,real_data_sample\l2_unseen_validation\trade_date=2026-07-17\exchange=NSE\symbol=BPCL\part-055325_115513-017606.parquet,34458,downloaded,34458,
2026-07-17,NSE,BPCL,raw_l2/trade_date=2026-07-17/exchange=NSE/symbol=BPCL/part-055310_993658-017574.parquet,real_data_sample\l2_unseen_validation\trade_date=2026-07-17\exchange=NSE\symbol=BPCL\part-055310_993658-017574.parquet,34426,downloaded,34426,
2026-07-17,NSE,BPCL,raw_l2/trade_date=2026-07-17/exchange=NSE/symbol=BPCL/part-055241_724661-017510.parquet,real_data_sample\l2_unseen_validation\trade_date=2026-07-17\exchange=NSE\symbol=BPCL\part-055241_724661-017510.parquet,34583,downloaded,34583,
2026-07-17,NSE,BPCL,raw_l2/trade_date=2026-07-17/exchange=NSE/symbol=BPCL/part-055339_540812-017638.parquet,real_data_sample\l2_unseen_validation\trade_date=2026-07-17\exchange=NSE\symbol=BPCL\part-055339_540812-017638.parquet,34533,downloaded,34533,
2026-07-17,NSE,BPCL,raw_l2/trade_date=2026-07-17/exchange=NSE/symbol=BPCL/part-055724_886671-018150.parquet,real_data_sample\l2_unseen_validation\trade_date=2026-07-17\exchange=NSE\symbol=BPCL\part-055724_886671-018150.parquet,34650,downloaded,34650,
2026-07-17,NSE,BPCL,raw_l2/trade_date=2026-07-17/exchange=NSE/symbol=BPCL/part-055656_867845-018086.parquet,real_data_sample\l2_unseen_validation\trade_date=2026-07-17\exchange=NSE\symbol=BPCL\part-055656_867845-018086.parquet,34482,downloaded,34482,
2026-07-17,NSE,BPCL,raw_l2/trade_date=2026-07-17/exchange=NSE/symbol=BPCL/part-055600_386811-017958.parquet,real_data_sample\l2_unseen_validation\trade_date=2026-07-17\exchange=NSE\symbol=BPCL\part-055600_386811-017958.parquet,34362,downloaded,34362,
2026-07-17,NSE,BPCL,raw_l2/trade_date=2026-07-17/exchange=NSE/symbol=BPCL/part-055614_651229-017990.parquet,real_data_sample\l2_unseen_validation\trade_date=2026-07-17\exchange=NSE\symbol=BPCL\part-055614_651229-017990.parquet,34860,downloaded,34860,
2026-07-17,NSE,BPCL,raw_l2/trade_date=2026-07-17/exchange=NSE/symbol=BPCL/part-055628_614529-018022.parquet,real_data_sample\l2_unseen_validation\trade_date=2026-07-17\exchange=NSE\symbol=BPCL\part-055628_614529-018022.parquet,34535,downloaded,34535,
2026-07-17,NSE,BPCL,raw_l2/trade_date=2026-07-17/exchange=NSE/symbol=BPCL/part-055532_415891-017894.parquet,real_data_sample\l2_unseen_validation\trade_date=2026-07-17\exchange=NSE\symbol=BPCL\part-055532_415891-017894.parquet,34357,downloaded,34357,
2026-07-17,NSE,BPCL,raw_l2/trade_date=2026-07-17/exchange=NSE/symbol=BPCL/part-055353_957974-017670.parquet,real_data_sample\l2_unseen_validation\trade_date=2026-07-17\exchange=NSE\symbol=BPCL\part-055353_957974-017670.parquet,34414,downloaded,34414,
2026-07-17,NSE,BPCL,raw_l2/trade_date=2026-07-17/exchange=NSE/symbol=BPCL/part-055450_388671-017798.parquet,real_data_sample\l2_unseen_validation\trade_date=2026-07-17\exchange=NSE\symbol=BPCL\part-055450_388671-017798.parquet,34454,downloaded,34454,
2026-07-17,NSE,BPCL,raw_l2/trade_date=2026-07-17/exchange=NSE/symbol=BPCL/part-055436_401455-017766.parquet,real_data_sample\l2_unseen_validation\trade_date=2026-07-17\exchange=NSE\symbol=BPCL\part-055436_401455-017766.parquet,34739,downloaded,34739,
2026-07-17,NSE,BPCL,raw_l2/trade_date=2026-07-17/exchange=NSE/symbol=BPCL/part-055408_180362-017702.parquet,real_data_sample\l2_unseen_validation\trade_date=2026-07-17\exchange=NSE\symbol=BPCL\part-055408_180362-017702.parquet,34842,downloaded,34842,
2026-07-17,NSE,BPCL,raw_l2/trade_date=2026-07-17/exchange=NSE/symbol=BPCL/part-055422_335011-017734.parquet,real_data_sample\l2_unseen_validation\trade_date=2026-07-17\exchange=NSE\symbol=BPCL\part-055422_335011-017734.parquet,34560,downloaded,34560,
2026-07-17,NSE,BPCL,raw_l2/trade_date=2026-07-17/exchange=NSE/symbol=BPCL/part-055518_348039-017862.parquet,real_data_sample\l2_unseen_validation\trade_date=2026-07-17\exchange=NSE\symbol=BPCL\part-055518_348039-017862.parquet,34554,downloaded,34554,
2026-07-17,NSE,BPCL,raw_l2/trade_date=2026-07-17/exchange=NSE/symbol=BPCL/part-055504_388444-017830.parquet,real_data_sample\l2_unseen_validation\trade_date=2026-07-17\exchange=NSE\symbol=BPCL\part-055504_388444-017830.parquet,34492,downloaded,34492,
2026-07-17,NSE,BPCL,raw_l2/trade_date=2026-07-17/exchange=NSE/symbol=BPCL/part-055642_847522-018054.parquet,real_data_sample\l2_unseen_validation\trade_date=2026-07-17\exchange=NSE\symbol=BPCL\part-055642_847522-018054.parquet,34409,downloaded,34409,
2026-07-17,NSE,BPCL,raw_l2/trade_date=2026-07-17/exchange=NSE/symbol=BPCL/part-055821_123245-018278.parquet,real_data_sample\l2_unseen_validation\trade_date=2026-07-17\exchange=NSE\symbol=BPCL\part-055821_123245-018278.parquet,34657,downloaded,34657,
2026-07-17,NSE,BPCL,raw_l2/trade_date=2026-07-17/exchange=NSE/symbol=BPCL/part-055739_140381-018182.parquet,real_data_sample\l2_unseen_validation\trade_date=2026-07-17\exchange=NSE\symbol=BPCL\part-055739_140381-018182.parquet,34630,downloaded,34630,
2026-07-17,NSE,BPCL,raw_l2/trade_date=2026-07-17/exchange=NSE/symbol=BPCL/part-055807_117898-018246.parquet,real_data_sample\l2_unseen_validation\trade_date=2026-07-17\exchange=NSE\symbol=BPCL\part-055807_117898-018246.parquet,34506,downloaded,34506,
2026-07-17,NSE,BPCL,raw_l2/trade_date=2026-07-17/exchange=NSE/symbol=BPCL/part-055932_124012-018438.parquet,real_data_sample\l2_unseen_validation\trade_date=2026-07-17\exchange=NSE\symbol=BPCL\part-055932_124012-018438.parquet,34456,downloaded,34456,
2026-07-17,NSE,BPCL,raw_l2/trade_date=2026-07-17/exchange=NSE/symbol=BPCL/part-055753_123789-018214.parquet,real_data_sample\l2_unseen_validation\trade_date=2026-07-17\exchange=NSE\symbol=BPCL\part-055753_123789-018214.parquet,34665,downloaded,34665,
2026-07-17,NSE,BPCL,raw_l2/trade_date=2026-07-17/exchange=NSE/symbol=BPCL/part-055903_844767-018374.parquet,real_data_sample\l2_unseen_validation\trade_date=2026-07-17\exchange=NSE\symbol=BPCL\part-055903_844767-018374.parquet,34424,downloaded,34424,
2026-07-17,NSE,BPCL,raw_l2/trade_date=2026-07-17/exchange=NSE/symbol=BPCL/part-055710_861829-018118.parquet,real_data_sample\l2_unseen_validation\trade_date=2026-07-17\exchange=NSE\symbol=BPCL\part-055710_861829-018118.parquet,34450,downloaded,34450,
2026-07-17,NSE,BPCL,raw_l2/trade_date=2026-07-17/exchange=NSE/symbol=BPCL/part-055835_384457-018310.parquet,real_data_sample\l2_unseen_validation\trade_date=2026-07-17\exchange=NSE\symbol=BPCL\part-055835_384457-018310.parquet,34399,downloaded,34399,
2026-07-17,NSE,BPCL,raw_l2/trade_date=2026-07-17/exchange=NSE/symbol=BPCL/part-055849_667912-018342.parquet,real_data_sample\l2_unseen_validation\trade_date=2026-07-17\exchange=NSE\symbol=BPCL\part-055849_667912-018342.parquet,34493,downloaded,34493,
2026-07-17,NSE,BPCL,raw_l2/trade_date=2026-07-17/exchange=NSE/symbol=BPCL/part-055917_853318-018406.parquet,real_data_sample\l2_unseen_validation\trade_date=2026-07-17\exchange=NSE\symbol=BPCL\part-055917_853318-018406.parquet,34485,downloaded,34485,
2026-07-17,NSE,BPCL,raw_l2/trade_date=2026-07-17/exchange=NSE/symbol=BPCL/part-055946_178571-018470.parquet,real_data_sample\l2_unseen_validation\trade_date=2026-07-17\exchange=NSE\symbol=BPCL\part-055946_178571-018470.parquet,34613,downloaded,34613,
2026-07-17,NSE,BPCL,raw_l2/trade_date=2026-07-17/exchange=NSE/symbol=BPCL/part-060000_848394-018502.parquet,real_data_sample\l2_unseen_validation\trade_date=2026-07-17\exchange=NSE\symbol=BPCL\part-060000_848394-018502.parquet,34868,downloaded,34868,
2026-07-17,NSE,BPCL,raw_l2/trade_date=2026-07-17/exchange=NSE/symbol=BPCL/part-060029_127090-018566.parquet,real_data_sample\l2_unseen_validation\trade_date=2026-07-17\exchange=NSE\symbol=BPCL\part-060029_127090-018566.parquet,34646,downloaded,34646,
2026-07-17,NSE,BPCL,raw_l2/trade_date=2026-07-17/exchange=NSE/symbol=BPCL/part-060015_128338-018534.parquet,real_data_sample\l2_unseen_validation\trade_date=2026-07-17\exchange=NSE\symbol=BPCL\part-060015_128338-018534.parquet,34443,downloaded,34443,
2026-07-17,NSE,BPCL,raw_l2/trade_date=2026-07-17/exchange=NSE/symbol=BPCL/part-060043_394223-018598.parquet,real_data_sample\l2_unseen_validation\trade_date=2026-07-17\exchange=NSE\symbol=BPCL\part-060043_394223-018598.parquet,34605,downloaded,34605,
2026-07-17,NSE,BPCL,raw_l2/trade_date=2026-07-17/exchange=NSE/symbol=BPCL/part-060057_647865-018630.parquet,real_data_sample\l2_unseen_validation\trade_date=2026-07-17\exchange=NSE\symbol=BPCL\part-060057_647865-018630.parquet,34575,downloaded,34575,
2026-07-17,NSE,BPCL,raw_l2/trade_date=2026-07-17/exchange=NSE/symbol=BPCL/part-055546_350449-017926.parquet,real_data_sample\l2_unseen_validation\trade_date=2026-07-17\exchange=NSE\symbol=BPCL\part-055546_350449-017926.parquet,34434,downloaded,34434,
2026-07-17,NSE,BPCL,raw_l2/trade_date=2026-07-17/exchange=NSE/symbol=BPCL/part-060125_838132-018694.parquet,real_data_sample\l2_unseen_validation\trade_date=2026-07-17\exchange=NSE\symbol=BPCL\part-060125_838132-018694.parquet,34558,downloaded,34558,
2026-07-17,NSE,BPCL,raw_l2/trade_date=2026-07-17/exchange=NSE/symbol=BPCL/part-060111_877041-018662.parquet,real_data_sample\l2_unseen_validation\trade_date=2026-07-17\exchange=NSE\symbol=BPCL\part-060111_877041-018662.parquet,34675,downloaded,34675,
2026-07-17,NSE,BPCL,raw_l2/trade_date=2026-07-17/exchange=NSE/symbol=BPCL/part-060139_932470-018726.parquet,real_data_sample\l2_unseen_validation\trade_date=2026-07-17\exchange=NSE\symbol=BPCL\part-060139_932470-018726.parquet,34602,downloaded,34602,
2026-07-17,NSE,BPCL,raw_l2/trade_date=2026-07-17/exchange=NSE/symbol=BPCL/part-060154_114997-018758.parquet,real_data_sample\l2_unseen_validation\trade_date=2026-07-17\exchange=NSE\symbol=BPCL\part-060154_114997-018758.parquet,34462,downloaded,34462,
2026-07-17,NSE,BPCL,raw_l2/trade_date=2026-07-17/exchange=NSE/symbol=BPCL/part-060208_103808-018790.parquet,real_data_sample\l2_unseen_validation\trade_date=2026-07-17\exchange=NSE\symbol=BPCL\part-060208_103808-018790.parquet,34535,downloaded,34535,
2026-07-17,NSE,BPCL,raw_l2/trade_date=2026-07-17/exchange=NSE/symbol=BPCL/part-060222_353289-018822.parquet,real_data_sample\l2_unseen_validation\trade_date=2026-07-17\exchange=NSE\symbol=BPCL\part-060222_353289-018822.parquet,34634,downloaded,34634,
2026-07-17,NSE,BPCL,raw_l2/trade_date=2026-07-17/exchange=NSE/symbol=BPCL/part-060304_607710-018918.parquet,real_data_sample\l2_unseen_validation\trade_date=2026-07-17\exchange=NSE\symbol=BPCL\part-060304_607710-018918.parquet,34333,downloaded,34333,
2026-07-17,NSE,BPCL,raw_l2/trade_date=2026-07-17/exchange=NSE/symbol=BPCL/part-060318_628191-018950.parquet,real_data_sample\l2_unseen_validation\trade_date=2026-07-17\exchange=NSE\symbol=BPCL\part-060318_628191-018950.parquet,34659,downloaded,34659,
2026-07-17,NSE,BPCL,raw_l2/trade_date=2026-07-17/exchange=NSE/symbol=BPCL/part-060250_414129-018886.parquet,real_data_sample\l2_unseen_validation\trade_date=2026-07-17\exchange=NSE\symbol=BPCL\part-060250_414129-018886.parquet,34387,downloaded,34387,
2026-07-17,NSE,BPCL,raw_l2/trade_date=2026-07-17/exchange=NSE/symbol=BPCL/part-060236_361089-018854.parquet,real_data_sample\l2_unseen_validation\trade_date=2026-07-17\exchange=NSE\symbol=BPCL\part-060236_361089-018854.parquet,34712,downloaded,34712,
2026-07-17,NSE,BPCL,raw_l2/trade_date=2026-07-17/exchange=NSE/symbol=BPCL/part-060428_889266-019110.parquet,real_data_sample\l2_unseen_validation\trade_date=2026-07-17\exchange=NSE\symbol=BPCL\part-060428_889266-019110.parquet,34678,downloaded,34678,
2026-07-17,NSE,BPCL,raw_l2/trade_date=2026-07-17/exchange=NSE/symbol=BPCL/part-060346_649120-019014.parquet,real_data_sample\l2_unseen_validation\trade_date=2026-07-17\exchange=NSE\symbol=BPCL\part-060346_649120-019014.parquet,34461,downloaded,34461,
2026-07-17,NSE,BPCL,raw_l2/trade_date=2026-07-17/exchange=NSE/symbol=BPCL/part-060332_616460-018982.parquet,real_data_sample\l2_unseen_validation\trade_date=2026-07-17\exchange=NSE\symbol=BPCL\part-060332_616460-018982.parquet,34820,downloaded,34820,
2026-07-17,NSE,BPCL,raw_l2/trade_date=2026-07-17/exchange=NSE/symbol=BPCL/part-060414_605823-019078.parquet,real_data_sample\l2_unseen_validation\trade_date=2026-07-17\exchange=NSE\symbol=BPCL\part-060414_605823-019078.parquet,34888,downloaded,34888,
2026-07-17,NSE,BPCL,raw_l2/trade_date=2026-07-17/exchange=NSE/symbol=BPCL/part-060400_612196-019046.parquet,real_data_sample\l2_unseen_validation\trade_date=2026-07-17\exchange=NSE\symbol=BPCL\part-060400_612196-019046.parquet,34606,downloaded,34606,
2026-07-17,NSE,BPCL,raw_l2/trade_date=2026-07-17/exchange=NSE/symbol=BPCL/part-060649_436894-019430.parquet,real_data_sample\l2_unseen_validation\trade_date=2026-07-17\exchange=NSE\symbol=BPCL\part-060649_436894-019430.parquet,34615,downloaded,34615,
2026-07-17,NSE,BPCL,raw_l2/trade_date=2026-07-17/exchange=NSE/symbol=BPCL/part-060443_367499-019142.parquet,real_data_sample\l2_unseen_validation\trade_date=2026-07-17\exchange=NSE\symbol=BPCL\part-060443_367499-019142.parquet,34567,downloaded,34567,
2026-07-17,NSE,BPCL,raw_l2/trade_date=2026-07-17/exchange=NSE/symbol=BPCL/part-060511_379257-019206.parquet,real_data_sample\l2_unseen_validation\trade_date=2026-07-17\exchange=NSE\symbol=BPCL\part-060511_379257-019206.parquet,34773,downloaded,34773,
2026-07-17,NSE,BPCL,raw_l2/trade_date=2026-07-17/exchange=NSE/symbol=BPCL/part-060539_626464-019270.parquet,real_data_sample\l2_unseen_validation\trade_date=2026-07-17\exchange=NSE\symbol=BPCL\part-060539_626464-019270.parquet,34663,downloaded,34663,
2026-07-17,NSE,BPCL,raw_l2/trade_date=2026-07-17/exchange=NSE/symbol=BPCL/part-060731_840483-019526.parquet,real_data_sample\l2_unseen_validation\trade_date=2026-07-17\exchange=NSE\symbol=BPCL\part-060731_840483-019526.parquet,34715,downloaded,34715,
2026-07-17,NSE,BPCL,raw_l2/trade_date=2026-07-17/exchange=NSE/symbol=BPCL/part-060553_605724-019302.parquet,real_data_sample\l2_unseen_validation\trade_date=2026-07-17\exchange=NSE\symbol=BPCL\part-060553_605724-019302.parquet,34436,downloaded,34436,
2026-07-17,NSE,BPCL,raw_l2/trade_date=2026-07-17/exchange=NSE/symbol=BPCL/part-060717_630548-019494.parquet,real_data_sample\l2_unseen_validation\trade_date=2026-07-17\exchange=NSE\symbol=BPCL\part-060717_630548-019494.parquet,34459,downloaded,34459,
2026-07-17,NSE,BPCL,raw_l2/trade_date=2026-07-17/exchange=NSE/symbol=BPCL/part-060621_334457-019366.parquet,real_data_sample\l2_unseen_validation\trade_date=2026-07-17\exchange=NSE\symbol=BPCL\part-060621_334457-019366.parquet,34550,downloaded,34550,
2026-07-17,NSE,BPCL,raw_l2/trade_date=2026-07-17/exchange=NSE/symbol=BPCL/part-060457_349655-019174.parquet,real_data_sample\l2_unseen_validation\trade_date=2026-07-17\exchange=NSE\symbol=BPCL\part-060457_349655-019174.parquet,34661,downloaded,34661,
2026-07-17,NSE,BPCL,raw_l2/trade_date=2026-07-17/exchange=NSE/symbol=BPCL/part-060635_368056-019398.parquet,real_data_sample\l2_unseen_validation\trade_date=2026-07-17\exchange=NSE\symbol=BPCL\part-060635_368056-019398.parquet,34477,downloaded,34477,
2026-07-17,NSE,BPCL,raw_l2/trade_date=2026-07-17/exchange=NSE/symbol=BPCL/part-060607_584716-019334.parquet,real_data_sample\l2_unseen_validation\trade_date=2026-07-17\exchange=NSE\symbol=BPCL\part-060607_584716-019334.parquet,34568,downloaded,34568,
2026-07-17,NSE,BPCL,raw_l2/trade_date=2026-07-17/exchange=NSE/symbol=BPCL/part-060703_615035-019462.parquet,real_data_sample\l2_unseen_validation\trade_date=2026-07-17\exchange=NSE\symbol=BPCL\part-060703_615035-019462.parquet,34458,downloaded,34458,
2026-07-17,NSE,BPCL,raw_l2/trade_date=2026-07-17/exchange=NSE/symbol=BPCL/part-060525_363442-019238.parquet,real_data_sample\l2_unseen_validation\trade_date=2026-07-17\exchange=NSE\symbol=BPCL\part-060525_363442-019238.parquet,34616,downloaded,34616,
2026-07-17,NSE,BPCL,raw_l2/trade_date=2026-07-17/exchange=NSE/symbol=BPCL/part-060746_160518-019558.parquet,real_data_sample\l2_unseen_validation\trade_date=2026-07-17\exchange=NSE\symbol=BPCL\part-060746_160518-019558.parquet,34625,downloaded,34625,
2026-07-17,NSE,BPCL,raw_l2/trade_date=2026-07-17/exchange=NSE/symbol=BPCL/part-060816_629867-019622.parquet,real_data_sample\l2_unseen_validation\trade_date=2026-07-17\exchange=NSE\symbol=BPCL\part-060816_629867-019622.parquet,34607,downloaded,34607,
2026-07-17,NSE,BPCL,raw_l2/trade_date=2026-07-17/exchange=NSE/symbol=BPCL/part-060801_144275-019590.parquet,real_data_sample\l2_unseen_validation\trade_date=2026-07-17\exchange=NSE\symbol=BPCL\part-060801_144275-019590.parquet,34548,downloaded,34548,
2026-07-17,NSE,BPCL,raw_l2/trade_date=2026-07-17/exchange=NSE/symbol=BPCL/part-060845_553113-019686.parquet,real_data_sample\l2_unseen_validation\trade_date=2026-07-17\exchange=NSE\symbol=BPCL\part-060845_553113-019686.parquet,34630,downloaded,34630,
2026-07-17,NSE,BPCL,raw_l2/trade_date=2026-07-17/exchange=NSE/symbol=BPCL/part-060928_350536-019782.parquet,real_data_sample\l2_unseen_validation\trade_date=2026-07-17\exchange=NSE\symbol=BPCL\part-060928_350536-019782.parquet,35173,downloaded,35173,
2026-07-17,NSE,BPCL,raw_l2/trade_date=2026-07-17/exchange=NSE/symbol=BPCL/part-060859_864775-019718.parquet,real_data_sample\l2_unseen_validation\trade_date=2026-07-17\exchange=NSE\symbol=BPCL\part-060859_864775-019718.parquet,34703,downloaded,34703,
2026-07-17,NSE,BPCL,raw_l2/trade_date=2026-07-17/exchange=NSE/symbol=BPCL/part-060913_891020-019750.parquet,real_data_sample\l2_unseen_validation\trade_date=2026-07-17\exchange=NSE\symbol=BPCL\part-060913_891020-019750.parquet,35024,downloaded,35024,
2026-07-17,NSE,BPCL,raw_l2/trade_date=2026-07-17/exchange=NSE/symbol=BPCL/part-060942_834496-019814.parquet,real_data_sample\l2_unseen_validation\trade_date=2026-07-17\exchange=NSE\symbol=BPCL\part-060942_834496-019814.parquet,35669,downloaded,35669,
2026-07-17,NSE,BPCL,raw_l2/trade_date=2026-07-17/exchange=NSE/symbol=BPCL/part-061011_329670-019878.parquet,real_data_sample\l2_unseen_validation\trade_date=2026-07-17\exchange=NSE\symbol=BPCL\part-061011_329670-019878.parquet,35593,downloaded,35593,
2026-07-17,NSE,BPCL,raw_l2/trade_date=2026-07-17/exchange=NSE/symbol=BPCL/part-061025_593027-019910.parquet,real_data_sample\l2_unseen_validation\trade_date=2026-07-17\exchange=NSE\symbol=BPCL\part-061025_593027-019910.parquet,34833,downloaded,34833,
2026-07-17,NSE,BPCL,raw_l2/trade_date=2026-07-17/exchange=NSE/symbol=BPCL/part-061039_846903-019942.parquet,real_data_sample\l2_unseen_validation\trade_date=2026-07-17\exchange=NSE\symbol=BPCL\part-061039_846903-019942.parquet,34512,downloaded,34512,
2026-07-17,NSE,BPCL,raw_l2/trade_date=2026-07-17/exchange=NSE/symbol=BPCL/part-060956_866852-019846.parquet,real_data_sample\l2_unseen_validation\trade_date=2026-07-17\exchange=NSE\symbol=BPCL\part-060956_866852-019846.parquet,35455,downloaded,35455,
2026-07-17,NSE,BPCL,raw_l2/trade_date=2026-07-17/exchange=NSE/symbol=BPCL/part-061054_305525-019974.parquet,real_data_sample\l2_unseen_validation\trade_date=2026-07-17\exchange=NSE\symbol=BPCL\part-061054_305525-019974.parquet,34701,downloaded,34701,
2026-07-17,NSE,BPCL,raw_l2/trade_date=2026-07-17/exchange=NSE/symbol=BPCL/part-061108_878416-020006.parquet,real_data_sample\l2_unseen_validation\trade_date=2026-07-17\exchange=NSE\symbol=BPCL\part-061108_878416-020006.parquet,34589,downloaded,34589,
2026-07-17,NSE,BPCL,raw_l2/trade_date=2026-07-17/exchange=NSE/symbol=BPCL/part-060831_155476-019654.parquet,real_data_sample\l2_unseen_validation\trade_date=2026-07-17\exchange=NSE\symbol=BPCL\part-060831_155476-019654.parquet,34693,downloaded,34693,
2026-07-17,NSE,BPCL,raw_l2/trade_date=2026-07-17/exchange=NSE/symbol=BPCL/part-061458_937448-020518.parquet,real_data_sample\l2_unseen_validation\trade_date=2026-07-17\exchange=NSE\symbol=BPCL\part-061458_937448-020518.parquet,34831,downloaded,34831,
2026-07-17,NSE,BPCL,raw_l2/trade_date=2026-07-17/exchange=NSE/symbol=BPCL/part-061401_627655-020390.parquet,real_data_sample\l2_unseen_validation\trade_date=2026-07-17\exchange=NSE\symbol=BPCL\part-061401_627655-020390.parquet,34588,downloaded,34588,
2026-07-17,NSE,BPCL,raw_l2/trade_date=2026-07-17/exchange=NSE/symbol=BPCL/part-061123_091054-020038.parquet,real_data_sample\l2_unseen_validation\trade_date=2026-07-17\exchange=NSE\symbol=BPCL\part-061123_091054-020038.parquet,34731,downloaded,34731,
2026-07-17,NSE,BPCL,raw_l2/trade_date=2026-07-17/exchange=NSE/symbol=BPCL/part-061415_931521-020422.parquet,real_data_sample\l2_unseen_validation\trade_date=2026-07-17\exchange=NSE\symbol=BPCL\part-061415_931521-020422.parquet,34362,downloaded,34362,
2026-07-17,NSE,BPCL,raw_l2/trade_date=2026-07-17/exchange=NSE/symbol=BPCL/part-061347_376933-020358.parquet,real_data_sample\l2_unseen_validation\trade_date=2026-07-17\exchange=NSE\symbol=BPCL\part-061347_376933-020358.parquet,34573,downloaded,34573,
2026-07-17,NSE,BPCL,raw_l2/trade_date=2026-07-17/exchange=NSE/symbol=BPCL/part-061332_870281-020326.parquet,real_data_sample\l2_unseen_validation\trade_date=2026-07-17\exchange=NSE\symbol=BPCL\part-061332_870281-020326.parquet,34623,downloaded,34623,
2026-07-17,NSE,BPCL,raw_l2/trade_date=2026-07-17/exchange=NSE/symbol=BPCL/part-061444_595223-020486.parquet,real_data_sample\l2_unseen_validation\trade_date=2026-07-17\exchange=NSE\symbol=BPCL\part-061444_595223-020486.parquet,34399,downloaded,34399,
2026-07-17,NSE,BPCL,raw_l2/trade_date=2026-07-17/exchange=NSE/symbol=BPCL/part-061430_375726-020454.parquet,real_data_sample\l2_unseen_validation\trade_date=2026-07-17\exchange=NSE\symbol=BPCL\part-061430_375726-020454.parquet,34668,downloaded,34668,
2026-07-17,NSE,BPCL,raw_l2/trade_date=2026-07-17/exchange=NSE/symbol=BPCL/part-061137_364083-020070.parquet,real_data_sample\l2_unseen_validation\trade_date=2026-07-17\exchange=NSE\symbol=BPCL\part-061137_364083-020070.parquet,34647,downloaded,34647,
2026-07-17,NSE,BPCL,raw_l2/trade_date=2026-07-17/exchange=NSE/symbol=BPCL/part-061655_082053-020774.parquet,real_data_sample\l2_unseen_validation\trade_date=2026-07-17\exchange=NSE\symbol=BPCL\part-061655_082053-020774.parquet,34609,downloaded,34609,
2026-07-17,NSE,BPCL,raw_l2/trade_date=2026-07-17/exchange=NSE/symbol=BPCL/part-061318_609341-020294.parquet,real_data_sample\l2_unseen_validation\trade_date=2026-07-17\exchange=NSE\symbol=BPCL\part-061318_609341-020294.parquet,34709,downloaded,34709,
2026-07-17,NSE,BPCL,raw_l2/trade_date=2026-07-17/exchange=NSE/symbol=BPCL/part-061304_117781-020262.parquet,real_data_sample\l2_unseen_validation\trade_date=2026-07-17\exchange=NSE\symbol=BPCL\part-061304_117781-020262.parquet,34403,downloaded,34403,
2026-07-17,NSE,BPCL,raw_l2/trade_date=2026-07-17/exchange=NSE/symbol=BPCL/part-061513_421568-020550.parquet,real_data_sample\l2_unseen_validation\trade_date=2026-07-17\exchange=NSE\symbol=BPCL\part-061513_421568-020550.parquet,34680,downloaded,34680,
2026-07-17,NSE,BPCL,raw_l2/trade_date=2026-07-17/exchange=NSE/symbol=BPCL/part-061527_911264-020582.parquet,real_data_sample\l2_unseen_validation\trade_date=2026-07-17\exchange=NSE\symbol=BPCL\part-061527_911264-020582.parquet,34569,downloaded,34569,
2026-07-17,NSE,BPCL,raw_l2/trade_date=2026-07-17/exchange=NSE/symbol=BPCL/part-061542_105700-020614.parquet,real_data_sample\l2_unseen_validation\trade_date=2026-07-17\exchange=NSE\symbol=BPCL\part-061542_105700-020614.parquet,34645,downloaded,34645,
2026-07-17,NSE,BPCL,raw_l2/trade_date=2026-07-17/exchange=NSE/symbol=BPCL/part-061249_663402-020230.parquet,real_data_sample\l2_unseen_validation\trade_date=2026-07-17\exchange=NSE\symbol=BPCL\part-061249_663402-020230.parquet,34737,downloaded,34737,
2026-07-17,NSE,BPCL,raw_l2/trade_date=2026-07-17/exchange=NSE/symbol=BPCL/part-061220_872397-020166.parquet,real_data_sample\l2_unseen_validation\trade_date=2026-07-17\exchange=NSE\symbol=BPCL\part-061220_872397-020166.parquet,34316,downloaded,34316,
2026-07-17,NSE,BPCL,raw_l2/trade_date=2026-07-17/exchange=NSE/symbol=BPCL/part-061235_388310-020198.parquet,real_data_sample\l2_unseen_validation\trade_date=2026-07-17\exchange=NSE\symbol=BPCL\part-061235_388310-020198.parquet,34544,downloaded,34544,
2026-07-17,NSE,BPCL,raw_l2/trade_date=2026-07-17/exchange=NSE/symbol=BPCL/part-061151_943247-020102.parquet,real_data_sample\l2_unseen_validation\trade_date=2026-07-17\exchange=NSE\symbol=BPCL\part-061151_943247-020102.parquet,34532,downloaded,34532,
2026-07-17,NSE,BPCL,raw_l2/trade_date=2026-07-17/exchange=NSE/symbol=BPCL/part-061723_597241-020838.parquet,real_data_sample\l2_unseen_validation\trade_date=2026-07-17\exchange=NSE\symbol=BPCL\part-061723_597241-020838.parquet,34353,downloaded,34353,
2026-07-17,NSE,BPCL,raw_l2/trade_date=2026-07-17/exchange=NSE/symbol=BPCL/part-061737_629060-020870.parquet,real_data_sample\l2_unseen_validation\trade_date=2026-07-17\exchange=NSE\symbol=BPCL\part-061737_629060-020870.parquet,34426,downloaded,34426,
2026-07-17,NSE,BPCL,raw_l2/trade_date=2026-07-17/exchange=NSE/symbol=BPCL/part-061206_385440-020134.parquet,real_data_sample\l2_unseen_validation\trade_date=2026-07-17\exchange=NSE\symbol=BPCL\part-061206_385440-020134.parquet,34642,downloaded,34642,
2026-07-17,NSE,BPCL,raw_l2/trade_date=2026-07-17/exchange=NSE/symbol=BPCL/part-061709_345689-020806.parquet,real_data_sample\l2_unseen_validation\trade_date=2026-07-17\exchange=NSE\symbol=BPCL\part-061709_345689-020806.parquet,34736,downloaded,34736,
2026-07-17,NSE,BPCL,raw_l2/trade_date=2026-07-17/exchange=NSE/symbol=BPCL/part-061806_807074-020934.parquet,real_data_sample\l2_unseen_validation\trade_date=2026-07-17\exchange=NSE\symbol=BPCL\part-061806_807074-020934.parquet,34570,downloaded,34570,
2026-07-17,NSE,BPCL,raw_l2/trade_date=2026-07-17/exchange=NSE/symbol=BPCL/part-061835_722433-020998.parquet,real_data_sample\l2_unseen_validation\trade_date=2026-07-17\exchange=NSE\symbol=BPCL\part-061835_722433-020998.parquet,34605,downloaded,34605,
2026-07-17,NSE,BPCL,raw_l2/trade_date=2026-07-17/exchange=NSE/symbol=BPCL/part-061556_637742-020646.parquet,real_data_sample\l2_unseen_validation\trade_date=2026-07-17\exchange=NSE\symbol=BPCL\part-061556_637742-020646.parquet,34499,downloaded,34499,
2026-07-17,NSE,BPCL,raw_l2/trade_date=2026-07-17/exchange=NSE/symbol=BPCL/part-061751_736730-020902.parquet,real_data_sample\l2_unseen_validation\trade_date=2026-07-17\exchange=NSE\symbol=BPCL\part-061751_736730-020902.parquet,34572,downloaded,34572,
2026-07-17,NSE,BPCL,raw_l2/trade_date=2026-07-17/exchange=NSE/symbol=BPCL/part-061626_863060-020710.parquet,real_data_sample\l2_unseen_validation\trade_date=2026-07-17\exchange=NSE\symbol=BPCL\part-061626_863060-020710.parquet,34640,downloaded,34640,
2026-07-17,NSE,BPCL,raw_l2/trade_date=2026-07-17/exchange=NSE/symbol=BPCL/part-061611_187853-020678.parquet,real_data_sample\l2_unseen_validation\trade_date=2026-07-17\exchange=NSE\symbol=BPCL\part-061611_187853-020678.parquet,34674,downloaded,34674,
2026-07-17,NSE,BPCL,raw_l2/trade_date=2026-07-17/exchange=NSE/symbol=BPCL/part-061821_032042-020966.parquet,real_data_sample\l2_unseen_validation\trade_date=2026-07-17\exchange=NSE\symbol=BPCL\part-061821_032042-020966.parquet,34586,downloaded,34586,
2026-07-17,NSE,BPCL,raw_l2/trade_date=2026-07-17/exchange=NSE/symbol=BPCL/part-061641_106372-020742.parquet,real_data_sample\l2_unseen_validation\trade_date=2026-07-17\exchange=NSE\symbol=BPCL\part-061641_106372-020742.parquet,34665,downloaded,34665,
2026-07-17,NSE,BPCL,raw_l2/trade_date=2026-07-17/exchange=NSE/symbol=BPCL/part-062528_597442-021926.parquet,real_data_sample\l2_unseen_validation\trade_date=2026-07-17\exchange=NSE\symbol=BPCL\part-062528_597442-021926.parquet,34331,downloaded,34331,
2026-07-17,NSE,BPCL,raw_l2/trade_date=2026-07-17/exchange=NSE/symbol=BPCL/part-062542_583717-021958.parquet,real_data_sample\l2_unseen_validation\trade_date=2026-07-17\exchange=NSE\symbol=BPCL\part-062542_583717-021958.parquet,34474,downloaded,34474,
2026-07-17,NSE,BPCL,raw_l2/trade_date=2026-07-17/exchange=NSE/symbol=BPCL/part-062500_464172-021862.parquet,real_data_sample\l2_unseen_validation\trade_date=2026-07-17\exchange=NSE\symbol=BPCL\part-062500_464172-021862.parquet,34337,downloaded,34337,
2026-07-17,NSE,BPCL,raw_l2/trade_date=2026-07-17/exchange=NSE/symbol=BPCL/part-062446_335373-021830.parquet,real_data_sample\l2_unseen_validation\trade_date=2026-07-17\exchange=NSE\symbol=BPCL\part-062446_335373-021830.parquet,34355,downloaded,34355,
2026-07-17,NSE,BPCL,raw_l2/trade_date=2026-07-17/exchange=NSE/symbol=BPCL/part-062238_610143-021542.parquet,real_data_sample\l2_unseen_validation\trade_date=2026-07-17\exchange=NSE\symbol=BPCL\part-062238_610143-021542.parquet,34589,downloaded,34589,
2026-07-17,NSE,BPCL,raw_l2/trade_date=2026-07-17/exchange=NSE/symbol=BPCL/part-062209_944442-021478.parquet,real_data_sample\l2_unseen_validation\trade_date=2026-07-17\exchange=NSE\symbol=BPCL\part-062209_944442-021478.parquet,34583,downloaded,34583,
2026-07-17,NSE,BPCL,raw_l2/trade_date=2026-07-17/exchange=NSE/symbol=BPCL/part-061947_129298-021158.parquet,real_data_sample\l2_unseen_validation\trade_date=2026-07-17\exchange=NSE\symbol=BPCL\part-061947_129298-021158.parquet,34513,downloaded,34513,
2026-07-17,NSE,BPCL,raw_l2/trade_date=2026-07-17/exchange=NSE/symbol=BPCL/part-062224_379566-021510.parquet,real_data_sample\l2_unseen_validation\trade_date=2026-07-17\exchange=NSE\symbol=BPCL\part-062224_379566-021510.parquet,34436,downloaded,34436,
2026-07-17,NSE,BPCL,raw_l2/trade_date=2026-07-17/exchange=NSE/symbol=BPCL/part-062155_712304-021446.parquet,real_data_sample\l2_unseen_validation\trade_date=2026-07-17\exchange=NSE\symbol=BPCL\part-062155_712304-021446.parquet,34602,downloaded,34602,
2026-07-17,NSE,BPCL,raw_l2/trade_date=2026-07-17/exchange=NSE/symbol=BPCL/part-061904_078385-021062.parquet,real_data_sample\l2_unseen_validation\trade_date=2026-07-17\exchange=NSE\symbol=BPCL\part-061904_078385-021062.parquet,34569,downloaded,34569,
2026-07-17,NSE,BPCL,raw_l2/trade_date=2026-07-17/exchange=NSE/symbol=BPCL/part-061918_335162-021094.parquet,real_data_sample\l2_unseen_validation\trade_date=2026-07-17\exchange=NSE\symbol=BPCL\part-061918_335162-021094.parquet,34627,downloaded,34627,
2026-07-17,NSE,BPCL,raw_l2/trade_date=2026-07-17/exchange=NSE/symbol=BPCL/part-062418_072141-021766.parquet,real_data_sample\l2_unseen_validation\trade_date=2026-07-17\exchange=NSE\symbol=BPCL\part-062418_072141-021766.parquet,34408,downloaded,34408,
2026-07-17,NSE,BPCL,raw_l2/trade_date=2026-07-17/exchange=NSE/symbol=BPCL/part-062349_841273-021702.parquet,real_data_sample\l2_unseen_validation\trade_date=2026-07-17\exchange=NSE\symbol=BPCL\part-062349_841273-021702.parquet,34498,downloaded,34498,
2026-07-17,NSE,BPCL,raw_l2/trade_date=2026-07-17/exchange=NSE/symbol=BPCL/part-062252_843855-021574.parquet,real_data_sample\l2_unseen_validation\trade_date=2026-07-17\exchange=NSE\symbol=BPCL\part-062252_843855-021574.parquet,34698,downloaded,34698,
2026-07-17,NSE,BPCL,raw_l2/trade_date=2026-07-17/exchange=NSE/symbol=BPCL/part-062307_164023-021606.parquet,real_data_sample\l2_unseen_validation\trade_date=2026-07-17\exchange=NSE\symbol=BPCL\part-062307_164023-021606.parquet,34542,downloaded,34542,
2026-07-17,NSE,BPCL,raw_l2/trade_date=2026-07-17/exchange=NSE/symbol=BPCL/part-062321_589971-021638.parquet,real_data_sample\l2_unseen_validation\trade_date=2026-07-17\exchange=NSE\symbol=BPCL\part-062321_589971-021638.parquet,34666,downloaded,34666,
2026-07-17,NSE,BPCL,raw_l2/trade_date=2026-07-17/exchange=NSE/symbol=BPCL/part-062432_092814-021798.parquet,real_data_sample\l2_unseen_validation\trade_date=2026-07-17\exchange=NSE\symbol=BPCL\part-062432_092814-021798.parquet,34643,downloaded,34643,
2026-07-17,NSE,BPCL,raw_l2/trade_date=2026-07-17/exchange=NSE/symbol=BPCL/part-062335_885190-021670.parquet,real_data_sample\l2_unseen_validation\trade_date=2026-07-17\exchange=NSE\symbol=BPCL\part-062335_885190-021670.parquet,34583,downloaded,34583,
2026-07-17,NSE,BPCL,raw_l2/trade_date=2026-07-17/exchange=NSE/symbol=BPCL/part-061933_074395-021126.parquet,real_data_sample\l2_unseen_validation\trade_date=2026-07-17\exchange=NSE\symbol=BPCL\part-061933_074395-021126.parquet,34438,downloaded,34438,
2026-07-17,NSE,BPCL,raw_l2/trade_date=2026-07-17/exchange=NSE/symbol=BPCL/part-062514_801911-021894.parquet,real_data_sample\l2_unseen_validation\trade_date=2026-07-17\exchange=NSE\symbol=BPCL\part-062514_801911-021894.parquet,34653,downloaded,34653,
2026-07-17,NSE,BPCL,raw_l2/trade_date=2026-07-17/exchange=NSE/symbol=BPCL/part-062141_549172-021414.parquet,real_data_sample\l2_unseen_validation\trade_date=2026-07-17\exchange=NSE\symbol=BPCL\part-062141_549172-021414.parquet,34554,downloaded,34554,
2026-07-17,NSE,BPCL,raw_l2/trade_date=2026-07-17/exchange=NSE/symbol=BPCL/part-062001_378863-021190.parquet,real_data_sample\l2_unseen_validation\trade_date=2026-07-17\exchange=NSE\symbol=BPCL\part-062001_378863-021190.parquet,34458,downloaded,34458,
2026-07-17,NSE,BPCL,raw_l2/trade_date=2026-07-17/exchange=NSE/symbol=BPCL/part-062127_586416-021382.parquet,real_data_sample\l2_unseen_validation\trade_date=2026-07-17\exchange=NSE\symbol=BPCL\part-062127_586416-021382.parquet,34591,downloaded,34591,
2026-07-17,NSE,BPCL,raw_l2/trade_date=2026-07-17/exchange=NSE/symbol=BPCL/part-062029_607606-021254.parquet,real_data_sample\l2_unseen_validation\trade_date=2026-07-17\exchange=NSE\symbol=BPCL\part-062029_607606-021254.parquet,34585,downloaded,34585,
2026-07-17,NSE,BPCL,raw_l2/trade_date=2026-07-17/exchange=NSE/symbol=BPCL/part-062403_837008-021734.parquet,real_data_sample\l2_unseen_validation\trade_date=2026-07-17\exchange=NSE\symbol=BPCL\part-062403_837008-021734.parquet,34566,downloaded,34566,
2026-07-17,NSE,BPCL,raw_l2/trade_date=2026-07-17/exchange=NSE/symbol=BPCL/part-062044_432032-021286.parquet,real_data_sample\l2_unseen_validation\trade_date=2026-07-17\exchange=NSE\symbol=BPCL\part-062044_432032-021286.parquet,34794,downloaded,34794,
2026-07-17,NSE,BPCL,raw_l2/trade_date=2026-07-17/exchange=NSE/symbol=BPCL/part-062113_462894-021350.parquet,real_data_sample\l2_unseen_validation\trade_date=2026-07-17\exchange=NSE\symbol=BPCL\part-062113_462894-021350.parquet,34546,downloaded,34546,
2026-07-17,NSE,BPCL,raw_l2/trade_date=2026-07-17/exchange=NSE/symbol=BPCL/part-062015_572453-021222.parquet,real_data_sample\l2_unseen_validation\trade_date=2026-07-17\exchange=NSE\symbol=BPCL\part-062015_572453-021222.parquet,34463,downloaded,34463,
2026-07-17,NSE,BPCL,raw_l2/trade_date=2026-07-17/exchange=NSE/symbol=BPCL/part-062058_838839-021318.parquet,real_data_sample\l2_unseen_validation\trade_date=2026-07-17\exchange=NSE\symbol=BPCL\part-062058_838839-021318.parquet,34644,downloaded,34644,
2026-07-17,NSE,BPCL,raw_l2/trade_date=2026-07-17/exchange=NSE/symbol=BPCL/part-062556_569334-021990.parquet,real_data_sample\l2_unseen_validation\trade_date=2026-07-17\exchange=NSE\symbol=BPCL\part-062556_569334-021990.parquet,34531,downloaded,34531,
2026-07-17,NSE,BPCL,raw_l2/trade_date=2026-07-17/exchange=NSE/symbol=BPCL/part-062610_608988-022022.parquet,real_data_sample\l2_unseen_validation\trade_date=2026-07-17\exchange=NSE\symbol=BPCL\part-062610_608988-022022.parquet,34487,downloaded,34487,
2026-07-17,NSE,BPCL,raw_l2/trade_date=2026-07-17/exchange=NSE/symbol=BPCL/part-061850_091535-021030.parquet,real_data_sample\l2_unseen_validation\trade_date=2026-07-17\exchange=NSE\symbol=BPCL\part-061850_091535-021030.parquet,34631,downloaded,34631,
2026-07-17,NSE,BPCL,raw_l2/trade_date=2026-07-17/exchange=NSE/symbol=BPCL/part-062944_572087-022502.parquet,real_data_sample\l2_unseen_validation\trade_date=2026-07-17\exchange=NSE\symbol=BPCL\part-062944_572087-022502.parquet,34646,downloaded,34646,
2026-07-17,NSE,BPCL,raw_l2/trade_date=2026-07-17/exchange=NSE/symbol=BPCL/part-062707_098645-022150.parquet,real_data_sample\l2_unseen_validation\trade_date=2026-07-17\exchange=NSE\symbol=BPCL\part-062707_098645-022150.parquet,34368,downloaded,34368,
2026-07-17,NSE,BPCL,raw_l2/trade_date=2026-07-17/exchange=NSE/symbol=BPCL/part-063013_610236-022566.parquet,real_data_sample\l2_unseen_validation\trade_date=2026-07-17\exchange=NSE\symbol=BPCL\part-063013_610236-022566.parquet,34482,downloaded,34482,
2026-07-17,NSE,BPCL,raw_l2/trade_date=2026-07-17/exchange=NSE/symbol=BPCL/part-062750_343909-022246.parquet,real_data_sample\l2_unseen_validation\trade_date=2026-07-17\exchange=NSE\symbol=BPCL\part-062750_343909-022246.parquet,34814,downloaded,34814,
2026-07-17,NSE,BPCL,raw_l2/trade_date=2026-07-17/exchange=NSE/symbol=BPCL/part-063152_599900-022790.parquet,real_data_sample\l2_unseen_validation\trade_date=2026-07-17\exchange=NSE\symbol=BPCL\part-063152_599900-022790.parquet,34436,downloaded,34436,
2026-07-17,NSE,BPCL,raw_l2/trade_date=2026-07-17/exchange=NSE/symbol=BPCL/part-062721_908000-022182.parquet,real_data_sample\l2_unseen_validation\trade_date=2026-07-17\exchange=NSE\symbol=BPCL\part-062721_908000-022182.parquet,34715,downloaded,34715,
2026-07-17,NSE,BPCL,raw_l2/trade_date=2026-07-17/exchange=NSE/symbol=BPCL/part-062736_016852-022214.parquet,real_data_sample\l2_unseen_validation\trade_date=2026-07-17\exchange=NSE\symbol=BPCL\part-062736_016852-022214.parquet,34557,downloaded,34557,
2026-07-17,NSE,BPCL,raw_l2/trade_date=2026-07-17/exchange=NSE/symbol=BPCL/part-063027_663665-022598.parquet,real_data_sample\l2_unseen_validation\trade_date=2026-07-17\exchange=NSE\symbol=BPCL\part-063027_663665-022598.parquet,34465,downloaded,34465,
2026-07-17,NSE,BPCL,raw_l2/trade_date=2026-07-17/exchange=NSE/symbol=BPCL/part-063124_368515-022726.parquet,real_data_sample\l2_unseen_validation\trade_date=2026-07-17\exchange=NSE\symbol=BPCL\part-063124_368515-022726.parquet,34517,downloaded,34517,
2026-07-17,NSE,BPCL,raw_l2/trade_date=2026-07-17/exchange=NSE/symbol=BPCL/part-062930_368382-022470.parquet,real_data_sample\l2_unseen_validation\trade_date=2026-07-17\exchange=NSE\symbol=BPCL\part-062930_368382-022470.parquet,34572,downloaded,34572,
2026-07-17,NSE,BPCL,raw_l2/trade_date=2026-07-17/exchange=NSE/symbol=BPCL/part-063055_851621-022662.parquet,real_data_sample\l2_unseen_validation\trade_date=2026-07-17\exchange=NSE\symbol=BPCL\part-063055_851621-022662.parquet,34644,downloaded,34644,
2026-07-17,NSE,BPCL,raw_l2/trade_date=2026-07-17/exchange=NSE/symbol=BPCL/part-063110_219274-022694.parquet,real_data_sample\l2_unseen_validation\trade_date=2026-07-17\exchange=NSE\symbol=BPCL\part-063110_219274-022694.parquet,34705,downloaded,34705,
2026-07-17,NSE,BPCL,raw_l2/trade_date=2026-07-17/exchange=NSE/symbol=BPCL/part-063220_338272-022854.parquet,real_data_sample\l2_unseen_validation\trade_date=2026-07-17\exchange=NSE\symbol=BPCL\part-063220_338272-022854.parquet,34582,downloaded,34582,
2026-07-17,NSE,BPCL,raw_l2/trade_date=2026-07-17/exchange=NSE/symbol=BPCL/part-063041_861773-022630.parquet,real_data_sample\l2_unseen_validation\trade_date=2026-07-17\exchange=NSE\symbol=BPCL\part-063041_861773-022630.parquet,34563,downloaded,34563,
2026-07-17,NSE,BPCL,raw_l2/trade_date=2026-07-17/exchange=NSE/symbol=BPCL/part-062653_119898-022118.parquet,real_data_sample\l2_unseen_validation\trade_date=2026-07-17\exchange=NSE\symbol=BPCL\part-062653_119898-022118.parquet,34737,downloaded,34737,
2026-07-17,NSE,BPCL,raw_l2/trade_date=2026-07-17/exchange=NSE/symbol=BPCL/part-063138_575929-022758.parquet,real_data_sample\l2_unseen_validation\trade_date=2026-07-17\exchange=NSE\symbol=BPCL\part-063138_575929-022758.parquet,34504,downloaded,34504,
2026-07-17,NSE,BPCL,raw_l2/trade_date=2026-07-17/exchange=NSE/symbol=BPCL/part-062901_320848-022406.parquet,real_data_sample\l2_unseen_validation\trade_date=2026-07-17\exchange=NSE\symbol=BPCL\part-062901_320848-022406.parquet,34497,downloaded,34497,
2026-07-17,NSE,BPCL,raw_l2/trade_date=2026-07-17/exchange=NSE/symbol=BPCL/part-063248_277471-022918.parquet,real_data_sample\l2_unseen_validation\trade_date=2026-07-17\exchange=NSE\symbol=BPCL\part-063248_277471-022918.parquet,34620,downloaded,34620,
2026-07-17,NSE,BPCL,raw_l2/trade_date=2026-07-17/exchange=NSE/symbol=BPCL/part-062959_047085-022534.parquet,real_data_sample\l2_unseen_validation\trade_date=2026-07-17\exchange=NSE\symbol=BPCL\part-062959_047085-022534.parquet,34669,downloaded,34669,
2026-07-17,NSE,BPCL,raw_l2/trade_date=2026-07-17/exchange=NSE/symbol=BPCL/part-062847_365764-022374.parquet,real_data_sample\l2_unseen_validation\trade_date=2026-07-17\exchange=NSE\symbol=BPCL\part-062847_365764-022374.parquet,34700,downloaded,34700,
2026-07-17,NSE,BPCL,raw_l2/trade_date=2026-07-17/exchange=NSE/symbol=BPCL/part-062624_580348-022054.parquet,real_data_sample\l2_unseen_validation\trade_date=2026-07-17\exchange=NSE\symbol=BPCL\part-062624_580348-022054.parquet,34457,downloaded,34457,
2026-07-17,NSE,BPCL,raw_l2/trade_date=2026-07-17/exchange=NSE/symbol=BPCL/part-062915_345890-022438.parquet,real_data_sample\l2_unseen_validation\trade_date=2026-07-17\exchange=NSE\symbol=BPCL\part-062915_345890-022438.parquet,34590,downloaded,34590,
2026-07-17,NSE,BPCL,raw_l2/trade_date=2026-07-17/exchange=NSE/symbol=BPCL/part-062833_058217-022342.parquet,real_data_sample\l2_unseen_validation\trade_date=2026-07-17\exchange=NSE\symbol=BPCL\part-062833_058217-022342.parquet,34348,downloaded,34348,
2026-07-17,NSE,BPCL,raw_l2/trade_date=2026-07-17/exchange=NSE/symbol=BPCL/part-062638_832501-022086.parquet,real_data_sample\l2_unseen_validation\trade_date=2026-07-17\exchange=NSE\symbol=BPCL\part-062638_832501-022086.parquet,34372,downloaded,34372,
2026-07-17,NSE,BPCL,raw_l2/trade_date=2026-07-17/exchange=NSE/symbol=BPCL/part-063234_296191-022886.parquet,real_data_sample\l2_unseen_validation\trade_date=2026-07-17\exchange=NSE\symbol=BPCL\part-063234_296191-022886.parquet,34777,downloaded,34777,
2026-07-17,NSE,BPCL,raw_l2/trade_date=2026-07-17/exchange=NSE/symbol=BPCL/part-062804_610622-022278.parquet,real_data_sample\l2_unseen_validation\trade_date=2026-07-17\exchange=NSE\symbol=BPCL\part-062804_610622-022278.parquet,34592,downloaded,34592,
2026-07-17,NSE,BPCL,raw_l2/trade_date=2026-07-17/exchange=NSE/symbol=BPCL/part-063302_397509-022950.parquet,real_data_sample\l2_unseen_validation\trade_date=2026-07-17\exchange=NSE\symbol=BPCL\part-063302_397509-022950.parquet,34959,downloaded,34959,
2026-07-17,NSE,BPCL,raw_l2/trade_date=2026-07-17/exchange=NSE/symbol=BPCL/part-063316_635154-022982.parquet,real_data_sample\l2_unseen_validation\trade_date=2026-07-17\exchange=NSE\symbol=BPCL\part-063316_635154-022982.parquet,34669,downloaded,34669,
2026-07-17,NSE,BPCL,raw_l2/trade_date=2026-07-17/exchange=NSE/symbol=BPCL/part-063206_316367-022822.parquet,real_data_sample\l2_unseen_validation\trade_date=2026-07-17\exchange=NSE\symbol=BPCL\part-063206_316367-022822.parquet,34506,downloaded,34506,
2026-07-17,NSE,BPCL,raw_l2/trade_date=2026-07-17/exchange=NSE/symbol=BPCL/part-063331_195785-023014.parquet,real_data_sample\l2_unseen_validation\trade_date=2026-07-17\exchange=NSE\symbol=BPCL\part-063331_195785-023014.parquet,34576,downloaded,34576,
2026-07-17,NSE,BPCL,raw_l2/trade_date=2026-07-17/exchange=NSE/symbol=BPCL/part-062819_131097-022310.parquet,real_data_sample\l2_unseen_validation\trade_date=2026-07-17\exchange=NSE\symbol=BPCL\part-062819_131097-022310.parquet,34518,downloaded,34518,
2026-07-17,NSE,BPCL,raw_l2/trade_date=2026-07-17/exchange=NSE/symbol=BPCL/part-063413_566118-023110.parquet,real_data_sample\l2_unseen_validation\trade_date=2026-07-17\exchange=NSE\symbol=BPCL\part-063413_566118-023110.parquet,34698,downloaded,34698,
2026-07-17,NSE,BPCL,raw_l2/trade_date=2026-07-17/exchange=NSE/symbol=BPCL/part-063345_351740-023046.parquet,real_data_sample\l2_unseen_validation\trade_date=2026-07-17\exchange=NSE\symbol=BPCL\part-063345_351740-023046.parquet,34795,downloaded,34795,
2026-07-17,NSE,BPCL,raw_l2/trade_date=2026-07-17/exchange=NSE/symbol=BPCL/part-063427_605530-023142.parquet,real_data_sample\l2_unseen_validation\trade_date=2026-07-17\exchange=NSE\symbol=BPCL\part-063427_605530-023142.parquet,34665,downloaded,34665,
2026-07-17,NSE,BPCL,raw_l2/trade_date=2026-07-17/exchange=NSE/symbol=BPCL/part-063551_791548-023334.parquet,real_data_sample\l2_unseen_validation\trade_date=2026-07-17\exchange=NSE\symbol=BPCL\part-063551_791548-023334.parquet,34942,downloaded,34942,
2026-07-17,NSE,BPCL,raw_l2/trade_date=2026-07-17/exchange=NSE/symbol=BPCL/part-063441_553817-023174.parquet,real_data_sample\l2_unseen_validation\trade_date=2026-07-17\exchange=NSE\symbol=BPCL\part-063441_553817-023174.parquet,34486,downloaded,34486,
2026-07-17,NSE,BPCL,raw_l2/trade_date=2026-07-17/exchange=NSE/symbol=BPCL/part-063455_556635-023206.parquet,real_data_sample\l2_unseen_validation\trade_date=2026-07-17\exchange=NSE\symbol=BPCL\part-063455_556635-023206.parquet,34569,downloaded,34569,
2026-07-17,NSE,BPCL,raw_l2/trade_date=2026-07-17/exchange=NSE/symbol=BPCL/part-063524_000959-023270.parquet,real_data_sample\l2_unseen_validation\trade_date=2026-07-17\exchange=NSE\symbol=BPCL\part-063524_000959-023270.parquet,34691,downloaded,34691,
2026-07-17,NSE,BPCL,raw_l2/trade_date=2026-07-17/exchange=NSE/symbol=BPCL/part-063825_352566-023686.parquet,real_data_sample\l2_unseen_validation\trade_date=2026-07-17\exchange=NSE\symbol=BPCL\part-063825_352566-023686.parquet,34740,downloaded,34740,
2026-07-17,NSE,BPCL,raw_l2/trade_date=2026-07-17/exchange=NSE/symbol=BPCL/part-063605_550304-023366.parquet,real_data_sample\l2_unseen_validation\trade_date=2026-07-17\exchange=NSE\symbol=BPCL\part-063605_550304-023366.parquet,34762,downloaded,34762,
2026-07-17,NSE,BPCL,raw_l2/trade_date=2026-07-17/exchange=NSE/symbol=BPCL/part-063839_582735-023718.parquet,real_data_sample\l2_unseen_validation\trade_date=2026-07-17\exchange=NSE\symbol=BPCL\part-063839_582735-023718.parquet,34642,downloaded,34642,
2026-07-17,NSE,BPCL,raw_l2/trade_date=2026-07-17/exchange=NSE/symbol=BPCL/part-063537_825201-023302.parquet,real_data_sample\l2_unseen_validation\trade_date=2026-07-17\exchange=NSE\symbol=BPCL\part-063537_825201-023302.parquet,34470,downloaded,34470,
2026-07-17,NSE,BPCL,raw_l2/trade_date=2026-07-17/exchange=NSE/symbol=BPCL/part-063853_814165-023750.parquet,real_data_sample\l2_unseen_validation\trade_date=2026-07-17\exchange=NSE\symbol=BPCL\part-063853_814165-023750.parquet,34896,downloaded,34896,
2026-07-17,NSE,BPCL,raw_l2/trade_date=2026-07-17/exchange=NSE/symbol=BPCL/part-063633_579569-023430.parquet,real_data_sample\l2_unseen_validation\trade_date=2026-07-17\exchange=NSE\symbol=BPCL\part-063633_579569-023430.parquet,34558,downloaded,34558,
2026-07-17,NSE,BPCL,raw_l2/trade_date=2026-07-17/exchange=NSE/symbol=BPCL/part-063509_603968-023238.parquet,real_data_sample\l2_unseen_validation\trade_date=2026-07-17\exchange=NSE\symbol=BPCL\part-063509_603968-023238.parquet,34564,downloaded,34564,
2026-07-17,NSE,BPCL,raw_l2/trade_date=2026-07-17/exchange=NSE/symbol=BPCL/part-063922_561131-023814.parquet,real_data_sample\l2_unseen_validation\trade_date=2026-07-17\exchange=NSE\symbol=BPCL\part-063922_561131-023814.parquet,34464,downloaded,34464,
2026-07-17,NSE,BPCL,raw_l2/trade_date=2026-07-17/exchange=NSE/symbol=BPCL/part-063950_564459-023878.parquet,real_data_sample\l2_unseen_validation\trade_date=2026-07-17\exchange=NSE\symbol=BPCL\part-063950_564459-023878.parquet,34619,downloaded,34619,
2026-07-17,NSE,BPCL,raw_l2/trade_date=2026-07-17/exchange=NSE/symbol=BPCL/part-063359_361383-023078.parquet,real_data_sample\l2_unseen_validation\trade_date=2026-07-17\exchange=NSE\symbol=BPCL\part-063359_361383-023078.parquet,34668,downloaded,34668,
2026-07-17,NSE,BPCL,raw_l2/trade_date=2026-07-17/exchange=NSE/symbol=BPCL/part-063936_540939-023846.parquet,real_data_sample\l2_unseen_validation\trade_date=2026-07-17\exchange=NSE\symbol=BPCL\part-063936_540939-023846.parquet,34482,downloaded,34482,
2026-07-17,NSE,BPCL,raw_l2/trade_date=2026-07-17/exchange=NSE/symbol=BPCL/part-063743_546618-023590.parquet,real_data_sample\l2_unseen_validation\trade_date=2026-07-17\exchange=NSE\symbol=BPCL\part-063743_546618-023590.parquet,34563,downloaded,34563,
2026-07-17,NSE,BPCL,raw_l2/trade_date=2026-07-17/exchange=NSE/symbol=BPCL/part-063647_542160-023462.parquet,real_data_sample\l2_unseen_validation\trade_date=2026-07-17\exchange=NSE\symbol=BPCL\part-063647_542160-023462.parquet,34749,downloaded,34749,
2026-07-17,NSE,BPCL,raw_l2/trade_date=2026-07-17/exchange=NSE/symbol=BPCL/part-063729_536895-023558.parquet,real_data_sample\l2_unseen_validation\trade_date=2026-07-17\exchange=NSE\symbol=BPCL\part-063729_536895-023558.parquet,34777,downloaded,34777,
2026-07-17,NSE,BPCL,raw_l2/trade_date=2026-07-17/exchange=NSE/symbol=BPCL/part-063715_623153-023526.parquet,real_data_sample\l2_unseen_validation\trade_date=2026-07-17\exchange=NSE\symbol=BPCL\part-063715_623153-023526.parquet,34690,downloaded,34690,
2026-07-17,NSE,BPCL,raw_l2/trade_date=2026-07-17/exchange=NSE/symbol=BPCL/part-064100_567516-024038.parquet,real_data_sample\l2_unseen_validation\trade_date=2026-07-17\exchange=NSE\symbol=BPCL\part-064100_567516-024038.parquet,34636,downloaded,34636,
2026-07-17,NSE,BPCL,raw_l2/trade_date=2026-07-17/exchange=NSE/symbol=BPCL/part-064032_501914-023974.parquet,real_data_sample\l2_unseen_validation\trade_date=2026-07-17\exchange=NSE\symbol=BPCL\part-064032_501914-023974.parquet,34608,downloaded,34608,
2026-07-17,NSE,BPCL,raw_l2/trade_date=2026-07-17/exchange=NSE/symbol=BPCL/part-063811_097444-023654.parquet,real_data_sample\l2_unseen_validation\trade_date=2026-07-17\exchange=NSE\symbol=BPCL\part-063811_097444-023654.parquet,34570,downloaded,34570,
2026-07-17,NSE,BPCL,raw_l2/trade_date=2026-07-17/exchange=NSE/symbol=BPCL/part-063757_289539-023622.parquet,real_data_sample\l2_unseen_validation\trade_date=2026-07-17\exchange=NSE\symbol=BPCL\part-063757_289539-023622.parquet,34437,downloaded,34437,
2026-07-17,NSE,BPCL,raw_l2/trade_date=2026-07-17/exchange=NSE/symbol=BPCL/part-064004_339584-023910.parquet,real_data_sample\l2_unseen_validation\trade_date=2026-07-17\exchange=NSE\symbol=BPCL\part-064004_339584-023910.parquet,34376,downloaded,34376,
2026-07-17,NSE,BPCL,raw_l2/trade_date=2026-07-17/exchange=NSE/symbol=BPCL/part-063908_586800-023782.parquet,real_data_sample\l2_unseen_validation\trade_date=2026-07-17\exchange=NSE\symbol=BPCL\part-063908_586800-023782.parquet,34617,downloaded,34617,
2026-07-17,NSE,BPCL,raw_l2/trade_date=2026-07-17/exchange=NSE/symbol=BPCL/part-064046_622620-024006.parquet,real_data_sample\l2_unseen_validation\trade_date=2026-07-17\exchange=NSE\symbol=BPCL\part-064046_622620-024006.parquet,34796,downloaded,34796,
2026-07-17,NSE,BPCL,raw_l2/trade_date=2026-07-17/exchange=NSE/symbol=BPCL/part-064018_399502-023942.parquet,real_data_sample\l2_unseen_validation\trade_date=2026-07-17\exchange=NSE\symbol=BPCL\part-064018_399502-023942.parquet,34561,downloaded,34561,
2026-07-17,NSE,BPCL,raw_l2/trade_date=2026-07-17/exchange=NSE/symbol=BPCL/part-063701_614820-023494.parquet,real_data_sample\l2_unseen_validation\trade_date=2026-07-17\exchange=NSE\symbol=BPCL\part-063701_614820-023494.parquet,34568,downloaded,34568,
2026-07-17,NSE,BPCL,raw_l2/trade_date=2026-07-17/exchange=NSE/symbol=BPCL/part-063619_588158-023398.parquet,real_data_sample\l2_unseen_validation\trade_date=2026-07-17\exchange=NSE\symbol=BPCL\part-063619_588158-023398.parquet,34779,downloaded,34779,
2026-07-17,NSE,BPCL,raw_l2/trade_date=2026-07-17/exchange=NSE/symbol=BPCL/part-064142_524975-024134.parquet,real_data_sample\l2_unseen_validation\trade_date=2026-07-17\exchange=NSE\symbol=BPCL\part-064142_524975-024134.parquet,34613,downloaded,34613,
2026-07-17,NSE,BPCL,raw_l2/trade_date=2026-07-17/exchange=NSE/symbol=BPCL/part-064114_542335-024070.parquet,real_data_sample\l2_unseen_validation\trade_date=2026-07-17\exchange=NSE\symbol=BPCL\part-064114_542335-024070.parquet,34600,downloaded,34600,
2026-07-17,NSE,BPCL,raw_l2/trade_date=2026-07-17/exchange=NSE/symbol=BPCL/part-064156_268747-024166.parquet,real_data_sample\l2_unseen_validation\trade_date=2026-07-17\exchange=NSE\symbol=BPCL\part-064156_268747-024166.parquet,34690,downloaded,34690,
2026-07-17,NSE,BPCL,raw_l2/trade_date=2026-07-17/exchange=NSE/symbol=BPCL/part-064551_760197-024710.parquet,real_data_sample\l2_unseen_validation\trade_date=2026-07-17\exchange=NSE\symbol=BPCL\part-064551_760197-024710.parquet,34567,downloaded,34567,
2026-07-17,NSE,BPCL,raw_l2/trade_date=2026-07-17/exchange=NSE/symbol=BPCL/part-064428_550267-024518.parquet,real_data_sample\l2_unseen_validation\trade_date=2026-07-17\exchange=NSE\symbol=BPCL\part-064428_550267-024518.parquet,34484,downloaded,34484,
2026-07-17,NSE,BPCL,raw_l2/trade_date=2026-07-17/exchange=NSE/symbol=BPCL/part-064605_519071-024742.parquet,real_data_sample\l2_unseen_validation\trade_date=2026-07-17\exchange=NSE\symbol=BPCL\part-064605_519071-024742.parquet,34785,downloaded,34785,
2026-07-17,NSE,BPCL,raw_l2/trade_date=2026-07-17/exchange=NSE/symbol=BPCL/part-064414_278259-024486.parquet,real_data_sample\l2_unseen_validation\trade_date=2026-07-17\exchange=NSE\symbol=BPCL\part-064414_278259-024486.parquet,34399,downloaded,34399,
2026-07-17,NSE,BPCL,raw_l2/trade_date=2026-07-17/exchange=NSE/symbol=BPCL/part-064442_297041-024550.parquet,real_data_sample\l2_unseen_validation\trade_date=2026-07-17\exchange=NSE\symbol=BPCL\part-064442_297041-024550.parquet,34705,downloaded,34705,
2026-07-17,NSE,BPCL,raw_l2/trade_date=2026-07-17/exchange=NSE/symbol=BPCL/part-064333_053546-024390.parquet,real_data_sample\l2_unseen_validation\trade_date=2026-07-17\exchange=NSE\symbol=BPCL\part-064333_053546-024390.parquet,34630,downloaded,34630,
2026-07-17,NSE,BPCL,raw_l2/trade_date=2026-07-17/exchange=NSE/symbol=BPCL/part-064619_294619-024774.parquet,real_data_sample\l2_unseen_validation\trade_date=2026-07-17\exchange=NSE\symbol=BPCL\part-064619_294619-024774.parquet,34570,downloaded,34570,
2026-07-17,NSE,BPCL,raw_l2/trade_date=2026-07-17/exchange=NSE/symbol=BPCL/part-064319_081303-024358.parquet,real_data_sample\l2_unseen_validation\trade_date=2026-07-17\exchange=NSE\symbol=BPCL\part-064319_081303-024358.parquet,34798,downloaded,34798,
2026-07-17,NSE,BPCL,raw_l2/trade_date=2026-07-17/exchange=NSE/symbol=BPCL/part-064224_107097-024230.parquet,real_data_sample\l2_unseen_validation\trade_date=2026-07-17\exchange=NSE\symbol=BPCL\part-064224_107097-024230.parquet,34479,downloaded,34479,
2026-07-17,NSE,BPCL,raw_l2/trade_date=2026-07-17/exchange=NSE/symbol=BPCL/part-064456_076650-024582.parquet,real_data_sample\l2_unseen_validation\trade_date=2026-07-17\exchange=NSE\symbol=BPCL\part-064456_076650-024582.parquet,34475,downloaded,34475,
2026-07-17,NSE,BPCL,raw_l2/trade_date=2026-07-17/exchange=NSE/symbol=BPCL/part-064524_073701-024646.parquet,real_data_sample\l2_unseen_validation\trade_date=2026-07-17\exchange=NSE\symbol=BPCL\part-064524_073701-024646.parquet,34426,downloaded,34426,
2026-07-17,NSE,BPCL,raw_l2/trade_date=2026-07-17/exchange=NSE/symbol=BPCL/part-064510_024038-024614.parquet,real_data_sample\l2_unseen_validation\trade_date=2026-07-17\exchange=NSE\symbol=BPCL\part-064510_024038-024614.parquet,34473,downloaded,34473,
2026-07-17,NSE,BPCL,raw_l2/trade_date=2026-07-17/exchange=NSE/symbol=BPCL/part-064538_027533-024678.parquet,real_data_sample\l2_unseen_validation\trade_date=2026-07-17\exchange=NSE\symbol=BPCL\part-064538_027533-024678.parquet,34592,downloaded,34592,
2026-07-17,NSE,BPCL,raw_l2/trade_date=2026-07-17/exchange=NSE/symbol=BPCL/part-064251_527826-024294.parquet,real_data_sample\l2_unseen_validation\trade_date=2026-07-17\exchange=NSE\symbol=BPCL\part-064251_527826-024294.parquet,34587,downloaded,34587,
2026-07-17,NSE,BPCL,raw_l2/trade_date=2026-07-17/exchange=NSE/symbol=BPCL/part-064701_030507-024870.parquet,real_data_sample\l2_unseen_validation\trade_date=2026-07-17\exchange=NSE\symbol=BPCL\part-064701_030507-024870.parquet,34521,downloaded,34521,
2026-07-17,NSE,BPCL,raw_l2/trade_date=2026-07-17/exchange=NSE/symbol=BPCL/part-064633_037670-024806.parquet,real_data_sample\l2_unseen_validation\trade_date=2026-07-17\exchange=NSE\symbol=BPCL\part-064633_037670-024806.parquet,34692,downloaded,34692,
2026-07-17,NSE,BPCL,raw_l2/trade_date=2026-07-17/exchange=NSE/symbol=BPCL/part-064647_066870-024838.parquet,real_data_sample\l2_unseen_validation\trade_date=2026-07-17\exchange=NSE\symbol=BPCL\part-064647_066870-024838.parquet,34560,downloaded,34560,
2026-07-17,NSE,BPCL,raw_l2/trade_date=2026-07-17/exchange=NSE/symbol=BPCL/part-064715_055414-024902.parquet,real_data_sample\l2_unseen_validation\trade_date=2026-07-17\exchange=NSE\symbol=BPCL\part-064715_055414-024902.parquet,34551,downloaded,34551,
2026-07-17,NSE,BPCL,raw_l2/trade_date=2026-07-17/exchange=NSE/symbol=BPCL/part-064210_074098-024198.parquet,real_data_sample\l2_unseen_validation\trade_date=2026-07-17\exchange=NSE\symbol=BPCL\part-064210_074098-024198.parquet,34478,downloaded,34478,
2026-07-17,NSE,BPCL,raw_l2/trade_date=2026-07-17/exchange=NSE/symbol=BPCL/part-064305_318490-024326.parquet,real_data_sample\l2_unseen_validation\trade_date=2026-07-17\exchange=NSE\symbol=BPCL\part-064305_318490-024326.parquet,34608,downloaded,34608,
2026-07-17,NSE,BPCL,raw_l2/trade_date=2026-07-17/exchange=NSE/symbol=BPCL/part-064400_537067-024454.parquet,real_data_sample\l2_unseen_validation\trade_date=2026-07-17\exchange=NSE\symbol=BPCL\part-064400_537067-024454.parquet,34549,downloaded,34549,
2026-07-17,NSE,BPCL,raw_l2/trade_date=2026-07-17/exchange=NSE/symbol=BPCL/part-064346_784061-024422.parquet,real_data_sample\l2_unseen_validation\trade_date=2026-07-17\exchange=NSE\symbol=BPCL\part-064346_784061-024422.parquet,34384,downloaded,34384,
2026-07-17,NSE,BPCL,raw_l2/trade_date=2026-07-17/exchange=NSE/symbol=BPCL/part-064237_795566-024262.parquet,real_data_sample\l2_unseen_validation\trade_date=2026-07-17\exchange=NSE\symbol=BPCL\part-064237_795566-024262.parquet,34541,downloaded,34541,
2026-07-17,NSE,BPCL,raw_l2/trade_date=2026-07-17/exchange=NSE/symbol=BPCL/part-064728_779724-024934.parquet,real_data_sample\l2_unseen_validation\trade_date=2026-07-17\exchange=NSE\symbol=BPCL\part-064728_779724-024934.parquet,34706,downloaded,34706,
2026-07-17,NSE,BPCL,raw_l2/trade_date=2026-07-17/exchange=NSE/symbol=BPCL/part-064742_809724-024966.parquet,real_data_sample\l2_unseen_validation\trade_date=2026-07-17\exchange=NSE\symbol=BPCL\part-064742_809724-024966.parquet,34637,downloaded,34637,
2026-07-17,NSE,BPCL,raw_l2/trade_date=2026-07-17/exchange=NSE/symbol=BPCL/part-064810_322230-025030.parquet,real_data_sample\l2_unseen_validation\trade_date=2026-07-17\exchange=NSE\symbol=BPCL\part-064810_322230-025030.parquet,34667,downloaded,34667,
2026-07-17,NSE,BPCL,raw_l2/trade_date=2026-07-17/exchange=NSE/symbol=BPCL/part-064824_340925-025062.parquet,real_data_sample\l2_unseen_validation\trade_date=2026-07-17\exchange=NSE\symbol=BPCL\part-064824_340925-025062.parquet,34824,downloaded,34824,
2026-07-17,NSE,BPCL,raw_l2/trade_date=2026-07-17/exchange=NSE/symbol=BPCL/part-064756_529519-024998.parquet,real_data_sample\l2_unseen_validation\trade_date=2026-07-17\exchange=NSE\symbol=BPCL\part-064756_529519-024998.parquet,34777,downloaded,34777,
2026-07-17,NSE,BPCL,raw_l2/trade_date=2026-07-17/exchange=NSE/symbol=BPCL/part-064128_276518-024102.parquet,real_data_sample\l2_unseen_validation\trade_date=2026-07-17\exchange=NSE\symbol=BPCL\part-064128_276518-024102.parquet,34644,downloaded,34644,
2026-07-17,NSE,BPCL,raw_l2/trade_date=2026-07-17/exchange=NSE/symbol=BPCL/part-064838_281051-025094.parquet,real_data_sample\l2_unseen_validation\trade_date=2026-07-17\exchange=NSE\symbol=BPCL\part-064838_281051-025094.parquet,34649,downloaded,34649,
2026-07-17,NSE,BPCL,raw_l2/trade_date=2026-07-17/exchange=NSE/symbol=BPCL/part-064852_062294-025126.parquet,real_data_sample\l2_unseen_validation\trade_date=2026-07-17\exchange=NSE\symbol=BPCL\part-064852_062294-025126.parquet,34778,downloaded,34778,
2026-07-17,NSE,BPCL,raw_l2/trade_date=2026-07-17/exchange=NSE/symbol=BPCL/part-064905_817664-025158.parquet,real_data_sample\l2_unseen_validation\trade_date=2026-07-17\exchange=NSE\symbol=BPCL\part-064905_817664-025158.parquet,34741,downloaded,34741,
2026-07-17,NSE,BPCL,raw_l2/trade_date=2026-07-17/exchange=NSE/symbol=BPCL/part-064919_784348-025190.parquet,real_data_sample\l2_unseen_validation\trade_date=2026-07-17\exchange=NSE\symbol=BPCL\part-064919_784348-025190.parquet,34714,downloaded,34714,
2026-07-17,NSE,BPCL,raw_l2/trade_date=2026-07-17/exchange=NSE/symbol=BPCL/part-065001_538688-025286.parquet,real_data_sample\l2_unseen_validation\trade_date=2026-07-17\exchange=NSE\symbol=BPCL\part-065001_538688-025286.parquet,34790,downloaded,34790,
2026-07-17,NSE,BPCL,raw_l2/trade_date=2026-07-17/exchange=NSE/symbol=BPCL/part-064933_590846-025222.parquet,real_data_sample\l2_unseen_validation\trade_date=2026-07-17\exchange=NSE\symbol=BPCL\part-064933_590846-025222.parquet,34866,downloaded,34866,
2026-07-17,NSE,BPCL,raw_l2/trade_date=2026-07-17/exchange=NSE/symbol=BPCL/part-065043_305496-025382.parquet,real_data_sample\l2_unseen_validation\trade_date=2026-07-17\exchange=NSE\symbol=BPCL\part-065043_305496-025382.parquet,34469,downloaded,34469,
2026-07-17,NSE,BPCL,raw_l2/trade_date=2026-07-17/exchange=NSE/symbol=BPCL/part-065015_556195-025318.parquet,real_data_sample\l2_unseen_validation\trade_date=2026-07-17\exchange=NSE\symbol=BPCL\part-065015_556195-025318.parquet,34742,downloaded,34742,
2026-07-17,NSE,BPCL,raw_l2/trade_date=2026-07-17/exchange=NSE/symbol=BPCL/part-064947_564428-025254.parquet,real_data_sample\l2_unseen_validation\trade_date=2026-07-17\exchange=NSE\symbol=BPCL\part-064947_564428-025254.parquet,34682,downloaded,34682,
2026-07-17,NSE,BPCL,raw_l2/trade_date=2026-07-17/exchange=NSE/symbol=BPCL/part-065029_281920-025350.parquet,real_data_sample\l2_unseen_validation\trade_date=2026-07-17\exchange=NSE\symbol=BPCL\part-065029_281920-025350.parquet,34739,downloaded,34739,
2026-07-17,NSE,BPCL,raw_l2/trade_date=2026-07-17/exchange=NSE/symbol=BPCL/part-065057_537528-025414.parquet,real_data_sample\l2_unseen_validation\trade_date=2026-07-17\exchange=NSE\symbol=BPCL\part-065057_537528-025414.parquet,34825,downloaded,34825,
2026-07-17,NSE,BPCL,raw_l2/trade_date=2026-07-17/exchange=NSE/symbol=BPCL/part-065207_756781-025574.parquet,real_data_sample\l2_unseen_validation\trade_date=2026-07-17\exchange=NSE\symbol=BPCL\part-065207_756781-025574.parquet,34701,downloaded,34701,
2026-07-17,NSE,BPCL,raw_l2/trade_date=2026-07-17/exchange=NSE/symbol=BPCL/part-065153_548716-025542.parquet,real_data_sample\l2_unseen_validation\trade_date=2026-07-17\exchange=NSE\symbol=BPCL\part-065153_548716-025542.parquet,34707,downloaded,34707,
2026-07-17,NSE,BPCL,raw_l2/trade_date=2026-07-17/exchange=NSE/symbol=BPCL/part-065139_575170-025510.parquet,real_data_sample\l2_unseen_validation\trade_date=2026-07-17\exchange=NSE\symbol=BPCL\part-065139_575170-025510.parquet,34709,downloaded,34709,
2026-07-17,NSE,BPCL,raw_l2/trade_date=2026-07-17/exchange=NSE/symbol=BPCL/part-065125_543891-025478.parquet,real_data_sample\l2_unseen_validation\trade_date=2026-07-17\exchange=NSE\symbol=BPCL\part-065125_543891-025478.parquet,34747,downloaded,34747,
2026-07-17,NSE,BPCL,raw_l2/trade_date=2026-07-17/exchange=NSE/symbol=BPCL/part-065111_554900-025446.parquet,real_data_sample\l2_unseen_validation\trade_date=2026-07-17\exchange=NSE\symbol=BPCL\part-065111_554900-025446.parquet,34592,downloaded,34592,
2026-07-17,NSE,BPCL,raw_l2/trade_date=2026-07-17/exchange=NSE/symbol=BPCL/part-065221_833941-025606.parquet,real_data_sample\l2_unseen_validation\trade_date=2026-07-17\exchange=NSE\symbol=BPCL\part-065221_833941-025606.parquet,34673,downloaded,34673,
2026-07-17,NSE,BPCL,raw_l2/trade_date=2026-07-17/exchange=NSE/symbol=BPCL/part-065620_642774-026150.parquet,real_data_sample\l2_unseen_validation\trade_date=2026-07-17\exchange=NSE\symbol=BPCL\part-065620_642774-026150.parquet,34658,downloaded,34658,
2026-07-17,NSE,BPCL,raw_l2/trade_date=2026-07-17/exchange=NSE/symbol=BPCL/part-065606_570513-026118.parquet,real_data_sample\l2_unseen_validation\trade_date=2026-07-17\exchange=NSE\symbol=BPCL\part-065606_570513-026118.parquet,34590,downloaded,34590,
2026-07-17,NSE,BPCL,raw_l2/trade_date=2026-07-17/exchange=NSE/symbol=BPCL/part-065359_889904-025830.parquet,real_data_sample\l2_unseen_validation\trade_date=2026-07-17\exchange=NSE\symbol=BPCL\part-065359_889904-025830.parquet,34465,downloaded,34465,
2026-07-17,NSE,BPCL,raw_l2/trade_date=2026-07-17/exchange=NSE/symbol=BPCL/part-065332_080533-025766.parquet,real_data_sample\l2_unseen_validation\trade_date=2026-07-17\exchange=NSE\symbol=BPCL\part-065332_080533-025766.parquet,34418,downloaded,34418,
2026-07-17,NSE,BPCL,raw_l2/trade_date=2026-07-17/exchange=NSE/symbol=BPCL/part-065318_167269-025734.parquet,real_data_sample\l2_unseen_validation\trade_date=2026-07-17\exchange=NSE\symbol=BPCL\part-065318_167269-025734.parquet,34709,downloaded,34709,
2026-07-17,NSE,BPCL,raw_l2/trade_date=2026-07-17/exchange=NSE/symbol=BPCL/part-065414_069004-025862.parquet,real_data_sample\l2_unseen_validation\trade_date=2026-07-17\exchange=NSE\symbol=BPCL\part-065414_069004-025862.parquet,34613,downloaded,34613,
2026-07-17,NSE,BPCL,raw_l2/trade_date=2026-07-17/exchange=NSE/symbol=BPCL/part-065428_085572-025894.parquet,real_data_sample\l2_unseen_validation\trade_date=2026-07-17\exchange=NSE\symbol=BPCL\part-065428_085572-025894.parquet,34669,downloaded,34669,
2026-07-17,NSE,BPCL,raw_l2/trade_date=2026-07-17/exchange=NSE/symbol=BPCL/part-065345_817274-025798.parquet,real_data_sample\l2_unseen_validation\trade_date=2026-07-17\exchange=NSE\symbol=BPCL\part-065345_817274-025798.parquet,34467,downloaded,34467,
2026-07-17,NSE,BPCL,raw_l2/trade_date=2026-07-17/exchange=NSE/symbol=BPCL/part-065442_027508-025926.parquet,real_data_sample\l2_unseen_validation\trade_date=2026-07-17\exchange=NSE\symbol=BPCL\part-065442_027508-025926.parquet,34778,downloaded,34778,
2026-07-17,NSE,BPCL,raw_l2/trade_date=2026-07-17/exchange=NSE/symbol=BPCL/part-065456_074148-025958.parquet,real_data_sample\l2_unseen_validation\trade_date=2026-07-17\exchange=NSE\symbol=BPCL\part-065456_074148-025958.parquet,34424,downloaded,34424,
2026-07-17,NSE,BPCL,raw_l2/trade_date=2026-07-17/exchange=NSE/symbol=BPCL/part-065510_304811-025990.parquet,real_data_sample\l2_unseen_validation\trade_date=2026-07-17\exchange=NSE\symbol=BPCL\part-065510_304811-025990.parquet,34654,downloaded,34654,
2026-07-17,NSE,BPCL,raw_l2/trade_date=2026-07-17/exchange=NSE/symbol=BPCL/part-065304_050632-025702.parquet,real_data_sample\l2_unseen_validation\trade_date=2026-07-17\exchange=NSE\symbol=BPCL\part-065304_050632-025702.parquet,34524,downloaded,34524,
2026-07-17,NSE,BPCL,raw_l2/trade_date=2026-07-17/exchange=NSE/symbol=BPCL/part-065524_361486-026022.parquet,real_data_sample\l2_unseen_validation\trade_date=2026-07-17\exchange=NSE\symbol=BPCL\part-065524_361486-026022.parquet,34444,downloaded,34444,
2026-07-17,NSE,BPCL,raw_l2/trade_date=2026-07-17/exchange=NSE/symbol=BPCL/part-065249_942570-025670.parquet,real_data_sample\l2_unseen_validation\trade_date=2026-07-17\exchange=NSE\symbol=BPCL\part-065249_942570-025670.parquet,34745,downloaded,34745,
2026-07-17,NSE,BPCL,raw_l2/trade_date=2026-07-17/exchange=NSE/symbol=BPCL/part-065235_870501-025638.parquet,real_data_sample\l2_unseen_validation\trade_date=2026-07-17\exchange=NSE\symbol=BPCL\part-065235_870501-025638.parquet,34973,downloaded,34973,
2026-07-17,NSE,BPCL,raw_l2/trade_date=2026-07-17/exchange=NSE/symbol=BPCL/part-065702_572610-026246.parquet,real_data_sample\l2_unseen_validation\trade_date=2026-07-17\exchange=NSE\symbol=BPCL\part-065702_572610-026246.parquet,34705,downloaded,34705,
2026-07-17,NSE,BPCL,raw_l2/trade_date=2026-07-17/exchange=NSE/symbol=BPCL/part-065648_574905-026214.parquet,real_data_sample\l2_unseen_validation\trade_date=2026-07-17\exchange=NSE\symbol=BPCL\part-065648_574905-026214.parquet,34643,downloaded,34643,
2026-07-17,NSE,BPCL,raw_l2/trade_date=2026-07-17/exchange=NSE/symbol=BPCL/part-065634_542897-026182.parquet,real_data_sample\l2_unseen_validation\trade_date=2026-07-17\exchange=NSE\symbol=BPCL\part-065634_542897-026182.parquet,34436,downloaded,34436,
2026-07-17,NSE,BPCL,raw_l2/trade_date=2026-07-17/exchange=NSE/symbol=BPCL/part-065716_548379-026278.parquet,real_data_sample\l2_unseen_validation\trade_date=2026-07-17\exchange=NSE\symbol=BPCL\part-065716_548379-026278.parquet,34429,downloaded,34429,
2026-07-17,NSE,BPCL,raw_l2/trade_date=2026-07-17/exchange=NSE/symbol=BPCL/part-065730_606479-026310.parquet,real_data_sample\l2_unseen_validation\trade_date=2026-07-17\exchange=NSE\symbol=BPCL\part-065730_606479-026310.parquet,34337,downloaded,34337,
2026-07-17,NSE,BPCL,raw_l2/trade_date=2026-07-17/exchange=NSE/symbol=BPCL/part-065744_597839-026342.parquet,real_data_sample\l2_unseen_validation\trade_date=2026-07-17\exchange=NSE\symbol=BPCL\part-065744_597839-026342.parquet,34729,downloaded,34729,
2026-07-17,NSE,BPCL,raw_l2/trade_date=2026-07-17/exchange=NSE/symbol=BPCL/part-065813_096292-026406.parquet,real_data_sample\l2_unseen_validation\trade_date=2026-07-17\exchange=NSE\symbol=BPCL\part-065813_096292-026406.parquet,34647,downloaded,34647,
2026-07-17,NSE,BPCL,raw_l2/trade_date=2026-07-17/exchange=NSE/symbol=BPCL/part-065758_856279-026374.parquet,real_data_sample\l2_unseen_validation\trade_date=2026-07-17\exchange=NSE\symbol=BPCL\part-065758_856279-026374.parquet,34836,downloaded,34836,
2026-07-17,NSE,BPCL,raw_l2/trade_date=2026-07-17/exchange=NSE/symbol=BPCL/part-065827_348755-026438.parquet,real_data_sample\l2_unseen_validation\trade_date=2026-07-17\exchange=NSE\symbol=BPCL\part-065827_348755-026438.parquet,34467,downloaded,34467,
2026-07-17,NSE,BPCL,raw_l2/trade_date=2026-07-17/exchange=NSE/symbol=BPCL/part-065841_885983-026470.parquet,real_data_sample\l2_unseen_validation\trade_date=2026-07-17\exchange=NSE\symbol=BPCL\part-065841_885983-026470.parquet,34725,downloaded,34725,
2026-07-17,NSE,BPCL,raw_l2/trade_date=2026-07-17/exchange=NSE/symbol=BPCL/part-065910_346013-026534.parquet,real_data_sample\l2_unseen_validation\trade_date=2026-07-17\exchange=NSE\symbol=BPCL\part-065910_346013-026534.parquet,34879,downloaded,34879,
2026-07-17,NSE,BPCL,raw_l2/trade_date=2026-07-17/exchange=NSE/symbol=BPCL/part-065924_602872-026566.parquet,real_data_sample\l2_unseen_validation\trade_date=2026-07-17\exchange=NSE\symbol=BPCL\part-065924_602872-026566.parquet,34758,downloaded,34758,
2026-07-17,NSE,BPCL,raw_l2/trade_date=2026-07-17/exchange=NSE/symbol=BPCL/part-065856_098454-026502.parquet,real_data_sample\l2_unseen_validation\trade_date=2026-07-17\exchange=NSE\symbol=BPCL\part-065856_098454-026502.parquet,34608,downloaded,34608,
2026-07-17,NSE,BPCL,raw_l2/trade_date=2026-07-17/exchange=NSE/symbol=BPCL/part-065954_091465-026630.parquet,real_data_sample\l2_unseen_validation\trade_date=2026-07-17\exchange=NSE\symbol=BPCL\part-065954_091465-026630.parquet,34523,downloaded,34523,
2026-07-17,NSE,BPCL,raw_l2/trade_date=2026-07-17/exchange=NSE/symbol=BPCL/part-065939_463559-026598.parquet,real_data_sample\l2_unseen_validation\trade_date=2026-07-17\exchange=NSE\symbol=BPCL\part-065939_463559-026598.parquet,34608,downloaded,34608,
2026-07-17,NSE,BPCL,raw_l2/trade_date=2026-07-17/exchange=NSE/symbol=BPCL/part-065552_572656-026086.parquet,real_data_sample\l2_unseen_validation\trade_date=2026-07-17\exchange=NSE\symbol=BPCL\part-065552_572656-026086.parquet,34493,downloaded,34493,
2026-07-17,NSE,BPCL,raw_l2/trade_date=2026-07-17/exchange=NSE/symbol=BPCL/part-070348_427943-027142.parquet,real_data_sample\l2_unseen_validation\trade_date=2026-07-17\exchange=NSE\symbol=BPCL\part-070348_427943-027142.parquet,34684,downloaded,34684,
2026-07-17,NSE,BPCL,raw_l2/trade_date=2026-07-17/exchange=NSE/symbol=BPCL/part-070121_640420-026822.parquet,real_data_sample\l2_unseen_validation\trade_date=2026-07-17\exchange=NSE\symbol=BPCL\part-070121_640420-026822.parquet,34461,downloaded,34461,
2026-07-17,NSE,BPCL,raw_l2/trade_date=2026-07-17/exchange=NSE/symbol=BPCL/part-070136_207424-026854.parquet,real_data_sample\l2_unseen_validation\trade_date=2026-07-17\exchange=NSE\symbol=BPCL\part-070136_207424-026854.parquet,34674,downloaded,34674,
2026-07-17,NSE,BPCL,raw_l2/trade_date=2026-07-17/exchange=NSE/symbol=BPCL/part-070205_951641-026918.parquet,real_data_sample\l2_unseen_validation\trade_date=2026-07-17\exchange=NSE\symbol=BPCL\part-070205_951641-026918.parquet,34502,downloaded,34502,
2026-07-17,NSE,BPCL,raw_l2/trade_date=2026-07-17/exchange=NSE/symbol=BPCL/part-070417_164293-027206.parquet,real_data_sample\l2_unseen_validation\trade_date=2026-07-17\exchange=NSE\symbol=BPCL\part-070417_164293-027206.parquet,34705,downloaded,34705,
2026-07-17,NSE,BPCL,raw_l2/trade_date=2026-07-17/exchange=NSE/symbol=BPCL/part-070235_328581-026982.parquet,real_data_sample\l2_unseen_validation\trade_date=2026-07-17\exchange=NSE\symbol=BPCL\part-070235_328581-026982.parquet,34581,downloaded,34581,
2026-07-17,NSE,BPCL,raw_l2/trade_date=2026-07-17/exchange=NSE/symbol=BPCL/part-070402_893545-027174.parquet,real_data_sample\l2_unseen_validation\trade_date=2026-07-17\exchange=NSE\symbol=BPCL\part-070402_893545-027174.parquet,34407,downloaded,34407,
2026-07-17,NSE,BPCL,raw_l2/trade_date=2026-07-17/exchange=NSE/symbol=BPCL/part-070319_658113-027078.parquet,real_data_sample\l2_unseen_validation\trade_date=2026-07-17\exchange=NSE\symbol=BPCL\part-070319_658113-027078.parquet,34507,downloaded,34507,
2026-07-17,NSE,BPCL,raw_l2/trade_date=2026-07-17/exchange=NSE/symbol=BPCL/part-070334_136262-027110.parquet,real_data_sample\l2_unseen_validation\trade_date=2026-07-17\exchange=NSE\symbol=BPCL\part-070334_136262-027110.parquet,34712,downloaded,34712,
2026-07-17,NSE,BPCL,raw_l2/trade_date=2026-07-17/exchange=NSE/symbol=BPCL/part-070431_346580-027238.parquet,real_data_sample\l2_unseen_validation\trade_date=2026-07-17\exchange=NSE\symbol=BPCL\part-070431_346580-027238.parquet,34452,downloaded,34452,
2026-07-17,NSE,BPCL,raw_l2/trade_date=2026-07-17/exchange=NSE/symbol=BPCL/part-070529_085732-027366.parquet,real_data_sample\l2_unseen_validation\trade_date=2026-07-17\exchange=NSE\symbol=BPCL\part-070529_085732-027366.parquet,34697,downloaded,34697,
2026-07-17,NSE,BPCL,raw_l2/trade_date=2026-07-17/exchange=NSE/symbol=BPCL/part-070304_970665-027046.parquet,real_data_sample\l2_unseen_validation\trade_date=2026-07-17\exchange=NSE\symbol=BPCL\part-070304_970665-027046.parquet,34625,downloaded,34625,
2026-07-17,NSE,BPCL,raw_l2/trade_date=2026-07-17/exchange=NSE/symbol=BPCL/part-070220_595710-026950.parquet,real_data_sample\l2_unseen_validation\trade_date=2026-07-17\exchange=NSE\symbol=BPCL\part-070220_595710-026950.parquet,34753,downloaded,34753,
2026-07-17,NSE,BPCL,raw_l2/trade_date=2026-07-17/exchange=NSE/symbol=BPCL/part-070151_474209-026886.parquet,real_data_sample\l2_unseen_validation\trade_date=2026-07-17\exchange=NSE\symbol=BPCL\part-070151_474209-026886.parquet,34981,downloaded,34981,
2026-07-17,NSE,BPCL,raw_l2/trade_date=2026-07-17/exchange=NSE/symbol=BPCL/part-070249_771538-027014.parquet,real_data_sample\l2_unseen_validation\trade_date=2026-07-17\exchange=NSE\symbol=BPCL\part-070249_771538-027014.parquet,34394,downloaded,34394,
2026-07-17,NSE,BPCL,raw_l2/trade_date=2026-07-17/exchange=NSE/symbol=BPCL/part-070543_671219-027398.parquet,real_data_sample\l2_unseen_validation\trade_date=2026-07-17\exchange=NSE\symbol=BPCL\part-070543_671219-027398.parquet,34612,downloaded,34612,
2026-07-17,NSE,BPCL,raw_l2/trade_date=2026-07-17/exchange=NSE/symbol=BPCL/part-070445_560288-027270.parquet,real_data_sample\l2_unseen_validation\trade_date=2026-07-17\exchange=NSE\symbol=BPCL\part-070445_560288-027270.parquet,34607,downloaded,34607,
2026-07-17,NSE,BPCL,raw_l2/trade_date=2026-07-17/exchange=NSE/symbol=BPCL/part-070557_876741-027430.parquet,real_data_sample\l2_unseen_validation\trade_date=2026-07-17\exchange=NSE\symbol=BPCL\part-070557_876741-027430.parquet,34610,downloaded,34610,
2026-07-17,NSE,BPCL,raw_l2/trade_date=2026-07-17/exchange=NSE/symbol=BPCL/part-070008_844116-026662.parquet,real_data_sample\l2_unseen_validation\trade_date=2026-07-17\exchange=NSE\symbol=BPCL\part-070008_844116-026662.parquet,34616,downloaded,34616,
2026-07-17,NSE,BPCL,raw_l2/trade_date=2026-07-17/exchange=NSE/symbol=BPCL/part-070023_359370-026694.parquet,real_data_sample\l2_unseen_validation\trade_date=2026-07-17\exchange=NSE\symbol=BPCL\part-070023_359370-026694.parquet,34443,downloaded,34443,
2026-07-17,NSE,BPCL,raw_l2/trade_date=2026-07-17/exchange=NSE/symbol=BPCL/part-070052_201507-026758.parquet,real_data_sample\l2_unseen_validation\trade_date=2026-07-17\exchange=NSE\symbol=BPCL\part-070052_201507-026758.parquet,34359,downloaded,34359,
2026-07-17,NSE,BPCL,raw_l2/trade_date=2026-07-17/exchange=NSE/symbol=BPCL/part-070514_675921-027334.parquet,real_data_sample\l2_unseen_validation\trade_date=2026-07-17\exchange=NSE\symbol=BPCL\part-070514_675921-027334.parquet,34414,downloaded,34414,
2026-07-17,NSE,BPCL,raw_l2/trade_date=2026-07-17/exchange=NSE/symbol=BPCL/part-070037_613475-026726.parquet,real_data_sample\l2_unseen_validation\trade_date=2026-07-17\exchange=NSE\symbol=BPCL\part-070037_613475-026726.parquet,34647,downloaded,34647,
2026-07-17,NSE,BPCL,raw_l2/trade_date=2026-07-17/exchange=NSE/symbol=BPCL/part-070107_079597-026790.parquet,real_data_sample\l2_unseen_validation\trade_date=2026-07-17\exchange=NSE\symbol=BPCL\part-070107_079597-026790.parquet,34498,downloaded,34498,
2026-07-17,NSE,BPCL,raw_l2/trade_date=2026-07-17/exchange=NSE/symbol=BPCL/part-070500_004756-027302.parquet,real_data_sample\l2_unseen_validation\trade_date=2026-07-17\exchange=NSE\symbol=BPCL\part-070500_004756-027302.parquet,34658,downloaded,34658,
2026-07-17,NSE,BPCL,raw_l2/trade_date=2026-07-17/exchange=NSE/symbol=BPCL/part-070655_378302-027558.parquet,real_data_sample\l2_unseen_validation\trade_date=2026-07-17\exchange=NSE\symbol=BPCL\part-070655_378302-027558.parquet,34660,downloaded,34660,
2026-07-17,NSE,BPCL,raw_l2/trade_date=2026-07-17/exchange=NSE/symbol=BPCL/part-070641_083996-027526.parquet,real_data_sample\l2_unseen_validation\trade_date=2026-07-17\exchange=NSE\symbol=BPCL\part-070641_083996-027526.parquet,34535,downloaded,34535,
2026-07-17,NSE,BPCL,raw_l2/trade_date=2026-07-17/exchange=NSE/symbol=BPCL/part-070626_602498-027494.parquet,real_data_sample\l2_unseen_validation\trade_date=2026-07-17\exchange=NSE\symbol=BPCL\part-070626_602498-027494.parquet,34402,downloaded,34402,
2026-07-17,NSE,BPCL,raw_l2/trade_date=2026-07-17/exchange=NSE/symbol=BPCL/part-070612_335952-027462.parquet,real_data_sample\l2_unseen_validation\trade_date=2026-07-17\exchange=NSE\symbol=BPCL\part-070612_335952-027462.parquet,34952,downloaded,34952,
2026-07-17,NSE,BPCL,raw_l2/trade_date=2026-07-17/exchange=NSE/symbol=BPCL/part-070709_621337-027590.parquet,real_data_sample\l2_unseen_validation\trade_date=2026-07-17\exchange=NSE\symbol=BPCL\part-070709_621337-027590.parquet,34962,downloaded,34962,
2026-07-17,NSE,BPCL,raw_l2/trade_date=2026-07-17/exchange=NSE/symbol=BPCL/part-070738_105374-027654.parquet,real_data_sample\l2_unseen_validation\trade_date=2026-07-17\exchange=NSE\symbol=BPCL\part-070738_105374-027654.parquet,34577,downloaded,34577,
2026-07-17,NSE,BPCL,raw_l2/trade_date=2026-07-17/exchange=NSE/symbol=BPCL/part-070806_311735-027718.parquet,real_data_sample\l2_unseen_validation\trade_date=2026-07-17\exchange=NSE\symbol=BPCL\part-070806_311735-027718.parquet,34557,downloaded,34557,
2026-07-17,NSE,BPCL,raw_l2/trade_date=2026-07-17/exchange=NSE/symbol=BPCL/part-070820_365065-027750.parquet,real_data_sample\l2_unseen_validation\trade_date=2026-07-17\exchange=NSE\symbol=BPCL\part-070820_365065-027750.parquet,34612,downloaded,34612,
2026-07-17,NSE,BPCL,raw_l2/trade_date=2026-07-17/exchange=NSE/symbol=BPCL/part-070752_331357-027686.parquet,real_data_sample\l2_unseen_validation\trade_date=2026-07-17\exchange=NSE\symbol=BPCL\part-070752_331357-027686.parquet,34520,downloaded,34520,
2026-07-17,NSE,BPCL,raw_l2/trade_date=2026-07-17/exchange=NSE/symbol=BPCL/part-070947_108704-027942.parquet,real_data_sample\l2_unseen_validation\trade_date=2026-07-17\exchange=NSE\symbol=BPCL\part-070947_108704-027942.parquet,34436,downloaded,34436,
2026-07-17,NSE,BPCL,raw_l2/trade_date=2026-07-17/exchange=NSE/symbol=BPCL/part-071142_068633-028198.parquet,real_data_sample\l2_unseen_validation\trade_date=2026-07-17\exchange=NSE\symbol=BPCL\part-071142_068633-028198.parquet,34775,downloaded,34775,
2026-07-17,NSE,BPCL,raw_l2/trade_date=2026-07-17/exchange=NSE/symbol=BPCL/part-070834_656381-027782.parquet,real_data_sample\l2_unseen_validation\trade_date=2026-07-17\exchange=NSE\symbol=BPCL\part-070834_656381-027782.parquet,34559,downloaded,34559,
2026-07-17,NSE,BPCL,raw_l2/trade_date=2026-07-17/exchange=NSE/symbol=BPCL/part-071254_442232-028358.parquet,real_data_sample\l2_unseen_validation\trade_date=2026-07-17\exchange=NSE\symbol=BPCL\part-071254_442232-028358.parquet,34851,downloaded,34851,
2026-07-17,NSE,BPCL,raw_l2/trade_date=2026-07-17/exchange=NSE/symbol=BPCL/part-070849_127348-027814.parquet,real_data_sample\l2_unseen_validation\trade_date=2026-07-17\exchange=NSE\symbol=BPCL\part-070849_127348-027814.parquet,34695,downloaded,34695,
2026-07-17,NSE,BPCL,raw_l2/trade_date=2026-07-17/exchange=NSE/symbol=BPCL/part-071225_654217-028294.parquet,real_data_sample\l2_unseen_validation\trade_date=2026-07-17\exchange=NSE\symbol=BPCL\part-071225_654217-028294.parquet,34472,downloaded,34472,
2026-07-17,NSE,BPCL,raw_l2/trade_date=2026-07-17/exchange=NSE/symbol=BPCL/part-071420_162485-028550.parquet,real_data_sample\l2_unseen_validation\trade_date=2026-07-17\exchange=NSE\symbol=BPCL\part-071420_162485-028550.parquet,34710,downloaded,34710,
2026-07-17,NSE,BPCL,raw_l2/trade_date=2026-07-17/exchange=NSE/symbol=BPCL/part-070932_444569-027910.parquet,real_data_sample\l2_unseen_validation\trade_date=2026-07-17\exchange=NSE\symbol=BPCL\part-070932_444569-027910.parquet,34378,downloaded,34378,
2026-07-17,NSE,BPCL,raw_l2/trade_date=2026-07-17/exchange=NSE/symbol=BPCL/part-071112_911359-028134.parquet,real_data_sample\l2_unseen_validation\trade_date=2026-07-17\exchange=NSE\symbol=BPCL\part-071112_911359-028134.parquet,34642,downloaded,34642,
2026-07-17,NSE,BPCL,raw_l2/trade_date=2026-07-17/exchange=NSE/symbol=BPCL/part-071043_664128-028070.parquet,real_data_sample\l2_unseen_validation\trade_date=2026-07-17\exchange=NSE\symbol=BPCL\part-071043_664128-028070.parquet,34623,downloaded,34623,
2026-07-17,NSE,BPCL,raw_l2/trade_date=2026-07-17/exchange=NSE/symbol=BPCL/part-071337_091026-028454.parquet,real_data_sample\l2_unseen_validation\trade_date=2026-07-17\exchange=NSE\symbol=BPCL\part-071337_091026-028454.parquet,34671,downloaded,34671,
2026-07-17,NSE,BPCL,raw_l2/trade_date=2026-07-17/exchange=NSE/symbol=BPCL/part-071322_945322-028422.parquet,real_data_sample\l2_unseen_validation\trade_date=2026-07-17\exchange=NSE\symbol=BPCL\part-071322_945322-028422.parquet,34703,downloaded,34703,
2026-07-17,NSE,BPCL,raw_l2/trade_date=2026-07-17/exchange=NSE/symbol=BPCL/part-071058_408103-028102.parquet,real_data_sample\l2_unseen_validation\trade_date=2026-07-17\exchange=NSE\symbol=BPCL\part-071058_408103-028102.parquet,34627,downloaded,34627,
2026-07-17,NSE,BPCL,raw_l2/trade_date=2026-07-17/exchange=NSE/symbol=BPCL/part-071351_659260-028486.parquet,real_data_sample\l2_unseen_validation\trade_date=2026-07-17\exchange=NSE\symbol=BPCL\part-071351_659260-028486.parquet,34595,downloaded,34595,
2026-07-17,NSE,BPCL,raw_l2/trade_date=2026-07-17/exchange=NSE/symbol=BPCL/part-071127_377561-028166.parquet,real_data_sample\l2_unseen_validation\trade_date=2026-07-17\exchange=NSE\symbol=BPCL\part-071127_377561-028166.parquet,34648,downloaded,34648,
2026-07-17,NSE,BPCL,raw_l2/trade_date=2026-07-17/exchange=NSE/symbol=BPCL/part-071405_853673-028518.parquet,real_data_sample\l2_unseen_validation\trade_date=2026-07-17\exchange=NSE\symbol=BPCL\part-071405_853673-028518.parquet,34755,downloaded,34755,
2026-07-17,NSE,BPCL,raw_l2/trade_date=2026-07-17/exchange=NSE/symbol=BPCL/part-070903_405491-027846.parquet,real_data_sample\l2_unseen_validation\trade_date=2026-07-17\exchange=NSE\symbol=BPCL\part-070903_405491-027846.parquet,34627,downloaded,34627,
2026-07-17,NSE,BPCL,raw_l2/trade_date=2026-07-17/exchange=NSE/symbol=BPCL/part-070917_848850-027878.parquet,real_data_sample\l2_unseen_validation\trade_date=2026-07-17\exchange=NSE\symbol=BPCL\part-070917_848850-027878.parquet,34821,downloaded,34821,
2026-07-17,NSE,BPCL,raw_l2/trade_date=2026-07-17/exchange=NSE/symbol=BPCL/part-070723_880864-027622.parquet,real_data_sample\l2_unseen_validation\trade_date=2026-07-17\exchange=NSE\symbol=BPCL\part-070723_880864-027622.parquet,34442,downloaded,34442,
2026-07-17,NSE,BPCL,raw_l2/trade_date=2026-07-17/exchange=NSE/symbol=BPCL/part-071029_614933-028038.parquet,real_data_sample\l2_unseen_validation\trade_date=2026-07-17\exchange=NSE\symbol=BPCL\part-071029_614933-028038.parquet,34613,downloaded,34613,
2026-07-17,NSE,BPCL,raw_l2/trade_date=2026-07-17/exchange=NSE/symbol=BPCL/part-071001_348982-027974.parquet,real_data_sample\l2_unseen_validation\trade_date=2026-07-17\exchange=NSE\symbol=BPCL\part-071001_348982-027974.parquet,34764,downloaded,34764,
2026-07-17,NSE,BPCL,raw_l2/trade_date=2026-07-17/exchange=NSE/symbol=BPCL/part-071156_636558-028230.parquet,real_data_sample\l2_unseen_validation\trade_date=2026-07-17\exchange=NSE\symbol=BPCL\part-071156_636558-028230.parquet,34604,downloaded,34604,
2026-07-17,NSE,BPCL,raw_l2/trade_date=2026-07-17/exchange=NSE/symbol=BPCL/part-071308_599414-028390.parquet,real_data_sample\l2_unseen_validation\trade_date=2026-07-17\exchange=NSE\symbol=BPCL\part-071308_599414-028390.parquet,34421,downloaded,34421,
2026-07-17,NSE,BPCL,raw_l2/trade_date=2026-07-17/exchange=NSE/symbol=BPCL/part-071211_110419-028262.parquet,real_data_sample\l2_unseen_validation\trade_date=2026-07-17\exchange=NSE\symbol=BPCL\part-071211_110419-028262.parquet,34782,downloaded,34782,
2026-07-17,NSE,BPCL,raw_l2/trade_date=2026-07-17/exchange=NSE/symbol=BPCL/part-071240_126419-028326.parquet,real_data_sample\l2_unseen_validation\trade_date=2026-07-17\exchange=NSE\symbol=BPCL\part-071240_126419-028326.parquet,34400,downloaded,34400,
2026-07-17,NSE,BPCL,raw_l2/trade_date=2026-07-17/exchange=NSE/symbol=BPCL/part-071434_374592-028582.parquet,real_data_sample\l2_unseen_validation\trade_date=2026-07-17\exchange=NSE\symbol=BPCL\part-071434_374592-028582.parquet,34320,downloaded,34320,
2026-07-17,NSE,BPCL,raw_l2/trade_date=2026-07-17/exchange=NSE/symbol=BPCL/part-071015_591358-028006.parquet,real_data_sample\l2_unseen_validation\trade_date=2026-07-17\exchange=NSE\symbol=BPCL\part-071015_591358-028006.parquet,34578,downloaded,34578,
2026-07-17,NSE,BPCL,raw_l2/trade_date=2026-07-17/exchange=NSE/symbol=BPCL/part-071503_168128-028646.parquet,real_data_sample\l2_unseen_validation\trade_date=2026-07-17\exchange=NSE\symbol=BPCL\part-071503_168128-028646.parquet,34476,downloaded,34476,
2026-07-17,NSE,BPCL,raw_l2/trade_date=2026-07-17/exchange=NSE/symbol=BPCL/part-071448_714809-028614.parquet,real_data_sample\l2_unseen_validation\trade_date=2026-07-17\exchange=NSE\symbol=BPCL\part-071448_714809-028614.parquet,34574,downloaded,34574,
2026-07-17,NSE,BPCL,raw_l2/trade_date=2026-07-17/exchange=NSE/symbol=BPCL/part-071517_645038-028678.parquet,real_data_sample\l2_unseen_validation\trade_date=2026-07-17\exchange=NSE\symbol=BPCL\part-071517_645038-028678.parquet,34772,downloaded,34772,
2026-07-17,NSE,BPCL,raw_l2/trade_date=2026-07-17/exchange=NSE/symbol=BPCL/part-071531_864748-028710.parquet,real_data_sample\l2_unseen_validation\trade_date=2026-07-17\exchange=NSE\symbol=BPCL\part-071531_864748-028710.parquet,34429,downloaded,34429,
2026-07-17,NSE,BPCL,raw_l2/trade_date=2026-07-17/exchange=NSE/symbol=BPCL/part-071546_353388-028742.parquet,real_data_sample\l2_unseen_validation\trade_date=2026-07-17\exchange=NSE\symbol=BPCL\part-071546_353388-028742.parquet,34718,downloaded,34718,
2026-07-17,NSE,BPCL,raw_l2/trade_date=2026-07-17/exchange=NSE/symbol=BPCL/part-071600_847161-028774.parquet,real_data_sample\l2_unseen_validation\trade_date=2026-07-17\exchange=NSE\symbol=BPCL\part-071600_847161-028774.parquet,34401,downloaded,34401,
2026-07-17,NSE,BPCL,raw_l2/trade_date=2026-07-17/exchange=NSE/symbol=BPCL/part-071615_109631-028806.parquet,real_data_sample\l2_unseen_validation\trade_date=2026-07-17\exchange=NSE\symbol=BPCL\part-071615_109631-028806.parquet,34640,downloaded,34640,
2026-07-17,NSE,BPCL,raw_l2/trade_date=2026-07-17/exchange=NSE/symbol=BPCL/part-071629_392839-028838.parquet,real_data_sample\l2_unseen_validation\trade_date=2026-07-17\exchange=NSE\symbol=BPCL\part-071629_392839-028838.parquet,34353,downloaded,34353,
2026-07-17,NSE,BPCL,raw_l2/trade_date=2026-07-17/exchange=NSE/symbol=BPCL/part-071657_821274-028902.parquet,real_data_sample\l2_unseen_validation\trade_date=2026-07-17\exchange=NSE\symbol=BPCL\part-071657_821274-028902.parquet,34910,downloaded,34910,
2026-07-17,NSE,BPCL,raw_l2/trade_date=2026-07-17/exchange=NSE/symbol=BPCL/part-071711_854237-028934.parquet,real_data_sample\l2_unseen_validation\trade_date=2026-07-17\exchange=NSE\symbol=BPCL\part-071711_854237-028934.parquet,34754,downloaded,34754,
2026-07-17,NSE,BPCL,raw_l2/trade_date=2026-07-17/exchange=NSE/symbol=BPCL/part-071643_578846-028870.parquet,real_data_sample\l2_unseen_validation\trade_date=2026-07-17\exchange=NSE\symbol=BPCL\part-071643_578846-028870.parquet,34451,downloaded,34451,
2026-07-17,NSE,BPCL,raw_l2/trade_date=2026-07-17/exchange=NSE/symbol=BPCL/part-072227_069974-029638.parquet,real_data_sample\l2_unseen_validation\trade_date=2026-07-17\exchange=NSE\symbol=BPCL\part-072227_069974-029638.parquet,34421,downloaded,34421,
2026-07-17,NSE,BPCL,raw_l2/trade_date=2026-07-17/exchange=NSE/symbol=BPCL/part-071907_592821-029190.parquet,real_data_sample\l2_unseen_validation\trade_date=2026-07-17\exchange=NSE\symbol=BPCL\part-071907_592821-029190.parquet,35012,downloaded,35012,
2026-07-17,NSE,BPCL,raw_l2/trade_date=2026-07-17/exchange=NSE/symbol=BPCL/part-072309_886287-029734.parquet,real_data_sample\l2_unseen_validation\trade_date=2026-07-17\exchange=NSE\symbol=BPCL\part-072309_886287-029734.parquet,34651,downloaded,34651,
2026-07-17,NSE,BPCL,raw_l2/trade_date=2026-07-17/exchange=NSE/symbol=BPCL/part-072047_376316-029414.parquet,real_data_sample\l2_unseen_validation\trade_date=2026-07-17\exchange=NSE\symbol=BPCL\part-072047_376316-029414.parquet,34662,downloaded,34662,
2026-07-17,NSE,BPCL,raw_l2/trade_date=2026-07-17/exchange=NSE/symbol=BPCL/part-072158_132403-029574.parquet,real_data_sample\l2_unseen_validation\trade_date=2026-07-17\exchange=NSE\symbol=BPCL\part-072158_132403-029574.parquet,34703,downloaded,34703,
2026-07-17,NSE,BPCL,raw_l2/trade_date=2026-07-17/exchange=NSE/symbol=BPCL/part-071726_059073-028966.parquet,real_data_sample\l2_unseen_validation\trade_date=2026-07-17\exchange=NSE\symbol=BPCL\part-071726_059073-028966.parquet,34746,downloaded,34746,
2026-07-17,NSE,BPCL,raw_l2/trade_date=2026-07-17/exchange=NSE/symbol=BPCL/part-071823_346005-029094.parquet,real_data_sample\l2_unseen_validation\trade_date=2026-07-17\exchange=NSE\symbol=BPCL\part-071823_346005-029094.parquet,34566,downloaded,34566,
2026-07-17,NSE,BPCL,raw_l2/trade_date=2026-07-17/exchange=NSE/symbol=BPCL/part-072213_097665-029606.parquet,real_data_sample\l2_unseen_validation\trade_date=2026-07-17\exchange=NSE\symbol=BPCL\part-072213_097665-029606.parquet,34564,downloaded,34564,
2026-07-17,NSE,BPCL,raw_l2/trade_date=2026-07-17/exchange=NSE/symbol=BPCL/part-072338_605985-029798.parquet,real_data_sample\l2_unseen_validation\trade_date=2026-07-17\exchange=NSE\symbol=BPCL\part-072338_605985-029798.parquet,34816,downloaded,34816,
2026-07-17,NSE,BPCL,raw_l2/trade_date=2026-07-17/exchange=NSE/symbol=BPCL/part-072115_853576-029478.parquet,real_data_sample\l2_unseen_validation\trade_date=2026-07-17\exchange=NSE\symbol=BPCL\part-072115_853576-029478.parquet,34540,downloaded,34540,
2026-07-17,NSE,BPCL,raw_l2/trade_date=2026-07-17/exchange=NSE/symbol=BPCL/part-071921_708523-029222.parquet,real_data_sample\l2_unseen_validation\trade_date=2026-07-17\exchange=NSE\symbol=BPCL\part-071921_708523-029222.parquet,34824,downloaded,34824,
2026-07-17,NSE,BPCL,raw_l2/trade_date=2026-07-17/exchange=NSE/symbol=BPCL/part-072129_924141-029510.parquet,real_data_sample\l2_unseen_validation\trade_date=2026-07-17\exchange=NSE\symbol=BPCL\part-072129_924141-029510.parquet,34595,downloaded,34595,
2026-07-17,NSE,BPCL,raw_l2/trade_date=2026-07-17/exchange=NSE/symbol=BPCL/part-072033_138608-029382.parquet,real_data_sample\l2_unseen_validation\trade_date=2026-07-17\exchange=NSE\symbol=BPCL\part-072033_138608-029382.parquet,34510,downloaded,34510,
2026-07-17,NSE,BPCL,raw_l2/trade_date=2026-07-17/exchange=NSE/symbol=BPCL/part-071936_101730-029254.parquet,real_data_sample\l2_unseen_validation\trade_date=2026-07-17\exchange=NSE\symbol=BPCL\part-071936_101730-029254.parquet,34622,downloaded,34622,
2026-07-17,NSE,BPCL,raw_l2/trade_date=2026-07-17/exchange=NSE/symbol=BPCL/part-072144_078313-029542.parquet,real_data_sample\l2_unseen_validation\trade_date=2026-07-17\exchange=NSE\symbol=BPCL\part-072144_078313-029542.parquet,34580,downloaded,34580,
2026-07-17,NSE,BPCL,raw_l2/trade_date=2026-07-17/exchange=NSE/symbol=BPCL/part-071754_595321-029030.parquet,real_data_sample\l2_unseen_validation\trade_date=2026-07-17\exchange=NSE\symbol=BPCL\part-071754_595321-029030.parquet,34659,downloaded,34659,
2026-07-17,NSE,BPCL,raw_l2/trade_date=2026-07-17/exchange=NSE/symbol=BPCL/part-072407_137478-029862.parquet,real_data_sample\l2_unseen_validation\trade_date=2026-07-17\exchange=NSE\symbol=BPCL\part-072407_137478-029862.parquet,34582,downloaded,34582,
2026-07-17,NSE,BPCL,raw_l2/trade_date=2026-07-17/exchange=NSE/symbol=BPCL/part-071852_634364-029158.parquet,real_data_sample\l2_unseen_validation\trade_date=2026-07-17\exchange=NSE\symbol=BPCL\part-071852_634364-029158.parquet,34625,downloaded,34625,
2026-07-17,NSE,BPCL,raw_l2/trade_date=2026-07-17/exchange=NSE/symbol=BPCL/part-072004_416601-029318.parquet,real_data_sample\l2_unseen_validation\trade_date=2026-07-17\exchange=NSE\symbol=BPCL\part-072004_416601-029318.parquet,34664,downloaded,34664,
2026-07-17,NSE,BPCL,raw_l2/trade_date=2026-07-17/exchange=NSE/symbol=BPCL/part-071740_349626-028998.parquet,real_data_sample\l2_unseen_validation\trade_date=2026-07-17\exchange=NSE\symbol=BPCL\part-071740_349626-028998.parquet,34351,downloaded,34351,
2026-07-17,NSE,BPCL,raw_l2/trade_date=2026-07-17/exchange=NSE/symbol=BPCL/part-072241_422221-029670.parquet,real_data_sample\l2_unseen_validation\trade_date=2026-07-17\exchange=NSE\symbol=BPCL\part-072241_422221-029670.parquet,34609,downloaded,34609,
2026-07-17,NSE,BPCL,raw_l2/trade_date=2026-07-17/exchange=NSE/symbol=BPCL/part-071837_660776-029126.parquet,real_data_sample\l2_unseen_validation\trade_date=2026-07-17\exchange=NSE\symbol=BPCL\part-071837_660776-029126.parquet,34736,downloaded,34736,
2026-07-17,NSE,BPCL,raw_l2/trade_date=2026-07-17/exchange=NSE/symbol=BPCL/part-072435_609240-029926.parquet,real_data_sample\l2_unseen_validation\trade_date=2026-07-17\exchange=NSE\symbol=BPCL\part-072435_609240-029926.parquet,34596,downloaded,34596,
2026-07-17,NSE,BPCL,raw_l2/trade_date=2026-07-17/exchange=NSE/symbol=BPCL/part-072421_346173-029894.parquet,real_data_sample\l2_unseen_validation\trade_date=2026-07-17\exchange=NSE\symbol=BPCL\part-072421_346173-029894.parquet,34710,downloaded,34710,
2026-07-17,NSE,BPCL,raw_l2/trade_date=2026-07-17/exchange=NSE/symbol=BPCL/part-072352_882110-029830.parquet,real_data_sample\l2_unseen_validation\trade_date=2026-07-17\exchange=NSE\symbol=BPCL\part-072352_882110-029830.parquet,34740,downloaded,34740,
2026-07-17,NSE,BPCL,raw_l2/trade_date=2026-07-17/exchange=NSE/symbol=BPCL/part-072101_629426-029446.parquet,real_data_sample\l2_unseen_validation\trade_date=2026-07-17\exchange=NSE\symbol=BPCL\part-072101_629426-029446.parquet,34617,downloaded,34617,
2026-07-17,NSE,BPCL,raw_l2/trade_date=2026-07-17/exchange=NSE/symbol=BPCL/part-071950_341608-029286.parquet,real_data_sample\l2_unseen_validation\trade_date=2026-07-17\exchange=NSE\symbol=BPCL\part-071950_341608-029286.parquet,34756,downloaded,34756,
2026-07-17,NSE,BPCL,raw_l2/trade_date=2026-07-17/exchange=NSE/symbol=BPCL/part-071808_885208-029062.parquet,real_data_sample\l2_unseen_validation\trade_date=2026-07-17\exchange=NSE\symbol=BPCL\part-071808_885208-029062.parquet,34960,downloaded,34960,
2026-07-17,NSE,BPCL,raw_l2/trade_date=2026-07-17/exchange=NSE/symbol=BPCL/part-072255_612900-029702.parquet,real_data_sample\l2_unseen_validation\trade_date=2026-07-17\exchange=NSE\symbol=BPCL\part-072255_612900-029702.parquet,34670,downloaded,34670,
2026-07-17,NSE,BPCL,raw_l2/trade_date=2026-07-17/exchange=NSE/symbol=BPCL/part-072018_838678-029350.parquet,real_data_sample\l2_unseen_validation\trade_date=2026-07-17\exchange=NSE\symbol=BPCL\part-072018_838678-029350.parquet,34482,downloaded,34482,
2026-07-17,NSE,BPCL,raw_l2/trade_date=2026-07-17/exchange=NSE/symbol=BPCL/part-072324_122366-029766.parquet,real_data_sample\l2_unseen_validation\trade_date=2026-07-17\exchange=NSE\symbol=BPCL\part-072324_122366-029766.parquet,34799,downloaded,34799,
2026-07-17,NSE,BPCL,raw_l2/trade_date=2026-07-17/exchange=NSE/symbol=BPCL/part-072532_847730-030054.parquet,real_data_sample\l2_unseen_validation\trade_date=2026-07-17\exchange=NSE\symbol=BPCL\part-072532_847730-030054.parquet,34752,downloaded,34752,
2026-07-17,NSE,BPCL,raw_l2/trade_date=2026-07-17/exchange=NSE/symbol=BPCL/part-072504_556086-029990.parquet,real_data_sample\l2_unseen_validation\trade_date=2026-07-17\exchange=NSE\symbol=BPCL\part-072504_556086-029990.parquet,34585,downloaded,34585,
2026-07-17,NSE,BPCL,raw_l2/trade_date=2026-07-17/exchange=NSE/symbol=BPCL/part-072449_896320-029958.parquet,real_data_sample\l2_unseen_validation\trade_date=2026-07-17\exchange=NSE\symbol=BPCL\part-072449_896320-029958.parquet,34637,downloaded,34637,
2026-07-17,NSE,BPCL,raw_l2/trade_date=2026-07-17/exchange=NSE/symbol=BPCL/part-072547_121744-030086.parquet,real_data_sample\l2_unseen_validation\trade_date=2026-07-17\exchange=NSE\symbol=BPCL\part-072547_121744-030086.parquet,34662,downloaded,34662,
2026-07-17,NSE,BPCL,raw_l2/trade_date=2026-07-17/exchange=NSE/symbol=BPCL/part-072518_587316-030022.parquet,real_data_sample\l2_unseen_validation\trade_date=2026-07-17\exchange=NSE\symbol=BPCL\part-072518_587316-030022.parquet,34472,downloaded,34472,
2026-07-17,NSE,BPCL,raw_l2/trade_date=2026-07-17/exchange=NSE/symbol=BPCL/part-072601_079690-030118.parquet,real_data_sample\l2_unseen_validation\trade_date=2026-07-17\exchange=NSE\symbol=BPCL\part-072601_079690-030118.parquet,34612,downloaded,34612,
2026-07-17,NSE,BPCL,raw_l2/trade_date=2026-07-17/exchange=NSE/symbol=BPCL/part-072615_299893-030150.parquet,real_data_sample\l2_unseen_validation\trade_date=2026-07-17\exchange=NSE\symbol=BPCL\part-072615_299893-030150.parquet,34489,downloaded,34489,
2026-07-17,NSE,BPCL,raw_l2/trade_date=2026-07-17/exchange=NSE/symbol=BPCL/part-072629_411061-030182.parquet,real_data_sample\l2_unseen_validation\trade_date=2026-07-17\exchange=NSE\symbol=BPCL\part-072629_411061-030182.parquet,34742,downloaded,34742,
2026-07-17,NSE,BPCL,raw_l2/trade_date=2026-07-17/exchange=NSE/symbol=BPCL/part-072939_192863-030598.parquet,real_data_sample\l2_unseen_validation\trade_date=2026-07-17\exchange=NSE\symbol=BPCL\part-072939_192863-030598.parquet,34599,downloaded,34599,
2026-07-17,NSE,BPCL,raw_l2/trade_date=2026-07-17/exchange=NSE/symbol=BPCL/part-073008_089714-030662.parquet,real_data_sample\l2_unseen_validation\trade_date=2026-07-17\exchange=NSE\symbol=BPCL\part-073008_089714-030662.parquet,34538,downloaded,34538,
2026-07-17,NSE,BPCL,raw_l2/trade_date=2026-07-17/exchange=NSE/symbol=BPCL/part-073022_375324-030694.parquet,real_data_sample\l2_unseen_validation\trade_date=2026-07-17\exchange=NSE\symbol=BPCL\part-073022_375324-030694.parquet,34607,downloaded,34607,
2026-07-17,NSE,BPCL,raw_l2/trade_date=2026-07-17/exchange=NSE/symbol=BPCL/part-073036_597629-030726.parquet,real_data_sample\l2_unseen_validation\trade_date=2026-07-17\exchange=NSE\symbol=BPCL\part-073036_597629-030726.parquet,34493,downloaded,34493,
2026-07-17,NSE,BPCL,raw_l2/trade_date=2026-07-17/exchange=NSE/symbol=BPCL/part-072924_444962-030566.parquet,real_data_sample\l2_unseen_validation\trade_date=2026-07-17\exchange=NSE\symbol=BPCL\part-072924_444962-030566.parquet,34804,downloaded,34804,
2026-07-17,NSE,BPCL,raw_l2/trade_date=2026-07-17/exchange=NSE/symbol=BPCL/part-072712_586906-030278.parquet,real_data_sample\l2_unseen_validation\trade_date=2026-07-17\exchange=NSE\symbol=BPCL\part-072712_586906-030278.parquet,34668,downloaded,34668,
2026-07-17,NSE,BPCL,raw_l2/trade_date=2026-07-17/exchange=NSE/symbol=BPCL/part-072658_110413-030246.parquet,real_data_sample\l2_unseen_validation\trade_date=2026-07-17\exchange=NSE\symbol=BPCL\part-072658_110413-030246.parquet,34671,downloaded,34671,
2026-07-17,NSE,BPCL,raw_l2/trade_date=2026-07-17/exchange=NSE/symbol=BPCL/part-072953_605069-030630.parquet,real_data_sample\l2_unseen_validation\trade_date=2026-07-17\exchange=NSE\symbol=BPCL\part-072953_605069-030630.parquet,34577,downloaded,34577,
2026-07-17,NSE,BPCL,raw_l2/trade_date=2026-07-17/exchange=NSE/symbol=BPCL/part-072855_113975-030502.parquet,real_data_sample\l2_unseen_validation\trade_date=2026-07-17\exchange=NSE\symbol=BPCL\part-072855_113975-030502.parquet,34868,downloaded,34868,
2026-07-17,NSE,BPCL,raw_l2/trade_date=2026-07-17/exchange=NSE/symbol=BPCL/part-072840_269942-030470.parquet,real_data_sample\l2_unseen_validation\trade_date=2026-07-17\exchange=NSE\symbol=BPCL\part-072840_269942-030470.parquet,34595,downloaded,34595,
2026-07-17,NSE,BPCL,raw_l2/trade_date=2026-07-17/exchange=NSE/symbol=BPCL/part-072909_712977-030534.parquet,real_data_sample\l2_unseen_validation\trade_date=2026-07-17\exchange=NSE\symbol=BPCL\part-072909_712977-030534.parquet,34735,downloaded,34735,
2026-07-17,NSE,BPCL,raw_l2/trade_date=2026-07-17/exchange=NSE/symbol=BPCL/part-072824_833503-030438.parquet,real_data_sample\l2_unseen_validation\trade_date=2026-07-17\exchange=NSE\symbol=BPCL\part-072824_833503-030438.parquet,34619,downloaded,34619,
2026-07-17,NSE,BPCL,raw_l2/trade_date=2026-07-17/exchange=NSE/symbol=BPCL/part-072741_438799-030342.parquet,real_data_sample\l2_unseen_validation\trade_date=2026-07-17\exchange=NSE\symbol=BPCL\part-072741_438799-030342.parquet,34544,downloaded,34544,
2026-07-17,NSE,BPCL,raw_l2/trade_date=2026-07-17/exchange=NSE/symbol=BPCL/part-072727_149063-030310.parquet,real_data_sample\l2_unseen_validation\trade_date=2026-07-17\exchange=NSE\symbol=BPCL\part-072727_149063-030310.parquet,34683,downloaded,34683,
2026-07-17,NSE,BPCL,raw_l2/trade_date=2026-07-17/exchange=NSE/symbol=BPCL/part-072755_820571-030374.parquet,real_data_sample\l2_unseen_validation\trade_date=2026-07-17\exchange=NSE\symbol=BPCL\part-072755_820571-030374.parquet,34485,downloaded,34485,
2026-07-17,NSE,BPCL,raw_l2/trade_date=2026-07-17/exchange=NSE/symbol=BPCL/part-072810_388394-030406.parquet,real_data_sample\l2_unseen_validation\trade_date=2026-07-17\exchange=NSE\symbol=BPCL\part-072810_388394-030406.parquet,34414,downloaded,34414,
2026-07-17,NSE,BPCL,raw_l2/trade_date=2026-07-17/exchange=NSE/symbol=BPCL/part-072644_073576-030214.parquet,real_data_sample\l2_unseen_validation\trade_date=2026-07-17\exchange=NSE\symbol=BPCL\part-072644_073576-030214.parquet,34655,downloaded,34655,
2026-07-17,NSE,BPCL,raw_l2/trade_date=2026-07-17/exchange=NSE/symbol=BPCL/part-073148_376505-030886.parquet,real_data_sample\l2_unseen_validation\trade_date=2026-07-17\exchange=NSE\symbol=BPCL\part-073148_376505-030886.parquet,34458,downloaded,34458,
2026-07-17,NSE,BPCL,raw_l2/trade_date=2026-07-17/exchange=NSE/symbol=BPCL/part-073202_619688-030918.parquet,real_data_sample\l2_unseen_validation\trade_date=2026-07-17\exchange=NSE\symbol=BPCL\part-073202_619688-030918.parquet,34721,downloaded,34721,
2026-07-17,NSE,BPCL,raw_l2/trade_date=2026-07-17/exchange=NSE/symbol=BPCL/part-073119_843238-030822.parquet,real_data_sample\l2_unseen_validation\trade_date=2026-07-17\exchange=NSE\symbol=BPCL\part-073119_843238-030822.parquet,34847,downloaded,34847,
2026-07-17,NSE,BPCL,raw_l2/trade_date=2026-07-17/exchange=NSE/symbol=BPCL/part-073133_853293-030854.parquet,real_data_sample\l2_unseen_validation\trade_date=2026-07-17\exchange=NSE\symbol=BPCL\part-073133_853293-030854.parquet,34656,downloaded,34656,
2026-07-17,NSE,BPCL,raw_l2/trade_date=2026-07-17/exchange=NSE/symbol=BPCL/part-073050_897110-030758.parquet,real_data_sample\l2_unseen_validation\trade_date=2026-07-17\exchange=NSE\symbol=BPCL\part-073050_897110-030758.parquet,34443,downloaded,34443,
2026-07-17,NSE,BPCL,raw_l2/trade_date=2026-07-17/exchange=NSE/symbol=BPCL/part-065538_585019-026054.parquet,real_data_sample\l2_unseen_validation\trade_date=2026-07-17\exchange=NSE\symbol=BPCL\part-065538_585019-026054.parquet,34628,downloaded,34628,
2026-07-17,NSE,BPCL,raw_l2/trade_date=2026-07-17/exchange=NSE/symbol=BPCL/part-073105_457252-030790.parquet,real_data_sample\l2_unseen_validation\trade_date=2026-07-17\exchange=NSE\symbol=BPCL\part-073105_457252-030790.parquet,34601,downloaded,34601,
2026-07-17,NSE,BPCL,raw_l2/trade_date=2026-07-17/exchange=NSE/symbol=BPCL/part-073216_824927-030950.parquet,real_data_sample\l2_unseen_validation\trade_date=2026-07-17\exchange=NSE\symbol=BPCL\part-073216_824927-030950.parquet,34668,downloaded,34668,
2026-07-17,NSE,BPCL,raw_l2/trade_date=2026-07-17/exchange=NSE/symbol=BPCL/part-073245_109559-031014.parquet,real_data_sample\l2_unseen_validation\trade_date=2026-07-17\exchange=NSE\symbol=BPCL\part-073245_109559-031014.parquet,34739,downloaded,34739,
2026-07-17,NSE,BPCL,raw_l2/trade_date=2026-07-17/exchange=NSE/symbol=BPCL/part-073313_647260-031078.parquet,real_data_sample\l2_unseen_validation\trade_date=2026-07-17\exchange=NSE\symbol=BPCL\part-073313_647260-031078.parquet,34575,downloaded,34575,
2026-07-17,NSE,BPCL,raw_l2/trade_date=2026-07-17/exchange=NSE/symbol=BPCL/part-073259_382479-031046.parquet,real_data_sample\l2_unseen_validation\trade_date=2026-07-17\exchange=NSE\symbol=BPCL\part-073259_382479-031046.parquet,34491,downloaded,34491,
2026-07-17,NSE,BPCL,raw_l2/trade_date=2026-07-17/exchange=NSE/symbol=BPCL/part-073230_890829-030982.parquet,real_data_sample\l2_unseen_validation\trade_date=2026-07-17\exchange=NSE\symbol=BPCL\part-073230_890829-030982.parquet,34680,downloaded,34680,
2026-07-17,NSE,BPCL,raw_l2/trade_date=2026-07-17/exchange=NSE/symbol=BPCL/part-073327_860194-031110.parquet,real_data_sample\l2_unseen_validation\trade_date=2026-07-17\exchange=NSE\symbol=BPCL\part-073327_860194-031110.parquet,34892,downloaded,34892,
2026-07-17,NSE,BPCL,raw_l2/trade_date=2026-07-17/exchange=NSE/symbol=BPCL/part-073453_591408-031302.parquet,real_data_sample\l2_unseen_validation\trade_date=2026-07-17\exchange=NSE\symbol=BPCL\part-073453_591408-031302.parquet,34614,downloaded,34614,
2026-07-17,NSE,BPCL,raw_l2/trade_date=2026-07-17/exchange=NSE/symbol=BPCL/part-073521_827189-031366.parquet,real_data_sample\l2_unseen_validation\trade_date=2026-07-17\exchange=NSE\symbol=BPCL\part-073521_827189-031366.parquet,34529,downloaded,34529,
2026-07-17,NSE,BPCL,raw_l2/trade_date=2026-07-17/exchange=NSE/symbol=BPCL/part-073342_346217-031142.parquet,real_data_sample\l2_unseen_validation\trade_date=2026-07-17\exchange=NSE\symbol=BPCL\part-073342_346217-031142.parquet,34753,downloaded,34753,
2026-07-17,NSE,BPCL,raw_l2/trade_date=2026-07-17/exchange=NSE/symbol=BPCL/part-073439_184645-031270.parquet,real_data_sample\l2_unseen_validation\trade_date=2026-07-17\exchange=NSE\symbol=BPCL\part-073439_184645-031270.parquet,34615,downloaded,34615,
2026-07-17,NSE,BPCL,raw_l2/trade_date=2026-07-17/exchange=NSE/symbol=BPCL/part-073410_608470-031206.parquet,real_data_sample\l2_unseen_validation\trade_date=2026-07-17\exchange=NSE\symbol=BPCL\part-073410_608470-031206.parquet,34605,downloaded,34605,
2026-07-17,NSE,BPCL,raw_l2/trade_date=2026-07-17/exchange=NSE/symbol=BPCL/part-073618_662557-031494.parquet,real_data_sample\l2_unseen_validation\trade_date=2026-07-17\exchange=NSE\symbol=BPCL\part-073618_662557-031494.parquet,34562,downloaded,34562,
2026-07-17,NSE,BPCL,raw_l2/trade_date=2026-07-17/exchange=NSE/symbol=BPCL/part-073604_362435-031462.parquet,real_data_sample\l2_unseen_validation\trade_date=2026-07-17\exchange=NSE\symbol=BPCL\part-073604_362435-031462.parquet,34359,downloaded,34359,
2026-07-17,NSE,BPCL,raw_l2/trade_date=2026-07-17/exchange=NSE/symbol=BPCL/part-073356_345551-031174.parquet,real_data_sample\l2_unseen_validation\trade_date=2026-07-17\exchange=NSE\symbol=BPCL\part-073356_345551-031174.parquet,34511,downloaded,34511,
2026-07-17,NSE,BPCL,raw_l2/trade_date=2026-07-17/exchange=NSE/symbol=BPCL/part-073507_662074-031334.parquet,real_data_sample\l2_unseen_validation\trade_date=2026-07-17\exchange=NSE\symbol=BPCL\part-073507_662074-031334.parquet,34659,downloaded,34659,
2026-07-17,NSE,BPCL,raw_l2/trade_date=2026-07-17/exchange=NSE/symbol=BPCL/part-073536_124095-031398.parquet,real_data_sample\l2_unseen_validation\trade_date=2026-07-17\exchange=NSE\symbol=BPCL\part-073536_124095-031398.parquet,34414,downloaded,34414,
2026-07-17,NSE,BPCL,raw_l2/trade_date=2026-07-17/exchange=NSE/symbol=BPCL/part-073424_880811-031238.parquet,real_data_sample\l2_unseen_validation\trade_date=2026-07-17\exchange=NSE\symbol=BPCL\part-073424_880811-031238.parquet,34672,downloaded,34672,
2026-07-17,NSE,BPCL,raw_l2/trade_date=2026-07-17/exchange=NSE/symbol=BPCL/part-073715_600556-031622.parquet,real_data_sample\l2_unseen_validation\trade_date=2026-07-17\exchange=NSE\symbol=BPCL\part-073715_600556-031622.parquet,34732,downloaded,34732,
2026-07-17,NSE,BPCL,raw_l2/trade_date=2026-07-17/exchange=NSE/symbol=BPCL/part-073633_107049-031526.parquet,real_data_sample\l2_unseen_validation\trade_date=2026-07-17\exchange=NSE\symbol=BPCL\part-073633_107049-031526.parquet,34918,downloaded,34918,
2026-07-17,NSE,BPCL,raw_l2/trade_date=2026-07-17/exchange=NSE/symbol=BPCL/part-073550_326199-031430.parquet,real_data_sample\l2_unseen_validation\trade_date=2026-07-17\exchange=NSE\symbol=BPCL\part-073550_326199-031430.parquet,34653,downloaded,34653,
2026-07-17,NSE,BPCL,raw_l2/trade_date=2026-07-17/exchange=NSE/symbol=BPCL/part-073701_581190-031590.parquet,real_data_sample\l2_unseen_validation\trade_date=2026-07-17\exchange=NSE\symbol=BPCL\part-073701_581190-031590.parquet,34553,downloaded,34553,
2026-07-17,NSE,BPCL,raw_l2/trade_date=2026-07-17/exchange=NSE/symbol=BPCL/part-073729_593784-031654.parquet,real_data_sample\l2_unseen_validation\trade_date=2026-07-17\exchange=NSE\symbol=BPCL\part-073729_593784-031654.parquet,34695,downloaded,34695,
2026-07-17,NSE,BPCL,raw_l2/trade_date=2026-07-17/exchange=NSE/symbol=BPCL/part-073647_357982-031558.parquet,real_data_sample\l2_unseen_validation\trade_date=2026-07-17\exchange=NSE\symbol=BPCL\part-073647_357982-031558.parquet,34625,downloaded,34625,
2026-07-17,NSE,BPCL,raw_l2/trade_date=2026-07-17/exchange=NSE/symbol=BPCL/part-073757_555422-031718.parquet,real_data_sample\l2_unseen_validation\trade_date=2026-07-17\exchange=NSE\symbol=BPCL\part-073757_555422-031718.parquet,34514,downloaded,34514,
2026-07-17,NSE,BPCL,raw_l2/trade_date=2026-07-17/exchange=NSE/symbol=BPCL/part-073743_583210-031686.parquet,real_data_sample\l2_unseen_validation\trade_date=2026-07-17\exchange=NSE\symbol=BPCL\part-073743_583210-031686.parquet,34421,downloaded,34421,
2026-07-17,NSE,BPCL,raw_l2/trade_date=2026-07-17/exchange=NSE/symbol=BPCL/part-073825_891759-031782.parquet,real_data_sample\l2_unseen_validation\trade_date=2026-07-17\exchange=NSE\symbol=BPCL\part-073825_891759-031782.parquet,34546,downloaded,34546,
2026-07-17,NSE,BPCL,raw_l2/trade_date=2026-07-17/exchange=NSE/symbol=BPCL/part-073811_804406-031750.parquet,real_data_sample\l2_unseen_validation\trade_date=2026-07-17\exchange=NSE\symbol=BPCL\part-073811_804406-031750.parquet,34665,downloaded,34665,
2026-07-17,NSE,BPCL,raw_l2/trade_date=2026-07-17/exchange=NSE/symbol=BPCL/part-073840_049390-031814.parquet,real_data_sample\l2_unseen_validation\trade_date=2026-07-17\exchange=NSE\symbol=BPCL\part-073840_049390-031814.parquet,34519,downloaded,34519,
2026-07-17,NSE,BPCL,raw_l2/trade_date=2026-07-17/exchange=NSE/symbol=BPCL/part-073950_578605-031974.parquet,real_data_sample\l2_unseen_validation\trade_date=2026-07-17\exchange=NSE\symbol=BPCL\part-073950_578605-031974.parquet,34521,downloaded,34521,
2026-07-17,NSE,BPCL,raw_l2/trade_date=2026-07-17/exchange=NSE/symbol=BPCL/part-073922_567861-031910.parquet,real_data_sample\l2_unseen_validation\trade_date=2026-07-17\exchange=NSE\symbol=BPCL\part-073922_567861-031910.parquet,34599,downloaded,34599,
2026-07-17,NSE,BPCL,raw_l2/trade_date=2026-07-17/exchange=NSE/symbol=BPCL/part-073854_034815-031846.parquet,real_data_sample\l2_unseen_validation\trade_date=2026-07-17\exchange=NSE\symbol=BPCL\part-073854_034815-031846.parquet,34393,downloaded,34393,
2026-07-17,NSE,BPCL,raw_l2/trade_date=2026-07-17/exchange=NSE/symbol=BPCL/part-074004_835653-032006.parquet,real_data_sample\l2_unseen_validation\trade_date=2026-07-17\exchange=NSE\symbol=BPCL\part-074004_835653-032006.parquet,34957,downloaded,34957,
2026-07-17,NSE,BPCL,raw_l2/trade_date=2026-07-17/exchange=NSE/symbol=BPCL/part-073908_587539-031878.parquet,real_data_sample\l2_unseen_validation\trade_date=2026-07-17\exchange=NSE\symbol=BPCL\part-073908_587539-031878.parquet,34586,downloaded,34586,
2026-07-17,NSE,BPCL,raw_l2/trade_date=2026-07-17/exchange=NSE/symbol=BPCL/part-074019_072161-032038.parquet,real_data_sample\l2_unseen_validation\trade_date=2026-07-17\exchange=NSE\symbol=BPCL\part-074019_072161-032038.parquet,34771,downloaded,34771,
2026-07-17,NSE,BPCL,raw_l2/trade_date=2026-07-17/exchange=NSE/symbol=BPCL/part-074047_324793-032102.parquet,real_data_sample\l2_unseen_validation\trade_date=2026-07-17\exchange=NSE\symbol=BPCL\part-074047_324793-032102.parquet,34570,downloaded,34570,
2026-07-17,NSE,BPCL,raw_l2/trade_date=2026-07-17/exchange=NSE/symbol=BPCL/part-073936_576781-031942.parquet,real_data_sample\l2_unseen_validation\trade_date=2026-07-17\exchange=NSE\symbol=BPCL\part-073936_576781-031942.parquet,34453,downloaded,34453,
2026-07-17,NSE,BPCL,raw_l2/trade_date=2026-07-17/exchange=NSE/symbol=BPCL/part-074101_358519-032134.parquet,real_data_sample\l2_unseen_validation\trade_date=2026-07-17\exchange=NSE\symbol=BPCL\part-074101_358519-032134.parquet,34703,downloaded,34703,
2026-07-17,NSE,BPCL,raw_l2/trade_date=2026-07-17/exchange=NSE/symbol=BPCL/part-074033_093700-032070.parquet,real_data_sample\l2_unseen_validation\trade_date=2026-07-17\exchange=NSE\symbol=BPCL\part-074033_093700-032070.parquet,34744,downloaded,34744,
2026-07-17,NSE,BPCL,raw_l2/trade_date=2026-07-17/exchange=NSE/symbol=BPCL/part-074129_573405-032198.parquet,real_data_sample\l2_unseen_validation\trade_date=2026-07-17\exchange=NSE\symbol=BPCL\part-074129_573405-032198.parquet,34921,downloaded,34921,
2026-07-17,NSE,BPCL,raw_l2/trade_date=2026-07-17/exchange=NSE/symbol=BPCL/part-074143_799474-032230.parquet,real_data_sample\l2_unseen_validation\trade_date=2026-07-17\exchange=NSE\symbol=BPCL\part-074143_799474-032230.parquet,34669,downloaded,34669,
2026-07-17,NSE,BPCL,raw_l2/trade_date=2026-07-17/exchange=NSE/symbol=BPCL/part-074321_808583-032454.parquet,real_data_sample\l2_unseen_validation\trade_date=2026-07-17\exchange=NSE\symbol=BPCL\part-074321_808583-032454.parquet,34423,downloaded,34423,
2026-07-17,NSE,BPCL,raw_l2/trade_date=2026-07-17/exchange=NSE/symbol=BPCL/part-074404_805154-032550.parquet,real_data_sample\l2_unseen_validation\trade_date=2026-07-17\exchange=NSE\symbol=BPCL\part-074404_805154-032550.parquet,34624,downloaded,34624,
2026-07-17,NSE,BPCL,raw_l2/trade_date=2026-07-17/exchange=NSE/symbol=BPCL/part-074157_807973-032262.parquet,real_data_sample\l2_unseen_validation\trade_date=2026-07-17\exchange=NSE\symbol=BPCL\part-074157_807973-032262.parquet,34701,downloaded,34701,
2026-07-17,NSE,BPCL,raw_l2/trade_date=2026-07-17/exchange=NSE/symbol=BPCL/part-074307_843798-032422.parquet,real_data_sample\l2_unseen_validation\trade_date=2026-07-17\exchange=NSE\symbol=BPCL\part-074307_843798-032422.parquet,34527,downloaded,34527,
2026-07-17,NSE,BPCL,raw_l2/trade_date=2026-07-17/exchange=NSE/symbol=BPCL/part-074115_550966-032166.parquet,real_data_sample\l2_unseen_validation\trade_date=2026-07-17\exchange=NSE\symbol=BPCL\part-074115_550966-032166.parquet,34546,downloaded,34546,
2026-07-17,NSE,BPCL,raw_l2/trade_date=2026-07-17/exchange=NSE/symbol=BPCL/part-074211_857297-032294.parquet,real_data_sample\l2_unseen_validation\trade_date=2026-07-17\exchange=NSE\symbol=BPCL\part-074211_857297-032294.parquet,34580,downloaded,34580,
2026-07-17,NSE,BPCL,raw_l2/trade_date=2026-07-17/exchange=NSE/symbol=BPCL/part-074350_132697-032518.parquet,real_data_sample\l2_unseen_validation\trade_date=2026-07-17\exchange=NSE\symbol=BPCL\part-074350_132697-032518.parquet,34515,downloaded,34515,
2026-07-17,NSE,BPCL,raw_l2/trade_date=2026-07-17/exchange=NSE/symbol=BPCL/part-074253_816541-032390.parquet,real_data_sample\l2_unseen_validation\trade_date=2026-07-17\exchange=NSE\symbol=BPCL\part-074253_816541-032390.parquet,34578,downloaded,34578,
2026-07-17,NSE,BPCL,raw_l2/trade_date=2026-07-17/exchange=NSE/symbol=BPCL/part-074335_880338-032486.parquet,real_data_sample\l2_unseen_validation\trade_date=2026-07-17\exchange=NSE\symbol=BPCL\part-074335_880338-032486.parquet,34301,downloaded,34301,
2026-07-17,NSE,BPCL,raw_l2/trade_date=2026-07-17/exchange=NSE/symbol=BPCL/part-074239_640609-032358.parquet,real_data_sample\l2_unseen_validation\trade_date=2026-07-17\exchange=NSE\symbol=BPCL\part-074239_640609-032358.parquet,34564,downloaded,34564,
2026-07-17,NSE,BPCL,raw_l2/trade_date=2026-07-17/exchange=NSE/symbol=BPCL/part-074225_816045-032326.parquet,real_data_sample\l2_unseen_validation\trade_date=2026-07-17\exchange=NSE\symbol=BPCL\part-074225_816045-032326.parquet,34474,downloaded,34474,
2026-07-17,NSE,BPCL,raw_l2/trade_date=2026-07-17/exchange=NSE/symbol=BPCL/part-074626_105540-032870.parquet,real_data_sample\l2_unseen_validation\trade_date=2026-07-17\exchange=NSE\symbol=BPCL\part-074626_105540-032870.parquet,34636,downloaded,34636,
2026-07-17,NSE,BPCL,raw_l2/trade_date=2026-07-17/exchange=NSE/symbol=BPCL/part-074432_831515-032614.parquet,real_data_sample\l2_unseen_validation\trade_date=2026-07-17\exchange=NSE\symbol=BPCL\part-074432_831515-032614.parquet,34552,downloaded,34552,
2026-07-17,NSE,BPCL,raw_l2/trade_date=2026-07-17/exchange=NSE/symbol=BPCL/part-074500_818278-032678.parquet,real_data_sample\l2_unseen_validation\trade_date=2026-07-17\exchange=NSE\symbol=BPCL\part-074500_818278-032678.parquet,34712,downloaded,34712,
2026-07-17,NSE,BPCL,raw_l2/trade_date=2026-07-17/exchange=NSE/symbol=BPCL/part-074515_092909-032710.parquet,real_data_sample\l2_unseen_validation\trade_date=2026-07-17\exchange=NSE\symbol=BPCL\part-074515_092909-032710.parquet,34525,downloaded,34525,
2026-07-17,NSE,BPCL,raw_l2/trade_date=2026-07-17/exchange=NSE/symbol=BPCL/part-074640_443295-032902.parquet,real_data_sample\l2_unseen_validation\trade_date=2026-07-17\exchange=NSE\symbol=BPCL\part-074640_443295-032902.parquet,34424,downloaded,34424,
2026-07-17,NSE,BPCL,raw_l2/trade_date=2026-07-17/exchange=NSE/symbol=BPCL/part-074611_897184-032838.parquet,real_data_sample\l2_unseen_validation\trade_date=2026-07-17\exchange=NSE\symbol=BPCL\part-074611_897184-032838.parquet,34501,downloaded,34501,
2026-07-17,NSE,BPCL,raw_l2/trade_date=2026-07-17/exchange=NSE/symbol=BPCL/part-074529_355874-032742.parquet,real_data_sample\l2_unseen_validation\trade_date=2026-07-17\exchange=NSE\symbol=BPCL\part-074529_355874-032742.parquet,34720,downloaded,34720,
2026-07-17,NSE,BPCL,raw_l2/trade_date=2026-07-17/exchange=NSE/symbol=BPCL/part-074543_350574-032774.parquet,real_data_sample\l2_unseen_validation\trade_date=2026-07-17\exchange=NSE\symbol=BPCL\part-074543_350574-032774.parquet,34787,downloaded,34787,
2026-07-17,NSE,BPCL,raw_l2/trade_date=2026-07-17/exchange=NSE/symbol=BPCL/part-074654_594797-032934.parquet,real_data_sample\l2_unseen_validation\trade_date=2026-07-17\exchange=NSE\symbol=BPCL\part-074654_594797-032934.parquet,34629,downloaded,34629,
2026-07-17,NSE,BPCL,raw_l2/trade_date=2026-07-17/exchange=NSE/symbol=BPCL/part-074446_821153-032646.parquet,real_data_sample\l2_unseen_validation\trade_date=2026-07-17\exchange=NSE\symbol=BPCL\part-074446_821153-032646.parquet,34480,downloaded,34480,
2026-07-17,NSE,BPCL,raw_l2/trade_date=2026-07-17/exchange=NSE/symbol=BPCL/part-074557_359197-032806.parquet,real_data_sample\l2_unseen_validation\trade_date=2026-07-17\exchange=NSE\symbol=BPCL\part-074557_359197-032806.parquet,34628,downloaded,34628,
2026-07-17,NSE,BPCL,raw_l2/trade_date=2026-07-17/exchange=NSE/symbol=BPCL/part-074418_811287-032582.parquet,real_data_sample\l2_unseen_validation\trade_date=2026-07-17\exchange=NSE\symbol=BPCL\part-074418_811287-032582.parquet,34474,downloaded,34474,
2026-07-17,NSE,BPCL,raw_l2/trade_date=2026-07-17/exchange=NSE/symbol=BPCL/part-074737_044530-033030.parquet,real_data_sample\l2_unseen_validation\trade_date=2026-07-17\exchange=NSE\symbol=BPCL\part-074737_044530-033030.parquet,34640,downloaded,34640,
2026-07-17,NSE,BPCL,raw_l2/trade_date=2026-07-17/exchange=NSE/symbol=BPCL/part-074708_598586-032966.parquet,real_data_sample\l2_unseen_validation\trade_date=2026-07-17\exchange=NSE\symbol=BPCL\part-074708_598586-032966.parquet,34611,downloaded,34611,
2026-07-17,NSE,BPCL,raw_l2/trade_date=2026-07-17/exchange=NSE/symbol=BPCL/part-074751_070470-033062.parquet,real_data_sample\l2_unseen_validation\trade_date=2026-07-17\exchange=NSE\symbol=BPCL\part-074751_070470-033062.parquet,34577,downloaded,34577,
2026-07-17,NSE,BPCL,raw_l2/trade_date=2026-07-17/exchange=NSE/symbol=BPCL/part-074833_312594-033158.parquet,real_data_sample\l2_unseen_validation\trade_date=2026-07-17\exchange=NSE\symbol=BPCL\part-074833_312594-033158.parquet,34405,downloaded,34405,
2026-07-17,NSE,BPCL,raw_l2/trade_date=2026-07-17/exchange=NSE/symbol=BPCL/part-074722_906442-032998.parquet,real_data_sample\l2_unseen_validation\trade_date=2026-07-17\exchange=NSE\symbol=BPCL\part-074722_906442-032998.parquet,34925,downloaded,34925,
2026-07-17,NSE,BPCL,raw_l2/trade_date=2026-07-17/exchange=NSE/symbol=BPCL/part-074819_081719-033126.parquet,real_data_sample\l2_unseen_validation\trade_date=2026-07-17\exchange=NSE\symbol=BPCL\part-074819_081719-033126.parquet,34494,downloaded,34494,
2026-07-17,NSE,BPCL,raw_l2/trade_date=2026-07-17/exchange=NSE/symbol=BPCL/part-074805_061305-033094.parquet,real_data_sample\l2_unseen_validation\trade_date=2026-07-17\exchange=NSE\symbol=BPCL\part-074805_061305-033094.parquet,34574,downloaded,34574,
2026-07-17,NSE,BPCL,raw_l2/trade_date=2026-07-17/exchange=NSE/symbol=BPCL/part-075011_820258-033382.parquet,real_data_sample\l2_unseen_validation\trade_date=2026-07-17\exchange=NSE\symbol=BPCL\part-075011_820258-033382.parquet,34602,downloaded,34602,
2026-07-17,NSE,BPCL,raw_l2/trade_date=2026-07-17/exchange=NSE/symbol=BPCL/part-075109_028593-033510.parquet,real_data_sample\l2_unseen_validation\trade_date=2026-07-17\exchange=NSE\symbol=BPCL\part-075109_028593-033510.parquet,34628,downloaded,34628,
2026-07-17,NSE,BPCL,raw_l2/trade_date=2026-07-17/exchange=NSE/symbol=BPCL/part-075123_051102-033542.parquet,real_data_sample\l2_unseen_validation\trade_date=2026-07-17\exchange=NSE\symbol=BPCL\part-075123_051102-033542.parquet,34393,downloaded,34393,
2026-07-17,NSE,BPCL,raw_l2/trade_date=2026-07-17/exchange=NSE/symbol=BPCL/part-075041_070424-033446.parquet,real_data_sample\l2_unseen_validation\trade_date=2026-07-17\exchange=NSE\symbol=BPCL\part-075041_070424-033446.parquet,34557,downloaded,34557,
2026-07-17,NSE,BPCL,raw_l2/trade_date=2026-07-17/exchange=NSE/symbol=BPCL/part-075026_239585-033414.parquet,real_data_sample\l2_unseen_validation\trade_date=2026-07-17\exchange=NSE\symbol=BPCL\part-075026_239585-033414.parquet,34451,downloaded,34451,
2026-07-17,NSE,BPCL,raw_l2/trade_date=2026-07-17/exchange=NSE/symbol=BPCL/part-075055_059616-033478.parquet,real_data_sample\l2_unseen_validation\trade_date=2026-07-17\exchange=NSE\symbol=BPCL\part-075055_059616-033478.parquet,34468,downloaded,34468,
2026-07-17,NSE,BPCL,raw_l2/trade_date=2026-07-17/exchange=NSE/symbol=BPCL/part-074847_377977-033190.parquet,real_data_sample\l2_unseen_validation\trade_date=2026-07-17\exchange=NSE\symbol=BPCL\part-074847_377977-033190.parquet,34643,downloaded,34643,
2026-07-17,NSE,BPCL,raw_l2/trade_date=2026-07-17/exchange=NSE/symbol=BPCL/part-075137_090857-033574.parquet,real_data_sample\l2_unseen_validation\trade_date=2026-07-17\exchange=NSE\symbol=BPCL\part-075137_090857-033574.parquet,34517,downloaded,34517,
2026-07-17,NSE,BPCL,raw_l2/trade_date=2026-07-17/exchange=NSE/symbol=BPCL/part-074915_789102-033254.parquet,real_data_sample\l2_unseen_validation\trade_date=2026-07-17\exchange=NSE\symbol=BPCL\part-074915_789102-033254.parquet,34559,downloaded,34559,
2026-07-17,NSE,BPCL,raw_l2/trade_date=2026-07-17/exchange=NSE/symbol=BPCL/part-074929_810493-033286.parquet,real_data_sample\l2_unseen_validation\trade_date=2026-07-17\exchange=NSE\symbol=BPCL\part-074929_810493-033286.parquet,35003,downloaded,35003,
2026-07-17,NSE,BPCL,raw_l2/trade_date=2026-07-17/exchange=NSE/symbol=BPCL/part-074901_623106-033222.parquet,real_data_sample\l2_unseen_validation\trade_date=2026-07-17\exchange=NSE\symbol=BPCL\part-074901_623106-033222.parquet,34579,downloaded,34579,
2026-07-17,NSE,BPCL,raw_l2/trade_date=2026-07-17/exchange=NSE/symbol=BPCL/part-074957_827890-033350.parquet,real_data_sample\l2_unseen_validation\trade_date=2026-07-17\exchange=NSE\symbol=BPCL\part-074957_827890-033350.parquet,34320,downloaded,34320,
2026-07-17,NSE,BPCL,raw_l2/trade_date=2026-07-17/exchange=NSE/symbol=BPCL/part-074943_815696-033318.parquet,real_data_sample\l2_unseen_validation\trade_date=2026-07-17\exchange=NSE\symbol=BPCL\part-074943_815696-033318.parquet,34656,downloaded,34656,
2026-07-17,NSE,BPCL,raw_l2/trade_date=2026-07-17/exchange=NSE/symbol=BPCL/part-075151_331350-033606.parquet,real_data_sample\l2_unseen_validation\trade_date=2026-07-17\exchange=NSE\symbol=BPCL\part-075151_331350-033606.parquet,34462,downloaded,34462,
2026-07-17,NSE,BPCL,raw_l2/trade_date=2026-07-17/exchange=NSE/symbol=BPCL/part-075220_069248-033670.parquet,real_data_sample\l2_unseen_validation\trade_date=2026-07-17\exchange=NSE\symbol=BPCL\part-075220_069248-033670.parquet,34533,downloaded,34533,
2026-07-17,NSE,BPCL,raw_l2/trade_date=2026-07-17/exchange=NSE/symbol=BPCL/part-075234_068870-033702.parquet,real_data_sample\l2_unseen_validation\trade_date=2026-07-17\exchange=NSE\symbol=BPCL\part-075234_068870-033702.parquet,34421,downloaded,34421,
2026-07-17,NSE,BPCL,raw_l2/trade_date=2026-07-17/exchange=NSE/symbol=BPCL/part-075248_141952-033734.parquet,real_data_sample\l2_unseen_validation\trade_date=2026-07-17\exchange=NSE\symbol=BPCL\part-075248_141952-033734.parquet,34628,downloaded,34628,
2026-07-17,NSE,BPCL,raw_l2/trade_date=2026-07-17/exchange=NSE/symbol=BPCL/part-075302_931458-033766.parquet,real_data_sample\l2_unseen_validation\trade_date=2026-07-17\exchange=NSE\symbol=BPCL\part-075302_931458-033766.parquet,34512,downloaded,34512,
2026-07-17,NSE,BPCL,raw_l2/trade_date=2026-07-17/exchange=NSE/symbol=BPCL/part-075441_430349-033990.parquet,real_data_sample\l2_unseen_validation\trade_date=2026-07-17\exchange=NSE\symbol=BPCL\part-075441_430349-033990.parquet,34655,downloaded,34655,
2026-07-17,NSE,BPCL,raw_l2/trade_date=2026-07-17/exchange=NSE/symbol=BPCL/part-075359_159970-033894.parquet,real_data_sample\l2_unseen_validation\trade_date=2026-07-17\exchange=NSE\symbol=BPCL\part-075359_159970-033894.parquet,34413,downloaded,34413,
2026-07-17,NSE,BPCL,raw_l2/trade_date=2026-07-17/exchange=NSE/symbol=BPCL/part-075317_148934-033798.parquet,real_data_sample\l2_unseen_validation\trade_date=2026-07-17\exchange=NSE\symbol=BPCL\part-075317_148934-033798.parquet,34286,downloaded,34286,
2026-07-17,NSE,BPCL,raw_l2/trade_date=2026-07-17/exchange=NSE/symbol=BPCL/part-075455_621261-034022.parquet,real_data_sample\l2_unseen_validation\trade_date=2026-07-17\exchange=NSE\symbol=BPCL\part-075455_621261-034022.parquet,34895,downloaded,34895,
2026-07-17,NSE,BPCL,raw_l2/trade_date=2026-07-17/exchange=NSE/symbol=BPCL/part-075331_122508-033830.parquet,real_data_sample\l2_unseen_validation\trade_date=2026-07-17\exchange=NSE\symbol=BPCL\part-075331_122508-033830.parquet,34478,downloaded,34478,
2026-07-17,NSE,BPCL,raw_l2/trade_date=2026-07-17/exchange=NSE/symbol=BPCL/part-075345_103394-033862.parquet,real_data_sample\l2_unseen_validation\trade_date=2026-07-17\exchange=NSE\symbol=BPCL\part-075345_103394-033862.parquet,34550,downloaded,34550,
2026-07-17,NSE,BPCL,raw_l2/trade_date=2026-07-17/exchange=NSE/symbol=BPCL/part-075205_847049-033638.parquet,real_data_sample\l2_unseen_validation\trade_date=2026-07-17\exchange=NSE\symbol=BPCL\part-075205_847049-033638.parquet,34652,downloaded,34652,
2026-07-17,NSE,BPCL,raw_l2/trade_date=2026-07-17/exchange=NSE/symbol=BPCL/part-075413_349645-033926.parquet,real_data_sample\l2_unseen_validation\trade_date=2026-07-17\exchange=NSE\symbol=BPCL\part-075413_349645-033926.parquet,34529,downloaded,34529,
2026-07-17,NSE,BPCL,raw_l2/trade_date=2026-07-17/exchange=NSE/symbol=BPCL/part-075605_892440-034182.parquet,real_data_sample\l2_unseen_validation\trade_date=2026-07-17\exchange=NSE\symbol=BPCL\part-075605_892440-034182.parquet,34624,downloaded,34624,
2026-07-17,NSE,BPCL,raw_l2/trade_date=2026-07-17/exchange=NSE/symbol=BPCL/part-075427_346857-033958.parquet,real_data_sample\l2_unseen_validation\trade_date=2026-07-17\exchange=NSE\symbol=BPCL\part-075427_346857-033958.parquet,34571,downloaded,34571,
2026-07-17,NSE,BPCL,raw_l2/trade_date=2026-07-17/exchange=NSE/symbol=BPCL/part-075509_846805-034054.parquet,real_data_sample\l2_unseen_validation\trade_date=2026-07-17\exchange=NSE\symbol=BPCL\part-075509_846805-034054.parquet,34526,downloaded,34526,
2026-07-17,NSE,BPCL,raw_l2/trade_date=2026-07-17/exchange=NSE/symbol=BPCL/part-075523_900010-034086.parquet,real_data_sample\l2_unseen_validation\trade_date=2026-07-17\exchange=NSE\symbol=BPCL\part-075523_900010-034086.parquet,34415,downloaded,34415,
2026-07-17,NSE,BPCL,raw_l2/trade_date=2026-07-17/exchange=NSE/symbol=BPCL/part-075537_842970-034118.parquet,real_data_sample\l2_unseen_validation\trade_date=2026-07-17\exchange=NSE\symbol=BPCL\part-075537_842970-034118.parquet,34841,downloaded,34841,
2026-07-17,NSE,BPCL,raw_l2/trade_date=2026-07-17/exchange=NSE/symbol=BPCL/part-075551_853453-034150.parquet,real_data_sample\l2_unseen_validation\trade_date=2026-07-17\exchange=NSE\symbol=BPCL\part-075551_853453-034150.parquet,34455,downloaded,34455,
2026-07-17,NSE,BPCL,raw_l2/trade_date=2026-07-17/exchange=NSE/symbol=BPCL/part-075648_625128-034278.parquet,real_data_sample\l2_unseen_validation\trade_date=2026-07-17\exchange=NSE\symbol=BPCL\part-075648_625128-034278.parquet,34732,downloaded,34732,
2026-07-17,NSE,BPCL,raw_l2/trade_date=2026-07-17/exchange=NSE/symbol=BPCL/part-075620_148579-034214.parquet,real_data_sample\l2_unseen_validation\trade_date=2026-07-17\exchange=NSE\symbol=BPCL\part-075620_148579-034214.parquet,34429,downloaded,34429,
2026-07-17,NSE,BPCL,raw_l2/trade_date=2026-07-17/exchange=NSE/symbol=BPCL/part-075702_878180-034310.parquet,real_data_sample\l2_unseen_validation\trade_date=2026-07-17\exchange=NSE\symbol=BPCL\part-075702_878180-034310.parquet,34819,downloaded,34819,
2026-07-17,NSE,BPCL,raw_l2/trade_date=2026-07-17/exchange=NSE/symbol=BPCL/part-075634_376311-034246.parquet,real_data_sample\l2_unseen_validation\trade_date=2026-07-17\exchange=NSE\symbol=BPCL\part-075634_376311-034246.parquet,34699,downloaded,34699,
2026-07-17,NSE,BPCL,raw_l2/trade_date=2026-07-17/exchange=NSE/symbol=BPCL/part-075731_449485-034374.parquet,real_data_sample\l2_unseen_validation\trade_date=2026-07-17\exchange=NSE\symbol=BPCL\part-075731_449485-034374.parquet,34507,downloaded,34507,
2026-07-17,NSE,BPCL,raw_l2/trade_date=2026-07-17/exchange=NSE/symbol=BPCL/part-075717_128316-034342.parquet,real_data_sample\l2_unseen_validation\trade_date=2026-07-17\exchange=NSE\symbol=BPCL\part-075717_128316-034342.parquet,34469,downloaded,34469,
2026-07-17,NSE,BPCL,raw_l2/trade_date=2026-07-17/exchange=NSE/symbol=BPCL/part-075745_916886-034406.parquet,real_data_sample\l2_unseen_validation\trade_date=2026-07-17\exchange=NSE\symbol=BPCL\part-075745_916886-034406.parquet,34515,downloaded,34515,
2026-07-17,NSE,BPCL,raw_l2/trade_date=2026-07-17/exchange=NSE/symbol=BPCL/part-075814_687909-034470.parquet,real_data_sample\l2_unseen_validation\trade_date=2026-07-17\exchange=NSE\symbol=BPCL\part-075814_687909-034470.parquet,34378,downloaded,34378,
2026-07-17,NSE,BPCL,raw_l2/trade_date=2026-07-17/exchange=NSE/symbol=BPCL/part-075800_151389-034438.parquet,real_data_sample\l2_unseen_validation\trade_date=2026-07-17\exchange=NSE\symbol=BPCL\part-075800_151389-034438.parquet,34584,downloaded,34584,
2026-07-17,NSE,BPCL,raw_l2/trade_date=2026-07-17/exchange=NSE/symbol=BPCL/part-075857_631507-034566.parquet,real_data_sample\l2_unseen_validation\trade_date=2026-07-17\exchange=NSE\symbol=BPCL\part-075857_631507-034566.parquet,34547,downloaded,34547,
2026-07-17,NSE,BPCL,raw_l2/trade_date=2026-07-17/exchange=NSE/symbol=BPCL/part-075829_121095-034502.parquet,real_data_sample\l2_unseen_validation\trade_date=2026-07-17\exchange=NSE\symbol=BPCL\part-075829_121095-034502.parquet,34489,downloaded,34489,
2026-07-17,NSE,BPCL,raw_l2/trade_date=2026-07-17/exchange=NSE/symbol=BPCL/part-075843_394563-034534.parquet,real_data_sample\l2_unseen_validation\trade_date=2026-07-17\exchange=NSE\symbol=BPCL\part-075843_394563-034534.parquet,34392,downloaded,34392,
2026-07-17,NSE,BPCL,raw_l2/trade_date=2026-07-17/exchange=NSE/symbol=BPCL/part-075911_929656-034598.parquet,real_data_sample\l2_unseen_validation\trade_date=2026-07-17\exchange=NSE\symbol=BPCL\part-075911_929656-034598.parquet,34451,downloaded,34451,
2026-07-17,NSE,BPCL,raw_l2/trade_date=2026-07-17/exchange=NSE/symbol=BPCL/part-075926_150239-034630.parquet,real_data_sample\l2_unseen_validation\trade_date=2026-07-17\exchange=NSE\symbol=BPCL\part-075926_150239-034630.parquet,34651,downloaded,34651,
2026-07-17,NSE,BPCL,raw_l2/trade_date=2026-07-17/exchange=NSE/symbol=BPCL/part-075940_413115-034662.parquet,real_data_sample\l2_unseen_validation\trade_date=2026-07-17\exchange=NSE\symbol=BPCL\part-075940_413115-034662.parquet,34536,downloaded,34536,
2026-07-17,NSE,BPCL,raw_l2/trade_date=2026-07-17/exchange=NSE/symbol=BPCL/part-080415_151728-035270.parquet,real_data_sample\l2_unseen_validation\trade_date=2026-07-17\exchange=NSE\symbol=BPCL\part-080415_151728-035270.parquet,34684,downloaded,34684,
2026-07-17,NSE,BPCL,raw_l2/trade_date=2026-07-17/exchange=NSE/symbol=BPCL/part-080345_672902-035206.parquet,real_data_sample\l2_unseen_validation\trade_date=2026-07-17\exchange=NSE\symbol=BPCL\part-080345_672902-035206.parquet,34419,downloaded,34419,
2026-07-17,NSE,BPCL,raw_l2/trade_date=2026-07-17/exchange=NSE/symbol=BPCL/part-080316_945472-035142.parquet,real_data_sample\l2_unseen_validation\trade_date=2026-07-17\exchange=NSE\symbol=BPCL\part-080316_945472-035142.parquet,34464,downloaded,34464,
2026-07-17,NSE,BPCL,raw_l2/trade_date=2026-07-17/exchange=NSE/symbol=BPCL/part-080331_127639-035174.parquet,real_data_sample\l2_unseen_validation\trade_date=2026-07-17\exchange=NSE\symbol=BPCL\part-080331_127639-035174.parquet,34438,downloaded,34438,
2026-07-17,NSE,BPCL,raw_l2/trade_date=2026-07-17/exchange=NSE/symbol=BPCL/part-080400_520957-035238.parquet,real_data_sample\l2_unseen_validation\trade_date=2026-07-17\exchange=NSE\symbol=BPCL\part-080400_520957-035238.parquet,34592,downloaded,34592,
2026-07-17,NSE,BPCL,raw_l2/trade_date=2026-07-17/exchange=NSE/symbol=BPCL/part-080038_867676-034790.parquet,real_data_sample\l2_unseen_validation\trade_date=2026-07-17\exchange=NSE\symbol=BPCL\part-080038_867676-034790.parquet,34510,downloaded,34510,
2026-07-17,NSE,BPCL,raw_l2/trade_date=2026-07-17/exchange=NSE/symbol=BPCL/part-080107_673670-034854.parquet,real_data_sample\l2_unseen_validation\trade_date=2026-07-17\exchange=NSE\symbol=BPCL\part-080107_673670-034854.parquet,34672,downloaded,34672,
2026-07-17,NSE,BPCL,raw_l2/trade_date=2026-07-17/exchange=NSE/symbol=BPCL/part-080009_912599-034726.parquet,real_data_sample\l2_unseen_validation\trade_date=2026-07-17\exchange=NSE\symbol=BPCL\part-080009_912599-034726.parquet,34424,downloaded,34424,
2026-07-17,NSE,BPCL,raw_l2/trade_date=2026-07-17/exchange=NSE/symbol=BPCL/part-080136_162343-034918.parquet,real_data_sample\l2_unseen_validation\trade_date=2026-07-17\exchange=NSE\symbol=BPCL\part-080136_162343-034918.parquet,34750,downloaded,34750,
2026-07-17,NSE,BPCL,raw_l2/trade_date=2026-07-17/exchange=NSE/symbol=BPCL/part-080530_186956-035430.parquet,real_data_sample\l2_unseen_validation\trade_date=2026-07-17\exchange=NSE\symbol=BPCL\part-080530_186956-035430.parquet,34459,downloaded,34459,
2026-07-17,NSE,BPCL,raw_l2/trade_date=2026-07-17/exchange=NSE/symbol=BPCL/part-080024_643854-034758.parquet,real_data_sample\l2_unseen_validation\trade_date=2026-07-17\exchange=NSE\symbol=BPCL\part-080024_643854-034758.parquet,34568,downloaded,34568,
2026-07-17,NSE,BPCL,raw_l2/trade_date=2026-07-17/exchange=NSE/symbol=BPCL/part-080515_479898-035398.parquet,real_data_sample\l2_unseen_validation\trade_date=2026-07-17\exchange=NSE\symbol=BPCL\part-080515_479898-035398.parquet,34628,downloaded,34628,
2026-07-17,NSE,BPCL,raw_l2/trade_date=2026-07-17/exchange=NSE/symbol=BPCL/part-080545_111948-035462.parquet,real_data_sample\l2_unseen_validation\trade_date=2026-07-17\exchange=NSE\symbol=BPCL\part-080545_111948-035462.parquet,34455,downloaded,34455,
2026-07-17,NSE,BPCL,raw_l2/trade_date=2026-07-17/exchange=NSE/symbol=BPCL/part-080559_105375-035494.parquet,real_data_sample\l2_unseen_validation\trade_date=2026-07-17\exchange=NSE\symbol=BPCL\part-080559_105375-035494.parquet,34738,downloaded,34738,
2026-07-17,NSE,BPCL,raw_l2/trade_date=2026-07-17/exchange=NSE/symbol=BPCL/part-080302_651391-035110.parquet,real_data_sample\l2_unseen_validation\trade_date=2026-07-17\exchange=NSE\symbol=BPCL\part-080302_651391-035110.parquet,34575,downloaded,34575,
2026-07-17,NSE,BPCL,raw_l2/trade_date=2026-07-17/exchange=NSE/symbol=BPCL/part-080501_176350-035366.parquet,real_data_sample\l2_unseen_validation\trade_date=2026-07-17\exchange=NSE\symbol=BPCL\part-080501_176350-035366.parquet,34626,downloaded,34626,
2026-07-17,NSE,BPCL,raw_l2/trade_date=2026-07-17/exchange=NSE/symbol=BPCL/part-080446_480332-035334.parquet,real_data_sample\l2_unseen_validation\trade_date=2026-07-17\exchange=NSE\symbol=BPCL\part-080446_480332-035334.parquet,34842,downloaded,34842,
2026-07-17,NSE,BPCL,raw_l2/trade_date=2026-07-17/exchange=NSE/symbol=BPCL/part-080053_391744-034822.parquet,real_data_sample\l2_unseen_validation\trade_date=2026-07-17\exchange=NSE\symbol=BPCL\part-080053_391744-034822.parquet,34548,downloaded,34548,
2026-07-17,NSE,BPCL,raw_l2/trade_date=2026-07-17/exchange=NSE/symbol=BPCL/part-080248_399381-035078.parquet,real_data_sample\l2_unseen_validation\trade_date=2026-07-17\exchange=NSE\symbol=BPCL\part-080248_399381-035078.parquet,34464,downloaded,34464,
2026-07-17,NSE,BPCL,raw_l2/trade_date=2026-07-17/exchange=NSE/symbol=BPCL/part-080233_452688-035046.parquet,real_data_sample\l2_unseen_validation\trade_date=2026-07-17\exchange=NSE\symbol=BPCL\part-080233_452688-035046.parquet,34692,downloaded,34692,
2026-07-17,NSE,BPCL,raw_l2/trade_date=2026-07-17/exchange=NSE/symbol=BPCL/part-080219_147832-035014.parquet,real_data_sample\l2_unseen_validation\trade_date=2026-07-17\exchange=NSE\symbol=BPCL\part-080219_147832-035014.parquet,34497,downloaded,34497,
2026-07-17,NSE,BPCL,raw_l2/trade_date=2026-07-17/exchange=NSE/symbol=BPCL/part-080613_365933-035526.parquet,real_data_sample\l2_unseen_validation\trade_date=2026-07-17\exchange=NSE\symbol=BPCL\part-080613_365933-035526.parquet,34542,downloaded,34542,
2026-07-17,NSE,BPCL,raw_l2/trade_date=2026-07-17/exchange=NSE/symbol=BPCL/part-080627_706602-035558.parquet,real_data_sample\l2_unseen_validation\trade_date=2026-07-17\exchange=NSE\symbol=BPCL\part-080627_706602-035558.parquet,34819,downloaded,34819,
2026-07-17,NSE,BPCL,raw_l2/trade_date=2026-07-17/exchange=NSE/symbol=BPCL/part-080642_216305-035590.parquet,real_data_sample\l2_unseen_validation\trade_date=2026-07-17\exchange=NSE\symbol=BPCL\part-080642_216305-035590.parquet,34630,downloaded,34630,
2026-07-17,NSE,BPCL,raw_l2/trade_date=2026-07-17/exchange=NSE/symbol=BPCL/part-080711_035234-035654.parquet,real_data_sample\l2_unseen_validation\trade_date=2026-07-17\exchange=NSE\symbol=BPCL\part-080711_035234-035654.parquet,34711,downloaded,34711,
2026-07-17,NSE,BPCL,raw_l2/trade_date=2026-07-17/exchange=NSE/symbol=BPCL/part-080656_487814-035622.parquet,real_data_sample\l2_unseen_validation\trade_date=2026-07-17\exchange=NSE\symbol=BPCL\part-080656_487814-035622.parquet,34531,downloaded,34531,
2026-07-17,NSE,BPCL,raw_l2/trade_date=2026-07-17/exchange=NSE/symbol=BPCL/part-080739_924820-035718.parquet,real_data_sample\l2_unseen_validation\trade_date=2026-07-17\exchange=NSE\symbol=BPCL\part-080739_924820-035718.parquet,34440,downloaded,34440,
2026-07-17,NSE,BPCL,raw_l2/trade_date=2026-07-17/exchange=NSE/symbol=BPCL/part-080725_614670-035686.parquet,real_data_sample\l2_unseen_validation\trade_date=2026-07-17\exchange=NSE\symbol=BPCL\part-080725_614670-035686.parquet,34615,downloaded,34615,
2026-07-17,NSE,BPCL,raw_l2/trade_date=2026-07-17/exchange=NSE/symbol=BPCL/part-080754_774115-035750.parquet,real_data_sample\l2_unseen_validation\trade_date=2026-07-17\exchange=NSE\symbol=BPCL\part-080754_774115-035750.parquet,34465,downloaded,34465,
2026-07-17,NSE,BPCL,raw_l2/trade_date=2026-07-17/exchange=NSE/symbol=BPCL/part-080823_960756-035814.parquet,real_data_sample\l2_unseen_validation\trade_date=2026-07-17\exchange=NSE\symbol=BPCL\part-080823_960756-035814.parquet,34438,downloaded,34438,
2026-07-17,NSE,BPCL,raw_l2/trade_date=2026-07-17/exchange=NSE/symbol=BPCL/part-080809_630687-035782.parquet,real_data_sample\l2_unseen_validation\trade_date=2026-07-17\exchange=NSE\symbol=BPCL\part-080809_630687-035782.parquet,34353,downloaded,34353,
2026-07-17,NSE,BPCL,raw_l2/trade_date=2026-07-17/exchange=NSE/symbol=BPCL/part-080853_210207-035878.parquet,real_data_sample\l2_unseen_validation\trade_date=2026-07-17\exchange=NSE\symbol=BPCL\part-080853_210207-035878.parquet,34418,downloaded,34418,
2026-07-17,NSE,BPCL,raw_l2/trade_date=2026-07-17/exchange=NSE/symbol=BPCL/part-080838_479334-035846.parquet,real_data_sample\l2_unseen_validation\trade_date=2026-07-17\exchange=NSE\symbol=BPCL\part-080838_479334-035846.parquet,34608,downloaded,34608,
2026-07-17,NSE,BPCL,raw_l2/trade_date=2026-07-17/exchange=NSE/symbol=BPCL/part-080922_746042-035942.parquet,real_data_sample\l2_unseen_validation\trade_date=2026-07-17\exchange=NSE\symbol=BPCL\part-080922_746042-035942.parquet,34429,downloaded,34429,
2026-07-17,NSE,BPCL,raw_l2/trade_date=2026-07-17/exchange=NSE/symbol=BPCL/part-080951_929920-036006.parquet,real_data_sample\l2_unseen_validation\trade_date=2026-07-17\exchange=NSE\symbol=BPCL\part-080951_929920-036006.parquet,34403,downloaded,34403,
2026-07-17,NSE,BPCL,raw_l2/trade_date=2026-07-17/exchange=NSE/symbol=BPCL/part-080937_437743-035974.parquet,real_data_sample\l2_unseen_validation\trade_date=2026-07-17\exchange=NSE\symbol=BPCL\part-080937_437743-035974.parquet,34467,downloaded,34467,
2026-07-17,NSE,BPCL,raw_l2/trade_date=2026-07-17/exchange=NSE/symbol=BPCL/part-080907_859976-035910.parquet,real_data_sample\l2_unseen_validation\trade_date=2026-07-17\exchange=NSE\symbol=BPCL\part-080907_859976-035910.parquet,34462,downloaded,34462,
2026-07-17,NSE,BPCL,raw_l2/trade_date=2026-07-17/exchange=NSE/symbol=BPCL/part-081244_340813-036390.parquet,real_data_sample\l2_unseen_validation\trade_date=2026-07-17\exchange=NSE\symbol=BPCL\part-081244_340813-036390.parquet,34661,downloaded,34661,
2026-07-17,NSE,BPCL,raw_l2/trade_date=2026-07-17/exchange=NSE/symbol=BPCL/part-081119_378875-036198.parquet,real_data_sample\l2_unseen_validation\trade_date=2026-07-17\exchange=NSE\symbol=BPCL\part-081119_378875-036198.parquet,34318,downloaded,34318,
2026-07-17,NSE,BPCL,raw_l2/trade_date=2026-07-17/exchange=NSE/symbol=BPCL/part-081036_712702-036102.parquet,real_data_sample\l2_unseen_validation\trade_date=2026-07-17\exchange=NSE\symbol=BPCL\part-081036_712702-036102.parquet,34761,downloaded,34761,
2026-07-17,NSE,BPCL,raw_l2/trade_date=2026-07-17/exchange=NSE/symbol=BPCL/part-081258_862281-036422.parquet,real_data_sample\l2_unseen_validation\trade_date=2026-07-17\exchange=NSE\symbol=BPCL\part-081258_862281-036422.parquet,34609,downloaded,34609,
2026-07-17,NSE,BPCL,raw_l2/trade_date=2026-07-17/exchange=NSE/symbol=BPCL/part-081133_337578-036230.parquet,real_data_sample\l2_unseen_validation\trade_date=2026-07-17\exchange=NSE\symbol=BPCL\part-081133_337578-036230.parquet,34473,downloaded,34473,
2026-07-17,NSE,BPCL,raw_l2/trade_date=2026-07-17/exchange=NSE/symbol=BPCL/part-081105_113317-036166.parquet,real_data_sample\l2_unseen_validation\trade_date=2026-07-17\exchange=NSE\symbol=BPCL\part-081105_113317-036166.parquet,34289,downloaded,34289,
2026-07-17,NSE,BPCL,raw_l2/trade_date=2026-07-17/exchange=NSE/symbol=BPCL/part-081147_431156-036262.parquet,real_data_sample\l2_unseen_validation\trade_date=2026-07-17\exchange=NSE\symbol=BPCL\part-081147_431156-036262.parquet,34678,downloaded,34678,
2026-07-17,NSE,BPCL,raw_l2/trade_date=2026-07-17/exchange=NSE/symbol=BPCL/part-081021_855451-036070.parquet,real_data_sample\l2_unseen_validation\trade_date=2026-07-17\exchange=NSE\symbol=BPCL\part-081021_855451-036070.parquet,34458,downloaded,34458,
2026-07-17,NSE,BPCL,raw_l2/trade_date=2026-07-17/exchange=NSE/symbol=BPCL/part-081313_653595-036454.parquet,real_data_sample\l2_unseen_validation\trade_date=2026-07-17\exchange=NSE\symbol=BPCL\part-081313_653595-036454.parquet,34499,downloaded,34499,
2026-07-17,NSE,BPCL,raw_l2/trade_date=2026-07-17/exchange=NSE/symbol=BPCL/part-081051_077686-036134.parquet,real_data_sample\l2_unseen_validation\trade_date=2026-07-17\exchange=NSE\symbol=BPCL\part-081051_077686-036134.parquet,34687,downloaded,34687,
2026-07-17,NSE,BPCL,raw_l2/trade_date=2026-07-17/exchange=NSE/symbol=BPCL/part-081327_933079-036486.parquet,real_data_sample\l2_unseen_validation\trade_date=2026-07-17\exchange=NSE\symbol=BPCL\part-081327_933079-036486.parquet,34679,downloaded,34679,
2026-07-17,NSE,BPCL,raw_l2/trade_date=2026-07-17/exchange=NSE/symbol=BPCL/part-081229_929604-036358.parquet,real_data_sample\l2_unseen_validation\trade_date=2026-07-17\exchange=NSE\symbol=BPCL\part-081229_929604-036358.parquet,34500,downloaded,34500,
2026-07-17,NSE,BPCL,raw_l2/trade_date=2026-07-17/exchange=NSE/symbol=BPCL/part-081201_611868-036294.parquet,real_data_sample\l2_unseen_validation\trade_date=2026-07-17\exchange=NSE\symbol=BPCL\part-081201_611868-036294.parquet,34633,downloaded,34633,
2026-07-17,NSE,BPCL,raw_l2/trade_date=2026-07-17/exchange=NSE/symbol=BPCL/part-081342_112282-036518.parquet,real_data_sample\l2_unseen_validation\trade_date=2026-07-17\exchange=NSE\symbol=BPCL\part-081342_112282-036518.parquet,34511,downloaded,34511,
2026-07-17,NSE,BPCL,raw_l2/trade_date=2026-07-17/exchange=NSE/symbol=BPCL/part-081006_622566-036038.parquet,real_data_sample\l2_unseen_validation\trade_date=2026-07-17\exchange=NSE\symbol=BPCL\part-081006_622566-036038.parquet,34379,downloaded,34379,
2026-07-17,NSE,BPCL,raw_l2/trade_date=2026-07-17/exchange=NSE/symbol=BPCL/part-081215_844819-036326.parquet,real_data_sample\l2_unseen_validation\trade_date=2026-07-17\exchange=NSE\symbol=BPCL\part-081215_844819-036326.parquet,34627,downloaded,34627,
2026-07-17,NSE,BPCL,raw_l2/trade_date=2026-07-17/exchange=NSE/symbol=BPCL/part-081410_691541-036582.parquet,real_data_sample\l2_unseen_validation\trade_date=2026-07-17\exchange=NSE\symbol=BPCL\part-081410_691541-036582.parquet,34431,downloaded,34431,
2026-07-17,NSE,BPCL,raw_l2/trade_date=2026-07-17/exchange=NSE/symbol=BPCL/part-081356_304908-036550.parquet,real_data_sample\l2_unseen_validation\trade_date=2026-07-17\exchange=NSE\symbol=BPCL\part-081356_304908-036550.parquet,34536,downloaded,34536,
2026-07-17,NSE,BPCL,raw_l2/trade_date=2026-07-17/exchange=NSE/symbol=BPCL/part-081424_968411-036614.parquet,real_data_sample\l2_unseen_validation\trade_date=2026-07-17\exchange=NSE\symbol=BPCL\part-081424_968411-036614.parquet,34453,downloaded,34453,
2026-07-17,NSE,BPCL,raw_l2/trade_date=2026-07-17/exchange=NSE/symbol=BPCL/part-081439_194200-036646.parquet,real_data_sample\l2_unseen_validation\trade_date=2026-07-17\exchange=NSE\symbol=BPCL\part-081439_194200-036646.parquet,34523,downloaded,34523,
2026-07-17,NSE,BPCL,raw_l2/trade_date=2026-07-17/exchange=NSE/symbol=BPCL/part-081549_354699-036806.parquet,real_data_sample\l2_unseen_validation\trade_date=2026-07-17\exchange=NSE\symbol=BPCL\part-081549_354699-036806.parquet,34636,downloaded,34636,
2026-07-17,NSE,BPCL,raw_l2/trade_date=2026-07-17/exchange=NSE/symbol=BPCL/part-081521_340854-036742.parquet,real_data_sample\l2_unseen_validation\trade_date=2026-07-17\exchange=NSE\symbol=BPCL\part-081521_340854-036742.parquet,34328,downloaded,34328,
2026-07-17,NSE,BPCL,raw_l2/trade_date=2026-07-17/exchange=NSE/symbol=BPCL/part-081535_393189-036774.parquet,real_data_sample\l2_unseen_validation\trade_date=2026-07-17\exchange=NSE\symbol=BPCL\part-081535_393189-036774.parquet,34437,downloaded,34437,
2026-07-17,NSE,BPCL,raw_l2/trade_date=2026-07-17/exchange=NSE/symbol=BPCL/part-081453_091936-036678.parquet,real_data_sample\l2_unseen_validation\trade_date=2026-07-17\exchange=NSE\symbol=BPCL\part-081453_091936-036678.parquet,34339,downloaded,34339,
2026-07-17,NSE,BPCL,raw_l2/trade_date=2026-07-17/exchange=NSE/symbol=BPCL/part-081617_328016-036870.parquet,real_data_sample\l2_unseen_validation\trade_date=2026-07-17\exchange=NSE\symbol=BPCL\part-081617_328016-036870.parquet,34479,downloaded,34479,
2026-07-17,NSE,BPCL,raw_l2/trade_date=2026-07-17/exchange=NSE/symbol=BPCL/part-081603_390409-036838.parquet,real_data_sample\l2_unseen_validation\trade_date=2026-07-17\exchange=NSE\symbol=BPCL\part-081603_390409-036838.parquet,34559,downloaded,34559,
2026-07-17,NSE,BPCL,raw_l2/trade_date=2026-07-17/exchange=NSE/symbol=BPCL/part-081507_163667-036710.parquet,real_data_sample\l2_unseen_validation\trade_date=2026-07-17\exchange=NSE\symbol=BPCL\part-081507_163667-036710.parquet,34408,downloaded,34408,
2026-07-17,NSE,BPCL,raw_l2/trade_date=2026-07-17/exchange=NSE/symbol=BPCL/part-081659_602606-036966.parquet,real_data_sample\l2_unseen_validation\trade_date=2026-07-17\exchange=NSE\symbol=BPCL\part-081659_602606-036966.parquet,34377,downloaded,34377,
2026-07-17,NSE,BPCL,raw_l2/trade_date=2026-07-17/exchange=NSE/symbol=BPCL/part-081631_346608-036902.parquet,real_data_sample\l2_unseen_validation\trade_date=2026-07-17\exchange=NSE\symbol=BPCL\part-081631_346608-036902.parquet,34603,downloaded,34603,
2026-07-17,NSE,BPCL,raw_l2/trade_date=2026-07-17/exchange=NSE/symbol=BPCL/part-081645_411465-036934.parquet,real_data_sample\l2_unseen_validation\trade_date=2026-07-17\exchange=NSE\symbol=BPCL\part-081645_411465-036934.parquet,34554,downloaded,34554,
2026-07-17,NSE,BPCL,raw_l2/trade_date=2026-07-17/exchange=NSE/symbol=BPCL/part-081951_621097-037350.parquet,real_data_sample\l2_unseen_validation\trade_date=2026-07-17\exchange=NSE\symbol=BPCL\part-081951_621097-037350.parquet,34658,downloaded,34658,
2026-07-17,NSE,BPCL,raw_l2/trade_date=2026-07-17/exchange=NSE/symbol=BPCL/part-081937_193091-037318.parquet,real_data_sample\l2_unseen_validation\trade_date=2026-07-17\exchange=NSE\symbol=BPCL\part-081937_193091-037318.parquet,34659,downloaded,34659,
2026-07-17,NSE,BPCL,raw_l2/trade_date=2026-07-17/exchange=NSE/symbol=BPCL/part-081854_636333-037222.parquet,real_data_sample\l2_unseen_validation\trade_date=2026-07-17\exchange=NSE\symbol=BPCL\part-081854_636333-037222.parquet,34689,downloaded,34689,
2026-07-17,NSE,BPCL,raw_l2/trade_date=2026-07-17/exchange=NSE/symbol=BPCL/part-082005_626841-037382.parquet,real_data_sample\l2_unseen_validation\trade_date=2026-07-17\exchange=NSE\symbol=BPCL\part-082005_626841-037382.parquet,34687,downloaded,34687,
2026-07-17,NSE,BPCL,raw_l2/trade_date=2026-07-17/exchange=NSE/symbol=BPCL/part-081908_668789-037254.parquet,real_data_sample\l2_unseen_validation\trade_date=2026-07-17\exchange=NSE\symbol=BPCL\part-081908_668789-037254.parquet,34458,downloaded,34458,
2026-07-17,NSE,BPCL,raw_l2/trade_date=2026-07-17/exchange=NSE/symbol=BPCL/part-081922_916656-037286.parquet,real_data_sample\l2_unseen_validation\trade_date=2026-07-17\exchange=NSE\symbol=BPCL\part-081922_916656-037286.parquet,34646,downloaded,34646,
2026-07-17,NSE,BPCL,raw_l2/trade_date=2026-07-17/exchange=NSE/symbol=BPCL/part-081713_864259-036998.parquet,real_data_sample\l2_unseen_validation\trade_date=2026-07-17\exchange=NSE\symbol=BPCL\part-081713_864259-036998.parquet,34459,downloaded,34459,
2026-07-17,NSE,BPCL,raw_l2/trade_date=2026-07-17/exchange=NSE/symbol=BPCL/part-081825_850165-037158.parquet,real_data_sample\l2_unseen_validation\trade_date=2026-07-17\exchange=NSE\symbol=BPCL\part-081825_850165-037158.parquet,34391,downloaded,34391,
2026-07-17,NSE,BPCL,raw_l2/trade_date=2026-07-17/exchange=NSE/symbol=BPCL/part-081811_620575-037126.parquet,real_data_sample\l2_unseen_validation\trade_date=2026-07-17\exchange=NSE\symbol=BPCL\part-081811_620575-037126.parquet,34433,downloaded,34433,
2026-07-17,NSE,BPCL,raw_l2/trade_date=2026-07-17/exchange=NSE/symbol=BPCL/part-081742_861622-037062.parquet,real_data_sample\l2_unseen_validation\trade_date=2026-07-17\exchange=NSE\symbol=BPCL\part-081742_861622-037062.parquet,34424,downloaded,34424,
2026-07-17,NSE,BPCL,raw_l2/trade_date=2026-07-17/exchange=NSE/symbol=BPCL/part-081757_165030-037094.parquet,real_data_sample\l2_unseen_validation\trade_date=2026-07-17\exchange=NSE\symbol=BPCL\part-081757_165030-037094.parquet,34558,downloaded,34558,
2026-07-17,NSE,BPCL,raw_l2/trade_date=2026-07-17/exchange=NSE/symbol=BPCL/part-081728_151073-037030.parquet,real_data_sample\l2_unseen_validation\trade_date=2026-07-17\exchange=NSE\symbol=BPCL\part-081728_151073-037030.parquet,34432,downloaded,34432,
2026-07-17,NSE,BPCL,raw_l2/trade_date=2026-07-17/exchange=NSE/symbol=BPCL/part-081840_116116-037190.parquet,real_data_sample\l2_unseen_validation\trade_date=2026-07-17\exchange=NSE\symbol=BPCL\part-081840_116116-037190.parquet,34573,downloaded,34573,
2026-07-17,NSE,BPCL,raw_l2/trade_date=2026-07-17/exchange=NSE/symbol=BPCL/part-082019_872360-037414.parquet,real_data_sample\l2_unseen_validation\trade_date=2026-07-17\exchange=NSE\symbol=BPCL\part-082019_872360-037414.parquet,34650,downloaded,34650,
2026-07-17,NSE,BPCL,raw_l2/trade_date=2026-07-17/exchange=NSE/symbol=BPCL/part-082034_123433-037446.parquet,real_data_sample\l2_unseen_validation\trade_date=2026-07-17\exchange=NSE\symbol=BPCL\part-082034_123433-037446.parquet,34421,downloaded,34421,
2026-07-17,NSE,BPCL,raw_l2/trade_date=2026-07-17/exchange=NSE/symbol=BPCL/part-082243_611050-037734.parquet,real_data_sample\l2_unseen_validation\trade_date=2026-07-17\exchange=NSE\symbol=BPCL\part-082243_611050-037734.parquet,34592,downloaded,34592,
2026-07-17,NSE,BPCL,raw_l2/trade_date=2026-07-17/exchange=NSE/symbol=BPCL/part-082118_403513-037542.parquet,real_data_sample\l2_unseen_validation\trade_date=2026-07-17\exchange=NSE\symbol=BPCL\part-082118_403513-037542.parquet,34322,downloaded,34322,
2026-07-17,NSE,BPCL,raw_l2/trade_date=2026-07-17/exchange=NSE/symbol=BPCL/part-082229_333197-037702.parquet,real_data_sample\l2_unseen_validation\trade_date=2026-07-17\exchange=NSE\symbol=BPCL\part-082229_333197-037702.parquet,34606,downloaded,34606,
2026-07-17,NSE,BPCL,raw_l2/trade_date=2026-07-17/exchange=NSE/symbol=BPCL/part-082103_888374-037510.parquet,real_data_sample\l2_unseen_validation\trade_date=2026-07-17\exchange=NSE\symbol=BPCL\part-082103_888374-037510.parquet,34490,downloaded,34490,
2026-07-17,NSE,BPCL,raw_l2/trade_date=2026-07-17/exchange=NSE/symbol=BPCL/part-082049_461508-037478.parquet,real_data_sample\l2_unseen_validation\trade_date=2026-07-17\exchange=NSE\symbol=BPCL\part-082049_461508-037478.parquet,34631,downloaded,34631,
2026-07-17,NSE,BPCL,raw_l2/trade_date=2026-07-17/exchange=NSE/symbol=BPCL/part-082146_836596-037606.parquet,real_data_sample\l2_unseen_validation\trade_date=2026-07-17\exchange=NSE\symbol=BPCL\part-082146_836596-037606.parquet,34399,downloaded,34399,
2026-07-17,NSE,BPCL,raw_l2/trade_date=2026-07-17/exchange=NSE/symbol=BPCL/part-082132_639816-037574.parquet,real_data_sample\l2_unseen_validation\trade_date=2026-07-17\exchange=NSE\symbol=BPCL\part-082132_639816-037574.parquet,34413,downloaded,34413,
2026-07-17,NSE,BPCL,raw_l2/trade_date=2026-07-17/exchange=NSE/symbol=BPCL/part-082215_341950-037670.parquet,real_data_sample\l2_unseen_validation\trade_date=2026-07-17\exchange=NSE\symbol=BPCL\part-082215_341950-037670.parquet,34667,downloaded,34667,
2026-07-17,NSE,BPCL,raw_l2/trade_date=2026-07-17/exchange=NSE/symbol=BPCL/part-082201_179975-037638.parquet,real_data_sample\l2_unseen_validation\trade_date=2026-07-17\exchange=NSE\symbol=BPCL\part-082201_179975-037638.parquet,34616,downloaded,34616,
2026-07-17,NSE,BPCL,raw_l2/trade_date=2026-07-17/exchange=NSE/symbol=BPCL/part-082257_647445-037766.parquet,real_data_sample\l2_unseen_validation\trade_date=2026-07-17\exchange=NSE\symbol=BPCL\part-082257_647445-037766.parquet,34827,downloaded,34827,
2026-07-17,NSE,BPCL,raw_l2/trade_date=2026-07-17/exchange=NSE/symbol=BPCL/part-082312_107876-037798.parquet,real_data_sample\l2_unseen_validation\trade_date=2026-07-17\exchange=NSE\symbol=BPCL\part-082312_107876-037798.parquet,34530,downloaded,34530,
2026-07-17,NSE,BPCL,raw_l2/trade_date=2026-07-17/exchange=NSE/symbol=BPCL/part-082340_603707-037862.parquet,real_data_sample\l2_unseen_validation\trade_date=2026-07-17\exchange=NSE\symbol=BPCL\part-082340_603707-037862.parquet,34439,downloaded,34439,
2026-07-17,NSE,BPCL,raw_l2/trade_date=2026-07-17/exchange=NSE/symbol=BPCL/part-082326_391951-037830.parquet,real_data_sample\l2_unseen_validation\trade_date=2026-07-17\exchange=NSE\symbol=BPCL\part-082326_391951-037830.parquet,34536,downloaded,34536,
2026-07-17,NSE,BPCL,raw_l2/trade_date=2026-07-17/exchange=NSE/symbol=BPCL/part-082354_617667-037894.parquet,real_data_sample\l2_unseen_validation\trade_date=2026-07-17\exchange=NSE\symbol=BPCL\part-082354_617667-037894.parquet,34425,downloaded,34425,
2026-07-17,NSE,BPCL,raw_l2/trade_date=2026-07-17/exchange=NSE/symbol=BPCL/part-082422_859345-037958.parquet,real_data_sample\l2_unseen_validation\trade_date=2026-07-17\exchange=NSE\symbol=BPCL\part-082422_859345-037958.parquet,34440,downloaded,34440,
2026-07-17,NSE,BPCL,raw_l2/trade_date=2026-07-17/exchange=NSE/symbol=BPCL/part-082408_679872-037926.parquet,real_data_sample\l2_unseen_validation\trade_date=2026-07-17\exchange=NSE\symbol=BPCL\part-082408_679872-037926.parquet,34406,downloaded,34406,
2026-07-17,NSE,BPCL,raw_l2/trade_date=2026-07-17/exchange=NSE/symbol=BPCL/part-082505_142099-038054.parquet,real_data_sample\l2_unseen_validation\trade_date=2026-07-17\exchange=NSE\symbol=BPCL\part-082505_142099-038054.parquet,34746,downloaded,34746,
2026-07-17,NSE,BPCL,raw_l2/trade_date=2026-07-17/exchange=NSE/symbol=BPCL/part-082602_442367-038182.parquet,real_data_sample\l2_unseen_validation\trade_date=2026-07-17\exchange=NSE\symbol=BPCL\part-082602_442367-038182.parquet,34674,downloaded,34674,
2026-07-17,NSE,BPCL,raw_l2/trade_date=2026-07-17/exchange=NSE/symbol=BPCL/part-082547_932441-038150.parquet,real_data_sample\l2_unseen_validation\trade_date=2026-07-17\exchange=NSE\symbol=BPCL\part-082547_932441-038150.parquet,34390,downloaded,34390,
2026-07-17,NSE,BPCL,raw_l2/trade_date=2026-07-17/exchange=NSE/symbol=BPCL/part-082533_405890-038118.parquet,real_data_sample\l2_unseen_validation\trade_date=2026-07-17\exchange=NSE\symbol=BPCL\part-082533_405890-038118.parquet,34501,downloaded,34501,
2026-07-17,NSE,BPCL,raw_l2/trade_date=2026-07-17/exchange=NSE/symbol=BPCL/part-082630_914008-038246.parquet,real_data_sample\l2_unseen_validation\trade_date=2026-07-17\exchange=NSE\symbol=BPCL\part-082630_914008-038246.parquet,34471,downloaded,34471,
2026-07-17,NSE,BPCL,raw_l2/trade_date=2026-07-17/exchange=NSE/symbol=BPCL/part-082451_143271-038022.parquet,real_data_sample\l2_unseen_validation\trade_date=2026-07-17\exchange=NSE\symbol=BPCL\part-082451_143271-038022.parquet,34866,downloaded,34866,
2026-07-17,NSE,BPCL,raw_l2/trade_date=2026-07-17/exchange=NSE/symbol=BPCL/part-082616_668957-038214.parquet,real_data_sample\l2_unseen_validation\trade_date=2026-07-17\exchange=NSE\symbol=BPCL\part-082616_668957-038214.parquet,34423,downloaded,34423,
2026-07-17,NSE,BPCL,raw_l2/trade_date=2026-07-17/exchange=NSE/symbol=BPCL/part-082519_152934-038086.parquet,real_data_sample\l2_unseen_validation\trade_date=2026-07-17\exchange=NSE\symbol=BPCL\part-082519_152934-038086.parquet,34587,downloaded,34587,
2026-07-17,NSE,BPCL,raw_l2/trade_date=2026-07-17/exchange=NSE/symbol=BPCL/part-082436_848672-037990.parquet,real_data_sample\l2_unseen_validation\trade_date=2026-07-17\exchange=NSE\symbol=BPCL\part-082436_848672-037990.parquet,34637,downloaded,34637,
2026-07-17,NSE,BPCL,raw_l2/trade_date=2026-07-17/exchange=NSE/symbol=BPCL/part-082645_353776-038278.parquet,real_data_sample\l2_unseen_validation\trade_date=2026-07-17\exchange=NSE\symbol=BPCL\part-082645_353776-038278.parquet,34518,downloaded,34518,
2026-07-17,NSE,BPCL,raw_l2/trade_date=2026-07-17/exchange=NSE/symbol=BPCL/part-082659_366567-038310.parquet,real_data_sample\l2_unseen_validation\trade_date=2026-07-17\exchange=NSE\symbol=BPCL\part-082659_366567-038310.parquet,34628,downloaded,34628,
2026-07-17,NSE,BPCL,raw_l2/trade_date=2026-07-17/exchange=NSE/symbol=BPCL/part-082727_866731-038374.parquet,real_data_sample\l2_unseen_validation\trade_date=2026-07-17\exchange=NSE\symbol=BPCL\part-082727_866731-038374.parquet,34581,downloaded,34581,
2026-07-17,NSE,BPCL,raw_l2/trade_date=2026-07-17/exchange=NSE/symbol=BPCL/part-082810_910612-038470.parquet,real_data_sample\l2_unseen_validation\trade_date=2026-07-17\exchange=NSE\symbol=BPCL\part-082810_910612-038470.parquet,34646,downloaded,34646,
2026-07-17,NSE,BPCL,raw_l2/trade_date=2026-07-17/exchange=NSE/symbol=BPCL/part-082713_616896-038342.parquet,real_data_sample\l2_unseen_validation\trade_date=2026-07-17\exchange=NSE\symbol=BPCL\part-082713_616896-038342.parquet,34525,downloaded,34525,
2026-07-17,NSE,BPCL,raw_l2/trade_date=2026-07-17/exchange=NSE/symbol=BPCL/part-082756_400059-038438.parquet,real_data_sample\l2_unseen_validation\trade_date=2026-07-17\exchange=NSE\symbol=BPCL\part-082756_400059-038438.parquet,34628,downloaded,34628,
2026-07-17,NSE,BPCL,raw_l2/trade_date=2026-07-17/exchange=NSE/symbol=BPCL/part-082742_141262-038406.parquet,real_data_sample\l2_unseen_validation\trade_date=2026-07-17\exchange=NSE\symbol=BPCL\part-082742_141262-038406.parquet,34400,downloaded,34400,
2026-07-17,NSE,BPCL,raw_l2/trade_date=2026-07-17/exchange=NSE/symbol=BPCL/part-082825_444737-038502.parquet,real_data_sample\l2_unseen_validation\trade_date=2026-07-17\exchange=NSE\symbol=BPCL\part-082825_444737-038502.parquet,34327,downloaded,34327,
2026-07-17,NSE,BPCL,raw_l2/trade_date=2026-07-17/exchange=NSE/symbol=BPCL/part-082854_419927-038566.parquet,real_data_sample\l2_unseen_validation\trade_date=2026-07-17\exchange=NSE\symbol=BPCL\part-082854_419927-038566.parquet,34706,downloaded,34706,
2026-07-17,NSE,BPCL,raw_l2/trade_date=2026-07-17/exchange=NSE/symbol=BPCL/part-082839_962691-038534.parquet,real_data_sample\l2_unseen_validation\trade_date=2026-07-17\exchange=NSE\symbol=BPCL\part-082839_962691-038534.parquet,34572,downloaded,34572,
2026-07-17,NSE,BPCL,raw_l2/trade_date=2026-07-17/exchange=NSE/symbol=BPCL/part-082923_394903-038630.parquet,real_data_sample\l2_unseen_validation\trade_date=2026-07-17\exchange=NSE\symbol=BPCL\part-082923_394903-038630.parquet,34539,downloaded,34539,
2026-07-17,NSE,BPCL,raw_l2/trade_date=2026-07-17/exchange=NSE/symbol=BPCL/part-082908_949639-038598.parquet,real_data_sample\l2_unseen_validation\trade_date=2026-07-17\exchange=NSE\symbol=BPCL\part-082908_949639-038598.parquet,34575,downloaded,34575,
2026-07-17,NSE,BPCL,raw_l2/trade_date=2026-07-17/exchange=NSE/symbol=BPCL/part-082937_922474-038662.parquet,real_data_sample\l2_unseen_validation\trade_date=2026-07-17\exchange=NSE\symbol=BPCL\part-082937_922474-038662.parquet,34476,downloaded,34476,
2026-07-17,NSE,BPCL,raw_l2/trade_date=2026-07-17/exchange=NSE/symbol=BPCL/part-082952_432746-038694.parquet,real_data_sample\l2_unseen_validation\trade_date=2026-07-17\exchange=NSE\symbol=BPCL\part-082952_432746-038694.parquet,34359,downloaded,34359,
2026-07-17,NSE,BPCL,raw_l2/trade_date=2026-07-17/exchange=NSE/symbol=BPCL/part-083007_169996-038726.parquet,real_data_sample\l2_unseen_validation\trade_date=2026-07-17\exchange=NSE\symbol=BPCL\part-083007_169996-038726.parquet,34666,downloaded,34666,
2026-07-17,NSE,BPCL,raw_l2/trade_date=2026-07-17/exchange=NSE/symbol=BPCL/part-083021_630923-038758.parquet,real_data_sample\l2_unseen_validation\trade_date=2026-07-17\exchange=NSE\symbol=BPCL\part-083021_630923-038758.parquet,34681,downloaded,34681,
2026-07-17,NSE,BPCL,raw_l2/trade_date=2026-07-17/exchange=NSE/symbol=BPCL/part-083050_419260-038822.parquet,real_data_sample\l2_unseen_validation\trade_date=2026-07-17\exchange=NSE\symbol=BPCL\part-083050_419260-038822.parquet,34389,downloaded,34389,
2026-07-17,NSE,BPCL,raw_l2/trade_date=2026-07-17/exchange=NSE/symbol=BPCL/part-083104_795866-038854.parquet,real_data_sample\l2_unseen_validation\trade_date=2026-07-17\exchange=NSE\symbol=BPCL\part-083104_795866-038854.parquet,34584,downloaded,34584,
2026-07-17,NSE,BPCL,raw_l2/trade_date=2026-07-17/exchange=NSE/symbol=BPCL/part-083413_653127-039270.parquet,real_data_sample\l2_unseen_validation\trade_date=2026-07-17\exchange=NSE\symbol=BPCL\part-083413_653127-039270.parquet,34560,downloaded,34560,
2026-07-17,NSE,BPCL,raw_l2/trade_date=2026-07-17/exchange=NSE/symbol=BPCL/part-083035_890902-038790.parquet,real_data_sample\l2_unseen_validation\trade_date=2026-07-17\exchange=NSE\symbol=BPCL\part-083035_890902-038790.parquet,34462,downloaded,34462,
2026-07-17,NSE,BPCL,raw_l2/trade_date=2026-07-17/exchange=NSE/symbol=BPCL/part-083330_691169-039174.parquet,real_data_sample\l2_unseen_validation\trade_date=2026-07-17\exchange=NSE\symbol=BPCL\part-083330_691169-039174.parquet,34475,downloaded,34475,
2026-07-17,NSE,BPCL,raw_l2/trade_date=2026-07-17/exchange=NSE/symbol=BPCL/part-083148_945061-038950.parquet,real_data_sample\l2_unseen_validation\trade_date=2026-07-17\exchange=NSE\symbol=BPCL\part-083148_945061-038950.parquet,34510,downloaded,34510,
2026-07-17,NSE,BPCL,raw_l2/trade_date=2026-07-17/exchange=NSE/symbol=BPCL/part-083203_126129-038982.parquet,real_data_sample\l2_unseen_validation\trade_date=2026-07-17\exchange=NSE\symbol=BPCL\part-083203_126129-038982.parquet,34505,downloaded,34505,
2026-07-17,NSE,BPCL,raw_l2/trade_date=2026-07-17/exchange=NSE/symbol=BPCL/part-083134_214044-038918.parquet,real_data_sample\l2_unseen_validation\trade_date=2026-07-17\exchange=NSE\symbol=BPCL\part-083134_214044-038918.parquet,34693,downloaded,34693,
2026-07-17,NSE,BPCL,raw_l2/trade_date=2026-07-17/exchange=NSE/symbol=BPCL/part-083344_899160-039206.parquet,real_data_sample\l2_unseen_validation\trade_date=2026-07-17\exchange=NSE\symbol=BPCL\part-083344_899160-039206.parquet,34519,downloaded,34519,
2026-07-17,NSE,BPCL,raw_l2/trade_date=2026-07-17/exchange=NSE/symbol=BPCL/part-083442_369473-039334.parquet,real_data_sample\l2_unseen_validation\trade_date=2026-07-17\exchange=NSE\symbol=BPCL\part-083442_369473-039334.parquet,34440,downloaded,34440,
2026-07-17,NSE,BPCL,raw_l2/trade_date=2026-07-17/exchange=NSE/symbol=BPCL/part-083359_409533-039238.parquet,real_data_sample\l2_unseen_validation\trade_date=2026-07-17\exchange=NSE\symbol=BPCL\part-083359_409533-039238.parquet,34572,downloaded,34572,
2026-07-17,NSE,BPCL,raw_l2/trade_date=2026-07-17/exchange=NSE/symbol=BPCL/part-083232_412482-039046.parquet,real_data_sample\l2_unseen_validation\trade_date=2026-07-17\exchange=NSE\symbol=BPCL\part-083232_412482-039046.parquet,34434,downloaded,34434,
2026-07-17,NSE,BPCL,raw_l2/trade_date=2026-07-17/exchange=NSE/symbol=BPCL/part-083427_894603-039302.parquet,real_data_sample\l2_unseen_validation\trade_date=2026-07-17\exchange=NSE\symbol=BPCL\part-083427_894603-039302.parquet,34463,downloaded,34463,
2026-07-17,NSE,BPCL,raw_l2/trade_date=2026-07-17/exchange=NSE/symbol=BPCL/part-083246_919707-039078.parquet,real_data_sample\l2_unseen_validation\trade_date=2026-07-17\exchange=NSE\symbol=BPCL\part-083246_919707-039078.parquet,34581,downloaded,34581,
2026-07-17,NSE,BPCL,raw_l2/trade_date=2026-07-17/exchange=NSE/symbol=BPCL/part-083316_392712-039142.parquet,real_data_sample\l2_unseen_validation\trade_date=2026-07-17\exchange=NSE\symbol=BPCL\part-083316_392712-039142.parquet,34372,downloaded,34372,
2026-07-17,NSE,BPCL,raw_l2/trade_date=2026-07-17/exchange=NSE/symbol=BPCL/part-083301_662791-039110.parquet,real_data_sample\l2_unseen_validation\trade_date=2026-07-17\exchange=NSE\symbol=BPCL\part-083301_662791-039110.parquet,34500,downloaded,34500,
2026-07-17,NSE,BPCL,raw_l2/trade_date=2026-07-17/exchange=NSE/symbol=BPCL/part-083119_697188-038886.parquet,real_data_sample\l2_unseen_validation\trade_date=2026-07-17\exchange=NSE\symbol=BPCL\part-083119_697188-038886.parquet,34604,downloaded,34604,
2026-07-17,NSE,BPCL,raw_l2/trade_date=2026-07-17/exchange=NSE/symbol=BPCL/part-083456_660148-039366.parquet,real_data_sample\l2_unseen_validation\trade_date=2026-07-17\exchange=NSE\symbol=BPCL\part-083456_660148-039366.parquet,34421,downloaded,34421,
2026-07-17,NSE,BPCL,raw_l2/trade_date=2026-07-17/exchange=NSE/symbol=BPCL/part-083525_360784-039430.parquet,real_data_sample\l2_unseen_validation\trade_date=2026-07-17\exchange=NSE\symbol=BPCL\part-083525_360784-039430.parquet,34365,downloaded,34365,
2026-07-17,NSE,BPCL,raw_l2/trade_date=2026-07-17/exchange=NSE/symbol=BPCL/part-083511_130008-039398.parquet,real_data_sample\l2_unseen_validation\trade_date=2026-07-17\exchange=NSE\symbol=BPCL\part-083511_130008-039398.parquet,34418,downloaded,34418,
2026-07-17,NSE,BPCL,raw_l2/trade_date=2026-07-17/exchange=NSE/symbol=BPCL/part-083217_642408-039014.parquet,real_data_sample\l2_unseen_validation\trade_date=2026-07-17\exchange=NSE\symbol=BPCL\part-083217_642408-039014.parquet,34524,downloaded,34524,
2026-07-17,NSE,BPCL,raw_l2/trade_date=2026-07-17/exchange=NSE/symbol=BPCL/part-083539_378508-039462.parquet,real_data_sample\l2_unseen_validation\trade_date=2026-07-17\exchange=NSE\symbol=BPCL\part-083539_378508-039462.parquet,34654,downloaded,34654,
2026-07-17,NSE,BPCL,raw_l2/trade_date=2026-07-17/exchange=NSE/symbol=BPCL/part-083607_621583-039526.parquet,real_data_sample\l2_unseen_validation\trade_date=2026-07-17\exchange=NSE\symbol=BPCL\part-083607_621583-039526.parquet,34402,downloaded,34402,
2026-07-17,NSE,BPCL,raw_l2/trade_date=2026-07-17/exchange=NSE/symbol=BPCL/part-083553_659296-039494.parquet,real_data_sample\l2_unseen_validation\trade_date=2026-07-17\exchange=NSE\symbol=BPCL\part-083553_659296-039494.parquet,34457,downloaded,34457,
2026-07-17,NSE,BPCL,raw_l2/trade_date=2026-07-17/exchange=NSE/symbol=BPCL/part-083622_102381-039558.parquet,real_data_sample\l2_unseen_validation\trade_date=2026-07-17\exchange=NSE\symbol=BPCL\part-083622_102381-039558.parquet,34813,downloaded,34813,
2026-07-17,NSE,BPCL,raw_l2/trade_date=2026-07-17/exchange=NSE/symbol=BPCL/part-083704_847252-039654.parquet,real_data_sample\l2_unseen_validation\trade_date=2026-07-17\exchange=NSE\symbol=BPCL\part-083704_847252-039654.parquet,34578,downloaded,34578,
2026-07-17,NSE,BPCL,raw_l2/trade_date=2026-07-17/exchange=NSE/symbol=BPCL/part-083636_388096-039590.parquet,real_data_sample\l2_unseen_validation\trade_date=2026-07-17\exchange=NSE\symbol=BPCL\part-083636_388096-039590.parquet,34653,downloaded,34653,
2026-07-17,NSE,BPCL,raw_l2/trade_date=2026-07-17/exchange=NSE/symbol=BPCL/part-083650_607677-039622.parquet,real_data_sample\l2_unseen_validation\trade_date=2026-07-17\exchange=NSE\symbol=BPCL\part-083650_607677-039622.parquet,34542,downloaded,34542,
2026-07-17,NSE,BPCL,raw_l2/trade_date=2026-07-17/exchange=NSE/symbol=BPCL/part-083718_941722-039686.parquet,real_data_sample\l2_unseen_validation\trade_date=2026-07-17\exchange=NSE\symbol=BPCL\part-083718_941722-039686.parquet,34369,downloaded,34369,
2026-07-17,NSE,BPCL,raw_l2/trade_date=2026-07-17/exchange=NSE/symbol=BPCL/part-083815_934248-039814.parquet,real_data_sample\l2_unseen_validation\trade_date=2026-07-17\exchange=NSE\symbol=BPCL\part-083815_934248-039814.parquet,34289,downloaded,34289,
2026-07-17,NSE,BPCL,raw_l2/trade_date=2026-07-17/exchange=NSE/symbol=BPCL/part-083733_089548-039718.parquet,real_data_sample\l2_unseen_validation\trade_date=2026-07-17\exchange=NSE\symbol=BPCL\part-083733_089548-039718.parquet,34426,downloaded,34426,
2026-07-17,NSE,BPCL,raw_l2/trade_date=2026-07-17/exchange=NSE/symbol=BPCL/part-083747_355162-039750.parquet,real_data_sample\l2_unseen_validation\trade_date=2026-07-17\exchange=NSE\symbol=BPCL\part-083747_355162-039750.parquet,34429,downloaded,34429,
2026-07-17,NSE,BPCL,raw_l2/trade_date=2026-07-17/exchange=NSE/symbol=BPCL/part-083801_697080-039782.parquet,real_data_sample\l2_unseen_validation\trade_date=2026-07-17\exchange=NSE\symbol=BPCL\part-083801_697080-039782.parquet,34645,downloaded,34645,
2026-07-17,NSE,BPCL,raw_l2/trade_date=2026-07-17/exchange=NSE/symbol=BPCL/part-080430_638842-035302.parquet,real_data_sample\l2_unseen_validation\trade_date=2026-07-17\exchange=NSE\symbol=BPCL\part-080430_638842-035302.parquet,34516,downloaded,34516,
2026-07-17,NSE,BPCL,raw_l2/trade_date=2026-07-17/exchange=NSE/symbol=BPCL/part-083844_619112-039878.parquet,real_data_sample\l2_unseen_validation\trade_date=2026-07-17\exchange=NSE\symbol=BPCL\part-083844_619112-039878.parquet,34461,downloaded,34461,
2026-07-17,NSE,BPCL,raw_l2/trade_date=2026-07-17/exchange=NSE/symbol=BPCL/part-083913_355755-039942.parquet,real_data_sample\l2_unseen_validation\trade_date=2026-07-17\exchange=NSE\symbol=BPCL\part-083913_355755-039942.parquet,34467,downloaded,34467,
2026-07-17,NSE,BPCL,raw_l2/trade_date=2026-07-17/exchange=NSE/symbol=BPCL/part-083858_942589-039910.parquet,real_data_sample\l2_unseen_validation\trade_date=2026-07-17\exchange=NSE\symbol=BPCL\part-083858_942589-039910.parquet,34380,downloaded,34380,
2026-07-17,NSE,BPCL,raw_l2/trade_date=2026-07-17/exchange=NSE/symbol=BPCL/part-083830_213837-039846.parquet,real_data_sample\l2_unseen_validation\trade_date=2026-07-17\exchange=NSE\symbol=BPCL\part-083830_213837-039846.parquet,34384,downloaded,34384,
2026-07-17,NSE,BPCL,raw_l2/trade_date=2026-07-17/exchange=NSE/symbol=BPCL/part-083927_668669-039974.parquet,real_data_sample\l2_unseen_validation\trade_date=2026-07-17\exchange=NSE\symbol=BPCL\part-083927_668669-039974.parquet,34492,downloaded,34492,
2026-07-17,NSE,BPCL,raw_l2/trade_date=2026-07-17/exchange=NSE/symbol=BPCL/part-083941_944680-040006.parquet,real_data_sample\l2_unseen_validation\trade_date=2026-07-17\exchange=NSE\symbol=BPCL\part-083941_944680-040006.parquet,34339,downloaded,34339,
2026-07-17,NSE,BPCL,raw_l2/trade_date=2026-07-17/exchange=NSE/symbol=BPCL/part-083956_134197-040038.parquet,real_data_sample\l2_unseen_validation\trade_date=2026-07-17\exchange=NSE\symbol=BPCL\part-083956_134197-040038.parquet,34367,downloaded,34367,
2026-07-17,NSE,BPCL,raw_l2/trade_date=2026-07-17/exchange=NSE/symbol=BPCL/part-080204_949835-034982.parquet,real_data_sample\l2_unseen_validation\trade_date=2026-07-17\exchange=NSE\symbol=BPCL\part-080204_949835-034982.parquet,34588,downloaded,34588,
2026-07-17,NSE,BPCL,raw_l2/trade_date=2026-07-17/exchange=NSE/symbol=BPCL/part-084024_877258-040102.parquet,real_data_sample\l2_unseen_validation\trade_date=2026-07-17\exchange=NSE\symbol=BPCL\part-084024_877258-040102.parquet,34433,downloaded,34433,
2026-07-17,NSE,BPCL,raw_l2/trade_date=2026-07-17/exchange=NSE/symbol=BPCL/part-084010_655449-040070.parquet,real_data_sample\l2_unseen_validation\trade_date=2026-07-17\exchange=NSE\symbol=BPCL\part-084010_655449-040070.parquet,34435,downloaded,34435,
2026-07-17,NSE,BPCL,raw_l2/trade_date=2026-07-17/exchange=NSE/symbol=BPCL/part-080121_882936-034886.parquet,real_data_sample\l2_unseen_validation\trade_date=2026-07-17\exchange=NSE\symbol=BPCL\part-080121_882936-034886.parquet,34616,downloaded,34616,
2026-07-17,NSE,BPCL,raw_l2/trade_date=2026-07-17/exchange=NSE/symbol=BPCL/part-084219_634115-040358.parquet,real_data_sample\l2_unseen_validation\trade_date=2026-07-17\exchange=NSE\symbol=BPCL\part-084219_634115-040358.parquet,34499,downloaded,34499,
2026-07-17,NSE,BPCL,raw_l2/trade_date=2026-07-17/exchange=NSE/symbol=BPCL/part-084205_168130-040326.parquet,real_data_sample\l2_unseen_validation\trade_date=2026-07-17\exchange=NSE\symbol=BPCL\part-084205_168130-040326.parquet,34353,downloaded,34353,
2026-07-17,NSE,BPCL,raw_l2/trade_date=2026-07-17/exchange=NSE/symbol=BPCL/part-084136_431481-040262.parquet,real_data_sample\l2_unseen_validation\trade_date=2026-07-17\exchange=NSE\symbol=BPCL\part-084136_431481-040262.parquet,34404,downloaded,34404,
2026-07-17,NSE,BPCL,raw_l2/trade_date=2026-07-17/exchange=NSE/symbol=BPCL/part-084248_157324-040422.parquet,real_data_sample\l2_unseen_validation\trade_date=2026-07-17\exchange=NSE\symbol=BPCL\part-084248_157324-040422.parquet,34486,downloaded,34486,
2026-07-17,NSE,BPCL,raw_l2/trade_date=2026-07-17/exchange=NSE/symbol=BPCL/part-084150_879948-040294.parquet,real_data_sample\l2_unseen_validation\trade_date=2026-07-17\exchange=NSE\symbol=BPCL\part-084150_879948-040294.parquet,34570,downloaded,34570,
2026-07-17,NSE,BPCL,raw_l2/trade_date=2026-07-17/exchange=NSE/symbol=BPCL/part-075954_800955-034694.parquet,real_data_sample\l2_unseen_validation\trade_date=2026-07-17\exchange=NSE\symbol=BPCL\part-075954_800955-034694.parquet,34642,downloaded,34642,
2026-07-17,NSE,BPCL,raw_l2/trade_date=2026-07-17/exchange=NSE/symbol=BPCL/part-084121_881535-040230.parquet,real_data_sample\l2_unseen_validation\trade_date=2026-07-17\exchange=NSE\symbol=BPCL\part-084121_881535-040230.parquet,34327,downloaded,34327,
2026-07-17,NSE,BPCL,raw_l2/trade_date=2026-07-17/exchange=NSE/symbol=BPCL/part-080150_420983-034950.parquet,real_data_sample\l2_unseen_validation\trade_date=2026-07-17\exchange=NSE\symbol=BPCL\part-080150_420983-034950.parquet,34492,downloaded,34492,
2026-07-17,NSE,BPCL,raw_l2/trade_date=2026-07-17/exchange=NSE/symbol=BPCL/part-084107_851124-040198.parquet,real_data_sample\l2_unseen_validation\trade_date=2026-07-17\exchange=NSE\symbol=BPCL\part-084107_851124-040198.parquet,34417,downloaded,34417,
2026-07-17,NSE,BPCL,raw_l2/trade_date=2026-07-17/exchange=NSE/symbol=BPCL/part-084039_165326-040134.parquet,real_data_sample\l2_unseen_validation\trade_date=2026-07-17\exchange=NSE\symbol=BPCL\part-084039_165326-040134.parquet,34450,downloaded,34450,
2026-07-17,NSE,BPCL,raw_l2/trade_date=2026-07-17/exchange=NSE/symbol=BPCL/part-084053_709326-040166.parquet,real_data_sample\l2_unseen_validation\trade_date=2026-07-17\exchange=NSE\symbol=BPCL\part-084053_709326-040166.parquet,34401,downloaded,34401,
2026-07-17,NSE,BPCL,raw_l2/trade_date=2026-07-17/exchange=NSE/symbol=BPCL/part-084233_944800-040390.parquet,real_data_sample\l2_unseen_validation\trade_date=2026-07-17\exchange=NSE\symbol=BPCL\part-084233_944800-040390.parquet,34593,downloaded,34593,
2026-07-17,NSE,BPCL,raw_l2/trade_date=2026-07-17/exchange=NSE/symbol=BPCL/part-084302_616382-040454.parquet,real_data_sample\l2_unseen_validation\trade_date=2026-07-17\exchange=NSE\symbol=BPCL\part-084302_616382-040454.parquet,34504,downloaded,34504,
2026-07-17,NSE,BPCL,raw_l2/trade_date=2026-07-17/exchange=NSE/symbol=BPCL/part-084345_901810-040550.parquet,real_data_sample\l2_unseen_validation\trade_date=2026-07-17\exchange=NSE\symbol=BPCL\part-084345_901810-040550.parquet,34516,downloaded,34516,
2026-07-17,NSE,BPCL,raw_l2/trade_date=2026-07-17/exchange=NSE/symbol=BPCL/part-084316_929018-040486.parquet,real_data_sample\l2_unseen_validation\trade_date=2026-07-17\exchange=NSE\symbol=BPCL\part-084316_929018-040486.parquet,34367,downloaded,34367,
2026-07-17,NSE,BPCL,raw_l2/trade_date=2026-07-17/exchange=NSE/symbol=BPCL/part-084331_420166-040518.parquet,real_data_sample\l2_unseen_validation\trade_date=2026-07-17\exchange=NSE\symbol=BPCL\part-084331_420166-040518.parquet,34498,downloaded,34498,
2026-07-17,NSE,BPCL,raw_l2/trade_date=2026-07-17/exchange=NSE/symbol=BPCL/part-084443_635298-040678.parquet,real_data_sample\l2_unseen_validation\trade_date=2026-07-17\exchange=NSE\symbol=BPCL\part-084443_635298-040678.parquet,34428,downloaded,34428,
2026-07-17,NSE,BPCL,raw_l2/trade_date=2026-07-17/exchange=NSE/symbol=BPCL/part-084414_714083-040614.parquet,real_data_sample\l2_unseen_validation\trade_date=2026-07-17\exchange=NSE\symbol=BPCL\part-084414_714083-040614.parquet,34317,downloaded,34317,
2026-07-17,NSE,BPCL,raw_l2/trade_date=2026-07-17/exchange=NSE/symbol=BPCL/part-084400_430729-040582.parquet,real_data_sample\l2_unseen_validation\trade_date=2026-07-17\exchange=NSE\symbol=BPCL\part-084400_430729-040582.parquet,34482,downloaded,34482,
2026-07-17,NSE,BPCL,raw_l2/trade_date=2026-07-17/exchange=NSE/symbol=BPCL/part-084429_232811-040646.parquet,real_data_sample\l2_unseen_validation\trade_date=2026-07-17\exchange=NSE\symbol=BPCL\part-084429_232811-040646.parquet,34454,downloaded,34454,
2026-07-17,NSE,BPCL,raw_l2/trade_date=2026-07-17/exchange=NSE/symbol=BPCL/part-084512_616828-040742.parquet,real_data_sample\l2_unseen_validation\trade_date=2026-07-17\exchange=NSE\symbol=BPCL\part-084512_616828-040742.parquet,34373,downloaded,34373,
2026-07-17,NSE,BPCL,raw_l2/trade_date=2026-07-17/exchange=NSE/symbol=BPCL/part-084457_884674-040710.parquet,real_data_sample\l2_unseen_validation\trade_date=2026-07-17\exchange=NSE\symbol=BPCL\part-084457_884674-040710.parquet,34475,downloaded,34475,
2026-07-17,NSE,BPCL,raw_l2/trade_date=2026-07-17/exchange=NSE/symbol=BPCL/part-084526_987156-040774.parquet,real_data_sample\l2_unseen_validation\trade_date=2026-07-17\exchange=NSE\symbol=BPCL\part-084526_987156-040774.parquet,34579,downloaded,34579,
2026-07-17,NSE,BPCL,raw_l2/trade_date=2026-07-17/exchange=NSE/symbol=BPCL/part-084541_414058-040806.parquet,real_data_sample\l2_unseen_validation\trade_date=2026-07-17\exchange=NSE\symbol=BPCL\part-084541_414058-040806.parquet,34726,downloaded,34726,
2026-07-17,NSE,BPCL,raw_l2/trade_date=2026-07-17/exchange=NSE/symbol=BPCL/part-084555_616360-040838.parquet,real_data_sample\l2_unseen_validation\trade_date=2026-07-17\exchange=NSE\symbol=BPCL\part-084555_616360-040838.parquet,34637,downloaded,34637,
2026-07-17,NSE,BPCL,raw_l2/trade_date=2026-07-17/exchange=NSE/symbol=BPCL/part-084624_389545-040902.parquet,real_data_sample\l2_unseen_validation\trade_date=2026-07-17\exchange=NSE\symbol=BPCL\part-084624_389545-040902.parquet,34541,downloaded,34541,
2026-07-17,NSE,BPCL,raw_l2/trade_date=2026-07-17/exchange=NSE/symbol=BPCL/part-084610_161025-040870.parquet,real_data_sample\l2_unseen_validation\trade_date=2026-07-17\exchange=NSE\symbol=BPCL\part-084610_161025-040870.parquet,34400,downloaded,34400,
2026-07-17,NSE,BPCL,raw_l2/trade_date=2026-07-17/exchange=NSE/symbol=BPCL/part-084638_653685-040934.parquet,real_data_sample\l2_unseen_validation\trade_date=2026-07-17\exchange=NSE\symbol=BPCL\part-084638_653685-040934.parquet,34650,downloaded,34650,
2026-07-17,NSE,BPCL,raw_l2/trade_date=2026-07-17/exchange=NSE/symbol=BPCL/part-084652_927061-040966.parquet,real_data_sample\l2_unseen_validation\trade_date=2026-07-17\exchange=NSE\symbol=BPCL\part-084652_927061-040966.parquet,34625,downloaded,34625,
2026-07-17,NSE,BPCL,raw_l2/trade_date=2026-07-17/exchange=NSE/symbol=BPCL/part-084721_385888-041030.parquet,real_data_sample\l2_unseen_validation\trade_date=2026-07-17\exchange=NSE\symbol=BPCL\part-084721_385888-041030.parquet,34637,downloaded,34637,
2026-07-17,NSE,BPCL,raw_l2/trade_date=2026-07-17/exchange=NSE/symbol=BPCL/part-084707_193192-040998.parquet,real_data_sample\l2_unseen_validation\trade_date=2026-07-17\exchange=NSE\symbol=BPCL\part-084707_193192-040998.parquet,34693,downloaded,34693,
2026-07-17,NSE,BPCL,raw_l2/trade_date=2026-07-17/exchange=NSE/symbol=BPCL/part-084749_908912-041094.parquet,real_data_sample\l2_unseen_validation\trade_date=2026-07-17\exchange=NSE\symbol=BPCL\part-084749_908912-041094.parquet,34668,downloaded,34668,
2026-07-17,NSE,BPCL,raw_l2/trade_date=2026-07-17/exchange=NSE/symbol=BPCL/part-084930_905681-041318.parquet,real_data_sample\l2_unseen_validation\trade_date=2026-07-17\exchange=NSE\symbol=BPCL\part-084930_905681-041318.parquet,34572,downloaded,34572,
2026-07-17,NSE,BPCL,raw_l2/trade_date=2026-07-17/exchange=NSE/symbol=BPCL/part-084901_675762-041254.parquet,real_data_sample\l2_unseen_validation\trade_date=2026-07-17\exchange=NSE\symbol=BPCL\part-084901_675762-041254.parquet,34607,downloaded,34607,
2026-07-17,NSE,BPCL,raw_l2/trade_date=2026-07-17/exchange=NSE/symbol=BPCL/part-084832_709137-041190.parquet,real_data_sample\l2_unseen_validation\trade_date=2026-07-17\exchange=NSE\symbol=BPCL\part-084832_709137-041190.parquet,34653,downloaded,34653,
2026-07-17,NSE,BPCL,raw_l2/trade_date=2026-07-17/exchange=NSE/symbol=BPCL/part-085028_760053-041446.parquet,real_data_sample\l2_unseen_validation\trade_date=2026-07-17\exchange=NSE\symbol=BPCL\part-085028_760053-041446.parquet,34729,downloaded,34729,
2026-07-17,NSE,BPCL,raw_l2/trade_date=2026-07-17/exchange=NSE/symbol=BPCL/part-084847_168718-041222.parquet,real_data_sample\l2_unseen_validation\trade_date=2026-07-17\exchange=NSE\symbol=BPCL\part-084847_168718-041222.parquet,34563,downloaded,34563,
2026-07-17,NSE,BPCL,raw_l2/trade_date=2026-07-17/exchange=NSE/symbol=BPCL/part-084945_409171-041350.parquet,real_data_sample\l2_unseen_validation\trade_date=2026-07-17\exchange=NSE\symbol=BPCL\part-084945_409171-041350.parquet,34450,downloaded,34450,
2026-07-17,NSE,BPCL,raw_l2/trade_date=2026-07-17/exchange=NSE/symbol=BPCL/part-085014_399621-041414.parquet,real_data_sample\l2_unseen_validation\trade_date=2026-07-17\exchange=NSE\symbol=BPCL\part-085014_399621-041414.parquet,34553,downloaded,34553,
2026-07-17,NSE,BPCL,raw_l2/trade_date=2026-07-17/exchange=NSE/symbol=BPCL/part-084959_866748-041382.parquet,real_data_sample\l2_unseen_validation\trade_date=2026-07-17\exchange=NSE\symbol=BPCL\part-084959_866748-041382.parquet,34455,downloaded,34455,
2026-07-17,NSE,BPCL,raw_l2/trade_date=2026-07-17/exchange=NSE/symbol=BPCL/part-084804_125410-041126.parquet,real_data_sample\l2_unseen_validation\trade_date=2026-07-17\exchange=NSE\symbol=BPCL\part-084804_125410-041126.parquet,34617,downloaded,34617,
2026-07-17,NSE,BPCL,raw_l2/trade_date=2026-07-17/exchange=NSE/symbol=BPCL/part-084818_373278-041158.parquet,real_data_sample\l2_unseen_validation\trade_date=2026-07-17\exchange=NSE\symbol=BPCL\part-084818_373278-041158.parquet,34608,downloaded,34608,
2026-07-17,NSE,BPCL,raw_l2/trade_date=2026-07-17/exchange=NSE/symbol=BPCL/part-084916_097929-041286.parquet,real_data_sample\l2_unseen_validation\trade_date=2026-07-17\exchange=NSE\symbol=BPCL\part-084916_097929-041286.parquet,34530,downloaded,34530,
2026-07-17,NSE,BPCL,raw_l2/trade_date=2026-07-17/exchange=NSE/symbol=BPCL/part-084735_437247-041062.parquet,real_data_sample\l2_unseen_validation\trade_date=2026-07-17\exchange=NSE\symbol=BPCL\part-084735_437247-041062.parquet,34681,downloaded,34681,
2026-07-17,NSE,BPCL,raw_l2/trade_date=2026-07-17/exchange=NSE/symbol=BPCL/part-085126_667836-041574.parquet,real_data_sample\l2_unseen_validation\trade_date=2026-07-17\exchange=NSE\symbol=BPCL\part-085126_667836-041574.parquet,34539,downloaded,34539,
2026-07-17,NSE,BPCL,raw_l2/trade_date=2026-07-17/exchange=NSE/symbol=BPCL/part-085112_133268-041542.parquet,real_data_sample\l2_unseen_validation\trade_date=2026-07-17\exchange=NSE\symbol=BPCL\part-085112_133268-041542.parquet,34618,downloaded,34618,
2026-07-17,NSE,BPCL,raw_l2/trade_date=2026-07-17/exchange=NSE/symbol=BPCL/part-085057_410036-041510.parquet,real_data_sample\l2_unseen_validation\trade_date=2026-07-17\exchange=NSE\symbol=BPCL\part-085057_410036-041510.parquet,34605,downloaded,34605,
2026-07-17,NSE,BPCL,raw_l2/trade_date=2026-07-17/exchange=NSE/symbol=BPCL/part-085042_891852-041478.parquet,real_data_sample\l2_unseen_validation\trade_date=2026-07-17\exchange=NSE\symbol=BPCL\part-085042_891852-041478.parquet,34601,downloaded,34601,
2026-07-17,NSE,BPCL,raw_l2/trade_date=2026-07-17/exchange=NSE/symbol=BPCL/part-085140_969741-041606.parquet,real_data_sample\l2_unseen_validation\trade_date=2026-07-17\exchange=NSE\symbol=BPCL\part-085140_969741-041606.parquet,34573,downloaded,34573,
2026-07-17,NSE,BPCL,raw_l2/trade_date=2026-07-17/exchange=NSE/symbol=BPCL/part-085155_416802-041638.parquet,real_data_sample\l2_unseen_validation\trade_date=2026-07-17\exchange=NSE\symbol=BPCL\part-085155_416802-041638.parquet,34487,downloaded,34487,
2026-07-17,NSE,BPCL,raw_l2/trade_date=2026-07-17/exchange=NSE/symbol=BPCL/part-085210_215805-041670.parquet,real_data_sample\l2_unseen_validation\trade_date=2026-07-17\exchange=NSE\symbol=BPCL\part-085210_215805-041670.parquet,34650,downloaded,34650,
2026-07-17,NSE,BPCL,raw_l2/trade_date=2026-07-17/exchange=NSE/symbol=BPCL/part-085224_702957-041702.parquet,real_data_sample\l2_unseen_validation\trade_date=2026-07-17\exchange=NSE\symbol=BPCL\part-085224_702957-041702.parquet,34583,downloaded,34583,
2026-07-17,NSE,BPCL,raw_l2/trade_date=2026-07-17/exchange=NSE/symbol=BPCL/part-085324_391975-041830.parquet,real_data_sample\l2_unseen_validation\trade_date=2026-07-17\exchange=NSE\symbol=BPCL\part-085324_391975-041830.parquet,34466,downloaded,34466,
2026-07-17,NSE,BPCL,raw_l2/trade_date=2026-07-17/exchange=NSE/symbol=BPCL/part-085339_410496-041862.parquet,real_data_sample\l2_unseen_validation\trade_date=2026-07-17\exchange=NSE\symbol=BPCL\part-085339_410496-041862.parquet,34525,downloaded,34525,
2026-07-17,NSE,BPCL,raw_l2/trade_date=2026-07-17/exchange=NSE/symbol=BPCL/part-085309_095417-041798.parquet,real_data_sample\l2_unseen_validation\trade_date=2026-07-17\exchange=NSE\symbol=BPCL\part-085309_095417-041798.parquet,34584,downloaded,34584,
2026-07-17,NSE,BPCL,raw_l2/trade_date=2026-07-17/exchange=NSE/symbol=BPCL/part-085254_238955-041766.parquet,real_data_sample\l2_unseen_validation\trade_date=2026-07-17\exchange=NSE\symbol=BPCL\part-085254_238955-041766.parquet,34613,downloaded,34613,
2026-07-17,NSE,BPCL,raw_l2/trade_date=2026-07-17/exchange=NSE/symbol=BPCL/part-085239_407855-041734.parquet,real_data_sample\l2_unseen_validation\trade_date=2026-07-17\exchange=NSE\symbol=BPCL\part-085239_407855-041734.parquet,34433,downloaded,34433,
2026-07-17,NSE,BPCL,raw_l2/trade_date=2026-07-17/exchange=NSE/symbol=BPCL/part-085450_889933-042022.parquet,real_data_sample\l2_unseen_validation\trade_date=2026-07-17\exchange=NSE\symbol=BPCL\part-085450_889933-042022.parquet,34614,downloaded,34614,
2026-07-17,NSE,BPCL,raw_l2/trade_date=2026-07-17/exchange=NSE/symbol=BPCL/part-085533_651490-042118.parquet,real_data_sample\l2_unseen_validation\trade_date=2026-07-17\exchange=NSE\symbol=BPCL\part-085533_651490-042118.parquet,34563,downloaded,34563,
2026-07-17,NSE,BPCL,raw_l2/trade_date=2026-07-17/exchange=NSE/symbol=BPCL/part-085616_131097-042214.parquet,real_data_sample\l2_unseen_validation\trade_date=2026-07-17\exchange=NSE\symbol=BPCL\part-085616_131097-042214.parquet,34579,downloaded,34579,
2026-07-17,NSE,BPCL,raw_l2/trade_date=2026-07-17/exchange=NSE/symbol=BPCL/part-085505_254821-042054.parquet,real_data_sample\l2_unseen_validation\trade_date=2026-07-17\exchange=NSE\symbol=BPCL\part-085505_254821-042054.parquet,34307,downloaded,34307,
2026-07-17,NSE,BPCL,raw_l2/trade_date=2026-07-17/exchange=NSE/symbol=BPCL/part-085519_394467-042086.parquet,real_data_sample\l2_unseen_validation\trade_date=2026-07-17\exchange=NSE\symbol=BPCL\part-085519_394467-042086.parquet,34539,downloaded,34539,
2026-07-17,NSE,BPCL,raw_l2/trade_date=2026-07-17/exchange=NSE/symbol=BPCL/part-085602_113106-042182.parquet,real_data_sample\l2_unseen_validation\trade_date=2026-07-17\exchange=NSE\symbol=BPCL\part-085602_113106-042182.parquet,34448,downloaded,34448,
2026-07-17,NSE,BPCL,raw_l2/trade_date=2026-07-17/exchange=NSE/symbol=BPCL/part-085644_634229-042278.parquet,real_data_sample\l2_unseen_validation\trade_date=2026-07-17\exchange=NSE\symbol=BPCL\part-085644_634229-042278.parquet,34700,downloaded,34700,
2026-07-17,NSE,BPCL,raw_l2/trade_date=2026-07-17/exchange=NSE/symbol=BPCL/part-085658_905223-042310.parquet,real_data_sample\l2_unseen_validation\trade_date=2026-07-17\exchange=NSE\symbol=BPCL\part-085658_905223-042310.parquet,34560,downloaded,34560,
2026-07-17,NSE,BPCL,raw_l2/trade_date=2026-07-17/exchange=NSE/symbol=BPCL/part-085547_872110-042150.parquet,real_data_sample\l2_unseen_validation\trade_date=2026-07-17\exchange=NSE\symbol=BPCL\part-085547_872110-042150.parquet,34792,downloaded,34792,
2026-07-17,NSE,BPCL,raw_l2/trade_date=2026-07-17/exchange=NSE/symbol=BPCL/part-085908_402265-042598.parquet,real_data_sample\l2_unseen_validation\trade_date=2026-07-17\exchange=NSE\symbol=BPCL\part-085908_402265-042598.parquet,34499,downloaded,34499,
2026-07-17,NSE,BPCL,raw_l2/trade_date=2026-07-17/exchange=NSE/symbol=BPCL/part-085353_613005-041894.parquet,real_data_sample\l2_unseen_validation\trade_date=2026-07-17\exchange=NSE\symbol=BPCL\part-085353_613005-041894.parquet,34601,downloaded,34601,
2026-07-17,NSE,BPCL,raw_l2/trade_date=2026-07-17/exchange=NSE/symbol=BPCL/part-085407_880808-041926.parquet,real_data_sample\l2_unseen_validation\trade_date=2026-07-17\exchange=NSE\symbol=BPCL\part-085407_880808-041926.parquet,34767,downloaded,34767,
2026-07-17,NSE,BPCL,raw_l2/trade_date=2026-07-17/exchange=NSE/symbol=BPCL/part-085630_402328-042246.parquet,real_data_sample\l2_unseen_validation\trade_date=2026-07-17\exchange=NSE\symbol=BPCL\part-085630_402328-042246.parquet,34448,downloaded,34448,
2026-07-17,NSE,BPCL,raw_l2/trade_date=2026-07-17/exchange=NSE/symbol=BPCL/part-085727_351857-042374.parquet,real_data_sample\l2_unseen_validation\trade_date=2026-07-17\exchange=NSE\symbol=BPCL\part-085727_351857-042374.parquet,34615,downloaded,34615,
2026-07-17,NSE,BPCL,raw_l2/trade_date=2026-07-17/exchange=NSE/symbol=BPCL/part-085422_123439-041958.parquet,real_data_sample\l2_unseen_validation\trade_date=2026-07-17\exchange=NSE\symbol=BPCL\part-085422_123439-041958.parquet,34376,downloaded,34376,
2026-07-17,NSE,BPCL,raw_l2/trade_date=2026-07-17/exchange=NSE/symbol=BPCL/part-085810_648781-042470.parquet,real_data_sample\l2_unseen_validation\trade_date=2026-07-17\exchange=NSE\symbol=BPCL\part-085810_648781-042470.parquet,34457,downloaded,34457,
2026-07-17,NSE,BPCL,raw_l2/trade_date=2026-07-17/exchange=NSE/symbol=BPCL/part-085436_419855-041990.parquet,real_data_sample\l2_unseen_validation\trade_date=2026-07-17\exchange=NSE\symbol=BPCL\part-085436_419855-041990.parquet,34565,downloaded,34565,
2026-07-17,NSE,BPCL,raw_l2/trade_date=2026-07-17/exchange=NSE/symbol=BPCL/part-085824_899944-042502.parquet,real_data_sample\l2_unseen_validation\trade_date=2026-07-17\exchange=NSE\symbol=BPCL\part-085824_899944-042502.parquet,34389,downloaded,34389,
2026-07-17,NSE,BPCL,raw_l2/trade_date=2026-07-17/exchange=NSE/symbol=BPCL/part-085756_220624-042438.parquet,real_data_sample\l2_unseen_validation\trade_date=2026-07-17\exchange=NSE\symbol=BPCL\part-085756_220624-042438.parquet,34685,downloaded,34685,
2026-07-17,NSE,BPCL,raw_l2/trade_date=2026-07-17/exchange=NSE/symbol=BPCL/part-085839_432946-042534.parquet,real_data_sample\l2_unseen_validation\trade_date=2026-07-17\exchange=NSE\symbol=BPCL\part-085839_432946-042534.parquet,34574,downloaded,34574,
2026-07-17,NSE,BPCL,raw_l2/trade_date=2026-07-17/exchange=NSE/symbol=BPCL/part-085741_668069-042406.parquet,real_data_sample\l2_unseen_validation\trade_date=2026-07-17\exchange=NSE\symbol=BPCL\part-085741_668069-042406.parquet,34823,downloaded,34823,
2026-07-17,NSE,BPCL,raw_l2/trade_date=2026-07-17/exchange=NSE/symbol=BPCL/part-085937_742757-042662.parquet,real_data_sample\l2_unseen_validation\trade_date=2026-07-17\exchange=NSE\symbol=BPCL\part-085937_742757-042662.parquet,34610,downloaded,34610,
2026-07-17,NSE,BPCL,raw_l2/trade_date=2026-07-17/exchange=NSE/symbol=BPCL/part-085713_248160-042342.parquet,real_data_sample\l2_unseen_validation\trade_date=2026-07-17\exchange=NSE\symbol=BPCL\part-085713_248160-042342.parquet,34601,downloaded,34601,
2026-07-17,NSE,BPCL,raw_l2/trade_date=2026-07-17/exchange=NSE/symbol=BPCL/part-085952_439846-042694.parquet,real_data_sample\l2_unseen_validation\trade_date=2026-07-17\exchange=NSE\symbol=BPCL\part-085952_439846-042694.parquet,34617,downloaded,34617,
2026-07-17,NSE,BPCL,raw_l2/trade_date=2026-07-17/exchange=NSE/symbol=BPCL/part-085853_942074-042566.parquet,real_data_sample\l2_unseen_validation\trade_date=2026-07-17\exchange=NSE\symbol=BPCL\part-085853_942074-042566.parquet,34674,downloaded,34674,
2026-07-17,NSE,BPCL,raw_l2/trade_date=2026-07-17/exchange=NSE/symbol=BPCL/part-085922_976379-042630.parquet,real_data_sample\l2_unseen_validation\trade_date=2026-07-17\exchange=NSE\symbol=BPCL\part-085922_976379-042630.parquet,34624,downloaded,34624,
2026-07-17,NSE,BPCL,raw_l2/trade_date=2026-07-17/exchange=NSE/symbol=BPCL/part-090006_917724-042726.parquet,real_data_sample\l2_unseen_validation\trade_date=2026-07-17\exchange=NSE\symbol=BPCL\part-090006_917724-042726.parquet,34600,downloaded,34600,
2026-07-17,NSE,BPCL,raw_l2/trade_date=2026-07-17/exchange=NSE/symbol=BPCL/part-090035_749488-042790.parquet,real_data_sample\l2_unseen_validation\trade_date=2026-07-17\exchange=NSE\symbol=BPCL\part-090035_749488-042790.parquet,34744,downloaded,34744,
2026-07-17,NSE,BPCL,raw_l2/trade_date=2026-07-17/exchange=NSE/symbol=BPCL/part-090021_455165-042758.parquet,real_data_sample\l2_unseen_validation\trade_date=2026-07-17\exchange=NSE\symbol=BPCL\part-090021_455165-042758.parquet,34692,downloaded,34692,
2026-07-17,NSE,BPCL,raw_l2/trade_date=2026-07-17/exchange=NSE/symbol=BPCL/part-090050_226671-042822.parquet,real_data_sample\l2_unseen_validation\trade_date=2026-07-17\exchange=NSE\symbol=BPCL\part-090050_226671-042822.parquet,34741,downloaded,34741,
2026-07-17,NSE,BPCL,raw_l2/trade_date=2026-07-17/exchange=NSE/symbol=BPCL/part-090119_450569-042886.parquet,real_data_sample\l2_unseen_validation\trade_date=2026-07-17\exchange=NSE\symbol=BPCL\part-090119_450569-042886.parquet,34634,downloaded,34634,
2026-07-17,NSE,BPCL,raw_l2/trade_date=2026-07-17/exchange=NSE/symbol=BPCL/part-090104_944863-042854.parquet,real_data_sample\l2_unseen_validation\trade_date=2026-07-17\exchange=NSE\symbol=BPCL\part-090104_944863-042854.parquet,34766,downloaded,34766,
2026-07-17,NSE,BPCL,raw_l2/trade_date=2026-07-17/exchange=NSE/symbol=BPCL/part-090343_752979-043206.parquet,real_data_sample\l2_unseen_validation\trade_date=2026-07-17\exchange=NSE\symbol=BPCL\part-090343_752979-043206.parquet,34611,downloaded,34611,
2026-07-17,NSE,BPCL,raw_l2/trade_date=2026-07-17/exchange=NSE/symbol=BPCL/part-090637_875015-043590.parquet,real_data_sample\l2_unseen_validation\trade_date=2026-07-17\exchange=NSE\symbol=BPCL\part-090637_875015-043590.parquet,34480,downloaded,34480,
2026-07-17,NSE,BPCL,raw_l2/trade_date=2026-07-17/exchange=NSE/symbol=BPCL/part-090735_615197-043718.parquet,real_data_sample\l2_unseen_validation\trade_date=2026-07-17\exchange=NSE\symbol=BPCL\part-090735_615197-043718.parquet,34609,downloaded,34609,
2026-07-17,NSE,BPCL,raw_l2/trade_date=2026-07-17/exchange=NSE/symbol=BPCL/part-090554_600112-043494.parquet,real_data_sample\l2_unseen_validation\trade_date=2026-07-17\exchange=NSE\symbol=BPCL\part-090554_600112-043494.parquet,34680,downloaded,34680,
2026-07-17,NSE,BPCL,raw_l2/trade_date=2026-07-17/exchange=NSE/symbol=BPCL/part-090608_857272-043526.parquet,real_data_sample\l2_unseen_validation\trade_date=2026-07-17\exchange=NSE\symbol=BPCL\part-090608_857272-043526.parquet,34536,downloaded,34536,
2026-07-17,NSE,BPCL,raw_l2/trade_date=2026-07-17/exchange=NSE/symbol=BPCL/part-090259_938001-043110.parquet,real_data_sample\l2_unseen_validation\trade_date=2026-07-17\exchange=NSE\symbol=BPCL\part-090259_938001-043110.parquet,34499,downloaded,34499,
2026-07-17,NSE,BPCL,raw_l2/trade_date=2026-07-17/exchange=NSE/symbol=BPCL/part-090623_423066-043558.parquet,real_data_sample\l2_unseen_validation\trade_date=2026-07-17\exchange=NSE\symbol=BPCL\part-090623_423066-043558.parquet,34339,downloaded,34339,
2026-07-17,NSE,BPCL,raw_l2/trade_date=2026-07-17/exchange=NSE/symbol=BPCL/part-090848_411240-043878.parquet,real_data_sample\l2_unseen_validation\trade_date=2026-07-17\exchange=NSE\symbol=BPCL\part-090848_411240-043878.parquet,34482,downloaded,34482,
2026-07-17,NSE,BPCL,raw_l2/trade_date=2026-07-17/exchange=NSE/symbol=BPCL/part-090314_465273-043142.parquet,real_data_sample\l2_unseen_validation\trade_date=2026-07-17\exchange=NSE\symbol=BPCL\part-090314_465273-043142.parquet,34606,downloaded,34606,
2026-07-17,NSE,BPCL,raw_l2/trade_date=2026-07-17/exchange=NSE/symbol=BPCL/part-090245_663577-043078.parquet,real_data_sample\l2_unseen_validation\trade_date=2026-07-17\exchange=NSE\symbol=BPCL\part-090245_663577-043078.parquet,34857,downloaded,34857,
2026-07-17,NSE,BPCL,raw_l2/trade_date=2026-07-17/exchange=NSE/symbol=BPCL/part-090231_175447-043046.parquet,real_data_sample\l2_unseen_validation\trade_date=2026-07-17\exchange=NSE\symbol=BPCL\part-090231_175447-043046.parquet,34682,downloaded,34682,
2026-07-17,NSE,BPCL,raw_l2/trade_date=2026-07-17/exchange=NSE/symbol=BPCL/part-090511_435643-043398.parquet,real_data_sample\l2_unseen_validation\trade_date=2026-07-17\exchange=NSE\symbol=BPCL\part-090511_435643-043398.parquet,34602,downloaded,34602,
2026-07-17,NSE,BPCL,raw_l2/trade_date=2026-07-17/exchange=NSE/symbol=BPCL/part-090441_980296-043334.parquet,real_data_sample\l2_unseen_validation\trade_date=2026-07-17\exchange=NSE\symbol=BPCL\part-090441_980296-043334.parquet,34609,downloaded,34609,
2026-07-17,NSE,BPCL,raw_l2/trade_date=2026-07-17/exchange=NSE/symbol=BPCL/part-090525_877440-043430.parquet,real_data_sample\l2_unseen_validation\trade_date=2026-07-17\exchange=NSE\symbol=BPCL\part-090525_877440-043430.parquet,34688,downloaded,34688,
2026-07-17,NSE,BPCL,raw_l2/trade_date=2026-07-17/exchange=NSE/symbol=BPCL/part-090540_360289-043462.parquet,real_data_sample\l2_unseen_validation\trade_date=2026-07-17\exchange=NSE\symbol=BPCL\part-090540_360289-043462.parquet,34646,downloaded,34646,
2026-07-17,NSE,BPCL,raw_l2/trade_date=2026-07-17/exchange=NSE/symbol=BPCL/part-090202_681505-042982.parquet,real_data_sample\l2_unseen_validation\trade_date=2026-07-17\exchange=NSE\symbol=BPCL\part-090202_681505-042982.parquet,34801,downloaded,34801,
2026-07-17,NSE,BPCL,raw_l2/trade_date=2026-07-17/exchange=NSE/symbol=BPCL/part-090358_604404-043238.parquet,real_data_sample\l2_unseen_validation\trade_date=2026-07-17\exchange=NSE\symbol=BPCL\part-090358_604404-043238.parquet,34734,downloaded,34734,
2026-07-17,NSE,BPCL,raw_l2/trade_date=2026-07-17/exchange=NSE/symbol=BPCL/part-090412_843258-043270.parquet,real_data_sample\l2_unseen_validation\trade_date=2026-07-17\exchange=NSE\symbol=BPCL\part-090412_843258-043270.parquet,34493,downloaded,34493,
2026-07-17,NSE,BPCL,raw_l2/trade_date=2026-07-17/exchange=NSE/symbol=BPCL/part-090456_681218-043366.parquet,real_data_sample\l2_unseen_validation\trade_date=2026-07-17\exchange=NSE\symbol=BPCL\part-090456_681218-043366.parquet,34623,downloaded,34623,
2026-07-17,NSE,BPCL,raw_l2/trade_date=2026-07-17/exchange=NSE/symbol=BPCL/part-090133_935776-042918.parquet,real_data_sample\l2_unseen_validation\trade_date=2026-07-17\exchange=NSE\symbol=BPCL\part-090133_935776-042918.parquet,34561,downloaded,34561,
2026-07-17,NSE,BPCL,raw_l2/trade_date=2026-07-17/exchange=NSE/symbol=BPCL/part-090749_901565-043750.parquet,real_data_sample\l2_unseen_validation\trade_date=2026-07-17\exchange=NSE\symbol=BPCL\part-090749_901565-043750.parquet,34387,downloaded,34387,
2026-07-17,NSE,BPCL,raw_l2/trade_date=2026-07-17/exchange=NSE/symbol=BPCL/part-090216_865918-043014.parquet,real_data_sample\l2_unseen_validation\trade_date=2026-07-17\exchange=NSE\symbol=BPCL\part-090216_865918-043014.parquet,34697,downloaded,34697,
2026-07-17,NSE,BPCL,raw_l2/trade_date=2026-07-17/exchange=NSE/symbol=BPCL/part-090148_414779-042950.parquet,real_data_sample\l2_unseen_validation\trade_date=2026-07-17\exchange=NSE\symbol=BPCL\part-090148_414779-042950.parquet,34516,downloaded,34516,
2026-07-17,NSE,BPCL,raw_l2/trade_date=2026-07-17/exchange=NSE/symbol=BPCL/part-090652_377597-043622.parquet,real_data_sample\l2_unseen_validation\trade_date=2026-07-17\exchange=NSE\symbol=BPCL\part-090652_377597-043622.parquet,34437,downloaded,34437,
2026-07-17,NSE,BPCL,raw_l2/trade_date=2026-07-17/exchange=NSE/symbol=BPCL/part-090427_139495-043302.parquet,real_data_sample\l2_unseen_validation\trade_date=2026-07-17\exchange=NSE\symbol=BPCL\part-090427_139495-043302.parquet,34512,downloaded,34512,
2026-07-17,NSE,BPCL,raw_l2/trade_date=2026-07-17/exchange=NSE/symbol=BPCL/part-090819_147959-043814.parquet,real_data_sample\l2_unseen_validation\trade_date=2026-07-17\exchange=NSE\symbol=BPCL\part-090819_147959-043814.parquet,34725,downloaded,34725,
2026-07-17,NSE,BPCL,raw_l2/trade_date=2026-07-17/exchange=NSE/symbol=BPCL/part-090804_566552-043782.parquet,real_data_sample\l2_unseen_validation\trade_date=2026-07-17\exchange=NSE\symbol=BPCL\part-090804_566552-043782.parquet,34722,downloaded,34722,
2026-07-17,NSE,BPCL,raw_l2/trade_date=2026-07-17/exchange=NSE/symbol=BPCL/part-090833_780999-043846.parquet,real_data_sample\l2_unseen_validation\trade_date=2026-07-17\exchange=NSE\symbol=BPCL\part-090833_780999-043846.parquet,34506,downloaded,34506,
2026-07-17,NSE,BPCL,raw_l2/trade_date=2026-07-17/exchange=NSE/symbol=BPCL/part-090903_070045-043910.parquet,real_data_sample\l2_unseen_validation\trade_date=2026-07-17\exchange=NSE\symbol=BPCL\part-090903_070045-043910.parquet,34701,downloaded,34701,
2026-07-17,NSE,BPCL,raw_l2/trade_date=2026-07-17/exchange=NSE/symbol=BPCL/part-090328_942003-043174.parquet,real_data_sample\l2_unseen_validation\trade_date=2026-07-17\exchange=NSE\symbol=BPCL\part-090328_942003-043174.parquet,34507,downloaded,34507,
2026-07-17,NSE,BPCL,raw_l2/trade_date=2026-07-17/exchange=NSE/symbol=BPCL/part-091245_930778-044390.parquet,real_data_sample\l2_unseen_validation\trade_date=2026-07-17\exchange=NSE\symbol=BPCL\part-091245_930778-044390.parquet,34624,downloaded,34624,
2026-07-17,NSE,BPCL,raw_l2/trade_date=2026-07-17/exchange=NSE/symbol=BPCL/part-091032_418822-044102.parquet,real_data_sample\l2_unseen_validation\trade_date=2026-07-17\exchange=NSE\symbol=BPCL\part-091032_418822-044102.parquet,34468,downloaded,34468,
2026-07-17,NSE,BPCL,raw_l2/trade_date=2026-07-17/exchange=NSE/symbol=BPCL/part-091145_931112-044262.parquet,real_data_sample\l2_unseen_validation\trade_date=2026-07-17\exchange=NSE\symbol=BPCL\part-091145_931112-044262.parquet,34387,downloaded,34387,
2026-07-17,NSE,BPCL,raw_l2/trade_date=2026-07-17/exchange=NSE/symbol=BPCL/part-091047_182109-044134.parquet,real_data_sample\l2_unseen_validation\trade_date=2026-07-17\exchange=NSE\symbol=BPCL\part-091047_182109-044134.parquet,34512,downloaded,34512,
2026-07-17,NSE,BPCL,raw_l2/trade_date=2026-07-17/exchange=NSE/symbol=BPCL/part-091314_887016-044454.parquet,real_data_sample\l2_unseen_validation\trade_date=2026-07-17\exchange=NSE\symbol=BPCL\part-091314_887016-044454.parquet,34634,downloaded,34634,
2026-07-17,NSE,BPCL,raw_l2/trade_date=2026-07-17/exchange=NSE/symbol=BPCL/part-091553_430525-044806.parquet,real_data_sample\l2_unseen_validation\trade_date=2026-07-17\exchange=NSE\symbol=BPCL\part-091553_430525-044806.parquet,34645,downloaded,34645,
2026-07-17,NSE,BPCL,raw_l2/trade_date=2026-07-17/exchange=NSE/symbol=BPCL/part-091329_410717-044486.parquet,real_data_sample\l2_unseen_validation\trade_date=2026-07-17\exchange=NSE\symbol=BPCL\part-091329_410717-044486.parquet,34536,downloaded,34536,
2026-07-17,NSE,BPCL,raw_l2/trade_date=2026-07-17/exchange=NSE/symbol=BPCL/part-091622_732432-044870.parquet,real_data_sample\l2_unseen_validation\trade_date=2026-07-17\exchange=NSE\symbol=BPCL\part-091622_732432-044870.parquet,34438,downloaded,34438,
2026-07-17,NSE,BPCL,raw_l2/trade_date=2026-07-17/exchange=NSE/symbol=BPCL/part-091003_499806-044038.parquet,real_data_sample\l2_unseen_validation\trade_date=2026-07-17\exchange=NSE\symbol=BPCL\part-091003_499806-044038.parquet,34496,downloaded,34496,
2026-07-17,NSE,BPCL,raw_l2/trade_date=2026-07-17/exchange=NSE/symbol=BPCL/part-091608_169497-044838.parquet,real_data_sample\l2_unseen_validation\trade_date=2026-07-17\exchange=NSE\symbol=BPCL\part-091608_169497-044838.parquet,34476,downloaded,34476,
2026-07-17,NSE,BPCL,raw_l2/trade_date=2026-07-17/exchange=NSE/symbol=BPCL/part-091017_889016-044070.parquet,real_data_sample\l2_unseen_validation\trade_date=2026-07-17\exchange=NSE\symbol=BPCL\part-091017_889016-044070.parquet,34495,downloaded,34495,
2026-07-17,NSE,BPCL,raw_l2/trade_date=2026-07-17/exchange=NSE/symbol=BPCL/part-091200_450373-044294.parquet,real_data_sample\l2_unseen_validation\trade_date=2026-07-17\exchange=NSE\symbol=BPCL\part-091200_450373-044294.parquet,34480,downloaded,34480,
2026-07-17,NSE,BPCL,raw_l2/trade_date=2026-07-17/exchange=NSE/symbol=BPCL/part-091131_474086-044230.parquet,real_data_sample\l2_unseen_validation\trade_date=2026-07-17\exchange=NSE\symbol=BPCL\part-091131_474086-044230.parquet,34544,downloaded,34544,
2026-07-17,NSE,BPCL,raw_l2/trade_date=2026-07-17/exchange=NSE/symbol=BPCL/part-090932_947867-043974.parquet,real_data_sample\l2_unseen_validation\trade_date=2026-07-17\exchange=NSE\symbol=BPCL\part-090932_947867-043974.parquet,34526,downloaded,34526,
2026-07-17,NSE,BPCL,raw_l2/trade_date=2026-07-17/exchange=NSE/symbol=BPCL/part-091215_231451-044326.parquet,real_data_sample\l2_unseen_validation\trade_date=2026-07-17\exchange=NSE\symbol=BPCL\part-091215_231451-044326.parquet,34673,downloaded,34673,
2026-07-17,NSE,BPCL,raw_l2/trade_date=2026-07-17/exchange=NSE/symbol=BPCL/part-091538_935524-044774.parquet,real_data_sample\l2_unseen_validation\trade_date=2026-07-17\exchange=NSE\symbol=BPCL\part-091538_935524-044774.parquet,34735,downloaded,34735,
2026-07-17,NSE,BPCL,raw_l2/trade_date=2026-07-17/exchange=NSE/symbol=BPCL/part-091230_817920-044358.parquet,real_data_sample\l2_unseen_validation\trade_date=2026-07-17\exchange=NSE\symbol=BPCL\part-091230_817920-044358.parquet,34787,downloaded,34787,
2026-07-17,NSE,BPCL,raw_l2/trade_date=2026-07-17/exchange=NSE/symbol=BPCL/part-091343_862027-044518.parquet,real_data_sample\l2_unseen_validation\trade_date=2026-07-17\exchange=NSE\symbol=BPCL\part-091343_862027-044518.parquet,34450,downloaded,34450,
2026-07-17,NSE,BPCL,raw_l2/trade_date=2026-07-17/exchange=NSE/symbol=BPCL/part-091116_447818-044198.parquet,real_data_sample\l2_unseen_validation\trade_date=2026-07-17\exchange=NSE\symbol=BPCL\part-091116_447818-044198.parquet,34488,downloaded,34488,
2026-07-17,NSE,BPCL,raw_l2/trade_date=2026-07-17/exchange=NSE/symbol=BPCL/part-091455_911738-044678.parquet,real_data_sample\l2_unseen_validation\trade_date=2026-07-17\exchange=NSE\symbol=BPCL\part-091455_911738-044678.parquet,34577,downloaded,34577,
2026-07-17,NSE,BPCL,raw_l2/trade_date=2026-07-17/exchange=NSE/symbol=BPCL/part-091300_207915-044422.parquet,real_data_sample\l2_unseen_validation\trade_date=2026-07-17\exchange=NSE\symbol=BPCL\part-091300_207915-044422.parquet,34709,downloaded,34709,
2026-07-17,NSE,BPCL,raw_l2/trade_date=2026-07-17/exchange=NSE/symbol=BPCL/part-090918_132388-043942.parquet,real_data_sample\l2_unseen_validation\trade_date=2026-07-17\exchange=NSE\symbol=BPCL\part-090918_132388-043942.parquet,34542,downloaded,34542,
2026-07-17,NSE,BPCL,raw_l2/trade_date=2026-07-17/exchange=NSE/symbol=BPCL/part-091101_908854-044166.parquet,real_data_sample\l2_unseen_validation\trade_date=2026-07-17\exchange=NSE\symbol=BPCL\part-091101_908854-044166.parquet,34555,downloaded,34555,
2026-07-17,NSE,BPCL,raw_l2/trade_date=2026-07-17/exchange=NSE/symbol=BPCL/part-091524_637780-044742.parquet,real_data_sample\l2_unseen_validation\trade_date=2026-07-17\exchange=NSE\symbol=BPCL\part-091524_637780-044742.parquet,34630,downloaded,34630,
2026-07-17,NSE,BPCL,raw_l2/trade_date=2026-07-17/exchange=NSE/symbol=BPCL/part-090947_772732-044006.parquet,real_data_sample\l2_unseen_validation\trade_date=2026-07-17\exchange=NSE\symbol=BPCL\part-090947_772732-044006.parquet,34370,downloaded,34370,
2026-07-17,NSE,BPCL,raw_l2/trade_date=2026-07-17/exchange=NSE/symbol=BPCL/part-091427_172308-044614.parquet,real_data_sample\l2_unseen_validation\trade_date=2026-07-17\exchange=NSE\symbol=BPCL\part-091427_172308-044614.parquet,34508,downloaded,34508,
2026-07-17,NSE,BPCL,raw_l2/trade_date=2026-07-17/exchange=NSE/symbol=BPCL/part-091510_412123-044710.parquet,real_data_sample\l2_unseen_validation\trade_date=2026-07-17\exchange=NSE\symbol=BPCL\part-091510_412123-044710.parquet,34562,downloaded,34562,
2026-07-17,NSE,BPCL,raw_l2/trade_date=2026-07-17/exchange=NSE/symbol=BPCL/part-091358_435979-044550.parquet,real_data_sample\l2_unseen_validation\trade_date=2026-07-17\exchange=NSE\symbol=BPCL\part-091358_435979-044550.parquet,34438,downloaded,34438,
2026-07-17,NSE,BPCL,raw_l2/trade_date=2026-07-17/exchange=NSE/symbol=BPCL/part-091441_662768-044646.parquet,real_data_sample\l2_unseen_validation\trade_date=2026-07-17\exchange=NSE\symbol=BPCL\part-091441_662768-044646.parquet,34477,downloaded,34477,
2026-07-17,NSE,BPCL,raw_l2/trade_date=2026-07-17/exchange=NSE/symbol=BPCL/part-091412_881932-044582.parquet,real_data_sample\l2_unseen_validation\trade_date=2026-07-17\exchange=NSE\symbol=BPCL\part-091412_881932-044582.parquet,34503,downloaded,34503,
2026-07-17,NSE,BPCL,raw_l2/trade_date=2026-07-17/exchange=NSE/symbol=BPCL/part-091651_144461-044934.parquet,real_data_sample\l2_unseen_validation\trade_date=2026-07-17\exchange=NSE\symbol=BPCL\part-091651_144461-044934.parquet,34503,downloaded,34503,
2026-07-17,NSE,BPCL,raw_l2/trade_date=2026-07-17/exchange=NSE/symbol=BPCL/part-092152_143929-045606.parquet,real_data_sample\l2_unseen_validation\trade_date=2026-07-17\exchange=NSE\symbol=BPCL\part-092152_143929-045606.parquet,34558,downloaded,34558,
2026-07-17,NSE,BPCL,raw_l2/trade_date=2026-07-17/exchange=NSE/symbol=BPCL/part-091914_425834-045254.parquet,real_data_sample\l2_unseen_validation\trade_date=2026-07-17\exchange=NSE\symbol=BPCL\part-091914_425834-045254.parquet,34567,downloaded,34567,
2026-07-17,NSE,BPCL,raw_l2/trade_date=2026-07-17/exchange=NSE/symbol=BPCL/part-091816_660153-045126.parquet,real_data_sample\l2_unseen_validation\trade_date=2026-07-17\exchange=NSE\symbol=BPCL\part-091816_660153-045126.parquet,34492,downloaded,34492,
2026-07-17,NSE,BPCL,raw_l2/trade_date=2026-07-17/exchange=NSE/symbol=BPCL/part-092137_430689-045574.parquet,real_data_sample\l2_unseen_validation\trade_date=2026-07-17\exchange=NSE\symbol=BPCL\part-092137_430689-045574.parquet,34507,downloaded,34507,
2026-07-17,NSE,BPCL,raw_l2/trade_date=2026-07-17/exchange=NSE/symbol=BPCL/part-092206_395623-045638.parquet,real_data_sample\l2_unseen_validation\trade_date=2026-07-17\exchange=NSE\symbol=BPCL\part-092206_395623-045638.parquet,34371,downloaded,34371,
2026-07-17,NSE,BPCL,raw_l2/trade_date=2026-07-17/exchange=NSE/symbol=BPCL/part-091859_727971-045222.parquet,real_data_sample\l2_unseen_validation\trade_date=2026-07-17\exchange=NSE\symbol=BPCL\part-091859_727971-045222.parquet,34607,downloaded,34607,
2026-07-17,NSE,BPCL,raw_l2/trade_date=2026-07-17/exchange=NSE/symbol=BPCL/part-091830_881165-045158.parquet,real_data_sample\l2_unseen_validation\trade_date=2026-07-17\exchange=NSE\symbol=BPCL\part-091830_881165-045158.parquet,34461,downloaded,34461,
2026-07-17,NSE,BPCL,raw_l2/trade_date=2026-07-17/exchange=NSE/symbol=BPCL/part-091802_004331-045094.parquet,real_data_sample\l2_unseen_validation\trade_date=2026-07-17\exchange=NSE\symbol=BPCL\part-091802_004331-045094.parquet,34453,downloaded,34453,
2026-07-17,NSE,BPCL,raw_l2/trade_date=2026-07-17/exchange=NSE/symbol=BPCL/part-091845_413664-045190.parquet,real_data_sample\l2_unseen_validation\trade_date=2026-07-17\exchange=NSE\symbol=BPCL\part-091845_413664-045190.parquet,34403,downloaded,34403,
2026-07-17,NSE,BPCL,raw_l2/trade_date=2026-07-17/exchange=NSE/symbol=BPCL/part-092123_174281-045542.parquet,real_data_sample\l2_unseen_validation\trade_date=2026-07-17\exchange=NSE\symbol=BPCL\part-092123_174281-045542.parquet,34397,downloaded,34397,
2026-07-17,NSE,BPCL,raw_l2/trade_date=2026-07-17/exchange=NSE/symbol=BPCL/part-091928_633101-045286.parquet,real_data_sample\l2_unseen_validation\trade_date=2026-07-17\exchange=NSE\symbol=BPCL\part-091928_633101-045286.parquet,34574,downloaded,34574,
2026-07-17,NSE,BPCL,raw_l2/trade_date=2026-07-17/exchange=NSE/symbol=BPCL/part-092318_399934-045798.parquet,real_data_sample\l2_unseen_validation\trade_date=2026-07-17\exchange=NSE\symbol=BPCL\part-092318_399934-045798.parquet,34504,downloaded,34504,
2026-07-17,NSE,BPCL,raw_l2/trade_date=2026-07-17/exchange=NSE/symbol=BPCL/part-092011_604087-045382.parquet,real_data_sample\l2_unseen_validation\trade_date=2026-07-17\exchange=NSE\symbol=BPCL\part-092011_604087-045382.parquet,34469,downloaded,34469,
2026-07-17,NSE,BPCL,raw_l2/trade_date=2026-07-17/exchange=NSE/symbol=BPCL/part-092025_620938-045414.parquet,real_data_sample\l2_unseen_validation\trade_date=2026-07-17\exchange=NSE\symbol=BPCL\part-092025_620938-045414.parquet,34692,downloaded,34692,
2026-07-17,NSE,BPCL,raw_l2/trade_date=2026-07-17/exchange=NSE/symbol=BPCL/part-092040_147069-045446.parquet,real_data_sample\l2_unseen_validation\trade_date=2026-07-17\exchange=NSE\symbol=BPCL\part-092040_147069-045446.parquet,34584,downloaded,34584,
2026-07-17,NSE,BPCL,raw_l2/trade_date=2026-07-17/exchange=NSE/symbol=BPCL/part-092108_901849-045510.parquet,real_data_sample\l2_unseen_validation\trade_date=2026-07-17\exchange=NSE\symbol=BPCL\part-092108_901849-045510.parquet,34593,downloaded,34593,
2026-07-17,NSE,BPCL,raw_l2/trade_date=2026-07-17/exchange=NSE/symbol=BPCL/part-091705_449489-044966.parquet,real_data_sample\l2_unseen_validation\trade_date=2026-07-17\exchange=NSE\symbol=BPCL\part-091705_449489-044966.parquet,34603,downloaded,34603,
2026-07-17,NSE,BPCL,raw_l2/trade_date=2026-07-17/exchange=NSE/symbol=BPCL/part-092054_430616-045478.parquet,real_data_sample\l2_unseen_validation\trade_date=2026-07-17\exchange=NSE\symbol=BPCL\part-092054_430616-045478.parquet,34384,downloaded,34384,
2026-07-17,NSE,BPCL,raw_l2/trade_date=2026-07-17/exchange=NSE/symbol=BPCL/part-091747_861444-045062.parquet,real_data_sample\l2_unseen_validation\trade_date=2026-07-17\exchange=NSE\symbol=BPCL\part-091747_861444-045062.parquet,34540,downloaded,34540,
2026-07-17,NSE,BPCL,raw_l2/trade_date=2026-07-17/exchange=NSE/symbol=BPCL/part-091733_772137-045030.parquet,real_data_sample\l2_unseen_validation\trade_date=2026-07-17\exchange=NSE\symbol=BPCL\part-091733_772137-045030.parquet,34369,downloaded,34369,
2026-07-17,NSE,BPCL,raw_l2/trade_date=2026-07-17/exchange=NSE/symbol=BPCL/part-092332_927194-045830.parquet,real_data_sample\l2_unseen_validation\trade_date=2026-07-17\exchange=NSE\symbol=BPCL\part-092332_927194-045830.parquet,34519,downloaded,34519,
2026-07-17,NSE,BPCL,raw_l2/trade_date=2026-07-17/exchange=NSE/symbol=BPCL/part-091719_603867-044998.parquet,real_data_sample\l2_unseen_validation\trade_date=2026-07-17\exchange=NSE\symbol=BPCL\part-091719_603867-044998.parquet,34549,downloaded,34549,
2026-07-17,NSE,BPCL,raw_l2/trade_date=2026-07-17/exchange=NSE/symbol=BPCL/part-092303_673822-045766.parquet,real_data_sample\l2_unseen_validation\trade_date=2026-07-17\exchange=NSE\symbol=BPCL\part-092303_673822-045766.parquet,34430,downloaded,34430,
2026-07-17,NSE,BPCL,raw_l2/trade_date=2026-07-17/exchange=NSE/symbol=BPCL/part-091957_137306-045350.parquet,real_data_sample\l2_unseen_validation\trade_date=2026-07-17\exchange=NSE\symbol=BPCL\part-091957_137306-045350.parquet,34471,downloaded,34471,
2026-07-17,NSE,BPCL,raw_l2/trade_date=2026-07-17/exchange=NSE/symbol=BPCL/part-091942_921620-045318.parquet,real_data_sample\l2_unseen_validation\trade_date=2026-07-17\exchange=NSE\symbol=BPCL\part-091942_921620-045318.parquet,34608,downloaded,34608,
2026-07-17,NSE,BPCL,raw_l2/trade_date=2026-07-17/exchange=NSE/symbol=BPCL/part-092249_375083-045734.parquet,real_data_sample\l2_unseen_validation\trade_date=2026-07-17\exchange=NSE\symbol=BPCL\part-092249_375083-045734.parquet,34574,downloaded,34574,
2026-07-17,NSE,BPCL,raw_l2/trade_date=2026-07-17/exchange=NSE/symbol=BPCL/part-091636_891839-044902.parquet,real_data_sample\l2_unseen_validation\trade_date=2026-07-17\exchange=NSE\symbol=BPCL\part-091636_891839-044902.parquet,34491,downloaded,34491,
2026-07-17,NSE,BPCL,raw_l2/trade_date=2026-07-17/exchange=NSE/symbol=BPCL/part-092220_650930-045670.parquet,real_data_sample\l2_unseen_validation\trade_date=2026-07-17\exchange=NSE\symbol=BPCL\part-092220_650930-045670.parquet,34704,downloaded,34704,
2026-07-17,NSE,BPCL,raw_l2/trade_date=2026-07-17/exchange=NSE/symbol=BPCL/part-092234_919507-045702.parquet,real_data_sample\l2_unseen_validation\trade_date=2026-07-17\exchange=NSE\symbol=BPCL\part-092234_919507-045702.parquet,34474,downloaded,34474,
2026-07-17,NSE,BPCL,raw_l2/trade_date=2026-07-17/exchange=NSE/symbol=BPCL/part-092347_404927-045862.parquet,real_data_sample\l2_unseen_validation\trade_date=2026-07-17\exchange=NSE\symbol=BPCL\part-092347_404927-045862.parquet,34443,downloaded,34443,
2026-07-17,NSE,BPCL,raw_l2/trade_date=2026-07-17/exchange=NSE/symbol=BPCL/part-092416_464404-045926.parquet,real_data_sample\l2_unseen_validation\trade_date=2026-07-17\exchange=NSE\symbol=BPCL\part-092416_464404-045926.parquet,34662,downloaded,34662,
2026-07-17,NSE,BPCL,raw_l2/trade_date=2026-07-17/exchange=NSE/symbol=BPCL/part-092431_075630-045958.parquet,real_data_sample\l2_unseen_validation\trade_date=2026-07-17\exchange=NSE\symbol=BPCL\part-092431_075630-045958.parquet,34370,downloaded,34370,
2026-07-17,NSE,BPCL,raw_l2/trade_date=2026-07-17/exchange=NSE/symbol=BPCL/part-092445_353243-045990.parquet,real_data_sample\l2_unseen_validation\trade_date=2026-07-17\exchange=NSE\symbol=BPCL\part-092445_353243-045990.parquet,34594,downloaded,34594,
2026-07-17,NSE,BPCL,raw_l2/trade_date=2026-07-17/exchange=NSE/symbol=BPCL/part-092401_703280-045894.parquet,real_data_sample\l2_unseen_validation\trade_date=2026-07-17\exchange=NSE\symbol=BPCL\part-092401_703280-045894.parquet,34423,downloaded,34423,
2026-07-17,NSE,BPCL,raw_l2/trade_date=2026-07-17/exchange=NSE/symbol=BPCL/part-092950_904025-046662.parquet,real_data_sample\l2_unseen_validation\trade_date=2026-07-17\exchange=NSE\symbol=BPCL\part-092950_904025-046662.parquet,34611,downloaded,34611,
2026-07-17,NSE,BPCL,raw_l2/trade_date=2026-07-17/exchange=NSE/symbol=BPCL/part-093020_350619-046726.parquet,real_data_sample\l2_unseen_validation\trade_date=2026-07-17\exchange=NSE\symbol=BPCL\part-093020_350619-046726.parquet,34578,downloaded,34578,
2026-07-17,NSE,BPCL,raw_l2/trade_date=2026-07-17/exchange=NSE/symbol=BPCL/part-092921_682142-046598.parquet,real_data_sample\l2_unseen_validation\trade_date=2026-07-17\exchange=NSE\symbol=BPCL\part-092921_682142-046598.parquet,34381,downloaded,34381,
2026-07-17,NSE,BPCL,raw_l2/trade_date=2026-07-17/exchange=NSE/symbol=BPCL/part-093049_197026-046790.parquet,real_data_sample\l2_unseen_validation\trade_date=2026-07-17\exchange=NSE\symbol=BPCL\part-093049_197026-046790.parquet,34466,downloaded,34466,
2026-07-17,NSE,BPCL,raw_l2/trade_date=2026-07-17/exchange=NSE/symbol=BPCL/part-092936_161168-046630.parquet,real_data_sample\l2_unseen_validation\trade_date=2026-07-17\exchange=NSE\symbol=BPCL\part-092936_161168-046630.parquet,34623,downloaded,34623,
2026-07-17,NSE,BPCL,raw_l2/trade_date=2026-07-17/exchange=NSE/symbol=BPCL/part-092642_875035-046246.parquet,real_data_sample\l2_unseen_validation\trade_date=2026-07-17\exchange=NSE\symbol=BPCL\part-092642_875035-046246.parquet,34662,downloaded,34662,
2026-07-17,NSE,BPCL,raw_l2/trade_date=2026-07-17/exchange=NSE/symbol=BPCL/part-093034_867043-046758.parquet,real_data_sample\l2_unseen_validation\trade_date=2026-07-17\exchange=NSE\symbol=BPCL\part-093034_867043-046758.parquet,34756,downloaded,34756,
2026-07-17,NSE,BPCL,raw_l2/trade_date=2026-07-17/exchange=NSE/symbol=BPCL/part-092808_941596-046438.parquet,real_data_sample\l2_unseen_validation\trade_date=2026-07-17\exchange=NSE\symbol=BPCL\part-092808_941596-046438.parquet,34583,downloaded,34583,
2026-07-17,NSE,BPCL,raw_l2/trade_date=2026-07-17/exchange=NSE/symbol=BPCL/part-092754_656011-046406.parquet,real_data_sample\l2_unseen_validation\trade_date=2026-07-17\exchange=NSE\symbol=BPCL\part-092754_656011-046406.parquet,34498,downloaded,34498,
2026-07-17,NSE,BPCL,raw_l2/trade_date=2026-07-17/exchange=NSE/symbol=BPCL/part-092627_556091-046214.parquet,real_data_sample\l2_unseen_validation\trade_date=2026-07-17\exchange=NSE\symbol=BPCL\part-092627_556091-046214.parquet,34484,downloaded,34484,
2026-07-17,NSE,BPCL,raw_l2/trade_date=2026-07-17/exchange=NSE/symbol=BPCL/part-092558_431345-046150.parquet,real_data_sample\l2_unseen_validation\trade_date=2026-07-17\exchange=NSE\symbol=BPCL\part-092558_431345-046150.parquet,34491,downloaded,34491,
2026-07-17,NSE,BPCL,raw_l2/trade_date=2026-07-17/exchange=NSE/symbol=BPCL/part-093103_347207-046822.parquet,real_data_sample\l2_unseen_validation\trade_date=2026-07-17\exchange=NSE\symbol=BPCL\part-093103_347207-046822.parquet,34701,downloaded,34701,
2026-07-17,NSE,BPCL,raw_l2/trade_date=2026-07-17/exchange=NSE/symbol=BPCL/part-092529_170171-046086.parquet,real_data_sample\l2_unseen_validation\trade_date=2026-07-17\exchange=NSE\symbol=BPCL\part-092529_170171-046086.parquet,34609,downloaded,34609,
2026-07-17,NSE,BPCL,raw_l2/trade_date=2026-07-17/exchange=NSE/symbol=BPCL/part-092459_698148-046022.parquet,real_data_sample\l2_unseen_validation\trade_date=2026-07-17\exchange=NSE\symbol=BPCL\part-092459_698148-046022.parquet,34660,downloaded,34660,
2026-07-17,NSE,BPCL,raw_l2/trade_date=2026-07-17/exchange=NSE/symbol=BPCL/part-092613_150146-046182.parquet,real_data_sample\l2_unseen_validation\trade_date=2026-07-17\exchange=NSE\symbol=BPCL\part-092613_150146-046182.parquet,34687,downloaded,34687,
2026-07-17,NSE,BPCL,raw_l2/trade_date=2026-07-17/exchange=NSE/symbol=BPCL/part-092543_696743-046118.parquet,real_data_sample\l2_unseen_validation\trade_date=2026-07-17\exchange=NSE\symbol=BPCL\part-092543_696743-046118.parquet,34637,downloaded,34637,
2026-07-17,NSE,BPCL,raw_l2/trade_date=2026-07-17/exchange=NSE/symbol=BPCL/part-092711_435831-046310.parquet,real_data_sample\l2_unseen_validation\trade_date=2026-07-17\exchange=NSE\symbol=BPCL\part-092711_435831-046310.parquet,34546,downloaded,34546,
2026-07-17,NSE,BPCL,raw_l2/trade_date=2026-07-17/exchange=NSE/symbol=BPCL/part-092823_418347-046470.parquet,real_data_sample\l2_unseen_validation\trade_date=2026-07-17\exchange=NSE\symbol=BPCL\part-092823_418347-046470.parquet,34694,downloaded,34694,
2026-07-17,NSE,BPCL,raw_l2/trade_date=2026-07-17/exchange=NSE/symbol=BPCL/part-092725_638302-046342.parquet,real_data_sample\l2_unseen_validation\trade_date=2026-07-17\exchange=NSE\symbol=BPCL\part-092725_638302-046342.parquet,34418,downloaded,34418,
2026-07-17,NSE,BPCL,raw_l2/trade_date=2026-07-17/exchange=NSE/symbol=BPCL/part-092852_398070-046534.parquet,real_data_sample\l2_unseen_validation\trade_date=2026-07-17\exchange=NSE\symbol=BPCL\part-092852_398070-046534.parquet,34572,downloaded,34572,
2026-07-17,NSE,BPCL,raw_l2/trade_date=2026-07-17/exchange=NSE/symbol=BPCL/part-092906_902857-046566.parquet,real_data_sample\l2_unseen_validation\trade_date=2026-07-17\exchange=NSE\symbol=BPCL\part-092906_902857-046566.parquet,34564,downloaded,34564,
2026-07-17,NSE,BPCL,raw_l2/trade_date=2026-07-17/exchange=NSE/symbol=BPCL/part-092740_154960-046374.parquet,real_data_sample\l2_unseen_validation\trade_date=2026-07-17\exchange=NSE\symbol=BPCL\part-092740_154960-046374.parquet,34467,downloaded,34467,
2026-07-17,NSE,BPCL,raw_l2/trade_date=2026-07-17/exchange=NSE/symbol=BPCL/part-092657_139073-046278.parquet,real_data_sample\l2_unseen_validation\trade_date=2026-07-17\exchange=NSE\symbol=BPCL\part-092657_139073-046278.parquet,34606,downloaded,34606,
2026-07-17,NSE,BPCL,raw_l2/trade_date=2026-07-17/exchange=NSE/symbol=BPCL/part-092837_944326-046502.parquet,real_data_sample\l2_unseen_validation\trade_date=2026-07-17\exchange=NSE\symbol=BPCL\part-092837_944326-046502.parquet,34380,downloaded,34380,
2026-07-17,NSE,BPCL,raw_l2/trade_date=2026-07-17/exchange=NSE/symbol=BPCL/part-093005_394923-046694.parquet,real_data_sample\l2_unseen_validation\trade_date=2026-07-17\exchange=NSE\symbol=BPCL\part-093005_394923-046694.parquet,34635,downloaded,34635,
2026-07-17,NSE,BPCL,raw_l2/trade_date=2026-07-17/exchange=NSE/symbol=BPCL/part-093117_829033-046854.parquet,real_data_sample\l2_unseen_validation\trade_date=2026-07-17\exchange=NSE\symbol=BPCL\part-093117_829033-046854.parquet,34614,downloaded,34614,
2026-07-17,NSE,BPCL,raw_l2/trade_date=2026-07-17/exchange=NSE/symbol=BPCL/part-093200_891715-046950.parquet,real_data_sample\l2_unseen_validation\trade_date=2026-07-17\exchange=NSE\symbol=BPCL\part-093200_891715-046950.parquet,34625,downloaded,34625,
2026-07-17,NSE,BPCL,raw_l2/trade_date=2026-07-17/exchange=NSE/symbol=BPCL/part-093131_868991-046886.parquet,real_data_sample\l2_unseen_validation\trade_date=2026-07-17\exchange=NSE\symbol=BPCL\part-093131_868991-046886.parquet,34327,downloaded,34327,
2026-07-17,NSE,BPCL,raw_l2/trade_date=2026-07-17/exchange=NSE/symbol=BPCL/part-093146_368313-046918.parquet,real_data_sample\l2_unseen_validation\trade_date=2026-07-17\exchange=NSE\symbol=BPCL\part-093146_368313-046918.parquet,34349,downloaded,34349,
2026-07-17,NSE,BPCL,raw_l2/trade_date=2026-07-17/exchange=NSE/symbol=BPCL/part-093450_329916-047334.parquet,real_data_sample\l2_unseen_validation\trade_date=2026-07-17\exchange=NSE\symbol=BPCL\part-093450_329916-047334.parquet,34581,downloaded,34581,
2026-07-17,NSE,BPCL,raw_l2/trade_date=2026-07-17/exchange=NSE/symbol=BPCL/part-093422_110774-047270.parquet,real_data_sample\l2_unseen_validation\trade_date=2026-07-17\exchange=NSE\symbol=BPCL\part-093422_110774-047270.parquet,34674,downloaded,34674,
2026-07-17,NSE,BPCL,raw_l2/trade_date=2026-07-17/exchange=NSE/symbol=BPCL/part-093851_809110-047878.parquet,real_data_sample\l2_unseen_validation\trade_date=2026-07-17\exchange=NSE\symbol=BPCL\part-093851_809110-047878.parquet,34590,downloaded,34590,
2026-07-17,NSE,BPCL,raw_l2/trade_date=2026-07-17/exchange=NSE/symbol=BPCL/part-093809_313056-047782.parquet,real_data_sample\l2_unseen_validation\trade_date=2026-07-17\exchange=NSE\symbol=BPCL\part-093809_313056-047782.parquet,34460,downloaded,34460,
2026-07-17,NSE,BPCL,raw_l2/trade_date=2026-07-17/exchange=NSE/symbol=BPCL/part-093257_305392-047078.parquet,real_data_sample\l2_unseen_validation\trade_date=2026-07-17\exchange=NSE\symbol=BPCL\part-093257_305392-047078.parquet,34582,downloaded,34582,
2026-07-17,NSE,BPCL,raw_l2/trade_date=2026-07-17/exchange=NSE/symbol=BPCL/part-093727_037366-047686.parquet,real_data_sample\l2_unseen_validation\trade_date=2026-07-17\exchange=NSE\symbol=BPCL\part-093727_037366-047686.parquet,34593,downloaded,34593,
2026-07-17,NSE,BPCL,raw_l2/trade_date=2026-07-17/exchange=NSE/symbol=BPCL/part-093228_863075-047014.parquet,real_data_sample\l2_unseen_validation\trade_date=2026-07-17\exchange=NSE\symbol=BPCL\part-093228_863075-047014.parquet,34636,downloaded,34636,
2026-07-17,NSE,BPCL,raw_l2/trade_date=2026-07-17/exchange=NSE/symbol=BPCL/part-093214_806105-046982.parquet,real_data_sample\l2_unseen_validation\trade_date=2026-07-17\exchange=NSE\symbol=BPCL\part-093214_806105-046982.parquet,34430,downloaded,34430,
2026-07-17,NSE,BPCL,raw_l2/trade_date=2026-07-17/exchange=NSE/symbol=BPCL/part-093325_809353-047142.parquet,real_data_sample\l2_unseen_validation\trade_date=2026-07-17\exchange=NSE\symbol=BPCL\part-093325_809353-047142.parquet,34590,downloaded,34590,
2026-07-17,NSE,BPCL,raw_l2/trade_date=2026-07-17/exchange=NSE/symbol=BPCL/part-093436_123569-047302.parquet,real_data_sample\l2_unseen_validation\trade_date=2026-07-17\exchange=NSE\symbol=BPCL\part-093436_123569-047302.parquet,34459,downloaded,34459,
2026-07-17,NSE,BPCL,raw_l2/trade_date=2026-07-17/exchange=NSE/symbol=BPCL/part-093533_444359-047430.parquet,real_data_sample\l2_unseen_validation\trade_date=2026-07-17\exchange=NSE\symbol=BPCL\part-093533_444359-047430.parquet,34349,downloaded,34349,
2026-07-17,NSE,BPCL,raw_l2/trade_date=2026-07-17/exchange=NSE/symbol=BPCL/part-093823_338532-047814.parquet,real_data_sample\l2_unseen_validation\trade_date=2026-07-17\exchange=NSE\symbol=BPCL\part-093823_338532-047814.parquet,34666,downloaded,34666,
2026-07-17,NSE,BPCL,raw_l2/trade_date=2026-07-17/exchange=NSE/symbol=BPCL/part-093311_580909-047110.parquet,real_data_sample\l2_unseen_validation\trade_date=2026-07-17\exchange=NSE\symbol=BPCL\part-093311_580909-047110.parquet,34497,downloaded,34497,
2026-07-17,NSE,BPCL,raw_l2/trade_date=2026-07-17/exchange=NSE/symbol=BPCL/part-093408_067715-047238.parquet,real_data_sample\l2_unseen_validation\trade_date=2026-07-17\exchange=NSE\symbol=BPCL\part-093408_067715-047238.parquet,34504,downloaded,34504,
2026-07-17,NSE,BPCL,raw_l2/trade_date=2026-07-17/exchange=NSE/symbol=BPCL/part-093741_043700-047718.parquet,real_data_sample\l2_unseen_validation\trade_date=2026-07-17\exchange=NSE\symbol=BPCL\part-093741_043700-047718.parquet,34673,downloaded,34673,
2026-07-17,NSE,BPCL,raw_l2/trade_date=2026-07-17/exchange=NSE/symbol=BPCL/part-093504_609926-047366.parquet,real_data_sample\l2_unseen_validation\trade_date=2026-07-17\exchange=NSE\symbol=BPCL\part-093504_609926-047366.parquet,34492,downloaded,34492,
2026-07-17,NSE,BPCL,raw_l2/trade_date=2026-07-17/exchange=NSE/symbol=BPCL/part-093519_086636-047398.parquet,real_data_sample\l2_unseen_validation\trade_date=2026-07-17\exchange=NSE\symbol=BPCL\part-093519_086636-047398.parquet,34371,downloaded,34371,
2026-07-17,NSE,BPCL,raw_l2/trade_date=2026-07-17/exchange=NSE/symbol=BPCL/part-093339_853863-047174.parquet,real_data_sample\l2_unseen_validation\trade_date=2026-07-17\exchange=NSE\symbol=BPCL\part-093339_853863-047174.parquet,34386,downloaded,34386,
2026-07-17,NSE,BPCL,raw_l2/trade_date=2026-07-17/exchange=NSE/symbol=BPCL/part-093354_064807-047206.parquet,real_data_sample\l2_unseen_validation\trade_date=2026-07-17\exchange=NSE\symbol=BPCL\part-093354_064807-047206.parquet,34529,downloaded,34529,
2026-07-17,NSE,BPCL,raw_l2/trade_date=2026-07-17/exchange=NSE/symbol=BPCL/part-093837_599815-047846.parquet,real_data_sample\l2_unseen_validation\trade_date=2026-07-17\exchange=NSE\symbol=BPCL\part-093837_599815-047846.parquet,34548,downloaded,34548,
2026-07-17,NSE,BPCL,raw_l2/trade_date=2026-07-17/exchange=NSE/symbol=BPCL/part-093659_068485-047622.parquet,real_data_sample\l2_unseen_validation\trade_date=2026-07-17\exchange=NSE\symbol=BPCL\part-093659_068485-047622.parquet,34654,downloaded,34654,
2026-07-17,NSE,BPCL,raw_l2/trade_date=2026-07-17/exchange=NSE/symbol=BPCL/part-093243_317655-047046.parquet,real_data_sample\l2_unseen_validation\trade_date=2026-07-17\exchange=NSE\symbol=BPCL\part-093243_317655-047046.parquet,34464,downloaded,34464,
2026-07-17,NSE,BPCL,raw_l2/trade_date=2026-07-17/exchange=NSE/symbol=BPCL/part-093616_604366-047526.parquet,real_data_sample\l2_unseen_validation\trade_date=2026-07-17\exchange=NSE\symbol=BPCL\part-093616_604366-047526.parquet,34288,downloaded,34288,
2026-07-17,NSE,BPCL,raw_l2/trade_date=2026-07-17/exchange=NSE/symbol=BPCL/part-093602_098534-047494.parquet,real_data_sample\l2_unseen_validation\trade_date=2026-07-17\exchange=NSE\symbol=BPCL\part-093602_098534-047494.parquet,34534,downloaded,34534,
2026-07-17,NSE,BPCL,raw_l2/trade_date=2026-07-17/exchange=NSE/symbol=BPCL/part-093630_837095-047558.parquet,real_data_sample\l2_unseen_validation\trade_date=2026-07-17\exchange=NSE\symbol=BPCL\part-093630_837095-047558.parquet,34673,downloaded,34673,
2026-07-17,NSE,BPCL,raw_l2/trade_date=2026-07-17/exchange=NSE/symbol=BPCL/part-093755_067849-047750.parquet,real_data_sample\l2_unseen_validation\trade_date=2026-07-17\exchange=NSE\symbol=BPCL\part-093755_067849-047750.parquet,34444,downloaded,34444,
2026-07-17,NSE,BPCL,raw_l2/trade_date=2026-07-17/exchange=NSE/symbol=BPCL/part-093645_051054-047590.parquet,real_data_sample\l2_unseen_validation\trade_date=2026-07-17\exchange=NSE\symbol=BPCL\part-093645_051054-047590.parquet,34517,downloaded,34517,
2026-07-17,NSE,BPCL,raw_l2/trade_date=2026-07-17/exchange=NSE/symbol=BPCL/part-093547_624071-047462.parquet,real_data_sample\l2_unseen_validation\trade_date=2026-07-17\exchange=NSE\symbol=BPCL\part-093547_624071-047462.parquet,34580,downloaded,34580,
2026-07-17,NSE,BPCL,raw_l2/trade_date=2026-07-17/exchange=NSE/symbol=BPCL/part-093713_096125-047654.parquet,real_data_sample\l2_unseen_validation\trade_date=2026-07-17\exchange=NSE\symbol=BPCL\part-093713_096125-047654.parquet,34474,downloaded,34474,
2026-07-17,NSE,BPCL,raw_l2/trade_date=2026-07-17/exchange=NSE/symbol=BPCL/part-090721_377453-043686.parquet,real_data_sample\l2_unseen_validation\trade_date=2026-07-17\exchange=NSE\symbol=BPCL\part-090721_377453-043686.parquet,34570,downloaded,34570,
2026-07-17,NSE,BPCL,raw_l2/trade_date=2026-07-17/exchange=NSE/symbol=BPCL/part-093920_689306-047942.parquet,real_data_sample\l2_unseen_validation\trade_date=2026-07-17\exchange=NSE\symbol=BPCL\part-093920_689306-047942.parquet,34633,downloaded,34633,
2026-07-17,NSE,BPCL,raw_l2/trade_date=2026-07-17/exchange=NSE/symbol=BPCL/part-093906_148940-047910.parquet,real_data_sample\l2_unseen_validation\trade_date=2026-07-17\exchange=NSE\symbol=BPCL\part-093906_148940-047910.parquet,34697,downloaded,34697,
2026-07-17,NSE,BPCL,raw_l2/trade_date=2026-07-17/exchange=NSE/symbol=BPCL/part-094032_444784-048102.parquet,real_data_sample\l2_unseen_validation\trade_date=2026-07-17\exchange=NSE\symbol=BPCL\part-094032_444784-048102.parquet,34451,downloaded,34451,
2026-07-17,NSE,BPCL,raw_l2/trade_date=2026-07-17/exchange=NSE/symbol=BPCL/part-094003_821094-048038.parquet,real_data_sample\l2_unseen_validation\trade_date=2026-07-17\exchange=NSE\symbol=BPCL\part-094003_821094-048038.parquet,34535,downloaded,34535,
2026-07-17,NSE,BPCL,raw_l2/trade_date=2026-07-17/exchange=NSE/symbol=BPCL/part-093949_410962-048006.parquet,real_data_sample\l2_unseen_validation\trade_date=2026-07-17\exchange=NSE\symbol=BPCL\part-093949_410962-048006.parquet,34428,downloaded,34428,
2026-07-17,NSE,BPCL,raw_l2/trade_date=2026-07-17/exchange=NSE/symbol=BPCL/part-094241_834739-048390.parquet,real_data_sample\l2_unseen_validation\trade_date=2026-07-17\exchange=NSE\symbol=BPCL\part-094241_834739-048390.parquet,34629,downloaded,34629,
2026-07-17,NSE,BPCL,raw_l2/trade_date=2026-07-17/exchange=NSE/symbol=BPCL/part-094338_622059-048518.parquet,real_data_sample\l2_unseen_validation\trade_date=2026-07-17\exchange=NSE\symbol=BPCL\part-094338_622059-048518.parquet,34487,downloaded,34487,
2026-07-17,NSE,BPCL,raw_l2/trade_date=2026-07-17/exchange=NSE/symbol=BPCL/part-094407_621538-048582.parquet,real_data_sample\l2_unseen_validation\trade_date=2026-07-17\exchange=NSE\symbol=BPCL\part-094407_621538-048582.parquet,34516,downloaded,34516,
2026-07-17,NSE,BPCL,raw_l2/trade_date=2026-07-17/exchange=NSE/symbol=BPCL/part-094256_112168-048422.parquet,real_data_sample\l2_unseen_validation\trade_date=2026-07-17\exchange=NSE\symbol=BPCL\part-094256_112168-048422.parquet,34560,downloaded,34560,
2026-07-17,NSE,BPCL,raw_l2/trade_date=2026-07-17/exchange=NSE/symbol=BPCL/part-093935_105497-047974.parquet,real_data_sample\l2_unseen_validation\trade_date=2026-07-17\exchange=NSE\symbol=BPCL\part-093935_105497-047974.parquet,34626,downloaded,34626,
2026-07-17,NSE,BPCL,raw_l2/trade_date=2026-07-17/exchange=NSE/symbol=BPCL/part-094324_392668-048486.parquet,real_data_sample\l2_unseen_validation\trade_date=2026-07-17\exchange=NSE\symbol=BPCL\part-094324_392668-048486.parquet,34469,downloaded,34469,
2026-07-17,NSE,BPCL,raw_l2/trade_date=2026-07-17/exchange=NSE/symbol=BPCL/part-094158_653302-048294.parquet,real_data_sample\l2_unseen_validation\trade_date=2026-07-17\exchange=NSE\symbol=BPCL\part-094158_653302-048294.parquet,34441,downloaded,34441,
2026-07-17,NSE,BPCL,raw_l2/trade_date=2026-07-17/exchange=NSE/symbol=BPCL/part-094353_159843-048550.parquet,real_data_sample\l2_unseen_validation\trade_date=2026-07-17\exchange=NSE\symbol=BPCL\part-094353_159843-048550.parquet,34382,downloaded,34382,
2026-07-17,NSE,BPCL,raw_l2/trade_date=2026-07-17/exchange=NSE/symbol=BPCL/part-094046_645827-048134.parquet,real_data_sample\l2_unseen_validation\trade_date=2026-07-17\exchange=NSE\symbol=BPCL\part-094046_645827-048134.parquet,34361,downloaded,34361,
2026-07-17,NSE,BPCL,raw_l2/trade_date=2026-07-17/exchange=NSE/symbol=BPCL/part-094144_335456-048262.parquet,real_data_sample\l2_unseen_validation\trade_date=2026-07-17\exchange=NSE\symbol=BPCL\part-094144_335456-048262.parquet,34673,downloaded,34673,
2026-07-17,NSE,BPCL,raw_l2/trade_date=2026-07-17/exchange=NSE/symbol=BPCL/part-094101_023057-048166.parquet,real_data_sample\l2_unseen_validation\trade_date=2026-07-17\exchange=NSE\symbol=BPCL\part-094101_023057-048166.parquet,34402,downloaded,34402,
2026-07-17,NSE,BPCL,raw_l2/trade_date=2026-07-17/exchange=NSE/symbol=BPCL/part-094227_582840-048358.parquet,real_data_sample\l2_unseen_validation\trade_date=2026-07-17\exchange=NSE\symbol=BPCL\part-094227_582840-048358.parquet,34630,downloaded,34630,
2026-07-17,NSE,BPCL,raw_l2/trade_date=2026-07-17/exchange=NSE/symbol=BPCL/part-094450_634675-048678.parquet,real_data_sample\l2_unseen_validation\trade_date=2026-07-17\exchange=NSE\symbol=BPCL\part-094450_634675-048678.parquet,34559,downloaded,34559,
2026-07-17,NSE,BPCL,raw_l2/trade_date=2026-07-17/exchange=NSE/symbol=BPCL/part-094421_841631-048614.parquet,real_data_sample\l2_unseen_validation\trade_date=2026-07-17\exchange=NSE\symbol=BPCL\part-094421_841631-048614.parquet,34666,downloaded,34666,
2026-07-17,NSE,BPCL,raw_l2/trade_date=2026-07-17/exchange=NSE/symbol=BPCL/part-094519_087325-048742.parquet,real_data_sample\l2_unseen_validation\trade_date=2026-07-17\exchange=NSE\symbol=BPCL\part-094519_087325-048742.parquet,34095,downloaded,34095,
2026-07-17,NSE,BPCL,raw_l2/trade_date=2026-07-17/exchange=NSE/symbol=BPCL/part-094436_143439-048646.parquet,real_data_sample\l2_unseen_validation\trade_date=2026-07-17\exchange=NSE\symbol=BPCL\part-094436_143439-048646.parquet,34661,downloaded,34661,
2026-07-17,NSE,BPCL,raw_l2/trade_date=2026-07-17/exchange=NSE/symbol=BPCL/part-094018_085037-048070.parquet,real_data_sample\l2_unseen_validation\trade_date=2026-07-17\exchange=NSE\symbol=BPCL\part-094018_085037-048070.parquet,34426,downloaded,34426,
2026-07-17,NSE,BPCL,raw_l2/trade_date=2026-07-17/exchange=NSE/symbol=BPCL/part-094213_093853-048326.parquet,real_data_sample\l2_unseen_validation\trade_date=2026-07-17\exchange=NSE\symbol=BPCL\part-094213_093853-048326.parquet,34616,downloaded,34616,
2026-07-17,NSE,BPCL,raw_l2/trade_date=2026-07-17/exchange=NSE/symbol=BPCL/part-094504_853868-048710.parquet,real_data_sample\l2_unseen_validation\trade_date=2026-07-17\exchange=NSE\symbol=BPCL\part-094504_853868-048710.parquet,34351,downloaded,34351,
2026-07-17,NSE,BPCL,raw_l2/trade_date=2026-07-17/exchange=NSE/symbol=BPCL/part-094129_827569-048230.parquet,real_data_sample\l2_unseen_validation\trade_date=2026-07-17\exchange=NSE\symbol=BPCL\part-094129_827569-048230.parquet,34485,downloaded,34485,
2026-07-17,NSE,BPCL,raw_l2/trade_date=2026-07-17/exchange=NSE/symbol=BPCL/part-094310_118945-048454.parquet,real_data_sample\l2_unseen_validation\trade_date=2026-07-17\exchange=NSE\symbol=BPCL\part-094310_118945-048454.parquet,34390,downloaded,34390,
2026-07-17,NSE,BPCL,raw_l2/trade_date=2026-07-17/exchange=NSE/symbol=BPCL/part-094115_420089-048198.parquet,real_data_sample\l2_unseen_validation\trade_date=2026-07-17\exchange=NSE\symbol=BPCL\part-094115_420089-048198.parquet,34611,downloaded,34611,
2026-07-17,NSE,BPCL,raw_l2/trade_date=2026-07-17/exchange=NSE/symbol=BPCL/part-094533_095272-048774.parquet,real_data_sample\l2_unseen_validation\trade_date=2026-07-17\exchange=NSE\symbol=BPCL\part-094533_095272-048774.parquet,34396,downloaded,34396,
2026-07-17,NSE,BPCL,raw_l2/trade_date=2026-07-17/exchange=NSE/symbol=BPCL/part-094616_189677-048870.parquet,real_data_sample\l2_unseen_validation\trade_date=2026-07-17\exchange=NSE\symbol=BPCL\part-094616_189677-048870.parquet,34419,downloaded,34419,
2026-07-17,NSE,BPCL,raw_l2/trade_date=2026-07-17/exchange=NSE/symbol=BPCL/part-094547_368687-048806.parquet,real_data_sample\l2_unseen_validation\trade_date=2026-07-17\exchange=NSE\symbol=BPCL\part-094547_368687-048806.parquet,34438,downloaded,34438,
2026-07-17,NSE,BPCL,raw_l2/trade_date=2026-07-17/exchange=NSE/symbol=BPCL/part-090706_902847-043654.parquet,real_data_sample\l2_unseen_validation\trade_date=2026-07-17\exchange=NSE\symbol=BPCL\part-090706_902847-043654.parquet,34680,downloaded,34680,
2026-07-17,NSE,BPCL,raw_l2/trade_date=2026-07-17/exchange=NSE/symbol=BPCL/part-094630_598040-048902.parquet,real_data_sample\l2_unseen_validation\trade_date=2026-07-17\exchange=NSE\symbol=BPCL\part-094630_598040-048902.parquet,34639,downloaded,34639,
2026-07-17,NSE,BPCL,raw_l2/trade_date=2026-07-17/exchange=NSE/symbol=BPCL/part-094601_901295-048838.parquet,real_data_sample\l2_unseen_validation\trade_date=2026-07-17\exchange=NSE\symbol=BPCL\part-094601_901295-048838.parquet,34576,downloaded,34576,
2026-07-17,NSE,BPCL,raw_l2/trade_date=2026-07-17/exchange=NSE/symbol=BPCL/part-094658_612365-048966.parquet,real_data_sample\l2_unseen_validation\trade_date=2026-07-17\exchange=NSE\symbol=BPCL\part-094658_612365-048966.parquet,34389,downloaded,34389,
2026-07-17,NSE,BPCL,raw_l2/trade_date=2026-07-17/exchange=NSE/symbol=BPCL/part-094824_103388-049158.parquet,real_data_sample\l2_unseen_validation\trade_date=2026-07-17\exchange=NSE\symbol=BPCL\part-094824_103388-049158.parquet,34346,downloaded,34346,
2026-07-17,NSE,BPCL,raw_l2/trade_date=2026-07-17/exchange=NSE/symbol=BPCL/part-094727_117848-049030.parquet,real_data_sample\l2_unseen_validation\trade_date=2026-07-17\exchange=NSE\symbol=BPCL\part-094727_117848-049030.parquet,34360,downloaded,34360,
2026-07-17,NSE,BPCL,raw_l2/trade_date=2026-07-17/exchange=NSE/symbol=BPCL/part-095018_304430-049414.parquet,real_data_sample\l2_unseen_validation\trade_date=2026-07-17\exchange=NSE\symbol=BPCL\part-095018_304430-049414.parquet,34121,downloaded,34121,
2026-07-17,NSE,BPCL,raw_l2/trade_date=2026-07-17/exchange=NSE/symbol=BPCL/part-095046_853755-049478.parquet,real_data_sample\l2_unseen_validation\trade_date=2026-07-17\exchange=NSE\symbol=BPCL\part-095046_853755-049478.parquet,34473,downloaded,34473,
2026-07-17,NSE,BPCL,raw_l2/trade_date=2026-07-17/exchange=NSE/symbol=BPCL/part-095004_096494-049382.parquet,real_data_sample\l2_unseen_validation\trade_date=2026-07-17\exchange=NSE\symbol=BPCL\part-095004_096494-049382.parquet,34609,downloaded,34609,
2026-07-17,NSE,BPCL,raw_l2/trade_date=2026-07-17/exchange=NSE/symbol=BPCL/part-095143_086512-049606.parquet,real_data_sample\l2_unseen_validation\trade_date=2026-07-17\exchange=NSE\symbol=BPCL\part-095143_086512-049606.parquet,34375,downloaded,34375,
2026-07-17,NSE,BPCL,raw_l2/trade_date=2026-07-17/exchange=NSE/symbol=BPCL/part-095336_339872-049862.parquet,real_data_sample\l2_unseen_validation\trade_date=2026-07-17\exchange=NSE\symbol=BPCL\part-095336_339872-049862.parquet,34452,downloaded,34452,
2026-07-17,NSE,BPCL,raw_l2/trade_date=2026-07-17/exchange=NSE/symbol=BPCL/part-095211_425336-049670.parquet,real_data_sample\l2_unseen_validation\trade_date=2026-07-17\exchange=NSE\symbol=BPCL\part-095211_425336-049670.parquet,34400,downloaded,34400,
2026-07-17,NSE,BPCL,raw_l2/trade_date=2026-07-17/exchange=NSE/symbol=BPCL/part-094644_577289-048934.parquet,real_data_sample\l2_unseen_validation\trade_date=2026-07-17\exchange=NSE\symbol=BPCL\part-094644_577289-048934.parquet,34442,downloaded,34442,
2026-07-17,NSE,BPCL,raw_l2/trade_date=2026-07-17/exchange=NSE/symbol=BPCL/part-095350_673224-049894.parquet,real_data_sample\l2_unseen_validation\trade_date=2026-07-17\exchange=NSE\symbol=BPCL\part-095350_673224-049894.parquet,34636,downloaded,34636,
2026-07-17,NSE,BPCL,raw_l2/trade_date=2026-07-17/exchange=NSE/symbol=BPCL/part-095253_558321-049766.parquet,real_data_sample\l2_unseen_validation\trade_date=2026-07-17\exchange=NSE\symbol=BPCL\part-095253_558321-049766.parquet,34425,downloaded,34425,
2026-07-17,NSE,BPCL,raw_l2/trade_date=2026-07-17/exchange=NSE/symbol=BPCL/part-095114_813044-049542.parquet,real_data_sample\l2_unseen_validation\trade_date=2026-07-17\exchange=NSE\symbol=BPCL\part-095114_813044-049542.parquet,34121,downloaded,34121,
2026-07-17,NSE,BPCL,raw_l2/trade_date=2026-07-17/exchange=NSE/symbol=BPCL/part-094712_881217-048998.parquet,real_data_sample\l2_unseen_validation\trade_date=2026-07-17\exchange=NSE\symbol=BPCL\part-094712_881217-048998.parquet,34437,downloaded,34437,
2026-07-17,NSE,BPCL,raw_l2/trade_date=2026-07-17/exchange=NSE/symbol=BPCL/part-095239_603235-049734.parquet,real_data_sample\l2_unseen_validation\trade_date=2026-07-17\exchange=NSE\symbol=BPCL\part-095239_603235-049734.parquet,34404,downloaded,34404,
2026-07-17,NSE,BPCL,raw_l2/trade_date=2026-07-17/exchange=NSE/symbol=BPCL/part-095225_604366-049702.parquet,real_data_sample\l2_unseen_validation\trade_date=2026-07-17\exchange=NSE\symbol=BPCL\part-095225_604366-049702.parquet,34456,downloaded,34456,
2026-07-17,NSE,BPCL,raw_l2/trade_date=2026-07-17/exchange=NSE/symbol=BPCL/part-095032_597309-049446.parquet,real_data_sample\l2_unseen_validation\trade_date=2026-07-17\exchange=NSE\symbol=BPCL\part-095032_597309-049446.parquet,34417,downloaded,34417,
2026-07-17,NSE,BPCL,raw_l2/trade_date=2026-07-17/exchange=NSE/symbol=BPCL/part-095321_863948-049830.parquet,real_data_sample\l2_unseen_validation\trade_date=2026-07-17\exchange=NSE\symbol=BPCL\part-095321_863948-049830.parquet,34344,downloaded,34344,
2026-07-17,NSE,BPCL,raw_l2/trade_date=2026-07-17/exchange=NSE/symbol=BPCL/part-095307_626689-049798.parquet,real_data_sample\l2_unseen_validation\trade_date=2026-07-17\exchange=NSE\symbol=BPCL\part-095307_626689-049798.parquet,34361,downloaded,34361,
2026-07-17,NSE,BPCL,raw_l2/trade_date=2026-07-17/exchange=NSE/symbol=BPCL/part-095614_149389-050214.parquet,real_data_sample\l2_unseen_validation\trade_date=2026-07-17\exchange=NSE\symbol=BPCL\part-095614_149389-050214.parquet,34540,downloaded,34540,
2026-07-17,NSE,BPCL,raw_l2/trade_date=2026-07-17/exchange=NSE/symbol=BPCL/part-095405_133055-049926.parquet,real_data_sample\l2_unseen_validation\trade_date=2026-07-17\exchange=NSE\symbol=BPCL\part-095405_133055-049926.parquet,34353,downloaded,34353,
2026-07-17,NSE,BPCL,raw_l2/trade_date=2026-07-17/exchange=NSE/symbol=BPCL/part-095559_618063-050182.parquet,real_data_sample\l2_unseen_validation\trade_date=2026-07-17\exchange=NSE\symbol=BPCL\part-095559_618063-050182.parquet,34367,downloaded,34367,
2026-07-17,NSE,BPCL,raw_l2/trade_date=2026-07-17/exchange=NSE/symbol=BPCL/part-095419_616601-049958.parquet,real_data_sample\l2_unseen_validation\trade_date=2026-07-17\exchange=NSE\symbol=BPCL\part-095419_616601-049958.parquet,34347,downloaded,34347,
2026-07-17,NSE,BPCL,raw_l2/trade_date=2026-07-17/exchange=NSE/symbol=BPCL/part-095544_972672-050150.parquet,real_data_sample\l2_unseen_validation\trade_date=2026-07-17\exchange=NSE\symbol=BPCL\part-095544_972672-050150.parquet,34565,downloaded,34565,
2026-07-17,NSE,BPCL,raw_l2/trade_date=2026-07-17/exchange=NSE/symbol=BPCL/part-095628_364627-050246.parquet,real_data_sample\l2_unseen_validation\trade_date=2026-07-17\exchange=NSE\symbol=BPCL\part-095628_364627-050246.parquet,34444,downloaded,34444,
2026-07-17,NSE,BPCL,raw_l2/trade_date=2026-07-17/exchange=NSE/symbol=BPCL/part-095433_599567-049990.parquet,real_data_sample\l2_unseen_validation\trade_date=2026-07-17\exchange=NSE\symbol=BPCL\part-095433_599567-049990.parquet,34382,downloaded,34382,
2026-07-17,NSE,BPCL,raw_l2/trade_date=2026-07-17/exchange=NSE/symbol=BPCL/part-095447_868305-050022.parquet,real_data_sample\l2_unseen_validation\trade_date=2026-07-17\exchange=NSE\symbol=BPCL\part-095447_868305-050022.parquet,34610,downloaded,34610,
2026-07-17,NSE,BPCL,raw_l2/trade_date=2026-07-17/exchange=NSE/symbol=BPCL/part-095657_525533-050310.parquet,real_data_sample\l2_unseen_validation\trade_date=2026-07-17\exchange=NSE\symbol=BPCL\part-095657_525533-050310.parquet,34632,downloaded,34632,
2026-07-17,NSE,BPCL,raw_l2/trade_date=2026-07-17/exchange=NSE/symbol=BPCL/part-095823_917505-050502.parquet,real_data_sample\l2_unseen_validation\trade_date=2026-07-17\exchange=NSE\symbol=BPCL\part-095823_917505-050502.parquet,34666,downloaded,34666,
2026-07-17,NSE,BPCL,raw_l2/trade_date=2026-07-17/exchange=NSE/symbol=BPCL/part-095642_864961-050278.parquet,real_data_sample\l2_unseen_validation\trade_date=2026-07-17\exchange=NSE\symbol=BPCL\part-095642_864961-050278.parquet,34449,downloaded,34449,
2026-07-17,NSE,BPCL,raw_l2/trade_date=2026-07-17/exchange=NSE/symbol=BPCL/part-095712_468600-050342.parquet,real_data_sample\l2_unseen_validation\trade_date=2026-07-17\exchange=NSE\symbol=BPCL\part-095712_468600-050342.parquet,34367,downloaded,34367,
2026-07-17,NSE,BPCL,raw_l2/trade_date=2026-07-17/exchange=NSE/symbol=BPCL/part-095502_126348-050054.parquet,real_data_sample\l2_unseen_validation\trade_date=2026-07-17\exchange=NSE\symbol=BPCL\part-095502_126348-050054.parquet,34401,downloaded,34401,
2026-07-17,NSE,BPCL,raw_l2/trade_date=2026-07-17/exchange=NSE/symbol=BPCL/part-095516_107101-050086.parquet,real_data_sample\l2_unseen_validation\trade_date=2026-07-17\exchange=NSE\symbol=BPCL\part-095516_107101-050086.parquet,34444,downloaded,34444,
2026-07-17,NSE,BPCL,raw_l2/trade_date=2026-07-17/exchange=NSE/symbol=BPCL/part-095530_401738-050118.parquet,real_data_sample\l2_unseen_validation\trade_date=2026-07-17\exchange=NSE\symbol=BPCL\part-095530_401738-050118.parquet,34362,downloaded,34362,
2026-07-17,NSE,BPCL,raw_l2/trade_date=2026-07-17/exchange=NSE/symbol=BPCL/part-095726_902936-050374.parquet,real_data_sample\l2_unseen_validation\trade_date=2026-07-17\exchange=NSE\symbol=BPCL\part-095726_902936-050374.parquet,34640,downloaded,34640,
2026-07-17,NSE,BPCL,raw_l2/trade_date=2026-07-17/exchange=NSE/symbol=BPCL/part-095809_862101-050470.parquet,real_data_sample\l2_unseen_validation\trade_date=2026-07-17\exchange=NSE\symbol=BPCL\part-095809_862101-050470.parquet,34430,downloaded,34430,
2026-07-17,NSE,BPCL,raw_l2/trade_date=2026-07-17/exchange=NSE/symbol=BPCL/part-095755_603700-050438.parquet,real_data_sample\l2_unseen_validation\trade_date=2026-07-17\exchange=NSE\symbol=BPCL\part-095755_603700-050438.parquet,34048,downloaded,34048,
2026-07-17,NSE,BPCL,raw_l2/trade_date=2026-07-17/exchange=NSE/symbol=BPCL/part-095741_405572-050406.parquet,real_data_sample\l2_unseen_validation\trade_date=2026-07-17\exchange=NSE\symbol=BPCL\part-095741_405572-050406.parquet,34375,downloaded,34375,
2026-07-17,NSE,BPCL,raw_l2/trade_date=2026-07-17/exchange=NSE/symbol=BPCL/part-095922_421260-050630.parquet,real_data_sample\l2_unseen_validation\trade_date=2026-07-17\exchange=NSE\symbol=BPCL\part-095922_421260-050630.parquet,35357,downloaded,35357,
2026-07-17,NSE,BRITANNIA,raw_l2/trade_date=2026-07-17/exchange=NSE/symbol=BRITANNIA/part-034654_185201-000263.parquet,real_data_sample\l2_unseen_validation\trade_date=2026-07-17\exchange=NSE\symbol=BRITANNIA\part-034654_185201-000263.parquet,34496,downloaded,34496,
2026-07-17,NSE,BRITANNIA,raw_l2/trade_date=2026-07-17/exchange=NSE/symbol=BRITANNIA/part-034543_445755-000103.parquet,real_data_sample\l2_unseen_validation\trade_date=2026-07-17\exchange=NSE\symbol=BRITANNIA\part-034543_445755-000103.parquet,34472,downloaded,34472,
2026-07-17,NSE,BRITANNIA,raw_l2/trade_date=2026-07-17/exchange=NSE/symbol=BRITANNIA/part-034529_667024-000071.parquet,real_data_sample\l2_unseen_validation\trade_date=2026-07-17\exchange=NSE\symbol=BRITANNIA\part-034529_667024-000071.parquet,34479,downloaded,34479,
2026-07-17,NSE,BRITANNIA,raw_l2/trade_date=2026-07-17/exchange=NSE/symbol=BRITANNIA/part-034557_881583-000135.parquet,real_data_sample\l2_unseen_validation\trade_date=2026-07-17\exchange=NSE\symbol=BRITANNIA\part-034557_881583-000135.parquet,34437,downloaded,34437,
2026-07-17,NSE,BRITANNIA,raw_l2/trade_date=2026-07-17/exchange=NSE/symbol=BRITANNIA/part-034515_903402-000039.parquet,real_data_sample\l2_unseen_validation\trade_date=2026-07-17\exchange=NSE\symbol=BRITANNIA\part-034515_903402-000039.parquet,34170,downloaded,34170,
2026-07-17,NSE,BRITANNIA,raw_l2/trade_date=2026-07-17/exchange=NSE/symbol=BRITANNIA/part-034501_545020-000007.parquet,real_data_sample\l2_unseen_validation\trade_date=2026-07-17\exchange=NSE\symbol=BRITANNIA\part-034501_545020-000007.parquet,34102,downloaded,34102,
2026-07-17,NSE,BRITANNIA,raw_l2/trade_date=2026-07-17/exchange=NSE/symbol=BRITANNIA/part-034625_924295-000199.parquet,real_data_sample\l2_unseen_validation\trade_date=2026-07-17\exchange=NSE\symbol=BRITANNIA\part-034625_924295-000199.parquet,34489,downloaded,34489,
2026-07-17,NSE,BPCL,raw_l2/trade_date=2026-07-17/exchange=NSE/symbol=BPCL/part-095936_932326-050662.parquet,real_data_sample\l2_unseen_validation\trade_date=2026-07-17\exchange=NSE\symbol=BPCL\part-095936_932326-050662.parquet,35828,downloaded,35828,
2026-07-17,NSE,BRITANNIA,raw_l2/trade_date=2026-07-17/exchange=NSE/symbol=BRITANNIA/part-034640_200647-000231.parquet,real_data_sample\l2_unseen_validation\trade_date=2026-07-17\exchange=NSE\symbol=BRITANNIA\part-034640_200647-000231.parquet,34422,downloaded,34422,
2026-07-17,NSE,BPCL,raw_l2/trade_date=2026-07-17/exchange=NSE/symbol=BPCL/part-095907_923146-050598.parquet,real_data_sample\l2_unseen_validation\trade_date=2026-07-17\exchange=NSE\symbol=BPCL\part-095907_923146-050598.parquet,34340,downloaded,34340,
2026-07-17,NSE,BRITANNIA,raw_l2/trade_date=2026-07-17/exchange=NSE/symbol=BRITANNIA/part-034611_891790-000167.parquet,real_data_sample\l2_unseen_validation\trade_date=2026-07-17\exchange=NSE\symbol=BRITANNIA\part-034611_891790-000167.parquet,34147,downloaded,34147,
2026-07-17,NSE,BPCL,raw_l2/trade_date=2026-07-17/exchange=NSE/symbol=BPCL/part-100005_614042-050726.parquet,real_data_sample\l2_unseen_validation\trade_date=2026-07-17\exchange=NSE\symbol=BPCL\part-100005_614042-050726.parquet,35116,downloaded,35116,
2026-07-17,NSE,BPCL,raw_l2/trade_date=2026-07-17/exchange=NSE/symbol=BPCL/part-095951_371280-050694.parquet,real_data_sample\l2_unseen_validation\trade_date=2026-07-17\exchange=NSE\symbol=BPCL\part-095951_371280-050694.parquet,35723,downloaded,35723,
2026-07-17,NSE,BPCL,raw_l2/trade_date=2026-07-17/exchange=NSE/symbol=BPCL/part-095838_685641-050534.parquet,real_data_sample\l2_unseen_validation\trade_date=2026-07-17\exchange=NSE\symbol=BPCL\part-095838_685641-050534.parquet,34396,downloaded,34396,
2026-07-17,NSE,BPCL,raw_l2/trade_date=2026-07-17/exchange=NSE/symbol=BPCL/part-095853_384853-050566.parquet,real_data_sample\l2_unseen_validation\trade_date=2026-07-17\exchange=NSE\symbol=BPCL\part-095853_384853-050566.parquet,34536,downloaded,34536,
2026-07-17,NSE,BRITANNIA,raw_l2/trade_date=2026-07-17/exchange=NSE/symbol=BRITANNIA/part-034721_918801-000327.parquet,real_data_sample\l2_unseen_validation\trade_date=2026-07-17\exchange=NSE\symbol=BRITANNIA\part-034721_918801-000327.parquet,34455,downloaded,34455,
2026-07-17,NSE,BRITANNIA,raw_l2/trade_date=2026-07-17/exchange=NSE/symbol=BRITANNIA/part-034707_896305-000295.parquet,real_data_sample\l2_unseen_validation\trade_date=2026-07-17\exchange=NSE\symbol=BRITANNIA\part-034707_896305-000295.parquet,34483,downloaded,34483,
2026-07-17,NSE,BPCL,raw_l2/trade_date=2026-07-17/exchange=NSE/symbol=BPCL/part-100127_460628-050769.parquet,real_data_sample\l2_unseen_validation\trade_date=2026-07-17\exchange=NSE\symbol=BPCL\part-100127_460628-050769.parquet,34048,downloaded,34048,
2026-07-17,NSE,BRITANNIA,raw_l2/trade_date=2026-07-17/exchange=NSE/symbol=BRITANNIA/part-034735_945366-000359.parquet,real_data_sample\l2_unseen_validation\trade_date=2026-07-17\exchange=NSE\symbol=BRITANNIA\part-034735_945366-000359.parquet,34463,downloaded,34463,
2026-07-17,NSE,BRITANNIA,raw_l2/trade_date=2026-07-17/exchange=NSE/symbol=BRITANNIA/part-035146_165926-000935.parquet,real_data_sample\l2_unseen_validation\trade_date=2026-07-17\exchange=NSE\symbol=BRITANNIA\part-035146_165926-000935.parquet,34672,downloaded,34672,
2026-07-17,NSE,BRITANNIA,raw_l2/trade_date=2026-07-17/exchange=NSE/symbol=BRITANNIA/part-035132_437946-000903.parquet,real_data_sample\l2_unseen_validation\trade_date=2026-07-17\exchange=NSE\symbol=BRITANNIA\part-035132_437946-000903.parquet,34454,downloaded,34454,
2026-07-17,NSE,BRITANNIA,raw_l2/trade_date=2026-07-17/exchange=NSE/symbol=BRITANNIA/part-035118_664794-000871.parquet,real_data_sample\l2_unseen_validation\trade_date=2026-07-17\exchange=NSE\symbol=BRITANNIA\part-035118_664794-000871.parquet,34354,downloaded,34354,
2026-07-17,NSE,BRITANNIA,raw_l2/trade_date=2026-07-17/exchange=NSE/symbol=BRITANNIA/part-035200_190982-000967.parquet,real_data_sample\l2_unseen_validation\trade_date=2026-07-17\exchange=NSE\symbol=BRITANNIA\part-035200_190982-000967.parquet,34598,downloaded,34598,
2026-07-17,NSE,BRITANNIA,raw_l2/trade_date=2026-07-17/exchange=NSE/symbol=BRITANNIA/part-035241_975574-001063.parquet,real_data_sample\l2_unseen_validation\trade_date=2026-07-17\exchange=NSE\symbol=BRITANNIA\part-035241_975574-001063.parquet,34404,downloaded,34404,
2026-07-17,NSE,BRITANNIA,raw_l2/trade_date=2026-07-17/exchange=NSE/symbol=BRITANNIA/part-035227_883232-001031.parquet,real_data_sample\l2_unseen_validation\trade_date=2026-07-17\exchange=NSE\symbol=BRITANNIA\part-035227_883232-001031.parquet,34098,downloaded,34098,
2026-07-17,NSE,BRITANNIA,raw_l2/trade_date=2026-07-17/exchange=NSE/symbol=BRITANNIA/part-035214_144984-000999.parquet,real_data_sample\l2_unseen_validation\trade_date=2026-07-17\exchange=NSE\symbol=BRITANNIA\part-035214_144984-000999.parquet,34386,downloaded,34386,
2026-07-17,NSE,BRITANNIA,raw_l2/trade_date=2026-07-17/exchange=NSE/symbol=BRITANNIA/part-034818_398638-000455.parquet,real_data_sample\l2_unseen_validation\trade_date=2026-07-17\exchange=NSE\symbol=BRITANNIA\part-034818_398638-000455.parquet,34735,downloaded,34735,
2026-07-17,NSE,BRITANNIA,raw_l2/trade_date=2026-07-17/exchange=NSE/symbol=BRITANNIA/part-034927_682152-000615.parquet,real_data_sample\l2_unseen_validation\trade_date=2026-07-17\exchange=NSE\symbol=BRITANNIA\part-034927_682152-000615.parquet,34418,downloaded,34418,
2026-07-17,NSE,BRITANNIA,raw_l2/trade_date=2026-07-17/exchange=NSE/symbol=BRITANNIA/part-034804_260970-000423.parquet,real_data_sample\l2_unseen_validation\trade_date=2026-07-17\exchange=NSE\symbol=BRITANNIA\part-034804_260970-000423.parquet,34494,downloaded,34494,
2026-07-17,NSE,BRITANNIA,raw_l2/trade_date=2026-07-17/exchange=NSE/symbol=BRITANNIA/part-034750_157179-000391.parquet,real_data_sample\l2_unseen_validation\trade_date=2026-07-17\exchange=NSE\symbol=BRITANNIA\part-034750_157179-000391.parquet,34357,downloaded,34357,
2026-07-17,NSE,BRITANNIA,raw_l2/trade_date=2026-07-17/exchange=NSE/symbol=BRITANNIA/part-035037_452328-000775.parquet,real_data_sample\l2_unseen_validation\trade_date=2026-07-17\exchange=NSE\symbol=BRITANNIA\part-035037_452328-000775.parquet,34519,downloaded,34519,
2026-07-17,NSE,BRITANNIA,raw_l2/trade_date=2026-07-17/exchange=NSE/symbol=BRITANNIA/part-035255_994551-001095.parquet,real_data_sample\l2_unseen_validation\trade_date=2026-07-17\exchange=NSE\symbol=BRITANNIA\part-035255_994551-001095.parquet,34357,downloaded,34357,
2026-07-17,NSE,BRITANNIA,raw_l2/trade_date=2026-07-17/exchange=NSE/symbol=BRITANNIA/part-035009_654585-000711.parquet,real_data_sample\l2_unseen_validation\trade_date=2026-07-17\exchange=NSE\symbol=BRITANNIA\part-035009_654585-000711.parquet,34433,downloaded,34433,
2026-07-17,NSE,BPCL,raw_l2/trade_date=2026-07-17/exchange=NSE/symbol=BPCL/part-092514_612755-046054.parquet,real_data_sample\l2_unseen_validation\trade_date=2026-07-17\exchange=NSE\symbol=BPCL\part-092514_612755-046054.parquet,34618,downloaded,34618,
2026-07-17,NSE,BRITANNIA,raw_l2/trade_date=2026-07-17/exchange=NSE/symbol=BRITANNIA/part-034859_650872-000551.parquet,real_data_sample\l2_unseen_validation\trade_date=2026-07-17\exchange=NSE\symbol=BRITANNIA\part-034859_650872-000551.parquet,34471,downloaded,34471,
2026-07-17,NSE,BRITANNIA,raw_l2/trade_date=2026-07-17/exchange=NSE/symbol=BRITANNIA/part-035051_130969-000807.parquet,real_data_sample\l2_unseen_validation\trade_date=2026-07-17\exchange=NSE\symbol=BRITANNIA\part-035051_130969-000807.parquet,34485,downloaded,34485,
2026-07-17,NSE,BRITANNIA,raw_l2/trade_date=2026-07-17/exchange=NSE/symbol=BRITANNIA/part-035104_898779-000839.parquet,real_data_sample\l2_unseen_validation\trade_date=2026-07-17\exchange=NSE\symbol=BRITANNIA\part-035104_898779-000839.parquet,34628,downloaded,34628,
2026-07-17,NSE,BRITANNIA,raw_l2/trade_date=2026-07-17/exchange=NSE/symbol=BRITANNIA/part-034832_148587-000487.parquet,real_data_sample\l2_unseen_validation\trade_date=2026-07-17\exchange=NSE\symbol=BRITANNIA\part-034832_148587-000487.parquet,34307,downloaded,34307,
2026-07-17,NSE,BRITANNIA,raw_l2/trade_date=2026-07-17/exchange=NSE/symbol=BRITANNIA/part-034955_660021-000679.parquet,real_data_sample\l2_unseen_validation\trade_date=2026-07-17\exchange=NSE\symbol=BRITANNIA\part-034955_660021-000679.parquet,34468,downloaded,34468,
2026-07-17,NSE,BRITANNIA,raw_l2/trade_date=2026-07-17/exchange=NSE/symbol=BRITANNIA/part-034913_733393-000583.parquet,real_data_sample\l2_unseen_validation\trade_date=2026-07-17\exchange=NSE\symbol=BRITANNIA\part-034913_733393-000583.parquet,34680,downloaded,34680,
2026-07-17,NSE,BPCL,raw_l2/trade_date=2026-07-17/exchange=NSE/symbol=BPCL/part-094921_525782-049286.parquet,real_data_sample\l2_unseen_validation\trade_date=2026-07-17\exchange=NSE\symbol=BPCL\part-094921_525782-049286.parquet,34566,downloaded,34566,
2026-07-17,NSE,BRITANNIA,raw_l2/trade_date=2026-07-17/exchange=NSE/symbol=BRITANNIA/part-034941_695089-000647.parquet,real_data_sample\l2_unseen_validation\trade_date=2026-07-17\exchange=NSE\symbol=BRITANNIA\part-034941_695089-000647.parquet,34426,downloaded,34426,
2026-07-17,NSE,BRITANNIA,raw_l2/trade_date=2026-07-17/exchange=NSE/symbol=BRITANNIA/part-034845_890801-000519.parquet,real_data_sample\l2_unseen_validation\trade_date=2026-07-17\exchange=NSE\symbol=BRITANNIA\part-034845_890801-000519.parquet,34359,downloaded,34359,
2026-07-17,NSE,BRITANNIA,raw_l2/trade_date=2026-07-17/exchange=NSE/symbol=BRITANNIA/part-035023_700482-000743.parquet,real_data_sample\l2_unseen_validation\trade_date=2026-07-17\exchange=NSE\symbol=BRITANNIA\part-035023_700482-000743.parquet,34403,downloaded,34403,
2026-07-17,NSE,BRITANNIA,raw_l2/trade_date=2026-07-17/exchange=NSE/symbol=BRITANNIA/part-035309_894079-001127.parquet,real_data_sample\l2_unseen_validation\trade_date=2026-07-17\exchange=NSE\symbol=BRITANNIA\part-035309_894079-001127.parquet,34421,downloaded,34421,
2026-07-17,NSE,BPCL,raw_l2/trade_date=2026-07-17/exchange=NSE/symbol=BPCL/part-094852_646750-049222.parquet,real_data_sample\l2_unseen_validation\trade_date=2026-07-17\exchange=NSE\symbol=BPCL\part-094852_646750-049222.parquet,34652,downloaded,34652,
2026-07-17,NSE,BRITANNIA,raw_l2/trade_date=2026-07-17/exchange=NSE/symbol=BRITANNIA/part-035323_675990-001159.parquet,real_data_sample\l2_unseen_validation\trade_date=2026-07-17\exchange=NSE\symbol=BRITANNIA\part-035323_675990-001159.parquet,34098,downloaded,34098,
2026-07-17,NSE,BRITANNIA,raw_l2/trade_date=2026-07-17/exchange=NSE/symbol=BRITANNIA/part-035337_657645-001191.parquet,real_data_sample\l2_unseen_validation\trade_date=2026-07-17\exchange=NSE\symbol=BRITANNIA\part-035337_657645-001191.parquet,34277,downloaded,34277,
2026-07-17,NSE,BRITANNIA,raw_l2/trade_date=2026-07-17/exchange=NSE/symbol=BRITANNIA/part-035351_455526-001223.parquet,real_data_sample\l2_unseen_validation\trade_date=2026-07-17\exchange=NSE\symbol=BRITANNIA\part-035351_455526-001223.parquet,34490,downloaded,34490,
2026-07-17,NSE,BPCL,raw_l2/trade_date=2026-07-17/exchange=NSE/symbol=BPCL/part-094741_350989-049062.parquet,real_data_sample\l2_unseen_validation\trade_date=2026-07-17\exchange=NSE\symbol=BPCL\part-094741_350989-049062.parquet,34365,downloaded,34365,
2026-07-17,NSE,BRITANNIA,raw_l2/trade_date=2026-07-17/exchange=NSE/symbol=BRITANNIA/part-035405_397402-001255.parquet,real_data_sample\l2_unseen_validation\trade_date=2026-07-17\exchange=NSE\symbol=BRITANNIA\part-035405_397402-001255.parquet,34569,downloaded,34569,
2026-07-17,NSE,BRITANNIA,raw_l2/trade_date=2026-07-17/exchange=NSE/symbol=BRITANNIA/part-035419_129035-001287.parquet,real_data_sample\l2_unseen_validation\trade_date=2026-07-17\exchange=NSE\symbol=BRITANNIA\part-035419_129035-001287.parquet,34397,downloaded,34397,
2026-07-17,NSE,BRITANNIA,raw_l2/trade_date=2026-07-17/exchange=NSE/symbol=BRITANNIA/part-035432_884611-001319.parquet,real_data_sample\l2_unseen_validation\trade_date=2026-07-17\exchange=NSE\symbol=BRITANNIA\part-035432_884611-001319.parquet,34147,downloaded,34147,
2026-07-17,NSE,BRITANNIA,raw_l2/trade_date=2026-07-17/exchange=NSE/symbol=BRITANNIA/part-035500_962488-001383.parquet,real_data_sample\l2_unseen_validation\trade_date=2026-07-17\exchange=NSE\symbol=BRITANNIA\part-035500_962488-001383.parquet,34429,downloaded,34429,
2026-07-17,NSE,BRITANNIA,raw_l2/trade_date=2026-07-17/exchange=NSE/symbol=BRITANNIA/part-035446_916177-001351.parquet,real_data_sample\l2_unseen_validation\trade_date=2026-07-17\exchange=NSE\symbol=BRITANNIA\part-035446_916177-001351.parquet,34433,downloaded,34433,
2026-07-17,NSE,BPCL,raw_l2/trade_date=2026-07-17/exchange=NSE/symbol=BPCL/part-094810_115524-049126.parquet,real_data_sample\l2_unseen_validation\trade_date=2026-07-17\exchange=NSE\symbol=BPCL\part-094810_115524-049126.parquet,34630,downloaded,34630,
2026-07-17,NSE,BRITANNIA,raw_l2/trade_date=2026-07-17/exchange=NSE/symbol=BRITANNIA/part-035514_975503-001415.parquet,real_data_sample\l2_unseen_validation\trade_date=2026-07-17\exchange=NSE\symbol=BRITANNIA\part-035514_975503-001415.parquet,34399,downloaded,34399,
2026-07-17,NSE,BRITANNIA,raw_l2/trade_date=2026-07-17/exchange=NSE/symbol=BRITANNIA/part-035638_721362-001607.parquet,real_data_sample\l2_unseen_validation\trade_date=2026-07-17\exchange=NSE\symbol=BRITANNIA\part-035638_721362-001607.parquet,34489,downloaded,34489,
2026-07-17,NSE,BRITANNIA,raw_l2/trade_date=2026-07-17/exchange=NSE/symbol=BRITANNIA/part-035610_680863-001543.parquet,real_data_sample\l2_unseen_validation\trade_date=2026-07-17\exchange=NSE\symbol=BRITANNIA\part-035610_680863-001543.parquet,34171,downloaded,34171,
2026-07-17,NSE,BRITANNIA,raw_l2/trade_date=2026-07-17/exchange=NSE/symbol=BRITANNIA/part-035624_895683-001575.parquet,real_data_sample\l2_unseen_validation\trade_date=2026-07-17\exchange=NSE\symbol=BRITANNIA\part-035624_895683-001575.parquet,34406,downloaded,34406,
2026-07-17,NSE,BRITANNIA,raw_l2/trade_date=2026-07-17/exchange=NSE/symbol=BRITANNIA/part-035556_659461-001511.parquet,real_data_sample\l2_unseen_validation\trade_date=2026-07-17\exchange=NSE\symbol=BRITANNIA\part-035556_659461-001511.parquet,34626,downloaded,34626,
2026-07-17,NSE,BRITANNIA,raw_l2/trade_date=2026-07-17/exchange=NSE/symbol=BRITANNIA/part-035528_949765-001447.parquet,real_data_sample\l2_unseen_validation\trade_date=2026-07-17\exchange=NSE\symbol=BRITANNIA\part-035528_949765-001447.parquet,34492,downloaded,34492,
2026-07-17,NSE,BPCL,raw_l2/trade_date=2026-07-17/exchange=NSE/symbol=BPCL/part-094935_633743-049318.parquet,real_data_sample\l2_unseen_validation\trade_date=2026-07-17\exchange=NSE\symbol=BPCL\part-094935_633743-049318.parquet,34579,downloaded,34579,
2026-07-17,NSE,BRITANNIA,raw_l2/trade_date=2026-07-17/exchange=NSE/symbol=BRITANNIA/part-035542_892911-001479.parquet,real_data_sample\l2_unseen_validation\trade_date=2026-07-17\exchange=NSE\symbol=BRITANNIA\part-035542_892911-001479.parquet,34511,downloaded,34511,
2026-07-17,NSE,BRITANNIA,raw_l2/trade_date=2026-07-17/exchange=NSE/symbol=BRITANNIA/part-035652_688499-001639.parquet,real_data_sample\l2_unseen_validation\trade_date=2026-07-17\exchange=NSE\symbol=BRITANNIA\part-035652_688499-001639.parquet,34413,downloaded,34413,
2026-07-17,NSE,BRITANNIA,raw_l2/trade_date=2026-07-17/exchange=NSE/symbol=BRITANNIA/part-035706_447525-001671.parquet,real_data_sample\l2_unseen_validation\trade_date=2026-07-17\exchange=NSE\symbol=BRITANNIA\part-035706_447525-001671.parquet,34435,downloaded,34435,
2026-07-17,NSE,BRITANNIA,raw_l2/trade_date=2026-07-17/exchange=NSE/symbol=BRITANNIA/part-035720_450722-001703.parquet,real_data_sample\l2_unseen_validation\trade_date=2026-07-17\exchange=NSE\symbol=BRITANNIA\part-035720_450722-001703.parquet,34484,downloaded,34484,
2026-07-17,NSE,BPCL,raw_l2/trade_date=2026-07-17/exchange=NSE/symbol=BPCL/part-095100_852609-049510.parquet,real_data_sample\l2_unseen_validation\trade_date=2026-07-17\exchange=NSE\symbol=BPCL\part-095100_852609-049510.parquet,34350,downloaded,34350,
2026-07-17,NSE,BRITANNIA,raw_l2/trade_date=2026-07-17/exchange=NSE/symbol=BRITANNIA/part-035734_546970-001735.parquet,real_data_sample\l2_unseen_validation\trade_date=2026-07-17\exchange=NSE\symbol=BRITANNIA\part-035734_546970-001735.parquet,34455,downloaded,34455,
2026-07-17,NSE,BRITANNIA,raw_l2/trade_date=2026-07-17/exchange=NSE/symbol=BRITANNIA/part-035748_706694-001767.parquet,real_data_sample\l2_unseen_validation\trade_date=2026-07-17\exchange=NSE\symbol=BRITANNIA\part-035748_706694-001767.parquet,34421,downloaded,34421,
2026-07-17,NSE,BPCL,raw_l2/trade_date=2026-07-17/exchange=NSE/symbol=BPCL/part-095129_045993-049574.parquet,real_data_sample\l2_unseen_validation\trade_date=2026-07-17\exchange=NSE\symbol=BPCL\part-095129_045993-049574.parquet,34341,downloaded,34341,
2026-07-17,NSE,BPCL,raw_l2/trade_date=2026-07-17/exchange=NSE/symbol=BPCL/part-095157_046904-049638.parquet,real_data_sample\l2_unseen_validation\trade_date=2026-07-17\exchange=NSE\symbol=BPCL\part-095157_046904-049638.parquet,34415,downloaded,34415,
2026-07-17,NSE,BRITANNIA,raw_l2/trade_date=2026-07-17/exchange=NSE/symbol=BRITANNIA/part-035803_020068-001799.parquet,real_data_sample\l2_unseen_validation\trade_date=2026-07-17\exchange=NSE\symbol=BRITANNIA\part-035803_020068-001799.parquet,34634,downloaded,34634,
2026-07-17,NSE,BRITANNIA,raw_l2/trade_date=2026-07-17/exchange=NSE/symbol=BRITANNIA/part-035831_481526-001863.parquet,real_data_sample\l2_unseen_validation\trade_date=2026-07-17\exchange=NSE\symbol=BRITANNIA\part-035831_481526-001863.parquet,34382,downloaded,34382,
2026-07-17,NSE,BPCL,raw_l2/trade_date=2026-07-17/exchange=NSE/symbol=BPCL/part-094907_155245-049254.parquet,real_data_sample\l2_unseen_validation\trade_date=2026-07-17\exchange=NSE\symbol=BPCL\part-094907_155245-049254.parquet,34390,downloaded,34390,
2026-07-17,NSE,BRITANNIA,raw_l2/trade_date=2026-07-17/exchange=NSE/symbol=BRITANNIA/part-035845_423278-001895.parquet,real_data_sample\l2_unseen_validation\trade_date=2026-07-17\exchange=NSE\symbol=BRITANNIA\part-035845_423278-001895.parquet,34474,downloaded,34474,
2026-07-17,NSE,BRITANNIA,raw_l2/trade_date=2026-07-17/exchange=NSE/symbol=BRITANNIA/part-035927_410110-001991.parquet,real_data_sample\l2_unseen_validation\trade_date=2026-07-17\exchange=NSE\symbol=BRITANNIA\part-035927_410110-001991.parquet,34421,downloaded,34421,
2026-07-17,NSE,BPCL,raw_l2/trade_date=2026-07-17/exchange=NSE/symbol=BPCL/part-094755_848422-049094.parquet,real_data_sample\l2_unseen_validation\trade_date=2026-07-17\exchange=NSE\symbol=BPCL\part-094755_848422-049094.parquet,34354,downloaded,34354,
2026-07-17,NSE,BRITANNIA,raw_l2/trade_date=2026-07-17/exchange=NSE/symbol=BRITANNIA/part-035859_460136-001927.parquet,real_data_sample\l2_unseen_validation\trade_date=2026-07-17\exchange=NSE\symbol=BRITANNIA\part-035859_460136-001927.parquet,34275,downloaded,34275,
2026-07-17,NSE,BRITANNIA,raw_l2/trade_date=2026-07-17/exchange=NSE/symbol=BRITANNIA/part-035913_432780-001959.parquet,real_data_sample\l2_unseen_validation\trade_date=2026-07-17\exchange=NSE\symbol=BRITANNIA\part-035913_432780-001959.parquet,34423,downloaded,34423,
2026-07-17,NSE,BPCL,raw_l2/trade_date=2026-07-17/exchange=NSE/symbol=BPCL/part-094949_828001-049350.parquet,real_data_sample\l2_unseen_validation\trade_date=2026-07-17\exchange=NSE\symbol=BPCL\part-094949_828001-049350.parquet,34389,downloaded,34389,
2026-07-17,NSE,BRITANNIA,raw_l2/trade_date=2026-07-17/exchange=NSE/symbol=BRITANNIA/part-035955_418092-002055.parquet,real_data_sample\l2_unseen_validation\trade_date=2026-07-17\exchange=NSE\symbol=BRITANNIA\part-035955_418092-002055.parquet,34475,downloaded,34475,
2026-07-17,NSE,BRITANNIA,raw_l2/trade_date=2026-07-17/exchange=NSE/symbol=BRITANNIA/part-040023_695301-002119.parquet,real_data_sample\l2_unseen_validation\trade_date=2026-07-17\exchange=NSE\symbol=BRITANNIA\part-040023_695301-002119.parquet,34398,downloaded,34398,
2026-07-17,NSE,BRITANNIA,raw_l2/trade_date=2026-07-17/exchange=NSE/symbol=BRITANNIA/part-040051_358372-002183.parquet,real_data_sample\l2_unseen_validation\trade_date=2026-07-17\exchange=NSE\symbol=BRITANNIA\part-040051_358372-002183.parquet,34669,downloaded,34669,
2026-07-17,NSE,BRITANNIA,raw_l2/trade_date=2026-07-17/exchange=NSE/symbol=BRITANNIA/part-040037_661988-002151.parquet,real_data_sample\l2_unseen_validation\trade_date=2026-07-17\exchange=NSE\symbol=BRITANNIA\part-040037_661988-002151.parquet,34470,downloaded,34470,
2026-07-17,NSE,BRITANNIA,raw_l2/trade_date=2026-07-17/exchange=NSE/symbol=BRITANNIA/part-040009_657788-002087.parquet,real_data_sample\l2_unseen_validation\trade_date=2026-07-17\exchange=NSE\symbol=BRITANNIA\part-040009_657788-002087.parquet,34477,downloaded,34477,
2026-07-17,NSE,BRITANNIA,raw_l2/trade_date=2026-07-17/exchange=NSE/symbol=BRITANNIA/part-035941_558475-002023.parquet,real_data_sample\l2_unseen_validation\trade_date=2026-07-17\exchange=NSE\symbol=BRITANNIA\part-035941_558475-002023.parquet,34356,downloaded,34356,
2026-07-17,NSE,BRITANNIA,raw_l2/trade_date=2026-07-17/exchange=NSE/symbol=BRITANNIA/part-040256_993540-002471.parquet,real_data_sample\l2_unseen_validation\trade_date=2026-07-17\exchange=NSE\symbol=BRITANNIA\part-040256_993540-002471.parquet,34527,downloaded,34527,
2026-07-17,NSE,BRITANNIA,raw_l2/trade_date=2026-07-17/exchange=NSE/symbol=BRITANNIA/part-040146_667519-002311.parquet,real_data_sample\l2_unseen_validation\trade_date=2026-07-17\exchange=NSE\symbol=BRITANNIA\part-040146_667519-002311.parquet,34333,downloaded,34333,
2026-07-17,NSE,BRITANNIA,raw_l2/trade_date=2026-07-17/exchange=NSE/symbol=BRITANNIA/part-040200_685408-002343.parquet,real_data_sample\l2_unseen_validation\trade_date=2026-07-17\exchange=NSE\symbol=BRITANNIA\part-040200_685408-002343.parquet,34475,downloaded,34475,
2026-07-17,NSE,BRITANNIA,raw_l2/trade_date=2026-07-17/exchange=NSE/symbol=BRITANNIA/part-040105_213044-002215.parquet,real_data_sample\l2_unseen_validation\trade_date=2026-07-17\exchange=NSE\symbol=BRITANNIA\part-040105_213044-002215.parquet,34423,downloaded,34423,
2026-07-17,NSE,BRITANNIA,raw_l2/trade_date=2026-07-17/exchange=NSE/symbol=BRITANNIA/part-040119_136692-002247.parquet,real_data_sample\l2_unseen_validation\trade_date=2026-07-17\exchange=NSE\symbol=BRITANNIA\part-040119_136692-002247.parquet,34389,downloaded,34389,
2026-07-17,NSE,BRITANNIA,raw_l2/trade_date=2026-07-17/exchange=NSE/symbol=BRITANNIA/part-040228_403990-002407.parquet,real_data_sample\l2_unseen_validation\trade_date=2026-07-17\exchange=NSE\symbol=BRITANNIA\part-040228_403990-002407.parquet,34405,downloaded,34405,
2026-07-17,NSE,BRITANNIA,raw_l2/trade_date=2026-07-17/exchange=NSE/symbol=BRITANNIA/part-040132_922541-002279.parquet,real_data_sample\l2_unseen_validation\trade_date=2026-07-17\exchange=NSE\symbol=BRITANNIA\part-040132_922541-002279.parquet,34439,downloaded,34439,
2026-07-17,NSE,BRITANNIA,raw_l2/trade_date=2026-07-17/exchange=NSE/symbol=BRITANNIA/part-040311_659057-002503.parquet,real_data_sample\l2_unseen_validation\trade_date=2026-07-17\exchange=NSE\symbol=BRITANNIA\part-040311_659057-002503.parquet,34638,downloaded,34638,
2026-07-17,NSE,BRITANNIA,raw_l2/trade_date=2026-07-17/exchange=NSE/symbol=BRITANNIA/part-040354_228725-002599.parquet,real_data_sample\l2_unseen_validation\trade_date=2026-07-17\exchange=NSE\symbol=BRITANNIA\part-040354_228725-002599.parquet,34575,downloaded,34575,
2026-07-17,NSE,BPCL,raw_l2/trade_date=2026-07-17/exchange=NSE/symbol=BPCL/part-094838_578137-049190.parquet,real_data_sample\l2_unseen_validation\trade_date=2026-07-17\exchange=NSE\symbol=BPCL\part-094838_578137-049190.parquet,34458,downloaded,34458,
2026-07-17,NSE,BRITANNIA,raw_l2/trade_date=2026-07-17/exchange=NSE/symbol=BRITANNIA/part-040339_909249-002567.parquet,real_data_sample\l2_unseen_validation\trade_date=2026-07-17\exchange=NSE\symbol=BRITANNIA\part-040339_909249-002567.parquet,34525,downloaded,34525,
2026-07-17,NSE,BRITANNIA,raw_l2/trade_date=2026-07-17/exchange=NSE/symbol=BRITANNIA/part-040532_696105-002823.parquet,real_data_sample\l2_unseen_validation\trade_date=2026-07-17\exchange=NSE\symbol=BRITANNIA\part-040532_696105-002823.parquet,34713,downloaded,34713,
2026-07-17,NSE,BRITANNIA,raw_l2/trade_date=2026-07-17/exchange=NSE/symbol=BRITANNIA/part-040242_700415-002439.parquet,real_data_sample\l2_unseen_validation\trade_date=2026-07-17\exchange=NSE\symbol=BRITANNIA\part-040242_700415-002439.parquet,34691,downloaded,34691,
2026-07-17,NSE,BRITANNIA,raw_l2/trade_date=2026-07-17/exchange=NSE/symbol=BRITANNIA/part-040600_699412-002887.parquet,real_data_sample\l2_unseen_validation\trade_date=2026-07-17\exchange=NSE\symbol=BRITANNIA\part-040600_699412-002887.parquet,34331,downloaded,34331,
2026-07-17,NSE,BRITANNIA,raw_l2/trade_date=2026-07-17/exchange=NSE/symbol=BRITANNIA/part-040214_636816-002375.parquet,real_data_sample\l2_unseen_validation\trade_date=2026-07-17\exchange=NSE\symbol=BRITANNIA\part-040214_636816-002375.parquet,34452,downloaded,34452,
2026-07-17,NSE,BRITANNIA,raw_l2/trade_date=2026-07-17/exchange=NSE/symbol=BRITANNIA/part-040450_145409-002727.parquet,real_data_sample\l2_unseen_validation\trade_date=2026-07-17\exchange=NSE\symbol=BRITANNIA\part-040450_145409-002727.parquet,34349,downloaded,34349,
2026-07-17,NSE,BRITANNIA,raw_l2/trade_date=2026-07-17/exchange=NSE/symbol=BRITANNIA/part-040518_472783-002791.parquet,real_data_sample\l2_unseen_validation\trade_date=2026-07-17\exchange=NSE\symbol=BRITANNIA\part-040518_472783-002791.parquet,34345,downloaded,34345,
2026-07-17,NSE,BRITANNIA,raw_l2/trade_date=2026-07-17/exchange=NSE/symbol=BRITANNIA/part-040436_163711-002695.parquet,real_data_sample\l2_unseen_validation\trade_date=2026-07-17\exchange=NSE\symbol=BRITANNIA\part-040436_163711-002695.parquet,34098,downloaded,34098,
2026-07-17,NSE,BRITANNIA,raw_l2/trade_date=2026-07-17/exchange=NSE/symbol=BRITANNIA/part-040614_636080-002919.parquet,real_data_sample\l2_unseen_validation\trade_date=2026-07-17\exchange=NSE\symbol=BRITANNIA\part-040614_636080-002919.parquet,34454,downloaded,34454,
2026-07-17,NSE,BRITANNIA,raw_l2/trade_date=2026-07-17/exchange=NSE/symbol=BRITANNIA/part-040642_402823-002983.parquet,real_data_sample\l2_unseen_validation\trade_date=2026-07-17\exchange=NSE\symbol=BRITANNIA\part-040642_402823-002983.parquet,34395,downloaded,34395,
2026-07-17,NSE,BRITANNIA,raw_l2/trade_date=2026-07-17/exchange=NSE/symbol=BRITANNIA/part-040656_419346-003015.parquet,real_data_sample\l2_unseen_validation\trade_date=2026-07-17\exchange=NSE\symbol=BRITANNIA\part-040656_419346-003015.parquet,34397,downloaded,34397,
2026-07-17,NSE,BRITANNIA,raw_l2/trade_date=2026-07-17/exchange=NSE/symbol=BRITANNIA/part-040710_396440-003047.parquet,real_data_sample\l2_unseen_validation\trade_date=2026-07-17\exchange=NSE\symbol=BRITANNIA\part-040710_396440-003047.parquet,34473,downloaded,34473,
2026-07-17,NSE,BRITANNIA,raw_l2/trade_date=2026-07-17/exchange=NSE/symbol=BRITANNIA/part-040738_416571-003111.parquet,real_data_sample\l2_unseen_validation\trade_date=2026-07-17\exchange=NSE\symbol=BRITANNIA\part-040738_416571-003111.parquet,34405,downloaded,34405,
2026-07-17,NSE,BRITANNIA,raw_l2/trade_date=2026-07-17/exchange=NSE/symbol=BRITANNIA/part-040724_480334-003079.parquet,real_data_sample\l2_unseen_validation\trade_date=2026-07-17\exchange=NSE\symbol=BRITANNIA\part-040724_480334-003079.parquet,34389,downloaded,34389,
2026-07-17,NSE,BRITANNIA,raw_l2/trade_date=2026-07-17/exchange=NSE/symbol=BRITANNIA/part-040752_720670-003143.parquet,real_data_sample\l2_unseen_validation\trade_date=2026-07-17\exchange=NSE\symbol=BRITANNIA\part-040752_720670-003143.parquet,34371,downloaded,34371,
2026-07-17,NSE,BRITANNIA,raw_l2/trade_date=2026-07-17/exchange=NSE/symbol=BRITANNIA/part-035817_430674-001831.parquet,real_data_sample\l2_unseen_validation\trade_date=2026-07-17\exchange=NSE\symbol=BRITANNIA\part-035817_430674-001831.parquet,34229,downloaded,34229,
2026-07-17,NSE,BRITANNIA,raw_l2/trade_date=2026-07-17/exchange=NSE/symbol=BRITANNIA/part-040422_143645-002663.parquet,real_data_sample\l2_unseen_validation\trade_date=2026-07-17\exchange=NSE\symbol=BRITANNIA\part-040422_143645-002663.parquet,34213,downloaded,34213,
2026-07-17,NSE,BRITANNIA,raw_l2/trade_date=2026-07-17/exchange=NSE/symbol=BRITANNIA/part-040820_823483-003207.parquet,real_data_sample\l2_unseen_validation\trade_date=2026-07-17\exchange=NSE\symbol=BRITANNIA\part-040820_823483-003207.parquet,34405,downloaded,34405,
2026-07-17,NSE,BRITANNIA,raw_l2/trade_date=2026-07-17/exchange=NSE/symbol=BRITANNIA/part-040849_453771-003271.parquet,real_data_sample\l2_unseen_validation\trade_date=2026-07-17\exchange=NSE\symbol=BRITANNIA\part-040849_453771-003271.parquet,34357,downloaded,34357,
2026-07-17,NSE,BRITANNIA,raw_l2/trade_date=2026-07-17/exchange=NSE/symbol=BRITANNIA/part-040325_818889-002535.parquet,real_data_sample\l2_unseen_validation\trade_date=2026-07-17\exchange=NSE\symbol=BRITANNIA\part-040325_818889-002535.parquet,34436,downloaded,34436,
2026-07-17,NSE,BRITANNIA,raw_l2/trade_date=2026-07-17/exchange=NSE/symbol=BRITANNIA/part-040806_648844-003175.parquet,real_data_sample\l2_unseen_validation\trade_date=2026-07-17\exchange=NSE\symbol=BRITANNIA\part-040806_648844-003175.parquet,34201,downloaded,34201,
2026-07-17,NSE,BRITANNIA,raw_l2/trade_date=2026-07-17/exchange=NSE/symbol=BRITANNIA/part-040408_209005-002631.parquet,real_data_sample\l2_unseen_validation\trade_date=2026-07-17\exchange=NSE\symbol=BRITANNIA\part-040408_209005-002631.parquet,34415,downloaded,34415,
2026-07-17,NSE,BRITANNIA,raw_l2/trade_date=2026-07-17/exchange=NSE/symbol=BRITANNIA/part-040903_707444-003303.parquet,real_data_sample\l2_unseen_validation\trade_date=2026-07-17\exchange=NSE\symbol=BRITANNIA\part-040903_707444-003303.parquet,34536,downloaded,34536,
2026-07-17,NSE,BRITANNIA,raw_l2/trade_date=2026-07-17/exchange=NSE/symbol=BRITANNIA/part-041000_757339-003431.parquet,real_data_sample\l2_unseen_validation\trade_date=2026-07-17\exchange=NSE\symbol=BRITANNIA\part-041000_757339-003431.parquet,34301,downloaded,34301,
2026-07-17,NSE,BRITANNIA,raw_l2/trade_date=2026-07-17/exchange=NSE/symbol=BRITANNIA/part-040917_670144-003335.parquet,real_data_sample\l2_unseen_validation\trade_date=2026-07-17\exchange=NSE\symbol=BRITANNIA\part-040917_670144-003335.parquet,34520,downloaded,34520,
2026-07-17,NSE,BRITANNIA,raw_l2/trade_date=2026-07-17/exchange=NSE/symbol=BRITANNIA/part-040835_196347-003239.parquet,real_data_sample\l2_unseen_validation\trade_date=2026-07-17\exchange=NSE\symbol=BRITANNIA\part-040835_196347-003239.parquet,34696,downloaded,34696,
2026-07-17,NSE,BRITANNIA,raw_l2/trade_date=2026-07-17/exchange=NSE/symbol=BRITANNIA/part-040946_480450-003399.parquet,real_data_sample\l2_unseen_validation\trade_date=2026-07-17\exchange=NSE\symbol=BRITANNIA\part-040946_480450-003399.parquet,34295,downloaded,34295,
2026-07-17,NSE,BRITANNIA,raw_l2/trade_date=2026-07-17/exchange=NSE/symbol=BRITANNIA/part-040546_651314-002855.parquet,real_data_sample\l2_unseen_validation\trade_date=2026-07-17\exchange=NSE\symbol=BRITANNIA\part-040546_651314-002855.parquet,34482,downloaded,34482,
2026-07-17,NSE,BRITANNIA,raw_l2/trade_date=2026-07-17/exchange=NSE/symbol=BRITANNIA/part-040504_284687-002759.parquet,real_data_sample\l2_unseen_validation\trade_date=2026-07-17\exchange=NSE\symbol=BRITANNIA\part-040504_284687-002759.parquet,34505,downloaded,34505,
2026-07-17,NSE,BRITANNIA,raw_l2/trade_date=2026-07-17/exchange=NSE/symbol=BRITANNIA/part-040932_032543-003367.parquet,real_data_sample\l2_unseen_validation\trade_date=2026-07-17\exchange=NSE\symbol=BRITANNIA\part-040932_032543-003367.parquet,34307,downloaded,34307,
2026-07-17,NSE,BRITANNIA,raw_l2/trade_date=2026-07-17/exchange=NSE/symbol=BRITANNIA/part-041043_031849-003527.parquet,real_data_sample\l2_unseen_validation\trade_date=2026-07-17\exchange=NSE\symbol=BRITANNIA\part-041043_031849-003527.parquet,34732,downloaded,34732,
2026-07-17,NSE,BRITANNIA,raw_l2/trade_date=2026-07-17/exchange=NSE/symbol=BRITANNIA/part-041028_739558-003495.parquet,real_data_sample\l2_unseen_validation\trade_date=2026-07-17\exchange=NSE\symbol=BRITANNIA\part-041028_739558-003495.parquet,34098,downloaded,34098,
2026-07-17,NSE,BRITANNIA,raw_l2/trade_date=2026-07-17/exchange=NSE/symbol=BRITANNIA/part-041111_393040-003591.parquet,real_data_sample\l2_unseen_validation\trade_date=2026-07-17\exchange=NSE\symbol=BRITANNIA\part-041111_393040-003591.parquet,34428,downloaded,34428,
2026-07-17,NSE,BRITANNIA,raw_l2/trade_date=2026-07-17/exchange=NSE/symbol=BRITANNIA/part-040628_646083-002951.parquet,real_data_sample\l2_unseen_validation\trade_date=2026-07-17\exchange=NSE\symbol=BRITANNIA\part-040628_646083-002951.parquet,34277,downloaded,34277,
2026-07-17,NSE,BRITANNIA,raw_l2/trade_date=2026-07-17/exchange=NSE/symbol=BRITANNIA/part-041057_254375-003559.parquet,real_data_sample\l2_unseen_validation\trade_date=2026-07-17\exchange=NSE\symbol=BRITANNIA\part-041057_254375-003559.parquet,34537,downloaded,34537,
2026-07-17,NSE,BRITANNIA,raw_l2/trade_date=2026-07-17/exchange=NSE/symbol=BRITANNIA/part-041125_382904-003623.parquet,real_data_sample\l2_unseen_validation\trade_date=2026-07-17\exchange=NSE\symbol=BRITANNIA\part-041125_382904-003623.parquet,34554,downloaded,34554,
2026-07-17,NSE,BRITANNIA,raw_l2/trade_date=2026-07-17/exchange=NSE/symbol=BRITANNIA/part-041139_316387-003655.parquet,real_data_sample\l2_unseen_validation\trade_date=2026-07-17\exchange=NSE\symbol=BRITANNIA\part-041139_316387-003655.parquet,34427,downloaded,34427,
2026-07-17,NSE,BRITANNIA,raw_l2/trade_date=2026-07-17/exchange=NSE/symbol=BRITANNIA/part-041234_959272-003783.parquet,real_data_sample\l2_unseen_validation\trade_date=2026-07-17\exchange=NSE\symbol=BRITANNIA\part-041234_959272-003783.parquet,34477,downloaded,34477,
2026-07-17,NSE,BRITANNIA,raw_l2/trade_date=2026-07-17/exchange=NSE/symbol=BRITANNIA/part-041248_923319-003815.parquet,real_data_sample\l2_unseen_validation\trade_date=2026-07-17\exchange=NSE\symbol=BRITANNIA\part-041248_923319-003815.parquet,34383,downloaded,34383,
2026-07-17,NSE,BRITANNIA,raw_l2/trade_date=2026-07-17/exchange=NSE/symbol=BRITANNIA/part-041153_195045-003687.parquet,real_data_sample\l2_unseen_validation\trade_date=2026-07-17\exchange=NSE\symbol=BRITANNIA\part-041153_195045-003687.parquet,34497,downloaded,34497,
2026-07-17,NSE,BRITANNIA,raw_l2/trade_date=2026-07-17/exchange=NSE/symbol=BRITANNIA/part-041302_689728-003847.parquet,real_data_sample\l2_unseen_validation\trade_date=2026-07-17\exchange=NSE\symbol=BRITANNIA\part-041302_689728-003847.parquet,34463,downloaded,34463,
2026-07-17,NSE,BRITANNIA,raw_l2/trade_date=2026-07-17/exchange=NSE/symbol=BRITANNIA/part-041344_730773-003943.parquet,real_data_sample\l2_unseen_validation\trade_date=2026-07-17\exchange=NSE\symbol=BRITANNIA\part-041344_730773-003943.parquet,34449,downloaded,34449,
2026-07-17,NSE,BRITANNIA,raw_l2/trade_date=2026-07-17/exchange=NSE/symbol=BRITANNIA/part-041221_184502-003751.parquet,real_data_sample\l2_unseen_validation\trade_date=2026-07-17\exchange=NSE\symbol=BRITANNIA\part-041221_184502-003751.parquet,34515,downloaded,34515,
2026-07-17,NSE,BRITANNIA,raw_l2/trade_date=2026-07-17/exchange=NSE/symbol=BRITANNIA/part-041207_217582-003719.parquet,real_data_sample\l2_unseen_validation\trade_date=2026-07-17\exchange=NSE\symbol=BRITANNIA\part-041207_217582-003719.parquet,34617,downloaded,34617,
2026-07-17,NSE,BRITANNIA,raw_l2/trade_date=2026-07-17/exchange=NSE/symbol=BRITANNIA/part-041330_735294-003911.parquet,real_data_sample\l2_unseen_validation\trade_date=2026-07-17\exchange=NSE\symbol=BRITANNIA\part-041330_735294-003911.parquet,34435,downloaded,34435,
2026-07-17,NSE,BRITANNIA,raw_l2/trade_date=2026-07-17/exchange=NSE/symbol=BRITANNIA/part-041412_920380-004007.parquet,real_data_sample\l2_unseen_validation\trade_date=2026-07-17\exchange=NSE\symbol=BRITANNIA\part-041412_920380-004007.parquet,34669,downloaded,34669,
2026-07-17,NSE,BRITANNIA,raw_l2/trade_date=2026-07-17/exchange=NSE/symbol=BRITANNIA/part-041358_778790-003975.parquet,real_data_sample\l2_unseen_validation\trade_date=2026-07-17\exchange=NSE\symbol=BRITANNIA\part-041358_778790-003975.parquet,34555,downloaded,34555,
2026-07-17,NSE,BRITANNIA,raw_l2/trade_date=2026-07-17/exchange=NSE/symbol=BRITANNIA/part-041426_946067-004039.parquet,real_data_sample\l2_unseen_validation\trade_date=2026-07-17\exchange=NSE\symbol=BRITANNIA\part-041426_946067-004039.parquet,34524,downloaded,34524,
2026-07-17,NSE,BRITANNIA,raw_l2/trade_date=2026-07-17/exchange=NSE/symbol=BRITANNIA/part-041440_955499-004071.parquet,real_data_sample\l2_unseen_validation\trade_date=2026-07-17\exchange=NSE\symbol=BRITANNIA\part-041440_955499-004071.parquet,34346,downloaded,34346,
2026-07-17,NSE,BRITANNIA,raw_l2/trade_date=2026-07-17/exchange=NSE/symbol=BRITANNIA/part-041508_926259-004135.parquet,real_data_sample\l2_unseen_validation\trade_date=2026-07-17\exchange=NSE\symbol=BRITANNIA\part-041508_926259-004135.parquet,34461,downloaded,34461,
2026-07-17,NSE,BRITANNIA,raw_l2/trade_date=2026-07-17/exchange=NSE/symbol=BRITANNIA/part-041522_694032-004167.parquet,real_data_sample\l2_unseen_validation\trade_date=2026-07-17\exchange=NSE\symbol=BRITANNIA\part-041522_694032-004167.parquet,34509,downloaded,34509,
2026-07-17,NSE,BRITANNIA,raw_l2/trade_date=2026-07-17/exchange=NSE/symbol=BRITANNIA/part-041454_895134-004103.parquet,real_data_sample\l2_unseen_validation\trade_date=2026-07-17\exchange=NSE\symbol=BRITANNIA\part-041454_895134-004103.parquet,34458,downloaded,34458,
2026-07-17,NSE,BRITANNIA,raw_l2/trade_date=2026-07-17/exchange=NSE/symbol=BRITANNIA/part-041605_673501-004263.parquet,real_data_sample\l2_unseen_validation\trade_date=2026-07-17\exchange=NSE\symbol=BRITANNIA\part-041605_673501-004263.parquet,34199,downloaded,34199,
2026-07-17,NSE,BRITANNIA,raw_l2/trade_date=2026-07-17/exchange=NSE/symbol=BRITANNIA/part-041700_893405-004391.parquet,real_data_sample\l2_unseen_validation\trade_date=2026-07-17\exchange=NSE\symbol=BRITANNIA\part-041700_893405-004391.parquet,34332,downloaded,34332,
2026-07-17,NSE,BRITANNIA,raw_l2/trade_date=2026-07-17/exchange=NSE/symbol=BRITANNIA/part-041536_628167-004199.parquet,real_data_sample\l2_unseen_validation\trade_date=2026-07-17\exchange=NSE\symbol=BRITANNIA\part-041536_628167-004199.parquet,34541,downloaded,34541,
2026-07-17,NSE,BRITANNIA,raw_l2/trade_date=2026-07-17/exchange=NSE/symbol=BRITANNIA/part-041619_402125-004295.parquet,real_data_sample\l2_unseen_validation\trade_date=2026-07-17\exchange=NSE\symbol=BRITANNIA\part-041619_402125-004295.parquet,34329,downloaded,34329,
2026-07-17,NSE,BRITANNIA,raw_l2/trade_date=2026-07-17/exchange=NSE/symbol=BRITANNIA/part-041551_556732-004231.parquet,real_data_sample\l2_unseen_validation\trade_date=2026-07-17\exchange=NSE\symbol=BRITANNIA\part-041551_556732-004231.parquet,34592,downloaded,34592,
2026-07-17,NSE,BRITANNIA,raw_l2/trade_date=2026-07-17/exchange=NSE/symbol=BRITANNIA/part-041714_640696-004423.parquet,real_data_sample\l2_unseen_validation\trade_date=2026-07-17\exchange=NSE\symbol=BRITANNIA\part-041714_640696-004423.parquet,34309,downloaded,34309,
2026-07-17,NSE,BRITANNIA,raw_l2/trade_date=2026-07-17/exchange=NSE/symbol=BRITANNIA/part-041646_921729-004359.parquet,real_data_sample\l2_unseen_validation\trade_date=2026-07-17\exchange=NSE\symbol=BRITANNIA\part-041646_921729-004359.parquet,34393,downloaded,34393,
2026-07-17,NSE,BRITANNIA,raw_l2/trade_date=2026-07-17/exchange=NSE/symbol=BRITANNIA/part-041728_912104-004455.parquet,real_data_sample\l2_unseen_validation\trade_date=2026-07-17\exchange=NSE\symbol=BRITANNIA\part-041728_912104-004455.parquet,34479,downloaded,34479,
2026-07-17,NSE,BRITANNIA,raw_l2/trade_date=2026-07-17/exchange=NSE/symbol=BRITANNIA/part-041633_119468-004327.parquet,real_data_sample\l2_unseen_validation\trade_date=2026-07-17\exchange=NSE\symbol=BRITANNIA\part-041633_119468-004327.parquet,34466,downloaded,34466,
2026-07-17,NSE,BRITANNIA,raw_l2/trade_date=2026-07-17/exchange=NSE/symbol=BRITANNIA/part-041810_388050-004551.parquet,real_data_sample\l2_unseen_validation\trade_date=2026-07-17\exchange=NSE\symbol=BRITANNIA\part-041810_388050-004551.parquet,34488,downloaded,34488,
2026-07-17,NSE,BRITANNIA,raw_l2/trade_date=2026-07-17/exchange=NSE/symbol=BRITANNIA/part-041756_696931-004519.parquet,real_data_sample\l2_unseen_validation\trade_date=2026-07-17\exchange=NSE\symbol=BRITANNIA\part-041756_696931-004519.parquet,34405,downloaded,34405,
2026-07-17,NSE,BRITANNIA,raw_l2/trade_date=2026-07-17/exchange=NSE/symbol=BRITANNIA/part-041906_446293-004679.parquet,real_data_sample\l2_unseen_validation\trade_date=2026-07-17\exchange=NSE\symbol=BRITANNIA\part-041906_446293-004679.parquet,34562,downloaded,34562,
2026-07-17,NSE,BRITANNIA,raw_l2/trade_date=2026-07-17/exchange=NSE/symbol=BRITANNIA/part-041837_908300-004615.parquet,real_data_sample\l2_unseen_validation\trade_date=2026-07-17\exchange=NSE\symbol=BRITANNIA\part-041837_908300-004615.parquet,34391,downloaded,34391,
2026-07-17,NSE,BRITANNIA,raw_l2/trade_date=2026-07-17/exchange=NSE/symbol=BRITANNIA/part-041742_887238-004487.parquet,real_data_sample\l2_unseen_validation\trade_date=2026-07-17\exchange=NSE\symbol=BRITANNIA\part-041742_887238-004487.parquet,34504,downloaded,34504,
2026-07-17,NSE,BRITANNIA,raw_l2/trade_date=2026-07-17/exchange=NSE/symbol=BRITANNIA/part-041824_153434-004583.parquet,real_data_sample\l2_unseen_validation\trade_date=2026-07-17\exchange=NSE\symbol=BRITANNIA\part-041824_153434-004583.parquet,34430,downloaded,34430,
2026-07-17,NSE,BRITANNIA,raw_l2/trade_date=2026-07-17/exchange=NSE/symbol=BRITANNIA/part-041851_883056-004647.parquet,real_data_sample\l2_unseen_validation\trade_date=2026-07-17\exchange=NSE\symbol=BRITANNIA\part-041851_883056-004647.parquet,34387,downloaded,34387,
2026-07-17,NSE,BRITANNIA,raw_l2/trade_date=2026-07-17/exchange=NSE/symbol=BRITANNIA/part-042154_180660-005063.parquet,real_data_sample\l2_unseen_validation\trade_date=2026-07-17\exchange=NSE\symbol=BRITANNIA\part-042154_180660-005063.parquet,34556,downloaded,34556,
2026-07-17,NSE,BRITANNIA,raw_l2/trade_date=2026-07-17/exchange=NSE/symbol=BRITANNIA/part-042112_142745-004967.parquet,real_data_sample\l2_unseen_validation\trade_date=2026-07-17\exchange=NSE\symbol=BRITANNIA\part-042112_142745-004967.parquet,34420,downloaded,34420,
2026-07-17,NSE,BRITANNIA,raw_l2/trade_date=2026-07-17/exchange=NSE/symbol=BRITANNIA/part-042140_171749-005031.parquet,real_data_sample\l2_unseen_validation\trade_date=2026-07-17\exchange=NSE\symbol=BRITANNIA\part-042140_171749-005031.parquet,34420,downloaded,34420,
2026-07-17,NSE,BRITANNIA,raw_l2/trade_date=2026-07-17/exchange=NSE/symbol=BRITANNIA/part-042044_677765-004903.parquet,real_data_sample\l2_unseen_validation\trade_date=2026-07-17\exchange=NSE\symbol=BRITANNIA\part-042044_677765-004903.parquet,34392,downloaded,34392,
2026-07-17,NSE,BRITANNIA,raw_l2/trade_date=2026-07-17/exchange=NSE/symbol=BRITANNIA/part-042125_901013-004999.parquet,real_data_sample\l2_unseen_validation\trade_date=2026-07-17\exchange=NSE\symbol=BRITANNIA\part-042125_901013-004999.parquet,34653,downloaded,34653,
2026-07-17,NSE,BRITANNIA,raw_l2/trade_date=2026-07-17/exchange=NSE/symbol=BRITANNIA/part-042058_380822-004935.parquet,real_data_sample\l2_unseen_validation\trade_date=2026-07-17\exchange=NSE\symbol=BRITANNIA\part-042058_380822-004935.parquet,34501,downloaded,34501,
2026-07-17,NSE,BRITANNIA,raw_l2/trade_date=2026-07-17/exchange=NSE/symbol=BRITANNIA/part-042002_949953-004807.parquet,real_data_sample\l2_unseen_validation\trade_date=2026-07-17\exchange=NSE\symbol=BRITANNIA\part-042002_949953-004807.parquet,34228,downloaded,34228,
2026-07-17,NSE,BRITANNIA,raw_l2/trade_date=2026-07-17/exchange=NSE/symbol=BRITANNIA/part-042030_660162-004871.parquet,real_data_sample\l2_unseen_validation\trade_date=2026-07-17\exchange=NSE\symbol=BRITANNIA\part-042030_660162-004871.parquet,34567,downloaded,34567,
2026-07-17,NSE,BRITANNIA,raw_l2/trade_date=2026-07-17/exchange=NSE/symbol=BRITANNIA/part-042016_962185-004839.parquet,real_data_sample\l2_unseen_validation\trade_date=2026-07-17\exchange=NSE\symbol=BRITANNIA\part-042016_962185-004839.parquet,34471,downloaded,34471,
2026-07-17,NSE,BRITANNIA,raw_l2/trade_date=2026-07-17/exchange=NSE/symbol=BRITANNIA/part-041948_960825-004775.parquet,real_data_sample\l2_unseen_validation\trade_date=2026-07-17\exchange=NSE\symbol=BRITANNIA\part-041948_960825-004775.parquet,34311,downloaded,34311,
2026-07-17,NSE,BRITANNIA,raw_l2/trade_date=2026-07-17/exchange=NSE/symbol=BRITANNIA/part-041920_759581-004711.parquet,real_data_sample\l2_unseen_validation\trade_date=2026-07-17\exchange=NSE\symbol=BRITANNIA\part-041920_759581-004711.parquet,34381,downloaded,34381,
2026-07-17,NSE,BRITANNIA,raw_l2/trade_date=2026-07-17/exchange=NSE/symbol=BRITANNIA/part-041934_945863-004743.parquet,real_data_sample\l2_unseen_validation\trade_date=2026-07-17\exchange=NSE\symbol=BRITANNIA\part-041934_945863-004743.parquet,34291,downloaded,34291,
2026-07-17,NSE,BRITANNIA,raw_l2/trade_date=2026-07-17/exchange=NSE/symbol=BRITANNIA/part-042208_152399-005095.parquet,real_data_sample\l2_unseen_validation\trade_date=2026-07-17\exchange=NSE\symbol=BRITANNIA\part-042208_152399-005095.parquet,34384,downloaded,34384,
2026-07-17,NSE,BRITANNIA,raw_l2/trade_date=2026-07-17/exchange=NSE/symbol=BRITANNIA/part-042317_950415-005255.parquet,real_data_sample\l2_unseen_validation\trade_date=2026-07-17\exchange=NSE\symbol=BRITANNIA\part-042317_950415-005255.parquet,34508,downloaded,34508,
2026-07-17,NSE,BRITANNIA,raw_l2/trade_date=2026-07-17/exchange=NSE/symbol=BRITANNIA/part-042303_886935-005223.parquet,real_data_sample\l2_unseen_validation\trade_date=2026-07-17\exchange=NSE\symbol=BRITANNIA\part-042303_886935-005223.parquet,34307,downloaded,34307,
2026-07-17,NSE,BRITANNIA,raw_l2/trade_date=2026-07-17/exchange=NSE/symbol=BRITANNIA/part-042236_153530-005159.parquet,real_data_sample\l2_unseen_validation\trade_date=2026-07-17\exchange=NSE\symbol=BRITANNIA\part-042236_153530-005159.parquet,34423,downloaded,34423,
2026-07-17,NSE,BRITANNIA,raw_l2/trade_date=2026-07-17/exchange=NSE/symbol=BRITANNIA/part-042249_931002-005191.parquet,real_data_sample\l2_unseen_validation\trade_date=2026-07-17\exchange=NSE\symbol=BRITANNIA\part-042249_931002-005191.parquet,34502,downloaded,34502,
2026-07-17,NSE,BRITANNIA,raw_l2/trade_date=2026-07-17/exchange=NSE/symbol=BRITANNIA/part-042331_915622-005287.parquet,real_data_sample\l2_unseen_validation\trade_date=2026-07-17\exchange=NSE\symbol=BRITANNIA\part-042331_915622-005287.parquet,34448,downloaded,34448,
2026-07-17,NSE,BRITANNIA,raw_l2/trade_date=2026-07-17/exchange=NSE/symbol=BRITANNIA/part-042222_178701-005127.parquet,real_data_sample\l2_unseen_validation\trade_date=2026-07-17\exchange=NSE\symbol=BRITANNIA\part-042222_178701-005127.parquet,34391,downloaded,34391,
2026-07-17,NSE,BRITANNIA,raw_l2/trade_date=2026-07-17/exchange=NSE/symbol=BRITANNIA/part-042413_700405-005383.parquet,real_data_sample\l2_unseen_validation\trade_date=2026-07-17\exchange=NSE\symbol=BRITANNIA\part-042413_700405-005383.parquet,34243,downloaded,34243,
2026-07-17,NSE,BRITANNIA,raw_l2/trade_date=2026-07-17/exchange=NSE/symbol=BRITANNIA/part-042359_891314-005351.parquet,real_data_sample\l2_unseen_validation\trade_date=2026-07-17\exchange=NSE\symbol=BRITANNIA\part-042359_891314-005351.parquet,34445,downloaded,34445,
2026-07-17,NSE,BRITANNIA,raw_l2/trade_date=2026-07-17/exchange=NSE/symbol=BRITANNIA/part-042345_916141-005319.parquet,real_data_sample\l2_unseen_validation\trade_date=2026-07-17\exchange=NSE\symbol=BRITANNIA\part-042345_916141-005319.parquet,34353,downloaded,34353,
2026-07-17,NSE,BRITANNIA,raw_l2/trade_date=2026-07-17/exchange=NSE/symbol=BRITANNIA/part-042427_672885-005415.parquet,real_data_sample\l2_unseen_validation\trade_date=2026-07-17\exchange=NSE\symbol=BRITANNIA\part-042427_672885-005415.parquet,34270,downloaded,34270,
2026-07-17,NSE,BRITANNIA,raw_l2/trade_date=2026-07-17/exchange=NSE/symbol=BRITANNIA/part-042455_379139-005479.parquet,real_data_sample\l2_unseen_validation\trade_date=2026-07-17\exchange=NSE\symbol=BRITANNIA\part-042455_379139-005479.parquet,34667,downloaded,34667,
2026-07-17,NSE,BRITANNIA,raw_l2/trade_date=2026-07-17/exchange=NSE/symbol=BRITANNIA/part-042441_730926-005447.parquet,real_data_sample\l2_unseen_validation\trade_date=2026-07-17\exchange=NSE\symbol=BRITANNIA\part-042441_730926-005447.parquet,34636,downloaded,34636,
2026-07-17,NSE,BRITANNIA,raw_l2/trade_date=2026-07-17/exchange=NSE/symbol=BRITANNIA/part-042619_202847-005671.parquet,real_data_sample\l2_unseen_validation\trade_date=2026-07-17\exchange=NSE\symbol=BRITANNIA\part-042619_202847-005671.parquet,34539,downloaded,34539,
2026-07-17,NSE,BRITANNIA,raw_l2/trade_date=2026-07-17/exchange=NSE/symbol=BRITANNIA/part-041014_697225-003463.parquet,real_data_sample\l2_unseen_validation\trade_date=2026-07-17\exchange=NSE\symbol=BRITANNIA\part-041014_697225-003463.parquet,34378,downloaded,34378,
2026-07-17,NSE,BRITANNIA,raw_l2/trade_date=2026-07-17/exchange=NSE/symbol=BRITANNIA/part-042522_983462-005543.parquet,real_data_sample\l2_unseen_validation\trade_date=2026-07-17\exchange=NSE\symbol=BRITANNIA\part-042522_983462-005543.parquet,34254,downloaded,34254,
2026-07-17,NSE,BRITANNIA,raw_l2/trade_date=2026-07-17/exchange=NSE/symbol=BRITANNIA/part-042509_151249-005511.parquet,real_data_sample\l2_unseen_validation\trade_date=2026-07-17\exchange=NSE\symbol=BRITANNIA\part-042509_151249-005511.parquet,34579,downloaded,34579,
2026-07-17,NSE,BRITANNIA,raw_l2/trade_date=2026-07-17/exchange=NSE/symbol=BRITANNIA/part-043044_686794-006279.parquet,real_data_sample\l2_unseen_validation\trade_date=2026-07-17\exchange=NSE\symbol=BRITANNIA\part-043044_686794-006279.parquet,34353,downloaded,34353,
2026-07-17,NSE,BRITANNIA,raw_l2/trade_date=2026-07-17/exchange=NSE/symbol=BRITANNIA/part-042920_713255-006087.parquet,real_data_sample\l2_unseen_validation\trade_date=2026-07-17\exchange=NSE\symbol=BRITANNIA\part-042920_713255-006087.parquet,34694,downloaded,34694,
2026-07-17,NSE,BRITANNIA,raw_l2/trade_date=2026-07-17/exchange=NSE/symbol=BRITANNIA/part-042633_507874-005703.parquet,real_data_sample\l2_unseen_validation\trade_date=2026-07-17\exchange=NSE\symbol=BRITANNIA\part-042633_507874-005703.parquet,34622,downloaded,34622,
2026-07-17,NSE,BRITANNIA,raw_l2/trade_date=2026-07-17/exchange=NSE/symbol=BRITANNIA/part-042605_261987-005639.parquet,real_data_sample\l2_unseen_validation\trade_date=2026-07-17\exchange=NSE\symbol=BRITANNIA\part-042605_261987-005639.parquet,34494,downloaded,34494,
2026-07-17,NSE,BRITANNIA,raw_l2/trade_date=2026-07-17/exchange=NSE/symbol=BRITANNIA/part-042934_708343-006119.parquet,real_data_sample\l2_unseen_validation\trade_date=2026-07-17\exchange=NSE\symbol=BRITANNIA\part-042934_708343-006119.parquet,34623,downloaded,34623,
2026-07-17,NSE,BRITANNIA,raw_l2/trade_date=2026-07-17/exchange=NSE/symbol=BRITANNIA/part-042906_706003-006055.parquet,real_data_sample\l2_unseen_validation\trade_date=2026-07-17\exchange=NSE\symbol=BRITANNIA\part-042906_706003-006055.parquet,34650,downloaded,34650,
2026-07-17,NSE,BRITANNIA,raw_l2/trade_date=2026-07-17/exchange=NSE/symbol=BRITANNIA/part-042838_914684-005991.parquet,real_data_sample\l2_unseen_validation\trade_date=2026-07-17\exchange=NSE\symbol=BRITANNIA\part-042838_914684-005991.parquet,34258,downloaded,34258,
2026-07-17,NSE,BRITANNIA,raw_l2/trade_date=2026-07-17/exchange=NSE/symbol=BRITANNIA/part-043030_934436-006247.parquet,real_data_sample\l2_unseen_validation\trade_date=2026-07-17\exchange=NSE\symbol=BRITANNIA\part-043030_934436-006247.parquet,34395,downloaded,34395,
2026-07-17,NSE,BRITANNIA,raw_l2/trade_date=2026-07-17/exchange=NSE/symbol=BRITANNIA/part-042729_500821-005831.parquet,real_data_sample\l2_unseen_validation\trade_date=2026-07-17\exchange=NSE\symbol=BRITANNIA\part-042729_500821-005831.parquet,34465,downloaded,34465,
2026-07-17,NSE,BRITANNIA,raw_l2/trade_date=2026-07-17/exchange=NSE/symbol=BRITANNIA/part-042701_471649-005767.parquet,real_data_sample\l2_unseen_validation\trade_date=2026-07-17\exchange=NSE\symbol=BRITANNIA\part-042701_471649-005767.parquet,34556,downloaded,34556,
2026-07-17,NSE,BRITANNIA,raw_l2/trade_date=2026-07-17/exchange=NSE/symbol=BRITANNIA/part-043002_675565-006183.parquet,real_data_sample\l2_unseen_validation\trade_date=2026-07-17\exchange=NSE\symbol=BRITANNIA\part-043002_675565-006183.parquet,34467,downloaded,34467,
2026-07-17,NSE,BRITANNIA,raw_l2/trade_date=2026-07-17/exchange=NSE/symbol=BRITANNIA/part-042537_211194-005575.parquet,real_data_sample\l2_unseen_validation\trade_date=2026-07-17\exchange=NSE\symbol=BRITANNIA\part-042537_211194-005575.parquet,34813,downloaded,34813,
2026-07-17,NSE,BRITANNIA,raw_l2/trade_date=2026-07-17/exchange=NSE/symbol=BRITANNIA/part-042852_900319-006023.parquet,real_data_sample\l2_unseen_validation\trade_date=2026-07-17\exchange=NSE\symbol=BRITANNIA\part-042852_900319-006023.parquet,34420,downloaded,34420,
2026-07-17,NSE,BRITANNIA,raw_l2/trade_date=2026-07-17/exchange=NSE/symbol=BRITANNIA/part-042647_420289-005735.parquet,real_data_sample\l2_unseen_validation\trade_date=2026-07-17\exchange=NSE\symbol=BRITANNIA\part-042647_420289-005735.parquet,34458,downloaded,34458,
2026-07-17,NSE,BRITANNIA,raw_l2/trade_date=2026-07-17/exchange=NSE/symbol=BRITANNIA/part-042551_147045-005607.parquet,real_data_sample\l2_unseen_validation\trade_date=2026-07-17\exchange=NSE\symbol=BRITANNIA\part-042551_147045-005607.parquet,34505,downloaded,34505,
2026-07-17,NSE,BRITANNIA,raw_l2/trade_date=2026-07-17/exchange=NSE/symbol=BRITANNIA/part-042715_447970-005799.parquet,real_data_sample\l2_unseen_validation\trade_date=2026-07-17\exchange=NSE\symbol=BRITANNIA\part-042715_447970-005799.parquet,34364,downloaded,34364,
2026-07-17,NSE,BRITANNIA,raw_l2/trade_date=2026-07-17/exchange=NSE/symbol=BRITANNIA/part-042743_385131-005863.parquet,real_data_sample\l2_unseen_validation\trade_date=2026-07-17\exchange=NSE\symbol=BRITANNIA\part-042743_385131-005863.parquet,34773,downloaded,34773,
2026-07-17,NSE,BRITANNIA,raw_l2/trade_date=2026-07-17/exchange=NSE/symbol=BRITANNIA/part-042757_157881-005895.parquet,real_data_sample\l2_unseen_validation\trade_date=2026-07-17\exchange=NSE\symbol=BRITANNIA\part-042757_157881-005895.parquet,34560,downloaded,34560,
2026-07-17,NSE,BRITANNIA,raw_l2/trade_date=2026-07-17/exchange=NSE/symbol=BRITANNIA/part-042824_963468-005959.parquet,real_data_sample\l2_unseen_validation\trade_date=2026-07-17\exchange=NSE\symbol=BRITANNIA\part-042824_963468-005959.parquet,34275,downloaded,34275,
2026-07-17,NSE,BRITANNIA,raw_l2/trade_date=2026-07-17/exchange=NSE/symbol=BRITANNIA/part-042948_688278-006151.parquet,real_data_sample\l2_unseen_validation\trade_date=2026-07-17\exchange=NSE\symbol=BRITANNIA\part-042948_688278-006151.parquet,34306,downloaded,34306,
2026-07-17,NSE,BRITANNIA,raw_l2/trade_date=2026-07-17/exchange=NSE/symbol=BRITANNIA/part-042810_915395-005927.parquet,real_data_sample\l2_unseen_validation\trade_date=2026-07-17\exchange=NSE\symbol=BRITANNIA\part-042810_915395-005927.parquet,34595,downloaded,34595,
2026-07-17,NSE,BRITANNIA,raw_l2/trade_date=2026-07-17/exchange=NSE/symbol=BRITANNIA/part-043016_954947-006215.parquet,real_data_sample\l2_unseen_validation\trade_date=2026-07-17\exchange=NSE\symbol=BRITANNIA\part-043016_954947-006215.parquet,34628,downloaded,34628,
2026-07-17,NSE,BRITANNIA,raw_l2/trade_date=2026-07-17/exchange=NSE/symbol=BRITANNIA/part-043126_660930-006375.parquet,real_data_sample\l2_unseen_validation\trade_date=2026-07-17\exchange=NSE\symbol=BRITANNIA\part-043126_660930-006375.parquet,34601,downloaded,34601,
2026-07-17,NSE,BRITANNIA,raw_l2/trade_date=2026-07-17/exchange=NSE/symbol=BRITANNIA/part-043058_407783-006311.parquet,real_data_sample\l2_unseen_validation\trade_date=2026-07-17\exchange=NSE\symbol=BRITANNIA\part-043058_407783-006311.parquet,34213,downloaded,34213,
2026-07-17,NSE,BRITANNIA,raw_l2/trade_date=2026-07-17/exchange=NSE/symbol=BRITANNIA/part-043112_441950-006343.parquet,real_data_sample\l2_unseen_validation\trade_date=2026-07-17\exchange=NSE\symbol=BRITANNIA\part-043112_441950-006343.parquet,34368,downloaded,34368,
2026-07-17,NSE,BRITANNIA,raw_l2/trade_date=2026-07-17/exchange=NSE/symbol=BRITANNIA/part-043208_664192-006471.parquet,real_data_sample\l2_unseen_validation\trade_date=2026-07-17\exchange=NSE\symbol=BRITANNIA\part-043208_664192-006471.parquet,34472,downloaded,34472,
2026-07-17,NSE,BRITANNIA,raw_l2/trade_date=2026-07-17/exchange=NSE/symbol=BRITANNIA/part-043251_139153-006567.parquet,real_data_sample\l2_unseen_validation\trade_date=2026-07-17\exchange=NSE\symbol=BRITANNIA\part-043251_139153-006567.parquet,34340,downloaded,34340,
2026-07-17,NSE,BRITANNIA,raw_l2/trade_date=2026-07-17/exchange=NSE/symbol=BRITANNIA/part-043154_643093-006439.parquet,real_data_sample\l2_unseen_validation\trade_date=2026-07-17\exchange=NSE\symbol=BRITANNIA\part-043154_643093-006439.parquet,34317,downloaded,34317,
2026-07-17,NSE,BRITANNIA,raw_l2/trade_date=2026-07-17/exchange=NSE/symbol=BRITANNIA/part-043140_754337-006407.parquet,real_data_sample\l2_unseen_validation\trade_date=2026-07-17\exchange=NSE\symbol=BRITANNIA\part-043140_754337-006407.parquet,34348,downloaded,34348,
2026-07-17,NSE,BRITANNIA,raw_l2/trade_date=2026-07-17/exchange=NSE/symbol=BRITANNIA/part-043237_192388-006535.parquet,real_data_sample\l2_unseen_validation\trade_date=2026-07-17\exchange=NSE\symbol=BRITANNIA\part-043237_192388-006535.parquet,34550,downloaded,34550,
2026-07-17,NSE,BRITANNIA,raw_l2/trade_date=2026-07-17/exchange=NSE/symbol=BRITANNIA/part-043318_991043-006631.parquet,real_data_sample\l2_unseen_validation\trade_date=2026-07-17\exchange=NSE\symbol=BRITANNIA\part-043318_991043-006631.parquet,34547,downloaded,34547,
2026-07-17,NSE,BRITANNIA,raw_l2/trade_date=2026-07-17/exchange=NSE/symbol=BRITANNIA/part-043304_935217-006599.parquet,real_data_sample\l2_unseen_validation\trade_date=2026-07-17\exchange=NSE\symbol=BRITANNIA\part-043304_935217-006599.parquet,34529,downloaded,34529,
2026-07-17,NSE,BRITANNIA,raw_l2/trade_date=2026-07-17/exchange=NSE/symbol=BRITANNIA/part-043648_447868-007111.parquet,real_data_sample\l2_unseen_validation\trade_date=2026-07-17\exchange=NSE\symbol=BRITANNIA\part-043648_447868-007111.parquet,34277,downloaded,34277,
2026-07-17,NSE,BRITANNIA,raw_l2/trade_date=2026-07-17/exchange=NSE/symbol=BRITANNIA/part-043333_163066-006663.parquet,real_data_sample\l2_unseen_validation\trade_date=2026-07-17\exchange=NSE\symbol=BRITANNIA\part-043333_163066-006663.parquet,34162,downloaded,34162,
2026-07-17,NSE,BRITANNIA,raw_l2/trade_date=2026-07-17/exchange=NSE/symbol=BRITANNIA/part-043524_695992-006919.parquet,real_data_sample\l2_unseen_validation\trade_date=2026-07-17\exchange=NSE\symbol=BRITANNIA\part-043524_695992-006919.parquet,34524,downloaded,34524,
2026-07-17,NSE,BRITANNIA,raw_l2/trade_date=2026-07-17/exchange=NSE/symbol=BRITANNIA/part-043510_661035-006887.parquet,real_data_sample\l2_unseen_validation\trade_date=2026-07-17\exchange=NSE\symbol=BRITANNIA\part-043510_661035-006887.parquet,34246,downloaded,34246,
2026-07-17,NSE,BRITANNIA,raw_l2/trade_date=2026-07-17/exchange=NSE/symbol=BRITANNIA/part-043443_182058-006823.parquet,real_data_sample\l2_unseen_validation\trade_date=2026-07-17\exchange=NSE\symbol=BRITANNIA\part-043443_182058-006823.parquet,34527,downloaded,34527,
2026-07-17,NSE,BRITANNIA,raw_l2/trade_date=2026-07-17/exchange=NSE/symbol=BRITANNIA/part-043716_416549-007175.parquet,real_data_sample\l2_unseen_validation\trade_date=2026-07-17\exchange=NSE\symbol=BRITANNIA\part-043716_416549-007175.parquet,34293,downloaded,34293,
2026-07-17,NSE,BRITANNIA,raw_l2/trade_date=2026-07-17/exchange=NSE/symbol=BRITANNIA/part-043606_430655-007015.parquet,real_data_sample\l2_unseen_validation\trade_date=2026-07-17\exchange=NSE\symbol=BRITANNIA\part-043606_430655-007015.parquet,34564,downloaded,34564,
2026-07-17,NSE,BRITANNIA,raw_l2/trade_date=2026-07-17/exchange=NSE/symbol=BRITANNIA/part-043757_897895-007271.parquet,real_data_sample\l2_unseen_validation\trade_date=2026-07-17\exchange=NSE\symbol=BRITANNIA\part-043757_897895-007271.parquet,34411,downloaded,34411,
2026-07-17,NSE,BRITANNIA,raw_l2/trade_date=2026-07-17/exchange=NSE/symbol=BRITANNIA/part-043634_318073-007079.parquet,real_data_sample\l2_unseen_validation\trade_date=2026-07-17\exchange=NSE\symbol=BRITANNIA\part-043634_318073-007079.parquet,34494,downloaded,34494,
2026-07-17,NSE,BRITANNIA,raw_l2/trade_date=2026-07-17/exchange=NSE/symbol=BRITANNIA/part-043730_209171-007207.parquet,real_data_sample\l2_unseen_validation\trade_date=2026-07-17\exchange=NSE\symbol=BRITANNIA\part-043730_209171-007207.parquet,34350,downloaded,34350,
2026-07-17,NSE,BRITANNIA,raw_l2/trade_date=2026-07-17/exchange=NSE/symbol=BRITANNIA/part-043456_939812-006855.parquet,real_data_sample\l2_unseen_validation\trade_date=2026-07-17\exchange=NSE\symbol=BRITANNIA\part-043456_939812-006855.parquet,34261,downloaded,34261,
2026-07-17,NSE,BRITANNIA,raw_l2/trade_date=2026-07-17/exchange=NSE/symbol=BRITANNIA/part-043429_217624-006791.parquet,real_data_sample\l2_unseen_validation\trade_date=2026-07-17\exchange=NSE\symbol=BRITANNIA\part-043429_217624-006791.parquet,34325,downloaded,34325,
2026-07-17,NSE,BRITANNIA,raw_l2/trade_date=2026-07-17/exchange=NSE/symbol=BRITANNIA/part-043401_182180-006727.parquet,real_data_sample\l2_unseen_validation\trade_date=2026-07-17\exchange=NSE\symbol=BRITANNIA\part-043401_182180-006727.parquet,34388,downloaded,34388,
2026-07-17,NSE,BRITANNIA,raw_l2/trade_date=2026-07-17/exchange=NSE/symbol=BRITANNIA/part-043744_156413-007239.parquet,real_data_sample\l2_unseen_validation\trade_date=2026-07-17\exchange=NSE\symbol=BRITANNIA\part-043744_156413-007239.parquet,34571,downloaded,34571,
2026-07-17,NSE,BRITANNIA,raw_l2/trade_date=2026-07-17/exchange=NSE/symbol=BRITANNIA/part-043811_630869-007303.parquet,real_data_sample\l2_unseen_validation\trade_date=2026-07-17\exchange=NSE\symbol=BRITANNIA\part-043811_630869-007303.parquet,34489,downloaded,34489,
2026-07-17,NSE,BRITANNIA,raw_l2/trade_date=2026-07-17/exchange=NSE/symbol=BRITANNIA/part-043702_462051-007143.parquet,real_data_sample\l2_unseen_validation\trade_date=2026-07-17\exchange=NSE\symbol=BRITANNIA\part-043702_462051-007143.parquet,34283,downloaded,34283,
2026-07-17,NSE,BRITANNIA,raw_l2/trade_date=2026-07-17/exchange=NSE/symbol=BRITANNIA/part-043415_284930-006759.parquet,real_data_sample\l2_unseen_validation\trade_date=2026-07-17\exchange=NSE\symbol=BRITANNIA\part-043415_284930-006759.parquet,34503,downloaded,34503,
2026-07-17,NSE,BRITANNIA,raw_l2/trade_date=2026-07-17/exchange=NSE/symbol=BRITANNIA/part-043347_222603-006695.parquet,real_data_sample\l2_unseen_validation\trade_date=2026-07-17\exchange=NSE\symbol=BRITANNIA\part-043347_222603-006695.parquet,34455,downloaded,34455,
2026-07-17,NSE,BRITANNIA,raw_l2/trade_date=2026-07-17/exchange=NSE/symbol=BRITANNIA/part-043538_398713-006951.parquet,real_data_sample\l2_unseen_validation\trade_date=2026-07-17\exchange=NSE\symbol=BRITANNIA\part-043538_398713-006951.parquet,34439,downloaded,34439,
2026-07-17,NSE,BRITANNIA,raw_l2/trade_date=2026-07-17/exchange=NSE/symbol=BRITANNIA/part-043826_351022-007335.parquet,real_data_sample\l2_unseen_validation\trade_date=2026-07-17\exchange=NSE\symbol=BRITANNIA\part-043826_351022-007335.parquet,34463,downloaded,34463,
2026-07-17,NSE,BRITANNIA,raw_l2/trade_date=2026-07-17/exchange=NSE/symbol=BRITANNIA/part-043552_423166-006983.parquet,real_data_sample\l2_unseen_validation\trade_date=2026-07-17\exchange=NSE\symbol=BRITANNIA\part-043552_423166-006983.parquet,34429,downloaded,34429,
2026-07-17,NSE,BRITANNIA,raw_l2/trade_date=2026-07-17/exchange=NSE/symbol=BRITANNIA/part-043620_406486-007047.parquet,real_data_sample\l2_unseen_validation\trade_date=2026-07-17\exchange=NSE\symbol=BRITANNIA\part-043620_406486-007047.parquet,34429,downloaded,34429,
2026-07-17,NSE,BRITANNIA,raw_l2/trade_date=2026-07-17/exchange=NSE/symbol=BRITANNIA/part-043854_502530-007399.parquet,real_data_sample\l2_unseen_validation\trade_date=2026-07-17\exchange=NSE\symbol=BRITANNIA\part-043854_502530-007399.parquet,34513,downloaded,34513,
2026-07-17,NSE,BRITANNIA,raw_l2/trade_date=2026-07-17/exchange=NSE/symbol=BRITANNIA/part-043908_424416-007431.parquet,real_data_sample\l2_unseen_validation\trade_date=2026-07-17\exchange=NSE\symbol=BRITANNIA\part-043908_424416-007431.parquet,34265,downloaded,34265,
2026-07-17,NSE,BRITANNIA,raw_l2/trade_date=2026-07-17/exchange=NSE/symbol=BRITANNIA/part-043922_114262-007463.parquet,real_data_sample\l2_unseen_validation\trade_date=2026-07-17\exchange=NSE\symbol=BRITANNIA\part-043922_114262-007463.parquet,34392,downloaded,34392,
2026-07-17,NSE,BRITANNIA,raw_l2/trade_date=2026-07-17/exchange=NSE/symbol=BRITANNIA/part-043935_628413-007495.parquet,real_data_sample\l2_unseen_validation\trade_date=2026-07-17\exchange=NSE\symbol=BRITANNIA\part-043935_628413-007495.parquet,34469,downloaded,34469,
2026-07-17,NSE,BRITANNIA,raw_l2/trade_date=2026-07-17/exchange=NSE/symbol=BRITANNIA/part-043840_435134-007367.parquet,real_data_sample\l2_unseen_validation\trade_date=2026-07-17\exchange=NSE\symbol=BRITANNIA\part-043840_435134-007367.parquet,34319,downloaded,34319,
2026-07-17,NSE,BRITANNIA,raw_l2/trade_date=2026-07-17/exchange=NSE/symbol=BRITANNIA/part-043949_432408-007527.parquet,real_data_sample\l2_unseen_validation\trade_date=2026-07-17\exchange=NSE\symbol=BRITANNIA\part-043949_432408-007527.parquet,34368,downloaded,34368,
2026-07-17,NSE,BRITANNIA,raw_l2/trade_date=2026-07-17/exchange=NSE/symbol=BRITANNIA/part-044003_131944-007559.parquet,real_data_sample\l2_unseen_validation\trade_date=2026-07-17\exchange=NSE\symbol=BRITANNIA\part-044003_131944-007559.parquet,34235,downloaded,34235,
2026-07-17,NSE,BRITANNIA,raw_l2/trade_date=2026-07-17/exchange=NSE/symbol=BRITANNIA/part-044030_666306-007623.parquet,real_data_sample\l2_unseen_validation\trade_date=2026-07-17\exchange=NSE\symbol=BRITANNIA\part-044030_666306-007623.parquet,34426,downloaded,34426,
2026-07-17,NSE,BRITANNIA,raw_l2/trade_date=2026-07-17/exchange=NSE/symbol=BRITANNIA/part-044220_639467-007879.parquet,real_data_sample\l2_unseen_validation\trade_date=2026-07-17\exchange=NSE\symbol=BRITANNIA\part-044220_639467-007879.parquet,34285,downloaded,34285,
2026-07-17,NSE,BRITANNIA,raw_l2/trade_date=2026-07-17/exchange=NSE/symbol=BRITANNIA/part-044016_907222-007591.parquet,real_data_sample\l2_unseen_validation\trade_date=2026-07-17\exchange=NSE\symbol=BRITANNIA\part-044016_907222-007591.parquet,34222,downloaded,34222,
2026-07-17,NSE,BRITANNIA,raw_l2/trade_date=2026-07-17/exchange=NSE/symbol=BRITANNIA/part-044153_156616-007815.parquet,real_data_sample\l2_unseen_validation\trade_date=2026-07-17\exchange=NSE\symbol=BRITANNIA\part-044153_156616-007815.parquet,34375,downloaded,34375,
2026-07-17,NSE,BRITANNIA,raw_l2/trade_date=2026-07-17/exchange=NSE/symbol=BRITANNIA/part-044044_386997-007655.parquet,real_data_sample\l2_unseen_validation\trade_date=2026-07-17\exchange=NSE\symbol=BRITANNIA\part-044044_386997-007655.parquet,34488,downloaded,34488,
2026-07-17,NSE,BRITANNIA,raw_l2/trade_date=2026-07-17/exchange=NSE/symbol=BRITANNIA/part-044206_883092-007847.parquet,real_data_sample\l2_unseen_validation\trade_date=2026-07-17\exchange=NSE\symbol=BRITANNIA\part-044206_883092-007847.parquet,34347,downloaded,34347,
2026-07-17,NSE,BRITANNIA,raw_l2/trade_date=2026-07-17/exchange=NSE/symbol=BRITANNIA/part-044534_394885-008327.parquet,real_data_sample\l2_unseen_validation\trade_date=2026-07-17\exchange=NSE\symbol=BRITANNIA\part-044534_394885-008327.parquet,34375,downloaded,34375,
2026-07-17,NSE,BRITANNIA,raw_l2/trade_date=2026-07-17/exchange=NSE/symbol=BRITANNIA/part-044234_647288-007911.parquet,real_data_sample\l2_unseen_validation\trade_date=2026-07-17\exchange=NSE\symbol=BRITANNIA\part-044234_647288-007911.parquet,34379,downloaded,34379,
2026-07-17,NSE,BRITANNIA,raw_l2/trade_date=2026-07-17/exchange=NSE/symbol=BRITANNIA/part-044111_898866-007719.parquet,real_data_sample\l2_unseen_validation\trade_date=2026-07-17\exchange=NSE\symbol=BRITANNIA\part-044111_898866-007719.parquet,34251,downloaded,34251,
2026-07-17,NSE,BRITANNIA,raw_l2/trade_date=2026-07-17/exchange=NSE/symbol=BRITANNIA/part-044316_431038-008007.parquet,real_data_sample\l2_unseen_validation\trade_date=2026-07-17\exchange=NSE\symbol=BRITANNIA\part-044316_431038-008007.parquet,34570,downloaded,34570,
2026-07-17,NSE,BRITANNIA,raw_l2/trade_date=2026-07-17/exchange=NSE/symbol=BRITANNIA/part-044330_271914-008039.parquet,real_data_sample\l2_unseen_validation\trade_date=2026-07-17\exchange=NSE\symbol=BRITANNIA\part-044330_271914-008039.parquet,34348,downloaded,34348,
2026-07-17,NSE,BRITANNIA,raw_l2/trade_date=2026-07-17/exchange=NSE/symbol=BRITANNIA/part-044302_419849-007975.parquet,real_data_sample\l2_unseen_validation\trade_date=2026-07-17\exchange=NSE\symbol=BRITANNIA\part-044302_419849-007975.parquet,34220,downloaded,34220,
2026-07-17,NSE,BRITANNIA,raw_l2/trade_date=2026-07-17/exchange=NSE/symbol=BRITANNIA/part-044058_129262-007687.parquet,real_data_sample\l2_unseen_validation\trade_date=2026-07-17\exchange=NSE\symbol=BRITANNIA\part-044058_129262-007687.parquet,34371,downloaded,34371,
2026-07-17,NSE,BRITANNIA,raw_l2/trade_date=2026-07-17/exchange=NSE/symbol=BRITANNIA/part-044453_150617-008231.parquet,real_data_sample\l2_unseen_validation\trade_date=2026-07-17\exchange=NSE\symbol=BRITANNIA\part-044453_150617-008231.parquet,34365,downloaded,34365,
2026-07-17,NSE,BRITANNIA,raw_l2/trade_date=2026-07-17/exchange=NSE/symbol=BRITANNIA/part-044615_906099-008423.parquet,real_data_sample\l2_unseen_validation\trade_date=2026-07-17\exchange=NSE\symbol=BRITANNIA\part-044615_906099-008423.parquet,34307,downloaded,34307,
2026-07-17,NSE,BRITANNIA,raw_l2/trade_date=2026-07-17/exchange=NSE/symbol=BRITANNIA/part-044248_637027-007943.parquet,real_data_sample\l2_unseen_validation\trade_date=2026-07-17\exchange=NSE\symbol=BRITANNIA\part-044248_637027-007943.parquet,34285,downloaded,34285,
2026-07-17,NSE,BRITANNIA,raw_l2/trade_date=2026-07-17/exchange=NSE/symbol=BRITANNIA/part-044139_383409-007783.parquet,real_data_sample\l2_unseen_validation\trade_date=2026-07-17\exchange=NSE\symbol=BRITANNIA\part-044139_383409-007783.parquet,34515,downloaded,34515,
2026-07-17,NSE,BRITANNIA,raw_l2/trade_date=2026-07-17/exchange=NSE/symbol=BRITANNIA/part-044125_641150-007751.parquet,real_data_sample\l2_unseen_validation\trade_date=2026-07-17\exchange=NSE\symbol=BRITANNIA\part-044125_641150-007751.parquet,34565,downloaded,34565,
2026-07-17,NSE,BRITANNIA,raw_l2/trade_date=2026-07-17/exchange=NSE/symbol=BRITANNIA/part-044506_877623-008263.parquet,real_data_sample\l2_unseen_validation\trade_date=2026-07-17\exchange=NSE\symbol=BRITANNIA\part-044506_877623-008263.parquet,34144,downloaded,34144,
2026-07-17,NSE,BRITANNIA,raw_l2/trade_date=2026-07-17/exchange=NSE/symbol=BRITANNIA/part-044411_665938-008135.parquet,real_data_sample\l2_unseen_validation\trade_date=2026-07-17\exchange=NSE\symbol=BRITANNIA\part-044411_665938-008135.parquet,34272,downloaded,34272,
2026-07-17,NSE,BRITANNIA,raw_l2/trade_date=2026-07-17/exchange=NSE/symbol=BRITANNIA/part-044548_132713-008359.parquet,real_data_sample\l2_unseen_validation\trade_date=2026-07-17\exchange=NSE\symbol=BRITANNIA\part-044548_132713-008359.parquet,34482,downloaded,34482,
2026-07-17,NSE,BRITANNIA,raw_l2/trade_date=2026-07-17/exchange=NSE/symbol=BRITANNIA/part-044439_153209-008199.parquet,real_data_sample\l2_unseen_validation\trade_date=2026-07-17\exchange=NSE\symbol=BRITANNIA\part-044439_153209-008199.parquet,34220,downloaded,34220,
2026-07-17,NSE,BRITANNIA,raw_l2/trade_date=2026-07-17/exchange=NSE/symbol=BRITANNIA/part-044657_397430-008519.parquet,real_data_sample\l2_unseen_validation\trade_date=2026-07-17\exchange=NSE\symbol=BRITANNIA\part-044657_397430-008519.parquet,34556,downloaded,34556,
2026-07-17,NSE,BRITANNIA,raw_l2/trade_date=2026-07-17/exchange=NSE/symbol=BRITANNIA/part-044357_933876-008103.parquet,real_data_sample\l2_unseen_validation\trade_date=2026-07-17\exchange=NSE\symbol=BRITANNIA\part-044357_933876-008103.parquet,34479,downloaded,34479,
2026-07-17,NSE,BRITANNIA,raw_l2/trade_date=2026-07-17/exchange=NSE/symbol=BRITANNIA/part-044344_135342-008071.parquet,real_data_sample\l2_unseen_validation\trade_date=2026-07-17\exchange=NSE\symbol=BRITANNIA\part-044344_135342-008071.parquet,34468,downloaded,34468,
2026-07-17,NSE,BRITANNIA,raw_l2/trade_date=2026-07-17/exchange=NSE/symbol=BRITANNIA/part-044520_646389-008295.parquet,real_data_sample\l2_unseen_validation\trade_date=2026-07-17\exchange=NSE\symbol=BRITANNIA\part-044520_646389-008295.parquet,34461,downloaded,34461,
2026-07-17,NSE,BRITANNIA,raw_l2/trade_date=2026-07-17/exchange=NSE/symbol=BRITANNIA/part-044425_399628-008167.parquet,real_data_sample\l2_unseen_validation\trade_date=2026-07-17\exchange=NSE\symbol=BRITANNIA\part-044425_399628-008167.parquet,34179,downloaded,34179,
2026-07-17,NSE,BRITANNIA,raw_l2/trade_date=2026-07-17/exchange=NSE/symbol=BRITANNIA/part-044629_650409-008455.parquet,real_data_sample\l2_unseen_validation\trade_date=2026-07-17\exchange=NSE\symbol=BRITANNIA\part-044629_650409-008455.parquet,34422,downloaded,34422,
2026-07-17,NSE,BRITANNIA,raw_l2/trade_date=2026-07-17/exchange=NSE/symbol=BRITANNIA/part-044643_480731-008487.parquet,real_data_sample\l2_unseen_validation\trade_date=2026-07-17\exchange=NSE\symbol=BRITANNIA\part-044643_480731-008487.parquet,34339,downloaded,34339,
2026-07-17,NSE,BRITANNIA,raw_l2/trade_date=2026-07-17/exchange=NSE/symbol=BRITANNIA/part-044601_945280-008391.parquet,real_data_sample\l2_unseen_validation\trade_date=2026-07-17\exchange=NSE\symbol=BRITANNIA\part-044601_945280-008391.parquet,34219,downloaded,34219,
2026-07-17,NSE,BRITANNIA,raw_l2/trade_date=2026-07-17/exchange=NSE/symbol=BRITANNIA/part-043222_969818-006503.parquet,real_data_sample\l2_unseen_validation\trade_date=2026-07-17\exchange=NSE\symbol=BRITANNIA\part-043222_969818-006503.parquet,34292,downloaded,34292,
2026-07-17,NSE,BRITANNIA,raw_l2/trade_date=2026-07-17/exchange=NSE/symbol=BRITANNIA/part-044711_171871-008551.parquet,real_data_sample\l2_unseen_validation\trade_date=2026-07-17\exchange=NSE\symbol=BRITANNIA\part-044711_171871-008551.parquet,34380,downloaded,34380,
2026-07-17,NSE,BRITANNIA,raw_l2/trade_date=2026-07-17/exchange=NSE/symbol=BRITANNIA/part-041316_636952-003879.parquet,real_data_sample\l2_unseen_validation\trade_date=2026-07-17\exchange=NSE\symbol=BRITANNIA\part-041316_636952-003879.parquet,34489,downloaded,34489,
2026-07-17,NSE,BRITANNIA,raw_l2/trade_date=2026-07-17/exchange=NSE/symbol=BRITANNIA/part-044834_397844-008743.parquet,real_data_sample\l2_unseen_validation\trade_date=2026-07-17\exchange=NSE\symbol=BRITANNIA\part-044834_397844-008743.parquet,34297,downloaded,34297,
2026-07-17,NSE,BRITANNIA,raw_l2/trade_date=2026-07-17/exchange=NSE/symbol=BRITANNIA/part-045010_636197-008967.parquet,real_data_sample\l2_unseen_validation\trade_date=2026-07-17\exchange=NSE\symbol=BRITANNIA\part-045010_636197-008967.parquet,34271,downloaded,34271,
2026-07-17,NSE,BRITANNIA,raw_l2/trade_date=2026-07-17/exchange=NSE/symbol=BRITANNIA/part-045024_367991-008999.parquet,real_data_sample\l2_unseen_validation\trade_date=2026-07-17\exchange=NSE\symbol=BRITANNIA\part-045024_367991-008999.parquet,34259,downloaded,34259,
2026-07-17,NSE,BRITANNIA,raw_l2/trade_date=2026-07-17/exchange=NSE/symbol=BRITANNIA/part-045037_907692-009031.parquet,real_data_sample\l2_unseen_validation\trade_date=2026-07-17\exchange=NSE\symbol=BRITANNIA\part-045037_907692-009031.parquet,34429,downloaded,34429,
2026-07-17,NSE,BRITANNIA,raw_l2/trade_date=2026-07-17/exchange=NSE/symbol=BRITANNIA/part-044752_885002-008647.parquet,real_data_sample\l2_unseen_validation\trade_date=2026-07-17\exchange=NSE\symbol=BRITANNIA\part-044752_885002-008647.parquet,34293,downloaded,34293,
2026-07-17,NSE,BRITANNIA,raw_l2/trade_date=2026-07-17/exchange=NSE/symbol=BRITANNIA/part-044724_908906-008583.parquet,real_data_sample\l2_unseen_validation\trade_date=2026-07-17\exchange=NSE\symbol=BRITANNIA\part-044724_908906-008583.parquet,34511,downloaded,34511,
2026-07-17,NSE,BRITANNIA,raw_l2/trade_date=2026-07-17/exchange=NSE/symbol=BRITANNIA/part-044806_648129-008679.parquet,real_data_sample\l2_unseen_validation\trade_date=2026-07-17\exchange=NSE\symbol=BRITANNIA\part-044806_648129-008679.parquet,34217,downloaded,34217,
2026-07-17,NSE,BRITANNIA,raw_l2/trade_date=2026-07-17/exchange=NSE/symbol=BRITANNIA/part-044820_423166-008711.parquet,real_data_sample\l2_unseen_validation\trade_date=2026-07-17\exchange=NSE\symbol=BRITANNIA\part-044820_423166-008711.parquet,34720,downloaded,34720,
2026-07-17,NSE,BRITANNIA,raw_l2/trade_date=2026-07-17/exchange=NSE/symbol=BRITANNIA/part-044738_782143-008615.parquet,real_data_sample\l2_unseen_validation\trade_date=2026-07-17\exchange=NSE\symbol=BRITANNIA\part-044738_782143-008615.parquet,34181,downloaded,34181,
2026-07-17,NSE,BRITANNIA,raw_l2/trade_date=2026-07-17/exchange=NSE/symbol=BRITANNIA/part-045147_417289-009191.parquet,real_data_sample\l2_unseen_validation\trade_date=2026-07-17\exchange=NSE\symbol=BRITANNIA\part-045147_417289-009191.parquet,34538,downloaded,34538,
2026-07-17,NSE,BRITANNIA,raw_l2/trade_date=2026-07-17/exchange=NSE/symbol=BRITANNIA/part-045105_537515-009095.parquet,real_data_sample\l2_unseen_validation\trade_date=2026-07-17\exchange=NSE\symbol=BRITANNIA\part-045105_537515-009095.parquet,34230,downloaded,34230,
2026-07-17,NSE,BRITANNIA,raw_l2/trade_date=2026-07-17/exchange=NSE/symbol=BRITANNIA/part-045133_408390-009159.parquet,real_data_sample\l2_unseen_validation\trade_date=2026-07-17\exchange=NSE\symbol=BRITANNIA\part-045133_408390-009159.parquet,34468,downloaded,34468,
2026-07-17,NSE,BRITANNIA,raw_l2/trade_date=2026-07-17/exchange=NSE/symbol=BRITANNIA/part-045051_630818-009063.parquet,real_data_sample\l2_unseen_validation\trade_date=2026-07-17\exchange=NSE\symbol=BRITANNIA\part-045051_630818-009063.parquet,34301,downloaded,34301,
2026-07-17,NSE,BRITANNIA,raw_l2/trade_date=2026-07-17/exchange=NSE/symbol=BRITANNIA/part-045119_429502-009127.parquet,real_data_sample\l2_unseen_validation\trade_date=2026-07-17\exchange=NSE\symbol=BRITANNIA\part-045119_429502-009127.parquet,34427,downloaded,34427,
2026-07-17,NSE,BRITANNIA,raw_l2/trade_date=2026-07-17/exchange=NSE/symbol=BRITANNIA/part-044943_129305-008903.parquet,real_data_sample\l2_unseen_validation\trade_date=2026-07-17\exchange=NSE\symbol=BRITANNIA\part-044943_129305-008903.parquet,34407,downloaded,34407,
2026-07-17,NSE,BRITANNIA,raw_l2/trade_date=2026-07-17/exchange=NSE/symbol=BRITANNIA/part-044848_121839-008775.parquet,real_data_sample\l2_unseen_validation\trade_date=2026-07-17\exchange=NSE\symbol=BRITANNIA\part-044848_121839-008775.parquet,34303,downloaded,34303,
2026-07-17,NSE,BRITANNIA,raw_l2/trade_date=2026-07-17/exchange=NSE/symbol=BRITANNIA/part-044915_660407-008839.parquet,real_data_sample\l2_unseen_validation\trade_date=2026-07-17\exchange=NSE\symbol=BRITANNIA\part-044915_660407-008839.parquet,34470,downloaded,34470,
2026-07-17,NSE,BRITANNIA,raw_l2/trade_date=2026-07-17/exchange=NSE/symbol=BRITANNIA/part-045338_663904-009447.parquet,real_data_sample\l2_unseen_validation\trade_date=2026-07-17\exchange=NSE\symbol=BRITANNIA\part-045338_663904-009447.parquet,34165,downloaded,34165,
2026-07-17,NSE,BRITANNIA,raw_l2/trade_date=2026-07-17/exchange=NSE/symbol=BRITANNIA/part-044901_932754-008807.parquet,real_data_sample\l2_unseen_validation\trade_date=2026-07-17\exchange=NSE\symbol=BRITANNIA\part-044901_932754-008807.parquet,34445,downloaded,34445,
2026-07-17,NSE,BRITANNIA,raw_l2/trade_date=2026-07-17/exchange=NSE/symbol=BRITANNIA/part-044929_397669-008871.parquet,real_data_sample\l2_unseen_validation\trade_date=2026-07-17\exchange=NSE\symbol=BRITANNIA\part-044929_397669-008871.parquet,34575,downloaded,34575,
2026-07-17,NSE,BRITANNIA,raw_l2/trade_date=2026-07-17/exchange=NSE/symbol=BRITANNIA/part-045310_918370-009383.parquet,real_data_sample\l2_unseen_validation\trade_date=2026-07-17\exchange=NSE\symbol=BRITANNIA\part-045310_918370-009383.parquet,34299,downloaded,34299,
2026-07-17,NSE,BRITANNIA,raw_l2/trade_date=2026-07-17/exchange=NSE/symbol=BRITANNIA/part-045215_384352-009255.parquet,real_data_sample\l2_unseen_validation\trade_date=2026-07-17\exchange=NSE\symbol=BRITANNIA\part-045215_384352-009255.parquet,34204,downloaded,34204,
2026-07-17,NSE,BRITANNIA,raw_l2/trade_date=2026-07-17/exchange=NSE/symbol=BRITANNIA/part-045352_704930-009479.parquet,real_data_sample\l2_unseen_validation\trade_date=2026-07-17\exchange=NSE\symbol=BRITANNIA\part-045352_704930-009479.parquet,34098,downloaded,34098,
2026-07-17,NSE,BRITANNIA,raw_l2/trade_date=2026-07-17/exchange=NSE/symbol=BRITANNIA/part-045201_479366-009223.parquet,real_data_sample\l2_unseen_validation\trade_date=2026-07-17\exchange=NSE\symbol=BRITANNIA\part-045201_479366-009223.parquet,34567,downloaded,34567,
2026-07-17,NSE,BRITANNIA,raw_l2/trade_date=2026-07-17/exchange=NSE/symbol=BRITANNIA/part-045242_903810-009319.parquet,real_data_sample\l2_unseen_validation\trade_date=2026-07-17\exchange=NSE\symbol=BRITANNIA\part-045242_903810-009319.parquet,34283,downloaded,34283,
2026-07-17,NSE,BRITANNIA,raw_l2/trade_date=2026-07-17/exchange=NSE/symbol=BRITANNIA/part-045256_921290-009351.parquet,real_data_sample\l2_unseen_validation\trade_date=2026-07-17\exchange=NSE\symbol=BRITANNIA\part-045256_921290-009351.parquet,34338,downloaded,34338,
2026-07-17,NSE,BRITANNIA,raw_l2/trade_date=2026-07-17/exchange=NSE/symbol=BRITANNIA/part-045229_209230-009287.parquet,real_data_sample\l2_unseen_validation\trade_date=2026-07-17\exchange=NSE\symbol=BRITANNIA\part-045229_209230-009287.parquet,34437,downloaded,34437,
2026-07-17,NSE,BRITANNIA,raw_l2/trade_date=2026-07-17/exchange=NSE/symbol=BRITANNIA/part-044956_911353-008935.parquet,real_data_sample\l2_unseen_validation\trade_date=2026-07-17\exchange=NSE\symbol=BRITANNIA\part-044956_911353-008935.parquet,34392,downloaded,34392,
2026-07-17,NSE,BRITANNIA,raw_l2/trade_date=2026-07-17/exchange=NSE/symbol=BRITANNIA/part-045324_952304-009415.parquet,real_data_sample\l2_unseen_validation\trade_date=2026-07-17\exchange=NSE\symbol=BRITANNIA\part-045324_952304-009415.parquet,34612,downloaded,34612,
2026-07-17,NSE,BRITANNIA,raw_l2/trade_date=2026-07-17/exchange=NSE/symbol=BRITANNIA/part-045420_715476-009543.parquet,real_data_sample\l2_unseen_validation\trade_date=2026-07-17\exchange=NSE\symbol=BRITANNIA\part-045420_715476-009543.parquet,34261,downloaded,34261,
2026-07-17,NSE,BRITANNIA,raw_l2/trade_date=2026-07-17/exchange=NSE/symbol=BRITANNIA/part-045448_714862-009607.parquet,real_data_sample\l2_unseen_validation\trade_date=2026-07-17\exchange=NSE\symbol=BRITANNIA\part-045448_714862-009607.parquet,34293,downloaded,34293,
2026-07-17,NSE,BRITANNIA,raw_l2/trade_date=2026-07-17/exchange=NSE/symbol=BRITANNIA/part-045544_946692-009735.parquet,real_data_sample\l2_unseen_validation\trade_date=2026-07-17\exchange=NSE\symbol=BRITANNIA\part-045544_946692-009735.parquet,34263,downloaded,34263,
2026-07-17,NSE,BRITANNIA,raw_l2/trade_date=2026-07-17/exchange=NSE/symbol=BRITANNIA/part-045502_723602-009639.parquet,real_data_sample\l2_unseen_validation\trade_date=2026-07-17\exchange=NSE\symbol=BRITANNIA\part-045502_723602-009639.parquet,34443,downloaded,34443,
2026-07-17,NSE,BRITANNIA,raw_l2/trade_date=2026-07-17/exchange=NSE/symbol=BRITANNIA/part-045516_985334-009671.parquet,real_data_sample\l2_unseen_validation\trade_date=2026-07-17\exchange=NSE\symbol=BRITANNIA\part-045516_985334-009671.parquet,34467,downloaded,34467,
2026-07-17,NSE,BRITANNIA,raw_l2/trade_date=2026-07-17/exchange=NSE/symbol=BRITANNIA/part-045723_961782-009959.parquet,real_data_sample\l2_unseen_validation\trade_date=2026-07-17\exchange=NSE\symbol=BRITANNIA\part-045723_961782-009959.parquet,34238,downloaded,34238,
2026-07-17,NSE,BRITANNIA,raw_l2/trade_date=2026-07-17/exchange=NSE/symbol=BRITANNIA/part-045709_561610-009927.parquet,real_data_sample\l2_unseen_validation\trade_date=2026-07-17\exchange=NSE\symbol=BRITANNIA\part-045709_561610-009927.parquet,34437,downloaded,34437,
2026-07-17,NSE,BRITANNIA,raw_l2/trade_date=2026-07-17/exchange=NSE/symbol=BRITANNIA/part-045655_656073-009895.parquet,real_data_sample\l2_unseen_validation\trade_date=2026-07-17\exchange=NSE\symbol=BRITANNIA\part-045655_656073-009895.parquet,34312,downloaded,34312,
2026-07-17,NSE,BRITANNIA,raw_l2/trade_date=2026-07-17/exchange=NSE/symbol=BRITANNIA/part-045958_919119-010311.parquet,real_data_sample\l2_unseen_validation\trade_date=2026-07-17\exchange=NSE\symbol=BRITANNIA\part-045958_919119-010311.parquet,34655,downloaded,34655,
2026-07-17,NSE,BRITANNIA,raw_l2/trade_date=2026-07-17/exchange=NSE/symbol=BRITANNIA/part-045737_937675-009991.parquet,real_data_sample\l2_unseen_validation\trade_date=2026-07-17\exchange=NSE\symbol=BRITANNIA\part-045737_937675-009991.parquet,34484,downloaded,34484,
2026-07-17,NSE,BRITANNIA,raw_l2/trade_date=2026-07-17/exchange=NSE/symbol=BRITANNIA/part-045434_688912-009575.parquet,real_data_sample\l2_unseen_validation\trade_date=2026-07-17\exchange=NSE\symbol=BRITANNIA\part-045434_688912-009575.parquet,34290,downloaded,34290,
2026-07-17,NSE,BRITANNIA,raw_l2/trade_date=2026-07-17/exchange=NSE/symbol=BRITANNIA/part-045944_724441-010279.parquet,real_data_sample\l2_unseen_validation\trade_date=2026-07-17\exchange=NSE\symbol=BRITANNIA\part-045944_724441-010279.parquet,34562,downloaded,34562,
2026-07-17,NSE,BRITANNIA,raw_l2/trade_date=2026-07-17/exchange=NSE/symbol=BRITANNIA/part-045530_920668-009703.parquet,real_data_sample\l2_unseen_validation\trade_date=2026-07-17\exchange=NSE\symbol=BRITANNIA\part-045530_920668-009703.parquet,34444,downloaded,34444,
2026-07-17,NSE,BRITANNIA,raw_l2/trade_date=2026-07-17/exchange=NSE/symbol=BRITANNIA/part-050122_639240-010503.parquet,real_data_sample\l2_unseen_validation\trade_date=2026-07-17\exchange=NSE\symbol=BRITANNIA\part-050122_639240-010503.parquet,34525,downloaded,34525,
2026-07-17,NSE,BRITANNIA,raw_l2/trade_date=2026-07-17/exchange=NSE/symbol=BRITANNIA/part-050054_707071-010439.parquet,real_data_sample\l2_unseen_validation\trade_date=2026-07-17\exchange=NSE\symbol=BRITANNIA\part-050054_707071-010439.parquet,34221,downloaded,34221,
2026-07-17,NSE,BRITANNIA,raw_l2/trade_date=2026-07-17/exchange=NSE/symbol=BRITANNIA/part-045752_186770-010023.parquet,real_data_sample\l2_unseen_validation\trade_date=2026-07-17\exchange=NSE\symbol=BRITANNIA\part-045752_186770-010023.parquet,34642,downloaded,34642,
2026-07-17,NSE,BRITANNIA,raw_l2/trade_date=2026-07-17/exchange=NSE/symbol=BRITANNIA/part-050026_895447-010375.parquet,real_data_sample\l2_unseen_validation\trade_date=2026-07-17\exchange=NSE\symbol=BRITANNIA\part-050026_895447-010375.parquet,34679,downloaded,34679,
2026-07-17,NSE,BRITANNIA,raw_l2/trade_date=2026-07-17/exchange=NSE/symbol=BRITANNIA/part-045916_413260-010215.parquet,real_data_sample\l2_unseen_validation\trade_date=2026-07-17\exchange=NSE\symbol=BRITANNIA\part-045916_413260-010215.parquet,34544,downloaded,34544,
2026-07-17,NSE,BRITANNIA,raw_l2/trade_date=2026-07-17/exchange=NSE/symbol=BRITANNIA/part-045930_534402-010247.parquet,real_data_sample\l2_unseen_validation\trade_date=2026-07-17\exchange=NSE\symbol=BRITANNIA\part-045930_534402-010247.parquet,34379,downloaded,34379,
2026-07-17,NSE,BRITANNIA,raw_l2/trade_date=2026-07-17/exchange=NSE/symbol=BRITANNIA/part-045902_640843-010183.parquet,real_data_sample\l2_unseen_validation\trade_date=2026-07-17\exchange=NSE\symbol=BRITANNIA\part-045902_640843-010183.parquet,34476,downloaded,34476,
2026-07-17,NSE,BRITANNIA,raw_l2/trade_date=2026-07-17/exchange=NSE/symbol=BRITANNIA/part-045848_700413-010151.parquet,real_data_sample\l2_unseen_validation\trade_date=2026-07-17\exchange=NSE\symbol=BRITANNIA\part-045848_700413-010151.parquet,34361,downloaded,34361,
2026-07-17,NSE,BRITANNIA,raw_l2/trade_date=2026-07-17/exchange=NSE/symbol=BRITANNIA/part-045820_409483-010087.parquet,real_data_sample\l2_unseen_validation\trade_date=2026-07-17\exchange=NSE\symbol=BRITANNIA\part-045820_409483-010087.parquet,34305,downloaded,34305,
2026-07-17,NSE,BRITANNIA,raw_l2/trade_date=2026-07-17/exchange=NSE/symbol=BRITANNIA/part-045834_471347-010119.parquet,real_data_sample\l2_unseen_validation\trade_date=2026-07-17\exchange=NSE\symbol=BRITANNIA\part-045834_471347-010119.parquet,34332,downloaded,34332,
2026-07-17,NSE,BRITANNIA,raw_l2/trade_date=2026-07-17/exchange=NSE/symbol=BRITANNIA/part-045806_189367-010055.parquet,real_data_sample\l2_unseen_validation\trade_date=2026-07-17\exchange=NSE\symbol=BRITANNIA\part-045806_189367-010055.parquet,34219,downloaded,34219,
2026-07-17,NSE,BRITANNIA,raw_l2/trade_date=2026-07-17/exchange=NSE/symbol=BRITANNIA/part-045612_902580-009799.parquet,real_data_sample\l2_unseen_validation\trade_date=2026-07-17\exchange=NSE\symbol=BRITANNIA\part-045612_902580-009799.parquet,34553,downloaded,34553,
2026-07-17,NSE,BRITANNIA,raw_l2/trade_date=2026-07-17/exchange=NSE/symbol=BRITANNIA/part-045641_204460-009863.parquet,real_data_sample\l2_unseen_validation\trade_date=2026-07-17\exchange=NSE\symbol=BRITANNIA\part-045641_204460-009863.parquet,34311,downloaded,34311,
2026-07-17,NSE,BRITANNIA,raw_l2/trade_date=2026-07-17/exchange=NSE/symbol=BRITANNIA/part-050108_685349-010471.parquet,real_data_sample\l2_unseen_validation\trade_date=2026-07-17\exchange=NSE\symbol=BRITANNIA\part-050108_685349-010471.parquet,34371,downloaded,34371,
2026-07-17,NSE,BRITANNIA,raw_l2/trade_date=2026-07-17/exchange=NSE/symbol=BRITANNIA/part-045627_007825-009831.parquet,real_data_sample\l2_unseen_validation\trade_date=2026-07-17\exchange=NSE\symbol=BRITANNIA\part-045627_007825-009831.parquet,34373,downloaded,34373,
2026-07-17,NSE,BRITANNIA,raw_l2/trade_date=2026-07-17/exchange=NSE/symbol=BRITANNIA/part-045558_925693-009767.parquet,real_data_sample\l2_unseen_validation\trade_date=2026-07-17\exchange=NSE\symbol=BRITANNIA\part-045558_925693-009767.parquet,34399,downloaded,34399,
2026-07-17,NSE,BRITANNIA,raw_l2/trade_date=2026-07-17/exchange=NSE/symbol=BRITANNIA/part-050013_124002-010343.parquet,real_data_sample\l2_unseen_validation\trade_date=2026-07-17\exchange=NSE\symbol=BRITANNIA\part-050013_124002-010343.parquet,34344,downloaded,34344,
2026-07-17,NSE,BRITANNIA,raw_l2/trade_date=2026-07-17/exchange=NSE/symbol=BRITANNIA/part-050040_750488-010407.parquet,real_data_sample\l2_unseen_validation\trade_date=2026-07-17\exchange=NSE\symbol=BRITANNIA\part-050040_750488-010407.parquet,34421,downloaded,34421,
2026-07-17,NSE,BRITANNIA,raw_l2/trade_date=2026-07-17/exchange=NSE/symbol=BRITANNIA/part-050136_459386-010535.parquet,real_data_sample\l2_unseen_validation\trade_date=2026-07-17\exchange=NSE\symbol=BRITANNIA\part-050136_459386-010535.parquet,34098,downloaded,34098,
2026-07-17,NSE,BRITANNIA,raw_l2/trade_date=2026-07-17/exchange=NSE/symbol=BRITANNIA/part-050150_435869-010567.parquet,real_data_sample\l2_unseen_validation\trade_date=2026-07-17\exchange=NSE\symbol=BRITANNIA\part-050150_435869-010567.parquet,34602,downloaded,34602,
2026-07-17,NSE,BRITANNIA,raw_l2/trade_date=2026-07-17/exchange=NSE/symbol=BRITANNIA/part-050730_126965-011335.parquet,real_data_sample\l2_unseen_validation\trade_date=2026-07-17\exchange=NSE\symbol=BRITANNIA\part-050730_126965-011335.parquet,34972,downloaded,34972,
2026-07-17,NSE,BRITANNIA,raw_l2/trade_date=2026-07-17/exchange=NSE/symbol=BRITANNIA/part-050316_130511-010759.parquet,real_data_sample\l2_unseen_validation\trade_date=2026-07-17\exchange=NSE\symbol=BRITANNIA\part-050316_130511-010759.parquet,34628,downloaded,34628,
2026-07-17,NSE,BRITANNIA,raw_l2/trade_date=2026-07-17/exchange=NSE/symbol=BRITANNIA/part-050247_666619-010695.parquet,real_data_sample\l2_unseen_validation\trade_date=2026-07-17\exchange=NSE\symbol=BRITANNIA\part-050247_666619-010695.parquet,34660,downloaded,34660,
2026-07-17,NSE,BRITANNIA,raw_l2/trade_date=2026-07-17/exchange=NSE/symbol=BRITANNIA/part-050647_878732-011239.parquet,real_data_sample\l2_unseen_validation\trade_date=2026-07-17\exchange=NSE\symbol=BRITANNIA\part-050647_878732-011239.parquet,34317,downloaded,34317,
2026-07-17,NSE,BRITANNIA,raw_l2/trade_date=2026-07-17/exchange=NSE/symbol=BRITANNIA/part-050618_516980-011175.parquet,real_data_sample\l2_unseen_validation\trade_date=2026-07-17\exchange=NSE\symbol=BRITANNIA\part-050618_516980-011175.parquet,34574,downloaded,34574,
2026-07-17,NSE,BRITANNIA,raw_l2/trade_date=2026-07-17/exchange=NSE/symbol=BRITANNIA/part-050701_943046-011271.parquet,real_data_sample\l2_unseen_validation\trade_date=2026-07-17\exchange=NSE\symbol=BRITANNIA\part-050701_943046-011271.parquet,34651,downloaded,34651,
2026-07-17,NSE,BRITANNIA,raw_l2/trade_date=2026-07-17/exchange=NSE/symbol=BRITANNIA/part-050301_700511-010727.parquet,real_data_sample\l2_unseen_validation\trade_date=2026-07-17\exchange=NSE\symbol=BRITANNIA\part-050301_700511-010727.parquet,34474,downloaded,34474,
2026-07-17,NSE,BRITANNIA,raw_l2/trade_date=2026-07-17/exchange=NSE/symbol=BRITANNIA/part-050233_111465-010663.parquet,real_data_sample\l2_unseen_validation\trade_date=2026-07-17\exchange=NSE\symbol=BRITANNIA\part-050233_111465-010663.parquet,34403,downloaded,34403,
2026-07-17,NSE,BRITANNIA,raw_l2/trade_date=2026-07-17/exchange=NSE/symbol=BRITANNIA/part-050344_199612-010823.parquet,real_data_sample\l2_unseen_validation\trade_date=2026-07-17\exchange=NSE\symbol=BRITANNIA\part-050344_199612-010823.parquet,34324,downloaded,34324,
2026-07-17,NSE,BRITANNIA,raw_l2/trade_date=2026-07-17/exchange=NSE/symbol=BRITANNIA/part-050330_250055-010791.parquet,real_data_sample\l2_unseen_validation\trade_date=2026-07-17\exchange=NSE\symbol=BRITANNIA\part-050330_250055-010791.parquet,34635,downloaded,34635,
2026-07-17,NSE,BRITANNIA,raw_l2/trade_date=2026-07-17/exchange=NSE/symbol=BRITANNIA/part-050633_253922-011207.parquet,real_data_sample\l2_unseen_validation\trade_date=2026-07-17\exchange=NSE\symbol=BRITANNIA\part-050633_253922-011207.parquet,34471,downloaded,34471,
2026-07-17,NSE,BRITANNIA,raw_l2/trade_date=2026-07-17/exchange=NSE/symbol=BRITANNIA/part-050604_137818-011143.parquet,real_data_sample\l2_unseen_validation\trade_date=2026-07-17\exchange=NSE\symbol=BRITANNIA\part-050604_137818-011143.parquet,34403,downloaded,34403,
2026-07-17,NSE,BRITANNIA,raw_l2/trade_date=2026-07-17/exchange=NSE/symbol=BRITANNIA/part-050358_217139-010855.parquet,real_data_sample\l2_unseen_validation\trade_date=2026-07-17\exchange=NSE\symbol=BRITANNIA\part-050358_217139-010855.parquet,34468,downloaded,34468,
2026-07-17,NSE,BRITANNIA,raw_l2/trade_date=2026-07-17/exchange=NSE/symbol=BRITANNIA/part-050550_377358-011111.parquet,real_data_sample\l2_unseen_validation\trade_date=2026-07-17\exchange=NSE\symbol=BRITANNIA\part-050550_377358-011111.parquet,34708,downloaded,34708,
2026-07-17,NSE,BRITANNIA,raw_l2/trade_date=2026-07-17/exchange=NSE/symbol=BRITANNIA/part-050426_662017-010919.parquet,real_data_sample\l2_unseen_validation\trade_date=2026-07-17\exchange=NSE\symbol=BRITANNIA\part-050426_662017-010919.parquet,34921,downloaded,34921,
2026-07-17,NSE,BRITANNIA,raw_l2/trade_date=2026-07-17/exchange=NSE/symbol=BRITANNIA/part-050811_675184-011431.parquet,real_data_sample\l2_unseen_validation\trade_date=2026-07-17\exchange=NSE\symbol=BRITANNIA\part-050811_675184-011431.parquet,35088,downloaded,35088,
2026-07-17,NSE,BRITANNIA,raw_l2/trade_date=2026-07-17/exchange=NSE/symbol=BRITANNIA/part-050440_652089-010951.parquet,real_data_sample\l2_unseen_validation\trade_date=2026-07-17\exchange=NSE\symbol=BRITANNIA\part-050440_652089-010951.parquet,35112,downloaded,35112,
2026-07-17,NSE,BRITANNIA,raw_l2/trade_date=2026-07-17/exchange=NSE/symbol=BRITANNIA/part-050412_504427-010887.parquet,real_data_sample\l2_unseen_validation\trade_date=2026-07-17\exchange=NSE\symbol=BRITANNIA\part-050412_504427-010887.parquet,34670,downloaded,34670,
2026-07-17,NSE,BRITANNIA,raw_l2/trade_date=2026-07-17/exchange=NSE/symbol=BRITANNIA/part-050536_404068-011079.parquet,real_data_sample\l2_unseen_validation\trade_date=2026-07-17\exchange=NSE\symbol=BRITANNIA\part-050536_404068-011079.parquet,34213,downloaded,34213,
2026-07-17,NSE,BRITANNIA,raw_l2/trade_date=2026-07-17/exchange=NSE/symbol=BRITANNIA/part-050757_628821-011399.parquet,real_data_sample\l2_unseen_validation\trade_date=2026-07-17\exchange=NSE\symbol=BRITANNIA\part-050757_628821-011399.parquet,35101,downloaded,35101,
2026-07-17,NSE,BRITANNIA,raw_l2/trade_date=2026-07-17/exchange=NSE/symbol=BRITANNIA/part-050716_037549-011303.parquet,real_data_sample\l2_unseen_validation\trade_date=2026-07-17\exchange=NSE\symbol=BRITANNIA\part-050716_037549-011303.parquet,34743,downloaded,34743,
2026-07-17,NSE,BRITANNIA,raw_l2/trade_date=2026-07-17/exchange=NSE/symbol=BRITANNIA/part-050218_913870-010631.parquet,real_data_sample\l2_unseen_validation\trade_date=2026-07-17\exchange=NSE\symbol=BRITANNIA\part-050218_913870-010631.parquet,34719,downloaded,34719,
2026-07-17,NSE,BRITANNIA,raw_l2/trade_date=2026-07-17/exchange=NSE/symbol=BRITANNIA/part-050522_504376-011047.parquet,real_data_sample\l2_unseen_validation\trade_date=2026-07-17\exchange=NSE\symbol=BRITANNIA\part-050522_504376-011047.parquet,34710,downloaded,34710,
2026-07-17,NSE,BRITANNIA,raw_l2/trade_date=2026-07-17/exchange=NSE/symbol=BRITANNIA/part-050454_465146-010983.parquet,real_data_sample\l2_unseen_validation\trade_date=2026-07-17\exchange=NSE\symbol=BRITANNIA\part-050454_465146-010983.parquet,34736,downloaded,34736,
2026-07-17,NSE,BRITANNIA,raw_l2/trade_date=2026-07-17/exchange=NSE/symbol=BRITANNIA/part-050839_159028-011495.parquet,real_data_sample\l2_unseen_validation\trade_date=2026-07-17\exchange=NSE\symbol=BRITANNIA\part-050839_159028-011495.parquet,34354,downloaded,34354,
2026-07-17,NSE,BRITANNIA,raw_l2/trade_date=2026-07-17/exchange=NSE/symbol=BRITANNIA/part-050743_886157-011367.parquet,real_data_sample\l2_unseen_validation\trade_date=2026-07-17\exchange=NSE\symbol=BRITANNIA\part-050743_886157-011367.parquet,34636,downloaded,34636,
2026-07-17,NSE,BRITANNIA,raw_l2/trade_date=2026-07-17/exchange=NSE/symbol=BRITANNIA/part-050825_391431-011463.parquet,real_data_sample\l2_unseen_validation\trade_date=2026-07-17\exchange=NSE\symbol=BRITANNIA\part-050825_391431-011463.parquet,34253,downloaded,34253,
2026-07-17,NSE,BRITANNIA,raw_l2/trade_date=2026-07-17/exchange=NSE/symbol=BRITANNIA/part-050508_455200-011015.parquet,real_data_sample\l2_unseen_validation\trade_date=2026-07-17\exchange=NSE\symbol=BRITANNIA\part-050508_455200-011015.parquet,35377,downloaded,35377,
2026-07-17,NSE,BRITANNIA,raw_l2/trade_date=2026-07-17/exchange=NSE/symbol=BRITANNIA/part-050852_859243-011527.parquet,real_data_sample\l2_unseen_validation\trade_date=2026-07-17\exchange=NSE\symbol=BRITANNIA\part-050852_859243-011527.parquet,34458,downloaded,34458,
2026-07-17,NSE,BRITANNIA,raw_l2/trade_date=2026-07-17/exchange=NSE/symbol=BRITANNIA/part-050948_370844-011655.parquet,real_data_sample\l2_unseen_validation\trade_date=2026-07-17\exchange=NSE\symbol=BRITANNIA\part-050948_370844-011655.parquet,34345,downloaded,34345,
2026-07-17,NSE,BRITANNIA,raw_l2/trade_date=2026-07-17/exchange=NSE/symbol=BRITANNIA/part-051043_666840-011783.parquet,real_data_sample\l2_unseen_validation\trade_date=2026-07-17\exchange=NSE\symbol=BRITANNIA\part-051043_666840-011783.parquet,34332,downloaded,34332,
2026-07-17,NSE,BRITANNIA,raw_l2/trade_date=2026-07-17/exchange=NSE/symbol=BRITANNIA/part-051331_764188-012167.parquet,real_data_sample\l2_unseen_validation\trade_date=2026-07-17\exchange=NSE\symbol=BRITANNIA\part-051331_764188-012167.parquet,34433,downloaded,34433,
2026-07-17,NSE,BRITANNIA,raw_l2/trade_date=2026-07-17/exchange=NSE/symbol=BRITANNIA/part-051153_429767-011943.parquet,real_data_sample\l2_unseen_validation\trade_date=2026-07-17\exchange=NSE\symbol=BRITANNIA\part-051153_429767-011943.parquet,34443,downloaded,34443,
2026-07-17,NSE,BRITANNIA,raw_l2/trade_date=2026-07-17/exchange=NSE/symbol=BRITANNIA/part-051317_016383-012135.parquet,real_data_sample\l2_unseen_validation\trade_date=2026-07-17\exchange=NSE\symbol=BRITANNIA\part-051317_016383-012135.parquet,34781,downloaded,34781,
2026-07-17,NSE,BRITANNIA,raw_l2/trade_date=2026-07-17/exchange=NSE/symbol=BRITANNIA/part-051125_217171-011879.parquet,real_data_sample\l2_unseen_validation\trade_date=2026-07-17\exchange=NSE\symbol=BRITANNIA\part-051125_217171-011879.parquet,34593,downloaded,34593,
2026-07-17,NSE,BRITANNIA,raw_l2/trade_date=2026-07-17/exchange=NSE/symbol=BRITANNIA/part-051139_446732-011911.parquet,real_data_sample\l2_unseen_validation\trade_date=2026-07-17\exchange=NSE\symbol=BRITANNIA\part-051139_446732-011911.parquet,34689,downloaded,34689,
2026-07-17,NSE,BRITANNIA,raw_l2/trade_date=2026-07-17/exchange=NSE/symbol=BRITANNIA/part-051111_415435-011847.parquet,real_data_sample\l2_unseen_validation\trade_date=2026-07-17\exchange=NSE\symbol=BRITANNIA\part-051111_415435-011847.parquet,34777,downloaded,34777,
2026-07-17,NSE,BRITANNIA,raw_l2/trade_date=2026-07-17/exchange=NSE/symbol=BRITANNIA/part-051554_705632-012487.parquet,real_data_sample\l2_unseen_validation\trade_date=2026-07-17\exchange=NSE\symbol=BRITANNIA\part-051554_705632-012487.parquet,34653,downloaded,34653,
2026-07-17,NSE,BRITANNIA,raw_l2/trade_date=2026-07-17/exchange=NSE/symbol=BRITANNIA/part-051346_446957-012199.parquet,real_data_sample\l2_unseen_validation\trade_date=2026-07-17\exchange=NSE\symbol=BRITANNIA\part-051346_446957-012199.parquet,34578,downloaded,34578,
2026-07-17,NSE,BRITANNIA,raw_l2/trade_date=2026-07-17/exchange=NSE/symbol=BRITANNIA/part-051235_207779-012039.parquet,real_data_sample\l2_unseen_validation\trade_date=2026-07-17\exchange=NSE\symbol=BRITANNIA\part-051235_207779-012039.parquet,34444,downloaded,34444,
2026-07-17,NSE,BRITANNIA,raw_l2/trade_date=2026-07-17/exchange=NSE/symbol=BRITANNIA/part-051416_236804-012263.parquet,real_data_sample\l2_unseen_validation\trade_date=2026-07-17\exchange=NSE\symbol=BRITANNIA\part-051416_236804-012263.parquet,34563,downloaded,34563,
2026-07-17,NSE,BRITANNIA,raw_l2/trade_date=2026-07-17/exchange=NSE/symbol=BRITANNIA/part-051207_426727-011975.parquet,real_data_sample\l2_unseen_validation\trade_date=2026-07-17\exchange=NSE\symbol=BRITANNIA\part-051207_426727-011975.parquet,34467,downloaded,34467,
2026-07-17,NSE,BRITANNIA,raw_l2/trade_date=2026-07-17/exchange=NSE/symbol=BRITANNIA/part-051303_162365-012103.parquet,real_data_sample\l2_unseen_validation\trade_date=2026-07-17\exchange=NSE\symbol=BRITANNIA\part-051303_162365-012103.parquet,34591,downloaded,34591,
2026-07-17,NSE,BRITANNIA,raw_l2/trade_date=2026-07-17/exchange=NSE/symbol=BRITANNIA/part-051540_470381-012455.parquet,real_data_sample\l2_unseen_validation\trade_date=2026-07-17\exchange=NSE\symbol=BRITANNIA\part-051540_470381-012455.parquet,34526,downloaded,34526,
2026-07-17,NSE,BRITANNIA,raw_l2/trade_date=2026-07-17/exchange=NSE/symbol=BRITANNIA/part-050920_629858-011591.parquet,real_data_sample\l2_unseen_validation\trade_date=2026-07-17\exchange=NSE\symbol=BRITANNIA\part-050920_629858-011591.parquet,34632,downloaded,34632,
2026-07-17,NSE,BRITANNIA,raw_l2/trade_date=2026-07-17/exchange=NSE/symbol=BRITANNIA/part-051431_412837-012295.parquet,real_data_sample\l2_unseen_validation\trade_date=2026-07-17\exchange=NSE\symbol=BRITANNIA\part-051431_412837-012295.parquet,34414,downloaded,34414,
2026-07-17,NSE,BRITANNIA,raw_l2/trade_date=2026-07-17/exchange=NSE/symbol=BRITANNIA/part-051512_899929-012391.parquet,real_data_sample\l2_unseen_validation\trade_date=2026-07-17\exchange=NSE\symbol=BRITANNIA\part-051512_899929-012391.parquet,34895,downloaded,34895,
2026-07-17,NSE,BRITANNIA,raw_l2/trade_date=2026-07-17/exchange=NSE/symbol=BRITANNIA/part-051401_762251-012231.parquet,real_data_sample\l2_unseen_validation\trade_date=2026-07-17\exchange=NSE\symbol=BRITANNIA\part-051401_762251-012231.parquet,34682,downloaded,34682,
2026-07-17,NSE,BRITANNIA,raw_l2/trade_date=2026-07-17/exchange=NSE/symbol=BRITANNIA/part-051459_146323-012359.parquet,real_data_sample\l2_unseen_validation\trade_date=2026-07-17\exchange=NSE\symbol=BRITANNIA\part-051459_146323-012359.parquet,34568,downloaded,34568,
2026-07-17,NSE,BRITANNIA,raw_l2/trade_date=2026-07-17/exchange=NSE/symbol=BRITANNIA/part-051445_134734-012327.parquet,real_data_sample\l2_unseen_validation\trade_date=2026-07-17\exchange=NSE\symbol=BRITANNIA\part-051445_134734-012327.parquet,34500,downloaded,34500,
2026-07-17,NSE,BRITANNIA,raw_l2/trade_date=2026-07-17/exchange=NSE/symbol=BRITANNIA/part-050934_653213-011623.parquet,real_data_sample\l2_unseen_validation\trade_date=2026-07-17\exchange=NSE\symbol=BRITANNIA\part-050934_653213-011623.parquet,34340,downloaded,34340,
2026-07-17,NSE,BRITANNIA,raw_l2/trade_date=2026-07-17/exchange=NSE/symbol=BRITANNIA/part-050906_922755-011559.parquet,real_data_sample\l2_unseen_validation\trade_date=2026-07-17\exchange=NSE\symbol=BRITANNIA\part-050906_922755-011559.parquet,34466,downloaded,34466,
2026-07-17,NSE,BRITANNIA,raw_l2/trade_date=2026-07-17/exchange=NSE/symbol=BRITANNIA/part-051002_186260-011687.parquet,real_data_sample\l2_unseen_validation\trade_date=2026-07-17\exchange=NSE\symbol=BRITANNIA\part-051002_186260-011687.parquet,34389,downloaded,34389,
2026-07-17,NSE,BRITANNIA,raw_l2/trade_date=2026-07-17/exchange=NSE/symbol=BRITANNIA/part-051249_167499-012071.parquet,real_data_sample\l2_unseen_validation\trade_date=2026-07-17\exchange=NSE\symbol=BRITANNIA\part-051249_167499-012071.parquet,34514,downloaded,34514,
2026-07-17,NSE,BRITANNIA,raw_l2/trade_date=2026-07-17/exchange=NSE/symbol=BRITANNIA/part-051221_439519-012007.parquet,real_data_sample\l2_unseen_validation\trade_date=2026-07-17\exchange=NSE\symbol=BRITANNIA\part-051221_439519-012007.parquet,34489,downloaded,34489,
2026-07-17,NSE,BRITANNIA,raw_l2/trade_date=2026-07-17/exchange=NSE/symbol=BRITANNIA/part-051029_909163-011751.parquet,real_data_sample\l2_unseen_validation\trade_date=2026-07-17\exchange=NSE\symbol=BRITANNIA\part-051029_909163-011751.parquet,34811,downloaded,34811,
2026-07-17,NSE,BRITANNIA,raw_l2/trade_date=2026-07-17/exchange=NSE/symbol=BRITANNIA/part-051016_179319-011719.parquet,real_data_sample\l2_unseen_validation\trade_date=2026-07-17\exchange=NSE\symbol=BRITANNIA\part-051016_179319-011719.parquet,34383,downloaded,34383,
2026-07-17,NSE,BRITANNIA,raw_l2/trade_date=2026-07-17/exchange=NSE/symbol=BRITANNIA/part-051057_441788-011815.parquet,real_data_sample\l2_unseen_validation\trade_date=2026-07-17\exchange=NSE\symbol=BRITANNIA\part-051057_441788-011815.parquet,34260,downloaded,34260,
2026-07-17,NSE,BRITANNIA,raw_l2/trade_date=2026-07-17/exchange=NSE/symbol=BRITANNIA/part-051526_617862-012423.parquet,real_data_sample\l2_unseen_validation\trade_date=2026-07-17\exchange=NSE\symbol=BRITANNIA\part-051526_617862-012423.parquet,34782,downloaded,34782,
2026-07-17,NSE,BRITANNIA,raw_l2/trade_date=2026-07-17/exchange=NSE/symbol=BRITANNIA/part-052119_421500-013223.parquet,real_data_sample\l2_unseen_validation\trade_date=2026-07-17\exchange=NSE\symbol=BRITANNIA\part-052119_421500-013223.parquet,34535,downloaded,34535,
2026-07-17,NSE,BRITANNIA,raw_l2/trade_date=2026-07-17/exchange=NSE/symbol=BRITANNIA/part-051609_179543-012519.parquet,real_data_sample\l2_unseen_validation\trade_date=2026-07-17\exchange=NSE\symbol=BRITANNIA\part-051609_179543-012519.parquet,34528,downloaded,34528,
2026-07-17,NSE,BRITANNIA,raw_l2/trade_date=2026-07-17/exchange=NSE/symbol=BRITANNIA/part-051637_845219-012583.parquet,real_data_sample\l2_unseen_validation\trade_date=2026-07-17\exchange=NSE\symbol=BRITANNIA\part-051637_845219-012583.parquet,34730,downloaded,34730,
2026-07-17,NSE,BRITANNIA,raw_l2/trade_date=2026-07-17/exchange=NSE/symbol=BRITANNIA/part-051623_739742-012551.parquet,real_data_sample\l2_unseen_validation\trade_date=2026-07-17\exchange=NSE\symbol=BRITANNIA\part-051623_739742-012551.parquet,34707,downloaded,34707,
2026-07-17,NSE,BRITANNIA,raw_l2/trade_date=2026-07-17/exchange=NSE/symbol=BRITANNIA/part-051817_211219-012807.parquet,real_data_sample\l2_unseen_validation\trade_date=2026-07-17\exchange=NSE\symbol=BRITANNIA\part-051817_211219-012807.parquet,34694,downloaded,34694,
2026-07-17,NSE,BRITANNIA,raw_l2/trade_date=2026-07-17/exchange=NSE/symbol=BRITANNIA/part-052229_178078-013383.parquet,real_data_sample\l2_unseen_validation\trade_date=2026-07-17\exchange=NSE\symbol=BRITANNIA\part-052229_178078-013383.parquet,34513,downloaded,34513,
2026-07-17,NSE,BRITANNIA,raw_l2/trade_date=2026-07-17/exchange=NSE/symbol=BRITANNIA/part-051942_661059-012999.parquet,real_data_sample\l2_unseen_validation\trade_date=2026-07-17\exchange=NSE\symbol=BRITANNIA\part-051942_661059-012999.parquet,34426,downloaded,34426,
2026-07-17,NSE,BRITANNIA,raw_l2/trade_date=2026-07-17/exchange=NSE/symbol=BRITANNIA/part-051652_157002-012615.parquet,real_data_sample\l2_unseen_validation\trade_date=2026-07-17\exchange=NSE\symbol=BRITANNIA\part-051652_157002-012615.parquet,34645,downloaded,34645,
2026-07-17,NSE,BRITANNIA,raw_l2/trade_date=2026-07-17/exchange=NSE/symbol=BRITANNIA/part-051706_184413-012647.parquet,real_data_sample\l2_unseen_validation\trade_date=2026-07-17\exchange=NSE\symbol=BRITANNIA\part-051706_184413-012647.parquet,34784,downloaded,34784,
2026-07-17,NSE,BRITANNIA,raw_l2/trade_date=2026-07-17/exchange=NSE/symbol=BRITANNIA/part-051845_676607-012871.parquet,real_data_sample\l2_unseen_validation\trade_date=2026-07-17\exchange=NSE\symbol=BRITANNIA\part-051845_676607-012871.parquet,34671,downloaded,34671,
2026-07-17,NSE,BRITANNIA,raw_l2/trade_date=2026-07-17/exchange=NSE/symbol=BRITANNIA/part-051928_879148-012967.parquet,real_data_sample\l2_unseen_validation\trade_date=2026-07-17\exchange=NSE\symbol=BRITANNIA\part-051928_879148-012967.parquet,34638,downloaded,34638,
2026-07-17,NSE,BRITANNIA,raw_l2/trade_date=2026-07-17/exchange=NSE/symbol=BRITANNIA/part-051734_260881-012711.parquet,real_data_sample\l2_unseen_validation\trade_date=2026-07-17\exchange=NSE\symbol=BRITANNIA\part-051734_260881-012711.parquet,34688,downloaded,34688,
2026-07-17,NSE,BRITANNIA,raw_l2/trade_date=2026-07-17/exchange=NSE/symbol=BRITANNIA/part-051914_880763-012935.parquet,real_data_sample\l2_unseen_validation\trade_date=2026-07-17\exchange=NSE\symbol=BRITANNIA\part-051914_880763-012935.parquet,34685,downloaded,34685,
2026-07-17,NSE,BRITANNIA,raw_l2/trade_date=2026-07-17/exchange=NSE/symbol=BRITANNIA/part-051831_796068-012839.parquet,real_data_sample\l2_unseen_validation\trade_date=2026-07-17\exchange=NSE\symbol=BRITANNIA\part-051831_796068-012839.parquet,34535,downloaded,34535,
2026-07-17,NSE,BRITANNIA,raw_l2/trade_date=2026-07-17/exchange=NSE/symbol=BRITANNIA/part-051900_665998-012903.parquet,real_data_sample\l2_unseen_validation\trade_date=2026-07-17\exchange=NSE\symbol=BRITANNIA\part-051900_665998-012903.parquet,34665,downloaded,34665,
2026-07-17,NSE,BRITANNIA,raw_l2/trade_date=2026-07-17/exchange=NSE/symbol=BRITANNIA/part-052243_199226-013415.parquet,real_data_sample\l2_unseen_validation\trade_date=2026-07-17\exchange=NSE\symbol=BRITANNIA\part-052243_199226-013415.parquet,34709,downloaded,34709,
2026-07-17,NSE,BRITANNIA,raw_l2/trade_date=2026-07-17/exchange=NSE/symbol=BRITANNIA/part-052010_402802-013063.parquet,real_data_sample\l2_unseen_validation\trade_date=2026-07-17\exchange=NSE\symbol=BRITANNIA\part-052010_402802-013063.parquet,34595,downloaded,34595,
2026-07-17,NSE,BRITANNIA,raw_l2/trade_date=2026-07-17/exchange=NSE/symbol=BRITANNIA/part-052133_196054-013255.parquet,real_data_sample\l2_unseen_validation\trade_date=2026-07-17\exchange=NSE\symbol=BRITANNIA\part-052133_196054-013255.parquet,34537,downloaded,34537,
2026-07-17,NSE,BRITANNIA,raw_l2/trade_date=2026-07-17/exchange=NSE/symbol=BRITANNIA/part-052215_188659-013351.parquet,real_data_sample\l2_unseen_validation\trade_date=2026-07-17\exchange=NSE\symbol=BRITANNIA\part-052215_188659-013351.parquet,34468,downloaded,34468,
2026-07-17,NSE,BRITANNIA,raw_l2/trade_date=2026-07-17/exchange=NSE/symbol=BRITANNIA/part-051720_179098-012679.parquet,real_data_sample\l2_unseen_validation\trade_date=2026-07-17\exchange=NSE\symbol=BRITANNIA\part-051720_179098-012679.parquet,34528,downloaded,34528,
2026-07-17,NSE,BRITANNIA,raw_l2/trade_date=2026-07-17/exchange=NSE/symbol=BRITANNIA/part-051956_665445-013031.parquet,real_data_sample\l2_unseen_validation\trade_date=2026-07-17\exchange=NSE\symbol=BRITANNIA\part-051956_665445-013031.parquet,34636,downloaded,34636,
2026-07-17,NSE,BRITANNIA,raw_l2/trade_date=2026-07-17/exchange=NSE/symbol=BRITANNIA/part-051748_725540-012743.parquet,real_data_sample\l2_unseen_validation\trade_date=2026-07-17\exchange=NSE\symbol=BRITANNIA\part-051748_725540-012743.parquet,34266,downloaded,34266,
2026-07-17,NSE,BRITANNIA,raw_l2/trade_date=2026-07-17/exchange=NSE/symbol=BRITANNIA/part-051803_186134-012775.parquet,real_data_sample\l2_unseen_validation\trade_date=2026-07-17\exchange=NSE\symbol=BRITANNIA\part-051803_186134-012775.parquet,34692,downloaded,34692,
2026-07-17,NSE,BRITANNIA,raw_l2/trade_date=2026-07-17/exchange=NSE/symbol=BRITANNIA/part-052257_179561-013447.parquet,real_data_sample\l2_unseen_validation\trade_date=2026-07-17\exchange=NSE\symbol=BRITANNIA\part-052257_179561-013447.parquet,34173,downloaded,34173,
2026-07-17,NSE,BRITANNIA,raw_l2/trade_date=2026-07-17/exchange=NSE/symbol=BRITANNIA/part-052147_150867-013287.parquet,real_data_sample\l2_unseen_validation\trade_date=2026-07-17\exchange=NSE\symbol=BRITANNIA\part-052147_150867-013287.parquet,34332,downloaded,34332,
2026-07-17,NSE,BRITANNIA,raw_l2/trade_date=2026-07-17/exchange=NSE/symbol=BRITANNIA/part-052024_133261-013095.parquet,real_data_sample\l2_unseen_validation\trade_date=2026-07-17\exchange=NSE\symbol=BRITANNIA\part-052024_133261-013095.parquet,34547,downloaded,34547,
2026-07-17,NSE,BRITANNIA,raw_l2/trade_date=2026-07-17/exchange=NSE/symbol=BRITANNIA/part-052037_892134-013127.parquet,real_data_sample\l2_unseen_validation\trade_date=2026-07-17\exchange=NSE\symbol=BRITANNIA\part-052037_892134-013127.parquet,34685,downloaded,34685,
2026-07-17,NSE,BRITANNIA,raw_l2/trade_date=2026-07-17/exchange=NSE/symbol=BRITANNIA/part-052201_152928-013319.parquet,real_data_sample\l2_unseen_validation\trade_date=2026-07-17\exchange=NSE\symbol=BRITANNIA\part-052201_152928-013319.parquet,34287,downloaded,34287,
2026-07-17,NSE,BRITANNIA,raw_l2/trade_date=2026-07-17/exchange=NSE/symbol=BRITANNIA/part-052105_396397-013191.parquet,real_data_sample\l2_unseen_validation\trade_date=2026-07-17\exchange=NSE\symbol=BRITANNIA\part-052105_396397-013191.parquet,34512,downloaded,34512,
2026-07-17,NSE,BRITANNIA,raw_l2/trade_date=2026-07-17/exchange=NSE/symbol=BRITANNIA/part-045406_744076-009511.parquet,real_data_sample\l2_unseen_validation\trade_date=2026-07-17\exchange=NSE\symbol=BRITANNIA\part-045406_744076-009511.parquet,34442,downloaded,34442,
2026-07-17,NSE,BRITANNIA,raw_l2/trade_date=2026-07-17/exchange=NSE/symbol=BRITANNIA/part-052051_634374-013159.parquet,real_data_sample\l2_unseen_validation\trade_date=2026-07-17\exchange=NSE\symbol=BRITANNIA\part-052051_634374-013159.parquet,34490,downloaded,34490,
2026-07-17,NSE,BRITANNIA,raw_l2/trade_date=2026-07-17/exchange=NSE/symbol=BRITANNIA/part-052311_200509-013479.parquet,real_data_sample\l2_unseen_validation\trade_date=2026-07-17\exchange=NSE\symbol=BRITANNIA\part-052311_200509-013479.parquet,34532,downloaded,34532,
2026-07-17,NSE,BRITANNIA,raw_l2/trade_date=2026-07-17/exchange=NSE/symbol=BRITANNIA/part-052421_148493-013639.parquet,real_data_sample\l2_unseen_validation\trade_date=2026-07-17\exchange=NSE\symbol=BRITANNIA\part-052421_148493-013639.parquet,34452,downloaded,34452,
2026-07-17,NSE,BRITANNIA,raw_l2/trade_date=2026-07-17/exchange=NSE/symbol=BRITANNIA/part-052516_718110-013767.parquet,real_data_sample\l2_unseen_validation\trade_date=2026-07-17\exchange=NSE\symbol=BRITANNIA\part-052516_718110-013767.parquet,34458,downloaded,34458,
2026-07-17,NSE,BRITANNIA,raw_l2/trade_date=2026-07-17/exchange=NSE/symbol=BRITANNIA/part-052612_917238-013895.parquet,real_data_sample\l2_unseen_validation\trade_date=2026-07-17\exchange=NSE\symbol=BRITANNIA\part-052612_917238-013895.parquet,34741,downloaded,34741,
2026-07-17,NSE,BRITANNIA,raw_l2/trade_date=2026-07-17/exchange=NSE/symbol=BRITANNIA/part-052709_508509-014023.parquet,real_data_sample\l2_unseen_validation\trade_date=2026-07-17\exchange=NSE\symbol=BRITANNIA\part-052709_508509-014023.parquet,34975,downloaded,34975,
2026-07-17,NSE,BRITANNIA,raw_l2/trade_date=2026-07-17/exchange=NSE/symbol=BRITANNIA/part-052544_697940-013831.parquet,real_data_sample\l2_unseen_validation\trade_date=2026-07-17\exchange=NSE\symbol=BRITANNIA\part-052544_697940-013831.parquet,34521,downloaded,34521,
2026-07-17,NSE,BRITANNIA,raw_l2/trade_date=2026-07-17/exchange=NSE/symbol=BRITANNIA/part-052627_157060-013927.parquet,real_data_sample\l2_unseen_validation\trade_date=2026-07-17\exchange=NSE\symbol=BRITANNIA\part-052627_157060-013927.parquet,35153,downloaded,35153,
2026-07-17,NSE,BRITANNIA,raw_l2/trade_date=2026-07-17/exchange=NSE/symbol=BRITANNIA/part-052641_157264-013959.parquet,real_data_sample\l2_unseen_validation\trade_date=2026-07-17\exchange=NSE\symbol=BRITANNIA\part-052641_157264-013959.parquet,34699,downloaded,34699,
2026-07-17,NSE,BRITANNIA,raw_l2/trade_date=2026-07-17/exchange=NSE/symbol=BRITANNIA/part-052435_133251-013671.parquet,real_data_sample\l2_unseen_validation\trade_date=2026-07-17\exchange=NSE\symbol=BRITANNIA\part-052435_133251-013671.parquet,34636,downloaded,34636,
2026-07-17,NSE,BRITANNIA,raw_l2/trade_date=2026-07-17/exchange=NSE/symbol=BRITANNIA/part-052502_899563-013735.parquet,real_data_sample\l2_unseen_validation\trade_date=2026-07-17\exchange=NSE\symbol=BRITANNIA\part-052502_899563-013735.parquet,34407,downloaded,34407,
2026-07-17,NSE,BRITANNIA,raw_l2/trade_date=2026-07-17/exchange=NSE/symbol=BRITANNIA/part-052655_437643-013991.parquet,real_data_sample\l2_unseen_validation\trade_date=2026-07-17\exchange=NSE\symbol=BRITANNIA\part-052655_437643-013991.parquet,34911,downloaded,34911,
2026-07-17,NSE,BRITANNIA,raw_l2/trade_date=2026-07-17/exchange=NSE/symbol=BRITANNIA/part-052325_151896-013511.parquet,real_data_sample\l2_unseen_validation\trade_date=2026-07-17\exchange=NSE\symbol=BRITANNIA\part-052325_151896-013511.parquet,34429,downloaded,34429,
2026-07-17,NSE,BRITANNIA,raw_l2/trade_date=2026-07-17/exchange=NSE/symbol=BRITANNIA/part-052558_760590-013863.parquet,real_data_sample\l2_unseen_validation\trade_date=2026-07-17\exchange=NSE\symbol=BRITANNIA\part-052558_760590-013863.parquet,34645,downloaded,34645,
2026-07-17,NSE,BRITANNIA,raw_l2/trade_date=2026-07-17/exchange=NSE/symbol=BRITANNIA/part-052448_926182-013703.parquet,real_data_sample\l2_unseen_validation\trade_date=2026-07-17\exchange=NSE\symbol=BRITANNIA\part-052448_926182-013703.parquet,34147,downloaded,34147,
2026-07-17,NSE,BRITANNIA,raw_l2/trade_date=2026-07-17/exchange=NSE/symbol=BRITANNIA/part-052530_465127-013799.parquet,real_data_sample\l2_unseen_validation\trade_date=2026-07-17\exchange=NSE\symbol=BRITANNIA\part-052530_465127-013799.parquet,34688,downloaded,34688,
2026-07-17,NSE,BRITANNIA,raw_l2/trade_date=2026-07-17/exchange=NSE/symbol=BRITANNIA/part-052353_129816-013575.parquet,real_data_sample\l2_unseen_validation\trade_date=2026-07-17\exchange=NSE\symbol=BRITANNIA\part-052353_129816-013575.parquet,34485,downloaded,34485,
2026-07-17,NSE,BRITANNIA,raw_l2/trade_date=2026-07-17/exchange=NSE/symbol=BRITANNIA/part-052339_156151-013543.parquet,real_data_sample\l2_unseen_validation\trade_date=2026-07-17\exchange=NSE\symbol=BRITANNIA\part-052339_156151-013543.parquet,34493,downloaded,34493,
2026-07-17,NSE,BRITANNIA,raw_l2/trade_date=2026-07-17/exchange=NSE/symbol=BRITANNIA/part-052407_163033-013607.parquet,real_data_sample\l2_unseen_validation\trade_date=2026-07-17\exchange=NSE\symbol=BRITANNIA\part-052407_163033-013607.parquet,34498,downloaded,34498,
2026-07-17,NSE,BRITANNIA,raw_l2/trade_date=2026-07-17/exchange=NSE/symbol=BRITANNIA/part-052723_525214-014055.parquet,real_data_sample\l2_unseen_validation\trade_date=2026-07-17\exchange=NSE\symbol=BRITANNIA\part-052723_525214-014055.parquet,34453,downloaded,34453,
2026-07-17,NSE,BRITANNIA,raw_l2/trade_date=2026-07-17/exchange=NSE/symbol=BRITANNIA/part-052737_426054-014087.parquet,real_data_sample\l2_unseen_validation\trade_date=2026-07-17\exchange=NSE\symbol=BRITANNIA\part-052737_426054-014087.parquet,34574,downloaded,34574,
2026-07-17,NSE,BRITANNIA,raw_l2/trade_date=2026-07-17/exchange=NSE/symbol=BRITANNIA/part-052751_424535-014119.parquet,real_data_sample\l2_unseen_validation\trade_date=2026-07-17\exchange=NSE\symbol=BRITANNIA\part-052751_424535-014119.parquet,34211,downloaded,34211,
2026-07-17,NSE,BRITANNIA,raw_l2/trade_date=2026-07-17/exchange=NSE/symbol=BRITANNIA/part-052805_194143-014151.parquet,real_data_sample\l2_unseen_validation\trade_date=2026-07-17\exchange=NSE\symbol=BRITANNIA\part-052805_194143-014151.parquet,34211,downloaded,34211,
2026-07-17,NSE,BRITANNIA,raw_l2/trade_date=2026-07-17/exchange=NSE/symbol=BRITANNIA/part-052819_197938-014183.parquet,real_data_sample\l2_unseen_validation\trade_date=2026-07-17\exchange=NSE\symbol=BRITANNIA\part-052819_197938-014183.parquet,34156,downloaded,34156,
2026-07-17,NSE,BRITANNIA,raw_l2/trade_date=2026-07-17/exchange=NSE/symbol=BRITANNIA/part-052833_442061-014215.parquet,real_data_sample\l2_unseen_validation\trade_date=2026-07-17\exchange=NSE\symbol=BRITANNIA\part-052833_442061-014215.parquet,34591,downloaded,34591,
2026-07-17,NSE,BRITANNIA,raw_l2/trade_date=2026-07-17/exchange=NSE/symbol=BRITANNIA/part-052847_456094-014247.parquet,real_data_sample\l2_unseen_validation\trade_date=2026-07-17\exchange=NSE\symbol=BRITANNIA\part-052847_456094-014247.parquet,34437,downloaded,34437,
2026-07-17,NSE,BRITANNIA,raw_l2/trade_date=2026-07-17/exchange=NSE/symbol=BRITANNIA/part-052943_929767-014375.parquet,real_data_sample\l2_unseen_validation\trade_date=2026-07-17\exchange=NSE\symbol=BRITANNIA\part-052943_929767-014375.parquet,34350,downloaded,34350,
2026-07-17,NSE,BRITANNIA,raw_l2/trade_date=2026-07-17/exchange=NSE/symbol=BRITANNIA/part-052901_959394-014279.parquet,real_data_sample\l2_unseen_validation\trade_date=2026-07-17\exchange=NSE\symbol=BRITANNIA\part-052901_959394-014279.parquet,34530,downloaded,34530,
2026-07-17,NSE,BRITANNIA,raw_l2/trade_date=2026-07-17/exchange=NSE/symbol=BRITANNIA/part-052929_949606-014343.parquet,real_data_sample\l2_unseen_validation\trade_date=2026-07-17\exchange=NSE\symbol=BRITANNIA\part-052929_949606-014343.parquet,34445,downloaded,34445,
2026-07-17,NSE,BRITANNIA,raw_l2/trade_date=2026-07-17/exchange=NSE/symbol=BRITANNIA/part-052915_948129-014311.parquet,real_data_sample\l2_unseen_validation\trade_date=2026-07-17\exchange=NSE\symbol=BRITANNIA\part-052915_948129-014311.parquet,34467,downloaded,34467,
2026-07-17,NSE,BRITANNIA,raw_l2/trade_date=2026-07-17/exchange=NSE/symbol=BRITANNIA/part-053012_439425-014439.parquet,real_data_sample\l2_unseen_validation\trade_date=2026-07-17\exchange=NSE\symbol=BRITANNIA\part-053012_439425-014439.parquet,34215,downloaded,34215,
2026-07-17,NSE,BRITANNIA,raw_l2/trade_date=2026-07-17/exchange=NSE/symbol=BRITANNIA/part-052957_963322-014407.parquet,real_data_sample\l2_unseen_validation\trade_date=2026-07-17\exchange=NSE\symbol=BRITANNIA\part-052957_963322-014407.parquet,34374,downloaded,34374,
2026-07-17,NSE,BRITANNIA,raw_l2/trade_date=2026-07-17/exchange=NSE/symbol=BRITANNIA/part-053027_702236-014471.parquet,real_data_sample\l2_unseen_validation\trade_date=2026-07-17\exchange=NSE\symbol=BRITANNIA\part-053027_702236-014471.parquet,34368,downloaded,34368,
2026-07-17,NSE,BRITANNIA,raw_l2/trade_date=2026-07-17/exchange=NSE/symbol=BRITANNIA/part-053041_416748-014503.parquet,real_data_sample\l2_unseen_validation\trade_date=2026-07-17\exchange=NSE\symbol=BRITANNIA\part-053041_416748-014503.parquet,34343,downloaded,34343,
2026-07-17,NSE,BRITANNIA,raw_l2/trade_date=2026-07-17/exchange=NSE/symbol=BRITANNIA/part-053055_523711-014535.parquet,real_data_sample\l2_unseen_validation\trade_date=2026-07-17\exchange=NSE\symbol=BRITANNIA\part-053055_523711-014535.parquet,34380,downloaded,34380,
2026-07-17,NSE,BRITANNIA,raw_l2/trade_date=2026-07-17/exchange=NSE/symbol=BRITANNIA/part-053535_906285-015175.parquet,real_data_sample\l2_unseen_validation\trade_date=2026-07-17\exchange=NSE\symbol=BRITANNIA\part-053535_906285-015175.parquet,34502,downloaded,34502,
2026-07-17,NSE,BRITANNIA,raw_l2/trade_date=2026-07-17/exchange=NSE/symbol=BRITANNIA/part-053330_666856-014887.parquet,real_data_sample\l2_unseen_validation\trade_date=2026-07-17\exchange=NSE\symbol=BRITANNIA\part-053330_666856-014887.parquet,34355,downloaded,34355,
2026-07-17,NSE,BRITANNIA,raw_l2/trade_date=2026-07-17/exchange=NSE/symbol=BRITANNIA/part-053138_412473-014631.parquet,real_data_sample\l2_unseen_validation\trade_date=2026-07-17\exchange=NSE\symbol=BRITANNIA\part-053138_412473-014631.parquet,34333,downloaded,34333,
2026-07-17,NSE,BRITANNIA,raw_l2/trade_date=2026-07-17/exchange=NSE/symbol=BRITANNIA/part-053124_311511-014599.parquet,real_data_sample\l2_unseen_validation\trade_date=2026-07-17\exchange=NSE\symbol=BRITANNIA\part-053124_311511-014599.parquet,34727,downloaded,34727,
2026-07-17,NSE,BRITANNIA,raw_l2/trade_date=2026-07-17/exchange=NSE/symbol=BRITANNIA/part-053507_931562-015111.parquet,real_data_sample\l2_unseen_validation\trade_date=2026-07-17\exchange=NSE\symbol=BRITANNIA\part-053507_931562-015111.parquet,34571,downloaded,34571,
2026-07-17,NSE,BRITANNIA,raw_l2/trade_date=2026-07-17/exchange=NSE/symbol=BRITANNIA/part-053521_904574-015143.parquet,real_data_sample\l2_unseen_validation\trade_date=2026-07-17\exchange=NSE\symbol=BRITANNIA\part-053521_904574-015143.parquet,34771,downloaded,34771,
2026-07-17,NSE,BRITANNIA,raw_l2/trade_date=2026-07-17/exchange=NSE/symbol=BRITANNIA/part-053302_522060-014823.parquet,real_data_sample\l2_unseen_validation\trade_date=2026-07-17\exchange=NSE\symbol=BRITANNIA\part-053302_522060-014823.parquet,34266,downloaded,34266,
2026-07-17,NSE,BRITANNIA,raw_l2/trade_date=2026-07-17/exchange=NSE/symbol=BRITANNIA/part-053152_164260-014663.parquet,real_data_sample\l2_unseen_validation\trade_date=2026-07-17\exchange=NSE\symbol=BRITANNIA\part-053152_164260-014663.parquet,34236,downloaded,34236,
2026-07-17,NSE,BRITANNIA,raw_l2/trade_date=2026-07-17/exchange=NSE/symbol=BRITANNIA/part-053220_500400-014727.parquet,real_data_sample\l2_unseen_validation\trade_date=2026-07-17\exchange=NSE\symbol=BRITANNIA\part-053220_500400-014727.parquet,34534,downloaded,34534,
2026-07-17,NSE,BRITANNIA,raw_l2/trade_date=2026-07-17/exchange=NSE/symbol=BRITANNIA/part-053206_245466-014695.parquet,real_data_sample\l2_unseen_validation\trade_date=2026-07-17\exchange=NSE\symbol=BRITANNIA\part-053206_245466-014695.parquet,34231,downloaded,34231,
2026-07-17,NSE,BRITANNIA,raw_l2/trade_date=2026-07-17/exchange=NSE/symbol=BRITANNIA/part-053603_394858-015239.parquet,real_data_sample\l2_unseen_validation\trade_date=2026-07-17\exchange=NSE\symbol=BRITANNIA\part-053603_394858-015239.parquet,34098,downloaded,34098,
2026-07-17,NSE,BRITANNIA,raw_l2/trade_date=2026-07-17/exchange=NSE/symbol=BRITANNIA/part-053617_416750-015271.parquet,real_data_sample\l2_unseen_validation\trade_date=2026-07-17\exchange=NSE\symbol=BRITANNIA\part-053617_416750-015271.parquet,34723,downloaded,34723,
2026-07-17,NSE,BRITANNIA,raw_l2/trade_date=2026-07-17/exchange=NSE/symbol=BRITANNIA/part-053248_408604-014791.parquet,real_data_sample\l2_unseen_validation\trade_date=2026-07-17\exchange=NSE\symbol=BRITANNIA\part-053248_408604-014791.parquet,34279,downloaded,34279,
2026-07-17,NSE,BRITANNIA,raw_l2/trade_date=2026-07-17/exchange=NSE/symbol=BRITANNIA/part-053234_474187-014759.parquet,real_data_sample\l2_unseen_validation\trade_date=2026-07-17\exchange=NSE\symbol=BRITANNIA\part-053234_474187-014759.parquet,34675,downloaded,34675,
2026-07-17,NSE,BRITANNIA,raw_l2/trade_date=2026-07-17/exchange=NSE/symbol=BRITANNIA/part-053344_684574-014919.parquet,real_data_sample\l2_unseen_validation\trade_date=2026-07-17\exchange=NSE\symbol=BRITANNIA\part-053344_684574-014919.parquet,34165,downloaded,34165,
2026-07-17,NSE,BRITANNIA,raw_l2/trade_date=2026-07-17/exchange=NSE/symbol=BRITANNIA/part-053454_136386-015079.parquet,real_data_sample\l2_unseen_validation\trade_date=2026-07-17\exchange=NSE\symbol=BRITANNIA\part-053454_136386-015079.parquet,34455,downloaded,34455,
2026-07-17,NSE,BRITANNIA,raw_l2/trade_date=2026-07-17/exchange=NSE/symbol=BRITANNIA/part-053549_685271-015207.parquet,real_data_sample\l2_unseen_validation\trade_date=2026-07-17\exchange=NSE\symbol=BRITANNIA\part-053549_685271-015207.parquet,34427,downloaded,34427,
2026-07-17,NSE,BRITANNIA,raw_l2/trade_date=2026-07-17/exchange=NSE/symbol=BRITANNIA/part-053440_383579-015047.parquet,real_data_sample\l2_unseen_validation\trade_date=2026-07-17\exchange=NSE\symbol=BRITANNIA\part-053440_383579-015047.parquet,34712,downloaded,34712,
2026-07-17,NSE,BRITANNIA,raw_l2/trade_date=2026-07-17/exchange=NSE/symbol=BRITANNIA/part-053631_664811-015303.parquet,real_data_sample\l2_unseen_validation\trade_date=2026-07-17\exchange=NSE\symbol=BRITANNIA\part-053631_664811-015303.parquet,34739,downloaded,34739,
2026-07-17,NSE,BRITANNIA,raw_l2/trade_date=2026-07-17/exchange=NSE/symbol=BRITANNIA/part-053358_536130-014951.parquet,real_data_sample\l2_unseen_validation\trade_date=2026-07-17\exchange=NSE\symbol=BRITANNIA\part-053358_536130-014951.parquet,34420,downloaded,34420,
2026-07-17,NSE,BRITANNIA,raw_l2/trade_date=2026-07-17/exchange=NSE/symbol=BRITANNIA/part-053426_659420-015015.parquet,real_data_sample\l2_unseen_validation\trade_date=2026-07-17\exchange=NSE\symbol=BRITANNIA\part-053426_659420-015015.parquet,34644,downloaded,34644,
2026-07-17,NSE,BRITANNIA,raw_l2/trade_date=2026-07-17/exchange=NSE/symbol=BRITANNIA/part-053412_667935-014983.parquet,real_data_sample\l2_unseen_validation\trade_date=2026-07-17\exchange=NSE\symbol=BRITANNIA\part-053412_667935-014983.parquet,34454,downloaded,34454,
2026-07-17,NSE,BRITANNIA,raw_l2/trade_date=2026-07-17/exchange=NSE/symbol=BRITANNIA/part-053109_496598-014567.parquet,real_data_sample\l2_unseen_validation\trade_date=2026-07-17\exchange=NSE\symbol=BRITANNIA\part-053109_496598-014567.parquet,34380,downloaded,34380,
2026-07-17,NSE,BRITANNIA,raw_l2/trade_date=2026-07-17/exchange=NSE/symbol=BRITANNIA/part-053645_655700-015335.parquet,real_data_sample\l2_unseen_validation\trade_date=2026-07-17\exchange=NSE\symbol=BRITANNIA\part-053645_655700-015335.parquet,34666,downloaded,34666,
2026-07-17,NSE,BRITANNIA,raw_l2/trade_date=2026-07-17/exchange=NSE/symbol=BRITANNIA/part-053316_525886-014855.parquet,real_data_sample\l2_unseen_validation\trade_date=2026-07-17\exchange=NSE\symbol=BRITANNIA\part-053316_525886-014855.parquet,34495,downloaded,34495,
2026-07-17,NSE,BRITANNIA,raw_l2/trade_date=2026-07-17/exchange=NSE/symbol=BRITANNIA/part-053659_416392-015367.parquet,real_data_sample\l2_unseen_validation\trade_date=2026-07-17\exchange=NSE\symbol=BRITANNIA\part-053659_416392-015367.parquet,34494,downloaded,34494,
2026-07-17,NSE,BRITANNIA,raw_l2/trade_date=2026-07-17/exchange=NSE/symbol=BRITANNIA/part-053713_437060-015399.parquet,real_data_sample\l2_unseen_validation\trade_date=2026-07-17\exchange=NSE\symbol=BRITANNIA\part-053713_437060-015399.parquet,34569,downloaded,34569,
2026-07-17,NSE,BRITANNIA,raw_l2/trade_date=2026-07-17/exchange=NSE/symbol=BRITANNIA/part-053822_946003-015559.parquet,real_data_sample\l2_unseen_validation\trade_date=2026-07-17\exchange=NSE\symbol=BRITANNIA\part-053822_946003-015559.parquet,34740,downloaded,34740,
2026-07-17,NSE,BRITANNIA,raw_l2/trade_date=2026-07-17/exchange=NSE/symbol=BRITANNIA/part-053741_229782-015463.parquet,real_data_sample\l2_unseen_validation\trade_date=2026-07-17\exchange=NSE\symbol=BRITANNIA\part-053741_229782-015463.parquet,34764,downloaded,34764,
2026-07-17,NSE,BRITANNIA,raw_l2/trade_date=2026-07-17/exchange=NSE/symbol=BRITANNIA/part-053755_145533-015495.parquet,real_data_sample\l2_unseen_validation\trade_date=2026-07-17\exchange=NSE\symbol=BRITANNIA\part-053755_145533-015495.parquet,34808,downloaded,34808,
2026-07-17,NSE,BRITANNIA,raw_l2/trade_date=2026-07-17/exchange=NSE/symbol=BRITANNIA/part-053808_949980-015527.parquet,real_data_sample\l2_unseen_validation\trade_date=2026-07-17\exchange=NSE\symbol=BRITANNIA\part-053808_949980-015527.parquet,34610,downloaded,34610,
2026-07-17,NSE,BRITANNIA,raw_l2/trade_date=2026-07-17/exchange=NSE/symbol=BRITANNIA/part-053727_398801-015431.parquet,real_data_sample\l2_unseen_validation\trade_date=2026-07-17\exchange=NSE\symbol=BRITANNIA\part-053727_398801-015431.parquet,34544,downloaded,34544,
2026-07-17,NSE,BRITANNIA,raw_l2/trade_date=2026-07-17/exchange=NSE/symbol=BRITANNIA/part-050204_952733-010599.parquet,real_data_sample\l2_unseen_validation\trade_date=2026-07-17\exchange=NSE\symbol=BRITANNIA\part-050204_952733-010599.parquet,34782,downloaded,34782,
2026-07-17,NSE,BRITANNIA,raw_l2/trade_date=2026-07-17/exchange=NSE/symbol=BRITANNIA/part-054042_483840-015879.parquet,real_data_sample\l2_unseen_validation\trade_date=2026-07-17\exchange=NSE\symbol=BRITANNIA\part-054042_483840-015879.parquet,34433,downloaded,34433,
2026-07-17,NSE,BRITANNIA,raw_l2/trade_date=2026-07-17/exchange=NSE/symbol=BRITANNIA/part-053837_178587-015591.parquet,real_data_sample\l2_unseen_validation\trade_date=2026-07-17\exchange=NSE\symbol=BRITANNIA\part-053837_178587-015591.parquet,34236,downloaded,34236,
2026-07-17,NSE,BRITANNIA,raw_l2/trade_date=2026-07-17/exchange=NSE/symbol=BRITANNIA/part-053946_665997-015751.parquet,real_data_sample\l2_unseen_validation\trade_date=2026-07-17\exchange=NSE\symbol=BRITANNIA\part-053946_665997-015751.parquet,34502,downloaded,34502,
2026-07-17,NSE,BRITANNIA,raw_l2/trade_date=2026-07-17/exchange=NSE/symbol=BRITANNIA/part-053904_931294-015655.parquet,real_data_sample\l2_unseen_validation\trade_date=2026-07-17\exchange=NSE\symbol=BRITANNIA\part-053904_931294-015655.parquet,34665,downloaded,34665,
2026-07-17,NSE,BRITANNIA,raw_l2/trade_date=2026-07-17/exchange=NSE/symbol=BRITANNIA/part-054233_369791-016135.parquet,real_data_sample\l2_unseen_validation\trade_date=2026-07-17\exchange=NSE\symbol=BRITANNIA\part-054233_369791-016135.parquet,34534,downloaded,34534,
2026-07-17,NSE,BRITANNIA,raw_l2/trade_date=2026-07-17/exchange=NSE/symbol=BRITANNIA/part-053932_890551-015719.parquet,real_data_sample\l2_unseen_validation\trade_date=2026-07-17\exchange=NSE\symbol=BRITANNIA\part-053932_890551-015719.parquet,34545,downloaded,34545,
2026-07-17,NSE,BRITANNIA,raw_l2/trade_date=2026-07-17/exchange=NSE/symbol=BRITANNIA/part-054028_659035-015847.parquet,real_data_sample\l2_unseen_validation\trade_date=2026-07-17\exchange=NSE\symbol=BRITANNIA\part-054028_659035-015847.parquet,34626,downloaded,34626,
2026-07-17,NSE,BRITANNIA,raw_l2/trade_date=2026-07-17/exchange=NSE/symbol=BRITANNIA/part-054124_151012-015975.parquet,real_data_sample\l2_unseen_validation\trade_date=2026-07-17\exchange=NSE\symbol=BRITANNIA\part-054124_151012-015975.parquet,34427,downloaded,34427,
2026-07-17,NSE,BRITANNIA,raw_l2/trade_date=2026-07-17/exchange=NSE/symbol=BRITANNIA/part-054329_247276-016263.parquet,real_data_sample\l2_unseen_validation\trade_date=2026-07-17\exchange=NSE\symbol=BRITANNIA\part-054329_247276-016263.parquet,34651,downloaded,34651,
2026-07-17,NSE,BRITANNIA,raw_l2/trade_date=2026-07-17/exchange=NSE/symbol=BRITANNIA/part-054315_400088-016231.parquet,real_data_sample\l2_unseen_validation\trade_date=2026-07-17\exchange=NSE\symbol=BRITANNIA\part-054315_400088-016231.parquet,34717,downloaded,34717,
2026-07-17,NSE,BRITANNIA,raw_l2/trade_date=2026-07-17/exchange=NSE/symbol=BRITANNIA/part-054219_655442-016103.parquet,real_data_sample\l2_unseen_validation\trade_date=2026-07-17\exchange=NSE\symbol=BRITANNIA\part-054219_655442-016103.parquet,34762,downloaded,34762,
2026-07-17,NSE,BRITANNIA,raw_l2/trade_date=2026-07-17/exchange=NSE/symbol=BRITANNIA/part-054247_404163-016167.parquet,real_data_sample\l2_unseen_validation\trade_date=2026-07-17\exchange=NSE\symbol=BRITANNIA\part-054247_404163-016167.parquet,34461,downloaded,34461,
2026-07-17,NSE,BRITANNIA,raw_l2/trade_date=2026-07-17/exchange=NSE/symbol=BRITANNIA/part-054301_412553-016199.parquet,real_data_sample\l2_unseen_validation\trade_date=2026-07-17\exchange=NSE\symbol=BRITANNIA\part-054301_412553-016199.parquet,34622,downloaded,34622,
2026-07-17,NSE,BRITANNIA,raw_l2/trade_date=2026-07-17/exchange=NSE/symbol=BRITANNIA/part-054014_629048-015815.parquet,real_data_sample\l2_unseen_validation\trade_date=2026-07-17\exchange=NSE\symbol=BRITANNIA\part-054014_629048-015815.parquet,34690,downloaded,34690,
2026-07-17,NSE,BRITANNIA,raw_l2/trade_date=2026-07-17/exchange=NSE/symbol=BRITANNIA/part-054137_925235-016007.parquet,real_data_sample\l2_unseen_validation\trade_date=2026-07-17\exchange=NSE\symbol=BRITANNIA\part-054137_925235-016007.parquet,34497,downloaded,34497,
2026-07-17,NSE,BRITANNIA,raw_l2/trade_date=2026-07-17/exchange=NSE/symbol=BRITANNIA/part-053918_823013-015687.parquet,real_data_sample\l2_unseen_validation\trade_date=2026-07-17\exchange=NSE\symbol=BRITANNIA\part-053918_823013-015687.parquet,34481,downloaded,34481,
2026-07-17,NSE,BRITANNIA,raw_l2/trade_date=2026-07-17/exchange=NSE/symbol=BRITANNIA/part-054056_431466-015911.parquet,real_data_sample\l2_unseen_validation\trade_date=2026-07-17\exchange=NSE\symbol=BRITANNIA\part-054056_431466-015911.parquet,34620,downloaded,34620,
2026-07-17,NSE,BRITANNIA,raw_l2/trade_date=2026-07-17/exchange=NSE/symbol=BRITANNIA/part-054356_930561-016327.parquet,real_data_sample\l2_unseen_validation\trade_date=2026-07-17\exchange=NSE\symbol=BRITANNIA\part-054356_930561-016327.parquet,34365,downloaded,34365,
2026-07-17,NSE,BRITANNIA,raw_l2/trade_date=2026-07-17/exchange=NSE/symbol=BRITANNIA/part-054424_899878-016391.parquet,real_data_sample\l2_unseen_validation\trade_date=2026-07-17\exchange=NSE\symbol=BRITANNIA\part-054424_899878-016391.parquet,34433,downloaded,34433,
2026-07-17,NSE,BRITANNIA,raw_l2/trade_date=2026-07-17/exchange=NSE/symbol=BRITANNIA/part-054000_758126-015783.parquet,real_data_sample\l2_unseen_validation\trade_date=2026-07-17\exchange=NSE\symbol=BRITANNIA\part-054000_758126-015783.parquet,34419,downloaded,34419,
2026-07-17,NSE,BRITANNIA,raw_l2/trade_date=2026-07-17/exchange=NSE/symbol=BRITANNIA/part-054343_202316-016295.parquet,real_data_sample\l2_unseen_validation\trade_date=2026-07-17\exchange=NSE\symbol=BRITANNIA\part-054343_202316-016295.parquet,34379,downloaded,34379,
2026-07-17,NSE,BRITANNIA,raw_l2/trade_date=2026-07-17/exchange=NSE/symbol=BRITANNIA/part-054410_934453-016359.parquet,real_data_sample\l2_unseen_validation\trade_date=2026-07-17\exchange=NSE\symbol=BRITANNIA\part-054410_934453-016359.parquet,34466,downloaded,34466,
2026-07-17,NSE,BRITANNIA,raw_l2/trade_date=2026-07-17/exchange=NSE/symbol=BRITANNIA/part-054151_688311-016039.parquet,real_data_sample\l2_unseen_validation\trade_date=2026-07-17\exchange=NSE\symbol=BRITANNIA\part-054151_688311-016039.parquet,34397,downloaded,34397,
2026-07-17,NSE,BRITANNIA,raw_l2/trade_date=2026-07-17/exchange=NSE/symbol=BRITANNIA/part-053851_176585-015623.parquet,real_data_sample\l2_unseen_validation\trade_date=2026-07-17\exchange=NSE\symbol=BRITANNIA\part-053851_176585-015623.parquet,34515,downloaded,34515,
2026-07-17,NSE,BRITANNIA,raw_l2/trade_date=2026-07-17/exchange=NSE/symbol=BRITANNIA/part-054205_678182-016071.parquet,real_data_sample\l2_unseen_validation\trade_date=2026-07-17\exchange=NSE\symbol=BRITANNIA\part-054205_678182-016071.parquet,34492,downloaded,34492,
2026-07-17,NSE,BRITANNIA,raw_l2/trade_date=2026-07-17/exchange=NSE/symbol=BRITANNIA/part-054110_394234-015943.parquet,real_data_sample\l2_unseen_validation\trade_date=2026-07-17\exchange=NSE\symbol=BRITANNIA\part-054110_394234-015943.parquet,34660,downloaded,34660,
2026-07-17,NSE,BRITANNIA,raw_l2/trade_date=2026-07-17/exchange=NSE/symbol=BRITANNIA/part-054438_658741-016423.parquet,real_data_sample\l2_unseen_validation\trade_date=2026-07-17\exchange=NSE\symbol=BRITANNIA\part-054438_658741-016423.parquet,34370,downloaded,34370,
2026-07-17,NSE,BRITANNIA,raw_l2/trade_date=2026-07-17/exchange=NSE/symbol=BRITANNIA/part-054452_672919-016455.parquet,real_data_sample\l2_unseen_validation\trade_date=2026-07-17\exchange=NSE\symbol=BRITANNIA\part-054452_672919-016455.parquet,34601,downloaded,34601,
2026-07-17,NSE,BRITANNIA,raw_l2/trade_date=2026-07-17/exchange=NSE/symbol=BRITANNIA/part-054506_426366-016487.parquet,real_data_sample\l2_unseen_validation\trade_date=2026-07-17\exchange=NSE\symbol=BRITANNIA\part-054506_426366-016487.parquet,34607,downloaded,34607,
2026-07-17,NSE,BRITANNIA,raw_l2/trade_date=2026-07-17/exchange=NSE/symbol=BRITANNIA/part-054534_157430-016551.parquet,real_data_sample\l2_unseen_validation\trade_date=2026-07-17\exchange=NSE\symbol=BRITANNIA\part-054534_157430-016551.parquet,34440,downloaded,34440,
2026-07-17,NSE,BRITANNIA,raw_l2/trade_date=2026-07-17/exchange=NSE/symbol=BRITANNIA/part-054520_464857-016519.parquet,real_data_sample\l2_unseen_validation\trade_date=2026-07-17\exchange=NSE\symbol=BRITANNIA\part-054520_464857-016519.parquet,34522,downloaded,34522,
2026-07-17,NSE,BRITANNIA,raw_l2/trade_date=2026-07-17/exchange=NSE/symbol=BRITANNIA/part-054548_145938-016583.parquet,real_data_sample\l2_unseen_validation\trade_date=2026-07-17\exchange=NSE\symbol=BRITANNIA\part-054548_145938-016583.parquet,34415,downloaded,34415,
2026-07-17,NSE,BRITANNIA,raw_l2/trade_date=2026-07-17/exchange=NSE/symbol=BRITANNIA/part-054601_955312-016615.parquet,real_data_sample\l2_unseen_validation\trade_date=2026-07-17\exchange=NSE\symbol=BRITANNIA\part-054601_955312-016615.parquet,34336,downloaded,34336,
2026-07-17,NSE,BRITANNIA,raw_l2/trade_date=2026-07-17/exchange=NSE/symbol=BRITANNIA/part-054947_004807-017127.parquet,real_data_sample\l2_unseen_validation\trade_date=2026-07-17\exchange=NSE\symbol=BRITANNIA\part-054947_004807-017127.parquet,34808,downloaded,34808,
2026-07-17,NSE,BRITANNIA,raw_l2/trade_date=2026-07-17/exchange=NSE/symbol=BRITANNIA/part-055227_205713-017479.parquet,real_data_sample\l2_unseen_validation\trade_date=2026-07-17\exchange=NSE\symbol=BRITANNIA\part-055227_205713-017479.parquet,34745,downloaded,34745,
2026-07-17,NSE,BRITANNIA,raw_l2/trade_date=2026-07-17/exchange=NSE/symbol=BRITANNIA/part-055128_452677-017351.parquet,real_data_sample\l2_unseen_validation\trade_date=2026-07-17\exchange=NSE\symbol=BRITANNIA\part-055128_452677-017351.parquet,34493,downloaded,34493,
2026-07-17,NSE,BRITANNIA,raw_l2/trade_date=2026-07-17/exchange=NSE/symbol=BRITANNIA/part-055256_788025-017543.parquet,real_data_sample\l2_unseen_validation\trade_date=2026-07-17\exchange=NSE\symbol=BRITANNIA\part-055256_788025-017543.parquet,34484,downloaded,34484,
2026-07-17,NSE,BRITANNIA,raw_l2/trade_date=2026-07-17/exchange=NSE/symbol=BRITANNIA/part-055325_228998-017607.parquet,real_data_sample\l2_unseen_validation\trade_date=2026-07-17\exchange=NSE\symbol=BRITANNIA\part-055325_228998-017607.parquet,34459,downloaded,34459,
2026-07-17,NSE,BRITANNIA,raw_l2/trade_date=2026-07-17/exchange=NSE/symbol=BRITANNIA/part-055241_845163-017511.parquet,real_data_sample\l2_unseen_validation\trade_date=2026-07-17\exchange=NSE\symbol=BRITANNIA\part-055241_845163-017511.parquet,34625,downloaded,34625,
2026-07-17,NSE,BRITANNIA,raw_l2/trade_date=2026-07-17/exchange=NSE/symbol=BRITANNIA/part-055339_668421-017639.parquet,real_data_sample\l2_unseen_validation\trade_date=2026-07-17\exchange=NSE\symbol=BRITANNIA\part-055339_668421-017639.parquet,34481,downloaded,34481,
2026-07-17,NSE,BRITANNIA,raw_l2/trade_date=2026-07-17/exchange=NSE/symbol=BRITANNIA/part-055016_070627-017191.parquet,real_data_sample\l2_unseen_validation\trade_date=2026-07-17\exchange=NSE\symbol=BRITANNIA\part-055016_070627-017191.parquet,34637,downloaded,34637,
2026-07-17,NSE,BRITANNIA,raw_l2/trade_date=2026-07-17/exchange=NSE/symbol=BRITANNIA/part-054739_508380-016839.parquet,real_data_sample\l2_unseen_validation\trade_date=2026-07-17\exchange=NSE\symbol=BRITANNIA\part-054739_508380-016839.parquet,34624,downloaded,34624,
2026-07-17,NSE,BRITANNIA,raw_l2/trade_date=2026-07-17/exchange=NSE/symbol=BRITANNIA/part-054807_660496-016903.parquet,real_data_sample\l2_unseen_validation\trade_date=2026-07-17\exchange=NSE\symbol=BRITANNIA\part-054807_660496-016903.parquet,34629,downloaded,34629,
2026-07-17,NSE,BRITANNIA,raw_l2/trade_date=2026-07-17/exchange=NSE/symbol=BRITANNIA/part-055311_117251-017575.parquet,real_data_sample\l2_unseen_validation\trade_date=2026-07-17\exchange=NSE\symbol=BRITANNIA\part-055311_117251-017575.parquet,34570,downloaded,34570,
2026-07-17,NSE,BRITANNIA,raw_l2/trade_date=2026-07-17/exchange=NSE/symbol=BRITANNIA/part-054932_713285-017095.parquet,real_data_sample\l2_unseen_validation\trade_date=2026-07-17\exchange=NSE\symbol=BRITANNIA\part-054932_713285-017095.parquet,34833,downloaded,34833,
2026-07-17,NSE,BRITANNIA,raw_l2/trade_date=2026-07-17/exchange=NSE/symbol=BRITANNIA/part-054753_707771-016871.parquet,real_data_sample\l2_unseen_validation\trade_date=2026-07-17\exchange=NSE\symbol=BRITANNIA\part-054753_707771-016871.parquet,34470,downloaded,34470,
2026-07-17,NSE,BRITANNIA,raw_l2/trade_date=2026-07-17/exchange=NSE/symbol=BRITANNIA/part-055030_005799-017223.parquet,real_data_sample\l2_unseen_validation\trade_date=2026-07-17\exchange=NSE\symbol=BRITANNIA\part-055030_005799-017223.parquet,34860,downloaded,34860,
2026-07-17,NSE,BRITANNIA,raw_l2/trade_date=2026-07-17/exchange=NSE/symbol=BRITANNIA/part-055212_597171-017447.parquet,real_data_sample\l2_unseen_validation\trade_date=2026-07-17\exchange=NSE\symbol=BRITANNIA\part-055212_597171-017447.parquet,34631,downloaded,34631,
2026-07-17,NSE,BRITANNIA,raw_l2/trade_date=2026-07-17/exchange=NSE/symbol=BRITANNIA/part-054821_739843-016935.parquet,real_data_sample\l2_unseen_validation\trade_date=2026-07-17\exchange=NSE\symbol=BRITANNIA\part-054821_739843-016935.parquet,34445,downloaded,34445,
2026-07-17,NSE,BRITANNIA,raw_l2/trade_date=2026-07-17/exchange=NSE/symbol=BRITANNIA/part-055044_679004-017255.parquet,real_data_sample\l2_unseen_validation\trade_date=2026-07-17\exchange=NSE\symbol=BRITANNIA\part-055044_679004-017255.parquet,34622,downloaded,34622,
2026-07-17,NSE,BRITANNIA,raw_l2/trade_date=2026-07-17/exchange=NSE/symbol=BRITANNIA/part-054725_449114-016807.parquet,real_data_sample\l2_unseen_validation\trade_date=2026-07-17\exchange=NSE\symbol=BRITANNIA\part-054725_449114-016807.parquet,34752,downloaded,34752,
2026-07-17,NSE,BRITANNIA,raw_l2/trade_date=2026-07-17/exchange=NSE/symbol=BRITANNIA/part-055113_768718-017319.parquet,real_data_sample\l2_unseen_validation\trade_date=2026-07-17\exchange=NSE\symbol=BRITANNIA\part-055113_768718-017319.parquet,34827,downloaded,34827,
2026-07-17,NSE,BRITANNIA,raw_l2/trade_date=2026-07-17/exchange=NSE/symbol=BRITANNIA/part-055001_557418-017159.parquet,real_data_sample\l2_unseen_validation\trade_date=2026-07-17\exchange=NSE\symbol=BRITANNIA\part-055001_557418-017159.parquet,34837,downloaded,34837,
2026-07-17,NSE,BRITANNIA,raw_l2/trade_date=2026-07-17/exchange=NSE/symbol=BRITANNIA/part-055059_181872-017287.parquet,real_data_sample\l2_unseen_validation\trade_date=2026-07-17\exchange=NSE\symbol=BRITANNIA\part-055059_181872-017287.parquet,34786,downloaded,34786,
2026-07-17,NSE,BRITANNIA,raw_l2/trade_date=2026-07-17/exchange=NSE/symbol=BRITANNIA/part-055158_096914-017415.parquet,real_data_sample\l2_unseen_validation\trade_date=2026-07-17\exchange=NSE\symbol=BRITANNIA\part-055158_096914-017415.parquet,34606,downloaded,34606,
2026-07-17,NSE,BRITANNIA,raw_l2/trade_date=2026-07-17/exchange=NSE/symbol=BRITANNIA/part-054835_995114-016967.parquet,real_data_sample\l2_unseen_validation\trade_date=2026-07-17\exchange=NSE\symbol=BRITANNIA\part-054835_995114-016967.parquet,34260,downloaded,34260,
2026-07-17,NSE,BRITANNIA,raw_l2/trade_date=2026-07-17/exchange=NSE/symbol=BRITANNIA/part-054850_227501-016999.parquet,real_data_sample\l2_unseen_validation\trade_date=2026-07-17\exchange=NSE\symbol=BRITANNIA\part-054850_227501-016999.parquet,34524,downloaded,34524,
2026-07-17,NSE,BRITANNIA,raw_l2/trade_date=2026-07-17/exchange=NSE/symbol=BRITANNIA/part-054904_236881-017031.parquet,real_data_sample\l2_unseen_validation\trade_date=2026-07-17\exchange=NSE\symbol=BRITANNIA\part-054904_236881-017031.parquet,34529,downloaded,34529,
2026-07-17,NSE,BRITANNIA,raw_l2/trade_date=2026-07-17/exchange=NSE/symbol=BRITANNIA/part-054918_453140-017063.parquet,real_data_sample\l2_unseen_validation\trade_date=2026-07-17\exchange=NSE\symbol=BRITANNIA\part-054918_453140-017063.parquet,34464,downloaded,34464,
2026-07-17,NSE,BRITANNIA,raw_l2/trade_date=2026-07-17/exchange=NSE/symbol=BRITANNIA/part-054615_923917-016647.parquet,real_data_sample\l2_unseen_validation\trade_date=2026-07-17\exchange=NSE\symbol=BRITANNIA\part-054615_923917-016647.parquet,34333,downloaded,34333,
2026-07-17,NSE,BRITANNIA,raw_l2/trade_date=2026-07-17/exchange=NSE/symbol=BRITANNIA/part-054643_459389-016711.parquet,real_data_sample\l2_unseen_validation\trade_date=2026-07-17\exchange=NSE\symbol=BRITANNIA\part-054643_459389-016711.parquet,34429,downloaded,34429,
2026-07-17,NSE,BRITANNIA,raw_l2/trade_date=2026-07-17/exchange=NSE/symbol=BRITANNIA/part-054629_663503-016679.parquet,real_data_sample\l2_unseen_validation\trade_date=2026-07-17\exchange=NSE\symbol=BRITANNIA\part-054629_663503-016679.parquet,34352,downloaded,34352,
2026-07-17,NSE,BRITANNIA,raw_l2/trade_date=2026-07-17/exchange=NSE/symbol=BRITANNIA/part-054711_245245-016775.parquet,real_data_sample\l2_unseen_validation\trade_date=2026-07-17\exchange=NSE\symbol=BRITANNIA\part-054711_245245-016775.parquet,34331,downloaded,34331,
2026-07-17,NSE,BRITANNIA,raw_l2/trade_date=2026-07-17/exchange=NSE/symbol=BRITANNIA/part-054657_402788-016743.parquet,real_data_sample\l2_unseen_validation\trade_date=2026-07-17\exchange=NSE\symbol=BRITANNIA\part-054657_402788-016743.parquet,34411,downloaded,34411,
2026-07-17,NSE,BRITANNIA,raw_l2/trade_date=2026-07-17/exchange=NSE/symbol=BRITANNIA/part-055143_270973-017383.parquet,real_data_sample\l2_unseen_validation\trade_date=2026-07-17\exchange=NSE\symbol=BRITANNIA\part-055143_270973-017383.parquet,34438,downloaded,34438,
2026-07-17,NSE,BRITANNIA,raw_l2/trade_date=2026-07-17/exchange=NSE/symbol=BRITANNIA/part-055354_095397-017671.parquet,real_data_sample\l2_unseen_validation\trade_date=2026-07-17\exchange=NSE\symbol=BRITANNIA\part-055354_095397-017671.parquet,34344,downloaded,34344,
2026-07-17,NSE,BRITANNIA,raw_l2/trade_date=2026-07-17/exchange=NSE/symbol=BRITANNIA/part-055408_298970-017703.parquet,real_data_sample\l2_unseen_validation\trade_date=2026-07-17\exchange=NSE\symbol=BRITANNIA\part-055408_298970-017703.parquet,34681,downloaded,34681,
2026-07-17,NSE,BRITANNIA,raw_l2/trade_date=2026-07-17/exchange=NSE/symbol=BRITANNIA/part-055932_241223-018439.parquet,real_data_sample\l2_unseen_validation\trade_date=2026-07-17\exchange=NSE\symbol=BRITANNIA\part-055932_241223-018439.parquet,34605,downloaded,34605,
2026-07-17,NSE,BRITANNIA,raw_l2/trade_date=2026-07-17/exchange=NSE/symbol=BRITANNIA/part-055903_984967-018375.parquet,real_data_sample\l2_unseen_validation\trade_date=2026-07-17\exchange=NSE\symbol=BRITANNIA\part-055903_984967-018375.parquet,34324,downloaded,34324,
2026-07-17,NSE,BRITANNIA,raw_l2/trade_date=2026-07-17/exchange=NSE/symbol=BRITANNIA/part-060029_272421-018567.parquet,real_data_sample\l2_unseen_validation\trade_date=2026-07-17\exchange=NSE\symbol=BRITANNIA\part-060029_272421-018567.parquet,34382,downloaded,34382,
2026-07-17,NSE,BRITANNIA,raw_l2/trade_date=2026-07-17/exchange=NSE/symbol=BRITANNIA/part-055504_513407-017831.parquet,real_data_sample\l2_unseen_validation\trade_date=2026-07-17\exchange=NSE\symbol=BRITANNIA\part-055504_513407-017831.parquet,34328,downloaded,34328,
2026-07-17,NSE,BRITANNIA,raw_l2/trade_date=2026-07-17/exchange=NSE/symbol=BRITANNIA/part-055436_514515-017767.parquet,real_data_sample\l2_unseen_validation\trade_date=2026-07-17\exchange=NSE\symbol=BRITANNIA\part-055436_514515-017767.parquet,34377,downloaded,34377,
2026-07-17,NSE,BRITANNIA,raw_l2/trade_date=2026-07-17/exchange=NSE/symbol=BRITANNIA/part-060015_249245-018535.parquet,real_data_sample\l2_unseen_validation\trade_date=2026-07-17\exchange=NSE\symbol=BRITANNIA\part-060015_249245-018535.parquet,34514,downloaded,34514,
2026-07-17,NSE,BRITANNIA,raw_l2/trade_date=2026-07-17/exchange=NSE/symbol=BRITANNIA/part-055917_977663-018407.parquet,real_data_sample\l2_unseen_validation\trade_date=2026-07-17\exchange=NSE\symbol=BRITANNIA\part-055917_977663-018407.parquet,34227,downloaded,34227,
2026-07-17,NSE,BRITANNIA,raw_l2/trade_date=2026-07-17/exchange=NSE/symbol=BRITANNIA/part-060057_766930-018631.parquet,real_data_sample\l2_unseen_validation\trade_date=2026-07-17\exchange=NSE\symbol=BRITANNIA\part-060057_766930-018631.parquet,34708,downloaded,34708,
2026-07-17,NSE,BRITANNIA,raw_l2/trade_date=2026-07-17/exchange=NSE/symbol=BRITANNIA/part-060000_972383-018503.parquet,real_data_sample\l2_unseen_validation\trade_date=2026-07-17\exchange=NSE\symbol=BRITANNIA\part-060000_972383-018503.parquet,34681,downloaded,34681,
2026-07-17,NSE,BRITANNIA,raw_l2/trade_date=2026-07-17/exchange=NSE/symbol=BRITANNIA/part-060043_519334-018599.parquet,real_data_sample\l2_unseen_validation\trade_date=2026-07-17\exchange=NSE\symbol=BRITANNIA\part-060043_519334-018599.parquet,34459,downloaded,34459,
2026-07-17,NSE,BRITANNIA,raw_l2/trade_date=2026-07-17/exchange=NSE/symbol=BRITANNIA/part-055946_309773-018471.parquet,real_data_sample\l2_unseen_validation\trade_date=2026-07-17\exchange=NSE\symbol=BRITANNIA\part-055946_309773-018471.parquet,34414,downloaded,34414,
2026-07-17,NSE,BRITANNIA,raw_l2/trade_date=2026-07-17/exchange=NSE/symbol=BRITANNIA/part-055422_449097-017735.parquet,real_data_sample\l2_unseen_validation\trade_date=2026-07-17\exchange=NSE\symbol=BRITANNIA\part-055422_449097-017735.parquet,34457,downloaded,34457,
2026-07-17,NSE,BRITANNIA,raw_l2/trade_date=2026-07-17/exchange=NSE/symbol=BRITANNIA/part-055710_982929-018119.parquet,real_data_sample\l2_unseen_validation\trade_date=2026-07-17\exchange=NSE\symbol=BRITANNIA\part-055710_982929-018119.parquet,34497,downloaded,34497,
2026-07-17,NSE,BRITANNIA,raw_l2/trade_date=2026-07-17/exchange=NSE/symbol=BRITANNIA/part-055642_966057-018055.parquet,real_data_sample\l2_unseen_validation\trade_date=2026-07-17\exchange=NSE\symbol=BRITANNIA\part-055642_966057-018055.parquet,34298,downloaded,34298,
2026-07-17,NSE,BRITANNIA,raw_l2/trade_date=2026-07-17/exchange=NSE/symbol=BRITANNIA/part-055807_237059-018247.parquet,real_data_sample\l2_unseen_validation\trade_date=2026-07-17\exchange=NSE\symbol=BRITANNIA\part-055807_237059-018247.parquet,34388,downloaded,34388,
2026-07-17,NSE,BRITANNIA,raw_l2/trade_date=2026-07-17/exchange=NSE/symbol=BRITANNIA/part-055725_005025-018151.parquet,real_data_sample\l2_unseen_validation\trade_date=2026-07-17\exchange=NSE\symbol=BRITANNIA\part-055725_005025-018151.parquet,34782,downloaded,34782,
2026-07-17,NSE,BRITANNIA,raw_l2/trade_date=2026-07-17/exchange=NSE/symbol=BRITANNIA/part-055518_470769-017863.parquet,real_data_sample\l2_unseen_validation\trade_date=2026-07-17\exchange=NSE\symbol=BRITANNIA\part-055518_470769-017863.parquet,34576,downloaded,34576,
2026-07-17,NSE,BRITANNIA,raw_l2/trade_date=2026-07-17/exchange=NSE/symbol=BRITANNIA/part-055614_763648-017991.parquet,real_data_sample\l2_unseen_validation\trade_date=2026-07-17\exchange=NSE\symbol=BRITANNIA\part-055614_763648-017991.parquet,34729,downloaded,34729,
2026-07-17,NSE,BRITANNIA,raw_l2/trade_date=2026-07-17/exchange=NSE/symbol=BRITANNIA/part-055546_480818-017927.parquet,real_data_sample\l2_unseen_validation\trade_date=2026-07-17\exchange=NSE\symbol=BRITANNIA\part-055546_480818-017927.parquet,34770,downloaded,34770,
2026-07-17,NSE,BRITANNIA,raw_l2/trade_date=2026-07-17/exchange=NSE/symbol=BRITANNIA/part-055450_534293-017799.parquet,real_data_sample\l2_unseen_validation\trade_date=2026-07-17\exchange=NSE\symbol=BRITANNIA\part-055450_534293-017799.parquet,34528,downloaded,34528,
2026-07-17,NSE,BRITANNIA,raw_l2/trade_date=2026-07-17/exchange=NSE/symbol=BRITANNIA/part-055532_529280-017895.parquet,real_data_sample\l2_unseen_validation\trade_date=2026-07-17\exchange=NSE\symbol=BRITANNIA\part-055532_529280-017895.parquet,34523,downloaded,34523,
2026-07-17,NSE,BRITANNIA,raw_l2/trade_date=2026-07-17/exchange=NSE/symbol=BRITANNIA/part-055600_529840-017959.parquet,real_data_sample\l2_unseen_validation\trade_date=2026-07-17\exchange=NSE\symbol=BRITANNIA\part-055600_529840-017959.parquet,34745,downloaded,34745,
2026-07-17,NSE,BRITANNIA,raw_l2/trade_date=2026-07-17/exchange=NSE/symbol=BRITANNIA/part-055753_246810-018215.parquet,real_data_sample\l2_unseen_validation\trade_date=2026-07-17\exchange=NSE\symbol=BRITANNIA\part-055753_246810-018215.parquet,34565,downloaded,34565,
2026-07-17,NSE,BRITANNIA,raw_l2/trade_date=2026-07-17/exchange=NSE/symbol=BRITANNIA/part-055739_260962-018183.parquet,real_data_sample\l2_unseen_validation\trade_date=2026-07-17\exchange=NSE\symbol=BRITANNIA\part-055739_260962-018183.parquet,34358,downloaded,34358,
2026-07-17,NSE,BRITANNIA,raw_l2/trade_date=2026-07-17/exchange=NSE/symbol=BRITANNIA/part-055835_514795-018311.parquet,real_data_sample\l2_unseen_validation\trade_date=2026-07-17\exchange=NSE\symbol=BRITANNIA\part-055835_514795-018311.parquet,34564,downloaded,34564,
2026-07-17,NSE,BRITANNIA,raw_l2/trade_date=2026-07-17/exchange=NSE/symbol=BRITANNIA/part-055656_990194-018087.parquet,real_data_sample\l2_unseen_validation\trade_date=2026-07-17\exchange=NSE\symbol=BRITANNIA\part-055656_990194-018087.parquet,34307,downloaded,34307,
2026-07-17,NSE,BRITANNIA,raw_l2/trade_date=2026-07-17/exchange=NSE/symbol=BRITANNIA/part-055821_266339-018279.parquet,real_data_sample\l2_unseen_validation\trade_date=2026-07-17\exchange=NSE\symbol=BRITANNIA\part-055821_266339-018279.parquet,34502,downloaded,34502,
2026-07-17,NSE,BRITANNIA,raw_l2/trade_date=2026-07-17/exchange=NSE/symbol=BRITANNIA/part-055849_812753-018343.parquet,real_data_sample\l2_unseen_validation\trade_date=2026-07-17\exchange=NSE\symbol=BRITANNIA\part-055849_812753-018343.parquet,34366,downloaded,34366,
2026-07-17,NSE,BRITANNIA,raw_l2/trade_date=2026-07-17/exchange=NSE/symbol=BRITANNIA/part-055628_738851-018023.parquet,real_data_sample\l2_unseen_validation\trade_date=2026-07-17\exchange=NSE\symbol=BRITANNIA\part-055628_738851-018023.parquet,34437,downloaded,34437,
2026-07-17,NSE,BRITANNIA,raw_l2/trade_date=2026-07-17/exchange=NSE/symbol=BRITANNIA/part-060111_991482-018663.parquet,real_data_sample\l2_unseen_validation\trade_date=2026-07-17\exchange=NSE\symbol=BRITANNIA\part-060111_991482-018663.parquet,34684,downloaded,34684,
2026-07-17,NSE,BRITANNIA,raw_l2/trade_date=2026-07-17/exchange=NSE/symbol=BRITANNIA/part-060443_489603-019143.parquet,real_data_sample\l2_unseen_validation\trade_date=2026-07-17\exchange=NSE\symbol=BRITANNIA\part-060443_489603-019143.parquet,34389,downloaded,34389,
2026-07-17,NSE,BRITANNIA,raw_l2/trade_date=2026-07-17/exchange=NSE/symbol=BRITANNIA/part-060539_750162-019271.parquet,real_data_sample\l2_unseen_validation\trade_date=2026-07-17\exchange=NSE\symbol=BRITANNIA\part-060539_750162-019271.parquet,34380,downloaded,34380,
2026-07-17,NSE,BRITANNIA,raw_l2/trade_date=2026-07-17/exchange=NSE/symbol=BRITANNIA/part-060649_551822-019431.parquet,real_data_sample\l2_unseen_validation\trade_date=2026-07-17\exchange=NSE\symbol=BRITANNIA\part-060649_551822-019431.parquet,34543,downloaded,34543,
2026-07-17,NSE,BRITANNIA,raw_l2/trade_date=2026-07-17/exchange=NSE/symbol=BRITANNIA/part-060140_046006-018727.parquet,real_data_sample\l2_unseen_validation\trade_date=2026-07-17\exchange=NSE\symbol=BRITANNIA\part-060140_046006-018727.parquet,34527,downloaded,34527,
2026-07-17,NSE,BRITANNIA,raw_l2/trade_date=2026-07-17/exchange=NSE/symbol=BRITANNIA/part-060457_459811-019175.parquet,real_data_sample\l2_unseen_validation\trade_date=2026-07-17\exchange=NSE\symbol=BRITANNIA\part-060457_459811-019175.parquet,34426,downloaded,34426,
2026-07-17,NSE,BRITANNIA,raw_l2/trade_date=2026-07-17/exchange=NSE/symbol=BRITANNIA/part-060236_476492-018855.parquet,real_data_sample\l2_unseen_validation\trade_date=2026-07-17\exchange=NSE\symbol=BRITANNIA\part-060236_476492-018855.parquet,34670,downloaded,34670,
2026-07-17,NSE,BRITANNIA,raw_l2/trade_date=2026-07-17/exchange=NSE/symbol=BRITANNIA/part-060318_744020-018951.parquet,real_data_sample\l2_unseen_validation\trade_date=2026-07-17\exchange=NSE\symbol=BRITANNIA\part-060318_744020-018951.parquet,34612,downloaded,34612,
2026-07-17,NSE,BRITANNIA,raw_l2/trade_date=2026-07-17/exchange=NSE/symbol=BRITANNIA/part-060222_480598-018823.parquet,real_data_sample\l2_unseen_validation\trade_date=2026-07-17\exchange=NSE\symbol=BRITANNIA\part-060222_480598-018823.parquet,34516,downloaded,34516,
2026-07-17,NSE,BRITANNIA,raw_l2/trade_date=2026-07-17/exchange=NSE/symbol=BRITANNIA/part-060553_717464-019303.parquet,real_data_sample\l2_unseen_validation\trade_date=2026-07-17\exchange=NSE\symbol=BRITANNIA\part-060553_717464-019303.parquet,34599,downloaded,34599,
2026-07-17,NSE,BRITANNIA,raw_l2/trade_date=2026-07-17/exchange=NSE/symbol=BRITANNIA/part-060635_499330-019399.parquet,real_data_sample\l2_unseen_validation\trade_date=2026-07-17\exchange=NSE\symbol=BRITANNIA\part-060635_499330-019399.parquet,34641,downloaded,34641,
2026-07-17,NSE,BRITANNIA,raw_l2/trade_date=2026-07-17/exchange=NSE/symbol=BRITANNIA/part-060154_252180-018759.parquet,real_data_sample\l2_unseen_validation\trade_date=2026-07-17\exchange=NSE\symbol=BRITANNIA\part-060154_252180-018759.parquet,34644,downloaded,34644,
2026-07-17,NSE,BRITANNIA,raw_l2/trade_date=2026-07-17/exchange=NSE/symbol=BRITANNIA/part-060125_945527-018695.parquet,real_data_sample\l2_unseen_validation\trade_date=2026-07-17\exchange=NSE\symbol=BRITANNIA\part-060125_945527-018695.parquet,34655,downloaded,34655,
2026-07-17,NSE,BRITANNIA,raw_l2/trade_date=2026-07-17/exchange=NSE/symbol=BRITANNIA/part-060717_768807-019495.parquet,real_data_sample\l2_unseen_validation\trade_date=2026-07-17\exchange=NSE\symbol=BRITANNIA\part-060717_768807-019495.parquet,34277,downloaded,34277,
2026-07-17,NSE,BRITANNIA,raw_l2/trade_date=2026-07-17/exchange=NSE/symbol=BRITANNIA/part-060250_526904-018887.parquet,real_data_sample\l2_unseen_validation\trade_date=2026-07-17\exchange=NSE\symbol=BRITANNIA\part-060250_526904-018887.parquet,34558,downloaded,34558,
2026-07-17,NSE,BRITANNIA,raw_l2/trade_date=2026-07-17/exchange=NSE/symbol=BRITANNIA/part-060511_491758-019207.parquet,real_data_sample\l2_unseen_validation\trade_date=2026-07-17\exchange=NSE\symbol=BRITANNIA\part-060511_491758-019207.parquet,34098,downloaded,34098,
2026-07-17,NSE,BRITANNIA,raw_l2/trade_date=2026-07-17/exchange=NSE/symbol=BRITANNIA/part-060816_793611-019623.parquet,real_data_sample\l2_unseen_validation\trade_date=2026-07-17\exchange=NSE\symbol=BRITANNIA\part-060816_793611-019623.parquet,34680,downloaded,34680,
2026-07-17,NSE,BRITANNIA,raw_l2/trade_date=2026-07-17/exchange=NSE/symbol=BRITANNIA/part-060429_015485-019111.parquet,real_data_sample\l2_unseen_validation\trade_date=2026-07-17\exchange=NSE\symbol=BRITANNIA\part-060429_015485-019111.parquet,34439,downloaded,34439,
2026-07-17,NSE,BRITANNIA,raw_l2/trade_date=2026-07-17/exchange=NSE/symbol=BRITANNIA/part-060332_757752-018983.parquet,real_data_sample\l2_unseen_validation\trade_date=2026-07-17\exchange=NSE\symbol=BRITANNIA\part-060332_757752-018983.parquet,34465,downloaded,34465,
2026-07-17,NSE,BRITANNIA,raw_l2/trade_date=2026-07-17/exchange=NSE/symbol=BRITANNIA/part-060304_723852-018919.parquet,real_data_sample\l2_unseen_validation\trade_date=2026-07-17\exchange=NSE\symbol=BRITANNIA\part-060304_723852-018919.parquet,34603,downloaded,34603,
2026-07-17,NSE,BRITANNIA,raw_l2/trade_date=2026-07-17/exchange=NSE/symbol=BRITANNIA/part-060525_500521-019239.parquet,real_data_sample\l2_unseen_validation\trade_date=2026-07-17\exchange=NSE\symbol=BRITANNIA\part-060525_500521-019239.parquet,34604,downloaded,34604,
2026-07-17,NSE,BRITANNIA,raw_l2/trade_date=2026-07-17/exchange=NSE/symbol=BRITANNIA/part-060621_476839-019367.parquet,real_data_sample\l2_unseen_validation\trade_date=2026-07-17\exchange=NSE\symbol=BRITANNIA\part-060621_476839-019367.parquet,34480,downloaded,34480,
2026-07-17,NSE,BRITANNIA,raw_l2/trade_date=2026-07-17/exchange=NSE/symbol=BRITANNIA/part-060208_220756-018791.parquet,real_data_sample\l2_unseen_validation\trade_date=2026-07-17\exchange=NSE\symbol=BRITANNIA\part-060208_220756-018791.parquet,34663,downloaded,34663,
2026-07-17,NSE,BRITANNIA,raw_l2/trade_date=2026-07-17/exchange=NSE/symbol=BRITANNIA/part-060801_260750-019591.parquet,real_data_sample\l2_unseen_validation\trade_date=2026-07-17\exchange=NSE\symbol=BRITANNIA\part-060801_260750-019591.parquet,34675,downloaded,34675,
2026-07-17,NSE,BRITANNIA,raw_l2/trade_date=2026-07-17/exchange=NSE/symbol=BRITANNIA/part-060831_322979-019655.parquet,real_data_sample\l2_unseen_validation\trade_date=2026-07-17\exchange=NSE\symbol=BRITANNIA\part-060831_322979-019655.parquet,34394,downloaded,34394,
2026-07-17,NSE,BRITANNIA,raw_l2/trade_date=2026-07-17/exchange=NSE/symbol=BRITANNIA/part-060400_747085-019047.parquet,real_data_sample\l2_unseen_validation\trade_date=2026-07-17\exchange=NSE\symbol=BRITANNIA\part-060400_747085-019047.parquet,34666,downloaded,34666,
2026-07-17,NSE,BRITANNIA,raw_l2/trade_date=2026-07-17/exchange=NSE/symbol=BRITANNIA/part-060346_773501-019015.parquet,real_data_sample\l2_unseen_validation\trade_date=2026-07-17\exchange=NSE\symbol=BRITANNIA\part-060346_773501-019015.parquet,34662,downloaded,34662,
2026-07-17,NSE,BRITANNIA,raw_l2/trade_date=2026-07-17/exchange=NSE/symbol=BRITANNIA/part-060746_294166-019559.parquet,real_data_sample\l2_unseen_validation\trade_date=2026-07-17\exchange=NSE\symbol=BRITANNIA\part-060746_294166-019559.parquet,34312,downloaded,34312,
2026-07-17,NSE,BRITANNIA,raw_l2/trade_date=2026-07-17/exchange=NSE/symbol=BRITANNIA/part-060607_698302-019335.parquet,real_data_sample\l2_unseen_validation\trade_date=2026-07-17\exchange=NSE\symbol=BRITANNIA\part-060607_698302-019335.parquet,34751,downloaded,34751,
2026-07-17,NSE,BRITANNIA,raw_l2/trade_date=2026-07-17/exchange=NSE/symbol=BRITANNIA/part-060703_731663-019463.parquet,real_data_sample\l2_unseen_validation\trade_date=2026-07-17\exchange=NSE\symbol=BRITANNIA\part-060703_731663-019463.parquet,34631,downloaded,34631,
2026-07-17,NSE,BRITANNIA,raw_l2/trade_date=2026-07-17/exchange=NSE/symbol=BRITANNIA/part-060845_680730-019687.parquet,real_data_sample\l2_unseen_validation\trade_date=2026-07-17\exchange=NSE\symbol=BRITANNIA\part-060845_680730-019687.parquet,34707,downloaded,34707,
2026-07-17,NSE,BRITANNIA,raw_l2/trade_date=2026-07-17/exchange=NSE/symbol=BRITANNIA/part-060732_002925-019527.parquet,real_data_sample\l2_unseen_validation\trade_date=2026-07-17\exchange=NSE\symbol=BRITANNIA\part-060732_002925-019527.parquet,34350,downloaded,34350,
2026-07-17,NSE,BRITANNIA,raw_l2/trade_date=2026-07-17/exchange=NSE/symbol=BRITANNIA/part-060414_726927-019079.parquet,real_data_sample\l2_unseen_validation\trade_date=2026-07-17\exchange=NSE\symbol=BRITANNIA\part-060414_726927-019079.parquet,34392,downloaded,34392,
2026-07-17,NSE,BRITANNIA,raw_l2/trade_date=2026-07-17/exchange=NSE/symbol=BRITANNIA/part-060928_490556-019783.parquet,real_data_sample\l2_unseen_validation\trade_date=2026-07-17\exchange=NSE\symbol=BRITANNIA\part-060928_490556-019783.parquet,34283,downloaded,34283,
2026-07-17,NSE,BRITANNIA,raw_l2/trade_date=2026-07-17/exchange=NSE/symbol=BRITANNIA/part-061333_001761-020327.parquet,real_data_sample\l2_unseen_validation\trade_date=2026-07-17\exchange=NSE\symbol=BRITANNIA\part-061333_001761-020327.parquet,34649,downloaded,34649,
2026-07-17,NSE,BRITANNIA,raw_l2/trade_date=2026-07-17/exchange=NSE/symbol=BRITANNIA/part-061025_720353-019911.parquet,real_data_sample\l2_unseen_validation\trade_date=2026-07-17\exchange=NSE\symbol=BRITANNIA\part-061025_720353-019911.parquet,34751,downloaded,34751,
2026-07-17,NSE,BRITANNIA,raw_l2/trade_date=2026-07-17/exchange=NSE/symbol=BRITANNIA/part-061528_039287-020583.parquet,real_data_sample\l2_unseen_validation\trade_date=2026-07-17\exchange=NSE\symbol=BRITANNIA\part-061528_039287-020583.parquet,34547,downloaded,34547,
2026-07-17,NSE,BRITANNIA,raw_l2/trade_date=2026-07-17/exchange=NSE/symbol=BRITANNIA/part-061039_968402-019943.parquet,real_data_sample\l2_unseen_validation\trade_date=2026-07-17\exchange=NSE\symbol=BRITANNIA\part-061039_968402-019943.parquet,34644,downloaded,34644,
2026-07-17,NSE,BRITANNIA,raw_l2/trade_date=2026-07-17/exchange=NSE/symbol=BRITANNIA/part-060942_953330-019815.parquet,real_data_sample\l2_unseen_validation\trade_date=2026-07-17\exchange=NSE\symbol=BRITANNIA\part-060942_953330-019815.parquet,34502,downloaded,34502,
2026-07-17,NSE,BRITANNIA,raw_l2/trade_date=2026-07-17/exchange=NSE/symbol=BRITANNIA/part-061318_730452-020295.parquet,real_data_sample\l2_unseen_validation\trade_date=2026-07-17\exchange=NSE\symbol=BRITANNIA\part-061318_730452-020295.parquet,34385,downloaded,34385,
2026-07-17,NSE,BRITANNIA,raw_l2/trade_date=2026-07-17/exchange=NSE/symbol=BRITANNIA/part-061249_811843-020231.parquet,real_data_sample\l2_unseen_validation\trade_date=2026-07-17\exchange=NSE\symbol=BRITANNIA\part-061249_811843-020231.parquet,34849,downloaded,34849,
2026-07-17,NSE,BRITANNIA,raw_l2/trade_date=2026-07-17/exchange=NSE/symbol=BRITANNIA/part-061542_246953-020615.parquet,real_data_sample\l2_unseen_validation\trade_date=2026-07-17\exchange=NSE\symbol=BRITANNIA\part-061542_246953-020615.parquet,34565,downloaded,34565,
2026-07-17,NSE,BRITANNIA,raw_l2/trade_date=2026-07-17/exchange=NSE/symbol=BRITANNIA/part-061304_242828-020263.parquet,real_data_sample\l2_unseen_validation\trade_date=2026-07-17\exchange=NSE\symbol=BRITANNIA\part-061304_242828-020263.parquet,34748,downloaded,34748,
2026-07-17,NSE,BRITANNIA,raw_l2/trade_date=2026-07-17/exchange=NSE/symbol=BRITANNIA/part-061459_055399-020519.parquet,real_data_sample\l2_unseen_validation\trade_date=2026-07-17\exchange=NSE\symbol=BRITANNIA\part-061459_055399-020519.parquet,34225,downloaded,34225,
2026-07-17,NSE,BRITANNIA,raw_l2/trade_date=2026-07-17/exchange=NSE/symbol=BRITANNIA/part-061206_519947-020135.parquet,real_data_sample\l2_unseen_validation\trade_date=2026-07-17\exchange=NSE\symbol=BRITANNIA\part-061206_519947-020135.parquet,34291,downloaded,34291,
2026-07-17,NSE,BRITANNIA,raw_l2/trade_date=2026-07-17/exchange=NSE/symbol=BRITANNIA/part-061513_543867-020551.parquet,real_data_sample\l2_unseen_validation\trade_date=2026-07-17\exchange=NSE\symbol=BRITANNIA\part-061513_543867-020551.parquet,34417,downloaded,34417,
2026-07-17,NSE,BRITANNIA,raw_l2/trade_date=2026-07-17/exchange=NSE/symbol=BRITANNIA/part-061011_452414-019879.parquet,real_data_sample\l2_unseen_validation\trade_date=2026-07-17\exchange=NSE\symbol=BRITANNIA\part-061011_452414-019879.parquet,34765,downloaded,34765,
2026-07-17,NSE,BRITANNIA,raw_l2/trade_date=2026-07-17/exchange=NSE/symbol=BRITANNIA/part-060859_978393-019719.parquet,real_data_sample\l2_unseen_validation\trade_date=2026-07-17\exchange=NSE\symbol=BRITANNIA\part-060859_978393-019719.parquet,34670,downloaded,34670,
2026-07-17,NSE,BRITANNIA,raw_l2/trade_date=2026-07-17/exchange=NSE/symbol=BRITANNIA/part-061220_993408-020167.parquet,real_data_sample\l2_unseen_validation\trade_date=2026-07-17\exchange=NSE\symbol=BRITANNIA\part-061220_993408-020167.parquet,34955,downloaded,34955,
2026-07-17,NSE,BRITANNIA,raw_l2/trade_date=2026-07-17/exchange=NSE/symbol=BRITANNIA/part-061152_062312-020103.parquet,real_data_sample\l2_unseen_validation\trade_date=2026-07-17\exchange=NSE\symbol=BRITANNIA\part-061152_062312-020103.parquet,34301,downloaded,34301,
2026-07-17,NSE,BRITANNIA,raw_l2/trade_date=2026-07-17/exchange=NSE/symbol=BRITANNIA/part-060914_018490-019751.parquet,real_data_sample\l2_unseen_validation\trade_date=2026-07-17\exchange=NSE\symbol=BRITANNIA\part-060914_018490-019751.parquet,34383,downloaded,34383,
2026-07-17,NSE,BRITANNIA,raw_l2/trade_date=2026-07-17/exchange=NSE/symbol=BRITANNIA/part-060957_035471-019847.parquet,real_data_sample\l2_unseen_validation\trade_date=2026-07-17\exchange=NSE\symbol=BRITANNIA\part-060957_035471-019847.parquet,34700,downloaded,34700,
2026-07-17,NSE,BRITANNIA,raw_l2/trade_date=2026-07-17/exchange=NSE/symbol=BRITANNIA/part-061235_507691-020199.parquet,real_data_sample\l2_unseen_validation\trade_date=2026-07-17\exchange=NSE\symbol=BRITANNIA\part-061235_507691-020199.parquet,34634,downloaded,34634,
2026-07-17,NSE,BRITANNIA,raw_l2/trade_date=2026-07-17/exchange=NSE/symbol=BRITANNIA/part-061137_483381-020071.parquet,real_data_sample\l2_unseen_validation\trade_date=2026-07-17\exchange=NSE\symbol=BRITANNIA\part-061137_483381-020071.parquet,34661,downloaded,34661,
2026-07-17,NSE,BRITANNIA,raw_l2/trade_date=2026-07-17/exchange=NSE/symbol=BRITANNIA/part-061054_420521-019975.parquet,real_data_sample\l2_unseen_validation\trade_date=2026-07-17\exchange=NSE\symbol=BRITANNIA\part-061054_420521-019975.parquet,34510,downloaded,34510,
2026-07-17,NSE,BRITANNIA,raw_l2/trade_date=2026-07-17/exchange=NSE/symbol=BRITANNIA/part-061123_217087-020039.parquet,real_data_sample\l2_unseen_validation\trade_date=2026-07-17\exchange=NSE\symbol=BRITANNIA\part-061123_217087-020039.parquet,34507,downloaded,34507,
2026-07-17,NSE,BRITANNIA,raw_l2/trade_date=2026-07-17/exchange=NSE/symbol=BRITANNIA/part-061347_495065-020359.parquet,real_data_sample\l2_unseen_validation\trade_date=2026-07-17\exchange=NSE\symbol=BRITANNIA\part-061347_495065-020359.parquet,34499,downloaded,34499,
2026-07-17,NSE,BRITANNIA,raw_l2/trade_date=2026-07-17/exchange=NSE/symbol=BRITANNIA/part-061108_993883-020007.parquet,real_data_sample\l2_unseen_validation\trade_date=2026-07-17\exchange=NSE\symbol=BRITANNIA\part-061108_993883-020007.parquet,34663,downloaded,34663,
2026-07-17,NSE,BRITANNIA,raw_l2/trade_date=2026-07-17/exchange=NSE/symbol=BRITANNIA/part-061401_789625-020391.parquet,real_data_sample\l2_unseen_validation\trade_date=2026-07-17\exchange=NSE\symbol=BRITANNIA\part-061401_789625-020391.parquet,34661,downloaded,34661,
2026-07-17,NSE,BRITANNIA,raw_l2/trade_date=2026-07-17/exchange=NSE/symbol=BRITANNIA/part-061444_713130-020487.parquet,real_data_sample\l2_unseen_validation\trade_date=2026-07-17\exchange=NSE\symbol=BRITANNIA\part-061444_713130-020487.parquet,34782,downloaded,34782,
2026-07-17,NSE,BRITANNIA,raw_l2/trade_date=2026-07-17/exchange=NSE/symbol=BRITANNIA/part-061416_046864-020423.parquet,real_data_sample\l2_unseen_validation\trade_date=2026-07-17\exchange=NSE\symbol=BRITANNIA\part-061416_046864-020423.parquet,34651,downloaded,34651,
2026-07-17,NSE,BRITANNIA,raw_l2/trade_date=2026-07-17/exchange=NSE/symbol=BRITANNIA/part-061430_495807-020455.parquet,real_data_sample\l2_unseen_validation\trade_date=2026-07-17\exchange=NSE\symbol=BRITANNIA\part-061430_495807-020455.parquet,34664,downloaded,34664,
2026-07-17,NSE,BRITANNIA,raw_l2/trade_date=2026-07-17/exchange=NSE/symbol=BRITANNIA/part-061626_983375-020711.parquet,real_data_sample\l2_unseen_validation\trade_date=2026-07-17\exchange=NSE\symbol=BRITANNIA\part-061626_983375-020711.parquet,34504,downloaded,34504,
2026-07-17,NSE,BRITANNIA,raw_l2/trade_date=2026-07-17/exchange=NSE/symbol=BRITANNIA/part-061611_430121-020679.parquet,real_data_sample\l2_unseen_validation\trade_date=2026-07-17\exchange=NSE\symbol=BRITANNIA\part-061611_430121-020679.parquet,34757,downloaded,34757,
2026-07-17,NSE,BRITANNIA,raw_l2/trade_date=2026-07-17/exchange=NSE/symbol=BRITANNIA/part-061556_763507-020647.parquet,real_data_sample\l2_unseen_validation\trade_date=2026-07-17\exchange=NSE\symbol=BRITANNIA\part-061556_763507-020647.parquet,34687,downloaded,34687,
2026-07-17,NSE,BRITANNIA,raw_l2/trade_date=2026-07-17/exchange=NSE/symbol=BRITANNIA/part-061751_894761-020903.parquet,real_data_sample\l2_unseen_validation\trade_date=2026-07-17\exchange=NSE\symbol=BRITANNIA\part-061751_894761-020903.parquet,34693,downloaded,34693,
2026-07-17,NSE,BRITANNIA,raw_l2/trade_date=2026-07-17/exchange=NSE/symbol=BRITANNIA/part-061641_227326-020743.parquet,real_data_sample\l2_unseen_validation\trade_date=2026-07-17\exchange=NSE\symbol=BRITANNIA\part-061641_227326-020743.parquet,34314,downloaded,34314,
2026-07-17,NSE,BRITANNIA,raw_l2/trade_date=2026-07-17/exchange=NSE/symbol=BRITANNIA/part-062252_963935-021575.parquet,real_data_sample\l2_unseen_validation\trade_date=2026-07-17\exchange=NSE\symbol=BRITANNIA\part-062252_963935-021575.parquet,34654,downloaded,34654,
2026-07-17,NSE,BRITANNIA,raw_l2/trade_date=2026-07-17/exchange=NSE/symbol=BRITANNIA/part-062335_998463-021671.parquet,real_data_sample\l2_unseen_validation\trade_date=2026-07-17\exchange=NSE\symbol=BRITANNIA\part-062335_998463-021671.parquet,34414,downloaded,34414,
2026-07-17,NSE,BRITANNIA,raw_l2/trade_date=2026-07-17/exchange=NSE/symbol=BRITANNIA/part-062307_332417-021607.parquet,real_data_sample\l2_unseen_validation\trade_date=2026-07-17\exchange=NSE\symbol=BRITANNIA\part-062307_332417-021607.parquet,34515,downloaded,34515,
2026-07-17,NSE,BRITANNIA,raw_l2/trade_date=2026-07-17/exchange=NSE/symbol=BRITANNIA/part-062418_190590-021767.parquet,real_data_sample\l2_unseen_validation\trade_date=2026-07-17\exchange=NSE\symbol=BRITANNIA\part-062418_190590-021767.parquet,34475,downloaded,34475,
2026-07-17,NSE,BRITANNIA,raw_l2/trade_date=2026-07-17/exchange=NSE/symbol=BRITANNIA/part-062432_222619-021799.parquet,real_data_sample\l2_unseen_validation\trade_date=2026-07-17\exchange=NSE\symbol=BRITANNIA\part-062432_222619-021799.parquet,34620,downloaded,34620,
2026-07-17,NSE,BRITANNIA,raw_l2/trade_date=2026-07-17/exchange=NSE/symbol=BRITANNIA/part-062446_445308-021831.parquet,real_data_sample\l2_unseen_validation\trade_date=2026-07-17\exchange=NSE\symbol=BRITANNIA\part-062446_445308-021831.parquet,34466,downloaded,34466,
2026-07-17,NSE,BRITANNIA,raw_l2/trade_date=2026-07-17/exchange=NSE/symbol=BRITANNIA/part-062500_581054-021863.parquet,real_data_sample\l2_unseen_validation\trade_date=2026-07-17\exchange=NSE\symbol=BRITANNIA\part-062500_581054-021863.parquet,34593,downloaded,34593,
2026-07-17,NSE,BRITANNIA,raw_l2/trade_date=2026-07-17/exchange=NSE/symbol=BRITANNIA/part-062514_911985-021895.parquet,real_data_sample\l2_unseen_validation\trade_date=2026-07-17\exchange=NSE\symbol=BRITANNIA\part-062514_911985-021895.parquet,34532,downloaded,34532,
2026-07-17,NSE,BRITANNIA,raw_l2/trade_date=2026-07-17/exchange=NSE/symbol=BRITANNIA/part-062556_686987-021991.parquet,real_data_sample\l2_unseen_validation\trade_date=2026-07-17\exchange=NSE\symbol=BRITANNIA\part-062556_686987-021991.parquet,34647,downloaded,34647,
2026-07-17,NSE,BRITANNIA,raw_l2/trade_date=2026-07-17/exchange=NSE/symbol=BRITANNIA/part-062528_707718-021927.parquet,real_data_sample\l2_unseen_validation\trade_date=2026-07-17\exchange=NSE\symbol=BRITANNIA\part-062528_707718-021927.parquet,34629,downloaded,34629,
2026-07-17,NSE,BRITANNIA,raw_l2/trade_date=2026-07-17/exchange=NSE/symbol=BRITANNIA/part-062542_697585-021959.parquet,real_data_sample\l2_unseen_validation\trade_date=2026-07-17\exchange=NSE\symbol=BRITANNIA\part-062542_697585-021959.parquet,34721,downloaded,34721,
2026-07-17,NSE,BRITANNIA,raw_l2/trade_date=2026-07-17/exchange=NSE/symbol=BRITANNIA/part-062610_722078-022023.parquet,real_data_sample\l2_unseen_validation\trade_date=2026-07-17\exchange=NSE\symbol=BRITANNIA\part-062610_722078-022023.parquet,34837,downloaded,34837,
2026-07-17,NSE,BRITANNIA,raw_l2/trade_date=2026-07-17/exchange=NSE/symbol=BRITANNIA/part-062624_703515-022055.parquet,real_data_sample\l2_unseen_validation\trade_date=2026-07-17\exchange=NSE\symbol=BRITANNIA\part-062624_703515-022055.parquet,34526,downloaded,34526,
2026-07-17,NSE,BRITANNIA,raw_l2/trade_date=2026-07-17/exchange=NSE/symbol=BRITANNIA/part-062321_728181-021639.parquet,real_data_sample\l2_unseen_validation\trade_date=2026-07-17\exchange=NSE\symbol=BRITANNIA\part-062321_728181-021639.parquet,34687,downloaded,34687,
2026-07-17,NSE,BRITANNIA,raw_l2/trade_date=2026-07-17/exchange=NSE/symbol=BRITANNIA/part-062653_239925-022119.parquet,real_data_sample\l2_unseen_validation\trade_date=2026-07-17\exchange=NSE\symbol=BRITANNIA\part-062653_239925-022119.parquet,34307,downloaded,34307,
2026-07-17,NSE,BRITANNIA,raw_l2/trade_date=2026-07-17/exchange=NSE/symbol=BRITANNIA/part-062707_223723-022151.parquet,real_data_sample\l2_unseen_validation\trade_date=2026-07-17\exchange=NSE\symbol=BRITANNIA\part-062707_223723-022151.parquet,34523,downloaded,34523,
2026-07-17,NSE,BRITANNIA,raw_l2/trade_date=2026-07-17/exchange=NSE/symbol=BRITANNIA/part-062638_955283-022087.parquet,real_data_sample\l2_unseen_validation\trade_date=2026-07-17\exchange=NSE\symbol=BRITANNIA\part-062638_955283-022087.parquet,34614,downloaded,34614,
2026-07-17,NSE,BRITANNIA,raw_l2/trade_date=2026-07-17/exchange=NSE/symbol=BRITANNIA/part-062722_018638-022183.parquet,real_data_sample\l2_unseen_validation\trade_date=2026-07-17\exchange=NSE\symbol=BRITANNIA\part-062722_018638-022183.parquet,34704,downloaded,34704,
2026-07-17,NSE,BRITANNIA,raw_l2/trade_date=2026-07-17/exchange=NSE/symbol=BRITANNIA/part-062736_148416-022215.parquet,real_data_sample\l2_unseen_validation\trade_date=2026-07-17\exchange=NSE\symbol=BRITANNIA\part-062736_148416-022215.parquet,34597,downloaded,34597,
2026-07-17,NSE,BRITANNIA,raw_l2/trade_date=2026-07-17/exchange=NSE/symbol=BRITANNIA/part-062804_727893-022279.parquet,real_data_sample\l2_unseen_validation\trade_date=2026-07-17\exchange=NSE\symbol=BRITANNIA\part-062804_727893-022279.parquet,34515,downloaded,34515,
2026-07-17,NSE,BRITANNIA,raw_l2/trade_date=2026-07-17/exchange=NSE/symbol=BRITANNIA/part-062750_457658-022247.parquet,real_data_sample\l2_unseen_validation\trade_date=2026-07-17\exchange=NSE\symbol=BRITANNIA\part-062750_457658-022247.parquet,34599,downloaded,34599,
2026-07-17,NSE,BRITANNIA,raw_l2/trade_date=2026-07-17/exchange=NSE/symbol=BRITANNIA/part-062819_258327-022311.parquet,real_data_sample\l2_unseen_validation\trade_date=2026-07-17\exchange=NSE\symbol=BRITANNIA\part-062819_258327-022311.parquet,34482,downloaded,34482,
2026-07-17,NSE,BRITANNIA,raw_l2/trade_date=2026-07-17/exchange=NSE/symbol=BRITANNIA/part-062833_173806-022343.parquet,real_data_sample\l2_unseen_validation\trade_date=2026-07-17\exchange=NSE\symbol=BRITANNIA\part-062833_173806-022343.parquet,34544,downloaded,34544,
2026-07-17,NSE,BRITANNIA,raw_l2/trade_date=2026-07-17/exchange=NSE/symbol=BRITANNIA/part-062847_491043-022375.parquet,real_data_sample\l2_unseen_validation\trade_date=2026-07-17\exchange=NSE\symbol=BRITANNIA\part-062847_491043-022375.parquet,34518,downloaded,34518,
2026-07-17,NSE,BRITANNIA,raw_l2/trade_date=2026-07-17/exchange=NSE/symbol=BRITANNIA/part-062901_441504-022407.parquet,real_data_sample\l2_unseen_validation\trade_date=2026-07-17\exchange=NSE\symbol=BRITANNIA\part-062901_441504-022407.parquet,34517,downloaded,34517,
2026-07-17,NSE,BRITANNIA,raw_l2/trade_date=2026-07-17/exchange=NSE/symbol=BRITANNIA/part-062915_469262-022439.parquet,real_data_sample\l2_unseen_validation\trade_date=2026-07-17\exchange=NSE\symbol=BRITANNIA\part-062915_469262-022439.parquet,34828,downloaded,34828,
2026-07-17,NSE,BRITANNIA,raw_l2/trade_date=2026-07-17/exchange=NSE/symbol=BRITANNIA/part-062944_692492-022503.parquet,real_data_sample\l2_unseen_validation\trade_date=2026-07-17\exchange=NSE\symbol=BRITANNIA\part-062944_692492-022503.parquet,34846,downloaded,34846,
2026-07-17,NSE,BRITANNIA,raw_l2/trade_date=2026-07-17/exchange=NSE/symbol=BRITANNIA/part-062930_492916-022471.parquet,real_data_sample\l2_unseen_validation\trade_date=2026-07-17\exchange=NSE\symbol=BRITANNIA\part-062930_492916-022471.parquet,34497,downloaded,34497,
2026-07-17,NSE,BRITANNIA,raw_l2/trade_date=2026-07-17/exchange=NSE/symbol=BRITANNIA/part-062959_189832-022535.parquet,real_data_sample\l2_unseen_validation\trade_date=2026-07-17\exchange=NSE\symbol=BRITANNIA\part-062959_189832-022535.parquet,34703,downloaded,34703,
2026-07-17,NSE,BRITANNIA,raw_l2/trade_date=2026-07-17/exchange=NSE/symbol=BRITANNIA/part-063013_726213-022567.parquet,real_data_sample\l2_unseen_validation\trade_date=2026-07-17\exchange=NSE\symbol=BRITANNIA\part-063013_726213-022567.parquet,34721,downloaded,34721,
2026-07-17,NSE,BRITANNIA,raw_l2/trade_date=2026-07-17/exchange=NSE/symbol=BRITANNIA/part-062210_063021-021479.parquet,real_data_sample\l2_unseen_validation\trade_date=2026-07-17\exchange=NSE\symbol=BRITANNIA\part-062210_063021-021479.parquet,34599,downloaded,34599,
2026-07-17,NSE,BRITANNIA,raw_l2/trade_date=2026-07-17/exchange=NSE/symbol=BRITANNIA/part-061806_941447-020935.parquet,real_data_sample\l2_unseen_validation\trade_date=2026-07-17\exchange=NSE\symbol=BRITANNIA\part-061806_941447-020935.parquet,34736,downloaded,34736,
2026-07-17,NSE,BRITANNIA,raw_l2/trade_date=2026-07-17/exchange=NSE/symbol=BRITANNIA/part-061709_467387-020807.parquet,real_data_sample\l2_unseen_validation\trade_date=2026-07-17\exchange=NSE\symbol=BRITANNIA\part-061709_467387-020807.parquet,34704,downloaded,34704,
2026-07-17,NSE,BRITANNIA,raw_l2/trade_date=2026-07-17/exchange=NSE/symbol=BRITANNIA/part-061850_219502-021031.parquet,real_data_sample\l2_unseen_validation\trade_date=2026-07-17\exchange=NSE\symbol=BRITANNIA\part-061850_219502-021031.parquet,34647,downloaded,34647,
2026-07-17,NSE,BRITANNIA,raw_l2/trade_date=2026-07-17/exchange=NSE/symbol=BRITANNIA/part-063027_793719-022599.parquet,real_data_sample\l2_unseen_validation\trade_date=2026-07-17\exchange=NSE\symbol=BRITANNIA\part-063027_793719-022599.parquet,34687,downloaded,34687,
2026-07-17,NSE,BRITANNIA,raw_l2/trade_date=2026-07-17/exchange=NSE/symbol=BRITANNIA/part-063138_690767-022759.parquet,real_data_sample\l2_unseen_validation\trade_date=2026-07-17\exchange=NSE\symbol=BRITANNIA\part-063138_690767-022759.parquet,34426,downloaded,34426,
2026-07-17,NSE,BRITANNIA,raw_l2/trade_date=2026-07-17/exchange=NSE/symbol=BRITANNIA/part-063055_976948-022663.parquet,real_data_sample\l2_unseen_validation\trade_date=2026-07-17\exchange=NSE\symbol=BRITANNIA\part-063055_976948-022663.parquet,34723,downloaded,34723,
2026-07-17,NSE,BRITANNIA,raw_l2/trade_date=2026-07-17/exchange=NSE/symbol=BRITANNIA/part-063124_483976-022727.parquet,real_data_sample\l2_unseen_validation\trade_date=2026-07-17\exchange=NSE\symbol=BRITANNIA\part-063124_483976-022727.parquet,34460,downloaded,34460,
2026-07-17,NSE,BRITANNIA,raw_l2/trade_date=2026-07-17/exchange=NSE/symbol=BRITANNIA/part-063110_345079-022695.parquet,real_data_sample\l2_unseen_validation\trade_date=2026-07-17\exchange=NSE\symbol=BRITANNIA\part-063110_345079-022695.parquet,34395,downloaded,34395,
2026-07-17,NSE,BRITANNIA,raw_l2/trade_date=2026-07-17/exchange=NSE/symbol=BRITANNIA/part-063041_983872-022631.parquet,real_data_sample\l2_unseen_validation\trade_date=2026-07-17\exchange=NSE\symbol=BRITANNIA\part-063041_983872-022631.parquet,34456,downloaded,34456,
2026-07-17,NSE,BRITANNIA,raw_l2/trade_date=2026-07-17/exchange=NSE/symbol=BRITANNIA/part-062044_558502-021287.parquet,real_data_sample\l2_unseen_validation\trade_date=2026-07-17\exchange=NSE\symbol=BRITANNIA\part-062044_558502-021287.parquet,34415,downloaded,34415,
2026-07-17,NSE,BRITANNIA,raw_l2/trade_date=2026-07-17/exchange=NSE/symbol=BRITANNIA/part-062001_494546-021191.parquet,real_data_sample\l2_unseen_validation\trade_date=2026-07-17\exchange=NSE\symbol=BRITANNIA\part-062001_494546-021191.parquet,34572,downloaded,34572,
2026-07-17,NSE,BRITANNIA,raw_l2/trade_date=2026-07-17/exchange=NSE/symbol=BRITANNIA/part-061947_250207-021159.parquet,real_data_sample\l2_unseen_validation\trade_date=2026-07-17\exchange=NSE\symbol=BRITANNIA\part-061947_250207-021159.parquet,34731,downloaded,34731,
2026-07-17,NSE,BRITANNIA,raw_l2/trade_date=2026-07-17/exchange=NSE/symbol=BRITANNIA/part-061737_743115-020871.parquet,real_data_sample\l2_unseen_validation\trade_date=2026-07-17\exchange=NSE\symbol=BRITANNIA\part-061737_743115-020871.parquet,34468,downloaded,34468,
2026-07-17,NSE,BRITANNIA,raw_l2/trade_date=2026-07-17/exchange=NSE/symbol=BRITANNIA/part-061655_212309-020775.parquet,real_data_sample\l2_unseen_validation\trade_date=2026-07-17\exchange=NSE\symbol=BRITANNIA\part-061655_212309-020775.parquet,34237,downloaded,34237,
2026-07-17,NSE,BRITANNIA,raw_l2/trade_date=2026-07-17/exchange=NSE/symbol=BRITANNIA/part-062238_728773-021543.parquet,real_data_sample\l2_unseen_validation\trade_date=2026-07-17\exchange=NSE\symbol=BRITANNIA\part-062238_728773-021543.parquet,34514,downloaded,34514,
2026-07-17,NSE,BRITANNIA,raw_l2/trade_date=2026-07-17/exchange=NSE/symbol=BRITANNIA/part-061835_836519-020999.parquet,real_data_sample\l2_unseen_validation\trade_date=2026-07-17\exchange=NSE\symbol=BRITANNIA\part-061835_836519-020999.parquet,34757,downloaded,34757,
2026-07-17,NSE,BRITANNIA,raw_l2/trade_date=2026-07-17/exchange=NSE/symbol=BRITANNIA/part-062015_694179-021223.parquet,real_data_sample\l2_unseen_validation\trade_date=2026-07-17\exchange=NSE\symbol=BRITANNIA\part-062015_694179-021223.parquet,34587,downloaded,34587,
2026-07-17,NSE,BRITANNIA,raw_l2/trade_date=2026-07-17/exchange=NSE/symbol=BRITANNIA/part-063152_711162-022791.parquet,real_data_sample\l2_unseen_validation\trade_date=2026-07-17\exchange=NSE\symbol=BRITANNIA\part-063152_711162-022791.parquet,34556,downloaded,34556,
2026-07-17,NSE,BRITANNIA,raw_l2/trade_date=2026-07-17/exchange=NSE/symbol=BRITANNIA/part-061821_153423-020967.parquet,real_data_sample\l2_unseen_validation\trade_date=2026-07-17\exchange=NSE\symbol=BRITANNIA\part-061821_153423-020967.parquet,34629,downloaded,34629,
2026-07-17,NSE,BRITANNIA,raw_l2/trade_date=2026-07-17/exchange=NSE/symbol=BRITANNIA/part-062113_582540-021351.parquet,real_data_sample\l2_unseen_validation\trade_date=2026-07-17\exchange=NSE\symbol=BRITANNIA\part-062113_582540-021351.parquet,34582,downloaded,34582,
2026-07-17,NSE,BRITANNIA,raw_l2/trade_date=2026-07-17/exchange=NSE/symbol=BRITANNIA/part-061904_202397-021063.parquet,real_data_sample\l2_unseen_validation\trade_date=2026-07-17\exchange=NSE\symbol=BRITANNIA\part-061904_202397-021063.parquet,34567,downloaded,34567,
2026-07-17,NSE,BRITANNIA,raw_l2/trade_date=2026-07-17/exchange=NSE/symbol=BRITANNIA/part-062155_849385-021447.parquet,real_data_sample\l2_unseen_validation\trade_date=2026-07-17\exchange=NSE\symbol=BRITANNIA\part-062155_849385-021447.parquet,34703,downloaded,34703,
2026-07-17,NSE,BRITANNIA,raw_l2/trade_date=2026-07-17/exchange=NSE/symbol=BRITANNIA/part-062029_738327-021255.parquet,real_data_sample\l2_unseen_validation\trade_date=2026-07-17\exchange=NSE\symbol=BRITANNIA\part-062029_738327-021255.parquet,34760,downloaded,34760,
2026-07-17,NSE,BRITANNIA,raw_l2/trade_date=2026-07-17/exchange=NSE/symbol=BRITANNIA/part-061918_465244-021095.parquet,real_data_sample\l2_unseen_validation\trade_date=2026-07-17\exchange=NSE\symbol=BRITANNIA\part-061918_465244-021095.parquet,34494,downloaded,34494,
2026-07-17,NSE,BRITANNIA,raw_l2/trade_date=2026-07-17/exchange=NSE/symbol=BRITANNIA/part-061723_715779-020839.parquet,real_data_sample\l2_unseen_validation\trade_date=2026-07-17\exchange=NSE\symbol=BRITANNIA\part-061723_715779-020839.parquet,34481,downloaded,34481,
2026-07-17,NSE,BRITANNIA,raw_l2/trade_date=2026-07-17/exchange=NSE/symbol=BRITANNIA/part-062141_667935-021415.parquet,real_data_sample\l2_unseen_validation\trade_date=2026-07-17\exchange=NSE\symbol=BRITANNIA\part-062141_667935-021415.parquet,34739,downloaded,34739,
2026-07-17,NSE,BRITANNIA,raw_l2/trade_date=2026-07-17/exchange=NSE/symbol=BRITANNIA/part-062127_707754-021383.parquet,real_data_sample\l2_unseen_validation\trade_date=2026-07-17\exchange=NSE\symbol=BRITANNIA\part-062127_707754-021383.parquet,34277,downloaded,34277,
2026-07-17,NSE,BRITANNIA,raw_l2/trade_date=2026-07-17/exchange=NSE/symbol=BRITANNIA/part-062403_961049-021735.parquet,real_data_sample\l2_unseen_validation\trade_date=2026-07-17\exchange=NSE\symbol=BRITANNIA\part-062403_961049-021735.parquet,34642,downloaded,34642,
2026-07-17,NSE,BRITANNIA,raw_l2/trade_date=2026-07-17/exchange=NSE/symbol=BRITANNIA/part-062058_987153-021319.parquet,real_data_sample\l2_unseen_validation\trade_date=2026-07-17\exchange=NSE\symbol=BRITANNIA\part-062058_987153-021319.parquet,34564,downloaded,34564,
2026-07-17,NSE,BRITANNIA,raw_l2/trade_date=2026-07-17/exchange=NSE/symbol=BRITANNIA/part-063206_449026-022823.parquet,real_data_sample\l2_unseen_validation\trade_date=2026-07-17\exchange=NSE\symbol=BRITANNIA\part-063206_449026-022823.parquet,34669,downloaded,34669,
2026-07-17,NSE,BRITANNIA,raw_l2/trade_date=2026-07-17/exchange=NSE/symbol=BRITANNIA/part-062224_497368-021511.parquet,real_data_sample\l2_unseen_validation\trade_date=2026-07-17\exchange=NSE\symbol=BRITANNIA\part-062224_497368-021511.parquet,34621,downloaded,34621,
2026-07-17,NSE,BRITANNIA,raw_l2/trade_date=2026-07-17/exchange=NSE/symbol=BRITANNIA/part-063220_451670-022855.parquet,real_data_sample\l2_unseen_validation\trade_date=2026-07-17\exchange=NSE\symbol=BRITANNIA\part-063220_451670-022855.parquet,34540,downloaded,34540,
2026-07-17,NSE,BRITANNIA,raw_l2/trade_date=2026-07-17/exchange=NSE/symbol=BRITANNIA/part-063234_405145-022887.parquet,real_data_sample\l2_unseen_validation\trade_date=2026-07-17\exchange=NSE\symbol=BRITANNIA\part-063234_405145-022887.parquet,34447,downloaded,34447,
2026-07-17,NSE,BRITANNIA,raw_l2/trade_date=2026-07-17/exchange=NSE/symbol=BRITANNIA/part-061933_191281-021127.parquet,real_data_sample\l2_unseen_validation\trade_date=2026-07-17\exchange=NSE\symbol=BRITANNIA\part-061933_191281-021127.parquet,34310,downloaded,34310,
2026-07-17,NSE,BRITANNIA,raw_l2/trade_date=2026-07-17/exchange=NSE/symbol=BRITANNIA/part-063331_312038-023015.parquet,real_data_sample\l2_unseen_validation\trade_date=2026-07-17\exchange=NSE\symbol=BRITANNIA\part-063331_312038-023015.parquet,34436,downloaded,34436,
2026-07-17,NSE,BRITANNIA,raw_l2/trade_date=2026-07-17/exchange=NSE/symbol=BRITANNIA/part-062349_961720-021703.parquet,real_data_sample\l2_unseen_validation\trade_date=2026-07-17\exchange=NSE\symbol=BRITANNIA\part-062349_961720-021703.parquet,34654,downloaded,34654,
2026-07-17,NSE,BRITANNIA,raw_l2/trade_date=2026-07-17/exchange=NSE/symbol=BRITANNIA/part-063316_763448-022983.parquet,real_data_sample\l2_unseen_validation\trade_date=2026-07-17\exchange=NSE\symbol=BRITANNIA\part-063316_763448-022983.parquet,34484,downloaded,34484,
2026-07-17,NSE,BRITANNIA,raw_l2/trade_date=2026-07-17/exchange=NSE/symbol=BRITANNIA/part-063359_474947-023079.parquet,real_data_sample\l2_unseen_validation\trade_date=2026-07-17\exchange=NSE\symbol=BRITANNIA\part-063359_474947-023079.parquet,34671,downloaded,34671,
2026-07-17,NSE,BRITANNIA,raw_l2/trade_date=2026-07-17/exchange=NSE/symbol=BRITANNIA/part-063248_387651-022919.parquet,real_data_sample\l2_unseen_validation\trade_date=2026-07-17\exchange=NSE\symbol=BRITANNIA\part-063248_387651-022919.parquet,34495,downloaded,34495,
2026-07-17,NSE,BRITANNIA,raw_l2/trade_date=2026-07-17/exchange=NSE/symbol=BRITANNIA/part-063345_466985-023047.parquet,real_data_sample\l2_unseen_validation\trade_date=2026-07-17\exchange=NSE\symbol=BRITANNIA\part-063345_466985-023047.parquet,34723,downloaded,34723,
2026-07-17,NSE,BRITANNIA,raw_l2/trade_date=2026-07-17/exchange=NSE/symbol=BRITANNIA/part-063302_533782-022951.parquet,real_data_sample\l2_unseen_validation\trade_date=2026-07-17\exchange=NSE\symbol=BRITANNIA\part-063302_533782-022951.parquet,34534,downloaded,34534,
2026-07-17,NSE,BRITANNIA,raw_l2/trade_date=2026-07-17/exchange=NSE/symbol=BRITANNIA/part-063427_741654-023143.parquet,real_data_sample\l2_unseen_validation\trade_date=2026-07-17\exchange=NSE\symbol=BRITANNIA\part-063427_741654-023143.parquet,34237,downloaded,34237,
2026-07-17,NSE,BRITANNIA,raw_l2/trade_date=2026-07-17/exchange=NSE/symbol=BRITANNIA/part-063647_654766-023463.parquet,real_data_sample\l2_unseen_validation\trade_date=2026-07-17\exchange=NSE\symbol=BRITANNIA\part-063647_654766-023463.parquet,34450,downloaded,34450,
2026-07-17,NSE,BRITANNIA,raw_l2/trade_date=2026-07-17/exchange=NSE/symbol=BRITANNIA/part-063413_681589-023111.parquet,real_data_sample\l2_unseen_validation\trade_date=2026-07-17\exchange=NSE\symbol=BRITANNIA\part-063413_681589-023111.parquet,34482,downloaded,34482,
2026-07-17,NSE,BRITANNIA,raw_l2/trade_date=2026-07-17/exchange=NSE/symbol=BRITANNIA/part-063441_670364-023175.parquet,real_data_sample\l2_unseen_validation\trade_date=2026-07-17\exchange=NSE\symbol=BRITANNIA\part-063441_670364-023175.parquet,34335,downloaded,34335,
2026-07-17,NSE,BRITANNIA,raw_l2/trade_date=2026-07-17/exchange=NSE/symbol=BRITANNIA/part-063729_646364-023559.parquet,real_data_sample\l2_unseen_validation\trade_date=2026-07-17\exchange=NSE\symbol=BRITANNIA\part-063729_646364-023559.parquet,34658,downloaded,34658,
2026-07-17,NSE,BRITANNIA,raw_l2/trade_date=2026-07-17/exchange=NSE/symbol=BRITANNIA/part-063605_673411-023367.parquet,real_data_sample\l2_unseen_validation\trade_date=2026-07-17\exchange=NSE\symbol=BRITANNIA\part-063605_673411-023367.parquet,34435,downloaded,34435,
2026-07-17,NSE,BRITANNIA,raw_l2/trade_date=2026-07-17/exchange=NSE/symbol=BRITANNIA/part-063509_719648-023239.parquet,real_data_sample\l2_unseen_validation\trade_date=2026-07-17\exchange=NSE\symbol=BRITANNIA\part-063509_719648-023239.parquet,34554,downloaded,34554,
2026-07-17,NSE,BRITANNIA,raw_l2/trade_date=2026-07-17/exchange=NSE/symbol=BRITANNIA/part-063757_414393-023623.parquet,real_data_sample\l2_unseen_validation\trade_date=2026-07-17\exchange=NSE\symbol=BRITANNIA\part-063757_414393-023623.parquet,34306,downloaded,34306,
2026-07-17,NSE,BRITANNIA,raw_l2/trade_date=2026-07-17/exchange=NSE/symbol=BRITANNIA/part-063715_738535-023527.parquet,real_data_sample\l2_unseen_validation\trade_date=2026-07-17\exchange=NSE\symbol=BRITANNIA\part-063715_738535-023527.parquet,34531,downloaded,34531,
2026-07-17,NSE,BRITANNIA,raw_l2/trade_date=2026-07-17/exchange=NSE/symbol=BRITANNIA/part-063551_906223-023335.parquet,real_data_sample\l2_unseen_validation\trade_date=2026-07-17\exchange=NSE\symbol=BRITANNIA\part-063551_906223-023335.parquet,34300,downloaded,34300,
2026-07-17,NSE,BRITANNIA,raw_l2/trade_date=2026-07-17/exchange=NSE/symbol=BRITANNIA/part-063811_223500-023655.parquet,real_data_sample\l2_unseen_validation\trade_date=2026-07-17\exchange=NSE\symbol=BRITANNIA\part-063811_223500-023655.parquet,34641,downloaded,34641,
2026-07-17,NSE,BRITANNIA,raw_l2/trade_date=2026-07-17/exchange=NSE/symbol=BRITANNIA/part-063936_651495-023847.parquet,real_data_sample\l2_unseen_validation\trade_date=2026-07-17\exchange=NSE\symbol=BRITANNIA\part-063936_651495-023847.parquet,34481,downloaded,34481,
2026-07-17,NSE,BRITANNIA,raw_l2/trade_date=2026-07-17/exchange=NSE/symbol=BRITANNIA/part-063908_699146-023783.parquet,real_data_sample\l2_unseen_validation\trade_date=2026-07-17\exchange=NSE\symbol=BRITANNIA\part-063908_699146-023783.parquet,34620,downloaded,34620,
2026-07-17,NSE,BRITANNIA,raw_l2/trade_date=2026-07-17/exchange=NSE/symbol=BRITANNIA/part-063537_943440-023303.parquet,real_data_sample\l2_unseen_validation\trade_date=2026-07-17\exchange=NSE\symbol=BRITANNIA\part-063537_943440-023303.parquet,34303,downloaded,34303,
2026-07-17,NSE,BRITANNIA,raw_l2/trade_date=2026-07-17/exchange=NSE/symbol=BRITANNIA/part-063853_934828-023751.parquet,real_data_sample\l2_unseen_validation\trade_date=2026-07-17\exchange=NSE\symbol=BRITANNIA\part-063853_934828-023751.parquet,34716,downloaded,34716,
2026-07-17,NSE,BRITANNIA,raw_l2/trade_date=2026-07-17/exchange=NSE/symbol=BRITANNIA/part-063922_669214-023815.parquet,real_data_sample\l2_unseen_validation\trade_date=2026-07-17\exchange=NSE\symbol=BRITANNIA\part-063922_669214-023815.parquet,34505,downloaded,34505,
2026-07-17,NSE,BRITANNIA,raw_l2/trade_date=2026-07-17/exchange=NSE/symbol=BRITANNIA/part-063825_486426-023687.parquet,real_data_sample\l2_unseen_validation\trade_date=2026-07-17\exchange=NSE\symbol=BRITANNIA\part-063825_486426-023687.parquet,34515,downloaded,34515,
2026-07-17,NSE,BRITANNIA,raw_l2/trade_date=2026-07-17/exchange=NSE/symbol=BRITANNIA/part-063950_706308-023879.parquet,real_data_sample\l2_unseen_validation\trade_date=2026-07-17\exchange=NSE\symbol=BRITANNIA\part-063950_706308-023879.parquet,34442,downloaded,34442,
2026-07-17,NSE,BRITANNIA,raw_l2/trade_date=2026-07-17/exchange=NSE/symbol=BRITANNIA/part-064004_452425-023911.parquet,real_data_sample\l2_unseen_validation\trade_date=2026-07-17\exchange=NSE\symbol=BRITANNIA\part-064004_452425-023911.parquet,34630,downloaded,34630,
2026-07-17,NSE,BRITANNIA,raw_l2/trade_date=2026-07-17/exchange=NSE/symbol=BRITANNIA/part-064046_739240-024007.parquet,real_data_sample\l2_unseen_validation\trade_date=2026-07-17\exchange=NSE\symbol=BRITANNIA\part-064046_739240-024007.parquet,34363,downloaded,34363,
2026-07-17,NSE,BRITANNIA,raw_l2/trade_date=2026-07-17/exchange=NSE/symbol=BRITANNIA/part-064032_616184-023975.parquet,real_data_sample\l2_unseen_validation\trade_date=2026-07-17\exchange=NSE\symbol=BRITANNIA\part-064032_616184-023975.parquet,34657,downloaded,34657,
2026-07-17,NSE,BRITANNIA,raw_l2/trade_date=2026-07-17/exchange=NSE/symbol=BRITANNIA/part-064018_510269-023943.parquet,real_data_sample\l2_unseen_validation\trade_date=2026-07-17\exchange=NSE\symbol=BRITANNIA\part-064018_510269-023943.parquet,34688,downloaded,34688,
2026-07-17,NSE,BRITANNIA,raw_l2/trade_date=2026-07-17/exchange=NSE/symbol=BRITANNIA/part-064100_679697-024039.parquet,real_data_sample\l2_unseen_validation\trade_date=2026-07-17\exchange=NSE\symbol=BRITANNIA\part-064100_679697-024039.parquet,34374,downloaded,34374,
2026-07-17,NSE,BRITANNIA,raw_l2/trade_date=2026-07-17/exchange=NSE/symbol=BRITANNIA/part-063619_709603-023399.parquet,real_data_sample\l2_unseen_validation\trade_date=2026-07-17\exchange=NSE\symbol=BRITANNIA\part-063619_709603-023399.parquet,34283,downloaded,34283,
2026-07-17,NSE,BRITANNIA,raw_l2/trade_date=2026-07-17/exchange=NSE/symbol=BRITANNIA/part-064114_650007-024071.parquet,real_data_sample\l2_unseen_validation\trade_date=2026-07-17\exchange=NSE\symbol=BRITANNIA\part-064114_650007-024071.parquet,34530,downloaded,34530,
2026-07-17,NSE,BRITANNIA,raw_l2/trade_date=2026-07-17/exchange=NSE/symbol=BRITANNIA/part-064128_384650-024103.parquet,real_data_sample\l2_unseen_validation\trade_date=2026-07-17\exchange=NSE\symbol=BRITANNIA\part-064128_384650-024103.parquet,34318,downloaded,34318,
2026-07-17,NSE,BRITANNIA,raw_l2/trade_date=2026-07-17/exchange=NSE/symbol=BRITANNIA/part-063455_677510-023207.parquet,real_data_sample\l2_unseen_validation\trade_date=2026-07-17\exchange=NSE\symbol=BRITANNIA\part-063455_677510-023207.parquet,34365,downloaded,34365,
2026-07-17,NSE,BRITANNIA,raw_l2/trade_date=2026-07-17/exchange=NSE/symbol=BRITANNIA/part-063524_121462-023271.parquet,real_data_sample\l2_unseen_validation\trade_date=2026-07-17\exchange=NSE\symbol=BRITANNIA\part-063524_121462-023271.parquet,34543,downloaded,34543,
2026-07-17,NSE,BRITANNIA,raw_l2/trade_date=2026-07-17/exchange=NSE/symbol=BRITANNIA/part-064142_634964-024135.parquet,real_data_sample\l2_unseen_validation\trade_date=2026-07-17\exchange=NSE\symbol=BRITANNIA\part-064142_634964-024135.parquet,34454,downloaded,34454,
2026-07-17,NSE,BRITANNIA,raw_l2/trade_date=2026-07-17/exchange=NSE/symbol=BRITANNIA/part-064156_388001-024167.parquet,real_data_sample\l2_unseen_validation\trade_date=2026-07-17\exchange=NSE\symbol=BRITANNIA\part-064156_388001-024167.parquet,34569,downloaded,34569,
2026-07-17,NSE,BRITANNIA,raw_l2/trade_date=2026-07-17/exchange=NSE/symbol=BRITANNIA/part-064224_217034-024231.parquet,real_data_sample\l2_unseen_validation\trade_date=2026-07-17\exchange=NSE\symbol=BRITANNIA\part-064224_217034-024231.parquet,34533,downloaded,34533,
2026-07-17,NSE,BRITANNIA,raw_l2/trade_date=2026-07-17/exchange=NSE/symbol=BRITANNIA/part-064210_197988-024199.parquet,real_data_sample\l2_unseen_validation\trade_date=2026-07-17\exchange=NSE\symbol=BRITANNIA\part-064210_197988-024199.parquet,34637,downloaded,34637,
2026-07-17,NSE,BRITANNIA,raw_l2/trade_date=2026-07-17/exchange=NSE/symbol=BRITANNIA/part-063743_662153-023591.parquet,real_data_sample\l2_unseen_validation\trade_date=2026-07-17\exchange=NSE\symbol=BRITANNIA\part-063743_662153-023591.parquet,34515,downloaded,34515,
2026-07-17,NSE,BRITANNIA,raw_l2/trade_date=2026-07-17/exchange=NSE/symbol=BRITANNIA/part-063701_743636-023495.parquet,real_data_sample\l2_unseen_validation\trade_date=2026-07-17\exchange=NSE\symbol=BRITANNIA\part-063701_743636-023495.parquet,34593,downloaded,34593,
2026-07-17,NSE,BRITANNIA,raw_l2/trade_date=2026-07-17/exchange=NSE/symbol=BRITANNIA/part-064605_627655-024743.parquet,real_data_sample\l2_unseen_validation\trade_date=2026-07-17\exchange=NSE\symbol=BRITANNIA\part-064605_627655-024743.parquet,34384,downloaded,34384,
2026-07-17,NSE,BRITANNIA,raw_l2/trade_date=2026-07-17/exchange=NSE/symbol=BRITANNIA/part-063839_723704-023719.parquet,real_data_sample\l2_unseen_validation\trade_date=2026-07-17\exchange=NSE\symbol=BRITANNIA\part-063839_723704-023719.parquet,34691,downloaded,34691,
2026-07-17,NSE,BRITANNIA,raw_l2/trade_date=2026-07-17/exchange=NSE/symbol=BRITANNIA/part-063633_725790-023431.parquet,real_data_sample\l2_unseen_validation\trade_date=2026-07-17\exchange=NSE\symbol=BRITANNIA\part-063633_725790-023431.parquet,34483,downloaded,34483,
2026-07-17,NSE,BRITANNIA,raw_l2/trade_date=2026-07-17/exchange=NSE/symbol=BRITANNIA/part-064510_135550-024615.parquet,real_data_sample\l2_unseen_validation\trade_date=2026-07-17\exchange=NSE\symbol=BRITANNIA\part-064510_135550-024615.parquet,34466,downloaded,34466,
2026-07-17,NSE,BRITANNIA,raw_l2/trade_date=2026-07-17/exchange=NSE/symbol=BRITANNIA/part-064551_886761-024711.parquet,real_data_sample\l2_unseen_validation\trade_date=2026-07-17\exchange=NSE\symbol=BRITANNIA\part-064551_886761-024711.parquet,34403,downloaded,34403,
2026-07-17,NSE,BRITANNIA,raw_l2/trade_date=2026-07-17/exchange=NSE/symbol=BRITANNIA/part-064538_135234-024679.parquet,real_data_sample\l2_unseen_validation\trade_date=2026-07-17\exchange=NSE\symbol=BRITANNIA\part-064538_135234-024679.parquet,34467,downloaded,34467,
2026-07-17,NSE,BRITANNIA,raw_l2/trade_date=2026-07-17/exchange=NSE/symbol=BRITANNIA/part-064414_386646-024487.parquet,real_data_sample\l2_unseen_validation\trade_date=2026-07-17\exchange=NSE\symbol=BRITANNIA\part-064414_386646-024487.parquet,34533,downloaded,34533,
2026-07-17,NSE,BRITANNIA,raw_l2/trade_date=2026-07-17/exchange=NSE/symbol=BRITANNIA/part-064319_193647-024359.parquet,real_data_sample\l2_unseen_validation\trade_date=2026-07-17\exchange=NSE\symbol=BRITANNIA\part-064319_193647-024359.parquet,34597,downloaded,34597,
2026-07-17,NSE,BRITANNIA,raw_l2/trade_date=2026-07-17/exchange=NSE/symbol=BRITANNIA/part-064400_642757-024455.parquet,real_data_sample\l2_unseen_validation\trade_date=2026-07-17\exchange=NSE\symbol=BRITANNIA\part-064400_642757-024455.parquet,34568,downloaded,34568,
2026-07-17,NSE,BRITANNIA,raw_l2/trade_date=2026-07-17/exchange=NSE/symbol=BRITANNIA/part-064346_891561-024423.parquet,real_data_sample\l2_unseen_validation\trade_date=2026-07-17\exchange=NSE\symbol=BRITANNIA\part-064346_891561-024423.parquet,34443,downloaded,34443,
2026-07-17,NSE,BRITANNIA,raw_l2/trade_date=2026-07-17/exchange=NSE/symbol=BRITANNIA/part-064442_402631-024551.parquet,real_data_sample\l2_unseen_validation\trade_date=2026-07-17\exchange=NSE\symbol=BRITANNIA\part-064442_402631-024551.parquet,34541,downloaded,34541,
2026-07-17,NSE,BRITANNIA,raw_l2/trade_date=2026-07-17/exchange=NSE/symbol=BRITANNIA/part-064456_207283-024583.parquet,real_data_sample\l2_unseen_validation\trade_date=2026-07-17\exchange=NSE\symbol=BRITANNIA\part-064456_207283-024583.parquet,34434,downloaded,34434,
2026-07-17,NSE,BRITANNIA,raw_l2/trade_date=2026-07-17/exchange=NSE/symbol=BRITANNIA/part-064428_672931-024519.parquet,real_data_sample\l2_unseen_validation\trade_date=2026-07-17\exchange=NSE\symbol=BRITANNIA\part-064428_672931-024519.parquet,34435,downloaded,34435,
2026-07-17,NSE,BRITANNIA,raw_l2/trade_date=2026-07-17/exchange=NSE/symbol=BRITANNIA/part-064333_167651-024391.parquet,real_data_sample\l2_unseen_validation\trade_date=2026-07-17\exchange=NSE\symbol=BRITANNIA\part-064333_167651-024391.parquet,34392,downloaded,34392,
2026-07-17,NSE,BRITANNIA,raw_l2/trade_date=2026-07-17/exchange=NSE/symbol=BRITANNIA/part-064251_634047-024295.parquet,real_data_sample\l2_unseen_validation\trade_date=2026-07-17\exchange=NSE\symbol=BRITANNIA\part-064251_634047-024295.parquet,34563,downloaded,34563,
2026-07-17,NSE,BRITANNIA,raw_l2/trade_date=2026-07-17/exchange=NSE/symbol=BRITANNIA/part-064728_906501-024935.parquet,real_data_sample\l2_unseen_validation\trade_date=2026-07-17\exchange=NSE\symbol=BRITANNIA\part-064728_906501-024935.parquet,34452,downloaded,34452,
2026-07-17,NSE,BRITANNIA,raw_l2/trade_date=2026-07-17/exchange=NSE/symbol=BRITANNIA/part-064715_179438-024903.parquet,real_data_sample\l2_unseen_validation\trade_date=2026-07-17\exchange=NSE\symbol=BRITANNIA\part-064715_179438-024903.parquet,34646,downloaded,34646,
2026-07-17,NSE,BRITANNIA,raw_l2/trade_date=2026-07-17/exchange=NSE/symbol=BRITANNIA/part-064305_429660-024327.parquet,real_data_sample\l2_unseen_validation\trade_date=2026-07-17\exchange=NSE\symbol=BRITANNIA\part-064305_429660-024327.parquet,34616,downloaded,34616,
2026-07-17,NSE,BRITANNIA,raw_l2/trade_date=2026-07-17/exchange=NSE/symbol=BRITANNIA/part-064742_921729-024967.parquet,real_data_sample\l2_unseen_validation\trade_date=2026-07-17\exchange=NSE\symbol=BRITANNIA\part-064742_921729-024967.parquet,34472,downloaded,34472,
2026-07-17,NSE,BRITANNIA,raw_l2/trade_date=2026-07-17/exchange=NSE/symbol=BRITANNIA/part-064237_908182-024263.parquet,real_data_sample\l2_unseen_validation\trade_date=2026-07-17\exchange=NSE\symbol=BRITANNIA\part-064237_908182-024263.parquet,34273,downloaded,34273,
2026-07-17,NSE,BRITANNIA,raw_l2/trade_date=2026-07-17/exchange=NSE/symbol=BRITANNIA/part-064810_600647-025031.parquet,real_data_sample\l2_unseen_validation\trade_date=2026-07-17\exchange=NSE\symbol=BRITANNIA\part-064810_600647-025031.parquet,34600,downloaded,34600,
2026-07-17,NSE,BRITANNIA,raw_l2/trade_date=2026-07-17/exchange=NSE/symbol=BRITANNIA/part-064756_639216-024999.parquet,real_data_sample\l2_unseen_validation\trade_date=2026-07-17\exchange=NSE\symbol=BRITANNIA\part-064756_639216-024999.parquet,34453,downloaded,34453,
2026-07-17,NSE,BRITANNIA,raw_l2/trade_date=2026-07-17/exchange=NSE/symbol=BRITANNIA/part-064524_188127-024647.parquet,real_data_sample\l2_unseen_validation\trade_date=2026-07-17\exchange=NSE\symbol=BRITANNIA\part-064524_188127-024647.parquet,34529,downloaded,34529,
2026-07-17,NSE,BRITANNIA,raw_l2/trade_date=2026-07-17/exchange=NSE/symbol=BRITANNIA/part-064619_413304-024775.parquet,real_data_sample\l2_unseen_validation\trade_date=2026-07-17\exchange=NSE\symbol=BRITANNIA\part-064619_413304-024775.parquet,34446,downloaded,34446,
2026-07-17,NSE,BRITANNIA,raw_l2/trade_date=2026-07-17/exchange=NSE/symbol=BRITANNIA/part-064824_476933-025063.parquet,real_data_sample\l2_unseen_validation\trade_date=2026-07-17\exchange=NSE\symbol=BRITANNIA\part-064824_476933-025063.parquet,34485,downloaded,34485,
2026-07-17,NSE,BRITANNIA,raw_l2/trade_date=2026-07-17/exchange=NSE/symbol=BRITANNIA/part-064633_170636-024807.parquet,real_data_sample\l2_unseen_validation\trade_date=2026-07-17\exchange=NSE\symbol=BRITANNIA\part-064633_170636-024807.parquet,34381,downloaded,34381,
2026-07-17,NSE,BRITANNIA,raw_l2/trade_date=2026-07-17/exchange=NSE/symbol=BRITANNIA/part-064701_145319-024871.parquet,real_data_sample\l2_unseen_validation\trade_date=2026-07-17\exchange=NSE\symbol=BRITANNIA\part-064701_145319-024871.parquet,34586,downloaded,34586,
2026-07-17,NSE,BRITANNIA,raw_l2/trade_date=2026-07-17/exchange=NSE/symbol=BRITANNIA/part-064838_389237-025095.parquet,real_data_sample\l2_unseen_validation\trade_date=2026-07-17\exchange=NSE\symbol=BRITANNIA\part-064838_389237-025095.parquet,34487,downloaded,34487,
2026-07-17,NSE,BRITANNIA,raw_l2/trade_date=2026-07-17/exchange=NSE/symbol=BRITANNIA/part-064647_179484-024839.parquet,real_data_sample\l2_unseen_validation\trade_date=2026-07-17\exchange=NSE\symbol=BRITANNIA\part-064647_179484-024839.parquet,34398,downloaded,34398,
2026-07-17,NSE,BRITANNIA,raw_l2/trade_date=2026-07-17/exchange=NSE/symbol=BRITANNIA/part-064852_169636-025127.parquet,real_data_sample\l2_unseen_validation\trade_date=2026-07-17\exchange=NSE\symbol=BRITANNIA\part-064852_169636-025127.parquet,34474,downloaded,34474,
2026-07-17,NSE,BRITANNIA,raw_l2/trade_date=2026-07-17/exchange=NSE/symbol=BRITANNIA/part-064933_701313-025223.parquet,real_data_sample\l2_unseen_validation\trade_date=2026-07-17\exchange=NSE\symbol=BRITANNIA\part-064933_701313-025223.parquet,34481,downloaded,34481,
2026-07-17,NSE,BRITANNIA,raw_l2/trade_date=2026-07-17/exchange=NSE/symbol=BRITANNIA/part-065207_864145-025575.parquet,real_data_sample\l2_unseen_validation\trade_date=2026-07-17\exchange=NSE\symbol=BRITANNIA\part-065207_864145-025575.parquet,34414,downloaded,34414,
2026-07-17,NSE,BRITANNIA,raw_l2/trade_date=2026-07-17/exchange=NSE/symbol=BRITANNIA/part-064919_892910-025191.parquet,real_data_sample\l2_unseen_validation\trade_date=2026-07-17\exchange=NSE\symbol=BRITANNIA\part-064919_892910-025191.parquet,34433,downloaded,34433,
2026-07-17,NSE,BRITANNIA,raw_l2/trade_date=2026-07-17/exchange=NSE/symbol=BRITANNIA/part-065332_191932-025767.parquet,real_data_sample\l2_unseen_validation\trade_date=2026-07-17\exchange=NSE\symbol=BRITANNIA\part-065332_191932-025767.parquet,34456,downloaded,34456,
2026-07-17,NSE,BRITANNIA,raw_l2/trade_date=2026-07-17/exchange=NSE/symbol=BRITANNIA/part-064905_930317-025159.parquet,real_data_sample\l2_unseen_validation\trade_date=2026-07-17\exchange=NSE\symbol=BRITANNIA\part-064905_930317-025159.parquet,34399,downloaded,34399,
2026-07-17,NSE,BRITANNIA,raw_l2/trade_date=2026-07-17/exchange=NSE/symbol=BRITANNIA/part-065001_671678-025287.parquet,real_data_sample\l2_unseen_validation\trade_date=2026-07-17\exchange=NSE\symbol=BRITANNIA\part-065001_671678-025287.parquet,34443,downloaded,34443,
2026-07-17,NSE,BRITANNIA,raw_l2/trade_date=2026-07-17/exchange=NSE/symbol=BRITANNIA/part-065057_653404-025415.parquet,real_data_sample\l2_unseen_validation\trade_date=2026-07-17\exchange=NSE\symbol=BRITANNIA\part-065057_653404-025415.parquet,34333,downloaded,34333,
2026-07-17,NSE,BRITANNIA,raw_l2/trade_date=2026-07-17/exchange=NSE/symbol=BRITANNIA/part-065250_094407-025671.parquet,real_data_sample\l2_unseen_validation\trade_date=2026-07-17\exchange=NSE\symbol=BRITANNIA\part-065250_094407-025671.parquet,34481,downloaded,34481,
2026-07-17,NSE,BRITANNIA,raw_l2/trade_date=2026-07-17/exchange=NSE/symbol=BRITANNIA/part-065015_668398-025319.parquet,real_data_sample\l2_unseen_validation\trade_date=2026-07-17\exchange=NSE\symbol=BRITANNIA\part-065015_668398-025319.parquet,34575,downloaded,34575,
2026-07-17,NSE,BRITANNIA,raw_l2/trade_date=2026-07-17/exchange=NSE/symbol=BRITANNIA/part-065318_282349-025735.parquet,real_data_sample\l2_unseen_validation\trade_date=2026-07-17\exchange=NSE\symbol=BRITANNIA\part-065318_282349-025735.parquet,34539,downloaded,34539,
2026-07-17,NSE,BRITANNIA,raw_l2/trade_date=2026-07-17/exchange=NSE/symbol=BRITANNIA/part-065153_672380-025543.parquet,real_data_sample\l2_unseen_validation\trade_date=2026-07-17\exchange=NSE\symbol=BRITANNIA\part-065153_672380-025543.parquet,34509,downloaded,34509,
2026-07-17,NSE,BRITANNIA,raw_l2/trade_date=2026-07-17/exchange=NSE/symbol=BRITANNIA/part-065111_667897-025447.parquet,real_data_sample\l2_unseen_validation\trade_date=2026-07-17\exchange=NSE\symbol=BRITANNIA\part-065111_667897-025447.parquet,34411,downloaded,34411,
2026-07-17,NSE,BRITANNIA,raw_l2/trade_date=2026-07-17/exchange=NSE/symbol=BRITANNIA/part-065552_683962-026087.parquet,real_data_sample\l2_unseen_validation\trade_date=2026-07-17\exchange=NSE\symbol=BRITANNIA\part-065552_683962-026087.parquet,34526,downloaded,34526,
2026-07-17,NSE,BRITANNIA,raw_l2/trade_date=2026-07-17/exchange=NSE/symbol=BRITANNIA/part-065043_565119-025383.parquet,real_data_sample\l2_unseen_validation\trade_date=2026-07-17\exchange=NSE\symbol=BRITANNIA\part-065043_565119-025383.parquet,34197,downloaded,34197,
2026-07-17,NSE,BRITANNIA,raw_l2/trade_date=2026-07-17/exchange=NSE/symbol=BRITANNIA/part-065029_390828-025351.parquet,real_data_sample\l2_unseen_validation\trade_date=2026-07-17\exchange=NSE\symbol=BRITANNIA\part-065029_390828-025351.parquet,34314,downloaded,34314,
2026-07-17,NSE,BRITANNIA,raw_l2/trade_date=2026-07-17/exchange=NSE/symbol=BRITANNIA/part-065221_946069-025607.parquet,real_data_sample\l2_unseen_validation\trade_date=2026-07-17\exchange=NSE\symbol=BRITANNIA\part-065221_946069-025607.parquet,34450,downloaded,34450,
2026-07-17,NSE,BRITANNIA,raw_l2/trade_date=2026-07-17/exchange=NSE/symbol=BRITANNIA/part-065235_978494-025639.parquet,real_data_sample\l2_unseen_validation\trade_date=2026-07-17\exchange=NSE\symbol=BRITANNIA\part-065235_978494-025639.parquet,34423,downloaded,34423,
2026-07-17,NSE,BRITANNIA,raw_l2/trade_date=2026-07-17/exchange=NSE/symbol=BRITANNIA/part-065125_664534-025479.parquet,real_data_sample\l2_unseen_validation\trade_date=2026-07-17\exchange=NSE\symbol=BRITANNIA\part-065125_664534-025479.parquet,34439,downloaded,34439,
2026-07-17,NSE,BRITANNIA,raw_l2/trade_date=2026-07-17/exchange=NSE/symbol=BRITANNIA/part-065606_683000-026119.parquet,real_data_sample\l2_unseen_validation\trade_date=2026-07-17\exchange=NSE\symbol=BRITANNIA\part-065606_683000-026119.parquet,34432,downloaded,34432,
2026-07-17,NSE,BRITANNIA,raw_l2/trade_date=2026-07-17/exchange=NSE/symbol=BRITANNIA/part-065524_478331-026023.parquet,real_data_sample\l2_unseen_validation\trade_date=2026-07-17\exchange=NSE\symbol=BRITANNIA\part-065524_478331-026023.parquet,34422,downloaded,34422,
2026-07-17,NSE,BRITANNIA,raw_l2/trade_date=2026-07-17/exchange=NSE/symbol=BRITANNIA/part-065139_700854-025511.parquet,real_data_sample\l2_unseen_validation\trade_date=2026-07-17\exchange=NSE\symbol=BRITANNIA\part-065139_700854-025511.parquet,34532,downloaded,34532,
2026-07-17,NSE,BRITANNIA,raw_l2/trade_date=2026-07-17/exchange=NSE/symbol=BRITANNIA/part-065304_166331-025703.parquet,real_data_sample\l2_unseen_validation\trade_date=2026-07-17\exchange=NSE\symbol=BRITANNIA\part-065304_166331-025703.parquet,34425,downloaded,34425,
2026-07-17,NSE,BRITANNIA,raw_l2/trade_date=2026-07-17/exchange=NSE/symbol=BRITANNIA/part-065620_771841-026151.parquet,real_data_sample\l2_unseen_validation\trade_date=2026-07-17\exchange=NSE\symbol=BRITANNIA\part-065620_771841-026151.parquet,34541,downloaded,34541,
2026-07-17,NSE,BRITANNIA,raw_l2/trade_date=2026-07-17/exchange=NSE/symbol=BRITANNIA/part-065414_186525-025863.parquet,real_data_sample\l2_unseen_validation\trade_date=2026-07-17\exchange=NSE\symbol=BRITANNIA\part-065414_186525-025863.parquet,34642,downloaded,34642,
2026-07-17,NSE,BRITANNIA,raw_l2/trade_date=2026-07-17/exchange=NSE/symbol=BRITANNIA/part-065428_195760-025895.parquet,real_data_sample\l2_unseen_validation\trade_date=2026-07-17\exchange=NSE\symbol=BRITANNIA\part-065428_195760-025895.parquet,34614,downloaded,34614,
2026-07-17,NSE,BRITANNIA,raw_l2/trade_date=2026-07-17/exchange=NSE/symbol=BRITANNIA/part-065510_415172-025991.parquet,real_data_sample\l2_unseen_validation\trade_date=2026-07-17\exchange=NSE\symbol=BRITANNIA\part-065510_415172-025991.parquet,34818,downloaded,34818,
2026-07-17,NSE,BRITANNIA,raw_l2/trade_date=2026-07-17/exchange=NSE/symbol=BRITANNIA/part-065538_707799-026055.parquet,real_data_sample\l2_unseen_validation\trade_date=2026-07-17\exchange=NSE\symbol=BRITANNIA\part-065538_707799-026055.parquet,34384,downloaded,34384,
2026-07-17,NSE,BRITANNIA,raw_l2/trade_date=2026-07-17/exchange=NSE/symbol=BRITANNIA/part-065456_208708-025959.parquet,real_data_sample\l2_unseen_validation\trade_date=2026-07-17\exchange=NSE\symbol=BRITANNIA\part-065456_208708-025959.parquet,34391,downloaded,34391,
2026-07-17,NSE,BRITANNIA,raw_l2/trade_date=2026-07-17/exchange=NSE/symbol=BRITANNIA/part-064947_675897-025255.parquet,real_data_sample\l2_unseen_validation\trade_date=2026-07-17\exchange=NSE\symbol=BRITANNIA\part-064947_675897-025255.parquet,34379,downloaded,34379,
2026-07-17,NSE,BRITANNIA,raw_l2/trade_date=2026-07-17/exchange=NSE/symbol=BRITANNIA/part-065442_154958-025927.parquet,real_data_sample\l2_unseen_validation\trade_date=2026-07-17\exchange=NSE\symbol=BRITANNIA\part-065442_154958-025927.parquet,34520,downloaded,34520,
2026-07-17,NSE,BRITANNIA,raw_l2/trade_date=2026-07-17/exchange=NSE/symbol=BRITANNIA/part-065345_944624-025799.parquet,real_data_sample\l2_unseen_validation\trade_date=2026-07-17\exchange=NSE\symbol=BRITANNIA\part-065345_944624-025799.parquet,34724,downloaded,34724,
2026-07-17,NSE,BRITANNIA,raw_l2/trade_date=2026-07-17/exchange=NSE/symbol=BRITANNIA/part-065400_017057-025831.parquet,real_data_sample\l2_unseen_validation\trade_date=2026-07-17\exchange=NSE\symbol=BRITANNIA\part-065400_017057-025831.parquet,34430,downloaded,34430,
2026-07-17,NSE,BRITANNIA,raw_l2/trade_date=2026-07-17/exchange=NSE/symbol=BRITANNIA/part-065634_658408-026183.parquet,real_data_sample\l2_unseen_validation\trade_date=2026-07-17\exchange=NSE\symbol=BRITANNIA\part-065634_658408-026183.parquet,34296,downloaded,34296,
2026-07-17,NSE,BRITANNIA,raw_l2/trade_date=2026-07-17/exchange=NSE/symbol=BRITANNIA/part-065648_689105-026215.parquet,real_data_sample\l2_unseen_validation\trade_date=2026-07-17\exchange=NSE\symbol=BRITANNIA\part-065648_689105-026215.parquet,34616,downloaded,34616,
2026-07-17,NSE,BRITANNIA,raw_l2/trade_date=2026-07-17/exchange=NSE/symbol=BRITANNIA/part-065856_210990-026503.parquet,real_data_sample\l2_unseen_validation\trade_date=2026-07-17\exchange=NSE\symbol=BRITANNIA\part-065856_210990-026503.parquet,34568,downloaded,34568,
2026-07-17,NSE,BRITANNIA,raw_l2/trade_date=2026-07-17/exchange=NSE/symbol=BRITANNIA/part-065910_463219-026535.parquet,real_data_sample\l2_unseen_validation\trade_date=2026-07-17\exchange=NSE\symbol=BRITANNIA\part-065910_463219-026535.parquet,34605,downloaded,34605,
2026-07-17,NSE,BRITANNIA,raw_l2/trade_date=2026-07-17/exchange=NSE/symbol=BRITANNIA/part-065702_684401-026247.parquet,real_data_sample\l2_unseen_validation\trade_date=2026-07-17\exchange=NSE\symbol=BRITANNIA\part-065702_684401-026247.parquet,34430,downloaded,34430,
2026-07-17,NSE,BRITANNIA,raw_l2/trade_date=2026-07-17/exchange=NSE/symbol=BRITANNIA/part-065827_476023-026439.parquet,real_data_sample\l2_unseen_validation\trade_date=2026-07-17\exchange=NSE\symbol=BRITANNIA\part-065827_476023-026439.parquet,34443,downloaded,34443,
2026-07-17,NSE,BRITANNIA,raw_l2/trade_date=2026-07-17/exchange=NSE/symbol=BRITANNIA/part-065939_591496-026599.parquet,real_data_sample\l2_unseen_validation\trade_date=2026-07-17\exchange=NSE\symbol=BRITANNIA\part-065939_591496-026599.parquet,34496,downloaded,34496,
2026-07-17,NSE,BRITANNIA,raw_l2/trade_date=2026-07-17/exchange=NSE/symbol=BRITANNIA/part-065924_728810-026567.parquet,real_data_sample\l2_unseen_validation\trade_date=2026-07-17\exchange=NSE\symbol=BRITANNIA\part-065924_728810-026567.parquet,34560,downloaded,34560,
2026-07-17,NSE,BRITANNIA,raw_l2/trade_date=2026-07-17/exchange=NSE/symbol=BRITANNIA/part-070008_997718-026663.parquet,real_data_sample\l2_unseen_validation\trade_date=2026-07-17\exchange=NSE\symbol=BRITANNIA\part-070008_997718-026663.parquet,34406,downloaded,34406,
2026-07-17,NSE,BRITANNIA,raw_l2/trade_date=2026-07-17/exchange=NSE/symbol=BRITANNIA/part-070037_737834-026727.parquet,real_data_sample\l2_unseen_validation\trade_date=2026-07-17\exchange=NSE\symbol=BRITANNIA\part-070037_737834-026727.parquet,34425,downloaded,34425,
2026-07-17,NSE,BRITANNIA,raw_l2/trade_date=2026-07-17/exchange=NSE/symbol=BRITANNIA/part-065954_236598-026631.parquet,real_data_sample\l2_unseen_validation\trade_date=2026-07-17\exchange=NSE\symbol=BRITANNIA\part-065954_236598-026631.parquet,34345,downloaded,34345,
2026-07-17,NSE,BRITANNIA,raw_l2/trade_date=2026-07-17/exchange=NSE/symbol=BRITANNIA/part-065813_222089-026407.parquet,real_data_sample\l2_unseen_validation\trade_date=2026-07-17\exchange=NSE\symbol=BRITANNIA\part-065813_222089-026407.parquet,34538,downloaded,34538,
2026-07-17,NSE,BRITANNIA,raw_l2/trade_date=2026-07-17/exchange=NSE/symbol=BRITANNIA/part-065842_011314-026471.parquet,real_data_sample\l2_unseen_validation\trade_date=2026-07-17\exchange=NSE\symbol=BRITANNIA\part-065842_011314-026471.parquet,34477,downloaded,34477,
2026-07-17,NSE,BRITANNIA,raw_l2/trade_date=2026-07-17/exchange=NSE/symbol=BRITANNIA/part-070052_337876-026759.parquet,real_data_sample\l2_unseen_validation\trade_date=2026-07-17\exchange=NSE\symbol=BRITANNIA\part-070052_337876-026759.parquet,34415,downloaded,34415,
2026-07-17,NSE,BRITANNIA,raw_l2/trade_date=2026-07-17/exchange=NSE/symbol=BRITANNIA/part-070023_478698-026695.parquet,real_data_sample\l2_unseen_validation\trade_date=2026-07-17\exchange=NSE\symbol=BRITANNIA\part-070023_478698-026695.parquet,34275,downloaded,34275,
2026-07-17,NSE,BRITANNIA,raw_l2/trade_date=2026-07-17/exchange=NSE/symbol=BRITANNIA/part-065758_983800-026375.parquet,real_data_sample\l2_unseen_validation\trade_date=2026-07-17\exchange=NSE\symbol=BRITANNIA\part-065758_983800-026375.parquet,34685,downloaded,34685,
2026-07-17,NSE,BRITANNIA,raw_l2/trade_date=2026-07-17/exchange=NSE/symbol=BRITANNIA/part-070206_076740-026919.parquet,real_data_sample\l2_unseen_validation\trade_date=2026-07-17\exchange=NSE\symbol=BRITANNIA\part-070206_076740-026919.parquet,34270,downloaded,34270,
2026-07-17,NSE,BRITANNIA,raw_l2/trade_date=2026-07-17/exchange=NSE/symbol=BRITANNIA/part-065744_719440-026343.parquet,real_data_sample\l2_unseen_validation\trade_date=2026-07-17\exchange=NSE\symbol=BRITANNIA\part-065744_719440-026343.parquet,34431,downloaded,34431,
2026-07-17,NSE,BRITANNIA,raw_l2/trade_date=2026-07-17/exchange=NSE/symbol=BRITANNIA/part-065716_695525-026279.parquet,real_data_sample\l2_unseen_validation\trade_date=2026-07-17\exchange=NSE\symbol=BRITANNIA\part-065716_695525-026279.parquet,34688,downloaded,34688,
2026-07-17,NSE,BRITANNIA,raw_l2/trade_date=2026-07-17/exchange=NSE/symbol=BRITANNIA/part-070151_595240-026887.parquet,real_data_sample\l2_unseen_validation\trade_date=2026-07-17\exchange=NSE\symbol=BRITANNIA\part-070151_595240-026887.parquet,34345,downloaded,34345,
2026-07-17,NSE,BRITANNIA,raw_l2/trade_date=2026-07-17/exchange=NSE/symbol=BRITANNIA/part-070348_550391-027143.parquet,real_data_sample\l2_unseen_validation\trade_date=2026-07-17\exchange=NSE\symbol=BRITANNIA\part-070348_550391-027143.parquet,34507,downloaded,34507,
2026-07-17,NSE,BRITANNIA,raw_l2/trade_date=2026-07-17/exchange=NSE/symbol=BRITANNIA/part-070121_798529-026823.parquet,real_data_sample\l2_unseen_validation\trade_date=2026-07-17\exchange=NSE\symbol=BRITANNIA\part-070121_798529-026823.parquet,34476,downloaded,34476,
2026-07-17,NSE,BRITANNIA,raw_l2/trade_date=2026-07-17/exchange=NSE/symbol=BRITANNIA/part-070305_091579-027047.parquet,real_data_sample\l2_unseen_validation\trade_date=2026-07-17\exchange=NSE\symbol=BRITANNIA\part-070305_091579-027047.parquet,34686,downloaded,34686,
2026-07-17,NSE,BRITANNIA,raw_l2/trade_date=2026-07-17/exchange=NSE/symbol=BRITANNIA/part-065730_744380-026311.parquet,real_data_sample\l2_unseen_validation\trade_date=2026-07-17\exchange=NSE\symbol=BRITANNIA\part-065730_744380-026311.parquet,34633,downloaded,34633,
2026-07-17,NSE,BRITANNIA,raw_l2/trade_date=2026-07-17/exchange=NSE/symbol=BRITANNIA/part-070319_793378-027079.parquet,real_data_sample\l2_unseen_validation\trade_date=2026-07-17\exchange=NSE\symbol=BRITANNIA\part-070319_793378-027079.parquet,34213,downloaded,34213,
2026-07-17,NSE,BRITANNIA,raw_l2/trade_date=2026-07-17/exchange=NSE/symbol=BRITANNIA/part-070136_329087-026855.parquet,real_data_sample\l2_unseen_validation\trade_date=2026-07-17\exchange=NSE\symbol=BRITANNIA\part-070136_329087-026855.parquet,34467,downloaded,34467,
2026-07-17,NSE,BRITANNIA,raw_l2/trade_date=2026-07-17/exchange=NSE/symbol=BRITANNIA/part-070220_738265-026951.parquet,real_data_sample\l2_unseen_validation\trade_date=2026-07-17\exchange=NSE\symbol=BRITANNIA\part-070220_738265-026951.parquet,34360,downloaded,34360,
2026-07-17,NSE,BRITANNIA,raw_l2/trade_date=2026-07-17/exchange=NSE/symbol=BRITANNIA/part-070403_038025-027175.parquet,real_data_sample\l2_unseen_validation\trade_date=2026-07-17\exchange=NSE\symbol=BRITANNIA\part-070403_038025-027175.parquet,34348,downloaded,34348,
2026-07-17,NSE,BRITANNIA,raw_l2/trade_date=2026-07-17/exchange=NSE/symbol=BRITANNIA/part-070235_468415-026983.parquet,real_data_sample\l2_unseen_validation\trade_date=2026-07-17\exchange=NSE\symbol=BRITANNIA\part-070235_468415-026983.parquet,34574,downloaded,34574,
2026-07-17,NSE,BRITANNIA,raw_l2/trade_date=2026-07-17/exchange=NSE/symbol=BRITANNIA/part-070334_320931-027111.parquet,real_data_sample\l2_unseen_validation\trade_date=2026-07-17\exchange=NSE\symbol=BRITANNIA\part-070334_320931-027111.parquet,34634,downloaded,34634,
2026-07-17,NSE,BRITANNIA,raw_l2/trade_date=2026-07-17/exchange=NSE/symbol=BRITANNIA/part-070249_957442-027015.parquet,real_data_sample\l2_unseen_validation\trade_date=2026-07-17\exchange=NSE\symbol=BRITANNIA\part-070249_957442-027015.parquet,34539,downloaded,34539,
2026-07-17,NSE,BRITANNIA,raw_l2/trade_date=2026-07-17/exchange=NSE/symbol=BRITANNIA/part-070107_212910-026791.parquet,real_data_sample\l2_unseen_validation\trade_date=2026-07-17\exchange=NSE\symbol=BRITANNIA\part-070107_212910-026791.parquet,34306,downloaded,34306,
2026-07-17,NSE,BRITANNIA,raw_l2/trade_date=2026-07-17/exchange=NSE/symbol=BRITANNIA/part-070431_469949-027239.parquet,real_data_sample\l2_unseen_validation\trade_date=2026-07-17\exchange=NSE\symbol=BRITANNIA\part-070431_469949-027239.parquet,34482,downloaded,34482,
2026-07-17,NSE,BRITANNIA,raw_l2/trade_date=2026-07-17/exchange=NSE/symbol=BRITANNIA/part-070557_997901-027431.parquet,real_data_sample\l2_unseen_validation\trade_date=2026-07-17\exchange=NSE\symbol=BRITANNIA\part-070557_997901-027431.parquet,34426,downloaded,34426,
2026-07-17,NSE,BRITANNIA,raw_l2/trade_date=2026-07-17/exchange=NSE/symbol=BRITANNIA/part-070445_727320-027271.parquet,real_data_sample\l2_unseen_validation\trade_date=2026-07-17\exchange=NSE\symbol=BRITANNIA\part-070445_727320-027271.parquet,34550,downloaded,34550,
2026-07-17,NSE,BRITANNIA,raw_l2/trade_date=2026-07-17/exchange=NSE/symbol=BRITANNIA/part-070529_210158-027367.parquet,real_data_sample\l2_unseen_validation\trade_date=2026-07-17\exchange=NSE\symbol=BRITANNIA\part-070529_210158-027367.parquet,34393,downloaded,34393,
2026-07-17,NSE,BRITANNIA,raw_l2/trade_date=2026-07-17/exchange=NSE/symbol=BRITANNIA/part-070417_290889-027207.parquet,real_data_sample\l2_unseen_validation\trade_date=2026-07-17\exchange=NSE\symbol=BRITANNIA\part-070417_290889-027207.parquet,34731,downloaded,34731,
2026-07-17,NSE,BRITANNIA,raw_l2/trade_date=2026-07-17/exchange=NSE/symbol=BRITANNIA/part-070806_426084-027719.parquet,real_data_sample\l2_unseen_validation\trade_date=2026-07-17\exchange=NSE\symbol=BRITANNIA\part-070806_426084-027719.parquet,34390,downloaded,34390,
2026-07-17,NSE,BRITANNIA,raw_l2/trade_date=2026-07-17/exchange=NSE/symbol=BRITANNIA/part-071043_806797-028071.parquet,real_data_sample\l2_unseen_validation\trade_date=2026-07-17\exchange=NSE\symbol=BRITANNIA\part-071043_806797-028071.parquet,35440,downloaded,35440,
2026-07-17,NSE,BRITANNIA,raw_l2/trade_date=2026-07-17/exchange=NSE/symbol=BRITANNIA/part-070543_821741-027399.parquet,real_data_sample\l2_unseen_validation\trade_date=2026-07-17\exchange=NSE\symbol=BRITANNIA\part-070543_821741-027399.parquet,34492,downloaded,34492,
2026-07-17,NSE,BRITANNIA,raw_l2/trade_date=2026-07-17/exchange=NSE/symbol=BRITANNIA/part-071058_566397-028103.parquet,real_data_sample\l2_unseen_validation\trade_date=2026-07-17\exchange=NSE\symbol=BRITANNIA\part-071058_566397-028103.parquet,35052,downloaded,35052,
2026-07-17,NSE,BRITANNIA,raw_l2/trade_date=2026-07-17/exchange=NSE/symbol=BRITANNIA/part-071127_498068-028167.parquet,real_data_sample\l2_unseen_validation\trade_date=2026-07-17\exchange=NSE\symbol=BRITANNIA\part-071127_498068-028167.parquet,34795,downloaded,34795,
2026-07-17,NSE,BRITANNIA,raw_l2/trade_date=2026-07-17/exchange=NSE/symbol=BRITANNIA/part-070738_231944-027655.parquet,real_data_sample\l2_unseen_validation\trade_date=2026-07-17\exchange=NSE\symbol=BRITANNIA\part-070738_231944-027655.parquet,34466,downloaded,34466,
2026-07-17,NSE,BRITANNIA,raw_l2/trade_date=2026-07-17/exchange=NSE/symbol=BRITANNIA/part-070752_463705-027687.parquet,real_data_sample\l2_unseen_validation\trade_date=2026-07-17\exchange=NSE\symbol=BRITANNIA\part-070752_463705-027687.parquet,34667,downloaded,34667,
2026-07-17,NSE,BRITANNIA,raw_l2/trade_date=2026-07-17/exchange=NSE/symbol=BRITANNIA/part-071029_761225-028039.parquet,real_data_sample\l2_unseen_validation\trade_date=2026-07-17\exchange=NSE\symbol=BRITANNIA\part-071029_761225-028039.parquet,35232,downloaded,35232,
2026-07-17,NSE,BRITANNIA,raw_l2/trade_date=2026-07-17/exchange=NSE/symbol=BRITANNIA/part-070820_491962-027751.parquet,real_data_sample\l2_unseen_validation\trade_date=2026-07-17\exchange=NSE\symbol=BRITANNIA\part-070820_491962-027751.parquet,34380,downloaded,34380,
2026-07-17,NSE,BRITANNIA,raw_l2/trade_date=2026-07-17/exchange=NSE/symbol=BRITANNIA/part-070932_611073-027911.parquet,real_data_sample\l2_unseen_validation\trade_date=2026-07-17\exchange=NSE\symbol=BRITANNIA\part-070932_611073-027911.parquet,34360,downloaded,34360,
2026-07-17,NSE,BRITANNIA,raw_l2/trade_date=2026-07-17/exchange=NSE/symbol=BRITANNIA/part-070724_003878-027623.parquet,real_data_sample\l2_unseen_validation\trade_date=2026-07-17\exchange=NSE\symbol=BRITANNIA\part-070724_003878-027623.parquet,34294,downloaded,34294,
2026-07-17,NSE,BRITANNIA,raw_l2/trade_date=2026-07-17/exchange=NSE/symbol=BRITANNIA/part-070655_497198-027559.parquet,real_data_sample\l2_unseen_validation\trade_date=2026-07-17\exchange=NSE\symbol=BRITANNIA\part-070655_497198-027559.parquet,34534,downloaded,34534,
2026-07-17,NSE,BRITANNIA,raw_l2/trade_date=2026-07-17/exchange=NSE/symbol=BRITANNIA/part-071001_481079-027975.parquet,real_data_sample\l2_unseen_validation\trade_date=2026-07-17\exchange=NSE\symbol=BRITANNIA\part-071001_481079-027975.parquet,34702,downloaded,34702,
2026-07-17,NSE,BRITANNIA,raw_l2/trade_date=2026-07-17/exchange=NSE/symbol=BRITANNIA/part-070947_227513-027943.parquet,real_data_sample\l2_unseen_validation\trade_date=2026-07-17\exchange=NSE\symbol=BRITANNIA\part-070947_227513-027943.parquet,34764,downloaded,34764,
2026-07-17,NSE,BRITANNIA,raw_l2/trade_date=2026-07-17/exchange=NSE/symbol=BRITANNIA/part-070709_738514-027591.parquet,real_data_sample\l2_unseen_validation\trade_date=2026-07-17\exchange=NSE\symbol=BRITANNIA\part-070709_738514-027591.parquet,34366,downloaded,34366,
2026-07-17,NSE,BRITANNIA,raw_l2/trade_date=2026-07-17/exchange=NSE/symbol=BRITANNIA/part-071113_024970-028135.parquet,real_data_sample\l2_unseen_validation\trade_date=2026-07-17\exchange=NSE\symbol=BRITANNIA\part-071113_024970-028135.parquet,35022,downloaded,35022,
2026-07-17,NSE,BRITANNIA,raw_l2/trade_date=2026-07-17/exchange=NSE/symbol=BRITANNIA/part-070903_564516-027847.parquet,real_data_sample\l2_unseen_validation\trade_date=2026-07-17\exchange=NSE\symbol=BRITANNIA\part-070903_564516-027847.parquet,34459,downloaded,34459,
2026-07-17,NSE,BRITANNIA,raw_l2/trade_date=2026-07-17/exchange=NSE/symbol=BRITANNIA/part-071015_718345-028007.parquet,real_data_sample\l2_unseen_validation\trade_date=2026-07-17\exchange=NSE\symbol=BRITANNIA\part-071015_718345-028007.parquet,35208,downloaded,35208,
2026-07-17,NSE,BRITANNIA,raw_l2/trade_date=2026-07-17/exchange=NSE/symbol=BRITANNIA/part-071142_189069-028199.parquet,real_data_sample\l2_unseen_validation\trade_date=2026-07-17\exchange=NSE\symbol=BRITANNIA\part-071142_189069-028199.parquet,34846,downloaded,34846,
2026-07-17,NSE,BRITANNIA,raw_l2/trade_date=2026-07-17/exchange=NSE/symbol=BRITANNIA/part-070641_200988-027527.parquet,real_data_sample\l2_unseen_validation\trade_date=2026-07-17\exchange=NSE\symbol=BRITANNIA\part-070641_200988-027527.parquet,34532,downloaded,34532,
2026-07-17,NSE,BRITANNIA,raw_l2/trade_date=2026-07-17/exchange=NSE/symbol=BRITANNIA/part-070917_961524-027879.parquet,real_data_sample\l2_unseen_validation\trade_date=2026-07-17\exchange=NSE\symbol=BRITANNIA\part-070917_961524-027879.parquet,34500,downloaded,34500,
2026-07-17,NSE,BRITANNIA,raw_l2/trade_date=2026-07-17/exchange=NSE/symbol=BRITANNIA/part-070849_241984-027815.parquet,real_data_sample\l2_unseen_validation\trade_date=2026-07-17\exchange=NSE\symbol=BRITANNIA\part-070849_241984-027815.parquet,34648,downloaded,34648,
2026-07-17,NSE,BRITANNIA,raw_l2/trade_date=2026-07-17/exchange=NSE/symbol=BRITANNIA/part-070500_171048-027303.parquet,real_data_sample\l2_unseen_validation\trade_date=2026-07-17\exchange=NSE\symbol=BRITANNIA\part-070500_171048-027303.parquet,34363,downloaded,34363,
2026-07-17,NSE,BRITANNIA,raw_l2/trade_date=2026-07-17/exchange=NSE/symbol=BRITANNIA/part-070612_464356-027463.parquet,real_data_sample\l2_unseen_validation\trade_date=2026-07-17\exchange=NSE\symbol=BRITANNIA\part-070612_464356-027463.parquet,34384,downloaded,34384,
2026-07-17,NSE,BRITANNIA,raw_l2/trade_date=2026-07-17/exchange=NSE/symbol=BRITANNIA/part-070834_777638-027783.parquet,real_data_sample\l2_unseen_validation\trade_date=2026-07-17\exchange=NSE\symbol=BRITANNIA\part-070834_777638-027783.parquet,34763,downloaded,34763,
2026-07-17,NSE,BRITANNIA,raw_l2/trade_date=2026-07-17/exchange=NSE/symbol=BRITANNIA/part-070514_800071-027335.parquet,real_data_sample\l2_unseen_validation\trade_date=2026-07-17\exchange=NSE\symbol=BRITANNIA\part-070514_800071-027335.parquet,34464,downloaded,34464,
2026-07-17,NSE,BRITANNIA,raw_l2/trade_date=2026-07-17/exchange=NSE/symbol=BRITANNIA/part-070626_732298-027495.parquet,real_data_sample\l2_unseen_validation\trade_date=2026-07-17\exchange=NSE\symbol=BRITANNIA\part-070626_732298-027495.parquet,34381,downloaded,34381,
2026-07-17,NSE,BRITANNIA,raw_l2/trade_date=2026-07-17/exchange=NSE/symbol=BRITANNIA/part-071823_474674-029095.parquet,real_data_sample\l2_unseen_validation\trade_date=2026-07-17\exchange=NSE\symbol=BRITANNIA\part-071823_474674-029095.parquet,34741,downloaded,34741,
2026-07-17,NSE,BRITANNIA,raw_l2/trade_date=2026-07-17/exchange=NSE/symbol=BRITANNIA/part-071809_019906-029063.parquet,real_data_sample\l2_unseen_validation\trade_date=2026-07-17\exchange=NSE\symbol=BRITANNIA\part-071809_019906-029063.parquet,34721,downloaded,34721,
2026-07-17,NSE,BRITANNIA,raw_l2/trade_date=2026-07-17/exchange=NSE/symbol=BRITANNIA/part-071156_770171-028231.parquet,real_data_sample\l2_unseen_validation\trade_date=2026-07-17\exchange=NSE\symbol=BRITANNIA\part-071156_770171-028231.parquet,34603,downloaded,34603,
2026-07-17,NSE,BRITANNIA,raw_l2/trade_date=2026-07-17/exchange=NSE/symbol=BRITANNIA/part-071254_557077-028359.parquet,real_data_sample\l2_unseen_validation\trade_date=2026-07-17\exchange=NSE\symbol=BRITANNIA\part-071254_557077-028359.parquet,34854,downloaded,34854,
2026-07-17,NSE,BRITANNIA,raw_l2/trade_date=2026-07-17/exchange=NSE/symbol=BRITANNIA/part-071615_223299-028807.parquet,real_data_sample\l2_unseen_validation\trade_date=2026-07-17\exchange=NSE\symbol=BRITANNIA\part-071615_223299-028807.parquet,35067,downloaded,35067,
2026-07-17,NSE,BRITANNIA,raw_l2/trade_date=2026-07-17/exchange=NSE/symbol=BRITANNIA/part-071754_718809-029031.parquet,real_data_sample\l2_unseen_validation\trade_date=2026-07-17\exchange=NSE\symbol=BRITANNIA\part-071754_718809-029031.parquet,34791,downloaded,34791,
2026-07-17,NSE,BRITANNIA,raw_l2/trade_date=2026-07-17/exchange=NSE/symbol=BRITANNIA/part-071517_760626-028679.parquet,real_data_sample\l2_unseen_validation\trade_date=2026-07-17\exchange=NSE\symbol=BRITANNIA\part-071517_760626-028679.parquet,34822,downloaded,34822,
2026-07-17,NSE,BRITANNIA,raw_l2/trade_date=2026-07-17/exchange=NSE/symbol=BRITANNIA/part-071225_777109-028295.parquet,real_data_sample\l2_unseen_validation\trade_date=2026-07-17\exchange=NSE\symbol=BRITANNIA\part-071225_777109-028295.parquet,34629,downloaded,34629,
2026-07-17,NSE,BRITANNIA,raw_l2/trade_date=2026-07-17/exchange=NSE/symbol=BRITANNIA/part-071211_226812-028263.parquet,real_data_sample\l2_unseen_validation\trade_date=2026-07-17\exchange=NSE\symbol=BRITANNIA\part-071211_226812-028263.parquet,34760,downloaded,34760,
2026-07-17,NSE,BRITANNIA,raw_l2/trade_date=2026-07-17/exchange=NSE/symbol=BRITANNIA/part-071852_775911-029159.parquet,real_data_sample\l2_unseen_validation\trade_date=2026-07-17\exchange=NSE\symbol=BRITANNIA\part-071852_775911-029159.parquet,34639,downloaded,34639,
2026-07-17,NSE,BRITANNIA,raw_l2/trade_date=2026-07-17/exchange=NSE/symbol=BRITANNIA/part-071740_482288-028999.parquet,real_data_sample\l2_unseen_validation\trade_date=2026-07-17\exchange=NSE\symbol=BRITANNIA\part-071740_482288-028999.parquet,34686,downloaded,34686,
2026-07-17,NSE,BRITANNIA,raw_l2/trade_date=2026-07-17/exchange=NSE/symbol=BRITANNIA/part-071434_490223-028583.parquet,real_data_sample\l2_unseen_validation\trade_date=2026-07-17\exchange=NSE\symbol=BRITANNIA\part-071434_490223-028583.parquet,34493,downloaded,34493,
2026-07-17,NSE,BRITANNIA,raw_l2/trade_date=2026-07-17/exchange=NSE/symbol=BRITANNIA/part-071907_706041-029191.parquet,real_data_sample\l2_unseen_validation\trade_date=2026-07-17\exchange=NSE\symbol=BRITANNIA\part-071907_706041-029191.parquet,34737,downloaded,34737,
2026-07-17,NSE,BRITANNIA,raw_l2/trade_date=2026-07-17/exchange=NSE/symbol=BRITANNIA/part-071351_776331-028487.parquet,real_data_sample\l2_unseen_validation\trade_date=2026-07-17\exchange=NSE\symbol=BRITANNIA\part-071351_776331-028487.parquet,35127,downloaded,35127,
2026-07-17,NSE,BRITANNIA,raw_l2/trade_date=2026-07-17/exchange=NSE/symbol=BRITANNIA/part-071323_056040-028423.parquet,real_data_sample\l2_unseen_validation\trade_date=2026-07-17\exchange=NSE\symbol=BRITANNIA\part-071323_056040-028423.parquet,35680,downloaded,35680,
2026-07-17,NSE,BRITANNIA,raw_l2/trade_date=2026-07-17/exchange=NSE/symbol=BRITANNIA/part-071921_833537-029223.parquet,real_data_sample\l2_unseen_validation\trade_date=2026-07-17\exchange=NSE\symbol=BRITANNIA\part-071921_833537-029223.parquet,34674,downloaded,34674,
2026-07-17,NSE,BRITANNIA,raw_l2/trade_date=2026-07-17/exchange=NSE/symbol=BRITANNIA/part-071308_719513-028391.parquet,real_data_sample\l2_unseen_validation\trade_date=2026-07-17\exchange=NSE\symbol=BRITANNIA\part-071308_719513-028391.parquet,34731,downloaded,34731,
2026-07-17,NSE,BRITANNIA,raw_l2/trade_date=2026-07-17/exchange=NSE/symbol=BRITANNIA/part-071546_487664-028743.parquet,real_data_sample\l2_unseen_validation\trade_date=2026-07-17\exchange=NSE\symbol=BRITANNIA\part-071546_487664-028743.parquet,35439,downloaded,35439,
2026-07-17,NSE,BRITANNIA,raw_l2/trade_date=2026-07-17/exchange=NSE/symbol=BRITANNIA/part-071420_291940-028551.parquet,real_data_sample\l2_unseen_validation\trade_date=2026-07-17\exchange=NSE\symbol=BRITANNIA\part-071420_291940-028551.parquet,35021,downloaded,35021,
2026-07-17,NSE,BRITANNIA,raw_l2/trade_date=2026-07-17/exchange=NSE/symbol=BRITANNIA/part-071240_245742-028327.parquet,real_data_sample\l2_unseen_validation\trade_date=2026-07-17\exchange=NSE\symbol=BRITANNIA\part-071240_245742-028327.parquet,34678,downloaded,34678,
2026-07-17,NSE,BRITANNIA,raw_l2/trade_date=2026-07-17/exchange=NSE/symbol=BRITANNIA/part-071448_851167-028615.parquet,real_data_sample\l2_unseen_validation\trade_date=2026-07-17\exchange=NSE\symbol=BRITANNIA\part-071448_851167-028615.parquet,34712,downloaded,34712,
2026-07-17,NSE,BRITANNIA,raw_l2/trade_date=2026-07-17/exchange=NSE/symbol=BRITANNIA/part-071837_786987-029127.parquet,real_data_sample\l2_unseen_validation\trade_date=2026-07-17\exchange=NSE\symbol=BRITANNIA\part-071837_786987-029127.parquet,34710,downloaded,34710,
2026-07-17,NSE,BRITANNIA,raw_l2/trade_date=2026-07-17/exchange=NSE/symbol=BRITANNIA/part-071337_202032-028455.parquet,real_data_sample\l2_unseen_validation\trade_date=2026-07-17\exchange=NSE\symbol=BRITANNIA\part-071337_202032-028455.parquet,35453,downloaded,35453,
2026-07-17,NSE,BRITANNIA,raw_l2/trade_date=2026-07-17/exchange=NSE/symbol=BRITANNIA/part-071503_315374-028647.parquet,real_data_sample\l2_unseen_validation\trade_date=2026-07-17\exchange=NSE\symbol=BRITANNIA\part-071503_315374-028647.parquet,34805,downloaded,34805,
2026-07-17,NSE,BRITANNIA,raw_l2/trade_date=2026-07-17/exchange=NSE/symbol=BRITANNIA/part-071405_985363-028519.parquet,real_data_sample\l2_unseen_validation\trade_date=2026-07-17\exchange=NSE\symbol=BRITANNIA\part-071405_985363-028519.parquet,35094,downloaded,35094,
2026-07-17,NSE,BRITANNIA,raw_l2/trade_date=2026-07-17/exchange=NSE/symbol=BRITANNIA/part-071726_178015-028967.parquet,real_data_sample\l2_unseen_validation\trade_date=2026-07-17\exchange=NSE\symbol=BRITANNIA\part-071726_178015-028967.parquet,34789,downloaded,34789,
2026-07-17,NSE,BRITANNIA,raw_l2/trade_date=2026-07-17/exchange=NSE/symbol=BRITANNIA/part-071643_702693-028871.parquet,real_data_sample\l2_unseen_validation\trade_date=2026-07-17\exchange=NSE\symbol=BRITANNIA\part-071643_702693-028871.parquet,34634,downloaded,34634,
2026-07-17,NSE,BRITANNIA,raw_l2/trade_date=2026-07-17/exchange=NSE/symbol=BRITANNIA/part-071600_981355-028775.parquet,real_data_sample\l2_unseen_validation\trade_date=2026-07-17\exchange=NSE\symbol=BRITANNIA\part-071600_981355-028775.parquet,35028,downloaded,35028,
2026-07-17,NSE,BRITANNIA,raw_l2/trade_date=2026-07-17/exchange=NSE/symbol=BRITANNIA/part-071711_996587-028935.parquet,real_data_sample\l2_unseen_validation\trade_date=2026-07-17\exchange=NSE\symbol=BRITANNIA\part-071711_996587-028935.parquet,34551,downloaded,34551,
2026-07-17,NSE,BRITANNIA,raw_l2/trade_date=2026-07-17/exchange=NSE/symbol=BRITANNIA/part-071531_993678-028711.parquet,real_data_sample\l2_unseen_validation\trade_date=2026-07-17\exchange=NSE\symbol=BRITANNIA\part-071531_993678-028711.parquet,35156,downloaded,35156,
2026-07-17,NSE,BRITANNIA,raw_l2/trade_date=2026-07-17/exchange=NSE/symbol=BRITANNIA/part-071657_943670-028903.parquet,real_data_sample\l2_unseen_validation\trade_date=2026-07-17\exchange=NSE\symbol=BRITANNIA\part-071657_943670-028903.parquet,34730,downloaded,34730,
2026-07-17,NSE,BRITANNIA,raw_l2/trade_date=2026-07-17/exchange=NSE/symbol=BRITANNIA/part-071629_507873-028839.parquet,real_data_sample\l2_unseen_validation\trade_date=2026-07-17\exchange=NSE\symbol=BRITANNIA\part-071629_507873-028839.parquet,34565,downloaded,34565,
2026-07-17,NSE,BRITANNIA,raw_l2/trade_date=2026-07-17/exchange=NSE/symbol=BRITANNIA/part-072004_554583-029319.parquet,real_data_sample\l2_unseen_validation\trade_date=2026-07-17\exchange=NSE\symbol=BRITANNIA\part-072004_554583-029319.parquet,34682,downloaded,34682,
2026-07-17,NSE,BRITANNIA,raw_l2/trade_date=2026-07-17/exchange=NSE/symbol=BRITANNIA/part-072144_204162-029543.parquet,real_data_sample\l2_unseen_validation\trade_date=2026-07-17\exchange=NSE\symbol=BRITANNIA\part-072144_204162-029543.parquet,35244,downloaded,35244,
2026-07-17,NSE,BRITANNIA,raw_l2/trade_date=2026-07-17/exchange=NSE/symbol=BRITANNIA/part-072018_959127-029351.parquet,real_data_sample\l2_unseen_validation\trade_date=2026-07-17\exchange=NSE\symbol=BRITANNIA\part-072018_959127-029351.parquet,34715,downloaded,34715,
2026-07-17,NSE,BRITANNIA,raw_l2/trade_date=2026-07-17/exchange=NSE/symbol=BRITANNIA/part-072130_088534-029511.parquet,real_data_sample\l2_unseen_validation\trade_date=2026-07-17\exchange=NSE\symbol=BRITANNIA\part-072130_088534-029511.parquet,35425,downloaded,35425,
2026-07-17,NSE,BRITANNIA,raw_l2/trade_date=2026-07-17/exchange=NSE/symbol=BRITANNIA/part-072338_733788-029799.parquet,real_data_sample\l2_unseen_validation\trade_date=2026-07-17\exchange=NSE\symbol=BRITANNIA\part-072338_733788-029799.parquet,34506,downloaded,34506,
2026-07-17,NSE,BRITANNIA,raw_l2/trade_date=2026-07-17/exchange=NSE/symbol=BRITANNIA/part-072033_255308-029383.parquet,real_data_sample\l2_unseen_validation\trade_date=2026-07-17\exchange=NSE\symbol=BRITANNIA\part-072033_255308-029383.parquet,34825,downloaded,34825,
2026-07-17,NSE,BRITANNIA,raw_l2/trade_date=2026-07-17/exchange=NSE/symbol=BRITANNIA/part-072255_736586-029703.parquet,real_data_sample\l2_unseen_validation\trade_date=2026-07-17\exchange=NSE\symbol=BRITANNIA\part-072255_736586-029703.parquet,34871,downloaded,34871,
2026-07-17,NSE,BRITANNIA,raw_l2/trade_date=2026-07-17/exchange=NSE/symbol=BRITANNIA/part-072310_012965-029735.parquet,real_data_sample\l2_unseen_validation\trade_date=2026-07-17\exchange=NSE\symbol=BRITANNIA\part-072310_012965-029735.parquet,34690,downloaded,34690,
2026-07-17,NSE,BRITANNIA,raw_l2/trade_date=2026-07-17/exchange=NSE/symbol=BRITANNIA/part-072324_251506-029767.parquet,real_data_sample\l2_unseen_validation\trade_date=2026-07-17\exchange=NSE\symbol=BRITANNIA\part-072324_251506-029767.parquet,34771,downloaded,34771,
2026-07-17,NSE,BRITANNIA,raw_l2/trade_date=2026-07-17/exchange=NSE/symbol=BRITANNIA/part-071936_257150-029255.parquet,real_data_sample\l2_unseen_validation\trade_date=2026-07-17\exchange=NSE\symbol=BRITANNIA\part-071936_257150-029255.parquet,34591,downloaded,34591,
2026-07-17,NSE,BRITANNIA,raw_l2/trade_date=2026-07-17/exchange=NSE/symbol=BRITANNIA/part-072047_507173-029415.parquet,real_data_sample\l2_unseen_validation\trade_date=2026-07-17\exchange=NSE\symbol=BRITANNIA\part-072047_507173-029415.parquet,34971,downloaded,34971,
2026-07-17,NSE,BRITANNIA,raw_l2/trade_date=2026-07-17/exchange=NSE/symbol=BRITANNIA/part-072241_562212-029671.parquet,real_data_sample\l2_unseen_validation\trade_date=2026-07-17\exchange=NSE\symbol=BRITANNIA\part-072241_562212-029671.parquet,34586,downloaded,34586,
2026-07-17,NSE,BRITANNIA,raw_l2/trade_date=2026-07-17/exchange=NSE/symbol=BRITANNIA/part-072227_187318-029639.parquet,real_data_sample\l2_unseen_validation\trade_date=2026-07-17\exchange=NSE\symbol=BRITANNIA\part-072227_187318-029639.parquet,34501,downloaded,34501,
2026-07-17,NSE,BRITANNIA,raw_l2/trade_date=2026-07-17/exchange=NSE/symbol=BRITANNIA/part-072115_970574-029479.parquet,real_data_sample\l2_unseen_validation\trade_date=2026-07-17\exchange=NSE\symbol=BRITANNIA\part-072115_970574-029479.parquet,35113,downloaded,35113,
2026-07-17,NSE,BRITANNIA,raw_l2/trade_date=2026-07-17/exchange=NSE/symbol=BRITANNIA/part-072213_236353-029607.parquet,real_data_sample\l2_unseen_validation\trade_date=2026-07-17\exchange=NSE\symbol=BRITANNIA\part-072213_236353-029607.parquet,34860,downloaded,34860,
2026-07-17,NSE,BRITANNIA,raw_l2/trade_date=2026-07-17/exchange=NSE/symbol=BRITANNIA/part-072101_756827-029447.parquet,real_data_sample\l2_unseen_validation\trade_date=2026-07-17\exchange=NSE\symbol=BRITANNIA\part-072101_756827-029447.parquet,34660,downloaded,34660,
2026-07-17,NSE,BRITANNIA,raw_l2/trade_date=2026-07-17/exchange=NSE/symbol=BRITANNIA/part-071950_454801-029287.parquet,real_data_sample\l2_unseen_validation\trade_date=2026-07-17\exchange=NSE\symbol=BRITANNIA\part-071950_454801-029287.parquet,34582,downloaded,34582,
2026-07-17,NSE,BRITANNIA,raw_l2/trade_date=2026-07-17/exchange=NSE/symbol=BRITANNIA/part-072601_244635-030119.parquet,real_data_sample\l2_unseen_validation\trade_date=2026-07-17\exchange=NSE\symbol=BRITANNIA\part-072601_244635-030119.parquet,34753,downloaded,34753,
2026-07-17,NSE,BRITANNIA,raw_l2/trade_date=2026-07-17/exchange=NSE/symbol=BRITANNIA/part-072158_268762-029575.parquet,real_data_sample\l2_unseen_validation\trade_date=2026-07-17\exchange=NSE\symbol=BRITANNIA\part-072158_268762-029575.parquet,34927,downloaded,34927,
2026-07-17,NSE,BRITANNIA,raw_l2/trade_date=2026-07-17/exchange=NSE/symbol=BRITANNIA/part-072407_256661-029863.parquet,real_data_sample\l2_unseen_validation\trade_date=2026-07-17\exchange=NSE\symbol=BRITANNIA\part-072407_256661-029863.parquet,34688,downloaded,34688,
2026-07-17,NSE,BRITANNIA,raw_l2/trade_date=2026-07-17/exchange=NSE/symbol=BRITANNIA/part-072353_038145-029831.parquet,real_data_sample\l2_unseen_validation\trade_date=2026-07-17\exchange=NSE\symbol=BRITANNIA\part-072353_038145-029831.parquet,34715,downloaded,34715,
2026-07-17,NSE,BRITANNIA,raw_l2/trade_date=2026-07-17/exchange=NSE/symbol=BRITANNIA/part-072644_192567-030215.parquet,real_data_sample\l2_unseen_validation\trade_date=2026-07-17\exchange=NSE\symbol=BRITANNIA\part-072644_192567-030215.parquet,34500,downloaded,34500,
2026-07-17,NSE,BRITANNIA,raw_l2/trade_date=2026-07-17/exchange=NSE/symbol=BRITANNIA/part-072518_706368-030023.parquet,real_data_sample\l2_unseen_validation\trade_date=2026-07-17\exchange=NSE\symbol=BRITANNIA\part-072518_706368-030023.parquet,34711,downloaded,34711,
2026-07-17,NSE,BRITANNIA,raw_l2/trade_date=2026-07-17/exchange=NSE/symbol=BRITANNIA/part-072450_025248-029959.parquet,real_data_sample\l2_unseen_validation\trade_date=2026-07-17\exchange=NSE\symbol=BRITANNIA\part-072450_025248-029959.parquet,34670,downloaded,34670,
2026-07-17,NSE,BRITANNIA,raw_l2/trade_date=2026-07-17/exchange=NSE/symbol=BRITANNIA/part-072421_464309-029895.parquet,real_data_sample\l2_unseen_validation\trade_date=2026-07-17\exchange=NSE\symbol=BRITANNIA\part-072421_464309-029895.parquet,34550,downloaded,34550,
2026-07-17,NSE,BRITANNIA,raw_l2/trade_date=2026-07-17/exchange=NSE/symbol=BRITANNIA/part-072629_551930-030183.parquet,real_data_sample\l2_unseen_validation\trade_date=2026-07-17\exchange=NSE\symbol=BRITANNIA\part-072629_551930-030183.parquet,34588,downloaded,34588,
2026-07-17,NSE,BRITANNIA,raw_l2/trade_date=2026-07-17/exchange=NSE/symbol=BRITANNIA/part-072547_238125-030087.parquet,real_data_sample\l2_unseen_validation\trade_date=2026-07-17\exchange=NSE\symbol=BRITANNIA\part-072547_238125-030087.parquet,34374,downloaded,34374,
2026-07-17,NSE,BRITANNIA,raw_l2/trade_date=2026-07-17/exchange=NSE/symbol=BRITANNIA/part-072504_671220-029991.parquet,real_data_sample\l2_unseen_validation\trade_date=2026-07-17\exchange=NSE\symbol=BRITANNIA\part-072504_671220-029991.parquet,34576,downloaded,34576,
2026-07-17,NSE,BRITANNIA,raw_l2/trade_date=2026-07-17/exchange=NSE/symbol=BRITANNIA/part-072532_964196-030055.parquet,real_data_sample\l2_unseen_validation\trade_date=2026-07-17\exchange=NSE\symbol=BRITANNIA\part-072532_964196-030055.parquet,34469,downloaded,34469,
2026-07-17,NSE,BRITANNIA,raw_l2/trade_date=2026-07-17/exchange=NSE/symbol=BRITANNIA/part-072435_738294-029927.parquet,real_data_sample\l2_unseen_validation\trade_date=2026-07-17\exchange=NSE\symbol=BRITANNIA\part-072435_738294-029927.parquet,34601,downloaded,34601,
2026-07-17,NSE,BRITANNIA,raw_l2/trade_date=2026-07-17/exchange=NSE/symbol=BRITANNIA/part-072658_233755-030247.parquet,real_data_sample\l2_unseen_validation\trade_date=2026-07-17\exchange=NSE\symbol=BRITANNIA\part-072658_233755-030247.parquet,34656,downloaded,34656,
2026-07-17,NSE,BRITANNIA,raw_l2/trade_date=2026-07-17/exchange=NSE/symbol=BRITANNIA/part-072615_409778-030151.parquet,real_data_sample\l2_unseen_validation\trade_date=2026-07-17\exchange=NSE\symbol=BRITANNIA\part-072615_409778-030151.parquet,34682,downloaded,34682,
2026-07-17,NSE,BRITANNIA,raw_l2/trade_date=2026-07-17/exchange=NSE/symbol=BRITANNIA/part-072741_569134-030343.parquet,real_data_sample\l2_unseen_validation\trade_date=2026-07-17\exchange=NSE\symbol=BRITANNIA\part-072741_569134-030343.parquet,34566,downloaded,34566,
2026-07-17,NSE,BRITANNIA,raw_l2/trade_date=2026-07-17/exchange=NSE/symbol=BRITANNIA/part-072810_518594-030407.parquet,real_data_sample\l2_unseen_validation\trade_date=2026-07-17\exchange=NSE\symbol=BRITANNIA\part-072810_518594-030407.parquet,34482,downloaded,34482,
2026-07-17,NSE,BRITANNIA,raw_l2/trade_date=2026-07-17/exchange=NSE/symbol=BRITANNIA/part-072712_706589-030279.parquet,real_data_sample\l2_unseen_validation\trade_date=2026-07-17\exchange=NSE\symbol=BRITANNIA\part-072712_706589-030279.parquet,34665,downloaded,34665,
2026-07-17,NSE,BRITANNIA,raw_l2/trade_date=2026-07-17/exchange=NSE/symbol=BRITANNIA/part-072755_949810-030375.parquet,real_data_sample\l2_unseen_validation\trade_date=2026-07-17\exchange=NSE\symbol=BRITANNIA\part-072755_949810-030375.parquet,34514,downloaded,34514,
2026-07-17,NSE,BRITANNIA,raw_l2/trade_date=2026-07-17/exchange=NSE/symbol=BRITANNIA/part-072727_265679-030311.parquet,real_data_sample\l2_unseen_validation\trade_date=2026-07-17\exchange=NSE\symbol=BRITANNIA\part-072727_265679-030311.parquet,34782,downloaded,34782,
2026-07-17,NSE,BRITANNIA,raw_l2/trade_date=2026-07-17/exchange=NSE/symbol=BRITANNIA/part-073008_204830-030663.parquet,real_data_sample\l2_unseen_validation\trade_date=2026-07-17\exchange=NSE\symbol=BRITANNIA\part-073008_204830-030663.parquet,34409,downloaded,34409,
2026-07-17,NSE,BRITANNIA,raw_l2/trade_date=2026-07-17/exchange=NSE/symbol=BRITANNIA/part-073022_491981-030695.parquet,real_data_sample\l2_unseen_validation\trade_date=2026-07-17\exchange=NSE\symbol=BRITANNIA\part-073022_491981-030695.parquet,34453,downloaded,34453,
2026-07-17,NSE,BRITANNIA,raw_l2/trade_date=2026-07-17/exchange=NSE/symbol=BRITANNIA/part-073231_012643-030983.parquet,real_data_sample\l2_unseen_validation\trade_date=2026-07-17\exchange=NSE\symbol=BRITANNIA\part-073231_012643-030983.parquet,34438,downloaded,34438,
2026-07-17,NSE,BRITANNIA,raw_l2/trade_date=2026-07-17/exchange=NSE/symbol=BRITANNIA/part-073202_741636-030919.parquet,real_data_sample\l2_unseen_validation\trade_date=2026-07-17\exchange=NSE\symbol=BRITANNIA\part-073202_741636-030919.parquet,34364,downloaded,34364,
2026-07-17,NSE,BRITANNIA,raw_l2/trade_date=2026-07-17/exchange=NSE/symbol=BRITANNIA/part-072953_769144-030631.parquet,real_data_sample\l2_unseen_validation\trade_date=2026-07-17\exchange=NSE\symbol=BRITANNIA\part-072953_769144-030631.parquet,34713,downloaded,34713,
2026-07-17,NSE,BRITANNIA,raw_l2/trade_date=2026-07-17/exchange=NSE/symbol=BRITANNIA/part-072909_846325-030535.parquet,real_data_sample\l2_unseen_validation\trade_date=2026-07-17\exchange=NSE\symbol=BRITANNIA\part-072909_846325-030535.parquet,34621,downloaded,34621,
2026-07-17,NSE,BRITANNIA,raw_l2/trade_date=2026-07-17/exchange=NSE/symbol=BRITANNIA/part-072855_242582-030503.parquet,real_data_sample\l2_unseen_validation\trade_date=2026-07-17\exchange=NSE\symbol=BRITANNIA\part-072855_242582-030503.parquet,34949,downloaded,34949,
2026-07-17,NSE,BRITANNIA,raw_l2/trade_date=2026-07-17/exchange=NSE/symbol=BRITANNIA/part-073259_524685-031047.parquet,real_data_sample\l2_unseen_validation\trade_date=2026-07-17\exchange=NSE\symbol=BRITANNIA\part-073259_524685-031047.parquet,34628,downloaded,34628,
2026-07-17,NSE,BRITANNIA,raw_l2/trade_date=2026-07-17/exchange=NSE/symbol=BRITANNIA/part-073036_718080-030727.parquet,real_data_sample\l2_unseen_validation\trade_date=2026-07-17\exchange=NSE\symbol=BRITANNIA\part-073036_718080-030727.parquet,34843,downloaded,34843,
2026-07-17,NSE,BRITANNIA,raw_l2/trade_date=2026-07-17/exchange=NSE/symbol=BRITANNIA/part-073148_492921-030887.parquet,real_data_sample\l2_unseen_validation\trade_date=2026-07-17\exchange=NSE\symbol=BRITANNIA\part-073148_492921-030887.parquet,34436,downloaded,34436,
2026-07-17,NSE,BRITANNIA,raw_l2/trade_date=2026-07-17/exchange=NSE/symbol=BRITANNIA/part-072824_962141-030439.parquet,real_data_sample\l2_unseen_validation\trade_date=2026-07-17\exchange=NSE\symbol=BRITANNIA\part-072824_962141-030439.parquet,34416,downloaded,34416,
2026-07-17,NSE,BRITANNIA,raw_l2/trade_date=2026-07-17/exchange=NSE/symbol=BRITANNIA/part-072939_322148-030599.parquet,real_data_sample\l2_unseen_validation\trade_date=2026-07-17\exchange=NSE\symbol=BRITANNIA\part-072939_322148-030599.parquet,34789,downloaded,34789,
2026-07-17,NSE,BRITANNIA,raw_l2/trade_date=2026-07-17/exchange=NSE/symbol=BRITANNIA/part-072924_599969-030567.parquet,real_data_sample\l2_unseen_validation\trade_date=2026-07-17\exchange=NSE\symbol=BRITANNIA\part-072924_599969-030567.parquet,34642,downloaded,34642,
2026-07-17,NSE,BRITANNIA,raw_l2/trade_date=2026-07-17/exchange=NSE/symbol=BRITANNIA/part-072840_433820-030471.parquet,real_data_sample\l2_unseen_validation\trade_date=2026-07-17\exchange=NSE\symbol=BRITANNIA\part-072840_433820-030471.parquet,34269,downloaded,34269,
2026-07-17,NSE,BRITANNIA,raw_l2/trade_date=2026-07-17/exchange=NSE/symbol=BRITANNIA/part-073216_950774-030951.parquet,real_data_sample\l2_unseen_validation\trade_date=2026-07-17\exchange=NSE\symbol=BRITANNIA\part-073216_950774-030951.parquet,34681,downloaded,34681,
2026-07-17,NSE,BRITANNIA,raw_l2/trade_date=2026-07-17/exchange=NSE/symbol=BRITANNIA/part-073245_238993-031015.parquet,real_data_sample\l2_unseen_validation\trade_date=2026-07-17\exchange=NSE\symbol=BRITANNIA\part-073245_238993-031015.parquet,34860,downloaded,34860,
2026-07-17,NSE,BRITANNIA,raw_l2/trade_date=2026-07-17/exchange=NSE/symbol=BRITANNIA/part-073119_964411-030823.parquet,real_data_sample\l2_unseen_validation\trade_date=2026-07-17\exchange=NSE\symbol=BRITANNIA\part-073119_964411-030823.parquet,34799,downloaded,34799,
2026-07-17,NSE,BRITANNIA,raw_l2/trade_date=2026-07-17/exchange=NSE/symbol=BRITANNIA/part-073410_725367-031207.parquet,real_data_sample\l2_unseen_validation\trade_date=2026-07-17\exchange=NSE\symbol=BRITANNIA\part-073410_725367-031207.parquet,34745,downloaded,34745,
2026-07-17,NSE,BRITANNIA,raw_l2/trade_date=2026-07-17/exchange=NSE/symbol=BRITANNIA/part-073133_987628-030855.parquet,real_data_sample\l2_unseen_validation\trade_date=2026-07-17\exchange=NSE\symbol=BRITANNIA\part-073133_987628-030855.parquet,34572,downloaded,34572,
2026-07-17,NSE,BRITANNIA,raw_l2/trade_date=2026-07-17/exchange=NSE/symbol=BRITANNIA/part-073051_017065-030759.parquet,real_data_sample\l2_unseen_validation\trade_date=2026-07-17\exchange=NSE\symbol=BRITANNIA\part-073051_017065-030759.parquet,34393,downloaded,34393,
2026-07-17,NSE,BRITANNIA,raw_l2/trade_date=2026-07-17/exchange=NSE/symbol=BRITANNIA/part-073342_462323-031143.parquet,real_data_sample\l2_unseen_validation\trade_date=2026-07-17\exchange=NSE\symbol=BRITANNIA\part-073342_462323-031143.parquet,34864,downloaded,34864,
2026-07-17,NSE,BRITANNIA,raw_l2/trade_date=2026-07-17/exchange=NSE/symbol=BRITANNIA/part-073105_573666-030791.parquet,real_data_sample\l2_unseen_validation\trade_date=2026-07-17\exchange=NSE\symbol=BRITANNIA\part-073105_573666-030791.parquet,34566,downloaded,34566,
2026-07-17,NSE,BRITANNIA,raw_l2/trade_date=2026-07-17/exchange=NSE/symbol=BRITANNIA/part-073439_303088-031271.parquet,real_data_sample\l2_unseen_validation\trade_date=2026-07-17\exchange=NSE\symbol=BRITANNIA\part-073439_303088-031271.parquet,35425,downloaded,35425,
2026-07-17,NSE,BRITANNIA,raw_l2/trade_date=2026-07-17/exchange=NSE/symbol=BRITANNIA/part-073356_510215-031175.parquet,real_data_sample\l2_unseen_validation\trade_date=2026-07-17\exchange=NSE\symbol=BRITANNIA\part-073356_510215-031175.parquet,34826,downloaded,34826,
2026-07-17,NSE,BRITANNIA,raw_l2/trade_date=2026-07-17/exchange=NSE/symbol=BRITANNIA/part-073313_780538-031079.parquet,real_data_sample\l2_unseen_validation\trade_date=2026-07-17\exchange=NSE\symbol=BRITANNIA\part-073313_780538-031079.parquet,34659,downloaded,34659,
2026-07-17,NSE,BRITANNIA,raw_l2/trade_date=2026-07-17/exchange=NSE/symbol=BRITANNIA/part-073425_005898-031239.parquet,real_data_sample\l2_unseen_validation\trade_date=2026-07-17\exchange=NSE\symbol=BRITANNIA\part-073425_005898-031239.parquet,35065,downloaded,35065,
2026-07-17,NSE,BRITANNIA,raw_l2/trade_date=2026-07-17/exchange=NSE/symbol=BRITANNIA/part-073328_052658-031111.parquet,real_data_sample\l2_unseen_validation\trade_date=2026-07-17\exchange=NSE\symbol=BRITANNIA\part-073328_052658-031111.parquet,34566,downloaded,34566,
2026-07-17,NSE,BRITANNIA,raw_l2/trade_date=2026-07-17/exchange=NSE/symbol=BRITANNIA/part-073453_700775-031303.parquet,real_data_sample\l2_unseen_validation\trade_date=2026-07-17\exchange=NSE\symbol=BRITANNIA\part-073453_700775-031303.parquet,34949,downloaded,34949,
2026-07-17,NSE,BRITANNIA,raw_l2/trade_date=2026-07-17/exchange=NSE/symbol=BRITANNIA/part-073521_945990-031367.parquet,real_data_sample\l2_unseen_validation\trade_date=2026-07-17\exchange=NSE\symbol=BRITANNIA\part-073521_945990-031367.parquet,34985,downloaded,34985,
2026-07-17,NSE,BRITANNIA,raw_l2/trade_date=2026-07-17/exchange=NSE/symbol=BRITANNIA/part-073536_258022-031399.parquet,real_data_sample\l2_unseen_validation\trade_date=2026-07-17\exchange=NSE\symbol=BRITANNIA\part-073536_258022-031399.parquet,34842,downloaded,34842,
2026-07-17,NSE,BRITANNIA,raw_l2/trade_date=2026-07-17/exchange=NSE/symbol=BRITANNIA/part-073507_805145-031335.parquet,real_data_sample\l2_unseen_validation\trade_date=2026-07-17\exchange=NSE\symbol=BRITANNIA\part-073507_805145-031335.parquet,35097,downloaded,35097,
2026-07-17,NSE,BRITANNIA,raw_l2/trade_date=2026-07-17/exchange=NSE/symbol=BRITANNIA/part-073715_715332-031623.parquet,real_data_sample\l2_unseen_validation\trade_date=2026-07-17\exchange=NSE\symbol=BRITANNIA\part-073715_715332-031623.parquet,34852,downloaded,34852,
2026-07-17,NSE,BRITANNIA,raw_l2/trade_date=2026-07-17/exchange=NSE/symbol=BRITANNIA/part-073757_682042-031719.parquet,real_data_sample\l2_unseen_validation\trade_date=2026-07-17\exchange=NSE\symbol=BRITANNIA\part-073757_682042-031719.parquet,34978,downloaded,34978,
2026-07-17,NSE,BRITANNIA,raw_l2/trade_date=2026-07-17/exchange=NSE/symbol=BRITANNIA/part-073729_714540-031655.parquet,real_data_sample\l2_unseen_validation\trade_date=2026-07-17\exchange=NSE\symbol=BRITANNIA\part-073729_714540-031655.parquet,35196,downloaded,35196,
2026-07-17,NSE,BRITANNIA,raw_l2/trade_date=2026-07-17/exchange=NSE/symbol=BRITANNIA/part-073811_929279-031751.parquet,real_data_sample\l2_unseen_validation\trade_date=2026-07-17\exchange=NSE\symbol=BRITANNIA\part-073811_929279-031751.parquet,34832,downloaded,34832,
2026-07-17,NSE,BRITANNIA,raw_l2/trade_date=2026-07-17/exchange=NSE/symbol=BRITANNIA/part-073854_147635-031847.parquet,real_data_sample\l2_unseen_validation\trade_date=2026-07-17\exchange=NSE\symbol=BRITANNIA\part-073854_147635-031847.parquet,34570,downloaded,34570,
2026-07-17,NSE,BRITANNIA,raw_l2/trade_date=2026-07-17/exchange=NSE/symbol=BRITANNIA/part-073826_010065-031783.parquet,real_data_sample\l2_unseen_validation\trade_date=2026-07-17\exchange=NSE\symbol=BRITANNIA\part-073826_010065-031783.parquet,34731,downloaded,34731,
2026-07-17,NSE,BRITANNIA,raw_l2/trade_date=2026-07-17/exchange=NSE/symbol=BRITANNIA/part-074101_487873-032135.parquet,real_data_sample\l2_unseen_validation\trade_date=2026-07-17\exchange=NSE\symbol=BRITANNIA\part-074101_487873-032135.parquet,34583,downloaded,34583,
2026-07-17,NSE,BRITANNIA,raw_l2/trade_date=2026-07-17/exchange=NSE/symbol=BRITANNIA/part-073908_708146-031879.parquet,real_data_sample\l2_unseen_validation\trade_date=2026-07-17\exchange=NSE\symbol=BRITANNIA\part-073908_708146-031879.parquet,34493,downloaded,34493,
2026-07-17,NSE,BRITANNIA,raw_l2/trade_date=2026-07-17/exchange=NSE/symbol=BRITANNIA/part-073701_732740-031591.parquet,real_data_sample\l2_unseen_validation\trade_date=2026-07-17\exchange=NSE\symbol=BRITANNIA\part-073701_732740-031591.parquet,34554,downloaded,34554,
2026-07-17,NSE,BRITANNIA,raw_l2/trade_date=2026-07-17/exchange=NSE/symbol=BRITANNIA/part-073550_447074-031431.parquet,real_data_sample\l2_unseen_validation\trade_date=2026-07-17\exchange=NSE\symbol=BRITANNIA\part-073550_447074-031431.parquet,34777,downloaded,34777,
2026-07-17,NSE,BRITANNIA,raw_l2/trade_date=2026-07-17/exchange=NSE/symbol=BRITANNIA/part-073647_481550-031559.parquet,real_data_sample\l2_unseen_validation\trade_date=2026-07-17\exchange=NSE\symbol=BRITANNIA\part-073647_481550-031559.parquet,34713,downloaded,34713,
2026-07-17,NSE,BRITANNIA,raw_l2/trade_date=2026-07-17/exchange=NSE/symbol=BRITANNIA/part-073604_485731-031463.parquet,real_data_sample\l2_unseen_validation\trade_date=2026-07-17\exchange=NSE\symbol=BRITANNIA\part-073604_485731-031463.parquet,34504,downloaded,34504,
2026-07-17,NSE,BRITANNIA,raw_l2/trade_date=2026-07-17/exchange=NSE/symbol=BRITANNIA/part-073936_695843-031943.parquet,real_data_sample\l2_unseen_validation\trade_date=2026-07-17\exchange=NSE\symbol=BRITANNIA\part-073936_695843-031943.parquet,35156,downloaded,35156,
2026-07-17,NSE,BRITANNIA,raw_l2/trade_date=2026-07-17/exchange=NSE/symbol=BRITANNIA/part-074004_952464-032007.parquet,real_data_sample\l2_unseen_validation\trade_date=2026-07-17\exchange=NSE\symbol=BRITANNIA\part-074004_952464-032007.parquet,35324,downloaded,35324,
2026-07-17,NSE,BRITANNIA,raw_l2/trade_date=2026-07-17/exchange=NSE/symbol=BRITANNIA/part-073922_682698-031911.parquet,real_data_sample\l2_unseen_validation\trade_date=2026-07-17\exchange=NSE\symbol=BRITANNIA\part-073922_682698-031911.parquet,34700,downloaded,34700,
2026-07-17,NSE,BRITANNIA,raw_l2/trade_date=2026-07-17/exchange=NSE/symbol=BRITANNIA/part-073743_696313-031687.parquet,real_data_sample\l2_unseen_validation\trade_date=2026-07-17\exchange=NSE\symbol=BRITANNIA\part-073743_696313-031687.parquet,34911,downloaded,34911,
2026-07-17,NSE,BRITANNIA,raw_l2/trade_date=2026-07-17/exchange=NSE/symbol=BRITANNIA/part-074157_926923-032263.parquet,real_data_sample\l2_unseen_validation\trade_date=2026-07-17\exchange=NSE\symbol=BRITANNIA\part-074157_926923-032263.parquet,34759,downloaded,34759,
2026-07-17,NSE,BRITANNIA,raw_l2/trade_date=2026-07-17/exchange=NSE/symbol=BRITANNIA/part-073840_168944-031815.parquet,real_data_sample\l2_unseen_validation\trade_date=2026-07-17\exchange=NSE\symbol=BRITANNIA\part-073840_168944-031815.parquet,34611,downloaded,34611,
2026-07-17,NSE,BRITANNIA,raw_l2/trade_date=2026-07-17/exchange=NSE/symbol=BRITANNIA/part-074019_224143-032039.parquet,real_data_sample\l2_unseen_validation\trade_date=2026-07-17\exchange=NSE\symbol=BRITANNIA\part-074019_224143-032039.parquet,34609,downloaded,34609,
2026-07-17,NSE,BRITANNIA,raw_l2/trade_date=2026-07-17/exchange=NSE/symbol=BRITANNIA/part-074115_664866-032167.parquet,real_data_sample\l2_unseen_validation\trade_date=2026-07-17\exchange=NSE\symbol=BRITANNIA\part-074115_664866-032167.parquet,34446,downloaded,34446,
2026-07-17,NSE,BRITANNIA,raw_l2/trade_date=2026-07-17/exchange=NSE/symbol=BRITANNIA/part-073950_708658-031975.parquet,real_data_sample\l2_unseen_validation\trade_date=2026-07-17\exchange=NSE\symbol=BRITANNIA\part-073950_708658-031975.parquet,34869,downloaded,34869,
2026-07-17,NSE,BRITANNIA,raw_l2/trade_date=2026-07-17/exchange=NSE/symbol=BRITANNIA/part-074033_210268-032071.parquet,real_data_sample\l2_unseen_validation\trade_date=2026-07-17\exchange=NSE\symbol=BRITANNIA\part-074033_210268-032071.parquet,34414,downloaded,34414,
2026-07-17,NSE,BRITANNIA,raw_l2/trade_date=2026-07-17/exchange=NSE/symbol=BRITANNIA/part-074129_692934-032199.parquet,real_data_sample\l2_unseen_validation\trade_date=2026-07-17\exchange=NSE\symbol=BRITANNIA\part-074129_692934-032199.parquet,34625,downloaded,34625,
2026-07-17,NSE,BRITANNIA,raw_l2/trade_date=2026-07-17/exchange=NSE/symbol=BRITANNIA/part-074047_445157-032103.parquet,real_data_sample\l2_unseen_validation\trade_date=2026-07-17\exchange=NSE\symbol=BRITANNIA\part-074047_445157-032103.parquet,34230,downloaded,34230,
2026-07-17,NSE,BRITANNIA,raw_l2/trade_date=2026-07-17/exchange=NSE/symbol=BRITANNIA/part-074143_911933-032231.parquet,real_data_sample\l2_unseen_validation\trade_date=2026-07-17\exchange=NSE\symbol=BRITANNIA\part-074143_911933-032231.parquet,34673,downloaded,34673,
2026-07-17,NSE,BRITANNIA,raw_l2/trade_date=2026-07-17/exchange=NSE/symbol=BRITANNIA/part-074211_982566-032295.parquet,real_data_sample\l2_unseen_validation\trade_date=2026-07-17\exchange=NSE\symbol=BRITANNIA\part-074211_982566-032295.parquet,34526,downloaded,34526,
2026-07-17,NSE,BRITANNIA,raw_l2/trade_date=2026-07-17/exchange=NSE/symbol=BRITANNIA/part-073618_805747-031495.parquet,real_data_sample\l2_unseen_validation\trade_date=2026-07-17\exchange=NSE\symbol=BRITANNIA\part-073618_805747-031495.parquet,34721,downloaded,34721,
2026-07-17,NSE,BRITANNIA,raw_l2/trade_date=2026-07-17/exchange=NSE/symbol=BRITANNIA/part-073633_238818-031527.parquet,real_data_sample\l2_unseen_validation\trade_date=2026-07-17\exchange=NSE\symbol=BRITANNIA\part-073633_238818-031527.parquet,34558,downloaded,34558,
2026-07-17,NSE,BRITANNIA,raw_l2/trade_date=2026-07-17/exchange=NSE/symbol=BRITANNIA/part-074225_928952-032327.parquet,real_data_sample\l2_unseen_validation\trade_date=2026-07-17\exchange=NSE\symbol=BRITANNIA\part-074225_928952-032327.parquet,34657,downloaded,34657,
2026-07-17,NSE,BRITANNIA,raw_l2/trade_date=2026-07-17/exchange=NSE/symbol=BRITANNIA/part-074307_955614-032423.parquet,real_data_sample\l2_unseen_validation\trade_date=2026-07-17\exchange=NSE\symbol=BRITANNIA\part-074307_955614-032423.parquet,34512,downloaded,34512,
2026-07-17,NSE,BRITANNIA,raw_l2/trade_date=2026-07-17/exchange=NSE/symbol=BRITANNIA/part-074239_788979-032359.parquet,real_data_sample\l2_unseen_validation\trade_date=2026-07-17\exchange=NSE\symbol=BRITANNIA\part-074239_788979-032359.parquet,34632,downloaded,34632,
2026-07-17,NSE,BRITANNIA,raw_l2/trade_date=2026-07-17/exchange=NSE/symbol=BRITANNIA/part-074253_929967-032391.parquet,real_data_sample\l2_unseen_validation\trade_date=2026-07-17\exchange=NSE\symbol=BRITANNIA\part-074253_929967-032391.parquet,34878,downloaded,34878,
2026-07-17,NSE,BRITANNIA,raw_l2/trade_date=2026-07-17/exchange=NSE/symbol=BRITANNIA/part-074321_920185-032455.parquet,real_data_sample\l2_unseen_validation\trade_date=2026-07-17\exchange=NSE\symbol=BRITANNIA\part-074321_920185-032455.parquet,34701,downloaded,34701,
2026-07-17,NSE,BRITANNIA,raw_l2/trade_date=2026-07-17/exchange=NSE/symbol=BRITANNIA/part-074418_925605-032583.parquet,real_data_sample\l2_unseen_validation\trade_date=2026-07-17\exchange=NSE\symbol=BRITANNIA\part-074418_925605-032583.parquet,34971,downloaded,34971,
2026-07-17,NSE,BRITANNIA,raw_l2/trade_date=2026-07-17/exchange=NSE/symbol=BRITANNIA/part-074404_927646-032551.parquet,real_data_sample\l2_unseen_validation\trade_date=2026-07-17\exchange=NSE\symbol=BRITANNIA\part-074404_927646-032551.parquet,34857,downloaded,34857,
2026-07-17,NSE,BRITANNIA,raw_l2/trade_date=2026-07-17/exchange=NSE/symbol=BRITANNIA/part-074432_965476-032615.parquet,real_data_sample\l2_unseen_validation\trade_date=2026-07-17\exchange=NSE\symbol=BRITANNIA\part-074432_965476-032615.parquet,35424,downloaded,35424,
2026-07-17,NSE,BRITANNIA,raw_l2/trade_date=2026-07-17/exchange=NSE/symbol=BRITANNIA/part-074350_255318-032519.parquet,real_data_sample\l2_unseen_validation\trade_date=2026-07-17\exchange=NSE\symbol=BRITANNIA\part-074350_255318-032519.parquet,34804,downloaded,34804,
2026-07-17,NSE,BRITANNIA,raw_l2/trade_date=2026-07-17/exchange=NSE/symbol=BRITANNIA/part-074446_937044-032647.parquet,real_data_sample\l2_unseen_validation\trade_date=2026-07-17\exchange=NSE\symbol=BRITANNIA\part-074446_937044-032647.parquet,35427,downloaded,35427,
2026-07-17,NSE,BRITANNIA,raw_l2/trade_date=2026-07-17/exchange=NSE/symbol=BRITANNIA/part-074819_199951-033127.parquet,real_data_sample\l2_unseen_validation\trade_date=2026-07-17\exchange=NSE\symbol=BRITANNIA\part-074819_199951-033127.parquet,34540,downloaded,34540,
2026-07-17,NSE,BRITANNIA,raw_l2/trade_date=2026-07-17/exchange=NSE/symbol=BRITANNIA/part-074847_495773-033191.parquet,real_data_sample\l2_unseen_validation\trade_date=2026-07-17\exchange=NSE\symbol=BRITANNIA\part-074847_495773-033191.parquet,34530,downloaded,34530,
2026-07-17,NSE,BRITANNIA,raw_l2/trade_date=2026-07-17/exchange=NSE/symbol=BRITANNIA/part-074557_487152-032807.parquet,real_data_sample\l2_unseen_validation\trade_date=2026-07-17\exchange=NSE\symbol=BRITANNIA\part-074557_487152-032807.parquet,34875,downloaded,34875,
2026-07-17,NSE,BRITANNIA,raw_l2/trade_date=2026-07-17/exchange=NSE/symbol=BRITANNIA/part-074654_709874-032935.parquet,real_data_sample\l2_unseen_validation\trade_date=2026-07-17\exchange=NSE\symbol=BRITANNIA\part-074654_709874-032935.parquet,34707,downloaded,34707,
2026-07-17,NSE,BRITANNIA,raw_l2/trade_date=2026-07-17/exchange=NSE/symbol=BRITANNIA/part-074626_224785-032871.parquet,real_data_sample\l2_unseen_validation\trade_date=2026-07-17\exchange=NSE\symbol=BRITANNIA\part-074626_224785-032871.parquet,34743,downloaded,34743,
2026-07-17,NSE,BRITANNIA,raw_l2/trade_date=2026-07-17/exchange=NSE/symbol=BRITANNIA/part-074612_013715-032839.parquet,real_data_sample\l2_unseen_validation\trade_date=2026-07-17\exchange=NSE\symbol=BRITANNIA\part-074612_013715-032839.parquet,34574,downloaded,34574,
2026-07-17,NSE,BRITANNIA,raw_l2/trade_date=2026-07-17/exchange=NSE/symbol=BRITANNIA/part-074957_949561-033351.parquet,real_data_sample\l2_unseen_validation\trade_date=2026-07-17\exchange=NSE\symbol=BRITANNIA\part-074957_949561-033351.parquet,34589,downloaded,34589,
2026-07-17,NSE,BRITANNIA,raw_l2/trade_date=2026-07-17/exchange=NSE/symbol=BRITANNIA/part-074943_927503-033319.parquet,real_data_sample\l2_unseen_validation\trade_date=2026-07-17\exchange=NSE\symbol=BRITANNIA\part-074943_927503-033319.parquet,34577,downloaded,34577,
2026-07-17,NSE,BRITANNIA,raw_l2/trade_date=2026-07-17/exchange=NSE/symbol=BRITANNIA/part-074805_210705-033095.parquet,real_data_sample\l2_unseen_validation\trade_date=2026-07-17\exchange=NSE\symbol=BRITANNIA\part-074805_210705-033095.parquet,34796,downloaded,34796,
2026-07-17,NSE,BRITANNIA,raw_l2/trade_date=2026-07-17/exchange=NSE/symbol=BRITANNIA/part-074640_571125-032903.parquet,real_data_sample\l2_unseen_validation\trade_date=2026-07-17\exchange=NSE\symbol=BRITANNIA\part-074640_571125-032903.parquet,34580,downloaded,34580,
2026-07-17,NSE,BRITANNIA,raw_l2/trade_date=2026-07-17/exchange=NSE/symbol=BRITANNIA/part-074515_208731-032711.parquet,real_data_sample\l2_unseen_validation\trade_date=2026-07-17\exchange=NSE\symbol=BRITANNIA\part-074515_208731-032711.parquet,34897,downloaded,34897,
2026-07-17,NSE,BRITANNIA,raw_l2/trade_date=2026-07-17/exchange=NSE/symbol=BRITANNIA/part-074751_194228-033063.parquet,real_data_sample\l2_unseen_validation\trade_date=2026-07-17\exchange=NSE\symbol=BRITANNIA\part-074751_194228-033063.parquet,34611,downloaded,34611,
2026-07-17,NSE,BRITANNIA,raw_l2/trade_date=2026-07-17/exchange=NSE/symbol=BRITANNIA/part-074737_180461-033031.parquet,real_data_sample\l2_unseen_validation\trade_date=2026-07-17\exchange=NSE\symbol=BRITANNIA\part-074737_180461-033031.parquet,34665,downloaded,34665,
2026-07-17,NSE,BRITANNIA,raw_l2/trade_date=2026-07-17/exchange=NSE/symbol=BRITANNIA/part-074708_720457-032967.parquet,real_data_sample\l2_unseen_validation\trade_date=2026-07-17\exchange=NSE\symbol=BRITANNIA\part-074708_720457-032967.parquet,34734,downloaded,34734,
2026-07-17,NSE,BRITANNIA,raw_l2/trade_date=2026-07-17/exchange=NSE/symbol=BRITANNIA/part-074723_036583-032999.parquet,real_data_sample\l2_unseen_validation\trade_date=2026-07-17\exchange=NSE\symbol=BRITANNIA\part-074723_036583-032999.parquet,34627,downloaded,34627,
2026-07-17,NSE,BRITANNIA,raw_l2/trade_date=2026-07-17/exchange=NSE/symbol=BRITANNIA/part-074929_918478-033287.parquet,real_data_sample\l2_unseen_validation\trade_date=2026-07-17\exchange=NSE\symbol=BRITANNIA\part-074929_918478-033287.parquet,34665,downloaded,34665,
2026-07-17,NSE,BRITANNIA,raw_l2/trade_date=2026-07-17/exchange=NSE/symbol=BRITANNIA/part-074833_425826-033159.parquet,real_data_sample\l2_unseen_validation\trade_date=2026-07-17\exchange=NSE\symbol=BRITANNIA\part-074833_425826-033159.parquet,34541,downloaded,34541,
2026-07-17,NSE,BRITANNIA,raw_l2/trade_date=2026-07-17/exchange=NSE/symbol=BRITANNIA/part-074336_003517-032487.parquet,real_data_sample\l2_unseen_validation\trade_date=2026-07-17\exchange=NSE\symbol=BRITANNIA\part-074336_003517-032487.parquet,34628,downloaded,34628,
2026-07-17,NSE,BRITANNIA,raw_l2/trade_date=2026-07-17/exchange=NSE/symbol=BRITANNIA/part-074543_465131-032775.parquet,real_data_sample\l2_unseen_validation\trade_date=2026-07-17\exchange=NSE\symbol=BRITANNIA\part-074543_465131-032775.parquet,34612,downloaded,34612,
2026-07-17,NSE,BRITANNIA,raw_l2/trade_date=2026-07-17/exchange=NSE/symbol=BRITANNIA/part-075041_178754-033447.parquet,real_data_sample\l2_unseen_validation\trade_date=2026-07-17\exchange=NSE\symbol=BRITANNIA\part-075041_178754-033447.parquet,34700,downloaded,34700,
2026-07-17,NSE,BRITANNIA,raw_l2/trade_date=2026-07-17/exchange=NSE/symbol=BRITANNIA/part-074901_748713-033223.parquet,real_data_sample\l2_unseen_validation\trade_date=2026-07-17\exchange=NSE\symbol=BRITANNIA\part-074901_748713-033223.parquet,34612,downloaded,34612,
2026-07-17,NSE,BRITANNIA,raw_l2/trade_date=2026-07-17/exchange=NSE/symbol=BRITANNIA/part-074529_470890-032743.parquet,real_data_sample\l2_unseen_validation\trade_date=2026-07-17\exchange=NSE\symbol=BRITANNIA\part-074529_470890-032743.parquet,34671,downloaded,34671,
2026-07-17,NSE,BRITANNIA,raw_l2/trade_date=2026-07-17/exchange=NSE/symbol=BRITANNIA/part-075011_939800-033383.parquet,real_data_sample\l2_unseen_validation\trade_date=2026-07-17\exchange=NSE\symbol=BRITANNIA\part-075011_939800-033383.parquet,34734,downloaded,34734,
2026-07-17,NSE,BRITANNIA,raw_l2/trade_date=2026-07-17/exchange=NSE/symbol=BRITANNIA/part-074915_904767-033255.parquet,real_data_sample\l2_unseen_validation\trade_date=2026-07-17\exchange=NSE\symbol=BRITANNIA\part-074915_904767-033255.parquet,34500,downloaded,34500,
2026-07-17,NSE,BRITANNIA,raw_l2/trade_date=2026-07-17/exchange=NSE/symbol=BRITANNIA/part-075026_428292-033415.parquet,real_data_sample\l2_unseen_validation\trade_date=2026-07-17\exchange=NSE\symbol=BRITANNIA\part-075026_428292-033415.parquet,34573,downloaded,34573,
2026-07-17,NSE,BRITANNIA,raw_l2/trade_date=2026-07-17/exchange=NSE/symbol=BRITANNIA/part-075345_220289-033863.parquet,real_data_sample\l2_unseen_validation\trade_date=2026-07-17\exchange=NSE\symbol=BRITANNIA\part-075345_220289-033863.parquet,34587,downloaded,34587,
2026-07-17,NSE,BRITANNIA,raw_l2/trade_date=2026-07-17/exchange=NSE/symbol=BRITANNIA/part-075731_573906-034375.parquet,real_data_sample\l2_unseen_validation\trade_date=2026-07-17\exchange=NSE\symbol=BRITANNIA\part-075731_573906-034375.parquet,34673,downloaded,34673,
2026-07-17,NSE,BRITANNIA,raw_l2/trade_date=2026-07-17/exchange=NSE/symbol=BRITANNIA/part-075648_749141-034279.parquet,real_data_sample\l2_unseen_validation\trade_date=2026-07-17\exchange=NSE\symbol=BRITANNIA\part-075648_749141-034279.parquet,34428,downloaded,34428,
2026-07-17,NSE,BRITANNIA,raw_l2/trade_date=2026-07-17/exchange=NSE/symbol=BRITANNIA/part-075800_277250-034439.parquet,real_data_sample\l2_unseen_validation\trade_date=2026-07-17\exchange=NSE\symbol=BRITANNIA\part-075800_277250-034439.parquet,34551,downloaded,34551,
2026-07-17,NSE,BRITANNIA,raw_l2/trade_date=2026-07-17/exchange=NSE/symbol=BRITANNIA/part-075620_298942-034215.parquet,real_data_sample\l2_unseen_validation\trade_date=2026-07-17\exchange=NSE\symbol=BRITANNIA\part-075620_298942-034215.parquet,34664,downloaded,34664,
2026-07-17,NSE,BRITANNIA,raw_l2/trade_date=2026-07-17/exchange=NSE/symbol=BRITANNIA/part-075427_467942-033959.parquet,real_data_sample\l2_unseen_validation\trade_date=2026-07-17\exchange=NSE\symbol=BRITANNIA\part-075427_467942-033959.parquet,34538,downloaded,34538,
2026-07-17,NSE,BRITANNIA,raw_l2/trade_date=2026-07-17/exchange=NSE/symbol=BRITANNIA/part-075441_556387-033991.parquet,real_data_sample\l2_unseen_validation\trade_date=2026-07-17\exchange=NSE\symbol=BRITANNIA\part-075441_556387-033991.parquet,34603,downloaded,34603,
2026-07-17,NSE,BRITANNIA,raw_l2/trade_date=2026-07-17/exchange=NSE/symbol=BRITANNIA/part-075413_470059-033927.parquet,real_data_sample\l2_unseen_validation\trade_date=2026-07-17\exchange=NSE\symbol=BRITANNIA\part-075413_470059-033927.parquet,34438,downloaded,34438,
2026-07-17,NSE,BRITANNIA,raw_l2/trade_date=2026-07-17/exchange=NSE/symbol=BRITANNIA/part-075317_268997-033799.parquet,real_data_sample\l2_unseen_validation\trade_date=2026-07-17\exchange=NSE\symbol=BRITANNIA\part-075317_268997-033799.parquet,34621,downloaded,34621,
2026-07-17,NSE,BRITANNIA,raw_l2/trade_date=2026-07-17/exchange=NSE/symbol=BRITANNIA/part-075717_251645-034343.parquet,real_data_sample\l2_unseen_validation\trade_date=2026-07-17\exchange=NSE\symbol=BRITANNIA\part-075717_251645-034343.parquet,34621,downloaded,34621,
2026-07-17,NSE,BRITANNIA,raw_l2/trade_date=2026-07-17/exchange=NSE/symbol=BRITANNIA/part-075109_142753-033511.parquet,real_data_sample\l2_unseen_validation\trade_date=2026-07-17\exchange=NSE\symbol=BRITANNIA\part-075109_142753-033511.parquet,34811,downloaded,34811,
2026-07-17,NSE,BRITANNIA,raw_l2/trade_date=2026-07-17/exchange=NSE/symbol=BRITANNIA/part-075123_171506-033543.parquet,real_data_sample\l2_unseen_validation\trade_date=2026-07-17\exchange=NSE\symbol=BRITANNIA\part-075123_171506-033543.parquet,34719,downloaded,34719,
2026-07-17,NSE,BRITANNIA,raw_l2/trade_date=2026-07-17/exchange=NSE/symbol=BRITANNIA/part-075359_273869-033895.parquet,real_data_sample\l2_unseen_validation\trade_date=2026-07-17\exchange=NSE\symbol=BRITANNIA\part-075359_273869-033895.parquet,34596,downloaded,34596,
2026-07-17,NSE,BRITANNIA,raw_l2/trade_date=2026-07-17/exchange=NSE/symbol=BRITANNIA/part-075331_238088-033831.parquet,real_data_sample\l2_unseen_validation\trade_date=2026-07-17\exchange=NSE\symbol=BRITANNIA\part-075331_238088-033831.parquet,34669,downloaded,34669,
2026-07-17,NSE,BRITANNIA,raw_l2/trade_date=2026-07-17/exchange=NSE/symbol=BRITANNIA/part-075634_505037-034247.parquet,real_data_sample\l2_unseen_validation\trade_date=2026-07-17\exchange=NSE\symbol=BRITANNIA\part-075634_505037-034247.parquet,34493,downloaded,34493,
2026-07-17,NSE,BRITANNIA,raw_l2/trade_date=2026-07-17/exchange=NSE/symbol=BRITANNIA/part-075151_448628-033607.parquet,real_data_sample\l2_unseen_validation\trade_date=2026-07-17\exchange=NSE\symbol=BRITANNIA\part-075151_448628-033607.parquet,34372,downloaded,34372,
2026-07-17,NSE,BRITANNIA,raw_l2/trade_date=2026-07-17/exchange=NSE/symbol=BRITANNIA/part-075220_200400-033671.parquet,real_data_sample\l2_unseen_validation\trade_date=2026-07-17\exchange=NSE\symbol=BRITANNIA\part-075220_200400-033671.parquet,34654,downloaded,34654,
2026-07-17,NSE,BRITANNIA,raw_l2/trade_date=2026-07-17/exchange=NSE/symbol=BRITANNIA/part-075137_229050-033575.parquet,real_data_sample\l2_unseen_validation\trade_date=2026-07-17\exchange=NSE\symbol=BRITANNIA\part-075137_229050-033575.parquet,34576,downloaded,34576,
2026-07-17,NSE,BRITANNIA,raw_l2/trade_date=2026-07-17/exchange=NSE/symbol=BRITANNIA/part-075205_988061-033639.parquet,real_data_sample\l2_unseen_validation\trade_date=2026-07-17\exchange=NSE\symbol=BRITANNIA\part-075205_988061-033639.parquet,34795,downloaded,34795,
2026-07-17,NSE,BRITANNIA,raw_l2/trade_date=2026-07-17/exchange=NSE/symbol=BRITANNIA/part-075248_288597-033735.parquet,real_data_sample\l2_unseen_validation\trade_date=2026-07-17\exchange=NSE\symbol=BRITANNIA\part-075248_288597-033735.parquet,34641,downloaded,34641,
2026-07-17,NSE,BRITANNIA,raw_l2/trade_date=2026-07-17/exchange=NSE/symbol=BRITANNIA/part-075551_970155-034151.parquet,real_data_sample\l2_unseen_validation\trade_date=2026-07-17\exchange=NSE\symbol=BRITANNIA\part-075551_970155-034151.parquet,34547,downloaded,34547,
2026-07-17,NSE,BRITANNIA,raw_l2/trade_date=2026-07-17/exchange=NSE/symbol=BRITANNIA/part-075455_744775-034023.parquet,real_data_sample\l2_unseen_validation\trade_date=2026-07-17\exchange=NSE\symbol=BRITANNIA\part-075455_744775-034023.parquet,34512,downloaded,34512,
2026-07-17,NSE,BRITANNIA,raw_l2/trade_date=2026-07-17/exchange=NSE/symbol=BRITANNIA/part-075055_175429-033479.parquet,real_data_sample\l2_unseen_validation\trade_date=2026-07-17\exchange=NSE\symbol=BRITANNIA\part-075055_175429-033479.parquet,34818,downloaded,34818,
2026-07-17,NSE,BRITANNIA,raw_l2/trade_date=2026-07-17/exchange=NSE/symbol=BRITANNIA/part-075234_264476-033703.parquet,real_data_sample\l2_unseen_validation\trade_date=2026-07-17\exchange=NSE\symbol=BRITANNIA\part-075234_264476-033703.parquet,34641,downloaded,34641,
2026-07-17,NSE,BRITANNIA,raw_l2/trade_date=2026-07-17/exchange=NSE/symbol=BRITANNIA/part-075303_061573-033767.parquet,real_data_sample\l2_unseen_validation\trade_date=2026-07-17\exchange=NSE\symbol=BRITANNIA\part-075303_061573-033767.parquet,34348,downloaded,34348,
2026-07-17,NSE,BRITANNIA,raw_l2/trade_date=2026-07-17/exchange=NSE/symbol=BRITANNIA/part-075537_970526-034119.parquet,real_data_sample\l2_unseen_validation\trade_date=2026-07-17\exchange=NSE\symbol=BRITANNIA\part-075537_970526-034119.parquet,34728,downloaded,34728,
2026-07-17,NSE,BRITANNIA,raw_l2/trade_date=2026-07-17/exchange=NSE/symbol=BRITANNIA/part-075606_015827-034183.parquet,real_data_sample\l2_unseen_validation\trade_date=2026-07-17\exchange=NSE\symbol=BRITANNIA\part-075606_015827-034183.parquet,34602,downloaded,34602,
2026-07-17,NSE,BRITANNIA,raw_l2/trade_date=2026-07-17/exchange=NSE/symbol=BRITANNIA/part-075746_032712-034407.parquet,real_data_sample\l2_unseen_validation\trade_date=2026-07-17\exchange=NSE\symbol=BRITANNIA\part-075746_032712-034407.parquet,34723,downloaded,34723,
2026-07-17,NSE,BRITANNIA,raw_l2/trade_date=2026-07-17/exchange=NSE/symbol=BRITANNIA/part-075524_015209-034087.parquet,real_data_sample\l2_unseen_validation\trade_date=2026-07-17\exchange=NSE\symbol=BRITANNIA\part-075524_015209-034087.parquet,34325,downloaded,34325,
2026-07-17,NSE,BRITANNIA,raw_l2/trade_date=2026-07-17/exchange=NSE/symbol=BRITANNIA/part-075509_985538-034055.parquet,real_data_sample\l2_unseen_validation\trade_date=2026-07-17\exchange=NSE\symbol=BRITANNIA\part-075509_985538-034055.parquet,34425,downloaded,34425,
2026-07-17,NSE,BRITANNIA,raw_l2/trade_date=2026-07-17/exchange=NSE/symbol=BRITANNIA/part-075703_004098-034311.parquet,real_data_sample\l2_unseen_validation\trade_date=2026-07-17\exchange=NSE\symbol=BRITANNIA\part-075703_004098-034311.parquet,34394,downloaded,34394,
2026-07-17,NSE,BRITANNIA,raw_l2/trade_date=2026-07-17/exchange=NSE/symbol=BRITANNIA/part-075814_826072-034471.parquet,real_data_sample\l2_unseen_validation\trade_date=2026-07-17\exchange=NSE\symbol=BRITANNIA\part-075814_826072-034471.parquet,34599,downloaded,34599,
2026-07-17,NSE,BRITANNIA,raw_l2/trade_date=2026-07-17/exchange=NSE/symbol=BRITANNIA/part-075829_243352-034503.parquet,real_data_sample\l2_unseen_validation\trade_date=2026-07-17\exchange=NSE\symbol=BRITANNIA\part-075829_243352-034503.parquet,34732,downloaded,34732,
2026-07-17,NSE,BRITANNIA,raw_l2/trade_date=2026-07-17/exchange=NSE/symbol=BRITANNIA/part-075843_562577-034535.parquet,real_data_sample\l2_unseen_validation\trade_date=2026-07-17\exchange=NSE\symbol=BRITANNIA\part-075843_562577-034535.parquet,34615,downloaded,34615,
2026-07-17,NSE,BRITANNIA,raw_l2/trade_date=2026-07-17/exchange=NSE/symbol=BRITANNIA/part-075857_759334-034567.parquet,real_data_sample\l2_unseen_validation\trade_date=2026-07-17\exchange=NSE\symbol=BRITANNIA\part-075857_759334-034567.parquet,34566,downloaded,34566,
2026-07-17,NSE,BRITANNIA,raw_l2/trade_date=2026-07-17/exchange=NSE/symbol=BRITANNIA/part-075912_049330-034599.parquet,real_data_sample\l2_unseen_validation\trade_date=2026-07-17\exchange=NSE\symbol=BRITANNIA\part-075912_049330-034599.parquet,34664,downloaded,34664,
2026-07-17,NSE,BRITANNIA,raw_l2/trade_date=2026-07-17/exchange=NSE/symbol=BRITANNIA/part-080205_085303-034983.parquet,real_data_sample\l2_unseen_validation\trade_date=2026-07-17\exchange=NSE\symbol=BRITANNIA\part-080205_085303-034983.parquet,34478,downloaded,34478,
2026-07-17,NSE,BRITANNIA,raw_l2/trade_date=2026-07-17/exchange=NSE/symbol=BRITANNIA/part-075926_277708-034631.parquet,real_data_sample\l2_unseen_validation\trade_date=2026-07-17\exchange=NSE\symbol=BRITANNIA\part-075926_277708-034631.parquet,34591,downloaded,34591,
2026-07-17,NSE,BRITANNIA,raw_l2/trade_date=2026-07-17/exchange=NSE/symbol=BRITANNIA/part-080150_549064-034951.parquet,real_data_sample\l2_unseen_validation\trade_date=2026-07-17\exchange=NSE\symbol=BRITANNIA\part-080150_549064-034951.parquet,34754,downloaded,34754,
2026-07-17,NSE,BRITANNIA,raw_l2/trade_date=2026-07-17/exchange=NSE/symbol=BRITANNIA/part-075940_561133-034663.parquet,real_data_sample\l2_unseen_validation\trade_date=2026-07-17\exchange=NSE\symbol=BRITANNIA\part-075940_561133-034663.parquet,34641,downloaded,34641,
2026-07-17,NSE,BRITANNIA,raw_l2/trade_date=2026-07-17/exchange=NSE/symbol=BRITANNIA/part-080107_797880-034855.parquet,real_data_sample\l2_unseen_validation\trade_date=2026-07-17\exchange=NSE\symbol=BRITANNIA\part-080107_797880-034855.parquet,34685,downloaded,34685,
2026-07-17,NSE,BRITANNIA,raw_l2/trade_date=2026-07-17/exchange=NSE/symbol=BRITANNIA/part-080515_599803-035399.parquet,real_data_sample\l2_unseen_validation\trade_date=2026-07-17\exchange=NSE\symbol=BRITANNIA\part-080515_599803-035399.parquet,34720,downloaded,34720,
2026-07-17,NSE,BRITANNIA,raw_l2/trade_date=2026-07-17/exchange=NSE/symbol=BRITANNIA/part-080302_772619-035111.parquet,real_data_sample\l2_unseen_validation\trade_date=2026-07-17\exchange=NSE\symbol=BRITANNIA\part-080302_772619-035111.parquet,34816,downloaded,34816,
2026-07-17,NSE,BRITANNIA,raw_l2/trade_date=2026-07-17/exchange=NSE/symbol=BRITANNIA/part-075954_931176-034695.parquet,real_data_sample\l2_unseen_validation\trade_date=2026-07-17\exchange=NSE\symbol=BRITANNIA\part-075954_931176-034695.parquet,34850,downloaded,34850,
2026-07-17,NSE,BRITANNIA,raw_l2/trade_date=2026-07-17/exchange=NSE/symbol=BRITANNIA/part-080331_253886-035175.parquet,real_data_sample\l2_unseen_validation\trade_date=2026-07-17\exchange=NSE\symbol=BRITANNIA\part-080331_253886-035175.parquet,34529,downloaded,34529,
2026-07-17,NSE,BRITANNIA,raw_l2/trade_date=2026-07-17/exchange=NSE/symbol=BRITANNIA/part-080248_517534-035079.parquet,real_data_sample\l2_unseen_validation\trade_date=2026-07-17\exchange=NSE\symbol=BRITANNIA\part-080248_517534-035079.parquet,34500,downloaded,34500,
2026-07-17,NSE,BRITANNIA,raw_l2/trade_date=2026-07-17/exchange=NSE/symbol=BRITANNIA/part-080233_590894-035047.parquet,real_data_sample\l2_unseen_validation\trade_date=2026-07-17\exchange=NSE\symbol=BRITANNIA\part-080233_590894-035047.parquet,34780,downloaded,34780,
2026-07-17,NSE,BRITANNIA,raw_l2/trade_date=2026-07-17/exchange=NSE/symbol=BRITANNIA/part-080219_265171-035015.parquet,real_data_sample\l2_unseen_validation\trade_date=2026-07-17\exchange=NSE\symbol=BRITANNIA\part-080219_265171-035015.parquet,34714,downloaded,34714,
2026-07-17,NSE,BRITANNIA,raw_l2/trade_date=2026-07-17/exchange=NSE/symbol=BRITANNIA/part-080121_998681-034887.parquet,real_data_sample\l2_unseen_validation\trade_date=2026-07-17\exchange=NSE\symbol=BRITANNIA\part-080121_998681-034887.parquet,34664,downloaded,34664,
2026-07-17,NSE,BRITANNIA,raw_l2/trade_date=2026-07-17/exchange=NSE/symbol=BRITANNIA/part-080136_297705-034919.parquet,real_data_sample\l2_unseen_validation\trade_date=2026-07-17\exchange=NSE\symbol=BRITANNIA\part-080136_297705-034919.parquet,34661,downloaded,34661,
2026-07-17,NSE,BRITANNIA,raw_l2/trade_date=2026-07-17/exchange=NSE/symbol=BRITANNIA/part-080317_091831-035143.parquet,real_data_sample\l2_unseen_validation\trade_date=2026-07-17\exchange=NSE\symbol=BRITANNIA\part-080317_091831-035143.parquet,34664,downloaded,34664,
2026-07-17,NSE,BRITANNIA,raw_l2/trade_date=2026-07-17/exchange=NSE/symbol=BRITANNIA/part-080415_265662-035271.parquet,real_data_sample\l2_unseen_validation\trade_date=2026-07-17\exchange=NSE\symbol=BRITANNIA\part-080415_265662-035271.parquet,34669,downloaded,34669,
2026-07-17,NSE,BRITANNIA,raw_l2/trade_date=2026-07-17/exchange=NSE/symbol=BRITANNIA/part-080430_800654-035303.parquet,real_data_sample\l2_unseen_validation\trade_date=2026-07-17\exchange=NSE\symbol=BRITANNIA\part-080430_800654-035303.parquet,34430,downloaded,34430,
2026-07-17,NSE,BRITANNIA,raw_l2/trade_date=2026-07-17/exchange=NSE/symbol=BRITANNIA/part-080400_650315-035239.parquet,real_data_sample\l2_unseen_validation\trade_date=2026-07-17\exchange=NSE\symbol=BRITANNIA\part-080400_650315-035239.parquet,34543,downloaded,34543,
2026-07-17,NSE,BRITANNIA,raw_l2/trade_date=2026-07-17/exchange=NSE/symbol=BRITANNIA/part-080345_797579-035207.parquet,real_data_sample\l2_unseen_validation\trade_date=2026-07-17\exchange=NSE\symbol=BRITANNIA\part-080345_797579-035207.parquet,34586,downloaded,34586,
2026-07-17,NSE,BRITANNIA,raw_l2/trade_date=2026-07-17/exchange=NSE/symbol=BRITANNIA/part-080038_991527-034791.parquet,real_data_sample\l2_unseen_validation\trade_date=2026-07-17\exchange=NSE\symbol=BRITANNIA\part-080038_991527-034791.parquet,34532,downloaded,34532,
2026-07-17,NSE,BRITANNIA,raw_l2/trade_date=2026-07-17/exchange=NSE/symbol=BRITANNIA/part-080501_341021-035367.parquet,real_data_sample\l2_unseen_validation\trade_date=2026-07-17\exchange=NSE\symbol=BRITANNIA\part-080501_341021-035367.parquet,34532,downloaded,34532,
2026-07-17,NSE,BRITANNIA,raw_l2/trade_date=2026-07-17/exchange=NSE/symbol=BRITANNIA/part-080446_598840-035335.parquet,real_data_sample\l2_unseen_validation\trade_date=2026-07-17\exchange=NSE\symbol=BRITANNIA\part-080446_598840-035335.parquet,34591,downloaded,34591,
2026-07-17,NSE,BRITANNIA,raw_l2/trade_date=2026-07-17/exchange=NSE/symbol=BRITANNIA/part-080024_769921-034759.parquet,real_data_sample\l2_unseen_validation\trade_date=2026-07-17\exchange=NSE\symbol=BRITANNIA\part-080024_769921-034759.parquet,34519,downloaded,34519,
2026-07-17,NSE,BRITANNIA,raw_l2/trade_date=2026-07-17/exchange=NSE/symbol=BRITANNIA/part-080010_033273-034727.parquet,real_data_sample\l2_unseen_validation\trade_date=2026-07-17\exchange=NSE\symbol=BRITANNIA\part-080010_033273-034727.parquet,34322,downloaded,34322,
2026-07-17,NSE,BRITANNIA,raw_l2/trade_date=2026-07-17/exchange=NSE/symbol=BRITANNIA/part-080053_511578-034823.parquet,real_data_sample\l2_unseen_validation\trade_date=2026-07-17\exchange=NSE\symbol=BRITANNIA\part-080053_511578-034823.parquet,34753,downloaded,34753,
2026-07-17,NSE,BRITANNIA,raw_l2/trade_date=2026-07-17/exchange=NSE/symbol=BRITANNIA/part-080530_356481-035431.parquet,real_data_sample\l2_unseen_validation\trade_date=2026-07-17\exchange=NSE\symbol=BRITANNIA\part-080530_356481-035431.parquet,35024,downloaded,35024,
2026-07-17,NSE,BRITANNIA,raw_l2/trade_date=2026-07-17/exchange=NSE/symbol=BRITANNIA/part-080545_241199-035463.parquet,real_data_sample\l2_unseen_validation\trade_date=2026-07-17\exchange=NSE\symbol=BRITANNIA\part-080545_241199-035463.parquet,35064,downloaded,35064,
2026-07-17,NSE,BRITANNIA,raw_l2/trade_date=2026-07-17/exchange=NSE/symbol=BRITANNIA/part-080559_213597-035495.parquet,real_data_sample\l2_unseen_validation\trade_date=2026-07-17\exchange=NSE\symbol=BRITANNIA\part-080559_213597-035495.parquet,35133,downloaded,35133,
2026-07-17,NSE,BRITANNIA,raw_l2/trade_date=2026-07-17/exchange=NSE/symbol=BRITANNIA/part-080937_577278-035975.parquet,real_data_sample\l2_unseen_validation\trade_date=2026-07-17\exchange=NSE\symbol=BRITANNIA\part-080937_577278-035975.parquet,34611,downloaded,34611,
2026-07-17,NSE,BRITANNIA,raw_l2/trade_date=2026-07-17/exchange=NSE/symbol=BRITANNIA/part-081036_827406-036103.parquet,real_data_sample\l2_unseen_validation\trade_date=2026-07-17\exchange=NSE\symbol=BRITANNIA\part-081036_827406-036103.parquet,34750,downloaded,34750,
2026-07-17,NSE,BRITANNIA,raw_l2/trade_date=2026-07-17/exchange=NSE/symbol=BRITANNIA/part-081230_048466-036359.parquet,real_data_sample\l2_unseen_validation\trade_date=2026-07-17\exchange=NSE\symbol=BRITANNIA\part-081230_048466-036359.parquet,34414,downloaded,34414,
2026-07-17,NSE,BRITANNIA,raw_l2/trade_date=2026-07-17/exchange=NSE/symbol=BRITANNIA/part-080613_488021-035527.parquet,real_data_sample\l2_unseen_validation\trade_date=2026-07-17\exchange=NSE\symbol=BRITANNIA\part-080613_488021-035527.parquet,34990,downloaded,34990,
2026-07-17,NSE,BRITANNIA,raw_l2/trade_date=2026-07-17/exchange=NSE/symbol=BRITANNIA/part-081133_460116-036231.parquet,real_data_sample\l2_unseen_validation\trade_date=2026-07-17\exchange=NSE\symbol=BRITANNIA\part-081133_460116-036231.parquet,34718,downloaded,34718,
2026-07-17,NSE,BRITANNIA,raw_l2/trade_date=2026-07-17/exchange=NSE/symbol=BRITANNIA/part-080952_095056-036007.parquet,real_data_sample\l2_unseen_validation\trade_date=2026-07-17\exchange=NSE\symbol=BRITANNIA\part-080952_095056-036007.parquet,34656,downloaded,34656,
2026-07-17,NSE,BRITANNIA,raw_l2/trade_date=2026-07-17/exchange=NSE/symbol=BRITANNIA/part-081119_496989-036199.parquet,real_data_sample\l2_unseen_validation\trade_date=2026-07-17\exchange=NSE\symbol=BRITANNIA\part-081119_496989-036199.parquet,34570,downloaded,34570,
2026-07-17,NSE,BRITANNIA,raw_l2/trade_date=2026-07-17/exchange=NSE/symbol=BRITANNIA/part-080627_822075-035559.parquet,real_data_sample\l2_unseen_validation\trade_date=2026-07-17\exchange=NSE\symbol=BRITANNIA\part-080627_822075-035559.parquet,34593,downloaded,34593,
2026-07-17,NSE,BRITANNIA,raw_l2/trade_date=2026-07-17/exchange=NSE/symbol=BRITANNIA/part-080642_337342-035591.parquet,real_data_sample\l2_unseen_validation\trade_date=2026-07-17\exchange=NSE\symbol=BRITANNIA\part-080642_337342-035591.parquet,34650,downloaded,34650,
2026-07-17,NSE,BRITANNIA,raw_l2/trade_date=2026-07-17/exchange=NSE/symbol=BRITANNIA/part-080656_598041-035623.parquet,real_data_sample\l2_unseen_validation\trade_date=2026-07-17\exchange=NSE\symbol=BRITANNIA\part-080656_598041-035623.parquet,34555,downloaded,34555,
2026-07-17,NSE,BRITANNIA,raw_l2/trade_date=2026-07-17/exchange=NSE/symbol=BRITANNIA/part-081105_237734-036167.parquet,real_data_sample\l2_unseen_validation\trade_date=2026-07-17\exchange=NSE\symbol=BRITANNIA\part-081105_237734-036167.parquet,34467,downloaded,34467,
2026-07-17,NSE,BRITANNIA,raw_l2/trade_date=2026-07-17/exchange=NSE/symbol=BRITANNIA/part-080824_105919-035815.parquet,real_data_sample\l2_unseen_validation\trade_date=2026-07-17\exchange=NSE\symbol=BRITANNIA\part-080824_105919-035815.parquet,34441,downloaded,34441,
2026-07-17,NSE,BRITANNIA,raw_l2/trade_date=2026-07-17/exchange=NSE/symbol=BRITANNIA/part-080922_864173-035943.parquet,real_data_sample\l2_unseen_validation\trade_date=2026-07-17\exchange=NSE\symbol=BRITANNIA\part-080922_864173-035943.parquet,34562,downloaded,34562,
2026-07-17,NSE,BRITANNIA,raw_l2/trade_date=2026-07-17/exchange=NSE/symbol=BRITANNIA/part-080907_969391-035911.parquet,real_data_sample\l2_unseen_validation\trade_date=2026-07-17\exchange=NSE\symbol=BRITANNIA\part-080907_969391-035911.parquet,34461,downloaded,34461,
2026-07-17,NSE,BRITANNIA,raw_l2/trade_date=2026-07-17/exchange=NSE/symbol=BRITANNIA/part-080853_356954-035879.parquet,real_data_sample\l2_unseen_validation\trade_date=2026-07-17\exchange=NSE\symbol=BRITANNIA\part-080853_356954-035879.parquet,34666,downloaded,34666,
2026-07-17,NSE,BRITANNIA,raw_l2/trade_date=2026-07-17/exchange=NSE/symbol=BRITANNIA/part-081201_748311-036295.parquet,real_data_sample\l2_unseen_validation\trade_date=2026-07-17\exchange=NSE\symbol=BRITANNIA\part-081201_748311-036295.parquet,34309,downloaded,34309,
2026-07-17,NSE,BRITANNIA,raw_l2/trade_date=2026-07-17/exchange=NSE/symbol=BRITANNIA/part-081215_962156-036327.parquet,real_data_sample\l2_unseen_validation\trade_date=2026-07-17\exchange=NSE\symbol=BRITANNIA\part-081215_962156-036327.parquet,34405,downloaded,34405,
2026-07-17,NSE,BRITANNIA,raw_l2/trade_date=2026-07-17/exchange=NSE/symbol=BRITANNIA/part-081006_819034-036039.parquet,real_data_sample\l2_unseen_validation\trade_date=2026-07-17\exchange=NSE\symbol=BRITANNIA\part-081006_819034-036039.parquet,34690,downloaded,34690,
2026-07-17,NSE,BRITANNIA,raw_l2/trade_date=2026-07-17/exchange=NSE/symbol=BRITANNIA/part-080838_657193-035847.parquet,real_data_sample\l2_unseen_validation\trade_date=2026-07-17\exchange=NSE\symbol=BRITANNIA\part-080838_657193-035847.parquet,34550,downloaded,34550,
2026-07-17,NSE,BRITANNIA,raw_l2/trade_date=2026-07-17/exchange=NSE/symbol=BRITANNIA/part-081147_545866-036263.parquet,real_data_sample\l2_unseen_validation\trade_date=2026-07-17\exchange=NSE\symbol=BRITANNIA\part-081147_545866-036263.parquet,34570,downloaded,34570,
2026-07-17,NSE,BRITANNIA,raw_l2/trade_date=2026-07-17/exchange=NSE/symbol=BRITANNIA/part-081244_453348-036391.parquet,real_data_sample\l2_unseen_validation\trade_date=2026-07-17\exchange=NSE\symbol=BRITANNIA\part-081244_453348-036391.parquet,34780,downloaded,34780,
2026-07-17,NSE,BRITANNIA,raw_l2/trade_date=2026-07-17/exchange=NSE/symbol=BRITANNIA/part-081259_018221-036423.parquet,real_data_sample\l2_unseen_validation\trade_date=2026-07-17\exchange=NSE\symbol=BRITANNIA\part-081259_018221-036423.parquet,34463,downloaded,34463,
2026-07-17,NSE,BRITANNIA,raw_l2/trade_date=2026-07-17/exchange=NSE/symbol=BRITANNIA/part-080725_727579-035687.parquet,real_data_sample\l2_unseen_validation\trade_date=2026-07-17\exchange=NSE\symbol=BRITANNIA\part-080725_727579-035687.parquet,35371,downloaded,35371,
2026-07-17,NSE,BRITANNIA,raw_l2/trade_date=2026-07-17/exchange=NSE/symbol=BRITANNIA/part-080740_037914-035719.parquet,real_data_sample\l2_unseen_validation\trade_date=2026-07-17\exchange=NSE\symbol=BRITANNIA\part-080740_037914-035719.parquet,34948,downloaded,34948,
2026-07-17,NSE,BRITANNIA,raw_l2/trade_date=2026-07-17/exchange=NSE/symbol=BRITANNIA/part-080754_916009-035751.parquet,real_data_sample\l2_unseen_validation\trade_date=2026-07-17\exchange=NSE\symbol=BRITANNIA\part-080754_916009-035751.parquet,35052,downloaded,35052,
2026-07-17,NSE,BRITANNIA,raw_l2/trade_date=2026-07-17/exchange=NSE/symbol=BRITANNIA/part-080711_186036-035655.parquet,real_data_sample\l2_unseen_validation\trade_date=2026-07-17\exchange=NSE\symbol=BRITANNIA\part-080711_186036-035655.parquet,34662,downloaded,34662,
2026-07-17,NSE,BRITANNIA,raw_l2/trade_date=2026-07-17/exchange=NSE/symbol=BRITANNIA/part-081313_778253-036455.parquet,real_data_sample\l2_unseen_validation\trade_date=2026-07-17\exchange=NSE\symbol=BRITANNIA\part-081313_778253-036455.parquet,34399,downloaded,34399,
2026-07-17,NSE,BRITANNIA,raw_l2/trade_date=2026-07-17/exchange=NSE/symbol=BRITANNIA/part-080809_754279-035783.parquet,real_data_sample\l2_unseen_validation\trade_date=2026-07-17\exchange=NSE\symbol=BRITANNIA\part-080809_754279-035783.parquet,35380,downloaded,35380,
2026-07-17,NSE,BRITANNIA,raw_l2/trade_date=2026-07-17/exchange=NSE/symbol=BRITANNIA/part-081021_975910-036071.parquet,real_data_sample\l2_unseen_validation\trade_date=2026-07-17\exchange=NSE\symbol=BRITANNIA\part-081021_975910-036071.parquet,34303,downloaded,34303,
2026-07-17,NSE,BRITANNIA,raw_l2/trade_date=2026-07-17/exchange=NSE/symbol=BRITANNIA/part-081051_200613-036135.parquet,real_data_sample\l2_unseen_validation\trade_date=2026-07-17\exchange=NSE\symbol=BRITANNIA\part-081051_200613-036135.parquet,34509,downloaded,34509,
2026-07-17,NSE,BRITANNIA,raw_l2/trade_date=2026-07-17/exchange=NSE/symbol=BRITANNIA/part-081328_048514-036487.parquet,real_data_sample\l2_unseen_validation\trade_date=2026-07-17\exchange=NSE\symbol=BRITANNIA\part-081328_048514-036487.parquet,34693,downloaded,34693,
2026-07-17,NSE,BRITANNIA,raw_l2/trade_date=2026-07-17/exchange=NSE/symbol=BRITANNIA/part-074500_943253-032679.parquet,real_data_sample\l2_unseen_validation\trade_date=2026-07-17\exchange=NSE\symbol=BRITANNIA\part-074500_943253-032679.parquet,34875,downloaded,34875,
2026-07-17,NSE,BRITANNIA,raw_l2/trade_date=2026-07-17/exchange=NSE/symbol=BRITANNIA/part-081659_723016-036967.parquet,real_data_sample\l2_unseen_validation\trade_date=2026-07-17\exchange=NSE\symbol=BRITANNIA\part-081659_723016-036967.parquet,34860,downloaded,34860,
2026-07-17,NSE,BRITANNIA,raw_l2/trade_date=2026-07-17/exchange=NSE/symbol=BRITANNIA/part-081603_512759-036839.parquet,real_data_sample\l2_unseen_validation\trade_date=2026-07-17\exchange=NSE\symbol=BRITANNIA\part-081603_512759-036839.parquet,34619,downloaded,34619,
2026-07-17,NSE,BRITANNIA,raw_l2/trade_date=2026-07-17/exchange=NSE/symbol=BRITANNIA/part-082049_684007-037479.parquet,real_data_sample\l2_unseen_validation\trade_date=2026-07-17\exchange=NSE\symbol=BRITANNIA\part-082049_684007-037479.parquet,34389,downloaded,34389,
2026-07-17,NSE,BRITANNIA,raw_l2/trade_date=2026-07-17/exchange=NSE/symbol=BRITANNIA/part-081617_449085-036871.parquet,real_data_sample\l2_unseen_validation\trade_date=2026-07-17\exchange=NSE\symbol=BRITANNIA\part-081617_449085-036871.parquet,34977,downloaded,34977,
2026-07-17,NSE,BRITANNIA,raw_l2/trade_date=2026-07-17/exchange=NSE/symbol=BRITANNIA/part-081631_465607-036903.parquet,real_data_sample\l2_unseen_validation\trade_date=2026-07-17\exchange=NSE\symbol=BRITANNIA\part-081631_465607-036903.parquet,35262,downloaded,35262,
2026-07-17,NSE,BRITANNIA,raw_l2/trade_date=2026-07-17/exchange=NSE/symbol=BRITANNIA/part-081728_270213-037031.parquet,real_data_sample\l2_unseen_validation\trade_date=2026-07-17\exchange=NSE\symbol=BRITANNIA\part-081728_270213-037031.parquet,35301,downloaded,35301,
2026-07-17,NSE,BRITANNIA,raw_l2/trade_date=2026-07-17/exchange=NSE/symbol=BRITANNIA/part-081757_278546-037095.parquet,real_data_sample\l2_unseen_validation\trade_date=2026-07-17\exchange=NSE\symbol=BRITANNIA\part-081757_278546-037095.parquet,35117,downloaded,35117,
2026-07-17,NSE,BRITANNIA,raw_l2/trade_date=2026-07-17/exchange=NSE/symbol=BRITANNIA/part-081356_472794-036551.parquet,real_data_sample\l2_unseen_validation\trade_date=2026-07-17\exchange=NSE\symbol=BRITANNIA\part-081356_472794-036551.parquet,34678,downloaded,34678,
2026-07-17,NSE,BRITANNIA,raw_l2/trade_date=2026-07-17/exchange=NSE/symbol=BRITANNIA/part-081645_571202-036935.parquet,real_data_sample\l2_unseen_validation\trade_date=2026-07-17\exchange=NSE\symbol=BRITANNIA\part-081645_571202-036935.parquet,35291,downloaded,35291,
2026-07-17,NSE,BRITANNIA,raw_l2/trade_date=2026-07-17/exchange=NSE/symbol=BRITANNIA/part-081410_807981-036583.parquet,real_data_sample\l2_unseen_validation\trade_date=2026-07-17\exchange=NSE\symbol=BRITANNIA\part-081410_807981-036583.parquet,34598,downloaded,34598,
2026-07-17,NSE,BRITANNIA,raw_l2/trade_date=2026-07-17/exchange=NSE/symbol=BRITANNIA/part-081811_737364-037127.parquet,real_data_sample\l2_unseen_validation\trade_date=2026-07-17\exchange=NSE\symbol=BRITANNIA\part-081811_737364-037127.parquet,34836,downloaded,34836,
2026-07-17,NSE,BRITANNIA,raw_l2/trade_date=2026-07-17/exchange=NSE/symbol=BRITANNIA/part-081425_098582-036615.parquet,real_data_sample\l2_unseen_validation\trade_date=2026-07-17\exchange=NSE\symbol=BRITANNIA\part-081425_098582-036615.parquet,35053,downloaded,35053,
2026-07-17,NSE,BRITANNIA,raw_l2/trade_date=2026-07-17/exchange=NSE/symbol=BRITANNIA/part-081535_554214-036775.parquet,real_data_sample\l2_unseen_validation\trade_date=2026-07-17\exchange=NSE\symbol=BRITANNIA\part-081535_554214-036775.parquet,34366,downloaded,34366,
2026-07-17,NSE,BRITANNIA,raw_l2/trade_date=2026-07-17/exchange=NSE/symbol=BRITANNIA/part-081439_320022-036647.parquet,real_data_sample\l2_unseen_validation\trade_date=2026-07-17\exchange=NSE\symbol=BRITANNIA\part-081439_320022-036647.parquet,35391,downloaded,35391,
2026-07-17,NSE,BRITANNIA,raw_l2/trade_date=2026-07-17/exchange=NSE/symbol=BRITANNIA/part-081742_979348-037063.parquet,real_data_sample\l2_unseen_validation\trade_date=2026-07-17\exchange=NSE\symbol=BRITANNIA\part-081742_979348-037063.parquet,35348,downloaded,35348,
2026-07-17,NSE,BRITANNIA,raw_l2/trade_date=2026-07-17/exchange=NSE/symbol=BRITANNIA/part-081453_218728-036679.parquet,real_data_sample\l2_unseen_validation\trade_date=2026-07-17\exchange=NSE\symbol=BRITANNIA\part-081453_218728-036679.parquet,35083,downloaded,35083,
2026-07-17,NSE,BRITANNIA,raw_l2/trade_date=2026-07-17/exchange=NSE/symbol=BRITANNIA/part-081521_455353-036743.parquet,real_data_sample\l2_unseen_validation\trade_date=2026-07-17\exchange=NSE\symbol=BRITANNIA\part-081521_455353-036743.parquet,34671,downloaded,34671,
2026-07-17,NSE,BRITANNIA,raw_l2/trade_date=2026-07-17/exchange=NSE/symbol=BRITANNIA/part-081549_465475-036807.parquet,real_data_sample\l2_unseen_validation\trade_date=2026-07-17\exchange=NSE\symbol=BRITANNIA\part-081549_465475-036807.parquet,34564,downloaded,34564,
2026-07-17,NSE,BRITANNIA,raw_l2/trade_date=2026-07-17/exchange=NSE/symbol=BRITANNIA/part-081713_998165-036999.parquet,real_data_sample\l2_unseen_validation\trade_date=2026-07-17\exchange=NSE\symbol=BRITANNIA\part-081713_998165-036999.parquet,35087,downloaded,35087,
2026-07-17,NSE,BRITANNIA,raw_l2/trade_date=2026-07-17/exchange=NSE/symbol=BRITANNIA/part-081937_311126-037319.parquet,real_data_sample\l2_unseen_validation\trade_date=2026-07-17\exchange=NSE\symbol=BRITANNIA\part-081937_311126-037319.parquet,34591,downloaded,34591,
2026-07-17,NSE,BRITANNIA,raw_l2/trade_date=2026-07-17/exchange=NSE/symbol=BRITANNIA/part-081908_787417-037255.parquet,real_data_sample\l2_unseen_validation\trade_date=2026-07-17\exchange=NSE\symbol=BRITANNIA\part-081908_787417-037255.parquet,34428,downloaded,34428,
2026-07-17,NSE,BRITANNIA,raw_l2/trade_date=2026-07-17/exchange=NSE/symbol=BRITANNIA/part-081854_845563-037223.parquet,real_data_sample\l2_unseen_validation\trade_date=2026-07-17\exchange=NSE\symbol=BRITANNIA\part-081854_845563-037223.parquet,34689,downloaded,34689,
2026-07-17,NSE,BRITANNIA,raw_l2/trade_date=2026-07-17/exchange=NSE/symbol=BRITANNIA/part-081507_276477-036711.parquet,real_data_sample\l2_unseen_validation\trade_date=2026-07-17\exchange=NSE\symbol=BRITANNIA\part-081507_276477-036711.parquet,35033,downloaded,35033,
2026-07-17,NSE,BRITANNIA,raw_l2/trade_date=2026-07-17/exchange=NSE/symbol=BRITANNIA/part-081923_035936-037287.parquet,real_data_sample\l2_unseen_validation\trade_date=2026-07-17\exchange=NSE\symbol=BRITANNIA\part-081923_035936-037287.parquet,34443,downloaded,34443,
2026-07-17,NSE,BRITANNIA,raw_l2/trade_date=2026-07-17/exchange=NSE/symbol=BRITANNIA/part-081951_741111-037351.parquet,real_data_sample\l2_unseen_validation\trade_date=2026-07-17\exchange=NSE\symbol=BRITANNIA\part-081951_741111-037351.parquet,34439,downloaded,34439,
2026-07-17,NSE,BRITANNIA,raw_l2/trade_date=2026-07-17/exchange=NSE/symbol=BRITANNIA/part-082019_988083-037415.parquet,real_data_sample\l2_unseen_validation\trade_date=2026-07-17\exchange=NSE\symbol=BRITANNIA\part-082019_988083-037415.parquet,34563,downloaded,34563,
2026-07-17,NSE,BRITANNIA,raw_l2/trade_date=2026-07-17/exchange=NSE/symbol=BRITANNIA/part-081826_011332-037159.parquet,real_data_sample\l2_unseen_validation\trade_date=2026-07-17\exchange=NSE\symbol=BRITANNIA\part-081826_011332-037159.parquet,34764,downloaded,34764,
2026-07-17,NSE,BRITANNIA,raw_l2/trade_date=2026-07-17/exchange=NSE/symbol=BRITANNIA/part-081342_227090-036519.parquet,real_data_sample\l2_unseen_validation\trade_date=2026-07-17\exchange=NSE\symbol=BRITANNIA\part-081342_227090-036519.parquet,34509,downloaded,34509,
2026-07-17,NSE,BRITANNIA,raw_l2/trade_date=2026-07-17/exchange=NSE/symbol=BRITANNIA/part-081840_779441-037191.parquet,real_data_sample\l2_unseen_validation\trade_date=2026-07-17\exchange=NSE\symbol=BRITANNIA\part-081840_779441-037191.parquet,34687,downloaded,34687,
2026-07-17,NSE,BRITANNIA,raw_l2/trade_date=2026-07-17/exchange=NSE/symbol=BRITANNIA/part-082034_239600-037447.parquet,real_data_sample\l2_unseen_validation\trade_date=2026-07-17\exchange=NSE\symbol=BRITANNIA\part-082034_239600-037447.parquet,34415,downloaded,34415,
2026-07-17,NSE,BRITANNIA,raw_l2/trade_date=2026-07-17/exchange=NSE/symbol=BRITANNIA/part-082005_749325-037383.parquet,real_data_sample\l2_unseen_validation\trade_date=2026-07-17\exchange=NSE\symbol=BRITANNIA\part-082005_749325-037383.parquet,34614,downloaded,34614,
2026-07-17,NSE,BRITANNIA,raw_l2/trade_date=2026-07-17/exchange=NSE/symbol=BRITANNIA/part-082215_453190-037671.parquet,real_data_sample\l2_unseen_validation\trade_date=2026-07-17\exchange=NSE\symbol=BRITANNIA\part-082215_453190-037671.parquet,34803,downloaded,34803,
2026-07-17,NSE,BRITANNIA,raw_l2/trade_date=2026-07-17/exchange=NSE/symbol=BRITANNIA/part-082104_013451-037511.parquet,real_data_sample\l2_unseen_validation\trade_date=2026-07-17\exchange=NSE\symbol=BRITANNIA\part-082104_013451-037511.parquet,34689,downloaded,34689,
2026-07-17,NSE,BRITANNIA,raw_l2/trade_date=2026-07-17/exchange=NSE/symbol=BRITANNIA/part-082118_549325-037543.parquet,real_data_sample\l2_unseen_validation\trade_date=2026-07-17\exchange=NSE\symbol=BRITANNIA\part-082118_549325-037543.parquet,34173,downloaded,34173,
2026-07-17,NSE,BRITANNIA,raw_l2/trade_date=2026-07-17/exchange=NSE/symbol=BRITANNIA/part-082659_484958-038311.parquet,real_data_sample\l2_unseen_validation\trade_date=2026-07-17\exchange=NSE\symbol=BRITANNIA\part-082659_484958-038311.parquet,34784,downloaded,34784,
2026-07-17,NSE,BRITANNIA,raw_l2/trade_date=2026-07-17/exchange=NSE/symbol=BRITANNIA/part-082326_515839-037831.parquet,real_data_sample\l2_unseen_validation\trade_date=2026-07-17\exchange=NSE\symbol=BRITANNIA\part-082326_515839-037831.parquet,34778,downloaded,34778,
2026-07-17,NSE,BRITANNIA,raw_l2/trade_date=2026-07-17/exchange=NSE/symbol=BRITANNIA/part-082201_335449-037639.parquet,real_data_sample\l2_unseen_validation\trade_date=2026-07-17\exchange=NSE\symbol=BRITANNIA\part-082201_335449-037639.parquet,34761,downloaded,34761,
2026-07-17,NSE,BRITANNIA,raw_l2/trade_date=2026-07-17/exchange=NSE/symbol=BRITANNIA/part-082727_985706-038375.parquet,real_data_sample\l2_unseen_validation\trade_date=2026-07-17\exchange=NSE\symbol=BRITANNIA\part-082727_985706-038375.parquet,34693,downloaded,34693,
2026-07-17,NSE,BRITANNIA,raw_l2/trade_date=2026-07-17/exchange=NSE/symbol=BRITANNIA/part-082408_800489-037927.parquet,real_data_sample\l2_unseen_validation\trade_date=2026-07-17\exchange=NSE\symbol=BRITANNIA\part-082408_800489-037927.parquet,34725,downloaded,34725,
2026-07-17,NSE,BRITANNIA,raw_l2/trade_date=2026-07-17/exchange=NSE/symbol=BRITANNIA/part-082742_263022-038407.parquet,real_data_sample\l2_unseen_validation\trade_date=2026-07-17\exchange=NSE\symbol=BRITANNIA\part-082742_263022-038407.parquet,34730,downloaded,34730,
2026-07-17,NSE,BRITANNIA,raw_l2/trade_date=2026-07-17/exchange=NSE/symbol=BRITANNIA/part-082354_730391-037895.parquet,real_data_sample\l2_unseen_validation\trade_date=2026-07-17\exchange=NSE\symbol=BRITANNIA\part-082354_730391-037895.parquet,34633,downloaded,34633,
2026-07-17,NSE,BRITANNIA,raw_l2/trade_date=2026-07-17/exchange=NSE/symbol=BRITANNIA/part-082505_262842-038055.parquet,real_data_sample\l2_unseen_validation\trade_date=2026-07-17\exchange=NSE\symbol=BRITANNIA\part-082505_262842-038055.parquet,34575,downloaded,34575,
2026-07-17,NSE,BRITANNIA,raw_l2/trade_date=2026-07-17/exchange=NSE/symbol=BRITANNIA/part-082257_764680-037767.parquet,real_data_sample\l2_unseen_validation\trade_date=2026-07-17\exchange=NSE\symbol=BRITANNIA\part-082257_764680-037767.parquet,34621,downloaded,34621,
2026-07-17,NSE,BRITANNIA,raw_l2/trade_date=2026-07-17/exchange=NSE/symbol=BRITANNIA/part-082825_578970-038503.parquet,real_data_sample\l2_unseen_validation\trade_date=2026-07-17\exchange=NSE\symbol=BRITANNIA\part-082825_578970-038503.parquet,34545,downloaded,34545,
2026-07-17,NSE,BRITANNIA,raw_l2/trade_date=2026-07-17/exchange=NSE/symbol=BRITANNIA/part-082645_467135-038279.parquet,real_data_sample\l2_unseen_validation\trade_date=2026-07-17\exchange=NSE\symbol=BRITANNIA\part-082645_467135-038279.parquet,34444,downloaded,34444,
2026-07-17,NSE,BRITANNIA,raw_l2/trade_date=2026-07-17/exchange=NSE/symbol=BRITANNIA/part-082519_290602-038087.parquet,real_data_sample\l2_unseen_validation\trade_date=2026-07-17\exchange=NSE\symbol=BRITANNIA\part-082519_290602-038087.parquet,34677,downloaded,34677,
2026-07-17,NSE,BRITANNIA,raw_l2/trade_date=2026-07-17/exchange=NSE/symbol=BRITANNIA/part-082422_980119-037959.parquet,real_data_sample\l2_unseen_validation\trade_date=2026-07-17\exchange=NSE\symbol=BRITANNIA\part-082422_980119-037959.parquet,34607,downloaded,34607,
2026-07-17,NSE,BRITANNIA,raw_l2/trade_date=2026-07-17/exchange=NSE/symbol=BRITANNIA/part-082451_262239-038023.parquet,real_data_sample\l2_unseen_validation\trade_date=2026-07-17\exchange=NSE\symbol=BRITANNIA\part-082451_262239-038023.parquet,34855,downloaded,34855,
2026-07-17,NSE,BRITANNIA,raw_l2/trade_date=2026-07-17/exchange=NSE/symbol=BRITANNIA/part-082631_051205-038247.parquet,real_data_sample\l2_unseen_validation\trade_date=2026-07-17\exchange=NSE\symbol=BRITANNIA\part-082631_051205-038247.parquet,34386,downloaded,34386,
2026-07-17,NSE,BRITANNIA,raw_l2/trade_date=2026-07-17/exchange=NSE/symbol=BRITANNIA/part-082548_053911-038151.parquet,real_data_sample\l2_unseen_validation\trade_date=2026-07-17\exchange=NSE\symbol=BRITANNIA\part-082548_053911-038151.parquet,34614,downloaded,34614,
2026-07-17,NSE,BRITANNIA,raw_l2/trade_date=2026-07-17/exchange=NSE/symbol=BRITANNIA/part-082229_446670-037703.parquet,real_data_sample\l2_unseen_validation\trade_date=2026-07-17\exchange=NSE\symbol=BRITANNIA\part-082229_446670-037703.parquet,34577,downloaded,34577,
2026-07-17,NSE,BRITANNIA,raw_l2/trade_date=2026-07-17/exchange=NSE/symbol=BRITANNIA/part-082756_520375-038439.parquet,real_data_sample\l2_unseen_validation\trade_date=2026-07-17\exchange=NSE\symbol=BRITANNIA\part-082756_520375-038439.parquet,34782,downloaded,34782,
2026-07-17,NSE,BRITANNIA,raw_l2/trade_date=2026-07-17/exchange=NSE/symbol=BRITANNIA/part-082312_229752-037799.parquet,real_data_sample\l2_unseen_validation\trade_date=2026-07-17\exchange=NSE\symbol=BRITANNIA\part-082312_229752-037799.parquet,34817,downloaded,34817,
2026-07-17,NSE,BRITANNIA,raw_l2/trade_date=2026-07-17/exchange=NSE/symbol=BRITANNIA/part-082436_963789-037991.parquet,real_data_sample\l2_unseen_validation\trade_date=2026-07-17\exchange=NSE\symbol=BRITANNIA\part-082436_963789-037991.parquet,34411,downloaded,34411,
2026-07-17,NSE,BRITANNIA,raw_l2/trade_date=2026-07-17/exchange=NSE/symbol=BRITANNIA/part-082132_762239-037575.parquet,real_data_sample\l2_unseen_validation\trade_date=2026-07-17\exchange=NSE\symbol=BRITANNIA\part-082132_762239-037575.parquet,34472,downloaded,34472,
2026-07-17,NSE,BRITANNIA,raw_l2/trade_date=2026-07-17/exchange=NSE/symbol=BRITANNIA/part-082146_960349-037607.parquet,real_data_sample\l2_unseen_validation\trade_date=2026-07-17\exchange=NSE\symbol=BRITANNIA\part-082146_960349-037607.parquet,34836,downloaded,34836,
2026-07-17,NSE,BRITANNIA,raw_l2/trade_date=2026-07-17/exchange=NSE/symbol=BRITANNIA/part-082243_725118-037735.parquet,real_data_sample\l2_unseen_validation\trade_date=2026-07-17\exchange=NSE\symbol=BRITANNIA\part-082243_725118-037735.parquet,34398,downloaded,34398,
2026-07-17,NSE,BRITANNIA,raw_l2/trade_date=2026-07-17/exchange=NSE/symbol=BRITANNIA/part-082811_056102-038471.parquet,real_data_sample\l2_unseen_validation\trade_date=2026-07-17\exchange=NSE\symbol=BRITANNIA\part-082811_056102-038471.parquet,34422,downloaded,34422,
2026-07-17,NSE,BRITANNIA,raw_l2/trade_date=2026-07-17/exchange=NSE/symbol=BRITANNIA/part-082340_744144-037863.parquet,real_data_sample\l2_unseen_validation\trade_date=2026-07-17\exchange=NSE\symbol=BRITANNIA\part-082340_744144-037863.parquet,34499,downloaded,34499,
2026-07-17,NSE,BRITANNIA,raw_l2/trade_date=2026-07-17/exchange=NSE/symbol=BRITANNIA/part-082616_785848-038215.parquet,real_data_sample\l2_unseen_validation\trade_date=2026-07-17\exchange=NSE\symbol=BRITANNIA\part-082616_785848-038215.parquet,34703,downloaded,34703,
2026-07-17,NSE,BRITANNIA,raw_l2/trade_date=2026-07-17/exchange=NSE/symbol=BRITANNIA/part-082713_732838-038343.parquet,real_data_sample\l2_unseen_validation\trade_date=2026-07-17\exchange=NSE\symbol=BRITANNIA\part-082713_732838-038343.parquet,34511,downloaded,34511,
2026-07-17,NSE,BRITANNIA,raw_l2/trade_date=2026-07-17/exchange=NSE/symbol=BRITANNIA/part-082602_584423-038183.parquet,real_data_sample\l2_unseen_validation\trade_date=2026-07-17\exchange=NSE\symbol=BRITANNIA\part-082602_584423-038183.parquet,34709,downloaded,34709,
2026-07-17,NSE,BRITANNIA,raw_l2/trade_date=2026-07-17/exchange=NSE/symbol=BRITANNIA/part-082533_518566-038119.parquet,real_data_sample\l2_unseen_validation\trade_date=2026-07-17\exchange=NSE\symbol=BRITANNIA\part-082533_518566-038119.parquet,34511,downloaded,34511,
2026-07-17,NSE,BRITANNIA,raw_l2/trade_date=2026-07-17/exchange=NSE/symbol=BRITANNIA/part-082909_073789-038599.parquet,real_data_sample\l2_unseen_validation\trade_date=2026-07-17\exchange=NSE\symbol=BRITANNIA\part-082909_073789-038599.parquet,34398,downloaded,34398,
2026-07-17,NSE,BRITANNIA,raw_l2/trade_date=2026-07-17/exchange=NSE/symbol=BRITANNIA/part-082840_093287-038535.parquet,real_data_sample\l2_unseen_validation\trade_date=2026-07-17\exchange=NSE\symbol=BRITANNIA\part-082840_093287-038535.parquet,34602,downloaded,34602,
2026-07-17,NSE,BRITANNIA,raw_l2/trade_date=2026-07-17/exchange=NSE/symbol=BRITANNIA/part-082952_559013-038695.parquet,real_data_sample\l2_unseen_validation\trade_date=2026-07-17\exchange=NSE\symbol=BRITANNIA\part-082952_559013-038695.parquet,34724,downloaded,34724,
2026-07-17,NSE,BRITANNIA,raw_l2/trade_date=2026-07-17/exchange=NSE/symbol=BRITANNIA/part-082854_547754-038567.parquet,real_data_sample\l2_unseen_validation\trade_date=2026-07-17\exchange=NSE\symbol=BRITANNIA\part-082854_547754-038567.parquet,34675,downloaded,34675,
2026-07-17,NSE,BRITANNIA,raw_l2/trade_date=2026-07-17/exchange=NSE/symbol=BRITANNIA/part-082938_047527-038663.parquet,real_data_sample\l2_unseen_validation\trade_date=2026-07-17\exchange=NSE\symbol=BRITANNIA\part-082938_047527-038663.parquet,34718,downloaded,34718,
2026-07-17,NSE,BRITANNIA,raw_l2/trade_date=2026-07-17/exchange=NSE/symbol=BRITANNIA/part-083007_302423-038727.parquet,real_data_sample\l2_unseen_validation\trade_date=2026-07-17\exchange=NSE\symbol=BRITANNIA\part-083007_302423-038727.parquet,34592,downloaded,34592,
2026-07-17,NSE,BRITANNIA,raw_l2/trade_date=2026-07-17/exchange=NSE/symbol=BRITANNIA/part-082923_541134-038631.parquet,real_data_sample\l2_unseen_validation\trade_date=2026-07-17\exchange=NSE\symbol=BRITANNIA\part-082923_541134-038631.parquet,34603,downloaded,34603,
2026-07-17,NSE,BRITANNIA,raw_l2/trade_date=2026-07-17/exchange=NSE/symbol=BRITANNIA/part-083050_547287-038823.parquet,real_data_sample\l2_unseen_validation\trade_date=2026-07-17\exchange=NSE\symbol=BRITANNIA\part-083050_547287-038823.parquet,34613,downloaded,34613,
2026-07-17,NSE,BRITANNIA,raw_l2/trade_date=2026-07-17/exchange=NSE/symbol=BRITANNIA/part-083104_916985-038855.parquet,real_data_sample\l2_unseen_validation\trade_date=2026-07-17\exchange=NSE\symbol=BRITANNIA\part-083104_916985-038855.parquet,34572,downloaded,34572,
2026-07-17,NSE,BRITANNIA,raw_l2/trade_date=2026-07-17/exchange=NSE/symbol=BRITANNIA/part-083036_015192-038791.parquet,real_data_sample\l2_unseen_validation\trade_date=2026-07-17\exchange=NSE\symbol=BRITANNIA\part-083036_015192-038791.parquet,34655,downloaded,34655,
2026-07-17,NSE,BRITANNIA,raw_l2/trade_date=2026-07-17/exchange=NSE/symbol=BRITANNIA/part-083021_752863-038759.parquet,real_data_sample\l2_unseen_validation\trade_date=2026-07-17\exchange=NSE\symbol=BRITANNIA\part-083021_752863-038759.parquet,34607,downloaded,34607,
2026-07-17,NSE,BRITANNIA,raw_l2/trade_date=2026-07-17/exchange=NSE/symbol=BRITANNIA/part-083134_346266-038919.parquet,real_data_sample\l2_unseen_validation\trade_date=2026-07-17\exchange=NSE\symbol=BRITANNIA\part-083134_346266-038919.parquet,34503,downloaded,34503,
2026-07-17,NSE,BRITANNIA,raw_l2/trade_date=2026-07-17/exchange=NSE/symbol=BRITANNIA/part-083203_259475-038983.parquet,real_data_sample\l2_unseen_validation\trade_date=2026-07-17\exchange=NSE\symbol=BRITANNIA\part-083203_259475-038983.parquet,34566,downloaded,34566,
2026-07-17,NSE,BRITANNIA,raw_l2/trade_date=2026-07-17/exchange=NSE/symbol=BRITANNIA/part-083119_830560-038887.parquet,real_data_sample\l2_unseen_validation\trade_date=2026-07-17\exchange=NSE\symbol=BRITANNIA\part-083119_830560-038887.parquet,34572,downloaded,34572,
2026-07-17,NSE,BRITANNIA,raw_l2/trade_date=2026-07-17/exchange=NSE/symbol=BRITANNIA/part-083217_759713-039015.parquet,real_data_sample\l2_unseen_validation\trade_date=2026-07-17\exchange=NSE\symbol=BRITANNIA\part-083217_759713-039015.parquet,34486,downloaded,34486,
2026-07-17,NSE,BRITANNIA,raw_l2/trade_date=2026-07-17/exchange=NSE/symbol=BRITANNIA/part-083345_014642-039207.parquet,real_data_sample\l2_unseen_validation\trade_date=2026-07-17\exchange=NSE\symbol=BRITANNIA\part-083345_014642-039207.parquet,34495,downloaded,34495,
2026-07-17,NSE,BRITANNIA,raw_l2/trade_date=2026-07-17/exchange=NSE/symbol=BRITANNIA/part-083442_496423-039335.parquet,real_data_sample\l2_unseen_validation\trade_date=2026-07-17\exchange=NSE\symbol=BRITANNIA\part-083442_496423-039335.parquet,34612,downloaded,34612,
2026-07-17,NSE,BRITANNIA,raw_l2/trade_date=2026-07-17/exchange=NSE/symbol=BRITANNIA/part-083428_020454-039303.parquet,real_data_sample\l2_unseen_validation\trade_date=2026-07-17\exchange=NSE\symbol=BRITANNIA\part-083428_020454-039303.parquet,34521,downloaded,34521,
2026-07-17,NSE,BRITANNIA,raw_l2/trade_date=2026-07-17/exchange=NSE/symbol=BRITANNIA/part-083316_510670-039143.parquet,real_data_sample\l2_unseen_validation\trade_date=2026-07-17\exchange=NSE\symbol=BRITANNIA\part-083316_510670-039143.parquet,34474,downloaded,34474,
2026-07-17,NSE,BRITANNIA,raw_l2/trade_date=2026-07-17/exchange=NSE/symbol=BRITANNIA/part-083525_477765-039431.parquet,real_data_sample\l2_unseen_validation\trade_date=2026-07-17\exchange=NSE\symbol=BRITANNIA\part-083525_477765-039431.parquet,34578,downloaded,34578,
2026-07-17,NSE,BRITANNIA,raw_l2/trade_date=2026-07-17/exchange=NSE/symbol=BRITANNIA/part-083301_794841-039111.parquet,real_data_sample\l2_unseen_validation\trade_date=2026-07-17\exchange=NSE\symbol=BRITANNIA\part-083301_794841-039111.parquet,34529,downloaded,34529,
2026-07-17,NSE,BRITANNIA,raw_l2/trade_date=2026-07-17/exchange=NSE/symbol=BRITANNIA/part-083413_788077-039271.parquet,real_data_sample\l2_unseen_validation\trade_date=2026-07-17\exchange=NSE\symbol=BRITANNIA\part-083413_788077-039271.parquet,34625,downloaded,34625,
2026-07-17,NSE,BRITANNIA,raw_l2/trade_date=2026-07-17/exchange=NSE/symbol=BRITANNIA/part-083553_774729-039495.parquet,real_data_sample\l2_unseen_validation\trade_date=2026-07-17\exchange=NSE\symbol=BRITANNIA\part-083553_774729-039495.parquet,34531,downloaded,34531,
2026-07-17,NSE,BRITANNIA,raw_l2/trade_date=2026-07-17/exchange=NSE/symbol=BRITANNIA/part-083149_063598-038951.parquet,real_data_sample\l2_unseen_validation\trade_date=2026-07-17\exchange=NSE\symbol=BRITANNIA\part-083149_063598-038951.parquet,34383,downloaded,34383,
2026-07-17,NSE,BRITANNIA,raw_l2/trade_date=2026-07-17/exchange=NSE/symbol=BRITANNIA/part-083232_533707-039047.parquet,real_data_sample\l2_unseen_validation\trade_date=2026-07-17\exchange=NSE\symbol=BRITANNIA\part-083232_533707-039047.parquet,34374,downloaded,34374,
2026-07-17,NSE,BRITANNIA,raw_l2/trade_date=2026-07-17/exchange=NSE/symbol=BRITANNIA/part-083359_532722-039239.parquet,real_data_sample\l2_unseen_validation\trade_date=2026-07-17\exchange=NSE\symbol=BRITANNIA\part-083359_532722-039239.parquet,34823,downloaded,34823,
2026-07-17,NSE,BRITANNIA,raw_l2/trade_date=2026-07-17/exchange=NSE/symbol=BRITANNIA/part-083511_249580-039399.parquet,real_data_sample\l2_unseen_validation\trade_date=2026-07-17\exchange=NSE\symbol=BRITANNIA\part-083511_249580-039399.parquet,34482,downloaded,34482,
2026-07-17,NSE,BRITANNIA,raw_l2/trade_date=2026-07-17/exchange=NSE/symbol=BRITANNIA/part-083247_043877-039079.parquet,real_data_sample\l2_unseen_validation\trade_date=2026-07-17\exchange=NSE\symbol=BRITANNIA\part-083247_043877-039079.parquet,34511,downloaded,34511,
2026-07-17,NSE,BRITANNIA,raw_l2/trade_date=2026-07-17/exchange=NSE/symbol=BRITANNIA/part-083456_892427-039367.parquet,real_data_sample\l2_unseen_validation\trade_date=2026-07-17\exchange=NSE\symbol=BRITANNIA\part-083456_892427-039367.parquet,34408,downloaded,34408,
2026-07-17,NSE,BRITANNIA,raw_l2/trade_date=2026-07-17/exchange=NSE/symbol=BRITANNIA/part-083539_516666-039463.parquet,real_data_sample\l2_unseen_validation\trade_date=2026-07-17\exchange=NSE\symbol=BRITANNIA\part-083539_516666-039463.parquet,34826,downloaded,34826,
2026-07-17,NSE,BRITANNIA,raw_l2/trade_date=2026-07-17/exchange=NSE/symbol=BRITANNIA/part-083330_819233-039175.parquet,real_data_sample\l2_unseen_validation\trade_date=2026-07-17\exchange=NSE\symbol=BRITANNIA\part-083330_819233-039175.parquet,34379,downloaded,34379,
2026-07-17,NSE,BRITANNIA,raw_l2/trade_date=2026-07-17/exchange=NSE/symbol=BRITANNIA/part-083607_765427-039527.parquet,real_data_sample\l2_unseen_validation\trade_date=2026-07-17\exchange=NSE\symbol=BRITANNIA\part-083607_765427-039527.parquet,34597,downloaded,34597,
2026-07-17,NSE,BRITANNIA,raw_l2/trade_date=2026-07-17/exchange=NSE/symbol=BRITANNIA/part-083942_067536-040007.parquet,real_data_sample\l2_unseen_validation\trade_date=2026-07-17\exchange=NSE\symbol=BRITANNIA\part-083942_067536-040007.parquet,34763,downloaded,34763,
2026-07-17,NSE,BRITANNIA,raw_l2/trade_date=2026-07-17/exchange=NSE/symbol=BRITANNIA/part-083747_507937-039751.parquet,real_data_sample\l2_unseen_validation\trade_date=2026-07-17\exchange=NSE\symbol=BRITANNIA\part-083747_507937-039751.parquet,34462,downloaded,34462,
2026-07-17,NSE,BRITANNIA,raw_l2/trade_date=2026-07-17/exchange=NSE/symbol=BRITANNIA/part-083844_734789-039879.parquet,real_data_sample\l2_unseen_validation\trade_date=2026-07-17\exchange=NSE\symbol=BRITANNIA\part-083844_734789-039879.parquet,34645,downloaded,34645,
2026-07-17,NSE,BRITANNIA,raw_l2/trade_date=2026-07-17/exchange=NSE/symbol=BRITANNIA/part-083913_483272-039943.parquet,real_data_sample\l2_unseen_validation\trade_date=2026-07-17\exchange=NSE\symbol=BRITANNIA\part-083913_483272-039943.parquet,34440,downloaded,34440,
2026-07-17,NSE,BRITANNIA,raw_l2/trade_date=2026-07-17/exchange=NSE/symbol=BRITANNIA/part-083650_724998-039623.parquet,real_data_sample\l2_unseen_validation\trade_date=2026-07-17\exchange=NSE\symbol=BRITANNIA\part-083650_724998-039623.parquet,34457,downloaded,34457,
2026-07-17,NSE,BRITANNIA,raw_l2/trade_date=2026-07-17/exchange=NSE/symbol=BRITANNIA/part-083636_505319-039591.parquet,real_data_sample\l2_unseen_validation\trade_date=2026-07-17\exchange=NSE\symbol=BRITANNIA\part-083636_505319-039591.parquet,34730,downloaded,34730,
2026-07-17,NSE,BRITANNIA,raw_l2/trade_date=2026-07-17/exchange=NSE/symbol=BRITANNIA/part-083801_815214-039783.parquet,real_data_sample\l2_unseen_validation\trade_date=2026-07-17\exchange=NSE\symbol=BRITANNIA\part-083801_815214-039783.parquet,34605,downloaded,34605,
2026-07-17,NSE,BRITANNIA,raw_l2/trade_date=2026-07-17/exchange=NSE/symbol=BRITANNIA/part-083719_058238-039687.parquet,real_data_sample\l2_unseen_validation\trade_date=2026-07-17\exchange=NSE\symbol=BRITANNIA\part-083719_058238-039687.parquet,34679,downloaded,34679,
2026-07-17,NSE,BRITANNIA,raw_l2/trade_date=2026-07-17/exchange=NSE/symbol=BRITANNIA/part-083733_208789-039719.parquet,real_data_sample\l2_unseen_validation\trade_date=2026-07-17\exchange=NSE\symbol=BRITANNIA\part-083733_208789-039719.parquet,34512,downloaded,34512,
2026-07-17,NSE,BRITANNIA,raw_l2/trade_date=2026-07-17/exchange=NSE/symbol=BRITANNIA/part-083704_969901-039655.parquet,real_data_sample\l2_unseen_validation\trade_date=2026-07-17\exchange=NSE\symbol=BRITANNIA\part-083704_969901-039655.parquet,34529,downloaded,34529,
2026-07-17,NSE,BRITANNIA,raw_l2/trade_date=2026-07-17/exchange=NSE/symbol=BRITANNIA/part-083816_051720-039815.parquet,real_data_sample\l2_unseen_validation\trade_date=2026-07-17\exchange=NSE\symbol=BRITANNIA\part-083816_051720-039815.parquet,34521,downloaded,34521,
2026-07-17,NSE,BRITANNIA,raw_l2/trade_date=2026-07-17/exchange=NSE/symbol=BRITANNIA/part-083830_359494-039847.parquet,real_data_sample\l2_unseen_validation\trade_date=2026-07-17\exchange=NSE\symbol=BRITANNIA\part-083830_359494-039847.parquet,34396,downloaded,34396,
2026-07-17,NSE,BRITANNIA,raw_l2/trade_date=2026-07-17/exchange=NSE/symbol=BRITANNIA/part-083622_224405-039559.parquet,real_data_sample\l2_unseen_validation\trade_date=2026-07-17\exchange=NSE\symbol=BRITANNIA\part-083622_224405-039559.parquet,34483,downloaded,34483,
2026-07-17,NSE,BRITANNIA,raw_l2/trade_date=2026-07-17/exchange=NSE/symbol=BRITANNIA/part-083927_791345-039975.parquet,real_data_sample\l2_unseen_validation\trade_date=2026-07-17\exchange=NSE\symbol=BRITANNIA\part-083927_791345-039975.parquet,34662,downloaded,34662,
2026-07-17,NSE,BRITANNIA,raw_l2/trade_date=2026-07-17/exchange=NSE/symbol=BRITANNIA/part-083859_073359-039911.parquet,real_data_sample\l2_unseen_validation\trade_date=2026-07-17\exchange=NSE\symbol=BRITANNIA\part-083859_073359-039911.parquet,34618,downloaded,34618,
2026-07-17,NSE,BRITANNIA,raw_l2/trade_date=2026-07-17/exchange=NSE/symbol=BRITANNIA/part-084624_506250-040903.parquet,real_data_sample\l2_unseen_validation\trade_date=2026-07-17\exchange=NSE\symbol=BRITANNIA\part-084624_506250-040903.parquet,34520,downloaded,34520,
2026-07-17,NSE,BRITANNIA,raw_l2/trade_date=2026-07-17/exchange=NSE/symbol=BRITANNIA/part-084653_051116-040967.parquet,real_data_sample\l2_unseen_validation\trade_date=2026-07-17\exchange=NSE\symbol=BRITANNIA\part-084653_051116-040967.parquet,34468,downloaded,34468,
2026-07-17,NSE,BRITANNIA,raw_l2/trade_date=2026-07-17/exchange=NSE/symbol=BRITANNIA/part-084025_004811-040103.parquet,real_data_sample\l2_unseen_validation\trade_date=2026-07-17\exchange=NSE\symbol=BRITANNIA\part-084025_004811-040103.parquet,34639,downloaded,34639,
2026-07-17,NSE,BRITANNIA,raw_l2/trade_date=2026-07-17/exchange=NSE/symbol=BRITANNIA/part-084555_750473-040839.parquet,real_data_sample\l2_unseen_validation\trade_date=2026-07-17\exchange=NSE\symbol=BRITANNIA\part-084555_750473-040839.parquet,34397,downloaded,34397,
2026-07-17,NSE,BRITANNIA,raw_l2/trade_date=2026-07-17/exchange=NSE/symbol=BRITANNIA/part-084707_312279-040999.parquet,real_data_sample\l2_unseen_validation\trade_date=2026-07-17\exchange=NSE\symbol=BRITANNIA\part-084707_312279-040999.parquet,34613,downloaded,34613,
2026-07-17,NSE,BRITANNIA,raw_l2/trade_date=2026-07-17/exchange=NSE/symbol=BRITANNIA/part-084443_757317-040679.parquet,real_data_sample\l2_unseen_validation\trade_date=2026-07-17\exchange=NSE\symbol=BRITANNIA\part-084443_757317-040679.parquet,34322,downloaded,34322,
2026-07-17,NSE,BRITANNIA,raw_l2/trade_date=2026-07-17/exchange=NSE/symbol=BRITANNIA/part-084429_365443-040647.parquet,real_data_sample\l2_unseen_validation\trade_date=2026-07-17\exchange=NSE\symbol=BRITANNIA\part-084429_365443-040647.parquet,34687,downloaded,34687,
2026-07-17,NSE,BRITANNIA,raw_l2/trade_date=2026-07-17/exchange=NSE/symbol=BRITANNIA/part-084107_973321-040199.parquet,real_data_sample\l2_unseen_validation\trade_date=2026-07-17\exchange=NSE\symbol=BRITANNIA\part-084107_973321-040199.parquet,34525,downloaded,34525,
2026-07-17,NSE,BRITANNIA,raw_l2/trade_date=2026-07-17/exchange=NSE/symbol=BRITANNIA/part-084512_736859-040743.parquet,real_data_sample\l2_unseen_validation\trade_date=2026-07-17\exchange=NSE\symbol=BRITANNIA\part-084512_736859-040743.parquet,34450,downloaded,34450,
2026-07-17,NSE,BRITANNIA,raw_l2/trade_date=2026-07-17/exchange=NSE/symbol=BRITANNIA/part-084721_518829-041031.parquet,real_data_sample\l2_unseen_validation\trade_date=2026-07-17\exchange=NSE\symbol=BRITANNIA\part-084721_518829-041031.parquet,34709,downloaded,34709,
2026-07-17,NSE,BRITANNIA,raw_l2/trade_date=2026-07-17/exchange=NSE/symbol=BRITANNIA/part-084053_838764-040167.parquet,real_data_sample\l2_unseen_validation\trade_date=2026-07-17\exchange=NSE\symbol=BRITANNIA\part-084053_838764-040167.parquet,34399,downloaded,34399,
2026-07-17,NSE,BRITANNIA,raw_l2/trade_date=2026-07-17/exchange=NSE/symbol=BRITANNIA/part-084151_009495-040295.parquet,real_data_sample\l2_unseen_validation\trade_date=2026-07-17\exchange=NSE\symbol=BRITANNIA\part-084151_009495-040295.parquet,34394,downloaded,34394,
2026-07-17,NSE,BRITANNIA,raw_l2/trade_date=2026-07-17/exchange=NSE/symbol=BRITANNIA/part-084122_042738-040231.parquet,real_data_sample\l2_unseen_validation\trade_date=2026-07-17\exchange=NSE\symbol=BRITANNIA\part-084122_042738-040231.parquet,34548,downloaded,34548,
2026-07-17,NSE,BRITANNIA,raw_l2/trade_date=2026-07-17/exchange=NSE/symbol=BRITANNIA/part-084010_786846-040071.parquet,real_data_sample\l2_unseen_validation\trade_date=2026-07-17\exchange=NSE\symbol=BRITANNIA\part-084010_786846-040071.parquet,34593,downloaded,34593,
2026-07-17,NSE,BRITANNIA,raw_l2/trade_date=2026-07-17/exchange=NSE/symbol=BRITANNIA/part-083956_253645-040039.parquet,real_data_sample\l2_unseen_validation\trade_date=2026-07-17\exchange=NSE\symbol=BRITANNIA\part-083956_253645-040039.parquet,34671,downloaded,34671,
2026-07-17,NSE,BRITANNIA,raw_l2/trade_date=2026-07-17/exchange=NSE/symbol=BRITANNIA/part-084400_558823-040583.parquet,real_data_sample\l2_unseen_validation\trade_date=2026-07-17\exchange=NSE\symbol=BRITANNIA\part-084400_558823-040583.parquet,34568,downloaded,34568,
2026-07-17,NSE,BRITANNIA,raw_l2/trade_date=2026-07-17/exchange=NSE/symbol=BRITANNIA/part-084527_107186-040775.parquet,real_data_sample\l2_unseen_validation\trade_date=2026-07-17\exchange=NSE\symbol=BRITANNIA\part-084527_107186-040775.parquet,34486,downloaded,34486,
2026-07-17,NSE,BRITANNIA,raw_l2/trade_date=2026-07-17/exchange=NSE/symbol=BRITANNIA/part-084039_281882-040135.parquet,real_data_sample\l2_unseen_validation\trade_date=2026-07-17\exchange=NSE\symbol=BRITANNIA\part-084039_281882-040135.parquet,34608,downloaded,34608,
2026-07-17,NSE,BRITANNIA,raw_l2/trade_date=2026-07-17/exchange=NSE/symbol=BRITANNIA/part-084610_286249-040871.parquet,real_data_sample\l2_unseen_validation\trade_date=2026-07-17\exchange=NSE\symbol=BRITANNIA\part-084610_286249-040871.parquet,34516,downloaded,34516,
2026-07-17,NSE,BRITANNIA,raw_l2/trade_date=2026-07-17/exchange=NSE/symbol=BRITANNIA/part-084346_039082-040551.parquet,real_data_sample\l2_unseen_validation\trade_date=2026-07-17\exchange=NSE\symbol=BRITANNIA\part-084346_039082-040551.parquet,34779,downloaded,34779,
2026-07-17,NSE,BRITANNIA,raw_l2/trade_date=2026-07-17/exchange=NSE/symbol=BRITANNIA/part-084458_009685-040711.parquet,real_data_sample\l2_unseen_validation\trade_date=2026-07-17\exchange=NSE\symbol=BRITANNIA\part-084458_009685-040711.parquet,34648,downloaded,34648,
2026-07-17,NSE,BRITANNIA,raw_l2/trade_date=2026-07-17/exchange=NSE/symbol=BRITANNIA/part-084136_558671-040263.parquet,real_data_sample\l2_unseen_validation\trade_date=2026-07-17\exchange=NSE\symbol=BRITANNIA\part-084136_558671-040263.parquet,34423,downloaded,34423,
2026-07-17,NSE,BRITANNIA,raw_l2/trade_date=2026-07-17/exchange=NSE/symbol=BRITANNIA/part-084234_066959-040391.parquet,real_data_sample\l2_unseen_validation\trade_date=2026-07-17\exchange=NSE\symbol=BRITANNIA\part-084234_066959-040391.parquet,34798,downloaded,34798,
2026-07-17,NSE,BRITANNIA,raw_l2/trade_date=2026-07-17/exchange=NSE/symbol=BRITANNIA/part-084219_764612-040359.parquet,real_data_sample\l2_unseen_validation\trade_date=2026-07-17\exchange=NSE\symbol=BRITANNIA\part-084219_764612-040359.parquet,34566,downloaded,34566,
2026-07-17,NSE,BRITANNIA,raw_l2/trade_date=2026-07-17/exchange=NSE/symbol=BRITANNIA/part-084248_290983-040423.parquet,real_data_sample\l2_unseen_validation\trade_date=2026-07-17\exchange=NSE\symbol=BRITANNIA\part-084248_290983-040423.parquet,34523,downloaded,34523,
2026-07-17,NSE,BRITANNIA,raw_l2/trade_date=2026-07-17/exchange=NSE/symbol=BRITANNIA/part-084205_291532-040327.parquet,real_data_sample\l2_unseen_validation\trade_date=2026-07-17\exchange=NSE\symbol=BRITANNIA\part-084205_291532-040327.parquet,34510,downloaded,34510,
2026-07-17,NSE,BRITANNIA,raw_l2/trade_date=2026-07-17/exchange=NSE/symbol=BRITANNIA/part-084541_550188-040807.parquet,real_data_sample\l2_unseen_validation\trade_date=2026-07-17\exchange=NSE\symbol=BRITANNIA\part-084541_550188-040807.parquet,34584,downloaded,34584,
2026-07-17,NSE,BRITANNIA,raw_l2/trade_date=2026-07-17/exchange=NSE/symbol=BRITANNIA/part-084414_876490-040615.parquet,real_data_sample\l2_unseen_validation\trade_date=2026-07-17\exchange=NSE\symbol=BRITANNIA\part-084414_876490-040615.parquet,34507,downloaded,34507,
2026-07-17,NSE,BRITANNIA,raw_l2/trade_date=2026-07-17/exchange=NSE/symbol=BRITANNIA/part-084331_551526-040519.parquet,real_data_sample\l2_unseen_validation\trade_date=2026-07-17\exchange=NSE\symbol=BRITANNIA\part-084331_551526-040519.parquet,34654,downloaded,34654,
2026-07-17,NSE,BRITANNIA,raw_l2/trade_date=2026-07-17/exchange=NSE/symbol=BRITANNIA/part-084317_054155-040487.parquet,real_data_sample\l2_unseen_validation\trade_date=2026-07-17\exchange=NSE\symbol=BRITANNIA\part-084317_054155-040487.parquet,34502,downloaded,34502,
2026-07-17,NSE,BRITANNIA,raw_l2/trade_date=2026-07-17/exchange=NSE/symbol=BRITANNIA/part-084638_774468-040935.parquet,real_data_sample\l2_unseen_validation\trade_date=2026-07-17\exchange=NSE\symbol=BRITANNIA\part-084638_774468-040935.parquet,34650,downloaded,34650,
2026-07-17,NSE,BRITANNIA,raw_l2/trade_date=2026-07-17/exchange=NSE/symbol=BRITANNIA/part-084302_765551-040455.parquet,real_data_sample\l2_unseen_validation\trade_date=2026-07-17\exchange=NSE\symbol=BRITANNIA\part-084302_765551-040455.parquet,34602,downloaded,34602,
2026-07-17,NSE,BRITANNIA,raw_l2/trade_date=2026-07-17/exchange=NSE/symbol=BRITANNIA/part-084804_244099-041127.parquet,real_data_sample\l2_unseen_validation\trade_date=2026-07-17\exchange=NSE\symbol=BRITANNIA\part-084804_244099-041127.parquet,34584,downloaded,34584,
2026-07-17,NSE,BRITANNIA,raw_l2/trade_date=2026-07-17/exchange=NSE/symbol=BRITANNIA/part-084847_293232-041223.parquet,real_data_sample\l2_unseen_validation\trade_date=2026-07-17\exchange=NSE\symbol=BRITANNIA\part-084847_293232-041223.parquet,34349,downloaded,34349,
2026-07-17,NSE,BRITANNIA,raw_l2/trade_date=2026-07-17/exchange=NSE/symbol=BRITANNIA/part-084818_499065-041159.parquet,real_data_sample\l2_unseen_validation\trade_date=2026-07-17\exchange=NSE\symbol=BRITANNIA\part-084818_499065-041159.parquet,34397,downloaded,34397,
2026-07-17,NSE,BRITANNIA,raw_l2/trade_date=2026-07-17/exchange=NSE/symbol=BRITANNIA/part-084832_836023-041191.parquet,real_data_sample\l2_unseen_validation\trade_date=2026-07-17\exchange=NSE\symbol=BRITANNIA\part-084832_836023-041191.parquet,34525,downloaded,34525,
2026-07-17,NSE,BRITANNIA,raw_l2/trade_date=2026-07-17/exchange=NSE/symbol=BRITANNIA/part-084901_797071-041255.parquet,real_data_sample\l2_unseen_validation\trade_date=2026-07-17\exchange=NSE\symbol=BRITANNIA\part-084901_797071-041255.parquet,34481,downloaded,34481,
2026-07-17,NSE,BRITANNIA,raw_l2/trade_date=2026-07-17/exchange=NSE/symbol=BRITANNIA/part-084916_305185-041287.parquet,real_data_sample\l2_unseen_validation\trade_date=2026-07-17\exchange=NSE\symbol=BRITANNIA\part-084916_305185-041287.parquet,34808,downloaded,34808,
2026-07-17,NSE,BRITANNIA,raw_l2/trade_date=2026-07-17/exchange=NSE/symbol=BRITANNIA/part-084931_031305-041319.parquet,real_data_sample\l2_unseen_validation\trade_date=2026-07-17\exchange=NSE\symbol=BRITANNIA\part-084931_031305-041319.parquet,34439,downloaded,34439,
2026-07-17,NSE,BRITANNIA,raw_l2/trade_date=2026-07-17/exchange=NSE/symbol=BRITANNIA/part-084750_025078-041095.parquet,real_data_sample\l2_unseen_validation\trade_date=2026-07-17\exchange=NSE\symbol=BRITANNIA\part-084750_025078-041095.parquet,34596,downloaded,34596,
2026-07-17,NSE,BRITANNIA,raw_l2/trade_date=2026-07-17/exchange=NSE/symbol=BRITANNIA/part-084735_581011-041063.parquet,real_data_sample\l2_unseen_validation\trade_date=2026-07-17\exchange=NSE\symbol=BRITANNIA\part-084735_581011-041063.parquet,34669,downloaded,34669,
2026-07-17,NSE,BRITANNIA,raw_l2/trade_date=2026-07-17/exchange=NSE/symbol=BRITANNIA/part-085126_791967-041575.parquet,real_data_sample\l2_unseen_validation\trade_date=2026-07-17\exchange=NSE\symbol=BRITANNIA\part-085126_791967-041575.parquet,34421,downloaded,34421,
2026-07-17,NSE,BRITANNIA,raw_l2/trade_date=2026-07-17/exchange=NSE/symbol=BRITANNIA/part-085408_033300-041927.parquet,real_data_sample\l2_unseen_validation\trade_date=2026-07-17\exchange=NSE\symbol=BRITANNIA\part-085408_033300-041927.parquet,34446,downloaded,34446,
2026-07-17,NSE,BRITANNIA,raw_l2/trade_date=2026-07-17/exchange=NSE/symbol=BRITANNIA/part-085112_253647-041543.parquet,real_data_sample\l2_unseen_validation\trade_date=2026-07-17\exchange=NSE\symbol=BRITANNIA\part-085112_253647-041543.parquet,34520,downloaded,34520,
2026-07-17,NSE,BRITANNIA,raw_l2/trade_date=2026-07-17/exchange=NSE/symbol=BRITANNIA/part-085043_015440-041479.parquet,real_data_sample\l2_unseen_validation\trade_date=2026-07-17\exchange=NSE\symbol=BRITANNIA\part-085043_015440-041479.parquet,34271,downloaded,34271,
2026-07-17,NSE,BRITANNIA,raw_l2/trade_date=2026-07-17/exchange=NSE/symbol=BRITANNIA/part-085057_537859-041511.parquet,real_data_sample\l2_unseen_validation\trade_date=2026-07-17\exchange=NSE\symbol=BRITANNIA\part-085057_537859-041511.parquet,34592,downloaded,34592,
2026-07-17,NSE,BRITANNIA,raw_l2/trade_date=2026-07-17/exchange=NSE/symbol=BRITANNIA/part-085339_539104-041863.parquet,real_data_sample\l2_unseen_validation\trade_date=2026-07-17\exchange=NSE\symbol=BRITANNIA\part-085339_539104-041863.parquet,34579,downloaded,34579,
2026-07-17,NSE,BRITANNIA,raw_l2/trade_date=2026-07-17/exchange=NSE/symbol=BRITANNIA/part-085324_517485-041831.parquet,real_data_sample\l2_unseen_validation\trade_date=2026-07-17\exchange=NSE\symbol=BRITANNIA\part-085324_517485-041831.parquet,34349,downloaded,34349,
2026-07-17,NSE,BRITANNIA,raw_l2/trade_date=2026-07-17/exchange=NSE/symbol=BRITANNIA/part-085309_234871-041799.parquet,real_data_sample\l2_unseen_validation\trade_date=2026-07-17\exchange=NSE\symbol=BRITANNIA\part-085309_234871-041799.parquet,34476,downloaded,34476,
2026-07-17,NSE,BRITANNIA,raw_l2/trade_date=2026-07-17/exchange=NSE/symbol=BRITANNIA/part-085436_545001-041991.parquet,real_data_sample\l2_unseen_validation\trade_date=2026-07-17\exchange=NSE\symbol=BRITANNIA\part-085436_545001-041991.parquet,34579,downloaded,34579,
2026-07-17,NSE,BRITANNIA,raw_l2/trade_date=2026-07-17/exchange=NSE/symbol=BRITANNIA/part-085422_252826-041959.parquet,real_data_sample\l2_unseen_validation\trade_date=2026-07-17\exchange=NSE\symbol=BRITANNIA\part-085422_252826-041959.parquet,34444,downloaded,34444,
2026-07-17,NSE,BRITANNIA,raw_l2/trade_date=2026-07-17/exchange=NSE/symbol=BRITANNIA/part-085028_882457-041447.parquet,real_data_sample\l2_unseen_validation\trade_date=2026-07-17\exchange=NSE\symbol=BRITANNIA\part-085028_882457-041447.parquet,34477,downloaded,34477,
2026-07-17,NSE,BRITANNIA,raw_l2/trade_date=2026-07-17/exchange=NSE/symbol=BRITANNIA/part-085254_395554-041767.parquet,real_data_sample\l2_unseen_validation\trade_date=2026-07-17\exchange=NSE\symbol=BRITANNIA\part-085254_395554-041767.parquet,34645,downloaded,34645,
2026-07-17,NSE,BRITANNIA,raw_l2/trade_date=2026-07-17/exchange=NSE/symbol=BRITANNIA/part-084959_992183-041383.parquet,real_data_sample\l2_unseen_validation\trade_date=2026-07-17\exchange=NSE\symbol=BRITANNIA\part-084959_992183-041383.parquet,34655,downloaded,34655,
2026-07-17,NSE,BRITANNIA,raw_l2/trade_date=2026-07-17/exchange=NSE/symbol=BRITANNIA/part-084945_539657-041351.parquet,real_data_sample\l2_unseen_validation\trade_date=2026-07-17\exchange=NSE\symbol=BRITANNIA\part-084945_539657-041351.parquet,34652,downloaded,34652,
2026-07-17,NSE,BRITANNIA,raw_l2/trade_date=2026-07-17/exchange=NSE/symbol=BRITANNIA/part-085451_009491-042023.parquet,real_data_sample\l2_unseen_validation\trade_date=2026-07-17\exchange=NSE\symbol=BRITANNIA\part-085451_009491-042023.parquet,34652,downloaded,34652,
2026-07-17,NSE,BRITANNIA,raw_l2/trade_date=2026-07-17/exchange=NSE/symbol=BRITANNIA/part-085505_379208-042055.parquet,real_data_sample\l2_unseen_validation\trade_date=2026-07-17\exchange=NSE\symbol=BRITANNIA\part-085505_379208-042055.parquet,34251,downloaded,34251,
2026-07-17,NSE,BRITANNIA,raw_l2/trade_date=2026-07-17/exchange=NSE/symbol=BRITANNIA/part-085155_585090-041639.parquet,real_data_sample\l2_unseen_validation\trade_date=2026-07-17\exchange=NSE\symbol=BRITANNIA\part-085155_585090-041639.parquet,34430,downloaded,34430,
2026-07-17,NSE,BRITANNIA,raw_l2/trade_date=2026-07-17/exchange=NSE/symbol=BRITANNIA/part-085014_616281-041415.parquet,real_data_sample\l2_unseen_validation\trade_date=2026-07-17\exchange=NSE\symbol=BRITANNIA\part-085014_616281-041415.parquet,34290,downloaded,34290,
2026-07-17,NSE,BRITANNIA,raw_l2/trade_date=2026-07-17/exchange=NSE/symbol=BRITANNIA/part-085353_727794-041895.parquet,real_data_sample\l2_unseen_validation\trade_date=2026-07-17\exchange=NSE\symbol=BRITANNIA\part-085353_727794-041895.parquet,34607,downloaded,34607,
2026-07-17,NSE,BRITANNIA,raw_l2/trade_date=2026-07-17/exchange=NSE/symbol=BRITANNIA/part-085141_106379-041607.parquet,real_data_sample\l2_unseen_validation\trade_date=2026-07-17\exchange=NSE\symbol=BRITANNIA\part-085141_106379-041607.parquet,34645,downloaded,34645,
2026-07-17,NSE,BRITANNIA,raw_l2/trade_date=2026-07-17/exchange=NSE/symbol=BRITANNIA/part-085224_826669-041703.parquet,real_data_sample\l2_unseen_validation\trade_date=2026-07-17\exchange=NSE\symbol=BRITANNIA\part-085224_826669-041703.parquet,34406,downloaded,34406,
2026-07-17,NSE,BRITANNIA,raw_l2/trade_date=2026-07-17/exchange=NSE/symbol=BRITANNIA/part-085239_539441-041735.parquet,real_data_sample\l2_unseen_validation\trade_date=2026-07-17\exchange=NSE\symbol=BRITANNIA\part-085239_539441-041735.parquet,34318,downloaded,34318,
2026-07-17,NSE,BRITANNIA,raw_l2/trade_date=2026-07-17/exchange=NSE/symbol=BRITANNIA/part-085210_340169-041671.parquet,real_data_sample\l2_unseen_validation\trade_date=2026-07-17\exchange=NSE\symbol=BRITANNIA\part-085210_340169-041671.parquet,34552,downloaded,34552,
2026-07-17,NSE,BRITANNIA,raw_l2/trade_date=2026-07-17/exchange=NSE/symbol=BRITANNIA/part-085519_519842-042087.parquet,real_data_sample\l2_unseen_validation\trade_date=2026-07-17\exchange=NSE\symbol=BRITANNIA\part-085519_519842-042087.parquet,34585,downloaded,34585,
2026-07-17,NSE,BRITANNIA,raw_l2/trade_date=2026-07-17/exchange=NSE/symbol=BRITANNIA/part-085547_991106-042151.parquet,real_data_sample\l2_unseen_validation\trade_date=2026-07-17\exchange=NSE\symbol=BRITANNIA\part-085547_991106-042151.parquet,34688,downloaded,34688,
2026-07-17,NSE,BRITANNIA,raw_l2/trade_date=2026-07-17/exchange=NSE/symbol=BRITANNIA/part-085533_775778-042119.parquet,real_data_sample\l2_unseen_validation\trade_date=2026-07-17\exchange=NSE\symbol=BRITANNIA\part-085533_775778-042119.parquet,34592,downloaded,34592,
2026-07-17,NSE,BRITANNIA,raw_l2/trade_date=2026-07-17/exchange=NSE/symbol=BRITANNIA/part-085616_283372-042215.parquet,real_data_sample\l2_unseen_validation\trade_date=2026-07-17\exchange=NSE\symbol=BRITANNIA\part-085616_283372-042215.parquet,34573,downloaded,34573,
2026-07-17,NSE,BRITANNIA,raw_l2/trade_date=2026-07-17/exchange=NSE/symbol=BRITANNIA/part-085602_232931-042183.parquet,real_data_sample\l2_unseen_validation\trade_date=2026-07-17\exchange=NSE\symbol=BRITANNIA\part-085602_232931-042183.parquet,34403,downloaded,34403,
2026-07-17,NSE,BRITANNIA,raw_l2/trade_date=2026-07-17/exchange=NSE/symbol=BRITANNIA/part-085630_563729-042247.parquet,real_data_sample\l2_unseen_validation\trade_date=2026-07-17\exchange=NSE\symbol=BRITANNIA\part-085630_563729-042247.parquet,34577,downloaded,34577,
2026-07-17,NSE,BRITANNIA,raw_l2/trade_date=2026-07-17/exchange=NSE/symbol=BRITANNIA/part-085741_808841-042407.parquet,real_data_sample\l2_unseen_validation\trade_date=2026-07-17\exchange=NSE\symbol=BRITANNIA\part-085741_808841-042407.parquet,34578,downloaded,34578,
2026-07-17,NSE,BRITANNIA,raw_l2/trade_date=2026-07-17/exchange=NSE/symbol=BRITANNIA/part-085713_366649-042343.parquet,real_data_sample\l2_unseen_validation\trade_date=2026-07-17\exchange=NSE\symbol=BRITANNIA\part-085713_366649-042343.parquet,34473,downloaded,34473,
2026-07-17,NSE,BRITANNIA,raw_l2/trade_date=2026-07-17/exchange=NSE/symbol=BRITANNIA/part-085659_024922-042311.parquet,real_data_sample\l2_unseen_validation\trade_date=2026-07-17\exchange=NSE\symbol=BRITANNIA\part-085659_024922-042311.parquet,34441,downloaded,34441,
2026-07-17,NSE,BRITANNIA,raw_l2/trade_date=2026-07-17/exchange=NSE/symbol=BRITANNIA/part-085727_467346-042375.parquet,real_data_sample\l2_unseen_validation\trade_date=2026-07-17\exchange=NSE\symbol=BRITANNIA\part-085727_467346-042375.parquet,34440,downloaded,34440,
2026-07-17,NSE,BRITANNIA,raw_l2/trade_date=2026-07-17/exchange=NSE/symbol=BRITANNIA/part-085825_026497-042503.parquet,real_data_sample\l2_unseen_validation\trade_date=2026-07-17\exchange=NSE\symbol=BRITANNIA\part-085825_026497-042503.parquet,34699,downloaded,34699,
2026-07-17,NSE,BRITANNIA,raw_l2/trade_date=2026-07-17/exchange=NSE/symbol=BRITANNIA/part-085908_543087-042599.parquet,real_data_sample\l2_unseen_validation\trade_date=2026-07-17\exchange=NSE\symbol=BRITANNIA\part-085908_543087-042599.parquet,34656,downloaded,34656,
2026-07-17,NSE,BRITANNIA,raw_l2/trade_date=2026-07-17/exchange=NSE/symbol=BRITANNIA/part-085644_760418-042279.parquet,real_data_sample\l2_unseen_validation\trade_date=2026-07-17\exchange=NSE\symbol=BRITANNIA\part-085644_760418-042279.parquet,34256,downloaded,34256,
2026-07-17,NSE,BRITANNIA,raw_l2/trade_date=2026-07-17/exchange=NSE/symbol=BRITANNIA/part-090050_360095-042823.parquet,real_data_sample\l2_unseen_validation\trade_date=2026-07-17\exchange=NSE\symbol=BRITANNIA\part-090050_360095-042823.parquet,34523,downloaded,34523,
2026-07-17,NSE,BRITANNIA,raw_l2/trade_date=2026-07-17/exchange=NSE/symbol=BRITANNIA/part-090119_599311-042887.parquet,real_data_sample\l2_unseen_validation\trade_date=2026-07-17\exchange=NSE\symbol=BRITANNIA\part-090119_599311-042887.parquet,34453,downloaded,34453,
2026-07-17,NSE,BRITANNIA,raw_l2/trade_date=2026-07-17/exchange=NSE/symbol=BRITANNIA/part-090148_533289-042951.parquet,real_data_sample\l2_unseen_validation\trade_date=2026-07-17\exchange=NSE\symbol=BRITANNIA\part-090148_533289-042951.parquet,34450,downloaded,34450,
2026-07-17,NSE,BRITANNIA,raw_l2/trade_date=2026-07-17/exchange=NSE/symbol=BRITANNIA/part-090231_324109-043047.parquet,real_data_sample\l2_unseen_validation\trade_date=2026-07-17\exchange=NSE\symbol=BRITANNIA\part-090231_324109-043047.parquet,34628,downloaded,34628,
2026-07-17,NSE,BRITANNIA,raw_l2/trade_date=2026-07-17/exchange=NSE/symbol=BRITANNIA/part-085839_568022-042535.parquet,real_data_sample\l2_unseen_validation\trade_date=2026-07-17\exchange=NSE\symbol=BRITANNIA\part-085839_568022-042535.parquet,34491,downloaded,34491,
2026-07-17,NSE,BRITANNIA,raw_l2/trade_date=2026-07-17/exchange=NSE/symbol=BRITANNIA/part-090134_067204-042919.parquet,real_data_sample\l2_unseen_validation\trade_date=2026-07-17\exchange=NSE\symbol=BRITANNIA\part-090134_067204-042919.parquet,34330,downloaded,34330,
2026-07-17,NSE,BRITANNIA,raw_l2/trade_date=2026-07-17/exchange=NSE/symbol=BRITANNIA/part-090300_091193-043111.parquet,real_data_sample\l2_unseen_validation\trade_date=2026-07-17\exchange=NSE\symbol=BRITANNIA\part-090300_091193-043111.parquet,34555,downloaded,34555,
2026-07-17,NSE,BRITANNIA,raw_l2/trade_date=2026-07-17/exchange=NSE/symbol=BRITANNIA/part-090216_978937-043015.parquet,real_data_sample\l2_unseen_validation\trade_date=2026-07-17\exchange=NSE\symbol=BRITANNIA\part-090216_978937-043015.parquet,34562,downloaded,34562,
2026-07-17,NSE,BRITANNIA,raw_l2/trade_date=2026-07-17/exchange=NSE/symbol=BRITANNIA/part-090412_965418-043271.parquet,real_data_sample\l2_unseen_validation\trade_date=2026-07-17\exchange=NSE\symbol=BRITANNIA\part-090412_965418-043271.parquet,34731,downloaded,34731,
2026-07-17,NSE,BRITANNIA,raw_l2/trade_date=2026-07-17/exchange=NSE/symbol=BRITANNIA/part-085756_343564-042439.parquet,real_data_sample\l2_unseen_validation\trade_date=2026-07-17\exchange=NSE\symbol=BRITANNIA\part-085756_343564-042439.parquet,34474,downloaded,34474,
2026-07-17,NSE,BRITANNIA,raw_l2/trade_date=2026-07-17/exchange=NSE/symbol=BRITANNIA/part-090314_596429-043143.parquet,real_data_sample\l2_unseen_validation\trade_date=2026-07-17\exchange=NSE\symbol=BRITANNIA\part-090314_596429-043143.parquet,34536,downloaded,34536,
2026-07-17,NSE,BRITANNIA,raw_l2/trade_date=2026-07-17/exchange=NSE/symbol=BRITANNIA/part-090329_106984-043175.parquet,real_data_sample\l2_unseen_validation\trade_date=2026-07-17\exchange=NSE\symbol=BRITANNIA\part-090329_106984-043175.parquet,34615,downloaded,34615,
2026-07-17,NSE,BRITANNIA,raw_l2/trade_date=2026-07-17/exchange=NSE/symbol=BRITANNIA/part-090343_896938-043207.parquet,real_data_sample\l2_unseen_validation\trade_date=2026-07-17\exchange=NSE\symbol=BRITANNIA\part-090343_896938-043207.parquet,34654,downloaded,34654,
2026-07-17,NSE,BRITANNIA,raw_l2/trade_date=2026-07-17/exchange=NSE/symbol=BRITANNIA/part-085952_574514-042695.parquet,real_data_sample\l2_unseen_validation\trade_date=2026-07-17\exchange=NSE\symbol=BRITANNIA\part-085952_574514-042695.parquet,34421,downloaded,34421,
2026-07-17,NSE,BRITANNIA,raw_l2/trade_date=2026-07-17/exchange=NSE/symbol=BRITANNIA/part-090007_049704-042727.parquet,real_data_sample\l2_unseen_validation\trade_date=2026-07-17\exchange=NSE\symbol=BRITANNIA\part-090007_049704-042727.parquet,34508,downloaded,34508,
2026-07-17,NSE,BRITANNIA,raw_l2/trade_date=2026-07-17/exchange=NSE/symbol=BRITANNIA/part-090202_802886-042983.parquet,real_data_sample\l2_unseen_validation\trade_date=2026-07-17\exchange=NSE\symbol=BRITANNIA\part-090202_802886-042983.parquet,34712,downloaded,34712,
2026-07-17,NSE,BRITANNIA,raw_l2/trade_date=2026-07-17/exchange=NSE/symbol=BRITANNIA/part-085810_775987-042471.parquet,real_data_sample\l2_unseen_validation\trade_date=2026-07-17\exchange=NSE\symbol=BRITANNIA\part-085810_775987-042471.parquet,34510,downloaded,34510,
2026-07-17,NSE,BRITANNIA,raw_l2/trade_date=2026-07-17/exchange=NSE/symbol=BRITANNIA/part-090358_729832-043239.parquet,real_data_sample\l2_unseen_validation\trade_date=2026-07-17\exchange=NSE\symbol=BRITANNIA\part-090358_729832-043239.parquet,34600,downloaded,34600,
2026-07-17,NSE,BRITANNIA,raw_l2/trade_date=2026-07-17/exchange=NSE/symbol=BRITANNIA/part-090021_589297-042759.parquet,real_data_sample\l2_unseen_validation\trade_date=2026-07-17\exchange=NSE\symbol=BRITANNIA\part-090021_589297-042759.parquet,34474,downloaded,34474,
2026-07-17,NSE,BRITANNIA,raw_l2/trade_date=2026-07-17/exchange=NSE/symbol=BRITANNIA/part-085923_117068-042631.parquet,real_data_sample\l2_unseen_validation\trade_date=2026-07-17\exchange=NSE\symbol=BRITANNIA\part-085923_117068-042631.parquet,34589,downloaded,34589,
2026-07-17,NSE,BRITANNIA,raw_l2/trade_date=2026-07-17/exchange=NSE/symbol=BRITANNIA/part-085937_874281-042663.parquet,real_data_sample\l2_unseen_validation\trade_date=2026-07-17\exchange=NSE\symbol=BRITANNIA\part-085937_874281-042663.parquet,34499,downloaded,34499,
2026-07-17,NSE,BRITANNIA,raw_l2/trade_date=2026-07-17/exchange=NSE/symbol=BRITANNIA/part-090245_804130-043079.parquet,real_data_sample\l2_unseen_validation\trade_date=2026-07-17\exchange=NSE\symbol=BRITANNIA\part-090245_804130-043079.parquet,34661,downloaded,34661,
2026-07-17,NSE,BRITANNIA,raw_l2/trade_date=2026-07-17/exchange=NSE/symbol=BRITANNIA/part-085854_077514-042567.parquet,real_data_sample\l2_unseen_validation\trade_date=2026-07-17\exchange=NSE\symbol=BRITANNIA\part-085854_077514-042567.parquet,34483,downloaded,34483,
2026-07-17,NSE,BRITANNIA,raw_l2/trade_date=2026-07-17/exchange=NSE/symbol=BRITANNIA/part-090105_077067-042855.parquet,real_data_sample\l2_unseen_validation\trade_date=2026-07-17\exchange=NSE\symbol=BRITANNIA\part-090105_077067-042855.parquet,34573,downloaded,34573,
2026-07-17,NSE,BRITANNIA,raw_l2/trade_date=2026-07-17/exchange=NSE/symbol=BRITANNIA/part-090035_886901-042791.parquet,real_data_sample\l2_unseen_validation\trade_date=2026-07-17\exchange=NSE\symbol=BRITANNIA\part-090035_886901-042791.parquet,34378,downloaded,34378,
2026-07-17,NSE,BRITANNIA,raw_l2/trade_date=2026-07-17/exchange=NSE/symbol=BRITANNIA/part-090427_300493-043303.parquet,real_data_sample\l2_unseen_validation\trade_date=2026-07-17\exchange=NSE\symbol=BRITANNIA\part-090427_300493-043303.parquet,34459,downloaded,34459,
2026-07-17,NSE,BRITANNIA,raw_l2/trade_date=2026-07-17/exchange=NSE/symbol=BRITANNIA/part-090511_560424-043399.parquet,real_data_sample\l2_unseen_validation\trade_date=2026-07-17\exchange=NSE\symbol=BRITANNIA\part-090511_560424-043399.parquet,34679,downloaded,34679,
2026-07-17,NSE,BRITANNIA,raw_l2/trade_date=2026-07-17/exchange=NSE/symbol=BRITANNIA/part-090525_996901-043431.parquet,real_data_sample\l2_unseen_validation\trade_date=2026-07-17\exchange=NSE\symbol=BRITANNIA\part-090525_996901-043431.parquet,34628,downloaded,34628,
2026-07-17,NSE,BRITANNIA,raw_l2/trade_date=2026-07-17/exchange=NSE/symbol=BRITANNIA/part-090456_844859-043367.parquet,real_data_sample\l2_unseen_validation\trade_date=2026-07-17\exchange=NSE\symbol=BRITANNIA\part-090456_844859-043367.parquet,34750,downloaded,34750,
2026-07-17,NSE,BRITANNIA,raw_l2/trade_date=2026-07-17/exchange=NSE/symbol=BRITANNIA/part-090540_483539-043463.parquet,real_data_sample\l2_unseen_validation\trade_date=2026-07-17\exchange=NSE\symbol=BRITANNIA\part-090540_483539-043463.parquet,34520,downloaded,34520,
2026-07-17,NSE,BRITANNIA,raw_l2/trade_date=2026-07-17/exchange=NSE/symbol=BRITANNIA/part-090442_136810-043335.parquet,real_data_sample\l2_unseen_validation\trade_date=2026-07-17\exchange=NSE\symbol=BRITANNIA\part-090442_136810-043335.parquet,34565,downloaded,34565,
2026-07-17,NSE,BRITANNIA,raw_l2/trade_date=2026-07-17/exchange=NSE/symbol=BRITANNIA/part-090721_510201-043687.parquet,real_data_sample\l2_unseen_validation\trade_date=2026-07-17\exchange=NSE\symbol=BRITANNIA\part-090721_510201-043687.parquet,34512,downloaded,34512,
2026-07-17,NSE,BRITANNIA,raw_l2/trade_date=2026-07-17/exchange=NSE/symbol=BRITANNIA/part-090608_976472-043527.parquet,real_data_sample\l2_unseen_validation\trade_date=2026-07-17\exchange=NSE\symbol=BRITANNIA\part-090608_976472-043527.parquet,34684,downloaded,34684,
2026-07-17,NSE,BRITANNIA,raw_l2/trade_date=2026-07-17/exchange=NSE/symbol=BRITANNIA/part-090637_994244-043591.parquet,real_data_sample\l2_unseen_validation\trade_date=2026-07-17\exchange=NSE\symbol=BRITANNIA\part-090637_994244-043591.parquet,34476,downloaded,34476,
2026-07-17,NSE,BRITANNIA,raw_l2/trade_date=2026-07-17/exchange=NSE/symbol=BRITANNIA/part-090652_534813-043623.parquet,real_data_sample\l2_unseen_validation\trade_date=2026-07-17\exchange=NSE\symbol=BRITANNIA\part-090652_534813-043623.parquet,34423,downloaded,34423,
2026-07-17,NSE,BRITANNIA,raw_l2/trade_date=2026-07-17/exchange=NSE/symbol=BRITANNIA/part-090623_566768-043559.parquet,real_data_sample\l2_unseen_validation\trade_date=2026-07-17\exchange=NSE\symbol=BRITANNIA\part-090623_566768-043559.parquet,34549,downloaded,34549,
2026-07-17,NSE,BRITANNIA,raw_l2/trade_date=2026-07-17/exchange=NSE/symbol=BRITANNIA/part-090554_716147-043495.parquet,real_data_sample\l2_unseen_validation\trade_date=2026-07-17\exchange=NSE\symbol=BRITANNIA\part-090554_716147-043495.parquet,34660,downloaded,34660,
2026-07-17,NSE,BRITANNIA,raw_l2/trade_date=2026-07-17/exchange=NSE/symbol=BRITANNIA/part-090707_033262-043655.parquet,real_data_sample\l2_unseen_validation\trade_date=2026-07-17\exchange=NSE\symbol=BRITANNIA\part-090707_033262-043655.parquet,34595,downloaded,34595,
2026-07-17,NSE,BRITANNIA,raw_l2/trade_date=2026-07-17/exchange=NSE/symbol=BRITANNIA/part-090848_535514-043879.parquet,real_data_sample\l2_unseen_validation\trade_date=2026-07-17\exchange=NSE\symbol=BRITANNIA\part-090848_535514-043879.parquet,34450,downloaded,34450,
2026-07-17,NSE,BRITANNIA,raw_l2/trade_date=2026-07-17/exchange=NSE/symbol=BRITANNIA/part-091032_548885-044103.parquet,real_data_sample\l2_unseen_validation\trade_date=2026-07-17\exchange=NSE\symbol=BRITANNIA\part-091032_548885-044103.parquet,34593,downloaded,34593,
2026-07-17,NSE,BRITANNIA,raw_l2/trade_date=2026-07-17/exchange=NSE/symbol=BRITANNIA/part-090947_942799-044007.parquet,real_data_sample\l2_unseen_validation\trade_date=2026-07-17\exchange=NSE\symbol=BRITANNIA\part-090947_942799-044007.parquet,34401,downloaded,34401,
2026-07-17,NSE,BRITANNIA,raw_l2/trade_date=2026-07-17/exchange=NSE/symbol=BRITANNIA/part-091018_003515-044071.parquet,real_data_sample\l2_unseen_validation\trade_date=2026-07-17\exchange=NSE\symbol=BRITANNIA\part-091018_003515-044071.parquet,34492,downloaded,34492,
2026-07-17,NSE,BRITANNIA,raw_l2/trade_date=2026-07-17/exchange=NSE/symbol=BRITANNIA/part-090903_212618-043911.parquet,real_data_sample\l2_unseen_validation\trade_date=2026-07-17\exchange=NSE\symbol=BRITANNIA\part-090903_212618-043911.parquet,34615,downloaded,34615,
2026-07-17,NSE,BRITANNIA,raw_l2/trade_date=2026-07-17/exchange=NSE/symbol=BRITANNIA/part-090933_094117-043975.parquet,real_data_sample\l2_unseen_validation\trade_date=2026-07-17\exchange=NSE\symbol=BRITANNIA\part-090933_094117-043975.parquet,34706,downloaded,34706,
2026-07-17,NSE,BRITANNIA,raw_l2/trade_date=2026-07-17/exchange=NSE/symbol=BRITANNIA/part-091131_636036-044231.parquet,real_data_sample\l2_unseen_validation\trade_date=2026-07-17\exchange=NSE\symbol=BRITANNIA\part-091131_636036-044231.parquet,34349,downloaded,34349,
2026-07-17,NSE,BRITANNIA,raw_l2/trade_date=2026-07-17/exchange=NSE/symbol=BRITANNIA/part-090819_264184-043815.parquet,real_data_sample\l2_unseen_validation\trade_date=2026-07-17\exchange=NSE\symbol=BRITANNIA\part-090819_264184-043815.parquet,34701,downloaded,34701,
2026-07-17,NSE,BRITANNIA,raw_l2/trade_date=2026-07-17/exchange=NSE/symbol=BRITANNIA/part-090918_281355-043943.parquet,real_data_sample\l2_unseen_validation\trade_date=2026-07-17\exchange=NSE\symbol=BRITANNIA\part-090918_281355-043943.parquet,34634,downloaded,34634,
2026-07-17,NSE,BRITANNIA,raw_l2/trade_date=2026-07-17/exchange=NSE/symbol=BRITANNIA/part-090833_909848-043847.parquet,real_data_sample\l2_unseen_validation\trade_date=2026-07-17\exchange=NSE\symbol=BRITANNIA\part-090833_909848-043847.parquet,34588,downloaded,34588,
2026-07-17,NSE,BRITANNIA,raw_l2/trade_date=2026-07-17/exchange=NSE/symbol=BRITANNIA/part-090804_698675-043783.parquet,real_data_sample\l2_unseen_validation\trade_date=2026-07-17\exchange=NSE\symbol=BRITANNIA\part-090804_698675-043783.parquet,34593,downloaded,34593,
2026-07-17,NSE,BRITANNIA,raw_l2/trade_date=2026-07-17/exchange=NSE/symbol=BRITANNIA/part-091003_635646-044039.parquet,real_data_sample\l2_unseen_validation\trade_date=2026-07-17\exchange=NSE\symbol=BRITANNIA\part-091003_635646-044039.parquet,34572,downloaded,34572,
2026-07-17,NSE,BRITANNIA,raw_l2/trade_date=2026-07-17/exchange=NSE/symbol=BRITANNIA/part-091047_330500-044135.parquet,real_data_sample\l2_unseen_validation\trade_date=2026-07-17\exchange=NSE\symbol=BRITANNIA\part-091047_330500-044135.parquet,34718,downloaded,34718,
2026-07-17,NSE,BRITANNIA,raw_l2/trade_date=2026-07-17/exchange=NSE/symbol=BRITANNIA/part-091146_061041-044263.parquet,real_data_sample\l2_unseen_validation\trade_date=2026-07-17\exchange=NSE\symbol=BRITANNIA\part-091146_061041-044263.parquet,34410,downloaded,34410,
2026-07-17,NSE,BRITANNIA,raw_l2/trade_date=2026-07-17/exchange=NSE/symbol=BRITANNIA/part-090735_740515-043719.parquet,real_data_sample\l2_unseen_validation\trade_date=2026-07-17\exchange=NSE\symbol=BRITANNIA\part-090735_740515-043719.parquet,34484,downloaded,34484,
2026-07-17,NSE,BRITANNIA,raw_l2/trade_date=2026-07-17/exchange=NSE/symbol=BRITANNIA/part-090750_023677-043751.parquet,real_data_sample\l2_unseen_validation\trade_date=2026-07-17\exchange=NSE\symbol=BRITANNIA\part-090750_023677-043751.parquet,34503,downloaded,34503,
2026-07-17,NSE,BRITANNIA,raw_l2/trade_date=2026-07-17/exchange=NSE/symbol=BRITANNIA/part-091102_034791-044167.parquet,real_data_sample\l2_unseen_validation\trade_date=2026-07-17\exchange=NSE\symbol=BRITANNIA\part-091102_034791-044167.parquet,34437,downloaded,34437,
2026-07-17,NSE,BRITANNIA,raw_l2/trade_date=2026-07-17/exchange=NSE/symbol=BRITANNIA/part-091116_574896-044199.parquet,real_data_sample\l2_unseen_validation\trade_date=2026-07-17\exchange=NSE\symbol=BRITANNIA\part-091116_574896-044199.parquet,34636,downloaded,34636,
2026-07-17,NSE,BRITANNIA,raw_l2/trade_date=2026-07-17/exchange=NSE/symbol=BRITANNIA/part-091200_584441-044295.parquet,real_data_sample\l2_unseen_validation\trade_date=2026-07-17\exchange=NSE\symbol=BRITANNIA\part-091200_584441-044295.parquet,34681,downloaded,34681,
2026-07-17,NSE,BRITANNIA,raw_l2/trade_date=2026-07-17/exchange=NSE/symbol=BRITANNIA/part-091246_057413-044391.parquet,real_data_sample\l2_unseen_validation\trade_date=2026-07-17\exchange=NSE\symbol=BRITANNIA\part-091246_057413-044391.parquet,34416,downloaded,34416,
2026-07-17,NSE,BRITANNIA,raw_l2/trade_date=2026-07-17/exchange=NSE/symbol=BRITANNIA/part-091456_044159-044679.parquet,real_data_sample\l2_unseen_validation\trade_date=2026-07-17\exchange=NSE\symbol=BRITANNIA\part-091456_044159-044679.parquet,34334,downloaded,34334,
2026-07-17,NSE,BRITANNIA,raw_l2/trade_date=2026-07-17/exchange=NSE/symbol=BRITANNIA/part-091215_400271-044327.parquet,real_data_sample\l2_unseen_validation\trade_date=2026-07-17\exchange=NSE\symbol=BRITANNIA\part-091215_400271-044327.parquet,34571,downloaded,34571,
2026-07-17,NSE,BRITANNIA,raw_l2/trade_date=2026-07-17/exchange=NSE/symbol=BRITANNIA/part-091300_335644-044423.parquet,real_data_sample\l2_unseen_validation\trade_date=2026-07-17\exchange=NSE\symbol=BRITANNIA\part-091300_335644-044423.parquet,34423,downloaded,34423,
2026-07-17,NSE,BRITANNIA,raw_l2/trade_date=2026-07-17/exchange=NSE/symbol=BRITANNIA/part-091441_797727-044647.parquet,real_data_sample\l2_unseen_validation\trade_date=2026-07-17\exchange=NSE\symbol=BRITANNIA\part-091441_797727-044647.parquet,34584,downloaded,34584,
2026-07-17,NSE,BRITANNIA,raw_l2/trade_date=2026-07-17/exchange=NSE/symbol=BRITANNIA/part-091344_034208-044519.parquet,real_data_sample\l2_unseen_validation\trade_date=2026-07-17\exchange=NSE\symbol=BRITANNIA\part-091344_034208-044519.parquet,34551,downloaded,34551,
2026-07-17,NSE,BRITANNIA,raw_l2/trade_date=2026-07-17/exchange=NSE/symbol=BRITANNIA/part-091329_540638-044487.parquet,real_data_sample\l2_unseen_validation\trade_date=2026-07-17\exchange=NSE\symbol=BRITANNIA\part-091329_540638-044487.parquet,34597,downloaded,34597,
2026-07-17,NSE,BRITANNIA,raw_l2/trade_date=2026-07-17/exchange=NSE/symbol=BRITANNIA/part-091315_021531-044455.parquet,real_data_sample\l2_unseen_validation\trade_date=2026-07-17\exchange=NSE\symbol=BRITANNIA\part-091315_021531-044455.parquet,34757,downloaded,34757,
2026-07-17,NSE,BRITANNIA,raw_l2/trade_date=2026-07-17/exchange=NSE/symbol=BRITANNIA/part-091230_962180-044359.parquet,real_data_sample\l2_unseen_validation\trade_date=2026-07-17\exchange=NSE\symbol=BRITANNIA\part-091230_962180-044359.parquet,34503,downloaded,34503,
2026-07-17,NSE,BRITANNIA,raw_l2/trade_date=2026-07-17/exchange=NSE/symbol=BRITANNIA/part-091358_559313-044551.parquet,real_data_sample\l2_unseen_validation\trade_date=2026-07-17\exchange=NSE\symbol=BRITANNIA\part-091358_559313-044551.parquet,34663,downloaded,34663,
2026-07-17,NSE,BRITANNIA,raw_l2/trade_date=2026-07-17/exchange=NSE/symbol=BRITANNIA/part-091427_296166-044615.parquet,real_data_sample\l2_unseen_validation\trade_date=2026-07-17\exchange=NSE\symbol=BRITANNIA\part-091427_296166-044615.parquet,34552,downloaded,34552,
2026-07-17,NSE,BRITANNIA,raw_l2/trade_date=2026-07-17/exchange=NSE/symbol=BRITANNIA/part-091412_997952-044583.parquet,real_data_sample\l2_unseen_validation\trade_date=2026-07-17\exchange=NSE\symbol=BRITANNIA\part-091412_997952-044583.parquet,34633,downloaded,34633,
2026-07-17,NSE,BRITANNIA,raw_l2/trade_date=2026-07-17/exchange=NSE/symbol=BRITANNIA/part-091510_545661-044711.parquet,real_data_sample\l2_unseen_validation\trade_date=2026-07-17\exchange=NSE\symbol=BRITANNIA\part-091510_545661-044711.parquet,34504,downloaded,34504,
2026-07-17,NSE,BRITANNIA,raw_l2/trade_date=2026-07-17/exchange=NSE/symbol=BRITANNIA/part-091553_573346-044807.parquet,real_data_sample\l2_unseen_validation\trade_date=2026-07-17\exchange=NSE\symbol=BRITANNIA\part-091553_573346-044807.parquet,34616,downloaded,34616,
2026-07-17,NSE,BRITANNIA,raw_l2/trade_date=2026-07-17/exchange=NSE/symbol=BRITANNIA/part-091539_067001-044775.parquet,real_data_sample\l2_unseen_validation\trade_date=2026-07-17\exchange=NSE\symbol=BRITANNIA\part-091539_067001-044775.parquet,34566,downloaded,34566,
2026-07-17,NSE,BRITANNIA,raw_l2/trade_date=2026-07-17/exchange=NSE/symbol=BRITANNIA/part-091622_857331-044871.parquet,real_data_sample\l2_unseen_validation\trade_date=2026-07-17\exchange=NSE\symbol=BRITANNIA\part-091622_857331-044871.parquet,34572,downloaded,34572,
2026-07-17,NSE,BRITANNIA,raw_l2/trade_date=2026-07-17/exchange=NSE/symbol=BRITANNIA/part-091524_757763-044743.parquet,real_data_sample\l2_unseen_validation\trade_date=2026-07-17\exchange=NSE\symbol=BRITANNIA\part-091524_757763-044743.parquet,34595,downloaded,34595,
2026-07-17,NSE,BRITANNIA,raw_l2/trade_date=2026-07-17/exchange=NSE/symbol=BRITANNIA/part-091733_897186-045031.parquet,real_data_sample\l2_unseen_validation\trade_date=2026-07-17\exchange=NSE\symbol=BRITANNIA\part-091733_897186-045031.parquet,34533,downloaded,34533,
2026-07-17,NSE,BRITANNIA,raw_l2/trade_date=2026-07-17/exchange=NSE/symbol=BRITANNIA/part-091845_549109-045191.parquet,real_data_sample\l2_unseen_validation\trade_date=2026-07-17\exchange=NSE\symbol=BRITANNIA\part-091845_549109-045191.parquet,34606,downloaded,34606,
2026-07-17,NSE,BRITANNIA,raw_l2/trade_date=2026-07-17/exchange=NSE/symbol=BRITANNIA/part-091651_259518-044935.parquet,real_data_sample\l2_unseen_validation\trade_date=2026-07-17\exchange=NSE\symbol=BRITANNIA\part-091651_259518-044935.parquet,34538,downloaded,34538,
2026-07-17,NSE,BRITANNIA,raw_l2/trade_date=2026-07-17/exchange=NSE/symbol=BRITANNIA/part-091608_308113-044839.parquet,real_data_sample\l2_unseen_validation\trade_date=2026-07-17\exchange=NSE\symbol=BRITANNIA\part-091608_308113-044839.parquet,34591,downloaded,34591,
2026-07-17,NSE,BRITANNIA,raw_l2/trade_date=2026-07-17/exchange=NSE/symbol=BRITANNIA/part-091719_719097-044999.parquet,real_data_sample\l2_unseen_validation\trade_date=2026-07-17\exchange=NSE\symbol=BRITANNIA\part-091719_719097-044999.parquet,34657,downloaded,34657,
2026-07-17,NSE,BRITANNIA,raw_l2/trade_date=2026-07-17/exchange=NSE/symbol=BRITANNIA/part-091637_021309-044903.parquet,real_data_sample\l2_unseen_validation\trade_date=2026-07-17\exchange=NSE\symbol=BRITANNIA\part-091637_021309-044903.parquet,34690,downloaded,34690,
2026-07-17,NSE,BRITANNIA,raw_l2/trade_date=2026-07-17/exchange=NSE/symbol=BRITANNIA/part-092011_731931-045383.parquet,real_data_sample\l2_unseen_validation\trade_date=2026-07-17\exchange=NSE\symbol=BRITANNIA\part-092011_731931-045383.parquet,34611,downloaded,34611,
2026-07-17,NSE,BRITANNIA,raw_l2/trade_date=2026-07-17/exchange=NSE/symbol=BRITANNIA/part-091957_261801-045351.parquet,real_data_sample\l2_unseen_validation\trade_date=2026-07-17\exchange=NSE\symbol=BRITANNIA\part-091957_261801-045351.parquet,34679,downloaded,34679,
2026-07-17,NSE,BRITANNIA,raw_l2/trade_date=2026-07-17/exchange=NSE/symbol=BRITANNIA/part-091859_857173-045223.parquet,real_data_sample\l2_unseen_validation\trade_date=2026-07-17\exchange=NSE\symbol=BRITANNIA\part-091859_857173-045223.parquet,34708,downloaded,34708,
2026-07-17,NSE,BRITANNIA,raw_l2/trade_date=2026-07-17/exchange=NSE/symbol=BRITANNIA/part-092040_272013-045447.parquet,real_data_sample\l2_unseen_validation\trade_date=2026-07-17\exchange=NSE\symbol=BRITANNIA\part-092040_272013-045447.parquet,34452,downloaded,34452,
2026-07-17,NSE,BRITANNIA,raw_l2/trade_date=2026-07-17/exchange=NSE/symbol=BRITANNIA/part-091943_091040-045319.parquet,real_data_sample\l2_unseen_validation\trade_date=2026-07-17\exchange=NSE\symbol=BRITANNIA\part-091943_091040-045319.parquet,34413,downloaded,34413,
2026-07-17,NSE,BRITANNIA,raw_l2/trade_date=2026-07-17/exchange=NSE/symbol=BRITANNIA/part-092025_742261-045415.parquet,real_data_sample\l2_unseen_validation\trade_date=2026-07-17\exchange=NSE\symbol=BRITANNIA\part-092025_742261-045415.parquet,34459,downloaded,34459,
2026-07-17,NSE,BRITANNIA,raw_l2/trade_date=2026-07-17/exchange=NSE/symbol=BRITANNIA/part-091705_563719-044967.parquet,real_data_sample\l2_unseen_validation\trade_date=2026-07-17\exchange=NSE\symbol=BRITANNIA\part-091705_563719-044967.parquet,34682,downloaded,34682,
2026-07-17,NSE,BRITANNIA,raw_l2/trade_date=2026-07-17/exchange=NSE/symbol=BRITANNIA/part-091802_139708-045095.parquet,real_data_sample\l2_unseen_validation\trade_date=2026-07-17\exchange=NSE\symbol=BRITANNIA\part-091802_139708-045095.parquet,34684,downloaded,34684,
2026-07-17,NSE,BRITANNIA,raw_l2/trade_date=2026-07-17/exchange=NSE/symbol=BRITANNIA/part-091747_978956-045063.parquet,real_data_sample\l2_unseen_validation\trade_date=2026-07-17\exchange=NSE\symbol=BRITANNIA\part-091747_978956-045063.parquet,34432,downloaded,34432,
2026-07-17,NSE,BRITANNIA,raw_l2/trade_date=2026-07-17/exchange=NSE/symbol=BRITANNIA/part-092206_516964-045639.parquet,real_data_sample\l2_unseen_validation\trade_date=2026-07-17\exchange=NSE\symbol=BRITANNIA\part-092206_516964-045639.parquet,34565,downloaded,34565,
2026-07-17,NSE,BRITANNIA,raw_l2/trade_date=2026-07-17/exchange=NSE/symbol=BRITANNIA/part-092054_551189-045479.parquet,real_data_sample\l2_unseen_validation\trade_date=2026-07-17\exchange=NSE\symbol=BRITANNIA\part-092054_551189-045479.parquet,34575,downloaded,34575,
2026-07-17,NSE,BRITANNIA,raw_l2/trade_date=2026-07-17/exchange=NSE/symbol=BRITANNIA/part-092123_300055-045543.parquet,real_data_sample\l2_unseen_validation\trade_date=2026-07-17\exchange=NSE\symbol=BRITANNIA\part-092123_300055-045543.parquet,34493,downloaded,34493,
2026-07-17,NSE,BRITANNIA,raw_l2/trade_date=2026-07-17/exchange=NSE/symbol=BRITANNIA/part-092220_769901-045671.parquet,real_data_sample\l2_unseen_validation\trade_date=2026-07-17\exchange=NSE\symbol=BRITANNIA\part-092220_769901-045671.parquet,34651,downloaded,34651,
2026-07-17,NSE,BRITANNIA,raw_l2/trade_date=2026-07-17/exchange=NSE/symbol=BRITANNIA/part-092152_358099-045607.parquet,real_data_sample\l2_unseen_validation\trade_date=2026-07-17\exchange=NSE\symbol=BRITANNIA\part-092152_358099-045607.parquet,34633,downloaded,34633,
2026-07-17,NSE,BRITANNIA,raw_l2/trade_date=2026-07-17/exchange=NSE/symbol=BRITANNIA/part-092249_507397-045735.parquet,real_data_sample\l2_unseen_validation\trade_date=2026-07-17\exchange=NSE\symbol=BRITANNIA\part-092249_507397-045735.parquet,34574,downloaded,34574,
2026-07-17,NSE,BRITANNIA,raw_l2/trade_date=2026-07-17/exchange=NSE/symbol=BRITANNIA/part-092235_068579-045703.parquet,real_data_sample\l2_unseen_validation\trade_date=2026-07-17\exchange=NSE\symbol=BRITANNIA\part-092235_068579-045703.parquet,34537,downloaded,34537,
2026-07-17,NSE,BRITANNIA,raw_l2/trade_date=2026-07-17/exchange=NSE/symbol=BRITANNIA/part-091831_011630-045159.parquet,real_data_sample\l2_unseen_validation\trade_date=2026-07-17\exchange=NSE\symbol=BRITANNIA\part-091831_011630-045159.parquet,34483,downloaded,34483,
2026-07-17,NSE,BRITANNIA,raw_l2/trade_date=2026-07-17/exchange=NSE/symbol=BRITANNIA/part-091928_748810-045287.parquet,real_data_sample\l2_unseen_validation\trade_date=2026-07-17\exchange=NSE\symbol=BRITANNIA\part-091928_748810-045287.parquet,34715,downloaded,34715,
2026-07-17,NSE,BRITANNIA,raw_l2/trade_date=2026-07-17/exchange=NSE/symbol=BRITANNIA/part-092109_023048-045511.parquet,real_data_sample\l2_unseen_validation\trade_date=2026-07-17\exchange=NSE\symbol=BRITANNIA\part-092109_023048-045511.parquet,34509,downloaded,34509,
2026-07-17,NSE,BRITANNIA,raw_l2/trade_date=2026-07-17/exchange=NSE/symbol=BRITANNIA/part-091914_561809-045255.parquet,real_data_sample\l2_unseen_validation\trade_date=2026-07-17\exchange=NSE\symbol=BRITANNIA\part-091914_561809-045255.parquet,34602,downloaded,34602,
2026-07-17,NSE,BRITANNIA,raw_l2/trade_date=2026-07-17/exchange=NSE/symbol=BRITANNIA/part-092137_576853-045575.parquet,real_data_sample\l2_unseen_validation\trade_date=2026-07-17\exchange=NSE\symbol=BRITANNIA\part-092137_576853-045575.parquet,34640,downloaded,34640,
2026-07-17,NSE,BRITANNIA,raw_l2/trade_date=2026-07-17/exchange=NSE/symbol=BRITANNIA/part-091816_807848-045127.parquet,real_data_sample\l2_unseen_validation\trade_date=2026-07-17\exchange=NSE\symbol=BRITANNIA\part-091816_807848-045127.parquet,34753,downloaded,34753,
2026-07-17,NSE,BRITANNIA,raw_l2/trade_date=2026-07-17/exchange=NSE/symbol=BRITANNIA/part-092416_595604-045927.parquet,real_data_sample\l2_unseen_validation\trade_date=2026-07-17\exchange=NSE\symbol=BRITANNIA\part-092416_595604-045927.parquet,34522,downloaded,34522,
2026-07-17,NSE,BRITANNIA,raw_l2/trade_date=2026-07-17/exchange=NSE/symbol=BRITANNIA/part-092333_063192-045831.parquet,real_data_sample\l2_unseen_validation\trade_date=2026-07-17\exchange=NSE\symbol=BRITANNIA\part-092333_063192-045831.parquet,34502,downloaded,34502,
2026-07-17,NSE,BRITANNIA,raw_l2/trade_date=2026-07-17/exchange=NSE/symbol=BRITANNIA/part-092303_795438-045767.parquet,real_data_sample\l2_unseen_validation\trade_date=2026-07-17\exchange=NSE\symbol=BRITANNIA\part-092303_795438-045767.parquet,34620,downloaded,34620,
2026-07-17,NSE,BRITANNIA,raw_l2/trade_date=2026-07-17/exchange=NSE/symbol=BRITANNIA/part-092445_473621-045991.parquet,real_data_sample\l2_unseen_validation\trade_date=2026-07-17\exchange=NSE\symbol=BRITANNIA\part-092445_473621-045991.parquet,34488,downloaded,34488,
2026-07-17,NSE,BRITANNIA,raw_l2/trade_date=2026-07-17/exchange=NSE/symbol=BRITANNIA/part-092431_209150-045959.parquet,real_data_sample\l2_unseen_validation\trade_date=2026-07-17\exchange=NSE\symbol=BRITANNIA\part-092431_209150-045959.parquet,34737,downloaded,34737,
2026-07-17,NSE,BRITANNIA,raw_l2/trade_date=2026-07-17/exchange=NSE/symbol=BRITANNIA/part-092529_294381-046087.parquet,real_data_sample\l2_unseen_validation\trade_date=2026-07-17\exchange=NSE\symbol=BRITANNIA\part-092529_294381-046087.parquet,34726,downloaded,34726,
2026-07-17,NSE,BRITANNIA,raw_l2/trade_date=2026-07-17/exchange=NSE/symbol=BRITANNIA/part-092643_005799-046247.parquet,real_data_sample\l2_unseen_validation\trade_date=2026-07-17\exchange=NSE\symbol=BRITANNIA\part-092643_005799-046247.parquet,34561,downloaded,34561,
2026-07-17,NSE,BRITANNIA,raw_l2/trade_date=2026-07-17/exchange=NSE/symbol=BRITANNIA/part-092514_797343-046055.parquet,real_data_sample\l2_unseen_validation\trade_date=2026-07-17\exchange=NSE\symbol=BRITANNIA\part-092514_797343-046055.parquet,34611,downloaded,34611,
2026-07-17,NSE,BRITANNIA,raw_l2/trade_date=2026-07-17/exchange=NSE/symbol=BRITANNIA/part-092613_278933-046183.parquet,real_data_sample\l2_unseen_validation\trade_date=2026-07-17\exchange=NSE\symbol=BRITANNIA\part-092613_278933-046183.parquet,34526,downloaded,34526,
2026-07-17,NSE,BRITANNIA,raw_l2/trade_date=2026-07-17/exchange=NSE/symbol=BRITANNIA/part-092543_830600-046119.parquet,real_data_sample\l2_unseen_validation\trade_date=2026-07-17\exchange=NSE\symbol=BRITANNIA\part-092543_830600-046119.parquet,34455,downloaded,34455,
2026-07-17,NSE,BRITANNIA,raw_l2/trade_date=2026-07-17/exchange=NSE/symbol=BRITANNIA/part-092318_522041-045799.parquet,real_data_sample\l2_unseen_validation\trade_date=2026-07-17\exchange=NSE\symbol=BRITANNIA\part-092318_522041-045799.parquet,34408,downloaded,34408,
2026-07-17,NSE,BRITANNIA,raw_l2/trade_date=2026-07-17/exchange=NSE/symbol=BRITANNIA/part-092657_255861-046279.parquet,real_data_sample\l2_unseen_validation\trade_date=2026-07-17\exchange=NSE\symbol=BRITANNIA\part-092657_255861-046279.parquet,34416,downloaded,34416,
2026-07-17,NSE,BRITANNIA,raw_l2/trade_date=2026-07-17/exchange=NSE/symbol=BRITANNIA/part-092725_766561-046343.parquet,real_data_sample\l2_unseen_validation\trade_date=2026-07-17\exchange=NSE\symbol=BRITANNIA\part-092725_766561-046343.parquet,34506,downloaded,34506,
2026-07-17,NSE,BRITANNIA,raw_l2/trade_date=2026-07-17/exchange=NSE/symbol=BRITANNIA/part-092838_067990-046503.parquet,real_data_sample\l2_unseen_validation\trade_date=2026-07-17\exchange=NSE\symbol=BRITANNIA\part-092838_067990-046503.parquet,34365,downloaded,34365,
2026-07-17,NSE,BRITANNIA,raw_l2/trade_date=2026-07-17/exchange=NSE/symbol=BRITANNIA/part-092740_290022-046375.parquet,real_data_sample\l2_unseen_validation\trade_date=2026-07-17\exchange=NSE\symbol=BRITANNIA\part-092740_290022-046375.parquet,34414,downloaded,34414,
2026-07-17,NSE,BRITANNIA,raw_l2/trade_date=2026-07-17/exchange=NSE/symbol=BRITANNIA/part-092823_553329-046471.parquet,real_data_sample\l2_unseen_validation\trade_date=2026-07-17\exchange=NSE\symbol=BRITANNIA\part-092823_553329-046471.parquet,34700,downloaded,34700,
2026-07-17,NSE,BRITANNIA,raw_l2/trade_date=2026-07-17/exchange=NSE/symbol=BRITANNIA/part-092347_523428-045863.parquet,real_data_sample\l2_unseen_validation\trade_date=2026-07-17\exchange=NSE\symbol=BRITANNIA\part-092347_523428-045863.parquet,34476,downloaded,34476,
2026-07-17,NSE,BRITANNIA,raw_l2/trade_date=2026-07-17/exchange=NSE/symbol=BRITANNIA/part-092627_698262-046215.parquet,real_data_sample\l2_unseen_validation\trade_date=2026-07-17\exchange=NSE\symbol=BRITANNIA\part-092627_698262-046215.parquet,34714,downloaded,34714,
2026-07-17,NSE,BRITANNIA,raw_l2/trade_date=2026-07-17/exchange=NSE/symbol=BRITANNIA/part-092558_553183-046151.parquet,real_data_sample\l2_unseen_validation\trade_date=2026-07-17\exchange=NSE\symbol=BRITANNIA\part-092558_553183-046151.parquet,34689,downloaded,34689,
2026-07-17,NSE,BRITANNIA,raw_l2/trade_date=2026-07-17/exchange=NSE/symbol=BRITANNIA/part-092809_072819-046439.parquet,real_data_sample\l2_unseen_validation\trade_date=2026-07-17\exchange=NSE\symbol=BRITANNIA\part-092809_072819-046439.parquet,34586,downloaded,34586,
2026-07-17,NSE,BRITANNIA,raw_l2/trade_date=2026-07-17/exchange=NSE/symbol=BRITANNIA/part-092401_834909-045895.parquet,real_data_sample\l2_unseen_validation\trade_date=2026-07-17\exchange=NSE\symbol=BRITANNIA\part-092401_834909-045895.parquet,34645,downloaded,34645,
2026-07-17,NSE,BRITANNIA,raw_l2/trade_date=2026-07-17/exchange=NSE/symbol=BRITANNIA/part-092459_830376-046023.parquet,real_data_sample\l2_unseen_validation\trade_date=2026-07-17\exchange=NSE\symbol=BRITANNIA\part-092459_830376-046023.parquet,34657,downloaded,34657,
2026-07-17,NSE,BRITANNIA,raw_l2/trade_date=2026-07-17/exchange=NSE/symbol=BRITANNIA/part-092711_559342-046311.parquet,real_data_sample\l2_unseen_validation\trade_date=2026-07-17\exchange=NSE\symbol=BRITANNIA\part-092711_559342-046311.parquet,34671,downloaded,34671,
2026-07-17,NSE,BRITANNIA,raw_l2/trade_date=2026-07-17/exchange=NSE/symbol=BRITANNIA/part-092852_520541-046535.parquet,real_data_sample\l2_unseen_validation\trade_date=2026-07-17\exchange=NSE\symbol=BRITANNIA\part-092852_520541-046535.parquet,34605,downloaded,34605,
2026-07-17,NSE,BRITANNIA,raw_l2/trade_date=2026-07-17/exchange=NSE/symbol=BRITANNIA/part-092754_791367-046407.parquet,real_data_sample\l2_unseen_validation\trade_date=2026-07-17\exchange=NSE\symbol=BRITANNIA\part-092754_791367-046407.parquet,34594,downloaded,34594,
2026-07-17,NSE,BRITANNIA,raw_l2/trade_date=2026-07-17/exchange=NSE/symbol=BRITANNIA/part-093020_470413-046727.parquet,real_data_sample\l2_unseen_validation\trade_date=2026-07-17\exchange=NSE\symbol=BRITANNIA\part-093020_470413-046727.parquet,34492,downloaded,34492,
2026-07-17,NSE,BRITANNIA,raw_l2/trade_date=2026-07-17/exchange=NSE/symbol=BRITANNIA/part-092951_033211-046663.parquet,real_data_sample\l2_unseen_validation\trade_date=2026-07-17\exchange=NSE\symbol=BRITANNIA\part-092951_033211-046663.parquet,34551,downloaded,34551,
2026-07-17,NSE,BRITANNIA,raw_l2/trade_date=2026-07-17/exchange=NSE/symbol=BRITANNIA/part-093034_984738-046759.parquet,real_data_sample\l2_unseen_validation\trade_date=2026-07-17\exchange=NSE\symbol=BRITANNIA\part-093034_984738-046759.parquet,34649,downloaded,34649,
2026-07-17,NSE,BRITANNIA,raw_l2/trade_date=2026-07-17/exchange=NSE/symbol=BRITANNIA/part-092921_821109-046599.parquet,real_data_sample\l2_unseen_validation\trade_date=2026-07-17\exchange=NSE\symbol=BRITANNIA\part-092921_821109-046599.parquet,34495,downloaded,34495,
2026-07-17,NSE,BRITANNIA,raw_l2/trade_date=2026-07-17/exchange=NSE/symbol=BRITANNIA/part-092936_293339-046631.parquet,real_data_sample\l2_unseen_validation\trade_date=2026-07-17\exchange=NSE\symbol=BRITANNIA\part-092936_293339-046631.parquet,34725,downloaded,34725,
2026-07-17,NSE,BRITANNIA,raw_l2/trade_date=2026-07-17/exchange=NSE/symbol=BRITANNIA/part-092907_035530-046567.parquet,real_data_sample\l2_unseen_validation\trade_date=2026-07-17\exchange=NSE\symbol=BRITANNIA\part-092907_035530-046567.parquet,34669,downloaded,34669,
2026-07-17,NSE,BRITANNIA,raw_l2/trade_date=2026-07-17/exchange=NSE/symbol=BRITANNIA/part-093005_548293-046695.parquet,real_data_sample\l2_unseen_validation\trade_date=2026-07-17\exchange=NSE\symbol=BRITANNIA\part-093005_548293-046695.parquet,34752,downloaded,34752,
2026-07-17,NSE,BRITANNIA,raw_l2/trade_date=2026-07-17/exchange=NSE/symbol=BRITANNIA/part-093049_321999-046791.parquet,real_data_sample\l2_unseen_validation\trade_date=2026-07-17\exchange=NSE\symbol=BRITANNIA\part-093049_321999-046791.parquet,34503,downloaded,34503,
2026-07-17,NSE,BRITANNIA,raw_l2/trade_date=2026-07-17/exchange=NSE/symbol=BRITANNIA/part-093103_462827-046823.parquet,real_data_sample\l2_unseen_validation\trade_date=2026-07-17\exchange=NSE\symbol=BRITANNIA\part-093103_462827-046823.parquet,34675,downloaded,34675,
2026-07-17,NSE,BRITANNIA,raw_l2/trade_date=2026-07-17/exchange=NSE/symbol=BRITANNIA/part-093117_944819-046855.parquet,real_data_sample\l2_unseen_validation\trade_date=2026-07-17\exchange=NSE\symbol=BRITANNIA\part-093117_944819-046855.parquet,34700,downloaded,34700,
2026-07-17,NSE,BRITANNIA,raw_l2/trade_date=2026-07-17/exchange=NSE/symbol=BRITANNIA/part-093201_014039-046951.parquet,real_data_sample\l2_unseen_validation\trade_date=2026-07-17\exchange=NSE\symbol=BRITANNIA\part-093201_014039-046951.parquet,34630,downloaded,34630,
2026-07-17,NSE,BRITANNIA,raw_l2/trade_date=2026-07-17/exchange=NSE/symbol=BRITANNIA/part-093131_992455-046887.parquet,real_data_sample\l2_unseen_validation\trade_date=2026-07-17\exchange=NSE\symbol=BRITANNIA\part-093131_992455-046887.parquet,34469,downloaded,34469,
2026-07-17,NSE,BRITANNIA,raw_l2/trade_date=2026-07-17/exchange=NSE/symbol=BRITANNIA/part-093354_188614-047207.parquet,real_data_sample\l2_unseen_validation\trade_date=2026-07-17\exchange=NSE\symbol=BRITANNIA\part-093354_188614-047207.parquet,34658,downloaded,34658,
2026-07-17,NSE,BRITANNIA,raw_l2/trade_date=2026-07-17/exchange=NSE/symbol=BRITANNIA/part-093408_186352-047239.parquet,real_data_sample\l2_unseen_validation\trade_date=2026-07-17\exchange=NSE\symbol=BRITANNIA\part-093408_186352-047239.parquet,34661,downloaded,34661,
2026-07-17,NSE,BRITANNIA,raw_l2/trade_date=2026-07-17/exchange=NSE/symbol=BRITANNIA/part-093504_728556-047367.parquet,real_data_sample\l2_unseen_validation\trade_date=2026-07-17\exchange=NSE\symbol=BRITANNIA\part-093504_728556-047367.parquet,34531,downloaded,34531,
2026-07-17,NSE,BRITANNIA,raw_l2/trade_date=2026-07-17/exchange=NSE/symbol=BRITANNIA/part-093146_490648-046919.parquet,real_data_sample\l2_unseen_validation\trade_date=2026-07-17\exchange=NSE\symbol=BRITANNIA\part-093146_490648-046919.parquet,34591,downloaded,34591,
2026-07-17,NSE,BRITANNIA,raw_l2/trade_date=2026-07-17/exchange=NSE/symbol=BRITANNIA/part-093325_953785-047143.parquet,real_data_sample\l2_unseen_validation\trade_date=2026-07-17\exchange=NSE\symbol=BRITANNIA\part-093325_953785-047143.parquet,34606,downloaded,34606,
2026-07-17,NSE,BRITANNIA,raw_l2/trade_date=2026-07-17/exchange=NSE/symbol=BRITANNIA/part-093339_983883-047175.parquet,real_data_sample\l2_unseen_validation\trade_date=2026-07-17\exchange=NSE\symbol=BRITANNIA\part-093339_983883-047175.parquet,34375,downloaded,34375,
2026-07-17,NSE,BRITANNIA,raw_l2/trade_date=2026-07-17/exchange=NSE/symbol=BRITANNIA/part-093243_439165-047047.parquet,real_data_sample\l2_unseen_validation\trade_date=2026-07-17\exchange=NSE\symbol=BRITANNIA\part-093243_439165-047047.parquet,34438,downloaded,34438,
2026-07-17,NSE,BRITANNIA,raw_l2/trade_date=2026-07-17/exchange=NSE/symbol=BRITANNIA/part-093311_699386-047111.parquet,real_data_sample\l2_unseen_validation\trade_date=2026-07-17\exchange=NSE\symbol=BRITANNIA\part-093311_699386-047111.parquet,34687,downloaded,34687,
2026-07-17,NSE,BRITANNIA,raw_l2/trade_date=2026-07-17/exchange=NSE/symbol=BRITANNIA/part-093214_948677-046983.parquet,real_data_sample\l2_unseen_validation\trade_date=2026-07-17\exchange=NSE\symbol=BRITANNIA\part-093214_948677-046983.parquet,34688,downloaded,34688,
2026-07-17,NSE,BRITANNIA,raw_l2/trade_date=2026-07-17/exchange=NSE/symbol=BRITANNIA/part-093630_962802-047559.parquet,real_data_sample\l2_unseen_validation\trade_date=2026-07-17\exchange=NSE\symbol=BRITANNIA\part-093630_962802-047559.parquet,34735,downloaded,34735,
2026-07-17,NSE,BRITANNIA,raw_l2/trade_date=2026-07-17/exchange=NSE/symbol=BRITANNIA/part-093602_220434-047495.parquet,real_data_sample\l2_unseen_validation\trade_date=2026-07-17\exchange=NSE\symbol=BRITANNIA\part-093602_220434-047495.parquet,34467,downloaded,34467,
2026-07-17,NSE,BRITANNIA,raw_l2/trade_date=2026-07-17/exchange=NSE/symbol=BRITANNIA/part-093257_421730-047079.parquet,real_data_sample\l2_unseen_validation\trade_date=2026-07-17\exchange=NSE\symbol=BRITANNIA\part-093257_421730-047079.parquet,34579,downloaded,34579,
2026-07-17,NSE,BRITANNIA,raw_l2/trade_date=2026-07-17/exchange=NSE/symbol=BRITANNIA/part-093228_986943-047015.parquet,real_data_sample\l2_unseen_validation\trade_date=2026-07-17\exchange=NSE\symbol=BRITANNIA\part-093228_986943-047015.parquet,34564,downloaded,34564,
2026-07-17,NSE,BRITANNIA,raw_l2/trade_date=2026-07-17/exchange=NSE/symbol=BRITANNIA/part-093422_232620-047271.parquet,real_data_sample\l2_unseen_validation\trade_date=2026-07-17\exchange=NSE\symbol=BRITANNIA\part-093422_232620-047271.parquet,34608,downloaded,34608,
2026-07-17,NSE,BRITANNIA,raw_l2/trade_date=2026-07-17/exchange=NSE/symbol=BRITANNIA/part-093436_246434-047303.parquet,real_data_sample\l2_unseen_validation\trade_date=2026-07-17\exchange=NSE\symbol=BRITANNIA\part-093436_246434-047303.parquet,34392,downloaded,34392,
2026-07-17,NSE,BRITANNIA,raw_l2/trade_date=2026-07-17/exchange=NSE/symbol=BRITANNIA/part-093659_181001-047623.parquet,real_data_sample\l2_unseen_validation\trade_date=2026-07-17\exchange=NSE\symbol=BRITANNIA\part-093659_181001-047623.parquet,34605,downloaded,34605,
2026-07-17,NSE,BRITANNIA,raw_l2/trade_date=2026-07-17/exchange=NSE/symbol=BRITANNIA/part-093450_487466-047335.parquet,real_data_sample\l2_unseen_validation\trade_date=2026-07-17\exchange=NSE\symbol=BRITANNIA\part-093450_487466-047335.parquet,34762,downloaded,34762,
2026-07-17,NSE,BRITANNIA,raw_l2/trade_date=2026-07-17/exchange=NSE/symbol=BRITANNIA/part-093755_188795-047751.parquet,real_data_sample\l2_unseen_validation\trade_date=2026-07-17\exchange=NSE\symbol=BRITANNIA\part-093755_188795-047751.parquet,34511,downloaded,34511,
2026-07-17,NSE,BRITANNIA,raw_l2/trade_date=2026-07-17/exchange=NSE/symbol=BRITANNIA/part-093837_726082-047847.parquet,real_data_sample\l2_unseen_validation\trade_date=2026-07-17\exchange=NSE\symbol=BRITANNIA\part-093837_726082-047847.parquet,34544,downloaded,34544,
2026-07-17,NSE,BRITANNIA,raw_l2/trade_date=2026-07-17/exchange=NSE/symbol=BRITANNIA/part-093519_225316-047399.parquet,real_data_sample\l2_unseen_validation\trade_date=2026-07-17\exchange=NSE\symbol=BRITANNIA\part-093519_225316-047399.parquet,34488,downloaded,34488,
2026-07-17,NSE,BRITANNIA,raw_l2/trade_date=2026-07-17/exchange=NSE/symbol=BRITANNIA/part-093851_923930-047879.parquet,real_data_sample\l2_unseen_validation\trade_date=2026-07-17\exchange=NSE\symbol=BRITANNIA\part-093851_923930-047879.parquet,34547,downloaded,34547,
2026-07-17,NSE,BRITANNIA,raw_l2/trade_date=2026-07-17/exchange=NSE/symbol=BRITANNIA/part-093809_423742-047783.parquet,real_data_sample\l2_unseen_validation\trade_date=2026-07-17\exchange=NSE\symbol=BRITANNIA\part-093809_423742-047783.parquet,34444,downloaded,34444,
2026-07-17,NSE,BRITANNIA,raw_l2/trade_date=2026-07-17/exchange=NSE/symbol=BRITANNIA/part-093547_747189-047463.parquet,real_data_sample\l2_unseen_validation\trade_date=2026-07-17\exchange=NSE\symbol=BRITANNIA\part-093547_747189-047463.parquet,34657,downloaded,34657,
2026-07-17,NSE,BRITANNIA,raw_l2/trade_date=2026-07-17/exchange=NSE/symbol=BRITANNIA/part-093823_477662-047815.parquet,real_data_sample\l2_unseen_validation\trade_date=2026-07-17\exchange=NSE\symbol=BRITANNIA\part-093823_477662-047815.parquet,34599,downloaded,34599,
2026-07-17,NSE,BRITANNIA,raw_l2/trade_date=2026-07-17/exchange=NSE/symbol=BRITANNIA/part-093616_725842-047527.parquet,real_data_sample\l2_unseen_validation\trade_date=2026-07-17\exchange=NSE\symbol=BRITANNIA\part-093616_725842-047527.parquet,34685,downloaded,34685,
2026-07-17,NSE,BRITANNIA,raw_l2/trade_date=2026-07-17/exchange=NSE/symbol=BRITANNIA/part-093713_221331-047655.parquet,real_data_sample\l2_unseen_validation\trade_date=2026-07-17\exchange=NSE\symbol=BRITANNIA\part-093713_221331-047655.parquet,34408,downloaded,34408,
2026-07-17,NSE,BRITANNIA,raw_l2/trade_date=2026-07-17/exchange=NSE/symbol=BRITANNIA/part-093533_572048-047431.parquet,real_data_sample\l2_unseen_validation\trade_date=2026-07-17\exchange=NSE\symbol=BRITANNIA\part-093533_572048-047431.parquet,34389,downloaded,34389,
2026-07-17,NSE,BRITANNIA,raw_l2/trade_date=2026-07-17/exchange=NSE/symbol=BRITANNIA/part-093645_161889-047591.parquet,real_data_sample\l2_unseen_validation\trade_date=2026-07-17\exchange=NSE\symbol=BRITANNIA\part-093645_161889-047591.parquet,34419,downloaded,34419,
2026-07-17,NSE,BRITANNIA,raw_l2/trade_date=2026-07-17/exchange=NSE/symbol=BRITANNIA/part-093741_162791-047719.parquet,real_data_sample\l2_unseen_validation\trade_date=2026-07-17\exchange=NSE\symbol=BRITANNIA\part-093741_162791-047719.parquet,34722,downloaded,34722,
2026-07-17,NSE,BRITANNIA,raw_l2/trade_date=2026-07-17/exchange=NSE/symbol=BRITANNIA/part-093727_149943-047687.parquet,real_data_sample\l2_unseen_validation\trade_date=2026-07-17\exchange=NSE\symbol=BRITANNIA\part-093727_149943-047687.parquet,34651,downloaded,34651,
2026-07-17,NSE,BRITANNIA,raw_l2/trade_date=2026-07-17/exchange=NSE/symbol=BRITANNIA/part-093935_222436-047975.parquet,real_data_sample\l2_unseen_validation\trade_date=2026-07-17\exchange=NSE\symbol=BRITANNIA\part-093935_222436-047975.parquet,34771,downloaded,34771,
2026-07-17,NSE,BRITANNIA,raw_l2/trade_date=2026-07-17/exchange=NSE/symbol=BRITANNIA/part-093949_536050-048007.parquet,real_data_sample\l2_unseen_validation\trade_date=2026-07-17\exchange=NSE\symbol=BRITANNIA\part-093949_536050-048007.parquet,34611,downloaded,34611,
2026-07-17,NSE,BRITANNIA,raw_l2/trade_date=2026-07-17/exchange=NSE/symbol=BRITANNIA/part-093920_841466-047943.parquet,real_data_sample\l2_unseen_validation\trade_date=2026-07-17\exchange=NSE\symbol=BRITANNIA\part-093920_841466-047943.parquet,34432,downloaded,34432,
2026-07-17,NSE,BRITANNIA,raw_l2/trade_date=2026-07-17/exchange=NSE/symbol=BRITANNIA/part-094003_933937-048039.parquet,real_data_sample\l2_unseen_validation\trade_date=2026-07-17\exchange=NSE\symbol=BRITANNIA\part-094003_933937-048039.parquet,34683,downloaded,34683,
2026-07-17,NSE,BRITANNIA,raw_l2/trade_date=2026-07-17/exchange=NSE/symbol=BRITANNIA/part-093906_294631-047911.parquet,real_data_sample\l2_unseen_validation\trade_date=2026-07-17\exchange=NSE\symbol=BRITANNIA\part-093906_294631-047911.parquet,34560,downloaded,34560,
2026-07-17,NSE,BRITANNIA,raw_l2/trade_date=2026-07-17/exchange=NSE/symbol=BRITANNIA/part-094101_159877-048167.parquet,real_data_sample\l2_unseen_validation\trade_date=2026-07-17\exchange=NSE\symbol=BRITANNIA\part-094101_159877-048167.parquet,34510,downloaded,34510,
2026-07-17,NSE,BRITANNIA,raw_l2/trade_date=2026-07-17/exchange=NSE/symbol=BRITANNIA/part-094256_233337-048423.parquet,real_data_sample\l2_unseen_validation\trade_date=2026-07-17\exchange=NSE\symbol=BRITANNIA\part-094256_233337-048423.parquet,34583,downloaded,34583,
2026-07-17,NSE,BRITANNIA,raw_l2/trade_date=2026-07-17/exchange=NSE/symbol=BRITANNIA/part-094241_959074-048391.parquet,real_data_sample\l2_unseen_validation\trade_date=2026-07-17\exchange=NSE\symbol=BRITANNIA\part-094241_959074-048391.parquet,34608,downloaded,34608,
2026-07-17,NSE,BRITANNIA,raw_l2/trade_date=2026-07-17/exchange=NSE/symbol=BRITANNIA/part-094213_214515-048327.parquet,real_data_sample\l2_unseen_validation\trade_date=2026-07-17\exchange=NSE\symbol=BRITANNIA\part-094213_214515-048327.parquet,34593,downloaded,34593,
2026-07-17,NSE,BRITANNIA,raw_l2/trade_date=2026-07-17/exchange=NSE/symbol=BRITANNIA/part-094158_793832-048295.parquet,real_data_sample\l2_unseen_validation\trade_date=2026-07-17\exchange=NSE\symbol=BRITANNIA\part-094158_793832-048295.parquet,34287,downloaded,34287,
2026-07-17,NSE,BRITANNIA,raw_l2/trade_date=2026-07-17/exchange=NSE/symbol=BRITANNIA/part-094115_544442-048199.parquet,real_data_sample\l2_unseen_validation\trade_date=2026-07-17\exchange=NSE\symbol=BRITANNIA\part-094115_544442-048199.parquet,34498,downloaded,34498,
2026-07-17,NSE,BRITANNIA,raw_l2/trade_date=2026-07-17/exchange=NSE/symbol=BRITANNIA/part-094129_951205-048231.parquet,real_data_sample\l2_unseen_validation\trade_date=2026-07-17\exchange=NSE\symbol=BRITANNIA\part-094129_951205-048231.parquet,34626,downloaded,34626,
2026-07-17,NSE,BRITANNIA,raw_l2/trade_date=2026-07-17/exchange=NSE/symbol=BRITANNIA/part-094144_455726-048263.parquet,real_data_sample\l2_unseen_validation\trade_date=2026-07-17\exchange=NSE\symbol=BRITANNIA\part-094144_455726-048263.parquet,34488,downloaded,34488,
2026-07-17,NSE,BRITANNIA,raw_l2/trade_date=2026-07-17/exchange=NSE/symbol=BRITANNIA/part-094227_707461-048359.parquet,real_data_sample\l2_unseen_validation\trade_date=2026-07-17\exchange=NSE\symbol=BRITANNIA\part-094227_707461-048359.parquet,34474,downloaded,34474,
2026-07-17,NSE,BRITANNIA,raw_l2/trade_date=2026-07-17/exchange=NSE/symbol=BRITANNIA/part-094032_571479-048103.parquet,real_data_sample\l2_unseen_validation\trade_date=2026-07-17\exchange=NSE\symbol=BRITANNIA\part-094032_571479-048103.parquet,34466,downloaded,34466,
2026-07-17,NSE,BRITANNIA,raw_l2/trade_date=2026-07-17/exchange=NSE/symbol=BRITANNIA/part-094018_198030-048071.parquet,real_data_sample\l2_unseen_validation\trade_date=2026-07-17\exchange=NSE\symbol=BRITANNIA\part-094018_198030-048071.parquet,34433,downloaded,34433,
2026-07-17,NSE,BRITANNIA,raw_l2/trade_date=2026-07-17/exchange=NSE/symbol=BRITANNIA/part-094046_771970-048135.parquet,real_data_sample\l2_unseen_validation\trade_date=2026-07-17\exchange=NSE\symbol=BRITANNIA\part-094046_771970-048135.parquet,34436,downloaded,34436,
2026-07-17,NSE,BRITANNIA,raw_l2/trade_date=2026-07-17/exchange=NSE/symbol=BRITANNIA/part-094338_748035-048519.parquet,real_data_sample\l2_unseen_validation\trade_date=2026-07-17\exchange=NSE\symbol=BRITANNIA\part-094338_748035-048519.parquet,34508,downloaded,34508,
2026-07-17,NSE,BRITANNIA,raw_l2/trade_date=2026-07-17/exchange=NSE/symbol=BRITANNIA/part-094310_237276-048455.parquet,real_data_sample\l2_unseen_validation\trade_date=2026-07-17\exchange=NSE\symbol=BRITANNIA\part-094310_237276-048455.parquet,34380,downloaded,34380,
2026-07-17,NSE,BRITANNIA,raw_l2/trade_date=2026-07-17/exchange=NSE/symbol=BRITANNIA/part-094547_495780-048807.parquet,real_data_sample\l2_unseen_validation\trade_date=2026-07-17\exchange=NSE\symbol=BRITANNIA\part-094547_495780-048807.parquet,34412,downloaded,34412,
2026-07-17,NSE,BRITANNIA,raw_l2/trade_date=2026-07-17/exchange=NSE/symbol=BRITANNIA/part-094504_973247-048711.parquet,real_data_sample\l2_unseen_validation\trade_date=2026-07-17\exchange=NSE\symbol=BRITANNIA\part-094504_973247-048711.parquet,34426,downloaded,34426,
2026-07-17,NSE,BRITANNIA,raw_l2/trade_date=2026-07-17/exchange=NSE/symbol=BRITANNIA/part-094353_309913-048551.parquet,real_data_sample\l2_unseen_validation\trade_date=2026-07-17\exchange=NSE\symbol=BRITANNIA\part-094353_309913-048551.parquet,34443,downloaded,34443,
2026-07-17,NSE,BRITANNIA,raw_l2/trade_date=2026-07-17/exchange=NSE/symbol=BRITANNIA/part-094407_752076-048583.parquet,real_data_sample\l2_unseen_validation\trade_date=2026-07-17\exchange=NSE\symbol=BRITANNIA\part-094407_752076-048583.parquet,34629,downloaded,34629,
2026-07-17,NSE,BRITANNIA,raw_l2/trade_date=2026-07-17/exchange=NSE/symbol=BRITANNIA/part-094324_525439-048487.parquet,real_data_sample\l2_unseen_validation\trade_date=2026-07-17\exchange=NSE\symbol=BRITANNIA\part-094324_525439-048487.parquet,34459,downloaded,34459,
2026-07-17,NSE,BRITANNIA,raw_l2/trade_date=2026-07-17/exchange=NSE/symbol=BRITANNIA/part-094519_201047-048743.parquet,real_data_sample\l2_unseen_validation\trade_date=2026-07-17\exchange=NSE\symbol=BRITANNIA\part-094519_201047-048743.parquet,34463,downloaded,34463,
2026-07-17,NSE,BRITANNIA,raw_l2/trade_date=2026-07-17/exchange=NSE/symbol=BRITANNIA/part-094616_326802-048871.parquet,real_data_sample\l2_unseen_validation\trade_date=2026-07-17\exchange=NSE\symbol=BRITANNIA\part-094616_326802-048871.parquet,34426,downloaded,34426,
2026-07-17,NSE,BRITANNIA,raw_l2/trade_date=2026-07-17/exchange=NSE/symbol=BRITANNIA/part-094630_711488-048903.parquet,real_data_sample\l2_unseen_validation\trade_date=2026-07-17\exchange=NSE\symbol=BRITANNIA\part-094630_711488-048903.parquet,34325,downloaded,34325,
2026-07-17,NSE,BRITANNIA,raw_l2/trade_date=2026-07-17/exchange=NSE/symbol=BRITANNIA/part-094602_031759-048839.parquet,real_data_sample\l2_unseen_validation\trade_date=2026-07-17\exchange=NSE\symbol=BRITANNIA\part-094602_031759-048839.parquet,34632,downloaded,34632,
2026-07-17,NSE,BRITANNIA,raw_l2/trade_date=2026-07-17/exchange=NSE/symbol=BRITANNIA/part-094450_776097-048679.parquet,real_data_sample\l2_unseen_validation\trade_date=2026-07-17\exchange=NSE\symbol=BRITANNIA\part-094450_776097-048679.parquet,34451,downloaded,34451,
2026-07-17,NSE,BRITANNIA,raw_l2/trade_date=2026-07-17/exchange=NSE/symbol=BRITANNIA/part-094421_960392-048615.parquet,real_data_sample\l2_unseen_validation\trade_date=2026-07-17\exchange=NSE\symbol=BRITANNIA\part-094421_960392-048615.parquet,34606,downloaded,34606,
2026-07-17,NSE,BRITANNIA,raw_l2/trade_date=2026-07-17/exchange=NSE/symbol=BRITANNIA/part-094436_265710-048647.parquet,real_data_sample\l2_unseen_validation\trade_date=2026-07-17\exchange=NSE\symbol=BRITANNIA\part-094436_265710-048647.parquet,34555,downloaded,34555,
2026-07-17,NSE,BRITANNIA,raw_l2/trade_date=2026-07-17/exchange=NSE/symbol=BRITANNIA/part-094533_215979-048775.parquet,real_data_sample\l2_unseen_validation\trade_date=2026-07-17\exchange=NSE\symbol=BRITANNIA\part-094533_215979-048775.parquet,34356,downloaded,34356,
2026-07-17,NSE,BRITANNIA,raw_l2/trade_date=2026-07-17/exchange=NSE/symbol=BRITANNIA/part-094921_642885-049287.parquet,real_data_sample\l2_unseen_validation\trade_date=2026-07-17\exchange=NSE\symbol=BRITANNIA\part-094921_642885-049287.parquet,34594,downloaded,34594,
2026-07-17,NSE,BRITANNIA,raw_l2/trade_date=2026-07-17/exchange=NSE/symbol=BRITANNIA/part-095004_218120-049383.parquet,real_data_sample\l2_unseen_validation\trade_date=2026-07-17\exchange=NSE\symbol=BRITANNIA\part-095004_218120-049383.parquet,34733,downloaded,34733,
2026-07-17,NSE,BRITANNIA,raw_l2/trade_date=2026-07-17/exchange=NSE/symbol=BRITANNIA/part-094741_475484-049063.parquet,real_data_sample\l2_unseen_validation\trade_date=2026-07-17\exchange=NSE\symbol=BRITANNIA\part-094741_475484-049063.parquet,34396,downloaded,34396,
2026-07-17,NSE,BRITANNIA,raw_l2/trade_date=2026-07-17/exchange=NSE/symbol=BRITANNIA/part-094658_743111-048967.parquet,real_data_sample\l2_unseen_validation\trade_date=2026-07-17\exchange=NSE\symbol=BRITANNIA\part-094658_743111-048967.parquet,34371,downloaded,34371,
2026-07-17,NSE,BRITANNIA,raw_l2/trade_date=2026-07-17/exchange=NSE/symbol=BRITANNIA/part-094838_694448-049191.parquet,real_data_sample\l2_unseen_validation\trade_date=2026-07-17\exchange=NSE\symbol=BRITANNIA\part-094838_694448-049191.parquet,34417,downloaded,34417,
2026-07-17,NSE,BRITANNIA,raw_l2/trade_date=2026-07-17/exchange=NSE/symbol=BRITANNIA/part-094713_008933-048999.parquet,real_data_sample\l2_unseen_validation\trade_date=2026-07-17\exchange=NSE\symbol=BRITANNIA\part-094713_008933-048999.parquet,34341,downloaded,34341,
2026-07-17,NSE,BRITANNIA,raw_l2/trade_date=2026-07-17/exchange=NSE/symbol=BRITANNIA/part-094824_218238-049159.parquet,real_data_sample\l2_unseen_validation\trade_date=2026-07-17\exchange=NSE\symbol=BRITANNIA\part-094824_218238-049159.parquet,34684,downloaded,34684,
2026-07-17,NSE,BRITANNIA,raw_l2/trade_date=2026-07-17/exchange=NSE/symbol=BRITANNIA/part-094907_276347-049255.parquet,real_data_sample\l2_unseen_validation\trade_date=2026-07-17\exchange=NSE\symbol=BRITANNIA\part-094907_276347-049255.parquet,34434,downloaded,34434,
2026-07-17,NSE,BRITANNIA,raw_l2/trade_date=2026-07-17/exchange=NSE/symbol=BRITANNIA/part-095018_421914-049415.parquet,real_data_sample\l2_unseen_validation\trade_date=2026-07-17\exchange=NSE\symbol=BRITANNIA\part-095018_421914-049415.parquet,34404,downloaded,34404,
2026-07-17,NSE,BRITANNIA,raw_l2/trade_date=2026-07-17/exchange=NSE/symbol=BRITANNIA/part-094727_233601-049031.parquet,real_data_sample\l2_unseen_validation\trade_date=2026-07-17\exchange=NSE\symbol=BRITANNIA\part-094727_233601-049031.parquet,34378,downloaded,34378,
2026-07-17,NSE,BRITANNIA,raw_l2/trade_date=2026-07-17/exchange=NSE/symbol=BRITANNIA/part-094755_970015-049095.parquet,real_data_sample\l2_unseen_validation\trade_date=2026-07-17\exchange=NSE\symbol=BRITANNIA\part-094755_970015-049095.parquet,34430,downloaded,34430,
2026-07-17,NSE,BRITANNIA,raw_l2/trade_date=2026-07-17/exchange=NSE/symbol=BRITANNIA/part-095032_727084-049447.parquet,real_data_sample\l2_unseen_validation\trade_date=2026-07-17\exchange=NSE\symbol=BRITANNIA\part-095032_727084-049447.parquet,34419,downloaded,34419,
2026-07-17,NSE,BRITANNIA,raw_l2/trade_date=2026-07-17/exchange=NSE/symbol=BRITANNIA/part-094949_948371-049351.parquet,real_data_sample\l2_unseen_validation\trade_date=2026-07-17\exchange=NSE\symbol=BRITANNIA\part-094949_948371-049351.parquet,34363,downloaded,34363,
2026-07-17,NSE,BRITANNIA,raw_l2/trade_date=2026-07-17/exchange=NSE/symbol=BRITANNIA/part-094810_245236-049127.parquet,real_data_sample\l2_unseen_validation\trade_date=2026-07-17\exchange=NSE\symbol=BRITANNIA\part-094810_245236-049127.parquet,34592,downloaded,34592,
2026-07-17,NSE,BRITANNIA,raw_l2/trade_date=2026-07-17/exchange=NSE/symbol=BRITANNIA/part-094935_758264-049319.parquet,real_data_sample\l2_unseen_validation\trade_date=2026-07-17\exchange=NSE\symbol=BRITANNIA\part-094935_758264-049319.parquet,34671,downloaded,34671,
2026-07-17,NSE,BRITANNIA,raw_l2/trade_date=2026-07-17/exchange=NSE/symbol=BRITANNIA/part-094852_769587-049223.parquet,real_data_sample\l2_unseen_validation\trade_date=2026-07-17\exchange=NSE\symbol=BRITANNIA\part-094852_769587-049223.parquet,34600,downloaded,34600,
2026-07-17,NSE,BRITANNIA,raw_l2/trade_date=2026-07-17/exchange=NSE/symbol=BRITANNIA/part-094644_707537-048935.parquet,real_data_sample\l2_unseen_validation\trade_date=2026-07-17\exchange=NSE\symbol=BRITANNIA\part-094644_707537-048935.parquet,34448,downloaded,34448,
2026-07-17,NSE,BRITANNIA,raw_l2/trade_date=2026-07-17/exchange=NSE/symbol=BRITANNIA/part-095129_162310-049575.parquet,real_data_sample\l2_unseen_validation\trade_date=2026-07-17\exchange=NSE\symbol=BRITANNIA\part-095129_162310-049575.parquet,34463,downloaded,34463,
2026-07-17,NSE,BRITANNIA,raw_l2/trade_date=2026-07-17/exchange=NSE/symbol=BRITANNIA/part-095157_161263-049639.parquet,real_data_sample\l2_unseen_validation\trade_date=2026-07-17\exchange=NSE\symbol=BRITANNIA\part-095157_161263-049639.parquet,34497,downloaded,34497,
2026-07-17,NSE,BRITANNIA,raw_l2/trade_date=2026-07-17/exchange=NSE/symbol=BRITANNIA/part-095100_982945-049511.parquet,real_data_sample\l2_unseen_validation\trade_date=2026-07-17\exchange=NSE\symbol=BRITANNIA\part-095100_982945-049511.parquet,34405,downloaded,34405,
2026-07-17,NSE,BRITANNIA,raw_l2/trade_date=2026-07-17/exchange=NSE/symbol=BRITANNIA/part-095143_207996-049607.parquet,real_data_sample\l2_unseen_validation\trade_date=2026-07-17\exchange=NSE\symbol=BRITANNIA\part-095143_207996-049607.parquet,34470,downloaded,34470,
2026-07-17,NSE,BRITANNIA,raw_l2/trade_date=2026-07-17/exchange=NSE/symbol=BRITANNIA/part-095114_935765-049543.parquet,real_data_sample\l2_unseen_validation\trade_date=2026-07-17\exchange=NSE\symbol=BRITANNIA\part-095114_935765-049543.parquet,34171,downloaded,34171,
2026-07-17,NSE,BRITANNIA,raw_l2/trade_date=2026-07-17/exchange=NSE/symbol=BRITANNIA/part-095336_464053-049863.parquet,real_data_sample\l2_unseen_validation\trade_date=2026-07-17\exchange=NSE\symbol=BRITANNIA\part-095336_464053-049863.parquet,34471,downloaded,34471,
2026-07-17,NSE,BRITANNIA,raw_l2/trade_date=2026-07-17/exchange=NSE/symbol=BRITANNIA/part-095211_550724-049671.parquet,real_data_sample\l2_unseen_validation\trade_date=2026-07-17\exchange=NSE\symbol=BRITANNIA\part-095211_550724-049671.parquet,34166,downloaded,34166,
2026-07-17,NSE,BRITANNIA,raw_l2/trade_date=2026-07-17/exchange=NSE/symbol=BRITANNIA/part-095046_973529-049479.parquet,real_data_sample\l2_unseen_validation\trade_date=2026-07-17\exchange=NSE\symbol=BRITANNIA\part-095046_973529-049479.parquet,34398,downloaded,34398,
2026-07-17,NSE,BRITANNIA,raw_l2/trade_date=2026-07-17/exchange=NSE/symbol=BRITANNIA/part-095225_724518-049703.parquet,real_data_sample\l2_unseen_validation\trade_date=2026-07-17\exchange=NSE\symbol=BRITANNIA\part-095225_724518-049703.parquet,34515,downloaded,34515,
2026-07-17,NSE,BRITANNIA,raw_l2/trade_date=2026-07-17/exchange=NSE/symbol=BRITANNIA/part-095321_991363-049831.parquet,real_data_sample\l2_unseen_validation\trade_date=2026-07-17\exchange=NSE\symbol=BRITANNIA\part-095321_991363-049831.parquet,34375,downloaded,34375,
2026-07-17,NSE,BRITANNIA,raw_l2/trade_date=2026-07-17/exchange=NSE/symbol=BRITANNIA/part-095307_757274-049799.parquet,real_data_sample\l2_unseen_validation\trade_date=2026-07-17\exchange=NSE\symbol=BRITANNIA\part-095307_757274-049799.parquet,34394,downloaded,34394,
2026-07-17,NSE,BRITANNIA,raw_l2/trade_date=2026-07-17/exchange=NSE/symbol=BRITANNIA/part-095405_249361-049927.parquet,real_data_sample\l2_unseen_validation\trade_date=2026-07-17\exchange=NSE\symbol=BRITANNIA\part-095405_249361-049927.parquet,34444,downloaded,34444,
2026-07-17,NSE,BRITANNIA,raw_l2/trade_date=2026-07-17/exchange=NSE/symbol=BRITANNIA/part-095253_672802-049767.parquet,real_data_sample\l2_unseen_validation\trade_date=2026-07-17\exchange=NSE\symbol=BRITANNIA\part-095253_672802-049767.parquet,34371,downloaded,34371,
2026-07-17,NSE,BRITANNIA,raw_l2/trade_date=2026-07-17/exchange=NSE/symbol=BRITANNIA/part-095239_729067-049735.parquet,real_data_sample\l2_unseen_validation\trade_date=2026-07-17\exchange=NSE\symbol=BRITANNIA\part-095239_729067-049735.parquet,34419,downloaded,34419,
2026-07-17,NSE,BRITANNIA,raw_l2/trade_date=2026-07-17/exchange=NSE/symbol=BRITANNIA/part-095350_791524-049895.parquet,real_data_sample\l2_unseen_validation\trade_date=2026-07-17\exchange=NSE\symbol=BRITANNIA\part-095350_791524-049895.parquet,34655,downloaded,34655,
2026-07-17,NSE,BRITANNIA,raw_l2/trade_date=2026-07-17/exchange=NSE/symbol=BRITANNIA/part-095419_740904-049959.parquet,real_data_sample\l2_unseen_validation\trade_date=2026-07-17\exchange=NSE\symbol=BRITANNIA\part-095419_740904-049959.parquet,34429,downloaded,34429,
2026-07-17,NSE,BRITANNIA,raw_l2/trade_date=2026-07-17/exchange=NSE/symbol=BRITANNIA/part-095433_717246-049991.parquet,real_data_sample\l2_unseen_validation\trade_date=2026-07-17\exchange=NSE\symbol=BRITANNIA\part-095433_717246-049991.parquet,34280,downloaded,34280,
2026-07-17,NSE,BRITANNIA,raw_l2/trade_date=2026-07-17/exchange=NSE/symbol=BRITANNIA/part-095447_997630-050023.parquet,real_data_sample\l2_unseen_validation\trade_date=2026-07-17\exchange=NSE\symbol=BRITANNIA\part-095447_997630-050023.parquet,34537,downloaded,34537,
2026-07-17,NSE,BRITANNIA,raw_l2/trade_date=2026-07-17/exchange=NSE/symbol=BRITANNIA/part-095516_243499-050087.parquet,real_data_sample\l2_unseen_validation\trade_date=2026-07-17\exchange=NSE\symbol=BRITANNIA\part-095516_243499-050087.parquet,34478,downloaded,34478,
2026-07-17,NSE,BRITANNIA,raw_l2/trade_date=2026-07-17/exchange=NSE/symbol=BRITANNIA/part-095502_248393-050055.parquet,real_data_sample\l2_unseen_validation\trade_date=2026-07-17\exchange=NSE\symbol=BRITANNIA\part-095502_248393-050055.parquet,34521,downloaded,34521,
2026-07-17,NSE,BRITANNIA,raw_l2/trade_date=2026-07-17/exchange=NSE/symbol=BRITANNIA/part-095530_521849-050119.parquet,real_data_sample\l2_unseen_validation\trade_date=2026-07-17\exchange=NSE\symbol=BRITANNIA\part-095530_521849-050119.parquet,34497,downloaded,34497,
2026-07-17,NSE,BRITANNIA,raw_l2/trade_date=2026-07-17/exchange=NSE/symbol=BRITANNIA/part-095614_288011-050215.parquet,real_data_sample\l2_unseen_validation\trade_date=2026-07-17\exchange=NSE\symbol=BRITANNIA\part-095614_288011-050215.parquet,34585,downloaded,34585,
2026-07-17,NSE,BRITANNIA,raw_l2/trade_date=2026-07-17/exchange=NSE/symbol=BRITANNIA/part-095545_134584-050151.parquet,real_data_sample\l2_unseen_validation\trade_date=2026-07-17\exchange=NSE\symbol=BRITANNIA\part-095545_134584-050151.parquet,34557,downloaded,34557,
2026-07-17,NSE,BRITANNIA,raw_l2/trade_date=2026-07-17/exchange=NSE/symbol=BRITANNIA/part-095559_740952-050183.parquet,real_data_sample\l2_unseen_validation\trade_date=2026-07-17\exchange=NSE\symbol=BRITANNIA\part-095559_740952-050183.parquet,34479,downloaded,34479,
2026-07-17,NSE,BRITANNIA,raw_l2/trade_date=2026-07-17/exchange=NSE/symbol=BRITANNIA/part-095628_487347-050247.parquet,real_data_sample\l2_unseen_validation\trade_date=2026-07-17\exchange=NSE\symbol=BRITANNIA\part-095628_487347-050247.parquet,34398,downloaded,34398,
2026-07-17,NSE,BRITANNIA,raw_l2/trade_date=2026-07-17/exchange=NSE/symbol=BRITANNIA/part-095657_651958-050311.parquet,real_data_sample\l2_unseen_validation\trade_date=2026-07-17\exchange=NSE\symbol=BRITANNIA\part-095657_651958-050311.parquet,34680,downloaded,34680,
2026-07-17,NSE,BRITANNIA,raw_l2/trade_date=2026-07-17/exchange=NSE/symbol=BRITANNIA/part-095642_992697-050279.parquet,real_data_sample\l2_unseen_validation\trade_date=2026-07-17\exchange=NSE\symbol=BRITANNIA\part-095642_992697-050279.parquet,34475,downloaded,34475,
2026-07-17,NSE,BRITANNIA,raw_l2/trade_date=2026-07-17/exchange=NSE/symbol=BRITANNIA/part-095809_990640-050471.parquet,real_data_sample\l2_unseen_validation\trade_date=2026-07-17\exchange=NSE\symbol=BRITANNIA\part-095809_990640-050471.parquet,34400,downloaded,34400,
2026-07-17,NSE,BRITANNIA,raw_l2/trade_date=2026-07-17/exchange=NSE/symbol=BRITANNIA/part-095741_535014-050407.parquet,real_data_sample\l2_unseen_validation\trade_date=2026-07-17\exchange=NSE\symbol=BRITANNIA\part-095741_535014-050407.parquet,34380,downloaded,34380,
2026-07-17,NSE,BRITANNIA,raw_l2/trade_date=2026-07-17/exchange=NSE/symbol=BRITANNIA/part-095727_026638-050375.parquet,real_data_sample\l2_unseen_validation\trade_date=2026-07-17\exchange=NSE\symbol=BRITANNIA\part-095727_026638-050375.parquet,34588,downloaded,34588,
2026-07-17,NSE,BRITANNIA,raw_l2/trade_date=2026-07-17/exchange=NSE/symbol=BRITANNIA/part-095712_590659-050343.parquet,real_data_sample\l2_unseen_validation\trade_date=2026-07-17\exchange=NSE\symbol=BRITANNIA\part-095712_590659-050343.parquet,34481,downloaded,34481,
2026-07-17,NSE,BRITANNIA,raw_l2/trade_date=2026-07-17/exchange=NSE/symbol=BRITANNIA/part-095755_734574-050439.parquet,real_data_sample\l2_unseen_validation\trade_date=2026-07-17\exchange=NSE\symbol=BRITANNIA\part-095755_734574-050439.parquet,34412,downloaded,34412,
2026-07-17,NSE,BRITANNIA,raw_l2/trade_date=2026-07-17/exchange=NSE/symbol=BRITANNIA/part-095838_820948-050535.parquet,real_data_sample\l2_unseen_validation\trade_date=2026-07-17\exchange=NSE\symbol=BRITANNIA\part-095838_820948-050535.parquet,34398,downloaded,34398,
2026-07-17,NSE,BRITANNIA,raw_l2/trade_date=2026-07-17/exchange=NSE/symbol=BRITANNIA/part-095824_076078-050503.parquet,real_data_sample\l2_unseen_validation\trade_date=2026-07-17\exchange=NSE\symbol=BRITANNIA\part-095824_076078-050503.parquet,34368,downloaded,34368,
2026-07-17,NSE,BRITANNIA,raw_l2/trade_date=2026-07-17/exchange=NSE/symbol=BRITANNIA/part-095922_542667-050631.parquet,real_data_sample\l2_unseen_validation\trade_date=2026-07-17\exchange=NSE\symbol=BRITANNIA\part-095922_542667-050631.parquet,34431,downloaded,34431,
2026-07-17,NSE,BRITANNIA,raw_l2/trade_date=2026-07-17/exchange=NSE/symbol=BRITANNIA/part-095853_556493-050567.parquet,real_data_sample\l2_unseen_validation\trade_date=2026-07-17\exchange=NSE\symbol=BRITANNIA\part-095853_556493-050567.parquet,34299,downloaded,34299,
2026-07-17,NSE,BRITANNIA,raw_l2/trade_date=2026-07-17/exchange=NSE/symbol=BRITANNIA/part-095908_053200-050599.parquet,real_data_sample\l2_unseen_validation\trade_date=2026-07-17\exchange=NSE\symbol=BRITANNIA\part-095908_053200-050599.parquet,34423,downloaded,34423,
2026-07-17,NSE,BRITANNIA,raw_l2/trade_date=2026-07-17/exchange=NSE/symbol=BRITANNIA/part-095951_491484-050695.parquet,real_data_sample\l2_unseen_validation\trade_date=2026-07-17\exchange=NSE\symbol=BRITANNIA\part-095951_491484-050695.parquet,34360,downloaded,34360,
2026-07-17,NSE,BRITANNIA,raw_l2/trade_date=2026-07-17/exchange=NSE/symbol=BRITANNIA/part-100127_579535-050770.parquet,real_data_sample\l2_unseen_validation\trade_date=2026-07-17\exchange=NSE\symbol=BRITANNIA\part-100127_579535-050770.parquet,34098,downloaded,34098,
2026-07-17,NSE,BRITANNIA,raw_l2/trade_date=2026-07-17/exchange=NSE/symbol=BRITANNIA/part-095937_070357-050663.parquet,real_data_sample\l2_unseen_validation\trade_date=2026-07-17\exchange=NSE\symbol=BRITANNIA\part-095937_070357-050663.parquet,34368,downloaded,34368,
2026-07-17,NSE,BRITANNIA,raw_l2/trade_date=2026-07-17/exchange=NSE/symbol=BRITANNIA/part-100005_757247-050727.parquet,real_data_sample\l2_unseen_validation\trade_date=2026-07-17\exchange=NSE\symbol=BRITANNIA\part-100005_757247-050727.parquet,34369,downloaded,34369,
2026-07-17,NSE,CIPLA,raw_l2/trade_date=2026-07-17/exchange=NSE/symbol=CIPLA/part-034626_032193-000200.parquet,real_data_sample\l2_unseen_validation\trade_date=2026-07-17\exchange=NSE\symbol=CIPLA\part-034626_032193-000200.parquet,34449,downloaded,34449,
2026-07-17,NSE,CIPLA,raw_l2/trade_date=2026-07-17/exchange=NSE/symbol=CIPLA/part-034640_367131-000232.parquet,real_data_sample\l2_unseen_validation\trade_date=2026-07-17\exchange=NSE\symbol=CIPLA\part-034640_367131-000232.parquet,34436,downloaded,34436,
2026-07-17,NSE,CIPLA,raw_l2/trade_date=2026-07-17/exchange=NSE/symbol=CIPLA/part-034529_782365-000072.parquet,real_data_sample\l2_unseen_validation\trade_date=2026-07-17\exchange=NSE\symbol=CIPLA\part-034529_782365-000072.parquet,34454,downloaded,34454,
2026-07-17,NSE,CIPLA,raw_l2/trade_date=2026-07-17/exchange=NSE/symbol=CIPLA/part-034501_713315-000008.parquet,real_data_sample\l2_unseen_validation\trade_date=2026-07-17\exchange=NSE\symbol=CIPLA\part-034501_713315-000008.parquet,34062,downloaded,34062,
2026-07-17,NSE,CIPLA,raw_l2/trade_date=2026-07-17/exchange=NSE/symbol=CIPLA/part-034516_005864-000040.parquet,real_data_sample\l2_unseen_validation\trade_date=2026-07-17\exchange=NSE\symbol=CIPLA\part-034516_005864-000040.parquet,34167,downloaded,34167,
2026-07-17,NSE,CIPLA,raw_l2/trade_date=2026-07-17/exchange=NSE/symbol=CIPLA/part-034654_293262-000264.parquet,real_data_sample\l2_unseen_validation\trade_date=2026-07-17\exchange=NSE\symbol=CIPLA\part-034654_293262-000264.parquet,34453,downloaded,34453,
2026-07-17,NSE,CIPLA,raw_l2/trade_date=2026-07-17/exchange=NSE/symbol=CIPLA/part-034612_127905-000168.parquet,real_data_sample\l2_unseen_validation\trade_date=2026-07-17\exchange=NSE\symbol=CIPLA\part-034612_127905-000168.parquet,34131,downloaded,34131,
2026-07-17,NSE,CIPLA,raw_l2/trade_date=2026-07-17/exchange=NSE/symbol=CIPLA/part-034557_990586-000136.parquet,real_data_sample\l2_unseen_validation\trade_date=2026-07-17\exchange=NSE\symbol=CIPLA\part-034557_990586-000136.parquet,34381,downloaded,34381,
2026-07-17,NSE,CIPLA,raw_l2/trade_date=2026-07-17/exchange=NSE/symbol=CIPLA/part-034543_597478-000104.parquet,real_data_sample\l2_unseen_validation\trade_date=2026-07-17\exchange=NSE\symbol=CIPLA\part-034543_597478-000104.parquet,34447,downloaded,34447,
2026-07-17,NSE,CIPLA,raw_l2/trade_date=2026-07-17/exchange=NSE/symbol=CIPLA/part-034708_004422-000296.parquet,real_data_sample\l2_unseen_validation\trade_date=2026-07-17\exchange=NSE\symbol=CIPLA\part-034708_004422-000296.parquet,34411,downloaded,34411,
2026-07-17,NSE,CIPLA,raw_l2/trade_date=2026-07-17/exchange=NSE/symbol=CIPLA/part-034722_029499-000328.parquet,real_data_sample\l2_unseen_validation\trade_date=2026-07-17\exchange=NSE\symbol=CIPLA\part-034722_029499-000328.parquet,34396,downloaded,34396,
2026-07-17,NSE,CIPLA,raw_l2/trade_date=2026-07-17/exchange=NSE/symbol=CIPLA/part-034736_104790-000360.parquet,real_data_sample\l2_unseen_validation\trade_date=2026-07-17\exchange=NSE\symbol=CIPLA\part-034736_104790-000360.parquet,34486,downloaded,34486,
2026-07-17,NSE,CIPLA,raw_l2/trade_date=2026-07-17/exchange=NSE/symbol=CIPLA/part-034804_374684-000424.parquet,real_data_sample\l2_unseen_validation\trade_date=2026-07-17\exchange=NSE\symbol=CIPLA\part-034804_374684-000424.parquet,34452,downloaded,34452,
2026-07-17,NSE,CIPLA,raw_l2/trade_date=2026-07-17/exchange=NSE/symbol=CIPLA/part-034750_291419-000392.parquet,real_data_sample\l2_unseen_validation\trade_date=2026-07-17\exchange=NSE\symbol=CIPLA\part-034750_291419-000392.parquet,34131,downloaded,34131,
2026-07-17,NSE,CIPLA,raw_l2/trade_date=2026-07-17/exchange=NSE/symbol=CIPLA/part-034913_838969-000584.parquet,real_data_sample\l2_unseen_validation\trade_date=2026-07-17\exchange=NSE\symbol=CIPLA\part-034913_838969-000584.parquet,36277,downloaded,36277,
2026-07-17,NSE,CIPLA,raw_l2/trade_date=2026-07-17/exchange=NSE/symbol=CIPLA/part-034832_269783-000488.parquet,real_data_sample\l2_unseen_validation\trade_date=2026-07-17\exchange=NSE\symbol=CIPLA\part-034832_269783-000488.parquet,35496,downloaded,35496,
2026-07-17,NSE,CIPLA,raw_l2/trade_date=2026-07-17/exchange=NSE/symbol=CIPLA/part-034859_764057-000552.parquet,real_data_sample\l2_unseen_validation\trade_date=2026-07-17\exchange=NSE\symbol=CIPLA\part-034859_764057-000552.parquet,35727,downloaded,35727,
2026-07-17,NSE,CIPLA,raw_l2/trade_date=2026-07-17/exchange=NSE/symbol=CIPLA/part-034818_504794-000456.parquet,real_data_sample\l2_unseen_validation\trade_date=2026-07-17\exchange=NSE\symbol=CIPLA\part-034818_504794-000456.parquet,35465,downloaded,35465,
2026-07-17,NSE,CIPLA,raw_l2/trade_date=2026-07-17/exchange=NSE/symbol=CIPLA/part-034846_000204-000520.parquet,real_data_sample\l2_unseen_validation\trade_date=2026-07-17\exchange=NSE\symbol=CIPLA\part-034846_000204-000520.parquet,35882,downloaded,35882,
2026-07-17,NSE,CIPLA,raw_l2/trade_date=2026-07-17/exchange=NSE/symbol=CIPLA/part-034927_796484-000616.parquet,real_data_sample\l2_unseen_validation\trade_date=2026-07-17\exchange=NSE\symbol=CIPLA\part-034927_796484-000616.parquet,34394,downloaded,34394,
2026-07-17,NSE,CIPLA,raw_l2/trade_date=2026-07-17/exchange=NSE/symbol=CIPLA/part-034941_806996-000648.parquet,real_data_sample\l2_unseen_validation\trade_date=2026-07-17\exchange=NSE\symbol=CIPLA\part-034941_806996-000648.parquet,34456,downloaded,34456,
2026-07-17,NSE,CIPLA,raw_l2/trade_date=2026-07-17/exchange=NSE/symbol=CIPLA/part-035009_764584-000712.parquet,real_data_sample\l2_unseen_validation\trade_date=2026-07-17\exchange=NSE\symbol=CIPLA\part-035009_764584-000712.parquet,34459,downloaded,34459,
2026-07-17,NSE,CIPLA,raw_l2/trade_date=2026-07-17/exchange=NSE/symbol=CIPLA/part-035037_582619-000776.parquet,real_data_sample\l2_unseen_validation\trade_date=2026-07-17\exchange=NSE\symbol=CIPLA\part-035037_582619-000776.parquet,34448,downloaded,34448,
2026-07-17,NSE,CIPLA,raw_l2/trade_date=2026-07-17/exchange=NSE/symbol=CIPLA/part-035023_806078-000744.parquet,real_data_sample\l2_unseen_validation\trade_date=2026-07-17\exchange=NSE\symbol=CIPLA\part-035023_806078-000744.parquet,34131,downloaded,34131,
2026-07-17,NSE,CIPLA,raw_l2/trade_date=2026-07-17/exchange=NSE/symbol=CIPLA/part-034955_800666-000680.parquet,real_data_sample\l2_unseen_validation\trade_date=2026-07-17\exchange=NSE\symbol=CIPLA\part-034955_800666-000680.parquet,34449,downloaded,34449,
2026-07-17,NSE,CIPLA,raw_l2/trade_date=2026-07-17/exchange=NSE/symbol=CIPLA/part-035051_247471-000808.parquet,real_data_sample\l2_unseen_validation\trade_date=2026-07-17\exchange=NSE\symbol=CIPLA\part-035051_247471-000808.parquet,34411,downloaded,34411,
2026-07-17,NSE,CIPLA,raw_l2/trade_date=2026-07-17/exchange=NSE/symbol=CIPLA/part-035118_774727-000872.parquet,real_data_sample\l2_unseen_validation\trade_date=2026-07-17\exchange=NSE\symbol=CIPLA\part-035118_774727-000872.parquet,34446,downloaded,34446,
2026-07-17,NSE,CIPLA,raw_l2/trade_date=2026-07-17/exchange=NSE/symbol=CIPLA/part-035105_006044-000840.parquet,real_data_sample\l2_unseen_validation\trade_date=2026-07-17\exchange=NSE\symbol=CIPLA\part-035105_006044-000840.parquet,34606,downloaded,34606,
2026-07-17,NSE,CIPLA,raw_l2/trade_date=2026-07-17/exchange=NSE/symbol=CIPLA/part-035200_313976-000968.parquet,real_data_sample\l2_unseen_validation\trade_date=2026-07-17\exchange=NSE\symbol=CIPLA\part-035200_313976-000968.parquet,34561,downloaded,34561,
2026-07-17,NSE,CIPLA,raw_l2/trade_date=2026-07-17/exchange=NSE/symbol=CIPLA/part-035146_344329-000936.parquet,real_data_sample\l2_unseen_validation\trade_date=2026-07-17\exchange=NSE\symbol=CIPLA\part-035146_344329-000936.parquet,34660,downloaded,34660,
2026-07-17,NSE,CIPLA,raw_l2/trade_date=2026-07-17/exchange=NSE/symbol=CIPLA/part-035227_994231-001032.parquet,real_data_sample\l2_unseen_validation\trade_date=2026-07-17\exchange=NSE\symbol=CIPLA\part-035227_994231-001032.parquet,34058,downloaded,34058,
2026-07-17,NSE,CIPLA,raw_l2/trade_date=2026-07-17/exchange=NSE/symbol=CIPLA/part-035132_554440-000904.parquet,real_data_sample\l2_unseen_validation\trade_date=2026-07-17\exchange=NSE\symbol=CIPLA\part-035132_554440-000904.parquet,34448,downloaded,34448,
2026-07-17,NSE,CIPLA,raw_l2/trade_date=2026-07-17/exchange=NSE/symbol=CIPLA/part-035242_089540-001064.parquet,real_data_sample\l2_unseen_validation\trade_date=2026-07-17\exchange=NSE\symbol=CIPLA\part-035242_089540-001064.parquet,34404,downloaded,34404,
2026-07-17,NSE,CIPLA,raw_l2/trade_date=2026-07-17/exchange=NSE/symbol=CIPLA/part-035214_257100-001000.parquet,real_data_sample\l2_unseen_validation\trade_date=2026-07-17\exchange=NSE\symbol=CIPLA\part-035214_257100-001000.parquet,34545,downloaded,34545,
2026-07-17,NSE,CIPLA,raw_l2/trade_date=2026-07-17/exchange=NSE/symbol=CIPLA/part-035256_101627-001096.parquet,real_data_sample\l2_unseen_validation\trade_date=2026-07-17\exchange=NSE\symbol=CIPLA\part-035256_101627-001096.parquet,34391,downloaded,34391,
2026-07-17,NSE,CIPLA,raw_l2/trade_date=2026-07-17/exchange=NSE/symbol=CIPLA/part-035310_008085-001128.parquet,real_data_sample\l2_unseen_validation\trade_date=2026-07-17\exchange=NSE\symbol=CIPLA\part-035310_008085-001128.parquet,34404,downloaded,34404,
2026-07-17,NSE,CIPLA,raw_l2/trade_date=2026-07-17/exchange=NSE/symbol=CIPLA/part-035337_771896-001192.parquet,real_data_sample\l2_unseen_validation\trade_date=2026-07-17\exchange=NSE\symbol=CIPLA\part-035337_771896-001192.parquet,34634,downloaded,34634,
2026-07-17,NSE,CIPLA,raw_l2/trade_date=2026-07-17/exchange=NSE/symbol=CIPLA/part-035501_087021-001384.parquet,real_data_sample\l2_unseen_validation\trade_date=2026-07-17\exchange=NSE\symbol=CIPLA\part-035501_087021-001384.parquet,34608,downloaded,34608,
2026-07-17,NSE,CIPLA,raw_l2/trade_date=2026-07-17/exchange=NSE/symbol=CIPLA/part-035433_015308-001320.parquet,real_data_sample\l2_unseen_validation\trade_date=2026-07-17\exchange=NSE\symbol=CIPLA\part-035433_015308-001320.parquet,34131,downloaded,34131,
2026-07-17,NSE,CIPLA,raw_l2/trade_date=2026-07-17/exchange=NSE/symbol=CIPLA/part-035323_797867-001160.parquet,real_data_sample\l2_unseen_validation\trade_date=2026-07-17\exchange=NSE\symbol=CIPLA\part-035323_797867-001160.parquet,34398,downloaded,34398,
2026-07-17,NSE,CIPLA,raw_l2/trade_date=2026-07-17/exchange=NSE/symbol=CIPLA/part-035610_799821-001544.parquet,real_data_sample\l2_unseen_validation\trade_date=2026-07-17\exchange=NSE\symbol=CIPLA\part-035610_799821-001544.parquet,34423,downloaded,34423,
2026-07-17,NSE,CIPLA,raw_l2/trade_date=2026-07-17/exchange=NSE/symbol=CIPLA/part-035625_017409-001576.parquet,real_data_sample\l2_unseen_validation\trade_date=2026-07-17\exchange=NSE\symbol=CIPLA\part-035625_017409-001576.parquet,34470,downloaded,34470,
2026-07-17,NSE,CIPLA,raw_l2/trade_date=2026-07-17/exchange=NSE/symbol=CIPLA/part-035447_021916-001352.parquet,real_data_sample\l2_unseen_validation\trade_date=2026-07-17\exchange=NSE\symbol=CIPLA\part-035447_021916-001352.parquet,34431,downloaded,34431,
2026-07-17,NSE,CIPLA,raw_l2/trade_date=2026-07-17/exchange=NSE/symbol=CIPLA/part-035638_841194-001608.parquet,real_data_sample\l2_unseen_validation\trade_date=2026-07-17\exchange=NSE\symbol=CIPLA\part-035638_841194-001608.parquet,34490,downloaded,34490,
2026-07-17,NSE,CIPLA,raw_l2/trade_date=2026-07-17/exchange=NSE/symbol=CIPLA/part-035652_805908-001640.parquet,real_data_sample\l2_unseen_validation\trade_date=2026-07-17\exchange=NSE\symbol=CIPLA\part-035652_805908-001640.parquet,34452,downloaded,34452,
2026-07-17,NSE,CIPLA,raw_l2/trade_date=2026-07-17/exchange=NSE/symbol=CIPLA/part-035419_234431-001288.parquet,real_data_sample\l2_unseen_validation\trade_date=2026-07-17\exchange=NSE\symbol=CIPLA\part-035419_234431-001288.parquet,34437,downloaded,34437,
2026-07-17,NSE,CIPLA,raw_l2/trade_date=2026-07-17/exchange=NSE/symbol=CIPLA/part-035706_577695-001672.parquet,real_data_sample\l2_unseen_validation\trade_date=2026-07-17\exchange=NSE\symbol=CIPLA\part-035706_577695-001672.parquet,34437,downloaded,34437,
2026-07-17,NSE,CIPLA,raw_l2/trade_date=2026-07-17/exchange=NSE/symbol=CIPLA/part-035351_564736-001224.parquet,real_data_sample\l2_unseen_validation\trade_date=2026-07-17\exchange=NSE\symbol=CIPLA\part-035351_564736-001224.parquet,34692,downloaded,34692,
2026-07-17,NSE,CIPLA,raw_l2/trade_date=2026-07-17/exchange=NSE/symbol=CIPLA/part-035831_598610-001864.parquet,real_data_sample\l2_unseen_validation\trade_date=2026-07-17\exchange=NSE\symbol=CIPLA\part-035831_598610-001864.parquet,34444,downloaded,34444,
2026-07-17,NSE,CIPLA,raw_l2/trade_date=2026-07-17/exchange=NSE/symbol=CIPLA/part-035405_506026-001256.parquet,real_data_sample\l2_unseen_validation\trade_date=2026-07-17\exchange=NSE\symbol=CIPLA\part-035405_506026-001256.parquet,34641,downloaded,34641,
2026-07-17,NSE,CIPLA,raw_l2/trade_date=2026-07-17/exchange=NSE/symbol=CIPLA/part-035817_616523-001832.parquet,real_data_sample\l2_unseen_validation\trade_date=2026-07-17\exchange=NSE\symbol=CIPLA\part-035817_616523-001832.parquet,34577,downloaded,34577,
2026-07-17,NSE,CIPLA,raw_l2/trade_date=2026-07-17/exchange=NSE/symbol=CIPLA/part-035720_563802-001704.parquet,real_data_sample\l2_unseen_validation\trade_date=2026-07-17\exchange=NSE\symbol=CIPLA\part-035720_563802-001704.parquet,34443,downloaded,34443,
2026-07-17,NSE,CIPLA,raw_l2/trade_date=2026-07-17/exchange=NSE/symbol=CIPLA/part-035748_823560-001768.parquet,real_data_sample\l2_unseen_validation\trade_date=2026-07-17\exchange=NSE\symbol=CIPLA\part-035748_823560-001768.parquet,34584,downloaded,34584,
2026-07-17,NSE,CIPLA,raw_l2/trade_date=2026-07-17/exchange=NSE/symbol=CIPLA/part-035515_127172-001416.parquet,real_data_sample\l2_unseen_validation\trade_date=2026-07-17\exchange=NSE\symbol=CIPLA\part-035515_127172-001416.parquet,34416,downloaded,34416,
2026-07-17,NSE,CIPLA,raw_l2/trade_date=2026-07-17/exchange=NSE/symbol=CIPLA/part-035556_803911-001512.parquet,real_data_sample\l2_unseen_validation\trade_date=2026-07-17\exchange=NSE\symbol=CIPLA\part-035556_803911-001512.parquet,34577,downloaded,34577,
2026-07-17,NSE,CIPLA,raw_l2/trade_date=2026-07-17/exchange=NSE/symbol=CIPLA/part-035542_999833-001480.parquet,real_data_sample\l2_unseen_validation\trade_date=2026-07-17\exchange=NSE\symbol=CIPLA\part-035542_999833-001480.parquet,34653,downloaded,34653,
2026-07-17,NSE,CIPLA,raw_l2/trade_date=2026-07-17/exchange=NSE/symbol=CIPLA/part-035734_679368-001736.parquet,real_data_sample\l2_unseen_validation\trade_date=2026-07-17\exchange=NSE\symbol=CIPLA\part-035734_679368-001736.parquet,34634,downloaded,34634,
2026-07-17,NSE,CIPLA,raw_l2/trade_date=2026-07-17/exchange=NSE/symbol=CIPLA/part-035529_060803-001448.parquet,real_data_sample\l2_unseen_validation\trade_date=2026-07-17\exchange=NSE\symbol=CIPLA\part-035529_060803-001448.parquet,34421,downloaded,34421,
2026-07-17,NSE,CIPLA,raw_l2/trade_date=2026-07-17/exchange=NSE/symbol=CIPLA/part-035845_536781-001896.parquet,real_data_sample\l2_unseen_validation\trade_date=2026-07-17\exchange=NSE\symbol=CIPLA\part-035845_536781-001896.parquet,34394,downloaded,34394,
2026-07-17,NSE,CIPLA,raw_l2/trade_date=2026-07-17/exchange=NSE/symbol=CIPLA/part-035859_592002-001928.parquet,real_data_sample\l2_unseen_validation\trade_date=2026-07-17\exchange=NSE\symbol=CIPLA\part-035859_592002-001928.parquet,34458,downloaded,34458,
2026-07-17,NSE,CIPLA,raw_l2/trade_date=2026-07-17/exchange=NSE/symbol=CIPLA/part-035927_541184-001992.parquet,real_data_sample\l2_unseen_validation\trade_date=2026-07-17\exchange=NSE\symbol=CIPLA\part-035927_541184-001992.parquet,34429,downloaded,34429,
2026-07-17,NSE,CIPLA,raw_l2/trade_date=2026-07-17/exchange=NSE/symbol=CIPLA/part-035913_548596-001960.parquet,real_data_sample\l2_unseen_validation\trade_date=2026-07-17\exchange=NSE\symbol=CIPLA\part-035913_548596-001960.parquet,34436,downloaded,34436,
2026-07-17,NSE,CIPLA,raw_l2/trade_date=2026-07-17/exchange=NSE/symbol=CIPLA/part-035955_546330-002056.parquet,real_data_sample\l2_unseen_validation\trade_date=2026-07-17\exchange=NSE\symbol=CIPLA\part-035955_546330-002056.parquet,34511,downloaded,34511,
2026-07-17,NSE,CIPLA,raw_l2/trade_date=2026-07-17/exchange=NSE/symbol=CIPLA/part-035941_669315-002024.parquet,real_data_sample\l2_unseen_validation\trade_date=2026-07-17\exchange=NSE\symbol=CIPLA\part-035941_669315-002024.parquet,34401,downloaded,34401,
2026-07-17,NSE,CIPLA,raw_l2/trade_date=2026-07-17/exchange=NSE/symbol=CIPLA/part-040009_763591-002088.parquet,real_data_sample\l2_unseen_validation\trade_date=2026-07-17\exchange=NSE\symbol=CIPLA\part-040009_763591-002088.parquet,34443,downloaded,34443,
2026-07-17,NSE,CIPLA,raw_l2/trade_date=2026-07-17/exchange=NSE/symbol=CIPLA/part-035803_142718-001800.parquet,real_data_sample\l2_unseen_validation\trade_date=2026-07-17\exchange=NSE\symbol=CIPLA\part-035803_142718-001800.parquet,34572,downloaded,34572,
2026-07-17,NSE,CIPLA,raw_l2/trade_date=2026-07-17/exchange=NSE/symbol=CIPLA/part-040023_804888-002120.parquet,real_data_sample\l2_unseen_validation\trade_date=2026-07-17\exchange=NSE\symbol=CIPLA\part-040023_804888-002120.parquet,34419,downloaded,34419,
2026-07-17,NSE,CIPLA,raw_l2/trade_date=2026-07-17/exchange=NSE/symbol=CIPLA/part-040105_360694-002216.parquet,real_data_sample\l2_unseen_validation\trade_date=2026-07-17\exchange=NSE\symbol=CIPLA\part-040105_360694-002216.parquet,34441,downloaded,34441,
2026-07-17,NSE,CIPLA,raw_l2/trade_date=2026-07-17/exchange=NSE/symbol=CIPLA/part-040228_548036-002408.parquet,real_data_sample\l2_unseen_validation\trade_date=2026-07-17\exchange=NSE\symbol=CIPLA\part-040228_548036-002408.parquet,34381,downloaded,34381,
2026-07-17,NSE,CIPLA,raw_l2/trade_date=2026-07-17/exchange=NSE/symbol=CIPLA/part-040214_773723-002376.parquet,real_data_sample\l2_unseen_validation\trade_date=2026-07-17\exchange=NSE\symbol=CIPLA\part-040214_773723-002376.parquet,34669,downloaded,34669,
2026-07-17,NSE,CIPLA,raw_l2/trade_date=2026-07-17/exchange=NSE/symbol=CIPLA/part-040242_844570-002440.parquet,real_data_sample\l2_unseen_validation\trade_date=2026-07-17\exchange=NSE\symbol=CIPLA\part-040242_844570-002440.parquet,34470,downloaded,34470,
2026-07-17,NSE,CIPLA,raw_l2/trade_date=2026-07-17/exchange=NSE/symbol=CIPLA/part-040200_797434-002344.parquet,real_data_sample\l2_unseen_validation\trade_date=2026-07-17\exchange=NSE\symbol=CIPLA\part-040200_797434-002344.parquet,34645,downloaded,34645,
2026-07-17,NSE,CIPLA,raw_l2/trade_date=2026-07-17/exchange=NSE/symbol=CIPLA/part-040037_770874-002152.parquet,real_data_sample\l2_unseen_validation\trade_date=2026-07-17\exchange=NSE\symbol=CIPLA\part-040037_770874-002152.parquet,34599,downloaded,34599,
2026-07-17,NSE,CIPLA,raw_l2/trade_date=2026-07-17/exchange=NSE/symbol=CIPLA/part-040119_242842-002248.parquet,real_data_sample\l2_unseen_validation\trade_date=2026-07-17\exchange=NSE\symbol=CIPLA\part-040119_242842-002248.parquet,34539,downloaded,34539,
2026-07-17,NSE,CIPLA,raw_l2/trade_date=2026-07-17/exchange=NSE/symbol=CIPLA/part-040051_467035-002184.parquet,real_data_sample\l2_unseen_validation\trade_date=2026-07-17\exchange=NSE\symbol=CIPLA\part-040051_467035-002184.parquet,34622,downloaded,34622,
2026-07-17,NSE,CIPLA,raw_l2/trade_date=2026-07-17/exchange=NSE/symbol=CIPLA/part-040311_779597-002504.parquet,real_data_sample\l2_unseen_validation\trade_date=2026-07-17\exchange=NSE\symbol=CIPLA\part-040311_779597-002504.parquet,34710,downloaded,34710,
2026-07-17,NSE,CIPLA,raw_l2/trade_date=2026-07-17/exchange=NSE/symbol=CIPLA/part-040146_782437-002312.parquet,real_data_sample\l2_unseen_validation\trade_date=2026-07-17\exchange=NSE\symbol=CIPLA\part-040146_782437-002312.parquet,34431,downloaded,34431,
2026-07-17,NSE,CIPLA,raw_l2/trade_date=2026-07-17/exchange=NSE/symbol=CIPLA/part-040133_027251-002280.parquet,real_data_sample\l2_unseen_validation\trade_date=2026-07-17\exchange=NSE\symbol=CIPLA\part-040133_027251-002280.parquet,34389,downloaded,34389,
2026-07-17,NSE,CIPLA,raw_l2/trade_date=2026-07-17/exchange=NSE/symbol=CIPLA/part-040257_101233-002472.parquet,real_data_sample\l2_unseen_validation\trade_date=2026-07-17\exchange=NSE\symbol=CIPLA\part-040257_101233-002472.parquet,34460,downloaded,34460,
2026-07-17,NSE,CIPLA,raw_l2/trade_date=2026-07-17/exchange=NSE/symbol=CIPLA/part-040504_437262-002760.parquet,real_data_sample\l2_unseen_validation\trade_date=2026-07-17\exchange=NSE\symbol=CIPLA\part-040504_437262-002760.parquet,34430,downloaded,34430,
2026-07-17,NSE,CIPLA,raw_l2/trade_date=2026-07-17/exchange=NSE/symbol=CIPLA/part-040450_258103-002728.parquet,real_data_sample\l2_unseen_validation\trade_date=2026-07-17\exchange=NSE\symbol=CIPLA\part-040450_258103-002728.parquet,34482,downloaded,34482,
2026-07-17,NSE,CIPLA,raw_l2/trade_date=2026-07-17/exchange=NSE/symbol=CIPLA/part-040436_275700-002696.parquet,real_data_sample\l2_unseen_validation\trade_date=2026-07-17\exchange=NSE\symbol=CIPLA\part-040436_275700-002696.parquet,34291,downloaded,34291,
2026-07-17,NSE,CIPLA,raw_l2/trade_date=2026-07-17/exchange=NSE/symbol=CIPLA/part-040422_263168-002664.parquet,real_data_sample\l2_unseen_validation\trade_date=2026-07-17\exchange=NSE\symbol=CIPLA\part-040422_263168-002664.parquet,34620,downloaded,34620,
2026-07-17,NSE,CIPLA,raw_l2/trade_date=2026-07-17/exchange=NSE/symbol=CIPLA/part-040532_809496-002824.parquet,real_data_sample\l2_unseen_validation\trade_date=2026-07-17\exchange=NSE\symbol=CIPLA\part-040532_809496-002824.parquet,34485,downloaded,34485,
2026-07-17,NSE,CIPLA,raw_l2/trade_date=2026-07-17/exchange=NSE/symbol=CIPLA/part-040518_600008-002792.parquet,real_data_sample\l2_unseen_validation\trade_date=2026-07-17\exchange=NSE\symbol=CIPLA\part-040518_600008-002792.parquet,34344,downloaded,34344,
2026-07-17,NSE,CIPLA,raw_l2/trade_date=2026-07-17/exchange=NSE/symbol=CIPLA/part-040325_940749-002536.parquet,real_data_sample\l2_unseen_validation\trade_date=2026-07-17\exchange=NSE\symbol=CIPLA\part-040325_940749-002536.parquet,34411,downloaded,34411,
2026-07-17,NSE,CIPLA,raw_l2/trade_date=2026-07-17/exchange=NSE/symbol=CIPLA/part-040340_044425-002568.parquet,real_data_sample\l2_unseen_validation\trade_date=2026-07-17\exchange=NSE\symbol=CIPLA\part-040340_044425-002568.parquet,34535,downloaded,34535,
2026-07-17,NSE,CIPLA,raw_l2/trade_date=2026-07-17/exchange=NSE/symbol=CIPLA/part-040354_351745-002600.parquet,real_data_sample\l2_unseen_validation\trade_date=2026-07-17\exchange=NSE\symbol=CIPLA\part-040354_351745-002600.parquet,34522,downloaded,34522,
2026-07-17,NSE,CIPLA,raw_l2/trade_date=2026-07-17/exchange=NSE/symbol=CIPLA/part-040546_759637-002856.parquet,real_data_sample\l2_unseen_validation\trade_date=2026-07-17\exchange=NSE\symbol=CIPLA\part-040546_759637-002856.parquet,34711,downloaded,34711,
2026-07-17,NSE,CIPLA,raw_l2/trade_date=2026-07-17/exchange=NSE/symbol=CIPLA/part-040408_341831-002632.parquet,real_data_sample\l2_unseen_validation\trade_date=2026-07-17\exchange=NSE\symbol=CIPLA\part-040408_341831-002632.parquet,34166,downloaded,34166,
2026-07-17,NSE,CIPLA,raw_l2/trade_date=2026-07-17/exchange=NSE/symbol=CIPLA/part-040628_756991-002952.parquet,real_data_sample\l2_unseen_validation\trade_date=2026-07-17\exchange=NSE\symbol=CIPLA\part-040628_756991-002952.parquet,34716,downloaded,34716,
2026-07-17,NSE,CIPLA,raw_l2/trade_date=2026-07-17/exchange=NSE/symbol=CIPLA/part-040656_530342-003016.parquet,real_data_sample\l2_unseen_validation\trade_date=2026-07-17\exchange=NSE\symbol=CIPLA\part-040656_530342-003016.parquet,34659,downloaded,34659,
2026-07-17,NSE,CIPLA,raw_l2/trade_date=2026-07-17/exchange=NSE/symbol=CIPLA/part-040710_507407-003048.parquet,real_data_sample\l2_unseen_validation\trade_date=2026-07-17\exchange=NSE\symbol=CIPLA\part-040710_507407-003048.parquet,34393,downloaded,34393,
2026-07-17,NSE,CIPLA,raw_l2/trade_date=2026-07-17/exchange=NSE/symbol=CIPLA/part-040642_522160-002984.parquet,real_data_sample\l2_unseen_validation\trade_date=2026-07-17\exchange=NSE\symbol=CIPLA\part-040642_522160-002984.parquet,34667,downloaded,34667,
2026-07-17,NSE,CIPLA,raw_l2/trade_date=2026-07-17/exchange=NSE/symbol=CIPLA/part-040614_757200-002920.parquet,real_data_sample\l2_unseen_validation\trade_date=2026-07-17\exchange=NSE\symbol=CIPLA\part-040614_757200-002920.parquet,34585,downloaded,34585,
2026-07-17,NSE,CIPLA,raw_l2/trade_date=2026-07-17/exchange=NSE/symbol=CIPLA/part-040600_804727-002888.parquet,real_data_sample\l2_unseen_validation\trade_date=2026-07-17\exchange=NSE\symbol=CIPLA\part-040600_804727-002888.parquet,34610,downloaded,34610,
2026-07-17,NSE,CIPLA,raw_l2/trade_date=2026-07-17/exchange=NSE/symbol=CIPLA/part-040724_590152-003080.parquet,real_data_sample\l2_unseen_validation\trade_date=2026-07-17\exchange=NSE\symbol=CIPLA\part-040724_590152-003080.parquet,34681,downloaded,34681,
2026-07-17,NSE,CIPLA,raw_l2/trade_date=2026-07-17/exchange=NSE/symbol=CIPLA/part-040738_566910-003112.parquet,real_data_sample\l2_unseen_validation\trade_date=2026-07-17\exchange=NSE\symbol=CIPLA\part-040738_566910-003112.parquet,34684,downloaded,34684,
2026-07-17,NSE,CIPLA,raw_l2/trade_date=2026-07-17/exchange=NSE/symbol=CIPLA/part-040752_830444-003144.parquet,real_data_sample\l2_unseen_validation\trade_date=2026-07-17\exchange=NSE\symbol=CIPLA\part-040752_830444-003144.parquet,34730,downloaded,34730,
2026-07-17,NSE,CIPLA,raw_l2/trade_date=2026-07-17/exchange=NSE/symbol=CIPLA/part-040903_824093-003304.parquet,real_data_sample\l2_unseen_validation\trade_date=2026-07-17\exchange=NSE\symbol=CIPLA\part-040903_824093-003304.parquet,34631,downloaded,34631,
2026-07-17,NSE,CIPLA,raw_l2/trade_date=2026-07-17/exchange=NSE/symbol=CIPLA/part-040946_593769-003400.parquet,real_data_sample\l2_unseen_validation\trade_date=2026-07-17\exchange=NSE\symbol=CIPLA\part-040946_593769-003400.parquet,34601,downloaded,34601,
2026-07-17,NSE,CIPLA,raw_l2/trade_date=2026-07-17/exchange=NSE/symbol=CIPLA/part-041014_806558-003464.parquet,real_data_sample\l2_unseen_validation\trade_date=2026-07-17\exchange=NSE\symbol=CIPLA\part-041014_806558-003464.parquet,34603,downloaded,34603,
2026-07-17,NSE,CIPLA,raw_l2/trade_date=2026-07-17/exchange=NSE/symbol=CIPLA/part-041000_908188-003432.parquet,real_data_sample\l2_unseen_validation\trade_date=2026-07-17\exchange=NSE\symbol=CIPLA\part-041000_908188-003432.parquet,34480,downloaded,34480,
2026-07-17,NSE,CIPLA,raw_l2/trade_date=2026-07-17/exchange=NSE/symbol=CIPLA/part-040806_755817-003176.parquet,real_data_sample\l2_unseen_validation\trade_date=2026-07-17\exchange=NSE\symbol=CIPLA\part-040806_755817-003176.parquet,34475,downloaded,34475,
2026-07-17,NSE,CIPLA,raw_l2/trade_date=2026-07-17/exchange=NSE/symbol=CIPLA/part-040932_140070-003368.parquet,real_data_sample\l2_unseen_validation\trade_date=2026-07-17\exchange=NSE\symbol=CIPLA\part-040932_140070-003368.parquet,34613,downloaded,34613,
2026-07-17,NSE,CIPLA,raw_l2/trade_date=2026-07-17/exchange=NSE/symbol=CIPLA/part-040835_304715-003240.parquet,real_data_sample\l2_unseen_validation\trade_date=2026-07-17\exchange=NSE\symbol=CIPLA\part-040835_304715-003240.parquet,34662,downloaded,34662,
2026-07-17,NSE,CIPLA,raw_l2/trade_date=2026-07-17/exchange=NSE/symbol=CIPLA/part-041028_900425-003496.parquet,real_data_sample\l2_unseen_validation\trade_date=2026-07-17\exchange=NSE\symbol=CIPLA\part-041028_900425-003496.parquet,34422,downloaded,34422,
2026-07-17,NSE,CIPLA,raw_l2/trade_date=2026-07-17/exchange=NSE/symbol=CIPLA/part-041125_495689-003624.parquet,real_data_sample\l2_unseen_validation\trade_date=2026-07-17\exchange=NSE\symbol=CIPLA\part-041125_495689-003624.parquet,34651,downloaded,34651,
2026-07-17,NSE,CIPLA,raw_l2/trade_date=2026-07-17/exchange=NSE/symbol=CIPLA/part-041111_549610-003592.parquet,real_data_sample\l2_unseen_validation\trade_date=2026-07-17\exchange=NSE\symbol=CIPLA\part-041111_549610-003592.parquet,34364,downloaded,34364,
2026-07-17,NSE,CIPLA,raw_l2/trade_date=2026-07-17/exchange=NSE/symbol=CIPLA/part-041207_331822-003720.parquet,real_data_sample\l2_unseen_validation\trade_date=2026-07-17\exchange=NSE\symbol=CIPLA\part-041207_331822-003720.parquet,34598,downloaded,34598,
2026-07-17,NSE,CIPLA,raw_l2/trade_date=2026-07-17/exchange=NSE/symbol=CIPLA/part-041139_423816-003656.parquet,real_data_sample\l2_unseen_validation\trade_date=2026-07-17\exchange=NSE\symbol=CIPLA\part-041139_423816-003656.parquet,34537,downloaded,34537,
2026-07-17,NSE,CIPLA,raw_l2/trade_date=2026-07-17/exchange=NSE/symbol=CIPLA/part-041057_420008-003560.parquet,real_data_sample\l2_unseen_validation\trade_date=2026-07-17\exchange=NSE\symbol=CIPLA\part-041057_420008-003560.parquet,34545,downloaded,34545,
2026-07-17,NSE,CIPLA,raw_l2/trade_date=2026-07-17/exchange=NSE/symbol=CIPLA/part-041153_302478-003688.parquet,real_data_sample\l2_unseen_validation\trade_date=2026-07-17\exchange=NSE\symbol=CIPLA\part-041153_302478-003688.parquet,34419,downloaded,34419,
2026-07-17,NSE,CIPLA,raw_l2/trade_date=2026-07-17/exchange=NSE/symbol=CIPLA/part-040820_950910-003208.parquet,real_data_sample\l2_unseen_validation\trade_date=2026-07-17\exchange=NSE\symbol=CIPLA\part-040820_950910-003208.parquet,34462,downloaded,34462,
2026-07-17,NSE,CIPLA,raw_l2/trade_date=2026-07-17/exchange=NSE/symbol=CIPLA/part-041235_079087-003784.parquet,real_data_sample\l2_unseen_validation\trade_date=2026-07-17\exchange=NSE\symbol=CIPLA\part-041235_079087-003784.parquet,34715,downloaded,34715,
2026-07-17,NSE,CIPLA,raw_l2/trade_date=2026-07-17/exchange=NSE/symbol=CIPLA/part-040917_814281-003336.parquet,real_data_sample\l2_unseen_validation\trade_date=2026-07-17\exchange=NSE\symbol=CIPLA\part-040917_814281-003336.parquet,34527,downloaded,34527,
2026-07-17,NSE,CIPLA,raw_l2/trade_date=2026-07-17/exchange=NSE/symbol=CIPLA/part-040849_560889-003272.parquet,real_data_sample\l2_unseen_validation\trade_date=2026-07-17\exchange=NSE\symbol=CIPLA\part-040849_560889-003272.parquet,34489,downloaded,34489,
2026-07-17,NSE,CIPLA,raw_l2/trade_date=2026-07-17/exchange=NSE/symbol=CIPLA/part-041043_144461-003528.parquet,real_data_sample\l2_unseen_validation\trade_date=2026-07-17\exchange=NSE\symbol=CIPLA\part-041043_144461-003528.parquet,34434,downloaded,34434,
2026-07-17,NSE,CIPLA,raw_l2/trade_date=2026-07-17/exchange=NSE/symbol=CIPLA/part-041221_318576-003752.parquet,real_data_sample\l2_unseen_validation\trade_date=2026-07-17\exchange=NSE\symbol=CIPLA\part-041221_318576-003752.parquet,34562,downloaded,34562,
2026-07-17,NSE,CIPLA,raw_l2/trade_date=2026-07-17/exchange=NSE/symbol=CIPLA/part-041316_780919-003880.parquet,real_data_sample\l2_unseen_validation\trade_date=2026-07-17\exchange=NSE\symbol=CIPLA\part-041316_780919-003880.parquet,35280,downloaded,35280,
2026-07-17,NSE,CIPLA,raw_l2/trade_date=2026-07-17/exchange=NSE/symbol=CIPLA/part-041302_803312-003848.parquet,real_data_sample\l2_unseen_validation\trade_date=2026-07-17\exchange=NSE\symbol=CIPLA\part-041302_803312-003848.parquet,34425,downloaded,34425,
2026-07-17,NSE,CIPLA,raw_l2/trade_date=2026-07-17/exchange=NSE/symbol=CIPLA/part-041330_850557-003912.parquet,real_data_sample\l2_unseen_validation\trade_date=2026-07-17\exchange=NSE\symbol=CIPLA\part-041330_850557-003912.parquet,35630,downloaded,35630,
2026-07-17,NSE,CIPLA,raw_l2/trade_date=2026-07-17/exchange=NSE/symbol=CIPLA/part-041249_038969-003816.parquet,real_data_sample\l2_unseen_validation\trade_date=2026-07-17\exchange=NSE\symbol=CIPLA\part-041249_038969-003816.parquet,34493,downloaded,34493,
2026-07-17,NSE,CIPLA,raw_l2/trade_date=2026-07-17/exchange=NSE/symbol=CIPLA/part-041344_842321-003944.parquet,real_data_sample\l2_unseen_validation\trade_date=2026-07-17\exchange=NSE\symbol=CIPLA\part-041344_842321-003944.parquet,35712,downloaded,35712,
2026-07-17,NSE,CIPLA,raw_l2/trade_date=2026-07-17/exchange=NSE/symbol=CIPLA/part-041413_044671-004008.parquet,real_data_sample\l2_unseen_validation\trade_date=2026-07-17\exchange=NSE\symbol=CIPLA\part-041413_044671-004008.parquet,35607,downloaded,35607,
2026-07-17,NSE,CIPLA,raw_l2/trade_date=2026-07-17/exchange=NSE/symbol=CIPLA/part-041427_050092-004040.parquet,real_data_sample\l2_unseen_validation\trade_date=2026-07-17\exchange=NSE\symbol=CIPLA\part-041427_050092-004040.parquet,34444,downloaded,34444,
2026-07-17,NSE,CIPLA,raw_l2/trade_date=2026-07-17/exchange=NSE/symbol=CIPLA/part-041441_075654-004072.parquet,real_data_sample\l2_unseen_validation\trade_date=2026-07-17\exchange=NSE\symbol=CIPLA\part-041441_075654-004072.parquet,34459,downloaded,34459,
2026-07-17,NSE,CIPLA,raw_l2/trade_date=2026-07-17/exchange=NSE/symbol=CIPLA/part-041522_837534-004168.parquet,real_data_sample\l2_unseen_validation\trade_date=2026-07-17\exchange=NSE\symbol=CIPLA\part-041522_837534-004168.parquet,34442,downloaded,34442,
2026-07-17,NSE,CIPLA,raw_l2/trade_date=2026-07-17/exchange=NSE/symbol=CIPLA/part-041509_048450-004136.parquet,real_data_sample\l2_unseen_validation\trade_date=2026-07-17\exchange=NSE\symbol=CIPLA\part-041509_048450-004136.parquet,34459,downloaded,34459,
2026-07-17,NSE,CIPLA,raw_l2/trade_date=2026-07-17/exchange=NSE/symbol=CIPLA/part-041455_021822-004104.parquet,real_data_sample\l2_unseen_validation\trade_date=2026-07-17\exchange=NSE\symbol=CIPLA\part-041455_021822-004104.parquet,34382,downloaded,34382,
2026-07-17,NSE,CIPLA,raw_l2/trade_date=2026-07-17/exchange=NSE/symbol=CIPLA/part-041358_895680-003976.parquet,real_data_sample\l2_unseen_validation\trade_date=2026-07-17\exchange=NSE\symbol=CIPLA\part-041358_895680-003976.parquet,35151,downloaded,35151,
2026-07-17,NSE,CIPLA,raw_l2/trade_date=2026-07-17/exchange=NSE/symbol=CIPLA/part-041906_562802-004680.parquet,real_data_sample\l2_unseen_validation\trade_date=2026-07-17\exchange=NSE\symbol=CIPLA\part-041906_562802-004680.parquet,34429,downloaded,34429,
2026-07-17,NSE,CIPLA,raw_l2/trade_date=2026-07-17/exchange=NSE/symbol=CIPLA/part-041852_021187-004648.parquet,real_data_sample\l2_unseen_validation\trade_date=2026-07-17\exchange=NSE\symbol=CIPLA\part-041852_021187-004648.parquet,34478,downloaded,34478,
2026-07-17,NSE,CIPLA,raw_l2/trade_date=2026-07-17/exchange=NSE/symbol=CIPLA/part-042140_285417-005032.parquet,real_data_sample\l2_unseen_validation\trade_date=2026-07-17\exchange=NSE\symbol=CIPLA\part-042140_285417-005032.parquet,34398,downloaded,34398,
2026-07-17,NSE,CIPLA,raw_l2/trade_date=2026-07-17/exchange=NSE/symbol=CIPLA/part-042154_331943-005064.parquet,real_data_sample\l2_unseen_validation\trade_date=2026-07-17\exchange=NSE\symbol=CIPLA\part-042154_331943-005064.parquet,34671,downloaded,34671,
2026-07-17,NSE,CIPLA,raw_l2/trade_date=2026-07-17/exchange=NSE/symbol=CIPLA/part-042222_328666-005128.parquet,real_data_sample\l2_unseen_validation\trade_date=2026-07-17\exchange=NSE\symbol=CIPLA\part-042222_328666-005128.parquet,34650,downloaded,34650,
2026-07-17,NSE,CIPLA,raw_l2/trade_date=2026-07-17/exchange=NSE/symbol=CIPLA/part-042208_282388-005096.parquet,real_data_sample\l2_unseen_validation\trade_date=2026-07-17\exchange=NSE\symbol=CIPLA\part-042208_282388-005096.parquet,34681,downloaded,34681,
2026-07-17,NSE,CIPLA,raw_l2/trade_date=2026-07-17/exchange=NSE/symbol=CIPLA/part-042303_996669-005224.parquet,real_data_sample\l2_unseen_validation\trade_date=2026-07-17\exchange=NSE\symbol=CIPLA\part-042303_996669-005224.parquet,34465,downloaded,34465,
2026-07-17,NSE,CIPLA,raw_l2/trade_date=2026-07-17/exchange=NSE/symbol=CIPLA/part-042318_067216-005256.parquet,real_data_sample\l2_unseen_validation\trade_date=2026-07-17\exchange=NSE\symbol=CIPLA\part-042318_067216-005256.parquet,34695,downloaded,34695,
2026-07-17,NSE,CIPLA,raw_l2/trade_date=2026-07-17/exchange=NSE/symbol=CIPLA/part-042332_029776-005288.parquet,real_data_sample\l2_unseen_validation\trade_date=2026-07-17\exchange=NSE\symbol=CIPLA\part-042332_029776-005288.parquet,34641,downloaded,34641,
2026-07-17,NSE,CIPLA,raw_l2/trade_date=2026-07-17/exchange=NSE/symbol=CIPLA/part-042346_029142-005320.parquet,real_data_sample\l2_unseen_validation\trade_date=2026-07-17\exchange=NSE\symbol=CIPLA\part-042346_029142-005320.parquet,34693,downloaded,34693,
2026-07-17,NSE,CIPLA,raw_l2/trade_date=2026-07-17/exchange=NSE/symbol=CIPLA/part-042413_813935-005384.parquet,real_data_sample\l2_unseen_validation\trade_date=2026-07-17\exchange=NSE\symbol=CIPLA\part-042413_813935-005384.parquet,34734,downloaded,34734,
2026-07-17,NSE,CIPLA,raw_l2/trade_date=2026-07-17/exchange=NSE/symbol=CIPLA/part-042359_999028-005352.parquet,real_data_sample\l2_unseen_validation\trade_date=2026-07-17\exchange=NSE\symbol=CIPLA\part-042359_999028-005352.parquet,34701,downloaded,34701,
2026-07-17,NSE,CIPLA,raw_l2/trade_date=2026-07-17/exchange=NSE/symbol=CIPLA/part-042427_783725-005416.parquet,real_data_sample\l2_unseen_validation\trade_date=2026-07-17\exchange=NSE\symbol=CIPLA\part-042427_783725-005416.parquet,34671,downloaded,34671,
2026-07-17,NSE,CIPLA,raw_l2/trade_date=2026-07-17/exchange=NSE/symbol=CIPLA/part-042441_844305-005448.parquet,real_data_sample\l2_unseen_validation\trade_date=2026-07-17\exchange=NSE\symbol=CIPLA\part-042441_844305-005448.parquet,34537,downloaded,34537,
2026-07-17,NSE,CIPLA,raw_l2/trade_date=2026-07-17/exchange=NSE/symbol=CIPLA/part-042509_284341-005512.parquet,real_data_sample\l2_unseen_validation\trade_date=2026-07-17\exchange=NSE\symbol=CIPLA\part-042509_284341-005512.parquet,34686,downloaded,34686,
2026-07-17,NSE,CIPLA,raw_l2/trade_date=2026-07-17/exchange=NSE/symbol=CIPLA/part-042455_487908-005480.parquet,real_data_sample\l2_unseen_validation\trade_date=2026-07-17\exchange=NSE\symbol=CIPLA\part-042455_487908-005480.parquet,34484,downloaded,34484,
2026-07-17,NSE,CIPLA,raw_l2/trade_date=2026-07-17/exchange=NSE/symbol=CIPLA/part-042523_111406-005544.parquet,real_data_sample\l2_unseen_validation\trade_date=2026-07-17\exchange=NSE\symbol=CIPLA\part-042523_111406-005544.parquet,34382,downloaded,34382,
2026-07-17,NSE,CIPLA,raw_l2/trade_date=2026-07-17/exchange=NSE/symbol=CIPLA/part-042537_358722-005576.parquet,real_data_sample\l2_unseen_validation\trade_date=2026-07-17\exchange=NSE\symbol=CIPLA\part-042537_358722-005576.parquet,34624,downloaded,34624,
2026-07-17,NSE,CIPLA,raw_l2/trade_date=2026-07-17/exchange=NSE/symbol=CIPLA/part-042551_256515-005608.parquet,real_data_sample\l2_unseen_validation\trade_date=2026-07-17\exchange=NSE\symbol=CIPLA\part-042551_256515-005608.parquet,34613,downloaded,34613,
2026-07-17,NSE,CIPLA,raw_l2/trade_date=2026-07-17/exchange=NSE/symbol=CIPLA/part-042605_382171-005640.parquet,real_data_sample\l2_unseen_validation\trade_date=2026-07-17\exchange=NSE\symbol=CIPLA\part-042605_382171-005640.parquet,34418,downloaded,34418,
2026-07-17,NSE,CIPLA,raw_l2/trade_date=2026-07-17/exchange=NSE/symbol=CIPLA/part-042619_363723-005672.parquet,real_data_sample\l2_unseen_validation\trade_date=2026-07-17\exchange=NSE\symbol=CIPLA\part-042619_363723-005672.parquet,34281,downloaded,34281,
2026-07-17,NSE,CIPLA,raw_l2/trade_date=2026-07-17/exchange=NSE/symbol=CIPLA/part-042633_618165-005704.parquet,real_data_sample\l2_unseen_validation\trade_date=2026-07-17\exchange=NSE\symbol=CIPLA\part-042633_618165-005704.parquet,34324,downloaded,34324,
2026-07-17,NSE,CIPLA,raw_l2/trade_date=2026-07-17/exchange=NSE/symbol=CIPLA/part-042647_542980-005736.parquet,real_data_sample\l2_unseen_validation\trade_date=2026-07-17\exchange=NSE\symbol=CIPLA\part-042647_542980-005736.parquet,34401,downloaded,34401,
2026-07-17,NSE,CIPLA,raw_l2/trade_date=2026-07-17/exchange=NSE/symbol=CIPLA/part-042701_590990-005768.parquet,real_data_sample\l2_unseen_validation\trade_date=2026-07-17\exchange=NSE\symbol=CIPLA\part-042701_590990-005768.parquet,34451,downloaded,34451,
2026-07-17,NSE,CIPLA,raw_l2/trade_date=2026-07-17/exchange=NSE/symbol=CIPLA/part-042715_584948-005800.parquet,real_data_sample\l2_unseen_validation\trade_date=2026-07-17\exchange=NSE\symbol=CIPLA\part-042715_584948-005800.parquet,34532,downloaded,34532,
2026-07-17,NSE,CIPLA,raw_l2/trade_date=2026-07-17/exchange=NSE/symbol=CIPLA/part-042729_655419-005832.parquet,real_data_sample\l2_unseen_validation\trade_date=2026-07-17\exchange=NSE\symbol=CIPLA\part-042729_655419-005832.parquet,34440,downloaded,34440,
2026-07-17,NSE,CIPLA,raw_l2/trade_date=2026-07-17/exchange=NSE/symbol=CIPLA/part-042757_267364-005896.parquet,real_data_sample\l2_unseen_validation\trade_date=2026-07-17\exchange=NSE\symbol=CIPLA\part-042757_267364-005896.parquet,34507,downloaded,34507,
2026-07-17,NSE,CIPLA,raw_l2/trade_date=2026-07-17/exchange=NSE/symbol=CIPLA/part-042743_495073-005864.parquet,real_data_sample\l2_unseen_validation\trade_date=2026-07-17\exchange=NSE\symbol=CIPLA\part-042743_495073-005864.parquet,34448,downloaded,34448,
2026-07-17,NSE,CIPLA,raw_l2/trade_date=2026-07-17/exchange=NSE/symbol=CIPLA/part-042811_038163-005928.parquet,real_data_sample\l2_unseen_validation\trade_date=2026-07-17\exchange=NSE\symbol=CIPLA\part-042811_038163-005928.parquet,34636,downloaded,34636,
2026-07-17,NSE,CIPLA,raw_l2/trade_date=2026-07-17/exchange=NSE/symbol=CIPLA/part-042825_080079-005960.parquet,real_data_sample\l2_unseen_validation\trade_date=2026-07-17\exchange=NSE\symbol=CIPLA\part-042825_080079-005960.parquet,34356,downloaded,34356,
2026-07-17,NSE,CIPLA,raw_l2/trade_date=2026-07-17/exchange=NSE/symbol=CIPLA/part-042839_048860-005992.parquet,real_data_sample\l2_unseen_validation\trade_date=2026-07-17\exchange=NSE\symbol=CIPLA\part-042839_048860-005992.parquet,34534,downloaded,34534,
2026-07-17,NSE,CIPLA,raw_l2/trade_date=2026-07-17/exchange=NSE/symbol=CIPLA/part-042853_011939-006024.parquet,real_data_sample\l2_unseen_validation\trade_date=2026-07-17\exchange=NSE\symbol=CIPLA\part-042853_011939-006024.parquet,34694,downloaded,34694,
2026-07-17,NSE,CIPLA,raw_l2/trade_date=2026-07-17/exchange=NSE/symbol=CIPLA/part-042906_834518-006056.parquet,real_data_sample\l2_unseen_validation\trade_date=2026-07-17\exchange=NSE\symbol=CIPLA\part-042906_834518-006056.parquet,34647,downloaded,34647,
2026-07-17,NSE,CIPLA,raw_l2/trade_date=2026-07-17/exchange=NSE/symbol=CIPLA/part-042920_837882-006088.parquet,real_data_sample\l2_unseen_validation\trade_date=2026-07-17\exchange=NSE\symbol=CIPLA\part-042920_837882-006088.parquet,34445,downloaded,34445,
2026-07-17,NSE,CIPLA,raw_l2/trade_date=2026-07-17/exchange=NSE/symbol=CIPLA/part-042934_825528-006120.parquet,real_data_sample\l2_unseen_validation\trade_date=2026-07-17\exchange=NSE\symbol=CIPLA\part-042934_825528-006120.parquet,34628,downloaded,34628,
2026-07-17,NSE,CIPLA,raw_l2/trade_date=2026-07-17/exchange=NSE/symbol=CIPLA/part-042948_801170-006152.parquet,real_data_sample\l2_unseen_validation\trade_date=2026-07-17\exchange=NSE\symbol=CIPLA\part-042948_801170-006152.parquet,34539,downloaded,34539,
2026-07-17,NSE,CIPLA,raw_l2/trade_date=2026-07-17/exchange=NSE/symbol=CIPLA/part-043002_805248-006184.parquet,real_data_sample\l2_unseen_validation\trade_date=2026-07-17\exchange=NSE\symbol=CIPLA\part-043002_805248-006184.parquet,34385,downloaded,34385,
2026-07-17,NSE,CIPLA,raw_l2/trade_date=2026-07-17/exchange=NSE/symbol=CIPLA/part-043017_074223-006216.parquet,real_data_sample\l2_unseen_validation\trade_date=2026-07-17\exchange=NSE\symbol=CIPLA\part-043017_074223-006216.parquet,34589,downloaded,34589,
2026-07-17,NSE,CIPLA,raw_l2/trade_date=2026-07-17/exchange=NSE/symbol=CIPLA/part-043031_050705-006248.parquet,real_data_sample\l2_unseen_validation\trade_date=2026-07-17\exchange=NSE\symbol=CIPLA\part-043031_050705-006248.parquet,34755,downloaded,34755,
2026-07-17,NSE,CIPLA,raw_l2/trade_date=2026-07-17/exchange=NSE/symbol=CIPLA/part-043044_803062-006280.parquet,real_data_sample\l2_unseen_validation\trade_date=2026-07-17\exchange=NSE\symbol=CIPLA\part-043044_803062-006280.parquet,34583,downloaded,34583,
2026-07-17,NSE,CIPLA,raw_l2/trade_date=2026-07-17/exchange=NSE/symbol=CIPLA/part-043058_518926-006312.parquet,real_data_sample\l2_unseen_validation\trade_date=2026-07-17\exchange=NSE\symbol=CIPLA\part-043058_518926-006312.parquet,34453,downloaded,34453,
2026-07-17,NSE,CIPLA,raw_l2/trade_date=2026-07-17/exchange=NSE/symbol=CIPLA/part-043112_584174-006344.parquet,real_data_sample\l2_unseen_validation\trade_date=2026-07-17\exchange=NSE\symbol=CIPLA\part-043112_584174-006344.parquet,34480,downloaded,34480,
2026-07-17,NSE,CIPLA,raw_l2/trade_date=2026-07-17/exchange=NSE/symbol=CIPLA/part-043154_751342-006440.parquet,real_data_sample\l2_unseen_validation\trade_date=2026-07-17\exchange=NSE\symbol=CIPLA\part-043154_751342-006440.parquet,34353,downloaded,34353,
2026-07-17,NSE,CIPLA,raw_l2/trade_date=2026-07-17/exchange=NSE/symbol=CIPLA/part-043140_875215-006408.parquet,real_data_sample\l2_unseen_validation\trade_date=2026-07-17\exchange=NSE\symbol=CIPLA\part-043140_875215-006408.parquet,34612,downloaded,34612,
2026-07-17,NSE,CIPLA,raw_l2/trade_date=2026-07-17/exchange=NSE/symbol=CIPLA/part-043208_786889-006472.parquet,real_data_sample\l2_unseen_validation\trade_date=2026-07-17\exchange=NSE\symbol=CIPLA\part-043208_786889-006472.parquet,34437,downloaded,34437,
2026-07-17,NSE,CIPLA,raw_l2/trade_date=2026-07-17/exchange=NSE/symbol=CIPLA/part-043237_302673-006536.parquet,real_data_sample\l2_unseen_validation\trade_date=2026-07-17\exchange=NSE\symbol=CIPLA\part-043237_302673-006536.parquet,34718,downloaded,34718,
2026-07-17,NSE,CIPLA,raw_l2/trade_date=2026-07-17/exchange=NSE/symbol=CIPLA/part-043223_104186-006504.parquet,real_data_sample\l2_unseen_validation\trade_date=2026-07-17\exchange=NSE\symbol=CIPLA\part-043223_104186-006504.parquet,34400,downloaded,34400,
2026-07-17,NSE,CIPLA,raw_l2/trade_date=2026-07-17/exchange=NSE/symbol=CIPLA/part-043126_773366-006376.parquet,real_data_sample\l2_unseen_validation\trade_date=2026-07-17\exchange=NSE\symbol=CIPLA\part-043126_773366-006376.parquet,34434,downloaded,34434,
2026-07-17,NSE,CIPLA,raw_l2/trade_date=2026-07-17/exchange=NSE/symbol=CIPLA/part-041838_019323-004616.parquet,real_data_sample\l2_unseen_validation\trade_date=2026-07-17\exchange=NSE\symbol=CIPLA\part-041838_019323-004616.parquet,34461,downloaded,34461,
2026-07-17,NSE,CIPLA,raw_l2/trade_date=2026-07-17/exchange=NSE/symbol=CIPLA/part-041729_024648-004456.parquet,real_data_sample\l2_unseen_validation\trade_date=2026-07-17\exchange=NSE\symbol=CIPLA\part-041729_024648-004456.parquet,34280,downloaded,34280,
2026-07-17,NSE,CIPLA,raw_l2/trade_date=2026-07-17/exchange=NSE/symbol=CIPLA/part-041605_778683-004264.parquet,real_data_sample\l2_unseen_validation\trade_date=2026-07-17\exchange=NSE\symbol=CIPLA\part-041605_778683-004264.parquet,34349,downloaded,34349,
2026-07-17,NSE,CIPLA,raw_l2/trade_date=2026-07-17/exchange=NSE/symbol=CIPLA/part-041647_034737-004360.parquet,real_data_sample\l2_unseen_validation\trade_date=2026-07-17\exchange=NSE\symbol=CIPLA\part-041647_034737-004360.parquet,34482,downloaded,34482,
2026-07-17,NSE,CIPLA,raw_l2/trade_date=2026-07-17/exchange=NSE/symbol=CIPLA/part-041701_010816-004392.parquet,real_data_sample\l2_unseen_validation\trade_date=2026-07-17\exchange=NSE\symbol=CIPLA\part-041701_010816-004392.parquet,34518,downloaded,34518,
2026-07-17,NSE,CIPLA,raw_l2/trade_date=2026-07-17/exchange=NSE/symbol=CIPLA/part-042030_832590-004872.parquet,real_data_sample\l2_unseen_validation\trade_date=2026-07-17\exchange=NSE\symbol=CIPLA\part-042030_832590-004872.parquet,34617,downloaded,34617,
2026-07-17,NSE,CIPLA,raw_l2/trade_date=2026-07-17/exchange=NSE/symbol=CIPLA/part-043319_120403-006632.parquet,real_data_sample\l2_unseen_validation\trade_date=2026-07-17\exchange=NSE\symbol=CIPLA\part-043319_120403-006632.parquet,34323,downloaded,34323,
2026-07-17,NSE,CIPLA,raw_l2/trade_date=2026-07-17/exchange=NSE/symbol=CIPLA/part-043251_248803-006568.parquet,real_data_sample\l2_unseen_validation\trade_date=2026-07-17\exchange=NSE\symbol=CIPLA\part-043251_248803-006568.parquet,34657,downloaded,34657,
2026-07-17,NSE,CIPLA,raw_l2/trade_date=2026-07-17/exchange=NSE/symbol=CIPLA/part-043333_277751-006664.parquet,real_data_sample\l2_unseen_validation\trade_date=2026-07-17\exchange=NSE\symbol=CIPLA\part-043333_277751-006664.parquet,34658,downloaded,34658,
2026-07-17,NSE,CIPLA,raw_l2/trade_date=2026-07-17/exchange=NSE/symbol=CIPLA/part-043401_291512-006728.parquet,real_data_sample\l2_unseen_validation\trade_date=2026-07-17\exchange=NSE\symbol=CIPLA\part-043401_291512-006728.parquet,34624,downloaded,34624,
2026-07-17,NSE,CIPLA,raw_l2/trade_date=2026-07-17/exchange=NSE/symbol=CIPLA/part-043305_054847-006600.parquet,real_data_sample\l2_unseen_validation\trade_date=2026-07-17\exchange=NSE\symbol=CIPLA\part-043305_054847-006600.parquet,34646,downloaded,34646,
2026-07-17,NSE,CIPLA,raw_l2/trade_date=2026-07-17/exchange=NSE/symbol=CIPLA/part-043347_339354-006696.parquet,real_data_sample\l2_unseen_validation\trade_date=2026-07-17\exchange=NSE\symbol=CIPLA\part-043347_339354-006696.parquet,34592,downloaded,34592,
2026-07-17,NSE,CIPLA,raw_l2/trade_date=2026-07-17/exchange=NSE/symbol=CIPLA/part-041551_723141-004232.parquet,real_data_sample\l2_unseen_validation\trade_date=2026-07-17\exchange=NSE\symbol=CIPLA\part-041551_723141-004232.parquet,34464,downloaded,34464,
2026-07-17,NSE,CIPLA,raw_l2/trade_date=2026-07-17/exchange=NSE/symbol=CIPLA/part-041619_514904-004296.parquet,real_data_sample\l2_unseen_validation\trade_date=2026-07-17\exchange=NSE\symbol=CIPLA\part-041619_514904-004296.parquet,34586,downloaded,34586,
2026-07-17,NSE,CIPLA,raw_l2/trade_date=2026-07-17/exchange=NSE/symbol=CIPLA/part-042112_276769-004968.parquet,real_data_sample\l2_unseen_validation\trade_date=2026-07-17\exchange=NSE\symbol=CIPLA\part-042112_276769-004968.parquet,34591,downloaded,34591,
2026-07-17,NSE,CIPLA,raw_l2/trade_date=2026-07-17/exchange=NSE/symbol=CIPLA/part-041756_820039-004520.parquet,real_data_sample\l2_unseen_validation\trade_date=2026-07-17\exchange=NSE\symbol=CIPLA\part-041756_820039-004520.parquet,34397,downloaded,34397,
2026-07-17,NSE,CIPLA,raw_l2/trade_date=2026-07-17/exchange=NSE/symbol=CIPLA/part-041920_873055-004712.parquet,real_data_sample\l2_unseen_validation\trade_date=2026-07-17\exchange=NSE\symbol=CIPLA\part-041920_873055-004712.parquet,34694,downloaded,34694,
2026-07-17,NSE,CIPLA,raw_l2/trade_date=2026-07-17/exchange=NSE/symbol=CIPLA/part-043552_539719-006984.parquet,real_data_sample\l2_unseen_validation\trade_date=2026-07-17\exchange=NSE\symbol=CIPLA\part-043552_539719-006984.parquet,34600,downloaded,34600,
2026-07-17,NSE,CIPLA,raw_l2/trade_date=2026-07-17/exchange=NSE/symbol=CIPLA/part-043429_331405-006792.parquet,real_data_sample\l2_unseen_validation\trade_date=2026-07-17\exchange=NSE\symbol=CIPLA\part-043429_331405-006792.parquet,34379,downloaded,34379,
2026-07-17,NSE,CIPLA,raw_l2/trade_date=2026-07-17/exchange=NSE/symbol=CIPLA/part-043606_544423-007016.parquet,real_data_sample\l2_unseen_validation\trade_date=2026-07-17\exchange=NSE\symbol=CIPLA\part-043606_544423-007016.parquet,34468,downloaded,34468,
2026-07-17,NSE,CIPLA,raw_l2/trade_date=2026-07-17/exchange=NSE/symbol=CIPLA/part-043443_290095-006824.parquet,real_data_sample\l2_unseen_validation\trade_date=2026-07-17\exchange=NSE\symbol=CIPLA\part-043443_290095-006824.parquet,34676,downloaded,34676,
2026-07-17,NSE,CIPLA,raw_l2/trade_date=2026-07-17/exchange=NSE/symbol=CIPLA/part-043648_600469-007112.parquet,real_data_sample\l2_unseen_validation\trade_date=2026-07-17\exchange=NSE\symbol=CIPLA\part-043648_600469-007112.parquet,34603,downloaded,34603,
2026-07-17,NSE,CIPLA,raw_l2/trade_date=2026-07-17/exchange=NSE/symbol=CIPLA/part-042044_789436-004904.parquet,real_data_sample\l2_unseen_validation\trade_date=2026-07-17\exchange=NSE\symbol=CIPLA\part-042044_789436-004904.parquet,34669,downloaded,34669,
2026-07-17,NSE,CIPLA,raw_l2/trade_date=2026-07-17/exchange=NSE/symbol=CIPLA/part-043702_571078-007144.parquet,real_data_sample\l2_unseen_validation\trade_date=2026-07-17\exchange=NSE\symbol=CIPLA\part-043702_571078-007144.parquet,34698,downloaded,34698,
2026-07-17,NSE,CIPLA,raw_l2/trade_date=2026-07-17/exchange=NSE/symbol=CIPLA/part-043854_618098-007400.parquet,real_data_sample\l2_unseen_validation\trade_date=2026-07-17\exchange=NSE\symbol=CIPLA\part-043854_618098-007400.parquet,34664,downloaded,34664,
2026-07-17,NSE,CIPLA,raw_l2/trade_date=2026-07-17/exchange=NSE/symbol=CIPLA/part-043716_525686-007176.parquet,real_data_sample\l2_unseen_validation\trade_date=2026-07-17\exchange=NSE\symbol=CIPLA\part-043716_525686-007176.parquet,34406,downloaded,34406,
2026-07-17,NSE,CIPLA,raw_l2/trade_date=2026-07-17/exchange=NSE/symbol=CIPLA/part-043730_351093-007208.parquet,real_data_sample\l2_unseen_validation\trade_date=2026-07-17\exchange=NSE\symbol=CIPLA\part-043730_351093-007208.parquet,34407,downloaded,34407,
2026-07-17,NSE,CIPLA,raw_l2/trade_date=2026-07-17/exchange=NSE/symbol=CIPLA/part-043908_529094-007432.parquet,real_data_sample\l2_unseen_validation\trade_date=2026-07-17\exchange=NSE\symbol=CIPLA\part-043908_529094-007432.parquet,34434,downloaded,34434,
2026-07-17,NSE,CIPLA,raw_l2/trade_date=2026-07-17/exchange=NSE/symbol=CIPLA/part-043758_014000-007272.parquet,real_data_sample\l2_unseen_validation\trade_date=2026-07-17\exchange=NSE\symbol=CIPLA\part-043758_014000-007272.parquet,34551,downloaded,34551,
2026-07-17,NSE,CIPLA,raw_l2/trade_date=2026-07-17/exchange=NSE/symbol=CIPLA/part-043826_457356-007336.parquet,real_data_sample\l2_unseen_validation\trade_date=2026-07-17\exchange=NSE\symbol=CIPLA\part-043826_457356-007336.parquet,34679,downloaded,34679,
2026-07-17,NSE,CIPLA,raw_l2/trade_date=2026-07-17/exchange=NSE/symbol=CIPLA/part-043744_310967-007240.parquet,real_data_sample\l2_unseen_validation\trade_date=2026-07-17\exchange=NSE\symbol=CIPLA\part-043744_310967-007240.parquet,34458,downloaded,34458,
2026-07-17,NSE,CIPLA,raw_l2/trade_date=2026-07-17/exchange=NSE/symbol=CIPLA/part-043811_788681-007304.parquet,real_data_sample\l2_unseen_validation\trade_date=2026-07-17\exchange=NSE\symbol=CIPLA\part-043811_788681-007304.parquet,34539,downloaded,34539,
2026-07-17,NSE,CIPLA,raw_l2/trade_date=2026-07-17/exchange=NSE/symbol=CIPLA/part-043840_546143-007368.parquet,real_data_sample\l2_unseen_validation\trade_date=2026-07-17\exchange=NSE\symbol=CIPLA\part-043840_546143-007368.parquet,34434,downloaded,34434,
2026-07-17,NSE,CIPLA,raw_l2/trade_date=2026-07-17/exchange=NSE/symbol=CIPLA/part-043922_221633-007464.parquet,real_data_sample\l2_unseen_validation\trade_date=2026-07-17\exchange=NSE\symbol=CIPLA\part-043922_221633-007464.parquet,34450,downloaded,34450,
2026-07-17,NSE,CIPLA,raw_l2/trade_date=2026-07-17/exchange=NSE/symbol=CIPLA/part-043935_735695-007496.parquet,real_data_sample\l2_unseen_validation\trade_date=2026-07-17\exchange=NSE\symbol=CIPLA\part-043935_735695-007496.parquet,34626,downloaded,34626,
2026-07-17,NSE,CIPLA,raw_l2/trade_date=2026-07-17/exchange=NSE/symbol=CIPLA/part-043949_588894-007528.parquet,real_data_sample\l2_unseen_validation\trade_date=2026-07-17\exchange=NSE\symbol=CIPLA\part-043949_588894-007528.parquet,34603,downloaded,34603,
2026-07-17,NSE,CIPLA,raw_l2/trade_date=2026-07-17/exchange=NSE/symbol=CIPLA/part-044003_255368-007560.parquet,real_data_sample\l2_unseen_validation\trade_date=2026-07-17\exchange=NSE\symbol=CIPLA\part-044003_255368-007560.parquet,34606,downloaded,34606,
2026-07-17,NSE,CIPLA,raw_l2/trade_date=2026-07-17/exchange=NSE/symbol=CIPLA/part-044017_017331-007592.parquet,real_data_sample\l2_unseen_validation\trade_date=2026-07-17\exchange=NSE\symbol=CIPLA\part-044017_017331-007592.parquet,34465,downloaded,34465,
2026-07-17,NSE,CIPLA,raw_l2/trade_date=2026-07-17/exchange=NSE/symbol=CIPLA/part-044030_782536-007624.parquet,real_data_sample\l2_unseen_validation\trade_date=2026-07-17\exchange=NSE\symbol=CIPLA\part-044030_782536-007624.parquet,34432,downloaded,34432,
2026-07-17,NSE,CIPLA,raw_l2/trade_date=2026-07-17/exchange=NSE/symbol=CIPLA/part-044044_492392-007656.parquet,real_data_sample\l2_unseen_validation\trade_date=2026-07-17\exchange=NSE\symbol=CIPLA\part-044044_492392-007656.parquet,34436,downloaded,34436,
2026-07-17,NSE,CIPLA,raw_l2/trade_date=2026-07-17/exchange=NSE/symbol=CIPLA/part-044112_014218-007720.parquet,real_data_sample\l2_unseen_validation\trade_date=2026-07-17\exchange=NSE\symbol=CIPLA\part-044112_014218-007720.parquet,34458,downloaded,34458,
2026-07-17,NSE,CIPLA,raw_l2/trade_date=2026-07-17/exchange=NSE/symbol=CIPLA/part-044058_232495-007688.parquet,real_data_sample\l2_unseen_validation\trade_date=2026-07-17\exchange=NSE\symbol=CIPLA\part-044058_232495-007688.parquet,34626,downloaded,34626,
2026-07-17,NSE,CIPLA,raw_l2/trade_date=2026-07-17/exchange=NSE/symbol=CIPLA/part-044125_755697-007752.parquet,real_data_sample\l2_unseen_validation\trade_date=2026-07-17\exchange=NSE\symbol=CIPLA\part-044125_755697-007752.parquet,34542,downloaded,34542,
2026-07-17,NSE,CIPLA,raw_l2/trade_date=2026-07-17/exchange=NSE/symbol=CIPLA/part-044139_514298-007784.parquet,real_data_sample\l2_unseen_validation\trade_date=2026-07-17\exchange=NSE\symbol=CIPLA\part-044139_514298-007784.parquet,34375,downloaded,34375,
2026-07-17,NSE,CIPLA,raw_l2/trade_date=2026-07-17/exchange=NSE/symbol=CIPLA/part-044153_261128-007816.parquet,real_data_sample\l2_unseen_validation\trade_date=2026-07-17\exchange=NSE\symbol=CIPLA\part-044153_261128-007816.parquet,34632,downloaded,34632,
2026-07-17,NSE,CIPLA,raw_l2/trade_date=2026-07-17/exchange=NSE/symbol=CIPLA/part-044248_746908-007944.parquet,real_data_sample\l2_unseen_validation\trade_date=2026-07-17\exchange=NSE\symbol=CIPLA\part-044248_746908-007944.parquet,34655,downloaded,34655,
2026-07-17,NSE,CIPLA,raw_l2/trade_date=2026-07-17/exchange=NSE/symbol=CIPLA/part-044316_542820-008008.parquet,real_data_sample\l2_unseen_validation\trade_date=2026-07-17\exchange=NSE\symbol=CIPLA\part-044316_542820-008008.parquet,34946,downloaded,34946,
2026-07-17,NSE,CIPLA,raw_l2/trade_date=2026-07-17/exchange=NSE/symbol=CIPLA/part-044330_391705-008040.parquet,real_data_sample\l2_unseen_validation\trade_date=2026-07-17\exchange=NSE\symbol=CIPLA\part-044330_391705-008040.parquet,35107,downloaded,35107,
2026-07-17,NSE,CIPLA,raw_l2/trade_date=2026-07-17/exchange=NSE/symbol=CIPLA/part-044302_529350-007976.parquet,real_data_sample\l2_unseen_validation\trade_date=2026-07-17\exchange=NSE\symbol=CIPLA\part-044302_529350-007976.parquet,34427,downloaded,34427,
2026-07-17,NSE,CIPLA,raw_l2/trade_date=2026-07-17/exchange=NSE/symbol=CIPLA/part-044358_050696-008104.parquet,real_data_sample\l2_unseen_validation\trade_date=2026-07-17\exchange=NSE\symbol=CIPLA\part-044358_050696-008104.parquet,35391,downloaded,35391,
2026-07-17,NSE,CIPLA,raw_l2/trade_date=2026-07-17/exchange=NSE/symbol=CIPLA/part-044344_246494-008072.parquet,real_data_sample\l2_unseen_validation\trade_date=2026-07-17\exchange=NSE\symbol=CIPLA\part-044344_246494-008072.parquet,35445,downloaded,35445,
2026-07-17,NSE,CIPLA,raw_l2/trade_date=2026-07-17/exchange=NSE/symbol=CIPLA/part-044206_994732-007848.parquet,real_data_sample\l2_unseen_validation\trade_date=2026-07-17\exchange=NSE\symbol=CIPLA\part-044206_994732-007848.parquet,34381,downloaded,34381,
2026-07-17,NSE,CIPLA,raw_l2/trade_date=2026-07-17/exchange=NSE/symbol=CIPLA/part-044234_756672-007912.parquet,real_data_sample\l2_unseen_validation\trade_date=2026-07-17\exchange=NSE\symbol=CIPLA\part-044234_756672-007912.parquet,34783,downloaded,34783,
2026-07-17,NSE,CIPLA,raw_l2/trade_date=2026-07-17/exchange=NSE/symbol=CIPLA/part-044220_757791-007880.parquet,real_data_sample\l2_unseen_validation\trade_date=2026-07-17\exchange=NSE\symbol=CIPLA\part-044220_757791-007880.parquet,34495,downloaded,34495,
2026-07-17,NSE,CIPLA,raw_l2/trade_date=2026-07-17/exchange=NSE/symbol=CIPLA/part-044411_776108-008136.parquet,real_data_sample\l2_unseen_validation\trade_date=2026-07-17\exchange=NSE\symbol=CIPLA\part-044411_776108-008136.parquet,35563,downloaded,35563,
2026-07-17,NSE,CIPLA,raw_l2/trade_date=2026-07-17/exchange=NSE/symbol=CIPLA/part-044425_504896-008168.parquet,real_data_sample\l2_unseen_validation\trade_date=2026-07-17\exchange=NSE\symbol=CIPLA\part-044425_504896-008168.parquet,34554,downloaded,34554,
2026-07-17,NSE,CIPLA,raw_l2/trade_date=2026-07-17/exchange=NSE/symbol=CIPLA/part-044439_269290-008200.parquet,real_data_sample\l2_unseen_validation\trade_date=2026-07-17\exchange=NSE\symbol=CIPLA\part-044439_269290-008200.parquet,34417,downloaded,34417,
2026-07-17,NSE,CIPLA,raw_l2/trade_date=2026-07-17/exchange=NSE/symbol=CIPLA/part-044507_019595-008264.parquet,real_data_sample\l2_unseen_validation\trade_date=2026-07-17\exchange=NSE\symbol=CIPLA\part-044507_019595-008264.parquet,34641,downloaded,34641,
2026-07-17,NSE,CIPLA,raw_l2/trade_date=2026-07-17/exchange=NSE/symbol=CIPLA/part-044453_263162-008232.parquet,real_data_sample\l2_unseen_validation\trade_date=2026-07-17\exchange=NSE\symbol=CIPLA\part-044453_263162-008232.parquet,34400,downloaded,34400,
2026-07-17,NSE,CIPLA,raw_l2/trade_date=2026-07-17/exchange=NSE/symbol=CIPLA/part-044534_501942-008328.parquet,real_data_sample\l2_unseen_validation\trade_date=2026-07-17\exchange=NSE\symbol=CIPLA\part-044534_501942-008328.parquet,34486,downloaded,34486,
2026-07-17,NSE,CIPLA,raw_l2/trade_date=2026-07-17/exchange=NSE/symbol=CIPLA/part-044602_064923-008392.parquet,real_data_sample\l2_unseen_validation\trade_date=2026-07-17\exchange=NSE\symbol=CIPLA\part-044602_064923-008392.parquet,34647,downloaded,34647,
2026-07-17,NSE,CIPLA,raw_l2/trade_date=2026-07-17/exchange=NSE/symbol=CIPLA/part-044616_021114-008424.parquet,real_data_sample\l2_unseen_validation\trade_date=2026-07-17\exchange=NSE\symbol=CIPLA\part-044616_021114-008424.parquet,34774,downloaded,34774,
2026-07-17,NSE,CIPLA,raw_l2/trade_date=2026-07-17/exchange=NSE/symbol=CIPLA/part-044520_756201-008296.parquet,real_data_sample\l2_unseen_validation\trade_date=2026-07-17\exchange=NSE\symbol=CIPLA\part-044520_756201-008296.parquet,34407,downloaded,34407,
2026-07-17,NSE,CIPLA,raw_l2/trade_date=2026-07-17/exchange=NSE/symbol=CIPLA/part-044548_247543-008360.parquet,real_data_sample\l2_unseen_validation\trade_date=2026-07-17\exchange=NSE\symbol=CIPLA\part-044548_247543-008360.parquet,34714,downloaded,34714,
2026-07-17,NSE,CIPLA,raw_l2/trade_date=2026-07-17/exchange=NSE/symbol=CIPLA/part-044629_755543-008456.parquet,real_data_sample\l2_unseen_validation\trade_date=2026-07-17\exchange=NSE\symbol=CIPLA\part-044629_755543-008456.parquet,34464,downloaded,34464,
2026-07-17,NSE,CIPLA,raw_l2/trade_date=2026-07-17/exchange=NSE/symbol=CIPLA/part-044643_597940-008488.parquet,real_data_sample\l2_unseen_validation\trade_date=2026-07-17\exchange=NSE\symbol=CIPLA\part-044643_597940-008488.parquet,34258,downloaded,34258,
2026-07-17,NSE,CIPLA,raw_l2/trade_date=2026-07-17/exchange=NSE/symbol=CIPLA/part-041742_991058-004488.parquet,real_data_sample\l2_unseen_validation\trade_date=2026-07-17\exchange=NSE\symbol=CIPLA\part-041742_991058-004488.parquet,34571,downloaded,34571,
2026-07-17,NSE,CIPLA,raw_l2/trade_date=2026-07-17/exchange=NSE/symbol=CIPLA/part-044657_509801-008520.parquet,real_data_sample\l2_unseen_validation\trade_date=2026-07-17\exchange=NSE\symbol=CIPLA\part-044657_509801-008520.parquet,34469,downloaded,34469,
2026-07-17,NSE,CIPLA,raw_l2/trade_date=2026-07-17/exchange=NSE/symbol=CIPLA/part-041935_054952-004744.parquet,real_data_sample\l2_unseen_validation\trade_date=2026-07-17\exchange=NSE\symbol=CIPLA\part-041935_054952-004744.parquet,34642,downloaded,34642,
2026-07-17,NSE,CIPLA,raw_l2/trade_date=2026-07-17/exchange=NSE/symbol=CIPLA/part-044725_018323-008584.parquet,real_data_sample\l2_unseen_validation\trade_date=2026-07-17\exchange=NSE\symbol=CIPLA\part-044725_018323-008584.parquet,34717,downloaded,34717,
2026-07-17,NSE,CIPLA,raw_l2/trade_date=2026-07-17/exchange=NSE/symbol=CIPLA/part-044752_996754-008648.parquet,real_data_sample\l2_unseen_validation\trade_date=2026-07-17\exchange=NSE\symbol=CIPLA\part-044752_996754-008648.parquet,34623,downloaded,34623,
2026-07-17,NSE,CIPLA,raw_l2/trade_date=2026-07-17/exchange=NSE/symbol=CIPLA/part-044711_280285-008552.parquet,real_data_sample\l2_unseen_validation\trade_date=2026-07-17\exchange=NSE\symbol=CIPLA\part-044711_280285-008552.parquet,34301,downloaded,34301,
2026-07-17,NSE,CIPLA,raw_l2/trade_date=2026-07-17/exchange=NSE/symbol=CIPLA/part-044738_920076-008616.parquet,real_data_sample\l2_unseen_validation\trade_date=2026-07-17\exchange=NSE\symbol=CIPLA\part-044738_920076-008616.parquet,34438,downloaded,34438,
2026-07-17,NSE,CIPLA,raw_l2/trade_date=2026-07-17/exchange=NSE/symbol=CIPLA/part-042017_066448-004840.parquet,real_data_sample\l2_unseen_validation\trade_date=2026-07-17\exchange=NSE\symbol=CIPLA\part-042017_066448-004840.parquet,34439,downloaded,34439,
2026-07-17,NSE,CIPLA,raw_l2/trade_date=2026-07-17/exchange=NSE/symbol=CIPLA/part-041810_495312-004552.parquet,real_data_sample\l2_unseen_validation\trade_date=2026-07-17\exchange=NSE\symbol=CIPLA\part-041810_495312-004552.parquet,34589,downloaded,34589,
2026-07-17,NSE,CIPLA,raw_l2/trade_date=2026-07-17/exchange=NSE/symbol=CIPLA/part-041633_245590-004328.parquet,real_data_sample\l2_unseen_validation\trade_date=2026-07-17\exchange=NSE\symbol=CIPLA\part-041633_245590-004328.parquet,34391,downloaded,34391,
2026-07-17,NSE,CIPLA,raw_l2/trade_date=2026-07-17/exchange=NSE/symbol=CIPLA/part-044834_532896-008744.parquet,real_data_sample\l2_unseen_validation\trade_date=2026-07-17\exchange=NSE\symbol=CIPLA\part-044834_532896-008744.parquet,34613,downloaded,34613,
2026-07-17,NSE,CIPLA,raw_l2/trade_date=2026-07-17/exchange=NSE/symbol=CIPLA/part-044820_535462-008712.parquet,real_data_sample\l2_unseen_validation\trade_date=2026-07-17\exchange=NSE\symbol=CIPLA\part-044820_535462-008712.parquet,34704,downloaded,34704,
2026-07-17,NSE,CIPLA,raw_l2/trade_date=2026-07-17/exchange=NSE/symbol=CIPLA/part-042236_262186-005160.parquet,real_data_sample\l2_unseen_validation\trade_date=2026-07-17\exchange=NSE\symbol=CIPLA\part-042236_262186-005160.parquet,34531,downloaded,34531,
2026-07-17,NSE,CIPLA,raw_l2/trade_date=2026-07-17/exchange=NSE/symbol=CIPLA/part-042126_065734-005000.parquet,real_data_sample\l2_unseen_validation\trade_date=2026-07-17\exchange=NSE\symbol=CIPLA\part-042126_065734-005000.parquet,34613,downloaded,34613,
2026-07-17,NSE,CIPLA,raw_l2/trade_date=2026-07-17/exchange=NSE/symbol=CIPLA/part-044806_753134-008680.parquet,real_data_sample\l2_unseen_validation\trade_date=2026-07-17\exchange=NSE\symbol=CIPLA\part-044806_753134-008680.parquet,34328,downloaded,34328,
2026-07-17,NSE,CIPLA,raw_l2/trade_date=2026-07-17/exchange=NSE/symbol=CIPLA/part-043538_512397-006952.parquet,real_data_sample\l2_unseen_validation\trade_date=2026-07-17\exchange=NSE\symbol=CIPLA\part-043538_512397-006952.parquet,34778,downloaded,34778,
2026-07-17,NSE,CIPLA,raw_l2/trade_date=2026-07-17/exchange=NSE/symbol=CIPLA/part-044943_260444-008904.parquet,real_data_sample\l2_unseen_validation\trade_date=2026-07-17\exchange=NSE\symbol=CIPLA\part-044943_260444-008904.parquet,34592,downloaded,34592,
2026-07-17,NSE,CIPLA,raw_l2/trade_date=2026-07-17/exchange=NSE/symbol=CIPLA/part-044848_232500-008776.parquet,real_data_sample\l2_unseen_validation\trade_date=2026-07-17\exchange=NSE\symbol=CIPLA\part-044848_232500-008776.parquet,34641,downloaded,34641,
2026-07-17,NSE,CIPLA,raw_l2/trade_date=2026-07-17/exchange=NSE/symbol=CIPLA/part-044915_771377-008840.parquet,real_data_sample\l2_unseen_validation\trade_date=2026-07-17\exchange=NSE\symbol=CIPLA\part-044915_771377-008840.parquet,34352,downloaded,34352,
2026-07-17,NSE,CIPLA,raw_l2/trade_date=2026-07-17/exchange=NSE/symbol=CIPLA/part-044902_046218-008808.parquet,real_data_sample\l2_unseen_validation\trade_date=2026-07-17\exchange=NSE\symbol=CIPLA\part-044902_046218-008808.parquet,34690,downloaded,34690,
2026-07-17,NSE,CIPLA,raw_l2/trade_date=2026-07-17/exchange=NSE/symbol=CIPLA/part-045010_745838-008968.parquet,real_data_sample\l2_unseen_validation\trade_date=2026-07-17\exchange=NSE\symbol=CIPLA\part-045010_745838-008968.parquet,34441,downloaded,34441,
2026-07-17,NSE,CIPLA,raw_l2/trade_date=2026-07-17/exchange=NSE/symbol=CIPLA/part-045024_468664-009000.parquet,real_data_sample\l2_unseen_validation\trade_date=2026-07-17\exchange=NSE\symbol=CIPLA\part-045024_468664-009000.parquet,34464,downloaded,34464,
2026-07-17,NSE,CIPLA,raw_l2/trade_date=2026-07-17/exchange=NSE/symbol=CIPLA/part-045051_734401-009064.parquet,real_data_sample\l2_unseen_validation\trade_date=2026-07-17\exchange=NSE\symbol=CIPLA\part-045051_734401-009064.parquet,34702,downloaded,34702,
2026-07-17,NSE,CIPLA,raw_l2/trade_date=2026-07-17/exchange=NSE/symbol=CIPLA/part-045038_014786-009032.parquet,real_data_sample\l2_unseen_validation\trade_date=2026-07-17\exchange=NSE\symbol=CIPLA\part-045038_014786-009032.parquet,34709,downloaded,34709,
2026-07-17,NSE,CIPLA,raw_l2/trade_date=2026-07-17/exchange=NSE/symbol=CIPLA/part-043620_519919-007048.parquet,real_data_sample\l2_unseen_validation\trade_date=2026-07-17\exchange=NSE\symbol=CIPLA\part-043620_519919-007048.parquet,34373,downloaded,34373,
2026-07-17,NSE,CIPLA,raw_l2/trade_date=2026-07-17/exchange=NSE/symbol=CIPLA/part-041824_260786-004584.parquet,real_data_sample\l2_unseen_validation\trade_date=2026-07-17\exchange=NSE\symbol=CIPLA\part-041824_260786-004584.parquet,34526,downloaded,34526,
2026-07-17,NSE,CIPLA,raw_l2/trade_date=2026-07-17/exchange=NSE/symbol=CIPLA/part-042250_039470-005192.parquet,real_data_sample\l2_unseen_validation\trade_date=2026-07-17\exchange=NSE\symbol=CIPLA\part-042250_039470-005192.parquet,34306,downloaded,34306,
2026-07-17,NSE,CIPLA,raw_l2/trade_date=2026-07-17/exchange=NSE/symbol=CIPLA/part-045311_027763-009384.parquet,real_data_sample\l2_unseen_validation\trade_date=2026-07-17\exchange=NSE\symbol=CIPLA\part-045311_027763-009384.parquet,34335,downloaded,34335,
2026-07-17,NSE,CIPLA,raw_l2/trade_date=2026-07-17/exchange=NSE/symbol=CIPLA/part-045352_812623-009480.parquet,real_data_sample\l2_unseen_validation\trade_date=2026-07-17\exchange=NSE\symbol=CIPLA\part-045352_812623-009480.parquet,34692,downloaded,34692,
2026-07-17,NSE,CIPLA,raw_l2/trade_date=2026-07-17/exchange=NSE/symbol=CIPLA/part-045243_012533-009320.parquet,real_data_sample\l2_unseen_validation\trade_date=2026-07-17\exchange=NSE\symbol=CIPLA\part-045243_012533-009320.parquet,34575,downloaded,34575,
2026-07-17,NSE,CIPLA,raw_l2/trade_date=2026-07-17/exchange=NSE/symbol=CIPLA/part-045257_041908-009352.parquet,real_data_sample\l2_unseen_validation\trade_date=2026-07-17\exchange=NSE\symbol=CIPLA\part-045257_041908-009352.parquet,34583,downloaded,34583,
2026-07-17,NSE,CIPLA,raw_l2/trade_date=2026-07-17/exchange=NSE/symbol=CIPLA/part-045325_065580-009416.parquet,real_data_sample\l2_unseen_validation\trade_date=2026-07-17\exchange=NSE\symbol=CIPLA\part-045325_065580-009416.parquet,34853,downloaded,34853,
2026-07-17,NSE,CIPLA,raw_l2/trade_date=2026-07-17/exchange=NSE/symbol=CIPLA/part-045201_589786-009224.parquet,real_data_sample\l2_unseen_validation\trade_date=2026-07-17\exchange=NSE\symbol=CIPLA\part-045201_589786-009224.parquet,34694,downloaded,34694,
2026-07-17,NSE,CIPLA,raw_l2/trade_date=2026-07-17/exchange=NSE/symbol=CIPLA/part-045338_776436-009448.parquet,real_data_sample\l2_unseen_validation\trade_date=2026-07-17\exchange=NSE\symbol=CIPLA\part-045338_776436-009448.parquet,34722,downloaded,34722,
2026-07-17,NSE,CIPLA,raw_l2/trade_date=2026-07-17/exchange=NSE/symbol=CIPLA/part-045147_524379-009192.parquet,real_data_sample\l2_unseen_validation\trade_date=2026-07-17\exchange=NSE\symbol=CIPLA\part-045147_524379-009192.parquet,34589,downloaded,34589,
2026-07-17,NSE,CIPLA,raw_l2/trade_date=2026-07-17/exchange=NSE/symbol=CIPLA/part-043634_424849-007080.parquet,real_data_sample\l2_unseen_validation\trade_date=2026-07-17\exchange=NSE\symbol=CIPLA\part-043634_424849-007080.parquet,34259,downloaded,34259,
2026-07-17,NSE,CIPLA,raw_l2/trade_date=2026-07-17/exchange=NSE/symbol=CIPLA/part-045448_832707-009608.parquet,real_data_sample\l2_unseen_validation\trade_date=2026-07-17\exchange=NSE\symbol=CIPLA\part-045448_832707-009608.parquet,34591,downloaded,34591,
2026-07-17,NSE,CIPLA,raw_l2/trade_date=2026-07-17/exchange=NSE/symbol=CIPLA/part-045420_848492-009544.parquet,real_data_sample\l2_unseen_validation\trade_date=2026-07-17\exchange=NSE\symbol=CIPLA\part-045420_848492-009544.parquet,34440,downloaded,34440,
2026-07-17,NSE,CIPLA,raw_l2/trade_date=2026-07-17/exchange=NSE/symbol=CIPLA/part-043415_402786-006760.parquet,real_data_sample\l2_unseen_validation\trade_date=2026-07-17\exchange=NSE\symbol=CIPLA\part-043415_402786-006760.parquet,34517,downloaded,34517,
2026-07-17,NSE,CIPLA,raw_l2/trade_date=2026-07-17/exchange=NSE/symbol=CIPLA/part-045502_843077-009640.parquet,real_data_sample\l2_unseen_validation\trade_date=2026-07-17\exchange=NSE\symbol=CIPLA\part-045502_843077-009640.parquet,34622,downloaded,34622,
2026-07-17,NSE,CIPLA,raw_l2/trade_date=2026-07-17/exchange=NSE/symbol=CIPLA/part-045434_801583-009576.parquet,real_data_sample\l2_unseen_validation\trade_date=2026-07-17\exchange=NSE\symbol=CIPLA\part-045434_801583-009576.parquet,34493,downloaded,34493,
2026-07-17,NSE,CIPLA,raw_l2/trade_date=2026-07-17/exchange=NSE/symbol=CIPLA/part-045406_854198-009512.parquet,real_data_sample\l2_unseen_validation\trade_date=2026-07-17\exchange=NSE\symbol=CIPLA\part-045406_854198-009512.parquet,34558,downloaded,34558,
2026-07-17,NSE,CIPLA,raw_l2/trade_date=2026-07-17/exchange=NSE/symbol=CIPLA/part-043457_047109-006856.parquet,real_data_sample\l2_unseen_validation\trade_date=2026-07-17\exchange=NSE\symbol=CIPLA\part-043457_047109-006856.parquet,34682,downloaded,34682,
2026-07-17,NSE,CIPLA,raw_l2/trade_date=2026-07-17/exchange=NSE/symbol=CIPLA/part-044929_501905-008872.parquet,real_data_sample\l2_unseen_validation\trade_date=2026-07-17\exchange=NSE\symbol=CIPLA\part-044929_501905-008872.parquet,34415,downloaded,34415,
2026-07-17,NSE,CIPLA,raw_l2/trade_date=2026-07-17/exchange=NSE/symbol=CIPLA/part-045545_059242-009736.parquet,real_data_sample\l2_unseen_validation\trade_date=2026-07-17\exchange=NSE\symbol=CIPLA\part-045545_059242-009736.parquet,34567,downloaded,34567,
2026-07-17,NSE,CIPLA,raw_l2/trade_date=2026-07-17/exchange=NSE/symbol=CIPLA/part-043510_788105-006888.parquet,real_data_sample\l2_unseen_validation\trade_date=2026-07-17\exchange=NSE\symbol=CIPLA\part-043510_788105-006888.parquet,34579,downloaded,34579,
2026-07-17,NSE,CIPLA,raw_l2/trade_date=2026-07-17/exchange=NSE/symbol=CIPLA/part-044957_020186-008936.parquet,real_data_sample\l2_unseen_validation\trade_date=2026-07-17\exchange=NSE\symbol=CIPLA\part-044957_020186-008936.parquet,34589,downloaded,34589,
2026-07-17,NSE,CIPLA,raw_l2/trade_date=2026-07-17/exchange=NSE/symbol=CIPLA/part-043524_812042-006920.parquet,real_data_sample\l2_unseen_validation\trade_date=2026-07-17\exchange=NSE\symbol=CIPLA\part-043524_812042-006920.parquet,34521,downloaded,34521,
2026-07-17,NSE,CIPLA,raw_l2/trade_date=2026-07-17/exchange=NSE/symbol=CIPLA/part-041714_746790-004424.parquet,real_data_sample\l2_unseen_validation\trade_date=2026-07-17\exchange=NSE\symbol=CIPLA\part-041714_746790-004424.parquet,34564,downloaded,34564,
2026-07-17,NSE,CIPLA,raw_l2/trade_date=2026-07-17/exchange=NSE/symbol=CIPLA/part-045559_041978-009768.parquet,real_data_sample\l2_unseen_validation\trade_date=2026-07-17\exchange=NSE\symbol=CIPLA\part-045559_041978-009768.parquet,34622,downloaded,34622,
2026-07-17,NSE,CIPLA,raw_l2/trade_date=2026-07-17/exchange=NSE/symbol=CIPLA/part-045613_057425-009800.parquet,real_data_sample\l2_unseen_validation\trade_date=2026-07-17\exchange=NSE\symbol=CIPLA\part-045613_057425-009800.parquet,34311,downloaded,34311,
2026-07-17,NSE,CIPLA,raw_l2/trade_date=2026-07-17/exchange=NSE/symbol=CIPLA/part-045627_149896-009832.parquet,real_data_sample\l2_unseen_validation\trade_date=2026-07-17\exchange=NSE\symbol=CIPLA\part-045627_149896-009832.parquet,34450,downloaded,34450,
2026-07-17,NSE,CIPLA,raw_l2/trade_date=2026-07-17/exchange=NSE/symbol=CIPLA/part-045641_333997-009864.parquet,real_data_sample\l2_unseen_validation\trade_date=2026-07-17\exchange=NSE\symbol=CIPLA\part-045641_333997-009864.parquet,34448,downloaded,34448,
2026-07-17,NSE,CIPLA,raw_l2/trade_date=2026-07-17/exchange=NSE/symbol=CIPLA/part-041949_077485-004776.parquet,real_data_sample\l2_unseen_validation\trade_date=2026-07-17\exchange=NSE\symbol=CIPLA\part-041949_077485-004776.parquet,34609,downloaded,34609,
2026-07-17,NSE,CIPLA,raw_l2/trade_date=2026-07-17/exchange=NSE/symbol=CIPLA/part-045709_677165-009928.parquet,real_data_sample\l2_unseen_validation\trade_date=2026-07-17\exchange=NSE\symbol=CIPLA\part-045709_677165-009928.parquet,34635,downloaded,34635,
2026-07-17,NSE,CIPLA,raw_l2/trade_date=2026-07-17/exchange=NSE/symbol=CIPLA/part-045752_297850-010024.parquet,real_data_sample\l2_unseen_validation\trade_date=2026-07-17\exchange=NSE\symbol=CIPLA\part-045752_297850-010024.parquet,34741,downloaded,34741,
2026-07-17,NSE,CIPLA,raw_l2/trade_date=2026-07-17/exchange=NSE/symbol=CIPLA/part-042058_489772-004936.parquet,real_data_sample\l2_unseen_validation\trade_date=2026-07-17\exchange=NSE\symbol=CIPLA\part-042058_489772-004936.parquet,34486,downloaded,34486,
2026-07-17,NSE,CIPLA,raw_l2/trade_date=2026-07-17/exchange=NSE/symbol=CIPLA/part-045738_076406-009992.parquet,real_data_sample\l2_unseen_validation\trade_date=2026-07-17\exchange=NSE\symbol=CIPLA\part-045738_076406-009992.parquet,34442,downloaded,34442,
2026-07-17,NSE,CIPLA,raw_l2/trade_date=2026-07-17/exchange=NSE/symbol=CIPLA/part-045655_793263-009896.parquet,real_data_sample\l2_unseen_validation\trade_date=2026-07-17\exchange=NSE\symbol=CIPLA\part-045655_793263-009896.parquet,34320,downloaded,34320,
2026-07-17,NSE,CIPLA,raw_l2/trade_date=2026-07-17/exchange=NSE/symbol=CIPLA/part-045902_754289-010184.parquet,real_data_sample\l2_unseen_validation\trade_date=2026-07-17\exchange=NSE\symbol=CIPLA\part-045902_754289-010184.parquet,34509,downloaded,34509,
2026-07-17,NSE,CIPLA,raw_l2/trade_date=2026-07-17/exchange=NSE/symbol=CIPLA/part-045820_518693-010088.parquet,real_data_sample\l2_unseen_validation\trade_date=2026-07-17\exchange=NSE\symbol=CIPLA\part-045820_518693-010088.parquet,34572,downloaded,34572,
2026-07-17,NSE,CIPLA,raw_l2/trade_date=2026-07-17/exchange=NSE/symbol=CIPLA/part-041536_738291-004200.parquet,real_data_sample\l2_unseen_validation\trade_date=2026-07-17\exchange=NSE\symbol=CIPLA\part-041536_738291-004200.parquet,34508,downloaded,34508,
2026-07-17,NSE,CIPLA,raw_l2/trade_date=2026-07-17/exchange=NSE/symbol=CIPLA/part-045724_076889-009960.parquet,real_data_sample\l2_unseen_validation\trade_date=2026-07-17\exchange=NSE\symbol=CIPLA\part-045724_076889-009960.parquet,34234,downloaded,34234,
2026-07-17,NSE,CIPLA,raw_l2/trade_date=2026-07-17/exchange=NSE/symbol=CIPLA/part-042003_056374-004808.parquet,real_data_sample\l2_unseen_validation\trade_date=2026-07-17\exchange=NSE\symbol=CIPLA\part-042003_056374-004808.parquet,34429,downloaded,34429,
2026-07-17,NSE,CIPLA,raw_l2/trade_date=2026-07-17/exchange=NSE/symbol=CIPLA/part-045834_589238-010120.parquet,real_data_sample\l2_unseen_validation\trade_date=2026-07-17\exchange=NSE\symbol=CIPLA\part-045834_589238-010120.parquet,34419,downloaded,34419,
2026-07-17,NSE,CIPLA,raw_l2/trade_date=2026-07-17/exchange=NSE/symbol=CIPLA/part-045806_310790-010056.parquet,real_data_sample\l2_unseen_validation\trade_date=2026-07-17\exchange=NSE\symbol=CIPLA\part-045806_310790-010056.parquet,34690,downloaded,34690,
2026-07-17,NSE,CIPLA,raw_l2/trade_date=2026-07-17/exchange=NSE/symbol=CIPLA/part-045848_827720-010152.parquet,real_data_sample\l2_unseen_validation\trade_date=2026-07-17\exchange=NSE\symbol=CIPLA\part-045848_827720-010152.parquet,34699,downloaded,34699,
2026-07-17,NSE,CIPLA,raw_l2/trade_date=2026-07-17/exchange=NSE/symbol=CIPLA/part-045916_526332-010216.parquet,real_data_sample\l2_unseen_validation\trade_date=2026-07-17\exchange=NSE\symbol=CIPLA\part-045916_526332-010216.parquet,34459,downloaded,34459,
2026-07-17,NSE,CIPLA,raw_l2/trade_date=2026-07-17/exchange=NSE/symbol=CIPLA/part-045930_657223-010248.parquet,real_data_sample\l2_unseen_validation\trade_date=2026-07-17\exchange=NSE\symbol=CIPLA\part-045930_657223-010248.parquet,34433,downloaded,34433,
2026-07-17,NSE,CIPLA,raw_l2/trade_date=2026-07-17/exchange=NSE/symbol=CIPLA/part-045215_495474-009256.parquet,real_data_sample\l2_unseen_validation\trade_date=2026-07-17\exchange=NSE\symbol=CIPLA\part-045215_495474-009256.parquet,34443,downloaded,34443,
2026-07-17,NSE,CIPLA,raw_l2/trade_date=2026-07-17/exchange=NSE/symbol=CIPLA/part-045119_592610-009128.parquet,real_data_sample\l2_unseen_validation\trade_date=2026-07-17\exchange=NSE\symbol=CIPLA\part-045119_592610-009128.parquet,34771,downloaded,34771,
2026-07-17,NSE,CIPLA,raw_l2/trade_date=2026-07-17/exchange=NSE/symbol=CIPLA/part-045133_550845-009160.parquet,real_data_sample\l2_unseen_validation\trade_date=2026-07-17\exchange=NSE\symbol=CIPLA\part-045133_550845-009160.parquet,34569,downloaded,34569,
2026-07-17,NSE,CIPLA,raw_l2/trade_date=2026-07-17/exchange=NSE/symbol=CIPLA/part-045229_315572-009288.parquet,real_data_sample\l2_unseen_validation\trade_date=2026-07-17\exchange=NSE\symbol=CIPLA\part-045229_315572-009288.parquet,34577,downloaded,34577,
2026-07-17,NSE,CIPLA,raw_l2/trade_date=2026-07-17/exchange=NSE/symbol=CIPLA/part-045105_650850-009096.parquet,real_data_sample\l2_unseen_validation\trade_date=2026-07-17\exchange=NSE\symbol=CIPLA\part-045105_650850-009096.parquet,34522,downloaded,34522,
2026-07-17,NSE,CIPLA,raw_l2/trade_date=2026-07-17/exchange=NSE/symbol=CIPLA/part-050108_798465-010472.parquet,real_data_sample\l2_unseen_validation\trade_date=2026-07-17\exchange=NSE\symbol=CIPLA\part-050108_798465-010472.parquet,34704,downloaded,34704,
2026-07-17,NSE,CIPLA,raw_l2/trade_date=2026-07-17/exchange=NSE/symbol=CIPLA/part-050136_570822-010536.parquet,real_data_sample\l2_unseen_validation\trade_date=2026-07-17\exchange=NSE\symbol=CIPLA\part-050136_570822-010536.parquet,34768,downloaded,34768,
2026-07-17,NSE,CIPLA,raw_l2/trade_date=2026-07-17/exchange=NSE/symbol=CIPLA/part-050219_025730-010632.parquet,real_data_sample\l2_unseen_validation\trade_date=2026-07-17\exchange=NSE\symbol=CIPLA\part-050219_025730-010632.parquet,34366,downloaded,34366,
2026-07-17,NSE,CIPLA,raw_l2/trade_date=2026-07-17/exchange=NSE/symbol=CIPLA/part-045944_840333-010280.parquet,real_data_sample\l2_unseen_validation\trade_date=2026-07-17\exchange=NSE\symbol=CIPLA\part-045944_840333-010280.parquet,34617,downloaded,34617,
2026-07-17,NSE,CIPLA,raw_l2/trade_date=2026-07-17/exchange=NSE/symbol=CIPLA/part-050122_747353-010504.parquet,real_data_sample\l2_unseen_validation\trade_date=2026-07-17\exchange=NSE\symbol=CIPLA\part-050122_747353-010504.parquet,34984,downloaded,34984,
2026-07-17,NSE,CIPLA,raw_l2/trade_date=2026-07-17/exchange=NSE/symbol=CIPLA/part-050205_070229-010600.parquet,real_data_sample\l2_unseen_validation\trade_date=2026-07-17\exchange=NSE\symbol=CIPLA\part-050205_070229-010600.parquet,34742,downloaded,34742,
2026-07-17,NSE,CIPLA,raw_l2/trade_date=2026-07-17/exchange=NSE/symbol=CIPLA/part-045517_130728-009672.parquet,real_data_sample\l2_unseen_validation\trade_date=2026-07-17\exchange=NSE\symbol=CIPLA\part-045517_130728-009672.parquet,34474,downloaded,34474,
2026-07-17,NSE,CIPLA,raw_l2/trade_date=2026-07-17/exchange=NSE/symbol=CIPLA/part-050330_369500-010792.parquet,real_data_sample\l2_unseen_validation\trade_date=2026-07-17\exchange=NSE\symbol=CIPLA\part-050330_369500-010792.parquet,34643,downloaded,34643,
2026-07-17,NSE,CIPLA,raw_l2/trade_date=2026-07-17/exchange=NSE/symbol=CIPLA/part-050316_310885-010760.parquet,real_data_sample\l2_unseen_validation\trade_date=2026-07-17\exchange=NSE\symbol=CIPLA\part-050316_310885-010760.parquet,34604,downloaded,34604,
2026-07-17,NSE,CIPLA,raw_l2/trade_date=2026-07-17/exchange=NSE/symbol=CIPLA/part-050426_780465-010920.parquet,real_data_sample\l2_unseen_validation\trade_date=2026-07-17\exchange=NSE\symbol=CIPLA\part-050426_780465-010920.parquet,34734,downloaded,34734,
2026-07-17,NSE,CIPLA,raw_l2/trade_date=2026-07-17/exchange=NSE/symbol=CIPLA/part-050522_623189-011048.parquet,real_data_sample\l2_unseen_validation\trade_date=2026-07-17\exchange=NSE\symbol=CIPLA\part-050522_623189-011048.parquet,34686,downloaded,34686,
2026-07-17,NSE,CIPLA,raw_l2/trade_date=2026-07-17/exchange=NSE/symbol=CIPLA/part-045959_071078-010312.parquet,real_data_sample\l2_unseen_validation\trade_date=2026-07-17\exchange=NSE\symbol=CIPLA\part-045959_071078-010312.parquet,34553,downloaded,34553,
2026-07-17,NSE,CIPLA,raw_l2/trade_date=2026-07-17/exchange=NSE/symbol=CIPLA/part-050054_825217-010440.parquet,real_data_sample\l2_unseen_validation\trade_date=2026-07-17\exchange=NSE\symbol=CIPLA\part-050054_825217-010440.parquet,34684,downloaded,34684,
2026-07-17,NSE,CIPLA,raw_l2/trade_date=2026-07-17/exchange=NSE/symbol=CIPLA/part-050013_227263-010344.parquet,real_data_sample\l2_unseen_validation\trade_date=2026-07-17\exchange=NSE\symbol=CIPLA\part-050013_227263-010344.parquet,34613,downloaded,34613,
2026-07-17,NSE,CIPLA,raw_l2/trade_date=2026-07-17/exchange=NSE/symbol=CIPLA/part-050027_003250-010376.parquet,real_data_sample\l2_unseen_validation\trade_date=2026-07-17\exchange=NSE\symbol=CIPLA\part-050027_003250-010376.parquet,34375,downloaded,34375,
2026-07-17,NSE,CIPLA,raw_l2/trade_date=2026-07-17/exchange=NSE/symbol=CIPLA/part-050508_574548-011016.parquet,real_data_sample\l2_unseen_validation\trade_date=2026-07-17\exchange=NSE\symbol=CIPLA\part-050508_574548-011016.parquet,34473,downloaded,34473,
2026-07-17,NSE,CIPLA,raw_l2/trade_date=2026-07-17/exchange=NSE/symbol=CIPLA/part-050301_818294-010728.parquet,real_data_sample\l2_unseen_validation\trade_date=2026-07-17\exchange=NSE\symbol=CIPLA\part-050301_818294-010728.parquet,34702,downloaded,34702,
2026-07-17,NSE,CIPLA,raw_l2/trade_date=2026-07-17/exchange=NSE/symbol=CIPLA/part-050440_765455-010952.parquet,real_data_sample\l2_unseen_validation\trade_date=2026-07-17\exchange=NSE\symbol=CIPLA\part-050440_765455-010952.parquet,34737,downloaded,34737,
2026-07-17,NSE,CIPLA,raw_l2/trade_date=2026-07-17/exchange=NSE/symbol=CIPLA/part-050454_581384-010984.parquet,real_data_sample\l2_unseen_validation\trade_date=2026-07-17\exchange=NSE\symbol=CIPLA\part-050454_581384-010984.parquet,34635,downloaded,34635,
2026-07-17,NSE,CIPLA,raw_l2/trade_date=2026-07-17/exchange=NSE/symbol=CIPLA/part-050247_779477-010696.parquet,real_data_sample\l2_unseen_validation\trade_date=2026-07-17\exchange=NSE\symbol=CIPLA\part-050247_779477-010696.parquet,34833,downloaded,34833,
2026-07-17,NSE,CIPLA,raw_l2/trade_date=2026-07-17/exchange=NSE/symbol=CIPLA/part-050358_397186-010856.parquet,real_data_sample\l2_unseen_validation\trade_date=2026-07-17\exchange=NSE\symbol=CIPLA\part-050358_397186-010856.parquet,34656,downloaded,34656,
2026-07-17,NSE,CIPLA,raw_l2/trade_date=2026-07-17/exchange=NSE/symbol=CIPLA/part-050536_517036-011080.parquet,real_data_sample\l2_unseen_validation\trade_date=2026-07-17\exchange=NSE\symbol=CIPLA\part-050536_517036-011080.parquet,34324,downloaded,34324,
2026-07-17,NSE,CIPLA,raw_l2/trade_date=2026-07-17/exchange=NSE/symbol=CIPLA/part-045531_031165-009704.parquet,real_data_sample\l2_unseen_validation\trade_date=2026-07-17\exchange=NSE\symbol=CIPLA\part-045531_031165-009704.parquet,34693,downloaded,34693,
2026-07-17,NSE,CIPLA,raw_l2/trade_date=2026-07-17/exchange=NSE/symbol=CIPLA/part-050633_380818-011208.parquet,real_data_sample\l2_unseen_validation\trade_date=2026-07-17\exchange=NSE\symbol=CIPLA\part-050633_380818-011208.parquet,34829,downloaded,34829,
2026-07-17,NSE,CIPLA,raw_l2/trade_date=2026-07-17/exchange=NSE/symbol=CIPLA/part-050730_262297-011336.parquet,real_data_sample\l2_unseen_validation\trade_date=2026-07-17\exchange=NSE\symbol=CIPLA\part-050730_262297-011336.parquet,34430,downloaded,34430,
2026-07-17,NSE,CIPLA,raw_l2/trade_date=2026-07-17/exchange=NSE/symbol=CIPLA/part-050233_278083-010664.parquet,real_data_sample\l2_unseen_validation\trade_date=2026-07-17\exchange=NSE\symbol=CIPLA\part-050233_278083-010664.parquet,34524,downloaded,34524,
2026-07-17,NSE,CIPLA,raw_l2/trade_date=2026-07-17/exchange=NSE/symbol=CIPLA/part-050743_989176-011368.parquet,real_data_sample\l2_unseen_validation\trade_date=2026-07-17\exchange=NSE\symbol=CIPLA\part-050743_989176-011368.parquet,34553,downloaded,34553,
2026-07-17,NSE,CIPLA,raw_l2/trade_date=2026-07-17/exchange=NSE/symbol=CIPLA/part-050150_555954-010568.parquet,real_data_sample\l2_unseen_validation\trade_date=2026-07-17\exchange=NSE\symbol=CIPLA\part-050150_555954-010568.parquet,34714,downloaded,34714,
2026-07-17,NSE,CIPLA,raw_l2/trade_date=2026-07-17/exchange=NSE/symbol=CIPLA/part-050757_730611-011400.parquet,real_data_sample\l2_unseen_validation\trade_date=2026-07-17\exchange=NSE\symbol=CIPLA\part-050757_730611-011400.parquet,34656,downloaded,34656,
2026-07-17,NSE,CIPLA,raw_l2/trade_date=2026-07-17/exchange=NSE/symbol=CIPLA/part-050604_245353-011144.parquet,real_data_sample\l2_unseen_validation\trade_date=2026-07-17\exchange=NSE\symbol=CIPLA\part-050604_245353-011144.parquet,34626,downloaded,34626,
2026-07-17,NSE,CIPLA,raw_l2/trade_date=2026-07-17/exchange=NSE/symbol=CIPLA/part-050550_488874-011112.parquet,real_data_sample\l2_unseen_validation\trade_date=2026-07-17\exchange=NSE\symbol=CIPLA\part-050550_488874-011112.parquet,34558,downloaded,34558,
2026-07-17,NSE,CIPLA,raw_l2/trade_date=2026-07-17/exchange=NSE/symbol=CIPLA/part-050716_164478-011304.parquet,real_data_sample\l2_unseen_validation\trade_date=2026-07-17\exchange=NSE\symbol=CIPLA\part-050716_164478-011304.parquet,34898,downloaded,34898,
2026-07-17,NSE,CIPLA,raw_l2/trade_date=2026-07-17/exchange=NSE/symbol=CIPLA/part-050618_634127-011176.parquet,real_data_sample\l2_unseen_validation\trade_date=2026-07-17\exchange=NSE\symbol=CIPLA\part-050618_634127-011176.parquet,34667,downloaded,34667,
2026-07-17,NSE,CIPLA,raw_l2/trade_date=2026-07-17/exchange=NSE/symbol=CIPLA/part-050647_989772-011240.parquet,real_data_sample\l2_unseen_validation\trade_date=2026-07-17\exchange=NSE\symbol=CIPLA\part-050647_989772-011240.parquet,34498,downloaded,34498,
2026-07-17,NSE,CIPLA,raw_l2/trade_date=2026-07-17/exchange=NSE/symbol=CIPLA/part-050702_058188-011272.parquet,real_data_sample\l2_unseen_validation\trade_date=2026-07-17\exchange=NSE\symbol=CIPLA\part-050702_058188-011272.parquet,34680,downloaded,34680,
2026-07-17,NSE,CIPLA,raw_l2/trade_date=2026-07-17/exchange=NSE/symbol=CIPLA/part-050040_880423-010408.parquet,real_data_sample\l2_unseen_validation\trade_date=2026-07-17\exchange=NSE\symbol=CIPLA\part-050040_880423-010408.parquet,34620,downloaded,34620,
2026-07-17,NSE,CIPLA,raw_l2/trade_date=2026-07-17/exchange=NSE/symbol=CIPLA/part-051016_281942-011720.parquet,real_data_sample\l2_unseen_validation\trade_date=2026-07-17\exchange=NSE\symbol=CIPLA\part-051016_281942-011720.parquet,34464,downloaded,34464,
2026-07-17,NSE,CIPLA,raw_l2/trade_date=2026-07-17/exchange=NSE/symbol=CIPLA/part-050948_510061-011656.parquet,real_data_sample\l2_unseen_validation\trade_date=2026-07-17\exchange=NSE\symbol=CIPLA\part-050948_510061-011656.parquet,34723,downloaded,34723,
2026-07-17,NSE,CIPLA,raw_l2/trade_date=2026-07-17/exchange=NSE/symbol=CIPLA/part-050934_760875-011624.parquet,real_data_sample\l2_unseen_validation\trade_date=2026-07-17\exchange=NSE\symbol=CIPLA\part-050934_760875-011624.parquet,34654,downloaded,34654,
2026-07-17,NSE,CIPLA,raw_l2/trade_date=2026-07-17/exchange=NSE/symbol=CIPLA/part-051111_526047-011848.parquet,real_data_sample\l2_unseen_validation\trade_date=2026-07-17\exchange=NSE\symbol=CIPLA\part-051111_526047-011848.parquet,34653,downloaded,34653,
2026-07-17,NSE,CIPLA,raw_l2/trade_date=2026-07-17/exchange=NSE/symbol=CIPLA/part-051057_550869-011816.parquet,real_data_sample\l2_unseen_validation\trade_date=2026-07-17\exchange=NSE\symbol=CIPLA\part-051057_550869-011816.parquet,34544,downloaded,34544,
2026-07-17,NSE,CIPLA,raw_l2/trade_date=2026-07-17/exchange=NSE/symbol=CIPLA/part-051043_773548-011784.parquet,real_data_sample\l2_unseen_validation\trade_date=2026-07-17\exchange=NSE\symbol=CIPLA\part-051043_773548-011784.parquet,34572,downloaded,34572,
2026-07-17,NSE,CIPLA,raw_l2/trade_date=2026-07-17/exchange=NSE/symbol=CIPLA/part-050412_616466-010888.parquet,real_data_sample\l2_unseen_validation\trade_date=2026-07-17\exchange=NSE\symbol=CIPLA\part-050412_616466-010888.parquet,34621,downloaded,34621,
2026-07-17,NSE,CIPLA,raw_l2/trade_date=2026-07-17/exchange=NSE/symbol=CIPLA/part-050920_736738-011592.parquet,real_data_sample\l2_unseen_validation\trade_date=2026-07-17\exchange=NSE\symbol=CIPLA\part-050920_736738-011592.parquet,34590,downloaded,34590,
2026-07-17,NSE,CIPLA,raw_l2/trade_date=2026-07-17/exchange=NSE/symbol=CIPLA/part-050907_033210-011560.parquet,real_data_sample\l2_unseen_validation\trade_date=2026-07-17\exchange=NSE\symbol=CIPLA\part-050907_033210-011560.parquet,34684,downloaded,34684,
2026-07-17,NSE,CIPLA,raw_l2/trade_date=2026-07-17/exchange=NSE/symbol=CIPLA/part-051002_336440-011688.parquet,real_data_sample\l2_unseen_validation\trade_date=2026-07-17\exchange=NSE\symbol=CIPLA\part-051002_336440-011688.parquet,34459,downloaded,34459,
2026-07-17,NSE,CIPLA,raw_l2/trade_date=2026-07-17/exchange=NSE/symbol=CIPLA/part-050825_504739-011464.parquet,real_data_sample\l2_unseen_validation\trade_date=2026-07-17\exchange=NSE\symbol=CIPLA\part-050825_504739-011464.parquet,34623,downloaded,34623,
2026-07-17,NSE,CIPLA,raw_l2/trade_date=2026-07-17/exchange=NSE/symbol=CIPLA/part-050852_966164-011528.parquet,real_data_sample\l2_unseen_validation\trade_date=2026-07-17\exchange=NSE\symbol=CIPLA\part-050852_966164-011528.parquet,34341,downloaded,34341,
2026-07-17,NSE,CIPLA,raw_l2/trade_date=2026-07-17/exchange=NSE/symbol=CIPLA/part-051125_333060-011880.parquet,real_data_sample\l2_unseen_validation\trade_date=2026-07-17\exchange=NSE\symbol=CIPLA\part-051125_333060-011880.parquet,34517,downloaded,34517,
2026-07-17,NSE,CIPLA,raw_l2/trade_date=2026-07-17/exchange=NSE/symbol=CIPLA/part-050839_297307-011496.parquet,real_data_sample\l2_unseen_validation\trade_date=2026-07-17\exchange=NSE\symbol=CIPLA\part-050839_297307-011496.parquet,34634,downloaded,34634,
2026-07-17,NSE,CIPLA,raw_l2/trade_date=2026-07-17/exchange=NSE/symbol=CIPLA/part-050811_784824-011432.parquet,real_data_sample\l2_unseen_validation\trade_date=2026-07-17\exchange=NSE\symbol=CIPLA\part-050811_784824-011432.parquet,34599,downloaded,34599,
2026-07-17,NSE,CIPLA,raw_l2/trade_date=2026-07-17/exchange=NSE/symbol=CIPLA/part-051030_040470-011752.parquet,real_data_sample\l2_unseen_validation\trade_date=2026-07-17\exchange=NSE\symbol=CIPLA\part-051030_040470-011752.parquet,34843,downloaded,34843,
2026-07-17,NSE,CIPLA,raw_l2/trade_date=2026-07-17/exchange=NSE/symbol=CIPLA/part-051139_610807-011912.parquet,real_data_sample\l2_unseen_validation\trade_date=2026-07-17\exchange=NSE\symbol=CIPLA\part-051139_610807-011912.parquet,34664,downloaded,34664,
2026-07-17,NSE,CIPLA,raw_l2/trade_date=2026-07-17/exchange=NSE/symbol=CIPLA/part-051153_542964-011944.parquet,real_data_sample\l2_unseen_validation\trade_date=2026-07-17\exchange=NSE\symbol=CIPLA\part-051153_542964-011944.parquet,34343,downloaded,34343,
2026-07-17,NSE,CIPLA,raw_l2/trade_date=2026-07-17/exchange=NSE/symbol=CIPLA/part-051317_146469-012136.parquet,real_data_sample\l2_unseen_validation\trade_date=2026-07-17\exchange=NSE\symbol=CIPLA\part-051317_146469-012136.parquet,34449,downloaded,34449,
2026-07-17,NSE,CIPLA,raw_l2/trade_date=2026-07-17/exchange=NSE/symbol=CIPLA/part-051346_674558-012200.parquet,real_data_sample\l2_unseen_validation\trade_date=2026-07-17\exchange=NSE\symbol=CIPLA\part-051346_674558-012200.parquet,34659,downloaded,34659,
2026-07-17,NSE,CIPLA,raw_l2/trade_date=2026-07-17/exchange=NSE/symbol=CIPLA/part-051221_545968-012008.parquet,real_data_sample\l2_unseen_validation\trade_date=2026-07-17\exchange=NSE\symbol=CIPLA\part-051221_545968-012008.parquet,34509,downloaded,34509,
2026-07-17,NSE,CIPLA,raw_l2/trade_date=2026-07-17/exchange=NSE/symbol=CIPLA/part-051249_284778-012072.parquet,real_data_sample\l2_unseen_validation\trade_date=2026-07-17\exchange=NSE\symbol=CIPLA\part-051249_284778-012072.parquet,34653,downloaded,34653,
2026-07-17,NSE,CIPLA,raw_l2/trade_date=2026-07-17/exchange=NSE/symbol=CIPLA/part-051331_885477-012168.parquet,real_data_sample\l2_unseen_validation\trade_date=2026-07-17\exchange=NSE\symbol=CIPLA\part-051331_885477-012168.parquet,34475,downloaded,34475,
2026-07-17,NSE,CIPLA,raw_l2/trade_date=2026-07-17/exchange=NSE/symbol=CIPLA/part-051401_869985-012232.parquet,real_data_sample\l2_unseen_validation\trade_date=2026-07-17\exchange=NSE\symbol=CIPLA\part-051401_869985-012232.parquet,34610,downloaded,34610,
2026-07-17,NSE,CIPLA,raw_l2/trade_date=2026-07-17/exchange=NSE/symbol=CIPLA/part-051207_529233-011976.parquet,real_data_sample\l2_unseen_validation\trade_date=2026-07-17\exchange=NSE\symbol=CIPLA\part-051207_529233-011976.parquet,34748,downloaded,34748,
2026-07-17,NSE,CIPLA,raw_l2/trade_date=2026-07-17/exchange=NSE/symbol=CIPLA/part-051303_272481-012104.parquet,real_data_sample\l2_unseen_validation\trade_date=2026-07-17\exchange=NSE\symbol=CIPLA\part-051303_272481-012104.parquet,34772,downloaded,34772,
2026-07-17,NSE,CIPLA,raw_l2/trade_date=2026-07-17/exchange=NSE/symbol=CIPLA/part-051235_321343-012040.parquet,real_data_sample\l2_unseen_validation\trade_date=2026-07-17\exchange=NSE\symbol=CIPLA\part-051235_321343-012040.parquet,34662,downloaded,34662,
2026-07-17,NSE,CIPLA,raw_l2/trade_date=2026-07-17/exchange=NSE/symbol=CIPLA/part-051431_519421-012296.parquet,real_data_sample\l2_unseen_validation\trade_date=2026-07-17\exchange=NSE\symbol=CIPLA\part-051431_519421-012296.parquet,34665,downloaded,34665,
2026-07-17,NSE,CIPLA,raw_l2/trade_date=2026-07-17/exchange=NSE/symbol=CIPLA/part-051445_255058-012328.parquet,real_data_sample\l2_unseen_validation\trade_date=2026-07-17\exchange=NSE\symbol=CIPLA\part-051445_255058-012328.parquet,34760,downloaded,34760,
2026-07-17,NSE,CIPLA,raw_l2/trade_date=2026-07-17/exchange=NSE/symbol=CIPLA/part-051416_350959-012264.parquet,real_data_sample\l2_unseen_validation\trade_date=2026-07-17\exchange=NSE\symbol=CIPLA\part-051416_350959-012264.parquet,34736,downloaded,34736,
2026-07-17,NSE,CIPLA,raw_l2/trade_date=2026-07-17/exchange=NSE/symbol=CIPLA/part-051554_815713-012488.parquet,real_data_sample\l2_unseen_validation\trade_date=2026-07-17\exchange=NSE\symbol=CIPLA\part-051554_815713-012488.parquet,34699,downloaded,34699,
2026-07-17,NSE,CIPLA,raw_l2/trade_date=2026-07-17/exchange=NSE/symbol=CIPLA/part-051540_622823-012456.parquet,real_data_sample\l2_unseen_validation\trade_date=2026-07-17\exchange=NSE\symbol=CIPLA\part-051540_622823-012456.parquet,34726,downloaded,34726,
2026-07-17,NSE,CIPLA,raw_l2/trade_date=2026-07-17/exchange=NSE/symbol=CIPLA/part-051513_003369-012392.parquet,real_data_sample\l2_unseen_validation\trade_date=2026-07-17\exchange=NSE\symbol=CIPLA\part-051513_003369-012392.parquet,34431,downloaded,34431,
2026-07-17,NSE,CIPLA,raw_l2/trade_date=2026-07-17/exchange=NSE/symbol=CIPLA/part-051526_720418-012424.parquet,real_data_sample\l2_unseen_validation\trade_date=2026-07-17\exchange=NSE\symbol=CIPLA\part-051526_720418-012424.parquet,34652,downloaded,34652,
2026-07-17,NSE,CIPLA,raw_l2/trade_date=2026-07-17/exchange=NSE/symbol=CIPLA/part-051459_250240-012360.parquet,real_data_sample\l2_unseen_validation\trade_date=2026-07-17\exchange=NSE\symbol=CIPLA\part-051459_250240-012360.parquet,34586,downloaded,34586,
2026-07-17,NSE,CIPLA,raw_l2/trade_date=2026-07-17/exchange=NSE/symbol=CIPLA/part-051817_358639-012808.parquet,real_data_sample\l2_unseen_validation\trade_date=2026-07-17\exchange=NSE\symbol=CIPLA\part-051817_358639-012808.parquet,34603,downloaded,34603,
2026-07-17,NSE,CIPLA,raw_l2/trade_date=2026-07-17/exchange=NSE/symbol=CIPLA/part-051831_906386-012840.parquet,real_data_sample\l2_unseen_validation\trade_date=2026-07-17\exchange=NSE\symbol=CIPLA\part-051831_906386-012840.parquet,34813,downloaded,34813,
2026-07-17,NSE,CIPLA,raw_l2/trade_date=2026-07-17/exchange=NSE/symbol=CIPLA/part-051915_005646-012936.parquet,real_data_sample\l2_unseen_validation\trade_date=2026-07-17\exchange=NSE\symbol=CIPLA\part-051915_005646-012936.parquet,34777,downloaded,34777,
2026-07-17,NSE,CIPLA,raw_l2/trade_date=2026-07-17/exchange=NSE/symbol=CIPLA/part-051942_769809-013000.parquet,real_data_sample\l2_unseen_validation\trade_date=2026-07-17\exchange=NSE\symbol=CIPLA\part-051942_769809-013000.parquet,34714,downloaded,34714,
2026-07-17,NSE,CIPLA,raw_l2/trade_date=2026-07-17/exchange=NSE/symbol=CIPLA/part-051845_799341-012872.parquet,real_data_sample\l2_unseen_validation\trade_date=2026-07-17\exchange=NSE\symbol=CIPLA\part-051845_799341-012872.parquet,34658,downloaded,34658,
2026-07-17,NSE,CIPLA,raw_l2/trade_date=2026-07-17/exchange=NSE/symbol=CIPLA/part-051734_374899-012712.parquet,real_data_sample\l2_unseen_validation\trade_date=2026-07-17\exchange=NSE\symbol=CIPLA\part-051734_374899-012712.parquet,34569,downloaded,34569,
2026-07-17,NSE,CIPLA,raw_l2/trade_date=2026-07-17/exchange=NSE/symbol=CIPLA/part-051748_863366-012744.parquet,real_data_sample\l2_unseen_validation\trade_date=2026-07-17\exchange=NSE\symbol=CIPLA\part-051748_863366-012744.parquet,34566,downloaded,34566,
2026-07-17,NSE,CIPLA,raw_l2/trade_date=2026-07-17/exchange=NSE/symbol=CIPLA/part-051706_296973-012648.parquet,real_data_sample\l2_unseen_validation\trade_date=2026-07-17\exchange=NSE\symbol=CIPLA\part-051706_296973-012648.parquet,34696,downloaded,34696,
2026-07-17,NSE,CIPLA,raw_l2/trade_date=2026-07-17/exchange=NSE/symbol=CIPLA/part-051900_808716-012904.parquet,real_data_sample\l2_unseen_validation\trade_date=2026-07-17\exchange=NSE\symbol=CIPLA\part-051900_808716-012904.parquet,34665,downloaded,34665,
2026-07-17,NSE,CIPLA,raw_l2/trade_date=2026-07-17/exchange=NSE/symbol=CIPLA/part-051956_775571-013032.parquet,real_data_sample\l2_unseen_validation\trade_date=2026-07-17\exchange=NSE\symbol=CIPLA\part-051956_775571-013032.parquet,34474,downloaded,34474,
2026-07-17,NSE,CIPLA,raw_l2/trade_date=2026-07-17/exchange=NSE/symbol=CIPLA/part-051803_294678-012776.parquet,real_data_sample\l2_unseen_validation\trade_date=2026-07-17\exchange=NSE\symbol=CIPLA\part-051803_294678-012776.parquet,34917,downloaded,34917,
2026-07-17,NSE,CIPLA,raw_l2/trade_date=2026-07-17/exchange=NSE/symbol=CIPLA/part-051609_297644-012520.parquet,real_data_sample\l2_unseen_validation\trade_date=2026-07-17\exchange=NSE\symbol=CIPLA\part-051609_297644-012520.parquet,34497,downloaded,34497,
2026-07-17,NSE,CIPLA,raw_l2/trade_date=2026-07-17/exchange=NSE/symbol=CIPLA/part-051637_955256-012584.parquet,real_data_sample\l2_unseen_validation\trade_date=2026-07-17\exchange=NSE\symbol=CIPLA\part-051637_955256-012584.parquet,34600,downloaded,34600,
2026-07-17,NSE,CIPLA,raw_l2/trade_date=2026-07-17/exchange=NSE/symbol=CIPLA/part-051720_296406-012680.parquet,real_data_sample\l2_unseen_validation\trade_date=2026-07-17\exchange=NSE\symbol=CIPLA\part-051720_296406-012680.parquet,34781,downloaded,34781,
2026-07-17,NSE,CIPLA,raw_l2/trade_date=2026-07-17/exchange=NSE/symbol=CIPLA/part-051652_272010-012616.parquet,real_data_sample\l2_unseen_validation\trade_date=2026-07-17\exchange=NSE\symbol=CIPLA\part-051652_272010-012616.parquet,34623,downloaded,34623,
2026-07-17,NSE,CIPLA,raw_l2/trade_date=2026-07-17/exchange=NSE/symbol=CIPLA/part-051623_866210-012552.parquet,real_data_sample\l2_unseen_validation\trade_date=2026-07-17\exchange=NSE\symbol=CIPLA\part-051623_866210-012552.parquet,34914,downloaded,34914,
2026-07-17,NSE,CIPLA,raw_l2/trade_date=2026-07-17/exchange=NSE/symbol=CIPLA/part-052119_536831-013224.parquet,real_data_sample\l2_unseen_validation\trade_date=2026-07-17\exchange=NSE\symbol=CIPLA\part-052119_536831-013224.parquet,34732,downloaded,34732,
2026-07-17,NSE,CIPLA,raw_l2/trade_date=2026-07-17/exchange=NSE/symbol=CIPLA/part-052147_266428-013288.parquet,real_data_sample\l2_unseen_validation\trade_date=2026-07-17\exchange=NSE\symbol=CIPLA\part-052147_266428-013288.parquet,34701,downloaded,34701,
2026-07-17,NSE,CIPLA,raw_l2/trade_date=2026-07-17/exchange=NSE/symbol=CIPLA/part-051928_996891-012968.parquet,real_data_sample\l2_unseen_validation\trade_date=2026-07-17\exchange=NSE\symbol=CIPLA\part-051928_996891-012968.parquet,34748,downloaded,34748,
2026-07-17,NSE,CIPLA,raw_l2/trade_date=2026-07-17/exchange=NSE/symbol=CIPLA/part-052010_507236-013064.parquet,real_data_sample\l2_unseen_validation\trade_date=2026-07-17\exchange=NSE\symbol=CIPLA\part-052010_507236-013064.parquet,34611,downloaded,34611,
2026-07-17,NSE,CIPLA,raw_l2/trade_date=2026-07-17/exchange=NSE/symbol=CIPLA/part-052051_754227-013160.parquet,real_data_sample\l2_unseen_validation\trade_date=2026-07-17\exchange=NSE\symbol=CIPLA\part-052051_754227-013160.parquet,34427,downloaded,34427,
2026-07-17,NSE,CIPLA,raw_l2/trade_date=2026-07-17/exchange=NSE/symbol=CIPLA/part-052201_262190-013320.parquet,real_data_sample\l2_unseen_validation\trade_date=2026-07-17\exchange=NSE\symbol=CIPLA\part-052201_262190-013320.parquet,34386,downloaded,34386,
2026-07-17,NSE,CIPLA,raw_l2/trade_date=2026-07-17/exchange=NSE/symbol=CIPLA/part-052024_246113-013096.parquet,real_data_sample\l2_unseen_validation\trade_date=2026-07-17\exchange=NSE\symbol=CIPLA\part-052024_246113-013096.parquet,34518,downloaded,34518,
2026-07-17,NSE,CIPLA,raw_l2/trade_date=2026-07-17/exchange=NSE/symbol=CIPLA/part-052038_003177-013128.parquet,real_data_sample\l2_unseen_validation\trade_date=2026-07-17\exchange=NSE\symbol=CIPLA\part-052038_003177-013128.parquet,34551,downloaded,34551,
2026-07-17,NSE,CIPLA,raw_l2/trade_date=2026-07-17/exchange=NSE/symbol=CIPLA/part-052105_510505-013192.parquet,real_data_sample\l2_unseen_validation\trade_date=2026-07-17\exchange=NSE\symbol=CIPLA\part-052105_510505-013192.parquet,34603,downloaded,34603,
2026-07-17,NSE,CIPLA,raw_l2/trade_date=2026-07-17/exchange=NSE/symbol=CIPLA/part-050344_315215-010824.parquet,real_data_sample\l2_unseen_validation\trade_date=2026-07-17\exchange=NSE\symbol=CIPLA\part-050344_315215-010824.parquet,34662,downloaded,34662,
2026-07-17,NSE,CIPLA,raw_l2/trade_date=2026-07-17/exchange=NSE/symbol=CIPLA/part-052229_335725-013384.parquet,real_data_sample\l2_unseen_validation\trade_date=2026-07-17\exchange=NSE\symbol=CIPLA\part-052229_335725-013384.parquet,34637,downloaded,34637,
2026-07-17,NSE,CIPLA,raw_l2/trade_date=2026-07-17/exchange=NSE/symbol=CIPLA/part-052243_316404-013416.parquet,real_data_sample\l2_unseen_validation\trade_date=2026-07-17\exchange=NSE\symbol=CIPLA\part-052243_316404-013416.parquet,34619,downloaded,34619,
2026-07-17,NSE,CIPLA,raw_l2/trade_date=2026-07-17/exchange=NSE/symbol=CIPLA/part-052215_299305-013352.parquet,real_data_sample\l2_unseen_validation\trade_date=2026-07-17\exchange=NSE\symbol=CIPLA\part-052215_299305-013352.parquet,34436,downloaded,34436,
2026-07-17,NSE,CIPLA,raw_l2/trade_date=2026-07-17/exchange=NSE/symbol=CIPLA/part-052257_287040-013448.parquet,real_data_sample\l2_unseen_validation\trade_date=2026-07-17\exchange=NSE\symbol=CIPLA\part-052257_287040-013448.parquet,34718,downloaded,34718,
2026-07-17,NSE,CIPLA,raw_l2/trade_date=2026-07-17/exchange=NSE/symbol=CIPLA/part-052449_042783-013704.parquet,real_data_sample\l2_unseen_validation\trade_date=2026-07-17\exchange=NSE\symbol=CIPLA\part-052449_042783-013704.parquet,35554,downloaded,35554,
2026-07-17,NSE,CIPLA,raw_l2/trade_date=2026-07-17/exchange=NSE/symbol=CIPLA/part-052339_268952-013544.parquet,real_data_sample\l2_unseen_validation\trade_date=2026-07-17\exchange=NSE\symbol=CIPLA\part-052339_268952-013544.parquet,34934,downloaded,34934,
2026-07-17,NSE,CIPLA,raw_l2/trade_date=2026-07-17/exchange=NSE/symbol=CIPLA/part-052819_316624-014184.parquet,real_data_sample\l2_unseen_validation\trade_date=2026-07-17\exchange=NSE\symbol=CIPLA\part-052819_316624-014184.parquet,34453,downloaded,34453,
2026-07-17,NSE,CIPLA,raw_l2/trade_date=2026-07-17/exchange=NSE/symbol=CIPLA/part-052133_308110-013256.parquet,real_data_sample\l2_unseen_validation\trade_date=2026-07-17\exchange=NSE\symbol=CIPLA\part-052133_308110-013256.parquet,34603,downloaded,34603,
2026-07-17,NSE,CIPLA,raw_l2/trade_date=2026-07-17/exchange=NSE/symbol=CIPLA/part-052353_237748-013576.parquet,real_data_sample\l2_unseen_validation\trade_date=2026-07-17\exchange=NSE\symbol=CIPLA\part-052353_237748-013576.parquet,34758,downloaded,34758,
2026-07-17,NSE,CIPLA,raw_l2/trade_date=2026-07-17/exchange=NSE/symbol=CIPLA/part-052641_326867-013960.parquet,real_data_sample\l2_unseen_validation\trade_date=2026-07-17\exchange=NSE\symbol=CIPLA\part-052641_326867-013960.parquet,34670,downloaded,34670,
2026-07-17,NSE,CIPLA,raw_l2/trade_date=2026-07-17/exchange=NSE/symbol=CIPLA/part-052655_553287-013992.parquet,real_data_sample\l2_unseen_validation\trade_date=2026-07-17\exchange=NSE\symbol=CIPLA\part-052655_553287-013992.parquet,34448,downloaded,34448,
2026-07-17,NSE,CIPLA,raw_l2/trade_date=2026-07-17/exchange=NSE/symbol=CIPLA/part-052737_536791-014088.parquet,real_data_sample\l2_unseen_validation\trade_date=2026-07-17\exchange=NSE\symbol=CIPLA\part-052737_536791-014088.parquet,34763,downloaded,34763,
2026-07-17,NSE,CIPLA,raw_l2/trade_date=2026-07-17/exchange=NSE/symbol=CIPLA/part-052751_538651-014120.parquet,real_data_sample\l2_unseen_validation\trade_date=2026-07-17\exchange=NSE\symbol=CIPLA\part-052751_538651-014120.parquet,34641,downloaded,34641,
2026-07-17,NSE,CIPLA,raw_l2/trade_date=2026-07-17/exchange=NSE/symbol=CIPLA/part-052530_585783-013800.parquet,real_data_sample\l2_unseen_validation\trade_date=2026-07-17\exchange=NSE\symbol=CIPLA\part-052530_585783-013800.parquet,34712,downloaded,34712,
2026-07-17,NSE,CIPLA,raw_l2/trade_date=2026-07-17/exchange=NSE/symbol=CIPLA/part-052805_309231-014152.parquet,real_data_sample\l2_unseen_validation\trade_date=2026-07-17\exchange=NSE\symbol=CIPLA\part-052805_309231-014152.parquet,34654,downloaded,34654,
2026-07-17,NSE,CIPLA,raw_l2/trade_date=2026-07-17/exchange=NSE/symbol=CIPLA/part-052627_278201-013928.parquet,real_data_sample\l2_unseen_validation\trade_date=2026-07-17\exchange=NSE\symbol=CIPLA\part-052627_278201-013928.parquet,34752,downloaded,34752,
2026-07-17,NSE,CIPLA,raw_l2/trade_date=2026-07-17/exchange=NSE/symbol=CIPLA/part-052902_070278-014280.parquet,real_data_sample\l2_unseen_validation\trade_date=2026-07-17\exchange=NSE\symbol=CIPLA\part-052902_070278-014280.parquet,34728,downloaded,34728,
2026-07-17,NSE,CIPLA,raw_l2/trade_date=2026-07-17/exchange=NSE/symbol=CIPLA/part-052558_880504-013864.parquet,real_data_sample\l2_unseen_validation\trade_date=2026-07-17\exchange=NSE\symbol=CIPLA\part-052558_880504-013864.parquet,34757,downloaded,34757,
2026-07-17,NSE,CIPLA,raw_l2/trade_date=2026-07-17/exchange=NSE/symbol=CIPLA/part-052930_065674-014344.parquet,real_data_sample\l2_unseen_validation\trade_date=2026-07-17\exchange=NSE\symbol=CIPLA\part-052930_065674-014344.parquet,34572,downloaded,34572,
2026-07-17,NSE,CIPLA,raw_l2/trade_date=2026-07-17/exchange=NSE/symbol=CIPLA/part-052613_026895-013896.parquet,real_data_sample\l2_unseen_validation\trade_date=2026-07-17\exchange=NSE\symbol=CIPLA\part-052613_026895-013896.parquet,34730,downloaded,34730,
2026-07-17,NSE,CIPLA,raw_l2/trade_date=2026-07-17/exchange=NSE/symbol=CIPLA/part-052544_815790-013832.parquet,real_data_sample\l2_unseen_validation\trade_date=2026-07-17\exchange=NSE\symbol=CIPLA\part-052544_815790-013832.parquet,34725,downloaded,34725,
2026-07-17,NSE,CIPLA,raw_l2/trade_date=2026-07-17/exchange=NSE/symbol=CIPLA/part-052944_043517-014376.parquet,real_data_sample\l2_unseen_validation\trade_date=2026-07-17\exchange=NSE\symbol=CIPLA\part-052944_043517-014376.parquet,34541,downloaded,34541,
2026-07-17,NSE,CIPLA,raw_l2/trade_date=2026-07-17/exchange=NSE/symbol=CIPLA/part-052516_828356-013768.parquet,real_data_sample\l2_unseen_validation\trade_date=2026-07-17\exchange=NSE\symbol=CIPLA\part-052516_828356-013768.parquet,34818,downloaded,34818,
2026-07-17,NSE,CIPLA,raw_l2/trade_date=2026-07-17/exchange=NSE/symbol=CIPLA/part-052958_091703-014408.parquet,real_data_sample\l2_unseen_validation\trade_date=2026-07-17\exchange=NSE\symbol=CIPLA\part-052958_091703-014408.parquet,34632,downloaded,34632,
2026-07-17,NSE,CIPLA,raw_l2/trade_date=2026-07-17/exchange=NSE/symbol=CIPLA/part-053012_640432-014440.parquet,real_data_sample\l2_unseen_validation\trade_date=2026-07-17\exchange=NSE\symbol=CIPLA\part-053012_640432-014440.parquet,34658,downloaded,34658,
2026-07-17,NSE,CIPLA,raw_l2/trade_date=2026-07-17/exchange=NSE/symbol=CIPLA/part-052709_619610-014024.parquet,real_data_sample\l2_unseen_validation\trade_date=2026-07-17\exchange=NSE\symbol=CIPLA\part-052709_619610-014024.parquet,34595,downloaded,34595,
2026-07-17,NSE,CIPLA,raw_l2/trade_date=2026-07-17/exchange=NSE/symbol=CIPLA/part-053027_839002-014472.parquet,real_data_sample\l2_unseen_validation\trade_date=2026-07-17\exchange=NSE\symbol=CIPLA\part-053027_839002-014472.parquet,34608,downloaded,34608,
2026-07-17,NSE,CIPLA,raw_l2/trade_date=2026-07-17/exchange=NSE/symbol=CIPLA/part-053041_529500-014504.parquet,real_data_sample\l2_unseen_validation\trade_date=2026-07-17\exchange=NSE\symbol=CIPLA\part-053041_529500-014504.parquet,34622,downloaded,34622,
2026-07-17,NSE,CIPLA,raw_l2/trade_date=2026-07-17/exchange=NSE/symbol=CIPLA/part-053109_601394-014568.parquet,real_data_sample\l2_unseen_validation\trade_date=2026-07-17\exchange=NSE\symbol=CIPLA\part-053109_601394-014568.parquet,34463,downloaded,34463,
2026-07-17,NSE,CIPLA,raw_l2/trade_date=2026-07-17/exchange=NSE/symbol=CIPLA/part-053152_267936-014664.parquet,real_data_sample\l2_unseen_validation\trade_date=2026-07-17\exchange=NSE\symbol=CIPLA\part-053152_267936-014664.parquet,34638,downloaded,34638,
2026-07-17,NSE,CIPLA,raw_l2/trade_date=2026-07-17/exchange=NSE/symbol=CIPLA/part-053138_536142-014632.parquet,real_data_sample\l2_unseen_validation\trade_date=2026-07-17\exchange=NSE\symbol=CIPLA\part-053138_536142-014632.parquet,34728,downloaded,34728,
2026-07-17,NSE,CIPLA,raw_l2/trade_date=2026-07-17/exchange=NSE/symbol=CIPLA/part-053055_640757-014536.parquet,real_data_sample\l2_unseen_validation\trade_date=2026-07-17\exchange=NSE\symbol=CIPLA\part-053055_640757-014536.parquet,34801,downloaded,34801,
2026-07-17,NSE,CIPLA,raw_l2/trade_date=2026-07-17/exchange=NSE/symbol=CIPLA/part-053124_535216-014600.parquet,real_data_sample\l2_unseen_validation\trade_date=2026-07-17\exchange=NSE\symbol=CIPLA\part-053124_535216-014600.parquet,34591,downloaded,34591,
2026-07-17,NSE,CIPLA,raw_l2/trade_date=2026-07-17/exchange=NSE/symbol=CIPLA/part-053206_359889-014696.parquet,real_data_sample\l2_unseen_validation\trade_date=2026-07-17\exchange=NSE\symbol=CIPLA\part-053206_359889-014696.parquet,34696,downloaded,34696,
2026-07-17,NSE,CIPLA,raw_l2/trade_date=2026-07-17/exchange=NSE/symbol=CIPLA/part-053234_580475-014760.parquet,real_data_sample\l2_unseen_validation\trade_date=2026-07-17\exchange=NSE\symbol=CIPLA\part-053234_580475-014760.parquet,34782,downloaded,34782,
2026-07-17,NSE,CIPLA,raw_l2/trade_date=2026-07-17/exchange=NSE/symbol=CIPLA/part-053344_801967-014920.parquet,real_data_sample\l2_unseen_validation\trade_date=2026-07-17\exchange=NSE\symbol=CIPLA\part-053344_801967-014920.parquet,34762,downloaded,34762,
2026-07-17,NSE,CIPLA,raw_l2/trade_date=2026-07-17/exchange=NSE/symbol=CIPLA/part-053330_782147-014888.parquet,real_data_sample\l2_unseen_validation\trade_date=2026-07-17\exchange=NSE\symbol=CIPLA\part-053330_782147-014888.parquet,34636,downloaded,34636,
2026-07-17,NSE,CIPLA,raw_l2/trade_date=2026-07-17/exchange=NSE/symbol=CIPLA/part-053248_516544-014792.parquet,real_data_sample\l2_unseen_validation\trade_date=2026-07-17\exchange=NSE\symbol=CIPLA\part-053248_516544-014792.parquet,34603,downloaded,34603,
2026-07-17,NSE,CIPLA,raw_l2/trade_date=2026-07-17/exchange=NSE/symbol=CIPLA/part-053302_635397-014824.parquet,real_data_sample\l2_unseen_validation\trade_date=2026-07-17\exchange=NSE\symbol=CIPLA\part-053302_635397-014824.parquet,34571,downloaded,34571,
2026-07-17,NSE,CIPLA,raw_l2/trade_date=2026-07-17/exchange=NSE/symbol=CIPLA/part-053220_611526-014728.parquet,real_data_sample\l2_unseen_validation\trade_date=2026-07-17\exchange=NSE\symbol=CIPLA\part-053220_611526-014728.parquet,34577,downloaded,34577,
2026-07-17,NSE,CIPLA,raw_l2/trade_date=2026-07-17/exchange=NSE/symbol=CIPLA/part-053316_650470-014856.parquet,real_data_sample\l2_unseen_validation\trade_date=2026-07-17\exchange=NSE\symbol=CIPLA\part-053316_650470-014856.parquet,34815,downloaded,34815,
2026-07-17,NSE,CIPLA,raw_l2/trade_date=2026-07-17/exchange=NSE/symbol=CIPLA/part-053358_647658-014952.parquet,real_data_sample\l2_unseen_validation\trade_date=2026-07-17\exchange=NSE\symbol=CIPLA\part-053358_647658-014952.parquet,34391,downloaded,34391,
2026-07-17,NSE,CIPLA,raw_l2/trade_date=2026-07-17/exchange=NSE/symbol=CIPLA/part-053426_770050-015016.parquet,real_data_sample\l2_unseen_validation\trade_date=2026-07-17\exchange=NSE\symbol=CIPLA\part-053426_770050-015016.parquet,34595,downloaded,34595,
2026-07-17,NSE,CIPLA,raw_l2/trade_date=2026-07-17/exchange=NSE/symbol=CIPLA/part-053440_498308-015048.parquet,real_data_sample\l2_unseen_validation\trade_date=2026-07-17\exchange=NSE\symbol=CIPLA\part-053440_498308-015048.parquet,34925,downloaded,34925,
2026-07-17,NSE,CIPLA,raw_l2/trade_date=2026-07-17/exchange=NSE/symbol=CIPLA/part-053454_245154-015080.parquet,real_data_sample\l2_unseen_validation\trade_date=2026-07-17\exchange=NSE\symbol=CIPLA\part-053454_245154-015080.parquet,34650,downloaded,34650,
2026-07-17,NSE,CIPLA,raw_l2/trade_date=2026-07-17/exchange=NSE/symbol=CIPLA/part-053412_803572-014984.parquet,real_data_sample\l2_unseen_validation\trade_date=2026-07-17\exchange=NSE\symbol=CIPLA\part-053412_803572-014984.parquet,34815,downloaded,34815,
2026-07-17,NSE,CIPLA,raw_l2/trade_date=2026-07-17/exchange=NSE/symbol=CIPLA/part-053508_095020-015112.parquet,real_data_sample\l2_unseen_validation\trade_date=2026-07-17\exchange=NSE\symbol=CIPLA\part-053508_095020-015112.parquet,34779,downloaded,34779,
2026-07-17,NSE,CIPLA,raw_l2/trade_date=2026-07-17/exchange=NSE/symbol=CIPLA/part-053522_014778-015144.parquet,real_data_sample\l2_unseen_validation\trade_date=2026-07-17\exchange=NSE\symbol=CIPLA\part-053522_014778-015144.parquet,34590,downloaded,34590,
2026-07-17,NSE,CIPLA,raw_l2/trade_date=2026-07-17/exchange=NSE/symbol=CIPLA/part-052916_104092-014312.parquet,real_data_sample\l2_unseen_validation\trade_date=2026-07-17\exchange=NSE\symbol=CIPLA\part-052916_104092-014312.parquet,34838,downloaded,34838,
2026-07-17,NSE,CIPLA,raw_l2/trade_date=2026-07-17/exchange=NSE/symbol=CIPLA/part-053727_509173-015432.parquet,real_data_sample\l2_unseen_validation\trade_date=2026-07-17\exchange=NSE\symbol=CIPLA\part-053727_509173-015432.parquet,35787,downloaded,35787,
2026-07-17,NSE,CIPLA,raw_l2/trade_date=2026-07-17/exchange=NSE/symbol=CIPLA/part-053741_335202-015464.parquet,real_data_sample\l2_unseen_validation\trade_date=2026-07-17\exchange=NSE\symbol=CIPLA\part-053741_335202-015464.parquet,35684,downloaded,35684,
2026-07-17,NSE,CIPLA,raw_l2/trade_date=2026-07-17/exchange=NSE/symbol=CIPLA/part-053631_774200-015304.parquet,real_data_sample\l2_unseen_validation\trade_date=2026-07-17\exchange=NSE\symbol=CIPLA\part-053631_774200-015304.parquet,34922,downloaded,34922,
2026-07-17,NSE,CIPLA,raw_l2/trade_date=2026-07-17/exchange=NSE/symbol=CIPLA/part-053946_778188-015752.parquet,real_data_sample\l2_unseen_validation\trade_date=2026-07-17\exchange=NSE\symbol=CIPLA\part-053946_778188-015752.parquet,34712,downloaded,34712,
2026-07-17,NSE,CIPLA,raw_l2/trade_date=2026-07-17/exchange=NSE/symbol=CIPLA/part-053933_026696-015720.parquet,real_data_sample\l2_unseen_validation\trade_date=2026-07-17\exchange=NSE\symbol=CIPLA\part-053933_026696-015720.parquet,34611,downloaded,34611,
2026-07-17,NSE,CIPLA,raw_l2/trade_date=2026-07-17/exchange=NSE/symbol=CIPLA/part-053536_053727-015176.parquet,real_data_sample\l2_unseen_validation\trade_date=2026-07-17\exchange=NSE\symbol=CIPLA\part-053536_053727-015176.parquet,34894,downloaded,34894,
2026-07-17,NSE,CIPLA,raw_l2/trade_date=2026-07-17/exchange=NSE/symbol=CIPLA/part-053823_058397-015560.parquet,real_data_sample\l2_unseen_validation\trade_date=2026-07-17\exchange=NSE\symbol=CIPLA\part-053823_058397-015560.parquet,34616,downloaded,34616,
2026-07-17,NSE,CIPLA,raw_l2/trade_date=2026-07-17/exchange=NSE/symbol=CIPLA/part-053645_761922-015336.parquet,real_data_sample\l2_unseen_validation\trade_date=2026-07-17\exchange=NSE\symbol=CIPLA\part-053645_761922-015336.parquet,34634,downloaded,34634,
2026-07-17,NSE,CIPLA,raw_l2/trade_date=2026-07-17/exchange=NSE/symbol=CIPLA/part-053837_291977-015592.parquet,real_data_sample\l2_unseen_validation\trade_date=2026-07-17\exchange=NSE\symbol=CIPLA\part-053837_291977-015592.parquet,34772,downloaded,34772,
2026-07-17,NSE,CIPLA,raw_l2/trade_date=2026-07-17/exchange=NSE/symbol=CIPLA/part-053603_523851-015240.parquet,real_data_sample\l2_unseen_validation\trade_date=2026-07-17\exchange=NSE\symbol=CIPLA\part-053603_523851-015240.parquet,34639,downloaded,34639,
2026-07-17,NSE,CIPLA,raw_l2/trade_date=2026-07-17/exchange=NSE/symbol=CIPLA/part-053918_933488-015688.parquet,real_data_sample\l2_unseen_validation\trade_date=2026-07-17\exchange=NSE\symbol=CIPLA\part-053918_933488-015688.parquet,34745,downloaded,34745,
2026-07-17,NSE,CIPLA,raw_l2/trade_date=2026-07-17/exchange=NSE/symbol=CIPLA/part-053755_252379-015496.parquet,real_data_sample\l2_unseen_validation\trade_date=2026-07-17\exchange=NSE\symbol=CIPLA\part-053755_252379-015496.parquet,35318,downloaded,35318,
2026-07-17,NSE,CIPLA,raw_l2/trade_date=2026-07-17/exchange=NSE/symbol=CIPLA/part-053549_797892-015208.parquet,real_data_sample\l2_unseen_validation\trade_date=2026-07-17\exchange=NSE\symbol=CIPLA\part-053549_797892-015208.parquet,34606,downloaded,34606,
2026-07-17,NSE,CIPLA,raw_l2/trade_date=2026-07-17/exchange=NSE/symbol=CIPLA/part-053809_065755-015528.parquet,real_data_sample\l2_unseen_validation\trade_date=2026-07-17\exchange=NSE\symbol=CIPLA\part-053809_065755-015528.parquet,35621,downloaded,35621,
2026-07-17,NSE,CIPLA,raw_l2/trade_date=2026-07-17/exchange=NSE/symbol=CIPLA/part-053617_521933-015272.parquet,real_data_sample\l2_unseen_validation\trade_date=2026-07-17\exchange=NSE\symbol=CIPLA\part-053617_521933-015272.parquet,34613,downloaded,34613,
2026-07-17,NSE,CIPLA,raw_l2/trade_date=2026-07-17/exchange=NSE/symbol=CIPLA/part-053851_286068-015624.parquet,real_data_sample\l2_unseen_validation\trade_date=2026-07-17\exchange=NSE\symbol=CIPLA\part-053851_286068-015624.parquet,34762,downloaded,34762,
2026-07-17,NSE,CIPLA,raw_l2/trade_date=2026-07-17/exchange=NSE/symbol=CIPLA/part-053659_529576-015368.parquet,real_data_sample\l2_unseen_validation\trade_date=2026-07-17\exchange=NSE\symbol=CIPLA\part-053659_529576-015368.parquet,34616,downloaded,34616,
2026-07-17,NSE,CIPLA,raw_l2/trade_date=2026-07-17/exchange=NSE/symbol=CIPLA/part-054028_768604-015848.parquet,real_data_sample\l2_unseen_validation\trade_date=2026-07-17\exchange=NSE\symbol=CIPLA\part-054028_768604-015848.parquet,34668,downloaded,34668,
2026-07-17,NSE,CIPLA,raw_l2/trade_date=2026-07-17/exchange=NSE/symbol=CIPLA/part-053905_058188-015656.parquet,real_data_sample\l2_unseen_validation\trade_date=2026-07-17\exchange=NSE\symbol=CIPLA\part-053905_058188-015656.parquet,34668,downloaded,34668,
2026-07-17,NSE,CIPLA,raw_l2/trade_date=2026-07-17/exchange=NSE/symbol=CIPLA/part-054000_867898-015784.parquet,real_data_sample\l2_unseen_validation\trade_date=2026-07-17\exchange=NSE\symbol=CIPLA\part-054000_867898-015784.parquet,34530,downloaded,34530,
2026-07-17,NSE,CIPLA,raw_l2/trade_date=2026-07-17/exchange=NSE/symbol=CIPLA/part-054014_742752-015816.parquet,real_data_sample\l2_unseen_validation\trade_date=2026-07-17\exchange=NSE\symbol=CIPLA\part-054014_742752-015816.parquet,34749,downloaded,34749,
2026-07-17,NSE,CIPLA,raw_l2/trade_date=2026-07-17/exchange=NSE/symbol=CIPLA/part-053713_553144-015400.parquet,real_data_sample\l2_unseen_validation\trade_date=2026-07-17\exchange=NSE\symbol=CIPLA\part-053713_553144-015400.parquet,35085,downloaded,35085,
2026-07-17,NSE,CIPLA,raw_l2/trade_date=2026-07-17/exchange=NSE/symbol=CIPLA/part-054110_521767-015944.parquet,real_data_sample\l2_unseen_validation\trade_date=2026-07-17\exchange=NSE\symbol=CIPLA\part-054110_521767-015944.parquet,34542,downloaded,34542,
2026-07-17,NSE,CIPLA,raw_l2/trade_date=2026-07-17/exchange=NSE/symbol=CIPLA/part-054329_360359-016264.parquet,real_data_sample\l2_unseen_validation\trade_date=2026-07-17\exchange=NSE\symbol=CIPLA\part-054329_360359-016264.parquet,34620,downloaded,34620,
2026-07-17,NSE,CIPLA,raw_l2/trade_date=2026-07-17/exchange=NSE/symbol=CIPLA/part-054056_550979-015912.parquet,real_data_sample\l2_unseen_validation\trade_date=2026-07-17\exchange=NSE\symbol=CIPLA\part-054056_550979-015912.parquet,34686,downloaded,34686,
2026-07-17,NSE,CIPLA,raw_l2/trade_date=2026-07-17/exchange=NSE/symbol=CIPLA/part-054343_311720-016296.parquet,real_data_sample\l2_unseen_validation\trade_date=2026-07-17\exchange=NSE\symbol=CIPLA\part-054343_311720-016296.parquet,34562,downloaded,34562,
2026-07-17,NSE,CIPLA,raw_l2/trade_date=2026-07-17/exchange=NSE/symbol=CIPLA/part-054534_295551-016552.parquet,real_data_sample\l2_unseen_validation\trade_date=2026-07-17\exchange=NSE\symbol=CIPLA\part-054534_295551-016552.parquet,34569,downloaded,34569,
2026-07-17,NSE,CIPLA,raw_l2/trade_date=2026-07-17/exchange=NSE/symbol=CIPLA/part-054411_044144-016360.parquet,real_data_sample\l2_unseen_validation\trade_date=2026-07-17\exchange=NSE\symbol=CIPLA\part-054411_044144-016360.parquet,34688,downloaded,34688,
2026-07-17,NSE,CIPLA,raw_l2/trade_date=2026-07-17/exchange=NSE/symbol=CIPLA/part-054124_262210-015976.parquet,real_data_sample\l2_unseen_validation\trade_date=2026-07-17\exchange=NSE\symbol=CIPLA\part-054124_262210-015976.parquet,34703,downloaded,34703,
2026-07-17,NSE,CIPLA,raw_l2/trade_date=2026-07-17/exchange=NSE/symbol=CIPLA/part-054205_794756-016072.parquet,real_data_sample\l2_unseen_validation\trade_date=2026-07-17\exchange=NSE\symbol=CIPLA\part-054205_794756-016072.parquet,34639,downloaded,34639,
2026-07-17,NSE,CIPLA,raw_l2/trade_date=2026-07-17/exchange=NSE/symbol=CIPLA/part-054357_041411-016328.parquet,real_data_sample\l2_unseen_validation\trade_date=2026-07-17\exchange=NSE\symbol=CIPLA\part-054357_041411-016328.parquet,34621,downloaded,34621,
2026-07-17,NSE,CIPLA,raw_l2/trade_date=2026-07-17/exchange=NSE/symbol=CIPLA/part-054438_767308-016424.parquet,real_data_sample\l2_unseen_validation\trade_date=2026-07-17\exchange=NSE\symbol=CIPLA\part-054438_767308-016424.parquet,34581,downloaded,34581,
2026-07-17,NSE,CIPLA,raw_l2/trade_date=2026-07-17/exchange=NSE/symbol=CIPLA/part-054219_767008-016104.parquet,real_data_sample\l2_unseen_validation\trade_date=2026-07-17\exchange=NSE\symbol=CIPLA\part-054219_767008-016104.parquet,34640,downloaded,34640,
2026-07-17,NSE,CIPLA,raw_l2/trade_date=2026-07-17/exchange=NSE/symbol=CIPLA/part-054548_275477-016584.parquet,real_data_sample\l2_unseen_validation\trade_date=2026-07-17\exchange=NSE\symbol=CIPLA\part-054548_275477-016584.parquet,34619,downloaded,34619,
2026-07-17,NSE,CIPLA,raw_l2/trade_date=2026-07-17/exchange=NSE/symbol=CIPLA/part-054151_801554-016040.parquet,real_data_sample\l2_unseen_validation\trade_date=2026-07-17\exchange=NSE\symbol=CIPLA\part-054151_801554-016040.parquet,34635,downloaded,34635,
2026-07-17,NSE,CIPLA,raw_l2/trade_date=2026-07-17/exchange=NSE/symbol=CIPLA/part-054247_511456-016168.parquet,real_data_sample\l2_unseen_validation\trade_date=2026-07-17\exchange=NSE\symbol=CIPLA\part-054247_511456-016168.parquet,34386,downloaded,34386,
2026-07-17,NSE,CIPLA,raw_l2/trade_date=2026-07-17/exchange=NSE/symbol=CIPLA/part-054315_517739-016232.parquet,real_data_sample\l2_unseen_validation\trade_date=2026-07-17\exchange=NSE\symbol=CIPLA\part-054315_517739-016232.parquet,34695,downloaded,34695,
2026-07-17,NSE,CIPLA,raw_l2/trade_date=2026-07-17/exchange=NSE/symbol=CIPLA/part-054301_525159-016200.parquet,real_data_sample\l2_unseen_validation\trade_date=2026-07-17\exchange=NSE\symbol=CIPLA\part-054301_525159-016200.parquet,34575,downloaded,34575,
2026-07-17,NSE,CIPLA,raw_l2/trade_date=2026-07-17/exchange=NSE/symbol=CIPLA/part-054233_480564-016136.parquet,real_data_sample\l2_unseen_validation\trade_date=2026-07-17\exchange=NSE\symbol=CIPLA\part-054233_480564-016136.parquet,34493,downloaded,34493,
2026-07-17,NSE,CIPLA,raw_l2/trade_date=2026-07-17/exchange=NSE/symbol=CIPLA/part-054520_576677-016520.parquet,real_data_sample\l2_unseen_validation\trade_date=2026-07-17\exchange=NSE\symbol=CIPLA\part-054520_576677-016520.parquet,34768,downloaded,34768,
2026-07-17,NSE,CIPLA,raw_l2/trade_date=2026-07-17/exchange=NSE/symbol=CIPLA/part-054452_796724-016456.parquet,real_data_sample\l2_unseen_validation\trade_date=2026-07-17\exchange=NSE\symbol=CIPLA\part-054452_796724-016456.parquet,34559,downloaded,34559,
2026-07-17,NSE,CIPLA,raw_l2/trade_date=2026-07-17/exchange=NSE/symbol=CIPLA/part-054506_536810-016488.parquet,real_data_sample\l2_unseen_validation\trade_date=2026-07-17\exchange=NSE\symbol=CIPLA\part-054506_536810-016488.parquet,34634,downloaded,34634,
2026-07-17,NSE,CIPLA,raw_l2/trade_date=2026-07-17/exchange=NSE/symbol=CIPLA/part-054425_012339-016392.parquet,real_data_sample\l2_unseen_validation\trade_date=2026-07-17\exchange=NSE\symbol=CIPLA\part-054425_012339-016392.parquet,34614,downloaded,34614,
2026-07-17,NSE,CIPLA,raw_l2/trade_date=2026-07-17/exchange=NSE/symbol=CIPLA/part-054042_595922-015880.parquet,real_data_sample\l2_unseen_validation\trade_date=2026-07-17\exchange=NSE\symbol=CIPLA\part-054042_595922-015880.parquet,34698,downloaded,34698,
2026-07-17,NSE,CIPLA,raw_l2/trade_date=2026-07-17/exchange=NSE/symbol=CIPLA/part-054629_775348-016680.parquet,real_data_sample\l2_unseen_validation\trade_date=2026-07-17\exchange=NSE\symbol=CIPLA\part-054629_775348-016680.parquet,34550,downloaded,34550,
2026-07-17,NSE,CIPLA,raw_l2/trade_date=2026-07-17/exchange=NSE/symbol=CIPLA/part-054643_573159-016712.parquet,real_data_sample\l2_unseen_validation\trade_date=2026-07-17\exchange=NSE\symbol=CIPLA\part-054643_573159-016712.parquet,34592,downloaded,34592,
2026-07-17,NSE,CIPLA,raw_l2/trade_date=2026-07-17/exchange=NSE/symbol=CIPLA/part-054602_073710-016616.parquet,real_data_sample\l2_unseen_validation\trade_date=2026-07-17\exchange=NSE\symbol=CIPLA\part-054602_073710-016616.parquet,34768,downloaded,34768,
2026-07-17,NSE,CIPLA,raw_l2/trade_date=2026-07-17/exchange=NSE/symbol=CIPLA/part-054616_041026-016648.parquet,real_data_sample\l2_unseen_validation\trade_date=2026-07-17\exchange=NSE\symbol=CIPLA\part-054616_041026-016648.parquet,34913,downloaded,34913,
2026-07-17,NSE,CIPLA,raw_l2/trade_date=2026-07-17/exchange=NSE/symbol=CIPLA/part-054711_365353-016776.parquet,real_data_sample\l2_unseen_validation\trade_date=2026-07-17\exchange=NSE\symbol=CIPLA\part-054711_365353-016776.parquet,34531,downloaded,34531,
2026-07-17,NSE,CIPLA,raw_l2/trade_date=2026-07-17/exchange=NSE/symbol=CIPLA/part-054657_514660-016744.parquet,real_data_sample\l2_unseen_validation\trade_date=2026-07-17\exchange=NSE\symbol=CIPLA\part-054657_514660-016744.parquet,34608,downloaded,34608,
2026-07-17,NSE,CIPLA,raw_l2/trade_date=2026-07-17/exchange=NSE/symbol=CIPLA/part-055001_689436-017160.parquet,real_data_sample\l2_unseen_validation\trade_date=2026-07-17\exchange=NSE\symbol=CIPLA\part-055001_689436-017160.parquet,34826,downloaded,34826,
2026-07-17,NSE,CIPLA,raw_l2/trade_date=2026-07-17/exchange=NSE/symbol=CIPLA/part-055016_196572-017192.parquet,real_data_sample\l2_unseen_validation\trade_date=2026-07-17\exchange=NSE\symbol=CIPLA\part-055016_196572-017192.parquet,34552,downloaded,34552,
2026-07-17,NSE,CIPLA,raw_l2/trade_date=2026-07-17/exchange=NSE/symbol=CIPLA/part-055044_814808-017256.parquet,real_data_sample\l2_unseen_validation\trade_date=2026-07-17\exchange=NSE\symbol=CIPLA\part-055044_814808-017256.parquet,34634,downloaded,34634,
2026-07-17,NSE,CIPLA,raw_l2/trade_date=2026-07-17/exchange=NSE/symbol=CIPLA/part-055030_127804-017224.parquet,real_data_sample\l2_unseen_validation\trade_date=2026-07-17\exchange=NSE\symbol=CIPLA\part-055030_127804-017224.parquet,34610,downloaded,34610,
2026-07-17,NSE,CIPLA,raw_l2/trade_date=2026-07-17/exchange=NSE/symbol=CIPLA/part-055128_665490-017352.parquet,real_data_sample\l2_unseen_validation\trade_date=2026-07-17\exchange=NSE\symbol=CIPLA\part-055128_665490-017352.parquet,34603,downloaded,34603,
2026-07-17,NSE,CIPLA,raw_l2/trade_date=2026-07-17/exchange=NSE/symbol=CIPLA/part-055227_331870-017480.parquet,real_data_sample\l2_unseen_validation\trade_date=2026-07-17\exchange=NSE\symbol=CIPLA\part-055227_331870-017480.parquet,34645,downloaded,34645,
2026-07-17,NSE,CIPLA,raw_l2/trade_date=2026-07-17/exchange=NSE/symbol=CIPLA/part-055143_422065-017384.parquet,real_data_sample\l2_unseen_validation\trade_date=2026-07-17\exchange=NSE\symbol=CIPLA\part-055143_422065-017384.parquet,34604,downloaded,34604,
2026-07-17,NSE,CIPLA,raw_l2/trade_date=2026-07-17/exchange=NSE/symbol=CIPLA/part-055158_236759-017416.parquet,real_data_sample\l2_unseen_validation\trade_date=2026-07-17\exchange=NSE\symbol=CIPLA\part-055158_236759-017416.parquet,34593,downloaded,34593,
2026-07-17,NSE,CIPLA,raw_l2/trade_date=2026-07-17/exchange=NSE/symbol=CIPLA/part-055212_746557-017448.parquet,real_data_sample\l2_unseen_validation\trade_date=2026-07-17\exchange=NSE\symbol=CIPLA\part-055212_746557-017448.parquet,34664,downloaded,34664,
2026-07-17,NSE,CIPLA,raw_l2/trade_date=2026-07-17/exchange=NSE/symbol=CIPLA/part-055113_896825-017320.parquet,real_data_sample\l2_unseen_validation\trade_date=2026-07-17\exchange=NSE\symbol=CIPLA\part-055113_896825-017320.parquet,34752,downloaded,34752,
2026-07-17,NSE,CIPLA,raw_l2/trade_date=2026-07-17/exchange=NSE/symbol=CIPLA/part-055256_929329-017544.parquet,real_data_sample\l2_unseen_validation\trade_date=2026-07-17\exchange=NSE\symbol=CIPLA\part-055256_929329-017544.parquet,34520,downloaded,34520,
2026-07-17,NSE,CIPLA,raw_l2/trade_date=2026-07-17/exchange=NSE/symbol=CIPLA/part-055325_356817-017608.parquet,real_data_sample\l2_unseen_validation\trade_date=2026-07-17\exchange=NSE\symbol=CIPLA\part-055325_356817-017608.parquet,34422,downloaded,34422,
2026-07-17,NSE,CIPLA,raw_l2/trade_date=2026-07-17/exchange=NSE/symbol=CIPLA/part-055241_963228-017512.parquet,real_data_sample\l2_unseen_validation\trade_date=2026-07-17\exchange=NSE\symbol=CIPLA\part-055241_963228-017512.parquet,34704,downloaded,34704,
2026-07-17,NSE,CIPLA,raw_l2/trade_date=2026-07-17/exchange=NSE/symbol=CIPLA/part-055311_280356-017576.parquet,real_data_sample\l2_unseen_validation\trade_date=2026-07-17\exchange=NSE\symbol=CIPLA\part-055311_280356-017576.parquet,34717,downloaded,34717,
2026-07-17,NSE,CIPLA,raw_l2/trade_date=2026-07-17/exchange=NSE/symbol=CIPLA/part-054138_050793-016008.parquet,real_data_sample\l2_unseen_validation\trade_date=2026-07-17\exchange=NSE\symbol=CIPLA\part-054138_050793-016008.parquet,34634,downloaded,34634,
2026-07-17,NSE,CIPLA,raw_l2/trade_date=2026-07-17/exchange=NSE/symbol=CIPLA/part-052847_584808-014248.parquet,real_data_sample\l2_unseen_validation\trade_date=2026-07-17\exchange=NSE\symbol=CIPLA\part-052847_584808-014248.parquet,34740,downloaded,34740,
2026-07-17,NSE,CIPLA,raw_l2/trade_date=2026-07-17/exchange=NSE/symbol=CIPLA/part-052325_263381-013512.parquet,real_data_sample\l2_unseen_validation\trade_date=2026-07-17\exchange=NSE\symbol=CIPLA\part-052325_263381-013512.parquet,34931,downloaded,34931,
2026-07-17,NSE,CIPLA,raw_l2/trade_date=2026-07-17/exchange=NSE/symbol=CIPLA/part-052723_643135-014056.parquet,real_data_sample\l2_unseen_validation\trade_date=2026-07-17\exchange=NSE\symbol=CIPLA\part-052723_643135-014056.parquet,34663,downloaded,34663,
2026-07-17,NSE,CIPLA,raw_l2/trade_date=2026-07-17/exchange=NSE/symbol=CIPLA/part-055059_306056-017288.parquet,real_data_sample\l2_unseen_validation\trade_date=2026-07-17\exchange=NSE\symbol=CIPLA\part-055059_306056-017288.parquet,34737,downloaded,34737,
2026-07-17,NSE,CIPLA,raw_l2/trade_date=2026-07-17/exchange=NSE/symbol=CIPLA/part-052421_251057-013640.parquet,real_data_sample\l2_unseen_validation\trade_date=2026-07-17\exchange=NSE\symbol=CIPLA\part-052421_251057-013640.parquet,35700,downloaded,35700,
2026-07-17,NSE,CIPLA,raw_l2/trade_date=2026-07-17/exchange=NSE/symbol=CIPLA/part-055339_801971-017640.parquet,real_data_sample\l2_unseen_validation\trade_date=2026-07-17\exchange=NSE\symbol=CIPLA\part-055339_801971-017640.parquet,34539,downloaded,34539,
2026-07-17,NSE,CIPLA,raw_l2/trade_date=2026-07-17/exchange=NSE/symbol=CIPLA/part-055408_420348-017704.parquet,real_data_sample\l2_unseen_validation\trade_date=2026-07-17\exchange=NSE\symbol=CIPLA\part-055408_420348-017704.parquet,34664,downloaded,34664,
2026-07-17,NSE,CIPLA,raw_l2/trade_date=2026-07-17/exchange=NSE/symbol=CIPLA/part-055450_643660-017800.parquet,real_data_sample\l2_unseen_validation\trade_date=2026-07-17\exchange=NSE\symbol=CIPLA\part-055450_643660-017800.parquet,34607,downloaded,34607,
2026-07-17,NSE,CIPLA,raw_l2/trade_date=2026-07-17/exchange=NSE/symbol=CIPLA/part-055422_563626-017736.parquet,real_data_sample\l2_unseen_validation\trade_date=2026-07-17\exchange=NSE\symbol=CIPLA\part-055422_563626-017736.parquet,34753,downloaded,34753,
2026-07-17,NSE,CIPLA,raw_l2/trade_date=2026-07-17/exchange=NSE/symbol=CIPLA/part-055436_626581-017768.parquet,real_data_sample\l2_unseen_validation\trade_date=2026-07-17\exchange=NSE\symbol=CIPLA\part-055436_626581-017768.parquet,34685,downloaded,34685,
2026-07-17,NSE,CIPLA,raw_l2/trade_date=2026-07-17/exchange=NSE/symbol=CIPLA/part-055354_208165-017672.parquet,real_data_sample\l2_unseen_validation\trade_date=2026-07-17\exchange=NSE\symbol=CIPLA\part-055354_208165-017672.parquet,34677,downloaded,34677,
2026-07-17,NSE,CIPLA,raw_l2/trade_date=2026-07-17/exchange=NSE/symbol=CIPLA/part-054904_372489-017032.parquet,real_data_sample\l2_unseen_validation\trade_date=2026-07-17\exchange=NSE\symbol=CIPLA\part-054904_372489-017032.parquet,34578,downloaded,34578,
2026-07-17,NSE,CIPLA,raw_l2/trade_date=2026-07-17/exchange=NSE/symbol=CIPLA/part-052435_240421-013672.parquet,real_data_sample\l2_unseen_validation\trade_date=2026-07-17\exchange=NSE\symbol=CIPLA\part-052435_240421-013672.parquet,35590,downloaded,35590,
2026-07-17,NSE,CIPLA,raw_l2/trade_date=2026-07-17/exchange=NSE/symbol=CIPLA/part-054725_611413-016808.parquet,real_data_sample\l2_unseen_validation\trade_date=2026-07-17\exchange=NSE\symbol=CIPLA\part-054725_611413-016808.parquet,34575,downloaded,34575,
2026-07-17,NSE,CIPLA,raw_l2/trade_date=2026-07-17/exchange=NSE/symbol=CIPLA/part-055504_633598-017832.parquet,real_data_sample\l2_unseen_validation\trade_date=2026-07-17\exchange=NSE\symbol=CIPLA\part-055504_633598-017832.parquet,34575,downloaded,34575,
2026-07-17,NSE,CIPLA,raw_l2/trade_date=2026-07-17/exchange=NSE/symbol=CIPLA/part-054739_623717-016840.parquet,real_data_sample\l2_unseen_validation\trade_date=2026-07-17\exchange=NSE\symbol=CIPLA\part-054739_623717-016840.parquet,34652,downloaded,34652,
2026-07-17,NSE,CIPLA,raw_l2/trade_date=2026-07-17/exchange=NSE/symbol=CIPLA/part-055518_588993-017864.parquet,real_data_sample\l2_unseen_validation\trade_date=2026-07-17\exchange=NSE\symbol=CIPLA\part-055518_588993-017864.parquet,34867,downloaded,34867,
2026-07-17,NSE,CIPLA,raw_l2/trade_date=2026-07-17/exchange=NSE/symbol=CIPLA/part-054836_114182-016968.parquet,real_data_sample\l2_unseen_validation\trade_date=2026-07-17\exchange=NSE\symbol=CIPLA\part-054836_114182-016968.parquet,34689,downloaded,34689,
2026-07-17,NSE,CIPLA,raw_l2/trade_date=2026-07-17/exchange=NSE/symbol=CIPLA/part-054918_575325-017064.parquet,real_data_sample\l2_unseen_validation\trade_date=2026-07-17\exchange=NSE\symbol=CIPLA\part-054918_575325-017064.parquet,34652,downloaded,34652,
2026-07-17,NSE,CIPLA,raw_l2/trade_date=2026-07-17/exchange=NSE/symbol=CIPLA/part-055546_605407-017928.parquet,real_data_sample\l2_unseen_validation\trade_date=2026-07-17\exchange=NSE\symbol=CIPLA\part-055546_605407-017928.parquet,34579,downloaded,34579,
2026-07-17,NSE,CIPLA,raw_l2/trade_date=2026-07-17/exchange=NSE/symbol=CIPLA/part-054932_826723-017096.parquet,real_data_sample\l2_unseen_validation\trade_date=2026-07-17\exchange=NSE\symbol=CIPLA\part-054932_826723-017096.parquet,34749,downloaded,34749,
2026-07-17,NSE,CIPLA,raw_l2/trade_date=2026-07-17/exchange=NSE/symbol=CIPLA/part-055532_653556-017896.parquet,real_data_sample\l2_unseen_validation\trade_date=2026-07-17\exchange=NSE\symbol=CIPLA\part-055532_653556-017896.parquet,34678,downloaded,34678,
2026-07-17,NSE,CIPLA,raw_l2/trade_date=2026-07-17/exchange=NSE/symbol=CIPLA/part-055600_675901-017960.parquet,real_data_sample\l2_unseen_validation\trade_date=2026-07-17\exchange=NSE\symbol=CIPLA\part-055600_675901-017960.parquet,34482,downloaded,34482,
2026-07-17,NSE,CIPLA,raw_l2/trade_date=2026-07-17/exchange=NSE/symbol=CIPLA/part-055614_884081-017992.parquet,real_data_sample\l2_unseen_validation\trade_date=2026-07-17\exchange=NSE\symbol=CIPLA\part-055614_884081-017992.parquet,35075,downloaded,35075,
2026-07-17,NSE,CIPLA,raw_l2/trade_date=2026-07-17/exchange=NSE/symbol=CIPLA/part-055628_869898-018024.parquet,real_data_sample\l2_unseen_validation\trade_date=2026-07-17\exchange=NSE\symbol=CIPLA\part-055628_869898-018024.parquet,35625,downloaded,35625,
2026-07-17,NSE,CIPLA,raw_l2/trade_date=2026-07-17/exchange=NSE/symbol=CIPLA/part-055657_112087-018088.parquet,real_data_sample\l2_unseen_validation\trade_date=2026-07-17\exchange=NSE\symbol=CIPLA\part-055657_112087-018088.parquet,35419,downloaded,35419,
2026-07-17,NSE,CIPLA,raw_l2/trade_date=2026-07-17/exchange=NSE/symbol=CIPLA/part-055643_083073-018056.parquet,real_data_sample\l2_unseen_validation\trade_date=2026-07-17\exchange=NSE\symbol=CIPLA\part-055643_083073-018056.parquet,35366,downloaded,35366,
2026-07-17,NSE,CIPLA,raw_l2/trade_date=2026-07-17/exchange=NSE/symbol=CIPLA/part-055711_112768-018120.parquet,real_data_sample\l2_unseen_validation\trade_date=2026-07-17\exchange=NSE\symbol=CIPLA\part-055711_112768-018120.parquet,35507,downloaded,35507,
2026-07-17,NSE,CIPLA,raw_l2/trade_date=2026-07-17/exchange=NSE/symbol=CIPLA/part-052833_553104-014216.parquet,real_data_sample\l2_unseen_validation\trade_date=2026-07-17\exchange=NSE\symbol=CIPLA\part-052833_553104-014216.parquet,34753,downloaded,34753,
2026-07-17,NSE,CIPLA,raw_l2/trade_date=2026-07-17/exchange=NSE/symbol=CIPLA/part-055725_125278-018152.parquet,real_data_sample\l2_unseen_validation\trade_date=2026-07-17\exchange=NSE\symbol=CIPLA\part-055725_125278-018152.parquet,35624,downloaded,35624,
2026-07-17,NSE,CIPLA,raw_l2/trade_date=2026-07-17/exchange=NSE/symbol=CIPLA/part-052407_264356-013608.parquet,real_data_sample\l2_unseen_validation\trade_date=2026-07-17\exchange=NSE\symbol=CIPLA\part-052407_264356-013608.parquet,34698,downloaded,34698,
2026-07-17,NSE,CIPLA,raw_l2/trade_date=2026-07-17/exchange=NSE/symbol=CIPLA/part-054850_361015-017000.parquet,real_data_sample\l2_unseen_validation\trade_date=2026-07-17\exchange=NSE\symbol=CIPLA\part-054850_361015-017000.parquet,34741,downloaded,34741,
2026-07-17,NSE,CIPLA,raw_l2/trade_date=2026-07-17/exchange=NSE/symbol=CIPLA/part-055753_393937-018216.parquet,real_data_sample\l2_unseen_validation\trade_date=2026-07-17\exchange=NSE\symbol=CIPLA\part-055753_393937-018216.parquet,35440,downloaded,35440,
2026-07-17,NSE,CIPLA,raw_l2/trade_date=2026-07-17/exchange=NSE/symbol=CIPLA/part-055739_384824-018184.parquet,real_data_sample\l2_unseen_validation\trade_date=2026-07-17\exchange=NSE\symbol=CIPLA\part-055739_384824-018184.parquet,35431,downloaded,35431,
2026-07-17,NSE,CIPLA,raw_l2/trade_date=2026-07-17/exchange=NSE/symbol=CIPLA/part-054947_177619-017128.parquet,real_data_sample\l2_unseen_validation\trade_date=2026-07-17\exchange=NSE\symbol=CIPLA\part-054947_177619-017128.parquet,34798,downloaded,34798,
2026-07-17,NSE,CIPLA,raw_l2/trade_date=2026-07-17/exchange=NSE/symbol=CIPLA/part-054753_829124-016872.parquet,real_data_sample\l2_unseen_validation\trade_date=2026-07-17\exchange=NSE\symbol=CIPLA\part-054753_829124-016872.parquet,34572,downloaded,34572,
2026-07-17,NSE,CIPLA,raw_l2/trade_date=2026-07-17/exchange=NSE/symbol=CIPLA/part-055904_107348-018376.parquet,real_data_sample\l2_unseen_validation\trade_date=2026-07-17\exchange=NSE\symbol=CIPLA\part-055904_107348-018376.parquet,34621,downloaded,34621,
2026-07-17,NSE,CIPLA,raw_l2/trade_date=2026-07-17/exchange=NSE/symbol=CIPLA/part-055807_348744-018248.parquet,real_data_sample\l2_unseen_validation\trade_date=2026-07-17\exchange=NSE\symbol=CIPLA\part-055807_348744-018248.parquet,35585,downloaded,35585,
2026-07-17,NSE,CIPLA,raw_l2/trade_date=2026-07-17/exchange=NSE/symbol=CIPLA/part-054807_769182-016904.parquet,real_data_sample\l2_unseen_validation\trade_date=2026-07-17\exchange=NSE\symbol=CIPLA\part-054807_769182-016904.parquet,34640,downloaded,34640,
2026-07-17,NSE,CIPLA,raw_l2/trade_date=2026-07-17/exchange=NSE/symbol=CIPLA/part-055821_397972-018280.parquet,real_data_sample\l2_unseen_validation\trade_date=2026-07-17\exchange=NSE\symbol=CIPLA\part-055821_397972-018280.parquet,35077,downloaded,35077,
2026-07-17,NSE,CIPLA,raw_l2/trade_date=2026-07-17/exchange=NSE/symbol=CIPLA/part-055849_965587-018344.parquet,real_data_sample\l2_unseen_validation\trade_date=2026-07-17\exchange=NSE\symbol=CIPLA\part-055849_965587-018344.parquet,34857,downloaded,34857,
2026-07-17,NSE,CIPLA,raw_l2/trade_date=2026-07-17/exchange=NSE/symbol=CIPLA/part-055835_646160-018312.parquet,real_data_sample\l2_unseen_validation\trade_date=2026-07-17\exchange=NSE\symbol=CIPLA\part-055835_646160-018312.parquet,34749,downloaded,34749,
2026-07-17,NSE,CIPLA,raw_l2/trade_date=2026-07-17/exchange=NSE/symbol=CIPLA/part-054821_870662-016936.parquet,real_data_sample\l2_unseen_validation\trade_date=2026-07-17\exchange=NSE\symbol=CIPLA\part-054821_870662-016936.parquet,34501,downloaded,34501,
2026-07-17,NSE,CIPLA,raw_l2/trade_date=2026-07-17/exchange=NSE/symbol=CIPLA/part-060029_399722-018568.parquet,real_data_sample\l2_unseen_validation\trade_date=2026-07-17\exchange=NSE\symbol=CIPLA\part-060029_399722-018568.parquet,35762,downloaded,35762,
2026-07-17,NSE,CIPLA,raw_l2/trade_date=2026-07-17/exchange=NSE/symbol=CIPLA/part-055932_380497-018440.parquet,real_data_sample\l2_unseen_validation\trade_date=2026-07-17\exchange=NSE\symbol=CIPLA\part-055932_380497-018440.parquet,34779,downloaded,34779,
2026-07-17,NSE,CIPLA,raw_l2/trade_date=2026-07-17/exchange=NSE/symbol=CIPLA/part-060057_886870-018632.parquet,real_data_sample\l2_unseen_validation\trade_date=2026-07-17\exchange=NSE\symbol=CIPLA\part-060057_886870-018632.parquet,35401,downloaded,35401,
2026-07-17,NSE,CIPLA,raw_l2/trade_date=2026-07-17/exchange=NSE/symbol=CIPLA/part-060015_379279-018536.parquet,real_data_sample\l2_unseen_validation\trade_date=2026-07-17\exchange=NSE\symbol=CIPLA\part-060015_379279-018536.parquet,35109,downloaded,35109,
2026-07-17,NSE,CIPLA,raw_l2/trade_date=2026-07-17/exchange=NSE/symbol=CIPLA/part-055918_098680-018408.parquet,real_data_sample\l2_unseen_validation\trade_date=2026-07-17\exchange=NSE\symbol=CIPLA\part-055918_098680-018408.parquet,34947,downloaded,34947,
2026-07-17,NSE,CIPLA,raw_l2/trade_date=2026-07-17/exchange=NSE/symbol=CIPLA/part-055946_489246-018472.parquet,real_data_sample\l2_unseen_validation\trade_date=2026-07-17\exchange=NSE\symbol=CIPLA\part-055946_489246-018472.parquet,34648,downloaded,34648,
2026-07-17,NSE,CIPLA,raw_l2/trade_date=2026-07-17/exchange=NSE/symbol=CIPLA/part-060001_104969-018504.parquet,real_data_sample\l2_unseen_validation\trade_date=2026-07-17\exchange=NSE\symbol=CIPLA\part-060001_104969-018504.parquet,34976,downloaded,34976,
2026-07-17,NSE,CIPLA,raw_l2/trade_date=2026-07-17/exchange=NSE/symbol=CIPLA/part-060043_643383-018600.parquet,real_data_sample\l2_unseen_validation\trade_date=2026-07-17\exchange=NSE\symbol=CIPLA\part-060043_643383-018600.parquet,35411,downloaded,35411,
2026-07-17,NSE,CIPLA,raw_l2/trade_date=2026-07-17/exchange=NSE/symbol=CIPLA/part-060112_114585-018664.parquet,real_data_sample\l2_unseen_validation\trade_date=2026-07-17\exchange=NSE\symbol=CIPLA\part-060112_114585-018664.parquet,35317,downloaded,35317,
2026-07-17,NSE,CIPLA,raw_l2/trade_date=2026-07-17/exchange=NSE/symbol=CIPLA/part-060126_142461-018696.parquet,real_data_sample\l2_unseen_validation\trade_date=2026-07-17\exchange=NSE\symbol=CIPLA\part-060126_142461-018696.parquet,34720,downloaded,34720,
2026-07-17,NSE,CIPLA,raw_l2/trade_date=2026-07-17/exchange=NSE/symbol=CIPLA/part-060140_190541-018728.parquet,real_data_sample\l2_unseen_validation\trade_date=2026-07-17\exchange=NSE\symbol=CIPLA\part-060140_190541-018728.parquet,34804,downloaded,34804,
2026-07-17,NSE,CIPLA,raw_l2/trade_date=2026-07-17/exchange=NSE/symbol=CIPLA/part-060154_361793-018760.parquet,real_data_sample\l2_unseen_validation\trade_date=2026-07-17\exchange=NSE\symbol=CIPLA\part-060154_361793-018760.parquet,34754,downloaded,34754,
2026-07-17,NSE,CIPLA,raw_l2/trade_date=2026-07-17/exchange=NSE/symbol=CIPLA/part-060208_338402-018792.parquet,real_data_sample\l2_unseen_validation\trade_date=2026-07-17\exchange=NSE\symbol=CIPLA\part-060208_338402-018792.parquet,34711,downloaded,34711,
2026-07-17,NSE,CIPLA,raw_l2/trade_date=2026-07-17/exchange=NSE/symbol=CIPLA/part-060318_861819-018952.parquet,real_data_sample\l2_unseen_validation\trade_date=2026-07-17\exchange=NSE\symbol=CIPLA\part-060318_861819-018952.parquet,34601,downloaded,34601,
2026-07-17,NSE,CIPLA,raw_l2/trade_date=2026-07-17/exchange=NSE/symbol=CIPLA/part-060250_654316-018888.parquet,real_data_sample\l2_unseen_validation\trade_date=2026-07-17\exchange=NSE\symbol=CIPLA\part-060250_654316-018888.parquet,34579,downloaded,34579,
2026-07-17,NSE,CIPLA,raw_l2/trade_date=2026-07-17/exchange=NSE/symbol=CIPLA/part-060346_915486-019016.parquet,real_data_sample\l2_unseen_validation\trade_date=2026-07-17\exchange=NSE\symbol=CIPLA\part-060346_915486-019016.parquet,34664,downloaded,34664,
2026-07-17,NSE,CIPLA,raw_l2/trade_date=2026-07-17/exchange=NSE/symbol=CIPLA/part-060304_835351-018920.parquet,real_data_sample\l2_unseen_validation\trade_date=2026-07-17\exchange=NSE\symbol=CIPLA\part-060304_835351-018920.parquet,34511,downloaded,34511,
2026-07-17,NSE,CIPLA,raw_l2/trade_date=2026-07-17/exchange=NSE/symbol=CIPLA/part-060443_635784-019144.parquet,real_data_sample\l2_unseen_validation\trade_date=2026-07-17\exchange=NSE\symbol=CIPLA\part-060443_635784-019144.parquet,34577,downloaded,34577,
2026-07-17,NSE,CIPLA,raw_l2/trade_date=2026-07-17/exchange=NSE/symbol=CIPLA/part-052503_013940-013736.parquet,real_data_sample\l2_unseen_validation\trade_date=2026-07-17\exchange=NSE\symbol=CIPLA\part-052503_013940-013736.parquet,35251,downloaded,35251,
2026-07-17,NSE,CIPLA,raw_l2/trade_date=2026-07-17/exchange=NSE/symbol=CIPLA/part-060457_572096-019176.parquet,real_data_sample\l2_unseen_validation\trade_date=2026-07-17\exchange=NSE\symbol=CIPLA\part-060457_572096-019176.parquet,34529,downloaded,34529,
2026-07-17,NSE,CIPLA,raw_l2/trade_date=2026-07-17/exchange=NSE/symbol=CIPLA/part-060621_588661-019368.parquet,real_data_sample\l2_unseen_validation\trade_date=2026-07-17\exchange=NSE\symbol=CIPLA\part-060621_588661-019368.parquet,34432,downloaded,34432,
2026-07-17,NSE,CIPLA,raw_l2/trade_date=2026-07-17/exchange=NSE/symbol=CIPLA/part-052311_316791-013480.parquet,real_data_sample\l2_unseen_validation\trade_date=2026-07-17\exchange=NSE\symbol=CIPLA\part-052311_316791-013480.parquet,34569,downloaded,34569,
2026-07-17,NSE,CIPLA,raw_l2/trade_date=2026-07-17/exchange=NSE/symbol=CIPLA/part-060553_839442-019304.parquet,real_data_sample\l2_unseen_validation\trade_date=2026-07-17\exchange=NSE\symbol=CIPLA\part-060553_839442-019304.parquet,34628,downloaded,34628,
2026-07-17,NSE,CIPLA,raw_l2/trade_date=2026-07-17/exchange=NSE/symbol=CIPLA/part-060332_878536-018984.parquet,real_data_sample\l2_unseen_validation\trade_date=2026-07-17\exchange=NSE\symbol=CIPLA\part-060332_878536-018984.parquet,34700,downloaded,34700,
2026-07-17,NSE,CIPLA,raw_l2/trade_date=2026-07-17/exchange=NSE/symbol=CIPLA/part-060511_608605-019208.parquet,real_data_sample\l2_unseen_validation\trade_date=2026-07-17\exchange=NSE\symbol=CIPLA\part-060511_608605-019208.parquet,34457,downloaded,34457,
2026-07-17,NSE,CIPLA,raw_l2/trade_date=2026-07-17/exchange=NSE/symbol=CIPLA/part-060539_871654-019272.parquet,real_data_sample\l2_unseen_validation\trade_date=2026-07-17\exchange=NSE\symbol=CIPLA\part-060539_871654-019272.parquet,34878,downloaded,34878,
2026-07-17,NSE,CIPLA,raw_l2/trade_date=2026-07-17/exchange=NSE/symbol=CIPLA/part-060222_603092-018824.parquet,real_data_sample\l2_unseen_validation\trade_date=2026-07-17\exchange=NSE\symbol=CIPLA\part-060222_603092-018824.parquet,35006,downloaded,35006,
2026-07-17,NSE,CIPLA,raw_l2/trade_date=2026-07-17/exchange=NSE/symbol=CIPLA/part-060607_808079-019336.parquet,real_data_sample\l2_unseen_validation\trade_date=2026-07-17\exchange=NSE\symbol=CIPLA\part-060607_808079-019336.parquet,34962,downloaded,34962,
2026-07-17,NSE,CIPLA,raw_l2/trade_date=2026-07-17/exchange=NSE/symbol=CIPLA/part-060649_681726-019432.parquet,real_data_sample\l2_unseen_validation\trade_date=2026-07-17\exchange=NSE\symbol=CIPLA\part-060649_681726-019432.parquet,34683,downloaded,34683,
2026-07-17,NSE,CIPLA,raw_l2/trade_date=2026-07-17/exchange=NSE/symbol=CIPLA/part-060400_887390-019048.parquet,real_data_sample\l2_unseen_validation\trade_date=2026-07-17\exchange=NSE\symbol=CIPLA\part-060400_887390-019048.parquet,34650,downloaded,34650,
2026-07-17,NSE,CIPLA,raw_l2/trade_date=2026-07-17/exchange=NSE/symbol=CIPLA/part-060717_890726-019496.parquet,real_data_sample\l2_unseen_validation\trade_date=2026-07-17\exchange=NSE\symbol=CIPLA\part-060717_890726-019496.parquet,34506,downloaded,34506,
2026-07-17,NSE,CIPLA,raw_l2/trade_date=2026-07-17/exchange=NSE/symbol=CIPLA/part-060429_151807-019112.parquet,real_data_sample\l2_unseen_validation\trade_date=2026-07-17\exchange=NSE\symbol=CIPLA\part-060429_151807-019112.parquet,34775,downloaded,34775,
2026-07-17,NSE,CIPLA,raw_l2/trade_date=2026-07-17/exchange=NSE/symbol=CIPLA/part-060414_843399-019080.parquet,real_data_sample\l2_unseen_validation\trade_date=2026-07-17\exchange=NSE\symbol=CIPLA\part-060414_843399-019080.parquet,34615,downloaded,34615,
2026-07-17,NSE,CIPLA,raw_l2/trade_date=2026-07-17/exchange=NSE/symbol=CIPLA/part-060732_227702-019528.parquet,real_data_sample\l2_unseen_validation\trade_date=2026-07-17\exchange=NSE\symbol=CIPLA\part-060732_227702-019528.parquet,34504,downloaded,34504,
2026-07-17,NSE,CIPLA,raw_l2/trade_date=2026-07-17/exchange=NSE/symbol=CIPLA/part-060635_614853-019400.parquet,real_data_sample\l2_unseen_validation\trade_date=2026-07-17\exchange=NSE\symbol=CIPLA\part-060635_614853-019400.parquet,34626,downloaded,34626,
2026-07-17,NSE,CIPLA,raw_l2/trade_date=2026-07-17/exchange=NSE/symbol=CIPLA/part-060525_617522-019240.parquet,real_data_sample\l2_unseen_validation\trade_date=2026-07-17\exchange=NSE\symbol=CIPLA\part-060525_617522-019240.parquet,34644,downloaded,34644,
2026-07-17,NSE,CIPLA,raw_l2/trade_date=2026-07-17/exchange=NSE/symbol=CIPLA/part-060703_842210-019464.parquet,real_data_sample\l2_unseen_validation\trade_date=2026-07-17\exchange=NSE\symbol=CIPLA\part-060703_842210-019464.parquet,34581,downloaded,34581,
2026-07-17,NSE,CIPLA,raw_l2/trade_date=2026-07-17/exchange=NSE/symbol=CIPLA/part-060831_451634-019656.parquet,real_data_sample\l2_unseen_validation\trade_date=2026-07-17\exchange=NSE\symbol=CIPLA\part-060831_451634-019656.parquet,34593,downloaded,34593,
2026-07-17,NSE,CIPLA,raw_l2/trade_date=2026-07-17/exchange=NSE/symbol=CIPLA/part-060746_442025-019560.parquet,real_data_sample\l2_unseen_validation\trade_date=2026-07-17\exchange=NSE\symbol=CIPLA\part-060746_442025-019560.parquet,34545,downloaded,34545,
2026-07-17,NSE,CIPLA,raw_l2/trade_date=2026-07-17/exchange=NSE/symbol=CIPLA/part-060816_936154-019624.parquet,real_data_sample\l2_unseen_validation\trade_date=2026-07-17\exchange=NSE\symbol=CIPLA\part-060816_936154-019624.parquet,34587,downloaded,34587,
2026-07-17,NSE,CIPLA,raw_l2/trade_date=2026-07-17/exchange=NSE/symbol=CIPLA/part-060845_795717-019688.parquet,real_data_sample\l2_unseen_validation\trade_date=2026-07-17\exchange=NSE\symbol=CIPLA\part-060845_795717-019688.parquet,34715,downloaded,34715,
2026-07-17,NSE,CIPLA,raw_l2/trade_date=2026-07-17/exchange=NSE/symbol=CIPLA/part-060801_409323-019592.parquet,real_data_sample\l2_unseen_validation\trade_date=2026-07-17\exchange=NSE\symbol=CIPLA\part-060801_409323-019592.parquet,34653,downloaded,34653,
2026-07-17,NSE,CIPLA,raw_l2/trade_date=2026-07-17/exchange=NSE/symbol=CIPLA/part-060900_108774-019720.parquet,real_data_sample\l2_unseen_validation\trade_date=2026-07-17\exchange=NSE\symbol=CIPLA\part-060900_108774-019720.parquet,34668,downloaded,34668,
2026-07-17,NSE,CIPLA,raw_l2/trade_date=2026-07-17/exchange=NSE/symbol=CIPLA/part-060236_591797-018856.parquet,real_data_sample\l2_unseen_validation\trade_date=2026-07-17\exchange=NSE\symbol=CIPLA\part-060236_591797-018856.parquet,34654,downloaded,34654,
2026-07-17,NSE,CIPLA,raw_l2/trade_date=2026-07-17/exchange=NSE/symbol=CIPLA/part-060957_177179-019848.parquet,real_data_sample\l2_unseen_validation\trade_date=2026-07-17\exchange=NSE\symbol=CIPLA\part-060957_177179-019848.parquet,34507,downloaded,34507,
2026-07-17,NSE,CIPLA,raw_l2/trade_date=2026-07-17/exchange=NSE/symbol=CIPLA/part-061011_568601-019880.parquet,real_data_sample\l2_unseen_validation\trade_date=2026-07-17\exchange=NSE\symbol=CIPLA\part-061011_568601-019880.parquet,34491,downloaded,34491,
2026-07-17,NSE,CIPLA,raw_l2/trade_date=2026-07-17/exchange=NSE/symbol=CIPLA/part-060928_607666-019784.parquet,real_data_sample\l2_unseen_validation\trade_date=2026-07-17\exchange=NSE\symbol=CIPLA\part-060928_607666-019784.parquet,34578,downloaded,34578,
2026-07-17,NSE,CIPLA,raw_l2/trade_date=2026-07-17/exchange=NSE/symbol=CIPLA/part-060943_074614-019816.parquet,real_data_sample\l2_unseen_validation\trade_date=2026-07-17\exchange=NSE\symbol=CIPLA\part-060943_074614-019816.parquet,34529,downloaded,34529,
2026-07-17,NSE,CIPLA,raw_l2/trade_date=2026-07-17/exchange=NSE/symbol=CIPLA/part-060914_151959-019752.parquet,real_data_sample\l2_unseen_validation\trade_date=2026-07-17\exchange=NSE\symbol=CIPLA\part-060914_151959-019752.parquet,34825,downloaded,34825,
2026-07-17,NSE,CIPLA,raw_l2/trade_date=2026-07-17/exchange=NSE/symbol=CIPLA/part-061025_872688-019912.parquet,real_data_sample\l2_unseen_validation\trade_date=2026-07-17\exchange=NSE\symbol=CIPLA\part-061025_872688-019912.parquet,34464,downloaded,34464,
2026-07-17,NSE,CIPLA,raw_l2/trade_date=2026-07-17/exchange=NSE/symbol=CIPLA/part-061304_365726-020264.parquet,real_data_sample\l2_unseen_validation\trade_date=2026-07-17\exchange=NSE\symbol=CIPLA\part-061304_365726-020264.parquet,34452,downloaded,34452,
2026-07-17,NSE,CIPLA,raw_l2/trade_date=2026-07-17/exchange=NSE/symbol=CIPLA/part-061137_594982-020072.parquet,real_data_sample\l2_unseen_validation\trade_date=2026-07-17\exchange=NSE\symbol=CIPLA\part-061137_594982-020072.parquet,34892,downloaded,34892,
2026-07-17,NSE,CIPLA,raw_l2/trade_date=2026-07-17/exchange=NSE/symbol=CIPLA/part-061416_182765-020424.parquet,real_data_sample\l2_unseen_validation\trade_date=2026-07-17\exchange=NSE\symbol=CIPLA\part-061416_182765-020424.parquet,34313,downloaded,34313,
2026-07-17,NSE,CIPLA,raw_l2/trade_date=2026-07-17/exchange=NSE/symbol=CIPLA/part-061556_913851-020648.parquet,real_data_sample\l2_unseen_validation\trade_date=2026-07-17\exchange=NSE\symbol=CIPLA\part-061556_913851-020648.parquet,35220,downloaded,35220,
2026-07-17,NSE,CIPLA,raw_l2/trade_date=2026-07-17/exchange=NSE/symbol=CIPLA/part-061641_352509-020744.parquet,real_data_sample\l2_unseen_validation\trade_date=2026-07-17\exchange=NSE\symbol=CIPLA\part-061641_352509-020744.parquet,35664,downloaded,35664,
2026-07-17,NSE,CIPLA,raw_l2/trade_date=2026-07-17/exchange=NSE/symbol=CIPLA/part-061444_839908-020488.parquet,real_data_sample\l2_unseen_validation\trade_date=2026-07-17\exchange=NSE\symbol=CIPLA\part-061444_839908-020488.parquet,34881,downloaded,34881,
2026-07-17,NSE,CIPLA,raw_l2/trade_date=2026-07-17/exchange=NSE/symbol=CIPLA/part-061627_106502-020712.parquet,real_data_sample\l2_unseen_validation\trade_date=2026-07-17\exchange=NSE\symbol=CIPLA\part-061627_106502-020712.parquet,35199,downloaded,35199,
2026-07-17,NSE,CIPLA,raw_l2/trade_date=2026-07-17/exchange=NSE/symbol=CIPLA/part-061752_049318-020904.parquet,real_data_sample\l2_unseen_validation\trade_date=2026-07-17\exchange=NSE\symbol=CIPLA\part-061752_049318-020904.parquet,34743,downloaded,34743,
2026-07-17,NSE,CIPLA,raw_l2/trade_date=2026-07-17/exchange=NSE/symbol=CIPLA/part-061655_329549-020776.parquet,real_data_sample\l2_unseen_validation\trade_date=2026-07-17\exchange=NSE\symbol=CIPLA\part-061655_329549-020776.parquet,35446,downloaded,35446,
2026-07-17,NSE,CIPLA,raw_l2/trade_date=2026-07-17/exchange=NSE/symbol=CIPLA/part-061401_926952-020392.parquet,real_data_sample\l2_unseen_validation\trade_date=2026-07-17\exchange=NSE\symbol=CIPLA\part-061401_926952-020392.parquet,34511,downloaded,34511,
2026-07-17,NSE,CIPLA,raw_l2/trade_date=2026-07-17/exchange=NSE/symbol=CIPLA/part-061333_126678-020328.parquet,real_data_sample\l2_unseen_validation\trade_date=2026-07-17\exchange=NSE\symbol=CIPLA\part-061333_126678-020328.parquet,34636,downloaded,34636,
2026-07-17,NSE,CIPLA,raw_l2/trade_date=2026-07-17/exchange=NSE/symbol=CIPLA/part-061737_866013-020872.parquet,real_data_sample\l2_unseen_validation\trade_date=2026-07-17\exchange=NSE\symbol=CIPLA\part-061737_866013-020872.parquet,34715,downloaded,34715,
2026-07-17,NSE,CIPLA,raw_l2/trade_date=2026-07-17/exchange=NSE/symbol=CIPLA/part-061318_863747-020296.parquet,real_data_sample\l2_unseen_validation\trade_date=2026-07-17\exchange=NSE\symbol=CIPLA\part-061318_863747-020296.parquet,34658,downloaded,34658,
2026-07-17,NSE,CIPLA,raw_l2/trade_date=2026-07-17/exchange=NSE/symbol=CIPLA/part-061249_935410-020232.parquet,real_data_sample\l2_unseen_validation\trade_date=2026-07-17\exchange=NSE\symbol=CIPLA\part-061249_935410-020232.parquet,34685,downloaded,34685,
2026-07-17,NSE,CIPLA,raw_l2/trade_date=2026-07-17/exchange=NSE/symbol=CIPLA/part-061807_059268-020936.parquet,real_data_sample\l2_unseen_validation\trade_date=2026-07-17\exchange=NSE\symbol=CIPLA\part-061807_059268-020936.parquet,34543,downloaded,34543,
2026-07-17,NSE,CIPLA,raw_l2/trade_date=2026-07-17/exchange=NSE/symbol=CIPLA/part-061235_643861-020200.parquet,real_data_sample\l2_unseen_validation\trade_date=2026-07-17\exchange=NSE\symbol=CIPLA\part-061235_643861-020200.parquet,34447,downloaded,34447,
2026-07-17,NSE,CIPLA,raw_l2/trade_date=2026-07-17/exchange=NSE/symbol=CIPLA/part-061221_133345-020168.parquet,real_data_sample\l2_unseen_validation\trade_date=2026-07-17\exchange=NSE\symbol=CIPLA\part-061221_133345-020168.parquet,34735,downloaded,34735,
2026-07-17,NSE,CIPLA,raw_l2/trade_date=2026-07-17/exchange=NSE/symbol=CIPLA/part-061723_830464-020840.parquet,real_data_sample\l2_unseen_validation\trade_date=2026-07-17\exchange=NSE\symbol=CIPLA\part-061723_830464-020840.parquet,34933,downloaded,34933,
2026-07-17,NSE,CIPLA,raw_l2/trade_date=2026-07-17/exchange=NSE/symbol=CIPLA/part-061152_181512-020104.parquet,real_data_sample\l2_unseen_validation\trade_date=2026-07-17\exchange=NSE\symbol=CIPLA\part-061152_181512-020104.parquet,34679,downloaded,34679,
2026-07-17,NSE,CIPLA,raw_l2/trade_date=2026-07-17/exchange=NSE/symbol=CIPLA/part-061430_620710-020456.parquet,real_data_sample\l2_unseen_validation\trade_date=2026-07-17\exchange=NSE\symbol=CIPLA\part-061430_620710-020456.parquet,34538,downloaded,34538,
2026-07-17,NSE,CIPLA,raw_l2/trade_date=2026-07-17/exchange=NSE/symbol=CIPLA/part-061709_618489-020808.parquet,real_data_sample\l2_unseen_validation\trade_date=2026-07-17\exchange=NSE\symbol=CIPLA\part-061709_618489-020808.parquet,35473,downloaded,35473,
2026-07-17,NSE,CIPLA,raw_l2/trade_date=2026-07-17/exchange=NSE/symbol=CIPLA/part-061513_663086-020552.parquet,real_data_sample\l2_unseen_validation\trade_date=2026-07-17\exchange=NSE\symbol=CIPLA\part-061513_663086-020552.parquet,34962,downloaded,34962,
2026-07-17,NSE,CIPLA,raw_l2/trade_date=2026-07-17/exchange=NSE/symbol=CIPLA/part-061206_644992-020136.parquet,real_data_sample\l2_unseen_validation\trade_date=2026-07-17\exchange=NSE\symbol=CIPLA\part-061206_644992-020136.parquet,34693,downloaded,34693,
2026-07-17,NSE,CIPLA,raw_l2/trade_date=2026-07-17/exchange=NSE/symbol=CIPLA/part-061528_164081-020584.parquet,real_data_sample\l2_unseen_validation\trade_date=2026-07-17\exchange=NSE\symbol=CIPLA\part-061528_164081-020584.parquet,35550,downloaded,35550,
2026-07-17,NSE,CIPLA,raw_l2/trade_date=2026-07-17/exchange=NSE/symbol=CIPLA/part-061054_581880-019976.parquet,real_data_sample\l2_unseen_validation\trade_date=2026-07-17\exchange=NSE\symbol=CIPLA\part-061054_581880-019976.parquet,34761,downloaded,34761,
2026-07-17,NSE,CIPLA,raw_l2/trade_date=2026-07-17/exchange=NSE/symbol=CIPLA/part-061109_107061-020008.parquet,real_data_sample\l2_unseen_validation\trade_date=2026-07-17\exchange=NSE\symbol=CIPLA\part-061109_107061-020008.parquet,34509,downloaded,34509,
2026-07-17,NSE,CIPLA,raw_l2/trade_date=2026-07-17/exchange=NSE/symbol=CIPLA/part-061123_337015-020040.parquet,real_data_sample\l2_unseen_validation\trade_date=2026-07-17\exchange=NSE\symbol=CIPLA\part-061123_337015-020040.parquet,34648,downloaded,34648,
2026-07-17,NSE,CIPLA,raw_l2/trade_date=2026-07-17/exchange=NSE/symbol=CIPLA/part-061542_368560-020616.parquet,real_data_sample\l2_unseen_validation\trade_date=2026-07-17\exchange=NSE\symbol=CIPLA\part-061542_368560-020616.parquet,35524,downloaded,35524,
2026-07-17,NSE,CIPLA,raw_l2/trade_date=2026-07-17/exchange=NSE/symbol=CIPLA/part-061459_187041-020520.parquet,real_data_sample\l2_unseen_validation\trade_date=2026-07-17\exchange=NSE\symbol=CIPLA\part-061459_187041-020520.parquet,34825,downloaded,34825,
2026-07-17,NSE,CIPLA,raw_l2/trade_date=2026-07-17/exchange=NSE/symbol=CIPLA/part-061611_592417-020680.parquet,real_data_sample\l2_unseen_validation\trade_date=2026-07-17\exchange=NSE\symbol=CIPLA\part-061611_592417-020680.parquet,35629,downloaded,35629,
2026-07-17,NSE,CIPLA,raw_l2/trade_date=2026-07-17/exchange=NSE/symbol=CIPLA/part-061347_641573-020360.parquet,real_data_sample\l2_unseen_validation\trade_date=2026-07-17\exchange=NSE\symbol=CIPLA\part-061347_641573-020360.parquet,34745,downloaded,34745,
2026-07-17,NSE,CIPLA,raw_l2/trade_date=2026-07-17/exchange=NSE/symbol=CIPLA/part-061040_081518-019944.parquet,real_data_sample\l2_unseen_validation\trade_date=2026-07-17\exchange=NSE\symbol=CIPLA\part-061040_081518-019944.parquet,34635,downloaded,34635,
2026-07-17,NSE,CIPLA,raw_l2/trade_date=2026-07-17/exchange=NSE/symbol=CIPLA/part-061835_948115-021000.parquet,real_data_sample\l2_unseen_validation\trade_date=2026-07-17\exchange=NSE\symbol=CIPLA\part-061835_948115-021000.parquet,35424,downloaded,35424,
2026-07-17,NSE,CIPLA,raw_l2/trade_date=2026-07-17/exchange=NSE/symbol=CIPLA/part-061850_339965-021032.parquet,real_data_sample\l2_unseen_validation\trade_date=2026-07-17\exchange=NSE\symbol=CIPLA\part-061850_339965-021032.parquet,35767,downloaded,35767,
2026-07-17,NSE,CIPLA,raw_l2/trade_date=2026-07-17/exchange=NSE/symbol=CIPLA/part-061904_323723-021064.parquet,real_data_sample\l2_unseen_validation\trade_date=2026-07-17\exchange=NSE\symbol=CIPLA\part-061904_323723-021064.parquet,35325,downloaded,35325,
2026-07-17,NSE,CIPLA,raw_l2/trade_date=2026-07-17/exchange=NSE/symbol=CIPLA/part-061918_601444-021096.parquet,real_data_sample\l2_unseen_validation\trade_date=2026-07-17\exchange=NSE\symbol=CIPLA\part-061918_601444-021096.parquet,34885,downloaded,34885,
2026-07-17,NSE,CIPLA,raw_l2/trade_date=2026-07-17/exchange=NSE/symbol=CIPLA/part-061821_280070-020968.parquet,real_data_sample\l2_unseen_validation\trade_date=2026-07-17\exchange=NSE\symbol=CIPLA\part-061821_280070-020968.parquet,35101,downloaded,35101,
2026-07-17,NSE,CIPLA,raw_l2/trade_date=2026-07-17/exchange=NSE/symbol=CIPLA/part-061933_327514-021128.parquet,real_data_sample\l2_unseen_validation\trade_date=2026-07-17\exchange=NSE\symbol=CIPLA\part-061933_327514-021128.parquet,34612,downloaded,34612,
2026-07-17,NSE,CIPLA,raw_l2/trade_date=2026-07-17/exchange=NSE/symbol=CIPLA/part-061947_373945-021160.parquet,real_data_sample\l2_unseen_validation\trade_date=2026-07-17\exchange=NSE\symbol=CIPLA\part-061947_373945-021160.parquet,34687,downloaded,34687,
2026-07-17,NSE,CIPLA,raw_l2/trade_date=2026-07-17/exchange=NSE/symbol=CIPLA/part-062113_700422-021352.parquet,real_data_sample\l2_unseen_validation\trade_date=2026-07-17\exchange=NSE\symbol=CIPLA\part-062113_700422-021352.parquet,34561,downloaded,34561,
2026-07-17,NSE,CIPLA,raw_l2/trade_date=2026-07-17/exchange=NSE/symbol=CIPLA/part-062001_613635-021192.parquet,real_data_sample\l2_unseen_validation\trade_date=2026-07-17\exchange=NSE\symbol=CIPLA\part-062001_613635-021192.parquet,34889,downloaded,34889,
2026-07-17,NSE,CIPLA,raw_l2/trade_date=2026-07-17/exchange=NSE/symbol=CIPLA/part-062141_789542-021416.parquet,real_data_sample\l2_unseen_validation\trade_date=2026-07-17\exchange=NSE\symbol=CIPLA\part-062141_789542-021416.parquet,34761,downloaded,34761,
2026-07-17,NSE,CIPLA,raw_l2/trade_date=2026-07-17/exchange=NSE/symbol=CIPLA/part-062015_818518-021224.parquet,real_data_sample\l2_unseen_validation\trade_date=2026-07-17\exchange=NSE\symbol=CIPLA\part-062015_818518-021224.parquet,34784,downloaded,34784,
2026-07-17,NSE,CIPLA,raw_l2/trade_date=2026-07-17/exchange=NSE/symbol=CIPLA/part-062156_028971-021448.parquet,real_data_sample\l2_unseen_validation\trade_date=2026-07-17\exchange=NSE\symbol=CIPLA\part-062156_028971-021448.parquet,34650,downloaded,34650,
2026-07-17,NSE,CIPLA,raw_l2/trade_date=2026-07-17/exchange=NSE/symbol=CIPLA/part-062059_117025-021320.parquet,real_data_sample\l2_unseen_validation\trade_date=2026-07-17\exchange=NSE\symbol=CIPLA\part-062059_117025-021320.parquet,34709,downloaded,34709,
2026-07-17,NSE,CIPLA,raw_l2/trade_date=2026-07-17/exchange=NSE/symbol=CIPLA/part-062127_822143-021384.parquet,real_data_sample\l2_unseen_validation\trade_date=2026-07-17\exchange=NSE\symbol=CIPLA\part-062127_822143-021384.parquet,34863,downloaded,34863,
2026-07-17,NSE,CIPLA,raw_l2/trade_date=2026-07-17/exchange=NSE/symbol=CIPLA/part-062224_620558-021512.parquet,real_data_sample\l2_unseen_validation\trade_date=2026-07-17\exchange=NSE\symbol=CIPLA\part-062224_620558-021512.parquet,34743,downloaded,34743,
2026-07-17,NSE,CIPLA,raw_l2/trade_date=2026-07-17/exchange=NSE/symbol=CIPLA/part-062044_676448-021288.parquet,real_data_sample\l2_unseen_validation\trade_date=2026-07-17\exchange=NSE\symbol=CIPLA\part-062044_676448-021288.parquet,34716,downloaded,34716,
2026-07-17,NSE,CIPLA,raw_l2/trade_date=2026-07-17/exchange=NSE/symbol=CIPLA/part-062307_462124-021608.parquet,real_data_sample\l2_unseen_validation\trade_date=2026-07-17\exchange=NSE\symbol=CIPLA\part-062307_462124-021608.parquet,34688,downloaded,34688,
2026-07-17,NSE,CIPLA,raw_l2/trade_date=2026-07-17/exchange=NSE/symbol=CIPLA/part-062029_881252-021256.parquet,real_data_sample\l2_unseen_validation\trade_date=2026-07-17\exchange=NSE\symbol=CIPLA\part-062029_881252-021256.parquet,34916,downloaded,34916,
2026-07-17,NSE,CIPLA,raw_l2/trade_date=2026-07-17/exchange=NSE/symbol=CIPLA/part-062210_192470-021480.parquet,real_data_sample\l2_unseen_validation\trade_date=2026-07-17\exchange=NSE\symbol=CIPLA\part-062210_192470-021480.parquet,34937,downloaded,34937,
2026-07-17,NSE,CIPLA,raw_l2/trade_date=2026-07-17/exchange=NSE/symbol=CIPLA/part-062321_855453-021640.parquet,real_data_sample\l2_unseen_validation\trade_date=2026-07-17\exchange=NSE\symbol=CIPLA\part-062321_855453-021640.parquet,34584,downloaded,34584,
2026-07-17,NSE,CIPLA,raw_l2/trade_date=2026-07-17/exchange=NSE/symbol=CIPLA/part-062336_122979-021672.parquet,real_data_sample\l2_unseen_validation\trade_date=2026-07-17\exchange=NSE\symbol=CIPLA\part-062336_122979-021672.parquet,34536,downloaded,34536,
2026-07-17,NSE,CIPLA,raw_l2/trade_date=2026-07-17/exchange=NSE/symbol=CIPLA/part-062253_088123-021576.parquet,real_data_sample\l2_unseen_validation\trade_date=2026-07-17\exchange=NSE\symbol=CIPLA\part-062253_088123-021576.parquet,34768,downloaded,34768,
2026-07-17,NSE,CIPLA,raw_l2/trade_date=2026-07-17/exchange=NSE/symbol=CIPLA/part-062350_097516-021704.parquet,real_data_sample\l2_unseen_validation\trade_date=2026-07-17\exchange=NSE\symbol=CIPLA\part-062350_097516-021704.parquet,34635,downloaded,34635,
2026-07-17,NSE,CIPLA,raw_l2/trade_date=2026-07-17/exchange=NSE/symbol=CIPLA/part-062238_868018-021544.parquet,real_data_sample\l2_unseen_validation\trade_date=2026-07-17\exchange=NSE\symbol=CIPLA\part-062238_868018-021544.parquet,34818,downloaded,34818,
2026-07-17,NSE,CIPLA,raw_l2/trade_date=2026-07-17/exchange=NSE/symbol=CIPLA/part-062418_307928-021768.parquet,real_data_sample\l2_unseen_validation\trade_date=2026-07-17\exchange=NSE\symbol=CIPLA\part-062418_307928-021768.parquet,34531,downloaded,34531,
2026-07-17,NSE,CIPLA,raw_l2/trade_date=2026-07-17/exchange=NSE/symbol=CIPLA/part-062404_106851-021736.parquet,real_data_sample\l2_unseen_validation\trade_date=2026-07-17\exchange=NSE\symbol=CIPLA\part-062404_106851-021736.parquet,34613,downloaded,34613,
2026-07-17,NSE,CIPLA,raw_l2/trade_date=2026-07-17/exchange=NSE/symbol=CIPLA/part-062446_560654-021832.parquet,real_data_sample\l2_unseen_validation\trade_date=2026-07-17\exchange=NSE\symbol=CIPLA\part-062446_560654-021832.parquet,34963,downloaded,34963,
2026-07-17,NSE,CIPLA,raw_l2/trade_date=2026-07-17/exchange=NSE/symbol=CIPLA/part-062542_816309-021960.parquet,real_data_sample\l2_unseen_validation\trade_date=2026-07-17\exchange=NSE\symbol=CIPLA\part-062542_816309-021960.parquet,36136,downloaded,36136,
2026-07-17,NSE,CIPLA,raw_l2/trade_date=2026-07-17/exchange=NSE/symbol=CIPLA/part-062432_343854-021800.parquet,real_data_sample\l2_unseen_validation\trade_date=2026-07-17\exchange=NSE\symbol=CIPLA\part-062432_343854-021800.parquet,34963,downloaded,34963,
2026-07-17,NSE,CIPLA,raw_l2/trade_date=2026-07-17/exchange=NSE/symbol=CIPLA/part-062528_815812-021928.parquet,real_data_sample\l2_unseen_validation\trade_date=2026-07-17\exchange=NSE\symbol=CIPLA\part-062528_815812-021928.parquet,35497,downloaded,35497,
2026-07-17,NSE,CIPLA,raw_l2/trade_date=2026-07-17/exchange=NSE/symbol=CIPLA/part-062515_033359-021896.parquet,real_data_sample\l2_unseen_validation\trade_date=2026-07-17\exchange=NSE\symbol=CIPLA\part-062515_033359-021896.parquet,35321,downloaded,35321,
2026-07-17,NSE,CIPLA,raw_l2/trade_date=2026-07-17/exchange=NSE/symbol=CIPLA/part-062500_699754-021864.parquet,real_data_sample\l2_unseen_validation\trade_date=2026-07-17\exchange=NSE\symbol=CIPLA\part-062500_699754-021864.parquet,34809,downloaded,34809,
2026-07-17,NSE,CIPLA,raw_l2/trade_date=2026-07-17/exchange=NSE/symbol=CIPLA/part-062624_826418-022056.parquet,real_data_sample\l2_unseen_validation\trade_date=2026-07-17\exchange=NSE\symbol=CIPLA\part-062624_826418-022056.parquet,36424,downloaded,36424,
2026-07-17,NSE,CIPLA,raw_l2/trade_date=2026-07-17/exchange=NSE/symbol=CIPLA/part-062556_800098-021992.parquet,real_data_sample\l2_unseen_validation\trade_date=2026-07-17\exchange=NSE\symbol=CIPLA\part-062556_800098-021992.parquet,35825,downloaded,35825,
2026-07-17,NSE,CIPLA,raw_l2/trade_date=2026-07-17/exchange=NSE/symbol=CIPLA/part-062653_365587-022120.parquet,real_data_sample\l2_unseen_validation\trade_date=2026-07-17\exchange=NSE\symbol=CIPLA\part-062653_365587-022120.parquet,36094,downloaded,36094,
2026-07-17,NSE,CIPLA,raw_l2/trade_date=2026-07-17/exchange=NSE/symbol=CIPLA/part-062639_097493-022088.parquet,real_data_sample\l2_unseen_validation\trade_date=2026-07-17\exchange=NSE\symbol=CIPLA\part-062639_097493-022088.parquet,35883,downloaded,35883,
2026-07-17,NSE,CIPLA,raw_l2/trade_date=2026-07-17/exchange=NSE/symbol=CIPLA/part-062610_834627-022024.parquet,real_data_sample\l2_unseen_validation\trade_date=2026-07-17\exchange=NSE\symbol=CIPLA\part-062610_834627-022024.parquet,36517,downloaded,36517,
2026-07-17,NSE,CIPLA,raw_l2/trade_date=2026-07-17/exchange=NSE/symbol=CIPLA/part-062819_375457-022312.parquet,real_data_sample\l2_unseen_validation\trade_date=2026-07-17\exchange=NSE\symbol=CIPLA\part-062819_375457-022312.parquet,35640,downloaded,35640,
2026-07-17,NSE,CIPLA,raw_l2/trade_date=2026-07-17/exchange=NSE/symbol=CIPLA/part-062722_132060-022184.parquet,real_data_sample\l2_unseen_validation\trade_date=2026-07-17\exchange=NSE\symbol=CIPLA\part-062722_132060-022184.parquet,35747,downloaded,35747,
2026-07-17,NSE,CIPLA,raw_l2/trade_date=2026-07-17/exchange=NSE/symbol=CIPLA/part-062804_859264-022280.parquet,real_data_sample\l2_unseen_validation\trade_date=2026-07-17\exchange=NSE\symbol=CIPLA\part-062804_859264-022280.parquet,35157,downloaded,35157,
2026-07-17,NSE,CIPLA,raw_l2/trade_date=2026-07-17/exchange=NSE/symbol=CIPLA/part-062750_633414-022248.parquet,real_data_sample\l2_unseen_validation\trade_date=2026-07-17\exchange=NSE\symbol=CIPLA\part-062750_633414-022248.parquet,35420,downloaded,35420,
2026-07-17,NSE,CIPLA,raw_l2/trade_date=2026-07-17/exchange=NSE/symbol=CIPLA/part-062833_293581-022344.parquet,real_data_sample\l2_unseen_validation\trade_date=2026-07-17\exchange=NSE\symbol=CIPLA\part-062833_293581-022344.parquet,35821,downloaded,35821,
2026-07-17,NSE,CIPLA,raw_l2/trade_date=2026-07-17/exchange=NSE/symbol=CIPLA/part-062707_362468-022152.parquet,real_data_sample\l2_unseen_validation\trade_date=2026-07-17\exchange=NSE\symbol=CIPLA\part-062707_362468-022152.parquet,35872,downloaded,35872,
2026-07-17,NSE,CIPLA,raw_l2/trade_date=2026-07-17/exchange=NSE/symbol=CIPLA/part-062736_278385-022216.parquet,real_data_sample\l2_unseen_validation\trade_date=2026-07-17\exchange=NSE\symbol=CIPLA\part-062736_278385-022216.parquet,35354,downloaded,35354,
2026-07-17,NSE,CIPLA,raw_l2/trade_date=2026-07-17/exchange=NSE/symbol=CIPLA/part-062944_816328-022504.parquet,real_data_sample\l2_unseen_validation\trade_date=2026-07-17\exchange=NSE\symbol=CIPLA\part-062944_816328-022504.parquet,35632,downloaded,35632,
2026-07-17,NSE,CIPLA,raw_l2/trade_date=2026-07-17/exchange=NSE/symbol=CIPLA/part-062847_613434-022376.parquet,real_data_sample\l2_unseen_validation\trade_date=2026-07-17\exchange=NSE\symbol=CIPLA\part-062847_613434-022376.parquet,35448,downloaded,35448,
2026-07-17,NSE,CIPLA,raw_l2/trade_date=2026-07-17/exchange=NSE/symbol=CIPLA/part-062930_617227-022472.parquet,real_data_sample\l2_unseen_validation\trade_date=2026-07-17\exchange=NSE\symbol=CIPLA\part-062930_617227-022472.parquet,35515,downloaded,35515,
2026-07-17,NSE,CIPLA,raw_l2/trade_date=2026-07-17/exchange=NSE/symbol=CIPLA/part-062915_589493-022440.parquet,real_data_sample\l2_unseen_validation\trade_date=2026-07-17\exchange=NSE\symbol=CIPLA\part-062915_589493-022440.parquet,35761,downloaded,35761,
2026-07-17,NSE,CIPLA,raw_l2/trade_date=2026-07-17/exchange=NSE/symbol=CIPLA/part-062901_558971-022408.parquet,real_data_sample\l2_unseen_validation\trade_date=2026-07-17\exchange=NSE\symbol=CIPLA\part-062901_558971-022408.parquet,35601,downloaded,35601,
2026-07-17,NSE,CIPLA,raw_l2/trade_date=2026-07-17/exchange=NSE/symbol=CIPLA/part-063110_496691-022696.parquet,real_data_sample\l2_unseen_validation\trade_date=2026-07-17\exchange=NSE\symbol=CIPLA\part-063110_496691-022696.parquet,35332,downloaded,35332,
2026-07-17,NSE,CIPLA,raw_l2/trade_date=2026-07-17/exchange=NSE/symbol=CIPLA/part-063538_081465-023304.parquet,real_data_sample\l2_unseen_validation\trade_date=2026-07-17\exchange=NSE\symbol=CIPLA\part-063538_081465-023304.parquet,35329,downloaded,35329,
2026-07-17,NSE,CIPLA,raw_l2/trade_date=2026-07-17/exchange=NSE/symbol=CIPLA/part-063138_800147-022760.parquet,real_data_sample\l2_unseen_validation\trade_date=2026-07-17\exchange=NSE\symbol=CIPLA\part-063138_800147-022760.parquet,34947,downloaded,34947,
2026-07-17,NSE,CIPLA,raw_l2/trade_date=2026-07-17/exchange=NSE/symbol=CIPLA/part-063013_844366-022568.parquet,real_data_sample\l2_unseen_validation\trade_date=2026-07-17\exchange=NSE\symbol=CIPLA\part-063013_844366-022568.parquet,36085,downloaded,36085,
2026-07-17,NSE,CIPLA,raw_l2/trade_date=2026-07-17/exchange=NSE/symbol=CIPLA/part-063124_599282-022728.parquet,real_data_sample\l2_unseen_validation\trade_date=2026-07-17\exchange=NSE\symbol=CIPLA\part-063124_599282-022728.parquet,34752,downloaded,34752,
2026-07-17,NSE,CIPLA,raw_l2/trade_date=2026-07-17/exchange=NSE/symbol=CIPLA/part-063027_909854-022600.parquet,real_data_sample\l2_unseen_validation\trade_date=2026-07-17\exchange=NSE\symbol=CIPLA\part-063027_909854-022600.parquet,35516,downloaded,35516,
2026-07-17,NSE,CIPLA,raw_l2/trade_date=2026-07-17/exchange=NSE/symbol=CIPLA/part-062959_324075-022536.parquet,real_data_sample\l2_unseen_validation\trade_date=2026-07-17\exchange=NSE\symbol=CIPLA\part-062959_324075-022536.parquet,35634,downloaded,35634,
2026-07-17,NSE,CIPLA,raw_l2/trade_date=2026-07-17/exchange=NSE/symbol=CIPLA/part-063056_107165-022664.parquet,real_data_sample\l2_unseen_validation\trade_date=2026-07-17\exchange=NSE\symbol=CIPLA\part-063056_107165-022664.parquet,35688,downloaded,35688,
2026-07-17,NSE,CIPLA,raw_l2/trade_date=2026-07-17/exchange=NSE/symbol=CIPLA/part-063042_108793-022632.parquet,real_data_sample\l2_unseen_validation\trade_date=2026-07-17\exchange=NSE\symbol=CIPLA\part-063042_108793-022632.parquet,35436,downloaded,35436,
2026-07-17,NSE,CIPLA,raw_l2/trade_date=2026-07-17/exchange=NSE/symbol=CIPLA/part-063552_021446-023336.parquet,real_data_sample\l2_unseen_validation\trade_date=2026-07-17\exchange=NSE\symbol=CIPLA\part-063552_021446-023336.parquet,35003,downloaded,35003,
2026-07-17,NSE,CIPLA,raw_l2/trade_date=2026-07-17/exchange=NSE/symbol=CIPLA/part-063743_771755-023592.parquet,real_data_sample\l2_unseen_validation\trade_date=2026-07-17\exchange=NSE\symbol=CIPLA\part-063743_771755-023592.parquet,35524,downloaded,35524,
2026-07-17,NSE,CIPLA,raw_l2/trade_date=2026-07-17/exchange=NSE/symbol=CIPLA/part-063605_800814-023368.parquet,real_data_sample\l2_unseen_validation\trade_date=2026-07-17\exchange=NSE\symbol=CIPLA\part-063605_800814-023368.parquet,35136,downloaded,35136,
2026-07-17,NSE,CIPLA,raw_l2/trade_date=2026-07-17/exchange=NSE/symbol=CIPLA/part-063647_769957-023464.parquet,real_data_sample\l2_unseen_validation\trade_date=2026-07-17\exchange=NSE\symbol=CIPLA\part-063647_769957-023464.parquet,35412,downloaded,35412,
2026-07-17,NSE,CIPLA,raw_l2/trade_date=2026-07-17/exchange=NSE/symbol=CIPLA/part-063619_826654-023400.parquet,real_data_sample\l2_unseen_validation\trade_date=2026-07-17\exchange=NSE\symbol=CIPLA\part-063619_826654-023400.parquet,34886,downloaded,34886,
2026-07-17,NSE,CIPLA,raw_l2/trade_date=2026-07-17/exchange=NSE/symbol=CIPLA/part-063701_874880-023496.parquet,real_data_sample\l2_unseen_validation\trade_date=2026-07-17\exchange=NSE\symbol=CIPLA\part-063701_874880-023496.parquet,35661,downloaded,35661,
2026-07-17,NSE,CIPLA,raw_l2/trade_date=2026-07-17/exchange=NSE/symbol=CIPLA/part-063633_838233-023432.parquet,real_data_sample\l2_unseen_validation\trade_date=2026-07-17\exchange=NSE\symbol=CIPLA\part-063633_838233-023432.parquet,35490,downloaded,35490,
2026-07-17,NSE,CIPLA,raw_l2/trade_date=2026-07-17/exchange=NSE/symbol=CIPLA/part-063152_822591-022792.parquet,real_data_sample\l2_unseen_validation\trade_date=2026-07-17\exchange=NSE\symbol=CIPLA\part-063152_822591-022792.parquet,34828,downloaded,34828,
2026-07-17,NSE,CIPLA,raw_l2/trade_date=2026-07-17/exchange=NSE/symbol=CIPLA/part-063757_530585-023624.parquet,real_data_sample\l2_unseen_validation\trade_date=2026-07-17\exchange=NSE\symbol=CIPLA\part-063757_530585-023624.parquet,35212,downloaded,35212,
2026-07-17,NSE,CIPLA,raw_l2/trade_date=2026-07-17/exchange=NSE/symbol=CIPLA/part-063441_787744-023176.parquet,real_data_sample\l2_unseen_validation\trade_date=2026-07-17\exchange=NSE\symbol=CIPLA\part-063441_787744-023176.parquet,34846,downloaded,34846,
2026-07-17,NSE,CIPLA,raw_l2/trade_date=2026-07-17/exchange=NSE/symbol=CIPLA/part-063825_611654-023688.parquet,real_data_sample\l2_unseen_validation\trade_date=2026-07-17\exchange=NSE\symbol=CIPLA\part-063825_611654-023688.parquet,35646,downloaded,35646,
2026-07-17,NSE,CIPLA,raw_l2/trade_date=2026-07-17/exchange=NSE/symbol=CIPLA/part-063331_429830-023016.parquet,real_data_sample\l2_unseen_validation\trade_date=2026-07-17\exchange=NSE\symbol=CIPLA\part-063331_429830-023016.parquet,34762,downloaded,34762,
2026-07-17,NSE,CIPLA,raw_l2/trade_date=2026-07-17/exchange=NSE/symbol=CIPLA/part-063715_873503-023528.parquet,real_data_sample\l2_unseen_validation\trade_date=2026-07-17\exchange=NSE\symbol=CIPLA\part-063715_873503-023528.parquet,35447,downloaded,35447,
2026-07-17,NSE,CIPLA,raw_l2/trade_date=2026-07-17/exchange=NSE/symbol=CIPLA/part-063729_754316-023560.parquet,real_data_sample\l2_unseen_validation\trade_date=2026-07-17\exchange=NSE\symbol=CIPLA\part-063729_754316-023560.parquet,35893,downloaded,35893,
2026-07-17,NSE,CIPLA,raw_l2/trade_date=2026-07-17/exchange=NSE/symbol=CIPLA/part-063922_792417-023816.parquet,real_data_sample\l2_unseen_validation\trade_date=2026-07-17\exchange=NSE\symbol=CIPLA\part-063922_792417-023816.parquet,34801,downloaded,34801,
2026-07-17,NSE,CIPLA,raw_l2/trade_date=2026-07-17/exchange=NSE/symbol=CIPLA/part-063359_601208-023080.parquet,real_data_sample\l2_unseen_validation\trade_date=2026-07-17\exchange=NSE\symbol=CIPLA\part-063359_601208-023080.parquet,34686,downloaded,34686,
2026-07-17,NSE,CIPLA,raw_l2/trade_date=2026-07-17/exchange=NSE/symbol=CIPLA/part-063811_349318-023656.parquet,real_data_sample\l2_unseen_validation\trade_date=2026-07-17\exchange=NSE\symbol=CIPLA\part-063811_349318-023656.parquet,35045,downloaded,35045,
2026-07-17,NSE,CIPLA,raw_l2/trade_date=2026-07-17/exchange=NSE/symbol=CIPLA/part-063854_047235-023752.parquet,real_data_sample\l2_unseen_validation\trade_date=2026-07-17\exchange=NSE\symbol=CIPLA\part-063854_047235-023752.parquet,35280,downloaded,35280,
2026-07-17,NSE,CIPLA,raw_l2/trade_date=2026-07-17/exchange=NSE/symbol=CIPLA/part-063839_844105-023720.parquet,real_data_sample\l2_unseen_validation\trade_date=2026-07-17\exchange=NSE\symbol=CIPLA\part-063839_844105-023720.parquet,35302,downloaded,35302,
2026-07-17,NSE,CIPLA,raw_l2/trade_date=2026-07-17/exchange=NSE/symbol=CIPLA/part-063345_586197-023048.parquet,real_data_sample\l2_unseen_validation\trade_date=2026-07-17\exchange=NSE\symbol=CIPLA\part-063345_586197-023048.parquet,34697,downloaded,34697,
2026-07-17,NSE,CIPLA,raw_l2/trade_date=2026-07-17/exchange=NSE/symbol=CIPLA/part-063234_567471-022888.parquet,real_data_sample\l2_unseen_validation\trade_date=2026-07-17\exchange=NSE\symbol=CIPLA\part-063234_567471-022888.parquet,34749,downloaded,34749,
2026-07-17,NSE,CIPLA,raw_l2/trade_date=2026-07-17/exchange=NSE/symbol=CIPLA/part-063908_822748-023784.parquet,real_data_sample\l2_unseen_validation\trade_date=2026-07-17\exchange=NSE\symbol=CIPLA\part-063908_822748-023784.parquet,34977,downloaded,34977,
2026-07-17,NSE,CIPLA,raw_l2/trade_date=2026-07-17/exchange=NSE/symbol=CIPLA/part-063206_560996-022824.parquet,real_data_sample\l2_unseen_validation\trade_date=2026-07-17\exchange=NSE\symbol=CIPLA\part-063206_560996-022824.parquet,34855,downloaded,34855,
2026-07-17,NSE,CIPLA,raw_l2/trade_date=2026-07-17/exchange=NSE/symbol=CIPLA/part-063302_650780-022952.parquet,real_data_sample\l2_unseen_validation\trade_date=2026-07-17\exchange=NSE\symbol=CIPLA\part-063302_650780-022952.parquet,34668,downloaded,34668,
2026-07-17,NSE,CIPLA,raw_l2/trade_date=2026-07-17/exchange=NSE/symbol=CIPLA/part-063455_796893-023208.parquet,real_data_sample\l2_unseen_validation\trade_date=2026-07-17\exchange=NSE\symbol=CIPLA\part-063455_796893-023208.parquet,34725,downloaded,34725,
2026-07-17,NSE,CIPLA,raw_l2/trade_date=2026-07-17/exchange=NSE/symbol=CIPLA/part-063427_849521-023144.parquet,real_data_sample\l2_unseen_validation\trade_date=2026-07-17\exchange=NSE\symbol=CIPLA\part-063427_849521-023144.parquet,34679,downloaded,34679,
2026-07-17,NSE,CIPLA,raw_l2/trade_date=2026-07-17/exchange=NSE/symbol=CIPLA/part-063220_558560-022856.parquet,real_data_sample\l2_unseen_validation\trade_date=2026-07-17\exchange=NSE\symbol=CIPLA\part-063220_558560-022856.parquet,34720,downloaded,34720,
2026-07-17,NSE,CIPLA,raw_l2/trade_date=2026-07-17/exchange=NSE/symbol=CIPLA/part-063316_907551-022984.parquet,real_data_sample\l2_unseen_validation\trade_date=2026-07-17\exchange=NSE\symbol=CIPLA\part-063316_907551-022984.parquet,34725,downloaded,34725,
2026-07-17,NSE,CIPLA,raw_l2/trade_date=2026-07-17/exchange=NSE/symbol=CIPLA/part-063936_773651-023848.parquet,real_data_sample\l2_unseen_validation\trade_date=2026-07-17\exchange=NSE\symbol=CIPLA\part-063936_773651-023848.parquet,34980,downloaded,34980,
2026-07-17,NSE,CIPLA,raw_l2/trade_date=2026-07-17/exchange=NSE/symbol=CIPLA/part-063524_252621-023272.parquet,real_data_sample\l2_unseen_validation\trade_date=2026-07-17\exchange=NSE\symbol=CIPLA\part-063524_252621-023272.parquet,35299,downloaded,35299,
2026-07-17,NSE,CIPLA,raw_l2/trade_date=2026-07-17/exchange=NSE/symbol=CIPLA/part-063413_795140-023112.parquet,real_data_sample\l2_unseen_validation\trade_date=2026-07-17\exchange=NSE\symbol=CIPLA\part-063413_795140-023112.parquet,34540,downloaded,34540,
2026-07-17,NSE,CIPLA,raw_l2/trade_date=2026-07-17/exchange=NSE/symbol=CIPLA/part-063248_493970-022920.parquet,real_data_sample\l2_unseen_validation\trade_date=2026-07-17\exchange=NSE\symbol=CIPLA\part-063248_493970-022920.parquet,34466,downloaded,34466,
2026-07-17,NSE,CIPLA,raw_l2/trade_date=2026-07-17/exchange=NSE/symbol=CIPLA/part-063950_832332-023880.parquet,real_data_sample\l2_unseen_validation\trade_date=2026-07-17\exchange=NSE\symbol=CIPLA\part-063950_832332-023880.parquet,34880,downloaded,34880,
2026-07-17,NSE,CIPLA,raw_l2/trade_date=2026-07-17/exchange=NSE/symbol=CIPLA/part-063509_843946-023240.parquet,real_data_sample\l2_unseen_validation\trade_date=2026-07-17\exchange=NSE\symbol=CIPLA\part-063509_843946-023240.parquet,34725,downloaded,34725,
2026-07-17,NSE,CIPLA,raw_l2/trade_date=2026-07-17/exchange=NSE/symbol=CIPLA/part-064004_574113-023912.parquet,real_data_sample\l2_unseen_validation\trade_date=2026-07-17\exchange=NSE\symbol=CIPLA\part-064004_574113-023912.parquet,34858,downloaded,34858,
2026-07-17,NSE,CIPLA,raw_l2/trade_date=2026-07-17/exchange=NSE/symbol=CIPLA/part-064100_797359-024040.parquet,real_data_sample\l2_unseen_validation\trade_date=2026-07-17\exchange=NSE\symbol=CIPLA\part-064100_797359-024040.parquet,34885,downloaded,34885,
2026-07-17,NSE,CIPLA,raw_l2/trade_date=2026-07-17/exchange=NSE/symbol=CIPLA/part-064018_623262-023944.parquet,real_data_sample\l2_unseen_validation\trade_date=2026-07-17\exchange=NSE\symbol=CIPLA\part-064018_623262-023944.parquet,34789,downloaded,34789,
2026-07-17,NSE,CIPLA,raw_l2/trade_date=2026-07-17/exchange=NSE/symbol=CIPLA/part-064032_730563-023976.parquet,real_data_sample\l2_unseen_validation\trade_date=2026-07-17\exchange=NSE\symbol=CIPLA\part-064032_730563-023976.parquet,34587,downloaded,34587,
2026-07-17,NSE,CIPLA,raw_l2/trade_date=2026-07-17/exchange=NSE/symbol=CIPLA/part-064046_854366-024008.parquet,real_data_sample\l2_unseen_validation\trade_date=2026-07-17\exchange=NSE\symbol=CIPLA\part-064046_854366-024008.parquet,34844,downloaded,34844,
2026-07-17,NSE,CIPLA,raw_l2/trade_date=2026-07-17/exchange=NSE/symbol=CIPLA/part-064224_333077-024232.parquet,real_data_sample\l2_unseen_validation\trade_date=2026-07-17\exchange=NSE\symbol=CIPLA\part-064224_333077-024232.parquet,34764,downloaded,34764,
2026-07-17,NSE,CIPLA,raw_l2/trade_date=2026-07-17/exchange=NSE/symbol=CIPLA/part-064305_542652-024328.parquet,real_data_sample\l2_unseen_validation\trade_date=2026-07-17\exchange=NSE\symbol=CIPLA\part-064305_542652-024328.parquet,34607,downloaded,34607,
2026-07-17,NSE,CIPLA,raw_l2/trade_date=2026-07-17/exchange=NSE/symbol=CIPLA/part-064210_313574-024200.parquet,real_data_sample\l2_unseen_validation\trade_date=2026-07-17\exchange=NSE\symbol=CIPLA\part-064210_313574-024200.parquet,34876,downloaded,34876,
2026-07-17,NSE,CIPLA,raw_l2/trade_date=2026-07-17/exchange=NSE/symbol=CIPLA/part-064251_743227-024296.parquet,real_data_sample\l2_unseen_validation\trade_date=2026-07-17\exchange=NSE\symbol=CIPLA\part-064251_743227-024296.parquet,34778,downloaded,34778,
2026-07-17,NSE,CIPLA,raw_l2/trade_date=2026-07-17/exchange=NSE/symbol=CIPLA/part-064319_303592-024360.parquet,real_data_sample\l2_unseen_validation\trade_date=2026-07-17\exchange=NSE\symbol=CIPLA\part-064319_303592-024360.parquet,34963,downloaded,34963,
2026-07-17,NSE,CIPLA,raw_l2/trade_date=2026-07-17/exchange=NSE/symbol=CIPLA/part-064142_752546-024136.parquet,real_data_sample\l2_unseen_validation\trade_date=2026-07-17\exchange=NSE\symbol=CIPLA\part-064142_752546-024136.parquet,34748,downloaded,34748,
2026-07-17,NSE,CIPLA,raw_l2/trade_date=2026-07-17/exchange=NSE/symbol=CIPLA/part-064128_493074-024104.parquet,real_data_sample\l2_unseen_validation\trade_date=2026-07-17\exchange=NSE\symbol=CIPLA\part-064128_493074-024104.parquet,35012,downloaded,35012,
2026-07-17,NSE,CIPLA,raw_l2/trade_date=2026-07-17/exchange=NSE/symbol=CIPLA/part-064114_769226-024072.parquet,real_data_sample\l2_unseen_validation\trade_date=2026-07-17\exchange=NSE\symbol=CIPLA\part-064114_769226-024072.parquet,34578,downloaded,34578,
2026-07-17,NSE,CIPLA,raw_l2/trade_date=2026-07-17/exchange=NSE/symbol=CIPLA/part-064156_493934-024168.parquet,real_data_sample\l2_unseen_validation\trade_date=2026-07-17\exchange=NSE\symbol=CIPLA\part-064156_493934-024168.parquet,34934,downloaded,34934,
2026-07-17,NSE,CIPLA,raw_l2/trade_date=2026-07-17/exchange=NSE/symbol=CIPLA/part-064238_020068-024264.parquet,real_data_sample\l2_unseen_validation\trade_date=2026-07-17\exchange=NSE\symbol=CIPLA\part-064238_020068-024264.parquet,34778,downloaded,34778,
2026-07-17,NSE,CIPLA,raw_l2/trade_date=2026-07-17/exchange=NSE/symbol=CIPLA/part-064346_998306-024424.parquet,real_data_sample\l2_unseen_validation\trade_date=2026-07-17\exchange=NSE\symbol=CIPLA\part-064346_998306-024424.parquet,34713,downloaded,34713,
2026-07-17,NSE,CIPLA,raw_l2/trade_date=2026-07-17/exchange=NSE/symbol=CIPLA/part-064414_519702-024488.parquet,real_data_sample\l2_unseen_validation\trade_date=2026-07-17\exchange=NSE\symbol=CIPLA\part-064414_519702-024488.parquet,34665,downloaded,34665,
2026-07-17,NSE,CIPLA,raw_l2/trade_date=2026-07-17/exchange=NSE/symbol=CIPLA/part-064400_778746-024456.parquet,real_data_sample\l2_unseen_validation\trade_date=2026-07-17\exchange=NSE\symbol=CIPLA\part-064400_778746-024456.parquet,34519,downloaded,34519,
2026-07-17,NSE,CIPLA,raw_l2/trade_date=2026-07-17/exchange=NSE/symbol=CIPLA/part-064333_277549-024392.parquet,real_data_sample\l2_unseen_validation\trade_date=2026-07-17\exchange=NSE\symbol=CIPLA\part-064333_277549-024392.parquet,34736,downloaded,34736,
2026-07-17,NSE,CIPLA,raw_l2/trade_date=2026-07-17/exchange=NSE/symbol=CIPLA/part-064442_534004-024552.parquet,real_data_sample\l2_unseen_validation\trade_date=2026-07-17\exchange=NSE\symbol=CIPLA\part-064442_534004-024552.parquet,34607,downloaded,34607,
2026-07-17,NSE,CIPLA,raw_l2/trade_date=2026-07-17/exchange=NSE/symbol=CIPLA/part-064510_265137-024616.parquet,real_data_sample\l2_unseen_validation\trade_date=2026-07-17\exchange=NSE\symbol=CIPLA\part-064510_265137-024616.parquet,34669,downloaded,34669,
2026-07-17,NSE,CIPLA,raw_l2/trade_date=2026-07-17/exchange=NSE/symbol=CIPLA/part-064524_299970-024648.parquet,real_data_sample\l2_unseen_validation\trade_date=2026-07-17\exchange=NSE\symbol=CIPLA\part-064524_299970-024648.parquet,35082,downloaded,35082,
2026-07-17,NSE,CIPLA,raw_l2/trade_date=2026-07-17/exchange=NSE/symbol=CIPLA/part-064456_320646-024584.parquet,real_data_sample\l2_unseen_validation\trade_date=2026-07-17\exchange=NSE\symbol=CIPLA\part-064456_320646-024584.parquet,34756,downloaded,34756,
2026-07-17,NSE,CIPLA,raw_l2/trade_date=2026-07-17/exchange=NSE/symbol=CIPLA/part-064428_785880-024520.parquet,real_data_sample\l2_unseen_validation\trade_date=2026-07-17\exchange=NSE\symbol=CIPLA\part-064428_785880-024520.parquet,34756,downloaded,34756,
2026-07-17,NSE,CIPLA,raw_l2/trade_date=2026-07-17/exchange=NSE/symbol=CIPLA/part-064551_996295-024712.parquet,real_data_sample\l2_unseen_validation\trade_date=2026-07-17\exchange=NSE\symbol=CIPLA\part-064551_996295-024712.parquet,35046,downloaded,35046,
2026-07-17,NSE,CIPLA,raw_l2/trade_date=2026-07-17/exchange=NSE/symbol=CIPLA/part-064538_249839-024680.parquet,real_data_sample\l2_unseen_validation\trade_date=2026-07-17\exchange=NSE\symbol=CIPLA\part-064538_249839-024680.parquet,35224,downloaded,35224,
2026-07-17,NSE,CIPLA,raw_l2/trade_date=2026-07-17/exchange=NSE/symbol=CIPLA/part-064729_045803-024936.parquet,real_data_sample\l2_unseen_validation\trade_date=2026-07-17\exchange=NSE\symbol=CIPLA\part-064729_045803-024936.parquet,35437,downloaded,35437,
2026-07-17,NSE,CIPLA,raw_l2/trade_date=2026-07-17/exchange=NSE/symbol=CIPLA/part-064619_525739-024776.parquet,real_data_sample\l2_unseen_validation\trade_date=2026-07-17\exchange=NSE\symbol=CIPLA\part-064619_525739-024776.parquet,34897,downloaded,34897,
2026-07-17,NSE,CIPLA,raw_l2/trade_date=2026-07-17/exchange=NSE/symbol=CIPLA/part-064715_292601-024904.parquet,real_data_sample\l2_unseen_validation\trade_date=2026-07-17\exchange=NSE\symbol=CIPLA\part-064715_292601-024904.parquet,35018,downloaded,35018,
2026-07-17,NSE,CIPLA,raw_l2/trade_date=2026-07-17/exchange=NSE/symbol=CIPLA/part-064633_287103-024808.parquet,real_data_sample\l2_unseen_validation\trade_date=2026-07-17\exchange=NSE\symbol=CIPLA\part-064633_287103-024808.parquet,34920,downloaded,34920,
2026-07-17,NSE,CIPLA,raw_l2/trade_date=2026-07-17/exchange=NSE/symbol=CIPLA/part-064605_735670-024744.parquet,real_data_sample\l2_unseen_validation\trade_date=2026-07-17\exchange=NSE\symbol=CIPLA\part-064605_735670-024744.parquet,35266,downloaded,35266,
2026-07-17,NSE,CIPLA,raw_l2/trade_date=2026-07-17/exchange=NSE/symbol=CIPLA/part-064701_269041-024872.parquet,real_data_sample\l2_unseen_validation\trade_date=2026-07-17\exchange=NSE\symbol=CIPLA\part-064701_269041-024872.parquet,34838,downloaded,34838,
2026-07-17,NSE,CIPLA,raw_l2/trade_date=2026-07-17/exchange=NSE/symbol=CIPLA/part-064647_290326-024840.parquet,real_data_sample\l2_unseen_validation\trade_date=2026-07-17\exchange=NSE\symbol=CIPLA\part-064647_290326-024840.parquet,34654,downloaded,34654,
2026-07-17,NSE,CIPLA,raw_l2/trade_date=2026-07-17/exchange=NSE/symbol=CIPLA/part-064756_748457-025000.parquet,real_data_sample\l2_unseen_validation\trade_date=2026-07-17\exchange=NSE\symbol=CIPLA\part-064756_748457-025000.parquet,35192,downloaded,35192,
2026-07-17,NSE,CIPLA,raw_l2/trade_date=2026-07-17/exchange=NSE/symbol=CIPLA/part-064743_031901-024968.parquet,real_data_sample\l2_unseen_validation\trade_date=2026-07-17\exchange=NSE\symbol=CIPLA\part-064743_031901-024968.parquet,35339,downloaded,35339,
2026-07-17,NSE,CIPLA,raw_l2/trade_date=2026-07-17/exchange=NSE/symbol=CIPLA/part-064838_517592-025096.parquet,real_data_sample\l2_unseen_validation\trade_date=2026-07-17\exchange=NSE\symbol=CIPLA\part-064838_517592-025096.parquet,35805,downloaded,35805,
2026-07-17,NSE,CIPLA,raw_l2/trade_date=2026-07-17/exchange=NSE/symbol=CIPLA/part-064824_607671-025064.parquet,real_data_sample\l2_unseen_validation\trade_date=2026-07-17\exchange=NSE\symbol=CIPLA\part-064824_607671-025064.parquet,35352,downloaded,35352,
2026-07-17,NSE,CIPLA,raw_l2/trade_date=2026-07-17/exchange=NSE/symbol=CIPLA/part-064810_711481-025032.parquet,real_data_sample\l2_unseen_validation\trade_date=2026-07-17\exchange=NSE\symbol=CIPLA\part-064810_711481-025032.parquet,35401,downloaded,35401,
2026-07-17,NSE,CIPLA,raw_l2/trade_date=2026-07-17/exchange=NSE/symbol=CIPLA/part-064852_276156-025128.parquet,real_data_sample\l2_unseen_validation\trade_date=2026-07-17\exchange=NSE\symbol=CIPLA\part-064852_276156-025128.parquet,35383,downloaded,35383,
2026-07-17,NSE,CIPLA,raw_l2/trade_date=2026-07-17/exchange=NSE/symbol=CIPLA/part-064906_052395-025160.parquet,real_data_sample\l2_unseen_validation\trade_date=2026-07-17\exchange=NSE\symbol=CIPLA\part-064906_052395-025160.parquet,35130,downloaded,35130,
2026-07-17,NSE,CIPLA,raw_l2/trade_date=2026-07-17/exchange=NSE/symbol=CIPLA/part-064933_814089-025224.parquet,real_data_sample\l2_unseen_validation\trade_date=2026-07-17\exchange=NSE\symbol=CIPLA\part-064933_814089-025224.parquet,34881,downloaded,34881,
2026-07-17,NSE,CIPLA,raw_l2/trade_date=2026-07-17/exchange=NSE/symbol=CIPLA/part-064947_780802-025256.parquet,real_data_sample\l2_unseen_validation\trade_date=2026-07-17\exchange=NSE\symbol=CIPLA\part-064947_780802-025256.parquet,34688,downloaded,34688,
2026-07-17,NSE,CIPLA,raw_l2/trade_date=2026-07-17/exchange=NSE/symbol=CIPLA/part-064920_005674-025192.parquet,real_data_sample\l2_unseen_validation\trade_date=2026-07-17\exchange=NSE\symbol=CIPLA\part-064920_005674-025192.parquet,34796,downloaded,34796,
2026-07-17,NSE,CIPLA,raw_l2/trade_date=2026-07-17/exchange=NSE/symbol=CIPLA/part-065332_306794-025768.parquet,real_data_sample\l2_unseen_validation\trade_date=2026-07-17\exchange=NSE\symbol=CIPLA\part-065332_306794-025768.parquet,34816,downloaded,34816,
2026-07-17,NSE,CIPLA,raw_l2/trade_date=2026-07-17/exchange=NSE/symbol=CIPLA/part-065318_401533-025736.parquet,real_data_sample\l2_unseen_validation\trade_date=2026-07-17\exchange=NSE\symbol=CIPLA\part-065318_401533-025736.parquet,34650,downloaded,34650,
2026-07-17,NSE,CIPLA,raw_l2/trade_date=2026-07-17/exchange=NSE/symbol=CIPLA/part-065400_154247-025832.parquet,real_data_sample\l2_unseen_validation\trade_date=2026-07-17\exchange=NSE\symbol=CIPLA\part-065400_154247-025832.parquet,34572,downloaded,34572,
2026-07-17,NSE,CIPLA,raw_l2/trade_date=2026-07-17/exchange=NSE/symbol=CIPLA/part-065015_777675-025320.parquet,real_data_sample\l2_unseen_validation\trade_date=2026-07-17\exchange=NSE\symbol=CIPLA\part-065015_777675-025320.parquet,34482,downloaded,34482,
2026-07-17,NSE,CIPLA,raw_l2/trade_date=2026-07-17/exchange=NSE/symbol=CIPLA/part-065029_509661-025352.parquet,real_data_sample\l2_unseen_validation\trade_date=2026-07-17\exchange=NSE\symbol=CIPLA\part-065029_509661-025352.parquet,34731,downloaded,34731,
2026-07-17,NSE,CIPLA,raw_l2/trade_date=2026-07-17/exchange=NSE/symbol=CIPLA/part-065207_981185-025576.parquet,real_data_sample\l2_unseen_validation\trade_date=2026-07-17\exchange=NSE\symbol=CIPLA\part-065207_981185-025576.parquet,35416,downloaded,35416,
2026-07-17,NSE,CIPLA,raw_l2/trade_date=2026-07-17/exchange=NSE/symbol=CIPLA/part-065346_070737-025800.parquet,real_data_sample\l2_unseen_validation\trade_date=2026-07-17\exchange=NSE\symbol=CIPLA\part-065346_070737-025800.parquet,34634,downloaded,34634,
2026-07-17,NSE,CIPLA,raw_l2/trade_date=2026-07-17/exchange=NSE/symbol=CIPLA/part-065442_266263-025928.parquet,real_data_sample\l2_unseen_validation\trade_date=2026-07-17\exchange=NSE\symbol=CIPLA\part-065442_266263-025928.parquet,34680,downloaded,34680,
2026-07-17,NSE,CIPLA,raw_l2/trade_date=2026-07-17/exchange=NSE/symbol=CIPLA/part-065057_763176-025416.parquet,real_data_sample\l2_unseen_validation\trade_date=2026-07-17\exchange=NSE\symbol=CIPLA\part-065057_763176-025416.parquet,34750,downloaded,34750,
2026-07-17,NSE,CIPLA,raw_l2/trade_date=2026-07-17/exchange=NSE/symbol=CIPLA/part-065456_328801-025960.parquet,real_data_sample\l2_unseen_validation\trade_date=2026-07-17\exchange=NSE\symbol=CIPLA\part-065456_328801-025960.parquet,34755,downloaded,34755,
2026-07-17,NSE,CIPLA,raw_l2/trade_date=2026-07-17/exchange=NSE/symbol=CIPLA/part-065125_793765-025480.parquet,real_data_sample\l2_unseen_validation\trade_date=2026-07-17\exchange=NSE\symbol=CIPLA\part-065125_793765-025480.parquet,35186,downloaded,35186,
2026-07-17,NSE,CIPLA,raw_l2/trade_date=2026-07-17/exchange=NSE/symbol=CIPLA/part-065510_524081-025992.parquet,real_data_sample\l2_unseen_validation\trade_date=2026-07-17\exchange=NSE\symbol=CIPLA\part-065510_524081-025992.parquet,34856,downloaded,34856,
2026-07-17,NSE,CIPLA,raw_l2/trade_date=2026-07-17/exchange=NSE/symbol=CIPLA/part-065139_812952-025512.parquet,real_data_sample\l2_unseen_validation\trade_date=2026-07-17\exchange=NSE\symbol=CIPLA\part-065139_812952-025512.parquet,35377,downloaded,35377,
2026-07-17,NSE,CIPLA,raw_l2/trade_date=2026-07-17/exchange=NSE/symbol=CIPLA/part-065414_298312-025864.parquet,real_data_sample\l2_unseen_validation\trade_date=2026-07-17\exchange=NSE\symbol=CIPLA\part-065414_298312-025864.parquet,34819,downloaded,34819,
2026-07-17,NSE,CIPLA,raw_l2/trade_date=2026-07-17/exchange=NSE/symbol=CIPLA/part-065111_776311-025448.parquet,real_data_sample\l2_unseen_validation\trade_date=2026-07-17\exchange=NSE\symbol=CIPLA\part-065111_776311-025448.parquet,34843,downloaded,34843,
2026-07-17,NSE,CIPLA,raw_l2/trade_date=2026-07-17/exchange=NSE/symbol=CIPLA/part-065153_796452-025544.parquet,real_data_sample\l2_unseen_validation\trade_date=2026-07-17\exchange=NSE\symbol=CIPLA\part-065153_796452-025544.parquet,35226,downloaded,35226,
2026-07-17,NSE,CIPLA,raw_l2/trade_date=2026-07-17/exchange=NSE/symbol=CIPLA/part-065043_680101-025384.parquet,real_data_sample\l2_unseen_validation\trade_date=2026-07-17\exchange=NSE\symbol=CIPLA\part-065043_680101-025384.parquet,34789,downloaded,34789,
2026-07-17,NSE,CIPLA,raw_l2/trade_date=2026-07-17/exchange=NSE/symbol=CIPLA/part-065552_815057-026088.parquet,real_data_sample\l2_unseen_validation\trade_date=2026-07-17\exchange=NSE\symbol=CIPLA\part-065552_815057-026088.parquet,34754,downloaded,34754,
2026-07-17,NSE,CIPLA,raw_l2/trade_date=2026-07-17/exchange=NSE/symbol=CIPLA/part-065606_799913-026120.parquet,real_data_sample\l2_unseen_validation\trade_date=2026-07-17\exchange=NSE\symbol=CIPLA\part-065606_799913-026120.parquet,34700,downloaded,34700,
2026-07-17,NSE,CIPLA,raw_l2/trade_date=2026-07-17/exchange=NSE/symbol=CIPLA/part-065620_893395-026152.parquet,real_data_sample\l2_unseen_validation\trade_date=2026-07-17\exchange=NSE\symbol=CIPLA\part-065620_893395-026152.parquet,35628,downloaded,35628,
2026-07-17,NSE,CIPLA,raw_l2/trade_date=2026-07-17/exchange=NSE/symbol=CIPLA/part-065222_059085-025608.parquet,real_data_sample\l2_unseen_validation\trade_date=2026-07-17\exchange=NSE\symbol=CIPLA\part-065222_059085-025608.parquet,34587,downloaded,34587,
2026-07-17,NSE,CIPLA,raw_l2/trade_date=2026-07-17/exchange=NSE/symbol=CIPLA/part-065538_883860-026056.parquet,real_data_sample\l2_unseen_validation\trade_date=2026-07-17\exchange=NSE\symbol=CIPLA\part-065538_883860-026056.parquet,34890,downloaded,34890,
2026-07-17,NSE,CIPLA,raw_l2/trade_date=2026-07-17/exchange=NSE/symbol=CIPLA/part-065304_376256-025704.parquet,real_data_sample\l2_unseen_validation\trade_date=2026-07-17\exchange=NSE\symbol=CIPLA\part-065304_376256-025704.parquet,34813,downloaded,34813,
2026-07-17,NSE,CIPLA,raw_l2/trade_date=2026-07-17/exchange=NSE/symbol=CIPLA/part-065524_595656-026024.parquet,real_data_sample\l2_unseen_validation\trade_date=2026-07-17\exchange=NSE\symbol=CIPLA\part-065524_595656-026024.parquet,34752,downloaded,34752,
2026-07-17,NSE,CIPLA,raw_l2/trade_date=2026-07-17/exchange=NSE/symbol=CIPLA/part-065236_090222-025640.parquet,real_data_sample\l2_unseen_validation\trade_date=2026-07-17\exchange=NSE\symbol=CIPLA\part-065236_090222-025640.parquet,34514,downloaded,34514,
2026-07-17,NSE,CIPLA,raw_l2/trade_date=2026-07-17/exchange=NSE/symbol=CIPLA/part-065250_209493-025672.parquet,real_data_sample\l2_unseen_validation\trade_date=2026-07-17\exchange=NSE\symbol=CIPLA\part-065250_209493-025672.parquet,34528,downloaded,34528,
2026-07-17,NSE,CIPLA,raw_l2/trade_date=2026-07-17/exchange=NSE/symbol=CIPLA/part-065001_783496-025288.parquet,real_data_sample\l2_unseen_validation\trade_date=2026-07-17\exchange=NSE\symbol=CIPLA\part-065001_783496-025288.parquet,34624,downloaded,34624,
2026-07-17,NSE,CIPLA,raw_l2/trade_date=2026-07-17/exchange=NSE/symbol=CIPLA/part-065634_789948-026184.parquet,real_data_sample\l2_unseen_validation\trade_date=2026-07-17\exchange=NSE\symbol=CIPLA\part-065634_789948-026184.parquet,35329,downloaded,35329,
2026-07-17,NSE,CIPLA,raw_l2/trade_date=2026-07-17/exchange=NSE/symbol=CIPLA/part-065702_802697-026248.parquet,real_data_sample\l2_unseen_validation\trade_date=2026-07-17\exchange=NSE\symbol=CIPLA\part-065702_802697-026248.parquet,35751,downloaded,35751,
2026-07-17,NSE,CIPLA,raw_l2/trade_date=2026-07-17/exchange=NSE/symbol=CIPLA/part-065648_810006-026216.parquet,real_data_sample\l2_unseen_validation\trade_date=2026-07-17\exchange=NSE\symbol=CIPLA\part-065648_810006-026216.parquet,35173,downloaded,35173,
2026-07-17,NSE,CIPLA,raw_l2/trade_date=2026-07-17/exchange=NSE/symbol=CIPLA/part-065716_809974-026280.parquet,real_data_sample\l2_unseen_validation\trade_date=2026-07-17\exchange=NSE\symbol=CIPLA\part-065716_809974-026280.parquet,35715,downloaded,35715,
2026-07-17,NSE,CIPLA,raw_l2/trade_date=2026-07-17/exchange=NSE/symbol=CIPLA/part-065428_312828-025896.parquet,real_data_sample\l2_unseen_validation\trade_date=2026-07-17\exchange=NSE\symbol=CIPLA\part-065428_312828-025896.parquet,34647,downloaded,34647,
2026-07-17,NSE,CIPLA,raw_l2/trade_date=2026-07-17/exchange=NSE/symbol=CIPLA/part-065744_852757-026344.parquet,real_data_sample\l2_unseen_validation\trade_date=2026-07-17\exchange=NSE\symbol=CIPLA\part-065744_852757-026344.parquet,35432,downloaded,35432,
2026-07-17,NSE,CIPLA,raw_l2/trade_date=2026-07-17/exchange=NSE/symbol=CIPLA/part-065813_349818-026408.parquet,real_data_sample\l2_unseen_validation\trade_date=2026-07-17\exchange=NSE\symbol=CIPLA\part-065813_349818-026408.parquet,35003,downloaded,35003,
2026-07-17,NSE,CIPLA,raw_l2/trade_date=2026-07-17/exchange=NSE/symbol=CIPLA/part-065924_871775-026568.parquet,real_data_sample\l2_unseen_validation\trade_date=2026-07-17\exchange=NSE\symbol=CIPLA\part-065924_871775-026568.parquet,34801,downloaded,34801,
2026-07-17,NSE,CIPLA,raw_l2/trade_date=2026-07-17/exchange=NSE/symbol=CIPLA/part-070009_123930-026664.parquet,real_data_sample\l2_unseen_validation\trade_date=2026-07-17\exchange=NSE\symbol=CIPLA\part-070009_123930-026664.parquet,34781,downloaded,34781,
2026-07-17,NSE,CIPLA,raw_l2/trade_date=2026-07-17/exchange=NSE/symbol=CIPLA/part-065910_590470-026536.parquet,real_data_sample\l2_unseen_validation\trade_date=2026-07-17\exchange=NSE\symbol=CIPLA\part-065910_590470-026536.parquet,34836,downloaded,34836,
2026-07-17,NSE,CIPLA,raw_l2/trade_date=2026-07-17/exchange=NSE/symbol=CIPLA/part-065954_392333-026632.parquet,real_data_sample\l2_unseen_validation\trade_date=2026-07-17\exchange=NSE\symbol=CIPLA\part-065954_392333-026632.parquet,34598,downloaded,34598,
2026-07-17,NSE,CIPLA,raw_l2/trade_date=2026-07-17/exchange=NSE/symbol=CIPLA/part-065730_860756-026312.parquet,real_data_sample\l2_unseen_validation\trade_date=2026-07-17\exchange=NSE\symbol=CIPLA\part-065730_860756-026312.parquet,35098,downloaded,35098,
2026-07-17,NSE,CIPLA,raw_l2/trade_date=2026-07-17/exchange=NSE/symbol=CIPLA/part-065759_103393-026376.parquet,real_data_sample\l2_unseen_validation\trade_date=2026-07-17\exchange=NSE\symbol=CIPLA\part-065759_103393-026376.parquet,35706,downloaded,35706,
2026-07-17,NSE,CIPLA,raw_l2/trade_date=2026-07-17/exchange=NSE/symbol=CIPLA/part-065842_136098-026472.parquet,real_data_sample\l2_unseen_validation\trade_date=2026-07-17\exchange=NSE\symbol=CIPLA\part-065842_136098-026472.parquet,34776,downloaded,34776,
2026-07-17,NSE,CIPLA,raw_l2/trade_date=2026-07-17/exchange=NSE/symbol=CIPLA/part-065827_627922-026440.parquet,real_data_sample\l2_unseen_validation\trade_date=2026-07-17\exchange=NSE\symbol=CIPLA\part-065827_627922-026440.parquet,34652,downloaded,34652,
2026-07-17,NSE,CIPLA,raw_l2/trade_date=2026-07-17/exchange=NSE/symbol=CIPLA/part-065856_359399-026504.parquet,real_data_sample\l2_unseen_validation\trade_date=2026-07-17\exchange=NSE\symbol=CIPLA\part-065856_359399-026504.parquet,34706,downloaded,34706,
2026-07-17,NSE,CIPLA,raw_l2/trade_date=2026-07-17/exchange=NSE/symbol=CIPLA/part-065939_717399-026600.parquet,real_data_sample\l2_unseen_validation\trade_date=2026-07-17\exchange=NSE\symbol=CIPLA\part-065939_717399-026600.parquet,34912,downloaded,34912,
2026-07-17,NSE,CIPLA,raw_l2/trade_date=2026-07-17/exchange=NSE/symbol=CIPLA/part-070348_703738-027144.parquet,real_data_sample\l2_unseen_validation\trade_date=2026-07-17\exchange=NSE\symbol=CIPLA\part-070348_703738-027144.parquet,34771,downloaded,34771,
2026-07-17,NSE,CIPLA,raw_l2/trade_date=2026-07-17/exchange=NSE/symbol=CIPLA/part-070136_470484-026856.parquet,real_data_sample\l2_unseen_validation\trade_date=2026-07-17\exchange=NSE\symbol=CIPLA\part-070136_470484-026856.parquet,34902,downloaded,34902,
2026-07-17,NSE,CIPLA,raw_l2/trade_date=2026-07-17/exchange=NSE/symbol=CIPLA/part-070235_597727-026984.parquet,real_data_sample\l2_unseen_validation\trade_date=2026-07-17\exchange=NSE\symbol=CIPLA\part-070235_597727-026984.parquet,34740,downloaded,34740,
2026-07-17,NSE,CIPLA,raw_l2/trade_date=2026-07-17/exchange=NSE/symbol=CIPLA/part-070220_854060-026952.parquet,real_data_sample\l2_unseen_validation\trade_date=2026-07-17\exchange=NSE\symbol=CIPLA\part-070220_854060-026952.parquet,34778,downloaded,34778,
2026-07-17,NSE,CIPLA,raw_l2/trade_date=2026-07-17/exchange=NSE/symbol=CIPLA/part-070121_909318-026824.parquet,real_data_sample\l2_unseen_validation\trade_date=2026-07-17\exchange=NSE\symbol=CIPLA\part-070121_909318-026824.parquet,34706,downloaded,34706,
2026-07-17,NSE,CIPLA,raw_l2/trade_date=2026-07-17/exchange=NSE/symbol=CIPLA/part-070431_594044-027240.parquet,real_data_sample\l2_unseen_validation\trade_date=2026-07-17\exchange=NSE\symbol=CIPLA\part-070431_594044-027240.parquet,35420,downloaded,35420,
2026-07-17,NSE,CIPLA,raw_l2/trade_date=2026-07-17/exchange=NSE/symbol=CIPLA/part-070319_930366-027080.parquet,real_data_sample\l2_unseen_validation\trade_date=2026-07-17\exchange=NSE\symbol=CIPLA\part-070319_930366-027080.parquet,34992,downloaded,34992,
2026-07-17,NSE,CIPLA,raw_l2/trade_date=2026-07-17/exchange=NSE/symbol=CIPLA/part-070334_435544-027112.parquet,real_data_sample\l2_unseen_validation\trade_date=2026-07-17\exchange=NSE\symbol=CIPLA\part-070334_435544-027112.parquet,34806,downloaded,34806,
2026-07-17,NSE,CIPLA,raw_l2/trade_date=2026-07-17/exchange=NSE/symbol=CIPLA/part-070417_406738-027208.parquet,real_data_sample\l2_unseen_validation\trade_date=2026-07-17\exchange=NSE\symbol=CIPLA\part-070417_406738-027208.parquet,35174,downloaded,35174,
2026-07-17,NSE,CIPLA,raw_l2/trade_date=2026-07-17/exchange=NSE/symbol=CIPLA/part-070107_350726-026792.parquet,real_data_sample\l2_unseen_validation\trade_date=2026-07-17\exchange=NSE\symbol=CIPLA\part-070107_350726-026792.parquet,34586,downloaded,34586,
2026-07-17,NSE,CIPLA,raw_l2/trade_date=2026-07-17/exchange=NSE/symbol=CIPLA/part-070250_131106-027016.parquet,real_data_sample\l2_unseen_validation\trade_date=2026-07-17\exchange=NSE\symbol=CIPLA\part-070250_131106-027016.parquet,34609,downloaded,34609,
2026-07-17,NSE,CIPLA,raw_l2/trade_date=2026-07-17/exchange=NSE/symbol=CIPLA/part-070445_845882-027272.parquet,real_data_sample\l2_unseen_validation\trade_date=2026-07-17\exchange=NSE\symbol=CIPLA\part-070445_845882-027272.parquet,35394,downloaded,35394,
2026-07-17,NSE,CIPLA,raw_l2/trade_date=2026-07-17/exchange=NSE/symbol=CIPLA/part-070052_460006-026760.parquet,real_data_sample\l2_unseen_validation\trade_date=2026-07-17\exchange=NSE\symbol=CIPLA\part-070052_460006-026760.parquet,34716,downloaded,34716,
2026-07-17,NSE,CIPLA,raw_l2/trade_date=2026-07-17/exchange=NSE/symbol=CIPLA/part-070037_869587-026728.parquet,real_data_sample\l2_unseen_validation\trade_date=2026-07-17\exchange=NSE\symbol=CIPLA\part-070037_869587-026728.parquet,34999,downloaded,34999,
2026-07-17,NSE,CIPLA,raw_l2/trade_date=2026-07-17/exchange=NSE/symbol=CIPLA/part-070403_164173-027176.parquet,real_data_sample\l2_unseen_validation\trade_date=2026-07-17\exchange=NSE\symbol=CIPLA\part-070403_164173-027176.parquet,34816,downloaded,34816,
2026-07-17,NSE,CIPLA,raw_l2/trade_date=2026-07-17/exchange=NSE/symbol=CIPLA/part-070023_607668-026696.parquet,real_data_sample\l2_unseen_validation\trade_date=2026-07-17\exchange=NSE\symbol=CIPLA\part-070023_607668-026696.parquet,34757,downloaded,34757,
2026-07-17,NSE,CIPLA,raw_l2/trade_date=2026-07-17/exchange=NSE/symbol=CIPLA/part-070206_212111-026920.parquet,real_data_sample\l2_unseen_validation\trade_date=2026-07-17\exchange=NSE\symbol=CIPLA\part-070206_212111-026920.parquet,34786,downloaded,34786,
2026-07-17,NSE,CIPLA,raw_l2/trade_date=2026-07-17/exchange=NSE/symbol=CIPLA/part-070151_790497-026888.parquet,real_data_sample\l2_unseen_validation\trade_date=2026-07-17\exchange=NSE\symbol=CIPLA\part-070151_790497-026888.parquet,34876,downloaded,34876,
2026-07-17,NSE,CIPLA,raw_l2/trade_date=2026-07-17/exchange=NSE/symbol=CIPLA/part-070305_260867-027048.parquet,real_data_sample\l2_unseen_validation\trade_date=2026-07-17\exchange=NSE\symbol=CIPLA\part-070305_260867-027048.parquet,34878,downloaded,34878,
2026-07-17,NSE,CIPLA,raw_l2/trade_date=2026-07-17/exchange=NSE/symbol=CIPLA/part-070500_297073-027304.parquet,real_data_sample\l2_unseen_validation\trade_date=2026-07-17\exchange=NSE\symbol=CIPLA\part-070500_297073-027304.parquet,35299,downloaded,35299,
2026-07-17,NSE,CIPLA,raw_l2/trade_date=2026-07-17/exchange=NSE/symbol=CIPLA/part-070626_860414-027496.parquet,real_data_sample\l2_unseen_validation\trade_date=2026-07-17\exchange=NSE\symbol=CIPLA\part-070626_860414-027496.parquet,35343,downloaded,35343,
2026-07-17,NSE,CIPLA,raw_l2/trade_date=2026-07-17/exchange=NSE/symbol=CIPLA/part-070655_611416-027560.parquet,real_data_sample\l2_unseen_validation\trade_date=2026-07-17\exchange=NSE\symbol=CIPLA\part-070655_611416-027560.parquet,35188,downloaded,35188,
2026-07-17,NSE,CIPLA,raw_l2/trade_date=2026-07-17/exchange=NSE/symbol=CIPLA/part-070514_917009-027336.parquet,real_data_sample\l2_unseen_validation\trade_date=2026-07-17\exchange=NSE\symbol=CIPLA\part-070514_917009-027336.parquet,35448,downloaded,35448,
2026-07-17,NSE,CIPLA,raw_l2/trade_date=2026-07-17/exchange=NSE/symbol=CIPLA/part-070752_590670-027688.parquet,real_data_sample\l2_unseen_validation\trade_date=2026-07-17\exchange=NSE\symbol=CIPLA\part-070752_590670-027688.parquet,35513,downloaded,35513,
2026-07-17,NSE,CIPLA,raw_l2/trade_date=2026-07-17/exchange=NSE/symbol=CIPLA/part-070709_859828-027592.parquet,real_data_sample\l2_unseen_validation\trade_date=2026-07-17\exchange=NSE\symbol=CIPLA\part-070709_859828-027592.parquet,35571,downloaded,35571,
2026-07-17,NSE,CIPLA,raw_l2/trade_date=2026-07-17/exchange=NSE/symbol=CIPLA/part-070724_136466-027624.parquet,real_data_sample\l2_unseen_validation\trade_date=2026-07-17\exchange=NSE\symbol=CIPLA\part-070724_136466-027624.parquet,35130,downloaded,35130,
2026-07-17,NSE,CIPLA,raw_l2/trade_date=2026-07-17/exchange=NSE/symbol=CIPLA/part-070543_931568-027400.parquet,real_data_sample\l2_unseen_validation\trade_date=2026-07-17\exchange=NSE\symbol=CIPLA\part-070543_931568-027400.parquet,34747,downloaded,34747,
2026-07-17,NSE,CIPLA,raw_l2/trade_date=2026-07-17/exchange=NSE/symbol=CIPLA/part-070738_349809-027656.parquet,real_data_sample\l2_unseen_validation\trade_date=2026-07-17\exchange=NSE\symbol=CIPLA\part-070738_349809-027656.parquet,35323,downloaded,35323,
2026-07-17,NSE,CIPLA,raw_l2/trade_date=2026-07-17/exchange=NSE/symbol=CIPLA/part-070612_584574-027464.parquet,real_data_sample\l2_unseen_validation\trade_date=2026-07-17\exchange=NSE\symbol=CIPLA\part-070612_584574-027464.parquet,34898,downloaded,34898,
2026-07-17,NSE,CIPLA,raw_l2/trade_date=2026-07-17/exchange=NSE/symbol=CIPLA/part-070529_366922-027368.parquet,real_data_sample\l2_unseen_validation\trade_date=2026-07-17\exchange=NSE\symbol=CIPLA\part-070529_366922-027368.parquet,34612,downloaded,34612,
2026-07-17,NSE,CIPLA,raw_l2/trade_date=2026-07-17/exchange=NSE/symbol=CIPLA/part-070558_122462-027432.parquet,real_data_sample\l2_unseen_validation\trade_date=2026-07-17\exchange=NSE\symbol=CIPLA\part-070558_122462-027432.parquet,34764,downloaded,34764,
2026-07-17,NSE,CIPLA,raw_l2/trade_date=2026-07-17/exchange=NSE/symbol=CIPLA/part-070641_329224-027528.parquet,real_data_sample\l2_unseen_validation\trade_date=2026-07-17\exchange=NSE\symbol=CIPLA\part-070641_329224-027528.parquet,35441,downloaded,35441,
2026-07-17,NSE,CIPLA,raw_l2/trade_date=2026-07-17/exchange=NSE/symbol=CIPLA/part-070806_560292-027720.parquet,real_data_sample\l2_unseen_validation\trade_date=2026-07-17\exchange=NSE\symbol=CIPLA\part-070806_560292-027720.parquet,35359,downloaded,35359,
2026-07-17,NSE,CIPLA,raw_l2/trade_date=2026-07-17/exchange=NSE/symbol=CIPLA/part-071001_642979-027976.parquet,real_data_sample\l2_unseen_validation\trade_date=2026-07-17\exchange=NSE\symbol=CIPLA\part-071001_642979-027976.parquet,34896,downloaded,34896,
2026-07-17,NSE,CIPLA,raw_l2/trade_date=2026-07-17/exchange=NSE/symbol=CIPLA/part-070820_608111-027752.parquet,real_data_sample\l2_unseen_validation\trade_date=2026-07-17\exchange=NSE\symbol=CIPLA\part-070820_608111-027752.parquet,34627,downloaded,34627,
2026-07-17,NSE,CIPLA,raw_l2/trade_date=2026-07-17/exchange=NSE/symbol=CIPLA/part-070834_897100-027784.parquet,real_data_sample\l2_unseen_validation\trade_date=2026-07-17\exchange=NSE\symbol=CIPLA\part-070834_897100-027784.parquet,34808,downloaded,34808,
2026-07-17,NSE,CIPLA,raw_l2/trade_date=2026-07-17/exchange=NSE/symbol=CIPLA/part-071029_876392-028040.parquet,real_data_sample\l2_unseen_validation\trade_date=2026-07-17\exchange=NSE\symbol=CIPLA\part-071029_876392-028040.parquet,36000,downloaded,36000,
2026-07-17,NSE,CIPLA,raw_l2/trade_date=2026-07-17/exchange=NSE/symbol=CIPLA/part-070918_093047-027880.parquet,real_data_sample\l2_unseen_validation\trade_date=2026-07-17\exchange=NSE\symbol=CIPLA\part-070918_093047-027880.parquet,34681,downloaded,34681,
2026-07-17,NSE,CIPLA,raw_l2/trade_date=2026-07-17/exchange=NSE/symbol=CIPLA/part-071043_937620-028072.parquet,real_data_sample\l2_unseen_validation\trade_date=2026-07-17\exchange=NSE\symbol=CIPLA\part-071043_937620-028072.parquet,35719,downloaded,35719,
2026-07-17,NSE,CIPLA,raw_l2/trade_date=2026-07-17/exchange=NSE/symbol=CIPLA/part-070849_360714-027816.parquet,real_data_sample\l2_unseen_validation\trade_date=2026-07-17\exchange=NSE\symbol=CIPLA\part-070849_360714-027816.parquet,34573,downloaded,34573,
2026-07-17,NSE,CIPLA,raw_l2/trade_date=2026-07-17/exchange=NSE/symbol=CIPLA/part-071058_686639-028104.parquet,real_data_sample\l2_unseen_validation\trade_date=2026-07-17\exchange=NSE\symbol=CIPLA\part-071058_686639-028104.parquet,35823,downloaded,35823,
2026-07-17,NSE,CIPLA,raw_l2/trade_date=2026-07-17/exchange=NSE/symbol=CIPLA/part-070903_689455-027848.parquet,real_data_sample\l2_unseen_validation\trade_date=2026-07-17\exchange=NSE\symbol=CIPLA\part-070903_689455-027848.parquet,34672,downloaded,34672,
2026-07-17,NSE,CIPLA,raw_l2/trade_date=2026-07-17/exchange=NSE/symbol=CIPLA/part-070932_748157-027912.parquet,real_data_sample\l2_unseen_validation\trade_date=2026-07-17\exchange=NSE\symbol=CIPLA\part-070932_748157-027912.parquet,34756,downloaded,34756,
2026-07-17,NSE,CIPLA,raw_l2/trade_date=2026-07-17/exchange=NSE/symbol=CIPLA/part-071015_837180-028008.parquet,real_data_sample\l2_unseen_validation\trade_date=2026-07-17\exchange=NSE\symbol=CIPLA\part-071015_837180-028008.parquet,35080,downloaded,35080,
2026-07-17,NSE,CIPLA,raw_l2/trade_date=2026-07-17/exchange=NSE/symbol=CIPLA/part-070947_342990-027944.parquet,real_data_sample\l2_unseen_validation\trade_date=2026-07-17\exchange=NSE\symbol=CIPLA\part-070947_342990-027944.parquet,34747,downloaded,34747,
2026-07-17,NSE,CIPLA,raw_l2/trade_date=2026-07-17/exchange=NSE/symbol=CIPLA/part-071156_887109-028232.parquet,real_data_sample\l2_unseen_validation\trade_date=2026-07-17\exchange=NSE\symbol=CIPLA\part-071156_887109-028232.parquet,35573,downloaded,35573,
2026-07-17,NSE,CIPLA,raw_l2/trade_date=2026-07-17/exchange=NSE/symbol=CIPLA/part-071127_716621-028168.parquet,real_data_sample\l2_unseen_validation\trade_date=2026-07-17\exchange=NSE\symbol=CIPLA\part-071127_716621-028168.parquet,35785,downloaded,35785,
2026-07-17,NSE,CIPLA,raw_l2/trade_date=2026-07-17/exchange=NSE/symbol=CIPLA/part-071113_160252-028136.parquet,real_data_sample\l2_unseen_validation\trade_date=2026-07-17\exchange=NSE\symbol=CIPLA\part-071113_160252-028136.parquet,35576,downloaded,35576,
2026-07-17,NSE,CIPLA,raw_l2/trade_date=2026-07-17/exchange=NSE/symbol=CIPLA/part-071211_353030-028264.parquet,real_data_sample\l2_unseen_validation\trade_date=2026-07-17\exchange=NSE\symbol=CIPLA\part-071211_353030-028264.parquet,35611,downloaded,35611,
2026-07-17,NSE,CIPLA,raw_l2/trade_date=2026-07-17/exchange=NSE/symbol=CIPLA/part-071225_896648-028296.parquet,real_data_sample\l2_unseen_validation\trade_date=2026-07-17\exchange=NSE\symbol=CIPLA\part-071225_896648-028296.parquet,34733,downloaded,34733,
2026-07-17,NSE,CIPLA,raw_l2/trade_date=2026-07-17/exchange=NSE/symbol=CIPLA/part-071142_319332-028200.parquet,real_data_sample\l2_unseen_validation\trade_date=2026-07-17\exchange=NSE\symbol=CIPLA\part-071142_319332-028200.parquet,35703,downloaded,35703,
2026-07-17,NSE,CIPLA,raw_l2/trade_date=2026-07-17/exchange=NSE/symbol=CIPLA/part-071240_367702-028328.parquet,real_data_sample\l2_unseen_validation\trade_date=2026-07-17\exchange=NSE\symbol=CIPLA\part-071240_367702-028328.parquet,34612,downloaded,34612,
2026-07-17,NSE,CIPLA,raw_l2/trade_date=2026-07-17/exchange=NSE/symbol=CIPLA/part-071308_836810-028392.parquet,real_data_sample\l2_unseen_validation\trade_date=2026-07-17\exchange=NSE\symbol=CIPLA\part-071308_836810-028392.parquet,34865,downloaded,34865,
2026-07-17,NSE,CIPLA,raw_l2/trade_date=2026-07-17/exchange=NSE/symbol=CIPLA/part-071254_681373-028360.parquet,real_data_sample\l2_unseen_validation\trade_date=2026-07-17\exchange=NSE\symbol=CIPLA\part-071254_681373-028360.parquet,34456,downloaded,34456,
2026-07-17,NSE,CIPLA,raw_l2/trade_date=2026-07-17/exchange=NSE/symbol=CIPLA/part-071323_178079-028424.parquet,real_data_sample\l2_unseen_validation\trade_date=2026-07-17\exchange=NSE\symbol=CIPLA\part-071323_178079-028424.parquet,34505,downloaded,34505,
2026-07-17,NSE,CIPLA,raw_l2/trade_date=2026-07-17/exchange=NSE/symbol=CIPLA/part-071852_926562-029160.parquet,real_data_sample\l2_unseen_validation\trade_date=2026-07-17\exchange=NSE\symbol=CIPLA\part-071852_926562-029160.parquet,35073,downloaded,35073,
2026-07-17,NSE,CIPLA,raw_l2/trade_date=2026-07-17/exchange=NSE/symbol=CIPLA/part-071907_827723-029192.parquet,real_data_sample\l2_unseen_validation\trade_date=2026-07-17\exchange=NSE\symbol=CIPLA\part-071907_827723-029192.parquet,35667,downloaded,35667,
2026-07-17,NSE,CIPLA,raw_l2/trade_date=2026-07-17/exchange=NSE/symbol=CIPLA/part-071726_295425-028968.parquet,real_data_sample\l2_unseen_validation\trade_date=2026-07-17\exchange=NSE\symbol=CIPLA\part-071726_295425-028968.parquet,34662,downloaded,34662,
2026-07-17,NSE,CIPLA,raw_l2/trade_date=2026-07-17/exchange=NSE/symbol=CIPLA/part-071921_956947-029224.parquet,real_data_sample\l2_unseen_validation\trade_date=2026-07-17\exchange=NSE\symbol=CIPLA\part-071921_956947-029224.parquet,34462,downloaded,34462,
2026-07-17,NSE,CIPLA,raw_l2/trade_date=2026-07-17/exchange=NSE/symbol=CIPLA/part-071615_342613-028808.parquet,real_data_sample\l2_unseen_validation\trade_date=2026-07-17\exchange=NSE\symbol=CIPLA\part-071615_342613-028808.parquet,35089,downloaded,35089,
2026-07-17,NSE,CIPLA,raw_l2/trade_date=2026-07-17/exchange=NSE/symbol=CIPLA/part-071503_438077-028648.parquet,real_data_sample\l2_unseen_validation\trade_date=2026-07-17\exchange=NSE\symbol=CIPLA\part-071503_438077-028648.parquet,34785,downloaded,34785,
2026-07-17,NSE,CIPLA,raw_l2/trade_date=2026-07-17/exchange=NSE/symbol=CIPLA/part-072033_373592-029384.parquet,real_data_sample\l2_unseen_validation\trade_date=2026-07-17\exchange=NSE\symbol=CIPLA\part-072033_373592-029384.parquet,34806,downloaded,34806,
2026-07-17,NSE,CIPLA,raw_l2/trade_date=2026-07-17/exchange=NSE/symbol=CIPLA/part-071601_103757-028776.parquet,real_data_sample\l2_unseen_validation\trade_date=2026-07-17\exchange=NSE\symbol=CIPLA\part-071601_103757-028776.parquet,35369,downloaded,35369,
2026-07-17,NSE,CIPLA,raw_l2/trade_date=2026-07-17/exchange=NSE/symbol=CIPLA/part-071448_991294-028616.parquet,real_data_sample\l2_unseen_validation\trade_date=2026-07-17\exchange=NSE\symbol=CIPLA\part-071448_991294-028616.parquet,34590,downloaded,34590,
2026-07-17,NSE,CIPLA,raw_l2/trade_date=2026-07-17/exchange=NSE/symbol=CIPLA/part-071532_161161-028712.parquet,real_data_sample\l2_unseen_validation\trade_date=2026-07-17\exchange=NSE\symbol=CIPLA\part-071532_161161-028712.parquet,35425,downloaded,35425,
2026-07-17,NSE,CIPLA,raw_l2/trade_date=2026-07-17/exchange=NSE/symbol=CIPLA/part-071546_605431-028744.parquet,real_data_sample\l2_unseen_validation\trade_date=2026-07-17\exchange=NSE\symbol=CIPLA\part-071546_605431-028744.parquet,35506,downloaded,35506,
2026-07-17,NSE,CIPLA,raw_l2/trade_date=2026-07-17/exchange=NSE/symbol=CIPLA/part-071517_881152-028680.parquet,real_data_sample\l2_unseen_validation\trade_date=2026-07-17\exchange=NSE\symbol=CIPLA\part-071517_881152-028680.parquet,35066,downloaded,35066,
2026-07-17,NSE,CIPLA,raw_l2/trade_date=2026-07-17/exchange=NSE/symbol=CIPLA/part-071420_411881-028552.parquet,real_data_sample\l2_unseen_validation\trade_date=2026-07-17\exchange=NSE\symbol=CIPLA\part-071420_411881-028552.parquet,34597,downloaded,34597,
2026-07-17,NSE,CIPLA,raw_l2/trade_date=2026-07-17/exchange=NSE/symbol=CIPLA/part-071658_068846-028904.parquet,real_data_sample\l2_unseen_validation\trade_date=2026-07-17\exchange=NSE\symbol=CIPLA\part-071658_068846-028904.parquet,35126,downloaded,35126,
2026-07-17,NSE,CIPLA,raw_l2/trade_date=2026-07-17/exchange=NSE/symbol=CIPLA/part-071337_319720-028456.parquet,real_data_sample\l2_unseen_validation\trade_date=2026-07-17\exchange=NSE\symbol=CIPLA\part-071337_319720-028456.parquet,34590,downloaded,34590,
2026-07-17,NSE,CIPLA,raw_l2/trade_date=2026-07-17/exchange=NSE/symbol=CIPLA/part-071434_636914-028584.parquet,real_data_sample\l2_unseen_validation\trade_date=2026-07-17\exchange=NSE\symbol=CIPLA\part-071434_636914-028584.parquet,34584,downloaded,34584,
2026-07-17,NSE,CIPLA,raw_l2/trade_date=2026-07-17/exchange=NSE/symbol=CIPLA/part-072101_890544-029448.parquet,real_data_sample\l2_unseen_validation\trade_date=2026-07-17\exchange=NSE\symbol=CIPLA\part-072101_890544-029448.parquet,34744,downloaded,34744,
2026-07-17,NSE,CIPLA,raw_l2/trade_date=2026-07-17/exchange=NSE/symbol=CIPLA/part-071823_591880-029096.parquet,real_data_sample\l2_unseen_validation\trade_date=2026-07-17\exchange=NSE\symbol=CIPLA\part-071823_591880-029096.parquet,35167,downloaded,35167,
2026-07-17,NSE,CIPLA,raw_l2/trade_date=2026-07-17/exchange=NSE/symbol=CIPLA/part-071837_910890-029128.parquet,real_data_sample\l2_unseen_validation\trade_date=2026-07-17\exchange=NSE\symbol=CIPLA\part-071837_910890-029128.parquet,35463,downloaded,35463,
2026-07-17,NSE,CIPLA,raw_l2/trade_date=2026-07-17/exchange=NSE/symbol=CIPLA/part-072047_636634-029416.parquet,real_data_sample\l2_unseen_validation\trade_date=2026-07-17\exchange=NSE\symbol=CIPLA\part-072047_636634-029416.parquet,34761,downloaded,34761,
2026-07-17,NSE,CIPLA,raw_l2/trade_date=2026-07-17/exchange=NSE/symbol=CIPLA/part-071754_841948-029032.parquet,real_data_sample\l2_unseen_validation\trade_date=2026-07-17\exchange=NSE\symbol=CIPLA\part-071754_841948-029032.parquet,34661,downloaded,34661,
2026-07-17,NSE,CIPLA,raw_l2/trade_date=2026-07-17/exchange=NSE/symbol=CIPLA/part-071351_900950-028488.parquet,real_data_sample\l2_unseen_validation\trade_date=2026-07-17\exchange=NSE\symbol=CIPLA\part-071351_900950-028488.parquet,34891,downloaded,34891,
2026-07-17,NSE,CIPLA,raw_l2/trade_date=2026-07-17/exchange=NSE/symbol=CIPLA/part-071406_102754-028520.parquet,real_data_sample\l2_unseen_validation\trade_date=2026-07-17\exchange=NSE\symbol=CIPLA\part-071406_102754-028520.parquet,34702,downloaded,34702,
2026-07-17,NSE,CIPLA,raw_l2/trade_date=2026-07-17/exchange=NSE/symbol=CIPLA/part-071740_600970-029000.parquet,real_data_sample\l2_unseen_validation\trade_date=2026-07-17\exchange=NSE\symbol=CIPLA\part-071740_600970-029000.parquet,34760,downloaded,34760,
2026-07-17,NSE,CIPLA,raw_l2/trade_date=2026-07-17/exchange=NSE/symbol=CIPLA/part-071712_140408-028936.parquet,real_data_sample\l2_unseen_validation\trade_date=2026-07-17\exchange=NSE\symbol=CIPLA\part-071712_140408-028936.parquet,35178,downloaded,35178,
2026-07-17,NSE,CIPLA,raw_l2/trade_date=2026-07-17/exchange=NSE/symbol=CIPLA/part-072004_680518-029320.parquet,real_data_sample\l2_unseen_validation\trade_date=2026-07-17\exchange=NSE\symbol=CIPLA\part-072004_680518-029320.parquet,34861,downloaded,34861,
2026-07-17,NSE,CIPLA,raw_l2/trade_date=2026-07-17/exchange=NSE/symbol=CIPLA/part-072019_082476-029352.parquet,real_data_sample\l2_unseen_validation\trade_date=2026-07-17\exchange=NSE\symbol=CIPLA\part-072019_082476-029352.parquet,34543,downloaded,34543,
2026-07-17,NSE,CIPLA,raw_l2/trade_date=2026-07-17/exchange=NSE/symbol=CIPLA/part-071629_628503-028840.parquet,real_data_sample\l2_unseen_validation\trade_date=2026-07-17\exchange=NSE\symbol=CIPLA\part-071629_628503-028840.parquet,35020,downloaded,35020,
2026-07-17,NSE,CIPLA,raw_l2/trade_date=2026-07-17/exchange=NSE/symbol=CIPLA/part-071643_823445-028872.parquet,real_data_sample\l2_unseen_validation\trade_date=2026-07-17\exchange=NSE\symbol=CIPLA\part-071643_823445-028872.parquet,35189,downloaded,35189,
2026-07-17,NSE,CIPLA,raw_l2/trade_date=2026-07-17/exchange=NSE/symbol=CIPLA/part-071936_376943-029256.parquet,real_data_sample\l2_unseen_validation\trade_date=2026-07-17\exchange=NSE\symbol=CIPLA\part-071936_376943-029256.parquet,34747,downloaded,34747,
2026-07-17,NSE,CIPLA,raw_l2/trade_date=2026-07-17/exchange=NSE/symbol=CIPLA/part-071950_592149-029288.parquet,real_data_sample\l2_unseen_validation\trade_date=2026-07-17\exchange=NSE\symbol=CIPLA\part-071950_592149-029288.parquet,34782,downloaded,34782,
2026-07-17,NSE,CIPLA,raw_l2/trade_date=2026-07-17/exchange=NSE/symbol=CIPLA/part-071809_162516-029064.parquet,real_data_sample\l2_unseen_validation\trade_date=2026-07-17\exchange=NSE\symbol=CIPLA\part-071809_162516-029064.parquet,34712,downloaded,34712,
2026-07-17,NSE,CIPLA,raw_l2/trade_date=2026-07-17/exchange=NSE/symbol=CIPLA/part-072130_216483-029512.parquet,real_data_sample\l2_unseen_validation\trade_date=2026-07-17\exchange=NSE\symbol=CIPLA\part-072130_216483-029512.parquet,35223,downloaded,35223,
2026-07-17,NSE,CIPLA,raw_l2/trade_date=2026-07-17/exchange=NSE/symbol=CIPLA/part-072116_091324-029480.parquet,real_data_sample\l2_unseen_validation\trade_date=2026-07-17\exchange=NSE\symbol=CIPLA\part-072116_091324-029480.parquet,35196,downloaded,35196,
2026-07-17,NSE,CIPLA,raw_l2/trade_date=2026-07-17/exchange=NSE/symbol=CIPLA/part-072255_848924-029704.parquet,real_data_sample\l2_unseen_validation\trade_date=2026-07-17\exchange=NSE\symbol=CIPLA\part-072255_848924-029704.parquet,34673,downloaded,34673,
2026-07-17,NSE,CIPLA,raw_l2/trade_date=2026-07-17/exchange=NSE/symbol=CIPLA/part-072241_686283-029672.parquet,real_data_sample\l2_unseen_validation\trade_date=2026-07-17\exchange=NSE\symbol=CIPLA\part-072241_686283-029672.parquet,34821,downloaded,34821,
2026-07-17,NSE,CIPLA,raw_l2/trade_date=2026-07-17/exchange=NSE/symbol=CIPLA/part-072144_326650-029544.parquet,real_data_sample\l2_unseen_validation\trade_date=2026-07-17\exchange=NSE\symbol=CIPLA\part-072144_326650-029544.parquet,35195,downloaded,35195,
2026-07-17,NSE,CIPLA,raw_l2/trade_date=2026-07-17/exchange=NSE/symbol=CIPLA/part-072324_373796-029768.parquet,real_data_sample\l2_unseen_validation\trade_date=2026-07-17\exchange=NSE\symbol=CIPLA\part-072324_373796-029768.parquet,34786,downloaded,34786,
2026-07-17,NSE,CIPLA,raw_l2/trade_date=2026-07-17/exchange=NSE/symbol=CIPLA/part-072227_332785-029640.parquet,real_data_sample\l2_unseen_validation\trade_date=2026-07-17\exchange=NSE\symbol=CIPLA\part-072227_332785-029640.parquet,34639,downloaded,34639,
2026-07-17,NSE,CIPLA,raw_l2/trade_date=2026-07-17/exchange=NSE/symbol=CIPLA/part-072310_142999-029736.parquet,real_data_sample\l2_unseen_validation\trade_date=2026-07-17\exchange=NSE\symbol=CIPLA\part-072310_142999-029736.parquet,34885,downloaded,34885,
2026-07-17,NSE,CIPLA,raw_l2/trade_date=2026-07-17/exchange=NSE/symbol=CIPLA/part-072158_407293-029576.parquet,real_data_sample\l2_unseen_validation\trade_date=2026-07-17\exchange=NSE\symbol=CIPLA\part-072158_407293-029576.parquet,35525,downloaded,35525,
2026-07-17,NSE,CIPLA,raw_l2/trade_date=2026-07-17/exchange=NSE/symbol=CIPLA/part-072213_357703-029608.parquet,real_data_sample\l2_unseen_validation\trade_date=2026-07-17\exchange=NSE\symbol=CIPLA\part-072213_357703-029608.parquet,35426,downloaded,35426,
2026-07-17,NSE,CIPLA,raw_l2/trade_date=2026-07-17/exchange=NSE/symbol=CIPLA/part-072407_383188-029864.parquet,real_data_sample\l2_unseen_validation\trade_date=2026-07-17\exchange=NSE\symbol=CIPLA\part-072407_383188-029864.parquet,34706,downloaded,34706,
2026-07-17,NSE,CIPLA,raw_l2/trade_date=2026-07-17/exchange=NSE/symbol=CIPLA/part-072615_530099-030152.parquet,real_data_sample\l2_unseen_validation\trade_date=2026-07-17\exchange=NSE\symbol=CIPLA\part-072615_530099-030152.parquet,34726,downloaded,34726,
2026-07-17,NSE,CIPLA,raw_l2/trade_date=2026-07-17/exchange=NSE/symbol=CIPLA/part-072450_159487-029960.parquet,real_data_sample\l2_unseen_validation\trade_date=2026-07-17\exchange=NSE\symbol=CIPLA\part-072450_159487-029960.parquet,34566,downloaded,34566,
2026-07-17,NSE,CIPLA,raw_l2/trade_date=2026-07-17/exchange=NSE/symbol=CIPLA/part-072504_786094-029992.parquet,real_data_sample\l2_unseen_validation\trade_date=2026-07-17\exchange=NSE\symbol=CIPLA\part-072504_786094-029992.parquet,34673,downloaded,34673,
2026-07-17,NSE,CIPLA,raw_l2/trade_date=2026-07-17/exchange=NSE/symbol=CIPLA/part-072338_854357-029800.parquet,real_data_sample\l2_unseen_validation\trade_date=2026-07-17\exchange=NSE\symbol=CIPLA\part-072338_854357-029800.parquet,34889,downloaded,34889,
2026-07-17,NSE,CIPLA,raw_l2/trade_date=2026-07-17/exchange=NSE/symbol=CIPLA/part-072629_688902-030184.parquet,real_data_sample\l2_unseen_validation\trade_date=2026-07-17\exchange=NSE\symbol=CIPLA\part-072629_688902-030184.parquet,34654,downloaded,34654,
2026-07-17,NSE,CIPLA,raw_l2/trade_date=2026-07-17/exchange=NSE/symbol=CIPLA/part-072435_865323-029928.parquet,real_data_sample\l2_unseen_validation\trade_date=2026-07-17\exchange=NSE\symbol=CIPLA\part-072435_865323-029928.parquet,34634,downloaded,34634,
2026-07-17,NSE,CIPLA,raw_l2/trade_date=2026-07-17/exchange=NSE/symbol=CIPLA/part-072353_168688-029832.parquet,real_data_sample\l2_unseen_validation\trade_date=2026-07-17\exchange=NSE\symbol=CIPLA\part-072353_168688-029832.parquet,34763,downloaded,34763,
2026-07-17,NSE,CIPLA,raw_l2/trade_date=2026-07-17/exchange=NSE/symbol=CIPLA/part-072547_359537-030088.parquet,real_data_sample\l2_unseen_validation\trade_date=2026-07-17\exchange=NSE\symbol=CIPLA\part-072547_359537-030088.parquet,34694,downloaded,34694,
2026-07-17,NSE,CIPLA,raw_l2/trade_date=2026-07-17/exchange=NSE/symbol=CIPLA/part-072421_581489-029896.parquet,real_data_sample\l2_unseen_validation\trade_date=2026-07-17\exchange=NSE\symbol=CIPLA\part-072421_581489-029896.parquet,34601,downloaded,34601,
2026-07-17,NSE,CIPLA,raw_l2/trade_date=2026-07-17/exchange=NSE/symbol=CIPLA/part-072518_832026-030024.parquet,real_data_sample\l2_unseen_validation\trade_date=2026-07-17\exchange=NSE\symbol=CIPLA\part-072518_832026-030024.parquet,34536,downloaded,34536,
2026-07-17,NSE,CIPLA,raw_l2/trade_date=2026-07-17/exchange=NSE/symbol=CIPLA/part-072601_411545-030120.parquet,real_data_sample\l2_unseen_validation\trade_date=2026-07-17\exchange=NSE\symbol=CIPLA\part-072601_411545-030120.parquet,34780,downloaded,34780,
2026-07-17,NSE,CIPLA,raw_l2/trade_date=2026-07-17/exchange=NSE/symbol=CIPLA/part-072533_080379-030056.parquet,real_data_sample\l2_unseen_validation\trade_date=2026-07-17\exchange=NSE\symbol=CIPLA\part-072533_080379-030056.parquet,34713,downloaded,34713,
2026-07-17,NSE,CIPLA,raw_l2/trade_date=2026-07-17/exchange=NSE/symbol=CIPLA/part-072810_655768-030408.parquet,real_data_sample\l2_unseen_validation\trade_date=2026-07-17\exchange=NSE\symbol=CIPLA\part-072810_655768-030408.parquet,34768,downloaded,34768,
2026-07-17,NSE,CIPLA,raw_l2/trade_date=2026-07-17/exchange=NSE/symbol=CIPLA/part-072825_085224-030440.parquet,real_data_sample\l2_unseen_validation\trade_date=2026-07-17\exchange=NSE\symbol=CIPLA\part-072825_085224-030440.parquet,34836,downloaded,34836,
2026-07-17,NSE,CIPLA,raw_l2/trade_date=2026-07-17/exchange=NSE/symbol=CIPLA/part-072840_600154-030472.parquet,real_data_sample\l2_unseen_validation\trade_date=2026-07-17\exchange=NSE\symbol=CIPLA\part-072840_600154-030472.parquet,34943,downloaded,34943,
2026-07-17,NSE,CIPLA,raw_l2/trade_date=2026-07-17/exchange=NSE/symbol=CIPLA/part-072741_691423-030344.parquet,real_data_sample\l2_unseen_validation\trade_date=2026-07-17\exchange=NSE\symbol=CIPLA\part-072741_691423-030344.parquet,34527,downloaded,34527,
2026-07-17,NSE,CIPLA,raw_l2/trade_date=2026-07-17/exchange=NSE/symbol=CIPLA/part-072756_138757-030376.parquet,real_data_sample\l2_unseen_validation\trade_date=2026-07-17\exchange=NSE\symbol=CIPLA\part-072756_138757-030376.parquet,34851,downloaded,34851,
2026-07-17,NSE,CIPLA,raw_l2/trade_date=2026-07-17/exchange=NSE/symbol=CIPLA/part-072712_840946-030280.parquet,real_data_sample\l2_unseen_validation\trade_date=2026-07-17\exchange=NSE\symbol=CIPLA\part-072712_840946-030280.parquet,34781,downloaded,34781,
2026-07-17,NSE,CIPLA,raw_l2/trade_date=2026-07-17/exchange=NSE/symbol=CIPLA/part-072644_328406-030216.parquet,real_data_sample\l2_unseen_validation\trade_date=2026-07-17\exchange=NSE\symbol=CIPLA\part-072644_328406-030216.parquet,34875,downloaded,34875,
2026-07-17,NSE,CIPLA,raw_l2/trade_date=2026-07-17/exchange=NSE/symbol=CIPLA/part-072727_384304-030312.parquet,real_data_sample\l2_unseen_validation\trade_date=2026-07-17\exchange=NSE\symbol=CIPLA\part-072727_384304-030312.parquet,34804,downloaded,34804,
2026-07-17,NSE,CIPLA,raw_l2/trade_date=2026-07-17/exchange=NSE/symbol=CIPLA/part-072658_387285-030248.parquet,real_data_sample\l2_unseen_validation\trade_date=2026-07-17\exchange=NSE\symbol=CIPLA\part-072658_387285-030248.parquet,34809,downloaded,34809,
2026-07-17,NSE,CIPLA,raw_l2/trade_date=2026-07-17/exchange=NSE/symbol=CIPLA/part-072924_741272-030568.parquet,real_data_sample\l2_unseen_validation\trade_date=2026-07-17\exchange=NSE\symbol=CIPLA\part-072924_741272-030568.parquet,35221,downloaded,35221,
2026-07-17,NSE,CIPLA,raw_l2/trade_date=2026-07-17/exchange=NSE/symbol=CIPLA/part-072855_380017-030504.parquet,real_data_sample\l2_unseen_validation\trade_date=2026-07-17\exchange=NSE\symbol=CIPLA\part-072855_380017-030504.parquet,34629,downloaded,34629,
2026-07-17,NSE,CIPLA,raw_l2/trade_date=2026-07-17/exchange=NSE/symbol=CIPLA/part-072909_998527-030536.parquet,real_data_sample\l2_unseen_validation\trade_date=2026-07-17\exchange=NSE\symbol=CIPLA\part-072909_998527-030536.parquet,34485,downloaded,34485,
2026-07-17,NSE,CIPLA,raw_l2/trade_date=2026-07-17/exchange=NSE/symbol=CIPLA/part-072939_455084-030600.parquet,real_data_sample\l2_unseen_validation\trade_date=2026-07-17\exchange=NSE\symbol=CIPLA\part-072939_455084-030600.parquet,35316,downloaded,35316,
2026-07-17,NSE,CIPLA,raw_l2/trade_date=2026-07-17/exchange=NSE/symbol=CIPLA/part-072953_950659-030632.parquet,real_data_sample\l2_unseen_validation\trade_date=2026-07-17\exchange=NSE\symbol=CIPLA\part-072953_950659-030632.parquet,35808,downloaded,35808,
2026-07-17,NSE,CIPLA,raw_l2/trade_date=2026-07-17/exchange=NSE/symbol=CIPLA/part-073008_321227-030664.parquet,real_data_sample\l2_unseen_validation\trade_date=2026-07-17\exchange=NSE\symbol=CIPLA\part-073008_321227-030664.parquet,35493,downloaded,35493,
2026-07-17,NSE,CIPLA,raw_l2/trade_date=2026-07-17/exchange=NSE/symbol=CIPLA/part-073036_838029-030728.parquet,real_data_sample\l2_unseen_validation\trade_date=2026-07-17\exchange=NSE\symbol=CIPLA\part-073036_838029-030728.parquet,35162,downloaded,35162,
2026-07-17,NSE,CIPLA,raw_l2/trade_date=2026-07-17/exchange=NSE/symbol=CIPLA/part-073022_615993-030696.parquet,real_data_sample\l2_unseen_validation\trade_date=2026-07-17\exchange=NSE\symbol=CIPLA\part-073022_615993-030696.parquet,35459,downloaded,35459,
2026-07-17,NSE,CIPLA,raw_l2/trade_date=2026-07-17/exchange=NSE/symbol=CIPLA/part-073134_103300-030856.parquet,real_data_sample\l2_unseen_validation\trade_date=2026-07-17\exchange=NSE\symbol=CIPLA\part-073134_103300-030856.parquet,34691,downloaded,34691,
2026-07-17,NSE,CIPLA,raw_l2/trade_date=2026-07-17/exchange=NSE/symbol=CIPLA/part-073051_132888-030760.parquet,real_data_sample\l2_unseen_validation\trade_date=2026-07-17\exchange=NSE\symbol=CIPLA\part-073051_132888-030760.parquet,35457,downloaded,35457,
2026-07-17,NSE,CIPLA,raw_l2/trade_date=2026-07-17/exchange=NSE/symbol=CIPLA/part-073604_637293-031464.parquet,real_data_sample\l2_unseen_validation\trade_date=2026-07-17\exchange=NSE\symbol=CIPLA\part-073604_637293-031464.parquet,35544,downloaded,35544,
2026-07-17,NSE,CIPLA,raw_l2/trade_date=2026-07-17/exchange=NSE/symbol=CIPLA/part-073105_707149-030792.parquet,real_data_sample\l2_unseen_validation\trade_date=2026-07-17\exchange=NSE\symbol=CIPLA\part-073105_707149-030792.parquet,34969,downloaded,34969,
2026-07-17,NSE,CIPLA,raw_l2/trade_date=2026-07-17/exchange=NSE/symbol=CIPLA/part-073120_092399-030824.parquet,real_data_sample\l2_unseen_validation\trade_date=2026-07-17\exchange=NSE\symbol=CIPLA\part-073120_092399-030824.parquet,34824,downloaded,34824,
2026-07-17,NSE,CIPLA,raw_l2/trade_date=2026-07-17/exchange=NSE/symbol=CIPLA/part-073618_952467-031496.parquet,real_data_sample\l2_unseen_validation\trade_date=2026-07-17\exchange=NSE\symbol=CIPLA\part-073618_952467-031496.parquet,35396,downloaded,35396,
2026-07-17,NSE,CIPLA,raw_l2/trade_date=2026-07-17/exchange=NSE/symbol=CIPLA/part-073550_578881-031432.parquet,real_data_sample\l2_unseen_validation\trade_date=2026-07-17\exchange=NSE\symbol=CIPLA\part-073550_578881-031432.parquet,35057,downloaded,35057,
2026-07-17,NSE,CIPLA,raw_l2/trade_date=2026-07-17/exchange=NSE/symbol=CIPLA/part-073148_615704-030888.parquet,real_data_sample\l2_unseen_validation\trade_date=2026-07-17\exchange=NSE\symbol=CIPLA\part-073148_615704-030888.parquet,34620,downloaded,34620,
2026-07-17,NSE,CIPLA,raw_l2/trade_date=2026-07-17/exchange=NSE/symbol=CIPLA/part-073259_637617-031048.parquet,real_data_sample\l2_unseen_validation\trade_date=2026-07-17\exchange=NSE\symbol=CIPLA\part-073259_637617-031048.parquet,34677,downloaded,34677,
2026-07-17,NSE,CIPLA,raw_l2/trade_date=2026-07-17/exchange=NSE/symbol=CIPLA/part-073328_192610-031112.parquet,real_data_sample\l2_unseen_validation\trade_date=2026-07-17\exchange=NSE\symbol=CIPLA\part-073328_192610-031112.parquet,35239,downloaded,35239,
2026-07-17,NSE,CIPLA,raw_l2/trade_date=2026-07-17/exchange=NSE/symbol=CIPLA/part-073313_897168-031080.parquet,real_data_sample\l2_unseen_validation\trade_date=2026-07-17\exchange=NSE\symbol=CIPLA\part-073313_897168-031080.parquet,34924,downloaded,34924,
2026-07-17,NSE,CIPLA,raw_l2/trade_date=2026-07-17/exchange=NSE/symbol=CIPLA/part-073231_137152-030984.parquet,real_data_sample\l2_unseen_validation\trade_date=2026-07-17\exchange=NSE\symbol=CIPLA\part-073231_137152-030984.parquet,34802,downloaded,34802,
2026-07-17,NSE,CIPLA,raw_l2/trade_date=2026-07-17/exchange=NSE/symbol=CIPLA/part-073202_882200-030920.parquet,real_data_sample\l2_unseen_validation\trade_date=2026-07-17\exchange=NSE\symbol=CIPLA\part-073202_882200-030920.parquet,34552,downloaded,34552,
2026-07-17,NSE,CIPLA,raw_l2/trade_date=2026-07-17/exchange=NSE/symbol=CIPLA/part-073439_432641-031272.parquet,real_data_sample\l2_unseen_validation\trade_date=2026-07-17\exchange=NSE\symbol=CIPLA\part-073439_432641-031272.parquet,35341,downloaded,35341,
2026-07-17,NSE,CIPLA,raw_l2/trade_date=2026-07-17/exchange=NSE/symbol=CIPLA/part-073217_064119-030952.parquet,real_data_sample\l2_unseen_validation\trade_date=2026-07-17\exchange=NSE\symbol=CIPLA\part-073217_064119-030952.parquet,34501,downloaded,34501,
2026-07-17,NSE,CIPLA,raw_l2/trade_date=2026-07-17/exchange=NSE/symbol=CIPLA/part-073425_129097-031240.parquet,real_data_sample\l2_unseen_validation\trade_date=2026-07-17\exchange=NSE\symbol=CIPLA\part-073425_129097-031240.parquet,35209,downloaded,35209,
2026-07-17,NSE,CIPLA,raw_l2/trade_date=2026-07-17/exchange=NSE/symbol=CIPLA/part-073342_588993-031144.parquet,real_data_sample\l2_unseen_validation\trade_date=2026-07-17\exchange=NSE\symbol=CIPLA\part-073342_588993-031144.parquet,35228,downloaded,35228,
2026-07-17,NSE,CIPLA,raw_l2/trade_date=2026-07-17/exchange=NSE/symbol=CIPLA/part-073356_627194-031176.parquet,real_data_sample\l2_unseen_validation\trade_date=2026-07-17\exchange=NSE\symbol=CIPLA\part-073356_627194-031176.parquet,35167,downloaded,35167,
2026-07-17,NSE,CIPLA,raw_l2/trade_date=2026-07-17/exchange=NSE/symbol=CIPLA/part-073410_844623-031208.parquet,real_data_sample\l2_unseen_validation\trade_date=2026-07-17\exchange=NSE\symbol=CIPLA\part-073410_844623-031208.parquet,35396,downloaded,35396,
2026-07-17,NSE,CIPLA,raw_l2/trade_date=2026-07-17/exchange=NSE/symbol=CIPLA/part-073245_368689-031016.parquet,real_data_sample\l2_unseen_validation\trade_date=2026-07-17\exchange=NSE\symbol=CIPLA\part-073245_368689-031016.parquet,34845,downloaded,34845,
2026-07-17,NSE,CIPLA,raw_l2/trade_date=2026-07-17/exchange=NSE/symbol=CIPLA/part-073536_376083-031400.parquet,real_data_sample\l2_unseen_validation\trade_date=2026-07-17\exchange=NSE\symbol=CIPLA\part-073536_376083-031400.parquet,35138,downloaded,35138,
2026-07-17,NSE,CIPLA,raw_l2/trade_date=2026-07-17/exchange=NSE/symbol=CIPLA/part-073522_077310-031368.parquet,real_data_sample\l2_unseen_validation\trade_date=2026-07-17\exchange=NSE\symbol=CIPLA\part-073522_077310-031368.parquet,35256,downloaded,35256,
2026-07-17,NSE,CIPLA,raw_l2/trade_date=2026-07-17/exchange=NSE/symbol=CIPLA/part-073453_813332-031304.parquet,real_data_sample\l2_unseen_validation\trade_date=2026-07-17\exchange=NSE\symbol=CIPLA\part-073453_813332-031304.parquet,35226,downloaded,35226,
2026-07-17,NSE,CIPLA,raw_l2/trade_date=2026-07-17/exchange=NSE/symbol=CIPLA/part-073507_928169-031336.parquet,real_data_sample\l2_unseen_validation\trade_date=2026-07-17\exchange=NSE\symbol=CIPLA\part-073507_928169-031336.parquet,35342,downloaded,35342,
2026-07-17,NSE,CIPLA,raw_l2/trade_date=2026-07-17/exchange=NSE/symbol=CIPLA/part-073647_598362-031560.parquet,real_data_sample\l2_unseen_validation\trade_date=2026-07-17\exchange=NSE\symbol=CIPLA\part-073647_598362-031560.parquet,35342,downloaded,35342,
2026-07-17,NSE,CIPLA,raw_l2/trade_date=2026-07-17/exchange=NSE/symbol=CIPLA/part-073633_361592-031528.parquet,real_data_sample\l2_unseen_validation\trade_date=2026-07-17\exchange=NSE\symbol=CIPLA\part-073633_361592-031528.parquet,35319,downloaded,35319,
2026-07-17,NSE,CIPLA,raw_l2/trade_date=2026-07-17/exchange=NSE/symbol=CIPLA/part-073715_835991-031624.parquet,real_data_sample\l2_unseen_validation\trade_date=2026-07-17\exchange=NSE\symbol=CIPLA\part-073715_835991-031624.parquet,35130,downloaded,35130,
2026-07-17,NSE,CIPLA,raw_l2/trade_date=2026-07-17/exchange=NSE/symbol=CIPLA/part-073743_814069-031688.parquet,real_data_sample\l2_unseen_validation\trade_date=2026-07-17\exchange=NSE\symbol=CIPLA\part-073743_814069-031688.parquet,35204,downloaded,35204,
2026-07-17,NSE,CIPLA,raw_l2/trade_date=2026-07-17/exchange=NSE/symbol=CIPLA/part-073729_837262-031656.parquet,real_data_sample\l2_unseen_validation\trade_date=2026-07-17\exchange=NSE\symbol=CIPLA\part-073729_837262-031656.parquet,35474,downloaded,35474,
2026-07-17,NSE,CIPLA,raw_l2/trade_date=2026-07-17/exchange=NSE/symbol=CIPLA/part-073922_801143-031912.parquet,real_data_sample\l2_unseen_validation\trade_date=2026-07-17\exchange=NSE\symbol=CIPLA\part-073922_801143-031912.parquet,35409,downloaded,35409,
2026-07-17,NSE,CIPLA,raw_l2/trade_date=2026-07-17/exchange=NSE/symbol=CIPLA/part-073701_857478-031592.parquet,real_data_sample\l2_unseen_validation\trade_date=2026-07-17\exchange=NSE\symbol=CIPLA\part-073701_857478-031592.parquet,35369,downloaded,35369,
2026-07-17,NSE,CIPLA,raw_l2/trade_date=2026-07-17/exchange=NSE/symbol=CIPLA/part-073854_262461-031848.parquet,real_data_sample\l2_unseen_validation\trade_date=2026-07-17\exchange=NSE\symbol=CIPLA\part-073854_262461-031848.parquet,35306,downloaded,35306,
2026-07-17,NSE,CIPLA,raw_l2/trade_date=2026-07-17/exchange=NSE/symbol=CIPLA/part-073908_839498-031880.parquet,real_data_sample\l2_unseen_validation\trade_date=2026-07-17\exchange=NSE\symbol=CIPLA\part-073908_839498-031880.parquet,35618,downloaded,35618,
2026-07-17,NSE,CIPLA,raw_l2/trade_date=2026-07-17/exchange=NSE/symbol=CIPLA/part-074019_352365-032040.parquet,real_data_sample\l2_unseen_validation\trade_date=2026-07-17\exchange=NSE\symbol=CIPLA\part-074019_352365-032040.parquet,35207,downloaded,35207,
2026-07-17,NSE,CIPLA,raw_l2/trade_date=2026-07-17/exchange=NSE/symbol=CIPLA/part-074005_067630-032008.parquet,real_data_sample\l2_unseen_validation\trade_date=2026-07-17\exchange=NSE\symbol=CIPLA\part-074005_067630-032008.parquet,34942,downloaded,34942,
2026-07-17,NSE,CIPLA,raw_l2/trade_date=2026-07-17/exchange=NSE/symbol=CIPLA/part-073757_819220-031720.parquet,real_data_sample\l2_unseen_validation\trade_date=2026-07-17\exchange=NSE\symbol=CIPLA\part-073757_819220-031720.parquet,35366,downloaded,35366,
2026-07-17,NSE,CIPLA,raw_l2/trade_date=2026-07-17/exchange=NSE/symbol=CIPLA/part-074033_333003-032072.parquet,real_data_sample\l2_unseen_validation\trade_date=2026-07-17\exchange=NSE\symbol=CIPLA\part-074033_333003-032072.parquet,35422,downloaded,35422,
2026-07-17,NSE,CIPLA,raw_l2/trade_date=2026-07-17/exchange=NSE/symbol=CIPLA/part-073826_142312-031784.parquet,real_data_sample\l2_unseen_validation\trade_date=2026-07-17\exchange=NSE\symbol=CIPLA\part-073826_142312-031784.parquet,35278,downloaded,35278,
2026-07-17,NSE,CIPLA,raw_l2/trade_date=2026-07-17/exchange=NSE/symbol=CIPLA/part-073950_832030-031976.parquet,real_data_sample\l2_unseen_validation\trade_date=2026-07-17\exchange=NSE\symbol=CIPLA\part-073950_832030-031976.parquet,35411,downloaded,35411,
2026-07-17,NSE,CIPLA,raw_l2/trade_date=2026-07-17/exchange=NSE/symbol=CIPLA/part-074115_796747-032168.parquet,real_data_sample\l2_unseen_validation\trade_date=2026-07-17\exchange=NSE\symbol=CIPLA\part-074115_796747-032168.parquet,34834,downloaded,34834,
2026-07-17,NSE,CIPLA,raw_l2/trade_date=2026-07-17/exchange=NSE/symbol=CIPLA/part-074129_825986-032200.parquet,real_data_sample\l2_unseen_validation\trade_date=2026-07-17\exchange=NSE\symbol=CIPLA\part-074129_825986-032200.parquet,34571,downloaded,34571,
2026-07-17,NSE,CIPLA,raw_l2/trade_date=2026-07-17/exchange=NSE/symbol=CIPLA/part-073936_810038-031944.parquet,real_data_sample\l2_unseen_validation\trade_date=2026-07-17\exchange=NSE\symbol=CIPLA\part-073936_810038-031944.parquet,35377,downloaded,35377,
2026-07-17,NSE,CIPLA,raw_l2/trade_date=2026-07-17/exchange=NSE/symbol=CIPLA/part-073840_284514-031816.parquet,real_data_sample\l2_unseen_validation\trade_date=2026-07-17\exchange=NSE\symbol=CIPLA\part-073840_284514-031816.parquet,35194,downloaded,35194,
2026-07-17,NSE,CIPLA,raw_l2/trade_date=2026-07-17/exchange=NSE/symbol=CIPLA/part-074144_047090-032232.parquet,real_data_sample\l2_unseen_validation\trade_date=2026-07-17\exchange=NSE\symbol=CIPLA\part-074144_047090-032232.parquet,34619,downloaded,34619,
2026-07-17,NSE,CIPLA,raw_l2/trade_date=2026-07-17/exchange=NSE/symbol=CIPLA/part-074254_047480-032392.parquet,real_data_sample\l2_unseen_validation\trade_date=2026-07-17\exchange=NSE\symbol=CIPLA\part-074254_047480-032392.parquet,34738,downloaded,34738,
2026-07-17,NSE,CIPLA,raw_l2/trade_date=2026-07-17/exchange=NSE/symbol=CIPLA/part-074101_605006-032136.parquet,real_data_sample\l2_unseen_validation\trade_date=2026-07-17\exchange=NSE\symbol=CIPLA\part-074101_605006-032136.parquet,35552,downloaded,35552,
2026-07-17,NSE,CIPLA,raw_l2/trade_date=2026-07-17/exchange=NSE/symbol=CIPLA/part-073812_046195-031752.parquet,real_data_sample\l2_unseen_validation\trade_date=2026-07-17\exchange=NSE\symbol=CIPLA\part-073812_046195-031752.parquet,35159,downloaded,35159,
2026-07-17,NSE,CIPLA,raw_l2/trade_date=2026-07-17/exchange=NSE/symbol=CIPLA/part-074047_562822-032104.parquet,real_data_sample\l2_unseen_validation\trade_date=2026-07-17\exchange=NSE\symbol=CIPLA\part-074047_562822-032104.parquet,35209,downloaded,35209,
2026-07-17,NSE,CIPLA,raw_l2/trade_date=2026-07-17/exchange=NSE/symbol=CIPLA/part-074308_071148-032424.parquet,real_data_sample\l2_unseen_validation\trade_date=2026-07-17\exchange=NSE\symbol=CIPLA\part-074308_071148-032424.parquet,34609,downloaded,34609,
2026-07-17,NSE,CIPLA,raw_l2/trade_date=2026-07-17/exchange=NSE/symbol=CIPLA/part-074158_054359-032264.parquet,real_data_sample\l2_unseen_validation\trade_date=2026-07-17\exchange=NSE\symbol=CIPLA\part-074158_054359-032264.parquet,34774,downloaded,34774,
2026-07-17,NSE,CIPLA,raw_l2/trade_date=2026-07-17/exchange=NSE/symbol=CIPLA/part-074322_031632-032456.parquet,real_data_sample\l2_unseen_validation\trade_date=2026-07-17\exchange=NSE\symbol=CIPLA\part-074322_031632-032456.parquet,35048,downloaded,35048,
2026-07-17,NSE,CIPLA,raw_l2/trade_date=2026-07-17/exchange=NSE/symbol=CIPLA/part-074419_057356-032584.parquet,real_data_sample\l2_unseen_validation\trade_date=2026-07-17\exchange=NSE\symbol=CIPLA\part-074419_057356-032584.parquet,34805,downloaded,34805,
2026-07-17,NSE,CIPLA,raw_l2/trade_date=2026-07-17/exchange=NSE/symbol=CIPLA/part-074212_094166-032296.parquet,real_data_sample\l2_unseen_validation\trade_date=2026-07-17\exchange=NSE\symbol=CIPLA\part-074212_094166-032296.parquet,34825,downloaded,34825,
2026-07-17,NSE,CIPLA,raw_l2/trade_date=2026-07-17/exchange=NSE/symbol=CIPLA/part-074336_128292-032488.parquet,real_data_sample\l2_unseen_validation\trade_date=2026-07-17\exchange=NSE\symbol=CIPLA\part-074336_128292-032488.parquet,35387,downloaded,35387,
2026-07-17,NSE,CIPLA,raw_l2/trade_date=2026-07-17/exchange=NSE/symbol=CIPLA/part-074350_384053-032520.parquet,real_data_sample\l2_unseen_validation\trade_date=2026-07-17\exchange=NSE\symbol=CIPLA\part-074350_384053-032520.parquet,34856,downloaded,34856,
2026-07-17,NSE,CIPLA,raw_l2/trade_date=2026-07-17/exchange=NSE/symbol=CIPLA/part-074226_038616-032328.parquet,real_data_sample\l2_unseen_validation\trade_date=2026-07-17\exchange=NSE\symbol=CIPLA\part-074226_038616-032328.parquet,35092,downloaded,35092,
2026-07-17,NSE,CIPLA,raw_l2/trade_date=2026-07-17/exchange=NSE/symbol=CIPLA/part-074239_905959-032360.parquet,real_data_sample\l2_unseen_validation\trade_date=2026-07-17\exchange=NSE\symbol=CIPLA\part-074239_905959-032360.parquet,34845,downloaded,34845,
2026-07-17,NSE,CIPLA,raw_l2/trade_date=2026-07-17/exchange=NSE/symbol=CIPLA/part-074405_048070-032552.parquet,real_data_sample\l2_unseen_validation\trade_date=2026-07-17\exchange=NSE\symbol=CIPLA\part-074405_048070-032552.parquet,35150,downloaded,35150,
2026-07-17,NSE,CIPLA,raw_l2/trade_date=2026-07-17/exchange=NSE/symbol=CIPLA/part-074640_689651-032904.parquet,real_data_sample\l2_unseen_validation\trade_date=2026-07-17\exchange=NSE\symbol=CIPLA\part-074640_689651-032904.parquet,35651,downloaded,35651,
2026-07-17,NSE,CIPLA,raw_l2/trade_date=2026-07-17/exchange=NSE/symbol=CIPLA/part-074529_587232-032744.parquet,real_data_sample\l2_unseen_validation\trade_date=2026-07-17\exchange=NSE\symbol=CIPLA\part-074529_587232-032744.parquet,34523,downloaded,34523,
2026-07-17,NSE,CIPLA,raw_l2/trade_date=2026-07-17/exchange=NSE/symbol=CIPLA/part-074501_073913-032680.parquet,real_data_sample\l2_unseen_validation\trade_date=2026-07-17\exchange=NSE\symbol=CIPLA\part-074501_073913-032680.parquet,34626,downloaded,34626,
2026-07-17,NSE,CIPLA,raw_l2/trade_date=2026-07-17/exchange=NSE/symbol=CIPLA/part-074433_080625-032616.parquet,real_data_sample\l2_unseen_validation\trade_date=2026-07-17\exchange=NSE\symbol=CIPLA\part-074433_080625-032616.parquet,34710,downloaded,34710,
2026-07-17,NSE,CIPLA,raw_l2/trade_date=2026-07-17/exchange=NSE/symbol=CIPLA/part-074654_823870-032936.parquet,real_data_sample\l2_unseen_validation\trade_date=2026-07-17\exchange=NSE\symbol=CIPLA\part-074654_823870-032936.parquet,35153,downloaded,35153,
2026-07-17,NSE,CIPLA,raw_l2/trade_date=2026-07-17/exchange=NSE/symbol=CIPLA/part-074626_347997-032872.parquet,real_data_sample\l2_unseen_validation\trade_date=2026-07-17\exchange=NSE\symbol=CIPLA\part-074626_347997-032872.parquet,35214,downloaded,35214,
2026-07-17,NSE,CIPLA,raw_l2/trade_date=2026-07-17/exchange=NSE/symbol=CIPLA/part-074847_616049-033192.parquet,real_data_sample\l2_unseen_validation\trade_date=2026-07-17\exchange=NSE\symbol=CIPLA\part-074847_616049-033192.parquet,35061,downloaded,35061,
2026-07-17,NSE,CIPLA,raw_l2/trade_date=2026-07-17/exchange=NSE/symbol=CIPLA/part-074833_539527-033160.parquet,real_data_sample\l2_unseen_validation\trade_date=2026-07-17\exchange=NSE\symbol=CIPLA\part-074833_539527-033160.parquet,35277,downloaded,35277,
2026-07-17,NSE,CIPLA,raw_l2/trade_date=2026-07-17/exchange=NSE/symbol=CIPLA/part-074557_609512-032808.parquet,real_data_sample\l2_unseen_validation\trade_date=2026-07-17\exchange=NSE\symbol=CIPLA\part-074557_609512-032808.parquet,34591,downloaded,34591,
2026-07-17,NSE,CIPLA,raw_l2/trade_date=2026-07-17/exchange=NSE/symbol=CIPLA/part-074612_161963-032840.parquet,real_data_sample\l2_unseen_validation\trade_date=2026-07-17\exchange=NSE\symbol=CIPLA\part-074612_161963-032840.parquet,35089,downloaded,35089,
2026-07-17,NSE,CIPLA,raw_l2/trade_date=2026-07-17/exchange=NSE/symbol=CIPLA/part-074543_587026-032776.parquet,real_data_sample\l2_unseen_validation\trade_date=2026-07-17\exchange=NSE\symbol=CIPLA\part-074543_587026-032776.parquet,34692,downloaded,34692,
2026-07-17,NSE,CIPLA,raw_l2/trade_date=2026-07-17/exchange=NSE/symbol=CIPLA/part-074805_330486-033096.parquet,real_data_sample\l2_unseen_validation\trade_date=2026-07-17\exchange=NSE\symbol=CIPLA\part-074805_330486-033096.parquet,35099,downloaded,35099,
2026-07-17,NSE,CIPLA,raw_l2/trade_date=2026-07-17/exchange=NSE/symbol=CIPLA/part-074515_332577-032712.parquet,real_data_sample\l2_unseen_validation\trade_date=2026-07-17\exchange=NSE\symbol=CIPLA\part-074515_332577-032712.parquet,34667,downloaded,34667,
2026-07-17,NSE,CIPLA,raw_l2/trade_date=2026-07-17/exchange=NSE/symbol=CIPLA/part-074447_052868-032648.parquet,real_data_sample\l2_unseen_validation\trade_date=2026-07-17\exchange=NSE\symbol=CIPLA\part-074447_052868-032648.parquet,34566,downloaded,34566,
2026-07-17,NSE,CIPLA,raw_l2/trade_date=2026-07-17/exchange=NSE/symbol=CIPLA/part-074958_069000-033352.parquet,real_data_sample\l2_unseen_validation\trade_date=2026-07-17\exchange=NSE\symbol=CIPLA\part-074958_069000-033352.parquet,35540,downloaded,35540,
2026-07-17,NSE,CIPLA,raw_l2/trade_date=2026-07-17/exchange=NSE/symbol=CIPLA/part-074916_021981-033256.parquet,real_data_sample\l2_unseen_validation\trade_date=2026-07-17\exchange=NSE\symbol=CIPLA\part-074916_021981-033256.parquet,34770,downloaded,34770,
2026-07-17,NSE,CIPLA,raw_l2/trade_date=2026-07-17/exchange=NSE/symbol=CIPLA/part-074708_849519-032968.parquet,real_data_sample\l2_unseen_validation\trade_date=2026-07-17\exchange=NSE\symbol=CIPLA\part-074708_849519-032968.parquet,35248,downloaded,35248,
2026-07-17,NSE,CIPLA,raw_l2/trade_date=2026-07-17/exchange=NSE/symbol=CIPLA/part-074930_029869-033288.parquet,real_data_sample\l2_unseen_validation\trade_date=2026-07-17\exchange=NSE\symbol=CIPLA\part-074930_029869-033288.parquet,35076,downloaded,35076,
2026-07-17,NSE,CIPLA,raw_l2/trade_date=2026-07-17/exchange=NSE/symbol=CIPLA/part-074737_295560-033032.parquet,real_data_sample\l2_unseen_validation\trade_date=2026-07-17\exchange=NSE\symbol=CIPLA\part-074737_295560-033032.parquet,35063,downloaded,35063,
2026-07-17,NSE,CIPLA,raw_l2/trade_date=2026-07-17/exchange=NSE/symbol=CIPLA/part-074901_862582-033224.parquet,real_data_sample\l2_unseen_validation\trade_date=2026-07-17\exchange=NSE\symbol=CIPLA\part-074901_862582-033224.parquet,35173,downloaded,35173,
2026-07-17,NSE,CIPLA,raw_l2/trade_date=2026-07-17/exchange=NSE/symbol=CIPLA/part-075151_585332-033608.parquet,real_data_sample\l2_unseen_validation\trade_date=2026-07-17\exchange=NSE\symbol=CIPLA\part-075151_585332-033608.parquet,34627,downloaded,34627,
2026-07-17,NSE,CIPLA,raw_l2/trade_date=2026-07-17/exchange=NSE/symbol=CIPLA/part-074944_047840-033320.parquet,real_data_sample\l2_unseen_validation\trade_date=2026-07-17\exchange=NSE\symbol=CIPLA\part-074944_047840-033320.parquet,35345,downloaded,35345,
2026-07-17,NSE,CIPLA,raw_l2/trade_date=2026-07-17/exchange=NSE/symbol=CIPLA/part-074751_316256-033064.parquet,real_data_sample\l2_unseen_validation\trade_date=2026-07-17\exchange=NSE\symbol=CIPLA\part-074751_316256-033064.parquet,35224,downloaded,35224,
2026-07-17,NSE,CIPLA,raw_l2/trade_date=2026-07-17/exchange=NSE/symbol=CIPLA/part-075137_360087-033576.parquet,real_data_sample\l2_unseen_validation\trade_date=2026-07-17\exchange=NSE\symbol=CIPLA\part-075137_360087-033576.parquet,34692,downloaded,34692,
2026-07-17,NSE,CIPLA,raw_l2/trade_date=2026-07-17/exchange=NSE/symbol=CIPLA/part-075123_289611-033544.parquet,real_data_sample\l2_unseen_validation\trade_date=2026-07-17\exchange=NSE\symbol=CIPLA\part-075123_289611-033544.parquet,34747,downloaded,34747,
2026-07-17,NSE,CIPLA,raw_l2/trade_date=2026-07-17/exchange=NSE/symbol=CIPLA/part-075026_580028-033416.parquet,real_data_sample\l2_unseen_validation\trade_date=2026-07-17\exchange=NSE\symbol=CIPLA\part-075026_580028-033416.parquet,34597,downloaded,34597,
2026-07-17,NSE,CIPLA,raw_l2/trade_date=2026-07-17/exchange=NSE/symbol=CIPLA/part-075109_256384-033512.parquet,real_data_sample\l2_unseen_validation\trade_date=2026-07-17\exchange=NSE\symbol=CIPLA\part-075109_256384-033512.parquet,34766,downloaded,34766,
2026-07-17,NSE,CIPLA,raw_l2/trade_date=2026-07-17/exchange=NSE/symbol=CIPLA/part-074819_316930-033128.parquet,real_data_sample\l2_unseen_validation\trade_date=2026-07-17\exchange=NSE\symbol=CIPLA\part-074819_316930-033128.parquet,35222,downloaded,35222,
2026-07-17,NSE,CIPLA,raw_l2/trade_date=2026-07-17/exchange=NSE/symbol=CIPLA/part-074723_164312-033000.parquet,real_data_sample\l2_unseen_validation\trade_date=2026-07-17\exchange=NSE\symbol=CIPLA\part-074723_164312-033000.parquet,35190,downloaded,35190,
2026-07-17,NSE,CIPLA,raw_l2/trade_date=2026-07-17/exchange=NSE/symbol=CIPLA/part-075012_061961-033384.parquet,real_data_sample\l2_unseen_validation\trade_date=2026-07-17\exchange=NSE\symbol=CIPLA\part-075012_061961-033384.parquet,35150,downloaded,35150,
2026-07-17,NSE,CIPLA,raw_l2/trade_date=2026-07-17/exchange=NSE/symbol=CIPLA/part-075055_293922-033480.parquet,real_data_sample\l2_unseen_validation\trade_date=2026-07-17\exchange=NSE\symbol=CIPLA\part-075055_293922-033480.parquet,34654,downloaded,34654,
2026-07-17,NSE,CIPLA,raw_l2/trade_date=2026-07-17/exchange=NSE/symbol=CIPLA/part-075041_289723-033448.parquet,real_data_sample\l2_unseen_validation\trade_date=2026-07-17\exchange=NSE\symbol=CIPLA\part-075041_289723-033448.parquet,34840,downloaded,34840,
2026-07-17,NSE,CIPLA,raw_l2/trade_date=2026-07-17/exchange=NSE/symbol=CIPLA/part-075248_408698-033736.parquet,real_data_sample\l2_unseen_validation\trade_date=2026-07-17\exchange=NSE\symbol=CIPLA\part-075248_408698-033736.parquet,34539,downloaded,34539,
2026-07-17,NSE,CIPLA,raw_l2/trade_date=2026-07-17/exchange=NSE/symbol=CIPLA/part-075220_328010-033672.parquet,real_data_sample\l2_unseen_validation\trade_date=2026-07-17\exchange=NSE\symbol=CIPLA\part-075220_328010-033672.parquet,34596,downloaded,34596,
2026-07-17,NSE,CIPLA,raw_l2/trade_date=2026-07-17/exchange=NSE/symbol=CIPLA/part-075552_084701-034152.parquet,real_data_sample\l2_unseen_validation\trade_date=2026-07-17\exchange=NSE\symbol=CIPLA\part-075552_084701-034152.parquet,34531,downloaded,34531,
2026-07-17,NSE,CIPLA,raw_l2/trade_date=2026-07-17/exchange=NSE/symbol=CIPLA/part-075510_106473-034056.parquet,real_data_sample\l2_unseen_validation\trade_date=2026-07-17\exchange=NSE\symbol=CIPLA\part-075510_106473-034056.parquet,34781,downloaded,34781,
2026-07-17,NSE,CIPLA,raw_l2/trade_date=2026-07-17/exchange=NSE/symbol=CIPLA/part-075524_143715-034088.parquet,real_data_sample\l2_unseen_validation\trade_date=2026-07-17\exchange=NSE\symbol=CIPLA\part-075524_143715-034088.parquet,34529,downloaded,34529,
2026-07-17,NSE,CIPLA,raw_l2/trade_date=2026-07-17/exchange=NSE/symbol=CIPLA/part-075345_336332-033864.parquet,real_data_sample\l2_unseen_validation\trade_date=2026-07-17\exchange=NSE\symbol=CIPLA\part-075345_336332-033864.parquet,34666,downloaded,34666,
2026-07-17,NSE,CIPLA,raw_l2/trade_date=2026-07-17/exchange=NSE/symbol=CIPLA/part-075538_097100-034120.parquet,real_data_sample\l2_unseen_validation\trade_date=2026-07-17\exchange=NSE\symbol=CIPLA\part-075538_097100-034120.parquet,34703,downloaded,34703,
2026-07-17,NSE,CIPLA,raw_l2/trade_date=2026-07-17/exchange=NSE/symbol=CIPLA/part-075829_363722-034504.parquet,real_data_sample\l2_unseen_validation\trade_date=2026-07-17\exchange=NSE\symbol=CIPLA\part-075829_363722-034504.parquet,34695,downloaded,34695,
2026-07-17,NSE,CIPLA,raw_l2/trade_date=2026-07-17/exchange=NSE/symbol=CIPLA/part-075317_390473-033800.parquet,real_data_sample\l2_unseen_validation\trade_date=2026-07-17\exchange=NSE\symbol=CIPLA\part-075317_390473-033800.parquet,34614,downloaded,34614,
2026-07-17,NSE,CIPLA,raw_l2/trade_date=2026-07-17/exchange=NSE/symbol=CIPLA/part-075814_973055-034472.parquet,real_data_sample\l2_unseen_validation\trade_date=2026-07-17\exchange=NSE\symbol=CIPLA\part-075814_973055-034472.parquet,34627,downloaded,34627,
2026-07-17,NSE,CIPLA,raw_l2/trade_date=2026-07-17/exchange=NSE/symbol=CIPLA/part-075331_389078-033832.parquet,real_data_sample\l2_unseen_validation\trade_date=2026-07-17\exchange=NSE\symbol=CIPLA\part-075331_389078-033832.parquet,34532,downloaded,34532,
2026-07-17,NSE,CIPLA,raw_l2/trade_date=2026-07-17/exchange=NSE/symbol=CIPLA/part-075413_620424-033928.parquet,real_data_sample\l2_unseen_validation\trade_date=2026-07-17\exchange=NSE\symbol=CIPLA\part-075413_620424-033928.parquet,34595,downloaded,34595,
2026-07-17,NSE,CIPLA,raw_l2/trade_date=2026-07-17/exchange=NSE/symbol=CIPLA/part-075455_883360-034024.parquet,real_data_sample\l2_unseen_validation\trade_date=2026-07-17\exchange=NSE\symbol=CIPLA\part-075455_883360-034024.parquet,34962,downloaded,34962,
2026-07-17,NSE,CIPLA,raw_l2/trade_date=2026-07-17/exchange=NSE/symbol=CIPLA/part-075648_887437-034280.parquet,real_data_sample\l2_unseen_validation\trade_date=2026-07-17\exchange=NSE\symbol=CIPLA\part-075648_887437-034280.parquet,34754,downloaded,34754,
2026-07-17,NSE,CIPLA,raw_l2/trade_date=2026-07-17/exchange=NSE/symbol=CIPLA/part-075620_423297-034216.parquet,real_data_sample\l2_unseen_validation\trade_date=2026-07-17\exchange=NSE\symbol=CIPLA\part-075620_423297-034216.parquet,34728,downloaded,34728,
2026-07-17,NSE,CIPLA,raw_l2/trade_date=2026-07-17/exchange=NSE/symbol=CIPLA/part-075441_677996-033992.parquet,real_data_sample\l2_unseen_validation\trade_date=2026-07-17\exchange=NSE\symbol=CIPLA\part-075441_677996-033992.parquet,34914,downloaded,34914,
2026-07-17,NSE,CIPLA,raw_l2/trade_date=2026-07-17/exchange=NSE/symbol=CIPLA/part-075427_599168-033960.parquet,real_data_sample\l2_unseen_validation\trade_date=2026-07-17\exchange=NSE\symbol=CIPLA\part-075427_599168-033960.parquet,34915,downloaded,34915,
2026-07-17,NSE,CIPLA,raw_l2/trade_date=2026-07-17/exchange=NSE/symbol=CIPLA/part-075303_179511-033768.parquet,real_data_sample\l2_unseen_validation\trade_date=2026-07-17\exchange=NSE\symbol=CIPLA\part-075303_179511-033768.parquet,34828,downloaded,34828,
2026-07-17,NSE,CIPLA,raw_l2/trade_date=2026-07-17/exchange=NSE/symbol=CIPLA/part-075359_388779-033896.parquet,real_data_sample\l2_unseen_validation\trade_date=2026-07-17\exchange=NSE\symbol=CIPLA\part-075359_388779-033896.parquet,34774,downloaded,34774,
2026-07-17,NSE,CIPLA,raw_l2/trade_date=2026-07-17/exchange=NSE/symbol=CIPLA/part-075857_885322-034568.parquet,real_data_sample\l2_unseen_validation\trade_date=2026-07-17\exchange=NSE\symbol=CIPLA\part-075857_885322-034568.parquet,34808,downloaded,34808,
2026-07-17,NSE,CIPLA,raw_l2/trade_date=2026-07-17/exchange=NSE/symbol=CIPLA/part-075634_624503-034248.parquet,real_data_sample\l2_unseen_validation\trade_date=2026-07-17\exchange=NSE\symbol=CIPLA\part-075634_624503-034248.parquet,34818,downloaded,34818,
2026-07-17,NSE,CIPLA,raw_l2/trade_date=2026-07-17/exchange=NSE/symbol=CIPLA/part-075703_130420-034312.parquet,real_data_sample\l2_unseen_validation\trade_date=2026-07-17\exchange=NSE\symbol=CIPLA\part-075703_130420-034312.parquet,34599,downloaded,34599,
2026-07-17,NSE,CIPLA,raw_l2/trade_date=2026-07-17/exchange=NSE/symbol=CIPLA/part-075606_140806-034184.parquet,real_data_sample\l2_unseen_validation\trade_date=2026-07-17\exchange=NSE\symbol=CIPLA\part-075606_140806-034184.parquet,34845,downloaded,34845,
2026-07-17,NSE,CIPLA,raw_l2/trade_date=2026-07-17/exchange=NSE/symbol=CIPLA/part-075206_103890-033640.parquet,real_data_sample\l2_unseen_validation\trade_date=2026-07-17\exchange=NSE\symbol=CIPLA\part-075206_103890-033640.parquet,34922,downloaded,34922,
2026-07-17,NSE,CIPLA,raw_l2/trade_date=2026-07-17/exchange=NSE/symbol=CIPLA/part-075800_404196-034440.parquet,real_data_sample\l2_unseen_validation\trade_date=2026-07-17\exchange=NSE\symbol=CIPLA\part-075800_404196-034440.parquet,34649,downloaded,34649,
2026-07-17,NSE,CIPLA,raw_l2/trade_date=2026-07-17/exchange=NSE/symbol=CIPLA/part-075926_413624-034632.parquet,real_data_sample\l2_unseen_validation\trade_date=2026-07-17\exchange=NSE\symbol=CIPLA\part-075926_413624-034632.parquet,35401,downloaded,35401,
2026-07-17,NSE,CIPLA,raw_l2/trade_date=2026-07-17/exchange=NSE/symbol=CIPLA/part-075717_381969-034344.parquet,real_data_sample\l2_unseen_validation\trade_date=2026-07-17\exchange=NSE\symbol=CIPLA\part-075717_381969-034344.parquet,34690,downloaded,34690,
2026-07-17,NSE,CIPLA,raw_l2/trade_date=2026-07-17/exchange=NSE/symbol=CIPLA/part-075843_691073-034536.parquet,real_data_sample\l2_unseen_validation\trade_date=2026-07-17\exchange=NSE\symbol=CIPLA\part-075843_691073-034536.parquet,34615,downloaded,34615,
2026-07-17,NSE,CIPLA,raw_l2/trade_date=2026-07-17/exchange=NSE/symbol=CIPLA/part-075912_170579-034600.parquet,real_data_sample\l2_unseen_validation\trade_date=2026-07-17\exchange=NSE\symbol=CIPLA\part-075912_170579-034600.parquet,34840,downloaded,34840,
2026-07-17,NSE,CIPLA,raw_l2/trade_date=2026-07-17/exchange=NSE/symbol=CIPLA/part-075731_696865-034376.parquet,real_data_sample\l2_unseen_validation\trade_date=2026-07-17\exchange=NSE\symbol=CIPLA\part-075731_696865-034376.parquet,34435,downloaded,34435,
2026-07-17,NSE,CIPLA,raw_l2/trade_date=2026-07-17/exchange=NSE/symbol=CIPLA/part-075746_164626-034408.parquet,real_data_sample\l2_unseen_validation\trade_date=2026-07-17\exchange=NSE\symbol=CIPLA\part-075746_164626-034408.parquet,34691,downloaded,34691,
2026-07-17,NSE,CIPLA,raw_l2/trade_date=2026-07-17/exchange=NSE/symbol=CIPLA/part-075940_697476-034664.parquet,real_data_sample\l2_unseen_validation\trade_date=2026-07-17\exchange=NSE\symbol=CIPLA\part-075940_697476-034664.parquet,35510,downloaded,35510,
2026-07-17,NSE,CIPLA,raw_l2/trade_date=2026-07-17/exchange=NSE/symbol=CIPLA/part-075955_114533-034696.parquet,real_data_sample\l2_unseen_validation\trade_date=2026-07-17\exchange=NSE\symbol=CIPLA\part-075955_114533-034696.parquet,34926,downloaded,34926,
2026-07-17,NSE,CIPLA,raw_l2/trade_date=2026-07-17/exchange=NSE/symbol=CIPLA/part-080122_136136-034888.parquet,real_data_sample\l2_unseen_validation\trade_date=2026-07-17\exchange=NSE\symbol=CIPLA\part-080122_136136-034888.parquet,35367,downloaded,35367,
2026-07-17,NSE,CIPLA,raw_l2/trade_date=2026-07-17/exchange=NSE/symbol=CIPLA/part-080219_386862-035016.parquet,real_data_sample\l2_unseen_validation\trade_date=2026-07-17\exchange=NSE\symbol=CIPLA\part-080219_386862-035016.parquet,35095,downloaded,35095,
2026-07-17,NSE,CIPLA,raw_l2/trade_date=2026-07-17/exchange=NSE/symbol=CIPLA/part-080136_420000-034920.parquet,real_data_sample\l2_unseen_validation\trade_date=2026-07-17\exchange=NSE\symbol=CIPLA\part-080136_420000-034920.parquet,34997,downloaded,34997,
2026-07-17,NSE,CIPLA,raw_l2/trade_date=2026-07-17/exchange=NSE/symbol=CIPLA/part-080205_239772-034984.parquet,real_data_sample\l2_unseen_validation\trade_date=2026-07-17\exchange=NSE\symbol=CIPLA\part-080205_239772-034984.parquet,35447,downloaded,35447,
2026-07-17,NSE,CIPLA,raw_l2/trade_date=2026-07-17/exchange=NSE/symbol=CIPLA/part-080107_914376-034856.parquet,real_data_sample\l2_unseen_validation\trade_date=2026-07-17\exchange=NSE\symbol=CIPLA\part-080107_914376-034856.parquet,35257,downloaded,35257,
2026-07-17,NSE,CIPLA,raw_l2/trade_date=2026-07-17/exchange=NSE/symbol=CIPLA/part-080150_729686-034952.parquet,real_data_sample\l2_unseen_validation\trade_date=2026-07-17\exchange=NSE\symbol=CIPLA\part-080150_729686-034952.parquet,35373,downloaded,35373,
2026-07-17,NSE,CIPLA,raw_l2/trade_date=2026-07-17/exchange=NSE/symbol=CIPLA/part-080039_119009-034792.parquet,real_data_sample\l2_unseen_validation\trade_date=2026-07-17\exchange=NSE\symbol=CIPLA\part-080039_119009-034792.parquet,35196,downloaded,35196,
2026-07-17,NSE,CIPLA,raw_l2/trade_date=2026-07-17/exchange=NSE/symbol=CIPLA/part-080024_893184-034760.parquet,real_data_sample\l2_unseen_validation\trade_date=2026-07-17\exchange=NSE\symbol=CIPLA\part-080024_893184-034760.parquet,35017,downloaded,35017,
2026-07-17,NSE,CIPLA,raw_l2/trade_date=2026-07-17/exchange=NSE/symbol=CIPLA/part-080010_155107-034728.parquet,real_data_sample\l2_unseen_validation\trade_date=2026-07-17\exchange=NSE\symbol=CIPLA\part-080010_155107-034728.parquet,35303,downloaded,35303,
2026-07-17,NSE,CIPLA,raw_l2/trade_date=2026-07-17/exchange=NSE/symbol=CIPLA/part-080053_639600-034824.parquet,real_data_sample\l2_unseen_validation\trade_date=2026-07-17\exchange=NSE\symbol=CIPLA\part-080053_639600-034824.parquet,34977,downloaded,34977,
2026-07-17,NSE,CIPLA,raw_l2/trade_date=2026-07-17/exchange=NSE/symbol=CIPLA/part-080248_644912-035080.parquet,real_data_sample\l2_unseen_validation\trade_date=2026-07-17\exchange=NSE\symbol=CIPLA\part-080248_644912-035080.parquet,34695,downloaded,34695,
2026-07-17,NSE,CIPLA,raw_l2/trade_date=2026-07-17/exchange=NSE/symbol=CIPLA/part-080515_771782-035400.parquet,real_data_sample\l2_unseen_validation\trade_date=2026-07-17\exchange=NSE\symbol=CIPLA\part-080515_771782-035400.parquet,34478,downloaded,34478,
2026-07-17,NSE,CIPLA,raw_l2/trade_date=2026-07-17/exchange=NSE/symbol=CIPLA/part-080430_968707-035304.parquet,real_data_sample\l2_unseen_validation\trade_date=2026-07-17\exchange=NSE\symbol=CIPLA\part-080430_968707-035304.parquet,34706,downloaded,34706,
2026-07-17,NSE,CIPLA,raw_l2/trade_date=2026-07-17/exchange=NSE/symbol=CIPLA/part-080501_461475-035368.parquet,real_data_sample\l2_unseen_validation\trade_date=2026-07-17\exchange=NSE\symbol=CIPLA\part-080501_461475-035368.parquet,34633,downloaded,34633,
2026-07-17,NSE,CIPLA,raw_l2/trade_date=2026-07-17/exchange=NSE/symbol=CIPLA/part-080559_327096-035496.parquet,real_data_sample\l2_unseen_validation\trade_date=2026-07-17\exchange=NSE\symbol=CIPLA\part-080559_327096-035496.parquet,34775,downloaded,34775,
2026-07-17,NSE,CIPLA,raw_l2/trade_date=2026-07-17/exchange=NSE/symbol=CIPLA/part-080446_743262-035336.parquet,real_data_sample\l2_unseen_validation\trade_date=2026-07-17\exchange=NSE\symbol=CIPLA\part-080446_743262-035336.parquet,35053,downloaded,35053,
2026-07-17,NSE,CIPLA,raw_l2/trade_date=2026-07-17/exchange=NSE/symbol=CIPLA/part-080331_402994-035176.parquet,real_data_sample\l2_unseen_validation\trade_date=2026-07-17\exchange=NSE\symbol=CIPLA\part-080331_402994-035176.parquet,34629,downloaded,34629,
2026-07-17,NSE,CIPLA,raw_l2/trade_date=2026-07-17/exchange=NSE/symbol=CIPLA/part-080530_903785-035432.parquet,real_data_sample\l2_unseen_validation\trade_date=2026-07-17\exchange=NSE\symbol=CIPLA\part-080530_903785-035432.parquet,34688,downloaded,34688,
2026-07-17,NSE,CIPLA,raw_l2/trade_date=2026-07-17/exchange=NSE/symbol=CIPLA/part-080317_256161-035144.parquet,real_data_sample\l2_unseen_validation\trade_date=2026-07-17\exchange=NSE\symbol=CIPLA\part-080317_256161-035144.parquet,34814,downloaded,34814,
2026-07-17,NSE,CIPLA,raw_l2/trade_date=2026-07-17/exchange=NSE/symbol=CIPLA/part-080415_380912-035272.parquet,real_data_sample\l2_unseen_validation\trade_date=2026-07-17\exchange=NSE\symbol=CIPLA\part-080415_380912-035272.parquet,34648,downloaded,34648,
2026-07-17,NSE,CIPLA,raw_l2/trade_date=2026-07-17/exchange=NSE/symbol=CIPLA/part-080302_903022-035112.parquet,real_data_sample\l2_unseen_validation\trade_date=2026-07-17\exchange=NSE\symbol=CIPLA\part-080302_903022-035112.parquet,34782,downloaded,34782,
2026-07-17,NSE,CIPLA,raw_l2/trade_date=2026-07-17/exchange=NSE/symbol=CIPLA/part-080233_804001-035048.parquet,real_data_sample\l2_unseen_validation\trade_date=2026-07-17\exchange=NSE\symbol=CIPLA\part-080233_804001-035048.parquet,34781,downloaded,34781,
2026-07-17,NSE,CIPLA,raw_l2/trade_date=2026-07-17/exchange=NSE/symbol=CIPLA/part-080613_599549-035528.parquet,real_data_sample\l2_unseen_validation\trade_date=2026-07-17\exchange=NSE\symbol=CIPLA\part-080613_599549-035528.parquet,34812,downloaded,34812,
2026-07-17,NSE,CIPLA,raw_l2/trade_date=2026-07-17/exchange=NSE/symbol=CIPLA/part-080400_773714-035240.parquet,real_data_sample\l2_unseen_validation\trade_date=2026-07-17\exchange=NSE\symbol=CIPLA\part-080400_773714-035240.parquet,34778,downloaded,34778,
2026-07-17,NSE,CIPLA,raw_l2/trade_date=2026-07-17/exchange=NSE/symbol=CIPLA/part-080345_985414-035208.parquet,real_data_sample\l2_unseen_validation\trade_date=2026-07-17\exchange=NSE\symbol=CIPLA\part-080345_985414-035208.parquet,34687,downloaded,34687,
2026-07-17,NSE,CIPLA,raw_l2/trade_date=2026-07-17/exchange=NSE/symbol=CIPLA/part-080627_964464-035560.parquet,real_data_sample\l2_unseen_validation\trade_date=2026-07-17\exchange=NSE\symbol=CIPLA\part-080627_964464-035560.parquet,34817,downloaded,34817,
2026-07-17,NSE,CIPLA,raw_l2/trade_date=2026-07-17/exchange=NSE/symbol=CIPLA/part-080642_519031-035592.parquet,real_data_sample\l2_unseen_validation\trade_date=2026-07-17\exchange=NSE\symbol=CIPLA\part-080642_519031-035592.parquet,34729,downloaded,34729,
2026-07-17,NSE,CIPLA,raw_l2/trade_date=2026-07-17/exchange=NSE/symbol=CIPLA/part-080656_782471-035624.parquet,real_data_sample\l2_unseen_validation\trade_date=2026-07-17\exchange=NSE\symbol=CIPLA\part-080656_782471-035624.parquet,34662,downloaded,34662,
2026-07-17,NSE,CIPLA,raw_l2/trade_date=2026-07-17/exchange=NSE/symbol=CIPLA/part-080545_399125-035464.parquet,real_data_sample\l2_unseen_validation\trade_date=2026-07-17\exchange=NSE\symbol=CIPLA\part-080545_399125-035464.parquet,34553,downloaded,34553,
2026-07-17,NSE,CIPLA,raw_l2/trade_date=2026-07-17/exchange=NSE/symbol=CIPLA/part-080711_361021-035656.parquet,real_data_sample\l2_unseen_validation\trade_date=2026-07-17\exchange=NSE\symbol=CIPLA\part-080711_361021-035656.parquet,34961,downloaded,34961,
2026-07-17,NSE,CIPLA,raw_l2/trade_date=2026-07-17/exchange=NSE/symbol=CIPLA/part-080755_042948-035752.parquet,real_data_sample\l2_unseen_validation\trade_date=2026-07-17\exchange=NSE\symbol=CIPLA\part-080755_042948-035752.parquet,34850,downloaded,34850,
2026-07-17,NSE,CIPLA,raw_l2/trade_date=2026-07-17/exchange=NSE/symbol=CIPLA/part-080824_227583-035816.parquet,real_data_sample\l2_unseen_validation\trade_date=2026-07-17\exchange=NSE\symbol=CIPLA\part-080824_227583-035816.parquet,35088,downloaded,35088,
2026-07-17,NSE,CIPLA,raw_l2/trade_date=2026-07-17/exchange=NSE/symbol=CIPLA/part-080725_842478-035688.parquet,real_data_sample\l2_unseen_validation\trade_date=2026-07-17\exchange=NSE\symbol=CIPLA\part-080725_842478-035688.parquet,34617,downloaded,34617,
2026-07-17,NSE,CIPLA,raw_l2/trade_date=2026-07-17/exchange=NSE/symbol=CIPLA/part-080838_874487-035848.parquet,real_data_sample\l2_unseen_validation\trade_date=2026-07-17\exchange=NSE\symbol=CIPLA\part-080838_874487-035848.parquet,35422,downloaded,35422,
2026-07-17,NSE,CIPLA,raw_l2/trade_date=2026-07-17/exchange=NSE/symbol=CIPLA/part-080853_479279-035880.parquet,real_data_sample\l2_unseen_validation\trade_date=2026-07-17\exchange=NSE\symbol=CIPLA\part-080853_479279-035880.parquet,35224,downloaded,35224,
2026-07-17,NSE,CIPLA,raw_l2/trade_date=2026-07-17/exchange=NSE/symbol=CIPLA/part-080908_084455-035912.parquet,real_data_sample\l2_unseen_validation\trade_date=2026-07-17\exchange=NSE\symbol=CIPLA\part-080908_084455-035912.parquet,34991,downloaded,34991,
2026-07-17,NSE,CIPLA,raw_l2/trade_date=2026-07-17/exchange=NSE/symbol=CIPLA/part-080809_910514-035784.parquet,real_data_sample\l2_unseen_validation\trade_date=2026-07-17\exchange=NSE\symbol=CIPLA\part-080809_910514-035784.parquet,34807,downloaded,34807,
2026-07-17,NSE,CIPLA,raw_l2/trade_date=2026-07-17/exchange=NSE/symbol=CIPLA/part-080740_204473-035720.parquet,real_data_sample\l2_unseen_validation\trade_date=2026-07-17\exchange=NSE\symbol=CIPLA\part-080740_204473-035720.parquet,34720,downloaded,34720,
2026-07-17,NSE,CIPLA,raw_l2/trade_date=2026-07-17/exchange=NSE/symbol=CIPLA/part-080952_217876-036008.parquet,real_data_sample\l2_unseen_validation\trade_date=2026-07-17\exchange=NSE\symbol=CIPLA\part-080952_217876-036008.parquet,34697,downloaded,34697,
2026-07-17,NSE,CIPLA,raw_l2/trade_date=2026-07-17/exchange=NSE/symbol=CIPLA/part-080922_987087-035944.parquet,real_data_sample\l2_unseen_validation\trade_date=2026-07-17\exchange=NSE\symbol=CIPLA\part-080922_987087-035944.parquet,35005,downloaded,35005,
2026-07-17,NSE,CIPLA,raw_l2/trade_date=2026-07-17/exchange=NSE/symbol=CIPLA/part-080937_705605-035976.parquet,real_data_sample\l2_unseen_validation\trade_date=2026-07-17\exchange=NSE\symbol=CIPLA\part-080937_705605-035976.parquet,35056,downloaded,35056,
2026-07-17,NSE,CIPLA,raw_l2/trade_date=2026-07-17/exchange=NSE/symbol=CIPLA/part-081006_939228-036040.parquet,real_data_sample\l2_unseen_validation\trade_date=2026-07-17\exchange=NSE\symbol=CIPLA\part-081006_939228-036040.parquet,34548,downloaded,34548,
2026-07-17,NSE,CIPLA,raw_l2/trade_date=2026-07-17/exchange=NSE/symbol=CIPLA/part-081439_437860-036648.parquet,real_data_sample\l2_unseen_validation\trade_date=2026-07-17\exchange=NSE\symbol=CIPLA\part-081439_437860-036648.parquet,34931,downloaded,34931,
2026-07-17,NSE,CIPLA,raw_l2/trade_date=2026-07-17/exchange=NSE/symbol=CIPLA/part-081133_575250-036232.parquet,real_data_sample\l2_unseen_validation\trade_date=2026-07-17\exchange=NSE\symbol=CIPLA\part-081133_575250-036232.parquet,34677,downloaded,34677,
2026-07-17,NSE,CIPLA,raw_l2/trade_date=2026-07-17/exchange=NSE/symbol=CIPLA/part-081147_661135-036264.parquet,real_data_sample\l2_unseen_validation\trade_date=2026-07-17\exchange=NSE\symbol=CIPLA\part-081147_661135-036264.parquet,34548,downloaded,34548,
2026-07-17,NSE,CIPLA,raw_l2/trade_date=2026-07-17/exchange=NSE/symbol=CIPLA/part-081201_894124-036296.parquet,real_data_sample\l2_unseen_validation\trade_date=2026-07-17\exchange=NSE\symbol=CIPLA\part-081201_894124-036296.parquet,34636,downloaded,34636,
2026-07-17,NSE,CIPLA,raw_l2/trade_date=2026-07-17/exchange=NSE/symbol=CIPLA/part-081507_435365-036712.parquet,real_data_sample\l2_unseen_validation\trade_date=2026-07-17\exchange=NSE\symbol=CIPLA\part-081507_435365-036712.parquet,34710,downloaded,34710,
2026-07-17,NSE,CIPLA,raw_l2/trade_date=2026-07-17/exchange=NSE/symbol=CIPLA/part-081521_590542-036744.parquet,real_data_sample\l2_unseen_validation\trade_date=2026-07-17\exchange=NSE\symbol=CIPLA\part-081521_590542-036744.parquet,34639,downloaded,34639,
2026-07-17,NSE,CIPLA,raw_l2/trade_date=2026-07-17/exchange=NSE/symbol=CIPLA/part-081453_355674-036680.parquet,real_data_sample\l2_unseen_validation\trade_date=2026-07-17\exchange=NSE\symbol=CIPLA\part-081453_355674-036680.parquet,34839,downloaded,34839,
2026-07-17,NSE,CIPLA,raw_l2/trade_date=2026-07-17/exchange=NSE/symbol=CIPLA/part-081036_961266-036104.parquet,real_data_sample\l2_unseen_validation\trade_date=2026-07-17\exchange=NSE\symbol=CIPLA\part-081036_961266-036104.parquet,35272,downloaded,35272,
2026-07-17,NSE,CIPLA,raw_l2/trade_date=2026-07-17/exchange=NSE/symbol=CIPLA/part-081230_168759-036360.parquet,real_data_sample\l2_unseen_validation\trade_date=2026-07-17\exchange=NSE\symbol=CIPLA\part-081230_168759-036360.parquet,34871,downloaded,34871,
2026-07-17,NSE,CIPLA,raw_l2/trade_date=2026-07-17/exchange=NSE/symbol=CIPLA/part-081617_570630-036872.parquet,real_data_sample\l2_unseen_validation\trade_date=2026-07-17\exchange=NSE\symbol=CIPLA\part-081617_570630-036872.parquet,34835,downloaded,34835,
2026-07-17,NSE,CIPLA,raw_l2/trade_date=2026-07-17/exchange=NSE/symbol=CIPLA/part-081313_893394-036456.parquet,real_data_sample\l2_unseen_validation\trade_date=2026-07-17\exchange=NSE\symbol=CIPLA\part-081313_893394-036456.parquet,34617,downloaded,34617,
2026-07-17,NSE,CIPLA,raw_l2/trade_date=2026-07-17/exchange=NSE/symbol=CIPLA/part-081328_166899-036488.parquet,real_data_sample\l2_unseen_validation\trade_date=2026-07-17\exchange=NSE\symbol=CIPLA\part-081328_166899-036488.parquet,34965,downloaded,34965,
2026-07-17,NSE,CIPLA,raw_l2/trade_date=2026-07-17/exchange=NSE/symbol=CIPLA/part-081216_119505-036328.parquet,real_data_sample\l2_unseen_validation\trade_date=2026-07-17\exchange=NSE\symbol=CIPLA\part-081216_119505-036328.parquet,34955,downloaded,34955,
2026-07-17,NSE,CIPLA,raw_l2/trade_date=2026-07-17/exchange=NSE/symbol=CIPLA/part-081105_358047-036168.parquet,real_data_sample\l2_unseen_validation\trade_date=2026-07-17\exchange=NSE\symbol=CIPLA\part-081105_358047-036168.parquet,34983,downloaded,34983,
2026-07-17,NSE,CIPLA,raw_l2/trade_date=2026-07-17/exchange=NSE/symbol=CIPLA/part-081022_135757-036072.parquet,real_data_sample\l2_unseen_validation\trade_date=2026-07-17\exchange=NSE\symbol=CIPLA\part-081022_135757-036072.parquet,35310,downloaded,35310,
2026-07-17,NSE,CIPLA,raw_l2/trade_date=2026-07-17/exchange=NSE/symbol=CIPLA/part-081535_674241-036776.parquet,real_data_sample\l2_unseen_validation\trade_date=2026-07-17\exchange=NSE\symbol=CIPLA\part-081535_674241-036776.parquet,34752,downloaded,34752,
2026-07-17,NSE,CIPLA,raw_l2/trade_date=2026-07-17/exchange=NSE/symbol=CIPLA/part-081603_623275-036840.parquet,real_data_sample\l2_unseen_validation\trade_date=2026-07-17\exchange=NSE\symbol=CIPLA\part-081603_623275-036840.parquet,34766,downloaded,34766,
2026-07-17,NSE,CIPLA,raw_l2/trade_date=2026-07-17/exchange=NSE/symbol=CIPLA/part-081244_589225-036392.parquet,real_data_sample\l2_unseen_validation\trade_date=2026-07-17\exchange=NSE\symbol=CIPLA\part-081244_589225-036392.parquet,34926,downloaded,34926,
2026-07-17,NSE,CIPLA,raw_l2/trade_date=2026-07-17/exchange=NSE/symbol=CIPLA/part-081549_581966-036808.parquet,real_data_sample\l2_unseen_validation\trade_date=2026-07-17\exchange=NSE\symbol=CIPLA\part-081549_581966-036808.parquet,34710,downloaded,34710,
2026-07-17,NSE,CIPLA,raw_l2/trade_date=2026-07-17/exchange=NSE/symbol=CIPLA/part-081051_322519-036136.parquet,real_data_sample\l2_unseen_validation\trade_date=2026-07-17\exchange=NSE\symbol=CIPLA\part-081051_322519-036136.parquet,34800,downloaded,34800,
2026-07-17,NSE,CIPLA,raw_l2/trade_date=2026-07-17/exchange=NSE/symbol=CIPLA/part-081659_840810-036968.parquet,real_data_sample\l2_unseen_validation\trade_date=2026-07-17\exchange=NSE\symbol=CIPLA\part-081659_840810-036968.parquet,34496,downloaded,34496,
2026-07-17,NSE,CIPLA,raw_l2/trade_date=2026-07-17/exchange=NSE/symbol=CIPLA/part-081714_119090-037000.parquet,real_data_sample\l2_unseen_validation\trade_date=2026-07-17\exchange=NSE\symbol=CIPLA\part-081714_119090-037000.parquet,35172,downloaded,35172,
2026-07-17,NSE,CIPLA,raw_l2/trade_date=2026-07-17/exchange=NSE/symbol=CIPLA/part-081259_135675-036424.parquet,real_data_sample\l2_unseen_validation\trade_date=2026-07-17\exchange=NSE\symbol=CIPLA\part-081259_135675-036424.parquet,34900,downloaded,34900,
2026-07-17,NSE,CIPLA,raw_l2/trade_date=2026-07-17/exchange=NSE/symbol=CIPLA/part-081119_618247-036200.parquet,real_data_sample\l2_unseen_validation\trade_date=2026-07-17\exchange=NSE\symbol=CIPLA\part-081119_618247-036200.parquet,34820,downloaded,34820,
2026-07-17,NSE,CIPLA,raw_l2/trade_date=2026-07-17/exchange=NSE/symbol=CIPLA/part-081645_690992-036936.parquet,real_data_sample\l2_unseen_validation\trade_date=2026-07-17\exchange=NSE\symbol=CIPLA\part-081645_690992-036936.parquet,34650,downloaded,34650,
2026-07-17,NSE,CIPLA,raw_l2/trade_date=2026-07-17/exchange=NSE/symbol=CIPLA/part-081425_219721-036616.parquet,real_data_sample\l2_unseen_validation\trade_date=2026-07-17\exchange=NSE\symbol=CIPLA\part-081425_219721-036616.parquet,34636,downloaded,34636,
2026-07-17,NSE,CIPLA,raw_l2/trade_date=2026-07-17/exchange=NSE/symbol=CIPLA/part-081631_587526-036904.parquet,real_data_sample\l2_unseen_validation\trade_date=2026-07-17\exchange=NSE\symbol=CIPLA\part-081631_587526-036904.parquet,34671,downloaded,34671,
2026-07-17,NSE,CIPLA,raw_l2/trade_date=2026-07-17/exchange=NSE/symbol=CIPLA/part-081342_375465-036520.parquet,real_data_sample\l2_unseen_validation\trade_date=2026-07-17\exchange=NSE\symbol=CIPLA\part-081342_375465-036520.parquet,34659,downloaded,34659,
2026-07-17,NSE,CIPLA,raw_l2/trade_date=2026-07-17/exchange=NSE/symbol=CIPLA/part-081410_924526-036584.parquet,real_data_sample\l2_unseen_validation\trade_date=2026-07-17\exchange=NSE\symbol=CIPLA\part-081410_924526-036584.parquet,34798,downloaded,34798,
2026-07-17,NSE,CIPLA,raw_l2/trade_date=2026-07-17/exchange=NSE/symbol=CIPLA/part-081356_598167-036552.parquet,real_data_sample\l2_unseen_validation\trade_date=2026-07-17\exchange=NSE\symbol=CIPLA\part-081356_598167-036552.parquet,34603,downloaded,34603,
2026-07-17,NSE,CIPLA,raw_l2/trade_date=2026-07-17/exchange=NSE/symbol=CIPLA/part-081854_964469-037224.parquet,real_data_sample\l2_unseen_validation\trade_date=2026-07-17\exchange=NSE\symbol=CIPLA\part-081854_964469-037224.parquet,35049,downloaded,35049,
2026-07-17,NSE,CIPLA,raw_l2/trade_date=2026-07-17/exchange=NSE/symbol=CIPLA/part-081937_473762-037320.parquet,real_data_sample\l2_unseen_validation\trade_date=2026-07-17\exchange=NSE\symbol=CIPLA\part-081937_473762-037320.parquet,35863,downloaded,35863,
2026-07-17,NSE,CIPLA,raw_l2/trade_date=2026-07-17/exchange=NSE/symbol=CIPLA/part-082326_633054-037832.parquet,real_data_sample\l2_unseen_validation\trade_date=2026-07-17\exchange=NSE\symbol=CIPLA\part-082326_633054-037832.parquet,34757,downloaded,34757,
2026-07-17,NSE,CIPLA,raw_l2/trade_date=2026-07-17/exchange=NSE/symbol=CIPLA/part-082005_896464-037384.parquet,real_data_sample\l2_unseen_validation\trade_date=2026-07-17\exchange=NSE\symbol=CIPLA\part-082005_896464-037384.parquet,35845,downloaded,35845,
2026-07-17,NSE,CIPLA,raw_l2/trade_date=2026-07-17/exchange=NSE/symbol=CIPLA/part-081811_852413-037128.parquet,real_data_sample\l2_unseen_validation\trade_date=2026-07-17\exchange=NSE\symbol=CIPLA\part-081811_852413-037128.parquet,34893,downloaded,34893,
2026-07-17,NSE,CIPLA,raw_l2/trade_date=2026-07-17/exchange=NSE/symbol=CIPLA/part-081908_902626-037256.parquet,real_data_sample\l2_unseen_validation\trade_date=2026-07-17\exchange=NSE\symbol=CIPLA\part-081908_902626-037256.parquet,34738,downloaded,34738,
2026-07-17,NSE,CIPLA,raw_l2/trade_date=2026-07-17/exchange=NSE/symbol=CIPLA/part-082354_844539-037896.parquet,real_data_sample\l2_unseen_validation\trade_date=2026-07-17\exchange=NSE\symbol=CIPLA\part-082354_844539-037896.parquet,34924,downloaded,34924,
2026-07-17,NSE,CIPLA,raw_l2/trade_date=2026-07-17/exchange=NSE/symbol=CIPLA/part-081826_128627-037160.parquet,real_data_sample\l2_unseen_validation\trade_date=2026-07-17\exchange=NSE\symbol=CIPLA\part-081826_128627-037160.parquet,34650,downloaded,34650,
2026-07-17,NSE,CIPLA,raw_l2/trade_date=2026-07-17/exchange=NSE/symbol=CIPLA/part-081840_894731-037192.parquet,real_data_sample\l2_unseen_validation\trade_date=2026-07-17\exchange=NSE\symbol=CIPLA\part-081840_894731-037192.parquet,34720,downloaded,34720,
2026-07-17,NSE,CIPLA,raw_l2/trade_date=2026-07-17/exchange=NSE/symbol=CIPLA/part-081728_447272-037032.parquet,real_data_sample\l2_unseen_validation\trade_date=2026-07-17\exchange=NSE\symbol=CIPLA\part-081728_447272-037032.parquet,35358,downloaded,35358,
2026-07-17,NSE,CIPLA,raw_l2/trade_date=2026-07-17/exchange=NSE/symbol=CIPLA/part-082147_160575-037608.parquet,real_data_sample\l2_unseen_validation\trade_date=2026-07-17\exchange=NSE\symbol=CIPLA\part-082147_160575-037608.parquet,35590,downloaded,35590,
2026-07-17,NSE,CIPLA,raw_l2/trade_date=2026-07-17/exchange=NSE/symbol=CIPLA/part-082215_590629-037672.parquet,real_data_sample\l2_unseen_validation\trade_date=2026-07-17\exchange=NSE\symbol=CIPLA\part-082215_590629-037672.parquet,35373,downloaded,35373,
2026-07-17,NSE,CIPLA,raw_l2/trade_date=2026-07-17/exchange=NSE/symbol=CIPLA/part-082243_842066-037736.parquet,real_data_sample\l2_unseen_validation\trade_date=2026-07-17\exchange=NSE\symbol=CIPLA\part-082243_842066-037736.parquet,35568,downloaded,35568,
2026-07-17,NSE,CIPLA,raw_l2/trade_date=2026-07-17/exchange=NSE/symbol=CIPLA/part-081757_396939-037096.parquet,real_data_sample\l2_unseen_validation\trade_date=2026-07-17\exchange=NSE\symbol=CIPLA\part-081757_396939-037096.parquet,35088,downloaded,35088,
2026-07-17,NSE,CIPLA,raw_l2/trade_date=2026-07-17/exchange=NSE/symbol=CIPLA/part-081743_104382-037064.parquet,real_data_sample\l2_unseen_validation\trade_date=2026-07-17\exchange=NSE\symbol=CIPLA\part-081743_104382-037064.parquet,35188,downloaded,35188,
2026-07-17,NSE,CIPLA,raw_l2/trade_date=2026-07-17/exchange=NSE/symbol=CIPLA/part-082312_343858-037800.parquet,real_data_sample\l2_unseen_validation\trade_date=2026-07-17\exchange=NSE\symbol=CIPLA\part-082312_343858-037800.parquet,34969,downloaded,34969,
2026-07-17,NSE,CIPLA,raw_l2/trade_date=2026-07-17/exchange=NSE/symbol=CIPLA/part-082104_145713-037512.parquet,real_data_sample\l2_unseen_validation\trade_date=2026-07-17\exchange=NSE\symbol=CIPLA\part-082104_145713-037512.parquet,35790,downloaded,35790,
2026-07-17,NSE,CIPLA,raw_l2/trade_date=2026-07-17/exchange=NSE/symbol=CIPLA/part-082132_902228-037576.parquet,real_data_sample\l2_unseen_validation\trade_date=2026-07-17\exchange=NSE\symbol=CIPLA\part-082132_902228-037576.parquet,35763,downloaded,35763,
2026-07-17,NSE,CIPLA,raw_l2/trade_date=2026-07-17/exchange=NSE/symbol=CIPLA/part-082201_456953-037640.parquet,real_data_sample\l2_unseen_validation\trade_date=2026-07-17\exchange=NSE\symbol=CIPLA\part-082201_456953-037640.parquet,35790,downloaded,35790,
2026-07-17,NSE,CIPLA,raw_l2/trade_date=2026-07-17/exchange=NSE/symbol=CIPLA/part-081951_862993-037352.parquet,real_data_sample\l2_unseen_validation\trade_date=2026-07-17\exchange=NSE\symbol=CIPLA\part-081951_862993-037352.parquet,35594,downloaded,35594,
2026-07-17,NSE,CIPLA,raw_l2/trade_date=2026-07-17/exchange=NSE/symbol=CIPLA/part-082118_680383-037544.parquet,real_data_sample\l2_unseen_validation\trade_date=2026-07-17\exchange=NSE\symbol=CIPLA\part-082118_680383-037544.parquet,35955,downloaded,35955,
2026-07-17,NSE,CIPLA,raw_l2/trade_date=2026-07-17/exchange=NSE/symbol=CIPLA/part-082340_859781-037864.parquet,real_data_sample\l2_unseen_validation\trade_date=2026-07-17\exchange=NSE\symbol=CIPLA\part-082340_859781-037864.parquet,34578,downloaded,34578,
2026-07-17,NSE,CIPLA,raw_l2/trade_date=2026-07-17/exchange=NSE/symbol=CIPLA/part-082020_153868-037416.parquet,real_data_sample\l2_unseen_validation\trade_date=2026-07-17\exchange=NSE\symbol=CIPLA\part-082020_153868-037416.parquet,36011,downloaded,36011,
2026-07-17,NSE,CIPLA,raw_l2/trade_date=2026-07-17/exchange=NSE/symbol=CIPLA/part-082408_928564-037928.parquet,real_data_sample\l2_unseen_validation\trade_date=2026-07-17\exchange=NSE\symbol=CIPLA\part-082408_928564-037928.parquet,34473,downloaded,34473,
2026-07-17,NSE,CIPLA,raw_l2/trade_date=2026-07-17/exchange=NSE/symbol=CIPLA/part-081923_182465-037288.parquet,real_data_sample\l2_unseen_validation\trade_date=2026-07-17\exchange=NSE\symbol=CIPLA\part-081923_182465-037288.parquet,35220,downloaded,35220,
2026-07-17,NSE,CIPLA,raw_l2/trade_date=2026-07-17/exchange=NSE/symbol=CIPLA/part-082034_357145-037448.parquet,real_data_sample\l2_unseen_validation\trade_date=2026-07-17\exchange=NSE\symbol=CIPLA\part-082034_357145-037448.parquet,35914,downloaded,35914,
2026-07-17,NSE,CIPLA,raw_l2/trade_date=2026-07-17/exchange=NSE/symbol=CIPLA/part-082229_561254-037704.parquet,real_data_sample\l2_unseen_validation\trade_date=2026-07-17\exchange=NSE\symbol=CIPLA\part-082229_561254-037704.parquet,35476,downloaded,35476,
2026-07-17,NSE,CIPLA,raw_l2/trade_date=2026-07-17/exchange=NSE/symbol=CIPLA/part-082049_938736-037480.parquet,real_data_sample\l2_unseen_validation\trade_date=2026-07-17\exchange=NSE\symbol=CIPLA\part-082049_938736-037480.parquet,35843,downloaded,35843,
2026-07-17,NSE,CIPLA,raw_l2/trade_date=2026-07-17/exchange=NSE/symbol=CIPLA/part-082257_910849-037768.parquet,real_data_sample\l2_unseen_validation\trade_date=2026-07-17\exchange=NSE\symbol=CIPLA\part-082257_910849-037768.parquet,35551,downloaded,35551,
2026-07-17,NSE,CIPLA,raw_l2/trade_date=2026-07-17/exchange=NSE/symbol=CIPLA/part-082423_155982-037960.parquet,real_data_sample\l2_unseen_validation\trade_date=2026-07-17\exchange=NSE\symbol=CIPLA\part-082423_155982-037960.parquet,35150,downloaded,35150,
2026-07-17,NSE,CIPLA,raw_l2/trade_date=2026-07-17/exchange=NSE/symbol=CIPLA/part-082437_083834-037992.parquet,real_data_sample\l2_unseen_validation\trade_date=2026-07-17\exchange=NSE\symbol=CIPLA\part-082437_083834-037992.parquet,35378,downloaded,35378,
2026-07-17,NSE,CIPLA,raw_l2/trade_date=2026-07-17/exchange=NSE/symbol=CIPLA/part-082451_389752-038024.parquet,real_data_sample\l2_unseen_validation\trade_date=2026-07-17\exchange=NSE\symbol=CIPLA\part-082451_389752-038024.parquet,35480,downloaded,35480,
2026-07-17,NSE,CIPLA,raw_l2/trade_date=2026-07-17/exchange=NSE/symbol=CIPLA/part-082505_387627-038056.parquet,real_data_sample\l2_unseen_validation\trade_date=2026-07-17\exchange=NSE\symbol=CIPLA\part-082505_387627-038056.parquet,35084,downloaded,35084,
2026-07-17,NSE,CIPLA,raw_l2/trade_date=2026-07-17/exchange=NSE/symbol=CIPLA/part-082519_413251-038088.parquet,real_data_sample\l2_unseen_validation\trade_date=2026-07-17\exchange=NSE\symbol=CIPLA\part-082519_413251-038088.parquet,35017,downloaded,35017,
2026-07-17,NSE,CIPLA,raw_l2/trade_date=2026-07-17/exchange=NSE/symbol=CIPLA/part-082548_166433-038152.parquet,real_data_sample\l2_unseen_validation\trade_date=2026-07-17\exchange=NSE\symbol=CIPLA\part-082548_166433-038152.parquet,34516,downloaded,34516,
2026-07-17,NSE,CIPLA,raw_l2/trade_date=2026-07-17/exchange=NSE/symbol=CIPLA/part-082533_648730-038120.parquet,real_data_sample\l2_unseen_validation\trade_date=2026-07-17\exchange=NSE\symbol=CIPLA\part-082533_648730-038120.parquet,34690,downloaded,34690,
2026-07-17,NSE,CIPLA,raw_l2/trade_date=2026-07-17/exchange=NSE/symbol=CIPLA/part-082811_180817-038472.parquet,real_data_sample\l2_unseen_validation\trade_date=2026-07-17\exchange=NSE\symbol=CIPLA\part-082811_180817-038472.parquet,35298,downloaded,35298,
2026-07-17,NSE,CIPLA,raw_l2/trade_date=2026-07-17/exchange=NSE/symbol=CIPLA/part-082742_398862-038408.parquet,real_data_sample\l2_unseen_validation\trade_date=2026-07-17\exchange=NSE\symbol=CIPLA\part-082742_398862-038408.parquet,35133,downloaded,35133,
2026-07-17,NSE,CIPLA,raw_l2/trade_date=2026-07-17/exchange=NSE/symbol=CIPLA/part-082728_113894-038376.parquet,real_data_sample\l2_unseen_validation\trade_date=2026-07-17\exchange=NSE\symbol=CIPLA\part-082728_113894-038376.parquet,34969,downloaded,34969,
2026-07-17,NSE,CIPLA,raw_l2/trade_date=2026-07-17/exchange=NSE/symbol=CIPLA/part-082616_912787-038216.parquet,real_data_sample\l2_unseen_validation\trade_date=2026-07-17\exchange=NSE\symbol=CIPLA\part-082616_912787-038216.parquet,34868,downloaded,34868,
2026-07-17,NSE,CIPLA,raw_l2/trade_date=2026-07-17/exchange=NSE/symbol=CIPLA/part-082756_658061-038440.parquet,real_data_sample\l2_unseen_validation\trade_date=2026-07-17\exchange=NSE\symbol=CIPLA\part-082756_658061-038440.parquet,35001,downloaded,35001,
2026-07-17,NSE,CIPLA,raw_l2/trade_date=2026-07-17/exchange=NSE/symbol=CIPLA/part-082602_710680-038184.parquet,real_data_sample\l2_unseen_validation\trade_date=2026-07-17\exchange=NSE\symbol=CIPLA\part-082602_710680-038184.parquet,34778,downloaded,34778,
2026-07-17,NSE,CIPLA,raw_l2/trade_date=2026-07-17/exchange=NSE/symbol=CIPLA/part-082840_223193-038536.parquet,real_data_sample\l2_unseen_validation\trade_date=2026-07-17\exchange=NSE\symbol=CIPLA\part-082840_223193-038536.parquet,34485,downloaded,34485,
2026-07-17,NSE,CIPLA,raw_l2/trade_date=2026-07-17/exchange=NSE/symbol=CIPLA/part-082854_666460-038568.parquet,real_data_sample\l2_unseen_validation\trade_date=2026-07-17\exchange=NSE\symbol=CIPLA\part-082854_666460-038568.parquet,34784,downloaded,34784,
2026-07-17,NSE,CIPLA,raw_l2/trade_date=2026-07-17/exchange=NSE/symbol=CIPLA/part-082923_670588-038632.parquet,real_data_sample\l2_unseen_validation\trade_date=2026-07-17\exchange=NSE\symbol=CIPLA\part-082923_670588-038632.parquet,35611,downloaded,35611,
2026-07-17,NSE,CIPLA,raw_l2/trade_date=2026-07-17/exchange=NSE/symbol=CIPLA/part-082659_600829-038312.parquet,real_data_sample\l2_unseen_validation\trade_date=2026-07-17\exchange=NSE\symbol=CIPLA\part-082659_600829-038312.parquet,34725,downloaded,34725,
2026-07-17,NSE,CIPLA,raw_l2/trade_date=2026-07-17/exchange=NSE/symbol=CIPLA/part-082631_166872-038248.parquet,real_data_sample\l2_unseen_validation\trade_date=2026-07-17\exchange=NSE\symbol=CIPLA\part-082631_166872-038248.parquet,34764,downloaded,34764,
2026-07-17,NSE,CIPLA,raw_l2/trade_date=2026-07-17/exchange=NSE/symbol=CIPLA/part-083119_961761-038888.parquet,real_data_sample\l2_unseen_validation\trade_date=2026-07-17\exchange=NSE\symbol=CIPLA\part-083119_961761-038888.parquet,34709,downloaded,34709,
2026-07-17,NSE,CIPLA,raw_l2/trade_date=2026-07-17/exchange=NSE/symbol=CIPLA/part-082909_218766-038600.parquet,real_data_sample\l2_unseen_validation\trade_date=2026-07-17\exchange=NSE\symbol=CIPLA\part-082909_218766-038600.parquet,34741,downloaded,34741,
2026-07-17,NSE,CIPLA,raw_l2/trade_date=2026-07-17/exchange=NSE/symbol=CIPLA/part-083217_896050-039016.parquet,real_data_sample\l2_unseen_validation\trade_date=2026-07-17\exchange=NSE\symbol=CIPLA\part-083217_896050-039016.parquet,34828,downloaded,34828,
2026-07-17,NSE,CIPLA,raw_l2/trade_date=2026-07-17/exchange=NSE/symbol=CIPLA/part-083105_080058-038856.parquet,real_data_sample\l2_unseen_validation\trade_date=2026-07-17\exchange=NSE\symbol=CIPLA\part-083105_080058-038856.parquet,34777,downloaded,34777,
2026-07-17,NSE,CIPLA,raw_l2/trade_date=2026-07-17/exchange=NSE/symbol=CIPLA/part-082825_714800-038504.parquet,real_data_sample\l2_unseen_validation\trade_date=2026-07-17\exchange=NSE\symbol=CIPLA\part-082825_714800-038504.parquet,34432,downloaded,34432,
2026-07-17,NSE,CIPLA,raw_l2/trade_date=2026-07-17/exchange=NSE/symbol=CIPLA/part-082713_903745-038344.parquet,real_data_sample\l2_unseen_validation\trade_date=2026-07-17\exchange=NSE\symbol=CIPLA\part-082713_903745-038344.parquet,34969,downloaded,34969,
2026-07-17,NSE,CIPLA,raw_l2/trade_date=2026-07-17/exchange=NSE/symbol=CIPLA/part-083036_180420-038792.parquet,real_data_sample\l2_unseen_validation\trade_date=2026-07-17\exchange=NSE\symbol=CIPLA\part-083036_180420-038792.parquet,34898,downloaded,34898,
2026-07-17,NSE,CIPLA,raw_l2/trade_date=2026-07-17/exchange=NSE/symbol=CIPLA/part-083050_686245-038824.parquet,real_data_sample\l2_unseen_validation\trade_date=2026-07-17\exchange=NSE\symbol=CIPLA\part-083050_686245-038824.parquet,34999,downloaded,34999,
2026-07-17,NSE,CIPLA,raw_l2/trade_date=2026-07-17/exchange=NSE/symbol=CIPLA/part-082645_582958-038280.parquet,real_data_sample\l2_unseen_validation\trade_date=2026-07-17\exchange=NSE\symbol=CIPLA\part-082645_582958-038280.parquet,34547,downloaded,34547,
2026-07-17,NSE,CIPLA,raw_l2/trade_date=2026-07-17/exchange=NSE/symbol=CIPLA/part-082938_190391-038664.parquet,real_data_sample\l2_unseen_validation\trade_date=2026-07-17\exchange=NSE\symbol=CIPLA\part-082938_190391-038664.parquet,35686,downloaded,35686,
2026-07-17,NSE,CIPLA,raw_l2/trade_date=2026-07-17/exchange=NSE/symbol=CIPLA/part-082952_700268-038696.parquet,real_data_sample\l2_unseen_validation\trade_date=2026-07-17\exchange=NSE\symbol=CIPLA\part-082952_700268-038696.parquet,35133,downloaded,35133,
2026-07-17,NSE,CIPLA,raw_l2/trade_date=2026-07-17/exchange=NSE/symbol=CIPLA/part-083134_478315-038920.parquet,real_data_sample\l2_unseen_validation\trade_date=2026-07-17\exchange=NSE\symbol=CIPLA\part-083134_478315-038920.parquet,34591,downloaded,34591,
2026-07-17,NSE,CIPLA,raw_l2/trade_date=2026-07-17/exchange=NSE/symbol=CIPLA/part-083232_685893-039048.parquet,real_data_sample\l2_unseen_validation\trade_date=2026-07-17\exchange=NSE\symbol=CIPLA\part-083232_685893-039048.parquet,34794,downloaded,34794,
2026-07-17,NSE,CIPLA,raw_l2/trade_date=2026-07-17/exchange=NSE/symbol=CIPLA/part-083301_926310-039112.parquet,real_data_sample\l2_unseen_validation\trade_date=2026-07-17\exchange=NSE\symbol=CIPLA\part-083301_926310-039112.parquet,34763,downloaded,34763,
2026-07-17,NSE,CIPLA,raw_l2/trade_date=2026-07-17/exchange=NSE/symbol=CIPLA/part-083021_900503-038760.parquet,real_data_sample\l2_unseen_validation\trade_date=2026-07-17\exchange=NSE\symbol=CIPLA\part-083021_900503-038760.parquet,34728,downloaded,34728,
2026-07-17,NSE,CIPLA,raw_l2/trade_date=2026-07-17/exchange=NSE/symbol=CIPLA/part-083247_176854-039080.parquet,real_data_sample\l2_unseen_validation\trade_date=2026-07-17\exchange=NSE\symbol=CIPLA\part-083247_176854-039080.parquet,34474,downloaded,34474,
2026-07-17,NSE,CIPLA,raw_l2/trade_date=2026-07-17/exchange=NSE/symbol=CIPLA/part-083007_430033-038728.parquet,real_data_sample\l2_unseen_validation\trade_date=2026-07-17\exchange=NSE\symbol=CIPLA\part-083007_430033-038728.parquet,35609,downloaded,35609,
2026-07-17,NSE,CIPLA,raw_l2/trade_date=2026-07-17/exchange=NSE/symbol=CIPLA/part-083316_633267-039144.parquet,real_data_sample\l2_unseen_validation\trade_date=2026-07-17\exchange=NSE\symbol=CIPLA\part-083316_633267-039144.parquet,34897,downloaded,34897,
2026-07-17,NSE,CIPLA,raw_l2/trade_date=2026-07-17/exchange=NSE/symbol=CIPLA/part-083203_374709-038984.parquet,real_data_sample\l2_unseen_validation\trade_date=2026-07-17\exchange=NSE\symbol=CIPLA\part-083203_374709-038984.parquet,34493,downloaded,34493,
2026-07-17,NSE,CIPLA,raw_l2/trade_date=2026-07-17/exchange=NSE/symbol=CIPLA/part-083149_185197-038952.parquet,real_data_sample\l2_unseen_validation\trade_date=2026-07-17\exchange=NSE\symbol=CIPLA\part-083149_185197-038952.parquet,34474,downloaded,34474,
2026-07-17,NSE,CIPLA,raw_l2/trade_date=2026-07-17/exchange=NSE/symbol=CIPLA/part-075234_418275-033704.parquet,real_data_sample\l2_unseen_validation\trade_date=2026-07-17\exchange=NSE\symbol=CIPLA\part-075234_418275-033704.parquet,34674,downloaded,34674,
2026-07-17,NSE,CIPLA,raw_l2/trade_date=2026-07-17/exchange=NSE/symbol=CIPLA/part-083942_200846-040008.parquet,real_data_sample\l2_unseen_validation\trade_date=2026-07-17\exchange=NSE\symbol=CIPLA\part-083942_200846-040008.parquet,34887,downloaded,34887,
2026-07-17,NSE,CIPLA,raw_l2/trade_date=2026-07-17/exchange=NSE/symbol=CIPLA/part-083457_022744-039368.parquet,real_data_sample\l2_unseen_validation\trade_date=2026-07-17\exchange=NSE\symbol=CIPLA\part-083457_022744-039368.parquet,34654,downloaded,34654,
2026-07-17,NSE,CIPLA,raw_l2/trade_date=2026-07-17/exchange=NSE/symbol=CIPLA/part-083719_176648-039688.parquet,real_data_sample\l2_unseen_validation\trade_date=2026-07-17\exchange=NSE\symbol=CIPLA\part-083719_176648-039688.parquet,35640,downloaded,35640,
2026-07-17,NSE,CIPLA,raw_l2/trade_date=2026-07-17/exchange=NSE/symbol=CIPLA/part-083511_364008-039400.parquet,real_data_sample\l2_unseen_validation\trade_date=2026-07-17\exchange=NSE\symbol=CIPLA\part-083511_364008-039400.parquet,34919,downloaded,34919,
2026-07-17,NSE,CIPLA,raw_l2/trade_date=2026-07-17/exchange=NSE/symbol=CIPLA/part-083636_624897-039592.parquet,real_data_sample\l2_unseen_validation\trade_date=2026-07-17\exchange=NSE\symbol=CIPLA\part-083636_624897-039592.parquet,34934,downloaded,34934,
2026-07-17,NSE,CIPLA,raw_l2/trade_date=2026-07-17/exchange=NSE/symbol=CIPLA/part-083413_952559-039272.parquet,real_data_sample\l2_unseen_validation\trade_date=2026-07-17\exchange=NSE\symbol=CIPLA\part-083413_952559-039272.parquet,35530,downloaded,35530,
2026-07-17,NSE,CIPLA,raw_l2/trade_date=2026-07-17/exchange=NSE/symbol=CIPLA/part-083442_618833-039336.parquet,real_data_sample\l2_unseen_validation\trade_date=2026-07-17\exchange=NSE\symbol=CIPLA\part-083442_618833-039336.parquet,34632,downloaded,34632,
2026-07-17,NSE,CIPLA,raw_l2/trade_date=2026-07-17/exchange=NSE/symbol=CIPLA/part-083801_940130-039784.parquet,real_data_sample\l2_unseen_validation\trade_date=2026-07-17\exchange=NSE\symbol=CIPLA\part-083801_940130-039784.parquet,35416,downloaded,35416,
2026-07-17,NSE,CIPLA,raw_l2/trade_date=2026-07-17/exchange=NSE/symbol=CIPLA/part-083650_846907-039624.parquet,real_data_sample\l2_unseen_validation\trade_date=2026-07-17\exchange=NSE\symbol=CIPLA\part-083650_846907-039624.parquet,35430,downloaded,35430,
2026-07-17,NSE,CIPLA,raw_l2/trade_date=2026-07-17/exchange=NSE/symbol=CIPLA/part-083539_632601-039464.parquet,real_data_sample\l2_unseen_validation\trade_date=2026-07-17\exchange=NSE\symbol=CIPLA\part-083539_632601-039464.parquet,35121,downloaded,35121,
2026-07-17,NSE,CIPLA,raw_l2/trade_date=2026-07-17/exchange=NSE/symbol=CIPLA/part-083525_596328-039432.parquet,real_data_sample\l2_unseen_validation\trade_date=2026-07-17\exchange=NSE\symbol=CIPLA\part-083525_596328-039432.parquet,35421,downloaded,35421,
2026-07-17,NSE,CIPLA,raw_l2/trade_date=2026-07-17/exchange=NSE/symbol=CIPLA/part-083705_095930-039656.parquet,real_data_sample\l2_unseen_validation\trade_date=2026-07-17\exchange=NSE\symbol=CIPLA\part-083705_095930-039656.parquet,35431,downloaded,35431,
2026-07-17,NSE,CIPLA,raw_l2/trade_date=2026-07-17/exchange=NSE/symbol=CIPLA/part-083816_169328-039816.parquet,real_data_sample\l2_unseen_validation\trade_date=2026-07-17\exchange=NSE\symbol=CIPLA\part-083816_169328-039816.parquet,35247,downloaded,35247,
2026-07-17,NSE,CIPLA,raw_l2/trade_date=2026-07-17/exchange=NSE/symbol=CIPLA/part-083607_896416-039528.parquet,real_data_sample\l2_unseen_validation\trade_date=2026-07-17\exchange=NSE\symbol=CIPLA\part-083607_896416-039528.parquet,35697,downloaded,35697,
2026-07-17,NSE,CIPLA,raw_l2/trade_date=2026-07-17/exchange=NSE/symbol=CIPLA/part-083913_612404-039944.parquet,real_data_sample\l2_unseen_validation\trade_date=2026-07-17\exchange=NSE\symbol=CIPLA\part-083913_612404-039944.parquet,34470,downloaded,34470,
2026-07-17,NSE,CIPLA,raw_l2/trade_date=2026-07-17/exchange=NSE/symbol=CIPLA/part-083553_888381-039496.parquet,real_data_sample\l2_unseen_validation\trade_date=2026-07-17\exchange=NSE\symbol=CIPLA\part-083553_888381-039496.parquet,35317,downloaded,35317,
2026-07-17,NSE,CIPLA,raw_l2/trade_date=2026-07-17/exchange=NSE/symbol=CIPLA/part-083859_200243-039912.parquet,real_data_sample\l2_unseen_validation\trade_date=2026-07-17\exchange=NSE\symbol=CIPLA\part-083859_200243-039912.parquet,34734,downloaded,34734,
2026-07-17,NSE,CIPLA,raw_l2/trade_date=2026-07-17/exchange=NSE/symbol=CIPLA/part-083733_344047-039720.parquet,real_data_sample\l2_unseen_validation\trade_date=2026-07-17\exchange=NSE\symbol=CIPLA\part-083733_344047-039720.parquet,35446,downloaded,35446,
2026-07-17,NSE,CIPLA,raw_l2/trade_date=2026-07-17/exchange=NSE/symbol=CIPLA/part-083844_858716-039880.parquet,real_data_sample\l2_unseen_validation\trade_date=2026-07-17\exchange=NSE\symbol=CIPLA\part-083844_858716-039880.parquet,34695,downloaded,34695,
2026-07-17,NSE,CIPLA,raw_l2/trade_date=2026-07-17/exchange=NSE/symbol=CIPLA/part-083622_359875-039560.parquet,real_data_sample\l2_unseen_validation\trade_date=2026-07-17\exchange=NSE\symbol=CIPLA\part-083622_359875-039560.parquet,35511,downloaded,35511,
2026-07-17,NSE,CIPLA,raw_l2/trade_date=2026-07-17/exchange=NSE/symbol=CIPLA/part-083830_493155-039848.parquet,real_data_sample\l2_unseen_validation\trade_date=2026-07-17\exchange=NSE\symbol=CIPLA\part-083830_493155-039848.parquet,34639,downloaded,34639,
2026-07-17,NSE,CIPLA,raw_l2/trade_date=2026-07-17/exchange=NSE/symbol=CIPLA/part-083330_948417-039176.parquet,real_data_sample\l2_unseen_validation\trade_date=2026-07-17\exchange=NSE\symbol=CIPLA\part-083330_948417-039176.parquet,34852,downloaded,34852,
2026-07-17,NSE,CIPLA,raw_l2/trade_date=2026-07-17/exchange=NSE/symbol=CIPLA/part-083956_379566-040040.parquet,real_data_sample\l2_unseen_validation\trade_date=2026-07-17\exchange=NSE\symbol=CIPLA\part-083956_379566-040040.parquet,34575,downloaded,34575,
2026-07-17,NSE,CIPLA,raw_l2/trade_date=2026-07-17/exchange=NSE/symbol=CIPLA/part-083927_909303-039976.parquet,real_data_sample\l2_unseen_validation\trade_date=2026-07-17\exchange=NSE\symbol=CIPLA\part-083927_909303-039976.parquet,34587,downloaded,34587,
2026-07-17,NSE,CIPLA,raw_l2/trade_date=2026-07-17/exchange=NSE/symbol=CIPLA/part-083747_623547-039752.parquet,real_data_sample\l2_unseen_validation\trade_date=2026-07-17\exchange=NSE\symbol=CIPLA\part-083747_623547-039752.parquet,35555,downloaded,35555,
2026-07-17,NSE,CIPLA,raw_l2/trade_date=2026-07-17/exchange=NSE/symbol=CIPLA/part-083428_162809-039304.parquet,real_data_sample\l2_unseen_validation\trade_date=2026-07-17\exchange=NSE\symbol=CIPLA\part-083428_162809-039304.parquet,34667,downloaded,34667,
2026-07-17,NSE,CIPLA,raw_l2/trade_date=2026-07-17/exchange=NSE/symbol=CIPLA/part-083345_148545-039208.parquet,real_data_sample\l2_unseen_validation\trade_date=2026-07-17\exchange=NSE\symbol=CIPLA\part-083345_148545-039208.parquet,34991,downloaded,34991,
2026-07-17,NSE,CIPLA,raw_l2/trade_date=2026-07-17/exchange=NSE/symbol=CIPLA/part-083359_652070-039240.parquet,real_data_sample\l2_unseen_validation\trade_date=2026-07-17\exchange=NSE\symbol=CIPLA\part-083359_652070-039240.parquet,35140,downloaded,35140,
2026-07-17,NSE,CIPLA,raw_l2/trade_date=2026-07-17/exchange=NSE/symbol=CIPLA/part-084039_401142-040136.parquet,real_data_sample\l2_unseen_validation\trade_date=2026-07-17\exchange=NSE\symbol=CIPLA\part-084039_401142-040136.parquet,34774,downloaded,34774,
2026-07-17,NSE,CIPLA,raw_l2/trade_date=2026-07-17/exchange=NSE/symbol=CIPLA/part-084010_936794-040072.parquet,real_data_sample\l2_unseen_validation\trade_date=2026-07-17\exchange=NSE\symbol=CIPLA\part-084010_936794-040072.parquet,34614,downloaded,34614,
2026-07-17,NSE,CIPLA,raw_l2/trade_date=2026-07-17/exchange=NSE/symbol=CIPLA/part-084053_982811-040168.parquet,real_data_sample\l2_unseen_validation\trade_date=2026-07-17\exchange=NSE\symbol=CIPLA\part-084053_982811-040168.parquet,34595,downloaded,34595,
2026-07-17,NSE,CIPLA,raw_l2/trade_date=2026-07-17/exchange=NSE/symbol=CIPLA/part-084025_128425-040104.parquet,real_data_sample\l2_unseen_validation\trade_date=2026-07-17\exchange=NSE\symbol=CIPLA\part-084025_128425-040104.parquet,34424,downloaded,34424,
2026-07-17,NSE,CIPLA,raw_l2/trade_date=2026-07-17/exchange=NSE/symbol=CIPLA/part-084302_890470-040456.parquet,real_data_sample\l2_unseen_validation\trade_date=2026-07-17\exchange=NSE\symbol=CIPLA\part-084302_890470-040456.parquet,35219,downloaded,35219,
2026-07-17,NSE,CIPLA,raw_l2/trade_date=2026-07-17/exchange=NSE/symbol=CIPLA/part-084248_424030-040424.parquet,real_data_sample\l2_unseen_validation\trade_date=2026-07-17\exchange=NSE\symbol=CIPLA\part-084248_424030-040424.parquet,35268,downloaded,35268,
2026-07-17,NSE,CIPLA,raw_l2/trade_date=2026-07-17/exchange=NSE/symbol=CIPLA/part-084205_412589-040328.parquet,real_data_sample\l2_unseen_validation\trade_date=2026-07-17\exchange=NSE\symbol=CIPLA\part-084205_412589-040328.parquet,35369,downloaded,35369,
2026-07-17,NSE,CIPLA,raw_l2/trade_date=2026-07-17/exchange=NSE/symbol=CIPLA/part-084429_499601-040648.parquet,real_data_sample\l2_unseen_validation\trade_date=2026-07-17\exchange=NSE\symbol=CIPLA\part-084429_499601-040648.parquet,34497,downloaded,34497,
2026-07-17,NSE,CIPLA,raw_l2/trade_date=2026-07-17/exchange=NSE/symbol=CIPLA/part-084219_893059-040360.parquet,real_data_sample\l2_unseen_validation\trade_date=2026-07-17\exchange=NSE\symbol=CIPLA\part-084219_893059-040360.parquet,35518,downloaded,35518,
2026-07-17,NSE,CIPLA,raw_l2/trade_date=2026-07-17/exchange=NSE/symbol=CIPLA/part-084317_376865-040488.parquet,real_data_sample\l2_unseen_validation\trade_date=2026-07-17\exchange=NSE\symbol=CIPLA\part-084317_376865-040488.parquet,34717,downloaded,34717,
2026-07-17,NSE,CIPLA,raw_l2/trade_date=2026-07-17/exchange=NSE/symbol=CIPLA/part-084122_179924-040232.parquet,real_data_sample\l2_unseen_validation\trade_date=2026-07-17\exchange=NSE\symbol=CIPLA\part-084122_179924-040232.parquet,35351,downloaded,35351,
2026-07-17,NSE,CIPLA,raw_l2/trade_date=2026-07-17/exchange=NSE/symbol=CIPLA/part-084346_160505-040552.parquet,real_data_sample\l2_unseen_validation\trade_date=2026-07-17\exchange=NSE\symbol=CIPLA\part-084346_160505-040552.parquet,34638,downloaded,34638,
2026-07-17,NSE,CIPLA,raw_l2/trade_date=2026-07-17/exchange=NSE/symbol=CIPLA/part-084136_680410-040264.parquet,real_data_sample\l2_unseen_validation\trade_date=2026-07-17\exchange=NSE\symbol=CIPLA\part-084136_680410-040264.parquet,35618,downloaded,35618,
2026-07-17,NSE,CIPLA,raw_l2/trade_date=2026-07-17/exchange=NSE/symbol=CIPLA/part-084400_676314-040584.parquet,real_data_sample\l2_unseen_validation\trade_date=2026-07-17\exchange=NSE\symbol=CIPLA\part-084400_676314-040584.parquet,34536,downloaded,34536,
2026-07-17,NSE,CIPLA,raw_l2/trade_date=2026-07-17/exchange=NSE/symbol=CIPLA/part-084415_040900-040616.parquet,real_data_sample\l2_unseen_validation\trade_date=2026-07-17\exchange=NSE\symbol=CIPLA\part-084415_040900-040616.parquet,34753,downloaded,34753,
2026-07-17,NSE,CIPLA,raw_l2/trade_date=2026-07-17/exchange=NSE/symbol=CIPLA/part-084108_091232-040200.parquet,real_data_sample\l2_unseen_validation\trade_date=2026-07-17\exchange=NSE\symbol=CIPLA\part-084108_091232-040200.parquet,34616,downloaded,34616,
2026-07-17,NSE,CIPLA,raw_l2/trade_date=2026-07-17/exchange=NSE/symbol=CIPLA/part-084331_688415-040520.parquet,real_data_sample\l2_unseen_validation\trade_date=2026-07-17\exchange=NSE\symbol=CIPLA\part-084331_688415-040520.parquet,34947,downloaded,34947,
2026-07-17,NSE,CIPLA,raw_l2/trade_date=2026-07-17/exchange=NSE/symbol=CIPLA/part-084818_634414-041160.parquet,real_data_sample\l2_unseen_validation\trade_date=2026-07-17\exchange=NSE\symbol=CIPLA\part-084818_634414-041160.parquet,35122,downloaded,35122,
2026-07-17,NSE,CIPLA,raw_l2/trade_date=2026-07-17/exchange=NSE/symbol=CIPLA/part-084234_218686-040392.parquet,real_data_sample\l2_unseen_validation\trade_date=2026-07-17\exchange=NSE\symbol=CIPLA\part-084234_218686-040392.parquet,35412,downloaded,35412,
2026-07-17,NSE,CIPLA,raw_l2/trade_date=2026-07-17/exchange=NSE/symbol=CIPLA/part-084151_128365-040296.parquet,real_data_sample\l2_unseen_validation\trade_date=2026-07-17\exchange=NSE\symbol=CIPLA\part-084151_128365-040296.parquet,35548,downloaded,35548,
2026-07-17,NSE,CIPLA,raw_l2/trade_date=2026-07-17/exchange=NSE/symbol=CIPLA/part-084610_416478-040872.parquet,real_data_sample\l2_unseen_validation\trade_date=2026-07-17\exchange=NSE\symbol=CIPLA\part-084610_416478-040872.parquet,34426,downloaded,34426,
2026-07-17,NSE,CIPLA,raw_l2/trade_date=2026-07-17/exchange=NSE/symbol=CIPLA/part-084458_174436-040712.parquet,real_data_sample\l2_unseen_validation\trade_date=2026-07-17\exchange=NSE\symbol=CIPLA\part-084458_174436-040712.parquet,34697,downloaded,34697,
2026-07-17,NSE,CIPLA,raw_l2/trade_date=2026-07-17/exchange=NSE/symbol=CIPLA/part-084804_368387-041128.parquet,real_data_sample\l2_unseen_validation\trade_date=2026-07-17\exchange=NSE\symbol=CIPLA\part-084804_368387-041128.parquet,35375,downloaded,35375,
2026-07-17,NSE,CIPLA,raw_l2/trade_date=2026-07-17/exchange=NSE/symbol=CIPLA/part-084832_966800-041192.parquet,real_data_sample\l2_unseen_validation\trade_date=2026-07-17\exchange=NSE\symbol=CIPLA\part-084832_966800-041192.parquet,34774,downloaded,34774,
2026-07-17,NSE,CIPLA,raw_l2/trade_date=2026-07-17/exchange=NSE/symbol=CIPLA/part-084750_193471-041096.parquet,real_data_sample\l2_unseen_validation\trade_date=2026-07-17\exchange=NSE\symbol=CIPLA\part-084750_193471-041096.parquet,35644,downloaded,35644,
2026-07-17,NSE,CIPLA,raw_l2/trade_date=2026-07-17/exchange=NSE/symbol=CIPLA/part-084624_628187-040904.parquet,real_data_sample\l2_unseen_validation\trade_date=2026-07-17\exchange=NSE\symbol=CIPLA\part-084624_628187-040904.parquet,34598,downloaded,34598,
2026-07-17,NSE,CIPLA,raw_l2/trade_date=2026-07-17/exchange=NSE/symbol=CIPLA/part-084512_853283-040744.parquet,real_data_sample\l2_unseen_validation\trade_date=2026-07-17\exchange=NSE\symbol=CIPLA\part-084512_853283-040744.parquet,34681,downloaded,34681,
2026-07-17,NSE,CIPLA,raw_l2/trade_date=2026-07-17/exchange=NSE/symbol=CIPLA/part-084638_918908-040936.parquet,real_data_sample\l2_unseen_validation\trade_date=2026-07-17\exchange=NSE\symbol=CIPLA\part-084638_918908-040936.parquet,34881,downloaded,34881,
2026-07-17,NSE,CIPLA,raw_l2/trade_date=2026-07-17/exchange=NSE/symbol=CIPLA/part-084443_883333-040680.parquet,real_data_sample\l2_unseen_validation\trade_date=2026-07-17\exchange=NSE\symbol=CIPLA\part-084443_883333-040680.parquet,34715,downloaded,34715,
2026-07-17,NSE,CIPLA,raw_l2/trade_date=2026-07-17/exchange=NSE/symbol=CIPLA/part-084707_427780-041000.parquet,real_data_sample\l2_unseen_validation\trade_date=2026-07-17\exchange=NSE\symbol=CIPLA\part-084707_427780-041000.parquet,34411,downloaded,34411,
2026-07-17,NSE,CIPLA,raw_l2/trade_date=2026-07-17/exchange=NSE/symbol=CIPLA/part-084735_796161-041064.parquet,real_data_sample\l2_unseen_validation\trade_date=2026-07-17\exchange=NSE\symbol=CIPLA\part-084735_796161-041064.parquet,35715,downloaded,35715,
2026-07-17,NSE,CIPLA,raw_l2/trade_date=2026-07-17/exchange=NSE/symbol=CIPLA/part-084555_878560-040840.parquet,real_data_sample\l2_unseen_validation\trade_date=2026-07-17\exchange=NSE\symbol=CIPLA\part-084555_878560-040840.parquet,34760,downloaded,34760,
2026-07-17,NSE,CIPLA,raw_l2/trade_date=2026-07-17/exchange=NSE/symbol=CIPLA/part-084541_698641-040808.parquet,real_data_sample\l2_unseen_validation\trade_date=2026-07-17\exchange=NSE\symbol=CIPLA\part-084541_698641-040808.parquet,34469,downloaded,34469,
2026-07-17,NSE,CIPLA,raw_l2/trade_date=2026-07-17/exchange=NSE/symbol=CIPLA/part-084527_232756-040776.parquet,real_data_sample\l2_unseen_validation\trade_date=2026-07-17\exchange=NSE\symbol=CIPLA\part-084527_232756-040776.parquet,34624,downloaded,34624,
2026-07-17,NSE,CIPLA,raw_l2/trade_date=2026-07-17/exchange=NSE/symbol=CIPLA/part-084721_635082-041032.parquet,real_data_sample\l2_unseen_validation\trade_date=2026-07-17\exchange=NSE\symbol=CIPLA\part-084721_635082-041032.parquet,35857,downloaded,35857,
2026-07-17,NSE,CIPLA,raw_l2/trade_date=2026-07-17/exchange=NSE/symbol=CIPLA/part-084653_171201-040968.parquet,real_data_sample\l2_unseen_validation\trade_date=2026-07-17\exchange=NSE\symbol=CIPLA\part-084653_171201-040968.parquet,34659,downloaded,34659,
2026-07-17,NSE,CIPLA,raw_l2/trade_date=2026-07-17/exchange=NSE/symbol=CIPLA/part-084931_160451-041320.parquet,real_data_sample\l2_unseen_validation\trade_date=2026-07-17\exchange=NSE\symbol=CIPLA\part-084931_160451-041320.parquet,34628,downloaded,34628,
2026-07-17,NSE,CIPLA,raw_l2/trade_date=2026-07-17/exchange=NSE/symbol=CIPLA/part-085239_667853-041736.parquet,real_data_sample\l2_unseen_validation\trade_date=2026-07-17\exchange=NSE\symbol=CIPLA\part-085239_667853-041736.parquet,34572,downloaded,34572,
2026-07-17,NSE,CIPLA,raw_l2/trade_date=2026-07-17/exchange=NSE/symbol=CIPLA/part-085224_980441-041704.parquet,real_data_sample\l2_unseen_validation\trade_date=2026-07-17\exchange=NSE\symbol=CIPLA\part-085224_980441-041704.parquet,34826,downloaded,34826,
2026-07-17,NSE,CIPLA,raw_l2/trade_date=2026-07-17/exchange=NSE/symbol=CIPLA/part-084847_430539-041224.parquet,real_data_sample\l2_unseen_validation\trade_date=2026-07-17\exchange=NSE\symbol=CIPLA\part-084847_430539-041224.parquet,34666,downloaded,34666,
2026-07-17,NSE,CIPLA,raw_l2/trade_date=2026-07-17/exchange=NSE/symbol=CIPLA/part-085043_136543-041480.parquet,real_data_sample\l2_unseen_validation\trade_date=2026-07-17\exchange=NSE\symbol=CIPLA\part-085043_136543-041480.parquet,34453,downloaded,34453,
2026-07-17,NSE,CIPLA,raw_l2/trade_date=2026-07-17/exchange=NSE/symbol=CIPLA/part-085451_133797-042024.parquet,real_data_sample\l2_unseen_validation\trade_date=2026-07-17\exchange=NSE\symbol=CIPLA\part-085451_133797-042024.parquet,34867,downloaded,34867,
2026-07-17,NSE,CIPLA,raw_l2/trade_date=2026-07-17/exchange=NSE/symbol=CIPLA/part-085141_246913-041608.parquet,real_data_sample\l2_unseen_validation\trade_date=2026-07-17\exchange=NSE\symbol=CIPLA\part-085141_246913-041608.parquet,34579,downloaded,34579,
2026-07-17,NSE,CIPLA,raw_l2/trade_date=2026-07-17/exchange=NSE/symbol=CIPLA/part-084901_950878-041256.parquet,real_data_sample\l2_unseen_validation\trade_date=2026-07-17\exchange=NSE\symbol=CIPLA\part-084901_950878-041256.parquet,34655,downloaded,34655,
2026-07-17,NSE,CIPLA,raw_l2/trade_date=2026-07-17/exchange=NSE/symbol=CIPLA/part-084916_494595-041288.parquet,real_data_sample\l2_unseen_validation\trade_date=2026-07-17\exchange=NSE\symbol=CIPLA\part-084916_494595-041288.parquet,34656,downloaded,34656,
2026-07-17,NSE,CIPLA,raw_l2/trade_date=2026-07-17/exchange=NSE/symbol=CIPLA/part-085353_846451-041896.parquet,real_data_sample\l2_unseen_validation\trade_date=2026-07-17\exchange=NSE\symbol=CIPLA\part-085353_846451-041896.parquet,34876,downloaded,34876,
2026-07-17,NSE,CIPLA,raw_l2/trade_date=2026-07-17/exchange=NSE/symbol=CIPLA/part-085408_146182-041928.parquet,real_data_sample\l2_unseen_validation\trade_date=2026-07-17\exchange=NSE\symbol=CIPLA\part-085408_146182-041928.parquet,34537,downloaded,34537,
2026-07-17,NSE,CIPLA,raw_l2/trade_date=2026-07-17/exchange=NSE/symbol=CIPLA/part-085309_367746-041800.parquet,real_data_sample\l2_unseen_validation\trade_date=2026-07-17\exchange=NSE\symbol=CIPLA\part-085309_367746-041800.parquet,34657,downloaded,34657,
2026-07-17,NSE,CIPLA,raw_l2/trade_date=2026-07-17/exchange=NSE/symbol=CIPLA/part-085112_376151-041544.parquet,real_data_sample\l2_unseen_validation\trade_date=2026-07-17\exchange=NSE\symbol=CIPLA\part-085112_376151-041544.parquet,34563,downloaded,34563,
2026-07-17,NSE,CIPLA,raw_l2/trade_date=2026-07-17/exchange=NSE/symbol=CIPLA/part-085057_674680-041512.parquet,real_data_sample\l2_unseen_validation\trade_date=2026-07-17\exchange=NSE\symbol=CIPLA\part-085057_674680-041512.parquet,34720,downloaded,34720,
2026-07-17,NSE,CIPLA,raw_l2/trade_date=2026-07-17/exchange=NSE/symbol=CIPLA/part-085155_718182-041640.parquet,real_data_sample\l2_unseen_validation\trade_date=2026-07-17\exchange=NSE\symbol=CIPLA\part-085155_718182-041640.parquet,34730,downloaded,34730,
2026-07-17,NSE,CIPLA,raw_l2/trade_date=2026-07-17/exchange=NSE/symbol=CIPLA/part-085548_110302-042152.parquet,real_data_sample\l2_unseen_validation\trade_date=2026-07-17\exchange=NSE\symbol=CIPLA\part-085548_110302-042152.parquet,34851,downloaded,34851,
2026-07-17,NSE,CIPLA,raw_l2/trade_date=2026-07-17/exchange=NSE/symbol=CIPLA/part-085210_466879-041672.parquet,real_data_sample\l2_unseen_validation\trade_date=2026-07-17\exchange=NSE\symbol=CIPLA\part-085210_466879-041672.parquet,34732,downloaded,34732,
2026-07-17,NSE,CIPLA,raw_l2/trade_date=2026-07-17/exchange=NSE/symbol=CIPLA/part-085436_710039-041992.parquet,real_data_sample\l2_unseen_validation\trade_date=2026-07-17\exchange=NSE\symbol=CIPLA\part-085436_710039-041992.parquet,34634,downloaded,34634,
2026-07-17,NSE,CIPLA,raw_l2/trade_date=2026-07-17/exchange=NSE/symbol=CIPLA/part-084945_663615-041352.parquet,real_data_sample\l2_unseen_validation\trade_date=2026-07-17\exchange=NSE\symbol=CIPLA\part-084945_663615-041352.parquet,34625,downloaded,34625,
2026-07-17,NSE,CIPLA,raw_l2/trade_date=2026-07-17/exchange=NSE/symbol=CIPLA/part-085014_735164-041416.parquet,real_data_sample\l2_unseen_validation\trade_date=2026-07-17\exchange=NSE\symbol=CIPLA\part-085014_735164-041416.parquet,34557,downloaded,34557,
2026-07-17,NSE,CIPLA,raw_l2/trade_date=2026-07-17/exchange=NSE/symbol=CIPLA/part-085126_967057-041576.parquet,real_data_sample\l2_unseen_validation\trade_date=2026-07-17\exchange=NSE\symbol=CIPLA\part-085126_967057-041576.parquet,34588,downloaded,34588,
2026-07-17,NSE,CIPLA,raw_l2/trade_date=2026-07-17/exchange=NSE/symbol=CIPLA/part-085000_187812-041384.parquet,real_data_sample\l2_unseen_validation\trade_date=2026-07-17\exchange=NSE\symbol=CIPLA\part-085000_187812-041384.parquet,34822,downloaded,34822,
2026-07-17,NSE,CIPLA,raw_l2/trade_date=2026-07-17/exchange=NSE/symbol=CIPLA/part-085519_646846-042088.parquet,real_data_sample\l2_unseen_validation\trade_date=2026-07-17\exchange=NSE\symbol=CIPLA\part-085519_646846-042088.parquet,34456,downloaded,34456,
2026-07-17,NSE,CIPLA,raw_l2/trade_date=2026-07-17/exchange=NSE/symbol=CIPLA/part-085254_536048-041768.parquet,real_data_sample\l2_unseen_validation\trade_date=2026-07-17\exchange=NSE\symbol=CIPLA\part-085254_536048-041768.parquet,34540,downloaded,34540,
2026-07-17,NSE,CIPLA,raw_l2/trade_date=2026-07-17/exchange=NSE/symbol=CIPLA/part-085029_003638-041448.parquet,real_data_sample\l2_unseen_validation\trade_date=2026-07-17\exchange=NSE\symbol=CIPLA\part-085029_003638-041448.parquet,34770,downloaded,34770,
2026-07-17,NSE,CIPLA,raw_l2/trade_date=2026-07-17/exchange=NSE/symbol=CIPLA/part-085422_372308-041960.parquet,real_data_sample\l2_unseen_validation\trade_date=2026-07-17\exchange=NSE\symbol=CIPLA\part-085422_372308-041960.parquet,34595,downloaded,34595,
2026-07-17,NSE,CIPLA,raw_l2/trade_date=2026-07-17/exchange=NSE/symbol=CIPLA/part-085533_896616-042120.parquet,real_data_sample\l2_unseen_validation\trade_date=2026-07-17\exchange=NSE\symbol=CIPLA\part-085533_896616-042120.parquet,34620,downloaded,34620,
2026-07-17,NSE,CIPLA,raw_l2/trade_date=2026-07-17/exchange=NSE/symbol=CIPLA/part-085324_676285-041832.parquet,real_data_sample\l2_unseen_validation\trade_date=2026-07-17\exchange=NSE\symbol=CIPLA\part-085324_676285-041832.parquet,34444,downloaded,34444,
2026-07-17,NSE,CIPLA,raw_l2/trade_date=2026-07-17/exchange=NSE/symbol=CIPLA/part-085505_507242-042056.parquet,real_data_sample\l2_unseen_validation\trade_date=2026-07-17\exchange=NSE\symbol=CIPLA\part-085505_507242-042056.parquet,34601,downloaded,34601,
2026-07-17,NSE,CIPLA,raw_l2/trade_date=2026-07-17/exchange=NSE/symbol=CIPLA/part-085602_348357-042184.parquet,real_data_sample\l2_unseen_validation\trade_date=2026-07-17\exchange=NSE\symbol=CIPLA\part-085602_348357-042184.parquet,34650,downloaded,34650,
2026-07-17,NSE,CIPLA,raw_l2/trade_date=2026-07-17/exchange=NSE/symbol=CIPLA/part-085339_659072-041864.parquet,real_data_sample\l2_unseen_validation\trade_date=2026-07-17\exchange=NSE\symbol=CIPLA\part-085339_659072-041864.parquet,34525,downloaded,34525,
2026-07-17,NSE,CIPLA,raw_l2/trade_date=2026-07-17/exchange=NSE/symbol=CIPLA/part-085616_405192-042216.parquet,real_data_sample\l2_unseen_validation\trade_date=2026-07-17\exchange=NSE\symbol=CIPLA\part-085616_405192-042216.parquet,34734,downloaded,34734,
2026-07-17,NSE,CIPLA,raw_l2/trade_date=2026-07-17/exchange=NSE/symbol=CIPLA/part-085727_590252-042376.parquet,real_data_sample\l2_unseen_validation\trade_date=2026-07-17\exchange=NSE\symbol=CIPLA\part-085727_590252-042376.parquet,34637,downloaded,34637,
2026-07-17,NSE,CIPLA,raw_l2/trade_date=2026-07-17/exchange=NSE/symbol=CIPLA/part-085713_494464-042344.parquet,real_data_sample\l2_unseen_validation\trade_date=2026-07-17\exchange=NSE\symbol=CIPLA\part-085713_494464-042344.parquet,34724,downloaded,34724,
2026-07-17,NSE,CIPLA,raw_l2/trade_date=2026-07-17/exchange=NSE/symbol=CIPLA/part-085741_953097-042408.parquet,real_data_sample\l2_unseen_validation\trade_date=2026-07-17\exchange=NSE\symbol=CIPLA\part-085741_953097-042408.parquet,34689,downloaded,34689,
2026-07-17,NSE,CIPLA,raw_l2/trade_date=2026-07-17/exchange=NSE/symbol=CIPLA/part-085854_206281-042568.parquet,real_data_sample\l2_unseen_validation\trade_date=2026-07-17\exchange=NSE\symbol=CIPLA\part-085854_206281-042568.parquet,34492,downloaded,34492,
2026-07-17,NSE,CIPLA,raw_l2/trade_date=2026-07-17/exchange=NSE/symbol=CIPLA/part-085659_147973-042312.parquet,real_data_sample\l2_unseen_validation\trade_date=2026-07-17\exchange=NSE\symbol=CIPLA\part-085659_147973-042312.parquet,34548,downloaded,34548,
2026-07-17,NSE,CIPLA,raw_l2/trade_date=2026-07-17/exchange=NSE/symbol=CIPLA/part-085839_699070-042536.parquet,real_data_sample\l2_unseen_validation\trade_date=2026-07-17\exchange=NSE\symbol=CIPLA\part-085839_699070-042536.parquet,34650,downloaded,34650,
2026-07-17,NSE,CIPLA,raw_l2/trade_date=2026-07-17/exchange=NSE/symbol=CIPLA/part-085810_897058-042472.parquet,real_data_sample\l2_unseen_validation\trade_date=2026-07-17\exchange=NSE\symbol=CIPLA\part-085810_897058-042472.parquet,34551,downloaded,34551,
2026-07-17,NSE,CIPLA,raw_l2/trade_date=2026-07-17/exchange=NSE/symbol=CIPLA/part-085756_477167-042440.parquet,real_data_sample\l2_unseen_validation\trade_date=2026-07-17\exchange=NSE\symbol=CIPLA\part-085756_477167-042440.parquet,34799,downloaded,34799,
2026-07-17,NSE,CIPLA,raw_l2/trade_date=2026-07-17/exchange=NSE/symbol=CIPLA/part-085825_196299-042504.parquet,real_data_sample\l2_unseen_validation\trade_date=2026-07-17\exchange=NSE\symbol=CIPLA\part-085825_196299-042504.parquet,34621,downloaded,34621,
2026-07-17,NSE,CIPLA,raw_l2/trade_date=2026-07-17/exchange=NSE/symbol=CIPLA/part-085644_883643-042280.parquet,real_data_sample\l2_unseen_validation\trade_date=2026-07-17\exchange=NSE\symbol=CIPLA\part-085644_883643-042280.parquet,34702,downloaded,34702,
2026-07-17,NSE,CIPLA,raw_l2/trade_date=2026-07-17/exchange=NSE/symbol=CIPLA/part-085630_690264-042248.parquet,real_data_sample\l2_unseen_validation\trade_date=2026-07-17\exchange=NSE\symbol=CIPLA\part-085630_690264-042248.parquet,34516,downloaded,34516,
2026-07-17,NSE,CIPLA,raw_l2/trade_date=2026-07-17/exchange=NSE/symbol=CIPLA/part-090050_498388-042824.parquet,real_data_sample\l2_unseen_validation\trade_date=2026-07-17\exchange=NSE\symbol=CIPLA\part-090050_498388-042824.parquet,34536,downloaded,34536,
2026-07-17,NSE,CIPLA,raw_l2/trade_date=2026-07-17/exchange=NSE/symbol=CIPLA/part-090021_714625-042760.parquet,real_data_sample\l2_unseen_validation\trade_date=2026-07-17\exchange=NSE\symbol=CIPLA\part-090021_714625-042760.parquet,34809,downloaded,34809,
2026-07-17,NSE,CIPLA,raw_l2/trade_date=2026-07-17/exchange=NSE/symbol=CIPLA/part-090036_035777-042792.parquet,real_data_sample\l2_unseen_validation\trade_date=2026-07-17\exchange=NSE\symbol=CIPLA\part-090036_035777-042792.parquet,34589,downloaded,34589,
2026-07-17,NSE,CIPLA,raw_l2/trade_date=2026-07-17/exchange=NSE/symbol=CIPLA/part-085908_669112-042600.parquet,real_data_sample\l2_unseen_validation\trade_date=2026-07-17\exchange=NSE\symbol=CIPLA\part-085908_669112-042600.parquet,34575,downloaded,34575,
2026-07-17,NSE,CIPLA,raw_l2/trade_date=2026-07-17/exchange=NSE/symbol=CIPLA/part-085952_740033-042696.parquet,real_data_sample\l2_unseen_validation\trade_date=2026-07-17\exchange=NSE\symbol=CIPLA\part-085952_740033-042696.parquet,34497,downloaded,34497,
2026-07-17,NSE,CIPLA,raw_l2/trade_date=2026-07-17/exchange=NSE/symbol=CIPLA/part-085938_014881-042664.parquet,real_data_sample\l2_unseen_validation\trade_date=2026-07-17\exchange=NSE\symbol=CIPLA\part-085938_014881-042664.parquet,34824,downloaded,34824,
2026-07-17,NSE,CIPLA,raw_l2/trade_date=2026-07-17/exchange=NSE/symbol=CIPLA/part-090007_273957-042728.parquet,real_data_sample\l2_unseen_validation\trade_date=2026-07-17\exchange=NSE\symbol=CIPLA\part-090007_273957-042728.parquet,34597,downloaded,34597,
2026-07-17,NSE,CIPLA,raw_l2/trade_date=2026-07-17/exchange=NSE/symbol=CIPLA/part-085923_263986-042632.parquet,real_data_sample\l2_unseen_validation\trade_date=2026-07-17\exchange=NSE\symbol=CIPLA\part-085923_263986-042632.parquet,34655,downloaded,34655,
2026-07-17,NSE,CIPLA,raw_l2/trade_date=2026-07-17/exchange=NSE/symbol=CIPLA/part-090119_770565-042888.parquet,real_data_sample\l2_unseen_validation\trade_date=2026-07-17\exchange=NSE\symbol=CIPLA\part-090119_770565-042888.parquet,34520,downloaded,34520,
2026-07-17,NSE,CIPLA,raw_l2/trade_date=2026-07-17/exchange=NSE/symbol=CIPLA/part-090105_207056-042856.parquet,real_data_sample\l2_unseen_validation\trade_date=2026-07-17\exchange=NSE\symbol=CIPLA\part-090105_207056-042856.parquet,34768,downloaded,34768,
2026-07-17,NSE,CIPLA,raw_l2/trade_date=2026-07-17/exchange=NSE/symbol=CIPLA/part-090202_932530-042984.parquet,real_data_sample\l2_unseen_validation\trade_date=2026-07-17\exchange=NSE\symbol=CIPLA\part-090202_932530-042984.parquet,34609,downloaded,34609,
2026-07-17,NSE,CIPLA,raw_l2/trade_date=2026-07-17/exchange=NSE/symbol=CIPLA/part-090329_250277-043176.parquet,real_data_sample\l2_unseen_validation\trade_date=2026-07-17\exchange=NSE\symbol=CIPLA\part-090329_250277-043176.parquet,34759,downloaded,34759,
2026-07-17,NSE,CIPLA,raw_l2/trade_date=2026-07-17/exchange=NSE/symbol=CIPLA/part-090245_926092-043080.parquet,real_data_sample\l2_unseen_validation\trade_date=2026-07-17\exchange=NSE\symbol=CIPLA\part-090245_926092-043080.parquet,34629,downloaded,34629,
2026-07-17,NSE,CIPLA,raw_l2/trade_date=2026-07-17/exchange=NSE/symbol=CIPLA/part-090217_102528-043016.parquet,real_data_sample\l2_unseen_validation\trade_date=2026-07-17\exchange=NSE\symbol=CIPLA\part-090217_102528-043016.parquet,34856,downloaded,34856,
2026-07-17,NSE,CIPLA,raw_l2/trade_date=2026-07-17/exchange=NSE/symbol=CIPLA/part-090231_458021-043048.parquet,real_data_sample\l2_unseen_validation\trade_date=2026-07-17\exchange=NSE\symbol=CIPLA\part-090231_458021-043048.parquet,34605,downloaded,34605,
2026-07-17,NSE,CIPLA,raw_l2/trade_date=2026-07-17/exchange=NSE/symbol=CIPLA/part-090314_714461-043144.parquet,real_data_sample\l2_unseen_validation\trade_date=2026-07-17\exchange=NSE\symbol=CIPLA\part-090314_714461-043144.parquet,34653,downloaded,34653,
2026-07-17,NSE,CIPLA,raw_l2/trade_date=2026-07-17/exchange=NSE/symbol=CIPLA/part-090134_200874-042920.parquet,real_data_sample\l2_unseen_validation\trade_date=2026-07-17\exchange=NSE\symbol=CIPLA\part-090134_200874-042920.parquet,34666,downloaded,34666,
2026-07-17,NSE,CIPLA,raw_l2/trade_date=2026-07-17/exchange=NSE/symbol=CIPLA/part-090148_653710-042952.parquet,real_data_sample\l2_unseen_validation\trade_date=2026-07-17\exchange=NSE\symbol=CIPLA\part-090148_653710-042952.parquet,34503,downloaded,34503,
2026-07-17,NSE,CIPLA,raw_l2/trade_date=2026-07-17/exchange=NSE/symbol=CIPLA/part-090344_035879-043208.parquet,real_data_sample\l2_unseen_validation\trade_date=2026-07-17\exchange=NSE\symbol=CIPLA\part-090344_035879-043208.parquet,35021,downloaded,35021,
2026-07-17,NSE,CIPLA,raw_l2/trade_date=2026-07-17/exchange=NSE/symbol=CIPLA/part-090300_237846-043112.parquet,real_data_sample\l2_unseen_validation\trade_date=2026-07-17\exchange=NSE\symbol=CIPLA\part-090300_237846-043112.parquet,34679,downloaded,34679,
2026-07-17,NSE,CIPLA,raw_l2/trade_date=2026-07-17/exchange=NSE/symbol=CIPLA/part-090358_869122-043240.parquet,real_data_sample\l2_unseen_validation\trade_date=2026-07-17\exchange=NSE\symbol=CIPLA\part-090358_869122-043240.parquet,34735,downloaded,34735,
2026-07-17,NSE,CIPLA,raw_l2/trade_date=2026-07-17/exchange=NSE/symbol=CIPLA/part-090609_102696-043528.parquet,real_data_sample\l2_unseen_validation\trade_date=2026-07-17\exchange=NSE\symbol=CIPLA\part-090609_102696-043528.parquet,34802,downloaded,34802,
2026-07-17,NSE,CIPLA,raw_l2/trade_date=2026-07-17/exchange=NSE/symbol=CIPLA/part-090623_693585-043560.parquet,real_data_sample\l2_unseen_validation\trade_date=2026-07-17\exchange=NSE\symbol=CIPLA\part-090623_693585-043560.parquet,35480,downloaded,35480,
2026-07-17,NSE,CIPLA,raw_l2/trade_date=2026-07-17/exchange=NSE/symbol=CIPLA/part-090638_125289-043592.parquet,real_data_sample\l2_unseen_validation\trade_date=2026-07-17\exchange=NSE\symbol=CIPLA\part-090638_125289-043592.parquet,35569,downloaded,35569,
2026-07-17,NSE,CIPLA,raw_l2/trade_date=2026-07-17/exchange=NSE/symbol=CIPLA/part-090554_849568-043496.parquet,real_data_sample\l2_unseen_validation\trade_date=2026-07-17\exchange=NSE\symbol=CIPLA\part-090554_849568-043496.parquet,34653,downloaded,34653,
2026-07-17,NSE,CIPLA,raw_l2/trade_date=2026-07-17/exchange=NSE/symbol=CIPLA/part-090540_601869-043464.parquet,real_data_sample\l2_unseen_validation\trade_date=2026-07-17\exchange=NSE\symbol=CIPLA\part-090540_601869-043464.parquet,34601,downloaded,34601,
2026-07-17,NSE,CIPLA,raw_l2/trade_date=2026-07-17/exchange=NSE/symbol=CIPLA/part-090526_125128-043432.parquet,real_data_sample\l2_unseen_validation\trade_date=2026-07-17\exchange=NSE\symbol=CIPLA\part-090526_125128-043432.parquet,34741,downloaded,34741,
2026-07-17,NSE,CIPLA,raw_l2/trade_date=2026-07-17/exchange=NSE/symbol=CIPLA/part-090511_804947-043400.parquet,real_data_sample\l2_unseen_validation\trade_date=2026-07-17\exchange=NSE\symbol=CIPLA\part-090511_804947-043400.parquet,36072,downloaded,36072,
2026-07-17,NSE,CIPLA,raw_l2/trade_date=2026-07-17/exchange=NSE/symbol=CIPLA/part-090456_974878-043368.parquet,real_data_sample\l2_unseen_validation\trade_date=2026-07-17\exchange=NSE\symbol=CIPLA\part-090456_974878-043368.parquet,35168,downloaded,35168,
2026-07-17,NSE,CIPLA,raw_l2/trade_date=2026-07-17/exchange=NSE/symbol=CIPLA/part-090413_091811-043272.parquet,real_data_sample\l2_unseen_validation\trade_date=2026-07-17\exchange=NSE\symbol=CIPLA\part-090413_091811-043272.parquet,34944,downloaded,34944,
2026-07-17,NSE,CIPLA,raw_l2/trade_date=2026-07-17/exchange=NSE/symbol=CIPLA/part-090427_433651-043304.parquet,real_data_sample\l2_unseen_validation\trade_date=2026-07-17\exchange=NSE\symbol=CIPLA\part-090427_433651-043304.parquet,35340,downloaded,35340,
2026-07-17,NSE,CIPLA,raw_l2/trade_date=2026-07-17/exchange=NSE/symbol=CIPLA/part-090442_285285-043336.parquet,real_data_sample\l2_unseen_validation\trade_date=2026-07-17\exchange=NSE\symbol=CIPLA\part-090442_285285-043336.parquet,35414,downloaded,35414,
2026-07-17,NSE,CIPLA,raw_l2/trade_date=2026-07-17/exchange=NSE/symbol=CIPLA/part-090652_670177-043624.parquet,real_data_sample\l2_unseen_validation\trade_date=2026-07-17\exchange=NSE\symbol=CIPLA\part-090652_670177-043624.parquet,35547,downloaded,35547,
2026-07-17,NSE,CIPLA,raw_l2/trade_date=2026-07-17/exchange=NSE/symbol=CIPLA/part-090933_249708-043976.parquet,real_data_sample\l2_unseen_validation\trade_date=2026-07-17\exchange=NSE\symbol=CIPLA\part-090933_249708-043976.parquet,34784,downloaded,34784,
2026-07-17,NSE,CIPLA,raw_l2/trade_date=2026-07-17/exchange=NSE/symbol=CIPLA/part-091047_463039-044136.parquet,real_data_sample\l2_unseen_validation\trade_date=2026-07-17\exchange=NSE\symbol=CIPLA\part-091047_463039-044136.parquet,34482,downloaded,34482,
2026-07-17,NSE,CIPLA,raw_l2/trade_date=2026-07-17/exchange=NSE/symbol=CIPLA/part-090848_652189-043880.parquet,real_data_sample\l2_unseen_validation\trade_date=2026-07-17\exchange=NSE\symbol=CIPLA\part-090848_652189-043880.parquet,34728,downloaded,34728,
2026-07-17,NSE,CIPLA,raw_l2/trade_date=2026-07-17/exchange=NSE/symbol=CIPLA/part-091246_191119-044392.parquet,real_data_sample\l2_unseen_validation\trade_date=2026-07-17\exchange=NSE\symbol=CIPLA\part-091246_191119-044392.parquet,34665,downloaded,34665,
2026-07-17,NSE,CIPLA,raw_l2/trade_date=2026-07-17/exchange=NSE/symbol=CIPLA/part-090750_146958-043752.parquet,real_data_sample\l2_unseen_validation\trade_date=2026-07-17\exchange=NSE\symbol=CIPLA\part-090750_146958-043752.parquet,34698,downloaded,34698,
2026-07-17,NSE,CIPLA,raw_l2/trade_date=2026-07-17/exchange=NSE/symbol=CIPLA/part-091344_152927-044520.parquet,real_data_sample\l2_unseen_validation\trade_date=2026-07-17\exchange=NSE\symbol=CIPLA\part-091344_152927-044520.parquet,34737,downloaded,34737,
2026-07-17,NSE,CIPLA,raw_l2/trade_date=2026-07-17/exchange=NSE/symbol=CIPLA/part-091329_672587-044488.parquet,real_data_sample\l2_unseen_validation\trade_date=2026-07-17\exchange=NSE\symbol=CIPLA\part-091329_672587-044488.parquet,34608,downloaded,34608,
2026-07-17,NSE,CIPLA,raw_l2/trade_date=2026-07-17/exchange=NSE/symbol=CIPLA/part-091441_938265-044648.parquet,real_data_sample\l2_unseen_validation\trade_date=2026-07-17\exchange=NSE\symbol=CIPLA\part-091441_938265-044648.parquet,36061,downloaded,36061,
2026-07-17,NSE,CIPLA,raw_l2/trade_date=2026-07-17/exchange=NSE/symbol=CIPLA/part-091032_680009-044104.parquet,real_data_sample\l2_unseen_validation\trade_date=2026-07-17\exchange=NSE\symbol=CIPLA\part-091032_680009-044104.parquet,34495,downloaded,34495,
2026-07-17,NSE,CIPLA,raw_l2/trade_date=2026-07-17/exchange=NSE/symbol=CIPLA/part-091358_676201-044552.parquet,real_data_sample\l2_unseen_validation\trade_date=2026-07-17\exchange=NSE\symbol=CIPLA\part-091358_676201-044552.parquet,34872,downloaded,34872,
2026-07-17,NSE,CIPLA,raw_l2/trade_date=2026-07-17/exchange=NSE/symbol=CIPLA/part-091413_120578-044584.parquet,real_data_sample\l2_unseen_validation\trade_date=2026-07-17\exchange=NSE\symbol=CIPLA\part-091413_120578-044584.parquet,34980,downloaded,34980,
2026-07-17,NSE,CIPLA,raw_l2/trade_date=2026-07-17/exchange=NSE/symbol=CIPLA/part-091231_139692-044360.parquet,real_data_sample\l2_unseen_validation\trade_date=2026-07-17\exchange=NSE\symbol=CIPLA\part-091231_139692-044360.parquet,34781,downloaded,34781,
2026-07-17,NSE,CIPLA,raw_l2/trade_date=2026-07-17/exchange=NSE/symbol=CIPLA/part-090948_185580-044008.parquet,real_data_sample\l2_unseen_validation\trade_date=2026-07-17\exchange=NSE\symbol=CIPLA\part-090948_185580-044008.parquet,34733,downloaded,34733,
2026-07-17,NSE,CIPLA,raw_l2/trade_date=2026-07-17/exchange=NSE/symbol=CIPLA/part-090721_631858-043688.parquet,real_data_sample\l2_unseen_validation\trade_date=2026-07-17\exchange=NSE\symbol=CIPLA\part-090721_631858-043688.parquet,34855,downloaded,34855,
2026-07-17,NSE,CIPLA,raw_l2/trade_date=2026-07-17/exchange=NSE/symbol=CIPLA/part-091200_714666-044296.parquet,real_data_sample\l2_unseen_validation\trade_date=2026-07-17\exchange=NSE\symbol=CIPLA\part-091200_714666-044296.parquet,34570,downloaded,34570,
2026-07-17,NSE,CIPLA,raw_l2/trade_date=2026-07-17/exchange=NSE/symbol=CIPLA/part-091427_434384-044616.parquet,real_data_sample\l2_unseen_validation\trade_date=2026-07-17\exchange=NSE\symbol=CIPLA\part-091427_434384-044616.parquet,35429,downloaded,35429,
2026-07-17,NSE,CIPLA,raw_l2/trade_date=2026-07-17/exchange=NSE/symbol=CIPLA/part-091215_587077-044328.parquet,real_data_sample\l2_unseen_validation\trade_date=2026-07-17\exchange=NSE\symbol=CIPLA\part-091215_587077-044328.parquet,34745,downloaded,34745,
2026-07-17,NSE,CIPLA,raw_l2/trade_date=2026-07-17/exchange=NSE/symbol=CIPLA/part-091146_189127-044264.parquet,real_data_sample\l2_unseen_validation\trade_date=2026-07-17\exchange=NSE\symbol=CIPLA\part-091146_189127-044264.parquet,34669,downloaded,34669,
2026-07-17,NSE,CIPLA,raw_l2/trade_date=2026-07-17/exchange=NSE/symbol=CIPLA/part-090834_043940-043848.parquet,real_data_sample\l2_unseen_validation\trade_date=2026-07-17\exchange=NSE\symbol=CIPLA\part-090834_043940-043848.parquet,34643,downloaded,34643,
2026-07-17,NSE,CIPLA,raw_l2/trade_date=2026-07-17/exchange=NSE/symbol=CIPLA/part-090903_378496-043912.parquet,real_data_sample\l2_unseen_validation\trade_date=2026-07-17\exchange=NSE\symbol=CIPLA\part-090903_378496-043912.parquet,34648,downloaded,34648,
2026-07-17,NSE,CIPLA,raw_l2/trade_date=2026-07-17/exchange=NSE/symbol=CIPLA/part-090707_158495-043656.parquet,real_data_sample\l2_unseen_validation\trade_date=2026-07-17\exchange=NSE\symbol=CIPLA\part-090707_158495-043656.parquet,36114,downloaded,36114,
2026-07-17,NSE,CIPLA,raw_l2/trade_date=2026-07-17/exchange=NSE/symbol=CIPLA/part-090819_396580-043816.parquet,real_data_sample\l2_unseen_validation\trade_date=2026-07-17\exchange=NSE\symbol=CIPLA\part-090819_396580-043816.parquet,34716,downloaded,34716,
2026-07-17,NSE,CIPLA,raw_l2/trade_date=2026-07-17/exchange=NSE/symbol=CIPLA/part-090918_437859-043944.parquet,real_data_sample\l2_unseen_validation\trade_date=2026-07-17\exchange=NSE\symbol=CIPLA\part-090918_437859-043944.parquet,34759,downloaded,34759,
2026-07-17,NSE,CIPLA,raw_l2/trade_date=2026-07-17/exchange=NSE/symbol=CIPLA/part-091315_169048-044456.parquet,real_data_sample\l2_unseen_validation\trade_date=2026-07-17\exchange=NSE\symbol=CIPLA\part-091315_169048-044456.parquet,34638,downloaded,34638,
2026-07-17,NSE,CIPLA,raw_l2/trade_date=2026-07-17/exchange=NSE/symbol=CIPLA/part-091300_458855-044424.parquet,real_data_sample\l2_unseen_validation\trade_date=2026-07-17\exchange=NSE\symbol=CIPLA\part-091300_458855-044424.parquet,34856,downloaded,34856,
2026-07-17,NSE,CIPLA,raw_l2/trade_date=2026-07-17/exchange=NSE/symbol=CIPLA/part-090804_858646-043784.parquet,real_data_sample\l2_unseen_validation\trade_date=2026-07-17\exchange=NSE\symbol=CIPLA\part-090804_858646-043784.parquet,34603,downloaded,34603,
2026-07-17,NSE,CIPLA,raw_l2/trade_date=2026-07-17/exchange=NSE/symbol=CIPLA/part-091131_768411-044232.parquet,real_data_sample\l2_unseen_validation\trade_date=2026-07-17\exchange=NSE\symbol=CIPLA\part-091131_768411-044232.parquet,34575,downloaded,34575,
2026-07-17,NSE,CIPLA,raw_l2/trade_date=2026-07-17/exchange=NSE/symbol=CIPLA/part-091003_782510-044040.parquet,real_data_sample\l2_unseen_validation\trade_date=2026-07-17\exchange=NSE\symbol=CIPLA\part-091003_782510-044040.parquet,34529,downloaded,34529,
2026-07-17,NSE,CIPLA,raw_l2/trade_date=2026-07-17/exchange=NSE/symbol=CIPLA/part-090735_886712-043720.parquet,real_data_sample\l2_unseen_validation\trade_date=2026-07-17\exchange=NSE\symbol=CIPLA\part-090735_886712-043720.parquet,34920,downloaded,34920,
2026-07-17,NSE,CIPLA,raw_l2/trade_date=2026-07-17/exchange=NSE/symbol=CIPLA/part-091116_722418-044200.parquet,real_data_sample\l2_unseen_validation\trade_date=2026-07-17\exchange=NSE\symbol=CIPLA\part-091116_722418-044200.parquet,34526,downloaded,34526,
2026-07-17,NSE,CIPLA,raw_l2/trade_date=2026-07-17/exchange=NSE/symbol=CIPLA/part-091018_129667-044072.parquet,real_data_sample\l2_unseen_validation\trade_date=2026-07-17\exchange=NSE\symbol=CIPLA\part-091018_129667-044072.parquet,34505,downloaded,34505,
2026-07-17,NSE,CIPLA,raw_l2/trade_date=2026-07-17/exchange=NSE/symbol=CIPLA/part-091102_163296-044168.parquet,real_data_sample\l2_unseen_validation\trade_date=2026-07-17\exchange=NSE\symbol=CIPLA\part-091102_163296-044168.parquet,34741,downloaded,34741,
2026-07-17,NSE,CIPLA,raw_l2/trade_date=2026-07-17/exchange=NSE/symbol=CIPLA/part-091456_178366-044680.parquet,real_data_sample\l2_unseen_validation\trade_date=2026-07-17\exchange=NSE\symbol=CIPLA\part-091456_178366-044680.parquet,35745,downloaded,35745,
2026-07-17,NSE,CIPLA,raw_l2/trade_date=2026-07-17/exchange=NSE/symbol=CIPLA/part-091553_693034-044808.parquet,real_data_sample\l2_unseen_validation\trade_date=2026-07-17\exchange=NSE\symbol=CIPLA\part-091553_693034-044808.parquet,34561,downloaded,34561,
2026-07-17,NSE,CIPLA,raw_l2/trade_date=2026-07-17/exchange=NSE/symbol=CIPLA/part-091637_144808-044904.parquet,real_data_sample\l2_unseen_validation\trade_date=2026-07-17\exchange=NSE\symbol=CIPLA\part-091637_144808-044904.parquet,34621,downloaded,34621,
2026-07-17,NSE,CIPLA,raw_l2/trade_date=2026-07-17/exchange=NSE/symbol=CIPLA/part-091651_394221-044936.parquet,real_data_sample\l2_unseen_validation\trade_date=2026-07-17\exchange=NSE\symbol=CIPLA\part-091651_394221-044936.parquet,34450,downloaded,34450,
2026-07-17,NSE,CIPLA,raw_l2/trade_date=2026-07-17/exchange=NSE/symbol=CIPLA/part-091510_672784-044712.parquet,real_data_sample\l2_unseen_validation\trade_date=2026-07-17\exchange=NSE\symbol=CIPLA\part-091510_672784-044712.parquet,35718,downloaded,35718,
2026-07-17,NSE,CIPLA,raw_l2/trade_date=2026-07-17/exchange=NSE/symbol=CIPLA/part-091524_889862-044744.parquet,real_data_sample\l2_unseen_validation\trade_date=2026-07-17\exchange=NSE\symbol=CIPLA\part-091524_889862-044744.parquet,34558,downloaded,34558,
2026-07-17,NSE,CIPLA,raw_l2/trade_date=2026-07-17/exchange=NSE/symbol=CIPLA/part-091539_215426-044776.parquet,real_data_sample\l2_unseen_validation\trade_date=2026-07-17\exchange=NSE\symbol=CIPLA\part-091539_215426-044776.parquet,34405,downloaded,34405,
2026-07-17,NSE,CIPLA,raw_l2/trade_date=2026-07-17/exchange=NSE/symbol=CIPLA/part-091608_433180-044840.parquet,real_data_sample\l2_unseen_validation\trade_date=2026-07-17\exchange=NSE\symbol=CIPLA\part-091608_433180-044840.parquet,34426,downloaded,34426,
2026-07-17,NSE,CIPLA,raw_l2/trade_date=2026-07-17/exchange=NSE/symbol=CIPLA/part-091719_842503-045000.parquet,real_data_sample\l2_unseen_validation\trade_date=2026-07-17\exchange=NSE\symbol=CIPLA\part-091719_842503-045000.parquet,34655,downloaded,34655,
2026-07-17,NSE,CIPLA,raw_l2/trade_date=2026-07-17/exchange=NSE/symbol=CIPLA/part-091705_682248-044968.parquet,real_data_sample\l2_unseen_validation\trade_date=2026-07-17\exchange=NSE\symbol=CIPLA\part-091705_682248-044968.parquet,34697,downloaded,34697,
2026-07-17,NSE,CIPLA,raw_l2/trade_date=2026-07-17/exchange=NSE/symbol=CIPLA/part-091622_990632-044872.parquet,real_data_sample\l2_unseen_validation\trade_date=2026-07-17\exchange=NSE\symbol=CIPLA\part-091622_990632-044872.parquet,34564,downloaded,34564,
2026-07-17,NSE,CIPLA,raw_l2/trade_date=2026-07-17/exchange=NSE/symbol=CIPLA/part-091734_041506-045032.parquet,real_data_sample\l2_unseen_validation\trade_date=2026-07-17\exchange=NSE\symbol=CIPLA\part-091734_041506-045032.parquet,34551,downloaded,34551,
2026-07-17,NSE,CIPLA,raw_l2/trade_date=2026-07-17/exchange=NSE/symbol=CIPLA/part-092011_851687-045384.parquet,real_data_sample\l2_unseen_validation\trade_date=2026-07-17\exchange=NSE\symbol=CIPLA\part-092011_851687-045384.parquet,34673,downloaded,34673,
2026-07-17,NSE,CIPLA,raw_l2/trade_date=2026-07-17/exchange=NSE/symbol=CIPLA/part-091943_213778-045320.parquet,real_data_sample\l2_unseen_validation\trade_date=2026-07-17\exchange=NSE\symbol=CIPLA\part-091943_213778-045320.parquet,34677,downloaded,34677,
2026-07-17,NSE,CIPLA,raw_l2/trade_date=2026-07-17/exchange=NSE/symbol=CIPLA/part-091748_107440-045064.parquet,real_data_sample\l2_unseen_validation\trade_date=2026-07-17\exchange=NSE\symbol=CIPLA\part-091748_107440-045064.parquet,34558,downloaded,34558,
2026-07-17,NSE,CIPLA,raw_l2/trade_date=2026-07-17/exchange=NSE/symbol=CIPLA/part-092054_684810-045480.parquet,real_data_sample\l2_unseen_validation\trade_date=2026-07-17\exchange=NSE\symbol=CIPLA\part-092054_684810-045480.parquet,34577,downloaded,34577,
2026-07-17,NSE,CIPLA,raw_l2/trade_date=2026-07-17/exchange=NSE/symbol=CIPLA/part-092025_861774-045416.parquet,real_data_sample\l2_unseen_validation\trade_date=2026-07-17\exchange=NSE\symbol=CIPLA\part-092025_861774-045416.parquet,34657,downloaded,34657,
2026-07-17,NSE,CIPLA,raw_l2/trade_date=2026-07-17/exchange=NSE/symbol=CIPLA/part-091802_279720-045096.parquet,real_data_sample\l2_unseen_validation\trade_date=2026-07-17\exchange=NSE\symbol=CIPLA\part-091802_279720-045096.parquet,34447,downloaded,34447,
2026-07-17,NSE,CIPLA,raw_l2/trade_date=2026-07-17/exchange=NSE/symbol=CIPLA/part-092040_397616-045448.parquet,real_data_sample\l2_unseen_validation\trade_date=2026-07-17\exchange=NSE\symbol=CIPLA\part-092040_397616-045448.parquet,34643,downloaded,34643,
2026-07-17,NSE,CIPLA,raw_l2/trade_date=2026-07-17/exchange=NSE/symbol=CIPLA/part-091845_677065-045192.parquet,real_data_sample\l2_unseen_validation\trade_date=2026-07-17\exchange=NSE\symbol=CIPLA\part-091845_677065-045192.parquet,34496,downloaded,34496,
2026-07-17,NSE,CIPLA,raw_l2/trade_date=2026-07-17/exchange=NSE/symbol=CIPLA/part-091928_907376-045288.parquet,real_data_sample\l2_unseen_validation\trade_date=2026-07-17\exchange=NSE\symbol=CIPLA\part-091928_907376-045288.parquet,34729,downloaded,34729,
2026-07-17,NSE,CIPLA,raw_l2/trade_date=2026-07-17/exchange=NSE/symbol=CIPLA/part-091816_954771-045128.parquet,real_data_sample\l2_unseen_validation\trade_date=2026-07-17\exchange=NSE\symbol=CIPLA\part-091816_954771-045128.parquet,34640,downloaded,34640,
2026-07-17,NSE,CIPLA,raw_l2/trade_date=2026-07-17/exchange=NSE/symbol=CIPLA/part-091957_387692-045352.parquet,real_data_sample\l2_unseen_validation\trade_date=2026-07-17\exchange=NSE\symbol=CIPLA\part-091957_387692-045352.parquet,34556,downloaded,34556,
2026-07-17,NSE,CIPLA,raw_l2/trade_date=2026-07-17/exchange=NSE/symbol=CIPLA/part-091831_141792-045160.parquet,real_data_sample\l2_unseen_validation\trade_date=2026-07-17\exchange=NSE\symbol=CIPLA\part-091831_141792-045160.parquet,34520,downloaded,34520,
2026-07-17,NSE,CIPLA,raw_l2/trade_date=2026-07-17/exchange=NSE/symbol=CIPLA/part-092206_641135-045640.parquet,real_data_sample\l2_unseen_validation\trade_date=2026-07-17\exchange=NSE\symbol=CIPLA\part-092206_641135-045640.parquet,34612,downloaded,34612,
2026-07-17,NSE,CIPLA,raw_l2/trade_date=2026-07-17/exchange=NSE/symbol=CIPLA/part-091859_984379-045224.parquet,real_data_sample\l2_unseen_validation\trade_date=2026-07-17\exchange=NSE\symbol=CIPLA\part-091859_984379-045224.parquet,34658,downloaded,34658,
2026-07-17,NSE,CIPLA,raw_l2/trade_date=2026-07-17/exchange=NSE/symbol=CIPLA/part-091914_704200-045256.parquet,real_data_sample\l2_unseen_validation\trade_date=2026-07-17\exchange=NSE\symbol=CIPLA\part-091914_704200-045256.parquet,34448,downloaded,34448,
2026-07-17,NSE,CIPLA,raw_l2/trade_date=2026-07-17/exchange=NSE/symbol=CIPLA/part-092220_888437-045672.parquet,real_data_sample\l2_unseen_validation\trade_date=2026-07-17\exchange=NSE\symbol=CIPLA\part-092220_888437-045672.parquet,34740,downloaded,34740,
2026-07-17,NSE,CIPLA,raw_l2/trade_date=2026-07-17/exchange=NSE/symbol=CIPLA/part-092137_707662-045576.parquet,real_data_sample\l2_unseen_validation\trade_date=2026-07-17\exchange=NSE\symbol=CIPLA\part-092137_707662-045576.parquet,34631,downloaded,34631,
2026-07-17,NSE,CIPLA,raw_l2/trade_date=2026-07-17/exchange=NSE/symbol=CIPLA/part-092123_438290-045544.parquet,real_data_sample\l2_unseen_validation\trade_date=2026-07-17\exchange=NSE\symbol=CIPLA\part-092123_438290-045544.parquet,34474,downloaded,34474,
2026-07-17,NSE,CIPLA,raw_l2/trade_date=2026-07-17/exchange=NSE/symbol=CIPLA/part-092152_477714-045608.parquet,real_data_sample\l2_unseen_validation\trade_date=2026-07-17\exchange=NSE\symbol=CIPLA\part-092152_477714-045608.parquet,34725,downloaded,34725,
2026-07-17,NSE,CIPLA,raw_l2/trade_date=2026-07-17/exchange=NSE/symbol=CIPLA/part-092109_147109-045512.parquet,real_data_sample\l2_unseen_validation\trade_date=2026-07-17\exchange=NSE\symbol=CIPLA\part-092109_147109-045512.parquet,34683,downloaded,34683,
2026-07-17,NSE,CIPLA,raw_l2/trade_date=2026-07-17/exchange=NSE/symbol=CIPLA/part-092431_343147-045960.parquet,real_data_sample\l2_unseen_validation\trade_date=2026-07-17\exchange=NSE\symbol=CIPLA\part-092431_343147-045960.parquet,34646,downloaded,34646,
2026-07-17,NSE,CIPLA,raw_l2/trade_date=2026-07-17/exchange=NSE/symbol=CIPLA/part-092333_226409-045832.parquet,real_data_sample\l2_unseen_validation\trade_date=2026-07-17\exchange=NSE\symbol=CIPLA\part-092333_226409-045832.parquet,34741,downloaded,34741,
2026-07-17,NSE,CIPLA,raw_l2/trade_date=2026-07-17/exchange=NSE/symbol=CIPLA/part-092445_599963-045992.parquet,real_data_sample\l2_unseen_validation\trade_date=2026-07-17\exchange=NSE\symbol=CIPLA\part-092445_599963-045992.parquet,34666,downloaded,34666,
2026-07-17,NSE,CIPLA,raw_l2/trade_date=2026-07-17/exchange=NSE/symbol=CIPLA/part-092401_957833-045896.parquet,real_data_sample\l2_unseen_validation\trade_date=2026-07-17\exchange=NSE\symbol=CIPLA\part-092401_957833-045896.parquet,34779,downloaded,34779,
2026-07-17,NSE,CIPLA,raw_l2/trade_date=2026-07-17/exchange=NSE/symbol=CIPLA/part-092318_650392-045800.parquet,real_data_sample\l2_unseen_validation\trade_date=2026-07-17\exchange=NSE\symbol=CIPLA\part-092318_650392-045800.parquet,34630,downloaded,34630,
2026-07-17,NSE,CIPLA,raw_l2/trade_date=2026-07-17/exchange=NSE/symbol=CIPLA/part-092347_652550-045864.parquet,real_data_sample\l2_unseen_validation\trade_date=2026-07-17\exchange=NSE\symbol=CIPLA\part-092347_652550-045864.parquet,34578,downloaded,34578,
2026-07-17,NSE,CIPLA,raw_l2/trade_date=2026-07-17/exchange=NSE/symbol=CIPLA/part-092249_641137-045736.parquet,real_data_sample\l2_unseen_validation\trade_date=2026-07-17\exchange=NSE\symbol=CIPLA\part-092249_641137-045736.parquet,34597,downloaded,34597,
2026-07-17,NSE,CIPLA,raw_l2/trade_date=2026-07-17/exchange=NSE/symbol=CIPLA/part-092303_921804-045768.parquet,real_data_sample\l2_unseen_validation\trade_date=2026-07-17\exchange=NSE\symbol=CIPLA\part-092303_921804-045768.parquet,34587,downloaded,34587,
2026-07-17,NSE,CIPLA,raw_l2/trade_date=2026-07-17/exchange=NSE/symbol=CIPLA/part-092235_216534-045704.parquet,real_data_sample\l2_unseen_validation\trade_date=2026-07-17\exchange=NSE\symbol=CIPLA\part-092235_216534-045704.parquet,34778,downloaded,34778,
2026-07-17,NSE,CIPLA,raw_l2/trade_date=2026-07-17/exchange=NSE/symbol=CIPLA/part-092459_967559-046024.parquet,real_data_sample\l2_unseen_validation\trade_date=2026-07-17\exchange=NSE\symbol=CIPLA\part-092459_967559-046024.parquet,34843,downloaded,34843,
2026-07-17,NSE,CIPLA,raw_l2/trade_date=2026-07-17/exchange=NSE/symbol=CIPLA/part-092627_853508-046216.parquet,real_data_sample\l2_unseen_validation\trade_date=2026-07-17\exchange=NSE\symbol=CIPLA\part-092627_853508-046216.parquet,34573,downloaded,34573,
2026-07-17,NSE,CIPLA,raw_l2/trade_date=2026-07-17/exchange=NSE/symbol=CIPLA/part-092643_124337-046248.parquet,real_data_sample\l2_unseen_validation\trade_date=2026-07-17\exchange=NSE\symbol=CIPLA\part-092643_124337-046248.parquet,34646,downloaded,34646,
2026-07-17,NSE,CIPLA,raw_l2/trade_date=2026-07-17/exchange=NSE/symbol=CIPLA/part-092711_684661-046312.parquet,real_data_sample\l2_unseen_validation\trade_date=2026-07-17\exchange=NSE\symbol=CIPLA\part-092711_684661-046312.parquet,34810,downloaded,34810,
2026-07-17,NSE,CIPLA,raw_l2/trade_date=2026-07-17/exchange=NSE/symbol=CIPLA/part-092514_920308-046056.parquet,real_data_sample\l2_unseen_validation\trade_date=2026-07-17\exchange=NSE\symbol=CIPLA\part-092514_920308-046056.parquet,35339,downloaded,35339,
2026-07-17,NSE,CIPLA,raw_l2/trade_date=2026-07-17/exchange=NSE/symbol=CIPLA/part-092740_418202-046376.parquet,real_data_sample\l2_unseen_validation\trade_date=2026-07-17\exchange=NSE\symbol=CIPLA\part-092740_418202-046376.parquet,35821,downloaded,35821,
2026-07-17,NSE,CIPLA,raw_l2/trade_date=2026-07-17/exchange=NSE/symbol=CIPLA/part-092725_887045-046344.parquet,real_data_sample\l2_unseen_validation\trade_date=2026-07-17\exchange=NSE\symbol=CIPLA\part-092725_887045-046344.parquet,35300,downloaded,35300,
2026-07-17,NSE,CIPLA,raw_l2/trade_date=2026-07-17/exchange=NSE/symbol=CIPLA/part-092529_416373-046088.parquet,real_data_sample\l2_unseen_validation\trade_date=2026-07-17\exchange=NSE\symbol=CIPLA\part-092529_416373-046088.parquet,35749,downloaded,35749,
2026-07-17,NSE,CIPLA,raw_l2/trade_date=2026-07-17/exchange=NSE/symbol=CIPLA/part-092613_402447-046184.parquet,real_data_sample\l2_unseen_validation\trade_date=2026-07-17\exchange=NSE\symbol=CIPLA\part-092613_402447-046184.parquet,35613,downloaded,35613,
2026-07-17,NSE,CIPLA,raw_l2/trade_date=2026-07-17/exchange=NSE/symbol=CIPLA/part-092543_965856-046120.parquet,real_data_sample\l2_unseen_validation\trade_date=2026-07-17\exchange=NSE\symbol=CIPLA\part-092543_965856-046120.parquet,35980,downloaded,35980,
2026-07-17,NSE,CIPLA,raw_l2/trade_date=2026-07-17/exchange=NSE/symbol=CIPLA/part-092852_646649-046536.parquet,real_data_sample\l2_unseen_validation\trade_date=2026-07-17\exchange=NSE\symbol=CIPLA\part-092852_646649-046536.parquet,35859,downloaded,35859,
2026-07-17,NSE,CIPLA,raw_l2/trade_date=2026-07-17/exchange=NSE/symbol=CIPLA/part-092921_956979-046600.parquet,real_data_sample\l2_unseen_validation\trade_date=2026-07-17\exchange=NSE\symbol=CIPLA\part-092921_956979-046600.parquet,34987,downloaded,34987,
2026-07-17,NSE,CIPLA,raw_l2/trade_date=2026-07-17/exchange=NSE/symbol=CIPLA/part-092657_370695-046280.parquet,real_data_sample\l2_unseen_validation\trade_date=2026-07-17\exchange=NSE\symbol=CIPLA\part-092657_370695-046280.parquet,34411,downloaded,34411,
2026-07-17,NSE,CIPLA,raw_l2/trade_date=2026-07-17/exchange=NSE/symbol=CIPLA/part-092936_418432-046632.parquet,real_data_sample\l2_unseen_validation\trade_date=2026-07-17\exchange=NSE\symbol=CIPLA\part-092936_418432-046632.parquet,34896,downloaded,34896,
2026-07-17,NSE,CIPLA,raw_l2/trade_date=2026-07-17/exchange=NSE/symbol=CIPLA/part-092838_189185-046504.parquet,real_data_sample\l2_unseen_validation\trade_date=2026-07-17\exchange=NSE\symbol=CIPLA\part-092838_189185-046504.parquet,35641,downloaded,35641,
2026-07-17,NSE,CIPLA,raw_l2/trade_date=2026-07-17/exchange=NSE/symbol=CIPLA/part-092558_682292-046152.parquet,real_data_sample\l2_unseen_validation\trade_date=2026-07-17\exchange=NSE\symbol=CIPLA\part-092558_682292-046152.parquet,35886,downloaded,35886,
2026-07-17,NSE,CIPLA,raw_l2/trade_date=2026-07-17/exchange=NSE/symbol=CIPLA/part-092754_912619-046408.parquet,real_data_sample\l2_unseen_validation\trade_date=2026-07-17\exchange=NSE\symbol=CIPLA\part-092754_912619-046408.parquet,36044,downloaded,36044,
2026-07-17,NSE,CIPLA,raw_l2/trade_date=2026-07-17/exchange=NSE/symbol=CIPLA/part-092951_175020-046664.parquet,real_data_sample\l2_unseen_validation\trade_date=2026-07-17\exchange=NSE\symbol=CIPLA\part-092951_175020-046664.parquet,34577,downloaded,34577,
2026-07-17,NSE,CIPLA,raw_l2/trade_date=2026-07-17/exchange=NSE/symbol=CIPLA/part-092823_687503-046472.parquet,real_data_sample\l2_unseen_validation\trade_date=2026-07-17\exchange=NSE\symbol=CIPLA\part-092823_687503-046472.parquet,35733,downloaded,35733,
2026-07-17,NSE,CIPLA,raw_l2/trade_date=2026-07-17/exchange=NSE/symbol=CIPLA/part-092907_171397-046568.parquet,real_data_sample\l2_unseen_validation\trade_date=2026-07-17\exchange=NSE\symbol=CIPLA\part-092907_171397-046568.parquet,35646,downloaded,35646,
2026-07-17,NSE,CIPLA,raw_l2/trade_date=2026-07-17/exchange=NSE/symbol=CIPLA/part-092809_239434-046440.parquet,real_data_sample\l2_unseen_validation\trade_date=2026-07-17\exchange=NSE\symbol=CIPLA\part-092809_239434-046440.parquet,35960,downloaded,35960,
2026-07-17,NSE,CIPLA,raw_l2/trade_date=2026-07-17/exchange=NSE/symbol=CIPLA/part-093005_747103-046696.parquet,real_data_sample\l2_unseen_validation\trade_date=2026-07-17\exchange=NSE\symbol=CIPLA\part-093005_747103-046696.parquet,34729,downloaded,34729,
2026-07-17,NSE,CIPLA,raw_l2/trade_date=2026-07-17/exchange=NSE/symbol=CIPLA/part-093020_592135-046728.parquet,real_data_sample\l2_unseen_validation\trade_date=2026-07-17\exchange=NSE\symbol=CIPLA\part-093020_592135-046728.parquet,34404,downloaded,34404,
2026-07-17,NSE,CIPLA,raw_l2/trade_date=2026-07-17/exchange=NSE/symbol=CIPLA/part-093035_107025-046760.parquet,real_data_sample\l2_unseen_validation\trade_date=2026-07-17\exchange=NSE\symbol=CIPLA\part-093035_107025-046760.parquet,34652,downloaded,34652,
2026-07-17,NSE,CIPLA,raw_l2/trade_date=2026-07-17/exchange=NSE/symbol=CIPLA/part-093103_580423-046824.parquet,real_data_sample\l2_unseen_validation\trade_date=2026-07-17\exchange=NSE\symbol=CIPLA\part-093103_580423-046824.parquet,34723,downloaded,34723,
2026-07-17,NSE,CIPLA,raw_l2/trade_date=2026-07-17/exchange=NSE/symbol=CIPLA/part-093049_446493-046792.parquet,real_data_sample\l2_unseen_validation\trade_date=2026-07-17\exchange=NSE\symbol=CIPLA\part-093049_446493-046792.parquet,34423,downloaded,34423,
2026-07-17,NSE,CIPLA,raw_l2/trade_date=2026-07-17/exchange=NSE/symbol=CIPLA/part-093132_123915-046888.parquet,real_data_sample\l2_unseen_validation\trade_date=2026-07-17\exchange=NSE\symbol=CIPLA\part-093132_123915-046888.parquet,36186,downloaded,36186,
2026-07-17,NSE,CIPLA,raw_l2/trade_date=2026-07-17/exchange=NSE/symbol=CIPLA/part-093118_061283-046856.parquet,real_data_sample\l2_unseen_validation\trade_date=2026-07-17\exchange=NSE\symbol=CIPLA\part-093118_061283-046856.parquet,35477,downloaded,35477,
2026-07-17,NSE,CIPLA,raw_l2/trade_date=2026-07-17/exchange=NSE/symbol=CIPLA/part-093201_143858-046952.parquet,real_data_sample\l2_unseen_validation\trade_date=2026-07-17\exchange=NSE\symbol=CIPLA\part-093201_143858-046952.parquet,35257,downloaded,35257,
2026-07-17,NSE,CIPLA,raw_l2/trade_date=2026-07-17/exchange=NSE/symbol=CIPLA/part-093215_070728-046984.parquet,real_data_sample\l2_unseen_validation\trade_date=2026-07-17\exchange=NSE\symbol=CIPLA\part-093215_070728-046984.parquet,35514,downloaded,35514,
2026-07-17,NSE,CIPLA,raw_l2/trade_date=2026-07-17/exchange=NSE/symbol=CIPLA/part-093229_108288-047016.parquet,real_data_sample\l2_unseen_validation\trade_date=2026-07-17\exchange=NSE\symbol=CIPLA\part-093229_108288-047016.parquet,35944,downloaded,35944,
2026-07-17,NSE,CIPLA,raw_l2/trade_date=2026-07-17/exchange=NSE/symbol=CIPLA/part-093146_625391-046920.parquet,real_data_sample\l2_unseen_validation\trade_date=2026-07-17\exchange=NSE\symbol=CIPLA\part-093146_625391-046920.parquet,36195,downloaded,36195,
2026-07-17,NSE,CIPLA,raw_l2/trade_date=2026-07-17/exchange=NSE/symbol=CIPLA/part-093243_556880-047048.parquet,real_data_sample\l2_unseen_validation\trade_date=2026-07-17\exchange=NSE\symbol=CIPLA\part-093243_556880-047048.parquet,36368,downloaded,36368,
2026-07-17,NSE,CIPLA,raw_l2/trade_date=2026-07-17/exchange=NSE/symbol=CIPLA/part-093311_819270-047112.parquet,real_data_sample\l2_unseen_validation\trade_date=2026-07-17\exchange=NSE\symbol=CIPLA\part-093311_819270-047112.parquet,35953,downloaded,35953,
2026-07-17,NSE,CIPLA,raw_l2/trade_date=2026-07-17/exchange=NSE/symbol=CIPLA/part-093326_080765-047144.parquet,real_data_sample\l2_unseen_validation\trade_date=2026-07-17\exchange=NSE\symbol=CIPLA\part-093326_080765-047144.parquet,35509,downloaded,35509,
2026-07-17,NSE,CIPLA,raw_l2/trade_date=2026-07-17/exchange=NSE/symbol=CIPLA/part-093257_537875-047080.parquet,real_data_sample\l2_unseen_validation\trade_date=2026-07-17\exchange=NSE\symbol=CIPLA\part-093257_537875-047080.parquet,36509,downloaded,36509,
2026-07-17,NSE,CIPLA,raw_l2/trade_date=2026-07-17/exchange=NSE/symbol=CIPLA/part-093741_306905-047720.parquet,real_data_sample\l2_unseen_validation\trade_date=2026-07-17\exchange=NSE\symbol=CIPLA\part-093741_306905-047720.parquet,34691,downloaded,34691,
2026-07-17,NSE,CIPLA,raw_l2/trade_date=2026-07-17/exchange=NSE/symbol=CIPLA/part-093823_612659-047816.parquet,real_data_sample\l2_unseen_validation\trade_date=2026-07-17\exchange=NSE\symbol=CIPLA\part-093823_612659-047816.parquet,34583,downloaded,34583,
2026-07-17,NSE,CIPLA,raw_l2/trade_date=2026-07-17/exchange=NSE/symbol=CIPLA/part-092416_726692-045928.parquet,real_data_sample\l2_unseen_validation\trade_date=2026-07-17\exchange=NSE\symbol=CIPLA\part-092416_726692-045928.parquet,34715,downloaded,34715,
2026-07-17,NSE,CIPLA,raw_l2/trade_date=2026-07-17/exchange=NSE/symbol=CIPLA/part-093340_114602-047176.parquet,real_data_sample\l2_unseen_validation\trade_date=2026-07-17\exchange=NSE\symbol=CIPLA\part-093340_114602-047176.parquet,35194,downloaded,35194,
2026-07-17,NSE,CIPLA,raw_l2/trade_date=2026-07-17/exchange=NSE/symbol=CIPLA/part-093519_355613-047400.parquet,real_data_sample\l2_unseen_validation\trade_date=2026-07-17\exchange=NSE\symbol=CIPLA\part-093519_355613-047400.parquet,34573,downloaded,34573,
2026-07-17,NSE,CIPLA,raw_l2/trade_date=2026-07-17/exchange=NSE/symbol=CIPLA/part-093713_370762-047656.parquet,real_data_sample\l2_unseen_validation\trade_date=2026-07-17\exchange=NSE\symbol=CIPLA\part-093713_370762-047656.parquet,34412,downloaded,34412,
2026-07-17,NSE,CIPLA,raw_l2/trade_date=2026-07-17/exchange=NSE/symbol=CIPLA/part-093354_307315-047208.parquet,real_data_sample\l2_unseen_validation\trade_date=2026-07-17\exchange=NSE\symbol=CIPLA\part-093354_307315-047208.parquet,35620,downloaded,35620,
2026-07-17,NSE,CIPLA,raw_l2/trade_date=2026-07-17/exchange=NSE/symbol=CIPLA/part-093755_302961-047752.parquet,real_data_sample\l2_unseen_validation\trade_date=2026-07-17\exchange=NSE\symbol=CIPLA\part-093755_302961-047752.parquet,34362,downloaded,34362,
2026-07-17,NSE,CIPLA,raw_l2/trade_date=2026-07-17/exchange=NSE/symbol=CIPLA/part-093533_695285-047432.parquet,real_data_sample\l2_unseen_validation\trade_date=2026-07-17\exchange=NSE\symbol=CIPLA\part-093533_695285-047432.parquet,34433,downloaded,34433,
2026-07-17,NSE,CIPLA,raw_l2/trade_date=2026-07-17/exchange=NSE/symbol=CIPLA/part-093602_362789-047496.parquet,real_data_sample\l2_unseen_validation\trade_date=2026-07-17\exchange=NSE\symbol=CIPLA\part-093602_362789-047496.parquet,34617,downloaded,34617,
2026-07-17,NSE,CIPLA,raw_l2/trade_date=2026-07-17/exchange=NSE/symbol=CIPLA/part-093906_428185-047912.parquet,real_data_sample\l2_unseen_validation\trade_date=2026-07-17\exchange=NSE\symbol=CIPLA\part-093906_428185-047912.parquet,34722,downloaded,34722,
2026-07-17,NSE,CIPLA,raw_l2/trade_date=2026-07-17/exchange=NSE/symbol=CIPLA/part-093852_047327-047880.parquet,real_data_sample\l2_unseen_validation\trade_date=2026-07-17\exchange=NSE\symbol=CIPLA\part-093852_047327-047880.parquet,34609,downloaded,34609,
2026-07-17,NSE,CIPLA,raw_l2/trade_date=2026-07-17/exchange=NSE/symbol=CIPLA/part-093408_301677-047240.parquet,real_data_sample\l2_unseen_validation\trade_date=2026-07-17\exchange=NSE\symbol=CIPLA\part-093408_301677-047240.parquet,35712,downloaded,35712,
2026-07-17,NSE,CIPLA,raw_l2/trade_date=2026-07-17/exchange=NSE/symbol=CIPLA/part-093547_875244-047464.parquet,real_data_sample\l2_unseen_validation\trade_date=2026-07-17\exchange=NSE\symbol=CIPLA\part-093547_875244-047464.parquet,34586,downloaded,34586,
2026-07-17,NSE,CIPLA,raw_l2/trade_date=2026-07-17/exchange=NSE/symbol=CIPLA/part-093837_850068-047848.parquet,real_data_sample\l2_unseen_validation\trade_date=2026-07-17\exchange=NSE\symbol=CIPLA\part-093837_850068-047848.parquet,34658,downloaded,34658,
2026-07-17,NSE,CIPLA,raw_l2/trade_date=2026-07-17/exchange=NSE/symbol=CIPLA/part-093616_849877-047528.parquet,real_data_sample\l2_unseen_validation\trade_date=2026-07-17\exchange=NSE\symbol=CIPLA\part-093616_849877-047528.parquet,34575,downloaded,34575,
2026-07-17,NSE,CIPLA,raw_l2/trade_date=2026-07-17/exchange=NSE/symbol=CIPLA/part-093659_295598-047624.parquet,real_data_sample\l2_unseen_validation\trade_date=2026-07-17\exchange=NSE\symbol=CIPLA\part-093659_295598-047624.parquet,34441,downloaded,34441,
2026-07-17,NSE,CIPLA,raw_l2/trade_date=2026-07-17/exchange=NSE/symbol=CIPLA/part-093504_857362-047368.parquet,real_data_sample\l2_unseen_validation\trade_date=2026-07-17\exchange=NSE\symbol=CIPLA\part-093504_857362-047368.parquet,34498,downloaded,34498,
2026-07-17,NSE,CIPLA,raw_l2/trade_date=2026-07-17/exchange=NSE/symbol=CIPLA/part-093809_556113-047784.parquet,real_data_sample\l2_unseen_validation\trade_date=2026-07-17\exchange=NSE\symbol=CIPLA\part-093809_556113-047784.parquet,34612,downloaded,34612,
2026-07-17,NSE,CIPLA,raw_l2/trade_date=2026-07-17/exchange=NSE/symbol=CIPLA/part-093645_279721-047592.parquet,real_data_sample\l2_unseen_validation\trade_date=2026-07-17\exchange=NSE\symbol=CIPLA\part-093645_279721-047592.parquet,34542,downloaded,34542,
2026-07-17,NSE,CIPLA,raw_l2/trade_date=2026-07-17/exchange=NSE/symbol=CIPLA/part-093436_368392-047304.parquet,real_data_sample\l2_unseen_validation\trade_date=2026-07-17\exchange=NSE\symbol=CIPLA\part-093436_368392-047304.parquet,34396,downloaded,34396,
2026-07-17,NSE,CIPLA,raw_l2/trade_date=2026-07-17/exchange=NSE/symbol=CIPLA/part-093631_094411-047560.parquet,real_data_sample\l2_unseen_validation\trade_date=2026-07-17\exchange=NSE\symbol=CIPLA\part-093631_094411-047560.parquet,34564,downloaded,34564,
2026-07-17,NSE,CIPLA,raw_l2/trade_date=2026-07-17/exchange=NSE/symbol=CIPLA/part-093422_359474-047272.parquet,real_data_sample\l2_unseen_validation\trade_date=2026-07-17\exchange=NSE\symbol=CIPLA\part-093422_359474-047272.parquet,34757,downloaded,34757,
2026-07-17,NSE,CIPLA,raw_l2/trade_date=2026-07-17/exchange=NSE/symbol=CIPLA/part-093450_616808-047336.parquet,real_data_sample\l2_unseen_validation\trade_date=2026-07-17\exchange=NSE\symbol=CIPLA\part-093450_616808-047336.parquet,34789,downloaded,34789,
2026-07-17,NSE,CIPLA,raw_l2/trade_date=2026-07-17/exchange=NSE/symbol=CIPLA/part-093727_261748-047688.parquet,real_data_sample\l2_unseen_validation\trade_date=2026-07-17\exchange=NSE\symbol=CIPLA\part-093727_261748-047688.parquet,34661,downloaded,34661,
2026-07-17,NSE,CIPLA,raw_l2/trade_date=2026-07-17/exchange=NSE/symbol=CIPLA/part-093935_340258-047976.parquet,real_data_sample\l2_unseen_validation\trade_date=2026-07-17\exchange=NSE\symbol=CIPLA\part-093935_340258-047976.parquet,35850,downloaded,35850,
2026-07-17,NSE,CIPLA,raw_l2/trade_date=2026-07-17/exchange=NSE/symbol=CIPLA/part-093920_976000-047944.parquet,real_data_sample\l2_unseen_validation\trade_date=2026-07-17\exchange=NSE\symbol=CIPLA\part-093920_976000-047944.parquet,35469,downloaded,35469,
2026-07-17,NSE,CIPLA,raw_l2/trade_date=2026-07-17/exchange=NSE/symbol=CIPLA/part-094004_057695-048040.parquet,real_data_sample\l2_unseen_validation\trade_date=2026-07-17\exchange=NSE\symbol=CIPLA\part-094004_057695-048040.parquet,35760,downloaded,35760,
2026-07-17,NSE,CIPLA,raw_l2/trade_date=2026-07-17/exchange=NSE/symbol=CIPLA/part-093949_658997-048008.parquet,real_data_sample\l2_unseen_validation\trade_date=2026-07-17\exchange=NSE\symbol=CIPLA\part-093949_658997-048008.parquet,35753,downloaded,35753,
2026-07-17,NSE,CIPLA,raw_l2/trade_date=2026-07-17/exchange=NSE/symbol=CIPLA/part-094018_318547-048072.parquet,real_data_sample\l2_unseen_validation\trade_date=2026-07-17\exchange=NSE\symbol=CIPLA\part-094018_318547-048072.parquet,35013,downloaded,35013,
2026-07-17,NSE,CIPLA,raw_l2/trade_date=2026-07-17/exchange=NSE/symbol=CIPLA/part-094032_689921-048104.parquet,real_data_sample\l2_unseen_validation\trade_date=2026-07-17\exchange=NSE\symbol=CIPLA\part-094032_689921-048104.parquet,34514,downloaded,34514,
2026-07-17,NSE,CIPLA,raw_l2/trade_date=2026-07-17/exchange=NSE/symbol=CIPLA/part-094101_333691-048168.parquet,real_data_sample\l2_unseen_validation\trade_date=2026-07-17\exchange=NSE\symbol=CIPLA\part-094101_333691-048168.parquet,34410,downloaded,34410,
2026-07-17,NSE,CIPLA,raw_l2/trade_date=2026-07-17/exchange=NSE/symbol=CIPLA/part-094227_826609-048360.parquet,real_data_sample\l2_unseen_validation\trade_date=2026-07-17\exchange=NSE\symbol=CIPLA\part-094227_826609-048360.parquet,34625,downloaded,34625,
2026-07-17,NSE,CIPLA,raw_l2/trade_date=2026-07-17/exchange=NSE/symbol=CIPLA/part-094046_891227-048136.parquet,real_data_sample\l2_unseen_validation\trade_date=2026-07-17\exchange=NSE\symbol=CIPLA\part-094046_891227-048136.parquet,34477,downloaded,34477,
2026-07-17,NSE,CIPLA,raw_l2/trade_date=2026-07-17/exchange=NSE/symbol=CIPLA/part-094741_602399-049064.parquet,real_data_sample\l2_unseen_validation\trade_date=2026-07-17\exchange=NSE\symbol=CIPLA\part-094741_602399-049064.parquet,34404,downloaded,34404,
2026-07-17,NSE,CIPLA,raw_l2/trade_date=2026-07-17/exchange=NSE/symbol=CIPLA/part-094158_950295-048296.parquet,real_data_sample\l2_unseen_validation\trade_date=2026-07-17\exchange=NSE\symbol=CIPLA\part-094158_950295-048296.parquet,34351,downloaded,34351,
2026-07-17,NSE,CIPLA,raw_l2/trade_date=2026-07-17/exchange=NSE/symbol=CIPLA/part-094616_448637-048872.parquet,real_data_sample\l2_unseen_validation\trade_date=2026-07-17\exchange=NSE\symbol=CIPLA\part-094616_448637-048872.parquet,34468,downloaded,34468,
2026-07-17,NSE,CIPLA,raw_l2/trade_date=2026-07-17/exchange=NSE/symbol=CIPLA/part-094658_871010-048968.parquet,real_data_sample\l2_unseen_validation\trade_date=2026-07-17\exchange=NSE\symbol=CIPLA\part-094658_871010-048968.parquet,34402,downloaded,34402,
2026-07-17,NSE,CIPLA,raw_l2/trade_date=2026-07-17/exchange=NSE/symbol=CIPLA/part-094519_322627-048744.parquet,real_data_sample\l2_unseen_validation\trade_date=2026-07-17\exchange=NSE\symbol=CIPLA\part-094519_322627-048744.parquet,34391,downloaded,34391,
2026-07-17,NSE,CIPLA,raw_l2/trade_date=2026-07-17/exchange=NSE/symbol=CIPLA/part-094338_869183-048520.parquet,real_data_sample\l2_unseen_validation\trade_date=2026-07-17\exchange=NSE\symbol=CIPLA\part-094338_869183-048520.parquet,34431,downloaded,34431,
2026-07-17,NSE,CIPLA,raw_l2/trade_date=2026-07-17/exchange=NSE/symbol=CIPLA/part-094422_083767-048616.parquet,real_data_sample\l2_unseen_validation\trade_date=2026-07-17\exchange=NSE\symbol=CIPLA\part-094422_083767-048616.parquet,34578,downloaded,34578,
2026-07-17,NSE,CIPLA,raw_l2/trade_date=2026-07-17/exchange=NSE/symbol=CIPLA/part-094630_825172-048904.parquet,real_data_sample\l2_unseen_validation\trade_date=2026-07-17\exchange=NSE\symbol=CIPLA\part-094630_825172-048904.parquet,34413,downloaded,34413,
2026-07-17,NSE,CIPLA,raw_l2/trade_date=2026-07-17/exchange=NSE/symbol=CIPLA/part-094713_143512-049000.parquet,real_data_sample\l2_unseen_validation\trade_date=2026-07-17\exchange=NSE\symbol=CIPLA\part-094713_143512-049000.parquet,34405,downloaded,34405,
2026-07-17,NSE,CIPLA,raw_l2/trade_date=2026-07-17/exchange=NSE/symbol=CIPLA/part-094213_368413-048328.parquet,real_data_sample\l2_unseen_validation\trade_date=2026-07-17\exchange=NSE\symbol=CIPLA\part-094213_368413-048328.parquet,34536,downloaded,34536,
2026-07-17,NSE,CIPLA,raw_l2/trade_date=2026-07-17/exchange=NSE/symbol=CIPLA/part-094310_359534-048456.parquet,real_data_sample\l2_unseen_validation\trade_date=2026-07-17\exchange=NSE\symbol=CIPLA\part-094310_359534-048456.parquet,34464,downloaded,34464,
2026-07-17,NSE,CIPLA,raw_l2/trade_date=2026-07-17/exchange=NSE/symbol=CIPLA/part-094505_098336-048712.parquet,real_data_sample\l2_unseen_validation\trade_date=2026-07-17\exchange=NSE\symbol=CIPLA\part-094505_098336-048712.parquet,34415,downloaded,34415,
2026-07-17,NSE,CIPLA,raw_l2/trade_date=2026-07-17/exchange=NSE/symbol=CIPLA/part-094115_666280-048200.parquet,real_data_sample\l2_unseen_validation\trade_date=2026-07-17\exchange=NSE\symbol=CIPLA\part-094115_666280-048200.parquet,34500,downloaded,34500,
2026-07-17,NSE,CIPLA,raw_l2/trade_date=2026-07-17/exchange=NSE/symbol=CIPLA/part-094144_579209-048264.parquet,real_data_sample\l2_unseen_validation\trade_date=2026-07-17\exchange=NSE\symbol=CIPLA\part-094144_579209-048264.parquet,34610,downloaded,34610,
2026-07-17,NSE,CIPLA,raw_l2/trade_date=2026-07-17/exchange=NSE/symbol=CIPLA/part-094547_627052-048808.parquet,real_data_sample\l2_unseen_validation\trade_date=2026-07-17\exchange=NSE\symbol=CIPLA\part-094547_627052-048808.parquet,34324,downloaded,34324,
2026-07-17,NSE,CIPLA,raw_l2/trade_date=2026-07-17/exchange=NSE/symbol=CIPLA/part-094130_077814-048232.parquet,real_data_sample\l2_unseen_validation\trade_date=2026-07-17\exchange=NSE\symbol=CIPLA\part-094130_077814-048232.parquet,34641,downloaded,34641,
2026-07-17,NSE,CIPLA,raw_l2/trade_date=2026-07-17/exchange=NSE/symbol=CIPLA/part-094436_400440-048648.parquet,real_data_sample\l2_unseen_validation\trade_date=2026-07-17\exchange=NSE\symbol=CIPLA\part-094436_400440-048648.parquet,34502,downloaded,34502,
2026-07-17,NSE,CIPLA,raw_l2/trade_date=2026-07-17/exchange=NSE/symbol=CIPLA/part-094602_159000-048840.parquet,real_data_sample\l2_unseen_validation\trade_date=2026-07-17\exchange=NSE\symbol=CIPLA\part-094602_159000-048840.parquet,34308,downloaded,34308,
2026-07-17,NSE,CIPLA,raw_l2/trade_date=2026-07-17/exchange=NSE/symbol=CIPLA/part-094353_442122-048552.parquet,real_data_sample\l2_unseen_validation\trade_date=2026-07-17\exchange=NSE\symbol=CIPLA\part-094353_442122-048552.parquet,34386,downloaded,34386,
2026-07-17,NSE,CIPLA,raw_l2/trade_date=2026-07-17/exchange=NSE/symbol=CIPLA/part-094324_652022-048488.parquet,real_data_sample\l2_unseen_validation\trade_date=2026-07-17\exchange=NSE\symbol=CIPLA\part-094324_652022-048488.parquet,34350,downloaded,34350,
2026-07-17,NSE,CIPLA,raw_l2/trade_date=2026-07-17/exchange=NSE/symbol=CIPLA/part-094256_350383-048424.parquet,real_data_sample\l2_unseen_validation\trade_date=2026-07-17\exchange=NSE\symbol=CIPLA\part-094256_350383-048424.parquet,34638,downloaded,34638,
2026-07-17,NSE,CIPLA,raw_l2/trade_date=2026-07-17/exchange=NSE/symbol=CIPLA/part-094450_897673-048680.parquet,real_data_sample\l2_unseen_validation\trade_date=2026-07-17\exchange=NSE\symbol=CIPLA\part-094450_897673-048680.parquet,34509,downloaded,34509,
2026-07-17,NSE,CIPLA,raw_l2/trade_date=2026-07-17/exchange=NSE/symbol=CIPLA/part-094533_342962-048776.parquet,real_data_sample\l2_unseen_validation\trade_date=2026-07-17\exchange=NSE\symbol=CIPLA\part-094533_342962-048776.parquet,34340,downloaded,34340,
2026-07-17,NSE,CIPLA,raw_l2/trade_date=2026-07-17/exchange=NSE/symbol=CIPLA/part-094756_106831-049096.parquet,real_data_sample\l2_unseen_validation\trade_date=2026-07-17\exchange=NSE\symbol=CIPLA\part-094756_106831-049096.parquet,34431,downloaded,34431,
2026-07-17,NSE,CIPLA,raw_l2/trade_date=2026-07-17/exchange=NSE/symbol=CIPLA/part-094727_352749-049032.parquet,real_data_sample\l2_unseen_validation\trade_date=2026-07-17\exchange=NSE\symbol=CIPLA\part-094727_352749-049032.parquet,34471,downloaded,34471,
2026-07-17,NSE,CIPLA,raw_l2/trade_date=2026-07-17/exchange=NSE/symbol=CIPLA/part-094407_886098-048584.parquet,real_data_sample\l2_unseen_validation\trade_date=2026-07-17\exchange=NSE\symbol=CIPLA\part-094407_886098-048584.parquet,34625,downloaded,34625,
2026-07-17,NSE,CIPLA,raw_l2/trade_date=2026-07-17/exchange=NSE/symbol=CIPLA/part-094644_826712-048936.parquet,real_data_sample\l2_unseen_validation\trade_date=2026-07-17\exchange=NSE\symbol=CIPLA\part-094644_826712-048936.parquet,34427,downloaded,34427,
2026-07-17,NSE,CIPLA,raw_l2/trade_date=2026-07-17/exchange=NSE/symbol=CIPLA/part-094824_337221-049160.parquet,real_data_sample\l2_unseen_validation\trade_date=2026-07-17\exchange=NSE\symbol=CIPLA\part-094824_337221-049160.parquet,34383,downloaded,34383,
2026-07-17,NSE,CIPLA,raw_l2/trade_date=2026-07-17/exchange=NSE/symbol=CIPLA/part-094838_812284-049192.parquet,real_data_sample\l2_unseen_validation\trade_date=2026-07-17\exchange=NSE\symbol=CIPLA\part-094838_812284-049192.parquet,34355,downloaded,34355,
2026-07-17,NSE,CIPLA,raw_l2/trade_date=2026-07-17/exchange=NSE/symbol=CIPLA/part-094810_357437-049128.parquet,real_data_sample\l2_unseen_validation\trade_date=2026-07-17\exchange=NSE\symbol=CIPLA\part-094810_357437-049128.parquet,34556,downloaded,34556,
2026-07-17,NSE,CIPLA,raw_l2/trade_date=2026-07-17/exchange=NSE/symbol=CIPLA/part-095101_113158-049512.parquet,real_data_sample\l2_unseen_validation\trade_date=2026-07-17\exchange=NSE\symbol=CIPLA\part-095101_113158-049512.parquet,34356,downloaded,34356,
2026-07-17,NSE,CIPLA,raw_l2/trade_date=2026-07-17/exchange=NSE/symbol=CIPLA/part-095336_609435-049864.parquet,real_data_sample\l2_unseen_validation\trade_date=2026-07-17\exchange=NSE\symbol=CIPLA\part-095336_609435-049864.parquet,34388,downloaded,34388,
2026-07-17,NSE,CIPLA,raw_l2/trade_date=2026-07-17/exchange=NSE/symbol=CIPLA/part-095322_130615-049832.parquet,real_data_sample\l2_unseen_validation\trade_date=2026-07-17\exchange=NSE\symbol=CIPLA\part-095322_130615-049832.parquet,34289,downloaded,34289,
2026-07-17,NSE,CIPLA,raw_l2/trade_date=2026-07-17/exchange=NSE/symbol=CIPLA/part-095115_054608-049544.parquet,real_data_sample\l2_unseen_validation\trade_date=2026-07-17\exchange=NSE\symbol=CIPLA\part-095115_054608-049544.parquet,34115,downloaded,34115,
2026-07-17,NSE,CIPLA,raw_l2/trade_date=2026-07-17/exchange=NSE/symbol=CIPLA/part-095253_793988-049768.parquet,real_data_sample\l2_unseen_validation\trade_date=2026-07-17\exchange=NSE\symbol=CIPLA\part-095253_793988-049768.parquet,34115,downloaded,34115,
2026-07-17,NSE,CIPLA,raw_l2/trade_date=2026-07-17/exchange=NSE/symbol=CIPLA/part-095433_840484-049992.parquet,real_data_sample\l2_unseen_validation\trade_date=2026-07-17\exchange=NSE\symbol=CIPLA\part-095433_840484-049992.parquet,34386,downloaded,34386,
2026-07-17,NSE,CIPLA,raw_l2/trade_date=2026-07-17/exchange=NSE/symbol=CIPLA/part-095047_093504-049480.parquet,real_data_sample\l2_unseen_validation\trade_date=2026-07-17\exchange=NSE\symbol=CIPLA\part-095047_093504-049480.parquet,34383,downloaded,34383,
2026-07-17,NSE,CIPLA,raw_l2/trade_date=2026-07-17/exchange=NSE/symbol=CIPLA/part-095143_343988-049608.parquet,real_data_sample\l2_unseen_validation\trade_date=2026-07-17\exchange=NSE\symbol=CIPLA\part-095143_343988-049608.parquet,34333,downloaded,34333,
2026-07-17,NSE,CIPLA,raw_l2/trade_date=2026-07-17/exchange=NSE/symbol=CIPLA/part-095350_922846-049896.parquet,real_data_sample\l2_unseen_validation\trade_date=2026-07-17\exchange=NSE\symbol=CIPLA\part-095350_922846-049896.parquet,34694,downloaded,34694,
2026-07-17,NSE,CIPLA,raw_l2/trade_date=2026-07-17/exchange=NSE/symbol=CIPLA/part-095405_366310-049928.parquet,real_data_sample\l2_unseen_validation\trade_date=2026-07-17\exchange=NSE\symbol=CIPLA\part-095405_366310-049928.parquet,34459,downloaded,34459,
2026-07-17,NSE,CIPLA,raw_l2/trade_date=2026-07-17/exchange=NSE/symbol=CIPLA/part-095211_711052-049672.parquet,real_data_sample\l2_unseen_validation\trade_date=2026-07-17\exchange=NSE\symbol=CIPLA\part-095211_711052-049672.parquet,34408,downloaded,34408,
2026-07-17,NSE,CIPLA,raw_l2/trade_date=2026-07-17/exchange=NSE/symbol=CIPLA/part-095225_851390-049704.parquet,real_data_sample\l2_unseen_validation\trade_date=2026-07-17\exchange=NSE\symbol=CIPLA\part-095225_851390-049704.parquet,34491,downloaded,34491,
2026-07-17,NSE,CIPLA,raw_l2/trade_date=2026-07-17/exchange=NSE/symbol=CIPLA/part-095448_131202-050024.parquet,real_data_sample\l2_unseen_validation\trade_date=2026-07-17\exchange=NSE\symbol=CIPLA\part-095448_131202-050024.parquet,34564,downloaded,34564,
2026-07-17,NSE,CIPLA,raw_l2/trade_date=2026-07-17/exchange=NSE/symbol=CIPLA/part-094935_913094-049320.parquet,real_data_sample\l2_unseen_validation\trade_date=2026-07-17\exchange=NSE\symbol=CIPLA\part-094935_913094-049320.parquet,34697,downloaded,34697,
2026-07-17,NSE,CIPLA,raw_l2/trade_date=2026-07-17/exchange=NSE/symbol=CIPLA/part-095307_898958-049800.parquet,real_data_sample\l2_unseen_validation\trade_date=2026-07-17\exchange=NSE\symbol=CIPLA\part-095307_898958-049800.parquet,34452,downloaded,34452,
2026-07-17,NSE,CIPLA,raw_l2/trade_date=2026-07-17/exchange=NSE/symbol=CIPLA/part-095516_367644-050088.parquet,real_data_sample\l2_unseen_validation\trade_date=2026-07-17\exchange=NSE\symbol=CIPLA\part-095516_367644-050088.parquet,34354,downloaded,34354,
2026-07-17,NSE,CIPLA,raw_l2/trade_date=2026-07-17/exchange=NSE/symbol=CIPLA/part-095502_365897-050056.parquet,real_data_sample\l2_unseen_validation\trade_date=2026-07-17\exchange=NSE\symbol=CIPLA\part-095502_365897-050056.parquet,34461,downloaded,34461,
2026-07-17,NSE,CIPLA,raw_l2/trade_date=2026-07-17/exchange=NSE/symbol=CIPLA/part-095419_902121-049960.parquet,real_data_sample\l2_unseen_validation\trade_date=2026-07-17\exchange=NSE\symbol=CIPLA\part-095419_902121-049960.parquet,34407,downloaded,34407,
2026-07-17,NSE,CIPLA,raw_l2/trade_date=2026-07-17/exchange=NSE/symbol=CIPLA/part-095530_640374-050120.parquet,real_data_sample\l2_unseen_validation\trade_date=2026-07-17\exchange=NSE\symbol=CIPLA\part-095530_640374-050120.parquet,34448,downloaded,34448,
2026-07-17,NSE,CIPLA,raw_l2/trade_date=2026-07-17/exchange=NSE/symbol=CIPLA/part-095559_890989-050184.parquet,real_data_sample\l2_unseen_validation\trade_date=2026-07-17\exchange=NSE\symbol=CIPLA\part-095559_890989-050184.parquet,34395,downloaded,34395,
2026-07-17,NSE,CIPLA,raw_l2/trade_date=2026-07-17/exchange=NSE/symbol=CIPLA/part-095545_278711-050152.parquet,real_data_sample\l2_unseen_validation\trade_date=2026-07-17\exchange=NSE\symbol=CIPLA\part-095545_278711-050152.parquet,34665,downloaded,34665,
2026-07-17,NSE,CIPLA,raw_l2/trade_date=2026-07-17/exchange=NSE/symbol=CIPLA/part-095614_433249-050216.parquet,real_data_sample\l2_unseen_validation\trade_date=2026-07-17\exchange=NSE\symbol=CIPLA\part-095614_433249-050216.parquet,34628,downloaded,34628,
2026-07-17,NSE,CIPLA,raw_l2/trade_date=2026-07-17/exchange=NSE/symbol=CIPLA/part-095727_152706-050376.parquet,real_data_sample\l2_unseen_validation\trade_date=2026-07-17\exchange=NSE\symbol=CIPLA\part-095727_152706-050376.parquet,34677,downloaded,34677,
2026-07-17,NSE,CIPLA,raw_l2/trade_date=2026-07-17/exchange=NSE/symbol=CIPLA/part-100127_694454-050771.parquet,real_data_sample\l2_unseen_validation\trade_date=2026-07-17\exchange=NSE\symbol=CIPLA\part-100127_694454-050771.parquet,34058,downloaded,34058,
2026-07-17,NSE,CIPLA,raw_l2/trade_date=2026-07-17/exchange=NSE/symbol=CIPLA/part-095643_129067-050280.parquet,real_data_sample\l2_unseen_validation\trade_date=2026-07-17\exchange=NSE\symbol=CIPLA\part-095643_129067-050280.parquet,34416,downloaded,34416,
2026-07-17,NSE,DRREDDY,raw_l2/trade_date=2026-07-17/exchange=NSE/symbol=DRREDDY/part-034516_139026-000041.parquet,real_data_sample\l2_unseen_validation\trade_date=2026-07-17\exchange=NSE\symbol=DRREDDY\part-034516_139026-000041.parquet,34187,downloaded,34187,
2026-07-17,NSE,CIPLA,raw_l2/trade_date=2026-07-17/exchange=NSE/symbol=CIPLA/part-095741_667512-050408.parquet,real_data_sample\l2_unseen_validation\trade_date=2026-07-17\exchange=NSE\symbol=CIPLA\part-095741_667512-050408.parquet,34330,downloaded,34330,
2026-07-17,NSE,CIPLA,raw_l2/trade_date=2026-07-17/exchange=NSE/symbol=CIPLA/part-095657_781587-050312.parquet,real_data_sample\l2_unseen_validation\trade_date=2026-07-17\exchange=NSE\symbol=CIPLA\part-095657_781587-050312.parquet,34632,downloaded,34632,
2026-07-17,NSE,DRREDDY,raw_l2/trade_date=2026-07-17/exchange=NSE/symbol=DRREDDY/part-034501_846270-000009.parquet,real_data_sample\l2_unseen_validation\trade_date=2026-07-17\exchange=NSE\symbol=DRREDDY\part-034501_846270-000009.parquet,34082,downloaded,34082,
2026-07-17,NSE,CIPLA,raw_l2/trade_date=2026-07-17/exchange=NSE/symbol=CIPLA/part-095810_115068-050472.parquet,real_data_sample\l2_unseen_validation\trade_date=2026-07-17\exchange=NSE\symbol=CIPLA\part-095810_115068-050472.parquet,34273,downloaded,34273,
2026-07-17,NSE,CIPLA,raw_l2/trade_date=2026-07-17/exchange=NSE/symbol=CIPLA/part-095712_713814-050344.parquet,real_data_sample\l2_unseen_validation\trade_date=2026-07-17\exchange=NSE\symbol=CIPLA\part-095712_713814-050344.parquet,34386,downloaded,34386,
2026-07-17,NSE,CIPLA,raw_l2/trade_date=2026-07-17/exchange=NSE/symbol=CIPLA/part-095838_954678-050536.parquet,real_data_sample\l2_unseen_validation\trade_date=2026-07-17\exchange=NSE\symbol=CIPLA\part-095838_954678-050536.parquet,34377,downloaded,34377,
2026-07-17,NSE,CIPLA,raw_l2/trade_date=2026-07-17/exchange=NSE/symbol=CIPLA/part-095853_688361-050568.parquet,real_data_sample\l2_unseen_validation\trade_date=2026-07-17\exchange=NSE\symbol=CIPLA\part-095853_688361-050568.parquet,34267,downloaded,34267,
2026-07-17,NSE,CIPLA,raw_l2/trade_date=2026-07-17/exchange=NSE/symbol=CIPLA/part-095937_200093-050664.parquet,real_data_sample\l2_unseen_validation\trade_date=2026-07-17\exchange=NSE\symbol=CIPLA\part-095937_200093-050664.parquet,34341,downloaded,34341,
2026-07-17,NSE,CIPLA,raw_l2/trade_date=2026-07-17/exchange=NSE/symbol=CIPLA/part-100005_889021-050728.parquet,real_data_sample\l2_unseen_validation\trade_date=2026-07-17\exchange=NSE\symbol=CIPLA\part-100005_889021-050728.parquet,34333,downloaded,34333,
2026-07-17,NSE,CIPLA,raw_l2/trade_date=2026-07-17/exchange=NSE/symbol=CIPLA/part-095755_856917-050440.parquet,real_data_sample\l2_unseen_validation\trade_date=2026-07-17\exchange=NSE\symbol=CIPLA\part-095755_856917-050440.parquet,34129,downloaded,34129,
2026-07-17,NSE,CIPLA,raw_l2/trade_date=2026-07-17/exchange=NSE/symbol=CIPLA/part-095922_692543-050632.parquet,real_data_sample\l2_unseen_validation\trade_date=2026-07-17\exchange=NSE\symbol=CIPLA\part-095922_692543-050632.parquet,34348,downloaded,34348,
2026-07-17,NSE,CIPLA,raw_l2/trade_date=2026-07-17/exchange=NSE/symbol=CIPLA/part-095908_189514-050600.parquet,real_data_sample\l2_unseen_validation\trade_date=2026-07-17\exchange=NSE\symbol=CIPLA\part-095908_189514-050600.parquet,34388,downloaded,34388,
2026-07-17,NSE,CIPLA,raw_l2/trade_date=2026-07-17/exchange=NSE/symbol=CIPLA/part-095951_615854-050696.parquet,real_data_sample\l2_unseen_validation\trade_date=2026-07-17\exchange=NSE\symbol=CIPLA\part-095951_615854-050696.parquet,34293,downloaded,34293,
2026-07-17,NSE,CIPLA,raw_l2/trade_date=2026-07-17/exchange=NSE/symbol=CIPLA/part-095628_687960-050248.parquet,real_data_sample\l2_unseen_validation\trade_date=2026-07-17\exchange=NSE\symbol=CIPLA\part-095628_687960-050248.parquet,34462,downloaded,34462,
2026-07-17,NSE,CIPLA,raw_l2/trade_date=2026-07-17/exchange=NSE/symbol=CIPLA/part-100113_368596-050754.parquet,real_data_sample\l2_unseen_validation\trade_date=2026-07-17\exchange=NSE\symbol=CIPLA\part-100113_368596-050754.parquet,34058,downloaded,34058,
2026-07-17,NSE,CIPLA,raw_l2/trade_date=2026-07-17/exchange=NSE/symbol=CIPLA/part-095824_202635-050504.parquet,real_data_sample\l2_unseen_validation\trade_date=2026-07-17\exchange=NSE\symbol=CIPLA\part-095824_202635-050504.parquet,34377,downloaded,34377,
2026-07-17,NSE,DRREDDY,raw_l2/trade_date=2026-07-17/exchange=NSE/symbol=DRREDDY/part-034543_744377-000105.parquet,real_data_sample\l2_unseen_validation\trade_date=2026-07-17\exchange=NSE\symbol=DRREDDY\part-034543_744377-000105.parquet,34402,downloaded,34402,
2026-07-17,NSE,DRREDDY,raw_l2/trade_date=2026-07-17/exchange=NSE/symbol=DRREDDY/part-034529_903391-000073.parquet,real_data_sample\l2_unseen_validation\trade_date=2026-07-17\exchange=NSE\symbol=DRREDDY\part-034529_903391-000073.parquet,34465,downloaded,34465,
2026-07-17,NSE,DRREDDY,raw_l2/trade_date=2026-07-17/exchange=NSE/symbol=DRREDDY/part-034654_401858-000265.parquet,real_data_sample\l2_unseen_validation\trade_date=2026-07-17\exchange=NSE\symbol=DRREDDY\part-034654_401858-000265.parquet,34480,downloaded,34480,
2026-07-17,NSE,DRREDDY,raw_l2/trade_date=2026-07-17/exchange=NSE/symbol=DRREDDY/part-034708_125601-000297.parquet,real_data_sample\l2_unseen_validation\trade_date=2026-07-17\exchange=NSE\symbol=DRREDDY\part-034708_125601-000297.parquet,34695,downloaded,34695,
2026-07-17,NSE,DRREDDY,raw_l2/trade_date=2026-07-17/exchange=NSE/symbol=DRREDDY/part-034913_962397-000585.parquet,real_data_sample\l2_unseen_validation\trade_date=2026-07-17\exchange=NSE\symbol=DRREDDY\part-034913_962397-000585.parquet,35275,downloaded,35275,
2026-07-17,NSE,DRREDDY,raw_l2/trade_date=2026-07-17/exchange=NSE/symbol=DRREDDY/part-034941_923411-000649.parquet,real_data_sample\l2_unseen_validation\trade_date=2026-07-17\exchange=NSE\symbol=DRREDDY\part-034941_923411-000649.parquet,35805,downloaded,35805,
2026-07-17,NSE,DRREDDY,raw_l2/trade_date=2026-07-17/exchange=NSE/symbol=DRREDDY/part-034832_418826-000489.parquet,real_data_sample\l2_unseen_validation\trade_date=2026-07-17\exchange=NSE\symbol=DRREDDY\part-034832_418826-000489.parquet,34730,downloaded,34730,
2026-07-17,NSE,DRREDDY,raw_l2/trade_date=2026-07-17/exchange=NSE/symbol=DRREDDY/part-034750_401769-000393.parquet,real_data_sample\l2_unseen_validation\trade_date=2026-07-17\exchange=NSE\symbol=DRREDDY\part-034750_401769-000393.parquet,35995,downloaded,35995,
2026-07-17,NSE,DRREDDY,raw_l2/trade_date=2026-07-17/exchange=NSE/symbol=DRREDDY/part-034804_493510-000425.parquet,real_data_sample\l2_unseen_validation\trade_date=2026-07-17\exchange=NSE\symbol=DRREDDY\part-034804_493510-000425.parquet,36080,downloaded,36080,
2026-07-17,NSE,DRREDDY,raw_l2/trade_date=2026-07-17/exchange=NSE/symbol=DRREDDY/part-034722_175984-000329.parquet,real_data_sample\l2_unseen_validation\trade_date=2026-07-17\exchange=NSE\symbol=DRREDDY\part-034722_175984-000329.parquet,35774,downloaded,35774,
2026-07-17,NSE,DRREDDY,raw_l2/trade_date=2026-07-17/exchange=NSE/symbol=DRREDDY/part-034736_230073-000361.parquet,real_data_sample\l2_unseen_validation\trade_date=2026-07-17\exchange=NSE\symbol=DRREDDY\part-034736_230073-000361.parquet,35817,downloaded,35817,
2026-07-17,NSE,DRREDDY,raw_l2/trade_date=2026-07-17/exchange=NSE/symbol=DRREDDY/part-034558_104320-000137.parquet,real_data_sample\l2_unseen_validation\trade_date=2026-07-17\exchange=NSE\symbol=DRREDDY\part-034558_104320-000137.parquet,34670,downloaded,34670,
2026-07-17,NSE,DRREDDY,raw_l2/trade_date=2026-07-17/exchange=NSE/symbol=DRREDDY/part-034818_607873-000457.parquet,real_data_sample\l2_unseen_validation\trade_date=2026-07-17\exchange=NSE\symbol=DRREDDY\part-034818_607873-000457.parquet,35350,downloaded,35350,
2026-07-17,NSE,DRREDDY,raw_l2/trade_date=2026-07-17/exchange=NSE/symbol=DRREDDY/part-034927_907009-000617.parquet,real_data_sample\l2_unseen_validation\trade_date=2026-07-17\exchange=NSE\symbol=DRREDDY\part-034927_907009-000617.parquet,36179,downloaded,36179,
2026-07-17,NSE,DRREDDY,raw_l2/trade_date=2026-07-17/exchange=NSE/symbol=DRREDDY/part-034626_171752-000201.parquet,real_data_sample\l2_unseen_validation\trade_date=2026-07-17\exchange=NSE\symbol=DRREDDY\part-034626_171752-000201.parquet,34506,downloaded,34506,
2026-07-17,NSE,DRREDDY,raw_l2/trade_date=2026-07-17/exchange=NSE/symbol=DRREDDY/part-034612_252824-000169.parquet,real_data_sample\l2_unseen_validation\trade_date=2026-07-17\exchange=NSE\symbol=DRREDDY\part-034612_252824-000169.parquet,34078,downloaded,34078,
2026-07-17,NSE,DRREDDY,raw_l2/trade_date=2026-07-17/exchange=NSE/symbol=DRREDDY/part-034640_513287-000233.parquet,real_data_sample\l2_unseen_validation\trade_date=2026-07-17\exchange=NSE\symbol=DRREDDY\part-034640_513287-000233.parquet,34151,downloaded,34151,
2026-07-17,NSE,DRREDDY,raw_l2/trade_date=2026-07-17/exchange=NSE/symbol=DRREDDY/part-034955_924850-000681.parquet,real_data_sample\l2_unseen_validation\trade_date=2026-07-17\exchange=NSE\symbol=DRREDDY\part-034955_924850-000681.parquet,35791,downloaded,35791,
2026-07-17,NSE,DRREDDY,raw_l2/trade_date=2026-07-17/exchange=NSE/symbol=DRREDDY/part-034859_883336-000553.parquet,real_data_sample\l2_unseen_validation\trade_date=2026-07-17\exchange=NSE\symbol=DRREDDY\part-034859_883336-000553.parquet,34461,downloaded,34461,
2026-07-17,NSE,DRREDDY,raw_l2/trade_date=2026-07-17/exchange=NSE/symbol=DRREDDY/part-034846_117853-000521.parquet,real_data_sample\l2_unseen_validation\trade_date=2026-07-17\exchange=NSE\symbol=DRREDDY\part-034846_117853-000521.parquet,34144,downloaded,34144,
2026-07-17,NSE,DRREDDY,raw_l2/trade_date=2026-07-17/exchange=NSE/symbol=DRREDDY/part-035009_883605-000713.parquet,real_data_sample\l2_unseen_validation\trade_date=2026-07-17\exchange=NSE\symbol=DRREDDY\part-035009_883605-000713.parquet,36376,downloaded,36376,
2026-07-17,NSE,DRREDDY,raw_l2/trade_date=2026-07-17/exchange=NSE/symbol=DRREDDY/part-035023_915118-000745.parquet,real_data_sample\l2_unseen_validation\trade_date=2026-07-17\exchange=NSE\symbol=DRREDDY\part-035023_915118-000745.parquet,34471,downloaded,34471,
2026-07-17,NSE,DRREDDY,raw_l2/trade_date=2026-07-17/exchange=NSE/symbol=DRREDDY/part-035037_702751-000777.parquet,real_data_sample\l2_unseen_validation\trade_date=2026-07-17\exchange=NSE\symbol=DRREDDY\part-035037_702751-000777.parquet,34528,downloaded,34528,
2026-07-17,NSE,DRREDDY,raw_l2/trade_date=2026-07-17/exchange=NSE/symbol=DRREDDY/part-035105_128823-000841.parquet,real_data_sample\l2_unseen_validation\trade_date=2026-07-17\exchange=NSE\symbol=DRREDDY\part-035105_128823-000841.parquet,34702,downloaded,34702,
2026-07-17,NSE,DRREDDY,raw_l2/trade_date=2026-07-17/exchange=NSE/symbol=DRREDDY/part-035051_355843-000809.parquet,real_data_sample\l2_unseen_validation\trade_date=2026-07-17\exchange=NSE\symbol=DRREDDY\part-035051_355843-000809.parquet,34490,downloaded,34490,
2026-07-17,NSE,CIPLA,raw_l2/trade_date=2026-07-17/exchange=NSE/symbol=CIPLA/part-094242_090182-048392.parquet,real_data_sample\l2_unseen_validation\trade_date=2026-07-17\exchange=NSE\symbol=CIPLA\part-094242_090182-048392.parquet,34624,downloaded,34624,
2026-07-17,NSE,DRREDDY,raw_l2/trade_date=2026-07-17/exchange=NSE/symbol=DRREDDY/part-035515_258207-001417.parquet,real_data_sample\l2_unseen_validation\trade_date=2026-07-17\exchange=NSE\symbol=DRREDDY\part-035515_258207-001417.parquet,34470,downloaded,34470,
2026-07-17,NSE,DRREDDY,raw_l2/trade_date=2026-07-17/exchange=NSE/symbol=DRREDDY/part-035256_238135-001097.parquet,real_data_sample\l2_unseen_validation\trade_date=2026-07-17\exchange=NSE\symbol=DRREDDY\part-035256_238135-001097.parquet,34361,downloaded,34361,
2026-07-17,NSE,DRREDDY,raw_l2/trade_date=2026-07-17/exchange=NSE/symbol=DRREDDY/part-035214_363358-001001.parquet,real_data_sample\l2_unseen_validation\trade_date=2026-07-17\exchange=NSE\symbol=DRREDDY\part-035214_363358-001001.parquet,34625,downloaded,34625,
2026-07-17,NSE,DRREDDY,raw_l2/trade_date=2026-07-17/exchange=NSE/symbol=DRREDDY/part-035433_127677-001321.parquet,real_data_sample\l2_unseen_validation\trade_date=2026-07-17\exchange=NSE\symbol=DRREDDY\part-035433_127677-001321.parquet,34468,downloaded,34468,
2026-07-17,NSE,DRREDDY,raw_l2/trade_date=2026-07-17/exchange=NSE/symbol=DRREDDY/part-035337_880860-001193.parquet,real_data_sample\l2_unseen_validation\trade_date=2026-07-17\exchange=NSE\symbol=DRREDDY\part-035337_880860-001193.parquet,34477,downloaded,34477,
2026-07-17,NSE,DRREDDY,raw_l2/trade_date=2026-07-17/exchange=NSE/symbol=DRREDDY/part-035351_675380-001225.parquet,real_data_sample\l2_unseen_validation\trade_date=2026-07-17\exchange=NSE\symbol=DRREDDY\part-035351_675380-001225.parquet,34465,downloaded,34465,
2026-07-17,NSE,DRREDDY,raw_l2/trade_date=2026-07-17/exchange=NSE/symbol=DRREDDY/part-035228_103080-001033.parquet,real_data_sample\l2_unseen_validation\trade_date=2026-07-17\exchange=NSE\symbol=DRREDDY\part-035228_103080-001033.parquet,34358,downloaded,34358,
2026-07-17,NSE,DRREDDY,raw_l2/trade_date=2026-07-17/exchange=NSE/symbol=DRREDDY/part-035447_127302-001353.parquet,real_data_sample\l2_unseen_validation\trade_date=2026-07-17\exchange=NSE\symbol=DRREDDY\part-035447_127302-001353.parquet,34374,downloaded,34374,
2026-07-17,NSE,DRREDDY,raw_l2/trade_date=2026-07-17/exchange=NSE/symbol=DRREDDY/part-035405_614367-001257.parquet,real_data_sample\l2_unseen_validation\trade_date=2026-07-17\exchange=NSE\symbol=DRREDDY\part-035405_614367-001257.parquet,34683,downloaded,34683,
2026-07-17,NSE,DRREDDY,raw_l2/trade_date=2026-07-17/exchange=NSE/symbol=DRREDDY/part-035242_195327-001065.parquet,real_data_sample\l2_unseen_validation\trade_date=2026-07-17\exchange=NSE\symbol=DRREDDY\part-035242_195327-001065.parquet,34668,downloaded,34668,
2026-07-17,NSE,DRREDDY,raw_l2/trade_date=2026-07-17/exchange=NSE/symbol=DRREDDY/part-035501_201397-001385.parquet,real_data_sample\l2_unseen_validation\trade_date=2026-07-17\exchange=NSE\symbol=DRREDDY\part-035501_201397-001385.parquet,34554,downloaded,34554,
2026-07-17,NSE,DRREDDY,raw_l2/trade_date=2026-07-17/exchange=NSE/symbol=DRREDDY/part-035419_338279-001289.parquet,real_data_sample\l2_unseen_validation\trade_date=2026-07-17\exchange=NSE\symbol=DRREDDY\part-035419_338279-001289.parquet,34664,downloaded,34664,
2026-07-17,NSE,DRREDDY,raw_l2/trade_date=2026-07-17/exchange=NSE/symbol=DRREDDY/part-035310_133722-001129.parquet,real_data_sample\l2_unseen_validation\trade_date=2026-07-17\exchange=NSE\symbol=DRREDDY\part-035310_133722-001129.parquet,34477,downloaded,34477,
2026-07-17,NSE,DRREDDY,raw_l2/trade_date=2026-07-17/exchange=NSE/symbol=DRREDDY/part-035323_914777-001161.parquet,real_data_sample\l2_unseen_validation\trade_date=2026-07-17\exchange=NSE\symbol=DRREDDY\part-035323_914777-001161.parquet,34153,downloaded,34153,
2026-07-17,NSE,DRREDDY,raw_l2/trade_date=2026-07-17/exchange=NSE/symbol=DRREDDY/part-035200_426999-000969.parquet,real_data_sample\l2_unseen_validation\trade_date=2026-07-17\exchange=NSE\symbol=DRREDDY\part-035200_426999-000969.parquet,34661,downloaded,34661,
2026-07-17,NSE,DRREDDY,raw_l2/trade_date=2026-07-17/exchange=NSE/symbol=DRREDDY/part-035146_460191-000937.parquet,real_data_sample\l2_unseen_validation\trade_date=2026-07-17\exchange=NSE\symbol=DRREDDY\part-035146_460191-000937.parquet,34694,downloaded,34694,
2026-07-17,NSE,DRREDDY,raw_l2/trade_date=2026-07-17/exchange=NSE/symbol=DRREDDY/part-035132_660730-000905.parquet,real_data_sample\l2_unseen_validation\trade_date=2026-07-17\exchange=NSE\symbol=DRREDDY\part-035132_660730-000905.parquet,34451,downloaded,34451,
2026-07-17,NSE,DRREDDY,raw_l2/trade_date=2026-07-17/exchange=NSE/symbol=DRREDDY/part-035118_888908-000873.parquet,real_data_sample\l2_unseen_validation\trade_date=2026-07-17\exchange=NSE\symbol=DRREDDY\part-035118_888908-000873.parquet,34482,downloaded,34482,
2026-07-17,NSE,DRREDDY,raw_l2/trade_date=2026-07-17/exchange=NSE/symbol=DRREDDY/part-035529_168420-001449.parquet,real_data_sample\l2_unseen_validation\trade_date=2026-07-17\exchange=NSE\symbol=DRREDDY\part-035529_168420-001449.parquet,34439,downloaded,34439,
2026-07-17,NSE,CIPLA,raw_l2/trade_date=2026-07-17/exchange=NSE/symbol=CIPLA/part-094907_394745-049256.parquet,real_data_sample\l2_unseen_validation\trade_date=2026-07-17\exchange=NSE\symbol=CIPLA\part-094907_394745-049256.parquet,34450,downloaded,34450,
2026-07-17,NSE,DRREDDY,raw_l2/trade_date=2026-07-17/exchange=NSE/symbol=DRREDDY/part-035556_915849-001513.parquet,real_data_sample\l2_unseen_validation\trade_date=2026-07-17\exchange=NSE\symbol=DRREDDY\part-035556_915849-001513.parquet,34669,downloaded,34669,
2026-07-17,NSE,DRREDDY,raw_l2/trade_date=2026-07-17/exchange=NSE/symbol=DRREDDY/part-035543_107599-001481.parquet,real_data_sample\l2_unseen_validation\trade_date=2026-07-17\exchange=NSE\symbol=DRREDDY\part-035543_107599-001481.parquet,34695,downloaded,34695,
2026-07-17,NSE,DRREDDY,raw_l2/trade_date=2026-07-17/exchange=NSE/symbol=DRREDDY/part-035610_912568-001545.parquet,real_data_sample\l2_unseen_validation\trade_date=2026-07-17\exchange=NSE\symbol=DRREDDY\part-035610_912568-001545.parquet,34655,downloaded,34655,
2026-07-17,NSE,DRREDDY,raw_l2/trade_date=2026-07-17/exchange=NSE/symbol=DRREDDY/part-035625_127852-001577.parquet,real_data_sample\l2_unseen_validation\trade_date=2026-07-17\exchange=NSE\symbol=DRREDDY\part-035625_127852-001577.parquet,34386,downloaded,34386,
2026-07-17,NSE,DRREDDY,raw_l2/trade_date=2026-07-17/exchange=NSE/symbol=DRREDDY/part-035638_974940-001609.parquet,real_data_sample\l2_unseen_validation\trade_date=2026-07-17\exchange=NSE\symbol=DRREDDY\part-035638_974940-001609.parquet,34492,downloaded,34492,
2026-07-17,NSE,DRREDDY,raw_l2/trade_date=2026-07-17/exchange=NSE/symbol=DRREDDY/part-035720_695664-001705.parquet,real_data_sample\l2_unseen_validation\trade_date=2026-07-17\exchange=NSE\symbol=DRREDDY\part-035720_695664-001705.parquet,34479,downloaded,34479,
2026-07-17,NSE,DRREDDY,raw_l2/trade_date=2026-07-17/exchange=NSE/symbol=DRREDDY/part-035734_805865-001737.parquet,real_data_sample\l2_unseen_validation\trade_date=2026-07-17\exchange=NSE\symbol=DRREDDY\part-035734_805865-001737.parquet,34631,downloaded,34631,
2026-07-17,NSE,DRREDDY,raw_l2/trade_date=2026-07-17/exchange=NSE/symbol=DRREDDY/part-035748_990648-001769.parquet,real_data_sample\l2_unseen_validation\trade_date=2026-07-17\exchange=NSE\symbol=DRREDDY\part-035748_990648-001769.parquet,34590,downloaded,34590,
2026-07-17,NSE,DRREDDY,raw_l2/trade_date=2026-07-17/exchange=NSE/symbol=DRREDDY/part-035706_688199-001673.parquet,real_data_sample\l2_unseen_validation\trade_date=2026-07-17\exchange=NSE\symbol=DRREDDY\part-035706_688199-001673.parquet,34452,downloaded,34452,
2026-07-17,NSE,DRREDDY,raw_l2/trade_date=2026-07-17/exchange=NSE/symbol=DRREDDY/part-035652_928151-001641.parquet,real_data_sample\l2_unseen_validation\trade_date=2026-07-17\exchange=NSE\symbol=DRREDDY\part-035652_928151-001641.parquet,34481,downloaded,34481,
2026-07-17,NSE,DRREDDY,raw_l2/trade_date=2026-07-17/exchange=NSE/symbol=DRREDDY/part-040023_915646-002121.parquet,real_data_sample\l2_unseen_validation\trade_date=2026-07-17\exchange=NSE\symbol=DRREDDY\part-040023_915646-002121.parquet,34460,downloaded,34460,
2026-07-17,NSE,DRREDDY,raw_l2/trade_date=2026-07-17/exchange=NSE/symbol=DRREDDY/part-040037_875300-002153.parquet,real_data_sample\l2_unseen_validation\trade_date=2026-07-17\exchange=NSE\symbol=DRREDDY\part-040037_875300-002153.parquet,34456,downloaded,34456,
2026-07-17,NSE,DRREDDY,raw_l2/trade_date=2026-07-17/exchange=NSE/symbol=DRREDDY/part-040105_501363-002217.parquet,real_data_sample\l2_unseen_validation\trade_date=2026-07-17\exchange=NSE\symbol=DRREDDY\part-040105_501363-002217.parquet,34488,downloaded,34488,
2026-07-17,NSE,DRREDDY,raw_l2/trade_date=2026-07-17/exchange=NSE/symbol=DRREDDY/part-035803_294824-001801.parquet,real_data_sample\l2_unseen_validation\trade_date=2026-07-17\exchange=NSE\symbol=DRREDDY\part-035803_294824-001801.parquet,34604,downloaded,34604,
2026-07-17,NSE,DRREDDY,raw_l2/trade_date=2026-07-17/exchange=NSE/symbol=DRREDDY/part-040051_586182-002185.parquet,real_data_sample\l2_unseen_validation\trade_date=2026-07-17\exchange=NSE\symbol=DRREDDY\part-040051_586182-002185.parquet,34578,downloaded,34578,
2026-07-17,NSE,DRREDDY,raw_l2/trade_date=2026-07-17/exchange=NSE/symbol=DRREDDY/part-040119_349579-002249.parquet,real_data_sample\l2_unseen_validation\trade_date=2026-07-17\exchange=NSE\symbol=DRREDDY\part-040119_349579-002249.parquet,34633,downloaded,34633,
2026-07-17,NSE,DRREDDY,raw_l2/trade_date=2026-07-17/exchange=NSE/symbol=DRREDDY/part-035927_651930-001993.parquet,real_data_sample\l2_unseen_validation\trade_date=2026-07-17\exchange=NSE\symbol=DRREDDY\part-035927_651930-001993.parquet,34469,downloaded,34469,
2026-07-17,NSE,DRREDDY,raw_l2/trade_date=2026-07-17/exchange=NSE/symbol=DRREDDY/part-035859_704416-001929.parquet,real_data_sample\l2_unseen_validation\trade_date=2026-07-17\exchange=NSE\symbol=DRREDDY\part-035859_704416-001929.parquet,34465,downloaded,34465,
2026-07-17,NSE,DRREDDY,raw_l2/trade_date=2026-07-17/exchange=NSE/symbol=DRREDDY/part-035941_795646-002025.parquet,real_data_sample\l2_unseen_validation\trade_date=2026-07-17\exchange=NSE\symbol=DRREDDY\part-035941_795646-002025.parquet,34727,downloaded,34727,
2026-07-17,NSE,DRREDDY,raw_l2/trade_date=2026-07-17/exchange=NSE/symbol=DRREDDY/part-040009_871664-002089.parquet,real_data_sample\l2_unseen_validation\trade_date=2026-07-17\exchange=NSE\symbol=DRREDDY\part-040009_871664-002089.parquet,34478,downloaded,34478,
2026-07-17,NSE,DRREDDY,raw_l2/trade_date=2026-07-17/exchange=NSE/symbol=DRREDDY/part-035845_666470-001897.parquet,real_data_sample\l2_unseen_validation\trade_date=2026-07-17\exchange=NSE\symbol=DRREDDY\part-035845_666470-001897.parquet,34717,downloaded,34717,
2026-07-17,NSE,DRREDDY,raw_l2/trade_date=2026-07-17/exchange=NSE/symbol=DRREDDY/part-035817_739407-001833.parquet,real_data_sample\l2_unseen_validation\trade_date=2026-07-17\exchange=NSE\symbol=DRREDDY\part-035817_739407-001833.parquet,34688,downloaded,34688,
2026-07-17,NSE,DRREDDY,raw_l2/trade_date=2026-07-17/exchange=NSE/symbol=DRREDDY/part-035831_715937-001865.parquet,real_data_sample\l2_unseen_validation\trade_date=2026-07-17\exchange=NSE\symbol=DRREDDY\part-035831_715937-001865.parquet,34611,downloaded,34611,
2026-07-17,NSE,DRREDDY,raw_l2/trade_date=2026-07-17/exchange=NSE/symbol=DRREDDY/part-035955_676892-002057.parquet,real_data_sample\l2_unseen_validation\trade_date=2026-07-17\exchange=NSE\symbol=DRREDDY\part-035955_676892-002057.parquet,34552,downloaded,34552,
2026-07-17,NSE,DRREDDY,raw_l2/trade_date=2026-07-17/exchange=NSE/symbol=DRREDDY/part-035913_679713-001961.parquet,real_data_sample\l2_unseen_validation\trade_date=2026-07-17\exchange=NSE\symbol=DRREDDY\part-035913_679713-001961.parquet,34482,downloaded,34482,
2026-07-17,NSE,DRREDDY,raw_l2/trade_date=2026-07-17/exchange=NSE/symbol=DRREDDY/part-040133_162136-002281.parquet,real_data_sample\l2_unseen_validation\trade_date=2026-07-17\exchange=NSE\symbol=DRREDDY\part-040133_162136-002281.parquet,34629,downloaded,34629,
2026-07-17,NSE,CIPLA,raw_l2/trade_date=2026-07-17/exchange=NSE/symbol=CIPLA/part-095157_278651-049640.parquet,real_data_sample\l2_unseen_validation\trade_date=2026-07-17\exchange=NSE\symbol=CIPLA\part-095157_278651-049640.parquet,34434,downloaded,34434,
2026-07-17,NSE,DRREDDY,raw_l2/trade_date=2026-07-17/exchange=NSE/symbol=DRREDDY/part-040146_909880-002313.parquet,real_data_sample\l2_unseen_validation\trade_date=2026-07-17\exchange=NSE\symbol=DRREDDY\part-040146_909880-002313.parquet,34487,downloaded,34487,
2026-07-17,NSE,DRREDDY,raw_l2/trade_date=2026-07-17/exchange=NSE/symbol=DRREDDY/part-040200_912335-002345.parquet,real_data_sample\l2_unseen_validation\trade_date=2026-07-17\exchange=NSE\symbol=DRREDDY\part-040200_912335-002345.parquet,34462,downloaded,34462,
2026-07-17,NSE,DRREDDY,raw_l2/trade_date=2026-07-17/exchange=NSE/symbol=DRREDDY/part-040228_655541-002409.parquet,real_data_sample\l2_unseen_validation\trade_date=2026-07-17\exchange=NSE\symbol=DRREDDY\part-040228_655541-002409.parquet,34455,downloaded,34455,
2026-07-17,NSE,DRREDDY,raw_l2/trade_date=2026-07-17/exchange=NSE/symbol=DRREDDY/part-040214_882759-002377.parquet,real_data_sample\l2_unseen_validation\trade_date=2026-07-17\exchange=NSE\symbol=DRREDDY\part-040214_882759-002377.parquet,34645,downloaded,34645,
2026-07-17,NSE,DRREDDY,raw_l2/trade_date=2026-07-17/exchange=NSE/symbol=DRREDDY/part-040242_963125-002441.parquet,real_data_sample\l2_unseen_validation\trade_date=2026-07-17\exchange=NSE\symbol=DRREDDY\part-040242_963125-002441.parquet,34488,downloaded,34488,
2026-07-17,NSE,DRREDDY,raw_l2/trade_date=2026-07-17/exchange=NSE/symbol=DRREDDY/part-040257_278508-002473.parquet,real_data_sample\l2_unseen_validation\trade_date=2026-07-17\exchange=NSE\symbol=DRREDDY\part-040257_278508-002473.parquet,34732,downloaded,34732,
2026-07-17,NSE,DRREDDY,raw_l2/trade_date=2026-07-17/exchange=NSE/symbol=DRREDDY/part-040311_888316-002505.parquet,real_data_sample\l2_unseen_validation\trade_date=2026-07-17\exchange=NSE\symbol=DRREDDY\part-040311_888316-002505.parquet,34715,downloaded,34715,
2026-07-17,NSE,CIPLA,raw_l2/trade_date=2026-07-17/exchange=NSE/symbol=CIPLA/part-095239_884802-049736.parquet,real_data_sample\l2_unseen_validation\trade_date=2026-07-17\exchange=NSE\symbol=CIPLA\part-095239_884802-049736.parquet,34367,downloaded,34367,
2026-07-17,NSE,DRREDDY,raw_l2/trade_date=2026-07-17/exchange=NSE/symbol=DRREDDY/part-040436_400912-002697.parquet,real_data_sample\l2_unseen_validation\trade_date=2026-07-17\exchange=NSE\symbol=DRREDDY\part-040436_400912-002697.parquet,34627,downloaded,34627,
2026-07-17,NSE,DRREDDY,raw_l2/trade_date=2026-07-17/exchange=NSE/symbol=DRREDDY/part-040518_745310-002793.parquet,real_data_sample\l2_unseen_validation\trade_date=2026-07-17\exchange=NSE\symbol=DRREDDY\part-040518_745310-002793.parquet,34607,downloaded,34607,
2026-07-17,NSE,DRREDDY,raw_l2/trade_date=2026-07-17/exchange=NSE/symbol=DRREDDY/part-040354_461739-002601.parquet,real_data_sample\l2_unseen_validation\trade_date=2026-07-17\exchange=NSE\symbol=DRREDDY\part-040354_461739-002601.parquet,34616,downloaded,34616,
2026-07-17,NSE,DRREDDY,raw_l2/trade_date=2026-07-17/exchange=NSE/symbol=DRREDDY/part-040326_068102-002537.parquet,real_data_sample\l2_unseen_validation\trade_date=2026-07-17\exchange=NSE\symbol=DRREDDY\part-040326_068102-002537.parquet,34701,downloaded,34701,
2026-07-17,NSE,DRREDDY,raw_l2/trade_date=2026-07-17/exchange=NSE/symbol=DRREDDY/part-040422_373905-002665.parquet,real_data_sample\l2_unseen_validation\trade_date=2026-07-17\exchange=NSE\symbol=DRREDDY\part-040422_373905-002665.parquet,34645,downloaded,34645,
2026-07-17,NSE,DRREDDY,raw_l2/trade_date=2026-07-17/exchange=NSE/symbol=DRREDDY/part-040340_220148-002569.parquet,real_data_sample\l2_unseen_validation\trade_date=2026-07-17\exchange=NSE\symbol=DRREDDY\part-040340_220148-002569.parquet,34611,downloaded,34611,
2026-07-17,NSE,DRREDDY,raw_l2/trade_date=2026-07-17/exchange=NSE/symbol=DRREDDY/part-040408_450677-002633.parquet,real_data_sample\l2_unseen_validation\trade_date=2026-07-17\exchange=NSE\symbol=DRREDDY\part-040408_450677-002633.parquet,34630,downloaded,34630,
2026-07-17,NSE,DRREDDY,raw_l2/trade_date=2026-07-17/exchange=NSE/symbol=DRREDDY/part-040504_568116-002761.parquet,real_data_sample\l2_unseen_validation\trade_date=2026-07-17\exchange=NSE\symbol=DRREDDY\part-040504_568116-002761.parquet,34646,downloaded,34646,
2026-07-17,NSE,DRREDDY,raw_l2/trade_date=2026-07-17/exchange=NSE/symbol=DRREDDY/part-040450_379687-002729.parquet,real_data_sample\l2_unseen_validation\trade_date=2026-07-17\exchange=NSE\symbol=DRREDDY\part-040450_379687-002729.parquet,34734,downloaded,34734,
2026-07-17,NSE,CIPLA,raw_l2/trade_date=2026-07-17/exchange=NSE/symbol=CIPLA/part-095032_852776-049448.parquet,real_data_sample\l2_unseen_validation\trade_date=2026-07-17\exchange=NSE\symbol=CIPLA\part-095032_852776-049448.parquet,34357,downloaded,34357,
2026-07-17,NSE,DRREDDY,raw_l2/trade_date=2026-07-17/exchange=NSE/symbol=DRREDDY/part-040532_917838-002825.parquet,real_data_sample\l2_unseen_validation\trade_date=2026-07-17\exchange=NSE\symbol=DRREDDY\part-040532_917838-002825.parquet,34680,downloaded,34680,
2026-07-17,NSE,DRREDDY,raw_l2/trade_date=2026-07-17/exchange=NSE/symbol=DRREDDY/part-040600_915158-002889.parquet,real_data_sample\l2_unseen_validation\trade_date=2026-07-17\exchange=NSE\symbol=DRREDDY\part-040600_915158-002889.parquet,34643,downloaded,34643,
2026-07-17,NSE,DRREDDY,raw_l2/trade_date=2026-07-17/exchange=NSE/symbol=DRREDDY/part-040614_874910-002921.parquet,real_data_sample\l2_unseen_validation\trade_date=2026-07-17\exchange=NSE\symbol=DRREDDY\part-040614_874910-002921.parquet,34729,downloaded,34729,
2026-07-17,NSE,DRREDDY,raw_l2/trade_date=2026-07-17/exchange=NSE/symbol=DRREDDY/part-040546_877527-002857.parquet,real_data_sample\l2_unseen_validation\trade_date=2026-07-17\exchange=NSE\symbol=DRREDDY\part-040546_877527-002857.parquet,34626,downloaded,34626,
2026-07-17,NSE,CIPLA,raw_l2/trade_date=2026-07-17/exchange=NSE/symbol=CIPLA/part-094950_073851-049352.parquet,real_data_sample\l2_unseen_validation\trade_date=2026-07-17\exchange=NSE\symbol=CIPLA\part-094950_073851-049352.parquet,34532,downloaded,34532,
2026-07-17,NSE,CIPLA,raw_l2/trade_date=2026-07-17/exchange=NSE/symbol=CIPLA/part-094921_763818-049288.parquet,real_data_sample\l2_unseen_validation\trade_date=2026-07-17\exchange=NSE\symbol=CIPLA\part-094921_763818-049288.parquet,34411,downloaded,34411,
2026-07-17,NSE,DRREDDY,raw_l2/trade_date=2026-07-17/exchange=NSE/symbol=DRREDDY/part-040738_677690-003113.parquet,real_data_sample\l2_unseen_validation\trade_date=2026-07-17\exchange=NSE\symbol=DRREDDY\part-040738_677690-003113.parquet,34722,downloaded,34722,
2026-07-17,NSE,CIPLA,raw_l2/trade_date=2026-07-17/exchange=NSE/symbol=CIPLA/part-095129_279978-049576.parquet,real_data_sample\l2_unseen_validation\trade_date=2026-07-17\exchange=NSE\symbol=CIPLA\part-095129_279978-049576.parquet,34481,downloaded,34481,
2026-07-17,NSE,DRREDDY,raw_l2/trade_date=2026-07-17/exchange=NSE/symbol=DRREDDY/part-040656_641989-003017.parquet,real_data_sample\l2_unseen_validation\trade_date=2026-07-17\exchange=NSE\symbol=DRREDDY\part-040656_641989-003017.parquet,34478,downloaded,34478,
2026-07-17,NSE,CIPLA,raw_l2/trade_date=2026-07-17/exchange=NSE/symbol=CIPLA/part-095018_549002-049416.parquet,real_data_sample\l2_unseen_validation\trade_date=2026-07-17\exchange=NSE\symbol=CIPLA\part-095018_549002-049416.parquet,34303,downloaded,34303,
2026-07-17,NSE,CIPLA,raw_l2/trade_date=2026-07-17/exchange=NSE/symbol=CIPLA/part-095004_335741-049384.parquet,real_data_sample\l2_unseen_validation\trade_date=2026-07-17\exchange=NSE\symbol=CIPLA\part-095004_335741-049384.parquet,34624,downloaded,34624,
2026-07-17,NSE,DRREDDY,raw_l2/trade_date=2026-07-17/exchange=NSE/symbol=DRREDDY/part-040835_416057-003241.parquet,real_data_sample\l2_unseen_validation\trade_date=2026-07-17\exchange=NSE\symbol=DRREDDY\part-040835_416057-003241.parquet,34507,downloaded,34507,
2026-07-17,NSE,DRREDDY,raw_l2/trade_date=2026-07-17/exchange=NSE/symbol=DRREDDY/part-040821_132987-003209.parquet,real_data_sample\l2_unseen_validation\trade_date=2026-07-17\exchange=NSE\symbol=DRREDDY\part-040821_132987-003209.parquet,34468,downloaded,34468,
2026-07-17,NSE,DRREDDY,raw_l2/trade_date=2026-07-17/exchange=NSE/symbol=DRREDDY/part-040849_673950-003273.parquet,real_data_sample\l2_unseen_validation\trade_date=2026-07-17\exchange=NSE\symbol=DRREDDY\part-040849_673950-003273.parquet,34676,downloaded,34676,
2026-07-17,NSE,DRREDDY,raw_l2/trade_date=2026-07-17/exchange=NSE/symbol=DRREDDY/part-040903_934125-003305.parquet,real_data_sample\l2_unseen_validation\trade_date=2026-07-17\exchange=NSE\symbol=DRREDDY\part-040903_934125-003305.parquet,34619,downloaded,34619,
2026-07-17,NSE,DRREDDY,raw_l2/trade_date=2026-07-17/exchange=NSE/symbol=DRREDDY/part-040724_745487-003081.parquet,real_data_sample\l2_unseen_validation\trade_date=2026-07-17\exchange=NSE\symbol=DRREDDY\part-040724_745487-003081.parquet,34406,downloaded,34406,
2026-07-17,NSE,DRREDDY,raw_l2/trade_date=2026-07-17/exchange=NSE/symbol=DRREDDY/part-040628_907006-002953.parquet,real_data_sample\l2_unseen_validation\trade_date=2026-07-17\exchange=NSE\symbol=DRREDDY\part-040628_907006-002953.parquet,34623,downloaded,34623,
2026-07-17,NSE,DRREDDY,raw_l2/trade_date=2026-07-17/exchange=NSE/symbol=DRREDDY/part-040642_629586-002985.parquet,real_data_sample\l2_unseen_validation\trade_date=2026-07-17\exchange=NSE\symbol=DRREDDY\part-040642_629586-002985.parquet,34647,downloaded,34647,
2026-07-17,NSE,DRREDDY,raw_l2/trade_date=2026-07-17/exchange=NSE/symbol=DRREDDY/part-040710_632502-003049.parquet,real_data_sample\l2_unseen_validation\trade_date=2026-07-17\exchange=NSE\symbol=DRREDDY\part-040710_632502-003049.parquet,34713,downloaded,34713,
2026-07-17,NSE,DRREDDY,raw_l2/trade_date=2026-07-17/exchange=NSE/symbol=DRREDDY/part-040806_866148-003177.parquet,real_data_sample\l2_unseen_validation\trade_date=2026-07-17\exchange=NSE\symbol=DRREDDY\part-040806_866148-003177.parquet,34466,downloaded,34466,
2026-07-17,NSE,DRREDDY,raw_l2/trade_date=2026-07-17/exchange=NSE/symbol=DRREDDY/part-040752_943864-003145.parquet,real_data_sample\l2_unseen_validation\trade_date=2026-07-17\exchange=NSE\symbol=DRREDDY\part-040752_943864-003145.parquet,34662,downloaded,34662,
2026-07-17,NSE,DRREDDY,raw_l2/trade_date=2026-07-17/exchange=NSE/symbol=DRREDDY/part-040917_987588-003337.parquet,real_data_sample\l2_unseen_validation\trade_date=2026-07-17\exchange=NSE\symbol=DRREDDY\part-040917_987588-003337.parquet,34681,downloaded,34681,
2026-07-17,NSE,CIPLA,raw_l2/trade_date=2026-07-17/exchange=NSE/symbol=CIPLA/part-094852_893288-049224.parquet,real_data_sample\l2_unseen_validation\trade_date=2026-07-17\exchange=NSE\symbol=CIPLA\part-094852_893288-049224.parquet,34624,downloaded,34624,
2026-07-17,NSE,DRREDDY,raw_l2/trade_date=2026-07-17/exchange=NSE/symbol=DRREDDY/part-041043_300629-003529.parquet,real_data_sample\l2_unseen_validation\trade_date=2026-07-17\exchange=NSE\symbol=DRREDDY\part-041043_300629-003529.parquet,34713,downloaded,34713,
2026-07-17,NSE,DRREDDY,raw_l2/trade_date=2026-07-17/exchange=NSE/symbol=DRREDDY/part-041001_040115-003433.parquet,real_data_sample\l2_unseen_validation\trade_date=2026-07-17\exchange=NSE\symbol=DRREDDY\part-041001_040115-003433.parquet,34682,downloaded,34682,
2026-07-17,NSE,DRREDDY,raw_l2/trade_date=2026-07-17/exchange=NSE/symbol=DRREDDY/part-041029_014618-003497.parquet,real_data_sample\l2_unseen_validation\trade_date=2026-07-17\exchange=NSE\symbol=DRREDDY\part-041029_014618-003497.parquet,34657,downloaded,34657,
2026-07-17,NSE,DRREDDY,raw_l2/trade_date=2026-07-17/exchange=NSE/symbol=DRREDDY/part-040932_255355-003369.parquet,real_data_sample\l2_unseen_validation\trade_date=2026-07-17\exchange=NSE\symbol=DRREDDY\part-040932_255355-003369.parquet,34414,downloaded,34414,
2026-07-17,NSE,DRREDDY,raw_l2/trade_date=2026-07-17/exchange=NSE/symbol=DRREDDY/part-041111_664018-003593.parquet,real_data_sample\l2_unseen_validation\trade_date=2026-07-17\exchange=NSE\symbol=DRREDDY\part-041111_664018-003593.parquet,34690,downloaded,34690,
2026-07-17,NSE,DRREDDY,raw_l2/trade_date=2026-07-17/exchange=NSE/symbol=DRREDDY/part-041139_564039-003657.parquet,real_data_sample\l2_unseen_validation\trade_date=2026-07-17\exchange=NSE\symbol=DRREDDY\part-041139_564039-003657.parquet,34644,downloaded,34644,
2026-07-17,NSE,DRREDDY,raw_l2/trade_date=2026-07-17/exchange=NSE/symbol=DRREDDY/part-041014_915401-003465.parquet,real_data_sample\l2_unseen_validation\trade_date=2026-07-17\exchange=NSE\symbol=DRREDDY\part-041014_915401-003465.parquet,34640,downloaded,34640,
2026-07-17,NSE,DRREDDY,raw_l2/trade_date=2026-07-17/exchange=NSE/symbol=DRREDDY/part-041057_563195-003561.parquet,real_data_sample\l2_unseen_validation\trade_date=2026-07-17\exchange=NSE\symbol=DRREDDY\part-041057_563195-003561.parquet,34715,downloaded,34715,
2026-07-17,NSE,DRREDDY,raw_l2/trade_date=2026-07-17/exchange=NSE/symbol=DRREDDY/part-040946_720807-003401.parquet,real_data_sample\l2_unseen_validation\trade_date=2026-07-17\exchange=NSE\symbol=DRREDDY\part-040946_720807-003401.parquet,34721,downloaded,34721,
2026-07-17,NSE,DRREDDY,raw_l2/trade_date=2026-07-17/exchange=NSE/symbol=DRREDDY/part-041125_600797-003625.parquet,real_data_sample\l2_unseen_validation\trade_date=2026-07-17\exchange=NSE\symbol=DRREDDY\part-041125_600797-003625.parquet,34705,downloaded,34705,
2026-07-17,NSE,DRREDDY,raw_l2/trade_date=2026-07-17/exchange=NSE/symbol=DRREDDY/part-041153_412292-003689.parquet,real_data_sample\l2_unseen_validation\trade_date=2026-07-17\exchange=NSE\symbol=DRREDDY\part-041153_412292-003689.parquet,34503,downloaded,34503,
2026-07-17,NSE,DRREDDY,raw_l2/trade_date=2026-07-17/exchange=NSE/symbol=DRREDDY/part-041221_438935-003753.parquet,real_data_sample\l2_unseen_validation\trade_date=2026-07-17\exchange=NSE\symbol=DRREDDY\part-041221_438935-003753.parquet,34709,downloaded,34709,
2026-07-17,NSE,DRREDDY,raw_l2/trade_date=2026-07-17/exchange=NSE/symbol=DRREDDY/part-041207_451703-003721.parquet,real_data_sample\l2_unseen_validation\trade_date=2026-07-17\exchange=NSE\symbol=DRREDDY\part-041207_451703-003721.parquet,34424,downloaded,34424,
2026-07-17,NSE,DRREDDY,raw_l2/trade_date=2026-07-17/exchange=NSE/symbol=DRREDDY/part-041330_963556-003913.parquet,real_data_sample\l2_unseen_validation\trade_date=2026-07-17\exchange=NSE\symbol=DRREDDY\part-041330_963556-003913.parquet,34666,downloaded,34666,
2026-07-17,NSE,DRREDDY,raw_l2/trade_date=2026-07-17/exchange=NSE/symbol=DRREDDY/part-041413_213792-004009.parquet,real_data_sample\l2_unseen_validation\trade_date=2026-07-17\exchange=NSE\symbol=DRREDDY\part-041413_213792-004009.parquet,34472,downloaded,34472,
2026-07-17,NSE,DRREDDY,raw_l2/trade_date=2026-07-17/exchange=NSE/symbol=DRREDDY/part-041359_030767-003977.parquet,real_data_sample\l2_unseen_validation\trade_date=2026-07-17\exchange=NSE\symbol=DRREDDY\part-041359_030767-003977.parquet,34630,downloaded,34630,
2026-07-17,NSE,DRREDDY,raw_l2/trade_date=2026-07-17/exchange=NSE/symbol=DRREDDY/part-041302_924158-003849.parquet,real_data_sample\l2_unseen_validation\trade_date=2026-07-17\exchange=NSE\symbol=DRREDDY\part-041302_924158-003849.parquet,34437,downloaded,34437,
2026-07-17,NSE,DRREDDY,raw_l2/trade_date=2026-07-17/exchange=NSE/symbol=DRREDDY/part-041235_192269-003785.parquet,real_data_sample\l2_unseen_validation\trade_date=2026-07-17\exchange=NSE\symbol=DRREDDY\part-041235_192269-003785.parquet,34681,downloaded,34681,
2026-07-17,NSE,DRREDDY,raw_l2/trade_date=2026-07-17/exchange=NSE/symbol=DRREDDY/part-041316_889537-003881.parquet,real_data_sample\l2_unseen_validation\trade_date=2026-07-17\exchange=NSE\symbol=DRREDDY\part-041316_889537-003881.parquet,34676,downloaded,34676,
2026-07-17,NSE,DRREDDY,raw_l2/trade_date=2026-07-17/exchange=NSE/symbol=DRREDDY/part-041249_154844-003817.parquet,real_data_sample\l2_unseen_validation\trade_date=2026-07-17\exchange=NSE\symbol=DRREDDY\part-041249_154844-003817.parquet,34652,downloaded,34652,
2026-07-17,NSE,DRREDDY,raw_l2/trade_date=2026-07-17/exchange=NSE/symbol=DRREDDY/part-041345_013470-003945.parquet,real_data_sample\l2_unseen_validation\trade_date=2026-07-17\exchange=NSE\symbol=DRREDDY\part-041345_013470-003945.parquet,34466,downloaded,34466,
2026-07-17,NSE,DRREDDY,raw_l2/trade_date=2026-07-17/exchange=NSE/symbol=DRREDDY/part-041441_201244-004073.parquet,real_data_sample\l2_unseen_validation\trade_date=2026-07-17\exchange=NSE\symbol=DRREDDY\part-041441_201244-004073.parquet,34430,downloaded,34430,
2026-07-17,NSE,DRREDDY,raw_l2/trade_date=2026-07-17/exchange=NSE/symbol=DRREDDY/part-041427_156437-004041.parquet,real_data_sample\l2_unseen_validation\trade_date=2026-07-17\exchange=NSE\symbol=DRREDDY\part-041427_156437-004041.parquet,34477,downloaded,34477,
2026-07-17,NSE,DRREDDY,raw_l2/trade_date=2026-07-17/exchange=NSE/symbol=DRREDDY/part-041509_154215-004137.parquet,real_data_sample\l2_unseen_validation\trade_date=2026-07-17\exchange=NSE\symbol=DRREDDY\part-041509_154215-004137.parquet,34713,downloaded,34713,
2026-07-17,NSE,DRREDDY,raw_l2/trade_date=2026-07-17/exchange=NSE/symbol=DRREDDY/part-041536_863285-004201.parquet,real_data_sample\l2_unseen_validation\trade_date=2026-07-17\exchange=NSE\symbol=DRREDDY\part-041536_863285-004201.parquet,34499,downloaded,34499,
2026-07-17,NSE,DRREDDY,raw_l2/trade_date=2026-07-17/exchange=NSE/symbol=DRREDDY/part-041455_136564-004105.parquet,real_data_sample\l2_unseen_validation\trade_date=2026-07-17\exchange=NSE\symbol=DRREDDY\part-041455_136564-004105.parquet,34509,downloaded,34509,
2026-07-17,NSE,DRREDDY,raw_l2/trade_date=2026-07-17/exchange=NSE/symbol=DRREDDY/part-041605_888303-004265.parquet,real_data_sample\l2_unseen_validation\trade_date=2026-07-17\exchange=NSE\symbol=DRREDDY\part-041605_888303-004265.parquet,34451,downloaded,34451,
2026-07-17,NSE,DRREDDY,raw_l2/trade_date=2026-07-17/exchange=NSE/symbol=DRREDDY/part-041551_891714-004233.parquet,real_data_sample\l2_unseen_validation\trade_date=2026-07-17\exchange=NSE\symbol=DRREDDY\part-041551_891714-004233.parquet,34466,downloaded,34466,
2026-07-17,NSE,DRREDDY,raw_l2/trade_date=2026-07-17/exchange=NSE/symbol=DRREDDY/part-041522_954592-004169.parquet,real_data_sample\l2_unseen_validation\trade_date=2026-07-17\exchange=NSE\symbol=DRREDDY\part-041522_954592-004169.parquet,34456,downloaded,34456,
2026-07-17,NSE,DRREDDY,raw_l2/trade_date=2026-07-17/exchange=NSE/symbol=DRREDDY/part-041619_626726-004297.parquet,real_data_sample\l2_unseen_validation\trade_date=2026-07-17\exchange=NSE\symbol=DRREDDY\part-041619_626726-004297.parquet,34400,downloaded,34400,
2026-07-17,NSE,DRREDDY,raw_l2/trade_date=2026-07-17/exchange=NSE/symbol=DRREDDY/part-041743_097384-004489.parquet,real_data_sample\l2_unseen_validation\trade_date=2026-07-17\exchange=NSE\symbol=DRREDDY\part-041743_097384-004489.parquet,34492,downloaded,34492,
2026-07-17,NSE,DRREDDY,raw_l2/trade_date=2026-07-17/exchange=NSE/symbol=DRREDDY/part-041810_601116-004553.parquet,real_data_sample\l2_unseen_validation\trade_date=2026-07-17\exchange=NSE\symbol=DRREDDY\part-041810_601116-004553.parquet,34676,downloaded,34676,
2026-07-17,NSE,DRREDDY,raw_l2/trade_date=2026-07-17/exchange=NSE/symbol=DRREDDY/part-041633_352473-004329.parquet,real_data_sample\l2_unseen_validation\trade_date=2026-07-17\exchange=NSE\symbol=DRREDDY\part-041633_352473-004329.parquet,34743,downloaded,34743,
2026-07-17,NSE,DRREDDY,raw_l2/trade_date=2026-07-17/exchange=NSE/symbol=DRREDDY/part-041729_136898-004457.parquet,real_data_sample\l2_unseen_validation\trade_date=2026-07-17\exchange=NSE\symbol=DRREDDY\part-041729_136898-004457.parquet,34703,downloaded,34703,
2026-07-17,NSE,DRREDDY,raw_l2/trade_date=2026-07-17/exchange=NSE/symbol=DRREDDY/part-041824_365845-004585.parquet,real_data_sample\l2_unseen_validation\trade_date=2026-07-17\exchange=NSE\symbol=DRREDDY\part-041824_365845-004585.parquet,34786,downloaded,34786,
2026-07-17,NSE,DRREDDY,raw_l2/trade_date=2026-07-17/exchange=NSE/symbol=DRREDDY/part-041714_855340-004425.parquet,real_data_sample\l2_unseen_validation\trade_date=2026-07-17\exchange=NSE\symbol=DRREDDY\part-041714_855340-004425.parquet,34563,downloaded,34563,
2026-07-17,NSE,DRREDDY,raw_l2/trade_date=2026-07-17/exchange=NSE/symbol=DRREDDY/part-041701_157094-004393.parquet,real_data_sample\l2_unseen_validation\trade_date=2026-07-17\exchange=NSE\symbol=DRREDDY\part-041701_157094-004393.parquet,34687,downloaded,34687,
2026-07-17,NSE,DRREDDY,raw_l2/trade_date=2026-07-17/exchange=NSE/symbol=DRREDDY/part-041906_676589-004681.parquet,real_data_sample\l2_unseen_validation\trade_date=2026-07-17\exchange=NSE\symbol=DRREDDY\part-041906_676589-004681.parquet,34744,downloaded,34744,
2026-07-17,NSE,DRREDDY,raw_l2/trade_date=2026-07-17/exchange=NSE/symbol=DRREDDY/part-041921_017253-004713.parquet,real_data_sample\l2_unseen_validation\trade_date=2026-07-17\exchange=NSE\symbol=DRREDDY\part-041921_017253-004713.parquet,35700,downloaded,35700,
2026-07-17,NSE,DRREDDY,raw_l2/trade_date=2026-07-17/exchange=NSE/symbol=DRREDDY/part-041852_152358-004649.parquet,real_data_sample\l2_unseen_validation\trade_date=2026-07-17\exchange=NSE\symbol=DRREDDY\part-041852_152358-004649.parquet,34736,downloaded,34736,
2026-07-17,NSE,DRREDDY,raw_l2/trade_date=2026-07-17/exchange=NSE/symbol=DRREDDY/part-041756_927777-004521.parquet,real_data_sample\l2_unseen_validation\trade_date=2026-07-17\exchange=NSE\symbol=DRREDDY\part-041756_927777-004521.parquet,34479,downloaded,34479,
2026-07-17,NSE,DRREDDY,raw_l2/trade_date=2026-07-17/exchange=NSE/symbol=DRREDDY/part-041949_185208-004777.parquet,real_data_sample\l2_unseen_validation\trade_date=2026-07-17\exchange=NSE\symbol=DRREDDY\part-041949_185208-004777.parquet,35908,downloaded,35908,
2026-07-17,NSE,DRREDDY,raw_l2/trade_date=2026-07-17/exchange=NSE/symbol=DRREDDY/part-041647_173830-004361.parquet,real_data_sample\l2_unseen_validation\trade_date=2026-07-17\exchange=NSE\symbol=DRREDDY\part-041647_173830-004361.parquet,34683,downloaded,34683,
2026-07-17,NSE,DRREDDY,raw_l2/trade_date=2026-07-17/exchange=NSE/symbol=DRREDDY/part-042003_158914-004809.parquet,real_data_sample\l2_unseen_validation\trade_date=2026-07-17\exchange=NSE\symbol=DRREDDY\part-042003_158914-004809.parquet,35743,downloaded,35743,
2026-07-17,NSE,DRREDDY,raw_l2/trade_date=2026-07-17/exchange=NSE/symbol=DRREDDY/part-041935_168339-004745.parquet,real_data_sample\l2_unseen_validation\trade_date=2026-07-17\exchange=NSE\symbol=DRREDDY\part-041935_168339-004745.parquet,35980,downloaded,35980,
2026-07-17,NSE,DRREDDY,raw_l2/trade_date=2026-07-17/exchange=NSE/symbol=DRREDDY/part-041838_155866-004617.parquet,real_data_sample\l2_unseen_validation\trade_date=2026-07-17\exchange=NSE\symbol=DRREDDY\part-041838_155866-004617.parquet,34670,downloaded,34670,
2026-07-17,NSE,DRREDDY,raw_l2/trade_date=2026-07-17/exchange=NSE/symbol=DRREDDY/part-042030_936528-004873.parquet,real_data_sample\l2_unseen_validation\trade_date=2026-07-17\exchange=NSE\symbol=DRREDDY\part-042030_936528-004873.parquet,35567,downloaded,35567,
2026-07-17,NSE,DRREDDY,raw_l2/trade_date=2026-07-17/exchange=NSE/symbol=DRREDDY/part-042044_894749-004905.parquet,real_data_sample\l2_unseen_validation\trade_date=2026-07-17\exchange=NSE\symbol=DRREDDY\part-042044_894749-004905.parquet,35932,downloaded,35932,
2026-07-17,NSE,DRREDDY,raw_l2/trade_date=2026-07-17/exchange=NSE/symbol=DRREDDY/part-042222_480968-005129.parquet,real_data_sample\l2_unseen_validation\trade_date=2026-07-17\exchange=NSE\symbol=DRREDDY\part-042222_480968-005129.parquet,34513,downloaded,34513,
2026-07-17,NSE,DRREDDY,raw_l2/trade_date=2026-07-17/exchange=NSE/symbol=DRREDDY/part-042058_591642-004937.parquet,real_data_sample\l2_unseen_validation\trade_date=2026-07-17\exchange=NSE\symbol=DRREDDY\part-042058_591642-004937.parquet,35759,downloaded,35759,
2026-07-17,NSE,DRREDDY,raw_l2/trade_date=2026-07-17/exchange=NSE/symbol=DRREDDY/part-042126_182287-005001.parquet,real_data_sample\l2_unseen_validation\trade_date=2026-07-17\exchange=NSE\symbol=DRREDDY\part-042126_182287-005001.parquet,34606,downloaded,34606,
2026-07-17,NSE,DRREDDY,raw_l2/trade_date=2026-07-17/exchange=NSE/symbol=DRREDDY/part-042112_398680-004969.parquet,real_data_sample\l2_unseen_validation\trade_date=2026-07-17\exchange=NSE\symbol=DRREDDY\part-042112_398680-004969.parquet,35705,downloaded,35705,
2026-07-17,NSE,DRREDDY,raw_l2/trade_date=2026-07-17/exchange=NSE/symbol=DRREDDY/part-042154_441159-005065.parquet,real_data_sample\l2_unseen_validation\trade_date=2026-07-17\exchange=NSE\symbol=DRREDDY\part-042154_441159-005065.parquet,34748,downloaded,34748,
2026-07-17,NSE,DRREDDY,raw_l2/trade_date=2026-07-17/exchange=NSE/symbol=DRREDDY/part-042140_401598-005033.parquet,real_data_sample\l2_unseen_validation\trade_date=2026-07-17\exchange=NSE\symbol=DRREDDY\part-042140_401598-005033.parquet,34408,downloaded,34408,
2026-07-17,NSE,DRREDDY,raw_l2/trade_date=2026-07-17/exchange=NSE/symbol=DRREDDY/part-042208_401677-005097.parquet,real_data_sample\l2_unseen_validation\trade_date=2026-07-17\exchange=NSE\symbol=DRREDDY\part-042208_401677-005097.parquet,34677,downloaded,34677,
2026-07-17,NSE,DRREDDY,raw_l2/trade_date=2026-07-17/exchange=NSE/symbol=DRREDDY/part-042017_177251-004841.parquet,real_data_sample\l2_unseen_validation\trade_date=2026-07-17\exchange=NSE\symbol=DRREDDY\part-042017_177251-004841.parquet,35998,downloaded,35998,
2026-07-17,NSE,DRREDDY,raw_l2/trade_date=2026-07-17/exchange=NSE/symbol=DRREDDY/part-042236_374804-005161.parquet,real_data_sample\l2_unseen_validation\trade_date=2026-07-17\exchange=NSE\symbol=DRREDDY\part-042236_374804-005161.parquet,34631,downloaded,34631,
2026-07-17,NSE,DRREDDY,raw_l2/trade_date=2026-07-17/exchange=NSE/symbol=DRREDDY/part-042318_184026-005257.parquet,real_data_sample\l2_unseen_validation\trade_date=2026-07-17\exchange=NSE\symbol=DRREDDY\part-042318_184026-005257.parquet,34713,downloaded,34713,
2026-07-17,NSE,DRREDDY,raw_l2/trade_date=2026-07-17/exchange=NSE/symbol=DRREDDY/part-042346_145133-005321.parquet,real_data_sample\l2_unseen_validation\trade_date=2026-07-17\exchange=NSE\symbol=DRREDDY\part-042346_145133-005321.parquet,34641,downloaded,34641,
2026-07-17,NSE,DRREDDY,raw_l2/trade_date=2026-07-17/exchange=NSE/symbol=DRREDDY/part-042304_104838-005225.parquet,real_data_sample\l2_unseen_validation\trade_date=2026-07-17\exchange=NSE\symbol=DRREDDY\part-042304_104838-005225.parquet,34452,downloaded,34452,
2026-07-17,NSE,DRREDDY,raw_l2/trade_date=2026-07-17/exchange=NSE/symbol=DRREDDY/part-042332_140328-005289.parquet,real_data_sample\l2_unseen_validation\trade_date=2026-07-17\exchange=NSE\symbol=DRREDDY\part-042332_140328-005289.parquet,34560,downloaded,34560,
2026-07-17,NSE,DRREDDY,raw_l2/trade_date=2026-07-17/exchange=NSE/symbol=DRREDDY/part-042250_166849-005193.parquet,real_data_sample\l2_unseen_validation\trade_date=2026-07-17\exchange=NSE\symbol=DRREDDY\part-042250_166849-005193.parquet,34487,downloaded,34487,
2026-07-17,NSE,DRREDDY,raw_l2/trade_date=2026-07-17/exchange=NSE/symbol=DRREDDY/part-042400_117009-005353.parquet,real_data_sample\l2_unseen_validation\trade_date=2026-07-17\exchange=NSE\symbol=DRREDDY\part-042400_117009-005353.parquet,34591,downloaded,34591,
2026-07-17,NSE,DRREDDY,raw_l2/trade_date=2026-07-17/exchange=NSE/symbol=DRREDDY/part-042701_709749-005769.parquet,real_data_sample\l2_unseen_validation\trade_date=2026-07-17\exchange=NSE\symbol=DRREDDY\part-042701_709749-005769.parquet,34497,downloaded,34497,
2026-07-17,NSE,DRREDDY,raw_l2/trade_date=2026-07-17/exchange=NSE/symbol=DRREDDY/part-042441_958760-005449.parquet,real_data_sample\l2_unseen_validation\trade_date=2026-07-17\exchange=NSE\symbol=DRREDDY\part-042441_958760-005449.parquet,34666,downloaded,34666,
2026-07-17,NSE,DRREDDY,raw_l2/trade_date=2026-07-17/exchange=NSE/symbol=DRREDDY/part-042455_603229-005481.parquet,real_data_sample\l2_unseen_validation\trade_date=2026-07-17\exchange=NSE\symbol=DRREDDY\part-042455_603229-005481.parquet,34589,downloaded,34589,
2026-07-17,NSE,DRREDDY,raw_l2/trade_date=2026-07-17/exchange=NSE/symbol=DRREDDY/part-042427_889777-005417.parquet,real_data_sample\l2_unseen_validation\trade_date=2026-07-17\exchange=NSE\symbol=DRREDDY\part-042427_889777-005417.parquet,34671,downloaded,34671,
2026-07-17,NSE,DRREDDY,raw_l2/trade_date=2026-07-17/exchange=NSE/symbol=DRREDDY/part-042523_236631-005545.parquet,real_data_sample\l2_unseen_validation\trade_date=2026-07-17\exchange=NSE\symbol=DRREDDY\part-042523_236631-005545.parquet,34535,downloaded,34535,
2026-07-17,NSE,DRREDDY,raw_l2/trade_date=2026-07-17/exchange=NSE/symbol=DRREDDY/part-042509_391695-005513.parquet,real_data_sample\l2_unseen_validation\trade_date=2026-07-17\exchange=NSE\symbol=DRREDDY\part-042509_391695-005513.parquet,34592,downloaded,34592,
2026-07-17,NSE,DRREDDY,raw_l2/trade_date=2026-07-17/exchange=NSE/symbol=DRREDDY/part-042551_374246-005609.parquet,real_data_sample\l2_unseen_validation\trade_date=2026-07-17\exchange=NSE\symbol=DRREDDY\part-042551_374246-005609.parquet,34601,downloaded,34601,
2026-07-17,NSE,DRREDDY,raw_l2/trade_date=2026-07-17/exchange=NSE/symbol=DRREDDY/part-042413_928690-005385.parquet,real_data_sample\l2_unseen_validation\trade_date=2026-07-17\exchange=NSE\symbol=DRREDDY\part-042413_928690-005385.parquet,34580,downloaded,34580,
2026-07-17,NSE,DRREDDY,raw_l2/trade_date=2026-07-17/exchange=NSE/symbol=DRREDDY/part-042537_490833-005577.parquet,real_data_sample\l2_unseen_validation\trade_date=2026-07-17\exchange=NSE\symbol=DRREDDY\part-042537_490833-005577.parquet,34635,downloaded,34635,
2026-07-17,NSE,DRREDDY,raw_l2/trade_date=2026-07-17/exchange=NSE/symbol=DRREDDY/part-042647_692711-005737.parquet,real_data_sample\l2_unseen_validation\trade_date=2026-07-17\exchange=NSE\symbol=DRREDDY\part-042647_692711-005737.parquet,34661,downloaded,34661,
2026-07-17,NSE,DRREDDY,raw_l2/trade_date=2026-07-17/exchange=NSE/symbol=DRREDDY/part-042633_739759-005705.parquet,real_data_sample\l2_unseen_validation\trade_date=2026-07-17\exchange=NSE\symbol=DRREDDY\part-042633_739759-005705.parquet,34605,downloaded,34605,
2026-07-17,NSE,DRREDDY,raw_l2/trade_date=2026-07-17/exchange=NSE/symbol=DRREDDY/part-042715_696669-005801.parquet,real_data_sample\l2_unseen_validation\trade_date=2026-07-17\exchange=NSE\symbol=DRREDDY\part-042715_696669-005801.parquet,34572,downloaded,34572,
2026-07-17,NSE,DRREDDY,raw_l2/trade_date=2026-07-17/exchange=NSE/symbol=DRREDDY/part-042729_773241-005833.parquet,real_data_sample\l2_unseen_validation\trade_date=2026-07-17\exchange=NSE\symbol=DRREDDY\part-042729_773241-005833.parquet,34531,downloaded,34531,
2026-07-17,NSE,DRREDDY,raw_l2/trade_date=2026-07-17/exchange=NSE/symbol=DRREDDY/part-042605_511997-005641.parquet,real_data_sample\l2_unseen_validation\trade_date=2026-07-17\exchange=NSE\symbol=DRREDDY\part-042605_511997-005641.parquet,34609,downloaded,34609,
2026-07-17,NSE,DRREDDY,raw_l2/trade_date=2026-07-17/exchange=NSE/symbol=DRREDDY/part-042619_495654-005673.parquet,real_data_sample\l2_unseen_validation\trade_date=2026-07-17\exchange=NSE\symbol=DRREDDY\part-042619_495654-005673.parquet,34603,downloaded,34603,
2026-07-17,NSE,DRREDDY,raw_l2/trade_date=2026-07-17/exchange=NSE/symbol=DRREDDY/part-042811_162374-005929.parquet,real_data_sample\l2_unseen_validation\trade_date=2026-07-17\exchange=NSE\symbol=DRREDDY\part-042811_162374-005929.parquet,34521,downloaded,34521,
2026-07-17,NSE,DRREDDY,raw_l2/trade_date=2026-07-17/exchange=NSE/symbol=DRREDDY/part-042934_936264-006121.parquet,real_data_sample\l2_unseen_validation\trade_date=2026-07-17\exchange=NSE\symbol=DRREDDY\part-042934_936264-006121.parquet,34554,downloaded,34554,
2026-07-17,NSE,DRREDDY,raw_l2/trade_date=2026-07-17/exchange=NSE/symbol=DRREDDY/part-042839_164471-005993.parquet,real_data_sample\l2_unseen_validation\trade_date=2026-07-17\exchange=NSE\symbol=DRREDDY\part-042839_164471-005993.parquet,34421,downloaded,34421,
2026-07-17,NSE,DRREDDY,raw_l2/trade_date=2026-07-17/exchange=NSE/symbol=DRREDDY/part-042906_949655-006057.parquet,real_data_sample\l2_unseen_validation\trade_date=2026-07-17\exchange=NSE\symbol=DRREDDY\part-042906_949655-006057.parquet,34737,downloaded,34737,
2026-07-17,NSE,DRREDDY,raw_l2/trade_date=2026-07-17/exchange=NSE/symbol=DRREDDY/part-042825_194869-005961.parquet,real_data_sample\l2_unseen_validation\trade_date=2026-07-17\exchange=NSE\symbol=DRREDDY\part-042825_194869-005961.parquet,34638,downloaded,34638,
2026-07-17,NSE,DRREDDY,raw_l2/trade_date=2026-07-17/exchange=NSE/symbol=DRREDDY/part-042757_380420-005897.parquet,real_data_sample\l2_unseen_validation\trade_date=2026-07-17\exchange=NSE\symbol=DRREDDY\part-042757_380420-005897.parquet,34615,downloaded,34615,
2026-07-17,NSE,DRREDDY,raw_l2/trade_date=2026-07-17/exchange=NSE/symbol=DRREDDY/part-042743_604365-005865.parquet,real_data_sample\l2_unseen_validation\trade_date=2026-07-17\exchange=NSE\symbol=DRREDDY\part-042743_604365-005865.parquet,34538,downloaded,34538,
2026-07-17,NSE,DRREDDY,raw_l2/trade_date=2026-07-17/exchange=NSE/symbol=DRREDDY/part-042920_947476-006089.parquet,real_data_sample\l2_unseen_validation\trade_date=2026-07-17\exchange=NSE\symbol=DRREDDY\part-042920_947476-006089.parquet,34514,downloaded,34514,
2026-07-17,NSE,DRREDDY,raw_l2/trade_date=2026-07-17/exchange=NSE/symbol=DRREDDY/part-042853_120472-006025.parquet,real_data_sample\l2_unseen_validation\trade_date=2026-07-17\exchange=NSE\symbol=DRREDDY\part-042853_120472-006025.parquet,34868,downloaded,34868,
2026-07-17,NSE,DRREDDY,raw_l2/trade_date=2026-07-17/exchange=NSE/symbol=DRREDDY/part-043017_198913-006217.parquet,real_data_sample\l2_unseen_validation\trade_date=2026-07-17\exchange=NSE\symbol=DRREDDY\part-043017_198913-006217.parquet,34684,downloaded,34684,
2026-07-17,NSE,DRREDDY,raw_l2/trade_date=2026-07-17/exchange=NSE/symbol=DRREDDY/part-042948_913781-006153.parquet,real_data_sample\l2_unseen_validation\trade_date=2026-07-17\exchange=NSE\symbol=DRREDDY\part-042948_913781-006153.parquet,34485,downloaded,34485,
2026-07-17,NSE,DRREDDY,raw_l2/trade_date=2026-07-17/exchange=NSE/symbol=DRREDDY/part-043044_909823-006281.parquet,real_data_sample\l2_unseen_validation\trade_date=2026-07-17\exchange=NSE\symbol=DRREDDY\part-043044_909823-006281.parquet,34565,downloaded,34565,
2026-07-17,NSE,DRREDDY,raw_l2/trade_date=2026-07-17/exchange=NSE/symbol=DRREDDY/part-043031_162161-006249.parquet,real_data_sample\l2_unseen_validation\trade_date=2026-07-17\exchange=NSE\symbol=DRREDDY\part-043031_162161-006249.parquet,34701,downloaded,34701,
2026-07-17,NSE,DRREDDY,raw_l2/trade_date=2026-07-17/exchange=NSE/symbol=DRREDDY/part-043126_903503-006377.parquet,real_data_sample\l2_unseen_validation\trade_date=2026-07-17\exchange=NSE\symbol=DRREDDY\part-043126_903503-006377.parquet,34556,downloaded,34556,
2026-07-17,NSE,DRREDDY,raw_l2/trade_date=2026-07-17/exchange=NSE/symbol=DRREDDY/part-043002_916615-006185.parquet,real_data_sample\l2_unseen_validation\trade_date=2026-07-17\exchange=NSE\symbol=DRREDDY\part-043002_916615-006185.parquet,34811,downloaded,34811,
2026-07-17,NSE,DRREDDY,raw_l2/trade_date=2026-07-17/exchange=NSE/symbol=DRREDDY/part-043058_629067-006313.parquet,real_data_sample\l2_unseen_validation\trade_date=2026-07-17\exchange=NSE\symbol=DRREDDY\part-043058_629067-006313.parquet,34393,downloaded,34393,
2026-07-17,NSE,DRREDDY,raw_l2/trade_date=2026-07-17/exchange=NSE/symbol=DRREDDY/part-043112_691146-006345.parquet,real_data_sample\l2_unseen_validation\trade_date=2026-07-17\exchange=NSE\symbol=DRREDDY\part-043112_691146-006345.parquet,34522,downloaded,34522,
2026-07-17,NSE,DRREDDY,raw_l2/trade_date=2026-07-17/exchange=NSE/symbol=DRREDDY/part-043223_270480-006505.parquet,real_data_sample\l2_unseen_validation\trade_date=2026-07-17\exchange=NSE\symbol=DRREDDY\part-043223_270480-006505.parquet,34741,downloaded,34741,
2026-07-17,NSE,DRREDDY,raw_l2/trade_date=2026-07-17/exchange=NSE/symbol=DRREDDY/part-043208_924122-006473.parquet,real_data_sample\l2_unseen_validation\trade_date=2026-07-17\exchange=NSE\symbol=DRREDDY\part-043208_924122-006473.parquet,34697,downloaded,34697,
2026-07-17,NSE,DRREDDY,raw_l2/trade_date=2026-07-17/exchange=NSE/symbol=DRREDDY/part-043251_370614-006569.parquet,real_data_sample\l2_unseen_validation\trade_date=2026-07-17\exchange=NSE\symbol=DRREDDY\part-043251_370614-006569.parquet,34693,downloaded,34693,
2026-07-17,NSE,DRREDDY,raw_l2/trade_date=2026-07-17/exchange=NSE/symbol=DRREDDY/part-043305_170152-006601.parquet,real_data_sample\l2_unseen_validation\trade_date=2026-07-17\exchange=NSE\symbol=DRREDDY\part-043305_170152-006601.parquet,34645,downloaded,34645,
2026-07-17,NSE,DRREDDY,raw_l2/trade_date=2026-07-17/exchange=NSE/symbol=DRREDDY/part-043319_239438-006633.parquet,real_data_sample\l2_unseen_validation\trade_date=2026-07-17\exchange=NSE\symbol=DRREDDY\part-043319_239438-006633.parquet,35327,downloaded,35327,
2026-07-17,NSE,DRREDDY,raw_l2/trade_date=2026-07-17/exchange=NSE/symbol=DRREDDY/part-043333_431883-006665.parquet,real_data_sample\l2_unseen_validation\trade_date=2026-07-17\exchange=NSE\symbol=DRREDDY\part-043333_431883-006665.parquet,35438,downloaded,35438,
2026-07-17,NSE,DRREDDY,raw_l2/trade_date=2026-07-17/exchange=NSE/symbol=DRREDDY/part-043237_407961-006537.parquet,real_data_sample\l2_unseen_validation\trade_date=2026-07-17\exchange=NSE\symbol=DRREDDY\part-043237_407961-006537.parquet,34641,downloaded,34641,
2026-07-17,NSE,DRREDDY,raw_l2/trade_date=2026-07-17/exchange=NSE/symbol=DRREDDY/part-043141_012766-006409.parquet,real_data_sample\l2_unseen_validation\trade_date=2026-07-17\exchange=NSE\symbol=DRREDDY\part-043141_012766-006409.parquet,34557,downloaded,34557,
2026-07-17,NSE,DRREDDY,raw_l2/trade_date=2026-07-17/exchange=NSE/symbol=DRREDDY/part-043347_457636-006697.parquet,real_data_sample\l2_unseen_validation\trade_date=2026-07-17\exchange=NSE\symbol=DRREDDY\part-043347_457636-006697.parquet,35086,downloaded,35086,
2026-07-17,NSE,DRREDDY,raw_l2/trade_date=2026-07-17/exchange=NSE/symbol=DRREDDY/part-043401_401849-006729.parquet,real_data_sample\l2_unseen_validation\trade_date=2026-07-17\exchange=NSE\symbol=DRREDDY\part-043401_401849-006729.parquet,35662,downloaded,35662,
2026-07-17,NSE,DRREDDY,raw_l2/trade_date=2026-07-17/exchange=NSE/symbol=DRREDDY/part-043154_877960-006441.parquet,real_data_sample\l2_unseen_validation\trade_date=2026-07-17\exchange=NSE\symbol=DRREDDY\part-043154_877960-006441.parquet,34335,downloaded,34335,
2026-07-17,NSE,DRREDDY,raw_l2/trade_date=2026-07-17/exchange=NSE/symbol=DRREDDY/part-043443_428408-006825.parquet,real_data_sample\l2_unseen_validation\trade_date=2026-07-17\exchange=NSE\symbol=DRREDDY\part-043443_428408-006825.parquet,34621,downloaded,34621,
2026-07-17,NSE,DRREDDY,raw_l2/trade_date=2026-07-17/exchange=NSE/symbol=DRREDDY/part-043457_154640-006857.parquet,real_data_sample\l2_unseen_validation\trade_date=2026-07-17\exchange=NSE\symbol=DRREDDY\part-043457_154640-006857.parquet,34586,downloaded,34586,
2026-07-17,NSE,DRREDDY,raw_l2/trade_date=2026-07-17/exchange=NSE/symbol=DRREDDY/part-043415_525971-006761.parquet,real_data_sample\l2_unseen_validation\trade_date=2026-07-17\exchange=NSE\symbol=DRREDDY\part-043415_525971-006761.parquet,34979,downloaded,34979,
2026-07-17,NSE,DRREDDY,raw_l2/trade_date=2026-07-17/exchange=NSE/symbol=DRREDDY/part-043429_442872-006793.parquet,real_data_sample\l2_unseen_validation\trade_date=2026-07-17\exchange=NSE\symbol=DRREDDY\part-043429_442872-006793.parquet,34450,downloaded,34450,
2026-07-17,NSE,DRREDDY,raw_l2/trade_date=2026-07-17/exchange=NSE/symbol=DRREDDY/part-043524_922785-006921.parquet,real_data_sample\l2_unseen_validation\trade_date=2026-07-17\exchange=NSE\symbol=DRREDDY\part-043524_922785-006921.parquet,34670,downloaded,34670,
2026-07-17,NSE,DRREDDY,raw_l2/trade_date=2026-07-17/exchange=NSE/symbol=DRREDDY/part-043811_893433-007305.parquet,real_data_sample\l2_unseen_validation\trade_date=2026-07-17\exchange=NSE\symbol=DRREDDY\part-043811_893433-007305.parquet,34649,downloaded,34649,
2026-07-17,NSE,DRREDDY,raw_l2/trade_date=2026-07-17/exchange=NSE/symbol=DRREDDY/part-043744_414935-007241.parquet,real_data_sample\l2_unseen_validation\trade_date=2026-07-17\exchange=NSE\symbol=DRREDDY\part-043744_414935-007241.parquet,34561,downloaded,34561,
2026-07-17,NSE,DRREDDY,raw_l2/trade_date=2026-07-17/exchange=NSE/symbol=DRREDDY/part-043758_121799-007273.parquet,real_data_sample\l2_unseen_validation\trade_date=2026-07-17\exchange=NSE\symbol=DRREDDY\part-043758_121799-007273.parquet,34579,downloaded,34579,
2026-07-17,NSE,DRREDDY,raw_l2/trade_date=2026-07-17/exchange=NSE/symbol=DRREDDY/part-043510_896025-006889.parquet,real_data_sample\l2_unseen_validation\trade_date=2026-07-17\exchange=NSE\symbol=DRREDDY\part-043510_896025-006889.parquet,34682,downloaded,34682,
2026-07-17,NSE,DRREDDY,raw_l2/trade_date=2026-07-17/exchange=NSE/symbol=DRREDDY/part-043826_560268-007337.parquet,real_data_sample\l2_unseen_validation\trade_date=2026-07-17\exchange=NSE\symbol=DRREDDY\part-043826_560268-007337.parquet,34706,downloaded,34706,
2026-07-17,NSE,DRREDDY,raw_l2/trade_date=2026-07-17/exchange=NSE/symbol=DRREDDY/part-043634_586990-007081.parquet,real_data_sample\l2_unseen_validation\trade_date=2026-07-17\exchange=NSE\symbol=DRREDDY\part-043634_586990-007081.parquet,35360,downloaded,35360,
2026-07-17,NSE,DRREDDY,raw_l2/trade_date=2026-07-17/exchange=NSE/symbol=DRREDDY/part-043552_650223-006985.parquet,real_data_sample\l2_unseen_validation\trade_date=2026-07-17\exchange=NSE\symbol=DRREDDY\part-043552_650223-006985.parquet,34743,downloaded,34743,
2026-07-17,NSE,DRREDDY,raw_l2/trade_date=2026-07-17/exchange=NSE/symbol=DRREDDY/part-043730_518441-007209.parquet,real_data_sample\l2_unseen_validation\trade_date=2026-07-17\exchange=NSE\symbol=DRREDDY\part-043730_518441-007209.parquet,34613,downloaded,34613,
2026-07-17,NSE,DRREDDY,raw_l2/trade_date=2026-07-17/exchange=NSE/symbol=DRREDDY/part-043620_645227-007049.parquet,real_data_sample\l2_unseen_validation\trade_date=2026-07-17\exchange=NSE\symbol=DRREDDY\part-043620_645227-007049.parquet,35574,downloaded,35574,
2026-07-17,NSE,DRREDDY,raw_l2/trade_date=2026-07-17/exchange=NSE/symbol=DRREDDY/part-043606_651099-007017.parquet,real_data_sample\l2_unseen_validation\trade_date=2026-07-17\exchange=NSE\symbol=DRREDDY\part-043606_651099-007017.parquet,34730,downloaded,34730,
2026-07-17,NSE,DRREDDY,raw_l2/trade_date=2026-07-17/exchange=NSE/symbol=DRREDDY/part-043538_621960-006953.parquet,real_data_sample\l2_unseen_validation\trade_date=2026-07-17\exchange=NSE\symbol=DRREDDY\part-043538_621960-006953.parquet,34718,downloaded,34718,
2026-07-17,NSE,DRREDDY,raw_l2/trade_date=2026-07-17/exchange=NSE/symbol=DRREDDY/part-043648_710848-007113.parquet,real_data_sample\l2_unseen_validation\trade_date=2026-07-17\exchange=NSE\symbol=DRREDDY\part-043648_710848-007113.parquet,35823,downloaded,35823,
2026-07-17,NSE,DRREDDY,raw_l2/trade_date=2026-07-17/exchange=NSE/symbol=DRREDDY/part-043716_657783-007177.parquet,real_data_sample\l2_unseen_validation\trade_date=2026-07-17\exchange=NSE\symbol=DRREDDY\part-043716_657783-007177.parquet,34880,downloaded,34880,
2026-07-17,NSE,DRREDDY,raw_l2/trade_date=2026-07-17/exchange=NSE/symbol=DRREDDY/part-043854_745522-007401.parquet,real_data_sample\l2_unseen_validation\trade_date=2026-07-17\exchange=NSE\symbol=DRREDDY\part-043854_745522-007401.parquet,34524,downloaded,34524,
2026-07-17,NSE,DRREDDY,raw_l2/trade_date=2026-07-17/exchange=NSE/symbol=DRREDDY/part-043702_680680-007145.parquet,real_data_sample\l2_unseen_validation\trade_date=2026-07-17\exchange=NSE\symbol=DRREDDY\part-043702_680680-007145.parquet,35543,downloaded,35543,
2026-07-17,NSE,DRREDDY,raw_l2/trade_date=2026-07-17/exchange=NSE/symbol=DRREDDY/part-043840_658228-007369.parquet,real_data_sample\l2_unseen_validation\trade_date=2026-07-17\exchange=NSE\symbol=DRREDDY\part-043840_658228-007369.parquet,34751,downloaded,34751,
2026-07-17,NSE,DRREDDY,raw_l2/trade_date=2026-07-17/exchange=NSE/symbol=DRREDDY/part-044017_127410-007593.parquet,real_data_sample\l2_unseen_validation\trade_date=2026-07-17\exchange=NSE\symbol=DRREDDY\part-044017_127410-007593.parquet,34747,downloaded,34747,
2026-07-17,NSE,DRREDDY,raw_l2/trade_date=2026-07-17/exchange=NSE/symbol=DRREDDY/part-043908_638233-007433.parquet,real_data_sample\l2_unseen_validation\trade_date=2026-07-17\exchange=NSE\symbol=DRREDDY\part-043908_638233-007433.parquet,34490,downloaded,34490,
2026-07-17,NSE,DRREDDY,raw_l2/trade_date=2026-07-17/exchange=NSE/symbol=DRREDDY/part-043949_693572-007529.parquet,real_data_sample\l2_unseen_validation\trade_date=2026-07-17\exchange=NSE\symbol=DRREDDY\part-043949_693572-007529.parquet,34665,downloaded,34665,
2026-07-17,NSE,DRREDDY,raw_l2/trade_date=2026-07-17/exchange=NSE/symbol=DRREDDY/part-044003_365388-007561.parquet,real_data_sample\l2_unseen_validation\trade_date=2026-07-17\exchange=NSE\symbol=DRREDDY\part-044003_365388-007561.parquet,34568,downloaded,34568,
2026-07-17,NSE,DRREDDY,raw_l2/trade_date=2026-07-17/exchange=NSE/symbol=DRREDDY/part-043922_325412-007465.parquet,real_data_sample\l2_unseen_validation\trade_date=2026-07-17\exchange=NSE\symbol=DRREDDY\part-043922_325412-007465.parquet,34585,downloaded,34585,
2026-07-17,NSE,DRREDDY,raw_l2/trade_date=2026-07-17/exchange=NSE/symbol=DRREDDY/part-043935_844870-007497.parquet,real_data_sample\l2_unseen_validation\trade_date=2026-07-17\exchange=NSE\symbol=DRREDDY\part-043935_844870-007497.parquet,34553,downloaded,34553,
2026-07-17,NSE,DRREDDY,raw_l2/trade_date=2026-07-17/exchange=NSE/symbol=DRREDDY/part-044044_613304-007657.parquet,real_data_sample\l2_unseen_validation\trade_date=2026-07-17\exchange=NSE\symbol=DRREDDY\part-044044_613304-007657.parquet,34622,downloaded,34622,
2026-07-17,NSE,DRREDDY,raw_l2/trade_date=2026-07-17/exchange=NSE/symbol=DRREDDY/part-044030_890480-007625.parquet,real_data_sample\l2_unseen_validation\trade_date=2026-07-17\exchange=NSE\symbol=DRREDDY\part-044030_890480-007625.parquet,34691,downloaded,34691,
2026-07-17,NSE,DRREDDY,raw_l2/trade_date=2026-07-17/exchange=NSE/symbol=DRREDDY/part-044139_619072-007785.parquet,real_data_sample\l2_unseen_validation\trade_date=2026-07-17\exchange=NSE\symbol=DRREDDY\part-044139_619072-007785.parquet,34590,downloaded,34590,
2026-07-17,NSE,DRREDDY,raw_l2/trade_date=2026-07-17/exchange=NSE/symbol=DRREDDY/part-044125_874482-007753.parquet,real_data_sample\l2_unseen_validation\trade_date=2026-07-17\exchange=NSE\symbol=DRREDDY\part-044125_874482-007753.parquet,34364,downloaded,34364,
2026-07-17,NSE,DRREDDY,raw_l2/trade_date=2026-07-17/exchange=NSE/symbol=DRREDDY/part-044058_339274-007689.parquet,real_data_sample\l2_unseen_validation\trade_date=2026-07-17\exchange=NSE\symbol=DRREDDY\part-044058_339274-007689.parquet,34602,downloaded,34602,
2026-07-17,NSE,DRREDDY,raw_l2/trade_date=2026-07-17/exchange=NSE/symbol=DRREDDY/part-044112_121239-007721.parquet,real_data_sample\l2_unseen_validation\trade_date=2026-07-17\exchange=NSE\symbol=DRREDDY\part-044112_121239-007721.parquet,34496,downloaded,34496,
2026-07-17,NSE,DRREDDY,raw_l2/trade_date=2026-07-17/exchange=NSE/symbol=DRREDDY/part-044207_101630-007849.parquet,real_data_sample\l2_unseen_validation\trade_date=2026-07-17\exchange=NSE\symbol=DRREDDY\part-044207_101630-007849.parquet,34701,downloaded,34701,
2026-07-17,NSE,DRREDDY,raw_l2/trade_date=2026-07-17/exchange=NSE/symbol=DRREDDY/part-044153_368977-007817.parquet,real_data_sample\l2_unseen_validation\trade_date=2026-07-17\exchange=NSE\symbol=DRREDDY\part-044153_368977-007817.parquet,34606,downloaded,34606,
2026-07-17,NSE,DRREDDY,raw_l2/trade_date=2026-07-17/exchange=NSE/symbol=DRREDDY/part-044220_868063-007881.parquet,real_data_sample\l2_unseen_validation\trade_date=2026-07-17\exchange=NSE\symbol=DRREDDY\part-044220_868063-007881.parquet,34601,downloaded,34601,
2026-07-17,NSE,DRREDDY,raw_l2/trade_date=2026-07-17/exchange=NSE/symbol=DRREDDY/part-044330_519897-008041.parquet,real_data_sample\l2_unseen_validation\trade_date=2026-07-17\exchange=NSE\symbol=DRREDDY\part-044330_519897-008041.parquet,34642,downloaded,34642,
2026-07-17,NSE,DRREDDY,raw_l2/trade_date=2026-07-17/exchange=NSE/symbol=DRREDDY/part-044248_861489-007945.parquet,real_data_sample\l2_unseen_validation\trade_date=2026-07-17\exchange=NSE\symbol=DRREDDY\part-044248_861489-007945.parquet,34651,downloaded,34651,
2026-07-17,NSE,DRREDDY,raw_l2/trade_date=2026-07-17/exchange=NSE/symbol=DRREDDY/part-044316_649565-008009.parquet,real_data_sample\l2_unseen_validation\trade_date=2026-07-17\exchange=NSE\symbol=DRREDDY\part-044316_649565-008009.parquet,34715,downloaded,34715,
2026-07-17,NSE,DRREDDY,raw_l2/trade_date=2026-07-17/exchange=NSE/symbol=DRREDDY/part-044234_874604-007913.parquet,real_data_sample\l2_unseen_validation\trade_date=2026-07-17\exchange=NSE\symbol=DRREDDY\part-044234_874604-007913.parquet,34588,downloaded,34588,
2026-07-17,NSE,DRREDDY,raw_l2/trade_date=2026-07-17/exchange=NSE/symbol=DRREDDY/part-044548_364463-008361.parquet,real_data_sample\l2_unseen_validation\trade_date=2026-07-17\exchange=NSE\symbol=DRREDDY\part-044548_364463-008361.parquet,34528,downloaded,34528,
2026-07-17,NSE,DRREDDY,raw_l2/trade_date=2026-07-17/exchange=NSE/symbol=DRREDDY/part-044602_174700-008393.parquet,real_data_sample\l2_unseen_validation\trade_date=2026-07-17\exchange=NSE\symbol=DRREDDY\part-044602_174700-008393.parquet,34789,downloaded,34789,
2026-07-17,NSE,DRREDDY,raw_l2/trade_date=2026-07-17/exchange=NSE/symbol=DRREDDY/part-044439_382769-008201.parquet,real_data_sample\l2_unseen_validation\trade_date=2026-07-17\exchange=NSE\symbol=DRREDDY\part-044439_382769-008201.parquet,34756,downloaded,34756,
2026-07-17,NSE,DRREDDY,raw_l2/trade_date=2026-07-17/exchange=NSE/symbol=DRREDDY/part-044453_378423-008233.parquet,real_data_sample\l2_unseen_validation\trade_date=2026-07-17\exchange=NSE\symbol=DRREDDY\part-044453_378423-008233.parquet,34432,downloaded,34432,
2026-07-17,NSE,DRREDDY,raw_l2/trade_date=2026-07-17/exchange=NSE/symbol=DRREDDY/part-044534_610108-008329.parquet,real_data_sample\l2_unseen_validation\trade_date=2026-07-17\exchange=NSE\symbol=DRREDDY\part-044534_610108-008329.parquet,34707,downloaded,34707,
2026-07-17,NSE,DRREDDY,raw_l2/trade_date=2026-07-17/exchange=NSE/symbol=DRREDDY/part-044507_126699-008265.parquet,real_data_sample\l2_unseen_validation\trade_date=2026-07-17\exchange=NSE\symbol=DRREDDY\part-044507_126699-008265.parquet,34683,downloaded,34683,
2026-07-17,NSE,DRREDDY,raw_l2/trade_date=2026-07-17/exchange=NSE/symbol=DRREDDY/part-044520_868897-008297.parquet,real_data_sample\l2_unseen_validation\trade_date=2026-07-17\exchange=NSE\symbol=DRREDDY\part-044520_868897-008297.parquet,34701,downloaded,34701,
2026-07-17,NSE,DRREDDY,raw_l2/trade_date=2026-07-17/exchange=NSE/symbol=DRREDDY/part-044425_608704-008169.parquet,real_data_sample\l2_unseen_validation\trade_date=2026-07-17\exchange=NSE\symbol=DRREDDY\part-044425_608704-008169.parquet,34639,downloaded,34639,
2026-07-17,NSE,DRREDDY,raw_l2/trade_date=2026-07-17/exchange=NSE/symbol=DRREDDY/part-044344_360046-008073.parquet,real_data_sample\l2_unseen_validation\trade_date=2026-07-17\exchange=NSE\symbol=DRREDDY\part-044344_360046-008073.parquet,34581,downloaded,34581,
2026-07-17,NSE,DRREDDY,raw_l2/trade_date=2026-07-17/exchange=NSE/symbol=DRREDDY/part-044411_886364-008137.parquet,real_data_sample\l2_unseen_validation\trade_date=2026-07-17\exchange=NSE\symbol=DRREDDY\part-044411_886364-008137.parquet,34721,downloaded,34721,
2026-07-17,NSE,DRREDDY,raw_l2/trade_date=2026-07-17/exchange=NSE/symbol=DRREDDY/part-044302_637312-007977.parquet,real_data_sample\l2_unseen_validation\trade_date=2026-07-17\exchange=NSE\symbol=DRREDDY\part-044302_637312-007977.parquet,34752,downloaded,34752,
2026-07-17,NSE,DRREDDY,raw_l2/trade_date=2026-07-17/exchange=NSE/symbol=DRREDDY/part-044358_167343-008105.parquet,real_data_sample\l2_unseen_validation\trade_date=2026-07-17\exchange=NSE\symbol=DRREDDY\part-044358_167343-008105.parquet,34657,downloaded,34657,
2026-07-17,NSE,DRREDDY,raw_l2/trade_date=2026-07-17/exchange=NSE/symbol=DRREDDY/part-044753_105952-008649.parquet,real_data_sample\l2_unseen_validation\trade_date=2026-07-17\exchange=NSE\symbol=DRREDDY\part-044753_105952-008649.parquet,34772,downloaded,34772,
2026-07-17,NSE,DRREDDY,raw_l2/trade_date=2026-07-17/exchange=NSE/symbol=DRREDDY/part-044629_873639-008457.parquet,real_data_sample\l2_unseen_validation\trade_date=2026-07-17\exchange=NSE\symbol=DRREDDY\part-044629_873639-008457.parquet,34648,downloaded,34648,
2026-07-17,NSE,DRREDDY,raw_l2/trade_date=2026-07-17/exchange=NSE/symbol=DRREDDY/part-044806_876125-008681.parquet,real_data_sample\l2_unseen_validation\trade_date=2026-07-17\exchange=NSE\symbol=DRREDDY\part-044806_876125-008681.parquet,34681,downloaded,34681,
2026-07-17,NSE,DRREDDY,raw_l2/trade_date=2026-07-17/exchange=NSE/symbol=DRREDDY/part-044616_126299-008425.parquet,real_data_sample\l2_unseen_validation\trade_date=2026-07-17\exchange=NSE\symbol=DRREDDY\part-044616_126299-008425.parquet,34680,downloaded,34680,
2026-07-17,NSE,DRREDDY,raw_l2/trade_date=2026-07-17/exchange=NSE/symbol=DRREDDY/part-044834_682846-008745.parquet,real_data_sample\l2_unseen_validation\trade_date=2026-07-17\exchange=NSE\symbol=DRREDDY\part-044834_682846-008745.parquet,34759,downloaded,34759,
2026-07-17,NSE,DRREDDY,raw_l2/trade_date=2026-07-17/exchange=NSE/symbol=DRREDDY/part-044820_645361-008713.parquet,real_data_sample\l2_unseen_validation\trade_date=2026-07-17\exchange=NSE\symbol=DRREDDY\part-044820_645361-008713.parquet,34653,downloaded,34653,
2026-07-17,NSE,DRREDDY,raw_l2/trade_date=2026-07-17/exchange=NSE/symbol=DRREDDY/part-044725_137330-008585.parquet,real_data_sample\l2_unseen_validation\trade_date=2026-07-17\exchange=NSE\symbol=DRREDDY\part-044725_137330-008585.parquet,34661,downloaded,34661,
2026-07-17,NSE,DRREDDY,raw_l2/trade_date=2026-07-17/exchange=NSE/symbol=DRREDDY/part-044739_054558-008617.parquet,real_data_sample\l2_unseen_validation\trade_date=2026-07-17\exchange=NSE\symbol=DRREDDY\part-044739_054558-008617.parquet,34437,downloaded,34437,
2026-07-17,NSE,DRREDDY,raw_l2/trade_date=2026-07-17/exchange=NSE/symbol=DRREDDY/part-044711_390356-008553.parquet,real_data_sample\l2_unseen_validation\trade_date=2026-07-17\exchange=NSE\symbol=DRREDDY\part-044711_390356-008553.parquet,34800,downloaded,34800,
2026-07-17,NSE,DRREDDY,raw_l2/trade_date=2026-07-17/exchange=NSE/symbol=DRREDDY/part-044657_627493-008521.parquet,real_data_sample\l2_unseen_validation\trade_date=2026-07-17\exchange=NSE\symbol=DRREDDY\part-044657_627493-008521.parquet,34647,downloaded,34647,
2026-07-17,NSE,DRREDDY,raw_l2/trade_date=2026-07-17/exchange=NSE/symbol=DRREDDY/part-044643_717425-008489.parquet,real_data_sample\l2_unseen_validation\trade_date=2026-07-17\exchange=NSE\symbol=DRREDDY\part-044643_717425-008489.parquet,34622,downloaded,34622,
2026-07-17,NSE,DRREDDY,raw_l2/trade_date=2026-07-17/exchange=NSE/symbol=DRREDDY/part-044915_893192-008841.parquet,real_data_sample\l2_unseen_validation\trade_date=2026-07-17\exchange=NSE\symbol=DRREDDY\part-044915_893192-008841.parquet,34394,downloaded,34394,
2026-07-17,NSE,DRREDDY,raw_l2/trade_date=2026-07-17/exchange=NSE/symbol=DRREDDY/part-044929_622737-008873.parquet,real_data_sample\l2_unseen_validation\trade_date=2026-07-17\exchange=NSE\symbol=DRREDDY\part-044929_622737-008873.parquet,34808,downloaded,34808,
2026-07-17,NSE,DRREDDY,raw_l2/trade_date=2026-07-17/exchange=NSE/symbol=DRREDDY/part-044943_364662-008905.parquet,real_data_sample\l2_unseen_validation\trade_date=2026-07-17\exchange=NSE\symbol=DRREDDY\part-044943_364662-008905.parquet,34622,downloaded,34622,
2026-07-17,NSE,DRREDDY,raw_l2/trade_date=2026-07-17/exchange=NSE/symbol=DRREDDY/part-044848_345095-008777.parquet,real_data_sample\l2_unseen_validation\trade_date=2026-07-17\exchange=NSE\symbol=DRREDDY\part-044848_345095-008777.parquet,34633,downloaded,34633,
2026-07-17,NSE,DRREDDY,raw_l2/trade_date=2026-07-17/exchange=NSE/symbol=DRREDDY/part-044902_154450-008809.parquet,real_data_sample\l2_unseen_validation\trade_date=2026-07-17\exchange=NSE\symbol=DRREDDY\part-044902_154450-008809.parquet,34698,downloaded,34698,
2026-07-17,NSE,DRREDDY,raw_l2/trade_date=2026-07-17/exchange=NSE/symbol=DRREDDY/part-044957_130068-008937.parquet,real_data_sample\l2_unseen_validation\trade_date=2026-07-17\exchange=NSE\symbol=DRREDDY\part-044957_130068-008937.parquet,34631,downloaded,34631,
2026-07-17,NSE,DRREDDY,raw_l2/trade_date=2026-07-17/exchange=NSE/symbol=DRREDDY/part-045119_711728-009129.parquet,real_data_sample\l2_unseen_validation\trade_date=2026-07-17\exchange=NSE\symbol=DRREDDY\part-045119_711728-009129.parquet,34691,downloaded,34691,
2026-07-17,NSE,DRREDDY,raw_l2/trade_date=2026-07-17/exchange=NSE/symbol=DRREDDY/part-045133_701290-009161.parquet,real_data_sample\l2_unseen_validation\trade_date=2026-07-17\exchange=NSE\symbol=DRREDDY\part-045133_701290-009161.parquet,34563,downloaded,34563,
2026-07-17,NSE,DRREDDY,raw_l2/trade_date=2026-07-17/exchange=NSE/symbol=DRREDDY/part-045010_850630-008969.parquet,real_data_sample\l2_unseen_validation\trade_date=2026-07-17\exchange=NSE\symbol=DRREDDY\part-045010_850630-008969.parquet,34652,downloaded,34652,
2026-07-17,NSE,DRREDDY,raw_l2/trade_date=2026-07-17/exchange=NSE/symbol=DRREDDY/part-045038_120059-009033.parquet,real_data_sample\l2_unseen_validation\trade_date=2026-07-17\exchange=NSE\symbol=DRREDDY\part-045038_120059-009033.parquet,34652,downloaded,34652,
2026-07-17,NSE,DRREDDY,raw_l2/trade_date=2026-07-17/exchange=NSE/symbol=DRREDDY/part-045024_579704-009001.parquet,real_data_sample\l2_unseen_validation\trade_date=2026-07-17\exchange=NSE\symbol=DRREDDY\part-045024_579704-009001.parquet,34593,downloaded,34593,
2026-07-17,NSE,DRREDDY,raw_l2/trade_date=2026-07-17/exchange=NSE/symbol=DRREDDY/part-045229_423213-009289.parquet,real_data_sample\l2_unseen_validation\trade_date=2026-07-17\exchange=NSE\symbol=DRREDDY\part-045229_423213-009289.parquet,34721,downloaded,34721,
2026-07-17,NSE,DRREDDY,raw_l2/trade_date=2026-07-17/exchange=NSE/symbol=DRREDDY/part-045201_710247-009225.parquet,real_data_sample\l2_unseen_validation\trade_date=2026-07-17\exchange=NSE\symbol=DRREDDY\part-045201_710247-009225.parquet,34578,downloaded,34578,
2026-07-17,NSE,DRREDDY,raw_l2/trade_date=2026-07-17/exchange=NSE/symbol=DRREDDY/part-045215_603064-009257.parquet,real_data_sample\l2_unseen_validation\trade_date=2026-07-17\exchange=NSE\symbol=DRREDDY\part-045215_603064-009257.parquet,34616,downloaded,34616,
2026-07-17,NSE,DRREDDY,raw_l2/trade_date=2026-07-17/exchange=NSE/symbol=DRREDDY/part-045311_150873-009385.parquet,real_data_sample\l2_unseen_validation\trade_date=2026-07-17\exchange=NSE\symbol=DRREDDY\part-045311_150873-009385.parquet,34571,downloaded,34571,
2026-07-17,NSE,DRREDDY,raw_l2/trade_date=2026-07-17/exchange=NSE/symbol=DRREDDY/part-045257_158607-009353.parquet,real_data_sample\l2_unseen_validation\trade_date=2026-07-17\exchange=NSE\symbol=DRREDDY\part-045257_158607-009353.parquet,34667,downloaded,34667,
2026-07-17,NSE,DRREDDY,raw_l2/trade_date=2026-07-17/exchange=NSE/symbol=DRREDDY/part-045147_629259-009193.parquet,real_data_sample\l2_unseen_validation\trade_date=2026-07-17\exchange=NSE\symbol=DRREDDY\part-045147_629259-009193.parquet,34437,downloaded,34437,
2026-07-17,NSE,DRREDDY,raw_l2/trade_date=2026-07-17/exchange=NSE/symbol=DRREDDY/part-045105_779398-009097.parquet,real_data_sample\l2_unseen_validation\trade_date=2026-07-17\exchange=NSE\symbol=DRREDDY\part-045105_779398-009097.parquet,34646,downloaded,34646,
2026-07-17,NSE,DRREDDY,raw_l2/trade_date=2026-07-17/exchange=NSE/symbol=DRREDDY/part-045051_849292-009065.parquet,real_data_sample\l2_unseen_validation\trade_date=2026-07-17\exchange=NSE\symbol=DRREDDY\part-045051_849292-009065.parquet,34730,downloaded,34730,
2026-07-17,NSE,DRREDDY,raw_l2/trade_date=2026-07-17/exchange=NSE/symbol=DRREDDY/part-045243_123801-009321.parquet,real_data_sample\l2_unseen_validation\trade_date=2026-07-17\exchange=NSE\symbol=DRREDDY\part-045243_123801-009321.parquet,34478,downloaded,34478,
2026-07-17,NSE,DRREDDY,raw_l2/trade_date=2026-07-17/exchange=NSE/symbol=DRREDDY/part-045338_894032-009449.parquet,real_data_sample\l2_unseen_validation\trade_date=2026-07-17\exchange=NSE\symbol=DRREDDY\part-045338_894032-009449.parquet,34651,downloaded,34651,
2026-07-17,NSE,DRREDDY,raw_l2/trade_date=2026-07-17/exchange=NSE/symbol=DRREDDY/part-045434_919943-009577.parquet,real_data_sample\l2_unseen_validation\trade_date=2026-07-17\exchange=NSE\symbol=DRREDDY\part-045434_919943-009577.parquet,34686,downloaded,34686,
2026-07-17,NSE,DRREDDY,raw_l2/trade_date=2026-07-17/exchange=NSE/symbol=DRREDDY/part-045352_926830-009481.parquet,real_data_sample\l2_unseen_validation\trade_date=2026-07-17\exchange=NSE\symbol=DRREDDY\part-045352_926830-009481.parquet,34586,downloaded,34586,
2026-07-17,NSE,DRREDDY,raw_l2/trade_date=2026-07-17/exchange=NSE/symbol=DRREDDY/part-045325_178674-009417.parquet,real_data_sample\l2_unseen_validation\trade_date=2026-07-17\exchange=NSE\symbol=DRREDDY\part-045325_178674-009417.parquet,34651,downloaded,34651,
2026-07-17,NSE,DRREDDY,raw_l2/trade_date=2026-07-17/exchange=NSE/symbol=DRREDDY/part-045448_950796-009609.parquet,real_data_sample\l2_unseen_validation\trade_date=2026-07-17\exchange=NSE\symbol=DRREDDY\part-045448_950796-009609.parquet,34624,downloaded,34624,
2026-07-17,NSE,DRREDDY,raw_l2/trade_date=2026-07-17/exchange=NSE/symbol=DRREDDY/part-045559_156427-009769.parquet,real_data_sample\l2_unseen_validation\trade_date=2026-07-17\exchange=NSE\symbol=DRREDDY\part-045559_156427-009769.parquet,34642,downloaded,34642,
2026-07-17,NSE,DRREDDY,raw_l2/trade_date=2026-07-17/exchange=NSE/symbol=DRREDDY/part-045406_965595-009513.parquet,real_data_sample\l2_unseen_validation\trade_date=2026-07-17\exchange=NSE\symbol=DRREDDY\part-045406_965595-009513.parquet,34780,downloaded,34780,
2026-07-17,NSE,DRREDDY,raw_l2/trade_date=2026-07-17/exchange=NSE/symbol=DRREDDY/part-045420_968607-009545.parquet,real_data_sample\l2_unseen_validation\trade_date=2026-07-17\exchange=NSE\symbol=DRREDDY\part-045420_968607-009545.parquet,34749,downloaded,34749,
2026-07-17,NSE,DRREDDY,raw_l2/trade_date=2026-07-17/exchange=NSE/symbol=DRREDDY/part-045502_958112-009641.parquet,real_data_sample\l2_unseen_validation\trade_date=2026-07-17\exchange=NSE\symbol=DRREDDY\part-045502_958112-009641.parquet,34656,downloaded,34656,
2026-07-17,NSE,DRREDDY,raw_l2/trade_date=2026-07-17/exchange=NSE/symbol=DRREDDY/part-045545_174317-009737.parquet,real_data_sample\l2_unseen_validation\trade_date=2026-07-17\exchange=NSE\symbol=DRREDDY\part-045545_174317-009737.parquet,34495,downloaded,34495,
2026-07-17,NSE,DRREDDY,raw_l2/trade_date=2026-07-17/exchange=NSE/symbol=DRREDDY/part-045517_247311-009673.parquet,real_data_sample\l2_unseen_validation\trade_date=2026-07-17\exchange=NSE\symbol=DRREDDY\part-045517_247311-009673.parquet,34540,downloaded,34540,
2026-07-17,NSE,DRREDDY,raw_l2/trade_date=2026-07-17/exchange=NSE/symbol=DRREDDY/part-045531_147562-009705.parquet,real_data_sample\l2_unseen_validation\trade_date=2026-07-17\exchange=NSE\symbol=DRREDDY\part-045531_147562-009705.parquet,34707,downloaded,34707,
2026-07-17,NSE,DRREDDY,raw_l2/trade_date=2026-07-17/exchange=NSE/symbol=DRREDDY/part-045613_167767-009801.parquet,real_data_sample\l2_unseen_validation\trade_date=2026-07-17\exchange=NSE\symbol=DRREDDY\part-045613_167767-009801.parquet,34671,downloaded,34671,
2026-07-17,NSE,DRREDDY,raw_l2/trade_date=2026-07-17/exchange=NSE/symbol=DRREDDY/part-045641_445673-009865.parquet,real_data_sample\l2_unseen_validation\trade_date=2026-07-17\exchange=NSE\symbol=DRREDDY\part-045641_445673-009865.parquet,34737,downloaded,34737,
2026-07-17,NSE,DRREDDY,raw_l2/trade_date=2026-07-17/exchange=NSE/symbol=DRREDDY/part-045627_303183-009833.parquet,real_data_sample\l2_unseen_validation\trade_date=2026-07-17\exchange=NSE\symbol=DRREDDY\part-045627_303183-009833.parquet,34602,downloaded,34602,
2026-07-17,NSE,DRREDDY,raw_l2/trade_date=2026-07-17/exchange=NSE/symbol=DRREDDY/part-045709_801260-009929.parquet,real_data_sample\l2_unseen_validation\trade_date=2026-07-17\exchange=NSE\symbol=DRREDDY\part-045709_801260-009929.parquet,34719,downloaded,34719,
2026-07-17,NSE,DRREDDY,raw_l2/trade_date=2026-07-17/exchange=NSE/symbol=DRREDDY/part-045655_914220-009897.parquet,real_data_sample\l2_unseen_validation\trade_date=2026-07-17\exchange=NSE\symbol=DRREDDY\part-045655_914220-009897.parquet,34662,downloaded,34662,
2026-07-17,NSE,DRREDDY,raw_l2/trade_date=2026-07-17/exchange=NSE/symbol=DRREDDY/part-045724_189144-009961.parquet,real_data_sample\l2_unseen_validation\trade_date=2026-07-17\exchange=NSE\symbol=DRREDDY\part-045724_189144-009961.parquet,34669,downloaded,34669,
2026-07-17,NSE,DRREDDY,raw_l2/trade_date=2026-07-17/exchange=NSE/symbol=DRREDDY/part-045738_223505-009993.parquet,real_data_sample\l2_unseen_validation\trade_date=2026-07-17\exchange=NSE\symbol=DRREDDY\part-045738_223505-009993.parquet,34552,downloaded,34552,
2026-07-17,NSE,DRREDDY,raw_l2/trade_date=2026-07-17/exchange=NSE/symbol=DRREDDY/part-050426_889896-010921.parquet,real_data_sample\l2_unseen_validation\trade_date=2026-07-17\exchange=NSE\symbol=DRREDDY\part-050426_889896-010921.parquet,35038,downloaded,35038,
2026-07-17,NSE,DRREDDY,raw_l2/trade_date=2026-07-17/exchange=NSE/symbol=DRREDDY/part-045959_208726-010313.parquet,real_data_sample\l2_unseen_validation\trade_date=2026-07-17\exchange=NSE\symbol=DRREDDY\part-045959_208726-010313.parquet,34766,downloaded,34766,
2026-07-17,NSE,DRREDDY,raw_l2/trade_date=2026-07-17/exchange=NSE/symbol=DRREDDY/part-050233_399405-010665.parquet,real_data_sample\l2_unseen_validation\trade_date=2026-07-17\exchange=NSE\symbol=DRREDDY\part-050233_399405-010665.parquet,34814,downloaded,34814,
2026-07-17,NSE,DRREDDY,raw_l2/trade_date=2026-07-17/exchange=NSE/symbol=DRREDDY/part-050316_424471-010761.parquet,real_data_sample\l2_unseen_validation\trade_date=2026-07-17\exchange=NSE\symbol=DRREDDY\part-050316_424471-010761.parquet,34958,downloaded,34958,
2026-07-17,NSE,DRREDDY,raw_l2/trade_date=2026-07-17/exchange=NSE/symbol=DRREDDY/part-045806_441513-010057.parquet,real_data_sample\l2_unseen_validation\trade_date=2026-07-17\exchange=NSE\symbol=DRREDDY\part-045806_441513-010057.parquet,34652,downloaded,34652,
2026-07-17,NSE,DRREDDY,raw_l2/trade_date=2026-07-17/exchange=NSE/symbol=DRREDDY/part-045834_715813-010121.parquet,real_data_sample\l2_unseen_validation\trade_date=2026-07-17\exchange=NSE\symbol=DRREDDY\part-045834_715813-010121.parquet,34927,downloaded,34927,
2026-07-17,NSE,DRREDDY,raw_l2/trade_date=2026-07-17/exchange=NSE/symbol=DRREDDY/part-045820_627090-010089.parquet,real_data_sample\l2_unseen_validation\trade_date=2026-07-17\exchange=NSE\symbol=DRREDDY\part-045820_627090-010089.parquet,34979,downloaded,34979,
2026-07-17,NSE,DRREDDY,raw_l2/trade_date=2026-07-17/exchange=NSE/symbol=DRREDDY/part-045848_952093-010153.parquet,real_data_sample\l2_unseen_validation\trade_date=2026-07-17\exchange=NSE\symbol=DRREDDY\part-045848_952093-010153.parquet,34775,downloaded,34775,
2026-07-17,NSE,DRREDDY,raw_l2/trade_date=2026-07-17/exchange=NSE/symbol=DRREDDY/part-050205_192419-010601.parquet,real_data_sample\l2_unseen_validation\trade_date=2026-07-17\exchange=NSE\symbol=DRREDDY\part-050205_192419-010601.parquet,34626,downloaded,34626,
2026-07-17,NSE,DRREDDY,raw_l2/trade_date=2026-07-17/exchange=NSE/symbol=DRREDDY/part-050301_980444-010729.parquet,real_data_sample\l2_unseen_validation\trade_date=2026-07-17\exchange=NSE\symbol=DRREDDY\part-050301_980444-010729.parquet,34608,downloaded,34608,
2026-07-17,NSE,DRREDDY,raw_l2/trade_date=2026-07-17/exchange=NSE/symbol=DRREDDY/part-050027_128748-010377.parquet,real_data_sample\l2_unseen_validation\trade_date=2026-07-17\exchange=NSE\symbol=DRREDDY\part-050027_128748-010377.parquet,34668,downloaded,34668,
2026-07-17,NSE,DRREDDY,raw_l2/trade_date=2026-07-17/exchange=NSE/symbol=DRREDDY/part-050013_339343-010345.parquet,real_data_sample\l2_unseen_validation\trade_date=2026-07-17\exchange=NSE\symbol=DRREDDY\part-050013_339343-010345.parquet,34769,downloaded,34769,
2026-07-17,NSE,DRREDDY,raw_l2/trade_date=2026-07-17/exchange=NSE/symbol=DRREDDY/part-050412_747837-010889.parquet,real_data_sample\l2_unseen_validation\trade_date=2026-07-17\exchange=NSE\symbol=DRREDDY\part-050412_747837-010889.parquet,34753,downloaded,34753,
2026-07-17,NSE,DRREDDY,raw_l2/trade_date=2026-07-17/exchange=NSE/symbol=DRREDDY/part-050330_494842-010793.parquet,real_data_sample\l2_unseen_validation\trade_date=2026-07-17\exchange=NSE\symbol=DRREDDY\part-050330_494842-010793.parquet,34916,downloaded,34916,
2026-07-17,NSE,DRREDDY,raw_l2/trade_date=2026-07-17/exchange=NSE/symbol=DRREDDY/part-050358_526910-010857.parquet,real_data_sample\l2_unseen_validation\trade_date=2026-07-17\exchange=NSE\symbol=DRREDDY\part-050358_526910-010857.parquet,34657,downloaded,34657,
2026-07-17,NSE,DRREDDY,raw_l2/trade_date=2026-07-17/exchange=NSE/symbol=DRREDDY/part-050344_431790-010825.parquet,real_data_sample\l2_unseen_validation\trade_date=2026-07-17\exchange=NSE\symbol=DRREDDY\part-050344_431790-010825.parquet,34614,downloaded,34614,
2026-07-17,NSE,DRREDDY,raw_l2/trade_date=2026-07-17/exchange=NSE/symbol=DRREDDY/part-050041_022611-010409.parquet,real_data_sample\l2_unseen_validation\trade_date=2026-07-17\exchange=NSE\symbol=DRREDDY\part-050041_022611-010409.parquet,34642,downloaded,34642,
2026-07-17,NSE,DRREDDY,raw_l2/trade_date=2026-07-17/exchange=NSE/symbol=DRREDDY/part-050536_627960-011081.parquet,real_data_sample\l2_unseen_validation\trade_date=2026-07-17\exchange=NSE\symbol=DRREDDY\part-050536_627960-011081.parquet,34676,downloaded,34676,
2026-07-17,NSE,DRREDDY,raw_l2/trade_date=2026-07-17/exchange=NSE/symbol=DRREDDY/part-050633_532852-011209.parquet,real_data_sample\l2_unseen_validation\trade_date=2026-07-17\exchange=NSE\symbol=DRREDDY\part-050633_532852-011209.parquet,34647,downloaded,34647,
2026-07-17,NSE,DRREDDY,raw_l2/trade_date=2026-07-17/exchange=NSE/symbol=DRREDDY/part-050454_690036-010985.parquet,real_data_sample\l2_unseen_validation\trade_date=2026-07-17\exchange=NSE\symbol=DRREDDY\part-050454_690036-010985.parquet,34891,downloaded,34891,
2026-07-17,NSE,DRREDDY,raw_l2/trade_date=2026-07-17/exchange=NSE/symbol=DRREDDY/part-050702_222912-011273.parquet,real_data_sample\l2_unseen_validation\trade_date=2026-07-17\exchange=NSE\symbol=DRREDDY\part-050702_222912-011273.parquet,34813,downloaded,34813,
2026-07-17,NSE,DRREDDY,raw_l2/trade_date=2026-07-17/exchange=NSE/symbol=DRREDDY/part-050716_307524-011305.parquet,real_data_sample\l2_unseen_validation\trade_date=2026-07-17\exchange=NSE\symbol=DRREDDY\part-050716_307524-011305.parquet,34834,downloaded,34834,
2026-07-17,NSE,DRREDDY,raw_l2/trade_date=2026-07-17/exchange=NSE/symbol=DRREDDY/part-050730_371264-011337.parquet,real_data_sample\l2_unseen_validation\trade_date=2026-07-17\exchange=NSE\symbol=DRREDDY\part-050730_371264-011337.parquet,34813,downloaded,34813,
2026-07-17,NSE,DRREDDY,raw_l2/trade_date=2026-07-17/exchange=NSE/symbol=DRREDDY/part-050618_764692-011177.parquet,real_data_sample\l2_unseen_validation\trade_date=2026-07-17\exchange=NSE\symbol=DRREDDY\part-050618_764692-011177.parquet,34665,downloaded,34665,
2026-07-17,NSE,DRREDDY,raw_l2/trade_date=2026-07-17/exchange=NSE/symbol=DRREDDY/part-050550_597870-011113.parquet,real_data_sample\l2_unseen_validation\trade_date=2026-07-17\exchange=NSE\symbol=DRREDDY\part-050550_597870-011113.parquet,34609,downloaded,34609,
2026-07-17,NSE,DRREDDY,raw_l2/trade_date=2026-07-17/exchange=NSE/symbol=DRREDDY/part-050522_750662-011049.parquet,real_data_sample\l2_unseen_validation\trade_date=2026-07-17\exchange=NSE\symbol=DRREDDY\part-050522_750662-011049.parquet,34723,downloaded,34723,
2026-07-17,NSE,DRREDDY,raw_l2/trade_date=2026-07-17/exchange=NSE/symbol=DRREDDY/part-050508_690951-011017.parquet,real_data_sample\l2_unseen_validation\trade_date=2026-07-17\exchange=NSE\symbol=DRREDDY\part-050508_690951-011017.parquet,34803,downloaded,34803,
2026-07-17,NSE,DRREDDY,raw_l2/trade_date=2026-07-17/exchange=NSE/symbol=DRREDDY/part-050757_835380-011401.parquet,real_data_sample\l2_unseen_validation\trade_date=2026-07-17\exchange=NSE\symbol=DRREDDY\part-050757_835380-011401.parquet,34839,downloaded,34839,
2026-07-17,NSE,DRREDDY,raw_l2/trade_date=2026-07-17/exchange=NSE/symbol=DRREDDY/part-050648_166701-011241.parquet,real_data_sample\l2_unseen_validation\trade_date=2026-07-17\exchange=NSE\symbol=DRREDDY\part-050648_166701-011241.parquet,34683,downloaded,34683,
2026-07-17,NSE,DRREDDY,raw_l2/trade_date=2026-07-17/exchange=NSE/symbol=DRREDDY/part-050744_098197-011369.parquet,real_data_sample\l2_unseen_validation\trade_date=2026-07-17\exchange=NSE\symbol=DRREDDY\part-050744_098197-011369.parquet,34742,downloaded,34742,
2026-07-17,NSE,DRREDDY,raw_l2/trade_date=2026-07-17/exchange=NSE/symbol=DRREDDY/part-050604_367063-011145.parquet,real_data_sample\l2_unseen_validation\trade_date=2026-07-17\exchange=NSE\symbol=DRREDDY\part-050604_367063-011145.parquet,34693,downloaded,34693,
2026-07-17,NSE,DRREDDY,raw_l2/trade_date=2026-07-17/exchange=NSE/symbol=DRREDDY/part-050853_073872-011529.parquet,real_data_sample\l2_unseen_validation\trade_date=2026-07-17\exchange=NSE\symbol=DRREDDY\part-050853_073872-011529.parquet,34532,downloaded,34532,
2026-07-17,NSE,DRREDDY,raw_l2/trade_date=2026-07-17/exchange=NSE/symbol=DRREDDY/part-050907_141272-011561.parquet,real_data_sample\l2_unseen_validation\trade_date=2026-07-17\exchange=NSE\symbol=DRREDDY\part-050907_141272-011561.parquet,34678,downloaded,34678,
2026-07-17,NSE,DRREDDY,raw_l2/trade_date=2026-07-17/exchange=NSE/symbol=DRREDDY/part-050825_623508-011465.parquet,real_data_sample\l2_unseen_validation\trade_date=2026-07-17\exchange=NSE\symbol=DRREDDY\part-050825_623508-011465.parquet,34739,downloaded,34739,
2026-07-17,NSE,DRREDDY,raw_l2/trade_date=2026-07-17/exchange=NSE/symbol=DRREDDY/part-050811_893684-011433.parquet,real_data_sample\l2_unseen_validation\trade_date=2026-07-17\exchange=NSE\symbol=DRREDDY\part-050811_893684-011433.parquet,34647,downloaded,34647,
2026-07-17,NSE,DRREDDY,raw_l2/trade_date=2026-07-17/exchange=NSE/symbol=DRREDDY/part-050839_408837-011497.parquet,real_data_sample\l2_unseen_validation\trade_date=2026-07-17\exchange=NSE\symbol=DRREDDY\part-050839_408837-011497.parquet,34801,downloaded,34801,
2026-07-17,NSE,DRREDDY,raw_l2/trade_date=2026-07-17/exchange=NSE/symbol=DRREDDY/part-050948_611204-011657.parquet,real_data_sample\l2_unseen_validation\trade_date=2026-07-17\exchange=NSE\symbol=DRREDDY\part-050948_611204-011657.parquet,34806,downloaded,34806,
2026-07-17,NSE,DRREDDY,raw_l2/trade_date=2026-07-17/exchange=NSE/symbol=DRREDDY/part-050934_869749-011625.parquet,real_data_sample\l2_unseen_validation\trade_date=2026-07-17\exchange=NSE\symbol=DRREDDY\part-050934_869749-011625.parquet,34621,downloaded,34621,
2026-07-17,NSE,DRREDDY,raw_l2/trade_date=2026-07-17/exchange=NSE/symbol=DRREDDY/part-051002_463210-011689.parquet,real_data_sample\l2_unseen_validation\trade_date=2026-07-17\exchange=NSE\symbol=DRREDDY\part-051002_463210-011689.parquet,34889,downloaded,34889,
2026-07-17,NSE,DRREDDY,raw_l2/trade_date=2026-07-17/exchange=NSE/symbol=DRREDDY/part-050920_841695-011593.parquet,real_data_sample\l2_unseen_validation\trade_date=2026-07-17\exchange=NSE\symbol=DRREDDY\part-050920_841695-011593.parquet,34726,downloaded,34726,
2026-07-17,NSE,DRREDDY,raw_l2/trade_date=2026-07-17/exchange=NSE/symbol=DRREDDY/part-051030_153806-011753.parquet,real_data_sample\l2_unseen_validation\trade_date=2026-07-17\exchange=NSE\symbol=DRREDDY\part-051030_153806-011753.parquet,34765,downloaded,34765,
2026-07-17,NSE,DRREDDY,raw_l2/trade_date=2026-07-17/exchange=NSE/symbol=DRREDDY/part-051043_879109-011785.parquet,real_data_sample\l2_unseen_validation\trade_date=2026-07-17\exchange=NSE\symbol=DRREDDY\part-051043_879109-011785.parquet,34581,downloaded,34581,
2026-07-17,NSE,DRREDDY,raw_l2/trade_date=2026-07-17/exchange=NSE/symbol=DRREDDY/part-051016_383582-011721.parquet,real_data_sample\l2_unseen_validation\trade_date=2026-07-17\exchange=NSE\symbol=DRREDDY\part-051016_383582-011721.parquet,34671,downloaded,34671,
2026-07-17,NSE,DRREDDY,raw_l2/trade_date=2026-07-17/exchange=NSE/symbol=DRREDDY/part-051139_756969-011913.parquet,real_data_sample\l2_unseen_validation\trade_date=2026-07-17\exchange=NSE\symbol=DRREDDY\part-051139_756969-011913.parquet,34623,downloaded,34623,
2026-07-17,NSE,DRREDDY,raw_l2/trade_date=2026-07-17/exchange=NSE/symbol=DRREDDY/part-051221_659100-012009.parquet,real_data_sample\l2_unseen_validation\trade_date=2026-07-17\exchange=NSE\symbol=DRREDDY\part-051221_659100-012009.parquet,34898,downloaded,34898,
2026-07-17,NSE,DRREDDY,raw_l2/trade_date=2026-07-17/exchange=NSE/symbol=DRREDDY/part-051057_655022-011817.parquet,real_data_sample\l2_unseen_validation\trade_date=2026-07-17\exchange=NSE\symbol=DRREDDY\part-051057_655022-011817.parquet,34664,downloaded,34664,
2026-07-17,NSE,DRREDDY,raw_l2/trade_date=2026-07-17/exchange=NSE/symbol=DRREDDY/part-051303_408191-012105.parquet,real_data_sample\l2_unseen_validation\trade_date=2026-07-17\exchange=NSE\symbol=DRREDDY\part-051303_408191-012105.parquet,34814,downloaded,34814,
2026-07-17,NSE,DRREDDY,raw_l2/trade_date=2026-07-17/exchange=NSE/symbol=DRREDDY/part-051111_643434-011849.parquet,real_data_sample\l2_unseen_validation\trade_date=2026-07-17\exchange=NSE\symbol=DRREDDY\part-051111_643434-011849.parquet,34751,downloaded,34751,
2026-07-17,NSE,DRREDDY,raw_l2/trade_date=2026-07-17/exchange=NSE/symbol=DRREDDY/part-051207_658245-011977.parquet,real_data_sample\l2_unseen_validation\trade_date=2026-07-17\exchange=NSE\symbol=DRREDDY\part-051207_658245-011977.parquet,34978,downloaded,34978,
2026-07-17,NSE,DRREDDY,raw_l2/trade_date=2026-07-17/exchange=NSE/symbol=DRREDDY/part-051153_656469-011945.parquet,real_data_sample\l2_unseen_validation\trade_date=2026-07-17\exchange=NSE\symbol=DRREDDY\part-051153_656469-011945.parquet,34691,downloaded,34691,
2026-07-17,NSE,DRREDDY,raw_l2/trade_date=2026-07-17/exchange=NSE/symbol=DRREDDY/part-051235_451961-012041.parquet,real_data_sample\l2_unseen_validation\trade_date=2026-07-17\exchange=NSE\symbol=DRREDDY\part-051235_451961-012041.parquet,34657,downloaded,34657,
2026-07-17,NSE,DRREDDY,raw_l2/trade_date=2026-07-17/exchange=NSE/symbol=DRREDDY/part-051249_437174-012073.parquet,real_data_sample\l2_unseen_validation\trade_date=2026-07-17\exchange=NSE\symbol=DRREDDY\part-051249_437174-012073.parquet,34700,downloaded,34700,
2026-07-17,NSE,DRREDDY,raw_l2/trade_date=2026-07-17/exchange=NSE/symbol=DRREDDY/part-051317_998242-012137.parquet,real_data_sample\l2_unseen_validation\trade_date=2026-07-17\exchange=NSE\symbol=DRREDDY\part-051317_998242-012137.parquet,34949,downloaded,34949,
2026-07-17,NSE,DRREDDY,raw_l2/trade_date=2026-07-17/exchange=NSE/symbol=DRREDDY/part-051332_007680-012169.parquet,real_data_sample\l2_unseen_validation\trade_date=2026-07-17\exchange=NSE\symbol=DRREDDY\part-051332_007680-012169.parquet,34982,downloaded,34982,
2026-07-17,NSE,DRREDDY,raw_l2/trade_date=2026-07-17/exchange=NSE/symbol=DRREDDY/part-051125_444841-011881.parquet,real_data_sample\l2_unseen_validation\trade_date=2026-07-17\exchange=NSE\symbol=DRREDDY\part-051125_444841-011881.parquet,34578,downloaded,34578,
2026-07-17,NSE,DRREDDY,raw_l2/trade_date=2026-07-17/exchange=NSE/symbol=DRREDDY/part-051346_934457-012201.parquet,real_data_sample\l2_unseen_validation\trade_date=2026-07-17\exchange=NSE\symbol=DRREDDY\part-051346_934457-012201.parquet,35034,downloaded,35034,
2026-07-17,NSE,DRREDDY,raw_l2/trade_date=2026-07-17/exchange=NSE/symbol=DRREDDY/part-051402_016714-012233.parquet,real_data_sample\l2_unseen_validation\trade_date=2026-07-17\exchange=NSE\symbol=DRREDDY\part-051402_016714-012233.parquet,34829,downloaded,34829,
2026-07-17,NSE,DRREDDY,raw_l2/trade_date=2026-07-17/exchange=NSE/symbol=DRREDDY/part-051416_523170-012265.parquet,real_data_sample\l2_unseen_validation\trade_date=2026-07-17\exchange=NSE\symbol=DRREDDY\part-051416_523170-012265.parquet,34774,downloaded,34774,
2026-07-17,NSE,DRREDDY,raw_l2/trade_date=2026-07-17/exchange=NSE/symbol=DRREDDY/part-051431_635766-012297.parquet,real_data_sample\l2_unseen_validation\trade_date=2026-07-17\exchange=NSE\symbol=DRREDDY\part-051431_635766-012297.parquet,35038,downloaded,35038,
2026-07-17,NSE,DRREDDY,raw_l2/trade_date=2026-07-17/exchange=NSE/symbol=DRREDDY/part-051445_381839-012329.parquet,real_data_sample\l2_unseen_validation\trade_date=2026-07-17\exchange=NSE\symbol=DRREDDY\part-051445_381839-012329.parquet,34738,downloaded,34738,
2026-07-17,NSE,DRREDDY,raw_l2/trade_date=2026-07-17/exchange=NSE/symbol=DRREDDY/part-051459_365125-012361.parquet,real_data_sample\l2_unseen_validation\trade_date=2026-07-17\exchange=NSE\symbol=DRREDDY\part-051459_365125-012361.parquet,34826,downloaded,34826,
2026-07-17,NSE,DRREDDY,raw_l2/trade_date=2026-07-17/exchange=NSE/symbol=DRREDDY/part-051513_110784-012393.parquet,real_data_sample\l2_unseen_validation\trade_date=2026-07-17\exchange=NSE\symbol=DRREDDY\part-051513_110784-012393.parquet,35033,downloaded,35033,
2026-07-17,NSE,DRREDDY,raw_l2/trade_date=2026-07-17/exchange=NSE/symbol=DRREDDY/part-051540_740185-012457.parquet,real_data_sample\l2_unseen_validation\trade_date=2026-07-17\exchange=NSE\symbol=DRREDDY\part-051540_740185-012457.parquet,34999,downloaded,34999,
2026-07-17,NSE,DRREDDY,raw_l2/trade_date=2026-07-17/exchange=NSE/symbol=DRREDDY/part-051526_827911-012425.parquet,real_data_sample\l2_unseen_validation\trade_date=2026-07-17\exchange=NSE\symbol=DRREDDY\part-051526_827911-012425.parquet,34717,downloaded,34717,
2026-07-17,NSE,DRREDDY,raw_l2/trade_date=2026-07-17/exchange=NSE/symbol=DRREDDY/part-051609_733457-012521.parquet,real_data_sample\l2_unseen_validation\trade_date=2026-07-17\exchange=NSE\symbol=DRREDDY\part-051609_733457-012521.parquet,34997,downloaded,34997,
2026-07-17,NSE,DRREDDY,raw_l2/trade_date=2026-07-17/exchange=NSE/symbol=DRREDDY/part-051638_068956-012585.parquet,real_data_sample\l2_unseen_validation\trade_date=2026-07-17\exchange=NSE\symbol=DRREDDY\part-051638_068956-012585.parquet,34887,downloaded,34887,
2026-07-17,NSE,DRREDDY,raw_l2/trade_date=2026-07-17/exchange=NSE/symbol=DRREDDY/part-051706_409912-012649.parquet,real_data_sample\l2_unseen_validation\trade_date=2026-07-17\exchange=NSE\symbol=DRREDDY\part-051706_409912-012649.parquet,34988,downloaded,34988,
2026-07-17,NSE,DRREDDY,raw_l2/trade_date=2026-07-17/exchange=NSE/symbol=DRREDDY/part-051652_386356-012617.parquet,real_data_sample\l2_unseen_validation\trade_date=2026-07-17\exchange=NSE\symbol=DRREDDY\part-051652_386356-012617.parquet,34776,downloaded,34776,
2026-07-17,NSE,DRREDDY,raw_l2/trade_date=2026-07-17/exchange=NSE/symbol=DRREDDY/part-051554_930188-012489.parquet,real_data_sample\l2_unseen_validation\trade_date=2026-07-17\exchange=NSE\symbol=DRREDDY\part-051554_930188-012489.parquet,35019,downloaded,35019,
2026-07-17,NSE,DRREDDY,raw_l2/trade_date=2026-07-17/exchange=NSE/symbol=DRREDDY/part-051803_400561-012777.parquet,real_data_sample\l2_unseen_validation\trade_date=2026-07-17\exchange=NSE\symbol=DRREDDY\part-051803_400561-012777.parquet,34880,downloaded,34880,
2026-07-17,NSE,DRREDDY,raw_l2/trade_date=2026-07-17/exchange=NSE/symbol=DRREDDY/part-051720_405405-012681.parquet,real_data_sample\l2_unseen_validation\trade_date=2026-07-17\exchange=NSE\symbol=DRREDDY\part-051720_405405-012681.parquet,35081,downloaded,35081,
2026-07-17,NSE,DRREDDY,raw_l2/trade_date=2026-07-17/exchange=NSE/symbol=DRREDDY/part-051749_001303-012745.parquet,real_data_sample\l2_unseen_validation\trade_date=2026-07-17\exchange=NSE\symbol=DRREDDY\part-051749_001303-012745.parquet,34814,downloaded,34814,
2026-07-17,NSE,DRREDDY,raw_l2/trade_date=2026-07-17/exchange=NSE/symbol=DRREDDY/part-051624_009584-012553.parquet,real_data_sample\l2_unseen_validation\trade_date=2026-07-17\exchange=NSE\symbol=DRREDDY\part-051624_009584-012553.parquet,34872,downloaded,34872,
2026-07-17,NSE,DRREDDY,raw_l2/trade_date=2026-07-17/exchange=NSE/symbol=DRREDDY/part-051734_498764-012713.parquet,real_data_sample\l2_unseen_validation\trade_date=2026-07-17\exchange=NSE\symbol=DRREDDY\part-051734_498764-012713.parquet,34943,downloaded,34943,
2026-07-17,NSE,DRREDDY,raw_l2/trade_date=2026-07-17/exchange=NSE/symbol=DRREDDY/part-051817_539456-012809.parquet,real_data_sample\l2_unseen_validation\trade_date=2026-07-17\exchange=NSE\symbol=DRREDDY\part-051817_539456-012809.parquet,34821,downloaded,34821,
2026-07-17,NSE,DRREDDY,raw_l2/trade_date=2026-07-17/exchange=NSE/symbol=DRREDDY/part-051832_041800-012841.parquet,real_data_sample\l2_unseen_validation\trade_date=2026-07-17\exchange=NSE\symbol=DRREDDY\part-051832_041800-012841.parquet,35031,downloaded,35031,
2026-07-17,NSE,DRREDDY,raw_l2/trade_date=2026-07-17/exchange=NSE/symbol=DRREDDY/part-051845_913908-012873.parquet,real_data_sample\l2_unseen_validation\trade_date=2026-07-17\exchange=NSE\symbol=DRREDDY\part-051845_913908-012873.parquet,34855,downloaded,34855,
2026-07-17,NSE,DRREDDY,raw_l2/trade_date=2026-07-17/exchange=NSE/symbol=DRREDDY/part-051900_925055-012905.parquet,real_data_sample\l2_unseen_validation\trade_date=2026-07-17\exchange=NSE\symbol=DRREDDY\part-051900_925055-012905.parquet,34850,downloaded,34850,
2026-07-17,NSE,DRREDDY,raw_l2/trade_date=2026-07-17/exchange=NSE/symbol=DRREDDY/part-051942_881716-013001.parquet,real_data_sample\l2_unseen_validation\trade_date=2026-07-17\exchange=NSE\symbol=DRREDDY\part-051942_881716-013001.parquet,34896,downloaded,34896,
2026-07-17,NSE,DRREDDY,raw_l2/trade_date=2026-07-17/exchange=NSE/symbol=DRREDDY/part-051929_112569-012969.parquet,real_data_sample\l2_unseen_validation\trade_date=2026-07-17\exchange=NSE\symbol=DRREDDY\part-051929_112569-012969.parquet,34958,downloaded,34958,
2026-07-17,NSE,DRREDDY,raw_l2/trade_date=2026-07-17/exchange=NSE/symbol=DRREDDY/part-051915_119765-012937.parquet,real_data_sample\l2_unseen_validation\trade_date=2026-07-17\exchange=NSE\symbol=DRREDDY\part-051915_119765-012937.parquet,34667,downloaded,34667,
2026-07-17,NSE,DRREDDY,raw_l2/trade_date=2026-07-17/exchange=NSE/symbol=DRREDDY/part-051956_896618-013033.parquet,real_data_sample\l2_unseen_validation\trade_date=2026-07-17\exchange=NSE\symbol=DRREDDY\part-051956_896618-013033.parquet,34749,downloaded,34749,
2026-07-17,NSE,DRREDDY,raw_l2/trade_date=2026-07-17/exchange=NSE/symbol=DRREDDY/part-052010_615621-013065.parquet,real_data_sample\l2_unseen_validation\trade_date=2026-07-17\exchange=NSE\symbol=DRREDDY\part-052010_615621-013065.parquet,34835,downloaded,34835,
2026-07-17,NSE,DRREDDY,raw_l2/trade_date=2026-07-17/exchange=NSE/symbol=DRREDDY/part-052038_122045-013129.parquet,real_data_sample\l2_unseen_validation\trade_date=2026-07-17\exchange=NSE\symbol=DRREDDY\part-052038_122045-013129.parquet,34910,downloaded,34910,
2026-07-17,NSE,DRREDDY,raw_l2/trade_date=2026-07-17/exchange=NSE/symbol=DRREDDY/part-052024_349604-013097.parquet,real_data_sample\l2_unseen_validation\trade_date=2026-07-17\exchange=NSE\symbol=DRREDDY\part-052024_349604-013097.parquet,34833,downloaded,34833,
2026-07-17,NSE,DRREDDY,raw_l2/trade_date=2026-07-17/exchange=NSE/symbol=DRREDDY/part-052133_415023-013257.parquet,real_data_sample\l2_unseen_validation\trade_date=2026-07-17\exchange=NSE\symbol=DRREDDY\part-052133_415023-013257.parquet,34962,downloaded,34962,
2026-07-17,NSE,DRREDDY,raw_l2/trade_date=2026-07-17/exchange=NSE/symbol=DRREDDY/part-052201_419429-013321.parquet,real_data_sample\l2_unseen_validation\trade_date=2026-07-17\exchange=NSE\symbol=DRREDDY\part-052201_419429-013321.parquet,34738,downloaded,34738,
2026-07-17,NSE,DRREDDY,raw_l2/trade_date=2026-07-17/exchange=NSE/symbol=DRREDDY/part-052325_374627-013513.parquet,real_data_sample\l2_unseen_validation\trade_date=2026-07-17\exchange=NSE\symbol=DRREDDY\part-052325_374627-013513.parquet,34677,downloaded,34677,
2026-07-17,NSE,DRREDDY,raw_l2/trade_date=2026-07-17/exchange=NSE/symbol=DRREDDY/part-052147_379830-013289.parquet,real_data_sample\l2_unseen_validation\trade_date=2026-07-17\exchange=NSE\symbol=DRREDDY\part-052147_379830-013289.parquet,34799,downloaded,34799,
2026-07-17,NSE,DRREDDY,raw_l2/trade_date=2026-07-17/exchange=NSE/symbol=DRREDDY/part-052243_432167-013417.parquet,real_data_sample\l2_unseen_validation\trade_date=2026-07-17\exchange=NSE\symbol=DRREDDY\part-052243_432167-013417.parquet,34912,downloaded,34912,
2026-07-17,NSE,DRREDDY,raw_l2/trade_date=2026-07-17/exchange=NSE/symbol=DRREDDY/part-052257_484808-013449.parquet,real_data_sample\l2_unseen_validation\trade_date=2026-07-17\exchange=NSE\symbol=DRREDDY\part-052257_484808-013449.parquet,34924,downloaded,34924,
2026-07-17,NSE,DRREDDY,raw_l2/trade_date=2026-07-17/exchange=NSE/symbol=DRREDDY/part-052311_426449-013481.parquet,real_data_sample\l2_unseen_validation\trade_date=2026-07-17\exchange=NSE\symbol=DRREDDY\part-052311_426449-013481.parquet,34853,downloaded,34853,
2026-07-17,NSE,DRREDDY,raw_l2/trade_date=2026-07-17/exchange=NSE/symbol=DRREDDY/part-052105_629803-013193.parquet,real_data_sample\l2_unseen_validation\trade_date=2026-07-17\exchange=NSE\symbol=DRREDDY\part-052105_629803-013193.parquet,34726,downloaded,34726,
2026-07-17,NSE,DRREDDY,raw_l2/trade_date=2026-07-17/exchange=NSE/symbol=DRREDDY/part-052051_865963-013161.parquet,real_data_sample\l2_unseen_validation\trade_date=2026-07-17\exchange=NSE\symbol=DRREDDY\part-052051_865963-013161.parquet,34712,downloaded,34712,
2026-07-17,NSE,DRREDDY,raw_l2/trade_date=2026-07-17/exchange=NSE/symbol=DRREDDY/part-052229_448257-013385.parquet,real_data_sample\l2_unseen_validation\trade_date=2026-07-17\exchange=NSE\symbol=DRREDDY\part-052229_448257-013385.parquet,34818,downloaded,34818,
2026-07-17,NSE,DRREDDY,raw_l2/trade_date=2026-07-17/exchange=NSE/symbol=DRREDDY/part-052215_424104-013353.parquet,real_data_sample\l2_unseen_validation\trade_date=2026-07-17\exchange=NSE\symbol=DRREDDY\part-052215_424104-013353.parquet,34966,downloaded,34966,
2026-07-17,NSE,DRREDDY,raw_l2/trade_date=2026-07-17/exchange=NSE/symbol=DRREDDY/part-052119_649910-013225.parquet,real_data_sample\l2_unseen_validation\trade_date=2026-07-17\exchange=NSE\symbol=DRREDDY\part-052119_649910-013225.parquet,34970,downloaded,34970,
2026-07-17,NSE,DRREDDY,raw_l2/trade_date=2026-07-17/exchange=NSE/symbol=DRREDDY/part-052421_359399-013641.parquet,real_data_sample\l2_unseen_validation\trade_date=2026-07-17\exchange=NSE\symbol=DRREDDY\part-052421_359399-013641.parquet,34915,downloaded,34915,
2026-07-17,NSE,DRREDDY,raw_l2/trade_date=2026-07-17/exchange=NSE/symbol=DRREDDY/part-052435_359888-013673.parquet,real_data_sample\l2_unseen_validation\trade_date=2026-07-17\exchange=NSE\symbol=DRREDDY\part-052435_359888-013673.parquet,34673,downloaded,34673,
2026-07-17,NSE,DRREDDY,raw_l2/trade_date=2026-07-17/exchange=NSE/symbol=DRREDDY/part-052339_383166-013545.parquet,real_data_sample\l2_unseen_validation\trade_date=2026-07-17\exchange=NSE\symbol=DRREDDY\part-052339_383166-013545.parquet,34999,downloaded,34999,
2026-07-17,NSE,DRREDDY,raw_l2/trade_date=2026-07-17/exchange=NSE/symbol=DRREDDY/part-052353_344942-013577.parquet,real_data_sample\l2_unseen_validation\trade_date=2026-07-17\exchange=NSE\symbol=DRREDDY\part-052353_344942-013577.parquet,34808,downloaded,34808,
2026-07-17,NSE,DRREDDY,raw_l2/trade_date=2026-07-17/exchange=NSE/symbol=DRREDDY/part-052407_369117-013609.parquet,real_data_sample\l2_unseen_validation\trade_date=2026-07-17\exchange=NSE\symbol=DRREDDY\part-052407_369117-013609.parquet,35023,downloaded,35023,
2026-07-17,NSE,DRREDDY,raw_l2/trade_date=2026-07-17/exchange=NSE/symbol=DRREDDY/part-050054_939667-010441.parquet,real_data_sample\l2_unseen_validation\trade_date=2026-07-17\exchange=NSE\symbol=DRREDDY\part-050054_939667-010441.parquet,34692,downloaded,34692,
2026-07-17,NSE,DRREDDY,raw_l2/trade_date=2026-07-17/exchange=NSE/symbol=DRREDDY/part-052503_124076-013737.parquet,real_data_sample\l2_unseen_validation\trade_date=2026-07-17\exchange=NSE\symbol=DRREDDY\part-052503_124076-013737.parquet,34835,downloaded,34835,
2026-07-17,NSE,DRREDDY,raw_l2/trade_date=2026-07-17/exchange=NSE/symbol=DRREDDY/part-052449_171124-013705.parquet,real_data_sample\l2_unseen_validation\trade_date=2026-07-17\exchange=NSE\symbol=DRREDDY\part-052449_171124-013705.parquet,34689,downloaded,34689,
2026-07-17,NSE,DRREDDY,raw_l2/trade_date=2026-07-17/exchange=NSE/symbol=DRREDDY/part-050122_854244-010505.parquet,real_data_sample\l2_unseen_validation\trade_date=2026-07-17\exchange=NSE\symbol=DRREDDY\part-050122_854244-010505.parquet,34850,downloaded,34850,
2026-07-17,NSE,DRREDDY,raw_l2/trade_date=2026-07-17/exchange=NSE/symbol=DRREDDY/part-052530_704753-013801.parquet,real_data_sample\l2_unseen_validation\trade_date=2026-07-17\exchange=NSE\symbol=DRREDDY\part-052530_704753-013801.parquet,34882,downloaded,34882,
2026-07-17,NSE,DRREDDY,raw_l2/trade_date=2026-07-17/exchange=NSE/symbol=DRREDDY/part-050108_917302-010473.parquet,real_data_sample\l2_unseen_validation\trade_date=2026-07-17\exchange=NSE\symbol=DRREDDY\part-050108_917302-010473.parquet,34679,downloaded,34679,
2026-07-17,NSE,DRREDDY,raw_l2/trade_date=2026-07-17/exchange=NSE/symbol=DRREDDY/part-050440_881522-010953.parquet,real_data_sample\l2_unseen_validation\trade_date=2026-07-17\exchange=NSE\symbol=DRREDDY\part-050440_881522-010953.parquet,34698,downloaded,34698,
2026-07-17,NSE,DRREDDY,raw_l2/trade_date=2026-07-17/exchange=NSE/symbol=DRREDDY/part-050136_695722-010537.parquet,real_data_sample\l2_unseen_validation\trade_date=2026-07-17\exchange=NSE\symbol=DRREDDY\part-050136_695722-010537.parquet,34624,downloaded,34624,
2026-07-17,NSE,DRREDDY,raw_l2/trade_date=2026-07-17/exchange=NSE/symbol=DRREDDY/part-050150_665795-010569.parquet,real_data_sample\l2_unseen_validation\trade_date=2026-07-17\exchange=NSE\symbol=DRREDDY\part-050150_665795-010569.parquet,34597,downloaded,34597,
2026-07-17,NSE,DRREDDY,raw_l2/trade_date=2026-07-17/exchange=NSE/symbol=DRREDDY/part-050247_892465-010697.parquet,real_data_sample\l2_unseen_validation\trade_date=2026-07-17\exchange=NSE\symbol=DRREDDY\part-050247_892465-010697.parquet,34940,downloaded,34940,
2026-07-17,NSE,DRREDDY,raw_l2/trade_date=2026-07-17/exchange=NSE/symbol=DRREDDY/part-045930_796429-010249.parquet,real_data_sample\l2_unseen_validation\trade_date=2026-07-17\exchange=NSE\symbol=DRREDDY\part-045930_796429-010249.parquet,34635,downloaded,34635,
2026-07-17,NSE,DRREDDY,raw_l2/trade_date=2026-07-17/exchange=NSE/symbol=DRREDDY/part-045944_958301-010281.parquet,real_data_sample\l2_unseen_validation\trade_date=2026-07-17\exchange=NSE\symbol=DRREDDY\part-045944_958301-010281.parquet,34681,downloaded,34681,
2026-07-17,NSE,DRREDDY,raw_l2/trade_date=2026-07-17/exchange=NSE/symbol=DRREDDY/part-045902_879197-010185.parquet,real_data_sample\l2_unseen_validation\trade_date=2026-07-17\exchange=NSE\symbol=DRREDDY\part-045902_879197-010185.parquet,34668,downloaded,34668,
2026-07-17,NSE,DRREDDY,raw_l2/trade_date=2026-07-17/exchange=NSE/symbol=DRREDDY/part-050219_161993-010633.parquet,real_data_sample\l2_unseen_validation\trade_date=2026-07-17\exchange=NSE\symbol=DRREDDY\part-050219_161993-010633.parquet,34603,downloaded,34603,
2026-07-17,NSE,DRREDDY,raw_l2/trade_date=2026-07-17/exchange=NSE/symbol=DRREDDY/part-052916_243855-014313.parquet,real_data_sample\l2_unseen_validation\trade_date=2026-07-17\exchange=NSE\symbol=DRREDDY\part-052916_243855-014313.parquet,34754,downloaded,34754,
2026-07-17,NSE,DRREDDY,raw_l2/trade_date=2026-07-17/exchange=NSE/symbol=DRREDDY/part-052613_149555-013897.parquet,real_data_sample\l2_unseen_validation\trade_date=2026-07-17\exchange=NSE\symbol=DRREDDY\part-052613_149555-013897.parquet,34778,downloaded,34778,
2026-07-17,NSE,DRREDDY,raw_l2/trade_date=2026-07-17/exchange=NSE/symbol=DRREDDY/part-052709_741297-014025.parquet,real_data_sample\l2_unseen_validation\trade_date=2026-07-17\exchange=NSE\symbol=DRREDDY\part-052709_741297-014025.parquet,34823,downloaded,34823,
2026-07-17,NSE,DRREDDY,raw_l2/trade_date=2026-07-17/exchange=NSE/symbol=DRREDDY/part-052516_934128-013769.parquet,real_data_sample\l2_unseen_validation\trade_date=2026-07-17\exchange=NSE\symbol=DRREDDY\part-052516_934128-013769.parquet,34826,downloaded,34826,
2026-07-17,NSE,DRREDDY,raw_l2/trade_date=2026-07-17/exchange=NSE/symbol=DRREDDY/part-045916_634930-010217.parquet,real_data_sample\l2_unseen_validation\trade_date=2026-07-17\exchange=NSE\symbol=DRREDDY\part-045916_634930-010217.parquet,34826,downloaded,34826,
2026-07-17,NSE,DRREDDY,raw_l2/trade_date=2026-07-17/exchange=NSE/symbol=DRREDDY/part-052544_935899-013833.parquet,real_data_sample\l2_unseen_validation\trade_date=2026-07-17\exchange=NSE\symbol=DRREDDY\part-052544_935899-013833.parquet,34801,downloaded,34801,
2026-07-17,NSE,DRREDDY,raw_l2/trade_date=2026-07-17/exchange=NSE/symbol=DRREDDY/part-052559_000335-013865.parquet,real_data_sample\l2_unseen_validation\trade_date=2026-07-17\exchange=NSE\symbol=DRREDDY\part-052559_000335-013865.parquet,34846,downloaded,34846,
2026-07-17,NSE,DRREDDY,raw_l2/trade_date=2026-07-17/exchange=NSE/symbol=DRREDDY/part-052833_668669-014217.parquet,real_data_sample\l2_unseen_validation\trade_date=2026-07-17\exchange=NSE\symbol=DRREDDY\part-052833_668669-014217.parquet,34974,downloaded,34974,
2026-07-17,NSE,DRREDDY,raw_l2/trade_date=2026-07-17/exchange=NSE/symbol=DRREDDY/part-052944_165462-014377.parquet,real_data_sample\l2_unseen_validation\trade_date=2026-07-17\exchange=NSE\symbol=DRREDDY\part-052944_165462-014377.parquet,34959,downloaded,34959,
2026-07-17,NSE,DRREDDY,raw_l2/trade_date=2026-07-17/exchange=NSE/symbol=DRREDDY/part-052930_182991-014345.parquet,real_data_sample\l2_unseen_validation\trade_date=2026-07-17\exchange=NSE\symbol=DRREDDY\part-052930_182991-014345.parquet,34774,downloaded,34774,
2026-07-17,NSE,DRREDDY,raw_l2/trade_date=2026-07-17/exchange=NSE/symbol=DRREDDY/part-052958_218404-014409.parquet,real_data_sample\l2_unseen_validation\trade_date=2026-07-17\exchange=NSE\symbol=DRREDDY\part-052958_218404-014409.parquet,34796,downloaded,34796,
2026-07-17,NSE,DRREDDY,raw_l2/trade_date=2026-07-17/exchange=NSE/symbol=DRREDDY/part-052847_706706-014249.parquet,real_data_sample\l2_unseen_validation\trade_date=2026-07-17\exchange=NSE\symbol=DRREDDY\part-052847_706706-014249.parquet,34947,downloaded,34947,
2026-07-17,NSE,DRREDDY,raw_l2/trade_date=2026-07-17/exchange=NSE/symbol=DRREDDY/part-052902_192375-014281.parquet,real_data_sample\l2_unseen_validation\trade_date=2026-07-17\exchange=NSE\symbol=DRREDDY\part-052902_192375-014281.parquet,34761,downloaded,34761,
2026-07-17,NSE,DRREDDY,raw_l2/trade_date=2026-07-17/exchange=NSE/symbol=DRREDDY/part-052819_430137-014185.parquet,real_data_sample\l2_unseen_validation\trade_date=2026-07-17\exchange=NSE\symbol=DRREDDY\part-052819_430137-014185.parquet,34686,downloaded,34686,
2026-07-17,NSE,DRREDDY,raw_l2/trade_date=2026-07-17/exchange=NSE/symbol=DRREDDY/part-052655_673773-013993.parquet,real_data_sample\l2_unseen_validation\trade_date=2026-07-17\exchange=NSE\symbol=DRREDDY\part-052655_673773-013993.parquet,34777,downloaded,34777,
2026-07-17,NSE,DRREDDY,raw_l2/trade_date=2026-07-17/exchange=NSE/symbol=DRREDDY/part-052805_431214-014153.parquet,real_data_sample\l2_unseen_validation\trade_date=2026-07-17\exchange=NSE\symbol=DRREDDY\part-052805_431214-014153.parquet,35110,downloaded,35110,
2026-07-17,NSE,DRREDDY,raw_l2/trade_date=2026-07-17/exchange=NSE/symbol=DRREDDY/part-052627_387237-013929.parquet,real_data_sample\l2_unseen_validation\trade_date=2026-07-17\exchange=NSE\symbol=DRREDDY\part-052627_387237-013929.parquet,34792,downloaded,34792,
2026-07-17,NSE,DRREDDY,raw_l2/trade_date=2026-07-17/exchange=NSE/symbol=DRREDDY/part-052641_456550-013961.parquet,real_data_sample\l2_unseen_validation\trade_date=2026-07-17\exchange=NSE\symbol=DRREDDY\part-052641_456550-013961.parquet,35029,downloaded,35029,
2026-07-17,NSE,DRREDDY,raw_l2/trade_date=2026-07-17/exchange=NSE/symbol=DRREDDY/part-052751_651325-014121.parquet,real_data_sample\l2_unseen_validation\trade_date=2026-07-17\exchange=NSE\symbol=DRREDDY\part-052751_651325-014121.parquet,35064,downloaded,35064,
2026-07-17,NSE,DRREDDY,raw_l2/trade_date=2026-07-17/exchange=NSE/symbol=DRREDDY/part-052723_769809-014057.parquet,real_data_sample\l2_unseen_validation\trade_date=2026-07-17\exchange=NSE\symbol=DRREDDY\part-052723_769809-014057.parquet,34912,downloaded,34912,
2026-07-17,NSE,DRREDDY,raw_l2/trade_date=2026-07-17/exchange=NSE/symbol=DRREDDY/part-052737_656829-014089.parquet,real_data_sample\l2_unseen_validation\trade_date=2026-07-17\exchange=NSE\symbol=DRREDDY\part-052737_656829-014089.parquet,34972,downloaded,34972,
2026-07-17,NSE,DRREDDY,raw_l2/trade_date=2026-07-17/exchange=NSE/symbol=DRREDDY/part-053013_268668-014441.parquet,real_data_sample\l2_unseen_validation\trade_date=2026-07-17\exchange=NSE\symbol=DRREDDY\part-053013_268668-014441.parquet,34636,downloaded,34636,
2026-07-17,NSE,DRREDDY,raw_l2/trade_date=2026-07-17/exchange=NSE/symbol=DRREDDY/part-045752_417270-010025.parquet,real_data_sample\l2_unseen_validation\trade_date=2026-07-17\exchange=NSE\symbol=DRREDDY\part-045752_417270-010025.parquet,34978,downloaded,34978,
2026-07-17,NSE,DRREDDY,raw_l2/trade_date=2026-07-17/exchange=NSE/symbol=DRREDDY/part-053027_950544-014473.parquet,real_data_sample\l2_unseen_validation\trade_date=2026-07-17\exchange=NSE\symbol=DRREDDY\part-053027_950544-014473.parquet,34942,downloaded,34942,
2026-07-17,NSE,DRREDDY,raw_l2/trade_date=2026-07-17/exchange=NSE/symbol=DRREDDY/part-053055_762228-014537.parquet,real_data_sample\l2_unseen_validation\trade_date=2026-07-17\exchange=NSE\symbol=DRREDDY\part-053055_762228-014537.parquet,34790,downloaded,34790,
2026-07-17,NSE,DRREDDY,raw_l2/trade_date=2026-07-17/exchange=NSE/symbol=DRREDDY/part-053041_669492-014505.parquet,real_data_sample\l2_unseen_validation\trade_date=2026-07-17\exchange=NSE\symbol=DRREDDY\part-053041_669492-014505.parquet,34843,downloaded,34843,
2026-07-17,NSE,DRREDDY,raw_l2/trade_date=2026-07-17/exchange=NSE/symbol=DRREDDY/part-053248_630016-014793.parquet,real_data_sample\l2_unseen_validation\trade_date=2026-07-17\exchange=NSE\symbol=DRREDDY\part-053248_630016-014793.parquet,35532,downloaded,35532,
2026-07-17,NSE,DRREDDY,raw_l2/trade_date=2026-07-17/exchange=NSE/symbol=DRREDDY/part-053138_655143-014633.parquet,real_data_sample\l2_unseen_validation\trade_date=2026-07-17\exchange=NSE\symbol=DRREDDY\part-053138_655143-014633.parquet,34866,downloaded,34866,
2026-07-17,NSE,DRREDDY,raw_l2/trade_date=2026-07-17/exchange=NSE/symbol=DRREDDY/part-053124_644491-014601.parquet,real_data_sample\l2_unseen_validation\trade_date=2026-07-17\exchange=NSE\symbol=DRREDDY\part-053124_644491-014601.parquet,34833,downloaded,34833,
2026-07-17,NSE,DRREDDY,raw_l2/trade_date=2026-07-17/exchange=NSE/symbol=DRREDDY/part-053152_382055-014665.parquet,real_data_sample\l2_unseen_validation\trade_date=2026-07-17\exchange=NSE\symbol=DRREDDY\part-053152_382055-014665.parquet,34764,downloaded,34764,
2026-07-17,NSE,DRREDDY,raw_l2/trade_date=2026-07-17/exchange=NSE/symbol=DRREDDY/part-053109_717445-014569.parquet,real_data_sample\l2_unseen_validation\trade_date=2026-07-17\exchange=NSE\symbol=DRREDDY\part-053109_717445-014569.parquet,34956,downloaded,34956,
2026-07-17,NSE,DRREDDY,raw_l2/trade_date=2026-07-17/exchange=NSE/symbol=DRREDDY/part-053234_686534-014761.parquet,real_data_sample\l2_unseen_validation\trade_date=2026-07-17\exchange=NSE\symbol=DRREDDY\part-053234_686534-014761.parquet,35427,downloaded,35427,
2026-07-17,NSE,DRREDDY,raw_l2/trade_date=2026-07-17/exchange=NSE/symbol=DRREDDY/part-053206_492841-014697.parquet,real_data_sample\l2_unseen_validation\trade_date=2026-07-17\exchange=NSE\symbol=DRREDDY\part-053206_492841-014697.parquet,34782,downloaded,34782,
2026-07-17,NSE,DRREDDY,raw_l2/trade_date=2026-07-17/exchange=NSE/symbol=DRREDDY/part-053220_723230-014729.parquet,real_data_sample\l2_unseen_validation\trade_date=2026-07-17\exchange=NSE\symbol=DRREDDY\part-053220_723230-014729.parquet,35364,downloaded,35364,
2026-07-17,NSE,DRREDDY,raw_l2/trade_date=2026-07-17/exchange=NSE/symbol=DRREDDY/part-053344_911266-014921.parquet,real_data_sample\l2_unseen_validation\trade_date=2026-07-17\exchange=NSE\symbol=DRREDDY\part-053344_911266-014921.parquet,34725,downloaded,34725,
2026-07-17,NSE,DRREDDY,raw_l2/trade_date=2026-07-17/exchange=NSE/symbol=DRREDDY/part-053440_606568-015049.parquet,real_data_sample\l2_unseen_validation\trade_date=2026-07-17\exchange=NSE\symbol=DRREDDY\part-053440_606568-015049.parquet,35000,downloaded,35000,
2026-07-17,NSE,DRREDDY,raw_l2/trade_date=2026-07-17/exchange=NSE/symbol=DRREDDY/part-053631_883876-015305.parquet,real_data_sample\l2_unseen_validation\trade_date=2026-07-17\exchange=NSE\symbol=DRREDDY\part-053631_883876-015305.parquet,34717,downloaded,34717,
2026-07-17,NSE,DRREDDY,raw_l2/trade_date=2026-07-17/exchange=NSE/symbol=DRREDDY/part-053426_874656-015017.parquet,real_data_sample\l2_unseen_validation\trade_date=2026-07-17\exchange=NSE\symbol=DRREDDY\part-053426_874656-015017.parquet,34734,downloaded,34734,
2026-07-17,NSE,DRREDDY,raw_l2/trade_date=2026-07-17/exchange=NSE/symbol=DRREDDY/part-053412_913395-014985.parquet,real_data_sample\l2_unseen_validation\trade_date=2026-07-17\exchange=NSE\symbol=DRREDDY\part-053412_913395-014985.parquet,35022,downloaded,35022,
2026-07-17,NSE,DRREDDY,raw_l2/trade_date=2026-07-17/exchange=NSE/symbol=DRREDDY/part-053330_915209-014889.parquet,real_data_sample\l2_unseen_validation\trade_date=2026-07-17\exchange=NSE\symbol=DRREDDY\part-053330_915209-014889.parquet,34878,downloaded,34878,
2026-07-17,NSE,DRREDDY,raw_l2/trade_date=2026-07-17/exchange=NSE/symbol=DRREDDY/part-053645_873757-015337.parquet,real_data_sample\l2_unseen_validation\trade_date=2026-07-17\exchange=NSE\symbol=DRREDDY\part-053645_873757-015337.parquet,34996,downloaded,34996,
2026-07-17,NSE,DRREDDY,raw_l2/trade_date=2026-07-17/exchange=NSE/symbol=DRREDDY/part-053316_777215-014857.parquet,real_data_sample\l2_unseen_validation\trade_date=2026-07-17\exchange=NSE\symbol=DRREDDY\part-053316_777215-014857.parquet,34931,downloaded,34931,
2026-07-17,NSE,DRREDDY,raw_l2/trade_date=2026-07-17/exchange=NSE/symbol=DRREDDY/part-053522_128293-015145.parquet,real_data_sample\l2_unseen_validation\trade_date=2026-07-17\exchange=NSE\symbol=DRREDDY\part-053522_128293-015145.parquet,34764,downloaded,34764,
2026-07-17,NSE,DRREDDY,raw_l2/trade_date=2026-07-17/exchange=NSE/symbol=DRREDDY/part-053508_221266-015113.parquet,real_data_sample\l2_unseen_validation\trade_date=2026-07-17\exchange=NSE\symbol=DRREDDY\part-053508_221266-015113.parquet,34970,downloaded,34970,
2026-07-17,NSE,DRREDDY,raw_l2/trade_date=2026-07-17/exchange=NSE/symbol=DRREDDY/part-053617_673431-015273.parquet,real_data_sample\l2_unseen_validation\trade_date=2026-07-17\exchange=NSE\symbol=DRREDDY\part-053617_673431-015273.parquet,35018,downloaded,35018,
2026-07-17,NSE,DRREDDY,raw_l2/trade_date=2026-07-17/exchange=NSE/symbol=DRREDDY/part-053454_351317-015081.parquet,real_data_sample\l2_unseen_validation\trade_date=2026-07-17\exchange=NSE\symbol=DRREDDY\part-053454_351317-015081.parquet,34853,downloaded,34853,
2026-07-17,NSE,DRREDDY,raw_l2/trade_date=2026-07-17/exchange=NSE/symbol=DRREDDY/part-053727_625207-015433.parquet,real_data_sample\l2_unseen_validation\trade_date=2026-07-17\exchange=NSE\symbol=DRREDDY\part-053727_625207-015433.parquet,35085,downloaded,35085,
2026-07-17,NSE,DRREDDY,raw_l2/trade_date=2026-07-17/exchange=NSE/symbol=DRREDDY/part-053549_902355-015209.parquet,real_data_sample\l2_unseen_validation\trade_date=2026-07-17\exchange=NSE\symbol=DRREDDY\part-053549_902355-015209.parquet,34817,downloaded,34817,
2026-07-17,NSE,DRREDDY,raw_l2/trade_date=2026-07-17/exchange=NSE/symbol=DRREDDY/part-053603_631476-015241.parquet,real_data_sample\l2_unseen_validation\trade_date=2026-07-17\exchange=NSE\symbol=DRREDDY\part-053603_631476-015241.parquet,34947,downloaded,34947,
2026-07-17,NSE,DRREDDY,raw_l2/trade_date=2026-07-17/exchange=NSE/symbol=DRREDDY/part-053536_158395-015177.parquet,real_data_sample\l2_unseen_validation\trade_date=2026-07-17\exchange=NSE\symbol=DRREDDY\part-053536_158395-015177.parquet,35003,downloaded,35003,
2026-07-17,NSE,DRREDDY,raw_l2/trade_date=2026-07-17/exchange=NSE/symbol=DRREDDY/part-053713_666831-015401.parquet,real_data_sample\l2_unseen_validation\trade_date=2026-07-17\exchange=NSE\symbol=DRREDDY\part-053713_666831-015401.parquet,34813,downloaded,34813,
2026-07-17,NSE,DRREDDY,raw_l2/trade_date=2026-07-17/exchange=NSE/symbol=DRREDDY/part-053741_439559-015465.parquet,real_data_sample\l2_unseen_validation\trade_date=2026-07-17\exchange=NSE\symbol=DRREDDY\part-053741_439559-015465.parquet,35016,downloaded,35016,
2026-07-17,NSE,DRREDDY,raw_l2/trade_date=2026-07-17/exchange=NSE/symbol=DRREDDY/part-053358_782461-014953.parquet,real_data_sample\l2_unseen_validation\trade_date=2026-07-17\exchange=NSE\symbol=DRREDDY\part-053358_782461-014953.parquet,34850,downloaded,34850,
2026-07-17,NSE,DRREDDY,raw_l2/trade_date=2026-07-17/exchange=NSE/symbol=DRREDDY/part-053659_641182-015369.parquet,real_data_sample\l2_unseen_validation\trade_date=2026-07-17\exchange=NSE\symbol=DRREDDY\part-053659_641182-015369.parquet,34929,downloaded,34929,
2026-07-17,NSE,DRREDDY,raw_l2/trade_date=2026-07-17/exchange=NSE/symbol=DRREDDY/part-053755_359587-015497.parquet,real_data_sample\l2_unseen_validation\trade_date=2026-07-17\exchange=NSE\symbol=DRREDDY\part-053755_359587-015497.parquet,34841,downloaded,34841,
2026-07-17,NSE,DRREDDY,raw_l2/trade_date=2026-07-17/exchange=NSE/symbol=DRREDDY/part-053302_778936-014825.parquet,real_data_sample\l2_unseen_validation\trade_date=2026-07-17\exchange=NSE\symbol=DRREDDY\part-053302_778936-014825.parquet,36305,downloaded,36305,
2026-07-17,NSE,DRREDDY,raw_l2/trade_date=2026-07-17/exchange=NSE/symbol=DRREDDY/part-053809_179969-015529.parquet,real_data_sample\l2_unseen_validation\trade_date=2026-07-17\exchange=NSE\symbol=DRREDDY\part-053809_179969-015529.parquet,34877,downloaded,34877,
2026-07-17,NSE,DRREDDY,raw_l2/trade_date=2026-07-17/exchange=NSE/symbol=DRREDDY/part-053823_167699-015561.parquet,real_data_sample\l2_unseen_validation\trade_date=2026-07-17\exchange=NSE\symbol=DRREDDY\part-053823_167699-015561.parquet,34886,downloaded,34886,
2026-07-17,NSE,DRREDDY,raw_l2/trade_date=2026-07-17/exchange=NSE/symbol=DRREDDY/part-053837_403918-015593.parquet,real_data_sample\l2_unseen_validation\trade_date=2026-07-17\exchange=NSE\symbol=DRREDDY\part-053837_403918-015593.parquet,34730,downloaded,34730,
2026-07-17,NSE,DRREDDY,raw_l2/trade_date=2026-07-17/exchange=NSE/symbol=DRREDDY/part-053946_887375-015753.parquet,real_data_sample\l2_unseen_validation\trade_date=2026-07-17\exchange=NSE\symbol=DRREDDY\part-053946_887375-015753.parquet,34753,downloaded,34753,
2026-07-17,NSE,DRREDDY,raw_l2/trade_date=2026-07-17/exchange=NSE/symbol=DRREDDY/part-053851_396591-015625.parquet,real_data_sample\l2_unseen_validation\trade_date=2026-07-17\exchange=NSE\symbol=DRREDDY\part-053851_396591-015625.parquet,34874,downloaded,34874,
2026-07-17,NSE,DRREDDY,raw_l2/trade_date=2026-07-17/exchange=NSE/symbol=DRREDDY/part-053905_166864-015657.parquet,real_data_sample\l2_unseen_validation\trade_date=2026-07-17\exchange=NSE\symbol=DRREDDY\part-053905_166864-015657.parquet,34832,downloaded,34832,
2026-07-17,NSE,DRREDDY,raw_l2/trade_date=2026-07-17/exchange=NSE/symbol=DRREDDY/part-053933_141554-015721.parquet,real_data_sample\l2_unseen_validation\trade_date=2026-07-17\exchange=NSE\symbol=DRREDDY\part-053933_141554-015721.parquet,34809,downloaded,34809,
2026-07-17,NSE,DRREDDY,raw_l2/trade_date=2026-07-17/exchange=NSE/symbol=DRREDDY/part-053919_194418-015689.parquet,real_data_sample\l2_unseen_validation\trade_date=2026-07-17\exchange=NSE\symbol=DRREDDY\part-053919_194418-015689.parquet,34724,downloaded,34724,
2026-07-17,NSE,DRREDDY,raw_l2/trade_date=2026-07-17/exchange=NSE/symbol=DRREDDY/part-054000_984813-015785.parquet,real_data_sample\l2_unseen_validation\trade_date=2026-07-17\exchange=NSE\symbol=DRREDDY\part-054000_984813-015785.parquet,34644,downloaded,34644,
2026-07-17,NSE,DRREDDY,raw_l2/trade_date=2026-07-17/exchange=NSE/symbol=DRREDDY/part-054014_849903-015817.parquet,real_data_sample\l2_unseen_validation\trade_date=2026-07-17\exchange=NSE\symbol=DRREDDY\part-054014_849903-015817.parquet,35015,downloaded,35015,
2026-07-17,NSE,DRREDDY,raw_l2/trade_date=2026-07-17/exchange=NSE/symbol=DRREDDY/part-054124_370605-015977.parquet,real_data_sample\l2_unseen_validation\trade_date=2026-07-17\exchange=NSE\symbol=DRREDDY\part-054124_370605-015977.parquet,34802,downloaded,34802,
2026-07-17,NSE,DRREDDY,raw_l2/trade_date=2026-07-17/exchange=NSE/symbol=DRREDDY/part-054042_707871-015881.parquet,real_data_sample\l2_unseen_validation\trade_date=2026-07-17\exchange=NSE\symbol=DRREDDY\part-054042_707871-015881.parquet,35639,downloaded,35639,
2026-07-17,NSE,DRREDDY,raw_l2/trade_date=2026-07-17/exchange=NSE/symbol=DRREDDY/part-054028_895194-015849.parquet,real_data_sample\l2_unseen_validation\trade_date=2026-07-17\exchange=NSE\symbol=DRREDDY\part-054028_895194-015849.parquet,35755,downloaded,35755,
2026-07-17,NSE,DRREDDY,raw_l2/trade_date=2026-07-17/exchange=NSE/symbol=DRREDDY/part-054233_588816-016137.parquet,real_data_sample\l2_unseen_validation\trade_date=2026-07-17\exchange=NSE\symbol=DRREDDY\part-054233_588816-016137.parquet,34654,downloaded,34654,
2026-07-17,NSE,DRREDDY,raw_l2/trade_date=2026-07-17/exchange=NSE/symbol=DRREDDY/part-054205_900530-016073.parquet,real_data_sample\l2_unseen_validation\trade_date=2026-07-17\exchange=NSE\symbol=DRREDDY\part-054205_900530-016073.parquet,34702,downloaded,34702,
2026-07-17,NSE,DRREDDY,raw_l2/trade_date=2026-07-17/exchange=NSE/symbol=DRREDDY/part-054138_161501-016009.parquet,real_data_sample\l2_unseen_validation\trade_date=2026-07-17\exchange=NSE\symbol=DRREDDY\part-054138_161501-016009.parquet,34518,downloaded,34518,
2026-07-17,NSE,DRREDDY,raw_l2/trade_date=2026-07-17/exchange=NSE/symbol=DRREDDY/part-054219_881021-016105.parquet,real_data_sample\l2_unseen_validation\trade_date=2026-07-17\exchange=NSE\symbol=DRREDDY\part-054219_881021-016105.parquet,34647,downloaded,34647,
2026-07-17,NSE,DRREDDY,raw_l2/trade_date=2026-07-17/exchange=NSE/symbol=DRREDDY/part-054056_661772-015913.parquet,real_data_sample\l2_unseen_validation\trade_date=2026-07-17\exchange=NSE\symbol=DRREDDY\part-054056_661772-015913.parquet,35691,downloaded,35691,
2026-07-17,NSE,DRREDDY,raw_l2/trade_date=2026-07-17/exchange=NSE/symbol=DRREDDY/part-054151_916864-016041.parquet,real_data_sample\l2_unseen_validation\trade_date=2026-07-17\exchange=NSE\symbol=DRREDDY\part-054151_916864-016041.parquet,34795,downloaded,34795,
2026-07-17,NSE,DRREDDY,raw_l2/trade_date=2026-07-17/exchange=NSE/symbol=DRREDDY/part-054616_155456-016649.parquet,real_data_sample\l2_unseen_validation\trade_date=2026-07-17\exchange=NSE\symbol=DRREDDY\part-054616_155456-016649.parquet,34734,downloaded,34734,
2026-07-17,NSE,DRREDDY,raw_l2/trade_date=2026-07-17/exchange=NSE/symbol=DRREDDY/part-054343_427530-016297.parquet,real_data_sample\l2_unseen_validation\trade_date=2026-07-17\exchange=NSE\symbol=DRREDDY\part-054343_427530-016297.parquet,34932,downloaded,34932,
2026-07-17,NSE,DRREDDY,raw_l2/trade_date=2026-07-17/exchange=NSE/symbol=DRREDDY/part-054110_649447-015945.parquet,real_data_sample\l2_unseen_validation\trade_date=2026-07-17\exchange=NSE\symbol=DRREDDY\part-054110_649447-015945.parquet,35477,downloaded,35477,
2026-07-17,NSE,DRREDDY,raw_l2/trade_date=2026-07-17/exchange=NSE/symbol=DRREDDY/part-054247_631255-016169.parquet,real_data_sample\l2_unseen_validation\trade_date=2026-07-17\exchange=NSE\symbol=DRREDDY\part-054247_631255-016169.parquet,34628,downloaded,34628,
2026-07-17,NSE,DRREDDY,raw_l2/trade_date=2026-07-17/exchange=NSE/symbol=DRREDDY/part-054357_151437-016329.parquet,real_data_sample\l2_unseen_validation\trade_date=2026-07-17\exchange=NSE\symbol=DRREDDY\part-054357_151437-016329.parquet,34760,downloaded,34760,
2026-07-17,NSE,DRREDDY,raw_l2/trade_date=2026-07-17/exchange=NSE/symbol=DRREDDY/part-054643_683837-016713.parquet,real_data_sample\l2_unseen_validation\trade_date=2026-07-17\exchange=NSE\symbol=DRREDDY\part-054643_683837-016713.parquet,34854,downloaded,34854,
2026-07-17,NSE,DRREDDY,raw_l2/trade_date=2026-07-17/exchange=NSE/symbol=DRREDDY/part-054301_662640-016201.parquet,real_data_sample\l2_unseen_validation\trade_date=2026-07-17\exchange=NSE\symbol=DRREDDY\part-054301_662640-016201.parquet,34639,downloaded,34639,
2026-07-17,NSE,DRREDDY,raw_l2/trade_date=2026-07-17/exchange=NSE/symbol=DRREDDY/part-054329_503339-016265.parquet,real_data_sample\l2_unseen_validation\trade_date=2026-07-17\exchange=NSE\symbol=DRREDDY\part-054329_503339-016265.parquet,34742,downloaded,34742,
2026-07-17,NSE,DRREDDY,raw_l2/trade_date=2026-07-17/exchange=NSE/symbol=DRREDDY/part-054602_194881-016617.parquet,real_data_sample\l2_unseen_validation\trade_date=2026-07-17\exchange=NSE\symbol=DRREDDY\part-054602_194881-016617.parquet,34847,downloaded,34847,
2026-07-17,NSE,DRREDDY,raw_l2/trade_date=2026-07-17/exchange=NSE/symbol=DRREDDY/part-054534_405714-016553.parquet,real_data_sample\l2_unseen_validation\trade_date=2026-07-17\exchange=NSE\symbol=DRREDDY\part-054534_405714-016553.parquet,34757,downloaded,34757,
2026-07-17,NSE,DRREDDY,raw_l2/trade_date=2026-07-17/exchange=NSE/symbol=DRREDDY/part-054548_401820-016585.parquet,real_data_sample\l2_unseen_validation\trade_date=2026-07-17\exchange=NSE\symbol=DRREDDY\part-054548_401820-016585.parquet,34856,downloaded,34856,
2026-07-17,NSE,DRREDDY,raw_l2/trade_date=2026-07-17/exchange=NSE/symbol=DRREDDY/part-054629_885375-016681.parquet,real_data_sample\l2_unseen_validation\trade_date=2026-07-17\exchange=NSE\symbol=DRREDDY\part-054629_885375-016681.parquet,34657,downloaded,34657,
2026-07-17,NSE,DRREDDY,raw_l2/trade_date=2026-07-17/exchange=NSE/symbol=DRREDDY/part-054739_751559-016841.parquet,real_data_sample\l2_unseen_validation\trade_date=2026-07-17\exchange=NSE\symbol=DRREDDY\part-054739_751559-016841.parquet,34899,downloaded,34899,
2026-07-17,NSE,DRREDDY,raw_l2/trade_date=2026-07-17/exchange=NSE/symbol=DRREDDY/part-054657_624335-016745.parquet,real_data_sample\l2_unseen_validation\trade_date=2026-07-17\exchange=NSE\symbol=DRREDDY\part-054657_624335-016745.parquet,34709,downloaded,34709,
2026-07-17,NSE,DRREDDY,raw_l2/trade_date=2026-07-17/exchange=NSE/symbol=DRREDDY/part-054725_736634-016809.parquet,real_data_sample\l2_unseen_validation\trade_date=2026-07-17\exchange=NSE\symbol=DRREDDY\part-054725_736634-016809.parquet,34713,downloaded,34713,
2026-07-17,NSE,DRREDDY,raw_l2/trade_date=2026-07-17/exchange=NSE/symbol=DRREDDY/part-054711_508029-016777.parquet,real_data_sample\l2_unseen_validation\trade_date=2026-07-17\exchange=NSE\symbol=DRREDDY\part-054711_508029-016777.parquet,34743,downloaded,34743,
2026-07-17,NSE,DRREDDY,raw_l2/trade_date=2026-07-17/exchange=NSE/symbol=DRREDDY/part-054411_154464-016361.parquet,real_data_sample\l2_unseen_validation\trade_date=2026-07-17\exchange=NSE\symbol=DRREDDY\part-054411_154464-016361.parquet,34894,downloaded,34894,
2026-07-17,NSE,DRREDDY,raw_l2/trade_date=2026-07-17/exchange=NSE/symbol=DRREDDY/part-054425_130539-016393.parquet,real_data_sample\l2_unseen_validation\trade_date=2026-07-17\exchange=NSE\symbol=DRREDDY\part-054425_130539-016393.parquet,34640,downloaded,34640,
2026-07-17,NSE,DRREDDY,raw_l2/trade_date=2026-07-17/exchange=NSE/symbol=DRREDDY/part-054438_911210-016425.parquet,real_data_sample\l2_unseen_validation\trade_date=2026-07-17\exchange=NSE\symbol=DRREDDY\part-054438_911210-016425.parquet,34446,downloaded,34446,
2026-07-17,NSE,DRREDDY,raw_l2/trade_date=2026-07-17/exchange=NSE/symbol=DRREDDY/part-054520_685705-016521.parquet,real_data_sample\l2_unseen_validation\trade_date=2026-07-17\exchange=NSE\symbol=DRREDDY\part-054520_685705-016521.parquet,34824,downloaded,34824,
2026-07-17,NSE,DRREDDY,raw_l2/trade_date=2026-07-17/exchange=NSE/symbol=DRREDDY/part-054506_644780-016489.parquet,real_data_sample\l2_unseen_validation\trade_date=2026-07-17\exchange=NSE\symbol=DRREDDY\part-054506_644780-016489.parquet,34915,downloaded,34915,
2026-07-17,NSE,DRREDDY,raw_l2/trade_date=2026-07-17/exchange=NSE/symbol=DRREDDY/part-054452_905408-016457.parquet,real_data_sample\l2_unseen_validation\trade_date=2026-07-17\exchange=NSE\symbol=DRREDDY\part-054452_905408-016457.parquet,34890,downloaded,34890,
2026-07-17,NSE,DRREDDY,raw_l2/trade_date=2026-07-17/exchange=NSE/symbol=DRREDDY/part-054315_629905-016233.parquet,real_data_sample\l2_unseen_validation\trade_date=2026-07-17\exchange=NSE\symbol=DRREDDY\part-054315_629905-016233.parquet,34896,downloaded,34896,
2026-07-17,NSE,DRREDDY,raw_l2/trade_date=2026-07-17/exchange=NSE/symbol=DRREDDY/part-055001_818992-017161.parquet,real_data_sample\l2_unseen_validation\trade_date=2026-07-17\exchange=NSE\symbol=DRREDDY\part-055001_818992-017161.parquet,34945,downloaded,34945,
2026-07-17,NSE,DRREDDY,raw_l2/trade_date=2026-07-17/exchange=NSE/symbol=DRREDDY/part-054753_946821-016873.parquet,real_data_sample\l2_unseen_validation\trade_date=2026-07-17\exchange=NSE\symbol=DRREDDY\part-054753_946821-016873.parquet,34806,downloaded,34806,
2026-07-17,NSE,DRREDDY,raw_l2/trade_date=2026-07-17/exchange=NSE/symbol=DRREDDY/part-054807_887791-016905.parquet,real_data_sample\l2_unseen_validation\trade_date=2026-07-17\exchange=NSE\symbol=DRREDDY\part-054807_887791-016905.parquet,34856,downloaded,34856,
2026-07-17,NSE,DRREDDY,raw_l2/trade_date=2026-07-17/exchange=NSE/symbol=DRREDDY/part-054822_000839-016937.parquet,real_data_sample\l2_unseen_validation\trade_date=2026-07-17\exchange=NSE\symbol=DRREDDY\part-054822_000839-016937.parquet,34845,downloaded,34845,
2026-07-17,NSE,DRREDDY,raw_l2/trade_date=2026-07-17/exchange=NSE/symbol=DRREDDY/part-055158_390122-017417.parquet,real_data_sample\l2_unseen_validation\trade_date=2026-07-17\exchange=NSE\symbol=DRREDDY\part-055158_390122-017417.parquet,34744,downloaded,34744,
2026-07-17,NSE,DRREDDY,raw_l2/trade_date=2026-07-17/exchange=NSE/symbol=DRREDDY/part-054850_515216-017001.parquet,real_data_sample\l2_unseen_validation\trade_date=2026-07-17\exchange=NSE\symbol=DRREDDY\part-054850_515216-017001.parquet,34962,downloaded,34962,
2026-07-17,NSE,DRREDDY,raw_l2/trade_date=2026-07-17/exchange=NSE/symbol=DRREDDY/part-055227_493869-017481.parquet,real_data_sample\l2_unseen_validation\trade_date=2026-07-17\exchange=NSE\symbol=DRREDDY\part-055227_493869-017481.parquet,34483,downloaded,34483,
2026-07-17,NSE,DRREDDY,raw_l2/trade_date=2026-07-17/exchange=NSE/symbol=DRREDDY/part-055212_878539-017449.parquet,real_data_sample\l2_unseen_validation\trade_date=2026-07-17\exchange=NSE\symbol=DRREDDY\part-055212_878539-017449.parquet,34812,downloaded,34812,
2026-07-17,NSE,DRREDDY,raw_l2/trade_date=2026-07-17/exchange=NSE/symbol=DRREDDY/part-055044_931993-017257.parquet,real_data_sample\l2_unseen_validation\trade_date=2026-07-17\exchange=NSE\symbol=DRREDDY\part-055044_931993-017257.parquet,34808,downloaded,34808,
2026-07-17,NSE,DRREDDY,raw_l2/trade_date=2026-07-17/exchange=NSE/symbol=DRREDDY/part-054836_241809-016969.parquet,real_data_sample\l2_unseen_validation\trade_date=2026-07-17\exchange=NSE\symbol=DRREDDY\part-054836_241809-016969.parquet,34898,downloaded,34898,
2026-07-17,NSE,DRREDDY,raw_l2/trade_date=2026-07-17/exchange=NSE/symbol=DRREDDY/part-055242_309112-017513.parquet,real_data_sample\l2_unseen_validation\trade_date=2026-07-17\exchange=NSE\symbol=DRREDDY\part-055242_309112-017513.parquet,34746,downloaded,34746,
2026-07-17,NSE,DRREDDY,raw_l2/trade_date=2026-07-17/exchange=NSE/symbol=DRREDDY/part-055128_802440-017353.parquet,real_data_sample\l2_unseen_validation\trade_date=2026-07-17\exchange=NSE\symbol=DRREDDY\part-055128_802440-017353.parquet,34956,downloaded,34956,
2026-07-17,NSE,DRREDDY,raw_l2/trade_date=2026-07-17/exchange=NSE/symbol=DRREDDY/part-055339_972166-017641.parquet,real_data_sample\l2_unseen_validation\trade_date=2026-07-17\exchange=NSE\symbol=DRREDDY\part-055339_972166-017641.parquet,34662,downloaded,34662,
2026-07-17,NSE,DRREDDY,raw_l2/trade_date=2026-07-17/exchange=NSE/symbol=DRREDDY/part-054932_944553-017097.parquet,real_data_sample\l2_unseen_validation\trade_date=2026-07-17\exchange=NSE\symbol=DRREDDY\part-054932_944553-017097.parquet,34896,downloaded,34896,
2026-07-17,NSE,DRREDDY,raw_l2/trade_date=2026-07-17/exchange=NSE/symbol=DRREDDY/part-055016_318875-017193.parquet,real_data_sample\l2_unseen_validation\trade_date=2026-07-17\exchange=NSE\symbol=DRREDDY\part-055016_318875-017193.parquet,34947,downloaded,34947,
2026-07-17,NSE,DRREDDY,raw_l2/trade_date=2026-07-17/exchange=NSE/symbol=DRREDDY/part-055114_047256-017321.parquet,real_data_sample\l2_unseen_validation\trade_date=2026-07-17\exchange=NSE\symbol=DRREDDY\part-055114_047256-017321.parquet,34956,downloaded,34956,
2026-07-17,NSE,DRREDDY,raw_l2/trade_date=2026-07-17/exchange=NSE/symbol=DRREDDY/part-054904_532650-017033.parquet,real_data_sample\l2_unseen_validation\trade_date=2026-07-17\exchange=NSE\symbol=DRREDDY\part-054904_532650-017033.parquet,34815,downloaded,34815,
2026-07-17,NSE,DRREDDY,raw_l2/trade_date=2026-07-17/exchange=NSE/symbol=DRREDDY/part-054918_734765-017065.parquet,real_data_sample\l2_unseen_validation\trade_date=2026-07-17\exchange=NSE\symbol=DRREDDY\part-054918_734765-017065.parquet,34764,downloaded,34764,
2026-07-17,NSE,DRREDDY,raw_l2/trade_date=2026-07-17/exchange=NSE/symbol=DRREDDY/part-055257_061061-017545.parquet,real_data_sample\l2_unseen_validation\trade_date=2026-07-17\exchange=NSE\symbol=DRREDDY\part-055257_061061-017545.parquet,34927,downloaded,34927,
2026-07-17,NSE,DRREDDY,raw_l2/trade_date=2026-07-17/exchange=NSE/symbol=DRREDDY/part-055143_643152-017385.parquet,real_data_sample\l2_unseen_validation\trade_date=2026-07-17\exchange=NSE\symbol=DRREDDY\part-055143_643152-017385.parquet,34927,downloaded,34927,
2026-07-17,NSE,DRREDDY,raw_l2/trade_date=2026-07-17/exchange=NSE/symbol=DRREDDY/part-055408_548322-017705.parquet,real_data_sample\l2_unseen_validation\trade_date=2026-07-17\exchange=NSE\symbol=DRREDDY\part-055408_548322-017705.parquet,34925,downloaded,34925,
2026-07-17,NSE,DRREDDY,raw_l2/trade_date=2026-07-17/exchange=NSE/symbol=DRREDDY/part-055325_477270-017609.parquet,real_data_sample\l2_unseen_validation\trade_date=2026-07-17\exchange=NSE\symbol=DRREDDY\part-055325_477270-017609.parquet,34714,downloaded,34714,
2026-07-17,NSE,DRREDDY,raw_l2/trade_date=2026-07-17/exchange=NSE/symbol=DRREDDY/part-054947_299456-017129.parquet,real_data_sample\l2_unseen_validation\trade_date=2026-07-17\exchange=NSE\symbol=DRREDDY\part-054947_299456-017129.parquet,35050,downloaded,35050,
2026-07-17,NSE,DRREDDY,raw_l2/trade_date=2026-07-17/exchange=NSE/symbol=DRREDDY/part-055311_408952-017577.parquet,real_data_sample\l2_unseen_validation\trade_date=2026-07-17\exchange=NSE\symbol=DRREDDY\part-055311_408952-017577.parquet,34653,downloaded,34653,
2026-07-17,NSE,DRREDDY,raw_l2/trade_date=2026-07-17/exchange=NSE/symbol=DRREDDY/part-055354_329667-017673.parquet,real_data_sample\l2_unseen_validation\trade_date=2026-07-17\exchange=NSE\symbol=DRREDDY\part-055354_329667-017673.parquet,34972,downloaded,34972,
2026-07-17,NSE,DRREDDY,raw_l2/trade_date=2026-07-17/exchange=NSE/symbol=DRREDDY/part-055422_684695-017737.parquet,real_data_sample\l2_unseen_validation\trade_date=2026-07-17\exchange=NSE\symbol=DRREDDY\part-055422_684695-017737.parquet,34844,downloaded,34844,
2026-07-17,NSE,DRREDDY,raw_l2/trade_date=2026-07-17/exchange=NSE/symbol=DRREDDY/part-055504_747661-017833.parquet,real_data_sample\l2_unseen_validation\trade_date=2026-07-17\exchange=NSE\symbol=DRREDDY\part-055504_747661-017833.parquet,34727,downloaded,34727,
2026-07-17,NSE,DRREDDY,raw_l2/trade_date=2026-07-17/exchange=NSE/symbol=DRREDDY/part-055450_772859-017801.parquet,real_data_sample\l2_unseen_validation\trade_date=2026-07-17\exchange=NSE\symbol=DRREDDY\part-055450_772859-017801.parquet,34622,downloaded,34622,
2026-07-17,NSE,DRREDDY,raw_l2/trade_date=2026-07-17/exchange=NSE/symbol=DRREDDY/part-055436_736736-017769.parquet,real_data_sample\l2_unseen_validation\trade_date=2026-07-17\exchange=NSE\symbol=DRREDDY\part-055436_736736-017769.parquet,34754,downloaded,34754,
2026-07-17,NSE,DRREDDY,raw_l2/trade_date=2026-07-17/exchange=NSE/symbol=DRREDDY/part-055518_701356-017865.parquet,real_data_sample\l2_unseen_validation\trade_date=2026-07-17\exchange=NSE\symbol=DRREDDY\part-055518_701356-017865.parquet,34733,downloaded,34733,
2026-07-17,NSE,DRREDDY,raw_l2/trade_date=2026-07-17/exchange=NSE/symbol=DRREDDY/part-055030_247886-017225.parquet,real_data_sample\l2_unseen_validation\trade_date=2026-07-17\exchange=NSE\symbol=DRREDDY\part-055030_247886-017225.parquet,34753,downloaded,34753,
2026-07-17,NSE,DRREDDY,raw_l2/trade_date=2026-07-17/exchange=NSE/symbol=DRREDDY/part-055059_424950-017289.parquet,real_data_sample\l2_unseen_validation\trade_date=2026-07-17\exchange=NSE\symbol=DRREDDY\part-055059_424950-017289.parquet,34795,downloaded,34795,
2026-07-17,NSE,DRREDDY,raw_l2/trade_date=2026-07-17/exchange=NSE/symbol=DRREDDY/part-055739_500827-018185.parquet,real_data_sample\l2_unseen_validation\trade_date=2026-07-17\exchange=NSE\symbol=DRREDDY\part-055739_500827-018185.parquet,34809,downloaded,34809,
2026-07-17,NSE,DRREDDY,raw_l2/trade_date=2026-07-17/exchange=NSE/symbol=DRREDDY/part-055904_225374-018377.parquet,real_data_sample\l2_unseen_validation\trade_date=2026-07-17\exchange=NSE\symbol=DRREDDY\part-055904_225374-018377.parquet,35137,downloaded,35137,
2026-07-17,NSE,DRREDDY,raw_l2/trade_date=2026-07-17/exchange=NSE/symbol=DRREDDY/part-060304_959838-018921.parquet,real_data_sample\l2_unseen_validation\trade_date=2026-07-17\exchange=NSE\symbol=DRREDDY\part-060304_959838-018921.parquet,34575,downloaded,34575,
2026-07-17,NSE,DRREDDY,raw_l2/trade_date=2026-07-17/exchange=NSE/symbol=DRREDDY/part-060319_003566-018953.parquet,real_data_sample\l2_unseen_validation\trade_date=2026-07-17\exchange=NSE\symbol=DRREDDY\part-060319_003566-018953.parquet,34743,downloaded,34743,
2026-07-17,NSE,DRREDDY,raw_l2/trade_date=2026-07-17/exchange=NSE/symbol=DRREDDY/part-060333_000615-018985.parquet,real_data_sample\l2_unseen_validation\trade_date=2026-07-17\exchange=NSE\symbol=DRREDDY\part-060333_000615-018985.parquet,34702,downloaded,34702,
2026-07-17,NSE,DRREDDY,raw_l2/trade_date=2026-07-17/exchange=NSE/symbol=DRREDDY/part-060347_040881-019017.parquet,real_data_sample\l2_unseen_validation\trade_date=2026-07-17\exchange=NSE\symbol=DRREDDY\part-060347_040881-019017.parquet,34523,downloaded,34523,
2026-07-17,NSE,DRREDDY,raw_l2/trade_date=2026-07-17/exchange=NSE/symbol=DRREDDY/part-060401_030930-019049.parquet,real_data_sample\l2_unseen_validation\trade_date=2026-07-17\exchange=NSE\symbol=DRREDDY\part-060401_030930-019049.parquet,34567,downloaded,34567,
2026-07-17,NSE,DRREDDY,raw_l2/trade_date=2026-07-17/exchange=NSE/symbol=DRREDDY/part-060414_969030-019081.parquet,real_data_sample\l2_unseen_validation\trade_date=2026-07-17\exchange=NSE\symbol=DRREDDY\part-060414_969030-019081.parquet,34657,downloaded,34657,
2026-07-17,NSE,DRREDDY,raw_l2/trade_date=2026-07-17/exchange=NSE/symbol=DRREDDY/part-060429_279742-019113.parquet,real_data_sample\l2_unseen_validation\trade_date=2026-07-17\exchange=NSE\symbol=DRREDDY\part-060429_279742-019113.parquet,34833,downloaded,34833,
2026-07-17,NSE,DRREDDY,raw_l2/trade_date=2026-07-17/exchange=NSE/symbol=DRREDDY/part-060443_779219-019145.parquet,real_data_sample\l2_unseen_validation\trade_date=2026-07-17\exchange=NSE\symbol=DRREDDY\part-060443_779219-019145.parquet,34688,downloaded,34688,
2026-07-17,NSE,DRREDDY,raw_l2/trade_date=2026-07-17/exchange=NSE/symbol=DRREDDY/part-060457_685006-019177.parquet,real_data_sample\l2_unseen_validation\trade_date=2026-07-17\exchange=NSE\symbol=DRREDDY\part-060457_685006-019177.parquet,34705,downloaded,34705,
2026-07-17,NSE,DRREDDY,raw_l2/trade_date=2026-07-17/exchange=NSE/symbol=DRREDDY/part-060511_723647-019209.parquet,real_data_sample\l2_unseen_validation\trade_date=2026-07-17\exchange=NSE\symbol=DRREDDY\part-060511_723647-019209.parquet,34589,downloaded,34589,
2026-07-17,NSE,DRREDDY,raw_l2/trade_date=2026-07-17/exchange=NSE/symbol=DRREDDY/part-060525_730109-019241.parquet,real_data_sample\l2_unseen_validation\trade_date=2026-07-17\exchange=NSE\symbol=DRREDDY\part-060525_730109-019241.parquet,34771,downloaded,34771,
2026-07-17,NSE,DRREDDY,raw_l2/trade_date=2026-07-17/exchange=NSE/symbol=DRREDDY/part-060539_980925-019273.parquet,real_data_sample\l2_unseen_validation\trade_date=2026-07-17\exchange=NSE\symbol=DRREDDY\part-060539_980925-019273.parquet,35076,downloaded,35076,
2026-07-17,NSE,DRREDDY,raw_l2/trade_date=2026-07-17/exchange=NSE/symbol=DRREDDY/part-060553_947784-019305.parquet,real_data_sample\l2_unseen_validation\trade_date=2026-07-17\exchange=NSE\symbol=DRREDDY\part-060553_947784-019305.parquet,34756,downloaded,34756,
2026-07-17,NSE,DRREDDY,raw_l2/trade_date=2026-07-17/exchange=NSE/symbol=DRREDDY/part-060607_930947-019337.parquet,real_data_sample\l2_unseen_validation\trade_date=2026-07-17\exchange=NSE\symbol=DRREDDY\part-060607_930947-019337.parquet,34796,downloaded,34796,
2026-07-17,NSE,DRREDDY,raw_l2/trade_date=2026-07-17/exchange=NSE/symbol=DRREDDY/part-055946_614961-018473.parquet,real_data_sample\l2_unseen_validation\trade_date=2026-07-17\exchange=NSE\symbol=DRREDDY\part-055946_614961-018473.parquet,34669,downloaded,34669,
2026-07-17,NSE,DRREDDY,raw_l2/trade_date=2026-07-17/exchange=NSE/symbol=DRREDDY/part-060222_719989-018825.parquet,real_data_sample\l2_unseen_validation\trade_date=2026-07-17\exchange=NSE\symbol=DRREDDY\part-060222_719989-018825.parquet,34958,downloaded,34958,
2026-07-17,NSE,DRREDDY,raw_l2/trade_date=2026-07-17/exchange=NSE/symbol=DRREDDY/part-055643_201485-018057.parquet,real_data_sample\l2_unseen_validation\trade_date=2026-07-17\exchange=NSE\symbol=DRREDDY\part-055643_201485-018057.parquet,34719,downloaded,34719,
2026-07-17,NSE,DRREDDY,raw_l2/trade_date=2026-07-17/exchange=NSE/symbol=DRREDDY/part-060015_500027-018537.parquet,real_data_sample\l2_unseen_validation\trade_date=2026-07-17\exchange=NSE\symbol=DRREDDY\part-060015_500027-018537.parquet,34839,downloaded,34839,
2026-07-17,NSE,DRREDDY,raw_l2/trade_date=2026-07-17/exchange=NSE/symbol=DRREDDY/part-055850_096373-018345.parquet,real_data_sample\l2_unseen_validation\trade_date=2026-07-17\exchange=NSE\symbol=DRREDDY\part-055850_096373-018345.parquet,35842,downloaded,35842,
2026-07-17,NSE,DRREDDY,raw_l2/trade_date=2026-07-17/exchange=NSE/symbol=DRREDDY/part-055532_779630-017897.parquet,real_data_sample\l2_unseen_validation\trade_date=2026-07-17\exchange=NSE\symbol=DRREDDY\part-055532_779630-017897.parquet,34677,downloaded,34677,
2026-07-17,NSE,DRREDDY,raw_l2/trade_date=2026-07-17/exchange=NSE/symbol=DRREDDY/part-060112_236648-018665.parquet,real_data_sample\l2_unseen_validation\trade_date=2026-07-17\exchange=NSE\symbol=DRREDDY\part-060112_236648-018665.parquet,34723,downloaded,34723,
2026-07-17,NSE,DRREDDY,raw_l2/trade_date=2026-07-17/exchange=NSE/symbol=DRREDDY/part-060140_329932-018729.parquet,real_data_sample\l2_unseen_validation\trade_date=2026-07-17\exchange=NSE\symbol=DRREDDY\part-060140_329932-018729.parquet,34559,downloaded,34559,
2026-07-17,NSE,DRREDDY,raw_l2/trade_date=2026-07-17/exchange=NSE/symbol=DRREDDY/part-060058_025252-018633.parquet,real_data_sample\l2_unseen_validation\trade_date=2026-07-17\exchange=NSE\symbol=DRREDDY\part-060058_025252-018633.parquet,34827,downloaded,34827,
2026-07-17,NSE,DRREDDY,raw_l2/trade_date=2026-07-17/exchange=NSE/symbol=DRREDDY/part-055918_227068-018409.parquet,real_data_sample\l2_unseen_validation\trade_date=2026-07-17\exchange=NSE\symbol=DRREDDY\part-055918_227068-018409.parquet,35123,downloaded,35123,
2026-07-17,NSE,DRREDDY,raw_l2/trade_date=2026-07-17/exchange=NSE/symbol=DRREDDY/part-055835_777845-018313.parquet,real_data_sample\l2_unseen_validation\trade_date=2026-07-17\exchange=NSE\symbol=DRREDDY\part-055835_777845-018313.parquet,35789,downloaded,35789,
2026-07-17,NSE,DRREDDY,raw_l2/trade_date=2026-07-17/exchange=NSE/symbol=DRREDDY/part-060029_530712-018569.parquet,real_data_sample\l2_unseen_validation\trade_date=2026-07-17\exchange=NSE\symbol=DRREDDY\part-060029_530712-018569.parquet,34818,downloaded,34818,
2026-07-17,NSE,DRREDDY,raw_l2/trade_date=2026-07-17/exchange=NSE/symbol=DRREDDY/part-060001_268702-018505.parquet,real_data_sample\l2_unseen_validation\trade_date=2026-07-17\exchange=NSE\symbol=DRREDDY\part-060001_268702-018505.parquet,34884,downloaded,34884,
2026-07-17,NSE,DRREDDY,raw_l2/trade_date=2026-07-17/exchange=NSE/symbol=DRREDDY/part-055628_990078-018025.parquet,real_data_sample\l2_unseen_validation\trade_date=2026-07-17\exchange=NSE\symbol=DRREDDY\part-055628_990078-018025.parquet,34674,downloaded,34674,
2026-07-17,NSE,DRREDDY,raw_l2/trade_date=2026-07-17/exchange=NSE/symbol=DRREDDY/part-055711_290061-018121.parquet,real_data_sample\l2_unseen_validation\trade_date=2026-07-17\exchange=NSE\symbol=DRREDDY\part-055711_290061-018121.parquet,34890,downloaded,34890,
2026-07-17,NSE,DRREDDY,raw_l2/trade_date=2026-07-17/exchange=NSE/symbol=DRREDDY/part-055615_030524-017993.parquet,real_data_sample\l2_unseen_validation\trade_date=2026-07-17\exchange=NSE\symbol=DRREDDY\part-055615_030524-017993.parquet,34878,downloaded,34878,
2026-07-17,NSE,DRREDDY,raw_l2/trade_date=2026-07-17/exchange=NSE/symbol=DRREDDY/part-055753_508070-018217.parquet,real_data_sample\l2_unseen_validation\trade_date=2026-07-17\exchange=NSE\symbol=DRREDDY\part-055753_508070-018217.parquet,34751,downloaded,34751,
2026-07-17,NSE,DRREDDY,raw_l2/trade_date=2026-07-17/exchange=NSE/symbol=DRREDDY/part-055600_814272-017961.parquet,real_data_sample\l2_unseen_validation\trade_date=2026-07-17\exchange=NSE\symbol=DRREDDY\part-055600_814272-017961.parquet,34793,downloaded,34793,
2026-07-17,NSE,DRREDDY,raw_l2/trade_date=2026-07-17/exchange=NSE/symbol=DRREDDY/part-060043_777157-018601.parquet,real_data_sample\l2_unseen_validation\trade_date=2026-07-17\exchange=NSE\symbol=DRREDDY\part-060043_777157-018601.parquet,34970,downloaded,34970,
2026-07-17,NSE,DRREDDY,raw_l2/trade_date=2026-07-17/exchange=NSE/symbol=DRREDDY/part-060126_268807-018697.parquet,real_data_sample\l2_unseen_validation\trade_date=2026-07-17\exchange=NSE\symbol=DRREDDY\part-060126_268807-018697.parquet,34826,downloaded,34826,
2026-07-17,NSE,DRREDDY,raw_l2/trade_date=2026-07-17/exchange=NSE/symbol=DRREDDY/part-055546_722616-017929.parquet,real_data_sample\l2_unseen_validation\trade_date=2026-07-17\exchange=NSE\symbol=DRREDDY\part-055546_722616-017929.parquet,34662,downloaded,34662,
2026-07-17,NSE,DRREDDY,raw_l2/trade_date=2026-07-17/exchange=NSE/symbol=DRREDDY/part-055807_464271-018249.parquet,real_data_sample\l2_unseen_validation\trade_date=2026-07-17\exchange=NSE\symbol=DRREDDY\part-055807_464271-018249.parquet,34680,downloaded,34680,
2026-07-17,NSE,DRREDDY,raw_l2/trade_date=2026-07-17/exchange=NSE/symbol=DRREDDY/part-055821_533550-018281.parquet,real_data_sample\l2_unseen_validation\trade_date=2026-07-17\exchange=NSE\symbol=DRREDDY\part-055821_533550-018281.parquet,35400,downloaded,35400,
2026-07-17,NSE,DRREDDY,raw_l2/trade_date=2026-07-17/exchange=NSE/symbol=DRREDDY/part-060236_716116-018857.parquet,real_data_sample\l2_unseen_validation\trade_date=2026-07-17\exchange=NSE\symbol=DRREDDY\part-060236_716116-018857.parquet,34824,downloaded,34824,
2026-07-17,NSE,DRREDDY,raw_l2/trade_date=2026-07-17/exchange=NSE/symbol=DRREDDY/part-055932_494285-018441.parquet,real_data_sample\l2_unseen_validation\trade_date=2026-07-17\exchange=NSE\symbol=DRREDDY\part-055932_494285-018441.parquet,34677,downloaded,34677,
2026-07-17,NSE,DRREDDY,raw_l2/trade_date=2026-07-17/exchange=NSE/symbol=DRREDDY/part-055657_234505-018089.parquet,real_data_sample\l2_unseen_validation\trade_date=2026-07-17\exchange=NSE\symbol=DRREDDY\part-055657_234505-018089.parquet,34719,downloaded,34719,
2026-07-17,NSE,DRREDDY,raw_l2/trade_date=2026-07-17/exchange=NSE/symbol=DRREDDY/part-060621_720508-019369.parquet,real_data_sample\l2_unseen_validation\trade_date=2026-07-17\exchange=NSE\symbol=DRREDDY\part-060621_720508-019369.parquet,35483,downloaded,35483,
2026-07-17,NSE,DRREDDY,raw_l2/trade_date=2026-07-17/exchange=NSE/symbol=DRREDDY/part-060635_733097-019401.parquet,real_data_sample\l2_unseen_validation\trade_date=2026-07-17\exchange=NSE\symbol=DRREDDY\part-060635_733097-019401.parquet,35453,downloaded,35453,
2026-07-17,NSE,DRREDDY,raw_l2/trade_date=2026-07-17/exchange=NSE/symbol=DRREDDY/part-060208_450809-018793.parquet,real_data_sample\l2_unseen_validation\trade_date=2026-07-17\exchange=NSE\symbol=DRREDDY\part-060208_450809-018793.parquet,34853,downloaded,34853,
2026-07-17,NSE,DRREDDY,raw_l2/trade_date=2026-07-17/exchange=NSE/symbol=DRREDDY/part-060154_476913-018761.parquet,real_data_sample\l2_unseen_validation\trade_date=2026-07-17\exchange=NSE\symbol=DRREDDY\part-060154_476913-018761.parquet,34662,downloaded,34662,
2026-07-17,NSE,DRREDDY,raw_l2/trade_date=2026-07-17/exchange=NSE/symbol=DRREDDY/part-055725_240980-018153.parquet,real_data_sample\l2_unseen_validation\trade_date=2026-07-17\exchange=NSE\symbol=DRREDDY\part-055725_240980-018153.parquet,34922,downloaded,34922,
2026-07-17,NSE,DRREDDY,raw_l2/trade_date=2026-07-17/exchange=NSE/symbol=DRREDDY/part-060250_808593-018889.parquet,real_data_sample\l2_unseen_validation\trade_date=2026-07-17\exchange=NSE\symbol=DRREDDY\part-060250_808593-018889.parquet,34526,downloaded,34526,
2026-07-17,NSE,DRREDDY,raw_l2/trade_date=2026-07-17/exchange=NSE/symbol=DRREDDY/part-060718_019110-019497.parquet,real_data_sample\l2_unseen_validation\trade_date=2026-07-17\exchange=NSE\symbol=DRREDDY\part-060718_019110-019497.parquet,35095,downloaded,35095,
2026-07-17,NSE,DRREDDY,raw_l2/trade_date=2026-07-17/exchange=NSE/symbol=DRREDDY/part-060649_847623-019433.parquet,real_data_sample\l2_unseen_validation\trade_date=2026-07-17\exchange=NSE\symbol=DRREDDY\part-060649_847623-019433.parquet,35695,downloaded,35695,
2026-07-17,NSE,DRREDDY,raw_l2/trade_date=2026-07-17/exchange=NSE/symbol=DRREDDY/part-060703_963275-019465.parquet,real_data_sample\l2_unseen_validation\trade_date=2026-07-17\exchange=NSE\symbol=DRREDDY\part-060703_963275-019465.parquet,35475,downloaded,35475,
2026-07-17,NSE,DRREDDY,raw_l2/trade_date=2026-07-17/exchange=NSE/symbol=DRREDDY/part-060746_653277-019561.parquet,real_data_sample\l2_unseen_validation\trade_date=2026-07-17\exchange=NSE\symbol=DRREDDY\part-060746_653277-019561.parquet,34690,downloaded,34690,
2026-07-17,NSE,DRREDDY,raw_l2/trade_date=2026-07-17/exchange=NSE/symbol=DRREDDY/part-060801_597788-019593.parquet,real_data_sample\l2_unseen_validation\trade_date=2026-07-17\exchange=NSE\symbol=DRREDDY\part-060801_597788-019593.parquet,34994,downloaded,34994,
2026-07-17,NSE,DRREDDY,raw_l2/trade_date=2026-07-17/exchange=NSE/symbol=DRREDDY/part-060817_070749-019625.parquet,real_data_sample\l2_unseen_validation\trade_date=2026-07-17\exchange=NSE\symbol=DRREDDY\part-060817_070749-019625.parquet,34833,downloaded,34833,
2026-07-17,NSE,DRREDDY,raw_l2/trade_date=2026-07-17/exchange=NSE/symbol=DRREDDY/part-060900_232315-019721.parquet,real_data_sample\l2_unseen_validation\trade_date=2026-07-17\exchange=NSE\symbol=DRREDDY\part-060900_232315-019721.parquet,34875,downloaded,34875,
2026-07-17,NSE,DRREDDY,raw_l2/trade_date=2026-07-17/exchange=NSE/symbol=DRREDDY/part-060845_914746-019689.parquet,real_data_sample\l2_unseen_validation\trade_date=2026-07-17\exchange=NSE\symbol=DRREDDY\part-060845_914746-019689.parquet,34842,downloaded,34842,
2026-07-17,NSE,DRREDDY,raw_l2/trade_date=2026-07-17/exchange=NSE/symbol=DRREDDY/part-060732_404576-019529.parquet,real_data_sample\l2_unseen_validation\trade_date=2026-07-17\exchange=NSE\symbol=DRREDDY\part-060732_404576-019529.parquet,34809,downloaded,34809,
2026-07-17,NSE,DRREDDY,raw_l2/trade_date=2026-07-17/exchange=NSE/symbol=DRREDDY/part-060831_595314-019657.parquet,real_data_sample\l2_unseen_validation\trade_date=2026-07-17\exchange=NSE\symbol=DRREDDY\part-060831_595314-019657.parquet,34769,downloaded,34769,
2026-07-17,NSE,DRREDDY,raw_l2/trade_date=2026-07-17/exchange=NSE/symbol=DRREDDY/part-060957_359759-019849.parquet,real_data_sample\l2_unseen_validation\trade_date=2026-07-17\exchange=NSE\symbol=DRREDDY\part-060957_359759-019849.parquet,34590,downloaded,34590,
2026-07-17,NSE,DRREDDY,raw_l2/trade_date=2026-07-17/exchange=NSE/symbol=DRREDDY/part-060914_277985-019753.parquet,real_data_sample\l2_unseen_validation\trade_date=2026-07-17\exchange=NSE\symbol=DRREDDY\part-060914_277985-019753.parquet,34541,downloaded,34541,
2026-07-17,NSE,DRREDDY,raw_l2/trade_date=2026-07-17/exchange=NSE/symbol=DRREDDY/part-060928_759803-019785.parquet,real_data_sample\l2_unseen_validation\trade_date=2026-07-17\exchange=NSE\symbol=DRREDDY\part-060928_759803-019785.parquet,34925,downloaded,34925,
2026-07-17,NSE,DRREDDY,raw_l2/trade_date=2026-07-17/exchange=NSE/symbol=DRREDDY/part-061040_211664-019945.parquet,real_data_sample\l2_unseen_validation\trade_date=2026-07-17\exchange=NSE\symbol=DRREDDY\part-061040_211664-019945.parquet,34857,downloaded,34857,
2026-07-17,NSE,DRREDDY,raw_l2/trade_date=2026-07-17/exchange=NSE/symbol=DRREDDY/part-061011_730820-019881.parquet,real_data_sample\l2_unseen_validation\trade_date=2026-07-17\exchange=NSE\symbol=DRREDDY\part-061011_730820-019881.parquet,34902,downloaded,34902,
2026-07-17,NSE,DRREDDY,raw_l2/trade_date=2026-07-17/exchange=NSE/symbol=DRREDDY/part-061026_008780-019913.parquet,real_data_sample\l2_unseen_validation\trade_date=2026-07-17\exchange=NSE\symbol=DRREDDY\part-061026_008780-019913.parquet,34857,downloaded,34857,
2026-07-17,NSE,DRREDDY,raw_l2/trade_date=2026-07-17/exchange=NSE/symbol=DRREDDY/part-060943_200139-019817.parquet,real_data_sample\l2_unseen_validation\trade_date=2026-07-17\exchange=NSE\symbol=DRREDDY\part-060943_200139-019817.parquet,34801,downloaded,34801,
2026-07-17,NSE,DRREDDY,raw_l2/trade_date=2026-07-17/exchange=NSE/symbol=DRREDDY/part-061137_708734-020073.parquet,real_data_sample\l2_unseen_validation\trade_date=2026-07-17\exchange=NSE\symbol=DRREDDY\part-061137_708734-020073.parquet,35596,downloaded,35596,
2026-07-17,NSE,DRREDDY,raw_l2/trade_date=2026-07-17/exchange=NSE/symbol=DRREDDY/part-061054_697223-019977.parquet,real_data_sample\l2_unseen_validation\trade_date=2026-07-17\exchange=NSE\symbol=DRREDDY\part-061054_697223-019977.parquet,34688,downloaded,34688,
2026-07-17,NSE,DRREDDY,raw_l2/trade_date=2026-07-17/exchange=NSE/symbol=DRREDDY/part-061109_236508-020009.parquet,real_data_sample\l2_unseen_validation\trade_date=2026-07-17\exchange=NSE\symbol=DRREDDY\part-061109_236508-020009.parquet,34898,downloaded,34898,
2026-07-17,NSE,DRREDDY,raw_l2/trade_date=2026-07-17/exchange=NSE/symbol=DRREDDY/part-061152_323345-020105.parquet,real_data_sample\l2_unseen_validation\trade_date=2026-07-17\exchange=NSE\symbol=DRREDDY\part-061152_323345-020105.parquet,35839,downloaded,35839,
2026-07-17,NSE,DRREDDY,raw_l2/trade_date=2026-07-17/exchange=NSE/symbol=DRREDDY/part-061206_773712-020137.parquet,real_data_sample\l2_unseen_validation\trade_date=2026-07-17\exchange=NSE\symbol=DRREDDY\part-061206_773712-020137.parquet,35874,downloaded,35874,
2026-07-17,NSE,DRREDDY,raw_l2/trade_date=2026-07-17/exchange=NSE/symbol=DRREDDY/part-061235_785708-020201.parquet,real_data_sample\l2_unseen_validation\trade_date=2026-07-17\exchange=NSE\symbol=DRREDDY\part-061235_785708-020201.parquet,34685,downloaded,34685,
2026-07-17,NSE,DRREDDY,raw_l2/trade_date=2026-07-17/exchange=NSE/symbol=DRREDDY/part-061304_497898-020265.parquet,real_data_sample\l2_unseen_validation\trade_date=2026-07-17\exchange=NSE\symbol=DRREDDY\part-061304_497898-020265.parquet,34833,downloaded,34833,
2026-07-17,NSE,DRREDDY,raw_l2/trade_date=2026-07-17/exchange=NSE/symbol=DRREDDY/part-061123_559657-020041.parquet,real_data_sample\l2_unseen_validation\trade_date=2026-07-17\exchange=NSE\symbol=DRREDDY\part-061123_559657-020041.parquet,35955,downloaded,35955,
2026-07-17,NSE,DRREDDY,raw_l2/trade_date=2026-07-17/exchange=NSE/symbol=DRREDDY/part-061319_065719-020297.parquet,real_data_sample\l2_unseen_validation\trade_date=2026-07-17\exchange=NSE\symbol=DRREDDY\part-061319_065719-020297.parquet,34655,downloaded,34655,
2026-07-17,NSE,DRREDDY,raw_l2/trade_date=2026-07-17/exchange=NSE/symbol=DRREDDY/part-061221_261339-020169.parquet,real_data_sample\l2_unseen_validation\trade_date=2026-07-17\exchange=NSE\symbol=DRREDDY\part-061221_261339-020169.parquet,35215,downloaded,35215,
2026-07-17,NSE,DRREDDY,raw_l2/trade_date=2026-07-17/exchange=NSE/symbol=DRREDDY/part-061250_075179-020233.parquet,real_data_sample\l2_unseen_validation\trade_date=2026-07-17\exchange=NSE\symbol=DRREDDY\part-061250_075179-020233.parquet,34909,downloaded,34909,
2026-07-17,NSE,DRREDDY,raw_l2/trade_date=2026-07-17/exchange=NSE/symbol=DRREDDY/part-061347_774786-020361.parquet,real_data_sample\l2_unseen_validation\trade_date=2026-07-17\exchange=NSE\symbol=DRREDDY\part-061347_774786-020361.parquet,34972,downloaded,34972,
2026-07-17,NSE,DRREDDY,raw_l2/trade_date=2026-07-17/exchange=NSE/symbol=DRREDDY/part-061402_061379-020393.parquet,real_data_sample\l2_unseen_validation\trade_date=2026-07-17\exchange=NSE\symbol=DRREDDY\part-061402_061379-020393.parquet,34928,downloaded,34928,
2026-07-17,NSE,DRREDDY,raw_l2/trade_date=2026-07-17/exchange=NSE/symbol=DRREDDY/part-061416_312978-020425.parquet,real_data_sample\l2_unseen_validation\trade_date=2026-07-17\exchange=NSE\symbol=DRREDDY\part-061416_312978-020425.parquet,34700,downloaded,34700,
2026-07-17,NSE,DRREDDY,raw_l2/trade_date=2026-07-17/exchange=NSE/symbol=DRREDDY/part-061333_269782-020329.parquet,real_data_sample\l2_unseen_validation\trade_date=2026-07-17\exchange=NSE\symbol=DRREDDY\part-061333_269782-020329.parquet,34946,downloaded,34946,
2026-07-17,NSE,DRREDDY,raw_l2/trade_date=2026-07-17/exchange=NSE/symbol=DRREDDY/part-061528_316756-020585.parquet,real_data_sample\l2_unseen_validation\trade_date=2026-07-17\exchange=NSE\symbol=DRREDDY\part-061528_316756-020585.parquet,34772,downloaded,34772,
2026-07-17,NSE,DRREDDY,raw_l2/trade_date=2026-07-17/exchange=NSE/symbol=DRREDDY/part-061513_788679-020553.parquet,real_data_sample\l2_unseen_validation\trade_date=2026-07-17\exchange=NSE\symbol=DRREDDY\part-061513_788679-020553.parquet,34816,downloaded,34816,
2026-07-17,NSE,DRREDDY,raw_l2/trade_date=2026-07-17/exchange=NSE/symbol=DRREDDY/part-061430_743709-020457.parquet,real_data_sample\l2_unseen_validation\trade_date=2026-07-17\exchange=NSE\symbol=DRREDDY\part-061430_743709-020457.parquet,34803,downloaded,34803,
2026-07-17,NSE,DRREDDY,raw_l2/trade_date=2026-07-17/exchange=NSE/symbol=DRREDDY/part-061459_321363-020521.parquet,real_data_sample\l2_unseen_validation\trade_date=2026-07-17\exchange=NSE\symbol=DRREDDY\part-061459_321363-020521.parquet,34707,downloaded,34707,
2026-07-17,NSE,DRREDDY,raw_l2/trade_date=2026-07-17/exchange=NSE/symbol=DRREDDY/part-061444_958021-020489.parquet,real_data_sample\l2_unseen_validation\trade_date=2026-07-17\exchange=NSE\symbol=DRREDDY\part-061444_958021-020489.parquet,34770,downloaded,34770,
2026-07-17,NSE,DRREDDY,raw_l2/trade_date=2026-07-17/exchange=NSE/symbol=DRREDDY/part-061611_805999-020681.parquet,real_data_sample\l2_unseen_validation\trade_date=2026-07-17\exchange=NSE\symbol=DRREDDY\part-061611_805999-020681.parquet,34774,downloaded,34774,
2026-07-17,NSE,DRREDDY,raw_l2/trade_date=2026-07-17/exchange=NSE/symbol=DRREDDY/part-061542_502949-020617.parquet,real_data_sample\l2_unseen_validation\trade_date=2026-07-17\exchange=NSE\symbol=DRREDDY\part-061542_502949-020617.parquet,34768,downloaded,34768,
2026-07-17,NSE,DRREDDY,raw_l2/trade_date=2026-07-17/exchange=NSE/symbol=DRREDDY/part-061557_092118-020649.parquet,real_data_sample\l2_unseen_validation\trade_date=2026-07-17\exchange=NSE\symbol=DRREDDY\part-061557_092118-020649.parquet,34849,downloaded,34849,
2026-07-17,NSE,DRREDDY,raw_l2/trade_date=2026-07-17/exchange=NSE/symbol=DRREDDY/part-062030_019254-021257.parquet,real_data_sample\l2_unseen_validation\trade_date=2026-07-17\exchange=NSE\symbol=DRREDDY\part-062030_019254-021257.parquet,34869,downloaded,34869,
2026-07-17,NSE,DRREDDY,raw_l2/trade_date=2026-07-17/exchange=NSE/symbol=DRREDDY/part-061627_259192-020713.parquet,real_data_sample\l2_unseen_validation\trade_date=2026-07-17\exchange=NSE\symbol=DRREDDY\part-061627_259192-020713.parquet,35060,downloaded,35060,
2026-07-17,NSE,DRREDDY,raw_l2/trade_date=2026-07-17/exchange=NSE/symbol=DRREDDY/part-062001_737025-021193.parquet,real_data_sample\l2_unseen_validation\trade_date=2026-07-17\exchange=NSE\symbol=DRREDDY\part-062001_737025-021193.parquet,34812,downloaded,34812,
2026-07-17,NSE,DRREDDY,raw_l2/trade_date=2026-07-17/exchange=NSE/symbol=DRREDDY/part-061752_175539-020905.parquet,real_data_sample\l2_unseen_validation\trade_date=2026-07-17\exchange=NSE\symbol=DRREDDY\part-061752_175539-020905.parquet,34840,downloaded,34840,
2026-07-17,NSE,DRREDDY,raw_l2/trade_date=2026-07-17/exchange=NSE/symbol=DRREDDY/part-062044_808957-021289.parquet,real_data_sample\l2_unseen_validation\trade_date=2026-07-17\exchange=NSE\symbol=DRREDDY\part-062044_808957-021289.parquet,34850,downloaded,34850,
2026-07-17,NSE,DRREDDY,raw_l2/trade_date=2026-07-17/exchange=NSE/symbol=DRREDDY/part-061655_444389-020777.parquet,real_data_sample\l2_unseen_validation\trade_date=2026-07-17\exchange=NSE\symbol=DRREDDY\part-061655_444389-020777.parquet,34835,downloaded,34835,
2026-07-17,NSE,DRREDDY,raw_l2/trade_date=2026-07-17/exchange=NSE/symbol=DRREDDY/part-061723_950724-020841.parquet,real_data_sample\l2_unseen_validation\trade_date=2026-07-17\exchange=NSE\symbol=DRREDDY\part-061723_950724-020841.parquet,34920,downloaded,34920,
2026-07-17,NSE,DRREDDY,raw_l2/trade_date=2026-07-17/exchange=NSE/symbol=DRREDDY/part-062127_945201-021385.parquet,real_data_sample\l2_unseen_validation\trade_date=2026-07-17\exchange=NSE\symbol=DRREDDY\part-062127_945201-021385.parquet,34661,downloaded,34661,
2026-07-17,NSE,DRREDDY,raw_l2/trade_date=2026-07-17/exchange=NSE/symbol=DRREDDY/part-061821_397556-020969.parquet,real_data_sample\l2_unseen_validation\trade_date=2026-07-17\exchange=NSE\symbol=DRREDDY\part-061821_397556-020969.parquet,34620,downloaded,34620,
2026-07-17,NSE,DRREDDY,raw_l2/trade_date=2026-07-17/exchange=NSE/symbol=DRREDDY/part-062015_947871-021225.parquet,real_data_sample\l2_unseen_validation\trade_date=2026-07-17\exchange=NSE\symbol=DRREDDY\part-062015_947871-021225.parquet,34643,downloaded,34643,
2026-07-17,NSE,DRREDDY,raw_l2/trade_date=2026-07-17/exchange=NSE/symbol=DRREDDY/part-061807_170199-020937.parquet,real_data_sample\l2_unseen_validation\trade_date=2026-07-17\exchange=NSE\symbol=DRREDDY\part-061807_170199-020937.parquet,34764,downloaded,34764,
2026-07-17,NSE,DRREDDY,raw_l2/trade_date=2026-07-17/exchange=NSE/symbol=DRREDDY/part-061836_084527-021001.parquet,real_data_sample\l2_unseen_validation\trade_date=2026-07-17\exchange=NSE\symbol=DRREDDY\part-061836_084527-021001.parquet,34829,downloaded,34829,
2026-07-17,NSE,DRREDDY,raw_l2/trade_date=2026-07-17/exchange=NSE/symbol=DRREDDY/part-062113_854572-021353.parquet,real_data_sample\l2_unseen_validation\trade_date=2026-07-17\exchange=NSE\symbol=DRREDDY\part-062113_854572-021353.parquet,34758,downloaded,34758,
2026-07-17,NSE,DRREDDY,raw_l2/trade_date=2026-07-17/exchange=NSE/symbol=DRREDDY/part-061641_488698-020745.parquet,real_data_sample\l2_unseen_validation\trade_date=2026-07-17\exchange=NSE\symbol=DRREDDY\part-061641_488698-020745.parquet,34820,downloaded,34820,
2026-07-17,NSE,DRREDDY,raw_l2/trade_date=2026-07-17/exchange=NSE/symbol=DRREDDY/part-062141_906204-021417.parquet,real_data_sample\l2_unseen_validation\trade_date=2026-07-17\exchange=NSE\symbol=DRREDDY\part-062141_906204-021417.parquet,34892,downloaded,34892,
2026-07-17,NSE,DRREDDY,raw_l2/trade_date=2026-07-17/exchange=NSE/symbol=DRREDDY/part-061709_743012-020809.parquet,real_data_sample\l2_unseen_validation\trade_date=2026-07-17\exchange=NSE\symbol=DRREDDY\part-061709_743012-020809.parquet,35005,downloaded,35005,
2026-07-17,NSE,DRREDDY,raw_l2/trade_date=2026-07-17/exchange=NSE/symbol=DRREDDY/part-062059_290965-021321.parquet,real_data_sample\l2_unseen_validation\trade_date=2026-07-17\exchange=NSE\symbol=DRREDDY\part-062059_290965-021321.parquet,34820,downloaded,34820,
2026-07-17,NSE,DRREDDY,raw_l2/trade_date=2026-07-17/exchange=NSE/symbol=DRREDDY/part-061918_745815-021097.parquet,real_data_sample\l2_unseen_validation\trade_date=2026-07-17\exchange=NSE\symbol=DRREDDY\part-061918_745815-021097.parquet,34628,downloaded,34628,
2026-07-17,NSE,DRREDDY,raw_l2/trade_date=2026-07-17/exchange=NSE/symbol=DRREDDY/part-061737_989873-020873.parquet,real_data_sample\l2_unseen_validation\trade_date=2026-07-17\exchange=NSE\symbol=DRREDDY\part-061737_989873-020873.parquet,34683,downloaded,34683,
2026-07-17,NSE,DRREDDY,raw_l2/trade_date=2026-07-17/exchange=NSE/symbol=DRREDDY/part-062156_179934-021449.parquet,real_data_sample\l2_unseen_validation\trade_date=2026-07-17\exchange=NSE\symbol=DRREDDY\part-062156_179934-021449.parquet,34727,downloaded,34727,
2026-07-17,NSE,DRREDDY,raw_l2/trade_date=2026-07-17/exchange=NSE/symbol=DRREDDY/part-061933_441719-021129.parquet,real_data_sample\l2_unseen_validation\trade_date=2026-07-17\exchange=NSE\symbol=DRREDDY\part-061933_441719-021129.parquet,34751,downloaded,34751,
2026-07-17,NSE,DRREDDY,raw_l2/trade_date=2026-07-17/exchange=NSE/symbol=DRREDDY/part-061947_501058-021161.parquet,real_data_sample\l2_unseen_validation\trade_date=2026-07-17\exchange=NSE\symbol=DRREDDY\part-061947_501058-021161.parquet,34884,downloaded,34884,
2026-07-17,NSE,DRREDDY,raw_l2/trade_date=2026-07-17/exchange=NSE/symbol=DRREDDY/part-061850_457811-021033.parquet,real_data_sample\l2_unseen_validation\trade_date=2026-07-17\exchange=NSE\symbol=DRREDDY\part-061850_457811-021033.parquet,34834,downloaded,34834,
2026-07-17,NSE,DRREDDY,raw_l2/trade_date=2026-07-17/exchange=NSE/symbol=DRREDDY/part-061904_441254-021065.parquet,real_data_sample\l2_unseen_validation\trade_date=2026-07-17\exchange=NSE\symbol=DRREDDY\part-061904_441254-021065.parquet,34670,downloaded,34670,
2026-07-17,NSE,DRREDDY,raw_l2/trade_date=2026-07-17/exchange=NSE/symbol=DRREDDY/part-062210_324894-021481.parquet,real_data_sample\l2_unseen_validation\trade_date=2026-07-17\exchange=NSE\symbol=DRREDDY\part-062210_324894-021481.parquet,35013,downloaded,35013,
2026-07-17,NSE,DRREDDY,raw_l2/trade_date=2026-07-17/exchange=NSE/symbol=DRREDDY/part-062239_001510-021545.parquet,real_data_sample\l2_unseen_validation\trade_date=2026-07-17\exchange=NSE\symbol=DRREDDY\part-062239_001510-021545.parquet,34697,downloaded,34697,
2026-07-17,NSE,DRREDDY,raw_l2/trade_date=2026-07-17/exchange=NSE/symbol=DRREDDY/part-062224_769550-021513.parquet,real_data_sample\l2_unseen_validation\trade_date=2026-07-17\exchange=NSE\symbol=DRREDDY\part-062224_769550-021513.parquet,34796,downloaded,34796,
2026-07-17,NSE,DRREDDY,raw_l2/trade_date=2026-07-17/exchange=NSE/symbol=DRREDDY/part-062253_211189-021577.parquet,real_data_sample\l2_unseen_validation\trade_date=2026-07-17\exchange=NSE\symbol=DRREDDY\part-062253_211189-021577.parquet,34964,downloaded,34964,
2026-07-17,NSE,DRREDDY,raw_l2/trade_date=2026-07-17/exchange=NSE/symbol=DRREDDY/part-062307_617079-021609.parquet,real_data_sample\l2_unseen_validation\trade_date=2026-07-17\exchange=NSE\symbol=DRREDDY\part-062307_617079-021609.parquet,34896,downloaded,34896,
2026-07-17,NSE,DRREDDY,raw_l2/trade_date=2026-07-17/exchange=NSE/symbol=DRREDDY/part-062321_993165-021641.parquet,real_data_sample\l2_unseen_validation\trade_date=2026-07-17\exchange=NSE\symbol=DRREDDY\part-062321_993165-021641.parquet,34697,downloaded,34697,
2026-07-17,NSE,DRREDDY,raw_l2/trade_date=2026-07-17/exchange=NSE/symbol=DRREDDY/part-062350_211505-021705.parquet,real_data_sample\l2_unseen_validation\trade_date=2026-07-17\exchange=NSE\symbol=DRREDDY\part-062350_211505-021705.parquet,34915,downloaded,34915,
2026-07-17,NSE,DRREDDY,raw_l2/trade_date=2026-07-17/exchange=NSE/symbol=DRREDDY/part-062750_789752-022249.parquet,real_data_sample\l2_unseen_validation\trade_date=2026-07-17\exchange=NSE\symbol=DRREDDY\part-062750_789752-022249.parquet,34920,downloaded,34920,
2026-07-17,NSE,DRREDDY,raw_l2/trade_date=2026-07-17/exchange=NSE/symbol=DRREDDY/part-062819_497595-022313.parquet,real_data_sample\l2_unseen_validation\trade_date=2026-07-17\exchange=NSE\symbol=DRREDDY\part-062819_497595-022313.parquet,34679,downloaded,34679,
2026-07-17,NSE,DRREDDY,raw_l2/trade_date=2026-07-17/exchange=NSE/symbol=DRREDDY/part-063028_029421-022601.parquet,real_data_sample\l2_unseen_validation\trade_date=2026-07-17\exchange=NSE\symbol=DRREDDY\part-063028_029421-022601.parquet,34856,downloaded,34856,
2026-07-17,NSE,DRREDDY,raw_l2/trade_date=2026-07-17/exchange=NSE/symbol=DRREDDY/part-062847_741206-022377.parquet,real_data_sample\l2_unseen_validation\trade_date=2026-07-17\exchange=NSE\symbol=DRREDDY\part-062847_741206-022377.parquet,34910,downloaded,34910,
2026-07-17,NSE,DRREDDY,raw_l2/trade_date=2026-07-17/exchange=NSE/symbol=DRREDDY/part-062833_420473-022345.parquet,real_data_sample\l2_unseen_validation\trade_date=2026-07-17\exchange=NSE\symbol=DRREDDY\part-062833_420473-022345.parquet,34783,downloaded,34783,
2026-07-17,NSE,DRREDDY,raw_l2/trade_date=2026-07-17/exchange=NSE/symbol=DRREDDY/part-062804_994513-022281.parquet,real_data_sample\l2_unseen_validation\trade_date=2026-07-17\exchange=NSE\symbol=DRREDDY\part-062804_994513-022281.parquet,34916,downloaded,34916,
2026-07-17,NSE,DRREDDY,raw_l2/trade_date=2026-07-17/exchange=NSE/symbol=DRREDDY/part-063056_260870-022665.parquet,real_data_sample\l2_unseen_validation\trade_date=2026-07-17\exchange=NSE\symbol=DRREDDY\part-063056_260870-022665.parquet,34941,downloaded,34941,
2026-07-17,NSE,DRREDDY,raw_l2/trade_date=2026-07-17/exchange=NSE/symbol=DRREDDY/part-063206_674421-022825.parquet,real_data_sample\l2_unseen_validation\trade_date=2026-07-17\exchange=NSE\symbol=DRREDDY\part-063206_674421-022825.parquet,35901,downloaded,35901,
2026-07-17,NSE,DRREDDY,raw_l2/trade_date=2026-07-17/exchange=NSE/symbol=DRREDDY/part-063110_617819-022697.parquet,real_data_sample\l2_unseen_validation\trade_date=2026-07-17\exchange=NSE\symbol=DRREDDY\part-063110_617819-022697.parquet,34755,downloaded,34755,
2026-07-17,NSE,DRREDDY,raw_l2/trade_date=2026-07-17/exchange=NSE/symbol=DRREDDY/part-063138_921633-022761.parquet,real_data_sample\l2_unseen_validation\trade_date=2026-07-17\exchange=NSE\symbol=DRREDDY\part-063138_921633-022761.parquet,35661,downloaded,35661,
2026-07-17,NSE,DRREDDY,raw_l2/trade_date=2026-07-17/exchange=NSE/symbol=DRREDDY/part-063124_755598-022729.parquet,real_data_sample\l2_unseen_validation\trade_date=2026-07-17\exchange=NSE\symbol=DRREDDY\part-063124_755598-022729.parquet,35701,downloaded,35701,
2026-07-17,NSE,DRREDDY,raw_l2/trade_date=2026-07-17/exchange=NSE/symbol=DRREDDY/part-063152_929690-022793.parquet,real_data_sample\l2_unseen_validation\trade_date=2026-07-17\exchange=NSE\symbol=DRREDDY\part-063152_929690-022793.parquet,35883,downloaded,35883,
2026-07-17,NSE,DRREDDY,raw_l2/trade_date=2026-07-17/exchange=NSE/symbol=DRREDDY/part-063234_693015-022889.parquet,real_data_sample\l2_unseen_validation\trade_date=2026-07-17\exchange=NSE\symbol=DRREDDY\part-063234_693015-022889.parquet,34806,downloaded,34806,
2026-07-17,NSE,DRREDDY,raw_l2/trade_date=2026-07-17/exchange=NSE/symbol=DRREDDY/part-063220_675147-022857.parquet,real_data_sample\l2_unseen_validation\trade_date=2026-07-17\exchange=NSE\symbol=DRREDDY\part-063220_675147-022857.parquet,34832,downloaded,34832,
2026-07-17,NSE,DRREDDY,raw_l2/trade_date=2026-07-17/exchange=NSE/symbol=DRREDDY/part-063248_599271-022921.parquet,real_data_sample\l2_unseen_validation\trade_date=2026-07-17\exchange=NSE\symbol=DRREDDY\part-063248_599271-022921.parquet,34829,downloaded,34829,
2026-07-17,NSE,DRREDDY,raw_l2/trade_date=2026-07-17/exchange=NSE/symbol=DRREDDY/part-063331_554154-023017.parquet,real_data_sample\l2_unseen_validation\trade_date=2026-07-17\exchange=NSE\symbol=DRREDDY\part-063331_554154-023017.parquet,35408,downloaded,35408,
2026-07-17,NSE,DRREDDY,raw_l2/trade_date=2026-07-17/exchange=NSE/symbol=DRREDDY/part-063317_037486-022985.parquet,real_data_sample\l2_unseen_validation\trade_date=2026-07-17\exchange=NSE\symbol=DRREDDY\part-063317_037486-022985.parquet,35238,downloaded,35238,
2026-07-17,NSE,DRREDDY,raw_l2/trade_date=2026-07-17/exchange=NSE/symbol=DRREDDY/part-063302_787976-022953.parquet,real_data_sample\l2_unseen_validation\trade_date=2026-07-17\exchange=NSE\symbol=DRREDDY\part-063302_787976-022953.parquet,34964,downloaded,34964,
2026-07-17,NSE,DRREDDY,raw_l2/trade_date=2026-07-17/exchange=NSE/symbol=DRREDDY/part-063345_702295-023049.parquet,real_data_sample\l2_unseen_validation\trade_date=2026-07-17\exchange=NSE\symbol=DRREDDY\part-063345_702295-023049.parquet,35672,downloaded,35672,
2026-07-17,NSE,DRREDDY,raw_l2/trade_date=2026-07-17/exchange=NSE/symbol=DRREDDY/part-063413_927529-023113.parquet,real_data_sample\l2_unseen_validation\trade_date=2026-07-17\exchange=NSE\symbol=DRREDDY\part-063413_927529-023113.parquet,35439,downloaded,35439,
2026-07-17,NSE,DRREDDY,raw_l2/trade_date=2026-07-17/exchange=NSE/symbol=DRREDDY/part-063359_717533-023081.parquet,real_data_sample\l2_unseen_validation\trade_date=2026-07-17\exchange=NSE\symbol=DRREDDY\part-063359_717533-023081.parquet,35578,downloaded,35578,
2026-07-17,NSE,DRREDDY,raw_l2/trade_date=2026-07-17/exchange=NSE/symbol=DRREDDY/part-063427_970291-023145.parquet,real_data_sample\l2_unseen_validation\trade_date=2026-07-17\exchange=NSE\symbol=DRREDDY\part-063427_970291-023145.parquet,34896,downloaded,34896,
2026-07-17,NSE,DRREDDY,raw_l2/trade_date=2026-07-17/exchange=NSE/symbol=DRREDDY/part-063441_905224-023177.parquet,real_data_sample\l2_unseen_validation\trade_date=2026-07-17\exchange=NSE\symbol=DRREDDY\part-063441_905224-023177.parquet,34707,downloaded,34707,
2026-07-17,NSE,DRREDDY,raw_l2/trade_date=2026-07-17/exchange=NSE/symbol=DRREDDY/part-063455_922327-023209.parquet,real_data_sample\l2_unseen_validation\trade_date=2026-07-17\exchange=NSE\symbol=DRREDDY\part-063455_922327-023209.parquet,34848,downloaded,34848,
2026-07-17,NSE,DRREDDY,raw_l2/trade_date=2026-07-17/exchange=NSE/symbol=DRREDDY/part-063509_984319-023241.parquet,real_data_sample\l2_unseen_validation\trade_date=2026-07-17\exchange=NSE\symbol=DRREDDY\part-063509_984319-023241.parquet,34773,downloaded,34773,
2026-07-17,NSE,DRREDDY,raw_l2/trade_date=2026-07-17/exchange=NSE/symbol=DRREDDY/part-063552_137417-023337.parquet,real_data_sample\l2_unseen_validation\trade_date=2026-07-17\exchange=NSE\symbol=DRREDDY\part-063552_137417-023337.parquet,35084,downloaded,35084,
2026-07-17,NSE,DRREDDY,raw_l2/trade_date=2026-07-17/exchange=NSE/symbol=DRREDDY/part-063524_372499-023273.parquet,real_data_sample\l2_unseen_validation\trade_date=2026-07-17\exchange=NSE\symbol=DRREDDY\part-063524_372499-023273.parquet,34799,downloaded,34799,
2026-07-17,NSE,DRREDDY,raw_l2/trade_date=2026-07-17/exchange=NSE/symbol=DRREDDY/part-063538_196424-023305.parquet,real_data_sample\l2_unseen_validation\trade_date=2026-07-17\exchange=NSE\symbol=DRREDDY\part-063538_196424-023305.parquet,34700,downloaded,34700,
2026-07-17,NSE,DRREDDY,raw_l2/trade_date=2026-07-17/exchange=NSE/symbol=DRREDDY/part-063605_925384-023369.parquet,real_data_sample\l2_unseen_validation\trade_date=2026-07-17\exchange=NSE\symbol=DRREDDY\part-063605_925384-023369.parquet,34728,downloaded,34728,
2026-07-17,NSE,DRREDDY,raw_l2/trade_date=2026-07-17/exchange=NSE/symbol=DRREDDY/part-063619_941116-023401.parquet,real_data_sample\l2_unseen_validation\trade_date=2026-07-17\exchange=NSE\symbol=DRREDDY\part-063619_941116-023401.parquet,34693,downloaded,34693,
2026-07-17,NSE,DRREDDY,raw_l2/trade_date=2026-07-17/exchange=NSE/symbol=DRREDDY/part-063633_955301-023433.parquet,real_data_sample\l2_unseen_validation\trade_date=2026-07-17\exchange=NSE\symbol=DRREDDY\part-063633_955301-023433.parquet,34686,downloaded,34686,
2026-07-17,NSE,DRREDDY,raw_l2/trade_date=2026-07-17/exchange=NSE/symbol=DRREDDY/part-063647_917903-023465.parquet,real_data_sample\l2_unseen_validation\trade_date=2026-07-17\exchange=NSE\symbol=DRREDDY\part-063647_917903-023465.parquet,34925,downloaded,34925,
2026-07-17,NSE,DRREDDY,raw_l2/trade_date=2026-07-17/exchange=NSE/symbol=DRREDDY/part-063702_005181-023497.parquet,real_data_sample\l2_unseen_validation\trade_date=2026-07-17\exchange=NSE\symbol=DRREDDY\part-063702_005181-023497.parquet,34782,downloaded,34782,
2026-07-17,NSE,DRREDDY,raw_l2/trade_date=2026-07-17/exchange=NSE/symbol=DRREDDY/part-063716_000485-023529.parquet,real_data_sample\l2_unseen_validation\trade_date=2026-07-17\exchange=NSE\symbol=DRREDDY\part-063716_000485-023529.parquet,34861,downloaded,34861,
2026-07-17,NSE,DRREDDY,raw_l2/trade_date=2026-07-17/exchange=NSE/symbol=DRREDDY/part-063729_863026-023561.parquet,real_data_sample\l2_unseen_validation\trade_date=2026-07-17\exchange=NSE\symbol=DRREDDY\part-063729_863026-023561.parquet,34821,downloaded,34821,
2026-07-17,NSE,DRREDDY,raw_l2/trade_date=2026-07-17/exchange=NSE/symbol=DRREDDY/part-063743_884430-023593.parquet,real_data_sample\l2_unseen_validation\trade_date=2026-07-17\exchange=NSE\symbol=DRREDDY\part-063743_884430-023593.parquet,34766,downloaded,34766,
2026-07-17,NSE,DRREDDY,raw_l2/trade_date=2026-07-17/exchange=NSE/symbol=DRREDDY/part-063757_641859-023625.parquet,real_data_sample\l2_unseen_validation\trade_date=2026-07-17\exchange=NSE\symbol=DRREDDY\part-063757_641859-023625.parquet,34896,downloaded,34896,
2026-07-17,NSE,DRREDDY,raw_l2/trade_date=2026-07-17/exchange=NSE/symbol=DRREDDY/part-063811_468174-023657.parquet,real_data_sample\l2_unseen_validation\trade_date=2026-07-17\exchange=NSE\symbol=DRREDDY\part-063811_468174-023657.parquet,35104,downloaded,35104,
2026-07-17,NSE,DRREDDY,raw_l2/trade_date=2026-07-17/exchange=NSE/symbol=DRREDDY/part-063825_741494-023689.parquet,real_data_sample\l2_unseen_validation\trade_date=2026-07-17\exchange=NSE\symbol=DRREDDY\part-063825_741494-023689.parquet,34767,downloaded,34767,
2026-07-17,NSE,DRREDDY,raw_l2/trade_date=2026-07-17/exchange=NSE/symbol=DRREDDY/part-063839_967532-023721.parquet,real_data_sample\l2_unseen_validation\trade_date=2026-07-17\exchange=NSE\symbol=DRREDDY\part-063839_967532-023721.parquet,34856,downloaded,34856,
2026-07-17,NSE,DRREDDY,raw_l2/trade_date=2026-07-17/exchange=NSE/symbol=DRREDDY/part-063854_162730-023753.parquet,real_data_sample\l2_unseen_validation\trade_date=2026-07-17\exchange=NSE\symbol=DRREDDY\part-063854_162730-023753.parquet,34886,downloaded,34886,
2026-07-17,NSE,DRREDDY,raw_l2/trade_date=2026-07-17/exchange=NSE/symbol=DRREDDY/part-063908_936468-023785.parquet,real_data_sample\l2_unseen_validation\trade_date=2026-07-17\exchange=NSE\symbol=DRREDDY\part-063908_936468-023785.parquet,34792,downloaded,34792,
2026-07-17,NSE,DRREDDY,raw_l2/trade_date=2026-07-17/exchange=NSE/symbol=DRREDDY/part-063936_902083-023849.parquet,real_data_sample\l2_unseen_validation\trade_date=2026-07-17\exchange=NSE\symbol=DRREDDY\part-063936_902083-023849.parquet,34949,downloaded,34949,
2026-07-17,NSE,DRREDDY,raw_l2/trade_date=2026-07-17/exchange=NSE/symbol=DRREDDY/part-063922_914369-023817.parquet,real_data_sample\l2_unseen_validation\trade_date=2026-07-17\exchange=NSE\symbol=DRREDDY\part-063922_914369-023817.parquet,34830,downloaded,34830,
2026-07-17,NSE,DRREDDY,raw_l2/trade_date=2026-07-17/exchange=NSE/symbol=DRREDDY/part-063950_944468-023881.parquet,real_data_sample\l2_unseen_validation\trade_date=2026-07-17\exchange=NSE\symbol=DRREDDY\part-063950_944468-023881.parquet,34885,downloaded,34885,
2026-07-17,NSE,DRREDDY,raw_l2/trade_date=2026-07-17/exchange=NSE/symbol=DRREDDY/part-064004_686338-023913.parquet,real_data_sample\l2_unseen_validation\trade_date=2026-07-17\exchange=NSE\symbol=DRREDDY\part-064004_686338-023913.parquet,34700,downloaded,34700,
2026-07-17,NSE,DRREDDY,raw_l2/trade_date=2026-07-17/exchange=NSE/symbol=DRREDDY/part-064018_790899-023945.parquet,real_data_sample\l2_unseen_validation\trade_date=2026-07-17\exchange=NSE\symbol=DRREDDY\part-064018_790899-023945.parquet,34763,downloaded,34763,
2026-07-17,NSE,DRREDDY,raw_l2/trade_date=2026-07-17/exchange=NSE/symbol=DRREDDY/part-064032_854248-023977.parquet,real_data_sample\l2_unseen_validation\trade_date=2026-07-17\exchange=NSE\symbol=DRREDDY\part-064032_854248-023977.parquet,34835,downloaded,34835,
2026-07-17,NSE,DRREDDY,raw_l2/trade_date=2026-07-17/exchange=NSE/symbol=DRREDDY/part-062432_458418-021801.parquet,real_data_sample\l2_unseen_validation\trade_date=2026-07-17\exchange=NSE\symbol=DRREDDY\part-062432_458418-021801.parquet,34879,downloaded,34879,
2026-07-17,NSE,DRREDDY,raw_l2/trade_date=2026-07-17/exchange=NSE/symbol=DRREDDY/part-064100_913142-024041.parquet,real_data_sample\l2_unseen_validation\trade_date=2026-07-17\exchange=NSE\symbol=DRREDDY\part-064100_913142-024041.parquet,34686,downloaded,34686,
2026-07-17,NSE,DRREDDY,raw_l2/trade_date=2026-07-17/exchange=NSE/symbol=DRREDDY/part-064046_976346-024009.parquet,real_data_sample\l2_unseen_validation\trade_date=2026-07-17\exchange=NSE\symbol=DRREDDY\part-064046_976346-024009.parquet,35044,downloaded,35044,
2026-07-17,NSE,DRREDDY,raw_l2/trade_date=2026-07-17/exchange=NSE/symbol=DRREDDY/part-064114_877242-024073.parquet,real_data_sample\l2_unseen_validation\trade_date=2026-07-17\exchange=NSE\symbol=DRREDDY\part-064114_877242-024073.parquet,34851,downloaded,34851,
2026-07-17,NSE,DRREDDY,raw_l2/trade_date=2026-07-17/exchange=NSE/symbol=DRREDDY/part-062404_238893-021737.parquet,real_data_sample\l2_unseen_validation\trade_date=2026-07-17\exchange=NSE\symbol=DRREDDY\part-062404_238893-021737.parquet,34989,downloaded,34989,
2026-07-17,NSE,DRREDDY,raw_l2/trade_date=2026-07-17/exchange=NSE/symbol=DRREDDY/part-064128_608890-024105.parquet,real_data_sample\l2_unseen_validation\trade_date=2026-07-17\exchange=NSE\symbol=DRREDDY\part-064128_608890-024105.parquet,34905,downloaded,34905,
2026-07-17,NSE,DRREDDY,raw_l2/trade_date=2026-07-17/exchange=NSE/symbol=DRREDDY/part-064142_868581-024137.parquet,real_data_sample\l2_unseen_validation\trade_date=2026-07-17\exchange=NSE\symbol=DRREDDY\part-064142_868581-024137.parquet,34850,downloaded,34850,
2026-07-17,NSE,DRREDDY,raw_l2/trade_date=2026-07-17/exchange=NSE/symbol=DRREDDY/part-062944_940611-022505.parquet,real_data_sample\l2_unseen_validation\trade_date=2026-07-17\exchange=NSE\symbol=DRREDDY\part-062944_940611-022505.parquet,34712,downloaded,34712,
2026-07-17,NSE,DRREDDY,raw_l2/trade_date=2026-07-17/exchange=NSE/symbol=DRREDDY/part-063013_960554-022569.parquet,real_data_sample\l2_unseen_validation\trade_date=2026-07-17\exchange=NSE\symbol=DRREDDY\part-063013_960554-022569.parquet,34711,downloaded,34711,
2026-07-17,NSE,DRREDDY,raw_l2/trade_date=2026-07-17/exchange=NSE/symbol=DRREDDY/part-064156_609551-024169.parquet,real_data_sample\l2_unseen_validation\trade_date=2026-07-17\exchange=NSE\symbol=DRREDDY\part-064156_609551-024169.parquet,35029,downloaded,35029,
2026-07-17,NSE,DRREDDY,raw_l2/trade_date=2026-07-17/exchange=NSE/symbol=DRREDDY/part-064224_469550-024233.parquet,real_data_sample\l2_unseen_validation\trade_date=2026-07-17\exchange=NSE\symbol=DRREDDY\part-064224_469550-024233.parquet,34813,downloaded,34813,
2026-07-17,NSE,DRREDDY,raw_l2/trade_date=2026-07-17/exchange=NSE/symbol=DRREDDY/part-064210_430331-024201.parquet,real_data_sample\l2_unseen_validation\trade_date=2026-07-17\exchange=NSE\symbol=DRREDDY\part-064210_430331-024201.parquet,34901,downloaded,34901,
2026-07-17,NSE,DRREDDY,raw_l2/trade_date=2026-07-17/exchange=NSE/symbol=DRREDDY/part-062515_146275-021897.parquet,real_data_sample\l2_unseen_validation\trade_date=2026-07-17\exchange=NSE\symbol=DRREDDY\part-062515_146275-021897.parquet,34809,downloaded,34809,
2026-07-17,NSE,DRREDDY,raw_l2/trade_date=2026-07-17/exchange=NSE/symbol=DRREDDY/part-064238_127464-024265.parquet,real_data_sample\l2_unseen_validation\trade_date=2026-07-17\exchange=NSE\symbol=DRREDDY\part-064238_127464-024265.parquet,34710,downloaded,34710,
2026-07-17,NSE,DRREDDY,raw_l2/trade_date=2026-07-17/exchange=NSE/symbol=DRREDDY/part-062915_711403-022441.parquet,real_data_sample\l2_unseen_validation\trade_date=2026-07-17\exchange=NSE\symbol=DRREDDY\part-062915_711403-022441.parquet,34756,downloaded,34756,
2026-07-17,NSE,DRREDDY,raw_l2/trade_date=2026-07-17/exchange=NSE/symbol=DRREDDY/part-062639_220324-022089.parquet,real_data_sample\l2_unseen_validation\trade_date=2026-07-17\exchange=NSE\symbol=DRREDDY\part-062639_220324-022089.parquet,34850,downloaded,34850,
2026-07-17,NSE,DRREDDY,raw_l2/trade_date=2026-07-17/exchange=NSE/symbol=DRREDDY/part-062653_497711-022121.parquet,real_data_sample\l2_unseen_validation\trade_date=2026-07-17\exchange=NSE\symbol=DRREDDY\part-062653_497711-022121.parquet,34772,downloaded,34772,
2026-07-17,NSE,DRREDDY,raw_l2/trade_date=2026-07-17/exchange=NSE/symbol=DRREDDY/part-062624_948332-022057.parquet,real_data_sample\l2_unseen_validation\trade_date=2026-07-17\exchange=NSE\symbol=DRREDDY\part-062624_948332-022057.parquet,34625,downloaded,34625,
2026-07-17,NSE,DRREDDY,raw_l2/trade_date=2026-07-17/exchange=NSE/symbol=DRREDDY/part-063042_223484-022633.parquet,real_data_sample\l2_unseen_validation\trade_date=2026-07-17\exchange=NSE\symbol=DRREDDY\part-063042_223484-022633.parquet,34807,downloaded,34807,
2026-07-17,NSE,DRREDDY,raw_l2/trade_date=2026-07-17/exchange=NSE/symbol=DRREDDY/part-062556_911287-021993.parquet,real_data_sample\l2_unseen_validation\trade_date=2026-07-17\exchange=NSE\symbol=DRREDDY\part-062556_911287-021993.parquet,34713,downloaded,34713,
2026-07-17,NSE,DRREDDY,raw_l2/trade_date=2026-07-17/exchange=NSE/symbol=DRREDDY/part-062959_440441-022537.parquet,real_data_sample\l2_unseen_validation\trade_date=2026-07-17\exchange=NSE\symbol=DRREDDY\part-062959_440441-022537.parquet,34978,downloaded,34978,
2026-07-17,NSE,DRREDDY,raw_l2/trade_date=2026-07-17/exchange=NSE/symbol=DRREDDY/part-064251_853766-024297.parquet,real_data_sample\l2_unseen_validation\trade_date=2026-07-17\exchange=NSE\symbol=DRREDDY\part-064251_853766-024297.parquet,34977,downloaded,34977,
2026-07-17,NSE,DRREDDY,raw_l2/trade_date=2026-07-17/exchange=NSE/symbol=DRREDDY/part-064305_654883-024329.parquet,real_data_sample\l2_unseen_validation\trade_date=2026-07-17\exchange=NSE\symbol=DRREDDY\part-064305_654883-024329.parquet,34942,downloaded,34942,
2026-07-17,NSE,DRREDDY,raw_l2/trade_date=2026-07-17/exchange=NSE/symbol=DRREDDY/part-062901_692996-022409.parquet,real_data_sample\l2_unseen_validation\trade_date=2026-07-17\exchange=NSE\symbol=DRREDDY\part-062901_692996-022409.parquet,34979,downloaded,34979,
2026-07-17,NSE,DRREDDY,raw_l2/trade_date=2026-07-17/exchange=NSE/symbol=DRREDDY/part-062528_937457-021929.parquet,real_data_sample\l2_unseen_validation\trade_date=2026-07-17\exchange=NSE\symbol=DRREDDY\part-062528_937457-021929.parquet,34811,downloaded,34811,
2026-07-17,NSE,DRREDDY,raw_l2/trade_date=2026-07-17/exchange=NSE/symbol=DRREDDY/part-062446_675170-021833.parquet,real_data_sample\l2_unseen_validation\trade_date=2026-07-17\exchange=NSE\symbol=DRREDDY\part-062446_675170-021833.parquet,34757,downloaded,34757,
2026-07-17,NSE,DRREDDY,raw_l2/trade_date=2026-07-17/exchange=NSE/symbol=DRREDDY/part-062736_400052-022217.parquet,real_data_sample\l2_unseen_validation\trade_date=2026-07-17\exchange=NSE\symbol=DRREDDY\part-062736_400052-022217.parquet,34678,downloaded,34678,
2026-07-17,NSE,DRREDDY,raw_l2/trade_date=2026-07-17/exchange=NSE/symbol=DRREDDY/part-062707_486960-022153.parquet,real_data_sample\l2_unseen_validation\trade_date=2026-07-17\exchange=NSE\symbol=DRREDDY\part-062707_486960-022153.parquet,34725,downloaded,34725,
2026-07-17,NSE,DRREDDY,raw_l2/trade_date=2026-07-17/exchange=NSE/symbol=DRREDDY/part-062722_255611-022185.parquet,real_data_sample\l2_unseen_validation\trade_date=2026-07-17\exchange=NSE\symbol=DRREDDY\part-062722_255611-022185.parquet,34862,downloaded,34862,
2026-07-17,NSE,DRREDDY,raw_l2/trade_date=2026-07-17/exchange=NSE/symbol=DRREDDY/part-064333_391678-024393.parquet,real_data_sample\l2_unseen_validation\trade_date=2026-07-17\exchange=NSE\symbol=DRREDDY\part-064333_391678-024393.parquet,34708,downloaded,34708,
2026-07-17,NSE,DRREDDY,raw_l2/trade_date=2026-07-17/exchange=NSE/symbol=DRREDDY/part-064347_109583-024425.parquet,real_data_sample\l2_unseen_validation\trade_date=2026-07-17\exchange=NSE\symbol=DRREDDY\part-064347_109583-024425.parquet,34966,downloaded,34966,
2026-07-17,NSE,DRREDDY,raw_l2/trade_date=2026-07-17/exchange=NSE/symbol=DRREDDY/part-064319_409018-024361.parquet,real_data_sample\l2_unseen_validation\trade_date=2026-07-17\exchange=NSE\symbol=DRREDDY\part-064319_409018-024361.parquet,34872,downloaded,34872,
2026-07-17,NSE,DRREDDY,raw_l2/trade_date=2026-07-17/exchange=NSE/symbol=DRREDDY/part-062500_819116-021865.parquet,real_data_sample\l2_unseen_validation\trade_date=2026-07-17\exchange=NSE\symbol=DRREDDY\part-062500_819116-021865.parquet,34740,downloaded,34740,
2026-07-17,NSE,DRREDDY,raw_l2/trade_date=2026-07-17/exchange=NSE/symbol=DRREDDY/part-062610_960558-022025.parquet,real_data_sample\l2_unseen_validation\trade_date=2026-07-17\exchange=NSE\symbol=DRREDDY\part-062610_960558-022025.parquet,34737,downloaded,34737,
2026-07-17,NSE,DRREDDY,raw_l2/trade_date=2026-07-17/exchange=NSE/symbol=DRREDDY/part-062542_925860-021961.parquet,real_data_sample\l2_unseen_validation\trade_date=2026-07-17\exchange=NSE\symbol=DRREDDY\part-062542_925860-021961.parquet,34830,downloaded,34830,
2026-07-17,NSE,DRREDDY,raw_l2/trade_date=2026-07-17/exchange=NSE/symbol=DRREDDY/part-062418_430316-021769.parquet,real_data_sample\l2_unseen_validation\trade_date=2026-07-17\exchange=NSE\symbol=DRREDDY\part-062418_430316-021769.parquet,34802,downloaded,34802,
2026-07-17,NSE,DRREDDY,raw_l2/trade_date=2026-07-17/exchange=NSE/symbol=DRREDDY/part-062930_731207-022473.parquet,real_data_sample\l2_unseen_validation\trade_date=2026-07-17\exchange=NSE\symbol=DRREDDY\part-062930_731207-022473.parquet,34772,downloaded,34772,
2026-07-17,NSE,DRREDDY,raw_l2/trade_date=2026-07-17/exchange=NSE/symbol=DRREDDY/part-064400_906925-024457.parquet,real_data_sample\l2_unseen_validation\trade_date=2026-07-17\exchange=NSE\symbol=DRREDDY\part-064400_906925-024457.parquet,34799,downloaded,34799,
2026-07-17,NSE,DRREDDY,raw_l2/trade_date=2026-07-17/exchange=NSE/symbol=DRREDDY/part-064510_388357-024617.parquet,real_data_sample\l2_unseen_validation\trade_date=2026-07-17\exchange=NSE\symbol=DRREDDY\part-064510_388357-024617.parquet,34734,downloaded,34734,
2026-07-17,NSE,DRREDDY,raw_l2/trade_date=2026-07-17/exchange=NSE/symbol=DRREDDY/part-064524_414525-024649.parquet,real_data_sample\l2_unseen_validation\trade_date=2026-07-17\exchange=NSE\symbol=DRREDDY\part-064524_414525-024649.parquet,34807,downloaded,34807,
2026-07-17,NSE,DRREDDY,raw_l2/trade_date=2026-07-17/exchange=NSE/symbol=DRREDDY/part-064538_383933-024681.parquet,real_data_sample\l2_unseen_validation\trade_date=2026-07-17\exchange=NSE\symbol=DRREDDY\part-064538_383933-024681.parquet,34860,downloaded,34860,
2026-07-17,NSE,DRREDDY,raw_l2/trade_date=2026-07-17/exchange=NSE/symbol=DRREDDY/part-064552_104281-024713.parquet,real_data_sample\l2_unseen_validation\trade_date=2026-07-17\exchange=NSE\symbol=DRREDDY\part-064552_104281-024713.parquet,35112,downloaded,35112,
2026-07-17,NSE,DRREDDY,raw_l2/trade_date=2026-07-17/exchange=NSE/symbol=DRREDDY/part-064428_901319-024521.parquet,real_data_sample\l2_unseen_validation\trade_date=2026-07-17\exchange=NSE\symbol=DRREDDY\part-064428_901319-024521.parquet,34899,downloaded,34899,
2026-07-17,NSE,DRREDDY,raw_l2/trade_date=2026-07-17/exchange=NSE/symbol=DRREDDY/part-064456_432451-024585.parquet,real_data_sample\l2_unseen_validation\trade_date=2026-07-17\exchange=NSE\symbol=DRREDDY\part-064456_432451-024585.parquet,34765,downloaded,34765,
2026-07-17,NSE,DRREDDY,raw_l2/trade_date=2026-07-17/exchange=NSE/symbol=DRREDDY/part-064442_644390-024553.parquet,real_data_sample\l2_unseen_validation\trade_date=2026-07-17\exchange=NSE\symbol=DRREDDY\part-064442_644390-024553.parquet,34856,downloaded,34856,
2026-07-17,NSE,DRREDDY,raw_l2/trade_date=2026-07-17/exchange=NSE/symbol=DRREDDY/part-062336_257550-021673.parquet,real_data_sample\l2_unseen_validation\trade_date=2026-07-17\exchange=NSE\symbol=DRREDDY\part-062336_257550-021673.parquet,34773,downloaded,34773,
2026-07-17,NSE,DRREDDY,raw_l2/trade_date=2026-07-17/exchange=NSE/symbol=DRREDDY/part-064605_842158-024745.parquet,real_data_sample\l2_unseen_validation\trade_date=2026-07-17\exchange=NSE\symbol=DRREDDY\part-064605_842158-024745.parquet,34929,downloaded,34929,
2026-07-17,NSE,DRREDDY,raw_l2/trade_date=2026-07-17/exchange=NSE/symbol=DRREDDY/part-064619_636254-024777.parquet,real_data_sample\l2_unseen_validation\trade_date=2026-07-17\exchange=NSE\symbol=DRREDDY\part-064619_636254-024777.parquet,34929,downloaded,34929,
2026-07-17,NSE,DRREDDY,raw_l2/trade_date=2026-07-17/exchange=NSE/symbol=DRREDDY/part-064633_397571-024809.parquet,real_data_sample\l2_unseen_validation\trade_date=2026-07-17\exchange=NSE\symbol=DRREDDY\part-064633_397571-024809.parquet,34780,downloaded,34780,
2026-07-17,NSE,DRREDDY,raw_l2/trade_date=2026-07-17/exchange=NSE/symbol=DRREDDY/part-064647_396775-024841.parquet,real_data_sample\l2_unseen_validation\trade_date=2026-07-17\exchange=NSE\symbol=DRREDDY\part-064647_396775-024841.parquet,34804,downloaded,34804,
2026-07-17,NSE,DRREDDY,raw_l2/trade_date=2026-07-17/exchange=NSE/symbol=DRREDDY/part-064715_401390-024905.parquet,real_data_sample\l2_unseen_validation\trade_date=2026-07-17\exchange=NSE\symbol=DRREDDY\part-064715_401390-024905.parquet,34885,downloaded,34885,
2026-07-17,NSE,DRREDDY,raw_l2/trade_date=2026-07-17/exchange=NSE/symbol=DRREDDY/part-064729_152788-024937.parquet,real_data_sample\l2_unseen_validation\trade_date=2026-07-17\exchange=NSE\symbol=DRREDDY\part-064729_152788-024937.parquet,34776,downloaded,34776,
2026-07-17,NSE,DRREDDY,raw_l2/trade_date=2026-07-17/exchange=NSE/symbol=DRREDDY/part-064701_381839-024873.parquet,real_data_sample\l2_unseen_validation\trade_date=2026-07-17\exchange=NSE\symbol=DRREDDY\part-064701_381839-024873.parquet,34847,downloaded,34847,
2026-07-17,NSE,DRREDDY,raw_l2/trade_date=2026-07-17/exchange=NSE/symbol=DRREDDY/part-064743_147501-024969.parquet,real_data_sample\l2_unseen_validation\trade_date=2026-07-17\exchange=NSE\symbol=DRREDDY\part-064743_147501-024969.parquet,34771,downloaded,34771,
2026-07-17,NSE,DRREDDY,raw_l2/trade_date=2026-07-17/exchange=NSE/symbol=DRREDDY/part-064810_836872-025033.parquet,real_data_sample\l2_unseen_validation\trade_date=2026-07-17\exchange=NSE\symbol=DRREDDY\part-064810_836872-025033.parquet,34653,downloaded,34653,
2026-07-17,NSE,DRREDDY,raw_l2/trade_date=2026-07-17/exchange=NSE/symbol=DRREDDY/part-064414_631385-024489.parquet,real_data_sample\l2_unseen_validation\trade_date=2026-07-17\exchange=NSE\symbol=DRREDDY\part-064414_631385-024489.parquet,34562,downloaded,34562,
2026-07-17,NSE,DRREDDY,raw_l2/trade_date=2026-07-17/exchange=NSE/symbol=DRREDDY/part-064838_624713-025097.parquet,real_data_sample\l2_unseen_validation\trade_date=2026-07-17\exchange=NSE\symbol=DRREDDY\part-064838_624713-025097.parquet,34926,downloaded,34926,
2026-07-17,NSE,DRREDDY,raw_l2/trade_date=2026-07-17/exchange=NSE/symbol=DRREDDY/part-064756_857684-025001.parquet,real_data_sample\l2_unseen_validation\trade_date=2026-07-17\exchange=NSE\symbol=DRREDDY\part-064756_857684-025001.parquet,34834,downloaded,34834,
2026-07-17,NSE,DRREDDY,raw_l2/trade_date=2026-07-17/exchange=NSE/symbol=DRREDDY/part-064906_164669-025161.parquet,real_data_sample\l2_unseen_validation\trade_date=2026-07-17\exchange=NSE\symbol=DRREDDY\part-064906_164669-025161.parquet,35015,downloaded,35015,
2026-07-17,NSE,DRREDDY,raw_l2/trade_date=2026-07-17/exchange=NSE/symbol=DRREDDY/part-064920_120414-025193.parquet,real_data_sample\l2_unseen_validation\trade_date=2026-07-17\exchange=NSE\symbol=DRREDDY\part-064920_120414-025193.parquet,35019,downloaded,35019,
2026-07-17,NSE,DRREDDY,raw_l2/trade_date=2026-07-17/exchange=NSE/symbol=DRREDDY/part-064852_402189-025129.parquet,real_data_sample\l2_unseen_validation\trade_date=2026-07-17\exchange=NSE\symbol=DRREDDY\part-064852_402189-025129.parquet,34903,downloaded,34903,
2026-07-17,NSE,DRREDDY,raw_l2/trade_date=2026-07-17/exchange=NSE/symbol=DRREDDY/part-065015_887949-025321.parquet,real_data_sample\l2_unseen_validation\trade_date=2026-07-17\exchange=NSE\symbol=DRREDDY\part-065015_887949-025321.parquet,34856,downloaded,34856,
2026-07-17,NSE,DRREDDY,raw_l2/trade_date=2026-07-17/exchange=NSE/symbol=DRREDDY/part-065001_901070-025289.parquet,real_data_sample\l2_unseen_validation\trade_date=2026-07-17\exchange=NSE\symbol=DRREDDY\part-065001_901070-025289.parquet,34657,downloaded,34657,
2026-07-17,NSE,DRREDDY,raw_l2/trade_date=2026-07-17/exchange=NSE/symbol=DRREDDY/part-064933_945237-025225.parquet,real_data_sample\l2_unseen_validation\trade_date=2026-07-17\exchange=NSE\symbol=DRREDDY\part-064933_945237-025225.parquet,34866,downloaded,34866,
2026-07-17,NSE,DRREDDY,raw_l2/trade_date=2026-07-17/exchange=NSE/symbol=DRREDDY/part-064947_892687-025257.parquet,real_data_sample\l2_unseen_validation\trade_date=2026-07-17\exchange=NSE\symbol=DRREDDY\part-064947_892687-025257.parquet,34777,downloaded,34777,
2026-07-17,NSE,DRREDDY,raw_l2/trade_date=2026-07-17/exchange=NSE/symbol=DRREDDY/part-065029_616002-025353.parquet,real_data_sample\l2_unseen_validation\trade_date=2026-07-17\exchange=NSE\symbol=DRREDDY\part-065029_616002-025353.parquet,34754,downloaded,34754,
2026-07-17,NSE,DRREDDY,raw_l2/trade_date=2026-07-17/exchange=NSE/symbol=DRREDDY/part-065043_804565-025385.parquet,real_data_sample\l2_unseen_validation\trade_date=2026-07-17\exchange=NSE\symbol=DRREDDY\part-065043_804565-025385.parquet,34766,downloaded,34766,
2026-07-17,NSE,DRREDDY,raw_l2/trade_date=2026-07-17/exchange=NSE/symbol=DRREDDY/part-065057_869675-025417.parquet,real_data_sample\l2_unseen_validation\trade_date=2026-07-17\exchange=NSE\symbol=DRREDDY\part-065057_869675-025417.parquet,34673,downloaded,34673,
2026-07-17,NSE,DRREDDY,raw_l2/trade_date=2026-07-17/exchange=NSE/symbol=DRREDDY/part-065111_887535-025449.parquet,real_data_sample\l2_unseen_validation\trade_date=2026-07-17\exchange=NSE\symbol=DRREDDY\part-065111_887535-025449.parquet,34803,downloaded,34803,
2026-07-17,NSE,DRREDDY,raw_l2/trade_date=2026-07-17/exchange=NSE/symbol=DRREDDY/part-065153_931578-025545.parquet,real_data_sample\l2_unseen_validation\trade_date=2026-07-17\exchange=NSE\symbol=DRREDDY\part-065153_931578-025545.parquet,34605,downloaded,34605,
2026-07-17,NSE,DRREDDY,raw_l2/trade_date=2026-07-17/exchange=NSE/symbol=DRREDDY/part-065139_926919-025513.parquet,real_data_sample\l2_unseen_validation\trade_date=2026-07-17\exchange=NSE\symbol=DRREDDY\part-065139_926919-025513.parquet,34687,downloaded,34687,
2026-07-17,NSE,DRREDDY,raw_l2/trade_date=2026-07-17/exchange=NSE/symbol=DRREDDY/part-065236_217853-025641.parquet,real_data_sample\l2_unseen_validation\trade_date=2026-07-17\exchange=NSE\symbol=DRREDDY\part-065236_217853-025641.parquet,34927,downloaded,34927,
2026-07-17,NSE,DRREDDY,raw_l2/trade_date=2026-07-17/exchange=NSE/symbol=DRREDDY/part-065304_497298-025705.parquet,real_data_sample\l2_unseen_validation\trade_date=2026-07-17\exchange=NSE\symbol=DRREDDY\part-065304_497298-025705.parquet,34738,downloaded,34738,
2026-07-17,NSE,DRREDDY,raw_l2/trade_date=2026-07-17/exchange=NSE/symbol=DRREDDY/part-065222_179661-025609.parquet,real_data_sample\l2_unseen_validation\trade_date=2026-07-17\exchange=NSE\symbol=DRREDDY\part-065222_179661-025609.parquet,34684,downloaded,34684,
2026-07-17,NSE,DRREDDY,raw_l2/trade_date=2026-07-17/exchange=NSE/symbol=DRREDDY/part-065250_332675-025673.parquet,real_data_sample\l2_unseen_validation\trade_date=2026-07-17\exchange=NSE\symbol=DRREDDY\part-065250_332675-025673.parquet,34848,downloaded,34848,
2026-07-17,NSE,DRREDDY,raw_l2/trade_date=2026-07-17/exchange=NSE/symbol=DRREDDY/part-065125_927469-025481.parquet,real_data_sample\l2_unseen_validation\trade_date=2026-07-17\exchange=NSE\symbol=DRREDDY\part-065125_927469-025481.parquet,34641,downloaded,34641,
2026-07-17,NSE,DRREDDY,raw_l2/trade_date=2026-07-17/exchange=NSE/symbol=DRREDDY/part-065318_521256-025737.parquet,real_data_sample\l2_unseen_validation\trade_date=2026-07-17\exchange=NSE\symbol=DRREDDY\part-065318_521256-025737.parquet,34881,downloaded,34881,
2026-07-17,NSE,DRREDDY,raw_l2/trade_date=2026-07-17/exchange=NSE/symbol=DRREDDY/part-065332_418339-025769.parquet,real_data_sample\l2_unseen_validation\trade_date=2026-07-17\exchange=NSE\symbol=DRREDDY\part-065332_418339-025769.parquet,34858,downloaded,34858,
2026-07-17,NSE,DRREDDY,raw_l2/trade_date=2026-07-17/exchange=NSE/symbol=DRREDDY/part-065346_188442-025801.parquet,real_data_sample\l2_unseen_validation\trade_date=2026-07-17\exchange=NSE\symbol=DRREDDY\part-065346_188442-025801.parquet,34752,downloaded,34752,
2026-07-17,NSE,DRREDDY,raw_l2/trade_date=2026-07-17/exchange=NSE/symbol=DRREDDY/part-065400_287733-025833.parquet,real_data_sample\l2_unseen_validation\trade_date=2026-07-17\exchange=NSE\symbol=DRREDDY\part-065400_287733-025833.parquet,34650,downloaded,34650,
2026-07-17,NSE,DRREDDY,raw_l2/trade_date=2026-07-17/exchange=NSE/symbol=DRREDDY/part-065208_089055-025577.parquet,real_data_sample\l2_unseen_validation\trade_date=2026-07-17\exchange=NSE\symbol=DRREDDY\part-065208_089055-025577.parquet,34872,downloaded,34872,
2026-07-17,NSE,DRREDDY,raw_l2/trade_date=2026-07-17/exchange=NSE/symbol=DRREDDY/part-065428_419444-025897.parquet,real_data_sample\l2_unseen_validation\trade_date=2026-07-17\exchange=NSE\symbol=DRREDDY\part-065428_419444-025897.parquet,34713,downloaded,34713,
2026-07-17,NSE,DRREDDY,raw_l2/trade_date=2026-07-17/exchange=NSE/symbol=DRREDDY/part-065456_466435-025961.parquet,real_data_sample\l2_unseen_validation\trade_date=2026-07-17\exchange=NSE\symbol=DRREDDY\part-065456_466435-025961.parquet,34899,downloaded,34899,
2026-07-17,NSE,DRREDDY,raw_l2/trade_date=2026-07-17/exchange=NSE/symbol=DRREDDY/part-064824_730470-025065.parquet,real_data_sample\l2_unseen_validation\trade_date=2026-07-17\exchange=NSE\symbol=DRREDDY\part-064824_730470-025065.parquet,34810,downloaded,34810,
2026-07-17,NSE,DRREDDY,raw_l2/trade_date=2026-07-17/exchange=NSE/symbol=DRREDDY/part-065414_409756-025865.parquet,real_data_sample\l2_unseen_validation\trade_date=2026-07-17\exchange=NSE\symbol=DRREDDY\part-065414_409756-025865.parquet,34725,downloaded,34725,
2026-07-17,NSE,DRREDDY,raw_l2/trade_date=2026-07-17/exchange=NSE/symbol=DRREDDY/part-065510_632684-025993.parquet,real_data_sample\l2_unseen_validation\trade_date=2026-07-17\exchange=NSE\symbol=DRREDDY\part-065510_632684-025993.parquet,34990,downloaded,34990,
2026-07-17,NSE,DRREDDY,raw_l2/trade_date=2026-07-17/exchange=NSE/symbol=DRREDDY/part-065442_373807-025929.parquet,real_data_sample\l2_unseen_validation\trade_date=2026-07-17\exchange=NSE\symbol=DRREDDY\part-065442_373807-025929.parquet,34983,downloaded,34983,
2026-07-17,NSE,DRREDDY,raw_l2/trade_date=2026-07-17/exchange=NSE/symbol=DRREDDY/part-065539_016019-026057.parquet,real_data_sample\l2_unseen_validation\trade_date=2026-07-17\exchange=NSE\symbol=DRREDDY\part-065539_016019-026057.parquet,34696,downloaded,34696,
2026-07-17,NSE,DRREDDY,raw_l2/trade_date=2026-07-17/exchange=NSE/symbol=DRREDDY/part-065552_929753-026089.parquet,real_data_sample\l2_unseen_validation\trade_date=2026-07-17\exchange=NSE\symbol=DRREDDY\part-065552_929753-026089.parquet,34826,downloaded,34826,
2026-07-17,NSE,DRREDDY,raw_l2/trade_date=2026-07-17/exchange=NSE/symbol=DRREDDY/part-065606_915843-026121.parquet,real_data_sample\l2_unseen_validation\trade_date=2026-07-17\exchange=NSE\symbol=DRREDDY\part-065606_915843-026121.parquet,34816,downloaded,34816,
2026-07-17,NSE,DRREDDY,raw_l2/trade_date=2026-07-17/exchange=NSE/symbol=DRREDDY/part-065621_029479-026153.parquet,real_data_sample\l2_unseen_validation\trade_date=2026-07-17\exchange=NSE\symbol=DRREDDY\part-065621_029479-026153.parquet,34748,downloaded,34748,
2026-07-17,NSE,DRREDDY,raw_l2/trade_date=2026-07-17/exchange=NSE/symbol=DRREDDY/part-065702_918497-026249.parquet,real_data_sample\l2_unseen_validation\trade_date=2026-07-17\exchange=NSE\symbol=DRREDDY\part-065702_918497-026249.parquet,34912,downloaded,34912,
2026-07-17,NSE,DRREDDY,raw_l2/trade_date=2026-07-17/exchange=NSE/symbol=DRREDDY/part-065716_925317-026281.parquet,real_data_sample\l2_unseen_validation\trade_date=2026-07-17\exchange=NSE\symbol=DRREDDY\part-065716_925317-026281.parquet,34830,downloaded,34830,
2026-07-17,NSE,DRREDDY,raw_l2/trade_date=2026-07-17/exchange=NSE/symbol=DRREDDY/part-065731_004122-026313.parquet,real_data_sample\l2_unseen_validation\trade_date=2026-07-17\exchange=NSE\symbol=DRREDDY\part-065731_004122-026313.parquet,34870,downloaded,34870,
2026-07-17,NSE,DRREDDY,raw_l2/trade_date=2026-07-17/exchange=NSE/symbol=DRREDDY/part-065744_987137-026345.parquet,real_data_sample\l2_unseen_validation\trade_date=2026-07-17\exchange=NSE\symbol=DRREDDY\part-065744_987137-026345.parquet,34801,downloaded,34801,
2026-07-17,NSE,DRREDDY,raw_l2/trade_date=2026-07-17/exchange=NSE/symbol=DRREDDY/part-065759_248191-026377.parquet,real_data_sample\l2_unseen_validation\trade_date=2026-07-17\exchange=NSE\symbol=DRREDDY\part-065759_248191-026377.parquet,35045,downloaded,35045,
2026-07-17,NSE,DRREDDY,raw_l2/trade_date=2026-07-17/exchange=NSE/symbol=DRREDDY/part-065648_931065-026217.parquet,real_data_sample\l2_unseen_validation\trade_date=2026-07-17\exchange=NSE\symbol=DRREDDY\part-065648_931065-026217.parquet,34865,downloaded,34865,
2026-07-17,NSE,DRREDDY,raw_l2/trade_date=2026-07-17/exchange=NSE/symbol=DRREDDY/part-065634_925683-026185.parquet,real_data_sample\l2_unseen_validation\trade_date=2026-07-17\exchange=NSE\symbol=DRREDDY\part-065634_925683-026185.parquet,34587,downloaded,34587,
2026-07-17,NSE,DRREDDY,raw_l2/trade_date=2026-07-17/exchange=NSE/symbol=DRREDDY/part-065813_484284-026409.parquet,real_data_sample\l2_unseen_validation\trade_date=2026-07-17\exchange=NSE\symbol=DRREDDY\part-065813_484284-026409.parquet,34799,downloaded,34799,
2026-07-17,NSE,DRREDDY,raw_l2/trade_date=2026-07-17/exchange=NSE/symbol=DRREDDY/part-065827_771526-026441.parquet,real_data_sample\l2_unseen_validation\trade_date=2026-07-17\exchange=NSE\symbol=DRREDDY\part-065827_771526-026441.parquet,34881,downloaded,34881,
2026-07-17,NSE,DRREDDY,raw_l2/trade_date=2026-07-17/exchange=NSE/symbol=DRREDDY/part-065856_490664-026505.parquet,real_data_sample\l2_unseen_validation\trade_date=2026-07-17\exchange=NSE\symbol=DRREDDY\part-065856_490664-026505.parquet,34895,downloaded,34895,
2026-07-17,NSE,DRREDDY,raw_l2/trade_date=2026-07-17/exchange=NSE/symbol=DRREDDY/part-065910_714590-026537.parquet,real_data_sample\l2_unseen_validation\trade_date=2026-07-17\exchange=NSE\symbol=DRREDDY\part-065910_714590-026537.parquet,34998,downloaded,34998,
2026-07-17,NSE,DRREDDY,raw_l2/trade_date=2026-07-17/exchange=NSE/symbol=DRREDDY/part-065842_294736-026473.parquet,real_data_sample\l2_unseen_validation\trade_date=2026-07-17\exchange=NSE\symbol=DRREDDY\part-065842_294736-026473.parquet,34893,downloaded,34893,
2026-07-17,NSE,DRREDDY,raw_l2/trade_date=2026-07-17/exchange=NSE/symbol=DRREDDY/part-065939_893069-026601.parquet,real_data_sample\l2_unseen_validation\trade_date=2026-07-17\exchange=NSE\symbol=DRREDDY\part-065939_893069-026601.parquet,34881,downloaded,34881,
2026-07-17,NSE,DRREDDY,raw_l2/trade_date=2026-07-17/exchange=NSE/symbol=DRREDDY/part-070009_241745-026665.parquet,real_data_sample\l2_unseen_validation\trade_date=2026-07-17\exchange=NSE\symbol=DRREDDY\part-070009_241745-026665.parquet,34702,downloaded,34702,
2026-07-17,NSE,DRREDDY,raw_l2/trade_date=2026-07-17/exchange=NSE/symbol=DRREDDY/part-065925_014254-026569.parquet,real_data_sample\l2_unseen_validation\trade_date=2026-07-17\exchange=NSE\symbol=DRREDDY\part-065925_014254-026569.parquet,35019,downloaded,35019,
2026-07-17,NSE,DRREDDY,raw_l2/trade_date=2026-07-17/exchange=NSE/symbol=DRREDDY/part-065524_714525-026025.parquet,real_data_sample\l2_unseen_validation\trade_date=2026-07-17\exchange=NSE\symbol=DRREDDY\part-065524_714525-026025.parquet,34939,downloaded,34939,
2026-07-17,NSE,DRREDDY,raw_l2/trade_date=2026-07-17/exchange=NSE/symbol=DRREDDY/part-065954_520506-026633.parquet,real_data_sample\l2_unseen_validation\trade_date=2026-07-17\exchange=NSE\symbol=DRREDDY\part-065954_520506-026633.parquet,34862,downloaded,34862,
2026-07-17,NSE,DRREDDY,raw_l2/trade_date=2026-07-17/exchange=NSE/symbol=DRREDDY/part-070220_970235-026953.parquet,real_data_sample\l2_unseen_validation\trade_date=2026-07-17\exchange=NSE\symbol=DRREDDY\part-070220_970235-026953.parquet,35632,downloaded,35632,
2026-07-17,NSE,DRREDDY,raw_l2/trade_date=2026-07-17/exchange=NSE/symbol=DRREDDY/part-070136_624418-026857.parquet,real_data_sample\l2_unseen_validation\trade_date=2026-07-17\exchange=NSE\symbol=DRREDDY\part-070136_624418-026857.parquet,34747,downloaded,34747,
2026-07-17,NSE,DRREDDY,raw_l2/trade_date=2026-07-17/exchange=NSE/symbol=DRREDDY/part-070122_062971-026825.parquet,real_data_sample\l2_unseen_validation\trade_date=2026-07-17\exchange=NSE\symbol=DRREDDY\part-070122_062971-026825.parquet,34850,downloaded,34850,
2026-07-17,NSE,DRREDDY,raw_l2/trade_date=2026-07-17/exchange=NSE/symbol=DRREDDY/part-070023_742744-026697.parquet,real_data_sample\l2_unseen_validation\trade_date=2026-07-17\exchange=NSE\symbol=DRREDDY\part-070023_742744-026697.parquet,34985,downloaded,34985,
2026-07-17,NSE,DRREDDY,raw_l2/trade_date=2026-07-17/exchange=NSE/symbol=DRREDDY/part-070235_736050-026985.parquet,real_data_sample\l2_unseen_validation\trade_date=2026-07-17\exchange=NSE\symbol=DRREDDY\part-070235_736050-026985.parquet,35625,downloaded,35625,
2026-07-17,NSE,DRREDDY,raw_l2/trade_date=2026-07-17/exchange=NSE/symbol=DRREDDY/part-070151_908352-026889.parquet,real_data_sample\l2_unseen_validation\trade_date=2026-07-17\exchange=NSE\symbol=DRREDDY\part-070151_908352-026889.parquet,35205,downloaded,35205,
2026-07-17,NSE,DRREDDY,raw_l2/trade_date=2026-07-17/exchange=NSE/symbol=DRREDDY/part-070305_378749-027049.parquet,real_data_sample\l2_unseen_validation\trade_date=2026-07-17\exchange=NSE\symbol=DRREDDY\part-070305_378749-027049.parquet,36137,downloaded,36137,
2026-07-17,NSE,DRREDDY,raw_l2/trade_date=2026-07-17/exchange=NSE/symbol=DRREDDY/part-070320_063200-027081.parquet,real_data_sample\l2_unseen_validation\trade_date=2026-07-17\exchange=NSE\symbol=DRREDDY\part-070320_063200-027081.parquet,35057,downloaded,35057,
2026-07-17,NSE,DRREDDY,raw_l2/trade_date=2026-07-17/exchange=NSE/symbol=DRREDDY/part-070334_602435-027113.parquet,real_data_sample\l2_unseen_validation\trade_date=2026-07-17\exchange=NSE\symbol=DRREDDY\part-070334_602435-027113.parquet,34905,downloaded,34905,
2026-07-17,NSE,DRREDDY,raw_l2/trade_date=2026-07-17/exchange=NSE/symbol=DRREDDY/part-070038_017722-026729.parquet,real_data_sample\l2_unseen_validation\trade_date=2026-07-17\exchange=NSE\symbol=DRREDDY\part-070038_017722-026729.parquet,34833,downloaded,34833,
2026-07-17,NSE,DRREDDY,raw_l2/trade_date=2026-07-17/exchange=NSE/symbol=DRREDDY/part-070250_283033-027017.parquet,real_data_sample\l2_unseen_validation\trade_date=2026-07-17\exchange=NSE\symbol=DRREDDY\part-070250_283033-027017.parquet,35731,downloaded,35731,
2026-07-17,NSE,DRREDDY,raw_l2/trade_date=2026-07-17/exchange=NSE/symbol=DRREDDY/part-070052_637576-026761.parquet,real_data_sample\l2_unseen_validation\trade_date=2026-07-17\exchange=NSE\symbol=DRREDDY\part-070052_637576-026761.parquet,34818,downloaded,34818,
2026-07-17,NSE,DRREDDY,raw_l2/trade_date=2026-07-17/exchange=NSE/symbol=DRREDDY/part-070107_476570-026793.parquet,real_data_sample\l2_unseen_validation\trade_date=2026-07-17\exchange=NSE\symbol=DRREDDY\part-070107_476570-026793.parquet,34965,downloaded,34965,
2026-07-17,NSE,DRREDDY,raw_l2/trade_date=2026-07-17/exchange=NSE/symbol=DRREDDY/part-070348_846598-027145.parquet,real_data_sample\l2_unseen_validation\trade_date=2026-07-17\exchange=NSE\symbol=DRREDDY\part-070348_846598-027145.parquet,34950,downloaded,34950,
2026-07-17,NSE,DRREDDY,raw_l2/trade_date=2026-07-17/exchange=NSE/symbol=DRREDDY/part-070445_984087-027273.parquet,real_data_sample\l2_unseen_validation\trade_date=2026-07-17\exchange=NSE\symbol=DRREDDY\part-070445_984087-027273.parquet,34916,downloaded,34916,
2026-07-17,NSE,DRREDDY,raw_l2/trade_date=2026-07-17/exchange=NSE/symbol=DRREDDY/part-070431_746922-027241.parquet,real_data_sample\l2_unseen_validation\trade_date=2026-07-17\exchange=NSE\symbol=DRREDDY\part-070431_746922-027241.parquet,34968,downloaded,34968,
2026-07-17,NSE,DRREDDY,raw_l2/trade_date=2026-07-17/exchange=NSE/symbol=DRREDDY/part-070500_421273-027305.parquet,real_data_sample\l2_unseen_validation\trade_date=2026-07-17\exchange=NSE\symbol=DRREDDY\part-070500_421273-027305.parquet,34918,downloaded,34918,
2026-07-17,NSE,DRREDDY,raw_l2/trade_date=2026-07-17/exchange=NSE/symbol=DRREDDY/part-070403_312691-027177.parquet,real_data_sample\l2_unseen_validation\trade_date=2026-07-17\exchange=NSE\symbol=DRREDDY\part-070403_312691-027177.parquet,34842,downloaded,34842,
2026-07-17,NSE,DRREDDY,raw_l2/trade_date=2026-07-17/exchange=NSE/symbol=DRREDDY/part-070529_506076-027369.parquet,real_data_sample\l2_unseen_validation\trade_date=2026-07-17\exchange=NSE\symbol=DRREDDY\part-070529_506076-027369.parquet,36051,downloaded,36051,
2026-07-17,NSE,DRREDDY,raw_l2/trade_date=2026-07-17/exchange=NSE/symbol=DRREDDY/part-070417_538273-027209.parquet,real_data_sample\l2_unseen_validation\trade_date=2026-07-17\exchange=NSE\symbol=DRREDDY\part-070417_538273-027209.parquet,34714,downloaded,34714,
2026-07-17,NSE,DRREDDY,raw_l2/trade_date=2026-07-17/exchange=NSE/symbol=DRREDDY/part-070544_073813-027401.parquet,real_data_sample\l2_unseen_validation\trade_date=2026-07-17\exchange=NSE\symbol=DRREDDY\part-070544_073813-027401.parquet,35874,downloaded,35874,
2026-07-17,NSE,DRREDDY,raw_l2/trade_date=2026-07-17/exchange=NSE/symbol=DRREDDY/part-070515_036783-027337.parquet,real_data_sample\l2_unseen_validation\trade_date=2026-07-17\exchange=NSE\symbol=DRREDDY\part-070515_036783-027337.parquet,35344,downloaded,35344,
2026-07-17,NSE,DRREDDY,raw_l2/trade_date=2026-07-17/exchange=NSE/symbol=DRREDDY/part-070626_994405-027497.parquet,real_data_sample\l2_unseen_validation\trade_date=2026-07-17\exchange=NSE\symbol=DRREDDY\part-070626_994405-027497.parquet,35030,downloaded,35030,
2026-07-17,NSE,DRREDDY,raw_l2/trade_date=2026-07-17/exchange=NSE/symbol=DRREDDY/part-070641_452886-027529.parquet,real_data_sample\l2_unseen_validation\trade_date=2026-07-17\exchange=NSE\symbol=DRREDDY\part-070641_452886-027529.parquet,34910,downloaded,34910,
2026-07-17,NSE,DRREDDY,raw_l2/trade_date=2026-07-17/exchange=NSE/symbol=DRREDDY/part-070558_265597-027433.parquet,real_data_sample\l2_unseen_validation\trade_date=2026-07-17\exchange=NSE\symbol=DRREDDY\part-070558_265597-027433.parquet,35466,downloaded,35466,
2026-07-17,NSE,DRREDDY,raw_l2/trade_date=2026-07-17/exchange=NSE/symbol=DRREDDY/part-070612_705176-027465.parquet,real_data_sample\l2_unseen_validation\trade_date=2026-07-17\exchange=NSE\symbol=DRREDDY\part-070612_705176-027465.parquet,35811,downloaded,35811,
2026-07-17,NSE,DRREDDY,raw_l2/trade_date=2026-07-17/exchange=NSE/symbol=DRREDDY/part-070709_979397-027593.parquet,real_data_sample\l2_unseen_validation\trade_date=2026-07-17\exchange=NSE\symbol=DRREDDY\part-070709_979397-027593.parquet,34885,downloaded,34885,
2026-07-17,NSE,DRREDDY,raw_l2/trade_date=2026-07-17/exchange=NSE/symbol=DRREDDY/part-070655_726326-027561.parquet,real_data_sample\l2_unseen_validation\trade_date=2026-07-17\exchange=NSE\symbol=DRREDDY\part-070655_726326-027561.parquet,34918,downloaded,34918,
2026-07-17,NSE,DRREDDY,raw_l2/trade_date=2026-07-17/exchange=NSE/symbol=DRREDDY/part-070806_689642-027721.parquet,real_data_sample\l2_unseen_validation\trade_date=2026-07-17\exchange=NSE\symbol=DRREDDY\part-070806_689642-027721.parquet,35962,downloaded,35962,
2026-07-17,NSE,DRREDDY,raw_l2/trade_date=2026-07-17/exchange=NSE/symbol=DRREDDY/part-070820_740619-027753.parquet,real_data_sample\l2_unseen_validation\trade_date=2026-07-17\exchange=NSE\symbol=DRREDDY\part-070820_740619-027753.parquet,34817,downloaded,34817,
2026-07-17,NSE,DRREDDY,raw_l2/trade_date=2026-07-17/exchange=NSE/symbol=DRREDDY/part-070724_267300-027625.parquet,real_data_sample\l2_unseen_validation\trade_date=2026-07-17\exchange=NSE\symbol=DRREDDY\part-070724_267300-027625.parquet,35866,downloaded,35866,
2026-07-17,NSE,DRREDDY,raw_l2/trade_date=2026-07-17/exchange=NSE/symbol=DRREDDY/part-070835_051745-027785.parquet,real_data_sample\l2_unseen_validation\trade_date=2026-07-17\exchange=NSE\symbol=DRREDDY\part-070835_051745-027785.parquet,34895,downloaded,34895,
2026-07-17,NSE,DRREDDY,raw_l2/trade_date=2026-07-17/exchange=NSE/symbol=DRREDDY/part-070752_711431-027689.parquet,real_data_sample\l2_unseen_validation\trade_date=2026-07-17\exchange=NSE\symbol=DRREDDY\part-070752_711431-027689.parquet,35806,downloaded,35806,
2026-07-17,NSE,DRREDDY,raw_l2/trade_date=2026-07-17/exchange=NSE/symbol=DRREDDY/part-070849_490852-027817.parquet,real_data_sample\l2_unseen_validation\trade_date=2026-07-17\exchange=NSE\symbol=DRREDDY\part-070849_490852-027817.parquet,34911,downloaded,34911,
2026-07-17,NSE,DRREDDY,raw_l2/trade_date=2026-07-17/exchange=NSE/symbol=DRREDDY/part-070918_203482-027881.parquet,real_data_sample\l2_unseen_validation\trade_date=2026-07-17\exchange=NSE\symbol=DRREDDY\part-070918_203482-027881.parquet,35035,downloaded,35035,
2026-07-17,NSE,DRREDDY,raw_l2/trade_date=2026-07-17/exchange=NSE/symbol=DRREDDY/part-070903_817740-027849.parquet,real_data_sample\l2_unseen_validation\trade_date=2026-07-17\exchange=NSE\symbol=DRREDDY\part-070903_817740-027849.parquet,34750,downloaded,34750,
2026-07-17,NSE,DRREDDY,raw_l2/trade_date=2026-07-17/exchange=NSE/symbol=DRREDDY/part-071030_005635-028041.parquet,real_data_sample\l2_unseen_validation\trade_date=2026-07-17\exchange=NSE\symbol=DRREDDY\part-071030_005635-028041.parquet,34929,downloaded,34929,
2026-07-17,NSE,DRREDDY,raw_l2/trade_date=2026-07-17/exchange=NSE/symbol=DRREDDY/part-070206_331062-026921.parquet,real_data_sample\l2_unseen_validation\trade_date=2026-07-17\exchange=NSE\symbol=DRREDDY\part-070206_331062-026921.parquet,34874,downloaded,34874,
2026-07-17,NSE,DRREDDY,raw_l2/trade_date=2026-07-17/exchange=NSE/symbol=DRREDDY/part-071015_951593-028009.parquet,real_data_sample\l2_unseen_validation\trade_date=2026-07-17\exchange=NSE\symbol=DRREDDY\part-071015_951593-028009.parquet,34923,downloaded,34923,
2026-07-17,NSE,DRREDDY,raw_l2/trade_date=2026-07-17/exchange=NSE/symbol=DRREDDY/part-071001_773544-027977.parquet,real_data_sample\l2_unseen_validation\trade_date=2026-07-17\exchange=NSE\symbol=DRREDDY\part-071001_773544-027977.parquet,34946,downloaded,34946,
2026-07-17,NSE,DRREDDY,raw_l2/trade_date=2026-07-17/exchange=NSE/symbol=DRREDDY/part-070932_920493-027913.parquet,real_data_sample\l2_unseen_validation\trade_date=2026-07-17\exchange=NSE\symbol=DRREDDY\part-070932_920493-027913.parquet,34944,downloaded,34944,
2026-07-17,NSE,DRREDDY,raw_l2/trade_date=2026-07-17/exchange=NSE/symbol=DRREDDY/part-070947_493010-027945.parquet,real_data_sample\l2_unseen_validation\trade_date=2026-07-17\exchange=NSE\symbol=DRREDDY\part-070947_493010-027945.parquet,34805,downloaded,34805,
2026-07-17,NSE,DRREDDY,raw_l2/trade_date=2026-07-17/exchange=NSE/symbol=DRREDDY/part-071127_841313-028169.parquet,real_data_sample\l2_unseen_validation\trade_date=2026-07-17\exchange=NSE\symbol=DRREDDY\part-071127_841313-028169.parquet,35027,downloaded,35027,
2026-07-17,NSE,DRREDDY,raw_l2/trade_date=2026-07-17/exchange=NSE/symbol=DRREDDY/part-071113_292365-028137.parquet,real_data_sample\l2_unseen_validation\trade_date=2026-07-17\exchange=NSE\symbol=DRREDDY\part-071113_292365-028137.parquet,34854,downloaded,34854,
2026-07-17,NSE,DRREDDY,raw_l2/trade_date=2026-07-17/exchange=NSE/symbol=DRREDDY/part-071044_084504-028073.parquet,real_data_sample\l2_unseen_validation\trade_date=2026-07-17\exchange=NSE\symbol=DRREDDY\part-071044_084504-028073.parquet,34849,downloaded,34849,
2026-07-17,NSE,DRREDDY,raw_l2/trade_date=2026-07-17/exchange=NSE/symbol=DRREDDY/part-071058_848326-028105.parquet,real_data_sample\l2_unseen_validation\trade_date=2026-07-17\exchange=NSE\symbol=DRREDDY\part-071058_848326-028105.parquet,34861,downloaded,34861,
2026-07-17,NSE,DRREDDY,raw_l2/trade_date=2026-07-17/exchange=NSE/symbol=DRREDDY/part-071157_033773-028233.parquet,real_data_sample\l2_unseen_validation\trade_date=2026-07-17\exchange=NSE\symbol=DRREDDY\part-071157_033773-028233.parquet,34907,downloaded,34907,
2026-07-17,NSE,DRREDDY,raw_l2/trade_date=2026-07-17/exchange=NSE/symbol=DRREDDY/part-071211_463549-028265.parquet,real_data_sample\l2_unseen_validation\trade_date=2026-07-17\exchange=NSE\symbol=DRREDDY\part-071211_463549-028265.parquet,34770,downloaded,34770,
2026-07-17,NSE,DRREDDY,raw_l2/trade_date=2026-07-17/exchange=NSE/symbol=DRREDDY/part-071142_514558-028201.parquet,real_data_sample\l2_unseen_validation\trade_date=2026-07-17\exchange=NSE\symbol=DRREDDY\part-071142_514558-028201.parquet,34978,downloaded,34978,
2026-07-17,NSE,DRREDDY,raw_l2/trade_date=2026-07-17/exchange=NSE/symbol=DRREDDY/part-071323_307437-028425.parquet,real_data_sample\l2_unseen_validation\trade_date=2026-07-17\exchange=NSE\symbol=DRREDDY\part-071323_307437-028425.parquet,34720,downloaded,34720,
2026-07-17,NSE,DRREDDY,raw_l2/trade_date=2026-07-17/exchange=NSE/symbol=DRREDDY/part-071240_492536-028329.parquet,real_data_sample\l2_unseen_validation\trade_date=2026-07-17\exchange=NSE\symbol=DRREDDY\part-071240_492536-028329.parquet,34787,downloaded,34787,
2026-07-17,NSE,DRREDDY,raw_l2/trade_date=2026-07-17/exchange=NSE/symbol=DRREDDY/part-071308_950189-028393.parquet,real_data_sample\l2_unseen_validation\trade_date=2026-07-17\exchange=NSE\symbol=DRREDDY\part-071308_950189-028393.parquet,35017,downloaded,35017,
2026-07-17,NSE,DRREDDY,raw_l2/trade_date=2026-07-17/exchange=NSE/symbol=DRREDDY/part-071406_238044-028521.parquet,real_data_sample\l2_unseen_validation\trade_date=2026-07-17\exchange=NSE\symbol=DRREDDY\part-071406_238044-028521.parquet,34930,downloaded,34930,
2026-07-17,NSE,DRREDDY,raw_l2/trade_date=2026-07-17/exchange=NSE/symbol=DRREDDY/part-071337_463521-028457.parquet,real_data_sample\l2_unseen_validation\trade_date=2026-07-17\exchange=NSE\symbol=DRREDDY\part-071337_463521-028457.parquet,34779,downloaded,34779,
2026-07-17,NSE,DRREDDY,raw_l2/trade_date=2026-07-17/exchange=NSE/symbol=DRREDDY/part-070738_479238-027657.parquet,real_data_sample\l2_unseen_validation\trade_date=2026-07-17\exchange=NSE\symbol=DRREDDY\part-070738_479238-027657.parquet,35757,downloaded,35757,
2026-07-17,NSE,DRREDDY,raw_l2/trade_date=2026-07-17/exchange=NSE/symbol=DRREDDY/part-071352_025765-028489.parquet,real_data_sample\l2_unseen_validation\trade_date=2026-07-17\exchange=NSE\symbol=DRREDDY\part-071352_025765-028489.parquet,34888,downloaded,34888,
2026-07-17,NSE,DRREDDY,raw_l2/trade_date=2026-07-17/exchange=NSE/symbol=DRREDDY/part-071226_027795-028297.parquet,real_data_sample\l2_unseen_validation\trade_date=2026-07-17\exchange=NSE\symbol=DRREDDY\part-071226_027795-028297.parquet,34831,downloaded,34831,
2026-07-17,NSE,DRREDDY,raw_l2/trade_date=2026-07-17/exchange=NSE/symbol=DRREDDY/part-071449_118579-028617.parquet,real_data_sample\l2_unseen_validation\trade_date=2026-07-17\exchange=NSE\symbol=DRREDDY\part-071449_118579-028617.parquet,34791,downloaded,34791,
2026-07-17,NSE,DRREDDY,raw_l2/trade_date=2026-07-17/exchange=NSE/symbol=DRREDDY/part-071434_755498-028585.parquet,real_data_sample\l2_unseen_validation\trade_date=2026-07-17\exchange=NSE\symbol=DRREDDY\part-071434_755498-028585.parquet,34688,downloaded,34688,
2026-07-17,NSE,DRREDDY,raw_l2/trade_date=2026-07-17/exchange=NSE/symbol=DRREDDY/part-071254_810599-028361.parquet,real_data_sample\l2_unseen_validation\trade_date=2026-07-17\exchange=NSE\symbol=DRREDDY\part-071254_810599-028361.parquet,34925,downloaded,34925,
2026-07-17,NSE,DRREDDY,raw_l2/trade_date=2026-07-17/exchange=NSE/symbol=DRREDDY/part-071420_536282-028553.parquet,real_data_sample\l2_unseen_validation\trade_date=2026-07-17\exchange=NSE\symbol=DRREDDY\part-071420_536282-028553.parquet,34766,downloaded,34766,
2026-07-17,NSE,DRREDDY,raw_l2/trade_date=2026-07-17/exchange=NSE/symbol=DRREDDY/part-071503_567221-028649.parquet,real_data_sample\l2_unseen_validation\trade_date=2026-07-17\exchange=NSE\symbol=DRREDDY\part-071503_567221-028649.parquet,34642,downloaded,34642,
2026-07-17,NSE,DRREDDY,raw_l2/trade_date=2026-07-17/exchange=NSE/symbol=DRREDDY/part-071518_008518-028681.parquet,real_data_sample\l2_unseen_validation\trade_date=2026-07-17\exchange=NSE\symbol=DRREDDY\part-071518_008518-028681.parquet,34792,downloaded,34792,
2026-07-17,NSE,DRREDDY,raw_l2/trade_date=2026-07-17/exchange=NSE/symbol=DRREDDY/part-071532_284316-028713.parquet,real_data_sample\l2_unseen_validation\trade_date=2026-07-17\exchange=NSE\symbol=DRREDDY\part-071532_284316-028713.parquet,34816,downloaded,34816,
2026-07-17,NSE,DRREDDY,raw_l2/trade_date=2026-07-17/exchange=NSE/symbol=DRREDDY/part-071546_741652-028745.parquet,real_data_sample\l2_unseen_validation\trade_date=2026-07-17\exchange=NSE\symbol=DRREDDY\part-071546_741652-028745.parquet,34841,downloaded,34841,
2026-07-17,NSE,DRREDDY,raw_l2/trade_date=2026-07-17/exchange=NSE/symbol=DRREDDY/part-072033_567592-029385.parquet,real_data_sample\l2_unseen_validation\trade_date=2026-07-17\exchange=NSE\symbol=DRREDDY\part-072033_567592-029385.parquet,34798,downloaded,34798,
2026-07-17,NSE,DRREDDY,raw_l2/trade_date=2026-07-17/exchange=NSE/symbol=DRREDDY/part-071838_056816-029129.parquet,real_data_sample\l2_unseen_validation\trade_date=2026-07-17\exchange=NSE\symbol=DRREDDY\part-071838_056816-029129.parquet,34578,downloaded,34578,
2026-07-17,NSE,DRREDDY,raw_l2/trade_date=2026-07-17/exchange=NSE/symbol=DRREDDY/part-071615_457084-028809.parquet,real_data_sample\l2_unseen_validation\trade_date=2026-07-17\exchange=NSE\symbol=DRREDDY\part-071615_457084-028809.parquet,34893,downloaded,34893,
2026-07-17,NSE,DRREDDY,raw_l2/trade_date=2026-07-17/exchange=NSE/symbol=DRREDDY/part-071712_271297-028937.parquet,real_data_sample\l2_unseen_validation\trade_date=2026-07-17\exchange=NSE\symbol=DRREDDY\part-071712_271297-028937.parquet,34947,downloaded,34947,
2026-07-17,NSE,DRREDDY,raw_l2/trade_date=2026-07-17/exchange=NSE/symbol=DRREDDY/part-071658_193895-028905.parquet,real_data_sample\l2_unseen_validation\trade_date=2026-07-17\exchange=NSE\symbol=DRREDDY\part-071658_193895-028905.parquet,34857,downloaded,34857,
2026-07-17,NSE,DRREDDY,raw_l2/trade_date=2026-07-17/exchange=NSE/symbol=DRREDDY/part-071629_747668-028841.parquet,real_data_sample\l2_unseen_validation\trade_date=2026-07-17\exchange=NSE\symbol=DRREDDY\part-071629_747668-028841.parquet,34784,downloaded,34784,
2026-07-17,NSE,DRREDDY,raw_l2/trade_date=2026-07-17/exchange=NSE/symbol=DRREDDY/part-071726_409055-028969.parquet,real_data_sample\l2_unseen_validation\trade_date=2026-07-17\exchange=NSE\symbol=DRREDDY\part-071726_409055-028969.parquet,34772,downloaded,34772,
2026-07-17,NSE,DRREDDY,raw_l2/trade_date=2026-07-17/exchange=NSE/symbol=DRREDDY/part-071907_947790-029193.parquet,real_data_sample\l2_unseen_validation\trade_date=2026-07-17\exchange=NSE\symbol=DRREDDY\part-071907_947790-029193.parquet,34922,downloaded,34922,
2026-07-17,NSE,DRREDDY,raw_l2/trade_date=2026-07-17/exchange=NSE/symbol=DRREDDY/part-071922_137592-029225.parquet,real_data_sample\l2_unseen_validation\trade_date=2026-07-17\exchange=NSE\symbol=DRREDDY\part-071922_137592-029225.parquet,34966,downloaded,34966,
2026-07-17,NSE,DRREDDY,raw_l2/trade_date=2026-07-17/exchange=NSE/symbol=DRREDDY/part-071754_959313-029033.parquet,real_data_sample\l2_unseen_validation\trade_date=2026-07-17\exchange=NSE\symbol=DRREDDY\part-071754_959313-029033.parquet,34674,downloaded,34674,
2026-07-17,NSE,DRREDDY,raw_l2/trade_date=2026-07-17/exchange=NSE/symbol=DRREDDY/part-071853_073106-029161.parquet,real_data_sample\l2_unseen_validation\trade_date=2026-07-17\exchange=NSE\symbol=DRREDDY\part-071853_073106-029161.parquet,34890,downloaded,34890,
2026-07-17,NSE,DRREDDY,raw_l2/trade_date=2026-07-17/exchange=NSE/symbol=DRREDDY/part-071601_236310-028777.parquet,real_data_sample\l2_unseen_validation\trade_date=2026-07-17\exchange=NSE\symbol=DRREDDY\part-071601_236310-028777.parquet,34903,downloaded,34903,
2026-07-17,NSE,DRREDDY,raw_l2/trade_date=2026-07-17/exchange=NSE/symbol=DRREDDY/part-071950_710035-029289.parquet,real_data_sample\l2_unseen_validation\trade_date=2026-07-17\exchange=NSE\symbol=DRREDDY\part-071950_710035-029289.parquet,34969,downloaded,34969,
2026-07-17,NSE,DRREDDY,raw_l2/trade_date=2026-07-17/exchange=NSE/symbol=DRREDDY/part-071643_980930-028873.parquet,real_data_sample\l2_unseen_validation\trade_date=2026-07-17\exchange=NSE\symbol=DRREDDY\part-071643_980930-028873.parquet,34941,downloaded,34941,
2026-07-17,NSE,DRREDDY,raw_l2/trade_date=2026-07-17/exchange=NSE/symbol=DRREDDY/part-072047_766783-029417.parquet,real_data_sample\l2_unseen_validation\trade_date=2026-07-17\exchange=NSE\symbol=DRREDDY\part-072047_766783-029417.parquet,34784,downloaded,34784,
2026-07-17,NSE,DRREDDY,raw_l2/trade_date=2026-07-17/exchange=NSE/symbol=DRREDDY/part-072004_839868-029321.parquet,real_data_sample\l2_unseen_validation\trade_date=2026-07-17\exchange=NSE\symbol=DRREDDY\part-072004_839868-029321.parquet,34989,downloaded,34989,
2026-07-17,NSE,DRREDDY,raw_l2/trade_date=2026-07-17/exchange=NSE/symbol=DRREDDY/part-071740_732855-029001.parquet,real_data_sample\l2_unseen_validation\trade_date=2026-07-17\exchange=NSE\symbol=DRREDDY\part-071740_732855-029001.parquet,34918,downloaded,34918,
2026-07-17,NSE,DRREDDY,raw_l2/trade_date=2026-07-17/exchange=NSE/symbol=DRREDDY/part-071936_505103-029257.parquet,real_data_sample\l2_unseen_validation\trade_date=2026-07-17\exchange=NSE\symbol=DRREDDY\part-071936_505103-029257.parquet,34973,downloaded,34973,
2026-07-17,NSE,DRREDDY,raw_l2/trade_date=2026-07-17/exchange=NSE/symbol=DRREDDY/part-071823_732047-029097.parquet,real_data_sample\l2_unseen_validation\trade_date=2026-07-17\exchange=NSE\symbol=DRREDDY\part-071823_732047-029097.parquet,34831,downloaded,34831,
2026-07-17,NSE,DRREDDY,raw_l2/trade_date=2026-07-17/exchange=NSE/symbol=DRREDDY/part-071809_309075-029065.parquet,real_data_sample\l2_unseen_validation\trade_date=2026-07-17\exchange=NSE\symbol=DRREDDY\part-071809_309075-029065.parquet,35223,downloaded,35223,
2026-07-17,NSE,DRREDDY,raw_l2/trade_date=2026-07-17/exchange=NSE/symbol=DRREDDY/part-072019_202063-029353.parquet,real_data_sample\l2_unseen_validation\trade_date=2026-07-17\exchange=NSE\symbol=DRREDDY\part-072019_202063-029353.parquet,34788,downloaded,34788,
2026-07-17,NSE,DRREDDY,raw_l2/trade_date=2026-07-17/exchange=NSE/symbol=DRREDDY/part-072241_808397-029673.parquet,real_data_sample\l2_unseen_validation\trade_date=2026-07-17\exchange=NSE\symbol=DRREDDY\part-072241_808397-029673.parquet,35043,downloaded,35043,
2026-07-17,NSE,DRREDDY,raw_l2/trade_date=2026-07-17/exchange=NSE/symbol=DRREDDY/part-072116_212843-029481.parquet,real_data_sample\l2_unseen_validation\trade_date=2026-07-17\exchange=NSE\symbol=DRREDDY\part-072116_212843-029481.parquet,34810,downloaded,34810,
2026-07-17,NSE,DRREDDY,raw_l2/trade_date=2026-07-17/exchange=NSE/symbol=DRREDDY/part-072130_346888-029513.parquet,real_data_sample\l2_unseen_validation\trade_date=2026-07-17\exchange=NSE\symbol=DRREDDY\part-072130_346888-029513.parquet,34778,downloaded,34778,
2026-07-17,NSE,DRREDDY,raw_l2/trade_date=2026-07-17/exchange=NSE/symbol=DRREDDY/part-072158_544709-029577.parquet,real_data_sample\l2_unseen_validation\trade_date=2026-07-17\exchange=NSE\symbol=DRREDDY\part-072158_544709-029577.parquet,34957,downloaded,34957,
2026-07-17,NSE,DRREDDY,raw_l2/trade_date=2026-07-17/exchange=NSE/symbol=DRREDDY/part-072144_444921-029545.parquet,real_data_sample\l2_unseen_validation\trade_date=2026-07-17\exchange=NSE\symbol=DRREDDY\part-072144_444921-029545.parquet,34694,downloaded,34694,
2026-07-17,NSE,DRREDDY,raw_l2/trade_date=2026-07-17/exchange=NSE/symbol=DRREDDY/part-072213_512266-029609.parquet,real_data_sample\l2_unseen_validation\trade_date=2026-07-17\exchange=NSE\symbol=DRREDDY\part-072213_512266-029609.parquet,34886,downloaded,34886,
2026-07-17,NSE,DRREDDY,raw_l2/trade_date=2026-07-17/exchange=NSE/symbol=DRREDDY/part-072310_280007-029737.parquet,real_data_sample\l2_unseen_validation\trade_date=2026-07-17\exchange=NSE\symbol=DRREDDY\part-072310_280007-029737.parquet,34914,downloaded,34914,
2026-07-17,NSE,DRREDDY,raw_l2/trade_date=2026-07-17/exchange=NSE/symbol=DRREDDY/part-072255_967595-029705.parquet,real_data_sample\l2_unseen_validation\trade_date=2026-07-17\exchange=NSE\symbol=DRREDDY\part-072255_967595-029705.parquet,34927,downloaded,34927,
2026-07-17,NSE,DRREDDY,raw_l2/trade_date=2026-07-17/exchange=NSE/symbol=DRREDDY/part-072227_463525-029641.parquet,real_data_sample\l2_unseen_validation\trade_date=2026-07-17\exchange=NSE\symbol=DRREDDY\part-072227_463525-029641.parquet,34897,downloaded,34897,
2026-07-17,NSE,DRREDDY,raw_l2/trade_date=2026-07-17/exchange=NSE/symbol=DRREDDY/part-072324_508332-029769.parquet,real_data_sample\l2_unseen_validation\trade_date=2026-07-17\exchange=NSE\symbol=DRREDDY\part-072324_508332-029769.parquet,34913,downloaded,34913,
2026-07-17,NSE,DRREDDY,raw_l2/trade_date=2026-07-17/exchange=NSE/symbol=DRREDDY/part-072338_988790-029801.parquet,real_data_sample\l2_unseen_validation\trade_date=2026-07-17\exchange=NSE\symbol=DRREDDY\part-072338_988790-029801.parquet,35206,downloaded,35206,
2026-07-17,NSE,DRREDDY,raw_l2/trade_date=2026-07-17/exchange=NSE/symbol=DRREDDY/part-072353_297366-029833.parquet,real_data_sample\l2_unseen_validation\trade_date=2026-07-17\exchange=NSE\symbol=DRREDDY\part-072353_297366-029833.parquet,34963,downloaded,34963,
2026-07-17,NSE,DRREDDY,raw_l2/trade_date=2026-07-17/exchange=NSE/symbol=DRREDDY/part-072421_702654-029897.parquet,real_data_sample\l2_unseen_validation\trade_date=2026-07-17\exchange=NSE\symbol=DRREDDY\part-072421_702654-029897.parquet,35611,downloaded,35611,
2026-07-17,NSE,DRREDDY,raw_l2/trade_date=2026-07-17/exchange=NSE/symbol=DRREDDY/part-072407_510898-029865.parquet,real_data_sample\l2_unseen_validation\trade_date=2026-07-17\exchange=NSE\symbol=DRREDDY\part-072407_510898-029865.parquet,34763,downloaded,34763,
2026-07-17,NSE,DRREDDY,raw_l2/trade_date=2026-07-17/exchange=NSE/symbol=DRREDDY/part-072102_018717-029449.parquet,real_data_sample\l2_unseen_validation\trade_date=2026-07-17\exchange=NSE\symbol=DRREDDY\part-072102_018717-029449.parquet,34757,downloaded,34757,
2026-07-17,NSE,DRREDDY,raw_l2/trade_date=2026-07-17/exchange=NSE/symbol=DRREDDY/part-072450_292911-029961.parquet,real_data_sample\l2_unseen_validation\trade_date=2026-07-17\exchange=NSE\symbol=DRREDDY\part-072450_292911-029961.parquet,35900,downloaded,35900,
2026-07-17,NSE,DRREDDY,raw_l2/trade_date=2026-07-17/exchange=NSE/symbol=DRREDDY/part-072518_965857-030025.parquet,real_data_sample\l2_unseen_validation\trade_date=2026-07-17\exchange=NSE\symbol=DRREDDY\part-072518_965857-030025.parquet,35561,downloaded,35561,
2026-07-17,NSE,DRREDDY,raw_l2/trade_date=2026-07-17/exchange=NSE/symbol=DRREDDY/part-072504_903089-029993.parquet,real_data_sample\l2_unseen_validation\trade_date=2026-07-17\exchange=NSE\symbol=DRREDDY\part-072504_903089-029993.parquet,35828,downloaded,35828,
2026-07-17,NSE,DRREDDY,raw_l2/trade_date=2026-07-17/exchange=NSE/symbol=DRREDDY/part-072840_752761-030473.parquet,real_data_sample\l2_unseen_validation\trade_date=2026-07-17\exchange=NSE\symbol=DRREDDY\part-072840_752761-030473.parquet,34830,downloaded,34830,
2026-07-17,NSE,DRREDDY,raw_l2/trade_date=2026-07-17/exchange=NSE/symbol=DRREDDY/part-072658_537124-030249.parquet,real_data_sample\l2_unseen_validation\trade_date=2026-07-17\exchange=NSE\symbol=DRREDDY\part-072658_537124-030249.parquet,35226,downloaded,35226,
2026-07-17,NSE,DRREDDY,raw_l2/trade_date=2026-07-17/exchange=NSE/symbol=DRREDDY/part-072547_503967-030089.parquet,real_data_sample\l2_unseen_validation\trade_date=2026-07-17\exchange=NSE\symbol=DRREDDY\part-072547_503967-030089.parquet,35704,downloaded,35704,
2026-07-17,NSE,DRREDDY,raw_l2/trade_date=2026-07-17/exchange=NSE/symbol=DRREDDY/part-072924_900664-030569.parquet,real_data_sample\l2_unseen_validation\trade_date=2026-07-17\exchange=NSE\symbol=DRREDDY\part-072924_900664-030569.parquet,35724,downloaded,35724,
2026-07-17,NSE,DRREDDY,raw_l2/trade_date=2026-07-17/exchange=NSE/symbol=DRREDDY/part-072533_198402-030057.parquet,real_data_sample\l2_unseen_validation\trade_date=2026-07-17\exchange=NSE\symbol=DRREDDY\part-072533_198402-030057.parquet,35560,downloaded,35560,
2026-07-17,NSE,DRREDDY,raw_l2/trade_date=2026-07-17/exchange=NSE/symbol=DRREDDY/part-072615_642046-030153.parquet,real_data_sample\l2_unseen_validation\trade_date=2026-07-17\exchange=NSE\symbol=DRREDDY\part-072615_642046-030153.parquet,35721,downloaded,35721,
2026-07-17,NSE,DRREDDY,raw_l2/trade_date=2026-07-17/exchange=NSE/symbol=DRREDDY/part-072601_545202-030121.parquet,real_data_sample\l2_unseen_validation\trade_date=2026-07-17\exchange=NSE\symbol=DRREDDY\part-072601_545202-030121.parquet,35539,downloaded,35539,
2026-07-17,NSE,DRREDDY,raw_l2/trade_date=2026-07-17/exchange=NSE/symbol=DRREDDY/part-072727_528529-030313.parquet,real_data_sample\l2_unseen_validation\trade_date=2026-07-17\exchange=NSE\symbol=DRREDDY\part-072727_528529-030313.parquet,34684,downloaded,34684,
2026-07-17,NSE,DRREDDY,raw_l2/trade_date=2026-07-17/exchange=NSE/symbol=DRREDDY/part-072712_985994-030281.parquet,real_data_sample\l2_unseen_validation\trade_date=2026-07-17\exchange=NSE\symbol=DRREDDY\part-072712_985994-030281.parquet,35521,downloaded,35521,
2026-07-17,NSE,DRREDDY,raw_l2/trade_date=2026-07-17/exchange=NSE/symbol=DRREDDY/part-072629_878329-030185.parquet,real_data_sample\l2_unseen_validation\trade_date=2026-07-17\exchange=NSE\symbol=DRREDDY\part-072629_878329-030185.parquet,35649,downloaded,35649,
2026-07-17,NSE,DRREDDY,raw_l2/trade_date=2026-07-17/exchange=NSE/symbol=DRREDDY/part-072644_453370-030217.parquet,real_data_sample\l2_unseen_validation\trade_date=2026-07-17\exchange=NSE\symbol=DRREDDY\part-072644_453370-030217.parquet,35711,downloaded,35711,
2026-07-17,NSE,DRREDDY,raw_l2/trade_date=2026-07-17/exchange=NSE/symbol=DRREDDY/part-072855_534065-030505.parquet,real_data_sample\l2_unseen_validation\trade_date=2026-07-17\exchange=NSE\symbol=DRREDDY\part-072855_534065-030505.parquet,35151,downloaded,35151,
2026-07-17,NSE,DRREDDY,raw_l2/trade_date=2026-07-17/exchange=NSE/symbol=DRREDDY/part-072810_818939-030409.parquet,real_data_sample\l2_unseen_validation\trade_date=2026-07-17\exchange=NSE\symbol=DRREDDY\part-072810_818939-030409.parquet,34982,downloaded,34982,
2026-07-17,NSE,DRREDDY,raw_l2/trade_date=2026-07-17/exchange=NSE/symbol=DRREDDY/part-072910_137462-030537.parquet,real_data_sample\l2_unseen_validation\trade_date=2026-07-17\exchange=NSE\symbol=DRREDDY\part-072910_137462-030537.parquet,34939,downloaded,34939,
2026-07-17,NSE,DRREDDY,raw_l2/trade_date=2026-07-17/exchange=NSE/symbol=DRREDDY/part-072939_594445-030601.parquet,real_data_sample\l2_unseen_validation\trade_date=2026-07-17\exchange=NSE\symbol=DRREDDY\part-072939_594445-030601.parquet,35911,downloaded,35911,
2026-07-17,NSE,DRREDDY,raw_l2/trade_date=2026-07-17/exchange=NSE/symbol=DRREDDY/part-072741_829860-030345.parquet,real_data_sample\l2_unseen_validation\trade_date=2026-07-17\exchange=NSE\symbol=DRREDDY\part-072741_829860-030345.parquet,34957,downloaded,34957,
2026-07-17,NSE,DRREDDY,raw_l2/trade_date=2026-07-17/exchange=NSE/symbol=DRREDDY/part-072825_211806-030441.parquet,real_data_sample\l2_unseen_validation\trade_date=2026-07-17\exchange=NSE\symbol=DRREDDY\part-072825_211806-030441.parquet,34805,downloaded,34805,
2026-07-17,NSE,DRREDDY,raw_l2/trade_date=2026-07-17/exchange=NSE/symbol=DRREDDY/part-072756_266714-030377.parquet,real_data_sample\l2_unseen_validation\trade_date=2026-07-17\exchange=NSE\symbol=DRREDDY\part-072756_266714-030377.parquet,34896,downloaded,34896,
2026-07-17,NSE,DRREDDY,raw_l2/trade_date=2026-07-17/exchange=NSE/symbol=DRREDDY/part-073008_437032-030665.parquet,real_data_sample\l2_unseen_validation\trade_date=2026-07-17\exchange=NSE\symbol=DRREDDY\part-073008_437032-030665.parquet,35802,downloaded,35802,
2026-07-17,NSE,DRREDDY,raw_l2/trade_date=2026-07-17/exchange=NSE/symbol=DRREDDY/part-073036_952183-030729.parquet,real_data_sample\l2_unseen_validation\trade_date=2026-07-17\exchange=NSE\symbol=DRREDDY\part-073036_952183-030729.parquet,34699,downloaded,34699,
2026-07-17,NSE,DRREDDY,raw_l2/trade_date=2026-07-17/exchange=NSE/symbol=DRREDDY/part-073022_741052-030697.parquet,real_data_sample\l2_unseen_validation\trade_date=2026-07-17\exchange=NSE\symbol=DRREDDY\part-073022_741052-030697.parquet,34923,downloaded,34923,
2026-07-17,NSE,DRREDDY,raw_l2/trade_date=2026-07-17/exchange=NSE/symbol=DRREDDY/part-072954_081609-030633.parquet,real_data_sample\l2_unseen_validation\trade_date=2026-07-17\exchange=NSE\symbol=DRREDDY\part-072954_081609-030633.parquet,35793,downloaded,35793,
2026-07-17,NSE,DRREDDY,raw_l2/trade_date=2026-07-17/exchange=NSE/symbol=DRREDDY/part-073051_256419-030761.parquet,real_data_sample\l2_unseen_validation\trade_date=2026-07-17\exchange=NSE\symbol=DRREDDY\part-073051_256419-030761.parquet,34981,downloaded,34981,
2026-07-17,NSE,DRREDDY,raw_l2/trade_date=2026-07-17/exchange=NSE/symbol=DRREDDY/part-072436_010518-029929.parquet,real_data_sample\l2_unseen_validation\trade_date=2026-07-17\exchange=NSE\symbol=DRREDDY\part-072436_010518-029929.parquet,35650,downloaded,35650,
2026-07-17,NSE,DRREDDY,raw_l2/trade_date=2026-07-17/exchange=NSE/symbol=DRREDDY/part-073105_832286-030793.parquet,real_data_sample\l2_unseen_validation\trade_date=2026-07-17\exchange=NSE\symbol=DRREDDY\part-073105_832286-030793.parquet,35100,downloaded,35100,
2026-07-17,NSE,DRREDDY,raw_l2/trade_date=2026-07-17/exchange=NSE/symbol=DRREDDY/part-073134_236668-030857.parquet,real_data_sample\l2_unseen_validation\trade_date=2026-07-17\exchange=NSE\symbol=DRREDDY\part-073134_236668-030857.parquet,34890,downloaded,34890,
2026-07-17,NSE,DRREDDY,raw_l2/trade_date=2026-07-17/exchange=NSE/symbol=DRREDDY/part-073120_214418-030825.parquet,real_data_sample\l2_unseen_validation\trade_date=2026-07-17\exchange=NSE\symbol=DRREDDY\part-073120_214418-030825.parquet,34722,downloaded,34722,
2026-07-17,NSE,DRREDDY,raw_l2/trade_date=2026-07-17/exchange=NSE/symbol=DRREDDY/part-073148_756110-030889.parquet,real_data_sample\l2_unseen_validation\trade_date=2026-07-17\exchange=NSE\symbol=DRREDDY\part-073148_756110-030889.parquet,34732,downloaded,34732,
2026-07-17,NSE,DRREDDY,raw_l2/trade_date=2026-07-17/exchange=NSE/symbol=DRREDDY/part-073217_190750-030953.parquet,real_data_sample\l2_unseen_validation\trade_date=2026-07-17\exchange=NSE\symbol=DRREDDY\part-073217_190750-030953.parquet,34569,downloaded,34569,
2026-07-17,NSE,DRREDDY,raw_l2/trade_date=2026-07-17/exchange=NSE/symbol=DRREDDY/part-073410_967507-031209.parquet,real_data_sample\l2_unseen_validation\trade_date=2026-07-17\exchange=NSE\symbol=DRREDDY\part-073410_967507-031209.parquet,34796,downloaded,34796,
2026-07-17,NSE,DRREDDY,raw_l2/trade_date=2026-07-17/exchange=NSE/symbol=DRREDDY/part-073342_707579-031145.parquet,real_data_sample\l2_unseen_validation\trade_date=2026-07-17\exchange=NSE\symbol=DRREDDY\part-073342_707579-031145.parquet,34905,downloaded,34905,
2026-07-17,NSE,DRREDDY,raw_l2/trade_date=2026-07-17/exchange=NSE/symbol=DRREDDY/part-073425_262084-031241.parquet,real_data_sample\l2_unseen_validation\trade_date=2026-07-17\exchange=NSE\symbol=DRREDDY\part-073425_262084-031241.parquet,34606,downloaded,34606,
2026-07-17,NSE,DRREDDY,raw_l2/trade_date=2026-07-17/exchange=NSE/symbol=DRREDDY/part-073619_104042-031497.parquet,real_data_sample\l2_unseen_validation\trade_date=2026-07-17\exchange=NSE\symbol=DRREDDY\part-073619_104042-031497.parquet,34768,downloaded,34768,
2026-07-17,NSE,DRREDDY,raw_l2/trade_date=2026-07-17/exchange=NSE/symbol=DRREDDY/part-073439_562198-031273.parquet,real_data_sample\l2_unseen_validation\trade_date=2026-07-17\exchange=NSE\symbol=DRREDDY\part-073439_562198-031273.parquet,34930,downloaded,34930,
2026-07-17,NSE,DRREDDY,raw_l2/trade_date=2026-07-17/exchange=NSE/symbol=DRREDDY/part-073550_727749-031433.parquet,real_data_sample\l2_unseen_validation\trade_date=2026-07-17\exchange=NSE\symbol=DRREDDY\part-073550_727749-031433.parquet,34934,downloaded,34934,
2026-07-17,NSE,DRREDDY,raw_l2/trade_date=2026-07-17/exchange=NSE/symbol=DRREDDY/part-073508_061636-031337.parquet,real_data_sample\l2_unseen_validation\trade_date=2026-07-17\exchange=NSE\symbol=DRREDDY\part-073508_061636-031337.parquet,35039,downloaded,35039,
2026-07-17,NSE,DRREDDY,raw_l2/trade_date=2026-07-17/exchange=NSE/symbol=DRREDDY/part-073314_019420-031081.parquet,real_data_sample\l2_unseen_validation\trade_date=2026-07-17\exchange=NSE\symbol=DRREDDY\part-073314_019420-031081.parquet,34894,downloaded,34894,
2026-07-17,NSE,DRREDDY,raw_l2/trade_date=2026-07-17/exchange=NSE/symbol=DRREDDY/part-073701_993580-031593.parquet,real_data_sample\l2_unseen_validation\trade_date=2026-07-17\exchange=NSE\symbol=DRREDDY\part-073701_993580-031593.parquet,34750,downloaded,34750,
2026-07-17,NSE,DRREDDY,raw_l2/trade_date=2026-07-17/exchange=NSE/symbol=DRREDDY/part-073259_771519-031049.parquet,real_data_sample\l2_unseen_validation\trade_date=2026-07-17\exchange=NSE\symbol=DRREDDY\part-073259_771519-031049.parquet,35014,downloaded,35014,
2026-07-17,NSE,DRREDDY,raw_l2/trade_date=2026-07-17/exchange=NSE/symbol=DRREDDY/part-073356_755334-031177.parquet,real_data_sample\l2_unseen_validation\trade_date=2026-07-17\exchange=NSE\symbol=DRREDDY\part-073356_755334-031177.parquet,34939,downloaded,34939,
2026-07-17,NSE,DRREDDY,raw_l2/trade_date=2026-07-17/exchange=NSE/symbol=DRREDDY/part-073729_958127-031657.parquet,real_data_sample\l2_unseen_validation\trade_date=2026-07-17\exchange=NSE\symbol=DRREDDY\part-073729_958127-031657.parquet,34941,downloaded,34941,
2026-07-17,NSE,DRREDDY,raw_l2/trade_date=2026-07-17/exchange=NSE/symbol=DRREDDY/part-073633_489592-031529.parquet,real_data_sample\l2_unseen_validation\trade_date=2026-07-17\exchange=NSE\symbol=DRREDDY\part-073633_489592-031529.parquet,34756,downloaded,34756,
2026-07-17,NSE,DRREDDY,raw_l2/trade_date=2026-07-17/exchange=NSE/symbol=DRREDDY/part-073647_720516-031561.parquet,real_data_sample\l2_unseen_validation\trade_date=2026-07-17\exchange=NSE\symbol=DRREDDY\part-073647_720516-031561.parquet,34808,downloaded,34808,
2026-07-17,NSE,DRREDDY,raw_l2/trade_date=2026-07-17/exchange=NSE/symbol=DRREDDY/part-073245_498566-031017.parquet,real_data_sample\l2_unseen_validation\trade_date=2026-07-17\exchange=NSE\symbol=DRREDDY\part-073245_498566-031017.parquet,34758,downloaded,34758,
2026-07-17,NSE,DRREDDY,raw_l2/trade_date=2026-07-17/exchange=NSE/symbol=DRREDDY/part-073328_337045-031113.parquet,real_data_sample\l2_unseen_validation\trade_date=2026-07-17\exchange=NSE\symbol=DRREDDY\part-073328_337045-031113.parquet,34984,downloaded,34984,
2026-07-17,NSE,DRREDDY,raw_l2/trade_date=2026-07-17/exchange=NSE/symbol=DRREDDY/part-073715_961772-031625.parquet,real_data_sample\l2_unseen_validation\trade_date=2026-07-17\exchange=NSE\symbol=DRREDDY\part-073715_961772-031625.parquet,34882,downloaded,34882,
2026-07-17,NSE,DRREDDY,raw_l2/trade_date=2026-07-17/exchange=NSE/symbol=DRREDDY/part-073453_935301-031305.parquet,real_data_sample\l2_unseen_validation\trade_date=2026-07-17\exchange=NSE\symbol=DRREDDY\part-073453_935301-031305.parquet,34761,downloaded,34761,
2026-07-17,NSE,DRREDDY,raw_l2/trade_date=2026-07-17/exchange=NSE/symbol=DRREDDY/part-073826_280422-031785.parquet,real_data_sample\l2_unseen_validation\trade_date=2026-07-17\exchange=NSE\symbol=DRREDDY\part-073826_280422-031785.parquet,35006,downloaded,35006,
2026-07-17,NSE,DRREDDY,raw_l2/trade_date=2026-07-17/exchange=NSE/symbol=DRREDDY/part-073231_268465-030985.parquet,real_data_sample\l2_unseen_validation\trade_date=2026-07-17\exchange=NSE\symbol=DRREDDY\part-073231_268465-030985.parquet,34935,downloaded,34935,
2026-07-17,NSE,DRREDDY,raw_l2/trade_date=2026-07-17/exchange=NSE/symbol=DRREDDY/part-073522_220197-031369.parquet,real_data_sample\l2_unseen_validation\trade_date=2026-07-17\exchange=NSE\symbol=DRREDDY\part-073522_220197-031369.parquet,34947,downloaded,34947,
2026-07-17,NSE,DRREDDY,raw_l2/trade_date=2026-07-17/exchange=NSE/symbol=DRREDDY/part-073604_769352-031465.parquet,real_data_sample\l2_unseen_validation\trade_date=2026-07-17\exchange=NSE\symbol=DRREDDY\part-073604_769352-031465.parquet,34959,downloaded,34959,
2026-07-17,NSE,DRREDDY,raw_l2/trade_date=2026-07-17/exchange=NSE/symbol=DRREDDY/part-073757_937776-031721.parquet,real_data_sample\l2_unseen_validation\trade_date=2026-07-17\exchange=NSE\symbol=DRREDDY\part-073757_937776-031721.parquet,34886,downloaded,34886,
2026-07-17,NSE,DRREDDY,raw_l2/trade_date=2026-07-17/exchange=NSE/symbol=DRREDDY/part-073840_401591-031817.parquet,real_data_sample\l2_unseen_validation\trade_date=2026-07-17\exchange=NSE\symbol=DRREDDY\part-073840_401591-031817.parquet,34950,downloaded,34950,
2026-07-17,NSE,DRREDDY,raw_l2/trade_date=2026-07-17/exchange=NSE/symbol=DRREDDY/part-073203_034369-030921.parquet,real_data_sample\l2_unseen_validation\trade_date=2026-07-17\exchange=NSE\symbol=DRREDDY\part-073203_034369-030921.parquet,35048,downloaded,35048,
2026-07-17,NSE,DRREDDY,raw_l2/trade_date=2026-07-17/exchange=NSE/symbol=DRREDDY/part-073854_372681-031849.parquet,real_data_sample\l2_unseen_validation\trade_date=2026-07-17\exchange=NSE\symbol=DRREDDY\part-073854_372681-031849.parquet,34819,downloaded,34819,
2026-07-17,NSE,DRREDDY,raw_l2/trade_date=2026-07-17/exchange=NSE/symbol=DRREDDY/part-073812_163145-031753.parquet,real_data_sample\l2_unseen_validation\trade_date=2026-07-17\exchange=NSE\symbol=DRREDDY\part-073812_163145-031753.parquet,34731,downloaded,34731,
2026-07-17,NSE,DRREDDY,raw_l2/trade_date=2026-07-17/exchange=NSE/symbol=DRREDDY/part-073908_972067-031881.parquet,real_data_sample\l2_unseen_validation\trade_date=2026-07-17\exchange=NSE\symbol=DRREDDY\part-073908_972067-031881.parquet,34832,downloaded,34832,
2026-07-17,NSE,DRREDDY,raw_l2/trade_date=2026-07-17/exchange=NSE/symbol=DRREDDY/part-073743_930650-031689.parquet,real_data_sample\l2_unseen_validation\trade_date=2026-07-17\exchange=NSE\symbol=DRREDDY\part-073743_930650-031689.parquet,34738,downloaded,34738,
2026-07-17,NSE,DRREDDY,raw_l2/trade_date=2026-07-17/exchange=NSE/symbol=DRREDDY/part-073922_925270-031913.parquet,real_data_sample\l2_unseen_validation\trade_date=2026-07-17\exchange=NSE\symbol=DRREDDY\part-073922_925270-031913.parquet,34842,downloaded,34842,
2026-07-17,NSE,DRREDDY,raw_l2/trade_date=2026-07-17/exchange=NSE/symbol=DRREDDY/part-073536_547593-031401.parquet,real_data_sample\l2_unseen_validation\trade_date=2026-07-17\exchange=NSE\symbol=DRREDDY\part-073536_547593-031401.parquet,34941,downloaded,34941,
2026-07-17,NSE,DRREDDY,raw_l2/trade_date=2026-07-17/exchange=NSE/symbol=DRREDDY/part-073936_933199-031945.parquet,real_data_sample\l2_unseen_validation\trade_date=2026-07-17\exchange=NSE\symbol=DRREDDY\part-073936_933199-031945.parquet,34630,downloaded,34630,
2026-07-17,NSE,DRREDDY,raw_l2/trade_date=2026-07-17/exchange=NSE/symbol=DRREDDY/part-074158_196314-032265.parquet,real_data_sample\l2_unseen_validation\trade_date=2026-07-17\exchange=NSE\symbol=DRREDDY\part-074158_196314-032265.parquet,34970,downloaded,34970,
2026-07-17,NSE,DRREDDY,raw_l2/trade_date=2026-07-17/exchange=NSE/symbol=DRREDDY/part-074129_944719-032201.parquet,real_data_sample\l2_unseen_validation\trade_date=2026-07-17\exchange=NSE\symbol=DRREDDY\part-074129_944719-032201.parquet,35043,downloaded,35043,
2026-07-17,NSE,DRREDDY,raw_l2/trade_date=2026-07-17/exchange=NSE/symbol=DRREDDY/part-074101_718593-032137.parquet,real_data_sample\l2_unseen_validation\trade_date=2026-07-17\exchange=NSE\symbol=DRREDDY\part-074101_718593-032137.parquet,34750,downloaded,34750,
2026-07-17,NSE,DRREDDY,raw_l2/trade_date=2026-07-17/exchange=NSE/symbol=DRREDDY/part-074115_911116-032169.parquet,real_data_sample\l2_unseen_validation\trade_date=2026-07-17\exchange=NSE\symbol=DRREDDY\part-074115_911116-032169.parquet,34611,downloaded,34611,
2026-07-17,NSE,DRREDDY,raw_l2/trade_date=2026-07-17/exchange=NSE/symbol=DRREDDY/part-074640_822473-032905.parquet,real_data_sample\l2_unseen_validation\trade_date=2026-07-17\exchange=NSE\symbol=DRREDDY\part-074640_822473-032905.parquet,34684,downloaded,34684,
2026-07-17,NSE,DRREDDY,raw_l2/trade_date=2026-07-17/exchange=NSE/symbol=DRREDDY/part-074322_146174-032457.parquet,real_data_sample\l2_unseen_validation\trade_date=2026-07-17\exchange=NSE\symbol=DRREDDY\part-074322_146174-032457.parquet,34650,downloaded,34650,
2026-07-17,NSE,DRREDDY,raw_l2/trade_date=2026-07-17/exchange=NSE/symbol=DRREDDY/part-074515_451491-032713.parquet,real_data_sample\l2_unseen_validation\trade_date=2026-07-17\exchange=NSE\symbol=DRREDDY\part-074515_451491-032713.parquet,34757,downloaded,34757,
2026-07-17,NSE,DRREDDY,raw_l2/trade_date=2026-07-17/exchange=NSE/symbol=DRREDDY/part-074144_156801-032233.parquet,real_data_sample\l2_unseen_validation\trade_date=2026-07-17\exchange=NSE\symbol=DRREDDY\part-074144_156801-032233.parquet,34694,downloaded,34694,
2026-07-17,NSE,DRREDDY,raw_l2/trade_date=2026-07-17/exchange=NSE/symbol=DRREDDY/part-074543_697572-032777.parquet,real_data_sample\l2_unseen_validation\trade_date=2026-07-17\exchange=NSE\symbol=DRREDDY\part-074543_697572-032777.parquet,34979,downloaded,34979,
2026-07-17,NSE,DRREDDY,raw_l2/trade_date=2026-07-17/exchange=NSE/symbol=DRREDDY/part-074350_542641-032521.parquet,real_data_sample\l2_unseen_validation\trade_date=2026-07-17\exchange=NSE\symbol=DRREDDY\part-074350_542641-032521.parquet,34675,downloaded,34675,
2026-07-17,NSE,DRREDDY,raw_l2/trade_date=2026-07-17/exchange=NSE/symbol=DRREDDY/part-074336_253647-032489.parquet,real_data_sample\l2_unseen_validation\trade_date=2026-07-17\exchange=NSE\symbol=DRREDDY\part-074336_253647-032489.parquet,34689,downloaded,34689,
2026-07-17,NSE,DRREDDY,raw_l2/trade_date=2026-07-17/exchange=NSE/symbol=DRREDDY/part-074308_189350-032425.parquet,real_data_sample\l2_unseen_validation\trade_date=2026-07-17\exchange=NSE\symbol=DRREDDY\part-074308_189350-032425.parquet,34847,downloaded,34847,
2026-07-17,NSE,DRREDDY,raw_l2/trade_date=2026-07-17/exchange=NSE/symbol=DRREDDY/part-074626_463822-032873.parquet,real_data_sample\l2_unseen_validation\trade_date=2026-07-17\exchange=NSE\symbol=DRREDDY\part-074626_463822-032873.parquet,34904,downloaded,34904,
2026-07-17,NSE,DRREDDY,raw_l2/trade_date=2026-07-17/exchange=NSE/symbol=DRREDDY/part-074419_201526-032585.parquet,real_data_sample\l2_unseen_validation\trade_date=2026-07-17\exchange=NSE\symbol=DRREDDY\part-074419_201526-032585.parquet,34887,downloaded,34887,
2026-07-17,NSE,DRREDDY,raw_l2/trade_date=2026-07-17/exchange=NSE/symbol=DRREDDY/part-074405_164921-032553.parquet,real_data_sample\l2_unseen_validation\trade_date=2026-07-17\exchange=NSE\symbol=DRREDDY\part-074405_164921-032553.parquet,34691,downloaded,34691,
2026-07-17,NSE,DRREDDY,raw_l2/trade_date=2026-07-17/exchange=NSE/symbol=DRREDDY/part-074254_160925-032393.parquet,real_data_sample\l2_unseen_validation\trade_date=2026-07-17\exchange=NSE\symbol=DRREDDY\part-074254_160925-032393.parquet,34913,downloaded,34913,
2026-07-17,NSE,DRREDDY,raw_l2/trade_date=2026-07-17/exchange=NSE/symbol=DRREDDY/part-074447_172832-032649.parquet,real_data_sample\l2_unseen_validation\trade_date=2026-07-17\exchange=NSE\symbol=DRREDDY\part-074447_172832-032649.parquet,34748,downloaded,34748,
2026-07-17,NSE,DRREDDY,raw_l2/trade_date=2026-07-17/exchange=NSE/symbol=DRREDDY/part-074612_299701-032841.parquet,real_data_sample\l2_unseen_validation\trade_date=2026-07-17\exchange=NSE\symbol=DRREDDY\part-074612_299701-032841.parquet,34962,downloaded,34962,
2026-07-17,NSE,DRREDDY,raw_l2/trade_date=2026-07-17/exchange=NSE/symbol=DRREDDY/part-074501_197730-032681.parquet,real_data_sample\l2_unseen_validation\trade_date=2026-07-17\exchange=NSE\symbol=DRREDDY\part-074501_197730-032681.parquet,34982,downloaded,34982,
2026-07-17,NSE,DRREDDY,raw_l2/trade_date=2026-07-17/exchange=NSE/symbol=DRREDDY/part-074654_937016-032937.parquet,real_data_sample\l2_unseen_validation\trade_date=2026-07-17\exchange=NSE\symbol=DRREDDY\part-074654_937016-032937.parquet,34783,downloaded,34783,
2026-07-17,NSE,DRREDDY,raw_l2/trade_date=2026-07-17/exchange=NSE/symbol=DRREDDY/part-074708_998237-032969.parquet,real_data_sample\l2_unseen_validation\trade_date=2026-07-17\exchange=NSE\symbol=DRREDDY\part-074708_998237-032969.parquet,35067,downloaded,35067,
2026-07-17,NSE,DRREDDY,raw_l2/trade_date=2026-07-17/exchange=NSE/symbol=DRREDDY/part-073950_955992-031977.parquet,real_data_sample\l2_unseen_validation\trade_date=2026-07-17\exchange=NSE\symbol=DRREDDY\part-073950_955992-031977.parquet,34662,downloaded,34662,
2026-07-17,NSE,DRREDDY,raw_l2/trade_date=2026-07-17/exchange=NSE/symbol=DRREDDY/part-074557_738176-032809.parquet,real_data_sample\l2_unseen_validation\trade_date=2026-07-17\exchange=NSE\symbol=DRREDDY\part-074557_738176-032809.parquet,34862,downloaded,34862,
2026-07-17,NSE,DRREDDY,raw_l2/trade_date=2026-07-17/exchange=NSE/symbol=DRREDDY/part-074047_681635-032105.parquet,real_data_sample\l2_unseen_validation\trade_date=2026-07-17\exchange=NSE\symbol=DRREDDY\part-074047_681635-032105.parquet,34774,downloaded,34774,
2026-07-17,NSE,DRREDDY,raw_l2/trade_date=2026-07-17/exchange=NSE/symbol=DRREDDY/part-074033_446584-032073.parquet,real_data_sample\l2_unseen_validation\trade_date=2026-07-17\exchange=NSE\symbol=DRREDDY\part-074033_446584-032073.parquet,34858,downloaded,34858,
2026-07-17,NSE,DRREDDY,raw_l2/trade_date=2026-07-17/exchange=NSE/symbol=DRREDDY/part-074005_188058-032009.parquet,real_data_sample\l2_unseen_validation\trade_date=2026-07-17\exchange=NSE\symbol=DRREDDY\part-074005_188058-032009.parquet,34991,downloaded,34991,
2026-07-17,NSE,DRREDDY,raw_l2/trade_date=2026-07-17/exchange=NSE/symbol=DRREDDY/part-074240_075162-032361.parquet,real_data_sample\l2_unseen_validation\trade_date=2026-07-17\exchange=NSE\symbol=DRREDDY\part-074240_075162-032361.parquet,34985,downloaded,34985,
2026-07-17,NSE,DRREDDY,raw_l2/trade_date=2026-07-17/exchange=NSE/symbol=DRREDDY/part-074019_506466-032041.parquet,real_data_sample\l2_unseen_validation\trade_date=2026-07-17\exchange=NSE\symbol=DRREDDY\part-074019_506466-032041.parquet,34759,downloaded,34759,
2026-07-17,NSE,DRREDDY,raw_l2/trade_date=2026-07-17/exchange=NSE/symbol=DRREDDY/part-074212_205036-032297.parquet,real_data_sample\l2_unseen_validation\trade_date=2026-07-17\exchange=NSE\symbol=DRREDDY\part-074212_205036-032297.parquet,34823,downloaded,34823,
2026-07-17,NSE,DRREDDY,raw_l2/trade_date=2026-07-17/exchange=NSE/symbol=DRREDDY/part-074226_147842-032329.parquet,real_data_sample\l2_unseen_validation\trade_date=2026-07-17\exchange=NSE\symbol=DRREDDY\part-074226_147842-032329.parquet,34965,downloaded,34965,
2026-07-17,NSE,DRREDDY,raw_l2/trade_date=2026-07-17/exchange=NSE/symbol=DRREDDY/part-074433_196263-032617.parquet,real_data_sample\l2_unseen_validation\trade_date=2026-07-17\exchange=NSE\symbol=DRREDDY\part-074433_196263-032617.parquet,34815,downloaded,34815,
2026-07-17,NSE,DRREDDY,raw_l2/trade_date=2026-07-17/exchange=NSE/symbol=DRREDDY/part-074529_708967-032745.parquet,real_data_sample\l2_unseen_validation\trade_date=2026-07-17\exchange=NSE\symbol=DRREDDY\part-074529_708967-032745.parquet,34921,downloaded,34921,
2026-07-17,NSE,DRREDDY,raw_l2/trade_date=2026-07-17/exchange=NSE/symbol=DRREDDY/part-074737_416121-033033.parquet,real_data_sample\l2_unseen_validation\trade_date=2026-07-17\exchange=NSE\symbol=DRREDDY\part-074737_416121-033033.parquet,34925,downloaded,34925,
2026-07-17,NSE,DRREDDY,raw_l2/trade_date=2026-07-17/exchange=NSE/symbol=DRREDDY/part-074805_451105-033097.parquet,real_data_sample\l2_unseen_validation\trade_date=2026-07-17\exchange=NSE\symbol=DRREDDY\part-074805_451105-033097.parquet,35000,downloaded,35000,
2026-07-17,NSE,DRREDDY,raw_l2/trade_date=2026-07-17/exchange=NSE/symbol=DRREDDY/part-074916_171982-033257.parquet,real_data_sample\l2_unseen_validation\trade_date=2026-07-17\exchange=NSE\symbol=DRREDDY\part-074916_171982-033257.parquet,34883,downloaded,34883,
2026-07-17,NSE,DRREDDY,raw_l2/trade_date=2026-07-17/exchange=NSE/symbol=DRREDDY/part-074930_150269-033289.parquet,real_data_sample\l2_unseen_validation\trade_date=2026-07-17\exchange=NSE\symbol=DRREDDY\part-074930_150269-033289.parquet,34943,downloaded,34943,
2026-07-17,NSE,DRREDDY,raw_l2/trade_date=2026-07-17/exchange=NSE/symbol=DRREDDY/part-074901_983640-033225.parquet,real_data_sample\l2_unseen_validation\trade_date=2026-07-17\exchange=NSE\symbol=DRREDDY\part-074901_983640-033225.parquet,34973,downloaded,34973,
2026-07-17,NSE,DRREDDY,raw_l2/trade_date=2026-07-17/exchange=NSE/symbol=DRREDDY/part-074847_757613-033193.parquet,real_data_sample\l2_unseen_validation\trade_date=2026-07-17\exchange=NSE\symbol=DRREDDY\part-074847_757613-033193.parquet,34778,downloaded,34778,
2026-07-17,NSE,DRREDDY,raw_l2/trade_date=2026-07-17/exchange=NSE/symbol=DRREDDY/part-074944_174794-033321.parquet,real_data_sample\l2_unseen_validation\trade_date=2026-07-17\exchange=NSE\symbol=DRREDDY\part-074944_174794-033321.parquet,34925,downloaded,34925,
2026-07-17,NSE,DRREDDY,raw_l2/trade_date=2026-07-17/exchange=NSE/symbol=DRREDDY/part-075220_442411-033673.parquet,real_data_sample\l2_unseen_validation\trade_date=2026-07-17\exchange=NSE\symbol=DRREDDY\part-075220_442411-033673.parquet,34918,downloaded,34918,
2026-07-17,NSE,DRREDDY,raw_l2/trade_date=2026-07-17/exchange=NSE/symbol=DRREDDY/part-075248_551486-033737.parquet,real_data_sample\l2_unseen_validation\trade_date=2026-07-17\exchange=NSE\symbol=DRREDDY\part-075248_551486-033737.parquet,34769,downloaded,34769,
2026-07-17,NSE,DRREDDY,raw_l2/trade_date=2026-07-17/exchange=NSE/symbol=DRREDDY/part-075317_517771-033801.parquet,real_data_sample\l2_unseen_validation\trade_date=2026-07-17\exchange=NSE\symbol=DRREDDY\part-075317_517771-033801.parquet,34733,downloaded,34733,
2026-07-17,NSE,DRREDDY,raw_l2/trade_date=2026-07-17/exchange=NSE/symbol=DRREDDY/part-074958_181153-033353.parquet,real_data_sample\l2_unseen_validation\trade_date=2026-07-17\exchange=NSE\symbol=DRREDDY\part-074958_181153-033353.parquet,34862,downloaded,34862,
2026-07-17,NSE,DRREDDY,raw_l2/trade_date=2026-07-17/exchange=NSE/symbol=DRREDDY/part-075026_721554-033417.parquet,real_data_sample\l2_unseen_validation\trade_date=2026-07-17\exchange=NSE\symbol=DRREDDY\part-075026_721554-033417.parquet,34803,downloaded,34803,
2026-07-17,NSE,DRREDDY,raw_l2/trade_date=2026-07-17/exchange=NSE/symbol=DRREDDY/part-075012_176557-033385.parquet,real_data_sample\l2_unseen_validation\trade_date=2026-07-17\exchange=NSE\symbol=DRREDDY\part-075012_176557-033385.parquet,34865,downloaded,34865,
2026-07-17,NSE,DRREDDY,raw_l2/trade_date=2026-07-17/exchange=NSE/symbol=DRREDDY/part-075206_247347-033641.parquet,real_data_sample\l2_unseen_validation\trade_date=2026-07-17\exchange=NSE\symbol=DRREDDY\part-075206_247347-033641.parquet,35472,downloaded,35472,
2026-07-17,NSE,DRREDDY,raw_l2/trade_date=2026-07-17/exchange=NSE/symbol=DRREDDY/part-075055_408035-033481.parquet,real_data_sample\l2_unseen_validation\trade_date=2026-07-17\exchange=NSE\symbol=DRREDDY\part-075055_408035-033481.parquet,34997,downloaded,34997,
2026-07-17,NSE,DRREDDY,raw_l2/trade_date=2026-07-17/exchange=NSE/symbol=DRREDDY/part-075041_410851-033449.parquet,real_data_sample\l2_unseen_validation\trade_date=2026-07-17\exchange=NSE\symbol=DRREDDY\part-075041_410851-033449.parquet,34955,downloaded,34955,
2026-07-17,NSE,DRREDDY,raw_l2/trade_date=2026-07-17/exchange=NSE/symbol=DRREDDY/part-075303_307910-033769.parquet,real_data_sample\l2_unseen_validation\trade_date=2026-07-17\exchange=NSE\symbol=DRREDDY\part-075303_307910-033769.parquet,34959,downloaded,34959,
2026-07-17,NSE,DRREDDY,raw_l2/trade_date=2026-07-17/exchange=NSE/symbol=DRREDDY/part-075109_370616-033513.parquet,real_data_sample\l2_unseen_validation\trade_date=2026-07-17\exchange=NSE\symbol=DRREDDY\part-075109_370616-033513.parquet,35072,downloaded,35072,
2026-07-17,NSE,DRREDDY,raw_l2/trade_date=2026-07-17/exchange=NSE/symbol=DRREDDY/part-075359_501042-033897.parquet,real_data_sample\l2_unseen_validation\trade_date=2026-07-17\exchange=NSE\symbol=DRREDDY\part-075359_501042-033897.parquet,35005,downloaded,35005,
2026-07-17,NSE,DRREDDY,raw_l2/trade_date=2026-07-17/exchange=NSE/symbol=DRREDDY/part-075123_406180-033545.parquet,real_data_sample\l2_unseen_validation\trade_date=2026-07-17\exchange=NSE\symbol=DRREDDY\part-075123_406180-033545.parquet,35816,downloaded,35816,
2026-07-17,NSE,DRREDDY,raw_l2/trade_date=2026-07-17/exchange=NSE/symbol=DRREDDY/part-075345_454593-033865.parquet,real_data_sample\l2_unseen_validation\trade_date=2026-07-17\exchange=NSE\symbol=DRREDDY\part-075345_454593-033865.parquet,34985,downloaded,34985,
2026-07-17,NSE,DRREDDY,raw_l2/trade_date=2026-07-17/exchange=NSE/symbol=DRREDDY/part-075137_503954-033577.parquet,real_data_sample\l2_unseen_validation\trade_date=2026-07-17\exchange=NSE\symbol=DRREDDY\part-075137_503954-033577.parquet,35444,downloaded,35444,
2026-07-17,NSE,DRREDDY,raw_l2/trade_date=2026-07-17/exchange=NSE/symbol=DRREDDY/part-075331_529515-033833.parquet,real_data_sample\l2_unseen_validation\trade_date=2026-07-17\exchange=NSE\symbol=DRREDDY\part-075331_529515-033833.parquet,34895,downloaded,34895,
2026-07-17,NSE,DRREDDY,raw_l2/trade_date=2026-07-17/exchange=NSE/symbol=DRREDDY/part-075234_549324-033705.parquet,real_data_sample\l2_unseen_validation\trade_date=2026-07-17\exchange=NSE\symbol=DRREDDY\part-075234_549324-033705.parquet,34693,downloaded,34693,
2026-07-17,NSE,DRREDDY,raw_l2/trade_date=2026-07-17/exchange=NSE/symbol=DRREDDY/part-075151_696829-033609.parquet,real_data_sample\l2_unseen_validation\trade_date=2026-07-17\exchange=NSE\symbol=DRREDDY\part-075151_696829-033609.parquet,35759,downloaded,35759,
2026-07-17,NSE,DRREDDY,raw_l2/trade_date=2026-07-17/exchange=NSE/symbol=DRREDDY/part-075413_743886-033929.parquet,real_data_sample\l2_unseen_validation\trade_date=2026-07-17\exchange=NSE\symbol=DRREDDY\part-075413_743886-033929.parquet,34738,downloaded,34738,
2026-07-17,NSE,DRREDDY,raw_l2/trade_date=2026-07-17/exchange=NSE/symbol=DRREDDY/part-075427_720946-033961.parquet,real_data_sample\l2_unseen_validation\trade_date=2026-07-17\exchange=NSE\symbol=DRREDDY\part-075427_720946-033961.parquet,34646,downloaded,34646,
2026-07-17,NSE,DRREDDY,raw_l2/trade_date=2026-07-17/exchange=NSE/symbol=DRREDDY/part-075441_809153-033993.parquet,real_data_sample\l2_unseen_validation\trade_date=2026-07-17\exchange=NSE\symbol=DRREDDY\part-075441_809153-033993.parquet,34828,downloaded,34828,
2026-07-17,NSE,DRREDDY,raw_l2/trade_date=2026-07-17/exchange=NSE/symbol=DRREDDY/part-075634_781575-034249.parquet,real_data_sample\l2_unseen_validation\trade_date=2026-07-17\exchange=NSE\symbol=DRREDDY\part-075634_781575-034249.parquet,34857,downloaded,34857,
2026-07-17,NSE,DRREDDY,raw_l2/trade_date=2026-07-17/exchange=NSE/symbol=DRREDDY/part-075606_280094-034185.parquet,real_data_sample\l2_unseen_validation\trade_date=2026-07-17\exchange=NSE\symbol=DRREDDY\part-075606_280094-034185.parquet,34836,downloaded,34836,
2026-07-17,NSE,DRREDDY,raw_l2/trade_date=2026-07-17/exchange=NSE/symbol=DRREDDY/part-075620_547694-034217.parquet,real_data_sample\l2_unseen_validation\trade_date=2026-07-17\exchange=NSE\symbol=DRREDDY\part-075620_547694-034217.parquet,35026,downloaded,35026,
2026-07-17,NSE,DRREDDY,raw_l2/trade_date=2026-07-17/exchange=NSE/symbol=DRREDDY/part-075510_255276-034057.parquet,real_data_sample\l2_unseen_validation\trade_date=2026-07-17\exchange=NSE\symbol=DRREDDY\part-075510_255276-034057.parquet,34914,downloaded,34914,
2026-07-17,NSE,DRREDDY,raw_l2/trade_date=2026-07-17/exchange=NSE/symbol=DRREDDY/part-075524_273950-034089.parquet,real_data_sample\l2_unseen_validation\trade_date=2026-07-17\exchange=NSE\symbol=DRREDDY\part-075524_273950-034089.parquet,34787,downloaded,34787,
2026-07-17,NSE,DRREDDY,raw_l2/trade_date=2026-07-17/exchange=NSE/symbol=DRREDDY/part-075538_218347-034121.parquet,real_data_sample\l2_unseen_validation\trade_date=2026-07-17\exchange=NSE\symbol=DRREDDY\part-075538_218347-034121.parquet,34743,downloaded,34743,
2026-07-17,NSE,DRREDDY,raw_l2/trade_date=2026-07-17/exchange=NSE/symbol=DRREDDY/part-075649_027891-034281.parquet,real_data_sample\l2_unseen_validation\trade_date=2026-07-17\exchange=NSE\symbol=DRREDDY\part-075649_027891-034281.parquet,35200,downloaded,35200,
2026-07-17,NSE,DRREDDY,raw_l2/trade_date=2026-07-17/exchange=NSE/symbol=DRREDDY/part-075940_856768-034665.parquet,real_data_sample\l2_unseen_validation\trade_date=2026-07-17\exchange=NSE\symbol=DRREDDY\part-075940_856768-034665.parquet,34810,downloaded,34810,
2026-07-17,NSE,DRREDDY,raw_l2/trade_date=2026-07-17/exchange=NSE/symbol=DRREDDY/part-075552_240978-034153.parquet,real_data_sample\l2_unseen_validation\trade_date=2026-07-17\exchange=NSE\symbol=DRREDDY\part-075552_240978-034153.parquet,34718,downloaded,34718,
2026-07-17,NSE,DRREDDY,raw_l2/trade_date=2026-07-17/exchange=NSE/symbol=DRREDDY/part-075731_854934-034377.parquet,real_data_sample\l2_unseen_validation\trade_date=2026-07-17\exchange=NSE\symbol=DRREDDY\part-075731_854934-034377.parquet,34668,downloaded,34668,
2026-07-17,NSE,DRREDDY,raw_l2/trade_date=2026-07-17/exchange=NSE/symbol=DRREDDY/part-075926_555028-034633.parquet,real_data_sample\l2_unseen_validation\trade_date=2026-07-17\exchange=NSE\symbol=DRREDDY\part-075926_555028-034633.parquet,34625,downloaded,34625,
2026-07-17,NSE,DRREDDY,raw_l2/trade_date=2026-07-17/exchange=NSE/symbol=DRREDDY/part-075912_306440-034601.parquet,real_data_sample\l2_unseen_validation\trade_date=2026-07-17\exchange=NSE\symbol=DRREDDY\part-075912_306440-034601.parquet,34971,downloaded,34971,
2026-07-17,NSE,DRREDDY,raw_l2/trade_date=2026-07-17/exchange=NSE/symbol=DRREDDY/part-075955_245202-034697.parquet,real_data_sample\l2_unseen_validation\trade_date=2026-07-17\exchange=NSE\symbol=DRREDDY\part-075955_245202-034697.parquet,35171,downloaded,35171,
2026-07-17,NSE,DRREDDY,raw_l2/trade_date=2026-07-17/exchange=NSE/symbol=DRREDDY/part-075455_997961-034025.parquet,real_data_sample\l2_unseen_validation\trade_date=2026-07-17\exchange=NSE\symbol=DRREDDY\part-075455_997961-034025.parquet,34784,downloaded,34784,
2026-07-17,NSE,DRREDDY,raw_l2/trade_date=2026-07-17/exchange=NSE/symbol=DRREDDY/part-075800_552440-034441.parquet,real_data_sample\l2_unseen_validation\trade_date=2026-07-17\exchange=NSE\symbol=DRREDDY\part-075800_552440-034441.parquet,34533,downloaded,34533,
2026-07-17,NSE,DRREDDY,raw_l2/trade_date=2026-07-17/exchange=NSE/symbol=DRREDDY/part-080053_765198-034825.parquet,real_data_sample\l2_unseen_validation\trade_date=2026-07-17\exchange=NSE\symbol=DRREDDY\part-080053_765198-034825.parquet,34754,downloaded,34754,
2026-07-17,NSE,DRREDDY,raw_l2/trade_date=2026-07-17/exchange=NSE/symbol=DRREDDY/part-075703_276273-034313.parquet,real_data_sample\l2_unseen_validation\trade_date=2026-07-17\exchange=NSE\symbol=DRREDDY\part-075703_276273-034313.parquet,35010,downloaded,35010,
2026-07-17,NSE,DRREDDY,raw_l2/trade_date=2026-07-17/exchange=NSE/symbol=DRREDDY/part-080010_353235-034729.parquet,real_data_sample\l2_unseen_validation\trade_date=2026-07-17\exchange=NSE\symbol=DRREDDY\part-080010_353235-034729.parquet,34879,downloaded,34879,
2026-07-17,NSE,DRREDDY,raw_l2/trade_date=2026-07-17/exchange=NSE/symbol=DRREDDY/part-075843_826306-034537.parquet,real_data_sample\l2_unseen_validation\trade_date=2026-07-17\exchange=NSE\symbol=DRREDDY\part-075843_826306-034537.parquet,34781,downloaded,34781,
2026-07-17,NSE,DRREDDY,raw_l2/trade_date=2026-07-17/exchange=NSE/symbol=DRREDDY/part-075829_501493-034505.parquet,real_data_sample\l2_unseen_validation\trade_date=2026-07-17\exchange=NSE\symbol=DRREDDY\part-075829_501493-034505.parquet,34864,downloaded,34864,
2026-07-17,NSE,DRREDDY,raw_l2/trade_date=2026-07-17/exchange=NSE/symbol=DRREDDY/part-075746_290545-034409.parquet,real_data_sample\l2_unseen_validation\trade_date=2026-07-17\exchange=NSE\symbol=DRREDDY\part-075746_290545-034409.parquet,34874,downloaded,34874,
2026-07-17,NSE,DRREDDY,raw_l2/trade_date=2026-07-17/exchange=NSE/symbol=DRREDDY/part-075717_534375-034345.parquet,real_data_sample\l2_unseen_validation\trade_date=2026-07-17\exchange=NSE\symbol=DRREDDY\part-075717_534375-034345.parquet,34738,downloaded,34738,
2026-07-17,NSE,DRREDDY,raw_l2/trade_date=2026-07-17/exchange=NSE/symbol=DRREDDY/part-080108_069240-034857.parquet,real_data_sample\l2_unseen_validation\trade_date=2026-07-17\exchange=NSE\symbol=DRREDDY\part-080108_069240-034857.parquet,34961,downloaded,34961,
2026-07-17,NSE,DRREDDY,raw_l2/trade_date=2026-07-17/exchange=NSE/symbol=DRREDDY/part-080025_032002-034761.parquet,real_data_sample\l2_unseen_validation\trade_date=2026-07-17\exchange=NSE\symbol=DRREDDY\part-080025_032002-034761.parquet,35003,downloaded,35003,
2026-07-17,NSE,DRREDDY,raw_l2/trade_date=2026-07-17/exchange=NSE/symbol=DRREDDY/part-075815_140945-034473.parquet,real_data_sample\l2_unseen_validation\trade_date=2026-07-17\exchange=NSE\symbol=DRREDDY\part-075815_140945-034473.parquet,34917,downloaded,34917,
2026-07-17,NSE,DRREDDY,raw_l2/trade_date=2026-07-17/exchange=NSE/symbol=DRREDDY/part-075858_003387-034569.parquet,real_data_sample\l2_unseen_validation\trade_date=2026-07-17\exchange=NSE\symbol=DRREDDY\part-075858_003387-034569.parquet,34820,downloaded,34820,
2026-07-17,NSE,DRREDDY,raw_l2/trade_date=2026-07-17/exchange=NSE/symbol=DRREDDY/part-080039_238903-034793.parquet,real_data_sample\l2_unseen_validation\trade_date=2026-07-17\exchange=NSE\symbol=DRREDDY\part-080039_238903-034793.parquet,35019,downloaded,35019,
2026-07-17,NSE,DRREDDY,raw_l2/trade_date=2026-07-17/exchange=NSE/symbol=DRREDDY/part-080136_547236-034921.parquet,real_data_sample\l2_unseen_validation\trade_date=2026-07-17\exchange=NSE\symbol=DRREDDY\part-080136_547236-034921.parquet,34793,downloaded,34793,
2026-07-17,NSE,DRREDDY,raw_l2/trade_date=2026-07-17/exchange=NSE/symbol=DRREDDY/part-080150_862087-034953.parquet,real_data_sample\l2_unseen_validation\trade_date=2026-07-17\exchange=NSE\symbol=DRREDDY\part-080150_862087-034953.parquet,34917,downloaded,34917,
2026-07-17,NSE,DRREDDY,raw_l2/trade_date=2026-07-17/exchange=NSE/symbol=DRREDDY/part-080205_399277-034985.parquet,real_data_sample\l2_unseen_validation\trade_date=2026-07-17\exchange=NSE\symbol=DRREDDY\part-080205_399277-034985.parquet,34732,downloaded,34732,
2026-07-17,NSE,DRREDDY,raw_l2/trade_date=2026-07-17/exchange=NSE/symbol=DRREDDY/part-080219_512567-035017.parquet,real_data_sample\l2_unseen_validation\trade_date=2026-07-17\exchange=NSE\symbol=DRREDDY\part-080219_512567-035017.parquet,34821,downloaded,34821,
2026-07-17,NSE,DRREDDY,raw_l2/trade_date=2026-07-17/exchange=NSE/symbol=DRREDDY/part-080122_266055-034889.parquet,real_data_sample\l2_unseen_validation\trade_date=2026-07-17\exchange=NSE\symbol=DRREDDY\part-080122_266055-034889.parquet,34629,downloaded,34629,
2026-07-17,NSE,DRREDDY,raw_l2/trade_date=2026-07-17/exchange=NSE/symbol=DRREDDY/part-080233_959636-035049.parquet,real_data_sample\l2_unseen_validation\trade_date=2026-07-17\exchange=NSE\symbol=DRREDDY\part-080233_959636-035049.parquet,34809,downloaded,34809,
2026-07-17,NSE,DRREDDY,raw_l2/trade_date=2026-07-17/exchange=NSE/symbol=DRREDDY/part-080559_487098-035497.parquet,real_data_sample\l2_unseen_validation\trade_date=2026-07-17\exchange=NSE\symbol=DRREDDY\part-080559_487098-035497.parquet,34896,downloaded,34896,
2026-07-17,NSE,DRREDDY,raw_l2/trade_date=2026-07-17/exchange=NSE/symbol=DRREDDY/part-080248_828288-035081.parquet,real_data_sample\l2_unseen_validation\trade_date=2026-07-17\exchange=NSE\symbol=DRREDDY\part-080248_828288-035081.parquet,35024,downloaded,35024,
2026-07-17,NSE,DRREDDY,raw_l2/trade_date=2026-07-17/exchange=NSE/symbol=DRREDDY/part-080400_925592-035241.parquet,real_data_sample\l2_unseen_validation\trade_date=2026-07-17\exchange=NSE\symbol=DRREDDY\part-080400_925592-035241.parquet,34788,downloaded,34788,
2026-07-17,NSE,DRREDDY,raw_l2/trade_date=2026-07-17/exchange=NSE/symbol=DRREDDY/part-080613_709258-035529.parquet,real_data_sample\l2_unseen_validation\trade_date=2026-07-17\exchange=NSE\symbol=DRREDDY\part-080613_709258-035529.parquet,34587,downloaded,34587,
2026-07-17,NSE,DRREDDY,raw_l2/trade_date=2026-07-17/exchange=NSE/symbol=DRREDDY/part-080317_382160-035145.parquet,real_data_sample\l2_unseen_validation\trade_date=2026-07-17\exchange=NSE\symbol=DRREDDY\part-080317_382160-035145.parquet,34970,downloaded,34970,
2026-07-17,NSE,DRREDDY,raw_l2/trade_date=2026-07-17/exchange=NSE/symbol=DRREDDY/part-080346_182923-035209.parquet,real_data_sample\l2_unseen_validation\trade_date=2026-07-17\exchange=NSE\symbol=DRREDDY\part-080346_182923-035209.parquet,34860,downloaded,34860,
2026-07-17,NSE,DRREDDY,raw_l2/trade_date=2026-07-17/exchange=NSE/symbol=DRREDDY/part-080642_636738-035593.parquet,real_data_sample\l2_unseen_validation\trade_date=2026-07-17\exchange=NSE\symbol=DRREDDY\part-080642_636738-035593.parquet,34908,downloaded,34908,
2026-07-17,NSE,DRREDDY,raw_l2/trade_date=2026-07-17/exchange=NSE/symbol=DRREDDY/part-080331_659575-035177.parquet,real_data_sample\l2_unseen_validation\trade_date=2026-07-17\exchange=NSE\symbol=DRREDDY\part-080331_659575-035177.parquet,34802,downloaded,34802,
2026-07-17,NSE,DRREDDY,raw_l2/trade_date=2026-07-17/exchange=NSE/symbol=DRREDDY/part-080740_369512-035721.parquet,real_data_sample\l2_unseen_validation\trade_date=2026-07-17\exchange=NSE\symbol=DRREDDY\part-080740_369512-035721.parquet,34835,downloaded,34835,
2026-07-17,NSE,DRREDDY,raw_l2/trade_date=2026-07-17/exchange=NSE/symbol=DRREDDY/part-080446_867076-035337.parquet,real_data_sample\l2_unseen_validation\trade_date=2026-07-17\exchange=NSE\symbol=DRREDDY\part-080446_867076-035337.parquet,35004,downloaded,35004,
2026-07-17,NSE,DRREDDY,raw_l2/trade_date=2026-07-17/exchange=NSE/symbol=DRREDDY/part-080656_907604-035625.parquet,real_data_sample\l2_unseen_validation\trade_date=2026-07-17\exchange=NSE\symbol=DRREDDY\part-080656_907604-035625.parquet,34778,downloaded,34778,
2026-07-17,NSE,DRREDDY,raw_l2/trade_date=2026-07-17/exchange=NSE/symbol=DRREDDY/part-080515_883803-035401.parquet,real_data_sample\l2_unseen_validation\trade_date=2026-07-17\exchange=NSE\symbol=DRREDDY\part-080515_883803-035401.parquet,34656,downloaded,34656,
2026-07-17,NSE,DRREDDY,raw_l2/trade_date=2026-07-17/exchange=NSE/symbol=DRREDDY/part-080531_024420-035433.parquet,real_data_sample\l2_unseen_validation\trade_date=2026-07-17\exchange=NSE\symbol=DRREDDY\part-080531_024420-035433.parquet,34748,downloaded,34748,
2026-07-17,NSE,DRREDDY,raw_l2/trade_date=2026-07-17/exchange=NSE/symbol=DRREDDY/part-080501_644820-035369.parquet,real_data_sample\l2_unseen_validation\trade_date=2026-07-17\exchange=NSE\symbol=DRREDDY\part-080501_644820-035369.parquet,34865,downloaded,34865,
2026-07-17,NSE,DRREDDY,raw_l2/trade_date=2026-07-17/exchange=NSE/symbol=DRREDDY/part-080415_521007-035273.parquet,real_data_sample\l2_unseen_validation\trade_date=2026-07-17\exchange=NSE\symbol=DRREDDY\part-080415_521007-035273.parquet,34834,downloaded,34834,
2026-07-17,NSE,DRREDDY,raw_l2/trade_date=2026-07-17/exchange=NSE/symbol=DRREDDY/part-080628_091519-035561.parquet,real_data_sample\l2_unseen_validation\trade_date=2026-07-17\exchange=NSE\symbol=DRREDDY\part-080628_091519-035561.parquet,35004,downloaded,35004,
2026-07-17,NSE,DRREDDY,raw_l2/trade_date=2026-07-17/exchange=NSE/symbol=DRREDDY/part-080545_523237-035465.parquet,real_data_sample\l2_unseen_validation\trade_date=2026-07-17\exchange=NSE\symbol=DRREDDY\part-080545_523237-035465.parquet,35024,downloaded,35024,
2026-07-17,NSE,DRREDDY,raw_l2/trade_date=2026-07-17/exchange=NSE/symbol=DRREDDY/part-080725_983575-035689.parquet,real_data_sample\l2_unseen_validation\trade_date=2026-07-17\exchange=NSE\symbol=DRREDDY\part-080725_983575-035689.parquet,34881,downloaded,34881,
2026-07-17,NSE,DRREDDY,raw_l2/trade_date=2026-07-17/exchange=NSE/symbol=DRREDDY/part-080431_162953-035305.parquet,real_data_sample\l2_unseen_validation\trade_date=2026-07-17\exchange=NSE\symbol=DRREDDY\part-080431_162953-035305.parquet,35122,downloaded,35122,
2026-07-17,NSE,DRREDDY,raw_l2/trade_date=2026-07-17/exchange=NSE/symbol=DRREDDY/part-080711_517540-035657.parquet,real_data_sample\l2_unseen_validation\trade_date=2026-07-17\exchange=NSE\symbol=DRREDDY\part-080711_517540-035657.parquet,34971,downloaded,34971,
2026-07-17,NSE,DRREDDY,raw_l2/trade_date=2026-07-17/exchange=NSE/symbol=DRREDDY/part-080755_183254-035753.parquet,real_data_sample\l2_unseen_validation\trade_date=2026-07-17\exchange=NSE\symbol=DRREDDY\part-080755_183254-035753.parquet,34963,downloaded,34963,
2026-07-17,NSE,DRREDDY,raw_l2/trade_date=2026-07-17/exchange=NSE/symbol=DRREDDY/part-080303_050247-035113.parquet,real_data_sample\l2_unseen_validation\trade_date=2026-07-17\exchange=NSE\symbol=DRREDDY\part-080303_050247-035113.parquet,34928,downloaded,34928,
2026-07-17,NSE,DRREDDY,raw_l2/trade_date=2026-07-17/exchange=NSE/symbol=DRREDDY/part-080810_068732-035785.parquet,real_data_sample\l2_unseen_validation\trade_date=2026-07-17\exchange=NSE\symbol=DRREDDY\part-080810_068732-035785.parquet,34955,downloaded,34955,
2026-07-17,NSE,DRREDDY,raw_l2/trade_date=2026-07-17/exchange=NSE/symbol=DRREDDY/part-080937_836417-035977.parquet,real_data_sample\l2_unseen_validation\trade_date=2026-07-17\exchange=NSE\symbol=DRREDDY\part-080937_836417-035977.parquet,34835,downloaded,34835,
2026-07-17,NSE,DRREDDY,raw_l2/trade_date=2026-07-17/exchange=NSE/symbol=DRREDDY/part-081453_470482-036681.parquet,real_data_sample\l2_unseen_validation\trade_date=2026-07-17\exchange=NSE\symbol=DRREDDY\part-081453_470482-036681.parquet,35012,downloaded,35012,
2026-07-17,NSE,DRREDDY,raw_l2/trade_date=2026-07-17/exchange=NSE/symbol=DRREDDY/part-081439_560459-036649.parquet,real_data_sample\l2_unseen_validation\trade_date=2026-07-17\exchange=NSE\symbol=DRREDDY\part-081439_560459-036649.parquet,34797,downloaded,34797,
2026-07-17,NSE,DRREDDY,raw_l2/trade_date=2026-07-17/exchange=NSE/symbol=DRREDDY/part-081328_294318-036489.parquet,real_data_sample\l2_unseen_validation\trade_date=2026-07-17\exchange=NSE\symbol=DRREDDY\part-081328_294318-036489.parquet,34924,downloaded,34924,
2026-07-17,NSE,DRREDDY,raw_l2/trade_date=2026-07-17/exchange=NSE/symbol=DRREDDY/part-081051_470692-036137.parquet,real_data_sample\l2_unseen_validation\trade_date=2026-07-17\exchange=NSE\symbol=DRREDDY\part-081051_470692-036137.parquet,35051,downloaded,35051,
2026-07-17,NSE,DRREDDY,raw_l2/trade_date=2026-07-17/exchange=NSE/symbol=DRREDDY/part-080824_357223-035817.parquet,real_data_sample\l2_unseen_validation\trade_date=2026-07-17\exchange=NSE\symbol=DRREDDY\part-080824_357223-035817.parquet,34802,downloaded,34802,
2026-07-17,NSE,DRREDDY,raw_l2/trade_date=2026-07-17/exchange=NSE/symbol=DRREDDY/part-081356_723868-036553.parquet,real_data_sample\l2_unseen_validation\trade_date=2026-07-17\exchange=NSE\symbol=DRREDDY\part-081356_723868-036553.parquet,34688,downloaded,34688,
2026-07-17,NSE,DRREDDY,raw_l2/trade_date=2026-07-17/exchange=NSE/symbol=DRREDDY/part-080853_645512-035881.parquet,real_data_sample\l2_unseen_validation\trade_date=2026-07-17\exchange=NSE\symbol=DRREDDY\part-080853_645512-035881.parquet,34738,downloaded,34738,
2026-07-17,NSE,DRREDDY,raw_l2/trade_date=2026-07-17/exchange=NSE/symbol=DRREDDY/part-081230_353260-036361.parquet,real_data_sample\l2_unseen_validation\trade_date=2026-07-17\exchange=NSE\symbol=DRREDDY\part-081230_353260-036361.parquet,34842,downloaded,34842,
2026-07-17,NSE,DRREDDY,raw_l2/trade_date=2026-07-17/exchange=NSE/symbol=DRREDDY/part-081216_229738-036329.parquet,real_data_sample\l2_unseen_validation\trade_date=2026-07-17\exchange=NSE\symbol=DRREDDY\part-081216_229738-036329.parquet,34835,downloaded,34835,
2026-07-17,NSE,DRREDDY,raw_l2/trade_date=2026-07-17/exchange=NSE/symbol=DRREDDY/part-081037_081733-036105.parquet,real_data_sample\l2_unseen_validation\trade_date=2026-07-17\exchange=NSE\symbol=DRREDDY\part-081037_081733-036105.parquet,34896,downloaded,34896,
2026-07-17,NSE,DRREDDY,raw_l2/trade_date=2026-07-17/exchange=NSE/symbol=DRREDDY/part-081259_271862-036425.parquet,real_data_sample\l2_unseen_validation\trade_date=2026-07-17\exchange=NSE\symbol=DRREDDY\part-081259_271862-036425.parquet,34968,downloaded,34968,
2026-07-17,NSE,DRREDDY,raw_l2/trade_date=2026-07-17/exchange=NSE/symbol=DRREDDY/part-081105_525232-036169.parquet,real_data_sample\l2_unseen_validation\trade_date=2026-07-17\exchange=NSE\symbol=DRREDDY\part-081105_525232-036169.parquet,34904,downloaded,34904,
2026-07-17,NSE,DRREDDY,raw_l2/trade_date=2026-07-17/exchange=NSE/symbol=DRREDDY/part-081244_709586-036393.parquet,real_data_sample\l2_unseen_validation\trade_date=2026-07-17\exchange=NSE\symbol=DRREDDY\part-081244_709586-036393.parquet,35071,downloaded,35071,
2026-07-17,NSE,DRREDDY,raw_l2/trade_date=2026-07-17/exchange=NSE/symbol=DRREDDY/part-081119_733691-036201.parquet,real_data_sample\l2_unseen_validation\trade_date=2026-07-17\exchange=NSE\symbol=DRREDDY\part-081119_733691-036201.parquet,34876,downloaded,34876,
2026-07-17,NSE,DRREDDY,raw_l2/trade_date=2026-07-17/exchange=NSE/symbol=DRREDDY/part-081147_801089-036265.parquet,real_data_sample\l2_unseen_validation\trade_date=2026-07-17\exchange=NSE\symbol=DRREDDY\part-081147_801089-036265.parquet,34839,downloaded,34839,
2026-07-17,NSE,DRREDDY,raw_l2/trade_date=2026-07-17/exchange=NSE/symbol=DRREDDY/part-081314_021345-036457.parquet,real_data_sample\l2_unseen_validation\trade_date=2026-07-17\exchange=NSE\symbol=DRREDDY\part-081314_021345-036457.parquet,34871,downloaded,34871,
2026-07-17,NSE,DRREDDY,raw_l2/trade_date=2026-07-17/exchange=NSE/symbol=DRREDDY/part-081342_495068-036521.parquet,real_data_sample\l2_unseen_validation\trade_date=2026-07-17\exchange=NSE\symbol=DRREDDY\part-081342_495068-036521.parquet,34935,downloaded,34935,
2026-07-17,NSE,DRREDDY,raw_l2/trade_date=2026-07-17/exchange=NSE/symbol=DRREDDY/part-081411_045992-036585.parquet,real_data_sample\l2_unseen_validation\trade_date=2026-07-17\exchange=NSE\symbol=DRREDDY\part-081411_045992-036585.parquet,34934,downloaded,34934,
2026-07-17,NSE,DRREDDY,raw_l2/trade_date=2026-07-17/exchange=NSE/symbol=DRREDDY/part-081425_339654-036617.parquet,real_data_sample\l2_unseen_validation\trade_date=2026-07-17\exchange=NSE\symbol=DRREDDY\part-081425_339654-036617.parquet,34693,downloaded,34693,
2026-07-17,NSE,DRREDDY,raw_l2/trade_date=2026-07-17/exchange=NSE/symbol=DRREDDY/part-080838_995422-035849.parquet,real_data_sample\l2_unseen_validation\trade_date=2026-07-17\exchange=NSE\symbol=DRREDDY\part-080838_995422-035849.parquet,34810,downloaded,34810,
2026-07-17,NSE,DRREDDY,raw_l2/trade_date=2026-07-17/exchange=NSE/symbol=DRREDDY/part-081202_018737-036297.parquet,real_data_sample\l2_unseen_validation\trade_date=2026-07-17\exchange=NSE\symbol=DRREDDY\part-081202_018737-036297.parquet,34953,downloaded,34953,
2026-07-17,NSE,DRREDDY,raw_l2/trade_date=2026-07-17/exchange=NSE/symbol=DRREDDY/part-081133_693156-036233.parquet,real_data_sample\l2_unseen_validation\trade_date=2026-07-17\exchange=NSE\symbol=DRREDDY\part-081133_693156-036233.parquet,34619,downloaded,34619,
2026-07-17,NSE,DRREDDY,raw_l2/trade_date=2026-07-17/exchange=NSE/symbol=DRREDDY/part-081007_080773-036041.parquet,real_data_sample\l2_unseen_validation\trade_date=2026-07-17\exchange=NSE\symbol=DRREDDY\part-081007_080773-036041.parquet,34916,downloaded,34916,
2026-07-17,NSE,DRREDDY,raw_l2/trade_date=2026-07-17/exchange=NSE/symbol=DRREDDY/part-081022_269972-036073.parquet,real_data_sample\l2_unseen_validation\trade_date=2026-07-17\exchange=NSE\symbol=DRREDDY\part-081022_269972-036073.parquet,34757,downloaded,34757,
2026-07-17,NSE,DRREDDY,raw_l2/trade_date=2026-07-17/exchange=NSE/symbol=DRREDDY/part-080923_127410-035945.parquet,real_data_sample\l2_unseen_validation\trade_date=2026-07-17\exchange=NSE\symbol=DRREDDY\part-080923_127410-035945.parquet,34609,downloaded,34609,
2026-07-17,NSE,DRREDDY,raw_l2/trade_date=2026-07-17/exchange=NSE/symbol=DRREDDY/part-080952_347738-036009.parquet,real_data_sample\l2_unseen_validation\trade_date=2026-07-17\exchange=NSE\symbol=DRREDDY\part-080952_347738-036009.parquet,34800,downloaded,34800,
2026-07-17,NSE,DRREDDY,raw_l2/trade_date=2026-07-17/exchange=NSE/symbol=DRREDDY/part-080908_203972-035913.parquet,real_data_sample\l2_unseen_validation\trade_date=2026-07-17\exchange=NSE\symbol=DRREDDY\part-080908_203972-035913.parquet,34825,downloaded,34825,
2026-07-17,NSE,DRREDDY,raw_l2/trade_date=2026-07-17/exchange=NSE/symbol=DRREDDY/part-081507_563664-036713.parquet,real_data_sample\l2_unseen_validation\trade_date=2026-07-17\exchange=NSE\symbol=DRREDDY\part-081507_563664-036713.parquet,35048,downloaded,35048,
2026-07-17,NSE,DRREDDY,raw_l2/trade_date=2026-07-17/exchange=NSE/symbol=DRREDDY/part-081521_706836-036745.parquet,real_data_sample\l2_unseen_validation\trade_date=2026-07-17\exchange=NSE\symbol=DRREDDY\part-081521_706836-036745.parquet,35586,downloaded,35586,
2026-07-17,NSE,DRREDDY,raw_l2/trade_date=2026-07-17/exchange=NSE/symbol=DRREDDY/part-082034_479218-037449.parquet,real_data_sample\l2_unseen_validation\trade_date=2026-07-17\exchange=NSE\symbol=DRREDDY\part-082034_479218-037449.parquet,34983,downloaded,34983,
2026-07-17,NSE,DRREDDY,raw_l2/trade_date=2026-07-17/exchange=NSE/symbol=DRREDDY/part-081617_685321-036873.parquet,real_data_sample\l2_unseen_validation\trade_date=2026-07-17\exchange=NSE\symbol=DRREDDY\part-081617_685321-036873.parquet,35267,downloaded,35267,
2026-07-17,NSE,DRREDDY,raw_l2/trade_date=2026-07-17/exchange=NSE/symbol=DRREDDY/part-082050_057890-037481.parquet,real_data_sample\l2_unseen_validation\trade_date=2026-07-17\exchange=NSE\symbol=DRREDDY\part-082050_057890-037481.parquet,34832,downloaded,34832,
2026-07-17,NSE,DRREDDY,raw_l2/trade_date=2026-07-17/exchange=NSE/symbol=DRREDDY/part-082006_026076-037385.parquet,real_data_sample\l2_unseen_validation\trade_date=2026-07-17\exchange=NSE\symbol=DRREDDY\part-082006_026076-037385.parquet,34900,downloaded,34900,
2026-07-17,NSE,DRREDDY,raw_l2/trade_date=2026-07-17/exchange=NSE/symbol=DRREDDY/part-081603_742830-036841.parquet,real_data_sample\l2_unseen_validation\trade_date=2026-07-17\exchange=NSE\symbol=DRREDDY\part-081603_742830-036841.parquet,36149,downloaded,36149,
2026-07-17,NSE,DRREDDY,raw_l2/trade_date=2026-07-17/exchange=NSE/symbol=DRREDDY/part-081811_969262-037129.parquet,real_data_sample\l2_unseen_validation\trade_date=2026-07-17\exchange=NSE\symbol=DRREDDY\part-081811_969262-037129.parquet,35649,downloaded,35649,
2026-07-17,NSE,DRREDDY,raw_l2/trade_date=2026-07-17/exchange=NSE/symbol=DRREDDY/part-081728_647021-037033.parquet,real_data_sample\l2_unseen_validation\trade_date=2026-07-17\exchange=NSE\symbol=DRREDDY\part-081728_647021-037033.parquet,35558,downloaded,35558,
2026-07-17,NSE,DRREDDY,raw_l2/trade_date=2026-07-17/exchange=NSE/symbol=DRREDDY/part-081714_234772-037001.parquet,real_data_sample\l2_unseen_validation\trade_date=2026-07-17\exchange=NSE\symbol=DRREDDY\part-081714_234772-037001.parquet,35015,downloaded,35015,
2026-07-17,NSE,DRREDDY,raw_l2/trade_date=2026-07-17/exchange=NSE/symbol=DRREDDY/part-081535_798940-036777.parquet,real_data_sample\l2_unseen_validation\trade_date=2026-07-17\exchange=NSE\symbol=DRREDDY\part-081535_798940-036777.parquet,35305,downloaded,35305,
2026-07-17,NSE,DRREDDY,raw_l2/trade_date=2026-07-17/exchange=NSE/symbol=DRREDDY/part-081757_514807-037097.parquet,real_data_sample\l2_unseen_validation\trade_date=2026-07-17\exchange=NSE\symbol=DRREDDY\part-081757_514807-037097.parquet,35667,downloaded,35667,
2026-07-17,NSE,DRREDDY,raw_l2/trade_date=2026-07-17/exchange=NSE/symbol=DRREDDY/part-081743_227972-037065.parquet,real_data_sample\l2_unseen_validation\trade_date=2026-07-17\exchange=NSE\symbol=DRREDDY\part-081743_227972-037065.parquet,35526,downloaded,35526,
2026-07-17,NSE,DRREDDY,raw_l2/trade_date=2026-07-17/exchange=NSE/symbol=DRREDDY/part-081549_723032-036809.parquet,real_data_sample\l2_unseen_validation\trade_date=2026-07-17\exchange=NSE\symbol=DRREDDY\part-081549_723032-036809.parquet,35961,downloaded,35961,
2026-07-17,NSE,DRREDDY,raw_l2/trade_date=2026-07-17/exchange=NSE/symbol=DRREDDY/part-082118_802620-037545.parquet,real_data_sample\l2_unseen_validation\trade_date=2026-07-17\exchange=NSE\symbol=DRREDDY\part-082118_802620-037545.parquet,34618,downloaded,34618,
2026-07-17,NSE,DRREDDY,raw_l2/trade_date=2026-07-17/exchange=NSE/symbol=DRREDDY/part-081659_954689-036969.parquet,real_data_sample\l2_unseen_validation\trade_date=2026-07-17\exchange=NSE\symbol=DRREDDY\part-081659_954689-036969.parquet,34985,downloaded,34985,
2026-07-17,NSE,DRREDDY,raw_l2/trade_date=2026-07-17/exchange=NSE/symbol=DRREDDY/part-081645_816159-036937.parquet,real_data_sample\l2_unseen_validation\trade_date=2026-07-17\exchange=NSE\symbol=DRREDDY\part-081645_816159-036937.parquet,34908,downloaded,34908,
2026-07-17,NSE,DRREDDY,raw_l2/trade_date=2026-07-17/exchange=NSE/symbol=DRREDDY/part-081937_604405-037321.parquet,real_data_sample\l2_unseen_validation\trade_date=2026-07-17\exchange=NSE\symbol=DRREDDY\part-081937_604405-037321.parquet,34866,downloaded,34866,
2026-07-17,NSE,DRREDDY,raw_l2/trade_date=2026-07-17/exchange=NSE/symbol=DRREDDY/part-082133_033278-037577.parquet,real_data_sample\l2_unseen_validation\trade_date=2026-07-17\exchange=NSE\symbol=DRREDDY\part-082133_033278-037577.parquet,34722,downloaded,34722,
2026-07-17,NSE,DRREDDY,raw_l2/trade_date=2026-07-17/exchange=NSE/symbol=DRREDDY/part-081631_740005-036905.parquet,real_data_sample\l2_unseen_validation\trade_date=2026-07-17\exchange=NSE\symbol=DRREDDY\part-081631_740005-036905.parquet,34790,downloaded,34790,
2026-07-17,NSE,DRREDDY,raw_l2/trade_date=2026-07-17/exchange=NSE/symbol=DRREDDY/part-081951_991831-037353.parquet,real_data_sample\l2_unseen_validation\trade_date=2026-07-17\exchange=NSE\symbol=DRREDDY\part-081951_991831-037353.parquet,34866,downloaded,34866,
2026-07-17,NSE,DRREDDY,raw_l2/trade_date=2026-07-17/exchange=NSE/symbol=DRREDDY/part-081841_021193-037193.parquet,real_data_sample\l2_unseen_validation\trade_date=2026-07-17\exchange=NSE\symbol=DRREDDY\part-081841_021193-037193.parquet,36175,downloaded,36175,
2026-07-17,NSE,DRREDDY,raw_l2/trade_date=2026-07-17/exchange=NSE/symbol=DRREDDY/part-081923_335733-037289.parquet,real_data_sample\l2_unseen_validation\trade_date=2026-07-17\exchange=NSE\symbol=DRREDDY\part-081923_335733-037289.parquet,34679,downloaded,34679,
2026-07-17,NSE,DRREDDY,raw_l2/trade_date=2026-07-17/exchange=NSE/symbol=DRREDDY/part-082020_277504-037417.parquet,real_data_sample\l2_unseen_validation\trade_date=2026-07-17\exchange=NSE\symbol=DRREDDY\part-082020_277504-037417.parquet,34799,downloaded,34799,
2026-07-17,NSE,DRREDDY,raw_l2/trade_date=2026-07-17/exchange=NSE/symbol=DRREDDY/part-081826_321773-037161.parquet,real_data_sample\l2_unseen_validation\trade_date=2026-07-17\exchange=NSE\symbol=DRREDDY\part-081826_321773-037161.parquet,35829,downloaded,35829,
2026-07-17,NSE,DRREDDY,raw_l2/trade_date=2026-07-17/exchange=NSE/symbol=DRREDDY/part-082104_273902-037513.parquet,real_data_sample\l2_unseen_validation\trade_date=2026-07-17\exchange=NSE\symbol=DRREDDY\part-082104_273902-037513.parquet,34728,downloaded,34728,
2026-07-17,NSE,DRREDDY,raw_l2/trade_date=2026-07-17/exchange=NSE/symbol=DRREDDY/part-081855_104025-037225.parquet,real_data_sample\l2_unseen_validation\trade_date=2026-07-17\exchange=NSE\symbol=DRREDDY\part-081855_104025-037225.parquet,35773,downloaded,35773,
2026-07-17,NSE,DRREDDY,raw_l2/trade_date=2026-07-17/exchange=NSE/symbol=DRREDDY/part-081909_029980-037257.parquet,real_data_sample\l2_unseen_validation\trade_date=2026-07-17\exchange=NSE\symbol=DRREDDY\part-081909_029980-037257.parquet,35538,downloaded,35538,
2026-07-17,NSE,DRREDDY,raw_l2/trade_date=2026-07-17/exchange=NSE/symbol=DRREDDY/part-082201_591765-037641.parquet,real_data_sample\l2_unseen_validation\trade_date=2026-07-17\exchange=NSE\symbol=DRREDDY\part-082201_591765-037641.parquet,34633,downloaded,34633,
2026-07-17,NSE,DRREDDY,raw_l2/trade_date=2026-07-17/exchange=NSE/symbol=DRREDDY/part-082147_287785-037609.parquet,real_data_sample\l2_unseen_validation\trade_date=2026-07-17\exchange=NSE\symbol=DRREDDY\part-082147_287785-037609.parquet,34689,downloaded,34689,
2026-07-17,NSE,DRREDDY,raw_l2/trade_date=2026-07-17/exchange=NSE/symbol=DRREDDY/part-082215_707256-037673.parquet,real_data_sample\l2_unseen_validation\trade_date=2026-07-17\exchange=NSE\symbol=DRREDDY\part-082215_707256-037673.parquet,34722,downloaded,34722,
2026-07-17,NSE,DRREDDY,raw_l2/trade_date=2026-07-17/exchange=NSE/symbol=DRREDDY/part-082229_702336-037705.parquet,real_data_sample\l2_unseen_validation\trade_date=2026-07-17\exchange=NSE\symbol=DRREDDY\part-082229_702336-037705.parquet,34970,downloaded,34970,
2026-07-17,NSE,DRREDDY,raw_l2/trade_date=2026-07-17/exchange=NSE/symbol=DRREDDY/part-082243_968380-037737.parquet,real_data_sample\l2_unseen_validation\trade_date=2026-07-17\exchange=NSE\symbol=DRREDDY\part-082243_968380-037737.parquet,34944,downloaded,34944,
2026-07-17,NSE,DRREDDY,raw_l2/trade_date=2026-07-17/exchange=NSE/symbol=DRREDDY/part-082258_045691-037769.parquet,real_data_sample\l2_unseen_validation\trade_date=2026-07-17\exchange=NSE\symbol=DRREDDY\part-082258_045691-037769.parquet,34838,downloaded,34838,
2026-07-17,NSE,DRREDDY,raw_l2/trade_date=2026-07-17/exchange=NSE/symbol=DRREDDY/part-074723_283176-033001.parquet,real_data_sample\l2_unseen_validation\trade_date=2026-07-17\exchange=NSE\symbol=DRREDDY\part-074723_283176-033001.parquet,34696,downloaded,34696,
2026-07-17,NSE,DRREDDY,raw_l2/trade_date=2026-07-17/exchange=NSE/symbol=DRREDDY/part-074819_432123-033129.parquet,real_data_sample\l2_unseen_validation\trade_date=2026-07-17\exchange=NSE\symbol=DRREDDY\part-074819_432123-033129.parquet,34826,downloaded,34826,
2026-07-17,NSE,DRREDDY,raw_l2/trade_date=2026-07-17/exchange=NSE/symbol=DRREDDY/part-082533_769771-038121.parquet,real_data_sample\l2_unseen_validation\trade_date=2026-07-17\exchange=NSE\symbol=DRREDDY\part-082533_769771-038121.parquet,34835,downloaded,34835,
2026-07-17,NSE,DRREDDY,raw_l2/trade_date=2026-07-17/exchange=NSE/symbol=DRREDDY/part-082326_782921-037833.parquet,real_data_sample\l2_unseen_validation\trade_date=2026-07-17\exchange=NSE\symbol=DRREDDY\part-082326_782921-037833.parquet,34850,downloaded,34850,
2026-07-17,NSE,DRREDDY,raw_l2/trade_date=2026-07-17/exchange=NSE/symbol=DRREDDY/part-082645_696942-038281.parquet,real_data_sample\l2_unseen_validation\trade_date=2026-07-17\exchange=NSE\symbol=DRREDDY\part-082645_696942-038281.parquet,34929,downloaded,34929,
2026-07-17,NSE,DRREDDY,raw_l2/trade_date=2026-07-17/exchange=NSE/symbol=DRREDDY/part-082312_468396-037801.parquet,real_data_sample\l2_unseen_validation\trade_date=2026-07-17\exchange=NSE\symbol=DRREDDY\part-082312_468396-037801.parquet,34897,downloaded,34897,
2026-07-17,NSE,DRREDDY,raw_l2/trade_date=2026-07-17/exchange=NSE/symbol=DRREDDY/part-082631_290098-038249.parquet,real_data_sample\l2_unseen_validation\trade_date=2026-07-17\exchange=NSE\symbol=DRREDDY\part-082631_290098-038249.parquet,34684,downloaded,34684,
2026-07-17,NSE,DRREDDY,raw_l2/trade_date=2026-07-17/exchange=NSE/symbol=DRREDDY/part-082602_838379-038185.parquet,real_data_sample\l2_unseen_validation\trade_date=2026-07-17\exchange=NSE\symbol=DRREDDY\part-082602_838379-038185.parquet,34537,downloaded,34537,
2026-07-17,NSE,DRREDDY,raw_l2/trade_date=2026-07-17/exchange=NSE/symbol=DRREDDY/part-082340_977012-037865.parquet,real_data_sample\l2_unseen_validation\trade_date=2026-07-17\exchange=NSE\symbol=DRREDDY\part-082340_977012-037865.parquet,34789,downloaded,34789,
2026-07-17,NSE,DRREDDY,raw_l2/trade_date=2026-07-17/exchange=NSE/symbol=DRREDDY/part-082409_049068-037929.parquet,real_data_sample\l2_unseen_validation\trade_date=2026-07-17\exchange=NSE\symbol=DRREDDY\part-082409_049068-037929.parquet,34853,downloaded,34853,
2026-07-17,NSE,DRREDDY,raw_l2/trade_date=2026-07-17/exchange=NSE/symbol=DRREDDY/part-074751_435030-033065.parquet,real_data_sample\l2_unseen_validation\trade_date=2026-07-17\exchange=NSE\symbol=DRREDDY\part-074751_435030-033065.parquet,34881,downloaded,34881,
2026-07-17,NSE,DRREDDY,raw_l2/trade_date=2026-07-17/exchange=NSE/symbol=DRREDDY/part-082437_233207-037993.parquet,real_data_sample\l2_unseen_validation\trade_date=2026-07-17\exchange=NSE\symbol=DRREDDY\part-082437_233207-037993.parquet,35106,downloaded,35106,
2026-07-17,NSE,DRREDDY,raw_l2/trade_date=2026-07-17/exchange=NSE/symbol=DRREDDY/part-082354_964277-037897.parquet,real_data_sample\l2_unseen_validation\trade_date=2026-07-17\exchange=NSE\symbol=DRREDDY\part-082354_964277-037897.parquet,34734,downloaded,34734,
2026-07-17,NSE,DRREDDY,raw_l2/trade_date=2026-07-17/exchange=NSE/symbol=DRREDDY/part-082423_279803-037961.parquet,real_data_sample\l2_unseen_validation\trade_date=2026-07-17\exchange=NSE\symbol=DRREDDY\part-082423_279803-037961.parquet,35336,downloaded,35336,
2026-07-17,NSE,DRREDDY,raw_l2/trade_date=2026-07-17/exchange=NSE/symbol=DRREDDY/part-082505_532983-038057.parquet,real_data_sample\l2_unseen_validation\trade_date=2026-07-17\exchange=NSE\symbol=DRREDDY\part-082505_532983-038057.parquet,35076,downloaded,35076,
2026-07-17,NSE,DRREDDY,raw_l2/trade_date=2026-07-17/exchange=NSE/symbol=DRREDDY/part-082659_721976-038313.parquet,real_data_sample\l2_unseen_validation\trade_date=2026-07-17\exchange=NSE\symbol=DRREDDY\part-082659_721976-038313.parquet,34826,downloaded,34826,
2026-07-17,NSE,DRREDDY,raw_l2/trade_date=2026-07-17/exchange=NSE/symbol=DRREDDY/part-082451_533557-038025.parquet,real_data_sample\l2_unseen_validation\trade_date=2026-07-17\exchange=NSE\symbol=DRREDDY\part-082451_533557-038025.parquet,35582,downloaded,35582,
2026-07-17,NSE,DRREDDY,raw_l2/trade_date=2026-07-17/exchange=NSE/symbol=DRREDDY/part-082519_540724-038089.parquet,real_data_sample\l2_unseen_validation\trade_date=2026-07-17\exchange=NSE\symbol=DRREDDY\part-082519_540724-038089.parquet,34893,downloaded,34893,
2026-07-17,NSE,DRREDDY,raw_l2/trade_date=2026-07-17/exchange=NSE/symbol=DRREDDY/part-082714_033131-038345.parquet,real_data_sample\l2_unseen_validation\trade_date=2026-07-17\exchange=NSE\symbol=DRREDDY\part-082714_033131-038345.parquet,34987,downloaded,34987,
2026-07-17,NSE,DRREDDY,raw_l2/trade_date=2026-07-17/exchange=NSE/symbol=DRREDDY/part-082617_034778-038217.parquet,real_data_sample\l2_unseen_validation\trade_date=2026-07-17\exchange=NSE\symbol=DRREDDY\part-082617_034778-038217.parquet,34534,downloaded,34534,
2026-07-17,NSE,DRREDDY,raw_l2/trade_date=2026-07-17/exchange=NSE/symbol=DRREDDY/part-082548_285573-038153.parquet,real_data_sample\l2_unseen_validation\trade_date=2026-07-17\exchange=NSE\symbol=DRREDDY\part-082548_285573-038153.parquet,34734,downloaded,34734,
2026-07-17,NSE,DRREDDY,raw_l2/trade_date=2026-07-17/exchange=NSE/symbol=DRREDDY/part-082825_854504-038505.parquet,real_data_sample\l2_unseen_validation\trade_date=2026-07-17\exchange=NSE\symbol=DRREDDY\part-082825_854504-038505.parquet,34630,downloaded,34630,
2026-07-17,NSE,DRREDDY,raw_l2/trade_date=2026-07-17/exchange=NSE/symbol=DRREDDY/part-082742_527143-038409.parquet,real_data_sample\l2_unseen_validation\trade_date=2026-07-17\exchange=NSE\symbol=DRREDDY\part-082742_527143-038409.parquet,34702,downloaded,34702,
2026-07-17,NSE,DRREDDY,raw_l2/trade_date=2026-07-17/exchange=NSE/symbol=DRREDDY/part-082728_235605-038377.parquet,real_data_sample\l2_unseen_validation\trade_date=2026-07-17\exchange=NSE\symbol=DRREDDY\part-082728_235605-038377.parquet,34600,downloaded,34600,
2026-07-17,NSE,DRREDDY,raw_l2/trade_date=2026-07-17/exchange=NSE/symbol=DRREDDY/part-082938_331308-038665.parquet,real_data_sample\l2_unseen_validation\trade_date=2026-07-17\exchange=NSE\symbol=DRREDDY\part-082938_331308-038665.parquet,34692,downloaded,34692,
2026-07-17,NSE,DRREDDY,raw_l2/trade_date=2026-07-17/exchange=NSE/symbol=DRREDDY/part-082811_331622-038473.parquet,real_data_sample\l2_unseen_validation\trade_date=2026-07-17\exchange=NSE\symbol=DRREDDY\part-082811_331622-038473.parquet,34931,downloaded,34931,
2026-07-17,NSE,DRREDDY,raw_l2/trade_date=2026-07-17/exchange=NSE/symbol=DRREDDY/part-082756_837998-038441.parquet,real_data_sample\l2_unseen_validation\trade_date=2026-07-17\exchange=NSE\symbol=DRREDDY\part-082756_837998-038441.parquet,34595,downloaded,34595,
2026-07-17,NSE,DRREDDY,raw_l2/trade_date=2026-07-17/exchange=NSE/symbol=DRREDDY/part-082840_363071-038537.parquet,real_data_sample\l2_unseen_validation\trade_date=2026-07-17\exchange=NSE\symbol=DRREDDY\part-082840_363071-038537.parquet,34616,downloaded,34616,
2026-07-17,NSE,DRREDDY,raw_l2/trade_date=2026-07-17/exchange=NSE/symbol=DRREDDY/part-082909_354903-038601.parquet,real_data_sample\l2_unseen_validation\trade_date=2026-07-17\exchange=NSE\symbol=DRREDDY\part-082909_354903-038601.parquet,34918,downloaded,34918,
2026-07-17,NSE,DRREDDY,raw_l2/trade_date=2026-07-17/exchange=NSE/symbol=DRREDDY/part-082854_804345-038569.parquet,real_data_sample\l2_unseen_validation\trade_date=2026-07-17\exchange=NSE\symbol=DRREDDY\part-082854_804345-038569.parquet,34751,downloaded,34751,
2026-07-17,NSE,DRREDDY,raw_l2/trade_date=2026-07-17/exchange=NSE/symbol=DRREDDY/part-082923_807020-038633.parquet,real_data_sample\l2_unseen_validation\trade_date=2026-07-17\exchange=NSE\symbol=DRREDDY\part-082923_807020-038633.parquet,34953,downloaded,34953,
2026-07-17,NSE,DRREDDY,raw_l2/trade_date=2026-07-17/exchange=NSE/symbol=DRREDDY/part-074833_653205-033161.parquet,real_data_sample\l2_unseen_validation\trade_date=2026-07-17\exchange=NSE\symbol=DRREDDY\part-074833_653205-033161.parquet,35066,downloaded,35066,
2026-07-17,NSE,DRREDDY,raw_l2/trade_date=2026-07-17/exchange=NSE/symbol=DRREDDY/part-083022_028307-038761.parquet,real_data_sample\l2_unseen_validation\trade_date=2026-07-17\exchange=NSE\symbol=DRREDDY\part-083022_028307-038761.parquet,35072,downloaded,35072,
2026-07-17,NSE,DRREDDY,raw_l2/trade_date=2026-07-17/exchange=NSE/symbol=DRREDDY/part-083050_828520-038825.parquet,real_data_sample\l2_unseen_validation\trade_date=2026-07-17\exchange=NSE\symbol=DRREDDY\part-083050_828520-038825.parquet,35001,downloaded,35001,
2026-07-17,NSE,DRREDDY,raw_l2/trade_date=2026-07-17/exchange=NSE/symbol=DRREDDY/part-082952_847245-038697.parquet,real_data_sample\l2_unseen_validation\trade_date=2026-07-17\exchange=NSE\symbol=DRREDDY\part-082952_847245-038697.parquet,34771,downloaded,34771,
2026-07-17,NSE,DRREDDY,raw_l2/trade_date=2026-07-17/exchange=NSE/symbol=DRREDDY/part-083007_573584-038729.parquet,real_data_sample\l2_unseen_validation\trade_date=2026-07-17\exchange=NSE\symbol=DRREDDY\part-083007_573584-038729.parquet,34786,downloaded,34786,
2026-07-17,NSE,DRREDDY,raw_l2/trade_date=2026-07-17/exchange=NSE/symbol=DRREDDY/part-083457_146632-039369.parquet,real_data_sample\l2_unseen_validation\trade_date=2026-07-17\exchange=NSE\symbol=DRREDDY\part-083457_146632-039369.parquet,34739,downloaded,34739,
2026-07-17,NSE,DRREDDY,raw_l2/trade_date=2026-07-17/exchange=NSE/symbol=DRREDDY/part-083302_078815-039113.parquet,real_data_sample\l2_unseen_validation\trade_date=2026-07-17\exchange=NSE\symbol=DRREDDY\part-083302_078815-039113.parquet,35137,downloaded,35137,
2026-07-17,NSE,DRREDDY,raw_l2/trade_date=2026-07-17/exchange=NSE/symbol=DRREDDY/part-083316_748414-039145.parquet,real_data_sample\l2_unseen_validation\trade_date=2026-07-17\exchange=NSE\symbol=DRREDDY\part-083316_748414-039145.parquet,35260,downloaded,35260,
2026-07-17,NSE,DRREDDY,raw_l2/trade_date=2026-07-17/exchange=NSE/symbol=DRREDDY/part-083036_305845-038793.parquet,real_data_sample\l2_unseen_validation\trade_date=2026-07-17\exchange=NSE\symbol=DRREDDY\part-083036_305845-038793.parquet,34943,downloaded,34943,
2026-07-17,NSE,DRREDDY,raw_l2/trade_date=2026-07-17/exchange=NSE/symbol=DRREDDY/part-083511_484182-039401.parquet,real_data_sample\l2_unseen_validation\trade_date=2026-07-17\exchange=NSE\symbol=DRREDDY\part-083511_484182-039401.parquet,34966,downloaded,34966,
2026-07-17,NSE,DRREDDY,raw_l2/trade_date=2026-07-17/exchange=NSE/symbol=DRREDDY/part-083359_781814-039241.parquet,real_data_sample\l2_unseen_validation\trade_date=2026-07-17\exchange=NSE\symbol=DRREDDY\part-083359_781814-039241.parquet,35519,downloaded,35519,
2026-07-17,NSE,DRREDDY,raw_l2/trade_date=2026-07-17/exchange=NSE/symbol=DRREDDY/part-083247_322398-039081.parquet,real_data_sample\l2_unseen_validation\trade_date=2026-07-17\exchange=NSE\symbol=DRREDDY\part-083247_322398-039081.parquet,34842,downloaded,34842,
2026-07-17,NSE,DRREDDY,raw_l2/trade_date=2026-07-17/exchange=NSE/symbol=DRREDDY/part-083345_278194-039209.parquet,real_data_sample\l2_unseen_validation\trade_date=2026-07-17\exchange=NSE\symbol=DRREDDY\part-083345_278194-039209.parquet,35498,downloaded,35498,
2026-07-17,NSE,DRREDDY,raw_l2/trade_date=2026-07-17/exchange=NSE/symbol=DRREDDY/part-083120_101069-038889.parquet,real_data_sample\l2_unseen_validation\trade_date=2026-07-17\exchange=NSE\symbol=DRREDDY\part-083120_101069-038889.parquet,35770,downloaded,35770,
2026-07-17,NSE,DRREDDY,raw_l2/trade_date=2026-07-17/exchange=NSE/symbol=DRREDDY/part-083525_710179-039433.parquet,real_data_sample\l2_unseen_validation\trade_date=2026-07-17\exchange=NSE\symbol=DRREDDY\part-083525_710179-039433.parquet,34692,downloaded,34692,
2026-07-17,NSE,DRREDDY,raw_l2/trade_date=2026-07-17/exchange=NSE/symbol=DRREDDY/part-083134_632867-038921.parquet,real_data_sample\l2_unseen_validation\trade_date=2026-07-17\exchange=NSE\symbol=DRREDDY\part-083134_632867-038921.parquet,35652,downloaded,35652,
2026-07-17,NSE,DRREDDY,raw_l2/trade_date=2026-07-17/exchange=NSE/symbol=DRREDDY/part-083105_201250-038857.parquet,real_data_sample\l2_unseen_validation\trade_date=2026-07-17\exchange=NSE\symbol=DRREDDY\part-083105_201250-038857.parquet,34877,downloaded,34877,
2026-07-17,NSE,DRREDDY,raw_l2/trade_date=2026-07-17/exchange=NSE/symbol=DRREDDY/part-083733_462402-039721.parquet,real_data_sample\l2_unseen_validation\trade_date=2026-07-17\exchange=NSE\symbol=DRREDDY\part-083733_462402-039721.parquet,34906,downloaded,34906,
2026-07-17,NSE,DRREDDY,raw_l2/trade_date=2026-07-17/exchange=NSE/symbol=DRREDDY/part-083232_816172-039049.parquet,real_data_sample\l2_unseen_validation\trade_date=2026-07-17\exchange=NSE\symbol=DRREDDY\part-083232_816172-039049.parquet,34891,downloaded,34891,
2026-07-17,NSE,DRREDDY,raw_l2/trade_date=2026-07-17/exchange=NSE/symbol=DRREDDY/part-083442_735524-039337.parquet,real_data_sample\l2_unseen_validation\trade_date=2026-07-17\exchange=NSE\symbol=DRREDDY\part-083442_735524-039337.parquet,34770,downloaded,34770,
2026-07-17,NSE,DRREDDY,raw_l2/trade_date=2026-07-17/exchange=NSE/symbol=DRREDDY/part-083331_102335-039177.parquet,real_data_sample\l2_unseen_validation\trade_date=2026-07-17\exchange=NSE\symbol=DRREDDY\part-083331_102335-039177.parquet,35719,downloaded,35719,
2026-07-17,NSE,DRREDDY,raw_l2/trade_date=2026-07-17/exchange=NSE/symbol=DRREDDY/part-083747_743957-039753.parquet,real_data_sample\l2_unseen_validation\trade_date=2026-07-17\exchange=NSE\symbol=DRREDDY\part-083747_743957-039753.parquet,34805,downloaded,34805,
2026-07-17,NSE,DRREDDY,raw_l2/trade_date=2026-07-17/exchange=NSE/symbol=DRREDDY/part-083414_097765-039273.parquet,real_data_sample\l2_unseen_validation\trade_date=2026-07-17\exchange=NSE\symbol=DRREDDY\part-083414_097765-039273.parquet,35213,downloaded,35213,
2026-07-17,NSE,DRREDDY,raw_l2/trade_date=2026-07-17/exchange=NSE/symbol=DRREDDY/part-083622_555388-039561.parquet,real_data_sample\l2_unseen_validation\trade_date=2026-07-17\exchange=NSE\symbol=DRREDDY\part-083622_555388-039561.parquet,34670,downloaded,34670,
2026-07-17,NSE,DRREDDY,raw_l2/trade_date=2026-07-17/exchange=NSE/symbol=DRREDDY/part-083539_768656-039465.parquet,real_data_sample\l2_unseen_validation\trade_date=2026-07-17\exchange=NSE\symbol=DRREDDY\part-083539_768656-039465.parquet,34668,downloaded,34668,
2026-07-17,NSE,DRREDDY,raw_l2/trade_date=2026-07-17/exchange=NSE/symbol=DRREDDY/part-083428_306000-039305.parquet,real_data_sample\l2_unseen_validation\trade_date=2026-07-17\exchange=NSE\symbol=DRREDDY\part-083428_306000-039305.parquet,34724,downloaded,34724,
2026-07-17,NSE,DRREDDY,raw_l2/trade_date=2026-07-17/exchange=NSE/symbol=DRREDDY/part-083650_988710-039625.parquet,real_data_sample\l2_unseen_validation\trade_date=2026-07-17\exchange=NSE\symbol=DRREDDY\part-083650_988710-039625.parquet,34969,downloaded,34969,
2026-07-17,NSE,DRREDDY,raw_l2/trade_date=2026-07-17/exchange=NSE/symbol=DRREDDY/part-083608_025037-039529.parquet,real_data_sample\l2_unseen_validation\trade_date=2026-07-17\exchange=NSE\symbol=DRREDDY\part-083608_025037-039529.parquet,34603,downloaded,34603,
2026-07-17,NSE,DRREDDY,raw_l2/trade_date=2026-07-17/exchange=NSE/symbol=DRREDDY/part-083705_229357-039657.parquet,real_data_sample\l2_unseen_validation\trade_date=2026-07-17\exchange=NSE\symbol=DRREDDY\part-083705_229357-039657.parquet,34821,downloaded,34821,
2026-07-17,NSE,DRREDDY,raw_l2/trade_date=2026-07-17/exchange=NSE/symbol=DRREDDY/part-083203_501232-038985.parquet,real_data_sample\l2_unseen_validation\trade_date=2026-07-17\exchange=NSE\symbol=DRREDDY\part-083203_501232-038985.parquet,35868,downloaded,35868,
2026-07-17,NSE,DRREDDY,raw_l2/trade_date=2026-07-17/exchange=NSE/symbol=DRREDDY/part-083636_740651-039593.parquet,real_data_sample\l2_unseen_validation\trade_date=2026-07-17\exchange=NSE\symbol=DRREDDY\part-083636_740651-039593.parquet,34764,downloaded,34764,
2026-07-17,NSE,DRREDDY,raw_l2/trade_date=2026-07-17/exchange=NSE/symbol=DRREDDY/part-083554_014997-039497.parquet,real_data_sample\l2_unseen_validation\trade_date=2026-07-17\exchange=NSE\symbol=DRREDDY\part-083554_014997-039497.parquet,34765,downloaded,34765,
2026-07-17,NSE,DRREDDY,raw_l2/trade_date=2026-07-17/exchange=NSE/symbol=DRREDDY/part-083149_340610-038953.parquet,real_data_sample\l2_unseen_validation\trade_date=2026-07-17\exchange=NSE\symbol=DRREDDY\part-083149_340610-038953.parquet,35784,downloaded,35784,
2026-07-17,NSE,DRREDDY,raw_l2/trade_date=2026-07-17/exchange=NSE/symbol=DRREDDY/part-083802_095902-039785.parquet,real_data_sample\l2_unseen_validation\trade_date=2026-07-17\exchange=NSE\symbol=DRREDDY\part-083802_095902-039785.parquet,34813,downloaded,34813,
2026-07-17,NSE,DRREDDY,raw_l2/trade_date=2026-07-17/exchange=NSE/symbol=DRREDDY/part-083816_289414-039817.parquet,real_data_sample\l2_unseen_validation\trade_date=2026-07-17\exchange=NSE\symbol=DRREDDY\part-083816_289414-039817.parquet,34809,downloaded,34809,
2026-07-17,NSE,DRREDDY,raw_l2/trade_date=2026-07-17/exchange=NSE/symbol=DRREDDY/part-083830_623667-039849.parquet,real_data_sample\l2_unseen_validation\trade_date=2026-07-17\exchange=NSE\symbol=DRREDDY\part-083830_623667-039849.parquet,34632,downloaded,34632,
2026-07-17,NSE,DRREDDY,raw_l2/trade_date=2026-07-17/exchange=NSE/symbol=DRREDDY/part-084054_130220-040169.parquet,real_data_sample\l2_unseen_validation\trade_date=2026-07-17\exchange=NSE\symbol=DRREDDY\part-084054_130220-040169.parquet,34618,downloaded,34618,
2026-07-17,NSE,DRREDDY,raw_l2/trade_date=2026-07-17/exchange=NSE/symbol=DRREDDY/part-084039_526158-040137.parquet,real_data_sample\l2_unseen_validation\trade_date=2026-07-17\exchange=NSE\symbol=DRREDDY\part-084039_526158-040137.parquet,34822,downloaded,34822,
2026-07-17,NSE,DRREDDY,raw_l2/trade_date=2026-07-17/exchange=NSE/symbol=DRREDDY/part-083942_359758-040009.parquet,real_data_sample\l2_unseen_validation\trade_date=2026-07-17\exchange=NSE\symbol=DRREDDY\part-083942_359758-040009.parquet,35455,downloaded,35455,
2026-07-17,NSE,DRREDDY,raw_l2/trade_date=2026-07-17/exchange=NSE/symbol=DRREDDY/part-084346_297938-040553.parquet,real_data_sample\l2_unseen_validation\trade_date=2026-07-17\exchange=NSE\symbol=DRREDDY\part-084346_297938-040553.parquet,34666,downloaded,34666,
2026-07-17,NSE,DRREDDY,raw_l2/trade_date=2026-07-17/exchange=NSE/symbol=DRREDDY/part-084025_249286-040105.parquet,real_data_sample\l2_unseen_validation\trade_date=2026-07-17\exchange=NSE\symbol=DRREDDY\part-084025_249286-040105.parquet,34711,downloaded,34711,
2026-07-17,NSE,DRREDDY,raw_l2/trade_date=2026-07-17/exchange=NSE/symbol=DRREDDY/part-083956_501991-040041.parquet,real_data_sample\l2_unseen_validation\trade_date=2026-07-17\exchange=NSE\symbol=DRREDDY\part-083956_501991-040041.parquet,35477,downloaded,35477,
2026-07-17,NSE,DRREDDY,raw_l2/trade_date=2026-07-17/exchange=NSE/symbol=DRREDDY/part-084429_641023-040649.parquet,real_data_sample\l2_unseen_validation\trade_date=2026-07-17\exchange=NSE\symbol=DRREDDY\part-084429_641023-040649.parquet,34814,downloaded,34814,
2026-07-17,NSE,DRREDDY,raw_l2/trade_date=2026-07-17/exchange=NSE/symbol=DRREDDY/part-083928_042617-039977.parquet,real_data_sample\l2_unseen_validation\trade_date=2026-07-17\exchange=NSE\symbol=DRREDDY\part-083928_042617-039977.parquet,35453,downloaded,35453,
2026-07-17,NSE,DRREDDY,raw_l2/trade_date=2026-07-17/exchange=NSE/symbol=DRREDDY/part-084011_067786-040073.parquet,real_data_sample\l2_unseen_validation\trade_date=2026-07-17\exchange=NSE\symbol=DRREDDY\part-084011_067786-040073.parquet,35623,downloaded,35623,
2026-07-17,NSE,DRREDDY,raw_l2/trade_date=2026-07-17/exchange=NSE/symbol=DRREDDY/part-084122_318188-040233.parquet,real_data_sample\l2_unseen_validation\trade_date=2026-07-17\exchange=NSE\symbol=DRREDDY\part-084122_318188-040233.parquet,34745,downloaded,34745,
2026-07-17,NSE,DRREDDY,raw_l2/trade_date=2026-07-17/exchange=NSE/symbol=DRREDDY/part-083859_337672-039913.parquet,real_data_sample\l2_unseen_validation\trade_date=2026-07-17\exchange=NSE\symbol=DRREDDY\part-083859_337672-039913.parquet,34836,downloaded,34836,
2026-07-17,NSE,DRREDDY,raw_l2/trade_date=2026-07-17/exchange=NSE/symbol=DRREDDY/part-084400_807139-040585.parquet,real_data_sample\l2_unseen_validation\trade_date=2026-07-17\exchange=NSE\symbol=DRREDDY\part-084400_807139-040585.parquet,34860,downloaded,34860,
2026-07-17,NSE,DRREDDY,raw_l2/trade_date=2026-07-17/exchange=NSE/symbol=DRREDDY/part-084512_972248-040745.parquet,real_data_sample\l2_unseen_validation\trade_date=2026-07-17\exchange=NSE\symbol=DRREDDY\part-084512_972248-040745.parquet,34677,downloaded,34677,
2026-07-17,NSE,DRREDDY,raw_l2/trade_date=2026-07-17/exchange=NSE/symbol=DRREDDY/part-084444_029309-040681.parquet,real_data_sample\l2_unseen_validation\trade_date=2026-07-17\exchange=NSE\symbol=DRREDDY\part-084444_029309-040681.parquet,35045,downloaded,35045,
2026-07-17,NSE,DRREDDY,raw_l2/trade_date=2026-07-17/exchange=NSE/symbol=DRREDDY/part-084108_205852-040201.parquet,real_data_sample\l2_unseen_validation\trade_date=2026-07-17\exchange=NSE\symbol=DRREDDY\part-084108_205852-040201.parquet,34728,downloaded,34728,
2026-07-17,NSE,DRREDDY,raw_l2/trade_date=2026-07-17/exchange=NSE/symbol=DRREDDY/part-084415_178586-040617.parquet,real_data_sample\l2_unseen_validation\trade_date=2026-07-17\exchange=NSE\symbol=DRREDDY\part-084415_178586-040617.parquet,34666,downloaded,34666,
2026-07-17,NSE,DRREDDY,raw_l2/trade_date=2026-07-17/exchange=NSE/symbol=DRREDDY/part-084527_363363-040777.parquet,real_data_sample\l2_unseen_validation\trade_date=2026-07-17\exchange=NSE\symbol=DRREDDY\part-084527_363363-040777.parquet,34734,downloaded,34734,
2026-07-17,NSE,DRREDDY,raw_l2/trade_date=2026-07-17/exchange=NSE/symbol=DRREDDY/part-084220_045317-040361.parquet,real_data_sample\l2_unseen_validation\trade_date=2026-07-17\exchange=NSE\symbol=DRREDDY\part-084220_045317-040361.parquet,34814,downloaded,34814,
2026-07-17,NSE,DRREDDY,raw_l2/trade_date=2026-07-17/exchange=NSE/symbol=DRREDDY/part-084248_601093-040425.parquet,real_data_sample\l2_unseen_validation\trade_date=2026-07-17\exchange=NSE\symbol=DRREDDY\part-084248_601093-040425.parquet,34730,downloaded,34730,
2026-07-17,NSE,DRREDDY,raw_l2/trade_date=2026-07-17/exchange=NSE/symbol=DRREDDY/part-084458_352319-040713.parquet,real_data_sample\l2_unseen_validation\trade_date=2026-07-17\exchange=NSE\symbol=DRREDDY\part-084458_352319-040713.parquet,34958,downloaded,34958,
2026-07-17,NSE,DRREDDY,raw_l2/trade_date=2026-07-17/exchange=NSE/symbol=DRREDDY/part-083913_736785-039945.parquet,real_data_sample\l2_unseen_validation\trade_date=2026-07-17\exchange=NSE\symbol=DRREDDY\part-083913_736785-039945.parquet,35194,downloaded,35194,
2026-07-17,NSE,DRREDDY,raw_l2/trade_date=2026-07-17/exchange=NSE/symbol=DRREDDY/part-084331_865430-040521.parquet,real_data_sample\l2_unseen_validation\trade_date=2026-07-17\exchange=NSE\symbol=DRREDDY\part-084331_865430-040521.parquet,34797,downloaded,34797,
2026-07-17,NSE,DRREDDY,raw_l2/trade_date=2026-07-17/exchange=NSE/symbol=DRREDDY/part-083844_981319-039881.parquet,real_data_sample\l2_unseen_validation\trade_date=2026-07-17\exchange=NSE\symbol=DRREDDY\part-083844_981319-039881.parquet,34686,downloaded,34686,
2026-07-17,NSE,DRREDDY,raw_l2/trade_date=2026-07-17/exchange=NSE/symbol=DRREDDY/part-084151_265265-040297.parquet,real_data_sample\l2_unseen_validation\trade_date=2026-07-17\exchange=NSE\symbol=DRREDDY\part-084151_265265-040297.parquet,35002,downloaded,35002,
2026-07-17,NSE,DRREDDY,raw_l2/trade_date=2026-07-17/exchange=NSE/symbol=DRREDDY/part-084205_554252-040329.parquet,real_data_sample\l2_unseen_validation\trade_date=2026-07-17\exchange=NSE\symbol=DRREDDY\part-084205_554252-040329.parquet,34783,downloaded,34783,
2026-07-17,NSE,DRREDDY,raw_l2/trade_date=2026-07-17/exchange=NSE/symbol=DRREDDY/part-084303_030704-040457.parquet,real_data_sample\l2_unseen_validation\trade_date=2026-07-17\exchange=NSE\symbol=DRREDDY\part-084303_030704-040457.parquet,34938,downloaded,34938,
2026-07-17,NSE,DRREDDY,raw_l2/trade_date=2026-07-17/exchange=NSE/symbol=DRREDDY/part-084317_499099-040489.parquet,real_data_sample\l2_unseen_validation\trade_date=2026-07-17\exchange=NSE\symbol=DRREDDY\part-084317_499099-040489.parquet,34458,downloaded,34458,
2026-07-17,NSE,DRREDDY,raw_l2/trade_date=2026-07-17/exchange=NSE/symbol=DRREDDY/part-084136_810481-040265.parquet,real_data_sample\l2_unseen_validation\trade_date=2026-07-17\exchange=NSE\symbol=DRREDDY\part-084136_810481-040265.parquet,34878,downloaded,34878,
2026-07-17,NSE,DRREDDY,raw_l2/trade_date=2026-07-17/exchange=NSE/symbol=DRREDDY/part-084234_366828-040393.parquet,real_data_sample\l2_unseen_validation\trade_date=2026-07-17\exchange=NSE\symbol=DRREDDY\part-084234_366828-040393.parquet,34901,downloaded,34901,
2026-07-17,NSE,DRREDDY,raw_l2/trade_date=2026-07-17/exchange=NSE/symbol=DRREDDY/part-084556_013627-040841.parquet,real_data_sample\l2_unseen_validation\trade_date=2026-07-17\exchange=NSE\symbol=DRREDDY\part-084556_013627-040841.parquet,34705,downloaded,34705,
2026-07-17,NSE,DRREDDY,raw_l2/trade_date=2026-07-17/exchange=NSE/symbol=DRREDDY/part-084541_831502-040809.parquet,real_data_sample\l2_unseen_validation\trade_date=2026-07-17\exchange=NSE\symbol=DRREDDY\part-084541_831502-040809.parquet,34775,downloaded,34775,
2026-07-17,NSE,DRREDDY,raw_l2/trade_date=2026-07-17/exchange=NSE/symbol=DRREDDY/part-083218_184625-039017.parquet,real_data_sample\l2_unseen_validation\trade_date=2026-07-17\exchange=NSE\symbol=DRREDDY\part-083218_184625-039017.parquet,34897,downloaded,34897,
2026-07-17,NSE,DRREDDY,raw_l2/trade_date=2026-07-17/exchange=NSE/symbol=DRREDDY/part-083719_311760-039689.parquet,real_data_sample\l2_unseen_validation\trade_date=2026-07-17\exchange=NSE\symbol=DRREDDY\part-083719_311760-039689.parquet,34927,downloaded,34927,
2026-07-17,NSE,DRREDDY,raw_l2/trade_date=2026-07-17/exchange=NSE/symbol=DRREDDY/part-084610_548323-040873.parquet,real_data_sample\l2_unseen_validation\trade_date=2026-07-17\exchange=NSE\symbol=DRREDDY\part-084610_548323-040873.parquet,34474,downloaded,34474,
2026-07-17,NSE,DRREDDY,raw_l2/trade_date=2026-07-17/exchange=NSE/symbol=DRREDDY/part-084624_745941-040905.parquet,real_data_sample\l2_unseen_validation\trade_date=2026-07-17\exchange=NSE\symbol=DRREDDY\part-084624_745941-040905.parquet,34501,downloaded,34501,
2026-07-17,NSE,DRREDDY,raw_l2/trade_date=2026-07-17/exchange=NSE/symbol=DRREDDY/part-084639_048600-040937.parquet,real_data_sample\l2_unseen_validation\trade_date=2026-07-17\exchange=NSE\symbol=DRREDDY\part-084639_048600-040937.parquet,34655,downloaded,34655,
2026-07-17,NSE,DRREDDY,raw_l2/trade_date=2026-07-17/exchange=NSE/symbol=DRREDDY/part-084653_337642-040969.parquet,real_data_sample\l2_unseen_validation\trade_date=2026-07-17\exchange=NSE\symbol=DRREDDY\part-084653_337642-040969.parquet,34730,downloaded,34730,
2026-07-17,NSE,DRREDDY,raw_l2/trade_date=2026-07-17/exchange=NSE/symbol=DRREDDY/part-084707_556412-041001.parquet,real_data_sample\l2_unseen_validation\trade_date=2026-07-17\exchange=NSE\symbol=DRREDDY\part-084707_556412-041001.parquet,34493,downloaded,34493,
2026-07-17,NSE,DRREDDY,raw_l2/trade_date=2026-07-17/exchange=NSE/symbol=DRREDDY/part-084721_787477-041033.parquet,real_data_sample\l2_unseen_validation\trade_date=2026-07-17\exchange=NSE\symbol=DRREDDY\part-084721_787477-041033.parquet,34722,downloaded,34722,
2026-07-17,NSE,DRREDDY,raw_l2/trade_date=2026-07-17/exchange=NSE/symbol=DRREDDY/part-084735_963958-041065.parquet,real_data_sample\l2_unseen_validation\trade_date=2026-07-17\exchange=NSE\symbol=DRREDDY\part-084735_963958-041065.parquet,34687,downloaded,34687,
2026-07-17,NSE,DRREDDY,raw_l2/trade_date=2026-07-17/exchange=NSE/symbol=DRREDDY/part-085014_885855-041417.parquet,real_data_sample\l2_unseen_validation\trade_date=2026-07-17\exchange=NSE\symbol=DRREDDY\part-085014_885855-041417.parquet,34683,downloaded,34683,
2026-07-17,NSE,DRREDDY,raw_l2/trade_date=2026-07-17/exchange=NSE/symbol=DRREDDY/part-085000_352366-041385.parquet,real_data_sample\l2_unseen_validation\trade_date=2026-07-17\exchange=NSE\symbol=DRREDDY\part-085000_352366-041385.parquet,34733,downloaded,34733,
2026-07-17,NSE,DRREDDY,raw_l2/trade_date=2026-07-17/exchange=NSE/symbol=DRREDDY/part-084804_492967-041129.parquet,real_data_sample\l2_unseen_validation\trade_date=2026-07-17\exchange=NSE\symbol=DRREDDY\part-084804_492967-041129.parquet,34791,downloaded,34791,
2026-07-17,NSE,DRREDDY,raw_l2/trade_date=2026-07-17/exchange=NSE/symbol=DRREDDY/part-084833_106102-041193.parquet,real_data_sample\l2_unseen_validation\trade_date=2026-07-17\exchange=NSE\symbol=DRREDDY\part-084833_106102-041193.parquet,34831,downloaded,34831,
2026-07-17,NSE,DRREDDY,raw_l2/trade_date=2026-07-17/exchange=NSE/symbol=DRREDDY/part-085112_496956-041545.parquet,real_data_sample\l2_unseen_validation\trade_date=2026-07-17\exchange=NSE\symbol=DRREDDY\part-085112_496956-041545.parquet,34721,downloaded,34721,
2026-07-17,NSE,DRREDDY,raw_l2/trade_date=2026-07-17/exchange=NSE/symbol=DRREDDY/part-085254_680368-041769.parquet,real_data_sample\l2_unseen_validation\trade_date=2026-07-17\exchange=NSE\symbol=DRREDDY\part-085254_680368-041769.parquet,34658,downloaded,34658,
2026-07-17,NSE,DRREDDY,raw_l2/trade_date=2026-07-17/exchange=NSE/symbol=DRREDDY/part-085029_164062-041449.parquet,real_data_sample\l2_unseen_validation\trade_date=2026-07-17\exchange=NSE\symbol=DRREDDY\part-085029_164062-041449.parquet,34665,downloaded,34665,
2026-07-17,NSE,DRREDDY,raw_l2/trade_date=2026-07-17/exchange=NSE/symbol=DRREDDY/part-084847_585411-041225.parquet,real_data_sample\l2_unseen_validation\trade_date=2026-07-17\exchange=NSE\symbol=DRREDDY\part-084847_585411-041225.parquet,34703,downloaded,34703,
2026-07-17,NSE,DRREDDY,raw_l2/trade_date=2026-07-17/exchange=NSE/symbol=DRREDDY/part-084818_805499-041161.parquet,real_data_sample\l2_unseen_validation\trade_date=2026-07-17\exchange=NSE\symbol=DRREDDY\part-084818_805499-041161.parquet,34725,downloaded,34725,
2026-07-17,NSE,DRREDDY,raw_l2/trade_date=2026-07-17/exchange=NSE/symbol=DRREDDY/part-085043_259938-041481.parquet,real_data_sample\l2_unseen_validation\trade_date=2026-07-17\exchange=NSE\symbol=DRREDDY\part-085043_259938-041481.parquet,34506,downloaded,34506,
2026-07-17,NSE,DRREDDY,raw_l2/trade_date=2026-07-17/exchange=NSE/symbol=DRREDDY/part-084931_288187-041321.parquet,real_data_sample\l2_unseen_validation\trade_date=2026-07-17\exchange=NSE\symbol=DRREDDY\part-084931_288187-041321.parquet,34743,downloaded,34743,
2026-07-17,NSE,DRREDDY,raw_l2/trade_date=2026-07-17/exchange=NSE/symbol=DRREDDY/part-085408_272068-041929.parquet,real_data_sample\l2_unseen_validation\trade_date=2026-07-17\exchange=NSE\symbol=DRREDDY\part-085408_272068-041929.parquet,34614,downloaded,34614,
2026-07-17,NSE,DRREDDY,raw_l2/trade_date=2026-07-17/exchange=NSE/symbol=DRREDDY/part-085309_525212-041801.parquet,real_data_sample\l2_unseen_validation\trade_date=2026-07-17\exchange=NSE\symbol=DRREDDY\part-085309_525212-041801.parquet,35029,downloaded,35029,
2026-07-17,NSE,DRREDDY,raw_l2/trade_date=2026-07-17/exchange=NSE/symbol=DRREDDY/part-085436_851314-041993.parquet,real_data_sample\l2_unseen_validation\trade_date=2026-07-17\exchange=NSE\symbol=DRREDDY\part-085436_851314-041993.parquet,34661,downloaded,34661,
2026-07-17,NSE,DRREDDY,raw_l2/trade_date=2026-07-17/exchange=NSE/symbol=DRREDDY/part-085225_152044-041705.parquet,real_data_sample\l2_unseen_validation\trade_date=2026-07-17\exchange=NSE\symbol=DRREDDY\part-085225_152044-041705.parquet,34885,downloaded,34885,
2026-07-17,NSE,DRREDDY,raw_l2/trade_date=2026-07-17/exchange=NSE/symbol=DRREDDY/part-084945_804430-041353.parquet,real_data_sample\l2_unseen_validation\trade_date=2026-07-17\exchange=NSE\symbol=DRREDDY\part-084945_804430-041353.parquet,34659,downloaded,34659,
2026-07-17,NSE,DRREDDY,raw_l2/trade_date=2026-07-17/exchange=NSE/symbol=DRREDDY/part-084916_649784-041289.parquet,real_data_sample\l2_unseen_validation\trade_date=2026-07-17\exchange=NSE\symbol=DRREDDY\part-084916_649784-041289.parquet,34692,downloaded,34692,
2026-07-17,NSE,DRREDDY,raw_l2/trade_date=2026-07-17/exchange=NSE/symbol=DRREDDY/part-085451_262962-042025.parquet,real_data_sample\l2_unseen_validation\trade_date=2026-07-17\exchange=NSE\symbol=DRREDDY\part-085451_262962-042025.parquet,34758,downloaded,34758,
2026-07-17,NSE,DRREDDY,raw_l2/trade_date=2026-07-17/exchange=NSE/symbol=DRREDDY/part-084902_111364-041257.parquet,real_data_sample\l2_unseen_validation\trade_date=2026-07-17\exchange=NSE\symbol=DRREDDY\part-084902_111364-041257.parquet,34782,downloaded,34782,
2026-07-17,NSE,DRREDDY,raw_l2/trade_date=2026-07-17/exchange=NSE/symbol=DRREDDY/part-085339_789642-041865.parquet,real_data_sample\l2_unseen_validation\trade_date=2026-07-17\exchange=NSE\symbol=DRREDDY\part-085339_789642-041865.parquet,34672,downloaded,34672,
2026-07-17,NSE,DRREDDY,raw_l2/trade_date=2026-07-17/exchange=NSE/symbol=DRREDDY/part-085239_818053-041737.parquet,real_data_sample\l2_unseen_validation\trade_date=2026-07-17\exchange=NSE\symbol=DRREDDY\part-085239_818053-041737.parquet,34685,downloaded,34685,
2026-07-17,NSE,DRREDDY,raw_l2/trade_date=2026-07-17/exchange=NSE/symbol=DRREDDY/part-085210_602547-041673.parquet,real_data_sample\l2_unseen_validation\trade_date=2026-07-17\exchange=NSE\symbol=DRREDDY\part-085210_602547-041673.parquet,34700,downloaded,34700,
2026-07-17,NSE,DRREDDY,raw_l2/trade_date=2026-07-17/exchange=NSE/symbol=DRREDDY/part-085057_805427-041513.parquet,real_data_sample\l2_unseen_validation\trade_date=2026-07-17\exchange=NSE\symbol=DRREDDY\part-085057_805427-041513.parquet,34719,downloaded,34719,
2026-07-17,NSE,DRREDDY,raw_l2/trade_date=2026-07-17/exchange=NSE/symbol=DRREDDY/part-084750_317957-041097.parquet,real_data_sample\l2_unseen_validation\trade_date=2026-07-17\exchange=NSE\symbol=DRREDDY\part-084750_317957-041097.parquet,34706,downloaded,34706,
2026-07-17,NSE,DRREDDY,raw_l2/trade_date=2026-07-17/exchange=NSE/symbol=DRREDDY/part-085353_971671-041897.parquet,real_data_sample\l2_unseen_validation\trade_date=2026-07-17\exchange=NSE\symbol=DRREDDY\part-085353_971671-041897.parquet,34902,downloaded,34902,
2026-07-17,NSE,DRREDDY,raw_l2/trade_date=2026-07-17/exchange=NSE/symbol=DRREDDY/part-085324_810007-041833.parquet,real_data_sample\l2_unseen_validation\trade_date=2026-07-17\exchange=NSE\symbol=DRREDDY\part-085324_810007-041833.parquet,34585,downloaded,34585,
2026-07-17,NSE,DRREDDY,raw_l2/trade_date=2026-07-17/exchange=NSE/symbol=DRREDDY/part-085422_485418-041961.parquet,real_data_sample\l2_unseen_validation\trade_date=2026-07-17\exchange=NSE\symbol=DRREDDY\part-085422_485418-041961.parquet,34706,downloaded,34706,
2026-07-17,NSE,DRREDDY,raw_l2/trade_date=2026-07-17/exchange=NSE/symbol=DRREDDY/part-085127_103949-041577.parquet,real_data_sample\l2_unseen_validation\trade_date=2026-07-17\exchange=NSE\symbol=DRREDDY\part-085127_103949-041577.parquet,34718,downloaded,34718,
2026-07-17,NSE,DRREDDY,raw_l2/trade_date=2026-07-17/exchange=NSE/symbol=DRREDDY/part-085141_383377-041609.parquet,real_data_sample\l2_unseen_validation\trade_date=2026-07-17\exchange=NSE\symbol=DRREDDY\part-085141_383377-041609.parquet,34669,downloaded,34669,
2026-07-17,NSE,DRREDDY,raw_l2/trade_date=2026-07-17/exchange=NSE/symbol=DRREDDY/part-085505_646130-042057.parquet,real_data_sample\l2_unseen_validation\trade_date=2026-07-17\exchange=NSE\symbol=DRREDDY\part-085505_646130-042057.parquet,34722,downloaded,34722,
2026-07-17,NSE,DRREDDY,raw_l2/trade_date=2026-07-17/exchange=NSE/symbol=DRREDDY/part-085645_019618-042281.parquet,real_data_sample\l2_unseen_validation\trade_date=2026-07-17\exchange=NSE\symbol=DRREDDY\part-085645_019618-042281.parquet,34710,downloaded,34710,
2026-07-17,NSE,DRREDDY,raw_l2/trade_date=2026-07-17/exchange=NSE/symbol=DRREDDY/part-085534_017399-042121.parquet,real_data_sample\l2_unseen_validation\trade_date=2026-07-17\exchange=NSE\symbol=DRREDDY\part-085534_017399-042121.parquet,34572,downloaded,34572,
2026-07-17,NSE,DRREDDY,raw_l2/trade_date=2026-07-17/exchange=NSE/symbol=DRREDDY/part-085825_334291-042505.parquet,real_data_sample\l2_unseen_validation\trade_date=2026-07-17\exchange=NSE\symbol=DRREDDY\part-085825_334291-042505.parquet,34626,downloaded,34626,
2026-07-17,NSE,DRREDDY,raw_l2/trade_date=2026-07-17/exchange=NSE/symbol=DRREDDY/part-085519_811178-042089.parquet,real_data_sample\l2_unseen_validation\trade_date=2026-07-17\exchange=NSE\symbol=DRREDDY\part-085519_811178-042089.parquet,34684,downloaded,34684,
2026-07-17,NSE,DRREDDY,raw_l2/trade_date=2026-07-17/exchange=NSE/symbol=DRREDDY/part-085839_839920-042537.parquet,real_data_sample\l2_unseen_validation\trade_date=2026-07-17\exchange=NSE\symbol=DRREDDY\part-085839_839920-042537.parquet,34614,downloaded,34614,
2026-07-17,NSE,DRREDDY,raw_l2/trade_date=2026-07-17/exchange=NSE/symbol=DRREDDY/part-090050_662770-042825.parquet,real_data_sample\l2_unseen_validation\trade_date=2026-07-17\exchange=NSE\symbol=DRREDDY\part-090050_662770-042825.parquet,34726,downloaded,34726,
2026-07-17,NSE,DRREDDY,raw_l2/trade_date=2026-07-17/exchange=NSE/symbol=DRREDDY/part-085602_462015-042185.parquet,real_data_sample\l2_unseen_validation\trade_date=2026-07-17\exchange=NSE\symbol=DRREDDY\part-085602_462015-042185.parquet,34726,downloaded,34726,
2026-07-17,NSE,DRREDDY,raw_l2/trade_date=2026-07-17/exchange=NSE/symbol=DRREDDY/part-090231_609922-043049.parquet,real_data_sample\l2_unseen_validation\trade_date=2026-07-17\exchange=NSE\symbol=DRREDDY\part-090231_609922-043049.parquet,34699,downloaded,34699,
2026-07-17,NSE,DRREDDY,raw_l2/trade_date=2026-07-17/exchange=NSE/symbol=DRREDDY/part-085548_225315-042153.parquet,real_data_sample\l2_unseen_validation\trade_date=2026-07-17\exchange=NSE\symbol=DRREDDY\part-085548_225315-042153.parquet,34684,downloaded,34684,
2026-07-17,NSE,DRREDDY,raw_l2/trade_date=2026-07-17/exchange=NSE/symbol=DRREDDY/part-085908_800028-042601.parquet,real_data_sample\l2_unseen_validation\trade_date=2026-07-17\exchange=NSE\symbol=DRREDDY\part-085908_800028-042601.parquet,34873,downloaded,34873,
2026-07-17,NSE,DRREDDY,raw_l2/trade_date=2026-07-17/exchange=NSE/symbol=DRREDDY/part-090007_432156-042729.parquet,real_data_sample\l2_unseen_validation\trade_date=2026-07-17\exchange=NSE\symbol=DRREDDY\part-090007_432156-042729.parquet,34614,downloaded,34614,
2026-07-17,NSE,DRREDDY,raw_l2/trade_date=2026-07-17/exchange=NSE/symbol=DRREDDY/part-085616_534499-042217.parquet,real_data_sample\l2_unseen_validation\trade_date=2026-07-17\exchange=NSE\symbol=DRREDDY\part-085616_534499-042217.parquet,34723,downloaded,34723,
2026-07-17,NSE,DRREDDY,raw_l2/trade_date=2026-07-17/exchange=NSE/symbol=DRREDDY/part-085811_026126-042473.parquet,real_data_sample\l2_unseen_validation\trade_date=2026-07-17\exchange=NSE\symbol=DRREDDY\part-085811_026126-042473.parquet,34924,downloaded,34924,
2026-07-17,NSE,DRREDDY,raw_l2/trade_date=2026-07-17/exchange=NSE/symbol=DRREDDY/part-085713_619484-042345.parquet,real_data_sample\l2_unseen_validation\trade_date=2026-07-17\exchange=NSE\symbol=DRREDDY\part-085713_619484-042345.parquet,34707,downloaded,34707,
2026-07-17,NSE,DRREDDY,raw_l2/trade_date=2026-07-17/exchange=NSE/symbol=DRREDDY/part-085756_605960-042441.parquet,real_data_sample\l2_unseen_validation\trade_date=2026-07-17\exchange=NSE\symbol=DRREDDY\part-085756_605960-042441.parquet,34748,downloaded,34748,
2026-07-17,NSE,DRREDDY,raw_l2/trade_date=2026-07-17/exchange=NSE/symbol=DRREDDY/part-085630_818733-042249.parquet,real_data_sample\l2_unseen_validation\trade_date=2026-07-17\exchange=NSE\symbol=DRREDDY\part-085630_818733-042249.parquet,34694,downloaded,34694,
2026-07-17,NSE,DRREDDY,raw_l2/trade_date=2026-07-17/exchange=NSE/symbol=DRREDDY/part-085659_271446-042313.parquet,real_data_sample\l2_unseen_validation\trade_date=2026-07-17\exchange=NSE\symbol=DRREDDY\part-085659_271446-042313.parquet,34742,downloaded,34742,
2026-07-17,NSE,DRREDDY,raw_l2/trade_date=2026-07-17/exchange=NSE/symbol=DRREDDY/part-085727_713039-042377.parquet,real_data_sample\l2_unseen_validation\trade_date=2026-07-17\exchange=NSE\symbol=DRREDDY\part-085727_713039-042377.parquet,34820,downloaded,34820,
2026-07-17,NSE,DRREDDY,raw_l2/trade_date=2026-07-17/exchange=NSE/symbol=DRREDDY/part-085854_346415-042569.parquet,real_data_sample\l2_unseen_validation\trade_date=2026-07-17\exchange=NSE\symbol=DRREDDY\part-085854_346415-042569.parquet,34691,downloaded,34691,
2026-07-17,NSE,DRREDDY,raw_l2/trade_date=2026-07-17/exchange=NSE/symbol=DRREDDY/part-085923_404856-042633.parquet,real_data_sample\l2_unseen_validation\trade_date=2026-07-17\exchange=NSE\symbol=DRREDDY\part-085923_404856-042633.parquet,34760,downloaded,34760,
2026-07-17,NSE,DRREDDY,raw_l2/trade_date=2026-07-17/exchange=NSE/symbol=DRREDDY/part-085952_895769-042697.parquet,real_data_sample\l2_unseen_validation\trade_date=2026-07-17\exchange=NSE\symbol=DRREDDY\part-085952_895769-042697.parquet,34694,downloaded,34694,
2026-07-17,NSE,DRREDDY,raw_l2/trade_date=2026-07-17/exchange=NSE/symbol=DRREDDY/part-085938_148427-042665.parquet,real_data_sample\l2_unseen_validation\trade_date=2026-07-17\exchange=NSE\symbol=DRREDDY\part-085938_148427-042665.parquet,34834,downloaded,34834,
2026-07-17,NSE,DRREDDY,raw_l2/trade_date=2026-07-17/exchange=NSE/symbol=DRREDDY/part-085742_089907-042409.parquet,real_data_sample\l2_unseen_validation\trade_date=2026-07-17\exchange=NSE\symbol=DRREDDY\part-085742_089907-042409.parquet,34714,downloaded,34714,
2026-07-17,NSE,DRREDDY,raw_l2/trade_date=2026-07-17/exchange=NSE/symbol=DRREDDY/part-090134_361016-042921.parquet,real_data_sample\l2_unseen_validation\trade_date=2026-07-17\exchange=NSE\symbol=DRREDDY\part-090134_361016-042921.parquet,34648,downloaded,34648,
2026-07-17,NSE,DRREDDY,raw_l2/trade_date=2026-07-17/exchange=NSE/symbol=DRREDDY/part-090036_173060-042793.parquet,real_data_sample\l2_unseen_validation\trade_date=2026-07-17\exchange=NSE\symbol=DRREDDY\part-090036_173060-042793.parquet,34702,downloaded,34702,
2026-07-17,NSE,DRREDDY,raw_l2/trade_date=2026-07-17/exchange=NSE/symbol=DRREDDY/part-090203_065262-042985.parquet,real_data_sample\l2_unseen_validation\trade_date=2026-07-17\exchange=NSE\symbol=DRREDDY\part-090203_065262-042985.parquet,34850,downloaded,34850,
2026-07-17,NSE,DRREDDY,raw_l2/trade_date=2026-07-17/exchange=NSE/symbol=DRREDDY/part-090021_849358-042761.parquet,real_data_sample\l2_unseen_validation\trade_date=2026-07-17\exchange=NSE\symbol=DRREDDY\part-090021_849358-042761.parquet,34711,downloaded,34711,
2026-07-17,NSE,DRREDDY,raw_l2/trade_date=2026-07-17/exchange=NSE/symbol=DRREDDY/part-090217_244300-043017.parquet,real_data_sample\l2_unseen_validation\trade_date=2026-07-17\exchange=NSE\symbol=DRREDDY\part-090217_244300-043017.parquet,34879,downloaded,34879,
2026-07-17,NSE,DRREDDY,raw_l2/trade_date=2026-07-17/exchange=NSE/symbol=DRREDDY/part-090119_928435-042889.parquet,real_data_sample\l2_unseen_validation\trade_date=2026-07-17\exchange=NSE\symbol=DRREDDY\part-090119_928435-042889.parquet,34799,downloaded,34799,
2026-07-17,NSE,DRREDDY,raw_l2/trade_date=2026-07-17/exchange=NSE/symbol=DRREDDY/part-090105_335674-042857.parquet,real_data_sample\l2_unseen_validation\trade_date=2026-07-17\exchange=NSE\symbol=DRREDDY\part-090105_335674-042857.parquet,34846,downloaded,34846,
2026-07-17,NSE,DRREDDY,raw_l2/trade_date=2026-07-17/exchange=NSE/symbol=DRREDDY/part-090148_793837-042953.parquet,real_data_sample\l2_unseen_validation\trade_date=2026-07-17\exchange=NSE\symbol=DRREDDY\part-090148_793837-042953.parquet,34686,downloaded,34686,
2026-07-17,NSE,DRREDDY,raw_l2/trade_date=2026-07-17/exchange=NSE/symbol=DRREDDY/part-085155_881377-041641.parquet,real_data_sample\l2_unseen_validation\trade_date=2026-07-17\exchange=NSE\symbol=DRREDDY\part-085155_881377-041641.parquet,34627,downloaded,34627,
2026-07-17,NSE,DRREDDY,raw_l2/trade_date=2026-07-17/exchange=NSE/symbol=DRREDDY/part-090300_391858-043113.parquet,real_data_sample\l2_unseen_validation\trade_date=2026-07-17\exchange=NSE\symbol=DRREDDY\part-090300_391858-043113.parquet,34829,downloaded,34829,
2026-07-17,NSE,DRREDDY,raw_l2/trade_date=2026-07-17/exchange=NSE/symbol=DRREDDY/part-090246_066685-043081.parquet,real_data_sample\l2_unseen_validation\trade_date=2026-07-17\exchange=NSE\symbol=DRREDDY\part-090246_066685-043081.parquet,34721,downloaded,34721,
2026-07-17,NSE,DRREDDY,raw_l2/trade_date=2026-07-17/exchange=NSE/symbol=DRREDDY/part-090329_396013-043177.parquet,real_data_sample\l2_unseen_validation\trade_date=2026-07-17\exchange=NSE\symbol=DRREDDY\part-090329_396013-043177.parquet,34691,downloaded,34691,
2026-07-17,NSE,DRREDDY,raw_l2/trade_date=2026-07-17/exchange=NSE/symbol=DRREDDY/part-090344_209441-043209.parquet,real_data_sample\l2_unseen_validation\trade_date=2026-07-17\exchange=NSE\symbol=DRREDDY\part-090344_209441-043209.parquet,35018,downloaded,35018,
2026-07-17,NSE,DRREDDY,raw_l2/trade_date=2026-07-17/exchange=NSE/symbol=DRREDDY/part-090750_287008-043753.parquet,real_data_sample\l2_unseen_validation\trade_date=2026-07-17\exchange=NSE\symbol=DRREDDY\part-090750_287008-043753.parquet,34770,downloaded,34770,
2026-07-17,NSE,DRREDDY,raw_l2/trade_date=2026-07-17/exchange=NSE/symbol=DRREDDY/part-090638_254926-043593.parquet,real_data_sample\l2_unseen_validation\trade_date=2026-07-17\exchange=NSE\symbol=DRREDDY\part-090638_254926-043593.parquet,34638,downloaded,34638,
2026-07-17,NSE,DRREDDY,raw_l2/trade_date=2026-07-17/exchange=NSE/symbol=DRREDDY/part-090721_758414-043689.parquet,real_data_sample\l2_unseen_validation\trade_date=2026-07-17\exchange=NSE\symbol=DRREDDY\part-090721_758414-043689.parquet,34910,downloaded,34910,
2026-07-17,NSE,DRREDDY,raw_l2/trade_date=2026-07-17/exchange=NSE/symbol=DRREDDY/part-090623_841590-043561.parquet,real_data_sample\l2_unseen_validation\trade_date=2026-07-17\exchange=NSE\symbol=DRREDDY\part-090623_841590-043561.parquet,34716,downloaded,34716,
2026-07-17,NSE,DRREDDY,raw_l2/trade_date=2026-07-17/exchange=NSE/symbol=DRREDDY/part-090511_944433-043401.parquet,real_data_sample\l2_unseen_validation\trade_date=2026-07-17\exchange=NSE\symbol=DRREDDY\part-090511_944433-043401.parquet,34751,downloaded,34751,
2026-07-17,NSE,DRREDDY,raw_l2/trade_date=2026-07-17/exchange=NSE/symbol=DRREDDY/part-090442_405896-043337.parquet,real_data_sample\l2_unseen_validation\trade_date=2026-07-17\exchange=NSE\symbol=DRREDDY\part-090442_405896-043337.parquet,34592,downloaded,34592,
2026-07-17,NSE,DRREDDY,raw_l2/trade_date=2026-07-17/exchange=NSE/symbol=DRREDDY/part-090707_301576-043657.parquet,real_data_sample\l2_unseen_validation\trade_date=2026-07-17\exchange=NSE\symbol=DRREDDY\part-090707_301576-043657.parquet,34658,downloaded,34658,
2026-07-17,NSE,DRREDDY,raw_l2/trade_date=2026-07-17/exchange=NSE/symbol=DRREDDY/part-090609_221549-043529.parquet,real_data_sample\l2_unseen_validation\trade_date=2026-07-17\exchange=NSE\symbol=DRREDDY\part-090609_221549-043529.parquet,34854,downloaded,34854,
2026-07-17,NSE,DRREDDY,raw_l2/trade_date=2026-07-17/exchange=NSE/symbol=DRREDDY/part-090427_577514-043305.parquet,real_data_sample\l2_unseen_validation\trade_date=2026-07-17\exchange=NSE\symbol=DRREDDY\part-090427_577514-043305.parquet,34727,downloaded,34727,
2026-07-17,NSE,DRREDDY,raw_l2/trade_date=2026-07-17/exchange=NSE/symbol=DRREDDY/part-090413_241660-043273.parquet,real_data_sample\l2_unseen_validation\trade_date=2026-07-17\exchange=NSE\symbol=DRREDDY\part-090413_241660-043273.parquet,34651,downloaded,34651,
2026-07-17,NSE,DRREDDY,raw_l2/trade_date=2026-07-17/exchange=NSE/symbol=DRREDDY/part-090359_011364-043241.parquet,real_data_sample\l2_unseen_validation\trade_date=2026-07-17\exchange=NSE\symbol=DRREDDY\part-090359_011364-043241.parquet,34691,downloaded,34691,
2026-07-17,NSE,DRREDDY,raw_l2/trade_date=2026-07-17/exchange=NSE/symbol=DRREDDY/part-090819_529783-043817.parquet,real_data_sample\l2_unseen_validation\trade_date=2026-07-17\exchange=NSE\symbol=DRREDDY\part-090819_529783-043817.parquet,34729,downloaded,34729,
2026-07-17,NSE,DRREDDY,raw_l2/trade_date=2026-07-17/exchange=NSE/symbol=DRREDDY/part-090540_749963-043465.parquet,real_data_sample\l2_unseen_validation\trade_date=2026-07-17\exchange=NSE\symbol=DRREDDY\part-090540_749963-043465.parquet,34625,downloaded,34625,
2026-07-17,NSE,DRREDDY,raw_l2/trade_date=2026-07-17/exchange=NSE/symbol=DRREDDY/part-090848_781132-043881.parquet,real_data_sample\l2_unseen_validation\trade_date=2026-07-17\exchange=NSE\symbol=DRREDDY\part-090848_781132-043881.parquet,34799,downloaded,34799,
2026-07-17,NSE,DRREDDY,raw_l2/trade_date=2026-07-17/exchange=NSE/symbol=DRREDDY/part-090805_037170-043785.parquet,real_data_sample\l2_unseen_validation\trade_date=2026-07-17\exchange=NSE\symbol=DRREDDY\part-090805_037170-043785.parquet,34857,downloaded,34857,
2026-07-17,NSE,DRREDDY,raw_l2/trade_date=2026-07-17/exchange=NSE/symbol=DRREDDY/part-090736_016934-043721.parquet,real_data_sample\l2_unseen_validation\trade_date=2026-07-17\exchange=NSE\symbol=DRREDDY\part-090736_016934-043721.parquet,34738,downloaded,34738,
2026-07-17,NSE,DRREDDY,raw_l2/trade_date=2026-07-17/exchange=NSE/symbol=DRREDDY/part-090948_364810-044009.parquet,real_data_sample\l2_unseen_validation\trade_date=2026-07-17\exchange=NSE\symbol=DRREDDY\part-090948_364810-044009.parquet,34571,downloaded,34571,
2026-07-17,NSE,DRREDDY,raw_l2/trade_date=2026-07-17/exchange=NSE/symbol=DRREDDY/part-091003_938724-044041.parquet,real_data_sample\l2_unseen_validation\trade_date=2026-07-17\exchange=NSE\symbol=DRREDDY\part-091003_938724-044041.parquet,34710,downloaded,34710,
2026-07-17,NSE,DRREDDY,raw_l2/trade_date=2026-07-17/exchange=NSE/symbol=DRREDDY/part-090834_174131-043849.parquet,real_data_sample\l2_unseen_validation\trade_date=2026-07-17\exchange=NSE\symbol=DRREDDY\part-090834_174131-043849.parquet,34658,downloaded,34658,
2026-07-17,NSE,DRREDDY,raw_l2/trade_date=2026-07-17/exchange=NSE/symbol=DRREDDY/part-090918_603839-043945.parquet,real_data_sample\l2_unseen_validation\trade_date=2026-07-17\exchange=NSE\symbol=DRREDDY\part-090918_603839-043945.parquet,34770,downloaded,34770,
2026-07-17,NSE,DRREDDY,raw_l2/trade_date=2026-07-17/exchange=NSE/symbol=DRREDDY/part-090903_522924-043913.parquet,real_data_sample\l2_unseen_validation\trade_date=2026-07-17\exchange=NSE\symbol=DRREDDY\part-090903_522924-043913.parquet,34689,downloaded,34689,
2026-07-17,NSE,DRREDDY,raw_l2/trade_date=2026-07-17/exchange=NSE/symbol=DRREDDY/part-091018_294461-044073.parquet,real_data_sample\l2_unseen_validation\trade_date=2026-07-17\exchange=NSE\symbol=DRREDDY\part-091018_294461-044073.parquet,34586,downloaded,34586,
2026-07-17,NSE,DRREDDY,raw_l2/trade_date=2026-07-17/exchange=NSE/symbol=DRREDDY/part-091047_599323-044137.parquet,real_data_sample\l2_unseen_validation\trade_date=2026-07-17\exchange=NSE\symbol=DRREDDY\part-091047_599323-044137.parquet,34673,downloaded,34673,
2026-07-17,NSE,DRREDDY,raw_l2/trade_date=2026-07-17/exchange=NSE/symbol=DRREDDY/part-091032_819796-044105.parquet,real_data_sample\l2_unseen_validation\trade_date=2026-07-17\exchange=NSE\symbol=DRREDDY\part-091032_819796-044105.parquet,34725,downloaded,34725,
2026-07-17,NSE,DRREDDY,raw_l2/trade_date=2026-07-17/exchange=NSE/symbol=DRREDDY/part-091146_321574-044265.parquet,real_data_sample\l2_unseen_validation\trade_date=2026-07-17\exchange=NSE\symbol=DRREDDY\part-091146_321574-044265.parquet,34702,downloaded,34702,
2026-07-17,NSE,DRREDDY,raw_l2/trade_date=2026-07-17/exchange=NSE/symbol=DRREDDY/part-091200_847033-044297.parquet,real_data_sample\l2_unseen_validation\trade_date=2026-07-17\exchange=NSE\symbol=DRREDDY\part-091200_847033-044297.parquet,34717,downloaded,34717,
2026-07-17,NSE,DRREDDY,raw_l2/trade_date=2026-07-17/exchange=NSE/symbol=DRREDDY/part-091231_306562-044361.parquet,real_data_sample\l2_unseen_validation\trade_date=2026-07-17\exchange=NSE\symbol=DRREDDY\part-091231_306562-044361.parquet,34736,downloaded,34736,
2026-07-17,NSE,DRREDDY,raw_l2/trade_date=2026-07-17/exchange=NSE/symbol=DRREDDY/part-091539_355093-044777.parquet,real_data_sample\l2_unseen_validation\trade_date=2026-07-17\exchange=NSE\symbol=DRREDDY\part-091539_355093-044777.parquet,34832,downloaded,34832,
2026-07-17,NSE,DRREDDY,raw_l2/trade_date=2026-07-17/exchange=NSE/symbol=DRREDDY/part-091329_828285-044489.parquet,real_data_sample\l2_unseen_validation\trade_date=2026-07-17\exchange=NSE\symbol=DRREDDY\part-091329_828285-044489.parquet,34716,downloaded,34716,
2026-07-17,NSE,DRREDDY,raw_l2/trade_date=2026-07-17/exchange=NSE/symbol=DRREDDY/part-091215_754704-044329.parquet,real_data_sample\l2_unseen_validation\trade_date=2026-07-17\exchange=NSE\symbol=DRREDDY\part-091215_754704-044329.parquet,34733,downloaded,34733,
2026-07-17,NSE,DRREDDY,raw_l2/trade_date=2026-07-17/exchange=NSE/symbol=DRREDDY/part-091553_826717-044809.parquet,real_data_sample\l2_unseen_validation\trade_date=2026-07-17\exchange=NSE\symbol=DRREDDY\part-091553_826717-044809.parquet,34837,downloaded,34837,
2026-07-17,NSE,DRREDDY,raw_l2/trade_date=2026-07-17/exchange=NSE/symbol=DRREDDY/part-091525_025079-044745.parquet,real_data_sample\l2_unseen_validation\trade_date=2026-07-17\exchange=NSE\symbol=DRREDDY\part-091525_025079-044745.parquet,34669,downloaded,34669,
2026-07-17,NSE,DRREDDY,raw_l2/trade_date=2026-07-17/exchange=NSE/symbol=DRREDDY/part-091413_240968-044585.parquet,real_data_sample\l2_unseen_validation\trade_date=2026-07-17\exchange=NSE\symbol=DRREDDY\part-091413_240968-044585.parquet,34741,downloaded,34741,
2026-07-17,NSE,DRREDDY,raw_l2/trade_date=2026-07-17/exchange=NSE/symbol=DRREDDY/part-091300_610051-044425.parquet,real_data_sample\l2_unseen_validation\trade_date=2026-07-17\exchange=NSE\symbol=DRREDDY\part-091300_610051-044425.parquet,34807,downloaded,34807,
2026-07-17,NSE,DRREDDY,raw_l2/trade_date=2026-07-17/exchange=NSE/symbol=DRREDDY/part-091358_806474-044553.parquet,real_data_sample\l2_unseen_validation\trade_date=2026-07-17\exchange=NSE\symbol=DRREDDY\part-091358_806474-044553.parquet,34845,downloaded,34845,
2026-07-17,NSE,DRREDDY,raw_l2/trade_date=2026-07-17/exchange=NSE/symbol=DRREDDY/part-091637_277453-044905.parquet,real_data_sample\l2_unseen_validation\trade_date=2026-07-17\exchange=NSE\symbol=DRREDDY\part-091637_277453-044905.parquet,34711,downloaded,34711,
2026-07-17,NSE,DRREDDY,raw_l2/trade_date=2026-07-17/exchange=NSE/symbol=DRREDDY/part-091442_066630-044649.parquet,real_data_sample\l2_unseen_validation\trade_date=2026-07-17\exchange=NSE\symbol=DRREDDY\part-091442_066630-044649.parquet,34707,downloaded,34707,
2026-07-17,NSE,DRREDDY,raw_l2/trade_date=2026-07-17/exchange=NSE/symbol=DRREDDY/part-091116_890243-044201.parquet,real_data_sample\l2_unseen_validation\trade_date=2026-07-17\exchange=NSE\symbol=DRREDDY\part-091116_890243-044201.parquet,34783,downloaded,34783,
2026-07-17,NSE,DRREDDY,raw_l2/trade_date=2026-07-17/exchange=NSE/symbol=DRREDDY/part-091623_123490-044873.parquet,real_data_sample\l2_unseen_validation\trade_date=2026-07-17\exchange=NSE\symbol=DRREDDY\part-091623_123490-044873.parquet,34795,downloaded,34795,
2026-07-17,NSE,DRREDDY,raw_l2/trade_date=2026-07-17/exchange=NSE/symbol=DRREDDY/part-091102_303422-044169.parquet,real_data_sample\l2_unseen_validation\trade_date=2026-07-17\exchange=NSE\symbol=DRREDDY\part-091102_303422-044169.parquet,34728,downloaded,34728,
2026-07-17,NSE,DRREDDY,raw_l2/trade_date=2026-07-17/exchange=NSE/symbol=DRREDDY/part-091608_565262-044841.parquet,real_data_sample\l2_unseen_validation\trade_date=2026-07-17\exchange=NSE\symbol=DRREDDY\part-091608_565262-044841.parquet,34730,downloaded,34730,
2026-07-17,NSE,DRREDDY,raw_l2/trade_date=2026-07-17/exchange=NSE/symbol=DRREDDY/part-091315_306076-044457.parquet,real_data_sample\l2_unseen_validation\trade_date=2026-07-17\exchange=NSE\symbol=DRREDDY\part-091315_306076-044457.parquet,34831,downloaded,34831,
2026-07-17,NSE,DRREDDY,raw_l2/trade_date=2026-07-17/exchange=NSE/symbol=DRREDDY/part-091510_849483-044713.parquet,real_data_sample\l2_unseen_validation\trade_date=2026-07-17\exchange=NSE\symbol=DRREDDY\part-091510_849483-044713.parquet,34891,downloaded,34891,
2026-07-17,NSE,DRREDDY,raw_l2/trade_date=2026-07-17/exchange=NSE/symbol=DRREDDY/part-091427_572397-044617.parquet,real_data_sample\l2_unseen_validation\trade_date=2026-07-17\exchange=NSE\symbol=DRREDDY\part-091427_572397-044617.parquet,34781,downloaded,34781,
2026-07-17,NSE,DRREDDY,raw_l2/trade_date=2026-07-17/exchange=NSE/symbol=DRREDDY/part-091651_517107-044937.parquet,real_data_sample\l2_unseen_validation\trade_date=2026-07-17\exchange=NSE\symbol=DRREDDY\part-091651_517107-044937.parquet,34601,downloaded,34601,
2026-07-17,NSE,DRREDDY,raw_l2/trade_date=2026-07-17/exchange=NSE/symbol=DRREDDY/part-091748_225681-045065.parquet,real_data_sample\l2_unseen_validation\trade_date=2026-07-17\exchange=NSE\symbol=DRREDDY\part-091748_225681-045065.parquet,34741,downloaded,34741,
2026-07-17,NSE,DRREDDY,raw_l2/trade_date=2026-07-17/exchange=NSE/symbol=DRREDDY/part-091719_985466-045001.parquet,real_data_sample\l2_unseen_validation\trade_date=2026-07-17\exchange=NSE\symbol=DRREDDY\part-091719_985466-045001.parquet,34942,downloaded,34942,
2026-07-17,NSE,DRREDDY,raw_l2/trade_date=2026-07-17/exchange=NSE/symbol=DRREDDY/part-091802_412923-045097.parquet,real_data_sample\l2_unseen_validation\trade_date=2026-07-17\exchange=NSE\symbol=DRREDDY\part-091802_412923-045097.parquet,34671,downloaded,34671,
2026-07-17,NSE,DRREDDY,raw_l2/trade_date=2026-07-17/exchange=NSE/symbol=DRREDDY/part-092054_810839-045481.parquet,real_data_sample\l2_unseen_validation\trade_date=2026-07-17\exchange=NSE\symbol=DRREDDY\part-092054_810839-045481.parquet,34629,downloaded,34629,
2026-07-17,NSE,DRREDDY,raw_l2/trade_date=2026-07-17/exchange=NSE/symbol=DRREDDY/part-091943_354030-045321.parquet,real_data_sample\l2_unseen_validation\trade_date=2026-07-17\exchange=NSE\symbol=DRREDDY\part-091943_354030-045321.parquet,35593,downloaded,35593,
2026-07-17,NSE,DRREDDY,raw_l2/trade_date=2026-07-17/exchange=NSE/symbol=DRREDDY/part-091705_810470-044969.parquet,real_data_sample\l2_unseen_validation\trade_date=2026-07-17\exchange=NSE\symbol=DRREDDY\part-091705_810470-044969.parquet,34591,downloaded,34591,
2026-07-17,NSE,DRREDDY,raw_l2/trade_date=2026-07-17/exchange=NSE/symbol=DRREDDY/part-092123_569092-045545.parquet,real_data_sample\l2_unseen_validation\trade_date=2026-07-17\exchange=NSE\symbol=DRREDDY\part-092123_569092-045545.parquet,34608,downloaded,34608,
2026-07-17,NSE,DRREDDY,raw_l2/trade_date=2026-07-17/exchange=NSE/symbol=DRREDDY/part-091734_172902-045033.parquet,real_data_sample\l2_unseen_validation\trade_date=2026-07-17\exchange=NSE\symbol=DRREDDY\part-091734_172902-045033.parquet,34611,downloaded,34611,
2026-07-17,NSE,DRREDDY,raw_l2/trade_date=2026-07-17/exchange=NSE/symbol=DRREDDY/part-092152_610577-045609.parquet,real_data_sample\l2_unseen_validation\trade_date=2026-07-17\exchange=NSE\symbol=DRREDDY\part-092152_610577-045609.parquet,34775,downloaded,34775,
2026-07-17,NSE,DRREDDY,raw_l2/trade_date=2026-07-17/exchange=NSE/symbol=DRREDDY/part-091929_058670-045289.parquet,real_data_sample\l2_unseen_validation\trade_date=2026-07-17\exchange=NSE\symbol=DRREDDY\part-091929_058670-045289.parquet,35475,downloaded,35475,
2026-07-17,NSE,DRREDDY,raw_l2/trade_date=2026-07-17/exchange=NSE/symbol=DRREDDY/part-092025_985007-045417.parquet,real_data_sample\l2_unseen_validation\trade_date=2026-07-17\exchange=NSE\symbol=DRREDDY\part-092025_985007-045417.parquet,34632,downloaded,34632,
2026-07-17,NSE,DRREDDY,raw_l2/trade_date=2026-07-17/exchange=NSE/symbol=DRREDDY/part-091914_847588-045257.parquet,real_data_sample\l2_unseen_validation\trade_date=2026-07-17\exchange=NSE\symbol=DRREDDY\part-091914_847588-045257.parquet,34951,downloaded,34951,
2026-07-17,NSE,DRREDDY,raw_l2/trade_date=2026-07-17/exchange=NSE/symbol=DRREDDY/part-091817_092613-045129.parquet,real_data_sample\l2_unseen_validation\trade_date=2026-07-17\exchange=NSE\symbol=DRREDDY\part-091817_092613-045129.parquet,34626,downloaded,34626,
2026-07-17,NSE,DRREDDY,raw_l2/trade_date=2026-07-17/exchange=NSE/symbol=DRREDDY/part-092040_527979-045449.parquet,real_data_sample\l2_unseen_validation\trade_date=2026-07-17\exchange=NSE\symbol=DRREDDY\part-092040_527979-045449.parquet,34711,downloaded,34711,
2026-07-17,NSE,DRREDDY,raw_l2/trade_date=2026-07-17/exchange=NSE/symbol=DRREDDY/part-092011_972925-045385.parquet,real_data_sample\l2_unseen_validation\trade_date=2026-07-17\exchange=NSE\symbol=DRREDDY\part-092011_972925-045385.parquet,35080,downloaded,35080,
2026-07-17,NSE,DRREDDY,raw_l2/trade_date=2026-07-17/exchange=NSE/symbol=DRREDDY/part-092137_857730-045577.parquet,real_data_sample\l2_unseen_validation\trade_date=2026-07-17\exchange=NSE\symbol=DRREDDY\part-092137_857730-045577.parquet,34599,downloaded,34599,
2026-07-17,NSE,DRREDDY,raw_l2/trade_date=2026-07-17/exchange=NSE/symbol=DRREDDY/part-092109_293389-045513.parquet,real_data_sample\l2_unseen_validation\trade_date=2026-07-17\exchange=NSE\symbol=DRREDDY\part-092109_293389-045513.parquet,34613,downloaded,34613,
2026-07-17,NSE,DRREDDY,raw_l2/trade_date=2026-07-17/exchange=NSE/symbol=DRREDDY/part-091900_143533-045225.parquet,real_data_sample\l2_unseen_validation\trade_date=2026-07-17\exchange=NSE\symbol=DRREDDY\part-091900_143533-045225.parquet,34816,downloaded,34816,
2026-07-17,NSE,DRREDDY,raw_l2/trade_date=2026-07-17/exchange=NSE/symbol=DRREDDY/part-091957_520852-045353.parquet,real_data_sample\l2_unseen_validation\trade_date=2026-07-17\exchange=NSE\symbol=DRREDDY\part-091957_520852-045353.parquet,35442,downloaded,35442,
2026-07-17,NSE,DRREDDY,raw_l2/trade_date=2026-07-17/exchange=NSE/symbol=DRREDDY/part-091845_804407-045193.parquet,real_data_sample\l2_unseen_validation\trade_date=2026-07-17\exchange=NSE\symbol=DRREDDY\part-091845_804407-045193.parquet,34721,downloaded,34721,
2026-07-17,NSE,DRREDDY,raw_l2/trade_date=2026-07-17/exchange=NSE/symbol=DRREDDY/part-091831_287073-045161.parquet,real_data_sample\l2_unseen_validation\trade_date=2026-07-17\exchange=NSE\symbol=DRREDDY\part-091831_287073-045161.parquet,34742,downloaded,34742,
2026-07-17,NSE,DRREDDY,raw_l2/trade_date=2026-07-17/exchange=NSE/symbol=DRREDDY/part-092206_774462-045641.parquet,real_data_sample\l2_unseen_validation\trade_date=2026-07-17\exchange=NSE\symbol=DRREDDY\part-092206_774462-045641.parquet,34709,downloaded,34709,
2026-07-17,NSE,DRREDDY,raw_l2/trade_date=2026-07-17/exchange=NSE/symbol=DRREDDY/part-091456_330067-044681.parquet,real_data_sample\l2_unseen_validation\trade_date=2026-07-17\exchange=NSE\symbol=DRREDDY\part-091456_330067-044681.parquet,34578,downloaded,34578,
2026-07-17,NSE,DRREDDY,raw_l2/trade_date=2026-07-17/exchange=NSE/symbol=DRREDDY/part-092431_466316-045961.parquet,real_data_sample\l2_unseen_validation\trade_date=2026-07-17\exchange=NSE\symbol=DRREDDY\part-092431_466316-045961.parquet,34611,downloaded,34611,
2026-07-17,NSE,DRREDDY,raw_l2/trade_date=2026-07-17/exchange=NSE/symbol=DRREDDY/part-092445_724104-045993.parquet,real_data_sample\l2_unseen_validation\trade_date=2026-07-17\exchange=NSE\symbol=DRREDDY\part-092445_724104-045993.parquet,34656,downloaded,34656,
2026-07-17,NSE,DRREDDY,raw_l2/trade_date=2026-07-17/exchange=NSE/symbol=DRREDDY/part-092304_046994-045769.parquet,real_data_sample\l2_unseen_validation\trade_date=2026-07-17\exchange=NSE\symbol=DRREDDY\part-092304_046994-045769.parquet,34703,downloaded,34703,
2026-07-17,NSE,DRREDDY,raw_l2/trade_date=2026-07-17/exchange=NSE/symbol=DRREDDY/part-092515_046008-046057.parquet,real_data_sample\l2_unseen_validation\trade_date=2026-07-17\exchange=NSE\symbol=DRREDDY\part-092515_046008-046057.parquet,34761,downloaded,34761,
2026-07-17,NSE,DRREDDY,raw_l2/trade_date=2026-07-17/exchange=NSE/symbol=DRREDDY/part-092416_859746-045929.parquet,real_data_sample\l2_unseen_validation\trade_date=2026-07-17\exchange=NSE\symbol=DRREDDY\part-092416_859746-045929.parquet,34645,downloaded,34645,
2026-07-17,NSE,DRREDDY,raw_l2/trade_date=2026-07-17/exchange=NSE/symbol=DRREDDY/part-092235_341742-045705.parquet,real_data_sample\l2_unseen_validation\trade_date=2026-07-17\exchange=NSE\symbol=DRREDDY\part-092235_341742-045705.parquet,34617,downloaded,34617,
2026-07-17,NSE,DRREDDY,raw_l2/trade_date=2026-07-17/exchange=NSE/symbol=DRREDDY/part-092627_979217-046217.parquet,real_data_sample\l2_unseen_validation\trade_date=2026-07-17\exchange=NSE\symbol=DRREDDY\part-092627_979217-046217.parquet,34536,downloaded,34536,
2026-07-17,NSE,DRREDDY,raw_l2/trade_date=2026-07-17/exchange=NSE/symbol=DRREDDY/part-092500_223660-046025.parquet,real_data_sample\l2_unseen_validation\trade_date=2026-07-17\exchange=NSE\symbol=DRREDDY\part-092500_223660-046025.parquet,34788,downloaded,34788,
2026-07-17,NSE,DRREDDY,raw_l2/trade_date=2026-07-17/exchange=NSE/symbol=DRREDDY/part-092643_246868-046249.parquet,real_data_sample\l2_unseen_validation\trade_date=2026-07-17\exchange=NSE\symbol=DRREDDY\part-092643_246868-046249.parquet,34761,downloaded,34761,
2026-07-17,NSE,DRREDDY,raw_l2/trade_date=2026-07-17/exchange=NSE/symbol=DRREDDY/part-092221_011911-045673.parquet,real_data_sample\l2_unseen_validation\trade_date=2026-07-17\exchange=NSE\symbol=DRREDDY\part-092221_011911-045673.parquet,34581,downloaded,34581,
2026-07-17,NSE,DRREDDY,raw_l2/trade_date=2026-07-17/exchange=NSE/symbol=DRREDDY/part-092249_773334-045737.parquet,real_data_sample\l2_unseen_validation\trade_date=2026-07-17\exchange=NSE\symbol=DRREDDY\part-092249_773334-045737.parquet,34755,downloaded,34755,
2026-07-17,NSE,DRREDDY,raw_l2/trade_date=2026-07-17/exchange=NSE/symbol=DRREDDY/part-092613_534524-046185.parquet,real_data_sample\l2_unseen_validation\trade_date=2026-07-17\exchange=NSE\symbol=DRREDDY\part-092613_534524-046185.parquet,34724,downloaded,34724,
2026-07-17,NSE,DRREDDY,raw_l2/trade_date=2026-07-17/exchange=NSE/symbol=DRREDDY/part-092529_550323-046089.parquet,real_data_sample\l2_unseen_validation\trade_date=2026-07-17\exchange=NSE\symbol=DRREDDY\part-092529_550323-046089.parquet,34770,downloaded,34770,
2026-07-17,NSE,DRREDDY,raw_l2/trade_date=2026-07-17/exchange=NSE/symbol=DRREDDY/part-092544_112282-046121.parquet,real_data_sample\l2_unseen_validation\trade_date=2026-07-17\exchange=NSE\symbol=DRREDDY\part-092544_112282-046121.parquet,34704,downloaded,34704,
2026-07-17,NSE,DRREDDY,raw_l2/trade_date=2026-07-17/exchange=NSE/symbol=DRREDDY/part-092333_399269-045833.parquet,real_data_sample\l2_unseen_validation\trade_date=2026-07-17\exchange=NSE\symbol=DRREDDY\part-092333_399269-045833.parquet,34781,downloaded,34781,
2026-07-17,NSE,DRREDDY,raw_l2/trade_date=2026-07-17/exchange=NSE/symbol=DRREDDY/part-092347_789316-045865.parquet,real_data_sample\l2_unseen_validation\trade_date=2026-07-17\exchange=NSE\symbol=DRREDDY\part-092347_789316-045865.parquet,34586,downloaded,34586,
2026-07-17,NSE,DRREDDY,raw_l2/trade_date=2026-07-17/exchange=NSE/symbol=DRREDDY/part-092711_818470-046313.parquet,real_data_sample\l2_unseen_validation\trade_date=2026-07-17\exchange=NSE\symbol=DRREDDY\part-092711_818470-046313.parquet,34420,downloaded,34420,
2026-07-17,NSE,DRREDDY,raw_l2/trade_date=2026-07-17/exchange=NSE/symbol=DRREDDY/part-092402_174942-045897.parquet,real_data_sample\l2_unseen_validation\trade_date=2026-07-17\exchange=NSE\symbol=DRREDDY\part-092402_174942-045897.parquet,34710,downloaded,34710,
2026-07-17,NSE,DRREDDY,raw_l2/trade_date=2026-07-17/exchange=NSE/symbol=DRREDDY/part-092558_823156-046153.parquet,real_data_sample\l2_unseen_validation\trade_date=2026-07-17\exchange=NSE\symbol=DRREDDY\part-092558_823156-046153.parquet,34859,downloaded,34859,
2026-07-17,NSE,DRREDDY,raw_l2/trade_date=2026-07-17/exchange=NSE/symbol=DRREDDY/part-092657_491025-046281.parquet,real_data_sample\l2_unseen_validation\trade_date=2026-07-17\exchange=NSE\symbol=DRREDDY\part-092657_491025-046281.parquet,34474,downloaded,34474,
2026-07-17,NSE,DRREDDY,raw_l2/trade_date=2026-07-17/exchange=NSE/symbol=DRREDDY/part-092318_792450-045801.parquet,real_data_sample\l2_unseen_validation\trade_date=2026-07-17\exchange=NSE\symbol=DRREDDY\part-092318_792450-045801.parquet,34621,downloaded,34621,
2026-07-17,NSE,DRREDDY,raw_l2/trade_date=2026-07-17/exchange=NSE/symbol=DRREDDY/part-092726_045204-046345.parquet,real_data_sample\l2_unseen_validation\trade_date=2026-07-17\exchange=NSE\symbol=DRREDDY\part-092726_045204-046345.parquet,34588,downloaded,34588,
2026-07-17,NSE,DRREDDY,raw_l2/trade_date=2026-07-17/exchange=NSE/symbol=DRREDDY/part-092838_317587-046505.parquet,real_data_sample\l2_unseen_validation\trade_date=2026-07-17\exchange=NSE\symbol=DRREDDY\part-092838_317587-046505.parquet,34842,downloaded,34842,
2026-07-17,NSE,DRREDDY,raw_l2/trade_date=2026-07-17/exchange=NSE/symbol=DRREDDY/part-093118_188066-046857.parquet,real_data_sample\l2_unseen_validation\trade_date=2026-07-17\exchange=NSE\symbol=DRREDDY\part-093118_188066-046857.parquet,35531,downloaded,35531,
2026-07-17,NSE,DRREDDY,raw_l2/trade_date=2026-07-17/exchange=NSE/symbol=DRREDDY/part-090554_985725-043497.parquet,real_data_sample\l2_unseen_validation\trade_date=2026-07-17\exchange=NSE\symbol=DRREDDY\part-090554_985725-043497.parquet,34729,downloaded,34729,
2026-07-17,NSE,DRREDDY,raw_l2/trade_date=2026-07-17/exchange=NSE/symbol=DRREDDY/part-093201_274206-046953.parquet,real_data_sample\l2_unseen_validation\trade_date=2026-07-17\exchange=NSE\symbol=DRREDDY\part-093201_274206-046953.parquet,35576,downloaded,35576,
2026-07-17,NSE,DRREDDY,raw_l2/trade_date=2026-07-17/exchange=NSE/symbol=DRREDDY/part-092755_061928-046409.parquet,real_data_sample\l2_unseen_validation\trade_date=2026-07-17\exchange=NSE\symbol=DRREDDY\part-092755_061928-046409.parquet,34525,downloaded,34525,
2026-07-17,NSE,DRREDDY,raw_l2/trade_date=2026-07-17/exchange=NSE/symbol=DRREDDY/part-093215_219662-046985.parquet,real_data_sample\l2_unseen_validation\trade_date=2026-07-17\exchange=NSE\symbol=DRREDDY\part-093215_219662-046985.parquet,35368,downloaded,35368,
2026-07-17,NSE,DRREDDY,raw_l2/trade_date=2026-07-17/exchange=NSE/symbol=DRREDDY/part-090314_856877-043145.parquet,real_data_sample\l2_unseen_validation\trade_date=2026-07-17\exchange=NSE\symbol=DRREDDY\part-090314_856877-043145.parquet,34728,downloaded,34728,
2026-07-17,NSE,DRREDDY,raw_l2/trade_date=2026-07-17/exchange=NSE/symbol=DRREDDY/part-093340_245104-047177.parquet,real_data_sample\l2_unseen_validation\trade_date=2026-07-17\exchange=NSE\symbol=DRREDDY\part-093340_245104-047177.parquet,34671,downloaded,34671,
2026-07-17,NSE,DRREDDY,raw_l2/trade_date=2026-07-17/exchange=NSE/symbol=DRREDDY/part-093408_435456-047241.parquet,real_data_sample\l2_unseen_validation\trade_date=2026-07-17\exchange=NSE\symbol=DRREDDY\part-093408_435456-047241.parquet,34597,downloaded,34597,
2026-07-17,NSE,DRREDDY,raw_l2/trade_date=2026-07-17/exchange=NSE/symbol=DRREDDY/part-093326_230739-047145.parquet,real_data_sample\l2_unseen_validation\trade_date=2026-07-17\exchange=NSE\symbol=DRREDDY\part-093326_230739-047145.parquet,34755,downloaded,34755,
2026-07-17,NSE,DRREDDY,raw_l2/trade_date=2026-07-17/exchange=NSE/symbol=DRREDDY/part-093354_424570-047209.parquet,real_data_sample\l2_unseen_validation\trade_date=2026-07-17\exchange=NSE\symbol=DRREDDY\part-093354_424570-047209.parquet,34725,downloaded,34725,
2026-07-17,NSE,DRREDDY,raw_l2/trade_date=2026-07-17/exchange=NSE/symbol=DRREDDY/part-093311_938032-047113.parquet,real_data_sample\l2_unseen_validation\trade_date=2026-07-17\exchange=NSE\symbol=DRREDDY\part-093311_938032-047113.parquet,34667,downloaded,34667,
2026-07-17,NSE,DRREDDY,raw_l2/trade_date=2026-07-17/exchange=NSE/symbol=DRREDDY/part-093422_488334-047273.parquet,real_data_sample\l2_unseen_validation\trade_date=2026-07-17\exchange=NSE\symbol=DRREDDY\part-093422_488334-047273.parquet,35649,downloaded,35649,
2026-07-17,NSE,DRREDDY,raw_l2/trade_date=2026-07-17/exchange=NSE/symbol=DRREDDY/part-093436_495961-047305.parquet,real_data_sample\l2_unseen_validation\trade_date=2026-07-17\exchange=NSE\symbol=DRREDDY\part-093436_495961-047305.parquet,36146,downloaded,36146,
2026-07-17,NSE,DRREDDY,raw_l2/trade_date=2026-07-17/exchange=NSE/symbol=DRREDDY/part-091246_338808-044393.parquet,real_data_sample\l2_unseen_validation\trade_date=2026-07-17\exchange=NSE\symbol=DRREDDY\part-091246_338808-044393.parquet,34779,downloaded,34779,
2026-07-17,NSE,DRREDDY,raw_l2/trade_date=2026-07-17/exchange=NSE/symbol=DRREDDY/part-091131_927772-044233.parquet,real_data_sample\l2_unseen_validation\trade_date=2026-07-17\exchange=NSE\symbol=DRREDDY\part-091131_927772-044233.parquet,34851,downloaded,34851,
2026-07-17,NSE,DRREDDY,raw_l2/trade_date=2026-07-17/exchange=NSE/symbol=DRREDDY/part-090933_379539-043977.parquet,real_data_sample\l2_unseen_validation\trade_date=2026-07-17\exchange=NSE\symbol=DRREDDY\part-090933_379539-043977.parquet,34912,downloaded,34912,
2026-07-17,NSE,DRREDDY,raw_l2/trade_date=2026-07-17/exchange=NSE/symbol=DRREDDY/part-093450_747746-047337.parquet,real_data_sample\l2_unseen_validation\trade_date=2026-07-17\exchange=NSE\symbol=DRREDDY\part-093450_747746-047337.parquet,36133,downloaded,36133,
2026-07-17,NSE,DRREDDY,raw_l2/trade_date=2026-07-17/exchange=NSE/symbol=DRREDDY/part-093505_011699-047369.parquet,real_data_sample\l2_unseen_validation\trade_date=2026-07-17\exchange=NSE\symbol=DRREDDY\part-093505_011699-047369.parquet,35862,downloaded,35862,
2026-07-17,NSE,DRREDDY,raw_l2/trade_date=2026-07-17/exchange=NSE/symbol=DRREDDY/part-090652_802368-043625.parquet,real_data_sample\l2_unseen_validation\trade_date=2026-07-17\exchange=NSE\symbol=DRREDDY\part-090652_802368-043625.parquet,34807,downloaded,34807,
2026-07-17,NSE,DRREDDY,raw_l2/trade_date=2026-07-17/exchange=NSE/symbol=DRREDDY/part-093519_487700-047401.parquet,real_data_sample\l2_unseen_validation\trade_date=2026-07-17\exchange=NSE\symbol=DRREDDY\part-093519_487700-047401.parquet,35987,downloaded,35987,
2026-07-17,NSE,DRREDDY,raw_l2/trade_date=2026-07-17/exchange=NSE/symbol=DRREDDY/part-093548_012930-047465.parquet,real_data_sample\l2_unseen_validation\trade_date=2026-07-17\exchange=NSE\symbol=DRREDDY\part-093548_012930-047465.parquet,35728,downloaded,35728,
2026-07-17,NSE,DRREDDY,raw_l2/trade_date=2026-07-17/exchange=NSE/symbol=DRREDDY/part-093533_826670-047433.parquet,real_data_sample\l2_unseen_validation\trade_date=2026-07-17\exchange=NSE\symbol=DRREDDY\part-093533_826670-047433.parquet,35856,downloaded,35856,
2026-07-17,NSE,DRREDDY,raw_l2/trade_date=2026-07-17/exchange=NSE/symbol=DRREDDY/part-093602_492783-047497.parquet,real_data_sample\l2_unseen_validation\trade_date=2026-07-17\exchange=NSE\symbol=DRREDDY\part-093602_492783-047497.parquet,35930,downloaded,35930,
2026-07-17,NSE,DRREDDY,raw_l2/trade_date=2026-07-17/exchange=NSE/symbol=DRREDDY/part-091344_280671-044521.parquet,real_data_sample\l2_unseen_validation\trade_date=2026-07-17\exchange=NSE\symbol=DRREDDY\part-091344_280671-044521.parquet,34804,downloaded,34804,
2026-07-17,NSE,DRREDDY,raw_l2/trade_date=2026-07-17/exchange=NSE/symbol=DRREDDY/part-093616_979285-047529.parquet,real_data_sample\l2_unseen_validation\trade_date=2026-07-17\exchange=NSE\symbol=DRREDDY\part-093616_979285-047529.parquet,36181,downloaded,36181,
2026-07-17,NSE,DRREDDY,raw_l2/trade_date=2026-07-17/exchange=NSE/symbol=DRREDDY/part-093257_661244-047081.parquet,real_data_sample\l2_unseen_validation\trade_date=2026-07-17\exchange=NSE\symbol=DRREDDY\part-093257_661244-047081.parquet,34641,downloaded,34641,
2026-07-17,NSE,DRREDDY,raw_l2/trade_date=2026-07-17/exchange=NSE/symbol=DRREDDY/part-093631_226767-047561.parquet,real_data_sample\l2_unseen_validation\trade_date=2026-07-17\exchange=NSE\symbol=DRREDDY\part-093631_226767-047561.parquet,35691,downloaded,35691,
2026-07-17,NSE,DRREDDY,raw_l2/trade_date=2026-07-17/exchange=NSE/symbol=DRREDDY/part-093659_409925-047625.parquet,real_data_sample\l2_unseen_validation\trade_date=2026-07-17\exchange=NSE\symbol=DRREDDY\part-093659_409925-047625.parquet,35775,downloaded,35775,
2026-07-17,NSE,DRREDDY,raw_l2/trade_date=2026-07-17/exchange=NSE/symbol=DRREDDY/part-093645_422315-047593.parquet,real_data_sample\l2_unseen_validation\trade_date=2026-07-17\exchange=NSE\symbol=DRREDDY\part-093645_422315-047593.parquet,35888,downloaded,35888,
2026-07-17,NSE,DRREDDY,raw_l2/trade_date=2026-07-17/exchange=NSE/symbol=DRREDDY/part-090526_268864-043433.parquet,real_data_sample\l2_unseen_validation\trade_date=2026-07-17\exchange=NSE\symbol=DRREDDY\part-090526_268864-043433.parquet,34807,downloaded,34807,
2026-07-17,NSE,DRREDDY,raw_l2/trade_date=2026-07-17/exchange=NSE/symbol=DRREDDY/part-093713_503674-047657.parquet,real_data_sample\l2_unseen_validation\trade_date=2026-07-17\exchange=NSE\symbol=DRREDDY\part-093713_503674-047657.parquet,36206,downloaded,36206,
2026-07-17,NSE,DRREDDY,raw_l2/trade_date=2026-07-17/exchange=NSE/symbol=DRREDDY/part-093823_745551-047817.parquet,real_data_sample\l2_unseen_validation\trade_date=2026-07-17\exchange=NSE\symbol=DRREDDY\part-093823_745551-047817.parquet,35816,downloaded,35816,
2026-07-17,NSE,DRREDDY,raw_l2/trade_date=2026-07-17/exchange=NSE/symbol=DRREDDY/part-093809_678543-047785.parquet,real_data_sample\l2_unseen_validation\trade_date=2026-07-17\exchange=NSE\symbol=DRREDDY\part-093809_678543-047785.parquet,35858,downloaded,35858,
2026-07-17,NSE,DRREDDY,raw_l2/trade_date=2026-07-17/exchange=NSE/symbol=DRREDDY/part-093755_448445-047753.parquet,real_data_sample\l2_unseen_validation\trade_date=2026-07-17\exchange=NSE\symbol=DRREDDY\part-093755_448445-047753.parquet,35786,downloaded,35786,
2026-07-17,NSE,DRREDDY,raw_l2/trade_date=2026-07-17/exchange=NSE/symbol=DRREDDY/part-093741_418578-047721.parquet,real_data_sample\l2_unseen_validation\trade_date=2026-07-17\exchange=NSE\symbol=DRREDDY\part-093741_418578-047721.parquet,35895,downloaded,35895,
2026-07-17,NSE,DRREDDY,raw_l2/trade_date=2026-07-17/exchange=NSE/symbol=DRREDDY/part-093727_375094-047689.parquet,real_data_sample\l2_unseen_validation\trade_date=2026-07-17\exchange=NSE\symbol=DRREDDY\part-093727_375094-047689.parquet,36159,downloaded,36159,
2026-07-17,NSE,DRREDDY,raw_l2/trade_date=2026-07-17/exchange=NSE/symbol=DRREDDY/part-093852_165857-047881.parquet,real_data_sample\l2_unseen_validation\trade_date=2026-07-17\exchange=NSE\symbol=DRREDDY\part-093852_165857-047881.parquet,36121,downloaded,36121,
2026-07-17,NSE,DRREDDY,raw_l2/trade_date=2026-07-17/exchange=NSE/symbol=DRREDDY/part-093838_011412-047849.parquet,real_data_sample\l2_unseen_validation\trade_date=2026-07-17\exchange=NSE\symbol=DRREDDY\part-093838_011412-047849.parquet,36189,downloaded,36189,
2026-07-17,NSE,DRREDDY,raw_l2/trade_date=2026-07-17/exchange=NSE/symbol=DRREDDY/part-093921_099334-047945.parquet,real_data_sample\l2_unseen_validation\trade_date=2026-07-17\exchange=NSE\symbol=DRREDDY\part-093921_099334-047945.parquet,34857,downloaded,34857,
2026-07-17,NSE,DRREDDY,raw_l2/trade_date=2026-07-17/exchange=NSE/symbol=DRREDDY/part-093906_565783-047913.parquet,real_data_sample\l2_unseen_validation\trade_date=2026-07-17\exchange=NSE\symbol=DRREDDY\part-093906_565783-047913.parquet,36035,downloaded,36035,
2026-07-17,NSE,DRREDDY,raw_l2/trade_date=2026-07-17/exchange=NSE/symbol=DRREDDY/part-093935_468617-047977.parquet,real_data_sample\l2_unseen_validation\trade_date=2026-07-17\exchange=NSE\symbol=DRREDDY\part-093935_468617-047977.parquet,34646,downloaded,34646,
2026-07-17,NSE,DRREDDY,raw_l2/trade_date=2026-07-17/exchange=NSE/symbol=DRREDDY/part-093949_792307-048009.parquet,real_data_sample\l2_unseen_validation\trade_date=2026-07-17\exchange=NSE\symbol=DRREDDY\part-093949_792307-048009.parquet,34691,downloaded,34691,
2026-07-17,NSE,DRREDDY,raw_l2/trade_date=2026-07-17/exchange=NSE/symbol=DRREDDY/part-094004_178036-048041.parquet,real_data_sample\l2_unseen_validation\trade_date=2026-07-17\exchange=NSE\symbol=DRREDDY\part-094004_178036-048041.parquet,34647,downloaded,34647,
2026-07-17,NSE,DRREDDY,raw_l2/trade_date=2026-07-17/exchange=NSE/symbol=DRREDDY/part-094018_461898-048073.parquet,real_data_sample\l2_unseen_validation\trade_date=2026-07-17\exchange=NSE\symbol=DRREDDY\part-094018_461898-048073.parquet,34136,downloaded,34136,
2026-07-17,NSE,DRREDDY,raw_l2/trade_date=2026-07-17/exchange=NSE/symbol=DRREDDY/part-094101_458095-048169.parquet,real_data_sample\l2_unseen_validation\trade_date=2026-07-17\exchange=NSE\symbol=DRREDDY\part-094101_458095-048169.parquet,34652,downloaded,34652,
2026-07-17,NSE,DRREDDY,raw_l2/trade_date=2026-07-17/exchange=NSE/symbol=DRREDDY/part-094115_814632-048201.parquet,real_data_sample\l2_unseen_validation\trade_date=2026-07-17\exchange=NSE\symbol=DRREDDY\part-094115_814632-048201.parquet,34577,downloaded,34577,
2026-07-17,NSE,DRREDDY,raw_l2/trade_date=2026-07-17/exchange=NSE/symbol=DRREDDY/part-094032_814935-048105.parquet,real_data_sample\l2_unseen_validation\trade_date=2026-07-17\exchange=NSE\symbol=DRREDDY\part-094032_814935-048105.parquet,34507,downloaded,34507,
2026-07-17,NSE,DRREDDY,raw_l2/trade_date=2026-07-17/exchange=NSE/symbol=DRREDDY/part-094047_028411-048137.parquet,real_data_sample\l2_unseen_validation\trade_date=2026-07-17\exchange=NSE\symbol=DRREDDY\part-094047_028411-048137.parquet,34467,downloaded,34467,
2026-07-17,NSE,DRREDDY,raw_l2/trade_date=2026-07-17/exchange=NSE/symbol=DRREDDY/part-094227_948399-048361.parquet,real_data_sample\l2_unseen_validation\trade_date=2026-07-17\exchange=NSE\symbol=DRREDDY\part-094227_948399-048361.parquet,34587,downloaded,34587,
2026-07-17,NSE,DRREDDY,raw_l2/trade_date=2026-07-17/exchange=NSE/symbol=DRREDDY/part-094159_093580-048297.parquet,real_data_sample\l2_unseen_validation\trade_date=2026-07-17\exchange=NSE\symbol=DRREDDY\part-094159_093580-048297.parquet,34677,downloaded,34677,
2026-07-17,NSE,DRREDDY,raw_l2/trade_date=2026-07-17/exchange=NSE/symbol=DRREDDY/part-094242_229973-048393.parquet,real_data_sample\l2_unseen_validation\trade_date=2026-07-17\exchange=NSE\symbol=DRREDDY\part-094242_229973-048393.parquet,34635,downloaded,34635,
2026-07-17,NSE,DRREDDY,raw_l2/trade_date=2026-07-17/exchange=NSE/symbol=DRREDDY/part-094130_199591-048233.parquet,real_data_sample\l2_unseen_validation\trade_date=2026-07-17\exchange=NSE\symbol=DRREDDY\part-094130_199591-048233.parquet,34709,downloaded,34709,
2026-07-17,NSE,DRREDDY,raw_l2/trade_date=2026-07-17/exchange=NSE/symbol=DRREDDY/part-094144_723763-048265.parquet,real_data_sample\l2_unseen_validation\trade_date=2026-07-17\exchange=NSE\symbol=DRREDDY\part-094144_723763-048265.parquet,34586,downloaded,34586,
2026-07-17,NSE,DRREDDY,raw_l2/trade_date=2026-07-17/exchange=NSE/symbol=DRREDDY/part-094213_503221-048329.parquet,real_data_sample\l2_unseen_validation\trade_date=2026-07-17\exchange=NSE\symbol=DRREDDY\part-094213_503221-048329.parquet,34656,downloaded,34656,
2026-07-17,NSE,DRREDDY,raw_l2/trade_date=2026-07-17/exchange=NSE/symbol=DRREDDY/part-094256_491570-048425.parquet,real_data_sample\l2_unseen_validation\trade_date=2026-07-17\exchange=NSE\symbol=DRREDDY\part-094256_491570-048425.parquet,34552,downloaded,34552,
2026-07-17,NSE,DRREDDY,raw_l2/trade_date=2026-07-17/exchange=NSE/symbol=DRREDDY/part-094310_491470-048457.parquet,real_data_sample\l2_unseen_validation\trade_date=2026-07-17\exchange=NSE\symbol=DRREDDY\part-094310_491470-048457.parquet,34407,downloaded,34407,
2026-07-17,NSE,DRREDDY,raw_l2/trade_date=2026-07-17/exchange=NSE/symbol=DRREDDY/part-094324_788432-048489.parquet,real_data_sample\l2_unseen_validation\trade_date=2026-07-17\exchange=NSE\symbol=DRREDDY\part-094324_788432-048489.parquet,34477,downloaded,34477,
2026-07-17,NSE,DRREDDY,raw_l2/trade_date=2026-07-17/exchange=NSE/symbol=DRREDDY/part-094339_010005-048521.parquet,real_data_sample\l2_unseen_validation\trade_date=2026-07-17\exchange=NSE\symbol=DRREDDY\part-094339_010005-048521.parquet,34393,downloaded,34393,
2026-07-17,NSE,DRREDDY,raw_l2/trade_date=2026-07-17/exchange=NSE/symbol=DRREDDY/part-094451_023944-048681.parquet,real_data_sample\l2_unseen_validation\trade_date=2026-07-17\exchange=NSE\symbol=DRREDDY\part-094451_023944-048681.parquet,36173,downloaded,36173,
2026-07-17,NSE,DRREDDY,raw_l2/trade_date=2026-07-17/exchange=NSE/symbol=DRREDDY/part-094353_566696-048553.parquet,real_data_sample\l2_unseen_validation\trade_date=2026-07-17\exchange=NSE\symbol=DRREDDY\part-094353_566696-048553.parquet,34426,downloaded,34426,
2026-07-17,NSE,DRREDDY,raw_l2/trade_date=2026-07-17/exchange=NSE/symbol=DRREDDY/part-094408_017029-048585.parquet,real_data_sample\l2_unseen_validation\trade_date=2026-07-17\exchange=NSE\symbol=DRREDDY\part-094408_017029-048585.parquet,34677,downloaded,34677,
2026-07-17,NSE,DRREDDY,raw_l2/trade_date=2026-07-17/exchange=NSE/symbol=DRREDDY/part-094422_206493-048617.parquet,real_data_sample\l2_unseen_validation\trade_date=2026-07-17\exchange=NSE\symbol=DRREDDY\part-094422_206493-048617.parquet,35771,downloaded,35771,
2026-07-17,NSE,DRREDDY,raw_l2/trade_date=2026-07-17/exchange=NSE/symbol=DRREDDY/part-094436_540868-048649.parquet,real_data_sample\l2_unseen_validation\trade_date=2026-07-17\exchange=NSE\symbol=DRREDDY\part-094436_540868-048649.parquet,35950,downloaded,35950,
2026-07-17,NSE,DRREDDY,raw_l2/trade_date=2026-07-17/exchange=NSE/symbol=DRREDDY/part-090457_114078-043369.parquet,real_data_sample\l2_unseen_validation\trade_date=2026-07-17\exchange=NSE\symbol=DRREDDY\part-090457_114078-043369.parquet,34732,downloaded,34732,
2026-07-17,NSE,DRREDDY,raw_l2/trade_date=2026-07-17/exchange=NSE/symbol=DRREDDY/part-094533_474407-048777.parquet,real_data_sample\l2_unseen_validation\trade_date=2026-07-17\exchange=NSE\symbol=DRREDDY\part-094533_474407-048777.parquet,34462,downloaded,34462,
2026-07-17,NSE,DRREDDY,raw_l2/trade_date=2026-07-17/exchange=NSE/symbol=DRREDDY/part-094519_448642-048745.parquet,real_data_sample\l2_unseen_validation\trade_date=2026-07-17\exchange=NSE\symbol=DRREDDY\part-094519_448642-048745.parquet,34954,downloaded,34954,
2026-07-17,NSE,DRREDDY,raw_l2/trade_date=2026-07-17/exchange=NSE/symbol=DRREDDY/part-094505_214596-048713.parquet,real_data_sample\l2_unseen_validation\trade_date=2026-07-17\exchange=NSE\symbol=DRREDDY\part-094505_214596-048713.parquet,36065,downloaded,36065,
2026-07-17,NSE,DRREDDY,raw_l2/trade_date=2026-07-17/exchange=NSE/symbol=DRREDDY/part-094547_789676-048809.parquet,real_data_sample\l2_unseen_validation\trade_date=2026-07-17\exchange=NSE\symbol=DRREDDY\part-094547_789676-048809.parquet,34485,downloaded,34485,
2026-07-17,NSE,DRREDDY,raw_l2/trade_date=2026-07-17/exchange=NSE/symbol=DRREDDY/part-094602_288743-048841.parquet,real_data_sample\l2_unseen_validation\trade_date=2026-07-17\exchange=NSE\symbol=DRREDDY\part-094602_288743-048841.parquet,34439,downloaded,34439,
2026-07-17,NSE,DRREDDY,raw_l2/trade_date=2026-07-17/exchange=NSE/symbol=DRREDDY/part-094616_591217-048873.parquet,real_data_sample\l2_unseen_validation\trade_date=2026-07-17\exchange=NSE\symbol=DRREDDY\part-094616_591217-048873.parquet,34682,downloaded,34682,
2026-07-17,NSE,DRREDDY,raw_l2/trade_date=2026-07-17/exchange=NSE/symbol=DRREDDY/part-094630_947165-048905.parquet,real_data_sample\l2_unseen_validation\trade_date=2026-07-17\exchange=NSE\symbol=DRREDDY\part-094630_947165-048905.parquet,34658,downloaded,34658,
2026-07-17,NSE,DRREDDY,raw_l2/trade_date=2026-07-17/exchange=NSE/symbol=DRREDDY/part-094644_961444-048937.parquet,real_data_sample\l2_unseen_validation\trade_date=2026-07-17\exchange=NSE\symbol=DRREDDY\part-094644_961444-048937.parquet,34451,downloaded,34451,
2026-07-17,NSE,DRREDDY,raw_l2/trade_date=2026-07-17/exchange=NSE/symbol=DRREDDY/part-094659_006345-048969.parquet,real_data_sample\l2_unseen_validation\trade_date=2026-07-17\exchange=NSE\symbol=DRREDDY\part-094659_006345-048969.parquet,34403,downloaded,34403,
2026-07-17,NSE,DRREDDY,raw_l2/trade_date=2026-07-17/exchange=NSE/symbol=DRREDDY/part-094713_282210-049001.parquet,real_data_sample\l2_unseen_validation\trade_date=2026-07-17\exchange=NSE\symbol=DRREDDY\part-094713_282210-049001.parquet,34399,downloaded,34399,
2026-07-17,NSE,DRREDDY,raw_l2/trade_date=2026-07-17/exchange=NSE/symbol=DRREDDY/part-094727_485594-049033.parquet,real_data_sample\l2_unseen_validation\trade_date=2026-07-17\exchange=NSE\symbol=DRREDDY\part-094727_485594-049033.parquet,34567,downloaded,34567,
2026-07-17,NSE,DRREDDY,raw_l2/trade_date=2026-07-17/exchange=NSE/symbol=DRREDDY/part-094741_720159-049065.parquet,real_data_sample\l2_unseen_validation\trade_date=2026-07-17\exchange=NSE\symbol=DRREDDY\part-094741_720159-049065.parquet,34151,downloaded,34151,
2026-07-17,NSE,DRREDDY,raw_l2/trade_date=2026-07-17/exchange=NSE/symbol=DRREDDY/part-094756_237424-049097.parquet,real_data_sample\l2_unseen_validation\trade_date=2026-07-17\exchange=NSE\symbol=DRREDDY\part-094756_237424-049097.parquet,34358,downloaded,34358,
2026-07-17,NSE,DRREDDY,raw_l2/trade_date=2026-07-17/exchange=NSE/symbol=DRREDDY/part-094810_474605-049129.parquet,real_data_sample\l2_unseen_validation\trade_date=2026-07-17\exchange=NSE\symbol=DRREDDY\part-094810_474605-049129.parquet,34480,downloaded,34480,
2026-07-17,NSE,DRREDDY,raw_l2/trade_date=2026-07-17/exchange=NSE/symbol=DRREDDY/part-092936_562054-046633.parquet,real_data_sample\l2_unseen_validation\trade_date=2026-07-17\exchange=NSE\symbol=DRREDDY\part-092936_562054-046633.parquet,34610,downloaded,34610,
2026-07-17,NSE,DRREDDY,raw_l2/trade_date=2026-07-17/exchange=NSE/symbol=DRREDDY/part-094838_928974-049193.parquet,real_data_sample\l2_unseen_validation\trade_date=2026-07-17\exchange=NSE\symbol=DRREDDY\part-094838_928974-049193.parquet,34409,downloaded,34409,
2026-07-17,NSE,DRREDDY,raw_l2/trade_date=2026-07-17/exchange=NSE/symbol=DRREDDY/part-094907_521114-049257.parquet,real_data_sample\l2_unseen_validation\trade_date=2026-07-17\exchange=NSE\symbol=DRREDDY\part-094907_521114-049257.parquet,34489,downloaded,34489,
2026-07-17,NSE,DRREDDY,raw_l2/trade_date=2026-07-17/exchange=NSE/symbol=DRREDDY/part-094853_056346-049225.parquet,real_data_sample\l2_unseen_validation\trade_date=2026-07-17\exchange=NSE\symbol=DRREDDY\part-094853_056346-049225.parquet,34598,downloaded,34598,
2026-07-17,NSE,DRREDDY,raw_l2/trade_date=2026-07-17/exchange=NSE/symbol=DRREDDY/part-094921_882925-049289.parquet,real_data_sample\l2_unseen_validation\trade_date=2026-07-17\exchange=NSE\symbol=DRREDDY\part-094921_882925-049289.parquet,34657,downloaded,34657,
2026-07-17,NSE,DRREDDY,raw_l2/trade_date=2026-07-17/exchange=NSE/symbol=DRREDDY/part-094950_200182-049353.parquet,real_data_sample\l2_unseen_validation\trade_date=2026-07-17\exchange=NSE\symbol=DRREDDY\part-094950_200182-049353.parquet,34682,downloaded,34682,
2026-07-17,NSE,DRREDDY,raw_l2/trade_date=2026-07-17/exchange=NSE/symbol=DRREDDY/part-094936_044309-049321.parquet,real_data_sample\l2_unseen_validation\trade_date=2026-07-17\exchange=NSE\symbol=DRREDDY\part-094936_044309-049321.parquet,34562,downloaded,34562,
2026-07-17,NSE,DRREDDY,raw_l2/trade_date=2026-07-17/exchange=NSE/symbol=DRREDDY/part-095004_453115-049385.parquet,real_data_sample\l2_unseen_validation\trade_date=2026-07-17\exchange=NSE\symbol=DRREDDY\part-095004_453115-049385.parquet,34483,downloaded,34483,
2026-07-17,NSE,DRREDDY,raw_l2/trade_date=2026-07-17/exchange=NSE/symbol=DRREDDY/part-095018_685102-049417.parquet,real_data_sample\l2_unseen_validation\trade_date=2026-07-17\exchange=NSE\symbol=DRREDDY\part-095018_685102-049417.parquet,34151,downloaded,34151,
2026-07-17,NSE,DRREDDY,raw_l2/trade_date=2026-07-17/exchange=NSE/symbol=DRREDDY/part-095032_990450-049449.parquet,real_data_sample\l2_unseen_validation\trade_date=2026-07-17\exchange=NSE\symbol=DRREDDY\part-095032_990450-049449.parquet,34464,downloaded,34464,
2026-07-17,NSE,DRREDDY,raw_l2/trade_date=2026-07-17/exchange=NSE/symbol=DRREDDY/part-095047_211139-049481.parquet,real_data_sample\l2_unseen_validation\trade_date=2026-07-17\exchange=NSE\symbol=DRREDDY\part-095047_211139-049481.parquet,34433,downloaded,34433,
2026-07-17,NSE,DRREDDY,raw_l2/trade_date=2026-07-17/exchange=NSE/symbol=DRREDDY/part-092809_401430-046441.parquet,real_data_sample\l2_unseen_validation\trade_date=2026-07-17\exchange=NSE\symbol=DRREDDY\part-092809_401430-046441.parquet,34687,downloaded,34687,
2026-07-17,NSE,DRREDDY,raw_l2/trade_date=2026-07-17/exchange=NSE/symbol=DRREDDY/part-095101_246074-049513.parquet,real_data_sample\l2_unseen_validation\trade_date=2026-07-17\exchange=NSE\symbol=DRREDDY\part-095101_246074-049513.parquet,34399,downloaded,34399,
2026-07-17,NSE,DRREDDY,raw_l2/trade_date=2026-07-17/exchange=NSE/symbol=DRREDDY/part-093005_893227-046697.parquet,real_data_sample\l2_unseen_validation\trade_date=2026-07-17\exchange=NSE\symbol=DRREDDY\part-093005_893227-046697.parquet,34500,downloaded,34500,
2026-07-17,NSE,DRREDDY,raw_l2/trade_date=2026-07-17/exchange=NSE/symbol=DRREDDY/part-095115_197091-049545.parquet,real_data_sample\l2_unseen_validation\trade_date=2026-07-17\exchange=NSE\symbol=DRREDDY\part-095115_197091-049545.parquet,34466,downloaded,34466,
2026-07-17,NSE,DRREDDY,raw_l2/trade_date=2026-07-17/exchange=NSE/symbol=DRREDDY/part-095129_394125-049577.parquet,real_data_sample\l2_unseen_validation\trade_date=2026-07-17\exchange=NSE\symbol=DRREDDY\part-095129_394125-049577.parquet,34440,downloaded,34440,
2026-07-17,NSE,DRREDDY,raw_l2/trade_date=2026-07-17/exchange=NSE/symbol=DRREDDY/part-095143_469888-049609.parquet,real_data_sample\l2_unseen_validation\trade_date=2026-07-17\exchange=NSE\symbol=DRREDDY\part-095143_469888-049609.parquet,34392,downloaded,34392,
2026-07-17,NSE,DRREDDY,raw_l2/trade_date=2026-07-17/exchange=NSE/symbol=DRREDDY/part-092823_829362-046473.parquet,real_data_sample\l2_unseen_validation\trade_date=2026-07-17\exchange=NSE\symbol=DRREDDY\part-092823_829362-046473.parquet,34571,downloaded,34571,
2026-07-17,NSE,DRREDDY,raw_l2/trade_date=2026-07-17/exchange=NSE/symbol=DRREDDY/part-092740_588305-046377.parquet,real_data_sample\l2_unseen_validation\trade_date=2026-07-17\exchange=NSE\symbol=DRREDDY\part-092740_588305-046377.parquet,34578,downloaded,34578,
2026-07-17,NSE,DRREDDY,raw_l2/trade_date=2026-07-17/exchange=NSE/symbol=DRREDDY/part-092922_093255-046601.parquet,real_data_sample\l2_unseen_validation\trade_date=2026-07-17\exchange=NSE\symbol=DRREDDY\part-092922_093255-046601.parquet,34519,downloaded,34519,
2026-07-17,NSE,DRREDDY,raw_l2/trade_date=2026-07-17/exchange=NSE/symbol=DRREDDY/part-092852_777392-046537.parquet,real_data_sample\l2_unseen_validation\trade_date=2026-07-17\exchange=NSE\symbol=DRREDDY\part-092852_777392-046537.parquet,34751,downloaded,34751,
2026-07-17,NSE,DRREDDY,raw_l2/trade_date=2026-07-17/exchange=NSE/symbol=DRREDDY/part-094824_457880-049161.parquet,real_data_sample\l2_unseen_validation\trade_date=2026-07-17\exchange=NSE\symbol=DRREDDY\part-094824_457880-049161.parquet,34549,downloaded,34549,
2026-07-17,NSE,DRREDDY,raw_l2/trade_date=2026-07-17/exchange=NSE/symbol=DRREDDY/part-095157_398761-049641.parquet,real_data_sample\l2_unseen_validation\trade_date=2026-07-17\exchange=NSE\symbol=DRREDDY\part-095157_398761-049641.parquet,34378,downloaded,34378,
2026-07-17,NSE,DRREDDY,raw_l2/trade_date=2026-07-17/exchange=NSE/symbol=DRREDDY/part-095240_004391-049737.parquet,real_data_sample\l2_unseen_validation\trade_date=2026-07-17\exchange=NSE\symbol=DRREDDY\part-095240_004391-049737.parquet,34442,downloaded,34442,
2026-07-17,NSE,DRREDDY,raw_l2/trade_date=2026-07-17/exchange=NSE/symbol=DRREDDY/part-093243_681337-047049.parquet,real_data_sample\l2_unseen_validation\trade_date=2026-07-17\exchange=NSE\symbol=DRREDDY\part-093243_681337-047049.parquet,34506,downloaded,34506,
2026-07-17,NSE,DRREDDY,raw_l2/trade_date=2026-07-17/exchange=NSE/symbol=DRREDDY/part-095225_969696-049705.parquet,real_data_sample\l2_unseen_validation\trade_date=2026-07-17\exchange=NSE\symbol=DRREDDY\part-095225_969696-049705.parquet,34425,downloaded,34425,
2026-07-17,NSE,DRREDDY,raw_l2/trade_date=2026-07-17/exchange=NSE/symbol=DRREDDY/part-093020_724390-046729.parquet,real_data_sample\l2_unseen_validation\trade_date=2026-07-17\exchange=NSE\symbol=DRREDDY\part-093020_724390-046729.parquet,34474,downloaded,34474,
2026-07-17,NSE,DRREDDY,raw_l2/trade_date=2026-07-17/exchange=NSE/symbol=DRREDDY/part-095253_937759-049769.parquet,real_data_sample\l2_unseen_validation\trade_date=2026-07-17\exchange=NSE\symbol=DRREDDY\part-095253_937759-049769.parquet,34464,downloaded,34464,
2026-07-17,NSE,DRREDDY,raw_l2/trade_date=2026-07-17/exchange=NSE/symbol=DRREDDY/part-095211_845721-049673.parquet,real_data_sample\l2_unseen_validation\trade_date=2026-07-17\exchange=NSE\symbol=DRREDDY\part-095211_845721-049673.parquet,34454,downloaded,34454,
2026-07-17,NSE,DRREDDY,raw_l2/trade_date=2026-07-17/exchange=NSE/symbol=DRREDDY/part-093146_753735-046921.parquet,real_data_sample\l2_unseen_validation\trade_date=2026-07-17\exchange=NSE\symbol=DRREDDY\part-093146_753735-046921.parquet,36359,downloaded,36359,
2026-07-17,NSE,DRREDDY,raw_l2/trade_date=2026-07-17/exchange=NSE/symbol=DRREDDY/part-092951_317645-046665.parquet,real_data_sample\l2_unseen_validation\trade_date=2026-07-17\exchange=NSE\symbol=DRREDDY\part-092951_317645-046665.parquet,34776,downloaded,34776,
2026-07-17,NSE,DRREDDY,raw_l2/trade_date=2026-07-17/exchange=NSE/symbol=DRREDDY/part-095308_028774-049801.parquet,real_data_sample\l2_unseen_validation\trade_date=2026-07-17\exchange=NSE\symbol=DRREDDY\part-095308_028774-049801.parquet,34385,downloaded,34385,
2026-07-17,NSE,DRREDDY,raw_l2/trade_date=2026-07-17/exchange=NSE/symbol=DRREDDY/part-095322_266345-049833.parquet,real_data_sample\l2_unseen_validation\trade_date=2026-07-17\exchange=NSE\symbol=DRREDDY\part-095322_266345-049833.parquet,34676,downloaded,34676,
2026-07-17,NSE,DRREDDY,raw_l2/trade_date=2026-07-17/exchange=NSE/symbol=DRREDDY/part-093132_269002-046889.parquet,real_data_sample\l2_unseen_validation\trade_date=2026-07-17\exchange=NSE\symbol=DRREDDY\part-093132_269002-046889.parquet,35952,downloaded,35952,
2026-07-17,NSE,DRREDDY,raw_l2/trade_date=2026-07-17/exchange=NSE/symbol=DRREDDY/part-092907_316989-046569.parquet,real_data_sample\l2_unseen_validation\trade_date=2026-07-17\exchange=NSE\symbol=DRREDDY\part-092907_316989-046569.parquet,34674,downloaded,34674,
2026-07-17,NSE,DRREDDY,raw_l2/trade_date=2026-07-17/exchange=NSE/symbol=DRREDDY/part-093229_234122-047017.parquet,real_data_sample\l2_unseen_validation\trade_date=2026-07-17\exchange=NSE\symbol=DRREDDY\part-093229_234122-047017.parquet,34751,downloaded,34751,
2026-07-17,NSE,DRREDDY,raw_l2/trade_date=2026-07-17/exchange=NSE/symbol=DRREDDY/part-095336_738317-049865.parquet,real_data_sample\l2_unseen_validation\trade_date=2026-07-17\exchange=NSE\symbol=DRREDDY\part-095336_738317-049865.parquet,34401,downloaded,34401,
2026-07-17,NSE,DRREDDY,raw_l2/trade_date=2026-07-17/exchange=NSE/symbol=DRREDDY/part-095351_072499-049897.parquet,real_data_sample\l2_unseen_validation\trade_date=2026-07-17\exchange=NSE\symbol=DRREDDY\part-095351_072499-049897.parquet,34662,downloaded,34662,
2026-07-17,NSE,DRREDDY,raw_l2/trade_date=2026-07-17/exchange=NSE/symbol=DRREDDY/part-093035_229742-046761.parquet,real_data_sample\l2_unseen_validation\trade_date=2026-07-17\exchange=NSE\symbol=DRREDDY\part-093035_229742-046761.parquet,34729,downloaded,34729,
2026-07-17,NSE,DRREDDY,raw_l2/trade_date=2026-07-17/exchange=NSE/symbol=DRREDDY/part-095405_486604-049929.parquet,real_data_sample\l2_unseen_validation\trade_date=2026-07-17\exchange=NSE\symbol=DRREDDY\part-095405_486604-049929.parquet,34502,downloaded,34502,
2026-07-17,NSE,DRREDDY,raw_l2/trade_date=2026-07-17/exchange=NSE/symbol=DRREDDY/part-095420_033052-049961.parquet,real_data_sample\l2_unseen_validation\trade_date=2026-07-17\exchange=NSE\symbol=DRREDDY\part-095420_033052-049961.parquet,34424,downloaded,34424,
2026-07-17,NSE,DRREDDY,raw_l2/trade_date=2026-07-17/exchange=NSE/symbol=DRREDDY/part-095448_267292-050025.parquet,real_data_sample\l2_unseen_validation\trade_date=2026-07-17\exchange=NSE\symbol=DRREDDY\part-095448_267292-050025.parquet,34466,downloaded,34466,
2026-07-17,NSE,DRREDDY,raw_l2/trade_date=2026-07-17/exchange=NSE/symbol=DRREDDY/part-095433_967448-049993.parquet,real_data_sample\l2_unseen_validation\trade_date=2026-07-17\exchange=NSE\symbol=DRREDDY\part-095433_967448-049993.parquet,34474,downloaded,34474,
2026-07-17,NSE,DRREDDY,raw_l2/trade_date=2026-07-17/exchange=NSE/symbol=DRREDDY/part-095545_407207-050153.parquet,real_data_sample\l2_unseen_validation\trade_date=2026-07-17\exchange=NSE\symbol=DRREDDY\part-095545_407207-050153.parquet,34697,downloaded,34697,
2026-07-17,NSE,DRREDDY,raw_l2/trade_date=2026-07-17/exchange=NSE/symbol=DRREDDY/part-095502_489884-050057.parquet,real_data_sample\l2_unseen_validation\trade_date=2026-07-17\exchange=NSE\symbol=DRREDDY\part-095502_489884-050057.parquet,34470,downloaded,34470,
2026-07-17,NSE,DRREDDY,raw_l2/trade_date=2026-07-17/exchange=NSE/symbol=DRREDDY/part-095530_770714-050121.parquet,real_data_sample\l2_unseen_validation\trade_date=2026-07-17\exchange=NSE\symbol=DRREDDY\part-095530_770714-050121.parquet,34438,downloaded,34438,
2026-07-17,NSE,DRREDDY,raw_l2/trade_date=2026-07-17/exchange=NSE/symbol=DRREDDY/part-095516_500823-050089.parquet,real_data_sample\l2_unseen_validation\trade_date=2026-07-17\exchange=NSE\symbol=DRREDDY\part-095516_500823-050089.parquet,34312,downloaded,34312,
2026-07-17,NSE,DRREDDY,raw_l2/trade_date=2026-07-17/exchange=NSE/symbol=DRREDDY/part-095600_023147-050185.parquet,real_data_sample\l2_unseen_validation\trade_date=2026-07-17\exchange=NSE\symbol=DRREDDY\part-095600_023147-050185.parquet,34379,downloaded,34379,
2026-07-17,NSE,DRREDDY,raw_l2/trade_date=2026-07-17/exchange=NSE/symbol=DRREDDY/part-095614_562453-050217.parquet,real_data_sample\l2_unseen_validation\trade_date=2026-07-17\exchange=NSE\symbol=DRREDDY\part-095614_562453-050217.parquet,34661,downloaded,34661,
2026-07-17,NSE,DRREDDY,raw_l2/trade_date=2026-07-17/exchange=NSE/symbol=DRREDDY/part-095643_261057-050281.parquet,real_data_sample\l2_unseen_validation\trade_date=2026-07-17\exchange=NSE\symbol=DRREDDY\part-095643_261057-050281.parquet,34429,downloaded,34429,
2026-07-17,NSE,DRREDDY,raw_l2/trade_date=2026-07-17/exchange=NSE/symbol=DRREDDY/part-095657_914417-050313.parquet,real_data_sample\l2_unseen_validation\trade_date=2026-07-17\exchange=NSE\symbol=DRREDDY\part-095657_914417-050313.parquet,34602,downloaded,34602,
2026-07-17,NSE,DRREDDY,raw_l2/trade_date=2026-07-17/exchange=NSE/symbol=DRREDDY/part-095712_843670-050345.parquet,real_data_sample\l2_unseen_validation\trade_date=2026-07-17\exchange=NSE\symbol=DRREDDY\part-095712_843670-050345.parquet,34411,downloaded,34411,
2026-07-17,NSE,DRREDDY,raw_l2/trade_date=2026-07-17/exchange=NSE/symbol=DRREDDY/part-093103_693743-046825.parquet,real_data_sample\l2_unseen_validation\trade_date=2026-07-17\exchange=NSE\symbol=DRREDDY\part-093103_693743-046825.parquet,34737,downloaded,34737,
2026-07-17,NSE,DRREDDY,raw_l2/trade_date=2026-07-17/exchange=NSE/symbol=DRREDDY/part-095727_282125-050377.parquet,real_data_sample\l2_unseen_validation\trade_date=2026-07-17\exchange=NSE\symbol=DRREDDY\part-095727_282125-050377.parquet,34643,downloaded,34643,
2026-07-17,NSE,DRREDDY,raw_l2/trade_date=2026-07-17/exchange=NSE/symbol=DRREDDY/part-095628_814252-050249.parquet,real_data_sample\l2_unseen_validation\trade_date=2026-07-17\exchange=NSE\symbol=DRREDDY\part-095628_814252-050249.parquet,34491,downloaded,34491,
2026-07-17,NSE,DRREDDY,raw_l2/trade_date=2026-07-17/exchange=NSE/symbol=DRREDDY/part-093049_583679-046793.parquet,real_data_sample\l2_unseen_validation\trade_date=2026-07-17\exchange=NSE\symbol=DRREDDY\part-093049_583679-046793.parquet,34408,downloaded,34408,
2026-07-17,NSE,DRREDDY,raw_l2/trade_date=2026-07-17/exchange=NSE/symbol=DRREDDY/part-095755_976034-050441.parquet,real_data_sample\l2_unseen_validation\trade_date=2026-07-17\exchange=NSE\symbol=DRREDDY\part-095755_976034-050441.parquet,34415,downloaded,34415,
2026-07-17,NSE,DRREDDY,raw_l2/trade_date=2026-07-17/exchange=NSE/symbol=DRREDDY/part-095741_797325-050409.parquet,real_data_sample\l2_unseen_validation\trade_date=2026-07-17\exchange=NSE\symbol=DRREDDY\part-095741_797325-050409.parquet,34422,downloaded,34422,
2026-07-17,NSE,DRREDDY,raw_l2/trade_date=2026-07-17/exchange=NSE/symbol=DRREDDY/part-095839_092517-050537.parquet,real_data_sample\l2_unseen_validation\trade_date=2026-07-17\exchange=NSE\symbol=DRREDDY\part-095839_092517-050537.parquet,36097,downloaded,36097,
2026-07-17,NSE,DRREDDY,raw_l2/trade_date=2026-07-17/exchange=NSE/symbol=DRREDDY/part-095810_248665-050473.parquet,real_data_sample\l2_unseen_validation\trade_date=2026-07-17\exchange=NSE\symbol=DRREDDY\part-095810_248665-050473.parquet,34513,downloaded,34513,
2026-07-17,NSE,DRREDDY,raw_l2/trade_date=2026-07-17/exchange=NSE/symbol=DRREDDY/part-095824_329448-050505.parquet,real_data_sample\l2_unseen_validation\trade_date=2026-07-17\exchange=NSE\symbol=DRREDDY\part-095824_329448-050505.parquet,35655,downloaded,35655,
2026-07-17,NSE,DRREDDY,raw_l2/trade_date=2026-07-17/exchange=NSE/symbol=DRREDDY/part-095853_850793-050569.parquet,real_data_sample\l2_unseen_validation\trade_date=2026-07-17\exchange=NSE\symbol=DRREDDY\part-095853_850793-050569.parquet,36232,downloaded,36232,
2026-07-17,NSE,DRREDDY,raw_l2/trade_date=2026-07-17/exchange=NSE/symbol=DRREDDY/part-095908_325497-050601.parquet,real_data_sample\l2_unseen_validation\trade_date=2026-07-17\exchange=NSE\symbol=DRREDDY\part-095908_325497-050601.parquet,36096,downloaded,36096,
2026-07-17,NSE,DRREDDY,raw_l2/trade_date=2026-07-17/exchange=NSE/symbol=DRREDDY/part-095922_840756-050633.parquet,real_data_sample\l2_unseen_validation\trade_date=2026-07-17\exchange=NSE\symbol=DRREDDY\part-095922_840756-050633.parquet,34524,downloaded,34524,
2026-07-17,NSE,DRREDDY,raw_l2/trade_date=2026-07-17/exchange=NSE/symbol=DRREDDY/part-095951_749026-050697.parquet,real_data_sample\l2_unseen_validation\trade_date=2026-07-17\exchange=NSE\symbol=DRREDDY\part-095951_749026-050697.parquet,34135,downloaded,34135,
2026-07-17,NSE,DRREDDY,raw_l2/trade_date=2026-07-17/exchange=NSE/symbol=DRREDDY/part-100006_058247-050729.parquet,real_data_sample\l2_unseen_validation\trade_date=2026-07-17\exchange=NSE\symbol=DRREDDY\part-100006_058247-050729.parquet,34500,downloaded,34500,
2026-07-17,NSE,GOLDBEES,raw_l2/trade_date=2026-07-17/exchange=NSE/symbol=GOLDBEES/part-034501_978580-000010.parquet,real_data_sample\l2_unseen_validation\trade_date=2026-07-17\exchange=NSE\symbol=GOLDBEES\part-034501_978580-000010.parquet,33996,downloaded,33996,
2026-07-17,NSE,DRREDDY,raw_l2/trade_date=2026-07-17/exchange=NSE/symbol=DRREDDY/part-095937_334694-050665.parquet,real_data_sample\l2_unseen_validation\trade_date=2026-07-17\exchange=NSE\symbol=DRREDDY\part-095937_334694-050665.parquet,34641,downloaded,34641,
2026-07-17,NSE,DRREDDY,raw_l2/trade_date=2026-07-17/exchange=NSE/symbol=DRREDDY/part-100113_488456-050755.parquet,real_data_sample\l2_unseen_validation\trade_date=2026-07-17\exchange=NSE\symbol=DRREDDY\part-100113_488456-050755.parquet,34234,downloaded,34234,
2026-07-17,NSE,GOLDBEES,raw_l2/trade_date=2026-07-17/exchange=NSE/symbol=GOLDBEES/part-034558_211426-000138.parquet,real_data_sample\l2_unseen_validation\trade_date=2026-07-17\exchange=NSE\symbol=GOLDBEES\part-034558_211426-000138.parquet,36075,downloaded,36075,
2026-07-17,NSE,GOLDBEES,raw_l2/trade_date=2026-07-17/exchange=NSE/symbol=GOLDBEES/part-034530_037042-000074.parquet,real_data_sample\l2_unseen_validation\trade_date=2026-07-17\exchange=NSE\symbol=GOLDBEES\part-034530_037042-000074.parquet,35532,downloaded,35532,
2026-07-17,NSE,GOLDBEES,raw_l2/trade_date=2026-07-17/exchange=NSE/symbol=GOLDBEES/part-034516_266961-000042.parquet,real_data_sample\l2_unseen_validation\trade_date=2026-07-17\exchange=NSE\symbol=GOLDBEES\part-034516_266961-000042.parquet,35055,downloaded,35055,
2026-07-17,NSE,GOLDBEES,raw_l2/trade_date=2026-07-17/exchange=NSE/symbol=GOLDBEES/part-034543_848963-000106.parquet,real_data_sample\l2_unseen_validation\trade_date=2026-07-17\exchange=NSE\symbol=GOLDBEES\part-034543_848963-000106.parquet,36293,downloaded,36293,
2026-07-17,NSE,GOLDBEES,raw_l2/trade_date=2026-07-17/exchange=NSE/symbol=GOLDBEES/part-034612_361841-000170.parquet,real_data_sample\l2_unseen_validation\trade_date=2026-07-17\exchange=NSE\symbol=GOLDBEES\part-034612_361841-000170.parquet,36112,downloaded,36112,
2026-07-17,NSE,GOLDBEES,raw_l2/trade_date=2026-07-17/exchange=NSE/symbol=GOLDBEES/part-034626_319662-000202.parquet,real_data_sample\l2_unseen_validation\trade_date=2026-07-17\exchange=NSE\symbol=GOLDBEES\part-034626_319662-000202.parquet,34460,downloaded,34460,
2026-07-17,NSE,GOLDBEES,raw_l2/trade_date=2026-07-17/exchange=NSE/symbol=GOLDBEES/part-034722_297281-000330.parquet,real_data_sample\l2_unseen_validation\trade_date=2026-07-17\exchange=NSE\symbol=GOLDBEES\part-034722_297281-000330.parquet,34154,downloaded,34154,
2026-07-17,NSE,GOLDBEES,raw_l2/trade_date=2026-07-17/exchange=NSE/symbol=GOLDBEES/part-034736_357531-000362.parquet,real_data_sample\l2_unseen_validation\trade_date=2026-07-17\exchange=NSE\symbol=GOLDBEES\part-034736_357531-000362.parquet,34485,downloaded,34485,
2026-07-17,NSE,GOLDBEES,raw_l2/trade_date=2026-07-17/exchange=NSE/symbol=GOLDBEES/part-034640_711151-000234.parquet,real_data_sample\l2_unseen_validation\trade_date=2026-07-17\exchange=NSE\symbol=GOLDBEES\part-034640_711151-000234.parquet,34405,downloaded,34405,
2026-07-17,NSE,GOLDBEES,raw_l2/trade_date=2026-07-17/exchange=NSE/symbol=GOLDBEES/part-034654_521352-000266.parquet,real_data_sample\l2_unseen_validation\trade_date=2026-07-17\exchange=NSE\symbol=GOLDBEES\part-034654_521352-000266.parquet,34472,downloaded,34472,
2026-07-17,NSE,GOLDBEES,raw_l2/trade_date=2026-07-17/exchange=NSE/symbol=GOLDBEES/part-034708_240350-000298.parquet,real_data_sample\l2_unseen_validation\trade_date=2026-07-17\exchange=NSE\symbol=GOLDBEES\part-034708_240350-000298.parquet,34475,downloaded,34475,
2026-07-17,NSE,GOLDBEES,raw_l2/trade_date=2026-07-17/exchange=NSE/symbol=GOLDBEES/part-035242_330808-001066.parquet,real_data_sample\l2_unseen_validation\trade_date=2026-07-17\exchange=NSE\symbol=GOLDBEES\part-035242_330808-001066.parquet,34330,downloaded,34330,
2026-07-17,NSE,GOLDBEES,raw_l2/trade_date=2026-07-17/exchange=NSE/symbol=GOLDBEES/part-034750_520425-000394.parquet,real_data_sample\l2_unseen_validation\trade_date=2026-07-17\exchange=NSE\symbol=GOLDBEES\part-034750_520425-000394.parquet,34322,downloaded,34322,
2026-07-17,NSE,GOLDBEES,raw_l2/trade_date=2026-07-17/exchange=NSE/symbol=GOLDBEES/part-034832_532797-000490.parquet,real_data_sample\l2_unseen_validation\trade_date=2026-07-17\exchange=NSE\symbol=GOLDBEES\part-034832_532797-000490.parquet,34469,downloaded,34469,
2026-07-17,NSE,GOLDBEES,raw_l2/trade_date=2026-07-17/exchange=NSE/symbol=GOLDBEES/part-035010_006429-000714.parquet,real_data_sample\l2_unseen_validation\trade_date=2026-07-17\exchange=NSE\symbol=GOLDBEES\part-035010_006429-000714.parquet,34372,downloaded,34372,
2026-07-17,NSE,GOLDBEES,raw_l2/trade_date=2026-07-17/exchange=NSE/symbol=GOLDBEES/part-035228_237246-001034.parquet,real_data_sample\l2_unseen_validation\trade_date=2026-07-17\exchange=NSE\symbol=GOLDBEES\part-035228_237246-001034.parquet,34694,downloaded,34694,
2026-07-17,NSE,GOLDBEES,raw_l2/trade_date=2026-07-17/exchange=NSE/symbol=GOLDBEES/part-035105_245217-000842.parquet,real_data_sample\l2_unseen_validation\trade_date=2026-07-17\exchange=NSE\symbol=GOLDBEES\part-035105_245217-000842.parquet,34416,downloaded,34416,
2026-07-17,NSE,GOLDBEES,raw_l2/trade_date=2026-07-17/exchange=NSE/symbol=GOLDBEES/part-035051_459818-000810.parquet,real_data_sample\l2_unseen_validation\trade_date=2026-07-17\exchange=NSE\symbol=GOLDBEES\part-035051_459818-000810.parquet,34382,downloaded,34382,
2026-07-17,NSE,GOLDBEES,raw_l2/trade_date=2026-07-17/exchange=NSE/symbol=GOLDBEES/part-035501_321494-001386.parquet,real_data_sample\l2_unseen_validation\trade_date=2026-07-17\exchange=NSE\symbol=GOLDBEES\part-035501_321494-001386.parquet,34143,downloaded,34143,
2026-07-17,NSE,GOLDBEES,raw_l2/trade_date=2026-07-17/exchange=NSE/symbol=GOLDBEES/part-035433_248619-001322.parquet,real_data_sample\l2_unseen_validation\trade_date=2026-07-17\exchange=NSE\symbol=GOLDBEES\part-035433_248619-001322.parquet,34448,downloaded,34448,
2026-07-17,NSE,GOLDBEES,raw_l2/trade_date=2026-07-17/exchange=NSE/symbol=GOLDBEES/part-035037_823496-000778.parquet,real_data_sample\l2_unseen_validation\trade_date=2026-07-17\exchange=NSE\symbol=GOLDBEES\part-035037_823496-000778.parquet,34491,downloaded,34491,
2026-07-17,NSE,GOLDBEES,raw_l2/trade_date=2026-07-17/exchange=NSE/symbol=GOLDBEES/part-034804_634005-000426.parquet,real_data_sample\l2_unseen_validation\trade_date=2026-07-17\exchange=NSE\symbol=GOLDBEES\part-034804_634005-000426.parquet,34319,downloaded,34319,
2026-07-17,NSE,GOLDBEES,raw_l2/trade_date=2026-07-17/exchange=NSE/symbol=GOLDBEES/part-035256_346046-001098.parquet,real_data_sample\l2_unseen_validation\trade_date=2026-07-17\exchange=NSE\symbol=GOLDBEES\part-035256_346046-001098.parquet,34624,downloaded,34624,
2026-07-17,NSE,GOLDBEES,raw_l2/trade_date=2026-07-17/exchange=NSE/symbol=GOLDBEES/part-035447_249722-001354.parquet,real_data_sample\l2_unseen_validation\trade_date=2026-07-17\exchange=NSE\symbol=GOLDBEES\part-035447_249722-001354.parquet,34434,downloaded,34434,
2026-07-17,NSE,GOLDBEES,raw_l2/trade_date=2026-07-17/exchange=NSE/symbol=GOLDBEES/part-035419_462413-001290.parquet,real_data_sample\l2_unseen_validation\trade_date=2026-07-17\exchange=NSE\symbol=GOLDBEES\part-035419_462413-001290.parquet,34695,downloaded,34695,
2026-07-17,NSE,GOLDBEES,raw_l2/trade_date=2026-07-17/exchange=NSE/symbol=GOLDBEES/part-035214_475411-001002.parquet,real_data_sample\l2_unseen_validation\trade_date=2026-07-17\exchange=NSE\symbol=GOLDBEES\part-035214_475411-001002.parquet,34495,downloaded,34495,
2026-07-17,NSE,GOLDBEES,raw_l2/trade_date=2026-07-17/exchange=NSE/symbol=GOLDBEES/part-035024_029875-000746.parquet,real_data_sample\l2_unseen_validation\trade_date=2026-07-17\exchange=NSE\symbol=GOLDBEES\part-035024_029875-000746.parquet,34427,downloaded,34427,
2026-07-17,NSE,GOLDBEES,raw_l2/trade_date=2026-07-17/exchange=NSE/symbol=GOLDBEES/part-035338_000903-001194.parquet,real_data_sample\l2_unseen_validation\trade_date=2026-07-17\exchange=NSE\symbol=GOLDBEES\part-035338_000903-001194.parquet,34646,downloaded,34646,
2026-07-17,NSE,GOLDBEES,raw_l2/trade_date=2026-07-17/exchange=NSE/symbol=GOLDBEES/part-035310_244022-001130.parquet,real_data_sample\l2_unseen_validation\trade_date=2026-07-17\exchange=NSE\symbol=GOLDBEES\part-035310_244022-001130.parquet,34376,downloaded,34376,
2026-07-17,NSE,GOLDBEES,raw_l2/trade_date=2026-07-17/exchange=NSE/symbol=GOLDBEES/part-035405_734768-001258.parquet,real_data_sample\l2_unseen_validation\trade_date=2026-07-17\exchange=NSE\symbol=GOLDBEES\part-035405_734768-001258.parquet,34352,downloaded,34352,
2026-07-17,NSE,GOLDBEES,raw_l2/trade_date=2026-07-17/exchange=NSE/symbol=GOLDBEES/part-035324_031347-001162.parquet,real_data_sample\l2_unseen_validation\trade_date=2026-07-17\exchange=NSE\symbol=GOLDBEES\part-035324_031347-001162.parquet,34403,downloaded,34403,
2026-07-17,NSE,GOLDBEES,raw_l2/trade_date=2026-07-17/exchange=NSE/symbol=GOLDBEES/part-034956_056705-000682.parquet,real_data_sample\l2_unseen_validation\trade_date=2026-07-17\exchange=NSE\symbol=GOLDBEES\part-034956_056705-000682.parquet,34394,downloaded,34394,
2026-07-17,NSE,GOLDBEES,raw_l2/trade_date=2026-07-17/exchange=NSE/symbol=GOLDBEES/part-034942_046202-000650.parquet,real_data_sample\l2_unseen_validation\trade_date=2026-07-17\exchange=NSE\symbol=GOLDBEES\part-034942_046202-000650.parquet,34138,downloaded,34138,
2026-07-17,NSE,GOLDBEES,raw_l2/trade_date=2026-07-17/exchange=NSE/symbol=GOLDBEES/part-034900_005118-000554.parquet,real_data_sample\l2_unseen_validation\trade_date=2026-07-17\exchange=NSE\symbol=GOLDBEES\part-034900_005118-000554.parquet,34502,downloaded,34502,
2026-07-17,NSE,GOLDBEES,raw_l2/trade_date=2026-07-17/exchange=NSE/symbol=GOLDBEES/part-034914_084160-000586.parquet,real_data_sample\l2_unseen_validation\trade_date=2026-07-17\exchange=NSE\symbol=GOLDBEES\part-034914_084160-000586.parquet,34472,downloaded,34472,
2026-07-17,NSE,GOLDBEES,raw_l2/trade_date=2026-07-17/exchange=NSE/symbol=GOLDBEES/part-034818_726450-000458.parquet,real_data_sample\l2_unseen_validation\trade_date=2026-07-17\exchange=NSE\symbol=GOLDBEES\part-034818_726450-000458.parquet,34346,downloaded,34346,
2026-07-17,NSE,GOLDBEES,raw_l2/trade_date=2026-07-17/exchange=NSE/symbol=GOLDBEES/part-034928_033250-000618.parquet,real_data_sample\l2_unseen_validation\trade_date=2026-07-17\exchange=NSE\symbol=GOLDBEES\part-034928_033250-000618.parquet,34313,downloaded,34313,
2026-07-17,NSE,GOLDBEES,raw_l2/trade_date=2026-07-17/exchange=NSE/symbol=GOLDBEES/part-034846_240612-000522.parquet,real_data_sample\l2_unseen_validation\trade_date=2026-07-17\exchange=NSE\symbol=GOLDBEES\part-034846_240612-000522.parquet,34145,downloaded,34145,
2026-07-17,NSE,GOLDBEES,raw_l2/trade_date=2026-07-17/exchange=NSE/symbol=GOLDBEES/part-035351_790651-001226.parquet,real_data_sample\l2_unseen_validation\trade_date=2026-07-17\exchange=NSE\symbol=GOLDBEES\part-035351_790651-001226.parquet,34338,downloaded,34338,
2026-07-17,NSE,GOLDBEES,raw_l2/trade_date=2026-07-17/exchange=NSE/symbol=GOLDBEES/part-035200_550585-000970.parquet,real_data_sample\l2_unseen_validation\trade_date=2026-07-17\exchange=NSE\symbol=GOLDBEES\part-035200_550585-000970.parquet,34552,downloaded,34552,
2026-07-17,NSE,GOLDBEES,raw_l2/trade_date=2026-07-17/exchange=NSE/symbol=GOLDBEES/part-035119_005842-000874.parquet,real_data_sample\l2_unseen_validation\trade_date=2026-07-17\exchange=NSE\symbol=GOLDBEES\part-035119_005842-000874.parquet,34582,downloaded,34582,
2026-07-17,NSE,GOLDBEES,raw_l2/trade_date=2026-07-17/exchange=NSE/symbol=GOLDBEES/part-035132_774917-000906.parquet,real_data_sample\l2_unseen_validation\trade_date=2026-07-17\exchange=NSE\symbol=GOLDBEES\part-035132_774917-000906.parquet,34393,downloaded,34393,
2026-07-17,NSE,GOLDBEES,raw_l2/trade_date=2026-07-17/exchange=NSE/symbol=GOLDBEES/part-035146_588706-000938.parquet,real_data_sample\l2_unseen_validation\trade_date=2026-07-17\exchange=NSE\symbol=GOLDBEES\part-035146_588706-000938.parquet,34407,downloaded,34407,
2026-07-17,NSE,GOLDBEES,raw_l2/trade_date=2026-07-17/exchange=NSE/symbol=GOLDBEES/part-035653_045113-001642.parquet,real_data_sample\l2_unseen_validation\trade_date=2026-07-17\exchange=NSE\symbol=GOLDBEES\part-035653_045113-001642.parquet,34402,downloaded,34402,
2026-07-17,NSE,GOLDBEES,raw_l2/trade_date=2026-07-17/exchange=NSE/symbol=GOLDBEES/part-040228_769323-002410.parquet,real_data_sample\l2_unseen_validation\trade_date=2026-07-17\exchange=NSE\symbol=GOLDBEES\part-040228_769323-002410.parquet,34402,downloaded,34402,
2026-07-17,NSE,GOLDBEES,raw_l2/trade_date=2026-07-17/exchange=NSE/symbol=GOLDBEES/part-040024_037317-002122.parquet,real_data_sample\l2_unseen_validation\trade_date=2026-07-17\exchange=NSE\symbol=GOLDBEES\part-040024_037317-002122.parquet,34421,downloaded,34421,
2026-07-17,NSE,GOLDBEES,raw_l2/trade_date=2026-07-17/exchange=NSE/symbol=GOLDBEES/part-035817_858771-001834.parquet,real_data_sample\l2_unseen_validation\trade_date=2026-07-17\exchange=NSE\symbol=GOLDBEES\part-035817_858771-001834.parquet,34352,downloaded,34352,
2026-07-17,NSE,GOLDBEES,raw_l2/trade_date=2026-07-17/exchange=NSE/symbol=GOLDBEES/part-035927_784042-001994.parquet,real_data_sample\l2_unseen_validation\trade_date=2026-07-17\exchange=NSE\symbol=GOLDBEES\part-035927_784042-001994.parquet,34525,downloaded,34525,
2026-07-17,NSE,GOLDBEES,raw_l2/trade_date=2026-07-17/exchange=NSE/symbol=GOLDBEES/part-040215_002356-002378.parquet,real_data_sample\l2_unseen_validation\trade_date=2026-07-17\exchange=NSE\symbol=GOLDBEES\part-040215_002356-002378.parquet,34424,downloaded,34424,
2026-07-17,NSE,GOLDBEES,raw_l2/trade_date=2026-07-17/exchange=NSE/symbol=GOLDBEES/part-040009_999313-002090.parquet,real_data_sample\l2_unseen_validation\trade_date=2026-07-17\exchange=NSE\symbol=GOLDBEES\part-040009_999313-002090.parquet,34596,downloaded,34596,
2026-07-17,NSE,GOLDBEES,raw_l2/trade_date=2026-07-17/exchange=NSE/symbol=GOLDBEES/part-035831_850870-001866.parquet,real_data_sample\l2_unseen_validation\trade_date=2026-07-17\exchange=NSE\symbol=GOLDBEES\part-035831_850870-001866.parquet,34421,downloaded,34421,
2026-07-17,NSE,GOLDBEES,raw_l2/trade_date=2026-07-17/exchange=NSE/symbol=GOLDBEES/part-040051_694685-002186.parquet,real_data_sample\l2_unseen_validation\trade_date=2026-07-17\exchange=NSE\symbol=GOLDBEES\part-040051_694685-002186.parquet,34455,downloaded,34455,
2026-07-17,NSE,GOLDBEES,raw_l2/trade_date=2026-07-17/exchange=NSE/symbol=GOLDBEES/part-035845_792118-001898.parquet,real_data_sample\l2_unseen_validation\trade_date=2026-07-17\exchange=NSE\symbol=GOLDBEES\part-035845_792118-001898.parquet,34631,downloaded,34631,
2026-07-17,NSE,GOLDBEES,raw_l2/trade_date=2026-07-17/exchange=NSE/symbol=GOLDBEES/part-035543_229857-001482.parquet,real_data_sample\l2_unseen_validation\trade_date=2026-07-17\exchange=NSE\symbol=GOLDBEES\part-035543_229857-001482.parquet,34440,downloaded,34440,
2026-07-17,NSE,GOLDBEES,raw_l2/trade_date=2026-07-17/exchange=NSE/symbol=GOLDBEES/part-040105_615027-002218.parquet,real_data_sample\l2_unseen_validation\trade_date=2026-07-17\exchange=NSE\symbol=GOLDBEES\part-040105_615027-002218.parquet,34411,downloaded,34411,
2026-07-17,NSE,GOLDBEES,raw_l2/trade_date=2026-07-17/exchange=NSE/symbol=GOLDBEES/part-035913_804907-001962.parquet,real_data_sample\l2_unseen_validation\trade_date=2026-07-17\exchange=NSE\symbol=GOLDBEES\part-035913_804907-001962.parquet,34486,downloaded,34486,
2026-07-17,NSE,GOLDBEES,raw_l2/trade_date=2026-07-17/exchange=NSE/symbol=GOLDBEES/part-035611_048484-001546.parquet,real_data_sample\l2_unseen_validation\trade_date=2026-07-17\exchange=NSE\symbol=GOLDBEES\part-035611_048484-001546.parquet,34696,downloaded,34696,
2026-07-17,NSE,GOLDBEES,raw_l2/trade_date=2026-07-17/exchange=NSE/symbol=GOLDBEES/part-040037_987630-002154.parquet,real_data_sample\l2_unseen_validation\trade_date=2026-07-17\exchange=NSE\symbol=GOLDBEES\part-040037_987630-002154.parquet,34518,downloaded,34518,
2026-07-17,NSE,GOLDBEES,raw_l2/trade_date=2026-07-17/exchange=NSE/symbol=GOLDBEES/part-035557_030085-001514.parquet,real_data_sample\l2_unseen_validation\trade_date=2026-07-17\exchange=NSE\symbol=GOLDBEES\part-035557_030085-001514.parquet,34528,downloaded,34528,
2026-07-17,NSE,GOLDBEES,raw_l2/trade_date=2026-07-17/exchange=NSE/symbol=GOLDBEES/part-035515_367422-001418.parquet,real_data_sample\l2_unseen_validation\trade_date=2026-07-17\exchange=NSE\symbol=GOLDBEES\part-035515_367422-001418.parquet,34344,downloaded,34344,
2026-07-17,NSE,GOLDBEES,raw_l2/trade_date=2026-07-17/exchange=NSE/symbol=GOLDBEES/part-035955_811726-002058.parquet,real_data_sample\l2_unseen_validation\trade_date=2026-07-17\exchange=NSE\symbol=GOLDBEES\part-035955_811726-002058.parquet,34590,downloaded,34590,
2026-07-17,NSE,GOLDBEES,raw_l2/trade_date=2026-07-17/exchange=NSE/symbol=GOLDBEES/part-035941_922440-002026.parquet,real_data_sample\l2_unseen_validation\trade_date=2026-07-17\exchange=NSE\symbol=GOLDBEES\part-035941_922440-002026.parquet,34577,downloaded,34577,
2026-07-17,NSE,GOLDBEES,raw_l2/trade_date=2026-07-17/exchange=NSE/symbol=GOLDBEES/part-035529_285726-001450.parquet,real_data_sample\l2_unseen_validation\trade_date=2026-07-17\exchange=NSE\symbol=GOLDBEES\part-035529_285726-001450.parquet,34463,downloaded,34463,
2026-07-17,NSE,GOLDBEES,raw_l2/trade_date=2026-07-17/exchange=NSE/symbol=GOLDBEES/part-035734_921131-001738.parquet,real_data_sample\l2_unseen_validation\trade_date=2026-07-17\exchange=NSE\symbol=GOLDBEES\part-035734_921131-001738.parquet,34613,downloaded,34613,
2026-07-17,NSE,GOLDBEES,raw_l2/trade_date=2026-07-17/exchange=NSE/symbol=GOLDBEES/part-035803_424729-001802.parquet,real_data_sample\l2_unseen_validation\trade_date=2026-07-17\exchange=NSE\symbol=GOLDBEES\part-035803_424729-001802.parquet,34503,downloaded,34503,
2026-07-17,NSE,GOLDBEES,raw_l2/trade_date=2026-07-17/exchange=NSE/symbol=GOLDBEES/part-040133_279139-002282.parquet,real_data_sample\l2_unseen_validation\trade_date=2026-07-17\exchange=NSE\symbol=GOLDBEES\part-040133_279139-002282.parquet,34671,downloaded,34671,
2026-07-17,NSE,GOLDBEES,raw_l2/trade_date=2026-07-17/exchange=NSE/symbol=GOLDBEES/part-040201_034617-002346.parquet,real_data_sample\l2_unseen_validation\trade_date=2026-07-17\exchange=NSE\symbol=GOLDBEES\part-040201_034617-002346.parquet,34468,downloaded,34468,
2026-07-17,NSE,GOLDBEES,raw_l2/trade_date=2026-07-17/exchange=NSE/symbol=GOLDBEES/part-040147_025817-002314.parquet,real_data_sample\l2_unseen_validation\trade_date=2026-07-17\exchange=NSE\symbol=GOLDBEES\part-040147_025817-002314.parquet,34375,downloaded,34375,
2026-07-17,NSE,GOLDBEES,raw_l2/trade_date=2026-07-17/exchange=NSE/symbol=GOLDBEES/part-035720_823876-001706.parquet,real_data_sample\l2_unseen_validation\trade_date=2026-07-17\exchange=NSE\symbol=GOLDBEES\part-035720_823876-001706.parquet,34341,downloaded,34341,
2026-07-17,NSE,GOLDBEES,raw_l2/trade_date=2026-07-17/exchange=NSE/symbol=GOLDBEES/part-040119_479072-002250.parquet,real_data_sample\l2_unseen_validation\trade_date=2026-07-17\exchange=NSE\symbol=GOLDBEES\part-040119_479072-002250.parquet,34413,downloaded,34413,
2026-07-17,NSE,GOLDBEES,raw_l2/trade_date=2026-07-17/exchange=NSE/symbol=GOLDBEES/part-035749_112561-001770.parquet,real_data_sample\l2_unseen_validation\trade_date=2026-07-17\exchange=NSE\symbol=GOLDBEES\part-035749_112561-001770.parquet,34492,downloaded,34492,
2026-07-17,NSE,GOLDBEES,raw_l2/trade_date=2026-07-17/exchange=NSE/symbol=GOLDBEES/part-040312_021642-002506.parquet,real_data_sample\l2_unseen_validation\trade_date=2026-07-17\exchange=NSE\symbol=GOLDBEES\part-040312_021642-002506.parquet,34760,downloaded,34760,
2026-07-17,NSE,GOLDBEES,raw_l2/trade_date=2026-07-17/exchange=NSE/symbol=GOLDBEES/part-040340_333473-002570.parquet,real_data_sample\l2_unseen_validation\trade_date=2026-07-17\exchange=NSE\symbol=GOLDBEES\part-040340_333473-002570.parquet,34377,downloaded,34377,
2026-07-17,NSE,GOLDBEES,raw_l2/trade_date=2026-07-17/exchange=NSE/symbol=GOLDBEES/part-040408_565712-002634.parquet,real_data_sample\l2_unseen_validation\trade_date=2026-07-17\exchange=NSE\symbol=GOLDBEES\part-040408_565712-002634.parquet,34759,downloaded,34759,
2026-07-17,NSE,GOLDBEES,raw_l2/trade_date=2026-07-17/exchange=NSE/symbol=GOLDBEES/part-040326_194353-002538.parquet,real_data_sample\l2_unseen_validation\trade_date=2026-07-17\exchange=NSE\symbol=GOLDBEES\part-040326_194353-002538.parquet,34439,downloaded,34439,
2026-07-17,NSE,GOLDBEES,raw_l2/trade_date=2026-07-17/exchange=NSE/symbol=GOLDBEES/part-040354_605820-002602.parquet,real_data_sample\l2_unseen_validation\trade_date=2026-07-17\exchange=NSE\symbol=GOLDBEES\part-040354_605820-002602.parquet,34472,downloaded,34472,
2026-07-17,NSE,GOLDBEES,raw_l2/trade_date=2026-07-17/exchange=NSE/symbol=GOLDBEES/part-040257_398034-002474.parquet,real_data_sample\l2_unseen_validation\trade_date=2026-07-17\exchange=NSE\symbol=GOLDBEES\part-040257_398034-002474.parquet,34723,downloaded,34723,
2026-07-17,NSE,GOLDBEES,raw_l2/trade_date=2026-07-17/exchange=NSE/symbol=GOLDBEES/part-040436_519552-002698.parquet,real_data_sample\l2_unseen_validation\trade_date=2026-07-17\exchange=NSE\symbol=GOLDBEES\part-040436_519552-002698.parquet,34648,downloaded,34648,
2026-07-17,NSE,GOLDBEES,raw_l2/trade_date=2026-07-17/exchange=NSE/symbol=GOLDBEES/part-040450_497326-002730.parquet,real_data_sample\l2_unseen_validation\trade_date=2026-07-17\exchange=NSE\symbol=GOLDBEES\part-040450_497326-002730.parquet,34375,downloaded,34375,
2026-07-17,NSE,GOLDBEES,raw_l2/trade_date=2026-07-17/exchange=NSE/symbol=GOLDBEES/part-040629_019229-002954.parquet,real_data_sample\l2_unseen_validation\trade_date=2026-07-17\exchange=NSE\symbol=GOLDBEES\part-040629_019229-002954.parquet,34511,downloaded,34511,
2026-07-17,NSE,GOLDBEES,raw_l2/trade_date=2026-07-17/exchange=NSE/symbol=GOLDBEES/part-040422_489896-002666.parquet,real_data_sample\l2_unseen_validation\trade_date=2026-07-17\exchange=NSE\symbol=GOLDBEES\part-040422_489896-002666.parquet,34584,downloaded,34584,
2026-07-17,NSE,GOLDBEES,raw_l2/trade_date=2026-07-17/exchange=NSE/symbol=GOLDBEES/part-040243_093437-002442.parquet,real_data_sample\l2_unseen_validation\trade_date=2026-07-17\exchange=NSE\symbol=GOLDBEES\part-040243_093437-002442.parquet,34612,downloaded,34612,
2026-07-17,NSE,GOLDBEES,raw_l2/trade_date=2026-07-17/exchange=NSE/symbol=GOLDBEES/part-040504_734651-002762.parquet,real_data_sample\l2_unseen_validation\trade_date=2026-07-17\exchange=NSE\symbol=GOLDBEES\part-040504_734651-002762.parquet,34750,downloaded,34750,
2026-07-17,NSE,GOLDBEES,raw_l2/trade_date=2026-07-17/exchange=NSE/symbol=GOLDBEES/part-040656_771590-003018.parquet,real_data_sample\l2_unseen_validation\trade_date=2026-07-17\exchange=NSE\symbol=GOLDBEES\part-040656_771590-003018.parquet,34313,downloaded,34313,
2026-07-17,NSE,GOLDBEES,raw_l2/trade_date=2026-07-17/exchange=NSE/symbol=GOLDBEES/part-040835_533425-003242.parquet,real_data_sample\l2_unseen_validation\trade_date=2026-07-17\exchange=NSE\symbol=GOLDBEES\part-040835_533425-003242.parquet,34520,downloaded,34520,
2026-07-17,NSE,GOLDBEES,raw_l2/trade_date=2026-07-17/exchange=NSE/symbol=GOLDBEES/part-040710_759033-003050.parquet,real_data_sample\l2_unseen_validation\trade_date=2026-07-17\exchange=NSE\symbol=GOLDBEES\part-040710_759033-003050.parquet,34660,downloaded,34660,
2026-07-17,NSE,GOLDBEES,raw_l2/trade_date=2026-07-17/exchange=NSE/symbol=GOLDBEES/part-040821_296248-003210.parquet,real_data_sample\l2_unseen_validation\trade_date=2026-07-17\exchange=NSE\symbol=GOLDBEES\part-040821_296248-003210.parquet,34463,downloaded,34463,
2026-07-17,NSE,GOLDBEES,raw_l2/trade_date=2026-07-17/exchange=NSE/symbol=GOLDBEES/part-040642_750272-002986.parquet,real_data_sample\l2_unseen_validation\trade_date=2026-07-17\exchange=NSE\symbol=GOLDBEES\part-040642_750272-002986.parquet,34619,downloaded,34619,
2026-07-17,NSE,GOLDBEES,raw_l2/trade_date=2026-07-17/exchange=NSE/symbol=GOLDBEES/part-040724_859452-003082.parquet,real_data_sample\l2_unseen_validation\trade_date=2026-07-17\exchange=NSE\symbol=GOLDBEES\part-040724_859452-003082.parquet,34381,downloaded,34381,
2026-07-17,NSE,GOLDBEES,raw_l2/trade_date=2026-07-17/exchange=NSE/symbol=GOLDBEES/part-040806_984746-003178.parquet,real_data_sample\l2_unseen_validation\trade_date=2026-07-17\exchange=NSE\symbol=GOLDBEES\part-040806_984746-003178.parquet,34502,downloaded,34502,
2026-07-17,NSE,GOLDBEES,raw_l2/trade_date=2026-07-17/exchange=NSE/symbol=GOLDBEES/part-040904_052316-003306.parquet,real_data_sample\l2_unseen_validation\trade_date=2026-07-17\exchange=NSE\symbol=GOLDBEES\part-040904_052316-003306.parquet,34433,downloaded,34433,
2026-07-17,NSE,GOLDBEES,raw_l2/trade_date=2026-07-17/exchange=NSE/symbol=GOLDBEES/part-040738_868752-003114.parquet,real_data_sample\l2_unseen_validation\trade_date=2026-07-17\exchange=NSE\symbol=GOLDBEES\part-040738_868752-003114.parquet,34526,downloaded,34526,
2026-07-17,NSE,GOLDBEES,raw_l2/trade_date=2026-07-17/exchange=NSE/symbol=GOLDBEES/part-040614_990918-002922.parquet,real_data_sample\l2_unseen_validation\trade_date=2026-07-17\exchange=NSE\symbol=GOLDBEES\part-040614_990918-002922.parquet,34353,downloaded,34353,
2026-07-17,NSE,GOLDBEES,raw_l2/trade_date=2026-07-17/exchange=NSE/symbol=GOLDBEES/part-040753_061799-003146.parquet,real_data_sample\l2_unseen_validation\trade_date=2026-07-17\exchange=NSE\symbol=GOLDBEES\part-040753_061799-003146.parquet,34349,downloaded,34349,
2026-07-17,NSE,GOLDBEES,raw_l2/trade_date=2026-07-17/exchange=NSE/symbol=GOLDBEES/part-040533_037283-002826.parquet,real_data_sample\l2_unseen_validation\trade_date=2026-07-17\exchange=NSE\symbol=GOLDBEES\part-040533_037283-002826.parquet,34698,downloaded,34698,
2026-07-17,NSE,GOLDBEES,raw_l2/trade_date=2026-07-17/exchange=NSE/symbol=GOLDBEES/part-040547_002542-002858.parquet,real_data_sample\l2_unseen_validation\trade_date=2026-07-17\exchange=NSE\symbol=GOLDBEES\part-040547_002542-002858.parquet,34354,downloaded,34354,
2026-07-17,NSE,GOLDBEES,raw_l2/trade_date=2026-07-17/exchange=NSE/symbol=GOLDBEES/part-040518_906336-002794.parquet,real_data_sample\l2_unseen_validation\trade_date=2026-07-17\exchange=NSE\symbol=GOLDBEES\part-040518_906336-002794.parquet,34501,downloaded,34501,
2026-07-17,NSE,GOLDBEES,raw_l2/trade_date=2026-07-17/exchange=NSE/symbol=GOLDBEES/part-040849_787482-003274.parquet,real_data_sample\l2_unseen_validation\trade_date=2026-07-17\exchange=NSE\symbol=GOLDBEES\part-040849_787482-003274.parquet,34599,downloaded,34599,
2026-07-17,NSE,GOLDBEES,raw_l2/trade_date=2026-07-17/exchange=NSE/symbol=GOLDBEES/part-040601_034292-002890.parquet,real_data_sample\l2_unseen_validation\trade_date=2026-07-17\exchange=NSE\symbol=GOLDBEES\part-040601_034292-002890.parquet,34472,downloaded,34472,
2026-07-17,NSE,GOLDBEES,raw_l2/trade_date=2026-07-17/exchange=NSE/symbol=GOLDBEES/part-040918_114794-003338.parquet,real_data_sample\l2_unseen_validation\trade_date=2026-07-17\exchange=NSE\symbol=GOLDBEES\part-040918_114794-003338.parquet,34318,downloaded,34318,
2026-07-17,NSE,GOLDBEES,raw_l2/trade_date=2026-07-17/exchange=NSE/symbol=GOLDBEES/part-041029_121949-003498.parquet,real_data_sample\l2_unseen_validation\trade_date=2026-07-17\exchange=NSE\symbol=GOLDBEES\part-041029_121949-003498.parquet,34343,downloaded,34343,
2026-07-17,NSE,GOLDBEES,raw_l2/trade_date=2026-07-17/exchange=NSE/symbol=GOLDBEES/part-041001_158961-003434.parquet,real_data_sample\l2_unseen_validation\trade_date=2026-07-17\exchange=NSE\symbol=GOLDBEES\part-041001_158961-003434.parquet,34383,downloaded,34383,
2026-07-17,NSE,GOLDBEES,raw_l2/trade_date=2026-07-17/exchange=NSE/symbol=GOLDBEES/part-040932_397879-003370.parquet,real_data_sample\l2_unseen_validation\trade_date=2026-07-17\exchange=NSE\symbol=GOLDBEES\part-040932_397879-003370.parquet,34337,downloaded,34337,
2026-07-17,NSE,GOLDBEES,raw_l2/trade_date=2026-07-17/exchange=NSE/symbol=GOLDBEES/part-041015_024101-003466.parquet,real_data_sample\l2_unseen_validation\trade_date=2026-07-17\exchange=NSE\symbol=GOLDBEES\part-041015_024101-003466.parquet,34646,downloaded,34646,
2026-07-17,NSE,GOLDBEES,raw_l2/trade_date=2026-07-17/exchange=NSE/symbol=GOLDBEES/part-040946_830415-003402.parquet,real_data_sample\l2_unseen_validation\trade_date=2026-07-17\exchange=NSE\symbol=GOLDBEES\part-040946_830415-003402.parquet,34646,downloaded,34646,
2026-07-17,NSE,GOLDBEES,raw_l2/trade_date=2026-07-17/exchange=NSE/symbol=GOLDBEES/part-041111_830360-003594.parquet,real_data_sample\l2_unseen_validation\trade_date=2026-07-17\exchange=NSE\symbol=GOLDBEES\part-041111_830360-003594.parquet,34648,downloaded,34648,
2026-07-17,NSE,GOLDBEES,raw_l2/trade_date=2026-07-17/exchange=NSE/symbol=GOLDBEES/part-041043_412701-003530.parquet,real_data_sample\l2_unseen_validation\trade_date=2026-07-17\exchange=NSE\symbol=GOLDBEES\part-041043_412701-003530.parquet,34585,downloaded,34585,
2026-07-17,NSE,GOLDBEES,raw_l2/trade_date=2026-07-17/exchange=NSE/symbol=GOLDBEES/part-041057_737455-003562.parquet,real_data_sample\l2_unseen_validation\trade_date=2026-07-17\exchange=NSE\symbol=GOLDBEES\part-041057_737455-003562.parquet,34491,downloaded,34491,
2026-07-17,NSE,GOLDBEES,raw_l2/trade_date=2026-07-17/exchange=NSE/symbol=GOLDBEES/part-041303_044104-003850.parquet,real_data_sample\l2_unseen_validation\trade_date=2026-07-17\exchange=NSE\symbol=GOLDBEES\part-041303_044104-003850.parquet,34402,downloaded,34402,
2026-07-17,NSE,GOLDBEES,raw_l2/trade_date=2026-07-17/exchange=NSE/symbol=GOLDBEES/part-041249_276508-003818.parquet,real_data_sample\l2_unseen_validation\trade_date=2026-07-17\exchange=NSE\symbol=GOLDBEES\part-041249_276508-003818.parquet,34315,downloaded,34315,
2026-07-17,NSE,GOLDBEES,raw_l2/trade_date=2026-07-17/exchange=NSE/symbol=GOLDBEES/part-041207_571550-003722.parquet,real_data_sample\l2_unseen_validation\trade_date=2026-07-17\exchange=NSE\symbol=GOLDBEES\part-041207_571550-003722.parquet,34601,downloaded,34601,
2026-07-17,NSE,GOLDBEES,raw_l2/trade_date=2026-07-17/exchange=NSE/symbol=GOLDBEES/part-041139_671299-003658.parquet,real_data_sample\l2_unseen_validation\trade_date=2026-07-17\exchange=NSE\symbol=GOLDBEES\part-041139_671299-003658.parquet,34471,downloaded,34471,
2026-07-17,NSE,GOLDBEES,raw_l2/trade_date=2026-07-17/exchange=NSE/symbol=GOLDBEES/part-041153_528649-003690.parquet,real_data_sample\l2_unseen_validation\trade_date=2026-07-17\exchange=NSE\symbol=GOLDBEES\part-041153_528649-003690.parquet,34303,downloaded,34303,
2026-07-17,NSE,GOLDBEES,raw_l2/trade_date=2026-07-17/exchange=NSE/symbol=GOLDBEES/part-041221_558129-003754.parquet,real_data_sample\l2_unseen_validation\trade_date=2026-07-17\exchange=NSE\symbol=GOLDBEES\part-041221_558129-003754.parquet,34377,downloaded,34377,
2026-07-17,NSE,GOLDBEES,raw_l2/trade_date=2026-07-17/exchange=NSE/symbol=GOLDBEES/part-041317_001925-003882.parquet,real_data_sample\l2_unseen_validation\trade_date=2026-07-17\exchange=NSE\symbol=GOLDBEES\part-041317_001925-003882.parquet,34509,downloaded,34509,
2026-07-17,NSE,GOLDBEES,raw_l2/trade_date=2026-07-17/exchange=NSE/symbol=GOLDBEES/part-041235_322860-003786.parquet,real_data_sample\l2_unseen_validation\trade_date=2026-07-17\exchange=NSE\symbol=GOLDBEES\part-041235_322860-003786.parquet,34623,downloaded,34623,
2026-07-17,NSE,GOLDBEES,raw_l2/trade_date=2026-07-17/exchange=NSE/symbol=GOLDBEES/part-041125_705861-003626.parquet,real_data_sample\l2_unseen_validation\trade_date=2026-07-17\exchange=NSE\symbol=GOLDBEES\part-041125_705861-003626.parquet,34480,downloaded,34480,
2026-07-17,NSE,GOLDBEES,raw_l2/trade_date=2026-07-17/exchange=NSE/symbol=GOLDBEES/part-041331_088431-003914.parquet,real_data_sample\l2_unseen_validation\trade_date=2026-07-17\exchange=NSE\symbol=GOLDBEES\part-041331_088431-003914.parquet,34443,downloaded,34443,
2026-07-17,NSE,GOLDBEES,raw_l2/trade_date=2026-07-17/exchange=NSE/symbol=GOLDBEES/part-041359_155745-003978.parquet,real_data_sample\l2_unseen_validation\trade_date=2026-07-17\exchange=NSE\symbol=GOLDBEES\part-041359_155745-003978.parquet,34583,downloaded,34583,
2026-07-17,NSE,GOLDBEES,raw_l2/trade_date=2026-07-17/exchange=NSE/symbol=GOLDBEES/part-041345_140768-003946.parquet,real_data_sample\l2_unseen_validation\trade_date=2026-07-17\exchange=NSE\symbol=GOLDBEES\part-041345_140768-003946.parquet,34473,downloaded,34473,
2026-07-17,NSE,GOLDBEES,raw_l2/trade_date=2026-07-17/exchange=NSE/symbol=GOLDBEES/part-041427_273907-004042.parquet,real_data_sample\l2_unseen_validation\trade_date=2026-07-17\exchange=NSE\symbol=GOLDBEES\part-041427_273907-004042.parquet,34487,downloaded,34487,
2026-07-17,NSE,GOLDBEES,raw_l2/trade_date=2026-07-17/exchange=NSE/symbol=GOLDBEES/part-041441_326713-004074.parquet,real_data_sample\l2_unseen_validation\trade_date=2026-07-17\exchange=NSE\symbol=GOLDBEES\part-041441_326713-004074.parquet,34528,downloaded,34528,
2026-07-17,NSE,GOLDBEES,raw_l2/trade_date=2026-07-17/exchange=NSE/symbol=GOLDBEES/part-041413_331034-004010.parquet,real_data_sample\l2_unseen_validation\trade_date=2026-07-17\exchange=NSE\symbol=GOLDBEES\part-041413_331034-004010.parquet,34681,downloaded,34681,
2026-07-17,NSE,GOLDBEES,raw_l2/trade_date=2026-07-17/exchange=NSE/symbol=GOLDBEES/part-041455_254452-004106.parquet,real_data_sample\l2_unseen_validation\trade_date=2026-07-17\exchange=NSE\symbol=GOLDBEES\part-041455_254452-004106.parquet,34548,downloaded,34548,
2026-07-17,NSE,GOLDBEES,raw_l2/trade_date=2026-07-17/exchange=NSE/symbol=GOLDBEES/part-041509_271817-004138.parquet,real_data_sample\l2_unseen_validation\trade_date=2026-07-17\exchange=NSE\symbol=GOLDBEES\part-041509_271817-004138.parquet,34667,downloaded,34667,
2026-07-17,NSE,GOLDBEES,raw_l2/trade_date=2026-07-17/exchange=NSE/symbol=GOLDBEES/part-041523_078149-004170.parquet,real_data_sample\l2_unseen_validation\trade_date=2026-07-17\exchange=NSE\symbol=GOLDBEES\part-041523_078149-004170.parquet,34453,downloaded,34453,
2026-07-17,NSE,GOLDBEES,raw_l2/trade_date=2026-07-17/exchange=NSE/symbol=GOLDBEES/part-041536_991499-004202.parquet,real_data_sample\l2_unseen_validation\trade_date=2026-07-17\exchange=NSE\symbol=GOLDBEES\part-041536_991499-004202.parquet,34376,downloaded,34376,
2026-07-17,NSE,GOLDBEES,raw_l2/trade_date=2026-07-17/exchange=NSE/symbol=GOLDBEES/part-041714_974668-004426.parquet,real_data_sample\l2_unseen_validation\trade_date=2026-07-17\exchange=NSE\symbol=GOLDBEES\part-041714_974668-004426.parquet,34440,downloaded,34440,
2026-07-17,NSE,GOLDBEES,raw_l2/trade_date=2026-07-17/exchange=NSE/symbol=GOLDBEES/part-041701_269925-004394.parquet,real_data_sample\l2_unseen_validation\trade_date=2026-07-17\exchange=NSE\symbol=GOLDBEES\part-041701_269925-004394.parquet,34360,downloaded,34360,
2026-07-17,NSE,GOLDBEES,raw_l2/trade_date=2026-07-17/exchange=NSE/symbol=GOLDBEES/part-041633_457764-004330.parquet,real_data_sample\l2_unseen_validation\trade_date=2026-07-17\exchange=NSE\symbol=GOLDBEES\part-041633_457764-004330.parquet,34486,downloaded,34486,
2026-07-17,NSE,GOLDBEES,raw_l2/trade_date=2026-07-17/exchange=NSE/symbol=GOLDBEES/part-041647_290271-004362.parquet,real_data_sample\l2_unseen_validation\trade_date=2026-07-17\exchange=NSE\symbol=GOLDBEES\part-041647_290271-004362.parquet,34699,downloaded,34699,
2026-07-17,NSE,GOLDBEES,raw_l2/trade_date=2026-07-17/exchange=NSE/symbol=GOLDBEES/part-041838_290256-004618.parquet,real_data_sample\l2_unseen_validation\trade_date=2026-07-17\exchange=NSE\symbol=GOLDBEES\part-041838_290256-004618.parquet,34545,downloaded,34545,
2026-07-17,NSE,GOLDBEES,raw_l2/trade_date=2026-07-17/exchange=NSE/symbol=GOLDBEES/part-042003_273894-004810.parquet,real_data_sample\l2_unseen_validation\trade_date=2026-07-17\exchange=NSE\symbol=GOLDBEES\part-042003_273894-004810.parquet,34578,downloaded,34578,
2026-07-17,NSE,GOLDBEES,raw_l2/trade_date=2026-07-17/exchange=NSE/symbol=GOLDBEES/part-041935_284329-004746.parquet,real_data_sample\l2_unseen_validation\trade_date=2026-07-17\exchange=NSE\symbol=GOLDBEES\part-041935_284329-004746.parquet,34614,downloaded,34614,
2026-07-17,NSE,GOLDBEES,raw_l2/trade_date=2026-07-17/exchange=NSE/symbol=GOLDBEES/part-042017_293295-004842.parquet,real_data_sample\l2_unseen_validation\trade_date=2026-07-17\exchange=NSE\symbol=GOLDBEES\part-042017_293295-004842.parquet,34630,downloaded,34630,
2026-07-17,NSE,GOLDBEES,raw_l2/trade_date=2026-07-17/exchange=NSE/symbol=GOLDBEES/part-041921_133626-004714.parquet,real_data_sample\l2_unseen_validation\trade_date=2026-07-17\exchange=NSE\symbol=GOLDBEES\part-041921_133626-004714.parquet,34514,downloaded,34514,
2026-07-17,NSE,GOLDBEES,raw_l2/trade_date=2026-07-17/exchange=NSE/symbol=GOLDBEES/part-041906_800188-004682.parquet,real_data_sample\l2_unseen_validation\trade_date=2026-07-17\exchange=NSE\symbol=GOLDBEES\part-041906_800188-004682.parquet,34533,downloaded,34533,
2026-07-17,NSE,GOLDBEES,raw_l2/trade_date=2026-07-17/exchange=NSE/symbol=GOLDBEES/part-041852_281471-004650.parquet,real_data_sample\l2_unseen_validation\trade_date=2026-07-17\exchange=NSE\symbol=GOLDBEES\part-041852_281471-004650.parquet,34342,downloaded,34342,
2026-07-17,NSE,GOLDBEES,raw_l2/trade_date=2026-07-17/exchange=NSE/symbol=GOLDBEES/part-041949_310799-004778.parquet,real_data_sample\l2_unseen_validation\trade_date=2026-07-17\exchange=NSE\symbol=GOLDBEES\part-041949_310799-004778.parquet,34614,downloaded,34614,
2026-07-17,NSE,GOLDBEES,raw_l2/trade_date=2026-07-17/exchange=NSE/symbol=GOLDBEES/part-041606_010706-004266.parquet,real_data_sample\l2_unseen_validation\trade_date=2026-07-17\exchange=NSE\symbol=GOLDBEES\part-041606_010706-004266.parquet,34619,downloaded,34619,
2026-07-17,NSE,GOLDBEES,raw_l2/trade_date=2026-07-17/exchange=NSE/symbol=GOLDBEES/part-041552_124469-004234.parquet,real_data_sample\l2_unseen_validation\trade_date=2026-07-17\exchange=NSE\symbol=GOLDBEES\part-041552_124469-004234.parquet,34405,downloaded,34405,
2026-07-17,NSE,GOLDBEES,raw_l2/trade_date=2026-07-17/exchange=NSE/symbol=GOLDBEES/part-041619_753000-004298.parquet,real_data_sample\l2_unseen_validation\trade_date=2026-07-17\exchange=NSE\symbol=GOLDBEES\part-041619_753000-004298.parquet,34583,downloaded,34583,
2026-07-17,NSE,GOLDBEES,raw_l2/trade_date=2026-07-17/exchange=NSE/symbol=GOLDBEES/part-042031_054435-004874.parquet,real_data_sample\l2_unseen_validation\trade_date=2026-07-17\exchange=NSE\symbol=GOLDBEES\part-042031_054435-004874.parquet,34632,downloaded,34632,
2026-07-17,NSE,GOLDBEES,raw_l2/trade_date=2026-07-17/exchange=NSE/symbol=GOLDBEES/part-041824_489846-004586.parquet,real_data_sample\l2_unseen_validation\trade_date=2026-07-17\exchange=NSE\symbol=GOLDBEES\part-041824_489846-004586.parquet,34626,downloaded,34626,
2026-07-17,NSE,GOLDBEES,raw_l2/trade_date=2026-07-17/exchange=NSE/symbol=GOLDBEES/part-042058_705156-004938.parquet,real_data_sample\l2_unseen_validation\trade_date=2026-07-17\exchange=NSE\symbol=GOLDBEES\part-042058_705156-004938.parquet,34588,downloaded,34588,
2026-07-17,NSE,GOLDBEES,raw_l2/trade_date=2026-07-17/exchange=NSE/symbol=GOLDBEES/part-041757_043174-004522.parquet,real_data_sample\l2_unseen_validation\trade_date=2026-07-17\exchange=NSE\symbol=GOLDBEES\part-041757_043174-004522.parquet,34438,downloaded,34438,
2026-07-17,NSE,GOLDBEES,raw_l2/trade_date=2026-07-17/exchange=NSE/symbol=GOLDBEES/part-041810_708947-004554.parquet,real_data_sample\l2_unseen_validation\trade_date=2026-07-17\exchange=NSE\symbol=GOLDBEES\part-041810_708947-004554.parquet,34482,downloaded,34482,
2026-07-17,NSE,GOLDBEES,raw_l2/trade_date=2026-07-17/exchange=NSE/symbol=GOLDBEES/part-041729_249628-004458.parquet,real_data_sample\l2_unseen_validation\trade_date=2026-07-17\exchange=NSE\symbol=GOLDBEES\part-041729_249628-004458.parquet,34611,downloaded,34611,
2026-07-17,NSE,GOLDBEES,raw_l2/trade_date=2026-07-17/exchange=NSE/symbol=GOLDBEES/part-041743_205436-004490.parquet,real_data_sample\l2_unseen_validation\trade_date=2026-07-17\exchange=NSE\symbol=GOLDBEES\part-041743_205436-004490.parquet,34418,downloaded,34418,
2026-07-17,NSE,GOLDBEES,raw_l2/trade_date=2026-07-17/exchange=NSE/symbol=GOLDBEES/part-042126_308575-005002.parquet,real_data_sample\l2_unseen_validation\trade_date=2026-07-17\exchange=NSE\symbol=GOLDBEES\part-042126_308575-005002.parquet,34580,downloaded,34580,
2026-07-17,NSE,GOLDBEES,raw_l2/trade_date=2026-07-17/exchange=NSE/symbol=GOLDBEES/part-042045_007992-004906.parquet,real_data_sample\l2_unseen_validation\trade_date=2026-07-17\exchange=NSE\symbol=GOLDBEES\part-042045_007992-004906.parquet,34502,downloaded,34502,
2026-07-17,NSE,GOLDBEES,raw_l2/trade_date=2026-07-17/exchange=NSE/symbol=GOLDBEES/part-042112_517584-004970.parquet,real_data_sample\l2_unseen_validation\trade_date=2026-07-17\exchange=NSE\symbol=GOLDBEES\part-042112_517584-004970.parquet,34499,downloaded,34499,
2026-07-17,NSE,GOLDBEES,raw_l2/trade_date=2026-07-17/exchange=NSE/symbol=GOLDBEES/part-042154_555673-005066.parquet,real_data_sample\l2_unseen_validation\trade_date=2026-07-17\exchange=NSE\symbol=GOLDBEES\part-042154_555673-005066.parquet,34570,downloaded,34570,
2026-07-17,NSE,GOLDBEES,raw_l2/trade_date=2026-07-17/exchange=NSE/symbol=GOLDBEES/part-042140_529339-005034.parquet,real_data_sample\l2_unseen_validation\trade_date=2026-07-17\exchange=NSE\symbol=GOLDBEES\part-042140_529339-005034.parquet,34511,downloaded,34511,
2026-07-17,NSE,GOLDBEES,raw_l2/trade_date=2026-07-17/exchange=NSE/symbol=GOLDBEES/part-042208_523407-005098.parquet,real_data_sample\l2_unseen_validation\trade_date=2026-07-17\exchange=NSE\symbol=GOLDBEES\part-042208_523407-005098.parquet,34602,downloaded,34602,
2026-07-17,NSE,GOLDBEES,raw_l2/trade_date=2026-07-17/exchange=NSE/symbol=GOLDBEES/part-042222_601079-005130.parquet,real_data_sample\l2_unseen_validation\trade_date=2026-07-17\exchange=NSE\symbol=GOLDBEES\part-042222_601079-005130.parquet,34502,downloaded,34502,
2026-07-17,NSE,GOLDBEES,raw_l2/trade_date=2026-07-17/exchange=NSE/symbol=GOLDBEES/part-042523_351870-005546.parquet,real_data_sample\l2_unseen_validation\trade_date=2026-07-17\exchange=NSE\symbol=GOLDBEES\part-042523_351870-005546.parquet,34555,downloaded,34555,
2026-07-17,NSE,GOLDBEES,raw_l2/trade_date=2026-07-17/exchange=NSE/symbol=GOLDBEES/part-042250_298770-005194.parquet,real_data_sample\l2_unseen_validation\trade_date=2026-07-17\exchange=NSE\symbol=GOLDBEES\part-042250_298770-005194.parquet,34597,downloaded,34597,
2026-07-17,NSE,GOLDBEES,raw_l2/trade_date=2026-07-17/exchange=NSE/symbol=GOLDBEES/part-042318_303652-005258.parquet,real_data_sample\l2_unseen_validation\trade_date=2026-07-17\exchange=NSE\symbol=GOLDBEES\part-042318_303652-005258.parquet,34602,downloaded,34602,
2026-07-17,NSE,GOLDBEES,raw_l2/trade_date=2026-07-17/exchange=NSE/symbol=GOLDBEES/part-042236_494156-005162.parquet,real_data_sample\l2_unseen_validation\trade_date=2026-07-17\exchange=NSE\symbol=GOLDBEES\part-042236_494156-005162.parquet,34432,downloaded,34432,
2026-07-17,NSE,GOLDBEES,raw_l2/trade_date=2026-07-17/exchange=NSE/symbol=GOLDBEES/part-042442_081854-005450.parquet,real_data_sample\l2_unseen_validation\trade_date=2026-07-17\exchange=NSE\symbol=GOLDBEES\part-042442_081854-005450.parquet,34575,downloaded,34575,
2026-07-17,NSE,GOLDBEES,raw_l2/trade_date=2026-07-17/exchange=NSE/symbol=GOLDBEES/part-042633_851378-005706.parquet,real_data_sample\l2_unseen_validation\trade_date=2026-07-17\exchange=NSE\symbol=GOLDBEES\part-042633_851378-005706.parquet,35780,downloaded,35780,
2026-07-17,NSE,GOLDBEES,raw_l2/trade_date=2026-07-17/exchange=NSE/symbol=GOLDBEES/part-042647_821863-005738.parquet,real_data_sample\l2_unseen_validation\trade_date=2026-07-17\exchange=NSE\symbol=GOLDBEES\part-042647_821863-005738.parquet,35948,downloaded,35948,
2026-07-17,NSE,GOLDBEES,raw_l2/trade_date=2026-07-17/exchange=NSE/symbol=GOLDBEES/part-042701_837215-005770.parquet,real_data_sample\l2_unseen_validation\trade_date=2026-07-17\exchange=NSE\symbol=GOLDBEES\part-042701_837215-005770.parquet,35935,downloaded,35935,
2026-07-17,NSE,GOLDBEES,raw_l2/trade_date=2026-07-17/exchange=NSE/symbol=GOLDBEES/part-042304_225084-005226.parquet,real_data_sample\l2_unseen_validation\trade_date=2026-07-17\exchange=NSE\symbol=GOLDBEES\part-042304_225084-005226.parquet,34632,downloaded,34632,
2026-07-17,NSE,GOLDBEES,raw_l2/trade_date=2026-07-17/exchange=NSE/symbol=GOLDBEES/part-042509_507498-005514.parquet,real_data_sample\l2_unseen_validation\trade_date=2026-07-17\exchange=NSE\symbol=GOLDBEES\part-042509_507498-005514.parquet,34510,downloaded,34510,
2026-07-17,NSE,GOLDBEES,raw_l2/trade_date=2026-07-17/exchange=NSE/symbol=GOLDBEES/part-042729_899646-005834.parquet,real_data_sample\l2_unseen_validation\trade_date=2026-07-17\exchange=NSE\symbol=GOLDBEES\part-042729_899646-005834.parquet,34715,downloaded,34715,
2026-07-17,NSE,GOLDBEES,raw_l2/trade_date=2026-07-17/exchange=NSE/symbol=GOLDBEES/part-042715_819579-005802.parquet,real_data_sample\l2_unseen_validation\trade_date=2026-07-17\exchange=NSE\symbol=GOLDBEES\part-042715_819579-005802.parquet,35043,downloaded,35043,
2026-07-17,NSE,GOLDBEES,raw_l2/trade_date=2026-07-17/exchange=NSE/symbol=GOLDBEES/part-042400_238647-005354.parquet,real_data_sample\l2_unseen_validation\trade_date=2026-07-17\exchange=NSE\symbol=GOLDBEES\part-042400_238647-005354.parquet,34858,downloaded,34858,
2026-07-17,NSE,GOLDBEES,raw_l2/trade_date=2026-07-17/exchange=NSE/symbol=GOLDBEES/part-042332_258789-005290.parquet,real_data_sample\l2_unseen_validation\trade_date=2026-07-17\exchange=NSE\symbol=GOLDBEES\part-042332_258789-005290.parquet,34477,downloaded,34477,
2026-07-17,NSE,GOLDBEES,raw_l2/trade_date=2026-07-17/exchange=NSE/symbol=GOLDBEES/part-042455_722584-005482.parquet,real_data_sample\l2_unseen_validation\trade_date=2026-07-17\exchange=NSE\symbol=GOLDBEES\part-042455_722584-005482.parquet,34355,downloaded,34355,
2026-07-17,NSE,GOLDBEES,raw_l2/trade_date=2026-07-17/exchange=NSE/symbol=GOLDBEES/part-042414_044412-005386.parquet,real_data_sample\l2_unseen_validation\trade_date=2026-07-17\exchange=NSE\symbol=GOLDBEES\part-042414_044412-005386.parquet,34595,downloaded,34595,
2026-07-17,NSE,GOLDBEES,raw_l2/trade_date=2026-07-17/exchange=NSE/symbol=GOLDBEES/part-042346_269516-005322.parquet,real_data_sample\l2_unseen_validation\trade_date=2026-07-17\exchange=NSE\symbol=GOLDBEES\part-042346_269516-005322.parquet,34523,downloaded,34523,
2026-07-17,NSE,GOLDBEES,raw_l2/trade_date=2026-07-17/exchange=NSE/symbol=GOLDBEES/part-042428_007905-005418.parquet,real_data_sample\l2_unseen_validation\trade_date=2026-07-17\exchange=NSE\symbol=GOLDBEES\part-042428_007905-005418.parquet,34669,downloaded,34669,
2026-07-17,NSE,GOLDBEES,raw_l2/trade_date=2026-07-17/exchange=NSE/symbol=GOLDBEES/part-042537_604744-005578.parquet,real_data_sample\l2_unseen_validation\trade_date=2026-07-17\exchange=NSE\symbol=GOLDBEES\part-042537_604744-005578.parquet,34500,downloaded,34500,
2026-07-17,NSE,GOLDBEES,raw_l2/trade_date=2026-07-17/exchange=NSE/symbol=GOLDBEES/part-042743_715147-005866.parquet,real_data_sample\l2_unseen_validation\trade_date=2026-07-17\exchange=NSE\symbol=GOLDBEES\part-042743_715147-005866.parquet,34783,downloaded,34783,
2026-07-17,NSE,GOLDBEES,raw_l2/trade_date=2026-07-17/exchange=NSE/symbol=GOLDBEES/part-042551_498229-005610.parquet,real_data_sample\l2_unseen_validation\trade_date=2026-07-17\exchange=NSE\symbol=GOLDBEES\part-042551_498229-005610.parquet,34567,downloaded,34567,
2026-07-17,NSE,GOLDBEES,raw_l2/trade_date=2026-07-17/exchange=NSE/symbol=GOLDBEES/part-042605_631820-005642.parquet,real_data_sample\l2_unseen_validation\trade_date=2026-07-17\exchange=NSE\symbol=GOLDBEES\part-042605_631820-005642.parquet,34694,downloaded,34694,
2026-07-17,NSE,GOLDBEES,raw_l2/trade_date=2026-07-17/exchange=NSE/symbol=GOLDBEES/part-042619_618808-005674.parquet,real_data_sample\l2_unseen_validation\trade_date=2026-07-17\exchange=NSE\symbol=GOLDBEES\part-042619_618808-005674.parquet,35197,downloaded,35197,
2026-07-17,NSE,GOLDBEES,raw_l2/trade_date=2026-07-17/exchange=NSE/symbol=GOLDBEES/part-042757_499422-005898.parquet,real_data_sample\l2_unseen_validation\trade_date=2026-07-17\exchange=NSE\symbol=GOLDBEES\part-042757_499422-005898.parquet,34728,downloaded,34728,
2026-07-17,NSE,GOLDBEES,raw_l2/trade_date=2026-07-17/exchange=NSE/symbol=GOLDBEES/part-042825_332645-005962.parquet,real_data_sample\l2_unseen_validation\trade_date=2026-07-17\exchange=NSE\symbol=GOLDBEES\part-042825_332645-005962.parquet,34601,downloaded,34601,
2026-07-17,NSE,GOLDBEES,raw_l2/trade_date=2026-07-17/exchange=NSE/symbol=GOLDBEES/part-042811_281301-005930.parquet,real_data_sample\l2_unseen_validation\trade_date=2026-07-17\exchange=NSE\symbol=GOLDBEES\part-042811_281301-005930.parquet,34629,downloaded,34629,
2026-07-17,NSE,GOLDBEES,raw_l2/trade_date=2026-07-17/exchange=NSE/symbol=GOLDBEES/part-042839_285010-005994.parquet,real_data_sample\l2_unseen_validation\trade_date=2026-07-17\exchange=NSE\symbol=GOLDBEES\part-042839_285010-005994.parquet,34555,downloaded,34555,
2026-07-17,NSE,GOLDBEES,raw_l2/trade_date=2026-07-17/exchange=NSE/symbol=GOLDBEES/part-042853_227559-006026.parquet,real_data_sample\l2_unseen_validation\trade_date=2026-07-17\exchange=NSE\symbol=GOLDBEES\part-042853_227559-006026.parquet,34523,downloaded,34523,
2026-07-17,NSE,GOLDBEES,raw_l2/trade_date=2026-07-17/exchange=NSE/symbol=GOLDBEES/part-042921_076883-006090.parquet,real_data_sample\l2_unseen_validation\trade_date=2026-07-17\exchange=NSE\symbol=GOLDBEES\part-042921_076883-006090.parquet,34417,downloaded,34417,
2026-07-17,NSE,GOLDBEES,raw_l2/trade_date=2026-07-17/exchange=NSE/symbol=GOLDBEES/part-043251_481949-006570.parquet,real_data_sample\l2_unseen_validation\trade_date=2026-07-17\exchange=NSE\symbol=GOLDBEES\part-043251_481949-006570.parquet,34525,downloaded,34525,
2026-07-17,NSE,GOLDBEES,raw_l2/trade_date=2026-07-17/exchange=NSE/symbol=GOLDBEES/part-043127_023956-006378.parquet,real_data_sample\l2_unseen_validation\trade_date=2026-07-17\exchange=NSE\symbol=GOLDBEES\part-043127_023956-006378.parquet,34627,downloaded,34627,
2026-07-17,NSE,GOLDBEES,raw_l2/trade_date=2026-07-17/exchange=NSE/symbol=GOLDBEES/part-043525_042523-006922.parquet,real_data_sample\l2_unseen_validation\trade_date=2026-07-17\exchange=NSE\symbol=GOLDBEES\part-043525_042523-006922.parquet,34793,downloaded,34793,
2026-07-17,NSE,GOLDBEES,raw_l2/trade_date=2026-07-17/exchange=NSE/symbol=GOLDBEES/part-043155_015496-006442.parquet,real_data_sample\l2_unseen_validation\trade_date=2026-07-17\exchange=NSE\symbol=GOLDBEES\part-043155_015496-006442.parquet,34573,downloaded,34573,
2026-07-17,NSE,GOLDBEES,raw_l2/trade_date=2026-07-17/exchange=NSE/symbol=GOLDBEES/part-043209_050874-006474.parquet,real_data_sample\l2_unseen_validation\trade_date=2026-07-17\exchange=NSE\symbol=GOLDBEES\part-043209_050874-006474.parquet,34769,downloaded,34769,
2026-07-17,NSE,GOLDBEES,raw_l2/trade_date=2026-07-17/exchange=NSE/symbol=GOLDBEES/part-043237_525326-006538.parquet,real_data_sample\l2_unseen_validation\trade_date=2026-07-17\exchange=NSE\symbol=GOLDBEES\part-043237_525326-006538.parquet,34604,downloaded,34604,
2026-07-17,NSE,GOLDBEES,raw_l2/trade_date=2026-07-17/exchange=NSE/symbol=GOLDBEES/part-043319_359040-006634.parquet,real_data_sample\l2_unseen_validation\trade_date=2026-07-17\exchange=NSE\symbol=GOLDBEES\part-043319_359040-006634.parquet,34547,downloaded,34547,
2026-07-17,NSE,GOLDBEES,raw_l2/trade_date=2026-07-17/exchange=NSE/symbol=GOLDBEES/part-043333_553320-006666.parquet,real_data_sample\l2_unseen_validation\trade_date=2026-07-17\exchange=NSE\symbol=GOLDBEES\part-043333_553320-006666.parquet,34651,downloaded,34651,
2026-07-17,NSE,GOLDBEES,raw_l2/trade_date=2026-07-17/exchange=NSE/symbol=GOLDBEES/part-043141_128778-006410.parquet,real_data_sample\l2_unseen_validation\trade_date=2026-07-17\exchange=NSE\symbol=GOLDBEES\part-043141_128778-006410.parquet,34406,downloaded,34406,
2026-07-17,NSE,GOLDBEES,raw_l2/trade_date=2026-07-17/exchange=NSE/symbol=GOLDBEES/part-043511_015762-006890.parquet,real_data_sample\l2_unseen_validation\trade_date=2026-07-17\exchange=NSE\symbol=GOLDBEES\part-043511_015762-006890.parquet,34545,downloaded,34545,
2026-07-17,NSE,GOLDBEES,raw_l2/trade_date=2026-07-17/exchange=NSE/symbol=GOLDBEES/part-042935_057864-006122.parquet,real_data_sample\l2_unseen_validation\trade_date=2026-07-17\exchange=NSE\symbol=GOLDBEES\part-042935_057864-006122.parquet,34526,downloaded,34526,
2026-07-17,NSE,GOLDBEES,raw_l2/trade_date=2026-07-17/exchange=NSE/symbol=GOLDBEES/part-043003_065749-006186.parquet,real_data_sample\l2_unseen_validation\trade_date=2026-07-17\exchange=NSE\symbol=GOLDBEES\part-043003_065749-006186.parquet,34671,downloaded,34671,
2026-07-17,NSE,GOLDBEES,raw_l2/trade_date=2026-07-17/exchange=NSE/symbol=GOLDBEES/part-043017_332719-006218.parquet,real_data_sample\l2_unseen_validation\trade_date=2026-07-17\exchange=NSE\symbol=GOLDBEES\part-043017_332719-006218.parquet,34712,downloaded,34712,
2026-07-17,NSE,GOLDBEES,raw_l2/trade_date=2026-07-17/exchange=NSE/symbol=GOLDBEES/part-042949_043060-006154.parquet,real_data_sample\l2_unseen_validation\trade_date=2026-07-17\exchange=NSE\symbol=GOLDBEES\part-042949_043060-006154.parquet,34563,downloaded,34563,
2026-07-17,NSE,GOLDBEES,raw_l2/trade_date=2026-07-17/exchange=NSE/symbol=GOLDBEES/part-043031_278845-006250.parquet,real_data_sample\l2_unseen_validation\trade_date=2026-07-17\exchange=NSE\symbol=GOLDBEES\part-043031_278845-006250.parquet,34534,downloaded,34534,
2026-07-17,NSE,GOLDBEES,raw_l2/trade_date=2026-07-17/exchange=NSE/symbol=GOLDBEES/part-043443_555056-006826.parquet,real_data_sample\l2_unseen_validation\trade_date=2026-07-17\exchange=NSE\symbol=GOLDBEES\part-043443_555056-006826.parquet,34687,downloaded,34687,
2026-07-17,NSE,GOLDBEES,raw_l2/trade_date=2026-07-17/exchange=NSE/symbol=GOLDBEES/part-043415_642693-006762.parquet,real_data_sample\l2_unseen_validation\trade_date=2026-07-17\exchange=NSE\symbol=GOLDBEES\part-043415_642693-006762.parquet,34534,downloaded,34534,
2026-07-17,NSE,GOLDBEES,raw_l2/trade_date=2026-07-17/exchange=NSE/symbol=GOLDBEES/part-043347_576389-006698.parquet,real_data_sample\l2_unseen_validation\trade_date=2026-07-17\exchange=NSE\symbol=GOLDBEES\part-043347_576389-006698.parquet,34501,downloaded,34501,
2026-07-17,NSE,GOLDBEES,raw_l2/trade_date=2026-07-17/exchange=NSE/symbol=GOLDBEES/part-043401_518155-006730.parquet,real_data_sample\l2_unseen_validation\trade_date=2026-07-17\exchange=NSE\symbol=GOLDBEES\part-043401_518155-006730.parquet,34474,downloaded,34474,
2026-07-17,NSE,GOLDBEES,raw_l2/trade_date=2026-07-17/exchange=NSE/symbol=GOLDBEES/part-043429_587758-006794.parquet,real_data_sample\l2_unseen_validation\trade_date=2026-07-17\exchange=NSE\symbol=GOLDBEES\part-043429_587758-006794.parquet,34695,downloaded,34695,
2026-07-17,NSE,GOLDBEES,raw_l2/trade_date=2026-07-17/exchange=NSE/symbol=GOLDBEES/part-043457_297915-006858.parquet,real_data_sample\l2_unseen_validation\trade_date=2026-07-17\exchange=NSE\symbol=GOLDBEES\part-043457_297915-006858.parquet,34543,downloaded,34543,
2026-07-17,NSE,GOLDBEES,raw_l2/trade_date=2026-07-17/exchange=NSE/symbol=GOLDBEES/part-043223_392297-006506.parquet,real_data_sample\l2_unseen_validation\trade_date=2026-07-17\exchange=NSE\symbol=GOLDBEES\part-043223_392297-006506.parquet,34610,downloaded,34610,
2026-07-17,NSE,GOLDBEES,raw_l2/trade_date=2026-07-17/exchange=NSE/symbol=GOLDBEES/part-035859_853431-001930.parquet,real_data_sample\l2_unseen_validation\trade_date=2026-07-17\exchange=NSE\symbol=GOLDBEES\part-035859_853431-001930.parquet,34417,downloaded,34417,
2026-07-17,NSE,GOLDBEES,raw_l2/trade_date=2026-07-17/exchange=NSE/symbol=GOLDBEES/part-043620_764062-007050.parquet,real_data_sample\l2_unseen_validation\trade_date=2026-07-17\exchange=NSE\symbol=GOLDBEES\part-043620_764062-007050.parquet,34564,downloaded,34564,
2026-07-17,NSE,GOLDBEES,raw_l2/trade_date=2026-07-17/exchange=NSE/symbol=GOLDBEES/part-043538_762069-006954.parquet,real_data_sample\l2_unseen_validation\trade_date=2026-07-17\exchange=NSE\symbol=GOLDBEES\part-043538_762069-006954.parquet,34659,downloaded,34659,
2026-07-17,NSE,GOLDBEES,raw_l2/trade_date=2026-07-17/exchange=NSE/symbol=GOLDBEES/part-043716_779609-007178.parquet,real_data_sample\l2_unseen_validation\trade_date=2026-07-17\exchange=NSE\symbol=GOLDBEES\part-043716_779609-007178.parquet,34368,downloaded,34368,
2026-07-17,NSE,GOLDBEES,raw_l2/trade_date=2026-07-17/exchange=NSE/symbol=GOLDBEES/part-043730_635957-007210.parquet,real_data_sample\l2_unseen_validation\trade_date=2026-07-17\exchange=NSE\symbol=GOLDBEES\part-043730_635957-007210.parquet,34829,downloaded,34829,
2026-07-17,NSE,GOLDBEES,raw_l2/trade_date=2026-07-17/exchange=NSE/symbol=GOLDBEES/part-043854_857330-007402.parquet,real_data_sample\l2_unseen_validation\trade_date=2026-07-17\exchange=NSE\symbol=GOLDBEES\part-043854_857330-007402.parquet,34708,downloaded,34708,
2026-07-17,NSE,GOLDBEES,raw_l2/trade_date=2026-07-17/exchange=NSE/symbol=GOLDBEES/part-043634_700716-007082.parquet,real_data_sample\l2_unseen_validation\trade_date=2026-07-17\exchange=NSE\symbol=GOLDBEES\part-043634_700716-007082.parquet,34739,downloaded,34739,
2026-07-17,NSE,GOLDBEES,raw_l2/trade_date=2026-07-17/exchange=NSE/symbol=GOLDBEES/part-043840_779440-007370.parquet,real_data_sample\l2_unseen_validation\trade_date=2026-07-17\exchange=NSE\symbol=GOLDBEES\part-043840_779440-007370.parquet,34837,downloaded,34837,
2026-07-17,NSE,GOLDBEES,raw_l2/trade_date=2026-07-17/exchange=NSE/symbol=GOLDBEES/part-043935_950667-007498.parquet,real_data_sample\l2_unseen_validation\trade_date=2026-07-17\exchange=NSE\symbol=GOLDBEES\part-043935_950667-007498.parquet,35554,downloaded,35554,
2026-07-17,NSE,GOLDBEES,raw_l2/trade_date=2026-07-17/exchange=NSE/symbol=GOLDBEES/part-043908_753908-007434.parquet,real_data_sample\l2_unseen_validation\trade_date=2026-07-17\exchange=NSE\symbol=GOLDBEES\part-043908_753908-007434.parquet,34386,downloaded,34386,
2026-07-17,NSE,GOLDBEES,raw_l2/trade_date=2026-07-17/exchange=NSE/symbol=GOLDBEES/part-043552_770513-006986.parquet,real_data_sample\l2_unseen_validation\trade_date=2026-07-17\exchange=NSE\symbol=GOLDBEES\part-043552_770513-006986.parquet,34729,downloaded,34729,
2026-07-17,NSE,GOLDBEES,raw_l2/trade_date=2026-07-17/exchange=NSE/symbol=GOLDBEES/part-043606_773155-007018.parquet,real_data_sample\l2_unseen_validation\trade_date=2026-07-17\exchange=NSE\symbol=GOLDBEES\part-043606_773155-007018.parquet,34619,downloaded,34619,
2026-07-17,NSE,GOLDBEES,raw_l2/trade_date=2026-07-17/exchange=NSE/symbol=GOLDBEES/part-043922_434383-007466.parquet,real_data_sample\l2_unseen_validation\trade_date=2026-07-17\exchange=NSE\symbol=GOLDBEES\part-043922_434383-007466.parquet,35645,downloaded,35645,
2026-07-17,NSE,GOLDBEES,raw_l2/trade_date=2026-07-17/exchange=NSE/symbol=GOLDBEES/part-044017_286869-007594.parquet,real_data_sample\l2_unseen_validation\trade_date=2026-07-17\exchange=NSE\symbol=GOLDBEES\part-044017_286869-007594.parquet,34916,downloaded,34916,
2026-07-17,NSE,GOLDBEES,raw_l2/trade_date=2026-07-17/exchange=NSE/symbol=GOLDBEES/part-044003_481600-007562.parquet,real_data_sample\l2_unseen_validation\trade_date=2026-07-17\exchange=NSE\symbol=GOLDBEES\part-044003_481600-007562.parquet,35774,downloaded,35774,
2026-07-17,NSE,GOLDBEES,raw_l2/trade_date=2026-07-17/exchange=NSE/symbol=GOLDBEES/part-043826_668376-007338.parquet,real_data_sample\l2_unseen_validation\trade_date=2026-07-17\exchange=NSE\symbol=GOLDBEES\part-043826_668376-007338.parquet,34845,downloaded,34845,
2026-07-17,NSE,GOLDBEES,raw_l2/trade_date=2026-07-17/exchange=NSE/symbol=GOLDBEES/part-044044_715697-007658.parquet,real_data_sample\l2_unseen_validation\trade_date=2026-07-17\exchange=NSE\symbol=GOLDBEES\part-044044_715697-007658.parquet,34799,downloaded,34799,
2026-07-17,NSE,GOLDBEES,raw_l2/trade_date=2026-07-17/exchange=NSE/symbol=GOLDBEES/part-043812_021638-007306.parquet,real_data_sample\l2_unseen_validation\trade_date=2026-07-17\exchange=NSE\symbol=GOLDBEES\part-043812_021638-007306.parquet,34807,downloaded,34807,
2026-07-17,NSE,GOLDBEES,raw_l2/trade_date=2026-07-17/exchange=NSE/symbol=GOLDBEES/part-043702_801787-007146.parquet,real_data_sample\l2_unseen_validation\trade_date=2026-07-17\exchange=NSE\symbol=GOLDBEES\part-043702_801787-007146.parquet,34760,downloaded,34760,
2026-07-17,NSE,GOLDBEES,raw_l2/trade_date=2026-07-17/exchange=NSE/symbol=GOLDBEES/part-044031_031706-007626.parquet,real_data_sample\l2_unseen_validation\trade_date=2026-07-17\exchange=NSE\symbol=GOLDBEES\part-044031_031706-007626.parquet,34606,downloaded,34606,
2026-07-17,NSE,GOLDBEES,raw_l2/trade_date=2026-07-17/exchange=NSE/symbol=GOLDBEES/part-043758_239279-007274.parquet,real_data_sample\l2_unseen_validation\trade_date=2026-07-17\exchange=NSE\symbol=GOLDBEES\part-043758_239279-007274.parquet,34684,downloaded,34684,
2026-07-17,NSE,GOLDBEES,raw_l2/trade_date=2026-07-17/exchange=NSE/symbol=GOLDBEES/part-043648_835869-007114.parquet,real_data_sample\l2_unseen_validation\trade_date=2026-07-17\exchange=NSE\symbol=GOLDBEES\part-043648_835869-007114.parquet,34744,downloaded,34744,
2026-07-17,NSE,GOLDBEES,raw_l2/trade_date=2026-07-17/exchange=NSE/symbol=GOLDBEES/part-043744_530493-007242.parquet,real_data_sample\l2_unseen_validation\trade_date=2026-07-17\exchange=NSE\symbol=GOLDBEES\part-043744_530493-007242.parquet,34642,downloaded,34642,
2026-07-17,NSE,GOLDBEES,raw_l2/trade_date=2026-07-17/exchange=NSE/symbol=GOLDBEES/part-043949_806659-007530.parquet,real_data_sample\l2_unseen_validation\trade_date=2026-07-17\exchange=NSE\symbol=GOLDBEES\part-043949_806659-007530.parquet,35654,downloaded,35654,
2026-07-17,NSE,GOLDBEES,raw_l2/trade_date=2026-07-17/exchange=NSE/symbol=GOLDBEES/part-044058_454026-007690.parquet,real_data_sample\l2_unseen_validation\trade_date=2026-07-17\exchange=NSE\symbol=GOLDBEES\part-044058_454026-007690.parquet,34779,downloaded,34779,
2026-07-17,NSE,GOLDBEES,raw_l2/trade_date=2026-07-17/exchange=NSE/symbol=GOLDBEES/part-035706_814463-001674.parquet,real_data_sample\l2_unseen_validation\trade_date=2026-07-17\exchange=NSE\symbol=GOLDBEES\part-035706_814463-001674.parquet,34443,downloaded,34443,
2026-07-17,NSE,GOLDBEES,raw_l2/trade_date=2026-07-17/exchange=NSE/symbol=GOLDBEES/part-044112_267890-007722.parquet,real_data_sample\l2_unseen_validation\trade_date=2026-07-17\exchange=NSE\symbol=GOLDBEES\part-044112_267890-007722.parquet,34678,downloaded,34678,
2026-07-17,NSE,GOLDBEES,raw_l2/trade_date=2026-07-17/exchange=NSE/symbol=GOLDBEES/part-035639_087688-001610.parquet,real_data_sample\l2_unseen_validation\trade_date=2026-07-17\exchange=NSE\symbol=GOLDBEES\part-035639_087688-001610.parquet,34491,downloaded,34491,
2026-07-17,NSE,GOLDBEES,raw_l2/trade_date=2026-07-17/exchange=NSE/symbol=GOLDBEES/part-044139_741017-007786.parquet,real_data_sample\l2_unseen_validation\trade_date=2026-07-17\exchange=NSE\symbol=GOLDBEES\part-044139_741017-007786.parquet,34625,downloaded,34625,
2026-07-17,NSE,GOLDBEES,raw_l2/trade_date=2026-07-17/exchange=NSE/symbol=GOLDBEES/part-035625_258876-001578.parquet,real_data_sample\l2_unseen_validation\trade_date=2026-07-17\exchange=NSE\symbol=GOLDBEES\part-035625_258876-001578.parquet,34487,downloaded,34487,
2026-07-17,NSE,GOLDBEES,raw_l2/trade_date=2026-07-17/exchange=NSE/symbol=GOLDBEES/part-044125_993757-007754.parquet,real_data_sample\l2_unseen_validation\trade_date=2026-07-17\exchange=NSE\symbol=GOLDBEES\part-044125_993757-007754.parquet,34739,downloaded,34739,
2026-07-17,NSE,GOLDBEES,raw_l2/trade_date=2026-07-17/exchange=NSE/symbol=GOLDBEES/part-044425_728304-008170.parquet,real_data_sample\l2_unseen_validation\trade_date=2026-07-17\exchange=NSE\symbol=GOLDBEES\part-044425_728304-008170.parquet,36369,downloaded,36369,
2026-07-17,NSE,GOLDBEES,raw_l2/trade_date=2026-07-17/exchange=NSE/symbol=GOLDBEES/part-044453_498243-008234.parquet,real_data_sample\l2_unseen_validation\trade_date=2026-07-17\exchange=NSE\symbol=GOLDBEES\part-044453_498243-008234.parquet,36373,downloaded,36373,
2026-07-17,NSE,GOLDBEES,raw_l2/trade_date=2026-07-17/exchange=NSE/symbol=GOLDBEES/part-044358_284087-008106.parquet,real_data_sample\l2_unseen_validation\trade_date=2026-07-17\exchange=NSE\symbol=GOLDBEES\part-044358_284087-008106.parquet,35243,downloaded,35243,
2026-07-17,NSE,GOLDBEES,raw_l2/trade_date=2026-07-17/exchange=NSE/symbol=GOLDBEES/part-044412_007098-008138.parquet,real_data_sample\l2_unseen_validation\trade_date=2026-07-17\exchange=NSE\symbol=GOLDBEES\part-044412_007098-008138.parquet,35700,downloaded,35700,
2026-07-17,NSE,GOLDBEES,raw_l2/trade_date=2026-07-17/exchange=NSE/symbol=GOLDBEES/part-044507_244372-008266.parquet,real_data_sample\l2_unseen_validation\trade_date=2026-07-17\exchange=NSE\symbol=GOLDBEES\part-044507_244372-008266.parquet,35950,downloaded,35950,
2026-07-17,NSE,GOLDBEES,raw_l2/trade_date=2026-07-17/exchange=NSE/symbol=GOLDBEES/part-044439_497429-008202.parquet,real_data_sample\l2_unseen_validation\trade_date=2026-07-17\exchange=NSE\symbol=GOLDBEES\part-044439_497429-008202.parquet,36434,downloaded,36434,
2026-07-17,NSE,GOLDBEES,raw_l2/trade_date=2026-07-17/exchange=NSE/symbol=GOLDBEES/part-044302_755751-007978.parquet,real_data_sample\l2_unseen_validation\trade_date=2026-07-17\exchange=NSE\symbol=GOLDBEES\part-044302_755751-007978.parquet,34845,downloaded,34845,
2026-07-17,NSE,GOLDBEES,raw_l2/trade_date=2026-07-17/exchange=NSE/symbol=GOLDBEES/part-044248_971874-007946.parquet,real_data_sample\l2_unseen_validation\trade_date=2026-07-17\exchange=NSE\symbol=GOLDBEES\part-044248_971874-007946.parquet,34807,downloaded,34807,
2026-07-17,NSE,GOLDBEES,raw_l2/trade_date=2026-07-17/exchange=NSE/symbol=GOLDBEES/part-044344_479444-008074.parquet,real_data_sample\l2_unseen_validation\trade_date=2026-07-17\exchange=NSE\symbol=GOLDBEES\part-044344_479444-008074.parquet,35423,downloaded,35423,
2026-07-17,NSE,GOLDBEES,raw_l2/trade_date=2026-07-17/exchange=NSE/symbol=GOLDBEES/part-044316_766428-008010.parquet,real_data_sample\l2_unseen_validation\trade_date=2026-07-17\exchange=NSE\symbol=GOLDBEES\part-044316_766428-008010.parquet,35374,downloaded,35374,
2026-07-17,NSE,GOLDBEES,raw_l2/trade_date=2026-07-17/exchange=NSE/symbol=GOLDBEES/part-044520_990705-008298.parquet,real_data_sample\l2_unseen_validation\trade_date=2026-07-17\exchange=NSE\symbol=GOLDBEES\part-044520_990705-008298.parquet,35745,downloaded,35745,
2026-07-17,NSE,GOLDBEES,raw_l2/trade_date=2026-07-17/exchange=NSE/symbol=GOLDBEES/part-044534_732634-008330.parquet,real_data_sample\l2_unseen_validation\trade_date=2026-07-17\exchange=NSE\symbol=GOLDBEES\part-044534_732634-008330.parquet,35697,downloaded,35697,
2026-07-17,NSE,GOLDBEES,raw_l2/trade_date=2026-07-17/exchange=NSE/symbol=GOLDBEES/part-044330_658497-008042.parquet,real_data_sample\l2_unseen_validation\trade_date=2026-07-17\exchange=NSE\symbol=GOLDBEES\part-044330_658497-008042.parquet,36913,downloaded,36913,
2026-07-17,NSE,GOLDBEES,raw_l2/trade_date=2026-07-17/exchange=NSE/symbol=GOLDBEES/part-044548_482695-008362.parquet,real_data_sample\l2_unseen_validation\trade_date=2026-07-17\exchange=NSE\symbol=GOLDBEES\part-044548_482695-008362.parquet,35525,downloaded,35525,
2026-07-17,NSE,GOLDBEES,raw_l2/trade_date=2026-07-17/exchange=NSE/symbol=GOLDBEES/part-044602_293603-008394.parquet,real_data_sample\l2_unseen_validation\trade_date=2026-07-17\exchange=NSE\symbol=GOLDBEES\part-044602_293603-008394.parquet,35877,downloaded,35877,
2026-07-17,NSE,GOLDBEES,raw_l2/trade_date=2026-07-17/exchange=NSE/symbol=GOLDBEES/part-044616_246238-008426.parquet,real_data_sample\l2_unseen_validation\trade_date=2026-07-17\exchange=NSE\symbol=GOLDBEES\part-044616_246238-008426.parquet,35141,downloaded,35141,
2026-07-17,NSE,GOLDBEES,raw_l2/trade_date=2026-07-17/exchange=NSE/symbol=GOLDBEES/part-044153_479835-007818.parquet,real_data_sample\l2_unseen_validation\trade_date=2026-07-17\exchange=NSE\symbol=GOLDBEES\part-044153_479835-007818.parquet,34660,downloaded,34660,
2026-07-17,NSE,GOLDBEES,raw_l2/trade_date=2026-07-17/exchange=NSE/symbol=GOLDBEES/part-044207_207598-007850.parquet,real_data_sample\l2_unseen_validation\trade_date=2026-07-17\exchange=NSE\symbol=GOLDBEES\part-044207_207598-007850.parquet,34625,downloaded,34625,
2026-07-17,NSE,GOLDBEES,raw_l2/trade_date=2026-07-17/exchange=NSE/symbol=GOLDBEES/part-044221_003924-007882.parquet,real_data_sample\l2_unseen_validation\trade_date=2026-07-17\exchange=NSE\symbol=GOLDBEES\part-044221_003924-007882.parquet,34537,downloaded,34537,
2026-07-17,NSE,GOLDBEES,raw_l2/trade_date=2026-07-17/exchange=NSE/symbol=GOLDBEES/part-044234_993706-007914.parquet,real_data_sample\l2_unseen_validation\trade_date=2026-07-17\exchange=NSE\symbol=GOLDBEES\part-044234_993706-007914.parquet,34611,downloaded,34611,
2026-07-17,NSE,GOLDBEES,raw_l2/trade_date=2026-07-17/exchange=NSE/symbol=GOLDBEES/part-044629_995797-008458.parquet,real_data_sample\l2_unseen_validation\trade_date=2026-07-17\exchange=NSE\symbol=GOLDBEES\part-044629_995797-008458.parquet,34631,downloaded,34631,
2026-07-17,NSE,GOLDBEES,raw_l2/trade_date=2026-07-17/exchange=NSE/symbol=GOLDBEES/part-044657_752475-008522.parquet,real_data_sample\l2_unseen_validation\trade_date=2026-07-17\exchange=NSE\symbol=GOLDBEES\part-044657_752475-008522.parquet,34692,downloaded,34692,
2026-07-17,NSE,GOLDBEES,raw_l2/trade_date=2026-07-17/exchange=NSE/symbol=GOLDBEES/part-044725_254828-008586.parquet,real_data_sample\l2_unseen_validation\trade_date=2026-07-17\exchange=NSE\symbol=GOLDBEES\part-044725_254828-008586.parquet,34526,downloaded,34526,
2026-07-17,NSE,GOLDBEES,raw_l2/trade_date=2026-07-17/exchange=NSE/symbol=GOLDBEES/part-044711_510895-008554.parquet,real_data_sample\l2_unseen_validation\trade_date=2026-07-17\exchange=NSE\symbol=GOLDBEES\part-044711_510895-008554.parquet,34638,downloaded,34638,
2026-07-17,NSE,GOLDBEES,raw_l2/trade_date=2026-07-17/exchange=NSE/symbol=GOLDBEES/part-044643_832794-008490.parquet,real_data_sample\l2_unseen_validation\trade_date=2026-07-17\exchange=NSE\symbol=GOLDBEES\part-044643_832794-008490.parquet,34799,downloaded,34799,
2026-07-17,NSE,GOLDBEES,raw_l2/trade_date=2026-07-17/exchange=NSE/symbol=GOLDBEES/part-044739_179870-008618.parquet,real_data_sample\l2_unseen_validation\trade_date=2026-07-17\exchange=NSE\symbol=GOLDBEES\part-044739_179870-008618.parquet,34730,downloaded,34730,
2026-07-17,NSE,GOLDBEES,raw_l2/trade_date=2026-07-17/exchange=NSE/symbol=GOLDBEES/part-044943_482921-008906.parquet,real_data_sample\l2_unseen_validation\trade_date=2026-07-17\exchange=NSE\symbol=GOLDBEES\part-044943_482921-008906.parquet,34613,downloaded,34613,
2026-07-17,NSE,GOLDBEES,raw_l2/trade_date=2026-07-17/exchange=NSE/symbol=GOLDBEES/part-044848_447908-008778.parquet,real_data_sample\l2_unseen_validation\trade_date=2026-07-17\exchange=NSE\symbol=GOLDBEES\part-044848_447908-008778.parquet,34666,downloaded,34666,
2026-07-17,NSE,GOLDBEES,raw_l2/trade_date=2026-07-17/exchange=NSE/symbol=GOLDBEES/part-044929_761870-008874.parquet,real_data_sample\l2_unseen_validation\trade_date=2026-07-17\exchange=NSE\symbol=GOLDBEES\part-044929_761870-008874.parquet,34689,downloaded,34689,
2026-07-17,NSE,GOLDBEES,raw_l2/trade_date=2026-07-17/exchange=NSE/symbol=GOLDBEES/part-044902_264378-008810.parquet,real_data_sample\l2_unseen_validation\trade_date=2026-07-17\exchange=NSE\symbol=GOLDBEES\part-044902_264378-008810.parquet,34418,downloaded,34418,
2026-07-17,NSE,GOLDBEES,raw_l2/trade_date=2026-07-17/exchange=NSE/symbol=GOLDBEES/part-044753_212591-008650.parquet,real_data_sample\l2_unseen_validation\trade_date=2026-07-17\exchange=NSE\symbol=GOLDBEES\part-044753_212591-008650.parquet,34728,downloaded,34728,
2026-07-17,NSE,GOLDBEES,raw_l2/trade_date=2026-07-17/exchange=NSE/symbol=GOLDBEES/part-045105_919393-009098.parquet,real_data_sample\l2_unseen_validation\trade_date=2026-07-17\exchange=NSE\symbol=GOLDBEES\part-045105_919393-009098.parquet,34804,downloaded,34804,
2026-07-17,NSE,GOLDBEES,raw_l2/trade_date=2026-07-17/exchange=NSE/symbol=GOLDBEES/part-044806_997528-008682.parquet,real_data_sample\l2_unseen_validation\trade_date=2026-07-17\exchange=NSE\symbol=GOLDBEES\part-044806_997528-008682.parquet,34783,downloaded,34783,
2026-07-17,NSE,GOLDBEES,raw_l2/trade_date=2026-07-17/exchange=NSE/symbol=GOLDBEES/part-044834_801844-008746.parquet,real_data_sample\l2_unseen_validation\trade_date=2026-07-17\exchange=NSE\symbol=GOLDBEES\part-044834_801844-008746.parquet,34626,downloaded,34626,
2026-07-17,NSE,GOLDBEES,raw_l2/trade_date=2026-07-17/exchange=NSE/symbol=GOLDBEES/part-044916_006668-008842.parquet,real_data_sample\l2_unseen_validation\trade_date=2026-07-17\exchange=NSE\symbol=GOLDBEES\part-044916_006668-008842.parquet,34625,downloaded,34625,
2026-07-17,NSE,GOLDBEES,raw_l2/trade_date=2026-07-17/exchange=NSE/symbol=GOLDBEES/part-044820_782452-008714.parquet,real_data_sample\l2_unseen_validation\trade_date=2026-07-17\exchange=NSE\symbol=GOLDBEES\part-044820_782452-008714.parquet,34638,downloaded,34638,
2026-07-17,NSE,GOLDBEES,raw_l2/trade_date=2026-07-17/exchange=NSE/symbol=GOLDBEES/part-045133_852411-009162.parquet,real_data_sample\l2_unseen_validation\trade_date=2026-07-17\exchange=NSE\symbol=GOLDBEES\part-045133_852411-009162.parquet,34468,downloaded,34468,
2026-07-17,NSE,GOLDBEES,raw_l2/trade_date=2026-07-17/exchange=NSE/symbol=GOLDBEES/part-045051_958983-009066.parquet,real_data_sample\l2_unseen_validation\trade_date=2026-07-17\exchange=NSE\symbol=GOLDBEES\part-045051_958983-009066.parquet,34701,downloaded,34701,
2026-07-17,NSE,GOLDBEES,raw_l2/trade_date=2026-07-17/exchange=NSE/symbol=GOLDBEES/part-045119_824746-009130.parquet,real_data_sample\l2_unseen_validation\trade_date=2026-07-17\exchange=NSE\symbol=GOLDBEES\part-045119_824746-009130.parquet,34678,downloaded,34678,
2026-07-17,NSE,GOLDBEES,raw_l2/trade_date=2026-07-17/exchange=NSE/symbol=GOLDBEES/part-045010_956540-008970.parquet,real_data_sample\l2_unseen_validation\trade_date=2026-07-17\exchange=NSE\symbol=GOLDBEES\part-045010_956540-008970.parquet,34501,downloaded,34501,
2026-07-17,NSE,GOLDBEES,raw_l2/trade_date=2026-07-17/exchange=NSE/symbol=GOLDBEES/part-045038_235243-009034.parquet,real_data_sample\l2_unseen_validation\trade_date=2026-07-17\exchange=NSE\symbol=GOLDBEES\part-045038_235243-009034.parquet,34622,downloaded,34622,
2026-07-17,NSE,GOLDBEES,raw_l2/trade_date=2026-07-17/exchange=NSE/symbol=GOLDBEES/part-045243_248788-009322.parquet,real_data_sample\l2_unseen_validation\trade_date=2026-07-17\exchange=NSE\symbol=GOLDBEES\part-045243_248788-009322.parquet,35626,downloaded,35626,
2026-07-17,NSE,GOLDBEES,raw_l2/trade_date=2026-07-17/exchange=NSE/symbol=GOLDBEES/part-045147_740106-009194.parquet,real_data_sample\l2_unseen_validation\trade_date=2026-07-17\exchange=NSE\symbol=GOLDBEES\part-045147_740106-009194.parquet,34661,downloaded,34661,
2026-07-17,NSE,GOLDBEES,raw_l2/trade_date=2026-07-17/exchange=NSE/symbol=GOLDBEES/part-045229_536513-009290.parquet,real_data_sample\l2_unseen_validation\trade_date=2026-07-17\exchange=NSE\symbol=GOLDBEES\part-045229_536513-009290.parquet,35880,downloaded,35880,
2026-07-17,NSE,GOLDBEES,raw_l2/trade_date=2026-07-17/exchange=NSE/symbol=GOLDBEES/part-045215_706583-009258.parquet,real_data_sample\l2_unseen_validation\trade_date=2026-07-17\exchange=NSE\symbol=GOLDBEES\part-045215_706583-009258.parquet,35112,downloaded,35112,
2026-07-17,NSE,GOLDBEES,raw_l2/trade_date=2026-07-17/exchange=NSE/symbol=GOLDBEES/part-044957_245557-008938.parquet,real_data_sample\l2_unseen_validation\trade_date=2026-07-17\exchange=NSE\symbol=GOLDBEES\part-044957_245557-008938.parquet,34437,downloaded,34437,
2026-07-17,NSE,GOLDBEES,raw_l2/trade_date=2026-07-17/exchange=NSE/symbol=GOLDBEES/part-045201_832291-009226.parquet,real_data_sample\l2_unseen_validation\trade_date=2026-07-17\exchange=NSE\symbol=GOLDBEES\part-045201_832291-009226.parquet,34707,downloaded,34707,
2026-07-17,NSE,GOLDBEES,raw_l2/trade_date=2026-07-17/exchange=NSE/symbol=GOLDBEES/part-045024_688650-009002.parquet,real_data_sample\l2_unseen_validation\trade_date=2026-07-17\exchange=NSE\symbol=GOLDBEES\part-045024_688650-009002.parquet,34845,downloaded,34845,
2026-07-17,NSE,GOLDBEES,raw_l2/trade_date=2026-07-17/exchange=NSE/symbol=GOLDBEES/part-045257_279647-009354.parquet,real_data_sample\l2_unseen_validation\trade_date=2026-07-17\exchange=NSE\symbol=GOLDBEES\part-045257_279647-009354.parquet,35559,downloaded,35559,
2026-07-17,NSE,GOLDBEES,raw_l2/trade_date=2026-07-17/exchange=NSE/symbol=GOLDBEES/part-045311_278167-009386.parquet,real_data_sample\l2_unseen_validation\trade_date=2026-07-17\exchange=NSE\symbol=GOLDBEES\part-045311_278167-009386.parquet,35824,downloaded,35824,
2026-07-17,NSE,GOLDBEES,raw_l2/trade_date=2026-07-17/exchange=NSE/symbol=GOLDBEES/part-045325_297385-009418.parquet,real_data_sample\l2_unseen_validation\trade_date=2026-07-17\exchange=NSE\symbol=GOLDBEES\part-045325_297385-009418.parquet,34630,downloaded,34630,
2026-07-17,NSE,GOLDBEES,raw_l2/trade_date=2026-07-17/exchange=NSE/symbol=GOLDBEES/part-045339_014568-009450.parquet,real_data_sample\l2_unseen_validation\trade_date=2026-07-17\exchange=NSE\symbol=GOLDBEES\part-045339_014568-009450.parquet,34688,downloaded,34688,
2026-07-17,NSE,GOLDBEES,raw_l2/trade_date=2026-07-17/exchange=NSE/symbol=GOLDBEES/part-045353_088978-009482.parquet,real_data_sample\l2_unseen_validation\trade_date=2026-07-17\exchange=NSE\symbol=GOLDBEES\part-045353_088978-009482.parquet,34668,downloaded,34668,
2026-07-17,NSE,GOLDBEES,raw_l2/trade_date=2026-07-17/exchange=NSE/symbol=GOLDBEES/part-043305_307021-006602.parquet,real_data_sample\l2_unseen_validation\trade_date=2026-07-17\exchange=NSE\symbol=GOLDBEES\part-043305_307021-006602.parquet,34633,downloaded,34633,
2026-07-17,NSE,GOLDBEES,raw_l2/trade_date=2026-07-17/exchange=NSE/symbol=GOLDBEES/part-045517_371237-009674.parquet,real_data_sample\l2_unseen_validation\trade_date=2026-07-17\exchange=NSE\symbol=GOLDBEES\part-045517_371237-009674.parquet,34679,downloaded,34679,
2026-07-17,NSE,GOLDBEES,raw_l2/trade_date=2026-07-17/exchange=NSE/symbol=GOLDBEES/part-045503_114343-009642.parquet,real_data_sample\l2_unseen_validation\trade_date=2026-07-17\exchange=NSE\symbol=GOLDBEES\part-045503_114343-009642.parquet,34692,downloaded,34692,
2026-07-17,NSE,GOLDBEES,raw_l2/trade_date=2026-07-17/exchange=NSE/symbol=GOLDBEES/part-045531_268782-009706.parquet,real_data_sample\l2_unseen_validation\trade_date=2026-07-17\exchange=NSE\symbol=GOLDBEES\part-045531_268782-009706.parquet,34585,downloaded,34585,
2026-07-17,NSE,GOLDBEES,raw_l2/trade_date=2026-07-17/exchange=NSE/symbol=GOLDBEES/part-045545_302646-009738.parquet,real_data_sample\l2_unseen_validation\trade_date=2026-07-17\exchange=NSE\symbol=GOLDBEES\part-045545_302646-009738.parquet,34533,downloaded,34533,
2026-07-17,NSE,GOLDBEES,raw_l2/trade_date=2026-07-17/exchange=NSE/symbol=GOLDBEES/part-045421_089388-009546.parquet,real_data_sample\l2_unseen_validation\trade_date=2026-07-17\exchange=NSE\symbol=GOLDBEES\part-045421_089388-009546.parquet,34905,downloaded,34905,
2026-07-17,NSE,GOLDBEES,raw_l2/trade_date=2026-07-17/exchange=NSE/symbol=GOLDBEES/part-045449_079270-009610.parquet,real_data_sample\l2_unseen_validation\trade_date=2026-07-17\exchange=NSE\symbol=GOLDBEES\part-045449_079270-009610.parquet,34768,downloaded,34768,
2026-07-17,NSE,GOLDBEES,raw_l2/trade_date=2026-07-17/exchange=NSE/symbol=GOLDBEES/part-045435_042419-009578.parquet,real_data_sample\l2_unseen_validation\trade_date=2026-07-17\exchange=NSE\symbol=GOLDBEES\part-045435_042419-009578.parquet,34622,downloaded,34622,
2026-07-17,NSE,GOLDBEES,raw_l2/trade_date=2026-07-17/exchange=NSE/symbol=GOLDBEES/part-045407_084368-009514.parquet,real_data_sample\l2_unseen_validation\trade_date=2026-07-17\exchange=NSE\symbol=GOLDBEES\part-045407_084368-009514.parquet,34839,downloaded,34839,
2026-07-17,NSE,GOLDBEES,raw_l2/trade_date=2026-07-17/exchange=NSE/symbol=GOLDBEES/part-045738_336110-009994.parquet,real_data_sample\l2_unseen_validation\trade_date=2026-07-17\exchange=NSE\symbol=GOLDBEES\part-045738_336110-009994.parquet,34623,downloaded,34623,
2026-07-17,NSE,GOLDBEES,raw_l2/trade_date=2026-07-17/exchange=NSE/symbol=GOLDBEES/part-045752_543896-010026.parquet,real_data_sample\l2_unseen_validation\trade_date=2026-07-17\exchange=NSE\symbol=GOLDBEES\part-045752_543896-010026.parquet,34780,downloaded,34780,
2026-07-17,NSE,GOLDBEES,raw_l2/trade_date=2026-07-17/exchange=NSE/symbol=GOLDBEES/part-045916_756927-010218.parquet,real_data_sample\l2_unseen_validation\trade_date=2026-07-17\exchange=NSE\symbol=GOLDBEES\part-045916_756927-010218.parquet,34581,downloaded,34581,
2026-07-17,NSE,GOLDBEES,raw_l2/trade_date=2026-07-17/exchange=NSE/symbol=GOLDBEES/part-045710_054850-009930.parquet,real_data_sample\l2_unseen_validation\trade_date=2026-07-17\exchange=NSE\symbol=GOLDBEES\part-045710_054850-009930.parquet,34711,downloaded,34711,
2026-07-17,NSE,GOLDBEES,raw_l2/trade_date=2026-07-17/exchange=NSE/symbol=GOLDBEES/part-045849_082383-010154.parquet,real_data_sample\l2_unseen_validation\trade_date=2026-07-17\exchange=NSE\symbol=GOLDBEES\part-045849_082383-010154.parquet,34531,downloaded,34531,
2026-07-17,NSE,GOLDBEES,raw_l2/trade_date=2026-07-17/exchange=NSE/symbol=GOLDBEES/part-045613_293362-009802.parquet,real_data_sample\l2_unseen_validation\trade_date=2026-07-17\exchange=NSE\symbol=GOLDBEES\part-045613_293362-009802.parquet,34393,downloaded,34393,
2026-07-17,NSE,GOLDBEES,raw_l2/trade_date=2026-07-17/exchange=NSE/symbol=GOLDBEES/part-045724_311372-009962.parquet,real_data_sample\l2_unseen_validation\trade_date=2026-07-17\exchange=NSE\symbol=GOLDBEES\part-045724_311372-009962.parquet,35000,downloaded,35000,
2026-07-17,NSE,GOLDBEES,raw_l2/trade_date=2026-07-17/exchange=NSE/symbol=GOLDBEES/part-045656_034318-009898.parquet,real_data_sample\l2_unseen_validation\trade_date=2026-07-17\exchange=NSE\symbol=GOLDBEES\part-045656_034318-009898.parquet,34784,downloaded,34784,
2026-07-17,NSE,GOLDBEES,raw_l2/trade_date=2026-07-17/exchange=NSE/symbol=GOLDBEES/part-045641_572387-009866.parquet,real_data_sample\l2_unseen_validation\trade_date=2026-07-17\exchange=NSE\symbol=GOLDBEES\part-045641_572387-009866.parquet,34634,downloaded,34634,
2026-07-17,NSE,GOLDBEES,raw_l2/trade_date=2026-07-17/exchange=NSE/symbol=GOLDBEES/part-045902_990719-010186.parquet,real_data_sample\l2_unseen_validation\trade_date=2026-07-17\exchange=NSE\symbol=GOLDBEES\part-045902_990719-010186.parquet,34668,downloaded,34668,
2026-07-17,NSE,GOLDBEES,raw_l2/trade_date=2026-07-17/exchange=NSE/symbol=GOLDBEES/part-045627_420757-009834.parquet,real_data_sample\l2_unseen_validation\trade_date=2026-07-17\exchange=NSE\symbol=GOLDBEES\part-045627_420757-009834.parquet,34470,downloaded,34470,
2026-07-17,NSE,GOLDBEES,raw_l2/trade_date=2026-07-17/exchange=NSE/symbol=GOLDBEES/part-045559_276381-009770.parquet,real_data_sample\l2_unseen_validation\trade_date=2026-07-17\exchange=NSE\symbol=GOLDBEES\part-045559_276381-009770.parquet,34550,downloaded,34550,
2026-07-17,NSE,GOLDBEES,raw_l2/trade_date=2026-07-17/exchange=NSE/symbol=GOLDBEES/part-045930_915761-010250.parquet,real_data_sample\l2_unseen_validation\trade_date=2026-07-17\exchange=NSE\symbol=GOLDBEES\part-045930_915761-010250.parquet,34621,downloaded,34621,
2026-07-17,NSE,GOLDBEES,raw_l2/trade_date=2026-07-17/exchange=NSE/symbol=GOLDBEES/part-045806_579778-010058.parquet,real_data_sample\l2_unseen_validation\trade_date=2026-07-17\exchange=NSE\symbol=GOLDBEES\part-045806_579778-010058.parquet,34730,downloaded,34730,
2026-07-17,NSE,GOLDBEES,raw_l2/trade_date=2026-07-17/exchange=NSE/symbol=GOLDBEES/part-045820_745143-010090.parquet,real_data_sample\l2_unseen_validation\trade_date=2026-07-17\exchange=NSE\symbol=GOLDBEES\part-045820_745143-010090.parquet,34729,downloaded,34729,
2026-07-17,NSE,GOLDBEES,raw_l2/trade_date=2026-07-17/exchange=NSE/symbol=GOLDBEES/part-045834_841352-010122.parquet,real_data_sample\l2_unseen_validation\trade_date=2026-07-17\exchange=NSE\symbol=GOLDBEES\part-045834_841352-010122.parquet,34629,downloaded,34629,
2026-07-17,NSE,GOLDBEES,raw_l2/trade_date=2026-07-17/exchange=NSE/symbol=GOLDBEES/part-045945_093275-010282.parquet,real_data_sample\l2_unseen_validation\trade_date=2026-07-17\exchange=NSE\symbol=GOLDBEES\part-045945_093275-010282.parquet,34554,downloaded,34554,
2026-07-17,NSE,GOLDBEES,raw_l2/trade_date=2026-07-17/exchange=NSE/symbol=GOLDBEES/part-045959_329082-010314.parquet,real_data_sample\l2_unseen_validation\trade_date=2026-07-17\exchange=NSE\symbol=GOLDBEES\part-045959_329082-010314.parquet,34540,downloaded,34540,
2026-07-17,NSE,GOLDBEES,raw_l2/trade_date=2026-07-17/exchange=NSE/symbol=GOLDBEES/part-050013_446573-010346.parquet,real_data_sample\l2_unseen_validation\trade_date=2026-07-17\exchange=NSE\symbol=GOLDBEES\part-050013_446573-010346.parquet,34559,downloaded,34559,
2026-07-17,NSE,GOLDBEES,raw_l2/trade_date=2026-07-17/exchange=NSE/symbol=GOLDBEES/part-050109_039485-010474.parquet,real_data_sample\l2_unseen_validation\trade_date=2026-07-17\exchange=NSE\symbol=GOLDBEES\part-050109_039485-010474.parquet,34709,downloaded,34709,
2026-07-17,NSE,GOLDBEES,raw_l2/trade_date=2026-07-17/exchange=NSE/symbol=GOLDBEES/part-050055_063869-010442.parquet,real_data_sample\l2_unseen_validation\trade_date=2026-07-17\exchange=NSE\symbol=GOLDBEES\part-050055_063869-010442.parquet,34383,downloaded,34383,
2026-07-17,NSE,GOLDBEES,raw_l2/trade_date=2026-07-17/exchange=NSE/symbol=GOLDBEES/part-050136_811239-010538.parquet,real_data_sample\l2_unseen_validation\trade_date=2026-07-17\exchange=NSE\symbol=GOLDBEES\part-050136_811239-010538.parquet,34822,downloaded,34822,
2026-07-17,NSE,GOLDBEES,raw_l2/trade_date=2026-07-17/exchange=NSE/symbol=GOLDBEES/part-050041_133682-010410.parquet,real_data_sample\l2_unseen_validation\trade_date=2026-07-17\exchange=NSE\symbol=GOLDBEES\part-050041_133682-010410.parquet,34536,downloaded,34536,
2026-07-17,NSE,GOLDBEES,raw_l2/trade_date=2026-07-17/exchange=NSE/symbol=GOLDBEES/part-050027_248557-010378.parquet,real_data_sample\l2_unseen_validation\trade_date=2026-07-17\exchange=NSE\symbol=GOLDBEES\part-050027_248557-010378.parquet,34595,downloaded,34595,
2026-07-17,NSE,GOLDBEES,raw_l2/trade_date=2026-07-17/exchange=NSE/symbol=GOLDBEES/part-050219_278708-010634.parquet,real_data_sample\l2_unseen_validation\trade_date=2026-07-17\exchange=NSE\symbol=GOLDBEES\part-050219_278708-010634.parquet,34856,downloaded,34856,
2026-07-17,NSE,GOLDBEES,raw_l2/trade_date=2026-07-17/exchange=NSE/symbol=GOLDBEES/part-050150_822836-010570.parquet,real_data_sample\l2_unseen_validation\trade_date=2026-07-17\exchange=NSE\symbol=GOLDBEES\part-050150_822836-010570.parquet,34588,downloaded,34588,
2026-07-17,NSE,GOLDBEES,raw_l2/trade_date=2026-07-17/exchange=NSE/symbol=GOLDBEES/part-050122_964006-010506.parquet,real_data_sample\l2_unseen_validation\trade_date=2026-07-17\exchange=NSE\symbol=GOLDBEES\part-050122_964006-010506.parquet,34803,downloaded,34803,
2026-07-17,NSE,GOLDBEES,raw_l2/trade_date=2026-07-17/exchange=NSE/symbol=GOLDBEES/part-050205_313511-010602.parquet,real_data_sample\l2_unseen_validation\trade_date=2026-07-17\exchange=NSE\symbol=GOLDBEES\part-050205_313511-010602.parquet,34751,downloaded,34751,
2026-07-17,NSE,GOLDBEES,raw_l2/trade_date=2026-07-17/exchange=NSE/symbol=GOLDBEES/part-042907_082306-006058.parquet,real_data_sample\l2_unseen_validation\trade_date=2026-07-17\exchange=NSE\symbol=GOLDBEES\part-042907_082306-006058.parquet,34727,downloaded,34727,
2026-07-17,NSE,GOLDBEES,raw_l2/trade_date=2026-07-17/exchange=NSE/symbol=GOLDBEES/part-050302_097855-010730.parquet,real_data_sample\l2_unseen_validation\trade_date=2026-07-17\exchange=NSE\symbol=GOLDBEES\part-050302_097855-010730.parquet,34864,downloaded,34864,
2026-07-17,NSE,GOLDBEES,raw_l2/trade_date=2026-07-17/exchange=NSE/symbol=GOLDBEES/part-050233_517284-010666.parquet,real_data_sample\l2_unseen_validation\trade_date=2026-07-17\exchange=NSE\symbol=GOLDBEES\part-050233_517284-010666.parquet,34663,downloaded,34663,
2026-07-17,NSE,GOLDBEES,raw_l2/trade_date=2026-07-17/exchange=NSE/symbol=GOLDBEES/part-043112_806939-006346.parquet,real_data_sample\l2_unseen_validation\trade_date=2026-07-17\exchange=NSE\symbol=GOLDBEES\part-043112_806939-006346.parquet,34572,downloaded,34572,
2026-07-17,NSE,GOLDBEES,raw_l2/trade_date=2026-07-17/exchange=NSE/symbol=GOLDBEES/part-050522_855527-011050.parquet,real_data_sample\l2_unseen_validation\trade_date=2026-07-17\exchange=NSE\symbol=GOLDBEES\part-050522_855527-011050.parquet,34700,downloaded,34700,
2026-07-17,NSE,GOLDBEES,raw_l2/trade_date=2026-07-17/exchange=NSE/symbol=GOLDBEES/part-050248_013222-010698.parquet,real_data_sample\l2_unseen_validation\trade_date=2026-07-17\exchange=NSE\symbol=GOLDBEES\part-050248_013222-010698.parquet,34788,downloaded,34788,
2026-07-17,NSE,GOLDBEES,raw_l2/trade_date=2026-07-17/exchange=NSE/symbol=GOLDBEES/part-050536_743540-011082.parquet,real_data_sample\l2_unseen_validation\trade_date=2026-07-17\exchange=NSE\symbol=GOLDBEES\part-050536_743540-011082.parquet,34710,downloaded,34710,
2026-07-17,NSE,GOLDBEES,raw_l2/trade_date=2026-07-17/exchange=NSE/symbol=GOLDBEES/part-050550_706014-011114.parquet,real_data_sample\l2_unseen_validation\trade_date=2026-07-17\exchange=NSE\symbol=GOLDBEES\part-050550_706014-011114.parquet,34814,downloaded,34814,
2026-07-17,NSE,GOLDBEES,raw_l2/trade_date=2026-07-17/exchange=NSE/symbol=GOLDBEES/part-050330_620100-010794.parquet,real_data_sample\l2_unseen_validation\trade_date=2026-07-17\exchange=NSE\symbol=GOLDBEES\part-050330_620100-010794.parquet,34622,downloaded,34622,
2026-07-17,NSE,GOLDBEES,raw_l2/trade_date=2026-07-17/exchange=NSE/symbol=GOLDBEES/part-050508_829655-011018.parquet,real_data_sample\l2_unseen_validation\trade_date=2026-07-17\exchange=NSE\symbol=GOLDBEES\part-050508_829655-011018.parquet,34761,downloaded,34761,
2026-07-17,NSE,GOLDBEES,raw_l2/trade_date=2026-07-17/exchange=NSE/symbol=GOLDBEES/part-050344_558009-010826.parquet,real_data_sample\l2_unseen_validation\trade_date=2026-07-17\exchange=NSE\symbol=GOLDBEES\part-050344_558009-010826.parquet,34672,downloaded,34672,
2026-07-17,NSE,GOLDBEES,raw_l2/trade_date=2026-07-17/exchange=NSE/symbol=GOLDBEES/part-050441_003039-010954.parquet,real_data_sample\l2_unseen_validation\trade_date=2026-07-17\exchange=NSE\symbol=GOLDBEES\part-050441_003039-010954.parquet,34875,downloaded,34875,
2026-07-17,NSE,GOLDBEES,raw_l2/trade_date=2026-07-17/exchange=NSE/symbol=GOLDBEES/part-050358_642411-010858.parquet,real_data_sample\l2_unseen_validation\trade_date=2026-07-17\exchange=NSE\symbol=GOLDBEES\part-050358_642411-010858.parquet,34796,downloaded,34796,
2026-07-17,NSE,GOLDBEES,raw_l2/trade_date=2026-07-17/exchange=NSE/symbol=GOLDBEES/part-050316_546211-010762.parquet,real_data_sample\l2_unseen_validation\trade_date=2026-07-17\exchange=NSE\symbol=GOLDBEES\part-050316_546211-010762.parquet,34761,downloaded,34761,
2026-07-17,NSE,GOLDBEES,raw_l2/trade_date=2026-07-17/exchange=NSE/symbol=GOLDBEES/part-050604_489366-011146.parquet,real_data_sample\l2_unseen_validation\trade_date=2026-07-17\exchange=NSE\symbol=GOLDBEES\part-050604_489366-011146.parquet,34523,downloaded,34523,
2026-07-17,NSE,GOLDBEES,raw_l2/trade_date=2026-07-17/exchange=NSE/symbol=GOLDBEES/part-050618_875618-011178.parquet,real_data_sample\l2_unseen_validation\trade_date=2026-07-17\exchange=NSE\symbol=GOLDBEES\part-050618_875618-011178.parquet,34630,downloaded,34630,
2026-07-17,NSE,GOLDBEES,raw_l2/trade_date=2026-07-17/exchange=NSE/symbol=GOLDBEES/part-050427_010513-010922.parquet,real_data_sample\l2_unseen_validation\trade_date=2026-07-17\exchange=NSE\symbol=GOLDBEES\part-050427_010513-010922.parquet,34811,downloaded,34811,
2026-07-17,NSE,GOLDBEES,raw_l2/trade_date=2026-07-17/exchange=NSE/symbol=GOLDBEES/part-050412_867043-010890.parquet,real_data_sample\l2_unseen_validation\trade_date=2026-07-17\exchange=NSE\symbol=GOLDBEES\part-050412_867043-010890.parquet,34534,downloaded,34534,
2026-07-17,NSE,GOLDBEES,raw_l2/trade_date=2026-07-17/exchange=NSE/symbol=GOLDBEES/part-050454_808441-010986.parquet,real_data_sample\l2_unseen_validation\trade_date=2026-07-17\exchange=NSE\symbol=GOLDBEES\part-050454_808441-010986.parquet,34603,downloaded,34603,
2026-07-17,NSE,GOLDBEES,raw_l2/trade_date=2026-07-17/exchange=NSE/symbol=GOLDBEES/part-050633_656169-011210.parquet,real_data_sample\l2_unseen_validation\trade_date=2026-07-17\exchange=NSE\symbol=GOLDBEES\part-050633_656169-011210.parquet,34685,downloaded,34685,
2026-07-17,NSE,GOLDBEES,raw_l2/trade_date=2026-07-17/exchange=NSE/symbol=GOLDBEES/part-050648_287848-011242.parquet,real_data_sample\l2_unseen_validation\trade_date=2026-07-17\exchange=NSE\symbol=GOLDBEES\part-050648_287848-011242.parquet,34889,downloaded,34889,
2026-07-17,NSE,GOLDBEES,raw_l2/trade_date=2026-07-17/exchange=NSE/symbol=GOLDBEES/part-043045_025970-006282.parquet,real_data_sample\l2_unseen_validation\trade_date=2026-07-17\exchange=NSE\symbol=GOLDBEES\part-043045_025970-006282.parquet,34454,downloaded,34454,
2026-07-17,NSE,GOLDBEES,raw_l2/trade_date=2026-07-17/exchange=NSE/symbol=GOLDBEES/part-050702_335775-011274.parquet,real_data_sample\l2_unseen_validation\trade_date=2026-07-17\exchange=NSE\symbol=GOLDBEES\part-050702_335775-011274.parquet,34952,downloaded,34952,
2026-07-17,NSE,GOLDBEES,raw_l2/trade_date=2026-07-17/exchange=NSE/symbol=GOLDBEES/part-050744_215538-011370.parquet,real_data_sample\l2_unseen_validation\trade_date=2026-07-17\exchange=NSE\symbol=GOLDBEES\part-050744_215538-011370.parquet,34678,downloaded,34678,
2026-07-17,NSE,GOLDBEES,raw_l2/trade_date=2026-07-17/exchange=NSE/symbol=GOLDBEES/part-050757_938230-011402.parquet,real_data_sample\l2_unseen_validation\trade_date=2026-07-17\exchange=NSE\symbol=GOLDBEES\part-050757_938230-011402.parquet,34767,downloaded,34767,
2026-07-17,NSE,GOLDBEES,raw_l2/trade_date=2026-07-17/exchange=NSE/symbol=GOLDBEES/part-050839_536521-011498.parquet,real_data_sample\l2_unseen_validation\trade_date=2026-07-17\exchange=NSE\symbol=GOLDBEES\part-050839_536521-011498.parquet,34787,downloaded,34787,
2026-07-17,NSE,GOLDBEES,raw_l2/trade_date=2026-07-17/exchange=NSE/symbol=GOLDBEES/part-050825_742237-011466.parquet,real_data_sample\l2_unseen_validation\trade_date=2026-07-17\exchange=NSE\symbol=GOLDBEES\part-050825_742237-011466.parquet,34664,downloaded,34664,
2026-07-17,NSE,GOLDBEES,raw_l2/trade_date=2026-07-17/exchange=NSE/symbol=GOLDBEES/part-050716_424788-011306.parquet,real_data_sample\l2_unseen_validation\trade_date=2026-07-17\exchange=NSE\symbol=GOLDBEES\part-050716_424788-011306.parquet,34662,downloaded,34662,
2026-07-17,NSE,GOLDBEES,raw_l2/trade_date=2026-07-17/exchange=NSE/symbol=GOLDBEES/part-050812_005474-011434.parquet,real_data_sample\l2_unseen_validation\trade_date=2026-07-17\exchange=NSE\symbol=GOLDBEES\part-050812_005474-011434.parquet,34809,downloaded,34809,
2026-07-17,NSE,GOLDBEES,raw_l2/trade_date=2026-07-17/exchange=NSE/symbol=GOLDBEES/part-050730_496768-011338.parquet,real_data_sample\l2_unseen_validation\trade_date=2026-07-17\exchange=NSE\symbol=GOLDBEES\part-050730_496768-011338.parquet,34855,downloaded,34855,
2026-07-17,NSE,GOLDBEES,raw_l2/trade_date=2026-07-17/exchange=NSE/symbol=GOLDBEES/part-050853_188443-011530.parquet,real_data_sample\l2_unseen_validation\trade_date=2026-07-17\exchange=NSE\symbol=GOLDBEES\part-050853_188443-011530.parquet,34946,downloaded,34946,
2026-07-17,NSE,GOLDBEES,raw_l2/trade_date=2026-07-17/exchange=NSE/symbol=GOLDBEES/part-043058_748361-006314.parquet,real_data_sample\l2_unseen_validation\trade_date=2026-07-17\exchange=NSE\symbol=GOLDBEES\part-043058_748361-006314.parquet,34652,downloaded,34652,
2026-07-17,NSE,GOLDBEES,raw_l2/trade_date=2026-07-17/exchange=NSE/symbol=GOLDBEES/part-051057_781298-011818.parquet,real_data_sample\l2_unseen_validation\trade_date=2026-07-17\exchange=NSE\symbol=GOLDBEES\part-051057_781298-011818.parquet,34749,downloaded,34749,
2026-07-17,NSE,GOLDBEES,raw_l2/trade_date=2026-07-17/exchange=NSE/symbol=GOLDBEES/part-051332_122830-012170.parquet,real_data_sample\l2_unseen_validation\trade_date=2026-07-17\exchange=NSE\symbol=GOLDBEES\part-051332_122830-012170.parquet,34807,downloaded,34807,
2026-07-17,NSE,GOLDBEES,raw_l2/trade_date=2026-07-17/exchange=NSE/symbol=GOLDBEES/part-051030_275183-011754.parquet,real_data_sample\l2_unseen_validation\trade_date=2026-07-17\exchange=NSE\symbol=GOLDBEES\part-051030_275183-011754.parquet,34648,downloaded,34648,
2026-07-17,NSE,GOLDBEES,raw_l2/trade_date=2026-07-17/exchange=NSE/symbol=GOLDBEES/part-050907_277781-011562.parquet,real_data_sample\l2_unseen_validation\trade_date=2026-07-17\exchange=NSE\symbol=GOLDBEES\part-050907_277781-011562.parquet,34659,downloaded,34659,
2026-07-17,NSE,GOLDBEES,raw_l2/trade_date=2026-07-17/exchange=NSE/symbol=GOLDBEES/part-051002_575414-011690.parquet,real_data_sample\l2_unseen_validation\trade_date=2026-07-17\exchange=NSE\symbol=GOLDBEES\part-051002_575414-011690.parquet,34664,downloaded,34664,
2026-07-17,NSE,GOLDBEES,raw_l2/trade_date=2026-07-17/exchange=NSE/symbol=GOLDBEES/part-051043_992157-011786.parquet,real_data_sample\l2_unseen_validation\trade_date=2026-07-17\exchange=NSE\symbol=GOLDBEES\part-051043_992157-011786.parquet,34866,downloaded,34866,
2026-07-17,NSE,GOLDBEES,raw_l2/trade_date=2026-07-17/exchange=NSE/symbol=GOLDBEES/part-051347_058580-012202.parquet,real_data_sample\l2_unseen_validation\trade_date=2026-07-17\exchange=NSE\symbol=GOLDBEES\part-051347_058580-012202.parquet,34740,downloaded,34740,
2026-07-17,NSE,GOLDBEES,raw_l2/trade_date=2026-07-17/exchange=NSE/symbol=GOLDBEES/part-051016_491736-011722.parquet,real_data_sample\l2_unseen_validation\trade_date=2026-07-17\exchange=NSE\symbol=GOLDBEES\part-051016_491736-011722.parquet,34727,downloaded,34727,
2026-07-17,NSE,GOLDBEES,raw_l2/trade_date=2026-07-17/exchange=NSE/symbol=GOLDBEES/part-050948_715213-011658.parquet,real_data_sample\l2_unseen_validation\trade_date=2026-07-17\exchange=NSE\symbol=GOLDBEES\part-050948_715213-011658.parquet,34655,downloaded,34655,
2026-07-17,NSE,GOLDBEES,raw_l2/trade_date=2026-07-17/exchange=NSE/symbol=GOLDBEES/part-051555_065288-012490.parquet,real_data_sample\l2_unseen_validation\trade_date=2026-07-17\exchange=NSE\symbol=GOLDBEES\part-051555_065288-012490.parquet,34851,downloaded,34851,
2026-07-17,NSE,GOLDBEES,raw_l2/trade_date=2026-07-17/exchange=NSE/symbol=GOLDBEES/part-051526_939406-012426.parquet,real_data_sample\l2_unseen_validation\trade_date=2026-07-17\exchange=NSE\symbol=GOLDBEES\part-051526_939406-012426.parquet,34954,downloaded,34954,
2026-07-17,NSE,GOLDBEES,raw_l2/trade_date=2026-07-17/exchange=NSE/symbol=GOLDBEES/part-051431_777551-012298.parquet,real_data_sample\l2_unseen_validation\trade_date=2026-07-17\exchange=NSE\symbol=GOLDBEES\part-051431_777551-012298.parquet,35076,downloaded,35076,
2026-07-17,NSE,GOLDBEES,raw_l2/trade_date=2026-07-17/exchange=NSE/symbol=GOLDBEES/part-051513_231767-012394.parquet,real_data_sample\l2_unseen_validation\trade_date=2026-07-17\exchange=NSE\symbol=GOLDBEES\part-051513_231767-012394.parquet,34832,downloaded,34832,
2026-07-17,NSE,GOLDBEES,raw_l2/trade_date=2026-07-17/exchange=NSE/symbol=GOLDBEES/part-051609_845629-012522.parquet,real_data_sample\l2_unseen_validation\trade_date=2026-07-17\exchange=NSE\symbol=GOLDBEES\part-051609_845629-012522.parquet,35105,downloaded,35105,
2026-07-17,NSE,GOLDBEES,raw_l2/trade_date=2026-07-17/exchange=NSE/symbol=GOLDBEES/part-051459_482305-012362.parquet,real_data_sample\l2_unseen_validation\trade_date=2026-07-17\exchange=NSE\symbol=GOLDBEES\part-051459_482305-012362.parquet,34793,downloaded,34793,
2026-07-17,NSE,GOLDBEES,raw_l2/trade_date=2026-07-17/exchange=NSE/symbol=GOLDBEES/part-051540_866398-012458.parquet,real_data_sample\l2_unseen_validation\trade_date=2026-07-17\exchange=NSE\symbol=GOLDBEES\part-051540_866398-012458.parquet,34821,downloaded,34821,
2026-07-17,NSE,GOLDBEES,raw_l2/trade_date=2026-07-17/exchange=NSE/symbol=GOLDBEES/part-051416_773190-012266.parquet,real_data_sample\l2_unseen_validation\trade_date=2026-07-17\exchange=NSE\symbol=GOLDBEES\part-051416_773190-012266.parquet,34649,downloaded,34649,
2026-07-17,NSE,GOLDBEES,raw_l2/trade_date=2026-07-17/exchange=NSE/symbol=GOLDBEES/part-051445_496604-012330.parquet,real_data_sample\l2_unseen_validation\trade_date=2026-07-17\exchange=NSE\symbol=GOLDBEES\part-051445_496604-012330.parquet,34632,downloaded,34632,
2026-07-17,NSE,GOLDBEES,raw_l2/trade_date=2026-07-17/exchange=NSE/symbol=GOLDBEES/part-051638_204750-012586.parquet,real_data_sample\l2_unseen_validation\trade_date=2026-07-17\exchange=NSE\symbol=GOLDBEES\part-051638_204750-012586.parquet,34737,downloaded,34737,
2026-07-17,NSE,GOLDBEES,raw_l2/trade_date=2026-07-17/exchange=NSE/symbol=GOLDBEES/part-051706_527281-012650.parquet,real_data_sample\l2_unseen_validation\trade_date=2026-07-17\exchange=NSE\symbol=GOLDBEES\part-051706_527281-012650.parquet,34853,downloaded,34853,
2026-07-17,NSE,GOLDBEES,raw_l2/trade_date=2026-07-17/exchange=NSE/symbol=GOLDBEES/part-051720_529677-012682.parquet,real_data_sample\l2_unseen_validation\trade_date=2026-07-17\exchange=NSE\symbol=GOLDBEES\part-051720_529677-012682.parquet,35000,downloaded,35000,
2026-07-17,NSE,GOLDBEES,raw_l2/trade_date=2026-07-17/exchange=NSE/symbol=GOLDBEES/part-051817_676334-012810.parquet,real_data_sample\l2_unseen_validation\trade_date=2026-07-17\exchange=NSE\symbol=GOLDBEES\part-051817_676334-012810.parquet,34754,downloaded,34754,
2026-07-17,NSE,GOLDBEES,raw_l2/trade_date=2026-07-17/exchange=NSE/symbol=GOLDBEES/part-051734_606703-012714.parquet,real_data_sample\l2_unseen_validation\trade_date=2026-07-17\exchange=NSE\symbol=GOLDBEES\part-051734_606703-012714.parquet,34848,downloaded,34848,
2026-07-17,NSE,GOLDBEES,raw_l2/trade_date=2026-07-17/exchange=NSE/symbol=GOLDBEES/part-051832_204890-012842.parquet,real_data_sample\l2_unseen_validation\trade_date=2026-07-17\exchange=NSE\symbol=GOLDBEES\part-051832_204890-012842.parquet,34988,downloaded,34988,
2026-07-17,NSE,GOLDBEES,raw_l2/trade_date=2026-07-17/exchange=NSE/symbol=GOLDBEES/part-051749_177263-012746.parquet,real_data_sample\l2_unseen_validation\trade_date=2026-07-17\exchange=NSE\symbol=GOLDBEES\part-051749_177263-012746.parquet,34964,downloaded,34964,
2026-07-17,NSE,GOLDBEES,raw_l2/trade_date=2026-07-17/exchange=NSE/symbol=GOLDBEES/part-051803_521119-012778.parquet,real_data_sample\l2_unseen_validation\trade_date=2026-07-17\exchange=NSE\symbol=GOLDBEES\part-051803_521119-012778.parquet,34903,downloaded,34903,
2026-07-17,NSE,GOLDBEES,raw_l2/trade_date=2026-07-17/exchange=NSE/symbol=GOLDBEES/part-051652_550957-012618.parquet,real_data_sample\l2_unseen_validation\trade_date=2026-07-17\exchange=NSE\symbol=GOLDBEES\part-051652_550957-012618.parquet,34651,downloaded,34651,
2026-07-17,NSE,GOLDBEES,raw_l2/trade_date=2026-07-17/exchange=NSE/symbol=GOLDBEES/part-051624_117266-012554.parquet,real_data_sample\l2_unseen_validation\trade_date=2026-07-17\exchange=NSE\symbol=GOLDBEES\part-051624_117266-012554.parquet,34946,downloaded,34946,
2026-07-17,NSE,GOLDBEES,raw_l2/trade_date=2026-07-17/exchange=NSE/symbol=GOLDBEES/part-051402_129014-012234.parquet,real_data_sample\l2_unseen_validation\trade_date=2026-07-17\exchange=NSE\symbol=GOLDBEES\part-051402_129014-012234.parquet,34872,downloaded,34872,
2026-07-17,NSE,GOLDBEES,raw_l2/trade_date=2026-07-17/exchange=NSE/symbol=GOLDBEES/part-051915_243278-012938.parquet,real_data_sample\l2_unseen_validation\trade_date=2026-07-17\exchange=NSE\symbol=GOLDBEES\part-051915_243278-012938.parquet,34707,downloaded,34707,
2026-07-17,NSE,GOLDBEES,raw_l2/trade_date=2026-07-17/exchange=NSE/symbol=GOLDBEES/part-051901_049015-012906.parquet,real_data_sample\l2_unseen_validation\trade_date=2026-07-17\exchange=NSE\symbol=GOLDBEES\part-051901_049015-012906.parquet,34763,downloaded,34763,
2026-07-17,NSE,GOLDBEES,raw_l2/trade_date=2026-07-17/exchange=NSE/symbol=GOLDBEES/part-051846_032901-012874.parquet,real_data_sample\l2_unseen_validation\trade_date=2026-07-17\exchange=NSE\symbol=GOLDBEES\part-051846_032901-012874.parquet,34696,downloaded,34696,
2026-07-17,NSE,GOLDBEES,raw_l2/trade_date=2026-07-17/exchange=NSE/symbol=GOLDBEES/part-051943_000811-013002.parquet,real_data_sample\l2_unseen_validation\trade_date=2026-07-17\exchange=NSE\symbol=GOLDBEES\part-051943_000811-013002.parquet,34886,downloaded,34886,
2026-07-17,NSE,GOLDBEES,raw_l2/trade_date=2026-07-17/exchange=NSE/symbol=GOLDBEES/part-052010_730575-013066.parquet,real_data_sample\l2_unseen_validation\trade_date=2026-07-17\exchange=NSE\symbol=GOLDBEES\part-052010_730575-013066.parquet,34535,downloaded,34535,
2026-07-17,NSE,GOLDBEES,raw_l2/trade_date=2026-07-17/exchange=NSE/symbol=GOLDBEES/part-052024_474390-013098.parquet,real_data_sample\l2_unseen_validation\trade_date=2026-07-17\exchange=NSE\symbol=GOLDBEES\part-052024_474390-013098.parquet,35843,downloaded,35843,
2026-07-17,NSE,GOLDBEES,raw_l2/trade_date=2026-07-17/exchange=NSE/symbol=GOLDBEES/part-051957_015424-013034.parquet,real_data_sample\l2_unseen_validation\trade_date=2026-07-17\exchange=NSE\symbol=GOLDBEES\part-051957_015424-013034.parquet,34792,downloaded,34792,
2026-07-17,NSE,GOLDBEES,raw_l2/trade_date=2026-07-17/exchange=NSE/symbol=GOLDBEES/part-051929_242549-012970.parquet,real_data_sample\l2_unseen_validation\trade_date=2026-07-17\exchange=NSE\symbol=GOLDBEES\part-051929_242549-012970.parquet,34844,downloaded,34844,
2026-07-17,NSE,GOLDBEES,raw_l2/trade_date=2026-07-17/exchange=NSE/symbol=GOLDBEES/part-052038_241784-013130.parquet,real_data_sample\l2_unseen_validation\trade_date=2026-07-17\exchange=NSE\symbol=GOLDBEES\part-052038_241784-013130.parquet,36162,downloaded,36162,
2026-07-17,NSE,GOLDBEES,raw_l2/trade_date=2026-07-17/exchange=NSE/symbol=GOLDBEES/part-052119_769447-013226.parquet,real_data_sample\l2_unseen_validation\trade_date=2026-07-17\exchange=NSE\symbol=GOLDBEES\part-052119_769447-013226.parquet,35379,downloaded,35379,
2026-07-17,NSE,GOLDBEES,raw_l2/trade_date=2026-07-17/exchange=NSE/symbol=GOLDBEES/part-052051_987172-013162.parquet,real_data_sample\l2_unseen_validation\trade_date=2026-07-17\exchange=NSE\symbol=GOLDBEES\part-052051_987172-013162.parquet,36043,downloaded,36043,
2026-07-17,NSE,GOLDBEES,raw_l2/trade_date=2026-07-17/exchange=NSE/symbol=GOLDBEES/part-052105_750830-013194.parquet,real_data_sample\l2_unseen_validation\trade_date=2026-07-17\exchange=NSE\symbol=GOLDBEES\part-052105_750830-013194.parquet,35504,downloaded,35504,
2026-07-17,NSE,GOLDBEES,raw_l2/trade_date=2026-07-17/exchange=NSE/symbol=GOLDBEES/part-052215_543105-013354.parquet,real_data_sample\l2_unseen_validation\trade_date=2026-07-17\exchange=NSE\symbol=GOLDBEES\part-052215_543105-013354.parquet,35489,downloaded,35489,
2026-07-17,NSE,GOLDBEES,raw_l2/trade_date=2026-07-17/exchange=NSE/symbol=GOLDBEES/part-052257_632784-013450.parquet,real_data_sample\l2_unseen_validation\trade_date=2026-07-17\exchange=NSE\symbol=GOLDBEES\part-052257_632784-013450.parquet,34947,downloaded,34947,
2026-07-17,NSE,GOLDBEES,raw_l2/trade_date=2026-07-17/exchange=NSE/symbol=GOLDBEES/part-052147_501978-013290.parquet,real_data_sample\l2_unseen_validation\trade_date=2026-07-17\exchange=NSE\symbol=GOLDBEES\part-052147_501978-013290.parquet,35658,downloaded,35658,
2026-07-17,NSE,GOLDBEES,raw_l2/trade_date=2026-07-17/exchange=NSE/symbol=GOLDBEES/part-052201_539431-013322.parquet,real_data_sample\l2_unseen_validation\trade_date=2026-07-17\exchange=NSE\symbol=GOLDBEES\part-052201_539431-013322.parquet,36111,downloaded,36111,
2026-07-17,NSE,GOLDBEES,raw_l2/trade_date=2026-07-17/exchange=NSE/symbol=GOLDBEES/part-052133_534047-013258.parquet,real_data_sample\l2_unseen_validation\trade_date=2026-07-17\exchange=NSE\symbol=GOLDBEES\part-052133_534047-013258.parquet,35215,downloaded,35215,
2026-07-17,NSE,GOLDBEES,raw_l2/trade_date=2026-07-17/exchange=NSE/symbol=GOLDBEES/part-052243_555529-013418.parquet,real_data_sample\l2_unseen_validation\trade_date=2026-07-17\exchange=NSE\symbol=GOLDBEES\part-052243_555529-013418.parquet,35009,downloaded,35009,
2026-07-17,NSE,GOLDBEES,raw_l2/trade_date=2026-07-17/exchange=NSE/symbol=GOLDBEES/part-052229_574243-013386.parquet,real_data_sample\l2_unseen_validation\trade_date=2026-07-17\exchange=NSE\symbol=GOLDBEES\part-052229_574243-013386.parquet,34901,downloaded,34901,
2026-07-17,NSE,GOLDBEES,raw_l2/trade_date=2026-07-17/exchange=NSE/symbol=GOLDBEES/part-052353_455993-013578.parquet,real_data_sample\l2_unseen_validation\trade_date=2026-07-17\exchange=NSE\symbol=GOLDBEES\part-052353_455993-013578.parquet,34910,downloaded,34910,
2026-07-17,NSE,GOLDBEES,raw_l2/trade_date=2026-07-17/exchange=NSE/symbol=GOLDBEES/part-052339_505628-013546.parquet,real_data_sample\l2_unseen_validation\trade_date=2026-07-17\exchange=NSE\symbol=GOLDBEES\part-052339_505628-013546.parquet,34828,downloaded,34828,
2026-07-17,NSE,GOLDBEES,raw_l2/trade_date=2026-07-17/exchange=NSE/symbol=GOLDBEES/part-052407_486358-013610.parquet,real_data_sample\l2_unseen_validation\trade_date=2026-07-17\exchange=NSE\symbol=GOLDBEES\part-052407_486358-013610.parquet,34857,downloaded,34857,
2026-07-17,NSE,GOLDBEES,raw_l2/trade_date=2026-07-17/exchange=NSE/symbol=GOLDBEES/part-052325_490957-013514.parquet,real_data_sample\l2_unseen_validation\trade_date=2026-07-17\exchange=NSE\symbol=GOLDBEES\part-052325_490957-013514.parquet,34835,downloaded,34835,
2026-07-17,NSE,GOLDBEES,raw_l2/trade_date=2026-07-17/exchange=NSE/symbol=GOLDBEES/part-052421_483170-013642.parquet,real_data_sample\l2_unseen_validation\trade_date=2026-07-17\exchange=NSE\symbol=GOLDBEES\part-052421_483170-013642.parquet,35801,downloaded,35801,
2026-07-17,NSE,GOLDBEES,raw_l2/trade_date=2026-07-17/exchange=NSE/symbol=GOLDBEES/part-052517_046708-013770.parquet,real_data_sample\l2_unseen_validation\trade_date=2026-07-17\exchange=NSE\symbol=GOLDBEES\part-052517_046708-013770.parquet,35747,downloaded,35747,
2026-07-17,NSE,GOLDBEES,raw_l2/trade_date=2026-07-17/exchange=NSE/symbol=GOLDBEES/part-052449_286571-013706.parquet,real_data_sample\l2_unseen_validation\trade_date=2026-07-17\exchange=NSE\symbol=GOLDBEES\part-052449_286571-013706.parquet,36268,downloaded,36268,
2026-07-17,NSE,GOLDBEES,raw_l2/trade_date=2026-07-17/exchange=NSE/symbol=GOLDBEES/part-052435_476754-013674.parquet,real_data_sample\l2_unseen_validation\trade_date=2026-07-17\exchange=NSE\symbol=GOLDBEES\part-052435_476754-013674.parquet,36036,downloaded,36036,
2026-07-17,NSE,GOLDBEES,raw_l2/trade_date=2026-07-17/exchange=NSE/symbol=GOLDBEES/part-052503_244038-013738.parquet,real_data_sample\l2_unseen_validation\trade_date=2026-07-17\exchange=NSE\symbol=GOLDBEES\part-052503_244038-013738.parquet,35920,downloaded,35920,
2026-07-17,NSE,GOLDBEES,raw_l2/trade_date=2026-07-17/exchange=NSE/symbol=GOLDBEES/part-052530_834293-013802.parquet,real_data_sample\l2_unseen_validation\trade_date=2026-07-17\exchange=NSE\symbol=GOLDBEES\part-052530_834293-013802.parquet,35624,downloaded,35624,
2026-07-17,NSE,GOLDBEES,raw_l2/trade_date=2026-07-17/exchange=NSE/symbol=GOLDBEES/part-052559_120967-013866.parquet,real_data_sample\l2_unseen_validation\trade_date=2026-07-17\exchange=NSE\symbol=GOLDBEES\part-052559_120967-013866.parquet,35313,downloaded,35313,
2026-07-17,NSE,GOLDBEES,raw_l2/trade_date=2026-07-17/exchange=NSE/symbol=GOLDBEES/part-052545_054468-013834.parquet,real_data_sample\l2_unseen_validation\trade_date=2026-07-17\exchange=NSE\symbol=GOLDBEES\part-052545_054468-013834.parquet,35892,downloaded,35892,
2026-07-17,NSE,GOLDBEES,raw_l2/trade_date=2026-07-17/exchange=NSE/symbol=GOLDBEES/part-052613_296774-013898.parquet,real_data_sample\l2_unseen_validation\trade_date=2026-07-17\exchange=NSE\symbol=GOLDBEES\part-052613_296774-013898.parquet,35275,downloaded,35275,
2026-07-17,NSE,GOLDBEES,raw_l2/trade_date=2026-07-17/exchange=NSE/symbol=GOLDBEES/part-052723_883169-014058.parquet,real_data_sample\l2_unseen_validation\trade_date=2026-07-17\exchange=NSE\symbol=GOLDBEES\part-052723_883169-014058.parquet,34972,downloaded,34972,
2026-07-17,NSE,GOLDBEES,raw_l2/trade_date=2026-07-17/exchange=NSE/symbol=GOLDBEES/part-052709_860841-014026.parquet,real_data_sample\l2_unseen_validation\trade_date=2026-07-17\exchange=NSE\symbol=GOLDBEES\part-052709_860841-014026.parquet,34675,downloaded,34675,
2026-07-17,NSE,GOLDBEES,raw_l2/trade_date=2026-07-17/exchange=NSE/symbol=GOLDBEES/part-052641_617830-013962.parquet,real_data_sample\l2_unseen_validation\trade_date=2026-07-17\exchange=NSE\symbol=GOLDBEES\part-052641_617830-013962.parquet,34627,downloaded,34627,
2026-07-17,NSE,GOLDBEES,raw_l2/trade_date=2026-07-17/exchange=NSE/symbol=GOLDBEES/part-052737_782102-014090.parquet,real_data_sample\l2_unseen_validation\trade_date=2026-07-17\exchange=NSE\symbol=GOLDBEES\part-052737_782102-014090.parquet,34545,downloaded,34545,
2026-07-17,NSE,GOLDBEES,raw_l2/trade_date=2026-07-17/exchange=NSE/symbol=GOLDBEES/part-052655_804666-013994.parquet,real_data_sample\l2_unseen_validation\trade_date=2026-07-17\exchange=NSE\symbol=GOLDBEES\part-052655_804666-013994.parquet,34871,downloaded,34871,
2026-07-17,NSE,GOLDBEES,raw_l2/trade_date=2026-07-17/exchange=NSE/symbol=GOLDBEES/part-052627_504901-013930.parquet,real_data_sample\l2_unseen_validation\trade_date=2026-07-17\exchange=NSE\symbol=GOLDBEES\part-052627_504901-013930.parquet,34655,downloaded,34655,
2026-07-17,NSE,GOLDBEES,raw_l2/trade_date=2026-07-17/exchange=NSE/symbol=GOLDBEES/part-052311_556857-013482.parquet,real_data_sample\l2_unseen_validation\trade_date=2026-07-17\exchange=NSE\symbol=GOLDBEES\part-052311_556857-013482.parquet,35044,downloaded,35044,
2026-07-17,NSE,GOLDBEES,raw_l2/trade_date=2026-07-17/exchange=NSE/symbol=GOLDBEES/part-052833_791948-014218.parquet,real_data_sample\l2_unseen_validation\trade_date=2026-07-17\exchange=NSE\symbol=GOLDBEES\part-052833_791948-014218.parquet,34814,downloaded,34814,
2026-07-17,NSE,GOLDBEES,raw_l2/trade_date=2026-07-17/exchange=NSE/symbol=GOLDBEES/part-052819_604116-014186.parquet,real_data_sample\l2_unseen_validation\trade_date=2026-07-17\exchange=NSE\symbol=GOLDBEES\part-052819_604116-014186.parquet,34820,downloaded,34820,
2026-07-17,NSE,GOLDBEES,raw_l2/trade_date=2026-07-17/exchange=NSE/symbol=GOLDBEES/part-052751_773634-014122.parquet,real_data_sample\l2_unseen_validation\trade_date=2026-07-17\exchange=NSE\symbol=GOLDBEES\part-052751_773634-014122.parquet,34779,downloaded,34779,
2026-07-17,NSE,GOLDBEES,raw_l2/trade_date=2026-07-17/exchange=NSE/symbol=GOLDBEES/part-052805_565289-014154.parquet,real_data_sample\l2_unseen_validation\trade_date=2026-07-17\exchange=NSE\symbol=GOLDBEES\part-052805_565289-014154.parquet,34857,downloaded,34857,
2026-07-17,NSE,GOLDBEES,raw_l2/trade_date=2026-07-17/exchange=NSE/symbol=GOLDBEES/part-052847_856500-014250.parquet,real_data_sample\l2_unseen_validation\trade_date=2026-07-17\exchange=NSE\symbol=GOLDBEES\part-052847_856500-014250.parquet,34742,downloaded,34742,
2026-07-17,NSE,GOLDBEES,raw_l2/trade_date=2026-07-17/exchange=NSE/symbol=GOLDBEES/part-052902_321993-014282.parquet,real_data_sample\l2_unseen_validation\trade_date=2026-07-17\exchange=NSE\symbol=GOLDBEES\part-052902_321993-014282.parquet,34800,downloaded,34800,
2026-07-17,NSE,GOLDBEES,raw_l2/trade_date=2026-07-17/exchange=NSE/symbol=GOLDBEES/part-052916_354176-014314.parquet,real_data_sample\l2_unseen_validation\trade_date=2026-07-17\exchange=NSE\symbol=GOLDBEES\part-052916_354176-014314.parquet,34740,downloaded,34740,
2026-07-17,NSE,GOLDBEES,raw_l2/trade_date=2026-07-17/exchange=NSE/symbol=GOLDBEES/part-052930_304800-014346.parquet,real_data_sample\l2_unseen_validation\trade_date=2026-07-17\exchange=NSE\symbol=GOLDBEES\part-052930_304800-014346.parquet,34859,downloaded,34859,
2026-07-17,NSE,GOLDBEES,raw_l2/trade_date=2026-07-17/exchange=NSE/symbol=GOLDBEES/part-052944_287755-014378.parquet,real_data_sample\l2_unseen_validation\trade_date=2026-07-17\exchange=NSE\symbol=GOLDBEES\part-052944_287755-014378.parquet,34888,downloaded,34888,
2026-07-17,NSE,GOLDBEES,raw_l2/trade_date=2026-07-17/exchange=NSE/symbol=GOLDBEES/part-052958_355122-014410.parquet,real_data_sample\l2_unseen_validation\trade_date=2026-07-17\exchange=NSE\symbol=GOLDBEES\part-052958_355122-014410.parquet,34867,downloaded,34867,
2026-07-17,NSE,GOLDBEES,raw_l2/trade_date=2026-07-17/exchange=NSE/symbol=GOLDBEES/part-053028_063828-014474.parquet,real_data_sample\l2_unseen_validation\trade_date=2026-07-17\exchange=NSE\symbol=GOLDBEES\part-053028_063828-014474.parquet,34915,downloaded,34915,
2026-07-17,NSE,GOLDBEES,raw_l2/trade_date=2026-07-17/exchange=NSE/symbol=GOLDBEES/part-053013_390160-014442.parquet,real_data_sample\l2_unseen_validation\trade_date=2026-07-17\exchange=NSE\symbol=GOLDBEES\part-053013_390160-014442.parquet,34781,downloaded,34781,
2026-07-17,NSE,GOLDBEES,raw_l2/trade_date=2026-07-17/exchange=NSE/symbol=GOLDBEES/part-053124_756352-014602.parquet,real_data_sample\l2_unseen_validation\trade_date=2026-07-17\exchange=NSE\symbol=GOLDBEES\part-053124_756352-014602.parquet,36079,downloaded,36079,
2026-07-17,NSE,GOLDBEES,raw_l2/trade_date=2026-07-17/exchange=NSE/symbol=GOLDBEES/part-053109_854413-014570.parquet,real_data_sample\l2_unseen_validation\trade_date=2026-07-17\exchange=NSE\symbol=GOLDBEES\part-053109_854413-014570.parquet,35019,downloaded,35019,
2026-07-17,NSE,GOLDBEES,raw_l2/trade_date=2026-07-17/exchange=NSE/symbol=GOLDBEES/part-053055_881798-014538.parquet,real_data_sample\l2_unseen_validation\trade_date=2026-07-17\exchange=NSE\symbol=GOLDBEES\part-053055_881798-014538.parquet,34905,downloaded,34905,
2026-07-17,NSE,GOLDBEES,raw_l2/trade_date=2026-07-17/exchange=NSE/symbol=GOLDBEES/part-053041_789465-014506.parquet,real_data_sample\l2_unseen_validation\trade_date=2026-07-17\exchange=NSE\symbol=GOLDBEES\part-053041_789465-014506.parquet,34693,downloaded,34693,
2026-07-17,NSE,GOLDBEES,raw_l2/trade_date=2026-07-17/exchange=NSE/symbol=GOLDBEES/part-053138_810343-014634.parquet,real_data_sample\l2_unseen_validation\trade_date=2026-07-17\exchange=NSE\symbol=GOLDBEES\part-053138_810343-014634.parquet,36142,downloaded,36142,
2026-07-17,NSE,GOLDBEES,raw_l2/trade_date=2026-07-17/exchange=NSE/symbol=GOLDBEES/part-053234_808813-014762.parquet,real_data_sample\l2_unseen_validation\trade_date=2026-07-17\exchange=NSE\symbol=GOLDBEES\part-053234_808813-014762.parquet,34919,downloaded,34919,
2026-07-17,NSE,GOLDBEES,raw_l2/trade_date=2026-07-17/exchange=NSE/symbol=GOLDBEES/part-053152_508005-014666.parquet,real_data_sample\l2_unseen_validation\trade_date=2026-07-17\exchange=NSE\symbol=GOLDBEES\part-053152_508005-014666.parquet,35859,downloaded,35859,
2026-07-17,NSE,GOLDBEES,raw_l2/trade_date=2026-07-17/exchange=NSE/symbol=GOLDBEES/part-053248_750142-014794.parquet,real_data_sample\l2_unseen_validation\trade_date=2026-07-17\exchange=NSE\symbol=GOLDBEES\part-053248_750142-014794.parquet,34921,downloaded,34921,
2026-07-17,NSE,GOLDBEES,raw_l2/trade_date=2026-07-17/exchange=NSE/symbol=GOLDBEES/part-053331_028036-014890.parquet,real_data_sample\l2_unseen_validation\trade_date=2026-07-17\exchange=NSE\symbol=GOLDBEES\part-053331_028036-014890.parquet,34638,downloaded,34638,
2026-07-17,NSE,GOLDBEES,raw_l2/trade_date=2026-07-17/exchange=NSE/symbol=GOLDBEES/part-053206_615975-014698.parquet,real_data_sample\l2_unseen_validation\trade_date=2026-07-17\exchange=NSE\symbol=GOLDBEES\part-053206_615975-014698.parquet,36266,downloaded,36266,
2026-07-17,NSE,GOLDBEES,raw_l2/trade_date=2026-07-17/exchange=NSE/symbol=GOLDBEES/part-053302_897552-014826.parquet,real_data_sample\l2_unseen_validation\trade_date=2026-07-17\exchange=NSE\symbol=GOLDBEES\part-053302_897552-014826.parquet,35092,downloaded,35092,
2026-07-17,NSE,GOLDBEES,raw_l2/trade_date=2026-07-17/exchange=NSE/symbol=GOLDBEES/part-053316_888654-014858.parquet,real_data_sample\l2_unseen_validation\trade_date=2026-07-17\exchange=NSE\symbol=GOLDBEES\part-053316_888654-014858.parquet,34790,downloaded,34790,
2026-07-17,NSE,GOLDBEES,raw_l2/trade_date=2026-07-17/exchange=NSE/symbol=GOLDBEES/part-053345_040841-014922.parquet,real_data_sample\l2_unseen_validation\trade_date=2026-07-17\exchange=NSE\symbol=GOLDBEES\part-053345_040841-014922.parquet,35026,downloaded,35026,
2026-07-17,NSE,GOLDBEES,raw_l2/trade_date=2026-07-17/exchange=NSE/symbol=GOLDBEES/part-053358_910338-014954.parquet,real_data_sample\l2_unseen_validation\trade_date=2026-07-17\exchange=NSE\symbol=GOLDBEES\part-053358_910338-014954.parquet,35105,downloaded,35105,
2026-07-17,NSE,GOLDBEES,raw_l2/trade_date=2026-07-17/exchange=NSE/symbol=GOLDBEES/part-053426_996868-015018.parquet,real_data_sample\l2_unseen_validation\trade_date=2026-07-17\exchange=NSE\symbol=GOLDBEES\part-053426_996868-015018.parquet,34909,downloaded,34909,
2026-07-17,NSE,GOLDBEES,raw_l2/trade_date=2026-07-17/exchange=NSE/symbol=GOLDBEES/part-053440_740651-015050.parquet,real_data_sample\l2_unseen_validation\trade_date=2026-07-17\exchange=NSE\symbol=GOLDBEES\part-053440_740651-015050.parquet,34933,downloaded,34933,
2026-07-17,NSE,GOLDBEES,raw_l2/trade_date=2026-07-17/exchange=NSE/symbol=GOLDBEES/part-053413_068794-014986.parquet,real_data_sample\l2_unseen_validation\trade_date=2026-07-17\exchange=NSE\symbol=GOLDBEES\part-053413_068794-014986.parquet,34978,downloaded,34978,
2026-07-17,NSE,GOLDBEES,raw_l2/trade_date=2026-07-17/exchange=NSE/symbol=GOLDBEES/part-053454_466220-015082.parquet,real_data_sample\l2_unseen_validation\trade_date=2026-07-17\exchange=NSE\symbol=GOLDBEES\part-053454_466220-015082.parquet,34830,downloaded,34830,
2026-07-17,NSE,GOLDBEES,raw_l2/trade_date=2026-07-17/exchange=NSE/symbol=GOLDBEES/part-053508_344621-015114.parquet,real_data_sample\l2_unseen_validation\trade_date=2026-07-17\exchange=NSE\symbol=GOLDBEES\part-053508_344621-015114.parquet,34987,downloaded,34987,
2026-07-17,NSE,GOLDBEES,raw_l2/trade_date=2026-07-17/exchange=NSE/symbol=GOLDBEES/part-053220_843120-014730.parquet,real_data_sample\l2_unseen_validation\trade_date=2026-07-17\exchange=NSE\symbol=GOLDBEES\part-053220_843120-014730.parquet,35105,downloaded,35105,
2026-07-17,NSE,GOLDBEES,raw_l2/trade_date=2026-07-17/exchange=NSE/symbol=GOLDBEES/part-053632_003634-015306.parquet,real_data_sample\l2_unseen_validation\trade_date=2026-07-17\exchange=NSE\symbol=GOLDBEES\part-053632_003634-015306.parquet,35039,downloaded,35039,
2026-07-17,NSE,GOLDBEES,raw_l2/trade_date=2026-07-17/exchange=NSE/symbol=GOLDBEES/part-053522_270085-015146.parquet,real_data_sample\l2_unseen_validation\trade_date=2026-07-17\exchange=NSE\symbol=GOLDBEES\part-053522_270085-015146.parquet,34954,downloaded,34954,
2026-07-17,NSE,GOLDBEES,raw_l2/trade_date=2026-07-17/exchange=NSE/symbol=GOLDBEES/part-053536_273834-015178.parquet,real_data_sample\l2_unseen_validation\trade_date=2026-07-17\exchange=NSE\symbol=GOLDBEES\part-053536_273834-015178.parquet,34903,downloaded,34903,
2026-07-17,NSE,GOLDBEES,raw_l2/trade_date=2026-07-17/exchange=NSE/symbol=GOLDBEES/part-053603_748599-015242.parquet,real_data_sample\l2_unseen_validation\trade_date=2026-07-17\exchange=NSE\symbol=GOLDBEES\part-053603_748599-015242.parquet,34964,downloaded,34964,
2026-07-17,NSE,GOLDBEES,raw_l2/trade_date=2026-07-17/exchange=NSE/symbol=GOLDBEES/part-053645_987989-015338.parquet,real_data_sample\l2_unseen_validation\trade_date=2026-07-17\exchange=NSE\symbol=GOLDBEES\part-053645_987989-015338.parquet,34541,downloaded,34541,
2026-07-17,NSE,GOLDBEES,raw_l2/trade_date=2026-07-17/exchange=NSE/symbol=GOLDBEES/part-053741_570734-015466.parquet,real_data_sample\l2_unseen_validation\trade_date=2026-07-17\exchange=NSE\symbol=GOLDBEES\part-053741_570734-015466.parquet,34929,downloaded,34929,
2026-07-17,NSE,GOLDBEES,raw_l2/trade_date=2026-07-17/exchange=NSE/symbol=GOLDBEES/part-053550_023044-015210.parquet,real_data_sample\l2_unseen_validation\trade_date=2026-07-17\exchange=NSE\symbol=GOLDBEES\part-053550_023044-015210.parquet,34995,downloaded,34995,
2026-07-17,NSE,GOLDBEES,raw_l2/trade_date=2026-07-17/exchange=NSE/symbol=GOLDBEES/part-053617_786342-015274.parquet,real_data_sample\l2_unseen_validation\trade_date=2026-07-17\exchange=NSE\symbol=GOLDBEES\part-053617_786342-015274.parquet,34720,downloaded,34720,
2026-07-17,NSE,GOLDBEES,raw_l2/trade_date=2026-07-17/exchange=NSE/symbol=GOLDBEES/part-053727_750236-015434.parquet,real_data_sample\l2_unseen_validation\trade_date=2026-07-17\exchange=NSE\symbol=GOLDBEES\part-053727_750236-015434.parquet,34880,downloaded,34880,
2026-07-17,NSE,GOLDBEES,raw_l2/trade_date=2026-07-17/exchange=NSE/symbol=GOLDBEES/part-053713_794798-015402.parquet,real_data_sample\l2_unseen_validation\trade_date=2026-07-17\exchange=NSE\symbol=GOLDBEES\part-053713_794798-015402.parquet,34991,downloaded,34991,
2026-07-17,NSE,GOLDBEES,raw_l2/trade_date=2026-07-17/exchange=NSE/symbol=GOLDBEES/part-053659_766467-015370.parquet,real_data_sample\l2_unseen_validation\trade_date=2026-07-17\exchange=NSE\symbol=GOLDBEES\part-053659_766467-015370.parquet,34845,downloaded,34845,
2026-07-17,NSE,GOLDBEES,raw_l2/trade_date=2026-07-17/exchange=NSE/symbol=GOLDBEES/part-053755_468201-015498.parquet,real_data_sample\l2_unseen_validation\trade_date=2026-07-17\exchange=NSE\symbol=GOLDBEES\part-053755_468201-015498.parquet,34703,downloaded,34703,
2026-07-17,NSE,GOLDBEES,raw_l2/trade_date=2026-07-17/exchange=NSE/symbol=GOLDBEES/part-053809_291701-015530.parquet,real_data_sample\l2_unseen_validation\trade_date=2026-07-17\exchange=NSE\symbol=GOLDBEES\part-053809_291701-015530.parquet,34898,downloaded,34898,
2026-07-17,NSE,GOLDBEES,raw_l2/trade_date=2026-07-17/exchange=NSE/symbol=GOLDBEES/part-053851_509069-015626.parquet,real_data_sample\l2_unseen_validation\trade_date=2026-07-17\exchange=NSE\symbol=GOLDBEES\part-053851_509069-015626.parquet,34721,downloaded,34721,
2026-07-17,NSE,GOLDBEES,raw_l2/trade_date=2026-07-17/exchange=NSE/symbol=GOLDBEES/part-053837_553852-015594.parquet,real_data_sample\l2_unseen_validation\trade_date=2026-07-17\exchange=NSE\symbol=GOLDBEES\part-053837_553852-015594.parquet,34775,downloaded,34775,
2026-07-17,NSE,GOLDBEES,raw_l2/trade_date=2026-07-17/exchange=NSE/symbol=GOLDBEES/part-053823_306383-015562.parquet,real_data_sample\l2_unseen_validation\trade_date=2026-07-17\exchange=NSE\symbol=GOLDBEES\part-053823_306383-015562.parquet,34686,downloaded,34686,
2026-07-17,NSE,GOLDBEES,raw_l2/trade_date=2026-07-17/exchange=NSE/symbol=GOLDBEES/part-053905_278230-015658.parquet,real_data_sample\l2_unseen_validation\trade_date=2026-07-17\exchange=NSE\symbol=GOLDBEES\part-053905_278230-015658.parquet,34676,downloaded,34676,
2026-07-17,NSE,GOLDBEES,raw_l2/trade_date=2026-07-17/exchange=NSE/symbol=GOLDBEES/part-053919_309692-015690.parquet,real_data_sample\l2_unseen_validation\trade_date=2026-07-17\exchange=NSE\symbol=GOLDBEES\part-053919_309692-015690.parquet,34654,downloaded,34654,
2026-07-17,NSE,GOLDBEES,raw_l2/trade_date=2026-07-17/exchange=NSE/symbol=GOLDBEES/part-053933_283052-015722.parquet,real_data_sample\l2_unseen_validation\trade_date=2026-07-17\exchange=NSE\symbol=GOLDBEES\part-053933_283052-015722.parquet,34743,downloaded,34743,
2026-07-17,NSE,GOLDBEES,raw_l2/trade_date=2026-07-17/exchange=NSE/symbol=GOLDBEES/part-051125_570900-011882.parquet,real_data_sample\l2_unseen_validation\trade_date=2026-07-17\exchange=NSE\symbol=GOLDBEES\part-051125_570900-011882.parquet,34807,downloaded,34807,
2026-07-17,NSE,GOLDBEES,raw_l2/trade_date=2026-07-17/exchange=NSE/symbol=GOLDBEES/part-051153_772588-011946.parquet,real_data_sample\l2_unseen_validation\trade_date=2026-07-17\exchange=NSE\symbol=GOLDBEES\part-051153_772588-011946.parquet,34777,downloaded,34777,
2026-07-17,NSE,GOLDBEES,raw_l2/trade_date=2026-07-17/exchange=NSE/symbol=GOLDBEES/part-054233_696714-016138.parquet,real_data_sample\l2_unseen_validation\trade_date=2026-07-17\exchange=NSE\symbol=GOLDBEES\part-054233_696714-016138.parquet,35009,downloaded,35009,
2026-07-17,NSE,GOLDBEES,raw_l2/trade_date=2026-07-17/exchange=NSE/symbol=GOLDBEES/part-051249_551699-012074.parquet,real_data_sample\l2_unseen_validation\trade_date=2026-07-17\exchange=NSE\symbol=GOLDBEES\part-051249_551699-012074.parquet,34960,downloaded,34960,
2026-07-17,NSE,GOLDBEES,raw_l2/trade_date=2026-07-17/exchange=NSE/symbol=GOLDBEES/part-054001_107927-015786.parquet,real_data_sample\l2_unseen_validation\trade_date=2026-07-17\exchange=NSE\symbol=GOLDBEES\part-054001_107927-015786.parquet,34617,downloaded,34617,
2026-07-17,NSE,GOLDBEES,raw_l2/trade_date=2026-07-17/exchange=NSE/symbol=GOLDBEES/part-054014_959010-015818.parquet,real_data_sample\l2_unseen_validation\trade_date=2026-07-17\exchange=NSE\symbol=GOLDBEES\part-054014_959010-015818.parquet,34940,downloaded,34940,
2026-07-17,NSE,GOLDBEES,raw_l2/trade_date=2026-07-17/exchange=NSE/symbol=GOLDBEES/part-050920_948462-011594.parquet,real_data_sample\l2_unseen_validation\trade_date=2026-07-17\exchange=NSE\symbol=GOLDBEES\part-050920_948462-011594.parquet,34910,downloaded,34910,
2026-07-17,NSE,GOLDBEES,raw_l2/trade_date=2026-07-17/exchange=NSE/symbol=GOLDBEES/part-051139_860406-011914.parquet,real_data_sample\l2_unseen_validation\trade_date=2026-07-17\exchange=NSE\symbol=GOLDBEES\part-051139_860406-011914.parquet,34763,downloaded,34763,
2026-07-17,NSE,GOLDBEES,raw_l2/trade_date=2026-07-17/exchange=NSE/symbol=GOLDBEES/part-054152_043696-016042.parquet,real_data_sample\l2_unseen_validation\trade_date=2026-07-17\exchange=NSE\symbol=GOLDBEES\part-054152_043696-016042.parquet,34761,downloaded,34761,
2026-07-17,NSE,GOLDBEES,raw_l2/trade_date=2026-07-17/exchange=NSE/symbol=GOLDBEES/part-054301_786295-016202.parquet,real_data_sample\l2_unseen_validation\trade_date=2026-07-17\exchange=NSE\symbol=GOLDBEES\part-054301_786295-016202.parquet,34822,downloaded,34822,
2026-07-17,NSE,GOLDBEES,raw_l2/trade_date=2026-07-17/exchange=NSE/symbol=GOLDBEES/part-054206_015560-016074.parquet,real_data_sample\l2_unseen_validation\trade_date=2026-07-17\exchange=NSE\symbol=GOLDBEES\part-054206_015560-016074.parquet,34822,downloaded,34822,
2026-07-17,NSE,GOLDBEES,raw_l2/trade_date=2026-07-17/exchange=NSE/symbol=GOLDBEES/part-054219_999342-016106.parquet,real_data_sample\l2_unseen_validation\trade_date=2026-07-17\exchange=NSE\symbol=GOLDBEES\part-054219_999342-016106.parquet,34762,downloaded,34762,
2026-07-17,NSE,GOLDBEES,raw_l2/trade_date=2026-07-17/exchange=NSE/symbol=GOLDBEES/part-054124_482730-015978.parquet,real_data_sample\l2_unseen_validation\trade_date=2026-07-17\exchange=NSE\symbol=GOLDBEES\part-054124_482730-015978.parquet,34879,downloaded,34879,
2026-07-17,NSE,GOLDBEES,raw_l2/trade_date=2026-07-17/exchange=NSE/symbol=GOLDBEES/part-054247_745283-016170.parquet,real_data_sample\l2_unseen_validation\trade_date=2026-07-17\exchange=NSE\symbol=GOLDBEES\part-054247_745283-016170.parquet,34918,downloaded,34918,
2026-07-17,NSE,GOLDBEES,raw_l2/trade_date=2026-07-17/exchange=NSE/symbol=GOLDBEES/part-054029_016549-015850.parquet,real_data_sample\l2_unseen_validation\trade_date=2026-07-17\exchange=NSE\symbol=GOLDBEES\part-054029_016549-015850.parquet,34796,downloaded,34796,
2026-07-17,NSE,GOLDBEES,raw_l2/trade_date=2026-07-17/exchange=NSE/symbol=GOLDBEES/part-054042_835106-015882.parquet,real_data_sample\l2_unseen_validation\trade_date=2026-07-17\exchange=NSE\symbol=GOLDBEES\part-054042_835106-015882.parquet,34882,downloaded,34882,
2026-07-17,NSE,GOLDBEES,raw_l2/trade_date=2026-07-17/exchange=NSE/symbol=GOLDBEES/part-054138_279116-016010.parquet,real_data_sample\l2_unseen_validation\trade_date=2026-07-17\exchange=NSE\symbol=GOLDBEES\part-054138_279116-016010.parquet,34630,downloaded,34630,
2026-07-17,NSE,GOLDBEES,raw_l2/trade_date=2026-07-17/exchange=NSE/symbol=GOLDBEES/part-054110_768084-015946.parquet,real_data_sample\l2_unseen_validation\trade_date=2026-07-17\exchange=NSE\symbol=GOLDBEES\part-054110_768084-015946.parquet,34783,downloaded,34783,
2026-07-17,NSE,GOLDBEES,raw_l2/trade_date=2026-07-17/exchange=NSE/symbol=GOLDBEES/part-051221_771687-012010.parquet,real_data_sample\l2_unseen_validation\trade_date=2026-07-17\exchange=NSE\symbol=GOLDBEES\part-051221_771687-012010.parquet,34590,downloaded,34590,
2026-07-17,NSE,GOLDBEES,raw_l2/trade_date=2026-07-17/exchange=NSE/symbol=GOLDBEES/part-054056_778481-015914.parquet,real_data_sample\l2_unseen_validation\trade_date=2026-07-17\exchange=NSE\symbol=GOLDBEES\part-054056_778481-015914.parquet,34748,downloaded,34748,
2026-07-17,NSE,GOLDBEES,raw_l2/trade_date=2026-07-17/exchange=NSE/symbol=GOLDBEES/part-050934_994103-011626.parquet,real_data_sample\l2_unseen_validation\trade_date=2026-07-17\exchange=NSE\symbol=GOLDBEES\part-050934_994103-011626.parquet,34973,downloaded,34973,
2026-07-17,NSE,GOLDBEES,raw_l2/trade_date=2026-07-17/exchange=NSE/symbol=GOLDBEES/part-051303_522377-012106.parquet,real_data_sample\l2_unseen_validation\trade_date=2026-07-17\exchange=NSE\symbol=GOLDBEES\part-051303_522377-012106.parquet,34842,downloaded,34842,
2026-07-17,NSE,GOLDBEES,raw_l2/trade_date=2026-07-17/exchange=NSE/symbol=GOLDBEES/part-054329_612351-016266.parquet,real_data_sample\l2_unseen_validation\trade_date=2026-07-17\exchange=NSE\symbol=GOLDBEES\part-054329_612351-016266.parquet,34707,downloaded,34707,
2026-07-17,NSE,GOLDBEES,raw_l2/trade_date=2026-07-17/exchange=NSE/symbol=GOLDBEES/part-054357_279345-016330.parquet,real_data_sample\l2_unseen_validation\trade_date=2026-07-17\exchange=NSE\symbol=GOLDBEES\part-054357_279345-016330.parquet,35052,downloaded,35052,
2026-07-17,NSE,GOLDBEES,raw_l2/trade_date=2026-07-17/exchange=NSE/symbol=GOLDBEES/part-054315_749918-016234.parquet,real_data_sample\l2_unseen_validation\trade_date=2026-07-17\exchange=NSE\symbol=GOLDBEES\part-054315_749918-016234.parquet,34799,downloaded,34799,
2026-07-17,NSE,GOLDBEES,raw_l2/trade_date=2026-07-17/exchange=NSE/symbol=GOLDBEES/part-054343_550552-016298.parquet,real_data_sample\l2_unseen_validation\trade_date=2026-07-17\exchange=NSE\symbol=GOLDBEES\part-054343_550552-016298.parquet,34839,downloaded,34839,
2026-07-17,NSE,GOLDBEES,raw_l2/trade_date=2026-07-17/exchange=NSE/symbol=GOLDBEES/part-051111_764309-011850.parquet,real_data_sample\l2_unseen_validation\trade_date=2026-07-17\exchange=NSE\symbol=GOLDBEES\part-051111_764309-011850.parquet,34756,downloaded,34756,
2026-07-17,NSE,GOLDBEES,raw_l2/trade_date=2026-07-17/exchange=NSE/symbol=GOLDBEES/part-051207_787108-011978.parquet,real_data_sample\l2_unseen_validation\trade_date=2026-07-17\exchange=NSE\symbol=GOLDBEES\part-051207_787108-011978.parquet,34778,downloaded,34778,
2026-07-17,NSE,GOLDBEES,raw_l2/trade_date=2026-07-17/exchange=NSE/symbol=GOLDBEES/part-051318_102824-012138.parquet,real_data_sample\l2_unseen_validation\trade_date=2026-07-17\exchange=NSE\symbol=GOLDBEES\part-051318_102824-012138.parquet,34879,downloaded,34879,
2026-07-17,NSE,GOLDBEES,raw_l2/trade_date=2026-07-17/exchange=NSE/symbol=GOLDBEES/part-054411_325998-016362.parquet,real_data_sample\l2_unseen_validation\trade_date=2026-07-17\exchange=NSE\symbol=GOLDBEES\part-054411_325998-016362.parquet,34711,downloaded,34711,
2026-07-17,NSE,GOLDBEES,raw_l2/trade_date=2026-07-17/exchange=NSE/symbol=GOLDBEES/part-051235_604486-012042.parquet,real_data_sample\l2_unseen_validation\trade_date=2026-07-17\exchange=NSE\symbol=GOLDBEES\part-051235_604486-012042.parquet,34708,downloaded,34708,
2026-07-17,NSE,GOLDBEES,raw_l2/trade_date=2026-07-17/exchange=NSE/symbol=GOLDBEES/part-053947_001589-015754.parquet,real_data_sample\l2_unseen_validation\trade_date=2026-07-17\exchange=NSE\symbol=GOLDBEES\part-053947_001589-015754.parquet,34656,downloaded,34656,
2026-07-17,NSE,GOLDBEES,raw_l2/trade_date=2026-07-17/exchange=NSE/symbol=GOLDBEES/part-054548_518090-016586.parquet,real_data_sample\l2_unseen_validation\trade_date=2026-07-17\exchange=NSE\symbol=GOLDBEES\part-054548_518090-016586.parquet,34722,downloaded,34722,
2026-07-17,NSE,GOLDBEES,raw_l2/trade_date=2026-07-17/exchange=NSE/symbol=GOLDBEES/part-054534_527178-016554.parquet,real_data_sample\l2_unseen_validation\trade_date=2026-07-17\exchange=NSE\symbol=GOLDBEES\part-054534_527178-016554.parquet,34768,downloaded,34768,
2026-07-17,NSE,GOLDBEES,raw_l2/trade_date=2026-07-17/exchange=NSE/symbol=GOLDBEES/part-054616_274703-016650.parquet,real_data_sample\l2_unseen_validation\trade_date=2026-07-17\exchange=NSE\symbol=GOLDBEES\part-054616_274703-016650.parquet,34943,downloaded,34943,
2026-07-17,NSE,GOLDBEES,raw_l2/trade_date=2026-07-17/exchange=NSE/symbol=GOLDBEES/part-054425_260692-016394.parquet,real_data_sample\l2_unseen_validation\trade_date=2026-07-17\exchange=NSE\symbol=GOLDBEES\part-054425_260692-016394.parquet,34798,downloaded,34798,
2026-07-17,NSE,GOLDBEES,raw_l2/trade_date=2026-07-17/exchange=NSE/symbol=GOLDBEES/part-054711_625663-016778.parquet,real_data_sample\l2_unseen_validation\trade_date=2026-07-17\exchange=NSE\symbol=GOLDBEES\part-054711_625663-016778.parquet,34824,downloaded,34824,
2026-07-17,NSE,GOLDBEES,raw_l2/trade_date=2026-07-17/exchange=NSE/symbol=GOLDBEES/part-054520_804328-016522.parquet,real_data_sample\l2_unseen_validation\trade_date=2026-07-17\exchange=NSE\symbol=GOLDBEES\part-054520_804328-016522.parquet,34621,downloaded,34621,
2026-07-17,NSE,GOLDBEES,raw_l2/trade_date=2026-07-17/exchange=NSE/symbol=GOLDBEES/part-054643_800797-016714.parquet,real_data_sample\l2_unseen_validation\trade_date=2026-07-17\exchange=NSE\symbol=GOLDBEES\part-054643_800797-016714.parquet,34923,downloaded,34923,
2026-07-17,NSE,GOLDBEES,raw_l2/trade_date=2026-07-17/exchange=NSE/symbol=GOLDBEES/part-054657_746448-016746.parquet,real_data_sample\l2_unseen_validation\trade_date=2026-07-17\exchange=NSE\symbol=GOLDBEES\part-054657_746448-016746.parquet,34780,downloaded,34780,
2026-07-17,NSE,GOLDBEES,raw_l2/trade_date=2026-07-17/exchange=NSE/symbol=GOLDBEES/part-054630_000763-016682.parquet,real_data_sample\l2_unseen_validation\trade_date=2026-07-17\exchange=NSE\symbol=GOLDBEES\part-054630_000763-016682.parquet,34893,downloaded,34893,
2026-07-17,NSE,GOLDBEES,raw_l2/trade_date=2026-07-17/exchange=NSE/symbol=GOLDBEES/part-054439_031134-016426.parquet,real_data_sample\l2_unseen_validation\trade_date=2026-07-17\exchange=NSE\symbol=GOLDBEES\part-054439_031134-016426.parquet,34720,downloaded,34720,
2026-07-17,NSE,GOLDBEES,raw_l2/trade_date=2026-07-17/exchange=NSE/symbol=GOLDBEES/part-054453_022628-016458.parquet,real_data_sample\l2_unseen_validation\trade_date=2026-07-17\exchange=NSE\symbol=GOLDBEES\part-054453_022628-016458.parquet,34653,downloaded,34653,
2026-07-17,NSE,GOLDBEES,raw_l2/trade_date=2026-07-17/exchange=NSE/symbol=GOLDBEES/part-054739_867079-016842.parquet,real_data_sample\l2_unseen_validation\trade_date=2026-07-17\exchange=NSE\symbol=GOLDBEES\part-054739_867079-016842.parquet,34866,downloaded,34866,
2026-07-17,NSE,GOLDBEES,raw_l2/trade_date=2026-07-17/exchange=NSE/symbol=GOLDBEES/part-054506_760933-016490.parquet,real_data_sample\l2_unseen_validation\trade_date=2026-07-17\exchange=NSE\symbol=GOLDBEES\part-054506_760933-016490.parquet,34624,downloaded,34624,
2026-07-17,NSE,GOLDBEES,raw_l2/trade_date=2026-07-17/exchange=NSE/symbol=GOLDBEES/part-054725_873209-016810.parquet,real_data_sample\l2_unseen_validation\trade_date=2026-07-17\exchange=NSE\symbol=GOLDBEES\part-054725_873209-016810.parquet,34675,downloaded,34675,
2026-07-17,NSE,GOLDBEES,raw_l2/trade_date=2026-07-17/exchange=NSE/symbol=GOLDBEES/part-054754_066086-016874.parquet,real_data_sample\l2_unseen_validation\trade_date=2026-07-17\exchange=NSE\symbol=GOLDBEES\part-054754_066086-016874.parquet,34617,downloaded,34617,
2026-07-17,NSE,GOLDBEES,raw_l2/trade_date=2026-07-17/exchange=NSE/symbol=GOLDBEES/part-054822_119536-016938.parquet,real_data_sample\l2_unseen_validation\trade_date=2026-07-17\exchange=NSE\symbol=GOLDBEES\part-054822_119536-016938.parquet,34787,downloaded,34787,
2026-07-17,NSE,GOLDBEES,raw_l2/trade_date=2026-07-17/exchange=NSE/symbol=GOLDBEES/part-054904_656900-017034.parquet,real_data_sample\l2_unseen_validation\trade_date=2026-07-17\exchange=NSE\symbol=GOLDBEES\part-054904_656900-017034.parquet,34796,downloaded,34796,
2026-07-17,NSE,GOLDBEES,raw_l2/trade_date=2026-07-17/exchange=NSE/symbol=GOLDBEES/part-054602_328706-016618.parquet,real_data_sample\l2_unseen_validation\trade_date=2026-07-17\exchange=NSE\symbol=GOLDBEES\part-054602_328706-016618.parquet,34757,downloaded,34757,
2026-07-17,NSE,GOLDBEES,raw_l2/trade_date=2026-07-17/exchange=NSE/symbol=GOLDBEES/part-054808_008609-016906.parquet,real_data_sample\l2_unseen_validation\trade_date=2026-07-17\exchange=NSE\symbol=GOLDBEES\part-054808_008609-016906.parquet,34780,downloaded,34780,
2026-07-17,NSE,GOLDBEES,raw_l2/trade_date=2026-07-17/exchange=NSE/symbol=GOLDBEES/part-054947_417936-017130.parquet,real_data_sample\l2_unseen_validation\trade_date=2026-07-17\exchange=NSE\symbol=GOLDBEES\part-054947_417936-017130.parquet,34780,downloaded,34780,
2026-07-17,NSE,GOLDBEES,raw_l2/trade_date=2026-07-17/exchange=NSE/symbol=GOLDBEES/part-054933_067909-017098.parquet,real_data_sample\l2_unseen_validation\trade_date=2026-07-17\exchange=NSE\symbol=GOLDBEES\part-054933_067909-017098.parquet,34879,downloaded,34879,
2026-07-17,NSE,GOLDBEES,raw_l2/trade_date=2026-07-17/exchange=NSE/symbol=GOLDBEES/part-055001_944961-017162.parquet,real_data_sample\l2_unseen_validation\trade_date=2026-07-17\exchange=NSE\symbol=GOLDBEES\part-055001_944961-017162.parquet,34843,downloaded,34843,
2026-07-17,NSE,GOLDBEES,raw_l2/trade_date=2026-07-17/exchange=NSE/symbol=GOLDBEES/part-055016_432411-017194.parquet,real_data_sample\l2_unseen_validation\trade_date=2026-07-17\exchange=NSE\symbol=GOLDBEES\part-055016_432411-017194.parquet,34603,downloaded,34603,
2026-07-17,NSE,GOLDBEES,raw_l2/trade_date=2026-07-17/exchange=NSE/symbol=GOLDBEES/part-055045_069108-017258.parquet,real_data_sample\l2_unseen_validation\trade_date=2026-07-17\exchange=NSE\symbol=GOLDBEES\part-055045_069108-017258.parquet,34785,downloaded,34785,
2026-07-17,NSE,GOLDBEES,raw_l2/trade_date=2026-07-17/exchange=NSE/symbol=GOLDBEES/part-055114_167551-017322.parquet,real_data_sample\l2_unseen_validation\trade_date=2026-07-17\exchange=NSE\symbol=GOLDBEES\part-055114_167551-017322.parquet,34812,downloaded,34812,
2026-07-17,NSE,GOLDBEES,raw_l2/trade_date=2026-07-17/exchange=NSE/symbol=GOLDBEES/part-054850_637421-017002.parquet,real_data_sample\l2_unseen_validation\trade_date=2026-07-17\exchange=NSE\symbol=GOLDBEES\part-054850_637421-017002.parquet,34639,downloaded,34639,
2026-07-17,NSE,GOLDBEES,raw_l2/trade_date=2026-07-17/exchange=NSE/symbol=GOLDBEES/part-054836_373879-016970.parquet,real_data_sample\l2_unseen_validation\trade_date=2026-07-17\exchange=NSE\symbol=GOLDBEES\part-054836_373879-016970.parquet,34696,downloaded,34696,
2026-07-17,NSE,GOLDBEES,raw_l2/trade_date=2026-07-17/exchange=NSE/symbol=GOLDBEES/part-055030_397411-017226.parquet,real_data_sample\l2_unseen_validation\trade_date=2026-07-17\exchange=NSE\symbol=GOLDBEES\part-055030_397411-017226.parquet,34991,downloaded,34991,
2026-07-17,NSE,GOLDBEES,raw_l2/trade_date=2026-07-17/exchange=NSE/symbol=GOLDBEES/part-054918_856584-017066.parquet,real_data_sample\l2_unseen_validation\trade_date=2026-07-17\exchange=NSE\symbol=GOLDBEES\part-054918_856584-017066.parquet,34822,downloaded,34822,
2026-07-17,NSE,GOLDBEES,raw_l2/trade_date=2026-07-17/exchange=NSE/symbol=GOLDBEES/part-055059_542943-017290.parquet,real_data_sample\l2_unseen_validation\trade_date=2026-07-17\exchange=NSE\symbol=GOLDBEES\part-055059_542943-017290.parquet,34718,downloaded,34718,
2026-07-17,NSE,GOLDBEES,raw_l2/trade_date=2026-07-17/exchange=NSE/symbol=GOLDBEES/part-055128_957939-017354.parquet,real_data_sample\l2_unseen_validation\trade_date=2026-07-17\exchange=NSE\symbol=GOLDBEES\part-055128_957939-017354.parquet,34874,downloaded,34874,
2026-07-17,NSE,GOLDBEES,raw_l2/trade_date=2026-07-17/exchange=NSE/symbol=GOLDBEES/part-055158_577490-017418.parquet,real_data_sample\l2_unseen_validation\trade_date=2026-07-17\exchange=NSE\symbol=GOLDBEES\part-055158_577490-017418.parquet,34746,downloaded,34746,
2026-07-17,NSE,GOLDBEES,raw_l2/trade_date=2026-07-17/exchange=NSE/symbol=GOLDBEES/part-055227_618305-017482.parquet,real_data_sample\l2_unseen_validation\trade_date=2026-07-17\exchange=NSE\symbol=GOLDBEES\part-055227_618305-017482.parquet,35075,downloaded,35075,
2026-07-17,NSE,GOLDBEES,raw_l2/trade_date=2026-07-17/exchange=NSE/symbol=GOLDBEES/part-055213_002536-017450.parquet,real_data_sample\l2_unseen_validation\trade_date=2026-07-17\exchange=NSE\symbol=GOLDBEES\part-055213_002536-017450.parquet,34795,downloaded,34795,
2026-07-17,NSE,GOLDBEES,raw_l2/trade_date=2026-07-17/exchange=NSE/symbol=GOLDBEES/part-055242_437336-017514.parquet,real_data_sample\l2_unseen_validation\trade_date=2026-07-17\exchange=NSE\symbol=GOLDBEES\part-055242_437336-017514.parquet,34780,downloaded,34780,
2026-07-17,NSE,GOLDBEES,raw_l2/trade_date=2026-07-17/exchange=NSE/symbol=GOLDBEES/part-055257_181200-017546.parquet,real_data_sample\l2_unseen_validation\trade_date=2026-07-17\exchange=NSE\symbol=GOLDBEES\part-055257_181200-017546.parquet,34920,downloaded,34920,
2026-07-17,NSE,GOLDBEES,raw_l2/trade_date=2026-07-17/exchange=NSE/symbol=GOLDBEES/part-055546_848869-017930.parquet,real_data_sample\l2_unseen_validation\trade_date=2026-07-17\exchange=NSE\symbol=GOLDBEES\part-055546_848869-017930.parquet,34517,downloaded,34517,
2026-07-17,NSE,GOLDBEES,raw_l2/trade_date=2026-07-17/exchange=NSE/symbol=GOLDBEES/part-055354_444420-017674.parquet,real_data_sample\l2_unseen_validation\trade_date=2026-07-17\exchange=NSE\symbol=GOLDBEES\part-055354_444420-017674.parquet,34877,downloaded,34877,
2026-07-17,NSE,GOLDBEES,raw_l2/trade_date=2026-07-17/exchange=NSE/symbol=GOLDBEES/part-055422_842592-017738.parquet,real_data_sample\l2_unseen_validation\trade_date=2026-07-17\exchange=NSE\symbol=GOLDBEES\part-055422_842592-017738.parquet,34871,downloaded,34871,
2026-07-17,NSE,GOLDBEES,raw_l2/trade_date=2026-07-17/exchange=NSE/symbol=GOLDBEES/part-055518_822544-017866.parquet,real_data_sample\l2_unseen_validation\trade_date=2026-07-17\exchange=NSE\symbol=GOLDBEES\part-055518_822544-017866.parquet,34747,downloaded,34747,
2026-07-17,NSE,GOLDBEES,raw_l2/trade_date=2026-07-17/exchange=NSE/symbol=GOLDBEES/part-055532_898286-017898.parquet,real_data_sample\l2_unseen_validation\trade_date=2026-07-17\exchange=NSE\symbol=GOLDBEES\part-055532_898286-017898.parquet,34819,downloaded,34819,
2026-07-17,NSE,GOLDBEES,raw_l2/trade_date=2026-07-17/exchange=NSE/symbol=GOLDBEES/part-055629_118161-018026.parquet,real_data_sample\l2_unseen_validation\trade_date=2026-07-17\exchange=NSE\symbol=GOLDBEES\part-055629_118161-018026.parquet,35008,downloaded,35008,
2026-07-17,NSE,GOLDBEES,raw_l2/trade_date=2026-07-17/exchange=NSE/symbol=GOLDBEES/part-055450_885303-017802.parquet,real_data_sample\l2_unseen_validation\trade_date=2026-07-17\exchange=NSE\symbol=GOLDBEES\part-055450_885303-017802.parquet,34986,downloaded,34986,
2026-07-17,NSE,GOLDBEES,raw_l2/trade_date=2026-07-17/exchange=NSE/symbol=GOLDBEES/part-055340_093728-017642.parquet,real_data_sample\l2_unseen_validation\trade_date=2026-07-17\exchange=NSE\symbol=GOLDBEES\part-055340_093728-017642.parquet,35044,downloaded,35044,
2026-07-17,NSE,GOLDBEES,raw_l2/trade_date=2026-07-17/exchange=NSE/symbol=GOLDBEES/part-055436_854213-017770.parquet,real_data_sample\l2_unseen_validation\trade_date=2026-07-17\exchange=NSE\symbol=GOLDBEES\part-055436_854213-017770.parquet,34784,downloaded,34784,
2026-07-17,NSE,GOLDBEES,raw_l2/trade_date=2026-07-17/exchange=NSE/symbol=GOLDBEES/part-055311_538895-017578.parquet,real_data_sample\l2_unseen_validation\trade_date=2026-07-17\exchange=NSE\symbol=GOLDBEES\part-055311_538895-017578.parquet,34625,downloaded,34625,
2026-07-17,NSE,GOLDBEES,raw_l2/trade_date=2026-07-17/exchange=NSE/symbol=GOLDBEES/part-055408_670101-017706.parquet,real_data_sample\l2_unseen_validation\trade_date=2026-07-17\exchange=NSE\symbol=GOLDBEES\part-055408_670101-017706.parquet,35025,downloaded,35025,
2026-07-17,NSE,GOLDBEES,raw_l2/trade_date=2026-07-17/exchange=NSE/symbol=GOLDBEES/part-055325_604760-017610.parquet,real_data_sample\l2_unseen_validation\trade_date=2026-07-17\exchange=NSE\symbol=GOLDBEES\part-055325_604760-017610.parquet,34938,downloaded,34938,
2026-07-17,NSE,GOLDBEES,raw_l2/trade_date=2026-07-17/exchange=NSE/symbol=GOLDBEES/part-055504_872503-017834.parquet,real_data_sample\l2_unseen_validation\trade_date=2026-07-17\exchange=NSE\symbol=GOLDBEES\part-055504_872503-017834.parquet,34704,downloaded,34704,
2026-07-17,NSE,GOLDBEES,raw_l2/trade_date=2026-07-17/exchange=NSE/symbol=GOLDBEES/part-055615_143986-017994.parquet,real_data_sample\l2_unseen_validation\trade_date=2026-07-17\exchange=NSE\symbol=GOLDBEES\part-055615_143986-017994.parquet,34830,downloaded,34830,
2026-07-17,NSE,GOLDBEES,raw_l2/trade_date=2026-07-17/exchange=NSE/symbol=GOLDBEES/part-055643_321258-018058.parquet,real_data_sample\l2_unseen_validation\trade_date=2026-07-17\exchange=NSE\symbol=GOLDBEES\part-055643_321258-018058.parquet,34772,downloaded,34772,
2026-07-17,NSE,GOLDBEES,raw_l2/trade_date=2026-07-17/exchange=NSE/symbol=GOLDBEES/part-055725_370938-018154.parquet,real_data_sample\l2_unseen_validation\trade_date=2026-07-17\exchange=NSE\symbol=GOLDBEES\part-055725_370938-018154.parquet,35077,downloaded,35077,
2026-07-17,NSE,GOLDBEES,raw_l2/trade_date=2026-07-17/exchange=NSE/symbol=GOLDBEES/part-055739_623299-018186.parquet,real_data_sample\l2_unseen_validation\trade_date=2026-07-17\exchange=NSE\symbol=GOLDBEES\part-055739_623299-018186.parquet,34824,downloaded,34824,
2026-07-17,NSE,GOLDBEES,raw_l2/trade_date=2026-07-17/exchange=NSE/symbol=GOLDBEES/part-055600_959075-017962.parquet,real_data_sample\l2_unseen_validation\trade_date=2026-07-17\exchange=NSE\symbol=GOLDBEES\part-055600_959075-017962.parquet,34629,downloaded,34629,
2026-07-17,NSE,GOLDBEES,raw_l2/trade_date=2026-07-17/exchange=NSE/symbol=GOLDBEES/part-055904_347332-018378.parquet,real_data_sample\l2_unseen_validation\trade_date=2026-07-17\exchange=NSE\symbol=GOLDBEES\part-055904_347332-018378.parquet,34680,downloaded,34680,
2026-07-17,NSE,GOLDBEES,raw_l2/trade_date=2026-07-17/exchange=NSE/symbol=GOLDBEES/part-055835_900726-018314.parquet,real_data_sample\l2_unseen_validation\trade_date=2026-07-17\exchange=NSE\symbol=GOLDBEES\part-055835_900726-018314.parquet,34888,downloaded,34888,
2026-07-17,NSE,GOLDBEES,raw_l2/trade_date=2026-07-17/exchange=NSE/symbol=GOLDBEES/part-055821_654943-018282.parquet,real_data_sample\l2_unseen_validation\trade_date=2026-07-17\exchange=NSE\symbol=GOLDBEES\part-055821_654943-018282.parquet,34877,downloaded,34877,
2026-07-17,NSE,GOLDBEES,raw_l2/trade_date=2026-07-17/exchange=NSE/symbol=GOLDBEES/part-055657_356323-018090.parquet,real_data_sample\l2_unseen_validation\trade_date=2026-07-17\exchange=NSE\symbol=GOLDBEES\part-055657_356323-018090.parquet,34637,downloaded,34637,
2026-07-17,NSE,GOLDBEES,raw_l2/trade_date=2026-07-17/exchange=NSE/symbol=GOLDBEES/part-055850_214777-018346.parquet,real_data_sample\l2_unseen_validation\trade_date=2026-07-17\exchange=NSE\symbol=GOLDBEES\part-055850_214777-018346.parquet,34562,downloaded,34562,
2026-07-17,NSE,GOLDBEES,raw_l2/trade_date=2026-07-17/exchange=NSE/symbol=GOLDBEES/part-055753_626979-018218.parquet,real_data_sample\l2_unseen_validation\trade_date=2026-07-17\exchange=NSE\symbol=GOLDBEES\part-055753_626979-018218.parquet,34654,downloaded,34654,
2026-07-17,NSE,GOLDBEES,raw_l2/trade_date=2026-07-17/exchange=NSE/symbol=GOLDBEES/part-055711_408063-018122.parquet,real_data_sample\l2_unseen_validation\trade_date=2026-07-17\exchange=NSE\symbol=GOLDBEES\part-055711_408063-018122.parquet,35081,downloaded,35081,
2026-07-17,NSE,GOLDBEES,raw_l2/trade_date=2026-07-17/exchange=NSE/symbol=GOLDBEES/part-055143_762540-017386.parquet,real_data_sample\l2_unseen_validation\trade_date=2026-07-17\exchange=NSE\symbol=GOLDBEES\part-055143_762540-017386.parquet,35049,downloaded,35049,
2026-07-17,NSE,GOLDBEES,raw_l2/trade_date=2026-07-17/exchange=NSE/symbol=GOLDBEES/part-055807_582645-018250.parquet,real_data_sample\l2_unseen_validation\trade_date=2026-07-17\exchange=NSE\symbol=GOLDBEES\part-055807_582645-018250.parquet,34807,downloaded,34807,
2026-07-17,NSE,GOLDBEES,raw_l2/trade_date=2026-07-17/exchange=NSE/symbol=GOLDBEES/part-055918_353223-018410.parquet,real_data_sample\l2_unseen_validation\trade_date=2026-07-17\exchange=NSE\symbol=GOLDBEES\part-055918_353223-018410.parquet,34835,downloaded,34835,
2026-07-17,NSE,GOLDBEES,raw_l2/trade_date=2026-07-17/exchange=NSE/symbol=GOLDBEES/part-055932_617009-018442.parquet,real_data_sample\l2_unseen_validation\trade_date=2026-07-17\exchange=NSE\symbol=GOLDBEES\part-055932_617009-018442.parquet,34963,downloaded,34963,
2026-07-17,NSE,GOLDBEES,raw_l2/trade_date=2026-07-17/exchange=NSE/symbol=GOLDBEES/part-055946_740119-018474.parquet,real_data_sample\l2_unseen_validation\trade_date=2026-07-17\exchange=NSE\symbol=GOLDBEES\part-055946_740119-018474.parquet,34887,downloaded,34887,
2026-07-17,NSE,GOLDBEES,raw_l2/trade_date=2026-07-17/exchange=NSE/symbol=GOLDBEES/part-060001_406959-018506.parquet,real_data_sample\l2_unseen_validation\trade_date=2026-07-17\exchange=NSE\symbol=GOLDBEES\part-060001_406959-018506.parquet,34936,downloaded,34936,
2026-07-17,NSE,GOLDBEES,raw_l2/trade_date=2026-07-17/exchange=NSE/symbol=GOLDBEES/part-060015_626600-018538.parquet,real_data_sample\l2_unseen_validation\trade_date=2026-07-17\exchange=NSE\symbol=GOLDBEES\part-060015_626600-018538.parquet,34768,downloaded,34768,
2026-07-17,NSE,GOLDBEES,raw_l2/trade_date=2026-07-17/exchange=NSE/symbol=GOLDBEES/part-060649_961611-019434.parquet,real_data_sample\l2_unseen_validation\trade_date=2026-07-17\exchange=NSE\symbol=GOLDBEES\part-060649_961611-019434.parquet,36250,downloaded,36250,
2026-07-17,NSE,GOLDBEES,raw_l2/trade_date=2026-07-17/exchange=NSE/symbol=GOLDBEES/part-060043_904154-018602.parquet,real_data_sample\l2_unseen_validation\trade_date=2026-07-17\exchange=NSE\symbol=GOLDBEES\part-060043_904154-018602.parquet,34915,downloaded,34915,
2026-07-17,NSE,GOLDBEES,raw_l2/trade_date=2026-07-17/exchange=NSE/symbol=GOLDBEES/part-060029_655668-018570.parquet,real_data_sample\l2_unseen_validation\trade_date=2026-07-17\exchange=NSE\symbol=GOLDBEES\part-060029_655668-018570.parquet,34701,downloaded,34701,
2026-07-17,NSE,GOLDBEES,raw_l2/trade_date=2026-07-17/exchange=NSE/symbol=GOLDBEES/part-060058_152388-018634.parquet,real_data_sample\l2_unseen_validation\trade_date=2026-07-17\exchange=NSE\symbol=GOLDBEES\part-060058_152388-018634.parquet,34855,downloaded,34855,
2026-07-17,NSE,GOLDBEES,raw_l2/trade_date=2026-07-17/exchange=NSE/symbol=GOLDBEES/part-060305_090043-018922.parquet,real_data_sample\l2_unseen_validation\trade_date=2026-07-17\exchange=NSE\symbol=GOLDBEES\part-060305_090043-018922.parquet,34752,downloaded,34752,
2026-07-17,NSE,GOLDBEES,raw_l2/trade_date=2026-07-17/exchange=NSE/symbol=GOLDBEES/part-060319_126934-018954.parquet,real_data_sample\l2_unseen_validation\trade_date=2026-07-17\exchange=NSE\symbol=GOLDBEES\part-060319_126934-018954.parquet,34676,downloaded,34676,
2026-07-17,NSE,GOLDBEES,raw_l2/trade_date=2026-07-17/exchange=NSE/symbol=GOLDBEES/part-060112_373215-018666.parquet,real_data_sample\l2_unseen_validation\trade_date=2026-07-17\exchange=NSE\symbol=GOLDBEES\part-060112_373215-018666.parquet,34795,downloaded,34795,
2026-07-17,NSE,GOLDBEES,raw_l2/trade_date=2026-07-17/exchange=NSE/symbol=GOLDBEES/part-060126_399784-018698.parquet,real_data_sample\l2_unseen_validation\trade_date=2026-07-17\exchange=NSE\symbol=GOLDBEES\part-060126_399784-018698.parquet,34917,downloaded,34917,
2026-07-17,NSE,GOLDBEES,raw_l2/trade_date=2026-07-17/exchange=NSE/symbol=GOLDBEES/part-060704_088965-019466.parquet,real_data_sample\l2_unseen_validation\trade_date=2026-07-17\exchange=NSE\symbol=GOLDBEES\part-060704_088965-019466.parquet,35835,downloaded,35835,
2026-07-17,NSE,GOLDBEES,raw_l2/trade_date=2026-07-17/exchange=NSE/symbol=GOLDBEES/part-060250_944822-018890.parquet,real_data_sample\l2_unseen_validation\trade_date=2026-07-17\exchange=NSE\symbol=GOLDBEES\part-060250_944822-018890.parquet,34667,downloaded,34667,
2026-07-17,NSE,GOLDBEES,raw_l2/trade_date=2026-07-17/exchange=NSE/symbol=GOLDBEES/part-060333_133598-018986.parquet,real_data_sample\l2_unseen_validation\trade_date=2026-07-17\exchange=NSE\symbol=GOLDBEES\part-060333_133598-018986.parquet,34777,downloaded,34777,
2026-07-17,NSE,GOLDBEES,raw_l2/trade_date=2026-07-17/exchange=NSE/symbol=GOLDBEES/part-060608_053235-019338.parquet,real_data_sample\l2_unseen_validation\trade_date=2026-07-17\exchange=NSE\symbol=GOLDBEES\part-060608_053235-019338.parquet,34777,downloaded,34777,
2026-07-17,NSE,GOLDBEES,raw_l2/trade_date=2026-07-17/exchange=NSE/symbol=GOLDBEES/part-060140_452911-018730.parquet,real_data_sample\l2_unseen_validation\trade_date=2026-07-17\exchange=NSE\symbol=GOLDBEES\part-060140_452911-018730.parquet,34855,downloaded,34855,
2026-07-17,NSE,GOLDBEES,raw_l2/trade_date=2026-07-17/exchange=NSE/symbol=GOLDBEES/part-060525_863890-019242.parquet,real_data_sample\l2_unseen_validation\trade_date=2026-07-17\exchange=NSE\symbol=GOLDBEES\part-060525_863890-019242.parquet,34695,downloaded,34695,
2026-07-17,NSE,GOLDBEES,raw_l2/trade_date=2026-07-17/exchange=NSE/symbol=GOLDBEES/part-060540_103653-019274.parquet,real_data_sample\l2_unseen_validation\trade_date=2026-07-17\exchange=NSE\symbol=GOLDBEES\part-060540_103653-019274.parquet,34924,downloaded,34924,
2026-07-17,NSE,GOLDBEES,raw_l2/trade_date=2026-07-17/exchange=NSE/symbol=GOLDBEES/part-060554_065288-019306.parquet,real_data_sample\l2_unseen_validation\trade_date=2026-07-17\exchange=NSE\symbol=GOLDBEES\part-060554_065288-019306.parquet,34827,downloaded,34827,
2026-07-17,NSE,GOLDBEES,raw_l2/trade_date=2026-07-17/exchange=NSE/symbol=GOLDBEES/part-060236_872045-018858.parquet,real_data_sample\l2_unseen_validation\trade_date=2026-07-17\exchange=NSE\symbol=GOLDBEES\part-060236_872045-018858.parquet,34756,downloaded,34756,
2026-07-17,NSE,GOLDBEES,raw_l2/trade_date=2026-07-17/exchange=NSE/symbol=GOLDBEES/part-060443_892595-019146.parquet,real_data_sample\l2_unseen_validation\trade_date=2026-07-17\exchange=NSE\symbol=GOLDBEES\part-060443_892595-019146.parquet,34751,downloaded,34751,
2026-07-17,NSE,GOLDBEES,raw_l2/trade_date=2026-07-17/exchange=NSE/symbol=GOLDBEES/part-060511_851279-019210.parquet,real_data_sample\l2_unseen_validation\trade_date=2026-07-17\exchange=NSE\symbol=GOLDBEES\part-060511_851279-019210.parquet,34675,downloaded,34675,
2026-07-17,NSE,GOLDBEES,raw_l2/trade_date=2026-07-17/exchange=NSE/symbol=GOLDBEES/part-060635_854189-019402.parquet,real_data_sample\l2_unseen_validation\trade_date=2026-07-17\exchange=NSE\symbol=GOLDBEES\part-060635_854189-019402.parquet,36352,downloaded,36352,
2026-07-17,NSE,GOLDBEES,raw_l2/trade_date=2026-07-17/exchange=NSE/symbol=GOLDBEES/part-060154_597962-018762.parquet,real_data_sample\l2_unseen_validation\trade_date=2026-07-17\exchange=NSE\symbol=GOLDBEES\part-060154_597962-018762.parquet,34818,downloaded,34818,
2026-07-17,NSE,GOLDBEES,raw_l2/trade_date=2026-07-17/exchange=NSE/symbol=GOLDBEES/part-060457_816625-019178.parquet,real_data_sample\l2_unseen_validation\trade_date=2026-07-17\exchange=NSE\symbol=GOLDBEES\part-060457_816625-019178.parquet,34925,downloaded,34925,
2026-07-17,NSE,GOLDBEES,raw_l2/trade_date=2026-07-17/exchange=NSE/symbol=GOLDBEES/part-060347_159815-019018.parquet,real_data_sample\l2_unseen_validation\trade_date=2026-07-17\exchange=NSE\symbol=GOLDBEES\part-060347_159815-019018.parquet,34737,downloaded,34737,
2026-07-17,NSE,GOLDBEES,raw_l2/trade_date=2026-07-17/exchange=NSE/symbol=GOLDBEES/part-060208_572411-018794.parquet,real_data_sample\l2_unseen_validation\trade_date=2026-07-17\exchange=NSE\symbol=GOLDBEES\part-060208_572411-018794.parquet,34704,downloaded,34704,
2026-07-17,NSE,GOLDBEES,raw_l2/trade_date=2026-07-17/exchange=NSE/symbol=GOLDBEES/part-060401_146203-019050.parquet,real_data_sample\l2_unseen_validation\trade_date=2026-07-17\exchange=NSE\symbol=GOLDBEES\part-060401_146203-019050.parquet,34691,downloaded,34691,
2026-07-17,NSE,GOLDBEES,raw_l2/trade_date=2026-07-17/exchange=NSE/symbol=GOLDBEES/part-060415_094352-019082.parquet,real_data_sample\l2_unseen_validation\trade_date=2026-07-17\exchange=NSE\symbol=GOLDBEES\part-060415_094352-019082.parquet,34681,downloaded,34681,
2026-07-17,NSE,GOLDBEES,raw_l2/trade_date=2026-07-17/exchange=NSE/symbol=GOLDBEES/part-060222_846317-018826.parquet,real_data_sample\l2_unseen_validation\trade_date=2026-07-17\exchange=NSE\symbol=GOLDBEES\part-060222_846317-018826.parquet,34921,downloaded,34921,
2026-07-17,NSE,GOLDBEES,raw_l2/trade_date=2026-07-17/exchange=NSE/symbol=GOLDBEES/part-060429_418138-019114.parquet,real_data_sample\l2_unseen_validation\trade_date=2026-07-17\exchange=NSE\symbol=GOLDBEES\part-060429_418138-019114.parquet,34787,downloaded,34787,
2026-07-17,NSE,GOLDBEES,raw_l2/trade_date=2026-07-17/exchange=NSE/symbol=GOLDBEES/part-060718_141176-019498.parquet,real_data_sample\l2_unseen_validation\trade_date=2026-07-17\exchange=NSE\symbol=GOLDBEES\part-060718_141176-019498.parquet,35964,downloaded,35964,
2026-07-17,NSE,GOLDBEES,raw_l2/trade_date=2026-07-17/exchange=NSE/symbol=GOLDBEES/part-060732_521236-019530.parquet,real_data_sample\l2_unseen_validation\trade_date=2026-07-17\exchange=NSE\symbol=GOLDBEES\part-060732_521236-019530.parquet,35645,downloaded,35645,
2026-07-17,NSE,GOLDBEES,raw_l2/trade_date=2026-07-17/exchange=NSE/symbol=GOLDBEES/part-060746_811061-019562.parquet,real_data_sample\l2_unseen_validation\trade_date=2026-07-17\exchange=NSE\symbol=GOLDBEES\part-060746_811061-019562.parquet,35186,downloaded,35186,
2026-07-17,NSE,GOLDBEES,raw_l2/trade_date=2026-07-17/exchange=NSE/symbol=GOLDBEES/part-060801_820416-019594.parquet,real_data_sample\l2_unseen_validation\trade_date=2026-07-17\exchange=NSE\symbol=GOLDBEES\part-060801_820416-019594.parquet,35489,downloaded,35489,
2026-07-17,NSE,GOLDBEES,raw_l2/trade_date=2026-07-17/exchange=NSE/symbol=GOLDBEES/part-060817_229091-019626.parquet,real_data_sample\l2_unseen_validation\trade_date=2026-07-17\exchange=NSE\symbol=GOLDBEES\part-060817_229091-019626.parquet,35589,downloaded,35589,
2026-07-17,NSE,GOLDBEES,raw_l2/trade_date=2026-07-17/exchange=NSE/symbol=GOLDBEES/part-060621_866120-019370.parquet,real_data_sample\l2_unseen_validation\trade_date=2026-07-17\exchange=NSE\symbol=GOLDBEES\part-060621_866120-019370.parquet,35755,downloaded,35755,
2026-07-17,NSE,GOLDBEES,raw_l2/trade_date=2026-07-17/exchange=NSE/symbol=GOLDBEES/part-060831_718743-019658.parquet,real_data_sample\l2_unseen_validation\trade_date=2026-07-17\exchange=NSE\symbol=GOLDBEES\part-060831_718743-019658.parquet,34958,downloaded,34958,
2026-07-17,NSE,GOLDBEES,raw_l2/trade_date=2026-07-17/exchange=NSE/symbol=GOLDBEES/part-061333_393271-020330.parquet,real_data_sample\l2_unseen_validation\trade_date=2026-07-17\exchange=NSE\symbol=GOLDBEES\part-061333_393271-020330.parquet,34876,downloaded,34876,
2026-07-17,NSE,GOLDBEES,raw_l2/trade_date=2026-07-17/exchange=NSE/symbol=GOLDBEES/part-061347_894622-020362.parquet,real_data_sample\l2_unseen_validation\trade_date=2026-07-17\exchange=NSE\symbol=GOLDBEES\part-061347_894622-020362.parquet,34961,downloaded,34961,
2026-07-17,NSE,GOLDBEES,raw_l2/trade_date=2026-07-17/exchange=NSE/symbol=GOLDBEES/part-061152_449766-020106.parquet,real_data_sample\l2_unseen_validation\trade_date=2026-07-17\exchange=NSE\symbol=GOLDBEES\part-061152_449766-020106.parquet,35830,downloaded,35830,
2026-07-17,NSE,GOLDBEES,raw_l2/trade_date=2026-07-17/exchange=NSE/symbol=GOLDBEES/part-061402_197433-020394.parquet,real_data_sample\l2_unseen_validation\trade_date=2026-07-17\exchange=NSE\symbol=GOLDBEES\part-061402_197433-020394.parquet,34819,downloaded,34819,
2026-07-17,NSE,GOLDBEES,raw_l2/trade_date=2026-07-17/exchange=NSE/symbol=GOLDBEES/part-060957_491032-019850.parquet,real_data_sample\l2_unseen_validation\trade_date=2026-07-17\exchange=NSE\symbol=GOLDBEES\part-060957_491032-019850.parquet,34943,downloaded,34943,
2026-07-17,NSE,GOLDBEES,raw_l2/trade_date=2026-07-17/exchange=NSE/symbol=GOLDBEES/part-061026_133406-019914.parquet,real_data_sample\l2_unseen_validation\trade_date=2026-07-17\exchange=NSE\symbol=GOLDBEES\part-061026_133406-019914.parquet,34960,downloaded,34960,
2026-07-17,NSE,GOLDBEES,raw_l2/trade_date=2026-07-17/exchange=NSE/symbol=GOLDBEES/part-061040_342969-019946.parquet,real_data_sample\l2_unseen_validation\trade_date=2026-07-17\exchange=NSE\symbol=GOLDBEES\part-061040_342969-019946.parquet,34810,downloaded,34810,
2026-07-17,NSE,GOLDBEES,raw_l2/trade_date=2026-07-17/exchange=NSE/symbol=GOLDBEES/part-061416_459456-020426.parquet,real_data_sample\l2_unseen_validation\trade_date=2026-07-17\exchange=NSE\symbol=GOLDBEES\part-061416_459456-020426.parquet,34893,downloaded,34893,
2026-07-17,NSE,GOLDBEES,raw_l2/trade_date=2026-07-17/exchange=NSE/symbol=GOLDBEES/part-061445_090162-020490.parquet,real_data_sample\l2_unseen_validation\trade_date=2026-07-17\exchange=NSE\symbol=GOLDBEES\part-061445_090162-020490.parquet,34876,downloaded,34876,
2026-07-17,NSE,GOLDBEES,raw_l2/trade_date=2026-07-17/exchange=NSE/symbol=GOLDBEES/part-060914_394277-019754.parquet,real_data_sample\l2_unseen_validation\trade_date=2026-07-17\exchange=NSE\symbol=GOLDBEES\part-060914_394277-019754.parquet,34989,downloaded,34989,
2026-07-17,NSE,GOLDBEES,raw_l2/trade_date=2026-07-17/exchange=NSE/symbol=GOLDBEES/part-061011_852077-019882.parquet,real_data_sample\l2_unseen_validation\trade_date=2026-07-17\exchange=NSE\symbol=GOLDBEES\part-061011_852077-019882.parquet,34850,downloaded,34850,
2026-07-17,NSE,GOLDBEES,raw_l2/trade_date=2026-07-17/exchange=NSE/symbol=GOLDBEES/part-061459_437571-020522.parquet,real_data_sample\l2_unseen_validation\trade_date=2026-07-17\exchange=NSE\symbol=GOLDBEES\part-061459_437571-020522.parquet,34911,downloaded,34911,
2026-07-17,NSE,GOLDBEES,raw_l2/trade_date=2026-07-17/exchange=NSE/symbol=GOLDBEES/part-061513_917690-020554.parquet,real_data_sample\l2_unseen_validation\trade_date=2026-07-17\exchange=NSE\symbol=GOLDBEES\part-061513_917690-020554.parquet,35002,downloaded,35002,
2026-07-17,NSE,GOLDBEES,raw_l2/trade_date=2026-07-17/exchange=NSE/symbol=GOLDBEES/part-060943_324731-019818.parquet,real_data_sample\l2_unseen_validation\trade_date=2026-07-17\exchange=NSE\symbol=GOLDBEES\part-060943_324731-019818.parquet,34700,downloaded,34700,
2026-07-17,NSE,GOLDBEES,raw_l2/trade_date=2026-07-17/exchange=NSE/symbol=GOLDBEES/part-061206_899758-020138.parquet,real_data_sample\l2_unseen_validation\trade_date=2026-07-17\exchange=NSE\symbol=GOLDBEES\part-061206_899758-020138.parquet,35446,downloaded,35446,
2026-07-17,NSE,GOLDBEES,raw_l2/trade_date=2026-07-17/exchange=NSE/symbol=GOLDBEES/part-060846_044835-019690.parquet,real_data_sample\l2_unseen_validation\trade_date=2026-07-17\exchange=NSE\symbol=GOLDBEES\part-060846_044835-019690.parquet,35143,downloaded,35143,
2026-07-17,NSE,GOLDBEES,raw_l2/trade_date=2026-07-17/exchange=NSE/symbol=GOLDBEES/part-061109_356401-020010.parquet,real_data_sample\l2_unseen_validation\trade_date=2026-07-17\exchange=NSE\symbol=GOLDBEES\part-061109_356401-020010.parquet,34876,downloaded,34876,
2026-07-17,NSE,GOLDBEES,raw_l2/trade_date=2026-07-17/exchange=NSE/symbol=GOLDBEES/part-061137_882952-020074.parquet,real_data_sample\l2_unseen_validation\trade_date=2026-07-17\exchange=NSE\symbol=GOLDBEES\part-061137_882952-020074.parquet,36032,downloaded,36032,
2026-07-17,NSE,GOLDBEES,raw_l2/trade_date=2026-07-17/exchange=NSE/symbol=GOLDBEES/part-060900_353604-019722.parquet,real_data_sample\l2_unseen_validation\trade_date=2026-07-17\exchange=NSE\symbol=GOLDBEES\part-060900_353604-019722.parquet,34977,downloaded,34977,
2026-07-17,NSE,GOLDBEES,raw_l2/trade_date=2026-07-17/exchange=NSE/symbol=GOLDBEES/part-061054_849512-019978.parquet,real_data_sample\l2_unseen_validation\trade_date=2026-07-17\exchange=NSE\symbol=GOLDBEES\part-061054_849512-019978.parquet,35015,downloaded,35015,
2026-07-17,NSE,GOLDBEES,raw_l2/trade_date=2026-07-17/exchange=NSE/symbol=GOLDBEES/part-061430_860372-020458.parquet,real_data_sample\l2_unseen_validation\trade_date=2026-07-17\exchange=NSE\symbol=GOLDBEES\part-061430_860372-020458.parquet,34874,downloaded,34874,
2026-07-17,NSE,GOLDBEES,raw_l2/trade_date=2026-07-17/exchange=NSE/symbol=GOLDBEES/part-060928_876556-019786.parquet,real_data_sample\l2_unseen_validation\trade_date=2026-07-17\exchange=NSE\symbol=GOLDBEES\part-060928_876556-019786.parquet,34731,downloaded,34731,
2026-07-17,NSE,GOLDBEES,raw_l2/trade_date=2026-07-17/exchange=NSE/symbol=GOLDBEES/part-061319_200629-020298.parquet,real_data_sample\l2_unseen_validation\trade_date=2026-07-17\exchange=NSE\symbol=GOLDBEES\part-061319_200629-020298.parquet,34883,downloaded,34883,
2026-07-17,NSE,GOLDBEES,raw_l2/trade_date=2026-07-17/exchange=NSE/symbol=GOLDBEES/part-061304_642560-020266.parquet,real_data_sample\l2_unseen_validation\trade_date=2026-07-17\exchange=NSE\symbol=GOLDBEES\part-061304_642560-020266.parquet,34939,downloaded,34939,
2026-07-17,NSE,GOLDBEES,raw_l2/trade_date=2026-07-17/exchange=NSE/symbol=GOLDBEES/part-061221_433666-020170.parquet,real_data_sample\l2_unseen_validation\trade_date=2026-07-17\exchange=NSE\symbol=GOLDBEES\part-061221_433666-020170.parquet,35256,downloaded,35256,
2026-07-17,NSE,GOLDBEES,raw_l2/trade_date=2026-07-17/exchange=NSE/symbol=GOLDBEES/part-061250_203054-020234.parquet,real_data_sample\l2_unseen_validation\trade_date=2026-07-17\exchange=NSE\symbol=GOLDBEES\part-061250_203054-020234.parquet,34700,downloaded,34700,
2026-07-17,NSE,GOLDBEES,raw_l2/trade_date=2026-07-17/exchange=NSE/symbol=GOLDBEES/part-061235_920083-020202.parquet,real_data_sample\l2_unseen_validation\trade_date=2026-07-17\exchange=NSE\symbol=GOLDBEES\part-061235_920083-020202.parquet,34896,downloaded,34896,
2026-07-17,NSE,GOLDBEES,raw_l2/trade_date=2026-07-17/exchange=NSE/symbol=GOLDBEES/part-061123_681314-020042.parquet,real_data_sample\l2_unseen_validation\trade_date=2026-07-17\exchange=NSE\symbol=GOLDBEES\part-061123_681314-020042.parquet,35812,downloaded,35812,
2026-07-17,NSE,GOLDBEES,raw_l2/trade_date=2026-07-17/exchange=NSE/symbol=GOLDBEES/part-061933_566817-021130.parquet,real_data_sample\l2_unseen_validation\trade_date=2026-07-17\exchange=NSE\symbol=GOLDBEES\part-061933_566817-021130.parquet,35082,downloaded,35082,
2026-07-17,NSE,GOLDBEES,raw_l2/trade_date=2026-07-17/exchange=NSE/symbol=GOLDBEES/part-062059_414545-021322.parquet,real_data_sample\l2_unseen_validation\trade_date=2026-07-17\exchange=NSE\symbol=GOLDBEES\part-062059_414545-021322.parquet,34647,downloaded,34647,
2026-07-17,NSE,GOLDBEES,raw_l2/trade_date=2026-07-17/exchange=NSE/symbol=GOLDBEES/part-061904_584981-021066.parquet,real_data_sample\l2_unseen_validation\trade_date=2026-07-17\exchange=NSE\symbol=GOLDBEES\part-061904_584981-021066.parquet,34634,downloaded,34634,
2026-07-17,NSE,GOLDBEES,raw_l2/trade_date=2026-07-17/exchange=NSE/symbol=GOLDBEES/part-062142_028396-021418.parquet,real_data_sample\l2_unseen_validation\trade_date=2026-07-17\exchange=NSE\symbol=GOLDBEES\part-062142_028396-021418.parquet,34874,downloaded,34874,
2026-07-17,NSE,GOLDBEES,raw_l2/trade_date=2026-07-17/exchange=NSE/symbol=GOLDBEES/part-062128_122276-021386.parquet,real_data_sample\l2_unseen_validation\trade_date=2026-07-17\exchange=NSE\symbol=GOLDBEES\part-062128_122276-021386.parquet,34546,downloaded,34546,
2026-07-17,NSE,GOLDBEES,raw_l2/trade_date=2026-07-17/exchange=NSE/symbol=GOLDBEES/part-061821_518100-020970.parquet,real_data_sample\l2_unseen_validation\trade_date=2026-07-17\exchange=NSE\symbol=GOLDBEES\part-061821_518100-020970.parquet,34837,downloaded,34837,
2026-07-17,NSE,GOLDBEES,raw_l2/trade_date=2026-07-17/exchange=NSE/symbol=GOLDBEES/part-061807_285653-020938.parquet,real_data_sample\l2_unseen_validation\trade_date=2026-07-17\exchange=NSE\symbol=GOLDBEES\part-061807_285653-020938.parquet,34830,downloaded,34830,
2026-07-17,NSE,GOLDBEES,raw_l2/trade_date=2026-07-17/exchange=NSE/symbol=GOLDBEES/part-061528_452188-020586.parquet,real_data_sample\l2_unseen_validation\trade_date=2026-07-17\exchange=NSE\symbol=GOLDBEES\part-061528_452188-020586.parquet,34940,downloaded,34940,
2026-07-17,NSE,GOLDBEES,raw_l2/trade_date=2026-07-17/exchange=NSE/symbol=GOLDBEES/part-061627_382510-020714.parquet,real_data_sample\l2_unseen_validation\trade_date=2026-07-17\exchange=NSE\symbol=GOLDBEES\part-061627_382510-020714.parquet,34983,downloaded,34983,
2026-07-17,NSE,GOLDBEES,raw_l2/trade_date=2026-07-17/exchange=NSE/symbol=GOLDBEES/part-061752_333560-020906.parquet,real_data_sample\l2_unseen_validation\trade_date=2026-07-17\exchange=NSE\symbol=GOLDBEES\part-061752_333560-020906.parquet,34804,downloaded,34804,
2026-07-17,NSE,GOLDBEES,raw_l2/trade_date=2026-07-17/exchange=NSE/symbol=GOLDBEES/part-062224_882194-021514.parquet,real_data_sample\l2_unseen_validation\trade_date=2026-07-17\exchange=NSE\symbol=GOLDBEES\part-062224_882194-021514.parquet,34740,downloaded,34740,
2026-07-17,NSE,GOLDBEES,raw_l2/trade_date=2026-07-17/exchange=NSE/symbol=GOLDBEES/part-061542_627983-020618.parquet,real_data_sample\l2_unseen_validation\trade_date=2026-07-17\exchange=NSE\symbol=GOLDBEES\part-061542_627983-020618.parquet,34746,downloaded,34746,
2026-07-17,NSE,GOLDBEES,raw_l2/trade_date=2026-07-17/exchange=NSE/symbol=GOLDBEES/part-061836_347667-021002.parquet,real_data_sample\l2_unseen_validation\trade_date=2026-07-17\exchange=NSE\symbol=GOLDBEES\part-061836_347667-021002.parquet,34787,downloaded,34787,
2026-07-17,NSE,GOLDBEES,raw_l2/trade_date=2026-07-17/exchange=NSE/symbol=GOLDBEES/part-061947_626270-021162.parquet,real_data_sample\l2_unseen_validation\trade_date=2026-07-17\exchange=NSE\symbol=GOLDBEES\part-061947_626270-021162.parquet,34650,downloaded,34650,
2026-07-17,NSE,GOLDBEES,raw_l2/trade_date=2026-07-17/exchange=NSE/symbol=GOLDBEES/part-061641_604744-020746.parquet,real_data_sample\l2_unseen_validation\trade_date=2026-07-17\exchange=NSE\symbol=GOLDBEES\part-061641_604744-020746.parquet,34868,downloaded,34868,
2026-07-17,NSE,GOLDBEES,raw_l2/trade_date=2026-07-17/exchange=NSE/symbol=GOLDBEES/part-061611_950710-020682.parquet,real_data_sample\l2_unseen_validation\trade_date=2026-07-17\exchange=NSE\symbol=GOLDBEES\part-061611_950710-020682.parquet,35035,downloaded,35035,
2026-07-17,NSE,GOLDBEES,raw_l2/trade_date=2026-07-17/exchange=NSE/symbol=GOLDBEES/part-061850_586885-021034.parquet,real_data_sample\l2_unseen_validation\trade_date=2026-07-17\exchange=NSE\symbol=GOLDBEES\part-061850_586885-021034.parquet,34814,downloaded,34814,
2026-07-17,NSE,GOLDBEES,raw_l2/trade_date=2026-07-17/exchange=NSE/symbol=GOLDBEES/part-062239_120846-021546.parquet,real_data_sample\l2_unseen_validation\trade_date=2026-07-17\exchange=NSE\symbol=GOLDBEES\part-062239_120846-021546.parquet,34821,downloaded,34821,
2026-07-17,NSE,GOLDBEES,raw_l2/trade_date=2026-07-17/exchange=NSE/symbol=GOLDBEES/part-061724_106951-020842.parquet,real_data_sample\l2_unseen_validation\trade_date=2026-07-17\exchange=NSE\symbol=GOLDBEES\part-061724_106951-020842.parquet,34851,downloaded,34851,
2026-07-17,NSE,GOLDBEES,raw_l2/trade_date=2026-07-17/exchange=NSE/symbol=GOLDBEES/part-061918_879726-021098.parquet,real_data_sample\l2_unseen_validation\trade_date=2026-07-17\exchange=NSE\symbol=GOLDBEES\part-061918_879726-021098.parquet,34958,downloaded,34958,
2026-07-17,NSE,GOLDBEES,raw_l2/trade_date=2026-07-17/exchange=NSE/symbol=GOLDBEES/part-062030_165640-021258.parquet,real_data_sample\l2_unseen_validation\trade_date=2026-07-17\exchange=NSE\symbol=GOLDBEES\part-062030_165640-021258.parquet,34768,downloaded,34768,
2026-07-17,NSE,GOLDBEES,raw_l2/trade_date=2026-07-17/exchange=NSE/symbol=GOLDBEES/part-061738_112456-020874.parquet,real_data_sample\l2_unseen_validation\trade_date=2026-07-17\exchange=NSE\symbol=GOLDBEES\part-061738_112456-020874.parquet,34638,downloaded,34638,
2026-07-17,NSE,GOLDBEES,raw_l2/trade_date=2026-07-17/exchange=NSE/symbol=GOLDBEES/part-061655_569289-020778.parquet,real_data_sample\l2_unseen_validation\trade_date=2026-07-17\exchange=NSE\symbol=GOLDBEES\part-061655_569289-020778.parquet,34736,downloaded,34736,
2026-07-17,NSE,GOLDBEES,raw_l2/trade_date=2026-07-17/exchange=NSE/symbol=GOLDBEES/part-062210_449893-021482.parquet,real_data_sample\l2_unseen_validation\trade_date=2026-07-17\exchange=NSE\symbol=GOLDBEES\part-062210_449893-021482.parquet,34847,downloaded,34847,
2026-07-17,NSE,GOLDBEES,raw_l2/trade_date=2026-07-17/exchange=NSE/symbol=GOLDBEES/part-062156_296910-021450.parquet,real_data_sample\l2_unseen_validation\trade_date=2026-07-17\exchange=NSE\symbol=GOLDBEES\part-062156_296910-021450.parquet,34947,downloaded,34947,
2026-07-17,NSE,GOLDBEES,raw_l2/trade_date=2026-07-17/exchange=NSE/symbol=GOLDBEES/part-062253_345671-021578.parquet,real_data_sample\l2_unseen_validation\trade_date=2026-07-17\exchange=NSE\symbol=GOLDBEES\part-062253_345671-021578.parquet,35000,downloaded,35000,
2026-07-17,NSE,GOLDBEES,raw_l2/trade_date=2026-07-17/exchange=NSE/symbol=GOLDBEES/part-062016_072366-021226.parquet,real_data_sample\l2_unseen_validation\trade_date=2026-07-17\exchange=NSE\symbol=GOLDBEES\part-062016_072366-021226.parquet,34964,downloaded,34964,
2026-07-17,NSE,GOLDBEES,raw_l2/trade_date=2026-07-17/exchange=NSE/symbol=GOLDBEES/part-062001_874941-021194.parquet,real_data_sample\l2_unseen_validation\trade_date=2026-07-17\exchange=NSE\symbol=GOLDBEES\part-062001_874941-021194.parquet,34846,downloaded,34846,
2026-07-17,NSE,GOLDBEES,raw_l2/trade_date=2026-07-17/exchange=NSE/symbol=GOLDBEES/part-061709_858435-020810.parquet,real_data_sample\l2_unseen_validation\trade_date=2026-07-17\exchange=NSE\symbol=GOLDBEES\part-061709_858435-020810.parquet,34658,downloaded,34658,
2026-07-17,NSE,GOLDBEES,raw_l2/trade_date=2026-07-17/exchange=NSE/symbol=GOLDBEES/part-062044_938899-021290.parquet,real_data_sample\l2_unseen_validation\trade_date=2026-07-17\exchange=NSE\symbol=GOLDBEES\part-062044_938899-021290.parquet,34742,downloaded,34742,
2026-07-17,NSE,GOLDBEES,raw_l2/trade_date=2026-07-17/exchange=NSE/symbol=GOLDBEES/part-062113_989532-021354.parquet,real_data_sample\l2_unseen_validation\trade_date=2026-07-17\exchange=NSE\symbol=GOLDBEES\part-062113_989532-021354.parquet,34522,downloaded,34522,
2026-07-17,NSE,GOLDBEES,raw_l2/trade_date=2026-07-17/exchange=NSE/symbol=GOLDBEES/part-062322_109685-021642.parquet,real_data_sample\l2_unseen_validation\trade_date=2026-07-17\exchange=NSE\symbol=GOLDBEES\part-062322_109685-021642.parquet,35369,downloaded,35369,
2026-07-17,NSE,GOLDBEES,raw_l2/trade_date=2026-07-17/exchange=NSE/symbol=GOLDBEES/part-062819_609945-022314.parquet,real_data_sample\l2_unseen_validation\trade_date=2026-07-17\exchange=NSE\symbol=GOLDBEES\part-062819_609945-022314.parquet,35031,downloaded,35031,
2026-07-17,NSE,GOLDBEES,raw_l2/trade_date=2026-07-17/exchange=NSE/symbol=GOLDBEES/part-062432_580063-021802.parquet,real_data_sample\l2_unseen_validation\trade_date=2026-07-17\exchange=NSE\symbol=GOLDBEES\part-062432_580063-021802.parquet,34746,downloaded,34746,
2026-07-17,NSE,GOLDBEES,raw_l2/trade_date=2026-07-17/exchange=NSE/symbol=GOLDBEES/part-062722_391254-022186.parquet,real_data_sample\l2_unseen_validation\trade_date=2026-07-17\exchange=NSE\symbol=GOLDBEES\part-062722_391254-022186.parquet,34777,downloaded,34777,
2026-07-17,NSE,GOLDBEES,raw_l2/trade_date=2026-07-17/exchange=NSE/symbol=GOLDBEES/part-062404_368140-021738.parquet,real_data_sample\l2_unseen_validation\trade_date=2026-07-17\exchange=NSE\symbol=GOLDBEES\part-062404_368140-021738.parquet,35715,downloaded,35715,
2026-07-17,NSE,GOLDBEES,raw_l2/trade_date=2026-07-17/exchange=NSE/symbol=GOLDBEES/part-062543_073879-021962.parquet,real_data_sample\l2_unseen_validation\trade_date=2026-07-17\exchange=NSE\symbol=GOLDBEES\part-062543_073879-021962.parquet,34841,downloaded,34841,
2026-07-17,NSE,GOLDBEES,raw_l2/trade_date=2026-07-17/exchange=NSE/symbol=GOLDBEES/part-062750_913404-022250.parquet,real_data_sample\l2_unseen_validation\trade_date=2026-07-17\exchange=NSE\symbol=GOLDBEES\part-062750_913404-022250.parquet,34814,downloaded,34814,
2026-07-17,NSE,GOLDBEES,raw_l2/trade_date=2026-07-17/exchange=NSE/symbol=GOLDBEES/part-062736_517579-022218.parquet,real_data_sample\l2_unseen_validation\trade_date=2026-07-17\exchange=NSE\symbol=GOLDBEES\part-062736_517579-022218.parquet,34885,downloaded,34885,
2026-07-17,NSE,GOLDBEES,raw_l2/trade_date=2026-07-17/exchange=NSE/symbol=GOLDBEES/part-062805_118357-022282.parquet,real_data_sample\l2_unseen_validation\trade_date=2026-07-17\exchange=NSE\symbol=GOLDBEES\part-062805_118357-022282.parquet,34659,downloaded,34659,
2026-07-17,NSE,GOLDBEES,raw_l2/trade_date=2026-07-17/exchange=NSE/symbol=GOLDBEES/part-062336_377688-021674.parquet,real_data_sample\l2_unseen_validation\trade_date=2026-07-17\exchange=NSE\symbol=GOLDBEES\part-062336_377688-021674.parquet,35766,downloaded,35766,
2026-07-17,NSE,GOLDBEES,raw_l2/trade_date=2026-07-17/exchange=NSE/symbol=GOLDBEES/part-062833_541439-022346.parquet,real_data_sample\l2_unseen_validation\trade_date=2026-07-17\exchange=NSE\symbol=GOLDBEES\part-062833_541439-022346.parquet,35089,downloaded,35089,
2026-07-17,NSE,GOLDBEES,raw_l2/trade_date=2026-07-17/exchange=NSE/symbol=GOLDBEES/part-062847_862981-022378.parquet,real_data_sample\l2_unseen_validation\trade_date=2026-07-17\exchange=NSE\symbol=GOLDBEES\part-062847_862981-022378.parquet,35032,downloaded,35032,
2026-07-17,NSE,GOLDBEES,raw_l2/trade_date=2026-07-17/exchange=NSE/symbol=GOLDBEES/part-062930_847441-022474.parquet,real_data_sample\l2_unseen_validation\trade_date=2026-07-17\exchange=NSE\symbol=GOLDBEES\part-062930_847441-022474.parquet,34706,downloaded,34706,
2026-07-17,NSE,GOLDBEES,raw_l2/trade_date=2026-07-17/exchange=NSE/symbol=GOLDBEES/part-062350_337120-021706.parquet,real_data_sample\l2_unseen_validation\trade_date=2026-07-17\exchange=NSE\symbol=GOLDBEES\part-062350_337120-021706.parquet,35285,downloaded,35285,
2026-07-17,NSE,GOLDBEES,raw_l2/trade_date=2026-07-17/exchange=NSE/symbol=GOLDBEES/part-062959_556622-022538.parquet,real_data_sample\l2_unseen_validation\trade_date=2026-07-17\exchange=NSE\symbol=GOLDBEES\part-062959_556622-022538.parquet,34868,downloaded,34868,
2026-07-17,NSE,GOLDBEES,raw_l2/trade_date=2026-07-17/exchange=NSE/symbol=GOLDBEES/part-062307_742939-021610.parquet,real_data_sample\l2_unseen_validation\trade_date=2026-07-17\exchange=NSE\symbol=GOLDBEES\part-062307_742939-021610.parquet,35126,downloaded,35126,
2026-07-17,NSE,GOLDBEES,raw_l2/trade_date=2026-07-17/exchange=NSE/symbol=GOLDBEES/part-062446_800376-021834.parquet,real_data_sample\l2_unseen_validation\trade_date=2026-07-17\exchange=NSE\symbol=GOLDBEES\part-062446_800376-021834.parquet,34699,downloaded,34699,
2026-07-17,NSE,GOLDBEES,raw_l2/trade_date=2026-07-17/exchange=NSE/symbol=GOLDBEES/part-062915_844589-022442.parquet,real_data_sample\l2_unseen_validation\trade_date=2026-07-17\exchange=NSE\symbol=GOLDBEES\part-062915_844589-022442.parquet,34809,downloaded,34809,
2026-07-17,NSE,GOLDBEES,raw_l2/trade_date=2026-07-17/exchange=NSE/symbol=GOLDBEES/part-062515_270312-021898.parquet,real_data_sample\l2_unseen_validation\trade_date=2026-07-17\exchange=NSE\symbol=GOLDBEES\part-062515_270312-021898.parquet,34925,downloaded,34925,
2026-07-17,NSE,GOLDBEES,raw_l2/trade_date=2026-07-17/exchange=NSE/symbol=GOLDBEES/part-062945_063342-022506.parquet,real_data_sample\l2_unseen_validation\trade_date=2026-07-17\exchange=NSE\symbol=GOLDBEES\part-062945_063342-022506.parquet,35031,downloaded,35031,
2026-07-17,NSE,GOLDBEES,raw_l2/trade_date=2026-07-17/exchange=NSE/symbol=GOLDBEES/part-062625_083030-022058.parquet,real_data_sample\l2_unseen_validation\trade_date=2026-07-17\exchange=NSE\symbol=GOLDBEES\part-062625_083030-022058.parquet,34891,downloaded,34891,
2026-07-17,NSE,GOLDBEES,raw_l2/trade_date=2026-07-17/exchange=NSE/symbol=GOLDBEES/part-062639_342007-022090.parquet,real_data_sample\l2_unseen_validation\trade_date=2026-07-17\exchange=NSE\symbol=GOLDBEES\part-062639_342007-022090.parquet,34751,downloaded,34751,
2026-07-17,NSE,GOLDBEES,raw_l2/trade_date=2026-07-17/exchange=NSE/symbol=GOLDBEES/part-062500_932998-021866.parquet,real_data_sample\l2_unseen_validation\trade_date=2026-07-17\exchange=NSE\symbol=GOLDBEES\part-062500_932998-021866.parquet,34557,downloaded,34557,
2026-07-17,NSE,GOLDBEES,raw_l2/trade_date=2026-07-17/exchange=NSE/symbol=GOLDBEES/part-062653_628919-022122.parquet,real_data_sample\l2_unseen_validation\trade_date=2026-07-17\exchange=NSE\symbol=GOLDBEES\part-062653_628919-022122.parquet,34847,downloaded,34847,
2026-07-17,NSE,GOLDBEES,raw_l2/trade_date=2026-07-17/exchange=NSE/symbol=GOLDBEES/part-062529_056618-021930.parquet,real_data_sample\l2_unseen_validation\trade_date=2026-07-17\exchange=NSE\symbol=GOLDBEES\part-062529_056618-021930.parquet,34751,downloaded,34751,
2026-07-17,NSE,GOLDBEES,raw_l2/trade_date=2026-07-17/exchange=NSE/symbol=GOLDBEES/part-062901_816031-022410.parquet,real_data_sample\l2_unseen_validation\trade_date=2026-07-17\exchange=NSE\symbol=GOLDBEES\part-062901_816031-022410.parquet,34872,downloaded,34872,
2026-07-17,NSE,GOLDBEES,raw_l2/trade_date=2026-07-17/exchange=NSE/symbol=GOLDBEES/part-062418_564473-021770.parquet,real_data_sample\l2_unseen_validation\trade_date=2026-07-17\exchange=NSE\symbol=GOLDBEES\part-062418_564473-021770.parquet,35081,downloaded,35081,
2026-07-17,NSE,GOLDBEES,raw_l2/trade_date=2026-07-17/exchange=NSE/symbol=GOLDBEES/part-062557_051603-021994.parquet,real_data_sample\l2_unseen_validation\trade_date=2026-07-17\exchange=NSE\symbol=GOLDBEES\part-062557_051603-021994.parquet,34774,downloaded,34774,
2026-07-17,NSE,GOLDBEES,raw_l2/trade_date=2026-07-17/exchange=NSE/symbol=GOLDBEES/part-062611_093182-022026.parquet,real_data_sample\l2_unseen_validation\trade_date=2026-07-17\exchange=NSE\symbol=GOLDBEES\part-062611_093182-022026.parquet,34940,downloaded,34940,
2026-07-17,NSE,GOLDBEES,raw_l2/trade_date=2026-07-17/exchange=NSE/symbol=GOLDBEES/part-062707_617078-022154.parquet,real_data_sample\l2_unseen_validation\trade_date=2026-07-17\exchange=NSE\symbol=GOLDBEES\part-062707_617078-022154.parquet,34781,downloaded,34781,
2026-07-17,NSE,GOLDBEES,raw_l2/trade_date=2026-07-17/exchange=NSE/symbol=GOLDBEES/part-063014_086985-022570.parquet,real_data_sample\l2_unseen_validation\trade_date=2026-07-17\exchange=NSE\symbol=GOLDBEES\part-063014_086985-022570.parquet,34615,downloaded,34615,
2026-07-17,NSE,GOLDBEES,raw_l2/trade_date=2026-07-17/exchange=NSE/symbol=GOLDBEES/part-063028_223454-022602.parquet,real_data_sample\l2_unseen_validation\trade_date=2026-07-17\exchange=NSE\symbol=GOLDBEES\part-063028_223454-022602.parquet,34651,downloaded,34651,
2026-07-17,NSE,GOLDBEES,raw_l2/trade_date=2026-07-17/exchange=NSE/symbol=GOLDBEES/part-063042_349227-022634.parquet,real_data_sample\l2_unseen_validation\trade_date=2026-07-17\exchange=NSE\symbol=GOLDBEES\part-063042_349227-022634.parquet,34686,downloaded,34686,
2026-07-17,NSE,GOLDBEES,raw_l2/trade_date=2026-07-17/exchange=NSE/symbol=GOLDBEES/part-061557_234981-020650.parquet,real_data_sample\l2_unseen_validation\trade_date=2026-07-17\exchange=NSE\symbol=GOLDBEES\part-061557_234981-020650.parquet,34856,downloaded,34856,
2026-07-17,NSE,GOLDBEES,raw_l2/trade_date=2026-07-17/exchange=NSE/symbol=GOLDBEES/part-063110_740383-022698.parquet,real_data_sample\l2_unseen_validation\trade_date=2026-07-17\exchange=NSE\symbol=GOLDBEES\part-063110_740383-022698.parquet,34973,downloaded,34973,
2026-07-17,NSE,GOLDBEES,raw_l2/trade_date=2026-07-17/exchange=NSE/symbol=GOLDBEES/part-063056_382193-022666.parquet,real_data_sample\l2_unseen_validation\trade_date=2026-07-17\exchange=NSE\symbol=GOLDBEES\part-063056_382193-022666.parquet,34860,downloaded,34860,
2026-07-17,NSE,GOLDBEES,raw_l2/trade_date=2026-07-17/exchange=NSE/symbol=GOLDBEES/part-063139_049194-022762.parquet,real_data_sample\l2_unseen_validation\trade_date=2026-07-17\exchange=NSE\symbol=GOLDBEES\part-063139_049194-022762.parquet,34740,downloaded,34740,
2026-07-17,NSE,GOLDBEES,raw_l2/trade_date=2026-07-17/exchange=NSE/symbol=GOLDBEES/part-063153_048332-022794.parquet,real_data_sample\l2_unseen_validation\trade_date=2026-07-17\exchange=NSE\symbol=GOLDBEES\part-063153_048332-022794.parquet,34842,downloaded,34842,
2026-07-17,NSE,GOLDBEES,raw_l2/trade_date=2026-07-17/exchange=NSE/symbol=GOLDBEES/part-063124_880926-022730.parquet,real_data_sample\l2_unseen_validation\trade_date=2026-07-17\exchange=NSE\symbol=GOLDBEES\part-063124_880926-022730.parquet,34661,downloaded,34661,
2026-07-17,NSE,GOLDBEES,raw_l2/trade_date=2026-07-17/exchange=NSE/symbol=GOLDBEES/part-063206_805368-022826.parquet,real_data_sample\l2_unseen_validation\trade_date=2026-07-17\exchange=NSE\symbol=GOLDBEES\part-063206_805368-022826.parquet,34921,downloaded,34921,
2026-07-17,NSE,GOLDBEES,raw_l2/trade_date=2026-07-17/exchange=NSE/symbol=GOLDBEES/part-063414_063284-023114.parquet,real_data_sample\l2_unseen_validation\trade_date=2026-07-17\exchange=NSE\symbol=GOLDBEES\part-063414_063284-023114.parquet,34987,downloaded,34987,
2026-07-17,NSE,GOLDBEES,raw_l2/trade_date=2026-07-17/exchange=NSE/symbol=GOLDBEES/part-063524_510145-023274.parquet,real_data_sample\l2_unseen_validation\trade_date=2026-07-17\exchange=NSE\symbol=GOLDBEES\part-063524_510145-023274.parquet,34977,downloaded,34977,
2026-07-17,NSE,GOLDBEES,raw_l2/trade_date=2026-07-17/exchange=NSE/symbol=GOLDBEES/part-063442_057769-023178.parquet,real_data_sample\l2_unseen_validation\trade_date=2026-07-17\exchange=NSE\symbol=GOLDBEES\part-063442_057769-023178.parquet,34778,downloaded,34778,
2026-07-17,NSE,GOLDBEES,raw_l2/trade_date=2026-07-17/exchange=NSE/symbol=GOLDBEES/part-063538_325966-023306.parquet,real_data_sample\l2_unseen_validation\trade_date=2026-07-17\exchange=NSE\symbol=GOLDBEES\part-063538_325966-023306.parquet,35055,downloaded,35055,
2026-07-17,NSE,GOLDBEES,raw_l2/trade_date=2026-07-17/exchange=NSE/symbol=GOLDBEES/part-063234_821243-022890.parquet,real_data_sample\l2_unseen_validation\trade_date=2026-07-17\exchange=NSE\symbol=GOLDBEES\part-063234_821243-022890.parquet,34816,downloaded,34816,
2026-07-17,NSE,GOLDBEES,raw_l2/trade_date=2026-07-17/exchange=NSE/symbol=GOLDBEES/part-063510_111331-023242.parquet,real_data_sample\l2_unseen_validation\trade_date=2026-07-17\exchange=NSE\symbol=GOLDBEES\part-063510_111331-023242.parquet,34552,downloaded,34552,
2026-07-17,NSE,GOLDBEES,raw_l2/trade_date=2026-07-17/exchange=NSE/symbol=GOLDBEES/part-063456_052929-023210.parquet,real_data_sample\l2_unseen_validation\trade_date=2026-07-17\exchange=NSE\symbol=GOLDBEES\part-063456_052929-023210.parquet,34545,downloaded,34545,
2026-07-17,NSE,GOLDBEES,raw_l2/trade_date=2026-07-17/exchange=NSE/symbol=GOLDBEES/part-063220_796070-022858.parquet,real_data_sample\l2_unseen_validation\trade_date=2026-07-17\exchange=NSE\symbol=GOLDBEES\part-063220_796070-022858.parquet,34891,downloaded,34891,
2026-07-17,NSE,GOLDBEES,raw_l2/trade_date=2026-07-17/exchange=NSE/symbol=GOLDBEES/part-063428_087937-023146.parquet,real_data_sample\l2_unseen_validation\trade_date=2026-07-17\exchange=NSE\symbol=GOLDBEES\part-063428_087937-023146.parquet,34913,downloaded,34913,
2026-07-17,NSE,GOLDBEES,raw_l2/trade_date=2026-07-17/exchange=NSE/symbol=GOLDBEES/part-063317_160726-022986.parquet,real_data_sample\l2_unseen_validation\trade_date=2026-07-17\exchange=NSE\symbol=GOLDBEES\part-063317_160726-022986.parquet,34673,downloaded,34673,
2026-07-17,NSE,GOLDBEES,raw_l2/trade_date=2026-07-17/exchange=NSE/symbol=GOLDBEES/part-063248_705591-022922.parquet,real_data_sample\l2_unseen_validation\trade_date=2026-07-17\exchange=NSE\symbol=GOLDBEES\part-063248_705591-022922.parquet,34768,downloaded,34768,
2026-07-17,NSE,GOLDBEES,raw_l2/trade_date=2026-07-17/exchange=NSE/symbol=GOLDBEES/part-063345_827227-023050.parquet,real_data_sample\l2_unseen_validation\trade_date=2026-07-17\exchange=NSE\symbol=GOLDBEES\part-063345_827227-023050.parquet,34760,downloaded,34760,
2026-07-17,NSE,GOLDBEES,raw_l2/trade_date=2026-07-17/exchange=NSE/symbol=GOLDBEES/part-063359_847716-023082.parquet,real_data_sample\l2_unseen_validation\trade_date=2026-07-17\exchange=NSE\symbol=GOLDBEES\part-063359_847716-023082.parquet,34847,downloaded,34847,
2026-07-17,NSE,GOLDBEES,raw_l2/trade_date=2026-07-17/exchange=NSE/symbol=GOLDBEES/part-063331_665924-023018.parquet,real_data_sample\l2_unseen_validation\trade_date=2026-07-17\exchange=NSE\symbol=GOLDBEES\part-063331_665924-023018.parquet,34970,downloaded,34970,
2026-07-17,NSE,GOLDBEES,raw_l2/trade_date=2026-07-17/exchange=NSE/symbol=GOLDBEES/part-063552_264324-023338.parquet,real_data_sample\l2_unseen_validation\trade_date=2026-07-17\exchange=NSE\symbol=GOLDBEES\part-063552_264324-023338.parquet,34867,downloaded,34867,
2026-07-17,NSE,GOLDBEES,raw_l2/trade_date=2026-07-17/exchange=NSE/symbol=GOLDBEES/part-063302_907084-022954.parquet,real_data_sample\l2_unseen_validation\trade_date=2026-07-17\exchange=NSE\symbol=GOLDBEES\part-063302_907084-022954.parquet,34827,downloaded,34827,
2026-07-17,NSE,GOLDBEES,raw_l2/trade_date=2026-07-17/exchange=NSE/symbol=GOLDBEES/part-063744_017768-023594.parquet,real_data_sample\l2_unseen_validation\trade_date=2026-07-17\exchange=NSE\symbol=GOLDBEES\part-063744_017768-023594.parquet,34770,downloaded,34770,
2026-07-17,NSE,GOLDBEES,raw_l2/trade_date=2026-07-17/exchange=NSE/symbol=GOLDBEES/part-063757_758733-023626.parquet,real_data_sample\l2_unseen_validation\trade_date=2026-07-17\exchange=NSE\symbol=GOLDBEES\part-063757_758733-023626.parquet,34711,downloaded,34711,
2026-07-17,NSE,GOLDBEES,raw_l2/trade_date=2026-07-17/exchange=NSE/symbol=GOLDBEES/part-063825_863852-023690.parquet,real_data_sample\l2_unseen_validation\trade_date=2026-07-17\exchange=NSE\symbol=GOLDBEES\part-063825_863852-023690.parquet,34728,downloaded,34728,
2026-07-17,NSE,GOLDBEES,raw_l2/trade_date=2026-07-17/exchange=NSE/symbol=GOLDBEES/part-063648_048420-023466.parquet,real_data_sample\l2_unseen_validation\trade_date=2026-07-17\exchange=NSE\symbol=GOLDBEES\part-063648_048420-023466.parquet,34715,downloaded,34715,
2026-07-17,NSE,GOLDBEES,raw_l2/trade_date=2026-07-17/exchange=NSE/symbol=GOLDBEES/part-063620_064056-023402.parquet,real_data_sample\l2_unseen_validation\trade_date=2026-07-17\exchange=NSE\symbol=GOLDBEES\part-063620_064056-023402.parquet,34828,downloaded,34828,
2026-07-17,NSE,GOLDBEES,raw_l2/trade_date=2026-07-17/exchange=NSE/symbol=GOLDBEES/part-063729_980071-023562.parquet,real_data_sample\l2_unseen_validation\trade_date=2026-07-17\exchange=NSE\symbol=GOLDBEES\part-063729_980071-023562.parquet,35040,downloaded,35040,
2026-07-17,NSE,GOLDBEES,raw_l2/trade_date=2026-07-17/exchange=NSE/symbol=GOLDBEES/part-063606_044518-023370.parquet,real_data_sample\l2_unseen_validation\trade_date=2026-07-17\exchange=NSE\symbol=GOLDBEES\part-063606_044518-023370.parquet,34816,downloaded,34816,
2026-07-17,NSE,GOLDBEES,raw_l2/trade_date=2026-07-17/exchange=NSE/symbol=GOLDBEES/part-063702_126061-023498.parquet,real_data_sample\l2_unseen_validation\trade_date=2026-07-17\exchange=NSE\symbol=GOLDBEES\part-063702_126061-023498.parquet,34686,downloaded,34686,
2026-07-17,NSE,GOLDBEES,raw_l2/trade_date=2026-07-17/exchange=NSE/symbol=GOLDBEES/part-063716_114451-023530.parquet,real_data_sample\l2_unseen_validation\trade_date=2026-07-17\exchange=NSE\symbol=GOLDBEES\part-063716_114451-023530.parquet,34901,downloaded,34901,
2026-07-17,NSE,GOLDBEES,raw_l2/trade_date=2026-07-17/exchange=NSE/symbol=GOLDBEES/part-063840_110635-023722.parquet,real_data_sample\l2_unseen_validation\trade_date=2026-07-17\exchange=NSE\symbol=GOLDBEES\part-063840_110635-023722.parquet,34911,downloaded,34911,
2026-07-17,NSE,GOLDBEES,raw_l2/trade_date=2026-07-17/exchange=NSE/symbol=GOLDBEES/part-063854_788385-023754.parquet,real_data_sample\l2_unseen_validation\trade_date=2026-07-17\exchange=NSE\symbol=GOLDBEES\part-063854_788385-023754.parquet,34834,downloaded,34834,
2026-07-17,NSE,GOLDBEES,raw_l2/trade_date=2026-07-17/exchange=NSE/symbol=GOLDBEES/part-063634_077267-023434.parquet,real_data_sample\l2_unseen_validation\trade_date=2026-07-17\exchange=NSE\symbol=GOLDBEES\part-063634_077267-023434.parquet,34698,downloaded,34698,
2026-07-17,NSE,GOLDBEES,raw_l2/trade_date=2026-07-17/exchange=NSE/symbol=GOLDBEES/part-063923_032691-023818.parquet,real_data_sample\l2_unseen_validation\trade_date=2026-07-17\exchange=NSE\symbol=GOLDBEES\part-063923_032691-023818.parquet,34658,downloaded,34658,
2026-07-17,NSE,GOLDBEES,raw_l2/trade_date=2026-07-17/exchange=NSE/symbol=GOLDBEES/part-063909_057754-023786.parquet,real_data_sample\l2_unseen_validation\trade_date=2026-07-17\exchange=NSE\symbol=GOLDBEES\part-063909_057754-023786.parquet,34921,downloaded,34921,
2026-07-17,NSE,GOLDBEES,raw_l2/trade_date=2026-07-17/exchange=NSE/symbol=GOLDBEES/part-063937_040155-023850.parquet,real_data_sample\l2_unseen_validation\trade_date=2026-07-17\exchange=NSE\symbol=GOLDBEES\part-063937_040155-023850.parquet,34867,downloaded,34867,
2026-07-17,NSE,GOLDBEES,raw_l2/trade_date=2026-07-17/exchange=NSE/symbol=GOLDBEES/part-063951_062262-023882.parquet,real_data_sample\l2_unseen_validation\trade_date=2026-07-17\exchange=NSE\symbol=GOLDBEES\part-063951_062262-023882.parquet,34972,downloaded,34972,
2026-07-17,NSE,GOLDBEES,raw_l2/trade_date=2026-07-17/exchange=NSE/symbol=GOLDBEES/part-064552_212033-024714.parquet,real_data_sample\l2_unseen_validation\trade_date=2026-07-17\exchange=NSE\symbol=GOLDBEES\part-064552_212033-024714.parquet,34703,downloaded,34703,
2026-07-17,NSE,GOLDBEES,raw_l2/trade_date=2026-07-17/exchange=NSE/symbol=GOLDBEES/part-063811_597140-023658.parquet,real_data_sample\l2_unseen_validation\trade_date=2026-07-17\exchange=NSE\symbol=GOLDBEES\part-063811_597140-023658.parquet,34543,downloaded,34543,
2026-07-17,NSE,GOLDBEES,raw_l2/trade_date=2026-07-17/exchange=NSE/symbol=GOLDBEES/part-064047_105798-024010.parquet,real_data_sample\l2_unseen_validation\trade_date=2026-07-17\exchange=NSE\symbol=GOLDBEES\part-064047_105798-024010.parquet,35101,downloaded,35101,
2026-07-17,NSE,GOLDBEES,raw_l2/trade_date=2026-07-17/exchange=NSE/symbol=GOLDBEES/part-064319_528894-024362.parquet,real_data_sample\l2_unseen_validation\trade_date=2026-07-17\exchange=NSE\symbol=GOLDBEES\part-064319_528894-024362.parquet,34796,downloaded,34796,
2026-07-17,NSE,GOLDBEES,raw_l2/trade_date=2026-07-17/exchange=NSE/symbol=GOLDBEES/part-064238_240402-024266.parquet,real_data_sample\l2_unseen_validation\trade_date=2026-07-17\exchange=NSE\symbol=GOLDBEES\part-064238_240402-024266.parquet,34757,downloaded,34757,
2026-07-17,NSE,GOLDBEES,raw_l2/trade_date=2026-07-17/exchange=NSE/symbol=GOLDBEES/part-064210_557768-024202.parquet,real_data_sample\l2_unseen_validation\trade_date=2026-07-17\exchange=NSE\symbol=GOLDBEES\part-064210_557768-024202.parquet,34549,downloaded,34549,
2026-07-17,NSE,GOLDBEES,raw_l2/trade_date=2026-07-17/exchange=NSE/symbol=GOLDBEES/part-064128_727046-024106.parquet,real_data_sample\l2_unseen_validation\trade_date=2026-07-17\exchange=NSE\symbol=GOLDBEES\part-064128_727046-024106.parquet,34722,downloaded,34722,
2026-07-17,NSE,GOLDBEES,raw_l2/trade_date=2026-07-17/exchange=NSE/symbol=GOLDBEES/part-064429_026431-024522.parquet,real_data_sample\l2_unseen_validation\trade_date=2026-07-17\exchange=NSE\symbol=GOLDBEES\part-064429_026431-024522.parquet,34802,downloaded,34802,
2026-07-17,NSE,GOLDBEES,raw_l2/trade_date=2026-07-17/exchange=NSE/symbol=GOLDBEES/part-064619_754801-024778.parquet,real_data_sample\l2_unseen_validation\trade_date=2026-07-17\exchange=NSE\symbol=GOLDBEES\part-064619_754801-024778.parquet,34848,downloaded,34848,
2026-07-17,NSE,GOLDBEES,raw_l2/trade_date=2026-07-17/exchange=NSE/symbol=GOLDBEES/part-064251_990691-024298.parquet,real_data_sample\l2_unseen_validation\trade_date=2026-07-17\exchange=NSE\symbol=GOLDBEES\part-064251_990691-024298.parquet,34796,downloaded,34796,
2026-07-17,NSE,GOLDBEES,raw_l2/trade_date=2026-07-17/exchange=NSE/symbol=GOLDBEES/part-064224_583165-024234.parquet,real_data_sample\l2_unseen_validation\trade_date=2026-07-17\exchange=NSE\symbol=GOLDBEES\part-064224_583165-024234.parquet,34800,downloaded,34800,
2026-07-17,NSE,GOLDBEES,raw_l2/trade_date=2026-07-17/exchange=NSE/symbol=GOLDBEES/part-064647_515695-024842.parquet,real_data_sample\l2_unseen_validation\trade_date=2026-07-17\exchange=NSE\symbol=GOLDBEES\part-064647_515695-024842.parquet,34653,downloaded,34653,
2026-07-17,NSE,GOLDBEES,raw_l2/trade_date=2026-07-17/exchange=NSE/symbol=GOLDBEES/part-064633_522246-024810.parquet,real_data_sample\l2_unseen_validation\trade_date=2026-07-17\exchange=NSE\symbol=GOLDBEES\part-064633_522246-024810.parquet,34673,downloaded,34673,
2026-07-17,NSE,GOLDBEES,raw_l2/trade_date=2026-07-17/exchange=NSE/symbol=GOLDBEES/part-064305_770723-024330.parquet,real_data_sample\l2_unseen_validation\trade_date=2026-07-17\exchange=NSE\symbol=GOLDBEES\part-064305_770723-024330.parquet,34847,downloaded,34847,
2026-07-17,NSE,GOLDBEES,raw_l2/trade_date=2026-07-17/exchange=NSE/symbol=GOLDBEES/part-064442_760346-024554.parquet,real_data_sample\l2_unseen_validation\trade_date=2026-07-17\exchange=NSE\symbol=GOLDBEES\part-064442_760346-024554.parquet,34863,downloaded,34863,
2026-07-17,NSE,GOLDBEES,raw_l2/trade_date=2026-07-17/exchange=NSE/symbol=GOLDBEES/part-064538_510138-024682.parquet,real_data_sample\l2_unseen_validation\trade_date=2026-07-17\exchange=NSE\symbol=GOLDBEES\part-064538_510138-024682.parquet,34982,downloaded,34982,
2026-07-17,NSE,GOLDBEES,raw_l2/trade_date=2026-07-17/exchange=NSE/symbol=GOLDBEES/part-064605_951166-024746.parquet,real_data_sample\l2_unseen_validation\trade_date=2026-07-17\exchange=NSE\symbol=GOLDBEES\part-064605_951166-024746.parquet,34726,downloaded,34726,
2026-07-17,NSE,GOLDBEES,raw_l2/trade_date=2026-07-17/exchange=NSE/symbol=GOLDBEES/part-064510_552417-024618.parquet,real_data_sample\l2_unseen_validation\trade_date=2026-07-17\exchange=NSE\symbol=GOLDBEES\part-064510_552417-024618.parquet,34918,downloaded,34918,
2026-07-17,NSE,GOLDBEES,raw_l2/trade_date=2026-07-17/exchange=NSE/symbol=GOLDBEES/part-064524_533777-024650.parquet,real_data_sample\l2_unseen_validation\trade_date=2026-07-17\exchange=NSE\symbol=GOLDBEES\part-064524_533777-024650.parquet,34681,downloaded,34681,
2026-07-17,NSE,GOLDBEES,raw_l2/trade_date=2026-07-17/exchange=NSE/symbol=GOLDBEES/part-064701_504573-024874.parquet,real_data_sample\l2_unseen_validation\trade_date=2026-07-17\exchange=NSE\symbol=GOLDBEES\part-064701_504573-024874.parquet,34885,downloaded,34885,
2026-07-17,NSE,GOLDBEES,raw_l2/trade_date=2026-07-17/exchange=NSE/symbol=GOLDBEES/part-065140_045761-025514.parquet,real_data_sample\l2_unseen_validation\trade_date=2026-07-17\exchange=NSE\symbol=GOLDBEES\part-065140_045761-025514.parquet,34920,downloaded,34920,
2026-07-17,NSE,GOLDBEES,raw_l2/trade_date=2026-07-17/exchange=NSE/symbol=GOLDBEES/part-065043_934290-025386.parquet,real_data_sample\l2_unseen_validation\trade_date=2026-07-17\exchange=NSE\symbol=GOLDBEES\part-065043_934290-025386.parquet,34555,downloaded,34555,
2026-07-17,NSE,GOLDBEES,raw_l2/trade_date=2026-07-17/exchange=NSE/symbol=GOLDBEES/part-065058_001161-025418.parquet,real_data_sample\l2_unseen_validation\trade_date=2026-07-17\exchange=NSE\symbol=GOLDBEES\part-065058_001161-025418.parquet,34926,downloaded,34926,
2026-07-17,NSE,GOLDBEES,raw_l2/trade_date=2026-07-17/exchange=NSE/symbol=GOLDBEES/part-065112_012002-025450.parquet,real_data_sample\l2_unseen_validation\trade_date=2026-07-17\exchange=NSE\symbol=GOLDBEES\part-065112_012002-025450.parquet,34748,downloaded,34748,
2026-07-17,NSE,GOLDBEES,raw_l2/trade_date=2026-07-17/exchange=NSE/symbol=GOLDBEES/part-064715_523334-024906.parquet,real_data_sample\l2_unseen_validation\trade_date=2026-07-17\exchange=NSE\symbol=GOLDBEES\part-064715_523334-024906.parquet,34863,downloaded,34863,
2026-07-17,NSE,GOLDBEES,raw_l2/trade_date=2026-07-17/exchange=NSE/symbol=GOLDBEES/part-064934_070536-025226.parquet,real_data_sample\l2_unseen_validation\trade_date=2026-07-17\exchange=NSE\symbol=GOLDBEES\part-064934_070536-025226.parquet,34631,downloaded,34631,
2026-07-17,NSE,GOLDBEES,raw_l2/trade_date=2026-07-17/exchange=NSE/symbol=GOLDBEES/part-065016_007286-025322.parquet,real_data_sample\l2_unseen_validation\trade_date=2026-07-17\exchange=NSE\symbol=GOLDBEES\part-065016_007286-025322.parquet,35048,downloaded,35048,
2026-07-17,NSE,GOLDBEES,raw_l2/trade_date=2026-07-17/exchange=NSE/symbol=GOLDBEES/part-064920_237720-025194.parquet,real_data_sample\l2_unseen_validation\trade_date=2026-07-17\exchange=NSE\symbol=GOLDBEES\part-064920_237720-025194.parquet,34856,downloaded,34856,
2026-07-17,NSE,GOLDBEES,raw_l2/trade_date=2026-07-17/exchange=NSE/symbol=GOLDBEES/part-065029_734906-025354.parquet,real_data_sample\l2_unseen_validation\trade_date=2026-07-17\exchange=NSE\symbol=GOLDBEES\part-065029_734906-025354.parquet,34611,downloaded,34611,
2026-07-17,NSE,GOLDBEES,raw_l2/trade_date=2026-07-17/exchange=NSE/symbol=GOLDBEES/part-064810_962818-025034.parquet,real_data_sample\l2_unseen_validation\trade_date=2026-07-17\exchange=NSE\symbol=GOLDBEES\part-064810_962818-025034.parquet,34796,downloaded,34796,
2026-07-17,NSE,GOLDBEES,raw_l2/trade_date=2026-07-17/exchange=NSE/symbol=GOLDBEES/part-064906_295442-025162.parquet,real_data_sample\l2_unseen_validation\trade_date=2026-07-17\exchange=NSE\symbol=GOLDBEES\part-064906_295442-025162.parquet,35007,downloaded,35007,
2026-07-17,NSE,GOLDBEES,raw_l2/trade_date=2026-07-17/exchange=NSE/symbol=GOLDBEES/part-064838_742740-025098.parquet,real_data_sample\l2_unseen_validation\trade_date=2026-07-17\exchange=NSE\symbol=GOLDBEES\part-064838_742740-025098.parquet,34796,downloaded,34796,
2026-07-17,NSE,GOLDBEES,raw_l2/trade_date=2026-07-17/exchange=NSE/symbol=GOLDBEES/part-065002_029896-025290.parquet,real_data_sample\l2_unseen_validation\trade_date=2026-07-17\exchange=NSE\symbol=GOLDBEES\part-065002_029896-025290.parquet,34891,downloaded,34891,
2026-07-17,NSE,GOLDBEES,raw_l2/trade_date=2026-07-17/exchange=NSE/symbol=GOLDBEES/part-064948_012994-025258.parquet,real_data_sample\l2_unseen_validation\trade_date=2026-07-17\exchange=NSE\symbol=GOLDBEES\part-064948_012994-025258.parquet,34786,downloaded,34786,
2026-07-17,NSE,GOLDBEES,raw_l2/trade_date=2026-07-17/exchange=NSE/symbol=GOLDBEES/part-064824_840825-025066.parquet,real_data_sample\l2_unseen_validation\trade_date=2026-07-17\exchange=NSE\symbol=GOLDBEES\part-064824_840825-025066.parquet,35029,downloaded,35029,
2026-07-17,NSE,GOLDBEES,raw_l2/trade_date=2026-07-17/exchange=NSE/symbol=GOLDBEES/part-064743_266331-024970.parquet,real_data_sample\l2_unseen_validation\trade_date=2026-07-17\exchange=NSE\symbol=GOLDBEES\part-064743_266331-024970.parquet,34677,downloaded,34677,
2026-07-17,NSE,GOLDBEES,raw_l2/trade_date=2026-07-17/exchange=NSE/symbol=GOLDBEES/part-065126_046627-025482.parquet,real_data_sample\l2_unseen_validation\trade_date=2026-07-17\exchange=NSE\symbol=GOLDBEES\part-065126_046627-025482.parquet,34878,downloaded,34878,
2026-07-17,NSE,GOLDBEES,raw_l2/trade_date=2026-07-17/exchange=NSE/symbol=GOLDBEES/part-064756_969766-025002.parquet,real_data_sample\l2_unseen_validation\trade_date=2026-07-17\exchange=NSE\symbol=GOLDBEES\part-064756_969766-025002.parquet,34842,downloaded,34842,
2026-07-17,NSE,GOLDBEES,raw_l2/trade_date=2026-07-17/exchange=NSE/symbol=GOLDBEES/part-064852_524166-025130.parquet,real_data_sample\l2_unseen_validation\trade_date=2026-07-17\exchange=NSE\symbol=GOLDBEES\part-064852_524166-025130.parquet,34886,downloaded,34886,
2026-07-17,NSE,GOLDBEES,raw_l2/trade_date=2026-07-17/exchange=NSE/symbol=GOLDBEES/part-065154_064732-025546.parquet,real_data_sample\l2_unseen_validation\trade_date=2026-07-17\exchange=NSE\symbol=GOLDBEES\part-065154_064732-025546.parquet,35048,downloaded,35048,
2026-07-17,NSE,GOLDBEES,raw_l2/trade_date=2026-07-17/exchange=NSE/symbol=GOLDBEES/part-065222_300800-025610.parquet,real_data_sample\l2_unseen_validation\trade_date=2026-07-17\exchange=NSE\symbol=GOLDBEES\part-065222_300800-025610.parquet,34838,downloaded,34838,
2026-07-17,NSE,GOLDBEES,raw_l2/trade_date=2026-07-17/exchange=NSE/symbol=GOLDBEES/part-065208_218364-025578.parquet,real_data_sample\l2_unseen_validation\trade_date=2026-07-17\exchange=NSE\symbol=GOLDBEES\part-065208_218364-025578.parquet,34931,downloaded,34931,
2026-07-17,NSE,GOLDBEES,raw_l2/trade_date=2026-07-17/exchange=NSE/symbol=GOLDBEES/part-064729_270556-024938.parquet,real_data_sample\l2_unseen_validation\trade_date=2026-07-17\exchange=NSE\symbol=GOLDBEES\part-064729_270556-024938.parquet,34521,downloaded,34521,
2026-07-17,NSE,GOLDBEES,raw_l2/trade_date=2026-07-17/exchange=NSE/symbol=GOLDBEES/part-065456_606824-025962.parquet,real_data_sample\l2_unseen_validation\trade_date=2026-07-17\exchange=NSE\symbol=GOLDBEES\part-065456_606824-025962.parquet,34965,downloaded,34965,
2026-07-17,NSE,GOLDBEES,raw_l2/trade_date=2026-07-17/exchange=NSE/symbol=GOLDBEES/part-065428_542231-025898.parquet,real_data_sample\l2_unseen_validation\trade_date=2026-07-17\exchange=NSE\symbol=GOLDBEES\part-065428_542231-025898.parquet,34704,downloaded,34704,
2026-07-17,NSE,GOLDBEES,raw_l2/trade_date=2026-07-17/exchange=NSE/symbol=GOLDBEES/part-065400_408590-025834.parquet,real_data_sample\l2_unseen_validation\trade_date=2026-07-17\exchange=NSE\symbol=GOLDBEES\part-065400_408590-025834.parquet,34637,downloaded,34637,
2026-07-17,NSE,GOLDBEES,raw_l2/trade_date=2026-07-17/exchange=NSE/symbol=GOLDBEES/part-065250_459128-025674.parquet,real_data_sample\l2_unseen_validation\trade_date=2026-07-17\exchange=NSE\symbol=GOLDBEES\part-065250_459128-025674.parquet,34958,downloaded,34958,
2026-07-17,NSE,GOLDBEES,raw_l2/trade_date=2026-07-17/exchange=NSE/symbol=GOLDBEES/part-065304_619475-025706.parquet,real_data_sample\l2_unseen_validation\trade_date=2026-07-17\exchange=NSE\symbol=GOLDBEES\part-065304_619475-025706.parquet,35000,downloaded,35000,
2026-07-17,NSE,GOLDBEES,raw_l2/trade_date=2026-07-17/exchange=NSE/symbol=GOLDBEES/part-065442_498248-025930.parquet,real_data_sample\l2_unseen_validation\trade_date=2026-07-17\exchange=NSE\symbol=GOLDBEES\part-065442_498248-025930.parquet,34634,downloaded,34634,
2026-07-17,NSE,GOLDBEES,raw_l2/trade_date=2026-07-17/exchange=NSE/symbol=GOLDBEES/part-065332_535937-025770.parquet,real_data_sample\l2_unseen_validation\trade_date=2026-07-17\exchange=NSE\symbol=GOLDBEES\part-065332_535937-025770.parquet,34784,downloaded,34784,
2026-07-17,NSE,GOLDBEES,raw_l2/trade_date=2026-07-17/exchange=NSE/symbol=GOLDBEES/part-065414_532733-025866.parquet,real_data_sample\l2_unseen_validation\trade_date=2026-07-17\exchange=NSE\symbol=GOLDBEES\part-065414_532733-025866.parquet,34636,downloaded,34636,
2026-07-17,NSE,GOLDBEES,raw_l2/trade_date=2026-07-17/exchange=NSE/symbol=GOLDBEES/part-065524_841536-026026.parquet,real_data_sample\l2_unseen_validation\trade_date=2026-07-17\exchange=NSE\symbol=GOLDBEES\part-065524_841536-026026.parquet,34686,downloaded,34686,
2026-07-17,NSE,GOLDBEES,raw_l2/trade_date=2026-07-17/exchange=NSE/symbol=GOLDBEES/part-065346_313933-025802.parquet,real_data_sample\l2_unseen_validation\trade_date=2026-07-17\exchange=NSE\symbol=GOLDBEES\part-065346_313933-025802.parquet,34979,downloaded,34979,
2026-07-17,NSE,GOLDBEES,raw_l2/trade_date=2026-07-17/exchange=NSE/symbol=GOLDBEES/part-065510_777845-025994.parquet,real_data_sample\l2_unseen_validation\trade_date=2026-07-17\exchange=NSE\symbol=GOLDBEES\part-065510_777845-025994.parquet,34772,downloaded,34772,
2026-07-17,NSE,GOLDBEES,raw_l2/trade_date=2026-07-17/exchange=NSE/symbol=GOLDBEES/part-065607_045844-026122.parquet,real_data_sample\l2_unseen_validation\trade_date=2026-07-17\exchange=NSE\symbol=GOLDBEES\part-065607_045844-026122.parquet,34686,downloaded,34686,
2026-07-17,NSE,GOLDBEES,raw_l2/trade_date=2026-07-17/exchange=NSE/symbol=GOLDBEES/part-065236_342006-025642.parquet,real_data_sample\l2_unseen_validation\trade_date=2026-07-17\exchange=NSE\symbol=GOLDBEES\part-065236_342006-025642.parquet,34795,downloaded,34795,
2026-07-17,NSE,GOLDBEES,raw_l2/trade_date=2026-07-17/exchange=NSE/symbol=GOLDBEES/part-065553_069364-026090.parquet,real_data_sample\l2_unseen_validation\trade_date=2026-07-17\exchange=NSE\symbol=GOLDBEES\part-065553_069364-026090.parquet,34543,downloaded,34543,
2026-07-17,NSE,GOLDBEES,raw_l2/trade_date=2026-07-17/exchange=NSE/symbol=GOLDBEES/part-065318_638360-025738.parquet,real_data_sample\l2_unseen_validation\trade_date=2026-07-17\exchange=NSE\symbol=GOLDBEES\part-065318_638360-025738.parquet,35088,downloaded,35088,
2026-07-17,NSE,GOLDBEES,raw_l2/trade_date=2026-07-17/exchange=NSE/symbol=GOLDBEES/part-065539_147404-026058.parquet,real_data_sample\l2_unseen_validation\trade_date=2026-07-17\exchange=NSE\symbol=GOLDBEES\part-065539_147404-026058.parquet,34872,downloaded,34872,
2026-07-17,NSE,GOLDBEES,raw_l2/trade_date=2026-07-17/exchange=NSE/symbol=GOLDBEES/part-065621_148696-026154.parquet,real_data_sample\l2_unseen_validation\trade_date=2026-07-17\exchange=NSE\symbol=GOLDBEES\part-065621_148696-026154.parquet,34726,downloaded,34726,
2026-07-17,NSE,GOLDBEES,raw_l2/trade_date=2026-07-17/exchange=NSE/symbol=GOLDBEES/part-065842_422388-026474.parquet,real_data_sample\l2_unseen_validation\trade_date=2026-07-17\exchange=NSE\symbol=GOLDBEES\part-065842_422388-026474.parquet,35341,downloaded,35341,
2026-07-17,NSE,GOLDBEES,raw_l2/trade_date=2026-07-17/exchange=NSE/symbol=GOLDBEES/part-065827_893132-026442.parquet,real_data_sample\l2_unseen_validation\trade_date=2026-07-17\exchange=NSE\symbol=GOLDBEES\part-065827_893132-026442.parquet,35549,downloaded,35549,
2026-07-17,NSE,GOLDBEES,raw_l2/trade_date=2026-07-17/exchange=NSE/symbol=GOLDBEES/part-065910_840185-026538.parquet,real_data_sample\l2_unseen_validation\trade_date=2026-07-17\exchange=NSE\symbol=GOLDBEES\part-065910_840185-026538.parquet,35571,downloaded,35571,
2026-07-17,NSE,GOLDBEES,raw_l2/trade_date=2026-07-17/exchange=NSE/symbol=GOLDBEES/part-070009_379968-026666.parquet,real_data_sample\l2_unseen_validation\trade_date=2026-07-17\exchange=NSE\symbol=GOLDBEES\part-070009_379968-026666.parquet,34906,downloaded,34906,
2026-07-17,NSE,GOLDBEES,raw_l2/trade_date=2026-07-17/exchange=NSE/symbol=GOLDBEES/part-070107_603916-026794.parquet,real_data_sample\l2_unseen_validation\trade_date=2026-07-17\exchange=NSE\symbol=GOLDBEES\part-070107_603916-026794.parquet,35451,downloaded,35451,
2026-07-17,NSE,GOLDBEES,raw_l2/trade_date=2026-07-17/exchange=NSE/symbol=GOLDBEES/part-065856_608304-026506.parquet,real_data_sample\l2_unseen_validation\trade_date=2026-07-17\exchange=NSE\symbol=GOLDBEES\part-065856_608304-026506.parquet,35750,downloaded,35750,
2026-07-17,NSE,GOLDBEES,raw_l2/trade_date=2026-07-17/exchange=NSE/symbol=GOLDBEES/part-065635_051089-026186.parquet,real_data_sample\l2_unseen_validation\trade_date=2026-07-17\exchange=NSE\symbol=GOLDBEES\part-065635_051089-026186.parquet,34551,downloaded,34551,
2026-07-17,NSE,GOLDBEES,raw_l2/trade_date=2026-07-17/exchange=NSE/symbol=GOLDBEES/part-065649_050715-026218.parquet,real_data_sample\l2_unseen_validation\trade_date=2026-07-17\exchange=NSE\symbol=GOLDBEES\part-065649_050715-026218.parquet,34794,downloaded,34794,
2026-07-17,NSE,GOLDBEES,raw_l2/trade_date=2026-07-17/exchange=NSE/symbol=GOLDBEES/part-065759_371904-026378.parquet,real_data_sample\l2_unseen_validation\trade_date=2026-07-17\exchange=NSE\symbol=GOLDBEES\part-065759_371904-026378.parquet,34966,downloaded,34966,
2026-07-17,NSE,GOLDBEES,raw_l2/trade_date=2026-07-17/exchange=NSE/symbol=GOLDBEES/part-065940_022098-026602.parquet,real_data_sample\l2_unseen_validation\trade_date=2026-07-17\exchange=NSE\symbol=GOLDBEES\part-065940_022098-026602.parquet,34992,downloaded,34992,
2026-07-17,NSE,GOLDBEES,raw_l2/trade_date=2026-07-17/exchange=NSE/symbol=GOLDBEES/part-065745_108534-026346.parquet,real_data_sample\l2_unseen_validation\trade_date=2026-07-17\exchange=NSE\symbol=GOLDBEES\part-065745_108534-026346.parquet,34542,downloaded,34542,
2026-07-17,NSE,GOLDBEES,raw_l2/trade_date=2026-07-17/exchange=NSE/symbol=GOLDBEES/part-065925_209568-026570.parquet,real_data_sample\l2_unseen_validation\trade_date=2026-07-17\exchange=NSE\symbol=GOLDBEES\part-065925_209568-026570.parquet,34783,downloaded,34783,
2026-07-17,NSE,GOLDBEES,raw_l2/trade_date=2026-07-17/exchange=NSE/symbol=GOLDBEES/part-065717_050544-026282.parquet,real_data_sample\l2_unseen_validation\trade_date=2026-07-17\exchange=NSE\symbol=GOLDBEES\part-065717_050544-026282.parquet,34963,downloaded,34963,
2026-07-17,NSE,GOLDBEES,raw_l2/trade_date=2026-07-17/exchange=NSE/symbol=GOLDBEES/part-065813_611044-026410.parquet,real_data_sample\l2_unseen_validation\trade_date=2026-07-17\exchange=NSE\symbol=GOLDBEES\part-065813_611044-026410.parquet,35059,downloaded,35059,
2026-07-17,NSE,GOLDBEES,raw_l2/trade_date=2026-07-17/exchange=NSE/symbol=GOLDBEES/part-070038_142818-026730.parquet,real_data_sample\l2_unseen_validation\trade_date=2026-07-17\exchange=NSE\symbol=GOLDBEES\part-070038_142818-026730.parquet,35896,downloaded,35896,
2026-07-17,NSE,GOLDBEES,raw_l2/trade_date=2026-07-17/exchange=NSE/symbol=GOLDBEES/part-065731_141001-026314.parquet,real_data_sample\l2_unseen_validation\trade_date=2026-07-17\exchange=NSE\symbol=GOLDBEES\part-065731_141001-026314.parquet,34970,downloaded,34970,
2026-07-17,NSE,GOLDBEES,raw_l2/trade_date=2026-07-17/exchange=NSE/symbol=GOLDBEES/part-070023_865106-026698.parquet,real_data_sample\l2_unseen_validation\trade_date=2026-07-17\exchange=NSE\symbol=GOLDBEES\part-070023_865106-026698.parquet,36019,downloaded,36019,
2026-07-17,NSE,GOLDBEES,raw_l2/trade_date=2026-07-17/exchange=NSE/symbol=GOLDBEES/part-065954_647741-026634.parquet,real_data_sample\l2_unseen_validation\trade_date=2026-07-17\exchange=NSE\symbol=GOLDBEES\part-065954_647741-026634.parquet,34722,downloaded,34722,
2026-07-17,NSE,GOLDBEES,raw_l2/trade_date=2026-07-17/exchange=NSE/symbol=GOLDBEES/part-070052_754710-026762.parquet,real_data_sample\l2_unseen_validation\trade_date=2026-07-17\exchange=NSE\symbol=GOLDBEES\part-070052_754710-026762.parquet,36056,downloaded,36056,
2026-07-17,NSE,GOLDBEES,raw_l2/trade_date=2026-07-17/exchange=NSE/symbol=GOLDBEES/part-070221_084056-026954.parquet,real_data_sample\l2_unseen_validation\trade_date=2026-07-17\exchange=NSE\symbol=GOLDBEES\part-070221_084056-026954.parquet,35092,downloaded,35092,
2026-07-17,NSE,GOLDBEES,raw_l2/trade_date=2026-07-17/exchange=NSE/symbol=GOLDBEES/part-070235_894830-026986.parquet,real_data_sample\l2_unseen_validation\trade_date=2026-07-17\exchange=NSE\symbol=GOLDBEES\part-070235_894830-026986.parquet,34784,downloaded,34784,
2026-07-17,NSE,GOLDBEES,raw_l2/trade_date=2026-07-17/exchange=NSE/symbol=GOLDBEES/part-070136_743344-026858.parquet,real_data_sample\l2_unseen_validation\trade_date=2026-07-17\exchange=NSE\symbol=GOLDBEES\part-070136_743344-026858.parquet,35364,downloaded,35364,
2026-07-17,NSE,GOLDBEES,raw_l2/trade_date=2026-07-17/exchange=NSE/symbol=GOLDBEES/part-070152_049629-026890.parquet,real_data_sample\l2_unseen_validation\trade_date=2026-07-17\exchange=NSE\symbol=GOLDBEES\part-070152_049629-026890.parquet,35331,downloaded,35331,
2026-07-17,NSE,GOLDBEES,raw_l2/trade_date=2026-07-17/exchange=NSE/symbol=GOLDBEES/part-070122_194641-026826.parquet,real_data_sample\l2_unseen_validation\trade_date=2026-07-17\exchange=NSE\symbol=GOLDBEES\part-070122_194641-026826.parquet,35885,downloaded,35885,
2026-07-17,NSE,GOLDBEES,raw_l2/trade_date=2026-07-17/exchange=NSE/symbol=GOLDBEES/part-070206_452576-026922.parquet,real_data_sample\l2_unseen_validation\trade_date=2026-07-17\exchange=NSE\symbol=GOLDBEES\part-070206_452576-026922.parquet,35269,downloaded,35269,
2026-07-17,NSE,GOLDBEES,raw_l2/trade_date=2026-07-17/exchange=NSE/symbol=GOLDBEES/part-070320_234179-027082.parquet,real_data_sample\l2_unseen_validation\trade_date=2026-07-17\exchange=NSE\symbol=GOLDBEES\part-070320_234179-027082.parquet,34856,downloaded,34856,
2026-07-17,NSE,GOLDBEES,raw_l2/trade_date=2026-07-17/exchange=NSE/symbol=GOLDBEES/part-070250_433381-027018.parquet,real_data_sample\l2_unseen_validation\trade_date=2026-07-17\exchange=NSE\symbol=GOLDBEES\part-070250_433381-027018.parquet,34845,downloaded,34845,
2026-07-17,NSE,GOLDBEES,raw_l2/trade_date=2026-07-17/exchange=NSE/symbol=GOLDBEES/part-070305_500547-027050.parquet,real_data_sample\l2_unseen_validation\trade_date=2026-07-17\exchange=NSE\symbol=GOLDBEES\part-070305_500547-027050.parquet,34742,downloaded,34742,
2026-07-17,NSE,GOLDBEES,raw_l2/trade_date=2026-07-17/exchange=NSE/symbol=GOLDBEES/part-070334_730948-027114.parquet,real_data_sample\l2_unseen_validation\trade_date=2026-07-17\exchange=NSE\symbol=GOLDBEES\part-070334_730948-027114.parquet,35515,downloaded,35515,
2026-07-17,NSE,GOLDBEES,raw_l2/trade_date=2026-07-17/exchange=NSE/symbol=GOLDBEES/part-070348_966287-027146.parquet,real_data_sample\l2_unseen_validation\trade_date=2026-07-17\exchange=NSE\symbol=GOLDBEES\part-070348_966287-027146.parquet,36251,downloaded,36251,
2026-07-17,NSE,GOLDBEES,raw_l2/trade_date=2026-07-17/exchange=NSE/symbol=GOLDBEES/part-065703_034538-026250.parquet,real_data_sample\l2_unseen_validation\trade_date=2026-07-17\exchange=NSE\symbol=GOLDBEES\part-065703_034538-026250.parquet,34786,downloaded,34786,
2026-07-17,NSE,GOLDBEES,raw_l2/trade_date=2026-07-17/exchange=NSE/symbol=GOLDBEES/part-070417_656124-027210.parquet,real_data_sample\l2_unseen_validation\trade_date=2026-07-17\exchange=NSE\symbol=GOLDBEES\part-070417_656124-027210.parquet,35499,downloaded,35499,
2026-07-17,NSE,GOLDBEES,raw_l2/trade_date=2026-07-17/exchange=NSE/symbol=GOLDBEES/part-070403_433475-027178.parquet,real_data_sample\l2_unseen_validation\trade_date=2026-07-17\exchange=NSE\symbol=GOLDBEES\part-070403_433475-027178.parquet,35683,downloaded,35683,
2026-07-17,NSE,GOLDBEES,raw_l2/trade_date=2026-07-17/exchange=NSE/symbol=GOLDBEES/part-070544_202064-027402.parquet,real_data_sample\l2_unseen_validation\trade_date=2026-07-17\exchange=NSE\symbol=GOLDBEES\part-070544_202064-027402.parquet,34932,downloaded,34932,
2026-07-17,NSE,GOLDBEES,raw_l2/trade_date=2026-07-17/exchange=NSE/symbol=GOLDBEES/part-070431_872652-027242.parquet,real_data_sample\l2_unseen_validation\trade_date=2026-07-17\exchange=NSE\symbol=GOLDBEES\part-070431_872652-027242.parquet,35537,downloaded,35537,
2026-07-17,NSE,GOLDBEES,raw_l2/trade_date=2026-07-17/exchange=NSE/symbol=GOLDBEES/part-070446_100812-027274.parquet,real_data_sample\l2_unseen_validation\trade_date=2026-07-17\exchange=NSE\symbol=GOLDBEES\part-070446_100812-027274.parquet,35305,downloaded,35305,
2026-07-17,NSE,GOLDBEES,raw_l2/trade_date=2026-07-17/exchange=NSE/symbol=GOLDBEES/part-070500_536087-027306.parquet,real_data_sample\l2_unseen_validation\trade_date=2026-07-17\exchange=NSE\symbol=GOLDBEES\part-070500_536087-027306.parquet,35364,downloaded,35364,
2026-07-17,NSE,GOLDBEES,raw_l2/trade_date=2026-07-17/exchange=NSE/symbol=GOLDBEES/part-070515_188604-027338.parquet,real_data_sample\l2_unseen_validation\trade_date=2026-07-17\exchange=NSE\symbol=GOLDBEES\part-070515_188604-027338.parquet,35423,downloaded,35423,
2026-07-17,NSE,GOLDBEES,raw_l2/trade_date=2026-07-17/exchange=NSE/symbol=GOLDBEES/part-070529_684478-027370.parquet,real_data_sample\l2_unseen_validation\trade_date=2026-07-17\exchange=NSE\symbol=GOLDBEES\part-070529_684478-027370.parquet,34873,downloaded,34873,
2026-07-17,NSE,GOLDBEES,raw_l2/trade_date=2026-07-17/exchange=NSE/symbol=GOLDBEES/part-070558_391203-027434.parquet,real_data_sample\l2_unseen_validation\trade_date=2026-07-17\exchange=NSE\symbol=GOLDBEES\part-070558_391203-027434.parquet,34754,downloaded,34754,
2026-07-17,NSE,GOLDBEES,raw_l2/trade_date=2026-07-17/exchange=NSE/symbol=GOLDBEES/part-070627_122662-027498.parquet,real_data_sample\l2_unseen_validation\trade_date=2026-07-17\exchange=NSE\symbol=GOLDBEES\part-070627_122662-027498.parquet,35073,downloaded,35073,
2026-07-17,NSE,GOLDBEES,raw_l2/trade_date=2026-07-17/exchange=NSE/symbol=GOLDBEES/part-070612_829698-027466.parquet,real_data_sample\l2_unseen_validation\trade_date=2026-07-17\exchange=NSE\symbol=GOLDBEES\part-070612_829698-027466.parquet,34877,downloaded,34877,
2026-07-17,NSE,GOLDBEES,raw_l2/trade_date=2026-07-17/exchange=NSE/symbol=GOLDBEES/part-070641_584060-027530.parquet,real_data_sample\l2_unseen_validation\trade_date=2026-07-17\exchange=NSE\symbol=GOLDBEES\part-070641_584060-027530.parquet,34824,downloaded,34824,
2026-07-17,NSE,GOLDBEES,raw_l2/trade_date=2026-07-17/exchange=NSE/symbol=GOLDBEES/part-070655_850037-027562.parquet,real_data_sample\l2_unseen_validation\trade_date=2026-07-17\exchange=NSE\symbol=GOLDBEES\part-070655_850037-027562.parquet,34691,downloaded,34691,
2026-07-17,NSE,GOLDBEES,raw_l2/trade_date=2026-07-17/exchange=NSE/symbol=GOLDBEES/part-070724_403197-027626.parquet,real_data_sample\l2_unseen_validation\trade_date=2026-07-17\exchange=NSE\symbol=GOLDBEES\part-070724_403197-027626.parquet,35764,downloaded,35764,
2026-07-17,NSE,GOLDBEES,raw_l2/trade_date=2026-07-17/exchange=NSE/symbol=GOLDBEES/part-070710_115086-027594.parquet,real_data_sample\l2_unseen_validation\trade_date=2026-07-17\exchange=NSE\symbol=GOLDBEES\part-070710_115086-027594.parquet,34654,downloaded,34654,
2026-07-17,NSE,GOLDBEES,raw_l2/trade_date=2026-07-17/exchange=NSE/symbol=GOLDBEES/part-070738_606626-027658.parquet,real_data_sample\l2_unseen_validation\trade_date=2026-07-17\exchange=NSE\symbol=GOLDBEES\part-070738_606626-027658.parquet,35195,downloaded,35195,
2026-07-17,NSE,GOLDBEES,raw_l2/trade_date=2026-07-17/exchange=NSE/symbol=GOLDBEES/part-070752_839843-027690.parquet,real_data_sample\l2_unseen_validation\trade_date=2026-07-17\exchange=NSE\symbol=GOLDBEES\part-070752_839843-027690.parquet,35193,downloaded,35193,
2026-07-17,NSE,GOLDBEES,raw_l2/trade_date=2026-07-17/exchange=NSE/symbol=GOLDBEES/part-070806_812815-027722.parquet,real_data_sample\l2_unseen_validation\trade_date=2026-07-17\exchange=NSE\symbol=GOLDBEES\part-070806_812815-027722.parquet,35533,downloaded,35533,
2026-07-17,NSE,GOLDBEES,raw_l2/trade_date=2026-07-17/exchange=NSE/symbol=GOLDBEES/part-064347_229272-024426.parquet,real_data_sample\l2_unseen_validation\trade_date=2026-07-17\exchange=NSE\symbol=GOLDBEES\part-064347_229272-024426.parquet,34808,downloaded,34808,
2026-07-17,NSE,GOLDBEES,raw_l2/trade_date=2026-07-17/exchange=NSE/symbol=GOLDBEES/part-070820_863645-027754.parquet,real_data_sample\l2_unseen_validation\trade_date=2026-07-17\exchange=NSE\symbol=GOLDBEES\part-070820_863645-027754.parquet,35099,downloaded,35099,
2026-07-17,NSE,GOLDBEES,raw_l2/trade_date=2026-07-17/exchange=NSE/symbol=GOLDBEES/part-070849_621882-027818.parquet,real_data_sample\l2_unseen_validation\trade_date=2026-07-17\exchange=NSE\symbol=GOLDBEES\part-070849_621882-027818.parquet,34889,downloaded,34889,
2026-07-17,NSE,GOLDBEES,raw_l2/trade_date=2026-07-17/exchange=NSE/symbol=GOLDBEES/part-071030_137106-028042.parquet,real_data_sample\l2_unseen_validation\trade_date=2026-07-17\exchange=NSE\symbol=GOLDBEES\part-071030_137106-028042.parquet,34743,downloaded,34743,
2026-07-17,NSE,GOLDBEES,raw_l2/trade_date=2026-07-17/exchange=NSE/symbol=GOLDBEES/part-070903_971017-027850.parquet,real_data_sample\l2_unseen_validation\trade_date=2026-07-17\exchange=NSE\symbol=GOLDBEES\part-070903_971017-027850.parquet,34867,downloaded,34867,
2026-07-17,NSE,GOLDBEES,raw_l2/trade_date=2026-07-17/exchange=NSE/symbol=GOLDBEES/part-070933_048980-027914.parquet,real_data_sample\l2_unseen_validation\trade_date=2026-07-17\exchange=NSE\symbol=GOLDBEES\part-070933_048980-027914.parquet,34734,downloaded,34734,
2026-07-17,NSE,GOLDBEES,raw_l2/trade_date=2026-07-17/exchange=NSE/symbol=GOLDBEES/part-070918_339738-027882.parquet,real_data_sample\l2_unseen_validation\trade_date=2026-07-17\exchange=NSE\symbol=GOLDBEES\part-070918_339738-027882.parquet,34824,downloaded,34824,
2026-07-17,NSE,GOLDBEES,raw_l2/trade_date=2026-07-17/exchange=NSE/symbol=GOLDBEES/part-070947_607772-027946.parquet,real_data_sample\l2_unseen_validation\trade_date=2026-07-17\exchange=NSE\symbol=GOLDBEES\part-070947_607772-027946.parquet,34814,downloaded,34814,
2026-07-17,NSE,GOLDBEES,raw_l2/trade_date=2026-07-17/exchange=NSE/symbol=GOLDBEES/part-064114_992504-024074.parquet,real_data_sample\l2_unseen_validation\trade_date=2026-07-17\exchange=NSE\symbol=GOLDBEES\part-064114_992504-024074.parquet,34792,downloaded,34792,
2026-07-17,NSE,GOLDBEES,raw_l2/trade_date=2026-07-17/exchange=NSE/symbol=GOLDBEES/part-071001_892803-027978.parquet,real_data_sample\l2_unseen_validation\trade_date=2026-07-17\exchange=NSE\symbol=GOLDBEES\part-071001_892803-027978.parquet,34462,downloaded,34462,
2026-07-17,NSE,GOLDBEES,raw_l2/trade_date=2026-07-17/exchange=NSE/symbol=GOLDBEES/part-071016_079028-028010.parquet,real_data_sample\l2_unseen_validation\trade_date=2026-07-17\exchange=NSE\symbol=GOLDBEES\part-071016_079028-028010.parquet,34663,downloaded,34663,
2026-07-17,NSE,GOLDBEES,raw_l2/trade_date=2026-07-17/exchange=NSE/symbol=GOLDBEES/part-064333_524029-024394.parquet,real_data_sample\l2_unseen_validation\trade_date=2026-07-17\exchange=NSE\symbol=GOLDBEES\part-064333_524029-024394.parquet,34910,downloaded,34910,
2026-07-17,NSE,GOLDBEES,raw_l2/trade_date=2026-07-17/exchange=NSE/symbol=GOLDBEES/part-071044_247439-028074.parquet,real_data_sample\l2_unseen_validation\trade_date=2026-07-17\exchange=NSE\symbol=GOLDBEES\part-071044_247439-028074.parquet,34534,downloaded,34534,
2026-07-17,NSE,GOLDBEES,raw_l2/trade_date=2026-07-17/exchange=NSE/symbol=GOLDBEES/part-064032_964525-023978.parquet,real_data_sample\l2_unseen_validation\trade_date=2026-07-17\exchange=NSE\symbol=GOLDBEES\part-064032_964525-023978.parquet,34782,downloaded,34782,
2026-07-17,NSE,GOLDBEES,raw_l2/trade_date=2026-07-17/exchange=NSE/symbol=GOLDBEES/part-064401_024653-024458.parquet,real_data_sample\l2_unseen_validation\trade_date=2026-07-17\exchange=NSE\symbol=GOLDBEES\part-064401_024653-024458.parquet,34989,downloaded,34989,
2026-07-17,NSE,GOLDBEES,raw_l2/trade_date=2026-07-17/exchange=NSE/symbol=GOLDBEES/part-071058_968276-028106.parquet,real_data_sample\l2_unseen_validation\trade_date=2026-07-17\exchange=NSE\symbol=GOLDBEES\part-071058_968276-028106.parquet,34835,downloaded,34835,
2026-07-17,NSE,GOLDBEES,raw_l2/trade_date=2026-07-17/exchange=NSE/symbol=GOLDBEES/part-071113_457702-028138.parquet,real_data_sample\l2_unseen_validation\trade_date=2026-07-17\exchange=NSE\symbol=GOLDBEES\part-071113_457702-028138.parquet,35079,downloaded,35079,
2026-07-17,NSE,GOLDBEES,raw_l2/trade_date=2026-07-17/exchange=NSE/symbol=GOLDBEES/part-071127_976325-028170.parquet,real_data_sample\l2_unseen_validation\trade_date=2026-07-17\exchange=NSE\symbol=GOLDBEES\part-071127_976325-028170.parquet,35334,downloaded,35334,
2026-07-17,NSE,GOLDBEES,raw_l2/trade_date=2026-07-17/exchange=NSE/symbol=GOLDBEES/part-071142_635400-028202.parquet,real_data_sample\l2_unseen_validation\trade_date=2026-07-17\exchange=NSE\symbol=GOLDBEES\part-071142_635400-028202.parquet,35733,downloaded,35733,
2026-07-17,NSE,GOLDBEES,raw_l2/trade_date=2026-07-17/exchange=NSE/symbol=GOLDBEES/part-071157_212401-028234.parquet,real_data_sample\l2_unseen_validation\trade_date=2026-07-17\exchange=NSE\symbol=GOLDBEES\part-071157_212401-028234.parquet,35739,downloaded,35739,
2026-07-17,NSE,GOLDBEES,raw_l2/trade_date=2026-07-17/exchange=NSE/symbol=GOLDBEES/part-071211_601629-028266.parquet,real_data_sample\l2_unseen_validation\trade_date=2026-07-17\exchange=NSE\symbol=GOLDBEES\part-071211_601629-028266.parquet,35235,downloaded,35235,
2026-07-17,NSE,GOLDBEES,raw_l2/trade_date=2026-07-17/exchange=NSE/symbol=GOLDBEES/part-064018_941341-023946.parquet,real_data_sample\l2_unseen_validation\trade_date=2026-07-17\exchange=NSE\symbol=GOLDBEES\part-064018_941341-023946.parquet,34654,downloaded,34654,
2026-07-17,NSE,GOLDBEES,raw_l2/trade_date=2026-07-17/exchange=NSE/symbol=GOLDBEES/part-064414_775182-024490.parquet,real_data_sample\l2_unseen_validation\trade_date=2026-07-17\exchange=NSE\symbol=GOLDBEES\part-064414_775182-024490.parquet,34750,downloaded,34750,
2026-07-17,NSE,GOLDBEES,raw_l2/trade_date=2026-07-17/exchange=NSE/symbol=GOLDBEES/part-071240_618015-028330.parquet,real_data_sample\l2_unseen_validation\trade_date=2026-07-17\exchange=NSE\symbol=GOLDBEES\part-071240_618015-028330.parquet,34669,downloaded,34669,
2026-07-17,NSE,GOLDBEES,raw_l2/trade_date=2026-07-17/exchange=NSE/symbol=GOLDBEES/part-071226_153438-028298.parquet,real_data_sample\l2_unseen_validation\trade_date=2026-07-17\exchange=NSE\symbol=GOLDBEES\part-071226_153438-028298.parquet,34738,downloaded,34738,
2026-07-17,NSE,GOLDBEES,raw_l2/trade_date=2026-07-17/exchange=NSE/symbol=GOLDBEES/part-071309_086517-028394.parquet,real_data_sample\l2_unseen_validation\trade_date=2026-07-17\exchange=NSE\symbol=GOLDBEES\part-071309_086517-028394.parquet,34561,downloaded,34561,
2026-07-17,NSE,GOLDBEES,raw_l2/trade_date=2026-07-17/exchange=NSE/symbol=GOLDBEES/part-064004_812016-023914.parquet,real_data_sample\l2_unseen_validation\trade_date=2026-07-17\exchange=NSE\symbol=GOLDBEES\part-064004_812016-023914.parquet,34798,downloaded,34798,
2026-07-17,NSE,GOLDBEES,raw_l2/trade_date=2026-07-17/exchange=NSE/symbol=GOLDBEES/part-071254_929604-028362.parquet,real_data_sample\l2_unseen_validation\trade_date=2026-07-17\exchange=NSE\symbol=GOLDBEES\part-071254_929604-028362.parquet,35075,downloaded,35075,
2026-07-17,NSE,GOLDBEES,raw_l2/trade_date=2026-07-17/exchange=NSE/symbol=GOLDBEES/part-071323_418744-028426.parquet,real_data_sample\l2_unseen_validation\trade_date=2026-07-17\exchange=NSE\symbol=GOLDBEES\part-071323_418744-028426.parquet,34869,downloaded,34869,
2026-07-17,NSE,GOLDBEES,raw_l2/trade_date=2026-07-17/exchange=NSE/symbol=GOLDBEES/part-064156_723116-024170.parquet,real_data_sample\l2_unseen_validation\trade_date=2026-07-17\exchange=NSE\symbol=GOLDBEES\part-064156_723116-024170.parquet,34718,downloaded,34718,
2026-07-17,NSE,GOLDBEES,raw_l2/trade_date=2026-07-17/exchange=NSE/symbol=GOLDBEES/part-071601_365755-028778.parquet,real_data_sample\l2_unseen_validation\trade_date=2026-07-17\exchange=NSE\symbol=GOLDBEES\part-071601_365755-028778.parquet,34632,downloaded,34632,
2026-07-17,NSE,GOLDBEES,raw_l2/trade_date=2026-07-17/exchange=NSE/symbol=GOLDBEES/part-070835_180532-027786.parquet,real_data_sample\l2_unseen_validation\trade_date=2026-07-17\exchange=NSE\symbol=GOLDBEES\part-070835_180532-027786.parquet,34766,downloaded,34766,
2026-07-17,NSE,GOLDBEES,raw_l2/trade_date=2026-07-17/exchange=NSE/symbol=GOLDBEES/part-071615_581945-028810.parquet,real_data_sample\l2_unseen_validation\trade_date=2026-07-17\exchange=NSE\symbol=GOLDBEES\part-071615_581945-028810.parquet,34684,downloaded,34684,
2026-07-17,NSE,GOLDBEES,raw_l2/trade_date=2026-07-17/exchange=NSE/symbol=GOLDBEES/part-064456_549464-024586.parquet,real_data_sample\l2_unseen_validation\trade_date=2026-07-17\exchange=NSE\symbol=GOLDBEES\part-064456_549464-024586.parquet,34818,downloaded,34818,
2026-07-17,NSE,GOLDBEES,raw_l2/trade_date=2026-07-17/exchange=NSE/symbol=GOLDBEES/part-071629_864296-028842.parquet,real_data_sample\l2_unseen_validation\trade_date=2026-07-17\exchange=NSE\symbol=GOLDBEES\part-071629_864296-028842.parquet,34644,downloaded,34644,
2026-07-17,NSE,GOLDBEES,raw_l2/trade_date=2026-07-17/exchange=NSE/symbol=GOLDBEES/part-071546_860674-028746.parquet,real_data_sample\l2_unseen_validation\trade_date=2026-07-17\exchange=NSE\symbol=GOLDBEES\part-071546_860674-028746.parquet,34887,downloaded,34887,
2026-07-17,NSE,GOLDBEES,raw_l2/trade_date=2026-07-17/exchange=NSE/symbol=GOLDBEES/part-064101_059467-024042.parquet,real_data_sample\l2_unseen_validation\trade_date=2026-07-17\exchange=NSE\symbol=GOLDBEES\part-064101_059467-024042.parquet,34910,downloaded,34910,
2026-07-17,NSE,GOLDBEES,raw_l2/trade_date=2026-07-17/exchange=NSE/symbol=GOLDBEES/part-071658_331131-028906.parquet,real_data_sample\l2_unseen_validation\trade_date=2026-07-17\exchange=NSE\symbol=GOLDBEES\part-071658_331131-028906.parquet,34814,downloaded,34814,
2026-07-17,NSE,GOLDBEES,raw_l2/trade_date=2026-07-17/exchange=NSE/symbol=GOLDBEES/part-071532_406639-028714.parquet,real_data_sample\l2_unseen_validation\trade_date=2026-07-17\exchange=NSE\symbol=GOLDBEES\part-071532_406639-028714.parquet,34986,downloaded,34986,
2026-07-17,NSE,GOLDBEES,raw_l2/trade_date=2026-07-17/exchange=NSE/symbol=GOLDBEES/part-071352_142903-028490.parquet,real_data_sample\l2_unseen_validation\trade_date=2026-07-17\exchange=NSE\symbol=GOLDBEES\part-071352_142903-028490.parquet,34874,downloaded,34874,
2026-07-17,NSE,GOLDBEES,raw_l2/trade_date=2026-07-17/exchange=NSE/symbol=GOLDBEES/part-071644_106143-028874.parquet,real_data_sample\l2_unseen_validation\trade_date=2026-07-17\exchange=NSE\symbol=GOLDBEES\part-071644_106143-028874.parquet,34761,downloaded,34761,
2026-07-17,NSE,GOLDBEES,raw_l2/trade_date=2026-07-17/exchange=NSE/symbol=GOLDBEES/part-071420_655560-028554.parquet,real_data_sample\l2_unseen_validation\trade_date=2026-07-17\exchange=NSE\symbol=GOLDBEES\part-071420_655560-028554.parquet,34759,downloaded,34759,
2026-07-17,NSE,GOLDBEES,raw_l2/trade_date=2026-07-17/exchange=NSE/symbol=GOLDBEES/part-071518_130533-028682.parquet,real_data_sample\l2_unseen_validation\trade_date=2026-07-17\exchange=NSE\symbol=GOLDBEES\part-071518_130533-028682.parquet,34795,downloaded,34795,
2026-07-17,NSE,GOLDBEES,raw_l2/trade_date=2026-07-17/exchange=NSE/symbol=GOLDBEES/part-064143_007262-024138.parquet,real_data_sample\l2_unseen_validation\trade_date=2026-07-17\exchange=NSE\symbol=GOLDBEES\part-064143_007262-024138.parquet,35015,downloaded,35015,
2026-07-17,NSE,GOLDBEES,raw_l2/trade_date=2026-07-17/exchange=NSE/symbol=GOLDBEES/part-071503_683726-028650.parquet,real_data_sample\l2_unseen_validation\trade_date=2026-07-17\exchange=NSE\symbol=GOLDBEES\part-071503_683726-028650.parquet,34614,downloaded,34614,
2026-07-17,NSE,GOLDBEES,raw_l2/trade_date=2026-07-17/exchange=NSE/symbol=GOLDBEES/part-071434_875282-028586.parquet,real_data_sample\l2_unseen_validation\trade_date=2026-07-17\exchange=NSE\symbol=GOLDBEES\part-071434_875282-028586.parquet,34807,downloaded,34807,
2026-07-17,NSE,GOLDBEES,raw_l2/trade_date=2026-07-17/exchange=NSE/symbol=GOLDBEES/part-071337_613187-028458.parquet,real_data_sample\l2_unseen_validation\trade_date=2026-07-17\exchange=NSE\symbol=GOLDBEES\part-071337_613187-028458.parquet,34851,downloaded,34851,
2026-07-17,NSE,GOLDBEES,raw_l2/trade_date=2026-07-17/exchange=NSE/symbol=GOLDBEES/part-071449_243626-028618.parquet,real_data_sample\l2_unseen_validation\trade_date=2026-07-17\exchange=NSE\symbol=GOLDBEES\part-071449_243626-028618.parquet,34983,downloaded,34983,
2026-07-17,NSE,GOLDBEES,raw_l2/trade_date=2026-07-17/exchange=NSE/symbol=GOLDBEES/part-071406_366894-028522.parquet,real_data_sample\l2_unseen_validation\trade_date=2026-07-17\exchange=NSE\symbol=GOLDBEES\part-071406_366894-028522.parquet,34917,downloaded,34917,
2026-07-17,NSE,GOLDBEES,raw_l2/trade_date=2026-07-17/exchange=NSE/symbol=GOLDBEES/part-071726_534825-028970.parquet,real_data_sample\l2_unseen_validation\trade_date=2026-07-17\exchange=NSE\symbol=GOLDBEES\part-071726_534825-028970.parquet,34771,downloaded,34771,
2026-07-17,NSE,GOLDBEES,raw_l2/trade_date=2026-07-17/exchange=NSE/symbol=GOLDBEES/part-071740_846918-029002.parquet,real_data_sample\l2_unseen_validation\trade_date=2026-07-17\exchange=NSE\symbol=GOLDBEES\part-071740_846918-029002.parquet,34790,downloaded,34790,
2026-07-17,NSE,GOLDBEES,raw_l2/trade_date=2026-07-17/exchange=NSE/symbol=GOLDBEES/part-071712_408198-028938.parquet,real_data_sample\l2_unseen_validation\trade_date=2026-07-17\exchange=NSE\symbol=GOLDBEES\part-071712_408198-028938.parquet,34940,downloaded,34940,
2026-07-17,NSE,GOLDBEES,raw_l2/trade_date=2026-07-17/exchange=NSE/symbol=GOLDBEES/part-071823_908705-029098.parquet,real_data_sample\l2_unseen_validation\trade_date=2026-07-17\exchange=NSE\symbol=GOLDBEES\part-071823_908705-029098.parquet,34723,downloaded,34723,
2026-07-17,NSE,GOLDBEES,raw_l2/trade_date=2026-07-17/exchange=NSE/symbol=GOLDBEES/part-071809_464334-029066.parquet,real_data_sample\l2_unseen_validation\trade_date=2026-07-17\exchange=NSE\symbol=GOLDBEES\part-071809_464334-029066.parquet,34688,downloaded,34688,
2026-07-17,NSE,GOLDBEES,raw_l2/trade_date=2026-07-17/exchange=NSE/symbol=GOLDBEES/part-071755_123262-029034.parquet,real_data_sample\l2_unseen_validation\trade_date=2026-07-17\exchange=NSE\symbol=GOLDBEES\part-071755_123262-029034.parquet,34812,downloaded,34812,
2026-07-17,NSE,GOLDBEES,raw_l2/trade_date=2026-07-17/exchange=NSE/symbol=GOLDBEES/part-071922_254784-029226.parquet,real_data_sample\l2_unseen_validation\trade_date=2026-07-17\exchange=NSE\symbol=GOLDBEES\part-071922_254784-029226.parquet,34750,downloaded,34750,
2026-07-17,NSE,GOLDBEES,raw_l2/trade_date=2026-07-17/exchange=NSE/symbol=GOLDBEES/part-071853_208324-029162.parquet,real_data_sample\l2_unseen_validation\trade_date=2026-07-17\exchange=NSE\symbol=GOLDBEES\part-071853_208324-029162.parquet,34776,downloaded,34776,
2026-07-17,NSE,GOLDBEES,raw_l2/trade_date=2026-07-17/exchange=NSE/symbol=GOLDBEES/part-071908_091461-029194.parquet,real_data_sample\l2_unseen_validation\trade_date=2026-07-17\exchange=NSE\symbol=GOLDBEES\part-071908_091461-029194.parquet,34650,downloaded,34650,
2026-07-17,NSE,GOLDBEES,raw_l2/trade_date=2026-07-17/exchange=NSE/symbol=GOLDBEES/part-071838_187220-029130.parquet,real_data_sample\l2_unseen_validation\trade_date=2026-07-17\exchange=NSE\symbol=GOLDBEES\part-071838_187220-029130.parquet,34717,downloaded,34717,
2026-07-17,NSE,GOLDBEES,raw_l2/trade_date=2026-07-17/exchange=NSE/symbol=GOLDBEES/part-071936_628933-029258.parquet,real_data_sample\l2_unseen_validation\trade_date=2026-07-17\exchange=NSE\symbol=GOLDBEES\part-071936_628933-029258.parquet,34826,downloaded,34826,
2026-07-17,NSE,GOLDBEES,raw_l2/trade_date=2026-07-17/exchange=NSE/symbol=GOLDBEES/part-071950_850155-029290.parquet,real_data_sample\l2_unseen_validation\trade_date=2026-07-17\exchange=NSE\symbol=GOLDBEES\part-071950_850155-029290.parquet,34936,downloaded,34936,
2026-07-17,NSE,GOLDBEES,raw_l2/trade_date=2026-07-17/exchange=NSE/symbol=GOLDBEES/part-072019_361435-029354.parquet,real_data_sample\l2_unseen_validation\trade_date=2026-07-17\exchange=NSE\symbol=GOLDBEES\part-072019_361435-029354.parquet,34642,downloaded,34642,
2026-07-17,NSE,GOLDBEES,raw_l2/trade_date=2026-07-17/exchange=NSE/symbol=GOLDBEES/part-072004_977971-029322.parquet,real_data_sample\l2_unseen_validation\trade_date=2026-07-17\exchange=NSE\symbol=GOLDBEES\part-072004_977971-029322.parquet,34798,downloaded,34798,
2026-07-17,NSE,GOLDBEES,raw_l2/trade_date=2026-07-17/exchange=NSE/symbol=GOLDBEES/part-072047_915160-029418.parquet,real_data_sample\l2_unseen_validation\trade_date=2026-07-17\exchange=NSE\symbol=GOLDBEES\part-072047_915160-029418.parquet,34734,downloaded,34734,
2026-07-17,NSE,GOLDBEES,raw_l2/trade_date=2026-07-17/exchange=NSE/symbol=GOLDBEES/part-072102_139035-029450.parquet,real_data_sample\l2_unseen_validation\trade_date=2026-07-17\exchange=NSE\symbol=GOLDBEES\part-072102_139035-029450.parquet,34565,downloaded,34565,
2026-07-17,NSE,GOLDBEES,raw_l2/trade_date=2026-07-17/exchange=NSE/symbol=GOLDBEES/part-072130_471020-029514.parquet,real_data_sample\l2_unseen_validation\trade_date=2026-07-17\exchange=NSE\symbol=GOLDBEES\part-072130_471020-029514.parquet,34721,downloaded,34721,
2026-07-17,NSE,GOLDBEES,raw_l2/trade_date=2026-07-17/exchange=NSE/symbol=GOLDBEES/part-072116_342277-029482.parquet,real_data_sample\l2_unseen_validation\trade_date=2026-07-17\exchange=NSE\symbol=GOLDBEES\part-072116_342277-029482.parquet,34594,downloaded,34594,
2026-07-17,NSE,GOLDBEES,raw_l2/trade_date=2026-07-17/exchange=NSE/symbol=GOLDBEES/part-072421_827976-029898.parquet,real_data_sample\l2_unseen_validation\trade_date=2026-07-17\exchange=NSE\symbol=GOLDBEES\part-072421_827976-029898.parquet,34897,downloaded,34897,
2026-07-17,NSE,GOLDBEES,raw_l2/trade_date=2026-07-17/exchange=NSE/symbol=GOLDBEES/part-072324_650522-029770.parquet,real_data_sample\l2_unseen_validation\trade_date=2026-07-17\exchange=NSE\symbol=GOLDBEES\part-072324_650522-029770.parquet,35404,downloaded,35404,
2026-07-17,NSE,GOLDBEES,raw_l2/trade_date=2026-07-17/exchange=NSE/symbol=GOLDBEES/part-072158_687902-029578.parquet,real_data_sample\l2_unseen_validation\trade_date=2026-07-17\exchange=NSE\symbol=GOLDBEES\part-072158_687902-029578.parquet,34585,downloaded,34585,
2026-07-17,NSE,GOLDBEES,raw_l2/trade_date=2026-07-17/exchange=NSE/symbol=GOLDBEES/part-072213_628640-029610.parquet,real_data_sample\l2_unseen_validation\trade_date=2026-07-17\exchange=NSE\symbol=GOLDBEES\part-072213_628640-029610.parquet,34740,downloaded,34740,
2026-07-17,NSE,GOLDBEES,raw_l2/trade_date=2026-07-17/exchange=NSE/symbol=GOLDBEES/part-072227_630150-029642.parquet,real_data_sample\l2_unseen_validation\trade_date=2026-07-17\exchange=NSE\symbol=GOLDBEES\part-072227_630150-029642.parquet,34802,downloaded,34802,
2026-07-17,NSE,GOLDBEES,raw_l2/trade_date=2026-07-17/exchange=NSE/symbol=GOLDBEES/part-072256_126684-029706.parquet,real_data_sample\l2_unseen_validation\trade_date=2026-07-17\exchange=NSE\symbol=GOLDBEES\part-072256_126684-029706.parquet,34663,downloaded,34663,
2026-07-17,NSE,GOLDBEES,raw_l2/trade_date=2026-07-17/exchange=NSE/symbol=GOLDBEES/part-072310_441470-029738.parquet,real_data_sample\l2_unseen_validation\trade_date=2026-07-17\exchange=NSE\symbol=GOLDBEES\part-072310_441470-029738.parquet,35055,downloaded,35055,
2026-07-17,NSE,GOLDBEES,raw_l2/trade_date=2026-07-17/exchange=NSE/symbol=GOLDBEES/part-072407_632439-029866.parquet,real_data_sample\l2_unseen_validation\trade_date=2026-07-17\exchange=NSE\symbol=GOLDBEES\part-072407_632439-029866.parquet,35138,downloaded,35138,
2026-07-17,NSE,GOLDBEES,raw_l2/trade_date=2026-07-17/exchange=NSE/symbol=GOLDBEES/part-072339_115002-029802.parquet,real_data_sample\l2_unseen_validation\trade_date=2026-07-17\exchange=NSE\symbol=GOLDBEES\part-072339_115002-029802.parquet,35683,downloaded,35683,
2026-07-17,NSE,GOLDBEES,raw_l2/trade_date=2026-07-17/exchange=NSE/symbol=GOLDBEES/part-072241_932690-029674.parquet,real_data_sample\l2_unseen_validation\trade_date=2026-07-17\exchange=NSE\symbol=GOLDBEES\part-072241_932690-029674.parquet,35037,downloaded,35037,
2026-07-17,NSE,GOLDBEES,raw_l2/trade_date=2026-07-17/exchange=NSE/symbol=GOLDBEES/part-072353_418966-029834.parquet,real_data_sample\l2_unseen_validation\trade_date=2026-07-17\exchange=NSE\symbol=GOLDBEES\part-072353_418966-029834.parquet,35427,downloaded,35427,
2026-07-17,NSE,GOLDBEES,raw_l2/trade_date=2026-07-17/exchange=NSE/symbol=GOLDBEES/part-072630_074648-030186.parquet,real_data_sample\l2_unseen_validation\trade_date=2026-07-17\exchange=NSE\symbol=GOLDBEES\part-072630_074648-030186.parquet,35953,downloaded,35953,
2026-07-17,NSE,GOLDBEES,raw_l2/trade_date=2026-07-17/exchange=NSE/symbol=GOLDBEES/part-072615_767579-030154.parquet,real_data_sample\l2_unseen_validation\trade_date=2026-07-17\exchange=NSE\symbol=GOLDBEES\part-072615_767579-030154.parquet,35383,downloaded,35383,
2026-07-17,NSE,GOLDBEES,raw_l2/trade_date=2026-07-17/exchange=NSE/symbol=GOLDBEES/part-072547_627721-030090.parquet,real_data_sample\l2_unseen_validation\trade_date=2026-07-17\exchange=NSE\symbol=GOLDBEES\part-072547_627721-030090.parquet,35512,downloaded,35512,
2026-07-17,NSE,GOLDBEES,raw_l2/trade_date=2026-07-17/exchange=NSE/symbol=GOLDBEES/part-072601_665571-030122.parquet,real_data_sample\l2_unseen_validation\trade_date=2026-07-17\exchange=NSE\symbol=GOLDBEES\part-072601_665571-030122.parquet,35691,downloaded,35691,
2026-07-17,NSE,GOLDBEES,raw_l2/trade_date=2026-07-17/exchange=NSE/symbol=GOLDBEES/part-072519_117779-030026.parquet,real_data_sample\l2_unseen_validation\trade_date=2026-07-17\exchange=NSE\symbol=GOLDBEES\part-072519_117779-030026.parquet,35197,downloaded,35197,
2026-07-17,NSE,GOLDBEES,raw_l2/trade_date=2026-07-17/exchange=NSE/symbol=GOLDBEES/part-072505_042847-029994.parquet,real_data_sample\l2_unseen_validation\trade_date=2026-07-17\exchange=NSE\symbol=GOLDBEES\part-072505_042847-029994.parquet,34932,downloaded,34932,
2026-07-17,NSE,GOLDBEES,raw_l2/trade_date=2026-07-17/exchange=NSE/symbol=GOLDBEES/part-072450_425254-029962.parquet,real_data_sample\l2_unseen_validation\trade_date=2026-07-17\exchange=NSE\symbol=GOLDBEES\part-072450_425254-029962.parquet,34938,downloaded,34938,
2026-07-17,NSE,GOLDBEES,raw_l2/trade_date=2026-07-17/exchange=NSE/symbol=GOLDBEES/part-072533_331846-030058.parquet,real_data_sample\l2_unseen_validation\trade_date=2026-07-17\exchange=NSE\symbol=GOLDBEES\part-072533_331846-030058.parquet,35925,downloaded,35925,
2026-07-17,NSE,GOLDBEES,raw_l2/trade_date=2026-07-17/exchange=NSE/symbol=GOLDBEES/part-072644_588519-030218.parquet,real_data_sample\l2_unseen_validation\trade_date=2026-07-17\exchange=NSE\symbol=GOLDBEES\part-072644_588519-030218.parquet,35765,downloaded,35765,
2026-07-17,NSE,GOLDBEES,raw_l2/trade_date=2026-07-17/exchange=NSE/symbol=GOLDBEES/part-072436_138056-029930.parquet,real_data_sample\l2_unseen_validation\trade_date=2026-07-17\exchange=NSE\symbol=GOLDBEES\part-072436_138056-029930.parquet,34992,downloaded,34992,
2026-07-17,NSE,GOLDBEES,raw_l2/trade_date=2026-07-17/exchange=NSE/symbol=GOLDBEES/part-072727_651827-030314.parquet,real_data_sample\l2_unseen_validation\trade_date=2026-07-17\exchange=NSE\symbol=GOLDBEES\part-072727_651827-030314.parquet,35107,downloaded,35107,
2026-07-17,NSE,GOLDBEES,raw_l2/trade_date=2026-07-17/exchange=NSE/symbol=GOLDBEES/part-072658_656294-030250.parquet,real_data_sample\l2_unseen_validation\trade_date=2026-07-17\exchange=NSE\symbol=GOLDBEES\part-072658_656294-030250.parquet,35440,downloaded,35440,
2026-07-17,NSE,GOLDBEES,raw_l2/trade_date=2026-07-17/exchange=NSE/symbol=GOLDBEES/part-072713_112531-030282.parquet,real_data_sample\l2_unseen_validation\trade_date=2026-07-17\exchange=NSE\symbol=GOLDBEES\part-072713_112531-030282.parquet,35205,downloaded,35205,
2026-07-17,NSE,GOLDBEES,raw_l2/trade_date=2026-07-17/exchange=NSE/symbol=GOLDBEES/part-072741_963993-030346.parquet,real_data_sample\l2_unseen_validation\trade_date=2026-07-17\exchange=NSE\symbol=GOLDBEES\part-072741_963993-030346.parquet,35069,downloaded,35069,
2026-07-17,NSE,GOLDBEES,raw_l2/trade_date=2026-07-17/exchange=NSE/symbol=GOLDBEES/part-072033_691679-029386.parquet,real_data_sample\l2_unseen_validation\trade_date=2026-07-17\exchange=NSE\symbol=GOLDBEES\part-072033_691679-029386.parquet,34706,downloaded,34706,
2026-07-17,NSE,GOLDBEES,raw_l2/trade_date=2026-07-17/exchange=NSE/symbol=GOLDBEES/part-072756_393608-030378.parquet,real_data_sample\l2_unseen_validation\trade_date=2026-07-17\exchange=NSE\symbol=GOLDBEES\part-072756_393608-030378.parquet,35087,downloaded,35087,
2026-07-17,NSE,GOLDBEES,raw_l2/trade_date=2026-07-17/exchange=NSE/symbol=GOLDBEES/part-072810_964560-030410.parquet,real_data_sample\l2_unseen_validation\trade_date=2026-07-17\exchange=NSE\symbol=GOLDBEES\part-072810_964560-030410.parquet,36040,downloaded,36040,
2026-07-17,NSE,GOLDBEES,raw_l2/trade_date=2026-07-17/exchange=NSE/symbol=GOLDBEES/part-072825_337725-030442.parquet,real_data_sample\l2_unseen_validation\trade_date=2026-07-17\exchange=NSE\symbol=GOLDBEES\part-072825_337725-030442.parquet,34430,downloaded,34430,
2026-07-17,NSE,GOLDBEES,raw_l2/trade_date=2026-07-17/exchange=NSE/symbol=GOLDBEES/part-072840_903626-030474.parquet,real_data_sample\l2_unseen_validation\trade_date=2026-07-17\exchange=NSE\symbol=GOLDBEES\part-072840_903626-030474.parquet,34825,downloaded,34825,
2026-07-17,NSE,GOLDBEES,raw_l2/trade_date=2026-07-17/exchange=NSE/symbol=GOLDBEES/part-072144_572886-029546.parquet,real_data_sample\l2_unseen_validation\trade_date=2026-07-17\exchange=NSE\symbol=GOLDBEES\part-072144_572886-029546.parquet,34857,downloaded,34857,
2026-07-17,NSE,GOLDBEES,raw_l2/trade_date=2026-07-17/exchange=NSE/symbol=GOLDBEES/part-072855_668772-030506.parquet,real_data_sample\l2_unseen_validation\trade_date=2026-07-17\exchange=NSE\symbol=GOLDBEES\part-072855_668772-030506.parquet,34741,downloaded,34741,
2026-07-17,NSE,GOLDBEES,raw_l2/trade_date=2026-07-17/exchange=NSE/symbol=GOLDBEES/part-073051_398398-030762.parquet,real_data_sample\l2_unseen_validation\trade_date=2026-07-17\exchange=NSE\symbol=GOLDBEES\part-073051_398398-030762.parquet,34910,downloaded,34910,
2026-07-17,NSE,GOLDBEES,raw_l2/trade_date=2026-07-17/exchange=NSE/symbol=GOLDBEES/part-072954_193877-030634.parquet,real_data_sample\l2_unseen_validation\trade_date=2026-07-17\exchange=NSE\symbol=GOLDBEES\part-072954_193877-030634.parquet,34800,downloaded,34800,
2026-07-17,NSE,GOLDBEES,raw_l2/trade_date=2026-07-17/exchange=NSE/symbol=GOLDBEES/part-073037_091926-030730.parquet,real_data_sample\l2_unseen_validation\trade_date=2026-07-17\exchange=NSE\symbol=GOLDBEES\part-073037_091926-030730.parquet,34510,downloaded,34510,
2026-07-17,NSE,GOLDBEES,raw_l2/trade_date=2026-07-17/exchange=NSE/symbol=GOLDBEES/part-073022_854729-030698.parquet,real_data_sample\l2_unseen_validation\trade_date=2026-07-17\exchange=NSE\symbol=GOLDBEES\part-073022_854729-030698.parquet,34765,downloaded,34765,
2026-07-17,NSE,GOLDBEES,raw_l2/trade_date=2026-07-17/exchange=NSE/symbol=GOLDBEES/part-073008_564862-030666.parquet,real_data_sample\l2_unseen_validation\trade_date=2026-07-17\exchange=NSE\symbol=GOLDBEES\part-073008_564862-030666.parquet,34935,downloaded,34935,
2026-07-17,NSE,GOLDBEES,raw_l2/trade_date=2026-07-17/exchange=NSE/symbol=GOLDBEES/part-072939_717232-030602.parquet,real_data_sample\l2_unseen_validation\trade_date=2026-07-17\exchange=NSE\symbol=GOLDBEES\part-072939_717232-030602.parquet,34762,downloaded,34762,
2026-07-17,NSE,GOLDBEES,raw_l2/trade_date=2026-07-17/exchange=NSE/symbol=GOLDBEES/part-072925_042666-030570.parquet,real_data_sample\l2_unseen_validation\trade_date=2026-07-17\exchange=NSE\symbol=GOLDBEES\part-072925_042666-030570.parquet,34791,downloaded,34791,
2026-07-17,NSE,GOLDBEES,raw_l2/trade_date=2026-07-17/exchange=NSE/symbol=GOLDBEES/part-072910_296812-030538.parquet,real_data_sample\l2_unseen_validation\trade_date=2026-07-17\exchange=NSE\symbol=GOLDBEES\part-072910_296812-030538.parquet,34886,downloaded,34886,
2026-07-17,NSE,GOLDBEES,raw_l2/trade_date=2026-07-17/exchange=NSE/symbol=GOLDBEES/part-073203_152359-030922.parquet,real_data_sample\l2_unseen_validation\trade_date=2026-07-17\exchange=NSE\symbol=GOLDBEES\part-073203_152359-030922.parquet,34909,downloaded,34909,
2026-07-17,NSE,GOLDBEES,raw_l2/trade_date=2026-07-17/exchange=NSE/symbol=GOLDBEES/part-073148_875915-030890.parquet,real_data_sample\l2_unseen_validation\trade_date=2026-07-17\exchange=NSE\symbol=GOLDBEES\part-073148_875915-030890.parquet,34892,downloaded,34892,
2026-07-17,NSE,GOLDBEES,raw_l2/trade_date=2026-07-17/exchange=NSE/symbol=GOLDBEES/part-073217_329627-030954.parquet,real_data_sample\l2_unseen_validation\trade_date=2026-07-17\exchange=NSE\symbol=GOLDBEES\part-073217_329627-030954.parquet,35551,downloaded,35551,
2026-07-17,NSE,GOLDBEES,raw_l2/trade_date=2026-07-17/exchange=NSE/symbol=GOLDBEES/part-073259_893927-031050.parquet,real_data_sample\l2_unseen_validation\trade_date=2026-07-17\exchange=NSE\symbol=GOLDBEES\part-073259_893927-031050.parquet,35057,downloaded,35057,
2026-07-17,NSE,GOLDBEES,raw_l2/trade_date=2026-07-17/exchange=NSE/symbol=GOLDBEES/part-073231_400382-030986.parquet,real_data_sample\l2_unseen_validation\trade_date=2026-07-17\exchange=NSE\symbol=GOLDBEES\part-073231_400382-030986.parquet,35422,downloaded,35422,
2026-07-17,NSE,GOLDBEES,raw_l2/trade_date=2026-07-17/exchange=NSE/symbol=GOLDBEES/part-073245_619962-031018.parquet,real_data_sample\l2_unseen_validation\trade_date=2026-07-17\exchange=NSE\symbol=GOLDBEES\part-073245_619962-031018.parquet,35588,downloaded,35588,
2026-07-17,NSE,GOLDBEES,raw_l2/trade_date=2026-07-17/exchange=NSE/symbol=GOLDBEES/part-073342_832773-031146.parquet,real_data_sample\l2_unseen_validation\trade_date=2026-07-17\exchange=NSE\symbol=GOLDBEES\part-073342_832773-031146.parquet,34840,downloaded,34840,
2026-07-17,NSE,GOLDBEES,raw_l2/trade_date=2026-07-17/exchange=NSE/symbol=GOLDBEES/part-073425_413344-031242.parquet,real_data_sample\l2_unseen_validation\trade_date=2026-07-17\exchange=NSE\symbol=GOLDBEES\part-073425_413344-031242.parquet,34901,downloaded,34901,
2026-07-17,NSE,GOLDBEES,raw_l2/trade_date=2026-07-17/exchange=NSE/symbol=GOLDBEES/part-073454_064408-031306.parquet,real_data_sample\l2_unseen_validation\trade_date=2026-07-17\exchange=NSE\symbol=GOLDBEES\part-073454_064408-031306.parquet,34676,downloaded,34676,
2026-07-17,NSE,GOLDBEES,raw_l2/trade_date=2026-07-17/exchange=NSE/symbol=GOLDBEES/part-073411_098752-031210.parquet,real_data_sample\l2_unseen_validation\trade_date=2026-07-17\exchange=NSE\symbol=GOLDBEES\part-073411_098752-031210.parquet,34875,downloaded,34875,
2026-07-17,NSE,GOLDBEES,raw_l2/trade_date=2026-07-17/exchange=NSE/symbol=GOLDBEES/part-073314_139701-031082.parquet,real_data_sample\l2_unseen_validation\trade_date=2026-07-17\exchange=NSE\symbol=GOLDBEES\part-073314_139701-031082.parquet,35291,downloaded,35291,
2026-07-17,NSE,GOLDBEES,raw_l2/trade_date=2026-07-17/exchange=NSE/symbol=GOLDBEES/part-073328_453698-031114.parquet,real_data_sample\l2_unseen_validation\trade_date=2026-07-17\exchange=NSE\symbol=GOLDBEES\part-073328_453698-031114.parquet,34730,downloaded,34730,
2026-07-17,NSE,GOLDBEES,raw_l2/trade_date=2026-07-17/exchange=NSE/symbol=GOLDBEES/part-073120_356719-030826.parquet,real_data_sample\l2_unseen_validation\trade_date=2026-07-17\exchange=NSE\symbol=GOLDBEES\part-073120_356719-030826.parquet,34832,downloaded,34832,
2026-07-17,NSE,GOLDBEES,raw_l2/trade_date=2026-07-17/exchange=NSE/symbol=GOLDBEES/part-073105_963380-030794.parquet,real_data_sample\l2_unseen_validation\trade_date=2026-07-17\exchange=NSE\symbol=GOLDBEES\part-073105_963380-030794.parquet,34824,downloaded,34824,
2026-07-17,NSE,GOLDBEES,raw_l2/trade_date=2026-07-17/exchange=NSE/symbol=GOLDBEES/part-073134_358246-030858.parquet,real_data_sample\l2_unseen_validation\trade_date=2026-07-17\exchange=NSE\symbol=GOLDBEES\part-073134_358246-030858.parquet,34846,downloaded,34846,
2026-07-17,NSE,GOLDBEES,raw_l2/trade_date=2026-07-17/exchange=NSE/symbol=GOLDBEES/part-073356_884665-031178.parquet,real_data_sample\l2_unseen_validation\trade_date=2026-07-17\exchange=NSE\symbol=GOLDBEES\part-073356_884665-031178.parquet,34706,downloaded,34706,
2026-07-17,NSE,GOLDBEES,raw_l2/trade_date=2026-07-17/exchange=NSE/symbol=GOLDBEES/part-073439_711457-031274.parquet,real_data_sample\l2_unseen_validation\trade_date=2026-07-17\exchange=NSE\symbol=GOLDBEES\part-073439_711457-031274.parquet,34740,downloaded,34740,
2026-07-17,NSE,GOLDBEES,raw_l2/trade_date=2026-07-17/exchange=NSE/symbol=GOLDBEES/part-073522_340623-031370.parquet,real_data_sample\l2_unseen_validation\trade_date=2026-07-17\exchange=NSE\symbol=GOLDBEES\part-073522_340623-031370.parquet,34678,downloaded,34678,
2026-07-17,NSE,GOLDBEES,raw_l2/trade_date=2026-07-17/exchange=NSE/symbol=GOLDBEES/part-073536_667766-031402.parquet,real_data_sample\l2_unseen_validation\trade_date=2026-07-17\exchange=NSE\symbol=GOLDBEES\part-073536_667766-031402.parquet,34781,downloaded,34781,
2026-07-17,NSE,GOLDBEES,raw_l2/trade_date=2026-07-17/exchange=NSE/symbol=GOLDBEES/part-073604_892398-031466.parquet,real_data_sample\l2_unseen_validation\trade_date=2026-07-17\exchange=NSE\symbol=GOLDBEES\part-073604_892398-031466.parquet,34636,downloaded,34636,
2026-07-17,NSE,GOLDBEES,raw_l2/trade_date=2026-07-17/exchange=NSE/symbol=GOLDBEES/part-073550_843705-031434.parquet,real_data_sample\l2_unseen_validation\trade_date=2026-07-17\exchange=NSE\symbol=GOLDBEES\part-073550_843705-031434.parquet,34677,downloaded,34677,
2026-07-17,NSE,GOLDBEES,raw_l2/trade_date=2026-07-17/exchange=NSE/symbol=GOLDBEES/part-073633_612723-031530.parquet,real_data_sample\l2_unseen_validation\trade_date=2026-07-17\exchange=NSE\symbol=GOLDBEES\part-073633_612723-031530.parquet,34636,downloaded,34636,
2026-07-17,NSE,GOLDBEES,raw_l2/trade_date=2026-07-17/exchange=NSE/symbol=GOLDBEES/part-073647_851842-031562.parquet,real_data_sample\l2_unseen_validation\trade_date=2026-07-17\exchange=NSE\symbol=GOLDBEES\part-073647_851842-031562.parquet,34653,downloaded,34653,
2026-07-17,NSE,GOLDBEES,raw_l2/trade_date=2026-07-17/exchange=NSE/symbol=GOLDBEES/part-073730_079175-031658.parquet,real_data_sample\l2_unseen_validation\trade_date=2026-07-17\exchange=NSE\symbol=GOLDBEES\part-073730_079175-031658.parquet,34863,downloaded,34863,
2026-07-17,NSE,GOLDBEES,raw_l2/trade_date=2026-07-17/exchange=NSE/symbol=GOLDBEES/part-073716_085528-031626.parquet,real_data_sample\l2_unseen_validation\trade_date=2026-07-17\exchange=NSE\symbol=GOLDBEES\part-073716_085528-031626.parquet,34615,downloaded,34615,
2026-07-17,NSE,GOLDBEES,raw_l2/trade_date=2026-07-17/exchange=NSE/symbol=GOLDBEES/part-073702_126498-031594.parquet,real_data_sample\l2_unseen_validation\trade_date=2026-07-17\exchange=NSE\symbol=GOLDBEES\part-073702_126498-031594.parquet,34506,downloaded,34506,
2026-07-17,NSE,GOLDBEES,raw_l2/trade_date=2026-07-17/exchange=NSE/symbol=GOLDBEES/part-073508_182191-031338.parquet,real_data_sample\l2_unseen_validation\trade_date=2026-07-17\exchange=NSE\symbol=GOLDBEES\part-073508_182191-031338.parquet,34514,downloaded,34514,
2026-07-17,NSE,GOLDBEES,raw_l2/trade_date=2026-07-17/exchange=NSE/symbol=GOLDBEES/part-073923_052635-031914.parquet,real_data_sample\l2_unseen_validation\trade_date=2026-07-17\exchange=NSE\symbol=GOLDBEES\part-073923_052635-031914.parquet,34836,downloaded,34836,
2026-07-17,NSE,GOLDBEES,raw_l2/trade_date=2026-07-17/exchange=NSE/symbol=GOLDBEES/part-074005_315006-032010.parquet,real_data_sample\l2_unseen_validation\trade_date=2026-07-17\exchange=NSE\symbol=GOLDBEES\part-074005_315006-032010.parquet,34899,downloaded,34899,
2026-07-17,NSE,GOLDBEES,raw_l2/trade_date=2026-07-17/exchange=NSE/symbol=GOLDBEES/part-073840_517403-031818.parquet,real_data_sample\l2_unseen_validation\trade_date=2026-07-17\exchange=NSE\symbol=GOLDBEES\part-073840_517403-031818.parquet,34971,downloaded,34971,
2026-07-17,NSE,GOLDBEES,raw_l2/trade_date=2026-07-17/exchange=NSE/symbol=GOLDBEES/part-073854_507845-031850.parquet,real_data_sample\l2_unseen_validation\trade_date=2026-07-17\exchange=NSE\symbol=GOLDBEES\part-073854_507845-031850.parquet,34788,downloaded,34788,
2026-07-17,NSE,GOLDBEES,raw_l2/trade_date=2026-07-17/exchange=NSE/symbol=GOLDBEES/part-073909_105373-031882.parquet,real_data_sample\l2_unseen_validation\trade_date=2026-07-17\exchange=NSE\symbol=GOLDBEES\part-073909_105373-031882.parquet,34738,downloaded,34738,
2026-07-17,NSE,GOLDBEES,raw_l2/trade_date=2026-07-17/exchange=NSE/symbol=GOLDBEES/part-073937_066711-031946.parquet,real_data_sample\l2_unseen_validation\trade_date=2026-07-17\exchange=NSE\symbol=GOLDBEES\part-073937_066711-031946.parquet,34647,downloaded,34647,
2026-07-17,NSE,GOLDBEES,raw_l2/trade_date=2026-07-17/exchange=NSE/symbol=GOLDBEES/part-074240_190898-032362.parquet,real_data_sample\l2_unseen_validation\trade_date=2026-07-17\exchange=NSE\symbol=GOLDBEES\part-074240_190898-032362.parquet,34876,downloaded,34876,
2026-07-17,NSE,GOLDBEES,raw_l2/trade_date=2026-07-17/exchange=NSE/symbol=GOLDBEES/part-073744_054037-031690.parquet,real_data_sample\l2_unseen_validation\trade_date=2026-07-17\exchange=NSE\symbol=GOLDBEES\part-073744_054037-031690.parquet,34746,downloaded,34746,
2026-07-17,NSE,GOLDBEES,raw_l2/trade_date=2026-07-17/exchange=NSE/symbol=GOLDBEES/part-073826_396675-031786.parquet,real_data_sample\l2_unseen_validation\trade_date=2026-07-17\exchange=NSE\symbol=GOLDBEES\part-073826_396675-031786.parquet,34844,downloaded,34844,
2026-07-17,NSE,GOLDBEES,raw_l2/trade_date=2026-07-17/exchange=NSE/symbol=GOLDBEES/part-073812_306861-031754.parquet,real_data_sample\l2_unseen_validation\trade_date=2026-07-17\exchange=NSE\symbol=GOLDBEES\part-073812_306861-031754.parquet,35033,downloaded,35033,
2026-07-17,NSE,GOLDBEES,raw_l2/trade_date=2026-07-17/exchange=NSE/symbol=GOLDBEES/part-074226_275976-032330.parquet,real_data_sample\l2_unseen_validation\trade_date=2026-07-17\exchange=NSE\symbol=GOLDBEES\part-074226_275976-032330.parquet,34891,downloaded,34891,
2026-07-17,NSE,GOLDBEES,raw_l2/trade_date=2026-07-17/exchange=NSE/symbol=GOLDBEES/part-074033_569343-032074.parquet,real_data_sample\l2_unseen_validation\trade_date=2026-07-17\exchange=NSE\symbol=GOLDBEES\part-074033_569343-032074.parquet,34867,downloaded,34867,
2026-07-17,NSE,GOLDBEES,raw_l2/trade_date=2026-07-17/exchange=NSE/symbol=GOLDBEES/part-074158_324722-032266.parquet,real_data_sample\l2_unseen_validation\trade_date=2026-07-17\exchange=NSE\symbol=GOLDBEES\part-074158_324722-032266.parquet,34565,downloaded,34565,
2026-07-17,NSE,GOLDBEES,raw_l2/trade_date=2026-07-17/exchange=NSE/symbol=GOLDBEES/part-073758_061778-031722.parquet,real_data_sample\l2_unseen_validation\trade_date=2026-07-17\exchange=NSE\symbol=GOLDBEES\part-073758_061778-031722.parquet,34742,downloaded,34742,
2026-07-17,NSE,GOLDBEES,raw_l2/trade_date=2026-07-17/exchange=NSE/symbol=GOLDBEES/part-074212_323450-032298.parquet,real_data_sample\l2_unseen_validation\trade_date=2026-07-17\exchange=NSE\symbol=GOLDBEES\part-074212_323450-032298.parquet,34596,downloaded,34596,
2026-07-17,NSE,GOLDBEES,raw_l2/trade_date=2026-07-17/exchange=NSE/symbol=GOLDBEES/part-073951_082473-031978.parquet,real_data_sample\l2_unseen_validation\trade_date=2026-07-17\exchange=NSE\symbol=GOLDBEES\part-073951_082473-031978.parquet,34789,downloaded,34789,
2026-07-17,NSE,GOLDBEES,raw_l2/trade_date=2026-07-17/exchange=NSE/symbol=GOLDBEES/part-074047_801807-032106.parquet,real_data_sample\l2_unseen_validation\trade_date=2026-07-17\exchange=NSE\symbol=GOLDBEES\part-074047_801807-032106.parquet,34589,downloaded,34589,
2026-07-17,NSE,GOLDBEES,raw_l2/trade_date=2026-07-17/exchange=NSE/symbol=GOLDBEES/part-074308_311255-032426.parquet,real_data_sample\l2_unseen_validation\trade_date=2026-07-17\exchange=NSE\symbol=GOLDBEES\part-074308_311255-032426.parquet,34810,downloaded,34810,
2026-07-17,NSE,GOLDBEES,raw_l2/trade_date=2026-07-17/exchange=NSE/symbol=GOLDBEES/part-074254_287139-032394.parquet,real_data_sample\l2_unseen_validation\trade_date=2026-07-17\exchange=NSE\symbol=GOLDBEES\part-074254_287139-032394.parquet,34822,downloaded,34822,
2026-07-17,NSE,GOLDBEES,raw_l2/trade_date=2026-07-17/exchange=NSE/symbol=GOLDBEES/part-074322_268848-032458.parquet,real_data_sample\l2_unseen_validation\trade_date=2026-07-17\exchange=NSE\symbol=GOLDBEES\part-074322_268848-032458.parquet,35183,downloaded,35183,
2026-07-17,NSE,GOLDBEES,raw_l2/trade_date=2026-07-17/exchange=NSE/symbol=GOLDBEES/part-073619_225986-031498.parquet,real_data_sample\l2_unseen_validation\trade_date=2026-07-17\exchange=NSE\symbol=GOLDBEES\part-073619_225986-031498.parquet,34830,downloaded,34830,
2026-07-17,NSE,GOLDBEES,raw_l2/trade_date=2026-07-17/exchange=NSE/symbol=GOLDBEES/part-074019_623625-032042.parquet,real_data_sample\l2_unseen_validation\trade_date=2026-07-17\exchange=NSE\symbol=GOLDBEES\part-074019_623625-032042.parquet,34821,downloaded,34821,
2026-07-17,NSE,GOLDBEES,raw_l2/trade_date=2026-07-17/exchange=NSE/symbol=GOLDBEES/part-074350_679576-032522.parquet,real_data_sample\l2_unseen_validation\trade_date=2026-07-17\exchange=NSE\symbol=GOLDBEES\part-074350_679576-032522.parquet,35204,downloaded,35204,
2026-07-17,NSE,GOLDBEES,raw_l2/trade_date=2026-07-17/exchange=NSE/symbol=GOLDBEES/part-074130_073273-032202.parquet,real_data_sample\l2_unseen_validation\trade_date=2026-07-17\exchange=NSE\symbol=GOLDBEES\part-074130_073273-032202.parquet,34976,downloaded,34976,
2026-07-17,NSE,GOLDBEES,raw_l2/trade_date=2026-07-17/exchange=NSE/symbol=GOLDBEES/part-074101_847733-032138.parquet,real_data_sample\l2_unseen_validation\trade_date=2026-07-17\exchange=NSE\symbol=GOLDBEES\part-074101_847733-032138.parquet,34536,downloaded,34536,
2026-07-17,NSE,GOLDBEES,raw_l2/trade_date=2026-07-17/exchange=NSE/symbol=GOLDBEES/part-074144_279177-032234.parquet,real_data_sample\l2_unseen_validation\trade_date=2026-07-17\exchange=NSE\symbol=GOLDBEES\part-074144_279177-032234.parquet,34814,downloaded,34814,
2026-07-17,NSE,GOLDBEES,raw_l2/trade_date=2026-07-17/exchange=NSE/symbol=GOLDBEES/part-074336_378293-032490.parquet,real_data_sample\l2_unseen_validation\trade_date=2026-07-17\exchange=NSE\symbol=GOLDBEES\part-074336_378293-032490.parquet,35235,downloaded,35235,
2026-07-17,NSE,GOLDBEES,raw_l2/trade_date=2026-07-17/exchange=NSE/symbol=GOLDBEES/part-074116_034844-032170.parquet,real_data_sample\l2_unseen_validation\trade_date=2026-07-17\exchange=NSE\symbol=GOLDBEES\part-074116_034844-032170.parquet,34882,downloaded,34882,
2026-07-17,NSE,GOLDBEES,raw_l2/trade_date=2026-07-17/exchange=NSE/symbol=GOLDBEES/part-074405_301380-032554.parquet,real_data_sample\l2_unseen_validation\trade_date=2026-07-17\exchange=NSE\symbol=GOLDBEES\part-074405_301380-032554.parquet,35417,downloaded,35417,
2026-07-17,NSE,GOLDBEES,raw_l2/trade_date=2026-07-17/exchange=NSE/symbol=GOLDBEES/part-074419_342937-032586.parquet,real_data_sample\l2_unseen_validation\trade_date=2026-07-17\exchange=NSE\symbol=GOLDBEES\part-074419_342937-032586.parquet,35007,downloaded,35007,
2026-07-17,NSE,GOLDBEES,raw_l2/trade_date=2026-07-17/exchange=NSE/symbol=GOLDBEES/part-074433_316118-032618.parquet,real_data_sample\l2_unseen_validation\trade_date=2026-07-17\exchange=NSE\symbol=GOLDBEES\part-074433_316118-032618.parquet,34572,downloaded,34572,
2026-07-17,NSE,GOLDBEES,raw_l2/trade_date=2026-07-17/exchange=NSE/symbol=GOLDBEES/part-074447_301026-032650.parquet,real_data_sample\l2_unseen_validation\trade_date=2026-07-17\exchange=NSE\symbol=GOLDBEES\part-074447_301026-032650.parquet,34918,downloaded,34918,
2026-07-17,NSE,GOLDBEES,raw_l2/trade_date=2026-07-17/exchange=NSE/symbol=GOLDBEES/part-074529_827212-032746.parquet,real_data_sample\l2_unseen_validation\trade_date=2026-07-17\exchange=NSE\symbol=GOLDBEES\part-074529_827212-032746.parquet,34593,downloaded,34593,
2026-07-17,NSE,GOLDBEES,raw_l2/trade_date=2026-07-17/exchange=NSE/symbol=GOLDBEES/part-074515_580716-032714.parquet,real_data_sample\l2_unseen_validation\trade_date=2026-07-17\exchange=NSE\symbol=GOLDBEES\part-074515_580716-032714.parquet,34729,downloaded,34729,
2026-07-17,NSE,GOLDBEES,raw_l2/trade_date=2026-07-17/exchange=NSE/symbol=GOLDBEES/part-074501_321476-032682.parquet,real_data_sample\l2_unseen_validation\trade_date=2026-07-17\exchange=NSE\symbol=GOLDBEES\part-074501_321476-032682.parquet,34969,downloaded,34969,
2026-07-17,NSE,GOLDBEES,raw_l2/trade_date=2026-07-17/exchange=NSE/symbol=GOLDBEES/part-074543_835056-032778.parquet,real_data_sample\l2_unseen_validation\trade_date=2026-07-17\exchange=NSE\symbol=GOLDBEES\part-074543_835056-032778.parquet,34588,downloaded,34588,
2026-07-17,NSE,GOLDBEES,raw_l2/trade_date=2026-07-17/exchange=NSE/symbol=GOLDBEES/part-074557_852978-032810.parquet,real_data_sample\l2_unseen_validation\trade_date=2026-07-17\exchange=NSE\symbol=GOLDBEES\part-074557_852978-032810.parquet,34738,downloaded,34738,
2026-07-17,NSE,GOLDBEES,raw_l2/trade_date=2026-07-17/exchange=NSE/symbol=GOLDBEES/part-074612_428983-032842.parquet,real_data_sample\l2_unseen_validation\trade_date=2026-07-17\exchange=NSE\symbol=GOLDBEES\part-074612_428983-032842.parquet,34550,downloaded,34550,
2026-07-17,NSE,GOLDBEES,raw_l2/trade_date=2026-07-17/exchange=NSE/symbol=GOLDBEES/part-074655_177449-032938.parquet,real_data_sample\l2_unseen_validation\trade_date=2026-07-17\exchange=NSE\symbol=GOLDBEES\part-074655_177449-032938.parquet,34694,downloaded,34694,
2026-07-17,NSE,GOLDBEES,raw_l2/trade_date=2026-07-17/exchange=NSE/symbol=GOLDBEES/part-074737_542005-033034.parquet,real_data_sample\l2_unseen_validation\trade_date=2026-07-17\exchange=NSE\symbol=GOLDBEES\part-074737_542005-033034.parquet,34719,downloaded,34719,
2026-07-17,NSE,GOLDBEES,raw_l2/trade_date=2026-07-17/exchange=NSE/symbol=GOLDBEES/part-074916_297283-033258.parquet,real_data_sample\l2_unseen_validation\trade_date=2026-07-17\exchange=NSE\symbol=GOLDBEES\part-074916_297283-033258.parquet,34742,downloaded,34742,
2026-07-17,NSE,GOLDBEES,raw_l2/trade_date=2026-07-17/exchange=NSE/symbol=GOLDBEES/part-075137_627681-033578.parquet,real_data_sample\l2_unseen_validation\trade_date=2026-07-17\exchange=NSE\symbol=GOLDBEES\part-075137_627681-033578.parquet,34647,downloaded,34647,
2026-07-17,NSE,GOLDBEES,raw_l2/trade_date=2026-07-17/exchange=NSE/symbol=GOLDBEES/part-074626_598770-032874.parquet,real_data_sample\l2_unseen_validation\trade_date=2026-07-17\exchange=NSE\symbol=GOLDBEES\part-074626_598770-032874.parquet,34698,downloaded,34698,
2026-07-17,NSE,GOLDBEES,raw_l2/trade_date=2026-07-17/exchange=NSE/symbol=GOLDBEES/part-074958_300866-033354.parquet,real_data_sample\l2_unseen_validation\trade_date=2026-07-17\exchange=NSE\symbol=GOLDBEES\part-074958_300866-033354.parquet,34777,downloaded,34777,
2026-07-17,NSE,GOLDBEES,raw_l2/trade_date=2026-07-17/exchange=NSE/symbol=GOLDBEES/part-075123_532405-033546.parquet,real_data_sample\l2_unseen_validation\trade_date=2026-07-17\exchange=NSE\symbol=GOLDBEES\part-075123_532405-033546.parquet,34721,downloaded,34721,
2026-07-17,NSE,GOLDBEES,raw_l2/trade_date=2026-07-17/exchange=NSE/symbol=GOLDBEES/part-075109_490813-033514.parquet,real_data_sample\l2_unseen_validation\trade_date=2026-07-17\exchange=NSE\symbol=GOLDBEES\part-075109_490813-033514.parquet,34799,downloaded,34799,
2026-07-17,NSE,GOLDBEES,raw_l2/trade_date=2026-07-17/exchange=NSE/symbol=GOLDBEES/part-074709_125502-032970.parquet,real_data_sample\l2_unseen_validation\trade_date=2026-07-17\exchange=NSE\symbol=GOLDBEES\part-074709_125502-032970.parquet,34727,downloaded,34727,
2026-07-17,NSE,GOLDBEES,raw_l2/trade_date=2026-07-17/exchange=NSE/symbol=GOLDBEES/part-074902_102105-033226.parquet,real_data_sample\l2_unseen_validation\trade_date=2026-07-17\exchange=NSE\symbol=GOLDBEES\part-074902_102105-033226.parquet,34676,downloaded,34676,
2026-07-17,NSE,GOLDBEES,raw_l2/trade_date=2026-07-17/exchange=NSE/symbol=GOLDBEES/part-074640_939650-032906.parquet,real_data_sample\l2_unseen_validation\trade_date=2026-07-17\exchange=NSE\symbol=GOLDBEES\part-074640_939650-032906.parquet,34791,downloaded,34791,
2026-07-17,NSE,GOLDBEES,raw_l2/trade_date=2026-07-17/exchange=NSE/symbol=GOLDBEES/part-075026_863188-033418.parquet,real_data_sample\l2_unseen_validation\trade_date=2026-07-17\exchange=NSE\symbol=GOLDBEES\part-075026_863188-033418.parquet,34742,downloaded,34742,
2026-07-17,NSE,GOLDBEES,raw_l2/trade_date=2026-07-17/exchange=NSE/symbol=GOLDBEES/part-074833_785247-033162.parquet,real_data_sample\l2_unseen_validation\trade_date=2026-07-17\exchange=NSE\symbol=GOLDBEES\part-074833_785247-033162.parquet,34826,downloaded,34826,
2026-07-17,NSE,GOLDBEES,raw_l2/trade_date=2026-07-17/exchange=NSE/symbol=GOLDBEES/part-074819_551567-033130.parquet,real_data_sample\l2_unseen_validation\trade_date=2026-07-17\exchange=NSE\symbol=GOLDBEES\part-074819_551567-033130.parquet,34913,downloaded,34913,
2026-07-17,NSE,GOLDBEES,raw_l2/trade_date=2026-07-17/exchange=NSE/symbol=GOLDBEES/part-075012_295329-033386.parquet,real_data_sample\l2_unseen_validation\trade_date=2026-07-17\exchange=NSE\symbol=GOLDBEES\part-075012_295329-033386.parquet,34606,downloaded,34606,
2026-07-17,NSE,GOLDBEES,raw_l2/trade_date=2026-07-17/exchange=NSE/symbol=GOLDBEES/part-074751_564847-033066.parquet,real_data_sample\l2_unseen_validation\trade_date=2026-07-17\exchange=NSE\symbol=GOLDBEES\part-074751_564847-033066.parquet,34906,downloaded,34906,
2026-07-17,NSE,GOLDBEES,raw_l2/trade_date=2026-07-17/exchange=NSE/symbol=GOLDBEES/part-075055_535387-033482.parquet,real_data_sample\l2_unseen_validation\trade_date=2026-07-17\exchange=NSE\symbol=GOLDBEES\part-075055_535387-033482.parquet,34748,downloaded,34748,
2026-07-17,NSE,GOLDBEES,raw_l2/trade_date=2026-07-17/exchange=NSE/symbol=GOLDBEES/part-074847_874163-033194.parquet,real_data_sample\l2_unseen_validation\trade_date=2026-07-17\exchange=NSE\symbol=GOLDBEES\part-074847_874163-033194.parquet,34947,downloaded,34947,
2026-07-17,NSE,GOLDBEES,raw_l2/trade_date=2026-07-17/exchange=NSE/symbol=GOLDBEES/part-074930_281387-033290.parquet,real_data_sample\l2_unseen_validation\trade_date=2026-07-17\exchange=NSE\symbol=GOLDBEES\part-074930_281387-033290.parquet,34844,downloaded,34844,
2026-07-17,NSE,GOLDBEES,raw_l2/trade_date=2026-07-17/exchange=NSE/symbol=GOLDBEES/part-074723_407961-033002.parquet,real_data_sample\l2_unseen_validation\trade_date=2026-07-17\exchange=NSE\symbol=GOLDBEES\part-074723_407961-033002.parquet,34717,downloaded,34717,
2026-07-17,NSE,GOLDBEES,raw_l2/trade_date=2026-07-17/exchange=NSE/symbol=GOLDBEES/part-074805_586152-033098.parquet,real_data_sample\l2_unseen_validation\trade_date=2026-07-17\exchange=NSE\symbol=GOLDBEES\part-074805_586152-033098.parquet,34641,downloaded,34641,
2026-07-17,NSE,GOLDBEES,raw_l2/trade_date=2026-07-17/exchange=NSE/symbol=GOLDBEES/part-075041_547857-033450.parquet,real_data_sample\l2_unseen_validation\trade_date=2026-07-17\exchange=NSE\symbol=GOLDBEES\part-075041_547857-033450.parquet,34700,downloaded,34700,
2026-07-17,NSE,GOLDBEES,raw_l2/trade_date=2026-07-17/exchange=NSE/symbol=GOLDBEES/part-075151_815029-033610.parquet,real_data_sample\l2_unseen_validation\trade_date=2026-07-17\exchange=NSE\symbol=GOLDBEES\part-075151_815029-033610.parquet,34732,downloaded,34732,
2026-07-17,NSE,GOLDBEES,raw_l2/trade_date=2026-07-17/exchange=NSE/symbol=GOLDBEES/part-075206_366101-033642.parquet,real_data_sample\l2_unseen_validation\trade_date=2026-07-17\exchange=NSE\symbol=GOLDBEES\part-075206_366101-033642.parquet,34801,downloaded,34801,
2026-07-17,NSE,GOLDBEES,raw_l2/trade_date=2026-07-17/exchange=NSE/symbol=GOLDBEES/part-075220_561129-033674.parquet,real_data_sample\l2_unseen_validation\trade_date=2026-07-17\exchange=NSE\symbol=GOLDBEES\part-075220_561129-033674.parquet,34757,downloaded,34757,
2026-07-17,NSE,GOLDBEES,raw_l2/trade_date=2026-07-17/exchange=NSE/symbol=GOLDBEES/part-075234_665678-033706.parquet,real_data_sample\l2_unseen_validation\trade_date=2026-07-17\exchange=NSE\symbol=GOLDBEES\part-075234_665678-033706.parquet,34752,downloaded,34752,
2026-07-17,NSE,GOLDBEES,raw_l2/trade_date=2026-07-17/exchange=NSE/symbol=GOLDBEES/part-075248_674314-033738.parquet,real_data_sample\l2_unseen_validation\trade_date=2026-07-17\exchange=NSE\symbol=GOLDBEES\part-075248_674314-033738.parquet,34903,downloaded,34903,
2026-07-17,NSE,GOLDBEES,raw_l2/trade_date=2026-07-17/exchange=NSE/symbol=GOLDBEES/part-075303_425915-033770.parquet,real_data_sample\l2_unseen_validation\trade_date=2026-07-17\exchange=NSE\symbol=GOLDBEES\part-075303_425915-033770.parquet,34864,downloaded,34864,
2026-07-17,NSE,GOLDBEES,raw_l2/trade_date=2026-07-17/exchange=NSE/symbol=GOLDBEES/part-075317_631553-033802.parquet,real_data_sample\l2_unseen_validation\trade_date=2026-07-17\exchange=NSE\symbol=GOLDBEES\part-075317_631553-033802.parquet,34840,downloaded,34840,
2026-07-17,NSE,GOLDBEES,raw_l2/trade_date=2026-07-17/exchange=NSE/symbol=GOLDBEES/part-075331_662905-033834.parquet,real_data_sample\l2_unseen_validation\trade_date=2026-07-17\exchange=NSE\symbol=GOLDBEES\part-075331_662905-033834.parquet,34918,downloaded,34918,
2026-07-17,NSE,GOLDBEES,raw_l2/trade_date=2026-07-17/exchange=NSE/symbol=GOLDBEES/part-075345_577528-033866.parquet,real_data_sample\l2_unseen_validation\trade_date=2026-07-17\exchange=NSE\symbol=GOLDBEES\part-075345_577528-033866.parquet,34747,downloaded,34747,
2026-07-17,NSE,GOLDBEES,raw_l2/trade_date=2026-07-17/exchange=NSE/symbol=GOLDBEES/part-075413_870784-033930.parquet,real_data_sample\l2_unseen_validation\trade_date=2026-07-17\exchange=NSE\symbol=GOLDBEES\part-075413_870784-033930.parquet,34979,downloaded,34979,
2026-07-17,NSE,GOLDBEES,raw_l2/trade_date=2026-07-17/exchange=NSE/symbol=GOLDBEES/part-074944_298321-033322.parquet,real_data_sample\l2_unseen_validation\trade_date=2026-07-17\exchange=NSE\symbol=GOLDBEES\part-074944_298321-033322.parquet,34635,downloaded,34635,
2026-07-17,NSE,GOLDBEES,raw_l2/trade_date=2026-07-17/exchange=NSE/symbol=GOLDBEES/part-075427_843527-033962.parquet,real_data_sample\l2_unseen_validation\trade_date=2026-07-17\exchange=NSE\symbol=GOLDBEES\part-075427_843527-033962.parquet,35566,downloaded,35566,
2026-07-17,NSE,GOLDBEES,raw_l2/trade_date=2026-07-17/exchange=NSE/symbol=GOLDBEES/part-075606_403327-034186.parquet,real_data_sample\l2_unseen_validation\trade_date=2026-07-17\exchange=NSE\symbol=GOLDBEES\part-075606_403327-034186.parquet,34653,downloaded,34653,
2026-07-17,NSE,GOLDBEES,raw_l2/trade_date=2026-07-17/exchange=NSE/symbol=GOLDBEES/part-075538_356519-034122.parquet,real_data_sample\l2_unseen_validation\trade_date=2026-07-17\exchange=NSE\symbol=GOLDBEES\part-075538_356519-034122.parquet,34885,downloaded,34885,
2026-07-17,NSE,GOLDBEES,raw_l2/trade_date=2026-07-17/exchange=NSE/symbol=GOLDBEES/part-075510_381049-034058.parquet,real_data_sample\l2_unseen_validation\trade_date=2026-07-17\exchange=NSE\symbol=GOLDBEES\part-075510_381049-034058.parquet,35188,downloaded,35188,
2026-07-17,NSE,GOLDBEES,raw_l2/trade_date=2026-07-17/exchange=NSE/symbol=GOLDBEES/part-075955_392407-034698.parquet,real_data_sample\l2_unseen_validation\trade_date=2026-07-17\exchange=NSE\symbol=GOLDBEES\part-075955_392407-034698.parquet,34604,downloaded,34604,
2026-07-17,NSE,GOLDBEES,raw_l2/trade_date=2026-07-17/exchange=NSE/symbol=GOLDBEES/part-075441_954632-033994.parquet,real_data_sample\l2_unseen_validation\trade_date=2026-07-17\exchange=NSE\symbol=GOLDBEES\part-075441_954632-033994.parquet,35488,downloaded,35488,
2026-07-17,NSE,GOLDBEES,raw_l2/trade_date=2026-07-17/exchange=NSE/symbol=GOLDBEES/part-075649_152552-034282.parquet,real_data_sample\l2_unseen_validation\trade_date=2026-07-17\exchange=NSE\symbol=GOLDBEES\part-075649_152552-034282.parquet,34789,downloaded,34789,
2026-07-17,NSE,GOLDBEES,raw_l2/trade_date=2026-07-17/exchange=NSE/symbol=GOLDBEES/part-075717_697581-034346.parquet,real_data_sample\l2_unseen_validation\trade_date=2026-07-17\exchange=NSE\symbol=GOLDBEES\part-075717_697581-034346.parquet,34815,downloaded,34815,
2026-07-17,NSE,GOLDBEES,raw_l2/trade_date=2026-07-17/exchange=NSE/symbol=GOLDBEES/part-075359_623619-033898.parquet,real_data_sample\l2_unseen_validation\trade_date=2026-07-17\exchange=NSE\symbol=GOLDBEES\part-075359_623619-033898.parquet,34902,downloaded,34902,
2026-07-17,NSE,GOLDBEES,raw_l2/trade_date=2026-07-17/exchange=NSE/symbol=GOLDBEES/part-080025_154649-034762.parquet,real_data_sample\l2_unseen_validation\trade_date=2026-07-17\exchange=NSE\symbol=GOLDBEES\part-080025_154649-034762.parquet,34645,downloaded,34645,
2026-07-17,NSE,GOLDBEES,raw_l2/trade_date=2026-07-17/exchange=NSE/symbol=GOLDBEES/part-075634_897583-034250.parquet,real_data_sample\l2_unseen_validation\trade_date=2026-07-17\exchange=NSE\symbol=GOLDBEES\part-075634_897583-034250.parquet,34866,downloaded,34866,
2026-07-17,NSE,GOLDBEES,raw_l2/trade_date=2026-07-17/exchange=NSE/symbol=GOLDBEES/part-075456_142105-034026.parquet,real_data_sample\l2_unseen_validation\trade_date=2026-07-17\exchange=NSE\symbol=GOLDBEES\part-075456_142105-034026.parquet,35053,downloaded,35053,
2026-07-17,NSE,GOLDBEES,raw_l2/trade_date=2026-07-17/exchange=NSE/symbol=GOLDBEES/part-075746_405456-034410.parquet,real_data_sample\l2_unseen_validation\trade_date=2026-07-17\exchange=NSE\symbol=GOLDBEES\part-075746_405456-034410.parquet,34843,downloaded,34843,
2026-07-17,NSE,GOLDBEES,raw_l2/trade_date=2026-07-17/exchange=NSE/symbol=GOLDBEES/part-075858_135545-034570.parquet,real_data_sample\l2_unseen_validation\trade_date=2026-07-17\exchange=NSE\symbol=GOLDBEES\part-075858_135545-034570.parquet,34505,downloaded,34505,
2026-07-17,NSE,GOLDBEES,raw_l2/trade_date=2026-07-17/exchange=NSE/symbol=GOLDBEES/part-075524_413999-034090.parquet,real_data_sample\l2_unseen_validation\trade_date=2026-07-17\exchange=NSE\symbol=GOLDBEES\part-075524_413999-034090.parquet,34770,downloaded,34770,
2026-07-17,NSE,GOLDBEES,raw_l2/trade_date=2026-07-17/exchange=NSE/symbol=GOLDBEES/part-080010_477175-034730.parquet,real_data_sample\l2_unseen_validation\trade_date=2026-07-17\exchange=NSE\symbol=GOLDBEES\part-080010_477175-034730.parquet,34852,downloaded,34852,
2026-07-17,NSE,GOLDBEES,raw_l2/trade_date=2026-07-17/exchange=NSE/symbol=GOLDBEES/part-075940_978101-034666.parquet,real_data_sample\l2_unseen_validation\trade_date=2026-07-17\exchange=NSE\symbol=GOLDBEES\part-075940_978101-034666.parquet,34935,downloaded,34935,
2026-07-17,NSE,GOLDBEES,raw_l2/trade_date=2026-07-17/exchange=NSE/symbol=GOLDBEES/part-075912_452699-034602.parquet,real_data_sample\l2_unseen_validation\trade_date=2026-07-17\exchange=NSE\symbol=GOLDBEES\part-075912_452699-034602.parquet,34779,downloaded,34779,
2026-07-17,NSE,GOLDBEES,raw_l2/trade_date=2026-07-17/exchange=NSE/symbol=GOLDBEES/part-075800_677860-034442.parquet,real_data_sample\l2_unseen_validation\trade_date=2026-07-17\exchange=NSE\symbol=GOLDBEES\part-075800_677860-034442.parquet,34632,downloaded,34632,
2026-07-17,NSE,GOLDBEES,raw_l2/trade_date=2026-07-17/exchange=NSE/symbol=GOLDBEES/part-080053_885690-034826.parquet,real_data_sample\l2_unseen_validation\trade_date=2026-07-17\exchange=NSE\symbol=GOLDBEES\part-080053_885690-034826.parquet,34602,downloaded,34602,
2026-07-17,NSE,GOLDBEES,raw_l2/trade_date=2026-07-17/exchange=NSE/symbol=GOLDBEES/part-075926_686320-034634.parquet,real_data_sample\l2_unseen_validation\trade_date=2026-07-17\exchange=NSE\symbol=GOLDBEES\part-075926_686320-034634.parquet,34602,downloaded,34602,
2026-07-17,NSE,GOLDBEES,raw_l2/trade_date=2026-07-17/exchange=NSE/symbol=GOLDBEES/part-075843_943511-034538.parquet,real_data_sample\l2_unseen_validation\trade_date=2026-07-17\exchange=NSE\symbol=GOLDBEES\part-075843_943511-034538.parquet,34859,downloaded,34859,
2026-07-17,NSE,GOLDBEES,raw_l2/trade_date=2026-07-17/exchange=NSE/symbol=GOLDBEES/part-075703_396806-034314.parquet,real_data_sample\l2_unseen_validation\trade_date=2026-07-17\exchange=NSE\symbol=GOLDBEES\part-075703_396806-034314.parquet,34746,downloaded,34746,
2026-07-17,NSE,GOLDBEES,raw_l2/trade_date=2026-07-17/exchange=NSE/symbol=GOLDBEES/part-080039_372745-034794.parquet,real_data_sample\l2_unseen_validation\trade_date=2026-07-17\exchange=NSE\symbol=GOLDBEES\part-080039_372745-034794.parquet,34728,downloaded,34728,
2026-07-17,NSE,GOLDBEES,raw_l2/trade_date=2026-07-17/exchange=NSE/symbol=GOLDBEES/part-075829_632961-034506.parquet,real_data_sample\l2_unseen_validation\trade_date=2026-07-17\exchange=NSE\symbol=GOLDBEES\part-075829_632961-034506.parquet,34534,downloaded,34534,
2026-07-17,NSE,GOLDBEES,raw_l2/trade_date=2026-07-17/exchange=NSE/symbol=GOLDBEES/part-075815_276621-034474.parquet,real_data_sample\l2_unseen_validation\trade_date=2026-07-17\exchange=NSE\symbol=GOLDBEES\part-075815_276621-034474.parquet,34513,downloaded,34513,
2026-07-17,NSE,GOLDBEES,raw_l2/trade_date=2026-07-17/exchange=NSE/symbol=GOLDBEES/part-075732_002334-034378.parquet,real_data_sample\l2_unseen_validation\trade_date=2026-07-17\exchange=NSE\symbol=GOLDBEES\part-075732_002334-034378.parquet,34757,downloaded,34757,
2026-07-17,NSE,GOLDBEES,raw_l2/trade_date=2026-07-17/exchange=NSE/symbol=GOLDBEES/part-080108_222020-034858.parquet,real_data_sample\l2_unseen_validation\trade_date=2026-07-17\exchange=NSE\symbol=GOLDBEES\part-080108_222020-034858.parquet,34664,downloaded,34664,
2026-07-17,NSE,GOLDBEES,raw_l2/trade_date=2026-07-17/exchange=NSE/symbol=GOLDBEES/part-075552_365277-034154.parquet,real_data_sample\l2_unseen_validation\trade_date=2026-07-17\exchange=NSE\symbol=GOLDBEES\part-075552_365277-034154.parquet,34559,downloaded,34559,
2026-07-17,NSE,GOLDBEES,raw_l2/trade_date=2026-07-17/exchange=NSE/symbol=GOLDBEES/part-075620_669728-034218.parquet,real_data_sample\l2_unseen_validation\trade_date=2026-07-17\exchange=NSE\symbol=GOLDBEES\part-075620_669728-034218.parquet,34704,downloaded,34704,
2026-07-17,NSE,GOLDBEES,raw_l2/trade_date=2026-07-17/exchange=NSE/symbol=GOLDBEES/part-080248_993641-035082.parquet,real_data_sample\l2_unseen_validation\trade_date=2026-07-17\exchange=NSE\symbol=GOLDBEES\part-080248_993641-035082.parquet,34788,downloaded,34788,
2026-07-17,NSE,GOLDBEES,raw_l2/trade_date=2026-07-17/exchange=NSE/symbol=GOLDBEES/part-080515_997886-035402.parquet,real_data_sample\l2_unseen_validation\trade_date=2026-07-17\exchange=NSE\symbol=GOLDBEES\part-080515_997886-035402.parquet,35009,downloaded,35009,
2026-07-17,NSE,GOLDBEES,raw_l2/trade_date=2026-07-17/exchange=NSE/symbol=GOLDBEES/part-080219_626531-035018.parquet,real_data_sample\l2_unseen_validation\trade_date=2026-07-17\exchange=NSE\symbol=GOLDBEES\part-080219_626531-035018.parquet,34858,downloaded,34858,
2026-07-17,NSE,GOLDBEES,raw_l2/trade_date=2026-07-17/exchange=NSE/symbol=GOLDBEES/part-080545_634641-035466.parquet,real_data_sample\l2_unseen_validation\trade_date=2026-07-17\exchange=NSE\symbol=GOLDBEES\part-080545_634641-035466.parquet,34827,downloaded,34827,
2026-07-17,NSE,GOLDBEES,raw_l2/trade_date=2026-07-17/exchange=NSE/symbol=GOLDBEES/part-080628_213913-035562.parquet,real_data_sample\l2_unseen_validation\trade_date=2026-07-17\exchange=NSE\symbol=GOLDBEES\part-080628_213913-035562.parquet,34788,downloaded,34788,
2026-07-17,NSE,GOLDBEES,raw_l2/trade_date=2026-07-17/exchange=NSE/symbol=GOLDBEES/part-080642_764916-035594.parquet,real_data_sample\l2_unseen_validation\trade_date=2026-07-17\exchange=NSE\symbol=GOLDBEES\part-080642_764916-035594.parquet,34675,downloaded,34675,
2026-07-17,NSE,GOLDBEES,raw_l2/trade_date=2026-07-17/exchange=NSE/symbol=GOLDBEES/part-080303_191585-035114.parquet,real_data_sample\l2_unseen_validation\trade_date=2026-07-17\exchange=NSE\symbol=GOLDBEES\part-080303_191585-035114.parquet,34709,downloaded,34709,
2026-07-17,NSE,GOLDBEES,raw_l2/trade_date=2026-07-17/exchange=NSE/symbol=GOLDBEES/part-080234_099694-035050.parquet,real_data_sample\l2_unseen_validation\trade_date=2026-07-17\exchange=NSE\symbol=GOLDBEES\part-080234_099694-035050.parquet,34474,downloaded,34474,
2026-07-17,NSE,GOLDBEES,raw_l2/trade_date=2026-07-17/exchange=NSE/symbol=GOLDBEES/part-080657_061913-035626.parquet,real_data_sample\l2_unseen_validation\trade_date=2026-07-17\exchange=NSE\symbol=GOLDBEES\part-080657_061913-035626.parquet,34697,downloaded,34697,
2026-07-17,NSE,GOLDBEES,raw_l2/trade_date=2026-07-17/exchange=NSE/symbol=GOLDBEES/part-080613_834841-035530.parquet,real_data_sample\l2_unseen_validation\trade_date=2026-07-17\exchange=NSE\symbol=GOLDBEES\part-080613_834841-035530.parquet,34630,downloaded,34630,
2026-07-17,NSE,GOLDBEES,raw_l2/trade_date=2026-07-17/exchange=NSE/symbol=GOLDBEES/part-080531_135748-035434.parquet,real_data_sample\l2_unseen_validation\trade_date=2026-07-17\exchange=NSE\symbol=GOLDBEES\part-080531_135748-035434.parquet,34818,downloaded,34818,
2026-07-17,NSE,GOLDBEES,raw_l2/trade_date=2026-07-17/exchange=NSE/symbol=GOLDBEES/part-080415_640046-035274.parquet,real_data_sample\l2_unseen_validation\trade_date=2026-07-17\exchange=NSE\symbol=GOLDBEES\part-080415_640046-035274.parquet,34670,downloaded,34670,
2026-07-17,NSE,GOLDBEES,raw_l2/trade_date=2026-07-17/exchange=NSE/symbol=GOLDBEES/part-080559_608430-035498.parquet,real_data_sample\l2_unseen_validation\trade_date=2026-07-17\exchange=NSE\symbol=GOLDBEES\part-080559_608430-035498.parquet,34751,downloaded,34751,
2026-07-17,NSE,GOLDBEES,raw_l2/trade_date=2026-07-17/exchange=NSE/symbol=GOLDBEES/part-080446_985080-035338.parquet,real_data_sample\l2_unseen_validation\trade_date=2026-07-17\exchange=NSE\symbol=GOLDBEES\part-080446_985080-035338.parquet,34921,downloaded,34921,
2026-07-17,NSE,GOLDBEES,raw_l2/trade_date=2026-07-17/exchange=NSE/symbol=GOLDBEES/part-080317_500700-035146.parquet,real_data_sample\l2_unseen_validation\trade_date=2026-07-17\exchange=NSE\symbol=GOLDBEES\part-080317_500700-035146.parquet,34780,downloaded,34780,
2026-07-17,NSE,GOLDBEES,raw_l2/trade_date=2026-07-17/exchange=NSE/symbol=GOLDBEES/part-080401_044337-035242.parquet,real_data_sample\l2_unseen_validation\trade_date=2026-07-17\exchange=NSE\symbol=GOLDBEES\part-080401_044337-035242.parquet,34746,downloaded,34746,
2026-07-17,NSE,GOLDBEES,raw_l2/trade_date=2026-07-17/exchange=NSE/symbol=GOLDBEES/part-080810_228482-035786.parquet,real_data_sample\l2_unseen_validation\trade_date=2026-07-17\exchange=NSE\symbol=GOLDBEES\part-080810_228482-035786.parquet,34931,downloaded,34931,
2026-07-17,NSE,GOLDBEES,raw_l2/trade_date=2026-07-17/exchange=NSE/symbol=GOLDBEES/part-080726_125288-035690.parquet,real_data_sample\l2_unseen_validation\trade_date=2026-07-17\exchange=NSE\symbol=GOLDBEES\part-080726_125288-035690.parquet,34749,downloaded,34749,
2026-07-17,NSE,GOLDBEES,raw_l2/trade_date=2026-07-17/exchange=NSE/symbol=GOLDBEES/part-080740_483667-035722.parquet,real_data_sample\l2_unseen_validation\trade_date=2026-07-17\exchange=NSE\symbol=GOLDBEES\part-080740_483667-035722.parquet,34664,downloaded,34664,
2026-07-17,NSE,GOLDBEES,raw_l2/trade_date=2026-07-17/exchange=NSE/symbol=GOLDBEES/part-080346_310715-035210.parquet,real_data_sample\l2_unseen_validation\trade_date=2026-07-17\exchange=NSE\symbol=GOLDBEES\part-080346_310715-035210.parquet,34888,downloaded,34888,
2026-07-17,NSE,GOLDBEES,raw_l2/trade_date=2026-07-17/exchange=NSE/symbol=GOLDBEES/part-080501_797925-035370.parquet,real_data_sample\l2_unseen_validation\trade_date=2026-07-17\exchange=NSE\symbol=GOLDBEES\part-080501_797925-035370.parquet,34973,downloaded,34973,
2026-07-17,NSE,GOLDBEES,raw_l2/trade_date=2026-07-17/exchange=NSE/symbol=GOLDBEES/part-080711_713980-035658.parquet,real_data_sample\l2_unseen_validation\trade_date=2026-07-17\exchange=NSE\symbol=GOLDBEES\part-080711_713980-035658.parquet,34809,downloaded,34809,
2026-07-17,NSE,GOLDBEES,raw_l2/trade_date=2026-07-17/exchange=NSE/symbol=GOLDBEES/part-080205_528062-034986.parquet,real_data_sample\l2_unseen_validation\trade_date=2026-07-17\exchange=NSE\symbol=GOLDBEES\part-080205_528062-034986.parquet,34702,downloaded,34702,
2026-07-17,NSE,GOLDBEES,raw_l2/trade_date=2026-07-17/exchange=NSE/symbol=GOLDBEES/part-080331_779738-035178.parquet,real_data_sample\l2_unseen_validation\trade_date=2026-07-17\exchange=NSE\symbol=GOLDBEES\part-080331_779738-035178.parquet,34758,downloaded,34758,
2026-07-17,NSE,GOLDBEES,raw_l2/trade_date=2026-07-17/exchange=NSE/symbol=GOLDBEES/part-080755_355039-035754.parquet,real_data_sample\l2_unseen_validation\trade_date=2026-07-17\exchange=NSE\symbol=GOLDBEES\part-080755_355039-035754.parquet,34441,downloaded,34441,
2026-07-17,NSE,GOLDBEES,raw_l2/trade_date=2026-07-17/exchange=NSE/symbol=GOLDBEES/part-080431_365644-035306.parquet,real_data_sample\l2_unseen_validation\trade_date=2026-07-17\exchange=NSE\symbol=GOLDBEES\part-080431_365644-035306.parquet,34655,downloaded,34655,
2026-07-17,NSE,GOLDBEES,raw_l2/trade_date=2026-07-17/exchange=NSE/symbol=GOLDBEES/part-080151_026791-034954.parquet,real_data_sample\l2_unseen_validation\trade_date=2026-07-17\exchange=NSE\symbol=GOLDBEES\part-080151_026791-034954.parquet,34680,downloaded,34680,
2026-07-17,NSE,GOLDBEES,raw_l2/trade_date=2026-07-17/exchange=NSE/symbol=GOLDBEES/part-080839_156526-035850.parquet,real_data_sample\l2_unseen_validation\trade_date=2026-07-17\exchange=NSE\symbol=GOLDBEES\part-080839_156526-035850.parquet,34683,downloaded,34683,
2026-07-17,NSE,GOLDBEES,raw_l2/trade_date=2026-07-17/exchange=NSE/symbol=GOLDBEES/part-080824_469082-035818.parquet,real_data_sample\l2_unseen_validation\trade_date=2026-07-17\exchange=NSE\symbol=GOLDBEES\part-080824_469082-035818.parquet,34946,downloaded,34946,
2026-07-17,NSE,GOLDBEES,raw_l2/trade_date=2026-07-17/exchange=NSE/symbol=GOLDBEES/part-080853_759976-035882.parquet,real_data_sample\l2_unseen_validation\trade_date=2026-07-17\exchange=NSE\symbol=GOLDBEES\part-080853_759976-035882.parquet,34642,downloaded,34642,
2026-07-17,NSE,GOLDBEES,raw_l2/trade_date=2026-07-17/exchange=NSE/symbol=GOLDBEES/part-080122_382392-034890.parquet,real_data_sample\l2_unseen_validation\trade_date=2026-07-17\exchange=NSE\symbol=GOLDBEES\part-080122_382392-034890.parquet,34801,downloaded,34801,
2026-07-17,NSE,GOLDBEES,raw_l2/trade_date=2026-07-17/exchange=NSE/symbol=GOLDBEES/part-080908_329914-035914.parquet,real_data_sample\l2_unseen_validation\trade_date=2026-07-17\exchange=NSE\symbol=GOLDBEES\part-080908_329914-035914.parquet,34655,downloaded,34655,
2026-07-17,NSE,GOLDBEES,raw_l2/trade_date=2026-07-17/exchange=NSE/symbol=GOLDBEES/part-080923_252496-035946.parquet,real_data_sample\l2_unseen_validation\trade_date=2026-07-17\exchange=NSE\symbol=GOLDBEES\part-080923_252496-035946.parquet,35022,downloaded,35022,
2026-07-17,NSE,GOLDBEES,raw_l2/trade_date=2026-07-17/exchange=NSE/symbol=GOLDBEES/part-081617_805538-036874.parquet,real_data_sample\l2_unseen_validation\trade_date=2026-07-17\exchange=NSE\symbol=GOLDBEES\part-081617_805538-036874.parquet,34702,downloaded,34702,
2026-07-17,NSE,GOLDBEES,raw_l2/trade_date=2026-07-17/exchange=NSE/symbol=GOLDBEES/part-080136_668478-034922.parquet,real_data_sample\l2_unseen_validation\trade_date=2026-07-17\exchange=NSE\symbol=GOLDBEES\part-080136_668478-034922.parquet,34926,downloaded,34926,
2026-07-17,NSE,GOLDBEES,raw_l2/trade_date=2026-07-17/exchange=NSE/symbol=GOLDBEES/part-081425_458644-036618.parquet,real_data_sample\l2_unseen_validation\trade_date=2026-07-17\exchange=NSE\symbol=GOLDBEES\part-081425_458644-036618.parquet,34801,downloaded,34801,
2026-07-17,NSE,GOLDBEES,raw_l2/trade_date=2026-07-17/exchange=NSE/symbol=GOLDBEES/part-081439_685234-036650.parquet,real_data_sample\l2_unseen_validation\trade_date=2026-07-17\exchange=NSE\symbol=GOLDBEES\part-081439_685234-036650.parquet,34546,downloaded,34546,
2026-07-17,NSE,GOLDBEES,raw_l2/trade_date=2026-07-17/exchange=NSE/symbol=GOLDBEES/part-081051_586580-036138.parquet,real_data_sample\l2_unseen_validation\trade_date=2026-07-17\exchange=NSE\symbol=GOLDBEES\part-081051_586580-036138.parquet,34870,downloaded,34870,
2026-07-17,NSE,GOLDBEES,raw_l2/trade_date=2026-07-17/exchange=NSE/symbol=GOLDBEES/part-081216_350142-036330.parquet,real_data_sample\l2_unseen_validation\trade_date=2026-07-17\exchange=NSE\symbol=GOLDBEES\part-081216_350142-036330.parquet,34720,downloaded,34720,
2026-07-17,NSE,GOLDBEES,raw_l2/trade_date=2026-07-17/exchange=NSE/symbol=GOLDBEES/part-081314_181328-036458.parquet,real_data_sample\l2_unseen_validation\trade_date=2026-07-17\exchange=NSE\symbol=GOLDBEES\part-081314_181328-036458.parquet,34974,downloaded,34974,
2026-07-17,NSE,GOLDBEES,raw_l2/trade_date=2026-07-17/exchange=NSE/symbol=GOLDBEES/part-081521_834247-036746.parquet,real_data_sample\l2_unseen_validation\trade_date=2026-07-17\exchange=NSE\symbol=GOLDBEES\part-081521_834247-036746.parquet,34744,downloaded,34744,
2026-07-17,NSE,GOLDBEES,raw_l2/trade_date=2026-07-17/exchange=NSE/symbol=GOLDBEES/part-081549_850827-036810.parquet,real_data_sample\l2_unseen_validation\trade_date=2026-07-17\exchange=NSE\symbol=GOLDBEES\part-081549_850827-036810.parquet,34728,downloaded,34728,
2026-07-17,NSE,GOLDBEES,raw_l2/trade_date=2026-07-17/exchange=NSE/symbol=GOLDBEES/part-081603_865284-036842.parquet,real_data_sample\l2_unseen_validation\trade_date=2026-07-17\exchange=NSE\symbol=GOLDBEES\part-081603_865284-036842.parquet,34776,downloaded,34776,
2026-07-17,NSE,GOLDBEES,raw_l2/trade_date=2026-07-17/exchange=NSE/symbol=GOLDBEES/part-081105_668586-036170.parquet,real_data_sample\l2_unseen_validation\trade_date=2026-07-17\exchange=NSE\symbol=GOLDBEES\part-081105_668586-036170.parquet,34842,downloaded,34842,
2026-07-17,NSE,GOLDBEES,raw_l2/trade_date=2026-07-17/exchange=NSE/symbol=GOLDBEES/part-081453_594937-036682.parquet,real_data_sample\l2_unseen_validation\trade_date=2026-07-17\exchange=NSE\symbol=GOLDBEES\part-081453_594937-036682.parquet,34844,downloaded,34844,
2026-07-17,NSE,GOLDBEES,raw_l2/trade_date=2026-07-17/exchange=NSE/symbol=GOLDBEES/part-081202_130538-036298.parquet,real_data_sample\l2_unseen_validation\trade_date=2026-07-17\exchange=NSE\symbol=GOLDBEES\part-081202_130538-036298.parquet,34822,downloaded,34822,
2026-07-17,NSE,GOLDBEES,raw_l2/trade_date=2026-07-17/exchange=NSE/symbol=GOLDBEES/part-081037_230700-036106.parquet,real_data_sample\l2_unseen_validation\trade_date=2026-07-17\exchange=NSE\symbol=GOLDBEES\part-081037_230700-036106.parquet,35040,downloaded,35040,
2026-07-17,NSE,GOLDBEES,raw_l2/trade_date=2026-07-17/exchange=NSE/symbol=GOLDBEES/part-081022_425488-036074.parquet,real_data_sample\l2_unseen_validation\trade_date=2026-07-17\exchange=NSE\symbol=GOLDBEES\part-081022_425488-036074.parquet,34587,downloaded,34587,
2026-07-17,NSE,GOLDBEES,raw_l2/trade_date=2026-07-17/exchange=NSE/symbol=GOLDBEES/part-081230_478874-036362.parquet,real_data_sample\l2_unseen_validation\trade_date=2026-07-17\exchange=NSE\symbol=GOLDBEES\part-081230_478874-036362.parquet,34835,downloaded,34835,
2026-07-17,NSE,GOLDBEES,raw_l2/trade_date=2026-07-17/exchange=NSE/symbol=GOLDBEES/part-081259_452764-036426.parquet,real_data_sample\l2_unseen_validation\trade_date=2026-07-17\exchange=NSE\symbol=GOLDBEES\part-081259_452764-036426.parquet,34718,downloaded,34718,
2026-07-17,NSE,GOLDBEES,raw_l2/trade_date=2026-07-17/exchange=NSE/symbol=GOLDBEES/part-081631_869369-036906.parquet,real_data_sample\l2_unseen_validation\trade_date=2026-07-17\exchange=NSE\symbol=GOLDBEES\part-081631_869369-036906.parquet,34777,downloaded,34777,
2026-07-17,NSE,GOLDBEES,raw_l2/trade_date=2026-07-17/exchange=NSE/symbol=GOLDBEES/part-080937_952028-035978.parquet,real_data_sample\l2_unseen_validation\trade_date=2026-07-17\exchange=NSE\symbol=GOLDBEES\part-080937_952028-035978.parquet,35023,downloaded,35023,
2026-07-17,NSE,GOLDBEES,raw_l2/trade_date=2026-07-17/exchange=NSE/symbol=GOLDBEES/part-080952_489587-036010.parquet,real_data_sample\l2_unseen_validation\trade_date=2026-07-17\exchange=NSE\symbol=GOLDBEES\part-080952_489587-036010.parquet,34914,downloaded,34914,
2026-07-17,NSE,GOLDBEES,raw_l2/trade_date=2026-07-17/exchange=NSE/symbol=GOLDBEES/part-081007_245382-036042.parquet,real_data_sample\l2_unseen_validation\trade_date=2026-07-17\exchange=NSE\symbol=GOLDBEES\part-081007_245382-036042.parquet,34669,downloaded,34669,
2026-07-17,NSE,GOLDBEES,raw_l2/trade_date=2026-07-17/exchange=NSE/symbol=GOLDBEES/part-081645_935832-036938.parquet,real_data_sample\l2_unseen_validation\trade_date=2026-07-17\exchange=NSE\symbol=GOLDBEES\part-081645_935832-036938.parquet,34844,downloaded,34844,
2026-07-17,NSE,GOLDBEES,raw_l2/trade_date=2026-07-17/exchange=NSE/symbol=GOLDBEES/part-081342_616814-036522.parquet,real_data_sample\l2_unseen_validation\trade_date=2026-07-17\exchange=NSE\symbol=GOLDBEES\part-081342_616814-036522.parquet,34824,downloaded,34824,
2026-07-17,NSE,GOLDBEES,raw_l2/trade_date=2026-07-17/exchange=NSE/symbol=GOLDBEES/part-081356_851883-036554.parquet,real_data_sample\l2_unseen_validation\trade_date=2026-07-17\exchange=NSE\symbol=GOLDBEES\part-081356_851883-036554.parquet,34729,downloaded,34729,
2026-07-17,NSE,GOLDBEES,raw_l2/trade_date=2026-07-17/exchange=NSE/symbol=GOLDBEES/part-081328_412521-036490.parquet,real_data_sample\l2_unseen_validation\trade_date=2026-07-17\exchange=NSE\symbol=GOLDBEES\part-081328_412521-036490.parquet,34872,downloaded,34872,
2026-07-17,NSE,GOLDBEES,raw_l2/trade_date=2026-07-17/exchange=NSE/symbol=GOLDBEES/part-081411_173427-036586.parquet,real_data_sample\l2_unseen_validation\trade_date=2026-07-17\exchange=NSE\symbol=GOLDBEES\part-081411_173427-036586.parquet,34870,downloaded,34870,
2026-07-17,NSE,GOLDBEES,raw_l2/trade_date=2026-07-17/exchange=NSE/symbol=GOLDBEES/part-081700_081353-036970.parquet,real_data_sample\l2_unseen_validation\trade_date=2026-07-17\exchange=NSE\symbol=GOLDBEES\part-081700_081353-036970.parquet,34698,downloaded,34698,
2026-07-17,NSE,GOLDBEES,raw_l2/trade_date=2026-07-17/exchange=NSE/symbol=GOLDBEES/part-081728_843632-037034.parquet,real_data_sample\l2_unseen_validation\trade_date=2026-07-17\exchange=NSE\symbol=GOLDBEES\part-081728_843632-037034.parquet,34552,downloaded,34552,
2026-07-17,NSE,GOLDBEES,raw_l2/trade_date=2026-07-17/exchange=NSE/symbol=GOLDBEES/part-081743_356347-037066.parquet,real_data_sample\l2_unseen_validation\trade_date=2026-07-17\exchange=NSE\symbol=GOLDBEES\part-081743_356347-037066.parquet,34568,downloaded,34568,
2026-07-17,NSE,GOLDBEES,raw_l2/trade_date=2026-07-17/exchange=NSE/symbol=GOLDBEES/part-081757_632488-037098.parquet,real_data_sample\l2_unseen_validation\trade_date=2026-07-17\exchange=NSE\symbol=GOLDBEES\part-081757_632488-037098.parquet,34972,downloaded,34972,
2026-07-17,NSE,GOLDBEES,raw_l2/trade_date=2026-07-17/exchange=NSE/symbol=GOLDBEES/part-081812_103810-037130.parquet,real_data_sample\l2_unseen_validation\trade_date=2026-07-17\exchange=NSE\symbol=GOLDBEES\part-081812_103810-037130.parquet,34606,downloaded,34606,
2026-07-17,NSE,GOLDBEES,raw_l2/trade_date=2026-07-17/exchange=NSE/symbol=GOLDBEES/part-081937_733476-037322.parquet,real_data_sample\l2_unseen_validation\trade_date=2026-07-17\exchange=NSE\symbol=GOLDBEES\part-081937_733476-037322.parquet,34828,downloaded,34828,
2026-07-17,NSE,GOLDBEES,raw_l2/trade_date=2026-07-17/exchange=NSE/symbol=GOLDBEES/part-081909_169833-037258.parquet,real_data_sample\l2_unseen_validation\trade_date=2026-07-17\exchange=NSE\symbol=GOLDBEES\part-081909_169833-037258.parquet,34652,downloaded,34652,
2026-07-17,NSE,GOLDBEES,raw_l2/trade_date=2026-07-17/exchange=NSE/symbol=GOLDBEES/part-081855_237615-037226.parquet,real_data_sample\l2_unseen_validation\trade_date=2026-07-17\exchange=NSE\symbol=GOLDBEES\part-081855_237615-037226.parquet,34862,downloaded,34862,
2026-07-17,NSE,GOLDBEES,raw_l2/trade_date=2026-07-17/exchange=NSE/symbol=GOLDBEES/part-082229_821544-037706.parquet,real_data_sample\l2_unseen_validation\trade_date=2026-07-17\exchange=NSE\symbol=GOLDBEES\part-082229_821544-037706.parquet,34738,downloaded,34738,
2026-07-17,NSE,GOLDBEES,raw_l2/trade_date=2026-07-17/exchange=NSE/symbol=GOLDBEES/part-081826_434676-037162.parquet,real_data_sample\l2_unseen_validation\trade_date=2026-07-17\exchange=NSE\symbol=GOLDBEES\part-081826_434676-037162.parquet,34935,downloaded,34935,
2026-07-17,NSE,GOLDBEES,raw_l2/trade_date=2026-07-17/exchange=NSE/symbol=GOLDBEES/part-082104_407940-037514.parquet,real_data_sample\l2_unseen_validation\trade_date=2026-07-17\exchange=NSE\symbol=GOLDBEES\part-082104_407940-037514.parquet,34991,downloaded,34991,
2026-07-17,NSE,GOLDBEES,raw_l2/trade_date=2026-07-17/exchange=NSE/symbol=GOLDBEES/part-081841_141686-037194.parquet,real_data_sample\l2_unseen_validation\trade_date=2026-07-17\exchange=NSE\symbol=GOLDBEES\part-081841_141686-037194.parquet,34951,downloaded,34951,
2026-07-17,NSE,GOLDBEES,raw_l2/trade_date=2026-07-17/exchange=NSE/symbol=GOLDBEES/part-082244_101897-037738.parquet,real_data_sample\l2_unseen_validation\trade_date=2026-07-17\exchange=NSE\symbol=GOLDBEES\part-082244_101897-037738.parquet,34674,downloaded,34674,
2026-07-17,NSE,GOLDBEES,raw_l2/trade_date=2026-07-17/exchange=NSE/symbol=GOLDBEES/part-082034_611832-037450.parquet,real_data_sample\l2_unseen_validation\trade_date=2026-07-17\exchange=NSE\symbol=GOLDBEES\part-082034_611832-037450.parquet,34816,downloaded,34816,
2026-07-17,NSE,GOLDBEES,raw_l2/trade_date=2026-07-17/exchange=NSE/symbol=GOLDBEES/part-082118_924915-037546.parquet,real_data_sample\l2_unseen_validation\trade_date=2026-07-17\exchange=NSE\symbol=GOLDBEES\part-082118_924915-037546.parquet,34828,downloaded,34828,
2026-07-17,NSE,GOLDBEES,raw_l2/trade_date=2026-07-17/exchange=NSE/symbol=GOLDBEES/part-082258_185039-037770.parquet,real_data_sample\l2_unseen_validation\trade_date=2026-07-17\exchange=NSE\symbol=GOLDBEES\part-082258_185039-037770.parquet,34644,downloaded,34644,
2026-07-17,NSE,GOLDBEES,raw_l2/trade_date=2026-07-17/exchange=NSE/symbol=GOLDBEES/part-081952_132411-037354.parquet,real_data_sample\l2_unseen_validation\trade_date=2026-07-17\exchange=NSE\symbol=GOLDBEES\part-081952_132411-037354.parquet,34633,downloaded,34633,
2026-07-17,NSE,GOLDBEES,raw_l2/trade_date=2026-07-17/exchange=NSE/symbol=GOLDBEES/part-081923_513442-037290.parquet,real_data_sample\l2_unseen_validation\trade_date=2026-07-17\exchange=NSE\symbol=GOLDBEES\part-081923_513442-037290.parquet,34771,downloaded,34771,
2026-07-17,NSE,GOLDBEES,raw_l2/trade_date=2026-07-17/exchange=NSE/symbol=GOLDBEES/part-082133_255749-037578.parquet,real_data_sample\l2_unseen_validation\trade_date=2026-07-17\exchange=NSE\symbol=GOLDBEES\part-082133_255749-037578.parquet,34815,downloaded,34815,
2026-07-17,NSE,GOLDBEES,raw_l2/trade_date=2026-07-17/exchange=NSE/symbol=GOLDBEES/part-082147_425869-037610.parquet,real_data_sample\l2_unseen_validation\trade_date=2026-07-17\exchange=NSE\symbol=GOLDBEES\part-082147_425869-037610.parquet,34702,downloaded,34702,
2026-07-17,NSE,GOLDBEES,raw_l2/trade_date=2026-07-17/exchange=NSE/symbol=GOLDBEES/part-082215_837562-037674.parquet,real_data_sample\l2_unseen_validation\trade_date=2026-07-17\exchange=NSE\symbol=GOLDBEES\part-082215_837562-037674.parquet,34783,downloaded,34783,
2026-07-17,NSE,GOLDBEES,raw_l2/trade_date=2026-07-17/exchange=NSE/symbol=GOLDBEES/part-082020_449533-037418.parquet,real_data_sample\l2_unseen_validation\trade_date=2026-07-17\exchange=NSE\symbol=GOLDBEES\part-082020_449533-037418.parquet,34696,downloaded,34696,
2026-07-17,NSE,GOLDBEES,raw_l2/trade_date=2026-07-17/exchange=NSE/symbol=GOLDBEES/part-082050_183151-037482.parquet,real_data_sample\l2_unseen_validation\trade_date=2026-07-17\exchange=NSE\symbol=GOLDBEES\part-082050_183151-037482.parquet,34793,downloaded,34793,
2026-07-17,NSE,GOLDBEES,raw_l2/trade_date=2026-07-17/exchange=NSE/symbol=GOLDBEES/part-082201_703284-037642.parquet,real_data_sample\l2_unseen_validation\trade_date=2026-07-17\exchange=NSE\symbol=GOLDBEES\part-082201_703284-037642.parquet,34811,downloaded,34811,
2026-07-17,NSE,GOLDBEES,raw_l2/trade_date=2026-07-17/exchange=NSE/symbol=GOLDBEES/part-082006_143113-037386.parquet,real_data_sample\l2_unseen_validation\trade_date=2026-07-17\exchange=NSE\symbol=GOLDBEES\part-082006_143113-037386.parquet,34773,downloaded,34773,
2026-07-17,NSE,GOLDBEES,raw_l2/trade_date=2026-07-17/exchange=NSE/symbol=GOLDBEES/part-081714_378716-037002.parquet,real_data_sample\l2_unseen_validation\trade_date=2026-07-17\exchange=NSE\symbol=GOLDBEES\part-081714_378716-037002.parquet,34675,downloaded,34675,
2026-07-17,NSE,GOLDBEES,raw_l2/trade_date=2026-07-17/exchange=NSE/symbol=GOLDBEES/part-082326_940877-037834.parquet,real_data_sample\l2_unseen_validation\trade_date=2026-07-17\exchange=NSE\symbol=GOLDBEES\part-082326_940877-037834.parquet,34559,downloaded,34559,
2026-07-17,NSE,GOLDBEES,raw_l2/trade_date=2026-07-17/exchange=NSE/symbol=GOLDBEES/part-082341_096486-037866.parquet,real_data_sample\l2_unseen_validation\trade_date=2026-07-17\exchange=NSE\symbol=GOLDBEES\part-082341_096486-037866.parquet,34738,downloaded,34738,
2026-07-17,NSE,GOLDBEES,raw_l2/trade_date=2026-07-17/exchange=NSE/symbol=GOLDBEES/part-082519_672368-038090.parquet,real_data_sample\l2_unseen_validation\trade_date=2026-07-17\exchange=NSE\symbol=GOLDBEES\part-082519_672368-038090.parquet,34883,downloaded,34883,
2026-07-17,NSE,GOLDBEES,raw_l2/trade_date=2026-07-17/exchange=NSE/symbol=GOLDBEES/part-082505_648071-038058.parquet,real_data_sample\l2_unseen_validation\trade_date=2026-07-17\exchange=NSE\symbol=GOLDBEES\part-082505_648071-038058.parquet,34851,downloaded,34851,
2026-07-17,NSE,GOLDBEES,raw_l2/trade_date=2026-07-17/exchange=NSE/symbol=GOLDBEES/part-082451_654593-038026.parquet,real_data_sample\l2_unseen_validation\trade_date=2026-07-17\exchange=NSE\symbol=GOLDBEES\part-082451_654593-038026.parquet,34745,downloaded,34745,
2026-07-17,NSE,GOLDBEES,raw_l2/trade_date=2026-07-17/exchange=NSE/symbol=GOLDBEES/part-082437_371748-037994.parquet,real_data_sample\l2_unseen_validation\trade_date=2026-07-17\exchange=NSE\symbol=GOLDBEES\part-082437_371748-037994.parquet,34733,downloaded,34733,
2026-07-17,NSE,GOLDBEES,raw_l2/trade_date=2026-07-17/exchange=NSE/symbol=GOLDBEES/part-082533_997675-038122.parquet,real_data_sample\l2_unseen_validation\trade_date=2026-07-17\exchange=NSE\symbol=GOLDBEES\part-082533_997675-038122.parquet,34863,downloaded,34863,
2026-07-17,NSE,GOLDBEES,raw_l2/trade_date=2026-07-17/exchange=NSE/symbol=GOLDBEES/part-082840_487954-038538.parquet,real_data_sample\l2_unseen_validation\trade_date=2026-07-17\exchange=NSE\symbol=GOLDBEES\part-082840_487954-038538.parquet,34955,downloaded,34955,
2026-07-17,NSE,GOLDBEES,raw_l2/trade_date=2026-07-17/exchange=NSE/symbol=GOLDBEES/part-082714_164563-038346.parquet,real_data_sample\l2_unseen_validation\trade_date=2026-07-17\exchange=NSE\symbol=GOLDBEES\part-082714_164563-038346.parquet,34603,downloaded,34603,
2026-07-17,NSE,GOLDBEES,raw_l2/trade_date=2026-07-17/exchange=NSE/symbol=GOLDBEES/part-082742_650832-038410.parquet,real_data_sample\l2_unseen_validation\trade_date=2026-07-17\exchange=NSE\symbol=GOLDBEES\part-082742_650832-038410.parquet,34681,downloaded,34681,
2026-07-17,NSE,GOLDBEES,raw_l2/trade_date=2026-07-17/exchange=NSE/symbol=GOLDBEES/part-082617_151480-038218.parquet,real_data_sample\l2_unseen_validation\trade_date=2026-07-17\exchange=NSE\symbol=GOLDBEES\part-082617_151480-038218.parquet,34859,downloaded,34859,
2026-07-17,NSE,GOLDBEES,raw_l2/trade_date=2026-07-17/exchange=NSE/symbol=GOLDBEES/part-082756_977384-038442.parquet,real_data_sample\l2_unseen_validation\trade_date=2026-07-17\exchange=NSE\symbol=GOLDBEES\part-082756_977384-038442.parquet,34996,downloaded,34996,
2026-07-17,NSE,GOLDBEES,raw_l2/trade_date=2026-07-17/exchange=NSE/symbol=GOLDBEES/part-082728_368615-038378.parquet,real_data_sample\l2_unseen_validation\trade_date=2026-07-17\exchange=NSE\symbol=GOLDBEES\part-082728_368615-038378.parquet,34844,downloaded,34844,
2026-07-17,NSE,GOLDBEES,raw_l2/trade_date=2026-07-17/exchange=NSE/symbol=GOLDBEES/part-082602_985614-038186.parquet,real_data_sample\l2_unseen_validation\trade_date=2026-07-17\exchange=NSE\symbol=GOLDBEES\part-082602_985614-038186.parquet,34662,downloaded,34662,
2026-07-17,NSE,GOLDBEES,raw_l2/trade_date=2026-07-17/exchange=NSE/symbol=GOLDBEES/part-082631_439425-038250.parquet,real_data_sample\l2_unseen_validation\trade_date=2026-07-17\exchange=NSE\symbol=GOLDBEES\part-082631_439425-038250.parquet,34576,downloaded,34576,
2026-07-17,NSE,GOLDBEES,raw_l2/trade_date=2026-07-17/exchange=NSE/symbol=GOLDBEES/part-082548_416140-038154.parquet,real_data_sample\l2_unseen_validation\trade_date=2026-07-17\exchange=NSE\symbol=GOLDBEES\part-082548_416140-038154.parquet,34722,downloaded,34722,
2026-07-17,NSE,GOLDBEES,raw_l2/trade_date=2026-07-17/exchange=NSE/symbol=GOLDBEES/part-082645_852173-038282.parquet,real_data_sample\l2_unseen_validation\trade_date=2026-07-17\exchange=NSE\symbol=GOLDBEES\part-082645_852173-038282.parquet,34738,downloaded,34738,
2026-07-17,NSE,GOLDBEES,raw_l2/trade_date=2026-07-17/exchange=NSE/symbol=GOLDBEES/part-082659_846953-038314.parquet,real_data_sample\l2_unseen_validation\trade_date=2026-07-17\exchange=NSE\symbol=GOLDBEES\part-082659_846953-038314.parquet,34823,downloaded,34823,
2026-07-17,NSE,GOLDBEES,raw_l2/trade_date=2026-07-17/exchange=NSE/symbol=GOLDBEES/part-082854_928908-038570.parquet,real_data_sample\l2_unseen_validation\trade_date=2026-07-17\exchange=NSE\symbol=GOLDBEES\part-082854_928908-038570.parquet,34867,downloaded,34867,
2026-07-17,NSE,GOLDBEES,raw_l2/trade_date=2026-07-17/exchange=NSE/symbol=GOLDBEES/part-082826_017268-038506.parquet,real_data_sample\l2_unseen_validation\trade_date=2026-07-17\exchange=NSE\symbol=GOLDBEES\part-082826_017268-038506.parquet,34988,downloaded,34988,
2026-07-17,NSE,GOLDBEES,raw_l2/trade_date=2026-07-17/exchange=NSE/symbol=GOLDBEES/part-082811_463984-038474.parquet,real_data_sample\l2_unseen_validation\trade_date=2026-07-17\exchange=NSE\symbol=GOLDBEES\part-082811_463984-038474.parquet,34794,downloaded,34794,
2026-07-17,NSE,GOLDBEES,raw_l2/trade_date=2026-07-17/exchange=NSE/symbol=GOLDBEES/part-082938_466171-038666.parquet,real_data_sample\l2_unseen_validation\trade_date=2026-07-17\exchange=NSE\symbol=GOLDBEES\part-082938_466171-038666.parquet,34887,downloaded,34887,
2026-07-17,NSE,GOLDBEES,raw_l2/trade_date=2026-07-17/exchange=NSE/symbol=GOLDBEES/part-082923_934562-038634.parquet,real_data_sample\l2_unseen_validation\trade_date=2026-07-17\exchange=NSE\symbol=GOLDBEES\part-082923_934562-038634.parquet,34710,downloaded,34710,
2026-07-17,NSE,GOLDBEES,raw_l2/trade_date=2026-07-17/exchange=NSE/symbol=GOLDBEES/part-082952_972060-038698.parquet,real_data_sample\l2_unseen_validation\trade_date=2026-07-17\exchange=NSE\symbol=GOLDBEES\part-082952_972060-038698.parquet,34734,downloaded,34734,
2026-07-17,NSE,GOLDBEES,raw_l2/trade_date=2026-07-17/exchange=NSE/symbol=GOLDBEES/part-083007_702748-038730.parquet,real_data_sample\l2_unseen_validation\trade_date=2026-07-17\exchange=NSE\symbol=GOLDBEES\part-083007_702748-038730.parquet,34740,downloaded,34740,
2026-07-17,NSE,GOLDBEES,raw_l2/trade_date=2026-07-17/exchange=NSE/symbol=GOLDBEES/part-083050_953157-038826.parquet,real_data_sample\l2_unseen_validation\trade_date=2026-07-17\exchange=NSE\symbol=GOLDBEES\part-083050_953157-038826.parquet,34830,downloaded,34830,
2026-07-17,NSE,GOLDBEES,raw_l2/trade_date=2026-07-17/exchange=NSE/symbol=GOLDBEES/part-083120_218035-038890.parquet,real_data_sample\l2_unseen_validation\trade_date=2026-07-17\exchange=NSE\symbol=GOLDBEES\part-083120_218035-038890.parquet,34812,downloaded,34812,
2026-07-17,NSE,GOLDBEES,raw_l2/trade_date=2026-07-17/exchange=NSE/symbol=GOLDBEES/part-083345_408474-039210.parquet,real_data_sample\l2_unseen_validation\trade_date=2026-07-17\exchange=NSE\symbol=GOLDBEES\part-083345_408474-039210.parquet,34800,downloaded,34800,
2026-07-17,NSE,GOLDBEES,raw_l2/trade_date=2026-07-17/exchange=NSE/symbol=GOLDBEES/part-083105_320400-038858.parquet,real_data_sample\l2_unseen_validation\trade_date=2026-07-17\exchange=NSE\symbol=GOLDBEES\part-083105_320400-038858.parquet,34780,downloaded,34780,
2026-07-17,NSE,GOLDBEES,raw_l2/trade_date=2026-07-17/exchange=NSE/symbol=GOLDBEES/part-083149_461679-038954.parquet,real_data_sample\l2_unseen_validation\trade_date=2026-07-17\exchange=NSE\symbol=GOLDBEES\part-083149_461679-038954.parquet,34809,downloaded,34809,
2026-07-17,NSE,GOLDBEES,raw_l2/trade_date=2026-07-17/exchange=NSE/symbol=GOLDBEES/part-083218_318638-039018.parquet,real_data_sample\l2_unseen_validation\trade_date=2026-07-17\exchange=NSE\symbol=GOLDBEES\part-083218_318638-039018.parquet,35462,downloaded,35462,
2026-07-17,NSE,GOLDBEES,raw_l2/trade_date=2026-07-17/exchange=NSE/symbol=GOLDBEES/part-083134_769906-038922.parquet,real_data_sample\l2_unseen_validation\trade_date=2026-07-17\exchange=NSE\symbol=GOLDBEES\part-083134_769906-038922.parquet,34841,downloaded,34841,
2026-07-17,NSE,GOLDBEES,raw_l2/trade_date=2026-07-17/exchange=NSE/symbol=GOLDBEES/part-083203_630011-038986.parquet,real_data_sample\l2_unseen_validation\trade_date=2026-07-17\exchange=NSE\symbol=GOLDBEES\part-083203_630011-038986.parquet,34884,downloaded,34884,
2026-07-17,NSE,GOLDBEES,raw_l2/trade_date=2026-07-17/exchange=NSE/symbol=GOLDBEES/part-083414_230188-039274.parquet,real_data_sample\l2_unseen_validation\trade_date=2026-07-17\exchange=NSE\symbol=GOLDBEES\part-083414_230188-039274.parquet,34798,downloaded,34798,
2026-07-17,NSE,GOLDBEES,raw_l2/trade_date=2026-07-17/exchange=NSE/symbol=GOLDBEES/part-082909_485362-038602.parquet,real_data_sample\l2_unseen_validation\trade_date=2026-07-17\exchange=NSE\symbol=GOLDBEES\part-082909_485362-038602.parquet,34884,downloaded,34884,
2026-07-17,NSE,GOLDBEES,raw_l2/trade_date=2026-07-17/exchange=NSE/symbol=GOLDBEES/part-083036_437945-038794.parquet,real_data_sample\l2_unseen_validation\trade_date=2026-07-17\exchange=NSE\symbol=GOLDBEES\part-083036_437945-038794.parquet,34784,downloaded,34784,
2026-07-17,NSE,GOLDBEES,raw_l2/trade_date=2026-07-17/exchange=NSE/symbol=GOLDBEES/part-083302_213822-039114.parquet,real_data_sample\l2_unseen_validation\trade_date=2026-07-17\exchange=NSE\symbol=GOLDBEES\part-083302_213822-039114.parquet,35720,downloaded,35720,
2026-07-17,NSE,GOLDBEES,raw_l2/trade_date=2026-07-17/exchange=NSE/symbol=GOLDBEES/part-083316_872864-039146.parquet,real_data_sample\l2_unseen_validation\trade_date=2026-07-17\exchange=NSE\symbol=GOLDBEES\part-083316_872864-039146.parquet,35435,downloaded,35435,
2026-07-17,NSE,GOLDBEES,raw_l2/trade_date=2026-07-17/exchange=NSE/symbol=GOLDBEES/part-083247_458753-039082.parquet,real_data_sample\l2_unseen_validation\trade_date=2026-07-17\exchange=NSE\symbol=GOLDBEES\part-083247_458753-039082.parquet,35545,downloaded,35545,
2026-07-17,NSE,GOLDBEES,raw_l2/trade_date=2026-07-17/exchange=NSE/symbol=GOLDBEES/part-083442_878475-039338.parquet,real_data_sample\l2_unseen_validation\trade_date=2026-07-17\exchange=NSE\symbol=GOLDBEES\part-083442_878475-039338.parquet,35248,downloaded,35248,
2026-07-17,NSE,GOLDBEES,raw_l2/trade_date=2026-07-17/exchange=NSE/symbol=GOLDBEES/part-083232_956318-039050.parquet,real_data_sample\l2_unseen_validation\trade_date=2026-07-17\exchange=NSE\symbol=GOLDBEES\part-083232_956318-039050.parquet,35378,downloaded,35378,
2026-07-17,NSE,GOLDBEES,raw_l2/trade_date=2026-07-17/exchange=NSE/symbol=GOLDBEES/part-083331_223444-039178.parquet,real_data_sample\l2_unseen_validation\trade_date=2026-07-17\exchange=NSE\symbol=GOLDBEES\part-083331_223444-039178.parquet,34776,downloaded,34776,
2026-07-17,NSE,GOLDBEES,raw_l2/trade_date=2026-07-17/exchange=NSE/symbol=GOLDBEES/part-083457_274239-039370.parquet,real_data_sample\l2_unseen_validation\trade_date=2026-07-17\exchange=NSE\symbol=GOLDBEES\part-083457_274239-039370.parquet,35272,downloaded,35272,
2026-07-17,NSE,GOLDBEES,raw_l2/trade_date=2026-07-17/exchange=NSE/symbol=GOLDBEES/part-083511_605210-039402.parquet,real_data_sample\l2_unseen_validation\trade_date=2026-07-17\exchange=NSE\symbol=GOLDBEES\part-083511_605210-039402.parquet,35326,downloaded,35326,
2026-07-17,NSE,GOLDBEES,raw_l2/trade_date=2026-07-17/exchange=NSE/symbol=GOLDBEES/part-083359_909309-039242.parquet,real_data_sample\l2_unseen_validation\trade_date=2026-07-17\exchange=NSE\symbol=GOLDBEES\part-083359_909309-039242.parquet,34555,downloaded,34555,
2026-07-17,NSE,GOLDBEES,raw_l2/trade_date=2026-07-17/exchange=NSE/symbol=GOLDBEES/part-083022_155675-038762.parquet,real_data_sample\l2_unseen_validation\trade_date=2026-07-17\exchange=NSE\symbol=GOLDBEES\part-083022_155675-038762.parquet,34655,downloaded,34655,
2026-07-17,NSE,GOLDBEES,raw_l2/trade_date=2026-07-17/exchange=NSE/symbol=GOLDBEES/part-083428_422619-039306.parquet,real_data_sample\l2_unseen_validation\trade_date=2026-07-17\exchange=NSE\symbol=GOLDBEES\part-083428_422619-039306.parquet,35210,downloaded,35210,
2026-07-17,NSE,GOLDBEES,raw_l2/trade_date=2026-07-17/exchange=NSE/symbol=GOLDBEES/part-083525_838249-039434.parquet,real_data_sample\l2_unseen_validation\trade_date=2026-07-17\exchange=NSE\symbol=GOLDBEES\part-083525_838249-039434.parquet,34599,downloaded,34599,
2026-07-17,NSE,GOLDBEES,raw_l2/trade_date=2026-07-17/exchange=NSE/symbol=GOLDBEES/part-083539_896456-039466.parquet,real_data_sample\l2_unseen_validation\trade_date=2026-07-17\exchange=NSE\symbol=GOLDBEES\part-083539_896456-039466.parquet,34588,downloaded,34588,
2026-07-17,NSE,GOLDBEES,raw_l2/trade_date=2026-07-17/exchange=NSE/symbol=GOLDBEES/part-083622_700182-039562.parquet,real_data_sample\l2_unseen_validation\trade_date=2026-07-17\exchange=NSE\symbol=GOLDBEES\part-083622_700182-039562.parquet,34549,downloaded,34549,
2026-07-17,NSE,GOLDBEES,raw_l2/trade_date=2026-07-17/exchange=NSE/symbol=GOLDBEES/part-083942_489979-040010.parquet,real_data_sample\l2_unseen_validation\trade_date=2026-07-17\exchange=NSE\symbol=GOLDBEES\part-083942_489979-040010.parquet,34574,downloaded,34574,
2026-07-17,NSE,GOLDBEES,raw_l2/trade_date=2026-07-17/exchange=NSE/symbol=GOLDBEES/part-083608_161271-039530.parquet,real_data_sample\l2_unseen_validation\trade_date=2026-07-17\exchange=NSE\symbol=GOLDBEES\part-083608_161271-039530.parquet,34870,downloaded,34870,
2026-07-17,NSE,GOLDBEES,raw_l2/trade_date=2026-07-17/exchange=NSE/symbol=GOLDBEES/part-084025_382480-040106.parquet,real_data_sample\l2_unseen_validation\trade_date=2026-07-17\exchange=NSE\symbol=GOLDBEES\part-084025_382480-040106.parquet,34745,downloaded,34745,
2026-07-17,NSE,GOLDBEES,raw_l2/trade_date=2026-07-17/exchange=NSE/symbol=GOLDBEES/part-083705_366198-039658.parquet,real_data_sample\l2_unseen_validation\trade_date=2026-07-17\exchange=NSE\symbol=GOLDBEES\part-083705_366198-039658.parquet,34663,downloaded,34663,
2026-07-17,NSE,GOLDBEES,raw_l2/trade_date=2026-07-17/exchange=NSE/symbol=GOLDBEES/part-083651_153307-039626.parquet,real_data_sample\l2_unseen_validation\trade_date=2026-07-17\exchange=NSE\symbol=GOLDBEES\part-083651_153307-039626.parquet,34861,downloaded,34861,
2026-07-17,NSE,GOLDBEES,raw_l2/trade_date=2026-07-17/exchange=NSE/symbol=GOLDBEES/part-083636_870098-039594.parquet,real_data_sample\l2_unseen_validation\trade_date=2026-07-17\exchange=NSE\symbol=GOLDBEES\part-083636_870098-039594.parquet,34683,downloaded,34683,
2026-07-17,NSE,GOLDBEES,raw_l2/trade_date=2026-07-17/exchange=NSE/symbol=GOLDBEES/part-083830_788448-039850.parquet,real_data_sample\l2_unseen_validation\trade_date=2026-07-17\exchange=NSE\symbol=GOLDBEES\part-083830_788448-039850.parquet,34919,downloaded,34919,
2026-07-17,NSE,GOLDBEES,raw_l2/trade_date=2026-07-17/exchange=NSE/symbol=GOLDBEES/part-084011_185846-040074.parquet,real_data_sample\l2_unseen_validation\trade_date=2026-07-17\exchange=NSE\symbol=GOLDBEES\part-084011_185846-040074.parquet,34750,downloaded,34750,
2026-07-17,NSE,GOLDBEES,raw_l2/trade_date=2026-07-17/exchange=NSE/symbol=GOLDBEES/part-083816_438378-039818.parquet,real_data_sample\l2_unseen_validation\trade_date=2026-07-17\exchange=NSE\symbol=GOLDBEES\part-083816_438378-039818.parquet,34944,downloaded,34944,
2026-07-17,NSE,GOLDBEES,raw_l2/trade_date=2026-07-17/exchange=NSE/symbol=GOLDBEES/part-083802_255042-039786.parquet,real_data_sample\l2_unseen_validation\trade_date=2026-07-17\exchange=NSE\symbol=GOLDBEES\part-083802_255042-039786.parquet,34849,downloaded,34849,
2026-07-17,NSE,GOLDBEES,raw_l2/trade_date=2026-07-17/exchange=NSE/symbol=GOLDBEES/part-083747_868668-039754.parquet,real_data_sample\l2_unseen_validation\trade_date=2026-07-17\exchange=NSE\symbol=GOLDBEES\part-083747_868668-039754.parquet,34750,downloaded,34750,
2026-07-17,NSE,GOLDBEES,raw_l2/trade_date=2026-07-17/exchange=NSE/symbol=GOLDBEES/part-083845_109855-039882.parquet,real_data_sample\l2_unseen_validation\trade_date=2026-07-17\exchange=NSE\symbol=GOLDBEES\part-083845_109855-039882.parquet,34746,downloaded,34746,
2026-07-17,NSE,GOLDBEES,raw_l2/trade_date=2026-07-17/exchange=NSE/symbol=GOLDBEES/part-083554_135710-039498.parquet,real_data_sample\l2_unseen_validation\trade_date=2026-07-17\exchange=NSE\symbol=GOLDBEES\part-083554_135710-039498.parquet,34638,downloaded,34638,
2026-07-17,NSE,GOLDBEES,raw_l2/trade_date=2026-07-17/exchange=NSE/symbol=GOLDBEES/part-083928_176762-039978.parquet,real_data_sample\l2_unseen_validation\trade_date=2026-07-17\exchange=NSE\symbol=GOLDBEES\part-083928_176762-039978.parquet,34717,downloaded,34717,
2026-07-17,NSE,GOLDBEES,raw_l2/trade_date=2026-07-17/exchange=NSE/symbol=GOLDBEES/part-083719_427944-039690.parquet,real_data_sample\l2_unseen_validation\trade_date=2026-07-17\exchange=NSE\symbol=GOLDBEES\part-083719_427944-039690.parquet,34839,downloaded,34839,
2026-07-17,NSE,GOLDBEES,raw_l2/trade_date=2026-07-17/exchange=NSE/symbol=GOLDBEES/part-083913_859664-039946.parquet,real_data_sample\l2_unseen_validation\trade_date=2026-07-17\exchange=NSE\symbol=GOLDBEES\part-083913_859664-039946.parquet,34890,downloaded,34890,
2026-07-17,NSE,GOLDBEES,raw_l2/trade_date=2026-07-17/exchange=NSE/symbol=GOLDBEES/part-083859_456953-039914.parquet,real_data_sample\l2_unseen_validation\trade_date=2026-07-17\exchange=NSE\symbol=GOLDBEES\part-083859_456953-039914.parquet,34615,downloaded,34615,
2026-07-17,NSE,GOLDBEES,raw_l2/trade_date=2026-07-17/exchange=NSE/symbol=GOLDBEES/part-083956_628507-040042.parquet,real_data_sample\l2_unseen_validation\trade_date=2026-07-17\exchange=NSE\symbol=GOLDBEES\part-083956_628507-040042.parquet,34575,downloaded,34575,
2026-07-17,NSE,GOLDBEES,raw_l2/trade_date=2026-07-17/exchange=NSE/symbol=GOLDBEES/part-084039_648291-040138.parquet,real_data_sample\l2_unseen_validation\trade_date=2026-07-17\exchange=NSE\symbol=GOLDBEES\part-084039_648291-040138.parquet,34962,downloaded,34962,
2026-07-17,NSE,GOLDBEES,raw_l2/trade_date=2026-07-17/exchange=NSE/symbol=GOLDBEES/part-084054_251909-040170.parquet,real_data_sample\l2_unseen_validation\trade_date=2026-07-17\exchange=NSE\symbol=GOLDBEES\part-084054_251909-040170.parquet,34798,downloaded,34798,
2026-07-17,NSE,GOLDBEES,raw_l2/trade_date=2026-07-17/exchange=NSE/symbol=GOLDBEES/part-083733_592014-039722.parquet,real_data_sample\l2_unseen_validation\trade_date=2026-07-17\exchange=NSE\symbol=GOLDBEES\part-083733_592014-039722.parquet,34899,downloaded,34899,
2026-07-17,NSE,GOLDBEES,raw_l2/trade_date=2026-07-17/exchange=NSE/symbol=GOLDBEES/part-081507_684884-036714.parquet,real_data_sample\l2_unseen_validation\trade_date=2026-07-17\exchange=NSE\symbol=GOLDBEES\part-081507_684884-036714.parquet,34703,downloaded,34703,
2026-07-17,NSE,GOLDBEES,raw_l2/trade_date=2026-07-17/exchange=NSE/symbol=GOLDBEES/part-084248_737114-040426.parquet,real_data_sample\l2_unseen_validation\trade_date=2026-07-17\exchange=NSE\symbol=GOLDBEES\part-084248_737114-040426.parquet,34731,downloaded,34731,
2026-07-17,NSE,GOLDBEES,raw_l2/trade_date=2026-07-17/exchange=NSE/symbol=GOLDBEES/part-084108_344407-040202.parquet,real_data_sample\l2_unseen_validation\trade_date=2026-07-17\exchange=NSE\symbol=GOLDBEES\part-084108_344407-040202.parquet,34694,downloaded,34694,
2026-07-17,NSE,GOLDBEES,raw_l2/trade_date=2026-07-17/exchange=NSE/symbol=GOLDBEES/part-084122_449708-040234.parquet,real_data_sample\l2_unseen_validation\trade_date=2026-07-17\exchange=NSE\symbol=GOLDBEES\part-084122_449708-040234.parquet,35290,downloaded,35290,
2026-07-17,NSE,GOLDBEES,raw_l2/trade_date=2026-07-17/exchange=NSE/symbol=GOLDBEES/part-084444_163214-040682.parquet,real_data_sample\l2_unseen_validation\trade_date=2026-07-17\exchange=NSE\symbol=GOLDBEES\part-084444_163214-040682.parquet,35269,downloaded,35269,
2026-07-17,NSE,GOLDBEES,raw_l2/trade_date=2026-07-17/exchange=NSE/symbol=GOLDBEES/part-084346_425436-040554.parquet,real_data_sample\l2_unseen_validation\trade_date=2026-07-17\exchange=NSE\symbol=GOLDBEES\part-084346_425436-040554.parquet,34653,downloaded,34653,
2026-07-17,NSE,GOLDBEES,raw_l2/trade_date=2026-07-17/exchange=NSE/symbol=GOLDBEES/part-084331_996457-040522.parquet,real_data_sample\l2_unseen_validation\trade_date=2026-07-17\exchange=NSE\symbol=GOLDBEES\part-084331_996457-040522.parquet,34782,downloaded,34782,
2026-07-17,NSE,GOLDBEES,raw_l2/trade_date=2026-07-17/exchange=NSE/symbol=GOLDBEES/part-081244_831880-036394.parquet,real_data_sample\l2_unseen_validation\trade_date=2026-07-17\exchange=NSE\symbol=GOLDBEES\part-081244_831880-036394.parquet,34779,downloaded,34779,
2026-07-17,NSE,GOLDBEES,raw_l2/trade_date=2026-07-17/exchange=NSE/symbol=GOLDBEES/part-084303_151761-040458.parquet,real_data_sample\l2_unseen_validation\trade_date=2026-07-17\exchange=NSE\symbol=GOLDBEES\part-084303_151761-040458.parquet,34815,downloaded,34815,
2026-07-17,NSE,GOLDBEES,raw_l2/trade_date=2026-07-17/exchange=NSE/symbol=GOLDBEES/part-084400_933126-040586.parquet,real_data_sample\l2_unseen_validation\trade_date=2026-07-17\exchange=NSE\symbol=GOLDBEES\part-084400_933126-040586.parquet,34813,downloaded,34813,
2026-07-17,NSE,GOLDBEES,raw_l2/trade_date=2026-07-17/exchange=NSE/symbol=GOLDBEES/part-084234_487454-040394.parquet,real_data_sample\l2_unseen_validation\trade_date=2026-07-17\exchange=NSE\symbol=GOLDBEES\part-084234_487454-040394.parquet,34693,downloaded,34693,
2026-07-17,NSE,GOLDBEES,raw_l2/trade_date=2026-07-17/exchange=NSE/symbol=GOLDBEES/part-084220_204784-040362.parquet,real_data_sample\l2_unseen_validation\trade_date=2026-07-17\exchange=NSE\symbol=GOLDBEES\part-084220_204784-040362.parquet,35029,downloaded,35029,
2026-07-17,NSE,GOLDBEES,raw_l2/trade_date=2026-07-17/exchange=NSE/symbol=GOLDBEES/part-084151_384551-040298.parquet,real_data_sample\l2_unseen_validation\trade_date=2026-07-17\exchange=NSE\symbol=GOLDBEES\part-084151_384551-040298.parquet,35194,downloaded,35194,
2026-07-17,NSE,GOLDBEES,raw_l2/trade_date=2026-07-17/exchange=NSE/symbol=GOLDBEES/part-084205_682474-040330.parquet,real_data_sample\l2_unseen_validation\trade_date=2026-07-17\exchange=NSE\symbol=GOLDBEES\part-084205_682474-040330.parquet,35290,downloaded,35290,
2026-07-17,NSE,GOLDBEES,raw_l2/trade_date=2026-07-17/exchange=NSE/symbol=GOLDBEES/part-084136_932435-040266.parquet,real_data_sample\l2_unseen_validation\trade_date=2026-07-17\exchange=NSE\symbol=GOLDBEES\part-084136_932435-040266.parquet,35291,downloaded,35291,
2026-07-17,NSE,GOLDBEES,raw_l2/trade_date=2026-07-17/exchange=NSE/symbol=GOLDBEES/part-084415_307262-040618.parquet,real_data_sample\l2_unseen_validation\trade_date=2026-07-17\exchange=NSE\symbol=GOLDBEES\part-084415_307262-040618.parquet,34973,downloaded,34973,
2026-07-17,NSE,GOLDBEES,raw_l2/trade_date=2026-07-17/exchange=NSE/symbol=GOLDBEES/part-084429_775183-040650.parquet,real_data_sample\l2_unseen_validation\trade_date=2026-07-17\exchange=NSE\symbol=GOLDBEES\part-084429_775183-040650.parquet,35465,downloaded,35465,
2026-07-17,NSE,GOLDBEES,raw_l2/trade_date=2026-07-17/exchange=NSE/symbol=GOLDBEES/part-084458_489618-040714.parquet,real_data_sample\l2_unseen_validation\trade_date=2026-07-17\exchange=NSE\symbol=GOLDBEES\part-084458_489618-040714.parquet,35497,downloaded,35497,
2026-07-17,NSE,GOLDBEES,raw_l2/trade_date=2026-07-17/exchange=NSE/symbol=GOLDBEES/part-084513_100738-040746.parquet,real_data_sample\l2_unseen_validation\trade_date=2026-07-17\exchange=NSE\symbol=GOLDBEES\part-084513_100738-040746.parquet,35641,downloaded,35641,
2026-07-17,NSE,GOLDBEES,raw_l2/trade_date=2026-07-17/exchange=NSE/symbol=GOLDBEES/part-081535_922002-036778.parquet,real_data_sample\l2_unseen_validation\trade_date=2026-07-17\exchange=NSE\symbol=GOLDBEES\part-081535_922002-036778.parquet,34629,downloaded,34629,
2026-07-17,NSE,GOLDBEES,raw_l2/trade_date=2026-07-17/exchange=NSE/symbol=GOLDBEES/part-084527_482664-040778.parquet,real_data_sample\l2_unseen_validation\trade_date=2026-07-17\exchange=NSE\symbol=GOLDBEES\part-084527_482664-040778.parquet,35305,downloaded,35305,
2026-07-17,NSE,GOLDBEES,raw_l2/trade_date=2026-07-17/exchange=NSE/symbol=GOLDBEES/part-084317_620703-040490.parquet,real_data_sample\l2_unseen_validation\trade_date=2026-07-17\exchange=NSE\symbol=GOLDBEES\part-084317_620703-040490.parquet,34777,downloaded,34777,
2026-07-17,NSE,GOLDBEES,raw_l2/trade_date=2026-07-17/exchange=NSE/symbol=GOLDBEES/part-084541_951861-040810.parquet,real_data_sample\l2_unseen_validation\trade_date=2026-07-17\exchange=NSE\symbol=GOLDBEES\part-084541_951861-040810.parquet,35685,downloaded,35685,
2026-07-17,NSE,GOLDBEES,raw_l2/trade_date=2026-07-17/exchange=NSE/symbol=GOLDBEES/part-084556_142012-040842.parquet,real_data_sample\l2_unseen_validation\trade_date=2026-07-17\exchange=NSE\symbol=GOLDBEES\part-084556_142012-040842.parquet,35519,downloaded,35519,
2026-07-17,NSE,GOLDBEES,raw_l2/trade_date=2026-07-17/exchange=NSE/symbol=GOLDBEES/part-081133_822459-036234.parquet,real_data_sample\l2_unseen_validation\trade_date=2026-07-17\exchange=NSE\symbol=GOLDBEES\part-081133_822459-036234.parquet,34808,downloaded,34808,
2026-07-17,NSE,GOLDBEES,raw_l2/trade_date=2026-07-17/exchange=NSE/symbol=GOLDBEES/part-084804_625105-041130.parquet,real_data_sample\l2_unseen_validation\trade_date=2026-07-17\exchange=NSE\symbol=GOLDBEES\part-084804_625105-041130.parquet,34551,downloaded,34551,
2026-07-17,NSE,GOLDBEES,raw_l2/trade_date=2026-07-17/exchange=NSE/symbol=GOLDBEES/part-081147_950996-036266.parquet,real_data_sample\l2_unseen_validation\trade_date=2026-07-17\exchange=NSE\symbol=GOLDBEES\part-081147_950996-036266.parquet,34703,downloaded,34703,
2026-07-17,NSE,GOLDBEES,raw_l2/trade_date=2026-07-17/exchange=NSE/symbol=GOLDBEES/part-084902_236683-041258.parquet,real_data_sample\l2_unseen_validation\trade_date=2026-07-17\exchange=NSE\symbol=GOLDBEES\part-084902_236683-041258.parquet,34578,downloaded,34578,
2026-07-17,NSE,GOLDBEES,raw_l2/trade_date=2026-07-17/exchange=NSE/symbol=GOLDBEES/part-084750_436274-041098.parquet,real_data_sample\l2_unseen_validation\trade_date=2026-07-17\exchange=NSE\symbol=GOLDBEES\part-084750_436274-041098.parquet,34716,downloaded,34716,
2026-07-17,NSE,GOLDBEES,raw_l2/trade_date=2026-07-17/exchange=NSE/symbol=GOLDBEES/part-084847_717679-041226.parquet,real_data_sample\l2_unseen_validation\trade_date=2026-07-17\exchange=NSE\symbol=GOLDBEES\part-084847_717679-041226.parquet,34862,downloaded,34862,
2026-07-17,NSE,GOLDBEES,raw_l2/trade_date=2026-07-17/exchange=NSE/symbol=GOLDBEES/part-084653_460619-040970.parquet,real_data_sample\l2_unseen_validation\trade_date=2026-07-17\exchange=NSE\symbol=GOLDBEES\part-084653_460619-040970.parquet,34610,downloaded,34610,
2026-07-17,NSE,GOLDBEES,raw_l2/trade_date=2026-07-17/exchange=NSE/symbol=GOLDBEES/part-084707_681160-041002.parquet,real_data_sample\l2_unseen_validation\trade_date=2026-07-17\exchange=NSE\symbol=GOLDBEES\part-084707_681160-041002.parquet,34664,downloaded,34664,
2026-07-17,NSE,GOLDBEES,raw_l2/trade_date=2026-07-17/exchange=NSE/symbol=GOLDBEES/part-084931_408007-041322.parquet,real_data_sample\l2_unseen_validation\trade_date=2026-07-17\exchange=NSE\symbol=GOLDBEES\part-084931_408007-041322.parquet,34684,downloaded,34684,
2026-07-17,NSE,GOLDBEES,raw_l2/trade_date=2026-07-17/exchange=NSE/symbol=GOLDBEES/part-084833_237500-041194.parquet,real_data_sample\l2_unseen_validation\trade_date=2026-07-17\exchange=NSE\symbol=GOLDBEES\part-084833_237500-041194.parquet,34619,downloaded,34619,
2026-07-17,NSE,GOLDBEES,raw_l2/trade_date=2026-07-17/exchange=NSE/symbol=GOLDBEES/part-084818_936982-041162.parquet,real_data_sample\l2_unseen_validation\trade_date=2026-07-17\exchange=NSE\symbol=GOLDBEES\part-084818_936982-041162.parquet,34537,downloaded,34537,
2026-07-17,NSE,GOLDBEES,raw_l2/trade_date=2026-07-17/exchange=NSE/symbol=GOLDBEES/part-085015_013531-041418.parquet,real_data_sample\l2_unseen_validation\trade_date=2026-07-17\exchange=NSE\symbol=GOLDBEES\part-085015_013531-041418.parquet,34596,downloaded,34596,
2026-07-17,NSE,GOLDBEES,raw_l2/trade_date=2026-07-17/exchange=NSE/symbol=GOLDBEES/part-085000_473162-041386.parquet,real_data_sample\l2_unseen_validation\trade_date=2026-07-17\exchange=NSE\symbol=GOLDBEES\part-085000_473162-041386.parquet,34706,downloaded,34706,
2026-07-17,NSE,GOLDBEES,raw_l2/trade_date=2026-07-17/exchange=NSE/symbol=GOLDBEES/part-084639_168611-040938.parquet,real_data_sample\l2_unseen_validation\trade_date=2026-07-17\exchange=NSE\symbol=GOLDBEES\part-084639_168611-040938.parquet,34505,downloaded,34505,
2026-07-17,NSE,GOLDBEES,raw_l2/trade_date=2026-07-17/exchange=NSE/symbol=GOLDBEES/part-084945_963214-041354.parquet,real_data_sample\l2_unseen_validation\trade_date=2026-07-17\exchange=NSE\symbol=GOLDBEES\part-084945_963214-041354.parquet,34605,downloaded,34605,
2026-07-17,NSE,GOLDBEES,raw_l2/trade_date=2026-07-17/exchange=NSE/symbol=GOLDBEES/part-084916_824683-041290.parquet,real_data_sample\l2_unseen_validation\trade_date=2026-07-17\exchange=NSE\symbol=GOLDBEES\part-084916_824683-041290.parquet,34719,downloaded,34719,
2026-07-17,NSE,GOLDBEES,raw_l2/trade_date=2026-07-17/exchange=NSE/symbol=GOLDBEES/part-084736_085081-041066.parquet,real_data_sample\l2_unseen_validation\trade_date=2026-07-17\exchange=NSE\symbol=GOLDBEES\part-084736_085081-041066.parquet,34383,downloaded,34383,
2026-07-17,NSE,GOLDBEES,raw_l2/trade_date=2026-07-17/exchange=NSE/symbol=GOLDBEES/part-084721_900129-041034.parquet,real_data_sample\l2_unseen_validation\trade_date=2026-07-17\exchange=NSE\symbol=GOLDBEES\part-084721_900129-041034.parquet,34457,downloaded,34457,
2026-07-17,NSE,GOLDBEES,raw_l2/trade_date=2026-07-17/exchange=NSE/symbol=GOLDBEES/part-085029_284411-041450.parquet,real_data_sample\l2_unseen_validation\trade_date=2026-07-17\exchange=NSE\symbol=GOLDBEES\part-085029_284411-041450.parquet,34590,downloaded,34590,
2026-07-17,NSE,GOLDBEES,raw_l2/trade_date=2026-07-17/exchange=NSE/symbol=GOLDBEES/part-085127_219398-041578.parquet,real_data_sample\l2_unseen_validation\trade_date=2026-07-17\exchange=NSE\symbol=GOLDBEES\part-085127_219398-041578.parquet,34654,downloaded,34654,
2026-07-17,NSE,GOLDBEES,raw_l2/trade_date=2026-07-17/exchange=NSE/symbol=GOLDBEES/part-085057_940483-041514.parquet,real_data_sample\l2_unseen_validation\trade_date=2026-07-17\exchange=NSE\symbol=GOLDBEES\part-085057_940483-041514.parquet,34699,downloaded,34699,
2026-07-17,NSE,GOLDBEES,raw_l2/trade_date=2026-07-17/exchange=NSE/symbol=GOLDBEES/part-084624_881419-040906.parquet,real_data_sample\l2_unseen_validation\trade_date=2026-07-17\exchange=NSE\symbol=GOLDBEES\part-084624_881419-040906.parquet,34581,downloaded,34581,
2026-07-17,NSE,GOLDBEES,raw_l2/trade_date=2026-07-17/exchange=NSE/symbol=GOLDBEES/part-085043_408140-041482.parquet,real_data_sample\l2_unseen_validation\trade_date=2026-07-17\exchange=NSE\symbol=GOLDBEES\part-085043_408140-041482.parquet,34675,downloaded,34675,
2026-07-17,NSE,GOLDBEES,raw_l2/trade_date=2026-07-17/exchange=NSE/symbol=GOLDBEES/part-085112_621377-041546.parquet,real_data_sample\l2_unseen_validation\trade_date=2026-07-17\exchange=NSE\symbol=GOLDBEES\part-085112_621377-041546.parquet,34760,downloaded,34760,
2026-07-17,NSE,GOLDBEES,raw_l2/trade_date=2026-07-17/exchange=NSE/symbol=GOLDBEES/part-085141_564407-041610.parquet,real_data_sample\l2_unseen_validation\trade_date=2026-07-17\exchange=NSE\symbol=GOLDBEES\part-085141_564407-041610.parquet,34630,downloaded,34630,
2026-07-17,NSE,GOLDBEES,raw_l2/trade_date=2026-07-17/exchange=NSE/symbol=GOLDBEES/part-085156_013462-041642.parquet,real_data_sample\l2_unseen_validation\trade_date=2026-07-17\exchange=NSE\symbol=GOLDBEES\part-085156_013462-041642.parquet,34730,downloaded,34730,
2026-07-17,NSE,GOLDBEES,raw_l2/trade_date=2026-07-17/exchange=NSE/symbol=GOLDBEES/part-085210_731482-041674.parquet,real_data_sample\l2_unseen_validation\trade_date=2026-07-17\exchange=NSE\symbol=GOLDBEES\part-085210_731482-041674.parquet,34758,downloaded,34758,
2026-07-17,NSE,GOLDBEES,raw_l2/trade_date=2026-07-17/exchange=NSE/symbol=GOLDBEES/part-085339_914948-041866.parquet,real_data_sample\l2_unseen_validation\trade_date=2026-07-17\exchange=NSE\symbol=GOLDBEES\part-085339_914948-041866.parquet,34664,downloaded,34664,
2026-07-17,NSE,GOLDBEES,raw_l2/trade_date=2026-07-17/exchange=NSE/symbol=GOLDBEES/part-085309_689101-041802.parquet,real_data_sample\l2_unseen_validation\trade_date=2026-07-17\exchange=NSE\symbol=GOLDBEES\part-085309_689101-041802.parquet,34602,downloaded,34602,
2026-07-17,NSE,GOLDBEES,raw_l2/trade_date=2026-07-17/exchange=NSE/symbol=GOLDBEES/part-085324_947325-041834.parquet,real_data_sample\l2_unseen_validation\trade_date=2026-07-17\exchange=NSE\symbol=GOLDBEES\part-085324_947325-041834.parquet,34578,downloaded,34578,
2026-07-17,NSE,GOLDBEES,raw_l2/trade_date=2026-07-17/exchange=NSE/symbol=GOLDBEES/part-085239_949837-041738.parquet,real_data_sample\l2_unseen_validation\trade_date=2026-07-17\exchange=NSE\symbol=GOLDBEES\part-085239_949837-041738.parquet,34723,downloaded,34723,
2026-07-17,NSE,GOLDBEES,raw_l2/trade_date=2026-07-17/exchange=NSE/symbol=GOLDBEES/part-085408_385414-041930.parquet,real_data_sample\l2_unseen_validation\trade_date=2026-07-17\exchange=NSE\symbol=GOLDBEES\part-085408_385414-041930.parquet,34709,downloaded,34709,
2026-07-17,NSE,GOLDBEES,raw_l2/trade_date=2026-07-17/exchange=NSE/symbol=GOLDBEES/part-085254_826164-041770.parquet,real_data_sample\l2_unseen_validation\trade_date=2026-07-17\exchange=NSE\symbol=GOLDBEES\part-085254_826164-041770.parquet,34606,downloaded,34606,
2026-07-17,NSE,GOLDBEES,raw_l2/trade_date=2026-07-17/exchange=NSE/symbol=GOLDBEES/part-085422_611602-041962.parquet,real_data_sample\l2_unseen_validation\trade_date=2026-07-17\exchange=NSE\symbol=GOLDBEES\part-085422_611602-041962.parquet,34686,downloaded,34686,
2026-07-17,NSE,GOLDBEES,raw_l2/trade_date=2026-07-17/exchange=NSE/symbol=GOLDBEES/part-085354_138190-041898.parquet,real_data_sample\l2_unseen_validation\trade_date=2026-07-17\exchange=NSE\symbol=GOLDBEES\part-085354_138190-041898.parquet,34697,downloaded,34697,
2026-07-17,NSE,GOLDBEES,raw_l2/trade_date=2026-07-17/exchange=NSE/symbol=GOLDBEES/part-085225_302263-041706.parquet,real_data_sample\l2_unseen_validation\trade_date=2026-07-17\exchange=NSE\symbol=GOLDBEES\part-085225_302263-041706.parquet,34609,downloaded,34609,
2026-07-17,NSE,GOLDBEES,raw_l2/trade_date=2026-07-17/exchange=NSE/symbol=GOLDBEES/part-084610_676179-040874.parquet,real_data_sample\l2_unseen_validation\trade_date=2026-07-17\exchange=NSE\symbol=GOLDBEES\part-084610_676179-040874.parquet,35657,downloaded,35657,
2026-07-17,NSE,GOLDBEES,raw_l2/trade_date=2026-07-17/exchange=NSE/symbol=GOLDBEES/part-085451_388782-042026.parquet,real_data_sample\l2_unseen_validation\trade_date=2026-07-17\exchange=NSE\symbol=GOLDBEES\part-085451_388782-042026.parquet,34637,downloaded,34637,
2026-07-17,NSE,GOLDBEES,raw_l2/trade_date=2026-07-17/exchange=NSE/symbol=GOLDBEES/part-085630_938827-042250.parquet,real_data_sample\l2_unseen_validation\trade_date=2026-07-17\exchange=NSE\symbol=GOLDBEES\part-085630_938827-042250.parquet,34587,downloaded,34587,
2026-07-17,NSE,GOLDBEES,raw_l2/trade_date=2026-07-17/exchange=NSE/symbol=GOLDBEES/part-085616_651431-042218.parquet,real_data_sample\l2_unseen_validation\trade_date=2026-07-17\exchange=NSE\symbol=GOLDBEES\part-085616_651431-042218.parquet,34684,downloaded,34684,
2026-07-17,NSE,GOLDBEES,raw_l2/trade_date=2026-07-17/exchange=NSE/symbol=GOLDBEES/part-085713_732318-042346.parquet,real_data_sample\l2_unseen_validation\trade_date=2026-07-17\exchange=NSE\symbol=GOLDBEES\part-085713_732318-042346.parquet,34802,downloaded,34802,
2026-07-17,NSE,GOLDBEES,raw_l2/trade_date=2026-07-17/exchange=NSE/symbol=GOLDBEES/part-085548_353393-042154.parquet,real_data_sample\l2_unseen_validation\trade_date=2026-07-17\exchange=NSE\symbol=GOLDBEES\part-085548_353393-042154.parquet,34640,downloaded,34640,
2026-07-17,NSE,GOLDBEES,raw_l2/trade_date=2026-07-17/exchange=NSE/symbol=GOLDBEES/part-085645_148373-042282.parquet,real_data_sample\l2_unseen_validation\trade_date=2026-07-17\exchange=NSE\symbol=GOLDBEES\part-085645_148373-042282.parquet,34615,downloaded,34615,
2026-07-17,NSE,GOLDBEES,raw_l2/trade_date=2026-07-17/exchange=NSE/symbol=GOLDBEES/part-085519_943049-042090.parquet,real_data_sample\l2_unseen_validation\trade_date=2026-07-17\exchange=NSE\symbol=GOLDBEES\part-085519_943049-042090.parquet,34600,downloaded,34600,
2026-07-17,NSE,GOLDBEES,raw_l2/trade_date=2026-07-17/exchange=NSE/symbol=GOLDBEES/part-085742_221384-042410.parquet,real_data_sample\l2_unseen_validation\trade_date=2026-07-17\exchange=NSE\symbol=GOLDBEES\part-085742_221384-042410.parquet,34765,downloaded,34765,
2026-07-17,NSE,GOLDBEES,raw_l2/trade_date=2026-07-17/exchange=NSE/symbol=GOLDBEES/part-085505_773779-042058.parquet,real_data_sample\l2_unseen_validation\trade_date=2026-07-17\exchange=NSE\symbol=GOLDBEES\part-085505_773779-042058.parquet,34616,downloaded,34616,
2026-07-17,NSE,GOLDBEES,raw_l2/trade_date=2026-07-17/exchange=NSE/symbol=GOLDBEES/part-085534_130556-042122.parquet,real_data_sample\l2_unseen_validation\trade_date=2026-07-17\exchange=NSE\symbol=GOLDBEES\part-085534_130556-042122.parquet,34502,downloaded,34502,
2026-07-17,NSE,GOLDBEES,raw_l2/trade_date=2026-07-17/exchange=NSE/symbol=GOLDBEES/part-085602_592279-042186.parquet,real_data_sample\l2_unseen_validation\trade_date=2026-07-17\exchange=NSE\symbol=GOLDBEES\part-085602_592279-042186.parquet,34575,downloaded,34575,
2026-07-17,NSE,GOLDBEES,raw_l2/trade_date=2026-07-17/exchange=NSE/symbol=GOLDBEES/part-085436_964697-041994.parquet,real_data_sample\l2_unseen_validation\trade_date=2026-07-17\exchange=NSE\symbol=GOLDBEES\part-085436_964697-041994.parquet,34647,downloaded,34647,
2026-07-17,NSE,GOLDBEES,raw_l2/trade_date=2026-07-17/exchange=NSE/symbol=GOLDBEES/part-085825_469578-042506.parquet,real_data_sample\l2_unseen_validation\trade_date=2026-07-17\exchange=NSE\symbol=GOLDBEES\part-085825_469578-042506.parquet,34693,downloaded,34693,
2026-07-17,NSE,GOLDBEES,raw_l2/trade_date=2026-07-17/exchange=NSE/symbol=GOLDBEES/part-082409_216374-037930.parquet,real_data_sample\l2_unseen_validation\trade_date=2026-07-17\exchange=NSE\symbol=GOLDBEES\part-082409_216374-037930.parquet,34447,downloaded,34447,
2026-07-17,NSE,GOLDBEES,raw_l2/trade_date=2026-07-17/exchange=NSE/symbol=GOLDBEES/part-085756_745824-042442.parquet,real_data_sample\l2_unseen_validation\trade_date=2026-07-17\exchange=NSE\symbol=GOLDBEES\part-085756_745824-042442.parquet,34662,downloaded,34662,
2026-07-17,NSE,GOLDBEES,raw_l2/trade_date=2026-07-17/exchange=NSE/symbol=GOLDBEES/part-085727_833297-042378.parquet,real_data_sample\l2_unseen_validation\trade_date=2026-07-17\exchange=NSE\symbol=GOLDBEES\part-085727_833297-042378.parquet,34749,downloaded,34749,
2026-07-17,NSE,GOLDBEES,raw_l2/trade_date=2026-07-17/exchange=NSE/symbol=GOLDBEES/part-085659_393703-042314.parquet,real_data_sample\l2_unseen_validation\trade_date=2026-07-17\exchange=NSE\symbol=GOLDBEES\part-085659_393703-042314.parquet,34842,downloaded,34842,
2026-07-17,NSE,GOLDBEES,raw_l2/trade_date=2026-07-17/exchange=NSE/symbol=GOLDBEES/part-081119_875908-036202.parquet,real_data_sample\l2_unseen_validation\trade_date=2026-07-17\exchange=NSE\symbol=GOLDBEES\part-081119_875908-036202.parquet,34940,downloaded,34940,
2026-07-17,NSE,GOLDBEES,raw_l2/trade_date=2026-07-17/exchange=NSE/symbol=GOLDBEES/part-085811_147043-042474.parquet,real_data_sample\l2_unseen_validation\trade_date=2026-07-17\exchange=NSE\symbol=GOLDBEES\part-085811_147043-042474.parquet,34922,downloaded,34922,
2026-07-17,NSE,GOLDBEES,raw_l2/trade_date=2026-07-17/exchange=NSE/symbol=GOLDBEES/part-085908_926685-042602.parquet,real_data_sample\l2_unseen_validation\trade_date=2026-07-17\exchange=NSE\symbol=GOLDBEES\part-085908_926685-042602.parquet,34745,downloaded,34745,
2026-07-17,NSE,GOLDBEES,raw_l2/trade_date=2026-07-17/exchange=NSE/symbol=GOLDBEES/part-085854_475141-042570.parquet,real_data_sample\l2_unseen_validation\trade_date=2026-07-17\exchange=NSE\symbol=GOLDBEES\part-085854_475141-042570.parquet,34515,downloaded,34515,
2026-07-17,NSE,GOLDBEES,raw_l2/trade_date=2026-07-17/exchange=NSE/symbol=GOLDBEES/part-085923_539080-042634.parquet,real_data_sample\l2_unseen_validation\trade_date=2026-07-17\exchange=NSE\symbol=GOLDBEES\part-085923_539080-042634.parquet,34463,downloaded,34463,
2026-07-17,NSE,GOLDBEES,raw_l2/trade_date=2026-07-17/exchange=NSE/symbol=GOLDBEES/part-082312_701907-037802.parquet,real_data_sample\l2_unseen_validation\trade_date=2026-07-17\exchange=NSE\symbol=GOLDBEES\part-082312_701907-037802.parquet,34798,downloaded,34798,
2026-07-17,NSE,GOLDBEES,raw_l2/trade_date=2026-07-17/exchange=NSE/symbol=GOLDBEES/part-082355_090508-037898.parquet,real_data_sample\l2_unseen_validation\trade_date=2026-07-17\exchange=NSE\symbol=GOLDBEES\part-082355_090508-037898.parquet,34927,downloaded,34927,
2026-07-17,NSE,GOLDBEES,raw_l2/trade_date=2026-07-17/exchange=NSE/symbol=GOLDBEES/part-090036_309883-042794.parquet,real_data_sample\l2_unseen_validation\trade_date=2026-07-17\exchange=NSE\symbol=GOLDBEES\part-090036_309883-042794.parquet,34542,downloaded,34542,
2026-07-17,NSE,GOLDBEES,raw_l2/trade_date=2026-07-17/exchange=NSE/symbol=GOLDBEES/part-090007_593452-042730.parquet,real_data_sample\l2_unseen_validation\trade_date=2026-07-17\exchange=NSE\symbol=GOLDBEES\part-090007_593452-042730.parquet,34653,downloaded,34653,
2026-07-17,NSE,GOLDBEES,raw_l2/trade_date=2026-07-17/exchange=NSE/symbol=GOLDBEES/part-090021_973525-042762.parquet,real_data_sample\l2_unseen_validation\trade_date=2026-07-17\exchange=NSE\symbol=GOLDBEES\part-090021_973525-042762.parquet,34553,downloaded,34553,
2026-07-17,NSE,GOLDBEES,raw_l2/trade_date=2026-07-17/exchange=NSE/symbol=GOLDBEES/part-085839_970500-042538.parquet,real_data_sample\l2_unseen_validation\trade_date=2026-07-17\exchange=NSE\symbol=GOLDBEES\part-085839_970500-042538.parquet,34764,downloaded,34764,
2026-07-17,NSE,GOLDBEES,raw_l2/trade_date=2026-07-17/exchange=NSE/symbol=GOLDBEES/part-085953_069349-042698.parquet,real_data_sample\l2_unseen_validation\trade_date=2026-07-17\exchange=NSE\symbol=GOLDBEES\part-085953_069349-042698.parquet,34797,downloaded,34797,
2026-07-17,NSE,GOLDBEES,raw_l2/trade_date=2026-07-17/exchange=NSE/symbol=GOLDBEES/part-085938_316629-042666.parquet,real_data_sample\l2_unseen_validation\trade_date=2026-07-17\exchange=NSE\symbol=GOLDBEES\part-085938_316629-042666.parquet,34740,downloaded,34740,
2026-07-17,NSE,GOLDBEES,raw_l2/trade_date=2026-07-17/exchange=NSE/symbol=GOLDBEES/part-090512_068631-043402.parquet,real_data_sample\l2_unseen_validation\trade_date=2026-07-17\exchange=NSE\symbol=GOLDBEES\part-090512_068631-043402.parquet,34637,downloaded,34637,
2026-07-17,NSE,GOLDBEES,raw_l2/trade_date=2026-07-17/exchange=NSE/symbol=GOLDBEES/part-082423_396711-037962.parquet,real_data_sample\l2_unseen_validation\trade_date=2026-07-17\exchange=NSE\symbol=GOLDBEES\part-082423_396711-037962.parquet,34532,downloaded,34532,
2026-07-17,NSE,GOLDBEES,raw_l2/trade_date=2026-07-17/exchange=NSE/symbol=GOLDBEES/part-090526_396579-043434.parquet,real_data_sample\l2_unseen_validation\trade_date=2026-07-17\exchange=NSE\symbol=GOLDBEES\part-090526_396579-043434.parquet,34551,downloaded,34551,
2026-07-17,NSE,GOLDBEES,raw_l2/trade_date=2026-07-17/exchange=NSE/symbol=GOLDBEES/part-090050_816853-042826.parquet,real_data_sample\l2_unseen_validation\trade_date=2026-07-17\exchange=NSE\symbol=GOLDBEES\part-090050_816853-042826.parquet,34711,downloaded,34711,
2026-07-17,NSE,GOLDBEES,raw_l2/trade_date=2026-07-17/exchange=NSE/symbol=GOLDBEES/part-090300_531244-043114.parquet,real_data_sample\l2_unseen_validation\trade_date=2026-07-17\exchange=NSE\symbol=GOLDBEES\part-090300_531244-043114.parquet,34693,downloaded,34693,
2026-07-17,NSE,GOLDBEES,raw_l2/trade_date=2026-07-17/exchange=NSE/symbol=GOLDBEES/part-090203_204418-042986.parquet,real_data_sample\l2_unseen_validation\trade_date=2026-07-17\exchange=NSE\symbol=GOLDBEES\part-090203_204418-042986.parquet,34522,downloaded,34522,
2026-07-17,NSE,GOLDBEES,raw_l2/trade_date=2026-07-17/exchange=NSE/symbol=GOLDBEES/part-090707_477758-043658.parquet,real_data_sample\l2_unseen_validation\trade_date=2026-07-17\exchange=NSE\symbol=GOLDBEES\part-090707_477758-043658.parquet,34685,downloaded,34685,
2026-07-17,NSE,GOLDBEES,raw_l2/trade_date=2026-07-17/exchange=NSE/symbol=GOLDBEES/part-090721_882386-043690.parquet,real_data_sample\l2_unseen_validation\trade_date=2026-07-17\exchange=NSE\symbol=GOLDBEES\part-090721_882386-043690.parquet,34617,downloaded,34617,
2026-07-17,NSE,GOLDBEES,raw_l2/trade_date=2026-07-17/exchange=NSE/symbol=GOLDBEES/part-090314_983925-043146.parquet,real_data_sample\l2_unseen_validation\trade_date=2026-07-17\exchange=NSE\symbol=GOLDBEES\part-090314_983925-043146.parquet,34712,downloaded,34712,
2026-07-17,NSE,GOLDBEES,raw_l2/trade_date=2026-07-17/exchange=NSE/symbol=GOLDBEES/part-090736_144378-043722.parquet,real_data_sample\l2_unseen_validation\trade_date=2026-07-17\exchange=NSE\symbol=GOLDBEES\part-090736_144378-043722.parquet,34689,downloaded,34689,
2026-07-17,NSE,GOLDBEES,raw_l2/trade_date=2026-07-17/exchange=NSE/symbol=GOLDBEES/part-090231_737702-043050.parquet,real_data_sample\l2_unseen_validation\trade_date=2026-07-17\exchange=NSE\symbol=GOLDBEES\part-090231_737702-043050.parquet,34762,downloaded,34762,
2026-07-17,NSE,GOLDBEES,raw_l2/trade_date=2026-07-17/exchange=NSE/symbol=GOLDBEES/part-090457_238817-043370.parquet,real_data_sample\l2_unseen_validation\trade_date=2026-07-17\exchange=NSE\symbol=GOLDBEES\part-090457_238817-043370.parquet,34825,downloaded,34825,
2026-07-17,NSE,GOLDBEES,raw_l2/trade_date=2026-07-17/exchange=NSE/symbol=GOLDBEES/part-090750_415372-043754.parquet,real_data_sample\l2_unseen_validation\trade_date=2026-07-17\exchange=NSE\symbol=GOLDBEES\part-090750_415372-043754.parquet,34705,downloaded,34705,
2026-07-17,NSE,GOLDBEES,raw_l2/trade_date=2026-07-17/exchange=NSE/symbol=GOLDBEES/part-090805_216425-043786.parquet,real_data_sample\l2_unseen_validation\trade_date=2026-07-17\exchange=NSE\symbol=GOLDBEES\part-090805_216425-043786.parquet,34601,downloaded,34601,
2026-07-17,NSE,GOLDBEES,raw_l2/trade_date=2026-07-17/exchange=NSE/symbol=GOLDBEES/part-090344_347325-043210.parquet,real_data_sample\l2_unseen_validation\trade_date=2026-07-17\exchange=NSE\symbol=GOLDBEES\part-090344_347325-043210.parquet,34639,downloaded,34639,
2026-07-17,NSE,GOLDBEES,raw_l2/trade_date=2026-07-17/exchange=NSE/symbol=GOLDBEES/part-090540_868714-043466.parquet,real_data_sample\l2_unseen_validation\trade_date=2026-07-17\exchange=NSE\symbol=GOLDBEES\part-090540_868714-043466.parquet,34710,downloaded,34710,
2026-07-17,NSE,GOLDBEES,raw_l2/trade_date=2026-07-17/exchange=NSE/symbol=GOLDBEES/part-090359_154573-043242.parquet,real_data_sample\l2_unseen_validation\trade_date=2026-07-17\exchange=NSE\symbol=GOLDBEES\part-090359_154573-043242.parquet,34645,downloaded,34645,
2026-07-17,NSE,GOLDBEES,raw_l2/trade_date=2026-07-17/exchange=NSE/symbol=GOLDBEES/part-090427_709889-043306.parquet,real_data_sample\l2_unseen_validation\trade_date=2026-07-17\exchange=NSE\symbol=GOLDBEES\part-090427_709889-043306.parquet,34802,downloaded,34802,
2026-07-17,NSE,GOLDBEES,raw_l2/trade_date=2026-07-17/exchange=NSE/symbol=GOLDBEES/part-090134_493265-042922.parquet,real_data_sample\l2_unseen_validation\trade_date=2026-07-17\exchange=NSE\symbol=GOLDBEES\part-090134_493265-042922.parquet,34591,downloaded,34591,
2026-07-17,NSE,GOLDBEES,raw_l2/trade_date=2026-07-17/exchange=NSE/symbol=GOLDBEES/part-090120_104764-042890.parquet,real_data_sample\l2_unseen_validation\trade_date=2026-07-17\exchange=NSE\symbol=GOLDBEES\part-090120_104764-042890.parquet,34954,downloaded,34954,
2026-07-17,NSE,GOLDBEES,raw_l2/trade_date=2026-07-17/exchange=NSE/symbol=GOLDBEES/part-090413_369048-043274.parquet,real_data_sample\l2_unseen_validation\trade_date=2026-07-17\exchange=NSE\symbol=GOLDBEES\part-090413_369048-043274.parquet,34707,downloaded,34707,
2026-07-17,NSE,GOLDBEES,raw_l2/trade_date=2026-07-17/exchange=NSE/symbol=GOLDBEES/part-090148_938031-042954.parquet,real_data_sample\l2_unseen_validation\trade_date=2026-07-17\exchange=NSE\symbol=GOLDBEES\part-090148_938031-042954.parquet,34839,downloaded,34839,
2026-07-17,NSE,GOLDBEES,raw_l2/trade_date=2026-07-17/exchange=NSE/symbol=GOLDBEES/part-090329_527795-043178.parquet,real_data_sample\l2_unseen_validation\trade_date=2026-07-17\exchange=NSE\symbol=GOLDBEES\part-090329_527795-043178.parquet,34926,downloaded,34926,
2026-07-17,NSE,GOLDBEES,raw_l2/trade_date=2026-07-17/exchange=NSE/symbol=GOLDBEES/part-090442_546127-043338.parquet,real_data_sample\l2_unseen_validation\trade_date=2026-07-17\exchange=NSE\symbol=GOLDBEES\part-090442_546127-043338.parquet,34623,downloaded,34623,
2026-07-17,NSE,GOLDBEES,raw_l2/trade_date=2026-07-17/exchange=NSE/symbol=GOLDBEES/part-090105_461303-042858.parquet,real_data_sample\l2_unseen_validation\trade_date=2026-07-17\exchange=NSE\symbol=GOLDBEES\part-090105_461303-042858.parquet,34689,downloaded,34689,
2026-07-17,NSE,GOLDBEES,raw_l2/trade_date=2026-07-17/exchange=NSE/symbol=GOLDBEES/part-090246_202701-043082.parquet,real_data_sample\l2_unseen_validation\trade_date=2026-07-17\exchange=NSE\symbol=GOLDBEES\part-090246_202701-043082.parquet,34664,downloaded,34664,
2026-07-17,NSE,GOLDBEES,raw_l2/trade_date=2026-07-17/exchange=NSE/symbol=GOLDBEES/part-090217_367815-043018.parquet,real_data_sample\l2_unseen_validation\trade_date=2026-07-17\exchange=NSE\symbol=GOLDBEES\part-090217_367815-043018.parquet,34823,downloaded,34823,
2026-07-17,NSE,GOLDBEES,raw_l2/trade_date=2026-07-17/exchange=NSE/symbol=GOLDBEES/part-090623_983002-043562.parquet,real_data_sample\l2_unseen_validation\trade_date=2026-07-17\exchange=NSE\symbol=GOLDBEES\part-090623_983002-043562.parquet,34838,downloaded,34838,
2026-07-17,NSE,GOLDBEES,raw_l2/trade_date=2026-07-17/exchange=NSE/symbol=GOLDBEES/part-090652_953940-043626.parquet,real_data_sample\l2_unseen_validation\trade_date=2026-07-17\exchange=NSE\symbol=GOLDBEES\part-090652_953940-043626.parquet,35066,downloaded,35066,
2026-07-17,NSE,GOLDBEES,raw_l2/trade_date=2026-07-17/exchange=NSE/symbol=GOLDBEES/part-090555_141782-043498.parquet,real_data_sample\l2_unseen_validation\trade_date=2026-07-17\exchange=NSE\symbol=GOLDBEES\part-090555_141782-043498.parquet,34601,downloaded,34601,
2026-07-17,NSE,GOLDBEES,raw_l2/trade_date=2026-07-17/exchange=NSE/symbol=GOLDBEES/part-090638_378979-043594.parquet,real_data_sample\l2_unseen_validation\trade_date=2026-07-17\exchange=NSE\symbol=GOLDBEES\part-090638_378979-043594.parquet,34690,downloaded,34690,
2026-07-17,NSE,GOLDBEES,raw_l2/trade_date=2026-07-17/exchange=NSE/symbol=GOLDBEES/part-090609_345840-043530.parquet,real_data_sample\l2_unseen_validation\trade_date=2026-07-17\exchange=NSE\symbol=GOLDBEES\part-090609_345840-043530.parquet,34521,downloaded,34521,
2026-07-17,NSE,GOLDBEES,raw_l2/trade_date=2026-07-17/exchange=NSE/symbol=GOLDBEES/part-091456_465133-044682.parquet,real_data_sample\l2_unseen_validation\trade_date=2026-07-17\exchange=NSE\symbol=GOLDBEES\part-091456_465133-044682.parquet,34718,downloaded,34718,
2026-07-17,NSE,GOLDBEES,raw_l2/trade_date=2026-07-17/exchange=NSE/symbol=GOLDBEES/part-091329_957258-044490.parquet,real_data_sample\l2_unseen_validation\trade_date=2026-07-17\exchange=NSE\symbol=GOLDBEES\part-091329_957258-044490.parquet,34744,downloaded,34744,
2026-07-17,NSE,GOLDBEES,raw_l2/trade_date=2026-07-17/exchange=NSE/symbol=GOLDBEES/part-090948_541238-044010.parquet,real_data_sample\l2_unseen_validation\trade_date=2026-07-17\exchange=NSE\symbol=GOLDBEES\part-090948_541238-044010.parquet,34552,downloaded,34552,
2026-07-17,NSE,GOLDBEES,raw_l2/trade_date=2026-07-17/exchange=NSE/symbol=GOLDBEES/part-091032_979972-044106.parquet,real_data_sample\l2_unseen_validation\trade_date=2026-07-17\exchange=NSE\symbol=GOLDBEES\part-091032_979972-044106.parquet,34590,downloaded,34590,
2026-07-17,NSE,GOLDBEES,raw_l2/trade_date=2026-07-17/exchange=NSE/symbol=GOLDBEES/part-091539_502729-044778.parquet,real_data_sample\l2_unseen_validation\trade_date=2026-07-17\exchange=NSE\symbol=GOLDBEES\part-091539_502729-044778.parquet,34668,downloaded,34668,
2026-07-17,NSE,GOLDBEES,raw_l2/trade_date=2026-07-17/exchange=NSE/symbol=GOLDBEES/part-090933_506366-043978.parquet,real_data_sample\l2_unseen_validation\trade_date=2026-07-17\exchange=NSE\symbol=GOLDBEES\part-090933_506366-043978.parquet,34589,downloaded,34589,
2026-07-17,NSE,GOLDBEES,raw_l2/trade_date=2026-07-17/exchange=NSE/symbol=GOLDBEES/part-091413_375032-044586.parquet,real_data_sample\l2_unseen_validation\trade_date=2026-07-17\exchange=NSE\symbol=GOLDBEES\part-091413_375032-044586.parquet,34694,downloaded,34694,
2026-07-17,NSE,GOLDBEES,raw_l2/trade_date=2026-07-17/exchange=NSE/symbol=GOLDBEES/part-091047_731814-044138.parquet,real_data_sample\l2_unseen_validation\trade_date=2026-07-17\exchange=NSE\symbol=GOLDBEES\part-091047_731814-044138.parquet,34614,downloaded,34614,
2026-07-17,NSE,GOLDBEES,raw_l2/trade_date=2026-07-17/exchange=NSE/symbol=GOLDBEES/part-091018_420630-044074.parquet,real_data_sample\l2_unseen_validation\trade_date=2026-07-17\exchange=NSE\symbol=GOLDBEES\part-091018_420630-044074.parquet,34812,downloaded,34812,
2026-07-17,NSE,GOLDBEES,raw_l2/trade_date=2026-07-17/exchange=NSE/symbol=GOLDBEES/part-090848_920543-043882.parquet,real_data_sample\l2_unseen_validation\trade_date=2026-07-17\exchange=NSE\symbol=GOLDBEES\part-090848_920543-043882.parquet,34512,downloaded,34512,
2026-07-17,NSE,GOLDBEES,raw_l2/trade_date=2026-07-17/exchange=NSE/symbol=GOLDBEES/part-091146_455798-044266.parquet,real_data_sample\l2_unseen_validation\trade_date=2026-07-17\exchange=NSE\symbol=GOLDBEES\part-091146_455798-044266.parquet,34635,downloaded,34635,
2026-07-17,NSE,GOLDBEES,raw_l2/trade_date=2026-07-17/exchange=NSE/symbol=GOLDBEES/part-091117_026052-044202.parquet,real_data_sample\l2_unseen_validation\trade_date=2026-07-17\exchange=NSE\symbol=GOLDBEES\part-091117_026052-044202.parquet,34827,downloaded,34827,
2026-07-17,NSE,GOLDBEES,raw_l2/trade_date=2026-07-17/exchange=NSE/symbol=GOLDBEES/part-091132_051386-044234.parquet,real_data_sample\l2_unseen_validation\trade_date=2026-07-17\exchange=NSE\symbol=GOLDBEES\part-091132_051386-044234.parquet,34767,downloaded,34767,
2026-07-17,NSE,GOLDBEES,raw_l2/trade_date=2026-07-17/exchange=NSE/symbol=GOLDBEES/part-091553_963696-044810.parquet,real_data_sample\l2_unseen_validation\trade_date=2026-07-17\exchange=NSE\symbol=GOLDBEES\part-091553_963696-044810.parquet,34723,downloaded,34723,
2026-07-17,NSE,GOLDBEES,raw_l2/trade_date=2026-07-17/exchange=NSE/symbol=GOLDBEES/part-091004_102049-044042.parquet,real_data_sample\l2_unseen_validation\trade_date=2026-07-17\exchange=NSE\symbol=GOLDBEES\part-091004_102049-044042.parquet,34680,downloaded,34680,
2026-07-17,NSE,GOLDBEES,raw_l2/trade_date=2026-07-17/exchange=NSE/symbol=GOLDBEES/part-091315_425644-044458.parquet,real_data_sample\l2_unseen_validation\trade_date=2026-07-17\exchange=NSE\symbol=GOLDBEES\part-091315_425644-044458.parquet,34772,downloaded,34772,
2026-07-17,NSE,GOLDBEES,raw_l2/trade_date=2026-07-17/exchange=NSE/symbol=GOLDBEES/part-091246_465085-044394.parquet,real_data_sample\l2_unseen_validation\trade_date=2026-07-17\exchange=NSE\symbol=GOLDBEES\part-091246_465085-044394.parquet,34722,downloaded,34722,
2026-07-17,NSE,GOLDBEES,raw_l2/trade_date=2026-07-17/exchange=NSE/symbol=GOLDBEES/part-090834_330878-043850.parquet,real_data_sample\l2_unseen_validation\trade_date=2026-07-17\exchange=NSE\symbol=GOLDBEES\part-090834_330878-043850.parquet,34721,downloaded,34721,
2026-07-17,NSE,GOLDBEES,raw_l2/trade_date=2026-07-17/exchange=NSE/symbol=GOLDBEES/part-091510_974570-044714.parquet,real_data_sample\l2_unseen_validation\trade_date=2026-07-17\exchange=NSE\symbol=GOLDBEES\part-091510_974570-044714.parquet,34699,downloaded,34699,
2026-07-17,NSE,GOLDBEES,raw_l2/trade_date=2026-07-17/exchange=NSE/symbol=GOLDBEES/part-091102_429142-044170.parquet,real_data_sample\l2_unseen_validation\trade_date=2026-07-17\exchange=NSE\symbol=GOLDBEES\part-091102_429142-044170.parquet,34784,downloaded,34784,
2026-07-17,NSE,GOLDBEES,raw_l2/trade_date=2026-07-17/exchange=NSE/symbol=GOLDBEES/part-091200_986335-044298.parquet,real_data_sample\l2_unseen_validation\trade_date=2026-07-17\exchange=NSE\symbol=GOLDBEES\part-091200_986335-044298.parquet,34634,downloaded,34634,
2026-07-17,NSE,GOLDBEES,raw_l2/trade_date=2026-07-17/exchange=NSE/symbol=GOLDBEES/part-091215_902423-044330.parquet,real_data_sample\l2_unseen_validation\trade_date=2026-07-17\exchange=NSE\symbol=GOLDBEES\part-091215_902423-044330.parquet,34748,downloaded,34748,
2026-07-17,NSE,GOLDBEES,raw_l2/trade_date=2026-07-17/exchange=NSE/symbol=GOLDBEES/part-091344_398610-044522.parquet,real_data_sample\l2_unseen_validation\trade_date=2026-07-17\exchange=NSE\symbol=GOLDBEES\part-091344_398610-044522.parquet,34889,downloaded,34889,
2026-07-17,NSE,GOLDBEES,raw_l2/trade_date=2026-07-17/exchange=NSE/symbol=GOLDBEES/part-090918_769020-043946.parquet,real_data_sample\l2_unseen_validation\trade_date=2026-07-17\exchange=NSE\symbol=GOLDBEES\part-090918_769020-043946.parquet,34537,downloaded,34537,
2026-07-17,NSE,GOLDBEES,raw_l2/trade_date=2026-07-17/exchange=NSE/symbol=GOLDBEES/part-091300_767443-044426.parquet,real_data_sample\l2_unseen_validation\trade_date=2026-07-17\exchange=NSE\symbol=GOLDBEES\part-091300_767443-044426.parquet,34706,downloaded,34706,
2026-07-17,NSE,GOLDBEES,raw_l2/trade_date=2026-07-17/exchange=NSE/symbol=GOLDBEES/part-091442_186570-044650.parquet,real_data_sample\l2_unseen_validation\trade_date=2026-07-17\exchange=NSE\symbol=GOLDBEES\part-091442_186570-044650.parquet,34519,downloaded,34519,
2026-07-17,NSE,GOLDBEES,raw_l2/trade_date=2026-07-17/exchange=NSE/symbol=GOLDBEES/part-090903_657342-043914.parquet,real_data_sample\l2_unseen_validation\trade_date=2026-07-17\exchange=NSE\symbol=GOLDBEES\part-090903_657342-043914.parquet,34571,downloaded,34571,
2026-07-17,NSE,GOLDBEES,raw_l2/trade_date=2026-07-17/exchange=NSE/symbol=GOLDBEES/part-091427_692949-044618.parquet,real_data_sample\l2_unseen_validation\trade_date=2026-07-17\exchange=NSE\symbol=GOLDBEES\part-091427_692949-044618.parquet,34758,downloaded,34758,
2026-07-17,NSE,GOLDBEES,raw_l2/trade_date=2026-07-17/exchange=NSE/symbol=GOLDBEES/part-090819_654022-043818.parquet,real_data_sample\l2_unseen_validation\trade_date=2026-07-17\exchange=NSE\symbol=GOLDBEES\part-090819_654022-043818.parquet,34659,downloaded,34659,
2026-07-17,NSE,GOLDBEES,raw_l2/trade_date=2026-07-17/exchange=NSE/symbol=GOLDBEES/part-091525_183967-044746.parquet,real_data_sample\l2_unseen_validation\trade_date=2026-07-17\exchange=NSE\symbol=GOLDBEES\part-091525_183967-044746.parquet,34641,downloaded,34641,
2026-07-17,NSE,GOLDBEES,raw_l2/trade_date=2026-07-17/exchange=NSE/symbol=GOLDBEES/part-091358_929870-044554.parquet,real_data_sample\l2_unseen_validation\trade_date=2026-07-17\exchange=NSE\symbol=GOLDBEES\part-091358_929870-044554.parquet,34615,downloaded,34615,
2026-07-17,NSE,GOLDBEES,raw_l2/trade_date=2026-07-17/exchange=NSE/symbol=GOLDBEES/part-091231_443115-044362.parquet,real_data_sample\l2_unseen_validation\trade_date=2026-07-17\exchange=NSE\symbol=GOLDBEES\part-091231_443115-044362.parquet,34701,downloaded,34701,
2026-07-17,NSE,GOLDBEES,raw_l2/trade_date=2026-07-17/exchange=NSE/symbol=GOLDBEES/part-091608_690939-044842.parquet,real_data_sample\l2_unseen_validation\trade_date=2026-07-17\exchange=NSE\symbol=GOLDBEES\part-091608_690939-044842.parquet,34632,downloaded,34632,
2026-07-17,NSE,GOLDBEES,raw_l2/trade_date=2026-07-17/exchange=NSE/symbol=GOLDBEES/part-091623_279745-044874.parquet,real_data_sample\l2_unseen_validation\trade_date=2026-07-17\exchange=NSE\symbol=GOLDBEES\part-091623_279745-044874.parquet,34628,downloaded,34628,
2026-07-17,NSE,GOLDBEES,raw_l2/trade_date=2026-07-17/exchange=NSE/symbol=GOLDBEES/part-091637_402911-044906.parquet,real_data_sample\l2_unseen_validation\trade_date=2026-07-17\exchange=NSE\symbol=GOLDBEES\part-091637_402911-044906.parquet,34720,downloaded,34720,
2026-07-17,NSE,GOLDBEES,raw_l2/trade_date=2026-07-17/exchange=NSE/symbol=GOLDBEES/part-091651_634692-044938.parquet,real_data_sample\l2_unseen_validation\trade_date=2026-07-17\exchange=NSE\symbol=GOLDBEES\part-091651_634692-044938.parquet,34690,downloaded,34690,
2026-07-17,NSE,GOLDBEES,raw_l2/trade_date=2026-07-17/exchange=NSE/symbol=GOLDBEES/part-091720_115838-045002.parquet,real_data_sample\l2_unseen_validation\trade_date=2026-07-17\exchange=NSE\symbol=GOLDBEES\part-091720_115838-045002.parquet,34768,downloaded,34768,
2026-07-17,NSE,GOLDBEES,raw_l2/trade_date=2026-07-17/exchange=NSE/symbol=GOLDBEES/part-092109_407812-045514.parquet,real_data_sample\l2_unseen_validation\trade_date=2026-07-17\exchange=NSE\symbol=GOLDBEES\part-092109_407812-045514.parquet,35309,downloaded,35309,
2026-07-17,NSE,GOLDBEES,raw_l2/trade_date=2026-07-17/exchange=NSE/symbol=GOLDBEES/part-091914_979006-045258.parquet,real_data_sample\l2_unseen_validation\trade_date=2026-07-17\exchange=NSE\symbol=GOLDBEES\part-091914_979006-045258.parquet,35573,downloaded,35573,
2026-07-17,NSE,GOLDBEES,raw_l2/trade_date=2026-07-17/exchange=NSE/symbol=GOLDBEES/part-092026_108879-045418.parquet,real_data_sample\l2_unseen_validation\trade_date=2026-07-17\exchange=NSE\symbol=GOLDBEES\part-092026_108879-045418.parquet,36077,downloaded,36077,
2026-07-17,NSE,GOLDBEES,raw_l2/trade_date=2026-07-17/exchange=NSE/symbol=GOLDBEES/part-092333_544845-045834.parquet,real_data_sample\l2_unseen_validation\trade_date=2026-07-17\exchange=NSE\symbol=GOLDBEES\part-092333_544845-045834.parquet,34659,downloaded,34659,
2026-07-17,NSE,GOLDBEES,raw_l2/trade_date=2026-07-17/exchange=NSE/symbol=GOLDBEES/part-091734_290797-045034.parquet,real_data_sample\l2_unseen_validation\trade_date=2026-07-17\exchange=NSE\symbol=GOLDBEES\part-091734_290797-045034.parquet,34816,downloaded,34816,
2026-07-17,NSE,GOLDBEES,raw_l2/trade_date=2026-07-17/exchange=NSE/symbol=GOLDBEES/part-091705_931990-044970.parquet,real_data_sample\l2_unseen_validation\trade_date=2026-07-17\exchange=NSE\symbol=GOLDBEES\part-091705_931990-044970.parquet,34735,downloaded,34735,
2026-07-17,NSE,GOLDBEES,raw_l2/trade_date=2026-07-17/exchange=NSE/symbol=GOLDBEES/part-092040_650331-045450.parquet,real_data_sample\l2_unseen_validation\trade_date=2026-07-17\exchange=NSE\symbol=GOLDBEES\part-092040_650331-045450.parquet,35859,downloaded,35859,
2026-07-17,NSE,GOLDBEES,raw_l2/trade_date=2026-07-17/exchange=NSE/symbol=GOLDBEES/part-092138_000164-045578.parquet,real_data_sample\l2_unseen_validation\trade_date=2026-07-17\exchange=NSE\symbol=GOLDBEES\part-092138_000164-045578.parquet,34672,downloaded,34672,
2026-07-17,NSE,GOLDBEES,raw_l2/trade_date=2026-07-17/exchange=NSE/symbol=GOLDBEES/part-092221_141219-045674.parquet,real_data_sample\l2_unseen_validation\trade_date=2026-07-17\exchange=NSE\symbol=GOLDBEES\part-092221_141219-045674.parquet,34772,downloaded,34772,
2026-07-17,NSE,GOLDBEES,raw_l2/trade_date=2026-07-17/exchange=NSE/symbol=GOLDBEES/part-092012_099941-045386.parquet,real_data_sample\l2_unseen_validation\trade_date=2026-07-17\exchange=NSE\symbol=GOLDBEES\part-092012_099941-045386.parquet,34789,downloaded,34789,
2026-07-17,NSE,GOLDBEES,raw_l2/trade_date=2026-07-17/exchange=NSE/symbol=GOLDBEES/part-091748_364626-045066.parquet,real_data_sample\l2_unseen_validation\trade_date=2026-07-17\exchange=NSE\symbol=GOLDBEES\part-091748_364626-045066.parquet,34540,downloaded,34540,
2026-07-17,NSE,GOLDBEES,raw_l2/trade_date=2026-07-17/exchange=NSE/symbol=GOLDBEES/part-092054_926925-045482.parquet,real_data_sample\l2_unseen_validation\trade_date=2026-07-17\exchange=NSE\symbol=GOLDBEES\part-092054_926925-045482.parquet,35750,downloaded,35750,
2026-07-17,NSE,GOLDBEES,raw_l2/trade_date=2026-07-17/exchange=NSE/symbol=GOLDBEES/part-092304_175092-045770.parquet,real_data_sample\l2_unseen_validation\trade_date=2026-07-17\exchange=NSE\symbol=GOLDBEES\part-092304_175092-045770.parquet,34776,downloaded,34776,
2026-07-17,NSE,GOLDBEES,raw_l2/trade_date=2026-07-17/exchange=NSE/symbol=GOLDBEES/part-092249_900698-045738.parquet,real_data_sample\l2_unseen_validation\trade_date=2026-07-17\exchange=NSE\symbol=GOLDBEES\part-092249_900698-045738.parquet,34718,downloaded,34718,
2026-07-17,NSE,GOLDBEES,raw_l2/trade_date=2026-07-17/exchange=NSE/symbol=GOLDBEES/part-091929_186049-045290.parquet,real_data_sample\l2_unseen_validation\trade_date=2026-07-17\exchange=NSE\symbol=GOLDBEES\part-091929_186049-045290.parquet,34712,downloaded,34712,
2026-07-17,NSE,GOLDBEES,raw_l2/trade_date=2026-07-17/exchange=NSE/symbol=GOLDBEES/part-092206_900146-045642.parquet,real_data_sample\l2_unseen_validation\trade_date=2026-07-17\exchange=NSE\symbol=GOLDBEES\part-092206_900146-045642.parquet,34571,downloaded,34571,
2026-07-17,NSE,GOLDBEES,raw_l2/trade_date=2026-07-17/exchange=NSE/symbol=GOLDBEES/part-091943_481086-045322.parquet,real_data_sample\l2_unseen_validation\trade_date=2026-07-17\exchange=NSE\symbol=GOLDBEES\part-091943_481086-045322.parquet,34642,downloaded,34642,
2026-07-17,NSE,GOLDBEES,raw_l2/trade_date=2026-07-17/exchange=NSE/symbol=GOLDBEES/part-092123_698296-045546.parquet,real_data_sample\l2_unseen_validation\trade_date=2026-07-17\exchange=NSE\symbol=GOLDBEES\part-092123_698296-045546.parquet,34666,downloaded,34666,
2026-07-17,NSE,GOLDBEES,raw_l2/trade_date=2026-07-17/exchange=NSE/symbol=GOLDBEES/part-092152_734315-045610.parquet,real_data_sample\l2_unseen_validation\trade_date=2026-07-17\exchange=NSE\symbol=GOLDBEES\part-092152_734315-045610.parquet,34683,downloaded,34683,
2026-07-17,NSE,GOLDBEES,raw_l2/trade_date=2026-07-17/exchange=NSE/symbol=GOLDBEES/part-091957_654091-045354.parquet,real_data_sample\l2_unseen_validation\trade_date=2026-07-17\exchange=NSE\symbol=GOLDBEES\part-091957_654091-045354.parquet,34474,downloaded,34474,
2026-07-17,NSE,GOLDBEES,raw_l2/trade_date=2026-07-17/exchange=NSE/symbol=GOLDBEES/part-092235_461711-045706.parquet,real_data_sample\l2_unseen_validation\trade_date=2026-07-17\exchange=NSE\symbol=GOLDBEES\part-092235_461711-045706.parquet,34614,downloaded,34614,
2026-07-17,NSE,GOLDBEES,raw_l2/trade_date=2026-07-17/exchange=NSE/symbol=GOLDBEES/part-091845_941051-045194.parquet,real_data_sample\l2_unseen_validation\trade_date=2026-07-17\exchange=NSE\symbol=GOLDBEES\part-091845_941051-045194.parquet,35394,downloaded,35394,
2026-07-17,NSE,GOLDBEES,raw_l2/trade_date=2026-07-17/exchange=NSE/symbol=GOLDBEES/part-092318_925065-045802.parquet,real_data_sample\l2_unseen_validation\trade_date=2026-07-17\exchange=NSE\symbol=GOLDBEES\part-092318_925065-045802.parquet,34495,downloaded,34495,
2026-07-17,NSE,GOLDBEES,raw_l2/trade_date=2026-07-17/exchange=NSE/symbol=GOLDBEES/part-091802_580587-045098.parquet,real_data_sample\l2_unseen_validation\trade_date=2026-07-17\exchange=NSE\symbol=GOLDBEES\part-091802_580587-045098.parquet,34502,downloaded,34502,
2026-07-17,NSE,GOLDBEES,raw_l2/trade_date=2026-07-17/exchange=NSE/symbol=GOLDBEES/part-091817_220016-045130.parquet,real_data_sample\l2_unseen_validation\trade_date=2026-07-17\exchange=NSE\symbol=GOLDBEES\part-091817_220016-045130.parquet,35006,downloaded,35006,
2026-07-17,NSE,GOLDBEES,raw_l2/trade_date=2026-07-17/exchange=NSE/symbol=GOLDBEES/part-091900_277554-045226.parquet,real_data_sample\l2_unseen_validation\trade_date=2026-07-17\exchange=NSE\symbol=GOLDBEES\part-091900_277554-045226.parquet,35520,downloaded,35520,
2026-07-17,NSE,GOLDBEES,raw_l2/trade_date=2026-07-17/exchange=NSE/symbol=GOLDBEES/part-091831_418324-045162.parquet,real_data_sample\l2_unseen_validation\trade_date=2026-07-17\exchange=NSE\symbol=GOLDBEES\part-091831_418324-045162.parquet,35550,downloaded,35550,
2026-07-17,NSE,GOLDBEES,raw_l2/trade_date=2026-07-17/exchange=NSE/symbol=GOLDBEES/part-092529_683253-046090.parquet,real_data_sample\l2_unseen_validation\trade_date=2026-07-17\exchange=NSE\symbol=GOLDBEES\part-092529_683253-046090.parquet,34588,downloaded,34588,
2026-07-17,NSE,GOLDBEES,raw_l2/trade_date=2026-07-17/exchange=NSE/symbol=GOLDBEES/part-092347_917413-045866.parquet,real_data_sample\l2_unseen_validation\trade_date=2026-07-17\exchange=NSE\symbol=GOLDBEES\part-092347_917413-045866.parquet,34763,downloaded,34763,
2026-07-17,NSE,GOLDBEES,raw_l2/trade_date=2026-07-17/exchange=NSE/symbol=GOLDBEES/part-092544_252107-046122.parquet,real_data_sample\l2_unseen_validation\trade_date=2026-07-17\exchange=NSE\symbol=GOLDBEES\part-092544_252107-046122.parquet,34598,downloaded,34598,
2026-07-17,NSE,GOLDBEES,raw_l2/trade_date=2026-07-17/exchange=NSE/symbol=GOLDBEES/part-092558_951996-046154.parquet,real_data_sample\l2_unseen_validation\trade_date=2026-07-17\exchange=NSE\symbol=GOLDBEES\part-092558_951996-046154.parquet,34727,downloaded,34727,
2026-07-17,NSE,GOLDBEES,raw_l2/trade_date=2026-07-17/exchange=NSE/symbol=GOLDBEES/part-092613_690809-046186.parquet,real_data_sample\l2_unseen_validation\trade_date=2026-07-17\exchange=NSE\symbol=GOLDBEES\part-092613_690809-046186.parquet,34695,downloaded,34695,
2026-07-17,NSE,GOLDBEES,raw_l2/trade_date=2026-07-17/exchange=NSE/symbol=GOLDBEES/part-092726_198894-046346.parquet,real_data_sample\l2_unseen_validation\trade_date=2026-07-17\exchange=NSE\symbol=GOLDBEES\part-092726_198894-046346.parquet,34708,downloaded,34708,
2026-07-17,NSE,GOLDBEES,raw_l2/trade_date=2026-07-17/exchange=NSE/symbol=GOLDBEES/part-092740_743557-046378.parquet,real_data_sample\l2_unseen_validation\trade_date=2026-07-17\exchange=NSE\symbol=GOLDBEES\part-092740_743557-046378.parquet,34511,downloaded,34511,
2026-07-17,NSE,GOLDBEES,raw_l2/trade_date=2026-07-17/exchange=NSE/symbol=GOLDBEES/part-092402_302544-045898.parquet,real_data_sample\l2_unseen_validation\trade_date=2026-07-17\exchange=NSE\symbol=GOLDBEES\part-092402_302544-045898.parquet,34637,downloaded,34637,
2026-07-17,NSE,GOLDBEES,raw_l2/trade_date=2026-07-17/exchange=NSE/symbol=GOLDBEES/part-092515_173458-046058.parquet,real_data_sample\l2_unseen_validation\trade_date=2026-07-17\exchange=NSE\symbol=GOLDBEES\part-092515_173458-046058.parquet,34744,downloaded,34744,
2026-07-17,NSE,GOLDBEES,raw_l2/trade_date=2026-07-17/exchange=NSE/symbol=GOLDBEES/part-092500_373607-046026.parquet,real_data_sample\l2_unseen_validation\trade_date=2026-07-17\exchange=NSE\symbol=GOLDBEES\part-092500_373607-046026.parquet,34680,downloaded,34680,
2026-07-17,NSE,GOLDBEES,raw_l2/trade_date=2026-07-17/exchange=NSE/symbol=GOLDBEES/part-092628_120665-046218.parquet,real_data_sample\l2_unseen_validation\trade_date=2026-07-17\exchange=NSE\symbol=GOLDBEES\part-092628_120665-046218.parquet,34808,downloaded,34808,
2026-07-17,NSE,GOLDBEES,raw_l2/trade_date=2026-07-17/exchange=NSE/symbol=GOLDBEES/part-092431_601076-045962.parquet,real_data_sample\l2_unseen_validation\trade_date=2026-07-17\exchange=NSE\symbol=GOLDBEES\part-092431_601076-045962.parquet,34736,downloaded,34736,
2026-07-17,NSE,GOLDBEES,raw_l2/trade_date=2026-07-17/exchange=NSE/symbol=GOLDBEES/part-092445_857963-045994.parquet,real_data_sample\l2_unseen_validation\trade_date=2026-07-17\exchange=NSE\symbol=GOLDBEES\part-092445_857963-045994.parquet,34621,downloaded,34621,
2026-07-17,NSE,GOLDBEES,raw_l2/trade_date=2026-07-17/exchange=NSE/symbol=GOLDBEES/part-092643_374778-046250.parquet,real_data_sample\l2_unseen_validation\trade_date=2026-07-17\exchange=NSE\symbol=GOLDBEES\part-092643_374778-046250.parquet,34721,downloaded,34721,
2026-07-17,NSE,GOLDBEES,raw_l2/trade_date=2026-07-17/exchange=NSE/symbol=GOLDBEES/part-092416_980865-045930.parquet,real_data_sample\l2_unseen_validation\trade_date=2026-07-17\exchange=NSE\symbol=GOLDBEES\part-092416_980865-045930.parquet,34588,downloaded,34588,
2026-07-17,NSE,GOLDBEES,raw_l2/trade_date=2026-07-17/exchange=NSE/symbol=GOLDBEES/part-092711_960883-046314.parquet,real_data_sample\l2_unseen_validation\trade_date=2026-07-17\exchange=NSE\symbol=GOLDBEES\part-092711_960883-046314.parquet,34678,downloaded,34678,
2026-07-17,NSE,GOLDBEES,raw_l2/trade_date=2026-07-17/exchange=NSE/symbol=GOLDBEES/part-092852_900829-046538.parquet,real_data_sample\l2_unseen_validation\trade_date=2026-07-17\exchange=NSE\symbol=GOLDBEES\part-092852_900829-046538.parquet,34674,downloaded,34674,
2026-07-17,NSE,GOLDBEES,raw_l2/trade_date=2026-07-17/exchange=NSE/symbol=GOLDBEES/part-092657_628507-046282.parquet,real_data_sample\l2_unseen_validation\trade_date=2026-07-17\exchange=NSE\symbol=GOLDBEES\part-092657_628507-046282.parquet,34533,downloaded,34533,
2026-07-17,NSE,GOLDBEES,raw_l2/trade_date=2026-07-17/exchange=NSE/symbol=GOLDBEES/part-093049_731731-046794.parquet,real_data_sample\l2_unseen_validation\trade_date=2026-07-17\exchange=NSE\symbol=GOLDBEES\part-093049_731731-046794.parquet,34589,downloaded,34589,
2026-07-17,NSE,GOLDBEES,raw_l2/trade_date=2026-07-17/exchange=NSE/symbol=GOLDBEES/part-092755_195390-046410.parquet,real_data_sample\l2_unseen_validation\trade_date=2026-07-17\exchange=NSE\symbol=GOLDBEES\part-092755_195390-046410.parquet,34717,downloaded,34717,
2026-07-17,NSE,GOLDBEES,raw_l2/trade_date=2026-07-17/exchange=NSE/symbol=GOLDBEES/part-092823_981013-046474.parquet,real_data_sample\l2_unseen_validation\trade_date=2026-07-17\exchange=NSE\symbol=GOLDBEES\part-092823_981013-046474.parquet,34575,downloaded,34575,
2026-07-17,NSE,GOLDBEES,raw_l2/trade_date=2026-07-17/exchange=NSE/symbol=GOLDBEES/part-093035_371044-046762.parquet,real_data_sample\l2_unseen_validation\trade_date=2026-07-17\exchange=NSE\symbol=GOLDBEES\part-093035_371044-046762.parquet,34403,downloaded,34403,
2026-07-17,NSE,GOLDBEES,raw_l2/trade_date=2026-07-17/exchange=NSE/symbol=GOLDBEES/part-093103_825288-046826.parquet,real_data_sample\l2_unseen_validation\trade_date=2026-07-17\exchange=NSE\symbol=GOLDBEES\part-093103_825288-046826.parquet,34505,downloaded,34505,
2026-07-17,NSE,GOLDBEES,raw_l2/trade_date=2026-07-17/exchange=NSE/symbol=GOLDBEES/part-093006_031965-046698.parquet,real_data_sample\l2_unseen_validation\trade_date=2026-07-17\exchange=NSE\symbol=GOLDBEES\part-093006_031965-046698.parquet,34607,downloaded,34607,
2026-07-17,NSE,GOLDBEES,raw_l2/trade_date=2026-07-17/exchange=NSE/symbol=GOLDBEES/part-092922_225274-046602.parquet,real_data_sample\l2_unseen_validation\trade_date=2026-07-17\exchange=NSE\symbol=GOLDBEES\part-092922_225274-046602.parquet,34587,downloaded,34587,
2026-07-17,NSE,GOLDBEES,raw_l2/trade_date=2026-07-17/exchange=NSE/symbol=GOLDBEES/part-092936_691727-046634.parquet,real_data_sample\l2_unseen_validation\trade_date=2026-07-17\exchange=NSE\symbol=GOLDBEES\part-092936_691727-046634.parquet,34585,downloaded,34585,
2026-07-17,NSE,GOLDBEES,raw_l2/trade_date=2026-07-17/exchange=NSE/symbol=GOLDBEES/part-092809_530034-046442.parquet,real_data_sample\l2_unseen_validation\trade_date=2026-07-17\exchange=NSE\symbol=GOLDBEES\part-092809_530034-046442.parquet,34612,downloaded,34612,
2026-07-17,NSE,GOLDBEES,raw_l2/trade_date=2026-07-17/exchange=NSE/symbol=GOLDBEES/part-092907_456918-046570.parquet,real_data_sample\l2_unseen_validation\trade_date=2026-07-17\exchange=NSE\symbol=GOLDBEES\part-092907_456918-046570.parquet,34524,downloaded,34524,
2026-07-17,NSE,GOLDBEES,raw_l2/trade_date=2026-07-17/exchange=NSE/symbol=GOLDBEES/part-093118_336826-046858.parquet,real_data_sample\l2_unseen_validation\trade_date=2026-07-17\exchange=NSE\symbol=GOLDBEES\part-093118_336826-046858.parquet,34419,downloaded,34419,
2026-07-17,NSE,GOLDBEES,raw_l2/trade_date=2026-07-17/exchange=NSE/symbol=GOLDBEES/part-093020_843061-046730.parquet,real_data_sample\l2_unseen_validation\trade_date=2026-07-17\exchange=NSE\symbol=GOLDBEES\part-093020_843061-046730.parquet,34717,downloaded,34717,
2026-07-17,NSE,GOLDBEES,raw_l2/trade_date=2026-07-17/exchange=NSE/symbol=GOLDBEES/part-092838_440759-046506.parquet,real_data_sample\l2_unseen_validation\trade_date=2026-07-17\exchange=NSE\symbol=GOLDBEES\part-092838_440759-046506.parquet,34843,downloaded,34843,
2026-07-17,NSE,GOLDBEES,raw_l2/trade_date=2026-07-17/exchange=NSE/symbol=GOLDBEES/part-092951_443284-046666.parquet,real_data_sample\l2_unseen_validation\trade_date=2026-07-17\exchange=NSE\symbol=GOLDBEES\part-092951_443284-046666.parquet,34774,downloaded,34774,
2026-07-17,NSE,GOLDBEES,raw_l2/trade_date=2026-07-17/exchange=NSE/symbol=GOLDBEES/part-093132_398956-046890.parquet,real_data_sample\l2_unseen_validation\trade_date=2026-07-17\exchange=NSE\symbol=GOLDBEES\part-093132_398956-046890.parquet,34584,downloaded,34584,
2026-07-17,NSE,GOLDBEES,raw_l2/trade_date=2026-07-17/exchange=NSE/symbol=GOLDBEES/part-093146_877263-046922.parquet,real_data_sample\l2_unseen_validation\trade_date=2026-07-17\exchange=NSE\symbol=GOLDBEES\part-093146_877263-046922.parquet,34557,downloaded,34557,
2026-07-17,NSE,GOLDBEES,raw_l2/trade_date=2026-07-17/exchange=NSE/symbol=GOLDBEES/part-093201_390240-046954.parquet,real_data_sample\l2_unseen_validation\trade_date=2026-07-17\exchange=NSE\symbol=GOLDBEES\part-093201_390240-046954.parquet,34489,downloaded,34489,
2026-07-17,NSE,GOLDBEES,raw_l2/trade_date=2026-07-17/exchange=NSE/symbol=GOLDBEES/part-093215_331181-046986.parquet,real_data_sample\l2_unseen_validation\trade_date=2026-07-17\exchange=NSE\symbol=GOLDBEES\part-093215_331181-046986.parquet,34452,downloaded,34452,
2026-07-17,NSE,GOLDBEES,raw_l2/trade_date=2026-07-17/exchange=NSE/symbol=GOLDBEES/part-093229_349091-047018.parquet,real_data_sample\l2_unseen_validation\trade_date=2026-07-17\exchange=NSE\symbol=GOLDBEES\part-093229_349091-047018.parquet,34438,downloaded,34438,
2026-07-17,NSE,GOLDBEES,raw_l2/trade_date=2026-07-17/exchange=NSE/symbol=GOLDBEES/part-093243_801223-047050.parquet,real_data_sample\l2_unseen_validation\trade_date=2026-07-17\exchange=NSE\symbol=GOLDBEES\part-093243_801223-047050.parquet,34633,downloaded,34633,
2026-07-17,NSE,GOLDBEES,raw_l2/trade_date=2026-07-17/exchange=NSE/symbol=GOLDBEES/part-093312_068550-047114.parquet,real_data_sample\l2_unseen_validation\trade_date=2026-07-17\exchange=NSE\symbol=GOLDBEES\part-093312_068550-047114.parquet,34545,downloaded,34545,
2026-07-17,NSE,GOLDBEES,raw_l2/trade_date=2026-07-17/exchange=NSE/symbol=GOLDBEES/part-093257_791126-047082.parquet,real_data_sample\l2_unseen_validation\trade_date=2026-07-17\exchange=NSE\symbol=GOLDBEES\part-093257_791126-047082.parquet,34614,downloaded,34614,
2026-07-17,NSE,GOLDBEES,raw_l2/trade_date=2026-07-17/exchange=NSE/symbol=GOLDBEES/part-093340_364191-047178.parquet,real_data_sample\l2_unseen_validation\trade_date=2026-07-17\exchange=NSE\symbol=GOLDBEES\part-093340_364191-047178.parquet,34576,downloaded,34576,
2026-07-17,NSE,GOLDBEES,raw_l2/trade_date=2026-07-17/exchange=NSE/symbol=GOLDBEES/part-093408_558843-047242.parquet,real_data_sample\l2_unseen_validation\trade_date=2026-07-17\exchange=NSE\symbol=GOLDBEES\part-093408_558843-047242.parquet,34675,downloaded,34675,
2026-07-17,NSE,GOLDBEES,raw_l2/trade_date=2026-07-17/exchange=NSE/symbol=GOLDBEES/part-093326_349323-047146.parquet,real_data_sample\l2_unseen_validation\trade_date=2026-07-17\exchange=NSE\symbol=GOLDBEES\part-093326_349323-047146.parquet,34490,downloaded,34490,
2026-07-17,NSE,GOLDBEES,raw_l2/trade_date=2026-07-17/exchange=NSE/symbol=GOLDBEES/part-093354_546684-047210.parquet,real_data_sample\l2_unseen_validation\trade_date=2026-07-17\exchange=NSE\symbol=GOLDBEES\part-093354_546684-047210.parquet,34520,downloaded,34520,
2026-07-17,NSE,GOLDBEES,raw_l2/trade_date=2026-07-17/exchange=NSE/symbol=GOLDBEES/part-093422_609762-047274.parquet,real_data_sample\l2_unseen_validation\trade_date=2026-07-17\exchange=NSE\symbol=GOLDBEES\part-093422_609762-047274.parquet,34351,downloaded,34351,
2026-07-17,NSE,GOLDBEES,raw_l2/trade_date=2026-07-17/exchange=NSE/symbol=GOLDBEES/part-093659_539613-047626.parquet,real_data_sample\l2_unseen_validation\trade_date=2026-07-17\exchange=NSE\symbol=GOLDBEES\part-093659_539613-047626.parquet,34594,downloaded,34594,
2026-07-17,NSE,GOLDBEES,raw_l2/trade_date=2026-07-17/exchange=NSE/symbol=GOLDBEES/part-093450_875775-047338.parquet,real_data_sample\l2_unseen_validation\trade_date=2026-07-17\exchange=NSE\symbol=GOLDBEES\part-093450_875775-047338.parquet,34716,downloaded,34716,
2026-07-17,NSE,GOLDBEES,raw_l2/trade_date=2026-07-17/exchange=NSE/symbol=GOLDBEES/part-093741_536494-047722.parquet,real_data_sample\l2_unseen_validation\trade_date=2026-07-17\exchange=NSE\symbol=GOLDBEES\part-093741_536494-047722.parquet,34631,downloaded,34631,
2026-07-17,NSE,GOLDBEES,raw_l2/trade_date=2026-07-17/exchange=NSE/symbol=GOLDBEES/part-093713_625428-047658.parquet,real_data_sample\l2_unseen_validation\trade_date=2026-07-17\exchange=NSE\symbol=GOLDBEES\part-093713_625428-047658.parquet,34583,downloaded,34583,
2026-07-17,NSE,GOLDBEES,raw_l2/trade_date=2026-07-17/exchange=NSE/symbol=GOLDBEES/part-093436_614284-047306.parquet,real_data_sample\l2_unseen_validation\trade_date=2026-07-17\exchange=NSE\symbol=GOLDBEES\part-093436_614284-047306.parquet,34652,downloaded,34652,
2026-07-17,NSE,GOLDBEES,raw_l2/trade_date=2026-07-17/exchange=NSE/symbol=GOLDBEES/part-093548_148445-047466.parquet,real_data_sample\l2_unseen_validation\trade_date=2026-07-17\exchange=NSE\symbol=GOLDBEES\part-093548_148445-047466.parquet,34654,downloaded,34654,
2026-07-17,NSE,GOLDBEES,raw_l2/trade_date=2026-07-17/exchange=NSE/symbol=GOLDBEES/part-093809_798634-047786.parquet,real_data_sample\l2_unseen_validation\trade_date=2026-07-17\exchange=NSE\symbol=GOLDBEES\part-093809_798634-047786.parquet,34711,downloaded,34711,
2026-07-17,NSE,GOLDBEES,raw_l2/trade_date=2026-07-17/exchange=NSE/symbol=GOLDBEES/part-093617_099788-047530.parquet,real_data_sample\l2_unseen_validation\trade_date=2026-07-17\exchange=NSE\symbol=GOLDBEES\part-093617_099788-047530.parquet,34619,downloaded,34619,
2026-07-17,NSE,GOLDBEES,raw_l2/trade_date=2026-07-17/exchange=NSE/symbol=GOLDBEES/part-093631_348301-047562.parquet,real_data_sample\l2_unseen_validation\trade_date=2026-07-17\exchange=NSE\symbol=GOLDBEES\part-093631_348301-047562.parquet,34379,downloaded,34379,
2026-07-17,NSE,GOLDBEES,raw_l2/trade_date=2026-07-17/exchange=NSE/symbol=GOLDBEES/part-093602_618299-047498.parquet,real_data_sample\l2_unseen_validation\trade_date=2026-07-17\exchange=NSE\symbol=GOLDBEES\part-093602_618299-047498.parquet,34476,downloaded,34476,
2026-07-17,NSE,GOLDBEES,raw_l2/trade_date=2026-07-17/exchange=NSE/symbol=GOLDBEES/part-093505_146531-047370.parquet,real_data_sample\l2_unseen_validation\trade_date=2026-07-17\exchange=NSE\symbol=GOLDBEES\part-093505_146531-047370.parquet,34407,downloaded,34407,
2026-07-17,NSE,GOLDBEES,raw_l2/trade_date=2026-07-17/exchange=NSE/symbol=GOLDBEES/part-093519_613075-047402.parquet,real_data_sample\l2_unseen_validation\trade_date=2026-07-17\exchange=NSE\symbol=GOLDBEES\part-093519_613075-047402.parquet,34673,downloaded,34673,
2026-07-17,NSE,GOLDBEES,raw_l2/trade_date=2026-07-17/exchange=NSE/symbol=GOLDBEES/part-093645_556908-047594.parquet,real_data_sample\l2_unseen_validation\trade_date=2026-07-17\exchange=NSE\symbol=GOLDBEES\part-093645_556908-047594.parquet,34377,downloaded,34377,
2026-07-17,NSE,GOLDBEES,raw_l2/trade_date=2026-07-17/exchange=NSE/symbol=GOLDBEES/part-093533_944821-047434.parquet,real_data_sample\l2_unseen_validation\trade_date=2026-07-17\exchange=NSE\symbol=GOLDBEES\part-093533_944821-047434.parquet,34671,downloaded,34671,
2026-07-17,NSE,GOLDBEES,raw_l2/trade_date=2026-07-17/exchange=NSE/symbol=GOLDBEES/part-093727_497137-047690.parquet,real_data_sample\l2_unseen_validation\trade_date=2026-07-17\exchange=NSE\symbol=GOLDBEES\part-093727_497137-047690.parquet,34376,downloaded,34376,
2026-07-17,NSE,GOLDBEES,raw_l2/trade_date=2026-07-17/exchange=NSE/symbol=GOLDBEES/part-093755_573914-047754.parquet,real_data_sample\l2_unseen_validation\trade_date=2026-07-17\exchange=NSE\symbol=GOLDBEES\part-093755_573914-047754.parquet,34454,downloaded,34454,
2026-07-17,NSE,GOLDBEES,raw_l2/trade_date=2026-07-17/exchange=NSE/symbol=GOLDBEES/part-093823_881882-047818.parquet,real_data_sample\l2_unseen_validation\trade_date=2026-07-17\exchange=NSE\symbol=GOLDBEES\part-093823_881882-047818.parquet,34645,downloaded,34645,
2026-07-17,NSE,GOLDBEES,raw_l2/trade_date=2026-07-17/exchange=NSE/symbol=GOLDBEES/part-093852_302837-047882.parquet,real_data_sample\l2_unseen_validation\trade_date=2026-07-17\exchange=NSE\symbol=GOLDBEES\part-093852_302837-047882.parquet,34538,downloaded,34538,
2026-07-17,NSE,GOLDBEES,raw_l2/trade_date=2026-07-17/exchange=NSE/symbol=GOLDBEES/part-093838_138715-047850.parquet,real_data_sample\l2_unseen_validation\trade_date=2026-07-17\exchange=NSE\symbol=GOLDBEES\part-093838_138715-047850.parquet,34382,downloaded,34382,
2026-07-17,NSE,GOLDBEES,raw_l2/trade_date=2026-07-17/exchange=NSE/symbol=GOLDBEES/part-093921_233052-047946.parquet,real_data_sample\l2_unseen_validation\trade_date=2026-07-17\exchange=NSE\symbol=GOLDBEES\part-093921_233052-047946.parquet,34515,downloaded,34515,
2026-07-17,NSE,GOLDBEES,raw_l2/trade_date=2026-07-17/exchange=NSE/symbol=GOLDBEES/part-093935_597145-047978.parquet,real_data_sample\l2_unseen_validation\trade_date=2026-07-17\exchange=NSE\symbol=GOLDBEES\part-093935_597145-047978.parquet,34469,downloaded,34469,
2026-07-17,NSE,GOLDBEES,raw_l2/trade_date=2026-07-17/exchange=NSE/symbol=GOLDBEES/part-094101_580173-048170.parquet,real_data_sample\l2_unseen_validation\trade_date=2026-07-17\exchange=NSE\symbol=GOLDBEES\part-094101_580173-048170.parquet,34765,downloaded,34765,
2026-07-17,NSE,GOLDBEES,raw_l2/trade_date=2026-07-17/exchange=NSE/symbol=GOLDBEES/part-094032_932472-048106.parquet,real_data_sample\l2_unseen_validation\trade_date=2026-07-17\exchange=NSE\symbol=GOLDBEES\part-094032_932472-048106.parquet,34416,downloaded,34416,
2026-07-17,NSE,GOLDBEES,raw_l2/trade_date=2026-07-17/exchange=NSE/symbol=GOLDBEES/part-094115_952125-048202.parquet,real_data_sample\l2_unseen_validation\trade_date=2026-07-17\exchange=NSE\symbol=GOLDBEES\part-094115_952125-048202.parquet,34594,downloaded,34594,
2026-07-17,NSE,GOLDBEES,raw_l2/trade_date=2026-07-17/exchange=NSE/symbol=GOLDBEES/part-093906_695662-047914.parquet,real_data_sample\l2_unseen_validation\trade_date=2026-07-17\exchange=NSE\symbol=GOLDBEES\part-093906_695662-047914.parquet,34617,downloaded,34617,
2026-07-17,NSE,GOLDBEES,raw_l2/trade_date=2026-07-17/exchange=NSE/symbol=GOLDBEES/part-094047_172580-048138.parquet,real_data_sample\l2_unseen_validation\trade_date=2026-07-17\exchange=NSE\symbol=GOLDBEES\part-094047_172580-048138.parquet,34551,downloaded,34551,
2026-07-17,NSE,GOLDBEES,raw_l2/trade_date=2026-07-17/exchange=NSE/symbol=GOLDBEES/part-094159_226564-048298.parquet,real_data_sample\l2_unseen_validation\trade_date=2026-07-17\exchange=NSE\symbol=GOLDBEES\part-094159_226564-048298.parquet,34354,downloaded,34354,
2026-07-17,NSE,GOLDBEES,raw_l2/trade_date=2026-07-17/exchange=NSE/symbol=GOLDBEES/part-093949_941960-048010.parquet,real_data_sample\l2_unseen_validation\trade_date=2026-07-17\exchange=NSE\symbol=GOLDBEES\part-093949_941960-048010.parquet,34581,downloaded,34581,
2026-07-17,NSE,GOLDBEES,raw_l2/trade_date=2026-07-17/exchange=NSE/symbol=GOLDBEES/part-094004_302858-048042.parquet,real_data_sample\l2_unseen_validation\trade_date=2026-07-17\exchange=NSE\symbol=GOLDBEES\part-094004_302858-048042.parquet,34635,downloaded,34635,
2026-07-17,NSE,GOLDBEES,raw_l2/trade_date=2026-07-17/exchange=NSE/symbol=GOLDBEES/part-094018_581243-048074.parquet,real_data_sample\l2_unseen_validation\trade_date=2026-07-17\exchange=NSE\symbol=GOLDBEES\part-094018_581243-048074.parquet,34515,downloaded,34515,
2026-07-17,NSE,GOLDBEES,raw_l2/trade_date=2026-07-17/exchange=NSE/symbol=GOLDBEES/part-094144_853209-048266.parquet,real_data_sample\l2_unseen_validation\trade_date=2026-07-17\exchange=NSE\symbol=GOLDBEES\part-094144_853209-048266.parquet,34427,downloaded,34427,
2026-07-17,NSE,GOLDBEES,raw_l2/trade_date=2026-07-17/exchange=NSE/symbol=GOLDBEES/part-094130_348024-048234.parquet,real_data_sample\l2_unseen_validation\trade_date=2026-07-17\exchange=NSE\symbol=GOLDBEES\part-094130_348024-048234.parquet,34481,downloaded,34481,
2026-07-17,NSE,GOLDBEES,raw_l2/trade_date=2026-07-17/exchange=NSE/symbol=GOLDBEES/part-094228_085079-048362.parquet,real_data_sample\l2_unseen_validation\trade_date=2026-07-17\exchange=NSE\symbol=GOLDBEES\part-094228_085079-048362.parquet,34617,downloaded,34617,
2026-07-17,NSE,GOLDBEES,raw_l2/trade_date=2026-07-17/exchange=NSE/symbol=GOLDBEES/part-094213_622868-048330.parquet,real_data_sample\l2_unseen_validation\trade_date=2026-07-17\exchange=NSE\symbol=GOLDBEES\part-094213_622868-048330.parquet,34597,downloaded,34597,
2026-07-17,NSE,GOLDBEES,raw_l2/trade_date=2026-07-17/exchange=NSE/symbol=GOLDBEES/part-094713_404643-049002.parquet,real_data_sample\l2_unseen_validation\trade_date=2026-07-17\exchange=NSE\symbol=GOLDBEES\part-094713_404643-049002.parquet,34426,downloaded,34426,
2026-07-17,NSE,GOLDBEES,raw_l2/trade_date=2026-07-17/exchange=NSE/symbol=GOLDBEES/part-094921_997534-049290.parquet,real_data_sample\l2_unseen_validation\trade_date=2026-07-17\exchange=NSE\symbol=GOLDBEES\part-094921_997534-049290.parquet,34387,downloaded,34387,
2026-07-17,NSE,GOLDBEES,raw_l2/trade_date=2026-07-17/exchange=NSE/symbol=GOLDBEES/part-094907_653417-049258.parquet,real_data_sample\l2_unseen_validation\trade_date=2026-07-17\exchange=NSE\symbol=GOLDBEES\part-094907_653417-049258.parquet,34502,downloaded,34502,
2026-07-17,NSE,GOLDBEES,raw_l2/trade_date=2026-07-17/exchange=NSE/symbol=GOLDBEES/part-094616_742049-048874.parquet,real_data_sample\l2_unseen_validation\trade_date=2026-07-17\exchange=NSE\symbol=GOLDBEES\part-094616_742049-048874.parquet,34458,downloaded,34458,
2026-07-17,NSE,GOLDBEES,raw_l2/trade_date=2026-07-17/exchange=NSE/symbol=GOLDBEES/part-094631_074842-048906.parquet,real_data_sample\l2_unseen_validation\trade_date=2026-07-17\exchange=NSE\symbol=GOLDBEES\part-094631_074842-048906.parquet,34667,downloaded,34667,
2026-07-17,NSE,GOLDBEES,raw_l2/trade_date=2026-07-17/exchange=NSE/symbol=GOLDBEES/part-094756_355158-049098.parquet,real_data_sample\l2_unseen_validation\trade_date=2026-07-17\exchange=NSE\symbol=GOLDBEES\part-094756_355158-049098.parquet,34378,downloaded,34378,
2026-07-17,NSE,GOLDBEES,raw_l2/trade_date=2026-07-17/exchange=NSE/symbol=GOLDBEES/part-094810_595329-049130.parquet,real_data_sample\l2_unseen_validation\trade_date=2026-07-17\exchange=NSE\symbol=GOLDBEES\part-094810_595329-049130.parquet,34336,downloaded,34336,
2026-07-17,NSE,GOLDBEES,raw_l2/trade_date=2026-07-17/exchange=NSE/symbol=GOLDBEES/part-094936_173114-049322.parquet,real_data_sample\l2_unseen_validation\trade_date=2026-07-17\exchange=NSE\symbol=GOLDBEES\part-094936_173114-049322.parquet,34512,downloaded,34512,
2026-07-17,NSE,GOLDBEES,raw_l2/trade_date=2026-07-17/exchange=NSE/symbol=GOLDBEES/part-094741_848548-049066.parquet,real_data_sample\l2_unseen_validation\trade_date=2026-07-17\exchange=NSE\symbol=GOLDBEES\part-094741_848548-049066.parquet,34470,downloaded,34470,
2026-07-17,NSE,GOLDBEES,raw_l2/trade_date=2026-07-17/exchange=NSE/symbol=GOLDBEES/part-094727_603258-049034.parquet,real_data_sample\l2_unseen_validation\trade_date=2026-07-17\exchange=NSE\symbol=GOLDBEES\part-094727_603258-049034.parquet,34581,downloaded,34581,
2026-07-17,NSE,GOLDBEES,raw_l2/trade_date=2026-07-17/exchange=NSE/symbol=GOLDBEES/part-095129_522974-049578.parquet,real_data_sample\l2_unseen_validation\trade_date=2026-07-17\exchange=NSE\symbol=GOLDBEES\part-095129_522974-049578.parquet,34671,downloaded,34671,
2026-07-17,NSE,GOLDBEES,raw_l2/trade_date=2026-07-17/exchange=NSE/symbol=GOLDBEES/part-095018_813683-049418.parquet,real_data_sample\l2_unseen_validation\trade_date=2026-07-17\exchange=NSE\symbol=GOLDBEES\part-095018_813683-049418.parquet,34378,downloaded,34378,
2026-07-17,NSE,GOLDBEES,raw_l2/trade_date=2026-07-17/exchange=NSE/symbol=GOLDBEES/part-094950_333731-049354.parquet,real_data_sample\l2_unseen_validation\trade_date=2026-07-17\exchange=NSE\symbol=GOLDBEES\part-094950_333731-049354.parquet,34449,downloaded,34449,
2026-07-17,NSE,GOLDBEES,raw_l2/trade_date=2026-07-17/exchange=NSE/symbol=GOLDBEES/part-095004_583407-049386.parquet,real_data_sample\l2_unseen_validation\trade_date=2026-07-17\exchange=NSE\symbol=GOLDBEES\part-095004_583407-049386.parquet,34305,downloaded,34305,
2026-07-17,NSE,GOLDBEES,raw_l2/trade_date=2026-07-17/exchange=NSE/symbol=GOLDBEES/part-095143_599165-049610.parquet,real_data_sample\l2_unseen_validation\trade_date=2026-07-17\exchange=NSE\symbol=GOLDBEES\part-095143_599165-049610.parquet,34435,downloaded,34435,
2026-07-17,NSE,GOLDBEES,raw_l2/trade_date=2026-07-17/exchange=NSE/symbol=GOLDBEES/part-095157_521765-049642.parquet,real_data_sample\l2_unseen_validation\trade_date=2026-07-17\exchange=NSE\symbol=GOLDBEES\part-095157_521765-049642.parquet,34676,downloaded,34676,
2026-07-17,NSE,GOLDBEES,raw_l2/trade_date=2026-07-17/exchange=NSE/symbol=GOLDBEES/part-095226_102905-049706.parquet,real_data_sample\l2_unseen_validation\trade_date=2026-07-17\exchange=NSE\symbol=GOLDBEES\part-095226_102905-049706.parquet,34487,downloaded,34487,
2026-07-17,NSE,GOLDBEES,raw_l2/trade_date=2026-07-17/exchange=NSE/symbol=GOLDBEES/part-095211_973044-049674.parquet,real_data_sample\l2_unseen_validation\trade_date=2026-07-17\exchange=NSE\symbol=GOLDBEES\part-095211_973044-049674.parquet,34411,downloaded,34411,
2026-07-17,NSE,GOLDBEES,raw_l2/trade_date=2026-07-17/exchange=NSE/symbol=GOLDBEES/part-095047_338104-049482.parquet,real_data_sample\l2_unseen_validation\trade_date=2026-07-17\exchange=NSE\symbol=GOLDBEES\part-095047_338104-049482.parquet,34449,downloaded,34449,
2026-07-17,NSE,GOLDBEES,raw_l2/trade_date=2026-07-17/exchange=NSE/symbol=GOLDBEES/part-095033_122400-049450.parquet,real_data_sample\l2_unseen_validation\trade_date=2026-07-17\exchange=NSE\symbol=GOLDBEES\part-095033_122400-049450.parquet,34470,downloaded,34470,
2026-07-17,NSE,GOLDBEES,raw_l2/trade_date=2026-07-17/exchange=NSE/symbol=GOLDBEES/part-095115_329084-049546.parquet,real_data_sample\l2_unseen_validation\trade_date=2026-07-17\exchange=NSE\symbol=GOLDBEES\part-095115_329084-049546.parquet,34426,downloaded,34426,
2026-07-17,NSE,GOLDBEES,raw_l2/trade_date=2026-07-17/exchange=NSE/symbol=GOLDBEES/part-095101_365141-049514.parquet,real_data_sample\l2_unseen_validation\trade_date=2026-07-17\exchange=NSE\symbol=GOLDBEES\part-095101_365141-049514.parquet,34349,downloaded,34349,
2026-07-17,NSE,GOLDBEES,raw_l2/trade_date=2026-07-17/exchange=NSE/symbol=GOLDBEES/part-095240_131155-049738.parquet,real_data_sample\l2_unseen_validation\trade_date=2026-07-17\exchange=NSE\symbol=GOLDBEES\part-095240_131155-049738.parquet,34402,downloaded,34402,
2026-07-17,NSE,GOLDBEES,raw_l2/trade_date=2026-07-17/exchange=NSE/symbol=GOLDBEES/part-095405_610059-049930.parquet,real_data_sample\l2_unseen_validation\trade_date=2026-07-17\exchange=NSE\symbol=GOLDBEES\part-095405_610059-049930.parquet,34350,downloaded,34350,
2026-07-17,NSE,GOLDBEES,raw_l2/trade_date=2026-07-17/exchange=NSE/symbol=GOLDBEES/part-095254_084502-049770.parquet,real_data_sample\l2_unseen_validation\trade_date=2026-07-17\exchange=NSE\symbol=GOLDBEES\part-095254_084502-049770.parquet,34502,downloaded,34502,
2026-07-17,NSE,GOLDBEES,raw_l2/trade_date=2026-07-17/exchange=NSE/symbol=GOLDBEES/part-095336_886780-049866.parquet,real_data_sample\l2_unseen_validation\trade_date=2026-07-17\exchange=NSE\symbol=GOLDBEES\part-095336_886780-049866.parquet,34309,downloaded,34309,
2026-07-17,NSE,GOLDBEES,raw_l2/trade_date=2026-07-17/exchange=NSE/symbol=GOLDBEES/part-095351_201422-049898.parquet,real_data_sample\l2_unseen_validation\trade_date=2026-07-17\exchange=NSE\symbol=GOLDBEES\part-095351_201422-049898.parquet,34331,downloaded,34331,
2026-07-17,NSE,GOLDBEES,raw_l2/trade_date=2026-07-17/exchange=NSE/symbol=GOLDBEES/part-095420_156427-049962.parquet,real_data_sample\l2_unseen_validation\trade_date=2026-07-17\exchange=NSE\symbol=GOLDBEES\part-095420_156427-049962.parquet,34315,downloaded,34315,
2026-07-17,NSE,GOLDBEES,raw_l2/trade_date=2026-07-17/exchange=NSE/symbol=GOLDBEES/part-095308_148336-049802.parquet,real_data_sample\l2_unseen_validation\trade_date=2026-07-17\exchange=NSE\symbol=GOLDBEES\part-095308_148336-049802.parquet,34321,downloaded,34321,
2026-07-17,NSE,GOLDBEES,raw_l2/trade_date=2026-07-17/exchange=NSE/symbol=GOLDBEES/part-095322_387516-049834.parquet,real_data_sample\l2_unseen_validation\trade_date=2026-07-17\exchange=NSE\symbol=GOLDBEES\part-095322_387516-049834.parquet,34448,downloaded,34448,
2026-07-17,NSE,GOLDBEES,raw_l2/trade_date=2026-07-17/exchange=NSE/symbol=GOLDBEES/part-095448_390592-050026.parquet,real_data_sample\l2_unseen_validation\trade_date=2026-07-17\exchange=NSE\symbol=GOLDBEES\part-095448_390592-050026.parquet,34464,downloaded,34464,
2026-07-17,NSE,GOLDBEES,raw_l2/trade_date=2026-07-17/exchange=NSE/symbol=GOLDBEES/part-095434_099357-049994.parquet,real_data_sample\l2_unseen_validation\trade_date=2026-07-17\exchange=NSE\symbol=GOLDBEES\part-095434_099357-049994.parquet,34354,downloaded,34354,
2026-07-17,NSE,GOLDBEES,raw_l2/trade_date=2026-07-17/exchange=NSE/symbol=GOLDBEES/part-095516_617262-050090.parquet,real_data_sample\l2_unseen_validation\trade_date=2026-07-17\exchange=NSE\symbol=GOLDBEES\part-095516_617262-050090.parquet,34425,downloaded,34425,
2026-07-17,NSE,GOLDBEES,raw_l2/trade_date=2026-07-17/exchange=NSE/symbol=GOLDBEES/part-095502_616029-050058.parquet,real_data_sample\l2_unseen_validation\trade_date=2026-07-17\exchange=NSE\symbol=GOLDBEES\part-095502_616029-050058.parquet,34393,downloaded,34393,
2026-07-17,NSE,GOLDBEES,raw_l2/trade_date=2026-07-17/exchange=NSE/symbol=GOLDBEES/part-095530_892695-050122.parquet,real_data_sample\l2_unseen_validation\trade_date=2026-07-17\exchange=NSE\symbol=GOLDBEES\part-095530_892695-050122.parquet,34298,downloaded,34298,
2026-07-17,NSE,GOLDBEES,raw_l2/trade_date=2026-07-17/exchange=NSE/symbol=GOLDBEES/part-095545_533464-050154.parquet,real_data_sample\l2_unseen_validation\trade_date=2026-07-17\exchange=NSE\symbol=GOLDBEES\part-095545_533464-050154.parquet,34128,downloaded,34128,
2026-07-17,NSE,GOLDBEES,raw_l2/trade_date=2026-07-17/exchange=NSE/symbol=GOLDBEES/part-095600_176812-050186.parquet,real_data_sample\l2_unseen_validation\trade_date=2026-07-17\exchange=NSE\symbol=GOLDBEES\part-095600_176812-050186.parquet,34413,downloaded,34413,
2026-07-17,NSE,GOLDBEES,raw_l2/trade_date=2026-07-17/exchange=NSE/symbol=GOLDBEES/part-095614_679936-050218.parquet,real_data_sample\l2_unseen_validation\trade_date=2026-07-17\exchange=NSE\symbol=GOLDBEES\part-095614_679936-050218.parquet,34458,downloaded,34458,
2026-07-17,NSE,GOLDBEES,raw_l2/trade_date=2026-07-17/exchange=NSE/symbol=GOLDBEES/part-095628_947156-050250.parquet,real_data_sample\l2_unseen_validation\trade_date=2026-07-17\exchange=NSE\symbol=GOLDBEES\part-095628_947156-050250.parquet,34432,downloaded,34432,
2026-07-17,NSE,GOLDBEES,raw_l2/trade_date=2026-07-17/exchange=NSE/symbol=GOLDBEES/part-095658_045517-050314.parquet,real_data_sample\l2_unseen_validation\trade_date=2026-07-17\exchange=NSE\symbol=GOLDBEES\part-095658_045517-050314.parquet,34525,downloaded,34525,
2026-07-17,NSE,GOLDBEES,raw_l2/trade_date=2026-07-17/exchange=NSE/symbol=GOLDBEES/part-095643_392594-050282.parquet,real_data_sample\l2_unseen_validation\trade_date=2026-07-17\exchange=NSE\symbol=GOLDBEES\part-095643_392594-050282.parquet,34266,downloaded,34266,
2026-07-17,NSE,GOLDBEES,raw_l2/trade_date=2026-07-17/exchange=NSE/symbol=GOLDBEES/part-095712_977989-050346.parquet,real_data_sample\l2_unseen_validation\trade_date=2026-07-17\exchange=NSE\symbol=GOLDBEES\part-095712_977989-050346.parquet,34398,downloaded,34398,
2026-07-17,NSE,GOLDBEES,raw_l2/trade_date=2026-07-17/exchange=NSE/symbol=GOLDBEES/part-095741_931935-050410.parquet,real_data_sample\l2_unseen_validation\trade_date=2026-07-17\exchange=NSE\symbol=GOLDBEES\part-095741_931935-050410.parquet,34401,downloaded,34401,
2026-07-17,NSE,GOLDBEES,raw_l2/trade_date=2026-07-17/exchange=NSE/symbol=GOLDBEES/part-095727_455028-050378.parquet,real_data_sample\l2_unseen_validation\trade_date=2026-07-17\exchange=NSE\symbol=GOLDBEES\part-095727_455028-050378.parquet,34338,downloaded,34338,
2026-07-17,NSE,GOLDBEES,raw_l2/trade_date=2026-07-17/exchange=NSE/symbol=GOLDBEES/part-095756_099541-050442.parquet,real_data_sample\l2_unseen_validation\trade_date=2026-07-17\exchange=NSE\symbol=GOLDBEES\part-095756_099541-050442.parquet,34623,downloaded,34623,
2026-07-17,NSE,GOLDBEES,raw_l2/trade_date=2026-07-17/exchange=NSE/symbol=GOLDBEES/part-095810_372759-050474.parquet,real_data_sample\l2_unseen_validation\trade_date=2026-07-17\exchange=NSE\symbol=GOLDBEES\part-095810_372759-050474.parquet,34392,downloaded,34392,
2026-07-17,NSE,GOLDBEES,raw_l2/trade_date=2026-07-17/exchange=NSE/symbol=GOLDBEES/part-095824_458518-050506.parquet,real_data_sample\l2_unseen_validation\trade_date=2026-07-17\exchange=NSE\symbol=GOLDBEES\part-095824_458518-050506.parquet,34399,downloaded,34399,
2026-07-17,NSE,GOLDBEES,raw_l2/trade_date=2026-07-17/exchange=NSE/symbol=GOLDBEES/part-095839_218369-050538.parquet,real_data_sample\l2_unseen_validation\trade_date=2026-07-17\exchange=NSE\symbol=GOLDBEES\part-095839_218369-050538.parquet,34354,downloaded,34354,
2026-07-17,NSE,GOLDBEES,raw_l2/trade_date=2026-07-17/exchange=NSE/symbol=GOLDBEES/part-095854_000301-050570.parquet,real_data_sample\l2_unseen_validation\trade_date=2026-07-17\exchange=NSE\symbol=GOLDBEES\part-095854_000301-050570.parquet,34664,downloaded,34664,
2026-07-17,NSE,GOLDBEES,raw_l2/trade_date=2026-07-17/exchange=NSE/symbol=GOLDBEES/part-095908_447975-050602.parquet,real_data_sample\l2_unseen_validation\trade_date=2026-07-17\exchange=NSE\symbol=GOLDBEES\part-095908_447975-050602.parquet,34480,downloaded,34480,
2026-07-17,NSE,GOLDBEES,raw_l2/trade_date=2026-07-17/exchange=NSE/symbol=GOLDBEES/part-095922_967627-050634.parquet,real_data_sample\l2_unseen_validation\trade_date=2026-07-17\exchange=NSE\symbol=GOLDBEES\part-095922_967627-050634.parquet,34417,downloaded,34417,
2026-07-17,NSE,GOLDBEES,raw_l2/trade_date=2026-07-17/exchange=NSE/symbol=GOLDBEES/part-095937_462370-050666.parquet,real_data_sample\l2_unseen_validation\trade_date=2026-07-17\exchange=NSE\symbol=GOLDBEES\part-095937_462370-050666.parquet,34619,downloaded,34619,
2026-07-17,NSE,GOLDBEES,raw_l2/trade_date=2026-07-17/exchange=NSE/symbol=GOLDBEES/part-095951_871691-050698.parquet,real_data_sample\l2_unseen_validation\trade_date=2026-07-17\exchange=NSE\symbol=GOLDBEES\part-095951_871691-050698.parquet,34315,downloaded,34315,
2026-07-17,NSE,GOLDBEES,raw_l2/trade_date=2026-07-17/exchange=NSE/symbol=GOLDBEES/part-100127_820753-050772.parquet,real_data_sample\l2_unseen_validation\trade_date=2026-07-17\exchange=NSE\symbol=GOLDBEES\part-100127_820753-050772.parquet,34088,downloaded,34088,
2026-07-17,NSE,GOLDBEES,raw_l2/trade_date=2026-07-17/exchange=NSE/symbol=GOLDBEES/part-100006_202954-050730.parquet,real_data_sample\l2_unseen_validation\trade_date=2026-07-17\exchange=NSE\symbol=GOLDBEES\part-100006_202954-050730.parquet,34506,downloaded,34506,
2026-07-17,NSE,HCLTECH,raw_l2/trade_date=2026-07-17/exchange=NSE/symbol=HCLTECH/part-034516_374929-000043.parquet,real_data_sample\l2_unseen_validation\trade_date=2026-07-17\exchange=NSE\symbol=HCLTECH\part-034516_374929-000043.parquet,36992,downloaded,36992,
2026-07-17,NSE,HCLTECH,raw_l2/trade_date=2026-07-17/exchange=NSE/symbol=HCLTECH/part-034530_148967-000075.parquet,real_data_sample\l2_unseen_validation\trade_date=2026-07-17\exchange=NSE\symbol=HCLTECH\part-034530_148967-000075.parquet,36317,downloaded,36317,
2026-07-17,NSE,HCLTECH,raw_l2/trade_date=2026-07-17/exchange=NSE/symbol=HCLTECH/part-034502_117799-000011.parquet,real_data_sample\l2_unseen_validation\trade_date=2026-07-17\exchange=NSE\symbol=HCLTECH\part-034502_117799-000011.parquet,34421,downloaded,34421,
2026-07-17,NSE,HCLTECH,raw_l2/trade_date=2026-07-17/exchange=NSE/symbol=HCLTECH/part-034544_024508-000107.parquet,real_data_sample\l2_unseen_validation\trade_date=2026-07-17\exchange=NSE\symbol=HCLTECH\part-034544_024508-000107.parquet,36668,downloaded,36668,
2026-07-17,NSE,HCLTECH,raw_l2/trade_date=2026-07-17/exchange=NSE/symbol=HCLTECH/part-034558_333347-000139.parquet,real_data_sample\l2_unseen_validation\trade_date=2026-07-17\exchange=NSE\symbol=HCLTECH\part-034558_333347-000139.parquet,36528,downloaded,36528,
2026-07-17,NSE,HCLTECH,raw_l2/trade_date=2026-07-17/exchange=NSE/symbol=HCLTECH/part-034640_852860-000235.parquet,real_data_sample\l2_unseen_validation\trade_date=2026-07-17\exchange=NSE\symbol=HCLTECH\part-034640_852860-000235.parquet,36603,downloaded,36603,
2026-07-17,NSE,HCLTECH,raw_l2/trade_date=2026-07-17/exchange=NSE/symbol=HCLTECH/part-034626_424046-000203.parquet,real_data_sample\l2_unseen_validation\trade_date=2026-07-17\exchange=NSE\symbol=HCLTECH\part-034626_424046-000203.parquet,36621,downloaded,36621,
2026-07-17,NSE,HCLTECH,raw_l2/trade_date=2026-07-17/exchange=NSE/symbol=HCLTECH/part-034612_494264-000171.parquet,real_data_sample\l2_unseen_validation\trade_date=2026-07-17\exchange=NSE\symbol=HCLTECH\part-034612_494264-000171.parquet,36595,downloaded,36595,
2026-07-17,NSE,HCLTECH,raw_l2/trade_date=2026-07-17/exchange=NSE/symbol=HCLTECH/part-034654_636627-000267.parquet,real_data_sample\l2_unseen_validation\trade_date=2026-07-17\exchange=NSE\symbol=HCLTECH\part-034654_636627-000267.parquet,36501,downloaded,36501,
2026-07-17,NSE,HCLTECH,raw_l2/trade_date=2026-07-17/exchange=NSE/symbol=HCLTECH/part-034736_491558-000363.parquet,real_data_sample\l2_unseen_validation\trade_date=2026-07-17\exchange=NSE\symbol=HCLTECH\part-034736_491558-000363.parquet,36427,downloaded,36427,
2026-07-17,NSE,HCLTECH,raw_l2/trade_date=2026-07-17/exchange=NSE/symbol=HCLTECH/part-034708_359413-000299.parquet,real_data_sample\l2_unseen_validation\trade_date=2026-07-17\exchange=NSE\symbol=HCLTECH\part-034708_359413-000299.parquet,36480,downloaded,36480,
2026-07-17,NSE,HCLTECH,raw_l2/trade_date=2026-07-17/exchange=NSE/symbol=HCLTECH/part-034818_838376-000459.parquet,real_data_sample\l2_unseen_validation\trade_date=2026-07-17\exchange=NSE\symbol=HCLTECH\part-034818_838376-000459.parquet,36503,downloaded,36503,
2026-07-17,NSE,HCLTECH,raw_l2/trade_date=2026-07-17/exchange=NSE/symbol=HCLTECH/part-034832_643702-000491.parquet,real_data_sample\l2_unseen_validation\trade_date=2026-07-17\exchange=NSE\symbol=HCLTECH\part-034832_643702-000491.parquet,36351,downloaded,36351,
2026-07-17,NSE,HCLTECH,raw_l2/trade_date=2026-07-17/exchange=NSE/symbol=HCLTECH/part-034722_414795-000331.parquet,real_data_sample\l2_unseen_validation\trade_date=2026-07-17\exchange=NSE\symbol=HCLTECH\part-034722_414795-000331.parquet,36476,downloaded,36476,
2026-07-17,NSE,HCLTECH,raw_l2/trade_date=2026-07-17/exchange=NSE/symbol=HCLTECH/part-034750_639436-000395.parquet,real_data_sample\l2_unseen_validation\trade_date=2026-07-17\exchange=NSE\symbol=HCLTECH\part-034750_639436-000395.parquet,36452,downloaded,36452,
2026-07-17,NSE,HCLTECH,raw_l2/trade_date=2026-07-17/exchange=NSE/symbol=HCLTECH/part-034804_742476-000427.parquet,real_data_sample\l2_unseen_validation\trade_date=2026-07-17\exchange=NSE\symbol=HCLTECH\part-034804_742476-000427.parquet,36502,downloaded,36502,
2026-07-17,NSE,HCLTECH,raw_l2/trade_date=2026-07-17/exchange=NSE/symbol=HCLTECH/part-034846_348897-000523.parquet,real_data_sample\l2_unseen_validation\trade_date=2026-07-17\exchange=NSE\symbol=HCLTECH\part-034846_348897-000523.parquet,36117,downloaded,36117,
2026-07-17,NSE,GOLDBEES,raw_l2/trade_date=2026-07-17/exchange=NSE/symbol=GOLDBEES/part-094242_351056-048394.parquet,real_data_sample\l2_unseen_validation\trade_date=2026-07-17\exchange=NSE\symbol=GOLDBEES\part-094242_351056-048394.parquet,34305,downloaded,34305,
2026-07-17,NSE,GOLDBEES,raw_l2/trade_date=2026-07-17/exchange=NSE/symbol=GOLDBEES/part-094645_092408-048938.parquet,real_data_sample\l2_unseen_validation\trade_date=2026-07-17\exchange=NSE\symbol=GOLDBEES\part-094645_092408-048938.parquet,34493,downloaded,34493,
2026-07-17,NSE,GOLDBEES,raw_l2/trade_date=2026-07-17/exchange=NSE/symbol=GOLDBEES/part-094853_177949-049226.parquet,real_data_sample\l2_unseen_validation\trade_date=2026-07-17\exchange=NSE\symbol=GOLDBEES\part-094853_177949-049226.parquet,34494,downloaded,34494,
2026-07-17,NSE,GOLDBEES,raw_l2/trade_date=2026-07-17/exchange=NSE/symbol=GOLDBEES/part-094659_128416-048970.parquet,real_data_sample\l2_unseen_validation\trade_date=2026-07-17\exchange=NSE\symbol=GOLDBEES\part-094659_128416-048970.parquet,34609,downloaded,34609,
2026-07-17,NSE,HCLTECH,raw_l2/trade_date=2026-07-17/exchange=NSE/symbol=HCLTECH/part-034900_124086-000555.parquet,real_data_sample\l2_unseen_validation\trade_date=2026-07-17\exchange=NSE\symbol=HCLTECH\part-034900_124086-000555.parquet,36161,downloaded,36161,
2026-07-17,NSE,GOLDBEES,raw_l2/trade_date=2026-07-17/exchange=NSE/symbol=GOLDBEES/part-094839_048040-049194.parquet,real_data_sample\l2_unseen_validation\trade_date=2026-07-17\exchange=NSE\symbol=GOLDBEES\part-094839_048040-049194.parquet,34442,downloaded,34442,
2026-07-17,NSE,GOLDBEES,raw_l2/trade_date=2026-07-17/exchange=NSE/symbol=GOLDBEES/part-094451_145826-048682.parquet,real_data_sample\l2_unseen_validation\trade_date=2026-07-17\exchange=NSE\symbol=GOLDBEES\part-094451_145826-048682.parquet,34532,downloaded,34532,
2026-07-17,NSE,GOLDBEES,raw_l2/trade_date=2026-07-17/exchange=NSE/symbol=GOLDBEES/part-094310_613369-048458.parquet,real_data_sample\l2_unseen_validation\trade_date=2026-07-17\exchange=NSE\symbol=GOLDBEES\part-094310_613369-048458.parquet,34359,downloaded,34359,
2026-07-17,NSE,GOLDBEES,raw_l2/trade_date=2026-07-17/exchange=NSE/symbol=GOLDBEES/part-094422_332411-048618.parquet,real_data_sample\l2_unseen_validation\trade_date=2026-07-17\exchange=NSE\symbol=GOLDBEES\part-094422_332411-048618.parquet,34638,downloaded,34638,
2026-07-17,NSE,GOLDBEES,raw_l2/trade_date=2026-07-17/exchange=NSE/symbol=GOLDBEES/part-094353_714374-048554.parquet,real_data_sample\l2_unseen_validation\trade_date=2026-07-17\exchange=NSE\symbol=GOLDBEES\part-094353_714374-048554.parquet,34334,downloaded,34334,
2026-07-17,NSE,GOLDBEES,raw_l2/trade_date=2026-07-17/exchange=NSE/symbol=GOLDBEES/part-094324_924374-048490.parquet,real_data_sample\l2_unseen_validation\trade_date=2026-07-17\exchange=NSE\symbol=GOLDBEES\part-094324_924374-048490.parquet,34488,downloaded,34488,
2026-07-17,NSE,GOLDBEES,raw_l2/trade_date=2026-07-17/exchange=NSE/symbol=GOLDBEES/part-094339_144807-048522.parquet,real_data_sample\l2_unseen_validation\trade_date=2026-07-17\exchange=NSE\symbol=GOLDBEES\part-094339_144807-048522.parquet,34471,downloaded,34471,
2026-07-17,NSE,GOLDBEES,raw_l2/trade_date=2026-07-17/exchange=NSE/symbol=GOLDBEES/part-094519_583023-048746.parquet,real_data_sample\l2_unseen_validation\trade_date=2026-07-17\exchange=NSE\symbol=GOLDBEES\part-094519_583023-048746.parquet,34161,downloaded,34161,
2026-07-17,NSE,HCLTECH,raw_l2/trade_date=2026-07-17/exchange=NSE/symbol=HCLTECH/part-035010_137322-000715.parquet,real_data_sample\l2_unseen_validation\trade_date=2026-07-17\exchange=NSE\symbol=HCLTECH\part-035010_137322-000715.parquet,36209,downloaded,36209,
2026-07-17,NSE,HCLTECH,raw_l2/trade_date=2026-07-17/exchange=NSE/symbol=HCLTECH/part-034956_216674-000683.parquet,real_data_sample\l2_unseen_validation\trade_date=2026-07-17\exchange=NSE\symbol=HCLTECH\part-034956_216674-000683.parquet,36371,downloaded,36371,
2026-07-17,NSE,HCLTECH,raw_l2/trade_date=2026-07-17/exchange=NSE/symbol=HCLTECH/part-034928_148302-000619.parquet,real_data_sample\l2_unseen_validation\trade_date=2026-07-17\exchange=NSE\symbol=HCLTECH\part-034928_148302-000619.parquet,36236,downloaded,36236,
2026-07-17,NSE,GOLDBEES,raw_l2/trade_date=2026-07-17/exchange=NSE/symbol=GOLDBEES/part-094408_143913-048586.parquet,real_data_sample\l2_unseen_validation\trade_date=2026-07-17\exchange=NSE\symbol=GOLDBEES\part-094408_143913-048586.parquet,34619,downloaded,34619,
2026-07-17,NSE,HCLTECH,raw_l2/trade_date=2026-07-17/exchange=NSE/symbol=HCLTECH/part-034942_164301-000651.parquet,real_data_sample\l2_unseen_validation\trade_date=2026-07-17\exchange=NSE\symbol=HCLTECH\part-034942_164301-000651.parquet,36526,downloaded,36526,
2026-07-17,NSE,HCLTECH,raw_l2/trade_date=2026-07-17/exchange=NSE/symbol=HCLTECH/part-034914_213107-000587.parquet,real_data_sample\l2_unseen_validation\trade_date=2026-07-17\exchange=NSE\symbol=HCLTECH\part-034914_213107-000587.parquet,36392,downloaded,36392,
2026-07-17,NSE,GOLDBEES,raw_l2/trade_date=2026-07-17/exchange=NSE/symbol=GOLDBEES/part-094533_596404-048778.parquet,real_data_sample\l2_unseen_validation\trade_date=2026-07-17\exchange=NSE\symbol=GOLDBEES\part-094533_596404-048778.parquet,34352,downloaded,34352,
2026-07-17,NSE,GOLDBEES,raw_l2/trade_date=2026-07-17/exchange=NSE/symbol=GOLDBEES/part-094436_698934-048650.parquet,real_data_sample\l2_unseen_validation\trade_date=2026-07-17\exchange=NSE\symbol=GOLDBEES\part-094436_698934-048650.parquet,34510,downloaded,34510,
2026-07-17,NSE,HCLTECH,raw_l2/trade_date=2026-07-17/exchange=NSE/symbol=HCLTECH/part-035024_149451-000747.parquet,real_data_sample\l2_unseen_validation\trade_date=2026-07-17\exchange=NSE\symbol=HCLTECH\part-035024_149451-000747.parquet,36292,downloaded,36292,
2026-07-17,NSE,GOLDBEES,raw_l2/trade_date=2026-07-17/exchange=NSE/symbol=GOLDBEES/part-094256_620532-048426.parquet,real_data_sample\l2_unseen_validation\trade_date=2026-07-17\exchange=NSE\symbol=GOLDBEES\part-094256_620532-048426.parquet,34538,downloaded,34538,
2026-07-17,NSE,HCLTECH,raw_l2/trade_date=2026-07-17/exchange=NSE/symbol=HCLTECH/part-035037_934565-000779.parquet,real_data_sample\l2_unseen_validation\trade_date=2026-07-17\exchange=NSE\symbol=HCLTECH\part-035037_934565-000779.parquet,35973,downloaded,35973,
2026-07-17,NSE,HCLTECH,raw_l2/trade_date=2026-07-17/exchange=NSE/symbol=HCLTECH/part-035051_615215-000811.parquet,real_data_sample\l2_unseen_validation\trade_date=2026-07-17\exchange=NSE\symbol=HCLTECH\part-035051_615215-000811.parquet,36232,downloaded,36232,
2026-07-17,NSE,GOLDBEES,raw_l2/trade_date=2026-07-17/exchange=NSE/symbol=GOLDBEES/part-094547_921692-048810.parquet,real_data_sample\l2_unseen_validation\trade_date=2026-07-17\exchange=NSE\symbol=GOLDBEES\part-094547_921692-048810.parquet,34379,downloaded,34379,
2026-07-17,NSE,GOLDBEES,raw_l2/trade_date=2026-07-17/exchange=NSE/symbol=GOLDBEES/part-094602_403919-048842.parquet,real_data_sample\l2_unseen_validation\trade_date=2026-07-17\exchange=NSE\symbol=GOLDBEES\part-094602_403919-048842.parquet,34465,downloaded,34465,
2026-07-17,NSE,HCLTECH,raw_l2/trade_date=2026-07-17/exchange=NSE/symbol=HCLTECH/part-035105_355815-000843.parquet,real_data_sample\l2_unseen_validation\trade_date=2026-07-17\exchange=NSE\symbol=HCLTECH\part-035105_355815-000843.parquet,36312,downloaded,36312,
2026-07-17,NSE,GOLDBEES,raw_l2/trade_date=2026-07-17/exchange=NSE/symbol=GOLDBEES/part-094505_341836-048714.parquet,real_data_sample\l2_unseen_validation\trade_date=2026-07-17\exchange=NSE\symbol=GOLDBEES\part-094505_341836-048714.parquet,34483,downloaded,34483,
2026-07-17,NSE,HCLTECH,raw_l2/trade_date=2026-07-17/exchange=NSE/symbol=HCLTECH/part-035132_886624-000907.parquet,real_data_sample\l2_unseen_validation\trade_date=2026-07-17\exchange=NSE\symbol=HCLTECH\part-035132_886624-000907.parquet,36158,downloaded,36158,
2026-07-17,NSE,HCLTECH,raw_l2/trade_date=2026-07-17/exchange=NSE/symbol=HCLTECH/part-035119_127964-000875.parquet,real_data_sample\l2_unseen_validation\trade_date=2026-07-17\exchange=NSE\symbol=HCLTECH\part-035119_127964-000875.parquet,36229,downloaded,36229,
2026-07-17,NSE,GOLDBEES,raw_l2/trade_date=2026-07-17/exchange=NSE/symbol=GOLDBEES/part-094824_581519-049162.parquet,real_data_sample\l2_unseen_validation\trade_date=2026-07-17\exchange=NSE\symbol=GOLDBEES\part-094824_581519-049162.parquet,34595,downloaded,34595,
2026-07-17,NSE,HCLTECH,raw_l2/trade_date=2026-07-17/exchange=NSE/symbol=HCLTECH/part-035146_713882-000939.parquet,real_data_sample\l2_unseen_validation\trade_date=2026-07-17\exchange=NSE\symbol=HCLTECH\part-035146_713882-000939.parquet,36190,downloaded,36190,
2026-07-17,NSE,HCLTECH,raw_l2/trade_date=2026-07-17/exchange=NSE/symbol=HCLTECH/part-035214_579230-001003.parquet,real_data_sample\l2_unseen_validation\trade_date=2026-07-17\exchange=NSE\symbol=HCLTECH\part-035214_579230-001003.parquet,36723,downloaded,36723,
2026-07-17,NSE,HCLTECH,raw_l2/trade_date=2026-07-17/exchange=NSE/symbol=HCLTECH/part-035200_679473-000971.parquet,real_data_sample\l2_unseen_validation\trade_date=2026-07-17\exchange=NSE\symbol=HCLTECH\part-035200_679473-000971.parquet,36739,downloaded,36739,
2026-07-17,NSE,HCLTECH,raw_l2/trade_date=2026-07-17/exchange=NSE/symbol=HCLTECH/part-035228_359168-001035.parquet,real_data_sample\l2_unseen_validation\trade_date=2026-07-17\exchange=NSE\symbol=HCLTECH\part-035228_359168-001035.parquet,36454,downloaded,36454,
2026-07-17,NSE,HCLTECH,raw_l2/trade_date=2026-07-17/exchange=NSE/symbol=HCLTECH/part-035256_454157-001099.parquet,real_data_sample\l2_unseen_validation\trade_date=2026-07-17\exchange=NSE\symbol=HCLTECH\part-035256_454157-001099.parquet,36251,downloaded,36251,
2026-07-17,NSE,HCLTECH,raw_l2/trade_date=2026-07-17/exchange=NSE/symbol=HCLTECH/part-035242_449668-001067.parquet,real_data_sample\l2_unseen_validation\trade_date=2026-07-17\exchange=NSE\symbol=HCLTECH\part-035242_449668-001067.parquet,36587,downloaded,36587,
2026-07-17,NSE,HCLTECH,raw_l2/trade_date=2026-07-17/exchange=NSE/symbol=HCLTECH/part-035310_353156-001131.parquet,real_data_sample\l2_unseen_validation\trade_date=2026-07-17\exchange=NSE\symbol=HCLTECH\part-035310_353156-001131.parquet,36607,downloaded,36607,
2026-07-17,NSE,HCLTECH,raw_l2/trade_date=2026-07-17/exchange=NSE/symbol=HCLTECH/part-035338_114328-001195.parquet,real_data_sample\l2_unseen_validation\trade_date=2026-07-17\exchange=NSE\symbol=HCLTECH\part-035338_114328-001195.parquet,36293,downloaded,36293,
2026-07-17,NSE,HCLTECH,raw_l2/trade_date=2026-07-17/exchange=NSE/symbol=HCLTECH/part-035324_155076-001163.parquet,real_data_sample\l2_unseen_validation\trade_date=2026-07-17\exchange=NSE\symbol=HCLTECH\part-035324_155076-001163.parquet,36233,downloaded,36233,
2026-07-17,NSE,HCLTECH,raw_l2/trade_date=2026-07-17/exchange=NSE/symbol=HCLTECH/part-035433_357010-001323.parquet,real_data_sample\l2_unseen_validation\trade_date=2026-07-17\exchange=NSE\symbol=HCLTECH\part-035433_357010-001323.parquet,36300,downloaded,36300,
2026-07-17,NSE,HCLTECH,raw_l2/trade_date=2026-07-17/exchange=NSE/symbol=HCLTECH/part-035351_894931-001227.parquet,real_data_sample\l2_unseen_validation\trade_date=2026-07-17\exchange=NSE\symbol=HCLTECH\part-035351_894931-001227.parquet,36230,downloaded,36230,
2026-07-17,NSE,HCLTECH,raw_l2/trade_date=2026-07-17/exchange=NSE/symbol=HCLTECH/part-035405_848896-001259.parquet,real_data_sample\l2_unseen_validation\trade_date=2026-07-17\exchange=NSE\symbol=HCLTECH\part-035405_848896-001259.parquet,36121,downloaded,36121,
2026-07-17,NSE,HCLTECH,raw_l2/trade_date=2026-07-17/exchange=NSE/symbol=HCLTECH/part-035419_583481-001291.parquet,real_data_sample\l2_unseen_validation\trade_date=2026-07-17\exchange=NSE\symbol=HCLTECH\part-035419_583481-001291.parquet,36095,downloaded,36095,
2026-07-17,NSE,HCLTECH,raw_l2/trade_date=2026-07-17/exchange=NSE/symbol=HCLTECH/part-035447_352660-001355.parquet,real_data_sample\l2_unseen_validation\trade_date=2026-07-17\exchange=NSE\symbol=HCLTECH\part-035447_352660-001355.parquet,36091,downloaded,36091,
2026-07-17,NSE,HCLTECH,raw_l2/trade_date=2026-07-17/exchange=NSE/symbol=HCLTECH/part-035501_432001-001387.parquet,real_data_sample\l2_unseen_validation\trade_date=2026-07-17\exchange=NSE\symbol=HCLTECH\part-035501_432001-001387.parquet,36150,downloaded,36150,
2026-07-17,NSE,HCLTECH,raw_l2/trade_date=2026-07-17/exchange=NSE/symbol=HCLTECH/part-035706_934803-001675.parquet,real_data_sample\l2_unseen_validation\trade_date=2026-07-17\exchange=NSE\symbol=HCLTECH\part-035706_934803-001675.parquet,36113,downloaded,36113,
2026-07-17,NSE,HCLTECH,raw_l2/trade_date=2026-07-17/exchange=NSE/symbol=HCLTECH/part-035639_197811-001611.parquet,real_data_sample\l2_unseen_validation\trade_date=2026-07-17\exchange=NSE\symbol=HCLTECH\part-035639_197811-001611.parquet,36313,downloaded,36313,
2026-07-17,NSE,HCLTECH,raw_l2/trade_date=2026-07-17/exchange=NSE/symbol=HCLTECH/part-035653_159473-001643.parquet,real_data_sample\l2_unseen_validation\trade_date=2026-07-17\exchange=NSE\symbol=HCLTECH\part-035653_159473-001643.parquet,36763,downloaded,36763,
2026-07-17,NSE,HCLTECH,raw_l2/trade_date=2026-07-17/exchange=NSE/symbol=HCLTECH/part-035543_342940-001483.parquet,real_data_sample\l2_unseen_validation\trade_date=2026-07-17\exchange=NSE\symbol=HCLTECH\part-035543_342940-001483.parquet,36436,downloaded,36436,
2026-07-17,NSE,HCLTECH,raw_l2/trade_date=2026-07-17/exchange=NSE/symbol=HCLTECH/part-035831_972037-001867.parquet,real_data_sample\l2_unseen_validation\trade_date=2026-07-17\exchange=NSE\symbol=HCLTECH\part-035831_972037-001867.parquet,36120,downloaded,36120,
2026-07-17,NSE,HCLTECH,raw_l2/trade_date=2026-07-17/exchange=NSE/symbol=HCLTECH/part-035817_979128-001835.parquet,real_data_sample\l2_unseen_validation\trade_date=2026-07-17\exchange=NSE\symbol=HCLTECH\part-035817_979128-001835.parquet,36721,downloaded,36721,
2026-07-17,NSE,HCLTECH,raw_l2/trade_date=2026-07-17/exchange=NSE/symbol=HCLTECH/part-035515_499388-001419.parquet,real_data_sample\l2_unseen_validation\trade_date=2026-07-17\exchange=NSE\symbol=HCLTECH\part-035515_499388-001419.parquet,36116,downloaded,36116,
2026-07-17,NSE,HCLTECH,raw_l2/trade_date=2026-07-17/exchange=NSE/symbol=HCLTECH/part-035529_418956-001451.parquet,real_data_sample\l2_unseen_validation\trade_date=2026-07-17\exchange=NSE\symbol=HCLTECH\part-035529_418956-001451.parquet,36699,downloaded,36699,
2026-07-17,NSE,HCLTECH,raw_l2/trade_date=2026-07-17/exchange=NSE/symbol=HCLTECH/part-035611_161738-001547.parquet,real_data_sample\l2_unseen_validation\trade_date=2026-07-17\exchange=NSE\symbol=HCLTECH\part-035611_161738-001547.parquet,36235,downloaded,36235,
2026-07-17,NSE,HCLTECH,raw_l2/trade_date=2026-07-17/exchange=NSE/symbol=HCLTECH/part-035720_948681-001707.parquet,real_data_sample\l2_unseen_validation\trade_date=2026-07-17\exchange=NSE\symbol=HCLTECH\part-035720_948681-001707.parquet,36149,downloaded,36149,
2026-07-17,NSE,HCLTECH,raw_l2/trade_date=2026-07-17/exchange=NSE/symbol=HCLTECH/part-035557_170949-001515.parquet,real_data_sample\l2_unseen_validation\trade_date=2026-07-17\exchange=NSE\symbol=HCLTECH\part-035557_170949-001515.parquet,36626,downloaded,36626,
2026-07-17,NSE,HCLTECH,raw_l2/trade_date=2026-07-17/exchange=NSE/symbol=HCLTECH/part-035803_555945-001803.parquet,real_data_sample\l2_unseen_validation\trade_date=2026-07-17\exchange=NSE\symbol=HCLTECH\part-035803_555945-001803.parquet,36478,downloaded,36478,
2026-07-17,NSE,HCLTECH,raw_l2/trade_date=2026-07-17/exchange=NSE/symbol=HCLTECH/part-035749_236639-001771.parquet,real_data_sample\l2_unseen_validation\trade_date=2026-07-17\exchange=NSE\symbol=HCLTECH\part-035749_236639-001771.parquet,36497,downloaded,36497,
2026-07-17,NSE,HCLTECH,raw_l2/trade_date=2026-07-17/exchange=NSE/symbol=HCLTECH/part-035735_082669-001739.parquet,real_data_sample\l2_unseen_validation\trade_date=2026-07-17\exchange=NSE\symbol=HCLTECH\part-035735_082669-001739.parquet,36301,downloaded,36301,
2026-07-17,NSE,HCLTECH,raw_l2/trade_date=2026-07-17/exchange=NSE/symbol=HCLTECH/part-035845_916040-001899.parquet,real_data_sample\l2_unseen_validation\trade_date=2026-07-17\exchange=NSE\symbol=HCLTECH\part-035845_916040-001899.parquet,36351,downloaded,36351,
2026-07-17,NSE,HCLTECH,raw_l2/trade_date=2026-07-17/exchange=NSE/symbol=HCLTECH/part-035859_971951-001931.parquet,real_data_sample\l2_unseen_validation\trade_date=2026-07-17\exchange=NSE\symbol=HCLTECH\part-035859_971951-001931.parquet,36481,downloaded,36481,
2026-07-17,NSE,HCLTECH,raw_l2/trade_date=2026-07-17/exchange=NSE/symbol=HCLTECH/part-040024_151385-002123.parquet,real_data_sample\l2_unseen_validation\trade_date=2026-07-17\exchange=NSE\symbol=HCLTECH\part-040024_151385-002123.parquet,36506,downloaded,36506,
2026-07-17,NSE,HCLTECH,raw_l2/trade_date=2026-07-17/exchange=NSE/symbol=HCLTECH/part-040038_103356-002155.parquet,real_data_sample\l2_unseen_validation\trade_date=2026-07-17\exchange=NSE\symbol=HCLTECH\part-040038_103356-002155.parquet,36331,downloaded,36331,
2026-07-17,NSE,HCLTECH,raw_l2/trade_date=2026-07-17/exchange=NSE/symbol=HCLTECH/part-035942_034276-002027.parquet,real_data_sample\l2_unseen_validation\trade_date=2026-07-17\exchange=NSE\symbol=HCLTECH\part-035942_034276-002027.parquet,36430,downloaded,36430,
2026-07-17,NSE,HCLTECH,raw_l2/trade_date=2026-07-17/exchange=NSE/symbol=HCLTECH/part-040105_724916-002219.parquet,real_data_sample\l2_unseen_validation\trade_date=2026-07-17\exchange=NSE\symbol=HCLTECH\part-040105_724916-002219.parquet,36391,downloaded,36391,
2026-07-17,NSE,HCLTECH,raw_l2/trade_date=2026-07-17/exchange=NSE/symbol=HCLTECH/part-040051_823299-002187.parquet,real_data_sample\l2_unseen_validation\trade_date=2026-07-17\exchange=NSE\symbol=HCLTECH\part-040051_823299-002187.parquet,36264,downloaded,36264,
2026-07-17,NSE,HCLTECH,raw_l2/trade_date=2026-07-17/exchange=NSE/symbol=HCLTECH/part-035913_920729-001963.parquet,real_data_sample\l2_unseen_validation\trade_date=2026-07-17\exchange=NSE\symbol=HCLTECH\part-035913_920729-001963.parquet,36398,downloaded,36398,
2026-07-17,NSE,HCLTECH,raw_l2/trade_date=2026-07-17/exchange=NSE/symbol=HCLTECH/part-035955_951524-002059.parquet,real_data_sample\l2_unseen_validation\trade_date=2026-07-17\exchange=NSE\symbol=HCLTECH\part-035955_951524-002059.parquet,36159,downloaded,36159,
2026-07-17,NSE,HCLTECH,raw_l2/trade_date=2026-07-17/exchange=NSE/symbol=HCLTECH/part-040010_115937-002091.parquet,real_data_sample\l2_unseen_validation\trade_date=2026-07-17\exchange=NSE\symbol=HCLTECH\part-040010_115937-002091.parquet,36203,downloaded,36203,
2026-07-17,NSE,HCLTECH,raw_l2/trade_date=2026-07-17/exchange=NSE/symbol=HCLTECH/part-035927_910069-001995.parquet,real_data_sample\l2_unseen_validation\trade_date=2026-07-17\exchange=NSE\symbol=HCLTECH\part-035927_910069-001995.parquet,36231,downloaded,36231,
2026-07-17,NSE,HCLTECH,raw_l2/trade_date=2026-07-17/exchange=NSE/symbol=HCLTECH/part-040119_583053-002251.parquet,real_data_sample\l2_unseen_validation\trade_date=2026-07-17\exchange=NSE\symbol=HCLTECH\part-040119_583053-002251.parquet,36170,downloaded,36170,
2026-07-17,NSE,HCLTECH,raw_l2/trade_date=2026-07-17/exchange=NSE/symbol=HCLTECH/part-040133_381451-002283.parquet,real_data_sample\l2_unseen_validation\trade_date=2026-07-17\exchange=NSE\symbol=HCLTECH\part-040133_381451-002283.parquet,36131,downloaded,36131,
2026-07-17,NSE,HCLTECH,raw_l2/trade_date=2026-07-17/exchange=NSE/symbol=HCLTECH/part-040147_138860-002315.parquet,real_data_sample\l2_unseen_validation\trade_date=2026-07-17\exchange=NSE\symbol=HCLTECH\part-040147_138860-002315.parquet,36192,downloaded,36192,
2026-07-17,NSE,HCLTECH,raw_l2/trade_date=2026-07-17/exchange=NSE/symbol=HCLTECH/part-040201_163193-002347.parquet,real_data_sample\l2_unseen_validation\trade_date=2026-07-17\exchange=NSE\symbol=HCLTECH\part-040201_163193-002347.parquet,35910,downloaded,35910,
2026-07-17,NSE,HCLTECH,raw_l2/trade_date=2026-07-17/exchange=NSE/symbol=HCLTECH/part-040215_115984-002379.parquet,real_data_sample\l2_unseen_validation\trade_date=2026-07-17\exchange=NSE\symbol=HCLTECH\part-040215_115984-002379.parquet,35950,downloaded,35950,
2026-07-17,NSE,HCLTECH,raw_l2/trade_date=2026-07-17/exchange=NSE/symbol=HCLTECH/part-035625_369861-001579.parquet,real_data_sample\l2_unseen_validation\trade_date=2026-07-17\exchange=NSE\symbol=HCLTECH\part-035625_369861-001579.parquet,36582,downloaded,36582,
2026-07-17,NSE,HCLTECH,raw_l2/trade_date=2026-07-17/exchange=NSE/symbol=HCLTECH/part-040243_215005-002443.parquet,real_data_sample\l2_unseen_validation\trade_date=2026-07-17\exchange=NSE\symbol=HCLTECH\part-040243_215005-002443.parquet,36453,downloaded,36453,
2026-07-17,NSE,HCLTECH,raw_l2/trade_date=2026-07-17/exchange=NSE/symbol=HCLTECH/part-040228_878524-002411.parquet,real_data_sample\l2_unseen_validation\trade_date=2026-07-17\exchange=NSE\symbol=HCLTECH\part-040228_878524-002411.parquet,36183,downloaded,36183,
2026-07-17,NSE,HCLTECH,raw_l2/trade_date=2026-07-17/exchange=NSE/symbol=HCLTECH/part-040257_511116-002475.parquet,real_data_sample\l2_unseen_validation\trade_date=2026-07-17\exchange=NSE\symbol=HCLTECH\part-040257_511116-002475.parquet,35920,downloaded,35920,
2026-07-17,NSE,HCLTECH,raw_l2/trade_date=2026-07-17/exchange=NSE/symbol=HCLTECH/part-040450_605669-002731.parquet,real_data_sample\l2_unseen_validation\trade_date=2026-07-17\exchange=NSE\symbol=HCLTECH\part-040450_605669-002731.parquet,34496,downloaded,34496,
2026-07-17,NSE,HCLTECH,raw_l2/trade_date=2026-07-17/exchange=NSE/symbol=HCLTECH/part-040504_852588-002763.parquet,real_data_sample\l2_unseen_validation\trade_date=2026-07-17\exchange=NSE\symbol=HCLTECH\part-040504_852588-002763.parquet,34435,downloaded,34435,
2026-07-17,NSE,HCLTECH,raw_l2/trade_date=2026-07-17/exchange=NSE/symbol=HCLTECH/part-040422_603301-002667.parquet,real_data_sample\l2_unseen_validation\trade_date=2026-07-17\exchange=NSE\symbol=HCLTECH\part-040422_603301-002667.parquet,34743,downloaded,34743,
2026-07-17,NSE,HCLTECH,raw_l2/trade_date=2026-07-17/exchange=NSE/symbol=HCLTECH/part-040312_132160-002507.parquet,real_data_sample\l2_unseen_validation\trade_date=2026-07-17\exchange=NSE\symbol=HCLTECH\part-040312_132160-002507.parquet,36426,downloaded,36426,
2026-07-17,NSE,HCLTECH,raw_l2/trade_date=2026-07-17/exchange=NSE/symbol=HCLTECH/part-040436_639042-002699.parquet,real_data_sample\l2_unseen_validation\trade_date=2026-07-17\exchange=NSE\symbol=HCLTECH\part-040436_639042-002699.parquet,34471,downloaded,34471,
2026-07-17,NSE,HCLTECH,raw_l2/trade_date=2026-07-17/exchange=NSE/symbol=HCLTECH/part-040354_726449-002603.parquet,real_data_sample\l2_unseen_validation\trade_date=2026-07-17\exchange=NSE\symbol=HCLTECH\part-040354_726449-002603.parquet,35572,downloaded,35572,
2026-07-17,NSE,HCLTECH,raw_l2/trade_date=2026-07-17/exchange=NSE/symbol=HCLTECH/part-040340_461521-002571.parquet,real_data_sample\l2_unseen_validation\trade_date=2026-07-17\exchange=NSE\symbol=HCLTECH\part-040340_461521-002571.parquet,35813,downloaded,35813,
2026-07-17,NSE,HCLTECH,raw_l2/trade_date=2026-07-17/exchange=NSE/symbol=HCLTECH/part-040408_693428-002635.parquet,real_data_sample\l2_unseen_validation\trade_date=2026-07-17\exchange=NSE\symbol=HCLTECH\part-040408_693428-002635.parquet,35565,downloaded,35565,
2026-07-17,NSE,HCLTECH,raw_l2/trade_date=2026-07-17/exchange=NSE/symbol=HCLTECH/part-040326_324802-002539.parquet,real_data_sample\l2_unseen_validation\trade_date=2026-07-17\exchange=NSE\symbol=HCLTECH\part-040326_324802-002539.parquet,36056,downloaded,36056,
2026-07-17,NSE,HCLTECH,raw_l2/trade_date=2026-07-17/exchange=NSE/symbol=HCLTECH/part-040519_036451-002795.parquet,real_data_sample\l2_unseen_validation\trade_date=2026-07-17\exchange=NSE\symbol=HCLTECH\part-040519_036451-002795.parquet,34472,downloaded,34472,
2026-07-17,NSE,HCLTECH,raw_l2/trade_date=2026-07-17/exchange=NSE/symbol=HCLTECH/part-040547_120712-002859.parquet,real_data_sample\l2_unseen_validation\trade_date=2026-07-17\exchange=NSE\symbol=HCLTECH\part-040547_120712-002859.parquet,34712,downloaded,34712,
2026-07-17,NSE,HCLTECH,raw_l2/trade_date=2026-07-17/exchange=NSE/symbol=HCLTECH/part-040533_147625-002827.parquet,real_data_sample\l2_unseen_validation\trade_date=2026-07-17\exchange=NSE\symbol=HCLTECH\part-040533_147625-002827.parquet,34766,downloaded,34766,
2026-07-17,NSE,HCLTECH,raw_l2/trade_date=2026-07-17/exchange=NSE/symbol=HCLTECH/part-040601_155695-002891.parquet,real_data_sample\l2_unseen_validation\trade_date=2026-07-17\exchange=NSE\symbol=HCLTECH\part-040601_155695-002891.parquet,34724,downloaded,34724,
2026-07-17,NSE,HCLTECH,raw_l2/trade_date=2026-07-17/exchange=NSE/symbol=HCLTECH/part-040615_099145-002923.parquet,real_data_sample\l2_unseen_validation\trade_date=2026-07-17\exchange=NSE\symbol=HCLTECH\part-040615_099145-002923.parquet,35346,downloaded,35346,
2026-07-17,NSE,HCLTECH,raw_l2/trade_date=2026-07-17/exchange=NSE/symbol=HCLTECH/part-040629_129039-002955.parquet,real_data_sample\l2_unseen_validation\trade_date=2026-07-17\exchange=NSE\symbol=HCLTECH\part-040629_129039-002955.parquet,36403,downloaded,36403,
2026-07-17,NSE,HCLTECH,raw_l2/trade_date=2026-07-17/exchange=NSE/symbol=HCLTECH/part-040642_884964-002987.parquet,real_data_sample\l2_unseen_validation\trade_date=2026-07-17\exchange=NSE\symbol=HCLTECH\part-040642_884964-002987.parquet,36149,downloaded,36149,
2026-07-17,NSE,HCLTECH,raw_l2/trade_date=2026-07-17/exchange=NSE/symbol=HCLTECH/part-040656_890371-003019.parquet,real_data_sample\l2_unseen_validation\trade_date=2026-07-17\exchange=NSE\symbol=HCLTECH\part-040656_890371-003019.parquet,35877,downloaded,35877,
2026-07-17,NSE,HCLTECH,raw_l2/trade_date=2026-07-17/exchange=NSE/symbol=HCLTECH/part-040821_419997-003211.parquet,real_data_sample\l2_unseen_validation\trade_date=2026-07-17\exchange=NSE\symbol=HCLTECH\part-040821_419997-003211.parquet,36182,downloaded,36182,
2026-07-17,NSE,HCLTECH,raw_l2/trade_date=2026-07-17/exchange=NSE/symbol=HCLTECH/part-040849_906367-003275.parquet,real_data_sample\l2_unseen_validation\trade_date=2026-07-17\exchange=NSE\symbol=HCLTECH\part-040849_906367-003275.parquet,36321,downloaded,36321,
2026-07-17,NSE,HCLTECH,raw_l2/trade_date=2026-07-17/exchange=NSE/symbol=HCLTECH/part-040904_166006-003307.parquet,real_data_sample\l2_unseen_validation\trade_date=2026-07-17\exchange=NSE\symbol=HCLTECH\part-040904_166006-003307.parquet,36248,downloaded,36248,
2026-07-17,NSE,HCLTECH,raw_l2/trade_date=2026-07-17/exchange=NSE/symbol=HCLTECH/part-040710_870955-003051.parquet,real_data_sample\l2_unseen_validation\trade_date=2026-07-17\exchange=NSE\symbol=HCLTECH\part-040710_870955-003051.parquet,35988,downloaded,35988,
2026-07-17,NSE,HCLTECH,raw_l2/trade_date=2026-07-17/exchange=NSE/symbol=HCLTECH/part-040835_649640-003243.parquet,real_data_sample\l2_unseen_validation\trade_date=2026-07-17\exchange=NSE\symbol=HCLTECH\part-040835_649640-003243.parquet,36889,downloaded,36889,
2026-07-17,NSE,HCLTECH,raw_l2/trade_date=2026-07-17/exchange=NSE/symbol=HCLTECH/part-040918_286937-003339.parquet,real_data_sample\l2_unseen_validation\trade_date=2026-07-17\exchange=NSE\symbol=HCLTECH\part-040918_286937-003339.parquet,35750,downloaded,35750,
2026-07-17,NSE,HCLTECH,raw_l2/trade_date=2026-07-17/exchange=NSE/symbol=HCLTECH/part-040932_542044-003371.parquet,real_data_sample\l2_unseen_validation\trade_date=2026-07-17\exchange=NSE\symbol=HCLTECH\part-040932_542044-003371.parquet,36174,downloaded,36174,
2026-07-17,NSE,HCLTECH,raw_l2/trade_date=2026-07-17/exchange=NSE/symbol=HCLTECH/part-041001_286275-003435.parquet,real_data_sample\l2_unseen_validation\trade_date=2026-07-17\exchange=NSE\symbol=HCLTECH\part-041001_286275-003435.parquet,36071,downloaded,36071,
2026-07-17,NSE,HCLTECH,raw_l2/trade_date=2026-07-17/exchange=NSE/symbol=HCLTECH/part-040738_984080-003115.parquet,real_data_sample\l2_unseen_validation\trade_date=2026-07-17\exchange=NSE\symbol=HCLTECH\part-040738_984080-003115.parquet,36749,downloaded,36749,
2026-07-17,NSE,HCLTECH,raw_l2/trade_date=2026-07-17/exchange=NSE/symbol=HCLTECH/part-040724_976958-003083.parquet,real_data_sample\l2_unseen_validation\trade_date=2026-07-17\exchange=NSE\symbol=HCLTECH\part-040724_976958-003083.parquet,36092,downloaded,36092,
2026-07-17,NSE,HCLTECH,raw_l2/trade_date=2026-07-17/exchange=NSE/symbol=HCLTECH/part-040807_134773-003179.parquet,real_data_sample\l2_unseen_validation\trade_date=2026-07-17\exchange=NSE\symbol=HCLTECH\part-040807_134773-003179.parquet,36588,downloaded,36588,
2026-07-17,NSE,HCLTECH,raw_l2/trade_date=2026-07-17/exchange=NSE/symbol=HCLTECH/part-040753_174894-003147.parquet,real_data_sample\l2_unseen_validation\trade_date=2026-07-17\exchange=NSE\symbol=HCLTECH\part-040753_174894-003147.parquet,36598,downloaded,36598,
2026-07-17,NSE,HCLTECH,raw_l2/trade_date=2026-07-17/exchange=NSE/symbol=HCLTECH/part-041015_161797-003467.parquet,real_data_sample\l2_unseen_validation\trade_date=2026-07-17\exchange=NSE\symbol=HCLTECH\part-041015_161797-003467.parquet,36298,downloaded,36298,
2026-07-17,NSE,HCLTECH,raw_l2/trade_date=2026-07-17/exchange=NSE/symbol=HCLTECH/part-041029_236531-003499.parquet,real_data_sample\l2_unseen_validation\trade_date=2026-07-17\exchange=NSE\symbol=HCLTECH\part-041029_236531-003499.parquet,36626,downloaded,36626,
2026-07-17,NSE,HCLTECH,raw_l2/trade_date=2026-07-17/exchange=NSE/symbol=HCLTECH/part-041043_521381-003531.parquet,real_data_sample\l2_unseen_validation\trade_date=2026-07-17\exchange=NSE\symbol=HCLTECH\part-041043_521381-003531.parquet,36520,downloaded,36520,
2026-07-17,NSE,HCLTECH,raw_l2/trade_date=2026-07-17/exchange=NSE/symbol=HCLTECH/part-041111_986388-003595.parquet,real_data_sample\l2_unseen_validation\trade_date=2026-07-17\exchange=NSE\symbol=HCLTECH\part-041111_986388-003595.parquet,36249,downloaded,36249,
2026-07-17,NSE,HCLTECH,raw_l2/trade_date=2026-07-17/exchange=NSE/symbol=HCLTECH/part-041057_848162-003563.parquet,real_data_sample\l2_unseen_validation\trade_date=2026-07-17\exchange=NSE\symbol=HCLTECH\part-041057_848162-003563.parquet,36551,downloaded,36551,
2026-07-17,NSE,HCLTECH,raw_l2/trade_date=2026-07-17/exchange=NSE/symbol=HCLTECH/part-041125_829690-003627.parquet,real_data_sample\l2_unseen_validation\trade_date=2026-07-17\exchange=NSE\symbol=HCLTECH\part-041125_829690-003627.parquet,36529,downloaded,36529,
2026-07-17,NSE,HCLTECH,raw_l2/trade_date=2026-07-17/exchange=NSE/symbol=HCLTECH/part-041427_386453-004043.parquet,real_data_sample\l2_unseen_validation\trade_date=2026-07-17\exchange=NSE\symbol=HCLTECH\part-041427_386453-004043.parquet,36100,downloaded,36100,
2026-07-17,NSE,HCLTECH,raw_l2/trade_date=2026-07-17/exchange=NSE/symbol=HCLTECH/part-041345_274761-003947.parquet,real_data_sample\l2_unseen_validation\trade_date=2026-07-17\exchange=NSE\symbol=HCLTECH\part-041345_274761-003947.parquet,36336,downloaded,36336,
2026-07-17,NSE,HCLTECH,raw_l2/trade_date=2026-07-17/exchange=NSE/symbol=HCLTECH/part-041413_439071-004011.parquet,real_data_sample\l2_unseen_validation\trade_date=2026-07-17\exchange=NSE\symbol=HCLTECH\part-041413_439071-004011.parquet,36568,downloaded,36568,
2026-07-17,NSE,HCLTECH,raw_l2/trade_date=2026-07-17/exchange=NSE/symbol=HCLTECH/part-041207_684511-003723.parquet,real_data_sample\l2_unseen_validation\trade_date=2026-07-17\exchange=NSE\symbol=HCLTECH\part-041207_684511-003723.parquet,36311,downloaded,36311,
2026-07-17,NSE,HCLTECH,raw_l2/trade_date=2026-07-17/exchange=NSE/symbol=HCLTECH/part-041221_670224-003755.parquet,real_data_sample\l2_unseen_validation\trade_date=2026-07-17\exchange=NSE\symbol=HCLTECH\part-041221_670224-003755.parquet,36316,downloaded,36316,
2026-07-17,NSE,HCLTECH,raw_l2/trade_date=2026-07-17/exchange=NSE/symbol=HCLTECH/part-041235_436184-003787.parquet,real_data_sample\l2_unseen_validation\trade_date=2026-07-17\exchange=NSE\symbol=HCLTECH\part-041235_436184-003787.parquet,36311,downloaded,36311,
2026-07-17,NSE,HCLTECH,raw_l2/trade_date=2026-07-17/exchange=NSE/symbol=HCLTECH/part-041359_273452-003979.parquet,real_data_sample\l2_unseen_validation\trade_date=2026-07-17\exchange=NSE\symbol=HCLTECH\part-041359_273452-003979.parquet,36265,downloaded,36265,
2026-07-17,NSE,HCLTECH,raw_l2/trade_date=2026-07-17/exchange=NSE/symbol=HCLTECH/part-041153_661705-003691.parquet,real_data_sample\l2_unseen_validation\trade_date=2026-07-17\exchange=NSE\symbol=HCLTECH\part-041153_661705-003691.parquet,36443,downloaded,36443,
2026-07-17,NSE,HCLTECH,raw_l2/trade_date=2026-07-17/exchange=NSE/symbol=HCLTECH/part-041331_208157-003915.parquet,real_data_sample\l2_unseen_validation\trade_date=2026-07-17\exchange=NSE\symbol=HCLTECH\part-041331_208157-003915.parquet,36265,downloaded,36265,
2026-07-17,NSE,HCLTECH,raw_l2/trade_date=2026-07-17/exchange=NSE/symbol=HCLTECH/part-041249_426684-003819.parquet,real_data_sample\l2_unseen_validation\trade_date=2026-07-17\exchange=NSE\symbol=HCLTECH\part-041249_426684-003819.parquet,36287,downloaded,36287,
2026-07-17,NSE,HCLTECH,raw_l2/trade_date=2026-07-17/exchange=NSE/symbol=HCLTECH/part-041317_106318-003883.parquet,real_data_sample\l2_unseen_validation\trade_date=2026-07-17\exchange=NSE\symbol=HCLTECH\part-041317_106318-003883.parquet,36303,downloaded,36303,
2026-07-17,NSE,HCLTECH,raw_l2/trade_date=2026-07-17/exchange=NSE/symbol=HCLTECH/part-041303_160299-003851.parquet,real_data_sample\l2_unseen_validation\trade_date=2026-07-17\exchange=NSE\symbol=HCLTECH\part-041303_160299-003851.parquet,36236,downloaded,36236,
2026-07-17,NSE,HCLTECH,raw_l2/trade_date=2026-07-17/exchange=NSE/symbol=HCLTECH/part-041139_788658-003659.parquet,real_data_sample\l2_unseen_validation\trade_date=2026-07-17\exchange=NSE\symbol=HCLTECH\part-041139_788658-003659.parquet,36676,downloaded,36676,
2026-07-17,NSE,HCLTECH,raw_l2/trade_date=2026-07-17/exchange=NSE/symbol=HCLTECH/part-041441_446637-004075.parquet,real_data_sample\l2_unseen_validation\trade_date=2026-07-17\exchange=NSE\symbol=HCLTECH\part-041441_446637-004075.parquet,35836,downloaded,35836,
2026-07-17,NSE,HCLTECH,raw_l2/trade_date=2026-07-17/exchange=NSE/symbol=HCLTECH/part-041509_381037-004139.parquet,real_data_sample\l2_unseen_validation\trade_date=2026-07-17\exchange=NSE\symbol=HCLTECH\part-041509_381037-004139.parquet,35798,downloaded,35798,
2026-07-17,NSE,HCLTECH,raw_l2/trade_date=2026-07-17/exchange=NSE/symbol=HCLTECH/part-041455_380050-004107.parquet,real_data_sample\l2_unseen_validation\trade_date=2026-07-17\exchange=NSE\symbol=HCLTECH\part-041455_380050-004107.parquet,36349,downloaded,36349,
2026-07-17,NSE,HCLTECH,raw_l2/trade_date=2026-07-17/exchange=NSE/symbol=HCLTECH/part-041523_199823-004171.parquet,real_data_sample\l2_unseen_validation\trade_date=2026-07-17\exchange=NSE\symbol=HCLTECH\part-041523_199823-004171.parquet,35972,downloaded,35972,
2026-07-17,NSE,HCLTECH,raw_l2/trade_date=2026-07-17/exchange=NSE/symbol=HCLTECH/part-041701_376256-004395.parquet,real_data_sample\l2_unseen_validation\trade_date=2026-07-17\exchange=NSE\symbol=HCLTECH\part-041701_376256-004395.parquet,35702,downloaded,35702,
2026-07-17,NSE,HCLTECH,raw_l2/trade_date=2026-07-17/exchange=NSE/symbol=HCLTECH/part-040946_951063-003403.parquet,real_data_sample\l2_unseen_validation\trade_date=2026-07-17\exchange=NSE\symbol=HCLTECH\part-040946_951063-003403.parquet,36506,downloaded,36506,
2026-07-17,NSE,HCLTECH,raw_l2/trade_date=2026-07-17/exchange=NSE/symbol=HCLTECH/part-041715_101365-004427.parquet,real_data_sample\l2_unseen_validation\trade_date=2026-07-17\exchange=NSE\symbol=HCLTECH\part-041715_101365-004427.parquet,36021,downloaded,36021,
2026-07-17,NSE,HCLTECH,raw_l2/trade_date=2026-07-17/exchange=NSE/symbol=HCLTECH/part-041729_369848-004459.parquet,real_data_sample\l2_unseen_validation\trade_date=2026-07-17\exchange=NSE\symbol=HCLTECH\part-041729_369848-004459.parquet,36334,downloaded,36334,
2026-07-17,NSE,HCLTECH,raw_l2/trade_date=2026-07-17/exchange=NSE/symbol=HCLTECH/part-041647_398857-004363.parquet,real_data_sample\l2_unseen_validation\trade_date=2026-07-17\exchange=NSE\symbol=HCLTECH\part-041647_398857-004363.parquet,36068,downloaded,36068,
2026-07-17,NSE,HCLTECH,raw_l2/trade_date=2026-07-17/exchange=NSE/symbol=HCLTECH/part-041633_572152-004331.parquet,real_data_sample\l2_unseen_validation\trade_date=2026-07-17\exchange=NSE\symbol=HCLTECH\part-041633_572152-004331.parquet,36343,downloaded,36343,
2026-07-17,NSE,HCLTECH,raw_l2/trade_date=2026-07-17/exchange=NSE/symbol=HCLTECH/part-041606_143864-004267.parquet,real_data_sample\l2_unseen_validation\trade_date=2026-07-17\exchange=NSE\symbol=HCLTECH\part-041606_143864-004267.parquet,35957,downloaded,35957,
2026-07-17,NSE,HCLTECH,raw_l2/trade_date=2026-07-17/exchange=NSE/symbol=HCLTECH/part-041537_102329-004203.parquet,real_data_sample\l2_unseen_validation\trade_date=2026-07-17\exchange=NSE\symbol=HCLTECH\part-041537_102329-004203.parquet,36189,downloaded,36189,
2026-07-17,NSE,HCLTECH,raw_l2/trade_date=2026-07-17/exchange=NSE/symbol=HCLTECH/part-041619_870583-004299.parquet,real_data_sample\l2_unseen_validation\trade_date=2026-07-17\exchange=NSE\symbol=HCLTECH\part-041619_870583-004299.parquet,36258,downloaded,36258,
2026-07-17,NSE,HCLTECH,raw_l2/trade_date=2026-07-17/exchange=NSE/symbol=HCLTECH/part-041552_328090-004235.parquet,real_data_sample\l2_unseen_validation\trade_date=2026-07-17\exchange=NSE\symbol=HCLTECH\part-041552_328090-004235.parquet,36184,downloaded,36184,
2026-07-17,NSE,HCLTECH,raw_l2/trade_date=2026-07-17/exchange=NSE/symbol=HCLTECH/part-041743_332604-004491.parquet,real_data_sample\l2_unseen_validation\trade_date=2026-07-17\exchange=NSE\symbol=HCLTECH\part-041743_332604-004491.parquet,35823,downloaded,35823,
2026-07-17,NSE,HCLTECH,raw_l2/trade_date=2026-07-17/exchange=NSE/symbol=HCLTECH/part-041757_151602-004523.parquet,real_data_sample\l2_unseen_validation\trade_date=2026-07-17\exchange=NSE\symbol=HCLTECH\part-041757_151602-004523.parquet,36046,downloaded,36046,
2026-07-17,NSE,HCLTECH,raw_l2/trade_date=2026-07-17/exchange=NSE/symbol=HCLTECH/part-041810_822637-004555.parquet,real_data_sample\l2_unseen_validation\trade_date=2026-07-17\exchange=NSE\symbol=HCLTECH\part-041810_822637-004555.parquet,36317,downloaded,36317,
2026-07-17,NSE,HCLTECH,raw_l2/trade_date=2026-07-17/exchange=NSE/symbol=HCLTECH/part-041824_594347-004587.parquet,real_data_sample\l2_unseen_validation\trade_date=2026-07-17\exchange=NSE\symbol=HCLTECH\part-041824_594347-004587.parquet,36292,downloaded,36292,
2026-07-17,NSE,HCLTECH,raw_l2/trade_date=2026-07-17/exchange=NSE/symbol=HCLTECH/part-041838_421443-004619.parquet,real_data_sample\l2_unseen_validation\trade_date=2026-07-17\exchange=NSE\symbol=HCLTECH\part-041838_421443-004619.parquet,36072,downloaded,36072,
2026-07-17,NSE,HCLTECH,raw_l2/trade_date=2026-07-17/exchange=NSE/symbol=HCLTECH/part-041935_396437-004747.parquet,real_data_sample\l2_unseen_validation\trade_date=2026-07-17\exchange=NSE\symbol=HCLTECH\part-041935_396437-004747.parquet,35854,downloaded,35854,
2026-07-17,NSE,HCLTECH,raw_l2/trade_date=2026-07-17/exchange=NSE/symbol=HCLTECH/part-042003_377449-004811.parquet,real_data_sample\l2_unseen_validation\trade_date=2026-07-17\exchange=NSE\symbol=HCLTECH\part-042003_377449-004811.parquet,36510,downloaded,36510,
2026-07-17,NSE,HCLTECH,raw_l2/trade_date=2026-07-17/exchange=NSE/symbol=HCLTECH/part-042017_401337-004843.parquet,real_data_sample\l2_unseen_validation\trade_date=2026-07-17\exchange=NSE\symbol=HCLTECH\part-042017_401337-004843.parquet,35946,downloaded,35946,
2026-07-17,NSE,HCLTECH,raw_l2/trade_date=2026-07-17/exchange=NSE/symbol=HCLTECH/part-041949_462997-004779.parquet,real_data_sample\l2_unseen_validation\trade_date=2026-07-17\exchange=NSE\symbol=HCLTECH\part-041949_462997-004779.parquet,36632,downloaded,36632,
2026-07-17,NSE,HCLTECH,raw_l2/trade_date=2026-07-17/exchange=NSE/symbol=HCLTECH/part-042031_172581-004875.parquet,real_data_sample\l2_unseen_validation\trade_date=2026-07-17\exchange=NSE\symbol=HCLTECH\part-042031_172581-004875.parquet,36177,downloaded,36177,
2026-07-17,NSE,HCLTECH,raw_l2/trade_date=2026-07-17/exchange=NSE/symbol=HCLTECH/part-041852_405536-004651.parquet,real_data_sample\l2_unseen_validation\trade_date=2026-07-17\exchange=NSE\symbol=HCLTECH\part-041852_405536-004651.parquet,35903,downloaded,35903,
2026-07-17,NSE,HCLTECH,raw_l2/trade_date=2026-07-17/exchange=NSE/symbol=HCLTECH/part-041906_912328-004683.parquet,real_data_sample\l2_unseen_validation\trade_date=2026-07-17\exchange=NSE\symbol=HCLTECH\part-041906_912328-004683.parquet,36561,downloaded,36561,
2026-07-17,NSE,HCLTECH,raw_l2/trade_date=2026-07-17/exchange=NSE/symbol=HCLTECH/part-042154_666095-005067.parquet,real_data_sample\l2_unseen_validation\trade_date=2026-07-17\exchange=NSE\symbol=HCLTECH\part-042154_666095-005067.parquet,34597,downloaded,34597,
2026-07-17,NSE,HCLTECH,raw_l2/trade_date=2026-07-17/exchange=NSE/symbol=HCLTECH/part-041921_279068-004715.parquet,real_data_sample\l2_unseen_validation\trade_date=2026-07-17\exchange=NSE\symbol=HCLTECH\part-041921_279068-004715.parquet,35877,downloaded,35877,
2026-07-17,NSE,HCLTECH,raw_l2/trade_date=2026-07-17/exchange=NSE/symbol=HCLTECH/part-042222_721516-005131.parquet,real_data_sample\l2_unseen_validation\trade_date=2026-07-17\exchange=NSE\symbol=HCLTECH\part-042222_721516-005131.parquet,34688,downloaded,34688,
2026-07-17,NSE,HCLTECH,raw_l2/trade_date=2026-07-17/exchange=NSE/symbol=HCLTECH/part-042126_422506-005003.parquet,real_data_sample\l2_unseen_validation\trade_date=2026-07-17\exchange=NSE\symbol=HCLTECH\part-042126_422506-005003.parquet,34683,downloaded,34683,
2026-07-17,NSE,HCLTECH,raw_l2/trade_date=2026-07-17/exchange=NSE/symbol=HCLTECH/part-042045_117512-004907.parquet,real_data_sample\l2_unseen_validation\trade_date=2026-07-17\exchange=NSE\symbol=HCLTECH\part-042045_117512-004907.parquet,35962,downloaded,35962,
2026-07-17,NSE,HCLTECH,raw_l2/trade_date=2026-07-17/exchange=NSE/symbol=HCLTECH/part-042058_817136-004939.parquet,real_data_sample\l2_unseen_validation\trade_date=2026-07-17\exchange=NSE\symbol=HCLTECH\part-042058_817136-004939.parquet,36201,downloaded,36201,
2026-07-17,NSE,HCLTECH,raw_l2/trade_date=2026-07-17/exchange=NSE/symbol=HCLTECH/part-042112_626133-004971.parquet,real_data_sample\l2_unseen_validation\trade_date=2026-07-17\exchange=NSE\symbol=HCLTECH\part-042112_626133-004971.parquet,35785,downloaded,35785,
2026-07-17,NSE,HCLTECH,raw_l2/trade_date=2026-07-17/exchange=NSE/symbol=HCLTECH/part-042250_409736-005195.parquet,real_data_sample\l2_unseen_validation\trade_date=2026-07-17\exchange=NSE\symbol=HCLTECH\part-042250_409736-005195.parquet,34637,downloaded,34637,
2026-07-17,NSE,HCLTECH,raw_l2/trade_date=2026-07-17/exchange=NSE/symbol=HCLTECH/part-042236_604954-005163.parquet,real_data_sample\l2_unseen_validation\trade_date=2026-07-17\exchange=NSE\symbol=HCLTECH\part-042236_604954-005163.parquet,34665,downloaded,34665,
2026-07-17,NSE,HCLTECH,raw_l2/trade_date=2026-07-17/exchange=NSE/symbol=HCLTECH/part-042318_420805-005259.parquet,real_data_sample\l2_unseen_validation\trade_date=2026-07-17\exchange=NSE\symbol=HCLTECH\part-042318_420805-005259.parquet,34677,downloaded,34677,
2026-07-17,NSE,HCLTECH,raw_l2/trade_date=2026-07-17/exchange=NSE/symbol=HCLTECH/part-042208_654244-005099.parquet,real_data_sample\l2_unseen_validation\trade_date=2026-07-17\exchange=NSE\symbol=HCLTECH\part-042208_654244-005099.parquet,34531,downloaded,34531,
2026-07-17,NSE,HCLTECH,raw_l2/trade_date=2026-07-17/exchange=NSE/symbol=HCLTECH/part-042346_399687-005323.parquet,real_data_sample\l2_unseen_validation\trade_date=2026-07-17\exchange=NSE\symbol=HCLTECH\part-042346_399687-005323.parquet,34611,downloaded,34611,
2026-07-17,NSE,HCLTECH,raw_l2/trade_date=2026-07-17/exchange=NSE/symbol=HCLTECH/part-042400_357300-005355.parquet,real_data_sample\l2_unseen_validation\trade_date=2026-07-17\exchange=NSE\symbol=HCLTECH\part-042400_357300-005355.parquet,34735,downloaded,34735,
2026-07-17,NSE,HCLTECH,raw_l2/trade_date=2026-07-17/exchange=NSE/symbol=HCLTECH/part-042442_196165-005451.parquet,real_data_sample\l2_unseen_validation\trade_date=2026-07-17\exchange=NSE\symbol=HCLTECH\part-042442_196165-005451.parquet,34848,downloaded,34848,
2026-07-17,NSE,HCLTECH,raw_l2/trade_date=2026-07-17/exchange=NSE/symbol=HCLTECH/part-042140_650584-005035.parquet,real_data_sample\l2_unseen_validation\trade_date=2026-07-17\exchange=NSE\symbol=HCLTECH\part-042140_650584-005035.parquet,34515,downloaded,34515,
2026-07-17,NSE,HCLTECH,raw_l2/trade_date=2026-07-17/exchange=NSE/symbol=HCLTECH/part-042332_391629-005291.parquet,real_data_sample\l2_unseen_validation\trade_date=2026-07-17\exchange=NSE\symbol=HCLTECH\part-042332_391629-005291.parquet,34578,downloaded,34578,
2026-07-17,NSE,HCLTECH,raw_l2/trade_date=2026-07-17/exchange=NSE/symbol=HCLTECH/part-042414_156693-005387.parquet,real_data_sample\l2_unseen_validation\trade_date=2026-07-17\exchange=NSE\symbol=HCLTECH\part-042414_156693-005387.parquet,34722,downloaded,34722,
2026-07-17,NSE,HCLTECH,raw_l2/trade_date=2026-07-17/exchange=NSE/symbol=HCLTECH/part-042428_156304-005419.parquet,real_data_sample\l2_unseen_validation\trade_date=2026-07-17\exchange=NSE\symbol=HCLTECH\part-042428_156304-005419.parquet,34783,downloaded,34783,
2026-07-17,NSE,HCLTECH,raw_l2/trade_date=2026-07-17/exchange=NSE/symbol=HCLTECH/part-042455_850051-005483.parquet,real_data_sample\l2_unseen_validation\trade_date=2026-07-17\exchange=NSE\symbol=HCLTECH\part-042455_850051-005483.parquet,34807,downloaded,34807,
2026-07-17,NSE,HCLTECH,raw_l2/trade_date=2026-07-17/exchange=NSE/symbol=HCLTECH/part-042523_476709-005547.parquet,real_data_sample\l2_unseen_validation\trade_date=2026-07-17\exchange=NSE\symbol=HCLTECH\part-042523_476709-005547.parquet,36598,downloaded,36598,
2026-07-17,NSE,HCLTECH,raw_l2/trade_date=2026-07-17/exchange=NSE/symbol=HCLTECH/part-042509_629719-005515.parquet,real_data_sample\l2_unseen_validation\trade_date=2026-07-17\exchange=NSE\symbol=HCLTECH\part-042509_629719-005515.parquet,34762,downloaded,34762,
2026-07-17,NSE,HCLTECH,raw_l2/trade_date=2026-07-17/exchange=NSE/symbol=HCLTECH/part-042537_736603-005579.parquet,real_data_sample\l2_unseen_validation\trade_date=2026-07-17\exchange=NSE\symbol=HCLTECH\part-042537_736603-005579.parquet,36242,downloaded,36242,
2026-07-17,NSE,HCLTECH,raw_l2/trade_date=2026-07-17/exchange=NSE/symbol=HCLTECH/part-042551_607935-005611.parquet,real_data_sample\l2_unseen_validation\trade_date=2026-07-17\exchange=NSE\symbol=HCLTECH\part-042551_607935-005611.parquet,36146,downloaded,36146,
2026-07-17,NSE,HCLTECH,raw_l2/trade_date=2026-07-17/exchange=NSE/symbol=HCLTECH/part-042605_746865-005643.parquet,real_data_sample\l2_unseen_validation\trade_date=2026-07-17\exchange=NSE\symbol=HCLTECH\part-042605_746865-005643.parquet,36179,downloaded,36179,
2026-07-17,NSE,HCLTECH,raw_l2/trade_date=2026-07-17/exchange=NSE/symbol=HCLTECH/part-042619_740403-005675.parquet,real_data_sample\l2_unseen_validation\trade_date=2026-07-17\exchange=NSE\symbol=HCLTECH\part-042619_740403-005675.parquet,36746,downloaded,36746,
2026-07-17,NSE,HCLTECH,raw_l2/trade_date=2026-07-17/exchange=NSE/symbol=HCLTECH/part-042730_018271-005835.parquet,real_data_sample\l2_unseen_validation\trade_date=2026-07-17\exchange=NSE\symbol=HCLTECH\part-042730_018271-005835.parquet,36201,downloaded,36201,
2026-07-17,NSE,HCLTECH,raw_l2/trade_date=2026-07-17/exchange=NSE/symbol=HCLTECH/part-042701_958813-005771.parquet,real_data_sample\l2_unseen_validation\trade_date=2026-07-17\exchange=NSE\symbol=HCLTECH\part-042701_958813-005771.parquet,36473,downloaded,36473,
2026-07-17,NSE,HCLTECH,raw_l2/trade_date=2026-07-17/exchange=NSE/symbol=HCLTECH/part-042304_332128-005227.parquet,real_data_sample\l2_unseen_validation\trade_date=2026-07-17\exchange=NSE\symbol=HCLTECH\part-042304_332128-005227.parquet,34498,downloaded,34498,
2026-07-17,NSE,HCLTECH,raw_l2/trade_date=2026-07-17/exchange=NSE/symbol=HCLTECH/part-042633_965897-005707.parquet,real_data_sample\l2_unseen_validation\trade_date=2026-07-17\exchange=NSE\symbol=HCLTECH\part-042633_965897-005707.parquet,36360,downloaded,36360,
2026-07-17,NSE,HCLTECH,raw_l2/trade_date=2026-07-17/exchange=NSE/symbol=HCLTECH/part-042715_930561-005803.parquet,real_data_sample\l2_unseen_validation\trade_date=2026-07-17\exchange=NSE\symbol=HCLTECH\part-042715_930561-005803.parquet,36296,downloaded,36296,
2026-07-17,NSE,HCLTECH,raw_l2/trade_date=2026-07-17/exchange=NSE/symbol=HCLTECH/part-042647_933955-005739.parquet,real_data_sample\l2_unseen_validation\trade_date=2026-07-17\exchange=NSE\symbol=HCLTECH\part-042647_933955-005739.parquet,36374,downloaded,36374,
2026-07-17,NSE,HCLTECH,raw_l2/trade_date=2026-07-17/exchange=NSE/symbol=HCLTECH/part-043003_182356-006187.parquet,real_data_sample\l2_unseen_validation\trade_date=2026-07-17\exchange=NSE\symbol=HCLTECH\part-043003_182356-006187.parquet,35664,downloaded,35664,
2026-07-17,NSE,HCLTECH,raw_l2/trade_date=2026-07-17/exchange=NSE/symbol=HCLTECH/part-042935_170432-006123.parquet,real_data_sample\l2_unseen_validation\trade_date=2026-07-17\exchange=NSE\symbol=HCLTECH\part-042935_170432-006123.parquet,35914,downloaded,35914,
2026-07-17,NSE,HCLTECH,raw_l2/trade_date=2026-07-17/exchange=NSE/symbol=HCLTECH/part-042949_164680-006155.parquet,real_data_sample\l2_unseen_validation\trade_date=2026-07-17\exchange=NSE\symbol=HCLTECH\part-042949_164680-006155.parquet,36281,downloaded,36281,
2026-07-17,NSE,HCLTECH,raw_l2/trade_date=2026-07-17/exchange=NSE/symbol=HCLTECH/part-042921_187569-006091.parquet,real_data_sample\l2_unseen_validation\trade_date=2026-07-17\exchange=NSE\symbol=HCLTECH\part-042921_187569-006091.parquet,36439,downloaded,36439,
2026-07-17,NSE,HCLTECH,raw_l2/trade_date=2026-07-17/exchange=NSE/symbol=HCLTECH/part-042839_394541-005995.parquet,real_data_sample\l2_unseen_validation\trade_date=2026-07-17\exchange=NSE\symbol=HCLTECH\part-042839_394541-005995.parquet,36177,downloaded,36177,
2026-07-17,NSE,HCLTECH,raw_l2/trade_date=2026-07-17/exchange=NSE/symbol=HCLTECH/part-042907_199603-006059.parquet,real_data_sample\l2_unseen_validation\trade_date=2026-07-17\exchange=NSE\symbol=HCLTECH\part-042907_199603-006059.parquet,36289,downloaded,36289,
2026-07-17,NSE,HCLTECH,raw_l2/trade_date=2026-07-17/exchange=NSE/symbol=HCLTECH/part-042743_829649-005867.parquet,real_data_sample\l2_unseen_validation\trade_date=2026-07-17\exchange=NSE\symbol=HCLTECH\part-042743_829649-005867.parquet,36412,downloaded,36412,
2026-07-17,NSE,HCLTECH,raw_l2/trade_date=2026-07-17/exchange=NSE/symbol=HCLTECH/part-042811_393452-005931.parquet,real_data_sample\l2_unseen_validation\trade_date=2026-07-17\exchange=NSE\symbol=HCLTECH\part-042811_393452-005931.parquet,36202,downloaded,36202,
2026-07-17,NSE,HCLTECH,raw_l2/trade_date=2026-07-17/exchange=NSE/symbol=HCLTECH/part-042757_603815-005899.parquet,real_data_sample\l2_unseen_validation\trade_date=2026-07-17\exchange=NSE\symbol=HCLTECH\part-042757_603815-005899.parquet,36861,downloaded,36861,
2026-07-17,NSE,HCLTECH,raw_l2/trade_date=2026-07-17/exchange=NSE/symbol=HCLTECH/part-042825_448462-005963.parquet,real_data_sample\l2_unseen_validation\trade_date=2026-07-17\exchange=NSE\symbol=HCLTECH\part-042825_448462-005963.parquet,36620,downloaded,36620,
2026-07-17,NSE,HCLTECH,raw_l2/trade_date=2026-07-17/exchange=NSE/symbol=HCLTECH/part-043058_877588-006315.parquet,real_data_sample\l2_unseen_validation\trade_date=2026-07-17\exchange=NSE\symbol=HCLTECH\part-043058_877588-006315.parquet,35807,downloaded,35807,
2026-07-17,NSE,HCLTECH,raw_l2/trade_date=2026-07-17/exchange=NSE/symbol=HCLTECH/part-043127_150816-006379.parquet,real_data_sample\l2_unseen_validation\trade_date=2026-07-17\exchange=NSE\symbol=HCLTECH\part-043127_150816-006379.parquet,35947,downloaded,35947,
2026-07-17,NSE,HCLTECH,raw_l2/trade_date=2026-07-17/exchange=NSE/symbol=HCLTECH/part-043251_598422-006571.parquet,real_data_sample\l2_unseen_validation\trade_date=2026-07-17\exchange=NSE\symbol=HCLTECH\part-043251_598422-006571.parquet,36149,downloaded,36149,
2026-07-17,NSE,HCLTECH,raw_l2/trade_date=2026-07-17/exchange=NSE/symbol=HCLTECH/part-043045_139513-006283.parquet,real_data_sample\l2_unseen_validation\trade_date=2026-07-17\exchange=NSE\symbol=HCLTECH\part-043045_139513-006283.parquet,36114,downloaded,36114,
2026-07-17,NSE,HCLTECH,raw_l2/trade_date=2026-07-17/exchange=NSE/symbol=HCLTECH/part-043305_424362-006603.parquet,real_data_sample\l2_unseen_validation\trade_date=2026-07-17\exchange=NSE\symbol=HCLTECH\part-043305_424362-006603.parquet,35836,downloaded,35836,
2026-07-17,NSE,HCLTECH,raw_l2/trade_date=2026-07-17/exchange=NSE/symbol=HCLTECH/part-043237_637896-006539.parquet,real_data_sample\l2_unseen_validation\trade_date=2026-07-17\exchange=NSE\symbol=HCLTECH\part-043237_637896-006539.parquet,36340,downloaded,36340,
2026-07-17,NSE,HCLTECH,raw_l2/trade_date=2026-07-17/exchange=NSE/symbol=HCLTECH/part-042853_367226-006027.parquet,real_data_sample\l2_unseen_validation\trade_date=2026-07-17\exchange=NSE\symbol=HCLTECH\part-042853_367226-006027.parquet,36552,downloaded,36552,
2026-07-17,NSE,HCLTECH,raw_l2/trade_date=2026-07-17/exchange=NSE/symbol=HCLTECH/part-043112_914139-006347.parquet,real_data_sample\l2_unseen_validation\trade_date=2026-07-17\exchange=NSE\symbol=HCLTECH\part-043112_914139-006347.parquet,35938,downloaded,35938,
2026-07-17,NSE,HCLTECH,raw_l2/trade_date=2026-07-17/exchange=NSE/symbol=HCLTECH/part-043031_418385-006251.parquet,real_data_sample\l2_unseen_validation\trade_date=2026-07-17\exchange=NSE\symbol=HCLTECH\part-043031_418385-006251.parquet,36171,downloaded,36171,
2026-07-17,NSE,HCLTECH,raw_l2/trade_date=2026-07-17/exchange=NSE/symbol=HCLTECH/part-043017_463657-006219.parquet,real_data_sample\l2_unseen_validation\trade_date=2026-07-17\exchange=NSE\symbol=HCLTECH\part-043017_463657-006219.parquet,36463,downloaded,36463,
2026-07-17,NSE,HCLTECH,raw_l2/trade_date=2026-07-17/exchange=NSE/symbol=HCLTECH/part-043319_495540-006635.parquet,real_data_sample\l2_unseen_validation\trade_date=2026-07-17\exchange=NSE\symbol=HCLTECH\part-043319_495540-006635.parquet,35362,downloaded,35362,
2026-07-17,NSE,HCLTECH,raw_l2/trade_date=2026-07-17/exchange=NSE/symbol=HCLTECH/part-043333_669897-006667.parquet,real_data_sample\l2_unseen_validation\trade_date=2026-07-17\exchange=NSE\symbol=HCLTECH\part-043333_669897-006667.parquet,34622,downloaded,34622,
2026-07-17,NSE,HCLTECH,raw_l2/trade_date=2026-07-17/exchange=NSE/symbol=HCLTECH/part-043347_688033-006699.parquet,real_data_sample\l2_unseen_validation\trade_date=2026-07-17\exchange=NSE\symbol=HCLTECH\part-043347_688033-006699.parquet,34705,downloaded,34705,
2026-07-17,NSE,HCLTECH,raw_l2/trade_date=2026-07-17/exchange=NSE/symbol=HCLTECH/part-043223_509932-006507.parquet,real_data_sample\l2_unseen_validation\trade_date=2026-07-17\exchange=NSE\symbol=HCLTECH\part-043223_509932-006507.parquet,35806,downloaded,35806,
2026-07-17,NSE,HCLTECH,raw_l2/trade_date=2026-07-17/exchange=NSE/symbol=HCLTECH/part-043401_628543-006731.parquet,real_data_sample\l2_unseen_validation\trade_date=2026-07-17\exchange=NSE\symbol=HCLTECH\part-043401_628543-006731.parquet,34691,downloaded,34691,
2026-07-17,NSE,HCLTECH,raw_l2/trade_date=2026-07-17/exchange=NSE/symbol=HCLTECH/part-043141_254438-006411.parquet,real_data_sample\l2_unseen_validation\trade_date=2026-07-17\exchange=NSE\symbol=HCLTECH\part-043141_254438-006411.parquet,35599,downloaded,35599,
2026-07-17,NSE,HCLTECH,raw_l2/trade_date=2026-07-17/exchange=NSE/symbol=HCLTECH/part-043429_697264-006795.parquet,real_data_sample\l2_unseen_validation\trade_date=2026-07-17\exchange=NSE\symbol=HCLTECH\part-043429_697264-006795.parquet,35855,downloaded,35855,
2026-07-17,NSE,HCLTECH,raw_l2/trade_date=2026-07-17/exchange=NSE/symbol=HCLTECH/part-043155_125721-006443.parquet,real_data_sample\l2_unseen_validation\trade_date=2026-07-17\exchange=NSE\symbol=HCLTECH\part-043155_125721-006443.parquet,36008,downloaded,36008,
2026-07-17,NSE,HCLTECH,raw_l2/trade_date=2026-07-17/exchange=NSE/symbol=HCLTECH/part-043209_162657-006475.parquet,real_data_sample\l2_unseen_validation\trade_date=2026-07-17\exchange=NSE\symbol=HCLTECH\part-043209_162657-006475.parquet,36185,downloaded,36185,
2026-07-17,NSE,HCLTECH,raw_l2/trade_date=2026-07-17/exchange=NSE/symbol=HCLTECH/part-043538_873377-006955.parquet,real_data_sample\l2_unseen_validation\trade_date=2026-07-17\exchange=NSE\symbol=HCLTECH\part-043538_873377-006955.parquet,35680,downloaded,35680,
2026-07-17,NSE,HCLTECH,raw_l2/trade_date=2026-07-17/exchange=NSE/symbol=HCLTECH/part-043525_160780-006923.parquet,real_data_sample\l2_unseen_validation\trade_date=2026-07-17\exchange=NSE\symbol=HCLTECH\part-043525_160780-006923.parquet,35664,downloaded,35664,
2026-07-17,NSE,HCLTECH,raw_l2/trade_date=2026-07-17/exchange=NSE/symbol=HCLTECH/part-043443_662124-006827.parquet,real_data_sample\l2_unseen_validation\trade_date=2026-07-17\exchange=NSE\symbol=HCLTECH\part-043443_662124-006827.parquet,35941,downloaded,35941,
2026-07-17,NSE,HCLTECH,raw_l2/trade_date=2026-07-17/exchange=NSE/symbol=HCLTECH/part-043634_815225-007083.parquet,real_data_sample\l2_unseen_validation\trade_date=2026-07-17\exchange=NSE\symbol=HCLTECH\part-043634_815225-007083.parquet,34425,downloaded,34425,
2026-07-17,NSE,HCLTECH,raw_l2/trade_date=2026-07-17/exchange=NSE/symbol=HCLTECH/part-043457_408977-006859.parquet,real_data_sample\l2_unseen_validation\trade_date=2026-07-17\exchange=NSE\symbol=HCLTECH\part-043457_408977-006859.parquet,36149,downloaded,36149,
2026-07-17,NSE,HCLTECH,raw_l2/trade_date=2026-07-17/exchange=NSE/symbol=HCLTECH/part-043758_355478-007275.parquet,real_data_sample\l2_unseen_validation\trade_date=2026-07-17\exchange=NSE\symbol=HCLTECH\part-043758_355478-007275.parquet,34611,downloaded,34611,
2026-07-17,NSE,HCLTECH,raw_l2/trade_date=2026-07-17/exchange=NSE/symbol=HCLTECH/part-043730_770771-007211.parquet,real_data_sample\l2_unseen_validation\trade_date=2026-07-17\exchange=NSE\symbol=HCLTECH\part-043730_770771-007211.parquet,34750,downloaded,34750,
2026-07-17,NSE,HCLTECH,raw_l2/trade_date=2026-07-17/exchange=NSE/symbol=HCLTECH/part-043511_125545-006891.parquet,real_data_sample\l2_unseen_validation\trade_date=2026-07-17\exchange=NSE\symbol=HCLTECH\part-043511_125545-006891.parquet,36128,downloaded,36128,
2026-07-17,NSE,HCLTECH,raw_l2/trade_date=2026-07-17/exchange=NSE/symbol=HCLTECH/part-043922_552547-007467.parquet,real_data_sample\l2_unseen_validation\trade_date=2026-07-17\exchange=NSE\symbol=HCLTECH\part-043922_552547-007467.parquet,36343,downloaded,36343,
2026-07-17,NSE,HCLTECH,raw_l2/trade_date=2026-07-17/exchange=NSE/symbol=HCLTECH/part-043716_902871-007179.parquet,real_data_sample\l2_unseen_validation\trade_date=2026-07-17\exchange=NSE\symbol=HCLTECH\part-043716_902871-007179.parquet,34489,downloaded,34489,
2026-07-17,NSE,HCLTECH,raw_l2/trade_date=2026-07-17/exchange=NSE/symbol=HCLTECH/part-043648_994730-007115.parquet,real_data_sample\l2_unseen_validation\trade_date=2026-07-17\exchange=NSE\symbol=HCLTECH\part-043648_994730-007115.parquet,34654,downloaded,34654,
2026-07-17,NSE,HCLTECH,raw_l2/trade_date=2026-07-17/exchange=NSE/symbol=HCLTECH/part-043936_062798-007499.parquet,real_data_sample\l2_unseen_validation\trade_date=2026-07-17\exchange=NSE\symbol=HCLTECH\part-043936_062798-007499.parquet,36816,downloaded,36816,
2026-07-17,NSE,HCLTECH,raw_l2/trade_date=2026-07-17/exchange=NSE/symbol=HCLTECH/part-043812_147988-007307.parquet,real_data_sample\l2_unseen_validation\trade_date=2026-07-17\exchange=NSE\symbol=HCLTECH\part-043812_147988-007307.parquet,34634,downloaded,34634,
2026-07-17,NSE,HCLTECH,raw_l2/trade_date=2026-07-17/exchange=NSE/symbol=HCLTECH/part-043908_863059-007435.parquet,real_data_sample\l2_unseen_validation\trade_date=2026-07-17\exchange=NSE\symbol=HCLTECH\part-043908_863059-007435.parquet,36080,downloaded,36080,
2026-07-17,NSE,HCLTECH,raw_l2/trade_date=2026-07-17/exchange=NSE/symbol=HCLTECH/part-043744_643146-007243.parquet,real_data_sample\l2_unseen_validation\trade_date=2026-07-17\exchange=NSE\symbol=HCLTECH\part-043744_643146-007243.parquet,34775,downloaded,34775,
2026-07-17,NSE,HCLTECH,raw_l2/trade_date=2026-07-17/exchange=NSE/symbol=HCLTECH/part-043702_911373-007147.parquet,real_data_sample\l2_unseen_validation\trade_date=2026-07-17\exchange=NSE\symbol=HCLTECH\part-043702_911373-007147.parquet,34673,downloaded,34673,
2026-07-17,NSE,HCLTECH,raw_l2/trade_date=2026-07-17/exchange=NSE/symbol=HCLTECH/part-043840_886379-007371.parquet,real_data_sample\l2_unseen_validation\trade_date=2026-07-17\exchange=NSE\symbol=HCLTECH\part-043840_886379-007371.parquet,35420,downloaded,35420,
2026-07-17,NSE,HCLTECH,raw_l2/trade_date=2026-07-17/exchange=NSE/symbol=HCLTECH/part-043826_779729-007339.parquet,real_data_sample\l2_unseen_validation\trade_date=2026-07-17\exchange=NSE\symbol=HCLTECH\part-043826_779729-007339.parquet,36017,downloaded,36017,
2026-07-17,NSE,HCLTECH,raw_l2/trade_date=2026-07-17/exchange=NSE/symbol=HCLTECH/part-043854_967962-007403.parquet,real_data_sample\l2_unseen_validation\trade_date=2026-07-17\exchange=NSE\symbol=HCLTECH\part-043854_967962-007403.parquet,35423,downloaded,35423,
2026-07-17,NSE,HCLTECH,raw_l2/trade_date=2026-07-17/exchange=NSE/symbol=HCLTECH/part-043606_883180-007019.parquet,real_data_sample\l2_unseen_validation\trade_date=2026-07-17\exchange=NSE\symbol=HCLTECH\part-043606_883180-007019.parquet,35720,downloaded,35720,
2026-07-17,NSE,HCLTECH,raw_l2/trade_date=2026-07-17/exchange=NSE/symbol=HCLTECH/part-043620_874619-007051.parquet,real_data_sample\l2_unseen_validation\trade_date=2026-07-17\exchange=NSE\symbol=HCLTECH\part-043620_874619-007051.parquet,34970,downloaded,34970,
2026-07-17,NSE,HCLTECH,raw_l2/trade_date=2026-07-17/exchange=NSE/symbol=HCLTECH/part-043552_896830-006987.parquet,real_data_sample\l2_unseen_validation\trade_date=2026-07-17\exchange=NSE\symbol=HCLTECH\part-043552_896830-006987.parquet,36110,downloaded,36110,
2026-07-17,NSE,HCLTECH,raw_l2/trade_date=2026-07-17/exchange=NSE/symbol=HCLTECH/part-044017_400681-007595.parquet,real_data_sample\l2_unseen_validation\trade_date=2026-07-17\exchange=NSE\symbol=HCLTECH\part-044017_400681-007595.parquet,35618,downloaded,35618,
2026-07-17,NSE,HCLTECH,raw_l2/trade_date=2026-07-17/exchange=NSE/symbol=HCLTECH/part-043949_920606-007531.parquet,real_data_sample\l2_unseen_validation\trade_date=2026-07-17\exchange=NSE\symbol=HCLTECH\part-043949_920606-007531.parquet,36084,downloaded,36084,
2026-07-17,NSE,HCLTECH,raw_l2/trade_date=2026-07-17/exchange=NSE/symbol=HCLTECH/part-044003_598570-007563.parquet,real_data_sample\l2_unseen_validation\trade_date=2026-07-17\exchange=NSE\symbol=HCLTECH\part-044003_598570-007563.parquet,35996,downloaded,35996,
2026-07-17,NSE,HCLTECH,raw_l2/trade_date=2026-07-17/exchange=NSE/symbol=HCLTECH/part-043415_767343-006763.parquet,real_data_sample\l2_unseen_validation\trade_date=2026-07-17\exchange=NSE\symbol=HCLTECH\part-043415_767343-006763.parquet,35026,downloaded,35026,
2026-07-17,NSE,HCLTECH,raw_l2/trade_date=2026-07-17/exchange=NSE/symbol=HCLTECH/part-044044_852792-007659.parquet,real_data_sample\l2_unseen_validation\trade_date=2026-07-17\exchange=NSE\symbol=HCLTECH\part-044044_852792-007659.parquet,35558,downloaded,35558,
2026-07-17,NSE,HCLTECH,raw_l2/trade_date=2026-07-17/exchange=NSE/symbol=HCLTECH/part-044058_573567-007691.parquet,real_data_sample\l2_unseen_validation\trade_date=2026-07-17\exchange=NSE\symbol=HCLTECH\part-044058_573567-007691.parquet,35957,downloaded,35957,
2026-07-17,NSE,HCLTECH,raw_l2/trade_date=2026-07-17/exchange=NSE/symbol=HCLTECH/part-044112_374338-007723.parquet,real_data_sample\l2_unseen_validation\trade_date=2026-07-17\exchange=NSE\symbol=HCLTECH\part-044112_374338-007723.parquet,36009,downloaded,36009,
2026-07-17,NSE,HCLTECH,raw_l2/trade_date=2026-07-17/exchange=NSE/symbol=HCLTECH/part-044126_102212-007755.parquet,real_data_sample\l2_unseen_validation\trade_date=2026-07-17\exchange=NSE\symbol=HCLTECH\part-044126_102212-007755.parquet,34610,downloaded,34610,
2026-07-17,NSE,HCLTECH,raw_l2/trade_date=2026-07-17/exchange=NSE/symbol=HCLTECH/part-044139_848854-007787.parquet,real_data_sample\l2_unseen_validation\trade_date=2026-07-17\exchange=NSE\symbol=HCLTECH\part-044139_848854-007787.parquet,34671,downloaded,34671,
2026-07-17,NSE,HCLTECH,raw_l2/trade_date=2026-07-17/exchange=NSE/symbol=HCLTECH/part-044153_586297-007819.parquet,real_data_sample\l2_unseen_validation\trade_date=2026-07-17\exchange=NSE\symbol=HCLTECH\part-044153_586297-007819.parquet,34737,downloaded,34737,
2026-07-17,NSE,HCLTECH,raw_l2/trade_date=2026-07-17/exchange=NSE/symbol=HCLTECH/part-044031_140273-007627.parquet,real_data_sample\l2_unseen_validation\trade_date=2026-07-17\exchange=NSE\symbol=HCLTECH\part-044031_140273-007627.parquet,36106,downloaded,36106,
2026-07-17,NSE,HCLTECH,raw_l2/trade_date=2026-07-17/exchange=NSE/symbol=HCLTECH/part-044221_111841-007883.parquet,real_data_sample\l2_unseen_validation\trade_date=2026-07-17\exchange=NSE\symbol=HCLTECH\part-044221_111841-007883.parquet,34676,downloaded,34676,
2026-07-17,NSE,HCLTECH,raw_l2/trade_date=2026-07-17/exchange=NSE/symbol=HCLTECH/part-044207_322784-007851.parquet,real_data_sample\l2_unseen_validation\trade_date=2026-07-17\exchange=NSE\symbol=HCLTECH\part-044207_322784-007851.parquet,34480,downloaded,34480,
2026-07-17,NSE,HCLTECH,raw_l2/trade_date=2026-07-17/exchange=NSE/symbol=HCLTECH/part-044316_877038-008011.parquet,real_data_sample\l2_unseen_validation\trade_date=2026-07-17\exchange=NSE\symbol=HCLTECH\part-044316_877038-008011.parquet,34801,downloaded,34801,
2026-07-17,NSE,HCLTECH,raw_l2/trade_date=2026-07-17/exchange=NSE/symbol=HCLTECH/part-044330_790185-008043.parquet,real_data_sample\l2_unseen_validation\trade_date=2026-07-17\exchange=NSE\symbol=HCLTECH\part-044330_790185-008043.parquet,34729,downloaded,34729,
2026-07-17,NSE,HCLTECH,raw_l2/trade_date=2026-07-17/exchange=NSE/symbol=HCLTECH/part-044657_870662-008523.parquet,real_data_sample\l2_unseen_validation\trade_date=2026-07-17\exchange=NSE\symbol=HCLTECH\part-044657_870662-008523.parquet,35879,downloaded,35879,
2026-07-17,NSE,HCLTECH,raw_l2/trade_date=2026-07-17/exchange=NSE/symbol=HCLTECH/part-044302_865260-007979.parquet,real_data_sample\l2_unseen_validation\trade_date=2026-07-17\exchange=NSE\symbol=HCLTECH\part-044302_865260-007979.parquet,34444,downloaded,34444,
2026-07-17,NSE,HCLTECH,raw_l2/trade_date=2026-07-17/exchange=NSE/symbol=HCLTECH/part-044548_617248-008363.parquet,real_data_sample\l2_unseen_validation\trade_date=2026-07-17\exchange=NSE\symbol=HCLTECH\part-044548_617248-008363.parquet,36363,downloaded,36363,
2026-07-17,NSE,HCLTECH,raw_l2/trade_date=2026-07-17/exchange=NSE/symbol=HCLTECH/part-044534_842218-008331.parquet,real_data_sample\l2_unseen_validation\trade_date=2026-07-17\exchange=NSE\symbol=HCLTECH\part-044534_842218-008331.parquet,36005,downloaded,36005,
2026-07-17,NSE,HCLTECH,raw_l2/trade_date=2026-07-17/exchange=NSE/symbol=HCLTECH/part-044507_348103-008267.parquet,real_data_sample\l2_unseen_validation\trade_date=2026-07-17\exchange=NSE\symbol=HCLTECH\part-044507_348103-008267.parquet,34892,downloaded,34892,
2026-07-17,NSE,HCLTECH,raw_l2/trade_date=2026-07-17/exchange=NSE/symbol=HCLTECH/part-044235_106380-007915.parquet,real_data_sample\l2_unseen_validation\trade_date=2026-07-17\exchange=NSE\symbol=HCLTECH\part-044235_106380-007915.parquet,34698,downloaded,34698,
2026-07-17,NSE,HCLTECH,raw_l2/trade_date=2026-07-17/exchange=NSE/symbol=HCLTECH/part-044453_612670-008235.parquet,real_data_sample\l2_unseen_validation\trade_date=2026-07-17\exchange=NSE\symbol=HCLTECH\part-044453_612670-008235.parquet,34458,downloaded,34458,
2026-07-17,NSE,HCLTECH,raw_l2/trade_date=2026-07-17/exchange=NSE/symbol=HCLTECH/part-044249_080747-007947.parquet,real_data_sample\l2_unseen_validation\trade_date=2026-07-17\exchange=NSE\symbol=HCLTECH\part-044249_080747-007947.parquet,34755,downloaded,34755,
2026-07-17,NSE,HCLTECH,raw_l2/trade_date=2026-07-17/exchange=NSE/symbol=HCLTECH/part-044425_839058-008171.parquet,real_data_sample\l2_unseen_validation\trade_date=2026-07-17\exchange=NSE\symbol=HCLTECH\part-044425_839058-008171.parquet,34767,downloaded,34767,
2026-07-17,NSE,HCLTECH,raw_l2/trade_date=2026-07-17/exchange=NSE/symbol=HCLTECH/part-044521_110995-008299.parquet,real_data_sample\l2_unseen_validation\trade_date=2026-07-17\exchange=NSE\symbol=HCLTECH\part-044521_110995-008299.parquet,35438,downloaded,35438,
2026-07-17,NSE,HCLTECH,raw_l2/trade_date=2026-07-17/exchange=NSE/symbol=HCLTECH/part-044344_588385-008075.parquet,real_data_sample\l2_unseen_validation\trade_date=2026-07-17\exchange=NSE\symbol=HCLTECH\part-044344_588385-008075.parquet,34709,downloaded,34709,
2026-07-17,NSE,HCLTECH,raw_l2/trade_date=2026-07-17/exchange=NSE/symbol=HCLTECH/part-044439_609662-008203.parquet,real_data_sample\l2_unseen_validation\trade_date=2026-07-17\exchange=NSE\symbol=HCLTECH\part-044439_609662-008203.parquet,34496,downloaded,34496,
2026-07-17,NSE,HCLTECH,raw_l2/trade_date=2026-07-17/exchange=NSE/symbol=HCLTECH/part-044358_396469-008107.parquet,real_data_sample\l2_unseen_validation\trade_date=2026-07-17\exchange=NSE\symbol=HCLTECH\part-044358_396469-008107.parquet,34717,downloaded,34717,
2026-07-17,NSE,HCLTECH,raw_l2/trade_date=2026-07-17/exchange=NSE/symbol=HCLTECH/part-044602_403641-008395.parquet,real_data_sample\l2_unseen_validation\trade_date=2026-07-17\exchange=NSE\symbol=HCLTECH\part-044602_403641-008395.parquet,35543,downloaded,35543,
2026-07-17,NSE,HCLTECH,raw_l2/trade_date=2026-07-17/exchange=NSE/symbol=HCLTECH/part-044616_367189-008427.parquet,real_data_sample\l2_unseen_validation\trade_date=2026-07-17\exchange=NSE\symbol=HCLTECH\part-044616_367189-008427.parquet,36257,downloaded,36257,
2026-07-17,NSE,HCLTECH,raw_l2/trade_date=2026-07-17/exchange=NSE/symbol=HCLTECH/part-044412_119644-008139.parquet,real_data_sample\l2_unseen_validation\trade_date=2026-07-17\exchange=NSE\symbol=HCLTECH\part-044412_119644-008139.parquet,34670,downloaded,34670,
2026-07-17,NSE,HCLTECH,raw_l2/trade_date=2026-07-17/exchange=NSE/symbol=HCLTECH/part-044725_361727-008587.parquet,real_data_sample\l2_unseen_validation\trade_date=2026-07-17\exchange=NSE\symbol=HCLTECH\part-044725_361727-008587.parquet,36256,downloaded,36256,
2026-07-17,NSE,HCLTECH,raw_l2/trade_date=2026-07-17/exchange=NSE/symbol=HCLTECH/part-044643_942418-008491.parquet,real_data_sample\l2_unseen_validation\trade_date=2026-07-17\exchange=NSE\symbol=HCLTECH\part-044643_942418-008491.parquet,36000,downloaded,36000,
2026-07-17,NSE,HCLTECH,raw_l2/trade_date=2026-07-17/exchange=NSE/symbol=HCLTECH/part-044711_624564-008555.parquet,real_data_sample\l2_unseen_validation\trade_date=2026-07-17\exchange=NSE\symbol=HCLTECH\part-044711_624564-008555.parquet,36244,downloaded,36244,
2026-07-17,NSE,HCLTECH,raw_l2/trade_date=2026-07-17/exchange=NSE/symbol=HCLTECH/part-044630_105104-008459.parquet,real_data_sample\l2_unseen_validation\trade_date=2026-07-17\exchange=NSE\symbol=HCLTECH\part-044630_105104-008459.parquet,35929,downloaded,35929,
2026-07-17,NSE,HCLTECH,raw_l2/trade_date=2026-07-17/exchange=NSE/symbol=HCLTECH/part-044916_124132-008843.parquet,real_data_sample\l2_unseen_validation\trade_date=2026-07-17\exchange=NSE\symbol=HCLTECH\part-044916_124132-008843.parquet,35350,downloaded,35350,
2026-07-17,NSE,HCLTECH,raw_l2/trade_date=2026-07-17/exchange=NSE/symbol=HCLTECH/part-044902_384464-008811.parquet,real_data_sample\l2_unseen_validation\trade_date=2026-07-17\exchange=NSE\symbol=HCLTECH\part-044902_384464-008811.parquet,35523,downloaded,35523,
2026-07-17,NSE,HCLTECH,raw_l2/trade_date=2026-07-17/exchange=NSE/symbol=HCLTECH/part-044943_593107-008907.parquet,real_data_sample\l2_unseen_validation\trade_date=2026-07-17\exchange=NSE\symbol=HCLTECH\part-044943_593107-008907.parquet,34631,downloaded,34631,
2026-07-17,NSE,HCLTECH,raw_l2/trade_date=2026-07-17/exchange=NSE/symbol=HCLTECH/part-044848_592121-008779.parquet,real_data_sample\l2_unseen_validation\trade_date=2026-07-17\exchange=NSE\symbol=HCLTECH\part-044848_592121-008779.parquet,35748,downloaded,35748,
2026-07-17,NSE,HCLTECH,raw_l2/trade_date=2026-07-17/exchange=NSE/symbol=HCLTECH/part-044929_873140-008875.parquet,real_data_sample\l2_unseen_validation\trade_date=2026-07-17\exchange=NSE\symbol=HCLTECH\part-044929_873140-008875.parquet,34670,downloaded,34670,
2026-07-17,NSE,HCLTECH,raw_l2/trade_date=2026-07-17/exchange=NSE/symbol=HCLTECH/part-044807_109664-008683.parquet,real_data_sample\l2_unseen_validation\trade_date=2026-07-17\exchange=NSE\symbol=HCLTECH\part-044807_109664-008683.parquet,35967,downloaded,35967,
2026-07-17,NSE,HCLTECH,raw_l2/trade_date=2026-07-17/exchange=NSE/symbol=HCLTECH/part-044834_910786-008747.parquet,real_data_sample\l2_unseen_validation\trade_date=2026-07-17\exchange=NSE\symbol=HCLTECH\part-044834_910786-008747.parquet,35727,downloaded,35727,
2026-07-17,NSE,HCLTECH,raw_l2/trade_date=2026-07-17/exchange=NSE/symbol=HCLTECH/part-044820_897765-008715.parquet,real_data_sample\l2_unseen_validation\trade_date=2026-07-17\exchange=NSE\symbol=HCLTECH\part-044820_897765-008715.parquet,36134,downloaded,36134,
2026-07-17,NSE,HCLTECH,raw_l2/trade_date=2026-07-17/exchange=NSE/symbol=HCLTECH/part-044753_329320-008651.parquet,real_data_sample\l2_unseen_validation\trade_date=2026-07-17\exchange=NSE\symbol=HCLTECH\part-044753_329320-008651.parquet,36438,downloaded,36438,
2026-07-17,NSE,HCLTECH,raw_l2/trade_date=2026-07-17/exchange=NSE/symbol=HCLTECH/part-044957_352274-008939.parquet,real_data_sample\l2_unseen_validation\trade_date=2026-07-17\exchange=NSE\symbol=HCLTECH\part-044957_352274-008939.parquet,34629,downloaded,34629,
2026-07-17,NSE,HCLTECH,raw_l2/trade_date=2026-07-17/exchange=NSE/symbol=HCLTECH/part-045024_804103-009003.parquet,real_data_sample\l2_unseen_validation\trade_date=2026-07-17\exchange=NSE\symbol=HCLTECH\part-045024_804103-009003.parquet,34442,downloaded,34442,
2026-07-17,NSE,HCLTECH,raw_l2/trade_date=2026-07-17/exchange=NSE/symbol=HCLTECH/part-045011_071299-008971.parquet,real_data_sample\l2_unseen_validation\trade_date=2026-07-17\exchange=NSE\symbol=HCLTECH\part-045011_071299-008971.parquet,34718,downloaded,34718,
2026-07-17,NSE,HCLTECH,raw_l2/trade_date=2026-07-17/exchange=NSE/symbol=HCLTECH/part-045257_392311-009355.parquet,real_data_sample\l2_unseen_validation\trade_date=2026-07-17\exchange=NSE\symbol=HCLTECH\part-045257_392311-009355.parquet,35878,downloaded,35878,
2026-07-17,NSE,HCLTECH,raw_l2/trade_date=2026-07-17/exchange=NSE/symbol=HCLTECH/part-045311_386061-009387.parquet,real_data_sample\l2_unseen_validation\trade_date=2026-07-17\exchange=NSE\symbol=HCLTECH\part-045311_386061-009387.parquet,35943,downloaded,35943,
2026-07-17,NSE,HCLTECH,raw_l2/trade_date=2026-07-17/exchange=NSE/symbol=HCLTECH/part-045038_339362-009035.parquet,real_data_sample\l2_unseen_validation\trade_date=2026-07-17\exchange=NSE\symbol=HCLTECH\part-045038_339362-009035.parquet,34692,downloaded,34692,
2026-07-17,NSE,HCLTECH,raw_l2/trade_date=2026-07-17/exchange=NSE/symbol=HCLTECH/part-045243_361713-009323.parquet,real_data_sample\l2_unseen_validation\trade_date=2026-07-17\exchange=NSE\symbol=HCLTECH\part-045243_361713-009323.parquet,35307,downloaded,35307,
2026-07-17,NSE,HCLTECH,raw_l2/trade_date=2026-07-17/exchange=NSE/symbol=HCLTECH/part-045215_815305-009259.parquet,real_data_sample\l2_unseen_validation\trade_date=2026-07-17\exchange=NSE\symbol=HCLTECH\part-045215_815305-009259.parquet,35527,downloaded,35527,
2026-07-17,NSE,HCLTECH,raw_l2/trade_date=2026-07-17/exchange=NSE/symbol=HCLTECH/part-045229_667528-009291.parquet,real_data_sample\l2_unseen_validation\trade_date=2026-07-17\exchange=NSE\symbol=HCLTECH\part-045229_667528-009291.parquet,35859,downloaded,35859,
2026-07-17,NSE,HCLTECH,raw_l2/trade_date=2026-07-17/exchange=NSE/symbol=HCLTECH/part-045201_948957-009227.parquet,real_data_sample\l2_unseen_validation\trade_date=2026-07-17\exchange=NSE\symbol=HCLTECH\part-045201_948957-009227.parquet,34726,downloaded,34726,
2026-07-17,NSE,HCLTECH,raw_l2/trade_date=2026-07-17/exchange=NSE/symbol=HCLTECH/part-044739_301043-008619.parquet,real_data_sample\l2_unseen_validation\trade_date=2026-07-17\exchange=NSE\symbol=HCLTECH\part-044739_301043-008619.parquet,36078,downloaded,36078,
2026-07-17,NSE,HCLTECH,raw_l2/trade_date=2026-07-17/exchange=NSE/symbol=HCLTECH/part-045325_407780-009419.parquet,real_data_sample\l2_unseen_validation\trade_date=2026-07-17\exchange=NSE\symbol=HCLTECH\part-045325_407780-009419.parquet,34823,downloaded,34823,
2026-07-17,NSE,HCLTECH,raw_l2/trade_date=2026-07-17/exchange=NSE/symbol=HCLTECH/part-045339_133536-009451.parquet,real_data_sample\l2_unseen_validation\trade_date=2026-07-17\exchange=NSE\symbol=HCLTECH\part-045339_133536-009451.parquet,34744,downloaded,34744,
2026-07-17,NSE,HCLTECH,raw_l2/trade_date=2026-07-17/exchange=NSE/symbol=HCLTECH/part-045106_034523-009099.parquet,real_data_sample\l2_unseen_validation\trade_date=2026-07-17\exchange=NSE\symbol=HCLTECH\part-045106_034523-009099.parquet,34616,downloaded,34616,
2026-07-17,NSE,HCLTECH,raw_l2/trade_date=2026-07-17/exchange=NSE/symbol=HCLTECH/part-045503_236491-009643.parquet,real_data_sample\l2_unseen_validation\trade_date=2026-07-17\exchange=NSE\symbol=HCLTECH\part-045503_236491-009643.parquet,35706,downloaded,35706,
2026-07-17,NSE,HCLTECH,raw_l2/trade_date=2026-07-17/exchange=NSE/symbol=HCLTECH/part-045133_993757-009163.parquet,real_data_sample\l2_unseen_validation\trade_date=2026-07-17\exchange=NSE\symbol=HCLTECH\part-045133_993757-009163.parquet,34727,downloaded,34727,
2026-07-17,NSE,HCLTECH,raw_l2/trade_date=2026-07-17/exchange=NSE/symbol=HCLTECH/part-045052_073764-009067.parquet,real_data_sample\l2_unseen_validation\trade_date=2026-07-17\exchange=NSE\symbol=HCLTECH\part-045052_073764-009067.parquet,34666,downloaded,34666,
2026-07-17,NSE,HCLTECH,raw_l2/trade_date=2026-07-17/exchange=NSE/symbol=HCLTECH/part-045119_936712-009131.parquet,real_data_sample\l2_unseen_validation\trade_date=2026-07-17\exchange=NSE\symbol=HCLTECH\part-045119_936712-009131.parquet,34753,downloaded,34753,
2026-07-17,NSE,HCLTECH,raw_l2/trade_date=2026-07-17/exchange=NSE/symbol=HCLTECH/part-045147_844564-009195.parquet,real_data_sample\l2_unseen_validation\trade_date=2026-07-17\exchange=NSE\symbol=HCLTECH\part-045147_844564-009195.parquet,34710,downloaded,34710,
2026-07-17,NSE,HCLTECH,raw_l2/trade_date=2026-07-17/exchange=NSE/symbol=HCLTECH/part-045531_382204-009707.parquet,real_data_sample\l2_unseen_validation\trade_date=2026-07-17\exchange=NSE\symbol=HCLTECH\part-045531_382204-009707.parquet,34649,downloaded,34649,
2026-07-17,NSE,HCLTECH,raw_l2/trade_date=2026-07-17/exchange=NSE/symbol=HCLTECH/part-045517_484965-009675.parquet,real_data_sample\l2_unseen_validation\trade_date=2026-07-17\exchange=NSE\symbol=HCLTECH\part-045517_484965-009675.parquet,35481,downloaded,35481,
2026-07-17,NSE,HCLTECH,raw_l2/trade_date=2026-07-17/exchange=NSE/symbol=HCLTECH/part-045545_412142-009739.parquet,real_data_sample\l2_unseen_validation\trade_date=2026-07-17\exchange=NSE\symbol=HCLTECH\part-045545_412142-009739.parquet,34522,downloaded,34522,
2026-07-17,NSE,HCLTECH,raw_l2/trade_date=2026-07-17/exchange=NSE/symbol=HCLTECH/part-045407_198750-009515.parquet,real_data_sample\l2_unseen_validation\trade_date=2026-07-17\exchange=NSE\symbol=HCLTECH\part-045407_198750-009515.parquet,34833,downloaded,34833,
2026-07-17,NSE,HCLTECH,raw_l2/trade_date=2026-07-17/exchange=NSE/symbol=HCLTECH/part-045353_205752-009483.parquet,real_data_sample\l2_unseen_validation\trade_date=2026-07-17\exchange=NSE\symbol=HCLTECH\part-045353_205752-009483.parquet,34753,downloaded,34753,
2026-07-17,NSE,HCLTECH,raw_l2/trade_date=2026-07-17/exchange=NSE/symbol=HCLTECH/part-045710_204907-009931.parquet,real_data_sample\l2_unseen_validation\trade_date=2026-07-17\exchange=NSE\symbol=HCLTECH\part-045710_204907-009931.parquet,34854,downloaded,34854,
2026-07-17,NSE,HCLTECH,raw_l2/trade_date=2026-07-17/exchange=NSE/symbol=HCLTECH/part-045656_147434-009899.parquet,real_data_sample\l2_unseen_validation\trade_date=2026-07-17\exchange=NSE\symbol=HCLTECH\part-045656_147434-009899.parquet,34773,downloaded,34773,
2026-07-17,NSE,HCLTECH,raw_l2/trade_date=2026-07-17/exchange=NSE/symbol=HCLTECH/part-045613_429399-009803.parquet,real_data_sample\l2_unseen_validation\trade_date=2026-07-17\exchange=NSE\symbol=HCLTECH\part-045613_429399-009803.parquet,34710,downloaded,34710,
2026-07-17,NSE,HCLTECH,raw_l2/trade_date=2026-07-17/exchange=NSE/symbol=HCLTECH/part-045724_466823-009963.parquet,real_data_sample\l2_unseen_validation\trade_date=2026-07-17\exchange=NSE\symbol=HCLTECH\part-045724_466823-009963.parquet,34448,downloaded,34448,
2026-07-17,NSE,HCLTECH,raw_l2/trade_date=2026-07-17/exchange=NSE/symbol=HCLTECH/part-045641_692051-009867.parquet,real_data_sample\l2_unseen_validation\trade_date=2026-07-17\exchange=NSE\symbol=HCLTECH\part-045641_692051-009867.parquet,34706,downloaded,34706,
2026-07-17,NSE,HCLTECH,raw_l2/trade_date=2026-07-17/exchange=NSE/symbol=HCLTECH/part-045627_532137-009835.parquet,real_data_sample\l2_unseen_validation\trade_date=2026-07-17\exchange=NSE\symbol=HCLTECH\part-045627_532137-009835.parquet,34813,downloaded,34813,
2026-07-17,NSE,HCLTECH,raw_l2/trade_date=2026-07-17/exchange=NSE/symbol=HCLTECH/part-045421_206762-009547.parquet,real_data_sample\l2_unseen_validation\trade_date=2026-07-17\exchange=NSE\symbol=HCLTECH\part-045421_206762-009547.parquet,35730,downloaded,35730,
2026-07-17,NSE,HCLTECH,raw_l2/trade_date=2026-07-17/exchange=NSE/symbol=HCLTECH/part-045449_199758-009611.parquet,real_data_sample\l2_unseen_validation\trade_date=2026-07-17\exchange=NSE\symbol=HCLTECH\part-045449_199758-009611.parquet,36096,downloaded,36096,
2026-07-17,NSE,HCLTECH,raw_l2/trade_date=2026-07-17/exchange=NSE/symbol=HCLTECH/part-045435_160488-009579.parquet,real_data_sample\l2_unseen_validation\trade_date=2026-07-17\exchange=NSE\symbol=HCLTECH\part-045435_160488-009579.parquet,35859,downloaded,35859,
2026-07-17,NSE,HCLTECH,raw_l2/trade_date=2026-07-17/exchange=NSE/symbol=HCLTECH/part-045559_392408-009771.parquet,real_data_sample\l2_unseen_validation\trade_date=2026-07-17\exchange=NSE\symbol=HCLTECH\part-045559_392408-009771.parquet,34864,downloaded,34864,
2026-07-17,NSE,HCLTECH,raw_l2/trade_date=2026-07-17/exchange=NSE/symbol=HCLTECH/part-045806_714978-010059.parquet,real_data_sample\l2_unseen_validation\trade_date=2026-07-17\exchange=NSE\symbol=HCLTECH\part-045806_714978-010059.parquet,34653,downloaded,34653,
2026-07-17,NSE,HCLTECH,raw_l2/trade_date=2026-07-17/exchange=NSE/symbol=HCLTECH/part-045738_451752-009995.parquet,real_data_sample\l2_unseen_validation\trade_date=2026-07-17\exchange=NSE\symbol=HCLTECH\part-045738_451752-009995.parquet,34920,downloaded,34920,
2026-07-17,NSE,HCLTECH,raw_l2/trade_date=2026-07-17/exchange=NSE/symbol=HCLTECH/part-045752_662822-010027.parquet,real_data_sample\l2_unseen_validation\trade_date=2026-07-17\exchange=NSE\symbol=HCLTECH\part-045752_662822-010027.parquet,34864,downloaded,34864,
2026-07-17,NSE,HCLTECH,raw_l2/trade_date=2026-07-17/exchange=NSE/symbol=HCLTECH/part-045903_104598-010187.parquet,real_data_sample\l2_unseen_validation\trade_date=2026-07-17\exchange=NSE\symbol=HCLTECH\part-045903_104598-010187.parquet,34751,downloaded,34751,
2026-07-17,NSE,HCLTECH,raw_l2/trade_date=2026-07-17/exchange=NSE/symbol=HCLTECH/part-045834_962484-010123.parquet,real_data_sample\l2_unseen_validation\trade_date=2026-07-17\exchange=NSE\symbol=HCLTECH\part-045834_962484-010123.parquet,34729,downloaded,34729,
2026-07-17,NSE,HCLTECH,raw_l2/trade_date=2026-07-17/exchange=NSE/symbol=HCLTECH/part-045849_219778-010155.parquet,real_data_sample\l2_unseen_validation\trade_date=2026-07-17\exchange=NSE\symbol=HCLTECH\part-045849_219778-010155.parquet,34770,downloaded,34770,
2026-07-17,NSE,HCLTECH,raw_l2/trade_date=2026-07-17/exchange=NSE/symbol=HCLTECH/part-045820_859836-010091.parquet,real_data_sample\l2_unseen_validation\trade_date=2026-07-17\exchange=NSE\symbol=HCLTECH\part-045820_859836-010091.parquet,34905,downloaded,34905,
2026-07-17,NSE,HCLTECH,raw_l2/trade_date=2026-07-17/exchange=NSE/symbol=HCLTECH/part-050055_176658-010443.parquet,real_data_sample\l2_unseen_validation\trade_date=2026-07-17\exchange=NSE\symbol=HCLTECH\part-050055_176658-010443.parquet,35970,downloaded,35970,
2026-07-17,NSE,HCLTECH,raw_l2/trade_date=2026-07-17/exchange=NSE/symbol=HCLTECH/part-050041_244821-010411.parquet,real_data_sample\l2_unseen_validation\trade_date=2026-07-17\exchange=NSE\symbol=HCLTECH\part-050041_244821-010411.parquet,36120,downloaded,36120,
2026-07-17,NSE,HCLTECH,raw_l2/trade_date=2026-07-17/exchange=NSE/symbol=HCLTECH/part-045959_449471-010315.parquet,real_data_sample\l2_unseen_validation\trade_date=2026-07-17\exchange=NSE\symbol=HCLTECH\part-045959_449471-010315.parquet,34814,downloaded,34814,
2026-07-17,NSE,HCLTECH,raw_l2/trade_date=2026-07-17/exchange=NSE/symbol=HCLTECH/part-050123_082543-010507.parquet,real_data_sample\l2_unseen_validation\trade_date=2026-07-17\exchange=NSE\symbol=HCLTECH\part-050123_082543-010507.parquet,35932,downloaded,35932,
2026-07-17,NSE,HCLTECH,raw_l2/trade_date=2026-07-17/exchange=NSE/symbol=HCLTECH/part-050027_379168-010379.parquet,real_data_sample\l2_unseen_validation\trade_date=2026-07-17\exchange=NSE\symbol=HCLTECH\part-050027_379168-010379.parquet,36601,downloaded,36601,
2026-07-17,NSE,HCLTECH,raw_l2/trade_date=2026-07-17/exchange=NSE/symbol=HCLTECH/part-050136_919121-010539.parquet,real_data_sample\l2_unseen_validation\trade_date=2026-07-17\exchange=NSE\symbol=HCLTECH\part-050136_919121-010539.parquet,35401,downloaded,35401,
2026-07-17,NSE,HCLTECH,raw_l2/trade_date=2026-07-17/exchange=NSE/symbol=HCLTECH/part-050219_561475-010635.parquet,real_data_sample\l2_unseen_validation\trade_date=2026-07-17\exchange=NSE\symbol=HCLTECH\part-050219_561475-010635.parquet,35165,downloaded,35165,
2026-07-17,NSE,HCLTECH,raw_l2/trade_date=2026-07-17/exchange=NSE/symbol=HCLTECH/part-050109_177777-010475.parquet,real_data_sample\l2_unseen_validation\trade_date=2026-07-17\exchange=NSE\symbol=HCLTECH\part-050109_177777-010475.parquet,35851,downloaded,35851,
2026-07-17,NSE,HCLTECH,raw_l2/trade_date=2026-07-17/exchange=NSE/symbol=HCLTECH/part-050233_654509-010667.parquet,real_data_sample\l2_unseen_validation\trade_date=2026-07-17\exchange=NSE\symbol=HCLTECH\part-050233_654509-010667.parquet,34729,downloaded,34729,
2026-07-17,NSE,HCLTECH,raw_l2/trade_date=2026-07-17/exchange=NSE/symbol=HCLTECH/part-050150_952136-010571.parquet,real_data_sample\l2_unseen_validation\trade_date=2026-07-17\exchange=NSE\symbol=HCLTECH\part-050150_952136-010571.parquet,36109,downloaded,36109,
2026-07-17,NSE,HCLTECH,raw_l2/trade_date=2026-07-17/exchange=NSE/symbol=HCLTECH/part-045916_869632-010219.parquet,real_data_sample\l2_unseen_validation\trade_date=2026-07-17\exchange=NSE\symbol=HCLTECH\part-045916_869632-010219.parquet,34819,downloaded,34819,
2026-07-17,NSE,HCLTECH,raw_l2/trade_date=2026-07-17/exchange=NSE/symbol=HCLTECH/part-045945_204684-010283.parquet,real_data_sample\l2_unseen_validation\trade_date=2026-07-17\exchange=NSE\symbol=HCLTECH\part-045945_204684-010283.parquet,34680,downloaded,34680,
2026-07-17,NSE,HCLTECH,raw_l2/trade_date=2026-07-17/exchange=NSE/symbol=HCLTECH/part-050302_207027-010731.parquet,real_data_sample\l2_unseen_validation\trade_date=2026-07-17\exchange=NSE\symbol=HCLTECH\part-050302_207027-010731.parquet,34667,downloaded,34667,
2026-07-17,NSE,HCLTECH,raw_l2/trade_date=2026-07-17/exchange=NSE/symbol=HCLTECH/part-050248_144595-010699.parquet,real_data_sample\l2_unseen_validation\trade_date=2026-07-17\exchange=NSE\symbol=HCLTECH\part-050248_144595-010699.parquet,35002,downloaded,35002,
2026-07-17,NSE,HCLTECH,raw_l2/trade_date=2026-07-17/exchange=NSE/symbol=HCLTECH/part-050330_736985-010795.parquet,real_data_sample\l2_unseen_validation\trade_date=2026-07-17\exchange=NSE\symbol=HCLTECH\part-050330_736985-010795.parquet,34714,downloaded,34714,
2026-07-17,NSE,HCLTECH,raw_l2/trade_date=2026-07-17/exchange=NSE/symbol=HCLTECH/part-050205_422339-010603.parquet,real_data_sample\l2_unseen_validation\trade_date=2026-07-17\exchange=NSE\symbol=HCLTECH\part-050205_422339-010603.parquet,36083,downloaded,36083,
2026-07-17,NSE,HCLTECH,raw_l2/trade_date=2026-07-17/exchange=NSE/symbol=HCLTECH/part-050344_674349-010827.parquet,real_data_sample\l2_unseen_validation\trade_date=2026-07-17\exchange=NSE\symbol=HCLTECH\part-050344_674349-010827.parquet,34616,downloaded,34616,
2026-07-17,NSE,HCLTECH,raw_l2/trade_date=2026-07-17/exchange=NSE/symbol=HCLTECH/part-050316_657130-010763.parquet,real_data_sample\l2_unseen_validation\trade_date=2026-07-17\exchange=NSE\symbol=HCLTECH\part-050316_657130-010763.parquet,34768,downloaded,34768,
2026-07-17,NSE,HCLTECH,raw_l2/trade_date=2026-07-17/exchange=NSE/symbol=HCLTECH/part-050358_764494-010859.parquet,real_data_sample\l2_unseen_validation\trade_date=2026-07-17\exchange=NSE\symbol=HCLTECH\part-050358_764494-010859.parquet,34698,downloaded,34698,
2026-07-17,NSE,HCLTECH,raw_l2/trade_date=2026-07-17/exchange=NSE/symbol=HCLTECH/part-050413_000137-010891.parquet,real_data_sample\l2_unseen_validation\trade_date=2026-07-17\exchange=NSE\symbol=HCLTECH\part-050413_000137-010891.parquet,34618,downloaded,34618,
2026-07-17,NSE,HCLTECH,raw_l2/trade_date=2026-07-17/exchange=NSE/symbol=HCLTECH/part-050523_007283-011051.parquet,real_data_sample\l2_unseen_validation\trade_date=2026-07-17\exchange=NSE\symbol=HCLTECH\part-050523_007283-011051.parquet,34793,downloaded,34793,
2026-07-17,NSE,HCLTECH,raw_l2/trade_date=2026-07-17/exchange=NSE/symbol=HCLTECH/part-050441_115102-010955.parquet,real_data_sample\l2_unseen_validation\trade_date=2026-07-17\exchange=NSE\symbol=HCLTECH\part-050441_115102-010955.parquet,34758,downloaded,34758,
2026-07-17,NSE,HCLTECH,raw_l2/trade_date=2026-07-17/exchange=NSE/symbol=HCLTECH/part-050454_916598-010987.parquet,real_data_sample\l2_unseen_validation\trade_date=2026-07-17\exchange=NSE\symbol=HCLTECH\part-050454_916598-010987.parquet,35042,downloaded,35042,
2026-07-17,NSE,HCLTECH,raw_l2/trade_date=2026-07-17/exchange=NSE/symbol=HCLTECH/part-050536_851064-011083.parquet,real_data_sample\l2_unseen_validation\trade_date=2026-07-17\exchange=NSE\symbol=HCLTECH\part-050536_851064-011083.parquet,34415,downloaded,34415,
2026-07-17,NSE,HCLTECH,raw_l2/trade_date=2026-07-17/exchange=NSE/symbol=HCLTECH/part-050508_949667-011019.parquet,real_data_sample\l2_unseen_validation\trade_date=2026-07-17\exchange=NSE\symbol=HCLTECH\part-050508_949667-011019.parquet,34615,downloaded,34615,
2026-07-17,NSE,HCLTECH,raw_l2/trade_date=2026-07-17/exchange=NSE/symbol=HCLTECH/part-050550_844522-011115.parquet,real_data_sample\l2_unseen_validation\trade_date=2026-07-17\exchange=NSE\symbol=HCLTECH\part-050550_844522-011115.parquet,34676,downloaded,34676,
2026-07-17,NSE,HCLTECH,raw_l2/trade_date=2026-07-17/exchange=NSE/symbol=HCLTECH/part-050619_003828-011179.parquet,real_data_sample\l2_unseen_validation\trade_date=2026-07-17\exchange=NSE\symbol=HCLTECH\part-050619_003828-011179.parquet,34693,downloaded,34693,
2026-07-17,NSE,HCLTECH,raw_l2/trade_date=2026-07-17/exchange=NSE/symbol=HCLTECH/part-045931_036011-010251.parquet,real_data_sample\l2_unseen_validation\trade_date=2026-07-17\exchange=NSE\symbol=HCLTECH\part-045931_036011-010251.parquet,34723,downloaded,34723,
2026-07-17,NSE,HCLTECH,raw_l2/trade_date=2026-07-17/exchange=NSE/symbol=HCLTECH/part-050604_617148-011147.parquet,real_data_sample\l2_unseen_validation\trade_date=2026-07-17\exchange=NSE\symbol=HCLTECH\part-050604_617148-011147.parquet,34710,downloaded,34710,
2026-07-17,NSE,HCLTECH,raw_l2/trade_date=2026-07-17/exchange=NSE/symbol=HCLTECH/part-050427_119800-010923.parquet,real_data_sample\l2_unseen_validation\trade_date=2026-07-17\exchange=NSE\symbol=HCLTECH\part-050427_119800-010923.parquet,34731,downloaded,34731,
2026-07-17,NSE,HCLTECH,raw_l2/trade_date=2026-07-17/exchange=NSE/symbol=HCLTECH/part-050633_775085-011211.parquet,real_data_sample\l2_unseen_validation\trade_date=2026-07-17\exchange=NSE\symbol=HCLTECH\part-050633_775085-011211.parquet,34814,downloaded,34814,
2026-07-17,NSE,HCLTECH,raw_l2/trade_date=2026-07-17/exchange=NSE/symbol=HCLTECH/part-050758_058977-011403.parquet,real_data_sample\l2_unseen_validation\trade_date=2026-07-17\exchange=NSE\symbol=HCLTECH\part-050758_058977-011403.parquet,34809,downloaded,34809,
2026-07-17,NSE,HCLTECH,raw_l2/trade_date=2026-07-17/exchange=NSE/symbol=HCLTECH/part-050648_407519-011243.parquet,real_data_sample\l2_unseen_validation\trade_date=2026-07-17\exchange=NSE\symbol=HCLTECH\part-050648_407519-011243.parquet,34616,downloaded,34616,
2026-07-17,NSE,HCLTECH,raw_l2/trade_date=2026-07-17/exchange=NSE/symbol=HCLTECH/part-050812_113518-011435.parquet,real_data_sample\l2_unseen_validation\trade_date=2026-07-17\exchange=NSE\symbol=HCLTECH\part-050812_113518-011435.parquet,34724,downloaded,34724,
2026-07-17,NSE,HCLTECH,raw_l2/trade_date=2026-07-17/exchange=NSE/symbol=HCLTECH/part-050702_442827-011275.parquet,real_data_sample\l2_unseen_validation\trade_date=2026-07-17\exchange=NSE\symbol=HCLTECH\part-050702_442827-011275.parquet,34855,downloaded,34855,
2026-07-17,NSE,HCLTECH,raw_l2/trade_date=2026-07-17/exchange=NSE/symbol=HCLTECH/part-050839_645746-011499.parquet,real_data_sample\l2_unseen_validation\trade_date=2026-07-17\exchange=NSE\symbol=HCLTECH\part-050839_645746-011499.parquet,34736,downloaded,34736,
2026-07-17,NSE,HCLTECH,raw_l2/trade_date=2026-07-17/exchange=NSE/symbol=HCLTECH/part-050935_103056-011627.parquet,real_data_sample\l2_unseen_validation\trade_date=2026-07-17\exchange=NSE\symbol=HCLTECH\part-050935_103056-011627.parquet,34731,downloaded,34731,
2026-07-17,NSE,HCLTECH,raw_l2/trade_date=2026-07-17/exchange=NSE/symbol=HCLTECH/part-051002_734193-011691.parquet,real_data_sample\l2_unseen_validation\trade_date=2026-07-17\exchange=NSE\symbol=HCLTECH\part-051002_734193-011691.parquet,34791,downloaded,34791,
2026-07-17,NSE,HCLTECH,raw_l2/trade_date=2026-07-17/exchange=NSE/symbol=HCLTECH/part-050907_412488-011563.parquet,real_data_sample\l2_unseen_validation\trade_date=2026-07-17\exchange=NSE\symbol=HCLTECH\part-050907_412488-011563.parquet,34636,downloaded,34636,
2026-07-17,NSE,HCLTECH,raw_l2/trade_date=2026-07-17/exchange=NSE/symbol=HCLTECH/part-050948_824129-011659.parquet,real_data_sample\l2_unseen_validation\trade_date=2026-07-17\exchange=NSE\symbol=HCLTECH\part-050948_824129-011659.parquet,34844,downloaded,34844,
2026-07-17,NSE,HCLTECH,raw_l2/trade_date=2026-07-17/exchange=NSE/symbol=HCLTECH/part-050825_847663-011467.parquet,real_data_sample\l2_unseen_validation\trade_date=2026-07-17\exchange=NSE\symbol=HCLTECH\part-050825_847663-011467.parquet,34610,downloaded,34610,
2026-07-17,NSE,HCLTECH,raw_l2/trade_date=2026-07-17/exchange=NSE/symbol=HCLTECH/part-050853_304486-011531.parquet,real_data_sample\l2_unseen_validation\trade_date=2026-07-17\exchange=NSE\symbol=HCLTECH\part-050853_304486-011531.parquet,34519,downloaded,34519,
2026-07-17,NSE,HCLTECH,raw_l2/trade_date=2026-07-17/exchange=NSE/symbol=HCLTECH/part-051044_113520-011787.parquet,real_data_sample\l2_unseen_validation\trade_date=2026-07-17\exchange=NSE\symbol=HCLTECH\part-051044_113520-011787.parquet,34751,downloaded,34751,
2026-07-17,NSE,HCLTECH,raw_l2/trade_date=2026-07-17/exchange=NSE/symbol=HCLTECH/part-051030_379256-011755.parquet,real_data_sample\l2_unseen_validation\trade_date=2026-07-17\exchange=NSE\symbol=HCLTECH\part-051030_379256-011755.parquet,35016,downloaded,35016,
2026-07-17,NSE,HCLTECH,raw_l2/trade_date=2026-07-17/exchange=NSE/symbol=HCLTECH/part-050921_062422-011595.parquet,real_data_sample\l2_unseen_validation\trade_date=2026-07-17\exchange=NSE\symbol=HCLTECH\part-050921_062422-011595.parquet,34672,downloaded,34672,
2026-07-17,NSE,HCLTECH,raw_l2/trade_date=2026-07-17/exchange=NSE/symbol=HCLTECH/part-051057_885210-011819.parquet,real_data_sample\l2_unseen_validation\trade_date=2026-07-17\exchange=NSE\symbol=HCLTECH\part-051057_885210-011819.parquet,34656,downloaded,34656,
2026-07-17,NSE,HCLTECH,raw_l2/trade_date=2026-07-17/exchange=NSE/symbol=HCLTECH/part-051016_593935-011723.parquet,real_data_sample\l2_unseen_validation\trade_date=2026-07-17\exchange=NSE\symbol=HCLTECH\part-051016_593935-011723.parquet,34612,downloaded,34612,
2026-07-17,NSE,HCLTECH,raw_l2/trade_date=2026-07-17/exchange=NSE/symbol=HCLTECH/part-050744_329138-011371.parquet,real_data_sample\l2_unseen_validation\trade_date=2026-07-17\exchange=NSE\symbol=HCLTECH\part-050744_329138-011371.parquet,34742,downloaded,34742,
2026-07-17,NSE,HCLTECH,raw_l2/trade_date=2026-07-17/exchange=NSE/symbol=HCLTECH/part-050716_547738-011307.parquet,real_data_sample\l2_unseen_validation\trade_date=2026-07-17\exchange=NSE\symbol=HCLTECH\part-050716_547738-011307.parquet,34915,downloaded,34915,
2026-07-17,NSE,HCLTECH,raw_l2/trade_date=2026-07-17/exchange=NSE/symbol=HCLTECH/part-050730_606589-011339.parquet,real_data_sample\l2_unseen_validation\trade_date=2026-07-17\exchange=NSE\symbol=HCLTECH\part-050730_606589-011339.parquet,34790,downloaded,34790,
2026-07-17,NSE,HCLTECH,raw_l2/trade_date=2026-07-17/exchange=NSE/symbol=HCLTECH/part-051318_218238-012139.parquet,real_data_sample\l2_unseen_validation\trade_date=2026-07-17\exchange=NSE\symbol=HCLTECH\part-051318_218238-012139.parquet,34654,downloaded,34654,
2026-07-17,NSE,HCLTECH,raw_l2/trade_date=2026-07-17/exchange=NSE/symbol=HCLTECH/part-051125_676981-011883.parquet,real_data_sample\l2_unseen_validation\trade_date=2026-07-17\exchange=NSE\symbol=HCLTECH\part-051125_676981-011883.parquet,34715,downloaded,34715,
2026-07-17,NSE,HCLTECH,raw_l2/trade_date=2026-07-17/exchange=NSE/symbol=HCLTECH/part-051249_654657-012075.parquet,real_data_sample\l2_unseen_validation\trade_date=2026-07-17\exchange=NSE\symbol=HCLTECH\part-051249_654657-012075.parquet,34760,downloaded,34760,
2026-07-17,NSE,HCLTECH,raw_l2/trade_date=2026-07-17/exchange=NSE/symbol=HCLTECH/part-051347_290594-012203.parquet,real_data_sample\l2_unseen_validation\trade_date=2026-07-17\exchange=NSE\symbol=HCLTECH\part-051347_290594-012203.parquet,34874,downloaded,34874,
2026-07-17,NSE,HCLTECH,raw_l2/trade_date=2026-07-17/exchange=NSE/symbol=HCLTECH/part-051153_884908-011947.parquet,real_data_sample\l2_unseen_validation\trade_date=2026-07-17\exchange=NSE\symbol=HCLTECH\part-051153_884908-011947.parquet,34764,downloaded,34764,
2026-07-17,NSE,HCLTECH,raw_l2/trade_date=2026-07-17/exchange=NSE/symbol=HCLTECH/part-051431_888840-012299.parquet,real_data_sample\l2_unseen_validation\trade_date=2026-07-17\exchange=NSE\symbol=HCLTECH\part-051431_888840-012299.parquet,34875,downloaded,34875,
2026-07-17,NSE,HCLTECH,raw_l2/trade_date=2026-07-17/exchange=NSE/symbol=HCLTECH/part-051111_875201-011851.parquet,real_data_sample\l2_unseen_validation\trade_date=2026-07-17\exchange=NSE\symbol=HCLTECH\part-051111_875201-011851.parquet,34655,downloaded,34655,
2026-07-17,NSE,HCLTECH,raw_l2/trade_date=2026-07-17/exchange=NSE/symbol=HCLTECH/part-051332_316720-012171.parquet,real_data_sample\l2_unseen_validation\trade_date=2026-07-17\exchange=NSE\symbol=HCLTECH\part-051332_316720-012171.parquet,34669,downloaded,34669,
2026-07-17,NSE,HCLTECH,raw_l2/trade_date=2026-07-17/exchange=NSE/symbol=HCLTECH/part-051140_049220-011915.parquet,real_data_sample\l2_unseen_validation\trade_date=2026-07-17\exchange=NSE\symbol=HCLTECH\part-051140_049220-011915.parquet,34641,downloaded,34641,
2026-07-17,NSE,HCLTECH,raw_l2/trade_date=2026-07-17/exchange=NSE/symbol=HCLTECH/part-051416_937163-012267.parquet,real_data_sample\l2_unseen_validation\trade_date=2026-07-17\exchange=NSE\symbol=HCLTECH\part-051416_937163-012267.parquet,34835,downloaded,34835,
2026-07-17,NSE,HCLTECH,raw_l2/trade_date=2026-07-17/exchange=NSE/symbol=HCLTECH/part-051235_713075-012043.parquet,real_data_sample\l2_unseen_validation\trade_date=2026-07-17\exchange=NSE\symbol=HCLTECH\part-051235_713075-012043.parquet,34704,downloaded,34704,
2026-07-17,NSE,HCLTECH,raw_l2/trade_date=2026-07-17/exchange=NSE/symbol=HCLTECH/part-051402_317369-012235.parquet,real_data_sample\l2_unseen_validation\trade_date=2026-07-17\exchange=NSE\symbol=HCLTECH\part-051402_317369-012235.parquet,34748,downloaded,34748,
2026-07-17,NSE,HCLTECH,raw_l2/trade_date=2026-07-17/exchange=NSE/symbol=HCLTECH/part-051221_877163-012011.parquet,real_data_sample\l2_unseen_validation\trade_date=2026-07-17\exchange=NSE\symbol=HCLTECH\part-051221_877163-012011.parquet,34828,downloaded,34828,
2026-07-17,NSE,HCLTECH,raw_l2/trade_date=2026-07-17/exchange=NSE/symbol=HCLTECH/part-051207_894848-011979.parquet,real_data_sample\l2_unseen_validation\trade_date=2026-07-17\exchange=NSE\symbol=HCLTECH\part-051207_894848-011979.parquet,34951,downloaded,34951,
2026-07-17,NSE,HCLTECH,raw_l2/trade_date=2026-07-17/exchange=NSE/symbol=HCLTECH/part-051459_584981-012363.parquet,real_data_sample\l2_unseen_validation\trade_date=2026-07-17\exchange=NSE\symbol=HCLTECH\part-051459_584981-012363.parquet,34851,downloaded,34851,
2026-07-17,NSE,HCLTECH,raw_l2/trade_date=2026-07-17/exchange=NSE/symbol=HCLTECH/part-051445_602595-012331.parquet,real_data_sample\l2_unseen_validation\trade_date=2026-07-17\exchange=NSE\symbol=HCLTECH\part-051445_602595-012331.parquet,34649,downloaded,34649,
2026-07-17,NSE,HCLTECH,raw_l2/trade_date=2026-07-17/exchange=NSE/symbol=HCLTECH/part-051513_340746-012395.parquet,real_data_sample\l2_unseen_validation\trade_date=2026-07-17\exchange=NSE\symbol=HCLTECH\part-051513_340746-012395.parquet,34869,downloaded,34869,
2026-07-17,NSE,HCLTECH,raw_l2/trade_date=2026-07-17/exchange=NSE/symbol=HCLTECH/part-051527_049298-012427.parquet,real_data_sample\l2_unseen_validation\trade_date=2026-07-17\exchange=NSE\symbol=HCLTECH\part-051527_049298-012427.parquet,34875,downloaded,34875,
2026-07-17,NSE,HCLTECH,raw_l2/trade_date=2026-07-17/exchange=NSE/symbol=HCLTECH/part-051555_230380-012491.parquet,real_data_sample\l2_unseen_validation\trade_date=2026-07-17\exchange=NSE\symbol=HCLTECH\part-051555_230380-012491.parquet,34802,downloaded,34802,
2026-07-17,NSE,HCLTECH,raw_l2/trade_date=2026-07-17/exchange=NSE/symbol=HCLTECH/part-051720_647654-012683.parquet,real_data_sample\l2_unseen_validation\trade_date=2026-07-17\exchange=NSE\symbol=HCLTECH\part-051720_647654-012683.parquet,34703,downloaded,34703,
2026-07-17,NSE,HCLTECH,raw_l2/trade_date=2026-07-17/exchange=NSE/symbol=HCLTECH/part-051624_221346-012555.parquet,real_data_sample\l2_unseen_validation\trade_date=2026-07-17\exchange=NSE\symbol=HCLTECH\part-051624_221346-012555.parquet,34763,downloaded,34763,
2026-07-17,NSE,HCLTECH,raw_l2/trade_date=2026-07-17/exchange=NSE/symbol=HCLTECH/part-051638_350502-012587.parquet,real_data_sample\l2_unseen_validation\trade_date=2026-07-17\exchange=NSE\symbol=HCLTECH\part-051638_350502-012587.parquet,34863,downloaded,34863,
2026-07-17,NSE,HCLTECH,raw_l2/trade_date=2026-07-17/exchange=NSE/symbol=HCLTECH/part-051734_724906-012715.parquet,real_data_sample\l2_unseen_validation\trade_date=2026-07-17\exchange=NSE\symbol=HCLTECH\part-051734_724906-012715.parquet,34656,downloaded,34656,
2026-07-17,NSE,HCLTECH,raw_l2/trade_date=2026-07-17/exchange=NSE/symbol=HCLTECH/part-051749_290149-012747.parquet,real_data_sample\l2_unseen_validation\trade_date=2026-07-17\exchange=NSE\symbol=HCLTECH\part-051749_290149-012747.parquet,34631,downloaded,34631,
2026-07-17,NSE,HCLTECH,raw_l2/trade_date=2026-07-17/exchange=NSE/symbol=HCLTECH/part-051652_684925-012619.parquet,real_data_sample\l2_unseen_validation\trade_date=2026-07-17\exchange=NSE\symbol=HCLTECH\part-051652_684925-012619.parquet,34881,downloaded,34881,
2026-07-17,NSE,HCLTECH,raw_l2/trade_date=2026-07-17/exchange=NSE/symbol=HCLTECH/part-051817_806539-012811.parquet,real_data_sample\l2_unseen_validation\trade_date=2026-07-17\exchange=NSE\symbol=HCLTECH\part-051817_806539-012811.parquet,34603,downloaded,34603,
2026-07-17,NSE,HCLTECH,raw_l2/trade_date=2026-07-17/exchange=NSE/symbol=HCLTECH/part-051803_633138-012779.parquet,real_data_sample\l2_unseen_validation\trade_date=2026-07-17\exchange=NSE\symbol=HCLTECH\part-051803_633138-012779.parquet,34715,downloaded,34715,
2026-07-17,NSE,HCLTECH,raw_l2/trade_date=2026-07-17/exchange=NSE/symbol=HCLTECH/part-051609_960374-012523.parquet,real_data_sample\l2_unseen_validation\trade_date=2026-07-17\exchange=NSE\symbol=HCLTECH\part-051609_960374-012523.parquet,34671,downloaded,34671,
2026-07-17,NSE,HCLTECH,raw_l2/trade_date=2026-07-17/exchange=NSE/symbol=HCLTECH/part-051706_714227-012651.parquet,real_data_sample\l2_unseen_validation\trade_date=2026-07-17\exchange=NSE\symbol=HCLTECH\part-051706_714227-012651.parquet,34896,downloaded,34896,
2026-07-17,NSE,HCLTECH,raw_l2/trade_date=2026-07-17/exchange=NSE/symbol=HCLTECH/part-051541_001124-012459.parquet,real_data_sample\l2_unseen_validation\trade_date=2026-07-17\exchange=NSE\symbol=HCLTECH\part-051541_001124-012459.parquet,34675,downloaded,34675,
2026-07-17,NSE,HCLTECH,raw_l2/trade_date=2026-07-17/exchange=NSE/symbol=HCLTECH/part-051303_626570-012107.parquet,real_data_sample\l2_unseen_validation\trade_date=2026-07-17\exchange=NSE\symbol=HCLTECH\part-051303_626570-012107.parquet,34912,downloaded,34912,
2026-07-17,NSE,HCLTECH,raw_l2/trade_date=2026-07-17/exchange=NSE/symbol=HCLTECH/part-051832_351962-012843.parquet,real_data_sample\l2_unseen_validation\trade_date=2026-07-17\exchange=NSE\symbol=HCLTECH\part-051832_351962-012843.parquet,34940,downloaded,34940,
2026-07-17,NSE,HCLTECH,raw_l2/trade_date=2026-07-17/exchange=NSE/symbol=HCLTECH/part-051943_114094-013003.parquet,real_data_sample\l2_unseen_validation\trade_date=2026-07-17\exchange=NSE\symbol=HCLTECH\part-051943_114094-013003.parquet,34642,downloaded,34642,
2026-07-17,NSE,HCLTECH,raw_l2/trade_date=2026-07-17/exchange=NSE/symbol=HCLTECH/part-051929_359432-012971.parquet,real_data_sample\l2_unseen_validation\trade_date=2026-07-17\exchange=NSE\symbol=HCLTECH\part-051929_359432-012971.parquet,34799,downloaded,34799,
2026-07-17,NSE,HCLTECH,raw_l2/trade_date=2026-07-17/exchange=NSE/symbol=HCLTECH/part-051915_400596-012939.parquet,real_data_sample\l2_unseen_validation\trade_date=2026-07-17\exchange=NSE\symbol=HCLTECH\part-051915_400596-012939.parquet,34754,downloaded,34754,
2026-07-17,NSE,HCLTECH,raw_l2/trade_date=2026-07-17/exchange=NSE/symbol=HCLTECH/part-051957_127520-013035.parquet,real_data_sample\l2_unseen_validation\trade_date=2026-07-17\exchange=NSE\symbol=HCLTECH\part-051957_127520-013035.parquet,34858,downloaded,34858,
2026-07-17,NSE,HCLTECH,raw_l2/trade_date=2026-07-17/exchange=NSE/symbol=HCLTECH/part-051846_142946-012875.parquet,real_data_sample\l2_unseen_validation\trade_date=2026-07-17\exchange=NSE\symbol=HCLTECH\part-051846_142946-012875.parquet,34675,downloaded,34675,
2026-07-17,NSE,HCLTECH,raw_l2/trade_date=2026-07-17/exchange=NSE/symbol=HCLTECH/part-051901_197681-012907.parquet,real_data_sample\l2_unseen_validation\trade_date=2026-07-17\exchange=NSE\symbol=HCLTECH\part-051901_197681-012907.parquet,34905,downloaded,34905,
2026-07-17,NSE,HCLTECH,raw_l2/trade_date=2026-07-17/exchange=NSE/symbol=HCLTECH/part-052024_581533-013099.parquet,real_data_sample\l2_unseen_validation\trade_date=2026-07-17\exchange=NSE\symbol=HCLTECH\part-052024_581533-013099.parquet,34717,downloaded,34717,
2026-07-17,NSE,HCLTECH,raw_l2/trade_date=2026-07-17/exchange=NSE/symbol=HCLTECH/part-052010_841472-013067.parquet,real_data_sample\l2_unseen_validation\trade_date=2026-07-17\exchange=NSE\symbol=HCLTECH\part-052010_841472-013067.parquet,34796,downloaded,34796,
2026-07-17,NSE,HCLTECH,raw_l2/trade_date=2026-07-17/exchange=NSE/symbol=HCLTECH/part-052038_347554-013131.parquet,real_data_sample\l2_unseen_validation\trade_date=2026-07-17\exchange=NSE\symbol=HCLTECH\part-052038_347554-013131.parquet,34497,downloaded,34497,
2026-07-17,NSE,HCLTECH,raw_l2/trade_date=2026-07-17/exchange=NSE/symbol=HCLTECH/part-052052_145569-013163.parquet,real_data_sample\l2_unseen_validation\trade_date=2026-07-17\exchange=NSE\symbol=HCLTECH\part-052052_145569-013163.parquet,34758,downloaded,34758,
2026-07-17,NSE,HCLTECH,raw_l2/trade_date=2026-07-17/exchange=NSE/symbol=HCLTECH/part-052105_862690-013195.parquet,real_data_sample\l2_unseen_validation\trade_date=2026-07-17\exchange=NSE\symbol=HCLTECH\part-052105_862690-013195.parquet,34637,downloaded,34637,
2026-07-17,NSE,HCLTECH,raw_l2/trade_date=2026-07-17/exchange=NSE/symbol=HCLTECH/part-052119_880401-013227.parquet,real_data_sample\l2_unseen_validation\trade_date=2026-07-17\exchange=NSE\symbol=HCLTECH\part-052119_880401-013227.parquet,34821,downloaded,34821,
2026-07-17,NSE,HCLTECH,raw_l2/trade_date=2026-07-17/exchange=NSE/symbol=HCLTECH/part-052133_639078-013259.parquet,real_data_sample\l2_unseen_validation\trade_date=2026-07-17\exchange=NSE\symbol=HCLTECH\part-052133_639078-013259.parquet,34909,downloaded,34909,
2026-07-17,NSE,HCLTECH,raw_l2/trade_date=2026-07-17/exchange=NSE/symbol=HCLTECH/part-052201_655973-013323.parquet,real_data_sample\l2_unseen_validation\trade_date=2026-07-17\exchange=NSE\symbol=HCLTECH\part-052201_655973-013323.parquet,34774,downloaded,34774,
2026-07-17,NSE,HCLTECH,raw_l2/trade_date=2026-07-17/exchange=NSE/symbol=HCLTECH/part-052229_700188-013387.parquet,real_data_sample\l2_unseen_validation\trade_date=2026-07-17\exchange=NSE\symbol=HCLTECH\part-052229_700188-013387.parquet,34753,downloaded,34753,
2026-07-17,NSE,HCLTECH,raw_l2/trade_date=2026-07-17/exchange=NSE/symbol=HCLTECH/part-052147_624679-013291.parquet,real_data_sample\l2_unseen_validation\trade_date=2026-07-17\exchange=NSE\symbol=HCLTECH\part-052147_624679-013291.parquet,34715,downloaded,34715,
2026-07-17,NSE,HCLTECH,raw_l2/trade_date=2026-07-17/exchange=NSE/symbol=HCLTECH/part-052215_653814-013355.parquet,real_data_sample\l2_unseen_validation\trade_date=2026-07-17\exchange=NSE\symbol=HCLTECH\part-052215_653814-013355.parquet,34568,downloaded,34568,
2026-07-17,NSE,HCLTECH,raw_l2/trade_date=2026-07-17/exchange=NSE/symbol=HCLTECH/part-052243_682749-013419.parquet,real_data_sample\l2_unseen_validation\trade_date=2026-07-17\exchange=NSE\symbol=HCLTECH\part-052243_682749-013419.parquet,34778,downloaded,34778,
2026-07-17,NSE,HCLTECH,raw_l2/trade_date=2026-07-17/exchange=NSE/symbol=HCLTECH/part-052311_719844-013483.parquet,real_data_sample\l2_unseen_validation\trade_date=2026-07-17\exchange=NSE\symbol=HCLTECH\part-052311_719844-013483.parquet,34660,downloaded,34660,
2026-07-17,NSE,HCLTECH,raw_l2/trade_date=2026-07-17/exchange=NSE/symbol=HCLTECH/part-052407_598128-013611.parquet,real_data_sample\l2_unseen_validation\trade_date=2026-07-17\exchange=NSE\symbol=HCLTECH\part-052407_598128-013611.parquet,34650,downloaded,34650,
2026-07-17,NSE,HCLTECH,raw_l2/trade_date=2026-07-17/exchange=NSE/symbol=HCLTECH/part-052353_597338-013579.parquet,real_data_sample\l2_unseen_validation\trade_date=2026-07-17\exchange=NSE\symbol=HCLTECH\part-052353_597338-013579.parquet,35029,downloaded,35029,
2026-07-17,NSE,HCLTECH,raw_l2/trade_date=2026-07-17/exchange=NSE/symbol=HCLTECH/part-052339_635365-013547.parquet,real_data_sample\l2_unseen_validation\trade_date=2026-07-17\exchange=NSE\symbol=HCLTECH\part-052339_635365-013547.parquet,34775,downloaded,34775,
2026-07-17,NSE,HCLTECH,raw_l2/trade_date=2026-07-17/exchange=NSE/symbol=HCLTECH/part-052325_627113-013515.parquet,real_data_sample\l2_unseen_validation\trade_date=2026-07-17\exchange=NSE\symbol=HCLTECH\part-052325_627113-013515.parquet,34755,downloaded,34755,
2026-07-17,NSE,HCLTECH,raw_l2/trade_date=2026-07-17/exchange=NSE/symbol=HCLTECH/part-052257_749299-013451.parquet,real_data_sample\l2_unseen_validation\trade_date=2026-07-17\exchange=NSE\symbol=HCLTECH\part-052257_749299-013451.parquet,34621,downloaded,34621,
2026-07-17,NSE,HCLTECH,raw_l2/trade_date=2026-07-17/exchange=NSE/symbol=HCLTECH/part-052449_402209-013707.parquet,real_data_sample\l2_unseen_validation\trade_date=2026-07-17\exchange=NSE\symbol=HCLTECH\part-052449_402209-013707.parquet,34772,downloaded,34772,
2026-07-17,NSE,HCLTECH,raw_l2/trade_date=2026-07-17/exchange=NSE/symbol=HCLTECH/part-052517_153880-013771.parquet,real_data_sample\l2_unseen_validation\trade_date=2026-07-17\exchange=NSE\symbol=HCLTECH\part-052517_153880-013771.parquet,34544,downloaded,34544,
2026-07-17,NSE,HCLTECH,raw_l2/trade_date=2026-07-17/exchange=NSE/symbol=HCLTECH/part-052435_584811-013675.parquet,real_data_sample\l2_unseen_validation\trade_date=2026-07-17\exchange=NSE\symbol=HCLTECH\part-052435_584811-013675.parquet,34818,downloaded,34818,
2026-07-17,NSE,HCLTECH,raw_l2/trade_date=2026-07-17/exchange=NSE/symbol=HCLTECH/part-052421_595298-013643.parquet,real_data_sample\l2_unseen_validation\trade_date=2026-07-17\exchange=NSE\symbol=HCLTECH\part-052421_595298-013643.parquet,34758,downloaded,34758,
2026-07-17,NSE,HCLTECH,raw_l2/trade_date=2026-07-17/exchange=NSE/symbol=HCLTECH/part-052503_357322-013739.parquet,real_data_sample\l2_unseen_validation\trade_date=2026-07-17\exchange=NSE\symbol=HCLTECH\part-052503_357322-013739.parquet,34847,downloaded,34847,
2026-07-17,NSE,HCLTECH,raw_l2/trade_date=2026-07-17/exchange=NSE/symbol=HCLTECH/part-052545_173539-013835.parquet,real_data_sample\l2_unseen_validation\trade_date=2026-07-17\exchange=NSE\symbol=HCLTECH\part-052545_173539-013835.parquet,34838,downloaded,34838,
2026-07-17,NSE,HCLTECH,raw_l2/trade_date=2026-07-17/exchange=NSE/symbol=HCLTECH/part-052530_964557-013803.parquet,real_data_sample\l2_unseen_validation\trade_date=2026-07-17\exchange=NSE\symbol=HCLTECH\part-052530_964557-013803.parquet,34971,downloaded,34971,
2026-07-17,NSE,HCLTECH,raw_l2/trade_date=2026-07-17/exchange=NSE/symbol=HCLTECH/part-052559_232472-013867.parquet,real_data_sample\l2_unseen_validation\trade_date=2026-07-17\exchange=NSE\symbol=HCLTECH\part-052559_232472-013867.parquet,34879,downloaded,34879,
2026-07-17,NSE,HCLTECH,raw_l2/trade_date=2026-07-17/exchange=NSE/symbol=HCLTECH/part-052613_421162-013899.parquet,real_data_sample\l2_unseen_validation\trade_date=2026-07-17\exchange=NSE\symbol=HCLTECH\part-052613_421162-013899.parquet,34841,downloaded,34841,
2026-07-17,NSE,HCLTECH,raw_l2/trade_date=2026-07-17/exchange=NSE/symbol=HCLTECH/part-052805_685155-014155.parquet,real_data_sample\l2_unseen_validation\trade_date=2026-07-17\exchange=NSE\symbol=HCLTECH\part-052805_685155-014155.parquet,34760,downloaded,34760,
2026-07-17,NSE,HCLTECH,raw_l2/trade_date=2026-07-17/exchange=NSE/symbol=HCLTECH/part-052819_712522-014187.parquet,real_data_sample\l2_unseen_validation\trade_date=2026-07-17\exchange=NSE\symbol=HCLTECH\part-052819_712522-014187.parquet,35642,downloaded,35642,
2026-07-17,NSE,HCLTECH,raw_l2/trade_date=2026-07-17/exchange=NSE/symbol=HCLTECH/part-052655_928938-013995.parquet,real_data_sample\l2_unseen_validation\trade_date=2026-07-17\exchange=NSE\symbol=HCLTECH\part-052655_928938-013995.parquet,34703,downloaded,34703,
2026-07-17,NSE,HCLTECH,raw_l2/trade_date=2026-07-17/exchange=NSE/symbol=HCLTECH/part-052709_975123-014027.parquet,real_data_sample\l2_unseen_validation\trade_date=2026-07-17\exchange=NSE\symbol=HCLTECH\part-052709_975123-014027.parquet,34702,downloaded,34702,
2026-07-17,NSE,HCLTECH,raw_l2/trade_date=2026-07-17/exchange=NSE/symbol=HCLTECH/part-052751_889063-014123.parquet,real_data_sample\l2_unseen_validation\trade_date=2026-07-17\exchange=NSE\symbol=HCLTECH\part-052751_889063-014123.parquet,34767,downloaded,34767,
2026-07-17,NSE,HCLTECH,raw_l2/trade_date=2026-07-17/exchange=NSE/symbol=HCLTECH/part-052641_734451-013963.parquet,real_data_sample\l2_unseen_validation\trade_date=2026-07-17\exchange=NSE\symbol=HCLTECH\part-052641_734451-013963.parquet,34664,downloaded,34664,
2026-07-17,NSE,HCLTECH,raw_l2/trade_date=2026-07-17/exchange=NSE/symbol=HCLTECH/part-052737_895402-014091.parquet,real_data_sample\l2_unseen_validation\trade_date=2026-07-17\exchange=NSE\symbol=HCLTECH\part-052737_895402-014091.parquet,35076,downloaded,35076,
2026-07-17,NSE,HCLTECH,raw_l2/trade_date=2026-07-17/exchange=NSE/symbol=HCLTECH/part-052627_617630-013931.parquet,real_data_sample\l2_unseen_validation\trade_date=2026-07-17\exchange=NSE\symbol=HCLTECH\part-052627_617630-013931.parquet,34814,downloaded,34814,
2026-07-17,NSE,HCLTECH,raw_l2/trade_date=2026-07-17/exchange=NSE/symbol=HCLTECH/part-052724_000702-014059.parquet,real_data_sample\l2_unseen_validation\trade_date=2026-07-17\exchange=NSE\symbol=HCLTECH\part-052724_000702-014059.parquet,34981,downloaded,34981,
2026-07-17,NSE,HCLTECH,raw_l2/trade_date=2026-07-17/exchange=NSE/symbol=HCLTECH/part-053028_176400-014475.parquet,real_data_sample\l2_unseen_validation\trade_date=2026-07-17\exchange=NSE\symbol=HCLTECH\part-053028_176400-014475.parquet,34898,downloaded,34898,
2026-07-17,NSE,HCLTECH,raw_l2/trade_date=2026-07-17/exchange=NSE/symbol=HCLTECH/part-053041_897161-014507.parquet,real_data_sample\l2_unseen_validation\trade_date=2026-07-17\exchange=NSE\symbol=HCLTECH\part-053041_897161-014507.parquet,34655,downloaded,34655,
2026-07-17,NSE,HCLTECH,raw_l2/trade_date=2026-07-17/exchange=NSE/symbol=HCLTECH/part-052902_492561-014283.parquet,real_data_sample\l2_unseen_validation\trade_date=2026-07-17\exchange=NSE\symbol=HCLTECH\part-052902_492561-014283.parquet,35562,downloaded,35562,
2026-07-17,NSE,HCLTECH,raw_l2/trade_date=2026-07-17/exchange=NSE/symbol=HCLTECH/part-052930_426558-014347.parquet,real_data_sample\l2_unseen_validation\trade_date=2026-07-17\exchange=NSE\symbol=HCLTECH\part-052930_426558-014347.parquet,34808,downloaded,34808,
2026-07-17,NSE,HCLTECH,raw_l2/trade_date=2026-07-17/exchange=NSE/symbol=HCLTECH/part-052944_408406-014379.parquet,real_data_sample\l2_unseen_validation\trade_date=2026-07-17\exchange=NSE\symbol=HCLTECH\part-052944_408406-014379.parquet,34743,downloaded,34743,
2026-07-17,NSE,HCLTECH,raw_l2/trade_date=2026-07-17/exchange=NSE/symbol=HCLTECH/part-052916_494799-014315.parquet,real_data_sample\l2_unseen_validation\trade_date=2026-07-17\exchange=NSE\symbol=HCLTECH\part-052916_494799-014315.parquet,35205,downloaded,35205,
2026-07-17,NSE,HCLTECH,raw_l2/trade_date=2026-07-17/exchange=NSE/symbol=HCLTECH/part-052958_484121-014411.parquet,real_data_sample\l2_unseen_validation\trade_date=2026-07-17\exchange=NSE\symbol=HCLTECH\part-052958_484121-014411.parquet,34764,downloaded,34764,
2026-07-17,NSE,HCLTECH,raw_l2/trade_date=2026-07-17/exchange=NSE/symbol=HCLTECH/part-053056_018342-014539.parquet,real_data_sample\l2_unseen_validation\trade_date=2026-07-17\exchange=NSE\symbol=HCLTECH\part-053056_018342-014539.parquet,34832,downloaded,34832,
2026-07-17,NSE,HCLTECH,raw_l2/trade_date=2026-07-17/exchange=NSE/symbol=HCLTECH/part-053138_920727-014635.parquet,real_data_sample\l2_unseen_validation\trade_date=2026-07-17\exchange=NSE\symbol=HCLTECH\part-053138_920727-014635.parquet,34761,downloaded,34761,
2026-07-17,NSE,HCLTECH,raw_l2/trade_date=2026-07-17/exchange=NSE/symbol=HCLTECH/part-052833_915408-014219.parquet,real_data_sample\l2_unseen_validation\trade_date=2026-07-17\exchange=NSE\symbol=HCLTECH\part-052833_915408-014219.parquet,36222,downloaded,36222,
2026-07-17,NSE,HCLTECH,raw_l2/trade_date=2026-07-17/exchange=NSE/symbol=HCLTECH/part-053013_544678-014443.parquet,real_data_sample\l2_unseen_validation\trade_date=2026-07-17\exchange=NSE\symbol=HCLTECH\part-053013_544678-014443.parquet,34601,downloaded,34601,
2026-07-17,NSE,HCLTECH,raw_l2/trade_date=2026-07-17/exchange=NSE/symbol=HCLTECH/part-053109_966222-014571.parquet,real_data_sample\l2_unseen_validation\trade_date=2026-07-17\exchange=NSE\symbol=HCLTECH\part-053109_966222-014571.parquet,34628,downloaded,34628,
2026-07-17,NSE,HCLTECH,raw_l2/trade_date=2026-07-17/exchange=NSE/symbol=HCLTECH/part-053124_875857-014603.parquet,real_data_sample\l2_unseen_validation\trade_date=2026-07-17\exchange=NSE\symbol=HCLTECH\part-053124_875857-014603.parquet,34807,downloaded,34807,
2026-07-17,NSE,HCLTECH,raw_l2/trade_date=2026-07-17/exchange=NSE/symbol=HCLTECH/part-052847_985481-014251.parquet,real_data_sample\l2_unseen_validation\trade_date=2026-07-17\exchange=NSE\symbol=HCLTECH\part-052847_985481-014251.parquet,35595,downloaded,35595,
2026-07-17,NSE,HCLTECH,raw_l2/trade_date=2026-07-17/exchange=NSE/symbol=HCLTECH/part-053152_617608-014667.parquet,real_data_sample\l2_unseen_validation\trade_date=2026-07-17\exchange=NSE\symbol=HCLTECH\part-053152_617608-014667.parquet,34769,downloaded,34769,
2026-07-17,NSE,HCLTECH,raw_l2/trade_date=2026-07-17/exchange=NSE/symbol=HCLTECH/part-053248_864812-014795.parquet,real_data_sample\l2_unseen_validation\trade_date=2026-07-17\exchange=NSE\symbol=HCLTECH\part-053248_864812-014795.parquet,34534,downloaded,34534,
2026-07-17,NSE,HCLTECH,raw_l2/trade_date=2026-07-17/exchange=NSE/symbol=HCLTECH/part-053234_922204-014763.parquet,real_data_sample\l2_unseen_validation\trade_date=2026-07-17\exchange=NSE\symbol=HCLTECH\part-053234_922204-014763.parquet,34893,downloaded,34893,
2026-07-17,NSE,HCLTECH,raw_l2/trade_date=2026-07-17/exchange=NSE/symbol=HCLTECH/part-053317_018091-014859.parquet,real_data_sample\l2_unseen_validation\trade_date=2026-07-17\exchange=NSE\symbol=HCLTECH\part-053317_018091-014859.parquet,34952,downloaded,34952,
2026-07-17,NSE,HCLTECH,raw_l2/trade_date=2026-07-17/exchange=NSE/symbol=HCLTECH/part-053206_756921-014699.parquet,real_data_sample\l2_unseen_validation\trade_date=2026-07-17\exchange=NSE\symbol=HCLTECH\part-053206_756921-014699.parquet,34930,downloaded,34930,
2026-07-17,NSE,HCLTECH,raw_l2/trade_date=2026-07-17/exchange=NSE/symbol=HCLTECH/part-053303_010906-014827.parquet,real_data_sample\l2_unseen_validation\trade_date=2026-07-17\exchange=NSE\symbol=HCLTECH\part-053303_010906-014827.parquet,34605,downloaded,34605,
2026-07-17,NSE,HCLTECH,raw_l2/trade_date=2026-07-17/exchange=NSE/symbol=HCLTECH/part-053331_187651-014891.parquet,real_data_sample\l2_unseen_validation\trade_date=2026-07-17\exchange=NSE\symbol=HCLTECH\part-053331_187651-014891.parquet,34916,downloaded,34916,
2026-07-17,NSE,HCLTECH,raw_l2/trade_date=2026-07-17/exchange=NSE/symbol=HCLTECH/part-053220_961236-014731.parquet,real_data_sample\l2_unseen_validation\trade_date=2026-07-17\exchange=NSE\symbol=HCLTECH\part-053220_961236-014731.parquet,34781,downloaded,34781,
2026-07-17,NSE,HCLTECH,raw_l2/trade_date=2026-07-17/exchange=NSE/symbol=HCLTECH/part-053345_153504-014923.parquet,real_data_sample\l2_unseen_validation\trade_date=2026-07-17\exchange=NSE\symbol=HCLTECH\part-053345_153504-014923.parquet,34660,downloaded,34660,
2026-07-17,NSE,HCLTECH,raw_l2/trade_date=2026-07-17/exchange=NSE/symbol=HCLTECH/part-053413_207671-014987.parquet,real_data_sample\l2_unseen_validation\trade_date=2026-07-17\exchange=NSE\symbol=HCLTECH\part-053413_207671-014987.parquet,35027,downloaded,35027,
2026-07-17,NSE,HCLTECH,raw_l2/trade_date=2026-07-17/exchange=NSE/symbol=HCLTECH/part-053359_072436-014955.parquet,real_data_sample\l2_unseen_validation\trade_date=2026-07-17\exchange=NSE\symbol=HCLTECH\part-053359_072436-014955.parquet,34995,downloaded,34995,
2026-07-17,NSE,HCLTECH,raw_l2/trade_date=2026-07-17/exchange=NSE/symbol=HCLTECH/part-053522_383200-015147.parquet,real_data_sample\l2_unseen_validation\trade_date=2026-07-17\exchange=NSE\symbol=HCLTECH\part-053522_383200-015147.parquet,34957,downloaded,34957,
2026-07-17,NSE,HCLTECH,raw_l2/trade_date=2026-07-17/exchange=NSE/symbol=HCLTECH/part-053427_113935-015019.parquet,real_data_sample\l2_unseen_validation\trade_date=2026-07-17\exchange=NSE\symbol=HCLTECH\part-053427_113935-015019.parquet,35749,downloaded,35749,
2026-07-17,NSE,HCLTECH,raw_l2/trade_date=2026-07-17/exchange=NSE/symbol=HCLTECH/part-053440_852702-015051.parquet,real_data_sample\l2_unseen_validation\trade_date=2026-07-17\exchange=NSE\symbol=HCLTECH\part-053440_852702-015051.parquet,35582,downloaded,35582,
2026-07-17,NSE,HCLTECH,raw_l2/trade_date=2026-07-17/exchange=NSE/symbol=HCLTECH/part-053536_381982-015179.parquet,real_data_sample\l2_unseen_validation\trade_date=2026-07-17\exchange=NSE\symbol=HCLTECH\part-053536_381982-015179.parquet,35009,downloaded,35009,
2026-07-17,NSE,HCLTECH,raw_l2/trade_date=2026-07-17/exchange=NSE/symbol=HCLTECH/part-053454_579421-015083.parquet,real_data_sample\l2_unseen_validation\trade_date=2026-07-17\exchange=NSE\symbol=HCLTECH\part-053454_579421-015083.parquet,35545,downloaded,35545,
2026-07-17,NSE,HCLTECH,raw_l2/trade_date=2026-07-17/exchange=NSE/symbol=HCLTECH/part-053508_480175-015115.parquet,real_data_sample\l2_unseen_validation\trade_date=2026-07-17\exchange=NSE\symbol=HCLTECH\part-053508_480175-015115.parquet,35331,downloaded,35331,
2026-07-17,NSE,HCLTECH,raw_l2/trade_date=2026-07-17/exchange=NSE/symbol=HCLTECH/part-053550_147753-015211.parquet,real_data_sample\l2_unseen_validation\trade_date=2026-07-17\exchange=NSE\symbol=HCLTECH\part-053550_147753-015211.parquet,34661,downloaded,34661,
2026-07-17,NSE,HCLTECH,raw_l2/trade_date=2026-07-17/exchange=NSE/symbol=HCLTECH/part-053603_866528-015243.parquet,real_data_sample\l2_unseen_validation\trade_date=2026-07-17\exchange=NSE\symbol=HCLTECH\part-053603_866528-015243.parquet,34905,downloaded,34905,
2026-07-17,NSE,HCLTECH,raw_l2/trade_date=2026-07-17/exchange=NSE/symbol=HCLTECH/part-053617_900478-015275.parquet,real_data_sample\l2_unseen_validation\trade_date=2026-07-17\exchange=NSE\symbol=HCLTECH\part-053617_900478-015275.parquet,34762,downloaded,34762,
2026-07-17,NSE,HCLTECH,raw_l2/trade_date=2026-07-17/exchange=NSE/symbol=HCLTECH/part-050013_563258-010347.parquet,real_data_sample\l2_unseen_validation\trade_date=2026-07-17\exchange=NSE\symbol=HCLTECH\part-050013_563258-010347.parquet,35051,downloaded,35051,
2026-07-17,NSE,HCLTECH,raw_l2/trade_date=2026-07-17/exchange=NSE/symbol=HCLTECH/part-053823_466093-015563.parquet,real_data_sample\l2_unseen_validation\trade_date=2026-07-17\exchange=NSE\symbol=HCLTECH\part-053823_466093-015563.parquet,34697,downloaded,34697,
2026-07-17,NSE,HCLTECH,raw_l2/trade_date=2026-07-17/exchange=NSE/symbol=HCLTECH/part-053741_682309-015467.parquet,real_data_sample\l2_unseen_validation\trade_date=2026-07-17\exchange=NSE\symbol=HCLTECH\part-053741_682309-015467.parquet,34928,downloaded,34928,
2026-07-17,NSE,HCLTECH,raw_l2/trade_date=2026-07-17/exchange=NSE/symbol=HCLTECH/part-053837_667459-015595.parquet,real_data_sample\l2_unseen_validation\trade_date=2026-07-17\exchange=NSE\symbol=HCLTECH\part-053837_667459-015595.parquet,34722,downloaded,34722,
2026-07-17,NSE,HCLTECH,raw_l2/trade_date=2026-07-17/exchange=NSE/symbol=HCLTECH/part-053659_886242-015371.parquet,real_data_sample\l2_unseen_validation\trade_date=2026-07-17\exchange=NSE\symbol=HCLTECH\part-053659_886242-015371.parquet,34690,downloaded,34690,
2026-07-17,NSE,HCLTECH,raw_l2/trade_date=2026-07-17/exchange=NSE/symbol=HCLTECH/part-053809_403897-015531.parquet,real_data_sample\l2_unseen_validation\trade_date=2026-07-17\exchange=NSE\symbol=HCLTECH\part-053809_403897-015531.parquet,34796,downloaded,34796,
2026-07-17,NSE,HCLTECH,raw_l2/trade_date=2026-07-17/exchange=NSE/symbol=HCLTECH/part-053727_865820-015435.parquet,real_data_sample\l2_unseen_validation\trade_date=2026-07-17\exchange=NSE\symbol=HCLTECH\part-053727_865820-015435.parquet,35095,downloaded,35095,
2026-07-17,NSE,HCLTECH,raw_l2/trade_date=2026-07-17/exchange=NSE/symbol=HCLTECH/part-053713_906846-015403.parquet,real_data_sample\l2_unseen_validation\trade_date=2026-07-17\exchange=NSE\symbol=HCLTECH\part-053713_906846-015403.parquet,34597,downloaded,34597,
2026-07-17,NSE,HCLTECH,raw_l2/trade_date=2026-07-17/exchange=NSE/symbol=HCLTECH/part-053755_599565-015499.parquet,real_data_sample\l2_unseen_validation\trade_date=2026-07-17\exchange=NSE\symbol=HCLTECH\part-053755_599565-015499.parquet,34716,downloaded,34716,
2026-07-17,NSE,HCLTECH,raw_l2/trade_date=2026-07-17/exchange=NSE/symbol=HCLTECH/part-053947_134006-015755.parquet,real_data_sample\l2_unseen_validation\trade_date=2026-07-17\exchange=NSE\symbol=HCLTECH\part-053947_134006-015755.parquet,34678,downloaded,34678,
2026-07-17,NSE,HCLTECH,raw_l2/trade_date=2026-07-17/exchange=NSE/symbol=HCLTECH/part-053646_098430-015339.parquet,real_data_sample\l2_unseen_validation\trade_date=2026-07-17\exchange=NSE\symbol=HCLTECH\part-053646_098430-015339.parquet,34691,downloaded,34691,
2026-07-17,NSE,HCLTECH,raw_l2/trade_date=2026-07-17/exchange=NSE/symbol=HCLTECH/part-053632_165826-015307.parquet,real_data_sample\l2_unseen_validation\trade_date=2026-07-17\exchange=NSE\symbol=HCLTECH\part-053632_165826-015307.parquet,34615,downloaded,34615,
2026-07-17,NSE,HCLTECH,raw_l2/trade_date=2026-07-17/exchange=NSE/symbol=HCLTECH/part-054029_125375-015851.parquet,real_data_sample\l2_unseen_validation\trade_date=2026-07-17\exchange=NSE\symbol=HCLTECH\part-054029_125375-015851.parquet,34796,downloaded,34796,
2026-07-17,NSE,HCLTECH,raw_l2/trade_date=2026-07-17/exchange=NSE/symbol=HCLTECH/part-053933_393667-015723.parquet,real_data_sample\l2_unseen_validation\trade_date=2026-07-17\exchange=NSE\symbol=HCLTECH\part-053933_393667-015723.parquet,35003,downloaded,35003,
2026-07-17,NSE,HCLTECH,raw_l2/trade_date=2026-07-17/exchange=NSE/symbol=HCLTECH/part-054042_948291-015883.parquet,real_data_sample\l2_unseen_validation\trade_date=2026-07-17\exchange=NSE\symbol=HCLTECH\part-054042_948291-015883.parquet,34806,downloaded,34806,
2026-07-17,NSE,HCLTECH,raw_l2/trade_date=2026-07-17/exchange=NSE/symbol=HCLTECH/part-054015_075665-015819.parquet,real_data_sample\l2_unseen_validation\trade_date=2026-07-17\exchange=NSE\symbol=HCLTECH\part-054015_075665-015819.parquet,34890,downloaded,34890,
2026-07-17,NSE,HCLTECH,raw_l2/trade_date=2026-07-17/exchange=NSE/symbol=HCLTECH/part-053919_426552-015691.parquet,real_data_sample\l2_unseen_validation\trade_date=2026-07-17\exchange=NSE\symbol=HCLTECH\part-053919_426552-015691.parquet,34944,downloaded,34944,
2026-07-17,NSE,HCLTECH,raw_l2/trade_date=2026-07-17/exchange=NSE/symbol=HCLTECH/part-053851_627571-015627.parquet,real_data_sample\l2_unseen_validation\trade_date=2026-07-17\exchange=NSE\symbol=HCLTECH\part-053851_627571-015627.parquet,34973,downloaded,34973,
2026-07-17,NSE,HCLTECH,raw_l2/trade_date=2026-07-17/exchange=NSE/symbol=HCLTECH/part-054001_224557-015787.parquet,real_data_sample\l2_unseen_validation\trade_date=2026-07-17\exchange=NSE\symbol=HCLTECH\part-054001_224557-015787.parquet,34965,downloaded,34965,
2026-07-17,NSE,HCLTECH,raw_l2/trade_date=2026-07-17/exchange=NSE/symbol=HCLTECH/part-053905_385642-015659.parquet,real_data_sample\l2_unseen_validation\trade_date=2026-07-17\exchange=NSE\symbol=HCLTECH\part-053905_385642-015659.parquet,34607,downloaded,34607,
2026-07-17,NSE,HCLTECH,raw_l2/trade_date=2026-07-17/exchange=NSE/symbol=HCLTECH/part-054056_892116-015915.parquet,real_data_sample\l2_unseen_validation\trade_date=2026-07-17\exchange=NSE\symbol=HCLTECH\part-054056_892116-015915.parquet,34677,downloaded,34677,
2026-07-17,NSE,HCLTECH,raw_l2/trade_date=2026-07-17/exchange=NSE/symbol=HCLTECH/part-054138_388534-016011.parquet,real_data_sample\l2_unseen_validation\trade_date=2026-07-17\exchange=NSE\symbol=HCLTECH\part-054138_388534-016011.parquet,34697,downloaded,34697,
2026-07-17,NSE,HCLTECH,raw_l2/trade_date=2026-07-17/exchange=NSE/symbol=HCLTECH/part-054329_722738-016267.parquet,real_data_sample\l2_unseen_validation\trade_date=2026-07-17\exchange=NSE\symbol=HCLTECH\part-054329_722738-016267.parquet,34667,downloaded,34667,
2026-07-17,NSE,HCLTECH,raw_l2/trade_date=2026-07-17/exchange=NSE/symbol=HCLTECH/part-054301_897220-016203.parquet,real_data_sample\l2_unseen_validation\trade_date=2026-07-17\exchange=NSE\symbol=HCLTECH\part-054301_897220-016203.parquet,34585,downloaded,34585,
2026-07-17,NSE,HCLTECH,raw_l2/trade_date=2026-07-17/exchange=NSE/symbol=HCLTECH/part-054124_593092-015979.parquet,real_data_sample\l2_unseen_validation\trade_date=2026-07-17\exchange=NSE\symbol=HCLTECH\part-054124_593092-015979.parquet,34823,downloaded,34823,
2026-07-17,NSE,HCLTECH,raw_l2/trade_date=2026-07-17/exchange=NSE/symbol=HCLTECH/part-054548_627837-016587.parquet,real_data_sample\l2_unseen_validation\trade_date=2026-07-17\exchange=NSE\symbol=HCLTECH\part-054548_627837-016587.parquet,34667,downloaded,34667,
2026-07-17,NSE,HCLTECH,raw_l2/trade_date=2026-07-17/exchange=NSE/symbol=HCLTECH/part-054233_852147-016139.parquet,real_data_sample\l2_unseen_validation\trade_date=2026-07-17\exchange=NSE\symbol=HCLTECH\part-054233_852147-016139.parquet,34684,downloaded,34684,
2026-07-17,NSE,HCLTECH,raw_l2/trade_date=2026-07-17/exchange=NSE/symbol=HCLTECH/part-054725_989579-016811.parquet,real_data_sample\l2_unseen_validation\trade_date=2026-07-17\exchange=NSE\symbol=HCLTECH\part-054725_989579-016811.parquet,34701,downloaded,34701,
2026-07-17,NSE,HCLTECH,raw_l2/trade_date=2026-07-17/exchange=NSE/symbol=HCLTECH/part-054315_891969-016235.parquet,real_data_sample\l2_unseen_validation\trade_date=2026-07-17\exchange=NSE\symbol=HCLTECH\part-054315_891969-016235.parquet,34707,downloaded,34707,
2026-07-17,NSE,HCLTECH,raw_l2/trade_date=2026-07-17/exchange=NSE/symbol=HCLTECH/part-054739_982402-016843.parquet,real_data_sample\l2_unseen_validation\trade_date=2026-07-17\exchange=NSE\symbol=HCLTECH\part-054739_982402-016843.parquet,34908,downloaded,34908,
2026-07-17,NSE,HCLTECH,raw_l2/trade_date=2026-07-17/exchange=NSE/symbol=HCLTECH/part-054602_450112-016619.parquet,real_data_sample\l2_unseen_validation\trade_date=2026-07-17\exchange=NSE\symbol=HCLTECH\part-054602_450112-016619.parquet,34810,downloaded,34810,
2026-07-17,NSE,HCLTECH,raw_l2/trade_date=2026-07-17/exchange=NSE/symbol=HCLTECH/part-054616_386054-016651.parquet,real_data_sample\l2_unseen_validation\trade_date=2026-07-17\exchange=NSE\symbol=HCLTECH\part-054616_386054-016651.parquet,34803,downloaded,34803,
2026-07-17,NSE,HCLTECH,raw_l2/trade_date=2026-07-17/exchange=NSE/symbol=HCLTECH/part-054630_113662-016683.parquet,real_data_sample\l2_unseen_validation\trade_date=2026-07-17\exchange=NSE\symbol=HCLTECH\part-054630_113662-016683.parquet,34672,downloaded,34672,
2026-07-17,NSE,HCLTECH,raw_l2/trade_date=2026-07-17/exchange=NSE/symbol=HCLTECH/part-054152_158699-016043.parquet,real_data_sample\l2_unseen_validation\trade_date=2026-07-17\exchange=NSE\symbol=HCLTECH\part-054152_158699-016043.parquet,34656,downloaded,34656,
2026-07-17,NSE,HCLTECH,raw_l2/trade_date=2026-07-17/exchange=NSE/symbol=HCLTECH/part-054206_121218-016075.parquet,real_data_sample\l2_unseen_validation\trade_date=2026-07-17\exchange=NSE\symbol=HCLTECH\part-054206_121218-016075.parquet,34746,downloaded,34746,
2026-07-17,NSE,HCLTECH,raw_l2/trade_date=2026-07-17/exchange=NSE/symbol=HCLTECH/part-054657_857442-016747.parquet,real_data_sample\l2_unseen_validation\trade_date=2026-07-17\exchange=NSE\symbol=HCLTECH\part-054657_857442-016747.parquet,34725,downloaded,34725,
2026-07-17,NSE,HCLTECH,raw_l2/trade_date=2026-07-17/exchange=NSE/symbol=HCLTECH/part-054534_640544-016555.parquet,real_data_sample\l2_unseen_validation\trade_date=2026-07-17\exchange=NSE\symbol=HCLTECH\part-054534_640544-016555.parquet,34693,downloaded,34693,
2026-07-17,NSE,HCLTECH,raw_l2/trade_date=2026-07-17/exchange=NSE/symbol=HCLTECH/part-054110_880582-015947.parquet,real_data_sample\l2_unseen_validation\trade_date=2026-07-17\exchange=NSE\symbol=HCLTECH\part-054110_880582-015947.parquet,34856,downloaded,34856,
2026-07-17,NSE,HCLTECH,raw_l2/trade_date=2026-07-17/exchange=NSE/symbol=HCLTECH/part-054357_404889-016331.parquet,real_data_sample\l2_unseen_validation\trade_date=2026-07-17\exchange=NSE\symbol=HCLTECH\part-054357_404889-016331.parquet,34875,downloaded,34875,
2026-07-17,NSE,HCLTECH,raw_l2/trade_date=2026-07-17/exchange=NSE/symbol=HCLTECH/part-054247_856870-016171.parquet,real_data_sample\l2_unseen_validation\trade_date=2026-07-17\exchange=NSE\symbol=HCLTECH\part-054247_856870-016171.parquet,34722,downloaded,34722,
2026-07-17,NSE,HCLTECH,raw_l2/trade_date=2026-07-17/exchange=NSE/symbol=HCLTECH/part-054808_122918-016907.parquet,real_data_sample\l2_unseen_validation\trade_date=2026-07-17\exchange=NSE\symbol=HCLTECH\part-054808_122918-016907.parquet,34519,downloaded,34519,
2026-07-17,NSE,HCLTECH,raw_l2/trade_date=2026-07-17/exchange=NSE/symbol=HCLTECH/part-054439_176770-016427.parquet,real_data_sample\l2_unseen_validation\trade_date=2026-07-17\exchange=NSE\symbol=HCLTECH\part-054439_176770-016427.parquet,34576,downloaded,34576,
2026-07-17,NSE,HCLTECH,raw_l2/trade_date=2026-07-17/exchange=NSE/symbol=HCLTECH/part-054411_435385-016363.parquet,real_data_sample\l2_unseen_validation\trade_date=2026-07-17\exchange=NSE\symbol=HCLTECH\part-054411_435385-016363.parquet,34527,downloaded,34527,
2026-07-17,NSE,HCLTECH,raw_l2/trade_date=2026-07-17/exchange=NSE/symbol=HCLTECH/part-054754_209487-016875.parquet,real_data_sample\l2_unseen_validation\trade_date=2026-07-17\exchange=NSE\symbol=HCLTECH\part-054754_209487-016875.parquet,34625,downloaded,34625,
2026-07-17,NSE,HCLTECH,raw_l2/trade_date=2026-07-17/exchange=NSE/symbol=HCLTECH/part-054343_667318-016299.parquet,real_data_sample\l2_unseen_validation\trade_date=2026-07-17\exchange=NSE\symbol=HCLTECH\part-054343_667318-016299.parquet,34728,downloaded,34728,
2026-07-17,NSE,HCLTECH,raw_l2/trade_date=2026-07-17/exchange=NSE/symbol=HCLTECH/part-054520_909585-016523.parquet,real_data_sample\l2_unseen_validation\trade_date=2026-07-17\exchange=NSE\symbol=HCLTECH\part-054520_909585-016523.parquet,34845,downloaded,34845,
2026-07-17,NSE,HCLTECH,raw_l2/trade_date=2026-07-17/exchange=NSE/symbol=HCLTECH/part-054453_155823-016459.parquet,real_data_sample\l2_unseen_validation\trade_date=2026-07-17\exchange=NSE\symbol=HCLTECH\part-054453_155823-016459.parquet,34587,downloaded,34587,
2026-07-17,NSE,HCLTECH,raw_l2/trade_date=2026-07-17/exchange=NSE/symbol=HCLTECH/part-054425_370303-016395.parquet,real_data_sample\l2_unseen_validation\trade_date=2026-07-17\exchange=NSE\symbol=HCLTECH\part-054425_370303-016395.parquet,34958,downloaded,34958,
2026-07-17,NSE,HCLTECH,raw_l2/trade_date=2026-07-17/exchange=NSE/symbol=HCLTECH/part-054220_110789-016107.parquet,real_data_sample\l2_unseen_validation\trade_date=2026-07-17\exchange=NSE\symbol=HCLTECH\part-054220_110789-016107.parquet,34602,downloaded,34602,
2026-07-17,NSE,HCLTECH,raw_l2/trade_date=2026-07-17/exchange=NSE/symbol=HCLTECH/part-054506_872716-016491.parquet,real_data_sample\l2_unseen_validation\trade_date=2026-07-17\exchange=NSE\symbol=HCLTECH\part-054506_872716-016491.parquet,34875,downloaded,34875,
2026-07-17,NSE,HCLTECH,raw_l2/trade_date=2026-07-17/exchange=NSE/symbol=HCLTECH/part-054643_910182-016715.parquet,real_data_sample\l2_unseen_validation\trade_date=2026-07-17\exchange=NSE\symbol=HCLTECH\part-054643_910182-016715.parquet,34878,downloaded,34878,
2026-07-17,NSE,HCLTECH,raw_l2/trade_date=2026-07-17/exchange=NSE/symbol=HCLTECH/part-054711_740772-016779.parquet,real_data_sample\l2_unseen_validation\trade_date=2026-07-17\exchange=NSE\symbol=HCLTECH\part-054711_740772-016779.parquet,35004,downloaded,35004,
2026-07-17,NSE,HCLTECH,raw_l2/trade_date=2026-07-17/exchange=NSE/symbol=HCLTECH/part-054822_235163-016939.parquet,real_data_sample\l2_unseen_validation\trade_date=2026-07-17\exchange=NSE\symbol=HCLTECH\part-054822_235163-016939.parquet,34783,downloaded,34783,
2026-07-17,NSE,HCLTECH,raw_l2/trade_date=2026-07-17/exchange=NSE/symbol=HCLTECH/part-054918_994793-017067.parquet,real_data_sample\l2_unseen_validation\trade_date=2026-07-17\exchange=NSE\symbol=HCLTECH\part-054918_994793-017067.parquet,34959,downloaded,34959,
2026-07-17,NSE,HCLTECH,raw_l2/trade_date=2026-07-17/exchange=NSE/symbol=HCLTECH/part-054836_531179-016971.parquet,real_data_sample\l2_unseen_validation\trade_date=2026-07-17\exchange=NSE\symbol=HCLTECH\part-054836_531179-016971.parquet,34843,downloaded,34843,
2026-07-17,NSE,HCLTECH,raw_l2/trade_date=2026-07-17/exchange=NSE/symbol=HCLTECH/part-054850_751727-017003.parquet,real_data_sample\l2_unseen_validation\trade_date=2026-07-17\exchange=NSE\symbol=HCLTECH\part-054850_751727-017003.parquet,34907,downloaded,34907,
2026-07-17,NSE,HCLTECH,raw_l2/trade_date=2026-07-17/exchange=NSE/symbol=HCLTECH/part-055114_297352-017323.parquet,real_data_sample\l2_unseen_validation\trade_date=2026-07-17\exchange=NSE\symbol=HCLTECH\part-055114_297352-017323.parquet,35004,downloaded,35004,
2026-07-17,NSE,HCLTECH,raw_l2/trade_date=2026-07-17/exchange=NSE/symbol=HCLTECH/part-054933_181210-017099.parquet,real_data_sample\l2_unseen_validation\trade_date=2026-07-17\exchange=NSE\symbol=HCLTECH\part-054933_181210-017099.parquet,34732,downloaded,34732,
2026-07-17,NSE,HCLTECH,raw_l2/trade_date=2026-07-17/exchange=NSE/symbol=HCLTECH/part-055002_069768-017163.parquet,real_data_sample\l2_unseen_validation\trade_date=2026-07-17\exchange=NSE\symbol=HCLTECH\part-055002_069768-017163.parquet,34985,downloaded,34985,
2026-07-17,NSE,HCLTECH,raw_l2/trade_date=2026-07-17/exchange=NSE/symbol=HCLTECH/part-054947_586113-017131.parquet,real_data_sample\l2_unseen_validation\trade_date=2026-07-17\exchange=NSE\symbol=HCLTECH\part-054947_586113-017131.parquet,34777,downloaded,34777,
2026-07-17,NSE,HCLTECH,raw_l2/trade_date=2026-07-17/exchange=NSE/symbol=HCLTECH/part-055016_553468-017195.parquet,real_data_sample\l2_unseen_validation\trade_date=2026-07-17\exchange=NSE\symbol=HCLTECH\part-055016_553468-017195.parquet,34609,downloaded,34609,
2026-07-17,NSE,HCLTECH,raw_l2/trade_date=2026-07-17/exchange=NSE/symbol=HCLTECH/part-055227_734645-017483.parquet,real_data_sample\l2_unseen_validation\trade_date=2026-07-17\exchange=NSE\symbol=HCLTECH\part-055227_734645-017483.parquet,35596,downloaded,35596,
2026-07-17,NSE,HCLTECH,raw_l2/trade_date=2026-07-17/exchange=NSE/symbol=HCLTECH/part-055143_884555-017387.parquet,real_data_sample\l2_unseen_validation\trade_date=2026-07-17\exchange=NSE\symbol=HCLTECH\part-055143_884555-017387.parquet,34945,downloaded,34945,
2026-07-17,NSE,HCLTECH,raw_l2/trade_date=2026-07-17/exchange=NSE/symbol=HCLTECH/part-055158_699119-017419.parquet,real_data_sample\l2_unseen_validation\trade_date=2026-07-17\exchange=NSE\symbol=HCLTECH\part-055158_699119-017419.parquet,34592,downloaded,34592,
2026-07-17,NSE,HCLTECH,raw_l2/trade_date=2026-07-17/exchange=NSE/symbol=HCLTECH/part-055129_092170-017355.parquet,real_data_sample\l2_unseen_validation\trade_date=2026-07-17\exchange=NSE\symbol=HCLTECH\part-055129_092170-017355.parquet,35009,downloaded,35009,
2026-07-17,NSE,HCLTECH,raw_l2/trade_date=2026-07-17/exchange=NSE/symbol=HCLTECH/part-055436_974629-017771.parquet,real_data_sample\l2_unseen_validation\trade_date=2026-07-17\exchange=NSE\symbol=HCLTECH\part-055436_974629-017771.parquet,34628,downloaded,34628,
2026-07-17,NSE,HCLTECH,raw_l2/trade_date=2026-07-17/exchange=NSE/symbol=HCLTECH/part-055213_133360-017451.parquet,real_data_sample\l2_unseen_validation\trade_date=2026-07-17\exchange=NSE\symbol=HCLTECH\part-055213_133360-017451.parquet,34990,downloaded,34990,
2026-07-17,NSE,HCLTECH,raw_l2/trade_date=2026-07-17/exchange=NSE/symbol=HCLTECH/part-055422_964319-017739.parquet,real_data_sample\l2_unseen_validation\trade_date=2026-07-17\exchange=NSE\symbol=HCLTECH\part-055422_964319-017739.parquet,34847,downloaded,34847,
2026-07-17,NSE,HCLTECH,raw_l2/trade_date=2026-07-17/exchange=NSE/symbol=HCLTECH/part-055450_996614-017803.parquet,real_data_sample\l2_unseen_validation\trade_date=2026-07-17\exchange=NSE\symbol=HCLTECH\part-055450_996614-017803.parquet,34603,downloaded,34603,
2026-07-17,NSE,HCLTECH,raw_l2/trade_date=2026-07-17/exchange=NSE/symbol=HCLTECH/part-055354_555732-017675.parquet,real_data_sample\l2_unseen_validation\trade_date=2026-07-17\exchange=NSE\symbol=HCLTECH\part-055354_555732-017675.parquet,34758,downloaded,34758,
2026-07-17,NSE,HCLTECH,raw_l2/trade_date=2026-07-17/exchange=NSE/symbol=HCLTECH/part-055505_000584-017835.parquet,real_data_sample\l2_unseen_validation\trade_date=2026-07-17\exchange=NSE\symbol=HCLTECH\part-055505_000584-017835.parquet,34796,downloaded,34796,
2026-07-17,NSE,HCLTECH,raw_l2/trade_date=2026-07-17/exchange=NSE/symbol=HCLTECH/part-055340_219774-017643.parquet,real_data_sample\l2_unseen_validation\trade_date=2026-07-17\exchange=NSE\symbol=HCLTECH\part-055340_219774-017643.parquet,34591,downloaded,34591,
2026-07-17,NSE,HCLTECH,raw_l2/trade_date=2026-07-17/exchange=NSE/symbol=HCLTECH/part-055518_991724-017867.parquet,real_data_sample\l2_unseen_validation\trade_date=2026-07-17\exchange=NSE\symbol=HCLTECH\part-055518_991724-017867.parquet,35004,downloaded,35004,
2026-07-17,NSE,HCLTECH,raw_l2/trade_date=2026-07-17/exchange=NSE/symbol=HCLTECH/part-055408_797344-017707.parquet,real_data_sample\l2_unseen_validation\trade_date=2026-07-17\exchange=NSE\symbol=HCLTECH\part-055408_797344-017707.parquet,34919,downloaded,34919,
2026-07-17,NSE,HCLTECH,raw_l2/trade_date=2026-07-17/exchange=NSE/symbol=HCLTECH/part-055533_015110-017899.parquet,real_data_sample\l2_unseen_validation\trade_date=2026-07-17\exchange=NSE\symbol=HCLTECH\part-055533_015110-017899.parquet,34753,downloaded,34753,
2026-07-17,NSE,HCLTECH,raw_l2/trade_date=2026-07-17/exchange=NSE/symbol=HCLTECH/part-055601_109411-017963.parquet,real_data_sample\l2_unseen_validation\trade_date=2026-07-17\exchange=NSE\symbol=HCLTECH\part-055601_109411-017963.parquet,34643,downloaded,34643,
2026-07-17,NSE,HCLTECH,raw_l2/trade_date=2026-07-17/exchange=NSE/symbol=HCLTECH/part-055546_976187-017931.parquet,real_data_sample\l2_unseen_validation\trade_date=2026-07-17\exchange=NSE\symbol=HCLTECH\part-055546_976187-017931.parquet,34663,downloaded,34663,
2026-07-17,NSE,HCLTECH,raw_l2/trade_date=2026-07-17/exchange=NSE/symbol=HCLTECH/part-055325_729584-017611.parquet,real_data_sample\l2_unseen_validation\trade_date=2026-07-17\exchange=NSE\symbol=HCLTECH\part-055325_729584-017611.parquet,34599,downloaded,34599,
2026-07-17,NSE,HCLTECH,raw_l2/trade_date=2026-07-17/exchange=NSE/symbol=HCLTECH/part-055242_555802-017515.parquet,real_data_sample\l2_unseen_validation\trade_date=2026-07-17\exchange=NSE\symbol=HCLTECH\part-055242_555802-017515.parquet,35355,downloaded,35355,
2026-07-17,NSE,HCLTECH,raw_l2/trade_date=2026-07-17/exchange=NSE/symbol=HCLTECH/part-055257_315641-017547.parquet,real_data_sample\l2_unseen_validation\trade_date=2026-07-17\exchange=NSE\symbol=HCLTECH\part-055257_315641-017547.parquet,35700,downloaded,35700,
2026-07-17,NSE,HCLTECH,raw_l2/trade_date=2026-07-17/exchange=NSE/symbol=HCLTECH/part-055311_666534-017579.parquet,real_data_sample\l2_unseen_validation\trade_date=2026-07-17\exchange=NSE\symbol=HCLTECH\part-055311_666534-017579.parquet,35688,downloaded,35688,
2026-07-17,NSE,HCLTECH,raw_l2/trade_date=2026-07-17/exchange=NSE/symbol=HCLTECH/part-055629_237784-018027.parquet,real_data_sample\l2_unseen_validation\trade_date=2026-07-17\exchange=NSE\symbol=HCLTECH\part-055629_237784-018027.parquet,34774,downloaded,34774,
2026-07-17,NSE,HCLTECH,raw_l2/trade_date=2026-07-17/exchange=NSE/symbol=HCLTECH/part-055615_259889-017995.parquet,real_data_sample\l2_unseen_validation\trade_date=2026-07-17\exchange=NSE\symbol=HCLTECH\part-055615_259889-017995.parquet,34645,downloaded,34645,
2026-07-17,NSE,HCLTECH,raw_l2/trade_date=2026-07-17/exchange=NSE/symbol=HCLTECH/part-055711_526298-018123.parquet,real_data_sample\l2_unseen_validation\trade_date=2026-07-17\exchange=NSE\symbol=HCLTECH\part-055711_526298-018123.parquet,34641,downloaded,34641,
2026-07-17,NSE,HCLTECH,raw_l2/trade_date=2026-07-17/exchange=NSE/symbol=HCLTECH/part-055643_434229-018059.parquet,real_data_sample\l2_unseen_validation\trade_date=2026-07-17\exchange=NSE\symbol=HCLTECH\part-055643_434229-018059.parquet,34650,downloaded,34650,
2026-07-17,NSE,HCLTECH,raw_l2/trade_date=2026-07-17/exchange=NSE/symbol=HCLTECH/part-055657_476922-018091.parquet,real_data_sample\l2_unseen_validation\trade_date=2026-07-17\exchange=NSE\symbol=HCLTECH\part-055657_476922-018091.parquet,34997,downloaded,34997,
2026-07-17,NSE,HCLTECH,raw_l2/trade_date=2026-07-17/exchange=NSE/symbol=HCLTECH/part-055725_561890-018155.parquet,real_data_sample\l2_unseen_validation\trade_date=2026-07-17\exchange=NSE\symbol=HCLTECH\part-055725_561890-018155.parquet,34514,downloaded,34514,
2026-07-17,NSE,HCLTECH,raw_l2/trade_date=2026-07-17/exchange=NSE/symbol=HCLTECH/part-055739_733956-018187.parquet,real_data_sample\l2_unseen_validation\trade_date=2026-07-17\exchange=NSE\symbol=HCLTECH\part-055739_733956-018187.parquet,34835,downloaded,34835,
2026-07-17,NSE,HCLTECH,raw_l2/trade_date=2026-07-17/exchange=NSE/symbol=HCLTECH/part-055807_716362-018251.parquet,real_data_sample\l2_unseen_validation\trade_date=2026-07-17\exchange=NSE\symbol=HCLTECH\part-055807_716362-018251.parquet,34625,downloaded,34625,
2026-07-17,NSE,HCLTECH,raw_l2/trade_date=2026-07-17/exchange=NSE/symbol=HCLTECH/part-055918_472460-018411.parquet,real_data_sample\l2_unseen_validation\trade_date=2026-07-17\exchange=NSE\symbol=HCLTECH\part-055918_472460-018411.parquet,34612,downloaded,34612,
2026-07-17,NSE,HCLTECH,raw_l2/trade_date=2026-07-17/exchange=NSE/symbol=HCLTECH/part-055753_745187-018219.parquet,real_data_sample\l2_unseen_validation\trade_date=2026-07-17\exchange=NSE\symbol=HCLTECH\part-055753_745187-018219.parquet,34663,downloaded,34663,
2026-07-17,NSE,HCLTECH,raw_l2/trade_date=2026-07-17/exchange=NSE/symbol=HCLTECH/part-055850_361322-018347.parquet,real_data_sample\l2_unseen_validation\trade_date=2026-07-17\exchange=NSE\symbol=HCLTECH\part-055850_361322-018347.parquet,34669,downloaded,34669,
2026-07-17,NSE,HCLTECH,raw_l2/trade_date=2026-07-17/exchange=NSE/symbol=HCLTECH/part-060058_277590-018635.parquet,real_data_sample\l2_unseen_validation\trade_date=2026-07-17\exchange=NSE\symbol=HCLTECH\part-060058_277590-018635.parquet,34704,downloaded,34704,
2026-07-17,NSE,HCLTECH,raw_l2/trade_date=2026-07-17/exchange=NSE/symbol=HCLTECH/part-055946_876325-018475.parquet,real_data_sample\l2_unseen_validation\trade_date=2026-07-17\exchange=NSE\symbol=HCLTECH\part-055946_876325-018475.parquet,34672,downloaded,34672,
2026-07-17,NSE,HCLTECH,raw_l2/trade_date=2026-07-17/exchange=NSE/symbol=HCLTECH/part-055821_788665-018283.parquet,real_data_sample\l2_unseen_validation\trade_date=2026-07-17\exchange=NSE\symbol=HCLTECH\part-055821_788665-018283.parquet,34712,downloaded,34712,
2026-07-17,NSE,HCLTECH,raw_l2/trade_date=2026-07-17/exchange=NSE/symbol=HCLTECH/part-060029_784517-018571.parquet,real_data_sample\l2_unseen_validation\trade_date=2026-07-17\exchange=NSE\symbol=HCLTECH\part-060029_784517-018571.parquet,34364,downloaded,34364,
2026-07-17,NSE,HCLTECH,raw_l2/trade_date=2026-07-17/exchange=NSE/symbol=HCLTECH/part-060126_530788-018699.parquet,real_data_sample\l2_unseen_validation\trade_date=2026-07-17\exchange=NSE\symbol=HCLTECH\part-060126_530788-018699.parquet,34730,downloaded,34730,
2026-07-17,NSE,HCLTECH,raw_l2/trade_date=2026-07-17/exchange=NSE/symbol=HCLTECH/part-060044_027297-018603.parquet,real_data_sample\l2_unseen_validation\trade_date=2026-07-17\exchange=NSE\symbol=HCLTECH\part-060044_027297-018603.parquet,34669,downloaded,34669,
2026-07-17,NSE,HCLTECH,raw_l2/trade_date=2026-07-17/exchange=NSE/symbol=HCLTECH/part-055904_467139-018379.parquet,real_data_sample\l2_unseen_validation\trade_date=2026-07-17\exchange=NSE\symbol=HCLTECH\part-055904_467139-018379.parquet,34559,downloaded,34559,
2026-07-17,NSE,HCLTECH,raw_l2/trade_date=2026-07-17/exchange=NSE/symbol=HCLTECH/part-060001_535855-018507.parquet,real_data_sample\l2_unseen_validation\trade_date=2026-07-17\exchange=NSE\symbol=HCLTECH\part-060001_535855-018507.parquet,34678,downloaded,34678,
2026-07-17,NSE,HCLTECH,raw_l2/trade_date=2026-07-17/exchange=NSE/symbol=HCLTECH/part-055932_744502-018443.parquet,real_data_sample\l2_unseen_validation\trade_date=2026-07-17\exchange=NSE\symbol=HCLTECH\part-055932_744502-018443.parquet,34765,downloaded,34765,
2026-07-17,NSE,HCLTECH,raw_l2/trade_date=2026-07-17/exchange=NSE/symbol=HCLTECH/part-060015_744152-018539.parquet,real_data_sample\l2_unseen_validation\trade_date=2026-07-17\exchange=NSE\symbol=HCLTECH\part-060015_744152-018539.parquet,34625,downloaded,34625,
2026-07-17,NSE,HCLTECH,raw_l2/trade_date=2026-07-17/exchange=NSE/symbol=HCLTECH/part-060112_512305-018667.parquet,real_data_sample\l2_unseen_validation\trade_date=2026-07-17\exchange=NSE\symbol=HCLTECH\part-060112_512305-018667.parquet,34926,downloaded,34926,
2026-07-17,NSE,HCLTECH,raw_l2/trade_date=2026-07-17/exchange=NSE/symbol=HCLTECH/part-055836_025068-018315.parquet,real_data_sample\l2_unseen_validation\trade_date=2026-07-17\exchange=NSE\symbol=HCLTECH\part-055836_025068-018315.parquet,34560,downloaded,34560,
2026-07-17,NSE,HCLTECH,raw_l2/trade_date=2026-07-17/exchange=NSE/symbol=HCLTECH/part-060154_709495-018763.parquet,real_data_sample\l2_unseen_validation\trade_date=2026-07-17\exchange=NSE\symbol=HCLTECH\part-060154_709495-018763.parquet,34585,downloaded,34585,
2026-07-17,NSE,HCLTECH,raw_l2/trade_date=2026-07-17/exchange=NSE/symbol=HCLTECH/part-060222_971238-018827.parquet,real_data_sample\l2_unseen_validation\trade_date=2026-07-17\exchange=NSE\symbol=HCLTECH\part-060222_971238-018827.parquet,34985,downloaded,34985,
2026-07-17,NSE,HCLTECH,raw_l2/trade_date=2026-07-17/exchange=NSE/symbol=HCLTECH/part-060208_691428-018795.parquet,real_data_sample\l2_unseen_validation\trade_date=2026-07-17\exchange=NSE\symbol=HCLTECH\part-060208_691428-018795.parquet,34971,downloaded,34971,
2026-07-17,NSE,HCLTECH,raw_l2/trade_date=2026-07-17/exchange=NSE/symbol=HCLTECH/part-060140_594015-018731.parquet,real_data_sample\l2_unseen_validation\trade_date=2026-07-17\exchange=NSE\symbol=HCLTECH\part-060140_594015-018731.parquet,34586,downloaded,34586,
2026-07-17,NSE,HCLTECH,raw_l2/trade_date=2026-07-17/exchange=NSE/symbol=HCLTECH/part-060236_995787-018859.parquet,real_data_sample\l2_unseen_validation\trade_date=2026-07-17\exchange=NSE\symbol=HCLTECH\part-060236_995787-018859.parquet,35017,downloaded,35017,
2026-07-17,NSE,HCLTECH,raw_l2/trade_date=2026-07-17/exchange=NSE/symbol=HCLTECH/part-060305_201912-018923.parquet,real_data_sample\l2_unseen_validation\trade_date=2026-07-17\exchange=NSE\symbol=HCLTECH\part-060305_201912-018923.parquet,34662,downloaded,34662,
2026-07-17,NSE,HCLTECH,raw_l2/trade_date=2026-07-17/exchange=NSE/symbol=HCLTECH/part-060319_247455-018955.parquet,real_data_sample\l2_unseen_validation\trade_date=2026-07-17\exchange=NSE\symbol=HCLTECH\part-060319_247455-018955.parquet,34689,downloaded,34689,
2026-07-17,NSE,HCLTECH,raw_l2/trade_date=2026-07-17/exchange=NSE/symbol=HCLTECH/part-060251_059252-018891.parquet,real_data_sample\l2_unseen_validation\trade_date=2026-07-17\exchange=NSE\symbol=HCLTECH\part-060251_059252-018891.parquet,34687,downloaded,34687,
2026-07-17,NSE,HCLTECH,raw_l2/trade_date=2026-07-17/exchange=NSE/symbol=HCLTECH/part-060333_272812-018987.parquet,real_data_sample\l2_unseen_validation\trade_date=2026-07-17\exchange=NSE\symbol=HCLTECH\part-060333_272812-018987.parquet,34591,downloaded,34591,
2026-07-17,NSE,HCLTECH,raw_l2/trade_date=2026-07-17/exchange=NSE/symbol=HCLTECH/part-060401_269058-019051.parquet,real_data_sample\l2_unseen_validation\trade_date=2026-07-17\exchange=NSE\symbol=HCLTECH\part-060401_269058-019051.parquet,34716,downloaded,34716,
2026-07-17,NSE,HCLTECH,raw_l2/trade_date=2026-07-17/exchange=NSE/symbol=HCLTECH/part-060347_289014-019019.parquet,real_data_sample\l2_unseen_validation\trade_date=2026-07-17\exchange=NSE\symbol=HCLTECH\part-060347_289014-019019.parquet,34495,downloaded,34495,
2026-07-17,NSE,HCLTECH,raw_l2/trade_date=2026-07-17/exchange=NSE/symbol=HCLTECH/part-060415_206801-019083.parquet,real_data_sample\l2_unseen_validation\trade_date=2026-07-17\exchange=NSE\symbol=HCLTECH\part-060415_206801-019083.parquet,34874,downloaded,34874,
2026-07-17,NSE,HCLTECH,raw_l2/trade_date=2026-07-17/exchange=NSE/symbol=HCLTECH/part-060429_560530-019115.parquet,real_data_sample\l2_unseen_validation\trade_date=2026-07-17\exchange=NSE\symbol=HCLTECH\part-060429_560530-019115.parquet,34724,downloaded,34724,
2026-07-17,NSE,HCLTECH,raw_l2/trade_date=2026-07-17/exchange=NSE/symbol=HCLTECH/part-060608_175141-019339.parquet,real_data_sample\l2_unseen_validation\trade_date=2026-07-17\exchange=NSE\symbol=HCLTECH\part-060608_175141-019339.parquet,34844,downloaded,34844,
2026-07-17,NSE,HCLTECH,raw_l2/trade_date=2026-07-17/exchange=NSE/symbol=HCLTECH/part-060540_217790-019275.parquet,real_data_sample\l2_unseen_validation\trade_date=2026-07-17\exchange=NSE\symbol=HCLTECH\part-060540_217790-019275.parquet,34806,downloaded,34806,
2026-07-17,NSE,HCLTECH,raw_l2/trade_date=2026-07-17/exchange=NSE/symbol=HCLTECH/part-060817_347828-019627.parquet,real_data_sample\l2_unseen_validation\trade_date=2026-07-17\exchange=NSE\symbol=HCLTECH\part-060817_347828-019627.parquet,35449,downloaded,35449,
2026-07-17,NSE,HCLTECH,raw_l2/trade_date=2026-07-17/exchange=NSE/symbol=HCLTECH/part-060846_167046-019691.parquet,real_data_sample\l2_unseen_validation\trade_date=2026-07-17\exchange=NSE\symbol=HCLTECH\part-060846_167046-019691.parquet,34855,downloaded,34855,
2026-07-17,NSE,HCLTECH,raw_l2/trade_date=2026-07-17/exchange=NSE/symbol=HCLTECH/part-060718_264159-019499.parquet,real_data_sample\l2_unseen_validation\trade_date=2026-07-17\exchange=NSE\symbol=HCLTECH\part-060718_264159-019499.parquet,35474,downloaded,35474,
2026-07-17,NSE,HCLTECH,raw_l2/trade_date=2026-07-17/exchange=NSE/symbol=HCLTECH/part-060635_965471-019403.parquet,real_data_sample\l2_unseen_validation\trade_date=2026-07-17\exchange=NSE\symbol=HCLTECH\part-060635_965471-019403.parquet,34801,downloaded,34801,
2026-07-17,NSE,HCLTECH,raw_l2/trade_date=2026-07-17/exchange=NSE/symbol=HCLTECH/part-060457_934054-019179.parquet,real_data_sample\l2_unseen_validation\trade_date=2026-07-17\exchange=NSE\symbol=HCLTECH\part-060457_934054-019179.parquet,34777,downloaded,34777,
2026-07-17,NSE,HCLTECH,raw_l2/trade_date=2026-07-17/exchange=NSE/symbol=HCLTECH/part-060525_980665-019243.parquet,real_data_sample\l2_unseen_validation\trade_date=2026-07-17\exchange=NSE\symbol=HCLTECH\part-060525_980665-019243.parquet,34664,downloaded,34664,
2026-07-17,NSE,HCLTECH,raw_l2/trade_date=2026-07-17/exchange=NSE/symbol=HCLTECH/part-060621_974030-019371.parquet,real_data_sample\l2_unseen_validation\trade_date=2026-07-17\exchange=NSE\symbol=HCLTECH\part-060621_974030-019371.parquet,34797,downloaded,34797,
2026-07-17,NSE,HCLTECH,raw_l2/trade_date=2026-07-17/exchange=NSE/symbol=HCLTECH/part-060650_089504-019435.parquet,real_data_sample\l2_unseen_validation\trade_date=2026-07-17\exchange=NSE\symbol=HCLTECH\part-060650_089504-019435.parquet,34960,downloaded,34960,
2026-07-17,NSE,HCLTECH,raw_l2/trade_date=2026-07-17/exchange=NSE/symbol=HCLTECH/part-060914_513737-019755.parquet,real_data_sample\l2_unseen_validation\trade_date=2026-07-17\exchange=NSE\symbol=HCLTECH\part-060914_513737-019755.parquet,34647,downloaded,34647,
2026-07-17,NSE,HCLTECH,raw_l2/trade_date=2026-07-17/exchange=NSE/symbol=HCLTECH/part-060554_189495-019307.parquet,real_data_sample\l2_unseen_validation\trade_date=2026-07-17\exchange=NSE\symbol=HCLTECH\part-060554_189495-019307.parquet,34423,downloaded,34423,
2026-07-17,NSE,HCLTECH,raw_l2/trade_date=2026-07-17/exchange=NSE/symbol=HCLTECH/part-060444_012788-019147.parquet,real_data_sample\l2_unseen_validation\trade_date=2026-07-17\exchange=NSE\symbol=HCLTECH\part-060444_012788-019147.parquet,34622,downloaded,34622,
2026-07-17,NSE,HCLTECH,raw_l2/trade_date=2026-07-17/exchange=NSE/symbol=HCLTECH/part-060900_470541-019723.parquet,real_data_sample\l2_unseen_validation\trade_date=2026-07-17\exchange=NSE\symbol=HCLTECH\part-060900_470541-019723.parquet,34976,downloaded,34976,
2026-07-17,NSE,HCLTECH,raw_l2/trade_date=2026-07-17/exchange=NSE/symbol=HCLTECH/part-060511_996737-019211.parquet,real_data_sample\l2_unseen_validation\trade_date=2026-07-17\exchange=NSE\symbol=HCLTECH\part-060511_996737-019211.parquet,34756,downloaded,34756,
2026-07-17,NSE,HCLTECH,raw_l2/trade_date=2026-07-17/exchange=NSE/symbol=HCLTECH/part-060746_930479-019563.parquet,real_data_sample\l2_unseen_validation\trade_date=2026-07-17\exchange=NSE\symbol=HCLTECH\part-060746_930479-019563.parquet,35887,downloaded,35887,
2026-07-17,NSE,HCLTECH,raw_l2/trade_date=2026-07-17/exchange=NSE/symbol=HCLTECH/part-060831_855980-019659.parquet,real_data_sample\l2_unseen_validation\trade_date=2026-07-17\exchange=NSE\symbol=HCLTECH\part-060831_855980-019659.parquet,34664,downloaded,34664,
2026-07-17,NSE,HCLTECH,raw_l2/trade_date=2026-07-17/exchange=NSE/symbol=HCLTECH/part-060802_017216-019595.parquet,real_data_sample\l2_unseen_validation\trade_date=2026-07-17\exchange=NSE\symbol=HCLTECH\part-060802_017216-019595.parquet,35866,downloaded,35866,
2026-07-17,NSE,HCLTECH,raw_l2/trade_date=2026-07-17/exchange=NSE/symbol=HCLTECH/part-060732_635551-019531.parquet,real_data_sample\l2_unseen_validation\trade_date=2026-07-17\exchange=NSE\symbol=HCLTECH\part-060732_635551-019531.parquet,35861,downloaded,35861,
2026-07-17,NSE,HCLTECH,raw_l2/trade_date=2026-07-17/exchange=NSE/symbol=HCLTECH/part-060704_201907-019467.parquet,real_data_sample\l2_unseen_validation\trade_date=2026-07-17\exchange=NSE\symbol=HCLTECH\part-060704_201907-019467.parquet,34725,downloaded,34725,
2026-07-17,NSE,HCLTECH,raw_l2/trade_date=2026-07-17/exchange=NSE/symbol=HCLTECH/part-060929_010188-019787.parquet,real_data_sample\l2_unseen_validation\trade_date=2026-07-17\exchange=NSE\symbol=HCLTECH\part-060929_010188-019787.parquet,34730,downloaded,34730,
2026-07-17,NSE,HCLTECH,raw_l2/trade_date=2026-07-17/exchange=NSE/symbol=HCLTECH/part-060943_446812-019819.parquet,real_data_sample\l2_unseen_validation\trade_date=2026-07-17\exchange=NSE\symbol=HCLTECH\part-060943_446812-019819.parquet,34509,downloaded,34509,
2026-07-17,NSE,HCLTECH,raw_l2/trade_date=2026-07-17/exchange=NSE/symbol=HCLTECH/part-061026_253932-019915.parquet,real_data_sample\l2_unseen_validation\trade_date=2026-07-17\exchange=NSE\symbol=HCLTECH\part-061026_253932-019915.parquet,34693,downloaded,34693,
2026-07-17,NSE,HCLTECH,raw_l2/trade_date=2026-07-17/exchange=NSE/symbol=HCLTECH/part-060957_615929-019851.parquet,real_data_sample\l2_unseen_validation\trade_date=2026-07-17\exchange=NSE\symbol=HCLTECH\part-060957_615929-019851.parquet,34688,downloaded,34688,
2026-07-17,NSE,HCLTECH,raw_l2/trade_date=2026-07-17/exchange=NSE/symbol=HCLTECH/part-061040_461660-019947.parquet,real_data_sample\l2_unseen_validation\trade_date=2026-07-17\exchange=NSE\symbol=HCLTECH\part-061040_461660-019947.parquet,34700,downloaded,34700,
2026-07-17,NSE,HCLTECH,raw_l2/trade_date=2026-07-17/exchange=NSE/symbol=HCLTECH/part-061011_978959-019883.parquet,real_data_sample\l2_unseen_validation\trade_date=2026-07-17\exchange=NSE\symbol=HCLTECH\part-061011_978959-019883.parquet,35052,downloaded,35052,
2026-07-17,NSE,HCLTECH,raw_l2/trade_date=2026-07-17/exchange=NSE/symbol=HCLTECH/part-061054_992310-019979.parquet,real_data_sample\l2_unseen_validation\trade_date=2026-07-17\exchange=NSE\symbol=HCLTECH\part-061054_992310-019979.parquet,34598,downloaded,34598,
2026-07-17,NSE,HCLTECH,raw_l2/trade_date=2026-07-17/exchange=NSE/symbol=HCLTECH/part-061109_473578-020011.parquet,real_data_sample\l2_unseen_validation\trade_date=2026-07-17\exchange=NSE\symbol=HCLTECH\part-061109_473578-020011.parquet,34760,downloaded,34760,
2026-07-17,NSE,HCLTECH,raw_l2/trade_date=2026-07-17/exchange=NSE/symbol=HCLTECH/part-061152_567522-020107.parquet,real_data_sample\l2_unseen_validation\trade_date=2026-07-17\exchange=NSE\symbol=HCLTECH\part-061152_567522-020107.parquet,34608,downloaded,34608,
2026-07-17,NSE,HCLTECH,raw_l2/trade_date=2026-07-17/exchange=NSE/symbol=HCLTECH/part-061138_067596-020075.parquet,real_data_sample\l2_unseen_validation\trade_date=2026-07-17\exchange=NSE\symbol=HCLTECH\part-061138_067596-020075.parquet,34844,downloaded,34844,
2026-07-17,NSE,HCLTECH,raw_l2/trade_date=2026-07-17/exchange=NSE/symbol=HCLTECH/part-061207_032089-020139.parquet,real_data_sample\l2_unseen_validation\trade_date=2026-07-17\exchange=NSE\symbol=HCLTECH\part-061207_032089-020139.parquet,34736,downloaded,34736,
2026-07-17,NSE,HCLTECH,raw_l2/trade_date=2026-07-17/exchange=NSE/symbol=HCLTECH/part-061123_830033-020043.parquet,real_data_sample\l2_unseen_validation\trade_date=2026-07-17\exchange=NSE\symbol=HCLTECH\part-061123_830033-020043.parquet,34564,downloaded,34564,
2026-07-17,NSE,HCLTECH,raw_l2/trade_date=2026-07-17/exchange=NSE/symbol=HCLTECH/part-061221_565077-020171.parquet,real_data_sample\l2_unseen_validation\trade_date=2026-07-17\exchange=NSE\symbol=HCLTECH\part-061221_565077-020171.parquet,34768,downloaded,34768,
2026-07-17,NSE,HCLTECH,raw_l2/trade_date=2026-07-17/exchange=NSE/symbol=HCLTECH/part-061236_044678-020203.parquet,real_data_sample\l2_unseen_validation\trade_date=2026-07-17\exchange=NSE\symbol=HCLTECH\part-061236_044678-020203.parquet,34826,downloaded,34826,
2026-07-17,NSE,HCLTECH,raw_l2/trade_date=2026-07-17/exchange=NSE/symbol=HCLTECH/part-061333_515081-020331.parquet,real_data_sample\l2_unseen_validation\trade_date=2026-07-17\exchange=NSE\symbol=HCLTECH\part-061333_515081-020331.parquet,34864,downloaded,34864,
2026-07-17,NSE,HCLTECH,raw_l2/trade_date=2026-07-17/exchange=NSE/symbol=HCLTECH/part-061348_023667-020363.parquet,real_data_sample\l2_unseen_validation\trade_date=2026-07-17\exchange=NSE\symbol=HCLTECH\part-061348_023667-020363.parquet,34726,downloaded,34726,
2026-07-17,NSE,HCLTECH,raw_l2/trade_date=2026-07-17/exchange=NSE/symbol=HCLTECH/part-061250_340305-020235.parquet,real_data_sample\l2_unseen_validation\trade_date=2026-07-17\exchange=NSE\symbol=HCLTECH\part-061250_340305-020235.parquet,34792,downloaded,34792,
2026-07-17,NSE,HCLTECH,raw_l2/trade_date=2026-07-17/exchange=NSE/symbol=HCLTECH/part-061304_783584-020267.parquet,real_data_sample\l2_unseen_validation\trade_date=2026-07-17\exchange=NSE\symbol=HCLTECH\part-061304_783584-020267.parquet,34759,downloaded,34759,
2026-07-17,NSE,HCLTECH,raw_l2/trade_date=2026-07-17/exchange=NSE/symbol=HCLTECH/part-061319_316309-020299.parquet,real_data_sample\l2_unseen_validation\trade_date=2026-07-17\exchange=NSE\symbol=HCLTECH\part-061319_316309-020299.parquet,34739,downloaded,34739,
2026-07-17,NSE,HCLTECH,raw_l2/trade_date=2026-07-17/exchange=NSE/symbol=HCLTECH/part-061416_581603-020427.parquet,real_data_sample\l2_unseen_validation\trade_date=2026-07-17\exchange=NSE\symbol=HCLTECH\part-061416_581603-020427.parquet,34714,downloaded,34714,
2026-07-17,NSE,HCLTECH,raw_l2/trade_date=2026-07-17/exchange=NSE/symbol=HCLTECH/part-061402_323856-020395.parquet,real_data_sample\l2_unseen_validation\trade_date=2026-07-17\exchange=NSE\symbol=HCLTECH\part-061402_323856-020395.parquet,34755,downloaded,34755,
2026-07-17,NSE,HCLTECH,raw_l2/trade_date=2026-07-17/exchange=NSE/symbol=HCLTECH/part-061431_002664-020459.parquet,real_data_sample\l2_unseen_validation\trade_date=2026-07-17\exchange=NSE\symbol=HCLTECH\part-061431_002664-020459.parquet,34774,downloaded,34774,
2026-07-17,NSE,HCLTECH,raw_l2/trade_date=2026-07-17/exchange=NSE/symbol=HCLTECH/part-061445_251167-020491.parquet,real_data_sample\l2_unseen_validation\trade_date=2026-07-17\exchange=NSE\symbol=HCLTECH\part-061445_251167-020491.parquet,34755,downloaded,34755,
2026-07-17,NSE,HCLTECH,raw_l2/trade_date=2026-07-17/exchange=NSE/symbol=HCLTECH/part-061459_585676-020523.parquet,real_data_sample\l2_unseen_validation\trade_date=2026-07-17\exchange=NSE\symbol=HCLTECH\part-061459_585676-020523.parquet,34745,downloaded,34745,
2026-07-17,NSE,HCLTECH,raw_l2/trade_date=2026-07-17/exchange=NSE/symbol=HCLTECH/part-061528_577537-020587.parquet,real_data_sample\l2_unseen_validation\trade_date=2026-07-17\exchange=NSE\symbol=HCLTECH\part-061528_577537-020587.parquet,34827,downloaded,34827,
2026-07-17,NSE,HCLTECH,raw_l2/trade_date=2026-07-17/exchange=NSE/symbol=HCLTECH/part-061514_043770-020555.parquet,real_data_sample\l2_unseen_validation\trade_date=2026-07-17\exchange=NSE\symbol=HCLTECH\part-061514_043770-020555.parquet,34599,downloaded,34599,
2026-07-17,NSE,HCLTECH,raw_l2/trade_date=2026-07-17/exchange=NSE/symbol=HCLTECH/part-055030_522267-017227.parquet,real_data_sample\l2_unseen_validation\trade_date=2026-07-17\exchange=NSE\symbol=HCLTECH\part-055030_522267-017227.parquet,34649,downloaded,34649,
2026-07-17,NSE,HCLTECH,raw_l2/trade_date=2026-07-17/exchange=NSE/symbol=HCLTECH/part-061557_366324-020651.parquet,real_data_sample\l2_unseen_validation\trade_date=2026-07-17\exchange=NSE\symbol=HCLTECH\part-061557_366324-020651.parquet,34844,downloaded,34844,
2026-07-17,NSE,HCLTECH,raw_l2/trade_date=2026-07-17/exchange=NSE/symbol=HCLTECH/part-061542_764191-020619.parquet,real_data_sample\l2_unseen_validation\trade_date=2026-07-17\exchange=NSE\symbol=HCLTECH\part-061542_764191-020619.parquet,34731,downloaded,34731,
2026-07-17,NSE,HCLTECH,raw_l2/trade_date=2026-07-17/exchange=NSE/symbol=HCLTECH/part-061612_089684-020683.parquet,real_data_sample\l2_unseen_validation\trade_date=2026-07-17\exchange=NSE\symbol=HCLTECH\part-061612_089684-020683.parquet,34693,downloaded,34693,
2026-07-17,NSE,HCLTECH,raw_l2/trade_date=2026-07-17/exchange=NSE/symbol=HCLTECH/part-061627_542808-020715.parquet,real_data_sample\l2_unseen_validation\trade_date=2026-07-17\exchange=NSE\symbol=HCLTECH\part-061627_542808-020715.parquet,34969,downloaded,34969,
2026-07-17,NSE,HCLTECH,raw_l2/trade_date=2026-07-17/exchange=NSE/symbol=HCLTECH/part-061641_720498-020747.parquet,real_data_sample\l2_unseen_validation\trade_date=2026-07-17\exchange=NSE\symbol=HCLTECH\part-061641_720498-020747.parquet,34709,downloaded,34709,
2026-07-17,NSE,HCLTECH,raw_l2/trade_date=2026-07-17/exchange=NSE/symbol=HCLTECH/part-061709_978243-020811.parquet,real_data_sample\l2_unseen_validation\trade_date=2026-07-17\exchange=NSE\symbol=HCLTECH\part-061709_978243-020811.parquet,34647,downloaded,34647,
2026-07-17,NSE,HCLTECH,raw_l2/trade_date=2026-07-17/exchange=NSE/symbol=HCLTECH/part-061655_689103-020779.parquet,real_data_sample\l2_unseen_validation\trade_date=2026-07-17\exchange=NSE\symbol=HCLTECH\part-061655_689103-020779.parquet,34806,downloaded,34806,
2026-07-17,NSE,HCLTECH,raw_l2/trade_date=2026-07-17/exchange=NSE/symbol=HCLTECH/part-061904_714292-021067.parquet,real_data_sample\l2_unseen_validation\trade_date=2026-07-17\exchange=NSE\symbol=HCLTECH\part-061904_714292-021067.parquet,34579,downloaded,34579,
2026-07-17,NSE,HCLTECH,raw_l2/trade_date=2026-07-17/exchange=NSE/symbol=HCLTECH/part-061807_391871-020939.parquet,real_data_sample\l2_unseen_validation\trade_date=2026-07-17\exchange=NSE\symbol=HCLTECH\part-061807_391871-020939.parquet,35309,downloaded,35309,
2026-07-17,NSE,HCLTECH,raw_l2/trade_date=2026-07-17/exchange=NSE/symbol=HCLTECH/part-061752_477484-020907.parquet,real_data_sample\l2_unseen_validation\trade_date=2026-07-17\exchange=NSE\symbol=HCLTECH\part-061752_477484-020907.parquet,35384,downloaded,35384,
2026-07-17,NSE,HCLTECH,raw_l2/trade_date=2026-07-17/exchange=NSE/symbol=HCLTECH/part-061850_711359-021035.parquet,real_data_sample\l2_unseen_validation\trade_date=2026-07-17\exchange=NSE\symbol=HCLTECH\part-061850_711359-021035.parquet,34803,downloaded,34803,
2026-07-17,NSE,HCLTECH,raw_l2/trade_date=2026-07-17/exchange=NSE/symbol=HCLTECH/part-061724_231921-020843.parquet,real_data_sample\l2_unseen_validation\trade_date=2026-07-17\exchange=NSE\symbol=HCLTECH\part-061724_231921-020843.parquet,35427,downloaded,35427,
2026-07-17,NSE,HCLTECH,raw_l2/trade_date=2026-07-17/exchange=NSE/symbol=HCLTECH/part-061919_060474-021099.parquet,real_data_sample\l2_unseen_validation\trade_date=2026-07-17\exchange=NSE\symbol=HCLTECH\part-061919_060474-021099.parquet,34761,downloaded,34761,
2026-07-17,NSE,HCLTECH,raw_l2/trade_date=2026-07-17/exchange=NSE/symbol=HCLTECH/part-061947_749663-021163.parquet,real_data_sample\l2_unseen_validation\trade_date=2026-07-17\exchange=NSE\symbol=HCLTECH\part-061947_749663-021163.parquet,34827,downloaded,34827,
2026-07-17,NSE,HCLTECH,raw_l2/trade_date=2026-07-17/exchange=NSE/symbol=HCLTECH/part-061836_464987-021003.parquet,real_data_sample\l2_unseen_validation\trade_date=2026-07-17\exchange=NSE\symbol=HCLTECH\part-061836_464987-021003.parquet,34618,downloaded,34618,
2026-07-17,NSE,HCLTECH,raw_l2/trade_date=2026-07-17/exchange=NSE/symbol=HCLTECH/part-061933_685777-021131.parquet,real_data_sample\l2_unseen_validation\trade_date=2026-07-17\exchange=NSE\symbol=HCLTECH\part-061933_685777-021131.parquet,34655,downloaded,34655,
2026-07-17,NSE,HCLTECH,raw_l2/trade_date=2026-07-17/exchange=NSE/symbol=HCLTECH/part-062059_541682-021323.parquet,real_data_sample\l2_unseen_validation\trade_date=2026-07-17\exchange=NSE\symbol=HCLTECH\part-062059_541682-021323.parquet,34833,downloaded,34833,
2026-07-17,NSE,HCLTECH,raw_l2/trade_date=2026-07-17/exchange=NSE/symbol=HCLTECH/part-062016_193791-021227.parquet,real_data_sample\l2_unseen_validation\trade_date=2026-07-17\exchange=NSE\symbol=HCLTECH\part-062016_193791-021227.parquet,34935,downloaded,34935,
2026-07-17,NSE,HCLTECH,raw_l2/trade_date=2026-07-17/exchange=NSE/symbol=HCLTECH/part-061738_222035-020875.parquet,real_data_sample\l2_unseen_validation\trade_date=2026-07-17\exchange=NSE\symbol=HCLTECH\part-061738_222035-020875.parquet,35326,downloaded,35326,
2026-07-17,NSE,HCLTECH,raw_l2/trade_date=2026-07-17/exchange=NSE/symbol=HCLTECH/part-061821_628718-020971.parquet,real_data_sample\l2_unseen_validation\trade_date=2026-07-17\exchange=NSE\symbol=HCLTECH\part-061821_628718-020971.parquet,34829,downloaded,34829,
2026-07-17,NSE,HCLTECH,raw_l2/trade_date=2026-07-17/exchange=NSE/symbol=HCLTECH/part-062128_246405-021387.parquet,real_data_sample\l2_unseen_validation\trade_date=2026-07-17\exchange=NSE\symbol=HCLTECH\part-062128_246405-021387.parquet,34593,downloaded,34593,
2026-07-17,NSE,HCLTECH,raw_l2/trade_date=2026-07-17/exchange=NSE/symbol=HCLTECH/part-062045_064114-021291.parquet,real_data_sample\l2_unseen_validation\trade_date=2026-07-17\exchange=NSE\symbol=HCLTECH\part-062045_064114-021291.parquet,34852,downloaded,34852,
2026-07-17,NSE,HCLTECH,raw_l2/trade_date=2026-07-17/exchange=NSE/symbol=HCLTECH/part-062114_108106-021355.parquet,real_data_sample\l2_unseen_validation\trade_date=2026-07-17\exchange=NSE\symbol=HCLTECH\part-062114_108106-021355.parquet,34685,downloaded,34685,
2026-07-17,NSE,HCLTECH,raw_l2/trade_date=2026-07-17/exchange=NSE/symbol=HCLTECH/part-062002_004272-021195.parquet,real_data_sample\l2_unseen_validation\trade_date=2026-07-17\exchange=NSE\symbol=HCLTECH\part-062002_004272-021195.parquet,34981,downloaded,34981,
2026-07-17,NSE,HCLTECH,raw_l2/trade_date=2026-07-17/exchange=NSE/symbol=HCLTECH/part-062142_158337-021419.parquet,real_data_sample\l2_unseen_validation\trade_date=2026-07-17\exchange=NSE\symbol=HCLTECH\part-062142_158337-021419.parquet,34686,downloaded,34686,
2026-07-17,NSE,HCLTECH,raw_l2/trade_date=2026-07-17/exchange=NSE/symbol=HCLTECH/part-062030_301233-021259.parquet,real_data_sample\l2_unseen_validation\trade_date=2026-07-17\exchange=NSE\symbol=HCLTECH\part-062030_301233-021259.parquet,34810,downloaded,34810,
2026-07-17,NSE,HCLTECH,raw_l2/trade_date=2026-07-17/exchange=NSE/symbol=HCLTECH/part-062156_449692-021451.parquet,real_data_sample\l2_unseen_validation\trade_date=2026-07-17\exchange=NSE\symbol=HCLTECH\part-062156_449692-021451.parquet,34796,downloaded,34796,
2026-07-17,NSE,HCLTECH,raw_l2/trade_date=2026-07-17/exchange=NSE/symbol=HCLTECH/part-062210_581833-021483.parquet,real_data_sample\l2_unseen_validation\trade_date=2026-07-17\exchange=NSE\symbol=HCLTECH\part-062210_581833-021483.parquet,34791,downloaded,34791,
2026-07-17,NSE,HCLTECH,raw_l2/trade_date=2026-07-17/exchange=NSE/symbol=HCLTECH/part-062322_250575-021643.parquet,real_data_sample\l2_unseen_validation\trade_date=2026-07-17\exchange=NSE\symbol=HCLTECH\part-062322_250575-021643.parquet,34836,downloaded,34836,
2026-07-17,NSE,HCLTECH,raw_l2/trade_date=2026-07-17/exchange=NSE/symbol=HCLTECH/part-062307_862728-021611.parquet,real_data_sample\l2_unseen_validation\trade_date=2026-07-17\exchange=NSE\symbol=HCLTECH\part-062307_862728-021611.parquet,34724,downloaded,34724,
2026-07-17,NSE,HCLTECH,raw_l2/trade_date=2026-07-17/exchange=NSE/symbol=HCLTECH/part-062253_473452-021579.parquet,real_data_sample\l2_unseen_validation\trade_date=2026-07-17\exchange=NSE\symbol=HCLTECH\part-062253_473452-021579.parquet,34657,downloaded,34657,
2026-07-17,NSE,HCLTECH,raw_l2/trade_date=2026-07-17/exchange=NSE/symbol=HCLTECH/part-062336_494575-021675.parquet,real_data_sample\l2_unseen_validation\trade_date=2026-07-17\exchange=NSE\symbol=HCLTECH\part-062336_494575-021675.parquet,34822,downloaded,34822,
2026-07-17,NSE,HCLTECH,raw_l2/trade_date=2026-07-17/exchange=NSE/symbol=HCLTECH/part-062239_250767-021547.parquet,real_data_sample\l2_unseen_validation\trade_date=2026-07-17\exchange=NSE\symbol=HCLTECH\part-062239_250767-021547.parquet,34632,downloaded,34632,
2026-07-17,NSE,HCLTECH,raw_l2/trade_date=2026-07-17/exchange=NSE/symbol=HCLTECH/part-062350_456803-021707.parquet,real_data_sample\l2_unseen_validation\trade_date=2026-07-17\exchange=NSE\symbol=HCLTECH\part-062350_456803-021707.parquet,34584,downloaded,34584,
2026-07-17,NSE,HCLTECH,raw_l2/trade_date=2026-07-17/exchange=NSE/symbol=HCLTECH/part-062404_495351-021739.parquet,real_data_sample\l2_unseen_validation\trade_date=2026-07-17\exchange=NSE\symbol=HCLTECH\part-062404_495351-021739.parquet,34519,downloaded,34519,
2026-07-17,NSE,HCLTECH,raw_l2/trade_date=2026-07-17/exchange=NSE/symbol=HCLTECH/part-062432_712719-021803.parquet,real_data_sample\l2_unseen_validation\trade_date=2026-07-17\exchange=NSE\symbol=HCLTECH\part-062432_712719-021803.parquet,34655,downloaded,34655,
2026-07-17,NSE,HCLTECH,raw_l2/trade_date=2026-07-17/exchange=NSE/symbol=HCLTECH/part-062418_678479-021771.parquet,real_data_sample\l2_unseen_validation\trade_date=2026-07-17\exchange=NSE\symbol=HCLTECH\part-062418_678479-021771.parquet,34967,downloaded,34967,
2026-07-17,NSE,HCLTECH,raw_l2/trade_date=2026-07-17/exchange=NSE/symbol=HCLTECH/part-062446_917712-021835.parquet,real_data_sample\l2_unseen_validation\trade_date=2026-07-17\exchange=NSE\symbol=HCLTECH\part-062446_917712-021835.parquet,34868,downloaded,34868,
2026-07-17,NSE,HCLTECH,raw_l2/trade_date=2026-07-17/exchange=NSE/symbol=HCLTECH/part-062557_194965-021995.parquet,real_data_sample\l2_unseen_validation\trade_date=2026-07-17\exchange=NSE\symbol=HCLTECH\part-062557_194965-021995.parquet,34717,downloaded,34717,
2026-07-17,NSE,HCLTECH,raw_l2/trade_date=2026-07-17/exchange=NSE/symbol=HCLTECH/part-062653_746369-022123.parquet,real_data_sample\l2_unseen_validation\trade_date=2026-07-17\exchange=NSE\symbol=HCLTECH\part-062653_746369-022123.parquet,34788,downloaded,34788,
2026-07-17,NSE,HCLTECH,raw_l2/trade_date=2026-07-17/exchange=NSE/symbol=HCLTECH/part-062639_460299-022091.parquet,real_data_sample\l2_unseen_validation\trade_date=2026-07-17\exchange=NSE\symbol=HCLTECH\part-062639_460299-022091.parquet,34761,downloaded,34761,
2026-07-17,NSE,HCLTECH,raw_l2/trade_date=2026-07-17/exchange=NSE/symbol=HCLTECH/part-062625_208887-022059.parquet,real_data_sample\l2_unseen_validation\trade_date=2026-07-17\exchange=NSE\symbol=HCLTECH\part-062625_208887-022059.parquet,34795,downloaded,34795,
2026-07-17,NSE,HCLTECH,raw_l2/trade_date=2026-07-17/exchange=NSE/symbol=HCLTECH/part-062611_214224-022027.parquet,real_data_sample\l2_unseen_validation\trade_date=2026-07-17\exchange=NSE\symbol=HCLTECH\part-062611_214224-022027.parquet,34797,downloaded,34797,
2026-07-17,NSE,HCLTECH,raw_l2/trade_date=2026-07-17/exchange=NSE/symbol=HCLTECH/part-062501_053645-021867.parquet,real_data_sample\l2_unseen_validation\trade_date=2026-07-17\exchange=NSE\symbol=HCLTECH\part-062501_053645-021867.parquet,34939,downloaded,34939,
2026-07-17,NSE,HCLTECH,raw_l2/trade_date=2026-07-17/exchange=NSE/symbol=HCLTECH/part-062543_184082-021963.parquet,real_data_sample\l2_unseen_validation\trade_date=2026-07-17\exchange=NSE\symbol=HCLTECH\part-062543_184082-021963.parquet,34854,downloaded,34854,
2026-07-17,NSE,HCLTECH,raw_l2/trade_date=2026-07-17/exchange=NSE/symbol=HCLTECH/part-062529_176678-021931.parquet,real_data_sample\l2_unseen_validation\trade_date=2026-07-17\exchange=NSE\symbol=HCLTECH\part-062529_176678-021931.parquet,34870,downloaded,34870,
2026-07-17,NSE,HCLTECH,raw_l2/trade_date=2026-07-17/exchange=NSE/symbol=HCLTECH/part-062515_380850-021899.parquet,real_data_sample\l2_unseen_validation\trade_date=2026-07-17\exchange=NSE\symbol=HCLTECH\part-062515_380850-021899.parquet,34810,downloaded,34810,
2026-07-17,NSE,HCLTECH,raw_l2/trade_date=2026-07-17/exchange=NSE/symbol=HCLTECH/part-062736_649657-022219.parquet,real_data_sample\l2_unseen_validation\trade_date=2026-07-17\exchange=NSE\symbol=HCLTECH\part-062736_649657-022219.parquet,34762,downloaded,34762,
2026-07-17,NSE,HCLTECH,raw_l2/trade_date=2026-07-17/exchange=NSE/symbol=HCLTECH/part-062707_750364-022155.parquet,real_data_sample\l2_unseen_validation\trade_date=2026-07-17\exchange=NSE\symbol=HCLTECH\part-062707_750364-022155.parquet,34792,downloaded,34792,
2026-07-17,NSE,HCLTECH,raw_l2/trade_date=2026-07-17/exchange=NSE/symbol=HCLTECH/part-062722_503674-022187.parquet,real_data_sample\l2_unseen_validation\trade_date=2026-07-17\exchange=NSE\symbol=HCLTECH\part-062722_503674-022187.parquet,34997,downloaded,34997,
2026-07-17,NSE,HCLTECH,raw_l2/trade_date=2026-07-17/exchange=NSE/symbol=HCLTECH/part-062224_997802-021515.parquet,real_data_sample\l2_unseen_validation\trade_date=2026-07-17\exchange=NSE\symbol=HCLTECH\part-062224_997802-021515.parquet,34722,downloaded,34722,
2026-07-17,NSE,HCLTECH,raw_l2/trade_date=2026-07-17/exchange=NSE/symbol=HCLTECH/part-062959_676416-022539.parquet,real_data_sample\l2_unseen_validation\trade_date=2026-07-17\exchange=NSE\symbol=HCLTECH\part-062959_676416-022539.parquet,34712,downloaded,34712,
2026-07-17,NSE,HCLTECH,raw_l2/trade_date=2026-07-17/exchange=NSE/symbol=HCLTECH/part-062915_960520-022443.parquet,real_data_sample\l2_unseen_validation\trade_date=2026-07-17\exchange=NSE\symbol=HCLTECH\part-062915_960520-022443.parquet,34673,downloaded,34673,
2026-07-17,NSE,HCLTECH,raw_l2/trade_date=2026-07-17/exchange=NSE/symbol=HCLTECH/part-062930_961463-022475.parquet,real_data_sample\l2_unseen_validation\trade_date=2026-07-17\exchange=NSE\symbol=HCLTECH\part-062930_961463-022475.parquet,34641,downloaded,34641,
2026-07-17,NSE,HCLTECH,raw_l2/trade_date=2026-07-17/exchange=NSE/symbol=HCLTECH/part-062833_653039-022347.parquet,real_data_sample\l2_unseen_validation\trade_date=2026-07-17\exchange=NSE\symbol=HCLTECH\part-062833_653039-022347.parquet,34841,downloaded,34841,
2026-07-17,NSE,HCLTECH,raw_l2/trade_date=2026-07-17/exchange=NSE/symbol=HCLTECH/part-063028_339654-022603.parquet,real_data_sample\l2_unseen_validation\trade_date=2026-07-17\exchange=NSE\symbol=HCLTECH\part-063028_339654-022603.parquet,34607,downloaded,34607,
2026-07-17,NSE,HCLTECH,raw_l2/trade_date=2026-07-17/exchange=NSE/symbol=HCLTECH/part-062751_031664-022251.parquet,real_data_sample\l2_unseen_validation\trade_date=2026-07-17\exchange=NSE\symbol=HCLTECH\part-062751_031664-022251.parquet,34693,downloaded,34693,
2026-07-17,NSE,HCLTECH,raw_l2/trade_date=2026-07-17/exchange=NSE/symbol=HCLTECH/part-063042_457717-022635.parquet,real_data_sample\l2_unseen_validation\trade_date=2026-07-17\exchange=NSE\symbol=HCLTECH\part-063042_457717-022635.parquet,34659,downloaded,34659,
2026-07-17,NSE,HCLTECH,raw_l2/trade_date=2026-07-17/exchange=NSE/symbol=HCLTECH/part-063014_212290-022571.parquet,real_data_sample\l2_unseen_validation\trade_date=2026-07-17\exchange=NSE\symbol=HCLTECH\part-063014_212290-022571.parquet,34760,downloaded,34760,
2026-07-17,NSE,HCLTECH,raw_l2/trade_date=2026-07-17/exchange=NSE/symbol=HCLTECH/part-062805_250170-022283.parquet,real_data_sample\l2_unseen_validation\trade_date=2026-07-17\exchange=NSE\symbol=HCLTECH\part-062805_250170-022283.parquet,34888,downloaded,34888,
2026-07-17,NSE,HCLTECH,raw_l2/trade_date=2026-07-17/exchange=NSE/symbol=HCLTECH/part-062847_981322-022379.parquet,real_data_sample\l2_unseen_validation\trade_date=2026-07-17\exchange=NSE\symbol=HCLTECH\part-062847_981322-022379.parquet,35041,downloaded,35041,
2026-07-17,NSE,HCLTECH,raw_l2/trade_date=2026-07-17/exchange=NSE/symbol=HCLTECH/part-062819_729817-022315.parquet,real_data_sample\l2_unseen_validation\trade_date=2026-07-17\exchange=NSE\symbol=HCLTECH\part-062819_729817-022315.parquet,34808,downloaded,34808,
2026-07-17,NSE,HCLTECH,raw_l2/trade_date=2026-07-17/exchange=NSE/symbol=HCLTECH/part-062901_936628-022411.parquet,real_data_sample\l2_unseen_validation\trade_date=2026-07-17\exchange=NSE\symbol=HCLTECH\part-062901_936628-022411.parquet,34779,downloaded,34779,
2026-07-17,NSE,HCLTECH,raw_l2/trade_date=2026-07-17/exchange=NSE/symbol=HCLTECH/part-063056_513518-022667.parquet,real_data_sample\l2_unseen_validation\trade_date=2026-07-17\exchange=NSE\symbol=HCLTECH\part-063056_513518-022667.parquet,34992,downloaded,34992,
2026-07-17,NSE,HCLTECH,raw_l2/trade_date=2026-07-17/exchange=NSE/symbol=HCLTECH/part-062945_228369-022507.parquet,real_data_sample\l2_unseen_validation\trade_date=2026-07-17\exchange=NSE\symbol=HCLTECH\part-062945_228369-022507.parquet,34917,downloaded,34917,
2026-07-17,NSE,HCLTECH,raw_l2/trade_date=2026-07-17/exchange=NSE/symbol=HCLTECH/part-063124_995149-022731.parquet,real_data_sample\l2_unseen_validation\trade_date=2026-07-17\exchange=NSE\symbol=HCLTECH\part-063124_995149-022731.parquet,34749,downloaded,34749,
2026-07-17,NSE,HCLTECH,raw_l2/trade_date=2026-07-17/exchange=NSE/symbol=HCLTECH/part-063110_854007-022699.parquet,real_data_sample\l2_unseen_validation\trade_date=2026-07-17\exchange=NSE\symbol=HCLTECH\part-063110_854007-022699.parquet,34726,downloaded,34726,
2026-07-17,NSE,HCLTECH,raw_l2/trade_date=2026-07-17/exchange=NSE/symbol=HCLTECH/part-055045_193139-017259.parquet,real_data_sample\l2_unseen_validation\trade_date=2026-07-17\exchange=NSE\symbol=HCLTECH\part-055045_193139-017259.parquet,35030,downloaded,35030,
2026-07-17,NSE,HCLTECH,raw_l2/trade_date=2026-07-17/exchange=NSE/symbol=HCLTECH/part-055059_680947-017291.parquet,real_data_sample\l2_unseen_validation\trade_date=2026-07-17\exchange=NSE\symbol=HCLTECH\part-055059_680947-017291.parquet,35006,downloaded,35006,
2026-07-17,NSE,HCLTECH,raw_l2/trade_date=2026-07-17/exchange=NSE/symbol=HCLTECH/part-054904_776741-017035.parquet,real_data_sample\l2_unseen_validation\trade_date=2026-07-17\exchange=NSE\symbol=HCLTECH\part-054904_776741-017035.parquet,34946,downloaded,34946,
2026-07-17,NSE,HCLTECH,raw_l2/trade_date=2026-07-17/exchange=NSE/symbol=HCLTECH/part-063139_188665-022763.parquet,real_data_sample\l2_unseen_validation\trade_date=2026-07-17\exchange=NSE\symbol=HCLTECH\part-063139_188665-022763.parquet,34775,downloaded,34775,
2026-07-17,NSE,HCLTECH,raw_l2/trade_date=2026-07-17/exchange=NSE/symbol=HCLTECH/part-063331_786872-023019.parquet,real_data_sample\l2_unseen_validation\trade_date=2026-07-17\exchange=NSE\symbol=HCLTECH\part-063331_786872-023019.parquet,34650,downloaded,34650,
2026-07-17,NSE,HCLTECH,raw_l2/trade_date=2026-07-17/exchange=NSE/symbol=HCLTECH/part-063234_929952-022891.parquet,real_data_sample\l2_unseen_validation\trade_date=2026-07-17\exchange=NSE\symbol=HCLTECH\part-063234_929952-022891.parquet,34634,downloaded,34634,
2026-07-17,NSE,HCLTECH,raw_l2/trade_date=2026-07-17/exchange=NSE/symbol=HCLTECH/part-063345_939999-023051.parquet,real_data_sample\l2_unseen_validation\trade_date=2026-07-17\exchange=NSE\symbol=HCLTECH\part-063345_939999-023051.parquet,34898,downloaded,34898,
2026-07-17,NSE,HCLTECH,raw_l2/trade_date=2026-07-17/exchange=NSE/symbol=HCLTECH/part-063248_838047-022923.parquet,real_data_sample\l2_unseen_validation\trade_date=2026-07-17\exchange=NSE\symbol=HCLTECH\part-063248_838047-022923.parquet,34682,downloaded,34682,
2026-07-17,NSE,HCLTECH,raw_l2/trade_date=2026-07-17/exchange=NSE/symbol=HCLTECH/part-063220_911636-022859.parquet,real_data_sample\l2_unseen_validation\trade_date=2026-07-17\exchange=NSE\symbol=HCLTECH\part-063220_911636-022859.parquet,34652,downloaded,34652,
2026-07-17,NSE,HCLTECH,raw_l2/trade_date=2026-07-17/exchange=NSE/symbol=HCLTECH/part-063428_205214-023147.parquet,real_data_sample\l2_unseen_validation\trade_date=2026-07-17\exchange=NSE\symbol=HCLTECH\part-063428_205214-023147.parquet,34690,downloaded,34690,
2026-07-17,NSE,HCLTECH,raw_l2/trade_date=2026-07-17/exchange=NSE/symbol=HCLTECH/part-063206_929309-022827.parquet,real_data_sample\l2_unseen_validation\trade_date=2026-07-17\exchange=NSE\symbol=HCLTECH\part-063206_929309-022827.parquet,34817,downloaded,34817,
2026-07-17,NSE,HCLTECH,raw_l2/trade_date=2026-07-17/exchange=NSE/symbol=HCLTECH/part-063303_029286-022955.parquet,real_data_sample\l2_unseen_validation\trade_date=2026-07-17\exchange=NSE\symbol=HCLTECH\part-063303_029286-022955.parquet,34689,downloaded,34689,
2026-07-17,NSE,HCLTECH,raw_l2/trade_date=2026-07-17/exchange=NSE/symbol=HCLTECH/part-063317_282342-022987.parquet,real_data_sample\l2_unseen_validation\trade_date=2026-07-17\exchange=NSE\symbol=HCLTECH\part-063317_282342-022987.parquet,34646,downloaded,34646,
2026-07-17,NSE,HCLTECH,raw_l2/trade_date=2026-07-17/exchange=NSE/symbol=HCLTECH/part-063359_960412-023083.parquet,real_data_sample\l2_unseen_validation\trade_date=2026-07-17\exchange=NSE\symbol=HCLTECH\part-063359_960412-023083.parquet,34870,downloaded,34870,
2026-07-17,NSE,HCLTECH,raw_l2/trade_date=2026-07-17/exchange=NSE/symbol=HCLTECH/part-063153_158860-022795.parquet,real_data_sample\l2_unseen_validation\trade_date=2026-07-17\exchange=NSE\symbol=HCLTECH\part-063153_158860-022795.parquet,34781,downloaded,34781,
2026-07-17,NSE,HCLTECH,raw_l2/trade_date=2026-07-17/exchange=NSE/symbol=HCLTECH/part-063414_185207-023115.parquet,real_data_sample\l2_unseen_validation\trade_date=2026-07-17\exchange=NSE\symbol=HCLTECH\part-063414_185207-023115.parquet,34634,downloaded,34634,
2026-07-17,NSE,HCLTECH,raw_l2/trade_date=2026-07-17/exchange=NSE/symbol=HCLTECH/part-063456_172193-023211.parquet,real_data_sample\l2_unseen_validation\trade_date=2026-07-17\exchange=NSE\symbol=HCLTECH\part-063456_172193-023211.parquet,34881,downloaded,34881,
2026-07-17,NSE,HCLTECH,raw_l2/trade_date=2026-07-17/exchange=NSE/symbol=HCLTECH/part-063524_652677-023275.parquet,real_data_sample\l2_unseen_validation\trade_date=2026-07-17\exchange=NSE\symbol=HCLTECH\part-063524_652677-023275.parquet,34751,downloaded,34751,
2026-07-17,NSE,HCLTECH,raw_l2/trade_date=2026-07-17/exchange=NSE/symbol=HCLTECH/part-063442_170488-023179.parquet,real_data_sample\l2_unseen_validation\trade_date=2026-07-17\exchange=NSE\symbol=HCLTECH\part-063442_170488-023179.parquet,34773,downloaded,34773,
2026-07-17,NSE,HCLTECH,raw_l2/trade_date=2026-07-17/exchange=NSE/symbol=HCLTECH/part-063730_095369-023563.parquet,real_data_sample\l2_unseen_validation\trade_date=2026-07-17\exchange=NSE\symbol=HCLTECH\part-063730_095369-023563.parquet,34737,downloaded,34737,
2026-07-17,NSE,HCLTECH,raw_l2/trade_date=2026-07-17/exchange=NSE/symbol=HCLTECH/part-063634_192510-023435.parquet,real_data_sample\l2_unseen_validation\trade_date=2026-07-17\exchange=NSE\symbol=HCLTECH\part-063634_192510-023435.parquet,34602,downloaded,34602,
2026-07-17,NSE,HCLTECH,raw_l2/trade_date=2026-07-17/exchange=NSE/symbol=HCLTECH/part-063648_170492-023467.parquet,real_data_sample\l2_unseen_validation\trade_date=2026-07-17\exchange=NSE\symbol=HCLTECH\part-063648_170492-023467.parquet,34774,downloaded,34774,
2026-07-17,NSE,HCLTECH,raw_l2/trade_date=2026-07-17/exchange=NSE/symbol=HCLTECH/part-063606_197817-023371.parquet,real_data_sample\l2_unseen_validation\trade_date=2026-07-17\exchange=NSE\symbol=HCLTECH\part-063606_197817-023371.parquet,34741,downloaded,34741,
2026-07-17,NSE,HCLTECH,raw_l2/trade_date=2026-07-17/exchange=NSE/symbol=HCLTECH/part-063510_243559-023243.parquet,real_data_sample\l2_unseen_validation\trade_date=2026-07-17\exchange=NSE\symbol=HCLTECH\part-063510_243559-023243.parquet,34724,downloaded,34724,
2026-07-17,NSE,HCLTECH,raw_l2/trade_date=2026-07-17/exchange=NSE/symbol=HCLTECH/part-063620_181339-023403.parquet,real_data_sample\l2_unseen_validation\trade_date=2026-07-17\exchange=NSE\symbol=HCLTECH\part-063620_181339-023403.parquet,34654,downloaded,34654,
2026-07-17,NSE,HCLTECH,raw_l2/trade_date=2026-07-17/exchange=NSE/symbol=HCLTECH/part-063744_126547-023595.parquet,real_data_sample\l2_unseen_validation\trade_date=2026-07-17\exchange=NSE\symbol=HCLTECH\part-063744_126547-023595.parquet,34750,downloaded,34750,
2026-07-17,NSE,HCLTECH,raw_l2/trade_date=2026-07-17/exchange=NSE/symbol=HCLTECH/part-063811_724339-023659.parquet,real_data_sample\l2_unseen_validation\trade_date=2026-07-17\exchange=NSE\symbol=HCLTECH\part-063811_724339-023659.parquet,34864,downloaded,34864,
2026-07-17,NSE,HCLTECH,raw_l2/trade_date=2026-07-17/exchange=NSE/symbol=HCLTECH/part-063702_241992-023499.parquet,real_data_sample\l2_unseen_validation\trade_date=2026-07-17\exchange=NSE\symbol=HCLTECH\part-063702_241992-023499.parquet,34804,downloaded,34804,
2026-07-17,NSE,HCLTECH,raw_l2/trade_date=2026-07-17/exchange=NSE/symbol=HCLTECH/part-063552_376392-023339.parquet,real_data_sample\l2_unseen_validation\trade_date=2026-07-17\exchange=NSE\symbol=HCLTECH\part-063552_376392-023339.parquet,34688,downloaded,34688,
2026-07-17,NSE,HCLTECH,raw_l2/trade_date=2026-07-17/exchange=NSE/symbol=HCLTECH/part-063716_233121-023531.parquet,real_data_sample\l2_unseen_validation\trade_date=2026-07-17\exchange=NSE\symbol=HCLTECH\part-063716_233121-023531.parquet,34834,downloaded,34834,
2026-07-17,NSE,HCLTECH,raw_l2/trade_date=2026-07-17/exchange=NSE/symbol=HCLTECH/part-063538_436721-023307.parquet,real_data_sample\l2_unseen_validation\trade_date=2026-07-17\exchange=NSE\symbol=HCLTECH\part-063538_436721-023307.parquet,34801,downloaded,34801,
2026-07-17,NSE,HCLTECH,raw_l2/trade_date=2026-07-17/exchange=NSE/symbol=HCLTECH/part-063757_875010-023627.parquet,real_data_sample\l2_unseen_validation\trade_date=2026-07-17\exchange=NSE\symbol=HCLTECH\part-063757_875010-023627.parquet,34945,downloaded,34945,
2026-07-17,NSE,HCLTECH,raw_l2/trade_date=2026-07-17/exchange=NSE/symbol=HCLTECH/part-063854_900038-023755.parquet,real_data_sample\l2_unseen_validation\trade_date=2026-07-17\exchange=NSE\symbol=HCLTECH\part-063854_900038-023755.parquet,35116,downloaded,35116,
2026-07-17,NSE,HCLTECH,raw_l2/trade_date=2026-07-17/exchange=NSE/symbol=HCLTECH/part-063909_166590-023787.parquet,real_data_sample\l2_unseen_validation\trade_date=2026-07-17\exchange=NSE\symbol=HCLTECH\part-063909_166590-023787.parquet,34742,downloaded,34742,
2026-07-17,NSE,HCLTECH,raw_l2/trade_date=2026-07-17/exchange=NSE/symbol=HCLTECH/part-064033_085207-023979.parquet,real_data_sample\l2_unseen_validation\trade_date=2026-07-17\exchange=NSE\symbol=HCLTECH\part-064033_085207-023979.parquet,34682,downloaded,34682,
2026-07-17,NSE,HCLTECH,raw_l2/trade_date=2026-07-17/exchange=NSE/symbol=HCLTECH/part-064004_926182-023915.parquet,real_data_sample\l2_unseen_validation\trade_date=2026-07-17\exchange=NSE\symbol=HCLTECH\part-064004_926182-023915.parquet,35623,downloaded,35623,
2026-07-17,NSE,HCLTECH,raw_l2/trade_date=2026-07-17/exchange=NSE/symbol=HCLTECH/part-063951_183753-023883.parquet,real_data_sample\l2_unseen_validation\trade_date=2026-07-17\exchange=NSE\symbol=HCLTECH\part-063951_183753-023883.parquet,35578,downloaded,35578,
2026-07-17,NSE,HCLTECH,raw_l2/trade_date=2026-07-17/exchange=NSE/symbol=HCLTECH/part-063923_147434-023819.parquet,real_data_sample\l2_unseen_validation\trade_date=2026-07-17\exchange=NSE\symbol=HCLTECH\part-063923_147434-023819.parquet,35606,downloaded,35606,
2026-07-17,NSE,HCLTECH,raw_l2/trade_date=2026-07-17/exchange=NSE/symbol=HCLTECH/part-063937_154177-023851.parquet,real_data_sample\l2_unseen_validation\trade_date=2026-07-17\exchange=NSE\symbol=HCLTECH\part-063937_154177-023851.parquet,35948,downloaded,35948,
2026-07-17,NSE,HCLTECH,raw_l2/trade_date=2026-07-17/exchange=NSE/symbol=HCLTECH/part-064019_062787-023947.parquet,real_data_sample\l2_unseen_validation\trade_date=2026-07-17\exchange=NSE\symbol=HCLTECH\part-064019_062787-023947.parquet,35103,downloaded,35103,
2026-07-17,NSE,HCLTECH,raw_l2/trade_date=2026-07-17/exchange=NSE/symbol=HCLTECH/part-064252_099465-024299.parquet,real_data_sample\l2_unseen_validation\trade_date=2026-07-17\exchange=NSE\symbol=HCLTECH\part-064252_099465-024299.parquet,34586,downloaded,34586,
2026-07-17,NSE,HCLTECH,raw_l2/trade_date=2026-07-17/exchange=NSE/symbol=HCLTECH/part-063825_983163-023691.parquet,real_data_sample\l2_unseen_validation\trade_date=2026-07-17\exchange=NSE\symbol=HCLTECH\part-063825_983163-023691.parquet,35039,downloaded,35039,
2026-07-17,NSE,HCLTECH,raw_l2/trade_date=2026-07-17/exchange=NSE/symbol=HCLTECH/part-063840_233017-023723.parquet,real_data_sample\l2_unseen_validation\trade_date=2026-07-17\exchange=NSE\symbol=HCLTECH\part-063840_233017-023723.parquet,34998,downloaded,34998,
2026-07-17,NSE,HCLTECH,raw_l2/trade_date=2026-07-17/exchange=NSE/symbol=HCLTECH/part-064429_138245-024523.parquet,real_data_sample\l2_unseen_validation\trade_date=2026-07-17\exchange=NSE\symbol=HCLTECH\part-064429_138245-024523.parquet,34704,downloaded,34704,
2026-07-17,NSE,HCLTECH,raw_l2/trade_date=2026-07-17/exchange=NSE/symbol=HCLTECH/part-064047_224694-024011.parquet,real_data_sample\l2_unseen_validation\trade_date=2026-07-17\exchange=NSE\symbol=HCLTECH\part-064047_224694-024011.parquet,34834,downloaded,34834,
2026-07-17,NSE,HCLTECH,raw_l2/trade_date=2026-07-17/exchange=NSE/symbol=HCLTECH/part-064101_177365-024043.parquet,real_data_sample\l2_unseen_validation\trade_date=2026-07-17\exchange=NSE\symbol=HCLTECH\part-064101_177365-024043.parquet,34776,downloaded,34776,
2026-07-17,NSE,HCLTECH,raw_l2/trade_date=2026-07-17/exchange=NSE/symbol=HCLTECH/part-064238_355273-024267.parquet,real_data_sample\l2_unseen_validation\trade_date=2026-07-17\exchange=NSE\symbol=HCLTECH\part-064238_355273-024267.parquet,34740,downloaded,34740,
2026-07-17,NSE,HCLTECH,raw_l2/trade_date=2026-07-17/exchange=NSE/symbol=HCLTECH/part-064224_688901-024235.parquet,real_data_sample\l2_unseen_validation\trade_date=2026-07-17\exchange=NSE\symbol=HCLTECH\part-064224_688901-024235.parquet,34862,downloaded,34862,
2026-07-17,NSE,HCLTECH,raw_l2/trade_date=2026-07-17/exchange=NSE/symbol=HCLTECH/part-064210_672196-024203.parquet,real_data_sample\l2_unseen_validation\trade_date=2026-07-17\exchange=NSE\symbol=HCLTECH\part-064210_672196-024203.parquet,35568,downloaded,35568,
2026-07-17,NSE,HCLTECH,raw_l2/trade_date=2026-07-17/exchange=NSE/symbol=HCLTECH/part-064538_615694-024683.parquet,real_data_sample\l2_unseen_validation\trade_date=2026-07-17\exchange=NSE\symbol=HCLTECH\part-064538_615694-024683.parquet,34905,downloaded,34905,
2026-07-17,NSE,HCLTECH,raw_l2/trade_date=2026-07-17/exchange=NSE/symbol=HCLTECH/part-064143_119718-024139.parquet,real_data_sample\l2_unseen_validation\trade_date=2026-07-17\exchange=NSE\symbol=HCLTECH\part-064143_119718-024139.parquet,35447,downloaded,35447,
2026-07-17,NSE,HCLTECH,raw_l2/trade_date=2026-07-17/exchange=NSE/symbol=HCLTECH/part-064115_107531-024075.parquet,real_data_sample\l2_unseen_validation\trade_date=2026-07-17\exchange=NSE\symbol=HCLTECH\part-064115_107531-024075.parquet,35280,downloaded,35280,
2026-07-17,NSE,HCLTECH,raw_l2/trade_date=2026-07-17/exchange=NSE/symbol=HCLTECH/part-064305_883623-024331.parquet,real_data_sample\l2_unseen_validation\trade_date=2026-07-17\exchange=NSE\symbol=HCLTECH\part-064305_883623-024331.parquet,34597,downloaded,34597,
2026-07-17,NSE,HCLTECH,raw_l2/trade_date=2026-07-17/exchange=NSE/symbol=HCLTECH/part-064456_659858-024587.parquet,real_data_sample\l2_unseen_validation\trade_date=2026-07-17\exchange=NSE\symbol=HCLTECH\part-064456_659858-024587.parquet,34948,downloaded,34948,
2026-07-17,NSE,HCLTECH,raw_l2/trade_date=2026-07-17/exchange=NSE/symbol=HCLTECH/part-064524_651223-024651.parquet,real_data_sample\l2_unseen_validation\trade_date=2026-07-17\exchange=NSE\symbol=HCLTECH\part-064524_651223-024651.parquet,34720,downloaded,34720,
2026-07-17,NSE,HCLTECH,raw_l2/trade_date=2026-07-17/exchange=NSE/symbol=HCLTECH/part-064347_348915-024427.parquet,real_data_sample\l2_unseen_validation\trade_date=2026-07-17\exchange=NSE\symbol=HCLTECH\part-064347_348915-024427.parquet,34655,downloaded,34655,
2026-07-17,NSE,HCLTECH,raw_l2/trade_date=2026-07-17/exchange=NSE/symbol=HCLTECH/part-064333_633358-024395.parquet,real_data_sample\l2_unseen_validation\trade_date=2026-07-17\exchange=NSE\symbol=HCLTECH\part-064333_633358-024395.parquet,34675,downloaded,34675,
2026-07-17,NSE,HCLTECH,raw_l2/trade_date=2026-07-17/exchange=NSE/symbol=HCLTECH/part-064442_871774-024555.parquet,real_data_sample\l2_unseen_validation\trade_date=2026-07-17\exchange=NSE\symbol=HCLTECH\part-064442_871774-024555.parquet,34792,downloaded,34792,
2026-07-17,NSE,HCLTECH,raw_l2/trade_date=2026-07-17/exchange=NSE/symbol=HCLTECH/part-064510_676516-024619.parquet,real_data_sample\l2_unseen_validation\trade_date=2026-07-17\exchange=NSE\symbol=HCLTECH\part-064510_676516-024619.parquet,34778,downloaded,34778,
2026-07-17,NSE,HCLTECH,raw_l2/trade_date=2026-07-17/exchange=NSE/symbol=HCLTECH/part-064414_884484-024491.parquet,real_data_sample\l2_unseen_validation\trade_date=2026-07-17\exchange=NSE\symbol=HCLTECH\part-064414_884484-024491.parquet,34820,downloaded,34820,
2026-07-17,NSE,HCLTECH,raw_l2/trade_date=2026-07-17/exchange=NSE/symbol=HCLTECH/part-064156_838783-024171.parquet,real_data_sample\l2_unseen_validation\trade_date=2026-07-17\exchange=NSE\symbol=HCLTECH\part-064156_838783-024171.parquet,35646,downloaded,35646,
2026-07-17,NSE,HCLTECH,raw_l2/trade_date=2026-07-17/exchange=NSE/symbol=HCLTECH/part-064319_643280-024363.parquet,real_data_sample\l2_unseen_validation\trade_date=2026-07-17\exchange=NSE\symbol=HCLTECH\part-064319_643280-024363.parquet,34904,downloaded,34904,
2026-07-17,NSE,HCLTECH,raw_l2/trade_date=2026-07-17/exchange=NSE/symbol=HCLTECH/part-064128_847121-024107.parquet,real_data_sample\l2_unseen_validation\trade_date=2026-07-17\exchange=NSE\symbol=HCLTECH\part-064128_847121-024107.parquet,35790,downloaded,35790,
2026-07-17,NSE,HCLTECH,raw_l2/trade_date=2026-07-17/exchange=NSE/symbol=HCLTECH/part-064552_327586-024715.parquet,real_data_sample\l2_unseen_validation\trade_date=2026-07-17\exchange=NSE\symbol=HCLTECH\part-064552_327586-024715.parquet,34664,downloaded,34664,
2026-07-17,NSE,HCLTECH,raw_l2/trade_date=2026-07-17/exchange=NSE/symbol=HCLTECH/part-064401_135783-024459.parquet,real_data_sample\l2_unseen_validation\trade_date=2026-07-17\exchange=NSE\symbol=HCLTECH\part-064401_135783-024459.parquet,34765,downloaded,34765,
2026-07-17,NSE,HCLTECH,raw_l2/trade_date=2026-07-17/exchange=NSE/symbol=HCLTECH/part-064606_065325-024747.parquet,real_data_sample\l2_unseen_validation\trade_date=2026-07-17\exchange=NSE\symbol=HCLTECH\part-064606_065325-024747.parquet,35045,downloaded,35045,
2026-07-17,NSE,HCLTECH,raw_l2/trade_date=2026-07-17/exchange=NSE/symbol=HCLTECH/part-064619_864973-024779.parquet,real_data_sample\l2_unseen_validation\trade_date=2026-07-17\exchange=NSE\symbol=HCLTECH\part-064619_864973-024779.parquet,34814,downloaded,34814,
2026-07-17,NSE,HCLTECH,raw_l2/trade_date=2026-07-17/exchange=NSE/symbol=HCLTECH/part-064633_632441-024811.parquet,real_data_sample\l2_unseen_validation\trade_date=2026-07-17\exchange=NSE\symbol=HCLTECH\part-064633_632441-024811.parquet,34707,downloaded,34707,
2026-07-17,NSE,HCLTECH,raw_l2/trade_date=2026-07-17/exchange=NSE/symbol=HCLTECH/part-064647_625200-024843.parquet,real_data_sample\l2_unseen_validation\trade_date=2026-07-17\exchange=NSE\symbol=HCLTECH\part-064647_625200-024843.parquet,34726,downloaded,34726,
2026-07-17,NSE,HCLTECH,raw_l2/trade_date=2026-07-17/exchange=NSE/symbol=HCLTECH/part-064701_621798-024875.parquet,real_data_sample\l2_unseen_validation\trade_date=2026-07-17\exchange=NSE\symbol=HCLTECH\part-064701_621798-024875.parquet,34790,downloaded,34790,
2026-07-17,NSE,HCLTECH,raw_l2/trade_date=2026-07-17/exchange=NSE/symbol=HCLTECH/part-064715_659198-024907.parquet,real_data_sample\l2_unseen_validation\trade_date=2026-07-17\exchange=NSE\symbol=HCLTECH\part-064715_659198-024907.parquet,34986,downloaded,34986,
2026-07-17,NSE,HCLTECH,raw_l2/trade_date=2026-07-17/exchange=NSE/symbol=HCLTECH/part-064729_378337-024939.parquet,real_data_sample\l2_unseen_validation\trade_date=2026-07-17\exchange=NSE\symbol=HCLTECH\part-064729_378337-024939.parquet,34913,downloaded,34913,
2026-07-17,NSE,HCLTECH,raw_l2/trade_date=2026-07-17/exchange=NSE/symbol=HCLTECH/part-064743_375182-024971.parquet,real_data_sample\l2_unseen_validation\trade_date=2026-07-17\exchange=NSE\symbol=HCLTECH\part-064743_375182-024971.parquet,34674,downloaded,34674,
2026-07-17,NSE,HCLTECH,raw_l2/trade_date=2026-07-17/exchange=NSE/symbol=HCLTECH/part-064757_084669-025003.parquet,real_data_sample\l2_unseen_validation\trade_date=2026-07-17\exchange=NSE\symbol=HCLTECH\part-064757_084669-025003.parquet,34509,downloaded,34509,
2026-07-17,NSE,HCLTECH,raw_l2/trade_date=2026-07-17/exchange=NSE/symbol=HCLTECH/part-064824_948277-025067.parquet,real_data_sample\l2_unseen_validation\trade_date=2026-07-17\exchange=NSE\symbol=HCLTECH\part-064824_948277-025067.parquet,34792,downloaded,34792,
2026-07-17,NSE,HCLTECH,raw_l2/trade_date=2026-07-17/exchange=NSE/symbol=HCLTECH/part-064852_638237-025131.parquet,real_data_sample\l2_unseen_validation\trade_date=2026-07-17\exchange=NSE\symbol=HCLTECH\part-064852_638237-025131.parquet,34603,downloaded,34603,
2026-07-17,NSE,HCLTECH,raw_l2/trade_date=2026-07-17/exchange=NSE/symbol=HCLTECH/part-064838_850791-025099.parquet,real_data_sample\l2_unseen_validation\trade_date=2026-07-17\exchange=NSE\symbol=HCLTECH\part-064838_850791-025099.parquet,34958,downloaded,34958,
2026-07-17,NSE,HCLTECH,raw_l2/trade_date=2026-07-17/exchange=NSE/symbol=HCLTECH/part-064906_405059-025163.parquet,real_data_sample\l2_unseen_validation\trade_date=2026-07-17\exchange=NSE\symbol=HCLTECH\part-064906_405059-025163.parquet,34650,downloaded,34650,
2026-07-17,NSE,HCLTECH,raw_l2/trade_date=2026-07-17/exchange=NSE/symbol=HCLTECH/part-064934_177467-025227.parquet,real_data_sample\l2_unseen_validation\trade_date=2026-07-17\exchange=NSE\symbol=HCLTECH\part-064934_177467-025227.parquet,34509,downloaded,34509,
2026-07-17,NSE,HCLTECH,raw_l2/trade_date=2026-07-17/exchange=NSE/symbol=HCLTECH/part-065222_412683-025611.parquet,real_data_sample\l2_unseen_validation\trade_date=2026-07-17\exchange=NSE\symbol=HCLTECH\part-065222_412683-025611.parquet,34788,downloaded,34788,
2026-07-17,NSE,HCLTECH,raw_l2/trade_date=2026-07-17/exchange=NSE/symbol=HCLTECH/part-064920_352081-025195.parquet,real_data_sample\l2_unseen_validation\trade_date=2026-07-17\exchange=NSE\symbol=HCLTECH\part-064920_352081-025195.parquet,34591,downloaded,34591,
2026-07-17,NSE,HCLTECH,raw_l2/trade_date=2026-07-17/exchange=NSE/symbol=HCLTECH/part-065029_850133-025355.parquet,real_data_sample\l2_unseen_validation\trade_date=2026-07-17\exchange=NSE\symbol=HCLTECH\part-065029_850133-025355.parquet,34794,downloaded,34794,
2026-07-17,NSE,HCLTECH,raw_l2/trade_date=2026-07-17/exchange=NSE/symbol=HCLTECH/part-065112_129818-025451.parquet,real_data_sample\l2_unseen_validation\trade_date=2026-07-17\exchange=NSE\symbol=HCLTECH\part-065112_129818-025451.parquet,34921,downloaded,34921,
2026-07-17,NSE,HCLTECH,raw_l2/trade_date=2026-07-17/exchange=NSE/symbol=HCLTECH/part-064948_124275-025259.parquet,real_data_sample\l2_unseen_validation\trade_date=2026-07-17\exchange=NSE\symbol=HCLTECH\part-064948_124275-025259.parquet,34507,downloaded,34507,
2026-07-17,NSE,HCLTECH,raw_l2/trade_date=2026-07-17/exchange=NSE/symbol=HCLTECH/part-065002_143551-025291.parquet,real_data_sample\l2_unseen_validation\trade_date=2026-07-17\exchange=NSE\symbol=HCLTECH\part-065002_143551-025291.parquet,34897,downloaded,34897,
2026-07-17,NSE,HCLTECH,raw_l2/trade_date=2026-07-17/exchange=NSE/symbol=HCLTECH/part-065236_455450-025643.parquet,real_data_sample\l2_unseen_validation\trade_date=2026-07-17\exchange=NSE\symbol=HCLTECH\part-065236_455450-025643.parquet,34811,downloaded,34811,
2026-07-17,NSE,HCLTECH,raw_l2/trade_date=2026-07-17/exchange=NSE/symbol=HCLTECH/part-065016_119912-025323.parquet,real_data_sample\l2_unseen_validation\trade_date=2026-07-17\exchange=NSE\symbol=HCLTECH\part-065016_119912-025323.parquet,34498,downloaded,34498,
2026-07-17,NSE,HCLTECH,raw_l2/trade_date=2026-07-17/exchange=NSE/symbol=HCLTECH/part-065126_161292-025483.parquet,real_data_sample\l2_unseen_validation\trade_date=2026-07-17\exchange=NSE\symbol=HCLTECH\part-065126_161292-025483.parquet,34678,downloaded,34678,
2026-07-17,NSE,HCLTECH,raw_l2/trade_date=2026-07-17/exchange=NSE/symbol=HCLTECH/part-065250_568680-025675.parquet,real_data_sample\l2_unseen_validation\trade_date=2026-07-17\exchange=NSE\symbol=HCLTECH\part-065250_568680-025675.parquet,34947,downloaded,34947,
2026-07-17,NSE,HCLTECH,raw_l2/trade_date=2026-07-17/exchange=NSE/symbol=HCLTECH/part-065044_048040-025387.parquet,real_data_sample\l2_unseen_validation\trade_date=2026-07-17\exchange=NSE\symbol=HCLTECH\part-065044_048040-025387.parquet,34706,downloaded,34706,
2026-07-17,NSE,HCLTECH,raw_l2/trade_date=2026-07-17/exchange=NSE/symbol=HCLTECH/part-065208_325181-025579.parquet,real_data_sample\l2_unseen_validation\trade_date=2026-07-17\exchange=NSE\symbol=HCLTECH\part-065208_325181-025579.parquet,34740,downloaded,34740,
2026-07-17,NSE,HCLTECH,raw_l2/trade_date=2026-07-17/exchange=NSE/symbol=HCLTECH/part-065154_184153-025547.parquet,real_data_sample\l2_unseen_validation\trade_date=2026-07-17\exchange=NSE\symbol=HCLTECH\part-065154_184153-025547.parquet,34747,downloaded,34747,
2026-07-17,NSE,HCLTECH,raw_l2/trade_date=2026-07-17/exchange=NSE/symbol=HCLTECH/part-065304_748674-025707.parquet,real_data_sample\l2_unseen_validation\trade_date=2026-07-17\exchange=NSE\symbol=HCLTECH\part-065304_748674-025707.parquet,34873,downloaded,34873,
2026-07-17,NSE,HCLTECH,raw_l2/trade_date=2026-07-17/exchange=NSE/symbol=HCLTECH/part-065058_111481-025419.parquet,real_data_sample\l2_unseen_validation\trade_date=2026-07-17\exchange=NSE\symbol=HCLTECH\part-065058_111481-025419.parquet,34704,downloaded,34704,
2026-07-17,NSE,HCLTECH,raw_l2/trade_date=2026-07-17/exchange=NSE/symbol=HCLTECH/part-065140_164968-025515.parquet,real_data_sample\l2_unseen_validation\trade_date=2026-07-17\exchange=NSE\symbol=HCLTECH\part-065140_164968-025515.parquet,34888,downloaded,34888,
2026-07-17,NSE,HCLTECH,raw_l2/trade_date=2026-07-17/exchange=NSE/symbol=HCLTECH/part-065318_752560-025739.parquet,real_data_sample\l2_unseen_validation\trade_date=2026-07-17\exchange=NSE\symbol=HCLTECH\part-065318_752560-025739.parquet,34854,downloaded,34854,
2026-07-17,NSE,HCLTECH,raw_l2/trade_date=2026-07-17/exchange=NSE/symbol=HCLTECH/part-064811_072070-025035.parquet,real_data_sample\l2_unseen_validation\trade_date=2026-07-17\exchange=NSE\symbol=HCLTECH\part-064811_072070-025035.parquet,34839,downloaded,34839,
2026-07-17,NSE,HCLTECH,raw_l2/trade_date=2026-07-17/exchange=NSE/symbol=HCLTECH/part-065510_888268-025995.parquet,real_data_sample\l2_unseen_validation\trade_date=2026-07-17\exchange=NSE\symbol=HCLTECH\part-065510_888268-025995.parquet,35060,downloaded,35060,
2026-07-17,NSE,HCLTECH,raw_l2/trade_date=2026-07-17/exchange=NSE/symbol=HCLTECH/part-065332_645223-025771.parquet,real_data_sample\l2_unseen_validation\trade_date=2026-07-17\exchange=NSE\symbol=HCLTECH\part-065332_645223-025771.parquet,34781,downloaded,34781,
2026-07-17,NSE,HCLTECH,raw_l2/trade_date=2026-07-17/exchange=NSE/symbol=HCLTECH/part-065400_526297-025835.parquet,real_data_sample\l2_unseen_validation\trade_date=2026-07-17\exchange=NSE\symbol=HCLTECH\part-065400_526297-025835.parquet,34927,downloaded,34927,
2026-07-17,NSE,HCLTECH,raw_l2/trade_date=2026-07-17/exchange=NSE/symbol=HCLTECH/part-065456_739729-025963.parquet,real_data_sample\l2_unseen_validation\trade_date=2026-07-17\exchange=NSE\symbol=HCLTECH\part-065456_739729-025963.parquet,34417,downloaded,34417,
2026-07-17,NSE,HCLTECH,raw_l2/trade_date=2026-07-17/exchange=NSE/symbol=HCLTECH/part-065428_656414-025899.parquet,real_data_sample\l2_unseen_validation\trade_date=2026-07-17\exchange=NSE\symbol=HCLTECH\part-065428_656414-025899.parquet,34572,downloaded,34572,
2026-07-17,NSE,HCLTECH,raw_l2/trade_date=2026-07-17/exchange=NSE/symbol=HCLTECH/part-065442_621381-025931.parquet,real_data_sample\l2_unseen_validation\trade_date=2026-07-17\exchange=NSE\symbol=HCLTECH\part-065442_621381-025931.parquet,34679,downloaded,34679,
2026-07-17,NSE,HCLTECH,raw_l2/trade_date=2026-07-17/exchange=NSE/symbol=HCLTECH/part-065346_424461-025803.parquet,real_data_sample\l2_unseen_validation\trade_date=2026-07-17\exchange=NSE\symbol=HCLTECH\part-065346_424461-025803.parquet,34668,downloaded,34668,
2026-07-17,NSE,HCLTECH,raw_l2/trade_date=2026-07-17/exchange=NSE/symbol=HCLTECH/part-065414_650278-025867.parquet,real_data_sample\l2_unseen_validation\trade_date=2026-07-17\exchange=NSE\symbol=HCLTECH\part-065414_650278-025867.parquet,34807,downloaded,34807,
2026-07-17,NSE,HCLTECH,raw_l2/trade_date=2026-07-17/exchange=NSE/symbol=HCLTECH/part-065524_952030-026027.parquet,real_data_sample\l2_unseen_validation\trade_date=2026-07-17\exchange=NSE\symbol=HCLTECH\part-065524_952030-026027.parquet,34947,downloaded,34947,
2026-07-17,NSE,HCLTECH,raw_l2/trade_date=2026-07-17/exchange=NSE/symbol=HCLTECH/part-065539_269855-026059.parquet,real_data_sample\l2_unseen_validation\trade_date=2026-07-17\exchange=NSE\symbol=HCLTECH\part-065539_269855-026059.parquet,35036,downloaded,35036,
2026-07-17,NSE,HCLTECH,raw_l2/trade_date=2026-07-17/exchange=NSE/symbol=HCLTECH/part-065607_218165-026123.parquet,real_data_sample\l2_unseen_validation\trade_date=2026-07-17\exchange=NSE\symbol=HCLTECH\part-065607_218165-026123.parquet,34816,downloaded,34816,
2026-07-17,NSE,HCLTECH,raw_l2/trade_date=2026-07-17/exchange=NSE/symbol=HCLTECH/part-065553_188471-026091.parquet,real_data_sample\l2_unseen_validation\trade_date=2026-07-17\exchange=NSE\symbol=HCLTECH\part-065553_188471-026091.parquet,34665,downloaded,34665,
2026-07-17,NSE,HCLTECH,raw_l2/trade_date=2026-07-17/exchange=NSE/symbol=HCLTECH/part-065621_276415-026155.parquet,real_data_sample\l2_unseen_validation\trade_date=2026-07-17\exchange=NSE\symbol=HCLTECH\part-065621_276415-026155.parquet,34909,downloaded,34909,
2026-07-17,NSE,HCLTECH,raw_l2/trade_date=2026-07-17/exchange=NSE/symbol=HCLTECH/part-065635_175528-026187.parquet,real_data_sample\l2_unseen_validation\trade_date=2026-07-17\exchange=NSE\symbol=HCLTECH\part-065635_175528-026187.parquet,34754,downloaded,34754,
2026-07-17,NSE,HCLTECH,raw_l2/trade_date=2026-07-17/exchange=NSE/symbol=HCLTECH/part-065649_185330-026219.parquet,real_data_sample\l2_unseen_validation\trade_date=2026-07-17\exchange=NSE\symbol=HCLTECH\part-065649_185330-026219.parquet,34876,downloaded,34876,
2026-07-17,NSE,HCLTECH,raw_l2/trade_date=2026-07-17/exchange=NSE/symbol=HCLTECH/part-065731_310120-026315.parquet,real_data_sample\l2_unseen_validation\trade_date=2026-07-17\exchange=NSE\symbol=HCLTECH\part-065731_310120-026315.parquet,34845,downloaded,34845,
2026-07-17,NSE,HCLTECH,raw_l2/trade_date=2026-07-17/exchange=NSE/symbol=HCLTECH/part-065703_149687-026251.parquet,real_data_sample\l2_unseen_validation\trade_date=2026-07-17\exchange=NSE\symbol=HCLTECH\part-065703_149687-026251.parquet,34757,downloaded,34757,
2026-07-17,NSE,HCLTECH,raw_l2/trade_date=2026-07-17/exchange=NSE/symbol=HCLTECH/part-065745_230506-026347.parquet,real_data_sample\l2_unseen_validation\trade_date=2026-07-17\exchange=NSE\symbol=HCLTECH\part-065745_230506-026347.parquet,34744,downloaded,34744,
2026-07-17,NSE,HCLTECH,raw_l2/trade_date=2026-07-17/exchange=NSE/symbol=HCLTECH/part-065717_167637-026283.parquet,real_data_sample\l2_unseen_validation\trade_date=2026-07-17\exchange=NSE\symbol=HCLTECH\part-065717_167637-026283.parquet,34835,downloaded,34835,
2026-07-17,NSE,HCLTECH,raw_l2/trade_date=2026-07-17/exchange=NSE/symbol=HCLTECH/part-065856_726356-026507.parquet,real_data_sample\l2_unseen_validation\trade_date=2026-07-17\exchange=NSE\symbol=HCLTECH\part-065856_726356-026507.parquet,36258,downloaded,36258,
2026-07-17,NSE,HCLTECH,raw_l2/trade_date=2026-07-17/exchange=NSE/symbol=HCLTECH/part-065828_020726-026443.parquet,real_data_sample\l2_unseen_validation\trade_date=2026-07-17\exchange=NSE\symbol=HCLTECH\part-065828_020726-026443.parquet,36109,downloaded,36109,
2026-07-17,NSE,HCLTECH,raw_l2/trade_date=2026-07-17/exchange=NSE/symbol=HCLTECH/part-065813_735857-026411.parquet,real_data_sample\l2_unseen_validation\trade_date=2026-07-17\exchange=NSE\symbol=HCLTECH\part-065813_735857-026411.parquet,35054,downloaded,35054,
2026-07-17,NSE,HCLTECH,raw_l2/trade_date=2026-07-17/exchange=NSE/symbol=HCLTECH/part-065910_958981-026539.parquet,real_data_sample\l2_unseen_validation\trade_date=2026-07-17\exchange=NSE\symbol=HCLTECH\part-065910_958981-026539.parquet,36158,downloaded,36158,
2026-07-17,NSE,HCLTECH,raw_l2/trade_date=2026-07-17/exchange=NSE/symbol=HCLTECH/part-065842_553987-026475.parquet,real_data_sample\l2_unseen_validation\trade_date=2026-07-17\exchange=NSE\symbol=HCLTECH\part-065842_553987-026475.parquet,35902,downloaded,35902,
2026-07-17,NSE,HCLTECH,raw_l2/trade_date=2026-07-17/exchange=NSE/symbol=HCLTECH/part-070023_994243-026699.parquet,real_data_sample\l2_unseen_validation\trade_date=2026-07-17\exchange=NSE\symbol=HCLTECH\part-070023_994243-026699.parquet,34870,downloaded,34870,
2026-07-17,NSE,HCLTECH,raw_l2/trade_date=2026-07-17/exchange=NSE/symbol=HCLTECH/part-070009_501029-026667.parquet,real_data_sample\l2_unseen_validation\trade_date=2026-07-17\exchange=NSE\symbol=HCLTECH\part-070009_501029-026667.parquet,35882,downloaded,35882,
2026-07-17,NSE,HCLTECH,raw_l2/trade_date=2026-07-17/exchange=NSE/symbol=HCLTECH/part-065940_192188-026603.parquet,real_data_sample\l2_unseen_validation\trade_date=2026-07-17\exchange=NSE\symbol=HCLTECH\part-065940_192188-026603.parquet,35474,downloaded,35474,
2026-07-17,NSE,HCLTECH,raw_l2/trade_date=2026-07-17/exchange=NSE/symbol=HCLTECH/part-065954_773738-026635.parquet,real_data_sample\l2_unseen_validation\trade_date=2026-07-17\exchange=NSE\symbol=HCLTECH\part-065954_773738-026635.parquet,35796,downloaded,35796,
2026-07-17,NSE,HCLTECH,raw_l2/trade_date=2026-07-17/exchange=NSE/symbol=HCLTECH/part-070038_260456-026731.parquet,real_data_sample\l2_unseen_validation\trade_date=2026-07-17\exchange=NSE\symbol=HCLTECH\part-070038_260456-026731.parquet,34868,downloaded,34868,
2026-07-17,NSE,HCLTECH,raw_l2/trade_date=2026-07-17/exchange=NSE/symbol=HCLTECH/part-065759_501836-026379.parquet,real_data_sample\l2_unseen_validation\trade_date=2026-07-17\exchange=NSE\symbol=HCLTECH\part-065759_501836-026379.parquet,35043,downloaded,35043,
2026-07-17,NSE,HCLTECH,raw_l2/trade_date=2026-07-17/exchange=NSE/symbol=HCLTECH/part-065925_361176-026571.parquet,real_data_sample\l2_unseen_validation\trade_date=2026-07-17\exchange=NSE\symbol=HCLTECH\part-065925_361176-026571.parquet,35559,downloaded,35559,
2026-07-17,NSE,HCLTECH,raw_l2/trade_date=2026-07-17/exchange=NSE/symbol=HCLTECH/part-070107_735218-026795.parquet,real_data_sample\l2_unseen_validation\trade_date=2026-07-17\exchange=NSE\symbol=HCLTECH\part-070107_735218-026795.parquet,34691,downloaded,34691,
2026-07-17,NSE,HCLTECH,raw_l2/trade_date=2026-07-17/exchange=NSE/symbol=HCLTECH/part-070320_358781-027083.parquet,real_data_sample\l2_unseen_validation\trade_date=2026-07-17\exchange=NSE\symbol=HCLTECH\part-070320_358781-027083.parquet,35130,downloaded,35130,
2026-07-17,NSE,HCLTECH,raw_l2/trade_date=2026-07-17/exchange=NSE/symbol=HCLTECH/part-070122_371737-026827.parquet,real_data_sample\l2_unseen_validation\trade_date=2026-07-17\exchange=NSE\symbol=HCLTECH\part-070122_371737-026827.parquet,34920,downloaded,34920,
2026-07-17,NSE,HCLTECH,raw_l2/trade_date=2026-07-17/exchange=NSE/symbol=HCLTECH/part-070305_654273-027051.parquet,real_data_sample\l2_unseen_validation\trade_date=2026-07-17\exchange=NSE\symbol=HCLTECH\part-070305_654273-027051.parquet,35844,downloaded,35844,
2026-07-17,NSE,HCLTECH,raw_l2/trade_date=2026-07-17/exchange=NSE/symbol=HCLTECH/part-070236_008048-026987.parquet,real_data_sample\l2_unseen_validation\trade_date=2026-07-17\exchange=NSE\symbol=HCLTECH\part-070236_008048-026987.parquet,35939,downloaded,35939,
2026-07-17,NSE,HCLTECH,raw_l2/trade_date=2026-07-17/exchange=NSE/symbol=HCLTECH/part-070250_601276-027019.parquet,real_data_sample\l2_unseen_validation\trade_date=2026-07-17\exchange=NSE\symbol=HCLTECH\part-070250_601276-027019.parquet,36213,downloaded,36213,
2026-07-17,NSE,HCLTECH,raw_l2/trade_date=2026-07-17/exchange=NSE/symbol=HCLTECH/part-070221_204701-026955.parquet,real_data_sample\l2_unseen_validation\trade_date=2026-07-17\exchange=NSE\symbol=HCLTECH\part-070221_204701-026955.parquet,35817,downloaded,35817,
2026-07-17,NSE,HCLTECH,raw_l2/trade_date=2026-07-17/exchange=NSE/symbol=HCLTECH/part-070137_013911-026859.parquet,real_data_sample\l2_unseen_validation\trade_date=2026-07-17\exchange=NSE\symbol=HCLTECH\part-070137_013911-026859.parquet,34730,downloaded,34730,
2026-07-17,NSE,HCLTECH,raw_l2/trade_date=2026-07-17/exchange=NSE/symbol=HCLTECH/part-070349_095178-027147.parquet,real_data_sample\l2_unseen_validation\trade_date=2026-07-17\exchange=NSE\symbol=HCLTECH\part-070349_095178-027147.parquet,34937,downloaded,34937,
2026-07-17,NSE,HCLTECH,raw_l2/trade_date=2026-07-17/exchange=NSE/symbol=HCLTECH/part-070206_568705-026923.parquet,real_data_sample\l2_unseen_validation\trade_date=2026-07-17\exchange=NSE\symbol=HCLTECH\part-070206_568705-026923.parquet,35055,downloaded,35055,
2026-07-17,NSE,HCLTECH,raw_l2/trade_date=2026-07-17/exchange=NSE/symbol=HCLTECH/part-070334_850965-027115.parquet,real_data_sample\l2_unseen_validation\trade_date=2026-07-17\exchange=NSE\symbol=HCLTECH\part-070334_850965-027115.parquet,35148,downloaded,35148,
2026-07-17,NSE,HCLTECH,raw_l2/trade_date=2026-07-17/exchange=NSE/symbol=HCLTECH/part-070403_553857-027179.parquet,real_data_sample\l2_unseen_validation\trade_date=2026-07-17\exchange=NSE\symbol=HCLTECH\part-070403_553857-027179.parquet,34957,downloaded,34957,
2026-07-17,NSE,HCLTECH,raw_l2/trade_date=2026-07-17/exchange=NSE/symbol=HCLTECH/part-070417_778416-027211.parquet,real_data_sample\l2_unseen_validation\trade_date=2026-07-17\exchange=NSE\symbol=HCLTECH\part-070417_778416-027211.parquet,34826,downloaded,34826,
2026-07-17,NSE,HCLTECH,raw_l2/trade_date=2026-07-17/exchange=NSE/symbol=HCLTECH/part-070152_167618-026891.parquet,real_data_sample\l2_unseen_validation\trade_date=2026-07-17\exchange=NSE\symbol=HCLTECH\part-070152_167618-026891.parquet,35022,downloaded,35022,
2026-07-17,NSE,HCLTECH,raw_l2/trade_date=2026-07-17/exchange=NSE/symbol=HCLTECH/part-070431_995755-027243.parquet,real_data_sample\l2_unseen_validation\trade_date=2026-07-17\exchange=NSE\symbol=HCLTECH\part-070431_995755-027243.parquet,34908,downloaded,34908,
2026-07-17,NSE,HCLTECH,raw_l2/trade_date=2026-07-17/exchange=NSE/symbol=HCLTECH/part-070515_333947-027339.parquet,real_data_sample\l2_unseen_validation\trade_date=2026-07-17\exchange=NSE\symbol=HCLTECH\part-070515_333947-027339.parquet,35013,downloaded,35013,
2026-07-17,NSE,HCLTECH,raw_l2/trade_date=2026-07-17/exchange=NSE/symbol=HCLTECH/part-070529_822413-027371.parquet,real_data_sample\l2_unseen_validation\trade_date=2026-07-17\exchange=NSE\symbol=HCLTECH\part-070529_822413-027371.parquet,34775,downloaded,34775,
2026-07-17,NSE,HCLTECH,raw_l2/trade_date=2026-07-17/exchange=NSE/symbol=HCLTECH/part-070500_682284-027307.parquet,real_data_sample\l2_unseen_validation\trade_date=2026-07-17\exchange=NSE\symbol=HCLTECH\part-070500_682284-027307.parquet,34698,downloaded,34698,
2026-07-17,NSE,HCLTECH,raw_l2/trade_date=2026-07-17/exchange=NSE/symbol=HCLTECH/part-070446_244657-027275.parquet,real_data_sample\l2_unseen_validation\trade_date=2026-07-17\exchange=NSE\symbol=HCLTECH\part-070446_244657-027275.parquet,34847,downloaded,34847,
2026-07-17,NSE,HCLTECH,raw_l2/trade_date=2026-07-17/exchange=NSE/symbol=HCLTECH/part-070544_323622-027403.parquet,real_data_sample\l2_unseen_validation\trade_date=2026-07-17\exchange=NSE\symbol=HCLTECH\part-070544_323622-027403.parquet,34899,downloaded,34899,
2026-07-17,NSE,HCLTECH,raw_l2/trade_date=2026-07-17/exchange=NSE/symbol=HCLTECH/part-070641_713506-027531.parquet,real_data_sample\l2_unseen_validation\trade_date=2026-07-17\exchange=NSE\symbol=HCLTECH\part-070641_713506-027531.parquet,35313,downloaded,35313,
2026-07-17,NSE,HCLTECH,raw_l2/trade_date=2026-07-17/exchange=NSE/symbol=HCLTECH/part-070558_511834-027435.parquet,real_data_sample\l2_unseen_validation\trade_date=2026-07-17\exchange=NSE\symbol=HCLTECH\part-070558_511834-027435.parquet,34883,downloaded,34883,
2026-07-17,NSE,HCLTECH,raw_l2/trade_date=2026-07-17/exchange=NSE/symbol=HCLTECH/part-070612_941608-027467.parquet,real_data_sample\l2_unseen_validation\trade_date=2026-07-17\exchange=NSE\symbol=HCLTECH\part-070612_941608-027467.parquet,35077,downloaded,35077,
2026-07-17,NSE,HCLTECH,raw_l2/trade_date=2026-07-17/exchange=NSE/symbol=HCLTECH/part-070738_734722-027659.parquet,real_data_sample\l2_unseen_validation\trade_date=2026-07-17\exchange=NSE\symbol=HCLTECH\part-070738_734722-027659.parquet,34809,downloaded,34809,
2026-07-17,NSE,HCLTECH,raw_l2/trade_date=2026-07-17/exchange=NSE/symbol=HCLTECH/part-070710_253679-027595.parquet,real_data_sample\l2_unseen_validation\trade_date=2026-07-17\exchange=NSE\symbol=HCLTECH\part-070710_253679-027595.parquet,35351,downloaded,35351,
2026-07-17,NSE,HCLTECH,raw_l2/trade_date=2026-07-17/exchange=NSE/symbol=HCLTECH/part-070835_354234-027787.parquet,real_data_sample\l2_unseen_validation\trade_date=2026-07-17\exchange=NSE\symbol=HCLTECH\part-070835_354234-027787.parquet,35078,downloaded,35078,
2026-07-17,NSE,HCLTECH,raw_l2/trade_date=2026-07-17/exchange=NSE/symbol=HCLTECH/part-070655_974816-027563.parquet,real_data_sample\l2_unseen_validation\trade_date=2026-07-17\exchange=NSE\symbol=HCLTECH\part-070655_974816-027563.parquet,35721,downloaded,35721,
2026-07-17,NSE,HCLTECH,raw_l2/trade_date=2026-07-17/exchange=NSE/symbol=HCLTECH/part-070627_265489-027499.parquet,real_data_sample\l2_unseen_validation\trade_date=2026-07-17\exchange=NSE\symbol=HCLTECH\part-070627_265489-027499.parquet,35722,downloaded,35722,
2026-07-17,NSE,HCLTECH,raw_l2/trade_date=2026-07-17/exchange=NSE/symbol=HCLTECH/part-070849_739453-027819.parquet,real_data_sample\l2_unseen_validation\trade_date=2026-07-17\exchange=NSE\symbol=HCLTECH\part-070849_739453-027819.parquet,35004,downloaded,35004,
2026-07-17,NSE,HCLTECH,raw_l2/trade_date=2026-07-17/exchange=NSE/symbol=HCLTECH/part-070806_927264-027723.parquet,real_data_sample\l2_unseen_validation\trade_date=2026-07-17\exchange=NSE\symbol=HCLTECH\part-070806_927264-027723.parquet,34740,downloaded,34740,
2026-07-17,NSE,HCLTECH,raw_l2/trade_date=2026-07-17/exchange=NSE/symbol=HCLTECH/part-070752_979642-027691.parquet,real_data_sample\l2_unseen_validation\trade_date=2026-07-17\exchange=NSE\symbol=HCLTECH\part-070752_979642-027691.parquet,34924,downloaded,34924,
2026-07-17,NSE,HCLTECH,raw_l2/trade_date=2026-07-17/exchange=NSE/symbol=HCLTECH/part-070724_530199-027627.parquet,real_data_sample\l2_unseen_validation\trade_date=2026-07-17\exchange=NSE\symbol=HCLTECH\part-070724_530199-027627.parquet,34765,downloaded,34765,
2026-07-17,NSE,HCLTECH,raw_l2/trade_date=2026-07-17/exchange=NSE/symbol=HCLTECH/part-070820_998064-027755.parquet,real_data_sample\l2_unseen_validation\trade_date=2026-07-17\exchange=NSE\symbol=HCLTECH\part-070820_998064-027755.parquet,34864,downloaded,34864,
2026-07-17,NSE,HCLTECH,raw_l2/trade_date=2026-07-17/exchange=NSE/symbol=HCLTECH/part-071059_096470-028107.parquet,real_data_sample\l2_unseen_validation\trade_date=2026-07-17\exchange=NSE\symbol=HCLTECH\part-071059_096470-028107.parquet,35018,downloaded,35018,
2026-07-17,NSE,HCLTECH,raw_l2/trade_date=2026-07-17/exchange=NSE/symbol=HCLTECH/part-070904_107345-027851.parquet,real_data_sample\l2_unseen_validation\trade_date=2026-07-17\exchange=NSE\symbol=HCLTECH\part-070904_107345-027851.parquet,34718,downloaded,34718,
2026-07-17,NSE,HCLTECH,raw_l2/trade_date=2026-07-17/exchange=NSE/symbol=HCLTECH/part-071044_372040-028075.parquet,real_data_sample\l2_unseen_validation\trade_date=2026-07-17\exchange=NSE\symbol=HCLTECH\part-071044_372040-028075.parquet,34891,downloaded,34891,
2026-07-17,NSE,HCLTECH,raw_l2/trade_date=2026-07-17/exchange=NSE/symbol=HCLTECH/part-071002_013108-027979.parquet,real_data_sample\l2_unseen_validation\trade_date=2026-07-17\exchange=NSE\symbol=HCLTECH\part-071002_013108-027979.parquet,35510,downloaded,35510,
2026-07-17,NSE,HCLTECH,raw_l2/trade_date=2026-07-17/exchange=NSE/symbol=HCLTECH/part-071030_251467-028043.parquet,real_data_sample\l2_unseen_validation\trade_date=2026-07-17\exchange=NSE\symbol=HCLTECH\part-071030_251467-028043.parquet,34722,downloaded,34722,
2026-07-17,NSE,HCLTECH,raw_l2/trade_date=2026-07-17/exchange=NSE/symbol=HCLTECH/part-071016_210915-028011.parquet,real_data_sample\l2_unseen_validation\trade_date=2026-07-17\exchange=NSE\symbol=HCLTECH\part-071016_210915-028011.parquet,35237,downloaded,35237,
2026-07-17,NSE,HCLTECH,raw_l2/trade_date=2026-07-17/exchange=NSE/symbol=HCLTECH/part-070947_722944-027947.parquet,real_data_sample\l2_unseen_validation\trade_date=2026-07-17\exchange=NSE\symbol=HCLTECH\part-070947_722944-027947.parquet,35734,downloaded,35734,
2026-07-17,NSE,HCLTECH,raw_l2/trade_date=2026-07-17/exchange=NSE/symbol=HCLTECH/part-071128_153614-028171.parquet,real_data_sample\l2_unseen_validation\trade_date=2026-07-17\exchange=NSE\symbol=HCLTECH\part-071128_153614-028171.parquet,35853,downloaded,35853,
2026-07-17,NSE,HCLTECH,raw_l2/trade_date=2026-07-17/exchange=NSE/symbol=HCLTECH/part-070933_185366-027915.parquet,real_data_sample\l2_unseen_validation\trade_date=2026-07-17\exchange=NSE\symbol=HCLTECH\part-070933_185366-027915.parquet,35967,downloaded,35967,
2026-07-17,NSE,HCLTECH,raw_l2/trade_date=2026-07-17/exchange=NSE/symbol=HCLTECH/part-070918_459921-027883.parquet,real_data_sample\l2_unseen_validation\trade_date=2026-07-17\exchange=NSE\symbol=HCLTECH\part-070918_459921-027883.parquet,35675,downloaded,35675,
2026-07-17,NSE,HCLTECH,raw_l2/trade_date=2026-07-17/exchange=NSE/symbol=HCLTECH/part-071113_583869-028139.parquet,real_data_sample\l2_unseen_validation\trade_date=2026-07-17\exchange=NSE\symbol=HCLTECH\part-071113_583869-028139.parquet,35256,downloaded,35256,
2026-07-17,NSE,HCLTECH,raw_l2/trade_date=2026-07-17/exchange=NSE/symbol=HCLTECH/part-070052_908758-026763.parquet,real_data_sample\l2_unseen_validation\trade_date=2026-07-17\exchange=NSE\symbol=HCLTECH\part-070052_908758-026763.parquet,34829,downloaded,34829,
2026-07-17,NSE,HCLTECH,raw_l2/trade_date=2026-07-17/exchange=NSE/symbol=HCLTECH/part-071157_327306-028235.parquet,real_data_sample\l2_unseen_validation\trade_date=2026-07-17\exchange=NSE\symbol=HCLTECH\part-071157_327306-028235.parquet,36430,downloaded,36430,
2026-07-17,NSE,HCLTECH,raw_l2/trade_date=2026-07-17/exchange=NSE/symbol=HCLTECH/part-071142_775711-028203.parquet,real_data_sample\l2_unseen_validation\trade_date=2026-07-17\exchange=NSE\symbol=HCLTECH\part-071142_775711-028203.parquet,35740,downloaded,35740,
2026-07-17,NSE,HCLTECH,raw_l2/trade_date=2026-07-17/exchange=NSE/symbol=HCLTECH/part-071211_727889-028267.parquet,real_data_sample\l2_unseen_validation\trade_date=2026-07-17\exchange=NSE\symbol=HCLTECH\part-071211_727889-028267.parquet,35878,downloaded,35878,
2026-07-17,NSE,HCLTECH,raw_l2/trade_date=2026-07-17/exchange=NSE/symbol=HCLTECH/part-071434_988843-028587.parquet,real_data_sample\l2_unseen_validation\trade_date=2026-07-17\exchange=NSE\symbol=HCLTECH\part-071434_988843-028587.parquet,34663,downloaded,34663,
2026-07-17,NSE,HCLTECH,raw_l2/trade_date=2026-07-17/exchange=NSE/symbol=HCLTECH/part-071406_492199-028523.parquet,real_data_sample\l2_unseen_validation\trade_date=2026-07-17\exchange=NSE\symbol=HCLTECH\part-071406_492199-028523.parquet,34736,downloaded,34736,
2026-07-17,NSE,HCLTECH,raw_l2/trade_date=2026-07-17/exchange=NSE/symbol=HCLTECH/part-071518_310200-028683.parquet,real_data_sample\l2_unseen_validation\trade_date=2026-07-17\exchange=NSE\symbol=HCLTECH\part-071518_310200-028683.parquet,34869,downloaded,34869,
2026-07-17,NSE,HCLTECH,raw_l2/trade_date=2026-07-17/exchange=NSE/symbol=HCLTECH/part-071712_540989-028939.parquet,real_data_sample\l2_unseen_validation\trade_date=2026-07-17\exchange=NSE\symbol=HCLTECH\part-071712_540989-028939.parquet,34940,downloaded,34940,
2026-07-17,NSE,HCLTECH,raw_l2/trade_date=2026-07-17/exchange=NSE/symbol=HCLTECH/part-071644_231945-028875.parquet,real_data_sample\l2_unseen_validation\trade_date=2026-07-17\exchange=NSE\symbol=HCLTECH\part-071644_231945-028875.parquet,34808,downloaded,34808,
2026-07-17,NSE,HCLTECH,raw_l2/trade_date=2026-07-17/exchange=NSE/symbol=HCLTECH/part-071629_991229-028843.parquet,real_data_sample\l2_unseen_validation\trade_date=2026-07-17\exchange=NSE\symbol=HCLTECH\part-071629_991229-028843.parquet,34963,downloaded,34963,
2026-07-17,NSE,HCLTECH,raw_l2/trade_date=2026-07-17/exchange=NSE/symbol=HCLTECH/part-071658_446731-028907.parquet,real_data_sample\l2_unseen_validation\trade_date=2026-07-17\exchange=NSE\symbol=HCLTECH\part-071658_446731-028907.parquet,35126,downloaded,35126,
2026-07-17,NSE,HCLTECH,raw_l2/trade_date=2026-07-17/exchange=NSE/symbol=HCLTECH/part-071255_049923-028363.parquet,real_data_sample\l2_unseen_validation\trade_date=2026-07-17\exchange=NSE\symbol=HCLTECH\part-071255_049923-028363.parquet,34775,downloaded,34775,
2026-07-17,NSE,HCLTECH,raw_l2/trade_date=2026-07-17/exchange=NSE/symbol=HCLTECH/part-071226_303422-028299.parquet,real_data_sample\l2_unseen_validation\trade_date=2026-07-17\exchange=NSE\symbol=HCLTECH\part-071226_303422-028299.parquet,34746,downloaded,34746,
2026-07-17,NSE,HCLTECH,raw_l2/trade_date=2026-07-17/exchange=NSE/symbol=HCLTECH/part-071240_734926-028331.parquet,real_data_sample\l2_unseen_validation\trade_date=2026-07-17\exchange=NSE\symbol=HCLTECH\part-071240_734926-028331.parquet,34565,downloaded,34565,
2026-07-17,NSE,HCLTECH,raw_l2/trade_date=2026-07-17/exchange=NSE/symbol=HCLTECH/part-071726_661294-028971.parquet,real_data_sample\l2_unseen_validation\trade_date=2026-07-17\exchange=NSE\symbol=HCLTECH\part-071726_661294-028971.parquet,34822,downloaded,34822,
2026-07-17,NSE,HCLTECH,raw_l2/trade_date=2026-07-17/exchange=NSE/symbol=HCLTECH/part-071323_542969-028427.parquet,real_data_sample\l2_unseen_validation\trade_date=2026-07-17\exchange=NSE\symbol=HCLTECH\part-071323_542969-028427.parquet,34755,downloaded,34755,
2026-07-17,NSE,HCLTECH,raw_l2/trade_date=2026-07-17/exchange=NSE/symbol=HCLTECH/part-071309_212149-028395.parquet,real_data_sample\l2_unseen_validation\trade_date=2026-07-17\exchange=NSE\symbol=HCLTECH\part-071309_212149-028395.parquet,34579,downloaded,34579,
2026-07-17,NSE,HCLTECH,raw_l2/trade_date=2026-07-17/exchange=NSE/symbol=HCLTECH/part-071936_757754-029259.parquet,real_data_sample\l2_unseen_validation\trade_date=2026-07-17\exchange=NSE\symbol=HCLTECH\part-071936_757754-029259.parquet,35804,downloaded,35804,
2026-07-17,NSE,HCLTECH,raw_l2/trade_date=2026-07-17/exchange=NSE/symbol=HCLTECH/part-071503_800183-028651.parquet,real_data_sample\l2_unseen_validation\trade_date=2026-07-17\exchange=NSE\symbol=HCLTECH\part-071503_800183-028651.parquet,34961,downloaded,34961,
2026-07-17,NSE,HCLTECH,raw_l2/trade_date=2026-07-17/exchange=NSE/symbol=HCLTECH/part-071532_529674-028715.parquet,real_data_sample\l2_unseen_validation\trade_date=2026-07-17\exchange=NSE\symbol=HCLTECH\part-071532_529674-028715.parquet,34884,downloaded,34884,
2026-07-17,NSE,HCLTECH,raw_l2/trade_date=2026-07-17/exchange=NSE/symbol=HCLTECH/part-071824_023962-029099.parquet,real_data_sample\l2_unseen_validation\trade_date=2026-07-17\exchange=NSE\symbol=HCLTECH\part-071824_023962-029099.parquet,35128,downloaded,35128,
2026-07-17,NSE,HCLTECH,raw_l2/trade_date=2026-07-17/exchange=NSE/symbol=HCLTECH/part-071449_358349-028619.parquet,real_data_sample\l2_unseen_validation\trade_date=2026-07-17\exchange=NSE\symbol=HCLTECH\part-071449_358349-028619.parquet,34599,downloaded,34599,
2026-07-17,NSE,HCLTECH,raw_l2/trade_date=2026-07-17/exchange=NSE/symbol=HCLTECH/part-071809_598867-029067.parquet,real_data_sample\l2_unseen_validation\trade_date=2026-07-17\exchange=NSE\symbol=HCLTECH\part-071809_598867-029067.parquet,34982,downloaded,34982,
2026-07-17,NSE,HCLTECH,raw_l2/trade_date=2026-07-17/exchange=NSE/symbol=HCLTECH/part-071838_343871-029131.parquet,real_data_sample\l2_unseen_validation\trade_date=2026-07-17\exchange=NSE\symbol=HCLTECH\part-071838_343871-029131.parquet,34735,downloaded,34735,
2026-07-17,NSE,HCLTECH,raw_l2/trade_date=2026-07-17/exchange=NSE/symbol=HCLTECH/part-071615_697830-028811.parquet,real_data_sample\l2_unseen_validation\trade_date=2026-07-17\exchange=NSE\symbol=HCLTECH\part-071615_697830-028811.parquet,34952,downloaded,34952,
2026-07-17,NSE,HCLTECH,raw_l2/trade_date=2026-07-17/exchange=NSE/symbol=HCLTECH/part-071337_810268-028459.parquet,real_data_sample\l2_unseen_validation\trade_date=2026-07-17\exchange=NSE\symbol=HCLTECH\part-071337_810268-028459.parquet,34563,downloaded,34563,
2026-07-17,NSE,HCLTECH,raw_l2/trade_date=2026-07-17/exchange=NSE/symbol=HCLTECH/part-071547_040831-028747.parquet,real_data_sample\l2_unseen_validation\trade_date=2026-07-17\exchange=NSE\symbol=HCLTECH\part-071547_040831-028747.parquet,34914,downloaded,34914,
2026-07-17,NSE,HCLTECH,raw_l2/trade_date=2026-07-17/exchange=NSE/symbol=HCLTECH/part-071352_263207-028491.parquet,real_data_sample\l2_unseen_validation\trade_date=2026-07-17\exchange=NSE\symbol=HCLTECH\part-071352_263207-028491.parquet,34797,downloaded,34797,
2026-07-17,NSE,HCLTECH,raw_l2/trade_date=2026-07-17/exchange=NSE/symbol=HCLTECH/part-071740_969373-029003.parquet,real_data_sample\l2_unseen_validation\trade_date=2026-07-17\exchange=NSE\symbol=HCLTECH\part-071740_969373-029003.parquet,34825,downloaded,34825,
2026-07-17,NSE,HCLTECH,raw_l2/trade_date=2026-07-17/exchange=NSE/symbol=HCLTECH/part-071853_353688-029163.parquet,real_data_sample\l2_unseen_validation\trade_date=2026-07-17\exchange=NSE\symbol=HCLTECH\part-071853_353688-029163.parquet,34884,downloaded,34884,
2026-07-17,NSE,HCLTECH,raw_l2/trade_date=2026-07-17/exchange=NSE/symbol=HCLTECH/part-071922_390487-029227.parquet,real_data_sample\l2_unseen_validation\trade_date=2026-07-17\exchange=NSE\symbol=HCLTECH\part-071922_390487-029227.parquet,35194,downloaded,35194,
2026-07-17,NSE,HCLTECH,raw_l2/trade_date=2026-07-17/exchange=NSE/symbol=HCLTECH/part-071601_488454-028779.parquet,real_data_sample\l2_unseen_validation\trade_date=2026-07-17\exchange=NSE\symbol=HCLTECH\part-071601_488454-028779.parquet,34745,downloaded,34745,
2026-07-17,NSE,HCLTECH,raw_l2/trade_date=2026-07-17/exchange=NSE/symbol=HCLTECH/part-071420_770712-028555.parquet,real_data_sample\l2_unseen_validation\trade_date=2026-07-17\exchange=NSE\symbol=HCLTECH\part-071420_770712-028555.parquet,34832,downloaded,34832,
2026-07-17,NSE,HCLTECH,raw_l2/trade_date=2026-07-17/exchange=NSE/symbol=HCLTECH/part-071755_247560-029035.parquet,real_data_sample\l2_unseen_validation\trade_date=2026-07-17\exchange=NSE\symbol=HCLTECH\part-071755_247560-029035.parquet,34972,downloaded,34972,
2026-07-17,NSE,HCLTECH,raw_l2/trade_date=2026-07-17/exchange=NSE/symbol=HCLTECH/part-072005_119893-029323.parquet,real_data_sample\l2_unseen_validation\trade_date=2026-07-17\exchange=NSE\symbol=HCLTECH\part-072005_119893-029323.parquet,35586,downloaded,35586,
2026-07-17,NSE,HCLTECH,raw_l2/trade_date=2026-07-17/exchange=NSE/symbol=HCLTECH/part-071908_240462-029195.parquet,real_data_sample\l2_unseen_validation\trade_date=2026-07-17\exchange=NSE\symbol=HCLTECH\part-071908_240462-029195.parquet,34943,downloaded,34943,
2026-07-17,NSE,HCLTECH,raw_l2/trade_date=2026-07-17/exchange=NSE/symbol=HCLTECH/part-072421_954554-029899.parquet,real_data_sample\l2_unseen_validation\trade_date=2026-07-17\exchange=NSE\symbol=HCLTECH\part-072421_954554-029899.parquet,35929,downloaded,35929,
2026-07-17,NSE,HCLTECH,raw_l2/trade_date=2026-07-17/exchange=NSE/symbol=HCLTECH/part-072033_818249-029387.parquet,real_data_sample\l2_unseen_validation\trade_date=2026-07-17\exchange=NSE\symbol=HCLTECH\part-072033_818249-029387.parquet,34893,downloaded,34893,
2026-07-17,NSE,HCLTECH,raw_l2/trade_date=2026-07-17/exchange=NSE/symbol=HCLTECH/part-072436_258463-029931.parquet,real_data_sample\l2_unseen_validation\trade_date=2026-07-17\exchange=NSE\symbol=HCLTECH\part-072436_258463-029931.parquet,35779,downloaded,35779,
2026-07-17,NSE,HCLTECH,raw_l2/trade_date=2026-07-17/exchange=NSE/symbol=HCLTECH/part-072048_052073-029419.parquet,real_data_sample\l2_unseen_validation\trade_date=2026-07-17\exchange=NSE\symbol=HCLTECH\part-072048_052073-029419.parquet,34725,downloaded,34725,
2026-07-17,NSE,HCLTECH,raw_l2/trade_date=2026-07-17/exchange=NSE/symbol=HCLTECH/part-072116_456356-029483.parquet,real_data_sample\l2_unseen_validation\trade_date=2026-07-17\exchange=NSE\symbol=HCLTECH\part-072116_456356-029483.parquet,35426,downloaded,35426,
2026-07-17,NSE,HCLTECH,raw_l2/trade_date=2026-07-17/exchange=NSE/symbol=HCLTECH/part-072144_686187-029547.parquet,real_data_sample\l2_unseen_validation\trade_date=2026-07-17\exchange=NSE\symbol=HCLTECH\part-072144_686187-029547.parquet,35945,downloaded,35945,
2026-07-17,NSE,HCLTECH,raw_l2/trade_date=2026-07-17/exchange=NSE/symbol=HCLTECH/part-072158_846995-029579.parquet,real_data_sample\l2_unseen_validation\trade_date=2026-07-17\exchange=NSE\symbol=HCLTECH\part-072158_846995-029579.parquet,35672,downloaded,35672,
2026-07-17,NSE,HCLTECH,raw_l2/trade_date=2026-07-17/exchange=NSE/symbol=HCLTECH/part-072130_599824-029515.parquet,real_data_sample\l2_unseen_validation\trade_date=2026-07-17\exchange=NSE\symbol=HCLTECH\part-072130_599824-029515.parquet,35805,downloaded,35805,
2026-07-17,NSE,HCLTECH,raw_l2/trade_date=2026-07-17/exchange=NSE/symbol=HCLTECH/part-072213_754510-029611.parquet,real_data_sample\l2_unseen_validation\trade_date=2026-07-17\exchange=NSE\symbol=HCLTECH\part-072213_754510-029611.parquet,35813,downloaded,35813,
2026-07-17,NSE,HCLTECH,raw_l2/trade_date=2026-07-17/exchange=NSE/symbol=HCLTECH/part-072102_258571-029451.parquet,real_data_sample\l2_unseen_validation\trade_date=2026-07-17\exchange=NSE\symbol=HCLTECH\part-072102_258571-029451.parquet,35073,downloaded,35073,
2026-07-17,NSE,HCLTECH,raw_l2/trade_date=2026-07-17/exchange=NSE/symbol=HCLTECH/part-072505_166311-029995.parquet,real_data_sample\l2_unseen_validation\trade_date=2026-07-17\exchange=NSE\symbol=HCLTECH\part-072505_166311-029995.parquet,35977,downloaded,35977,
2026-07-17,NSE,HCLTECH,raw_l2/trade_date=2026-07-17/exchange=NSE/symbol=HCLTECH/part-072644_704886-030219.parquet,real_data_sample\l2_unseen_validation\trade_date=2026-07-17\exchange=NSE\symbol=HCLTECH\part-072644_704886-030219.parquet,35000,downloaded,35000,
2026-07-17,NSE,HCLTECH,raw_l2/trade_date=2026-07-17/exchange=NSE/symbol=HCLTECH/part-072227_771030-029643.parquet,real_data_sample\l2_unseen_validation\trade_date=2026-07-17\exchange=NSE\symbol=HCLTECH\part-072227_771030-029643.parquet,35653,downloaded,35653,
2026-07-17,NSE,HCLTECH,raw_l2/trade_date=2026-07-17/exchange=NSE/symbol=HCLTECH/part-072242_052376-029675.parquet,real_data_sample\l2_unseen_validation\trade_date=2026-07-17\exchange=NSE\symbol=HCLTECH\part-072242_052376-029675.parquet,35924,downloaded,35924,
2026-07-17,NSE,HCLTECH,raw_l2/trade_date=2026-07-17/exchange=NSE/symbol=HCLTECH/part-072547_753734-030091.parquet,real_data_sample\l2_unseen_validation\trade_date=2026-07-17\exchange=NSE\symbol=HCLTECH\part-072547_753734-030091.parquet,35694,downloaded,35694,
2026-07-17,NSE,HCLTECH,raw_l2/trade_date=2026-07-17/exchange=NSE/symbol=HCLTECH/part-072256_244418-029707.parquet,real_data_sample\l2_unseen_validation\trade_date=2026-07-17\exchange=NSE\symbol=HCLTECH\part-072256_244418-029707.parquet,35559,downloaded,35559,
2026-07-17,NSE,HCLTECH,raw_l2/trade_date=2026-07-17/exchange=NSE/symbol=HCLTECH/part-072310_563434-029739.parquet,real_data_sample\l2_unseen_validation\trade_date=2026-07-17\exchange=NSE\symbol=HCLTECH\part-072310_563434-029739.parquet,35574,downloaded,35574,
2026-07-17,NSE,HCLTECH,raw_l2/trade_date=2026-07-17/exchange=NSE/symbol=HCLTECH/part-072533_452009-030059.parquet,real_data_sample\l2_unseen_validation\trade_date=2026-07-17\exchange=NSE\symbol=HCLTECH\part-072533_452009-030059.parquet,35360,downloaded,35360,
2026-07-17,NSE,HCLTECH,raw_l2/trade_date=2026-07-17/exchange=NSE/symbol=HCLTECH/part-072339_234907-029803.parquet,real_data_sample\l2_unseen_validation\trade_date=2026-07-17\exchange=NSE\symbol=HCLTECH\part-072339_234907-029803.parquet,35115,downloaded,35115,
2026-07-17,NSE,HCLTECH,raw_l2/trade_date=2026-07-17/exchange=NSE/symbol=HCLTECH/part-072601_784869-030123.parquet,real_data_sample\l2_unseen_validation\trade_date=2026-07-17\exchange=NSE\symbol=HCLTECH\part-072601_784869-030123.parquet,35792,downloaded,35792,
2026-07-17,NSE,HCLTECH,raw_l2/trade_date=2026-07-17/exchange=NSE/symbol=HCLTECH/part-072324_786536-029771.parquet,real_data_sample\l2_unseen_validation\trade_date=2026-07-17\exchange=NSE\symbol=HCLTECH\part-072324_786536-029771.parquet,35013,downloaded,35013,
2026-07-17,NSE,HCLTECH,raw_l2/trade_date=2026-07-17/exchange=NSE/symbol=HCLTECH/part-072519_243468-030027.parquet,real_data_sample\l2_unseen_validation\trade_date=2026-07-17\exchange=NSE\symbol=HCLTECH\part-072519_243468-030027.parquet,35411,downloaded,35411,
2026-07-17,NSE,HCLTECH,raw_l2/trade_date=2026-07-17/exchange=NSE/symbol=HCLTECH/part-072630_211499-030187.parquet,real_data_sample\l2_unseen_validation\trade_date=2026-07-17\exchange=NSE\symbol=HCLTECH\part-072630_211499-030187.parquet,34836,downloaded,34836,
2026-07-17,NSE,HCLTECH,raw_l2/trade_date=2026-07-17/exchange=NSE/symbol=HCLTECH/part-072450_565431-029963.parquet,real_data_sample\l2_unseen_validation\trade_date=2026-07-17\exchange=NSE\symbol=HCLTECH\part-072450_565431-029963.parquet,35915,downloaded,35915,
2026-07-17,NSE,HCLTECH,raw_l2/trade_date=2026-07-17/exchange=NSE/symbol=HCLTECH/part-072615_885345-030155.parquet,real_data_sample\l2_unseen_validation\trade_date=2026-07-17\exchange=NSE\symbol=HCLTECH\part-072615_885345-030155.parquet,35268,downloaded,35268,
2026-07-17,NSE,HCLTECH,raw_l2/trade_date=2026-07-17/exchange=NSE/symbol=HCLTECH/part-072019_510817-029355.parquet,real_data_sample\l2_unseen_validation\trade_date=2026-07-17\exchange=NSE\symbol=HCLTECH\part-072019_510817-029355.parquet,35482,downloaded,35482,
2026-07-17,NSE,HCLTECH,raw_l2/trade_date=2026-07-17/exchange=NSE/symbol=HCLTECH/part-072658_784936-030251.parquet,real_data_sample\l2_unseen_validation\trade_date=2026-07-17\exchange=NSE\symbol=HCLTECH\part-072658_784936-030251.parquet,34750,downloaded,34750,
2026-07-17,NSE,HCLTECH,raw_l2/trade_date=2026-07-17/exchange=NSE/symbol=HCLTECH/part-072353_543603-029835.parquet,real_data_sample\l2_unseen_validation\trade_date=2026-07-17\exchange=NSE\symbol=HCLTECH\part-072353_543603-029835.parquet,35165,downloaded,35165,
2026-07-17,NSE,HCLTECH,raw_l2/trade_date=2026-07-17/exchange=NSE/symbol=HCLTECH/part-072407_747440-029867.parquet,real_data_sample\l2_unseen_validation\trade_date=2026-07-17\exchange=NSE\symbol=HCLTECH\part-072407_747440-029867.parquet,34818,downloaded,34818,
2026-07-17,NSE,HCLTECH,raw_l2/trade_date=2026-07-17/exchange=NSE/symbol=HCLTECH/part-072713_233439-030283.parquet,real_data_sample\l2_unseen_validation\trade_date=2026-07-17\exchange=NSE\symbol=HCLTECH\part-072713_233439-030283.parquet,34714,downloaded,34714,
2026-07-17,NSE,HCLTECH,raw_l2/trade_date=2026-07-17/exchange=NSE/symbol=HCLTECH/part-072939_836566-030603.parquet,real_data_sample\l2_unseen_validation\trade_date=2026-07-17\exchange=NSE\symbol=HCLTECH\part-072939_836566-030603.parquet,36708,downloaded,36708,
2026-07-17,NSE,HCLTECH,raw_l2/trade_date=2026-07-17/exchange=NSE/symbol=HCLTECH/part-072825_470669-030443.parquet,real_data_sample\l2_unseen_validation\trade_date=2026-07-17\exchange=NSE\symbol=HCLTECH\part-072825_470669-030443.parquet,34986,downloaded,34986,
2026-07-17,NSE,HCLTECH,raw_l2/trade_date=2026-07-17/exchange=NSE/symbol=HCLTECH/part-073008_682155-030667.parquet,real_data_sample\l2_unseen_validation\trade_date=2026-07-17\exchange=NSE\symbol=HCLTECH\part-073008_682155-030667.parquet,36138,downloaded,36138,
2026-07-17,NSE,HCLTECH,raw_l2/trade_date=2026-07-17/exchange=NSE/symbol=HCLTECH/part-072742_094916-030347.parquet,real_data_sample\l2_unseen_validation\trade_date=2026-07-17\exchange=NSE\symbol=HCLTECH\part-072742_094916-030347.parquet,34587,downloaded,34587,
2026-07-17,NSE,HCLTECH,raw_l2/trade_date=2026-07-17/exchange=NSE/symbol=HCLTECH/part-072756_564574-030379.parquet,real_data_sample\l2_unseen_validation\trade_date=2026-07-17\exchange=NSE\symbol=HCLTECH\part-072756_564574-030379.parquet,34957,downloaded,34957,
2026-07-17,NSE,HCLTECH,raw_l2/trade_date=2026-07-17/exchange=NSE/symbol=HCLTECH/part-072954_327920-030635.parquet,real_data_sample\l2_unseen_validation\trade_date=2026-07-17\exchange=NSE\symbol=HCLTECH\part-072954_327920-030635.parquet,36000,downloaded,36000,
2026-07-17,NSE,HCLTECH,raw_l2/trade_date=2026-07-17/exchange=NSE/symbol=HCLTECH/part-073411_223204-031211.parquet,real_data_sample\l2_unseen_validation\trade_date=2026-07-17\exchange=NSE\symbol=HCLTECH\part-073411_223204-031211.parquet,34769,downloaded,34769,
2026-07-17,NSE,HCLTECH,raw_l2/trade_date=2026-07-17/exchange=NSE/symbol=HCLTECH/part-072811_094646-030411.parquet,real_data_sample\l2_unseen_validation\trade_date=2026-07-17\exchange=NSE\symbol=HCLTECH\part-072811_094646-030411.parquet,34853,downloaded,34853,
2026-07-17,NSE,HCLTECH,raw_l2/trade_date=2026-07-17/exchange=NSE/symbol=HCLTECH/part-073342_956669-031147.parquet,real_data_sample\l2_unseen_validation\trade_date=2026-07-17\exchange=NSE\symbol=HCLTECH\part-073342_956669-031147.parquet,34917,downloaded,34917,
2026-07-17,NSE,HCLTECH,raw_l2/trade_date=2026-07-17/exchange=NSE/symbol=HCLTECH/part-073037_208991-030731.parquet,real_data_sample\l2_unseen_validation\trade_date=2026-07-17\exchange=NSE\symbol=HCLTECH\part-073037_208991-030731.parquet,35612,downloaded,35612,
2026-07-17,NSE,HCLTECH,raw_l2/trade_date=2026-07-17/exchange=NSE/symbol=HCLTECH/part-072855_830087-030507.parquet,real_data_sample\l2_unseen_validation\trade_date=2026-07-17\exchange=NSE\symbol=HCLTECH\part-072855_830087-030507.parquet,35000,downloaded,35000,
2026-07-17,NSE,HCLTECH,raw_l2/trade_date=2026-07-17/exchange=NSE/symbol=HCLTECH/part-073357_023690-031179.parquet,real_data_sample\l2_unseen_validation\trade_date=2026-07-17\exchange=NSE\symbol=HCLTECH\part-073357_023690-031179.parquet,34885,downloaded,34885,
2026-07-17,NSE,HCLTECH,raw_l2/trade_date=2026-07-17/exchange=NSE/symbol=HCLTECH/part-073022_973547-030699.parquet,real_data_sample\l2_unseen_validation\trade_date=2026-07-17\exchange=NSE\symbol=HCLTECH\part-073022_973547-030699.parquet,36021,downloaded,36021,
2026-07-17,NSE,HCLTECH,raw_l2/trade_date=2026-07-17/exchange=NSE/symbol=HCLTECH/part-072925_191201-030571.parquet,real_data_sample\l2_unseen_validation\trade_date=2026-07-17\exchange=NSE\symbol=HCLTECH\part-072925_191201-030571.parquet,36347,downloaded,36347,
2026-07-17,NSE,HCLTECH,raw_l2/trade_date=2026-07-17/exchange=NSE/symbol=HCLTECH/part-072841_057604-030475.parquet,real_data_sample\l2_unseen_validation\trade_date=2026-07-17\exchange=NSE\symbol=HCLTECH\part-072841_057604-030475.parquet,34893,downloaded,34893,
2026-07-17,NSE,HCLTECH,raw_l2/trade_date=2026-07-17/exchange=NSE/symbol=HCLTECH/part-073051_551628-030763.parquet,real_data_sample\l2_unseen_validation\trade_date=2026-07-17\exchange=NSE\symbol=HCLTECH\part-073051_551628-030763.parquet,35269,downloaded,35269,
2026-07-17,NSE,HCLTECH,raw_l2/trade_date=2026-07-17/exchange=NSE/symbol=HCLTECH/part-073106_108335-030795.parquet,real_data_sample\l2_unseen_validation\trade_date=2026-07-17\exchange=NSE\symbol=HCLTECH\part-073106_108335-030795.parquet,35835,downloaded,35835,
2026-07-17,NSE,HCLTECH,raw_l2/trade_date=2026-07-17/exchange=NSE/symbol=HCLTECH/part-073328_577347-031115.parquet,real_data_sample\l2_unseen_validation\trade_date=2026-07-17\exchange=NSE\symbol=HCLTECH\part-073328_577347-031115.parquet,34816,downloaded,34816,
2026-07-17,NSE,HCLTECH,raw_l2/trade_date=2026-07-17/exchange=NSE/symbol=HCLTECH/part-073134_483287-030859.parquet,real_data_sample\l2_unseen_validation\trade_date=2026-07-17\exchange=NSE\symbol=HCLTECH\part-073134_483287-030859.parquet,34896,downloaded,34896,
2026-07-17,NSE,HCLTECH,raw_l2/trade_date=2026-07-17/exchange=NSE/symbol=HCLTECH/part-073439_834728-031275.parquet,real_data_sample\l2_unseen_validation\trade_date=2026-07-17\exchange=NSE\symbol=HCLTECH\part-073439_834728-031275.parquet,34659,downloaded,34659,
2026-07-17,NSE,HCLTECH,raw_l2/trade_date=2026-07-17/exchange=NSE/symbol=HCLTECH/part-073245_747223-031019.parquet,real_data_sample\l2_unseen_validation\trade_date=2026-07-17\exchange=NSE\symbol=HCLTECH\part-073245_747223-031019.parquet,34902,downloaded,34902,
2026-07-17,NSE,HCLTECH,raw_l2/trade_date=2026-07-17/exchange=NSE/symbol=HCLTECH/part-073203_272748-030923.parquet,real_data_sample\l2_unseen_validation\trade_date=2026-07-17\exchange=NSE\symbol=HCLTECH\part-073203_272748-030923.parquet,34962,downloaded,34962,
2026-07-17,NSE,HCLTECH,raw_l2/trade_date=2026-07-17/exchange=NSE/symbol=HCLTECH/part-073120_506634-030827.parquet,real_data_sample\l2_unseen_validation\trade_date=2026-07-17\exchange=NSE\symbol=HCLTECH\part-073120_506634-030827.parquet,35362,downloaded,35362,
2026-07-17,NSE,HCLTECH,raw_l2/trade_date=2026-07-17/exchange=NSE/symbol=HCLTECH/part-073149_024851-030891.parquet,real_data_sample\l2_unseen_validation\trade_date=2026-07-17\exchange=NSE\symbol=HCLTECH\part-073149_024851-030891.parquet,34955,downloaded,34955,
2026-07-17,NSE,HCLTECH,raw_l2/trade_date=2026-07-17/exchange=NSE/symbol=HCLTECH/part-073300_027333-031051.parquet,real_data_sample\l2_unseen_validation\trade_date=2026-07-17\exchange=NSE\symbol=HCLTECH\part-073300_027333-031051.parquet,34955,downloaded,34955,
2026-07-17,NSE,HCLTECH,raw_l2/trade_date=2026-07-17/exchange=NSE/symbol=HCLTECH/part-073231_527103-030987.parquet,real_data_sample\l2_unseen_validation\trade_date=2026-07-17\exchange=NSE\symbol=HCLTECH\part-073231_527103-030987.parquet,34862,downloaded,34862,
2026-07-17,NSE,HCLTECH,raw_l2/trade_date=2026-07-17/exchange=NSE/symbol=HCLTECH/part-073217_455826-030955.parquet,real_data_sample\l2_unseen_validation\trade_date=2026-07-17\exchange=NSE\symbol=HCLTECH\part-073217_455826-030955.parquet,34869,downloaded,34869,
2026-07-17,NSE,HCLTECH,raw_l2/trade_date=2026-07-17/exchange=NSE/symbol=HCLTECH/part-073314_280406-031083.parquet,real_data_sample\l2_unseen_validation\trade_date=2026-07-17\exchange=NSE\symbol=HCLTECH\part-073314_280406-031083.parquet,34893,downloaded,34893,
2026-07-17,NSE,HCLTECH,raw_l2/trade_date=2026-07-17/exchange=NSE/symbol=HCLTECH/part-071950_974934-029291.parquet,real_data_sample\l2_unseen_validation\trade_date=2026-07-17\exchange=NSE\symbol=HCLTECH\part-071950_974934-029291.parquet,35657,downloaded,35657,
2026-07-17,NSE,HCLTECH,raw_l2/trade_date=2026-07-17/exchange=NSE/symbol=HCLTECH/part-073425_555315-031243.parquet,real_data_sample\l2_unseen_validation\trade_date=2026-07-17\exchange=NSE\symbol=HCLTECH\part-073425_555315-031243.parquet,34842,downloaded,34842,
2026-07-17,NSE,HCLTECH,raw_l2/trade_date=2026-07-17/exchange=NSE/symbol=HCLTECH/part-072727_775456-030315.parquet,real_data_sample\l2_unseen_validation\trade_date=2026-07-17\exchange=NSE\symbol=HCLTECH\part-072727_775456-030315.parquet,34852,downloaded,34852,
2026-07-17,NSE,HCLTECH,raw_l2/trade_date=2026-07-17/exchange=NSE/symbol=HCLTECH/part-074130_189699-032203.parquet,real_data_sample\l2_unseen_validation\trade_date=2026-07-17\exchange=NSE\symbol=HCLTECH\part-074130_189699-032203.parquet,34649,downloaded,34649,
2026-07-17,NSE,HCLTECH,raw_l2/trade_date=2026-07-17/exchange=NSE/symbol=HCLTECH/part-073716_199257-031627.parquet,real_data_sample\l2_unseen_validation\trade_date=2026-07-17\exchange=NSE\symbol=HCLTECH\part-073716_199257-031627.parquet,34984,downloaded,34984,
2026-07-17,NSE,HCLTECH,raw_l2/trade_date=2026-07-17/exchange=NSE/symbol=HCLTECH/part-073550_974476-031435.parquet,real_data_sample\l2_unseen_validation\trade_date=2026-07-17\exchange=NSE\symbol=HCLTECH\part-073550_974476-031435.parquet,34916,downloaded,34916,
2026-07-17,NSE,HCLTECH,raw_l2/trade_date=2026-07-17/exchange=NSE/symbol=HCLTECH/part-074101_976511-032139.parquet,real_data_sample\l2_unseen_validation\trade_date=2026-07-17\exchange=NSE\symbol=HCLTECH\part-074101_976511-032139.parquet,34779,downloaded,34779,
2026-07-17,NSE,HCLTECH,raw_l2/trade_date=2026-07-17/exchange=NSE/symbol=HCLTECH/part-074005_438784-032011.parquet,real_data_sample\l2_unseen_validation\trade_date=2026-07-17\exchange=NSE\symbol=HCLTECH\part-074005_438784-032011.parquet,36122,downloaded,36122,
2026-07-17,NSE,HCLTECH,raw_l2/trade_date=2026-07-17/exchange=NSE/symbol=HCLTECH/part-073951_207943-031979.parquet,real_data_sample\l2_unseen_validation\trade_date=2026-07-17\exchange=NSE\symbol=HCLTECH\part-073951_207943-031979.parquet,34837,downloaded,34837,
2026-07-17,NSE,HCLTECH,raw_l2/trade_date=2026-07-17/exchange=NSE/symbol=HCLTECH/part-073812_425126-031755.parquet,real_data_sample\l2_unseen_validation\trade_date=2026-07-17\exchange=NSE\symbol=HCLTECH\part-073812_425126-031755.parquet,34755,downloaded,34755,
2026-07-17,NSE,HCLTECH,raw_l2/trade_date=2026-07-17/exchange=NSE/symbol=HCLTECH/part-073633_742860-031531.parquet,real_data_sample\l2_unseen_validation\trade_date=2026-07-17\exchange=NSE\symbol=HCLTECH\part-073633_742860-031531.parquet,34815,downloaded,34815,
2026-07-17,NSE,HCLTECH,raw_l2/trade_date=2026-07-17/exchange=NSE/symbol=HCLTECH/part-074019_741459-032043.parquet,real_data_sample\l2_unseen_validation\trade_date=2026-07-17\exchange=NSE\symbol=HCLTECH\part-074019_741459-032043.parquet,35353,downloaded,35353,
2026-07-17,NSE,HCLTECH,raw_l2/trade_date=2026-07-17/exchange=NSE/symbol=HCLTECH/part-073605_021988-031467.parquet,real_data_sample\l2_unseen_validation\trade_date=2026-07-17\exchange=NSE\symbol=HCLTECH\part-073605_021988-031467.parquet,35002,downloaded,35002,
2026-07-17,NSE,HCLTECH,raw_l2/trade_date=2026-07-17/exchange=NSE/symbol=HCLTECH/part-073536_800462-031403.parquet,real_data_sample\l2_unseen_validation\trade_date=2026-07-17\exchange=NSE\symbol=HCLTECH\part-073536_800462-031403.parquet,34940,downloaded,34940,
2026-07-17,NSE,HCLTECH,raw_l2/trade_date=2026-07-17/exchange=NSE/symbol=HCLTECH/part-073619_366330-031499.parquet,real_data_sample\l2_unseen_validation\trade_date=2026-07-17\exchange=NSE\symbol=HCLTECH\part-073619_366330-031499.parquet,34773,downloaded,34773,
2026-07-17,NSE,HCLTECH,raw_l2/trade_date=2026-07-17/exchange=NSE/symbol=HCLTECH/part-073840_633831-031819.parquet,real_data_sample\l2_unseen_validation\trade_date=2026-07-17\exchange=NSE\symbol=HCLTECH\part-073840_633831-031819.parquet,35006,downloaded,35006,
2026-07-17,NSE,HCLTECH,raw_l2/trade_date=2026-07-17/exchange=NSE/symbol=HCLTECH/part-073454_178562-031307.parquet,real_data_sample\l2_unseen_validation\trade_date=2026-07-17\exchange=NSE\symbol=HCLTECH\part-073454_178562-031307.parquet,34655,downloaded,34655,
2026-07-17,NSE,HCLTECH,raw_l2/trade_date=2026-07-17/exchange=NSE/symbol=HCLTECH/part-073758_176950-031723.parquet,real_data_sample\l2_unseen_validation\trade_date=2026-07-17\exchange=NSE\symbol=HCLTECH\part-073758_176950-031723.parquet,34882,downloaded,34882,
2026-07-17,NSE,HCLTECH,raw_l2/trade_date=2026-07-17/exchange=NSE/symbol=HCLTECH/part-073730_194527-031659.parquet,real_data_sample\l2_unseen_validation\trade_date=2026-07-17\exchange=NSE\symbol=HCLTECH\part-073730_194527-031659.parquet,34855,downloaded,34855,
2026-07-17,NSE,HCLTECH,raw_l2/trade_date=2026-07-17/exchange=NSE/symbol=HCLTECH/part-073648_012100-031563.parquet,real_data_sample\l2_unseen_validation\trade_date=2026-07-17\exchange=NSE\symbol=HCLTECH\part-073648_012100-031563.parquet,34906,downloaded,34906,
2026-07-17,NSE,HCLTECH,raw_l2/trade_date=2026-07-17/exchange=NSE/symbol=HCLTECH/part-073826_533545-031787.parquet,real_data_sample\l2_unseen_validation\trade_date=2026-07-17\exchange=NSE\symbol=HCLTECH\part-073826_533545-031787.parquet,35099,downloaded,35099,
2026-07-17,NSE,HCLTECH,raw_l2/trade_date=2026-07-17/exchange=NSE/symbol=HCLTECH/part-073508_327247-031339.parquet,real_data_sample\l2_unseen_validation\trade_date=2026-07-17\exchange=NSE\symbol=HCLTECH\part-073508_327247-031339.parquet,34805,downloaded,34805,
2026-07-17,NSE,HCLTECH,raw_l2/trade_date=2026-07-17/exchange=NSE/symbol=HCLTECH/part-074116_164420-032171.parquet,real_data_sample\l2_unseen_validation\trade_date=2026-07-17\exchange=NSE\symbol=HCLTECH\part-074116_164420-032171.parquet,34816,downloaded,34816,
2026-07-17,NSE,HCLTECH,raw_l2/trade_date=2026-07-17/exchange=NSE/symbol=HCLTECH/part-074033_709219-032075.parquet,real_data_sample\l2_unseen_validation\trade_date=2026-07-17\exchange=NSE\symbol=HCLTECH\part-074033_709219-032075.parquet,34881,downloaded,34881,
2026-07-17,NSE,HCLTECH,raw_l2/trade_date=2026-07-17/exchange=NSE/symbol=HCLTECH/part-074047_919704-032107.parquet,real_data_sample\l2_unseen_validation\trade_date=2026-07-17\exchange=NSE\symbol=HCLTECH\part-074047_919704-032107.parquet,34790,downloaded,34790,
2026-07-17,NSE,HCLTECH,raw_l2/trade_date=2026-07-17/exchange=NSE/symbol=HCLTECH/part-073522_465054-031371.parquet,real_data_sample\l2_unseen_validation\trade_date=2026-07-17\exchange=NSE\symbol=HCLTECH\part-073522_465054-031371.parquet,34900,downloaded,34900,
2026-07-17,NSE,HCLTECH,raw_l2/trade_date=2026-07-17/exchange=NSE/symbol=HCLTECH/part-074144_393917-032235.parquet,real_data_sample\l2_unseen_validation\trade_date=2026-07-17\exchange=NSE\symbol=HCLTECH\part-074144_393917-032235.parquet,34507,downloaded,34507,
2026-07-17,NSE,HCLTECH,raw_l2/trade_date=2026-07-17/exchange=NSE/symbol=HCLTECH/part-073744_177102-031691.parquet,real_data_sample\l2_unseen_validation\trade_date=2026-07-17\exchange=NSE\symbol=HCLTECH\part-073744_177102-031691.parquet,34783,downloaded,34783,
2026-07-17,NSE,HCLTECH,raw_l2/trade_date=2026-07-17/exchange=NSE/symbol=HCLTECH/part-073702_255004-031595.parquet,real_data_sample\l2_unseen_validation\trade_date=2026-07-17\exchange=NSE\symbol=HCLTECH\part-073702_255004-031595.parquet,34587,downloaded,34587,
2026-07-17,NSE,HCLTECH,raw_l2/trade_date=2026-07-17/exchange=NSE/symbol=HCLTECH/part-073923_169183-031915.parquet,real_data_sample\l2_unseen_validation\trade_date=2026-07-17\exchange=NSE\symbol=HCLTECH\part-073923_169183-031915.parquet,35639,downloaded,35639,
2026-07-17,NSE,HCLTECH,raw_l2/trade_date=2026-07-17/exchange=NSE/symbol=HCLTECH/part-073909_221014-031883.parquet,real_data_sample\l2_unseen_validation\trade_date=2026-07-17\exchange=NSE\symbol=HCLTECH\part-073909_221014-031883.parquet,34874,downloaded,34874,
2026-07-17,NSE,HCLTECH,raw_l2/trade_date=2026-07-17/exchange=NSE/symbol=HCLTECH/part-073854_642368-031851.parquet,real_data_sample\l2_unseen_validation\trade_date=2026-07-17\exchange=NSE\symbol=HCLTECH\part-073854_642368-031851.parquet,34965,downloaded,34965,
2026-07-17,NSE,HCLTECH,raw_l2/trade_date=2026-07-17/exchange=NSE/symbol=HCLTECH/part-073937_185318-031947.parquet,real_data_sample\l2_unseen_validation\trade_date=2026-07-17\exchange=NSE\symbol=HCLTECH\part-073937_185318-031947.parquet,35598,downloaded,35598,
2026-07-17,NSE,HCLTECH,raw_l2/trade_date=2026-07-17/exchange=NSE/symbol=HCLTECH/part-074226_385860-032331.parquet,real_data_sample\l2_unseen_validation\trade_date=2026-07-17\exchange=NSE\symbol=HCLTECH\part-074226_385860-032331.parquet,34839,downloaded,34839,
2026-07-17,NSE,HCLTECH,raw_l2/trade_date=2026-07-17/exchange=NSE/symbol=HCLTECH/part-074254_404906-032395.parquet,real_data_sample\l2_unseen_validation\trade_date=2026-07-17\exchange=NSE\symbol=HCLTECH\part-074254_404906-032395.parquet,34937,downloaded,34937,
2026-07-17,NSE,HCLTECH,raw_l2/trade_date=2026-07-17/exchange=NSE/symbol=HCLTECH/part-074336_516593-032491.parquet,real_data_sample\l2_unseen_validation\trade_date=2026-07-17\exchange=NSE\symbol=HCLTECH\part-074336_516593-032491.parquet,34543,downloaded,34543,
2026-07-17,NSE,HCLTECH,raw_l2/trade_date=2026-07-17/exchange=NSE/symbol=HCLTECH/part-074819_669744-033131.parquet,real_data_sample\l2_unseen_validation\trade_date=2026-07-17\exchange=NSE\symbol=HCLTECH\part-074819_669744-033131.parquet,34796,downloaded,34796,
2026-07-17,NSE,HCLTECH,raw_l2/trade_date=2026-07-17/exchange=NSE/symbol=HCLTECH/part-074543_963531-032779.parquet,real_data_sample\l2_unseen_validation\trade_date=2026-07-17\exchange=NSE\symbol=HCLTECH\part-074543_963531-032779.parquet,35835,downloaded,35835,
2026-07-17,NSE,HCLTECH,raw_l2/trade_date=2026-07-17/exchange=NSE/symbol=HCLTECH/part-074308_426095-032427.parquet,real_data_sample\l2_unseen_validation\trade_date=2026-07-17\exchange=NSE\symbol=HCLTECH\part-074308_426095-032427.parquet,34961,downloaded,34961,
2026-07-17,NSE,HCLTECH,raw_l2/trade_date=2026-07-17/exchange=NSE/symbol=HCLTECH/part-074322_381488-032459.parquet,real_data_sample\l2_unseen_validation\trade_date=2026-07-17\exchange=NSE\symbol=HCLTECH\part-074322_381488-032459.parquet,34664,downloaded,34664,
2026-07-17,NSE,HCLTECH,raw_l2/trade_date=2026-07-17/exchange=NSE/symbol=HCLTECH/part-074419_461014-032587.parquet,real_data_sample\l2_unseen_validation\trade_date=2026-07-17\exchange=NSE\symbol=HCLTECH\part-074419_461014-032587.parquet,34879,downloaded,34879,
2026-07-17,NSE,HCLTECH,raw_l2/trade_date=2026-07-17/exchange=NSE/symbol=HCLTECH/part-074350_832336-032523.parquet,real_data_sample\l2_unseen_validation\trade_date=2026-07-17\exchange=NSE\symbol=HCLTECH\part-074350_832336-032523.parquet,34620,downloaded,34620,
2026-07-17,NSE,HCLTECH,raw_l2/trade_date=2026-07-17/exchange=NSE/symbol=HCLTECH/part-074723_533927-033003.parquet,real_data_sample\l2_unseen_validation\trade_date=2026-07-17\exchange=NSE\symbol=HCLTECH\part-074723_533927-033003.parquet,34733,downloaded,34733,
2026-07-17,NSE,HCLTECH,raw_l2/trade_date=2026-07-17/exchange=NSE/symbol=HCLTECH/part-074212_432091-032299.parquet,real_data_sample\l2_unseen_validation\trade_date=2026-07-17\exchange=NSE\symbol=HCLTECH\part-074212_432091-032299.parquet,34891,downloaded,34891,
2026-07-17,NSE,HCLTECH,raw_l2/trade_date=2026-07-17/exchange=NSE/symbol=HCLTECH/part-074447_412869-032651.parquet,real_data_sample\l2_unseen_validation\trade_date=2026-07-17\exchange=NSE\symbol=HCLTECH\part-074447_412869-032651.parquet,35010,downloaded,35010,
2026-07-17,NSE,HCLTECH,raw_l2/trade_date=2026-07-17/exchange=NSE/symbol=HCLTECH/part-074709_251551-032971.parquet,real_data_sample\l2_unseen_validation\trade_date=2026-07-17\exchange=NSE\symbol=HCLTECH\part-074709_251551-032971.parquet,34996,downloaded,34996,
2026-07-17,NSE,HCLTECH,raw_l2/trade_date=2026-07-17/exchange=NSE/symbol=HCLTECH/part-074751_675480-033067.parquet,real_data_sample\l2_unseen_validation\trade_date=2026-07-17\exchange=NSE\symbol=HCLTECH\part-074751_675480-033067.parquet,34765,downloaded,34765,
2026-07-17,NSE,HCLTECH,raw_l2/trade_date=2026-07-17/exchange=NSE/symbol=HCLTECH/part-074240_333864-032363.parquet,real_data_sample\l2_unseen_validation\trade_date=2026-07-17\exchange=NSE\symbol=HCLTECH\part-074240_333864-032363.parquet,34742,downloaded,34742,
2026-07-17,NSE,HCLTECH,raw_l2/trade_date=2026-07-17/exchange=NSE/symbol=HCLTECH/part-074433_426964-032619.parquet,real_data_sample\l2_unseen_validation\trade_date=2026-07-17\exchange=NSE\symbol=HCLTECH\part-074433_426964-032619.parquet,35012,downloaded,35012,
2026-07-17,NSE,HCLTECH,raw_l2/trade_date=2026-07-17/exchange=NSE/symbol=HCLTECH/part-074405_426570-032555.parquet,real_data_sample\l2_unseen_validation\trade_date=2026-07-17\exchange=NSE\symbol=HCLTECH\part-074405_426570-032555.parquet,34795,downloaded,34795,
2026-07-17,NSE,HCLTECH,raw_l2/trade_date=2026-07-17/exchange=NSE/symbol=HCLTECH/part-074805_707349-033099.parquet,real_data_sample\l2_unseen_validation\trade_date=2026-07-17\exchange=NSE\symbol=HCLTECH\part-074805_707349-033099.parquet,35098,downloaded,35098,
2026-07-17,NSE,HCLTECH,raw_l2/trade_date=2026-07-17/exchange=NSE/symbol=HCLTECH/part-074833_902777-033163.parquet,real_data_sample\l2_unseen_validation\trade_date=2026-07-17\exchange=NSE\symbol=HCLTECH\part-074833_902777-033163.parquet,34769,downloaded,34769,
2026-07-17,NSE,HCLTECH,raw_l2/trade_date=2026-07-17/exchange=NSE/symbol=HCLTECH/part-074848_009099-033195.parquet,real_data_sample\l2_unseen_validation\trade_date=2026-07-17\exchange=NSE\symbol=HCLTECH\part-074848_009099-033195.parquet,34731,downloaded,34731,
2026-07-17,NSE,HCLTECH,raw_l2/trade_date=2026-07-17/exchange=NSE/symbol=HCLTECH/part-074902_223709-033227.parquet,real_data_sample\l2_unseen_validation\trade_date=2026-07-17\exchange=NSE\symbol=HCLTECH\part-074902_223709-033227.parquet,34908,downloaded,34908,
2026-07-17,NSE,HCLTECH,raw_l2/trade_date=2026-07-17/exchange=NSE/symbol=HCLTECH/part-074737_675083-033035.parquet,real_data_sample\l2_unseen_validation\trade_date=2026-07-17\exchange=NSE\symbol=HCLTECH\part-074737_675083-033035.parquet,34760,downloaded,34760,
2026-07-17,NSE,HCLTECH,raw_l2/trade_date=2026-07-17/exchange=NSE/symbol=HCLTECH/part-074501_461898-032683.parquet,real_data_sample\l2_unseen_validation\trade_date=2026-07-17\exchange=NSE\symbol=HCLTECH\part-074501_461898-032683.parquet,34927,downloaded,34927,
2026-07-17,NSE,HCLTECH,raw_l2/trade_date=2026-07-17/exchange=NSE/symbol=HCLTECH/part-074515_723641-032715.parquet,real_data_sample\l2_unseen_validation\trade_date=2026-07-17\exchange=NSE\symbol=HCLTECH\part-074515_723641-032715.parquet,35259,downloaded,35259,
2026-07-17,NSE,HCLTECH,raw_l2/trade_date=2026-07-17/exchange=NSE/symbol=HCLTECH/part-074557_972035-032811.parquet,real_data_sample\l2_unseen_validation\trade_date=2026-07-17\exchange=NSE\symbol=HCLTECH\part-074557_972035-032811.parquet,35811,downloaded,35811,
2026-07-17,NSE,HCLTECH,raw_l2/trade_date=2026-07-17/exchange=NSE/symbol=HCLTECH/part-074655_289595-032939.parquet,real_data_sample\l2_unseen_validation\trade_date=2026-07-17\exchange=NSE\symbol=HCLTECH\part-074655_289595-032939.parquet,35456,downloaded,35456,
2026-07-17,NSE,HCLTECH,raw_l2/trade_date=2026-07-17/exchange=NSE/symbol=HCLTECH/part-074626_713005-032875.parquet,real_data_sample\l2_unseen_validation\trade_date=2026-07-17\exchange=NSE\symbol=HCLTECH\part-074626_713005-032875.parquet,35833,downloaded,35833,
2026-07-17,NSE,HCLTECH,raw_l2/trade_date=2026-07-17/exchange=NSE/symbol=HCLTECH/part-074529_949066-032747.parquet,real_data_sample\l2_unseen_validation\trade_date=2026-07-17\exchange=NSE\symbol=HCLTECH\part-074529_949066-032747.parquet,35703,downloaded,35703,
2026-07-17,NSE,HCLTECH,raw_l2/trade_date=2026-07-17/exchange=NSE/symbol=HCLTECH/part-074641_119313-032907.parquet,real_data_sample\l2_unseen_validation\trade_date=2026-07-17\exchange=NSE\symbol=HCLTECH\part-074641_119313-032907.parquet,35467,downloaded,35467,
2026-07-17,NSE,HCLTECH,raw_l2/trade_date=2026-07-17/exchange=NSE/symbol=HCLTECH/part-074612_565398-032843.parquet,real_data_sample\l2_unseen_validation\trade_date=2026-07-17\exchange=NSE\symbol=HCLTECH\part-074612_565398-032843.parquet,36790,downloaded,36790,
2026-07-17,NSE,HCLTECH,raw_l2/trade_date=2026-07-17/exchange=NSE/symbol=HCLTECH/part-074158_446197-032267.parquet,real_data_sample\l2_unseen_validation\trade_date=2026-07-17\exchange=NSE\symbol=HCLTECH\part-074158_446197-032267.parquet,34855,downloaded,34855,
2026-07-17,NSE,HCLTECH,raw_l2/trade_date=2026-07-17/exchange=NSE/symbol=HCLTECH/part-074944_427864-033323.parquet,real_data_sample\l2_unseen_validation\trade_date=2026-07-17\exchange=NSE\symbol=HCLTECH\part-074944_427864-033323.parquet,34675,downloaded,34675,
2026-07-17,NSE,HCLTECH,raw_l2/trade_date=2026-07-17/exchange=NSE/symbol=HCLTECH/part-075248_800915-033739.parquet,real_data_sample\l2_unseen_validation\trade_date=2026-07-17\exchange=NSE\symbol=HCLTECH\part-075248_800915-033739.parquet,34731,downloaded,34731,
2026-07-17,NSE,HCLTECH,raw_l2/trade_date=2026-07-17/exchange=NSE/symbol=HCLTECH/part-075317_746363-033803.parquet,real_data_sample\l2_unseen_validation\trade_date=2026-07-17\exchange=NSE\symbol=HCLTECH\part-075317_746363-033803.parquet,34885,downloaded,34885,
2026-07-17,NSE,HCLTECH,raw_l2/trade_date=2026-07-17/exchange=NSE/symbol=HCLTECH/part-075234_784422-033707.parquet,real_data_sample\l2_unseen_validation\trade_date=2026-07-17\exchange=NSE\symbol=HCLTECH\part-075234_784422-033707.parquet,34872,downloaded,34872,
2026-07-17,NSE,HCLTECH,raw_l2/trade_date=2026-07-17/exchange=NSE/symbol=HCLTECH/part-075303_562591-033771.parquet,real_data_sample\l2_unseen_validation\trade_date=2026-07-17\exchange=NSE\symbol=HCLTECH\part-075303_562591-033771.parquet,34774,downloaded,34774,
2026-07-17,NSE,HCLTECH,raw_l2/trade_date=2026-07-17/exchange=NSE/symbol=HCLTECH/part-075345_706255-033867.parquet,real_data_sample\l2_unseen_validation\trade_date=2026-07-17\exchange=NSE\symbol=HCLTECH\part-075345_706255-033867.parquet,34872,downloaded,34872,
2026-07-17,NSE,HCLTECH,raw_l2/trade_date=2026-07-17/exchange=NSE/symbol=HCLTECH/part-075220_689027-033675.parquet,real_data_sample\l2_unseen_validation\trade_date=2026-07-17\exchange=NSE\symbol=HCLTECH\part-075220_689027-033675.parquet,34578,downloaded,34578,
2026-07-17,NSE,HCLTECH,raw_l2/trade_date=2026-07-17/exchange=NSE/symbol=HCLTECH/part-075137_745753-033579.parquet,real_data_sample\l2_unseen_validation\trade_date=2026-07-17\exchange=NSE\symbol=HCLTECH\part-075137_745753-033579.parquet,34855,downloaded,34855,
2026-07-17,NSE,HCLTECH,raw_l2/trade_date=2026-07-17/exchange=NSE/symbol=HCLTECH/part-075331_786528-033835.parquet,real_data_sample\l2_unseen_validation\trade_date=2026-07-17\exchange=NSE\symbol=HCLTECH\part-075331_786528-033835.parquet,34816,downloaded,34816,
2026-07-17,NSE,HCLTECH,raw_l2/trade_date=2026-07-17/exchange=NSE/symbol=HCLTECH/part-075055_654125-033483.parquet,real_data_sample\l2_unseen_validation\trade_date=2026-07-17\exchange=NSE\symbol=HCLTECH\part-075055_654125-033483.parquet,34687,downloaded,34687,
2026-07-17,NSE,HCLTECH,raw_l2/trade_date=2026-07-17/exchange=NSE/symbol=HCLTECH/part-074958_415237-033355.parquet,real_data_sample\l2_unseen_validation\trade_date=2026-07-17\exchange=NSE\symbol=HCLTECH\part-074958_415237-033355.parquet,34954,downloaded,34954,
2026-07-17,NSE,HCLTECH,raw_l2/trade_date=2026-07-17/exchange=NSE/symbol=HCLTECH/part-075109_602392-033515.parquet,real_data_sample\l2_unseen_validation\trade_date=2026-07-17\exchange=NSE\symbol=HCLTECH\part-075109_602392-033515.parquet,34848,downloaded,34848,
2026-07-17,NSE,HCLTECH,raw_l2/trade_date=2026-07-17/exchange=NSE/symbol=HCLTECH/part-075206_483596-033643.parquet,real_data_sample\l2_unseen_validation\trade_date=2026-07-17\exchange=NSE\symbol=HCLTECH\part-075206_483596-033643.parquet,35086,downloaded,35086,
2026-07-17,NSE,HCLTECH,raw_l2/trade_date=2026-07-17/exchange=NSE/symbol=HCLTECH/part-075027_013302-033419.parquet,real_data_sample\l2_unseen_validation\trade_date=2026-07-17\exchange=NSE\symbol=HCLTECH\part-075027_013302-033419.parquet,34825,downloaded,34825,
2026-07-17,NSE,HCLTECH,raw_l2/trade_date=2026-07-17/exchange=NSE/symbol=HCLTECH/part-075151_926979-033611.parquet,real_data_sample\l2_unseen_validation\trade_date=2026-07-17\exchange=NSE\symbol=HCLTECH\part-075151_926979-033611.parquet,34672,downloaded,34672,
2026-07-17,NSE,HCLTECH,raw_l2/trade_date=2026-07-17/exchange=NSE/symbol=HCLTECH/part-075012_429474-033387.parquet,real_data_sample\l2_unseen_validation\trade_date=2026-07-17\exchange=NSE\symbol=HCLTECH\part-075012_429474-033387.parquet,34711,downloaded,34711,
2026-07-17,NSE,HCLTECH,raw_l2/trade_date=2026-07-17/exchange=NSE/symbol=HCLTECH/part-075041_668185-033451.parquet,real_data_sample\l2_unseen_validation\trade_date=2026-07-17\exchange=NSE\symbol=HCLTECH\part-075041_668185-033451.parquet,34481,downloaded,34481,
2026-07-17,NSE,HCLTECH,raw_l2/trade_date=2026-07-17/exchange=NSE/symbol=HCLTECH/part-075123_652363-033547.parquet,real_data_sample\l2_unseen_validation\trade_date=2026-07-17\exchange=NSE\symbol=HCLTECH\part-075123_652363-033547.parquet,34774,downloaded,34774,
2026-07-17,NSE,HCLTECH,raw_l2/trade_date=2026-07-17/exchange=NSE/symbol=HCLTECH/part-074916_427750-033259.parquet,real_data_sample\l2_unseen_validation\trade_date=2026-07-17\exchange=NSE\symbol=HCLTECH\part-074916_427750-033259.parquet,34788,downloaded,34788,
2026-07-17,NSE,HCLTECH,raw_l2/trade_date=2026-07-17/exchange=NSE/symbol=HCLTECH/part-074930_402844-033291.parquet,real_data_sample\l2_unseen_validation\trade_date=2026-07-17\exchange=NSE\symbol=HCLTECH\part-074930_402844-033291.parquet,34936,downloaded,34936,
2026-07-17,NSE,HCLTECH,raw_l2/trade_date=2026-07-17/exchange=NSE/symbol=HCLTECH/part-075359_738534-033899.parquet,real_data_sample\l2_unseen_validation\trade_date=2026-07-17\exchange=NSE\symbol=HCLTECH\part-075359_738534-033899.parquet,34888,downloaded,34888,
2026-07-17,NSE,HCLTECH,raw_l2/trade_date=2026-07-17/exchange=NSE/symbol=HCLTECH/part-075524_528358-034091.parquet,real_data_sample\l2_unseen_validation\trade_date=2026-07-17\exchange=NSE\symbol=HCLTECH\part-075524_528358-034091.parquet,34625,downloaded,34625,
2026-07-17,NSE,HCLTECH,raw_l2/trade_date=2026-07-17/exchange=NSE/symbol=HCLTECH/part-075456_269170-034027.parquet,real_data_sample\l2_unseen_validation\trade_date=2026-07-17\exchange=NSE\symbol=HCLTECH\part-075456_269170-034027.parquet,34889,downloaded,34889,
2026-07-17,NSE,HCLTECH,raw_l2/trade_date=2026-07-17/exchange=NSE/symbol=HCLTECH/part-075606_556181-034187.parquet,real_data_sample\l2_unseen_validation\trade_date=2026-07-17\exchange=NSE\symbol=HCLTECH\part-075606_556181-034187.parquet,34811,downloaded,34811,
2026-07-17,NSE,HCLTECH,raw_l2/trade_date=2026-07-17/exchange=NSE/symbol=HCLTECH/part-075538_473959-034123.parquet,real_data_sample\l2_unseen_validation\trade_date=2026-07-17\exchange=NSE\symbol=HCLTECH\part-075538_473959-034123.parquet,34909,downloaded,34909,
2026-07-17,NSE,HCLTECH,raw_l2/trade_date=2026-07-17/exchange=NSE/symbol=HCLTECH/part-075510_506751-034059.parquet,real_data_sample\l2_unseen_validation\trade_date=2026-07-17\exchange=NSE\symbol=HCLTECH\part-075510_506751-034059.parquet,34977,downloaded,34977,
2026-07-17,NSE,HCLTECH,raw_l2/trade_date=2026-07-17/exchange=NSE/symbol=HCLTECH/part-075413_998122-033931.parquet,real_data_sample\l2_unseen_validation\trade_date=2026-07-17\exchange=NSE\symbol=HCLTECH\part-075413_998122-033931.parquet,34980,downloaded,34980,
2026-07-17,NSE,HCLTECH,raw_l2/trade_date=2026-07-17/exchange=NSE/symbol=HCLTECH/part-075552_478784-034155.parquet,real_data_sample\l2_unseen_validation\trade_date=2026-07-17\exchange=NSE\symbol=HCLTECH\part-075552_478784-034155.parquet,34522,downloaded,34522,
2026-07-17,NSE,HCLTECH,raw_l2/trade_date=2026-07-17/exchange=NSE/symbol=HCLTECH/part-075427_955265-033963.parquet,real_data_sample\l2_unseen_validation\trade_date=2026-07-17\exchange=NSE\symbol=HCLTECH\part-075427_955265-033963.parquet,34639,downloaded,34639,
2026-07-17,NSE,HCLTECH,raw_l2/trade_date=2026-07-17/exchange=NSE/symbol=HCLTECH/part-075442_091691-033995.parquet,real_data_sample\l2_unseen_validation\trade_date=2026-07-17\exchange=NSE\symbol=HCLTECH\part-075442_091691-033995.parquet,35028,downloaded,35028,
2026-07-17,NSE,HCLTECH,raw_l2/trade_date=2026-07-17/exchange=NSE/symbol=HCLTECH/part-075635_018862-034251.parquet,real_data_sample\l2_unseen_validation\trade_date=2026-07-17\exchange=NSE\symbol=HCLTECH\part-075635_018862-034251.parquet,34730,downloaded,34730,
2026-07-17,NSE,HCLTECH,raw_l2/trade_date=2026-07-17/exchange=NSE/symbol=HCLTECH/part-075717_816830-034347.parquet,real_data_sample\l2_unseen_validation\trade_date=2026-07-17\exchange=NSE\symbol=HCLTECH\part-075717_816830-034347.parquet,34581,downloaded,34581,
2026-07-17,NSE,HCLTECH,raw_l2/trade_date=2026-07-17/exchange=NSE/symbol=HCLTECH/part-075746_536093-034411.parquet,real_data_sample\l2_unseen_validation\trade_date=2026-07-17\exchange=NSE\symbol=HCLTECH\part-075746_536093-034411.parquet,34731,downloaded,34731,
2026-07-17,NSE,HCLTECH,raw_l2/trade_date=2026-07-17/exchange=NSE/symbol=HCLTECH/part-075800_800289-034443.parquet,real_data_sample\l2_unseen_validation\trade_date=2026-07-17\exchange=NSE\symbol=HCLTECH\part-075800_800289-034443.parquet,34824,downloaded,34824,
2026-07-17,NSE,HCLTECH,raw_l2/trade_date=2026-07-17/exchange=NSE/symbol=HCLTECH/part-075732_134690-034379.parquet,real_data_sample\l2_unseen_validation\trade_date=2026-07-17\exchange=NSE\symbol=HCLTECH\part-075732_134690-034379.parquet,34603,downloaded,34603,
2026-07-17,NSE,HCLTECH,raw_l2/trade_date=2026-07-17/exchange=NSE/symbol=HCLTECH/part-075649_289495-034283.parquet,real_data_sample\l2_unseen_validation\trade_date=2026-07-17\exchange=NSE\symbol=HCLTECH\part-075649_289495-034283.parquet,34521,downloaded,34521,
2026-07-17,NSE,HCLTECH,raw_l2/trade_date=2026-07-17/exchange=NSE/symbol=HCLTECH/part-075703_520894-034315.parquet,real_data_sample\l2_unseen_validation\trade_date=2026-07-17\exchange=NSE\symbol=HCLTECH\part-075703_520894-034315.parquet,34625,downloaded,34625,
2026-07-17,NSE,HCLTECH,raw_l2/trade_date=2026-07-17/exchange=NSE/symbol=HCLTECH/part-075815_408023-034475.parquet,real_data_sample\l2_unseen_validation\trade_date=2026-07-17\exchange=NSE\symbol=HCLTECH\part-075815_408023-034475.parquet,34780,downloaded,34780,
2026-07-17,NSE,HCLTECH,raw_l2/trade_date=2026-07-17/exchange=NSE/symbol=HCLTECH/part-075844_083323-034539.parquet,real_data_sample\l2_unseen_validation\trade_date=2026-07-17\exchange=NSE\symbol=HCLTECH\part-075844_083323-034539.parquet,34726,downloaded,34726,
2026-07-17,NSE,HCLTECH,raw_l2/trade_date=2026-07-17/exchange=NSE/symbol=HCLTECH/part-075829_757207-034507.parquet,real_data_sample\l2_unseen_validation\trade_date=2026-07-17\exchange=NSE\symbol=HCLTECH\part-075829_757207-034507.parquet,35140,downloaded,35140,
2026-07-17,NSE,HCLTECH,raw_l2/trade_date=2026-07-17/exchange=NSE/symbol=HCLTECH/part-075858_261954-034571.parquet,real_data_sample\l2_unseen_validation\trade_date=2026-07-17\exchange=NSE\symbol=HCLTECH\part-075858_261954-034571.parquet,34836,downloaded,34836,
2026-07-17,NSE,HCLTECH,raw_l2/trade_date=2026-07-17/exchange=NSE/symbol=HCLTECH/part-075620_793270-034219.parquet,real_data_sample\l2_unseen_validation\trade_date=2026-07-17\exchange=NSE\symbol=HCLTECH\part-075620_793270-034219.parquet,34854,downloaded,34854,
2026-07-17,NSE,HCLTECH,raw_l2/trade_date=2026-07-17/exchange=NSE/symbol=HCLTECH/part-075912_578904-034603.parquet,real_data_sample\l2_unseen_validation\trade_date=2026-07-17\exchange=NSE\symbol=HCLTECH\part-075912_578904-034603.parquet,34802,downloaded,34802,
2026-07-17,NSE,HCLTECH,raw_l2/trade_date=2026-07-17/exchange=NSE/symbol=HCLTECH/part-075955_541368-034699.parquet,real_data_sample\l2_unseen_validation\trade_date=2026-07-17\exchange=NSE\symbol=HCLTECH\part-075955_541368-034699.parquet,34827,downloaded,34827,
2026-07-17,NSE,HCLTECH,raw_l2/trade_date=2026-07-17/exchange=NSE/symbol=HCLTECH/part-080219_772973-035019.parquet,real_data_sample\l2_unseen_validation\trade_date=2026-07-17\exchange=NSE\symbol=HCLTECH\part-080219_772973-035019.parquet,34946,downloaded,34946,
2026-07-17,NSE,HCLTECH,raw_l2/trade_date=2026-07-17/exchange=NSE/symbol=HCLTECH/part-075941_100514-034667.parquet,real_data_sample\l2_unseen_validation\trade_date=2026-07-17\exchange=NSE\symbol=HCLTECH\part-075941_100514-034667.parquet,34561,downloaded,34561,
2026-07-17,NSE,HCLTECH,raw_l2/trade_date=2026-07-17/exchange=NSE/symbol=HCLTECH/part-080108_339761-034859.parquet,real_data_sample\l2_unseen_validation\trade_date=2026-07-17\exchange=NSE\symbol=HCLTECH\part-080108_339761-034859.parquet,34628,downloaded,34628,
2026-07-17,NSE,HCLTECH,raw_l2/trade_date=2026-07-17/exchange=NSE/symbol=HCLTECH/part-080151_195469-034955.parquet,real_data_sample\l2_unseen_validation\trade_date=2026-07-17\exchange=NSE\symbol=HCLTECH\part-080151_195469-034955.parquet,34588,downloaded,34588,
2026-07-17,NSE,HCLTECH,raw_l2/trade_date=2026-07-17/exchange=NSE/symbol=HCLTECH/part-080010_628939-034731.parquet,real_data_sample\l2_unseen_validation\trade_date=2026-07-17\exchange=NSE\symbol=HCLTECH\part-080010_628939-034731.parquet,34679,downloaded,34679,
2026-07-17,NSE,HCLTECH,raw_l2/trade_date=2026-07-17/exchange=NSE/symbol=HCLTECH/part-080205_656655-034987.parquet,real_data_sample\l2_unseen_validation\trade_date=2026-07-17\exchange=NSE\symbol=HCLTECH\part-080205_656655-034987.parquet,34849,downloaded,34849,
2026-07-17,NSE,HCLTECH,raw_l2/trade_date=2026-07-17/exchange=NSE/symbol=HCLTECH/part-080136_818638-034923.parquet,real_data_sample\l2_unseen_validation\trade_date=2026-07-17\exchange=NSE\symbol=HCLTECH\part-080136_818638-034923.parquet,34678,downloaded,34678,
2026-07-17,NSE,HCLTECH,raw_l2/trade_date=2026-07-17/exchange=NSE/symbol=HCLTECH/part-080054_008684-034827.parquet,real_data_sample\l2_unseen_validation\trade_date=2026-07-17\exchange=NSE\symbol=HCLTECH\part-080054_008684-034827.parquet,34839,downloaded,34839,
2026-07-17,NSE,HCLTECH,raw_l2/trade_date=2026-07-17/exchange=NSE/symbol=HCLTECH/part-080039_497962-034795.parquet,real_data_sample\l2_unseen_validation\trade_date=2026-07-17\exchange=NSE\symbol=HCLTECH\part-080039_497962-034795.parquet,34922,downloaded,34922,
2026-07-17,NSE,HCLTECH,raw_l2/trade_date=2026-07-17/exchange=NSE/symbol=HCLTECH/part-080025_274217-034763.parquet,real_data_sample\l2_unseen_validation\trade_date=2026-07-17\exchange=NSE\symbol=HCLTECH\part-080025_274217-034763.parquet,34612,downloaded,34612,
2026-07-17,NSE,HCLTECH,raw_l2/trade_date=2026-07-17/exchange=NSE/symbol=HCLTECH/part-080331_901857-035179.parquet,real_data_sample\l2_unseen_validation\trade_date=2026-07-17\exchange=NSE\symbol=HCLTECH\part-080331_901857-035179.parquet,34902,downloaded,34902,
2026-07-17,NSE,HCLTECH,raw_l2/trade_date=2026-07-17/exchange=NSE/symbol=HCLTECH/part-080317_623414-035147.parquet,real_data_sample\l2_unseen_validation\trade_date=2026-07-17\exchange=NSE\symbol=HCLTECH\part-080317_623414-035147.parquet,34902,downloaded,34902,
2026-07-17,NSE,HCLTECH,raw_l2/trade_date=2026-07-17/exchange=NSE/symbol=HCLTECH/part-075926_845329-034635.parquet,real_data_sample\l2_unseen_validation\trade_date=2026-07-17\exchange=NSE\symbol=HCLTECH\part-075926_845329-034635.parquet,34630,downloaded,34630,
2026-07-17,NSE,HCLTECH,raw_l2/trade_date=2026-07-17/exchange=NSE/symbol=HCLTECH/part-080234_213846-035051.parquet,real_data_sample\l2_unseen_validation\trade_date=2026-07-17\exchange=NSE\symbol=HCLTECH\part-080234_213846-035051.parquet,34791,downloaded,34791,
2026-07-17,NSE,HCLTECH,raw_l2/trade_date=2026-07-17/exchange=NSE/symbol=HCLTECH/part-080249_115800-035083.parquet,real_data_sample\l2_unseen_validation\trade_date=2026-07-17\exchange=NSE\symbol=HCLTECH\part-080249_115800-035083.parquet,34651,downloaded,34651,
2026-07-17,NSE,HCLTECH,raw_l2/trade_date=2026-07-17/exchange=NSE/symbol=HCLTECH/part-080122_496712-034891.parquet,real_data_sample\l2_unseen_validation\trade_date=2026-07-17\exchange=NSE\symbol=HCLTECH\part-080122_496712-034891.parquet,34546,downloaded,34546,
2026-07-17,NSE,HCLTECH,raw_l2/trade_date=2026-07-17/exchange=NSE/symbol=HCLTECH/part-080303_312359-035115.parquet,real_data_sample\l2_unseen_validation\trade_date=2026-07-17\exchange=NSE\symbol=HCLTECH\part-080303_312359-035115.parquet,34795,downloaded,34795,
2026-07-17,NSE,HCLTECH,raw_l2/trade_date=2026-07-17/exchange=NSE/symbol=HCLTECH/part-080346_489058-035211.parquet,real_data_sample\l2_unseen_validation\trade_date=2026-07-17\exchange=NSE\symbol=HCLTECH\part-080346_489058-035211.parquet,34833,downloaded,34833,
2026-07-17,NSE,HCLTECH,raw_l2/trade_date=2026-07-17/exchange=NSE/symbol=HCLTECH/part-080401_164883-035243.parquet,real_data_sample\l2_unseen_validation\trade_date=2026-07-17\exchange=NSE\symbol=HCLTECH\part-080401_164883-035243.parquet,35047,downloaded,35047,
2026-07-17,NSE,HCLTECH,raw_l2/trade_date=2026-07-17/exchange=NSE/symbol=HCLTECH/part-080415_771443-035275.parquet,real_data_sample\l2_unseen_validation\trade_date=2026-07-17\exchange=NSE\symbol=HCLTECH\part-080415_771443-035275.parquet,34906,downloaded,34906,
2026-07-17,NSE,HCLTECH,raw_l2/trade_date=2026-07-17/exchange=NSE/symbol=HCLTECH/part-080431_537884-035307.parquet,real_data_sample\l2_unseen_validation\trade_date=2026-07-17\exchange=NSE\symbol=HCLTECH\part-080431_537884-035307.parquet,34689,downloaded,34689,
2026-07-17,NSE,HCLTECH,raw_l2/trade_date=2026-07-17/exchange=NSE/symbol=HCLTECH/part-072910_434644-030539.parquet,real_data_sample\l2_unseen_validation\trade_date=2026-07-17\exchange=NSE\symbol=HCLTECH\part-072910_434644-030539.parquet,34851,downloaded,34851,
2026-07-17,NSE,HCLTECH,raw_l2/trade_date=2026-07-17/exchange=NSE/symbol=HCLTECH/part-080755_489905-035755.parquet,real_data_sample\l2_unseen_validation\trade_date=2026-07-17\exchange=NSE\symbol=HCLTECH\part-080755_489905-035755.parquet,34613,downloaded,34613,
2026-07-17,NSE,HCLTECH,raw_l2/trade_date=2026-07-17/exchange=NSE/symbol=HCLTECH/part-080726_237088-035691.parquet,real_data_sample\l2_unseen_validation\trade_date=2026-07-17\exchange=NSE\symbol=HCLTECH\part-080726_237088-035691.parquet,34772,downloaded,34772,
2026-07-17,NSE,HCLTECH,raw_l2/trade_date=2026-07-17/exchange=NSE/symbol=HCLTECH/part-080613_947639-035531.parquet,real_data_sample\l2_unseen_validation\trade_date=2026-07-17\exchange=NSE\symbol=HCLTECH\part-080613_947639-035531.parquet,34863,downloaded,34863,
2026-07-17,NSE,HCLTECH,raw_l2/trade_date=2026-07-17/exchange=NSE/symbol=HCLTECH/part-080740_665574-035723.parquet,real_data_sample\l2_unseen_validation\trade_date=2026-07-17\exchange=NSE\symbol=HCLTECH\part-080740_665574-035723.parquet,34782,downloaded,34782,
2026-07-17,NSE,HCLTECH,raw_l2/trade_date=2026-07-17/exchange=NSE/symbol=HCLTECH/part-080545_745640-035467.parquet,real_data_sample\l2_unseen_validation\trade_date=2026-07-17\exchange=NSE\symbol=HCLTECH\part-080545_745640-035467.parquet,34760,downloaded,34760,
2026-07-17,NSE,HCLTECH,raw_l2/trade_date=2026-07-17/exchange=NSE/symbol=HCLTECH/part-080938_119618-035979.parquet,real_data_sample\l2_unseen_validation\trade_date=2026-07-17\exchange=NSE\symbol=HCLTECH\part-080938_119618-035979.parquet,34797,downloaded,34797,
2026-07-17,NSE,HCLTECH,raw_l2/trade_date=2026-07-17/exchange=NSE/symbol=HCLTECH/part-080516_381327-035403.parquet,real_data_sample\l2_unseen_validation\trade_date=2026-07-17\exchange=NSE\symbol=HCLTECH\part-080516_381327-035403.parquet,34630,downloaded,34630,
2026-07-17,NSE,HCLTECH,raw_l2/trade_date=2026-07-17/exchange=NSE/symbol=HCLTECH/part-080628_338285-035563.parquet,real_data_sample\l2_unseen_validation\trade_date=2026-07-17\exchange=NSE\symbol=HCLTECH\part-080628_338285-035563.parquet,34801,downloaded,34801,
2026-07-17,NSE,HCLTECH,raw_l2/trade_date=2026-07-17/exchange=NSE/symbol=HCLTECH/part-080952_620807-036011.parquet,real_data_sample\l2_unseen_validation\trade_date=2026-07-17\exchange=NSE\symbol=HCLTECH\part-080952_620807-036011.parquet,34706,downloaded,34706,
2026-07-17,NSE,HCLTECH,raw_l2/trade_date=2026-07-17/exchange=NSE/symbol=HCLTECH/part-080810_343767-035787.parquet,real_data_sample\l2_unseen_validation\trade_date=2026-07-17\exchange=NSE\symbol=HCLTECH\part-080810_343767-035787.parquet,34946,downloaded,34946,
2026-07-17,NSE,HCLTECH,raw_l2/trade_date=2026-07-17/exchange=NSE/symbol=HCLTECH/part-080642_885687-035595.parquet,real_data_sample\l2_unseen_validation\trade_date=2026-07-17\exchange=NSE\symbol=HCLTECH\part-080642_885687-035595.parquet,34777,downloaded,34777,
2026-07-17,NSE,HCLTECH,raw_l2/trade_date=2026-07-17/exchange=NSE/symbol=HCLTECH/part-080711_840828-035659.parquet,real_data_sample\l2_unseen_validation\trade_date=2026-07-17\exchange=NSE\symbol=HCLTECH\part-080711_840828-035659.parquet,34707,downloaded,34707,
2026-07-17,NSE,HCLTECH,raw_l2/trade_date=2026-07-17/exchange=NSE/symbol=HCLTECH/part-080559_732997-035499.parquet,real_data_sample\l2_unseen_validation\trade_date=2026-07-17\exchange=NSE\symbol=HCLTECH\part-080559_732997-035499.parquet,35073,downloaded,35073,
2026-07-17,NSE,HCLTECH,raw_l2/trade_date=2026-07-17/exchange=NSE/symbol=HCLTECH/part-080839_345634-035851.parquet,real_data_sample\l2_unseen_validation\trade_date=2026-07-17\exchange=NSE\symbol=HCLTECH\part-080839_345634-035851.parquet,34661,downloaded,34661,
2026-07-17,NSE,HCLTECH,raw_l2/trade_date=2026-07-17/exchange=NSE/symbol=HCLTECH/part-080501_921847-035371.parquet,real_data_sample\l2_unseen_validation\trade_date=2026-07-17\exchange=NSE\symbol=HCLTECH\part-080501_921847-035371.parquet,34547,downloaded,34547,
2026-07-17,NSE,HCLTECH,raw_l2/trade_date=2026-07-17/exchange=NSE/symbol=HCLTECH/part-081007_367211-036043.parquet,real_data_sample\l2_unseen_validation\trade_date=2026-07-17\exchange=NSE\symbol=HCLTECH\part-081007_367211-036043.parquet,35013,downloaded,35013,
2026-07-17,NSE,HCLTECH,raw_l2/trade_date=2026-07-17/exchange=NSE/symbol=HCLTECH/part-080908_452531-035915.parquet,real_data_sample\l2_unseen_validation\trade_date=2026-07-17\exchange=NSE\symbol=HCLTECH\part-080908_452531-035915.parquet,34841,downloaded,34841,
2026-07-17,NSE,HCLTECH,raw_l2/trade_date=2026-07-17/exchange=NSE/symbol=HCLTECH/part-080657_216648-035627.parquet,real_data_sample\l2_unseen_validation\trade_date=2026-07-17\exchange=NSE\symbol=HCLTECH\part-080657_216648-035627.parquet,34872,downloaded,34872,
2026-07-17,NSE,HCLTECH,raw_l2/trade_date=2026-07-17/exchange=NSE/symbol=HCLTECH/part-080923_412451-035947.parquet,real_data_sample\l2_unseen_validation\trade_date=2026-07-17\exchange=NSE\symbol=HCLTECH\part-080923_412451-035947.parquet,34627,downloaded,34627,
2026-07-17,NSE,HCLTECH,raw_l2/trade_date=2026-07-17/exchange=NSE/symbol=HCLTECH/part-080853_963719-035883.parquet,real_data_sample\l2_unseen_validation\trade_date=2026-07-17\exchange=NSE\symbol=HCLTECH\part-080853_963719-035883.parquet,34986,downloaded,34986,
2026-07-17,NSE,HCLTECH,raw_l2/trade_date=2026-07-17/exchange=NSE/symbol=HCLTECH/part-080447_117733-035339.parquet,real_data_sample\l2_unseen_validation\trade_date=2026-07-17\exchange=NSE\symbol=HCLTECH\part-080447_117733-035339.parquet,34819,downloaded,34819,
2026-07-17,NSE,HCLTECH,raw_l2/trade_date=2026-07-17/exchange=NSE/symbol=HCLTECH/part-081051_698579-036139.parquet,real_data_sample\l2_unseen_validation\trade_date=2026-07-17\exchange=NSE\symbol=HCLTECH\part-081051_698579-036139.parquet,34852,downloaded,34852,
2026-07-17,NSE,HCLTECH,raw_l2/trade_date=2026-07-17/exchange=NSE/symbol=HCLTECH/part-081037_349590-036107.parquet,real_data_sample\l2_unseen_validation\trade_date=2026-07-17\exchange=NSE\symbol=HCLTECH\part-081037_349590-036107.parquet,34874,downloaded,34874,
2026-07-17,NSE,HCLTECH,raw_l2/trade_date=2026-07-17/exchange=NSE/symbol=HCLTECH/part-081105_800038-036171.parquet,real_data_sample\l2_unseen_validation\trade_date=2026-07-17\exchange=NSE\symbol=HCLTECH\part-081105_800038-036171.parquet,34757,downloaded,34757,
2026-07-17,NSE,HCLTECH,raw_l2/trade_date=2026-07-17/exchange=NSE/symbol=HCLTECH/part-081022_575163-036075.parquet,real_data_sample\l2_unseen_validation\trade_date=2026-07-17\exchange=NSE\symbol=HCLTECH\part-081022_575163-036075.parquet,34944,downloaded,34944,
2026-07-17,NSE,HCLTECH,raw_l2/trade_date=2026-07-17/exchange=NSE/symbol=HCLTECH/part-080824_589895-035819.parquet,real_data_sample\l2_unseen_validation\trade_date=2026-07-17\exchange=NSE\symbol=HCLTECH\part-080824_589895-035819.parquet,34860,downloaded,34860,
2026-07-17,NSE,HCLTECH,raw_l2/trade_date=2026-07-17/exchange=NSE/symbol=HCLTECH/part-081119_990030-036203.parquet,real_data_sample\l2_unseen_validation\trade_date=2026-07-17\exchange=NSE\symbol=HCLTECH\part-081119_990030-036203.parquet,34793,downloaded,34793,
2026-07-17,NSE,HCLTECH,raw_l2/trade_date=2026-07-17/exchange=NSE/symbol=HCLTECH/part-081133_943453-036235.parquet,real_data_sample\l2_unseen_validation\trade_date=2026-07-17\exchange=NSE\symbol=HCLTECH\part-081133_943453-036235.parquet,34875,downloaded,34875,
2026-07-17,NSE,HCLTECH,raw_l2/trade_date=2026-07-17/exchange=NSE/symbol=HCLTECH/part-081148_116796-036267.parquet,real_data_sample\l2_unseen_validation\trade_date=2026-07-17\exchange=NSE\symbol=HCLTECH\part-081148_116796-036267.parquet,34856,downloaded,34856,
2026-07-17,NSE,HCLTECH,raw_l2/trade_date=2026-07-17/exchange=NSE/symbol=HCLTECH/part-080531_249038-035435.parquet,real_data_sample\l2_unseen_validation\trade_date=2026-07-17\exchange=NSE\symbol=HCLTECH\part-080531_249038-035435.parquet,34649,downloaded,34649,
2026-07-17,NSE,HCLTECH,raw_l2/trade_date=2026-07-17/exchange=NSE/symbol=HCLTECH/part-081202_246811-036299.parquet,real_data_sample\l2_unseen_validation\trade_date=2026-07-17\exchange=NSE\symbol=HCLTECH\part-081202_246811-036299.parquet,34893,downloaded,34893,
2026-07-17,NSE,HCLTECH,raw_l2/trade_date=2026-07-17/exchange=NSE/symbol=HCLTECH/part-081259_568827-036427.parquet,real_data_sample\l2_unseen_validation\trade_date=2026-07-17\exchange=NSE\symbol=HCLTECH\part-081259_568827-036427.parquet,35866,downloaded,35866,
2026-07-17,NSE,HCLTECH,raw_l2/trade_date=2026-07-17/exchange=NSE/symbol=HCLTECH/part-081216_461749-036331.parquet,real_data_sample\l2_unseen_validation\trade_date=2026-07-17\exchange=NSE\symbol=HCLTECH\part-081216_461749-036331.parquet,35004,downloaded,35004,
2026-07-17,NSE,HCLTECH,raw_l2/trade_date=2026-07-17/exchange=NSE/symbol=HCLTECH/part-081230_596900-036363.parquet,real_data_sample\l2_unseen_validation\trade_date=2026-07-17\exchange=NSE\symbol=HCLTECH\part-081230_596900-036363.parquet,35794,downloaded,35794,
2026-07-17,NSE,HCLTECH,raw_l2/trade_date=2026-07-17/exchange=NSE/symbol=HCLTECH/part-081244_986523-036395.parquet,real_data_sample\l2_unseen_validation\trade_date=2026-07-17\exchange=NSE\symbol=HCLTECH\part-081244_986523-036395.parquet,35758,downloaded,35758,
2026-07-17,NSE,HCLTECH,raw_l2/trade_date=2026-07-17/exchange=NSE/symbol=HCLTECH/part-081314_326470-036459.parquet,real_data_sample\l2_unseen_validation\trade_date=2026-07-17\exchange=NSE\symbol=HCLTECH\part-081314_326470-036459.parquet,35387,downloaded,35387,
2026-07-17,NSE,HCLTECH,raw_l2/trade_date=2026-07-17/exchange=NSE/symbol=HCLTECH/part-081356_987905-036555.parquet,real_data_sample\l2_unseen_validation\trade_date=2026-07-17\exchange=NSE\symbol=HCLTECH\part-081356_987905-036555.parquet,34849,downloaded,34849,
2026-07-17,NSE,HCLTECH,raw_l2/trade_date=2026-07-17/exchange=NSE/symbol=HCLTECH/part-081328_525016-036491.parquet,real_data_sample\l2_unseen_validation\trade_date=2026-07-17\exchange=NSE\symbol=HCLTECH\part-081328_525016-036491.parquet,34989,downloaded,34989,
2026-07-17,NSE,HCLTECH,raw_l2/trade_date=2026-07-17/exchange=NSE/symbol=HCLTECH/part-081342_739764-036523.parquet,real_data_sample\l2_unseen_validation\trade_date=2026-07-17\exchange=NSE\symbol=HCLTECH\part-081342_739764-036523.parquet,34951,downloaded,34951,
2026-07-17,NSE,HCLTECH,raw_l2/trade_date=2026-07-17/exchange=NSE/symbol=HCLTECH/part-081453_717543-036683.parquet,real_data_sample\l2_unseen_validation\trade_date=2026-07-17\exchange=NSE\symbol=HCLTECH\part-081453_717543-036683.parquet,35028,downloaded,35028,
2026-07-17,NSE,HCLTECH,raw_l2/trade_date=2026-07-17/exchange=NSE/symbol=HCLTECH/part-081439_798368-036651.parquet,real_data_sample\l2_unseen_validation\trade_date=2026-07-17\exchange=NSE\symbol=HCLTECH\part-081439_798368-036651.parquet,34938,downloaded,34938,
2026-07-17,NSE,HCLTECH,raw_l2/trade_date=2026-07-17/exchange=NSE/symbol=HCLTECH/part-081425_575384-036619.parquet,real_data_sample\l2_unseen_validation\trade_date=2026-07-17\exchange=NSE\symbol=HCLTECH\part-081425_575384-036619.parquet,34854,downloaded,34854,
2026-07-17,NSE,HCLTECH,raw_l2/trade_date=2026-07-17/exchange=NSE/symbol=HCLTECH/part-081507_828733-036715.parquet,real_data_sample\l2_unseen_validation\trade_date=2026-07-17\exchange=NSE\symbol=HCLTECH\part-081507_828733-036715.parquet,34914,downloaded,34914,
2026-07-17,NSE,HCLTECH,raw_l2/trade_date=2026-07-17/exchange=NSE/symbol=HCLTECH/part-081411_293463-036587.parquet,real_data_sample\l2_unseen_validation\trade_date=2026-07-17\exchange=NSE\symbol=HCLTECH\part-081411_293463-036587.parquet,34857,downloaded,34857,
2026-07-17,NSE,HCLTECH,raw_l2/trade_date=2026-07-17/exchange=NSE/symbol=HCLTECH/part-081617_921677-036875.parquet,real_data_sample\l2_unseen_validation\trade_date=2026-07-17\exchange=NSE\symbol=HCLTECH\part-081617_921677-036875.parquet,34858,downloaded,34858,
2026-07-17,NSE,HCLTECH,raw_l2/trade_date=2026-07-17/exchange=NSE/symbol=HCLTECH/part-081549_965608-036811.parquet,real_data_sample\l2_unseen_validation\trade_date=2026-07-17\exchange=NSE\symbol=HCLTECH\part-081549_965608-036811.parquet,35395,downloaded,35395,
2026-07-17,NSE,HCLTECH,raw_l2/trade_date=2026-07-17/exchange=NSE/symbol=HCLTECH/part-081536_044590-036779.parquet,real_data_sample\l2_unseen_validation\trade_date=2026-07-17\exchange=NSE\symbol=HCLTECH\part-081536_044590-036779.parquet,35484,downloaded,35484,
2026-07-17,NSE,HCLTECH,raw_l2/trade_date=2026-07-17/exchange=NSE/symbol=HCLTECH/part-081855_354401-037227.parquet,real_data_sample\l2_unseen_validation\trade_date=2026-07-17\exchange=NSE\symbol=HCLTECH\part-081855_354401-037227.parquet,34981,downloaded,34981,
2026-07-17,NSE,HCLTECH,raw_l2/trade_date=2026-07-17/exchange=NSE/symbol=HCLTECH/part-081603_982197-036843.parquet,real_data_sample\l2_unseen_validation\trade_date=2026-07-17\exchange=NSE\symbol=HCLTECH\part-081603_982197-036843.parquet,35210,downloaded,35210,
2026-07-17,NSE,HCLTECH,raw_l2/trade_date=2026-07-17/exchange=NSE/symbol=HCLTECH/part-081521_961764-036747.parquet,real_data_sample\l2_unseen_validation\trade_date=2026-07-17\exchange=NSE\symbol=HCLTECH\part-081521_961764-036747.parquet,35607,downloaded,35607,
2026-07-17,NSE,HCLTECH,raw_l2/trade_date=2026-07-17/exchange=NSE/symbol=HCLTECH/part-081841_306311-037195.parquet,real_data_sample\l2_unseen_validation\trade_date=2026-07-17\exchange=NSE\symbol=HCLTECH\part-081841_306311-037195.parquet,34655,downloaded,34655,
2026-07-17,NSE,HCLTECH,raw_l2/trade_date=2026-07-17/exchange=NSE/symbol=HCLTECH/part-081923_631855-037291.parquet,real_data_sample\l2_unseen_validation\trade_date=2026-07-17\exchange=NSE\symbol=HCLTECH\part-081923_631855-037291.parquet,34568,downloaded,34568,
2026-07-17,NSE,HCLTECH,raw_l2/trade_date=2026-07-17/exchange=NSE/symbol=HCLTECH/part-081909_292650-037259.parquet,real_data_sample\l2_unseen_validation\trade_date=2026-07-17\exchange=NSE\symbol=HCLTECH\part-081909_292650-037259.parquet,34722,downloaded,34722,
2026-07-17,NSE,HCLTECH,raw_l2/trade_date=2026-07-17/exchange=NSE/symbol=HCLTECH/part-081631_983672-036907.parquet,real_data_sample\l2_unseen_validation\trade_date=2026-07-17\exchange=NSE\symbol=HCLTECH\part-081631_983672-036907.parquet,34933,downloaded,34933,
2026-07-17,NSE,HCLTECH,raw_l2/trade_date=2026-07-17/exchange=NSE/symbol=HCLTECH/part-081728_970222-037035.parquet,real_data_sample\l2_unseen_validation\trade_date=2026-07-17\exchange=NSE\symbol=HCLTECH\part-081728_970222-037035.parquet,34959,downloaded,34959,
2026-07-17,NSE,HCLTECH,raw_l2/trade_date=2026-07-17/exchange=NSE/symbol=HCLTECH/part-081757_766359-037099.parquet,real_data_sample\l2_unseen_validation\trade_date=2026-07-17\exchange=NSE\symbol=HCLTECH\part-081757_766359-037099.parquet,34883,downloaded,34883,
2026-07-17,NSE,HCLTECH,raw_l2/trade_date=2026-07-17/exchange=NSE/symbol=HCLTECH/part-081743_472289-037067.parquet,real_data_sample\l2_unseen_validation\trade_date=2026-07-17\exchange=NSE\symbol=HCLTECH\part-081743_472289-037067.parquet,34802,downloaded,34802,
2026-07-17,NSE,HCLTECH,raw_l2/trade_date=2026-07-17/exchange=NSE/symbol=HCLTECH/part-081646_057268-036939.parquet,real_data_sample\l2_unseen_validation\trade_date=2026-07-17\exchange=NSE\symbol=HCLTECH\part-081646_057268-036939.parquet,35010,downloaded,35010,
2026-07-17,NSE,HCLTECH,raw_l2/trade_date=2026-07-17/exchange=NSE/symbol=HCLTECH/part-081826_545148-037163.parquet,real_data_sample\l2_unseen_validation\trade_date=2026-07-17\exchange=NSE\symbol=HCLTECH\part-081826_545148-037163.parquet,34686,downloaded,34686,
2026-07-17,NSE,HCLTECH,raw_l2/trade_date=2026-07-17/exchange=NSE/symbol=HCLTECH/part-081937_853480-037323.parquet,real_data_sample\l2_unseen_validation\trade_date=2026-07-17\exchange=NSE\symbol=HCLTECH\part-081937_853480-037323.parquet,34704,downloaded,34704,
2026-07-17,NSE,HCLTECH,raw_l2/trade_date=2026-07-17/exchange=NSE/symbol=HCLTECH/part-081714_530228-037003.parquet,real_data_sample\l2_unseen_validation\trade_date=2026-07-17\exchange=NSE\symbol=HCLTECH\part-081714_530228-037003.parquet,34814,downloaded,34814,
2026-07-17,NSE,HCLTECH,raw_l2/trade_date=2026-07-17/exchange=NSE/symbol=HCLTECH/part-081812_254830-037131.parquet,real_data_sample\l2_unseen_validation\trade_date=2026-07-17\exchange=NSE\symbol=HCLTECH\part-081812_254830-037131.parquet,34790,downloaded,34790,
2026-07-17,NSE,HCLTECH,raw_l2/trade_date=2026-07-17/exchange=NSE/symbol=HCLTECH/part-081700_233245-036971.parquet,real_data_sample\l2_unseen_validation\trade_date=2026-07-17\exchange=NSE\symbol=HCLTECH\part-081700_233245-036971.parquet,34924,downloaded,34924,
2026-07-17,NSE,HCLTECH,raw_l2/trade_date=2026-07-17/exchange=NSE/symbol=HCLTECH/part-081952_253918-037355.parquet,real_data_sample\l2_unseen_validation\trade_date=2026-07-17\exchange=NSE\symbol=HCLTECH\part-081952_253918-037355.parquet,34892,downloaded,34892,
2026-07-17,NSE,HCLTECH,raw_l2/trade_date=2026-07-17/exchange=NSE/symbol=HCLTECH/part-082020_573902-037419.parquet,real_data_sample\l2_unseen_validation\trade_date=2026-07-17\exchange=NSE\symbol=HCLTECH\part-082020_573902-037419.parquet,34815,downloaded,34815,
2026-07-17,NSE,HCLTECH,raw_l2/trade_date=2026-07-17/exchange=NSE/symbol=HCLTECH/part-082034_742595-037451.parquet,real_data_sample\l2_unseen_validation\trade_date=2026-07-17\exchange=NSE\symbol=HCLTECH\part-082034_742595-037451.parquet,34797,downloaded,34797,
2026-07-17,NSE,HCLTECH,raw_l2/trade_date=2026-07-17/exchange=NSE/symbol=HCLTECH/part-082006_266483-037387.parquet,real_data_sample\l2_unseen_validation\trade_date=2026-07-17\exchange=NSE\symbol=HCLTECH\part-082006_266483-037387.parquet,35043,downloaded,35043,
2026-07-17,NSE,HCLTECH,raw_l2/trade_date=2026-07-17/exchange=NSE/symbol=HCLTECH/part-082133_376361-037579.parquet,real_data_sample\l2_unseen_validation\trade_date=2026-07-17\exchange=NSE\symbol=HCLTECH\part-082133_376361-037579.parquet,35972,downloaded,35972,
2026-07-17,NSE,HCLTECH,raw_l2/trade_date=2026-07-17/exchange=NSE/symbol=HCLTECH/part-082104_527395-037515.parquet,real_data_sample\l2_unseen_validation\trade_date=2026-07-17\exchange=NSE\symbol=HCLTECH\part-082104_527395-037515.parquet,34902,downloaded,34902,
2026-07-17,NSE,HCLTECH,raw_l2/trade_date=2026-07-17/exchange=NSE/symbol=HCLTECH/part-082050_341832-037483.parquet,real_data_sample\l2_unseen_validation\trade_date=2026-07-17\exchange=NSE\symbol=HCLTECH\part-082050_341832-037483.parquet,35055,downloaded,35055,
2026-07-17,NSE,HCLTECH,raw_l2/trade_date=2026-07-17/exchange=NSE/symbol=HCLTECH/part-082119_069796-037547.parquet,real_data_sample\l2_unseen_validation\trade_date=2026-07-17\exchange=NSE\symbol=HCLTECH\part-082119_069796-037547.parquet,35773,downloaded,35773,
2026-07-17,NSE,HCLTECH,raw_l2/trade_date=2026-07-17/exchange=NSE/symbol=HCLTECH/part-082147_537633-037611.parquet,real_data_sample\l2_unseen_validation\trade_date=2026-07-17\exchange=NSE\symbol=HCLTECH\part-082147_537633-037611.parquet,36407,downloaded,36407,
2026-07-17,NSE,HCLTECH,raw_l2/trade_date=2026-07-17/exchange=NSE/symbol=HCLTECH/part-082215_948867-037675.parquet,real_data_sample\l2_unseen_validation\trade_date=2026-07-17\exchange=NSE\symbol=HCLTECH\part-082215_948867-037675.parquet,36250,downloaded,36250,
2026-07-17,NSE,HCLTECH,raw_l2/trade_date=2026-07-17/exchange=NSE/symbol=HCLTECH/part-082201_829714-037643.parquet,real_data_sample\l2_unseen_validation\trade_date=2026-07-17\exchange=NSE\symbol=HCLTECH\part-082201_829714-037643.parquet,36604,downloaded,36604,
2026-07-17,NSE,HCLTECH,raw_l2/trade_date=2026-07-17/exchange=NSE/symbol=HCLTECH/part-082258_304279-037771.parquet,real_data_sample\l2_unseen_validation\trade_date=2026-07-17\exchange=NSE\symbol=HCLTECH\part-082258_304279-037771.parquet,35657,downloaded,35657,
2026-07-17,NSE,HCLTECH,raw_l2/trade_date=2026-07-17/exchange=NSE/symbol=HCLTECH/part-082244_222669-037739.parquet,real_data_sample\l2_unseen_validation\trade_date=2026-07-17\exchange=NSE\symbol=HCLTECH\part-082244_222669-037739.parquet,35619,downloaded,35619,
2026-07-17,NSE,HCLTECH,raw_l2/trade_date=2026-07-17/exchange=NSE/symbol=HCLTECH/part-082312_827994-037803.parquet,real_data_sample\l2_unseen_validation\trade_date=2026-07-17\exchange=NSE\symbol=HCLTECH\part-082312_827994-037803.parquet,35590,downloaded,35590,
2026-07-17,NSE,HCLTECH,raw_l2/trade_date=2026-07-17/exchange=NSE/symbol=HCLTECH/part-082229_938404-037707.parquet,real_data_sample\l2_unseen_validation\trade_date=2026-07-17\exchange=NSE\symbol=HCLTECH\part-082229_938404-037707.parquet,35923,downloaded,35923,
2026-07-17,NSE,HCLTECH,raw_l2/trade_date=2026-07-17/exchange=NSE/symbol=HCLTECH/part-082341_210583-037867.parquet,real_data_sample\l2_unseen_validation\trade_date=2026-07-17\exchange=NSE\symbol=HCLTECH\part-082341_210583-037867.parquet,34720,downloaded,34720,
2026-07-17,NSE,HCLTECH,raw_l2/trade_date=2026-07-17/exchange=NSE/symbol=HCLTECH/part-082728_492010-038379.parquet,real_data_sample\l2_unseen_validation\trade_date=2026-07-17\exchange=NSE\symbol=HCLTECH\part-082728_492010-038379.parquet,34704,downloaded,34704,
2026-07-17,NSE,HCLTECH,raw_l2/trade_date=2026-07-17/exchange=NSE/symbol=HCLTECH/part-082327_068941-037835.parquet,real_data_sample\l2_unseen_validation\trade_date=2026-07-17\exchange=NSE\symbol=HCLTECH\part-082327_068941-037835.parquet,34970,downloaded,34970,
2026-07-17,NSE,HCLTECH,raw_l2/trade_date=2026-07-17/exchange=NSE/symbol=HCLTECH/part-082855_055262-038571.parquet,real_data_sample\l2_unseen_validation\trade_date=2026-07-17\exchange=NSE\symbol=HCLTECH\part-082855_055262-038571.parquet,34950,downloaded,34950,
2026-07-17,NSE,HCLTECH,raw_l2/trade_date=2026-07-17/exchange=NSE/symbol=HCLTECH/part-082409_339429-037931.parquet,real_data_sample\l2_unseen_validation\trade_date=2026-07-17\exchange=NSE\symbol=HCLTECH\part-082409_339429-037931.parquet,34780,downloaded,34780,
2026-07-17,NSE,HCLTECH,raw_l2/trade_date=2026-07-17/exchange=NSE/symbol=HCLTECH/part-082840_607624-038539.parquet,real_data_sample\l2_unseen_validation\trade_date=2026-07-17\exchange=NSE\symbol=HCLTECH\part-082840_607624-038539.parquet,34875,downloaded,34875,
2026-07-17,NSE,HCLTECH,raw_l2/trade_date=2026-07-17/exchange=NSE/symbol=HCLTECH/part-082423_631981-037963.parquet,real_data_sample\l2_unseen_validation\trade_date=2026-07-17\exchange=NSE\symbol=HCLTECH\part-082423_631981-037963.parquet,34771,downloaded,34771,
2026-07-17,NSE,HCLTECH,raw_l2/trade_date=2026-07-17/exchange=NSE/symbol=HCLTECH/part-082909_621147-038603.parquet,real_data_sample\l2_unseen_validation\trade_date=2026-07-17\exchange=NSE\symbol=HCLTECH\part-082909_621147-038603.parquet,34919,downloaded,34919,
2026-07-17,NSE,HCLTECH,raw_l2/trade_date=2026-07-17/exchange=NSE/symbol=HCLTECH/part-082355_206612-037899.parquet,real_data_sample\l2_unseen_validation\trade_date=2026-07-17\exchange=NSE\symbol=HCLTECH\part-082355_206612-037899.parquet,34888,downloaded,34888,
2026-07-17,NSE,HCLTECH,raw_l2/trade_date=2026-07-17/exchange=NSE/symbol=HCLTECH/part-082757_101910-038443.parquet,real_data_sample\l2_unseen_validation\trade_date=2026-07-17\exchange=NSE\symbol=HCLTECH\part-082757_101910-038443.parquet,34967,downloaded,34967,
2026-07-17,NSE,HCLTECH,raw_l2/trade_date=2026-07-17/exchange=NSE/symbol=HCLTECH/part-082617_280003-038219.parquet,real_data_sample\l2_unseen_validation\trade_date=2026-07-17\exchange=NSE\symbol=HCLTECH\part-082617_280003-038219.parquet,34954,downloaded,34954,
2026-07-17,NSE,HCLTECH,raw_l2/trade_date=2026-07-17/exchange=NSE/symbol=HCLTECH/part-082603_104387-038187.parquet,real_data_sample\l2_unseen_validation\trade_date=2026-07-17\exchange=NSE\symbol=HCLTECH\part-082603_104387-038187.parquet,35048,downloaded,35048,
2026-07-17,NSE,HCLTECH,raw_l2/trade_date=2026-07-17/exchange=NSE/symbol=HCLTECH/part-082742_799059-038411.parquet,real_data_sample\l2_unseen_validation\trade_date=2026-07-17\exchange=NSE\symbol=HCLTECH\part-082742_799059-038411.parquet,34665,downloaded,34665,
2026-07-17,NSE,HCLTECH,raw_l2/trade_date=2026-07-17/exchange=NSE/symbol=HCLTECH/part-082924_081567-038635.parquet,real_data_sample\l2_unseen_validation\trade_date=2026-07-17\exchange=NSE\symbol=HCLTECH\part-082924_081567-038635.parquet,35124,downloaded,35124,
2026-07-17,NSE,HCLTECH,raw_l2/trade_date=2026-07-17/exchange=NSE/symbol=HCLTECH/part-082714_291139-038347.parquet,real_data_sample\l2_unseen_validation\trade_date=2026-07-17\exchange=NSE\symbol=HCLTECH\part-082714_291139-038347.parquet,34874,downloaded,34874,
2026-07-17,NSE,HCLTECH,raw_l2/trade_date=2026-07-17/exchange=NSE/symbol=HCLTECH/part-082437_482558-037995.parquet,real_data_sample\l2_unseen_validation\trade_date=2026-07-17\exchange=NSE\symbol=HCLTECH\part-082437_482558-037995.parquet,34970,downloaded,34970,
2026-07-17,NSE,HCLTECH,raw_l2/trade_date=2026-07-17/exchange=NSE/symbol=HCLTECH/part-082645_974767-038283.parquet,real_data_sample\l2_unseen_validation\trade_date=2026-07-17\exchange=NSE\symbol=HCLTECH\part-082645_974767-038283.parquet,35046,downloaded,35046,
2026-07-17,NSE,HCLTECH,raw_l2/trade_date=2026-07-17/exchange=NSE/symbol=HCLTECH/part-082631_761693-038251.parquet,real_data_sample\l2_unseen_validation\trade_date=2026-07-17\exchange=NSE\symbol=HCLTECH\part-082631_761693-038251.parquet,34765,downloaded,34765,
2026-07-17,NSE,HCLTECH,raw_l2/trade_date=2026-07-17/exchange=NSE/symbol=HCLTECH/part-082811_627050-038475.parquet,real_data_sample\l2_unseen_validation\trade_date=2026-07-17\exchange=NSE\symbol=HCLTECH\part-082811_627050-038475.parquet,34876,downloaded,34876,
2026-07-17,NSE,HCLTECH,raw_l2/trade_date=2026-07-17/exchange=NSE/symbol=HCLTECH/part-082659_968386-038315.parquet,real_data_sample\l2_unseen_validation\trade_date=2026-07-17\exchange=NSE\symbol=HCLTECH\part-082659_968386-038315.parquet,34780,downloaded,34780,
2026-07-17,NSE,HCLTECH,raw_l2/trade_date=2026-07-17/exchange=NSE/symbol=HCLTECH/part-082505_759866-038059.parquet,real_data_sample\l2_unseen_validation\trade_date=2026-07-17\exchange=NSE\symbol=HCLTECH\part-082505_759866-038059.parquet,34751,downloaded,34751,
2026-07-17,NSE,HCLTECH,raw_l2/trade_date=2026-07-17/exchange=NSE/symbol=HCLTECH/part-082826_172911-038507.parquet,real_data_sample\l2_unseen_validation\trade_date=2026-07-17\exchange=NSE\symbol=HCLTECH\part-082826_172911-038507.parquet,34707,downloaded,34707,
2026-07-17,NSE,HCLTECH,raw_l2/trade_date=2026-07-17/exchange=NSE/symbol=HCLTECH/part-082451_778593-038027.parquet,real_data_sample\l2_unseen_validation\trade_date=2026-07-17\exchange=NSE\symbol=HCLTECH\part-082451_778593-038027.parquet,34901,downloaded,34901,
2026-07-17,NSE,HCLTECH,raw_l2/trade_date=2026-07-17/exchange=NSE/symbol=HCLTECH/part-082534_150571-038123.parquet,real_data_sample\l2_unseen_validation\trade_date=2026-07-17\exchange=NSE\symbol=HCLTECH\part-082534_150571-038123.parquet,34938,downloaded,34938,
2026-07-17,NSE,HCLTECH,raw_l2/trade_date=2026-07-17/exchange=NSE/symbol=HCLTECH/part-082519_828476-038091.parquet,real_data_sample\l2_unseen_validation\trade_date=2026-07-17\exchange=NSE\symbol=HCLTECH\part-082519_828476-038091.parquet,34746,downloaded,34746,
2026-07-17,NSE,HCLTECH,raw_l2/trade_date=2026-07-17/exchange=NSE/symbol=HCLTECH/part-082548_530999-038155.parquet,real_data_sample\l2_unseen_validation\trade_date=2026-07-17\exchange=NSE\symbol=HCLTECH\part-082548_530999-038155.parquet,34679,downloaded,34679,
2026-07-17,NSE,HCLTECH,raw_l2/trade_date=2026-07-17/exchange=NSE/symbol=HCLTECH/part-082953_099503-038699.parquet,real_data_sample\l2_unseen_validation\trade_date=2026-07-17\exchange=NSE\symbol=HCLTECH\part-082953_099503-038699.parquet,34924,downloaded,34924,
2026-07-17,NSE,HCLTECH,raw_l2/trade_date=2026-07-17/exchange=NSE/symbol=HCLTECH/part-082938_610842-038667.parquet,real_data_sample\l2_unseen_validation\trade_date=2026-07-17\exchange=NSE\symbol=HCLTECH\part-082938_610842-038667.parquet,34940,downloaded,34940,
2026-07-17,NSE,HCLTECH,raw_l2/trade_date=2026-07-17/exchange=NSE/symbol=HCLTECH/part-083007_826754-038731.parquet,real_data_sample\l2_unseen_validation\trade_date=2026-07-17\exchange=NSE\symbol=HCLTECH\part-083007_826754-038731.parquet,34874,downloaded,34874,
2026-07-17,NSE,HCLTECH,raw_l2/trade_date=2026-07-17/exchange=NSE/symbol=HCLTECH/part-083036_596788-038795.parquet,real_data_sample\l2_unseen_validation\trade_date=2026-07-17\exchange=NSE\symbol=HCLTECH\part-083036_596788-038795.parquet,35014,downloaded,35014,
2026-07-17,NSE,HCLTECH,raw_l2/trade_date=2026-07-17/exchange=NSE/symbol=HCLTECH/part-083051_088776-038827.parquet,real_data_sample\l2_unseen_validation\trade_date=2026-07-17\exchange=NSE\symbol=HCLTECH\part-083051_088776-038827.parquet,34858,downloaded,34858,
2026-07-17,NSE,HCLTECH,raw_l2/trade_date=2026-07-17/exchange=NSE/symbol=HCLTECH/part-083022_272558-038763.parquet,real_data_sample\l2_unseen_validation\trade_date=2026-07-17\exchange=NSE\symbol=HCLTECH\part-083022_272558-038763.parquet,34868,downloaded,34868,
2026-07-17,NSE,HCLTECH,raw_l2/trade_date=2026-07-17/exchange=NSE/symbol=HCLTECH/part-083120_370201-038891.parquet,real_data_sample\l2_unseen_validation\trade_date=2026-07-17\exchange=NSE\symbol=HCLTECH\part-083120_370201-038891.parquet,34947,downloaded,34947,
2026-07-17,NSE,HCLTECH,raw_l2/trade_date=2026-07-17/exchange=NSE/symbol=HCLTECH/part-083105_458475-038859.parquet,real_data_sample\l2_unseen_validation\trade_date=2026-07-17\exchange=NSE\symbol=HCLTECH\part-083105_458475-038859.parquet,34915,downloaded,34915,
2026-07-17,NSE,HCLTECH,raw_l2/trade_date=2026-07-17/exchange=NSE/symbol=HCLTECH/part-083149_578811-038955.parquet,real_data_sample\l2_unseen_validation\trade_date=2026-07-17\exchange=NSE\symbol=HCLTECH\part-083149_578811-038955.parquet,35110,downloaded,35110,
2026-07-17,NSE,HCLTECH,raw_l2/trade_date=2026-07-17/exchange=NSE/symbol=HCLTECH/part-083134_910940-038923.parquet,real_data_sample\l2_unseen_validation\trade_date=2026-07-17\exchange=NSE\symbol=HCLTECH\part-083134_910940-038923.parquet,34786,downloaded,34786,
2026-07-17,NSE,HCLTECH,raw_l2/trade_date=2026-07-17/exchange=NSE/symbol=HCLTECH/part-083400_053256-039243.parquet,real_data_sample\l2_unseen_validation\trade_date=2026-07-17\exchange=NSE\symbol=HCLTECH\part-083400_053256-039243.parquet,35747,downloaded,35747,
2026-07-17,NSE,HCLTECH,raw_l2/trade_date=2026-07-17/exchange=NSE/symbol=HCLTECH/part-083345_525003-039211.parquet,real_data_sample\l2_unseen_validation\trade_date=2026-07-17\exchange=NSE\symbol=HCLTECH\part-083345_525003-039211.parquet,35720,downloaded,35720,
2026-07-17,NSE,HCLTECH,raw_l2/trade_date=2026-07-17/exchange=NSE/symbol=HCLTECH/part-083218_485204-039019.parquet,real_data_sample\l2_unseen_validation\trade_date=2026-07-17\exchange=NSE\symbol=HCLTECH\part-083218_485204-039019.parquet,35612,downloaded,35612,
2026-07-17,NSE,HCLTECH,raw_l2/trade_date=2026-07-17/exchange=NSE/symbol=HCLTECH/part-083428_539939-039307.parquet,real_data_sample\l2_unseen_validation\trade_date=2026-07-17\exchange=NSE\symbol=HCLTECH\part-083428_539939-039307.parquet,34851,downloaded,34851,
2026-07-17,NSE,HCLTECH,raw_l2/trade_date=2026-07-17/exchange=NSE/symbol=HCLTECH/part-083414_356469-039275.parquet,real_data_sample\l2_unseen_validation\trade_date=2026-07-17\exchange=NSE\symbol=HCLTECH\part-083414_356469-039275.parquet,35406,downloaded,35406,
2026-07-17,NSE,HCLTECH,raw_l2/trade_date=2026-07-17/exchange=NSE/symbol=HCLTECH/part-083203_757722-038987.parquet,real_data_sample\l2_unseen_validation\trade_date=2026-07-17\exchange=NSE\symbol=HCLTECH\part-083203_757722-038987.parquet,34975,downloaded,34975,
2026-07-17,NSE,HCLTECH,raw_l2/trade_date=2026-07-17/exchange=NSE/symbol=HCLTECH/part-083233_086034-039051.parquet,real_data_sample\l2_unseen_validation\trade_date=2026-07-17\exchange=NSE\symbol=HCLTECH\part-083233_086034-039051.parquet,35467,downloaded,35467,
2026-07-17,NSE,HCLTECH,raw_l2/trade_date=2026-07-17/exchange=NSE/symbol=HCLTECH/part-083331_348923-039179.parquet,real_data_sample\l2_unseen_validation\trade_date=2026-07-17\exchange=NSE\symbol=HCLTECH\part-083331_348923-039179.parquet,35547,downloaded,35547,
2026-07-17,NSE,HCLTECH,raw_l2/trade_date=2026-07-17/exchange=NSE/symbol=HCLTECH/part-083247_621738-039083.parquet,real_data_sample\l2_unseen_validation\trade_date=2026-07-17\exchange=NSE\symbol=HCLTECH\part-083247_621738-039083.parquet,36580,downloaded,36580,
2026-07-17,NSE,HCLTECH,raw_l2/trade_date=2026-07-17/exchange=NSE/symbol=HCLTECH/part-083302_338761-039115.parquet,real_data_sample\l2_unseen_validation\trade_date=2026-07-17\exchange=NSE\symbol=HCLTECH\part-083302_338761-039115.parquet,35560,downloaded,35560,
2026-07-17,NSE,HCLTECH,raw_l2/trade_date=2026-07-17/exchange=NSE/symbol=HCLTECH/part-083316_995565-039147.parquet,real_data_sample\l2_unseen_validation\trade_date=2026-07-17\exchange=NSE\symbol=HCLTECH\part-083316_995565-039147.parquet,36167,downloaded,36167,
2026-07-17,NSE,HCLTECH,raw_l2/trade_date=2026-07-17/exchange=NSE/symbol=HCLTECH/part-083442_997038-039339.parquet,real_data_sample\l2_unseen_validation\trade_date=2026-07-17\exchange=NSE\symbol=HCLTECH\part-083442_997038-039339.parquet,34853,downloaded,34853,
2026-07-17,NSE,HCLTECH,raw_l2/trade_date=2026-07-17/exchange=NSE/symbol=HCLTECH/part-083457_401162-039371.parquet,real_data_sample\l2_unseen_validation\trade_date=2026-07-17\exchange=NSE\symbol=HCLTECH\part-083457_401162-039371.parquet,34835,downloaded,34835,
2026-07-17,NSE,HCLTECH,raw_l2/trade_date=2026-07-17/exchange=NSE/symbol=HCLTECH/part-083511_725070-039403.parquet,real_data_sample\l2_unseen_validation\trade_date=2026-07-17\exchange=NSE\symbol=HCLTECH\part-083511_725070-039403.parquet,34517,downloaded,34517,
2026-07-17,NSE,HCLTECH,raw_l2/trade_date=2026-07-17/exchange=NSE/symbol=HCLTECH/part-083554_279892-039499.parquet,real_data_sample\l2_unseen_validation\trade_date=2026-07-17\exchange=NSE\symbol=HCLTECH\part-083554_279892-039499.parquet,34943,downloaded,34943,
2026-07-17,NSE,HCLTECH,raw_l2/trade_date=2026-07-17/exchange=NSE/symbol=HCLTECH/part-083622_813473-039563.parquet,real_data_sample\l2_unseen_validation\trade_date=2026-07-17\exchange=NSE\symbol=HCLTECH\part-083622_813473-039563.parquet,34773,downloaded,34773,
2026-07-17,NSE,HCLTECH,raw_l2/trade_date=2026-07-17/exchange=NSE/symbol=HCLTECH/part-083733_705268-039723.parquet,real_data_sample\l2_unseen_validation\trade_date=2026-07-17\exchange=NSE\symbol=HCLTECH\part-083733_705268-039723.parquet,34561,downloaded,34561,
2026-07-17,NSE,HCLTECH,raw_l2/trade_date=2026-07-17/exchange=NSE/symbol=HCLTECH/part-083802_380105-039787.parquet,real_data_sample\l2_unseen_validation\trade_date=2026-07-17\exchange=NSE\symbol=HCLTECH\part-083802_380105-039787.parquet,34766,downloaded,34766,
2026-07-17,NSE,HCLTECH,raw_l2/trade_date=2026-07-17/exchange=NSE/symbol=HCLTECH/part-083608_292675-039531.parquet,real_data_sample\l2_unseen_validation\trade_date=2026-07-17\exchange=NSE\symbol=HCLTECH\part-083608_292675-039531.parquet,34815,downloaded,34815,
2026-07-17,NSE,HCLTECH,raw_l2/trade_date=2026-07-17/exchange=NSE/symbol=HCLTECH/part-083719_542982-039691.parquet,real_data_sample\l2_unseen_validation\trade_date=2026-07-17\exchange=NSE\symbol=HCLTECH\part-083719_542982-039691.parquet,34679,downloaded,34679,
2026-07-17,NSE,HCLTECH,raw_l2/trade_date=2026-07-17/exchange=NSE/symbol=HCLTECH/part-083540_018614-039467.parquet,real_data_sample\l2_unseen_validation\trade_date=2026-07-17\exchange=NSE\symbol=HCLTECH\part-083540_018614-039467.parquet,34861,downloaded,34861,
2026-07-17,NSE,HCLTECH,raw_l2/trade_date=2026-07-17/exchange=NSE/symbol=HCLTECH/part-083747_982298-039755.parquet,real_data_sample\l2_unseen_validation\trade_date=2026-07-17\exchange=NSE\symbol=HCLTECH\part-083747_982298-039755.parquet,34784,downloaded,34784,
2026-07-17,NSE,HCLTECH,raw_l2/trade_date=2026-07-17/exchange=NSE/symbol=HCLTECH/part-083525_950899-039435.parquet,real_data_sample\l2_unseen_validation\trade_date=2026-07-17\exchange=NSE\symbol=HCLTECH\part-083525_950899-039435.parquet,34792,downloaded,34792,
2026-07-17,NSE,HCLTECH,raw_l2/trade_date=2026-07-17/exchange=NSE/symbol=HCLTECH/part-083816_553418-039819.parquet,real_data_sample\l2_unseen_validation\trade_date=2026-07-17\exchange=NSE\symbol=HCLTECH\part-083816_553418-039819.parquet,34977,downloaded,34977,
2026-07-17,NSE,HCLTECH,raw_l2/trade_date=2026-07-17/exchange=NSE/symbol=HCLTECH/part-083636_985603-039595.parquet,real_data_sample\l2_unseen_validation\trade_date=2026-07-17\exchange=NSE\symbol=HCLTECH\part-083636_985603-039595.parquet,34766,downloaded,34766,
2026-07-17,NSE,HCLTECH,raw_l2/trade_date=2026-07-17/exchange=NSE/symbol=HCLTECH/part-083705_484173-039659.parquet,real_data_sample\l2_unseen_validation\trade_date=2026-07-17\exchange=NSE\symbol=HCLTECH\part-083705_484173-039659.parquet,34922,downloaded,34922,
2026-07-17,NSE,HCLTECH,raw_l2/trade_date=2026-07-17/exchange=NSE/symbol=HCLTECH/part-083651_271483-039627.parquet,real_data_sample\l2_unseen_validation\trade_date=2026-07-17\exchange=NSE\symbol=HCLTECH\part-083651_271483-039627.parquet,34592,downloaded,34592,
2026-07-17,NSE,HCLTECH,raw_l2/trade_date=2026-07-17/exchange=NSE/symbol=HCLTECH/part-083830_911450-039851.parquet,real_data_sample\l2_unseen_validation\trade_date=2026-07-17\exchange=NSE\symbol=HCLTECH\part-083830_911450-039851.parquet,34761,downloaded,34761,
2026-07-17,NSE,HCLTECH,raw_l2/trade_date=2026-07-17/exchange=NSE/symbol=HCLTECH/part-083845_237009-039883.parquet,real_data_sample\l2_unseen_validation\trade_date=2026-07-17\exchange=NSE\symbol=HCLTECH\part-083845_237009-039883.parquet,34719,downloaded,34719,
2026-07-17,NSE,HCLTECH,raw_l2/trade_date=2026-07-17/exchange=NSE/symbol=HCLTECH/part-083859_597140-039915.parquet,real_data_sample\l2_unseen_validation\trade_date=2026-07-17\exchange=NSE\symbol=HCLTECH\part-083859_597140-039915.parquet,34851,downloaded,34851,
2026-07-17,NSE,HCLTECH,raw_l2/trade_date=2026-07-17/exchange=NSE/symbol=HCLTECH/part-083913_975551-039947.parquet,real_data_sample\l2_unseen_validation\trade_date=2026-07-17\exchange=NSE\symbol=HCLTECH\part-083913_975551-039947.parquet,35319,downloaded,35319,
2026-07-17,NSE,HCLTECH,raw_l2/trade_date=2026-07-17/exchange=NSE/symbol=HCLTECH/part-083928_309947-039979.parquet,real_data_sample\l2_unseen_validation\trade_date=2026-07-17\exchange=NSE\symbol=HCLTECH\part-083928_309947-039979.parquet,35542,downloaded,35542,
2026-07-17,NSE,HCLTECH,raw_l2/trade_date=2026-07-17/exchange=NSE/symbol=HCLTECH/part-084039_775004-040139.parquet,real_data_sample\l2_unseen_validation\trade_date=2026-07-17\exchange=NSE\symbol=HCLTECH\part-084039_775004-040139.parquet,34643,downloaded,34643,
2026-07-17,NSE,HCLTECH,raw_l2/trade_date=2026-07-17/exchange=NSE/symbol=HCLTECH/part-083942_613642-040011.parquet,real_data_sample\l2_unseen_validation\trade_date=2026-07-17\exchange=NSE\symbol=HCLTECH\part-083942_613642-040011.parquet,35262,downloaded,35262,
2026-07-17,NSE,HCLTECH,raw_l2/trade_date=2026-07-17/exchange=NSE/symbol=HCLTECH/part-084137_074789-040267.parquet,real_data_sample\l2_unseen_validation\trade_date=2026-07-17\exchange=NSE\symbol=HCLTECH\part-084137_074789-040267.parquet,34848,downloaded,34848,
2026-07-17,NSE,HCLTECH,raw_l2/trade_date=2026-07-17/exchange=NSE/symbol=HCLTECH/part-084248_909796-040427.parquet,real_data_sample\l2_unseen_validation\trade_date=2026-07-17\exchange=NSE\symbol=HCLTECH\part-084248_909796-040427.parquet,34991,downloaded,34991,
2026-07-17,NSE,HCLTECH,raw_l2/trade_date=2026-07-17/exchange=NSE/symbol=HCLTECH/part-084011_309729-040075.parquet,real_data_sample\l2_unseen_validation\trade_date=2026-07-17\exchange=NSE\symbol=HCLTECH\part-084011_309729-040075.parquet,36044,downloaded,36044,
2026-07-17,NSE,HCLTECH,raw_l2/trade_date=2026-07-17/exchange=NSE/symbol=HCLTECH/part-084220_328184-040363.parquet,real_data_sample\l2_unseen_validation\trade_date=2026-07-17\exchange=NSE\symbol=HCLTECH\part-084220_328184-040363.parquet,34944,downloaded,34944,
2026-07-17,NSE,HCLTECH,raw_l2/trade_date=2026-07-17/exchange=NSE/symbol=HCLTECH/part-084025_511499-040107.parquet,real_data_sample\l2_unseen_validation\trade_date=2026-07-17\exchange=NSE\symbol=HCLTECH\part-084025_511499-040107.parquet,34699,downloaded,34699,
2026-07-17,NSE,HCLTECH,raw_l2/trade_date=2026-07-17/exchange=NSE/symbol=HCLTECH/part-084108_468430-040203.parquet,real_data_sample\l2_unseen_validation\trade_date=2026-07-17\exchange=NSE\symbol=HCLTECH\part-084108_468430-040203.parquet,34997,downloaded,34997,
2026-07-17,NSE,HCLTECH,raw_l2/trade_date=2026-07-17/exchange=NSE/symbol=HCLTECH/part-084205_806883-040331.parquet,real_data_sample\l2_unseen_validation\trade_date=2026-07-17\exchange=NSE\symbol=HCLTECH\part-084205_806883-040331.parquet,34798,downloaded,34798,
2026-07-17,NSE,HCLTECH,raw_l2/trade_date=2026-07-17/exchange=NSE/symbol=HCLTECH/part-083956_754210-040043.parquet,real_data_sample\l2_unseen_validation\trade_date=2026-07-17\exchange=NSE\symbol=HCLTECH\part-083956_754210-040043.parquet,35298,downloaded,35298,
2026-07-17,NSE,HCLTECH,raw_l2/trade_date=2026-07-17/exchange=NSE/symbol=HCLTECH/part-084122_575559-040235.parquet,real_data_sample\l2_unseen_validation\trade_date=2026-07-17\exchange=NSE\symbol=HCLTECH\part-084122_575559-040235.parquet,34900,downloaded,34900,
2026-07-17,NSE,HCLTECH,raw_l2/trade_date=2026-07-17/exchange=NSE/symbol=HCLTECH/part-084151_510331-040299.parquet,real_data_sample\l2_unseen_validation\trade_date=2026-07-17\exchange=NSE\symbol=HCLTECH\part-084151_510331-040299.parquet,34545,downloaded,34545,
2026-07-17,NSE,HCLTECH,raw_l2/trade_date=2026-07-17/exchange=NSE/symbol=HCLTECH/part-084054_413485-040171.parquet,real_data_sample\l2_unseen_validation\trade_date=2026-07-17\exchange=NSE\symbol=HCLTECH\part-084054_413485-040171.parquet,34662,downloaded,34662,
2026-07-17,NSE,HCLTECH,raw_l2/trade_date=2026-07-17/exchange=NSE/symbol=HCLTECH/part-084234_605077-040395.parquet,real_data_sample\l2_unseen_validation\trade_date=2026-07-17\exchange=NSE\symbol=HCLTECH\part-084234_605077-040395.parquet,34841,downloaded,34841,
2026-07-17,NSE,HCLTECH,raw_l2/trade_date=2026-07-17/exchange=NSE/symbol=HCLTECH/part-084625_002043-040907.parquet,real_data_sample\l2_unseen_validation\trade_date=2026-07-17\exchange=NSE\symbol=HCLTECH\part-084625_002043-040907.parquet,34704,downloaded,34704,
2026-07-17,NSE,HCLTECH,raw_l2/trade_date=2026-07-17/exchange=NSE/symbol=HCLTECH/part-084346_549573-040555.parquet,real_data_sample\l2_unseen_validation\trade_date=2026-07-17\exchange=NSE\symbol=HCLTECH\part-084346_549573-040555.parquet,34866,downloaded,34866,
2026-07-17,NSE,HCLTECH,raw_l2/trade_date=2026-07-17/exchange=NSE/symbol=HCLTECH/part-084610_805001-040875.parquet,real_data_sample\l2_unseen_validation\trade_date=2026-07-17\exchange=NSE\symbol=HCLTECH\part-084610_805001-040875.parquet,34488,downloaded,34488,
2026-07-17,NSE,HCLTECH,raw_l2/trade_date=2026-07-17/exchange=NSE/symbol=HCLTECH/part-084653_596361-040971.parquet,real_data_sample\l2_unseen_validation\trade_date=2026-07-17\exchange=NSE\symbol=HCLTECH\part-084653_596361-040971.parquet,34647,downloaded,34647,
2026-07-17,NSE,HCLTECH,raw_l2/trade_date=2026-07-17/exchange=NSE/symbol=HCLTECH/part-084444_285508-040683.parquet,real_data_sample\l2_unseen_validation\trade_date=2026-07-17\exchange=NSE\symbol=HCLTECH\part-084444_285508-040683.parquet,34616,downloaded,34616,
2026-07-17,NSE,HCLTECH,raw_l2/trade_date=2026-07-17/exchange=NSE/symbol=HCLTECH/part-084639_329506-040939.parquet,real_data_sample\l2_unseen_validation\trade_date=2026-07-17\exchange=NSE\symbol=HCLTECH\part-084639_329506-040939.parquet,34829,downloaded,34829,
2026-07-17,NSE,HCLTECH,raw_l2/trade_date=2026-07-17/exchange=NSE/symbol=HCLTECH/part-084707_801998-041003.parquet,real_data_sample\l2_unseen_validation\trade_date=2026-07-17\exchange=NSE\symbol=HCLTECH\part-084707_801998-041003.parquet,34422,downloaded,34422,
2026-07-17,NSE,HCLTECH,raw_l2/trade_date=2026-07-17/exchange=NSE/symbol=HCLTECH/part-084513_216896-040747.parquet,real_data_sample\l2_unseen_validation\trade_date=2026-07-17\exchange=NSE\symbol=HCLTECH\part-084513_216896-040747.parquet,34612,downloaded,34612,
2026-07-17,NSE,HCLTECH,raw_l2/trade_date=2026-07-17/exchange=NSE/symbol=HCLTECH/part-084317_737515-040491.parquet,real_data_sample\l2_unseen_validation\trade_date=2026-07-17\exchange=NSE\symbol=HCLTECH\part-084317_737515-040491.parquet,34762,downloaded,34762,
2026-07-17,NSE,HCLTECH,raw_l2/trade_date=2026-07-17/exchange=NSE/symbol=HCLTECH/part-084332_113427-040523.parquet,real_data_sample\l2_unseen_validation\trade_date=2026-07-17\exchange=NSE\symbol=HCLTECH\part-084332_113427-040523.parquet,34913,downloaded,34913,
2026-07-17,NSE,HCLTECH,raw_l2/trade_date=2026-07-17/exchange=NSE/symbol=HCLTECH/part-084542_079202-040811.parquet,real_data_sample\l2_unseen_validation\trade_date=2026-07-17\exchange=NSE\symbol=HCLTECH\part-084542_079202-040811.parquet,34513,downloaded,34513,
2026-07-17,NSE,HCLTECH,raw_l2/trade_date=2026-07-17/exchange=NSE/symbol=HCLTECH/part-084401_085661-040587.parquet,real_data_sample\l2_unseen_validation\trade_date=2026-07-17\exchange=NSE\symbol=HCLTECH\part-084401_085661-040587.parquet,34879,downloaded,34879,
2026-07-17,NSE,HCLTECH,raw_l2/trade_date=2026-07-17/exchange=NSE/symbol=HCLTECH/part-084429_909168-040651.parquet,real_data_sample\l2_unseen_validation\trade_date=2026-07-17\exchange=NSE\symbol=HCLTECH\part-084429_909168-040651.parquet,34683,downloaded,34683,
2026-07-17,NSE,HCLTECH,raw_l2/trade_date=2026-07-17/exchange=NSE/symbol=HCLTECH/part-084415_438562-040619.parquet,real_data_sample\l2_unseen_validation\trade_date=2026-07-17\exchange=NSE\symbol=HCLTECH\part-084415_438562-040619.parquet,34780,downloaded,34780,
2026-07-17,NSE,HCLTECH,raw_l2/trade_date=2026-07-17/exchange=NSE/symbol=HCLTECH/part-084527_605335-040779.parquet,real_data_sample\l2_unseen_validation\trade_date=2026-07-17\exchange=NSE\symbol=HCLTECH\part-084527_605335-040779.parquet,34732,downloaded,34732,
2026-07-17,NSE,HCLTECH,raw_l2/trade_date=2026-07-17/exchange=NSE/symbol=HCLTECH/part-084722_026354-041035.parquet,real_data_sample\l2_unseen_validation\trade_date=2026-07-17\exchange=NSE\symbol=HCLTECH\part-084722_026354-041035.parquet,34730,downloaded,34730,
2026-07-17,NSE,HCLTECH,raw_l2/trade_date=2026-07-17/exchange=NSE/symbol=HCLTECH/part-084833_390389-041195.parquet,real_data_sample\l2_unseen_validation\trade_date=2026-07-17\exchange=NSE\symbol=HCLTECH\part-084833_390389-041195.parquet,34604,downloaded,34604,
2026-07-17,NSE,HCLTECH,raw_l2/trade_date=2026-07-17/exchange=NSE/symbol=HCLTECH/part-084819_061324-041163.parquet,real_data_sample\l2_unseen_validation\trade_date=2026-07-17\exchange=NSE\symbol=HCLTECH\part-084819_061324-041163.parquet,34692,downloaded,34692,
2026-07-17,NSE,HCLTECH,raw_l2/trade_date=2026-07-17/exchange=NSE/symbol=HCLTECH/part-084750_555275-041099.parquet,real_data_sample\l2_unseen_validation\trade_date=2026-07-17\exchange=NSE\symbol=HCLTECH\part-084750_555275-041099.parquet,34702,downloaded,34702,
2026-07-17,NSE,HCLTECH,raw_l2/trade_date=2026-07-17/exchange=NSE/symbol=HCLTECH/part-084736_213991-041067.parquet,real_data_sample\l2_unseen_validation\trade_date=2026-07-17\exchange=NSE\symbol=HCLTECH\part-084736_213991-041067.parquet,34649,downloaded,34649,
2026-07-17,NSE,HCLTECH,raw_l2/trade_date=2026-07-17/exchange=NSE/symbol=HCLTECH/part-084946_085612-041355.parquet,real_data_sample\l2_unseen_validation\trade_date=2026-07-17\exchange=NSE\symbol=HCLTECH\part-084946_085612-041355.parquet,34478,downloaded,34478,
2026-07-17,NSE,HCLTECH,raw_l2/trade_date=2026-07-17/exchange=NSE/symbol=HCLTECH/part-084804_749168-041131.parquet,real_data_sample\l2_unseen_validation\trade_date=2026-07-17\exchange=NSE\symbol=HCLTECH\part-084804_749168-041131.parquet,34796,downloaded,34796,
2026-07-17,NSE,HCLTECH,raw_l2/trade_date=2026-07-17/exchange=NSE/symbol=HCLTECH/part-085000_603548-041387.parquet,real_data_sample\l2_unseen_validation\trade_date=2026-07-17\exchange=NSE\symbol=HCLTECH\part-085000_603548-041387.parquet,34912,downloaded,34912,
2026-07-17,NSE,HCLTECH,raw_l2/trade_date=2026-07-17/exchange=NSE/symbol=HCLTECH/part-085043_559378-041483.parquet,real_data_sample\l2_unseen_validation\trade_date=2026-07-17\exchange=NSE\symbol=HCLTECH\part-085043_559378-041483.parquet,34765,downloaded,34765,
2026-07-17,NSE,HCLTECH,raw_l2/trade_date=2026-07-17/exchange=NSE/symbol=HCLTECH/part-085112_793203-041547.parquet,real_data_sample\l2_unseen_validation\trade_date=2026-07-17\exchange=NSE\symbol=HCLTECH\part-085112_793203-041547.parquet,34750,downloaded,34750,
2026-07-17,NSE,HCLTECH,raw_l2/trade_date=2026-07-17/exchange=NSE/symbol=HCLTECH/part-085254_958304-041771.parquet,real_data_sample\l2_unseen_validation\trade_date=2026-07-17\exchange=NSE\symbol=HCLTECH\part-085254_958304-041771.parquet,34621,downloaded,34621,
2026-07-17,NSE,HCLTECH,raw_l2/trade_date=2026-07-17/exchange=NSE/symbol=HCLTECH/part-085225_446976-041707.parquet,real_data_sample\l2_unseen_validation\trade_date=2026-07-17\exchange=NSE\symbol=HCLTECH\part-085225_446976-041707.parquet,34795,downloaded,34795,
2026-07-17,NSE,HCLTECH,raw_l2/trade_date=2026-07-17/exchange=NSE/symbol=HCLTECH/part-085141_695627-041611.parquet,real_data_sample\l2_unseen_validation\trade_date=2026-07-17\exchange=NSE\symbol=HCLTECH\part-085141_695627-041611.parquet,34662,downloaded,34662,
2026-07-17,NSE,HCLTECH,raw_l2/trade_date=2026-07-17/exchange=NSE/symbol=HCLTECH/part-085309_828502-041803.parquet,real_data_sample\l2_unseen_validation\trade_date=2026-07-17\exchange=NSE\symbol=HCLTECH\part-085309_828502-041803.parquet,34657,downloaded,34657,
2026-07-17,NSE,HCLTECH,raw_l2/trade_date=2026-07-17/exchange=NSE/symbol=HCLTECH/part-085058_055995-041515.parquet,real_data_sample\l2_unseen_validation\trade_date=2026-07-17\exchange=NSE\symbol=HCLTECH\part-085058_055995-041515.parquet,34746,downloaded,34746,
2026-07-17,NSE,HCLTECH,raw_l2/trade_date=2026-07-17/exchange=NSE/symbol=HCLTECH/part-085616_776289-042219.parquet,real_data_sample\l2_unseen_validation\trade_date=2026-07-17\exchange=NSE\symbol=HCLTECH\part-085616_776289-042219.parquet,34719,downloaded,34719,
2026-07-17,NSE,HCLTECH,raw_l2/trade_date=2026-07-17/exchange=NSE/symbol=HCLTECH/part-085437_105535-041995.parquet,real_data_sample\l2_unseen_validation\trade_date=2026-07-17\exchange=NSE\symbol=HCLTECH\part-085437_105535-041995.parquet,34655,downloaded,34655,
2026-07-17,NSE,HCLTECH,raw_l2/trade_date=2026-07-17/exchange=NSE/symbol=HCLTECH/part-085422_741738-041963.parquet,real_data_sample\l2_unseen_validation\trade_date=2026-07-17\exchange=NSE\symbol=HCLTECH\part-085422_741738-041963.parquet,34681,downloaded,34681,
2026-07-17,NSE,HCLTECH,raw_l2/trade_date=2026-07-17/exchange=NSE/symbol=HCLTECH/part-085451_516360-042027.parquet,real_data_sample\l2_unseen_validation\trade_date=2026-07-17\exchange=NSE\symbol=HCLTECH\part-085451_516360-042027.parquet,34882,downloaded,34882,
2026-07-17,NSE,HCLTECH,raw_l2/trade_date=2026-07-17/exchange=NSE/symbol=HCLTECH/part-085325_091985-041835.parquet,real_data_sample\l2_unseen_validation\trade_date=2026-07-17\exchange=NSE\symbol=HCLTECH\part-085325_091985-041835.parquet,34645,downloaded,34645,
2026-07-17,NSE,HCLTECH,raw_l2/trade_date=2026-07-17/exchange=NSE/symbol=HCLTECH/part-085548_542644-042155.parquet,real_data_sample\l2_unseen_validation\trade_date=2026-07-17\exchange=NSE\symbol=HCLTECH\part-085548_542644-042155.parquet,34790,downloaded,34790,
2026-07-17,NSE,HCLTECH,raw_l2/trade_date=2026-07-17/exchange=NSE/symbol=HCLTECH/part-085520_069079-042091.parquet,real_data_sample\l2_unseen_validation\trade_date=2026-07-17\exchange=NSE\symbol=HCLTECH\part-085520_069079-042091.parquet,34647,downloaded,34647,
2026-07-17,NSE,HCLTECH,raw_l2/trade_date=2026-07-17/exchange=NSE/symbol=HCLTECH/part-085534_245629-042123.parquet,real_data_sample\l2_unseen_validation\trade_date=2026-07-17\exchange=NSE\symbol=HCLTECH\part-085534_245629-042123.parquet,34694,downloaded,34694,
2026-07-17,NSE,HCLTECH,raw_l2/trade_date=2026-07-17/exchange=NSE/symbol=HCLTECH/part-085505_901928-042059.parquet,real_data_sample\l2_unseen_validation\trade_date=2026-07-17\exchange=NSE\symbol=HCLTECH\part-085505_901928-042059.parquet,34680,downloaded,34680,
2026-07-17,NSE,HCLTECH,raw_l2/trade_date=2026-07-17/exchange=NSE/symbol=HCLTECH/part-085602_715428-042187.parquet,real_data_sample\l2_unseen_validation\trade_date=2026-07-17\exchange=NSE\symbol=HCLTECH\part-085602_715428-042187.parquet,34563,downloaded,34563,
2026-07-17,NSE,HCLTECH,raw_l2/trade_date=2026-07-17/exchange=NSE/symbol=HCLTECH/part-085340_090288-041867.parquet,real_data_sample\l2_unseen_validation\trade_date=2026-07-17\exchange=NSE\symbol=HCLTECH\part-085340_090288-041867.parquet,34842,downloaded,34842,
2026-07-17,NSE,HCLTECH,raw_l2/trade_date=2026-07-17/exchange=NSE/symbol=HCLTECH/part-085408_529463-041931.parquet,real_data_sample\l2_unseen_validation\trade_date=2026-07-17\exchange=NSE\symbol=HCLTECH\part-085408_529463-041931.parquet,34899,downloaded,34899,
2026-07-17,NSE,HCLTECH,raw_l2/trade_date=2026-07-17/exchange=NSE/symbol=HCLTECH/part-085631_091518-042251.parquet,real_data_sample\l2_unseen_validation\trade_date=2026-07-17\exchange=NSE\symbol=HCLTECH\part-085631_091518-042251.parquet,34737,downloaded,34737,
2026-07-17,NSE,HCLTECH,raw_l2/trade_date=2026-07-17/exchange=NSE/symbol=HCLTECH/part-085354_262804-041899.parquet,real_data_sample\l2_unseen_validation\trade_date=2026-07-17\exchange=NSE\symbol=HCLTECH\part-085354_262804-041899.parquet,34902,downloaded,34902,
2026-07-17,NSE,HCLTECH,raw_l2/trade_date=2026-07-17/exchange=NSE/symbol=HCLTECH/part-085645_278481-042283.parquet,real_data_sample\l2_unseen_validation\trade_date=2026-07-17\exchange=NSE\symbol=HCLTECH\part-085645_278481-042283.parquet,34723,downloaded,34723,
2026-07-17,NSE,HCLTECH,raw_l2/trade_date=2026-07-17/exchange=NSE/symbol=HCLTECH/part-085742_343963-042411.parquet,real_data_sample\l2_unseen_validation\trade_date=2026-07-17\exchange=NSE\symbol=HCLTECH\part-085742_343963-042411.parquet,34835,downloaded,34835,
2026-07-17,NSE,HCLTECH,raw_l2/trade_date=2026-07-17/exchange=NSE/symbol=HCLTECH/part-085713_848355-042347.parquet,real_data_sample\l2_unseen_validation\trade_date=2026-07-17\exchange=NSE\symbol=HCLTECH\part-085713_848355-042347.parquet,34751,downloaded,34751,
2026-07-17,NSE,HCLTECH,raw_l2/trade_date=2026-07-17/exchange=NSE/symbol=HCLTECH/part-085659_508821-042315.parquet,real_data_sample\l2_unseen_validation\trade_date=2026-07-17\exchange=NSE\symbol=HCLTECH\part-085659_508821-042315.parquet,34777,downloaded,34777,
2026-07-17,NSE,HCLTECH,raw_l2/trade_date=2026-07-17/exchange=NSE/symbol=HCLTECH/part-085727_946726-042379.parquet,real_data_sample\l2_unseen_validation\trade_date=2026-07-17\exchange=NSE\symbol=HCLTECH\part-085727_946726-042379.parquet,34536,downloaded,34536,
2026-07-17,NSE,HCLTECH,raw_l2/trade_date=2026-07-17/exchange=NSE/symbol=HCLTECH/part-090134_627667-042923.parquet,real_data_sample\l2_unseen_validation\trade_date=2026-07-17\exchange=NSE\symbol=HCLTECH\part-090134_627667-042923.parquet,34822,downloaded,34822,
2026-07-17,NSE,HCLTECH,raw_l2/trade_date=2026-07-17/exchange=NSE/symbol=HCLTECH/part-085953_209930-042699.parquet,real_data_sample\l2_unseen_validation\trade_date=2026-07-17\exchange=NSE\symbol=HCLTECH\part-085953_209930-042699.parquet,34682,downloaded,34682,
2026-07-17,NSE,HCLTECH,raw_l2/trade_date=2026-07-17/exchange=NSE/symbol=HCLTECH/part-090050_960381-042827.parquet,real_data_sample\l2_unseen_validation\trade_date=2026-07-17\exchange=NSE\symbol=HCLTECH\part-090050_960381-042827.parquet,34743,downloaded,34743,
2026-07-17,NSE,HCLTECH,raw_l2/trade_date=2026-07-17/exchange=NSE/symbol=HCLTECH/part-090120_232947-042891.parquet,real_data_sample\l2_unseen_validation\trade_date=2026-07-17\exchange=NSE\symbol=HCLTECH\part-090120_232947-042891.parquet,34689,downloaded,34689,
2026-07-17,NSE,HCLTECH,raw_l2/trade_date=2026-07-17/exchange=NSE/symbol=HCLTECH/part-085923_678799-042635.parquet,real_data_sample\l2_unseen_validation\trade_date=2026-07-17\exchange=NSE\symbol=HCLTECH\part-085923_678799-042635.parquet,34668,downloaded,34668,
2026-07-17,NSE,HCLTECH,raw_l2/trade_date=2026-07-17/exchange=NSE/symbol=HCLTECH/part-085854_611357-042571.parquet,real_data_sample\l2_unseen_validation\trade_date=2026-07-17\exchange=NSE\symbol=HCLTECH\part-085854_611357-042571.parquet,34648,downloaded,34648,
2026-07-17,NSE,HCLTECH,raw_l2/trade_date=2026-07-17/exchange=NSE/symbol=HCLTECH/part-085811_267558-042475.parquet,real_data_sample\l2_unseen_validation\trade_date=2026-07-17\exchange=NSE\symbol=HCLTECH\part-085811_267558-042475.parquet,34723,downloaded,34723,
2026-07-17,NSE,HCLTECH,raw_l2/trade_date=2026-07-17/exchange=NSE/symbol=HCLTECH/part-085909_056602-042603.parquet,real_data_sample\l2_unseen_validation\trade_date=2026-07-17\exchange=NSE\symbol=HCLTECH\part-085909_056602-042603.parquet,34759,downloaded,34759,
2026-07-17,NSE,HCLTECH,raw_l2/trade_date=2026-07-17/exchange=NSE/symbol=HCLTECH/part-085756_867341-042443.parquet,real_data_sample\l2_unseen_validation\trade_date=2026-07-17\exchange=NSE\symbol=HCLTECH\part-085756_867341-042443.parquet,35027,downloaded,35027,
2026-07-17,NSE,HCLTECH,raw_l2/trade_date=2026-07-17/exchange=NSE/symbol=HCLTECH/part-090007_720954-042731.parquet,real_data_sample\l2_unseen_validation\trade_date=2026-07-17\exchange=NSE\symbol=HCLTECH\part-090007_720954-042731.parquet,34763,downloaded,34763,
2026-07-17,NSE,HCLTECH,raw_l2/trade_date=2026-07-17/exchange=NSE/symbol=HCLTECH/part-085825_600330-042507.parquet,real_data_sample\l2_unseen_validation\trade_date=2026-07-17\exchange=NSE\symbol=HCLTECH\part-085825_600330-042507.parquet,34794,downloaded,34794,
2026-07-17,NSE,HCLTECH,raw_l2/trade_date=2026-07-17/exchange=NSE/symbol=HCLTECH/part-085938_442732-042667.parquet,real_data_sample\l2_unseen_validation\trade_date=2026-07-17\exchange=NSE\symbol=HCLTECH\part-085938_442732-042667.parquet,34881,downloaded,34881,
2026-07-17,NSE,HCLTECH,raw_l2/trade_date=2026-07-17/exchange=NSE/symbol=HCLTECH/part-085840_107036-042539.parquet,real_data_sample\l2_unseen_validation\trade_date=2026-07-17\exchange=NSE\symbol=HCLTECH\part-085840_107036-042539.parquet,34703,downloaded,34703,
2026-07-17,NSE,HCLTECH,raw_l2/trade_date=2026-07-17/exchange=NSE/symbol=HCLTECH/part-090203_326479-042987.parquet,real_data_sample\l2_unseen_validation\trade_date=2026-07-17\exchange=NSE\symbol=HCLTECH\part-090203_326479-042987.parquet,34857,downloaded,34857,
2026-07-17,NSE,HCLTECH,raw_l2/trade_date=2026-07-17/exchange=NSE/symbol=HCLTECH/part-090149_056811-042955.parquet,real_data_sample\l2_unseen_validation\trade_date=2026-07-17\exchange=NSE\symbol=HCLTECH\part-090149_056811-042955.parquet,34514,downloaded,34514,
2026-07-17,NSE,HCLTECH,raw_l2/trade_date=2026-07-17/exchange=NSE/symbol=HCLTECH/part-090022_108827-042763.parquet,real_data_sample\l2_unseen_validation\trade_date=2026-07-17\exchange=NSE\symbol=HCLTECH\part-090022_108827-042763.parquet,34733,downloaded,34733,
2026-07-17,NSE,HCLTECH,raw_l2/trade_date=2026-07-17/exchange=NSE/symbol=HCLTECH/part-090217_503306-043019.parquet,real_data_sample\l2_unseen_validation\trade_date=2026-07-17\exchange=NSE\symbol=HCLTECH\part-090217_503306-043019.parquet,35313,downloaded,35313,
2026-07-17,NSE,HCLTECH,raw_l2/trade_date=2026-07-17/exchange=NSE/symbol=HCLTECH/part-090036_433390-042795.parquet,real_data_sample\l2_unseen_validation\trade_date=2026-07-17\exchange=NSE\symbol=HCLTECH\part-090036_433390-042795.parquet,34640,downloaded,34640,
2026-07-17,NSE,HCLTECH,raw_l2/trade_date=2026-07-17/exchange=NSE/symbol=HCLTECH/part-090105_590566-042859.parquet,real_data_sample\l2_unseen_validation\trade_date=2026-07-17\exchange=NSE\symbol=HCLTECH\part-090105_590566-042859.parquet,34791,downloaded,34791,
2026-07-17,NSE,HCLTECH,raw_l2/trade_date=2026-07-17/exchange=NSE/symbol=HCLTECH/part-090231_875326-043051.parquet,real_data_sample\l2_unseen_validation\trade_date=2026-07-17\exchange=NSE\symbol=HCLTECH\part-090231_875326-043051.parquet,35870,downloaded,35870,
2026-07-17,NSE,HCLTECH,raw_l2/trade_date=2026-07-17/exchange=NSE/symbol=HCLTECH/part-090329_645829-043179.parquet,real_data_sample\l2_unseen_validation\trade_date=2026-07-17\exchange=NSE\symbol=HCLTECH\part-090329_645829-043179.parquet,34827,downloaded,34827,
2026-07-17,NSE,HCLTECH,raw_l2/trade_date=2026-07-17/exchange=NSE/symbol=HCLTECH/part-090344_483118-043211.parquet,real_data_sample\l2_unseen_validation\trade_date=2026-07-17\exchange=NSE\symbol=HCLTECH\part-090344_483118-043211.parquet,35002,downloaded,35002,
2026-07-17,NSE,HCLTECH,raw_l2/trade_date=2026-07-17/exchange=NSE/symbol=HCLTECH/part-090246_344998-043083.parquet,real_data_sample\l2_unseen_validation\trade_date=2026-07-17\exchange=NSE\symbol=HCLTECH\part-090246_344998-043083.parquet,36062,downloaded,36062,
2026-07-17,NSE,HCLTECH,raw_l2/trade_date=2026-07-17/exchange=NSE/symbol=HCLTECH/part-090427_833724-043307.parquet,real_data_sample\l2_unseen_validation\trade_date=2026-07-17\exchange=NSE\symbol=HCLTECH\part-090427_833724-043307.parquet,34644,downloaded,34644,
2026-07-17,NSE,HCLTECH,raw_l2/trade_date=2026-07-17/exchange=NSE/symbol=HCLTECH/part-090653_079442-043627.parquet,real_data_sample\l2_unseen_validation\trade_date=2026-07-17\exchange=NSE\symbol=HCLTECH\part-090653_079442-043627.parquet,34751,downloaded,34751,
2026-07-17,NSE,HCLTECH,raw_l2/trade_date=2026-07-17/exchange=NSE/symbol=HCLTECH/part-090315_121078-043147.parquet,real_data_sample\l2_unseen_validation\trade_date=2026-07-17\exchange=NSE\symbol=HCLTECH\part-090315_121078-043147.parquet,35180,downloaded,35180,
2026-07-17,NSE,HCLTECH,raw_l2/trade_date=2026-07-17/exchange=NSE/symbol=HCLTECH/part-090555_266144-043499.parquet,real_data_sample\l2_unseen_validation\trade_date=2026-07-17\exchange=NSE\symbol=HCLTECH\part-090555_266144-043499.parquet,35478,downloaded,35478,
2026-07-17,NSE,HCLTECH,raw_l2/trade_date=2026-07-17/exchange=NSE/symbol=HCLTECH/part-090300_669278-043115.parquet,real_data_sample\l2_unseen_validation\trade_date=2026-07-17\exchange=NSE\symbol=HCLTECH\part-090300_669278-043115.parquet,36036,downloaded,36036,
2026-07-17,NSE,HCLTECH,raw_l2/trade_date=2026-07-17/exchange=NSE/symbol=HCLTECH/part-090359_280664-043243.parquet,real_data_sample\l2_unseen_validation\trade_date=2026-07-17\exchange=NSE\symbol=HCLTECH\part-090359_280664-043243.parquet,34872,downloaded,34872,
2026-07-17,NSE,HCLTECH,raw_l2/trade_date=2026-07-17/exchange=NSE/symbol=HCLTECH/part-090526_539348-043435.parquet,real_data_sample\l2_unseen_validation\trade_date=2026-07-17\exchange=NSE\symbol=HCLTECH\part-090526_539348-043435.parquet,35707,downloaded,35707,
2026-07-17,NSE,HCLTECH,raw_l2/trade_date=2026-07-17/exchange=NSE/symbol=HCLTECH/part-090457_379520-043371.parquet,real_data_sample\l2_unseen_validation\trade_date=2026-07-17\exchange=NSE\symbol=HCLTECH\part-090457_379520-043371.parquet,34878,downloaded,34878,
2026-07-17,NSE,HCLTECH,raw_l2/trade_date=2026-07-17/exchange=NSE/symbol=HCLTECH/part-090540_985622-043467.parquet,real_data_sample\l2_unseen_validation\trade_date=2026-07-17\exchange=NSE\symbol=HCLTECH\part-090540_985622-043467.parquet,35756,downloaded,35756,
2026-07-17,NSE,HCLTECH,raw_l2/trade_date=2026-07-17/exchange=NSE/symbol=HCLTECH/part-090413_490545-043275.parquet,real_data_sample\l2_unseen_validation\trade_date=2026-07-17\exchange=NSE\symbol=HCLTECH\part-090413_490545-043275.parquet,34814,downloaded,34814,
2026-07-17,NSE,HCLTECH,raw_l2/trade_date=2026-07-17/exchange=NSE/symbol=HCLTECH/part-090624_110724-043563.parquet,real_data_sample\l2_unseen_validation\trade_date=2026-07-17\exchange=NSE\symbol=HCLTECH\part-090624_110724-043563.parquet,34715,downloaded,34715,
2026-07-17,NSE,HCLTECH,raw_l2/trade_date=2026-07-17/exchange=NSE/symbol=HCLTECH/part-090609_466892-043531.parquet,real_data_sample\l2_unseen_validation\trade_date=2026-07-17\exchange=NSE\symbol=HCLTECH\part-090609_466892-043531.parquet,35769,downloaded,35769,
2026-07-17,NSE,HCLTECH,raw_l2/trade_date=2026-07-17/exchange=NSE/symbol=HCLTECH/part-085029_411756-041451.parquet,real_data_sample\l2_unseen_validation\trade_date=2026-07-17\exchange=NSE\symbol=HCLTECH\part-085029_411756-041451.parquet,34875,downloaded,34875,
2026-07-17,NSE,HCLTECH,raw_l2/trade_date=2026-07-17/exchange=NSE/symbol=HCLTECH/part-090638_499867-043595.parquet,real_data_sample\l2_unseen_validation\trade_date=2026-07-17\exchange=NSE\symbol=HCLTECH\part-090638_499867-043595.parquet,34781,downloaded,34781,
2026-07-17,NSE,HCLTECH,raw_l2/trade_date=2026-07-17/exchange=NSE/symbol=HCLTECH/part-090442_664439-043339.parquet,real_data_sample\l2_unseen_validation\trade_date=2026-07-17\exchange=NSE\symbol=HCLTECH\part-090442_664439-043339.parquet,34691,downloaded,34691,
2026-07-17,NSE,HCLTECH,raw_l2/trade_date=2026-07-17/exchange=NSE/symbol=HCLTECH/part-090512_191285-043403.parquet,real_data_sample\l2_unseen_validation\trade_date=2026-07-17\exchange=NSE\symbol=HCLTECH\part-090512_191285-043403.parquet,34873,downloaded,34873,
2026-07-17,NSE,HCLTECH,raw_l2/trade_date=2026-07-17/exchange=NSE/symbol=HCLTECH/part-085127_339949-041579.parquet,real_data_sample\l2_unseen_validation\trade_date=2026-07-17\exchange=NSE\symbol=HCLTECH\part-085127_339949-041579.parquet,34699,downloaded,34699,
2026-07-17,NSE,HCLTECH,raw_l2/trade_date=2026-07-17/exchange=NSE/symbol=HCLTECH/part-090805_385231-043787.parquet,real_data_sample\l2_unseen_validation\trade_date=2026-07-17\exchange=NSE\symbol=HCLTECH\part-090805_385231-043787.parquet,35905,downloaded,35905,
2026-07-17,NSE,HCLTECH,raw_l2/trade_date=2026-07-17/exchange=NSE/symbol=HCLTECH/part-090948_705398-044011.parquet,real_data_sample\l2_unseen_validation\trade_date=2026-07-17\exchange=NSE\symbol=HCLTECH\part-090948_705398-044011.parquet,34781,downloaded,34781,
2026-07-17,NSE,HCLTECH,raw_l2/trade_date=2026-07-17/exchange=NSE/symbol=HCLTECH/part-090834_491934-043851.parquet,real_data_sample\l2_unseen_validation\trade_date=2026-07-17\exchange=NSE\symbol=HCLTECH\part-090834_491934-043851.parquet,34611,downloaded,34611,
2026-07-17,NSE,HCLTECH,raw_l2/trade_date=2026-07-17/exchange=NSE/symbol=HCLTECH/part-090819_786178-043819.parquet,real_data_sample\l2_unseen_validation\trade_date=2026-07-17\exchange=NSE\symbol=HCLTECH\part-090819_786178-043819.parquet,35200,downloaded,35200,
2026-07-17,NSE,HCLTECH,raw_l2/trade_date=2026-07-17/exchange=NSE/symbol=HCLTECH/part-090933_628153-043979.parquet,real_data_sample\l2_unseen_validation\trade_date=2026-07-17\exchange=NSE\symbol=HCLTECH\part-090933_628153-043979.parquet,34556,downloaded,34556,
2026-07-17,NSE,HCLTECH,raw_l2/trade_date=2026-07-17/exchange=NSE/symbol=HCLTECH/part-090918_937560-043947.parquet,real_data_sample\l2_unseen_validation\trade_date=2026-07-17\exchange=NSE\symbol=HCLTECH\part-090918_937560-043947.parquet,34930,downloaded,34930,
2026-07-17,NSE,HCLTECH,raw_l2/trade_date=2026-07-17/exchange=NSE/symbol=HCLTECH/part-090849_067531-043883.parquet,real_data_sample\l2_unseen_validation\trade_date=2026-07-17\exchange=NSE\symbol=HCLTECH\part-090849_067531-043883.parquet,34771,downloaded,34771,
2026-07-17,NSE,HCLTECH,raw_l2/trade_date=2026-07-17/exchange=NSE/symbol=HCLTECH/part-090707_622082-043659.parquet,real_data_sample\l2_unseen_validation\trade_date=2026-07-17\exchange=NSE\symbol=HCLTECH\part-090707_622082-043659.parquet,34838,downloaded,34838,
2026-07-17,NSE,HCLTECH,raw_l2/trade_date=2026-07-17/exchange=NSE/symbol=HCLTECH/part-090903_807051-043915.parquet,real_data_sample\l2_unseen_validation\trade_date=2026-07-17\exchange=NSE\symbol=HCLTECH\part-090903_807051-043915.parquet,34735,downloaded,34735,
2026-07-17,NSE,HCLTECH,raw_l2/trade_date=2026-07-17/exchange=NSE/symbol=HCLTECH/part-091004_240175-044043.parquet,real_data_sample\l2_unseen_validation\trade_date=2026-07-17\exchange=NSE\symbol=HCLTECH\part-091004_240175-044043.parquet,34776,downloaded,34776,
2026-07-17,NSE,HCLTECH,raw_l2/trade_date=2026-07-17/exchange=NSE/symbol=HCLTECH/part-091132_210142-044235.parquet,real_data_sample\l2_unseen_validation\trade_date=2026-07-17\exchange=NSE\symbol=HCLTECH\part-091132_210142-044235.parquet,34736,downloaded,34736,
2026-07-17,NSE,HCLTECH,raw_l2/trade_date=2026-07-17/exchange=NSE/symbol=HCLTECH/part-091018_550571-044075.parquet,real_data_sample\l2_unseen_validation\trade_date=2026-07-17\exchange=NSE\symbol=HCLTECH\part-091018_550571-044075.parquet,34764,downloaded,34764,
2026-07-17,NSE,HCLTECH,raw_l2/trade_date=2026-07-17/exchange=NSE/symbol=HCLTECH/part-091047_856138-044139.parquet,real_data_sample\l2_unseen_validation\trade_date=2026-07-17\exchange=NSE\symbol=HCLTECH\part-091047_856138-044139.parquet,34670,downloaded,34670,
2026-07-17,NSE,HCLTECH,raw_l2/trade_date=2026-07-17/exchange=NSE/symbol=HCLTECH/part-091102_559487-044171.parquet,real_data_sample\l2_unseen_validation\trade_date=2026-07-17\exchange=NSE\symbol=HCLTECH\part-091102_559487-044171.parquet,34698,downloaded,34698,
2026-07-17,NSE,HCLTECH,raw_l2/trade_date=2026-07-17/exchange=NSE/symbol=HCLTECH/part-091117_147000-044203.parquet,real_data_sample\l2_unseen_validation\trade_date=2026-07-17\exchange=NSE\symbol=HCLTECH\part-091117_147000-044203.parquet,34734,downloaded,34734,
2026-07-17,NSE,HCLTECH,raw_l2/trade_date=2026-07-17/exchange=NSE/symbol=HCLTECH/part-091146_585667-044267.parquet,real_data_sample\l2_unseen_validation\trade_date=2026-07-17\exchange=NSE\symbol=HCLTECH\part-091146_585667-044267.parquet,34774,downloaded,34774,
2026-07-17,NSE,HCLTECH,raw_l2/trade_date=2026-07-17/exchange=NSE/symbol=HCLTECH/part-091033_144307-044107.parquet,real_data_sample\l2_unseen_validation\trade_date=2026-07-17\exchange=NSE\symbol=HCLTECH\part-091033_144307-044107.parquet,34845,downloaded,34845,
2026-07-17,NSE,HCLTECH,raw_l2/trade_date=2026-07-17/exchange=NSE/symbol=HCLTECH/part-091201_127866-044299.parquet,real_data_sample\l2_unseen_validation\trade_date=2026-07-17\exchange=NSE\symbol=HCLTECH\part-091201_127866-044299.parquet,34803,downloaded,34803,
2026-07-17,NSE,HCLTECH,raw_l2/trade_date=2026-07-17/exchange=NSE/symbol=HCLTECH/part-091216_057489-044331.parquet,real_data_sample\l2_unseen_validation\trade_date=2026-07-17\exchange=NSE\symbol=HCLTECH\part-091216_057489-044331.parquet,35286,downloaded,35286,
2026-07-17,NSE,HCLTECH,raw_l2/trade_date=2026-07-17/exchange=NSE/symbol=HCLTECH/part-084902_367719-041259.parquet,real_data_sample\l2_unseen_validation\trade_date=2026-07-17\exchange=NSE\symbol=HCLTECH\part-084902_367719-041259.parquet,34538,downloaded,34538,
2026-07-17,NSE,HCLTECH,raw_l2/trade_date=2026-07-17/exchange=NSE/symbol=HCLTECH/part-085015_137777-041419.parquet,real_data_sample\l2_unseen_validation\trade_date=2026-07-17\exchange=NSE\symbol=HCLTECH\part-085015_137777-041419.parquet,34794,downloaded,34794,
2026-07-17,NSE,HCLTECH,raw_l2/trade_date=2026-07-17/exchange=NSE/symbol=HCLTECH/part-084931_527964-041323.parquet,real_data_sample\l2_unseen_validation\trade_date=2026-07-17\exchange=NSE\symbol=HCLTECH\part-084931_527964-041323.parquet,34694,downloaded,34694,
2026-07-17,NSE,HCLTECH,raw_l2/trade_date=2026-07-17/exchange=NSE/symbol=HCLTECH/part-091246_588979-044395.parquet,real_data_sample\l2_unseen_validation\trade_date=2026-07-17\exchange=NSE\symbol=HCLTECH\part-091246_588979-044395.parquet,35744,downloaded,35744,
2026-07-17,NSE,HCLTECH,raw_l2/trade_date=2026-07-17/exchange=NSE/symbol=HCLTECH/part-091344_515590-044523.parquet,real_data_sample\l2_unseen_validation\trade_date=2026-07-17\exchange=NSE\symbol=HCLTECH\part-091344_515590-044523.parquet,34714,downloaded,34714,
2026-07-17,NSE,HCLTECH,raw_l2/trade_date=2026-07-17/exchange=NSE/symbol=HCLTECH/part-091315_553343-044459.parquet,real_data_sample\l2_unseen_validation\trade_date=2026-07-17\exchange=NSE\symbol=HCLTECH\part-091315_553343-044459.parquet,35768,downloaded,35768,
2026-07-17,NSE,HCLTECH,raw_l2/trade_date=2026-07-17/exchange=NSE/symbol=HCLTECH/part-091300_911148-044427.parquet,real_data_sample\l2_unseen_validation\trade_date=2026-07-17\exchange=NSE\symbol=HCLTECH\part-091300_911148-044427.parquet,36367,downloaded,36367,
2026-07-17,NSE,HCLTECH,raw_l2/trade_date=2026-07-17/exchange=NSE/symbol=HCLTECH/part-091359_086038-044555.parquet,real_data_sample\l2_unseen_validation\trade_date=2026-07-17\exchange=NSE\symbol=HCLTECH\part-091359_086038-044555.parquet,34894,downloaded,34894,
2026-07-17,NSE,HCLTECH,raw_l2/trade_date=2026-07-17/exchange=NSE/symbol=HCLTECH/part-091413_502721-044587.parquet,real_data_sample\l2_unseen_validation\trade_date=2026-07-17\exchange=NSE\symbol=HCLTECH\part-091413_502721-044587.parquet,34879,downloaded,34879,
2026-07-17,NSE,HCLTECH,raw_l2/trade_date=2026-07-17/exchange=NSE/symbol=HCLTECH/part-091525_302848-044747.parquet,real_data_sample\l2_unseen_validation\trade_date=2026-07-17\exchange=NSE\symbol=HCLTECH\part-091525_302848-044747.parquet,34731,downloaded,34731,
2026-07-17,NSE,HCLTECH,raw_l2/trade_date=2026-07-17/exchange=NSE/symbol=HCLTECH/part-084847_859765-041227.parquet,real_data_sample\l2_unseen_validation\trade_date=2026-07-17\exchange=NSE\symbol=HCLTECH\part-084847_859765-041227.parquet,34530,downloaded,34530,
2026-07-17,NSE,HCLTECH,raw_l2/trade_date=2026-07-17/exchange=NSE/symbol=HCLTECH/part-091608_817517-044843.parquet,real_data_sample\l2_unseen_validation\trade_date=2026-07-17\exchange=NSE\symbol=HCLTECH\part-091608_817517-044843.parquet,34719,downloaded,34719,
2026-07-17,NSE,HCLTECH,raw_l2/trade_date=2026-07-17/exchange=NSE/symbol=HCLTECH/part-084458_635532-040715.parquet,real_data_sample\l2_unseen_validation\trade_date=2026-07-17\exchange=NSE\symbol=HCLTECH\part-084458_635532-040715.parquet,34789,downloaded,34789,
2026-07-17,NSE,HCLTECH,raw_l2/trade_date=2026-07-17/exchange=NSE/symbol=HCLTECH/part-091720_228396-045003.parquet,real_data_sample\l2_unseen_validation\trade_date=2026-07-17\exchange=NSE\symbol=HCLTECH\part-091720_228396-045003.parquet,34649,downloaded,34649,
2026-07-17,NSE,HCLTECH,raw_l2/trade_date=2026-07-17/exchange=NSE/symbol=HCLTECH/part-091734_406263-045035.parquet,real_data_sample\l2_unseen_validation\trade_date=2026-07-17\exchange=NSE\symbol=HCLTECH\part-091734_406263-045035.parquet,34747,downloaded,34747,
2026-07-17,NSE,HCLTECH,raw_l2/trade_date=2026-07-17/exchange=NSE/symbol=HCLTECH/part-091623_400149-044875.parquet,real_data_sample\l2_unseen_validation\trade_date=2026-07-17\exchange=NSE\symbol=HCLTECH\part-091623_400149-044875.parquet,34609,downloaded,34609,
2026-07-17,NSE,HCLTECH,raw_l2/trade_date=2026-07-17/exchange=NSE/symbol=HCLTECH/part-091802_706870-045099.parquet,real_data_sample\l2_unseen_validation\trade_date=2026-07-17\exchange=NSE\symbol=HCLTECH\part-091802_706870-045099.parquet,34619,downloaded,34619,
2026-07-17,NSE,HCLTECH,raw_l2/trade_date=2026-07-17/exchange=NSE/symbol=HCLTECH/part-091748_498278-045067.parquet,real_data_sample\l2_unseen_validation\trade_date=2026-07-17\exchange=NSE\symbol=HCLTECH\part-091748_498278-045067.parquet,34753,downloaded,34753,
2026-07-17,NSE,HCLTECH,raw_l2/trade_date=2026-07-17/exchange=NSE/symbol=HCLTECH/part-091817_339650-045131.parquet,real_data_sample\l2_unseen_validation\trade_date=2026-07-17\exchange=NSE\symbol=HCLTECH\part-091817_339650-045131.parquet,35417,downloaded,35417,
2026-07-17,NSE,HCLTECH,raw_l2/trade_date=2026-07-17/exchange=NSE/symbol=HCLTECH/part-085156_137565-041643.parquet,real_data_sample\l2_unseen_validation\trade_date=2026-07-17\exchange=NSE\symbol=HCLTECH\part-085156_137565-041643.parquet,34686,downloaded,34686,
2026-07-17,NSE,HCLTECH,raw_l2/trade_date=2026-07-17/exchange=NSE/symbol=HCLTECH/part-091831_583007-045163.parquet,real_data_sample\l2_unseen_validation\trade_date=2026-07-17\exchange=NSE\symbol=HCLTECH\part-091831_583007-045163.parquet,36260,downloaded,36260,
2026-07-17,NSE,HCLTECH,raw_l2/trade_date=2026-07-17/exchange=NSE/symbol=HCLTECH/part-091900_406275-045227.parquet,real_data_sample\l2_unseen_validation\trade_date=2026-07-17\exchange=NSE\symbol=HCLTECH\part-091900_406275-045227.parquet,36234,downloaded,36234,
2026-07-17,NSE,HCLTECH,raw_l2/trade_date=2026-07-17/exchange=NSE/symbol=HCLTECH/part-091957_780084-045355.parquet,real_data_sample\l2_unseen_validation\trade_date=2026-07-17\exchange=NSE\symbol=HCLTECH\part-091957_780084-045355.parquet,36445,downloaded,36445,
2026-07-17,NSE,HCLTECH,raw_l2/trade_date=2026-07-17/exchange=NSE/symbol=HCLTECH/part-091943_620726-045323.parquet,real_data_sample\l2_unseen_validation\trade_date=2026-07-17\exchange=NSE\symbol=HCLTECH\part-091943_620726-045323.parquet,35892,downloaded,35892,
2026-07-17,NSE,HCLTECH,raw_l2/trade_date=2026-07-17/exchange=NSE/symbol=HCLTECH/part-091846_068608-045195.parquet,real_data_sample\l2_unseen_validation\trade_date=2026-07-17\exchange=NSE\symbol=HCLTECH\part-091846_068608-045195.parquet,36192,downloaded,36192,
2026-07-17,NSE,HCLTECH,raw_l2/trade_date=2026-07-17/exchange=NSE/symbol=HCLTECH/part-092040_764162-045451.parquet,real_data_sample\l2_unseen_validation\trade_date=2026-07-17\exchange=NSE\symbol=HCLTECH\part-092040_764162-045451.parquet,35833,downloaded,35833,
2026-07-17,NSE,HCLTECH,raw_l2/trade_date=2026-07-17/exchange=NSE/symbol=HCLTECH/part-092012_217674-045387.parquet,real_data_sample\l2_unseen_validation\trade_date=2026-07-17\exchange=NSE\symbol=HCLTECH\part-092012_217674-045387.parquet,36260,downloaded,36260,
2026-07-17,NSE,HCLTECH,raw_l2/trade_date=2026-07-17/exchange=NSE/symbol=HCLTECH/part-092026_267237-045419.parquet,real_data_sample\l2_unseen_validation\trade_date=2026-07-17\exchange=NSE\symbol=HCLTECH\part-092026_267237-045419.parquet,36290,downloaded,36290,
2026-07-17,NSE,HCLTECH,raw_l2/trade_date=2026-07-17/exchange=NSE/symbol=HCLTECH/part-091929_304426-045291.parquet,real_data_sample\l2_unseen_validation\trade_date=2026-07-17\exchange=NSE\symbol=HCLTECH\part-091929_304426-045291.parquet,35763,downloaded,35763,
2026-07-17,NSE,HCLTECH,raw_l2/trade_date=2026-07-17/exchange=NSE/symbol=HCLTECH/part-092055_052850-045483.parquet,real_data_sample\l2_unseen_validation\trade_date=2026-07-17\exchange=NSE\symbol=HCLTECH\part-092055_052850-045483.parquet,36135,downloaded,36135,
2026-07-17,NSE,HCLTECH,raw_l2/trade_date=2026-07-17/exchange=NSE/symbol=HCLTECH/part-092109_528902-045515.parquet,real_data_sample\l2_unseen_validation\trade_date=2026-07-17\exchange=NSE\symbol=HCLTECH\part-092109_528902-045515.parquet,36420,downloaded,36420,
2026-07-17,NSE,HCLTECH,raw_l2/trade_date=2026-07-17/exchange=NSE/symbol=HCLTECH/part-091915_101927-045259.parquet,real_data_sample\l2_unseen_validation\trade_date=2026-07-17\exchange=NSE\symbol=HCLTECH\part-091915_101927-045259.parquet,36037,downloaded,36037,
2026-07-17,NSE,HCLTECH,raw_l2/trade_date=2026-07-17/exchange=NSE/symbol=HCLTECH/part-092123_826164-045547.parquet,real_data_sample\l2_unseen_validation\trade_date=2026-07-17\exchange=NSE\symbol=HCLTECH\part-092123_826164-045547.parquet,36474,downloaded,36474,
2026-07-17,NSE,HCLTECH,raw_l2/trade_date=2026-07-17/exchange=NSE/symbol=HCLTECH/part-085240_081650-041739.parquet,real_data_sample\l2_unseen_validation\trade_date=2026-07-17\exchange=NSE\symbol=HCLTECH\part-085240_081650-041739.parquet,34622,downloaded,34622,
2026-07-17,NSE,HCLTECH,raw_l2/trade_date=2026-07-17/exchange=NSE/symbol=HCLTECH/part-092138_157596-045579.parquet,real_data_sample\l2_unseen_validation\trade_date=2026-07-17\exchange=NSE\symbol=HCLTECH\part-092138_157596-045579.parquet,36104,downloaded,36104,
2026-07-17,NSE,HCLTECH,raw_l2/trade_date=2026-07-17/exchange=NSE/symbol=HCLTECH/part-092207_027713-045643.parquet,real_data_sample\l2_unseen_validation\trade_date=2026-07-17\exchange=NSE\symbol=HCLTECH\part-092207_027713-045643.parquet,36508,downloaded,36508,
2026-07-17,NSE,HCLTECH,raw_l2/trade_date=2026-07-17/exchange=NSE/symbol=HCLTECH/part-092250_026800-045739.parquet,real_data_sample\l2_unseen_validation\trade_date=2026-07-17\exchange=NSE\symbol=HCLTECH\part-092250_026800-045739.parquet,35811,downloaded,35811,
2026-07-17,NSE,HCLTECH,raw_l2/trade_date=2026-07-17/exchange=NSE/symbol=HCLTECH/part-092235_585096-045707.parquet,real_data_sample\l2_unseen_validation\trade_date=2026-07-17\exchange=NSE\symbol=HCLTECH\part-092235_585096-045707.parquet,36056,downloaded,36056,
2026-07-17,NSE,HCLTECH,raw_l2/trade_date=2026-07-17/exchange=NSE/symbol=HCLTECH/part-092152_852996-045611.parquet,real_data_sample\l2_unseen_validation\trade_date=2026-07-17\exchange=NSE\symbol=HCLTECH\part-092152_852996-045611.parquet,36651,downloaded,36651,
2026-07-17,NSE,HCLTECH,raw_l2/trade_date=2026-07-17/exchange=NSE/symbol=HCLTECH/part-092221_263846-045675.parquet,real_data_sample\l2_unseen_validation\trade_date=2026-07-17\exchange=NSE\symbol=HCLTECH\part-092221_263846-045675.parquet,36046,downloaded,36046,
2026-07-17,NSE,HCLTECH,raw_l2/trade_date=2026-07-17/exchange=NSE/symbol=HCLTECH/part-092304_318599-045771.parquet,real_data_sample\l2_unseen_validation\trade_date=2026-07-17\exchange=NSE\symbol=HCLTECH\part-092304_318599-045771.parquet,35800,downloaded,35800,
2026-07-17,NSE,HCLTECH,raw_l2/trade_date=2026-07-17/exchange=NSE/symbol=HCLTECH/part-092348_038167-045867.parquet,real_data_sample\l2_unseen_validation\trade_date=2026-07-17\exchange=NSE\symbol=HCLTECH\part-092348_038167-045867.parquet,34600,downloaded,34600,
2026-07-17,NSE,HCLTECH,raw_l2/trade_date=2026-07-17/exchange=NSE/symbol=HCLTECH/part-092319_050751-045803.parquet,real_data_sample\l2_unseen_validation\trade_date=2026-07-17\exchange=NSE\symbol=HCLTECH\part-092319_050751-045803.parquet,35188,downloaded,35188,
2026-07-17,NSE,HCLTECH,raw_l2/trade_date=2026-07-17/exchange=NSE/symbol=HCLTECH/part-092402_428391-045899.parquet,real_data_sample\l2_unseen_validation\trade_date=2026-07-17\exchange=NSE\symbol=HCLTECH\part-092402_428391-045899.parquet,34770,downloaded,34770,
2026-07-17,NSE,HCLTECH,raw_l2/trade_date=2026-07-17/exchange=NSE/symbol=HCLTECH/part-084916_973024-041291.parquet,real_data_sample\l2_unseen_validation\trade_date=2026-07-17\exchange=NSE\symbol=HCLTECH\part-084916_973024-041291.parquet,34664,downloaded,34664,
2026-07-17,NSE,HCLTECH,raw_l2/trade_date=2026-07-17/exchange=NSE/symbol=HCLTECH/part-092333_700498-045835.parquet,real_data_sample\l2_unseen_validation\trade_date=2026-07-17\exchange=NSE\symbol=HCLTECH\part-092333_700498-045835.parquet,34778,downloaded,34778,
2026-07-17,NSE,HCLTECH,raw_l2/trade_date=2026-07-17/exchange=NSE/symbol=HCLTECH/part-092417_108912-045931.parquet,real_data_sample\l2_unseen_validation\trade_date=2026-07-17\exchange=NSE\symbol=HCLTECH\part-092417_108912-045931.parquet,35072,downloaded,35072,
2026-07-17,NSE,HCLTECH,raw_l2/trade_date=2026-07-17/exchange=NSE/symbol=HCLTECH/part-092431_744755-045963.parquet,real_data_sample\l2_unseen_validation\trade_date=2026-07-17\exchange=NSE\symbol=HCLTECH\part-092431_744755-045963.parquet,36035,downloaded,36035,
2026-07-17,NSE,HCLTECH,raw_l2/trade_date=2026-07-17/exchange=NSE/symbol=HCLTECH/part-092500_534842-046027.parquet,real_data_sample\l2_unseen_validation\trade_date=2026-07-17\exchange=NSE\symbol=HCLTECH\part-092500_534842-046027.parquet,35340,downloaded,35340,
2026-07-17,NSE,HCLTECH,raw_l2/trade_date=2026-07-17/exchange=NSE/symbol=HCLTECH/part-092445_994320-045995.parquet,real_data_sample\l2_unseen_validation\trade_date=2026-07-17\exchange=NSE\symbol=HCLTECH\part-092445_994320-045995.parquet,35966,downloaded,35966,
2026-07-17,NSE,HCLTECH,raw_l2/trade_date=2026-07-17/exchange=NSE/symbol=HCLTECH/part-092544_394184-046123.parquet,real_data_sample\l2_unseen_validation\trade_date=2026-07-17\exchange=NSE\symbol=HCLTECH\part-092544_394184-046123.parquet,34487,downloaded,34487,
2026-07-17,NSE,HCLTECH,raw_l2/trade_date=2026-07-17/exchange=NSE/symbol=HCLTECH/part-092628_288487-046219.parquet,real_data_sample\l2_unseen_validation\trade_date=2026-07-17\exchange=NSE\symbol=HCLTECH\part-092628_288487-046219.parquet,34677,downloaded,34677,
2026-07-17,NSE,HCLTECH,raw_l2/trade_date=2026-07-17/exchange=NSE/symbol=HCLTECH/part-092529_814448-046091.parquet,real_data_sample\l2_unseen_validation\trade_date=2026-07-17\exchange=NSE\symbol=HCLTECH\part-092529_814448-046091.parquet,34636,downloaded,34636,
2026-07-17,NSE,HCLTECH,raw_l2/trade_date=2026-07-17/exchange=NSE/symbol=HCLTECH/part-092515_288454-046059.parquet,real_data_sample\l2_unseen_validation\trade_date=2026-07-17\exchange=NSE\symbol=HCLTECH\part-092515_288454-046059.parquet,35414,downloaded,35414,
2026-07-17,NSE,HCLTECH,raw_l2/trade_date=2026-07-17/exchange=NSE/symbol=HCLTECH/part-092657_752980-046283.parquet,real_data_sample\l2_unseen_validation\trade_date=2026-07-17\exchange=NSE\symbol=HCLTECH\part-092657_752980-046283.parquet,34503,downloaded,34503,
2026-07-17,NSE,HCLTECH,raw_l2/trade_date=2026-07-17/exchange=NSE/symbol=HCLTECH/part-092613_821581-046187.parquet,real_data_sample\l2_unseen_validation\trade_date=2026-07-17\exchange=NSE\symbol=HCLTECH\part-092613_821581-046187.parquet,34650,downloaded,34650,
2026-07-17,NSE,HCLTECH,raw_l2/trade_date=2026-07-17/exchange=NSE/symbol=HCLTECH/part-092712_097908-046315.parquet,real_data_sample\l2_unseen_validation\trade_date=2026-07-17\exchange=NSE\symbol=HCLTECH\part-092712_097908-046315.parquet,34783,downloaded,34783,
2026-07-17,NSE,HCLTECH,raw_l2/trade_date=2026-07-17/exchange=NSE/symbol=HCLTECH/part-092643_524312-046251.parquet,real_data_sample\l2_unseen_validation\trade_date=2026-07-17\exchange=NSE\symbol=HCLTECH\part-092643_524312-046251.parquet,34742,downloaded,34742,
2026-07-17,NSE,HCLTECH,raw_l2/trade_date=2026-07-17/exchange=NSE/symbol=HCLTECH/part-092559_108057-046155.parquet,real_data_sample\l2_unseen_validation\trade_date=2026-07-17\exchange=NSE\symbol=HCLTECH\part-092559_108057-046155.parquet,34560,downloaded,34560,
2026-07-17,NSE,HCLTECH,raw_l2/trade_date=2026-07-17/exchange=NSE/symbol=HCLTECH/part-092740_875897-046379.parquet,real_data_sample\l2_unseen_validation\trade_date=2026-07-17\exchange=NSE\symbol=HCLTECH\part-092740_875897-046379.parquet,34675,downloaded,34675,
2026-07-17,NSE,HCLTECH,raw_l2/trade_date=2026-07-17/exchange=NSE/symbol=HCLTECH/part-092809_659664-046443.parquet,real_data_sample\l2_unseen_validation\trade_date=2026-07-17\exchange=NSE\symbol=HCLTECH\part-092809_659664-046443.parquet,34662,downloaded,34662,
2026-07-17,NSE,HCLTECH,raw_l2/trade_date=2026-07-17/exchange=NSE/symbol=HCLTECH/part-092755_316535-046411.parquet,real_data_sample\l2_unseen_validation\trade_date=2026-07-17\exchange=NSE\symbol=HCLTECH\part-092755_316535-046411.parquet,34651,downloaded,34651,
2026-07-17,NSE,HCLTECH,raw_l2/trade_date=2026-07-17/exchange=NSE/symbol=HCLTECH/part-091330_088646-044491.parquet,real_data_sample\l2_unseen_validation\trade_date=2026-07-17\exchange=NSE\symbol=HCLTECH\part-091330_088646-044491.parquet,34705,downloaded,34705,
2026-07-17,NSE,HCLTECH,raw_l2/trade_date=2026-07-17/exchange=NSE/symbol=HCLTECH/part-092824_100613-046475.parquet,real_data_sample\l2_unseen_validation\trade_date=2026-07-17\exchange=NSE\symbol=HCLTECH\part-092824_100613-046475.parquet,34640,downloaded,34640,
2026-07-17,NSE,HCLTECH,raw_l2/trade_date=2026-07-17/exchange=NSE/symbol=HCLTECH/part-092838_640694-046507.parquet,real_data_sample\l2_unseen_validation\trade_date=2026-07-17\exchange=NSE\symbol=HCLTECH\part-092838_640694-046507.parquet,34387,downloaded,34387,
2026-07-17,NSE,HCLTECH,raw_l2/trade_date=2026-07-17/exchange=NSE/symbol=HCLTECH/part-092853_021127-046539.parquet,real_data_sample\l2_unseen_validation\trade_date=2026-07-17\exchange=NSE\symbol=HCLTECH\part-092853_021127-046539.parquet,34674,downloaded,34674,
2026-07-17,NSE,HCLTECH,raw_l2/trade_date=2026-07-17/exchange=NSE/symbol=HCLTECH/part-092951_571661-046667.parquet,real_data_sample\l2_unseen_validation\trade_date=2026-07-17\exchange=NSE\symbol=HCLTECH\part-092951_571661-046667.parquet,34653,downloaded,34653,
2026-07-17,NSE,HCLTECH,raw_l2/trade_date=2026-07-17/exchange=NSE/symbol=HCLTECH/part-093020_965823-046731.parquet,real_data_sample\l2_unseen_validation\trade_date=2026-07-17\exchange=NSE\symbol=HCLTECH\part-093020_965823-046731.parquet,34487,downloaded,34487,
2026-07-17,NSE,HCLTECH,raw_l2/trade_date=2026-07-17/exchange=NSE/symbol=HCLTECH/part-092922_357570-046603.parquet,real_data_sample\l2_unseen_validation\trade_date=2026-07-17\exchange=NSE\symbol=HCLTECH\part-092922_357570-046603.parquet,34652,downloaded,34652,
2026-07-17,NSE,HCLTECH,raw_l2/trade_date=2026-07-17/exchange=NSE/symbol=HCLTECH/part-093035_497231-046763.parquet,real_data_sample\l2_unseen_validation\trade_date=2026-07-17\exchange=NSE\symbol=HCLTECH\part-093035_497231-046763.parquet,34753,downloaded,34753,
2026-07-17,NSE,HCLTECH,raw_l2/trade_date=2026-07-17/exchange=NSE/symbol=HCLTECH/part-090722_016038-043691.parquet,real_data_sample\l2_unseen_validation\trade_date=2026-07-17\exchange=NSE\symbol=HCLTECH\part-090722_016038-043691.parquet,35711,downloaded,35711,
2026-07-17,NSE,HCLTECH,raw_l2/trade_date=2026-07-17/exchange=NSE/symbol=HCLTECH/part-092936_833190-046635.parquet,real_data_sample\l2_unseen_validation\trade_date=2026-07-17\exchange=NSE\symbol=HCLTECH\part-092936_833190-046635.parquet,34822,downloaded,34822,
2026-07-17,NSE,HCLTECH,raw_l2/trade_date=2026-07-17/exchange=NSE/symbol=HCLTECH/part-093049_882444-046795.parquet,real_data_sample\l2_unseen_validation\trade_date=2026-07-17\exchange=NSE\symbol=HCLTECH\part-093049_882444-046795.parquet,34436,downloaded,34436,
2026-07-17,NSE,HCLTECH,raw_l2/trade_date=2026-07-17/exchange=NSE/symbol=HCLTECH/part-093103_945581-046827.parquet,real_data_sample\l2_unseen_validation\trade_date=2026-07-17\exchange=NSE\symbol=HCLTECH\part-093103_945581-046827.parquet,34745,downloaded,34745,
2026-07-17,NSE,HCLTECH,raw_l2/trade_date=2026-07-17/exchange=NSE/symbol=HCLTECH/part-093006_164197-046699.parquet,real_data_sample\l2_unseen_validation\trade_date=2026-07-17\exchange=NSE\symbol=HCLTECH\part-093006_164197-046699.parquet,34667,downloaded,34667,
2026-07-17,NSE,HCLTECH,raw_l2/trade_date=2026-07-17/exchange=NSE/symbol=HCLTECH/part-092907_592669-046571.parquet,real_data_sample\l2_unseen_validation\trade_date=2026-07-17\exchange=NSE\symbol=HCLTECH\part-092907_592669-046571.parquet,34813,downloaded,34813,
2026-07-17,NSE,HCLTECH,raw_l2/trade_date=2026-07-17/exchange=NSE/symbol=HCLTECH/part-084303_292757-040459.parquet,real_data_sample\l2_unseen_validation\trade_date=2026-07-17\exchange=NSE\symbol=HCLTECH\part-084303_292757-040459.parquet,35006,downloaded,35006,
2026-07-17,NSE,HCLTECH,raw_l2/trade_date=2026-07-17/exchange=NSE/symbol=HCLTECH/part-093132_546136-046891.parquet,real_data_sample\l2_unseen_validation\trade_date=2026-07-17\exchange=NSE\symbol=HCLTECH\part-093132_546136-046891.parquet,36090,downloaded,36090,
2026-07-17,NSE,HCLTECH,raw_l2/trade_date=2026-07-17/exchange=NSE/symbol=HCLTECH/part-084556_267956-040843.parquet,real_data_sample\l2_unseen_validation\trade_date=2026-07-17\exchange=NSE\symbol=HCLTECH\part-084556_267956-040843.parquet,34770,downloaded,34770,
2026-07-17,NSE,HCLTECH,raw_l2/trade_date=2026-07-17/exchange=NSE/symbol=HCLTECH/part-093118_465864-046859.parquet,real_data_sample\l2_unseen_validation\trade_date=2026-07-17\exchange=NSE\symbol=HCLTECH\part-093118_465864-046859.parquet,35556,downloaded,35556,
2026-07-17,NSE,HCLTECH,raw_l2/trade_date=2026-07-17/exchange=NSE/symbol=HCLTECH/part-093201_514818-046955.parquet,real_data_sample\l2_unseen_validation\trade_date=2026-07-17\exchange=NSE\symbol=HCLTECH\part-093201_514818-046955.parquet,35797,downloaded,35797,
2026-07-17,NSE,HCLTECH,raw_l2/trade_date=2026-07-17/exchange=NSE/symbol=HCLTECH/part-090750_545681-043755.parquet,real_data_sample\l2_unseen_validation\trade_date=2026-07-17\exchange=NSE\symbol=HCLTECH\part-090750_545681-043755.parquet,35923,downloaded,35923,
2026-07-17,NSE,HCLTECH,raw_l2/trade_date=2026-07-17/exchange=NSE/symbol=HCLTECH/part-093215_448525-046987.parquet,real_data_sample\l2_unseen_validation\trade_date=2026-07-17\exchange=NSE\symbol=HCLTECH\part-093215_448525-046987.parquet,35194,downloaded,35194,
2026-07-17,NSE,HCLTECH,raw_l2/trade_date=2026-07-17/exchange=NSE/symbol=HCLTECH/part-093146_997554-046923.parquet,real_data_sample\l2_unseen_validation\trade_date=2026-07-17\exchange=NSE\symbol=HCLTECH\part-093146_997554-046923.parquet,35939,downloaded,35939,
2026-07-17,NSE,HCLTECH,raw_l2/trade_date=2026-07-17/exchange=NSE/symbol=HCLTECH/part-090736_265171-043723.parquet,real_data_sample\l2_unseen_validation\trade_date=2026-07-17\exchange=NSE\symbol=HCLTECH\part-090736_265171-043723.parquet,35699,downloaded,35699,
2026-07-17,NSE,HCLTECH,raw_l2/trade_date=2026-07-17/exchange=NSE/symbol=HCLTECH/part-093229_468515-047019.parquet,real_data_sample\l2_unseen_validation\trade_date=2026-07-17\exchange=NSE\symbol=HCLTECH\part-093229_468515-047019.parquet,34659,downloaded,34659,
2026-07-17,NSE,HCLTECH,raw_l2/trade_date=2026-07-17/exchange=NSE/symbol=HCLTECH/part-091231_586607-044363.parquet,real_data_sample\l2_unseen_validation\trade_date=2026-07-17\exchange=NSE\symbol=HCLTECH\part-091231_586607-044363.parquet,35908,downloaded,35908,
2026-07-17,NSE,HCLTECH,raw_l2/trade_date=2026-07-17/exchange=NSE/symbol=HCLTECH/part-092726_318363-046347.parquet,real_data_sample\l2_unseen_validation\trade_date=2026-07-17\exchange=NSE\symbol=HCLTECH\part-092726_318363-046347.parquet,34709,downloaded,34709,
2026-07-17,NSE,HCLTECH,raw_l2/trade_date=2026-07-17/exchange=NSE/symbol=HCLTECH/part-093257_931482-047083.parquet,real_data_sample\l2_unseen_validation\trade_date=2026-07-17\exchange=NSE\symbol=HCLTECH\part-093257_931482-047083.parquet,34686,downloaded,34686,
2026-07-17,NSE,HCLTECH,raw_l2/trade_date=2026-07-17/exchange=NSE/symbol=HCLTECH/part-093519_738601-047403.parquet,real_data_sample\l2_unseen_validation\trade_date=2026-07-17\exchange=NSE\symbol=HCLTECH\part-093519_738601-047403.parquet,35521,downloaded,35521,
2026-07-17,NSE,HCLTECH,raw_l2/trade_date=2026-07-17/exchange=NSE/symbol=HCLTECH/part-085210_855618-041675.parquet,real_data_sample\l2_unseen_validation\trade_date=2026-07-17\exchange=NSE\symbol=HCLTECH\part-085210_855618-041675.parquet,34654,downloaded,34654,
2026-07-17,NSE,HCLTECH,raw_l2/trade_date=2026-07-17/exchange=NSE/symbol=HCLTECH/part-093617_224433-047531.parquet,real_data_sample\l2_unseen_validation\trade_date=2026-07-17\exchange=NSE\symbol=HCLTECH\part-093617_224433-047531.parquet,35200,downloaded,35200,
2026-07-17,NSE,HCLTECH,raw_l2/trade_date=2026-07-17/exchange=NSE/symbol=HCLTECH/part-093436_765579-047307.parquet,real_data_sample\l2_unseen_validation\trade_date=2026-07-17\exchange=NSE\symbol=HCLTECH\part-093436_765579-047307.parquet,34409,downloaded,34409,
2026-07-17,NSE,HCLTECH,raw_l2/trade_date=2026-07-17/exchange=NSE/symbol=HCLTECH/part-093645_674722-047595.parquet,real_data_sample\l2_unseen_validation\trade_date=2026-07-17\exchange=NSE\symbol=HCLTECH\part-093645_674722-047595.parquet,34608,downloaded,34608,
2026-07-17,NSE,HCLTECH,raw_l2/trade_date=2026-07-17/exchange=NSE/symbol=HCLTECH/part-093659_666969-047627.parquet,real_data_sample\l2_unseen_validation\trade_date=2026-07-17\exchange=NSE\symbol=HCLTECH\part-093659_666969-047627.parquet,34379,downloaded,34379,
2026-07-17,NSE,HCLTECH,raw_l2/trade_date=2026-07-17/exchange=NSE/symbol=HCLTECH/part-093631_473047-047563.parquet,real_data_sample\l2_unseen_validation\trade_date=2026-07-17\exchange=NSE\symbol=HCLTECH\part-093631_473047-047563.parquet,34597,downloaded,34597,
2026-07-17,NSE,HCLTECH,raw_l2/trade_date=2026-07-17/exchange=NSE/symbol=HCLTECH/part-093422_730502-047275.parquet,real_data_sample\l2_unseen_validation\trade_date=2026-07-17\exchange=NSE\symbol=HCLTECH\part-093422_730502-047275.parquet,34576,downloaded,34576,
2026-07-17,NSE,HCLTECH,raw_l2/trade_date=2026-07-17/exchange=NSE/symbol=HCLTECH/part-093713_745531-047659.parquet,real_data_sample\l2_unseen_validation\trade_date=2026-07-17\exchange=NSE\symbol=HCLTECH\part-093713_745531-047659.parquet,34369,downloaded,34369,
2026-07-17,NSE,HCLTECH,raw_l2/trade_date=2026-07-17/exchange=NSE/symbol=HCLTECH/part-091637_526477-044907.parquet,real_data_sample\l2_unseen_validation\trade_date=2026-07-17\exchange=NSE\symbol=HCLTECH\part-091637_526477-044907.parquet,34741,downloaded,34741,
2026-07-17,NSE,HCLTECH,raw_l2/trade_date=2026-07-17/exchange=NSE/symbol=HCLTECH/part-091651_754501-044939.parquet,real_data_sample\l2_unseen_validation\trade_date=2026-07-17\exchange=NSE\symbol=HCLTECH\part-091651_754501-044939.parquet,34573,downloaded,34573,
2026-07-17,NSE,HCLTECH,raw_l2/trade_date=2026-07-17/exchange=NSE/symbol=HCLTECH/part-093906_828671-047915.parquet,real_data_sample\l2_unseen_validation\trade_date=2026-07-17\exchange=NSE\symbol=HCLTECH\part-093906_828671-047915.parquet,34661,downloaded,34661,
2026-07-17,NSE,HCLTECH,raw_l2/trade_date=2026-07-17/exchange=NSE/symbol=HCLTECH/part-093935_729027-047979.parquet,real_data_sample\l2_unseen_validation\trade_date=2026-07-17\exchange=NSE\symbol=HCLTECH\part-093935_729027-047979.parquet,34656,downloaded,34656,
2026-07-17,NSE,HCLTECH,raw_l2/trade_date=2026-07-17/exchange=NSE/symbol=HCLTECH/part-093921_356022-047947.parquet,real_data_sample\l2_unseen_validation\trade_date=2026-07-17\exchange=NSE\symbol=HCLTECH\part-093921_356022-047947.parquet,34477,downloaded,34477,
2026-07-17,NSE,HCLTECH,raw_l2/trade_date=2026-07-17/exchange=NSE/symbol=HCLTECH/part-093838_258155-047851.parquet,real_data_sample\l2_unseen_validation\trade_date=2026-07-17\exchange=NSE\symbol=HCLTECH\part-093838_258155-047851.parquet,34623,downloaded,34623,
2026-07-17,NSE,HCLTECH,raw_l2/trade_date=2026-07-17/exchange=NSE/symbol=HCLTECH/part-093727_617006-047691.parquet,real_data_sample\l2_unseen_validation\trade_date=2026-07-17\exchange=NSE\symbol=HCLTECH\part-093727_617006-047691.parquet,34683,downloaded,34683,
2026-07-17,NSE,HCLTECH,raw_l2/trade_date=2026-07-17/exchange=NSE/symbol=HCLTECH/part-093809_910555-047787.parquet,real_data_sample\l2_unseen_validation\trade_date=2026-07-17\exchange=NSE\symbol=HCLTECH\part-093809_910555-047787.parquet,34649,downloaded,34649,
2026-07-17,NSE,HCLTECH,raw_l2/trade_date=2026-07-17/exchange=NSE/symbol=HCLTECH/part-093741_648438-047723.parquet,real_data_sample\l2_unseen_validation\trade_date=2026-07-17\exchange=NSE\symbol=HCLTECH\part-093741_648438-047723.parquet,34653,downloaded,34653,
2026-07-17,NSE,HCLTECH,raw_l2/trade_date=2026-07-17/exchange=NSE/symbol=HCLTECH/part-093852_428269-047883.parquet,real_data_sample\l2_unseen_validation\trade_date=2026-07-17\exchange=NSE\symbol=HCLTECH\part-093852_428269-047883.parquet,34564,downloaded,34564,
2026-07-17,NSE,HCLTECH,raw_l2/trade_date=2026-07-17/exchange=NSE/symbol=HCLTECH/part-093755_727886-047755.parquet,real_data_sample\l2_unseen_validation\trade_date=2026-07-17\exchange=NSE\symbol=HCLTECH\part-093755_727886-047755.parquet,34434,downloaded,34434,
2026-07-17,NSE,HCLTECH,raw_l2/trade_date=2026-07-17/exchange=NSE/symbol=HCLTECH/part-094004_416457-048043.parquet,real_data_sample\l2_unseen_validation\trade_date=2026-07-17\exchange=NSE\symbol=HCLTECH\part-094004_416457-048043.parquet,34636,downloaded,34636,
2026-07-17,NSE,HCLTECH,raw_l2/trade_date=2026-07-17/exchange=NSE/symbol=HCLTECH/part-093950_066737-048011.parquet,real_data_sample\l2_unseen_validation\trade_date=2026-07-17\exchange=NSE\symbol=HCLTECH\part-093950_066737-048011.parquet,34633,downloaded,34633,
2026-07-17,NSE,HCLTECH,raw_l2/trade_date=2026-07-17/exchange=NSE/symbol=HCLTECH/part-094018_697849-048075.parquet,real_data_sample\l2_unseen_validation\trade_date=2026-07-17\exchange=NSE\symbol=HCLTECH\part-094018_697849-048075.parquet,34423,downloaded,34423,
2026-07-17,NSE,HCLTECH,raw_l2/trade_date=2026-07-17/exchange=NSE/symbol=HCLTECH/part-094047_297223-048139.parquet,real_data_sample\l2_unseen_validation\trade_date=2026-07-17\exchange=NSE\symbol=HCLTECH\part-094047_297223-048139.parquet,34505,downloaded,34505,
2026-07-17,NSE,HCLTECH,raw_l2/trade_date=2026-07-17/exchange=NSE/symbol=HCLTECH/part-093824_026698-047819.parquet,real_data_sample\l2_unseen_validation\trade_date=2026-07-17\exchange=NSE\symbol=HCLTECH\part-093824_026698-047819.parquet,34699,downloaded,34699,
2026-07-17,NSE,HCLTECH,raw_l2/trade_date=2026-07-17/exchange=NSE/symbol=HCLTECH/part-091427_818335-044619.parquet,real_data_sample\l2_unseen_validation\trade_date=2026-07-17\exchange=NSE\symbol=HCLTECH\part-091427_818335-044619.parquet,34792,downloaded,34792,
2026-07-17,NSE,HCLTECH,raw_l2/trade_date=2026-07-17/exchange=NSE/symbol=HCLTECH/part-094144_973297-048267.parquet,real_data_sample\l2_unseen_validation\trade_date=2026-07-17\exchange=NSE\symbol=HCLTECH\part-094144_973297-048267.parquet,34618,downloaded,34618,
2026-07-17,NSE,HCLTECH,raw_l2/trade_date=2026-07-17/exchange=NSE/symbol=HCLTECH/part-094159_344368-048299.parquet,real_data_sample\l2_unseen_validation\trade_date=2026-07-17\exchange=NSE\symbol=HCLTECH\part-094159_344368-048299.parquet,34323,downloaded,34323,
2026-07-17,NSE,HCLTECH,raw_l2/trade_date=2026-07-17/exchange=NSE/symbol=HCLTECH/part-094033_069025-048107.parquet,real_data_sample\l2_unseen_validation\trade_date=2026-07-17\exchange=NSE\symbol=HCLTECH\part-094033_069025-048107.parquet,34410,downloaded,34410,
2026-07-17,NSE,HCLTECH,raw_l2/trade_date=2026-07-17/exchange=NSE/symbol=HCLTECH/part-094256_740126-048427.parquet,real_data_sample\l2_unseen_validation\trade_date=2026-07-17\exchange=NSE\symbol=HCLTECH\part-094256_740126-048427.parquet,34689,downloaded,34689,
2026-07-17,NSE,HCLTECH,raw_l2/trade_date=2026-07-17/exchange=NSE/symbol=HCLTECH/part-094101_698302-048171.parquet,real_data_sample\l2_unseen_validation\trade_date=2026-07-17\exchange=NSE\symbol=HCLTECH\part-094101_698302-048171.parquet,34498,downloaded,34498,
2026-07-17,NSE,HCLTECH,raw_l2/trade_date=2026-07-17/exchange=NSE/symbol=HCLTECH/part-094116_100016-048203.parquet,real_data_sample\l2_unseen_validation\trade_date=2026-07-17\exchange=NSE\symbol=HCLTECH\part-094116_100016-048203.parquet,34398,downloaded,34398,
2026-07-17,NSE,HCLTECH,raw_l2/trade_date=2026-07-17/exchange=NSE/symbol=HCLTECH/part-094130_467486-048235.parquet,real_data_sample\l2_unseen_validation\trade_date=2026-07-17\exchange=NSE\symbol=HCLTECH\part-094130_467486-048235.parquet,34555,downloaded,34555,
2026-07-17,NSE,HCLTECH,raw_l2/trade_date=2026-07-17/exchange=NSE/symbol=HCLTECH/part-093534_065445-047435.parquet,real_data_sample\l2_unseen_validation\trade_date=2026-07-17\exchange=NSE\symbol=HCLTECH\part-093534_065445-047435.parquet,35866,downloaded,35866,
2026-07-17,NSE,HCLTECH,raw_l2/trade_date=2026-07-17/exchange=NSE/symbol=HCLTECH/part-094213_741642-048331.parquet,real_data_sample\l2_unseen_validation\trade_date=2026-07-17\exchange=NSE\symbol=HCLTECH\part-094213_741642-048331.parquet,34530,downloaded,34530,
2026-07-17,NSE,HCLTECH,raw_l2/trade_date=2026-07-17/exchange=NSE/symbol=HCLTECH/part-091539_632794-044779.parquet,real_data_sample\l2_unseen_validation\trade_date=2026-07-17\exchange=NSE\symbol=HCLTECH\part-091539_632794-044779.parquet,34701,downloaded,34701,
2026-07-17,NSE,HCLTECH,raw_l2/trade_date=2026-07-17/exchange=NSE/symbol=HCLTECH/part-094242_469383-048395.parquet,real_data_sample\l2_unseen_validation\trade_date=2026-07-17\exchange=NSE\symbol=HCLTECH\part-094242_469383-048395.parquet,34668,downloaded,34668,
2026-07-17,NSE,HCLTECH,raw_l2/trade_date=2026-07-17/exchange=NSE/symbol=HCLTECH/part-094310_730417-048459.parquet,real_data_sample\l2_unseen_validation\trade_date=2026-07-17\exchange=NSE\symbol=HCLTECH\part-094310_730417-048459.parquet,34497,downloaded,34497,
2026-07-17,NSE,HCLTECH,raw_l2/trade_date=2026-07-17/exchange=NSE/symbol=HCLTECH/part-094228_204910-048363.parquet,real_data_sample\l2_unseen_validation\trade_date=2026-07-17\exchange=NSE\symbol=HCLTECH\part-094228_204910-048363.parquet,34583,downloaded,34583,
2026-07-17,NSE,HCLTECH,raw_l2/trade_date=2026-07-17/exchange=NSE/symbol=HCLTECH/part-091511_101355-044715.parquet,real_data_sample\l2_unseen_validation\trade_date=2026-07-17\exchange=NSE\symbol=HCLTECH\part-091511_101355-044715.parquet,34713,downloaded,34713,
2026-07-17,NSE,HCLTECH,raw_l2/trade_date=2026-07-17/exchange=NSE/symbol=HCLTECH/part-091554_092097-044811.parquet,real_data_sample\l2_unseen_validation\trade_date=2026-07-17\exchange=NSE\symbol=HCLTECH\part-091554_092097-044811.parquet,34789,downloaded,34789,
2026-07-17,NSE,HCLTECH,raw_l2/trade_date=2026-07-17/exchange=NSE/symbol=HCLTECH/part-091706_049371-044971.parquet,real_data_sample\l2_unseen_validation\trade_date=2026-07-17\exchange=NSE\symbol=HCLTECH\part-091706_049371-044971.parquet,34769,downloaded,34769,
2026-07-17,NSE,HCLTECH,raw_l2/trade_date=2026-07-17/exchange=NSE/symbol=HCLTECH/part-094325_065909-048491.parquet,real_data_sample\l2_unseen_validation\trade_date=2026-07-17\exchange=NSE\symbol=HCLTECH\part-094325_065909-048491.parquet,34475,downloaded,34475,
2026-07-17,NSE,HCLTECH,raw_l2/trade_date=2026-07-17/exchange=NSE/symbol=HCLTECH/part-094422_453795-048619.parquet,real_data_sample\l2_unseen_validation\trade_date=2026-07-17\exchange=NSE\symbol=HCLTECH\part-094422_453795-048619.parquet,34566,downloaded,34566,
2026-07-17,NSE,HCLTECH,raw_l2/trade_date=2026-07-17/exchange=NSE/symbol=HCLTECH/part-094519_705272-048747.parquet,real_data_sample\l2_unseen_validation\trade_date=2026-07-17\exchange=NSE\symbol=HCLTECH\part-094519_705272-048747.parquet,34475,downloaded,34475,
2026-07-17,NSE,HCLTECH,raw_l2/trade_date=2026-07-17/exchange=NSE/symbol=HCLTECH/part-094505_463724-048715.parquet,real_data_sample\l2_unseen_validation\trade_date=2026-07-17\exchange=NSE\symbol=HCLTECH\part-094505_463724-048715.parquet,34350,downloaded,34350,
2026-07-17,NSE,HCLTECH,raw_l2/trade_date=2026-07-17/exchange=NSE/symbol=HCLTECH/part-094436_853469-048651.parquet,real_data_sample\l2_unseen_validation\trade_date=2026-07-17\exchange=NSE\symbol=HCLTECH\part-094436_853469-048651.parquet,34687,downloaded,34687,
2026-07-17,NSE,HCLTECH,raw_l2/trade_date=2026-07-17/exchange=NSE/symbol=HCLTECH/part-094451_264396-048683.parquet,real_data_sample\l2_unseen_validation\trade_date=2026-07-17\exchange=NSE\symbol=HCLTECH\part-094451_264396-048683.parquet,34599,downloaded,34599,
2026-07-17,NSE,HCLTECH,raw_l2/trade_date=2026-07-17/exchange=NSE/symbol=HCLTECH/part-093602_756922-047499.parquet,real_data_sample\l2_unseen_validation\trade_date=2026-07-17\exchange=NSE\symbol=HCLTECH\part-093602_756922-047499.parquet,35843,downloaded,35843,
2026-07-17,NSE,HCLTECH,raw_l2/trade_date=2026-07-17/exchange=NSE/symbol=HCLTECH/part-094659_247479-048971.parquet,real_data_sample\l2_unseen_validation\trade_date=2026-07-17\exchange=NSE\symbol=HCLTECH\part-094659_247479-048971.parquet,34480,downloaded,34480,
2026-07-17,NSE,HCLTECH,raw_l2/trade_date=2026-07-17/exchange=NSE/symbol=HCLTECH/part-094408_273687-048587.parquet,real_data_sample\l2_unseen_validation\trade_date=2026-07-17\exchange=NSE\symbol=HCLTECH\part-094408_273687-048587.parquet,34611,downloaded,34611,
2026-07-17,NSE,HCLTECH,raw_l2/trade_date=2026-07-17/exchange=NSE/symbol=HCLTECH/part-094645_212251-048939.parquet,real_data_sample\l2_unseen_validation\trade_date=2026-07-17\exchange=NSE\symbol=HCLTECH\part-094645_212251-048939.parquet,34449,downloaded,34449,
2026-07-17,NSE,HCLTECH,raw_l2/trade_date=2026-07-17/exchange=NSE/symbol=HCLTECH/part-094548_045338-048811.parquet,real_data_sample\l2_unseen_validation\trade_date=2026-07-17\exchange=NSE\symbol=HCLTECH\part-094548_045338-048811.parquet,34448,downloaded,34448,
2026-07-17,NSE,HCLTECH,raw_l2/trade_date=2026-07-17/exchange=NSE/symbol=HCLTECH/part-094339_288586-048523.parquet,real_data_sample\l2_unseen_validation\trade_date=2026-07-17\exchange=NSE\symbol=HCLTECH\part-094339_288586-048523.parquet,34453,downloaded,34453,
2026-07-17,NSE,HCLTECH,raw_l2/trade_date=2026-07-17/exchange=NSE/symbol=HCLTECH/part-094631_197687-048907.parquet,real_data_sample\l2_unseen_validation\trade_date=2026-07-17\exchange=NSE\symbol=HCLTECH\part-094631_197687-048907.parquet,34329,downloaded,34329,
2026-07-17,NSE,HCLTECH,raw_l2/trade_date=2026-07-17/exchange=NSE/symbol=HCLTECH/part-094616_866939-048875.parquet,real_data_sample\l2_unseen_validation\trade_date=2026-07-17\exchange=NSE\symbol=HCLTECH\part-094616_866939-048875.parquet,34415,downloaded,34415,
2026-07-17,NSE,HCLTECH,raw_l2/trade_date=2026-07-17/exchange=NSE/symbol=HCLTECH/part-094353_832891-048555.parquet,real_data_sample\l2_unseen_validation\trade_date=2026-07-17\exchange=NSE\symbol=HCLTECH\part-094353_832891-048555.parquet,34451,downloaded,34451,
2026-07-17,NSE,HCLTECH,raw_l2/trade_date=2026-07-17/exchange=NSE/symbol=HCLTECH/part-094602_534509-048843.parquet,real_data_sample\l2_unseen_validation\trade_date=2026-07-17\exchange=NSE\symbol=HCLTECH\part-094602_534509-048843.parquet,34647,downloaded,34647,
2026-07-17,NSE,HCLTECH,raw_l2/trade_date=2026-07-17/exchange=NSE/symbol=HCLTECH/part-094713_517477-049003.parquet,real_data_sample\l2_unseen_validation\trade_date=2026-07-17\exchange=NSE\symbol=HCLTECH\part-094713_517477-049003.parquet,34446,downloaded,34446,
2026-07-17,NSE,HCLTECH,raw_l2/trade_date=2026-07-17/exchange=NSE/symbol=HCLTECH/part-094727_727042-049035.parquet,real_data_sample\l2_unseen_validation\trade_date=2026-07-17\exchange=NSE\symbol=HCLTECH\part-094727_727042-049035.parquet,34488,downloaded,34488,
2026-07-17,NSE,HCLTECH,raw_l2/trade_date=2026-07-17/exchange=NSE/symbol=HCLTECH/part-094533_719564-048779.parquet,real_data_sample\l2_unseen_validation\trade_date=2026-07-17\exchange=NSE\symbol=HCLTECH\part-094533_719564-048779.parquet,34445,downloaded,34445,
2026-07-17,NSE,HCLTECH,raw_l2/trade_date=2026-07-17/exchange=NSE/symbol=HCLTECH/part-094810_714364-049131.parquet,real_data_sample\l2_unseen_validation\trade_date=2026-07-17\exchange=NSE\symbol=HCLTECH\part-094810_714364-049131.parquet,34708,downloaded,34708,
2026-07-17,NSE,HCLTECH,raw_l2/trade_date=2026-07-17/exchange=NSE/symbol=HCLTECH/part-095240_255610-049739.parquet,real_data_sample\l2_unseen_validation\trade_date=2026-07-17\exchange=NSE\symbol=HCLTECH\part-095240_255610-049739.parquet,34474,downloaded,34474,
2026-07-17,NSE,HCLTECH,raw_l2/trade_date=2026-07-17/exchange=NSE/symbol=HCLTECH/part-095101_492180-049515.parquet,real_data_sample\l2_unseen_validation\trade_date=2026-07-17\exchange=NSE\symbol=HCLTECH\part-095101_492180-049515.parquet,34416,downloaded,34416,
2026-07-17,NSE,HCLTECH,raw_l2/trade_date=2026-07-17/exchange=NSE/symbol=HCLTECH/part-095143_730313-049611.parquet,real_data_sample\l2_unseen_validation\trade_date=2026-07-17\exchange=NSE\symbol=HCLTECH\part-095143_730313-049611.parquet,34553,downloaded,34553,
2026-07-17,NSE,HCLTECH,raw_l2/trade_date=2026-07-17/exchange=NSE/symbol=HCLTECH/part-095212_119652-049675.parquet,real_data_sample\l2_unseen_validation\trade_date=2026-07-17\exchange=NSE\symbol=HCLTECH\part-095212_119652-049675.parquet,34428,downloaded,34428,
2026-07-17,NSE,HCLTECH,raw_l2/trade_date=2026-07-17/exchange=NSE/symbol=HCLTECH/part-095254_208928-049771.parquet,real_data_sample\l2_unseen_validation\trade_date=2026-07-17\exchange=NSE\symbol=HCLTECH\part-095254_208928-049771.parquet,34151,downloaded,34151,
2026-07-17,NSE,HCLTECH,raw_l2/trade_date=2026-07-17/exchange=NSE/symbol=HCLTECH/part-094756_477608-049099.parquet,real_data_sample\l2_unseen_validation\trade_date=2026-07-17\exchange=NSE\symbol=HCLTECH\part-094756_477608-049099.parquet,34454,downloaded,34454,
2026-07-17,NSE,HCLTECH,raw_l2/trade_date=2026-07-17/exchange=NSE/symbol=HCLTECH/part-095337_006230-049867.parquet,real_data_sample\l2_unseen_validation\trade_date=2026-07-17\exchange=NSE\symbol=HCLTECH\part-095337_006230-049867.parquet,34395,downloaded,34395,
2026-07-17,NSE,HCLTECH,raw_l2/trade_date=2026-07-17/exchange=NSE/symbol=HCLTECH/part-095308_267967-049803.parquet,real_data_sample\l2_unseen_validation\trade_date=2026-07-17\exchange=NSE\symbol=HCLTECH\part-095308_267967-049803.parquet,34470,downloaded,34470,
2026-07-17,NSE,HCLTECH,raw_l2/trade_date=2026-07-17/exchange=NSE/symbol=HCLTECH/part-095322_505869-049835.parquet,real_data_sample\l2_unseen_validation\trade_date=2026-07-17\exchange=NSE\symbol=HCLTECH\part-095322_505869-049835.parquet,34409,downloaded,34409,
2026-07-17,NSE,HCLTECH,raw_l2/trade_date=2026-07-17/exchange=NSE/symbol=HCLTECH/part-095351_327979-049899.parquet,real_data_sample\l2_unseen_validation\trade_date=2026-07-17\exchange=NSE\symbol=HCLTECH\part-095351_327979-049899.parquet,34658,downloaded,34658,
2026-07-17,NSE,HCLTECH,raw_l2/trade_date=2026-07-17/exchange=NSE/symbol=HCLTECH/part-095405_750686-049931.parquet,real_data_sample\l2_unseen_validation\trade_date=2026-07-17\exchange=NSE\symbol=HCLTECH\part-095405_750686-049931.parquet,34445,downloaded,34445,
2026-07-17,NSE,HCLTECH,raw_l2/trade_date=2026-07-17/exchange=NSE/symbol=HCLTECH/part-093548_286773-047467.parquet,real_data_sample\l2_unseen_validation\trade_date=2026-07-17\exchange=NSE\symbol=HCLTECH\part-093548_286773-047467.parquet,35789,downloaded,35789,
2026-07-17,NSE,HCLTECH,raw_l2/trade_date=2026-07-17/exchange=NSE/symbol=HCLTECH/part-093340_488954-047179.parquet,real_data_sample\l2_unseen_validation\trade_date=2026-07-17\exchange=NSE\symbol=HCLTECH\part-093340_488954-047179.parquet,35943,downloaded,35943,
2026-07-17,NSE,HCLTECH,raw_l2/trade_date=2026-07-17/exchange=NSE/symbol=HCLTECH/part-093450_996153-047339.parquet,real_data_sample\l2_unseen_validation\trade_date=2026-07-17\exchange=NSE\symbol=HCLTECH\part-093450_996153-047339.parquet,34822,downloaded,34822,
2026-07-17,NSE,HCLTECH,raw_l2/trade_date=2026-07-17/exchange=NSE/symbol=HCLTECH/part-093243_926011-047051.parquet,real_data_sample\l2_unseen_validation\trade_date=2026-07-17\exchange=NSE\symbol=HCLTECH\part-093243_926011-047051.parquet,34432,downloaded,34432,
2026-07-17,NSE,HCLTECH,raw_l2/trade_date=2026-07-17/exchange=NSE/symbol=HCLTECH/part-091456_600377-044683.parquet,real_data_sample\l2_unseen_validation\trade_date=2026-07-17\exchange=NSE\symbol=HCLTECH\part-091456_600377-044683.parquet,34736,downloaded,34736,
2026-07-17,NSE,HCLTECH,raw_l2/trade_date=2026-07-17/exchange=NSE/symbol=HCLTECH/part-093408_690789-047243.parquet,real_data_sample\l2_unseen_validation\trade_date=2026-07-17\exchange=NSE\symbol=HCLTECH\part-093408_690789-047243.parquet,35299,downloaded,35299,
2026-07-17,NSE,HCLTECH,raw_l2/trade_date=2026-07-17/exchange=NSE/symbol=HCLTECH/part-095420_274264-049963.parquet,real_data_sample\l2_unseen_validation\trade_date=2026-07-17\exchange=NSE\symbol=HCLTECH\part-095420_274264-049963.parquet,34419,downloaded,34419,
2026-07-17,NSE,HCLTECH,raw_l2/trade_date=2026-07-17/exchange=NSE/symbol=HCLTECH/part-095448_506905-050027.parquet,real_data_sample\l2_unseen_validation\trade_date=2026-07-17\exchange=NSE\symbol=HCLTECH\part-095448_506905-050027.parquet,34644,downloaded,34644,
2026-07-17,NSE,HCLTECH,raw_l2/trade_date=2026-07-17/exchange=NSE/symbol=HCLTECH/part-095434_239489-049995.parquet,real_data_sample\l2_unseen_validation\trade_date=2026-07-17\exchange=NSE\symbol=HCLTECH\part-095434_239489-049995.parquet,34444,downloaded,34444,
2026-07-17,NSE,HCLTECH,raw_l2/trade_date=2026-07-17/exchange=NSE/symbol=HCLTECH/part-091442_305174-044651.parquet,real_data_sample\l2_unseen_validation\trade_date=2026-07-17\exchange=NSE\symbol=HCLTECH\part-091442_305174-044651.parquet,34676,downloaded,34676,
2026-07-17,NSE,HCLTECH,raw_l2/trade_date=2026-07-17/exchange=NSE/symbol=HCLTECH/part-095502_730345-050059.parquet,real_data_sample\l2_unseen_validation\trade_date=2026-07-17\exchange=NSE\symbol=HCLTECH\part-095502_730345-050059.parquet,34465,downloaded,34465,
2026-07-17,NSE,HCLTECH,raw_l2/trade_date=2026-07-17/exchange=NSE/symbol=HCLTECH/part-094742_005106-049067.parquet,real_data_sample\l2_unseen_validation\trade_date=2026-07-17\exchange=NSE\symbol=HCLTECH\part-094742_005106-049067.parquet,34415,downloaded,34415,
2026-07-17,NSE,HCLTECH,raw_l2/trade_date=2026-07-17/exchange=NSE/symbol=HCLTECH/part-095516_746169-050091.parquet,real_data_sample\l2_unseen_validation\trade_date=2026-07-17\exchange=NSE\symbol=HCLTECH\part-095516_746169-050091.parquet,34453,downloaded,34453,
2026-07-17,NSE,HCLTECH,raw_l2/trade_date=2026-07-17/exchange=NSE/symbol=HCLTECH/part-095531_038726-050123.parquet,real_data_sample\l2_unseen_validation\trade_date=2026-07-17\exchange=NSE\symbol=HCLTECH\part-095531_038726-050123.parquet,34489,downloaded,34489,
2026-07-17,NSE,HCLTECH,raw_l2/trade_date=2026-07-17/exchange=NSE/symbol=HCLTECH/part-095545_676873-050155.parquet,real_data_sample\l2_unseen_validation\trade_date=2026-07-17\exchange=NSE\symbol=HCLTECH\part-095545_676873-050155.parquet,34640,downloaded,34640,
2026-07-17,NSE,HCLTECH,raw_l2/trade_date=2026-07-17/exchange=NSE/symbol=HCLTECH/part-095614_820950-050219.parquet,real_data_sample\l2_unseen_validation\trade_date=2026-07-17\exchange=NSE\symbol=HCLTECH\part-095614_820950-050219.parquet,35139,downloaded,35139,
2026-07-17,NSE,HCLTECH,raw_l2/trade_date=2026-07-17/exchange=NSE/symbol=HCLTECH/part-095600_303849-050187.parquet,real_data_sample\l2_unseen_validation\trade_date=2026-07-17\exchange=NSE\symbol=HCLTECH\part-095600_303849-050187.parquet,34468,downloaded,34468,
2026-07-17,NSE,HCLTECH,raw_l2/trade_date=2026-07-17/exchange=NSE/symbol=HCLTECH/part-095643_567514-050283.parquet,real_data_sample\l2_unseen_validation\trade_date=2026-07-17\exchange=NSE\symbol=HCLTECH\part-095643_567514-050283.parquet,35895,downloaded,35895,
2026-07-17,NSE,HCLTECH,raw_l2/trade_date=2026-07-17/exchange=NSE/symbol=HCLTECH/part-095658_172073-050315.parquet,real_data_sample\l2_unseen_validation\trade_date=2026-07-17\exchange=NSE\symbol=HCLTECH\part-095658_172073-050315.parquet,35757,downloaded,35757,
2026-07-17,NSE,HCLTECH,raw_l2/trade_date=2026-07-17/exchange=NSE/symbol=HCLTECH/part-095713_100532-050347.parquet,real_data_sample\l2_unseen_validation\trade_date=2026-07-17\exchange=NSE\symbol=HCLTECH\part-095713_100532-050347.parquet,36117,downloaded,36117,
2026-07-17,NSE,HCLTECH,raw_l2/trade_date=2026-07-17/exchange=NSE/symbol=HCLTECH/part-095727_592831-050379.parquet,real_data_sample\l2_unseen_validation\trade_date=2026-07-17\exchange=NSE\symbol=HCLTECH\part-095727_592831-050379.parquet,36045,downloaded,36045,
2026-07-17,NSE,HCLTECH,raw_l2/trade_date=2026-07-17/exchange=NSE/symbol=HCLTECH/part-095756_242404-050443.parquet,real_data_sample\l2_unseen_validation\trade_date=2026-07-17\exchange=NSE\symbol=HCLTECH\part-095756_242404-050443.parquet,35591,downloaded,35591,
2026-07-17,NSE,HCLTECH,raw_l2/trade_date=2026-07-17/exchange=NSE/symbol=HCLTECH/part-095839_343704-050539.parquet,real_data_sample\l2_unseen_validation\trade_date=2026-07-17\exchange=NSE\symbol=HCLTECH\part-095839_343704-050539.parquet,36369,downloaded,36369,
2026-07-17,NSE,HCLTECH,raw_l2/trade_date=2026-07-17/exchange=NSE/symbol=HCLTECH/part-095810_501079-050475.parquet,real_data_sample\l2_unseen_validation\trade_date=2026-07-17\exchange=NSE\symbol=HCLTECH\part-095810_501079-050475.parquet,36389,downloaded,36389,
2026-07-17,NSE,HCLTECH,raw_l2/trade_date=2026-07-17/exchange=NSE/symbol=HCLTECH/part-095824_592157-050507.parquet,real_data_sample\l2_unseen_validation\trade_date=2026-07-17\exchange=NSE\symbol=HCLTECH\part-095824_592157-050507.parquet,35884,downloaded,35884,
2026-07-17,NSE,HCLTECH,raw_l2/trade_date=2026-07-17/exchange=NSE/symbol=HCLTECH/part-095629_070704-050251.parquet,real_data_sample\l2_unseen_validation\trade_date=2026-07-17\exchange=NSE\symbol=HCLTECH\part-095629_070704-050251.parquet,35782,downloaded,35782,
2026-07-17,NSE,HCLTECH,raw_l2/trade_date=2026-07-17/exchange=NSE/symbol=HCLTECH/part-095854_124377-050571.parquet,real_data_sample\l2_unseen_validation\trade_date=2026-07-17\exchange=NSE\symbol=HCLTECH\part-095854_124377-050571.parquet,35767,downloaded,35767,
2026-07-17,NSE,HCLTECH,raw_l2/trade_date=2026-07-17/exchange=NSE/symbol=HCLTECH/part-095923_092429-050635.parquet,real_data_sample\l2_unseen_validation\trade_date=2026-07-17\exchange=NSE\symbol=HCLTECH\part-095923_092429-050635.parquet,36092,downloaded,36092,
2026-07-17,NSE,HCLTECH,raw_l2/trade_date=2026-07-17/exchange=NSE/symbol=HCLTECH/part-093505_288640-047371.parquet,real_data_sample\l2_unseen_validation\trade_date=2026-07-17\exchange=NSE\symbol=HCLTECH\part-093505_288640-047371.parquet,34535,downloaded,34535,
2026-07-17,NSE,HCLTECH,raw_l2/trade_date=2026-07-17/exchange=NSE/symbol=HCLTECH/part-095908_580645-050603.parquet,real_data_sample\l2_unseen_validation\trade_date=2026-07-17\exchange=NSE\symbol=HCLTECH\part-095908_580645-050603.parquet,36398,downloaded,36398,
2026-07-17,NSE,HCLTECH,raw_l2/trade_date=2026-07-17/exchange=NSE/symbol=HCLTECH/part-095937_610185-050667.parquet,real_data_sample\l2_unseen_validation\trade_date=2026-07-17\exchange=NSE\symbol=HCLTECH\part-095937_610185-050667.parquet,36262,downloaded,36262,
2026-07-17,NSE,HCLTECH,raw_l2/trade_date=2026-07-17/exchange=NSE/symbol=HCLTECH/part-095742_062787-050411.parquet,real_data_sample\l2_unseen_validation\trade_date=2026-07-17\exchange=NSE\symbol=HCLTECH\part-095742_062787-050411.parquet,35841,downloaded,35841,
2026-07-17,NSE,HCLTECH,raw_l2/trade_date=2026-07-17/exchange=NSE/symbol=HCLTECH/part-100006_322350-050731.parquet,real_data_sample\l2_unseen_validation\trade_date=2026-07-17\exchange=NSE\symbol=HCLTECH\part-100006_322350-050731.parquet,35197,downloaded,35197,
2026-07-17,NSE,HCLTECH,raw_l2/trade_date=2026-07-17/exchange=NSE/symbol=HCLTECH/part-095952_001097-050699.parquet,real_data_sample\l2_unseen_validation\trade_date=2026-07-17\exchange=NSE\symbol=HCLTECH\part-095952_001097-050699.parquet,35775,downloaded,35775,
2026-07-17,NSE,HDFCBANK,raw_l2/trade_date=2026-07-17/exchange=NSE/symbol=HDFCBANK/part-034502_244170-000012.parquet,real_data_sample\l2_unseen_validation\trade_date=2026-07-17\exchange=NSE\symbol=HDFCBANK\part-034502_244170-000012.parquet,34292,downloaded,34292,
2026-07-17,NSE,HCLTECH,raw_l2/trade_date=2026-07-17/exchange=NSE/symbol=HCLTECH/part-100113_612139-050756.parquet,real_data_sample\l2_unseen_validation\trade_date=2026-07-17\exchange=NSE\symbol=HCLTECH\part-100113_612139-050756.parquet,34078,downloaded,34078,
2026-07-17,NSE,HDFCBANK,raw_l2/trade_date=2026-07-17/exchange=NSE/symbol=HDFCBANK/part-034654_744033-000268.parquet,real_data_sample\l2_unseen_validation\trade_date=2026-07-17\exchange=NSE\symbol=HDFCBANK\part-034654_744033-000268.parquet,36280,downloaded,36280,
2026-07-17,NSE,HDFCBANK,raw_l2/trade_date=2026-07-17/exchange=NSE/symbol=HDFCBANK/part-034612_603982-000172.parquet,real_data_sample\l2_unseen_validation\trade_date=2026-07-17\exchange=NSE\symbol=HDFCBANK\part-034612_603982-000172.parquet,36601,downloaded,36601,
2026-07-17,NSE,HDFCBANK,raw_l2/trade_date=2026-07-17/exchange=NSE/symbol=HDFCBANK/part-034626_552807-000204.parquet,real_data_sample\l2_unseen_validation\trade_date=2026-07-17\exchange=NSE\symbol=HDFCBANK\part-034626_552807-000204.parquet,36264,downloaded,36264,
2026-07-17,NSE,HDFCBANK,raw_l2/trade_date=2026-07-17/exchange=NSE/symbol=HDFCBANK/part-034516_499302-000044.parquet,real_data_sample\l2_unseen_validation\trade_date=2026-07-17\exchange=NSE\symbol=HDFCBANK\part-034516_499302-000044.parquet,36685,downloaded,36685,
2026-07-17,NSE,HDFCBANK,raw_l2/trade_date=2026-07-17/exchange=NSE/symbol=HDFCBANK/part-034530_259728-000076.parquet,real_data_sample\l2_unseen_validation\trade_date=2026-07-17\exchange=NSE\symbol=HDFCBANK\part-034530_259728-000076.parquet,36542,downloaded,36542,
2026-07-17,NSE,HDFCBANK,raw_l2/trade_date=2026-07-17/exchange=NSE/symbol=HDFCBANK/part-034544_161063-000108.parquet,real_data_sample\l2_unseen_validation\trade_date=2026-07-17\exchange=NSE\symbol=HDFCBANK\part-034544_161063-000108.parquet,36525,downloaded,36525,
2026-07-17,NSE,HDFCBANK,raw_l2/trade_date=2026-07-17/exchange=NSE/symbol=HDFCBANK/part-034558_456049-000140.parquet,real_data_sample\l2_unseen_validation\trade_date=2026-07-17\exchange=NSE\symbol=HDFCBANK\part-034558_456049-000140.parquet,36695,downloaded,36695,
2026-07-17,NSE,HDFCBANK,raw_l2/trade_date=2026-07-17/exchange=NSE/symbol=HDFCBANK/part-034708_470567-000300.parquet,real_data_sample\l2_unseen_validation\trade_date=2026-07-17\exchange=NSE\symbol=HDFCBANK\part-034708_470567-000300.parquet,36377,downloaded,36377,
2026-07-17,NSE,HDFCBANK,raw_l2/trade_date=2026-07-17/exchange=NSE/symbol=HDFCBANK/part-034722_522027-000332.parquet,real_data_sample\l2_unseen_validation\trade_date=2026-07-17\exchange=NSE\symbol=HDFCBANK\part-034722_522027-000332.parquet,36532,downloaded,36532,
2026-07-17,NSE,HCLTECH,raw_l2/trade_date=2026-07-17/exchange=NSE/symbol=HCLTECH/part-094824_693759-049163.parquet,real_data_sample\l2_unseen_validation\trade_date=2026-07-17\exchange=NSE\symbol=HCLTECH\part-094824_693759-049163.parquet,35833,downloaded,35833,
2026-07-17,NSE,HDFCBANK,raw_l2/trade_date=2026-07-17/exchange=NSE/symbol=HDFCBANK/part-034804_856061-000428.parquet,real_data_sample\l2_unseen_validation\trade_date=2026-07-17\exchange=NSE\symbol=HDFCBANK\part-034804_856061-000428.parquet,36264,downloaded,36264,
2026-07-17,NSE,HDFCBANK,raw_l2/trade_date=2026-07-17/exchange=NSE/symbol=HDFCBANK/part-034736_610166-000364.parquet,real_data_sample\l2_unseen_validation\trade_date=2026-07-17\exchange=NSE\symbol=HDFCBANK\part-034736_610166-000364.parquet,36404,downloaded,36404,
2026-07-17,NSE,HDFCBANK,raw_l2/trade_date=2026-07-17/exchange=NSE/symbol=HDFCBANK/part-034750_748263-000396.parquet,real_data_sample\l2_unseen_validation\trade_date=2026-07-17\exchange=NSE\symbol=HDFCBANK\part-034750_748263-000396.parquet,36317,downloaded,36317,
2026-07-17,NSE,HCLTECH,raw_l2/trade_date=2026-07-17/exchange=NSE/symbol=HCLTECH/part-093312_202533-047115.parquet,real_data_sample\l2_unseen_validation\trade_date=2026-07-17\exchange=NSE\symbol=HCLTECH\part-093312_202533-047115.parquet,34746,downloaded,34746,
2026-07-17,NSE,HCLTECH,raw_l2/trade_date=2026-07-17/exchange=NSE/symbol=HCLTECH/part-093354_665190-047211.parquet,real_data_sample\l2_unseen_validation\trade_date=2026-07-17\exchange=NSE\symbol=HCLTECH\part-093354_665190-047211.parquet,35614,downloaded,35614,
2026-07-17,NSE,HDFCBANK,raw_l2/trade_date=2026-07-17/exchange=NSE/symbol=HDFCBANK/part-034818_948271-000460.parquet,real_data_sample\l2_unseen_validation\trade_date=2026-07-17\exchange=NSE\symbol=HDFCBANK\part-034818_948271-000460.parquet,36583,downloaded,36583,
2026-07-17,NSE,HCLTECH,raw_l2/trade_date=2026-07-17/exchange=NSE/symbol=HCLTECH/part-093326_463089-047147.parquet,real_data_sample\l2_unseen_validation\trade_date=2026-07-17\exchange=NSE\symbol=HCLTECH\part-093326_463089-047147.parquet,36143,downloaded,36143,
2026-07-17,NSE,HDFCBANK,raw_l2/trade_date=2026-07-17/exchange=NSE/symbol=HDFCBANK/part-034846_465704-000524.parquet,real_data_sample\l2_unseen_validation\trade_date=2026-07-17\exchange=NSE\symbol=HDFCBANK\part-034846_465704-000524.parquet,36421,downloaded,36421,
2026-07-17,NSE,HDFCBANK,raw_l2/trade_date=2026-07-17/exchange=NSE/symbol=HDFCBANK/part-034914_327739-000588.parquet,real_data_sample\l2_unseen_validation\trade_date=2026-07-17\exchange=NSE\symbol=HDFCBANK\part-034914_327739-000588.parquet,36639,downloaded,36639,
2026-07-17,NSE,HDFCBANK,raw_l2/trade_date=2026-07-17/exchange=NSE/symbol=HDFCBANK/part-034832_752407-000492.parquet,real_data_sample\l2_unseen_validation\trade_date=2026-07-17\exchange=NSE\symbol=HDFCBANK\part-034832_752407-000492.parquet,36208,downloaded,36208,
2026-07-17,NSE,HDFCBANK,raw_l2/trade_date=2026-07-17/exchange=NSE/symbol=HDFCBANK/part-034900_237820-000556.parquet,real_data_sample\l2_unseen_validation\trade_date=2026-07-17\exchange=NSE\symbol=HDFCBANK\part-034900_237820-000556.parquet,36664,downloaded,36664,
2026-07-17,NSE,HDFCBANK,raw_l2/trade_date=2026-07-17/exchange=NSE/symbol=HDFCBANK/part-034928_265561-000620.parquet,real_data_sample\l2_unseen_validation\trade_date=2026-07-17\exchange=NSE\symbol=HDFCBANK\part-034928_265561-000620.parquet,36020,downloaded,36020,
2026-07-17,NSE,HDFCBANK,raw_l2/trade_date=2026-07-17/exchange=NSE/symbol=HDFCBANK/part-034956_369984-000684.parquet,real_data_sample\l2_unseen_validation\trade_date=2026-07-17\exchange=NSE\symbol=HDFCBANK\part-034956_369984-000684.parquet,36631,downloaded,36631,
2026-07-17,NSE,HCLTECH,raw_l2/trade_date=2026-07-17/exchange=NSE/symbol=HCLTECH/part-094936_297924-049323.parquet,real_data_sample\l2_unseen_validation\trade_date=2026-07-17\exchange=NSE\symbol=HCLTECH\part-094936_297924-049323.parquet,34718,downloaded,34718,
2026-07-17,NSE,HDFCBANK,raw_l2/trade_date=2026-07-17/exchange=NSE/symbol=HDFCBANK/part-034942_279979-000652.parquet,real_data_sample\l2_unseen_validation\trade_date=2026-07-17\exchange=NSE\symbol=HDFCBANK\part-034942_279979-000652.parquet,36236,downloaded,36236,
2026-07-17,NSE,HCLTECH,raw_l2/trade_date=2026-07-17/exchange=NSE/symbol=HCLTECH/part-094853_347854-049227.parquet,real_data_sample\l2_unseen_validation\trade_date=2026-07-17\exchange=NSE\symbol=HCLTECH\part-094853_347854-049227.parquet,35859,downloaded,35859,
2026-07-17,NSE,HCLTECH,raw_l2/trade_date=2026-07-17/exchange=NSE/symbol=HCLTECH/part-095033_241566-049451.parquet,real_data_sample\l2_unseen_validation\trade_date=2026-07-17\exchange=NSE\symbol=HCLTECH\part-095033_241566-049451.parquet,34449,downloaded,34449,
2026-07-17,NSE,HDFCBANK,raw_l2/trade_date=2026-07-17/exchange=NSE/symbol=HDFCBANK/part-035010_247784-000716.parquet,real_data_sample\l2_unseen_validation\trade_date=2026-07-17\exchange=NSE\symbol=HDFCBANK\part-035010_247784-000716.parquet,36209,downloaded,36209,
2026-07-17,NSE,HDFCBANK,raw_l2/trade_date=2026-07-17/exchange=NSE/symbol=HDFCBANK/part-035038_050413-000780.parquet,real_data_sample\l2_unseen_validation\trade_date=2026-07-17\exchange=NSE\symbol=HDFCBANK\part-035038_050413-000780.parquet,36338,downloaded,36338,
2026-07-17,NSE,HDFCBANK,raw_l2/trade_date=2026-07-17/exchange=NSE/symbol=HDFCBANK/part-035024_268012-000748.parquet,real_data_sample\l2_unseen_validation\trade_date=2026-07-17\exchange=NSE\symbol=HDFCBANK\part-035024_268012-000748.parquet,36464,downloaded,36464,
2026-07-17,NSE,HDFCBANK,raw_l2/trade_date=2026-07-17/exchange=NSE/symbol=HDFCBANK/part-035051_725483-000812.parquet,real_data_sample\l2_unseen_validation\trade_date=2026-07-17\exchange=NSE\symbol=HDFCBANK\part-035051_725483-000812.parquet,36471,downloaded,36471,
2026-07-17,NSE,HCLTECH,raw_l2/trade_date=2026-07-17/exchange=NSE/symbol=HCLTECH/part-095047_452668-049483.parquet,real_data_sample\l2_unseen_validation\trade_date=2026-07-17\exchange=NSE\symbol=HCLTECH\part-095047_452668-049483.parquet,34459,downloaded,34459,
2026-07-17,NSE,HCLTECH,raw_l2/trade_date=2026-07-17/exchange=NSE/symbol=HCLTECH/part-095226_219410-049707.parquet,real_data_sample\l2_unseen_validation\trade_date=2026-07-17\exchange=NSE\symbol=HCLTECH\part-095226_219410-049707.parquet,34472,downloaded,34472,
2026-07-17,NSE,HCLTECH,raw_l2/trade_date=2026-07-17/exchange=NSE/symbol=HCLTECH/part-095115_450327-049547.parquet,real_data_sample\l2_unseen_validation\trade_date=2026-07-17\exchange=NSE\symbol=HCLTECH\part-095115_450327-049547.parquet,34135,downloaded,34135,
2026-07-17,NSE,HCLTECH,raw_l2/trade_date=2026-07-17/exchange=NSE/symbol=HCLTECH/part-094907_775553-049259.parquet,real_data_sample\l2_unseen_validation\trade_date=2026-07-17\exchange=NSE\symbol=HCLTECH\part-094907_775553-049259.parquet,36050,downloaded,36050,
2026-07-17,NSE,HDFCBANK,raw_l2/trade_date=2026-07-17/exchange=NSE/symbol=HDFCBANK/part-035105_484609-000844.parquet,real_data_sample\l2_unseen_validation\trade_date=2026-07-17\exchange=NSE\symbol=HDFCBANK\part-035105_484609-000844.parquet,36376,downloaded,36376,
2026-07-17,NSE,HCLTECH,raw_l2/trade_date=2026-07-17/exchange=NSE/symbol=HCLTECH/part-095129_641087-049579.parquet,real_data_sample\l2_unseen_validation\trade_date=2026-07-17\exchange=NSE\symbol=HCLTECH\part-095129_641087-049579.parquet,34458,downloaded,34458,
2026-07-17,NSE,HDFCBANK,raw_l2/trade_date=2026-07-17/exchange=NSE/symbol=HDFCBANK/part-035119_240795-000876.parquet,real_data_sample\l2_unseen_validation\trade_date=2026-07-17\exchange=NSE\symbol=HDFCBANK\part-035119_240795-000876.parquet,36534,downloaded,36534,
2026-07-17,NSE,HCLTECH,raw_l2/trade_date=2026-07-17/exchange=NSE/symbol=HCLTECH/part-094922_120860-049291.parquet,real_data_sample\l2_unseen_validation\trade_date=2026-07-17\exchange=NSE\symbol=HCLTECH\part-094922_120860-049291.parquet,35269,downloaded,35269,
2026-07-17,NSE,HCLTECH,raw_l2/trade_date=2026-07-17/exchange=NSE/symbol=HCLTECH/part-095018_924894-049419.parquet,real_data_sample\l2_unseen_validation\trade_date=2026-07-17\exchange=NSE\symbol=HCLTECH\part-095018_924894-049419.parquet,34490,downloaded,34490,
2026-07-17,NSE,HDFCBANK,raw_l2/trade_date=2026-07-17/exchange=NSE/symbol=HDFCBANK/part-035200_802105-000972.parquet,real_data_sample\l2_unseen_validation\trade_date=2026-07-17\exchange=NSE\symbol=HDFCBANK\part-035200_802105-000972.parquet,36514,downloaded,36514,
2026-07-17,NSE,HDFCBANK,raw_l2/trade_date=2026-07-17/exchange=NSE/symbol=HDFCBANK/part-035242_559652-001068.parquet,real_data_sample\l2_unseen_validation\trade_date=2026-07-17\exchange=NSE\symbol=HDFCBANK\part-035242_559652-001068.parquet,36459,downloaded,36459,
2026-07-17,NSE,HDFCBANK,raw_l2/trade_date=2026-07-17/exchange=NSE/symbol=HDFCBANK/part-035228_468353-001036.parquet,real_data_sample\l2_unseen_validation\trade_date=2026-07-17\exchange=NSE\symbol=HDFCBANK\part-035228_468353-001036.parquet,36413,downloaded,36413,
2026-07-17,NSE,HCLTECH,raw_l2/trade_date=2026-07-17/exchange=NSE/symbol=HCLTECH/part-094839_167466-049195.parquet,real_data_sample\l2_unseen_validation\trade_date=2026-07-17\exchange=NSE\symbol=HCLTECH\part-094839_167466-049195.parquet,35948,downloaded,35948,
2026-07-17,NSE,HDFCBANK,raw_l2/trade_date=2026-07-17/exchange=NSE/symbol=HDFCBANK/part-035310_462099-001132.parquet,real_data_sample\l2_unseen_validation\trade_date=2026-07-17\exchange=NSE\symbol=HDFCBANK\part-035310_462099-001132.parquet,36279,downloaded,36279,
2026-07-17,NSE,HCLTECH,raw_l2/trade_date=2026-07-17/exchange=NSE/symbol=HCLTECH/part-095157_643638-049643.parquet,real_data_sample\l2_unseen_validation\trade_date=2026-07-17\exchange=NSE\symbol=HCLTECH\part-095157_643638-049643.parquet,34398,downloaded,34398,
2026-07-17,NSE,HDFCBANK,raw_l2/trade_date=2026-07-17/exchange=NSE/symbol=HDFCBANK/part-035324_266045-001164.parquet,real_data_sample\l2_unseen_validation\trade_date=2026-07-17\exchange=NSE\symbol=HDFCBANK\part-035324_266045-001164.parquet,36102,downloaded,36102,
2026-07-17,NSE,HDFCBANK,raw_l2/trade_date=2026-07-17/exchange=NSE/symbol=HDFCBANK/part-035352_004722-001228.parquet,real_data_sample\l2_unseen_validation\trade_date=2026-07-17\exchange=NSE\symbol=HDFCBANK\part-035352_004722-001228.parquet,36239,downloaded,36239,
2026-07-17,NSE,HDFCBANK,raw_l2/trade_date=2026-07-17/exchange=NSE/symbol=HDFCBANK/part-035338_232308-001196.parquet,real_data_sample\l2_unseen_validation\trade_date=2026-07-17\exchange=NSE\symbol=HDFCBANK\part-035338_232308-001196.parquet,36402,downloaded,36402,
2026-07-17,NSE,HCLTECH,raw_l2/trade_date=2026-07-17/exchange=NSE/symbol=HCLTECH/part-095004_701452-049387.parquet,real_data_sample\l2_unseen_validation\trade_date=2026-07-17\exchange=NSE\symbol=HCLTECH\part-095004_701452-049387.parquet,34654,downloaded,34654,
2026-07-17,NSE,HDFCBANK,raw_l2/trade_date=2026-07-17/exchange=NSE/symbol=HDFCBANK/part-035419_689644-001292.parquet,real_data_sample\l2_unseen_validation\trade_date=2026-07-17\exchange=NSE\symbol=HDFCBANK\part-035419_689644-001292.parquet,35942,downloaded,35942,
2026-07-17,NSE,HDFCBANK,raw_l2/trade_date=2026-07-17/exchange=NSE/symbol=HDFCBANK/part-035405_965023-001260.parquet,real_data_sample\l2_unseen_validation\trade_date=2026-07-17\exchange=NSE\symbol=HDFCBANK\part-035405_965023-001260.parquet,36227,downloaded,36227,
2026-07-17,NSE,HDFCBANK,raw_l2/trade_date=2026-07-17/exchange=NSE/symbol=HDFCBANK/part-035256_593069-001100.parquet,real_data_sample\l2_unseen_validation\trade_date=2026-07-17\exchange=NSE\symbol=HDFCBANK\part-035256_593069-001100.parquet,36118,downloaded,36118,
2026-07-17,NSE,HCLTECH,raw_l2/trade_date=2026-07-17/exchange=NSE/symbol=HCLTECH/part-094950_478336-049355.parquet,real_data_sample\l2_unseen_validation\trade_date=2026-07-17\exchange=NSE\symbol=HCLTECH\part-094950_478336-049355.parquet,34638,downloaded,34638,
2026-07-17,NSE,HDFCBANK,raw_l2/trade_date=2026-07-17/exchange=NSE/symbol=HDFCBANK/part-035433_519079-001324.parquet,real_data_sample\l2_unseen_validation\trade_date=2026-07-17\exchange=NSE\symbol=HDFCBANK\part-035433_519079-001324.parquet,36158,downloaded,36158,
2026-07-17,NSE,HDFCBANK,raw_l2/trade_date=2026-07-17/exchange=NSE/symbol=HDFCBANK/part-035529_529062-001452.parquet,real_data_sample\l2_unseen_validation\trade_date=2026-07-17\exchange=NSE\symbol=HDFCBANK\part-035529_529062-001452.parquet,36387,downloaded,36387,
2026-07-17,NSE,HDFCBANK,raw_l2/trade_date=2026-07-17/exchange=NSE/symbol=HDFCBANK/part-035501_542661-001388.parquet,real_data_sample\l2_unseen_validation\trade_date=2026-07-17\exchange=NSE\symbol=HDFCBANK\part-035501_542661-001388.parquet,36065,downloaded,36065,
2026-07-17,NSE,HDFCBANK,raw_l2/trade_date=2026-07-17/exchange=NSE/symbol=HDFCBANK/part-035543_456138-001484.parquet,real_data_sample\l2_unseen_validation\trade_date=2026-07-17\exchange=NSE\symbol=HDFCBANK\part-035543_456138-001484.parquet,36272,downloaded,36272,
2026-07-17,NSE,HDFCBANK,raw_l2/trade_date=2026-07-17/exchange=NSE/symbol=HDFCBANK/part-035557_303486-001516.parquet,real_data_sample\l2_unseen_validation\trade_date=2026-07-17\exchange=NSE\symbol=HDFCBANK\part-035557_303486-001516.parquet,35941,downloaded,35941,
2026-07-17,NSE,HDFCBANK,raw_l2/trade_date=2026-07-17/exchange=NSE/symbol=HDFCBANK/part-035611_281927-001548.parquet,real_data_sample\l2_unseen_validation\trade_date=2026-07-17\exchange=NSE\symbol=HDFCBANK\part-035611_281927-001548.parquet,36361,downloaded,36361,
2026-07-17,NSE,HDFCBANK,raw_l2/trade_date=2026-07-17/exchange=NSE/symbol=HDFCBANK/part-035625_489031-001580.parquet,real_data_sample\l2_unseen_validation\trade_date=2026-07-17\exchange=NSE\symbol=HDFCBANK\part-035625_489031-001580.parquet,36268,downloaded,36268,
2026-07-17,NSE,HDFCBANK,raw_l2/trade_date=2026-07-17/exchange=NSE/symbol=HDFCBANK/part-035515_609356-001420.parquet,real_data_sample\l2_unseen_validation\trade_date=2026-07-17\exchange=NSE\symbol=HDFCBANK\part-035515_609356-001420.parquet,36039,downloaded,36039,
2026-07-17,NSE,HDFCBANK,raw_l2/trade_date=2026-07-17/exchange=NSE/symbol=HDFCBANK/part-035447_474237-001356.parquet,real_data_sample\l2_unseen_validation\trade_date=2026-07-17\exchange=NSE\symbol=HDFCBANK\part-035447_474237-001356.parquet,36474,downloaded,36474,
2026-07-17,NSE,HDFCBANK,raw_l2/trade_date=2026-07-17/exchange=NSE/symbol=HDFCBANK/part-035133_000908-000908.parquet,real_data_sample\l2_unseen_validation\trade_date=2026-07-17\exchange=NSE\symbol=HDFCBANK\part-035133_000908-000908.parquet,36559,downloaded,36559,
2026-07-17,NSE,HDFCBANK,raw_l2/trade_date=2026-07-17/exchange=NSE/symbol=HDFCBANK/part-035146_826445-000940.parquet,real_data_sample\l2_unseen_validation\trade_date=2026-07-17\exchange=NSE\symbol=HDFCBANK\part-035146_826445-000940.parquet,36518,downloaded,36518,
2026-07-17,NSE,HDFCBANK,raw_l2/trade_date=2026-07-17/exchange=NSE/symbol=HDFCBANK/part-035653_288186-001644.parquet,real_data_sample\l2_unseen_validation\trade_date=2026-07-17\exchange=NSE\symbol=HDFCBANK\part-035653_288186-001644.parquet,36150,downloaded,36150,
2026-07-17,NSE,HDFCBANK,raw_l2/trade_date=2026-07-17/exchange=NSE/symbol=HDFCBANK/part-035639_310220-001612.parquet,real_data_sample\l2_unseen_validation\trade_date=2026-07-17\exchange=NSE\symbol=HDFCBANK\part-035639_310220-001612.parquet,36268,downloaded,36268,
2026-07-17,NSE,HDFCBANK,raw_l2/trade_date=2026-07-17/exchange=NSE/symbol=HDFCBANK/part-035721_070866-001708.parquet,real_data_sample\l2_unseen_validation\trade_date=2026-07-17\exchange=NSE\symbol=HDFCBANK\part-035721_070866-001708.parquet,36390,downloaded,36390,
2026-07-17,NSE,HDFCBANK,raw_l2/trade_date=2026-07-17/exchange=NSE/symbol=HDFCBANK/part-035707_040965-001676.parquet,real_data_sample\l2_unseen_validation\trade_date=2026-07-17\exchange=NSE\symbol=HDFCBANK\part-035707_040965-001676.parquet,36320,downloaded,36320,
2026-07-17,NSE,HDFCBANK,raw_l2/trade_date=2026-07-17/exchange=NSE/symbol=HDFCBANK/part-035735_215643-001740.parquet,real_data_sample\l2_unseen_validation\trade_date=2026-07-17\exchange=NSE\symbol=HDFCBANK\part-035735_215643-001740.parquet,36521,downloaded,36521,
2026-07-17,NSE,HDFCBANK,raw_l2/trade_date=2026-07-17/exchange=NSE/symbol=HDFCBANK/part-035214_682349-001004.parquet,real_data_sample\l2_unseen_validation\trade_date=2026-07-17\exchange=NSE\symbol=HDFCBANK\part-035214_682349-001004.parquet,36126,downloaded,36126,
2026-07-17,NSE,HDFCBANK,raw_l2/trade_date=2026-07-17/exchange=NSE/symbol=HDFCBANK/part-034641_051131-000236.parquet,real_data_sample\l2_unseen_validation\trade_date=2026-07-17\exchange=NSE\symbol=HDFCBANK\part-034641_051131-000236.parquet,36340,downloaded,36340,
2026-07-17,NSE,HDFCBANK,raw_l2/trade_date=2026-07-17/exchange=NSE/symbol=HDFCBANK/part-035803_677039-001804.parquet,real_data_sample\l2_unseen_validation\trade_date=2026-07-17\exchange=NSE\symbol=HDFCBANK\part-035803_677039-001804.parquet,35737,downloaded,35737,
2026-07-17,NSE,HDFCBANK,raw_l2/trade_date=2026-07-17/exchange=NSE/symbol=HDFCBANK/part-035749_390430-001772.parquet,real_data_sample\l2_unseen_validation\trade_date=2026-07-17\exchange=NSE\symbol=HDFCBANK\part-035749_390430-001772.parquet,36179,downloaded,36179,
2026-07-17,NSE,HDFCBANK,raw_l2/trade_date=2026-07-17/exchange=NSE/symbol=HDFCBANK/part-035818_094946-001836.parquet,real_data_sample\l2_unseen_validation\trade_date=2026-07-17\exchange=NSE\symbol=HDFCBANK\part-035818_094946-001836.parquet,35581,downloaded,35581,
2026-07-17,NSE,HDFCBANK,raw_l2/trade_date=2026-07-17/exchange=NSE/symbol=HDFCBANK/part-035846_032707-001900.parquet,real_data_sample\l2_unseen_validation\trade_date=2026-07-17\exchange=NSE\symbol=HDFCBANK\part-035846_032707-001900.parquet,36056,downloaded,36056,
2026-07-17,NSE,HDFCBANK,raw_l2/trade_date=2026-07-17/exchange=NSE/symbol=HDFCBANK/part-035914_056474-001964.parquet,real_data_sample\l2_unseen_validation\trade_date=2026-07-17\exchange=NSE\symbol=HDFCBANK\part-035914_056474-001964.parquet,35499,downloaded,35499,
2026-07-17,NSE,HDFCBANK,raw_l2/trade_date=2026-07-17/exchange=NSE/symbol=HDFCBANK/part-035928_026457-001996.parquet,real_data_sample\l2_unseen_validation\trade_date=2026-07-17\exchange=NSE\symbol=HDFCBANK\part-035928_026457-001996.parquet,34735,downloaded,34735,
2026-07-17,NSE,HDFCBANK,raw_l2/trade_date=2026-07-17/exchange=NSE/symbol=HDFCBANK/part-035832_090020-001868.parquet,real_data_sample\l2_unseen_validation\trade_date=2026-07-17\exchange=NSE\symbol=HDFCBANK\part-035832_090020-001868.parquet,35708,downloaded,35708,
2026-07-17,NSE,HDFCBANK,raw_l2/trade_date=2026-07-17/exchange=NSE/symbol=HDFCBANK/part-035900_094907-001932.parquet,real_data_sample\l2_unseen_validation\trade_date=2026-07-17\exchange=NSE\symbol=HDFCBANK\part-035900_094907-001932.parquet,35550,downloaded,35550,
2026-07-17,NSE,HDFCBANK,raw_l2/trade_date=2026-07-17/exchange=NSE/symbol=HDFCBANK/part-035942_147741-002028.parquet,real_data_sample\l2_unseen_validation\trade_date=2026-07-17\exchange=NSE\symbol=HDFCBANK\part-035942_147741-002028.parquet,34737,downloaded,34737,
2026-07-17,NSE,HDFCBANK,raw_l2/trade_date=2026-07-17/exchange=NSE/symbol=HDFCBANK/part-040010_226209-002092.parquet,real_data_sample\l2_unseen_validation\trade_date=2026-07-17\exchange=NSE\symbol=HDFCBANK\part-040010_226209-002092.parquet,34464,downloaded,34464,
2026-07-17,NSE,HDFCBANK,raw_l2/trade_date=2026-07-17/exchange=NSE/symbol=HDFCBANK/part-035956_071522-002060.parquet,real_data_sample\l2_unseen_validation\trade_date=2026-07-17\exchange=NSE\symbol=HDFCBANK\part-035956_071522-002060.parquet,34688,downloaded,34688,
2026-07-17,NSE,HDFCBANK,raw_l2/trade_date=2026-07-17/exchange=NSE/symbol=HDFCBANK/part-040024_274682-002124.parquet,real_data_sample\l2_unseen_validation\trade_date=2026-07-17\exchange=NSE\symbol=HDFCBANK\part-040024_274682-002124.parquet,36090,downloaded,36090,
2026-07-17,NSE,HDFCBANK,raw_l2/trade_date=2026-07-17/exchange=NSE/symbol=HDFCBANK/part-040215_228420-002380.parquet,real_data_sample\l2_unseen_validation\trade_date=2026-07-17\exchange=NSE\symbol=HDFCBANK\part-040215_228420-002380.parquet,36070,downloaded,36070,
2026-07-17,NSE,HDFCBANK,raw_l2/trade_date=2026-07-17/exchange=NSE/symbol=HDFCBANK/part-040229_022845-002412.parquet,real_data_sample\l2_unseen_validation\trade_date=2026-07-17\exchange=NSE\symbol=HDFCBANK\part-040229_022845-002412.parquet,36771,downloaded,36771,
2026-07-17,NSE,HDFCBANK,raw_l2/trade_date=2026-07-17/exchange=NSE/symbol=HDFCBANK/part-040038_212182-002156.parquet,real_data_sample\l2_unseen_validation\trade_date=2026-07-17\exchange=NSE\symbol=HDFCBANK\part-040038_212182-002156.parquet,35782,downloaded,35782,
2026-07-17,NSE,HDFCBANK,raw_l2/trade_date=2026-07-17/exchange=NSE/symbol=HDFCBANK/part-040105_834500-002220.parquet,real_data_sample\l2_unseen_validation\trade_date=2026-07-17\exchange=NSE\symbol=HDFCBANK\part-040105_834500-002220.parquet,35758,downloaded,35758,
2026-07-17,NSE,HDFCBANK,raw_l2/trade_date=2026-07-17/exchange=NSE/symbol=HDFCBANK/part-040243_431304-002444.parquet,real_data_sample\l2_unseen_validation\trade_date=2026-07-17\exchange=NSE\symbol=HDFCBANK\part-040243_431304-002444.parquet,36319,downloaded,36319,
2026-07-17,NSE,HDFCBANK,raw_l2/trade_date=2026-07-17/exchange=NSE/symbol=HDFCBANK/part-040147_260978-002316.parquet,real_data_sample\l2_unseen_validation\trade_date=2026-07-17\exchange=NSE\symbol=HDFCBANK\part-040147_260978-002316.parquet,36459,downloaded,36459,
2026-07-17,NSE,HDFCBANK,raw_l2/trade_date=2026-07-17/exchange=NSE/symbol=HDFCBANK/part-040257_684599-002476.parquet,real_data_sample\l2_unseen_validation\trade_date=2026-07-17\exchange=NSE\symbol=HDFCBANK\part-040257_684599-002476.parquet,36524,downloaded,36524,
2026-07-17,NSE,HDFCBANK,raw_l2/trade_date=2026-07-17/exchange=NSE/symbol=HDFCBANK/part-040051_927960-002188.parquet,real_data_sample\l2_unseen_validation\trade_date=2026-07-17\exchange=NSE\symbol=HDFCBANK\part-040051_927960-002188.parquet,36345,downloaded,36345,
2026-07-17,NSE,HDFCBANK,raw_l2/trade_date=2026-07-17/exchange=NSE/symbol=HDFCBANK/part-040133_496749-002284.parquet,real_data_sample\l2_unseen_validation\trade_date=2026-07-17\exchange=NSE\symbol=HDFCBANK\part-040133_496749-002284.parquet,35823,downloaded,35823,
2026-07-17,NSE,HDFCBANK,raw_l2/trade_date=2026-07-17/exchange=NSE/symbol=HDFCBANK/part-040119_691742-002252.parquet,real_data_sample\l2_unseen_validation\trade_date=2026-07-17\exchange=NSE\symbol=HDFCBANK\part-040119_691742-002252.parquet,35501,downloaded,35501,
2026-07-17,NSE,HDFCBANK,raw_l2/trade_date=2026-07-17/exchange=NSE/symbol=HDFCBANK/part-040201_293984-002348.parquet,real_data_sample\l2_unseen_validation\trade_date=2026-07-17\exchange=NSE\symbol=HDFCBANK\part-040201_293984-002348.parquet,35984,downloaded,35984,
2026-07-17,NSE,HDFCBANK,raw_l2/trade_date=2026-07-17/exchange=NSE/symbol=HDFCBANK/part-040312_237300-002508.parquet,real_data_sample\l2_unseen_validation\trade_date=2026-07-17\exchange=NSE\symbol=HDFCBANK\part-040312_237300-002508.parquet,36580,downloaded,36580,
2026-07-17,NSE,HDFCBANK,raw_l2/trade_date=2026-07-17/exchange=NSE/symbol=HDFCBANK/part-040326_431867-002540.parquet,real_data_sample\l2_unseen_validation\trade_date=2026-07-17\exchange=NSE\symbol=HDFCBANK\part-040326_431867-002540.parquet,36179,downloaded,36179,
2026-07-17,NSE,HDFCBANK,raw_l2/trade_date=2026-07-17/exchange=NSE/symbol=HDFCBANK/part-040436_769237-002700.parquet,real_data_sample\l2_unseen_validation\trade_date=2026-07-17\exchange=NSE\symbol=HDFCBANK\part-040436_769237-002700.parquet,36253,downloaded,36253,
2026-07-17,NSE,HDFCBANK,raw_l2/trade_date=2026-07-17/exchange=NSE/symbol=HDFCBANK/part-040354_849400-002604.parquet,real_data_sample\l2_unseen_validation\trade_date=2026-07-17\exchange=NSE\symbol=HDFCBANK\part-040354_849400-002604.parquet,36181,downloaded,36181,
2026-07-17,NSE,HDFCBANK,raw_l2/trade_date=2026-07-17/exchange=NSE/symbol=HDFCBANK/part-040340_587935-002572.parquet,real_data_sample\l2_unseen_validation\trade_date=2026-07-17\exchange=NSE\symbol=HDFCBANK\part-040340_587935-002572.parquet,36236,downloaded,36236,
2026-07-17,NSE,HDFCBANK,raw_l2/trade_date=2026-07-17/exchange=NSE/symbol=HDFCBANK/part-040408_814646-002636.parquet,real_data_sample\l2_unseen_validation\trade_date=2026-07-17\exchange=NSE\symbol=HDFCBANK\part-040408_814646-002636.parquet,36220,downloaded,36220,
2026-07-17,NSE,HDFCBANK,raw_l2/trade_date=2026-07-17/exchange=NSE/symbol=HDFCBANK/part-040422_746699-002668.parquet,real_data_sample\l2_unseen_validation\trade_date=2026-07-17\exchange=NSE\symbol=HDFCBANK\part-040422_746699-002668.parquet,36128,downloaded,36128,
2026-07-17,NSE,HDFCBANK,raw_l2/trade_date=2026-07-17/exchange=NSE/symbol=HDFCBANK/part-040450_718730-002732.parquet,real_data_sample\l2_unseen_validation\trade_date=2026-07-17\exchange=NSE\symbol=HDFCBANK\part-040450_718730-002732.parquet,36410,downloaded,36410,
2026-07-17,NSE,HDFCBANK,raw_l2/trade_date=2026-07-17/exchange=NSE/symbol=HDFCBANK/part-040519_159895-002796.parquet,real_data_sample\l2_unseen_validation\trade_date=2026-07-17\exchange=NSE\symbol=HDFCBANK\part-040519_159895-002796.parquet,36201,downloaded,36201,
2026-07-17,NSE,HDFCBANK,raw_l2/trade_date=2026-07-17/exchange=NSE/symbol=HDFCBANK/part-040547_223042-002860.parquet,real_data_sample\l2_unseen_validation\trade_date=2026-07-17\exchange=NSE\symbol=HDFCBANK\part-040547_223042-002860.parquet,36147,downloaded,36147,
2026-07-17,NSE,HDFCBANK,raw_l2/trade_date=2026-07-17/exchange=NSE/symbol=HDFCBANK/part-040601_277168-002892.parquet,real_data_sample\l2_unseen_validation\trade_date=2026-07-17\exchange=NSE\symbol=HDFCBANK\part-040601_277168-002892.parquet,35749,downloaded,35749,
2026-07-17,NSE,HDFCBANK,raw_l2/trade_date=2026-07-17/exchange=NSE/symbol=HDFCBANK/part-040533_259598-002828.parquet,real_data_sample\l2_unseen_validation\trade_date=2026-07-17\exchange=NSE\symbol=HDFCBANK\part-040533_259598-002828.parquet,36147,downloaded,36147,
2026-07-17,NSE,HDFCBANK,raw_l2/trade_date=2026-07-17/exchange=NSE/symbol=HDFCBANK/part-040725_085476-003084.parquet,real_data_sample\l2_unseen_validation\trade_date=2026-07-17\exchange=NSE\symbol=HDFCBANK\part-040725_085476-003084.parquet,36052,downloaded,36052,
2026-07-17,NSE,HDFCBANK,raw_l2/trade_date=2026-07-17/exchange=NSE/symbol=HDFCBANK/part-040615_209723-002924.parquet,real_data_sample\l2_unseen_validation\trade_date=2026-07-17\exchange=NSE\symbol=HDFCBANK\part-040615_209723-002924.parquet,35979,downloaded,35979,
2026-07-17,NSE,HDFCBANK,raw_l2/trade_date=2026-07-17/exchange=NSE/symbol=HDFCBANK/part-040642_999560-002988.parquet,real_data_sample\l2_unseen_validation\trade_date=2026-07-17\exchange=NSE\symbol=HDFCBANK\part-040642_999560-002988.parquet,35977,downloaded,35977,
2026-07-17,NSE,HDFCBANK,raw_l2/trade_date=2026-07-17/exchange=NSE/symbol=HDFCBANK/part-040629_249073-002956.parquet,real_data_sample\l2_unseen_validation\trade_date=2026-07-17\exchange=NSE\symbol=HDFCBANK\part-040629_249073-002956.parquet,35911,downloaded,35911,
2026-07-17,NSE,HDFCBANK,raw_l2/trade_date=2026-07-17/exchange=NSE/symbol=HDFCBANK/part-040710_996051-003052.parquet,real_data_sample\l2_unseen_validation\trade_date=2026-07-17\exchange=NSE\symbol=HDFCBANK\part-040710_996051-003052.parquet,36057,downloaded,36057,
2026-07-17,NSE,HDFCBANK,raw_l2/trade_date=2026-07-17/exchange=NSE/symbol=HDFCBANK/part-040739_100392-003116.parquet,real_data_sample\l2_unseen_validation\trade_date=2026-07-17\exchange=NSE\symbol=HDFCBANK\part-040739_100392-003116.parquet,35875,downloaded,35875,
2026-07-17,NSE,HDFCBANK,raw_l2/trade_date=2026-07-17/exchange=NSE/symbol=HDFCBANK/part-040657_006495-003020.parquet,real_data_sample\l2_unseen_validation\trade_date=2026-07-17\exchange=NSE\symbol=HDFCBANK\part-040657_006495-003020.parquet,35943,downloaded,35943,
2026-07-17,NSE,HDFCBANK,raw_l2/trade_date=2026-07-17/exchange=NSE/symbol=HDFCBANK/part-040753_283665-003148.parquet,real_data_sample\l2_unseen_validation\trade_date=2026-07-17\exchange=NSE\symbol=HDFCBANK\part-040753_283665-003148.parquet,36328,downloaded,36328,
2026-07-17,NSE,HDFCBANK,raw_l2/trade_date=2026-07-17/exchange=NSE/symbol=HDFCBANK/part-040807_251026-003180.parquet,real_data_sample\l2_unseen_validation\trade_date=2026-07-17\exchange=NSE\symbol=HDFCBANK\part-040807_251026-003180.parquet,35743,downloaded,35743,
2026-07-17,NSE,HDFCBANK,raw_l2/trade_date=2026-07-17/exchange=NSE/symbol=HDFCBANK/part-040835_758692-003244.parquet,real_data_sample\l2_unseen_validation\trade_date=2026-07-17\exchange=NSE\symbol=HDFCBANK\part-040835_758692-003244.parquet,36047,downloaded,36047,
2026-07-17,NSE,HDFCBANK,raw_l2/trade_date=2026-07-17/exchange=NSE/symbol=HDFCBANK/part-040850_079811-003276.parquet,real_data_sample\l2_unseen_validation\trade_date=2026-07-17\exchange=NSE\symbol=HDFCBANK\part-040850_079811-003276.parquet,36100,downloaded,36100,
2026-07-17,NSE,HDFCBANK,raw_l2/trade_date=2026-07-17/exchange=NSE/symbol=HDFCBANK/part-040821_561622-003212.parquet,real_data_sample\l2_unseen_validation\trade_date=2026-07-17\exchange=NSE\symbol=HDFCBANK\part-040821_561622-003212.parquet,36115,downloaded,36115,
2026-07-17,NSE,HDFCBANK,raw_l2/trade_date=2026-07-17/exchange=NSE/symbol=HDFCBANK/part-041001_417819-003436.parquet,real_data_sample\l2_unseen_validation\trade_date=2026-07-17\exchange=NSE\symbol=HDFCBANK\part-041001_417819-003436.parquet,35936,downloaded,35936,
2026-07-17,NSE,HDFCBANK,raw_l2/trade_date=2026-07-17/exchange=NSE/symbol=HDFCBANK/part-041112_116636-003596.parquet,real_data_sample\l2_unseen_validation\trade_date=2026-07-17\exchange=NSE\symbol=HDFCBANK\part-041112_116636-003596.parquet,36162,downloaded,36162,
2026-07-17,NSE,HDFCBANK,raw_l2/trade_date=2026-07-17/exchange=NSE/symbol=HDFCBANK/part-041029_370954-003500.parquet,real_data_sample\l2_unseen_validation\trade_date=2026-07-17\exchange=NSE\symbol=HDFCBANK\part-041029_370954-003500.parquet,35953,downloaded,35953,
2026-07-17,NSE,HDFCBANK,raw_l2/trade_date=2026-07-17/exchange=NSE/symbol=HDFCBANK/part-041043_633097-003532.parquet,real_data_sample\l2_unseen_validation\trade_date=2026-07-17\exchange=NSE\symbol=HDFCBANK\part-041043_633097-003532.parquet,36375,downloaded,36375,
2026-07-17,NSE,HDFCBANK,raw_l2/trade_date=2026-07-17/exchange=NSE/symbol=HDFCBANK/part-040918_423417-003340.parquet,real_data_sample\l2_unseen_validation\trade_date=2026-07-17\exchange=NSE\symbol=HDFCBANK\part-040918_423417-003340.parquet,36162,downloaded,36162,
2026-07-17,NSE,HDFCBANK,raw_l2/trade_date=2026-07-17/exchange=NSE/symbol=HDFCBANK/part-041057_957312-003564.parquet,real_data_sample\l2_unseen_validation\trade_date=2026-07-17\exchange=NSE\symbol=HDFCBANK\part-041057_957312-003564.parquet,35983,downloaded,35983,
2026-07-17,NSE,HDFCBANK,raw_l2/trade_date=2026-07-17/exchange=NSE/symbol=HDFCBANK/part-041015_270872-003468.parquet,real_data_sample\l2_unseen_validation\trade_date=2026-07-17\exchange=NSE\symbol=HDFCBANK\part-041015_270872-003468.parquet,36101,downloaded,36101,
2026-07-17,NSE,HDFCBANK,raw_l2/trade_date=2026-07-17/exchange=NSE/symbol=HDFCBANK/part-040947_077284-003404.parquet,real_data_sample\l2_unseen_validation\trade_date=2026-07-17\exchange=NSE\symbol=HDFCBANK\part-040947_077284-003404.parquet,36316,downloaded,36316,
2026-07-17,NSE,HDFCBANK,raw_l2/trade_date=2026-07-17/exchange=NSE/symbol=HDFCBANK/part-041125_936814-003628.parquet,real_data_sample\l2_unseen_validation\trade_date=2026-07-17\exchange=NSE\symbol=HDFCBANK\part-041125_936814-003628.parquet,35990,downloaded,35990,
2026-07-17,NSE,HDFCBANK,raw_l2/trade_date=2026-07-17/exchange=NSE/symbol=HDFCBANK/part-041139_924999-003660.parquet,real_data_sample\l2_unseen_validation\trade_date=2026-07-17\exchange=NSE\symbol=HDFCBANK\part-041139_924999-003660.parquet,35898,downloaded,35898,
2026-07-17,NSE,HDFCBANK,raw_l2/trade_date=2026-07-17/exchange=NSE/symbol=HDFCBANK/part-040904_293520-003308.parquet,real_data_sample\l2_unseen_validation\trade_date=2026-07-17\exchange=NSE\symbol=HDFCBANK\part-040904_293520-003308.parquet,35884,downloaded,35884,
2026-07-17,NSE,HDFCBANK,raw_l2/trade_date=2026-07-17/exchange=NSE/symbol=HDFCBANK/part-041153_776792-003692.parquet,real_data_sample\l2_unseen_validation\trade_date=2026-07-17\exchange=NSE\symbol=HDFCBANK\part-041153_776792-003692.parquet,36204,downloaded,36204,
2026-07-17,NSE,HDFCBANK,raw_l2/trade_date=2026-07-17/exchange=NSE/symbol=HDFCBANK/part-040932_691524-003372.parquet,real_data_sample\l2_unseen_validation\trade_date=2026-07-17\exchange=NSE\symbol=HDFCBANK\part-040932_691524-003372.parquet,36245,downloaded,36245,
2026-07-17,NSE,HDFCBANK,raw_l2/trade_date=2026-07-17/exchange=NSE/symbol=HDFCBANK/part-041207_797638-003724.parquet,real_data_sample\l2_unseen_validation\trade_date=2026-07-17\exchange=NSE\symbol=HDFCBANK\part-041207_797638-003724.parquet,36075,downloaded,36075,
2026-07-17,NSE,HDFCBANK,raw_l2/trade_date=2026-07-17/exchange=NSE/symbol=HDFCBANK/part-041221_778422-003756.parquet,real_data_sample\l2_unseen_validation\trade_date=2026-07-17\exchange=NSE\symbol=HDFCBANK\part-041221_778422-003756.parquet,35691,downloaded,35691,
2026-07-17,NSE,HDFCBANK,raw_l2/trade_date=2026-07-17/exchange=NSE/symbol=HDFCBANK/part-041235_545645-003788.parquet,real_data_sample\l2_unseen_validation\trade_date=2026-07-17\exchange=NSE\symbol=HDFCBANK\part-041235_545645-003788.parquet,35970,downloaded,35970,
2026-07-17,NSE,HDFCBANK,raw_l2/trade_date=2026-07-17/exchange=NSE/symbol=HDFCBANK/part-041249_553980-003820.parquet,real_data_sample\l2_unseen_validation\trade_date=2026-07-17\exchange=NSE\symbol=HDFCBANK\part-041249_553980-003820.parquet,35990,downloaded,35990,
2026-07-17,NSE,HDFCBANK,raw_l2/trade_date=2026-07-17/exchange=NSE/symbol=HDFCBANK/part-041303_273905-003852.parquet,real_data_sample\l2_unseen_validation\trade_date=2026-07-17\exchange=NSE\symbol=HDFCBANK\part-041303_273905-003852.parquet,35676,downloaded,35676,
2026-07-17,NSE,HDFCBANK,raw_l2/trade_date=2026-07-17/exchange=NSE/symbol=HDFCBANK/part-041331_329298-003916.parquet,real_data_sample\l2_unseen_validation\trade_date=2026-07-17\exchange=NSE\symbol=HDFCBANK\part-041331_329298-003916.parquet,36187,downloaded,36187,
2026-07-17,NSE,HDFCBANK,raw_l2/trade_date=2026-07-17/exchange=NSE/symbol=HDFCBANK/part-041359_391503-003980.parquet,real_data_sample\l2_unseen_validation\trade_date=2026-07-17\exchange=NSE\symbol=HDFCBANK\part-041359_391503-003980.parquet,36342,downloaded,36342,
2026-07-17,NSE,HDFCBANK,raw_l2/trade_date=2026-07-17/exchange=NSE/symbol=HDFCBANK/part-041413_550617-004012.parquet,real_data_sample\l2_unseen_validation\trade_date=2026-07-17\exchange=NSE\symbol=HDFCBANK\part-041413_550617-004012.parquet,36036,downloaded,36036,
2026-07-17,NSE,HDFCBANK,raw_l2/trade_date=2026-07-17/exchange=NSE/symbol=HDFCBANK/part-041441_562995-004076.parquet,real_data_sample\l2_unseen_validation\trade_date=2026-07-17\exchange=NSE\symbol=HDFCBANK\part-041441_562995-004076.parquet,36181,downloaded,36181,
2026-07-17,NSE,HDFCBANK,raw_l2/trade_date=2026-07-17/exchange=NSE/symbol=HDFCBANK/part-041427_499817-004044.parquet,real_data_sample\l2_unseen_validation\trade_date=2026-07-17\exchange=NSE\symbol=HDFCBANK\part-041427_499817-004044.parquet,35944,downloaded,35944,
2026-07-17,NSE,HDFCBANK,raw_l2/trade_date=2026-07-17/exchange=NSE/symbol=HDFCBANK/part-041509_491755-004140.parquet,real_data_sample\l2_unseen_validation\trade_date=2026-07-17\exchange=NSE\symbol=HDFCBANK\part-041509_491755-004140.parquet,35737,downloaded,35737,
2026-07-17,NSE,HDFCBANK,raw_l2/trade_date=2026-07-17/exchange=NSE/symbol=HDFCBANK/part-041345_385945-003948.parquet,real_data_sample\l2_unseen_validation\trade_date=2026-07-17\exchange=NSE\symbol=HDFCBANK\part-041345_385945-003948.parquet,36186,downloaded,36186,
2026-07-17,NSE,HDFCBANK,raw_l2/trade_date=2026-07-17/exchange=NSE/symbol=HDFCBANK/part-041455_505501-004108.parquet,real_data_sample\l2_unseen_validation\trade_date=2026-07-17\exchange=NSE\symbol=HDFCBANK\part-041455_505501-004108.parquet,35731,downloaded,35731,
2026-07-17,NSE,HDFCBANK,raw_l2/trade_date=2026-07-17/exchange=NSE/symbol=HDFCBANK/part-041317_232701-003884.parquet,real_data_sample\l2_unseen_validation\trade_date=2026-07-17\exchange=NSE\symbol=HDFCBANK\part-041317_232701-003884.parquet,36138,downloaded,36138,
2026-07-17,NSE,HDFCBANK,raw_l2/trade_date=2026-07-17/exchange=NSE/symbol=HDFCBANK/part-041537_211318-004204.parquet,real_data_sample\l2_unseen_validation\trade_date=2026-07-17\exchange=NSE\symbol=HDFCBANK\part-041537_211318-004204.parquet,36060,downloaded,36060,
2026-07-17,NSE,HDFCBANK,raw_l2/trade_date=2026-07-17/exchange=NSE/symbol=HDFCBANK/part-041552_442075-004236.parquet,real_data_sample\l2_unseen_validation\trade_date=2026-07-17\exchange=NSE\symbol=HDFCBANK\part-041552_442075-004236.parquet,36157,downloaded,36157,
2026-07-17,NSE,HDFCBANK,raw_l2/trade_date=2026-07-17/exchange=NSE/symbol=HDFCBANK/part-041606_253143-004268.parquet,real_data_sample\l2_unseen_validation\trade_date=2026-07-17\exchange=NSE\symbol=HDFCBANK\part-041606_253143-004268.parquet,35963,downloaded,35963,
2026-07-17,NSE,HDFCBANK,raw_l2/trade_date=2026-07-17/exchange=NSE/symbol=HDFCBANK/part-041523_320751-004172.parquet,real_data_sample\l2_unseen_validation\trade_date=2026-07-17\exchange=NSE\symbol=HDFCBANK\part-041523_320751-004172.parquet,36281,downloaded,36281,
2026-07-17,NSE,HDFCBANK,raw_l2/trade_date=2026-07-17/exchange=NSE/symbol=HDFCBANK/part-041620_022072-004300.parquet,real_data_sample\l2_unseen_validation\trade_date=2026-07-17\exchange=NSE\symbol=HDFCBANK\part-041620_022072-004300.parquet,36162,downloaded,36162,
2026-07-17,NSE,HDFCBANK,raw_l2/trade_date=2026-07-17/exchange=NSE/symbol=HDFCBANK/part-041852_542130-004652.parquet,real_data_sample\l2_unseen_validation\trade_date=2026-07-17\exchange=NSE\symbol=HDFCBANK\part-041852_542130-004652.parquet,35203,downloaded,35203,
2026-07-17,NSE,HDFCBANK,raw_l2/trade_date=2026-07-17/exchange=NSE/symbol=HDFCBANK/part-041743_437624-004492.parquet,real_data_sample\l2_unseen_validation\trade_date=2026-07-17\exchange=NSE\symbol=HDFCBANK\part-041743_437624-004492.parquet,36596,downloaded,36596,
2026-07-17,NSE,HDFCBANK,raw_l2/trade_date=2026-07-17/exchange=NSE/symbol=HDFCBANK/part-041838_530934-004620.parquet,real_data_sample\l2_unseen_validation\trade_date=2026-07-17\exchange=NSE\symbol=HDFCBANK\part-041838_530934-004620.parquet,35849,downloaded,35849,
2026-07-17,NSE,HDFCBANK,raw_l2/trade_date=2026-07-17/exchange=NSE/symbol=HDFCBANK/part-041907_027251-004684.parquet,real_data_sample\l2_unseen_validation\trade_date=2026-07-17\exchange=NSE\symbol=HDFCBANK\part-041907_027251-004684.parquet,36154,downloaded,36154,
2026-07-17,NSE,HDFCBANK,raw_l2/trade_date=2026-07-17/exchange=NSE/symbol=HDFCBANK/part-041810_932697-004556.parquet,real_data_sample\l2_unseen_validation\trade_date=2026-07-17\exchange=NSE\symbol=HDFCBANK\part-041810_932697-004556.parquet,35768,downloaded,35768,
2026-07-17,NSE,HDFCBANK,raw_l2/trade_date=2026-07-17/exchange=NSE/symbol=HDFCBANK/part-041824_701985-004588.parquet,real_data_sample\l2_unseen_validation\trade_date=2026-07-17\exchange=NSE\symbol=HDFCBANK\part-041824_701985-004588.parquet,36162,downloaded,36162,
2026-07-17,NSE,HDFCBANK,raw_l2/trade_date=2026-07-17/exchange=NSE/symbol=HDFCBANK/part-041729_501016-004460.parquet,real_data_sample\l2_unseen_validation\trade_date=2026-07-17\exchange=NSE\symbol=HDFCBANK\part-041729_501016-004460.parquet,36310,downloaded,36310,
2026-07-17,NSE,HDFCBANK,raw_l2/trade_date=2026-07-17/exchange=NSE/symbol=HDFCBANK/part-041935_522803-004748.parquet,real_data_sample\l2_unseen_validation\trade_date=2026-07-17\exchange=NSE\symbol=HDFCBANK\part-041935_522803-004748.parquet,36199,downloaded,36199,
2026-07-17,NSE,HDFCBANK,raw_l2/trade_date=2026-07-17/exchange=NSE/symbol=HDFCBANK/part-041921_418549-004716.parquet,real_data_sample\l2_unseen_validation\trade_date=2026-07-17\exchange=NSE\symbol=HDFCBANK\part-041921_418549-004716.parquet,36016,downloaded,36016,
2026-07-17,NSE,HDFCBANK,raw_l2/trade_date=2026-07-17/exchange=NSE/symbol=HDFCBANK/part-041633_685691-004332.parquet,real_data_sample\l2_unseen_validation\trade_date=2026-07-17\exchange=NSE\symbol=HDFCBANK\part-041633_685691-004332.parquet,36008,downloaded,36008,
2026-07-17,NSE,HDFCBANK,raw_l2/trade_date=2026-07-17/exchange=NSE/symbol=HDFCBANK/part-041647_509740-004364.parquet,real_data_sample\l2_unseen_validation\trade_date=2026-07-17\exchange=NSE\symbol=HDFCBANK\part-041647_509740-004364.parquet,36663,downloaded,36663,
2026-07-17,NSE,HDFCBANK,raw_l2/trade_date=2026-07-17/exchange=NSE/symbol=HDFCBANK/part-041715_206975-004428.parquet,real_data_sample\l2_unseen_validation\trade_date=2026-07-17\exchange=NSE\symbol=HDFCBANK\part-041715_206975-004428.parquet,35991,downloaded,35991,
2026-07-17,NSE,HDFCBANK,raw_l2/trade_date=2026-07-17/exchange=NSE/symbol=HDFCBANK/part-041701_483652-004396.parquet,real_data_sample\l2_unseen_validation\trade_date=2026-07-17\exchange=NSE\symbol=HDFCBANK\part-041701_483652-004396.parquet,36139,downloaded,36139,
2026-07-17,NSE,HDFCBANK,raw_l2/trade_date=2026-07-17/exchange=NSE/symbol=HDFCBANK/part-041757_257160-004524.parquet,real_data_sample\l2_unseen_validation\trade_date=2026-07-17\exchange=NSE\symbol=HDFCBANK\part-041757_257160-004524.parquet,35607,downloaded,35607,
2026-07-17,NSE,HDFCBANK,raw_l2/trade_date=2026-07-17/exchange=NSE/symbol=HDFCBANK/part-042003_479424-004812.parquet,real_data_sample\l2_unseen_validation\trade_date=2026-07-17\exchange=NSE\symbol=HDFCBANK\part-042003_479424-004812.parquet,36064,downloaded,36064,
2026-07-17,NSE,HDFCBANK,raw_l2/trade_date=2026-07-17/exchange=NSE/symbol=HDFCBANK/part-042058_927242-004940.parquet,real_data_sample\l2_unseen_validation\trade_date=2026-07-17\exchange=NSE\symbol=HDFCBANK\part-042058_927242-004940.parquet,35689,downloaded,35689,
2026-07-17,NSE,HDFCBANK,raw_l2/trade_date=2026-07-17/exchange=NSE/symbol=HDFCBANK/part-042304_441197-005228.parquet,real_data_sample\l2_unseen_validation\trade_date=2026-07-17\exchange=NSE\symbol=HDFCBANK\part-042304_441197-005228.parquet,35950,downloaded,35950,
2026-07-17,NSE,HDFCBANK,raw_l2/trade_date=2026-07-17/exchange=NSE/symbol=HDFCBANK/part-042031_281876-004876.parquet,real_data_sample\l2_unseen_validation\trade_date=2026-07-17\exchange=NSE\symbol=HDFCBANK\part-042031_281876-004876.parquet,35901,downloaded,35901,
2026-07-17,NSE,HDFCBANK,raw_l2/trade_date=2026-07-17/exchange=NSE/symbol=HDFCBANK/part-042236_715511-005164.parquet,real_data_sample\l2_unseen_validation\trade_date=2026-07-17\exchange=NSE\symbol=HDFCBANK\part-042236_715511-005164.parquet,36004,downloaded,36004,
2026-07-17,NSE,HDFCBANK,raw_l2/trade_date=2026-07-17/exchange=NSE/symbol=HDFCBANK/part-042112_751128-004972.parquet,real_data_sample\l2_unseen_validation\trade_date=2026-07-17\exchange=NSE\symbol=HDFCBANK\part-042112_751128-004972.parquet,35513,downloaded,35513,
2026-07-17,NSE,HDFCBANK,raw_l2/trade_date=2026-07-17/exchange=NSE/symbol=HDFCBANK/part-042045_235268-004908.parquet,real_data_sample\l2_unseen_validation\trade_date=2026-07-17\exchange=NSE\symbol=HDFCBANK\part-042045_235268-004908.parquet,35825,downloaded,35825,
2026-07-17,NSE,HDFCBANK,raw_l2/trade_date=2026-07-17/exchange=NSE/symbol=HDFCBANK/part-041949_573789-004780.parquet,real_data_sample\l2_unseen_validation\trade_date=2026-07-17\exchange=NSE\symbol=HDFCBANK\part-041949_573789-004780.parquet,36416,downloaded,36416,
2026-07-17,NSE,HDFCBANK,raw_l2/trade_date=2026-07-17/exchange=NSE/symbol=HDFCBANK/part-042126_532883-005004.parquet,real_data_sample\l2_unseen_validation\trade_date=2026-07-17\exchange=NSE\symbol=HDFCBANK\part-042126_532883-005004.parquet,34753,downloaded,34753,
2026-07-17,NSE,HDFCBANK,raw_l2/trade_date=2026-07-17/exchange=NSE/symbol=HDFCBANK/part-042017_504066-004844.parquet,real_data_sample\l2_unseen_validation\trade_date=2026-07-17\exchange=NSE\symbol=HDFCBANK\part-042017_504066-004844.parquet,35860,downloaded,35860,
2026-07-17,NSE,HDFCBANK,raw_l2/trade_date=2026-07-17/exchange=NSE/symbol=HDFCBANK/part-042250_517562-005196.parquet,real_data_sample\l2_unseen_validation\trade_date=2026-07-17\exchange=NSE\symbol=HDFCBANK\part-042250_517562-005196.parquet,36167,downloaded,36167,
2026-07-17,NSE,HDFCBANK,raw_l2/trade_date=2026-07-17/exchange=NSE/symbol=HDFCBANK/part-042318_537679-005260.parquet,real_data_sample\l2_unseen_validation\trade_date=2026-07-17\exchange=NSE\symbol=HDFCBANK\part-042318_537679-005260.parquet,36278,downloaded,36278,
2026-07-17,NSE,HDFCBANK,raw_l2/trade_date=2026-07-17/exchange=NSE/symbol=HDFCBANK/part-042154_775524-005068.parquet,real_data_sample\l2_unseen_validation\trade_date=2026-07-17\exchange=NSE\symbol=HDFCBANK\part-042154_775524-005068.parquet,34791,downloaded,34791,
2026-07-17,NSE,HDFCBANK,raw_l2/trade_date=2026-07-17/exchange=NSE/symbol=HDFCBANK/part-042208_773687-005100.parquet,real_data_sample\l2_unseen_validation\trade_date=2026-07-17\exchange=NSE\symbol=HDFCBANK\part-042208_773687-005100.parquet,34776,downloaded,34776,
2026-07-17,NSE,HDFCBANK,raw_l2/trade_date=2026-07-17/exchange=NSE/symbol=HDFCBANK/part-042140_762894-005036.parquet,real_data_sample\l2_unseen_validation\trade_date=2026-07-17\exchange=NSE\symbol=HDFCBANK\part-042140_762894-005036.parquet,34802,downloaded,34802,
2026-07-17,NSE,HDFCBANK,raw_l2/trade_date=2026-07-17/exchange=NSE/symbol=HDFCBANK/part-042332_501280-005292.parquet,real_data_sample\l2_unseen_validation\trade_date=2026-07-17\exchange=NSE\symbol=HDFCBANK\part-042332_501280-005292.parquet,36270,downloaded,36270,
2026-07-17,NSE,HDFCBANK,raw_l2/trade_date=2026-07-17/exchange=NSE/symbol=HDFCBANK/part-040504_985203-002764.parquet,real_data_sample\l2_unseen_validation\trade_date=2026-07-17\exchange=NSE\symbol=HDFCBANK\part-040504_985203-002764.parquet,36308,downloaded,36308,
2026-07-17,NSE,HDFCBANK,raw_l2/trade_date=2026-07-17/exchange=NSE/symbol=HDFCBANK/part-042222_840832-005132.parquet,real_data_sample\l2_unseen_validation\trade_date=2026-07-17\exchange=NSE\symbol=HDFCBANK\part-042222_840832-005132.parquet,36047,downloaded,36047,
2026-07-17,NSE,HDFCBANK,raw_l2/trade_date=2026-07-17/exchange=NSE/symbol=HDFCBANK/part-042400_472127-005356.parquet,real_data_sample\l2_unseen_validation\trade_date=2026-07-17\exchange=NSE\symbol=HDFCBANK\part-042400_472127-005356.parquet,36124,downloaded,36124,
2026-07-17,NSE,HDFCBANK,raw_l2/trade_date=2026-07-17/exchange=NSE/symbol=HDFCBANK/part-042455_962837-005484.parquet,real_data_sample\l2_unseen_validation\trade_date=2026-07-17\exchange=NSE\symbol=HDFCBANK\part-042455_962837-005484.parquet,35899,downloaded,35899,
2026-07-17,NSE,HDFCBANK,raw_l2/trade_date=2026-07-17/exchange=NSE/symbol=HDFCBANK/part-042414_261712-005388.parquet,real_data_sample\l2_unseen_validation\trade_date=2026-07-17\exchange=NSE\symbol=HDFCBANK\part-042414_261712-005388.parquet,35874,downloaded,35874,
2026-07-17,NSE,HDFCBANK,raw_l2/trade_date=2026-07-17/exchange=NSE/symbol=HDFCBANK/part-042523_608440-005548.parquet,real_data_sample\l2_unseen_validation\trade_date=2026-07-17\exchange=NSE\symbol=HDFCBANK\part-042523_608440-005548.parquet,36473,downloaded,36473,
2026-07-17,NSE,HDFCBANK,raw_l2/trade_date=2026-07-17/exchange=NSE/symbol=HDFCBANK/part-042634_079736-005708.parquet,real_data_sample\l2_unseen_validation\trade_date=2026-07-17\exchange=NSE\symbol=HDFCBANK\part-042634_079736-005708.parquet,35929,downloaded,35929,
2026-07-17,NSE,HDFCBANK,raw_l2/trade_date=2026-07-17/exchange=NSE/symbol=HDFCBANK/part-042509_744963-005516.parquet,real_data_sample\l2_unseen_validation\trade_date=2026-07-17\exchange=NSE\symbol=HDFCBANK\part-042509_744963-005516.parquet,36136,downloaded,36136,
2026-07-17,NSE,HDFCBANK,raw_l2/trade_date=2026-07-17/exchange=NSE/symbol=HDFCBANK/part-042346_519657-005324.parquet,real_data_sample\l2_unseen_validation\trade_date=2026-07-17\exchange=NSE\symbol=HDFCBANK\part-042346_519657-005324.parquet,35910,downloaded,35910,
2026-07-17,NSE,HDFCBANK,raw_l2/trade_date=2026-07-17/exchange=NSE/symbol=HDFCBANK/part-042428_263866-005420.parquet,real_data_sample\l2_unseen_validation\trade_date=2026-07-17\exchange=NSE\symbol=HDFCBANK\part-042428_263866-005420.parquet,35933,downloaded,35933,
2026-07-17,NSE,HDFCBANK,raw_l2/trade_date=2026-07-17/exchange=NSE/symbol=HDFCBANK/part-042442_312819-005452.parquet,real_data_sample\l2_unseen_validation\trade_date=2026-07-17\exchange=NSE\symbol=HDFCBANK\part-042442_312819-005452.parquet,35846,downloaded,35846,
2026-07-17,NSE,HDFCBANK,raw_l2/trade_date=2026-07-17/exchange=NSE/symbol=HDFCBANK/part-042648_050037-005740.parquet,real_data_sample\l2_unseen_validation\trade_date=2026-07-17\exchange=NSE\symbol=HDFCBANK\part-042648_050037-005740.parquet,36344,downloaded,36344,
2026-07-17,NSE,HDFCBANK,raw_l2/trade_date=2026-07-17/exchange=NSE/symbol=HDFCBANK/part-042551_719590-005612.parquet,real_data_sample\l2_unseen_validation\trade_date=2026-07-17\exchange=NSE\symbol=HDFCBANK\part-042551_719590-005612.parquet,36249,downloaded,36249,
2026-07-17,NSE,HDFCBANK,raw_l2/trade_date=2026-07-17/exchange=NSE/symbol=HDFCBANK/part-042605_883322-005644.parquet,real_data_sample\l2_unseen_validation\trade_date=2026-07-17\exchange=NSE\symbol=HDFCBANK\part-042605_883322-005644.parquet,35725,downloaded,35725,
2026-07-17,NSE,HDFCBANK,raw_l2/trade_date=2026-07-17/exchange=NSE/symbol=HDFCBANK/part-042619_856939-005676.parquet,real_data_sample\l2_unseen_validation\trade_date=2026-07-17\exchange=NSE\symbol=HDFCBANK\part-042619_856939-005676.parquet,36503,downloaded,36503,
2026-07-17,NSE,HDFCBANK,raw_l2/trade_date=2026-07-17/exchange=NSE/symbol=HDFCBANK/part-042537_847769-005580.parquet,real_data_sample\l2_unseen_validation\trade_date=2026-07-17\exchange=NSE\symbol=HDFCBANK\part-042537_847769-005580.parquet,35756,downloaded,35756,
2026-07-17,NSE,HDFCBANK,raw_l2/trade_date=2026-07-17/exchange=NSE/symbol=HDFCBANK/part-042730_138962-005836.parquet,real_data_sample\l2_unseen_validation\trade_date=2026-07-17\exchange=NSE\symbol=HDFCBANK\part-042730_138962-005836.parquet,35925,downloaded,35925,
2026-07-17,NSE,HDFCBANK,raw_l2/trade_date=2026-07-17/exchange=NSE/symbol=HDFCBANK/part-042702_080676-005772.parquet,real_data_sample\l2_unseen_validation\trade_date=2026-07-17\exchange=NSE\symbol=HDFCBANK\part-042702_080676-005772.parquet,36220,downloaded,36220,
2026-07-17,NSE,HDFCBANK,raw_l2/trade_date=2026-07-17/exchange=NSE/symbol=HDFCBANK/part-042716_045678-005804.parquet,real_data_sample\l2_unseen_validation\trade_date=2026-07-17\exchange=NSE\symbol=HDFCBANK\part-042716_045678-005804.parquet,35855,downloaded,35855,
2026-07-17,NSE,HDFCBANK,raw_l2/trade_date=2026-07-17/exchange=NSE/symbol=HDFCBANK/part-042839_512481-005996.parquet,real_data_sample\l2_unseen_validation\trade_date=2026-07-17\exchange=NSE\symbol=HDFCBANK\part-042839_512481-005996.parquet,36356,downloaded,36356,
2026-07-17,NSE,HDFCBANK,raw_l2/trade_date=2026-07-17/exchange=NSE/symbol=HDFCBANK/part-042921_307558-006092.parquet,real_data_sample\l2_unseen_validation\trade_date=2026-07-17\exchange=NSE\symbol=HDFCBANK\part-042921_307558-006092.parquet,36297,downloaded,36297,
2026-07-17,NSE,HDFCBANK,raw_l2/trade_date=2026-07-17/exchange=NSE/symbol=HDFCBANK/part-042907_320052-006060.parquet,real_data_sample\l2_unseen_validation\trade_date=2026-07-17\exchange=NSE\symbol=HDFCBANK\part-042907_320052-006060.parquet,35779,downloaded,35779,
2026-07-17,NSE,HDFCBANK,raw_l2/trade_date=2026-07-17/exchange=NSE/symbol=HDFCBANK/part-042853_475821-006028.parquet,real_data_sample\l2_unseen_validation\trade_date=2026-07-17\exchange=NSE\symbol=HDFCBANK\part-042853_475821-006028.parquet,36069,downloaded,36069,
2026-07-17,NSE,HDFCBANK,raw_l2/trade_date=2026-07-17/exchange=NSE/symbol=HDFCBANK/part-042743_944035-005868.parquet,real_data_sample\l2_unseen_validation\trade_date=2026-07-17\exchange=NSE\symbol=HDFCBANK\part-042743_944035-005868.parquet,36177,downloaded,36177,
2026-07-17,NSE,HDFCBANK,raw_l2/trade_date=2026-07-17/exchange=NSE/symbol=HDFCBANK/part-042811_505606-005932.parquet,real_data_sample\l2_unseen_validation\trade_date=2026-07-17\exchange=NSE\symbol=HDFCBANK\part-042811_505606-005932.parquet,35862,downloaded,35862,
2026-07-17,NSE,HDFCBANK,raw_l2/trade_date=2026-07-17/exchange=NSE/symbol=HDFCBANK/part-042757_712464-005900.parquet,real_data_sample\l2_unseen_validation\trade_date=2026-07-17\exchange=NSE\symbol=HDFCBANK\part-042757_712464-005900.parquet,35618,downloaded,35618,
2026-07-17,NSE,HDFCBANK,raw_l2/trade_date=2026-07-17/exchange=NSE/symbol=HDFCBANK/part-042825_555945-005964.parquet,real_data_sample\l2_unseen_validation\trade_date=2026-07-17\exchange=NSE\symbol=HDFCBANK\part-042825_555945-005964.parquet,36012,downloaded,36012,
2026-07-17,NSE,HDFCBANK,raw_l2/trade_date=2026-07-17/exchange=NSE/symbol=HDFCBANK/part-043058_997434-006316.parquet,real_data_sample\l2_unseen_validation\trade_date=2026-07-17\exchange=NSE\symbol=HDFCBANK\part-043058_997434-006316.parquet,36431,downloaded,36431,
2026-07-17,NSE,HDFCBANK,raw_l2/trade_date=2026-07-17/exchange=NSE/symbol=HDFCBANK/part-042935_319499-006124.parquet,real_data_sample\l2_unseen_validation\trade_date=2026-07-17\exchange=NSE\symbol=HDFCBANK\part-042935_319499-006124.parquet,36100,downloaded,36100,
2026-07-17,NSE,HDFCBANK,raw_l2/trade_date=2026-07-17/exchange=NSE/symbol=HDFCBANK/part-043031_535858-006252.parquet,real_data_sample\l2_unseen_validation\trade_date=2026-07-17\exchange=NSE\symbol=HDFCBANK\part-043031_535858-006252.parquet,36172,downloaded,36172,
2026-07-17,NSE,HDFCBANK,raw_l2/trade_date=2026-07-17/exchange=NSE/symbol=HDFCBANK/part-043003_297294-006188.parquet,real_data_sample\l2_unseen_validation\trade_date=2026-07-17\exchange=NSE\symbol=HDFCBANK\part-043003_297294-006188.parquet,35558,downloaded,35558,
2026-07-17,NSE,HDFCBANK,raw_l2/trade_date=2026-07-17/exchange=NSE/symbol=HDFCBANK/part-043017_577693-006220.parquet,real_data_sample\l2_unseen_validation\trade_date=2026-07-17\exchange=NSE\symbol=HDFCBANK\part-043017_577693-006220.parquet,36614,downloaded,36614,
2026-07-17,NSE,HDFCBANK,raw_l2/trade_date=2026-07-17/exchange=NSE/symbol=HDFCBANK/part-042949_275232-006156.parquet,real_data_sample\l2_unseen_validation\trade_date=2026-07-17\exchange=NSE\symbol=HDFCBANK\part-042949_275232-006156.parquet,35843,downloaded,35843,
2026-07-17,NSE,HDFCBANK,raw_l2/trade_date=2026-07-17/exchange=NSE/symbol=HDFCBANK/part-043113_052834-006348.parquet,real_data_sample\l2_unseen_validation\trade_date=2026-07-17\exchange=NSE\symbol=HDFCBANK\part-043113_052834-006348.parquet,35747,downloaded,35747,
2026-07-17,NSE,HDFCBANK,raw_l2/trade_date=2026-07-17/exchange=NSE/symbol=HDFCBANK/part-043127_263387-006380.parquet,real_data_sample\l2_unseen_validation\trade_date=2026-07-17\exchange=NSE\symbol=HDFCBANK\part-043127_263387-006380.parquet,35939,downloaded,35939,
2026-07-17,NSE,HDFCBANK,raw_l2/trade_date=2026-07-17/exchange=NSE/symbol=HDFCBANK/part-043155_258459-006444.parquet,real_data_sample\l2_unseen_validation\trade_date=2026-07-17\exchange=NSE\symbol=HDFCBANK\part-043155_258459-006444.parquet,35757,downloaded,35757,
2026-07-17,NSE,HDFCBANK,raw_l2/trade_date=2026-07-17/exchange=NSE/symbol=HDFCBANK/part-043209_290460-006476.parquet,real_data_sample\l2_unseen_validation\trade_date=2026-07-17\exchange=NSE\symbol=HDFCBANK\part-043209_290460-006476.parquet,36045,downloaded,36045,
2026-07-17,NSE,HDFCBANK,raw_l2/trade_date=2026-07-17/exchange=NSE/symbol=HDFCBANK/part-043223_627641-006508.parquet,real_data_sample\l2_unseen_validation\trade_date=2026-07-17\exchange=NSE\symbol=HDFCBANK\part-043223_627641-006508.parquet,35935,downloaded,35935,
2026-07-17,NSE,HDFCBANK,raw_l2/trade_date=2026-07-17/exchange=NSE/symbol=HDFCBANK/part-043333_790727-006668.parquet,real_data_sample\l2_unseen_validation\trade_date=2026-07-17\exchange=NSE\symbol=HDFCBANK\part-043333_790727-006668.parquet,35996,downloaded,35996,
2026-07-17,NSE,HDFCBANK,raw_l2/trade_date=2026-07-17/exchange=NSE/symbol=HDFCBANK/part-043141_369481-006412.parquet,real_data_sample\l2_unseen_validation\trade_date=2026-07-17\exchange=NSE\symbol=HDFCBANK\part-043141_369481-006412.parquet,36011,downloaded,36011,
2026-07-17,NSE,HDFCBANK,raw_l2/trade_date=2026-07-17/exchange=NSE/symbol=HDFCBANK/part-043305_538048-006604.parquet,real_data_sample\l2_unseen_validation\trade_date=2026-07-17\exchange=NSE\symbol=HDFCBANK\part-043305_538048-006604.parquet,35602,downloaded,35602,
2026-07-17,NSE,HDFCBANK,raw_l2/trade_date=2026-07-17/exchange=NSE/symbol=HDFCBANK/part-043237_767673-006540.parquet,real_data_sample\l2_unseen_validation\trade_date=2026-07-17\exchange=NSE\symbol=HDFCBANK\part-043237_767673-006540.parquet,35557,downloaded,35557,
2026-07-17,NSE,HDFCBANK,raw_l2/trade_date=2026-07-17/exchange=NSE/symbol=HDFCBANK/part-043319_630066-006636.parquet,real_data_sample\l2_unseen_validation\trade_date=2026-07-17\exchange=NSE\symbol=HDFCBANK\part-043319_630066-006636.parquet,36136,downloaded,36136,
2026-07-17,NSE,HDFCBANK,raw_l2/trade_date=2026-07-17/exchange=NSE/symbol=HDFCBANK/part-043251_708587-006572.parquet,real_data_sample\l2_unseen_validation\trade_date=2026-07-17\exchange=NSE\symbol=HDFCBANK\part-043251_708587-006572.parquet,36400,downloaded,36400,
2026-07-17,NSE,HDFCBANK,raw_l2/trade_date=2026-07-17/exchange=NSE/symbol=HDFCBANK/part-043347_812179-006700.parquet,real_data_sample\l2_unseen_validation\trade_date=2026-07-17\exchange=NSE\symbol=HDFCBANK\part-043347_812179-006700.parquet,35836,downloaded,35836,
2026-07-17,NSE,HDFCBANK,raw_l2/trade_date=2026-07-17/exchange=NSE/symbol=HDFCBANK/part-043401_739026-006732.parquet,real_data_sample\l2_unseen_validation\trade_date=2026-07-17\exchange=NSE\symbol=HDFCBANK\part-043401_739026-006732.parquet,35859,downloaded,35859,
2026-07-17,NSE,HDFCBANK,raw_l2/trade_date=2026-07-17/exchange=NSE/symbol=HDFCBANK/part-043443_770037-006828.parquet,real_data_sample\l2_unseen_validation\trade_date=2026-07-17\exchange=NSE\symbol=HDFCBANK\part-043443_770037-006828.parquet,36198,downloaded,36198,
2026-07-17,NSE,HDFCBANK,raw_l2/trade_date=2026-07-17/exchange=NSE/symbol=HDFCBANK/part-043457_570759-006860.parquet,real_data_sample\l2_unseen_validation\trade_date=2026-07-17\exchange=NSE\symbol=HDFCBANK\part-043457_570759-006860.parquet,36200,downloaded,36200,
2026-07-17,NSE,HDFCBANK,raw_l2/trade_date=2026-07-17/exchange=NSE/symbol=HDFCBANK/part-043415_886849-006764.parquet,real_data_sample\l2_unseen_validation\trade_date=2026-07-17\exchange=NSE\symbol=HDFCBANK\part-043415_886849-006764.parquet,35918,downloaded,35918,
2026-07-17,NSE,HDFCBANK,raw_l2/trade_date=2026-07-17/exchange=NSE/symbol=HDFCBANK/part-043429_809074-006796.parquet,real_data_sample\l2_unseen_validation\trade_date=2026-07-17\exchange=NSE\symbol=HDFCBANK\part-043429_809074-006796.parquet,35420,downloaded,35420,
2026-07-17,NSE,HDFCBANK,raw_l2/trade_date=2026-07-17/exchange=NSE/symbol=HDFCBANK/part-043511_257678-006892.parquet,real_data_sample\l2_unseen_validation\trade_date=2026-07-17\exchange=NSE\symbol=HDFCBANK\part-043511_257678-006892.parquet,36068,downloaded,36068,
2026-07-17,NSE,HDFCBANK,raw_l2/trade_date=2026-07-17/exchange=NSE/symbol=HDFCBANK/part-043730_878797-007212.parquet,real_data_sample\l2_unseen_validation\trade_date=2026-07-17\exchange=NSE\symbol=HDFCBANK\part-043730_878797-007212.parquet,36001,downloaded,36001,
2026-07-17,NSE,HDFCBANK,raw_l2/trade_date=2026-07-17/exchange=NSE/symbol=HDFCBANK/part-043717_012872-007180.parquet,real_data_sample\l2_unseen_validation\trade_date=2026-07-17\exchange=NSE\symbol=HDFCBANK\part-043717_012872-007180.parquet,35897,downloaded,35897,
2026-07-17,NSE,HDFCBANK,raw_l2/trade_date=2026-07-17/exchange=NSE/symbol=HDFCBANK/part-043539_019336-006956.parquet,real_data_sample\l2_unseen_validation\trade_date=2026-07-17\exchange=NSE\symbol=HDFCBANK\part-043539_019336-006956.parquet,35495,downloaded,35495,
2026-07-17,NSE,HDFCBANK,raw_l2/trade_date=2026-07-17/exchange=NSE/symbol=HDFCBANK/part-043634_930844-007084.parquet,real_data_sample\l2_unseen_validation\trade_date=2026-07-17\exchange=NSE\symbol=HDFCBANK\part-043634_930844-007084.parquet,36025,downloaded,36025,
2026-07-17,NSE,HDFCBANK,raw_l2/trade_date=2026-07-17/exchange=NSE/symbol=HDFCBANK/part-043607_042172-007020.parquet,real_data_sample\l2_unseen_validation\trade_date=2026-07-17\exchange=NSE\symbol=HDFCBANK\part-043607_042172-007020.parquet,36145,downloaded,36145,
2026-07-17,NSE,HDFCBANK,raw_l2/trade_date=2026-07-17/exchange=NSE/symbol=HDFCBANK/part-043525_287167-006924.parquet,real_data_sample\l2_unseen_validation\trade_date=2026-07-17\exchange=NSE\symbol=HDFCBANK\part-043525_287167-006924.parquet,36180,downloaded,36180,
2026-07-17,NSE,HDFCBANK,raw_l2/trade_date=2026-07-17/exchange=NSE/symbol=HDFCBANK/part-043649_107528-007116.parquet,real_data_sample\l2_unseen_validation\trade_date=2026-07-17\exchange=NSE\symbol=HDFCBANK\part-043649_107528-007116.parquet,35443,downloaded,35443,
2026-07-17,NSE,HDFCBANK,raw_l2/trade_date=2026-07-17/exchange=NSE/symbol=HDFCBANK/part-043620_998004-007052.parquet,real_data_sample\l2_unseen_validation\trade_date=2026-07-17\exchange=NSE\symbol=HDFCBANK\part-043620_998004-007052.parquet,35974,downloaded,35974,
2026-07-17,NSE,HDFCBANK,raw_l2/trade_date=2026-07-17/exchange=NSE/symbol=HDFCBANK/part-043553_006402-006988.parquet,real_data_sample\l2_unseen_validation\trade_date=2026-07-17\exchange=NSE\symbol=HDFCBANK\part-043553_006402-006988.parquet,36008,downloaded,36008,
2026-07-17,NSE,HDFCBANK,raw_l2/trade_date=2026-07-17/exchange=NSE/symbol=HDFCBANK/part-043703_022057-007148.parquet,real_data_sample\l2_unseen_validation\trade_date=2026-07-17\exchange=NSE\symbol=HDFCBANK\part-043703_022057-007148.parquet,36044,downloaded,36044,
2026-07-17,NSE,HDFCBANK,raw_l2/trade_date=2026-07-17/exchange=NSE/symbol=HDFCBANK/part-043826_887329-007340.parquet,real_data_sample\l2_unseen_validation\trade_date=2026-07-17\exchange=NSE\symbol=HDFCBANK\part-043826_887329-007340.parquet,36654,downloaded,36654,
2026-07-17,NSE,HDFCBANK,raw_l2/trade_date=2026-07-17/exchange=NSE/symbol=HDFCBANK/part-043758_479833-007276.parquet,real_data_sample\l2_unseen_validation\trade_date=2026-07-17\exchange=NSE\symbol=HDFCBANK\part-043758_479833-007276.parquet,35379,downloaded,35379,
2026-07-17,NSE,HDFCBANK,raw_l2/trade_date=2026-07-17/exchange=NSE/symbol=HDFCBANK/part-043744_759267-007244.parquet,real_data_sample\l2_unseen_validation\trade_date=2026-07-17\exchange=NSE\symbol=HDFCBANK\part-043744_759267-007244.parquet,35908,downloaded,35908,
2026-07-17,NSE,HDFCBANK,raw_l2/trade_date=2026-07-17/exchange=NSE/symbol=HDFCBANK/part-043812_257261-007308.parquet,real_data_sample\l2_unseen_validation\trade_date=2026-07-17\exchange=NSE\symbol=HDFCBANK\part-043812_257261-007308.parquet,35847,downloaded,35847,
2026-07-17,NSE,HDFCBANK,raw_l2/trade_date=2026-07-17/exchange=NSE/symbol=HDFCBANK/part-044112_481484-007724.parquet,real_data_sample\l2_unseen_validation\trade_date=2026-07-17\exchange=NSE\symbol=HDFCBANK\part-044112_481484-007724.parquet,35849,downloaded,35849,
2026-07-17,NSE,HDFCBANK,raw_l2/trade_date=2026-07-17/exchange=NSE/symbol=HDFCBANK/part-044058_680711-007692.parquet,real_data_sample\l2_unseen_validation\trade_date=2026-07-17\exchange=NSE\symbol=HDFCBANK\part-044058_680711-007692.parquet,36124,downloaded,36124,
2026-07-17,NSE,HDFCBANK,raw_l2/trade_date=2026-07-17/exchange=NSE/symbol=HDFCBANK/part-044017_511340-007596.parquet,real_data_sample\l2_unseen_validation\trade_date=2026-07-17\exchange=NSE\symbol=HDFCBANK\part-044017_511340-007596.parquet,35881,downloaded,35881,
2026-07-17,NSE,HDFCBANK,raw_l2/trade_date=2026-07-17/exchange=NSE/symbol=HDFCBANK/part-044126_206988-007756.parquet,real_data_sample\l2_unseen_validation\trade_date=2026-07-17\exchange=NSE\symbol=HDFCBANK\part-044126_206988-007756.parquet,35912,downloaded,35912,
2026-07-17,NSE,HDFCBANK,raw_l2/trade_date=2026-07-17/exchange=NSE/symbol=HDFCBANK/part-043936_178814-007500.parquet,real_data_sample\l2_unseen_validation\trade_date=2026-07-17\exchange=NSE\symbol=HDFCBANK\part-043936_178814-007500.parquet,36093,downloaded,36093,
2026-07-17,NSE,HDFCBANK,raw_l2/trade_date=2026-07-17/exchange=NSE/symbol=HDFCBANK/part-043922_655609-007468.parquet,real_data_sample\l2_unseen_validation\trade_date=2026-07-17\exchange=NSE\symbol=HDFCBANK\part-043922_655609-007468.parquet,36478,downloaded,36478,
2026-07-17,NSE,HDFCBANK,raw_l2/trade_date=2026-07-17/exchange=NSE/symbol=HDFCBANK/part-043855_082045-007404.parquet,real_data_sample\l2_unseen_validation\trade_date=2026-07-17\exchange=NSE\symbol=HDFCBANK\part-043855_082045-007404.parquet,36244,downloaded,36244,
2026-07-17,NSE,HDFCBANK,raw_l2/trade_date=2026-07-17/exchange=NSE/symbol=HDFCBANK/part-044139_955241-007788.parquet,real_data_sample\l2_unseen_validation\trade_date=2026-07-17\exchange=NSE\symbol=HDFCBANK\part-044139_955241-007788.parquet,35723,downloaded,35723,
2026-07-17,NSE,HDFCBANK,raw_l2/trade_date=2026-07-17/exchange=NSE/symbol=HDFCBANK/part-043908_981918-007436.parquet,real_data_sample\l2_unseen_validation\trade_date=2026-07-17\exchange=NSE\symbol=HDFCBANK\part-043908_981918-007436.parquet,36283,downloaded,36283,
2026-07-17,NSE,HDFCBANK,raw_l2/trade_date=2026-07-17/exchange=NSE/symbol=HDFCBANK/part-043841_025110-007372.parquet,real_data_sample\l2_unseen_validation\trade_date=2026-07-17\exchange=NSE\symbol=HDFCBANK\part-043841_025110-007372.parquet,36058,downloaded,36058,
2026-07-17,NSE,HDFCBANK,raw_l2/trade_date=2026-07-17/exchange=NSE/symbol=HDFCBANK/part-044044_958867-007660.parquet,real_data_sample\l2_unseen_validation\trade_date=2026-07-17\exchange=NSE\symbol=HDFCBANK\part-044044_958867-007660.parquet,35825,downloaded,35825,
2026-07-17,NSE,HDFCBANK,raw_l2/trade_date=2026-07-17/exchange=NSE/symbol=HDFCBANK/part-044031_257781-007628.parquet,real_data_sample\l2_unseen_validation\trade_date=2026-07-17\exchange=NSE\symbol=HDFCBANK\part-044031_257781-007628.parquet,35990,downloaded,35990,
2026-07-17,NSE,HDFCBANK,raw_l2/trade_date=2026-07-17/exchange=NSE/symbol=HDFCBANK/part-044003_702555-007564.parquet,real_data_sample\l2_unseen_validation\trade_date=2026-07-17\exchange=NSE\symbol=HDFCBANK\part-044003_702555-007564.parquet,36265,downloaded,36265,
2026-07-17,NSE,HDFCBANK,raw_l2/trade_date=2026-07-17/exchange=NSE/symbol=HDFCBANK/part-043950_029960-007532.parquet,real_data_sample\l2_unseen_validation\trade_date=2026-07-17\exchange=NSE\symbol=HDFCBANK\part-043950_029960-007532.parquet,36280,downloaded,36280,
2026-07-17,NSE,HDFCBANK,raw_l2/trade_date=2026-07-17/exchange=NSE/symbol=HDFCBANK/part-043045_250957-006284.parquet,real_data_sample\l2_unseen_validation\trade_date=2026-07-17\exchange=NSE\symbol=HDFCBANK\part-043045_250957-006284.parquet,36080,downloaded,36080,
2026-07-17,NSE,HDFCBANK,raw_l2/trade_date=2026-07-17/exchange=NSE/symbol=HDFCBANK/part-044207_431480-007852.parquet,real_data_sample\l2_unseen_validation\trade_date=2026-07-17\exchange=NSE\symbol=HDFCBANK\part-044207_431480-007852.parquet,36030,downloaded,36030,
2026-07-17,NSE,HDFCBANK,raw_l2/trade_date=2026-07-17/exchange=NSE/symbol=HDFCBANK/part-044153_691293-007820.parquet,real_data_sample\l2_unseen_validation\trade_date=2026-07-17\exchange=NSE\symbol=HDFCBANK\part-044153_691293-007820.parquet,36343,downloaded,36343,
2026-07-17,NSE,HDFCBANK,raw_l2/trade_date=2026-07-17/exchange=NSE/symbol=HDFCBANK/part-044221_218360-007884.parquet,real_data_sample\l2_unseen_validation\trade_date=2026-07-17\exchange=NSE\symbol=HDFCBANK\part-044221_218360-007884.parquet,36481,downloaded,36481,
2026-07-17,NSE,HDFCBANK,raw_l2/trade_date=2026-07-17/exchange=NSE/symbol=HDFCBANK/part-044453_718700-008236.parquet,real_data_sample\l2_unseen_validation\trade_date=2026-07-17\exchange=NSE\symbol=HDFCBANK\part-044453_718700-008236.parquet,36090,downloaded,36090,
2026-07-17,NSE,HDFCBANK,raw_l2/trade_date=2026-07-17/exchange=NSE/symbol=HDFCBANK/part-044358_500448-008108.parquet,real_data_sample\l2_unseen_validation\trade_date=2026-07-17\exchange=NSE\symbol=HDFCBANK\part-044358_500448-008108.parquet,36248,downloaded,36248,
2026-07-17,NSE,HDFCBANK,raw_l2/trade_date=2026-07-17/exchange=NSE/symbol=HDFCBANK/part-044344_696243-008076.parquet,real_data_sample\l2_unseen_validation\trade_date=2026-07-17\exchange=NSE\symbol=HDFCBANK\part-044344_696243-008076.parquet,35861,downloaded,35861,
2026-07-17,NSE,HDFCBANK,raw_l2/trade_date=2026-07-17/exchange=NSE/symbol=HDFCBANK/part-044412_231635-008140.parquet,real_data_sample\l2_unseen_validation\trade_date=2026-07-17\exchange=NSE\symbol=HDFCBANK\part-044412_231635-008140.parquet,36560,downloaded,36560,
2026-07-17,NSE,HDFCBANK,raw_l2/trade_date=2026-07-17/exchange=NSE/symbol=HDFCBANK/part-044425_942417-008172.parquet,real_data_sample\l2_unseen_validation\trade_date=2026-07-17\exchange=NSE\symbol=HDFCBANK\part-044425_942417-008172.parquet,36173,downloaded,36173,
2026-07-17,NSE,HDFCBANK,raw_l2/trade_date=2026-07-17/exchange=NSE/symbol=HDFCBANK/part-044507_453160-008268.parquet,real_data_sample\l2_unseen_validation\trade_date=2026-07-17\exchange=NSE\symbol=HDFCBANK\part-044507_453160-008268.parquet,35857,downloaded,35857,
2026-07-17,NSE,HDFCBANK,raw_l2/trade_date=2026-07-17/exchange=NSE/symbol=HDFCBANK/part-044534_946821-008332.parquet,real_data_sample\l2_unseen_validation\trade_date=2026-07-17\exchange=NSE\symbol=HDFCBANK\part-044534_946821-008332.parquet,35678,downloaded,35678,
2026-07-17,NSE,HDFCBANK,raw_l2/trade_date=2026-07-17/exchange=NSE/symbol=HDFCBANK/part-044521_219792-008300.parquet,real_data_sample\l2_unseen_validation\trade_date=2026-07-17\exchange=NSE\symbol=HDFCBANK\part-044521_219792-008300.parquet,36034,downloaded,36034,
2026-07-17,NSE,HDFCBANK,raw_l2/trade_date=2026-07-17/exchange=NSE/symbol=HDFCBANK/part-044439_731908-008204.parquet,real_data_sample\l2_unseen_validation\trade_date=2026-07-17\exchange=NSE\symbol=HDFCBANK\part-044439_731908-008204.parquet,35761,downloaded,35761,
2026-07-17,NSE,HDFCBANK,raw_l2/trade_date=2026-07-17/exchange=NSE/symbol=HDFCBANK/part-044249_199668-007948.parquet,real_data_sample\l2_unseen_validation\trade_date=2026-07-17\exchange=NSE\symbol=HDFCBANK\part-044249_199668-007948.parquet,36346,downloaded,36346,
2026-07-17,NSE,HDFCBANK,raw_l2/trade_date=2026-07-17/exchange=NSE/symbol=HDFCBANK/part-044302_977262-007980.parquet,real_data_sample\l2_unseen_validation\trade_date=2026-07-17\exchange=NSE\symbol=HDFCBANK\part-044302_977262-007980.parquet,35856,downloaded,35856,
2026-07-17,NSE,HDFCBANK,raw_l2/trade_date=2026-07-17/exchange=NSE/symbol=HDFCBANK/part-044330_923779-008044.parquet,real_data_sample\l2_unseen_validation\trade_date=2026-07-17\exchange=NSE\symbol=HDFCBANK\part-044330_923779-008044.parquet,36349,downloaded,36349,
2026-07-17,NSE,HDFCBANK,raw_l2/trade_date=2026-07-17/exchange=NSE/symbol=HDFCBANK/part-044316_989878-008012.parquet,real_data_sample\l2_unseen_validation\trade_date=2026-07-17\exchange=NSE\symbol=HDFCBANK\part-044316_989878-008012.parquet,36636,downloaded,36636,
2026-07-17,NSE,HDFCBANK,raw_l2/trade_date=2026-07-17/exchange=NSE/symbol=HDFCBANK/part-044235_222041-007916.parquet,real_data_sample\l2_unseen_validation\trade_date=2026-07-17\exchange=NSE\symbol=HDFCBANK\part-044235_222041-007916.parquet,36296,downloaded,36296,
2026-07-17,NSE,HDFCBANK,raw_l2/trade_date=2026-07-17/exchange=NSE/symbol=HDFCBANK/part-044548_746031-008364.parquet,real_data_sample\l2_unseen_validation\trade_date=2026-07-17\exchange=NSE\symbol=HDFCBANK\part-044548_746031-008364.parquet,36237,downloaded,36237,
2026-07-17,NSE,HDFCBANK,raw_l2/trade_date=2026-07-17/exchange=NSE/symbol=HDFCBANK/part-044602_564514-008396.parquet,real_data_sample\l2_unseen_validation\trade_date=2026-07-17\exchange=NSE\symbol=HDFCBANK\part-044602_564514-008396.parquet,35897,downloaded,35897,
2026-07-17,NSE,HDFCBANK,raw_l2/trade_date=2026-07-17/exchange=NSE/symbol=HDFCBANK/part-044630_211313-008460.parquet,real_data_sample\l2_unseen_validation\trade_date=2026-07-17\exchange=NSE\symbol=HDFCBANK\part-044630_211313-008460.parquet,35222,downloaded,35222,
2026-07-17,NSE,HDFCBANK,raw_l2/trade_date=2026-07-17/exchange=NSE/symbol=HDFCBANK/part-044725_469886-008588.parquet,real_data_sample\l2_unseen_validation\trade_date=2026-07-17\exchange=NSE\symbol=HDFCBANK\part-044725_469886-008588.parquet,36602,downloaded,36602,
2026-07-17,NSE,HDFCBANK,raw_l2/trade_date=2026-07-17/exchange=NSE/symbol=HDFCBANK/part-044657_988082-008524.parquet,real_data_sample\l2_unseen_validation\trade_date=2026-07-17\exchange=NSE\symbol=HDFCBANK\part-044657_988082-008524.parquet,36602,downloaded,36602,
2026-07-17,NSE,HDFCBANK,raw_l2/trade_date=2026-07-17/exchange=NSE/symbol=HDFCBANK/part-044739_455257-008620.parquet,real_data_sample\l2_unseen_validation\trade_date=2026-07-17\exchange=NSE\symbol=HDFCBANK\part-044739_455257-008620.parquet,35946,downloaded,35946,
2026-07-17,NSE,HDFCBANK,raw_l2/trade_date=2026-07-17/exchange=NSE/symbol=HDFCBANK/part-044711_736950-008556.parquet,real_data_sample\l2_unseen_validation\trade_date=2026-07-17\exchange=NSE\symbol=HDFCBANK\part-044711_736950-008556.parquet,36285,downloaded,36285,
2026-07-17,NSE,HDFCBANK,raw_l2/trade_date=2026-07-17/exchange=NSE/symbol=HDFCBANK/part-044753_461930-008652.parquet,real_data_sample\l2_unseen_validation\trade_date=2026-07-17\exchange=NSE\symbol=HDFCBANK\part-044753_461930-008652.parquet,35955,downloaded,35955,
2026-07-17,NSE,HDFCBANK,raw_l2/trade_date=2026-07-17/exchange=NSE/symbol=HDFCBANK/part-044835_018327-008748.parquet,real_data_sample\l2_unseen_validation\trade_date=2026-07-17\exchange=NSE\symbol=HDFCBANK\part-044835_018327-008748.parquet,35802,downloaded,35802,
2026-07-17,NSE,HDFCBANK,raw_l2/trade_date=2026-07-17/exchange=NSE/symbol=HDFCBANK/part-044807_229121-008684.parquet,real_data_sample\l2_unseen_validation\trade_date=2026-07-17\exchange=NSE\symbol=HDFCBANK\part-044807_229121-008684.parquet,36057,downloaded,36057,
2026-07-17,NSE,HDFCBANK,raw_l2/trade_date=2026-07-17/exchange=NSE/symbol=HDFCBANK/part-044821_017381-008716.parquet,real_data_sample\l2_unseen_validation\trade_date=2026-07-17\exchange=NSE\symbol=HDFCBANK\part-044821_017381-008716.parquet,36011,downloaded,36011,
2026-07-17,NSE,HDFCBANK,raw_l2/trade_date=2026-07-17/exchange=NSE/symbol=HDFCBANK/part-044943_732433-008908.parquet,real_data_sample\l2_unseen_validation\trade_date=2026-07-17\exchange=NSE\symbol=HDFCBANK\part-044943_732433-008908.parquet,35713,downloaded,35713,
2026-07-17,NSE,HDFCBANK,raw_l2/trade_date=2026-07-17/exchange=NSE/symbol=HDFCBANK/part-044916_246923-008844.parquet,real_data_sample\l2_unseen_validation\trade_date=2026-07-17\exchange=NSE\symbol=HDFCBANK\part-044916_246923-008844.parquet,35466,downloaded,35466,
2026-07-17,NSE,HDFCBANK,raw_l2/trade_date=2026-07-17/exchange=NSE/symbol=HDFCBANK/part-044848_707547-008780.parquet,real_data_sample\l2_unseen_validation\trade_date=2026-07-17\exchange=NSE\symbol=HDFCBANK\part-044848_707547-008780.parquet,35551,downloaded,35551,
2026-07-17,NSE,HDFCBANK,raw_l2/trade_date=2026-07-17/exchange=NSE/symbol=HDFCBANK/part-044929_989109-008876.parquet,real_data_sample\l2_unseen_validation\trade_date=2026-07-17\exchange=NSE\symbol=HDFCBANK\part-044929_989109-008876.parquet,35603,downloaded,35603,
2026-07-17,NSE,HDFCBANK,raw_l2/trade_date=2026-07-17/exchange=NSE/symbol=HDFCBANK/part-044644_050821-008492.parquet,real_data_sample\l2_unseen_validation\trade_date=2026-07-17\exchange=NSE\symbol=HDFCBANK\part-044644_050821-008492.parquet,35746,downloaded,35746,
2026-07-17,NSE,HDFCBANK,raw_l2/trade_date=2026-07-17/exchange=NSE/symbol=HDFCBANK/part-044616_479525-008428.parquet,real_data_sample\l2_unseen_validation\trade_date=2026-07-17\exchange=NSE\symbol=HDFCBANK\part-044616_479525-008428.parquet,35489,downloaded,35489,
2026-07-17,NSE,HDFCBANK,raw_l2/trade_date=2026-07-17/exchange=NSE/symbol=HDFCBANK/part-045052_181723-009068.parquet,real_data_sample\l2_unseen_validation\trade_date=2026-07-17\exchange=NSE\symbol=HDFCBANK\part-045052_181723-009068.parquet,35929,downloaded,35929,
2026-07-17,NSE,HDFCBANK,raw_l2/trade_date=2026-07-17/exchange=NSE/symbol=HDFCBANK/part-045257_501654-009356.parquet,real_data_sample\l2_unseen_validation\trade_date=2026-07-17\exchange=NSE\symbol=HDFCBANK\part-045257_501654-009356.parquet,34667,downloaded,34667,
2026-07-17,NSE,HDFCBANK,raw_l2/trade_date=2026-07-17/exchange=NSE/symbol=HDFCBANK/part-045038_442602-009036.parquet,real_data_sample\l2_unseen_validation\trade_date=2026-07-17\exchange=NSE\symbol=HDFCBANK\part-045038_442602-009036.parquet,35946,downloaded,35946,
2026-07-17,NSE,HDFCBANK,raw_l2/trade_date=2026-07-17/exchange=NSE/symbol=HDFCBANK/part-045011_178161-008972.parquet,real_data_sample\l2_unseen_validation\trade_date=2026-07-17\exchange=NSE\symbol=HDFCBANK\part-045011_178161-008972.parquet,35762,downloaded,35762,
2026-07-17,NSE,HDFCBANK,raw_l2/trade_date=2026-07-17/exchange=NSE/symbol=HDFCBANK/part-045106_176416-009100.parquet,real_data_sample\l2_unseen_validation\trade_date=2026-07-17\exchange=NSE\symbol=HDFCBANK\part-045106_176416-009100.parquet,35580,downloaded,35580,
2026-07-17,NSE,HDFCBANK,raw_l2/trade_date=2026-07-17/exchange=NSE/symbol=HDFCBANK/part-045120_186972-009132.parquet,real_data_sample\l2_unseen_validation\trade_date=2026-07-17\exchange=NSE\symbol=HDFCBANK\part-045120_186972-009132.parquet,35376,downloaded,35376,
2026-07-17,NSE,HDFCBANK,raw_l2/trade_date=2026-07-17/exchange=NSE/symbol=HDFCBANK/part-045024_904707-009004.parquet,real_data_sample\l2_unseen_validation\trade_date=2026-07-17\exchange=NSE\symbol=HDFCBANK\part-045024_904707-009004.parquet,35626,downloaded,35626,
2026-07-17,NSE,HDFCBANK,raw_l2/trade_date=2026-07-17/exchange=NSE/symbol=HDFCBANK/part-044957_459308-008940.parquet,real_data_sample\l2_unseen_validation\trade_date=2026-07-17\exchange=NSE\symbol=HDFCBANK\part-044957_459308-008940.parquet,36438,downloaded,36438,
2026-07-17,NSE,HDFCBANK,raw_l2/trade_date=2026-07-17/exchange=NSE/symbol=HDFCBANK/part-045134_110048-009164.parquet,real_data_sample\l2_unseen_validation\trade_date=2026-07-17\exchange=NSE\symbol=HDFCBANK\part-045134_110048-009164.parquet,35948,downloaded,35948,
2026-07-17,NSE,HDFCBANK,raw_l2/trade_date=2026-07-17/exchange=NSE/symbol=HDFCBANK/part-045202_057984-009228.parquet,real_data_sample\l2_unseen_validation\trade_date=2026-07-17\exchange=NSE\symbol=HDFCBANK\part-045202_057984-009228.parquet,35804,downloaded,35804,
2026-07-17,NSE,HDFCBANK,raw_l2/trade_date=2026-07-17/exchange=NSE/symbol=HDFCBANK/part-045229_777976-009292.parquet,real_data_sample\l2_unseen_validation\trade_date=2026-07-17\exchange=NSE\symbol=HDFCBANK\part-045229_777976-009292.parquet,34659,downloaded,34659,
2026-07-17,NSE,HDFCBANK,raw_l2/trade_date=2026-07-17/exchange=NSE/symbol=HDFCBANK/part-045311_501639-009388.parquet,real_data_sample\l2_unseen_validation\trade_date=2026-07-17\exchange=NSE\symbol=HDFCBANK\part-045311_501639-009388.parquet,34885,downloaded,34885,
2026-07-17,NSE,HDFCBANK,raw_l2/trade_date=2026-07-17/exchange=NSE/symbol=HDFCBANK/part-045147_957099-009196.parquet,real_data_sample\l2_unseen_validation\trade_date=2026-07-17\exchange=NSE\symbol=HDFCBANK\part-045147_957099-009196.parquet,35740,downloaded,35740,
2026-07-17,NSE,HDFCBANK,raw_l2/trade_date=2026-07-17/exchange=NSE/symbol=HDFCBANK/part-045325_525256-009420.parquet,real_data_sample\l2_unseen_validation\trade_date=2026-07-17\exchange=NSE\symbol=HDFCBANK\part-045325_525256-009420.parquet,36312,downloaded,36312,
2026-07-17,NSE,HDFCBANK,raw_l2/trade_date=2026-07-17/exchange=NSE/symbol=HDFCBANK/part-045215_922637-009260.parquet,real_data_sample\l2_unseen_validation\trade_date=2026-07-17\exchange=NSE\symbol=HDFCBANK\part-045215_922637-009260.parquet,35391,downloaded,35391,
2026-07-17,NSE,HDFCBANK,raw_l2/trade_date=2026-07-17/exchange=NSE/symbol=HDFCBANK/part-045339_252535-009452.parquet,real_data_sample\l2_unseen_validation\trade_date=2026-07-17\exchange=NSE\symbol=HDFCBANK\part-045339_252535-009452.parquet,36110,downloaded,36110,
2026-07-17,NSE,HDFCBANK,raw_l2/trade_date=2026-07-17/exchange=NSE/symbol=HDFCBANK/part-045243_475218-009324.parquet,real_data_sample\l2_unseen_validation\trade_date=2026-07-17\exchange=NSE\symbol=HDFCBANK\part-045243_475218-009324.parquet,34679,downloaded,34679,
2026-07-17,NSE,HDFCBANK,raw_l2/trade_date=2026-07-17/exchange=NSE/symbol=HDFCBANK/part-045421_334031-009548.parquet,real_data_sample\l2_unseen_validation\trade_date=2026-07-17\exchange=NSE\symbol=HDFCBANK\part-045421_334031-009548.parquet,35906,downloaded,35906,
2026-07-17,NSE,HDFCBANK,raw_l2/trade_date=2026-07-17/exchange=NSE/symbol=HDFCBANK/part-045353_320909-009484.parquet,real_data_sample\l2_unseen_validation\trade_date=2026-07-17\exchange=NSE\symbol=HDFCBANK\part-045353_320909-009484.parquet,36186,downloaded,36186,
2026-07-17,NSE,HDFCBANK,raw_l2/trade_date=2026-07-17/exchange=NSE/symbol=HDFCBANK/part-045407_308015-009516.parquet,real_data_sample\l2_unseen_validation\trade_date=2026-07-17\exchange=NSE\symbol=HDFCBANK\part-045407_308015-009516.parquet,35749,downloaded,35749,
2026-07-17,NSE,HDFCBANK,raw_l2/trade_date=2026-07-17/exchange=NSE/symbol=HDFCBANK/part-045435_273402-009580.parquet,real_data_sample\l2_unseen_validation\trade_date=2026-07-17\exchange=NSE\symbol=HDFCBANK\part-045435_273402-009580.parquet,35706,downloaded,35706,
2026-07-17,NSE,HDFCBANK,raw_l2/trade_date=2026-07-17/exchange=NSE/symbol=HDFCBANK/part-045449_324610-009612.parquet,real_data_sample\l2_unseen_validation\trade_date=2026-07-17\exchange=NSE\symbol=HDFCBANK\part-045449_324610-009612.parquet,35568,downloaded,35568,
2026-07-17,NSE,HDFCBANK,raw_l2/trade_date=2026-07-17/exchange=NSE/symbol=HDFCBANK/part-044902_492638-008812.parquet,real_data_sample\l2_unseen_validation\trade_date=2026-07-17\exchange=NSE\symbol=HDFCBANK\part-044902_492638-008812.parquet,35549,downloaded,35549,
2026-07-17,NSE,HDFCBANK,raw_l2/trade_date=2026-07-17/exchange=NSE/symbol=HDFCBANK/part-045503_356016-009644.parquet,real_data_sample\l2_unseen_validation\trade_date=2026-07-17\exchange=NSE\symbol=HDFCBANK\part-045503_356016-009644.parquet,35397,downloaded,35397,
2026-07-17,NSE,HDFCBANK,raw_l2/trade_date=2026-07-17/exchange=NSE/symbol=HDFCBANK/part-045545_523357-009740.parquet,real_data_sample\l2_unseen_validation\trade_date=2026-07-17\exchange=NSE\symbol=HDFCBANK\part-045545_523357-009740.parquet,35342,downloaded,35342,
2026-07-17,NSE,HDFCBANK,raw_l2/trade_date=2026-07-17/exchange=NSE/symbol=HDFCBANK/part-045517_599160-009676.parquet,real_data_sample\l2_unseen_validation\trade_date=2026-07-17\exchange=NSE\symbol=HDFCBANK\part-045517_599160-009676.parquet,36197,downloaded,36197,
2026-07-17,NSE,HDFCBANK,raw_l2/trade_date=2026-07-17/exchange=NSE/symbol=HDFCBANK/part-045559_508735-009772.parquet,real_data_sample\l2_unseen_validation\trade_date=2026-07-17\exchange=NSE\symbol=HDFCBANK\part-045559_508735-009772.parquet,35800,downloaded,35800,
2026-07-17,NSE,HDFCBANK,raw_l2/trade_date=2026-07-17/exchange=NSE/symbol=HDFCBANK/part-045613_540298-009804.parquet,real_data_sample\l2_unseen_validation\trade_date=2026-07-17\exchange=NSE\symbol=HDFCBANK\part-045613_540298-009804.parquet,35867,downloaded,35867,
2026-07-17,NSE,HDFCBANK,raw_l2/trade_date=2026-07-17/exchange=NSE/symbol=HDFCBANK/part-045531_493285-009708.parquet,real_data_sample\l2_unseen_validation\trade_date=2026-07-17\exchange=NSE\symbol=HDFCBANK\part-045531_493285-009708.parquet,35938,downloaded,35938,
2026-07-17,NSE,HDFCBANK,raw_l2/trade_date=2026-07-17/exchange=NSE/symbol=HDFCBANK/part-045627_652674-009836.parquet,real_data_sample\l2_unseen_validation\trade_date=2026-07-17\exchange=NSE\symbol=HDFCBANK\part-045627_652674-009836.parquet,35975,downloaded,35975,
2026-07-17,NSE,HDFCBANK,raw_l2/trade_date=2026-07-17/exchange=NSE/symbol=HDFCBANK/part-045641_817985-009868.parquet,real_data_sample\l2_unseen_validation\trade_date=2026-07-17\exchange=NSE\symbol=HDFCBANK\part-045641_817985-009868.parquet,36017,downloaded,36017,
2026-07-17,NSE,HDFCBANK,raw_l2/trade_date=2026-07-17/exchange=NSE/symbol=HDFCBANK/part-045710_333750-009932.parquet,real_data_sample\l2_unseen_validation\trade_date=2026-07-17\exchange=NSE\symbol=HDFCBANK\part-045710_333750-009932.parquet,36198,downloaded,36198,
2026-07-17,NSE,HDFCBANK,raw_l2/trade_date=2026-07-17/exchange=NSE/symbol=HDFCBANK/part-045656_254776-009900.parquet,real_data_sample\l2_unseen_validation\trade_date=2026-07-17\exchange=NSE\symbol=HDFCBANK\part-045656_254776-009900.parquet,35927,downloaded,35927,
2026-07-17,NSE,HDFCBANK,raw_l2/trade_date=2026-07-17/exchange=NSE/symbol=HDFCBANK/part-045738_566183-009996.parquet,real_data_sample\l2_unseen_validation\trade_date=2026-07-17\exchange=NSE\symbol=HDFCBANK\part-045738_566183-009996.parquet,36000,downloaded,36000,
2026-07-17,NSE,HDFCBANK,raw_l2/trade_date=2026-07-17/exchange=NSE/symbol=HDFCBANK/part-045724_582578-009964.parquet,real_data_sample\l2_unseen_validation\trade_date=2026-07-17\exchange=NSE\symbol=HDFCBANK\part-045724_582578-009964.parquet,36204,downloaded,36204,
2026-07-17,NSE,HDFCBANK,raw_l2/trade_date=2026-07-17/exchange=NSE/symbol=HDFCBANK/part-045916_983691-010220.parquet,real_data_sample\l2_unseen_validation\trade_date=2026-07-17\exchange=NSE\symbol=HDFCBANK\part-045916_983691-010220.parquet,36019,downloaded,36019,
2026-07-17,NSE,HDFCBANK,raw_l2/trade_date=2026-07-17/exchange=NSE/symbol=HDFCBANK/part-045752_773727-010028.parquet,real_data_sample\l2_unseen_validation\trade_date=2026-07-17\exchange=NSE\symbol=HDFCBANK\part-045752_773727-010028.parquet,36110,downloaded,36110,
2026-07-17,NSE,HDFCBANK,raw_l2/trade_date=2026-07-17/exchange=NSE/symbol=HDFCBANK/part-045931_166267-010252.parquet,real_data_sample\l2_unseen_validation\trade_date=2026-07-17\exchange=NSE\symbol=HDFCBANK\part-045931_166267-010252.parquet,35991,downloaded,35991,
2026-07-17,NSE,HDFCBANK,raw_l2/trade_date=2026-07-17/exchange=NSE/symbol=HDFCBANK/part-045945_315917-010284.parquet,real_data_sample\l2_unseen_validation\trade_date=2026-07-17\exchange=NSE\symbol=HDFCBANK\part-045945_315917-010284.parquet,36347,downloaded,36347,
2026-07-17,NSE,HDFCBANK,raw_l2/trade_date=2026-07-17/exchange=NSE/symbol=HDFCBANK/part-045903_215800-010188.parquet,real_data_sample\l2_unseen_validation\trade_date=2026-07-17\exchange=NSE\symbol=HDFCBANK\part-045903_215800-010188.parquet,35863,downloaded,35863,
2026-07-17,NSE,HDFCBANK,raw_l2/trade_date=2026-07-17/exchange=NSE/symbol=HDFCBANK/part-045959_567208-010316.parquet,real_data_sample\l2_unseen_validation\trade_date=2026-07-17\exchange=NSE\symbol=HDFCBANK\part-045959_567208-010316.parquet,36845,downloaded,36845,
2026-07-17,NSE,HDFCBANK,raw_l2/trade_date=2026-07-17/exchange=NSE/symbol=HDFCBANK/part-045835_088566-010124.parquet,real_data_sample\l2_unseen_validation\trade_date=2026-07-17\exchange=NSE\symbol=HDFCBANK\part-045835_088566-010124.parquet,36065,downloaded,36065,
2026-07-17,NSE,HDFCBANK,raw_l2/trade_date=2026-07-17/exchange=NSE/symbol=HDFCBANK/part-045806_844002-010060.parquet,real_data_sample\l2_unseen_validation\trade_date=2026-07-17\exchange=NSE\symbol=HDFCBANK\part-045806_844002-010060.parquet,35615,downloaded,35615,
2026-07-17,NSE,HDFCBANK,raw_l2/trade_date=2026-07-17/exchange=NSE/symbol=HDFCBANK/part-045849_334507-010156.parquet,real_data_sample\l2_unseen_validation\trade_date=2026-07-17\exchange=NSE\symbol=HDFCBANK\part-045849_334507-010156.parquet,36058,downloaded,36058,
2026-07-17,NSE,HDFCBANK,raw_l2/trade_date=2026-07-17/exchange=NSE/symbol=HDFCBANK/part-050123_215913-010508.parquet,real_data_sample\l2_unseen_validation\trade_date=2026-07-17\exchange=NSE\symbol=HDFCBANK\part-050123_215913-010508.parquet,35988,downloaded,35988,
2026-07-17,NSE,HDFCBANK,raw_l2/trade_date=2026-07-17/exchange=NSE/symbol=HDFCBANK/part-045820_969091-010092.parquet,real_data_sample\l2_unseen_validation\trade_date=2026-07-17\exchange=NSE\symbol=HDFCBANK\part-045820_969091-010092.parquet,36309,downloaded,36309,
2026-07-17,NSE,HDFCBANK,raw_l2/trade_date=2026-07-17/exchange=NSE/symbol=HDFCBANK/part-050109_293129-010476.parquet,real_data_sample\l2_unseen_validation\trade_date=2026-07-17\exchange=NSE\symbol=HDFCBANK\part-050109_293129-010476.parquet,36244,downloaded,36244,
2026-07-17,NSE,HDFCBANK,raw_l2/trade_date=2026-07-17/exchange=NSE/symbol=HDFCBANK/part-050013_691278-010348.parquet,real_data_sample\l2_unseen_validation\trade_date=2026-07-17\exchange=NSE\symbol=HDFCBANK\part-050013_691278-010348.parquet,36481,downloaded,36481,
2026-07-17,NSE,HDFCBANK,raw_l2/trade_date=2026-07-17/exchange=NSE/symbol=HDFCBANK/part-050027_489849-010380.parquet,real_data_sample\l2_unseen_validation\trade_date=2026-07-17\exchange=NSE\symbol=HDFCBANK\part-050027_489849-010380.parquet,36064,downloaded,36064,
2026-07-17,NSE,HDFCBANK,raw_l2/trade_date=2026-07-17/exchange=NSE/symbol=HDFCBANK/part-050041_354799-010412.parquet,real_data_sample\l2_unseen_validation\trade_date=2026-07-17\exchange=NSE\symbol=HDFCBANK\part-050041_354799-010412.parquet,36255,downloaded,36255,
2026-07-17,NSE,HDFCBANK,raw_l2/trade_date=2026-07-17/exchange=NSE/symbol=HDFCBANK/part-050137_040609-010540.parquet,real_data_sample\l2_unseen_validation\trade_date=2026-07-17\exchange=NSE\symbol=HDFCBANK\part-050137_040609-010540.parquet,35864,downloaded,35864,
2026-07-17,NSE,HDFCBANK,raw_l2/trade_date=2026-07-17/exchange=NSE/symbol=HDFCBANK/part-050055_292327-010444.parquet,real_data_sample\l2_unseen_validation\trade_date=2026-07-17\exchange=NSE\symbol=HDFCBANK\part-050055_292327-010444.parquet,35930,downloaded,35930,
2026-07-17,NSE,HDFCBANK,raw_l2/trade_date=2026-07-17/exchange=NSE/symbol=HDFCBANK/part-050151_066008-010572.parquet,real_data_sample\l2_unseen_validation\trade_date=2026-07-17\exchange=NSE\symbol=HDFCBANK\part-050151_066008-010572.parquet,36451,downloaded,36451,
2026-07-17,NSE,HDFCBANK,raw_l2/trade_date=2026-07-17/exchange=NSE/symbol=HDFCBANK/part-050248_252489-010700.parquet,real_data_sample\l2_unseen_validation\trade_date=2026-07-17\exchange=NSE\symbol=HDFCBANK\part-050248_252489-010700.parquet,36196,downloaded,36196,
2026-07-17,NSE,HDFCBANK,raw_l2/trade_date=2026-07-17/exchange=NSE/symbol=HDFCBANK/part-050233_771308-010668.parquet,real_data_sample\l2_unseen_validation\trade_date=2026-07-17\exchange=NSE\symbol=HDFCBANK\part-050233_771308-010668.parquet,35790,downloaded,35790,
2026-07-17,NSE,HDFCBANK,raw_l2/trade_date=2026-07-17/exchange=NSE/symbol=HDFCBANK/part-050205_533752-010604.parquet,real_data_sample\l2_unseen_validation\trade_date=2026-07-17\exchange=NSE\symbol=HDFCBANK\part-050205_533752-010604.parquet,35984,downloaded,35984,
2026-07-17,NSE,HDFCBANK,raw_l2/trade_date=2026-07-17/exchange=NSE/symbol=HDFCBANK/part-050330_857424-010796.parquet,real_data_sample\l2_unseen_validation\trade_date=2026-07-17\exchange=NSE\symbol=HDFCBANK\part-050330_857424-010796.parquet,35674,downloaded,35674,
2026-07-17,NSE,HDFCBANK,raw_l2/trade_date=2026-07-17/exchange=NSE/symbol=HDFCBANK/part-050316_775308-010764.parquet,real_data_sample\l2_unseen_validation\trade_date=2026-07-17\exchange=NSE\symbol=HDFCBANK\part-050316_775308-010764.parquet,36027,downloaded,36027,
2026-07-17,NSE,HDFCBANK,raw_l2/trade_date=2026-07-17/exchange=NSE/symbol=HDFCBANK/part-050302_316297-010732.parquet,real_data_sample\l2_unseen_validation\trade_date=2026-07-17\exchange=NSE\symbol=HDFCBANK\part-050302_316297-010732.parquet,35420,downloaded,35420,
2026-07-17,NSE,HDFCBANK,raw_l2/trade_date=2026-07-17/exchange=NSE/symbol=HDFCBANK/part-050358_881152-010860.parquet,real_data_sample\l2_unseen_validation\trade_date=2026-07-17\exchange=NSE\symbol=HDFCBANK\part-050358_881152-010860.parquet,36381,downloaded,36381,
2026-07-17,NSE,HDFCBANK,raw_l2/trade_date=2026-07-17/exchange=NSE/symbol=HDFCBANK/part-050413_131719-010892.parquet,real_data_sample\l2_unseen_validation\trade_date=2026-07-17\exchange=NSE\symbol=HDFCBANK\part-050413_131719-010892.parquet,35777,downloaded,35777,
2026-07-17,NSE,HDFCBANK,raw_l2/trade_date=2026-07-17/exchange=NSE/symbol=HDFCBANK/part-050344_799828-010828.parquet,real_data_sample\l2_unseen_validation\trade_date=2026-07-17\exchange=NSE\symbol=HDFCBANK\part-050344_799828-010828.parquet,36158,downloaded,36158,
2026-07-17,NSE,HDFCBANK,raw_l2/trade_date=2026-07-17/exchange=NSE/symbol=HDFCBANK/part-050441_224972-010956.parquet,real_data_sample\l2_unseen_validation\trade_date=2026-07-17\exchange=NSE\symbol=HDFCBANK\part-050441_224972-010956.parquet,36167,downloaded,36167,
2026-07-17,NSE,HDFCBANK,raw_l2/trade_date=2026-07-17/exchange=NSE/symbol=HDFCBANK/part-050427_238099-010924.parquet,real_data_sample\l2_unseen_validation\trade_date=2026-07-17\exchange=NSE\symbol=HDFCBANK\part-050427_238099-010924.parquet,36009,downloaded,36009,
2026-07-17,NSE,HDFCBANK,raw_l2/trade_date=2026-07-17/exchange=NSE/symbol=HDFCBANK/part-050935_225421-011628.parquet,real_data_sample\l2_unseen_validation\trade_date=2026-07-17\exchange=NSE\symbol=HDFCBANK\part-050935_225421-011628.parquet,35969,downloaded,35969,
2026-07-17,NSE,HDFCBANK,raw_l2/trade_date=2026-07-17/exchange=NSE/symbol=HDFCBANK/part-050219_674387-010636.parquet,real_data_sample\l2_unseen_validation\trade_date=2026-07-17\exchange=NSE\symbol=HDFCBANK\part-050219_674387-010636.parquet,36044,downloaded,36044,
2026-07-17,NSE,HDFCBANK,raw_l2/trade_date=2026-07-17/exchange=NSE/symbol=HDFCBANK/part-050648_518843-011244.parquet,real_data_sample\l2_unseen_validation\trade_date=2026-07-17\exchange=NSE\symbol=HDFCBANK\part-050648_518843-011244.parquet,36155,downloaded,36155,
2026-07-17,NSE,HDFCBANK,raw_l2/trade_date=2026-07-17/exchange=NSE/symbol=HDFCBANK/part-051111_984573-011852.parquet,real_data_sample\l2_unseen_validation\trade_date=2026-07-17\exchange=NSE\symbol=HDFCBANK\part-051111_984573-011852.parquet,35808,downloaded,35808,
2026-07-17,NSE,HDFCBANK,raw_l2/trade_date=2026-07-17/exchange=NSE/symbol=HDFCBANK/part-050702_554126-011276.parquet,real_data_sample\l2_unseen_validation\trade_date=2026-07-17\exchange=NSE\symbol=HDFCBANK\part-050702_554126-011276.parquet,36823,downloaded,36823,
2026-07-17,NSE,HDFCBANK,raw_l2/trade_date=2026-07-17/exchange=NSE/symbol=HDFCBANK/part-050455_032495-010988.parquet,real_data_sample\l2_unseen_validation\trade_date=2026-07-17\exchange=NSE\symbol=HDFCBANK\part-050455_032495-010988.parquet,35992,downloaded,35992,
2026-07-17,NSE,HDFCBANK,raw_l2/trade_date=2026-07-17/exchange=NSE/symbol=HDFCBANK/part-051030_488517-011756.parquet,real_data_sample\l2_unseen_validation\trade_date=2026-07-17\exchange=NSE\symbol=HDFCBANK\part-051030_488517-011756.parquet,35998,downloaded,35998,
2026-07-17,NSE,HDFCBANK,raw_l2/trade_date=2026-07-17/exchange=NSE/symbol=HDFCBANK/part-050716_668402-011308.parquet,real_data_sample\l2_unseen_validation\trade_date=2026-07-17\exchange=NSE\symbol=HDFCBANK\part-050716_668402-011308.parquet,36114,downloaded,36114,
2026-07-17,NSE,HDFCBANK,raw_l2/trade_date=2026-07-17/exchange=NSE/symbol=HDFCBANK/part-051002_850264-011692.parquet,real_data_sample\l2_unseen_validation\trade_date=2026-07-17\exchange=NSE\symbol=HDFCBANK\part-051002_850264-011692.parquet,35973,downloaded,35973,
2026-07-17,NSE,HDFCBANK,raw_l2/trade_date=2026-07-17/exchange=NSE/symbol=HDFCBANK/part-050825_953194-011468.parquet,real_data_sample\l2_unseen_validation\trade_date=2026-07-17\exchange=NSE\symbol=HDFCBANK\part-050825_953194-011468.parquet,35864,downloaded,35864,
2026-07-17,NSE,HDFCBANK,raw_l2/trade_date=2026-07-17/exchange=NSE/symbol=HDFCBANK/part-051140_166678-011916.parquet,real_data_sample\l2_unseen_validation\trade_date=2026-07-17\exchange=NSE\symbol=HDFCBANK\part-051140_166678-011916.parquet,35785,downloaded,35785,
2026-07-17,NSE,HDFCBANK,raw_l2/trade_date=2026-07-17/exchange=NSE/symbol=HDFCBANK/part-050921_170523-011596.parquet,real_data_sample\l2_unseen_validation\trade_date=2026-07-17\exchange=NSE\symbol=HDFCBANK\part-050921_170523-011596.parquet,35608,downloaded,35608,
2026-07-17,NSE,HDFCBANK,raw_l2/trade_date=2026-07-17/exchange=NSE/symbol=HDFCBANK/part-050948_926448-011660.parquet,real_data_sample\l2_unseen_validation\trade_date=2026-07-17\exchange=NSE\symbol=HDFCBANK\part-050948_926448-011660.parquet,35854,downloaded,35854,
2026-07-17,NSE,HDFCBANK,raw_l2/trade_date=2026-07-17/exchange=NSE/symbol=HDFCBANK/part-050730_713880-011340.parquet,real_data_sample\l2_unseen_validation\trade_date=2026-07-17\exchange=NSE\symbol=HDFCBANK\part-050730_713880-011340.parquet,36234,downloaded,36234,
2026-07-17,NSE,HDFCBANK,raw_l2/trade_date=2026-07-17/exchange=NSE/symbol=HDFCBANK/part-051016_698051-011724.parquet,real_data_sample\l2_unseen_validation\trade_date=2026-07-17\exchange=NSE\symbol=HDFCBANK\part-051016_698051-011724.parquet,36254,downloaded,36254,
2026-07-17,NSE,HDFCBANK,raw_l2/trade_date=2026-07-17/exchange=NSE/symbol=HDFCBANK/part-051044_248333-011788.parquet,real_data_sample\l2_unseen_validation\trade_date=2026-07-17\exchange=NSE\symbol=HDFCBANK\part-051044_248333-011788.parquet,35617,downloaded,35617,
2026-07-17,NSE,HDFCBANK,raw_l2/trade_date=2026-07-17/exchange=NSE/symbol=HDFCBANK/part-050758_172808-011404.parquet,real_data_sample\l2_unseen_validation\trade_date=2026-07-17\exchange=NSE\symbol=HDFCBANK\part-050758_172808-011404.parquet,36072,downloaded,36072,
2026-07-17,NSE,HDFCBANK,raw_l2/trade_date=2026-07-17/exchange=NSE/symbol=HDFCBANK/part-050907_526584-011564.parquet,real_data_sample\l2_unseen_validation\trade_date=2026-07-17\exchange=NSE\symbol=HDFCBANK\part-050907_526584-011564.parquet,35994,downloaded,35994,
2026-07-17,NSE,HDFCBANK,raw_l2/trade_date=2026-07-17/exchange=NSE/symbol=HDFCBANK/part-050812_217910-011436.parquet,real_data_sample\l2_unseen_validation\trade_date=2026-07-17\exchange=NSE\symbol=HDFCBANK\part-050812_217910-011436.parquet,36726,downloaded,36726,
2026-07-17,NSE,HDFCBANK,raw_l2/trade_date=2026-07-17/exchange=NSE/symbol=HDFCBANK/part-050744_435426-011372.parquet,real_data_sample\l2_unseen_validation\trade_date=2026-07-17\exchange=NSE\symbol=HDFCBANK\part-050744_435426-011372.parquet,36255,downloaded,36255,
2026-07-17,NSE,HDFCBANK,raw_l2/trade_date=2026-07-17/exchange=NSE/symbol=HDFCBANK/part-050839_750499-011500.parquet,real_data_sample\l2_unseen_validation\trade_date=2026-07-17\exchange=NSE\symbol=HDFCBANK\part-050839_750499-011500.parquet,36102,downloaded,36102,
2026-07-17,NSE,HDFCBANK,raw_l2/trade_date=2026-07-17/exchange=NSE/symbol=HDFCBANK/part-051154_000536-011948.parquet,real_data_sample\l2_unseen_validation\trade_date=2026-07-17\exchange=NSE\symbol=HDFCBANK\part-051154_000536-011948.parquet,36032,downloaded,36032,
2026-07-17,NSE,HDFCBANK,raw_l2/trade_date=2026-07-17/exchange=NSE/symbol=HDFCBANK/part-050523_127804-011052.parquet,real_data_sample\l2_unseen_validation\trade_date=2026-07-17\exchange=NSE\symbol=HDFCBANK\part-050523_127804-011052.parquet,36150,downloaded,36150,
2026-07-17,NSE,HDFCBANK,raw_l2/trade_date=2026-07-17/exchange=NSE/symbol=HDFCBANK/part-050550_948847-011116.parquet,real_data_sample\l2_unseen_validation\trade_date=2026-07-17\exchange=NSE\symbol=HDFCBANK\part-050550_948847-011116.parquet,36073,downloaded,36073,
2026-07-17,NSE,HDFCBANK,raw_l2/trade_date=2026-07-17/exchange=NSE/symbol=HDFCBANK/part-050853_409758-011532.parquet,real_data_sample\l2_unseen_validation\trade_date=2026-07-17\exchange=NSE\symbol=HDFCBANK\part-050853_409758-011532.parquet,36259,downloaded,36259,
2026-07-17,NSE,HDFCBANK,raw_l2/trade_date=2026-07-17/exchange=NSE/symbol=HDFCBANK/part-051058_016663-011820.parquet,real_data_sample\l2_unseen_validation\trade_date=2026-07-17\exchange=NSE\symbol=HDFCBANK\part-051058_016663-011820.parquet,35966,downloaded,35966,
2026-07-17,NSE,HDFCBANK,raw_l2/trade_date=2026-07-17/exchange=NSE/symbol=HDFCBANK/part-050536_957103-011084.parquet,real_data_sample\l2_unseen_validation\trade_date=2026-07-17\exchange=NSE\symbol=HDFCBANK\part-050536_957103-011084.parquet,36206,downloaded,36206,
2026-07-17,NSE,HDFCBANK,raw_l2/trade_date=2026-07-17/exchange=NSE/symbol=HDFCBANK/part-050509_066228-011020.parquet,real_data_sample\l2_unseen_validation\trade_date=2026-07-17\exchange=NSE\symbol=HDFCBANK\part-050509_066228-011020.parquet,35870,downloaded,35870,
2026-07-17,NSE,HDFCBANK,raw_l2/trade_date=2026-07-17/exchange=NSE/symbol=HDFCBANK/part-050604_741351-011148.parquet,real_data_sample\l2_unseen_validation\trade_date=2026-07-17\exchange=NSE\symbol=HDFCBANK\part-050604_741351-011148.parquet,36564,downloaded,36564,
2026-07-17,NSE,HDFCBANK,raw_l2/trade_date=2026-07-17/exchange=NSE/symbol=HDFCBANK/part-050619_146893-011180.parquet,real_data_sample\l2_unseen_validation\trade_date=2026-07-17\exchange=NSE\symbol=HDFCBANK\part-050619_146893-011180.parquet,36029,downloaded,36029,
2026-07-17,NSE,HDFCBANK,raw_l2/trade_date=2026-07-17/exchange=NSE/symbol=HDFCBANK/part-051125_819730-011884.parquet,real_data_sample\l2_unseen_validation\trade_date=2026-07-17\exchange=NSE\symbol=HDFCBANK\part-051125_819730-011884.parquet,36243,downloaded,36243,
2026-07-17,NSE,HDFCBANK,raw_l2/trade_date=2026-07-17/exchange=NSE/symbol=HDFCBANK/part-050633_907099-011212.parquet,real_data_sample\l2_unseen_validation\trade_date=2026-07-17\exchange=NSE\symbol=HDFCBANK\part-050633_907099-011212.parquet,35837,downloaded,35837,
2026-07-17,NSE,HDFCBANK,raw_l2/trade_date=2026-07-17/exchange=NSE/symbol=HDFCBANK/part-051208_045081-011980.parquet,real_data_sample\l2_unseen_validation\trade_date=2026-07-17\exchange=NSE\symbol=HDFCBANK\part-051208_045081-011980.parquet,36099,downloaded,36099,
2026-07-17,NSE,HDFCBANK,raw_l2/trade_date=2026-07-17/exchange=NSE/symbol=HDFCBANK/part-051235_837883-012044.parquet,real_data_sample\l2_unseen_validation\trade_date=2026-07-17\exchange=NSE\symbol=HDFCBANK\part-051235_837883-012044.parquet,35623,downloaded,35623,
2026-07-17,NSE,HDFCBANK,raw_l2/trade_date=2026-07-17/exchange=NSE/symbol=HDFCBANK/part-051221_981620-012012.parquet,real_data_sample\l2_unseen_validation\trade_date=2026-07-17\exchange=NSE\symbol=HDFCBANK\part-051221_981620-012012.parquet,36012,downloaded,36012,
2026-07-17,NSE,HDFCBANK,raw_l2/trade_date=2026-07-17/exchange=NSE/symbol=HDFCBANK/part-051249_760163-012076.parquet,real_data_sample\l2_unseen_validation\trade_date=2026-07-17\exchange=NSE\symbol=HDFCBANK\part-051249_760163-012076.parquet,36260,downloaded,36260,
2026-07-17,NSE,HDFCBANK,raw_l2/trade_date=2026-07-17/exchange=NSE/symbol=HDFCBANK/part-051832_462879-012844.parquet,real_data_sample\l2_unseen_validation\trade_date=2026-07-17\exchange=NSE\symbol=HDFCBANK\part-051832_462879-012844.parquet,35963,downloaded,35963,
2026-07-17,NSE,HDFCBANK,raw_l2/trade_date=2026-07-17/exchange=NSE/symbol=HDFCBANK/part-051846_260484-012876.parquet,real_data_sample\l2_unseen_validation\trade_date=2026-07-17\exchange=NSE\symbol=HDFCBANK\part-051846_260484-012876.parquet,35902,downloaded,35902,
2026-07-17,NSE,HDFCBANK,raw_l2/trade_date=2026-07-17/exchange=NSE/symbol=HDFCBANK/part-051652_816697-012620.parquet,real_data_sample\l2_unseen_validation\trade_date=2026-07-17\exchange=NSE\symbol=HDFCBANK\part-051652_816697-012620.parquet,36232,downloaded,36232,
2026-07-17,NSE,HDFCBANK,raw_l2/trade_date=2026-07-17/exchange=NSE/symbol=HDFCBANK/part-051402_477707-012236.parquet,real_data_sample\l2_unseen_validation\trade_date=2026-07-17\exchange=NSE\symbol=HDFCBANK\part-051402_477707-012236.parquet,36505,downloaded,36505,
2026-07-17,NSE,HDFCBANK,raw_l2/trade_date=2026-07-17/exchange=NSE/symbol=HDFCBANK/part-051303_735611-012108.parquet,real_data_sample\l2_unseen_validation\trade_date=2026-07-17\exchange=NSE\symbol=HDFCBANK\part-051303_735611-012108.parquet,36456,downloaded,36456,
2026-07-17,NSE,HDFCBANK,raw_l2/trade_date=2026-07-17/exchange=NSE/symbol=HDFCBANK/part-051817_934687-012812.parquet,real_data_sample\l2_unseen_validation\trade_date=2026-07-17\exchange=NSE\symbol=HDFCBANK\part-051817_934687-012812.parquet,35997,downloaded,35997,
2026-07-17,NSE,HDFCBANK,raw_l2/trade_date=2026-07-17/exchange=NSE/symbol=HDFCBANK/part-051318_327895-012140.parquet,real_data_sample\l2_unseen_validation\trade_date=2026-07-17\exchange=NSE\symbol=HDFCBANK\part-051318_327895-012140.parquet,36247,downloaded,36247,
2026-07-17,NSE,HDFCBANK,raw_l2/trade_date=2026-07-17/exchange=NSE/symbol=HDFCBANK/part-051555_418932-012492.parquet,real_data_sample\l2_unseen_validation\trade_date=2026-07-17\exchange=NSE\symbol=HDFCBANK\part-051555_418932-012492.parquet,36223,downloaded,36223,
2026-07-17,NSE,HDFCBANK,raw_l2/trade_date=2026-07-17/exchange=NSE/symbol=HDFCBANK/part-051706_834522-012652.parquet,real_data_sample\l2_unseen_validation\trade_date=2026-07-17\exchange=NSE\symbol=HDFCBANK\part-051706_834522-012652.parquet,36145,downloaded,36145,
2026-07-17,NSE,HDFCBANK,raw_l2/trade_date=2026-07-17/exchange=NSE/symbol=HDFCBANK/part-051347_418055-012204.parquet,real_data_sample\l2_unseen_validation\trade_date=2026-07-17\exchange=NSE\symbol=HDFCBANK\part-051347_418055-012204.parquet,36233,downloaded,36233,
2026-07-17,NSE,HDFCBANK,raw_l2/trade_date=2026-07-17/exchange=NSE/symbol=HDFCBANK/part-051332_433466-012172.parquet,real_data_sample\l2_unseen_validation\trade_date=2026-07-17\exchange=NSE\symbol=HDFCBANK\part-051332_433466-012172.parquet,35872,downloaded,35872,
2026-07-17,NSE,HDFCBANK,raw_l2/trade_date=2026-07-17/exchange=NSE/symbol=HDFCBANK/part-051610_081443-012524.parquet,real_data_sample\l2_unseen_validation\trade_date=2026-07-17\exchange=NSE\symbol=HDFCBANK\part-051610_081443-012524.parquet,36297,downloaded,36297,
2026-07-17,NSE,HDFCBANK,raw_l2/trade_date=2026-07-17/exchange=NSE/symbol=HDFCBANK/part-051901_311536-012908.parquet,real_data_sample\l2_unseen_validation\trade_date=2026-07-17\exchange=NSE\symbol=HDFCBANK\part-051901_311536-012908.parquet,36337,downloaded,36337,
2026-07-17,NSE,HDFCBANK,raw_l2/trade_date=2026-07-17/exchange=NSE/symbol=HDFCBANK/part-051432_001499-012300.parquet,real_data_sample\l2_unseen_validation\trade_date=2026-07-17\exchange=NSE\symbol=HDFCBANK\part-051432_001499-012300.parquet,36338,downloaded,36338,
2026-07-17,NSE,HDFCBANK,raw_l2/trade_date=2026-07-17/exchange=NSE/symbol=HDFCBANK/part-051513_447743-012396.parquet,real_data_sample\l2_unseen_validation\trade_date=2026-07-17\exchange=NSE\symbol=HDFCBANK\part-051513_447743-012396.parquet,36056,downloaded,36056,
2026-07-17,NSE,HDFCBANK,raw_l2/trade_date=2026-07-17/exchange=NSE/symbol=HDFCBANK/part-051624_329104-012556.parquet,real_data_sample\l2_unseen_validation\trade_date=2026-07-17\exchange=NSE\symbol=HDFCBANK\part-051624_329104-012556.parquet,35776,downloaded,35776,
2026-07-17,NSE,HDFCBANK,raw_l2/trade_date=2026-07-17/exchange=NSE/symbol=HDFCBANK/part-051459_692448-012364.parquet,real_data_sample\l2_unseen_validation\trade_date=2026-07-17\exchange=NSE\symbol=HDFCBANK\part-051459_692448-012364.parquet,36039,downloaded,36039,
2026-07-17,NSE,HDFCBANK,raw_l2/trade_date=2026-07-17/exchange=NSE/symbol=HDFCBANK/part-051720_756630-012684.parquet,real_data_sample\l2_unseen_validation\trade_date=2026-07-17\exchange=NSE\symbol=HDFCBANK\part-051720_756630-012684.parquet,35971,downloaded,35971,
2026-07-17,NSE,HDFCBANK,raw_l2/trade_date=2026-07-17/exchange=NSE/symbol=HDFCBANK/part-051915_513302-012940.parquet,real_data_sample\l2_unseen_validation\trade_date=2026-07-17\exchange=NSE\symbol=HDFCBANK\part-051915_513302-012940.parquet,36046,downloaded,36046,
2026-07-17,NSE,HDFCBANK,raw_l2/trade_date=2026-07-17/exchange=NSE/symbol=HDFCBANK/part-051541_133735-012460.parquet,real_data_sample\l2_unseen_validation\trade_date=2026-07-17\exchange=NSE\symbol=HDFCBANK\part-051541_133735-012460.parquet,36128,downloaded,36128,
2026-07-17,NSE,HDFCBANK,raw_l2/trade_date=2026-07-17/exchange=NSE/symbol=HDFCBANK/part-051638_560186-012588.parquet,real_data_sample\l2_unseen_validation\trade_date=2026-07-17\exchange=NSE\symbol=HDFCBANK\part-051638_560186-012588.parquet,36162,downloaded,36162,
2026-07-17,NSE,HDFCBANK,raw_l2/trade_date=2026-07-17/exchange=NSE/symbol=HDFCBANK/part-051527_156519-012428.parquet,real_data_sample\l2_unseen_validation\trade_date=2026-07-17\exchange=NSE\symbol=HDFCBANK\part-051527_156519-012428.parquet,35917,downloaded,35917,
2026-07-17,NSE,HDFCBANK,raw_l2/trade_date=2026-07-17/exchange=NSE/symbol=HDFCBANK/part-051803_750866-012780.parquet,real_data_sample\l2_unseen_validation\trade_date=2026-07-17\exchange=NSE\symbol=HDFCBANK\part-051803_750866-012780.parquet,35180,downloaded,35180,
2026-07-17,NSE,HDFCBANK,raw_l2/trade_date=2026-07-17/exchange=NSE/symbol=HDFCBANK/part-051929_474881-012972.parquet,real_data_sample\l2_unseen_validation\trade_date=2026-07-17\exchange=NSE\symbol=HDFCBANK\part-051929_474881-012972.parquet,35796,downloaded,35796,
2026-07-17,NSE,HDFCBANK,raw_l2/trade_date=2026-07-17/exchange=NSE/symbol=HDFCBANK/part-051734_885422-012716.parquet,real_data_sample\l2_unseen_validation\trade_date=2026-07-17\exchange=NSE\symbol=HDFCBANK\part-051734_885422-012716.parquet,35791,downloaded,35791,
2026-07-17,NSE,HDFCBANK,raw_l2/trade_date=2026-07-17/exchange=NSE/symbol=HDFCBANK/part-051749_425088-012748.parquet,real_data_sample\l2_unseen_validation\trade_date=2026-07-17\exchange=NSE\symbol=HDFCBANK\part-051749_425088-012748.parquet,35836,downloaded,35836,
2026-07-17,NSE,HDFCBANK,raw_l2/trade_date=2026-07-17/exchange=NSE/symbol=HDFCBANK/part-051943_225304-013004.parquet,real_data_sample\l2_unseen_validation\trade_date=2026-07-17\exchange=NSE\symbol=HDFCBANK\part-051943_225304-013004.parquet,35793,downloaded,35793,
2026-07-17,NSE,HDFCBANK,raw_l2/trade_date=2026-07-17/exchange=NSE/symbol=HDFCBANK/part-051417_061875-012268.parquet,real_data_sample\l2_unseen_validation\trade_date=2026-07-17\exchange=NSE\symbol=HDFCBANK\part-051417_061875-012268.parquet,36680,downloaded,36680,
2026-07-17,NSE,HDFCBANK,raw_l2/trade_date=2026-07-17/exchange=NSE/symbol=HDFCBANK/part-051957_237666-013036.parquet,real_data_sample\l2_unseen_validation\trade_date=2026-07-17\exchange=NSE\symbol=HDFCBANK\part-051957_237666-013036.parquet,35637,downloaded,35637,
2026-07-17,NSE,HDFCBANK,raw_l2/trade_date=2026-07-17/exchange=NSE/symbol=HDFCBANK/part-051445_724856-012332.parquet,real_data_sample\l2_unseen_validation\trade_date=2026-07-17\exchange=NSE\symbol=HDFCBANK\part-051445_724856-012332.parquet,36612,downloaded,36612,
2026-07-17,NSE,HDFCBANK,raw_l2/trade_date=2026-07-17/exchange=NSE/symbol=HDFCBANK/part-052010_954803-013068.parquet,real_data_sample\l2_unseen_validation\trade_date=2026-07-17\exchange=NSE\symbol=HDFCBANK\part-052010_954803-013068.parquet,35554,downloaded,35554,
2026-07-17,NSE,HDFCBANK,raw_l2/trade_date=2026-07-17/exchange=NSE/symbol=HDFCBANK/part-052038_464014-013132.parquet,real_data_sample\l2_unseen_validation\trade_date=2026-07-17\exchange=NSE\symbol=HDFCBANK\part-052038_464014-013132.parquet,36074,downloaded,36074,
2026-07-17,NSE,HDFCBANK,raw_l2/trade_date=2026-07-17/exchange=NSE/symbol=HDFCBANK/part-052119_993847-013228.parquet,real_data_sample\l2_unseen_validation\trade_date=2026-07-17\exchange=NSE\symbol=HDFCBANK\part-052119_993847-013228.parquet,36013,downloaded,36013,
2026-07-17,NSE,HDFCBANK,raw_l2/trade_date=2026-07-17/exchange=NSE/symbol=HDFCBANK/part-052147_746642-013292.parquet,real_data_sample\l2_unseen_validation\trade_date=2026-07-17\exchange=NSE\symbol=HDFCBANK\part-052147_746642-013292.parquet,36072,downloaded,36072,
2026-07-17,NSE,HDFCBANK,raw_l2/trade_date=2026-07-17/exchange=NSE/symbol=HDFCBANK/part-052311_861781-013484.parquet,real_data_sample\l2_unseen_validation\trade_date=2026-07-17\exchange=NSE\symbol=HDFCBANK\part-052311_861781-013484.parquet,35845,downloaded,35845,
2026-07-17,NSE,HDFCBANK,raw_l2/trade_date=2026-07-17/exchange=NSE/symbol=HDFCBANK/part-052243_799270-013420.parquet,real_data_sample\l2_unseen_validation\trade_date=2026-07-17\exchange=NSE\symbol=HDFCBANK\part-052243_799270-013420.parquet,35817,downloaded,35817,
2026-07-17,NSE,HDFCBANK,raw_l2/trade_date=2026-07-17/exchange=NSE/symbol=HDFCBANK/part-052201_775110-013324.parquet,real_data_sample\l2_unseen_validation\trade_date=2026-07-17\exchange=NSE\symbol=HDFCBANK\part-052201_775110-013324.parquet,36131,downloaded,36131,
2026-07-17,NSE,HDFCBANK,raw_l2/trade_date=2026-07-17/exchange=NSE/symbol=HDFCBANK/part-052133_752260-013260.parquet,real_data_sample\l2_unseen_validation\trade_date=2026-07-17\exchange=NSE\symbol=HDFCBANK\part-052133_752260-013260.parquet,35989,downloaded,35989,
2026-07-17,NSE,HDFCBANK,raw_l2/trade_date=2026-07-17/exchange=NSE/symbol=HDFCBANK/part-052052_271880-013164.parquet,real_data_sample\l2_unseen_validation\trade_date=2026-07-17\exchange=NSE\symbol=HDFCBANK\part-052052_271880-013164.parquet,35709,downloaded,35709,
2026-07-17,NSE,HDFCBANK,raw_l2/trade_date=2026-07-17/exchange=NSE/symbol=HDFCBANK/part-052257_855604-013452.parquet,real_data_sample\l2_unseen_validation\trade_date=2026-07-17\exchange=NSE\symbol=HDFCBANK\part-052257_855604-013452.parquet,36337,downloaded,36337,
2026-07-17,NSE,HDFCBANK,raw_l2/trade_date=2026-07-17/exchange=NSE/symbol=HDFCBANK/part-052024_705923-013100.parquet,real_data_sample\l2_unseen_validation\trade_date=2026-07-17\exchange=NSE\symbol=HDFCBANK\part-052024_705923-013100.parquet,35902,downloaded,35902,
2026-07-17,NSE,HDFCBANK,raw_l2/trade_date=2026-07-17/exchange=NSE/symbol=HDFCBANK/part-052215_772074-013356.parquet,real_data_sample\l2_unseen_validation\trade_date=2026-07-17\exchange=NSE\symbol=HDFCBANK\part-052215_772074-013356.parquet,35832,downloaded,35832,
2026-07-17,NSE,HDFCBANK,raw_l2/trade_date=2026-07-17/exchange=NSE/symbol=HDFCBANK/part-052229_820522-013388.parquet,real_data_sample\l2_unseen_validation\trade_date=2026-07-17\exchange=NSE\symbol=HDFCBANK\part-052229_820522-013388.parquet,35892,downloaded,35892,
2026-07-17,NSE,HDFCBANK,raw_l2/trade_date=2026-07-17/exchange=NSE/symbol=HDFCBANK/part-052641_851863-013964.parquet,real_data_sample\l2_unseen_validation\trade_date=2026-07-17\exchange=NSE\symbol=HDFCBANK\part-052641_851863-013964.parquet,35802,downloaded,35802,
2026-07-17,NSE,HDFCBANK,raw_l2/trade_date=2026-07-17/exchange=NSE/symbol=HDFCBANK/part-052613_545383-013900.parquet,real_data_sample\l2_unseen_validation\trade_date=2026-07-17\exchange=NSE\symbol=HDFCBANK\part-052613_545383-013900.parquet,35934,downloaded,35934,
2026-07-17,NSE,HDFCBANK,raw_l2/trade_date=2026-07-17/exchange=NSE/symbol=HDFCBANK/part-052339_745018-013548.parquet,real_data_sample\l2_unseen_validation\trade_date=2026-07-17\exchange=NSE\symbol=HDFCBANK\part-052339_745018-013548.parquet,35659,downloaded,35659,
2026-07-17,NSE,HDFCBANK,raw_l2/trade_date=2026-07-17/exchange=NSE/symbol=HDFCBANK/part-052738_007321-014092.parquet,real_data_sample\l2_unseen_validation\trade_date=2026-07-17\exchange=NSE\symbol=HDFCBANK\part-052738_007321-014092.parquet,35951,downloaded,35951,
2026-07-17,NSE,HDFCBANK,raw_l2/trade_date=2026-07-17/exchange=NSE/symbol=HDFCBANK/part-052353_728179-013580.parquet,real_data_sample\l2_unseen_validation\trade_date=2026-07-17\exchange=NSE\symbol=HDFCBANK\part-052353_728179-013580.parquet,35561,downloaded,35561,
2026-07-17,NSE,HDFCBANK,raw_l2/trade_date=2026-07-17/exchange=NSE/symbol=HDFCBANK/part-052105_976725-013196.parquet,real_data_sample\l2_unseen_validation\trade_date=2026-07-17\exchange=NSE\symbol=HDFCBANK\part-052105_976725-013196.parquet,35791,downloaded,35791,
2026-07-17,NSE,HDFCBANK,raw_l2/trade_date=2026-07-17/exchange=NSE/symbol=HDFCBANK/part-052325_739820-013516.parquet,real_data_sample\l2_unseen_validation\trade_date=2026-07-17\exchange=NSE\symbol=HDFCBANK\part-052325_739820-013516.parquet,35797,downloaded,35797,
2026-07-17,NSE,HDFCBANK,raw_l2/trade_date=2026-07-17/exchange=NSE/symbol=HDFCBANK/part-052407_710886-013612.parquet,real_data_sample\l2_unseen_validation\trade_date=2026-07-17\exchange=NSE\symbol=HDFCBANK\part-052407_710886-013612.parquet,35577,downloaded,35577,
2026-07-17,NSE,HDFCBANK,raw_l2/trade_date=2026-07-17/exchange=NSE/symbol=HDFCBANK/part-052517_262014-013772.parquet,real_data_sample\l2_unseen_validation\trade_date=2026-07-17\exchange=NSE\symbol=HDFCBANK\part-052517_262014-013772.parquet,36255,downloaded,36255,
2026-07-17,NSE,HDFCBANK,raw_l2/trade_date=2026-07-17/exchange=NSE/symbol=HDFCBANK/part-052724_110772-014060.parquet,real_data_sample\l2_unseen_validation\trade_date=2026-07-17\exchange=NSE\symbol=HDFCBANK\part-052724_110772-014060.parquet,35769,downloaded,35769,
2026-07-17,NSE,HDFCBANK,raw_l2/trade_date=2026-07-17/exchange=NSE/symbol=HDFCBANK/part-052710_091890-014028.parquet,real_data_sample\l2_unseen_validation\trade_date=2026-07-17\exchange=NSE\symbol=HDFCBANK\part-052710_091890-014028.parquet,35533,downloaded,35533,
2026-07-17,NSE,HDFCBANK,raw_l2/trade_date=2026-07-17/exchange=NSE/symbol=HDFCBANK/part-052435_726995-013676.parquet,real_data_sample\l2_unseen_validation\trade_date=2026-07-17\exchange=NSE\symbol=HDFCBANK\part-052435_726995-013676.parquet,36371,downloaded,36371,
2026-07-17,NSE,HDFCBANK,raw_l2/trade_date=2026-07-17/exchange=NSE/symbol=HDFCBANK/part-052656_047702-013996.parquet,real_data_sample\l2_unseen_validation\trade_date=2026-07-17\exchange=NSE\symbol=HDFCBANK\part-052656_047702-013996.parquet,36559,downloaded,36559,
2026-07-17,NSE,HDFCBANK,raw_l2/trade_date=2026-07-17/exchange=NSE/symbol=HDFCBANK/part-052421_746469-013644.parquet,real_data_sample\l2_unseen_validation\trade_date=2026-07-17\exchange=NSE\symbol=HDFCBANK\part-052421_746469-013644.parquet,35984,downloaded,35984,
2026-07-17,NSE,HDFCBANK,raw_l2/trade_date=2026-07-17/exchange=NSE/symbol=HDFCBANK/part-052627_745539-013932.parquet,real_data_sample\l2_unseen_validation\trade_date=2026-07-17\exchange=NSE\symbol=HDFCBANK\part-052627_745539-013932.parquet,36141,downloaded,36141,
2026-07-17,NSE,HDFCBANK,raw_l2/trade_date=2026-07-17/exchange=NSE/symbol=HDFCBANK/part-052503_468925-013740.parquet,real_data_sample\l2_unseen_validation\trade_date=2026-07-17\exchange=NSE\symbol=HDFCBANK\part-052503_468925-013740.parquet,36336,downloaded,36336,
2026-07-17,NSE,HDFCBANK,raw_l2/trade_date=2026-07-17/exchange=NSE/symbol=HDFCBANK/part-052449_522532-013708.parquet,real_data_sample\l2_unseen_validation\trade_date=2026-07-17\exchange=NSE\symbol=HDFCBANK\part-052449_522532-013708.parquet,36090,downloaded,36090,
2026-07-17,NSE,HDFCBANK,raw_l2/trade_date=2026-07-17/exchange=NSE/symbol=HDFCBANK/part-052545_298037-013836.parquet,real_data_sample\l2_unseen_validation\trade_date=2026-07-17\exchange=NSE\symbol=HDFCBANK\part-052545_298037-013836.parquet,35957,downloaded,35957,
2026-07-17,NSE,HDFCBANK,raw_l2/trade_date=2026-07-17/exchange=NSE/symbol=HDFCBANK/part-052531_084054-013804.parquet,real_data_sample\l2_unseen_validation\trade_date=2026-07-17\exchange=NSE\symbol=HDFCBANK\part-052531_084054-013804.parquet,36241,downloaded,36241,
2026-07-17,NSE,HDFCBANK,raw_l2/trade_date=2026-07-17/exchange=NSE/symbol=HDFCBANK/part-052559_348630-013868.parquet,real_data_sample\l2_unseen_validation\trade_date=2026-07-17\exchange=NSE\symbol=HDFCBANK\part-052559_348630-013868.parquet,35946,downloaded,35946,
2026-07-17,NSE,HDFCBANK,raw_l2/trade_date=2026-07-17/exchange=NSE/symbol=HDFCBANK/part-052751_999614-014124.parquet,real_data_sample\l2_unseen_validation\trade_date=2026-07-17\exchange=NSE\symbol=HDFCBANK\part-052751_999614-014124.parquet,36446,downloaded,36446,
2026-07-17,NSE,HDFCBANK,raw_l2/trade_date=2026-07-17/exchange=NSE/symbol=HDFCBANK/part-052930_541027-014348.parquet,real_data_sample\l2_unseen_validation\trade_date=2026-07-17\exchange=NSE\symbol=HDFCBANK\part-052930_541027-014348.parquet,36251,downloaded,36251,
2026-07-17,NSE,HDFCBANK,raw_l2/trade_date=2026-07-17/exchange=NSE/symbol=HDFCBANK/part-053042_036412-014508.parquet,real_data_sample\l2_unseen_validation\trade_date=2026-07-17\exchange=NSE\symbol=HDFCBANK\part-053042_036412-014508.parquet,36184,downloaded,36184,
2026-07-17,NSE,HDFCBANK,raw_l2/trade_date=2026-07-17/exchange=NSE/symbol=HDFCBANK/part-052958_609906-014412.parquet,real_data_sample\l2_unseen_validation\trade_date=2026-07-17\exchange=NSE\symbol=HDFCBANK\part-052958_609906-014412.parquet,36054,downloaded,36054,
2026-07-17,NSE,HDFCBANK,raw_l2/trade_date=2026-07-17/exchange=NSE/symbol=HDFCBANK/part-052848_123457-014252.parquet,real_data_sample\l2_unseen_validation\trade_date=2026-07-17\exchange=NSE\symbol=HDFCBANK\part-052848_123457-014252.parquet,36242,downloaded,36242,
2026-07-17,NSE,HDFCBANK,raw_l2/trade_date=2026-07-17/exchange=NSE/symbol=HDFCBANK/part-052902_611790-014284.parquet,real_data_sample\l2_unseen_validation\trade_date=2026-07-17\exchange=NSE\symbol=HDFCBANK\part-052902_611790-014284.parquet,36040,downloaded,36040,
2026-07-17,NSE,HDFCBANK,raw_l2/trade_date=2026-07-17/exchange=NSE/symbol=HDFCBANK/part-052819_824803-014188.parquet,real_data_sample\l2_unseen_validation\trade_date=2026-07-17\exchange=NSE\symbol=HDFCBANK\part-052819_824803-014188.parquet,36130,downloaded,36130,
2026-07-17,NSE,HDFCBANK,raw_l2/trade_date=2026-07-17/exchange=NSE/symbol=HDFCBANK/part-052916_619177-014316.parquet,real_data_sample\l2_unseen_validation\trade_date=2026-07-17\exchange=NSE\symbol=HDFCBANK\part-052916_619177-014316.parquet,35999,downloaded,35999,
2026-07-17,NSE,HDFCBANK,raw_l2/trade_date=2026-07-17/exchange=NSE/symbol=HDFCBANK/part-052834_027886-014220.parquet,real_data_sample\l2_unseen_validation\trade_date=2026-07-17\exchange=NSE\symbol=HDFCBANK\part-052834_027886-014220.parquet,36315,downloaded,36315,
2026-07-17,NSE,HDFCBANK,raw_l2/trade_date=2026-07-17/exchange=NSE/symbol=HDFCBANK/part-052805_799967-014156.parquet,real_data_sample\l2_unseen_validation\trade_date=2026-07-17\exchange=NSE\symbol=HDFCBANK\part-052805_799967-014156.parquet,36207,downloaded,36207,
2026-07-17,NSE,HDFCBANK,raw_l2/trade_date=2026-07-17/exchange=NSE/symbol=HDFCBANK/part-053028_283002-014476.parquet,real_data_sample\l2_unseen_validation\trade_date=2026-07-17\exchange=NSE\symbol=HDFCBANK\part-053028_283002-014476.parquet,36064,downloaded,36064,
2026-07-17,NSE,HDFCBANK,raw_l2/trade_date=2026-07-17/exchange=NSE/symbol=HDFCBANK/part-053152_723822-014668.parquet,real_data_sample\l2_unseen_validation\trade_date=2026-07-17\exchange=NSE\symbol=HDFCBANK\part-053152_723822-014668.parquet,36384,downloaded,36384,
2026-07-17,NSE,HDFCBANK,raw_l2/trade_date=2026-07-17/exchange=NSE/symbol=HDFCBANK/part-052944_529594-014380.parquet,real_data_sample\l2_unseen_validation\trade_date=2026-07-17\exchange=NSE\symbol=HDFCBANK\part-052944_529594-014380.parquet,36661,downloaded,36661,
2026-07-17,NSE,HDFCBANK,raw_l2/trade_date=2026-07-17/exchange=NSE/symbol=HDFCBANK/part-053124_992116-014604.parquet,real_data_sample\l2_unseen_validation\trade_date=2026-07-17\exchange=NSE\symbol=HDFCBANK\part-053124_992116-014604.parquet,36186,downloaded,36186,
2026-07-17,NSE,HDFCBANK,raw_l2/trade_date=2026-07-17/exchange=NSE/symbol=HDFCBANK/part-053139_036052-014636.parquet,real_data_sample\l2_unseen_validation\trade_date=2026-07-17\exchange=NSE\symbol=HDFCBANK\part-053139_036052-014636.parquet,36725,downloaded,36725,
2026-07-17,NSE,HDFCBANK,raw_l2/trade_date=2026-07-17/exchange=NSE/symbol=HDFCBANK/part-053013_662599-014444.parquet,real_data_sample\l2_unseen_validation\trade_date=2026-07-17\exchange=NSE\symbol=HDFCBANK\part-053013_662599-014444.parquet,35937,downloaded,35937,
2026-07-17,NSE,HDFCBANK,raw_l2/trade_date=2026-07-17/exchange=NSE/symbol=HDFCBANK/part-053110_674500-014572.parquet,real_data_sample\l2_unseen_validation\trade_date=2026-07-17\exchange=NSE\symbol=HDFCBANK\part-053110_674500-014572.parquet,36517,downloaded,36517,
2026-07-17,NSE,HDFCBANK,raw_l2/trade_date=2026-07-17/exchange=NSE/symbol=HDFCBANK/part-053056_134525-014540.parquet,real_data_sample\l2_unseen_validation\trade_date=2026-07-17\exchange=NSE\symbol=HDFCBANK\part-053056_134525-014540.parquet,36219,downloaded,36219,
2026-07-17,NSE,HDFCBANK,raw_l2/trade_date=2026-07-17/exchange=NSE/symbol=HDFCBANK/part-053206_875470-014700.parquet,real_data_sample\l2_unseen_validation\trade_date=2026-07-17\exchange=NSE\symbol=HDFCBANK\part-053206_875470-014700.parquet,36444,downloaded,36444,
2026-07-17,NSE,HDFCBANK,raw_l2/trade_date=2026-07-17/exchange=NSE/symbol=HDFCBANK/part-053221_073199-014732.parquet,real_data_sample\l2_unseen_validation\trade_date=2026-07-17\exchange=NSE\symbol=HDFCBANK\part-053221_073199-014732.parquet,36071,downloaded,36071,
2026-07-17,NSE,HDFCBANK,raw_l2/trade_date=2026-07-17/exchange=NSE/symbol=HDFCBANK/part-053235_058804-014764.parquet,real_data_sample\l2_unseen_validation\trade_date=2026-07-17\exchange=NSE\symbol=HDFCBANK\part-053235_058804-014764.parquet,35804,downloaded,35804,
2026-07-17,NSE,HDFCBANK,raw_l2/trade_date=2026-07-17/exchange=NSE/symbol=HDFCBANK/part-053248_975370-014796.parquet,real_data_sample\l2_unseen_validation\trade_date=2026-07-17\exchange=NSE\symbol=HDFCBANK\part-053248_975370-014796.parquet,36224,downloaded,36224,
2026-07-17,NSE,HDFCBANK,raw_l2/trade_date=2026-07-17/exchange=NSE/symbol=HDFCBANK/part-053303_126895-014828.parquet,real_data_sample\l2_unseen_validation\trade_date=2026-07-17\exchange=NSE\symbol=HDFCBANK\part-053303_126895-014828.parquet,35840,downloaded,35840,
2026-07-17,NSE,HDFCBANK,raw_l2/trade_date=2026-07-17/exchange=NSE/symbol=HDFCBANK/part-053331_293175-014892.parquet,real_data_sample\l2_unseen_validation\trade_date=2026-07-17\exchange=NSE\symbol=HDFCBANK\part-053331_293175-014892.parquet,36662,downloaded,36662,
2026-07-17,NSE,HDFCBANK,raw_l2/trade_date=2026-07-17/exchange=NSE/symbol=HDFCBANK/part-053345_268427-014924.parquet,real_data_sample\l2_unseen_validation\trade_date=2026-07-17\exchange=NSE\symbol=HDFCBANK\part-053345_268427-014924.parquet,36525,downloaded,36525,
2026-07-17,NSE,HDFCBANK,raw_l2/trade_date=2026-07-17/exchange=NSE/symbol=HDFCBANK/part-053413_328477-014988.parquet,real_data_sample\l2_unseen_validation\trade_date=2026-07-17\exchange=NSE\symbol=HDFCBANK\part-053413_328477-014988.parquet,35994,downloaded,35994,
2026-07-17,NSE,HDFCBANK,raw_l2/trade_date=2026-07-17/exchange=NSE/symbol=HDFCBANK/part-053440_961292-015052.parquet,real_data_sample\l2_unseen_validation\trade_date=2026-07-17\exchange=NSE\symbol=HDFCBANK\part-053440_961292-015052.parquet,35706,downloaded,35706,
2026-07-17,NSE,HDFCBANK,raw_l2/trade_date=2026-07-17/exchange=NSE/symbol=HDFCBANK/part-053427_220824-015020.parquet,real_data_sample\l2_unseen_validation\trade_date=2026-07-17\exchange=NSE\symbol=HDFCBANK\part-053427_220824-015020.parquet,35506,downloaded,35506,
2026-07-17,NSE,HDFCBANK,raw_l2/trade_date=2026-07-17/exchange=NSE/symbol=HDFCBANK/part-053508_601762-015116.parquet,real_data_sample\l2_unseen_validation\trade_date=2026-07-17\exchange=NSE\symbol=HDFCBANK\part-053508_601762-015116.parquet,35883,downloaded,35883,
2026-07-17,NSE,HDFCBANK,raw_l2/trade_date=2026-07-17/exchange=NSE/symbol=HDFCBANK/part-053317_143643-014860.parquet,real_data_sample\l2_unseen_validation\trade_date=2026-07-17\exchange=NSE\symbol=HDFCBANK\part-053317_143643-014860.parquet,36382,downloaded,36382,
2026-07-17,NSE,HDFCBANK,raw_l2/trade_date=2026-07-17/exchange=NSE/symbol=HDFCBANK/part-053454_690070-015084.parquet,real_data_sample\l2_unseen_validation\trade_date=2026-07-17\exchange=NSE\symbol=HDFCBANK\part-053454_690070-015084.parquet,35680,downloaded,35680,
2026-07-17,NSE,HDFCBANK,raw_l2/trade_date=2026-07-17/exchange=NSE/symbol=HDFCBANK/part-053359_190080-014956.parquet,real_data_sample\l2_unseen_validation\trade_date=2026-07-17\exchange=NSE\symbol=HDFCBANK\part-053359_190080-014956.parquet,36031,downloaded,36031,
2026-07-17,NSE,HDFCBANK,raw_l2/trade_date=2026-07-17/exchange=NSE/symbol=HDFCBANK/part-053522_497718-015148.parquet,real_data_sample\l2_unseen_validation\trade_date=2026-07-17\exchange=NSE\symbol=HDFCBANK\part-053522_497718-015148.parquet,36305,downloaded,36305,
2026-07-17,NSE,HDFCBANK,raw_l2/trade_date=2026-07-17/exchange=NSE/symbol=HDFCBANK/part-053536_486922-015180.parquet,real_data_sample\l2_unseen_validation\trade_date=2026-07-17\exchange=NSE\symbol=HDFCBANK\part-053536_486922-015180.parquet,36328,downloaded,36328,
2026-07-17,NSE,HDFCBANK,raw_l2/trade_date=2026-07-17/exchange=NSE/symbol=HDFCBANK/part-053947_246772-015756.parquet,real_data_sample\l2_unseen_validation\trade_date=2026-07-17\exchange=NSE\symbol=HDFCBANK\part-053947_246772-015756.parquet,36035,downloaded,36035,
2026-07-17,NSE,HDFCBANK,raw_l2/trade_date=2026-07-17/exchange=NSE/symbol=HDFCBANK/part-053837_785635-015596.parquet,real_data_sample\l2_unseen_validation\trade_date=2026-07-17\exchange=NSE\symbol=HDFCBANK\part-053837_785635-015596.parquet,36127,downloaded,36127,
2026-07-17,NSE,HDFCBANK,raw_l2/trade_date=2026-07-17/exchange=NSE/symbol=HDFCBANK/part-053603_983549-015244.parquet,real_data_sample\l2_unseen_validation\trade_date=2026-07-17\exchange=NSE\symbol=HDFCBANK\part-053603_983549-015244.parquet,35979,downloaded,35979,
2026-07-17,NSE,HDFCBANK,raw_l2/trade_date=2026-07-17/exchange=NSE/symbol=HDFCBANK/part-053823_624080-015564.parquet,real_data_sample\l2_unseen_validation\trade_date=2026-07-17\exchange=NSE\symbol=HDFCBANK\part-053823_624080-015564.parquet,36201,downloaded,36201,
2026-07-17,NSE,HDFCBANK,raw_l2/trade_date=2026-07-17/exchange=NSE/symbol=HDFCBANK/part-054043_066778-015884.parquet,real_data_sample\l2_unseen_validation\trade_date=2026-07-17\exchange=NSE\symbol=HDFCBANK\part-054043_066778-015884.parquet,36444,downloaded,36444,
2026-07-17,NSE,HDFCBANK,raw_l2/trade_date=2026-07-17/exchange=NSE/symbol=HDFCBANK/part-053632_278832-015308.parquet,real_data_sample\l2_unseen_validation\trade_date=2026-07-17\exchange=NSE\symbol=HDFCBANK\part-053632_278832-015308.parquet,35964,downloaded,35964,
2026-07-17,NSE,HDFCBANK,raw_l2/trade_date=2026-07-17/exchange=NSE/symbol=HDFCBANK/part-053646_201813-015340.parquet,real_data_sample\l2_unseen_validation\trade_date=2026-07-17\exchange=NSE\symbol=HDFCBANK\part-053646_201813-015340.parquet,36196,downloaded,36196,
2026-07-17,NSE,HDFCBANK,raw_l2/trade_date=2026-07-17/exchange=NSE/symbol=HDFCBANK/part-053741_792939-015468.parquet,real_data_sample\l2_unseen_validation\trade_date=2026-07-17\exchange=NSE\symbol=HDFCBANK\part-053741_792939-015468.parquet,35958,downloaded,35958,
2026-07-17,NSE,HDFCBANK,raw_l2/trade_date=2026-07-17/exchange=NSE/symbol=HDFCBANK/part-053919_556830-015692.parquet,real_data_sample\l2_unseen_validation\trade_date=2026-07-17\exchange=NSE\symbol=HDFCBANK\part-053919_556830-015692.parquet,36129,downloaded,36129,
2026-07-17,NSE,HDFCBANK,raw_l2/trade_date=2026-07-17/exchange=NSE/symbol=HDFCBANK/part-053933_504447-015724.parquet,real_data_sample\l2_unseen_validation\trade_date=2026-07-17\exchange=NSE\symbol=HDFCBANK\part-053933_504447-015724.parquet,36121,downloaded,36121,
2026-07-17,NSE,HDFCBANK,raw_l2/trade_date=2026-07-17/exchange=NSE/symbol=HDFCBANK/part-054233_961964-016140.parquet,real_data_sample\l2_unseen_validation\trade_date=2026-07-17\exchange=NSE\symbol=HDFCBANK\part-054233_961964-016140.parquet,35542,downloaded,35542,
2026-07-17,NSE,HDFCBANK,raw_l2/trade_date=2026-07-17/exchange=NSE/symbol=HDFCBANK/part-054001_334950-015788.parquet,real_data_sample\l2_unseen_validation\trade_date=2026-07-17\exchange=NSE\symbol=HDFCBANK\part-054001_334950-015788.parquet,35896,downloaded,35896,
2026-07-17,NSE,HDFCBANK,raw_l2/trade_date=2026-07-17/exchange=NSE/symbol=HDFCBANK/part-054015_192759-015820.parquet,real_data_sample\l2_unseen_validation\trade_date=2026-07-17\exchange=NSE\symbol=HDFCBANK\part-054015_192759-015820.parquet,36064,downloaded,36064,
2026-07-17,NSE,HDFCBANK,raw_l2/trade_date=2026-07-17/exchange=NSE/symbol=HDFCBANK/part-054138_502940-016012.parquet,real_data_sample\l2_unseen_validation\trade_date=2026-07-17\exchange=NSE\symbol=HDFCBANK\part-054138_502940-016012.parquet,35935,downloaded,35935,
2026-07-17,NSE,HDFCBANK,raw_l2/trade_date=2026-07-17/exchange=NSE/symbol=HDFCBANK/part-054029_235818-015852.parquet,real_data_sample\l2_unseen_validation\trade_date=2026-07-17\exchange=NSE\symbol=HDFCBANK\part-054029_235818-015852.parquet,36091,downloaded,36091,
2026-07-17,NSE,HDFCBANK,raw_l2/trade_date=2026-07-17/exchange=NSE/symbol=HDFCBANK/part-053905_502199-015660.parquet,real_data_sample\l2_unseen_validation\trade_date=2026-07-17\exchange=NSE\symbol=HDFCBANK\part-053905_502199-015660.parquet,36228,downloaded,36228,
2026-07-17,NSE,HDFCBANK,raw_l2/trade_date=2026-07-17/exchange=NSE/symbol=HDFCBANK/part-054110_987366-015948.parquet,real_data_sample\l2_unseen_validation\trade_date=2026-07-17\exchange=NSE\symbol=HDFCBANK\part-054110_987366-015948.parquet,35531,downloaded,35531,
2026-07-17,NSE,HDFCBANK,raw_l2/trade_date=2026-07-17/exchange=NSE/symbol=HDFCBANK/part-054057_016252-015916.parquet,real_data_sample\l2_unseen_validation\trade_date=2026-07-17\exchange=NSE\symbol=HDFCBANK\part-054057_016252-015916.parquet,35929,downloaded,35929,
2026-07-17,NSE,HDFCBANK,raw_l2/trade_date=2026-07-17/exchange=NSE/symbol=HDFCBANK/part-053851_738585-015628.parquet,real_data_sample\l2_unseen_validation\trade_date=2026-07-17\exchange=NSE\symbol=HDFCBANK\part-053851_738585-015628.parquet,36422,downloaded,36422,
2026-07-17,NSE,HDFCBANK,raw_l2/trade_date=2026-07-17/exchange=NSE/symbol=HDFCBANK/part-053550_258745-015212.parquet,real_data_sample\l2_unseen_validation\trade_date=2026-07-17\exchange=NSE\symbol=HDFCBANK\part-053550_258745-015212.parquet,35591,downloaded,35591,
2026-07-17,NSE,HDFCBANK,raw_l2/trade_date=2026-07-17/exchange=NSE/symbol=HDFCBANK/part-053755_707424-015500.parquet,real_data_sample\l2_unseen_validation\trade_date=2026-07-17\exchange=NSE\symbol=HDFCBANK\part-053755_707424-015500.parquet,35727,downloaded,35727,
2026-07-17,NSE,HDFCBANK,raw_l2/trade_date=2026-07-17/exchange=NSE/symbol=HDFCBANK/part-053618_036142-015276.parquet,real_data_sample\l2_unseen_validation\trade_date=2026-07-17\exchange=NSE\symbol=HDFCBANK\part-053618_036142-015276.parquet,35652,downloaded,35652,
2026-07-17,NSE,HDFCBANK,raw_l2/trade_date=2026-07-17/exchange=NSE/symbol=HDFCBANK/part-053809_514033-015532.parquet,real_data_sample\l2_unseen_validation\trade_date=2026-07-17\exchange=NSE\symbol=HDFCBANK\part-053809_514033-015532.parquet,35653,downloaded,35653,
2026-07-17,NSE,HDFCBANK,raw_l2/trade_date=2026-07-17/exchange=NSE/symbol=HDFCBANK/part-053714_029097-015404.parquet,real_data_sample\l2_unseen_validation\trade_date=2026-07-17\exchange=NSE\symbol=HDFCBANK\part-053714_029097-015404.parquet,35576,downloaded,35576,
2026-07-17,NSE,HDFCBANK,raw_l2/trade_date=2026-07-17/exchange=NSE/symbol=HDFCBANK/part-053727_979453-015436.parquet,real_data_sample\l2_unseen_validation\trade_date=2026-07-17\exchange=NSE\symbol=HDFCBANK\part-053727_979453-015436.parquet,35659,downloaded,35659,
2026-07-17,NSE,HDFCBANK,raw_l2/trade_date=2026-07-17/exchange=NSE/symbol=HDFCBANK/part-053700_006938-015372.parquet,real_data_sample\l2_unseen_validation\trade_date=2026-07-17\exchange=NSE\symbol=HDFCBANK\part-053700_006938-015372.parquet,35958,downloaded,35958,
2026-07-17,NSE,HDFCBANK,raw_l2/trade_date=2026-07-17/exchange=NSE/symbol=HDFCBANK/part-054206_234107-016076.parquet,real_data_sample\l2_unseen_validation\trade_date=2026-07-17\exchange=NSE\symbol=HDFCBANK\part-054206_234107-016076.parquet,35892,downloaded,35892,
2026-07-17,NSE,HDFCBANK,raw_l2/trade_date=2026-07-17/exchange=NSE/symbol=HDFCBANK/part-054124_700441-015980.parquet,real_data_sample\l2_unseen_validation\trade_date=2026-07-17\exchange=NSE\symbol=HDFCBANK\part-054124_700441-015980.parquet,35888,downloaded,35888,
2026-07-17,NSE,HDFCBANK,raw_l2/trade_date=2026-07-17/exchange=NSE/symbol=HDFCBANK/part-054152_270794-016044.parquet,real_data_sample\l2_unseen_validation\trade_date=2026-07-17\exchange=NSE\symbol=HDFCBANK\part-054152_270794-016044.parquet,35616,downloaded,35616,
2026-07-17,NSE,HDFCBANK,raw_l2/trade_date=2026-07-17/exchange=NSE/symbol=HDFCBANK/part-054220_237368-016108.parquet,real_data_sample\l2_unseen_validation\trade_date=2026-07-17\exchange=NSE\symbol=HDFCBANK\part-054220_237368-016108.parquet,35912,downloaded,35912,
2026-07-17,NSE,HDFCBANK,raw_l2/trade_date=2026-07-17/exchange=NSE/symbol=HDFCBANK/part-054343_771632-016300.parquet,real_data_sample\l2_unseen_validation\trade_date=2026-07-17\exchange=NSE\symbol=HDFCBANK\part-054343_771632-016300.parquet,36430,downloaded,36430,
2026-07-17,NSE,HDFCBANK,raw_l2/trade_date=2026-07-17/exchange=NSE/symbol=HDFCBANK/part-054329_829173-016268.parquet,real_data_sample\l2_unseen_validation\trade_date=2026-07-17\exchange=NSE\symbol=HDFCBANK\part-054329_829173-016268.parquet,35909,downloaded,35909,
2026-07-17,NSE,HDFCBANK,raw_l2/trade_date=2026-07-17/exchange=NSE/symbol=HDFCBANK/part-054919_143835-017068.parquet,real_data_sample\l2_unseen_validation\trade_date=2026-07-17\exchange=NSE\symbol=HDFCBANK\part-054919_143835-017068.parquet,35963,downloaded,35963,
2026-07-17,NSE,HDFCBANK,raw_l2/trade_date=2026-07-17/exchange=NSE/symbol=HDFCBANK/part-054411_550142-016364.parquet,real_data_sample\l2_unseen_validation\trade_date=2026-07-17\exchange=NSE\symbol=HDFCBANK\part-054411_550142-016364.parquet,36310,downloaded,36310,
2026-07-17,NSE,HDFCBANK,raw_l2/trade_date=2026-07-17/exchange=NSE/symbol=HDFCBANK/part-054425_492971-016396.parquet,real_data_sample\l2_unseen_validation\trade_date=2026-07-17\exchange=NSE\symbol=HDFCBANK\part-054425_492971-016396.parquet,35909,downloaded,35909,
2026-07-17,NSE,HDFCBANK,raw_l2/trade_date=2026-07-17/exchange=NSE/symbol=HDFCBANK/part-054357_515424-016332.parquet,real_data_sample\l2_unseen_validation\trade_date=2026-07-17\exchange=NSE\symbol=HDFCBANK\part-054357_515424-016332.parquet,35765,downloaded,35765,
2026-07-17,NSE,HDFCBANK,raw_l2/trade_date=2026-07-17/exchange=NSE/symbol=HDFCBANK/part-054836_681550-016972.parquet,real_data_sample\l2_unseen_validation\trade_date=2026-07-17\exchange=NSE\symbol=HDFCBANK\part-054836_681550-016972.parquet,36185,downloaded,36185,
2026-07-17,NSE,HDFCBANK,raw_l2/trade_date=2026-07-17/exchange=NSE/symbol=HDFCBANK/part-054740_145992-016844.parquet,real_data_sample\l2_unseen_validation\trade_date=2026-07-17\exchange=NSE\symbol=HDFCBANK\part-054740_145992-016844.parquet,35921,downloaded,35921,
2026-07-17,NSE,HDFCBANK,raw_l2/trade_date=2026-07-17/exchange=NSE/symbol=HDFCBANK/part-054850_889590-017004.parquet,real_data_sample\l2_unseen_validation\trade_date=2026-07-17\exchange=NSE\symbol=HDFCBANK\part-054850_889590-017004.parquet,36558,downloaded,36558,
2026-07-17,NSE,HDFCBANK,raw_l2/trade_date=2026-07-17/exchange=NSE/symbol=HDFCBANK/part-054453_290268-016460.parquet,real_data_sample\l2_unseen_validation\trade_date=2026-07-17\exchange=NSE\symbol=HDFCBANK\part-054453_290268-016460.parquet,36118,downloaded,36118,
2026-07-17,NSE,HDFCBANK,raw_l2/trade_date=2026-07-17/exchange=NSE/symbol=HDFCBANK/part-054521_019540-016524.parquet,real_data_sample\l2_unseen_validation\trade_date=2026-07-17\exchange=NSE\symbol=HDFCBANK\part-054521_019540-016524.parquet,36095,downloaded,36095,
2026-07-17,NSE,HDFCBANK,raw_l2/trade_date=2026-07-17/exchange=NSE/symbol=HDFCBANK/part-054808_260626-016908.parquet,real_data_sample\l2_unseen_validation\trade_date=2026-07-17\exchange=NSE\symbol=HDFCBANK\part-054808_260626-016908.parquet,35877,downloaded,35877,
2026-07-17,NSE,HDFCBANK,raw_l2/trade_date=2026-07-17/exchange=NSE/symbol=HDFCBANK/part-054726_105547-016812.parquet,real_data_sample\l2_unseen_validation\trade_date=2026-07-17\exchange=NSE\symbol=HDFCBANK\part-054726_105547-016812.parquet,36347,downloaded,36347,
2026-07-17,NSE,HDFCBANK,raw_l2/trade_date=2026-07-17/exchange=NSE/symbol=HDFCBANK/part-054904_899889-017036.parquet,real_data_sample\l2_unseen_validation\trade_date=2026-07-17\exchange=NSE\symbol=HDFCBANK\part-054904_899889-017036.parquet,36145,downloaded,36145,
2026-07-17,NSE,HDFCBANK,raw_l2/trade_date=2026-07-17/exchange=NSE/symbol=HDFCBANK/part-054822_367158-016940.parquet,real_data_sample\l2_unseen_validation\trade_date=2026-07-17\exchange=NSE\symbol=HDFCBANK\part-054822_367158-016940.parquet,36202,downloaded,36202,
2026-07-17,NSE,HDFCBANK,raw_l2/trade_date=2026-07-17/exchange=NSE/symbol=HDFCBANK/part-054506_986829-016492.parquet,real_data_sample\l2_unseen_validation\trade_date=2026-07-17\exchange=NSE\symbol=HDFCBANK\part-054506_986829-016492.parquet,36569,downloaded,36569,
2026-07-17,NSE,HDFCBANK,raw_l2/trade_date=2026-07-17/exchange=NSE/symbol=HDFCBANK/part-054302_009328-016204.parquet,real_data_sample\l2_unseen_validation\trade_date=2026-07-17\exchange=NSE\symbol=HDFCBANK\part-054302_009328-016204.parquet,35945,downloaded,35945,
2026-07-17,NSE,HDFCBANK,raw_l2/trade_date=2026-07-17/exchange=NSE/symbol=HDFCBANK/part-054548_734666-016588.parquet,real_data_sample\l2_unseen_validation\trade_date=2026-07-17\exchange=NSE\symbol=HDFCBANK\part-054548_734666-016588.parquet,36188,downloaded,36188,
2026-07-17,NSE,HDFCBANK,raw_l2/trade_date=2026-07-17/exchange=NSE/symbol=HDFCBANK/part-054439_281723-016428.parquet,real_data_sample\l2_unseen_validation\trade_date=2026-07-17\exchange=NSE\symbol=HDFCBANK\part-054439_281723-016428.parquet,35941,downloaded,35941,
2026-07-17,NSE,HDFCBANK,raw_l2/trade_date=2026-07-17/exchange=NSE/symbol=HDFCBANK/part-054247_968024-016172.parquet,real_data_sample\l2_unseen_validation\trade_date=2026-07-17\exchange=NSE\symbol=HDFCBANK\part-054247_968024-016172.parquet,35869,downloaded,35869,
2026-07-17,NSE,HDFCBANK,raw_l2/trade_date=2026-07-17/exchange=NSE/symbol=HDFCBANK/part-054534_764991-016556.parquet,real_data_sample\l2_unseen_validation\trade_date=2026-07-17\exchange=NSE\symbol=HDFCBANK\part-054534_764991-016556.parquet,36137,downloaded,36137,
2026-07-17,NSE,HDFCBANK,raw_l2/trade_date=2026-07-17/exchange=NSE/symbol=HDFCBANK/part-054630_222922-016684.parquet,real_data_sample\l2_unseen_validation\trade_date=2026-07-17\exchange=NSE\symbol=HDFCBANK\part-054630_222922-016684.parquet,36209,downloaded,36209,
2026-07-17,NSE,HDFCBANK,raw_l2/trade_date=2026-07-17/exchange=NSE/symbol=HDFCBANK/part-054602_572068-016620.parquet,real_data_sample\l2_unseen_validation\trade_date=2026-07-17\exchange=NSE\symbol=HDFCBANK\part-054602_572068-016620.parquet,36317,downloaded,36317,
2026-07-17,NSE,HDFCBANK,raw_l2/trade_date=2026-07-17/exchange=NSE/symbol=HDFCBANK/part-054616_506671-016652.parquet,real_data_sample\l2_unseen_validation\trade_date=2026-07-17\exchange=NSE\symbol=HDFCBANK\part-054616_506671-016652.parquet,36419,downloaded,36419,
2026-07-17,NSE,HDFCBANK,raw_l2/trade_date=2026-07-17/exchange=NSE/symbol=HDFCBANK/part-054644_023695-016716.parquet,real_data_sample\l2_unseen_validation\trade_date=2026-07-17\exchange=NSE\symbol=HDFCBANK\part-054644_023695-016716.parquet,36345,downloaded,36345,
2026-07-17,NSE,HDFCBANK,raw_l2/trade_date=2026-07-17/exchange=NSE/symbol=HDFCBANK/part-054933_295447-017100.parquet,real_data_sample\l2_unseen_validation\trade_date=2026-07-17\exchange=NSE\symbol=HDFCBANK\part-054933_295447-017100.parquet,35817,downloaded,35817,
2026-07-17,NSE,HDFCBANK,raw_l2/trade_date=2026-07-17/exchange=NSE/symbol=HDFCBANK/part-054711_868109-016780.parquet,real_data_sample\l2_unseen_validation\trade_date=2026-07-17\exchange=NSE\symbol=HDFCBANK\part-054711_868109-016780.parquet,36063,downloaded,36063,
2026-07-17,NSE,HDFCBANK,raw_l2/trade_date=2026-07-17/exchange=NSE/symbol=HDFCBANK/part-055002_192686-017164.parquet,real_data_sample\l2_unseen_validation\trade_date=2026-07-17\exchange=NSE\symbol=HDFCBANK\part-055002_192686-017164.parquet,35872,downloaded,35872,
2026-07-17,NSE,HDFCBANK,raw_l2/trade_date=2026-07-17/exchange=NSE/symbol=HDFCBANK/part-054947_699928-017132.parquet,real_data_sample\l2_unseen_validation\trade_date=2026-07-17\exchange=NSE\symbol=HDFCBANK\part-054947_699928-017132.parquet,35739,downloaded,35739,
2026-07-17,NSE,HDFCBANK,raw_l2/trade_date=2026-07-17/exchange=NSE/symbol=HDFCBANK/part-054657_963943-016748.parquet,real_data_sample\l2_unseen_validation\trade_date=2026-07-17\exchange=NSE\symbol=HDFCBANK\part-054657_963943-016748.parquet,36075,downloaded,36075,
2026-07-17,NSE,HDFCBANK,raw_l2/trade_date=2026-07-17/exchange=NSE/symbol=HDFCBANK/part-054316_028028-016236.parquet,real_data_sample\l2_unseen_validation\trade_date=2026-07-17\exchange=NSE\symbol=HDFCBANK\part-054316_028028-016236.parquet,35768,downloaded,35768,
2026-07-17,NSE,HDFCBANK,raw_l2/trade_date=2026-07-17/exchange=NSE/symbol=HDFCBANK/part-054754_325355-016876.parquet,real_data_sample\l2_unseen_validation\trade_date=2026-07-17\exchange=NSE\symbol=HDFCBANK\part-054754_325355-016876.parquet,36081,downloaded,36081,
2026-07-17,NSE,HDFCBANK,raw_l2/trade_date=2026-07-17/exchange=NSE/symbol=HDFCBANK/part-055016_694924-017196.parquet,real_data_sample\l2_unseen_validation\trade_date=2026-07-17\exchange=NSE\symbol=HDFCBANK\part-055016_694924-017196.parquet,35977,downloaded,35977,
2026-07-17,NSE,HDFCBANK,raw_l2/trade_date=2026-07-17/exchange=NSE/symbol=HDFCBANK/part-055129_285203-017356.parquet,real_data_sample\l2_unseen_validation\trade_date=2026-07-17\exchange=NSE\symbol=HDFCBANK\part-055129_285203-017356.parquet,36289,downloaded,36289,
2026-07-17,NSE,HDFCBANK,raw_l2/trade_date=2026-07-17/exchange=NSE/symbol=HDFCBANK/part-055451_117259-017804.parquet,real_data_sample\l2_unseen_validation\trade_date=2026-07-17\exchange=NSE\symbol=HDFCBANK\part-055451_117259-017804.parquet,36379,downloaded,36379,
2026-07-17,NSE,HDFCBANK,raw_l2/trade_date=2026-07-17/exchange=NSE/symbol=HDFCBANK/part-055354_702830-017676.parquet,real_data_sample\l2_unseen_validation\trade_date=2026-07-17\exchange=NSE\symbol=HDFCBANK\part-055354_702830-017676.parquet,36504,downloaded,36504,
2026-07-17,NSE,HDFCBANK,raw_l2/trade_date=2026-07-17/exchange=NSE/symbol=HDFCBANK/part-055114_418528-017324.parquet,real_data_sample\l2_unseen_validation\trade_date=2026-07-17\exchange=NSE\symbol=HDFCBANK\part-055114_418528-017324.parquet,36536,downloaded,36536,
2026-07-17,NSE,HDFCBANK,raw_l2/trade_date=2026-07-17/exchange=NSE/symbol=HDFCBANK/part-055408_945782-017708.parquet,real_data_sample\l2_unseen_validation\trade_date=2026-07-17\exchange=NSE\symbol=HDFCBANK\part-055408_945782-017708.parquet,36330,downloaded,36330,
2026-07-17,NSE,HDFCBANK,raw_l2/trade_date=2026-07-17/exchange=NSE/symbol=HDFCBANK/part-055227_851032-017484.parquet,real_data_sample\l2_unseen_validation\trade_date=2026-07-17\exchange=NSE\symbol=HDFCBANK\part-055227_851032-017484.parquet,36247,downloaded,36247,
2026-07-17,NSE,HDFCBANK,raw_l2/trade_date=2026-07-17/exchange=NSE/symbol=HDFCBANK/part-055257_457099-017548.parquet,real_data_sample\l2_unseen_validation\trade_date=2026-07-17\exchange=NSE\symbol=HDFCBANK\part-055257_457099-017548.parquet,36145,downloaded,36145,
2026-07-17,NSE,HDFCBANK,raw_l2/trade_date=2026-07-17/exchange=NSE/symbol=HDFCBANK/part-055340_341944-017644.parquet,real_data_sample\l2_unseen_validation\trade_date=2026-07-17\exchange=NSE\symbol=HDFCBANK\part-055340_341944-017644.parquet,36348,downloaded,36348,
2026-07-17,NSE,HDFCBANK,raw_l2/trade_date=2026-07-17/exchange=NSE/symbol=HDFCBANK/part-055437_085753-017772.parquet,real_data_sample\l2_unseen_validation\trade_date=2026-07-17\exchange=NSE\symbol=HDFCBANK\part-055437_085753-017772.parquet,36184,downloaded,36184,
2026-07-17,NSE,HDFCBANK,raw_l2/trade_date=2026-07-17/exchange=NSE/symbol=HDFCBANK/part-055519_103156-017868.parquet,real_data_sample\l2_unseen_validation\trade_date=2026-07-17\exchange=NSE\symbol=HDFCBANK\part-055519_103156-017868.parquet,36230,downloaded,36230,
2026-07-17,NSE,HDFCBANK,raw_l2/trade_date=2026-07-17/exchange=NSE/symbol=HDFCBANK/part-055423_090741-017740.parquet,real_data_sample\l2_unseen_validation\trade_date=2026-07-17\exchange=NSE\symbol=HDFCBANK\part-055423_090741-017740.parquet,36147,downloaded,36147,
2026-07-17,NSE,HDFCBANK,raw_l2/trade_date=2026-07-17/exchange=NSE/symbol=HDFCBANK/part-055629_354871-018028.parquet,real_data_sample\l2_unseen_validation\trade_date=2026-07-17\exchange=NSE\symbol=HDFCBANK\part-055629_354871-018028.parquet,36032,downloaded,36032,
2026-07-17,NSE,HDFCBANK,raw_l2/trade_date=2026-07-17/exchange=NSE/symbol=HDFCBANK/part-055325_841912-017612.parquet,real_data_sample\l2_unseen_validation\trade_date=2026-07-17\exchange=NSE\symbol=HDFCBANK\part-055325_841912-017612.parquet,36469,downloaded,36469,
2026-07-17,NSE,HDFCBANK,raw_l2/trade_date=2026-07-17/exchange=NSE/symbol=HDFCBANK/part-055505_121457-017836.parquet,real_data_sample\l2_unseen_validation\trade_date=2026-07-17\exchange=NSE\symbol=HDFCBANK\part-055505_121457-017836.parquet,36194,downloaded,36194,
2026-07-17,NSE,HDFCBANK,raw_l2/trade_date=2026-07-17/exchange=NSE/symbol=HDFCBANK/part-055158_828679-017420.parquet,real_data_sample\l2_unseen_validation\trade_date=2026-07-17\exchange=NSE\symbol=HDFCBANK\part-055158_828679-017420.parquet,36706,downloaded,36706,
2026-07-17,NSE,HDFCBANK,raw_l2/trade_date=2026-07-17/exchange=NSE/symbol=HDFCBANK/part-055311_786041-017580.parquet,real_data_sample\l2_unseen_validation\trade_date=2026-07-17\exchange=NSE\symbol=HDFCBANK\part-055311_786041-017580.parquet,36353,downloaded,36353,
2026-07-17,NSE,HDFCBANK,raw_l2/trade_date=2026-07-17/exchange=NSE/symbol=HDFCBANK/part-055601_234319-017964.parquet,real_data_sample\l2_unseen_validation\trade_date=2026-07-17\exchange=NSE\symbol=HDFCBANK\part-055601_234319-017964.parquet,35976,downloaded,35976,
2026-07-17,NSE,HDFCBANK,raw_l2/trade_date=2026-07-17/exchange=NSE/symbol=HDFCBANK/part-055739_854802-018188.parquet,real_data_sample\l2_unseen_validation\trade_date=2026-07-17\exchange=NSE\symbol=HDFCBANK\part-055739_854802-018188.parquet,36236,downloaded,36236,
2026-07-17,NSE,HDFCBANK,raw_l2/trade_date=2026-07-17/exchange=NSE/symbol=HDFCBANK/part-055533_131734-017900.parquet,real_data_sample\l2_unseen_validation\trade_date=2026-07-17\exchange=NSE\symbol=HDFCBANK\part-055533_131734-017900.parquet,36433,downloaded,36433,
2026-07-17,NSE,HDFCBANK,raw_l2/trade_date=2026-07-17/exchange=NSE/symbol=HDFCBANK/part-055213_327440-017452.parquet,real_data_sample\l2_unseen_validation\trade_date=2026-07-17\exchange=NSE\symbol=HDFCBANK\part-055213_327440-017452.parquet,36651,downloaded,36651,
2026-07-17,NSE,HDFCBANK,raw_l2/trade_date=2026-07-17/exchange=NSE/symbol=HDFCBANK/part-055144_012700-017388.parquet,real_data_sample\l2_unseen_validation\trade_date=2026-07-17\exchange=NSE\symbol=HDFCBANK\part-055144_012700-017388.parquet,36342,downloaded,36342,
2026-07-17,NSE,HDFCBANK,raw_l2/trade_date=2026-07-17/exchange=NSE/symbol=HDFCBANK/part-055547_091311-017932.parquet,real_data_sample\l2_unseen_validation\trade_date=2026-07-17\exchange=NSE\symbol=HDFCBANK\part-055547_091311-017932.parquet,36262,downloaded,36262,
2026-07-17,NSE,HDFCBANK,raw_l2/trade_date=2026-07-17/exchange=NSE/symbol=HDFCBANK/part-055711_638596-018124.parquet,real_data_sample\l2_unseen_validation\trade_date=2026-07-17\exchange=NSE\symbol=HDFCBANK\part-055711_638596-018124.parquet,36427,downloaded,36427,
2026-07-17,NSE,HDFCBANK,raw_l2/trade_date=2026-07-17/exchange=NSE/symbol=HDFCBANK/part-055242_823257-017516.parquet,real_data_sample\l2_unseen_validation\trade_date=2026-07-17\exchange=NSE\symbol=HDFCBANK\part-055242_823257-017516.parquet,36318,downloaded,36318,
2026-07-17,NSE,HDFCBANK,raw_l2/trade_date=2026-07-17/exchange=NSE/symbol=HDFCBANK/part-055615_373544-017996.parquet,real_data_sample\l2_unseen_validation\trade_date=2026-07-17\exchange=NSE\symbol=HDFCBANK\part-055615_373544-017996.parquet,36042,downloaded,36042,
2026-07-17,NSE,HDFCBANK,raw_l2/trade_date=2026-07-17/exchange=NSE/symbol=HDFCBANK/part-055643_548334-018060.parquet,real_data_sample\l2_unseen_validation\trade_date=2026-07-17\exchange=NSE\symbol=HDFCBANK\part-055643_548334-018060.parquet,35967,downloaded,35967,
2026-07-17,NSE,HDFCBANK,raw_l2/trade_date=2026-07-17/exchange=NSE/symbol=HDFCBANK/part-055045_317550-017260.parquet,real_data_sample\l2_unseen_validation\trade_date=2026-07-17\exchange=NSE\symbol=HDFCBANK\part-055045_317550-017260.parquet,36422,downloaded,36422,
2026-07-17,NSE,HDFCBANK,raw_l2/trade_date=2026-07-17/exchange=NSE/symbol=HDFCBANK/part-055059_796363-017292.parquet,real_data_sample\l2_unseen_validation\trade_date=2026-07-17\exchange=NSE\symbol=HDFCBANK\part-055059_796363-017292.parquet,36574,downloaded,36574,
2026-07-17,NSE,HDFCBANK,raw_l2/trade_date=2026-07-17/exchange=NSE/symbol=HDFCBANK/part-055725_677064-018156.parquet,real_data_sample\l2_unseen_validation\trade_date=2026-07-17\exchange=NSE\symbol=HDFCBANK\part-055725_677064-018156.parquet,36045,downloaded,36045,
2026-07-17,NSE,HDFCBANK,raw_l2/trade_date=2026-07-17/exchange=NSE/symbol=HDFCBANK/part-055030_643961-017228.parquet,real_data_sample\l2_unseen_validation\trade_date=2026-07-17\exchange=NSE\symbol=HDFCBANK\part-055030_643961-017228.parquet,35806,downloaded,35806,
2026-07-17,NSE,HDFCBANK,raw_l2/trade_date=2026-07-17/exchange=NSE/symbol=HDFCBANK/part-055657_602483-018092.parquet,real_data_sample\l2_unseen_validation\trade_date=2026-07-17\exchange=NSE\symbol=HDFCBANK\part-055657_602483-018092.parquet,35827,downloaded,35827,
2026-07-17,NSE,HDFCBANK,raw_l2/trade_date=2026-07-17/exchange=NSE/symbol=HDFCBANK/part-055753_875913-018220.parquet,real_data_sample\l2_unseen_validation\trade_date=2026-07-17\exchange=NSE\symbol=HDFCBANK\part-055753_875913-018220.parquet,35878,downloaded,35878,
2026-07-17,NSE,HDFCBANK,raw_l2/trade_date=2026-07-17/exchange=NSE/symbol=HDFCBANK/part-055821_915465-018284.parquet,real_data_sample\l2_unseen_validation\trade_date=2026-07-17\exchange=NSE\symbol=HDFCBANK\part-055821_915465-018284.parquet,36483,downloaded,36483,
2026-07-17,NSE,HDFCBANK,raw_l2/trade_date=2026-07-17/exchange=NSE/symbol=HDFCBANK/part-055932_862806-018444.parquet,real_data_sample\l2_unseen_validation\trade_date=2026-07-17\exchange=NSE\symbol=HDFCBANK\part-055932_862806-018444.parquet,36157,downloaded,36157,
2026-07-17,NSE,HDFCBANK,raw_l2/trade_date=2026-07-17/exchange=NSE/symbol=HDFCBANK/part-055904_584021-018380.parquet,real_data_sample\l2_unseen_validation\trade_date=2026-07-17\exchange=NSE\symbol=HDFCBANK\part-055904_584021-018380.parquet,36174,downloaded,36174,
2026-07-17,NSE,HDFCBANK,raw_l2/trade_date=2026-07-17/exchange=NSE/symbol=HDFCBANK/part-055836_145880-018316.parquet,real_data_sample\l2_unseen_validation\trade_date=2026-07-17\exchange=NSE\symbol=HDFCBANK\part-055836_145880-018316.parquet,35693,downloaded,35693,
2026-07-17,NSE,HDFCBANK,raw_l2/trade_date=2026-07-17/exchange=NSE/symbol=HDFCBANK/part-055807_835803-018252.parquet,real_data_sample\l2_unseen_validation\trade_date=2026-07-17\exchange=NSE\symbol=HDFCBANK\part-055807_835803-018252.parquet,35707,downloaded,35707,
2026-07-17,NSE,HDFCBANK,raw_l2/trade_date=2026-07-17/exchange=NSE/symbol=HDFCBANK/part-055850_486464-018348.parquet,real_data_sample\l2_unseen_validation\trade_date=2026-07-17\exchange=NSE\symbol=HDFCBANK\part-055850_486464-018348.parquet,36109,downloaded,36109,
2026-07-17,NSE,HDFCBANK,raw_l2/trade_date=2026-07-17/exchange=NSE/symbol=HDFCBANK/part-060029_911011-018572.parquet,real_data_sample\l2_unseen_validation\trade_date=2026-07-17\exchange=NSE\symbol=HDFCBANK\part-060029_911011-018572.parquet,35657,downloaded,35657,
2026-07-17,NSE,HDFCBANK,raw_l2/trade_date=2026-07-17/exchange=NSE/symbol=HDFCBANK/part-060058_414974-018636.parquet,real_data_sample\l2_unseen_validation\trade_date=2026-07-17\exchange=NSE\symbol=HDFCBANK\part-060058_414974-018636.parquet,36066,downloaded,36066,
2026-07-17,NSE,HDFCBANK,raw_l2/trade_date=2026-07-17/exchange=NSE/symbol=HDFCBANK/part-055918_604715-018412.parquet,real_data_sample\l2_unseen_validation\trade_date=2026-07-17\exchange=NSE\symbol=HDFCBANK\part-055918_604715-018412.parquet,35787,downloaded,35787,
2026-07-17,NSE,HDFCBANK,raw_l2/trade_date=2026-07-17/exchange=NSE/symbol=HDFCBANK/part-060044_177169-018604.parquet,real_data_sample\l2_unseen_validation\trade_date=2026-07-17\exchange=NSE\symbol=HDFCBANK\part-060044_177169-018604.parquet,36029,downloaded,36029,
2026-07-17,NSE,HDFCBANK,raw_l2/trade_date=2026-07-17/exchange=NSE/symbol=HDFCBANK/part-060112_636502-018668.parquet,real_data_sample\l2_unseen_validation\trade_date=2026-07-17\exchange=NSE\symbol=HDFCBANK\part-060112_636502-018668.parquet,35895,downloaded,35895,
2026-07-17,NSE,HDFCBANK,raw_l2/trade_date=2026-07-17/exchange=NSE/symbol=HDFCBANK/part-060001_667821-018508.parquet,real_data_sample\l2_unseen_validation\trade_date=2026-07-17\exchange=NSE\symbol=HDFCBANK\part-060001_667821-018508.parquet,36554,downloaded,36554,
2026-07-17,NSE,HDFCBANK,raw_l2/trade_date=2026-07-17/exchange=NSE/symbol=HDFCBANK/part-060015_864860-018540.parquet,real_data_sample\l2_unseen_validation\trade_date=2026-07-17\exchange=NSE\symbol=HDFCBANK\part-060015_864860-018540.parquet,36292,downloaded,36292,
2026-07-17,NSE,HDFCBANK,raw_l2/trade_date=2026-07-17/exchange=NSE/symbol=HDFCBANK/part-055947_002038-018476.parquet,real_data_sample\l2_unseen_validation\trade_date=2026-07-17\exchange=NSE\symbol=HDFCBANK\part-055947_002038-018476.parquet,35935,downloaded,35935,
2026-07-17,NSE,HDFCBANK,raw_l2/trade_date=2026-07-17/exchange=NSE/symbol=HDFCBANK/part-060126_650735-018700.parquet,real_data_sample\l2_unseen_validation\trade_date=2026-07-17\exchange=NSE\symbol=HDFCBANK\part-060126_650735-018700.parquet,36066,downloaded,36066,
2026-07-17,NSE,HDFCBANK,raw_l2/trade_date=2026-07-17/exchange=NSE/symbol=HDFCBANK/part-060208_805673-018796.parquet,real_data_sample\l2_unseen_validation\trade_date=2026-07-17\exchange=NSE\symbol=HDFCBANK\part-060208_805673-018796.parquet,35528,downloaded,35528,
2026-07-17,NSE,HDFCBANK,raw_l2/trade_date=2026-07-17/exchange=NSE/symbol=HDFCBANK/part-060832_011886-019660.parquet,real_data_sample\l2_unseen_validation\trade_date=2026-07-17\exchange=NSE\symbol=HDFCBANK\part-060832_011886-019660.parquet,35890,downloaded,35890,
2026-07-17,NSE,HDFCBANK,raw_l2/trade_date=2026-07-17/exchange=NSE/symbol=HDFCBANK/part-060636_103488-019404.parquet,real_data_sample\l2_unseen_validation\trade_date=2026-07-17\exchange=NSE\symbol=HDFCBANK\part-060636_103488-019404.parquet,35946,downloaded,35946,
2026-07-17,NSE,HDFCBANK,raw_l2/trade_date=2026-07-17/exchange=NSE/symbol=HDFCBANK/part-060554_304618-019308.parquet,real_data_sample\l2_unseen_validation\trade_date=2026-07-17\exchange=NSE\symbol=HDFCBANK\part-060554_304618-019308.parquet,35687,downloaded,35687,
2026-07-17,NSE,HDFCBANK,raw_l2/trade_date=2026-07-17/exchange=NSE/symbol=HDFCBANK/part-060526_096937-019244.parquet,real_data_sample\l2_unseen_validation\trade_date=2026-07-17\exchange=NSE\symbol=HDFCBANK\part-060526_096937-019244.parquet,35911,downloaded,35911,
2026-07-17,NSE,HDFCBANK,raw_l2/trade_date=2026-07-17/exchange=NSE/symbol=HDFCBANK/part-060622_098784-019372.parquet,real_data_sample\l2_unseen_validation\trade_date=2026-07-17\exchange=NSE\symbol=HDFCBANK\part-060622_098784-019372.parquet,35608,downloaded,35608,
2026-07-17,NSE,HDFCBANK,raw_l2/trade_date=2026-07-17/exchange=NSE/symbol=HDFCBANK/part-060140_740513-018732.parquet,real_data_sample\l2_unseen_validation\trade_date=2026-07-17\exchange=NSE\symbol=HDFCBANK\part-060140_740513-018732.parquet,35723,downloaded,35723,
2026-07-17,NSE,HDFCBANK,raw_l2/trade_date=2026-07-17/exchange=NSE/symbol=HDFCBANK/part-060237_165946-018860.parquet,real_data_sample\l2_unseen_validation\trade_date=2026-07-17\exchange=NSE\symbol=HDFCBANK\part-060237_165946-018860.parquet,34886,downloaded,34886,
2026-07-17,NSE,HDFCBANK,raw_l2/trade_date=2026-07-17/exchange=NSE/symbol=HDFCBANK/part-060817_463908-019628.parquet,real_data_sample\l2_unseen_validation\trade_date=2026-07-17\exchange=NSE\symbol=HDFCBANK\part-060817_463908-019628.parquet,36105,downloaded,36105,
2026-07-17,NSE,HDFCBANK,raw_l2/trade_date=2026-07-17/exchange=NSE/symbol=HDFCBANK/part-060608_293174-019340.parquet,real_data_sample\l2_unseen_validation\trade_date=2026-07-17\exchange=NSE\symbol=HDFCBANK\part-060608_293174-019340.parquet,35751,downloaded,35751,
2026-07-17,NSE,HDFCBANK,raw_l2/trade_date=2026-07-17/exchange=NSE/symbol=HDFCBANK/part-060429_681000-019116.parquet,real_data_sample\l2_unseen_validation\trade_date=2026-07-17\exchange=NSE\symbol=HDFCBANK\part-060429_681000-019116.parquet,35934,downloaded,35934,
2026-07-17,NSE,HDFCBANK,raw_l2/trade_date=2026-07-17/exchange=NSE/symbol=HDFCBANK/part-060415_345672-019084.parquet,real_data_sample\l2_unseen_validation\trade_date=2026-07-17\exchange=NSE\symbol=HDFCBANK\part-060415_345672-019084.parquet,36054,downloaded,36054,
2026-07-17,NSE,HDFCBANK,raw_l2/trade_date=2026-07-17/exchange=NSE/symbol=HDFCBANK/part-060802_201781-019596.parquet,real_data_sample\l2_unseen_validation\trade_date=2026-07-17\exchange=NSE\symbol=HDFCBANK\part-060802_201781-019596.parquet,35919,downloaded,35919,
2026-07-17,NSE,HDFCBANK,raw_l2/trade_date=2026-07-17/exchange=NSE/symbol=HDFCBANK/part-060333_387166-018988.parquet,real_data_sample\l2_unseen_validation\trade_date=2026-07-17\exchange=NSE\symbol=HDFCBANK\part-060333_387166-018988.parquet,35842,downloaded,35842,
2026-07-17,NSE,HDFCBANK,raw_l2/trade_date=2026-07-17/exchange=NSE/symbol=HDFCBANK/part-060319_371065-018956.parquet,real_data_sample\l2_unseen_validation\trade_date=2026-07-17\exchange=NSE\symbol=HDFCBANK\part-060319_371065-018956.parquet,35541,downloaded,35541,
2026-07-17,NSE,HDFCBANK,raw_l2/trade_date=2026-07-17/exchange=NSE/symbol=HDFCBANK/part-060251_176086-018892.parquet,real_data_sample\l2_unseen_validation\trade_date=2026-07-17\exchange=NSE\symbol=HDFCBANK\part-060251_176086-018892.parquet,34568,downloaded,34568,
2026-07-17,NSE,HDFCBANK,raw_l2/trade_date=2026-07-17/exchange=NSE/symbol=HDFCBANK/part-060846_294249-019692.parquet,real_data_sample\l2_unseen_validation\trade_date=2026-07-17\exchange=NSE\symbol=HDFCBANK\part-060846_294249-019692.parquet,35903,downloaded,35903,
2026-07-17,NSE,HDFCBANK,raw_l2/trade_date=2026-07-17/exchange=NSE/symbol=HDFCBANK/part-060401_381960-019052.parquet,real_data_sample\l2_unseen_validation\trade_date=2026-07-17\exchange=NSE\symbol=HDFCBANK\part-060401_381960-019052.parquet,35972,downloaded,35972,
2026-07-17,NSE,HDFCBANK,raw_l2/trade_date=2026-07-17/exchange=NSE/symbol=HDFCBANK/part-060154_821746-018764.parquet,real_data_sample\l2_unseen_validation\trade_date=2026-07-17\exchange=NSE\symbol=HDFCBANK\part-060154_821746-018764.parquet,35832,downloaded,35832,
2026-07-17,NSE,HDFCBANK,raw_l2/trade_date=2026-07-17/exchange=NSE/symbol=HDFCBANK/part-060458_054341-019180.parquet,real_data_sample\l2_unseen_validation\trade_date=2026-07-17\exchange=NSE\symbol=HDFCBANK\part-060458_054341-019180.parquet,35819,downloaded,35819,
2026-07-17,NSE,HDFCBANK,raw_l2/trade_date=2026-07-17/exchange=NSE/symbol=HDFCBANK/part-060540_358879-019276.parquet,real_data_sample\l2_unseen_validation\trade_date=2026-07-17\exchange=NSE\symbol=HDFCBANK\part-060540_358879-019276.parquet,35957,downloaded,35957,
2026-07-17,NSE,HDFCBANK,raw_l2/trade_date=2026-07-17/exchange=NSE/symbol=HDFCBANK/part-060223_090808-018828.parquet,real_data_sample\l2_unseen_validation\trade_date=2026-07-17\exchange=NSE\symbol=HDFCBANK\part-060223_090808-018828.parquet,35096,downloaded,35096,
2026-07-17,NSE,HDFCBANK,raw_l2/trade_date=2026-07-17/exchange=NSE/symbol=HDFCBANK/part-060444_145278-019148.parquet,real_data_sample\l2_unseen_validation\trade_date=2026-07-17\exchange=NSE\symbol=HDFCBANK\part-060444_145278-019148.parquet,36366,downloaded,36366,
2026-07-17,NSE,HDFCBANK,raw_l2/trade_date=2026-07-17/exchange=NSE/symbol=HDFCBANK/part-060747_074146-019564.parquet,real_data_sample\l2_unseen_validation\trade_date=2026-07-17\exchange=NSE\symbol=HDFCBANK\part-060747_074146-019564.parquet,36324,downloaded,36324,
2026-07-17,NSE,HDFCBANK,raw_l2/trade_date=2026-07-17/exchange=NSE/symbol=HDFCBANK/part-060718_378550-019500.parquet,real_data_sample\l2_unseen_validation\trade_date=2026-07-17\exchange=NSE\symbol=HDFCBANK\part-060718_378550-019500.parquet,35984,downloaded,35984,
2026-07-17,NSE,HDFCBANK,raw_l2/trade_date=2026-07-17/exchange=NSE/symbol=HDFCBANK/part-060732_750626-019532.parquet,real_data_sample\l2_unseen_validation\trade_date=2026-07-17\exchange=NSE\symbol=HDFCBANK\part-060732_750626-019532.parquet,35628,downloaded,35628,
2026-07-17,NSE,HDFCBANK,raw_l2/trade_date=2026-07-17/exchange=NSE/symbol=HDFCBANK/part-060650_210159-019436.parquet,real_data_sample\l2_unseen_validation\trade_date=2026-07-17\exchange=NSE\symbol=HDFCBANK\part-060650_210159-019436.parquet,35884,downloaded,35884,
2026-07-17,NSE,HDFCBANK,raw_l2/trade_date=2026-07-17/exchange=NSE/symbol=HDFCBANK/part-060704_317052-019468.parquet,real_data_sample\l2_unseen_validation\trade_date=2026-07-17\exchange=NSE\symbol=HDFCBANK\part-060704_317052-019468.parquet,35779,downloaded,35779,
2026-07-17,NSE,HDFCBANK,raw_l2/trade_date=2026-07-17/exchange=NSE/symbol=HDFCBANK/part-060512_116493-019212.parquet,real_data_sample\l2_unseen_validation\trade_date=2026-07-17\exchange=NSE\symbol=HDFCBANK\part-060512_116493-019212.parquet,35830,downloaded,35830,
2026-07-17,NSE,HDFCBANK,raw_l2/trade_date=2026-07-17/exchange=NSE/symbol=HDFCBANK/part-060305_320573-018924.parquet,real_data_sample\l2_unseen_validation\trade_date=2026-07-17\exchange=NSE\symbol=HDFCBANK\part-060305_320573-018924.parquet,34618,downloaded,34618,
2026-07-17,NSE,HDFCBANK,raw_l2/trade_date=2026-07-17/exchange=NSE/symbol=HDFCBANK/part-060347_401726-019020.parquet,real_data_sample\l2_unseen_validation\trade_date=2026-07-17\exchange=NSE\symbol=HDFCBANK\part-060347_401726-019020.parquet,35994,downloaded,35994,
2026-07-17,NSE,HDFCBANK,raw_l2/trade_date=2026-07-17/exchange=NSE/symbol=HDFCBANK/part-061402_443952-020396.parquet,real_data_sample\l2_unseen_validation\trade_date=2026-07-17\exchange=NSE\symbol=HDFCBANK\part-061402_443952-020396.parquet,35610,downloaded,35610,
2026-07-17,NSE,HDFCBANK,raw_l2/trade_date=2026-07-17/exchange=NSE/symbol=HDFCBANK/part-060929_131574-019788.parquet,real_data_sample\l2_unseen_validation\trade_date=2026-07-17\exchange=NSE\symbol=HDFCBANK\part-060929_131574-019788.parquet,35698,downloaded,35698,
2026-07-17,NSE,HDFCBANK,raw_l2/trade_date=2026-07-17/exchange=NSE/symbol=HDFCBANK/part-060943_569668-019820.parquet,real_data_sample\l2_unseen_validation\trade_date=2026-07-17\exchange=NSE\symbol=HDFCBANK\part-060943_569668-019820.parquet,35988,downloaded,35988,
2026-07-17,NSE,HDFCBANK,raw_l2/trade_date=2026-07-17/exchange=NSE/symbol=HDFCBANK/part-061138_212636-020076.parquet,real_data_sample\l2_unseen_validation\trade_date=2026-07-17\exchange=NSE\symbol=HDFCBANK\part-061138_212636-020076.parquet,36489,downloaded,36489,
2026-07-17,NSE,HDFCBANK,raw_l2/trade_date=2026-07-17/exchange=NSE/symbol=HDFCBANK/part-060900_592178-019724.parquet,real_data_sample\l2_unseen_validation\trade_date=2026-07-17\exchange=NSE\symbol=HDFCBANK\part-060900_592178-019724.parquet,35933,downloaded,35933,
2026-07-17,NSE,HDFCBANK,raw_l2/trade_date=2026-07-17/exchange=NSE/symbol=HDFCBANK/part-060957_761880-019852.parquet,real_data_sample\l2_unseen_validation\trade_date=2026-07-17\exchange=NSE\symbol=HDFCBANK\part-060957_761880-019852.parquet,36101,downloaded,36101,
2026-07-17,NSE,HDFCBANK,raw_l2/trade_date=2026-07-17/exchange=NSE/symbol=HDFCBANK/part-061123_951661-020044.parquet,real_data_sample\l2_unseen_validation\trade_date=2026-07-17\exchange=NSE\symbol=HDFCBANK\part-061123_951661-020044.parquet,36385,downloaded,36385,
2026-07-17,NSE,HDFCBANK,raw_l2/trade_date=2026-07-17/exchange=NSE/symbol=HDFCBANK/part-060914_638513-019756.parquet,real_data_sample\l2_unseen_validation\trade_date=2026-07-17\exchange=NSE\symbol=HDFCBANK\part-060914_638513-019756.parquet,35867,downloaded,35867,
2026-07-17,NSE,HDFCBANK,raw_l2/trade_date=2026-07-17/exchange=NSE/symbol=HDFCBANK/part-061026_387348-019916.parquet,real_data_sample\l2_unseen_validation\trade_date=2026-07-17\exchange=NSE\symbol=HDFCBANK\part-061026_387348-019916.parquet,36053,downloaded,36053,
2026-07-17,NSE,HDFCBANK,raw_l2/trade_date=2026-07-17/exchange=NSE/symbol=HDFCBANK/part-061040_583294-019948.parquet,real_data_sample\l2_unseen_validation\trade_date=2026-07-17\exchange=NSE\symbol=HDFCBANK\part-061040_583294-019948.parquet,35578,downloaded,35578,
2026-07-17,NSE,HDFCBANK,raw_l2/trade_date=2026-07-17/exchange=NSE/symbol=HDFCBANK/part-061152_689632-020108.parquet,real_data_sample\l2_unseen_validation\trade_date=2026-07-17\exchange=NSE\symbol=HDFCBANK\part-061152_689632-020108.parquet,36065,downloaded,36065,
2026-07-17,NSE,HDFCBANK,raw_l2/trade_date=2026-07-17/exchange=NSE/symbol=HDFCBANK/part-061109_610487-020012.parquet,real_data_sample\l2_unseen_validation\trade_date=2026-07-17\exchange=NSE\symbol=HDFCBANK\part-061109_610487-020012.parquet,36246,downloaded,36246,
2026-07-17,NSE,HDFCBANK,raw_l2/trade_date=2026-07-17/exchange=NSE/symbol=HDFCBANK/part-061055_113281-019980.parquet,real_data_sample\l2_unseen_validation\trade_date=2026-07-17\exchange=NSE\symbol=HDFCBANK\part-061055_113281-019980.parquet,35526,downloaded,35526,
2026-07-17,NSE,HDFCBANK,raw_l2/trade_date=2026-07-17/exchange=NSE/symbol=HDFCBANK/part-061236_173629-020204.parquet,real_data_sample\l2_unseen_validation\trade_date=2026-07-17\exchange=NSE\symbol=HDFCBANK\part-061236_173629-020204.parquet,35993,downloaded,35993,
2026-07-17,NSE,HDFCBANK,raw_l2/trade_date=2026-07-17/exchange=NSE/symbol=HDFCBANK/part-061431_122009-020460.parquet,real_data_sample\l2_unseen_validation\trade_date=2026-07-17\exchange=NSE\symbol=HDFCBANK\part-061431_122009-020460.parquet,35417,downloaded,35417,
2026-07-17,NSE,HDFCBANK,raw_l2/trade_date=2026-07-17/exchange=NSE/symbol=HDFCBANK/part-061348_152839-020364.parquet,real_data_sample\l2_unseen_validation\trade_date=2026-07-17\exchange=NSE\symbol=HDFCBANK\part-061348_152839-020364.parquet,35987,downloaded,35987,
2026-07-17,NSE,HDFCBANK,raw_l2/trade_date=2026-07-17/exchange=NSE/symbol=HDFCBANK/part-061304_909940-020268.parquet,real_data_sample\l2_unseen_validation\trade_date=2026-07-17\exchange=NSE\symbol=HDFCBANK\part-061304_909940-020268.parquet,35613,downloaded,35613,
2026-07-17,NSE,HDFCBANK,raw_l2/trade_date=2026-07-17/exchange=NSE/symbol=HDFCBANK/part-061416_702006-020428.parquet,real_data_sample\l2_unseen_validation\trade_date=2026-07-17\exchange=NSE\symbol=HDFCBANK\part-061416_702006-020428.parquet,35595,downloaded,35595,
2026-07-17,NSE,HDFCBANK,raw_l2/trade_date=2026-07-17/exchange=NSE/symbol=HDFCBANK/part-061012_094108-019884.parquet,real_data_sample\l2_unseen_validation\trade_date=2026-07-17\exchange=NSE\symbol=HDFCBANK\part-061012_094108-019884.parquet,35979,downloaded,35979,
2026-07-17,NSE,HDFCBANK,raw_l2/trade_date=2026-07-17/exchange=NSE/symbol=HDFCBANK/part-061333_637906-020332.parquet,real_data_sample\l2_unseen_validation\trade_date=2026-07-17\exchange=NSE\symbol=HDFCBANK\part-061333_637906-020332.parquet,35671,downloaded,35671,
2026-07-17,NSE,HDFCBANK,raw_l2/trade_date=2026-07-17/exchange=NSE/symbol=HDFCBANK/part-061250_459609-020236.parquet,real_data_sample\l2_unseen_validation\trade_date=2026-07-17\exchange=NSE\symbol=HDFCBANK\part-061250_459609-020236.parquet,36073,downloaded,36073,
2026-07-17,NSE,HDFCBANK,raw_l2/trade_date=2026-07-17/exchange=NSE/symbol=HDFCBANK/part-061207_159111-020140.parquet,real_data_sample\l2_unseen_validation\trade_date=2026-07-17\exchange=NSE\symbol=HDFCBANK\part-061207_159111-020140.parquet,36100,downloaded,36100,
2026-07-17,NSE,HDFCBANK,raw_l2/trade_date=2026-07-17/exchange=NSE/symbol=HDFCBANK/part-061319_437392-020300.parquet,real_data_sample\l2_unseen_validation\trade_date=2026-07-17\exchange=NSE\symbol=HDFCBANK\part-061319_437392-020300.parquet,36105,downloaded,36105,
2026-07-17,NSE,HDFCBANK,raw_l2/trade_date=2026-07-17/exchange=NSE/symbol=HDFCBANK/part-061221_683057-020172.parquet,real_data_sample\l2_unseen_validation\trade_date=2026-07-17\exchange=NSE\symbol=HDFCBANK\part-061221_683057-020172.parquet,36143,downloaded,36143,
2026-07-17,NSE,HDFCBANK,raw_l2/trade_date=2026-07-17/exchange=NSE/symbol=HDFCBANK/part-061514_170766-020556.parquet,real_data_sample\l2_unseen_validation\trade_date=2026-07-17\exchange=NSE\symbol=HDFCBANK\part-061514_170766-020556.parquet,35412,downloaded,35412,
2026-07-17,NSE,HDFCBANK,raw_l2/trade_date=2026-07-17/exchange=NSE/symbol=HDFCBANK/part-061445_371228-020492.parquet,real_data_sample\l2_unseen_validation\trade_date=2026-07-17\exchange=NSE\symbol=HDFCBANK\part-061445_371228-020492.parquet,35849,downloaded,35849,
2026-07-17,NSE,HDFCBANK,raw_l2/trade_date=2026-07-17/exchange=NSE/symbol=HDFCBANK/part-061528_697880-020588.parquet,real_data_sample\l2_unseen_validation\trade_date=2026-07-17\exchange=NSE\symbol=HDFCBANK\part-061528_697880-020588.parquet,34765,downloaded,34765,
2026-07-17,NSE,HDFCBANK,raw_l2/trade_date=2026-07-17/exchange=NSE/symbol=HDFCBANK/part-061459_706337-020524.parquet,real_data_sample\l2_unseen_validation\trade_date=2026-07-17\exchange=NSE\symbol=HDFCBANK\part-061459_706337-020524.parquet,35228,downloaded,35228,
2026-07-17,NSE,HDFCBANK,raw_l2/trade_date=2026-07-17/exchange=NSE/symbol=HDFCBANK/part-061542_894992-020620.parquet,real_data_sample\l2_unseen_validation\trade_date=2026-07-17\exchange=NSE\symbol=HDFCBANK\part-061542_894992-020620.parquet,34720,downloaded,34720,
2026-07-17,NSE,HDFCBANK,raw_l2/trade_date=2026-07-17/exchange=NSE/symbol=HDFCBANK/part-061612_218292-020684.parquet,real_data_sample\l2_unseen_validation\trade_date=2026-07-17\exchange=NSE\symbol=HDFCBANK\part-061612_218292-020684.parquet,35005,downloaded,35005,
2026-07-17,NSE,HDFCBANK,raw_l2/trade_date=2026-07-17/exchange=NSE/symbol=HDFCBANK/part-061557_493129-020652.parquet,real_data_sample\l2_unseen_validation\trade_date=2026-07-17\exchange=NSE\symbol=HDFCBANK\part-061557_493129-020652.parquet,34893,downloaded,34893,
2026-07-17,NSE,HDFCBANK,raw_l2/trade_date=2026-07-17/exchange=NSE/symbol=HDFCBANK/part-061627_671658-020716.parquet,real_data_sample\l2_unseen_validation\trade_date=2026-07-17\exchange=NSE\symbol=HDFCBANK\part-061627_671658-020716.parquet,36357,downloaded,36357,
2026-07-17,NSE,HDFCBANK,raw_l2/trade_date=2026-07-17/exchange=NSE/symbol=HDFCBANK/part-061641_839051-020748.parquet,real_data_sample\l2_unseen_validation\trade_date=2026-07-17\exchange=NSE\symbol=HDFCBANK\part-061641_839051-020748.parquet,35968,downloaded,35968,
2026-07-17,NSE,HDFCBANK,raw_l2/trade_date=2026-07-17/exchange=NSE/symbol=HDFCBANK/part-061752_639030-020908.parquet,real_data_sample\l2_unseen_validation\trade_date=2026-07-17\exchange=NSE\symbol=HDFCBANK\part-061752_639030-020908.parquet,35561,downloaded,35561,
2026-07-17,NSE,HDFCBANK,raw_l2/trade_date=2026-07-17/exchange=NSE/symbol=HDFCBANK/part-062002_128407-021196.parquet,real_data_sample\l2_unseen_validation\trade_date=2026-07-17\exchange=NSE\symbol=HDFCBANK\part-062002_128407-021196.parquet,35457,downloaded,35457,
2026-07-17,NSE,HDFCBANK,raw_l2/trade_date=2026-07-17/exchange=NSE/symbol=HDFCBANK/part-062030_437873-021260.parquet,real_data_sample\l2_unseen_validation\trade_date=2026-07-17\exchange=NSE\symbol=HDFCBANK\part-062030_437873-021260.parquet,35465,downloaded,35465,
2026-07-17,NSE,HDFCBANK,raw_l2/trade_date=2026-07-17/exchange=NSE/symbol=HDFCBANK/part-061821_744918-020972.parquet,real_data_sample\l2_unseen_validation\trade_date=2026-07-17\exchange=NSE\symbol=HDFCBANK\part-061821_744918-020972.parquet,35100,downloaded,35100,
2026-07-17,NSE,HDFCBANK,raw_l2/trade_date=2026-07-17/exchange=NSE/symbol=HDFCBANK/part-062016_319206-021228.parquet,real_data_sample\l2_unseen_validation\trade_date=2026-07-17\exchange=NSE\symbol=HDFCBANK\part-062016_319206-021228.parquet,35626,downloaded,35626,
2026-07-17,NSE,HDFCBANK,raw_l2/trade_date=2026-07-17/exchange=NSE/symbol=HDFCBANK/part-061836_593371-021004.parquet,real_data_sample\l2_unseen_validation\trade_date=2026-07-17\exchange=NSE\symbol=HDFCBANK\part-061836_593371-021004.parquet,35424,downloaded,35424,
2026-07-17,NSE,HDFCBANK,raw_l2/trade_date=2026-07-17/exchange=NSE/symbol=HDFCBANK/part-062059_696031-021324.parquet,real_data_sample\l2_unseen_validation\trade_date=2026-07-17\exchange=NSE\symbol=HDFCBANK\part-062059_696031-021324.parquet,35918,downloaded,35918,
2026-07-17,NSE,HDFCBANK,raw_l2/trade_date=2026-07-17/exchange=NSE/symbol=HDFCBANK/part-061947_866533-021164.parquet,real_data_sample\l2_unseen_validation\trade_date=2026-07-17\exchange=NSE\symbol=HDFCBANK\part-061947_866533-021164.parquet,35547,downloaded,35547,
2026-07-17,NSE,HDFCBANK,raw_l2/trade_date=2026-07-17/exchange=NSE/symbol=HDFCBANK/part-062045_199074-021292.parquet,real_data_sample\l2_unseen_validation\trade_date=2026-07-17\exchange=NSE\symbol=HDFCBANK\part-062045_199074-021292.parquet,35743,downloaded,35743,
2026-07-17,NSE,HDFCBANK,raw_l2/trade_date=2026-07-17/exchange=NSE/symbol=HDFCBANK/part-062114_220985-021356.parquet,real_data_sample\l2_unseen_validation\trade_date=2026-07-17\exchange=NSE\symbol=HDFCBANK\part-062114_220985-021356.parquet,35254,downloaded,35254,
2026-07-17,NSE,HDFCBANK,raw_l2/trade_date=2026-07-17/exchange=NSE/symbol=HDFCBANK/part-062128_366177-021388.parquet,real_data_sample\l2_unseen_validation\trade_date=2026-07-17\exchange=NSE\symbol=HDFCBANK\part-062128_366177-021388.parquet,35014,downloaded,35014,
2026-07-17,NSE,HDFCBANK,raw_l2/trade_date=2026-07-17/exchange=NSE/symbol=HDFCBANK/part-061933_806132-021132.parquet,real_data_sample\l2_unseen_validation\trade_date=2026-07-17\exchange=NSE\symbol=HDFCBANK\part-061933_806132-021132.parquet,35551,downloaded,35551,
2026-07-17,NSE,HDFCBANK,raw_l2/trade_date=2026-07-17/exchange=NSE/symbol=HDFCBANK/part-061904_887562-021068.parquet,real_data_sample\l2_unseen_validation\trade_date=2026-07-17\exchange=NSE\symbol=HDFCBANK\part-061904_887562-021068.parquet,36003,downloaded,36003,
2026-07-17,NSE,HDFCBANK,raw_l2/trade_date=2026-07-17/exchange=NSE/symbol=HDFCBANK/part-061807_503732-020940.parquet,real_data_sample\l2_unseen_validation\trade_date=2026-07-17\exchange=NSE\symbol=HDFCBANK\part-061807_503732-020940.parquet,35470,downloaded,35470,
2026-07-17,NSE,HDFCBANK,raw_l2/trade_date=2026-07-17/exchange=NSE/symbol=HDFCBANK/part-062142_285258-021420.parquet,real_data_sample\l2_unseen_validation\trade_date=2026-07-17\exchange=NSE\symbol=HDFCBANK\part-062142_285258-021420.parquet,34814,downloaded,34814,
2026-07-17,NSE,HDFCBANK,raw_l2/trade_date=2026-07-17/exchange=NSE/symbol=HDFCBANK/part-061850_832196-021036.parquet,real_data_sample\l2_unseen_validation\trade_date=2026-07-17\exchange=NSE\symbol=HDFCBANK\part-061850_832196-021036.parquet,35623,downloaded,35623,
2026-07-17,NSE,HDFCBANK,raw_l2/trade_date=2026-07-17/exchange=NSE/symbol=HDFCBANK/part-062225_129160-021516.parquet,real_data_sample\l2_unseen_validation\trade_date=2026-07-17\exchange=NSE\symbol=HDFCBANK\part-062225_129160-021516.parquet,35846,downloaded,35846,
2026-07-17,NSE,HDFCBANK,raw_l2/trade_date=2026-07-17/exchange=NSE/symbol=HDFCBANK/part-061919_218820-021100.parquet,real_data_sample\l2_unseen_validation\trade_date=2026-07-17\exchange=NSE\symbol=HDFCBANK\part-061919_218820-021100.parquet,35933,downloaded,35933,
2026-07-17,NSE,HDFCBANK,raw_l2/trade_date=2026-07-17/exchange=NSE/symbol=HDFCBANK/part-062156_572527-021452.parquet,real_data_sample\l2_unseen_validation\trade_date=2026-07-17\exchange=NSE\symbol=HDFCBANK\part-062156_572527-021452.parquet,35037,downloaded,35037,
2026-07-17,NSE,HDFCBANK,raw_l2/trade_date=2026-07-17/exchange=NSE/symbol=HDFCBANK/part-062210_712047-021484.parquet,real_data_sample\l2_unseen_validation\trade_date=2026-07-17\exchange=NSE\symbol=HDFCBANK\part-062210_712047-021484.parquet,35104,downloaded,35104,
2026-07-17,NSE,HDFCBANK,raw_l2/trade_date=2026-07-17/exchange=NSE/symbol=HDFCBANK/part-062239_377542-021548.parquet,real_data_sample\l2_unseen_validation\trade_date=2026-07-17\exchange=NSE\symbol=HDFCBANK\part-062239_377542-021548.parquet,35918,downloaded,35918,
2026-07-17,NSE,HDFCBANK,raw_l2/trade_date=2026-07-17/exchange=NSE/symbol=HDFCBANK/part-062404_614726-021740.parquet,real_data_sample\l2_unseen_validation\trade_date=2026-07-17\exchange=NSE\symbol=HDFCBANK\part-062404_614726-021740.parquet,36039,downloaded,36039,
2026-07-17,NSE,HDFCBANK,raw_l2/trade_date=2026-07-17/exchange=NSE/symbol=HDFCBANK/part-062253_592912-021580.parquet,real_data_sample\l2_unseen_validation\trade_date=2026-07-17\exchange=NSE\symbol=HDFCBANK\part-062253_592912-021580.parquet,35936,downloaded,35936,
2026-07-17,NSE,HDFCBANK,raw_l2/trade_date=2026-07-17/exchange=NSE/symbol=HDFCBANK/part-062307_990610-021612.parquet,real_data_sample\l2_unseen_validation\trade_date=2026-07-17\exchange=NSE\symbol=HDFCBANK\part-062307_990610-021612.parquet,35531,downloaded,35531,
2026-07-17,NSE,HDFCBANK,raw_l2/trade_date=2026-07-17/exchange=NSE/symbol=HDFCBANK/part-062350_591310-021708.parquet,real_data_sample\l2_unseen_validation\trade_date=2026-07-17\exchange=NSE\symbol=HDFCBANK\part-062350_591310-021708.parquet,36452,downloaded,36452,
2026-07-17,NSE,HDFCBANK,raw_l2/trade_date=2026-07-17/exchange=NSE/symbol=HDFCBANK/part-062322_386904-021644.parquet,real_data_sample\l2_unseen_validation\trade_date=2026-07-17\exchange=NSE\symbol=HDFCBANK\part-062322_386904-021644.parquet,36155,downloaded,36155,
2026-07-17,NSE,HDFCBANK,raw_l2/trade_date=2026-07-17/exchange=NSE/symbol=HDFCBANK/part-062336_617856-021676.parquet,real_data_sample\l2_unseen_validation\trade_date=2026-07-17\exchange=NSE\symbol=HDFCBANK\part-062336_617856-021676.parquet,36262,downloaded,36262,
2026-07-17,NSE,HDFCBANK,raw_l2/trade_date=2026-07-17/exchange=NSE/symbol=HDFCBANK/part-062418_791965-021772.parquet,real_data_sample\l2_unseen_validation\trade_date=2026-07-17\exchange=NSE\symbol=HDFCBANK\part-062418_791965-021772.parquet,35964,downloaded,35964,
2026-07-17,NSE,HDFCBANK,raw_l2/trade_date=2026-07-17/exchange=NSE/symbol=HDFCBANK/part-062432_833293-021804.parquet,real_data_sample\l2_unseen_validation\trade_date=2026-07-17\exchange=NSE\symbol=HDFCBANK\part-062432_833293-021804.parquet,36021,downloaded,36021,
2026-07-17,NSE,HDFCBANK,raw_l2/trade_date=2026-07-17/exchange=NSE/symbol=HDFCBANK/part-062447_059954-021836.parquet,real_data_sample\l2_unseen_validation\trade_date=2026-07-17\exchange=NSE\symbol=HDFCBANK\part-062447_059954-021836.parquet,35982,downloaded,35982,
2026-07-17,NSE,HDFCBANK,raw_l2/trade_date=2026-07-17/exchange=NSE/symbol=HDFCBANK/part-062722_613405-022188.parquet,real_data_sample\l2_unseen_validation\trade_date=2026-07-17\exchange=NSE\symbol=HDFCBANK\part-062722_613405-022188.parquet,36305,downloaded,36305,
2026-07-17,NSE,HDFCBANK,raw_l2/trade_date=2026-07-17/exchange=NSE/symbol=HDFCBANK/part-062751_164775-022252.parquet,real_data_sample\l2_unseen_validation\trade_date=2026-07-17\exchange=NSE\symbol=HDFCBANK\part-062751_164775-022252.parquet,36569,downloaded,36569,
2026-07-17,NSE,HDFCBANK,raw_l2/trade_date=2026-07-17/exchange=NSE/symbol=HDFCBANK/part-063028_452148-022604.parquet,real_data_sample\l2_unseen_validation\trade_date=2026-07-17\exchange=NSE\symbol=HDFCBANK\part-063028_452148-022604.parquet,36161,downloaded,36161,
2026-07-17,NSE,HDFCBANK,raw_l2/trade_date=2026-07-17/exchange=NSE/symbol=HDFCBANK/part-062833_765200-022348.parquet,real_data_sample\l2_unseen_validation\trade_date=2026-07-17\exchange=NSE\symbol=HDFCBANK\part-062833_765200-022348.parquet,36554,downloaded,36554,
2026-07-17,NSE,HDFCBANK,raw_l2/trade_date=2026-07-17/exchange=NSE/symbol=HDFCBANK/part-062959_795003-022540.parquet,real_data_sample\l2_unseen_validation\trade_date=2026-07-17\exchange=NSE\symbol=HDFCBANK\part-062959_795003-022540.parquet,36146,downloaded,36146,
2026-07-17,NSE,HDFCBANK,raw_l2/trade_date=2026-07-17/exchange=NSE/symbol=HDFCBANK/part-062945_350896-022508.parquet,real_data_sample\l2_unseen_validation\trade_date=2026-07-17\exchange=NSE\symbol=HDFCBANK\part-062945_350896-022508.parquet,35948,downloaded,35948,
2026-07-17,NSE,HDFCBANK,raw_l2/trade_date=2026-07-17/exchange=NSE/symbol=HDFCBANK/part-062819_848333-022316.parquet,real_data_sample\l2_unseen_validation\trade_date=2026-07-17\exchange=NSE\symbol=HDFCBANK\part-062819_848333-022316.parquet,36574,downloaded,36574,
2026-07-17,NSE,HDFCBANK,raw_l2/trade_date=2026-07-17/exchange=NSE/symbol=HDFCBANK/part-062805_371338-022284.parquet,real_data_sample\l2_unseen_validation\trade_date=2026-07-17\exchange=NSE\symbol=HDFCBANK\part-062805_371338-022284.parquet,36420,downloaded,36420,
2026-07-17,NSE,HDFCBANK,raw_l2/trade_date=2026-07-17/exchange=NSE/symbol=HDFCBANK/part-062515_495032-021900.parquet,real_data_sample\l2_unseen_validation\trade_date=2026-07-17\exchange=NSE\symbol=HDFCBANK\part-062515_495032-021900.parquet,36427,downloaded,36427,
2026-07-17,NSE,HDFCBANK,raw_l2/trade_date=2026-07-17/exchange=NSE/symbol=HDFCBANK/part-062916_082755-022444.parquet,real_data_sample\l2_unseen_validation\trade_date=2026-07-17\exchange=NSE\symbol=HDFCBANK\part-062916_082755-022444.parquet,35745,downloaded,35745,
2026-07-17,NSE,HDFCBANK,raw_l2/trade_date=2026-07-17/exchange=NSE/symbol=HDFCBANK/part-062543_296295-021964.parquet,real_data_sample\l2_unseen_validation\trade_date=2026-07-17\exchange=NSE\symbol=HDFCBANK\part-062543_296295-021964.parquet,36016,downloaded,36016,
2026-07-17,NSE,HDFCBANK,raw_l2/trade_date=2026-07-17/exchange=NSE/symbol=HDFCBANK/part-062501_184550-021868.parquet,real_data_sample\l2_unseen_validation\trade_date=2026-07-17\exchange=NSE\symbol=HDFCBANK\part-062501_184550-021868.parquet,36378,downloaded,36378,
2026-07-17,NSE,HDFCBANK,raw_l2/trade_date=2026-07-17/exchange=NSE/symbol=HDFCBANK/part-062557_320000-021996.parquet,real_data_sample\l2_unseen_validation\trade_date=2026-07-17\exchange=NSE\symbol=HDFCBANK\part-062557_320000-021996.parquet,35713,downloaded,35713,
2026-07-17,NSE,HDFCBANK,raw_l2/trade_date=2026-07-17/exchange=NSE/symbol=HDFCBANK/part-062902_064650-022412.parquet,real_data_sample\l2_unseen_validation\trade_date=2026-07-17\exchange=NSE\symbol=HDFCBANK\part-062902_064650-022412.parquet,36296,downloaded,36296,
2026-07-17,NSE,HDFCBANK,raw_l2/trade_date=2026-07-17/exchange=NSE/symbol=HDFCBANK/part-062931_137258-022476.parquet,real_data_sample\l2_unseen_validation\trade_date=2026-07-17\exchange=NSE\symbol=HDFCBANK\part-062931_137258-022476.parquet,35573,downloaded,35573,
2026-07-17,NSE,HDFCBANK,raw_l2/trade_date=2026-07-17/exchange=NSE/symbol=HDFCBANK/part-062639_576405-022092.parquet,real_data_sample\l2_unseen_validation\trade_date=2026-07-17\exchange=NSE\symbol=HDFCBANK\part-062639_576405-022092.parquet,35689,downloaded,35689,
2026-07-17,NSE,HDFCBANK,raw_l2/trade_date=2026-07-17/exchange=NSE/symbol=HDFCBANK/part-062529_286464-021932.parquet,real_data_sample\l2_unseen_validation\trade_date=2026-07-17\exchange=NSE\symbol=HDFCBANK\part-062529_286464-021932.parquet,36259,downloaded,36259,
2026-07-17,NSE,HDFCBANK,raw_l2/trade_date=2026-07-17/exchange=NSE/symbol=HDFCBANK/part-063042_642550-022636.parquet,real_data_sample\l2_unseen_validation\trade_date=2026-07-17\exchange=NSE\symbol=HDFCBANK\part-063042_642550-022636.parquet,36122,downloaded,36122,
2026-07-17,NSE,HDFCBANK,raw_l2/trade_date=2026-07-17/exchange=NSE/symbol=HDFCBANK/part-063014_329930-022572.parquet,real_data_sample\l2_unseen_validation\trade_date=2026-07-17\exchange=NSE\symbol=HDFCBANK\part-063014_329930-022572.parquet,35984,downloaded,35984,
2026-07-17,NSE,HDFCBANK,raw_l2/trade_date=2026-07-17/exchange=NSE/symbol=HDFCBANK/part-062611_328305-022028.parquet,real_data_sample\l2_unseen_validation\trade_date=2026-07-17\exchange=NSE\symbol=HDFCBANK\part-062611_328305-022028.parquet,35925,downloaded,35925,
2026-07-17,NSE,HDFCBANK,raw_l2/trade_date=2026-07-17/exchange=NSE/symbol=HDFCBANK/part-062625_326182-022060.parquet,real_data_sample\l2_unseen_validation\trade_date=2026-07-17\exchange=NSE\symbol=HDFCBANK\part-062625_326182-022060.parquet,35911,downloaded,35911,
2026-07-17,NSE,HDFCBANK,raw_l2/trade_date=2026-07-17/exchange=NSE/symbol=HDFCBANK/part-063056_621752-022668.parquet,real_data_sample\l2_unseen_validation\trade_date=2026-07-17\exchange=NSE\symbol=HDFCBANK\part-063056_621752-022668.parquet,36196,downloaded,36196,
2026-07-17,NSE,HDFCBANK,raw_l2/trade_date=2026-07-17/exchange=NSE/symbol=HDFCBANK/part-063110_968637-022700.parquet,real_data_sample\l2_unseen_validation\trade_date=2026-07-17\exchange=NSE\symbol=HDFCBANK\part-063110_968637-022700.parquet,36873,downloaded,36873,
2026-07-17,NSE,HDFCBANK,raw_l2/trade_date=2026-07-17/exchange=NSE/symbol=HDFCBANK/part-063331_906224-023020.parquet,real_data_sample\l2_unseen_validation\trade_date=2026-07-17\exchange=NSE\symbol=HDFCBANK\part-063331_906224-023020.parquet,35346,downloaded,35346,
2026-07-17,NSE,HDFCBANK,raw_l2/trade_date=2026-07-17/exchange=NSE/symbol=HDFCBANK/part-063524_767652-023276.parquet,real_data_sample\l2_unseen_validation\trade_date=2026-07-17\exchange=NSE\symbol=HDFCBANK\part-063524_767652-023276.parquet,36361,downloaded,36361,
2026-07-17,NSE,HDFCBANK,raw_l2/trade_date=2026-07-17/exchange=NSE/symbol=HDFCBANK/part-063456_286416-023212.parquet,real_data_sample\l2_unseen_validation\trade_date=2026-07-17\exchange=NSE\symbol=HDFCBANK\part-063456_286416-023212.parquet,36254,downloaded,36254,
2026-07-17,NSE,HDFCBANK,raw_l2/trade_date=2026-07-17/exchange=NSE/symbol=HDFCBANK/part-063125_116006-022732.parquet,real_data_sample\l2_unseen_validation\trade_date=2026-07-17\exchange=NSE\symbol=HDFCBANK\part-063125_116006-022732.parquet,35927,downloaded,35927,
2026-07-17,NSE,HDFCBANK,raw_l2/trade_date=2026-07-17/exchange=NSE/symbol=HDFCBANK/part-063552_494702-023340.parquet,real_data_sample\l2_unseen_validation\trade_date=2026-07-17\exchange=NSE\symbol=HDFCBANK\part-063552_494702-023340.parquet,35690,downloaded,35690,
2026-07-17,NSE,HDFCBANK,raw_l2/trade_date=2026-07-17/exchange=NSE/symbol=HDFCBANK/part-063702_383937-023500.parquet,real_data_sample\l2_unseen_validation\trade_date=2026-07-17\exchange=NSE\symbol=HDFCBANK\part-063702_383937-023500.parquet,36035,downloaded,36035,
2026-07-17,NSE,HDFCBANK,raw_l2/trade_date=2026-07-17/exchange=NSE/symbol=HDFCBANK/part-063744_241443-023596.parquet,real_data_sample\l2_unseen_validation\trade_date=2026-07-17\exchange=NSE\symbol=HDFCBANK\part-063744_241443-023596.parquet,36478,downloaded,36478,
2026-07-17,NSE,HDFCBANK,raw_l2/trade_date=2026-07-17/exchange=NSE/symbol=HDFCBANK/part-063716_351871-023532.parquet,real_data_sample\l2_unseen_validation\trade_date=2026-07-17\exchange=NSE\symbol=HDFCBANK\part-063716_351871-023532.parquet,36354,downloaded,36354,
2026-07-17,NSE,HDFCBANK,raw_l2/trade_date=2026-07-17/exchange=NSE/symbol=HDFCBANK/part-063757_983282-023628.parquet,real_data_sample\l2_unseen_validation\trade_date=2026-07-17\exchange=NSE\symbol=HDFCBANK\part-063757_983282-023628.parquet,36164,downloaded,36164,
2026-07-17,NSE,HDFCBANK,raw_l2/trade_date=2026-07-17/exchange=NSE/symbol=HDFCBANK/part-063730_214223-023564.parquet,real_data_sample\l2_unseen_validation\trade_date=2026-07-17\exchange=NSE\symbol=HDFCBANK\part-063730_214223-023564.parquet,36077,downloaded,36077,
2026-07-17,NSE,HDFCBANK,raw_l2/trade_date=2026-07-17/exchange=NSE/symbol=HDFCBANK/part-063811_854437-023660.parquet,real_data_sample\l2_unseen_validation\trade_date=2026-07-17\exchange=NSE\symbol=HDFCBANK\part-063811_854437-023660.parquet,35730,downloaded,35730,
2026-07-17,NSE,HDFCBANK,raw_l2/trade_date=2026-07-17/exchange=NSE/symbol=HDFCBANK/part-063826_101545-023692.parquet,real_data_sample\l2_unseen_validation\trade_date=2026-07-17\exchange=NSE\symbol=HDFCBANK\part-063826_101545-023692.parquet,36102,downloaded,36102,
2026-07-17,NSE,HDFCBANK,raw_l2/trade_date=2026-07-17/exchange=NSE/symbol=HDFCBANK/part-063840_358413-023724.parquet,real_data_sample\l2_unseen_validation\trade_date=2026-07-17\exchange=NSE\symbol=HDFCBANK\part-063840_358413-023724.parquet,36170,downloaded,36170,
2026-07-17,NSE,HDFCBANK,raw_l2/trade_date=2026-07-17/exchange=NSE/symbol=HDFCBANK/part-063855_014432-023756.parquet,real_data_sample\l2_unseen_validation\trade_date=2026-07-17\exchange=NSE\symbol=HDFCBANK\part-063855_014432-023756.parquet,36384,downloaded,36384,
2026-07-17,NSE,HDFCBANK,raw_l2/trade_date=2026-07-17/exchange=NSE/symbol=HDFCBANK/part-063909_278063-023788.parquet,real_data_sample\l2_unseen_validation\trade_date=2026-07-17\exchange=NSE\symbol=HDFCBANK\part-063909_278063-023788.parquet,36062,downloaded,36062,
2026-07-17,NSE,HDFCBANK,raw_l2/trade_date=2026-07-17/exchange=NSE/symbol=HDFCBANK/part-063923_265106-023820.parquet,real_data_sample\l2_unseen_validation\trade_date=2026-07-17\exchange=NSE\symbol=HDFCBANK\part-063923_265106-023820.parquet,35905,downloaded,35905,
2026-07-17,NSE,HDFCBANK,raw_l2/trade_date=2026-07-17/exchange=NSE/symbol=HDFCBANK/part-063937_277437-023852.parquet,real_data_sample\l2_unseen_validation\trade_date=2026-07-17\exchange=NSE\symbol=HDFCBANK\part-063937_277437-023852.parquet,36502,downloaded,36502,
2026-07-17,NSE,HDFCBANK,raw_l2/trade_date=2026-07-17/exchange=NSE/symbol=HDFCBANK/part-063951_292068-023884.parquet,real_data_sample\l2_unseen_validation\trade_date=2026-07-17\exchange=NSE\symbol=HDFCBANK\part-063951_292068-023884.parquet,36318,downloaded,36318,
2026-07-17,NSE,HDFCBANK,raw_l2/trade_date=2026-07-17/exchange=NSE/symbol=HDFCBANK/part-064005_045276-023916.parquet,real_data_sample\l2_unseen_validation\trade_date=2026-07-17\exchange=NSE\symbol=HDFCBANK\part-064005_045276-023916.parquet,35631,downloaded,35631,
2026-07-17,NSE,HDFCBANK,raw_l2/trade_date=2026-07-17/exchange=NSE/symbol=HDFCBANK/part-064019_180721-023948.parquet,real_data_sample\l2_unseen_validation\trade_date=2026-07-17\exchange=NSE\symbol=HDFCBANK\part-064019_180721-023948.parquet,36005,downloaded,36005,
2026-07-17,NSE,HDFCBANK,raw_l2/trade_date=2026-07-17/exchange=NSE/symbol=HDFCBANK/part-061738_347420-020876.parquet,real_data_sample\l2_unseen_validation\trade_date=2026-07-17\exchange=NSE\symbol=HDFCBANK\part-061738_347420-020876.parquet,36441,downloaded,36441,
2026-07-17,NSE,HDFCBANK,raw_l2/trade_date=2026-07-17/exchange=NSE/symbol=HDFCBANK/part-064047_348030-024012.parquet,real_data_sample\l2_unseen_validation\trade_date=2026-07-17\exchange=NSE\symbol=HDFCBANK\part-064047_348030-024012.parquet,35513,downloaded,35513,
2026-07-17,NSE,HDFCBANK,raw_l2/trade_date=2026-07-17/exchange=NSE/symbol=HDFCBANK/part-064033_196266-023980.parquet,real_data_sample\l2_unseen_validation\trade_date=2026-07-17\exchange=NSE\symbol=HDFCBANK\part-064033_196266-023980.parquet,35796,downloaded,35796,
2026-07-17,NSE,HDFCBANK,raw_l2/trade_date=2026-07-17/exchange=NSE/symbol=HDFCBANK/part-064101_285428-024044.parquet,real_data_sample\l2_unseen_validation\trade_date=2026-07-17\exchange=NSE\symbol=HDFCBANK\part-064101_285428-024044.parquet,35905,downloaded,35905,
2026-07-17,NSE,HDFCBANK,raw_l2/trade_date=2026-07-17/exchange=NSE/symbol=HDFCBANK/part-061710_108375-020812.parquet,real_data_sample\l2_unseen_validation\trade_date=2026-07-17\exchange=NSE\symbol=HDFCBANK\part-061710_108375-020812.parquet,36094,downloaded,36094,
2026-07-17,NSE,HDFCBANK,raw_l2/trade_date=2026-07-17/exchange=NSE/symbol=HDFCBANK/part-061655_811549-020780.parquet,real_data_sample\l2_unseen_validation\trade_date=2026-07-17\exchange=NSE\symbol=HDFCBANK\part-061655_811549-020780.parquet,35991,downloaded,35991,
2026-07-17,NSE,HDFCBANK,raw_l2/trade_date=2026-07-17/exchange=NSE/symbol=HDFCBANK/part-064115_218421-024076.parquet,real_data_sample\l2_unseen_validation\trade_date=2026-07-17\exchange=NSE\symbol=HDFCBANK\part-064115_218421-024076.parquet,36114,downloaded,36114,
2026-07-17,NSE,HDFCBANK,raw_l2/trade_date=2026-07-17/exchange=NSE/symbol=HDFCBANK/part-064128_959909-024108.parquet,real_data_sample\l2_unseen_validation\trade_date=2026-07-17\exchange=NSE\symbol=HDFCBANK\part-064128_959909-024108.parquet,36063,downloaded,36063,
2026-07-17,NSE,HDFCBANK,raw_l2/trade_date=2026-07-17/exchange=NSE/symbol=HDFCBANK/part-064143_239531-024140.parquet,real_data_sample\l2_unseen_validation\trade_date=2026-07-17\exchange=NSE\symbol=HDFCBANK\part-064143_239531-024140.parquet,35517,downloaded,35517,
2026-07-17,NSE,HDFCBANK,raw_l2/trade_date=2026-07-17/exchange=NSE/symbol=HDFCBANK/part-064156_947204-024172.parquet,real_data_sample\l2_unseen_validation\trade_date=2026-07-17\exchange=NSE\symbol=HDFCBANK\part-064156_947204-024172.parquet,35954,downloaded,35954,
2026-07-17,NSE,HDFCBANK,raw_l2/trade_date=2026-07-17/exchange=NSE/symbol=HDFCBANK/part-062736_774558-022220.parquet,real_data_sample\l2_unseen_validation\trade_date=2026-07-17\exchange=NSE\symbol=HDFCBANK\part-062736_774558-022220.parquet,36097,downloaded,36097,
2026-07-17,NSE,HDFCBANK,raw_l2/trade_date=2026-07-17/exchange=NSE/symbol=HDFCBANK/part-064210_788098-024204.parquet,real_data_sample\l2_unseen_validation\trade_date=2026-07-17\exchange=NSE\symbol=HDFCBANK\part-064210_788098-024204.parquet,36273,downloaded,36273,
2026-07-17,NSE,HDFCBANK,raw_l2/trade_date=2026-07-17/exchange=NSE/symbol=HDFCBANK/part-064224_803610-024236.parquet,real_data_sample\l2_unseen_validation\trade_date=2026-07-17\exchange=NSE\symbol=HDFCBANK\part-064224_803610-024236.parquet,36042,downloaded,36042,
2026-07-17,NSE,HDFCBANK,raw_l2/trade_date=2026-07-17/exchange=NSE/symbol=HDFCBANK/part-064238_463372-024268.parquet,real_data_sample\l2_unseen_validation\trade_date=2026-07-17\exchange=NSE\symbol=HDFCBANK\part-064238_463372-024268.parquet,35968,downloaded,35968,
2026-07-17,NSE,HDFCBANK,raw_l2/trade_date=2026-07-17/exchange=NSE/symbol=HDFCBANK/part-061724_360413-020844.parquet,real_data_sample\l2_unseen_validation\trade_date=2026-07-17\exchange=NSE\symbol=HDFCBANK\part-061724_360413-020844.parquet,36486,downloaded,36486,
2026-07-17,NSE,HDFCBANK,raw_l2/trade_date=2026-07-17/exchange=NSE/symbol=HDFCBANK/part-064252_205595-024300.parquet,real_data_sample\l2_unseen_validation\trade_date=2026-07-17\exchange=NSE\symbol=HDFCBANK\part-064252_205595-024300.parquet,35572,downloaded,35572,
2026-07-17,NSE,HDFCBANK,raw_l2/trade_date=2026-07-17/exchange=NSE/symbol=HDFCBANK/part-062707_867094-022156.parquet,real_data_sample\l2_unseen_validation\trade_date=2026-07-17\exchange=NSE\symbol=HDFCBANK\part-062707_867094-022156.parquet,35862,downloaded,35862,
2026-07-17,NSE,HDFCBANK,raw_l2/trade_date=2026-07-17/exchange=NSE/symbol=HDFCBANK/part-064305_989203-024332.parquet,real_data_sample\l2_unseen_validation\trade_date=2026-07-17\exchange=NSE\symbol=HDFCBANK\part-064305_989203-024332.parquet,36314,downloaded,36314,
2026-07-17,NSE,HDFCBANK,raw_l2/trade_date=2026-07-17/exchange=NSE/symbol=HDFCBANK/part-064319_757827-024364.parquet,real_data_sample\l2_unseen_validation\trade_date=2026-07-17\exchange=NSE\symbol=HDFCBANK\part-064319_757827-024364.parquet,35528,downloaded,35528,
2026-07-17,NSE,HDFCBANK,raw_l2/trade_date=2026-07-17/exchange=NSE/symbol=HDFCBANK/part-064347_465491-024428.parquet,real_data_sample\l2_unseen_validation\trade_date=2026-07-17\exchange=NSE\symbol=HDFCBANK\part-064347_465491-024428.parquet,36362,downloaded,36362,
2026-07-17,NSE,HDFCBANK,raw_l2/trade_date=2026-07-17/exchange=NSE/symbol=HDFCBANK/part-064333_743637-024396.parquet,real_data_sample\l2_unseen_validation\trade_date=2026-07-17\exchange=NSE\symbol=HDFCBANK\part-064333_743637-024396.parquet,35835,downloaded,35835,
2026-07-17,NSE,HDFCBANK,raw_l2/trade_date=2026-07-17/exchange=NSE/symbol=HDFCBANK/part-062653_878110-022124.parquet,real_data_sample\l2_unseen_validation\trade_date=2026-07-17\exchange=NSE\symbol=HDFCBANK\part-062653_878110-022124.parquet,35985,downloaded,35985,
2026-07-17,NSE,HDFCBANK,raw_l2/trade_date=2026-07-17/exchange=NSE/symbol=HDFCBANK/part-064401_249863-024460.parquet,real_data_sample\l2_unseen_validation\trade_date=2026-07-17\exchange=NSE\symbol=HDFCBANK\part-064401_249863-024460.parquet,36340,downloaded,36340,
2026-07-17,NSE,HDFCBANK,raw_l2/trade_date=2026-07-17/exchange=NSE/symbol=HDFCBANK/part-064414_988313-024492.parquet,real_data_sample\l2_unseen_validation\trade_date=2026-07-17\exchange=NSE\symbol=HDFCBANK\part-064414_988313-024492.parquet,36320,downloaded,36320,
2026-07-17,NSE,HDFCBANK,raw_l2/trade_date=2026-07-17/exchange=NSE/symbol=HDFCBANK/part-062848_100584-022380.parquet,real_data_sample\l2_unseen_validation\trade_date=2026-07-17\exchange=NSE\symbol=HDFCBANK\part-062848_100584-022380.parquet,36812,downloaded,36812,
2026-07-17,NSE,HDFCBANK,raw_l2/trade_date=2026-07-17/exchange=NSE/symbol=HDFCBANK/part-064456_769372-024588.parquet,real_data_sample\l2_unseen_validation\trade_date=2026-07-17\exchange=NSE\symbol=HDFCBANK\part-064456_769372-024588.parquet,35840,downloaded,35840,
2026-07-17,NSE,HDFCBANK,raw_l2/trade_date=2026-07-17/exchange=NSE/symbol=HDFCBANK/part-064510_793940-024620.parquet,real_data_sample\l2_unseen_validation\trade_date=2026-07-17\exchange=NSE\symbol=HDFCBANK\part-064510_793940-024620.parquet,35878,downloaded,35878,
2026-07-17,NSE,HDFCBANK,raw_l2/trade_date=2026-07-17/exchange=NSE/symbol=HDFCBANK/part-064442_981535-024556.parquet,real_data_sample\l2_unseen_validation\trade_date=2026-07-17\exchange=NSE\symbol=HDFCBANK\part-064442_981535-024556.parquet,35666,downloaded,35666,
2026-07-17,NSE,HDFCBANK,raw_l2/trade_date=2026-07-17/exchange=NSE/symbol=HDFCBANK/part-064429_253375-024524.parquet,real_data_sample\l2_unseen_validation\trade_date=2026-07-17\exchange=NSE\symbol=HDFCBANK\part-064429_253375-024524.parquet,35680,downloaded,35680,
2026-07-17,NSE,HDFCBANK,raw_l2/trade_date=2026-07-17/exchange=NSE/symbol=HDFCBANK/part-063414_295862-023116.parquet,real_data_sample\l2_unseen_validation\trade_date=2026-07-17\exchange=NSE\symbol=HDFCBANK\part-063414_295862-023116.parquet,35834,downloaded,35834,
2026-07-17,NSE,HDFCBANK,raw_l2/trade_date=2026-07-17/exchange=NSE/symbol=HDFCBANK/part-063634_316996-023436.parquet,real_data_sample\l2_unseen_validation\trade_date=2026-07-17\exchange=NSE\symbol=HDFCBANK\part-063634_316996-023436.parquet,36318,downloaded,36318,
2026-07-17,NSE,HDFCBANK,raw_l2/trade_date=2026-07-17/exchange=NSE/symbol=HDFCBANK/part-064524_759282-024652.parquet,real_data_sample\l2_unseen_validation\trade_date=2026-07-17\exchange=NSE\symbol=HDFCBANK\part-064524_759282-024652.parquet,36334,downloaded,36334,
2026-07-17,NSE,HDFCBANK,raw_l2/trade_date=2026-07-17/exchange=NSE/symbol=HDFCBANK/part-064552_438504-024716.parquet,real_data_sample\l2_unseen_validation\trade_date=2026-07-17\exchange=NSE\symbol=HDFCBANK\part-064552_438504-024716.parquet,35966,downloaded,35966,
2026-07-17,NSE,HDFCBANK,raw_l2/trade_date=2026-07-17/exchange=NSE/symbol=HDFCBANK/part-063428_312106-023148.parquet,real_data_sample\l2_unseen_validation\trade_date=2026-07-17\exchange=NSE\symbol=HDFCBANK\part-063428_312106-023148.parquet,35411,downloaded,35411,
2026-07-17,NSE,HDFCBANK,raw_l2/trade_date=2026-07-17/exchange=NSE/symbol=HDFCBANK/part-063648_292428-023468.parquet,real_data_sample\l2_unseen_validation\trade_date=2026-07-17\exchange=NSE\symbol=HDFCBANK\part-063648_292428-023468.parquet,36400,downloaded,36400,
2026-07-17,NSE,HDFCBANK,raw_l2/trade_date=2026-07-17/exchange=NSE/symbol=HDFCBANK/part-064606_185512-024748.parquet,real_data_sample\l2_unseen_validation\trade_date=2026-07-17\exchange=NSE\symbol=HDFCBANK\part-064606_185512-024748.parquet,36235,downloaded,36235,
2026-07-17,NSE,HDFCBANK,raw_l2/trade_date=2026-07-17/exchange=NSE/symbol=HDFCBANK/part-063400_077678-023084.parquet,real_data_sample\l2_unseen_validation\trade_date=2026-07-17\exchange=NSE\symbol=HDFCBANK\part-063400_077678-023084.parquet,35376,downloaded,35376,
2026-07-17,NSE,HDFCBANK,raw_l2/trade_date=2026-07-17/exchange=NSE/symbol=HDFCBANK/part-064538_724732-024684.parquet,real_data_sample\l2_unseen_validation\trade_date=2026-07-17\exchange=NSE\symbol=HDFCBANK\part-064538_724732-024684.parquet,36045,downloaded,36045,
2026-07-17,NSE,HDFCBANK,raw_l2/trade_date=2026-07-17/exchange=NSE/symbol=HDFCBANK/part-064619_978421-024780.parquet,real_data_sample\l2_unseen_validation\trade_date=2026-07-17\exchange=NSE\symbol=HDFCBANK\part-064619_978421-024780.parquet,36777,downloaded,36777,
2026-07-17,NSE,HDFCBANK,raw_l2/trade_date=2026-07-17/exchange=NSE/symbol=HDFCBANK/part-064647_733515-024844.parquet,real_data_sample\l2_unseen_validation\trade_date=2026-07-17\exchange=NSE\symbol=HDFCBANK\part-064647_733515-024844.parquet,36031,downloaded,36031,
2026-07-17,NSE,HDFCBANK,raw_l2/trade_date=2026-07-17/exchange=NSE/symbol=HDFCBANK/part-064633_741464-024812.parquet,real_data_sample\l2_unseen_validation\trade_date=2026-07-17\exchange=NSE\symbol=HDFCBANK\part-064633_741464-024812.parquet,36235,downloaded,36235,
2026-07-17,NSE,HDFCBANK,raw_l2/trade_date=2026-07-17/exchange=NSE/symbol=HDFCBANK/part-063620_291033-023404.parquet,real_data_sample\l2_unseen_validation\trade_date=2026-07-17\exchange=NSE\symbol=HDFCBANK\part-063620_291033-023404.parquet,36010,downloaded,36010,
2026-07-17,NSE,HDFCBANK,raw_l2/trade_date=2026-07-17/exchange=NSE/symbol=HDFCBANK/part-063207_046858-022828.parquet,real_data_sample\l2_unseen_validation\trade_date=2026-07-17\exchange=NSE\symbol=HDFCBANK\part-063207_046858-022828.parquet,36015,downloaded,36015,
2026-07-17,NSE,HDFCBANK,raw_l2/trade_date=2026-07-17/exchange=NSE/symbol=HDFCBANK/part-063510_363773-023244.parquet,real_data_sample\l2_unseen_validation\trade_date=2026-07-17\exchange=NSE\symbol=HDFCBANK\part-063510_363773-023244.parquet,36225,downloaded,36225,
2026-07-17,NSE,HDFCBANK,raw_l2/trade_date=2026-07-17/exchange=NSE/symbol=HDFCBANK/part-064701_735813-024876.parquet,real_data_sample\l2_unseen_validation\trade_date=2026-07-17\exchange=NSE\symbol=HDFCBANK\part-064701_735813-024876.parquet,36462,downloaded,36462,
2026-07-17,NSE,HDFCBANK,raw_l2/trade_date=2026-07-17/exchange=NSE/symbol=HDFCBANK/part-063139_301342-022764.parquet,real_data_sample\l2_unseen_validation\trade_date=2026-07-17\exchange=NSE\symbol=HDFCBANK\part-063139_301342-022764.parquet,35837,downloaded,35837,
2026-07-17,NSE,HDFCBANK,raw_l2/trade_date=2026-07-17/exchange=NSE/symbol=HDFCBANK/part-063153_270459-022796.parquet,real_data_sample\l2_unseen_validation\trade_date=2026-07-17\exchange=NSE\symbol=HDFCBANK\part-063153_270459-022796.parquet,36122,downloaded,36122,
2026-07-17,NSE,HDFCBANK,raw_l2/trade_date=2026-07-17/exchange=NSE/symbol=HDFCBANK/part-063606_312130-023372.parquet,real_data_sample\l2_unseen_validation\trade_date=2026-07-17\exchange=NSE\symbol=HDFCBANK\part-063606_312130-023372.parquet,36022,downloaded,36022,
2026-07-17,NSE,HDFCBANK,raw_l2/trade_date=2026-07-17/exchange=NSE/symbol=HDFCBANK/part-063346_058303-023052.parquet,real_data_sample\l2_unseen_validation\trade_date=2026-07-17\exchange=NSE\symbol=HDFCBANK\part-063346_058303-023052.parquet,35757,downloaded,35757,
2026-07-17,NSE,HDFCBANK,raw_l2/trade_date=2026-07-17/exchange=NSE/symbol=HDFCBANK/part-064811_181409-025036.parquet,real_data_sample\l2_unseen_validation\trade_date=2026-07-17\exchange=NSE\symbol=HDFCBANK\part-064811_181409-025036.parquet,36307,downloaded,36307,
2026-07-17,NSE,HDFCBANK,raw_l2/trade_date=2026-07-17/exchange=NSE/symbol=HDFCBANK/part-064743_490674-024972.parquet,real_data_sample\l2_unseen_validation\trade_date=2026-07-17\exchange=NSE\symbol=HDFCBANK\part-064743_490674-024972.parquet,36173,downloaded,36173,
2026-07-17,NSE,HDFCBANK,raw_l2/trade_date=2026-07-17/exchange=NSE/symbol=HDFCBANK/part-064825_061435-025068.parquet,real_data_sample\l2_unseen_validation\trade_date=2026-07-17\exchange=NSE\symbol=HDFCBANK\part-064825_061435-025068.parquet,35935,downloaded,35935,
2026-07-17,NSE,HDFCBANK,raw_l2/trade_date=2026-07-17/exchange=NSE/symbol=HDFCBANK/part-063221_029492-022860.parquet,real_data_sample\l2_unseen_validation\trade_date=2026-07-17\exchange=NSE\symbol=HDFCBANK\part-063221_029492-022860.parquet,36006,downloaded,36006,
2026-07-17,NSE,HDFCBANK,raw_l2/trade_date=2026-07-17/exchange=NSE/symbol=HDFCBANK/part-064729_524296-024940.parquet,real_data_sample\l2_unseen_validation\trade_date=2026-07-17\exchange=NSE\symbol=HDFCBANK\part-064729_524296-024940.parquet,36349,downloaded,36349,
2026-07-17,NSE,HDFCBANK,raw_l2/trade_date=2026-07-17/exchange=NSE/symbol=HDFCBANK/part-064757_195280-025004.parquet,real_data_sample\l2_unseen_validation\trade_date=2026-07-17\exchange=NSE\symbol=HDFCBANK\part-064757_195280-025004.parquet,36378,downloaded,36378,
2026-07-17,NSE,HDFCBANK,raw_l2/trade_date=2026-07-17/exchange=NSE/symbol=HDFCBANK/part-064715_779313-024908.parquet,real_data_sample\l2_unseen_validation\trade_date=2026-07-17\exchange=NSE\symbol=HDFCBANK\part-064715_779313-024908.parquet,36098,downloaded,36098,
2026-07-17,NSE,HDFCBANK,raw_l2/trade_date=2026-07-17/exchange=NSE/symbol=HDFCBANK/part-063303_184186-022956.parquet,real_data_sample\l2_unseen_validation\trade_date=2026-07-17\exchange=NSE\symbol=HDFCBANK\part-063303_184186-022956.parquet,36221,downloaded,36221,
2026-07-17,NSE,HDFCBANK,raw_l2/trade_date=2026-07-17/exchange=NSE/symbol=HDFCBANK/part-063317_415427-022988.parquet,real_data_sample\l2_unseen_validation\trade_date=2026-07-17\exchange=NSE\symbol=HDFCBANK\part-063317_415427-022988.parquet,35563,downloaded,35563,
2026-07-17,NSE,HDFCBANK,raw_l2/trade_date=2026-07-17/exchange=NSE/symbol=HDFCBANK/part-063442_287530-023180.parquet,real_data_sample\l2_unseen_validation\trade_date=2026-07-17\exchange=NSE\symbol=HDFCBANK\part-063442_287530-023180.parquet,35816,downloaded,35816,
2026-07-17,NSE,HDFCBANK,raw_l2/trade_date=2026-07-17/exchange=NSE/symbol=HDFCBANK/part-063235_043369-022892.parquet,real_data_sample\l2_unseen_validation\trade_date=2026-07-17\exchange=NSE\symbol=HDFCBANK\part-063235_043369-022892.parquet,35746,downloaded,35746,
2026-07-17,NSE,HDFCBANK,raw_l2/trade_date=2026-07-17/exchange=NSE/symbol=HDFCBANK/part-064838_971864-025100.parquet,real_data_sample\l2_unseen_validation\trade_date=2026-07-17\exchange=NSE\symbol=HDFCBANK\part-064838_971864-025100.parquet,35462,downloaded,35462,
2026-07-17,NSE,HDFCBANK,raw_l2/trade_date=2026-07-17/exchange=NSE/symbol=HDFCBANK/part-064920_465603-025196.parquet,real_data_sample\l2_unseen_validation\trade_date=2026-07-17\exchange=NSE\symbol=HDFCBANK\part-064920_465603-025196.parquet,36197,downloaded,36197,
2026-07-17,NSE,HDFCBANK,raw_l2/trade_date=2026-07-17/exchange=NSE/symbol=HDFCBANK/part-064852_745440-025132.parquet,real_data_sample\l2_unseen_validation\trade_date=2026-07-17\exchange=NSE\symbol=HDFCBANK\part-064852_745440-025132.parquet,35947,downloaded,35947,
2026-07-17,NSE,HDFCBANK,raw_l2/trade_date=2026-07-17/exchange=NSE/symbol=HDFCBANK/part-064934_289212-025228.parquet,real_data_sample\l2_unseen_validation\trade_date=2026-07-17\exchange=NSE\symbol=HDFCBANK\part-064934_289212-025228.parquet,36392,downloaded,36392,
2026-07-17,NSE,HDFCBANK,raw_l2/trade_date=2026-07-17/exchange=NSE/symbol=HDFCBANK/part-065002_255757-025292.parquet,real_data_sample\l2_unseen_validation\trade_date=2026-07-17\exchange=NSE\symbol=HDFCBANK\part-065002_255757-025292.parquet,36311,downloaded,36311,
2026-07-17,NSE,HDFCBANK,raw_l2/trade_date=2026-07-17/exchange=NSE/symbol=HDFCBANK/part-064948_245490-025260.parquet,real_data_sample\l2_unseen_validation\trade_date=2026-07-17\exchange=NSE\symbol=HDFCBANK\part-064948_245490-025260.parquet,36262,downloaded,36262,
2026-07-17,NSE,HDFCBANK,raw_l2/trade_date=2026-07-17/exchange=NSE/symbol=HDFCBANK/part-065029_960382-025356.parquet,real_data_sample\l2_unseen_validation\trade_date=2026-07-17\exchange=NSE\symbol=HDFCBANK\part-065029_960382-025356.parquet,35710,downloaded,35710,
2026-07-17,NSE,HDFCBANK,raw_l2/trade_date=2026-07-17/exchange=NSE/symbol=HDFCBANK/part-065044_159447-025388.parquet,real_data_sample\l2_unseen_validation\trade_date=2026-07-17\exchange=NSE\symbol=HDFCBANK\part-065044_159447-025388.parquet,36397,downloaded,36397,
2026-07-17,NSE,HDFCBANK,raw_l2/trade_date=2026-07-17/exchange=NSE/symbol=HDFCBANK/part-064906_515055-025164.parquet,real_data_sample\l2_unseen_validation\trade_date=2026-07-17\exchange=NSE\symbol=HDFCBANK\part-064906_515055-025164.parquet,35946,downloaded,35946,
2026-07-17,NSE,HDFCBANK,raw_l2/trade_date=2026-07-17/exchange=NSE/symbol=HDFCBANK/part-065016_227598-025324.parquet,real_data_sample\l2_unseen_validation\trade_date=2026-07-17\exchange=NSE\symbol=HDFCBANK\part-065016_227598-025324.parquet,36496,downloaded,36496,
2026-07-17,NSE,HDFCBANK,raw_l2/trade_date=2026-07-17/exchange=NSE/symbol=HDFCBANK/part-065112_249610-025452.parquet,real_data_sample\l2_unseen_validation\trade_date=2026-07-17\exchange=NSE\symbol=HDFCBANK\part-065112_249610-025452.parquet,36003,downloaded,36003,
2026-07-17,NSE,HDFCBANK,raw_l2/trade_date=2026-07-17/exchange=NSE/symbol=HDFCBANK/part-065126_277322-025484.parquet,real_data_sample\l2_unseen_validation\trade_date=2026-07-17\exchange=NSE\symbol=HDFCBANK\part-065126_277322-025484.parquet,36414,downloaded,36414,
2026-07-17,NSE,HDFCBANK,raw_l2/trade_date=2026-07-17/exchange=NSE/symbol=HDFCBANK/part-065058_228167-025420.parquet,real_data_sample\l2_unseen_validation\trade_date=2026-07-17\exchange=NSE\symbol=HDFCBANK\part-065058_228167-025420.parquet,36207,downloaded,36207,
2026-07-17,NSE,HDFCBANK,raw_l2/trade_date=2026-07-17/exchange=NSE/symbol=HDFCBANK/part-065140_282940-025516.parquet,real_data_sample\l2_unseen_validation\trade_date=2026-07-17\exchange=NSE\symbol=HDFCBANK\part-065140_282940-025516.parquet,36422,downloaded,36422,
2026-07-17,NSE,HDFCBANK,raw_l2/trade_date=2026-07-17/exchange=NSE/symbol=HDFCBANK/part-065154_292890-025548.parquet,real_data_sample\l2_unseen_validation\trade_date=2026-07-17\exchange=NSE\symbol=HDFCBANK\part-065154_292890-025548.parquet,36250,downloaded,36250,
2026-07-17,NSE,HDFCBANK,raw_l2/trade_date=2026-07-17/exchange=NSE/symbol=HDFCBANK/part-065208_433086-025580.parquet,real_data_sample\l2_unseen_validation\trade_date=2026-07-17\exchange=NSE\symbol=HDFCBANK\part-065208_433086-025580.parquet,36537,downloaded,36537,
2026-07-17,NSE,HDFCBANK,raw_l2/trade_date=2026-07-17/exchange=NSE/symbol=HDFCBANK/part-065222_551070-025612.parquet,real_data_sample\l2_unseen_validation\trade_date=2026-07-17\exchange=NSE\symbol=HDFCBANK\part-065222_551070-025612.parquet,36107,downloaded,36107,
2026-07-17,NSE,HDFCBANK,raw_l2/trade_date=2026-07-17/exchange=NSE/symbol=HDFCBANK/part-063248_949651-022924.parquet,real_data_sample\l2_unseen_validation\trade_date=2026-07-17\exchange=NSE\symbol=HDFCBANK\part-063248_949651-022924.parquet,35956,downloaded,35956,
2026-07-17,NSE,HDFCBANK,raw_l2/trade_date=2026-07-17/exchange=NSE/symbol=HDFCBANK/part-065236_564450-025644.parquet,real_data_sample\l2_unseen_validation\trade_date=2026-07-17\exchange=NSE\symbol=HDFCBANK\part-065236_564450-025644.parquet,36059,downloaded,36059,
2026-07-17,NSE,HDFCBANK,raw_l2/trade_date=2026-07-17/exchange=NSE/symbol=HDFCBANK/part-065304_862799-025708.parquet,real_data_sample\l2_unseen_validation\trade_date=2026-07-17\exchange=NSE\symbol=HDFCBANK\part-065304_862799-025708.parquet,36113,downloaded,36113,
2026-07-17,NSE,HDFCBANK,raw_l2/trade_date=2026-07-17/exchange=NSE/symbol=HDFCBANK/part-065332_761072-025772.parquet,real_data_sample\l2_unseen_validation\trade_date=2026-07-17\exchange=NSE\symbol=HDFCBANK\part-065332_761072-025772.parquet,35622,downloaded,35622,
2026-07-17,NSE,HDFCBANK,raw_l2/trade_date=2026-07-17/exchange=NSE/symbol=HDFCBANK/part-065318_870233-025740.parquet,real_data_sample\l2_unseen_validation\trade_date=2026-07-17\exchange=NSE\symbol=HDFCBANK\part-065318_870233-025740.parquet,35858,downloaded,35858,
2026-07-17,NSE,HDFCBANK,raw_l2/trade_date=2026-07-17/exchange=NSE/symbol=HDFCBANK/part-065250_717525-025676.parquet,real_data_sample\l2_unseen_validation\trade_date=2026-07-17\exchange=NSE\symbol=HDFCBANK\part-065250_717525-025676.parquet,36149,downloaded,36149,
2026-07-17,NSE,HDFCBANK,raw_l2/trade_date=2026-07-17/exchange=NSE/symbol=HDFCBANK/part-065400_646278-025836.parquet,real_data_sample\l2_unseen_validation\trade_date=2026-07-17\exchange=NSE\symbol=HDFCBANK\part-065400_646278-025836.parquet,35937,downloaded,35937,
2026-07-17,NSE,HDFCBANK,raw_l2/trade_date=2026-07-17/exchange=NSE/symbol=HDFCBANK/part-063538_549491-023308.parquet,real_data_sample\l2_unseen_validation\trade_date=2026-07-17\exchange=NSE\symbol=HDFCBANK\part-063538_549491-023308.parquet,36098,downloaded,36098,
2026-07-17,NSE,HDFCBANK,raw_l2/trade_date=2026-07-17/exchange=NSE/symbol=HDFCBANK/part-065525_075538-026028.parquet,real_data_sample\l2_unseen_validation\trade_date=2026-07-17\exchange=NSE\symbol=HDFCBANK\part-065525_075538-026028.parquet,36153,downloaded,36153,
2026-07-17,NSE,HDFCBANK,raw_l2/trade_date=2026-07-17/exchange=NSE/symbol=HDFCBANK/part-065414_786830-025868.parquet,real_data_sample\l2_unseen_validation\trade_date=2026-07-17\exchange=NSE\symbol=HDFCBANK\part-065414_786830-025868.parquet,35372,downloaded,35372,
2026-07-17,NSE,HDFCBANK,raw_l2/trade_date=2026-07-17/exchange=NSE/symbol=HDFCBANK/part-065346_550424-025804.parquet,real_data_sample\l2_unseen_validation\trade_date=2026-07-17\exchange=NSE\symbol=HDFCBANK\part-065346_550424-025804.parquet,36091,downloaded,36091,
2026-07-17,NSE,HDFCBANK,raw_l2/trade_date=2026-07-17/exchange=NSE/symbol=HDFCBANK/part-065428_767936-025900.parquet,real_data_sample\l2_unseen_validation\trade_date=2026-07-17\exchange=NSE\symbol=HDFCBANK\part-065428_767936-025900.parquet,35983,downloaded,35983,
2026-07-17,NSE,HDFCBANK,raw_l2/trade_date=2026-07-17/exchange=NSE/symbol=HDFCBANK/part-065456_862131-025964.parquet,real_data_sample\l2_unseen_validation\trade_date=2026-07-17\exchange=NSE\symbol=HDFCBANK\part-065456_862131-025964.parquet,36188,downloaded,36188,
2026-07-17,NSE,HDFCBANK,raw_l2/trade_date=2026-07-17/exchange=NSE/symbol=HDFCBANK/part-065442_732302-025932.parquet,real_data_sample\l2_unseen_validation\trade_date=2026-07-17\exchange=NSE\symbol=HDFCBANK\part-065442_732302-025932.parquet,36409,downloaded,36409,
2026-07-17,NSE,HDFCBANK,raw_l2/trade_date=2026-07-17/exchange=NSE/symbol=HDFCBANK/part-065510_999352-025996.parquet,real_data_sample\l2_unseen_validation\trade_date=2026-07-17\exchange=NSE\symbol=HDFCBANK\part-065510_999352-025996.parquet,36108,downloaded,36108,
2026-07-17,NSE,HDFCBANK,raw_l2/trade_date=2026-07-17/exchange=NSE/symbol=HDFCBANK/part-065539_388694-026060.parquet,real_data_sample\l2_unseen_validation\trade_date=2026-07-17\exchange=NSE\symbol=HDFCBANK\part-065539_388694-026060.parquet,35720,downloaded,35720,
2026-07-17,NSE,HDFCBANK,raw_l2/trade_date=2026-07-17/exchange=NSE/symbol=HDFCBANK/part-065607_338431-026124.parquet,real_data_sample\l2_unseen_validation\trade_date=2026-07-17\exchange=NSE\symbol=HDFCBANK\part-065607_338431-026124.parquet,35915,downloaded,35915,
2026-07-17,NSE,HDFCBANK,raw_l2/trade_date=2026-07-17/exchange=NSE/symbol=HDFCBANK/part-065621_389192-026156.parquet,real_data_sample\l2_unseen_validation\trade_date=2026-07-17\exchange=NSE\symbol=HDFCBANK\part-065621_389192-026156.parquet,36050,downloaded,36050,
2026-07-17,NSE,HDFCBANK,raw_l2/trade_date=2026-07-17/exchange=NSE/symbol=HDFCBANK/part-065553_300585-026092.parquet,real_data_sample\l2_unseen_validation\trade_date=2026-07-17\exchange=NSE\symbol=HDFCBANK\part-065553_300585-026092.parquet,36462,downloaded,36462,
2026-07-17,NSE,HDFCBANK,raw_l2/trade_date=2026-07-17/exchange=NSE/symbol=HDFCBANK/part-065635_310342-026188.parquet,real_data_sample\l2_unseen_validation\trade_date=2026-07-17\exchange=NSE\symbol=HDFCBANK\part-065635_310342-026188.parquet,36404,downloaded,36404,
2026-07-17,NSE,HDFCBANK,raw_l2/trade_date=2026-07-17/exchange=NSE/symbol=HDFCBANK/part-065717_282150-026284.parquet,real_data_sample\l2_unseen_validation\trade_date=2026-07-17\exchange=NSE\symbol=HDFCBANK\part-065717_282150-026284.parquet,36229,downloaded,36229,
2026-07-17,NSE,HDFCBANK,raw_l2/trade_date=2026-07-17/exchange=NSE/symbol=HDFCBANK/part-065813_892320-026412.parquet,real_data_sample\l2_unseen_validation\trade_date=2026-07-17\exchange=NSE\symbol=HDFCBANK\part-065813_892320-026412.parquet,35558,downloaded,35558,
2026-07-17,NSE,HDFCBANK,raw_l2/trade_date=2026-07-17/exchange=NSE/symbol=HDFCBANK/part-065731_425691-026316.parquet,real_data_sample\l2_unseen_validation\trade_date=2026-07-17\exchange=NSE\symbol=HDFCBANK\part-065731_425691-026316.parquet,35919,downloaded,35919,
2026-07-17,NSE,HDFCBANK,raw_l2/trade_date=2026-07-17/exchange=NSE/symbol=HDFCBANK/part-065745_343870-026348.parquet,real_data_sample\l2_unseen_validation\trade_date=2026-07-17\exchange=NSE\symbol=HDFCBANK\part-065745_343870-026348.parquet,35400,downloaded,35400,
2026-07-17,NSE,HDFCBANK,raw_l2/trade_date=2026-07-17/exchange=NSE/symbol=HDFCBANK/part-065842_674517-026476.parquet,real_data_sample\l2_unseen_validation\trade_date=2026-07-17\exchange=NSE\symbol=HDFCBANK\part-065842_674517-026476.parquet,35399,downloaded,35399,
2026-07-17,NSE,HDFCBANK,raw_l2/trade_date=2026-07-17/exchange=NSE/symbol=HDFCBANK/part-065703_264812-026252.parquet,real_data_sample\l2_unseen_validation\trade_date=2026-07-17\exchange=NSE\symbol=HDFCBANK\part-065703_264812-026252.parquet,35965,downloaded,35965,
2026-07-17,NSE,HDFCBANK,raw_l2/trade_date=2026-07-17/exchange=NSE/symbol=HDFCBANK/part-065649_312873-026220.parquet,real_data_sample\l2_unseen_validation\trade_date=2026-07-17\exchange=NSE\symbol=HDFCBANK\part-065649_312873-026220.parquet,36201,downloaded,36201,
2026-07-17,NSE,HDFCBANK,raw_l2/trade_date=2026-07-17/exchange=NSE/symbol=HDFCBANK/part-065759_620086-026380.parquet,real_data_sample\l2_unseen_validation\trade_date=2026-07-17\exchange=NSE\symbol=HDFCBANK\part-065759_620086-026380.parquet,35680,downloaded,35680,
2026-07-17,NSE,HDFCBANK,raw_l2/trade_date=2026-07-17/exchange=NSE/symbol=HDFCBANK/part-065828_174086-026444.parquet,real_data_sample\l2_unseen_validation\trade_date=2026-07-17\exchange=NSE\symbol=HDFCBANK\part-065828_174086-026444.parquet,35840,downloaded,35840,
2026-07-17,NSE,HDFCBANK,raw_l2/trade_date=2026-07-17/exchange=NSE/symbol=HDFCBANK/part-065925_490724-026572.parquet,real_data_sample\l2_unseen_validation\trade_date=2026-07-17\exchange=NSE\symbol=HDFCBANK\part-065925_490724-026572.parquet,34854,downloaded,34854,
2026-07-17,NSE,HDFCBANK,raw_l2/trade_date=2026-07-17/exchange=NSE/symbol=HDFCBANK/part-065911_086249-026540.parquet,real_data_sample\l2_unseen_validation\trade_date=2026-07-17\exchange=NSE\symbol=HDFCBANK\part-065911_086249-026540.parquet,36012,downloaded,36012,
2026-07-17,NSE,HDFCBANK,raw_l2/trade_date=2026-07-17/exchange=NSE/symbol=HDFCBANK/part-065856_849199-026508.parquet,real_data_sample\l2_unseen_validation\trade_date=2026-07-17\exchange=NSE\symbol=HDFCBANK\part-065856_849199-026508.parquet,35676,downloaded,35676,
2026-07-17,NSE,HDFCBANK,raw_l2/trade_date=2026-07-17/exchange=NSE/symbol=HDFCBANK/part-070024_155189-026700.parquet,real_data_sample\l2_unseen_validation\trade_date=2026-07-17\exchange=NSE\symbol=HDFCBANK\part-070024_155189-026700.parquet,36136,downloaded,36136,
2026-07-17,NSE,HDFCBANK,raw_l2/trade_date=2026-07-17/exchange=NSE/symbol=HDFCBANK/part-065940_316524-026604.parquet,real_data_sample\l2_unseen_validation\trade_date=2026-07-17\exchange=NSE\symbol=HDFCBANK\part-065940_316524-026604.parquet,34916,downloaded,34916,
2026-07-17,NSE,HDFCBANK,raw_l2/trade_date=2026-07-17/exchange=NSE/symbol=HDFCBANK/part-070152_283385-026892.parquet,real_data_sample\l2_unseen_validation\trade_date=2026-07-17\exchange=NSE\symbol=HDFCBANK\part-070152_283385-026892.parquet,36535,downloaded,36535,
2026-07-17,NSE,HDFCBANK,raw_l2/trade_date=2026-07-17/exchange=NSE/symbol=HDFCBANK/part-070038_378685-026732.parquet,real_data_sample\l2_unseen_validation\trade_date=2026-07-17\exchange=NSE\symbol=HDFCBANK\part-070038_378685-026732.parquet,36333,downloaded,36333,
2026-07-17,NSE,HDFCBANK,raw_l2/trade_date=2026-07-17/exchange=NSE/symbol=HDFCBANK/part-070137_153185-026860.parquet,real_data_sample\l2_unseen_validation\trade_date=2026-07-17\exchange=NSE\symbol=HDFCBANK\part-070137_153185-026860.parquet,36272,downloaded,36272,
2026-07-17,NSE,HDFCBANK,raw_l2/trade_date=2026-07-17/exchange=NSE/symbol=HDFCBANK/part-070236_146379-026988.parquet,real_data_sample\l2_unseen_validation\trade_date=2026-07-17\exchange=NSE\symbol=HDFCBANK\part-070236_146379-026988.parquet,36562,downloaded,36562,
2026-07-17,NSE,HDFCBANK,raw_l2/trade_date=2026-07-17/exchange=NSE/symbol=HDFCBANK/part-070320_540778-027084.parquet,real_data_sample\l2_unseen_validation\trade_date=2026-07-17\exchange=NSE\symbol=HDFCBANK\part-070320_540778-027084.parquet,35919,downloaded,35919,
2026-07-17,NSE,HDFCBANK,raw_l2/trade_date=2026-07-17/exchange=NSE/symbol=HDFCBANK/part-070221_421675-026956.parquet,real_data_sample\l2_unseen_validation\trade_date=2026-07-17\exchange=NSE\symbol=HDFCBANK\part-070221_421675-026956.parquet,36216,downloaded,36216,
2026-07-17,NSE,HDFCBANK,raw_l2/trade_date=2026-07-17/exchange=NSE/symbol=HDFCBANK/part-070122_501583-026828.parquet,real_data_sample\l2_unseen_validation\trade_date=2026-07-17\exchange=NSE\symbol=HDFCBANK\part-070122_501583-026828.parquet,36449,downloaded,36449,
2026-07-17,NSE,HDFCBANK,raw_l2/trade_date=2026-07-17/exchange=NSE/symbol=HDFCBANK/part-065954_897973-026636.parquet,real_data_sample\l2_unseen_validation\trade_date=2026-07-17\exchange=NSE\symbol=HDFCBANK\part-065954_897973-026636.parquet,34715,downloaded,34715,
2026-07-17,NSE,HDFCBANK,raw_l2/trade_date=2026-07-17/exchange=NSE/symbol=HDFCBANK/part-070009_627977-026668.parquet,real_data_sample\l2_unseen_validation\trade_date=2026-07-17\exchange=NSE\symbol=HDFCBANK\part-070009_627977-026668.parquet,35130,downloaded,35130,
2026-07-17,NSE,HDFCBANK,raw_l2/trade_date=2026-07-17/exchange=NSE/symbol=HDFCBANK/part-070250_779783-027020.parquet,real_data_sample\l2_unseen_validation\trade_date=2026-07-17\exchange=NSE\symbol=HDFCBANK\part-070250_779783-027020.parquet,36392,downloaded,36392,
2026-07-17,NSE,HDFCBANK,raw_l2/trade_date=2026-07-17/exchange=NSE/symbol=HDFCBANK/part-070107_864545-026796.parquet,real_data_sample\l2_unseen_validation\trade_date=2026-07-17\exchange=NSE\symbol=HDFCBANK\part-070107_864545-026796.parquet,36350,downloaded,36350,
2026-07-17,NSE,HDFCBANK,raw_l2/trade_date=2026-07-17/exchange=NSE/symbol=HDFCBANK/part-070053_025030-026764.parquet,real_data_sample\l2_unseen_validation\trade_date=2026-07-17\exchange=NSE\symbol=HDFCBANK\part-070053_025030-026764.parquet,35986,downloaded,35986,
2026-07-17,NSE,HDFCBANK,raw_l2/trade_date=2026-07-17/exchange=NSE/symbol=HDFCBANK/part-070206_691407-026924.parquet,real_data_sample\l2_unseen_validation\trade_date=2026-07-17\exchange=NSE\symbol=HDFCBANK\part-070206_691407-026924.parquet,36247,downloaded,36247,
2026-07-17,NSE,HDFCBANK,raw_l2/trade_date=2026-07-17/exchange=NSE/symbol=HDFCBANK/part-070334_965789-027116.parquet,real_data_sample\l2_unseen_validation\trade_date=2026-07-17\exchange=NSE\symbol=HDFCBANK\part-070334_965789-027116.parquet,36135,downloaded,36135,
2026-07-17,NSE,HDFCBANK,raw_l2/trade_date=2026-07-17/exchange=NSE/symbol=HDFCBANK/part-070349_213211-027148.parquet,real_data_sample\l2_unseen_validation\trade_date=2026-07-17\exchange=NSE\symbol=HDFCBANK\part-070349_213211-027148.parquet,35568,downloaded,35568,
2026-07-17,NSE,HDFCBANK,raw_l2/trade_date=2026-07-17/exchange=NSE/symbol=HDFCBANK/part-070305_782417-027052.parquet,real_data_sample\l2_unseen_validation\trade_date=2026-07-17\exchange=NSE\symbol=HDFCBANK\part-070305_782417-027052.parquet,36466,downloaded,36466,
2026-07-17,NSE,HDFCBANK,raw_l2/trade_date=2026-07-17/exchange=NSE/symbol=HDFCBANK/part-070403_670521-027180.parquet,real_data_sample\l2_unseen_validation\trade_date=2026-07-17\exchange=NSE\symbol=HDFCBANK\part-070403_670521-027180.parquet,35599,downloaded,35599,
2026-07-17,NSE,HDFCBANK,raw_l2/trade_date=2026-07-17/exchange=NSE/symbol=HDFCBANK/part-070432_117549-027244.parquet,real_data_sample\l2_unseen_validation\trade_date=2026-07-17\exchange=NSE\symbol=HDFCBANK\part-070432_117549-027244.parquet,36047,downloaded,36047,
2026-07-17,NSE,HDFCBANK,raw_l2/trade_date=2026-07-17/exchange=NSE/symbol=HDFCBANK/part-070417_901536-027212.parquet,real_data_sample\l2_unseen_validation\trade_date=2026-07-17\exchange=NSE\symbol=HDFCBANK\part-070417_901536-027212.parquet,36275,downloaded,36275,
2026-07-17,NSE,HDFCBANK,raw_l2/trade_date=2026-07-17/exchange=NSE/symbol=HDFCBANK/part-070446_364092-027276.parquet,real_data_sample\l2_unseen_validation\trade_date=2026-07-17\exchange=NSE\symbol=HDFCBANK\part-070446_364092-027276.parquet,36113,downloaded,36113,
2026-07-17,NSE,HDFCBANK,raw_l2/trade_date=2026-07-17/exchange=NSE/symbol=HDFCBANK/part-070500_828527-027308.parquet,real_data_sample\l2_unseen_validation\trade_date=2026-07-17\exchange=NSE\symbol=HDFCBANK\part-070500_828527-027308.parquet,36369,downloaded,36369,
2026-07-17,NSE,HDFCBANK,raw_l2/trade_date=2026-07-17/exchange=NSE/symbol=HDFCBANK/part-070544_448456-027404.parquet,real_data_sample\l2_unseen_validation\trade_date=2026-07-17\exchange=NSE\symbol=HDFCBANK\part-070544_448456-027404.parquet,35996,downloaded,35996,
2026-07-17,NSE,HDFCBANK,raw_l2/trade_date=2026-07-17/exchange=NSE/symbol=HDFCBANK/part-070558_633671-027436.parquet,real_data_sample\l2_unseen_validation\trade_date=2026-07-17\exchange=NSE\symbol=HDFCBANK\part-070558_633671-027436.parquet,35684,downloaded,35684,
2026-07-17,NSE,HDFCBANK,raw_l2/trade_date=2026-07-17/exchange=NSE/symbol=HDFCBANK/part-070529_995552-027372.parquet,real_data_sample\l2_unseen_validation\trade_date=2026-07-17\exchange=NSE\symbol=HDFCBANK\part-070529_995552-027372.parquet,35838,downloaded,35838,
2026-07-17,NSE,HDFCBANK,raw_l2/trade_date=2026-07-17/exchange=NSE/symbol=HDFCBANK/part-070627_392814-027500.parquet,real_data_sample\l2_unseen_validation\trade_date=2026-07-17\exchange=NSE\symbol=HDFCBANK\part-070627_392814-027500.parquet,36234,downloaded,36234,
2026-07-17,NSE,HDFCBANK,raw_l2/trade_date=2026-07-17/exchange=NSE/symbol=HDFCBANK/part-070515_471665-027340.parquet,real_data_sample\l2_unseen_validation\trade_date=2026-07-17\exchange=NSE\symbol=HDFCBANK\part-070515_471665-027340.parquet,36041,downloaded,36041,
2026-07-17,NSE,HDFCBANK,raw_l2/trade_date=2026-07-17/exchange=NSE/symbol=HDFCBANK/part-070613_068474-027468.parquet,real_data_sample\l2_unseen_validation\trade_date=2026-07-17\exchange=NSE\symbol=HDFCBANK\part-070613_068474-027468.parquet,35869,downloaded,35869,
2026-07-17,NSE,HDFCBANK,raw_l2/trade_date=2026-07-17/exchange=NSE/symbol=HDFCBANK/part-070656_089694-027564.parquet,real_data_sample\l2_unseen_validation\trade_date=2026-07-17\exchange=NSE\symbol=HDFCBANK\part-070656_089694-027564.parquet,35693,downloaded,35693,
2026-07-17,NSE,HDFCBANK,raw_l2/trade_date=2026-07-17/exchange=NSE/symbol=HDFCBANK/part-070641_849515-027532.parquet,real_data_sample\l2_unseen_validation\trade_date=2026-07-17\exchange=NSE\symbol=HDFCBANK\part-070641_849515-027532.parquet,36259,downloaded,36259,
2026-07-17,NSE,HDFCBANK,raw_l2/trade_date=2026-07-17/exchange=NSE/symbol=HDFCBANK/part-070710_384306-027596.parquet,real_data_sample\l2_unseen_validation\trade_date=2026-07-17\exchange=NSE\symbol=HDFCBANK\part-070710_384306-027596.parquet,36027,downloaded,36027,
2026-07-17,NSE,HDFCBANK,raw_l2/trade_date=2026-07-17/exchange=NSE/symbol=HDFCBANK/part-070724_673063-027628.parquet,real_data_sample\l2_unseen_validation\trade_date=2026-07-17\exchange=NSE\symbol=HDFCBANK\part-070724_673063-027628.parquet,35523,downloaded,35523,
2026-07-17,NSE,HDFCBANK,raw_l2/trade_date=2026-07-17/exchange=NSE/symbol=HDFCBANK/part-070738_848960-027660.parquet,real_data_sample\l2_unseen_validation\trade_date=2026-07-17\exchange=NSE\symbol=HDFCBANK\part-070738_848960-027660.parquet,35405,downloaded,35405,
2026-07-17,NSE,HDFCBANK,raw_l2/trade_date=2026-07-17/exchange=NSE/symbol=HDFCBANK/part-070753_092719-027692.parquet,real_data_sample\l2_unseen_validation\trade_date=2026-07-17\exchange=NSE\symbol=HDFCBANK\part-070753_092719-027692.parquet,36636,downloaded,36636,
2026-07-17,NSE,HDFCBANK,raw_l2/trade_date=2026-07-17/exchange=NSE/symbol=HDFCBANK/part-070835_470509-027788.parquet,real_data_sample\l2_unseen_validation\trade_date=2026-07-17\exchange=NSE\symbol=HDFCBANK\part-070835_470509-027788.parquet,36248,downloaded,36248,
2026-07-17,NSE,HDFCBANK,raw_l2/trade_date=2026-07-17/exchange=NSE/symbol=HDFCBANK/part-071142_894915-028204.parquet,real_data_sample\l2_unseen_validation\trade_date=2026-07-17\exchange=NSE\symbol=HDFCBANK\part-071142_894915-028204.parquet,36358,downloaded,36358,
2026-07-17,NSE,HDFCBANK,raw_l2/trade_date=2026-07-17/exchange=NSE/symbol=HDFCBANK/part-071157_454342-028236.parquet,real_data_sample\l2_unseen_validation\trade_date=2026-07-17\exchange=NSE\symbol=HDFCBANK\part-071157_454342-028236.parquet,35988,downloaded,35988,
2026-07-17,NSE,HDFCBANK,raw_l2/trade_date=2026-07-17/exchange=NSE/symbol=HDFCBANK/part-070904_273723-027852.parquet,real_data_sample\l2_unseen_validation\trade_date=2026-07-17\exchange=NSE\symbol=HDFCBANK\part-070904_273723-027852.parquet,35825,downloaded,35825,
2026-07-17,NSE,HDFCBANK,raw_l2/trade_date=2026-07-17/exchange=NSE/symbol=HDFCBANK/part-071211_842936-028268.parquet,real_data_sample\l2_unseen_validation\trade_date=2026-07-17\exchange=NSE\symbol=HDFCBANK\part-071211_842936-028268.parquet,35905,downloaded,35905,
2026-07-17,NSE,HDFCBANK,raw_l2/trade_date=2026-07-17/exchange=NSE/symbol=HDFCBANK/part-070807_048088-027724.parquet,real_data_sample\l2_unseen_validation\trade_date=2026-07-17\exchange=NSE\symbol=HDFCBANK\part-070807_048088-027724.parquet,35846,downloaded,35846,
2026-07-17,NSE,HDFCBANK,raw_l2/trade_date=2026-07-17/exchange=NSE/symbol=HDFCBANK/part-070933_305978-027916.parquet,real_data_sample\l2_unseen_validation\trade_date=2026-07-17\exchange=NSE\symbol=HDFCBANK\part-070933_305978-027916.parquet,35646,downloaded,35646,
2026-07-17,NSE,HDFCBANK,raw_l2/trade_date=2026-07-17/exchange=NSE/symbol=HDFCBANK/part-070821_133309-027756.parquet,real_data_sample\l2_unseen_validation\trade_date=2026-07-17\exchange=NSE\symbol=HDFCBANK\part-070821_133309-027756.parquet,36131,downloaded,36131,
2026-07-17,NSE,HDFCBANK,raw_l2/trade_date=2026-07-17/exchange=NSE/symbol=HDFCBANK/part-070947_910963-027948.parquet,real_data_sample\l2_unseen_validation\trade_date=2026-07-17\exchange=NSE\symbol=HDFCBANK\part-070947_910963-027948.parquet,35759,downloaded,35759,
2026-07-17,NSE,HDFCBANK,raw_l2/trade_date=2026-07-17/exchange=NSE/symbol=HDFCBANK/part-071226_432648-028300.parquet,real_data_sample\l2_unseen_validation\trade_date=2026-07-17\exchange=NSE\symbol=HDFCBANK\part-071226_432648-028300.parquet,36349,downloaded,36349,
2026-07-17,NSE,HDFCBANK,raw_l2/trade_date=2026-07-17/exchange=NSE/symbol=HDFCBANK/part-071030_369168-028044.parquet,real_data_sample\l2_unseen_validation\trade_date=2026-07-17\exchange=NSE\symbol=HDFCBANK\part-071030_369168-028044.parquet,36518,downloaded,36518,
2026-07-17,NSE,HDFCBANK,raw_l2/trade_date=2026-07-17/exchange=NSE/symbol=HDFCBANK/part-070918_575219-027884.parquet,real_data_sample\l2_unseen_validation\trade_date=2026-07-17\exchange=NSE\symbol=HDFCBANK\part-070918_575219-027884.parquet,36479,downloaded,36479,
2026-07-17,NSE,HDFCBANK,raw_l2/trade_date=2026-07-17/exchange=NSE/symbol=HDFCBANK/part-071255_169361-028364.parquet,real_data_sample\l2_unseen_validation\trade_date=2026-07-17\exchange=NSE\symbol=HDFCBANK\part-071255_169361-028364.parquet,35707,downloaded,35707,
2026-07-17,NSE,HDFCBANK,raw_l2/trade_date=2026-07-17/exchange=NSE/symbol=HDFCBANK/part-071016_328394-028012.parquet,real_data_sample\l2_unseen_validation\trade_date=2026-07-17\exchange=NSE\symbol=HDFCBANK\part-071016_328394-028012.parquet,36342,downloaded,36342,
2026-07-17,NSE,HDFCBANK,raw_l2/trade_date=2026-07-17/exchange=NSE/symbol=HDFCBANK/part-071002_141719-027980.parquet,real_data_sample\l2_unseen_validation\trade_date=2026-07-17\exchange=NSE\symbol=HDFCBANK\part-071002_141719-027980.parquet,35941,downloaded,35941,
2026-07-17,NSE,HDFCBANK,raw_l2/trade_date=2026-07-17/exchange=NSE/symbol=HDFCBANK/part-071059_217376-028108.parquet,real_data_sample\l2_unseen_validation\trade_date=2026-07-17\exchange=NSE\symbol=HDFCBANK\part-071059_217376-028108.parquet,36189,downloaded,36189,
2026-07-17,NSE,HDFCBANK,raw_l2/trade_date=2026-07-17/exchange=NSE/symbol=HDFCBANK/part-071128_309584-028172.parquet,real_data_sample\l2_unseen_validation\trade_date=2026-07-17\exchange=NSE\symbol=HDFCBANK\part-071128_309584-028172.parquet,36196,downloaded,36196,
2026-07-17,NSE,HDFCBANK,raw_l2/trade_date=2026-07-17/exchange=NSE/symbol=HDFCBANK/part-071044_525074-028076.parquet,real_data_sample\l2_unseen_validation\trade_date=2026-07-17\exchange=NSE\symbol=HDFCBANK\part-071044_525074-028076.parquet,36338,downloaded,36338,
2026-07-17,NSE,HDFCBANK,raw_l2/trade_date=2026-07-17/exchange=NSE/symbol=HDFCBANK/part-071337_929519-028460.parquet,real_data_sample\l2_unseen_validation\trade_date=2026-07-17\exchange=NSE\symbol=HDFCBANK\part-071337_929519-028460.parquet,35666,downloaded,35666,
2026-07-17,NSE,HDFCBANK,raw_l2/trade_date=2026-07-17/exchange=NSE/symbol=HDFCBANK/part-071309_334374-028396.parquet,real_data_sample\l2_unseen_validation\trade_date=2026-07-17\exchange=NSE\symbol=HDFCBANK\part-071309_334374-028396.parquet,35414,downloaded,35414,
2026-07-17,NSE,HDFCBANK,raw_l2/trade_date=2026-07-17/exchange=NSE/symbol=HDFCBANK/part-071323_659299-028428.parquet,real_data_sample\l2_unseen_validation\trade_date=2026-07-17\exchange=NSE\symbol=HDFCBANK\part-071323_659299-028428.parquet,35891,downloaded,35891,
2026-07-17,NSE,HDFCBANK,raw_l2/trade_date=2026-07-17/exchange=NSE/symbol=HDFCBANK/part-071240_852055-028332.parquet,real_data_sample\l2_unseen_validation\trade_date=2026-07-17\exchange=NSE\symbol=HDFCBANK\part-071240_852055-028332.parquet,35636,downloaded,35636,
2026-07-17,NSE,HDFCBANK,raw_l2/trade_date=2026-07-17/exchange=NSE/symbol=HDFCBANK/part-071406_621918-028524.parquet,real_data_sample\l2_unseen_validation\trade_date=2026-07-17\exchange=NSE\symbol=HDFCBANK\part-071406_621918-028524.parquet,35657,downloaded,35657,
2026-07-17,NSE,HDFCBANK,raw_l2/trade_date=2026-07-17/exchange=NSE/symbol=HDFCBANK/part-071352_384077-028492.parquet,real_data_sample\l2_unseen_validation\trade_date=2026-07-17\exchange=NSE\symbol=HDFCBANK\part-071352_384077-028492.parquet,35417,downloaded,35417,
2026-07-17,NSE,HDFCBANK,raw_l2/trade_date=2026-07-17/exchange=NSE/symbol=HDFCBANK/part-071420_897663-028556.parquet,real_data_sample\l2_unseen_validation\trade_date=2026-07-17\exchange=NSE\symbol=HDFCBANK\part-071420_897663-028556.parquet,35151,downloaded,35151,
2026-07-17,NSE,HDFCBANK,raw_l2/trade_date=2026-07-17/exchange=NSE/symbol=HDFCBANK/part-071449_492065-028620.parquet,real_data_sample\l2_unseen_validation\trade_date=2026-07-17\exchange=NSE\symbol=HDFCBANK\part-071449_492065-028620.parquet,34836,downloaded,34836,
2026-07-17,NSE,HDFCBANK,raw_l2/trade_date=2026-07-17/exchange=NSE/symbol=HDFCBANK/part-071503_917800-028652.parquet,real_data_sample\l2_unseen_validation\trade_date=2026-07-17\exchange=NSE\symbol=HDFCBANK\part-071503_917800-028652.parquet,34717,downloaded,34717,
2026-07-17,NSE,HDFCBANK,raw_l2/trade_date=2026-07-17/exchange=NSE/symbol=HDFCBANK/part-071435_109831-028588.parquet,real_data_sample\l2_unseen_validation\trade_date=2026-07-17\exchange=NSE\symbol=HDFCBANK\part-071435_109831-028588.parquet,34784,downloaded,34784,
2026-07-17,NSE,HDFCBANK,raw_l2/trade_date=2026-07-17/exchange=NSE/symbol=HDFCBANK/part-071532_740668-028716.parquet,real_data_sample\l2_unseen_validation\trade_date=2026-07-17\exchange=NSE\symbol=HDFCBANK\part-071532_740668-028716.parquet,34967,downloaded,34967,
2026-07-17,NSE,HDFCBANK,raw_l2/trade_date=2026-07-17/exchange=NSE/symbol=HDFCBANK/part-071547_200191-028748.parquet,real_data_sample\l2_unseen_validation\trade_date=2026-07-17\exchange=NSE\symbol=HDFCBANK\part-071547_200191-028748.parquet,34833,downloaded,34833,
2026-07-17,NSE,HDFCBANK,raw_l2/trade_date=2026-07-17/exchange=NSE/symbol=HDFCBANK/part-071518_431373-028684.parquet,real_data_sample\l2_unseen_validation\trade_date=2026-07-17\exchange=NSE\symbol=HDFCBANK\part-071518_431373-028684.parquet,34809,downloaded,34809,
2026-07-17,NSE,HDFCBANK,raw_l2/trade_date=2026-07-17/exchange=NSE/symbol=HDFCBANK/part-071601_615071-028780.parquet,real_data_sample\l2_unseen_validation\trade_date=2026-07-17\exchange=NSE\symbol=HDFCBANK\part-071601_615071-028780.parquet,34979,downloaded,34979,
2026-07-17,NSE,HDFCBANK,raw_l2/trade_date=2026-07-17/exchange=NSE/symbol=HDFCBANK/part-071658_565599-028908.parquet,real_data_sample\l2_unseen_validation\trade_date=2026-07-17\exchange=NSE\symbol=HDFCBANK\part-071658_565599-028908.parquet,35095,downloaded,35095,
2026-07-17,NSE,HDFCBANK,raw_l2/trade_date=2026-07-17/exchange=NSE/symbol=HDFCBANK/part-071644_364156-028876.parquet,real_data_sample\l2_unseen_validation\trade_date=2026-07-17\exchange=NSE\symbol=HDFCBANK\part-071644_364156-028876.parquet,34907,downloaded,34907,
2026-07-17,NSE,HDFCBANK,raw_l2/trade_date=2026-07-17/exchange=NSE/symbol=HDFCBANK/part-072144_800538-029548.parquet,real_data_sample\l2_unseen_validation\trade_date=2026-07-17\exchange=NSE\symbol=HDFCBANK\part-072144_800538-029548.parquet,35921,downloaded,35921,
2026-07-17,NSE,HDFCBANK,raw_l2/trade_date=2026-07-17/exchange=NSE/symbol=HDFCBANK/part-071726_776702-028972.parquet,real_data_sample\l2_unseen_validation\trade_date=2026-07-17\exchange=NSE\symbol=HDFCBANK\part-071726_776702-028972.parquet,35814,downloaded,35814,
2026-07-17,NSE,HDFCBANK,raw_l2/trade_date=2026-07-17/exchange=NSE/symbol=HDFCBANK/part-072158_989734-029580.parquet,real_data_sample\l2_unseen_validation\trade_date=2026-07-17\exchange=NSE\symbol=HDFCBANK\part-072158_989734-029580.parquet,35386,downloaded,35386,
2026-07-17,NSE,HDFCBANK,raw_l2/trade_date=2026-07-17/exchange=NSE/symbol=HDFCBANK/part-071630_118699-028844.parquet,real_data_sample\l2_unseen_validation\trade_date=2026-07-17\exchange=NSE\symbol=HDFCBANK\part-071630_118699-028844.parquet,34909,downloaded,34909,
2026-07-17,NSE,HDFCBANK,raw_l2/trade_date=2026-07-17/exchange=NSE/symbol=HDFCBANK/part-071838_485946-029132.parquet,real_data_sample\l2_unseen_validation\trade_date=2026-07-17\exchange=NSE\symbol=HDFCBANK\part-071838_485946-029132.parquet,35593,downloaded,35593,
2026-07-17,NSE,HDFCBANK,raw_l2/trade_date=2026-07-17/exchange=NSE/symbol=HDFCBANK/part-071755_373258-029036.parquet,real_data_sample\l2_unseen_validation\trade_date=2026-07-17\exchange=NSE\symbol=HDFCBANK\part-071755_373258-029036.parquet,35525,downloaded,35525,
2026-07-17,NSE,HDFCBANK,raw_l2/trade_date=2026-07-17/exchange=NSE/symbol=HDFCBANK/part-072019_630323-029356.parquet,real_data_sample\l2_unseen_validation\trade_date=2026-07-17\exchange=NSE\symbol=HDFCBANK\part-072019_630323-029356.parquet,36136,downloaded,36136,
2026-07-17,NSE,HDFCBANK,raw_l2/trade_date=2026-07-17/exchange=NSE/symbol=HDFCBANK/part-071741_090312-029004.parquet,real_data_sample\l2_unseen_validation\trade_date=2026-07-17\exchange=NSE\symbol=HDFCBANK\part-071741_090312-029004.parquet,35591,downloaded,35591,
2026-07-17,NSE,HDFCBANK,raw_l2/trade_date=2026-07-17/exchange=NSE/symbol=HDFCBANK/part-071615_872542-028812.parquet,real_data_sample\l2_unseen_validation\trade_date=2026-07-17\exchange=NSE\symbol=HDFCBANK\part-071615_872542-028812.parquet,34860,downloaded,34860,
2026-07-17,NSE,HDFCBANK,raw_l2/trade_date=2026-07-17/exchange=NSE/symbol=HDFCBANK/part-071853_547176-029164.parquet,real_data_sample\l2_unseen_validation\trade_date=2026-07-17\exchange=NSE\symbol=HDFCBANK\part-071853_547176-029164.parquet,35937,downloaded,35937,
2026-07-17,NSE,HDFCBANK,raw_l2/trade_date=2026-07-17/exchange=NSE/symbol=HDFCBANK/part-071809_730968-029068.parquet,real_data_sample\l2_unseen_validation\trade_date=2026-07-17\exchange=NSE\symbol=HDFCBANK\part-071809_730968-029068.parquet,35560,downloaded,35560,
2026-07-17,NSE,HDFCBANK,raw_l2/trade_date=2026-07-17/exchange=NSE/symbol=HDFCBANK/part-071908_357058-029196.parquet,real_data_sample\l2_unseen_validation\trade_date=2026-07-17\exchange=NSE\symbol=HDFCBANK\part-071908_357058-029196.parquet,36084,downloaded,36084,
2026-07-17,NSE,HDFCBANK,raw_l2/trade_date=2026-07-17/exchange=NSE/symbol=HDFCBANK/part-071922_538388-029228.parquet,real_data_sample\l2_unseen_validation\trade_date=2026-07-17\exchange=NSE\symbol=HDFCBANK\part-071922_538388-029228.parquet,35683,downloaded,35683,
2026-07-17,NSE,HDFCBANK,raw_l2/trade_date=2026-07-17/exchange=NSE/symbol=HDFCBANK/part-072130_718465-029516.parquet,real_data_sample\l2_unseen_validation\trade_date=2026-07-17\exchange=NSE\symbol=HDFCBANK\part-072130_718465-029516.parquet,35972,downloaded,35972,
2026-07-17,NSE,HDFCBANK,raw_l2/trade_date=2026-07-17/exchange=NSE/symbol=HDFCBANK/part-071824_140952-029100.parquet,real_data_sample\l2_unseen_validation\trade_date=2026-07-17\exchange=NSE\symbol=HDFCBANK\part-071824_140952-029100.parquet,36181,downloaded,36181,
2026-07-17,NSE,HDFCBANK,raw_l2/trade_date=2026-07-17/exchange=NSE/symbol=HDFCBANK/part-072005_263610-029324.parquet,real_data_sample\l2_unseen_validation\trade_date=2026-07-17\exchange=NSE\symbol=HDFCBANK\part-072005_263610-029324.parquet,35566,downloaded,35566,
2026-07-17,NSE,HDFCBANK,raw_l2/trade_date=2026-07-17/exchange=NSE/symbol=HDFCBANK/part-071712_665976-028940.parquet,real_data_sample\l2_unseen_validation\trade_date=2026-07-17\exchange=NSE\symbol=HDFCBANK\part-071712_665976-028940.parquet,34929,downloaded,34929,
2026-07-17,NSE,HDFCBANK,raw_l2/trade_date=2026-07-17/exchange=NSE/symbol=HDFCBANK/part-071951_097637-029292.parquet,real_data_sample\l2_unseen_validation\trade_date=2026-07-17\exchange=NSE\symbol=HDFCBANK\part-071951_097637-029292.parquet,35609,downloaded,35609,
2026-07-17,NSE,HDFCBANK,raw_l2/trade_date=2026-07-17/exchange=NSE/symbol=HDFCBANK/part-072033_934299-029388.parquet,real_data_sample\l2_unseen_validation\trade_date=2026-07-17\exchange=NSE\symbol=HDFCBANK\part-072033_934299-029388.parquet,36005,downloaded,36005,
2026-07-17,NSE,HDFCBANK,raw_l2/trade_date=2026-07-17/exchange=NSE/symbol=HDFCBANK/part-072213_873580-029612.parquet,real_data_sample\l2_unseen_validation\trade_date=2026-07-17\exchange=NSE\symbol=HDFCBANK\part-072213_873580-029612.parquet,35573,downloaded,35573,
2026-07-17,NSE,HDFCBANK,raw_l2/trade_date=2026-07-17/exchange=NSE/symbol=HDFCBANK/part-071936_876409-029260.parquet,real_data_sample\l2_unseen_validation\trade_date=2026-07-17\exchange=NSE\symbol=HDFCBANK\part-071936_876409-029260.parquet,35868,downloaded,35868,
2026-07-17,NSE,HDFCBANK,raw_l2/trade_date=2026-07-17/exchange=NSE/symbol=HDFCBANK/part-072116_571202-029484.parquet,real_data_sample\l2_unseen_validation\trade_date=2026-07-17\exchange=NSE\symbol=HDFCBANK\part-072116_571202-029484.parquet,36130,downloaded,36130,
2026-07-17,NSE,HDFCBANK,raw_l2/trade_date=2026-07-17/exchange=NSE/symbol=HDFCBANK/part-072102_384627-029452.parquet,real_data_sample\l2_unseen_validation\trade_date=2026-07-17\exchange=NSE\symbol=HDFCBANK\part-072102_384627-029452.parquet,35586,downloaded,35586,
2026-07-17,NSE,HDFCBANK,raw_l2/trade_date=2026-07-17/exchange=NSE/symbol=HDFCBANK/part-072048_174060-029420.parquet,real_data_sample\l2_unseen_validation\trade_date=2026-07-17\exchange=NSE\symbol=HDFCBANK\part-072048_174060-029420.parquet,35449,downloaded,35449,
2026-07-17,NSE,HDFCBANK,raw_l2/trade_date=2026-07-17/exchange=NSE/symbol=HDFCBANK/part-072227_889109-029644.parquet,real_data_sample\l2_unseen_validation\trade_date=2026-07-17\exchange=NSE\symbol=HDFCBANK\part-072227_889109-029644.parquet,35444,downloaded,35444,
2026-07-17,NSE,HDFCBANK,raw_l2/trade_date=2026-07-17/exchange=NSE/symbol=HDFCBANK/part-072242_176513-029676.parquet,real_data_sample\l2_unseen_validation\trade_date=2026-07-17\exchange=NSE\symbol=HDFCBANK\part-072242_176513-029676.parquet,35751,downloaded,35751,
2026-07-17,NSE,HDFCBANK,raw_l2/trade_date=2026-07-17/exchange=NSE/symbol=HDFCBANK/part-072256_366154-029708.parquet,real_data_sample\l2_unseen_validation\trade_date=2026-07-17\exchange=NSE\symbol=HDFCBANK\part-072256_366154-029708.parquet,35706,downloaded,35706,
2026-07-17,NSE,HDFCBANK,raw_l2/trade_date=2026-07-17/exchange=NSE/symbol=HDFCBANK/part-072353_674763-029836.parquet,real_data_sample\l2_unseen_validation\trade_date=2026-07-17\exchange=NSE\symbol=HDFCBANK\part-072353_674763-029836.parquet,36155,downloaded,36155,
2026-07-17,NSE,HDFCBANK,raw_l2/trade_date=2026-07-17/exchange=NSE/symbol=HDFCBANK/part-072422_072703-029900.parquet,real_data_sample\l2_unseen_validation\trade_date=2026-07-17\exchange=NSE\symbol=HDFCBANK\part-072422_072703-029900.parquet,35951,downloaded,35951,
2026-07-17,NSE,HDFCBANK,raw_l2/trade_date=2026-07-17/exchange=NSE/symbol=HDFCBANK/part-072339_393382-029804.parquet,real_data_sample\l2_unseen_validation\trade_date=2026-07-17\exchange=NSE\symbol=HDFCBANK\part-072339_393382-029804.parquet,35844,downloaded,35844,
2026-07-17,NSE,HDFCBANK,raw_l2/trade_date=2026-07-17/exchange=NSE/symbol=HDFCBANK/part-072310_695976-029740.parquet,real_data_sample\l2_unseen_validation\trade_date=2026-07-17\exchange=NSE\symbol=HDFCBANK\part-072310_695976-029740.parquet,35480,downloaded,35480,
2026-07-17,NSE,HDFCBANK,raw_l2/trade_date=2026-07-17/exchange=NSE/symbol=HDFCBANK/part-072756_685830-030380.parquet,real_data_sample\l2_unseen_validation\trade_date=2026-07-17\exchange=NSE\symbol=HDFCBANK\part-072756_685830-030380.parquet,36260,downloaded,36260,
2026-07-17,NSE,HDFCBANK,raw_l2/trade_date=2026-07-17/exchange=NSE/symbol=HDFCBANK/part-072407_867938-029868.parquet,real_data_sample\l2_unseen_validation\trade_date=2026-07-17\exchange=NSE\symbol=HDFCBANK\part-072407_867938-029868.parquet,35869,downloaded,35869,
2026-07-17,NSE,HDFCBANK,raw_l2/trade_date=2026-07-17/exchange=NSE/symbol=HDFCBANK/part-072811_230460-030412.parquet,real_data_sample\l2_unseen_validation\trade_date=2026-07-17\exchange=NSE\symbol=HDFCBANK\part-072811_230460-030412.parquet,35946,downloaded,35946,
2026-07-17,NSE,HDFCBANK,raw_l2/trade_date=2026-07-17/exchange=NSE/symbol=HDFCBANK/part-072910_572627-030540.parquet,real_data_sample\l2_unseen_validation\trade_date=2026-07-17\exchange=NSE\symbol=HDFCBANK\part-072910_572627-030540.parquet,36199,downloaded,36199,
2026-07-17,NSE,HDFCBANK,raw_l2/trade_date=2026-07-17/exchange=NSE/symbol=HDFCBANK/part-072533_611025-030060.parquet,real_data_sample\l2_unseen_validation\trade_date=2026-07-17\exchange=NSE\symbol=HDFCBANK\part-072533_611025-030060.parquet,36037,downloaded,36037,
2026-07-17,NSE,HDFCBANK,raw_l2/trade_date=2026-07-17/exchange=NSE/symbol=HDFCBANK/part-072742_250683-030348.parquet,real_data_sample\l2_unseen_validation\trade_date=2026-07-17\exchange=NSE\symbol=HDFCBANK\part-072742_250683-030348.parquet,35956,downloaded,35956,
2026-07-17,NSE,HDFCBANK,raw_l2/trade_date=2026-07-17/exchange=NSE/symbol=HDFCBANK/part-072644_827368-030220.parquet,real_data_sample\l2_unseen_validation\trade_date=2026-07-17\exchange=NSE\symbol=HDFCBANK\part-072644_827368-030220.parquet,35755,downloaded,35755,
2026-07-17,NSE,HDFCBANK,raw_l2/trade_date=2026-07-17/exchange=NSE/symbol=HDFCBANK/part-072505_288590-029996.parquet,real_data_sample\l2_unseen_validation\trade_date=2026-07-17\exchange=NSE\symbol=HDFCBANK\part-072505_288590-029996.parquet,35846,downloaded,35846,
2026-07-17,NSE,HDFCBANK,raw_l2/trade_date=2026-07-17/exchange=NSE/symbol=HDFCBANK/part-072658_905610-030252.parquet,real_data_sample\l2_unseen_validation\trade_date=2026-07-17\exchange=NSE\symbol=HDFCBANK\part-072658_905610-030252.parquet,36077,downloaded,36077,
2026-07-17,NSE,HDFCBANK,raw_l2/trade_date=2026-07-17/exchange=NSE/symbol=HDFCBANK/part-072615_998874-030156.parquet,real_data_sample\l2_unseen_validation\trade_date=2026-07-17\exchange=NSE\symbol=HDFCBANK\part-072615_998874-030156.parquet,35804,downloaded,35804,
2026-07-17,NSE,HDFCBANK,raw_l2/trade_date=2026-07-17/exchange=NSE/symbol=HDFCBANK/part-072436_409094-029932.parquet,real_data_sample\l2_unseen_validation\trade_date=2026-07-17\exchange=NSE\symbol=HDFCBANK\part-072436_409094-029932.parquet,36137,downloaded,36137,
2026-07-17,NSE,HDFCBANK,raw_l2/trade_date=2026-07-17/exchange=NSE/symbol=HDFCBANK/part-072324_908984-029772.parquet,real_data_sample\l2_unseen_validation\trade_date=2026-07-17\exchange=NSE\symbol=HDFCBANK\part-072324_908984-029772.parquet,35768,downloaded,35768,
2026-07-17,NSE,HDFCBANK,raw_l2/trade_date=2026-07-17/exchange=NSE/symbol=HDFCBANK/part-072841_200739-030476.parquet,real_data_sample\l2_unseen_validation\trade_date=2026-07-17\exchange=NSE\symbol=HDFCBANK\part-072841_200739-030476.parquet,36093,downloaded,36093,
2026-07-17,NSE,HDFCBANK,raw_l2/trade_date=2026-07-17/exchange=NSE/symbol=HDFCBANK/part-072727_895749-030316.parquet,real_data_sample\l2_unseen_validation\trade_date=2026-07-17\exchange=NSE\symbol=HDFCBANK\part-072727_895749-030316.parquet,35968,downloaded,35968,
2026-07-17,NSE,HDFCBANK,raw_l2/trade_date=2026-07-17/exchange=NSE/symbol=HDFCBANK/part-072547_871112-030092.parquet,real_data_sample\l2_unseen_validation\trade_date=2026-07-17\exchange=NSE\symbol=HDFCBANK\part-072547_871112-030092.parquet,35508,downloaded,35508,
2026-07-17,NSE,HDFCBANK,raw_l2/trade_date=2026-07-17/exchange=NSE/symbol=HDFCBANK/part-072519_367909-030028.parquet,real_data_sample\l2_unseen_validation\trade_date=2026-07-17\exchange=NSE\symbol=HDFCBANK\part-072519_367909-030028.parquet,36122,downloaded,36122,
2026-07-17,NSE,HDFCBANK,raw_l2/trade_date=2026-07-17/exchange=NSE/symbol=HDFCBANK/part-072450_723371-029964.parquet,real_data_sample\l2_unseen_validation\trade_date=2026-07-17\exchange=NSE\symbol=HDFCBANK\part-072450_723371-029964.parquet,36380,downloaded,36380,
2026-07-17,NSE,HDFCBANK,raw_l2/trade_date=2026-07-17/exchange=NSE/symbol=HDFCBANK/part-072601_901565-030124.parquet,real_data_sample\l2_unseen_validation\trade_date=2026-07-17\exchange=NSE\symbol=HDFCBANK\part-072601_901565-030124.parquet,36800,downloaded,36800,
2026-07-17,NSE,HDFCBANK,raw_l2/trade_date=2026-07-17/exchange=NSE/symbol=HDFCBANK/part-072630_366044-030188.parquet,real_data_sample\l2_unseen_validation\trade_date=2026-07-17\exchange=NSE\symbol=HDFCBANK\part-072630_366044-030188.parquet,35528,downloaded,35528,
2026-07-17,NSE,HDFCBANK,raw_l2/trade_date=2026-07-17/exchange=NSE/symbol=HDFCBANK/part-072855_984045-030508.parquet,real_data_sample\l2_unseen_validation\trade_date=2026-07-17\exchange=NSE\symbol=HDFCBANK\part-072855_984045-030508.parquet,36151,downloaded,36151,
2026-07-17,NSE,HDFCBANK,raw_l2/trade_date=2026-07-17/exchange=NSE/symbol=HDFCBANK/part-072939_974844-030604.parquet,real_data_sample\l2_unseen_validation\trade_date=2026-07-17\exchange=NSE\symbol=HDFCBANK\part-072939_974844-030604.parquet,35775,downloaded,35775,
2026-07-17,NSE,HDFCBANK,raw_l2/trade_date=2026-07-17/exchange=NSE/symbol=HDFCBANK/part-072825_608046-030444.parquet,real_data_sample\l2_unseen_validation\trade_date=2026-07-17\exchange=NSE\symbol=HDFCBANK\part-072825_608046-030444.parquet,36001,downloaded,36001,
2026-07-17,NSE,HDFCBANK,raw_l2/trade_date=2026-07-17/exchange=NSE/symbol=HDFCBANK/part-072954_458891-030636.parquet,real_data_sample\l2_unseen_validation\trade_date=2026-07-17\exchange=NSE\symbol=HDFCBANK\part-072954_458891-030636.parquet,35788,downloaded,35788,
2026-07-17,NSE,HDFCBANK,raw_l2/trade_date=2026-07-17/exchange=NSE/symbol=HDFCBANK/part-073008_811401-030668.parquet,real_data_sample\l2_unseen_validation\trade_date=2026-07-17\exchange=NSE\symbol=HDFCBANK\part-073008_811401-030668.parquet,35734,downloaded,35734,
2026-07-17,NSE,HDFCBANK,raw_l2/trade_date=2026-07-17/exchange=NSE/symbol=HDFCBANK/part-072713_352984-030284.parquet,real_data_sample\l2_unseen_validation\trade_date=2026-07-17\exchange=NSE\symbol=HDFCBANK\part-072713_352984-030284.parquet,35949,downloaded,35949,
2026-07-17,NSE,HDFCBANK,raw_l2/trade_date=2026-07-17/exchange=NSE/symbol=HDFCBANK/part-072925_357157-030572.parquet,real_data_sample\l2_unseen_validation\trade_date=2026-07-17\exchange=NSE\symbol=HDFCBANK\part-072925_357157-030572.parquet,35830,downloaded,35830,
2026-07-17,NSE,HDFCBANK,raw_l2/trade_date=2026-07-17/exchange=NSE/symbol=HDFCBANK/part-073037_331591-030732.parquet,real_data_sample\l2_unseen_validation\trade_date=2026-07-17\exchange=NSE\symbol=HDFCBANK\part-073037_331591-030732.parquet,36218,downloaded,36218,
2026-07-17,NSE,HDFCBANK,raw_l2/trade_date=2026-07-17/exchange=NSE/symbol=HDFCBANK/part-073051_676680-030764.parquet,real_data_sample\l2_unseen_validation\trade_date=2026-07-17\exchange=NSE\symbol=HDFCBANK\part-073051_676680-030764.parquet,35425,downloaded,35425,
2026-07-17,NSE,HDFCBANK,raw_l2/trade_date=2026-07-17/exchange=NSE/symbol=HDFCBANK/part-073702_382374-031596.parquet,real_data_sample\l2_unseen_validation\trade_date=2026-07-17\exchange=NSE\symbol=HDFCBANK\part-073702_382374-031596.parquet,35689,downloaded,35689,
2026-07-17,NSE,HDFCBANK,raw_l2/trade_date=2026-07-17/exchange=NSE/symbol=HDFCBANK/part-073716_320556-031628.parquet,real_data_sample\l2_unseen_validation\trade_date=2026-07-17\exchange=NSE\symbol=HDFCBANK\part-073716_320556-031628.parquet,35509,downloaded,35509,
2026-07-17,NSE,HDFCBANK,raw_l2/trade_date=2026-07-17/exchange=NSE/symbol=HDFCBANK/part-073551_092587-031436.parquet,real_data_sample\l2_unseen_validation\trade_date=2026-07-17\exchange=NSE\symbol=HDFCBANK\part-073551_092587-031436.parquet,35592,downloaded,35592,
2026-07-17,NSE,HDFCBANK,raw_l2/trade_date=2026-07-17/exchange=NSE/symbol=HDFCBANK/part-073106_227322-030796.parquet,real_data_sample\l2_unseen_validation\trade_date=2026-07-17\exchange=NSE\symbol=HDFCBANK\part-073106_227322-030796.parquet,35706,downloaded,35706,
2026-07-17,NSE,HDFCBANK,raw_l2/trade_date=2026-07-17/exchange=NSE/symbol=HDFCBANK/part-073134_598563-030860.parquet,real_data_sample\l2_unseen_validation\trade_date=2026-07-17\exchange=NSE\symbol=HDFCBANK\part-073134_598563-030860.parquet,35598,downloaded,35598,
2026-07-17,NSE,HDFCBANK,raw_l2/trade_date=2026-07-17/exchange=NSE/symbol=HDFCBANK/part-073730_348055-031660.parquet,real_data_sample\l2_unseen_validation\trade_date=2026-07-17\exchange=NSE\symbol=HDFCBANK\part-073730_348055-031660.parquet,35853,downloaded,35853,
2026-07-17,NSE,HDFCBANK,raw_l2/trade_date=2026-07-17/exchange=NSE/symbol=HDFCBANK/part-073744_292840-031692.parquet,real_data_sample\l2_unseen_validation\trade_date=2026-07-17\exchange=NSE\symbol=HDFCBANK\part-073744_292840-031692.parquet,36538,downloaded,36538,
2026-07-17,NSE,HDFCBANK,raw_l2/trade_date=2026-07-17/exchange=NSE/symbol=HDFCBANK/part-073854_771684-031852.parquet,real_data_sample\l2_unseen_validation\trade_date=2026-07-17\exchange=NSE\symbol=HDFCBANK\part-073854_771684-031852.parquet,36117,downloaded,36117,
2026-07-17,NSE,HDFCBANK,raw_l2/trade_date=2026-07-17/exchange=NSE/symbol=HDFCBANK/part-073840_753527-031820.parquet,real_data_sample\l2_unseen_validation\trade_date=2026-07-17\exchange=NSE\symbol=HDFCBANK\part-073840_753527-031820.parquet,36227,downloaded,36227,
2026-07-17,NSE,HDFCBANK,raw_l2/trade_date=2026-07-17/exchange=NSE/symbol=HDFCBANK/part-073826_649994-031788.parquet,real_data_sample\l2_unseen_validation\trade_date=2026-07-17\exchange=NSE\symbol=HDFCBANK\part-073826_649994-031788.parquet,36156,downloaded,36156,
2026-07-17,NSE,HDFCBANK,raw_l2/trade_date=2026-07-17/exchange=NSE/symbol=HDFCBANK/part-073758_310777-031724.parquet,real_data_sample\l2_unseen_validation\trade_date=2026-07-17\exchange=NSE\symbol=HDFCBANK\part-073758_310777-031724.parquet,36059,downloaded,36059,
2026-07-17,NSE,HDFCBANK,raw_l2/trade_date=2026-07-17/exchange=NSE/symbol=HDFCBANK/part-073812_539856-031756.parquet,real_data_sample\l2_unseen_validation\trade_date=2026-07-17\exchange=NSE\symbol=HDFCBANK\part-073812_539856-031756.parquet,35796,downloaded,35796,
2026-07-17,NSE,HDFCBANK,raw_l2/trade_date=2026-07-17/exchange=NSE/symbol=HDFCBANK/part-070849_856861-027820.parquet,real_data_sample\l2_unseen_validation\trade_date=2026-07-17\exchange=NSE\symbol=HDFCBANK\part-070849_856861-027820.parquet,36281,downloaded,36281,
2026-07-17,NSE,HDFCBANK,raw_l2/trade_date=2026-07-17/exchange=NSE/symbol=HDFCBANK/part-073909_355758-031884.parquet,real_data_sample\l2_unseen_validation\trade_date=2026-07-17\exchange=NSE\symbol=HDFCBANK\part-073909_355758-031884.parquet,36078,downloaded,36078,
2026-07-17,NSE,HDFCBANK,raw_l2/trade_date=2026-07-17/exchange=NSE/symbol=HDFCBANK/part-073923_288144-031916.parquet,real_data_sample\l2_unseen_validation\trade_date=2026-07-17\exchange=NSE\symbol=HDFCBANK\part-073923_288144-031916.parquet,36141,downloaded,36141,
2026-07-17,NSE,HDFCBANK,raw_l2/trade_date=2026-07-17/exchange=NSE/symbol=HDFCBANK/part-073951_337999-031980.parquet,real_data_sample\l2_unseen_validation\trade_date=2026-07-17\exchange=NSE\symbol=HDFCBANK\part-073951_337999-031980.parquet,36208,downloaded,36208,
2026-07-17,NSE,HDFCBANK,raw_l2/trade_date=2026-07-17/exchange=NSE/symbol=HDFCBANK/part-073937_310270-031948.parquet,real_data_sample\l2_unseen_validation\trade_date=2026-07-17\exchange=NSE\symbol=HDFCBANK\part-073937_310270-031948.parquet,36304,downloaded,36304,
2026-07-17,NSE,HDFCBANK,raw_l2/trade_date=2026-07-17/exchange=NSE/symbol=HDFCBANK/part-074005_565516-032012.parquet,real_data_sample\l2_unseen_validation\trade_date=2026-07-17\exchange=NSE\symbol=HDFCBANK\part-074005_565516-032012.parquet,36481,downloaded,36481,
2026-07-17,NSE,HDFCBANK,raw_l2/trade_date=2026-07-17/exchange=NSE/symbol=HDFCBANK/part-074033_842819-032076.parquet,real_data_sample\l2_unseen_validation\trade_date=2026-07-17\exchange=NSE\symbol=HDFCBANK\part-074033_842819-032076.parquet,35819,downloaded,35819,
2026-07-17,NSE,HDFCBANK,raw_l2/trade_date=2026-07-17/exchange=NSE/symbol=HDFCBANK/part-074019_861196-032044.parquet,real_data_sample\l2_unseen_validation\trade_date=2026-07-17\exchange=NSE\symbol=HDFCBANK\part-074019_861196-032044.parquet,35731,downloaded,35731,
2026-07-17,NSE,HDFCBANK,raw_l2/trade_date=2026-07-17/exchange=NSE/symbol=HDFCBANK/part-074048_057945-032108.parquet,real_data_sample\l2_unseen_validation\trade_date=2026-07-17\exchange=NSE\symbol=HDFCBANK\part-074048_057945-032108.parquet,35973,downloaded,35973,
2026-07-17,NSE,HDFCBANK,raw_l2/trade_date=2026-07-17/exchange=NSE/symbol=HDFCBANK/part-074116_289069-032172.parquet,real_data_sample\l2_unseen_validation\trade_date=2026-07-17\exchange=NSE\symbol=HDFCBANK\part-074116_289069-032172.parquet,36062,downloaded,36062,
2026-07-17,NSE,HDFCBANK,raw_l2/trade_date=2026-07-17/exchange=NSE/symbol=HDFCBANK/part-074102_097552-032140.parquet,real_data_sample\l2_unseen_validation\trade_date=2026-07-17\exchange=NSE\symbol=HDFCBANK\part-074102_097552-032140.parquet,36164,downloaded,36164,
2026-07-17,NSE,HDFCBANK,raw_l2/trade_date=2026-07-17/exchange=NSE/symbol=HDFCBANK/part-074130_305685-032204.parquet,real_data_sample\l2_unseen_validation\trade_date=2026-07-17\exchange=NSE\symbol=HDFCBANK\part-074130_305685-032204.parquet,36341,downloaded,36341,
2026-07-17,NSE,HDFCBANK,raw_l2/trade_date=2026-07-17/exchange=NSE/symbol=HDFCBANK/part-074144_505455-032236.parquet,real_data_sample\l2_unseen_validation\trade_date=2026-07-17\exchange=NSE\symbol=HDFCBANK\part-074144_505455-032236.parquet,36240,downloaded,36240,
2026-07-17,NSE,HDFCBANK,raw_l2/trade_date=2026-07-17/exchange=NSE/symbol=HDFCBANK/part-074158_569966-032268.parquet,real_data_sample\l2_unseen_validation\trade_date=2026-07-17\exchange=NSE\symbol=HDFCBANK\part-074158_569966-032268.parquet,36850,downloaded,36850,
2026-07-17,NSE,HDFCBANK,raw_l2/trade_date=2026-07-17/exchange=NSE/symbol=HDFCBANK/part-074212_553053-032300.parquet,real_data_sample\l2_unseen_validation\trade_date=2026-07-17\exchange=NSE\symbol=HDFCBANK\part-074212_553053-032300.parquet,36359,downloaded,36359,
2026-07-17,NSE,HDFCBANK,raw_l2/trade_date=2026-07-17/exchange=NSE/symbol=HDFCBANK/part-074226_493070-032332.parquet,real_data_sample\l2_unseen_validation\trade_date=2026-07-17\exchange=NSE\symbol=HDFCBANK\part-074226_493070-032332.parquet,35702,downloaded,35702,
2026-07-17,NSE,HDFCBANK,raw_l2/trade_date=2026-07-17/exchange=NSE/symbol=HDFCBANK/part-071113_725088-028140.parquet,real_data_sample\l2_unseen_validation\trade_date=2026-07-17\exchange=NSE\symbol=HDFCBANK\part-071113_725088-028140.parquet,36613,downloaded,36613,
2026-07-17,NSE,HDFCBANK,raw_l2/trade_date=2026-07-17/exchange=NSE/symbol=HDFCBANK/part-074254_549856-032396.parquet,real_data_sample\l2_unseen_validation\trade_date=2026-07-17\exchange=NSE\symbol=HDFCBANK\part-074254_549856-032396.parquet,36190,downloaded,36190,
2026-07-17,NSE,HDFCBANK,raw_l2/trade_date=2026-07-17/exchange=NSE/symbol=HDFCBANK/part-074322_538562-032460.parquet,real_data_sample\l2_unseen_validation\trade_date=2026-07-17\exchange=NSE\symbol=HDFCBANK\part-074322_538562-032460.parquet,36149,downloaded,36149,
2026-07-17,NSE,HDFCBANK,raw_l2/trade_date=2026-07-17/exchange=NSE/symbol=HDFCBANK/part-074308_539329-032428.parquet,real_data_sample\l2_unseen_validation\trade_date=2026-07-17\exchange=NSE\symbol=HDFCBANK\part-074308_539329-032428.parquet,35923,downloaded,35923,
2026-07-17,NSE,HDFCBANK,raw_l2/trade_date=2026-07-17/exchange=NSE/symbol=HDFCBANK/part-074240_454859-032364.parquet,real_data_sample\l2_unseen_validation\trade_date=2026-07-17\exchange=NSE\symbol=HDFCBANK\part-074240_454859-032364.parquet,36320,downloaded,36320,
2026-07-17,NSE,HDFCBANK,raw_l2/trade_date=2026-07-17/exchange=NSE/symbol=HDFCBANK/part-074336_638253-032492.parquet,real_data_sample\l2_unseen_validation\trade_date=2026-07-17\exchange=NSE\symbol=HDFCBANK\part-074336_638253-032492.parquet,35909,downloaded,35909,
2026-07-17,NSE,HDFCBANK,raw_l2/trade_date=2026-07-17/exchange=NSE/symbol=HDFCBANK/part-074350_963010-032524.parquet,real_data_sample\l2_unseen_validation\trade_date=2026-07-17\exchange=NSE\symbol=HDFCBANK\part-074350_963010-032524.parquet,35767,downloaded,35767,
2026-07-17,NSE,HDFCBANK,raw_l2/trade_date=2026-07-17/exchange=NSE/symbol=HDFCBANK/part-074405_547591-032556.parquet,real_data_sample\l2_unseen_validation\trade_date=2026-07-17\exchange=NSE\symbol=HDFCBANK\part-074405_547591-032556.parquet,36288,downloaded,36288,
2026-07-17,NSE,HDFCBANK,raw_l2/trade_date=2026-07-17/exchange=NSE/symbol=HDFCBANK/part-074433_538188-032620.parquet,real_data_sample\l2_unseen_validation\trade_date=2026-07-17\exchange=NSE\symbol=HDFCBANK\part-074433_538188-032620.parquet,35988,downloaded,35988,
2026-07-17,NSE,HDFCBANK,raw_l2/trade_date=2026-07-17/exchange=NSE/symbol=HDFCBANK/part-074419_575779-032588.parquet,real_data_sample\l2_unseen_validation\trade_date=2026-07-17\exchange=NSE\symbol=HDFCBANK\part-074419_575779-032588.parquet,36319,downloaded,36319,
2026-07-17,NSE,HDFCBANK,raw_l2/trade_date=2026-07-17/exchange=NSE/symbol=HDFCBANK/part-074501_585508-032684.parquet,real_data_sample\l2_unseen_validation\trade_date=2026-07-17\exchange=NSE\symbol=HDFCBANK\part-074501_585508-032684.parquet,36468,downloaded,36468,
2026-07-17,NSE,HDFCBANK,raw_l2/trade_date=2026-07-17/exchange=NSE/symbol=HDFCBANK/part-074530_079941-032748.parquet,real_data_sample\l2_unseen_validation\trade_date=2026-07-17\exchange=NSE\symbol=HDFCBANK\part-074530_079941-032748.parquet,35715,downloaded,35715,
2026-07-17,NSE,HDFCBANK,raw_l2/trade_date=2026-07-17/exchange=NSE/symbol=HDFCBANK/part-074515_842203-032716.parquet,real_data_sample\l2_unseen_validation\trade_date=2026-07-17\exchange=NSE\symbol=HDFCBANK\part-074515_842203-032716.parquet,35825,downloaded,35825,
2026-07-17,NSE,HDFCBANK,raw_l2/trade_date=2026-07-17/exchange=NSE/symbol=HDFCBANK/part-074544_091808-032780.parquet,real_data_sample\l2_unseen_validation\trade_date=2026-07-17\exchange=NSE\symbol=HDFCBANK\part-074544_091808-032780.parquet,36710,downloaded,36710,
2026-07-17,NSE,HDFCBANK,raw_l2/trade_date=2026-07-17/exchange=NSE/symbol=HDFCBANK/part-074447_527081-032652.parquet,real_data_sample\l2_unseen_validation\trade_date=2026-07-17\exchange=NSE\symbol=HDFCBANK\part-074447_527081-032652.parquet,36710,downloaded,36710,
2026-07-17,NSE,HDFCBANK,raw_l2/trade_date=2026-07-17/exchange=NSE/symbol=HDFCBANK/part-074558_106338-032812.parquet,real_data_sample\l2_unseen_validation\trade_date=2026-07-17\exchange=NSE\symbol=HDFCBANK\part-074558_106338-032812.parquet,36338,downloaded,36338,
2026-07-17,NSE,HDFCBANK,raw_l2/trade_date=2026-07-17/exchange=NSE/symbol=HDFCBANK/part-074612_694370-032844.parquet,real_data_sample\l2_unseen_validation\trade_date=2026-07-17\exchange=NSE\symbol=HDFCBANK\part-074612_694370-032844.parquet,36312,downloaded,36312,
2026-07-17,NSE,HDFCBANK,raw_l2/trade_date=2026-07-17/exchange=NSE/symbol=HDFCBANK/part-074626_832985-032876.parquet,real_data_sample\l2_unseen_validation\trade_date=2026-07-17\exchange=NSE\symbol=HDFCBANK\part-074626_832985-032876.parquet,36187,downloaded,36187,
2026-07-17,NSE,HDFCBANK,raw_l2/trade_date=2026-07-17/exchange=NSE/symbol=HDFCBANK/part-074641_237326-032908.parquet,real_data_sample\l2_unseen_validation\trade_date=2026-07-17\exchange=NSE\symbol=HDFCBANK\part-074641_237326-032908.parquet,35871,downloaded,35871,
2026-07-17,NSE,HDFCBANK,raw_l2/trade_date=2026-07-17/exchange=NSE/symbol=HDFCBANK/part-074655_404066-032940.parquet,real_data_sample\l2_unseen_validation\trade_date=2026-07-17\exchange=NSE\symbol=HDFCBANK\part-074655_404066-032940.parquet,35976,downloaded,35976,
2026-07-17,NSE,HDFCBANK,raw_l2/trade_date=2026-07-17/exchange=NSE/symbol=HDFCBANK/part-074751_786435-033068.parquet,real_data_sample\l2_unseen_validation\trade_date=2026-07-17\exchange=NSE\symbol=HDFCBANK\part-074751_786435-033068.parquet,35860,downloaded,35860,
2026-07-17,NSE,HDFCBANK,raw_l2/trade_date=2026-07-17/exchange=NSE/symbol=HDFCBANK/part-074709_374344-032972.parquet,real_data_sample\l2_unseen_validation\trade_date=2026-07-17\exchange=NSE\symbol=HDFCBANK\part-074709_374344-032972.parquet,35712,downloaded,35712,
2026-07-17,NSE,HDFCBANK,raw_l2/trade_date=2026-07-17/exchange=NSE/symbol=HDFCBANK/part-074723_674958-033004.parquet,real_data_sample\l2_unseen_validation\trade_date=2026-07-17\exchange=NSE\symbol=HDFCBANK\part-074723_674958-033004.parquet,36337,downloaded,36337,
2026-07-17,NSE,HDFCBANK,raw_l2/trade_date=2026-07-17/exchange=NSE/symbol=HDFCBANK/part-074737_792372-033036.parquet,real_data_sample\l2_unseen_validation\trade_date=2026-07-17\exchange=NSE\symbol=HDFCBANK\part-074737_792372-033036.parquet,36239,downloaded,36239,
2026-07-17,NSE,HDFCBANK,raw_l2/trade_date=2026-07-17/exchange=NSE/symbol=HDFCBANK/part-073120_623415-030828.parquet,real_data_sample\l2_unseen_validation\trade_date=2026-07-17\exchange=NSE\symbol=HDFCBANK\part-073120_623415-030828.parquet,36182,downloaded,36182,
2026-07-17,NSE,HDFCBANK,raw_l2/trade_date=2026-07-17/exchange=NSE/symbol=HDFCBANK/part-074805_828003-033100.parquet,real_data_sample\l2_unseen_validation\trade_date=2026-07-17\exchange=NSE\symbol=HDFCBANK\part-074805_828003-033100.parquet,35283,downloaded,35283,
2026-07-17,NSE,HDFCBANK,raw_l2/trade_date=2026-07-17/exchange=NSE/symbol=HDFCBANK/part-074819_788828-033132.parquet,real_data_sample\l2_unseen_validation\trade_date=2026-07-17\exchange=NSE\symbol=HDFCBANK\part-074819_788828-033132.parquet,35360,downloaded,35360,
2026-07-17,NSE,HDFCBANK,raw_l2/trade_date=2026-07-17/exchange=NSE/symbol=HDFCBANK/part-073454_301359-031308.parquet,real_data_sample\l2_unseen_validation\trade_date=2026-07-17\exchange=NSE\symbol=HDFCBANK\part-073454_301359-031308.parquet,36195,downloaded,36195,
2026-07-17,NSE,HDFCBANK,raw_l2/trade_date=2026-07-17/exchange=NSE/symbol=HDFCBANK/part-073245_875837-031020.parquet,real_data_sample\l2_unseen_validation\trade_date=2026-07-17\exchange=NSE\symbol=HDFCBANK\part-073245_875837-031020.parquet,36558,downloaded,36558,
2026-07-17,NSE,HDFCBANK,raw_l2/trade_date=2026-07-17/exchange=NSE/symbol=HDFCBANK/part-073522_588336-031372.parquet,real_data_sample\l2_unseen_validation\trade_date=2026-07-17\exchange=NSE\symbol=HDFCBANK\part-073522_588336-031372.parquet,35952,downloaded,35952,
2026-07-17,NSE,HDFCBANK,raw_l2/trade_date=2026-07-17/exchange=NSE/symbol=HDFCBANK/part-074834_015997-033164.parquet,real_data_sample\l2_unseen_validation\trade_date=2026-07-17\exchange=NSE\symbol=HDFCBANK\part-074834_015997-033164.parquet,36366,downloaded,36366,
2026-07-17,NSE,HDFCBANK,raw_l2/trade_date=2026-07-17/exchange=NSE/symbol=HDFCBANK/part-073411_346004-031212.parquet,real_data_sample\l2_unseen_validation\trade_date=2026-07-17\exchange=NSE\symbol=HDFCBANK\part-073411_346004-031212.parquet,36423,downloaded,36423,
2026-07-17,NSE,HDFCBANK,raw_l2/trade_date=2026-07-17/exchange=NSE/symbol=HDFCBANK/part-073508_455721-031340.parquet,real_data_sample\l2_unseen_validation\trade_date=2026-07-17\exchange=NSE\symbol=HDFCBANK\part-073508_455721-031340.parquet,36249,downloaded,36249,
2026-07-17,NSE,HDFCBANK,raw_l2/trade_date=2026-07-17/exchange=NSE/symbol=HDFCBANK/part-073314_402612-031084.parquet,real_data_sample\l2_unseen_validation\trade_date=2026-07-17\exchange=NSE\symbol=HDFCBANK\part-073314_402612-031084.parquet,36139,downloaded,36139,
2026-07-17,NSE,HDFCBANK,raw_l2/trade_date=2026-07-17/exchange=NSE/symbol=HDFCBANK/part-073023_100070-030700.parquet,real_data_sample\l2_unseen_validation\trade_date=2026-07-17\exchange=NSE\symbol=HDFCBANK\part-073023_100070-030700.parquet,36043,downloaded,36043,
2026-07-17,NSE,HDFCBANK,raw_l2/trade_date=2026-07-17/exchange=NSE/symbol=HDFCBANK/part-073217_579476-030956.parquet,real_data_sample\l2_unseen_validation\trade_date=2026-07-17\exchange=NSE\symbol=HDFCBANK\part-073217_579476-030956.parquet,35727,downloaded,35727,
2026-07-17,NSE,HDFCBANK,raw_l2/trade_date=2026-07-17/exchange=NSE/symbol=HDFCBANK/part-073357_150241-031180.parquet,real_data_sample\l2_unseen_validation\trade_date=2026-07-17\exchange=NSE\symbol=HDFCBANK\part-073357_150241-031180.parquet,36128,downloaded,36128,
2026-07-17,NSE,HDFCBANK,raw_l2/trade_date=2026-07-17/exchange=NSE/symbol=HDFCBANK/part-073536_926643-031404.parquet,real_data_sample\l2_unseen_validation\trade_date=2026-07-17\exchange=NSE\symbol=HDFCBANK\part-073536_926643-031404.parquet,35862,downloaded,35862,
2026-07-17,NSE,HDFCBANK,raw_l2/trade_date=2026-07-17/exchange=NSE/symbol=HDFCBANK/part-073439_966940-031276.parquet,real_data_sample\l2_unseen_validation\trade_date=2026-07-17\exchange=NSE\symbol=HDFCBANK\part-073439_966940-031276.parquet,36231,downloaded,36231,
2026-07-17,NSE,HDFCBANK,raw_l2/trade_date=2026-07-17/exchange=NSE/symbol=HDFCBANK/part-073300_149573-031052.parquet,real_data_sample\l2_unseen_validation\trade_date=2026-07-17\exchange=NSE\symbol=HDFCBANK\part-073300_149573-031052.parquet,35802,downloaded,35802,
2026-07-17,NSE,HDFCBANK,raw_l2/trade_date=2026-07-17/exchange=NSE/symbol=HDFCBANK/part-073203_385308-030924.parquet,real_data_sample\l2_unseen_validation\trade_date=2026-07-17\exchange=NSE\symbol=HDFCBANK\part-073203_385308-030924.parquet,35324,downloaded,35324,
2026-07-17,NSE,HDFCBANK,raw_l2/trade_date=2026-07-17/exchange=NSE/symbol=HDFCBANK/part-074848_131933-033196.parquet,real_data_sample\l2_unseen_validation\trade_date=2026-07-17\exchange=NSE\symbol=HDFCBANK\part-074848_131933-033196.parquet,36083,downloaded,36083,
2026-07-17,NSE,HDFCBANK,raw_l2/trade_date=2026-07-17/exchange=NSE/symbol=HDFCBANK/part-073328_697420-031116.parquet,real_data_sample\l2_unseen_validation\trade_date=2026-07-17\exchange=NSE\symbol=HDFCBANK\part-073328_697420-031116.parquet,35819,downloaded,35819,
2026-07-17,NSE,HDFCBANK,raw_l2/trade_date=2026-07-17/exchange=NSE/symbol=HDFCBANK/part-073425_676033-031244.parquet,real_data_sample\l2_unseen_validation\trade_date=2026-07-17\exchange=NSE\symbol=HDFCBANK\part-073425_676033-031244.parquet,36381,downloaded,36381,
2026-07-17,NSE,HDFCBANK,raw_l2/trade_date=2026-07-17/exchange=NSE/symbol=HDFCBANK/part-073619_492567-031500.parquet,real_data_sample\l2_unseen_validation\trade_date=2026-07-17\exchange=NSE\symbol=HDFCBANK\part-073619_492567-031500.parquet,36002,downloaded,36002,
2026-07-17,NSE,HDFCBANK,raw_l2/trade_date=2026-07-17/exchange=NSE/symbol=HDFCBANK/part-073343_086573-031148.parquet,real_data_sample\l2_unseen_validation\trade_date=2026-07-17\exchange=NSE\symbol=HDFCBANK\part-073343_086573-031148.parquet,36158,downloaded,36158,
2026-07-17,NSE,HDFCBANK,raw_l2/trade_date=2026-07-17/exchange=NSE/symbol=HDFCBANK/part-074902_340669-033228.parquet,real_data_sample\l2_unseen_validation\trade_date=2026-07-17\exchange=NSE\symbol=HDFCBANK\part-074902_340669-033228.parquet,36527,downloaded,36527,
2026-07-17,NSE,HDFCBANK,raw_l2/trade_date=2026-07-17/exchange=NSE/symbol=HDFCBANK/part-073149_149078-030892.parquet,real_data_sample\l2_unseen_validation\trade_date=2026-07-17\exchange=NSE\symbol=HDFCBANK\part-073149_149078-030892.parquet,35559,downloaded,35559,
2026-07-17,NSE,HDFCBANK,raw_l2/trade_date=2026-07-17/exchange=NSE/symbol=HDFCBANK/part-074916_547260-033260.parquet,real_data_sample\l2_unseen_validation\trade_date=2026-07-17\exchange=NSE\symbol=HDFCBANK\part-074916_547260-033260.parquet,35878,downloaded,35878,
2026-07-17,NSE,HDFCBANK,raw_l2/trade_date=2026-07-17/exchange=NSE/symbol=HDFCBANK/part-074930_518975-033292.parquet,real_data_sample\l2_unseen_validation\trade_date=2026-07-17\exchange=NSE\symbol=HDFCBANK\part-074930_518975-033292.parquet,36169,downloaded,36169,
2026-07-17,NSE,HDFCBANK,raw_l2/trade_date=2026-07-17/exchange=NSE/symbol=HDFCBANK/part-073633_896059-031532.parquet,real_data_sample\l2_unseen_validation\trade_date=2026-07-17\exchange=NSE\symbol=HDFCBANK\part-073633_896059-031532.parquet,36068,downloaded,36068,
2026-07-17,NSE,HDFCBANK,raw_l2/trade_date=2026-07-17/exchange=NSE/symbol=HDFCBANK/part-074944_588308-033324.parquet,real_data_sample\l2_unseen_validation\trade_date=2026-07-17\exchange=NSE\symbol=HDFCBANK\part-074944_588308-033324.parquet,36360,downloaded,36360,
2026-07-17,NSE,HDFCBANK,raw_l2/trade_date=2026-07-17/exchange=NSE/symbol=HDFCBANK/part-074958_558676-033356.parquet,real_data_sample\l2_unseen_validation\trade_date=2026-07-17\exchange=NSE\symbol=HDFCBANK\part-074958_558676-033356.parquet,36523,downloaded,36523,
2026-07-17,NSE,HDFCBANK,raw_l2/trade_date=2026-07-17/exchange=NSE/symbol=HDFCBANK/part-073605_145798-031468.parquet,real_data_sample\l2_unseen_validation\trade_date=2026-07-17\exchange=NSE\symbol=HDFCBANK\part-073605_145798-031468.parquet,36146,downloaded,36146,
2026-07-17,NSE,HDFCBANK,raw_l2/trade_date=2026-07-17/exchange=NSE/symbol=HDFCBANK/part-073648_139203-031564.parquet,real_data_sample\l2_unseen_validation\trade_date=2026-07-17\exchange=NSE\symbol=HDFCBANK\part-073648_139203-031564.parquet,35742,downloaded,35742,
2026-07-17,NSE,HDFCBANK,raw_l2/trade_date=2026-07-17/exchange=NSE/symbol=HDFCBANK/part-075012_546298-033388.parquet,real_data_sample\l2_unseen_validation\trade_date=2026-07-17\exchange=NSE\symbol=HDFCBANK\part-075012_546298-033388.parquet,36414,downloaded,36414,
2026-07-17,NSE,HDFCBANK,raw_l2/trade_date=2026-07-17/exchange=NSE/symbol=HDFCBANK/part-075055_798013-033484.parquet,real_data_sample\l2_unseen_validation\trade_date=2026-07-17\exchange=NSE\symbol=HDFCBANK\part-075055_798013-033484.parquet,36325,downloaded,36325,
2026-07-17,NSE,HDFCBANK,raw_l2/trade_date=2026-07-17/exchange=NSE/symbol=HDFCBANK/part-075123_773611-033548.parquet,real_data_sample\l2_unseen_validation\trade_date=2026-07-17\exchange=NSE\symbol=HDFCBANK\part-075123_773611-033548.parquet,36211,downloaded,36211,
2026-07-17,NSE,HDFCBANK,raw_l2/trade_date=2026-07-17/exchange=NSE/symbol=HDFCBANK/part-075137_862189-033580.parquet,real_data_sample\l2_unseen_validation\trade_date=2026-07-17\exchange=NSE\symbol=HDFCBANK\part-075137_862189-033580.parquet,35773,downloaded,35773,
2026-07-17,NSE,HDFCBANK,raw_l2/trade_date=2026-07-17/exchange=NSE/symbol=HDFCBANK/part-075027_151794-033420.parquet,real_data_sample\l2_unseen_validation\trade_date=2026-07-17\exchange=NSE\symbol=HDFCBANK\part-075027_151794-033420.parquet,36188,downloaded,36188,
2026-07-17,NSE,HDFCBANK,raw_l2/trade_date=2026-07-17/exchange=NSE/symbol=HDFCBANK/part-075041_788155-033452.parquet,real_data_sample\l2_unseen_validation\trade_date=2026-07-17\exchange=NSE\symbol=HDFCBANK\part-075041_788155-033452.parquet,36085,downloaded,36085,
2026-07-17,NSE,HDFCBANK,raw_l2/trade_date=2026-07-17/exchange=NSE/symbol=HDFCBANK/part-073231_652988-030988.parquet,real_data_sample\l2_unseen_validation\trade_date=2026-07-17\exchange=NSE\symbol=HDFCBANK\part-073231_652988-030988.parquet,35849,downloaded,35849,
2026-07-17,NSE,HDFCBANK,raw_l2/trade_date=2026-07-17/exchange=NSE/symbol=HDFCBANK/part-075152_041147-033612.parquet,real_data_sample\l2_unseen_validation\trade_date=2026-07-17\exchange=NSE\symbol=HDFCBANK\part-075152_041147-033612.parquet,36011,downloaded,36011,
2026-07-17,NSE,HDFCBANK,raw_l2/trade_date=2026-07-17/exchange=NSE/symbol=HDFCBANK/part-075303_683832-033772.parquet,real_data_sample\l2_unseen_validation\trade_date=2026-07-17\exchange=NSE\symbol=HDFCBANK\part-075303_683832-033772.parquet,35725,downloaded,35725,
2026-07-17,NSE,HDFCBANK,raw_l2/trade_date=2026-07-17/exchange=NSE/symbol=HDFCBANK/part-075331_904652-033836.parquet,real_data_sample\l2_unseen_validation\trade_date=2026-07-17\exchange=NSE\symbol=HDFCBANK\part-075331_904652-033836.parquet,35060,downloaded,35060,
2026-07-17,NSE,HDFCBANK,raw_l2/trade_date=2026-07-17/exchange=NSE/symbol=HDFCBANK/part-075317_863994-033804.parquet,real_data_sample\l2_unseen_validation\trade_date=2026-07-17\exchange=NSE\symbol=HDFCBANK\part-075317_863994-033804.parquet,35155,downloaded,35155,
2026-07-17,NSE,HDFCBANK,raw_l2/trade_date=2026-07-17/exchange=NSE/symbol=HDFCBANK/part-075249_087737-033740.parquet,real_data_sample\l2_unseen_validation\trade_date=2026-07-17\exchange=NSE\symbol=HDFCBANK\part-075249_087737-033740.parquet,36106,downloaded,36106,
2026-07-17,NSE,HDFCBANK,raw_l2/trade_date=2026-07-17/exchange=NSE/symbol=HDFCBANK/part-075220_806793-033676.parquet,real_data_sample\l2_unseen_validation\trade_date=2026-07-17\exchange=NSE\symbol=HDFCBANK\part-075220_806793-033676.parquet,35917,downloaded,35917,
2026-07-17,NSE,HDFCBANK,raw_l2/trade_date=2026-07-17/exchange=NSE/symbol=HDFCBANK/part-075442_211008-033996.parquet,real_data_sample\l2_unseen_validation\trade_date=2026-07-17\exchange=NSE\symbol=HDFCBANK\part-075442_211008-033996.parquet,36593,downloaded,36593,
2026-07-17,NSE,HDFCBANK,raw_l2/trade_date=2026-07-17/exchange=NSE/symbol=HDFCBANK/part-075345_828767-033868.parquet,real_data_sample\l2_unseen_validation\trade_date=2026-07-17\exchange=NSE\symbol=HDFCBANK\part-075345_828767-033868.parquet,34900,downloaded,34900,
2026-07-17,NSE,HDFCBANK,raw_l2/trade_date=2026-07-17/exchange=NSE/symbol=HDFCBANK/part-075359_855281-033900.parquet,real_data_sample\l2_unseen_validation\trade_date=2026-07-17\exchange=NSE\symbol=HDFCBANK\part-075359_855281-033900.parquet,34838,downloaded,34838,
2026-07-17,NSE,HDFCBANK,raw_l2/trade_date=2026-07-17/exchange=NSE/symbol=HDFCBANK/part-075428_080327-033964.parquet,real_data_sample\l2_unseen_validation\trade_date=2026-07-17\exchange=NSE\symbol=HDFCBANK\part-075428_080327-033964.parquet,35853,downloaded,35853,
2026-07-17,NSE,HDFCBANK,raw_l2/trade_date=2026-07-17/exchange=NSE/symbol=HDFCBANK/part-075234_931217-033708.parquet,real_data_sample\l2_unseen_validation\trade_date=2026-07-17\exchange=NSE\symbol=HDFCBANK\part-075234_931217-033708.parquet,35382,downloaded,35382,
2026-07-17,NSE,HDFCBANK,raw_l2/trade_date=2026-07-17/exchange=NSE/symbol=HDFCBANK/part-075414_147920-033932.parquet,real_data_sample\l2_unseen_validation\trade_date=2026-07-17\exchange=NSE\symbol=HDFCBANK\part-075414_147920-033932.parquet,35237,downloaded,35237,
2026-07-17,NSE,HDFCBANK,raw_l2/trade_date=2026-07-17/exchange=NSE/symbol=HDFCBANK/part-075606_711301-034188.parquet,real_data_sample\l2_unseen_validation\trade_date=2026-07-17\exchange=NSE\symbol=HDFCBANK\part-075606_711301-034188.parquet,35935,downloaded,35935,
2026-07-17,NSE,HDFCBANK,raw_l2/trade_date=2026-07-17/exchange=NSE/symbol=HDFCBANK/part-075552_594670-034156.parquet,real_data_sample\l2_unseen_validation\trade_date=2026-07-17\exchange=NSE\symbol=HDFCBANK\part-075552_594670-034156.parquet,35660,downloaded,35660,
2026-07-17,NSE,HDFCBANK,raw_l2/trade_date=2026-07-17/exchange=NSE/symbol=HDFCBANK/part-075524_638773-034092.parquet,real_data_sample\l2_unseen_validation\trade_date=2026-07-17\exchange=NSE\symbol=HDFCBANK\part-075524_638773-034092.parquet,36169,downloaded,36169,
2026-07-17,NSE,HDFCBANK,raw_l2/trade_date=2026-07-17/exchange=NSE/symbol=HDFCBANK/part-075456_393530-034028.parquet,real_data_sample\l2_unseen_validation\trade_date=2026-07-17\exchange=NSE\symbol=HDFCBANK\part-075456_393530-034028.parquet,36813,downloaded,36813,
2026-07-17,NSE,HDFCBANK,raw_l2/trade_date=2026-07-17/exchange=NSE/symbol=HDFCBANK/part-075538_593216-034124.parquet,real_data_sample\l2_unseen_validation\trade_date=2026-07-17\exchange=NSE\symbol=HDFCBANK\part-075538_593216-034124.parquet,36261,downloaded,36261,
2026-07-17,NSE,HDFCBANK,raw_l2/trade_date=2026-07-17/exchange=NSE/symbol=HDFCBANK/part-075635_143549-034252.parquet,real_data_sample\l2_unseen_validation\trade_date=2026-07-17\exchange=NSE\symbol=HDFCBANK\part-075635_143549-034252.parquet,36179,downloaded,36179,
2026-07-17,NSE,HDFCBANK,raw_l2/trade_date=2026-07-17/exchange=NSE/symbol=HDFCBANK/part-075620_915144-034220.parquet,real_data_sample\l2_unseen_validation\trade_date=2026-07-17\exchange=NSE\symbol=HDFCBANK\part-075620_915144-034220.parquet,35995,downloaded,35995,
2026-07-17,NSE,HDFCBANK,raw_l2/trade_date=2026-07-17/exchange=NSE/symbol=HDFCBANK/part-075649_410886-034284.parquet,real_data_sample\l2_unseen_validation\trade_date=2026-07-17\exchange=NSE\symbol=HDFCBANK\part-075649_410886-034284.parquet,36269,downloaded,36269,
2026-07-17,NSE,HDFCBANK,raw_l2/trade_date=2026-07-17/exchange=NSE/symbol=HDFCBANK/part-075510_620045-034060.parquet,real_data_sample\l2_unseen_validation\trade_date=2026-07-17\exchange=NSE\symbol=HDFCBANK\part-075510_620045-034060.parquet,36111,downloaded,36111,
2026-07-17,NSE,HDFCBANK,raw_l2/trade_date=2026-07-17/exchange=NSE/symbol=HDFCBANK/part-075703_639033-034316.parquet,real_data_sample\l2_unseen_validation\trade_date=2026-07-17\exchange=NSE\symbol=HDFCBANK\part-075703_639033-034316.parquet,36196,downloaded,36196,
2026-07-17,NSE,HDFCBANK,raw_l2/trade_date=2026-07-17/exchange=NSE/symbol=HDFCBANK/part-075717_934925-034348.parquet,real_data_sample\l2_unseen_validation\trade_date=2026-07-17\exchange=NSE\symbol=HDFCBANK\part-075717_934925-034348.parquet,36050,downloaded,36050,
2026-07-17,NSE,HDFCBANK,raw_l2/trade_date=2026-07-17/exchange=NSE/symbol=HDFCBANK/part-075109_714999-033516.parquet,real_data_sample\l2_unseen_validation\trade_date=2026-07-17\exchange=NSE\symbol=HDFCBANK\part-075109_714999-033516.parquet,36557,downloaded,36557,
2026-07-17,NSE,HDFCBANK,raw_l2/trade_date=2026-07-17/exchange=NSE/symbol=HDFCBANK/part-075732_265195-034380.parquet,real_data_sample\l2_unseen_validation\trade_date=2026-07-17\exchange=NSE\symbol=HDFCBANK\part-075732_265195-034380.parquet,35872,downloaded,35872,
2026-07-17,NSE,HDFCBANK,raw_l2/trade_date=2026-07-17/exchange=NSE/symbol=HDFCBANK/part-075746_654360-034412.parquet,real_data_sample\l2_unseen_validation\trade_date=2026-07-17\exchange=NSE\symbol=HDFCBANK\part-075746_654360-034412.parquet,35845,downloaded,35845,
2026-07-17,NSE,HDFCBANK,raw_l2/trade_date=2026-07-17/exchange=NSE/symbol=HDFCBANK/part-075815_534852-034476.parquet,real_data_sample\l2_unseen_validation\trade_date=2026-07-17\exchange=NSE\symbol=HDFCBANK\part-075815_534852-034476.parquet,36048,downloaded,36048,
2026-07-17,NSE,HDFCBANK,raw_l2/trade_date=2026-07-17/exchange=NSE/symbol=HDFCBANK/part-075800_936450-034444.parquet,real_data_sample\l2_unseen_validation\trade_date=2026-07-17\exchange=NSE\symbol=HDFCBANK\part-075800_936450-034444.parquet,36123,downloaded,36123,
2026-07-17,NSE,HDFCBANK,raw_l2/trade_date=2026-07-17/exchange=NSE/symbol=HDFCBANK/part-080205_788683-034988.parquet,real_data_sample\l2_unseen_validation\trade_date=2026-07-17\exchange=NSE\symbol=HDFCBANK\part-080205_788683-034988.parquet,35573,downloaded,35573,
2026-07-17,NSE,HDFCBANK,raw_l2/trade_date=2026-07-17/exchange=NSE/symbol=HDFCBANK/part-075941_228346-034668.parquet,real_data_sample\l2_unseen_validation\trade_date=2026-07-17\exchange=NSE\symbol=HDFCBANK\part-075941_228346-034668.parquet,36005,downloaded,36005,
2026-07-17,NSE,HDFCBANK,raw_l2/trade_date=2026-07-17/exchange=NSE/symbol=HDFCBANK/part-080136_938406-034924.parquet,real_data_sample\l2_unseen_validation\trade_date=2026-07-17\exchange=NSE\symbol=HDFCBANK\part-080136_938406-034924.parquet,35591,downloaded,35591,
2026-07-17,NSE,HDFCBANK,raw_l2/trade_date=2026-07-17/exchange=NSE/symbol=HDFCBANK/part-080122_613452-034892.parquet,real_data_sample\l2_unseen_validation\trade_date=2026-07-17\exchange=NSE\symbol=HDFCBANK\part-080122_613452-034892.parquet,35943,downloaded,35943,
2026-07-17,NSE,HDFCBANK,raw_l2/trade_date=2026-07-17/exchange=NSE/symbol=HDFCBANK/part-080108_459505-034860.parquet,real_data_sample\l2_unseen_validation\trade_date=2026-07-17\exchange=NSE\symbol=HDFCBANK\part-080108_459505-034860.parquet,35612,downloaded,35612,
2026-07-17,NSE,HDFCBANK,raw_l2/trade_date=2026-07-17/exchange=NSE/symbol=HDFCBANK/part-075926_972723-034636.parquet,real_data_sample\l2_unseen_validation\trade_date=2026-07-17\exchange=NSE\symbol=HDFCBANK\part-075926_972723-034636.parquet,36085,downloaded,36085,
2026-07-17,NSE,HDFCBANK,raw_l2/trade_date=2026-07-17/exchange=NSE/symbol=HDFCBANK/part-080415_890925-035276.parquet,real_data_sample\l2_unseen_validation\trade_date=2026-07-17\exchange=NSE\symbol=HDFCBANK\part-080415_890925-035276.parquet,35898,downloaded,35898,
2026-07-17,NSE,HDFCBANK,raw_l2/trade_date=2026-07-17/exchange=NSE/symbol=HDFCBANK/part-075955_669713-034700.parquet,real_data_sample\l2_unseen_validation\trade_date=2026-07-17\exchange=NSE\symbol=HDFCBANK\part-075955_669713-034700.parquet,35559,downloaded,35559,
2026-07-17,NSE,HDFCBANK,raw_l2/trade_date=2026-07-17/exchange=NSE/symbol=HDFCBANK/part-080346_629977-035212.parquet,real_data_sample\l2_unseen_validation\trade_date=2026-07-17\exchange=NSE\symbol=HDFCBANK\part-080346_629977-035212.parquet,35881,downloaded,35881,
2026-07-17,NSE,HDFCBANK,raw_l2/trade_date=2026-07-17/exchange=NSE/symbol=HDFCBANK/part-080317_742806-035148.parquet,real_data_sample\l2_unseen_validation\trade_date=2026-07-17\exchange=NSE\symbol=HDFCBANK\part-080317_742806-035148.parquet,35597,downloaded,35597,
2026-07-17,NSE,HDFCBANK,raw_l2/trade_date=2026-07-17/exchange=NSE/symbol=HDFCBANK/part-080332_081363-035180.parquet,real_data_sample\l2_unseen_validation\trade_date=2026-07-17\exchange=NSE\symbol=HDFCBANK\part-080332_081363-035180.parquet,35490,downloaded,35490,
2026-07-17,NSE,HDFCBANK,raw_l2/trade_date=2026-07-17/exchange=NSE/symbol=HDFCBANK/part-075858_414730-034572.parquet,real_data_sample\l2_unseen_validation\trade_date=2026-07-17\exchange=NSE\symbol=HDFCBANK\part-075858_414730-034572.parquet,36267,downloaded,36267,
2026-07-17,NSE,HDFCBANK,raw_l2/trade_date=2026-07-17/exchange=NSE/symbol=HDFCBANK/part-080401_291958-035244.parquet,real_data_sample\l2_unseen_validation\trade_date=2026-07-17\exchange=NSE\symbol=HDFCBANK\part-080401_291958-035244.parquet,35614,downloaded,35614,
2026-07-17,NSE,HDFCBANK,raw_l2/trade_date=2026-07-17/exchange=NSE/symbol=HDFCBANK/part-075206_604414-033644.parquet,real_data_sample\l2_unseen_validation\trade_date=2026-07-17\exchange=NSE\symbol=HDFCBANK\part-075206_604414-033644.parquet,36108,downloaded,36108,
2026-07-17,NSE,HDFCBANK,raw_l2/trade_date=2026-07-17/exchange=NSE/symbol=HDFCBANK/part-080025_396419-034764.parquet,real_data_sample\l2_unseen_validation\trade_date=2026-07-17\exchange=NSE\symbol=HDFCBANK\part-080025_396419-034764.parquet,36032,downloaded,36032,
2026-07-17,NSE,HDFCBANK,raw_l2/trade_date=2026-07-17/exchange=NSE/symbol=HDFCBANK/part-075829_878128-034508.parquet,real_data_sample\l2_unseen_validation\trade_date=2026-07-17\exchange=NSE\symbol=HDFCBANK\part-075829_878128-034508.parquet,36486,downloaded,36486,
2026-07-17,NSE,HDFCBANK,raw_l2/trade_date=2026-07-17/exchange=NSE/symbol=HDFCBANK/part-075844_206668-034540.parquet,real_data_sample\l2_unseen_validation\trade_date=2026-07-17\exchange=NSE\symbol=HDFCBANK\part-075844_206668-034540.parquet,36393,downloaded,36393,
2026-07-17,NSE,HDFCBANK,raw_l2/trade_date=2026-07-17/exchange=NSE/symbol=HDFCBANK/part-080431_672873-035308.parquet,real_data_sample\l2_unseen_validation\trade_date=2026-07-17\exchange=NSE\symbol=HDFCBANK\part-080431_672873-035308.parquet,36437,downloaded,36437,
2026-07-17,NSE,HDFCBANK,raw_l2/trade_date=2026-07-17/exchange=NSE/symbol=HDFCBANK/part-080039_617553-034796.parquet,real_data_sample\l2_unseen_validation\trade_date=2026-07-17\exchange=NSE\symbol=HDFCBANK\part-080039_617553-034796.parquet,35688,downloaded,35688,
2026-07-17,NSE,HDFCBANK,raw_l2/trade_date=2026-07-17/exchange=NSE/symbol=HDFCBANK/part-080054_131120-034828.parquet,real_data_sample\l2_unseen_validation\trade_date=2026-07-17\exchange=NSE\symbol=HDFCBANK\part-080054_131120-034828.parquet,35403,downloaded,35403,
2026-07-17,NSE,HDFCBANK,raw_l2/trade_date=2026-07-17/exchange=NSE/symbol=HDFCBANK/part-080219_894051-035020.parquet,real_data_sample\l2_unseen_validation\trade_date=2026-07-17\exchange=NSE\symbol=HDFCBANK\part-080219_894051-035020.parquet,35808,downloaded,35808,
2026-07-17,NSE,HDFCBANK,raw_l2/trade_date=2026-07-17/exchange=NSE/symbol=HDFCBANK/part-080234_348204-035052.parquet,real_data_sample\l2_unseen_validation\trade_date=2026-07-17\exchange=NSE\symbol=HDFCBANK\part-080234_348204-035052.parquet,36072,downloaded,36072,
2026-07-17,NSE,HDFCBANK,raw_l2/trade_date=2026-07-17/exchange=NSE/symbol=HDFCBANK/part-080303_428624-035116.parquet,real_data_sample\l2_unseen_validation\trade_date=2026-07-17\exchange=NSE\symbol=HDFCBANK\part-080303_428624-035116.parquet,35984,downloaded,35984,
2026-07-17,NSE,HDFCBANK,raw_l2/trade_date=2026-07-17/exchange=NSE/symbol=HDFCBANK/part-080447_279708-035340.parquet,real_data_sample\l2_unseen_validation\trade_date=2026-07-17\exchange=NSE\symbol=HDFCBANK\part-080447_279708-035340.parquet,35812,downloaded,35812,
2026-07-17,NSE,HDFCBANK,raw_l2/trade_date=2026-07-17/exchange=NSE/symbol=HDFCBANK/part-080502_043027-035372.parquet,real_data_sample\l2_unseen_validation\trade_date=2026-07-17\exchange=NSE\symbol=HDFCBANK\part-080502_043027-035372.parquet,35390,downloaded,35390,
2026-07-17,NSE,HDFCBANK,raw_l2/trade_date=2026-07-17/exchange=NSE/symbol=HDFCBANK/part-080516_581110-035404.parquet,real_data_sample\l2_unseen_validation\trade_date=2026-07-17\exchange=NSE\symbol=HDFCBANK\part-080516_581110-035404.parquet,35712,downloaded,35712,
2026-07-17,NSE,HDFCBANK,raw_l2/trade_date=2026-07-17/exchange=NSE/symbol=HDFCBANK/part-080531_381529-035436.parquet,real_data_sample\l2_unseen_validation\trade_date=2026-07-17\exchange=NSE\symbol=HDFCBANK\part-080531_381529-035436.parquet,36020,downloaded,36020,
2026-07-17,NSE,HDFCBANK,raw_l2/trade_date=2026-07-17/exchange=NSE/symbol=HDFCBANK/part-080545_864901-035468.parquet,real_data_sample\l2_unseen_validation\trade_date=2026-07-17\exchange=NSE\symbol=HDFCBANK\part-080545_864901-035468.parquet,35893,downloaded,35893,
2026-07-17,NSE,HDFCBANK,raw_l2/trade_date=2026-07-17/exchange=NSE/symbol=HDFCBANK/part-080726_374107-035692.parquet,real_data_sample\l2_unseen_validation\trade_date=2026-07-17\exchange=NSE\symbol=HDFCBANK\part-080726_374107-035692.parquet,35833,downloaded,35833,
2026-07-17,NSE,HDFCBANK,raw_l2/trade_date=2026-07-17/exchange=NSE/symbol=HDFCBANK/part-081202_404909-036300.parquet,real_data_sample\l2_unseen_validation\trade_date=2026-07-17\exchange=NSE\symbol=HDFCBANK\part-081202_404909-036300.parquet,35693,downloaded,35693,
2026-07-17,NSE,HDFCBANK,raw_l2/trade_date=2026-07-17/exchange=NSE/symbol=HDFCBANK/part-080755_676891-035756.parquet,real_data_sample\l2_unseen_validation\trade_date=2026-07-17\exchange=NSE\symbol=HDFCBANK\part-080755_676891-035756.parquet,36376,downloaded,36376,
2026-07-17,NSE,HDFCBANK,raw_l2/trade_date=2026-07-17/exchange=NSE/symbol=HDFCBANK/part-081051_814619-036140.parquet,real_data_sample\l2_unseen_validation\trade_date=2026-07-17\exchange=NSE\symbol=HDFCBANK\part-081051_814619-036140.parquet,36096,downloaded,36096,
2026-07-17,NSE,HDFCBANK,raw_l2/trade_date=2026-07-17/exchange=NSE/symbol=HDFCBANK/part-080824_734940-035820.parquet,real_data_sample\l2_unseen_validation\trade_date=2026-07-17\exchange=NSE\symbol=HDFCBANK\part-080824_734940-035820.parquet,36328,downloaded,36328,
2026-07-17,NSE,HDFCBANK,raw_l2/trade_date=2026-07-17/exchange=NSE/symbol=HDFCBANK/part-080628_462540-035564.parquet,real_data_sample\l2_unseen_validation\trade_date=2026-07-17\exchange=NSE\symbol=HDFCBANK\part-080628_462540-035564.parquet,35975,downloaded,35975,
2026-07-17,NSE,HDFCBANK,raw_l2/trade_date=2026-07-17/exchange=NSE/symbol=HDFCBANK/part-080740_819945-035724.parquet,real_data_sample\l2_unseen_validation\trade_date=2026-07-17\exchange=NSE\symbol=HDFCBANK\part-080740_819945-035724.parquet,36488,downloaded,36488,
2026-07-17,NSE,HDFCBANK,raw_l2/trade_date=2026-07-17/exchange=NSE/symbol=HDFCBANK/part-081134_060665-036236.parquet,real_data_sample\l2_unseen_validation\trade_date=2026-07-17\exchange=NSE\symbol=HDFCBANK\part-081134_060665-036236.parquet,36502,downloaded,36502,
2026-07-17,NSE,HDFCBANK,raw_l2/trade_date=2026-07-17/exchange=NSE/symbol=HDFCBANK/part-080711_962894-035660.parquet,real_data_sample\l2_unseen_validation\trade_date=2026-07-17\exchange=NSE\symbol=HDFCBANK\part-080711_962894-035660.parquet,36386,downloaded,36386,
2026-07-17,NSE,HDFCBANK,raw_l2/trade_date=2026-07-17/exchange=NSE/symbol=HDFCBANK/part-080908_609499-035916.parquet,real_data_sample\l2_unseen_validation\trade_date=2026-07-17\exchange=NSE\symbol=HDFCBANK\part-080908_609499-035916.parquet,36239,downloaded,36239,
2026-07-17,NSE,HDFCBANK,raw_l2/trade_date=2026-07-17/exchange=NSE/symbol=HDFCBANK/part-081216_577273-036332.parquet,real_data_sample\l2_unseen_validation\trade_date=2026-07-17\exchange=NSE\symbol=HDFCBANK\part-081216_577273-036332.parquet,36137,downloaded,36137,
2026-07-17,NSE,HDFCBANK,raw_l2/trade_date=2026-07-17/exchange=NSE/symbol=HDFCBANK/part-080559_863232-035500.parquet,real_data_sample\l2_unseen_validation\trade_date=2026-07-17\exchange=NSE\symbol=HDFCBANK\part-080559_863232-035500.parquet,35899,downloaded,35899,
2026-07-17,NSE,HDFCBANK,raw_l2/trade_date=2026-07-17/exchange=NSE/symbol=HDFCBANK/part-080657_331275-035628.parquet,real_data_sample\l2_unseen_validation\trade_date=2026-07-17\exchange=NSE\symbol=HDFCBANK\part-080657_331275-035628.parquet,36261,downloaded,36261,
2026-07-17,NSE,HDFCBANK,raw_l2/trade_date=2026-07-17/exchange=NSE/symbol=HDFCBANK/part-080854_077379-035884.parquet,real_data_sample\l2_unseen_validation\trade_date=2026-07-17\exchange=NSE\symbol=HDFCBANK\part-080854_077379-035884.parquet,36380,downloaded,36380,
2026-07-17,NSE,HDFCBANK,raw_l2/trade_date=2026-07-17/exchange=NSE/symbol=HDFCBANK/part-080614_121990-035532.parquet,real_data_sample\l2_unseen_validation\trade_date=2026-07-17\exchange=NSE\symbol=HDFCBANK\part-080614_121990-035532.parquet,36339,downloaded,36339,
2026-07-17,NSE,HDFCBANK,raw_l2/trade_date=2026-07-17/exchange=NSE/symbol=HDFCBANK/part-080923_544952-035948.parquet,real_data_sample\l2_unseen_validation\trade_date=2026-07-17\exchange=NSE\symbol=HDFCBANK\part-080923_544952-035948.parquet,36247,downloaded,36247,
2026-07-17,NSE,HDFCBANK,raw_l2/trade_date=2026-07-17/exchange=NSE/symbol=HDFCBANK/part-081105_940766-036172.parquet,real_data_sample\l2_unseen_validation\trade_date=2026-07-17\exchange=NSE\symbol=HDFCBANK\part-081105_940766-036172.parquet,35645,downloaded,35645,
2026-07-17,NSE,HDFCBANK,raw_l2/trade_date=2026-07-17/exchange=NSE/symbol=HDFCBANK/part-080839_458924-035852.parquet,real_data_sample\l2_unseen_validation\trade_date=2026-07-17\exchange=NSE\symbol=HDFCBANK\part-080839_458924-035852.parquet,36531,downloaded,36531,
2026-07-17,NSE,HDFCBANK,raw_l2/trade_date=2026-07-17/exchange=NSE/symbol=HDFCBANK/part-080643_043819-035596.parquet,real_data_sample\l2_unseen_validation\trade_date=2026-07-17\exchange=NSE\symbol=HDFCBANK\part-080643_043819-035596.parquet,36408,downloaded,36408,
2026-07-17,NSE,HDFCBANK,raw_l2/trade_date=2026-07-17/exchange=NSE/symbol=HDFCBANK/part-081230_754347-036364.parquet,real_data_sample\l2_unseen_validation\trade_date=2026-07-17\exchange=NSE\symbol=HDFCBANK\part-081230_754347-036364.parquet,35779,downloaded,35779,
2026-07-17,NSE,HDFCBANK,raw_l2/trade_date=2026-07-17/exchange=NSE/symbol=HDFCBANK/part-081022_698467-036076.parquet,real_data_sample\l2_unseen_validation\trade_date=2026-07-17\exchange=NSE\symbol=HDFCBANK\part-081022_698467-036076.parquet,36714,downloaded,36714,
2026-07-17,NSE,HDFCBANK,raw_l2/trade_date=2026-07-17/exchange=NSE/symbol=HDFCBANK/part-080952_753508-036012.parquet,real_data_sample\l2_unseen_validation\trade_date=2026-07-17\exchange=NSE\symbol=HDFCBANK\part-080952_753508-036012.parquet,35615,downloaded,35615,
2026-07-17,NSE,HDFCBANK,raw_l2/trade_date=2026-07-17/exchange=NSE/symbol=HDFCBANK/part-080938_245286-035980.parquet,real_data_sample\l2_unseen_validation\trade_date=2026-07-17\exchange=NSE\symbol=HDFCBANK\part-080938_245286-035980.parquet,35699,downloaded,35699,
2026-07-17,NSE,HDFCBANK,raw_l2/trade_date=2026-07-17/exchange=NSE/symbol=HDFCBANK/part-080010_754406-034732.parquet,real_data_sample\l2_unseen_validation\trade_date=2026-07-17\exchange=NSE\symbol=HDFCBANK\part-080010_754406-034732.parquet,36070,downloaded,36070,
2026-07-17,NSE,HDFCBANK,raw_l2/trade_date=2026-07-17/exchange=NSE/symbol=HDFCBANK/part-081007_481500-036044.parquet,real_data_sample\l2_unseen_validation\trade_date=2026-07-17\exchange=NSE\symbol=HDFCBANK\part-081007_481500-036044.parquet,36261,downloaded,36261,
2026-07-17,NSE,HDFCBANK,raw_l2/trade_date=2026-07-17/exchange=NSE/symbol=HDFCBANK/part-080249_235309-035084.parquet,real_data_sample\l2_unseen_validation\trade_date=2026-07-17\exchange=NSE\symbol=HDFCBANK\part-080249_235309-035084.parquet,36592,downloaded,36592,
2026-07-17,NSE,HDFCBANK,raw_l2/trade_date=2026-07-17/exchange=NSE/symbol=HDFCBANK/part-080151_335221-034956.parquet,real_data_sample\l2_unseen_validation\trade_date=2026-07-17\exchange=NSE\symbol=HDFCBANK\part-080151_335221-034956.parquet,36082,downloaded,36082,
2026-07-17,NSE,HDFCBANK,raw_l2/trade_date=2026-07-17/exchange=NSE/symbol=HDFCBANK/part-075912_700927-034604.parquet,real_data_sample\l2_unseen_validation\trade_date=2026-07-17\exchange=NSE\symbol=HDFCBANK\part-075912_700927-034604.parquet,36475,downloaded,36475,
2026-07-17,NSE,HDFCBANK,raw_l2/trade_date=2026-07-17/exchange=NSE/symbol=HDFCBANK/part-081259_703622-036428.parquet,real_data_sample\l2_unseen_validation\trade_date=2026-07-17\exchange=NSE\symbol=HDFCBANK\part-081259_703622-036428.parquet,36416,downloaded,36416,
2026-07-17,NSE,HDFCBANK,raw_l2/trade_date=2026-07-17/exchange=NSE/symbol=HDFCBANK/part-081245_120003-036396.parquet,real_data_sample\l2_unseen_validation\trade_date=2026-07-17\exchange=NSE\symbol=HDFCBANK\part-081245_120003-036396.parquet,35878,downloaded,35878,
2026-07-17,NSE,HDFCBANK,raw_l2/trade_date=2026-07-17/exchange=NSE/symbol=HDFCBANK/part-081425_700414-036620.parquet,real_data_sample\l2_unseen_validation\trade_date=2026-07-17\exchange=NSE\symbol=HDFCBANK\part-081425_700414-036620.parquet,35572,downloaded,35572,
2026-07-17,NSE,HDFCBANK,raw_l2/trade_date=2026-07-17/exchange=NSE/symbol=HDFCBANK/part-081632_149932-036908.parquet,real_data_sample\l2_unseen_validation\trade_date=2026-07-17\exchange=NSE\symbol=HDFCBANK\part-081632_149932-036908.parquet,36062,downloaded,36062,
2026-07-17,NSE,HDFCBANK,raw_l2/trade_date=2026-07-17/exchange=NSE/symbol=HDFCBANK/part-081729_104814-037036.parquet,real_data_sample\l2_unseen_validation\trade_date=2026-07-17\exchange=NSE\symbol=HDFCBANK\part-081729_104814-037036.parquet,35650,downloaded,35650,
2026-07-17,NSE,HDFCBANK,raw_l2/trade_date=2026-07-17/exchange=NSE/symbol=HDFCBANK/part-081604_166708-036844.parquet,real_data_sample\l2_unseen_validation\trade_date=2026-07-17\exchange=NSE\symbol=HDFCBANK\part-081604_166708-036844.parquet,35627,downloaded,35627,
2026-07-17,NSE,HDFCBANK,raw_l2/trade_date=2026-07-17/exchange=NSE/symbol=HDFCBANK/part-081453_832084-036684.parquet,real_data_sample\l2_unseen_validation\trade_date=2026-07-17\exchange=NSE\symbol=HDFCBANK\part-081453_832084-036684.parquet,36232,downloaded,36232,
2026-07-17,NSE,HDFCBANK,raw_l2/trade_date=2026-07-17/exchange=NSE/symbol=HDFCBANK/part-081714_646717-037004.parquet,real_data_sample\l2_unseen_validation\trade_date=2026-07-17\exchange=NSE\symbol=HDFCBANK\part-081714_646717-037004.parquet,36458,downloaded,36458,
2026-07-17,NSE,HDFCBANK,raw_l2/trade_date=2026-07-17/exchange=NSE/symbol=HDFCBANK/part-081618_040859-036876.parquet,real_data_sample\l2_unseen_validation\trade_date=2026-07-17\exchange=NSE\symbol=HDFCBANK\part-081618_040859-036876.parquet,35526,downloaded,35526,
2026-07-17,NSE,HDFCBANK,raw_l2/trade_date=2026-07-17/exchange=NSE/symbol=HDFCBANK/part-081700_380498-036972.parquet,real_data_sample\l2_unseen_validation\trade_date=2026-07-17\exchange=NSE\symbol=HDFCBANK\part-081700_380498-036972.parquet,36222,downloaded,36222,
2026-07-17,NSE,HDFCBANK,raw_l2/trade_date=2026-07-17/exchange=NSE/symbol=HDFCBANK/part-081522_077654-036748.parquet,real_data_sample\l2_unseen_validation\trade_date=2026-07-17\exchange=NSE\symbol=HDFCBANK\part-081522_077654-036748.parquet,36076,downloaded,36076,
2026-07-17,NSE,HDFCBANK,raw_l2/trade_date=2026-07-17/exchange=NSE/symbol=HDFCBANK/part-081439_919376-036652.parquet,real_data_sample\l2_unseen_validation\trade_date=2026-07-17\exchange=NSE\symbol=HDFCBANK\part-081439_919376-036652.parquet,36122,downloaded,36122,
2026-07-17,NSE,HDFCBANK,raw_l2/trade_date=2026-07-17/exchange=NSE/symbol=HDFCBANK/part-081507_948959-036716.parquet,real_data_sample\l2_unseen_validation\trade_date=2026-07-17\exchange=NSE\symbol=HDFCBANK\part-081507_948959-036716.parquet,36132,downloaded,36132,
2026-07-17,NSE,HDFCBANK,raw_l2/trade_date=2026-07-17/exchange=NSE/symbol=HDFCBANK/part-081812_376726-037132.parquet,real_data_sample\l2_unseen_validation\trade_date=2026-07-17\exchange=NSE\symbol=HDFCBANK\part-081812_376726-037132.parquet,35661,downloaded,35661,
2026-07-17,NSE,HDFCBANK,raw_l2/trade_date=2026-07-17/exchange=NSE/symbol=HDFCBANK/part-081646_173010-036940.parquet,real_data_sample\l2_unseen_validation\trade_date=2026-07-17\exchange=NSE\symbol=HDFCBANK\part-081646_173010-036940.parquet,36500,downloaded,36500,
2026-07-17,NSE,HDFCBANK,raw_l2/trade_date=2026-07-17/exchange=NSE/symbol=HDFCBANK/part-081357_104001-036556.parquet,real_data_sample\l2_unseen_validation\trade_date=2026-07-17\exchange=NSE\symbol=HDFCBANK\part-081357_104001-036556.parquet,35638,downloaded,35638,
2026-07-17,NSE,HDFCBANK,raw_l2/trade_date=2026-07-17/exchange=NSE/symbol=HDFCBANK/part-081757_877318-037100.parquet,real_data_sample\l2_unseen_validation\trade_date=2026-07-17\exchange=NSE\symbol=HDFCBANK\part-081757_877318-037100.parquet,35863,downloaded,35863,
2026-07-17,NSE,HDFCBANK,raw_l2/trade_date=2026-07-17/exchange=NSE/symbol=HDFCBANK/part-081743_590144-037068.parquet,real_data_sample\l2_unseen_validation\trade_date=2026-07-17\exchange=NSE\symbol=HDFCBANK\part-081743_590144-037068.parquet,35929,downloaded,35929,
2026-07-17,NSE,HDFCBANK,raw_l2/trade_date=2026-07-17/exchange=NSE/symbol=HDFCBANK/part-081342_853401-036524.parquet,real_data_sample\l2_unseen_validation\trade_date=2026-07-17\exchange=NSE\symbol=HDFCBANK\part-081342_853401-036524.parquet,36363,downloaded,36363,
2026-07-17,NSE,HDFCBANK,raw_l2/trade_date=2026-07-17/exchange=NSE/symbol=HDFCBANK/part-081411_431634-036588.parquet,real_data_sample\l2_unseen_validation\trade_date=2026-07-17\exchange=NSE\symbol=HDFCBANK\part-081411_431634-036588.parquet,35378,downloaded,35378,
2026-07-17,NSE,HDFCBANK,raw_l2/trade_date=2026-07-17/exchange=NSE/symbol=HDFCBANK/part-081314_439847-036460.parquet,real_data_sample\l2_unseen_validation\trade_date=2026-07-17\exchange=NSE\symbol=HDFCBANK\part-081314_439847-036460.parquet,35804,downloaded,35804,
2026-07-17,NSE,HDFCBANK,raw_l2/trade_date=2026-07-17/exchange=NSE/symbol=HDFCBANK/part-081536_159375-036780.parquet,real_data_sample\l2_unseen_validation\trade_date=2026-07-17\exchange=NSE\symbol=HDFCBANK\part-081536_159375-036780.parquet,35820,downloaded,35820,
2026-07-17,NSE,HDFCBANK,raw_l2/trade_date=2026-07-17/exchange=NSE/symbol=HDFCBANK/part-081328_639809-036492.parquet,real_data_sample\l2_unseen_validation\trade_date=2026-07-17\exchange=NSE\symbol=HDFCBANK\part-081328_639809-036492.parquet,36429,downloaded,36429,
2026-07-17,NSE,HDFCBANK,raw_l2/trade_date=2026-07-17/exchange=NSE/symbol=HDFCBANK/part-081550_082148-036812.parquet,real_data_sample\l2_unseen_validation\trade_date=2026-07-17\exchange=NSE\symbol=HDFCBANK\part-081550_082148-036812.parquet,35473,downloaded,35473,
2026-07-17,NSE,HDFCBANK,raw_l2/trade_date=2026-07-17/exchange=NSE/symbol=HDFCBANK/part-081855_477706-037228.parquet,real_data_sample\l2_unseen_validation\trade_date=2026-07-17\exchange=NSE\symbol=HDFCBANK\part-081855_477706-037228.parquet,35675,downloaded,35675,
2026-07-17,NSE,HDFCBANK,raw_l2/trade_date=2026-07-17/exchange=NSE/symbol=HDFCBANK/part-081826_662726-037164.parquet,real_data_sample\l2_unseen_validation\trade_date=2026-07-17\exchange=NSE\symbol=HDFCBANK\part-081826_662726-037164.parquet,35878,downloaded,35878,
2026-07-17,NSE,HDFCBANK,raw_l2/trade_date=2026-07-17/exchange=NSE/symbol=HDFCBANK/part-081841_422793-037196.parquet,real_data_sample\l2_unseen_validation\trade_date=2026-07-17\exchange=NSE\symbol=HDFCBANK\part-081841_422793-037196.parquet,35666,downloaded,35666,
2026-07-17,NSE,HDFCBANK,raw_l2/trade_date=2026-07-17/exchange=NSE/symbol=HDFCBANK/part-081148_243657-036268.parquet,real_data_sample\l2_unseen_validation\trade_date=2026-07-17\exchange=NSE\symbol=HDFCBANK\part-081148_243657-036268.parquet,35937,downloaded,35937,
2026-07-17,NSE,HDFCBANK,raw_l2/trade_date=2026-07-17/exchange=NSE/symbol=HDFCBANK/part-081037_470035-036108.parquet,real_data_sample\l2_unseen_validation\trade_date=2026-07-17\exchange=NSE\symbol=HDFCBANK\part-081037_470035-036108.parquet,36441,downloaded,36441,
2026-07-17,NSE,HDFCBANK,raw_l2/trade_date=2026-07-17/exchange=NSE/symbol=HDFCBANK/part-082034_878716-037452.parquet,real_data_sample\l2_unseen_validation\trade_date=2026-07-17\exchange=NSE\symbol=HDFCBANK\part-082034_878716-037452.parquet,36502,downloaded,36502,
2026-07-17,NSE,HDFCBANK,raw_l2/trade_date=2026-07-17/exchange=NSE/symbol=HDFCBANK/part-082006_385937-037388.parquet,real_data_sample\l2_unseen_validation\trade_date=2026-07-17\exchange=NSE\symbol=HDFCBANK\part-082006_385937-037388.parquet,36611,downloaded,36611,
2026-07-17,NSE,HDFCBANK,raw_l2/trade_date=2026-07-17/exchange=NSE/symbol=HDFCBANK/part-082119_191262-037548.parquet,real_data_sample\l2_unseen_validation\trade_date=2026-07-17\exchange=NSE\symbol=HDFCBANK\part-082119_191262-037548.parquet,36670,downloaded,36670,
2026-07-17,NSE,HDFCBANK,raw_l2/trade_date=2026-07-17/exchange=NSE/symbol=HDFCBANK/part-082020_714104-037420.parquet,real_data_sample\l2_unseen_validation\trade_date=2026-07-17\exchange=NSE\symbol=HDFCBANK\part-082020_714104-037420.parquet,36582,downloaded,36582,
2026-07-17,NSE,HDFCBANK,raw_l2/trade_date=2026-07-17/exchange=NSE/symbol=HDFCBANK/part-081952_384728-037356.parquet,real_data_sample\l2_unseen_validation\trade_date=2026-07-17\exchange=NSE\symbol=HDFCBANK\part-081952_384728-037356.parquet,36284,downloaded,36284,
2026-07-17,NSE,HDFCBANK,raw_l2/trade_date=2026-07-17/exchange=NSE/symbol=HDFCBANK/part-081923_751169-037292.parquet,real_data_sample\l2_unseen_validation\trade_date=2026-07-17\exchange=NSE\symbol=HDFCBANK\part-081923_751169-037292.parquet,36013,downloaded,36013,
2026-07-17,NSE,HDFCBANK,raw_l2/trade_date=2026-07-17/exchange=NSE/symbol=HDFCBANK/part-082050_465037-037484.parquet,real_data_sample\l2_unseen_validation\trade_date=2026-07-17\exchange=NSE\symbol=HDFCBANK\part-082050_465037-037484.parquet,36304,downloaded,36304,
2026-07-17,NSE,HDFCBANK,raw_l2/trade_date=2026-07-17/exchange=NSE/symbol=HDFCBANK/part-081937_978582-037324.parquet,real_data_sample\l2_unseen_validation\trade_date=2026-07-17\exchange=NSE\symbol=HDFCBANK\part-081937_978582-037324.parquet,36112,downloaded,36112,
2026-07-17,NSE,HDFCBANK,raw_l2/trade_date=2026-07-17/exchange=NSE/symbol=HDFCBANK/part-082104_683928-037516.parquet,real_data_sample\l2_unseen_validation\trade_date=2026-07-17\exchange=NSE\symbol=HDFCBANK\part-082104_683928-037516.parquet,36564,downloaded,36564,
2026-07-17,NSE,HDFCBANK,raw_l2/trade_date=2026-07-17/exchange=NSE/symbol=HDFCBANK/part-082216_062840-037676.parquet,real_data_sample\l2_unseen_validation\trade_date=2026-07-17\exchange=NSE\symbol=HDFCBANK\part-082216_062840-037676.parquet,36645,downloaded,36645,
2026-07-17,NSE,HDFCBANK,raw_l2/trade_date=2026-07-17/exchange=NSE/symbol=HDFCBANK/part-081909_408581-037260.parquet,real_data_sample\l2_unseen_validation\trade_date=2026-07-17\exchange=NSE\symbol=HDFCBANK\part-081909_408581-037260.parquet,36004,downloaded,36004,
2026-07-17,NSE,HDFCBANK,raw_l2/trade_date=2026-07-17/exchange=NSE/symbol=HDFCBANK/part-081120_115834-036204.parquet,real_data_sample\l2_unseen_validation\trade_date=2026-07-17\exchange=NSE\symbol=HDFCBANK\part-081120_115834-036204.parquet,36097,downloaded,36097,
2026-07-17,NSE,HDFCBANK,raw_l2/trade_date=2026-07-17/exchange=NSE/symbol=HDFCBANK/part-082201_971864-037644.parquet,real_data_sample\l2_unseen_validation\trade_date=2026-07-17\exchange=NSE\symbol=HDFCBANK\part-082201_971864-037644.parquet,36436,downloaded,36436,
2026-07-17,NSE,HDFCBANK,raw_l2/trade_date=2026-07-17/exchange=NSE/symbol=HDFCBANK/part-082341_323708-037868.parquet,real_data_sample\l2_unseen_validation\trade_date=2026-07-17\exchange=NSE\symbol=HDFCBANK\part-082341_323708-037868.parquet,36295,downloaded,36295,
2026-07-17,NSE,HDFCBANK,raw_l2/trade_date=2026-07-17/exchange=NSE/symbol=HDFCBANK/part-082133_499649-037580.parquet,real_data_sample\l2_unseen_validation\trade_date=2026-07-17\exchange=NSE\symbol=HDFCBANK\part-082133_499649-037580.parquet,36136,downloaded,36136,
2026-07-17,NSE,HDFCBANK,raw_l2/trade_date=2026-07-17/exchange=NSE/symbol=HDFCBANK/part-082548_703178-038156.parquet,real_data_sample\l2_unseen_validation\trade_date=2026-07-17\exchange=NSE\symbol=HDFCBANK\part-082548_703178-038156.parquet,35849,downloaded,35849,
2026-07-17,NSE,HDFCBANK,raw_l2/trade_date=2026-07-17/exchange=NSE/symbol=HDFCBANK/part-080810_461021-035788.parquet,real_data_sample\l2_unseen_validation\trade_date=2026-07-17\exchange=NSE\symbol=HDFCBANK\part-080810_461021-035788.parquet,35830,downloaded,35830,
2026-07-17,NSE,HDFCBANK,raw_l2/trade_date=2026-07-17/exchange=NSE/symbol=HDFCBANK/part-082147_656618-037612.parquet,real_data_sample\l2_unseen_validation\trade_date=2026-07-17\exchange=NSE\symbol=HDFCBANK\part-082147_656618-037612.parquet,36355,downloaded,36355,
2026-07-17,NSE,HDFCBANK,raw_l2/trade_date=2026-07-17/exchange=NSE/symbol=HDFCBANK/part-082355_319716-037900.parquet,real_data_sample\l2_unseen_validation\trade_date=2026-07-17\exchange=NSE\symbol=HDFCBANK\part-082355_319716-037900.parquet,35850,downloaded,35850,
2026-07-17,NSE,HDFCBANK,raw_l2/trade_date=2026-07-17/exchange=NSE/symbol=HDFCBANK/part-082409_459546-037932.parquet,real_data_sample\l2_unseen_validation\trade_date=2026-07-17\exchange=NSE\symbol=HDFCBANK\part-082409_459546-037932.parquet,36299,downloaded,36299,
2026-07-17,NSE,HDFCBANK,raw_l2/trade_date=2026-07-17/exchange=NSE/symbol=HDFCBANK/part-082534_274720-038124.parquet,real_data_sample\l2_unseen_validation\trade_date=2026-07-17\exchange=NSE\symbol=HDFCBANK\part-082534_274720-038124.parquet,36029,downloaded,36029,
2026-07-17,NSE,HDFCBANK,raw_l2/trade_date=2026-07-17/exchange=NSE/symbol=HDFCBANK/part-082423_744640-037964.parquet,real_data_sample\l2_unseen_validation\trade_date=2026-07-17\exchange=NSE\symbol=HDFCBANK\part-082423_744640-037964.parquet,35762,downloaded,35762,
2026-07-17,NSE,HDFCBANK,raw_l2/trade_date=2026-07-17/exchange=NSE/symbol=HDFCBANK/part-082519_986400-038092.parquet,real_data_sample\l2_unseen_validation\trade_date=2026-07-17\exchange=NSE\symbol=HDFCBANK\part-082519_986400-038092.parquet,35905,downloaded,35905,
2026-07-17,NSE,HDFCBANK,raw_l2/trade_date=2026-07-17/exchange=NSE/symbol=HDFCBANK/part-082437_600490-037996.parquet,real_data_sample\l2_unseen_validation\trade_date=2026-07-17\exchange=NSE\symbol=HDFCBANK\part-082437_600490-037996.parquet,36149,downloaded,36149,
2026-07-17,NSE,HDFCBANK,raw_l2/trade_date=2026-07-17/exchange=NSE/symbol=HDFCBANK/part-082327_216902-037836.parquet,real_data_sample\l2_unseen_validation\trade_date=2026-07-17\exchange=NSE\symbol=HDFCBANK\part-082327_216902-037836.parquet,36206,downloaded,36206,
2026-07-17,NSE,HDFCBANK,raw_l2/trade_date=2026-07-17/exchange=NSE/symbol=HDFCBANK/part-082505_879784-038060.parquet,real_data_sample\l2_unseen_validation\trade_date=2026-07-17\exchange=NSE\symbol=HDFCBANK\part-082505_879784-038060.parquet,36233,downloaded,36233,
2026-07-17,NSE,HDFCBANK,raw_l2/trade_date=2026-07-17/exchange=NSE/symbol=HDFCBANK/part-082258_420578-037772.parquet,real_data_sample\l2_unseen_validation\trade_date=2026-07-17\exchange=NSE\symbol=HDFCBANK\part-082258_420578-037772.parquet,35584,downloaded,35584,
2026-07-17,NSE,HDFCBANK,raw_l2/trade_date=2026-07-17/exchange=NSE/symbol=HDFCBANK/part-082451_900969-038028.parquet,real_data_sample\l2_unseen_validation\trade_date=2026-07-17\exchange=NSE\symbol=HDFCBANK\part-082451_900969-038028.parquet,36376,downloaded,36376,
2026-07-17,NSE,HDFCBANK,raw_l2/trade_date=2026-07-17/exchange=NSE/symbol=HDFCBANK/part-082230_061143-037708.parquet,real_data_sample\l2_unseen_validation\trade_date=2026-07-17\exchange=NSE\symbol=HDFCBANK\part-082230_061143-037708.parquet,36183,downloaded,36183,
2026-07-17,NSE,HDFCBANK,raw_l2/trade_date=2026-07-17/exchange=NSE/symbol=HDFCBANK/part-082244_365529-037740.parquet,real_data_sample\l2_unseen_validation\trade_date=2026-07-17\exchange=NSE\symbol=HDFCBANK\part-082244_365529-037740.parquet,35695,downloaded,35695,
2026-07-17,NSE,HDFCBANK,raw_l2/trade_date=2026-07-17/exchange=NSE/symbol=HDFCBANK/part-082312_946153-037804.parquet,real_data_sample\l2_unseen_validation\trade_date=2026-07-17\exchange=NSE\symbol=HDFCBANK\part-082312_946153-037804.parquet,36365,downloaded,36365,
2026-07-17,NSE,HDFCBANK,raw_l2/trade_date=2026-07-17/exchange=NSE/symbol=HDFCBANK/part-082617_405702-038220.parquet,real_data_sample\l2_unseen_validation\trade_date=2026-07-17\exchange=NSE\symbol=HDFCBANK\part-082617_405702-038220.parquet,36447,downloaded,36447,
2026-07-17,NSE,HDFCBANK,raw_l2/trade_date=2026-07-17/exchange=NSE/symbol=HDFCBANK/part-082603_221516-038188.parquet,real_data_sample\l2_unseen_validation\trade_date=2026-07-17\exchange=NSE\symbol=HDFCBANK\part-082603_221516-038188.parquet,35747,downloaded,35747,
2026-07-17,NSE,HDFCBANK,raw_l2/trade_date=2026-07-17/exchange=NSE/symbol=HDFCBANK/part-082742_928505-038412.parquet,real_data_sample\l2_unseen_validation\trade_date=2026-07-17\exchange=NSE\symbol=HDFCBANK\part-082742_928505-038412.parquet,36515,downloaded,36515,
2026-07-17,NSE,HDFCBANK,raw_l2/trade_date=2026-07-17/exchange=NSE/symbol=HDFCBANK/part-082631_880590-038252.parquet,real_data_sample\l2_unseen_validation\trade_date=2026-07-17\exchange=NSE\symbol=HDFCBANK\part-082631_880590-038252.parquet,36362,downloaded,36362,
2026-07-17,NSE,HDFCBANK,raw_l2/trade_date=2026-07-17/exchange=NSE/symbol=HDFCBANK/part-082728_611359-038380.parquet,real_data_sample\l2_unseen_validation\trade_date=2026-07-17\exchange=NSE\symbol=HDFCBANK\part-082728_611359-038380.parquet,36381,downloaded,36381,
2026-07-17,NSE,HDFCBANK,raw_l2/trade_date=2026-07-17/exchange=NSE/symbol=HDFCBANK/part-082700_092402-038316.parquet,real_data_sample\l2_unseen_validation\trade_date=2026-07-17\exchange=NSE\symbol=HDFCBANK\part-082700_092402-038316.parquet,35680,downloaded,35680,
2026-07-17,NSE,HDFCBANK,raw_l2/trade_date=2026-07-17/exchange=NSE/symbol=HDFCBANK/part-082646_090130-038284.parquet,real_data_sample\l2_unseen_validation\trade_date=2026-07-17\exchange=NSE\symbol=HDFCBANK\part-082646_090130-038284.parquet,36093,downloaded,36093,
2026-07-17,NSE,HDFCBANK,raw_l2/trade_date=2026-07-17/exchange=NSE/symbol=HDFCBANK/part-082714_414338-038348.parquet,real_data_sample\l2_unseen_validation\trade_date=2026-07-17\exchange=NSE\symbol=HDFCBANK\part-082714_414338-038348.parquet,36198,downloaded,36198,
2026-07-17,NSE,HDFCBANK,raw_l2/trade_date=2026-07-17/exchange=NSE/symbol=HDFCBANK/part-082757_227482-038444.parquet,real_data_sample\l2_unseen_validation\trade_date=2026-07-17\exchange=NSE\symbol=HDFCBANK\part-082757_227482-038444.parquet,36080,downloaded,36080,
2026-07-17,NSE,HDFCBANK,raw_l2/trade_date=2026-07-17/exchange=NSE/symbol=HDFCBANK/part-082811_754811-038476.parquet,real_data_sample\l2_unseen_validation\trade_date=2026-07-17\exchange=NSE\symbol=HDFCBANK\part-082811_754811-038476.parquet,35899,downloaded,35899,
2026-07-17,NSE,HDFCBANK,raw_l2/trade_date=2026-07-17/exchange=NSE/symbol=HDFCBANK/part-082909_756932-038604.parquet,real_data_sample\l2_unseen_validation\trade_date=2026-07-17\exchange=NSE\symbol=HDFCBANK\part-082909_756932-038604.parquet,35591,downloaded,35591,
2026-07-17,NSE,HDFCBANK,raw_l2/trade_date=2026-07-17/exchange=NSE/symbol=HDFCBANK/part-083022_397370-038764.parquet,real_data_sample\l2_unseen_validation\trade_date=2026-07-17\exchange=NSE\symbol=HDFCBANK\part-083022_397370-038764.parquet,35836,downloaded,35836,
2026-07-17,NSE,HDFCBANK,raw_l2/trade_date=2026-07-17/exchange=NSE/symbol=HDFCBANK/part-082855_187140-038572.parquet,real_data_sample\l2_unseen_validation\trade_date=2026-07-17\exchange=NSE\symbol=HDFCBANK\part-082855_187140-038572.parquet,36061,downloaded,36061,
2026-07-17,NSE,HDFCBANK,raw_l2/trade_date=2026-07-17/exchange=NSE/symbol=HDFCBANK/part-083233_309294-039052.parquet,real_data_sample\l2_unseen_validation\trade_date=2026-07-17\exchange=NSE\symbol=HDFCBANK\part-083233_309294-039052.parquet,36376,downloaded,36376,
2026-07-17,NSE,HDFCBANK,raw_l2/trade_date=2026-07-17/exchange=NSE/symbol=HDFCBANK/part-083302_472049-039116.parquet,real_data_sample\l2_unseen_validation\trade_date=2026-07-17\exchange=NSE\symbol=HDFCBANK\part-083302_472049-039116.parquet,36464,downloaded,36464,
2026-07-17,NSE,HDFCBANK,raw_l2/trade_date=2026-07-17/exchange=NSE/symbol=HDFCBANK/part-082826_301258-038508.parquet,real_data_sample\l2_unseen_validation\trade_date=2026-07-17\exchange=NSE\symbol=HDFCBANK\part-082826_301258-038508.parquet,36627,downloaded,36627,
2026-07-17,NSE,HDFCBANK,raw_l2/trade_date=2026-07-17/exchange=NSE/symbol=HDFCBANK/part-083105_591522-038860.parquet,real_data_sample\l2_unseen_validation\trade_date=2026-07-17\exchange=NSE\symbol=HDFCBANK\part-083105_591522-038860.parquet,35652,downloaded,35652,
2026-07-17,NSE,HDFCBANK,raw_l2/trade_date=2026-07-17/exchange=NSE/symbol=HDFCBANK/part-083036_723089-038796.parquet,real_data_sample\l2_unseen_validation\trade_date=2026-07-17\exchange=NSE\symbol=HDFCBANK\part-083036_723089-038796.parquet,35731,downloaded,35731,
2026-07-17,NSE,HDFCBANK,raw_l2/trade_date=2026-07-17/exchange=NSE/symbol=HDFCBANK/part-083051_208259-038828.parquet,real_data_sample\l2_unseen_validation\trade_date=2026-07-17\exchange=NSE\symbol=HDFCBANK\part-083051_208259-038828.parquet,35380,downloaded,35380,
2026-07-17,NSE,HDFCBANK,raw_l2/trade_date=2026-07-17/exchange=NSE/symbol=HDFCBANK/part-083120_492909-038892.parquet,real_data_sample\l2_unseen_validation\trade_date=2026-07-17\exchange=NSE\symbol=HDFCBANK\part-083120_492909-038892.parquet,36367,downloaded,36367,
2026-07-17,NSE,HDFCBANK,raw_l2/trade_date=2026-07-17/exchange=NSE/symbol=HDFCBANK/part-082924_202444-038636.parquet,real_data_sample\l2_unseen_validation\trade_date=2026-07-17\exchange=NSE\symbol=HDFCBANK\part-082924_202444-038636.parquet,36541,downloaded,36541,
2026-07-17,NSE,HDFCBANK,raw_l2/trade_date=2026-07-17/exchange=NSE/symbol=HDFCBANK/part-083149_703242-038956.parquet,real_data_sample\l2_unseen_validation\trade_date=2026-07-17\exchange=NSE\symbol=HDFCBANK\part-083149_703242-038956.parquet,35815,downloaded,35815,
2026-07-17,NSE,HDFCBANK,raw_l2/trade_date=2026-07-17/exchange=NSE/symbol=HDFCBANK/part-083135_087496-038924.parquet,real_data_sample\l2_unseen_validation\trade_date=2026-07-17\exchange=NSE\symbol=HDFCBANK\part-083135_087496-038924.parquet,36079,downloaded,36079,
2026-07-17,NSE,HDFCBANK,raw_l2/trade_date=2026-07-17/exchange=NSE/symbol=HDFCBANK/part-082938_739486-038668.parquet,real_data_sample\l2_unseen_validation\trade_date=2026-07-17\exchange=NSE\symbol=HDFCBANK\part-082938_739486-038668.parquet,36361,downloaded,36361,
2026-07-17,NSE,HDFCBANK,raw_l2/trade_date=2026-07-17/exchange=NSE/symbol=HDFCBANK/part-083007_978110-038732.parquet,real_data_sample\l2_unseen_validation\trade_date=2026-07-17\exchange=NSE\symbol=HDFCBANK\part-083007_978110-038732.parquet,36120,downloaded,36120,
2026-07-17,NSE,HDFCBANK,raw_l2/trade_date=2026-07-17/exchange=NSE/symbol=HDFCBANK/part-083247_747848-039084.parquet,real_data_sample\l2_unseen_validation\trade_date=2026-07-17\exchange=NSE\symbol=HDFCBANK\part-083247_747848-039084.parquet,36212,downloaded,36212,
2026-07-17,NSE,HDFCBANK,raw_l2/trade_date=2026-07-17/exchange=NSE/symbol=HDFCBANK/part-083317_157355-039148.parquet,real_data_sample\l2_unseen_validation\trade_date=2026-07-17\exchange=NSE\symbol=HDFCBANK\part-083317_157355-039148.parquet,36162,downloaded,36162,
2026-07-17,NSE,HDFCBANK,raw_l2/trade_date=2026-07-17/exchange=NSE/symbol=HDFCBANK/part-083203_903759-038988.parquet,real_data_sample\l2_unseen_validation\trade_date=2026-07-17\exchange=NSE\symbol=HDFCBANK\part-083203_903759-038988.parquet,36303,downloaded,36303,
2026-07-17,NSE,HDFCBANK,raw_l2/trade_date=2026-07-17/exchange=NSE/symbol=HDFCBANK/part-083331_474507-039180.parquet,real_data_sample\l2_unseen_validation\trade_date=2026-07-17\exchange=NSE\symbol=HDFCBANK\part-083331_474507-039180.parquet,36007,downloaded,36007,
2026-07-17,NSE,HDFCBANK,raw_l2/trade_date=2026-07-17/exchange=NSE/symbol=HDFCBANK/part-083218_610337-039020.parquet,real_data_sample\l2_unseen_validation\trade_date=2026-07-17\exchange=NSE\symbol=HDFCBANK\part-083218_610337-039020.parquet,36252,downloaded,36252,
2026-07-17,NSE,HDFCBANK,raw_l2/trade_date=2026-07-17/exchange=NSE/symbol=HDFCBANK/part-082953_226900-038700.parquet,real_data_sample\l2_unseen_validation\trade_date=2026-07-17\exchange=NSE\symbol=HDFCBANK\part-082953_226900-038700.parquet,36028,downloaded,36028,
2026-07-17,NSE,HDFCBANK,raw_l2/trade_date=2026-07-17/exchange=NSE/symbol=HDFCBANK/part-083345_657314-039212.parquet,real_data_sample\l2_unseen_validation\trade_date=2026-07-17\exchange=NSE\symbol=HDFCBANK\part-083345_657314-039212.parquet,36170,downloaded,36170,
2026-07-17,NSE,HDFCBANK,raw_l2/trade_date=2026-07-17/exchange=NSE/symbol=HDFCBANK/part-083400_190121-039244.parquet,real_data_sample\l2_unseen_validation\trade_date=2026-07-17\exchange=NSE\symbol=HDFCBANK\part-083400_190121-039244.parquet,36044,downloaded,36044,
2026-07-17,NSE,HDFCBANK,raw_l2/trade_date=2026-07-17/exchange=NSE/symbol=HDFCBANK/part-083414_481284-039276.parquet,real_data_sample\l2_unseen_validation\trade_date=2026-07-17\exchange=NSE\symbol=HDFCBANK\part-083414_481284-039276.parquet,36001,downloaded,36001,
2026-07-17,NSE,HDFCBANK,raw_l2/trade_date=2026-07-17/exchange=NSE/symbol=HDFCBANK/part-083428_659311-039308.parquet,real_data_sample\l2_unseen_validation\trade_date=2026-07-17\exchange=NSE\symbol=HDFCBANK\part-083428_659311-039308.parquet,35955,downloaded,35955,
2026-07-17,NSE,HDFCBANK,raw_l2/trade_date=2026-07-17/exchange=NSE/symbol=HDFCBANK/part-083540_144849-039468.parquet,real_data_sample\l2_unseen_validation\trade_date=2026-07-17\exchange=NSE\symbol=HDFCBANK\part-083540_144849-039468.parquet,36028,downloaded,36028,
2026-07-17,NSE,HDFCBANK,raw_l2/trade_date=2026-07-17/exchange=NSE/symbol=HDFCBANK/part-083457_587917-039372.parquet,real_data_sample\l2_unseen_validation\trade_date=2026-07-17\exchange=NSE\symbol=HDFCBANK\part-083457_587917-039372.parquet,36079,downloaded,36079,
2026-07-17,NSE,HDFCBANK,raw_l2/trade_date=2026-07-17/exchange=NSE/symbol=HDFCBANK/part-083443_113520-039340.parquet,real_data_sample\l2_unseen_validation\trade_date=2026-07-17\exchange=NSE\symbol=HDFCBANK\part-083443_113520-039340.parquet,36166,downloaded,36166,
2026-07-17,NSE,HDFCBANK,raw_l2/trade_date=2026-07-17/exchange=NSE/symbol=HDFCBANK/part-083526_070110-039436.parquet,real_data_sample\l2_unseen_validation\trade_date=2026-07-17\exchange=NSE\symbol=HDFCBANK\part-083526_070110-039436.parquet,35720,downloaded,35720,
2026-07-17,NSE,HDFCBANK,raw_l2/trade_date=2026-07-17/exchange=NSE/symbol=HDFCBANK/part-083511_852320-039404.parquet,real_data_sample\l2_unseen_validation\trade_date=2026-07-17\exchange=NSE\symbol=HDFCBANK\part-083511_852320-039404.parquet,36251,downloaded,36251,
2026-07-17,NSE,HDFCBANK,raw_l2/trade_date=2026-07-17/exchange=NSE/symbol=HDFCBANK/part-083554_392656-039500.parquet,real_data_sample\l2_unseen_validation\trade_date=2026-07-17\exchange=NSE\symbol=HDFCBANK\part-083554_392656-039500.parquet,35915,downloaded,35915,
2026-07-17,NSE,HDFCBANK,raw_l2/trade_date=2026-07-17/exchange=NSE/symbol=HDFCBANK/part-083622_929857-039564.parquet,real_data_sample\l2_unseen_validation\trade_date=2026-07-17\exchange=NSE\symbol=HDFCBANK\part-083622_929857-039564.parquet,35939,downloaded,35939,
2026-07-17,NSE,HDFCBANK,raw_l2/trade_date=2026-07-17/exchange=NSE/symbol=HDFCBANK/part-082840_754673-038540.parquet,real_data_sample\l2_unseen_validation\trade_date=2026-07-17\exchange=NSE\symbol=HDFCBANK\part-082840_754673-038540.parquet,36519,downloaded,36519,
2026-07-17,NSE,HDFCBANK,raw_l2/trade_date=2026-07-17/exchange=NSE/symbol=HDFCBANK/part-083608_418838-039532.parquet,real_data_sample\l2_unseen_validation\trade_date=2026-07-17\exchange=NSE\symbol=HDFCBANK\part-083608_418838-039532.parquet,35691,downloaded,35691,
2026-07-17,NSE,HDFCBANK,raw_l2/trade_date=2026-07-17/exchange=NSE/symbol=HDFCBANK/part-084054_535924-040172.parquet,real_data_sample\l2_unseen_validation\trade_date=2026-07-17\exchange=NSE\symbol=HDFCBANK\part-084054_535924-040172.parquet,35390,downloaded,35390,
2026-07-17,NSE,HDFCBANK,raw_l2/trade_date=2026-07-17/exchange=NSE/symbol=HDFCBANK/part-083942_731039-040012.parquet,real_data_sample\l2_unseen_validation\trade_date=2026-07-17\exchange=NSE\symbol=HDFCBANK\part-083942_731039-040012.parquet,35844,downloaded,35844,
2026-07-17,NSE,HDFCBANK,raw_l2/trade_date=2026-07-17/exchange=NSE/symbol=HDFCBANK/part-084151_634588-040300.parquet,real_data_sample\l2_unseen_validation\trade_date=2026-07-17\exchange=NSE\symbol=HDFCBANK\part-084151_634588-040300.parquet,34816,downloaded,34816,
2026-07-17,NSE,HDFCBANK,raw_l2/trade_date=2026-07-17/exchange=NSE/symbol=HDFCBANK/part-084137_208963-040268.parquet,real_data_sample\l2_unseen_validation\trade_date=2026-07-17\exchange=NSE\symbol=HDFCBANK\part-084137_208963-040268.parquet,34924,downloaded,34924,
2026-07-17,NSE,HDFCBANK,raw_l2/trade_date=2026-07-17/exchange=NSE/symbol=HDFCBANK/part-083719_666394-039692.parquet,real_data_sample\l2_unseen_validation\trade_date=2026-07-17\exchange=NSE\symbol=HDFCBANK\part-083719_666394-039692.parquet,35929,downloaded,35929,
2026-07-17,NSE,HDFCBANK,raw_l2/trade_date=2026-07-17/exchange=NSE/symbol=HDFCBANK/part-083651_382465-039628.parquet,real_data_sample\l2_unseen_validation\trade_date=2026-07-17\exchange=NSE\symbol=HDFCBANK\part-083651_382465-039628.parquet,36393,downloaded,36393,
2026-07-17,NSE,HDFCBANK,raw_l2/trade_date=2026-07-17/exchange=NSE/symbol=HDFCBANK/part-083705_600003-039660.parquet,real_data_sample\l2_unseen_validation\trade_date=2026-07-17\exchange=NSE\symbol=HDFCBANK\part-083705_600003-039660.parquet,36600,downloaded,36600,
2026-07-17,NSE,HDFCBANK,raw_l2/trade_date=2026-07-17/exchange=NSE/symbol=HDFCBANK/part-083956_878110-040044.parquet,real_data_sample\l2_unseen_validation\trade_date=2026-07-17\exchange=NSE\symbol=HDFCBANK\part-083956_878110-040044.parquet,36355,downloaded,36355,
2026-07-17,NSE,HDFCBANK,raw_l2/trade_date=2026-07-17/exchange=NSE/symbol=HDFCBANK/part-083637_134358-039596.parquet,real_data_sample\l2_unseen_validation\trade_date=2026-07-17\exchange=NSE\symbol=HDFCBANK\part-083637_134358-039596.parquet,35830,downloaded,35830,
2026-07-17,NSE,HDFCBANK,raw_l2/trade_date=2026-07-17/exchange=NSE/symbol=HDFCBANK/part-084039_901055-040140.parquet,real_data_sample\l2_unseen_validation\trade_date=2026-07-17\exchange=NSE\symbol=HDFCBANK\part-084039_901055-040140.parquet,35446,downloaded,35446,
2026-07-17,NSE,HDFCBANK,raw_l2/trade_date=2026-07-17/exchange=NSE/symbol=HDFCBANK/part-084108_596513-040204.parquet,real_data_sample\l2_unseen_validation\trade_date=2026-07-17\exchange=NSE\symbol=HDFCBANK\part-084108_596513-040204.parquet,35651,downloaded,35651,
2026-07-17,NSE,HDFCBANK,raw_l2/trade_date=2026-07-17/exchange=NSE/symbol=HDFCBANK/part-084220_448511-040364.parquet,real_data_sample\l2_unseen_validation\trade_date=2026-07-17\exchange=NSE\symbol=HDFCBANK\part-084220_448511-040364.parquet,35140,downloaded,35140,
2026-07-17,NSE,HDFCBANK,raw_l2/trade_date=2026-07-17/exchange=NSE/symbol=HDFCBANK/part-083831_046815-039852.parquet,real_data_sample\l2_unseen_validation\trade_date=2026-07-17\exchange=NSE\symbol=HDFCBANK\part-083831_046815-039852.parquet,36473,downloaded,36473,
2026-07-17,NSE,HDFCBANK,raw_l2/trade_date=2026-07-17/exchange=NSE/symbol=HDFCBANK/part-083802_537558-039788.parquet,real_data_sample\l2_unseen_validation\trade_date=2026-07-17\exchange=NSE\symbol=HDFCBANK\part-083802_537558-039788.parquet,35355,downloaded,35355,
2026-07-17,NSE,HDFCBANK,raw_l2/trade_date=2026-07-17/exchange=NSE/symbol=HDFCBANK/part-083928_435186-039980.parquet,real_data_sample\l2_unseen_validation\trade_date=2026-07-17\exchange=NSE\symbol=HDFCBANK\part-083928_435186-039980.parquet,35820,downloaded,35820,
2026-07-17,NSE,HDFCBANK,raw_l2/trade_date=2026-07-17/exchange=NSE/symbol=HDFCBANK/part-084205_932878-040332.parquet,real_data_sample\l2_unseen_validation\trade_date=2026-07-17\exchange=NSE\symbol=HDFCBANK\part-084205_932878-040332.parquet,34940,downloaded,34940,
2026-07-17,NSE,HDFCBANK,raw_l2/trade_date=2026-07-17/exchange=NSE/symbol=HDFCBANK/part-083914_094824-039948.parquet,real_data_sample\l2_unseen_validation\trade_date=2026-07-17\exchange=NSE\symbol=HDFCBANK\part-083914_094824-039948.parquet,35836,downloaded,35836,
2026-07-17,NSE,HDFCBANK,raw_l2/trade_date=2026-07-17/exchange=NSE/symbol=HDFCBANK/part-083845_355309-039884.parquet,real_data_sample\l2_unseen_validation\trade_date=2026-07-17\exchange=NSE\symbol=HDFCBANK\part-083845_355309-039884.parquet,36113,downloaded,36113,
2026-07-17,NSE,HDFCBANK,raw_l2/trade_date=2026-07-17/exchange=NSE/symbol=HDFCBANK/part-083733_848286-039724.parquet,real_data_sample\l2_unseen_validation\trade_date=2026-07-17\exchange=NSE\symbol=HDFCBANK\part-083733_848286-039724.parquet,35982,downloaded,35982,
2026-07-17,NSE,HDFCBANK,raw_l2/trade_date=2026-07-17/exchange=NSE/symbol=HDFCBANK/part-083859_725624-039916.parquet,real_data_sample\l2_unseen_validation\trade_date=2026-07-17\exchange=NSE\symbol=HDFCBANK\part-083859_725624-039916.parquet,35788,downloaded,35788,
2026-07-17,NSE,HDFCBANK,raw_l2/trade_date=2026-07-17/exchange=NSE/symbol=HDFCBANK/part-084025_627436-040108.parquet,real_data_sample\l2_unseen_validation\trade_date=2026-07-17\exchange=NSE\symbol=HDFCBANK\part-084025_627436-040108.parquet,35708,downloaded,35708,
2026-07-17,NSE,HDFCBANK,raw_l2/trade_date=2026-07-17/exchange=NSE/symbol=HDFCBANK/part-084122_705038-040236.parquet,real_data_sample\l2_unseen_validation\trade_date=2026-07-17\exchange=NSE\symbol=HDFCBANK\part-084122_705038-040236.parquet,35091,downloaded,35091,
2026-07-17,NSE,HDFCBANK,raw_l2/trade_date=2026-07-17/exchange=NSE/symbol=HDFCBANK/part-083748_100525-039756.parquet,real_data_sample\l2_unseen_validation\trade_date=2026-07-17\exchange=NSE\symbol=HDFCBANK\part-083748_100525-039756.parquet,36034,downloaded,36034,
2026-07-17,NSE,HDFCBANK,raw_l2/trade_date=2026-07-17/exchange=NSE/symbol=HDFCBANK/part-084249_038481-040428.parquet,real_data_sample\l2_unseen_validation\trade_date=2026-07-17\exchange=NSE\symbol=HDFCBANK\part-084249_038481-040428.parquet,35813,downloaded,35813,
2026-07-17,NSE,HDFCBANK,raw_l2/trade_date=2026-07-17/exchange=NSE/symbol=HDFCBANK/part-084011_426392-040076.parquet,real_data_sample\l2_unseen_validation\trade_date=2026-07-17\exchange=NSE\symbol=HDFCBANK\part-084011_426392-040076.parquet,35982,downloaded,35982,
2026-07-17,NSE,HDFCBANK,raw_l2/trade_date=2026-07-17/exchange=NSE/symbol=HDFCBANK/part-084303_417927-040460.parquet,real_data_sample\l2_unseen_validation\trade_date=2026-07-17\exchange=NSE\symbol=HDFCBANK\part-084303_417927-040460.parquet,35607,downloaded,35607,
2026-07-17,NSE,HDFCBANK,raw_l2/trade_date=2026-07-17/exchange=NSE/symbol=HDFCBANK/part-083816_666369-039820.parquet,real_data_sample\l2_unseen_validation\trade_date=2026-07-17\exchange=NSE\symbol=HDFCBANK\part-083816_666369-039820.parquet,35836,downloaded,35836,
2026-07-17,NSE,HDFCBANK,raw_l2/trade_date=2026-07-17/exchange=NSE/symbol=HDFCBANK/part-084234_724809-040396.parquet,real_data_sample\l2_unseen_validation\trade_date=2026-07-17\exchange=NSE\symbol=HDFCBANK\part-084234_724809-040396.parquet,35367,downloaded,35367,
2026-07-17,NSE,HDFCBANK,raw_l2/trade_date=2026-07-17/exchange=NSE/symbol=HDFCBANK/part-084317_877314-040492.parquet,real_data_sample\l2_unseen_validation\trade_date=2026-07-17\exchange=NSE\symbol=HDFCBANK\part-084317_877314-040492.parquet,35594,downloaded,35594,
2026-07-17,NSE,HDFCBANK,raw_l2/trade_date=2026-07-17/exchange=NSE/symbol=HDFCBANK/part-084444_417369-040684.parquet,real_data_sample\l2_unseen_validation\trade_date=2026-07-17\exchange=NSE\symbol=HDFCBANK\part-084444_417369-040684.parquet,35790,downloaded,35790,
2026-07-17,NSE,HDFCBANK,raw_l2/trade_date=2026-07-17/exchange=NSE/symbol=HDFCBANK/part-084332_287878-040524.parquet,real_data_sample\l2_unseen_validation\trade_date=2026-07-17\exchange=NSE\symbol=HDFCBANK\part-084332_287878-040524.parquet,35489,downloaded,35489,
2026-07-17,NSE,HDFCBANK,raw_l2/trade_date=2026-07-17/exchange=NSE/symbol=HDFCBANK/part-085015_261207-041420.parquet,real_data_sample\l2_unseen_validation\trade_date=2026-07-17\exchange=NSE\symbol=HDFCBANK\part-085015_261207-041420.parquet,36521,downloaded,36521,
2026-07-17,NSE,HDFCBANK,raw_l2/trade_date=2026-07-17/exchange=NSE/symbol=HDFCBANK/part-084931_649327-041324.parquet,real_data_sample\l2_unseen_validation\trade_date=2026-07-17\exchange=NSE\symbol=HDFCBANK\part-084931_649327-041324.parquet,36409,downloaded,36409,
2026-07-17,NSE,HDFCBANK,raw_l2/trade_date=2026-07-17/exchange=NSE/symbol=HDFCBANK/part-084542_195769-040812.parquet,real_data_sample\l2_unseen_validation\trade_date=2026-07-17\exchange=NSE\symbol=HDFCBANK\part-084542_195769-040812.parquet,36387,downloaded,36387,
2026-07-17,NSE,HDFCBANK,raw_l2/trade_date=2026-07-17/exchange=NSE/symbol=HDFCBANK/part-084458_784156-040716.parquet,real_data_sample\l2_unseen_validation\trade_date=2026-07-17\exchange=NSE\symbol=HDFCBANK\part-084458_784156-040716.parquet,36128,downloaded,36128,
2026-07-17,NSE,HDFCBANK,raw_l2/trade_date=2026-07-17/exchange=NSE/symbol=HDFCBANK/part-084610_926213-040876.parquet,real_data_sample\l2_unseen_validation\trade_date=2026-07-17\exchange=NSE\symbol=HDFCBANK\part-084610_926213-040876.parquet,36993,downloaded,36993,
2026-07-17,NSE,HDFCBANK,raw_l2/trade_date=2026-07-17/exchange=NSE/symbol=HDFCBANK/part-084639_451427-040940.parquet,real_data_sample\l2_unseen_validation\trade_date=2026-07-17\exchange=NSE\symbol=HDFCBANK\part-084639_451427-040940.parquet,36694,downloaded,36694,
2026-07-17,NSE,HDFCBANK,raw_l2/trade_date=2026-07-17/exchange=NSE/symbol=HDFCBANK/part-084847_994936-041228.parquet,real_data_sample\l2_unseen_validation\trade_date=2026-07-17\exchange=NSE\symbol=HDFCBANK\part-084847_994936-041228.parquet,36304,downloaded,36304,
2026-07-17,NSE,HDFCBANK,raw_l2/trade_date=2026-07-17/exchange=NSE/symbol=HDFCBANK/part-084527_736334-040780.parquet,real_data_sample\l2_unseen_validation\trade_date=2026-07-17\exchange=NSE\symbol=HDFCBANK\part-084527_736334-040780.parquet,36742,downloaded,36742,
2026-07-17,NSE,HDFCBANK,raw_l2/trade_date=2026-07-17/exchange=NSE/symbol=HDFCBANK/part-084556_392805-040844.parquet,real_data_sample\l2_unseen_validation\trade_date=2026-07-17\exchange=NSE\symbol=HDFCBANK\part-084556_392805-040844.parquet,36216,downloaded,36216,
2026-07-17,NSE,HDFCBANK,raw_l2/trade_date=2026-07-17/exchange=NSE/symbol=HDFCBANK/part-085043_701481-041484.parquet,real_data_sample\l2_unseen_validation\trade_date=2026-07-17\exchange=NSE\symbol=HDFCBANK\part-085043_701481-041484.parquet,36192,downloaded,36192,
2026-07-17,NSE,HDFCBANK,raw_l2/trade_date=2026-07-17/exchange=NSE/symbol=HDFCBANK/part-084917_147369-041292.parquet,real_data_sample\l2_unseen_validation\trade_date=2026-07-17\exchange=NSE\symbol=HDFCBANK\part-084917_147369-041292.parquet,36290,downloaded,36290,
2026-07-17,NSE,HDFCBANK,raw_l2/trade_date=2026-07-17/exchange=NSE/symbol=HDFCBANK/part-084902_510270-041260.parquet,real_data_sample\l2_unseen_validation\trade_date=2026-07-17\exchange=NSE\symbol=HDFCBANK\part-084902_510270-041260.parquet,36334,downloaded,36334,
2026-07-17,NSE,HDFCBANK,raw_l2/trade_date=2026-07-17/exchange=NSE/symbol=HDFCBANK/part-084722_144047-041036.parquet,real_data_sample\l2_unseen_validation\trade_date=2026-07-17\exchange=NSE\symbol=HDFCBANK\part-084722_144047-041036.parquet,36498,downloaded,36498,
2026-07-17,NSE,HDFCBANK,raw_l2/trade_date=2026-07-17/exchange=NSE/symbol=HDFCBANK/part-084513_335719-040748.parquet,real_data_sample\l2_unseen_validation\trade_date=2026-07-17\exchange=NSE\symbol=HDFCBANK\part-084513_335719-040748.parquet,36383,downloaded,36383,
2026-07-17,NSE,HDFCBANK,raw_l2/trade_date=2026-07-17/exchange=NSE/symbol=HDFCBANK/part-084736_338754-041068.parquet,real_data_sample\l2_unseen_validation\trade_date=2026-07-17\exchange=NSE\symbol=HDFCBANK\part-084736_338754-041068.parquet,36573,downloaded,36573,
2026-07-17,NSE,HDFCBANK,raw_l2/trade_date=2026-07-17/exchange=NSE/symbol=HDFCBANK/part-084653_725915-040972.parquet,real_data_sample\l2_unseen_validation\trade_date=2026-07-17\exchange=NSE\symbol=HDFCBANK\part-084653_725915-040972.parquet,36591,downloaded,36591,
2026-07-17,NSE,HDFCBANK,raw_l2/trade_date=2026-07-17/exchange=NSE/symbol=HDFCBANK/part-084804_882667-041132.parquet,real_data_sample\l2_unseen_validation\trade_date=2026-07-17\exchange=NSE\symbol=HDFCBANK\part-084804_882667-041132.parquet,36270,downloaded,36270,
2026-07-17,NSE,HDFCBANK,raw_l2/trade_date=2026-07-17/exchange=NSE/symbol=HDFCBANK/part-084401_204925-040588.parquet,real_data_sample\l2_unseen_validation\trade_date=2026-07-17\exchange=NSE\symbol=HDFCBANK\part-084401_204925-040588.parquet,35780,downloaded,35780,
2026-07-17,NSE,HDFCBANK,raw_l2/trade_date=2026-07-17/exchange=NSE/symbol=HDFCBANK/part-084625_150076-040908.parquet,real_data_sample\l2_unseen_validation\trade_date=2026-07-17\exchange=NSE\symbol=HDFCBANK\part-084625_150076-040908.parquet,36515,downloaded,36515,
2026-07-17,NSE,HDFCBANK,raw_l2/trade_date=2026-07-17/exchange=NSE/symbol=HDFCBANK/part-084750_687384-041100.parquet,real_data_sample\l2_unseen_validation\trade_date=2026-07-17\exchange=NSE\symbol=HDFCBANK\part-084750_687384-041100.parquet,36307,downloaded,36307,
2026-07-17,NSE,HDFCBANK,raw_l2/trade_date=2026-07-17/exchange=NSE/symbol=HDFCBANK/part-084707_921912-041004.parquet,real_data_sample\l2_unseen_validation\trade_date=2026-07-17\exchange=NSE\symbol=HDFCBANK\part-084707_921912-041004.parquet,36243,downloaded,36243,
2026-07-17,NSE,HDFCBANK,raw_l2/trade_date=2026-07-17/exchange=NSE/symbol=HDFCBANK/part-084819_201486-041164.parquet,real_data_sample\l2_unseen_validation\trade_date=2026-07-17\exchange=NSE\symbol=HDFCBANK\part-084819_201486-041164.parquet,36521,downloaded,36521,
2026-07-17,NSE,HDFCBANK,raw_l2/trade_date=2026-07-17/exchange=NSE/symbol=HDFCBANK/part-084946_253837-041356.parquet,real_data_sample\l2_unseen_validation\trade_date=2026-07-17\exchange=NSE\symbol=HDFCBANK\part-084946_253837-041356.parquet,36373,downloaded,36373,
2026-07-17,NSE,HDFCBANK,raw_l2/trade_date=2026-07-17/exchange=NSE/symbol=HDFCBANK/part-085058_215705-041516.parquet,real_data_sample\l2_unseen_validation\trade_date=2026-07-17\exchange=NSE\symbol=HDFCBANK\part-085058_215705-041516.parquet,36251,downloaded,36251,
2026-07-17,NSE,HDFCBANK,raw_l2/trade_date=2026-07-17/exchange=NSE/symbol=HDFCBANK/part-084833_525592-041196.parquet,real_data_sample\l2_unseen_validation\trade_date=2026-07-17\exchange=NSE\symbol=HDFCBANK\part-084833_525592-041196.parquet,36473,downloaded,36473,
2026-07-17,NSE,HDFCBANK,raw_l2/trade_date=2026-07-17/exchange=NSE/symbol=HDFCBANK/part-085000_729910-041388.parquet,real_data_sample\l2_unseen_validation\trade_date=2026-07-17\exchange=NSE\symbol=HDFCBANK\part-085000_729910-041388.parquet,36720,downloaded,36720,
2026-07-17,NSE,HDFCBANK,raw_l2/trade_date=2026-07-17/exchange=NSE/symbol=HDFCBANK/part-085029_533030-041452.parquet,real_data_sample\l2_unseen_validation\trade_date=2026-07-17\exchange=NSE\symbol=HDFCBANK\part-085029_533030-041452.parquet,36554,downloaded,36554,
2026-07-17,NSE,HDFCBANK,raw_l2/trade_date=2026-07-17/exchange=NSE/symbol=HDFCBANK/part-084415_577063-040620.parquet,real_data_sample\l2_unseen_validation\trade_date=2026-07-17\exchange=NSE\symbol=HDFCBANK\part-084415_577063-040620.parquet,35820,downloaded,35820,
2026-07-17,NSE,HDFCBANK,raw_l2/trade_date=2026-07-17/exchange=NSE/symbol=HDFCBANK/part-084430_051698-040652.parquet,real_data_sample\l2_unseen_validation\trade_date=2026-07-17\exchange=NSE\symbol=HDFCBANK\part-084430_051698-040652.parquet,35818,downloaded,35818,
2026-07-17,NSE,HDFCBANK,raw_l2/trade_date=2026-07-17/exchange=NSE/symbol=HDFCBANK/part-085225_583652-041708.parquet,real_data_sample\l2_unseen_validation\trade_date=2026-07-17\exchange=NSE\symbol=HDFCBANK\part-085225_583652-041708.parquet,36248,downloaded,36248,
2026-07-17,NSE,HDFCBANK,raw_l2/trade_date=2026-07-17/exchange=NSE/symbol=HDFCBANK/part-085325_225276-041836.parquet,real_data_sample\l2_unseen_validation\trade_date=2026-07-17\exchange=NSE\symbol=HDFCBANK\part-085325_225276-041836.parquet,36287,downloaded,36287,
2026-07-17,NSE,HDFCBANK,raw_l2/trade_date=2026-07-17/exchange=NSE/symbol=HDFCBANK/part-085811_395807-042476.parquet,real_data_sample\l2_unseen_validation\trade_date=2026-07-17\exchange=NSE\symbol=HDFCBANK\part-085811_395807-042476.parquet,36329,downloaded,36329,
2026-07-17,NSE,HDFCBANK,raw_l2/trade_date=2026-07-17/exchange=NSE/symbol=HDFCBANK/part-085756_994545-042444.parquet,real_data_sample\l2_unseen_validation\trade_date=2026-07-17\exchange=NSE\symbol=HDFCBANK\part-085756_994545-042444.parquet,36016,downloaded,36016,
2026-07-17,NSE,HDFCBANK,raw_l2/trade_date=2026-07-17/exchange=NSE/symbol=HDFCBANK/part-085602_833170-042188.parquet,real_data_sample\l2_unseen_validation\trade_date=2026-07-17\exchange=NSE\symbol=HDFCBANK\part-085602_833170-042188.parquet,36407,downloaded,36407,
2026-07-17,NSE,HDFCBANK,raw_l2/trade_date=2026-07-17/exchange=NSE/symbol=HDFCBANK/part-085422_856918-041964.parquet,real_data_sample\l2_unseen_validation\trade_date=2026-07-17\exchange=NSE\symbol=HDFCBANK\part-085422_856918-041964.parquet,35797,downloaded,35797,
2026-07-17,NSE,HDFCBANK,raw_l2/trade_date=2026-07-17/exchange=NSE/symbol=HDFCBANK/part-085825_753912-042508.parquet,real_data_sample\l2_unseen_validation\trade_date=2026-07-17\exchange=NSE\symbol=HDFCBANK\part-085825_753912-042508.parquet,35711,downloaded,35711,
2026-07-17,NSE,HDFCBANK,raw_l2/trade_date=2026-07-17/exchange=NSE/symbol=HDFCBANK/part-085534_371281-042124.parquet,real_data_sample\l2_unseen_validation\trade_date=2026-07-17\exchange=NSE\symbol=HDFCBANK\part-085534_371281-042124.parquet,36355,downloaded,36355,
2026-07-17,NSE,HDFCBANK,raw_l2/trade_date=2026-07-17/exchange=NSE/symbol=HDFCBANK/part-085520_192288-042092.parquet,real_data_sample\l2_unseen_validation\trade_date=2026-07-17\exchange=NSE\symbol=HDFCBANK\part-085520_192288-042092.parquet,36100,downloaded,36100,
2026-07-17,NSE,HDFCBANK,raw_l2/trade_date=2026-07-17/exchange=NSE/symbol=HDFCBANK/part-085742_476542-042412.parquet,real_data_sample\l2_unseen_validation\trade_date=2026-07-17\exchange=NSE\symbol=HDFCBANK\part-085742_476542-042412.parquet,36418,downloaded,36418,
2026-07-17,NSE,HDFCBANK,raw_l2/trade_date=2026-07-17/exchange=NSE/symbol=HDFCBANK/part-085506_029748-042060.parquet,real_data_sample\l2_unseen_validation\trade_date=2026-07-17\exchange=NSE\symbol=HDFCBANK\part-085506_029748-042060.parquet,35972,downloaded,35972,
2026-07-17,NSE,HDFCBANK,raw_l2/trade_date=2026-07-17/exchange=NSE/symbol=HDFCBANK/part-085854_746670-042572.parquet,real_data_sample\l2_unseen_validation\trade_date=2026-07-17\exchange=NSE\symbol=HDFCBANK\part-085854_746670-042572.parquet,36407,downloaded,36407,
2026-07-17,NSE,HDFCBANK,raw_l2/trade_date=2026-07-17/exchange=NSE/symbol=HDFCBANK/part-085909_184762-042604.parquet,real_data_sample\l2_unseen_validation\trade_date=2026-07-17\exchange=NSE\symbol=HDFCBANK\part-085909_184762-042604.parquet,36432,downloaded,36432,
2026-07-17,NSE,HDFCBANK,raw_l2/trade_date=2026-07-17/exchange=NSE/symbol=HDFCBANK/part-085840_247069-042540.parquet,real_data_sample\l2_unseen_validation\trade_date=2026-07-17\exchange=NSE\symbol=HDFCBANK\part-085840_247069-042540.parquet,36012,downloaded,36012,
2026-07-17,NSE,HDFCBANK,raw_l2/trade_date=2026-07-17/exchange=NSE/symbol=HDFCBANK/part-090105_754444-042860.parquet,real_data_sample\l2_unseen_validation\trade_date=2026-07-17\exchange=NSE\symbol=HDFCBANK\part-090105_754444-042860.parquet,36275,downloaded,36275,
2026-07-17,NSE,HDFCBANK,raw_l2/trade_date=2026-07-17/exchange=NSE/symbol=HDFCBANK/part-085923_851880-042636.parquet,real_data_sample\l2_unseen_validation\trade_date=2026-07-17\exchange=NSE\symbol=HDFCBANK\part-085923_851880-042636.parquet,36423,downloaded,36423,
2026-07-17,NSE,HDFCBANK,raw_l2/trade_date=2026-07-17/exchange=NSE/symbol=HDFCBANK/part-090036_567357-042796.parquet,real_data_sample\l2_unseen_validation\trade_date=2026-07-17\exchange=NSE\symbol=HDFCBANK\part-090036_567357-042796.parquet,35995,downloaded,35995,
2026-07-17,NSE,HDFCBANK,raw_l2/trade_date=2026-07-17/exchange=NSE/symbol=HDFCBANK/part-090022_237354-042764.parquet,real_data_sample\l2_unseen_validation\trade_date=2026-07-17\exchange=NSE\symbol=HDFCBANK\part-090022_237354-042764.parquet,36522,downloaded,36522,
2026-07-17,NSE,HDFCBANK,raw_l2/trade_date=2026-07-17/exchange=NSE/symbol=HDFCBANK/part-085938_577670-042668.parquet,real_data_sample\l2_unseen_validation\trade_date=2026-07-17\exchange=NSE\symbol=HDFCBANK\part-085938_577670-042668.parquet,35866,downloaded,35866,
2026-07-17,NSE,HDFCBANK,raw_l2/trade_date=2026-07-17/exchange=NSE/symbol=HDFCBANK/part-085953_356812-042700.parquet,real_data_sample\l2_unseen_validation\trade_date=2026-07-17\exchange=NSE\symbol=HDFCBANK\part-085953_356812-042700.parquet,36725,downloaded,36725,
2026-07-17,NSE,HDFCBANK,raw_l2/trade_date=2026-07-17/exchange=NSE/symbol=HDFCBANK/part-090007_849468-042732.parquet,real_data_sample\l2_unseen_validation\trade_date=2026-07-17\exchange=NSE\symbol=HDFCBANK\part-090007_849468-042732.parquet,36838,downloaded,36838,
2026-07-17,NSE,HDFCBANK,raw_l2/trade_date=2026-07-17/exchange=NSE/symbol=HDFCBANK/part-090051_115490-042828.parquet,real_data_sample\l2_unseen_validation\trade_date=2026-07-17\exchange=NSE\symbol=HDFCBANK\part-090051_115490-042828.parquet,36143,downloaded,36143,
2026-07-17,NSE,HDFCBANK,raw_l2/trade_date=2026-07-17/exchange=NSE/symbol=HDFCBANK/part-090120_361107-042892.parquet,real_data_sample\l2_unseen_validation\trade_date=2026-07-17\exchange=NSE\symbol=HDFCBANK\part-090120_361107-042892.parquet,36222,downloaded,36222,
2026-07-17,NSE,HDFCBANK,raw_l2/trade_date=2026-07-17/exchange=NSE/symbol=HDFCBANK/part-090149_195100-042956.parquet,real_data_sample\l2_unseen_validation\trade_date=2026-07-17\exchange=NSE\symbol=HDFCBANK\part-090149_195100-042956.parquet,35507,downloaded,35507,
2026-07-17,NSE,HDFCBANK,raw_l2/trade_date=2026-07-17/exchange=NSE/symbol=HDFCBANK/part-090134_766440-042924.parquet,real_data_sample\l2_unseen_validation\trade_date=2026-07-17\exchange=NSE\symbol=HDFCBANK\part-090134_766440-042924.parquet,36194,downloaded,36194,
2026-07-17,NSE,HDFCBANK,raw_l2/trade_date=2026-07-17/exchange=NSE/symbol=HDFCBANK/part-090246_470355-043084.parquet,real_data_sample\l2_unseen_validation\trade_date=2026-07-17\exchange=NSE\symbol=HDFCBANK\part-090246_470355-043084.parquet,35791,downloaded,35791,
2026-07-17,NSE,HDFCBANK,raw_l2/trade_date=2026-07-17/exchange=NSE/symbol=HDFCBANK/part-090203_448695-042988.parquet,real_data_sample\l2_unseen_validation\trade_date=2026-07-17\exchange=NSE\symbol=HDFCBANK\part-090203_448695-042988.parquet,35725,downloaded,35725,
2026-07-17,NSE,HDFCBANK,raw_l2/trade_date=2026-07-17/exchange=NSE/symbol=HDFCBANK/part-090231_994475-043052.parquet,real_data_sample\l2_unseen_validation\trade_date=2026-07-17\exchange=NSE\symbol=HDFCBANK\part-090231_994475-043052.parquet,35777,downloaded,35777,
2026-07-17,NSE,HDFCBANK,raw_l2/trade_date=2026-07-17/exchange=NSE/symbol=HDFCBANK/part-090217_620426-043020.parquet,real_data_sample\l2_unseen_validation\trade_date=2026-07-17\exchange=NSE\symbol=HDFCBANK\part-090217_620426-043020.parquet,35898,downloaded,35898,
2026-07-17,NSE,HDFCBANK,raw_l2/trade_date=2026-07-17/exchange=NSE/symbol=HDFCBANK/part-090300_808884-043116.parquet,real_data_sample\l2_unseen_validation\trade_date=2026-07-17\exchange=NSE\symbol=HDFCBANK\part-090300_808884-043116.parquet,35332,downloaded,35332,
2026-07-17,NSE,HDFCBANK,raw_l2/trade_date=2026-07-17/exchange=NSE/symbol=HDFCBANK/part-090344_624887-043212.parquet,real_data_sample\l2_unseen_validation\trade_date=2026-07-17\exchange=NSE\symbol=HDFCBANK\part-090344_624887-043212.parquet,35942,downloaded,35942,
2026-07-17,NSE,HDFCBANK,raw_l2/trade_date=2026-07-17/exchange=NSE/symbol=HDFCBANK/part-090315_248443-043148.parquet,real_data_sample\l2_unseen_validation\trade_date=2026-07-17\exchange=NSE\symbol=HDFCBANK\part-090315_248443-043148.parquet,36157,downloaded,36157,
2026-07-17,NSE,HDFCBANK,raw_l2/trade_date=2026-07-17/exchange=NSE/symbol=HDFCBANK/part-090329_787842-043180.parquet,real_data_sample\l2_unseen_validation\trade_date=2026-07-17\exchange=NSE\symbol=HDFCBANK\part-090329_787842-043180.parquet,35942,downloaded,35942,
2026-07-17,NSE,HDFCBANK,raw_l2/trade_date=2026-07-17/exchange=NSE/symbol=HDFCBANK/part-084346_690163-040556.parquet,real_data_sample\l2_unseen_validation\trade_date=2026-07-17\exchange=NSE\symbol=HDFCBANK\part-084346_690163-040556.parquet,35318,downloaded,35318,
2026-07-17,NSE,HDFCBANK,raw_l2/trade_date=2026-07-17/exchange=NSE/symbol=HDFCBANK/part-090359_406153-043244.parquet,real_data_sample\l2_unseen_validation\trade_date=2026-07-17\exchange=NSE\symbol=HDFCBANK\part-090359_406153-043244.parquet,36180,downloaded,36180,
2026-07-17,NSE,HDFCBANK,raw_l2/trade_date=2026-07-17/exchange=NSE/symbol=HDFCBANK/part-090413_642411-043276.parquet,real_data_sample\l2_unseen_validation\trade_date=2026-07-17\exchange=NSE\symbol=HDFCBANK\part-090413_642411-043276.parquet,35995,downloaded,35995,
2026-07-17,NSE,HDFCBANK,raw_l2/trade_date=2026-07-17/exchange=NSE/symbol=HDFCBANK/part-090512_336582-043404.parquet,real_data_sample\l2_unseen_validation\trade_date=2026-07-17\exchange=NSE\symbol=HDFCBANK\part-090512_336582-043404.parquet,36368,downloaded,36368,
2026-07-17,NSE,HDFCBANK,raw_l2/trade_date=2026-07-17/exchange=NSE/symbol=HDFCBANK/part-090457_563529-043372.parquet,real_data_sample\l2_unseen_validation\trade_date=2026-07-17\exchange=NSE\symbol=HDFCBANK\part-090457_563529-043372.parquet,36320,downloaded,36320,
2026-07-17,NSE,HDFCBANK,raw_l2/trade_date=2026-07-17/exchange=NSE/symbol=HDFCBANK/part-090526_674546-043436.parquet,real_data_sample\l2_unseen_validation\trade_date=2026-07-17\exchange=NSE\symbol=HDFCBANK\part-090526_674546-043436.parquet,36319,downloaded,36319,
2026-07-17,NSE,HDFCBANK,raw_l2/trade_date=2026-07-17/exchange=NSE/symbol=HDFCBANK/part-090442_818386-043340.parquet,real_data_sample\l2_unseen_validation\trade_date=2026-07-17\exchange=NSE\symbol=HDFCBANK\part-090442_818386-043340.parquet,36204,downloaded,36204,
2026-07-17,NSE,HDFCBANK,raw_l2/trade_date=2026-07-17/exchange=NSE/symbol=HDFCBANK/part-090427_962862-043308.parquet,real_data_sample\l2_unseen_validation\trade_date=2026-07-17\exchange=NSE\symbol=HDFCBANK\part-090427_962862-043308.parquet,36200,downloaded,36200,
2026-07-17,NSE,HDFCBANK,raw_l2/trade_date=2026-07-17/exchange=NSE/symbol=HDFCBANK/part-090624_247522-043564.parquet,real_data_sample\l2_unseen_validation\trade_date=2026-07-17\exchange=NSE\symbol=HDFCBANK\part-090624_247522-043564.parquet,36320,downloaded,36320,
2026-07-17,NSE,HDFCBANK,raw_l2/trade_date=2026-07-17/exchange=NSE/symbol=HDFCBANK/part-090541_109857-043468.parquet,real_data_sample\l2_unseen_validation\trade_date=2026-07-17\exchange=NSE\symbol=HDFCBANK\part-090541_109857-043468.parquet,36024,downloaded,36024,
2026-07-17,NSE,HDFCBANK,raw_l2/trade_date=2026-07-17/exchange=NSE/symbol=HDFCBANK/part-090609_637741-043532.parquet,real_data_sample\l2_unseen_validation\trade_date=2026-07-17\exchange=NSE\symbol=HDFCBANK\part-090609_637741-043532.parquet,36045,downloaded,36045,
2026-07-17,NSE,HDFCBANK,raw_l2/trade_date=2026-07-17/exchange=NSE/symbol=HDFCBANK/part-090555_403598-043500.parquet,real_data_sample\l2_unseen_validation\trade_date=2026-07-17\exchange=NSE\symbol=HDFCBANK\part-090555_403598-043500.parquet,35970,downloaded,35970,
2026-07-17,NSE,HDFCBANK,raw_l2/trade_date=2026-07-17/exchange=NSE/symbol=HDFCBANK/part-090707_746169-043660.parquet,real_data_sample\l2_unseen_validation\trade_date=2026-07-17\exchange=NSE\symbol=HDFCBANK\part-090707_746169-043660.parquet,36234,downloaded,36234,
2026-07-17,NSE,HDFCBANK,raw_l2/trade_date=2026-07-17/exchange=NSE/symbol=HDFCBANK/part-090653_209554-043628.parquet,real_data_sample\l2_unseen_validation\trade_date=2026-07-17\exchange=NSE\symbol=HDFCBANK\part-090653_209554-043628.parquet,36307,downloaded,36307,
2026-07-17,NSE,HDFCBANK,raw_l2/trade_date=2026-07-17/exchange=NSE/symbol=HDFCBANK/part-090736_391449-043724.parquet,real_data_sample\l2_unseen_validation\trade_date=2026-07-17\exchange=NSE\symbol=HDFCBANK\part-090736_391449-043724.parquet,36177,downloaded,36177,
2026-07-17,NSE,HDFCBANK,raw_l2/trade_date=2026-07-17/exchange=NSE/symbol=HDFCBANK/part-090722_159709-043692.parquet,real_data_sample\l2_unseen_validation\trade_date=2026-07-17\exchange=NSE\symbol=HDFCBANK\part-090722_159709-043692.parquet,36066,downloaded,36066,
2026-07-17,NSE,HDFCBANK,raw_l2/trade_date=2026-07-17/exchange=NSE/symbol=HDFCBANK/part-090805_573776-043788.parquet,real_data_sample\l2_unseen_validation\trade_date=2026-07-17\exchange=NSE\symbol=HDFCBANK\part-090805_573776-043788.parquet,36176,downloaded,36176,
2026-07-17,NSE,HDFCBANK,raw_l2/trade_date=2026-07-17/exchange=NSE/symbol=HDFCBANK/part-090819_920609-043820.parquet,real_data_sample\l2_unseen_validation\trade_date=2026-07-17\exchange=NSE\symbol=HDFCBANK\part-090819_920609-043820.parquet,35964,downloaded,35964,
2026-07-17,NSE,HDFCBANK,raw_l2/trade_date=2026-07-17/exchange=NSE/symbol=HDFCBANK/part-090750_669466-043756.parquet,real_data_sample\l2_unseen_validation\trade_date=2026-07-17\exchange=NSE\symbol=HDFCBANK\part-090750_669466-043756.parquet,36282,downloaded,36282,
2026-07-17,NSE,HDFCBANK,raw_l2/trade_date=2026-07-17/exchange=NSE/symbol=HDFCBANK/part-090849_192059-043884.parquet,real_data_sample\l2_unseen_validation\trade_date=2026-07-17\exchange=NSE\symbol=HDFCBANK\part-090849_192059-043884.parquet,36687,downloaded,36687,
2026-07-17,NSE,HDFCBANK,raw_l2/trade_date=2026-07-17/exchange=NSE/symbol=HDFCBANK/part-090919_089160-043948.parquet,real_data_sample\l2_unseen_validation\trade_date=2026-07-17\exchange=NSE\symbol=HDFCBANK\part-090919_089160-043948.parquet,35848,downloaded,35848,
2026-07-17,NSE,HDFCBANK,raw_l2/trade_date=2026-07-17/exchange=NSE/symbol=HDFCBANK/part-090904_001496-043916.parquet,real_data_sample\l2_unseen_validation\trade_date=2026-07-17\exchange=NSE\symbol=HDFCBANK\part-090904_001496-043916.parquet,36334,downloaded,36334,
2026-07-17,NSE,HDFCBANK,raw_l2/trade_date=2026-07-17/exchange=NSE/symbol=HDFCBANK/part-090834_620703-043852.parquet,real_data_sample\l2_unseen_validation\trade_date=2026-07-17\exchange=NSE\symbol=HDFCBANK\part-090834_620703-043852.parquet,36095,downloaded,36095,
2026-07-17,NSE,HDFCBANK,raw_l2/trade_date=2026-07-17/exchange=NSE/symbol=HDFCBANK/part-090933_751572-043980.parquet,real_data_sample\l2_unseen_validation\trade_date=2026-07-17\exchange=NSE\symbol=HDFCBANK\part-090933_751572-043980.parquet,36041,downloaded,36041,
2026-07-17,NSE,HDFCBANK,raw_l2/trade_date=2026-07-17/exchange=NSE/symbol=HDFCBANK/part-090638_649787-043596.parquet,real_data_sample\l2_unseen_validation\trade_date=2026-07-17\exchange=NSE\symbol=HDFCBANK\part-090638_649787-043596.parquet,36632,downloaded,36632,
2026-07-17,NSE,HDFCBANK,raw_l2/trade_date=2026-07-17/exchange=NSE/symbol=HDFCBANK/part-090948_925830-044012.parquet,real_data_sample\l2_unseen_validation\trade_date=2026-07-17\exchange=NSE\symbol=HDFCBANK\part-090948_925830-044012.parquet,35965,downloaded,35965,
2026-07-17,NSE,HDFCBANK,raw_l2/trade_date=2026-07-17/exchange=NSE/symbol=HDFCBANK/part-091018_686841-044076.parquet,real_data_sample\l2_unseen_validation\trade_date=2026-07-17\exchange=NSE\symbol=HDFCBANK\part-091018_686841-044076.parquet,36283,downloaded,36283,
2026-07-17,NSE,HDFCBANK,raw_l2/trade_date=2026-07-17/exchange=NSE/symbol=HDFCBANK/part-091004_368664-044044.parquet,real_data_sample\l2_unseen_validation\trade_date=2026-07-17\exchange=NSE\symbol=HDFCBANK\part-091004_368664-044044.parquet,36152,downloaded,36152,
2026-07-17,NSE,HDFCBANK,raw_l2/trade_date=2026-07-17/exchange=NSE/symbol=HDFCBANK/part-091048_016400-044140.parquet,real_data_sample\l2_unseen_validation\trade_date=2026-07-17\exchange=NSE\symbol=HDFCBANK\part-091048_016400-044140.parquet,35800,downloaded,35800,
2026-07-17,NSE,HDFCBANK,raw_l2/trade_date=2026-07-17/exchange=NSE/symbol=HDFCBANK/part-091033_398961-044108.parquet,real_data_sample\l2_unseen_validation\trade_date=2026-07-17\exchange=NSE\symbol=HDFCBANK\part-091033_398961-044108.parquet,35918,downloaded,35918,
2026-07-17,NSE,HDFCBANK,raw_l2/trade_date=2026-07-17/exchange=NSE/symbol=HDFCBANK/part-091102_683938-044172.parquet,real_data_sample\l2_unseen_validation\trade_date=2026-07-17\exchange=NSE\symbol=HDFCBANK\part-091102_683938-044172.parquet,35807,downloaded,35807,
2026-07-17,NSE,HDFCBANK,raw_l2/trade_date=2026-07-17/exchange=NSE/symbol=HDFCBANK/part-091132_352065-044236.parquet,real_data_sample\l2_unseen_validation\trade_date=2026-07-17\exchange=NSE\symbol=HDFCBANK\part-091132_352065-044236.parquet,36035,downloaded,36035,
2026-07-17,NSE,HDFCBANK,raw_l2/trade_date=2026-07-17/exchange=NSE/symbol=HDFCBANK/part-091117_309652-044204.parquet,real_data_sample\l2_unseen_validation\trade_date=2026-07-17\exchange=NSE\symbol=HDFCBANK\part-091117_309652-044204.parquet,36476,downloaded,36476,
2026-07-17,NSE,HDFCBANK,raw_l2/trade_date=2026-07-17/exchange=NSE/symbol=HDFCBANK/part-091146_713093-044268.parquet,real_data_sample\l2_unseen_validation\trade_date=2026-07-17\exchange=NSE\symbol=HDFCBANK\part-091146_713093-044268.parquet,35621,downloaded,35621,
2026-07-17,NSE,HDFCBANK,raw_l2/trade_date=2026-07-17/exchange=NSE/symbol=HDFCBANK/part-091201_271983-044300.parquet,real_data_sample\l2_unseen_validation\trade_date=2026-07-17\exchange=NSE\symbol=HDFCBANK\part-091201_271983-044300.parquet,36018,downloaded,36018,
2026-07-17,NSE,HDFCBANK,raw_l2/trade_date=2026-07-17/exchange=NSE/symbol=HDFCBANK/part-091216_203667-044332.parquet,real_data_sample\l2_unseen_validation\trade_date=2026-07-17\exchange=NSE\symbol=HDFCBANK\part-091216_203667-044332.parquet,35694,downloaded,35694,
2026-07-17,NSE,HDFCBANK,raw_l2/trade_date=2026-07-17/exchange=NSE/symbol=HDFCBANK/part-091246_724661-044396.parquet,real_data_sample\l2_unseen_validation\trade_date=2026-07-17\exchange=NSE\symbol=HDFCBANK\part-091246_724661-044396.parquet,36937,downloaded,36937,
2026-07-17,NSE,HDFCBANK,raw_l2/trade_date=2026-07-17/exchange=NSE/symbol=HDFCBANK/part-091301_041863-044428.parquet,real_data_sample\l2_unseen_validation\trade_date=2026-07-17\exchange=NSE\symbol=HDFCBANK\part-091301_041863-044428.parquet,36158,downloaded,36158,
2026-07-17,NSE,HDFCBANK,raw_l2/trade_date=2026-07-17/exchange=NSE/symbol=HDFCBANK/part-091330_216068-044492.parquet,real_data_sample\l2_unseen_validation\trade_date=2026-07-17\exchange=NSE\symbol=HDFCBANK\part-091330_216068-044492.parquet,36642,downloaded,36642,
2026-07-17,NSE,HDFCBANK,raw_l2/trade_date=2026-07-17/exchange=NSE/symbol=HDFCBANK/part-091344_642878-044524.parquet,real_data_sample\l2_unseen_validation\trade_date=2026-07-17\exchange=NSE\symbol=HDFCBANK\part-091344_642878-044524.parquet,36273,downloaded,36273,
2026-07-17,NSE,HDFCBANK,raw_l2/trade_date=2026-07-17/exchange=NSE/symbol=HDFCBANK/part-091315_680886-044460.parquet,real_data_sample\l2_unseen_validation\trade_date=2026-07-17\exchange=NSE\symbol=HDFCBANK\part-091315_680886-044460.parquet,36711,downloaded,36711,
2026-07-17,NSE,HDFCBANK,raw_l2/trade_date=2026-07-17/exchange=NSE/symbol=HDFCBANK/part-091359_224740-044556.parquet,real_data_sample\l2_unseen_validation\trade_date=2026-07-17\exchange=NSE\symbol=HDFCBANK\part-091359_224740-044556.parquet,36188,downloaded,36188,
2026-07-17,NSE,HDFCBANK,raw_l2/trade_date=2026-07-17/exchange=NSE/symbol=HDFCBANK/part-085210_989339-041676.parquet,real_data_sample\l2_unseen_validation\trade_date=2026-07-17\exchange=NSE\symbol=HDFCBANK\part-085210_989339-041676.parquet,35892,downloaded,35892,
2026-07-17,NSE,HDFCBANK,raw_l2/trade_date=2026-07-17/exchange=NSE/symbol=HDFCBANK/part-085113_112142-041548.parquet,real_data_sample\l2_unseen_validation\trade_date=2026-07-17\exchange=NSE\symbol=HDFCBANK\part-085113_112142-041548.parquet,36328,downloaded,36328,
2026-07-17,NSE,HDFCBANK,raw_l2/trade_date=2026-07-17/exchange=NSE/symbol=HDFCBANK/part-085645_421523-042284.parquet,real_data_sample\l2_unseen_validation\trade_date=2026-07-17\exchange=NSE\symbol=HDFCBANK\part-085645_421523-042284.parquet,36426,downloaded,36426,
2026-07-17,NSE,HDFCBANK,raw_l2/trade_date=2026-07-17/exchange=NSE/symbol=HDFCBANK/part-085728_074070-042380.parquet,real_data_sample\l2_unseen_validation\trade_date=2026-07-17\exchange=NSE\symbol=HDFCBANK\part-085728_074070-042380.parquet,35993,downloaded,35993,
2026-07-17,NSE,HDFCBANK,raw_l2/trade_date=2026-07-17/exchange=NSE/symbol=HDFCBANK/part-085451_646072-042028.parquet,real_data_sample\l2_unseen_validation\trade_date=2026-07-17\exchange=NSE\symbol=HDFCBANK\part-085451_646072-042028.parquet,36213,downloaded,36213,
2026-07-17,NSE,HDFCBANK,raw_l2/trade_date=2026-07-17/exchange=NSE/symbol=HDFCBANK/part-085437_220631-041996.parquet,real_data_sample\l2_unseen_validation\trade_date=2026-07-17\exchange=NSE\symbol=HDFCBANK\part-085437_220631-041996.parquet,36128,downloaded,36128,
2026-07-17,NSE,HDFCBANK,raw_l2/trade_date=2026-07-17/exchange=NSE/symbol=HDFCBANK/part-091413_671054-044588.parquet,real_data_sample\l2_unseen_validation\trade_date=2026-07-17\exchange=NSE\symbol=HDFCBANK\part-091413_671054-044588.parquet,36442,downloaded,36442,
2026-07-17,NSE,HDFCBANK,raw_l2/trade_date=2026-07-17/exchange=NSE/symbol=HDFCBANK/part-091427_941346-044620.parquet,real_data_sample\l2_unseen_validation\trade_date=2026-07-17\exchange=NSE\symbol=HDFCBANK\part-091427_941346-044620.parquet,36077,downloaded,36077,
2026-07-17,NSE,HDFCBANK,raw_l2/trade_date=2026-07-17/exchange=NSE/symbol=HDFCBANK/part-091511_241814-044716.parquet,real_data_sample\l2_unseen_validation\trade_date=2026-07-17\exchange=NSE\symbol=HDFCBANK\part-091511_241814-044716.parquet,36255,downloaded,36255,
2026-07-17,NSE,HDFCBANK,raw_l2/trade_date=2026-07-17/exchange=NSE/symbol=HDFCBANK/part-091456_738921-044684.parquet,real_data_sample\l2_unseen_validation\trade_date=2026-07-17\exchange=NSE\symbol=HDFCBANK\part-091456_738921-044684.parquet,36100,downloaded,36100,
2026-07-17,NSE,HDFCBANK,raw_l2/trade_date=2026-07-17/exchange=NSE/symbol=HDFCBANK/part-085141_838112-041612.parquet,real_data_sample\l2_unseen_validation\trade_date=2026-07-17\exchange=NSE\symbol=HDFCBANK\part-085141_838112-041612.parquet,36781,downloaded,36781,
2026-07-17,NSE,HDFCBANK,raw_l2/trade_date=2026-07-17/exchange=NSE/symbol=HDFCBANK/part-091231_740191-044364.parquet,real_data_sample\l2_unseen_validation\trade_date=2026-07-17\exchange=NSE\symbol=HDFCBANK\part-091231_740191-044364.parquet,36763,downloaded,36763,
2026-07-17,NSE,HDFCBANK,raw_l2/trade_date=2026-07-17/exchange=NSE/symbol=HDFCBANK/part-091442_451872-044652.parquet,real_data_sample\l2_unseen_validation\trade_date=2026-07-17\exchange=NSE\symbol=HDFCBANK\part-091442_451872-044652.parquet,36208,downloaded,36208,
2026-07-17,NSE,HDFCBANK,raw_l2/trade_date=2026-07-17/exchange=NSE/symbol=HDFCBANK/part-085354_406817-041900.parquet,real_data_sample\l2_unseen_validation\trade_date=2026-07-17\exchange=NSE\symbol=HDFCBANK\part-085354_406817-041900.parquet,36369,downloaded,36369,
2026-07-17,NSE,HDFCBANK,raw_l2/trade_date=2026-07-17/exchange=NSE/symbol=HDFCBANK/part-085408_660731-041932.parquet,real_data_sample\l2_unseen_validation\trade_date=2026-07-17\exchange=NSE\symbol=HDFCBANK\part-085408_660731-041932.parquet,36146,downloaded,36146,
2026-07-17,NSE,HDFCBANK,raw_l2/trade_date=2026-07-17/exchange=NSE/symbol=HDFCBANK/part-085156_257369-041644.parquet,real_data_sample\l2_unseen_validation\trade_date=2026-07-17\exchange=NSE\symbol=HDFCBANK\part-085156_257369-041644.parquet,35975,downloaded,35975,
2026-07-17,NSE,HDFCBANK,raw_l2/trade_date=2026-07-17/exchange=NSE/symbol=HDFCBANK/part-085240_267364-041740.parquet,real_data_sample\l2_unseen_validation\trade_date=2026-07-17\exchange=NSE\symbol=HDFCBANK\part-085240_267364-041740.parquet,36313,downloaded,36313,
2026-07-17,NSE,HDFCBANK,raw_l2/trade_date=2026-07-17/exchange=NSE/symbol=HDFCBANK/part-091525_425498-044748.parquet,real_data_sample\l2_unseen_validation\trade_date=2026-07-17\exchange=NSE\symbol=HDFCBANK\part-091525_425498-044748.parquet,36304,downloaded,36304,
2026-07-17,NSE,HDFCBANK,raw_l2/trade_date=2026-07-17/exchange=NSE/symbol=HDFCBANK/part-085713_973618-042348.parquet,real_data_sample\l2_unseen_validation\trade_date=2026-07-17\exchange=NSE\symbol=HDFCBANK\part-085713_973618-042348.parquet,36266,downloaded,36266,
2026-07-17,NSE,HDFCBANK,raw_l2/trade_date=2026-07-17/exchange=NSE/symbol=HDFCBANK/part-085255_088458-041772.parquet,real_data_sample\l2_unseen_validation\trade_date=2026-07-17\exchange=NSE\symbol=HDFCBANK\part-085255_088458-041772.parquet,36127,downloaded,36127,
2026-07-17,NSE,HDFCBANK,raw_l2/trade_date=2026-07-17/exchange=NSE/symbol=HDFCBANK/part-091539_760630-044780.parquet,real_data_sample\l2_unseen_validation\trade_date=2026-07-17\exchange=NSE\symbol=HDFCBANK\part-091539_760630-044780.parquet,36187,downloaded,36187,
2026-07-17,NSE,HDFCBANK,raw_l2/trade_date=2026-07-17/exchange=NSE/symbol=HDFCBANK/part-085310_059200-041804.parquet,real_data_sample\l2_unseen_validation\trade_date=2026-07-17\exchange=NSE\symbol=HDFCBANK\part-085310_059200-041804.parquet,36238,downloaded,36238,
2026-07-17,NSE,HDFCBANK,raw_l2/trade_date=2026-07-17/exchange=NSE/symbol=HDFCBANK/part-091554_244877-044812.parquet,real_data_sample\l2_unseen_validation\trade_date=2026-07-17\exchange=NSE\symbol=HDFCBANK\part-091554_244877-044812.parquet,36212,downloaded,36212,
2026-07-17,NSE,HDFCBANK,raw_l2/trade_date=2026-07-17/exchange=NSE/symbol=HDFCBANK/part-091623_520339-044876.parquet,real_data_sample\l2_unseen_validation\trade_date=2026-07-17\exchange=NSE\symbol=HDFCBANK\part-091623_520339-044876.parquet,36614,downloaded,36614,
2026-07-17,NSE,HDFCBANK,raw_l2/trade_date=2026-07-17/exchange=NSE/symbol=HDFCBANK/part-091608_963257-044844.parquet,real_data_sample\l2_unseen_validation\trade_date=2026-07-17\exchange=NSE\symbol=HDFCBANK\part-091608_963257-044844.parquet,36683,downloaded,36683,
2026-07-17,NSE,HDFCBANK,raw_l2/trade_date=2026-07-17/exchange=NSE/symbol=HDFCBANK/part-091637_651392-044908.parquet,real_data_sample\l2_unseen_validation\trade_date=2026-07-17\exchange=NSE\symbol=HDFCBANK\part-091637_651392-044908.parquet,36561,downloaded,36561,
2026-07-17,NSE,HDFCBANK,raw_l2/trade_date=2026-07-17/exchange=NSE/symbol=HDFCBANK/part-091651_872081-044940.parquet,real_data_sample\l2_unseen_validation\trade_date=2026-07-17\exchange=NSE\symbol=HDFCBANK\part-091651_872081-044940.parquet,36524,downloaded,36524,
2026-07-17,NSE,HDFCBANK,raw_l2/trade_date=2026-07-17/exchange=NSE/symbol=HDFCBANK/part-091720_341968-045004.parquet,real_data_sample\l2_unseen_validation\trade_date=2026-07-17\exchange=NSE\symbol=HDFCBANK\part-091720_341968-045004.parquet,36297,downloaded,36297,
2026-07-17,NSE,HDFCBANK,raw_l2/trade_date=2026-07-17/exchange=NSE/symbol=HDFCBANK/part-091748_624267-045068.parquet,real_data_sample\l2_unseen_validation\trade_date=2026-07-17\exchange=NSE\symbol=HDFCBANK\part-091748_624267-045068.parquet,36577,downloaded,36577,
2026-07-17,NSE,HDFCBANK,raw_l2/trade_date=2026-07-17/exchange=NSE/symbol=HDFCBANK/part-085548_670666-042156.parquet,real_data_sample\l2_unseen_validation\trade_date=2026-07-17\exchange=NSE\symbol=HDFCBANK\part-085548_670666-042156.parquet,36989,downloaded,36989,
2026-07-17,NSE,HDFCBANK,raw_l2/trade_date=2026-07-17/exchange=NSE/symbol=HDFCBANK/part-091706_167794-044972.parquet,real_data_sample\l2_unseen_validation\trade_date=2026-07-17\exchange=NSE\symbol=HDFCBANK\part-091706_167794-044972.parquet,36931,downloaded,36931,
2026-07-17,NSE,HDFCBANK,raw_l2/trade_date=2026-07-17/exchange=NSE/symbol=HDFCBANK/part-085631_208180-042252.parquet,real_data_sample\l2_unseen_validation\trade_date=2026-07-17\exchange=NSE\symbol=HDFCBANK\part-085631_208180-042252.parquet,36959,downloaded,36959,
2026-07-17,NSE,HDFCBANK,raw_l2/trade_date=2026-07-17/exchange=NSE/symbol=HDFCBANK/part-085340_217394-041868.parquet,real_data_sample\l2_unseen_validation\trade_date=2026-07-17\exchange=NSE\symbol=HDFCBANK\part-085340_217394-041868.parquet,36517,downloaded,36517,
2026-07-17,NSE,HDFCBANK,raw_l2/trade_date=2026-07-17/exchange=NSE/symbol=HDFCBANK/part-091802_834227-045100.parquet,real_data_sample\l2_unseen_validation\trade_date=2026-07-17\exchange=NSE\symbol=HDFCBANK\part-091802_834227-045100.parquet,36206,downloaded,36206,
2026-07-17,NSE,HDFCBANK,raw_l2/trade_date=2026-07-17/exchange=NSE/symbol=HDFCBANK/part-085659_627312-042316.parquet,real_data_sample\l2_unseen_validation\trade_date=2026-07-17\exchange=NSE\symbol=HDFCBANK\part-085659_627312-042316.parquet,36638,downloaded,36638,
2026-07-17,NSE,HDFCBANK,raw_l2/trade_date=2026-07-17/exchange=NSE/symbol=HDFCBANK/part-091957_908021-045356.parquet,real_data_sample\l2_unseen_validation\trade_date=2026-07-17\exchange=NSE\symbol=HDFCBANK\part-091957_908021-045356.parquet,36407,downloaded,36407,
2026-07-17,NSE,HDFCBANK,raw_l2/trade_date=2026-07-17/exchange=NSE/symbol=HDFCBANK/part-092055_201434-045484.parquet,real_data_sample\l2_unseen_validation\trade_date=2026-07-17\exchange=NSE\symbol=HDFCBANK\part-092055_201434-045484.parquet,36348,downloaded,36348,
2026-07-17,NSE,HDFCBANK,raw_l2/trade_date=2026-07-17/exchange=NSE/symbol=HDFCBANK/part-092012_334749-045388.parquet,real_data_sample\l2_unseen_validation\trade_date=2026-07-17\exchange=NSE\symbol=HDFCBANK\part-092012_334749-045388.parquet,36117,downloaded,36117,
2026-07-17,NSE,HDFCBANK,raw_l2/trade_date=2026-07-17/exchange=NSE/symbol=HDFCBANK/part-092026_691962-045420.parquet,real_data_sample\l2_unseen_validation\trade_date=2026-07-17\exchange=NSE\symbol=HDFCBANK\part-092026_691962-045420.parquet,36332,downloaded,36332,
2026-07-17,NSE,HDFCBANK,raw_l2/trade_date=2026-07-17/exchange=NSE/symbol=HDFCBANK/part-091943_756459-045324.parquet,real_data_sample\l2_unseen_validation\trade_date=2026-07-17\exchange=NSE\symbol=HDFCBANK\part-091943_756459-045324.parquet,36557,downloaded,36557,
2026-07-17,NSE,HDFCBANK,raw_l2/trade_date=2026-07-17/exchange=NSE/symbol=HDFCBANK/part-091846_204073-045196.parquet,real_data_sample\l2_unseen_validation\trade_date=2026-07-17\exchange=NSE\symbol=HDFCBANK\part-091846_204073-045196.parquet,36512,downloaded,36512,
2026-07-17,NSE,HDFCBANK,raw_l2/trade_date=2026-07-17/exchange=NSE/symbol=HDFCBANK/part-092109_640477-045516.parquet,real_data_sample\l2_unseen_validation\trade_date=2026-07-17\exchange=NSE\symbol=HDFCBANK\part-092109_640477-045516.parquet,36261,downloaded,36261,
2026-07-17,NSE,HDFCBANK,raw_l2/trade_date=2026-07-17/exchange=NSE/symbol=HDFCBANK/part-092138_326334-045580.parquet,real_data_sample\l2_unseen_validation\trade_date=2026-07-17\exchange=NSE\symbol=HDFCBANK\part-092138_326334-045580.parquet,35981,downloaded,35981,
2026-07-17,NSE,HDFCBANK,raw_l2/trade_date=2026-07-17/exchange=NSE/symbol=HDFCBANK/part-091900_549838-045228.parquet,real_data_sample\l2_unseen_validation\trade_date=2026-07-17\exchange=NSE\symbol=HDFCBANK\part-091900_549838-045228.parquet,36054,downloaded,36054,
2026-07-17,NSE,HDFCBANK,raw_l2/trade_date=2026-07-17/exchange=NSE/symbol=HDFCBANK/part-085127_471742-041580.parquet,real_data_sample\l2_unseen_validation\trade_date=2026-07-17\exchange=NSE\symbol=HDFCBANK\part-085127_471742-041580.parquet,36496,downloaded,36496,
2026-07-17,NSE,HDFCBANK,raw_l2/trade_date=2026-07-17/exchange=NSE/symbol=HDFCBANK/part-091817_468876-045132.parquet,real_data_sample\l2_unseen_validation\trade_date=2026-07-17\exchange=NSE\symbol=HDFCBANK\part-091817_468876-045132.parquet,36143,downloaded,36143,
2026-07-17,NSE,HDFCBANK,raw_l2/trade_date=2026-07-17/exchange=NSE/symbol=HDFCBANK/part-091831_711582-045164.parquet,real_data_sample\l2_unseen_validation\trade_date=2026-07-17\exchange=NSE\symbol=HDFCBANK\part-091831_711582-045164.parquet,36458,downloaded,36458,
2026-07-17,NSE,HDFCBANK,raw_l2/trade_date=2026-07-17/exchange=NSE/symbol=HDFCBANK/part-092152_977346-045612.parquet,real_data_sample\l2_unseen_validation\trade_date=2026-07-17\exchange=NSE\symbol=HDFCBANK\part-092152_977346-045612.parquet,36528,downloaded,36528,
2026-07-17,NSE,HDFCBANK,raw_l2/trade_date=2026-07-17/exchange=NSE/symbol=HDFCBANK/part-092207_154403-045644.parquet,real_data_sample\l2_unseen_validation\trade_date=2026-07-17\exchange=NSE\symbol=HDFCBANK\part-092207_154403-045644.parquet,36641,downloaded,36641,
2026-07-17,NSE,HDFCBANK,raw_l2/trade_date=2026-07-17/exchange=NSE/symbol=HDFCBANK/part-092221_391613-045676.parquet,real_data_sample\l2_unseen_validation\trade_date=2026-07-17\exchange=NSE\symbol=HDFCBANK\part-092221_391613-045676.parquet,36056,downloaded,36056,
2026-07-17,NSE,HDFCBANK,raw_l2/trade_date=2026-07-17/exchange=NSE/symbol=HDFCBANK/part-092235_715486-045708.parquet,real_data_sample\l2_unseen_validation\trade_date=2026-07-17\exchange=NSE\symbol=HDFCBANK\part-092235_715486-045708.parquet,36282,downloaded,36282,
2026-07-17,NSE,HDFCBANK,raw_l2/trade_date=2026-07-17/exchange=NSE/symbol=HDFCBANK/part-085616_895629-042220.parquet,real_data_sample\l2_unseen_validation\trade_date=2026-07-17\exchange=NSE\symbol=HDFCBANK\part-085616_895629-042220.parquet,36782,downloaded,36782,
2026-07-17,NSE,HDFCBANK,raw_l2/trade_date=2026-07-17/exchange=NSE/symbol=HDFCBANK/part-092304_445977-045772.parquet,real_data_sample\l2_unseen_validation\trade_date=2026-07-17\exchange=NSE\symbol=HDFCBANK\part-092304_445977-045772.parquet,35849,downloaded,35849,
2026-07-17,NSE,HDFCBANK,raw_l2/trade_date=2026-07-17/exchange=NSE/symbol=HDFCBANK/part-092250_170817-045740.parquet,real_data_sample\l2_unseen_validation\trade_date=2026-07-17\exchange=NSE\symbol=HDFCBANK\part-092250_170817-045740.parquet,36036,downloaded,36036,
2026-07-17,NSE,HDFCBANK,raw_l2/trade_date=2026-07-17/exchange=NSE/symbol=HDFCBANK/part-092333_854522-045836.parquet,real_data_sample\l2_unseen_validation\trade_date=2026-07-17\exchange=NSE\symbol=HDFCBANK\part-092333_854522-045836.parquet,35833,downloaded,35833,
2026-07-17,NSE,HDFCBANK,raw_l2/trade_date=2026-07-17/exchange=NSE/symbol=HDFCBANK/part-092319_180424-045804.parquet,real_data_sample\l2_unseen_validation\trade_date=2026-07-17\exchange=NSE\symbol=HDFCBANK\part-092319_180424-045804.parquet,36003,downloaded,36003,
2026-07-17,NSE,HDFCBANK,raw_l2/trade_date=2026-07-17/exchange=NSE/symbol=HDFCBANK/part-091915_224066-045260.parquet,real_data_sample\l2_unseen_validation\trade_date=2026-07-17\exchange=NSE\symbol=HDFCBANK\part-091915_224066-045260.parquet,36597,downloaded,36597,
2026-07-17,NSE,HDFCBANK,raw_l2/trade_date=2026-07-17/exchange=NSE/symbol=HDFCBANK/part-092402_564994-045900.parquet,real_data_sample\l2_unseen_validation\trade_date=2026-07-17\exchange=NSE\symbol=HDFCBANK\part-092402_564994-045900.parquet,36758,downloaded,36758,
2026-07-17,NSE,HDFCBANK,raw_l2/trade_date=2026-07-17/exchange=NSE/symbol=HDFCBANK/part-092348_184777-045868.parquet,real_data_sample\l2_unseen_validation\trade_date=2026-07-17\exchange=NSE\symbol=HDFCBANK\part-092348_184777-045868.parquet,35968,downloaded,35968,
2026-07-17,NSE,HDFCBANK,raw_l2/trade_date=2026-07-17/exchange=NSE/symbol=HDFCBANK/part-092123_950739-045548.parquet,real_data_sample\l2_unseen_validation\trade_date=2026-07-17\exchange=NSE\symbol=HDFCBANK\part-092123_950739-045548.parquet,36442,downloaded,36442,
2026-07-17,NSE,HDFCBANK,raw_l2/trade_date=2026-07-17/exchange=NSE/symbol=HDFCBANK/part-092040_881918-045452.parquet,real_data_sample\l2_unseen_validation\trade_date=2026-07-17\exchange=NSE\symbol=HDFCBANK\part-092040_881918-045452.parquet,36033,downloaded,36033,
2026-07-17,NSE,HDFCBANK,raw_l2/trade_date=2026-07-17/exchange=NSE/symbol=HDFCBANK/part-092628_436378-046220.parquet,real_data_sample\l2_unseen_validation\trade_date=2026-07-17\exchange=NSE\symbol=HDFCBANK\part-092628_436378-046220.parquet,36020,downloaded,36020,
2026-07-17,NSE,HDFCBANK,raw_l2/trade_date=2026-07-17/exchange=NSE/symbol=HDFCBANK/part-092529_940164-046092.parquet,real_data_sample\l2_unseen_validation\trade_date=2026-07-17\exchange=NSE\symbol=HDFCBANK\part-092529_940164-046092.parquet,36409,downloaded,36409,
2026-07-17,NSE,HDFCBANK,raw_l2/trade_date=2026-07-17/exchange=NSE/symbol=HDFCBANK/part-092657_869336-046284.parquet,real_data_sample\l2_unseen_validation\trade_date=2026-07-17\exchange=NSE\symbol=HDFCBANK\part-092657_869336-046284.parquet,35948,downloaded,35948,
2026-07-17,NSE,HDFCBANK,raw_l2/trade_date=2026-07-17/exchange=NSE/symbol=HDFCBANK/part-091929_431428-045292.parquet,real_data_sample\l2_unseen_validation\trade_date=2026-07-17\exchange=NSE\symbol=HDFCBANK\part-091929_431428-045292.parquet,36423,downloaded,36423,
2026-07-17,NSE,HDFCBANK,raw_l2/trade_date=2026-07-17/exchange=NSE/symbol=HDFCBANK/part-091734_522698-045036.parquet,real_data_sample\l2_unseen_validation\trade_date=2026-07-17\exchange=NSE\symbol=HDFCBANK\part-091734_522698-045036.parquet,36248,downloaded,36248,
2026-07-17,NSE,HDFCBANK,raw_l2/trade_date=2026-07-17/exchange=NSE/symbol=HDFCBANK/part-092417_234885-045932.parquet,real_data_sample\l2_unseen_validation\trade_date=2026-07-17\exchange=NSE\symbol=HDFCBANK\part-092417_234885-045932.parquet,36516,downloaded,36516,
2026-07-17,NSE,HDFCBANK,raw_l2/trade_date=2026-07-17/exchange=NSE/symbol=HDFCBANK/part-092515_437054-046060.parquet,real_data_sample\l2_unseen_validation\trade_date=2026-07-17\exchange=NSE\symbol=HDFCBANK\part-092515_437054-046060.parquet,36637,downloaded,36637,
2026-07-17,NSE,HDFCBANK,raw_l2/trade_date=2026-07-17/exchange=NSE/symbol=HDFCBANK/part-092559_237779-046156.parquet,real_data_sample\l2_unseen_validation\trade_date=2026-07-17\exchange=NSE\symbol=HDFCBANK\part-092559_237779-046156.parquet,36725,downloaded,36725,
2026-07-17,NSE,HDFCBANK,raw_l2/trade_date=2026-07-17/exchange=NSE/symbol=HDFCBANK/part-092643_661378-046252.parquet,real_data_sample\l2_unseen_validation\trade_date=2026-07-17\exchange=NSE\symbol=HDFCBANK\part-092643_661378-046252.parquet,36194,downloaded,36194,
2026-07-17,NSE,HDFCBANK,raw_l2/trade_date=2026-07-17/exchange=NSE/symbol=HDFCBANK/part-092431_875436-045964.parquet,real_data_sample\l2_unseen_validation\trade_date=2026-07-17\exchange=NSE\symbol=HDFCBANK\part-092431_875436-045964.parquet,36190,downloaded,36190,
2026-07-17,NSE,HDFCBANK,raw_l2/trade_date=2026-07-17/exchange=NSE/symbol=HDFCBANK/part-092446_115878-045996.parquet,real_data_sample\l2_unseen_validation\trade_date=2026-07-17\exchange=NSE\symbol=HDFCBANK\part-092446_115878-045996.parquet,36053,downloaded,36053,
2026-07-17,NSE,HDFCBANK,raw_l2/trade_date=2026-07-17/exchange=NSE/symbol=HDFCBANK/part-092544_529388-046124.parquet,real_data_sample\l2_unseen_validation\trade_date=2026-07-17\exchange=NSE\symbol=HDFCBANK\part-092544_529388-046124.parquet,36393,downloaded,36393,
2026-07-17,NSE,HDFCBANK,raw_l2/trade_date=2026-07-17/exchange=NSE/symbol=HDFCBANK/part-092613_950676-046188.parquet,real_data_sample\l2_unseen_validation\trade_date=2026-07-17\exchange=NSE\symbol=HDFCBANK\part-092613_950676-046188.parquet,36189,downloaded,36189,
2026-07-17,NSE,HDFCBANK,raw_l2/trade_date=2026-07-17/exchange=NSE/symbol=HDFCBANK/part-092741_007873-046380.parquet,real_data_sample\l2_unseen_validation\trade_date=2026-07-17\exchange=NSE\symbol=HDFCBANK\part-092741_007873-046380.parquet,36726,downloaded,36726,
2026-07-17,NSE,HDFCBANK,raw_l2/trade_date=2026-07-17/exchange=NSE/symbol=HDFCBANK/part-092824_224903-046476.parquet,real_data_sample\l2_unseen_validation\trade_date=2026-07-17\exchange=NSE\symbol=HDFCBANK\part-092824_224903-046476.parquet,36186,downloaded,36186,
2026-07-17,NSE,HDFCBANK,raw_l2/trade_date=2026-07-17/exchange=NSE/symbol=HDFCBANK/part-092809_791136-046444.parquet,real_data_sample\l2_unseen_validation\trade_date=2026-07-17\exchange=NSE\symbol=HDFCBANK\part-092809_791136-046444.parquet,36152,downloaded,36152,
2026-07-17,NSE,HDFCBANK,raw_l2/trade_date=2026-07-17/exchange=NSE/symbol=HDFCBANK/part-092838_773103-046508.parquet,real_data_sample\l2_unseen_validation\trade_date=2026-07-17\exchange=NSE\symbol=HDFCBANK\part-092838_773103-046508.parquet,36202,downloaded,36202,
2026-07-17,NSE,HDFCBANK,raw_l2/trade_date=2026-07-17/exchange=NSE/symbol=HDFCBANK/part-092712_215695-046316.parquet,real_data_sample\l2_unseen_validation\trade_date=2026-07-17\exchange=NSE\symbol=HDFCBANK\part-092712_215695-046316.parquet,35924,downloaded,35924,
2026-07-17,NSE,HDFCBANK,raw_l2/trade_date=2026-07-17/exchange=NSE/symbol=HDFCBANK/part-092755_438095-046412.parquet,real_data_sample\l2_unseen_validation\trade_date=2026-07-17\exchange=NSE\symbol=HDFCBANK\part-092755_438095-046412.parquet,36308,downloaded,36308,
2026-07-17,NSE,HDFCBANK,raw_l2/trade_date=2026-07-17/exchange=NSE/symbol=HDFCBANK/part-092907_725316-046572.parquet,real_data_sample\l2_unseen_validation\trade_date=2026-07-17\exchange=NSE\symbol=HDFCBANK\part-092907_725316-046572.parquet,36251,downloaded,36251,
2026-07-17,NSE,HDFCBANK,raw_l2/trade_date=2026-07-17/exchange=NSE/symbol=HDFCBANK/part-092853_148094-046540.parquet,real_data_sample\l2_unseen_validation\trade_date=2026-07-17\exchange=NSE\symbol=HDFCBANK\part-092853_148094-046540.parquet,36343,downloaded,36343,
2026-07-17,NSE,HDFCBANK,raw_l2/trade_date=2026-07-17/exchange=NSE/symbol=HDFCBANK/part-092922_501985-046604.parquet,real_data_sample\l2_unseen_validation\trade_date=2026-07-17\exchange=NSE\symbol=HDFCBANK\part-092922_501985-046604.parquet,36452,downloaded,36452,
2026-07-17,NSE,HDFCBANK,raw_l2/trade_date=2026-07-17/exchange=NSE/symbol=HDFCBANK/part-092936_982061-046636.parquet,real_data_sample\l2_unseen_validation\trade_date=2026-07-17\exchange=NSE\symbol=HDFCBANK\part-092936_982061-046636.parquet,36194,downloaded,36194,
2026-07-17,NSE,HDFCBANK,raw_l2/trade_date=2026-07-17/exchange=NSE/symbol=HDFCBANK/part-092951_705105-046668.parquet,real_data_sample\l2_unseen_validation\trade_date=2026-07-17\exchange=NSE\symbol=HDFCBANK\part-092951_705105-046668.parquet,36102,downloaded,36102,
2026-07-17,NSE,HDFCBANK,raw_l2/trade_date=2026-07-17/exchange=NSE/symbol=HDFCBANK/part-093006_322343-046700.parquet,real_data_sample\l2_unseen_validation\trade_date=2026-07-17\exchange=NSE\symbol=HDFCBANK\part-093006_322343-046700.parquet,36286,downloaded,36286,
2026-07-17,NSE,HDFCBANK,raw_l2/trade_date=2026-07-17/exchange=NSE/symbol=HDFCBANK/part-093021_103120-046732.parquet,real_data_sample\l2_unseen_validation\trade_date=2026-07-17\exchange=NSE\symbol=HDFCBANK\part-093021_103120-046732.parquet,36524,downloaded,36524,
2026-07-17,NSE,HDFCBANK,raw_l2/trade_date=2026-07-17/exchange=NSE/symbol=HDFCBANK/part-093035_655120-046764.parquet,real_data_sample\l2_unseen_validation\trade_date=2026-07-17\exchange=NSE\symbol=HDFCBANK\part-093035_655120-046764.parquet,36626,downloaded,36626,
2026-07-17,NSE,HDFCBANK,raw_l2/trade_date=2026-07-17/exchange=NSE/symbol=HDFCBANK/part-093050_002089-046796.parquet,real_data_sample\l2_unseen_validation\trade_date=2026-07-17\exchange=NSE\symbol=HDFCBANK\part-093050_002089-046796.parquet,36093,downloaded,36093,
2026-07-17,NSE,HDFCBANK,raw_l2/trade_date=2026-07-17/exchange=NSE/symbol=HDFCBANK/part-092726_458293-046348.parquet,real_data_sample\l2_unseen_validation\trade_date=2026-07-17\exchange=NSE\symbol=HDFCBANK\part-092726_458293-046348.parquet,35942,downloaded,35942,
2026-07-17,NSE,HDFCBANK,raw_l2/trade_date=2026-07-17/exchange=NSE/symbol=HDFCBANK/part-092500_675877-046028.parquet,real_data_sample\l2_unseen_validation\trade_date=2026-07-17\exchange=NSE\symbol=HDFCBANK\part-092500_675877-046028.parquet,36366,downloaded,36366,
2026-07-17,NSE,HDFCBANK,raw_l2/trade_date=2026-07-17/exchange=NSE/symbol=HDFCBANK/part-093147_119172-046924.parquet,real_data_sample\l2_unseen_validation\trade_date=2026-07-17\exchange=NSE\symbol=HDFCBANK\part-093147_119172-046924.parquet,36242,downloaded,36242,
2026-07-17,NSE,HDFCBANK,raw_l2/trade_date=2026-07-17/exchange=NSE/symbol=HDFCBANK/part-093132_710258-046892.parquet,real_data_sample\l2_unseen_validation\trade_date=2026-07-17\exchange=NSE\symbol=HDFCBANK\part-093132_710258-046892.parquet,36635,downloaded,36635,
2026-07-17,NSE,HDFCBANK,raw_l2/trade_date=2026-07-17/exchange=NSE/symbol=HDFCBANK/part-093340_620425-047180.parquet,real_data_sample\l2_unseen_validation\trade_date=2026-07-17\exchange=NSE\symbol=HDFCBANK\part-093340_620425-047180.parquet,35801,downloaded,35801,
2026-07-17,NSE,HDFCBANK,raw_l2/trade_date=2026-07-17/exchange=NSE/symbol=HDFCBANK/part-093505_419984-047372.parquet,real_data_sample\l2_unseen_validation\trade_date=2026-07-17\exchange=NSE\symbol=HDFCBANK\part-093505_419984-047372.parquet,36177,downloaded,36177,
2026-07-17,NSE,HDFCBANK,raw_l2/trade_date=2026-07-17/exchange=NSE/symbol=HDFCBANK/part-093713_871272-047660.parquet,real_data_sample\l2_unseen_validation\trade_date=2026-07-17\exchange=NSE\symbol=HDFCBANK\part-093713_871272-047660.parquet,36076,downloaded,36076,
2026-07-17,NSE,HDFCBANK,raw_l2/trade_date=2026-07-17/exchange=NSE/symbol=HDFCBANK/part-093326_602625-047148.parquet,real_data_sample\l2_unseen_validation\trade_date=2026-07-17\exchange=NSE\symbol=HDFCBANK\part-093326_602625-047148.parquet,35853,downloaded,35853,
2026-07-17,NSE,HDFCBANK,raw_l2/trade_date=2026-07-17/exchange=NSE/symbol=HDFCBANK/part-093617_340878-047532.parquet,real_data_sample\l2_unseen_validation\trade_date=2026-07-17\exchange=NSE\symbol=HDFCBANK\part-093617_340878-047532.parquet,36043,downloaded,36043,
2026-07-17,NSE,HDFCBANK,raw_l2/trade_date=2026-07-17/exchange=NSE/symbol=HDFCBANK/part-093727_743692-047692.parquet,real_data_sample\l2_unseen_validation\trade_date=2026-07-17\exchange=NSE\symbol=HDFCBANK\part-093727_743692-047692.parquet,36203,downloaded,36203,
2026-07-17,NSE,HDFCBANK,raw_l2/trade_date=2026-07-17/exchange=NSE/symbol=HDFCBANK/part-093244_043512-047052.parquet,real_data_sample\l2_unseen_validation\trade_date=2026-07-17\exchange=NSE\symbol=HDFCBANK\part-093244_043512-047052.parquet,36367,downloaded,36367,
2026-07-17,NSE,HDFCBANK,raw_l2/trade_date=2026-07-17/exchange=NSE/symbol=HDFCBANK/part-093631_606472-047564.parquet,real_data_sample\l2_unseen_validation\trade_date=2026-07-17\exchange=NSE\symbol=HDFCBANK\part-093631_606472-047564.parquet,36315,downloaded,36315,
2026-07-17,NSE,HDFCBANK,raw_l2/trade_date=2026-07-17/exchange=NSE/symbol=HDFCBANK/part-093645_790118-047596.parquet,real_data_sample\l2_unseen_validation\trade_date=2026-07-17\exchange=NSE\symbol=HDFCBANK\part-093645_790118-047596.parquet,36381,downloaded,36381,
2026-07-17,NSE,HDFCBANK,raw_l2/trade_date=2026-07-17/exchange=NSE/symbol=HDFCBANK/part-093519_867827-047404.parquet,real_data_sample\l2_unseen_validation\trade_date=2026-07-17\exchange=NSE\symbol=HDFCBANK\part-093519_867827-047404.parquet,36233,downloaded,36233,
2026-07-17,NSE,HDFCBANK,raw_l2/trade_date=2026-07-17/exchange=NSE/symbol=HDFCBANK/part-093451_115454-047340.parquet,real_data_sample\l2_unseen_validation\trade_date=2026-07-17\exchange=NSE\symbol=HDFCBANK\part-093451_115454-047340.parquet,35871,downloaded,35871,
2026-07-17,NSE,HDFCBANK,raw_l2/trade_date=2026-07-17/exchange=NSE/symbol=HDFCBANK/part-093436_897692-047308.parquet,real_data_sample\l2_unseen_validation\trade_date=2026-07-17\exchange=NSE\symbol=HDFCBANK\part-093436_897692-047308.parquet,35783,downloaded,35783,
2026-07-17,NSE,HDFCBANK,raw_l2/trade_date=2026-07-17/exchange=NSE/symbol=HDFCBANK/part-093548_411751-047468.parquet,real_data_sample\l2_unseen_validation\trade_date=2026-07-17\exchange=NSE\symbol=HDFCBANK\part-093548_411751-047468.parquet,36072,downloaded,36072,
2026-07-17,NSE,HDFCBANK,raw_l2/trade_date=2026-07-17/exchange=NSE/symbol=HDFCBANK/part-093422_851836-047276.parquet,real_data_sample\l2_unseen_validation\trade_date=2026-07-17\exchange=NSE\symbol=HDFCBANK\part-093422_851836-047276.parquet,35843,downloaded,35843,
2026-07-17,NSE,HDFCBANK,raw_l2/trade_date=2026-07-17/exchange=NSE/symbol=HDFCBANK/part-093741_762160-047724.parquet,real_data_sample\l2_unseen_validation\trade_date=2026-07-17\exchange=NSE\symbol=HDFCBANK\part-093741_762160-047724.parquet,36195,downloaded,36195,
2026-07-17,NSE,HDFCBANK,raw_l2/trade_date=2026-07-17/exchange=NSE/symbol=HDFCBANK/part-093755_865351-047756.parquet,real_data_sample\l2_unseen_validation\trade_date=2026-07-17\exchange=NSE\symbol=HDFCBANK\part-093755_865351-047756.parquet,36021,downloaded,36021,
2026-07-17,NSE,HDFCBANK,raw_l2/trade_date=2026-07-17/exchange=NSE/symbol=HDFCBANK/part-093534_208879-047436.parquet,real_data_sample\l2_unseen_validation\trade_date=2026-07-17\exchange=NSE\symbol=HDFCBANK\part-093534_208879-047436.parquet,36145,downloaded,36145,
2026-07-17,NSE,HDFCBANK,raw_l2/trade_date=2026-07-17/exchange=NSE/symbol=HDFCBANK/part-093104_075806-046828.parquet,real_data_sample\l2_unseen_validation\trade_date=2026-07-17\exchange=NSE\symbol=HDFCBANK\part-093104_075806-046828.parquet,36525,downloaded,36525,
2026-07-17,NSE,HDFCBANK,raw_l2/trade_date=2026-07-17/exchange=NSE/symbol=HDFCBANK/part-093852_554856-047884.parquet,real_data_sample\l2_unseen_validation\trade_date=2026-07-17\exchange=NSE\symbol=HDFCBANK\part-093852_554856-047884.parquet,36754,downloaded,36754,
2026-07-17,NSE,HDFCBANK,raw_l2/trade_date=2026-07-17/exchange=NSE/symbol=HDFCBANK/part-094116_226182-048204.parquet,real_data_sample\l2_unseen_validation\trade_date=2026-07-17\exchange=NSE\symbol=HDFCBANK\part-094116_226182-048204.parquet,36186,downloaded,36186,
2026-07-17,NSE,HDFCBANK,raw_l2/trade_date=2026-07-17/exchange=NSE/symbol=HDFCBANK/part-093935_857825-047980.parquet,real_data_sample\l2_unseen_validation\trade_date=2026-07-17\exchange=NSE\symbol=HDFCBANK\part-093935_857825-047980.parquet,36332,downloaded,36332,
2026-07-17,NSE,HDFCBANK,raw_l2/trade_date=2026-07-17/exchange=NSE/symbol=HDFCBANK/part-093229_587137-047020.parquet,real_data_sample\l2_unseen_validation\trade_date=2026-07-17\exchange=NSE\symbol=HDFCBANK\part-093229_587137-047020.parquet,36070,downloaded,36070,
2026-07-17,NSE,HDFCBANK,raw_l2/trade_date=2026-07-17/exchange=NSE/symbol=HDFCBANK/part-093215_563269-046988.parquet,real_data_sample\l2_unseen_validation\trade_date=2026-07-17\exchange=NSE\symbol=HDFCBANK\part-093215_563269-046988.parquet,36209,downloaded,36209,
2026-07-17,NSE,HDFCBANK,raw_l2/trade_date=2026-07-17/exchange=NSE/symbol=HDFCBANK/part-093950_206489-048012.parquet,real_data_sample\l2_unseen_validation\trade_date=2026-07-17\exchange=NSE\symbol=HDFCBANK\part-093950_206489-048012.parquet,35993,downloaded,35993,
2026-07-17,NSE,HDFCBANK,raw_l2/trade_date=2026-07-17/exchange=NSE/symbol=HDFCBANK/part-094018_815611-048076.parquet,real_data_sample\l2_unseen_validation\trade_date=2026-07-17\exchange=NSE\symbol=HDFCBANK\part-094018_815611-048076.parquet,35890,downloaded,35890,
2026-07-17,NSE,HDFCBANK,raw_l2/trade_date=2026-07-17/exchange=NSE/symbol=HDFCBANK/part-093838_377781-047852.parquet,real_data_sample\l2_unseen_validation\trade_date=2026-07-17\exchange=NSE\symbol=HDFCBANK\part-093838_377781-047852.parquet,36314,downloaded,36314,
2026-07-17,NSE,HDFCBANK,raw_l2/trade_date=2026-07-17/exchange=NSE/symbol=HDFCBANK/part-094033_186681-048108.parquet,real_data_sample\l2_unseen_validation\trade_date=2026-07-17\exchange=NSE\symbol=HDFCBANK\part-094033_186681-048108.parquet,36198,downloaded,36198,
2026-07-17,NSE,HDFCBANK,raw_l2/trade_date=2026-07-17/exchange=NSE/symbol=HDFCBANK/part-093906_956487-047916.parquet,real_data_sample\l2_unseen_validation\trade_date=2026-07-17\exchange=NSE\symbol=HDFCBANK\part-093906_956487-047916.parquet,35924,downloaded,35924,
2026-07-17,NSE,HDFCBANK,raw_l2/trade_date=2026-07-17/exchange=NSE/symbol=HDFCBANK/part-094047_414734-048140.parquet,real_data_sample\l2_unseen_validation\trade_date=2026-07-17\exchange=NSE\symbol=HDFCBANK\part-094047_414734-048140.parquet,36051,downloaded,36051,
2026-07-17,NSE,HDFCBANK,raw_l2/trade_date=2026-07-17/exchange=NSE/symbol=HDFCBANK/part-094004_536395-048044.parquet,real_data_sample\l2_unseen_validation\trade_date=2026-07-17\exchange=NSE\symbol=HDFCBANK\part-094004_536395-048044.parquet,35831,downloaded,35831,
2026-07-17,NSE,HDFCBANK,raw_l2/trade_date=2026-07-17/exchange=NSE/symbol=HDFCBANK/part-093921_484367-047948.parquet,real_data_sample\l2_unseen_validation\trade_date=2026-07-17\exchange=NSE\symbol=HDFCBANK\part-093921_484367-047948.parquet,36181,downloaded,36181,
2026-07-17,NSE,HDFCBANK,raw_l2/trade_date=2026-07-17/exchange=NSE/symbol=HDFCBANK/part-094130_590397-048236.parquet,real_data_sample\l2_unseen_validation\trade_date=2026-07-17\exchange=NSE\symbol=HDFCBANK\part-094130_590397-048236.parquet,35939,downloaded,35939,
2026-07-17,NSE,HDFCBANK,raw_l2/trade_date=2026-07-17/exchange=NSE/symbol=HDFCBANK/part-094101_821481-048172.parquet,real_data_sample\l2_unseen_validation\trade_date=2026-07-17\exchange=NSE\symbol=HDFCBANK\part-094101_821481-048172.parquet,36125,downloaded,36125,
2026-07-17,NSE,HDFCBANK,raw_l2/trade_date=2026-07-17/exchange=NSE/symbol=HDFCBANK/part-094256_864051-048428.parquet,real_data_sample\l2_unseen_validation\trade_date=2026-07-17\exchange=NSE\symbol=HDFCBANK\part-094256_864051-048428.parquet,35704,downloaded,35704,
2026-07-17,NSE,HDFCBANK,raw_l2/trade_date=2026-07-17/exchange=NSE/symbol=HDFCBANK/part-094213_874916-048332.parquet,real_data_sample\l2_unseen_validation\trade_date=2026-07-17\exchange=NSE\symbol=HDFCBANK\part-094213_874916-048332.parquet,35591,downloaded,35591,
2026-07-17,NSE,HDFCBANK,raw_l2/trade_date=2026-07-17/exchange=NSE/symbol=HDFCBANK/part-094228_321495-048364.parquet,real_data_sample\l2_unseen_validation\trade_date=2026-07-17\exchange=NSE\symbol=HDFCBANK\part-094228_321495-048364.parquet,36010,downloaded,36010,
2026-07-17,NSE,HDFCBANK,raw_l2/trade_date=2026-07-17/exchange=NSE/symbol=HDFCBANK/part-094242_607713-048396.parquet,real_data_sample\l2_unseen_validation\trade_date=2026-07-17\exchange=NSE\symbol=HDFCBANK\part-094242_607713-048396.parquet,35814,downloaded,35814,
2026-07-17,NSE,HDFCBANK,raw_l2/trade_date=2026-07-17/exchange=NSE/symbol=HDFCBANK/part-094159_480192-048300.parquet,real_data_sample\l2_unseen_validation\trade_date=2026-07-17\exchange=NSE\symbol=HDFCBANK\part-094159_480192-048300.parquet,35581,downloaded,35581,
2026-07-17,NSE,HDFCBANK,raw_l2/trade_date=2026-07-17/exchange=NSE/symbol=HDFCBANK/part-094145_125053-048268.parquet,real_data_sample\l2_unseen_validation\trade_date=2026-07-17\exchange=NSE\symbol=HDFCBANK\part-094145_125053-048268.parquet,35540,downloaded,35540,
2026-07-17,NSE,HDFCBANK,raw_l2/trade_date=2026-07-17/exchange=NSE/symbol=HDFCBANK/part-093810_039028-047788.parquet,real_data_sample\l2_unseen_validation\trade_date=2026-07-17\exchange=NSE\symbol=HDFCBANK\part-093810_039028-047788.parquet,36664,downloaded,36664,
2026-07-17,NSE,HDFCBANK,raw_l2/trade_date=2026-07-17/exchange=NSE/symbol=HDFCBANK/part-093824_148404-047820.parquet,real_data_sample\l2_unseen_validation\trade_date=2026-07-17\exchange=NSE\symbol=HDFCBANK\part-093824_148404-047820.parquet,35689,downloaded,35689,
2026-07-17,NSE,HDFCBANK,raw_l2/trade_date=2026-07-17/exchange=NSE/symbol=HDFCBANK/part-094339_411566-048524.parquet,real_data_sample\l2_unseen_validation\trade_date=2026-07-17\exchange=NSE\symbol=HDFCBANK\part-094339_411566-048524.parquet,36298,downloaded,36298,
2026-07-17,NSE,HDFCBANK,raw_l2/trade_date=2026-07-17/exchange=NSE/symbol=HDFCBANK/part-094548_174276-048812.parquet,real_data_sample\l2_unseen_validation\trade_date=2026-07-17\exchange=NSE\symbol=HDFCBANK\part-094548_174276-048812.parquet,35653,downloaded,35653,
2026-07-17,NSE,HDFCBANK,raw_l2/trade_date=2026-07-17/exchange=NSE/symbol=HDFCBANK/part-094742_150240-049068.parquet,real_data_sample\l2_unseen_validation\trade_date=2026-07-17\exchange=NSE\symbol=HDFCBANK\part-094742_150240-049068.parquet,36416,downloaded,36416,
2026-07-17,NSE,HDFCBANK,raw_l2/trade_date=2026-07-17/exchange=NSE/symbol=HDFCBANK/part-094727_896032-049036.parquet,real_data_sample\l2_unseen_validation\trade_date=2026-07-17\exchange=NSE\symbol=HDFCBANK\part-094727_896032-049036.parquet,36362,downloaded,36362,
2026-07-17,NSE,HDFCBANK,raw_l2/trade_date=2026-07-17/exchange=NSE/symbol=HDFCBANK/part-094519_822279-048748.parquet,real_data_sample\l2_unseen_validation\trade_date=2026-07-17\exchange=NSE\symbol=HDFCBANK\part-094519_822279-048748.parquet,36068,downloaded,36068,
2026-07-17,NSE,HDFCBANK,raw_l2/trade_date=2026-07-17/exchange=NSE/symbol=HDFCBANK/part-094505_586970-048716.parquet,real_data_sample\l2_unseen_validation\trade_date=2026-07-17\exchange=NSE\symbol=HDFCBANK\part-094505_586970-048716.parquet,36583,downloaded,36583,
2026-07-17,NSE,HDFCBANK,raw_l2/trade_date=2026-07-17/exchange=NSE/symbol=HDFCBANK/part-094645_325802-048940.parquet,real_data_sample\l2_unseen_validation\trade_date=2026-07-17\exchange=NSE\symbol=HDFCBANK\part-094645_325802-048940.parquet,34474,downloaded,34474,
2026-07-17,NSE,HDFCBANK,raw_l2/trade_date=2026-07-17/exchange=NSE/symbol=HDFCBANK/part-094451_382388-048684.parquet,real_data_sample\l2_unseen_validation\trade_date=2026-07-17\exchange=NSE\symbol=HDFCBANK\part-094451_382388-048684.parquet,36556,downloaded,36556,
2026-07-17,NSE,HDFCBANK,raw_l2/trade_date=2026-07-17/exchange=NSE/symbol=HDFCBANK/part-094659_365490-048972.parquet,real_data_sample\l2_unseen_validation\trade_date=2026-07-17\exchange=NSE\symbol=HDFCBANK\part-094659_365490-048972.parquet,34642,downloaded,34642,
2026-07-17,NSE,HDFCBANK,raw_l2/trade_date=2026-07-17/exchange=NSE/symbol=HDFCBANK/part-094436_991175-048652.parquet,real_data_sample\l2_unseen_validation\trade_date=2026-07-17\exchange=NSE\symbol=HDFCBANK\part-094436_991175-048652.parquet,35876,downloaded,35876,
2026-07-17,NSE,HDFCBANK,raw_l2/trade_date=2026-07-17/exchange=NSE/symbol=HDFCBANK/part-094325_195035-048492.parquet,real_data_sample\l2_unseen_validation\trade_date=2026-07-17\exchange=NSE\symbol=HDFCBANK\part-094325_195035-048492.parquet,35724,downloaded,35724,
2026-07-17,NSE,HDFCBANK,raw_l2/trade_date=2026-07-17/exchange=NSE/symbol=HDFCBANK/part-094353_985123-048556.parquet,real_data_sample\l2_unseen_validation\trade_date=2026-07-17\exchange=NSE\symbol=HDFCBANK\part-094353_985123-048556.parquet,36533,downloaded,36533,
2026-07-17,NSE,HDFCBANK,raw_l2/trade_date=2026-07-17/exchange=NSE/symbol=HDFCBANK/part-094810_837038-049132.parquet,real_data_sample\l2_unseen_validation\trade_date=2026-07-17\exchange=NSE\symbol=HDFCBANK\part-094810_837038-049132.parquet,36667,downloaded,36667,
2026-07-17,NSE,HDFCBANK,raw_l2/trade_date=2026-07-17/exchange=NSE/symbol=HDFCBANK/part-094617_004099-048876.parquet,real_data_sample\l2_unseen_validation\trade_date=2026-07-17\exchange=NSE\symbol=HDFCBANK\part-094617_004099-048876.parquet,35335,downloaded,35335,
2026-07-17,NSE,HDFCBANK,raw_l2/trade_date=2026-07-17/exchange=NSE/symbol=HDFCBANK/part-094756_599126-049100.parquet,real_data_sample\l2_unseen_validation\trade_date=2026-07-17\exchange=NSE\symbol=HDFCBANK\part-094756_599126-049100.parquet,36541,downloaded,36541,
2026-07-17,NSE,HDFCBANK,raw_l2/trade_date=2026-07-17/exchange=NSE/symbol=HDFCBANK/part-094533_846336-048780.parquet,real_data_sample\l2_unseen_validation\trade_date=2026-07-17\exchange=NSE\symbol=HDFCBANK\part-094533_846336-048780.parquet,35817,downloaded,35817,
2026-07-17,NSE,HDFCBANK,raw_l2/trade_date=2026-07-17/exchange=NSE/symbol=HDFCBANK/part-094602_654781-048844.parquet,real_data_sample\l2_unseen_validation\trade_date=2026-07-17\exchange=NSE\symbol=HDFCBANK\part-094602_654781-048844.parquet,35781,downloaded,35781,
2026-07-17,NSE,HDFCBANK,raw_l2/trade_date=2026-07-17/exchange=NSE/symbol=HDFCBANK/part-094631_319580-048908.parquet,real_data_sample\l2_unseen_validation\trade_date=2026-07-17\exchange=NSE\symbol=HDFCBANK\part-094631_319580-048908.parquet,34635,downloaded,34635,
2026-07-17,NSE,HDFCBANK,raw_l2/trade_date=2026-07-17/exchange=NSE/symbol=HDFCBANK/part-094713_683510-049004.parquet,real_data_sample\l2_unseen_validation\trade_date=2026-07-17\exchange=NSE\symbol=HDFCBANK\part-094713_683510-049004.parquet,34553,downloaded,34553,
2026-07-17,NSE,HDFCBANK,raw_l2/trade_date=2026-07-17/exchange=NSE/symbol=HDFCBANK/part-094310_846480-048460.parquet,real_data_sample\l2_unseen_validation\trade_date=2026-07-17\exchange=NSE\symbol=HDFCBANK\part-094310_846480-048460.parquet,35614,downloaded,35614,
2026-07-17,NSE,HDFCBANK,raw_l2/trade_date=2026-07-17/exchange=NSE/symbol=HDFCBANK/part-094824_817038-049164.parquet,real_data_sample\l2_unseen_validation\trade_date=2026-07-17\exchange=NSE\symbol=HDFCBANK\part-094824_817038-049164.parquet,36078,downloaded,36078,
2026-07-17,NSE,HDFCBANK,raw_l2/trade_date=2026-07-17/exchange=NSE/symbol=HDFCBANK/part-095004_830971-049388.parquet,real_data_sample\l2_unseen_validation\trade_date=2026-07-17\exchange=NSE\symbol=HDFCBANK\part-095004_830971-049388.parquet,36356,downloaded,36356,
2026-07-17,NSE,HDFCBANK,raw_l2/trade_date=2026-07-17/exchange=NSE/symbol=HDFCBANK/part-094907_894293-049260.parquet,real_data_sample\l2_unseen_validation\trade_date=2026-07-17\exchange=NSE\symbol=HDFCBANK\part-094907_894293-049260.parquet,36081,downloaded,36081,
2026-07-17,NSE,HDFCBANK,raw_l2/trade_date=2026-07-17/exchange=NSE/symbol=HDFCBANK/part-094853_475340-049228.parquet,real_data_sample\l2_unseen_validation\trade_date=2026-07-17\exchange=NSE\symbol=HDFCBANK\part-094853_475340-049228.parquet,36091,downloaded,36091,
2026-07-17,NSE,HDFCBANK,raw_l2/trade_date=2026-07-17/exchange=NSE/symbol=HDFCBANK/part-094922_245610-049292.parquet,real_data_sample\l2_unseen_validation\trade_date=2026-07-17\exchange=NSE\symbol=HDFCBANK\part-094922_245610-049292.parquet,36475,downloaded,36475,
2026-07-17,NSE,HDFCBANK,raw_l2/trade_date=2026-07-17/exchange=NSE/symbol=HDFCBANK/part-095033_360562-049452.parquet,real_data_sample\l2_unseen_validation\trade_date=2026-07-17\exchange=NSE\symbol=HDFCBANK\part-095033_360562-049452.parquet,36077,downloaded,36077,
2026-07-17,NSE,HDFCBANK,raw_l2/trade_date=2026-07-17/exchange=NSE/symbol=HDFCBANK/part-095129_767731-049580.parquet,real_data_sample\l2_unseen_validation\trade_date=2026-07-17\exchange=NSE\symbol=HDFCBANK\part-095129_767731-049580.parquet,36252,downloaded,36252,
2026-07-17,NSE,HDFCBANK,raw_l2/trade_date=2026-07-17/exchange=NSE/symbol=HDFCBANK/part-094408_412474-048588.parquet,real_data_sample\l2_unseen_validation\trade_date=2026-07-17\exchange=NSE\symbol=HDFCBANK\part-094408_412474-048588.parquet,36316,downloaded,36316,
2026-07-17,NSE,HDFCBANK,raw_l2/trade_date=2026-07-17/exchange=NSE/symbol=HDFCBANK/part-095115_573663-049548.parquet,real_data_sample\l2_unseen_validation\trade_date=2026-07-17\exchange=NSE\symbol=HDFCBANK\part-095115_573663-049548.parquet,36442,downloaded,36442,
2026-07-17,NSE,HDFCBANK,raw_l2/trade_date=2026-07-17/exchange=NSE/symbol=HDFCBANK/part-095101_617641-049516.parquet,real_data_sample\l2_unseen_validation\trade_date=2026-07-17\exchange=NSE\symbol=HDFCBANK\part-095101_617641-049516.parquet,36030,downloaded,36030,
2026-07-17,NSE,HDFCBANK,raw_l2/trade_date=2026-07-17/exchange=NSE/symbol=HDFCBANK/part-094422_582838-048620.parquet,real_data_sample\l2_unseen_validation\trade_date=2026-07-17\exchange=NSE\symbol=HDFCBANK\part-094422_582838-048620.parquet,36141,downloaded,36141,
2026-07-17,NSE,HDFCBANK,raw_l2/trade_date=2026-07-17/exchange=NSE/symbol=HDFCBANK/part-094950_593434-049356.parquet,real_data_sample\l2_unseen_validation\trade_date=2026-07-17\exchange=NSE\symbol=HDFCBANK\part-094950_593434-049356.parquet,35902,downloaded,35902,
2026-07-17,NSE,HDFCBANK,raw_l2/trade_date=2026-07-17/exchange=NSE/symbol=HDFCBANK/part-095157_765402-049644.parquet,real_data_sample\l2_unseen_validation\trade_date=2026-07-17\exchange=NSE\symbol=HDFCBANK\part-095157_765402-049644.parquet,36022,downloaded,36022,
2026-07-17,NSE,HDFCBANK,raw_l2/trade_date=2026-07-17/exchange=NSE/symbol=HDFCBANK/part-095254_327913-049772.parquet,real_data_sample\l2_unseen_validation\trade_date=2026-07-17\exchange=NSE\symbol=HDFCBANK\part-095254_327913-049772.parquet,35854,downloaded,35854,
2026-07-17,NSE,HDFCBANK,raw_l2/trade_date=2026-07-17/exchange=NSE/symbol=HDFCBANK/part-095019_037843-049420.parquet,real_data_sample\l2_unseen_validation\trade_date=2026-07-17\exchange=NSE\symbol=HDFCBANK\part-095019_037843-049420.parquet,35823,downloaded,35823,
2026-07-17,NSE,HDFCBANK,raw_l2/trade_date=2026-07-17/exchange=NSE/symbol=HDFCBANK/part-095240_403254-049740.parquet,real_data_sample\l2_unseen_validation\trade_date=2026-07-17\exchange=NSE\symbol=HDFCBANK\part-095240_403254-049740.parquet,35964,downloaded,35964,
2026-07-17,NSE,HDFCBANK,raw_l2/trade_date=2026-07-17/exchange=NSE/symbol=HDFCBANK/part-095047_572855-049484.parquet,real_data_sample\l2_unseen_validation\trade_date=2026-07-17\exchange=NSE\symbol=HDFCBANK\part-095047_572855-049484.parquet,36279,downloaded,36279,
2026-07-17,NSE,HDFCBANK,raw_l2/trade_date=2026-07-17/exchange=NSE/symbol=HDFCBANK/part-095226_338742-049708.parquet,real_data_sample\l2_unseen_validation\trade_date=2026-07-17\exchange=NSE\symbol=HDFCBANK\part-095226_338742-049708.parquet,35864,downloaded,35864,
2026-07-17,NSE,HDFCBANK,raw_l2/trade_date=2026-07-17/exchange=NSE/symbol=HDFCBANK/part-094936_426038-049324.parquet,real_data_sample\l2_unseen_validation\trade_date=2026-07-17\exchange=NSE\symbol=HDFCBANK\part-094936_426038-049324.parquet,36333,downloaded,36333,
2026-07-17,NSE,HDFCBANK,raw_l2/trade_date=2026-07-17/exchange=NSE/symbol=HDFCBANK/part-095143_851297-049612.parquet,real_data_sample\l2_unseen_validation\trade_date=2026-07-17\exchange=NSE\symbol=HDFCBANK\part-095143_851297-049612.parquet,35879,downloaded,35879,
2026-07-17,NSE,HDFCBANK,raw_l2/trade_date=2026-07-17/exchange=NSE/symbol=HDFCBANK/part-095308_388058-049804.parquet,real_data_sample\l2_unseen_validation\trade_date=2026-07-17\exchange=NSE\symbol=HDFCBANK\part-095308_388058-049804.parquet,36069,downloaded,36069,
2026-07-17,NSE,HDFCBANK,raw_l2/trade_date=2026-07-17/exchange=NSE/symbol=HDFCBANK/part-095212_248635-049676.parquet,real_data_sample\l2_unseen_validation\trade_date=2026-07-17\exchange=NSE\symbol=HDFCBANK\part-095212_248635-049676.parquet,35843,downloaded,35843,
2026-07-17,NSE,HDFCBANK,raw_l2/trade_date=2026-07-17/exchange=NSE/symbol=HDFCBANK/part-095337_141662-049868.parquet,real_data_sample\l2_unseen_validation\trade_date=2026-07-17\exchange=NSE\symbol=HDFCBANK\part-095337_141662-049868.parquet,36069,downloaded,36069,
2026-07-17,NSE,HDFCBANK,raw_l2/trade_date=2026-07-17/exchange=NSE/symbol=HDFCBANK/part-095351_453905-049900.parquet,real_data_sample\l2_unseen_validation\trade_date=2026-07-17\exchange=NSE\symbol=HDFCBANK\part-095351_453905-049900.parquet,35380,downloaded,35380,
2026-07-17,NSE,HDFCBANK,raw_l2/trade_date=2026-07-17/exchange=NSE/symbol=HDFCBANK/part-095405_882647-049932.parquet,real_data_sample\l2_unseen_validation\trade_date=2026-07-17\exchange=NSE\symbol=HDFCBANK\part-095405_882647-049932.parquet,35821,downloaded,35821,
2026-07-17,NSE,HDFCBANK,raw_l2/trade_date=2026-07-17/exchange=NSE/symbol=HDFCBANK/part-095322_648146-049836.parquet,real_data_sample\l2_unseen_validation\trade_date=2026-07-17\exchange=NSE\symbol=HDFCBANK\part-095322_648146-049836.parquet,35990,downloaded,35990,
2026-07-17,NSE,HDFCBANK,raw_l2/trade_date=2026-07-17/exchange=NSE/symbol=HDFCBANK/part-094839_287433-049196.parquet,real_data_sample\l2_unseen_validation\trade_date=2026-07-17\exchange=NSE\symbol=HDFCBANK\part-094839_287433-049196.parquet,35884,downloaded,35884,
2026-07-17,NSE,HDFCBANK,raw_l2/trade_date=2026-07-17/exchange=NSE/symbol=HDFCBANK/part-095545_911873-050156.parquet,real_data_sample\l2_unseen_validation\trade_date=2026-07-17\exchange=NSE\symbol=HDFCBANK\part-095545_911873-050156.parquet,36271,downloaded,36271,
2026-07-17,NSE,HDFCBANK,raw_l2/trade_date=2026-07-17/exchange=NSE/symbol=HDFCBANK/part-095643_691296-050284.parquet,real_data_sample\l2_unseen_validation\trade_date=2026-07-17\exchange=NSE\symbol=HDFCBANK\part-095643_691296-050284.parquet,36385,downloaded,36385,
2026-07-17,NSE,HDFCBANK,raw_l2/trade_date=2026-07-17/exchange=NSE/symbol=HDFCBANK/part-095614_942983-050220.parquet,real_data_sample\l2_unseen_validation\trade_date=2026-07-17\exchange=NSE\symbol=HDFCBANK\part-095614_942983-050220.parquet,36263,downloaded,36263,
2026-07-17,NSE,HDFCBANK,raw_l2/trade_date=2026-07-17/exchange=NSE/symbol=HDFCBANK/part-095531_163834-050124.parquet,real_data_sample\l2_unseen_validation\trade_date=2026-07-17\exchange=NSE\symbol=HDFCBANK\part-095531_163834-050124.parquet,36102,downloaded,36102,
2026-07-17,NSE,HDFCBANK,raw_l2/trade_date=2026-07-17/exchange=NSE/symbol=HDFCBANK/part-095756_364869-050444.parquet,real_data_sample\l2_unseen_validation\trade_date=2026-07-17\exchange=NSE\symbol=HDFCBANK\part-095756_364869-050444.parquet,35447,downloaded,35447,
2026-07-17,NSE,HDFCBANK,raw_l2/trade_date=2026-07-17/exchange=NSE/symbol=HDFCBANK/part-095658_290269-050316.parquet,real_data_sample\l2_unseen_validation\trade_date=2026-07-17\exchange=NSE\symbol=HDFCBANK\part-095658_290269-050316.parquet,36444,downloaded,36444,
2026-07-17,NSE,HDFCBANK,raw_l2/trade_date=2026-07-17/exchange=NSE/symbol=HDFCBANK/part-095629_196701-050252.parquet,real_data_sample\l2_unseen_validation\trade_date=2026-07-17\exchange=NSE\symbol=HDFCBANK\part-095629_196701-050252.parquet,35935,downloaded,35935,
2026-07-17,NSE,HDFCBANK,raw_l2/trade_date=2026-07-17/exchange=NSE/symbol=HDFCBANK/part-095713_224913-050348.parquet,real_data_sample\l2_unseen_validation\trade_date=2026-07-17\exchange=NSE\symbol=HDFCBANK\part-095713_224913-050348.parquet,36502,downloaded,36502,
2026-07-17,NSE,HDFCBANK,raw_l2/trade_date=2026-07-17/exchange=NSE/symbol=HDFCBANK/part-095420_388759-049964.parquet,real_data_sample\l2_unseen_validation\trade_date=2026-07-17\exchange=NSE\symbol=HDFCBANK\part-095420_388759-049964.parquet,36744,downloaded,36744,
2026-07-17,NSE,HDFCBANK,raw_l2/trade_date=2026-07-17/exchange=NSE/symbol=HDFCBANK/part-095434_366152-049996.parquet,real_data_sample\l2_unseen_validation\trade_date=2026-07-17\exchange=NSE\symbol=HDFCBANK\part-095434_366152-049996.parquet,36336,downloaded,36336,
2026-07-17,NSE,HDFCBANK,raw_l2/trade_date=2026-07-17/exchange=NSE/symbol=HDFCBANK/part-095448_636093-050028.parquet,real_data_sample\l2_unseen_validation\trade_date=2026-07-17\exchange=NSE\symbol=HDFCBANK\part-095448_636093-050028.parquet,36505,downloaded,36505,
2026-07-17,NSE,HDFCBANK,raw_l2/trade_date=2026-07-17/exchange=NSE/symbol=HDFCBANK/part-095742_192461-050412.parquet,real_data_sample\l2_unseen_validation\trade_date=2026-07-17\exchange=NSE\symbol=HDFCBANK\part-095742_192461-050412.parquet,36160,downloaded,36160,
2026-07-17,NSE,HDFCBANK,raw_l2/trade_date=2026-07-17/exchange=NSE/symbol=HDFCBANK/part-095727_741608-050380.parquet,real_data_sample\l2_unseen_validation\trade_date=2026-07-17\exchange=NSE\symbol=HDFCBANK\part-095727_741608-050380.parquet,35649,downloaded,35649,
2026-07-17,NSE,HDFCBANK,raw_l2/trade_date=2026-07-17/exchange=NSE/symbol=HDFCBANK/part-095502_852619-050060.parquet,real_data_sample\l2_unseen_validation\trade_date=2026-07-17\exchange=NSE\symbol=HDFCBANK\part-095502_852619-050060.parquet,35730,downloaded,35730,
2026-07-17,NSE,HDFCBANK,raw_l2/trade_date=2026-07-17/exchange=NSE/symbol=HDFCBANK/part-095824_720579-050508.parquet,real_data_sample\l2_unseen_validation\trade_date=2026-07-17\exchange=NSE\symbol=HDFCBANK\part-095824_720579-050508.parquet,35549,downloaded,35549,
2026-07-17,NSE,HDFCBANK,raw_l2/trade_date=2026-07-17/exchange=NSE/symbol=HDFCBANK/part-095810_623804-050476.parquet,real_data_sample\l2_unseen_validation\trade_date=2026-07-17\exchange=NSE\symbol=HDFCBANK\part-095810_623804-050476.parquet,35841,downloaded,35841,
2026-07-17,NSE,HDFCBANK,raw_l2/trade_date=2026-07-17/exchange=NSE/symbol=HDFCBANK/part-095854_257902-050572.parquet,real_data_sample\l2_unseen_validation\trade_date=2026-07-17\exchange=NSE\symbol=HDFCBANK\part-095854_257902-050572.parquet,36509,downloaded,36509,
2026-07-17,NSE,HDFCBANK,raw_l2/trade_date=2026-07-17/exchange=NSE/symbol=HDFCBANK/part-095839_720116-050540.parquet,real_data_sample\l2_unseen_validation\trade_date=2026-07-17\exchange=NSE\symbol=HDFCBANK\part-095839_720116-050540.parquet,36108,downloaded,36108,
2026-07-17,NSE,HDFCBANK,raw_l2/trade_date=2026-07-17/exchange=NSE/symbol=HDFCBANK/part-095908_717992-050604.parquet,real_data_sample\l2_unseen_validation\trade_date=2026-07-17\exchange=NSE\symbol=HDFCBANK\part-095908_717992-050604.parquet,36136,downloaded,36136,
2026-07-17,NSE,HDFCBANK,raw_l2/trade_date=2026-07-17/exchange=NSE/symbol=HDFCBANK/part-095923_215691-050636.parquet,real_data_sample\l2_unseen_validation\trade_date=2026-07-17\exchange=NSE\symbol=HDFCBANK\part-095923_215691-050636.parquet,36355,downloaded,36355,
2026-07-17,NSE,HDFCBANK,raw_l2/trade_date=2026-07-17/exchange=NSE/symbol=HDFCBANK/part-095516_867487-050092.parquet,real_data_sample\l2_unseen_validation\trade_date=2026-07-17\exchange=NSE\symbol=HDFCBANK\part-095516_867487-050092.parquet,35822,downloaded,35822,
2026-07-17,NSE,HDFCBANK,raw_l2/trade_date=2026-07-17/exchange=NSE/symbol=HDFCBANK/part-100006_439464-050732.parquet,real_data_sample\l2_unseen_validation\trade_date=2026-07-17\exchange=NSE\symbol=HDFCBANK\part-100006_439464-050732.parquet,35761,downloaded,35761,
2026-07-17,NSE,HDFCBANK,raw_l2/trade_date=2026-07-17/exchange=NSE/symbol=HDFCBANK/part-100127_957173-050773.parquet,real_data_sample\l2_unseen_validation\trade_date=2026-07-17\exchange=NSE\symbol=HDFCBANK\part-100127_957173-050773.parquet,34088,downloaded,34088,
2026-07-17,NSE,HINDUNILVR,raw_l2/trade_date=2026-07-17/exchange=NSE/symbol=HINDUNILVR/part-034502_372712-000013.parquet,real_data_sample\l2_unseen_validation\trade_date=2026-07-17\exchange=NSE\symbol=HINDUNILVR\part-034502_372712-000013.parquet,34112,downloaded,34112,
2026-07-17,NSE,HINDUNILVR,raw_l2/trade_date=2026-07-17/exchange=NSE/symbol=HINDUNILVR/part-034530_373940-000077.parquet,real_data_sample\l2_unseen_validation\trade_date=2026-07-17\exchange=NSE\symbol=HINDUNILVR\part-034530_373940-000077.parquet,36135,downloaded,36135,
2026-07-17,NSE,HINDUNILVR,raw_l2/trade_date=2026-07-17/exchange=NSE/symbol=HINDUNILVR/part-034516_603856-000045.parquet,real_data_sample\l2_unseen_validation\trade_date=2026-07-17\exchange=NSE\symbol=HINDUNILVR\part-034516_603856-000045.parquet,35091,downloaded,35091,
2026-07-17,NSE,HINDUNILVR,raw_l2/trade_date=2026-07-17/exchange=NSE/symbol=HINDUNILVR/part-034654_852327-000269.parquet,real_data_sample\l2_unseen_validation\trade_date=2026-07-17\exchange=NSE\symbol=HINDUNILVR\part-034654_852327-000269.parquet,34504,downloaded,34504,
2026-07-17,NSE,HINDUNILVR,raw_l2/trade_date=2026-07-17/exchange=NSE/symbol=HINDUNILVR/part-034736_786060-000365.parquet,real_data_sample\l2_unseen_validation\trade_date=2026-07-17\exchange=NSE\symbol=HINDUNILVR\part-034736_786060-000365.parquet,34536,downloaded,34536,
2026-07-17,NSE,HINDUNILVR,raw_l2/trade_date=2026-07-17/exchange=NSE/symbol=HINDUNILVR/part-034544_265907-000109.parquet,real_data_sample\l2_unseen_validation\trade_date=2026-07-17\exchange=NSE\symbol=HINDUNILVR\part-034544_265907-000109.parquet,36328,downloaded,36328,
2026-07-17,NSE,HINDUNILVR,raw_l2/trade_date=2026-07-17/exchange=NSE/symbol=HINDUNILVR/part-034641_164052-000237.parquet,real_data_sample\l2_unseen_validation\trade_date=2026-07-17\exchange=NSE\symbol=HINDUNILVR\part-034641_164052-000237.parquet,34480,downloaded,34480,
2026-07-17,NSE,HDFCBANK,raw_l2/trade_date=2026-07-17/exchange=NSE/symbol=HDFCBANK/part-095600_434089-050188.parquet,real_data_sample\l2_unseen_validation\trade_date=2026-07-17\exchange=NSE\symbol=HDFCBANK\part-095600_434089-050188.parquet,36269,downloaded,36269,
2026-07-17,NSE,HINDUNILVR,raw_l2/trade_date=2026-07-17/exchange=NSE/symbol=HINDUNILVR/part-034612_713508-000173.parquet,real_data_sample\l2_unseen_validation\trade_date=2026-07-17\exchange=NSE\symbol=HINDUNILVR\part-034612_713508-000173.parquet,36117,downloaded,36117,
2026-07-17,NSE,HINDUNILVR,raw_l2/trade_date=2026-07-17/exchange=NSE/symbol=HINDUNILVR/part-034819_067493-000461.parquet,real_data_sample\l2_unseen_validation\trade_date=2026-07-17\exchange=NSE\symbol=HINDUNILVR\part-034819_067493-000461.parquet,35478,downloaded,35478,
2026-07-17,NSE,HINDUNILVR,raw_l2/trade_date=2026-07-17/exchange=NSE/symbol=HINDUNILVR/part-034626_672597-000205.parquet,real_data_sample\l2_unseen_validation\trade_date=2026-07-17\exchange=NSE\symbol=HINDUNILVR\part-034626_672597-000205.parquet,34462,downloaded,34462,
2026-07-17,NSE,HDFCBANK,raw_l2/trade_date=2026-07-17/exchange=NSE/symbol=HDFCBANK/part-093118_589637-046860.parquet,real_data_sample\l2_unseen_validation\trade_date=2026-07-17\exchange=NSE\symbol=HDFCBANK\part-093118_589637-046860.parquet,36189,downloaded,36189,
2026-07-17,NSE,HINDUNILVR,raw_l2/trade_date=2026-07-17/exchange=NSE/symbol=HINDUNILVR/part-034750_858475-000397.parquet,real_data_sample\l2_unseen_validation\trade_date=2026-07-17\exchange=NSE\symbol=HINDUNILVR\part-034750_858475-000397.parquet,34157,downloaded,34157,
2026-07-17,NSE,HINDUNILVR,raw_l2/trade_date=2026-07-17/exchange=NSE/symbol=HINDUNILVR/part-034832_861385-000493.parquet,real_data_sample\l2_unseen_validation\trade_date=2026-07-17\exchange=NSE\symbol=HINDUNILVR\part-034832_861385-000493.parquet,35923,downloaded,35923,
2026-07-17,NSE,HINDUNILVR,raw_l2/trade_date=2026-07-17/exchange=NSE/symbol=HINDUNILVR/part-034558_585574-000141.parquet,real_data_sample\l2_unseen_validation\trade_date=2026-07-17\exchange=NSE\symbol=HINDUNILVR\part-034558_585574-000141.parquet,36149,downloaded,36149,
2026-07-17,NSE,HINDUNILVR,raw_l2/trade_date=2026-07-17/exchange=NSE/symbol=HINDUNILVR/part-034804_971391-000429.parquet,real_data_sample\l2_unseen_validation\trade_date=2026-07-17\exchange=NSE\symbol=HINDUNILVR\part-034804_971391-000429.parquet,34510,downloaded,34510,
2026-07-17,NSE,HINDUNILVR,raw_l2/trade_date=2026-07-17/exchange=NSE/symbol=HINDUNILVR/part-034708_587793-000301.parquet,real_data_sample\l2_unseen_validation\trade_date=2026-07-17\exchange=NSE\symbol=HINDUNILVR\part-034708_587793-000301.parquet,34441,downloaded,34441,
2026-07-17,NSE,HINDUNILVR,raw_l2/trade_date=2026-07-17/exchange=NSE/symbol=HINDUNILVR/part-034722_657329-000333.parquet,real_data_sample\l2_unseen_validation\trade_date=2026-07-17\exchange=NSE\symbol=HINDUNILVR\part-034722_657329-000333.parquet,34438,downloaded,34438,
2026-07-17,NSE,HINDUNILVR,raw_l2/trade_date=2026-07-17/exchange=NSE/symbol=HINDUNILVR/part-034846_577962-000525.parquet,real_data_sample\l2_unseen_validation\trade_date=2026-07-17\exchange=NSE\symbol=HINDUNILVR\part-034846_577962-000525.parquet,35828,downloaded,35828,
2026-07-17,NSE,HINDUNILVR,raw_l2/trade_date=2026-07-17/exchange=NSE/symbol=HINDUNILVR/part-034900_356103-000557.parquet,real_data_sample\l2_unseen_validation\trade_date=2026-07-17\exchange=NSE\symbol=HINDUNILVR\part-034900_356103-000557.parquet,36018,downloaded,36018,
2026-07-17,NSE,HDFCBANK,raw_l2/trade_date=2026-07-17/exchange=NSE/symbol=HDFCBANK/part-095937_742754-050668.parquet,real_data_sample\l2_unseen_validation\trade_date=2026-07-17\exchange=NSE\symbol=HDFCBANK\part-095937_742754-050668.parquet,36632,downloaded,36632,
2026-07-17,NSE,HDFCBANK,raw_l2/trade_date=2026-07-17/exchange=NSE/symbol=HDFCBANK/part-093408_810813-047244.parquet,real_data_sample\l2_unseen_validation\trade_date=2026-07-17\exchange=NSE\symbol=HDFCBANK\part-093408_810813-047244.parquet,36439,downloaded,36439,
2026-07-17,NSE,HDFCBANK,raw_l2/trade_date=2026-07-17/exchange=NSE/symbol=HDFCBANK/part-095952_120805-050700.parquet,real_data_sample\l2_unseen_validation\trade_date=2026-07-17\exchange=NSE\symbol=HDFCBANK\part-095952_120805-050700.parquet,36367,downloaded,36367,
2026-07-17,NSE,HDFCBANK,raw_l2/trade_date=2026-07-17/exchange=NSE/symbol=HDFCBANK/part-093659_786075-047628.parquet,real_data_sample\l2_unseen_validation\trade_date=2026-07-17\exchange=NSE\symbol=HDFCBANK\part-093659_786075-047628.parquet,35547,downloaded,35547,
2026-07-17,NSE,HDFCBANK,raw_l2/trade_date=2026-07-17/exchange=NSE/symbol=HDFCBANK/part-093602_889273-047500.parquet,real_data_sample\l2_unseen_validation\trade_date=2026-07-17\exchange=NSE\symbol=HDFCBANK\part-093602_889273-047500.parquet,36069,downloaded,36069,
2026-07-17,NSE,HINDUNILVR,raw_l2/trade_date=2026-07-17/exchange=NSE/symbol=HINDUNILVR/part-034928_390141-000621.parquet,real_data_sample\l2_unseen_validation\trade_date=2026-07-17\exchange=NSE\symbol=HINDUNILVR\part-034928_390141-000621.parquet,34412,downloaded,34412,
2026-07-17,NSE,HDFCBANK,raw_l2/trade_date=2026-07-17/exchange=NSE/symbol=HDFCBANK/part-093354_786335-047212.parquet,real_data_sample\l2_unseen_validation\trade_date=2026-07-17\exchange=NSE\symbol=HDFCBANK\part-093354_786335-047212.parquet,36107,downloaded,36107,
2026-07-17,NSE,HINDUNILVR,raw_l2/trade_date=2026-07-17/exchange=NSE/symbol=HINDUNILVR/part-034956_492187-000685.parquet,real_data_sample\l2_unseen_validation\trade_date=2026-07-17\exchange=NSE\symbol=HINDUNILVR\part-034956_492187-000685.parquet,34506,downloaded,34506,
2026-07-17,NSE,HDFCBANK,raw_l2/trade_date=2026-07-17/exchange=NSE/symbol=HDFCBANK/part-093312_320536-047116.parquet,real_data_sample\l2_unseen_validation\trade_date=2026-07-17\exchange=NSE\symbol=HDFCBANK\part-093312_320536-047116.parquet,35421,downloaded,35421,
2026-07-17,NSE,HINDUNILVR,raw_l2/trade_date=2026-07-17/exchange=NSE/symbol=HINDUNILVR/part-034942_395571-000653.parquet,real_data_sample\l2_unseen_validation\trade_date=2026-07-17\exchange=NSE\symbol=HINDUNILVR\part-034942_395571-000653.parquet,34514,downloaded,34514,
2026-07-17,NSE,HINDUNILVR,raw_l2/trade_date=2026-07-17/exchange=NSE/symbol=HINDUNILVR/part-035010_358481-000717.parquet,real_data_sample\l2_unseen_validation\trade_date=2026-07-17\exchange=NSE\symbol=HINDUNILVR\part-035010_358481-000717.parquet,34478,downloaded,34478,
2026-07-17,NSE,HINDUNILVR,raw_l2/trade_date=2026-07-17/exchange=NSE/symbol=HINDUNILVR/part-035024_378135-000749.parquet,real_data_sample\l2_unseen_validation\trade_date=2026-07-17\exchange=NSE\symbol=HINDUNILVR\part-035024_378135-000749.parquet,35685,downloaded,35685,
2026-07-17,NSE,HINDUNILVR,raw_l2/trade_date=2026-07-17/exchange=NSE/symbol=HINDUNILVR/part-035051_834202-000813.parquet,real_data_sample\l2_unseen_validation\trade_date=2026-07-17\exchange=NSE\symbol=HINDUNILVR\part-035051_834202-000813.parquet,36256,downloaded,36256,
2026-07-17,NSE,HINDUNILVR,raw_l2/trade_date=2026-07-17/exchange=NSE/symbol=HINDUNILVR/part-035214_799479-001005.parquet,real_data_sample\l2_unseen_validation\trade_date=2026-07-17\exchange=NSE\symbol=HINDUNILVR\part-035214_799479-001005.parquet,35189,downloaded,35189,
2026-07-17,NSE,HINDUNILVR,raw_l2/trade_date=2026-07-17/exchange=NSE/symbol=HINDUNILVR/part-035038_165466-000781.parquet,real_data_sample\l2_unseen_validation\trade_date=2026-07-17\exchange=NSE\symbol=HINDUNILVR\part-035038_165466-000781.parquet,35695,downloaded,35695,
2026-07-17,NSE,HINDUNILVR,raw_l2/trade_date=2026-07-17/exchange=NSE/symbol=HINDUNILVR/part-035105_587468-000845.parquet,real_data_sample\l2_unseen_validation\trade_date=2026-07-17\exchange=NSE\symbol=HINDUNILVR\part-035105_587468-000845.parquet,36087,downloaded,36087,
2026-07-17,NSE,HINDUNILVR,raw_l2/trade_date=2026-07-17/exchange=NSE/symbol=HINDUNILVR/part-035242_665411-001069.parquet,real_data_sample\l2_unseen_validation\trade_date=2026-07-17\exchange=NSE\symbol=HINDUNILVR\part-035242_665411-001069.parquet,34430,downloaded,34430,
2026-07-17,NSE,HINDUNILVR,raw_l2/trade_date=2026-07-17/exchange=NSE/symbol=HINDUNILVR/part-035200_921159-000973.parquet,real_data_sample\l2_unseen_validation\trade_date=2026-07-17\exchange=NSE\symbol=HINDUNILVR\part-035200_921159-000973.parquet,35595,downloaded,35595,
2026-07-17,NSE,HINDUNILVR,raw_l2/trade_date=2026-07-17/exchange=NSE/symbol=HINDUNILVR/part-035119_353610-000877.parquet,real_data_sample\l2_unseen_validation\trade_date=2026-07-17\exchange=NSE\symbol=HINDUNILVR\part-035119_353610-000877.parquet,36000,downloaded,36000,
2026-07-17,NSE,HINDUNILVR,raw_l2/trade_date=2026-07-17/exchange=NSE/symbol=HINDUNILVR/part-035146_939666-000941.parquet,real_data_sample\l2_unseen_validation\trade_date=2026-07-17\exchange=NSE\symbol=HINDUNILVR\part-035146_939666-000941.parquet,35929,downloaded,35929,
2026-07-17,NSE,HINDUNILVR,raw_l2/trade_date=2026-07-17/exchange=NSE/symbol=HINDUNILVR/part-035406_077598-001261.parquet,real_data_sample\l2_unseen_validation\trade_date=2026-07-17\exchange=NSE\symbol=HINDUNILVR\part-035406_077598-001261.parquet,34678,downloaded,34678,
2026-07-17,NSE,HINDUNILVR,raw_l2/trade_date=2026-07-17/exchange=NSE/symbol=HINDUNILVR/part-035310_572651-001133.parquet,real_data_sample\l2_unseen_validation\trade_date=2026-07-17\exchange=NSE\symbol=HINDUNILVR\part-035310_572651-001133.parquet,34486,downloaded,34486,
2026-07-17,NSE,HINDUNILVR,raw_l2/trade_date=2026-07-17/exchange=NSE/symbol=HINDUNILVR/part-035338_337908-001197.parquet,real_data_sample\l2_unseen_validation\trade_date=2026-07-17\exchange=NSE\symbol=HINDUNILVR\part-035338_337908-001197.parquet,34680,downloaded,34680,
2026-07-17,NSE,HINDUNILVR,raw_l2/trade_date=2026-07-17/exchange=NSE/symbol=HINDUNILVR/part-035419_798080-001293.parquet,real_data_sample\l2_unseen_validation\trade_date=2026-07-17\exchange=NSE\symbol=HINDUNILVR\part-035419_798080-001293.parquet,34463,downloaded,34463,
2026-07-17,NSE,HINDUNILVR,raw_l2/trade_date=2026-07-17/exchange=NSE/symbol=HINDUNILVR/part-035324_377729-001165.parquet,real_data_sample\l2_unseen_validation\trade_date=2026-07-17\exchange=NSE\symbol=HINDUNILVR\part-035324_377729-001165.parquet,34494,downloaded,34494,
2026-07-17,NSE,HINDUNILVR,raw_l2/trade_date=2026-07-17/exchange=NSE/symbol=HINDUNILVR/part-035256_768253-001101.parquet,real_data_sample\l2_unseen_validation\trade_date=2026-07-17\exchange=NSE\symbol=HINDUNILVR\part-035256_768253-001101.parquet,34479,downloaded,34479,
2026-07-17,NSE,HINDUNILVR,raw_l2/trade_date=2026-07-17/exchange=NSE/symbol=HINDUNILVR/part-035352_138894-001229.parquet,real_data_sample\l2_unseen_validation\trade_date=2026-07-17\exchange=NSE\symbol=HINDUNILVR\part-035352_138894-001229.parquet,34773,downloaded,34773,
2026-07-17,NSE,HDFCBANK,raw_l2/trade_date=2026-07-17/exchange=NSE/symbol=HDFCBANK/part-093258_065371-047084.parquet,real_data_sample\l2_unseen_validation\trade_date=2026-07-17\exchange=NSE\symbol=HDFCBANK\part-093258_065371-047084.parquet,36107,downloaded,36107,
2026-07-17,NSE,HDFCBANK,raw_l2/trade_date=2026-07-17/exchange=NSE/symbol=HDFCBANK/part-093201_656497-046956.parquet,real_data_sample\l2_unseen_validation\trade_date=2026-07-17\exchange=NSE\symbol=HDFCBANK\part-093201_656497-046956.parquet,36672,downloaded,36672,
2026-07-17,NSE,HINDUNILVR,raw_l2/trade_date=2026-07-17/exchange=NSE/symbol=HINDUNILVR/part-035529_641856-001453.parquet,real_data_sample\l2_unseen_validation\trade_date=2026-07-17\exchange=NSE\symbol=HINDUNILVR\part-035529_641856-001453.parquet,34503,downloaded,34503,
2026-07-17,NSE,HINDUNILVR,raw_l2/trade_date=2026-07-17/exchange=NSE/symbol=HINDUNILVR/part-035515_719138-001421.parquet,real_data_sample\l2_unseen_validation\trade_date=2026-07-17\exchange=NSE\symbol=HINDUNILVR\part-035515_719138-001421.parquet,34485,downloaded,34485,
2026-07-17,NSE,HINDUNILVR,raw_l2/trade_date=2026-07-17/exchange=NSE/symbol=HINDUNILVR/part-035543_566711-001485.parquet,real_data_sample\l2_unseen_validation\trade_date=2026-07-17\exchange=NSE\symbol=HINDUNILVR\part-035543_566711-001485.parquet,34629,downloaded,34629,
2026-07-17,NSE,HINDUNILVR,raw_l2/trade_date=2026-07-17/exchange=NSE/symbol=HINDUNILVR/part-035557_487438-001517.parquet,real_data_sample\l2_unseen_validation\trade_date=2026-07-17\exchange=NSE\symbol=HINDUNILVR\part-035557_487438-001517.parquet,34661,downloaded,34661,
2026-07-17,NSE,HINDUNILVR,raw_l2/trade_date=2026-07-17/exchange=NSE/symbol=HINDUNILVR/part-035653_407433-001645.parquet,real_data_sample\l2_unseen_validation\trade_date=2026-07-17\exchange=NSE\symbol=HINDUNILVR\part-035653_407433-001645.parquet,34537,downloaded,34537,
2026-07-17,NSE,HINDUNILVR,raw_l2/trade_date=2026-07-17/exchange=NSE/symbol=HINDUNILVR/part-034914_442686-000589.parquet,real_data_sample\l2_unseen_validation\trade_date=2026-07-17\exchange=NSE\symbol=HINDUNILVR\part-034914_442686-000589.parquet,35779,downloaded,35779,
2026-07-17,NSE,HINDUNILVR,raw_l2/trade_date=2026-07-17/exchange=NSE/symbol=HINDUNILVR/part-035707_156082-001677.parquet,real_data_sample\l2_unseen_validation\trade_date=2026-07-17\exchange=NSE\symbol=HINDUNILVR\part-035707_156082-001677.parquet,34497,downloaded,34497,
2026-07-17,NSE,HINDUNILVR,raw_l2/trade_date=2026-07-17/exchange=NSE/symbol=HINDUNILVR/part-035639_439179-001613.parquet,real_data_sample\l2_unseen_validation\trade_date=2026-07-17\exchange=NSE\symbol=HINDUNILVR\part-035639_439179-001613.parquet,34548,downloaded,34548,
2026-07-17,NSE,HINDUNILVR,raw_l2/trade_date=2026-07-17/exchange=NSE/symbol=HINDUNILVR/part-035611_392382-001549.parquet,real_data_sample\l2_unseen_validation\trade_date=2026-07-17\exchange=NSE\symbol=HINDUNILVR\part-035611_392382-001549.parquet,34486,downloaded,34486,
2026-07-17,NSE,HINDUNILVR,raw_l2/trade_date=2026-07-17/exchange=NSE/symbol=HINDUNILVR/part-035228_579883-001037.parquet,real_data_sample\l2_unseen_validation\trade_date=2026-07-17\exchange=NSE\symbol=HINDUNILVR\part-035228_579883-001037.parquet,34108,downloaded,34108,
2026-07-17,NSE,HINDUNILVR,raw_l2/trade_date=2026-07-17/exchange=NSE/symbol=HINDUNILVR/part-035625_603661-001581.parquet,real_data_sample\l2_unseen_validation\trade_date=2026-07-17\exchange=NSE\symbol=HINDUNILVR\part-035625_603661-001581.parquet,34483,downloaded,34483,
2026-07-17,NSE,HINDUNILVR,raw_l2/trade_date=2026-07-17/exchange=NSE/symbol=HINDUNILVR/part-035721_200119-001709.parquet,real_data_sample\l2_unseen_validation\trade_date=2026-07-17\exchange=NSE\symbol=HINDUNILVR\part-035721_200119-001709.parquet,34475,downloaded,34475,
2026-07-17,NSE,HINDUNILVR,raw_l2/trade_date=2026-07-17/exchange=NSE/symbol=HINDUNILVR/part-035803_821197-001805.parquet,real_data_sample\l2_unseen_validation\trade_date=2026-07-17\exchange=NSE\symbol=HINDUNILVR\part-035803_821197-001805.parquet,34723,downloaded,34723,
2026-07-17,NSE,HINDUNILVR,raw_l2/trade_date=2026-07-17/exchange=NSE/symbol=HINDUNILVR/part-035749_498305-001773.parquet,real_data_sample\l2_unseen_validation\trade_date=2026-07-17\exchange=NSE\symbol=HINDUNILVR\part-035749_498305-001773.parquet,34704,downloaded,34704,
2026-07-17,NSE,HINDUNILVR,raw_l2/trade_date=2026-07-17/exchange=NSE/symbol=HINDUNILVR/part-035735_340070-001741.parquet,real_data_sample\l2_unseen_validation\trade_date=2026-07-17\exchange=NSE\symbol=HINDUNILVR\part-035735_340070-001741.parquet,34695,downloaded,34695,
2026-07-17,NSE,HINDUNILVR,raw_l2/trade_date=2026-07-17/exchange=NSE/symbol=HINDUNILVR/part-035433_626374-001325.parquet,real_data_sample\l2_unseen_validation\trade_date=2026-07-17\exchange=NSE\symbol=HINDUNILVR\part-035433_626374-001325.parquet,34157,downloaded,34157,
2026-07-17,NSE,HINDUNILVR,raw_l2/trade_date=2026-07-17/exchange=NSE/symbol=HINDUNILVR/part-035447_582945-001357.parquet,real_data_sample\l2_unseen_validation\trade_date=2026-07-17\exchange=NSE\symbol=HINDUNILVR\part-035447_582945-001357.parquet,34474,downloaded,34474,
2026-07-17,NSE,HINDUNILVR,raw_l2/trade_date=2026-07-17/exchange=NSE/symbol=HINDUNILVR/part-035501_662530-001389.parquet,real_data_sample\l2_unseen_validation\trade_date=2026-07-17\exchange=NSE\symbol=HINDUNILVR\part-035501_662530-001389.parquet,34455,downloaded,34455,
2026-07-17,NSE,HINDUNILVR,raw_l2/trade_date=2026-07-17/exchange=NSE/symbol=HINDUNILVR/part-035914_175437-001965.parquet,real_data_sample\l2_unseen_validation\trade_date=2026-07-17\exchange=NSE\symbol=HINDUNILVR\part-035914_175437-001965.parquet,34488,downloaded,34488,
2026-07-17,NSE,HINDUNILVR,raw_l2/trade_date=2026-07-17/exchange=NSE/symbol=HINDUNILVR/part-035956_187369-002061.parquet,real_data_sample\l2_unseen_validation\trade_date=2026-07-17\exchange=NSE\symbol=HINDUNILVR\part-035956_187369-002061.parquet,34553,downloaded,34553,
2026-07-17,NSE,HINDUNILVR,raw_l2/trade_date=2026-07-17/exchange=NSE/symbol=HINDUNILVR/part-035133_123708-000909.parquet,real_data_sample\l2_unseen_validation\trade_date=2026-07-17\exchange=NSE\symbol=HINDUNILVR\part-035133_123708-000909.parquet,36152,downloaded,36152,
2026-07-17,NSE,HINDUNILVR,raw_l2/trade_date=2026-07-17/exchange=NSE/symbol=HINDUNILVR/part-035928_143795-001997.parquet,real_data_sample\l2_unseen_validation\trade_date=2026-07-17\exchange=NSE\symbol=HINDUNILVR\part-035928_143795-001997.parquet,34511,downloaded,34511,
2026-07-17,NSE,HINDUNILVR,raw_l2/trade_date=2026-07-17/exchange=NSE/symbol=HINDUNILVR/part-035832_209398-001869.parquet,real_data_sample\l2_unseen_validation\trade_date=2026-07-17\exchange=NSE\symbol=HINDUNILVR\part-035832_209398-001869.parquet,34447,downloaded,34447,
2026-07-17,NSE,HINDUNILVR,raw_l2/trade_date=2026-07-17/exchange=NSE/symbol=HINDUNILVR/part-035846_150772-001901.parquet,real_data_sample\l2_unseen_validation\trade_date=2026-07-17\exchange=NSE\symbol=HINDUNILVR\part-035846_150772-001901.parquet,34489,downloaded,34489,
2026-07-17,NSE,HINDUNILVR,raw_l2/trade_date=2026-07-17/exchange=NSE/symbol=HINDUNILVR/part-035900_216853-001933.parquet,real_data_sample\l2_unseen_validation\trade_date=2026-07-17\exchange=NSE\symbol=HINDUNILVR\part-035900_216853-001933.parquet,34536,downloaded,34536,
2026-07-17,NSE,HINDUNILVR,raw_l2/trade_date=2026-07-17/exchange=NSE/symbol=HINDUNILVR/part-035818_210074-001837.parquet,real_data_sample\l2_unseen_validation\trade_date=2026-07-17\exchange=NSE\symbol=HINDUNILVR\part-035818_210074-001837.parquet,34722,downloaded,34722,
2026-07-17,NSE,HINDUNILVR,raw_l2/trade_date=2026-07-17/exchange=NSE/symbol=HINDUNILVR/part-035942_261000-002029.parquet,real_data_sample\l2_unseen_validation\trade_date=2026-07-17\exchange=NSE\symbol=HINDUNILVR\part-035942_261000-002029.parquet,34526,downloaded,34526,
2026-07-17,NSE,HINDUNILVR,raw_l2/trade_date=2026-07-17/exchange=NSE/symbol=HINDUNILVR/part-040052_032637-002189.parquet,real_data_sample\l2_unseen_validation\trade_date=2026-07-17\exchange=NSE\symbol=HINDUNILVR\part-040052_032637-002189.parquet,35962,downloaded,35962,
2026-07-17,NSE,HINDUNILVR,raw_l2/trade_date=2026-07-17/exchange=NSE/symbol=HINDUNILVR/part-040024_387402-002125.parquet,real_data_sample\l2_unseen_validation\trade_date=2026-07-17\exchange=NSE\symbol=HINDUNILVR\part-040024_387402-002125.parquet,36069,downloaded,36069,
2026-07-17,NSE,HINDUNILVR,raw_l2/trade_date=2026-07-17/exchange=NSE/symbol=HINDUNILVR/part-040038_321291-002157.parquet,real_data_sample\l2_unseen_validation\trade_date=2026-07-17\exchange=NSE\symbol=HINDUNILVR\part-040038_321291-002157.parquet,35917,downloaded,35917,
2026-07-17,NSE,HINDUNILVR,raw_l2/trade_date=2026-07-17/exchange=NSE/symbol=HINDUNILVR/part-040010_336875-002093.parquet,real_data_sample\l2_unseen_validation\trade_date=2026-07-17\exchange=NSE\symbol=HINDUNILVR\part-040010_336875-002093.parquet,34437,downloaded,34437,
2026-07-17,NSE,HINDUNILVR,raw_l2/trade_date=2026-07-17/exchange=NSE/symbol=HINDUNILVR/part-040105_968319-002221.parquet,real_data_sample\l2_unseen_validation\trade_date=2026-07-17\exchange=NSE\symbol=HINDUNILVR\part-040105_968319-002221.parquet,35990,downloaded,35990,
2026-07-17,NSE,HINDUNILVR,raw_l2/trade_date=2026-07-17/exchange=NSE/symbol=HINDUNILVR/part-040133_603562-002285.parquet,real_data_sample\l2_unseen_validation\trade_date=2026-07-17\exchange=NSE\symbol=HINDUNILVR\part-040133_603562-002285.parquet,34445,downloaded,34445,
2026-07-17,NSE,HINDUNILVR,raw_l2/trade_date=2026-07-17/exchange=NSE/symbol=HINDUNILVR/part-040147_364935-002317.parquet,real_data_sample\l2_unseen_validation\trade_date=2026-07-17\exchange=NSE\symbol=HINDUNILVR\part-040147_364935-002317.parquet,34425,downloaded,34425,
2026-07-17,NSE,HINDUNILVR,raw_l2/trade_date=2026-07-17/exchange=NSE/symbol=HINDUNILVR/part-040201_401641-002349.parquet,real_data_sample\l2_unseen_validation\trade_date=2026-07-17\exchange=NSE\symbol=HINDUNILVR\part-040201_401641-002349.parquet,34635,downloaded,34635,
2026-07-17,NSE,HINDUNILVR,raw_l2/trade_date=2026-07-17/exchange=NSE/symbol=HINDUNILVR/part-040243_541378-002445.parquet,real_data_sample\l2_unseen_validation\trade_date=2026-07-17\exchange=NSE\symbol=HINDUNILVR\part-040243_541378-002445.parquet,34722,downloaded,34722,
2026-07-17,NSE,HINDUNILVR,raw_l2/trade_date=2026-07-17/exchange=NSE/symbol=HINDUNILVR/part-040257_833588-002477.parquet,real_data_sample\l2_unseen_validation\trade_date=2026-07-17\exchange=NSE\symbol=HINDUNILVR\part-040257_833588-002477.parquet,34553,downloaded,34553,
2026-07-17,NSE,HINDUNILVR,raw_l2/trade_date=2026-07-17/exchange=NSE/symbol=HINDUNILVR/part-040312_360960-002509.parquet,real_data_sample\l2_unseen_validation\trade_date=2026-07-17\exchange=NSE\symbol=HINDUNILVR\part-040312_360960-002509.parquet,34745,downloaded,34745,
2026-07-17,NSE,HINDUNILVR,raw_l2/trade_date=2026-07-17/exchange=NSE/symbol=HINDUNILVR/part-040422_860528-002669.parquet,real_data_sample\l2_unseen_validation\trade_date=2026-07-17\exchange=NSE\symbol=HINDUNILVR\part-040422_860528-002669.parquet,34666,downloaded,34666,
2026-07-17,NSE,HINDUNILVR,raw_l2/trade_date=2026-07-17/exchange=NSE/symbol=HINDUNILVR/part-040215_336835-002381.parquet,real_data_sample\l2_unseen_validation\trade_date=2026-07-17\exchange=NSE\symbol=HINDUNILVR\part-040215_336835-002381.parquet,34488,downloaded,34488,
2026-07-17,NSE,HINDUNILVR,raw_l2/trade_date=2026-07-17/exchange=NSE/symbol=HINDUNILVR/part-040436_891156-002701.parquet,real_data_sample\l2_unseen_validation\trade_date=2026-07-17\exchange=NSE\symbol=HINDUNILVR\part-040436_891156-002701.parquet,34495,downloaded,34495,
2026-07-17,NSE,HINDUNILVR,raw_l2/trade_date=2026-07-17/exchange=NSE/symbol=HINDUNILVR/part-040354_969038-002605.parquet,real_data_sample\l2_unseen_validation\trade_date=2026-07-17\exchange=NSE\symbol=HINDUNILVR\part-040354_969038-002605.parquet,34711,downloaded,34711,
2026-07-17,NSE,HINDUNILVR,raw_l2/trade_date=2026-07-17/exchange=NSE/symbol=HINDUNILVR/part-040340_710667-002573.parquet,real_data_sample\l2_unseen_validation\trade_date=2026-07-17\exchange=NSE\symbol=HINDUNILVR\part-040340_710667-002573.parquet,34738,downloaded,34738,
2026-07-17,NSE,HINDUNILVR,raw_l2/trade_date=2026-07-17/exchange=NSE/symbol=HINDUNILVR/part-040408_965074-002637.parquet,real_data_sample\l2_unseen_validation\trade_date=2026-07-17\exchange=NSE\symbol=HINDUNILVR\part-040408_965074-002637.parquet,34703,downloaded,34703,
2026-07-17,NSE,HINDUNILVR,raw_l2/trade_date=2026-07-17/exchange=NSE/symbol=HINDUNILVR/part-040615_342832-002925.parquet,real_data_sample\l2_unseen_validation\trade_date=2026-07-17\exchange=NSE\symbol=HINDUNILVR\part-040615_342832-002925.parquet,34751,downloaded,34751,
2026-07-17,NSE,HINDUNILVR,raw_l2/trade_date=2026-07-17/exchange=NSE/symbol=HINDUNILVR/part-040533_375458-002829.parquet,real_data_sample\l2_unseen_validation\trade_date=2026-07-17\exchange=NSE\symbol=HINDUNILVR\part-040533_375458-002829.parquet,34810,downloaded,34810,
2026-07-17,NSE,HINDUNILVR,raw_l2/trade_date=2026-07-17/exchange=NSE/symbol=HINDUNILVR/part-040547_359266-002861.parquet,real_data_sample\l2_unseen_validation\trade_date=2026-07-17\exchange=NSE\symbol=HINDUNILVR\part-040547_359266-002861.parquet,34606,downloaded,34606,
2026-07-17,NSE,HINDUNILVR,raw_l2/trade_date=2026-07-17/exchange=NSE/symbol=HINDUNILVR/part-040629_368494-002957.parquet,real_data_sample\l2_unseen_validation\trade_date=2026-07-17\exchange=NSE\symbol=HINDUNILVR\part-040629_368494-002957.parquet,34519,downloaded,34519,
2026-07-17,NSE,HINDUNILVR,raw_l2/trade_date=2026-07-17/exchange=NSE/symbol=HINDUNILVR/part-040725_191160-003085.parquet,real_data_sample\l2_unseen_validation\trade_date=2026-07-17\exchange=NSE\symbol=HINDUNILVR\part-040725_191160-003085.parquet,34810,downloaded,34810,
2026-07-17,NSE,HINDUNILVR,raw_l2/trade_date=2026-07-17/exchange=NSE/symbol=HINDUNILVR/part-040643_123579-002989.parquet,real_data_sample\l2_unseen_validation\trade_date=2026-07-17\exchange=NSE\symbol=HINDUNILVR\part-040643_123579-002989.parquet,34708,downloaded,34708,
2026-07-17,NSE,HINDUNILVR,raw_l2/trade_date=2026-07-17/exchange=NSE/symbol=HINDUNILVR/part-040711_138088-003053.parquet,real_data_sample\l2_unseen_validation\trade_date=2026-07-17\exchange=NSE\symbol=HINDUNILVR\part-040711_138088-003053.parquet,34499,downloaded,34499,
2026-07-17,NSE,HINDUNILVR,raw_l2/trade_date=2026-07-17/exchange=NSE/symbol=HINDUNILVR/part-040835_871504-003245.parquet,real_data_sample\l2_unseen_validation\trade_date=2026-07-17\exchange=NSE\symbol=HINDUNILVR\part-040835_871504-003245.parquet,35938,downloaded,35938,
2026-07-17,NSE,HINDUNILVR,raw_l2/trade_date=2026-07-17/exchange=NSE/symbol=HINDUNILVR/part-040739_213886-003117.parquet,real_data_sample\l2_unseen_validation\trade_date=2026-07-17\exchange=NSE\symbol=HINDUNILVR\part-040739_213886-003117.parquet,34477,downloaded,34477,
2026-07-17,NSE,HINDUNILVR,raw_l2/trade_date=2026-07-17/exchange=NSE/symbol=HINDUNILVR/part-040657_118596-003021.parquet,real_data_sample\l2_unseen_validation\trade_date=2026-07-17\exchange=NSE\symbol=HINDUNILVR\part-040657_118596-003021.parquet,34707,downloaded,34707,
2026-07-17,NSE,HINDUNILVR,raw_l2/trade_date=2026-07-17/exchange=NSE/symbol=HINDUNILVR/part-040807_371810-003181.parquet,real_data_sample\l2_unseen_validation\trade_date=2026-07-17\exchange=NSE\symbol=HINDUNILVR\part-040807_371810-003181.parquet,34549,downloaded,34549,
2026-07-17,NSE,HINDUNILVR,raw_l2/trade_date=2026-07-17/exchange=NSE/symbol=HINDUNILVR/part-040119_809130-002253.parquet,real_data_sample\l2_unseen_validation\trade_date=2026-07-17\exchange=NSE\symbol=HINDUNILVR\part-040119_809130-002253.parquet,35299,downloaded,35299,
2026-07-17,NSE,HINDUNILVR,raw_l2/trade_date=2026-07-17/exchange=NSE/symbol=HINDUNILVR/part-040753_403282-003149.parquet,real_data_sample\l2_unseen_validation\trade_date=2026-07-17\exchange=NSE\symbol=HINDUNILVR\part-040753_403282-003149.parquet,34779,downloaded,34779,
2026-07-17,NSE,HINDUNILVR,raw_l2/trade_date=2026-07-17/exchange=NSE/symbol=HINDUNILVR/part-040904_401341-003309.parquet,real_data_sample\l2_unseen_validation\trade_date=2026-07-17\exchange=NSE\symbol=HINDUNILVR\part-040904_401341-003309.parquet,36067,downloaded,36067,
2026-07-17,NSE,HINDUNILVR,raw_l2/trade_date=2026-07-17/exchange=NSE/symbol=HINDUNILVR/part-040229_136755-002413.parquet,real_data_sample\l2_unseen_validation\trade_date=2026-07-17\exchange=NSE\symbol=HINDUNILVR\part-040229_136755-002413.parquet,34492,downloaded,34492,
2026-07-17,NSE,HINDUNILVR,raw_l2/trade_date=2026-07-17/exchange=NSE/symbol=HINDUNILVR/part-040821_708606-003213.parquet,real_data_sample\l2_unseen_validation\trade_date=2026-07-17\exchange=NSE\symbol=HINDUNILVR\part-040821_708606-003213.parquet,35328,downloaded,35328,
2026-07-17,NSE,HINDUNILVR,raw_l2/trade_date=2026-07-17/exchange=NSE/symbol=HINDUNILVR/part-040918_548499-003341.parquet,real_data_sample\l2_unseen_validation\trade_date=2026-07-17\exchange=NSE\symbol=HINDUNILVR\part-040918_548499-003341.parquet,34980,downloaded,34980,
2026-07-17,NSE,HINDUNILVR,raw_l2/trade_date=2026-07-17/exchange=NSE/symbol=HINDUNILVR/part-040850_199651-003277.parquet,real_data_sample\l2_unseen_validation\trade_date=2026-07-17\exchange=NSE\symbol=HINDUNILVR\part-040850_199651-003277.parquet,35897,downloaded,35897,
2026-07-17,NSE,HINDUNILVR,raw_l2/trade_date=2026-07-17/exchange=NSE/symbol=HINDUNILVR/part-041001_532864-003437.parquet,real_data_sample\l2_unseen_validation\trade_date=2026-07-17\exchange=NSE\symbol=HINDUNILVR\part-041001_532864-003437.parquet,34501,downloaded,34501,
2026-07-17,NSE,HINDUNILVR,raw_l2/trade_date=2026-07-17/exchange=NSE/symbol=HINDUNILVR/part-040932_805466-003373.parquet,real_data_sample\l2_unseen_validation\trade_date=2026-07-17\exchange=NSE\symbol=HINDUNILVR\part-040932_805466-003373.parquet,34634,downloaded,34634,
2026-07-17,NSE,HINDUNILVR,raw_l2/trade_date=2026-07-17/exchange=NSE/symbol=HINDUNILVR/part-040947_189201-003405.parquet,real_data_sample\l2_unseen_validation\trade_date=2026-07-17\exchange=NSE\symbol=HINDUNILVR\part-040947_189201-003405.parquet,34795,downloaded,34795,
2026-07-17,NSE,HINDUNILVR,raw_l2/trade_date=2026-07-17/exchange=NSE/symbol=HINDUNILVR/part-041029_526427-003501.parquet,real_data_sample\l2_unseen_validation\trade_date=2026-07-17\exchange=NSE\symbol=HINDUNILVR\part-041029_526427-003501.parquet,34511,downloaded,34511,
2026-07-17,NSE,HINDUNILVR,raw_l2/trade_date=2026-07-17/exchange=NSE/symbol=HINDUNILVR/part-041043_740684-003533.parquet,real_data_sample\l2_unseen_validation\trade_date=2026-07-17\exchange=NSE\symbol=HINDUNILVR\part-041043_740684-003533.parquet,34497,downloaded,34497,
2026-07-17,NSE,HINDUNILVR,raw_l2/trade_date=2026-07-17/exchange=NSE/symbol=HINDUNILVR/part-040450_833000-002733.parquet,real_data_sample\l2_unseen_validation\trade_date=2026-07-17\exchange=NSE\symbol=HINDUNILVR\part-040450_833000-002733.parquet,34499,downloaded,34499,
2026-07-17,NSE,HINDUNILVR,raw_l2/trade_date=2026-07-17/exchange=NSE/symbol=HINDUNILVR/part-041015_382374-003469.parquet,real_data_sample\l2_unseen_validation\trade_date=2026-07-17\exchange=NSE\symbol=HINDUNILVR\part-041015_382374-003469.parquet,34755,downloaded,34755,
2026-07-17,NSE,HINDUNILVR,raw_l2/trade_date=2026-07-17/exchange=NSE/symbol=HINDUNILVR/part-040326_537933-002541.parquet,real_data_sample\l2_unseen_validation\trade_date=2026-07-17\exchange=NSE\symbol=HINDUNILVR\part-040326_537933-002541.parquet,34438,downloaded,34438,
2026-07-17,NSE,HINDUNILVR,raw_l2/trade_date=2026-07-17/exchange=NSE/symbol=HINDUNILVR/part-041058_072440-003565.parquet,real_data_sample\l2_unseen_validation\trade_date=2026-07-17\exchange=NSE\symbol=HINDUNILVR\part-041058_072440-003565.parquet,34782,downloaded,34782,
2026-07-17,NSE,HINDUNILVR,raw_l2/trade_date=2026-07-17/exchange=NSE/symbol=HINDUNILVR/part-041112_223946-003597.parquet,real_data_sample\l2_unseen_validation\trade_date=2026-07-17\exchange=NSE\symbol=HINDUNILVR\part-041112_223946-003597.parquet,34717,downloaded,34717,
2026-07-17,NSE,HINDUNILVR,raw_l2/trade_date=2026-07-17/exchange=NSE/symbol=HINDUNILVR/part-040505_095317-002765.parquet,real_data_sample\l2_unseen_validation\trade_date=2026-07-17\exchange=NSE\symbol=HINDUNILVR\part-040505_095317-002765.parquet,34409,downloaded,34409,
2026-07-17,NSE,HINDUNILVR,raw_l2/trade_date=2026-07-17/exchange=NSE/symbol=HINDUNILVR/part-041126_045597-003629.parquet,real_data_sample\l2_unseen_validation\trade_date=2026-07-17\exchange=NSE\symbol=HINDUNILVR\part-041126_045597-003629.parquet,34694,downloaded,34694,
2026-07-17,NSE,HINDUNILVR,raw_l2/trade_date=2026-07-17/exchange=NSE/symbol=HINDUNILVR/part-040519_279025-002797.parquet,real_data_sample\l2_unseen_validation\trade_date=2026-07-17\exchange=NSE\symbol=HINDUNILVR\part-040519_279025-002797.parquet,34561,downloaded,34561,
2026-07-17,NSE,HINDUNILVR,raw_l2/trade_date=2026-07-17/exchange=NSE/symbol=HINDUNILVR/part-041221_890589-003757.parquet,real_data_sample\l2_unseen_validation\trade_date=2026-07-17\exchange=NSE\symbol=HINDUNILVR\part-041221_890589-003757.parquet,34566,downloaded,34566,
2026-07-17,NSE,HINDUNILVR,raw_l2/trade_date=2026-07-17/exchange=NSE/symbol=HINDUNILVR/part-040601_407276-002893.parquet,real_data_sample\l2_unseen_validation\trade_date=2026-07-17\exchange=NSE\symbol=HINDUNILVR\part-040601_407276-002893.parquet,34727,downloaded,34727,
2026-07-17,NSE,HINDUNILVR,raw_l2/trade_date=2026-07-17/exchange=NSE/symbol=HINDUNILVR/part-041331_446304-003917.parquet,real_data_sample\l2_unseen_validation\trade_date=2026-07-17\exchange=NSE\symbol=HINDUNILVR\part-041331_446304-003917.parquet,34522,downloaded,34522,
2026-07-17,NSE,HINDUNILVR,raw_l2/trade_date=2026-07-17/exchange=NSE/symbol=HINDUNILVR/part-041413_667581-004013.parquet,real_data_sample\l2_unseen_validation\trade_date=2026-07-17\exchange=NSE\symbol=HINDUNILVR\part-041413_667581-004013.parquet,34901,downloaded,34901,
2026-07-17,NSE,HINDUNILVR,raw_l2/trade_date=2026-07-17/exchange=NSE/symbol=HINDUNILVR/part-041359_529259-003981.parquet,real_data_sample\l2_unseen_validation\trade_date=2026-07-17\exchange=NSE\symbol=HINDUNILVR\part-041359_529259-003981.parquet,34699,downloaded,34699,
2026-07-17,NSE,HINDUNILVR,raw_l2/trade_date=2026-07-17/exchange=NSE/symbol=HINDUNILVR/part-041249_660391-003821.parquet,real_data_sample\l2_unseen_validation\trade_date=2026-07-17\exchange=NSE\symbol=HINDUNILVR\part-041249_660391-003821.parquet,34453,downloaded,34453,
2026-07-17,NSE,HINDUNILVR,raw_l2/trade_date=2026-07-17/exchange=NSE/symbol=HINDUNILVR/part-041153_892265-003693.parquet,real_data_sample\l2_unseen_validation\trade_date=2026-07-17\exchange=NSE\symbol=HINDUNILVR\part-041153_892265-003693.parquet,34683,downloaded,34683,
2026-07-17,NSE,HINDUNILVR,raw_l2/trade_date=2026-07-17/exchange=NSE/symbol=HINDUNILVR/part-041317_345453-003885.parquet,real_data_sample\l2_unseen_validation\trade_date=2026-07-17\exchange=NSE\symbol=HINDUNILVR\part-041317_345453-003885.parquet,34791,downloaded,34791,
2026-07-17,NSE,HINDUNILVR,raw_l2/trade_date=2026-07-17/exchange=NSE/symbol=HINDUNILVR/part-041140_037148-003661.parquet,real_data_sample\l2_unseen_validation\trade_date=2026-07-17\exchange=NSE\symbol=HINDUNILVR\part-041140_037148-003661.parquet,34690,downloaded,34690,
2026-07-17,NSE,HINDUNILVR,raw_l2/trade_date=2026-07-17/exchange=NSE/symbol=HINDUNILVR/part-041207_914901-003725.parquet,real_data_sample\l2_unseen_validation\trade_date=2026-07-17\exchange=NSE\symbol=HINDUNILVR\part-041207_914901-003725.parquet,34686,downloaded,34686,
2026-07-17,NSE,HINDUNILVR,raw_l2/trade_date=2026-07-17/exchange=NSE/symbol=HINDUNILVR/part-041303_393617-003853.parquet,real_data_sample\l2_unseen_validation\trade_date=2026-07-17\exchange=NSE\symbol=HINDUNILVR\part-041303_393617-003853.parquet,34404,downloaded,34404,
2026-07-17,NSE,HINDUNILVR,raw_l2/trade_date=2026-07-17/exchange=NSE/symbol=HINDUNILVR/part-041235_664190-003789.parquet,real_data_sample\l2_unseen_validation\trade_date=2026-07-17\exchange=NSE\symbol=HINDUNILVR\part-041235_664190-003789.parquet,34777,downloaded,34777,
2026-07-17,NSE,HINDUNILVR,raw_l2/trade_date=2026-07-17/exchange=NSE/symbol=HINDUNILVR/part-041537_330299-004205.parquet,real_data_sample\l2_unseen_validation\trade_date=2026-07-17\exchange=NSE\symbol=HINDUNILVR\part-041537_330299-004205.parquet,34501,downloaded,34501,
2026-07-17,NSE,HINDUNILVR,raw_l2/trade_date=2026-07-17/exchange=NSE/symbol=HINDUNILVR/part-041606_365521-004269.parquet,real_data_sample\l2_unseen_validation\trade_date=2026-07-17\exchange=NSE\symbol=HINDUNILVR\part-041606_365521-004269.parquet,34509,downloaded,34509,
2026-07-17,NSE,HINDUNILVR,raw_l2/trade_date=2026-07-17/exchange=NSE/symbol=HINDUNILVR/part-041441_681519-004077.parquet,real_data_sample\l2_unseen_validation\trade_date=2026-07-17\exchange=NSE\symbol=HINDUNILVR\part-041441_681519-004077.parquet,35521,downloaded,35521,
2026-07-17,NSE,HINDUNILVR,raw_l2/trade_date=2026-07-17/exchange=NSE/symbol=HINDUNILVR/part-041523_440415-004173.parquet,real_data_sample\l2_unseen_validation\trade_date=2026-07-17\exchange=NSE\symbol=HINDUNILVR\part-041523_440415-004173.parquet,34496,downloaded,34496,
2026-07-17,NSE,HINDUNILVR,raw_l2/trade_date=2026-07-17/exchange=NSE/symbol=HINDUNILVR/part-041620_136886-004301.parquet,real_data_sample\l2_unseen_validation\trade_date=2026-07-17\exchange=NSE\symbol=HINDUNILVR\part-041620_136886-004301.parquet,34694,downloaded,34694,
2026-07-17,NSE,HINDUNILVR,raw_l2/trade_date=2026-07-17/exchange=NSE/symbol=HINDUNILVR/part-041552_555180-004237.parquet,real_data_sample\l2_unseen_validation\trade_date=2026-07-17\exchange=NSE\symbol=HINDUNILVR\part-041552_555180-004237.parquet,34483,downloaded,34483,
2026-07-17,NSE,HINDUNILVR,raw_l2/trade_date=2026-07-17/exchange=NSE/symbol=HINDUNILVR/part-041509_605791-004141.parquet,real_data_sample\l2_unseen_validation\trade_date=2026-07-17\exchange=NSE\symbol=HINDUNILVR\part-041509_605791-004141.parquet,35981,downloaded,35981,
2026-07-17,NSE,HINDUNILVR,raw_l2/trade_date=2026-07-17/exchange=NSE/symbol=HINDUNILVR/part-041427_615640-004045.parquet,real_data_sample\l2_unseen_validation\trade_date=2026-07-17\exchange=NSE\symbol=HINDUNILVR\part-041427_615640-004045.parquet,36001,downloaded,36001,
2026-07-17,NSE,HINDUNILVR,raw_l2/trade_date=2026-07-17/exchange=NSE/symbol=HINDUNILVR/part-041715_323691-004429.parquet,real_data_sample\l2_unseen_validation\trade_date=2026-07-17\exchange=NSE\symbol=HINDUNILVR\part-041715_323691-004429.parquet,34658,downloaded,34658,
2026-07-17,NSE,HINDUNILVR,raw_l2/trade_date=2026-07-17/exchange=NSE/symbol=HINDUNILVR/part-041345_500042-003949.parquet,real_data_sample\l2_unseen_validation\trade_date=2026-07-17\exchange=NSE\symbol=HINDUNILVR\part-041345_500042-003949.parquet,34473,downloaded,34473,
2026-07-17,NSE,HINDUNILVR,raw_l2/trade_date=2026-07-17/exchange=NSE/symbol=HINDUNILVR/part-041633_795428-004333.parquet,real_data_sample\l2_unseen_validation\trade_date=2026-07-17\exchange=NSE\symbol=HINDUNILVR\part-041633_795428-004333.parquet,34474,downloaded,34474,
2026-07-17,NSE,HINDUNILVR,raw_l2/trade_date=2026-07-17/exchange=NSE/symbol=HINDUNILVR/part-041647_614103-004365.parquet,real_data_sample\l2_unseen_validation\trade_date=2026-07-17\exchange=NSE\symbol=HINDUNILVR\part-041647_614103-004365.parquet,34737,downloaded,34737,
2026-07-17,NSE,HINDUNILVR,raw_l2/trade_date=2026-07-17/exchange=NSE/symbol=HINDUNILVR/part-041743_556377-004493.parquet,real_data_sample\l2_unseen_validation\trade_date=2026-07-17\exchange=NSE\symbol=HINDUNILVR\part-041743_556377-004493.parquet,34441,downloaded,34441,
2026-07-17,NSE,HINDUNILVR,raw_l2/trade_date=2026-07-17/exchange=NSE/symbol=HINDUNILVR/part-041757_361203-004525.parquet,real_data_sample\l2_unseen_validation\trade_date=2026-07-17\exchange=NSE\symbol=HINDUNILVR\part-041757_361203-004525.parquet,34620,downloaded,34620,
2026-07-17,NSE,HINDUNILVR,raw_l2/trade_date=2026-07-17/exchange=NSE/symbol=HINDUNILVR/part-041852_685926-004653.parquet,real_data_sample\l2_unseen_validation\trade_date=2026-07-17\exchange=NSE\symbol=HINDUNILVR\part-041852_685926-004653.parquet,34673,downloaded,34673,
2026-07-17,NSE,HINDUNILVR,raw_l2/trade_date=2026-07-17/exchange=NSE/symbol=HINDUNILVR/part-041824_829593-004589.parquet,real_data_sample\l2_unseen_validation\trade_date=2026-07-17\exchange=NSE\symbol=HINDUNILVR\part-041824_829593-004589.parquet,34513,downloaded,34513,
2026-07-17,NSE,HINDUNILVR,raw_l2/trade_date=2026-07-17/exchange=NSE/symbol=HINDUNILVR/part-041921_541005-004717.parquet,real_data_sample\l2_unseen_validation\trade_date=2026-07-17\exchange=NSE\symbol=HINDUNILVR\part-041921_541005-004717.parquet,34652,downloaded,34652,
2026-07-17,NSE,HINDUNILVR,raw_l2/trade_date=2026-07-17/exchange=NSE/symbol=HINDUNILVR/part-042017_608657-004845.parquet,real_data_sample\l2_unseen_validation\trade_date=2026-07-17\exchange=NSE\symbol=HINDUNILVR\part-042017_608657-004845.parquet,34515,downloaded,34515,
2026-07-17,NSE,HINDUNILVR,raw_l2/trade_date=2026-07-17/exchange=NSE/symbol=HINDUNILVR/part-041935_634144-004749.parquet,real_data_sample\l2_unseen_validation\trade_date=2026-07-17\exchange=NSE\symbol=HINDUNILVR\part-041935_634144-004749.parquet,34678,downloaded,34678,
2026-07-17,NSE,HINDUNILVR,raw_l2/trade_date=2026-07-17/exchange=NSE/symbol=HINDUNILVR/part-042003_584545-004813.parquet,real_data_sample\l2_unseen_validation\trade_date=2026-07-17\exchange=NSE\symbol=HINDUNILVR\part-042003_584545-004813.parquet,34525,downloaded,34525,
2026-07-17,NSE,HINDUNILVR,raw_l2/trade_date=2026-07-17/exchange=NSE/symbol=HINDUNILVR/part-041949_685247-004781.parquet,real_data_sample\l2_unseen_validation\trade_date=2026-07-17\exchange=NSE\symbol=HINDUNILVR\part-041949_685247-004781.parquet,34525,downloaded,34525,
2026-07-17,NSE,HINDUNILVR,raw_l2/trade_date=2026-07-17/exchange=NSE/symbol=HINDUNILVR/part-042140_875521-005037.parquet,real_data_sample\l2_unseen_validation\trade_date=2026-07-17\exchange=NSE\symbol=HINDUNILVR\part-042140_875521-005037.parquet,34521,downloaded,34521,
2026-07-17,NSE,HINDUNILVR,raw_l2/trade_date=2026-07-17/exchange=NSE/symbol=HINDUNILVR/part-042045_342783-004909.parquet,real_data_sample\l2_unseen_validation\trade_date=2026-07-17\exchange=NSE\symbol=HINDUNILVR\part-042045_342783-004909.parquet,34596,downloaded,34596,
2026-07-17,NSE,HINDUNILVR,raw_l2/trade_date=2026-07-17/exchange=NSE/symbol=HINDUNILVR/part-042059_038774-004941.parquet,real_data_sample\l2_unseen_validation\trade_date=2026-07-17\exchange=NSE\symbol=HINDUNILVR\part-042059_038774-004941.parquet,34488,downloaded,34488,
2026-07-17,NSE,HINDUNILVR,raw_l2/trade_date=2026-07-17/exchange=NSE/symbol=HINDUNILVR/part-042154_887278-005069.parquet,real_data_sample\l2_unseen_validation\trade_date=2026-07-17\exchange=NSE\symbol=HINDUNILVR\part-042154_887278-005069.parquet,34799,downloaded,34799,
2026-07-17,NSE,HINDUNILVR,raw_l2/trade_date=2026-07-17/exchange=NSE/symbol=HINDUNILVR/part-042031_389625-004877.parquet,real_data_sample\l2_unseen_validation\trade_date=2026-07-17\exchange=NSE\symbol=HINDUNILVR\part-042031_389625-004877.parquet,34663,downloaded,34663,
2026-07-17,NSE,HINDUNILVR,raw_l2/trade_date=2026-07-17/exchange=NSE/symbol=HINDUNILVR/part-042112_858120-004973.parquet,real_data_sample\l2_unseen_validation\trade_date=2026-07-17\exchange=NSE\symbol=HINDUNILVR\part-042112_858120-004973.parquet,34573,downloaded,34573,
2026-07-17,NSE,HINDUNILVR,raw_l2/trade_date=2026-07-17/exchange=NSE/symbol=HINDUNILVR/part-042126_730996-005005.parquet,real_data_sample\l2_unseen_validation\trade_date=2026-07-17\exchange=NSE\symbol=HINDUNILVR\part-042126_730996-005005.parquet,34759,downloaded,34759,
2026-07-17,NSE,HINDUNILVR,raw_l2/trade_date=2026-07-17/exchange=NSE/symbol=HINDUNILVR/part-041701_596108-004397.parquet,real_data_sample\l2_unseen_validation\trade_date=2026-07-17\exchange=NSE\symbol=HINDUNILVR\part-041701_596108-004397.parquet,34632,downloaded,34632,
2026-07-17,NSE,HINDUNILVR,raw_l2/trade_date=2026-07-17/exchange=NSE/symbol=HINDUNILVR/part-042400_590877-005357.parquet,real_data_sample\l2_unseen_validation\trade_date=2026-07-17\exchange=NSE\symbol=HINDUNILVR\part-042400_590877-005357.parquet,34737,downloaded,34737,
2026-07-17,NSE,HINDUNILVR,raw_l2/trade_date=2026-07-17/exchange=NSE/symbol=HINDUNILVR/part-041811_038888-004557.parquet,real_data_sample\l2_unseen_validation\trade_date=2026-07-17\exchange=NSE\symbol=HINDUNILVR\part-041811_038888-004557.parquet,34764,downloaded,34764,
2026-07-17,NSE,HINDUNILVR,raw_l2/trade_date=2026-07-17/exchange=NSE/symbol=HINDUNILVR/part-042414_372679-005389.parquet,real_data_sample\l2_unseen_validation\trade_date=2026-07-17\exchange=NSE\symbol=HINDUNILVR\part-042414_372679-005389.parquet,34725,downloaded,34725,
2026-07-17,NSE,HINDUNILVR,raw_l2/trade_date=2026-07-17/exchange=NSE/symbol=HINDUNILVR/part-041455_614468-004109.parquet,real_data_sample\l2_unseen_validation\trade_date=2026-07-17\exchange=NSE\symbol=HINDUNILVR\part-041455_614468-004109.parquet,35658,downloaded,35658,
2026-07-17,NSE,HINDUNILVR,raw_l2/trade_date=2026-07-17/exchange=NSE/symbol=HINDUNILVR/part-042208_890061-005101.parquet,real_data_sample\l2_unseen_validation\trade_date=2026-07-17\exchange=NSE\symbol=HINDUNILVR\part-042208_890061-005101.parquet,34765,downloaded,34765,
2026-07-17,NSE,HINDUNILVR,raw_l2/trade_date=2026-07-17/exchange=NSE/symbol=HINDUNILVR/part-042222_961526-005133.parquet,real_data_sample\l2_unseen_validation\trade_date=2026-07-17\exchange=NSE\symbol=HINDUNILVR\part-042222_961526-005133.parquet,34756,downloaded,34756,
2026-07-17,NSE,HINDUNILVR,raw_l2/trade_date=2026-07-17/exchange=NSE/symbol=HINDUNILVR/part-041838_638153-004621.parquet,real_data_sample\l2_unseen_validation\trade_date=2026-07-17\exchange=NSE\symbol=HINDUNILVR\part-041838_638153-004621.parquet,34472,downloaded,34472,
2026-07-17,NSE,HINDUNILVR,raw_l2/trade_date=2026-07-17/exchange=NSE/symbol=HINDUNILVR/part-042332_614565-005293.parquet,real_data_sample\l2_unseen_validation\trade_date=2026-07-17\exchange=NSE\symbol=HINDUNILVR\part-042332_614565-005293.parquet,34759,downloaded,34759,
2026-07-17,NSE,HINDUNILVR,raw_l2/trade_date=2026-07-17/exchange=NSE/symbol=HINDUNILVR/part-042428_375236-005421.parquet,real_data_sample\l2_unseen_validation\trade_date=2026-07-17\exchange=NSE\symbol=HINDUNILVR\part-042428_375236-005421.parquet,34592,downloaded,34592,
2026-07-17,NSE,HINDUNILVR,raw_l2/trade_date=2026-07-17/exchange=NSE/symbol=HINDUNILVR/part-041729_606068-004461.parquet,real_data_sample\l2_unseen_validation\trade_date=2026-07-17\exchange=NSE\symbol=HINDUNILVR\part-041729_606068-004461.parquet,34436,downloaded,34436,
2026-07-17,NSE,HINDUNILVR,raw_l2/trade_date=2026-07-17/exchange=NSE/symbol=HINDUNILVR/part-042442_425102-005453.parquet,real_data_sample\l2_unseen_validation\trade_date=2026-07-17\exchange=NSE\symbol=HINDUNILVR\part-042442_425102-005453.parquet,34783,downloaded,34783,
2026-07-17,NSE,HINDUNILVR,raw_l2/trade_date=2026-07-17/exchange=NSE/symbol=HINDUNILVR/part-042236_828958-005165.parquet,real_data_sample\l2_unseen_validation\trade_date=2026-07-17\exchange=NSE\symbol=HINDUNILVR\part-042236_828958-005165.parquet,34560,downloaded,34560,
2026-07-17,NSE,HINDUNILVR,raw_l2/trade_date=2026-07-17/exchange=NSE/symbol=HINDUNILVR/part-042346_632517-005325.parquet,real_data_sample\l2_unseen_validation\trade_date=2026-07-17\exchange=NSE\symbol=HINDUNILVR\part-042346_632517-005325.parquet,34732,downloaded,34732,
2026-07-17,NSE,HINDUNILVR,raw_l2/trade_date=2026-07-17/exchange=NSE/symbol=HINDUNILVR/part-042250_629243-005197.parquet,real_data_sample\l2_unseen_validation\trade_date=2026-07-17\exchange=NSE\symbol=HINDUNILVR\part-042250_629243-005197.parquet,34688,downloaded,34688,
2026-07-17,NSE,HINDUNILVR,raw_l2/trade_date=2026-07-17/exchange=NSE/symbol=HINDUNILVR/part-041907_150112-004685.parquet,real_data_sample\l2_unseen_validation\trade_date=2026-07-17\exchange=NSE\symbol=HINDUNILVR\part-041907_150112-004685.parquet,34661,downloaded,34661,
2026-07-17,NSE,HINDUNILVR,raw_l2/trade_date=2026-07-17/exchange=NSE/symbol=HINDUNILVR/part-042304_551611-005229.parquet,real_data_sample\l2_unseen_validation\trade_date=2026-07-17\exchange=NSE\symbol=HINDUNILVR\part-042304_551611-005229.parquet,34501,downloaded,34501,
2026-07-17,NSE,HINDUNILVR,raw_l2/trade_date=2026-07-17/exchange=NSE/symbol=HINDUNILVR/part-042318_658831-005261.parquet,real_data_sample\l2_unseen_validation\trade_date=2026-07-17\exchange=NSE\symbol=HINDUNILVR\part-042318_658831-005261.parquet,34726,downloaded,34726,
2026-07-17,NSE,HINDUNILVR,raw_l2/trade_date=2026-07-17/exchange=NSE/symbol=HINDUNILVR/part-042456_086326-005485.parquet,real_data_sample\l2_unseen_validation\trade_date=2026-07-17\exchange=NSE\symbol=HINDUNILVR\part-042456_086326-005485.parquet,34677,downloaded,34677,
2026-07-17,NSE,HINDUNILVR,raw_l2/trade_date=2026-07-17/exchange=NSE/symbol=HINDUNILVR/part-042509_861701-005517.parquet,real_data_sample\l2_unseen_validation\trade_date=2026-07-17\exchange=NSE\symbol=HINDUNILVR\part-042509_861701-005517.parquet,34684,downloaded,34684,
2026-07-17,NSE,HINDUNILVR,raw_l2/trade_date=2026-07-17/exchange=NSE/symbol=HINDUNILVR/part-042523_730547-005549.parquet,real_data_sample\l2_unseen_validation\trade_date=2026-07-17\exchange=NSE\symbol=HINDUNILVR\part-042523_730547-005549.parquet,34479,downloaded,34479,
2026-07-17,NSE,HINDUNILVR,raw_l2/trade_date=2026-07-17/exchange=NSE/symbol=HINDUNILVR/part-042537_983974-005581.parquet,real_data_sample\l2_unseen_validation\trade_date=2026-07-17\exchange=NSE\symbol=HINDUNILVR\part-042537_983974-005581.parquet,34952,downloaded,34952,
2026-07-17,NSE,HINDUNILVR,raw_l2/trade_date=2026-07-17/exchange=NSE/symbol=HINDUNILVR/part-042606_001294-005645.parquet,real_data_sample\l2_unseen_validation\trade_date=2026-07-17\exchange=NSE\symbol=HINDUNILVR\part-042606_001294-005645.parquet,34560,downloaded,34560,
2026-07-17,NSE,HINDUNILVR,raw_l2/trade_date=2026-07-17/exchange=NSE/symbol=HINDUNILVR/part-042551_826734-005613.parquet,real_data_sample\l2_unseen_validation\trade_date=2026-07-17\exchange=NSE\symbol=HINDUNILVR\part-042551_826734-005613.parquet,34747,downloaded,34747,
2026-07-17,NSE,HINDUNILVR,raw_l2/trade_date=2026-07-17/exchange=NSE/symbol=HINDUNILVR/part-042634_191149-005709.parquet,real_data_sample\l2_unseen_validation\trade_date=2026-07-17\exchange=NSE\symbol=HINDUNILVR\part-042634_191149-005709.parquet,36168,downloaded,36168,
2026-07-17,NSE,HINDUNILVR,raw_l2/trade_date=2026-07-17/exchange=NSE/symbol=HINDUNILVR/part-042648_171083-005741.parquet,real_data_sample\l2_unseen_validation\trade_date=2026-07-17\exchange=NSE\symbol=HINDUNILVR\part-042648_171083-005741.parquet,36053,downloaded,36053,
2026-07-17,NSE,HINDUNILVR,raw_l2/trade_date=2026-07-17/exchange=NSE/symbol=HINDUNILVR/part-042620_009976-005677.parquet,real_data_sample\l2_unseen_validation\trade_date=2026-07-17\exchange=NSE\symbol=HINDUNILVR\part-042620_009976-005677.parquet,36201,downloaded,36201,
2026-07-17,NSE,HINDUNILVR,raw_l2/trade_date=2026-07-17/exchange=NSE/symbol=HINDUNILVR/part-042716_169788-005805.parquet,real_data_sample\l2_unseen_validation\trade_date=2026-07-17\exchange=NSE\symbol=HINDUNILVR\part-042716_169788-005805.parquet,35602,downloaded,35602,
2026-07-17,NSE,HINDUNILVR,raw_l2/trade_date=2026-07-17/exchange=NSE/symbol=HINDUNILVR/part-042702_201696-005773.parquet,real_data_sample\l2_unseen_validation\trade_date=2026-07-17\exchange=NSE\symbol=HINDUNILVR\part-042702_201696-005773.parquet,35726,downloaded,35726,
2026-07-17,NSE,HINDUNILVR,raw_l2/trade_date=2026-07-17/exchange=NSE/symbol=HINDUNILVR/part-042730_248746-005837.parquet,real_data_sample\l2_unseen_validation\trade_date=2026-07-17\exchange=NSE\symbol=HINDUNILVR\part-042730_248746-005837.parquet,35699,downloaded,35699,
2026-07-17,NSE,HINDUNILVR,raw_l2/trade_date=2026-07-17/exchange=NSE/symbol=HINDUNILVR/part-042744_052163-005869.parquet,real_data_sample\l2_unseen_validation\trade_date=2026-07-17\exchange=NSE\symbol=HINDUNILVR\part-042744_052163-005869.parquet,35832,downloaded,35832,
2026-07-17,NSE,HINDUNILVR,raw_l2/trade_date=2026-07-17/exchange=NSE/symbol=HINDUNILVR/part-042757_824799-005901.parquet,real_data_sample\l2_unseen_validation\trade_date=2026-07-17\exchange=NSE\symbol=HINDUNILVR\part-042757_824799-005901.parquet,35238,downloaded,35238,
2026-07-17,NSE,HINDUNILVR,raw_l2/trade_date=2026-07-17/exchange=NSE/symbol=HINDUNILVR/part-043003_408870-006189.parquet,real_data_sample\l2_unseen_validation\trade_date=2026-07-17\exchange=NSE\symbol=HINDUNILVR\part-043003_408870-006189.parquet,34921,downloaded,34921,
2026-07-17,NSE,HINDUNILVR,raw_l2/trade_date=2026-07-17/exchange=NSE/symbol=HINDUNILVR/part-043223_786028-006509.parquet,real_data_sample\l2_unseen_validation\trade_date=2026-07-17\exchange=NSE\symbol=HINDUNILVR\part-043223_786028-006509.parquet,34591,downloaded,34591,
2026-07-17,NSE,HINDUNILVR,raw_l2/trade_date=2026-07-17/exchange=NSE/symbol=HINDUNILVR/part-042853_594722-006029.parquet,real_data_sample\l2_unseen_validation\trade_date=2026-07-17\exchange=NSE\symbol=HINDUNILVR\part-042853_594722-006029.parquet,34783,downloaded,34783,
2026-07-17,NSE,HINDUNILVR,raw_l2/trade_date=2026-07-17/exchange=NSE/symbol=HINDUNILVR/part-042921_421634-006093.parquet,real_data_sample\l2_unseen_validation\trade_date=2026-07-17\exchange=NSE\symbol=HINDUNILVR\part-042921_421634-006093.parquet,34711,downloaded,34711,
2026-07-17,NSE,HINDUNILVR,raw_l2/trade_date=2026-07-17/exchange=NSE/symbol=HINDUNILVR/part-042907_439269-006061.parquet,real_data_sample\l2_unseen_validation\trade_date=2026-07-17\exchange=NSE\symbol=HINDUNILVR\part-042907_439269-006061.parquet,34820,downloaded,34820,
2026-07-17,NSE,HINDUNILVR,raw_l2/trade_date=2026-07-17/exchange=NSE/symbol=HINDUNILVR/part-043017_691846-006221.parquet,real_data_sample\l2_unseen_validation\trade_date=2026-07-17\exchange=NSE\symbol=HINDUNILVR\part-043017_691846-006221.parquet,35504,downloaded,35504,
2026-07-17,NSE,HINDUNILVR,raw_l2/trade_date=2026-07-17/exchange=NSE/symbol=HINDUNILVR/part-042935_431688-006125.parquet,real_data_sample\l2_unseen_validation\trade_date=2026-07-17\exchange=NSE\symbol=HINDUNILVR\part-042935_431688-006125.parquet,34772,downloaded,34772,
2026-07-17,NSE,HINDUNILVR,raw_l2/trade_date=2026-07-17/exchange=NSE/symbol=HINDUNILVR/part-043209_401228-006477.parquet,real_data_sample\l2_unseen_validation\trade_date=2026-07-17\exchange=NSE\symbol=HINDUNILVR\part-043209_401228-006477.parquet,35818,downloaded,35818,
2026-07-17,NSE,HINDUNILVR,raw_l2/trade_date=2026-07-17/exchange=NSE/symbol=HINDUNILVR/part-043113_172631-006349.parquet,real_data_sample\l2_unseen_validation\trade_date=2026-07-17\exchange=NSE\symbol=HINDUNILVR\part-043113_172631-006349.parquet,35865,downloaded,35865,
2026-07-17,NSE,HINDUNILVR,raw_l2/trade_date=2026-07-17/exchange=NSE/symbol=HINDUNILVR/part-043155_387046-006445.parquet,real_data_sample\l2_unseen_validation\trade_date=2026-07-17\exchange=NSE\symbol=HINDUNILVR\part-043155_387046-006445.parquet,35854,downloaded,35854,
2026-07-17,NSE,HINDUNILVR,raw_l2/trade_date=2026-07-17/exchange=NSE/symbol=HINDUNILVR/part-043059_102530-006317.parquet,real_data_sample\l2_unseen_validation\trade_date=2026-07-17\exchange=NSE\symbol=HINDUNILVR\part-043059_102530-006317.parquet,36182,downloaded,36182,
2026-07-17,NSE,HINDUNILVR,raw_l2/trade_date=2026-07-17/exchange=NSE/symbol=HINDUNILVR/part-043127_383606-006381.parquet,real_data_sample\l2_unseen_validation\trade_date=2026-07-17\exchange=NSE\symbol=HINDUNILVR\part-043127_383606-006381.parquet,35399,downloaded,35399,
2026-07-17,NSE,HINDUNILVR,raw_l2/trade_date=2026-07-17/exchange=NSE/symbol=HINDUNILVR/part-043045_367650-006285.parquet,real_data_sample\l2_unseen_validation\trade_date=2026-07-17\exchange=NSE\symbol=HINDUNILVR\part-043045_367650-006285.parquet,35664,downloaded,35664,
2026-07-17,NSE,HINDUNILVR,raw_l2/trade_date=2026-07-17/exchange=NSE/symbol=HINDUNILVR/part-042825_673254-005965.parquet,real_data_sample\l2_unseen_validation\trade_date=2026-07-17\exchange=NSE\symbol=HINDUNILVR\part-042825_673254-005965.parquet,34633,downloaded,34633,
2026-07-17,NSE,HINDUNILVR,raw_l2/trade_date=2026-07-17/exchange=NSE/symbol=HINDUNILVR/part-043237_892354-006541.parquet,real_data_sample\l2_unseen_validation\trade_date=2026-07-17\exchange=NSE\symbol=HINDUNILVR\part-043237_892354-006541.parquet,34839,downloaded,34839,
2026-07-17,NSE,HINDUNILVR,raw_l2/trade_date=2026-07-17/exchange=NSE/symbol=HINDUNILVR/part-043251_836947-006573.parquet,real_data_sample\l2_unseen_validation\trade_date=2026-07-17\exchange=NSE\symbol=HINDUNILVR\part-043251_836947-006573.parquet,34688,downloaded,34688,
2026-07-17,NSE,HINDUNILVR,raw_l2/trade_date=2026-07-17/exchange=NSE/symbol=HINDUNILVR/part-043443_877221-006829.parquet,real_data_sample\l2_unseen_validation\trade_date=2026-07-17\exchange=NSE\symbol=HINDUNILVR\part-043443_877221-006829.parquet,34632,downloaded,34632,
2026-07-17,NSE,HINDUNILVR,raw_l2/trade_date=2026-07-17/exchange=NSE/symbol=HINDUNILVR/part-043457_684378-006861.parquet,real_data_sample\l2_unseen_validation\trade_date=2026-07-17\exchange=NSE\symbol=HINDUNILVR\part-043457_684378-006861.parquet,34747,downloaded,34747,
2026-07-17,NSE,HINDUNILVR,raw_l2/trade_date=2026-07-17/exchange=NSE/symbol=HINDUNILVR/part-043429_919275-006797.parquet,real_data_sample\l2_unseen_validation\trade_date=2026-07-17\exchange=NSE\symbol=HINDUNILVR\part-043429_919275-006797.parquet,34561,downloaded,34561,
2026-07-17,NSE,HINDUNILVR,raw_l2/trade_date=2026-07-17/exchange=NSE/symbol=HINDUNILVR/part-043401_848364-006733.parquet,real_data_sample\l2_unseen_validation\trade_date=2026-07-17\exchange=NSE\symbol=HINDUNILVR\part-043401_848364-006733.parquet,34772,downloaded,34772,
2026-07-17,NSE,HINDUNILVR,raw_l2/trade_date=2026-07-17/exchange=NSE/symbol=HINDUNILVR/part-043319_812697-006637.parquet,real_data_sample\l2_unseen_validation\trade_date=2026-07-17\exchange=NSE\symbol=HINDUNILVR\part-043319_812697-006637.parquet,34473,downloaded,34473,
2026-07-17,NSE,HINDUNILVR,raw_l2/trade_date=2026-07-17/exchange=NSE/symbol=HINDUNILVR/part-043333_906375-006669.parquet,real_data_sample\l2_unseen_validation\trade_date=2026-07-17\exchange=NSE\symbol=HINDUNILVR\part-043333_906375-006669.parquet,34768,downloaded,34768,
2026-07-17,NSE,HINDUNILVR,raw_l2/trade_date=2026-07-17/exchange=NSE/symbol=HINDUNILVR/part-043305_651572-006605.parquet,real_data_sample\l2_unseen_validation\trade_date=2026-07-17\exchange=NSE\symbol=HINDUNILVR\part-043305_651572-006605.parquet,34727,downloaded,34727,
2026-07-17,NSE,HINDUNILVR,raw_l2/trade_date=2026-07-17/exchange=NSE/symbol=HINDUNILVR/part-043347_926901-006701.parquet,real_data_sample\l2_unseen_validation\trade_date=2026-07-17\exchange=NSE\symbol=HINDUNILVR\part-043347_926901-006701.parquet,34687,downloaded,34687,
2026-07-17,NSE,HINDUNILVR,raw_l2/trade_date=2026-07-17/exchange=NSE/symbol=HINDUNILVR/part-042811_614110-005933.parquet,real_data_sample\l2_unseen_validation\trade_date=2026-07-17\exchange=NSE\symbol=HINDUNILVR\part-042811_614110-005933.parquet,35045,downloaded,35045,
2026-07-17,NSE,HINDUNILVR,raw_l2/trade_date=2026-07-17/exchange=NSE/symbol=HINDUNILVR/part-043416_006418-006765.parquet,real_data_sample\l2_unseen_validation\trade_date=2026-07-17\exchange=NSE\symbol=HINDUNILVR\part-043416_006418-006765.parquet,34650,downloaded,34650,
2026-07-17,NSE,HINDUNILVR,raw_l2/trade_date=2026-07-17/exchange=NSE/symbol=HINDUNILVR/part-043525_397506-006925.parquet,real_data_sample\l2_unseen_validation\trade_date=2026-07-17\exchange=NSE\symbol=HINDUNILVR\part-043525_397506-006925.parquet,35297,downloaded,35297,
2026-07-17,NSE,HINDUNILVR,raw_l2/trade_date=2026-07-17/exchange=NSE/symbol=HINDUNILVR/part-043511_379340-006893.parquet,real_data_sample\l2_unseen_validation\trade_date=2026-07-17\exchange=NSE\symbol=HINDUNILVR\part-043511_379340-006893.parquet,34702,downloaded,34702,
2026-07-17,NSE,HINDUNILVR,raw_l2/trade_date=2026-07-17/exchange=NSE/symbol=HINDUNILVR/part-043539_154923-006957.parquet,real_data_sample\l2_unseen_validation\trade_date=2026-07-17\exchange=NSE\symbol=HINDUNILVR\part-043539_154923-006957.parquet,35661,downloaded,35661,
2026-07-17,NSE,HINDUNILVR,raw_l2/trade_date=2026-07-17/exchange=NSE/symbol=HINDUNILVR/part-043607_157314-007021.parquet,real_data_sample\l2_unseen_validation\trade_date=2026-07-17\exchange=NSE\symbol=HINDUNILVR\part-043607_157314-007021.parquet,35383,downloaded,35383,
2026-07-17,NSE,HINDUNILVR,raw_l2/trade_date=2026-07-17/exchange=NSE/symbol=HINDUNILVR/part-043553_131728-006989.parquet,real_data_sample\l2_unseen_validation\trade_date=2026-07-17\exchange=NSE\symbol=HINDUNILVR\part-043553_131728-006989.parquet,36118,downloaded,36118,
2026-07-17,NSE,HINDUNILVR,raw_l2/trade_date=2026-07-17/exchange=NSE/symbol=HINDUNILVR/part-042949_403202-006157.parquet,real_data_sample\l2_unseen_validation\trade_date=2026-07-17\exchange=NSE\symbol=HINDUNILVR\part-042949_403202-006157.parquet,34692,downloaded,34692,
2026-07-17,NSE,HINDUNILVR,raw_l2/trade_date=2026-07-17/exchange=NSE/symbol=HINDUNILVR/part-043031_644076-006253.parquet,real_data_sample\l2_unseen_validation\trade_date=2026-07-17\exchange=NSE\symbol=HINDUNILVR\part-043031_644076-006253.parquet,35998,downloaded,35998,
2026-07-17,NSE,HINDUNILVR,raw_l2/trade_date=2026-07-17/exchange=NSE/symbol=HINDUNILVR/part-043635_047749-007085.parquet,real_data_sample\l2_unseen_validation\trade_date=2026-07-17\exchange=NSE\symbol=HINDUNILVR\part-043635_047749-007085.parquet,34725,downloaded,34725,
2026-07-17,NSE,HINDUNILVR,raw_l2/trade_date=2026-07-17/exchange=NSE/symbol=HINDUNILVR/part-043909_087661-007437.parquet,real_data_sample\l2_unseen_validation\trade_date=2026-07-17\exchange=NSE\symbol=HINDUNILVR\part-043909_087661-007437.parquet,34669,downloaded,34669,
2026-07-17,NSE,HINDUNILVR,raw_l2/trade_date=2026-07-17/exchange=NSE/symbol=HINDUNILVR/part-043812_388490-007309.parquet,real_data_sample\l2_unseen_validation\trade_date=2026-07-17\exchange=NSE\symbol=HINDUNILVR\part-043812_388490-007309.parquet,34678,downloaded,34678,
2026-07-17,NSE,HINDUNILVR,raw_l2/trade_date=2026-07-17/exchange=NSE/symbol=HINDUNILVR/part-043758_588724-007277.parquet,real_data_sample\l2_unseen_validation\trade_date=2026-07-17\exchange=NSE\symbol=HINDUNILVR\part-043758_588724-007277.parquet,34737,downloaded,34737,
2026-07-17,NSE,HINDUNILVR,raw_l2/trade_date=2026-07-17/exchange=NSE/symbol=HINDUNILVR/part-043826_993658-007341.parquet,real_data_sample\l2_unseen_validation\trade_date=2026-07-17\exchange=NSE\symbol=HINDUNILVR\part-043826_993658-007341.parquet,34781,downloaded,34781,
2026-07-17,NSE,HINDUNILVR,raw_l2/trade_date=2026-07-17/exchange=NSE/symbol=HINDUNILVR/part-043744_869235-007245.parquet,real_data_sample\l2_unseen_validation\trade_date=2026-07-17\exchange=NSE\symbol=HINDUNILVR\part-043744_869235-007245.parquet,34866,downloaded,34866,
2026-07-17,NSE,HINDUNILVR,raw_l2/trade_date=2026-07-17/exchange=NSE/symbol=HINDUNILVR/part-043841_139914-007373.parquet,real_data_sample\l2_unseen_validation\trade_date=2026-07-17\exchange=NSE\symbol=HINDUNILVR\part-043841_139914-007373.parquet,34749,downloaded,34749,
2026-07-17,NSE,HINDUNILVR,raw_l2/trade_date=2026-07-17/exchange=NSE/symbol=HINDUNILVR/part-043621_109274-007053.parquet,real_data_sample\l2_unseen_validation\trade_date=2026-07-17\exchange=NSE\symbol=HINDUNILVR\part-043621_109274-007053.parquet,34695,downloaded,34695,
2026-07-17,NSE,HINDUNILVR,raw_l2/trade_date=2026-07-17/exchange=NSE/symbol=HINDUNILVR/part-043649_223568-007117.parquet,real_data_sample\l2_unseen_validation\trade_date=2026-07-17\exchange=NSE\symbol=HINDUNILVR\part-043649_223568-007117.parquet,34761,downloaded,34761,
2026-07-17,NSE,HINDUNILVR,raw_l2/trade_date=2026-07-17/exchange=NSE/symbol=HINDUNILVR/part-043703_132992-007149.parquet,real_data_sample\l2_unseen_validation\trade_date=2026-07-17\exchange=NSE\symbol=HINDUNILVR\part-043703_132992-007149.parquet,34440,downloaded,34440,
2026-07-17,NSE,HINDUNILVR,raw_l2/trade_date=2026-07-17/exchange=NSE/symbol=HINDUNILVR/part-043717_119237-007181.parquet,real_data_sample\l2_unseen_validation\trade_date=2026-07-17\exchange=NSE\symbol=HINDUNILVR\part-043717_119237-007181.parquet,34512,downloaded,34512,
2026-07-17,NSE,HINDUNILVR,raw_l2/trade_date=2026-07-17/exchange=NSE/symbol=HINDUNILVR/part-043855_220123-007405.parquet,real_data_sample\l2_unseen_validation\trade_date=2026-07-17\exchange=NSE\symbol=HINDUNILVR\part-043855_220123-007405.parquet,34540,downloaded,34540,
2026-07-17,NSE,HINDUNILVR,raw_l2/trade_date=2026-07-17/exchange=NSE/symbol=HINDUNILVR/part-043730_985843-007213.parquet,real_data_sample\l2_unseen_validation\trade_date=2026-07-17\exchange=NSE\symbol=HINDUNILVR\part-043730_985843-007213.parquet,34734,downloaded,34734,
2026-07-17,NSE,HINDUNILVR,raw_l2/trade_date=2026-07-17/exchange=NSE/symbol=HINDUNILVR/part-043922_761205-007469.parquet,real_data_sample\l2_unseen_validation\trade_date=2026-07-17\exchange=NSE\symbol=HINDUNILVR\part-043922_761205-007469.parquet,34422,downloaded,34422,
2026-07-17,NSE,HINDUNILVR,raw_l2/trade_date=2026-07-17/exchange=NSE/symbol=HINDUNILVR/part-044031_368953-007629.parquet,real_data_sample\l2_unseen_validation\trade_date=2026-07-17\exchange=NSE\symbol=HINDUNILVR\part-044031_368953-007629.parquet,34446,downloaded,34446,
2026-07-17,NSE,HINDUNILVR,raw_l2/trade_date=2026-07-17/exchange=NSE/symbol=HINDUNILVR/part-043950_144996-007533.parquet,real_data_sample\l2_unseen_validation\trade_date=2026-07-17\exchange=NSE\symbol=HINDUNILVR\part-043950_144996-007533.parquet,34728,downloaded,34728,
2026-07-17,NSE,HINDUNILVR,raw_l2/trade_date=2026-07-17/exchange=NSE/symbol=HINDUNILVR/part-044017_621615-007597.parquet,real_data_sample\l2_unseen_validation\trade_date=2026-07-17\exchange=NSE\symbol=HINDUNILVR\part-044017_621615-007597.parquet,34441,downloaded,34441,
2026-07-17,NSE,HINDUNILVR,raw_l2/trade_date=2026-07-17/exchange=NSE/symbol=HINDUNILVR/part-044003_809329-007565.parquet,real_data_sample\l2_unseen_validation\trade_date=2026-07-17\exchange=NSE\symbol=HINDUNILVR\part-044003_809329-007565.parquet,34679,downloaded,34679,
2026-07-17,NSE,HINDUNILVR,raw_l2/trade_date=2026-07-17/exchange=NSE/symbol=HINDUNILVR/part-044045_085550-007661.parquet,real_data_sample\l2_unseen_validation\trade_date=2026-07-17\exchange=NSE\symbol=HINDUNILVR\part-044045_085550-007661.parquet,34433,downloaded,34433,
2026-07-17,NSE,HINDUNILVR,raw_l2/trade_date=2026-07-17/exchange=NSE/symbol=HINDUNILVR/part-044058_786131-007693.parquet,real_data_sample\l2_unseen_validation\trade_date=2026-07-17\exchange=NSE\symbol=HINDUNILVR\part-044058_786131-007693.parquet,34662,downloaded,34662,
2026-07-17,NSE,HINDUNILVR,raw_l2/trade_date=2026-07-17/exchange=NSE/symbol=HINDUNILVR/part-044126_320765-007757.parquet,real_data_sample\l2_unseen_validation\trade_date=2026-07-17\exchange=NSE\symbol=HINDUNILVR\part-044126_320765-007757.parquet,34717,downloaded,34717,
2026-07-17,NSE,HINDUNILVR,raw_l2/trade_date=2026-07-17/exchange=NSE/symbol=HINDUNILVR/part-044140_063271-007789.parquet,real_data_sample\l2_unseen_validation\trade_date=2026-07-17\exchange=NSE\symbol=HINDUNILVR\part-044140_063271-007789.parquet,34593,downloaded,34593,
2026-07-17,NSE,HINDUNILVR,raw_l2/trade_date=2026-07-17/exchange=NSE/symbol=HINDUNILVR/part-043936_292105-007501.parquet,real_data_sample\l2_unseen_validation\trade_date=2026-07-17\exchange=NSE\symbol=HINDUNILVR\part-043936_292105-007501.parquet,34805,downloaded,34805,
2026-07-17,NSE,HINDUNILVR,raw_l2/trade_date=2026-07-17/exchange=NSE/symbol=HINDUNILVR/part-044153_813823-007821.parquet,real_data_sample\l2_unseen_validation\trade_date=2026-07-17\exchange=NSE\symbol=HINDUNILVR\part-044153_813823-007821.parquet,34573,downloaded,34573,
2026-07-17,NSE,HINDUNILVR,raw_l2/trade_date=2026-07-17/exchange=NSE/symbol=HINDUNILVR/part-044207_549834-007853.parquet,real_data_sample\l2_unseen_validation\trade_date=2026-07-17\exchange=NSE\symbol=HINDUNILVR\part-044207_549834-007853.parquet,34484,downloaded,34484,
2026-07-17,NSE,HINDUNILVR,raw_l2/trade_date=2026-07-17/exchange=NSE/symbol=HINDUNILVR/part-044235_339235-007917.parquet,real_data_sample\l2_unseen_validation\trade_date=2026-07-17\exchange=NSE\symbol=HINDUNILVR\part-044235_339235-007917.parquet,34720,downloaded,34720,
2026-07-17,NSE,HINDUNILVR,raw_l2/trade_date=2026-07-17/exchange=NSE/symbol=HINDUNILVR/part-044221_370939-007885.parquet,real_data_sample\l2_unseen_validation\trade_date=2026-07-17\exchange=NSE\symbol=HINDUNILVR\part-044221_370939-007885.parquet,34829,downloaded,34829,
2026-07-17,NSE,HINDUNILVR,raw_l2/trade_date=2026-07-17/exchange=NSE/symbol=HINDUNILVR/part-044548_851815-008365.parquet,real_data_sample\l2_unseen_validation\trade_date=2026-07-17\exchange=NSE\symbol=HINDUNILVR\part-044548_851815-008365.parquet,36017,downloaded,36017,
2026-07-17,NSE,HINDUNILVR,raw_l2/trade_date=2026-07-17/exchange=NSE/symbol=HINDUNILVR/part-044616_585951-008429.parquet,real_data_sample\l2_unseen_validation\trade_date=2026-07-17\exchange=NSE\symbol=HINDUNILVR\part-044616_585951-008429.parquet,36028,downloaded,36028,
2026-07-17,NSE,HINDUNILVR,raw_l2/trade_date=2026-07-17/exchange=NSE/symbol=HINDUNILVR/part-044317_099352-008013.parquet,real_data_sample\l2_unseen_validation\trade_date=2026-07-17\exchange=NSE\symbol=HINDUNILVR\part-044317_099352-008013.parquet,35503,downloaded,35503,
2026-07-17,NSE,HINDUNILVR,raw_l2/trade_date=2026-07-17/exchange=NSE/symbol=HINDUNILVR/part-044602_677831-008397.parquet,real_data_sample\l2_unseen_validation\trade_date=2026-07-17\exchange=NSE\symbol=HINDUNILVR\part-044602_677831-008397.parquet,35965,downloaded,35965,
2026-07-17,NSE,HINDUNILVR,raw_l2/trade_date=2026-07-17/exchange=NSE/symbol=HINDUNILVR/part-044507_567451-008269.parquet,real_data_sample\l2_unseen_validation\trade_date=2026-07-17\exchange=NSE\symbol=HINDUNILVR\part-044507_567451-008269.parquet,36401,downloaded,36401,
2026-07-17,NSE,HINDUNILVR,raw_l2/trade_date=2026-07-17/exchange=NSE/symbol=HINDUNILVR/part-044630_363774-008461.parquet,real_data_sample\l2_unseen_validation\trade_date=2026-07-17\exchange=NSE\symbol=HINDUNILVR\part-044630_363774-008461.parquet,35298,downloaded,35298,
2026-07-17,NSE,HINDUNILVR,raw_l2/trade_date=2026-07-17/exchange=NSE/symbol=HINDUNILVR/part-044331_040544-008045.parquet,real_data_sample\l2_unseen_validation\trade_date=2026-07-17\exchange=NSE\symbol=HINDUNILVR\part-044331_040544-008045.parquet,35646,downloaded,35646,
2026-07-17,NSE,HINDUNILVR,raw_l2/trade_date=2026-07-17/exchange=NSE/symbol=HINDUNILVR/part-044453_831348-008237.parquet,real_data_sample\l2_unseen_validation\trade_date=2026-07-17\exchange=NSE\symbol=HINDUNILVR\part-044453_831348-008237.parquet,35970,downloaded,35970,
2026-07-17,NSE,HINDUNILVR,raw_l2/trade_date=2026-07-17/exchange=NSE/symbol=HINDUNILVR/part-044521_337132-008301.parquet,real_data_sample\l2_unseen_validation\trade_date=2026-07-17\exchange=NSE\symbol=HINDUNILVR\part-044521_337132-008301.parquet,35716,downloaded,35716,
2026-07-17,NSE,HINDUNILVR,raw_l2/trade_date=2026-07-17/exchange=NSE/symbol=HINDUNILVR/part-044112_590885-007725.parquet,real_data_sample\l2_unseen_validation\trade_date=2026-07-17\exchange=NSE\symbol=HINDUNILVR\part-044112_590885-007725.parquet,34700,downloaded,34700,
2026-07-17,NSE,HINDUNILVR,raw_l2/trade_date=2026-07-17/exchange=NSE/symbol=HINDUNILVR/part-044535_058251-008333.parquet,real_data_sample\l2_unseen_validation\trade_date=2026-07-17\exchange=NSE\symbol=HINDUNILVR\part-044535_058251-008333.parquet,36268,downloaded,36268,
2026-07-17,NSE,HINDUNILVR,raw_l2/trade_date=2026-07-17/exchange=NSE/symbol=HINDUNILVR/part-044644_160622-008493.parquet,real_data_sample\l2_unseen_validation\trade_date=2026-07-17\exchange=NSE\symbol=HINDUNILVR\part-044644_160622-008493.parquet,35704,downloaded,35704,
2026-07-17,NSE,HINDUNILVR,raw_l2/trade_date=2026-07-17/exchange=NSE/symbol=HINDUNILVR/part-044439_850865-008205.parquet,real_data_sample\l2_unseen_validation\trade_date=2026-07-17\exchange=NSE\symbol=HINDUNILVR\part-044439_850865-008205.parquet,36314,downloaded,36314,
2026-07-17,NSE,HINDUNILVR,raw_l2/trade_date=2026-07-17/exchange=NSE/symbol=HINDUNILVR/part-044821_129452-008717.parquet,real_data_sample\l2_unseen_validation\trade_date=2026-07-17\exchange=NSE\symbol=HINDUNILVR\part-044821_129452-008717.parquet,34986,downloaded,34986,
2026-07-17,NSE,HINDUNILVR,raw_l2/trade_date=2026-07-17/exchange=NSE/symbol=HINDUNILVR/part-044358_611450-008109.parquet,real_data_sample\l2_unseen_validation\trade_date=2026-07-17\exchange=NSE\symbol=HINDUNILVR\part-044358_611450-008109.parquet,35787,downloaded,35787,
2026-07-17,NSE,HINDUNILVR,raw_l2/trade_date=2026-07-17/exchange=NSE/symbol=HINDUNILVR/part-044344_810695-008077.parquet,real_data_sample\l2_unseen_validation\trade_date=2026-07-17\exchange=NSE\symbol=HINDUNILVR\part-044344_810695-008077.parquet,35573,downloaded,35573,
2026-07-17,NSE,HINDUNILVR,raw_l2/trade_date=2026-07-17/exchange=NSE/symbol=HINDUNILVR/part-044753_568706-008653.parquet,real_data_sample\l2_unseen_validation\trade_date=2026-07-17\exchange=NSE\symbol=HINDUNILVR\part-044753_568706-008653.parquet,34693,downloaded,34693,
2026-07-17,NSE,HINDUNILVR,raw_l2/trade_date=2026-07-17/exchange=NSE/symbol=HINDUNILVR/part-044412_347716-008141.parquet,real_data_sample\l2_unseen_validation\trade_date=2026-07-17\exchange=NSE\symbol=HINDUNILVR\part-044412_347716-008141.parquet,36044,downloaded,36044,
2026-07-17,NSE,HINDUNILVR,raw_l2/trade_date=2026-07-17/exchange=NSE/symbol=HINDUNILVR/part-044426_049066-008173.parquet,real_data_sample\l2_unseen_validation\trade_date=2026-07-17\exchange=NSE\symbol=HINDUNILVR\part-044426_049066-008173.parquet,36578,downloaded,36578,
2026-07-17,NSE,HINDUNILVR,raw_l2/trade_date=2026-07-17/exchange=NSE/symbol=HINDUNILVR/part-044807_350057-008685.parquet,real_data_sample\l2_unseen_validation\trade_date=2026-07-17\exchange=NSE\symbol=HINDUNILVR\part-044807_350057-008685.parquet,34582,downloaded,34582,
2026-07-17,NSE,HINDUNILVR,raw_l2/trade_date=2026-07-17/exchange=NSE/symbol=HINDUNILVR/part-044711_844817-008557.parquet,real_data_sample\l2_unseen_validation\trade_date=2026-07-17\exchange=NSE\symbol=HINDUNILVR\part-044711_844817-008557.parquet,35908,downloaded,35908,
2026-07-17,NSE,HINDUNILVR,raw_l2/trade_date=2026-07-17/exchange=NSE/symbol=HINDUNILVR/part-044725_576597-008589.parquet,real_data_sample\l2_unseen_validation\trade_date=2026-07-17\exchange=NSE\symbol=HINDUNILVR\part-044725_576597-008589.parquet,34833,downloaded,34833,
2026-07-17,NSE,HINDUNILVR,raw_l2/trade_date=2026-07-17/exchange=NSE/symbol=HINDUNILVR/part-044658_099318-008525.parquet,real_data_sample\l2_unseen_validation\trade_date=2026-07-17\exchange=NSE\symbol=HINDUNILVR\part-044658_099318-008525.parquet,35717,downloaded,35717,
2026-07-17,NSE,HINDUNILVR,raw_l2/trade_date=2026-07-17/exchange=NSE/symbol=HINDUNILVR/part-044739_587239-008621.parquet,real_data_sample\l2_unseen_validation\trade_date=2026-07-17\exchange=NSE\symbol=HINDUNILVR\part-044739_587239-008621.parquet,34691,downloaded,34691,
2026-07-17,NSE,HINDUNILVR,raw_l2/trade_date=2026-07-17/exchange=NSE/symbol=HINDUNILVR/part-044848_827914-008781.parquet,real_data_sample\l2_unseen_validation\trade_date=2026-07-17\exchange=NSE\symbol=HINDUNILVR\part-044848_827914-008781.parquet,34667,downloaded,34667,
2026-07-17,NSE,HINDUNILVR,raw_l2/trade_date=2026-07-17/exchange=NSE/symbol=HINDUNILVR/part-044902_596148-008813.parquet,real_data_sample\l2_unseen_validation\trade_date=2026-07-17\exchange=NSE\symbol=HINDUNILVR\part-044902_596148-008813.parquet,34595,downloaded,34595,
2026-07-17,NSE,HINDUNILVR,raw_l2/trade_date=2026-07-17/exchange=NSE/symbol=HINDUNILVR/part-044916_352386-008845.parquet,real_data_sample\l2_unseen_validation\trade_date=2026-07-17\exchange=NSE\symbol=HINDUNILVR\part-044916_352386-008845.parquet,34636,downloaded,34636,
2026-07-17,NSE,HINDUNILVR,raw_l2/trade_date=2026-07-17/exchange=NSE/symbol=HINDUNILVR/part-044835_135013-008749.parquet,real_data_sample\l2_unseen_validation\trade_date=2026-07-17\exchange=NSE\symbol=HINDUNILVR\part-044835_135013-008749.parquet,34564,downloaded,34564,
2026-07-17,NSE,HINDUNILVR,raw_l2/trade_date=2026-07-17/exchange=NSE/symbol=HINDUNILVR/part-044249_320044-007949.parquet,real_data_sample\l2_unseen_validation\trade_date=2026-07-17\exchange=NSE\symbol=HINDUNILVR\part-044249_320044-007949.parquet,34707,downloaded,34707,
2026-07-17,NSE,HINDUNILVR,raw_l2/trade_date=2026-07-17/exchange=NSE/symbol=HINDUNILVR/part-044303_103435-007981.parquet,real_data_sample\l2_unseen_validation\trade_date=2026-07-17\exchange=NSE\symbol=HINDUNILVR\part-044303_103435-007981.parquet,34557,downloaded,34557,
2026-07-17,NSE,HINDUNILVR,raw_l2/trade_date=2026-07-17/exchange=NSE/symbol=HINDUNILVR/part-042839_644742-005997.parquet,real_data_sample\l2_unseen_validation\trade_date=2026-07-17\exchange=NSE\symbol=HINDUNILVR\part-042839_644742-005997.parquet,34640,downloaded,34640,
2026-07-17,NSE,HINDUNILVR,raw_l2/trade_date=2026-07-17/exchange=NSE/symbol=HINDUNILVR/part-045134_217113-009165.parquet,real_data_sample\l2_unseen_validation\trade_date=2026-07-17\exchange=NSE\symbol=HINDUNILVR\part-045134_217113-009165.parquet,34652,downloaded,34652,
2026-07-17,NSE,HINDUNILVR,raw_l2/trade_date=2026-07-17/exchange=NSE/symbol=HINDUNILVR/part-044943_860826-008909.parquet,real_data_sample\l2_unseen_validation\trade_date=2026-07-17\exchange=NSE\symbol=HINDUNILVR\part-044943_860826-008909.parquet,34796,downloaded,34796,
2026-07-17,NSE,HINDUNILVR,raw_l2/trade_date=2026-07-17/exchange=NSE/symbol=HINDUNILVR/part-045531_644043-009709.parquet,real_data_sample\l2_unseen_validation\trade_date=2026-07-17\exchange=NSE\symbol=HINDUNILVR\part-045531_644043-009709.parquet,34616,downloaded,34616,
2026-07-17,NSE,HINDUNILVR,raw_l2/trade_date=2026-07-17/exchange=NSE/symbol=HINDUNILVR/part-045545_636517-009741.parquet,real_data_sample\l2_unseen_validation\trade_date=2026-07-17\exchange=NSE\symbol=HINDUNILVR\part-045545_636517-009741.parquet,34634,downloaded,34634,
2026-07-17,NSE,HINDUNILVR,raw_l2/trade_date=2026-07-17/exchange=NSE/symbol=HINDUNILVR/part-045559_623564-009773.parquet,real_data_sample\l2_unseen_validation\trade_date=2026-07-17\exchange=NSE\symbol=HINDUNILVR\part-045559_623564-009773.parquet,34685,downloaded,34685,
2026-07-17,NSE,HINDUNILVR,raw_l2/trade_date=2026-07-17/exchange=NSE/symbol=HINDUNILVR/part-045216_029763-009261.parquet,real_data_sample\l2_unseen_validation\trade_date=2026-07-17\exchange=NSE\symbol=HINDUNILVR\part-045216_029763-009261.parquet,34474,downloaded,34474,
2026-07-17,NSE,HINDUNILVR,raw_l2/trade_date=2026-07-17/exchange=NSE/symbol=HINDUNILVR/part-045641_940415-009869.parquet,real_data_sample\l2_unseen_validation\trade_date=2026-07-17\exchange=NSE\symbol=HINDUNILVR\part-045641_940415-009869.parquet,34591,downloaded,34591,
2026-07-17,NSE,HINDUNILVR,raw_l2/trade_date=2026-07-17/exchange=NSE/symbol=HINDUNILVR/part-045613_649851-009805.parquet,real_data_sample\l2_unseen_validation\trade_date=2026-07-17\exchange=NSE\symbol=HINDUNILVR\part-045613_649851-009805.parquet,34462,downloaded,34462,
2026-07-17,NSE,HINDUNILVR,raw_l2/trade_date=2026-07-17/exchange=NSE/symbol=HINDUNILVR/part-045656_366765-009901.parquet,real_data_sample\l2_unseen_validation\trade_date=2026-07-17\exchange=NSE\symbol=HINDUNILVR\part-045656_366765-009901.parquet,34569,downloaded,34569,
2026-07-17,NSE,HINDUNILVR,raw_l2/trade_date=2026-07-17/exchange=NSE/symbol=HINDUNILVR/part-043141_491231-006413.parquet,real_data_sample\l2_unseen_validation\trade_date=2026-07-17\exchange=NSE\symbol=HINDUNILVR\part-043141_491231-006413.parquet,35899,downloaded,35899,
2026-07-17,NSE,HINDUNILVR,raw_l2/trade_date=2026-07-17/exchange=NSE/symbol=HINDUNILVR/part-045752_912886-010029.parquet,real_data_sample\l2_unseen_validation\trade_date=2026-07-17\exchange=NSE\symbol=HINDUNILVR\part-045752_912886-010029.parquet,34683,downloaded,34683,
2026-07-17,NSE,HINDUNILVR,raw_l2/trade_date=2026-07-17/exchange=NSE/symbol=HINDUNILVR/part-045710_484381-009933.parquet,real_data_sample\l2_unseen_validation\trade_date=2026-07-17\exchange=NSE\symbol=HINDUNILVR\part-045710_484381-009933.parquet,34722,downloaded,34722,
2026-07-17,NSE,HINDUNILVR,raw_l2/trade_date=2026-07-17/exchange=NSE/symbol=HINDUNILVR/part-045738_682645-009997.parquet,real_data_sample\l2_unseen_validation\trade_date=2026-07-17\exchange=NSE\symbol=HINDUNILVR\part-045738_682645-009997.parquet,34897,downloaded,34897,
2026-07-17,NSE,HINDUNILVR,raw_l2/trade_date=2026-07-17/exchange=NSE/symbol=HINDUNILVR/part-045724_694992-009965.parquet,real_data_sample\l2_unseen_validation\trade_date=2026-07-17\exchange=NSE\symbol=HINDUNILVR\part-045724_694992-009965.parquet,34516,downloaded,34516,
2026-07-17,NSE,HINDUNILVR,raw_l2/trade_date=2026-07-17/exchange=NSE/symbol=HINDUNILVR/part-045806_969893-010061.parquet,real_data_sample\l2_unseen_validation\trade_date=2026-07-17\exchange=NSE\symbol=HINDUNILVR\part-045806_969893-010061.parquet,34709,downloaded,34709,
2026-07-17,NSE,HINDUNILVR,raw_l2/trade_date=2026-07-17/exchange=NSE/symbol=HINDUNILVR/part-045835_216072-010125.parquet,real_data_sample\l2_unseen_validation\trade_date=2026-07-17\exchange=NSE\symbol=HINDUNILVR\part-045835_216072-010125.parquet,34744,downloaded,34744,
2026-07-17,NSE,HINDUNILVR,raw_l2/trade_date=2026-07-17/exchange=NSE/symbol=HINDUNILVR/part-045849_521457-010157.parquet,real_data_sample\l2_unseen_validation\trade_date=2026-07-17\exchange=NSE\symbol=HINDUNILVR\part-045849_521457-010157.parquet,34779,downloaded,34779,
2026-07-17,NSE,HINDUNILVR,raw_l2/trade_date=2026-07-17/exchange=NSE/symbol=HINDUNILVR/part-045903_327658-010189.parquet,real_data_sample\l2_unseen_validation\trade_date=2026-07-17\exchange=NSE\symbol=HINDUNILVR\part-045903_327658-010189.parquet,34694,downloaded,34694,
2026-07-17,NSE,HINDUNILVR,raw_l2/trade_date=2026-07-17/exchange=NSE/symbol=HINDUNILVR/part-045503_495615-009645.parquet,real_data_sample\l2_unseen_validation\trade_date=2026-07-17\exchange=NSE\symbol=HINDUNILVR\part-045503_495615-009645.parquet,34520,downloaded,34520,
2026-07-17,NSE,HINDUNILVR,raw_l2/trade_date=2026-07-17/exchange=NSE/symbol=HINDUNILVR/part-045917_107760-010221.parquet,real_data_sample\l2_unseen_validation\trade_date=2026-07-17\exchange=NSE\symbol=HINDUNILVR\part-045917_107760-010221.parquet,34593,downloaded,34593,
2026-07-17,NSE,HINDUNILVR,raw_l2/trade_date=2026-07-17/exchange=NSE/symbol=HINDUNILVR/part-045627_785162-009837.parquet,real_data_sample\l2_unseen_validation\trade_date=2026-07-17\exchange=NSE\symbol=HINDUNILVR\part-045627_785162-009837.parquet,34692,downloaded,34692,
2026-07-17,NSE,HINDUNILVR,raw_l2/trade_date=2026-07-17/exchange=NSE/symbol=HINDUNILVR/part-045931_305361-010253.parquet,real_data_sample\l2_unseen_validation\trade_date=2026-07-17\exchange=NSE\symbol=HINDUNILVR\part-045931_305361-010253.parquet,34392,downloaded,34392,
2026-07-17,NSE,HINDUNILVR,raw_l2/trade_date=2026-07-17/exchange=NSE/symbol=HINDUNILVR/part-045945_425740-010285.parquet,real_data_sample\l2_unseen_validation\trade_date=2026-07-17\exchange=NSE\symbol=HINDUNILVR\part-045945_425740-010285.parquet,34550,downloaded,34550,
2026-07-17,NSE,HINDUNILVR,raw_l2/trade_date=2026-07-17/exchange=NSE/symbol=HINDUNILVR/part-045959_680943-010317.parquet,real_data_sample\l2_unseen_validation\trade_date=2026-07-17\exchange=NSE\symbol=HINDUNILVR\part-045959_680943-010317.parquet,34774,downloaded,34774,
2026-07-17,NSE,HINDUNILVR,raw_l2/trade_date=2026-07-17/exchange=NSE/symbol=HINDUNILVR/part-045821_085821-010093.parquet,real_data_sample\l2_unseen_validation\trade_date=2026-07-17\exchange=NSE\symbol=HINDUNILVR\part-045821_085821-010093.parquet,34731,downloaded,34731,
2026-07-17,NSE,HINDUNILVR,raw_l2/trade_date=2026-07-17/exchange=NSE/symbol=HINDUNILVR/part-050027_600318-010381.parquet,real_data_sample\l2_unseen_validation\trade_date=2026-07-17\exchange=NSE\symbol=HINDUNILVR\part-050027_600318-010381.parquet,34520,downloaded,34520,
2026-07-17,NSE,HINDUNILVR,raw_l2/trade_date=2026-07-17/exchange=NSE/symbol=HINDUNILVR/part-050013_803045-010349.parquet,real_data_sample\l2_unseen_validation\trade_date=2026-07-17\exchange=NSE\symbol=HINDUNILVR\part-050013_803045-010349.parquet,34645,downloaded,34645,
2026-07-17,NSE,HINDUNILVR,raw_l2/trade_date=2026-07-17/exchange=NSE/symbol=HINDUNILVR/part-050137_160098-010541.parquet,real_data_sample\l2_unseen_validation\trade_date=2026-07-17\exchange=NSE\symbol=HINDUNILVR\part-050137_160098-010541.parquet,35001,downloaded,35001,
2026-07-17,NSE,HINDUNILVR,raw_l2/trade_date=2026-07-17/exchange=NSE/symbol=HINDUNILVR/part-050109_407291-010477.parquet,real_data_sample\l2_unseen_validation\trade_date=2026-07-17\exchange=NSE\symbol=HINDUNILVR\part-050109_407291-010477.parquet,34666,downloaded,34666,
2026-07-17,NSE,HINDUNILVR,raw_l2/trade_date=2026-07-17/exchange=NSE/symbol=HINDUNILVR/part-050041_469301-010413.parquet,real_data_sample\l2_unseen_validation\trade_date=2026-07-17\exchange=NSE\symbol=HINDUNILVR\part-050041_469301-010413.parquet,34622,downloaded,34622,
2026-07-17,NSE,HINDUNILVR,raw_l2/trade_date=2026-07-17/exchange=NSE/symbol=HINDUNILVR/part-050151_188163-010573.parquet,real_data_sample\l2_unseen_validation\trade_date=2026-07-17\exchange=NSE\symbol=HINDUNILVR\part-050151_188163-010573.parquet,35040,downloaded,35040,
2026-07-17,NSE,HINDUNILVR,raw_l2/trade_date=2026-07-17/exchange=NSE/symbol=HINDUNILVR/part-050205_647598-010605.parquet,real_data_sample\l2_unseen_validation\trade_date=2026-07-17\exchange=NSE\symbol=HINDUNILVR\part-050205_647598-010605.parquet,35049,downloaded,35049,
2026-07-17,NSE,HINDUNILVR,raw_l2/trade_date=2026-07-17/exchange=NSE/symbol=HINDUNILVR/part-050055_410671-010445.parquet,real_data_sample\l2_unseen_validation\trade_date=2026-07-17\exchange=NSE\symbol=HINDUNILVR\part-050055_410671-010445.parquet,34830,downloaded,34830,
2026-07-17,NSE,HINDUNILVR,raw_l2/trade_date=2026-07-17/exchange=NSE/symbol=HINDUNILVR/part-050233_893558-010669.parquet,real_data_sample\l2_unseen_validation\trade_date=2026-07-17\exchange=NSE\symbol=HINDUNILVR\part-050233_893558-010669.parquet,36007,downloaded,36007,
2026-07-17,NSE,HINDUNILVR,raw_l2/trade_date=2026-07-17/exchange=NSE/symbol=HINDUNILVR/part-050123_324040-010509.parquet,real_data_sample\l2_unseen_validation\trade_date=2026-07-17\exchange=NSE\symbol=HINDUNILVR\part-050123_324040-010509.parquet,34849,downloaded,34849,
2026-07-17,NSE,HINDUNILVR,raw_l2/trade_date=2026-07-17/exchange=NSE/symbol=HINDUNILVR/part-050248_361874-010701.parquet,real_data_sample\l2_unseen_validation\trade_date=2026-07-17\exchange=NSE\symbol=HINDUNILVR\part-050248_361874-010701.parquet,35840,downloaded,35840,
2026-07-17,NSE,HINDUNILVR,raw_l2/trade_date=2026-07-17/exchange=NSE/symbol=HINDUNILVR/part-050302_517871-010733.parquet,real_data_sample\l2_unseen_validation\trade_date=2026-07-17\exchange=NSE\symbol=HINDUNILVR\part-050302_517871-010733.parquet,35586,downloaded,35586,
2026-07-17,NSE,HINDUNILVR,raw_l2/trade_date=2026-07-17/exchange=NSE/symbol=HINDUNILVR/part-050330_974557-010797.parquet,real_data_sample\l2_unseen_validation\trade_date=2026-07-17\exchange=NSE\symbol=HINDUNILVR\part-050330_974557-010797.parquet,35923,downloaded,35923,
2026-07-17,NSE,HINDUNILVR,raw_l2/trade_date=2026-07-17/exchange=NSE/symbol=HINDUNILVR/part-050316_890962-010765.parquet,real_data_sample\l2_unseen_validation\trade_date=2026-07-17\exchange=NSE\symbol=HINDUNILVR\part-050316_890962-010765.parquet,35819,downloaded,35819,
2026-07-17,NSE,HINDUNILVR,raw_l2/trade_date=2026-07-17/exchange=NSE/symbol=HINDUNILVR/part-050344_924444-010829.parquet,real_data_sample\l2_unseen_validation\trade_date=2026-07-17\exchange=NSE\symbol=HINDUNILVR\part-050344_924444-010829.parquet,35960,downloaded,35960,
2026-07-17,NSE,HINDUNILVR,raw_l2/trade_date=2026-07-17/exchange=NSE/symbol=HINDUNILVR/part-050219_787600-010637.parquet,real_data_sample\l2_unseen_validation\trade_date=2026-07-17\exchange=NSE\symbol=HINDUNILVR\part-050219_787600-010637.parquet,35862,downloaded,35862,
2026-07-17,NSE,HINDUNILVR,raw_l2/trade_date=2026-07-17/exchange=NSE/symbol=HINDUNILVR/part-050359_025912-010861.parquet,real_data_sample\l2_unseen_validation\trade_date=2026-07-17\exchange=NSE\symbol=HINDUNILVR\part-050359_025912-010861.parquet,35917,downloaded,35917,
2026-07-17,NSE,HINDUNILVR,raw_l2/trade_date=2026-07-17/exchange=NSE/symbol=HINDUNILVR/part-050427_359654-010925.parquet,real_data_sample\l2_unseen_validation\trade_date=2026-07-17\exchange=NSE\symbol=HINDUNILVR\part-050427_359654-010925.parquet,34887,downloaded,34887,
2026-07-17,NSE,HINDUNILVR,raw_l2/trade_date=2026-07-17/exchange=NSE/symbol=HINDUNILVR/part-050523_241611-011053.parquet,real_data_sample\l2_unseen_validation\trade_date=2026-07-17\exchange=NSE\symbol=HINDUNILVR\part-050523_241611-011053.parquet,34872,downloaded,34872,
2026-07-17,NSE,HINDUNILVR,raw_l2/trade_date=2026-07-17/exchange=NSE/symbol=HINDUNILVR/part-050537_067409-011085.parquet,real_data_sample\l2_unseen_validation\trade_date=2026-07-17\exchange=NSE\symbol=HINDUNILVR\part-050537_067409-011085.parquet,34433,downloaded,34433,
2026-07-17,NSE,HINDUNILVR,raw_l2/trade_date=2026-07-17/exchange=NSE/symbol=HINDUNILVR/part-050509_181425-011021.parquet,real_data_sample\l2_unseen_validation\trade_date=2026-07-17\exchange=NSE\symbol=HINDUNILVR\part-050509_181425-011021.parquet,34647,downloaded,34647,
2026-07-17,NSE,HINDUNILVR,raw_l2/trade_date=2026-07-17/exchange=NSE/symbol=HINDUNILVR/part-050455_149505-010989.parquet,real_data_sample\l2_unseen_validation\trade_date=2026-07-17\exchange=NSE\symbol=HINDUNILVR\part-050455_149505-010989.parquet,34883,downloaded,34883,
2026-07-17,NSE,HINDUNILVR,raw_l2/trade_date=2026-07-17/exchange=NSE/symbol=HINDUNILVR/part-045202_209296-009229.parquet,real_data_sample\l2_unseen_validation\trade_date=2026-07-17\exchange=NSE\symbol=HINDUNILVR\part-045202_209296-009229.parquet,34536,downloaded,34536,
2026-07-17,NSE,HINDUNILVR,raw_l2/trade_date=2026-07-17/exchange=NSE/symbol=HINDUNILVR/part-050551_064933-011117.parquet,real_data_sample\l2_unseen_validation\trade_date=2026-07-17\exchange=NSE\symbol=HINDUNILVR\part-050551_064933-011117.parquet,34752,downloaded,34752,
2026-07-17,NSE,HINDUNILVR,raw_l2/trade_date=2026-07-17/exchange=NSE/symbol=HINDUNILVR/part-045517_716676-009677.parquet,real_data_sample\l2_unseen_validation\trade_date=2026-07-17\exchange=NSE\symbol=HINDUNILVR\part-045517_716676-009677.parquet,34698,downloaded,34698,
2026-07-17,NSE,HINDUNILVR,raw_l2/trade_date=2026-07-17/exchange=NSE/symbol=HINDUNILVR/part-045421_467506-009549.parquet,real_data_sample\l2_unseen_validation\trade_date=2026-07-17\exchange=NSE\symbol=HINDUNILVR\part-045421_467506-009549.parquet,34719,downloaded,34719,
2026-07-17,NSE,HINDUNILVR,raw_l2/trade_date=2026-07-17/exchange=NSE/symbol=HINDUNILVR/part-050604_861891-011149.parquet,real_data_sample\l2_unseen_validation\trade_date=2026-07-17\exchange=NSE\symbol=HINDUNILVR\part-050604_861891-011149.parquet,34822,downloaded,34822,
2026-07-17,NSE,HINDUNILVR,raw_l2/trade_date=2026-07-17/exchange=NSE/symbol=HINDUNILVR/part-050413_276665-010893.parquet,real_data_sample\l2_unseen_validation\trade_date=2026-07-17\exchange=NSE\symbol=HINDUNILVR\part-050413_276665-010893.parquet,35078,downloaded,35078,
2026-07-17,NSE,HINDUNILVR,raw_l2/trade_date=2026-07-17/exchange=NSE/symbol=HINDUNILVR/part-050619_263817-011181.parquet,real_data_sample\l2_unseen_validation\trade_date=2026-07-17\exchange=NSE\symbol=HINDUNILVR\part-050619_263817-011181.parquet,34558,downloaded,34558,
2026-07-17,NSE,HINDUNILVR,raw_l2/trade_date=2026-07-17/exchange=NSE/symbol=HINDUNILVR/part-045435_388414-009581.parquet,real_data_sample\l2_unseen_validation\trade_date=2026-07-17\exchange=NSE\symbol=HINDUNILVR\part-045435_388414-009581.parquet,34720,downloaded,34720,
2026-07-17,NSE,HINDUNILVR,raw_l2/trade_date=2026-07-17/exchange=NSE/symbol=HINDUNILVR/part-045449_438615-009613.parquet,real_data_sample\l2_unseen_validation\trade_date=2026-07-17\exchange=NSE\symbol=HINDUNILVR\part-045449_438615-009613.parquet,34632,downloaded,34632,
2026-07-17,NSE,HINDUNILVR,raw_l2/trade_date=2026-07-17/exchange=NSE/symbol=HINDUNILVR/part-050634_083869-011213.parquet,real_data_sample\l2_unseen_validation\trade_date=2026-07-17\exchange=NSE\symbol=HINDUNILVR\part-050634_083869-011213.parquet,35089,downloaded,35089,
2026-07-17,NSE,HINDUNILVR,raw_l2/trade_date=2026-07-17/exchange=NSE/symbol=HINDUNILVR/part-045257_642766-009357.parquet,real_data_sample\l2_unseen_validation\trade_date=2026-07-17\exchange=NSE\symbol=HINDUNILVR\part-045257_642766-009357.parquet,34796,downloaded,34796,
2026-07-17,NSE,HINDUNILVR,raw_l2/trade_date=2026-07-17/exchange=NSE/symbol=HINDUNILVR/part-045052_288350-009069.parquet,real_data_sample\l2_unseen_validation\trade_date=2026-07-17\exchange=NSE\symbol=HINDUNILVR\part-045052_288350-009069.parquet,34548,downloaded,34548,
2026-07-17,NSE,HINDUNILVR,raw_l2/trade_date=2026-07-17/exchange=NSE/symbol=HINDUNILVR/part-050441_341099-010957.parquet,real_data_sample\l2_unseen_validation\trade_date=2026-07-17\exchange=NSE\symbol=HINDUNILVR\part-050441_341099-010957.parquet,34722,downloaded,34722,
2026-07-17,NSE,HINDUNILVR,raw_l2/trade_date=2026-07-17/exchange=NSE/symbol=HINDUNILVR/part-044930_099278-008877.parquet,real_data_sample\l2_unseen_validation\trade_date=2026-07-17\exchange=NSE\symbol=HINDUNILVR\part-044930_099278-008877.parquet,34711,downloaded,34711,
2026-07-17,NSE,HINDUNILVR,raw_l2/trade_date=2026-07-17/exchange=NSE/symbol=HINDUNILVR/part-045325_639794-009421.parquet,real_data_sample\l2_unseen_validation\trade_date=2026-07-17\exchange=NSE\symbol=HINDUNILVR\part-045325_639794-009421.parquet,34794,downloaded,34794,
2026-07-17,NSE,HINDUNILVR,raw_l2/trade_date=2026-07-17/exchange=NSE/symbol=HINDUNILVR/part-045229_881236-009293.parquet,real_data_sample\l2_unseen_validation\trade_date=2026-07-17\exchange=NSE\symbol=HINDUNILVR\part-045229_881236-009293.parquet,34712,downloaded,34712,
2026-07-17,NSE,HINDUNILVR,raw_l2/trade_date=2026-07-17/exchange=NSE/symbol=HINDUNILVR/part-045106_288112-009101.parquet,real_data_sample\l2_unseen_validation\trade_date=2026-07-17\exchange=NSE\symbol=HINDUNILVR\part-045106_288112-009101.parquet,34640,downloaded,34640,
2026-07-17,NSE,HINDUNILVR,raw_l2/trade_date=2026-07-17/exchange=NSE/symbol=HINDUNILVR/part-045407_418531-009517.parquet,real_data_sample\l2_unseen_validation\trade_date=2026-07-17\exchange=NSE\symbol=HINDUNILVR\part-045407_418531-009517.parquet,34741,downloaded,34741,
2026-07-17,NSE,HINDUNILVR,raw_l2/trade_date=2026-07-17/exchange=NSE/symbol=HINDUNILVR/part-045025_009027-009005.parquet,real_data_sample\l2_unseen_validation\trade_date=2026-07-17\exchange=NSE\symbol=HINDUNILVR\part-045025_009027-009005.parquet,34498,downloaded,34498,
2026-07-17,NSE,HINDUNILVR,raw_l2/trade_date=2026-07-17/exchange=NSE/symbol=HINDUNILVR/part-050702_667501-011277.parquet,real_data_sample\l2_unseen_validation\trade_date=2026-07-17\exchange=NSE\symbol=HINDUNILVR\part-050702_667501-011277.parquet,34971,downloaded,34971,
2026-07-17,NSE,HINDUNILVR,raw_l2/trade_date=2026-07-17/exchange=NSE/symbol=HINDUNILVR/part-050730_824558-011341.parquet,real_data_sample\l2_unseen_validation\trade_date=2026-07-17\exchange=NSE\symbol=HINDUNILVR\part-050730_824558-011341.parquet,36175,downloaded,36175,
2026-07-17,NSE,HINDUNILVR,raw_l2/trade_date=2026-07-17/exchange=NSE/symbol=HINDUNILVR/part-050716_789859-011309.parquet,real_data_sample\l2_unseen_validation\trade_date=2026-07-17\exchange=NSE\symbol=HINDUNILVR\part-050716_789859-011309.parquet,35423,downloaded,35423,
2026-07-17,NSE,HINDUNILVR,raw_l2/trade_date=2026-07-17/exchange=NSE/symbol=HINDUNILVR/part-045353_444674-009485.parquet,real_data_sample\l2_unseen_validation\trade_date=2026-07-17\exchange=NSE\symbol=HINDUNILVR\part-045353_444674-009485.parquet,34608,downloaded,34608,
2026-07-17,NSE,HINDUNILVR,raw_l2/trade_date=2026-07-17/exchange=NSE/symbol=HINDUNILVR/part-045311_621775-009389.parquet,real_data_sample\l2_unseen_validation\trade_date=2026-07-17\exchange=NSE\symbol=HINDUNILVR\part-045311_621775-009389.parquet,34559,downloaded,34559,
2026-07-17,NSE,HINDUNILVR,raw_l2/trade_date=2026-07-17/exchange=NSE/symbol=HINDUNILVR/part-050648_638545-011245.parquet,real_data_sample\l2_unseen_validation\trade_date=2026-07-17\exchange=NSE\symbol=HINDUNILVR\part-050648_638545-011245.parquet,34798,downloaded,34798,
2026-07-17,NSE,HINDUNILVR,raw_l2/trade_date=2026-07-17/exchange=NSE/symbol=HINDUNILVR/part-045243_602775-009325.parquet,real_data_sample\l2_unseen_validation\trade_date=2026-07-17\exchange=NSE\symbol=HINDUNILVR\part-045243_602775-009325.parquet,34767,downloaded,34767,
2026-07-17,NSE,HINDUNILVR,raw_l2/trade_date=2026-07-17/exchange=NSE/symbol=HINDUNILVR/part-045120_314183-009133.parquet,real_data_sample\l2_unseen_validation\trade_date=2026-07-17\exchange=NSE\symbol=HINDUNILVR\part-045120_314183-009133.parquet,34763,downloaded,34763,
2026-07-17,NSE,HINDUNILVR,raw_l2/trade_date=2026-07-17/exchange=NSE/symbol=HINDUNILVR/part-050744_552908-011373.parquet,real_data_sample\l2_unseen_validation\trade_date=2026-07-17\exchange=NSE\symbol=HINDUNILVR\part-050744_552908-011373.parquet,35958,downloaded,35958,
2026-07-17,NSE,HINDUNILVR,raw_l2/trade_date=2026-07-17/exchange=NSE/symbol=HINDUNILVR/part-050758_284882-011405.parquet,real_data_sample\l2_unseen_validation\trade_date=2026-07-17\exchange=NSE\symbol=HINDUNILVR\part-050758_284882-011405.parquet,35804,downloaded,35804,
2026-07-17,NSE,HINDUNILVR,raw_l2/trade_date=2026-07-17/exchange=NSE/symbol=HINDUNILVR/part-050839_861786-011501.parquet,real_data_sample\l2_unseen_validation\trade_date=2026-07-17\exchange=NSE\symbol=HINDUNILVR\part-050839_861786-011501.parquet,35329,downloaded,35329,
2026-07-17,NSE,HINDUNILVR,raw_l2/trade_date=2026-07-17/exchange=NSE/symbol=HINDUNILVR/part-045339_364559-009453.parquet,real_data_sample\l2_unseen_validation\trade_date=2026-07-17\exchange=NSE\symbol=HINDUNILVR\part-045339_364559-009453.parquet,34681,downloaded,34681,
2026-07-17,NSE,HINDUNILVR,raw_l2/trade_date=2026-07-17/exchange=NSE/symbol=HINDUNILVR/part-045011_286939-008973.parquet,real_data_sample\l2_unseen_validation\trade_date=2026-07-17\exchange=NSE\symbol=HINDUNILVR\part-045011_286939-008973.parquet,34731,downloaded,34731,
2026-07-17,NSE,HINDUNILVR,raw_l2/trade_date=2026-07-17/exchange=NSE/symbol=HINDUNILVR/part-050826_073895-011469.parquet,real_data_sample\l2_unseen_validation\trade_date=2026-07-17\exchange=NSE\symbol=HINDUNILVR\part-050826_073895-011469.parquet,35292,downloaded,35292,
2026-07-17,NSE,HINDUNILVR,raw_l2/trade_date=2026-07-17/exchange=NSE/symbol=HINDUNILVR/part-044957_563213-008941.parquet,real_data_sample\l2_unseen_validation\trade_date=2026-07-17\exchange=NSE\symbol=HINDUNILVR\part-044957_563213-008941.parquet,34658,downloaded,34658,
2026-07-17,NSE,HINDUNILVR,raw_l2/trade_date=2026-07-17/exchange=NSE/symbol=HINDUNILVR/part-050949_027683-011661.parquet,real_data_sample\l2_unseen_validation\trade_date=2026-07-17\exchange=NSE\symbol=HINDUNILVR\part-050949_027683-011661.parquet,35053,downloaded,35053,
2026-07-17,NSE,HINDUNILVR,raw_l2/trade_date=2026-07-17/exchange=NSE/symbol=HINDUNILVR/part-050935_339746-011629.parquet,real_data_sample\l2_unseen_validation\trade_date=2026-07-17\exchange=NSE\symbol=HINDUNILVR\part-050935_339746-011629.parquet,34549,downloaded,34549,
2026-07-17,NSE,HINDUNILVR,raw_l2/trade_date=2026-07-17/exchange=NSE/symbol=HINDUNILVR/part-050921_303638-011597.parquet,real_data_sample\l2_unseen_validation\trade_date=2026-07-17\exchange=NSE\symbol=HINDUNILVR\part-050921_303638-011597.parquet,34667,downloaded,34667,
2026-07-17,NSE,HINDUNILVR,raw_l2/trade_date=2026-07-17/exchange=NSE/symbol=HINDUNILVR/part-045038_550197-009037.parquet,real_data_sample\l2_unseen_validation\trade_date=2026-07-17\exchange=NSE\symbol=HINDUNILVR\part-045038_550197-009037.parquet,34636,downloaded,34636,
2026-07-17,NSE,HINDUNILVR,raw_l2/trade_date=2026-07-17/exchange=NSE/symbol=HINDUNILVR/part-050907_632451-011565.parquet,real_data_sample\l2_unseen_validation\trade_date=2026-07-17\exchange=NSE\symbol=HINDUNILVR\part-050907_632451-011565.parquet,35306,downloaded,35306,
2026-07-17,NSE,HINDUNILVR,raw_l2/trade_date=2026-07-17/exchange=NSE/symbol=HINDUNILVR/part-051002_958042-011693.parquet,real_data_sample\l2_unseen_validation\trade_date=2026-07-17\exchange=NSE\symbol=HINDUNILVR\part-051002_958042-011693.parquet,34665,downloaded,34665,
2026-07-17,NSE,HINDUNILVR,raw_l2/trade_date=2026-07-17/exchange=NSE/symbol=HINDUNILVR/part-051016_800956-011725.parquet,real_data_sample\l2_unseen_validation\trade_date=2026-07-17\exchange=NSE\symbol=HINDUNILVR\part-051016_800956-011725.parquet,34556,downloaded,34556,
2026-07-17,NSE,HINDUNILVR,raw_l2/trade_date=2026-07-17/exchange=NSE/symbol=HINDUNILVR/part-051112_100135-011853.parquet,real_data_sample\l2_unseen_validation\trade_date=2026-07-17\exchange=NSE\symbol=HINDUNILVR\part-051112_100135-011853.parquet,34742,downloaded,34742,
2026-07-17,NSE,HINDUNILVR,raw_l2/trade_date=2026-07-17/exchange=NSE/symbol=HINDUNILVR/part-051044_355206-011789.parquet,real_data_sample\l2_unseen_validation\trade_date=2026-07-17\exchange=NSE\symbol=HINDUNILVR\part-051044_355206-011789.parquet,34758,downloaded,34758,
2026-07-17,NSE,HINDUNILVR,raw_l2/trade_date=2026-07-17/exchange=NSE/symbol=HINDUNILVR/part-051154_122357-011949.parquet,real_data_sample\l2_unseen_validation\trade_date=2026-07-17\exchange=NSE\symbol=HINDUNILVR\part-051154_122357-011949.parquet,34647,downloaded,34647,
2026-07-17,NSE,HINDUNILVR,raw_l2/trade_date=2026-07-17/exchange=NSE/symbol=HINDUNILVR/part-051125_966246-011885.parquet,real_data_sample\l2_unseen_validation\trade_date=2026-07-17\exchange=NSE\symbol=HINDUNILVR\part-051125_966246-011885.parquet,34637,downloaded,34637,
2026-07-17,NSE,HINDUNILVR,raw_l2/trade_date=2026-07-17/exchange=NSE/symbol=HINDUNILVR/part-051140_273375-011917.parquet,real_data_sample\l2_unseen_validation\trade_date=2026-07-17\exchange=NSE\symbol=HINDUNILVR\part-051140_273375-011917.parquet,34744,downloaded,34744,
2026-07-17,NSE,HINDUNILVR,raw_l2/trade_date=2026-07-17/exchange=NSE/symbol=HINDUNILVR/part-051222_087871-012013.parquet,real_data_sample\l2_unseen_validation\trade_date=2026-07-17\exchange=NSE\symbol=HINDUNILVR\part-051222_087871-012013.parquet,34776,downloaded,34776,
2026-07-17,NSE,HINDUNILVR,raw_l2/trade_date=2026-07-17/exchange=NSE/symbol=HINDUNILVR/part-051208_153560-011981.parquet,real_data_sample\l2_unseen_validation\trade_date=2026-07-17\exchange=NSE\symbol=HINDUNILVR\part-051208_153560-011981.parquet,34620,downloaded,34620,
2026-07-17,NSE,HINDUNILVR,raw_l2/trade_date=2026-07-17/exchange=NSE/symbol=HINDUNILVR/part-045148_107359-009197.parquet,real_data_sample\l2_unseen_validation\trade_date=2026-07-17\exchange=NSE\symbol=HINDUNILVR\part-045148_107359-009197.parquet,34665,downloaded,34665,
2026-07-17,NSE,HINDUNILVR,raw_l2/trade_date=2026-07-17/exchange=NSE/symbol=HINDUNILVR/part-051249_869449-012077.parquet,real_data_sample\l2_unseen_validation\trade_date=2026-07-17\exchange=NSE\symbol=HINDUNILVR\part-051249_869449-012077.parquet,34725,downloaded,34725,
2026-07-17,NSE,HINDUNILVR,raw_l2/trade_date=2026-07-17/exchange=NSE/symbol=HINDUNILVR/part-051235_945863-012045.parquet,real_data_sample\l2_unseen_validation\trade_date=2026-07-17\exchange=NSE\symbol=HINDUNILVR\part-051235_945863-012045.parquet,34753,downloaded,34753,
2026-07-17,NSE,HINDUNILVR,raw_l2/trade_date=2026-07-17/exchange=NSE/symbol=HINDUNILVR/part-051303_844997-012109.parquet,real_data_sample\l2_unseen_validation\trade_date=2026-07-17\exchange=NSE\symbol=HINDUNILVR\part-051303_844997-012109.parquet,34729,downloaded,34729,
2026-07-17,NSE,HINDUNILVR,raw_l2/trade_date=2026-07-17/exchange=NSE/symbol=HINDUNILVR/part-051347_575541-012205.parquet,real_data_sample\l2_unseen_validation\trade_date=2026-07-17\exchange=NSE\symbol=HINDUNILVR\part-051347_575541-012205.parquet,34514,downloaded,34514,
2026-07-17,NSE,HINDUNILVR,raw_l2/trade_date=2026-07-17/exchange=NSE/symbol=HINDUNILVR/part-051318_443247-012141.parquet,real_data_sample\l2_unseen_validation\trade_date=2026-07-17\exchange=NSE\symbol=HINDUNILVR\part-051318_443247-012141.parquet,34887,downloaded,34887,
2026-07-17,NSE,HINDUNILVR,raw_l2/trade_date=2026-07-17/exchange=NSE/symbol=HINDUNILVR/part-051332_613420-012173.parquet,real_data_sample\l2_unseen_validation\trade_date=2026-07-17\exchange=NSE\symbol=HINDUNILVR\part-051332_613420-012173.parquet,34692,downloaded,34692,
2026-07-17,NSE,HINDUNILVR,raw_l2/trade_date=2026-07-17/exchange=NSE/symbol=HINDUNILVR/part-050853_519817-011533.parquet,real_data_sample\l2_unseen_validation\trade_date=2026-07-17\exchange=NSE\symbol=HINDUNILVR\part-050853_519817-011533.parquet,35415,downloaded,35415,
2026-07-17,NSE,HINDUNILVR,raw_l2/trade_date=2026-07-17/exchange=NSE/symbol=HINDUNILVR/part-051402_588968-012237.parquet,real_data_sample\l2_unseen_validation\trade_date=2026-07-17\exchange=NSE\symbol=HINDUNILVR\part-051402_588968-012237.parquet,34763,downloaded,34763,
2026-07-17,NSE,HINDUNILVR,raw_l2/trade_date=2026-07-17/exchange=NSE/symbol=HINDUNILVR/part-051417_182210-012269.parquet,real_data_sample\l2_unseen_validation\trade_date=2026-07-17\exchange=NSE\symbol=HINDUNILVR\part-051417_182210-012269.parquet,34749,downloaded,34749,
2026-07-17,NSE,HINDUNILVR,raw_l2/trade_date=2026-07-17/exchange=NSE/symbol=HINDUNILVR/part-051432_117422-012301.parquet,real_data_sample\l2_unseen_validation\trade_date=2026-07-17\exchange=NSE\symbol=HINDUNILVR\part-051432_117422-012301.parquet,34796,downloaded,34796,
2026-07-17,NSE,HINDUNILVR,raw_l2/trade_date=2026-07-17/exchange=NSE/symbol=HINDUNILVR/part-051445_836427-012333.parquet,real_data_sample\l2_unseen_validation\trade_date=2026-07-17\exchange=NSE\symbol=HINDUNILVR\part-051445_836427-012333.parquet,34595,downloaded,34595,
2026-07-17,NSE,HINDUNILVR,raw_l2/trade_date=2026-07-17/exchange=NSE/symbol=HINDUNILVR/part-050812_326428-011437.parquet,real_data_sample\l2_unseen_validation\trade_date=2026-07-17\exchange=NSE\symbol=HINDUNILVR\part-050812_326428-011437.parquet,35742,downloaded,35742,
2026-07-17,NSE,HINDUNILVR,raw_l2/trade_date=2026-07-17/exchange=NSE/symbol=HINDUNILVR/part-051638_674916-012589.parquet,real_data_sample\l2_unseen_validation\trade_date=2026-07-17\exchange=NSE\symbol=HINDUNILVR\part-051638_674916-012589.parquet,34965,downloaded,34965,
2026-07-17,NSE,HINDUNILVR,raw_l2/trade_date=2026-07-17/exchange=NSE/symbol=HINDUNILVR/part-051610_214252-012525.parquet,real_data_sample\l2_unseen_validation\trade_date=2026-07-17\exchange=NSE\symbol=HINDUNILVR\part-051610_214252-012525.parquet,34760,downloaded,34760,
2026-07-17,NSE,HINDUNILVR,raw_l2/trade_date=2026-07-17/exchange=NSE/symbol=HINDUNILVR/part-051459_799944-012365.parquet,real_data_sample\l2_unseen_validation\trade_date=2026-07-17\exchange=NSE\symbol=HINDUNILVR\part-051459_799944-012365.parquet,34847,downloaded,34847,
2026-07-17,NSE,HINDUNILVR,raw_l2/trade_date=2026-07-17/exchange=NSE/symbol=HINDUNILVR/part-051541_246063-012461.parquet,real_data_sample\l2_unseen_validation\trade_date=2026-07-17\exchange=NSE\symbol=HINDUNILVR\part-051541_246063-012461.parquet,34759,downloaded,34759,
2026-07-17,NSE,HINDUNILVR,raw_l2/trade_date=2026-07-17/exchange=NSE/symbol=HINDUNILVR/part-051513_558873-012397.parquet,real_data_sample\l2_unseen_validation\trade_date=2026-07-17\exchange=NSE\symbol=HINDUNILVR\part-051513_558873-012397.parquet,34796,downloaded,34796,
2026-07-17,NSE,HINDUNILVR,raw_l2/trade_date=2026-07-17/exchange=NSE/symbol=HINDUNILVR/part-051555_577256-012493.parquet,real_data_sample\l2_unseen_validation\trade_date=2026-07-17\exchange=NSE\symbol=HINDUNILVR\part-051555_577256-012493.parquet,34859,downloaded,34859,
2026-07-17,NSE,HINDUNILVR,raw_l2/trade_date=2026-07-17/exchange=NSE/symbol=HINDUNILVR/part-051030_596811-011757.parquet,real_data_sample\l2_unseen_validation\trade_date=2026-07-17\exchange=NSE\symbol=HINDUNILVR\part-051030_596811-011757.parquet,34732,downloaded,34732,
2026-07-17,NSE,HINDUNILVR,raw_l2/trade_date=2026-07-17/exchange=NSE/symbol=HINDUNILVR/part-051058_126892-011821.parquet,real_data_sample\l2_unseen_validation\trade_date=2026-07-17\exchange=NSE\symbol=HINDUNILVR\part-051058_126892-011821.parquet,34634,downloaded,34634,
2026-07-17,NSE,HINDUNILVR,raw_l2/trade_date=2026-07-17/exchange=NSE/symbol=HINDUNILVR/part-051720_868298-012685.parquet,real_data_sample\l2_unseen_validation\trade_date=2026-07-17\exchange=NSE\symbol=HINDUNILVR\part-051720_868298-012685.parquet,35872,downloaded,35872,
2026-07-17,NSE,HINDUNILVR,raw_l2/trade_date=2026-07-17/exchange=NSE/symbol=HINDUNILVR/part-051749_534744-012749.parquet,real_data_sample\l2_unseen_validation\trade_date=2026-07-17\exchange=NSE\symbol=HINDUNILVR\part-051749_534744-012749.parquet,36314,downloaded,36314,
2026-07-17,NSE,HINDUNILVR,raw_l2/trade_date=2026-07-17/exchange=NSE/symbol=HINDUNILVR/part-051803_860096-012781.parquet,real_data_sample\l2_unseen_validation\trade_date=2026-07-17\exchange=NSE\symbol=HINDUNILVR\part-051803_860096-012781.parquet,36419,downloaded,36419,
2026-07-17,NSE,HINDUNILVR,raw_l2/trade_date=2026-07-17/exchange=NSE/symbol=HINDUNILVR/part-051652_924922-012621.parquet,real_data_sample\l2_unseen_validation\trade_date=2026-07-17\exchange=NSE\symbol=HINDUNILVR\part-051652_924922-012621.parquet,34935,downloaded,34935,
2026-07-17,NSE,HINDUNILVR,raw_l2/trade_date=2026-07-17/exchange=NSE/symbol=HINDUNILVR/part-051706_948474-012653.parquet,real_data_sample\l2_unseen_validation\trade_date=2026-07-17\exchange=NSE\symbol=HINDUNILVR\part-051706_948474-012653.parquet,35128,downloaded,35128,
2026-07-17,NSE,HINDUNILVR,raw_l2/trade_date=2026-07-17/exchange=NSE/symbol=HINDUNILVR/part-051735_035911-012717.parquet,real_data_sample\l2_unseen_validation\trade_date=2026-07-17\exchange=NSE\symbol=HINDUNILVR\part-051735_035911-012717.parquet,36676,downloaded,36676,
2026-07-17,NSE,HINDUNILVR,raw_l2/trade_date=2026-07-17/exchange=NSE/symbol=HINDUNILVR/part-051832_574974-012845.parquet,real_data_sample\l2_unseen_validation\trade_date=2026-07-17\exchange=NSE\symbol=HINDUNILVR\part-051832_574974-012845.parquet,35835,downloaded,35835,
2026-07-17,NSE,HINDUNILVR,raw_l2/trade_date=2026-07-17/exchange=NSE/symbol=HINDUNILVR/part-051846_372755-012877.parquet,real_data_sample\l2_unseen_validation\trade_date=2026-07-17\exchange=NSE\symbol=HINDUNILVR\part-051846_372755-012877.parquet,35870,downloaded,35870,
2026-07-17,NSE,HINDUNILVR,raw_l2/trade_date=2026-07-17/exchange=NSE/symbol=HINDUNILVR/part-051818_047714-012813.parquet,real_data_sample\l2_unseen_validation\trade_date=2026-07-17\exchange=NSE\symbol=HINDUNILVR\part-051818_047714-012813.parquet,36369,downloaded,36369,
2026-07-17,NSE,HINDUNILVR,raw_l2/trade_date=2026-07-17/exchange=NSE/symbol=HINDUNILVR/part-051929_586238-012973.parquet,real_data_sample\l2_unseen_validation\trade_date=2026-07-17\exchange=NSE\symbol=HINDUNILVR\part-051929_586238-012973.parquet,35838,downloaded,35838,
2026-07-17,NSE,HINDUNILVR,raw_l2/trade_date=2026-07-17/exchange=NSE/symbol=HINDUNILVR/part-052011_064678-013069.parquet,real_data_sample\l2_unseen_validation\trade_date=2026-07-17\exchange=NSE\symbol=HINDUNILVR\part-052011_064678-013069.parquet,35576,downloaded,35576,
2026-07-17,NSE,HINDUNILVR,raw_l2/trade_date=2026-07-17/exchange=NSE/symbol=HINDUNILVR/part-051957_381867-013037.parquet,real_data_sample\l2_unseen_validation\trade_date=2026-07-17\exchange=NSE\symbol=HINDUNILVR\part-051957_381867-013037.parquet,35354,downloaded,35354,
2026-07-17,NSE,HINDUNILVR,raw_l2/trade_date=2026-07-17/exchange=NSE/symbol=HINDUNILVR/part-051915_629945-012941.parquet,real_data_sample\l2_unseen_validation\trade_date=2026-07-17\exchange=NSE\symbol=HINDUNILVR\part-051915_629945-012941.parquet,35615,downloaded,35615,
2026-07-17,NSE,HINDUNILVR,raw_l2/trade_date=2026-07-17/exchange=NSE/symbol=HINDUNILVR/part-051943_339612-013005.parquet,real_data_sample\l2_unseen_validation\trade_date=2026-07-17\exchange=NSE\symbol=HINDUNILVR\part-051943_339612-013005.parquet,35902,downloaded,35902,
2026-07-17,NSE,HINDUNILVR,raw_l2/trade_date=2026-07-17/exchange=NSE/symbol=HINDUNILVR/part-052024_821999-013101.parquet,real_data_sample\l2_unseen_validation\trade_date=2026-07-17\exchange=NSE\symbol=HINDUNILVR\part-052024_821999-013101.parquet,35429,downloaded,35429,
2026-07-17,NSE,HINDUNILVR,raw_l2/trade_date=2026-07-17/exchange=NSE/symbol=HINDUNILVR/part-051901_462043-012909.parquet,real_data_sample\l2_unseen_validation\trade_date=2026-07-17\exchange=NSE\symbol=HINDUNILVR\part-051901_462043-012909.parquet,35507,downloaded,35507,
2026-07-17,NSE,HINDUNILVR,raw_l2/trade_date=2026-07-17/exchange=NSE/symbol=HINDUNILVR/part-052052_380148-013165.parquet,real_data_sample\l2_unseen_validation\trade_date=2026-07-17\exchange=NSE\symbol=HINDUNILVR\part-052052_380148-013165.parquet,34965,downloaded,34965,
2026-07-17,NSE,HINDUNILVR,raw_l2/trade_date=2026-07-17/exchange=NSE/symbol=HINDUNILVR/part-052120_105477-013229.parquet,real_data_sample\l2_unseen_validation\trade_date=2026-07-17\exchange=NSE\symbol=HINDUNILVR\part-052120_105477-013229.parquet,34820,downloaded,34820,
2026-07-17,NSE,HINDUNILVR,raw_l2/trade_date=2026-07-17/exchange=NSE/symbol=HINDUNILVR/part-052201_886022-013325.parquet,real_data_sample\l2_unseen_validation\trade_date=2026-07-17\exchange=NSE\symbol=HINDUNILVR\part-052201_886022-013325.parquet,34627,downloaded,34627,
2026-07-17,NSE,HINDUNILVR,raw_l2/trade_date=2026-07-17/exchange=NSE/symbol=HINDUNILVR/part-052106_088833-013197.parquet,real_data_sample\l2_unseen_validation\trade_date=2026-07-17\exchange=NSE\symbol=HINDUNILVR\part-052106_088833-013197.parquet,35053,downloaded,35053,
2026-07-17,NSE,HINDUNILVR,raw_l2/trade_date=2026-07-17/exchange=NSE/symbol=HINDUNILVR/part-051527_261719-012429.parquet,real_data_sample\l2_unseen_validation\trade_date=2026-07-17\exchange=NSE\symbol=HINDUNILVR\part-051527_261719-012429.parquet,34746,downloaded,34746,
2026-07-17,NSE,HINDUNILVR,raw_l2/trade_date=2026-07-17/exchange=NSE/symbol=HINDUNILVR/part-052133_863446-013261.parquet,real_data_sample\l2_unseen_validation\trade_date=2026-07-17\exchange=NSE\symbol=HINDUNILVR\part-052133_863446-013261.parquet,34880,downloaded,34880,
2026-07-17,NSE,HINDUNILVR,raw_l2/trade_date=2026-07-17/exchange=NSE/symbol=HINDUNILVR/part-052229_933224-013389.parquet,real_data_sample\l2_unseen_validation\trade_date=2026-07-17\exchange=NSE\symbol=HINDUNILVR\part-052229_933224-013389.parquet,34753,downloaded,34753,
2026-07-17,NSE,HINDUNILVR,raw_l2/trade_date=2026-07-17/exchange=NSE/symbol=HINDUNILVR/part-052215_882919-013357.parquet,real_data_sample\l2_unseen_validation\trade_date=2026-07-17\exchange=NSE\symbol=HINDUNILVR\part-052215_882919-013357.parquet,34732,downloaded,34732,
2026-07-17,NSE,HINDUNILVR,raw_l2/trade_date=2026-07-17/exchange=NSE/symbol=HINDUNILVR/part-052257_961440-013453.parquet,real_data_sample\l2_unseen_validation\trade_date=2026-07-17\exchange=NSE\symbol=HINDUNILVR\part-052257_961440-013453.parquet,34467,downloaded,34467,
2026-07-17,NSE,HINDUNILVR,raw_l2/trade_date=2026-07-17/exchange=NSE/symbol=HINDUNILVR/part-051624_445183-012557.parquet,real_data_sample\l2_unseen_validation\trade_date=2026-07-17\exchange=NSE\symbol=HINDUNILVR\part-051624_445183-012557.parquet,34742,downloaded,34742,
2026-07-17,NSE,HINDUNILVR,raw_l2/trade_date=2026-07-17/exchange=NSE/symbol=HINDUNILVR/part-052243_923576-013421.parquet,real_data_sample\l2_unseen_validation\trade_date=2026-07-17\exchange=NSE\symbol=HINDUNILVR\part-052243_923576-013421.parquet,34931,downloaded,34931,
2026-07-17,NSE,HINDUNILVR,raw_l2/trade_date=2026-07-17/exchange=NSE/symbol=HINDUNILVR/part-052311_985887-013485.parquet,real_data_sample\l2_unseen_validation\trade_date=2026-07-17\exchange=NSE\symbol=HINDUNILVR\part-052311_985887-013485.parquet,34810,downloaded,34810,
2026-07-17,NSE,HINDUNILVR,raw_l2/trade_date=2026-07-17/exchange=NSE/symbol=HINDUNILVR/part-052407_817331-013613.parquet,real_data_sample\l2_unseen_validation\trade_date=2026-07-17\exchange=NSE\symbol=HINDUNILVR\part-052407_817331-013613.parquet,34755,downloaded,34755,
2026-07-17,NSE,HINDUNILVR,raw_l2/trade_date=2026-07-17/exchange=NSE/symbol=HINDUNILVR/part-052353_841914-013581.parquet,real_data_sample\l2_unseen_validation\trade_date=2026-07-17\exchange=NSE\symbol=HINDUNILVR\part-052353_841914-013581.parquet,34671,downloaded,34671,
2026-07-17,NSE,HINDUNILVR,raw_l2/trade_date=2026-07-17/exchange=NSE/symbol=HINDUNILVR/part-052449_632530-013709.parquet,real_data_sample\l2_unseen_validation\trade_date=2026-07-17\exchange=NSE\symbol=HINDUNILVR\part-052449_632530-013709.parquet,34926,downloaded,34926,
2026-07-17,NSE,HINDUNILVR,raw_l2/trade_date=2026-07-17/exchange=NSE/symbol=HINDUNILVR/part-052421_855529-013645.parquet,real_data_sample\l2_unseen_validation\trade_date=2026-07-17\exchange=NSE\symbol=HINDUNILVR\part-052421_855529-013645.parquet,35006,downloaded,35006,
2026-07-17,NSE,HINDUNILVR,raw_l2/trade_date=2026-07-17/exchange=NSE/symbol=HINDUNILVR/part-052435_838417-013677.parquet,real_data_sample\l2_unseen_validation\trade_date=2026-07-17\exchange=NSE\symbol=HINDUNILVR\part-052435_838417-013677.parquet,35079,downloaded,35079,
2026-07-17,NSE,HINDUNILVR,raw_l2/trade_date=2026-07-17/exchange=NSE/symbol=HINDUNILVR/part-052503_577142-013741.parquet,real_data_sample\l2_unseen_validation\trade_date=2026-07-17\exchange=NSE\symbol=HINDUNILVR\part-052503_577142-013741.parquet,34938,downloaded,34938,
2026-07-17,NSE,HINDUNILVR,raw_l2/trade_date=2026-07-17/exchange=NSE/symbol=HINDUNILVR/part-052038_600933-013133.parquet,real_data_sample\l2_unseen_validation\trade_date=2026-07-17\exchange=NSE\symbol=HINDUNILVR\part-052038_600933-013133.parquet,35415,downloaded,35415,
2026-07-17,NSE,HINDUNILVR,raw_l2/trade_date=2026-07-17/exchange=NSE/symbol=HINDUNILVR/part-052517_370249-013773.parquet,real_data_sample\l2_unseen_validation\trade_date=2026-07-17\exchange=NSE\symbol=HINDUNILVR\part-052517_370249-013773.parquet,35776,downloaded,35776,
2026-07-17,NSE,HINDUNILVR,raw_l2/trade_date=2026-07-17/exchange=NSE/symbol=HINDUNILVR/part-052738_127699-014093.parquet,real_data_sample\l2_unseen_validation\trade_date=2026-07-17\exchange=NSE\symbol=HINDUNILVR\part-052738_127699-014093.parquet,35928,downloaded,35928,
2026-07-17,NSE,HINDUNILVR,raw_l2/trade_date=2026-07-17/exchange=NSE/symbol=HINDUNILVR/part-052724_254064-014061.parquet,real_data_sample\l2_unseen_validation\trade_date=2026-07-17\exchange=NSE\symbol=HINDUNILVR\part-052724_254064-014061.parquet,35847,downloaded,35847,
2026-07-17,NSE,HINDUNILVR,raw_l2/trade_date=2026-07-17/exchange=NSE/symbol=HINDUNILVR/part-052710_214895-014029.parquet,real_data_sample\l2_unseen_validation\trade_date=2026-07-17\exchange=NSE\symbol=HINDUNILVR\part-052710_214895-014029.parquet,35638,downloaded,35638,
2026-07-17,NSE,HINDUNILVR,raw_l2/trade_date=2026-07-17/exchange=NSE/symbol=HINDUNILVR/part-052641_974911-013965.parquet,real_data_sample\l2_unseen_validation\trade_date=2026-07-17\exchange=NSE\symbol=HINDUNILVR\part-052641_974911-013965.parquet,36137,downloaded,36137,
2026-07-17,NSE,HINDUNILVR,raw_l2/trade_date=2026-07-17/exchange=NSE/symbol=HINDUNILVR/part-052656_160788-013997.parquet,real_data_sample\l2_unseen_validation\trade_date=2026-07-17\exchange=NSE\symbol=HINDUNILVR\part-052656_160788-013997.parquet,36110,downloaded,36110,
2026-07-17,NSE,HINDUNILVR,raw_l2/trade_date=2026-07-17/exchange=NSE/symbol=HINDUNILVR/part-052627_867536-013933.parquet,real_data_sample\l2_unseen_validation\trade_date=2026-07-17\exchange=NSE\symbol=HINDUNILVR\part-052627_867536-013933.parquet,36247,downloaded,36247,
2026-07-17,NSE,HINDUNILVR,raw_l2/trade_date=2026-07-17/exchange=NSE/symbol=HINDUNILVR/part-052613_676817-013901.parquet,real_data_sample\l2_unseen_validation\trade_date=2026-07-17\exchange=NSE\symbol=HINDUNILVR\part-052613_676817-013901.parquet,35996,downloaded,35996,
2026-07-17,NSE,HINDUNILVR,raw_l2/trade_date=2026-07-17/exchange=NSE/symbol=HINDUNILVR/part-052531_209535-013805.parquet,real_data_sample\l2_unseen_validation\trade_date=2026-07-17\exchange=NSE\symbol=HINDUNILVR\part-052531_209535-013805.parquet,36172,downloaded,36172,
2026-07-17,NSE,HINDUNILVR,raw_l2/trade_date=2026-07-17/exchange=NSE/symbol=HINDUNILVR/part-052545_440832-013837.parquet,real_data_sample\l2_unseen_validation\trade_date=2026-07-17\exchange=NSE\symbol=HINDUNILVR\part-052545_440832-013837.parquet,36639,downloaded,36639,
2026-07-17,NSE,HINDUNILVR,raw_l2/trade_date=2026-07-17/exchange=NSE/symbol=HINDUNILVR/part-052559_471612-013869.parquet,real_data_sample\l2_unseen_validation\trade_date=2026-07-17\exchange=NSE\symbol=HINDUNILVR\part-052559_471612-013869.parquet,36539,downloaded,36539,
2026-07-17,NSE,HINDUNILVR,raw_l2/trade_date=2026-07-17/exchange=NSE/symbol=HINDUNILVR/part-052147_853765-013293.parquet,real_data_sample\l2_unseen_validation\trade_date=2026-07-17\exchange=NSE\symbol=HINDUNILVR\part-052147_853765-013293.parquet,34707,downloaded,34707,
2026-07-17,NSE,HINDUNILVR,raw_l2/trade_date=2026-07-17/exchange=NSE/symbol=HINDUNILVR/part-052752_115054-014125.parquet,real_data_sample\l2_unseen_validation\trade_date=2026-07-17\exchange=NSE\symbol=HINDUNILVR\part-052752_115054-014125.parquet,35226,downloaded,35226,
2026-07-17,NSE,HINDUNILVR,raw_l2/trade_date=2026-07-17/exchange=NSE/symbol=HINDUNILVR/part-052805_917586-014157.parquet,real_data_sample\l2_unseen_validation\trade_date=2026-07-17\exchange=NSE\symbol=HINDUNILVR\part-052805_917586-014157.parquet,35396,downloaded,35396,
2026-07-17,NSE,HINDUNILVR,raw_l2/trade_date=2026-07-17/exchange=NSE/symbol=HINDUNILVR/part-052819_936158-014189.parquet,real_data_sample\l2_unseen_validation\trade_date=2026-07-17\exchange=NSE\symbol=HINDUNILVR\part-052819_936158-014189.parquet,34636,downloaded,34636,
2026-07-17,NSE,HINDUNILVR,raw_l2/trade_date=2026-07-17/exchange=NSE/symbol=HINDUNILVR/part-052848_235438-014253.parquet,real_data_sample\l2_unseen_validation\trade_date=2026-07-17\exchange=NSE\symbol=HINDUNILVR\part-052848_235438-014253.parquet,34545,downloaded,34545,
2026-07-17,NSE,HINDUNILVR,raw_l2/trade_date=2026-07-17/exchange=NSE/symbol=HINDUNILVR/part-052325_856663-013517.parquet,real_data_sample\l2_unseen_validation\trade_date=2026-07-17\exchange=NSE\symbol=HINDUNILVR\part-052325_856663-013517.parquet,34835,downloaded,34835,
2026-07-17,NSE,HINDUNILVR,raw_l2/trade_date=2026-07-17/exchange=NSE/symbol=HINDUNILVR/part-052339_848740-013549.parquet,real_data_sample\l2_unseen_validation\trade_date=2026-07-17\exchange=NSE\symbol=HINDUNILVR\part-052339_848740-013549.parquet,34775,downloaded,34775,
2026-07-17,NSE,HINDUNILVR,raw_l2/trade_date=2026-07-17/exchange=NSE/symbol=HINDUNILVR/part-053056_255313-014541.parquet,real_data_sample\l2_unseen_validation\trade_date=2026-07-17\exchange=NSE\symbol=HINDUNILVR\part-053056_255313-014541.parquet,34654,downloaded,34654,
2026-07-17,NSE,HINDUNILVR,raw_l2/trade_date=2026-07-17/exchange=NSE/symbol=HINDUNILVR/part-052916_756695-014317.parquet,real_data_sample\l2_unseen_validation\trade_date=2026-07-17\exchange=NSE\symbol=HINDUNILVR\part-052916_756695-014317.parquet,34628,downloaded,34628,
2026-07-17,NSE,HINDUNILVR,raw_l2/trade_date=2026-07-17/exchange=NSE/symbol=HINDUNILVR/part-053028_391598-014477.parquet,real_data_sample\l2_unseen_validation\trade_date=2026-07-17\exchange=NSE\symbol=HINDUNILVR\part-053028_391598-014477.parquet,34689,downloaded,34689,
2026-07-17,NSE,HINDUNILVR,raw_l2/trade_date=2026-07-17/exchange=NSE/symbol=HINDUNILVR/part-053042_161986-014509.parquet,real_data_sample\l2_unseen_validation\trade_date=2026-07-17\exchange=NSE\symbol=HINDUNILVR\part-053042_161986-014509.parquet,34633,downloaded,34633,
2026-07-17,NSE,HINDUNILVR,raw_l2/trade_date=2026-07-17/exchange=NSE/symbol=HINDUNILVR/part-053125_113206-014605.parquet,real_data_sample\l2_unseen_validation\trade_date=2026-07-17\exchange=NSE\symbol=HINDUNILVR\part-053125_113206-014605.parquet,34976,downloaded,34976,
2026-07-17,NSE,HINDUNILVR,raw_l2/trade_date=2026-07-17/exchange=NSE/symbol=HINDUNILVR/part-053139_153979-014637.parquet,real_data_sample\l2_unseen_validation\trade_date=2026-07-17\exchange=NSE\symbol=HINDUNILVR\part-053139_153979-014637.parquet,34610,downloaded,34610,
2026-07-17,NSE,HINDUNILVR,raw_l2/trade_date=2026-07-17/exchange=NSE/symbol=HINDUNILVR/part-053110_799037-014573.parquet,real_data_sample\l2_unseen_validation\trade_date=2026-07-17\exchange=NSE\symbol=HINDUNILVR\part-053110_799037-014573.parquet,34439,downloaded,34439,
2026-07-17,NSE,HINDUNILVR,raw_l2/trade_date=2026-07-17/exchange=NSE/symbol=HINDUNILVR/part-053152_848392-014669.parquet,real_data_sample\l2_unseen_validation\trade_date=2026-07-17\exchange=NSE\symbol=HINDUNILVR\part-053152_848392-014669.parquet,34637,downloaded,34637,
2026-07-17,NSE,HINDUNILVR,raw_l2/trade_date=2026-07-17/exchange=NSE/symbol=HINDUNILVR/part-053206_994077-014701.parquet,real_data_sample\l2_unseen_validation\trade_date=2026-07-17\exchange=NSE\symbol=HINDUNILVR\part-053206_994077-014701.parquet,34795,downloaded,34795,
2026-07-17,NSE,HINDUNILVR,raw_l2/trade_date=2026-07-17/exchange=NSE/symbol=HINDUNILVR/part-052902_727693-014285.parquet,real_data_sample\l2_unseen_validation\trade_date=2026-07-17\exchange=NSE\symbol=HINDUNILVR\part-052902_727693-014285.parquet,34632,downloaded,34632,
2026-07-17,NSE,HINDUNILVR,raw_l2/trade_date=2026-07-17/exchange=NSE/symbol=HINDUNILVR/part-052958_723724-014413.parquet,real_data_sample\l2_unseen_validation\trade_date=2026-07-17\exchange=NSE\symbol=HINDUNILVR\part-052958_723724-014413.parquet,34687,downloaded,34687,
2026-07-17,NSE,HINDUNILVR,raw_l2/trade_date=2026-07-17/exchange=NSE/symbol=HINDUNILVR/part-052930_657159-014349.parquet,real_data_sample\l2_unseen_validation\trade_date=2026-07-17\exchange=NSE\symbol=HINDUNILVR\part-052930_657159-014349.parquet,34607,downloaded,34607,
2026-07-17,NSE,HINDUNILVR,raw_l2/trade_date=2026-07-17/exchange=NSE/symbol=HINDUNILVR/part-053013_793403-014445.parquet,real_data_sample\l2_unseen_validation\trade_date=2026-07-17\exchange=NSE\symbol=HINDUNILVR\part-053013_793403-014445.parquet,34640,downloaded,34640,
2026-07-17,NSE,HINDUNILVR,raw_l2/trade_date=2026-07-17/exchange=NSE/symbol=HINDUNILVR/part-053221_185475-014733.parquet,real_data_sample\l2_unseen_validation\trade_date=2026-07-17\exchange=NSE\symbol=HINDUNILVR\part-053221_185475-014733.parquet,34861,downloaded,34861,
2026-07-17,NSE,HINDUNILVR,raw_l2/trade_date=2026-07-17/exchange=NSE/symbol=HINDUNILVR/part-053235_174333-014765.parquet,real_data_sample\l2_unseen_validation\trade_date=2026-07-17\exchange=NSE\symbol=HINDUNILVR\part-053235_174333-014765.parquet,34894,downloaded,34894,
2026-07-17,NSE,HINDUNILVR,raw_l2/trade_date=2026-07-17/exchange=NSE/symbol=HINDUNILVR/part-053345_387788-014925.parquet,real_data_sample\l2_unseen_validation\trade_date=2026-07-17\exchange=NSE\symbol=HINDUNILVR\part-053345_387788-014925.parquet,35137,downloaded,35137,
2026-07-17,NSE,HINDUNILVR,raw_l2/trade_date=2026-07-17/exchange=NSE/symbol=HINDUNILVR/part-052944_643092-014381.parquet,real_data_sample\l2_unseen_validation\trade_date=2026-07-17\exchange=NSE\symbol=HINDUNILVR\part-052944_643092-014381.parquet,34663,downloaded,34663,
2026-07-17,NSE,HINDUNILVR,raw_l2/trade_date=2026-07-17/exchange=NSE/symbol=HINDUNILVR/part-052834_156735-014221.parquet,real_data_sample\l2_unseen_validation\trade_date=2026-07-17\exchange=NSE\symbol=HINDUNILVR\part-052834_156735-014221.parquet,34737,downloaded,34737,
2026-07-17,NSE,HINDUNILVR,raw_l2/trade_date=2026-07-17/exchange=NSE/symbol=HINDUNILVR/part-053837_901966-015597.parquet,real_data_sample\l2_unseen_validation\trade_date=2026-07-17\exchange=NSE\symbol=HINDUNILVR\part-053837_901966-015597.parquet,35712,downloaded,35712,
2026-07-17,NSE,HINDUNILVR,raw_l2/trade_date=2026-07-17/exchange=NSE/symbol=HINDUNILVR/part-053632_392996-015309.parquet,real_data_sample\l2_unseen_validation\trade_date=2026-07-17\exchange=NSE\symbol=HINDUNILVR\part-053632_392996-015309.parquet,34655,downloaded,34655,
2026-07-17,NSE,HINDUNILVR,raw_l2/trade_date=2026-07-17/exchange=NSE/symbol=HINDUNILVR/part-053700_129343-015373.parquet,real_data_sample\l2_unseen_validation\trade_date=2026-07-17\exchange=NSE\symbol=HINDUNILVR\part-053700_129343-015373.parquet,34595,downloaded,34595,
2026-07-17,NSE,HINDUNILVR,raw_l2/trade_date=2026-07-17/exchange=NSE/symbol=HINDUNILVR/part-053427_348184-015021.parquet,real_data_sample\l2_unseen_validation\trade_date=2026-07-17\exchange=NSE\symbol=HINDUNILVR\part-053427_348184-015021.parquet,34785,downloaded,34785,
2026-07-17,NSE,HINDUNILVR,raw_l2/trade_date=2026-07-17/exchange=NSE/symbol=HINDUNILVR/part-053508_712602-015117.parquet,real_data_sample\l2_unseen_validation\trade_date=2026-07-17\exchange=NSE\symbol=HINDUNILVR\part-053508_712602-015117.parquet,34757,downloaded,34757,
2026-07-17,NSE,HINDUNILVR,raw_l2/trade_date=2026-07-17/exchange=NSE/symbol=HINDUNILVR/part-053303_242388-014829.parquet,real_data_sample\l2_unseen_validation\trade_date=2026-07-17\exchange=NSE\symbol=HINDUNILVR\part-053303_242388-014829.parquet,34652,downloaded,34652,
2026-07-17,NSE,HINDUNILVR,raw_l2/trade_date=2026-07-17/exchange=NSE/symbol=HINDUNILVR/part-053646_312274-015341.parquet,real_data_sample\l2_unseen_validation\trade_date=2026-07-17\exchange=NSE\symbol=HINDUNILVR\part-053646_312274-015341.parquet,34661,downloaded,34661,
2026-07-17,NSE,HINDUNILVR,raw_l2/trade_date=2026-07-17/exchange=NSE/symbol=HINDUNILVR/part-053823_772318-015565.parquet,real_data_sample\l2_unseen_validation\trade_date=2026-07-17\exchange=NSE\symbol=HINDUNILVR\part-053823_772318-015565.parquet,35534,downloaded,35534,
2026-07-17,NSE,HINDUNILVR,raw_l2/trade_date=2026-07-17/exchange=NSE/symbol=HINDUNILVR/part-053359_314721-014957.parquet,real_data_sample\l2_unseen_validation\trade_date=2026-07-17\exchange=NSE\symbol=HINDUNILVR\part-053359_314721-014957.parquet,35489,downloaded,35489,
2026-07-17,NSE,HINDUNILVR,raw_l2/trade_date=2026-07-17/exchange=NSE/symbol=HINDUNILVR/part-053809_620311-015533.parquet,real_data_sample\l2_unseen_validation\trade_date=2026-07-17\exchange=NSE\symbol=HINDUNILVR\part-053809_620311-015533.parquet,34795,downloaded,34795,
2026-07-17,NSE,HINDUNILVR,raw_l2/trade_date=2026-07-17/exchange=NSE/symbol=HINDUNILVR/part-053536_595373-015181.parquet,real_data_sample\l2_unseen_validation\trade_date=2026-07-17\exchange=NSE\symbol=HINDUNILVR\part-053536_595373-015181.parquet,34871,downloaded,34871,
2026-07-17,NSE,HINDUNILVR,raw_l2/trade_date=2026-07-17/exchange=NSE/symbol=HINDUNILVR/part-053249_088385-014797.parquet,real_data_sample\l2_unseen_validation\trade_date=2026-07-17\exchange=NSE\symbol=HINDUNILVR\part-053249_088385-014797.parquet,34715,downloaded,34715,
2026-07-17,NSE,HINDUNILVR,raw_l2/trade_date=2026-07-17/exchange=NSE/symbol=HINDUNILVR/part-053755_863603-015501.parquet,real_data_sample\l2_unseen_validation\trade_date=2026-07-17\exchange=NSE\symbol=HINDUNILVR\part-053755_863603-015501.parquet,34767,downloaded,34767,
2026-07-17,NSE,HINDUNILVR,raw_l2/trade_date=2026-07-17/exchange=NSE/symbol=HINDUNILVR/part-053331_405877-014893.parquet,real_data_sample\l2_unseen_validation\trade_date=2026-07-17\exchange=NSE\symbol=HINDUNILVR\part-053331_405877-014893.parquet,34723,downloaded,34723,
2026-07-17,NSE,HINDUNILVR,raw_l2/trade_date=2026-07-17/exchange=NSE/symbol=HINDUNILVR/part-053919_703606-015693.parquet,real_data_sample\l2_unseen_validation\trade_date=2026-07-17\exchange=NSE\symbol=HINDUNILVR\part-053919_703606-015693.parquet,35491,downloaded,35491,
2026-07-17,NSE,HINDUNILVR,raw_l2/trade_date=2026-07-17/exchange=NSE/symbol=HINDUNILVR/part-053741_914703-015469.parquet,real_data_sample\l2_unseen_validation\trade_date=2026-07-17\exchange=NSE\symbol=HINDUNILVR\part-053741_914703-015469.parquet,34978,downloaded,34978,
2026-07-17,NSE,HINDUNILVR,raw_l2/trade_date=2026-07-17/exchange=NSE/symbol=HINDUNILVR/part-053413_450092-014989.parquet,real_data_sample\l2_unseen_validation\trade_date=2026-07-17\exchange=NSE\symbol=HINDUNILVR\part-053413_450092-014989.parquet,35701,downloaded,35701,
2026-07-17,NSE,HINDUNILVR,raw_l2/trade_date=2026-07-17/exchange=NSE/symbol=HINDUNILVR/part-053317_255978-014861.parquet,real_data_sample\l2_unseen_validation\trade_date=2026-07-17\exchange=NSE\symbol=HINDUNILVR\part-053317_255978-014861.parquet,34957,downloaded,34957,
2026-07-17,NSE,HINDUNILVR,raw_l2/trade_date=2026-07-17/exchange=NSE/symbol=HINDUNILVR/part-053851_849345-015629.parquet,real_data_sample\l2_unseen_validation\trade_date=2026-07-17\exchange=NSE\symbol=HINDUNILVR\part-053851_849345-015629.parquet,35382,downloaded,35382,
2026-07-17,NSE,HINDUNILVR,raw_l2/trade_date=2026-07-17/exchange=NSE/symbol=HINDUNILVR/part-053714_145270-015405.parquet,real_data_sample\l2_unseen_validation\trade_date=2026-07-17\exchange=NSE\symbol=HINDUNILVR\part-053714_145270-015405.parquet,34766,downloaded,34766,
2026-07-17,NSE,HINDUNILVR,raw_l2/trade_date=2026-07-17/exchange=NSE/symbol=HINDUNILVR/part-053905_608400-015661.parquet,real_data_sample\l2_unseen_validation\trade_date=2026-07-17\exchange=NSE\symbol=HINDUNILVR\part-053905_608400-015661.parquet,35671,downloaded,35671,
2026-07-17,NSE,HINDUNILVR,raw_l2/trade_date=2026-07-17/exchange=NSE/symbol=HINDUNILVR/part-053618_143988-015277.parquet,real_data_sample\l2_unseen_validation\trade_date=2026-07-17\exchange=NSE\symbol=HINDUNILVR\part-053618_143988-015277.parquet,34593,downloaded,34593,
2026-07-17,NSE,HINDUNILVR,raw_l2/trade_date=2026-07-17/exchange=NSE/symbol=HINDUNILVR/part-053728_098600-015437.parquet,real_data_sample\l2_unseen_validation\trade_date=2026-07-17\exchange=NSE\symbol=HINDUNILVR\part-053728_098600-015437.parquet,34930,downloaded,34930,
2026-07-17,NSE,HINDUNILVR,raw_l2/trade_date=2026-07-17/exchange=NSE/symbol=HINDUNILVR/part-053933_618355-015725.parquet,real_data_sample\l2_unseen_validation\trade_date=2026-07-17\exchange=NSE\symbol=HINDUNILVR\part-053933_618355-015725.parquet,34649,downloaded,34649,
2026-07-17,NSE,HINDUNILVR,raw_l2/trade_date=2026-07-17/exchange=NSE/symbol=HINDUNILVR/part-053454_805772-015085.parquet,real_data_sample\l2_unseen_validation\trade_date=2026-07-17\exchange=NSE\symbol=HINDUNILVR\part-053454_805772-015085.parquet,34578,downloaded,34578,
2026-07-17,NSE,HINDUNILVR,raw_l2/trade_date=2026-07-17/exchange=NSE/symbol=HINDUNILVR/part-053522_621393-015149.parquet,real_data_sample\l2_unseen_validation\trade_date=2026-07-17\exchange=NSE\symbol=HINDUNILVR\part-053522_621393-015149.parquet,34787,downloaded,34787,
2026-07-17,NSE,HINDUNILVR,raw_l2/trade_date=2026-07-17/exchange=NSE/symbol=HINDUNILVR/part-053441_079355-015053.parquet,real_data_sample\l2_unseen_validation\trade_date=2026-07-17\exchange=NSE\symbol=HINDUNILVR\part-053441_079355-015053.parquet,34794,downloaded,34794,
2026-07-17,NSE,HINDUNILVR,raw_l2/trade_date=2026-07-17/exchange=NSE/symbol=HINDUNILVR/part-053947_354580-015757.parquet,real_data_sample\l2_unseen_validation\trade_date=2026-07-17\exchange=NSE\symbol=HINDUNILVR\part-053947_354580-015757.parquet,34668,downloaded,34668,
2026-07-17,NSE,HINDUNILVR,raw_l2/trade_date=2026-07-17/exchange=NSE/symbol=HINDUNILVR/part-053550_367639-015213.parquet,real_data_sample\l2_unseen_validation\trade_date=2026-07-17\exchange=NSE\symbol=HINDUNILVR\part-053550_367639-015213.parquet,34605,downloaded,34605,
2026-07-17,NSE,HINDUNILVR,raw_l2/trade_date=2026-07-17/exchange=NSE/symbol=HINDUNILVR/part-054029_344273-015853.parquet,real_data_sample\l2_unseen_validation\trade_date=2026-07-17\exchange=NSE\symbol=HINDUNILVR\part-054029_344273-015853.parquet,34684,downloaded,34684,
2026-07-17,NSE,HINDUNILVR,raw_l2/trade_date=2026-07-17/exchange=NSE/symbol=HINDUNILVR/part-054043_195563-015885.parquet,real_data_sample\l2_unseen_validation\trade_date=2026-07-17\exchange=NSE\symbol=HINDUNILVR\part-054043_195563-015885.parquet,34561,downloaded,34561,
2026-07-17,NSE,HINDUNILVR,raw_l2/trade_date=2026-07-17/exchange=NSE/symbol=HINDUNILVR/part-053604_094723-015245.parquet,real_data_sample\l2_unseen_validation\trade_date=2026-07-17\exchange=NSE\symbol=HINDUNILVR\part-053604_094723-015245.parquet,34709,downloaded,34709,
2026-07-17,NSE,HINDUNILVR,raw_l2/trade_date=2026-07-17/exchange=NSE/symbol=HINDUNILVR/part-054357_634000-016333.parquet,real_data_sample\l2_unseen_validation\trade_date=2026-07-17\exchange=NSE\symbol=HINDUNILVR\part-054357_634000-016333.parquet,34748,downloaded,34748,
2026-07-17,NSE,HINDUNILVR,raw_l2/trade_date=2026-07-17/exchange=NSE/symbol=HINDUNILVR/part-054316_139659-016237.parquet,real_data_sample\l2_unseen_validation\trade_date=2026-07-17\exchange=NSE\symbol=HINDUNILVR\part-054316_139659-016237.parquet,34754,downloaded,34754,
2026-07-17,NSE,HINDUNILVR,raw_l2/trade_date=2026-07-17/exchange=NSE/symbol=HINDUNILVR/part-054234_072731-016141.parquet,real_data_sample\l2_unseen_validation\trade_date=2026-07-17\exchange=NSE\symbol=HINDUNILVR\part-054234_072731-016141.parquet,34597,downloaded,34597,
2026-07-17,NSE,HINDUNILVR,raw_l2/trade_date=2026-07-17/exchange=NSE/symbol=HINDUNILVR/part-054138_619517-016013.parquet,real_data_sample\l2_unseen_validation\trade_date=2026-07-17\exchange=NSE\symbol=HINDUNILVR\part-054138_619517-016013.parquet,34590,downloaded,34590,
2026-07-17,NSE,HINDUNILVR,raw_l2/trade_date=2026-07-17/exchange=NSE/symbol=HINDUNILVR/part-054302_125908-016205.parquet,real_data_sample\l2_unseen_validation\trade_date=2026-07-17\exchange=NSE\symbol=HINDUNILVR\part-054302_125908-016205.parquet,34633,downloaded,34633,
2026-07-17,NSE,HINDUNILVR,raw_l2/trade_date=2026-07-17/exchange=NSE/symbol=HINDUNILVR/part-054057_133855-015917.parquet,real_data_sample\l2_unseen_validation\trade_date=2026-07-17\exchange=NSE\symbol=HINDUNILVR\part-054057_133855-015917.parquet,34640,downloaded,34640,
2026-07-17,NSE,HINDUNILVR,raw_l2/trade_date=2026-07-17/exchange=NSE/symbol=HINDUNILVR/part-054343_883379-016301.parquet,real_data_sample\l2_unseen_validation\trade_date=2026-07-17\exchange=NSE\symbol=HINDUNILVR\part-054343_883379-016301.parquet,34698,downloaded,34698,
2026-07-17,NSE,HINDUNILVR,raw_l2/trade_date=2026-07-17/exchange=NSE/symbol=HINDUNILVR/part-054411_661411-016365.parquet,real_data_sample\l2_unseen_validation\trade_date=2026-07-17\exchange=NSE\symbol=HINDUNILVR\part-054411_661411-016365.parquet,34878,downloaded,34878,
2026-07-17,NSE,HINDUNILVR,raw_l2/trade_date=2026-07-17/exchange=NSE/symbol=HINDUNILVR/part-054111_093470-015949.parquet,real_data_sample\l2_unseen_validation\trade_date=2026-07-17\exchange=NSE\symbol=HINDUNILVR\part-054111_093470-015949.parquet,34756,downloaded,34756,
2026-07-17,NSE,HINDUNILVR,raw_l2/trade_date=2026-07-17/exchange=NSE/symbol=HINDUNILVR/part-054329_940065-016269.parquet,real_data_sample\l2_unseen_validation\trade_date=2026-07-17\exchange=NSE\symbol=HINDUNILVR\part-054329_940065-016269.parquet,34686,downloaded,34686,
2026-07-17,NSE,HINDUNILVR,raw_l2/trade_date=2026-07-17/exchange=NSE/symbol=HINDUNILVR/part-054507_101653-016493.parquet,real_data_sample\l2_unseen_validation\trade_date=2026-07-17\exchange=NSE\symbol=HINDUNILVR\part-054507_101653-016493.parquet,36521,downloaded,36521,
2026-07-17,NSE,HINDUNILVR,raw_l2/trade_date=2026-07-17/exchange=NSE/symbol=HINDUNILVR/part-054124_809783-015981.parquet,real_data_sample\l2_unseen_validation\trade_date=2026-07-17\exchange=NSE\symbol=HINDUNILVR\part-054124_809783-015981.parquet,34672,downloaded,34672,
2026-07-17,NSE,HINDUNILVR,raw_l2/trade_date=2026-07-17/exchange=NSE/symbol=HINDUNILVR/part-054439_387936-016429.parquet,real_data_sample\l2_unseen_validation\trade_date=2026-07-17\exchange=NSE\symbol=HINDUNILVR\part-054439_387936-016429.parquet,36417,downloaded,36417,
2026-07-17,NSE,HINDUNILVR,raw_l2/trade_date=2026-07-17/exchange=NSE/symbol=HINDUNILVR/part-054521_129162-016525.parquet,real_data_sample\l2_unseen_validation\trade_date=2026-07-17\exchange=NSE\symbol=HINDUNILVR\part-054521_129162-016525.parquet,36228,downloaded,36228,
2026-07-17,NSE,HINDUNILVR,raw_l2/trade_date=2026-07-17/exchange=NSE/symbol=HINDUNILVR/part-054220_350819-016109.parquet,real_data_sample\l2_unseen_validation\trade_date=2026-07-17\exchange=NSE\symbol=HINDUNILVR\part-054220_350819-016109.parquet,34507,downloaded,34507,
2026-07-17,NSE,HINDUNILVR,raw_l2/trade_date=2026-07-17/exchange=NSE/symbol=HINDUNILVR/part-054152_390067-016045.parquet,real_data_sample\l2_unseen_validation\trade_date=2026-07-17\exchange=NSE\symbol=HINDUNILVR\part-054152_390067-016045.parquet,34461,downloaded,34461,
2026-07-17,NSE,HINDUNILVR,raw_l2/trade_date=2026-07-17/exchange=NSE/symbol=HINDUNILVR/part-054602_684054-016621.parquet,real_data_sample\l2_unseen_validation\trade_date=2026-07-17\exchange=NSE\symbol=HINDUNILVR\part-054602_684054-016621.parquet,35900,downloaded,35900,
2026-07-17,NSE,HINDUNILVR,raw_l2/trade_date=2026-07-17/exchange=NSE/symbol=HINDUNILVR/part-054616_617039-016653.parquet,real_data_sample\l2_unseen_validation\trade_date=2026-07-17\exchange=NSE\symbol=HINDUNILVR\part-054616_617039-016653.parquet,35931,downloaded,35931,
2026-07-17,NSE,HINDUNILVR,raw_l2/trade_date=2026-07-17/exchange=NSE/symbol=HINDUNILVR/part-054425_602763-016397.parquet,real_data_sample\l2_unseen_validation\trade_date=2026-07-17\exchange=NSE\symbol=HINDUNILVR\part-054425_602763-016397.parquet,35917,downloaded,35917,
2026-07-17,NSE,HINDUNILVR,raw_l2/trade_date=2026-07-17/exchange=NSE/symbol=HINDUNILVR/part-054248_107018-016173.parquet,real_data_sample\l2_unseen_validation\trade_date=2026-07-17\exchange=NSE\symbol=HINDUNILVR\part-054248_107018-016173.parquet,34684,downloaded,34684,
2026-07-17,NSE,HINDUNILVR,raw_l2/trade_date=2026-07-17/exchange=NSE/symbol=HINDUNILVR/part-054206_360399-016077.parquet,real_data_sample\l2_unseen_validation\trade_date=2026-07-17\exchange=NSE\symbol=HINDUNILVR\part-054206_360399-016077.parquet,34629,downloaded,34629,
2026-07-17,NSE,HINDUNILVR,raw_l2/trade_date=2026-07-17/exchange=NSE/symbol=HINDUNILVR/part-054711_989248-016781.parquet,real_data_sample\l2_unseen_validation\trade_date=2026-07-17\exchange=NSE\symbol=HINDUNILVR\part-054711_989248-016781.parquet,35136,downloaded,35136,
2026-07-17,NSE,HINDUNILVR,raw_l2/trade_date=2026-07-17/exchange=NSE/symbol=HINDUNILVR/part-055114_539586-017325.parquet,real_data_sample\l2_unseen_validation\trade_date=2026-07-17\exchange=NSE\symbol=HINDUNILVR\part-055114_539586-017325.parquet,34630,downloaded,34630,
2026-07-17,NSE,HINDUNILVR,raw_l2/trade_date=2026-07-17/exchange=NSE/symbol=HINDUNILVR/part-054015_301355-015821.parquet,real_data_sample\l2_unseen_validation\trade_date=2026-07-17\exchange=NSE\symbol=HINDUNILVR\part-054015_301355-015821.parquet,35044,downloaded,35044,
2026-07-17,NSE,HINDUNILVR,raw_l2/trade_date=2026-07-17/exchange=NSE/symbol=HINDUNILVR/part-055129_433071-017357.parquet,real_data_sample\l2_unseen_validation\trade_date=2026-07-17\exchange=NSE\symbol=HINDUNILVR\part-055129_433071-017357.parquet,34705,downloaded,34705,
2026-07-17,NSE,HINDUNILVR,raw_l2/trade_date=2026-07-17/exchange=NSE/symbol=HINDUNILVR/part-055016_836030-017197.parquet,real_data_sample\l2_unseen_validation\trade_date=2026-07-17\exchange=NSE\symbol=HINDUNILVR\part-055016_836030-017197.parquet,35022,downloaded,35022,
2026-07-17,NSE,HINDUNILVR,raw_l2/trade_date=2026-07-17/exchange=NSE/symbol=HINDUNILVR/part-055100_004694-017293.parquet,real_data_sample\l2_unseen_validation\trade_date=2026-07-17\exchange=NSE\symbol=HINDUNILVR\part-055100_004694-017293.parquet,34767,downloaded,34767,
2026-07-17,NSE,HINDUNILVR,raw_l2/trade_date=2026-07-17/exchange=NSE/symbol=HINDUNILVR/part-055045_514654-017261.parquet,real_data_sample\l2_unseen_validation\trade_date=2026-07-17\exchange=NSE\symbol=HINDUNILVR\part-055045_514654-017261.parquet,34741,downloaded,34741,
2026-07-17,NSE,HINDUNILVR,raw_l2/trade_date=2026-07-17/exchange=NSE/symbol=HINDUNILVR/part-054808_379699-016909.parquet,real_data_sample\l2_unseen_validation\trade_date=2026-07-17\exchange=NSE\symbol=HINDUNILVR\part-054808_379699-016909.parquet,35599,downloaded,35599,
2026-07-17,NSE,HINDUNILVR,raw_l2/trade_date=2026-07-17/exchange=NSE/symbol=HINDUNILVR/part-055144_148032-017389.parquet,real_data_sample\l2_unseen_validation\trade_date=2026-07-17\exchange=NSE\symbol=HINDUNILVR\part-055144_148032-017389.parquet,34595,downloaded,34595,
2026-07-17,NSE,HINDUNILVR,raw_l2/trade_date=2026-07-17/exchange=NSE/symbol=HINDUNILVR/part-054933_416180-017101.parquet,real_data_sample\l2_unseen_validation\trade_date=2026-07-17\exchange=NSE\symbol=HINDUNILVR\part-054933_416180-017101.parquet,35620,downloaded,35620,
2026-07-17,NSE,HINDUNILVR,raw_l2/trade_date=2026-07-17/exchange=NSE/symbol=HINDUNILVR/part-054836_801444-016973.parquet,real_data_sample\l2_unseen_validation\trade_date=2026-07-17\exchange=NSE\symbol=HINDUNILVR\part-054836_801444-016973.parquet,35817,downloaded,35817,
2026-07-17,NSE,HINDUNILVR,raw_l2/trade_date=2026-07-17/exchange=NSE/symbol=HINDUNILVR/part-054726_216278-016813.parquet,real_data_sample\l2_unseen_validation\trade_date=2026-07-17\exchange=NSE\symbol=HINDUNILVR\part-054726_216278-016813.parquet,35809,downloaded,35809,
2026-07-17,NSE,HINDUNILVR,raw_l2/trade_date=2026-07-17/exchange=NSE/symbol=HINDUNILVR/part-055030_783714-017229.parquet,real_data_sample\l2_unseen_validation\trade_date=2026-07-17\exchange=NSE\symbol=HINDUNILVR\part-055030_783714-017229.parquet,34542,downloaded,34542,
2026-07-17,NSE,HINDUNILVR,raw_l2/trade_date=2026-07-17/exchange=NSE/symbol=HINDUNILVR/part-054822_483481-016941.parquet,real_data_sample\l2_unseen_validation\trade_date=2026-07-17\exchange=NSE\symbol=HINDUNILVR\part-054822_483481-016941.parquet,35668,downloaded,35668,
2026-07-17,NSE,HINDUNILVR,raw_l2/trade_date=2026-07-17/exchange=NSE/symbol=HINDUNILVR/part-055002_385212-017165.parquet,real_data_sample\l2_unseen_validation\trade_date=2026-07-17\exchange=NSE\symbol=HINDUNILVR\part-055002_385212-017165.parquet,35335,downloaded,35335,
2026-07-17,NSE,HINDUNILVR,raw_l2/trade_date=2026-07-17/exchange=NSE/symbol=HINDUNILVR/part-054947_817594-017133.parquet,real_data_sample\l2_unseen_validation\trade_date=2026-07-17\exchange=NSE\symbol=HINDUNILVR\part-054947_817594-017133.parquet,35132,downloaded,35132,
2026-07-17,NSE,HINDUNILVR,raw_l2/trade_date=2026-07-17/exchange=NSE/symbol=HINDUNILVR/part-054754_434549-016877.parquet,real_data_sample\l2_unseen_validation\trade_date=2026-07-17\exchange=NSE\symbol=HINDUNILVR\part-054754_434549-016877.parquet,35872,downloaded,35872,
2026-07-17,NSE,HINDUNILVR,raw_l2/trade_date=2026-07-17/exchange=NSE/symbol=HINDUNILVR/part-054644_135573-016717.parquet,real_data_sample\l2_unseen_validation\trade_date=2026-07-17\exchange=NSE\symbol=HINDUNILVR\part-054644_135573-016717.parquet,35789,downloaded,35789,
2026-07-17,NSE,HINDUNILVR,raw_l2/trade_date=2026-07-17/exchange=NSE/symbol=HINDUNILVR/part-055242_937440-017517.parquet,real_data_sample\l2_unseen_validation\trade_date=2026-07-17\exchange=NSE\symbol=HINDUNILVR\part-055242_937440-017517.parquet,34580,downloaded,34580,
2026-07-17,NSE,HINDUNILVR,raw_l2/trade_date=2026-07-17/exchange=NSE/symbol=HINDUNILVR/part-055227_979089-017485.parquet,real_data_sample\l2_unseen_validation\trade_date=2026-07-17\exchange=NSE\symbol=HINDUNILVR\part-055227_979089-017485.parquet,34750,downloaded,34750,
2026-07-17,NSE,HINDUNILVR,raw_l2/trade_date=2026-07-17/exchange=NSE/symbol=HINDUNILVR/part-055213_443165-017453.parquet,real_data_sample\l2_unseen_validation\trade_date=2026-07-17\exchange=NSE\symbol=HINDUNILVR\part-055213_443165-017453.parquet,34977,downloaded,34977,
2026-07-17,NSE,HINDUNILVR,raw_l2/trade_date=2026-07-17/exchange=NSE/symbol=HINDUNILVR/part-055159_027969-017421.parquet,real_data_sample\l2_unseen_validation\trade_date=2026-07-17\exchange=NSE\symbol=HINDUNILVR\part-055159_027969-017421.parquet,34614,downloaded,34614,
2026-07-17,NSE,HINDUNILVR,raw_l2/trade_date=2026-07-17/exchange=NSE/symbol=HINDUNILVR/part-054534_920436-016557.parquet,real_data_sample\l2_unseen_validation\trade_date=2026-07-17\exchange=NSE\symbol=HINDUNILVR\part-054534_920436-016557.parquet,36233,downloaded,36233,
2026-07-17,NSE,HINDUNILVR,raw_l2/trade_date=2026-07-17/exchange=NSE/symbol=HINDUNILVR/part-054851_007111-017005.parquet,real_data_sample\l2_unseen_validation\trade_date=2026-07-17\exchange=NSE\symbol=HINDUNILVR\part-054851_007111-017005.parquet,35688,downloaded,35688,
2026-07-17,NSE,HINDUNILVR,raw_l2/trade_date=2026-07-17/exchange=NSE/symbol=HINDUNILVR/part-054453_403729-016461.parquet,real_data_sample\l2_unseen_validation\trade_date=2026-07-17\exchange=NSE\symbol=HINDUNILVR\part-054453_403729-016461.parquet,36302,downloaded,36302,
2026-07-17,NSE,HINDUNILVR,raw_l2/trade_date=2026-07-17/exchange=NSE/symbol=HINDUNILVR/part-054905_027675-017037.parquet,real_data_sample\l2_unseen_validation\trade_date=2026-07-17\exchange=NSE\symbol=HINDUNILVR\part-054905_027675-017037.parquet,35737,downloaded,35737,
2026-07-17,NSE,HINDUNILVR,raw_l2/trade_date=2026-07-17/exchange=NSE/symbol=HINDUNILVR/part-054919_268862-017069.parquet,real_data_sample\l2_unseen_validation\trade_date=2026-07-17\exchange=NSE\symbol=HINDUNILVR\part-054919_268862-017069.parquet,35750,downloaded,35750,
2026-07-17,NSE,HINDUNILVR,raw_l2/trade_date=2026-07-17/exchange=NSE/symbol=HINDUNILVR/part-054548_847870-016589.parquet,real_data_sample\l2_unseen_validation\trade_date=2026-07-17\exchange=NSE\symbol=HINDUNILVR\part-054548_847870-016589.parquet,35841,downloaded,35841,
2026-07-17,NSE,HINDUNILVR,raw_l2/trade_date=2026-07-17/exchange=NSE/symbol=HINDUNILVR/part-054001_452795-015789.parquet,real_data_sample\l2_unseen_validation\trade_date=2026-07-17\exchange=NSE\symbol=HINDUNILVR\part-054001_452795-015789.parquet,34841,downloaded,34841,
2026-07-17,NSE,HINDUNILVR,raw_l2/trade_date=2026-07-17/exchange=NSE/symbol=HINDUNILVR/part-054630_356321-016685.parquet,real_data_sample\l2_unseen_validation\trade_date=2026-07-17\exchange=NSE\symbol=HINDUNILVR\part-054630_356321-016685.parquet,35979,downloaded,35979,
2026-07-17,NSE,HINDUNILVR,raw_l2/trade_date=2026-07-17/exchange=NSE/symbol=HINDUNILVR/part-054658_071345-016749.parquet,real_data_sample\l2_unseen_validation\trade_date=2026-07-17\exchange=NSE\symbol=HINDUNILVR\part-054658_071345-016749.parquet,35506,downloaded,35506,
2026-07-17,NSE,HINDUNILVR,raw_l2/trade_date=2026-07-17/exchange=NSE/symbol=HINDUNILVR/part-055311_923715-017581.parquet,real_data_sample\l2_unseen_validation\trade_date=2026-07-17\exchange=NSE\symbol=HINDUNILVR\part-055311_923715-017581.parquet,34781,downloaded,34781,
2026-07-17,NSE,HINDUNILVR,raw_l2/trade_date=2026-07-17/exchange=NSE/symbol=HINDUNILVR/part-055409_067573-017709.parquet,real_data_sample\l2_unseen_validation\trade_date=2026-07-17\exchange=NSE\symbol=HINDUNILVR\part-055409_067573-017709.parquet,34818,downloaded,34818,
2026-07-17,NSE,HINDUNILVR,raw_l2/trade_date=2026-07-17/exchange=NSE/symbol=HINDUNILVR/part-055354_865979-017677.parquet,real_data_sample\l2_unseen_validation\trade_date=2026-07-17\exchange=NSE\symbol=HINDUNILVR\part-055354_865979-017677.parquet,34606,downloaded,34606,
2026-07-17,NSE,HINDUNILVR,raw_l2/trade_date=2026-07-17/exchange=NSE/symbol=HINDUNILVR/part-055547_207597-017933.parquet,real_data_sample\l2_unseen_validation\trade_date=2026-07-17\exchange=NSE\symbol=HINDUNILVR\part-055547_207597-017933.parquet,35031,downloaded,35031,
2026-07-17,NSE,HINDUNILVR,raw_l2/trade_date=2026-07-17/exchange=NSE/symbol=HINDUNILVR/part-055340_462031-017645.parquet,real_data_sample\l2_unseen_validation\trade_date=2026-07-17\exchange=NSE\symbol=HINDUNILVR\part-055340_462031-017645.parquet,34677,downloaded,34677,
2026-07-17,NSE,HINDUNILVR,raw_l2/trade_date=2026-07-17/exchange=NSE/symbol=HINDUNILVR/part-054740_259716-016845.parquet,real_data_sample\l2_unseen_validation\trade_date=2026-07-17\exchange=NSE\symbol=HINDUNILVR\part-054740_259716-016845.parquet,35632,downloaded,35632,
2026-07-17,NSE,HINDUNILVR,raw_l2/trade_date=2026-07-17/exchange=NSE/symbol=HINDUNILVR/part-055257_581446-017549.parquet,real_data_sample\l2_unseen_validation\trade_date=2026-07-17\exchange=NSE\symbol=HINDUNILVR\part-055257_581446-017549.parquet,34743,downloaded,34743,
2026-07-17,NSE,HINDUNILVR,raw_l2/trade_date=2026-07-17/exchange=NSE/symbol=HINDUNILVR/part-055423_207556-017741.parquet,real_data_sample\l2_unseen_validation\trade_date=2026-07-17\exchange=NSE\symbol=HINDUNILVR\part-055423_207556-017741.parquet,34751,downloaded,34751,
2026-07-17,NSE,HINDUNILVR,raw_l2/trade_date=2026-07-17/exchange=NSE/symbol=HINDUNILVR/part-055601_360023-017965.parquet,real_data_sample\l2_unseen_validation\trade_date=2026-07-17\exchange=NSE\symbol=HINDUNILVR\part-055601_360023-017965.parquet,35539,downloaded,35539,
2026-07-17,NSE,HINDUNILVR,raw_l2/trade_date=2026-07-17/exchange=NSE/symbol=HINDUNILVR/part-055533_253539-017901.parquet,real_data_sample\l2_unseen_validation\trade_date=2026-07-17\exchange=NSE\symbol=HINDUNILVR\part-055533_253539-017901.parquet,35510,downloaded,35510,
2026-07-17,NSE,HINDUNILVR,raw_l2/trade_date=2026-07-17/exchange=NSE/symbol=HINDUNILVR/part-055615_502238-017997.parquet,real_data_sample\l2_unseen_validation\trade_date=2026-07-17\exchange=NSE\symbol=HINDUNILVR\part-055615_502238-017997.parquet,35578,downloaded,35578,
2026-07-17,NSE,HINDUNILVR,raw_l2/trade_date=2026-07-17/exchange=NSE/symbol=HINDUNILVR/part-055629_473779-018029.parquet,real_data_sample\l2_unseen_validation\trade_date=2026-07-17\exchange=NSE\symbol=HINDUNILVR\part-055629_473779-018029.parquet,35365,downloaded,35365,
2026-07-17,NSE,HINDUNILVR,raw_l2/trade_date=2026-07-17/exchange=NSE/symbol=HINDUNILVR/part-055657_720026-018093.parquet,real_data_sample\l2_unseen_validation\trade_date=2026-07-17\exchange=NSE\symbol=HINDUNILVR\part-055657_720026-018093.parquet,35443,downloaded,35443,
2026-07-17,NSE,HINDUNILVR,raw_l2/trade_date=2026-07-17/exchange=NSE/symbol=HINDUNILVR/part-055505_240789-017837.parquet,real_data_sample\l2_unseen_validation\trade_date=2026-07-17\exchange=NSE\symbol=HINDUNILVR\part-055505_240789-017837.parquet,34719,downloaded,34719,
2026-07-17,NSE,HINDUNILVR,raw_l2/trade_date=2026-07-17/exchange=NSE/symbol=HINDUNILVR/part-055451_231879-017805.parquet,real_data_sample\l2_unseen_validation\trade_date=2026-07-17\exchange=NSE\symbol=HINDUNILVR\part-055451_231879-017805.parquet,34670,downloaded,34670,
2026-07-17,NSE,HINDUNILVR,raw_l2/trade_date=2026-07-17/exchange=NSE/symbol=HINDUNILVR/part-055850_608745-018349.parquet,real_data_sample\l2_unseen_validation\trade_date=2026-07-17\exchange=NSE\symbol=HINDUNILVR\part-055850_608745-018349.parquet,34704,downloaded,34704,
2026-07-17,NSE,HINDUNILVR,raw_l2/trade_date=2026-07-17/exchange=NSE/symbol=HINDUNILVR/part-055643_659523-018061.parquet,real_data_sample\l2_unseen_validation\trade_date=2026-07-17\exchange=NSE\symbol=HINDUNILVR\part-055643_659523-018061.parquet,35375,downloaded,35375,
2026-07-17,NSE,HINDUNILVR,raw_l2/trade_date=2026-07-17/exchange=NSE/symbol=HINDUNILVR/part-055739_988484-018189.parquet,real_data_sample\l2_unseen_validation\trade_date=2026-07-17\exchange=NSE\symbol=HINDUNILVR\part-055739_988484-018189.parquet,34690,downloaded,34690,
2026-07-17,NSE,HINDUNILVR,raw_l2/trade_date=2026-07-17/exchange=NSE/symbol=HINDUNILVR/part-055904_710927-018381.parquet,real_data_sample\l2_unseen_validation\trade_date=2026-07-17\exchange=NSE\symbol=HINDUNILVR\part-055904_710927-018381.parquet,34807,downloaded,34807,
2026-07-17,NSE,HINDUNILVR,raw_l2/trade_date=2026-07-17/exchange=NSE/symbol=HINDUNILVR/part-055822_026471-018285.parquet,real_data_sample\l2_unseen_validation\trade_date=2026-07-17\exchange=NSE\symbol=HINDUNILVR\part-055822_026471-018285.parquet,34855,downloaded,34855,
2026-07-17,NSE,HINDUNILVR,raw_l2/trade_date=2026-07-17/exchange=NSE/symbol=HINDUNILVR/part-055807_947696-018253.parquet,real_data_sample\l2_unseen_validation\trade_date=2026-07-17\exchange=NSE\symbol=HINDUNILVR\part-055807_947696-018253.parquet,34640,downloaded,34640,
2026-07-17,NSE,HINDUNILVR,raw_l2/trade_date=2026-07-17/exchange=NSE/symbol=HINDUNILVR/part-055753_983626-018221.parquet,real_data_sample\l2_unseen_validation\trade_date=2026-07-17\exchange=NSE\symbol=HINDUNILVR\part-055753_983626-018221.parquet,34523,downloaded,34523,
2026-07-17,NSE,HINDUNILVR,raw_l2/trade_date=2026-07-17/exchange=NSE/symbol=HINDUNILVR/part-055711_766512-018125.parquet,real_data_sample\l2_unseen_validation\trade_date=2026-07-17\exchange=NSE\symbol=HINDUNILVR\part-055711_766512-018125.parquet,35375,downloaded,35375,
2026-07-17,NSE,HINDUNILVR,raw_l2/trade_date=2026-07-17/exchange=NSE/symbol=HINDUNILVR/part-055437_199154-017773.parquet,real_data_sample\l2_unseen_validation\trade_date=2026-07-17\exchange=NSE\symbol=HINDUNILVR\part-055437_199154-017773.parquet,34676,downloaded,34676,
2026-07-17,NSE,HINDUNILVR,raw_l2/trade_date=2026-07-17/exchange=NSE/symbol=HINDUNILVR/part-055918_722934-018413.parquet,real_data_sample\l2_unseen_validation\trade_date=2026-07-17\exchange=NSE\symbol=HINDUNILVR\part-055918_722934-018413.parquet,35361,downloaded,35361,
2026-07-17,NSE,HINDUNILVR,raw_l2/trade_date=2026-07-17/exchange=NSE/symbol=HINDUNILVR/part-055725_808720-018157.parquet,real_data_sample\l2_unseen_validation\trade_date=2026-07-17\exchange=NSE\symbol=HINDUNILVR\part-055725_808720-018157.parquet,34787,downloaded,34787,
2026-07-17,NSE,HINDUNILVR,raw_l2/trade_date=2026-07-17/exchange=NSE/symbol=HINDUNILVR/part-055519_213191-017869.parquet,real_data_sample\l2_unseen_validation\trade_date=2026-07-17\exchange=NSE\symbol=HINDUNILVR\part-055519_213191-017869.parquet,35411,downloaded,35411,
2026-07-17,NSE,HINDUNILVR,raw_l2/trade_date=2026-07-17/exchange=NSE/symbol=HINDUNILVR/part-060058_533315-018637.parquet,real_data_sample\l2_unseen_validation\trade_date=2026-07-17\exchange=NSE\symbol=HINDUNILVR\part-060058_533315-018637.parquet,34717,downloaded,34717,
2026-07-17,NSE,HINDUNILVR,raw_l2/trade_date=2026-07-17/exchange=NSE/symbol=HINDUNILVR/part-055836_264333-018317.parquet,real_data_sample\l2_unseen_validation\trade_date=2026-07-17\exchange=NSE\symbol=HINDUNILVR\part-055836_264333-018317.parquet,34770,downloaded,34770,
2026-07-17,NSE,HINDUNILVR,raw_l2/trade_date=2026-07-17/exchange=NSE/symbol=HINDUNILVR/part-060030_044603-018573.parquet,real_data_sample\l2_unseen_validation\trade_date=2026-07-17\exchange=NSE\symbol=HINDUNILVR\part-060030_044603-018573.parquet,34710,downloaded,34710,
2026-07-17,NSE,HINDUNILVR,raw_l2/trade_date=2026-07-17/exchange=NSE/symbol=HINDUNILVR/part-060044_311247-018605.parquet,real_data_sample\l2_unseen_validation\trade_date=2026-07-17\exchange=NSE\symbol=HINDUNILVR\part-060044_311247-018605.parquet,34691,downloaded,34691,
2026-07-17,NSE,HINDUNILVR,raw_l2/trade_date=2026-07-17/exchange=NSE/symbol=HINDUNILVR/part-060015_986085-018541.parquet,real_data_sample\l2_unseen_validation\trade_date=2026-07-17\exchange=NSE\symbol=HINDUNILVR\part-060015_986085-018541.parquet,35390,downloaded,35390,
2026-07-17,NSE,HINDUNILVR,raw_l2/trade_date=2026-07-17/exchange=NSE/symbol=HINDUNILVR/part-055325_953923-017613.parquet,real_data_sample\l2_unseen_validation\trade_date=2026-07-17\exchange=NSE\symbol=HINDUNILVR\part-055325_953923-017613.parquet,34649,downloaded,34649,
2026-07-17,NSE,HINDUNILVR,raw_l2/trade_date=2026-07-17/exchange=NSE/symbol=HINDUNILVR/part-060319_490864-018957.parquet,real_data_sample\l2_unseen_validation\trade_date=2026-07-17\exchange=NSE\symbol=HINDUNILVR\part-060319_490864-018957.parquet,34765,downloaded,34765,
2026-07-17,NSE,HINDUNILVR,raw_l2/trade_date=2026-07-17/exchange=NSE/symbol=HINDUNILVR/part-060305_445043-018925.parquet,real_data_sample\l2_unseen_validation\trade_date=2026-07-17\exchange=NSE\symbol=HINDUNILVR\part-060305_445043-018925.parquet,34517,downloaded,34517,
2026-07-17,NSE,HINDUNILVR,raw_l2/trade_date=2026-07-17/exchange=NSE/symbol=HINDUNILVR/part-060251_296470-018893.parquet,real_data_sample\l2_unseen_validation\trade_date=2026-07-17\exchange=NSE\symbol=HINDUNILVR\part-060251_296470-018893.parquet,34669,downloaded,34669,
2026-07-17,NSE,HINDUNILVR,raw_l2/trade_date=2026-07-17/exchange=NSE/symbol=HINDUNILVR/part-060140_860747-018733.parquet,real_data_sample\l2_unseen_validation\trade_date=2026-07-17\exchange=NSE\symbol=HINDUNILVR\part-060140_860747-018733.parquet,34665,downloaded,34665,
2026-07-17,NSE,HINDUNILVR,raw_l2/trade_date=2026-07-17/exchange=NSE/symbol=HINDUNILVR/part-060154_934976-018765.parquet,real_data_sample\l2_unseen_validation\trade_date=2026-07-17\exchange=NSE\symbol=HINDUNILVR\part-060154_934976-018765.parquet,34638,downloaded,34638,
2026-07-17,NSE,HINDUNILVR,raw_l2/trade_date=2026-07-17/exchange=NSE/symbol=HINDUNILVR/part-060112_748329-018669.parquet,real_data_sample\l2_unseen_validation\trade_date=2026-07-17\exchange=NSE\symbol=HINDUNILVR\part-060112_748329-018669.parquet,34694,downloaded,34694,
2026-07-17,NSE,HINDUNILVR,raw_l2/trade_date=2026-07-17/exchange=NSE/symbol=HINDUNILVR/part-060223_211836-018829.parquet,real_data_sample\l2_unseen_validation\trade_date=2026-07-17\exchange=NSE\symbol=HINDUNILVR\part-060223_211836-018829.parquet,34665,downloaded,34665,
2026-07-17,NSE,HINDUNILVR,raw_l2/trade_date=2026-07-17/exchange=NSE/symbol=HINDUNILVR/part-060237_286640-018861.parquet,real_data_sample\l2_unseen_validation\trade_date=2026-07-17\exchange=NSE\symbol=HINDUNILVR\part-060237_286640-018861.parquet,34653,downloaded,34653,
2026-07-17,NSE,HINDUNILVR,raw_l2/trade_date=2026-07-17/exchange=NSE/symbol=HINDUNILVR/part-060208_949302-018797.parquet,real_data_sample\l2_unseen_validation\trade_date=2026-07-17\exchange=NSE\symbol=HINDUNILVR\part-060208_949302-018797.parquet,34763,downloaded,34763,
2026-07-17,NSE,HINDUNILVR,raw_l2/trade_date=2026-07-17/exchange=NSE/symbol=HINDUNILVR/part-060540_469050-019277.parquet,real_data_sample\l2_unseen_validation\trade_date=2026-07-17\exchange=NSE\symbol=HINDUNILVR\part-060540_469050-019277.parquet,34798,downloaded,34798,
2026-07-17,NSE,HINDUNILVR,raw_l2/trade_date=2026-07-17/exchange=NSE/symbol=HINDUNILVR/part-060333_502581-018989.parquet,real_data_sample\l2_unseen_validation\trade_date=2026-07-17\exchange=NSE\symbol=HINDUNILVR\part-060333_502581-018989.parquet,34692,downloaded,34692,
2026-07-17,NSE,HINDUNILVR,raw_l2/trade_date=2026-07-17/exchange=NSE/symbol=HINDUNILVR/part-060429_800961-019117.parquet,real_data_sample\l2_unseen_validation\trade_date=2026-07-17\exchange=NSE\symbol=HINDUNILVR\part-060429_800961-019117.parquet,34873,downloaded,34873,
2026-07-17,NSE,HINDUNILVR,raw_l2/trade_date=2026-07-17/exchange=NSE/symbol=HINDUNILVR/part-060347_518349-019021.parquet,real_data_sample\l2_unseen_validation\trade_date=2026-07-17\exchange=NSE\symbol=HINDUNILVR\part-060347_518349-019021.parquet,34560,downloaded,34560,
2026-07-17,NSE,HINDUNILVR,raw_l2/trade_date=2026-07-17/exchange=NSE/symbol=HINDUNILVR/part-060415_453771-019085.parquet,real_data_sample\l2_unseen_validation\trade_date=2026-07-17\exchange=NSE\symbol=HINDUNILVR\part-060415_453771-019085.parquet,34831,downloaded,34831,
2026-07-17,NSE,HINDUNILVR,raw_l2/trade_date=2026-07-17/exchange=NSE/symbol=HINDUNILVR/part-060401_493232-019053.parquet,real_data_sample\l2_unseen_validation\trade_date=2026-07-17\exchange=NSE\symbol=HINDUNILVR\part-060401_493232-019053.parquet,34828,downloaded,34828,
2026-07-17,NSE,HINDUNILVR,raw_l2/trade_date=2026-07-17/exchange=NSE/symbol=HINDUNILVR/part-060622_226454-019373.parquet,real_data_sample\l2_unseen_validation\trade_date=2026-07-17\exchange=NSE\symbol=HINDUNILVR\part-060622_226454-019373.parquet,34720,downloaded,34720,
2026-07-17,NSE,HINDUNILVR,raw_l2/trade_date=2026-07-17/exchange=NSE/symbol=HINDUNILVR/part-060526_297377-019245.parquet,real_data_sample\l2_unseen_validation\trade_date=2026-07-17\exchange=NSE\symbol=HINDUNILVR\part-060526_297377-019245.parquet,34725,downloaded,34725,
2026-07-17,NSE,HINDUNILVR,raw_l2/trade_date=2026-07-17/exchange=NSE/symbol=HINDUNILVR/part-060444_270464-019149.parquet,real_data_sample\l2_unseen_validation\trade_date=2026-07-17\exchange=NSE\symbol=HINDUNILVR\part-060444_270464-019149.parquet,34674,downloaded,34674,
2026-07-17,NSE,HINDUNILVR,raw_l2/trade_date=2026-07-17/exchange=NSE/symbol=HINDUNILVR/part-060608_424772-019341.parquet,real_data_sample\l2_unseen_validation\trade_date=2026-07-17\exchange=NSE\symbol=HINDUNILVR\part-060608_424772-019341.parquet,34685,downloaded,34685,
2026-07-17,NSE,HINDUNILVR,raw_l2/trade_date=2026-07-17/exchange=NSE/symbol=HINDUNILVR/part-060458_179822-019181.parquet,real_data_sample\l2_unseen_validation\trade_date=2026-07-17\exchange=NSE\symbol=HINDUNILVR\part-060458_179822-019181.parquet,34649,downloaded,34649,
2026-07-17,NSE,HINDUNILVR,raw_l2/trade_date=2026-07-17/exchange=NSE/symbol=HINDUNILVR/part-060512_245628-019213.parquet,real_data_sample\l2_unseen_validation\trade_date=2026-07-17\exchange=NSE\symbol=HINDUNILVR\part-060512_245628-019213.parquet,34692,downloaded,34692,
2026-07-17,NSE,HINDUNILVR,raw_l2/trade_date=2026-07-17/exchange=NSE/symbol=HINDUNILVR/part-060554_412042-019309.parquet,real_data_sample\l2_unseen_validation\trade_date=2026-07-17\exchange=NSE\symbol=HINDUNILVR\part-060554_412042-019309.parquet,34501,downloaded,34501,
2026-07-17,NSE,HINDUNILVR,raw_l2/trade_date=2026-07-17/exchange=NSE/symbol=HINDUNILVR/part-055947_126679-018477.parquet,real_data_sample\l2_unseen_validation\trade_date=2026-07-17\exchange=NSE\symbol=HINDUNILVR\part-055947_126679-018477.parquet,35303,downloaded,35303,
2026-07-17,NSE,HINDUNILVR,raw_l2/trade_date=2026-07-17/exchange=NSE/symbol=HINDUNILVR/part-060846_421946-019693.parquet,real_data_sample\l2_unseen_validation\trade_date=2026-07-17\exchange=NSE\symbol=HINDUNILVR\part-060846_421946-019693.parquet,34775,downloaded,34775,
2026-07-17,NSE,HINDUNILVR,raw_l2/trade_date=2026-07-17/exchange=NSE/symbol=HINDUNILVR/part-060001_803603-018509.parquet,real_data_sample\l2_unseen_validation\trade_date=2026-07-17\exchange=NSE\symbol=HINDUNILVR\part-060001_803603-018509.parquet,35852,downloaded,35852,
2026-07-17,NSE,HINDUNILVR,raw_l2/trade_date=2026-07-17/exchange=NSE/symbol=HINDUNILVR/part-060126_774511-018701.parquet,real_data_sample\l2_unseen_validation\trade_date=2026-07-17\exchange=NSE\symbol=HINDUNILVR\part-060126_774511-018701.parquet,34670,downloaded,34670,
2026-07-17,NSE,HINDUNILVR,raw_l2/trade_date=2026-07-17/exchange=NSE/symbol=HINDUNILVR/part-060900_712677-019725.parquet,real_data_sample\l2_unseen_validation\trade_date=2026-07-17\exchange=NSE\symbol=HINDUNILVR\part-060900_712677-019725.parquet,34790,downloaded,34790,
2026-07-17,NSE,HINDUNILVR,raw_l2/trade_date=2026-07-17/exchange=NSE/symbol=HINDUNILVR/part-060802_407935-019597.parquet,real_data_sample\l2_unseen_validation\trade_date=2026-07-17\exchange=NSE\symbol=HINDUNILVR\part-060802_407935-019597.parquet,34817,downloaded,34817,
2026-07-17,NSE,HINDUNILVR,raw_l2/trade_date=2026-07-17/exchange=NSE/symbol=HINDUNILVR/part-060817_575764-019629.parquet,real_data_sample\l2_unseen_validation\trade_date=2026-07-17\exchange=NSE\symbol=HINDUNILVR\part-060817_575764-019629.parquet,34776,downloaded,34776,
2026-07-17,NSE,HINDUNILVR,raw_l2/trade_date=2026-07-17/exchange=NSE/symbol=HINDUNILVR/part-060832_141715-019661.parquet,real_data_sample\l2_unseen_validation\trade_date=2026-07-17\exchange=NSE\symbol=HINDUNILVR\part-060832_141715-019661.parquet,34768,downloaded,34768,
2026-07-17,NSE,HINDUNILVR,raw_l2/trade_date=2026-07-17/exchange=NSE/symbol=HINDUNILVR/part-060929_259950-019789.parquet,real_data_sample\l2_unseen_validation\trade_date=2026-07-17\exchange=NSE\symbol=HINDUNILVR\part-060929_259950-019789.parquet,34829,downloaded,34829,
2026-07-17,NSE,HINDUNILVR,raw_l2/trade_date=2026-07-17/exchange=NSE/symbol=HINDUNILVR/part-060943_677298-019821.parquet,real_data_sample\l2_unseen_validation\trade_date=2026-07-17\exchange=NSE\symbol=HINDUNILVR\part-060943_677298-019821.parquet,34933,downloaded,34933,
2026-07-17,NSE,HINDUNILVR,raw_l2/trade_date=2026-07-17/exchange=NSE/symbol=HINDUNILVR/part-060914_763243-019757.parquet,real_data_sample\l2_unseen_validation\trade_date=2026-07-17\exchange=NSE\symbol=HINDUNILVR\part-060914_763243-019757.parquet,34618,downloaded,34618,
2026-07-17,NSE,HINDUNILVR,raw_l2/trade_date=2026-07-17/exchange=NSE/symbol=HINDUNILVR/part-060636_214884-019405.parquet,real_data_sample\l2_unseen_validation\trade_date=2026-07-17\exchange=NSE\symbol=HINDUNILVR\part-060636_214884-019405.parquet,34689,downloaded,34689,
2026-07-17,NSE,HINDUNILVR,raw_l2/trade_date=2026-07-17/exchange=NSE/symbol=HINDUNILVR/part-060718_489926-019501.parquet,real_data_sample\l2_unseen_validation\trade_date=2026-07-17\exchange=NSE\symbol=HINDUNILVR\part-060718_489926-019501.parquet,34793,downloaded,34793,
2026-07-17,NSE,HINDUNILVR,raw_l2/trade_date=2026-07-17/exchange=NSE/symbol=HINDUNILVR/part-060704_447995-019469.parquet,real_data_sample\l2_unseen_validation\trade_date=2026-07-17\exchange=NSE\symbol=HINDUNILVR\part-060704_447995-019469.parquet,34603,downloaded,34603,
2026-07-17,NSE,HINDUNILVR,raw_l2/trade_date=2026-07-17/exchange=NSE/symbol=HINDUNILVR/part-061207_297744-020141.parquet,real_data_sample\l2_unseen_validation\trade_date=2026-07-17\exchange=NSE\symbol=HINDUNILVR\part-061207_297744-020141.parquet,34789,downloaded,34789,
2026-07-17,NSE,HINDUNILVR,raw_l2/trade_date=2026-07-17/exchange=NSE/symbol=HINDUNILVR/part-060732_866530-019533.parquet,real_data_sample\l2_unseen_validation\trade_date=2026-07-17\exchange=NSE\symbol=HINDUNILVR\part-060732_866530-019533.parquet,34560,downloaded,34560,
2026-07-17,NSE,HINDUNILVR,raw_l2/trade_date=2026-07-17/exchange=NSE/symbol=HINDUNILVR/part-061040_720155-019949.parquet,real_data_sample\l2_unseen_validation\trade_date=2026-07-17\exchange=NSE\symbol=HINDUNILVR\part-061040_720155-019949.parquet,34773,downloaded,34773,
2026-07-17,NSE,HINDUNILVR,raw_l2/trade_date=2026-07-17/exchange=NSE/symbol=HINDUNILVR/part-061012_244639-019885.parquet,real_data_sample\l2_unseen_validation\trade_date=2026-07-17\exchange=NSE\symbol=HINDUNILVR\part-061012_244639-019885.parquet,34753,downloaded,34753,
2026-07-17,NSE,HINDUNILVR,raw_l2/trade_date=2026-07-17/exchange=NSE/symbol=HINDUNILVR/part-061026_535448-019917.parquet,real_data_sample\l2_unseen_validation\trade_date=2026-07-17\exchange=NSE\symbol=HINDUNILVR\part-061026_535448-019917.parquet,34794,downloaded,34794,
2026-07-17,NSE,HINDUNILVR,raw_l2/trade_date=2026-07-17/exchange=NSE/symbol=HINDUNILVR/part-061152_882920-020109.parquet,real_data_sample\l2_unseen_validation\trade_date=2026-07-17\exchange=NSE\symbol=HINDUNILVR\part-061152_882920-020109.parquet,34707,downloaded,34707,
2026-07-17,NSE,HINDUNILVR,raw_l2/trade_date=2026-07-17/exchange=NSE/symbol=HINDUNILVR/part-061236_303540-020205.parquet,real_data_sample\l2_unseen_validation\trade_date=2026-07-17\exchange=NSE\symbol=HINDUNILVR\part-061236_303540-020205.parquet,34670,downloaded,34670,
2026-07-17,NSE,HINDUNILVR,raw_l2/trade_date=2026-07-17/exchange=NSE/symbol=HINDUNILVR/part-060957_920506-019853.parquet,real_data_sample\l2_unseen_validation\trade_date=2026-07-17\exchange=NSE\symbol=HINDUNILVR\part-060957_920506-019853.parquet,34796,downloaded,34796,
2026-07-17,NSE,HINDUNILVR,raw_l2/trade_date=2026-07-17/exchange=NSE/symbol=HINDUNILVR/part-061138_346667-020077.parquet,real_data_sample\l2_unseen_validation\trade_date=2026-07-17\exchange=NSE\symbol=HINDUNILVR\part-061138_346667-020077.parquet,34778,downloaded,34778,
2026-07-17,NSE,HINDUNILVR,raw_l2/trade_date=2026-07-17/exchange=NSE/symbol=HINDUNILVR/part-061250_618208-020237.parquet,real_data_sample\l2_unseen_validation\trade_date=2026-07-17\exchange=NSE\symbol=HINDUNILVR\part-061250_618208-020237.parquet,34770,downloaded,34770,
2026-07-17,NSE,HINDUNILVR,raw_l2/trade_date=2026-07-17/exchange=NSE/symbol=HINDUNILVR/part-061055_258020-019981.parquet,real_data_sample\l2_unseen_validation\trade_date=2026-07-17\exchange=NSE\symbol=HINDUNILVR\part-061055_258020-019981.parquet,34723,downloaded,34723,
2026-07-17,NSE,HINDUNILVR,raw_l2/trade_date=2026-07-17/exchange=NSE/symbol=HINDUNILVR/part-061305_030811-020269.parquet,real_data_sample\l2_unseen_validation\trade_date=2026-07-17\exchange=NSE\symbol=HINDUNILVR\part-061305_030811-020269.parquet,34566,downloaded,34566,
2026-07-17,NSE,HINDUNILVR,raw_l2/trade_date=2026-07-17/exchange=NSE/symbol=HINDUNILVR/part-061221_805634-020173.parquet,real_data_sample\l2_unseen_validation\trade_date=2026-07-17\exchange=NSE\symbol=HINDUNILVR\part-061221_805634-020173.parquet,34688,downloaded,34688,
2026-07-17,NSE,HINDUNILVR,raw_l2/trade_date=2026-07-17/exchange=NSE/symbol=HINDUNILVR/part-061124_067648-020045.parquet,real_data_sample\l2_unseen_validation\trade_date=2026-07-17\exchange=NSE\symbol=HINDUNILVR\part-061124_067648-020045.parquet,34860,downloaded,34860,
2026-07-17,NSE,HINDUNILVR,raw_l2/trade_date=2026-07-17/exchange=NSE/symbol=HINDUNILVR/part-061109_725912-020013.parquet,real_data_sample\l2_unseen_validation\trade_date=2026-07-17\exchange=NSE\symbol=HINDUNILVR\part-061109_725912-020013.parquet,34923,downloaded,34923,
2026-07-17,NSE,HINDUNILVR,raw_l2/trade_date=2026-07-17/exchange=NSE/symbol=HINDUNILVR/part-061319_574364-020301.parquet,real_data_sample\l2_unseen_validation\trade_date=2026-07-17\exchange=NSE\symbol=HINDUNILVR\part-061319_574364-020301.parquet,34595,downloaded,34595,
2026-07-17,NSE,HINDUNILVR,raw_l2/trade_date=2026-07-17/exchange=NSE/symbol=HINDUNILVR/part-061333_777363-020333.parquet,real_data_sample\l2_unseen_validation\trade_date=2026-07-17\exchange=NSE\symbol=HINDUNILVR\part-061333_777363-020333.parquet,34879,downloaded,34879,
2026-07-17,NSE,HINDUNILVR,raw_l2/trade_date=2026-07-17/exchange=NSE/symbol=HINDUNILVR/part-060650_342558-019437.parquet,real_data_sample\l2_unseen_validation\trade_date=2026-07-17\exchange=NSE\symbol=HINDUNILVR\part-060650_342558-019437.parquet,35043,downloaded,35043,
2026-07-17,NSE,HINDUNILVR,raw_l2/trade_date=2026-07-17/exchange=NSE/symbol=HINDUNILVR/part-061445_493581-020493.parquet,real_data_sample\l2_unseen_validation\trade_date=2026-07-17\exchange=NSE\symbol=HINDUNILVR\part-061445_493581-020493.parquet,34695,downloaded,34695,
2026-07-17,NSE,HINDUNILVR,raw_l2/trade_date=2026-07-17/exchange=NSE/symbol=HINDUNILVR/part-060747_219848-019565.parquet,real_data_sample\l2_unseen_validation\trade_date=2026-07-17\exchange=NSE\symbol=HINDUNILVR\part-060747_219848-019565.parquet,34724,downloaded,34724,
2026-07-17,NSE,HINDUNILVR,raw_l2/trade_date=2026-07-17/exchange=NSE/symbol=HINDUNILVR/part-061459_829978-020525.parquet,real_data_sample\l2_unseen_validation\trade_date=2026-07-17\exchange=NSE\symbol=HINDUNILVR\part-061459_829978-020525.parquet,34769,downloaded,34769,
2026-07-17,NSE,HINDUNILVR,raw_l2/trade_date=2026-07-17/exchange=NSE/symbol=HINDUNILVR/part-061557_610445-020653.parquet,real_data_sample\l2_unseen_validation\trade_date=2026-07-17\exchange=NSE\symbol=HINDUNILVR\part-061557_610445-020653.parquet,34638,downloaded,34638,
2026-07-17,NSE,HINDUNILVR,raw_l2/trade_date=2026-07-17/exchange=NSE/symbol=HINDUNILVR/part-061612_350825-020685.parquet,real_data_sample\l2_unseen_validation\trade_date=2026-07-17\exchange=NSE\symbol=HINDUNILVR\part-061612_350825-020685.parquet,34506,downloaded,34506,
2026-07-17,NSE,HINDUNILVR,raw_l2/trade_date=2026-07-17/exchange=NSE/symbol=HINDUNILVR/part-061627_788353-020717.parquet,real_data_sample\l2_unseen_validation\trade_date=2026-07-17\exchange=NSE\symbol=HINDUNILVR\part-061627_788353-020717.parquet,35083,downloaded,35083,
2026-07-17,NSE,HINDUNILVR,raw_l2/trade_date=2026-07-17/exchange=NSE/symbol=HINDUNILVR/part-061543_018667-020621.parquet,real_data_sample\l2_unseen_validation\trade_date=2026-07-17\exchange=NSE\symbol=HINDUNILVR\part-061543_018667-020621.parquet,34960,downloaded,34960,
2026-07-17,NSE,HINDUNILVR,raw_l2/trade_date=2026-07-17/exchange=NSE/symbol=HINDUNILVR/part-061514_291465-020557.parquet,real_data_sample\l2_unseen_validation\trade_date=2026-07-17\exchange=NSE\symbol=HINDUNILVR\part-061514_291465-020557.parquet,34894,downloaded,34894,
2026-07-17,NSE,HINDUNILVR,raw_l2/trade_date=2026-07-17/exchange=NSE/symbol=HINDUNILVR/part-061821_859468-020973.parquet,real_data_sample\l2_unseen_validation\trade_date=2026-07-17\exchange=NSE\symbol=HINDUNILVR\part-061821_859468-020973.parquet,35071,downloaded,35071,
2026-07-17,NSE,HINDUNILVR,raw_l2/trade_date=2026-07-17/exchange=NSE/symbol=HINDUNILVR/part-061710_257049-020813.parquet,real_data_sample\l2_unseen_validation\trade_date=2026-07-17\exchange=NSE\symbol=HINDUNILVR\part-061710_257049-020813.parquet,34845,downloaded,34845,
2026-07-17,NSE,HINDUNILVR,raw_l2/trade_date=2026-07-17/exchange=NSE/symbol=HINDUNILVR/part-061528_820511-020589.parquet,real_data_sample\l2_unseen_validation\trade_date=2026-07-17\exchange=NSE\symbol=HINDUNILVR\part-061528_820511-020589.parquet,34943,downloaded,34943,
2026-07-17,NSE,HINDUNILVR,raw_l2/trade_date=2026-07-17/exchange=NSE/symbol=HINDUNILVR/part-061641_958680-020749.parquet,real_data_sample\l2_unseen_validation\trade_date=2026-07-17\exchange=NSE\symbol=HINDUNILVR\part-061641_958680-020749.parquet,34663,downloaded,34663,
2026-07-17,NSE,HINDUNILVR,raw_l2/trade_date=2026-07-17/exchange=NSE/symbol=HINDUNILVR/part-061416_835763-020429.parquet,real_data_sample\l2_unseen_validation\trade_date=2026-07-17\exchange=NSE\symbol=HINDUNILVR\part-061416_835763-020429.parquet,34627,downloaded,34627,
2026-07-17,NSE,HINDUNILVR,raw_l2/trade_date=2026-07-17/exchange=NSE/symbol=HINDUNILVR/part-061431_239229-020461.parquet,real_data_sample\l2_unseen_validation\trade_date=2026-07-17\exchange=NSE\symbol=HINDUNILVR\part-061431_239229-020461.parquet,34658,downloaded,34658,
2026-07-17,NSE,HINDUNILVR,raw_l2/trade_date=2026-07-17/exchange=NSE/symbol=HINDUNILVR/part-061905_006377-021069.parquet,real_data_sample\l2_unseen_validation\trade_date=2026-07-17\exchange=NSE\symbol=HINDUNILVR\part-061905_006377-021069.parquet,34918,downloaded,34918,
2026-07-17,NSE,HINDUNILVR,raw_l2/trade_date=2026-07-17/exchange=NSE/symbol=HINDUNILVR/part-061348_274584-020365.parquet,real_data_sample\l2_unseen_validation\trade_date=2026-07-17\exchange=NSE\symbol=HINDUNILVR\part-061348_274584-020365.parquet,34711,downloaded,34711,
2026-07-17,NSE,HINDUNILVR,raw_l2/trade_date=2026-07-17/exchange=NSE/symbol=HINDUNILVR/part-061947_980609-021165.parquet,real_data_sample\l2_unseen_validation\trade_date=2026-07-17\exchange=NSE\symbol=HINDUNILVR\part-061947_980609-021165.parquet,34694,downloaded,34694,
2026-07-17,NSE,HINDUNILVR,raw_l2/trade_date=2026-07-17/exchange=NSE/symbol=HINDUNILVR/part-062002_253521-021197.parquet,real_data_sample\l2_unseen_validation\trade_date=2026-07-17\exchange=NSE\symbol=HINDUNILVR\part-062002_253521-021197.parquet,34603,downloaded,34603,
2026-07-17,NSE,HINDUNILVR,raw_l2/trade_date=2026-07-17/exchange=NSE/symbol=HINDUNILVR/part-061655_930051-020781.parquet,real_data_sample\l2_unseen_validation\trade_date=2026-07-17\exchange=NSE\symbol=HINDUNILVR\part-061655_930051-020781.parquet,34606,downloaded,34606,
2026-07-17,NSE,HINDUNILVR,raw_l2/trade_date=2026-07-17/exchange=NSE/symbol=HINDUNILVR/part-061724_476437-020845.parquet,real_data_sample\l2_unseen_validation\trade_date=2026-07-17\exchange=NSE\symbol=HINDUNILVR\part-061724_476437-020845.parquet,35892,downloaded,35892,
2026-07-17,NSE,HINDUNILVR,raw_l2/trade_date=2026-07-17/exchange=NSE/symbol=HINDUNILVR/part-061933_936431-021133.parquet,real_data_sample\l2_unseen_validation\trade_date=2026-07-17\exchange=NSE\symbol=HINDUNILVR\part-061933_936431-021133.parquet,34722,downloaded,34722,
2026-07-17,NSE,HINDUNILVR,raw_l2/trade_date=2026-07-17/exchange=NSE/symbol=HINDUNILVR/part-061919_360123-021101.parquet,real_data_sample\l2_unseen_validation\trade_date=2026-07-17\exchange=NSE\symbol=HINDUNILVR\part-061919_360123-021101.parquet,35129,downloaded,35129,
2026-07-17,NSE,HINDUNILVR,raw_l2/trade_date=2026-07-17/exchange=NSE/symbol=HINDUNILVR/part-061738_464903-020877.parquet,real_data_sample\l2_unseen_validation\trade_date=2026-07-17\exchange=NSE\symbol=HINDUNILVR\part-061738_464903-020877.parquet,35639,downloaded,35639,
2026-07-17,NSE,HINDUNILVR,raw_l2/trade_date=2026-07-17/exchange=NSE/symbol=HINDUNILVR/part-061850_947800-021037.parquet,real_data_sample\l2_unseen_validation\trade_date=2026-07-17\exchange=NSE\symbol=HINDUNILVR\part-061850_947800-021037.parquet,34945,downloaded,34945,
2026-07-17,NSE,HINDUNILVR,raw_l2/trade_date=2026-07-17/exchange=NSE/symbol=HINDUNILVR/part-061752_795751-020909.parquet,real_data_sample\l2_unseen_validation\trade_date=2026-07-17\exchange=NSE\symbol=HINDUNILVR\part-061752_795751-020909.parquet,35499,downloaded,35499,
2026-07-17,NSE,HINDUNILVR,raw_l2/trade_date=2026-07-17/exchange=NSE/symbol=HINDUNILVR/part-061807_770547-020941.parquet,real_data_sample\l2_unseen_validation\trade_date=2026-07-17\exchange=NSE\symbol=HINDUNILVR\part-061807_770547-020941.parquet,35515,downloaded,35515,
2026-07-17,NSE,HINDUNILVR,raw_l2/trade_date=2026-07-17/exchange=NSE/symbol=HINDUNILVR/part-061836_705192-021005.parquet,real_data_sample\l2_unseen_validation\trade_date=2026-07-17\exchange=NSE\symbol=HINDUNILVR\part-061836_705192-021005.parquet,34903,downloaded,34903,
2026-07-17,NSE,HINDUNILVR,raw_l2/trade_date=2026-07-17/exchange=NSE/symbol=HINDUNILVR/part-062030_568399-021261.parquet,real_data_sample\l2_unseen_validation\trade_date=2026-07-17\exchange=NSE\symbol=HINDUNILVR\part-062030_568399-021261.parquet,34392,downloaded,34392,
2026-07-17,NSE,HINDUNILVR,raw_l2/trade_date=2026-07-17/exchange=NSE/symbol=HINDUNILVR/part-061402_559462-020397.parquet,real_data_sample\l2_unseen_validation\trade_date=2026-07-17\exchange=NSE\symbol=HINDUNILVR\part-061402_559462-020397.parquet,34644,downloaded,34644,
2026-07-17,NSE,HINDUNILVR,raw_l2/trade_date=2026-07-17/exchange=NSE/symbol=HINDUNILVR/part-062059_824458-021325.parquet,real_data_sample\l2_unseen_validation\trade_date=2026-07-17\exchange=NSE\symbol=HINDUNILVR\part-062059_824458-021325.parquet,34713,downloaded,34713,
2026-07-17,NSE,HINDUNILVR,raw_l2/trade_date=2026-07-17/exchange=NSE/symbol=HINDUNILVR/part-062142_404405-021421.parquet,real_data_sample\l2_unseen_validation\trade_date=2026-07-17\exchange=NSE\symbol=HINDUNILVR\part-062142_404405-021421.parquet,34696,downloaded,34696,
2026-07-17,NSE,HINDUNILVR,raw_l2/trade_date=2026-07-17/exchange=NSE/symbol=HINDUNILVR/part-062128_510218-021389.parquet,real_data_sample\l2_unseen_validation\trade_date=2026-07-17\exchange=NSE\symbol=HINDUNILVR\part-062128_510218-021389.parquet,34708,downloaded,34708,
2026-07-17,NSE,HINDUNILVR,raw_l2/trade_date=2026-07-17/exchange=NSE/symbol=HINDUNILVR/part-062654_003160-022125.parquet,real_data_sample\l2_unseen_validation\trade_date=2026-07-17\exchange=NSE\symbol=HINDUNILVR\part-062654_003160-022125.parquet,35414,downloaded,35414,
2026-07-17,NSE,HINDUNILVR,raw_l2/trade_date=2026-07-17/exchange=NSE/symbol=HINDUNILVR/part-062156_689389-021453.parquet,real_data_sample\l2_unseen_validation\trade_date=2026-07-17\exchange=NSE\symbol=HINDUNILVR\part-062156_689389-021453.parquet,34706,downloaded,34706,
2026-07-17,NSE,HINDUNILVR,raw_l2/trade_date=2026-07-17/exchange=NSE/symbol=HINDUNILVR/part-062611_477268-022029.parquet,real_data_sample\l2_unseen_validation\trade_date=2026-07-17\exchange=NSE\symbol=HINDUNILVR\part-062611_477268-022029.parquet,34786,downloaded,34786,
2026-07-17,NSE,HINDUNILVR,raw_l2/trade_date=2026-07-17/exchange=NSE/symbol=HINDUNILVR/part-062225_248793-021517.parquet,real_data_sample\l2_unseen_validation\trade_date=2026-07-17\exchange=NSE\symbol=HINDUNILVR\part-062225_248793-021517.parquet,34736,downloaded,34736,
2026-07-17,NSE,HINDUNILVR,raw_l2/trade_date=2026-07-17/exchange=NSE/symbol=HINDUNILVR/part-062210_837862-021485.parquet,real_data_sample\l2_unseen_validation\trade_date=2026-07-17\exchange=NSE\symbol=HINDUNILVR\part-062210_837862-021485.parquet,34952,downloaded,34952,
2026-07-17,NSE,HINDUNILVR,raw_l2/trade_date=2026-07-17/exchange=NSE/symbol=HINDUNILVR/part-062239_498585-021549.parquet,real_data_sample\l2_unseen_validation\trade_date=2026-07-17\exchange=NSE\symbol=HINDUNILVR\part-062239_498585-021549.parquet,34800,downloaded,34800,
2026-07-17,NSE,HINDUNILVR,raw_l2/trade_date=2026-07-17/exchange=NSE/symbol=HINDUNILVR/part-062308_140414-021613.parquet,real_data_sample\l2_unseen_validation\trade_date=2026-07-17\exchange=NSE\symbol=HINDUNILVR\part-062308_140414-021613.parquet,34614,downloaded,34614,
2026-07-17,NSE,HINDUNILVR,raw_l2/trade_date=2026-07-17/exchange=NSE/symbol=HINDUNILVR/part-062350_708392-021709.parquet,real_data_sample\l2_unseen_validation\trade_date=2026-07-17\exchange=NSE\symbol=HINDUNILVR\part-062350_708392-021709.parquet,34658,downloaded,34658,
2026-07-17,NSE,HINDUNILVR,raw_l2/trade_date=2026-07-17/exchange=NSE/symbol=HINDUNILVR/part-062529_400379-021933.parquet,real_data_sample\l2_unseen_validation\trade_date=2026-07-17\exchange=NSE\symbol=HINDUNILVR\part-062529_400379-021933.parquet,34880,downloaded,34880,
2026-07-17,NSE,HINDUNILVR,raw_l2/trade_date=2026-07-17/exchange=NSE/symbol=HINDUNILVR/part-062253_716006-021581.parquet,real_data_sample\l2_unseen_validation\trade_date=2026-07-17\exchange=NSE\symbol=HINDUNILVR\part-062253_716006-021581.parquet,34621,downloaded,34621,
2026-07-17,NSE,HINDUNILVR,raw_l2/trade_date=2026-07-17/exchange=NSE/symbol=HINDUNILVR/part-062501_301470-021869.parquet,real_data_sample\l2_unseen_validation\trade_date=2026-07-17\exchange=NSE\symbol=HINDUNILVR\part-062501_301470-021869.parquet,34923,downloaded,34923,
2026-07-17,NSE,HINDUNILVR,raw_l2/trade_date=2026-07-17/exchange=NSE/symbol=HINDUNILVR/part-062515_604376-021901.parquet,real_data_sample\l2_unseen_validation\trade_date=2026-07-17\exchange=NSE\symbol=HINDUNILVR\part-062515_604376-021901.parquet,34763,downloaded,34763,
2026-07-17,NSE,HINDUNILVR,raw_l2/trade_date=2026-07-17/exchange=NSE/symbol=HINDUNILVR/part-062543_411099-021965.parquet,real_data_sample\l2_unseen_validation\trade_date=2026-07-17\exchange=NSE\symbol=HINDUNILVR\part-062543_411099-021965.parquet,34646,downloaded,34646,
2026-07-17,NSE,HINDUNILVR,raw_l2/trade_date=2026-07-17/exchange=NSE/symbol=HINDUNILVR/part-062404_736063-021741.parquet,real_data_sample\l2_unseen_validation\trade_date=2026-07-17\exchange=NSE\symbol=HINDUNILVR\part-062404_736063-021741.parquet,34842,downloaded,34842,
2026-07-17,NSE,HINDUNILVR,raw_l2/trade_date=2026-07-17/exchange=NSE/symbol=HINDUNILVR/part-062322_501869-021645.parquet,real_data_sample\l2_unseen_validation\trade_date=2026-07-17\exchange=NSE\symbol=HINDUNILVR\part-062322_501869-021645.parquet,34899,downloaded,34899,
2026-07-17,NSE,HINDUNILVR,raw_l2/trade_date=2026-07-17/exchange=NSE/symbol=HINDUNILVR/part-062639_718811-022093.parquet,real_data_sample\l2_unseen_validation\trade_date=2026-07-17\exchange=NSE\symbol=HINDUNILVR\part-062639_718811-022093.parquet,35367,downloaded,35367,
2026-07-17,NSE,HINDUNILVR,raw_l2/trade_date=2026-07-17/exchange=NSE/symbol=HINDUNILVR/part-062707_993559-022157.parquet,real_data_sample\l2_unseen_validation\trade_date=2026-07-17\exchange=NSE\symbol=HINDUNILVR\part-062707_993559-022157.parquet,35960,downloaded,35960,
2026-07-17,NSE,HINDUNILVR,raw_l2/trade_date=2026-07-17/exchange=NSE/symbol=HINDUNILVR/part-062447_173077-021837.parquet,real_data_sample\l2_unseen_validation\trade_date=2026-07-17\exchange=NSE\symbol=HINDUNILVR\part-062447_173077-021837.parquet,34780,downloaded,34780,
2026-07-17,NSE,HINDUNILVR,raw_l2/trade_date=2026-07-17/exchange=NSE/symbol=HINDUNILVR/part-062418_906141-021773.parquet,real_data_sample\l2_unseen_validation\trade_date=2026-07-17\exchange=NSE\symbol=HINDUNILVR\part-062418_906141-021773.parquet,34690,downloaded,34690,
2026-07-17,NSE,HINDUNILVR,raw_l2/trade_date=2026-07-17/exchange=NSE/symbol=HINDUNILVR/part-062432_945292-021805.parquet,real_data_sample\l2_unseen_validation\trade_date=2026-07-17\exchange=NSE\symbol=HINDUNILVR\part-062432_945292-021805.parquet,34691,downloaded,34691,
2026-07-17,NSE,HINDUNILVR,raw_l2/trade_date=2026-07-17/exchange=NSE/symbol=HINDUNILVR/part-062336_770135-021677.parquet,real_data_sample\l2_unseen_validation\trade_date=2026-07-17\exchange=NSE\symbol=HINDUNILVR\part-062336_770135-021677.parquet,34695,downloaded,34695,
2026-07-17,NSE,HINDUNILVR,raw_l2/trade_date=2026-07-17/exchange=NSE/symbol=HINDUNILVR/part-062625_448897-022061.parquet,real_data_sample\l2_unseen_validation\trade_date=2026-07-17\exchange=NSE\symbol=HINDUNILVR\part-062625_448897-022061.parquet,35528,downloaded,35528,
2026-07-17,NSE,HINDUNILVR,raw_l2/trade_date=2026-07-17/exchange=NSE/symbol=HINDUNILVR/part-062557_436611-021997.parquet,real_data_sample\l2_unseen_validation\trade_date=2026-07-17\exchange=NSE\symbol=HINDUNILVR\part-062557_436611-021997.parquet,34714,downloaded,34714,
2026-07-17,NSE,HINDUNILVR,raw_l2/trade_date=2026-07-17/exchange=NSE/symbol=HINDUNILVR/part-062016_438520-021229.parquet,real_data_sample\l2_unseen_validation\trade_date=2026-07-17\exchange=NSE\symbol=HINDUNILVR\part-062016_438520-021229.parquet,34578,downloaded,34578,
2026-07-17,NSE,HINDUNILVR,raw_l2/trade_date=2026-07-17/exchange=NSE/symbol=HINDUNILVR/part-055932_975842-018445.parquet,real_data_sample\l2_unseen_validation\trade_date=2026-07-17\exchange=NSE\symbol=HINDUNILVR\part-055932_975842-018445.parquet,35785,downloaded,35785,
2026-07-17,NSE,HINDUNILVR,raw_l2/trade_date=2026-07-17/exchange=NSE/symbol=HINDUNILVR/part-062045_327687-021293.parquet,real_data_sample\l2_unseen_validation\trade_date=2026-07-17\exchange=NSE\symbol=HINDUNILVR\part-062045_327687-021293.parquet,34663,downloaded,34663,
2026-07-17,NSE,HINDUNILVR,raw_l2/trade_date=2026-07-17/exchange=NSE/symbol=HINDUNILVR/part-063111_080300-022701.parquet,real_data_sample\l2_unseen_validation\trade_date=2026-07-17\exchange=NSE\symbol=HINDUNILVR\part-063111_080300-022701.parquet,34660,downloaded,34660,
2026-07-17,NSE,HINDUNILVR,raw_l2/trade_date=2026-07-17/exchange=NSE/symbol=HINDUNILVR/part-062114_338540-021357.parquet,real_data_sample\l2_unseen_validation\trade_date=2026-07-17\exchange=NSE\symbol=HINDUNILVR\part-062114_338540-021357.parquet,34606,downloaded,34606,
2026-07-17,NSE,HINDUNILVR,raw_l2/trade_date=2026-07-17/exchange=NSE/symbol=HINDUNILVR/part-062945_500951-022509.parquet,real_data_sample\l2_unseen_validation\trade_date=2026-07-17\exchange=NSE\symbol=HINDUNILVR\part-062945_500951-022509.parquet,35725,downloaded,35725,
2026-07-17,NSE,HINDUNILVR,raw_l2/trade_date=2026-07-17/exchange=NSE/symbol=HINDUNILVR/part-063249_068782-022925.parquet,real_data_sample\l2_unseen_validation\trade_date=2026-07-17\exchange=NSE\symbol=HINDUNILVR\part-063249_068782-022925.parquet,34664,downloaded,34664,
2026-07-17,NSE,HINDUNILVR,raw_l2/trade_date=2026-07-17/exchange=NSE/symbol=HINDUNILVR/part-063153_391382-022797.parquet,real_data_sample\l2_unseen_validation\trade_date=2026-07-17\exchange=NSE\symbol=HINDUNILVR\part-063153_391382-022797.parquet,34817,downloaded,34817,
2026-07-17,NSE,HINDUNILVR,raw_l2/trade_date=2026-07-17/exchange=NSE/symbol=HINDUNILVR/part-063303_298956-022957.parquet,real_data_sample\l2_unseen_validation\trade_date=2026-07-17\exchange=NSE\symbol=HINDUNILVR\part-063303_298956-022957.parquet,34828,downloaded,34828,
2026-07-17,NSE,HINDUNILVR,raw_l2/trade_date=2026-07-17/exchange=NSE/symbol=HINDUNILVR/part-062751_282819-022253.parquet,real_data_sample\l2_unseen_validation\trade_date=2026-07-17\exchange=NSE\symbol=HINDUNILVR\part-062751_282819-022253.parquet,35622,downloaded,35622,
2026-07-17,NSE,HINDUNILVR,raw_l2/trade_date=2026-07-17/exchange=NSE/symbol=HINDUNILVR/part-062848_222258-022381.parquet,real_data_sample\l2_unseen_validation\trade_date=2026-07-17\exchange=NSE\symbol=HINDUNILVR\part-062848_222258-022381.parquet,34805,downloaded,34805,
2026-07-17,NSE,HINDUNILVR,raw_l2/trade_date=2026-07-17/exchange=NSE/symbol=HINDUNILVR/part-063317_549191-022989.parquet,real_data_sample\l2_unseen_validation\trade_date=2026-07-17\exchange=NSE\symbol=HINDUNILVR\part-063317_549191-022989.parquet,34904,downloaded,34904,
2026-07-17,NSE,HINDUNILVR,raw_l2/trade_date=2026-07-17/exchange=NSE/symbol=HINDUNILVR/part-063235_158189-022893.parquet,real_data_sample\l2_unseen_validation\trade_date=2026-07-17\exchange=NSE\symbol=HINDUNILVR\part-063235_158189-022893.parquet,34718,downloaded,34718,
2026-07-17,NSE,HINDUNILVR,raw_l2/trade_date=2026-07-17/exchange=NSE/symbol=HINDUNILVR/part-062722_727387-022189.parquet,real_data_sample\l2_unseen_validation\trade_date=2026-07-17\exchange=NSE\symbol=HINDUNILVR\part-062722_727387-022189.parquet,35635,downloaded,35635,
2026-07-17,NSE,HINDUNILVR,raw_l2/trade_date=2026-07-17/exchange=NSE/symbol=HINDUNILVR/part-062805_508915-022285.parquet,real_data_sample\l2_unseen_validation\trade_date=2026-07-17\exchange=NSE\symbol=HINDUNILVR\part-062805_508915-022285.parquet,35690,downloaded,35690,
2026-07-17,NSE,HINDUNILVR,raw_l2/trade_date=2026-07-17/exchange=NSE/symbol=HINDUNILVR/part-062833_875021-022349.parquet,real_data_sample\l2_unseen_validation\trade_date=2026-07-17\exchange=NSE\symbol=HINDUNILVR\part-062833_875021-022349.parquet,34683,downloaded,34683,
2026-07-17,NSE,HINDUNILVR,raw_l2/trade_date=2026-07-17/exchange=NSE/symbol=HINDUNILVR/part-062819_964957-022317.parquet,real_data_sample\l2_unseen_validation\trade_date=2026-07-17\exchange=NSE\symbol=HINDUNILVR\part-062819_964957-022317.parquet,35150,downloaded,35150,
2026-07-17,NSE,HINDUNILVR,raw_l2/trade_date=2026-07-17/exchange=NSE/symbol=HINDUNILVR/part-063221_155312-022861.parquet,real_data_sample\l2_unseen_validation\trade_date=2026-07-17\exchange=NSE\symbol=HINDUNILVR\part-063221_155312-022861.parquet,34489,downloaded,34489,
2026-07-17,NSE,HINDUNILVR,raw_l2/trade_date=2026-07-17/exchange=NSE/symbol=HINDUNILVR/part-063332_031698-023021.parquet,real_data_sample\l2_unseen_validation\trade_date=2026-07-17\exchange=NSE\symbol=HINDUNILVR\part-063332_031698-023021.parquet,34640,downloaded,34640,
2026-07-17,NSE,HINDUNILVR,raw_l2/trade_date=2026-07-17/exchange=NSE/symbol=HINDUNILVR/part-062916_209083-022445.parquet,real_data_sample\l2_unseen_validation\trade_date=2026-07-17\exchange=NSE\symbol=HINDUNILVR\part-062916_209083-022445.parquet,35342,downloaded,35342,
2026-07-17,NSE,HINDUNILVR,raw_l2/trade_date=2026-07-17/exchange=NSE/symbol=HINDUNILVR/part-063139_409096-022765.parquet,real_data_sample\l2_unseen_validation\trade_date=2026-07-17\exchange=NSE\symbol=HINDUNILVR\part-063139_409096-022765.parquet,34731,downloaded,34731,
2026-07-17,NSE,HINDUNILVR,raw_l2/trade_date=2026-07-17/exchange=NSE/symbol=HINDUNILVR/part-063125_226842-022733.parquet,real_data_sample\l2_unseen_validation\trade_date=2026-07-17\exchange=NSE\symbol=HINDUNILVR\part-063125_226842-022733.parquet,34694,downloaded,34694,
2026-07-17,NSE,HINDUNILVR,raw_l2/trade_date=2026-07-17/exchange=NSE/symbol=HINDUNILVR/part-062931_258569-022477.parquet,real_data_sample\l2_unseen_validation\trade_date=2026-07-17\exchange=NSE\symbol=HINDUNILVR\part-062931_258569-022477.parquet,35212,downloaded,35212,
2026-07-17,NSE,HINDUNILVR,raw_l2/trade_date=2026-07-17/exchange=NSE/symbol=HINDUNILVR/part-062959_921684-022541.parquet,real_data_sample\l2_unseen_validation\trade_date=2026-07-17\exchange=NSE\symbol=HINDUNILVR\part-062959_921684-022541.parquet,35275,downloaded,35275,
2026-07-17,NSE,HINDUNILVR,raw_l2/trade_date=2026-07-17/exchange=NSE/symbol=HINDUNILVR/part-062902_179224-022413.parquet,real_data_sample\l2_unseen_validation\trade_date=2026-07-17\exchange=NSE\symbol=HINDUNILVR\part-062902_179224-022413.parquet,34685,downloaded,34685,
2026-07-17,NSE,HINDUNILVR,raw_l2/trade_date=2026-07-17/exchange=NSE/symbol=HINDUNILVR/part-063207_166768-022829.parquet,real_data_sample\l2_unseen_validation\trade_date=2026-07-17\exchange=NSE\symbol=HINDUNILVR\part-063207_166768-022829.parquet,34834,downloaded,34834,
2026-07-17,NSE,HINDUNILVR,raw_l2/trade_date=2026-07-17/exchange=NSE/symbol=HINDUNILVR/part-063028_566559-022605.parquet,real_data_sample\l2_unseen_validation\trade_date=2026-07-17\exchange=NSE\symbol=HINDUNILVR\part-063028_566559-022605.parquet,34634,downloaded,34634,
2026-07-17,NSE,HINDUNILVR,raw_l2/trade_date=2026-07-17/exchange=NSE/symbol=HINDUNILVR/part-063014_449587-022573.parquet,real_data_sample\l2_unseen_validation\trade_date=2026-07-17\exchange=NSE\symbol=HINDUNILVR\part-063014_449587-022573.parquet,35329,downloaded,35329,
2026-07-17,NSE,HINDUNILVR,raw_l2/trade_date=2026-07-17/exchange=NSE/symbol=HINDUNILVR/part-063042_778450-022637.parquet,real_data_sample\l2_unseen_validation\trade_date=2026-07-17\exchange=NSE\symbol=HINDUNILVR\part-063042_778450-022637.parquet,34673,downloaded,34673,
2026-07-17,NSE,HINDUNILVR,raw_l2/trade_date=2026-07-17/exchange=NSE/symbol=HINDUNILVR/part-063056_735804-022669.parquet,real_data_sample\l2_unseen_validation\trade_date=2026-07-17\exchange=NSE\symbol=HINDUNILVR\part-063056_735804-022669.parquet,34691,downloaded,34691,
2026-07-17,NSE,HINDUNILVR,raw_l2/trade_date=2026-07-17/exchange=NSE/symbol=HINDUNILVR/part-063346_176452-023053.parquet,real_data_sample\l2_unseen_validation\trade_date=2026-07-17\exchange=NSE\symbol=HINDUNILVR\part-063346_176452-023053.parquet,34761,downloaded,34761,
2026-07-17,NSE,HINDUNILVR,raw_l2/trade_date=2026-07-17/exchange=NSE/symbol=HINDUNILVR/part-062736_929119-022221.parquet,real_data_sample\l2_unseen_validation\trade_date=2026-07-17\exchange=NSE\symbol=HINDUNILVR\part-062736_929119-022221.parquet,35635,downloaded,35635,
2026-07-17,NSE,HINDUNILVR,raw_l2/trade_date=2026-07-17/exchange=NSE/symbol=HINDUNILVR/part-063744_353166-023597.parquet,real_data_sample\l2_unseen_validation\trade_date=2026-07-17\exchange=NSE\symbol=HINDUNILVR\part-063744_353166-023597.parquet,34642,downloaded,34642,
2026-07-17,NSE,HINDUNILVR,raw_l2/trade_date=2026-07-17/exchange=NSE/symbol=HINDUNILVR/part-063524_879191-023277.parquet,real_data_sample\l2_unseen_validation\trade_date=2026-07-17\exchange=NSE\symbol=HINDUNILVR\part-063524_879191-023277.parquet,34651,downloaded,34651,
2026-07-17,NSE,HINDUNILVR,raw_l2/trade_date=2026-07-17/exchange=NSE/symbol=HINDUNILVR/part-063606_432608-023373.parquet,real_data_sample\l2_unseen_validation\trade_date=2026-07-17\exchange=NSE\symbol=HINDUNILVR\part-063606_432608-023373.parquet,34513,downloaded,34513,
2026-07-17,NSE,HINDUNILVR,raw_l2/trade_date=2026-07-17/exchange=NSE/symbol=HINDUNILVR/part-063923_408400-023821.parquet,real_data_sample\l2_unseen_validation\trade_date=2026-07-17\exchange=NSE\symbol=HINDUNILVR\part-063923_408400-023821.parquet,34669,downloaded,34669,
2026-07-17,NSE,HINDUNILVR,raw_l2/trade_date=2026-07-17/exchange=NSE/symbol=HINDUNILVR/part-063702_498021-023501.parquet,real_data_sample\l2_unseen_validation\trade_date=2026-07-17\exchange=NSE\symbol=HINDUNILVR\part-063702_498021-023501.parquet,34780,downloaded,34780,
2026-07-17,NSE,HINDUNILVR,raw_l2/trade_date=2026-07-17/exchange=NSE/symbol=HINDUNILVR/part-063909_389573-023789.parquet,real_data_sample\l2_unseen_validation\trade_date=2026-07-17\exchange=NSE\symbol=HINDUNILVR\part-063909_389573-023789.parquet,34738,downloaded,34738,
2026-07-17,NSE,HINDUNILVR,raw_l2/trade_date=2026-07-17/exchange=NSE/symbol=HINDUNILVR/part-064005_162242-023917.parquet,real_data_sample\l2_unseen_validation\trade_date=2026-07-17\exchange=NSE\symbol=HINDUNILVR\part-064005_162242-023917.parquet,34803,downloaded,34803,
2026-07-17,NSE,HINDUNILVR,raw_l2/trade_date=2026-07-17/exchange=NSE/symbol=HINDUNILVR/part-063510_476145-023245.parquet,real_data_sample\l2_unseen_validation\trade_date=2026-07-17\exchange=NSE\symbol=HINDUNILVR\part-063510_476145-023245.parquet,34530,downloaded,34530,
2026-07-17,NSE,HINDUNILVR,raw_l2/trade_date=2026-07-17/exchange=NSE/symbol=HINDUNILVR/part-063937_389976-023853.parquet,real_data_sample\l2_unseen_validation\trade_date=2026-07-17\exchange=NSE\symbol=HINDUNILVR\part-063937_389976-023853.parquet,34817,downloaded,34817,
2026-07-17,NSE,HINDUNILVR,raw_l2/trade_date=2026-07-17/exchange=NSE/symbol=HINDUNILVR/part-063620_418072-023405.parquet,real_data_sample\l2_unseen_validation\trade_date=2026-07-17\exchange=NSE\symbol=HINDUNILVR\part-063620_418072-023405.parquet,34604,downloaded,34604,
2026-07-17,NSE,HINDUNILVR,raw_l2/trade_date=2026-07-17/exchange=NSE/symbol=HINDUNILVR/part-063552_605898-023341.parquet,real_data_sample\l2_unseen_validation\trade_date=2026-07-17\exchange=NSE\symbol=HINDUNILVR\part-063552_605898-023341.parquet,34680,downloaded,34680,
2026-07-17,NSE,HINDUNILVR,raw_l2/trade_date=2026-07-17/exchange=NSE/symbol=HINDUNILVR/part-063648_413761-023469.parquet,real_data_sample\l2_unseen_validation\trade_date=2026-07-17\exchange=NSE\symbol=HINDUNILVR\part-063648_413761-023469.parquet,34540,downloaded,34540,
2026-07-17,NSE,HINDUNILVR,raw_l2/trade_date=2026-07-17/exchange=NSE/symbol=HINDUNILVR/part-063538_664662-023309.parquet,real_data_sample\l2_unseen_validation\trade_date=2026-07-17\exchange=NSE\symbol=HINDUNILVR\part-063538_664662-023309.parquet,34734,downloaded,34734,
2026-07-17,NSE,HINDUNILVR,raw_l2/trade_date=2026-07-17/exchange=NSE/symbol=HINDUNILVR/part-064033_303387-023981.parquet,real_data_sample\l2_unseen_validation\trade_date=2026-07-17\exchange=NSE\symbol=HINDUNILVR\part-064033_303387-023981.parquet,34796,downloaded,34796,
2026-07-17,NSE,HINDUNILVR,raw_l2/trade_date=2026-07-17/exchange=NSE/symbol=HINDUNILVR/part-064019_302408-023949.parquet,real_data_sample\l2_unseen_validation\trade_date=2026-07-17\exchange=NSE\symbol=HINDUNILVR\part-064019_302408-023949.parquet,34761,downloaded,34761,
2026-07-17,NSE,HINDUNILVR,raw_l2/trade_date=2026-07-17/exchange=NSE/symbol=HINDUNILVR/part-063951_405849-023885.parquet,real_data_sample\l2_unseen_validation\trade_date=2026-07-17\exchange=NSE\symbol=HINDUNILVR\part-063951_405849-023885.parquet,34623,downloaded,34623,
2026-07-17,NSE,HINDUNILVR,raw_l2/trade_date=2026-07-17/exchange=NSE/symbol=HINDUNILVR/part-063634_438556-023437.parquet,real_data_sample\l2_unseen_validation\trade_date=2026-07-17\exchange=NSE\symbol=HINDUNILVR\part-063634_438556-023437.parquet,34849,downloaded,34849,
2026-07-17,NSE,HINDUNILVR,raw_l2/trade_date=2026-07-17/exchange=NSE/symbol=HINDUNILVR/part-063855_138371-023757.parquet,real_data_sample\l2_unseen_validation\trade_date=2026-07-17\exchange=NSE\symbol=HINDUNILVR\part-063855_138371-023757.parquet,34699,downloaded,34699,
2026-07-17,NSE,HINDUNILVR,raw_l2/trade_date=2026-07-17/exchange=NSE/symbol=HINDUNILVR/part-063826_216506-023693.parquet,real_data_sample\l2_unseen_validation\trade_date=2026-07-17\exchange=NSE\symbol=HINDUNILVR\part-063826_216506-023693.parquet,34694,downloaded,34694,
2026-07-17,NSE,HINDUNILVR,raw_l2/trade_date=2026-07-17/exchange=NSE/symbol=HINDUNILVR/part-063442_401069-023181.parquet,real_data_sample\l2_unseen_validation\trade_date=2026-07-17\exchange=NSE\symbol=HINDUNILVR\part-063442_401069-023181.parquet,34720,downloaded,34720,
2026-07-17,NSE,HINDUNILVR,raw_l2/trade_date=2026-07-17/exchange=NSE/symbol=HINDUNILVR/part-064047_475259-024013.parquet,real_data_sample\l2_unseen_validation\trade_date=2026-07-17\exchange=NSE\symbol=HINDUNILVR\part-064047_475259-024013.parquet,34901,downloaded,34901,
2026-07-17,NSE,HINDUNILVR,raw_l2/trade_date=2026-07-17/exchange=NSE/symbol=HINDUNILVR/part-063840_473631-023725.parquet,real_data_sample\l2_unseen_validation\trade_date=2026-07-17\exchange=NSE\symbol=HINDUNILVR\part-063840_473631-023725.parquet,34937,downloaded,34937,
2026-07-17,NSE,HINDUNILVR,raw_l2/trade_date=2026-07-17/exchange=NSE/symbol=HINDUNILVR/part-064101_404576-024045.parquet,real_data_sample\l2_unseen_validation\trade_date=2026-07-17\exchange=NSE\symbol=HINDUNILVR\part-064101_404576-024045.parquet,34870,downloaded,34870,
2026-07-17,NSE,HINDUNILVR,raw_l2/trade_date=2026-07-17/exchange=NSE/symbol=HINDUNILVR/part-063811_976071-023661.parquet,real_data_sample\l2_unseen_validation\trade_date=2026-07-17\exchange=NSE\symbol=HINDUNILVR\part-063811_976071-023661.parquet,34831,downloaded,34831,
2026-07-17,NSE,HINDUNILVR,raw_l2/trade_date=2026-07-17/exchange=NSE/symbol=HINDUNILVR/part-063730_341194-023565.parquet,real_data_sample\l2_unseen_validation\trade_date=2026-07-17\exchange=NSE\symbol=HINDUNILVR\part-063730_341194-023565.parquet,34684,downloaded,34684,
2026-07-17,NSE,HINDUNILVR,raw_l2/trade_date=2026-07-17/exchange=NSE/symbol=HINDUNILVR/part-063716_468898-023533.parquet,real_data_sample\l2_unseen_validation\trade_date=2026-07-17\exchange=NSE\symbol=HINDUNILVR\part-063716_468898-023533.parquet,34861,downloaded,34861,
2026-07-17,NSE,HINDUNILVR,raw_l2/trade_date=2026-07-17/exchange=NSE/symbol=HINDUNILVR/part-063758_093656-023629.parquet,real_data_sample\l2_unseen_validation\trade_date=2026-07-17\exchange=NSE\symbol=HINDUNILVR\part-063758_093656-023629.parquet,34712,downloaded,34712,
2026-07-17,NSE,HINDUNILVR,raw_l2/trade_date=2026-07-17/exchange=NSE/symbol=HINDUNILVR/part-063400_203224-023085.parquet,real_data_sample\l2_unseen_validation\trade_date=2026-07-17\exchange=NSE\symbol=HINDUNILVR\part-063400_203224-023085.parquet,34747,downloaded,34747,
2026-07-17,NSE,HINDUNILVR,raw_l2/trade_date=2026-07-17/exchange=NSE/symbol=HINDUNILVR/part-063428_425658-023149.parquet,real_data_sample\l2_unseen_validation\trade_date=2026-07-17\exchange=NSE\symbol=HINDUNILVR\part-063428_425658-023149.parquet,34406,downloaded,34406,
2026-07-17,NSE,HINDUNILVR,raw_l2/trade_date=2026-07-17/exchange=NSE/symbol=HINDUNILVR/part-064552_560762-024717.parquet,real_data_sample\l2_unseen_validation\trade_date=2026-07-17\exchange=NSE\symbol=HINDUNILVR\part-064552_560762-024717.parquet,34752,downloaded,34752,
2026-07-17,NSE,HINDUNILVR,raw_l2/trade_date=2026-07-17/exchange=NSE/symbol=HINDUNILVR/part-063456_398288-023213.parquet,real_data_sample\l2_unseen_validation\trade_date=2026-07-17\exchange=NSE\symbol=HINDUNILVR\part-063456_398288-023213.parquet,34809,downloaded,34809,
2026-07-17,NSE,HINDUNILVR,raw_l2/trade_date=2026-07-17/exchange=NSE/symbol=HINDUNILVR/part-064157_077854-024173.parquet,real_data_sample\l2_unseen_validation\trade_date=2026-07-17\exchange=NSE\symbol=HINDUNILVR\part-064157_077854-024173.parquet,35676,downloaded,35676,
2026-07-17,NSE,HINDUNILVR,raw_l2/trade_date=2026-07-17/exchange=NSE/symbol=HINDUNILVR/part-064143_349524-024141.parquet,real_data_sample\l2_unseen_validation\trade_date=2026-07-17\exchange=NSE\symbol=HINDUNILVR\part-064143_349524-024141.parquet,35334,downloaded,35334,
2026-07-17,NSE,HINDUNILVR,raw_l2/trade_date=2026-07-17/exchange=NSE/symbol=HINDUNILVR/part-064129_076735-024109.parquet,real_data_sample\l2_unseen_validation\trade_date=2026-07-17\exchange=NSE\symbol=HINDUNILVR\part-064129_076735-024109.parquet,35800,downloaded,35800,
2026-07-17,NSE,HINDUNILVR,raw_l2/trade_date=2026-07-17/exchange=NSE/symbol=HINDUNILVR/part-064443_093273-024557.parquet,real_data_sample\l2_unseen_validation\trade_date=2026-07-17\exchange=NSE\symbol=HINDUNILVR\part-064443_093273-024557.parquet,35008,downloaded,35008,
2026-07-17,NSE,HINDUNILVR,raw_l2/trade_date=2026-07-17/exchange=NSE/symbol=HINDUNILVR/part-064210_896004-024205.parquet,real_data_sample\l2_unseen_validation\trade_date=2026-07-17\exchange=NSE\symbol=HINDUNILVR\part-064210_896004-024205.parquet,35439,downloaded,35439,
2026-07-17,NSE,HINDUNILVR,raw_l2/trade_date=2026-07-17/exchange=NSE/symbol=HINDUNILVR/part-064715_888489-024909.parquet,real_data_sample\l2_unseen_validation\trade_date=2026-07-17\exchange=NSE\symbol=HINDUNILVR\part-064715_888489-024909.parquet,35298,downloaded,35298,
2026-07-17,NSE,HINDUNILVR,raw_l2/trade_date=2026-07-17/exchange=NSE/symbol=HINDUNILVR/part-064115_325451-024077.parquet,real_data_sample\l2_unseen_validation\trade_date=2026-07-17\exchange=NSE\symbol=HINDUNILVR\part-064115_325451-024077.parquet,35161,downloaded,35161,
2026-07-17,NSE,HINDUNILVR,raw_l2/trade_date=2026-07-17/exchange=NSE/symbol=HINDUNILVR/part-064415_363560-024493.parquet,real_data_sample\l2_unseen_validation\trade_date=2026-07-17\exchange=NSE\symbol=HINDUNILVR\part-064415_363560-024493.parquet,34989,downloaded,34989,
2026-07-17,NSE,HINDUNILVR,raw_l2/trade_date=2026-07-17/exchange=NSE/symbol=HINDUNILVR/part-064620_090346-024781.parquet,real_data_sample\l2_unseen_validation\trade_date=2026-07-17\exchange=NSE\symbol=HINDUNILVR\part-064620_090346-024781.parquet,35631,downloaded,35631,
2026-07-17,NSE,HINDUNILVR,raw_l2/trade_date=2026-07-17/exchange=NSE/symbol=HINDUNILVR/part-064252_317934-024301.parquet,real_data_sample\l2_unseen_validation\trade_date=2026-07-17\exchange=NSE\symbol=HINDUNILVR\part-064252_317934-024301.parquet,34617,downloaded,34617,
2026-07-17,NSE,HINDUNILVR,raw_l2/trade_date=2026-07-17/exchange=NSE/symbol=HINDUNILVR/part-064238_575623-024269.parquet,real_data_sample\l2_unseen_validation\trade_date=2026-07-17\exchange=NSE\symbol=HINDUNILVR\part-064238_575623-024269.parquet,34728,downloaded,34728,
2026-07-17,NSE,HINDUNILVR,raw_l2/trade_date=2026-07-17/exchange=NSE/symbol=HINDUNILVR/part-064224_920554-024237.parquet,real_data_sample\l2_unseen_validation\trade_date=2026-07-17\exchange=NSE\symbol=HINDUNILVR\part-064224_920554-024237.parquet,34583,downloaded,34583,
2026-07-17,NSE,HINDUNILVR,raw_l2/trade_date=2026-07-17/exchange=NSE/symbol=HINDUNILVR/part-064456_876063-024589.parquet,real_data_sample\l2_unseen_validation\trade_date=2026-07-17\exchange=NSE\symbol=HINDUNILVR\part-064456_876063-024589.parquet,35486,downloaded,35486,
2026-07-17,NSE,HINDUNILVR,raw_l2/trade_date=2026-07-17/exchange=NSE/symbol=HINDUNILVR/part-064729_632336-024941.parquet,real_data_sample\l2_unseen_validation\trade_date=2026-07-17\exchange=NSE\symbol=HINDUNILVR\part-064729_632336-024941.parquet,35249,downloaded,35249,
2026-07-17,NSE,HINDUNILVR,raw_l2/trade_date=2026-07-17/exchange=NSE/symbol=HINDUNILVR/part-064306_094635-024333.parquet,real_data_sample\l2_unseen_validation\trade_date=2026-07-17\exchange=NSE\symbol=HINDUNILVR\part-064306_094635-024333.parquet,34696,downloaded,34696,
2026-07-17,NSE,HINDUNILVR,raw_l2/trade_date=2026-07-17/exchange=NSE/symbol=HINDUNILVR/part-064333_851329-024397.parquet,real_data_sample\l2_unseen_validation\trade_date=2026-07-17\exchange=NSE\symbol=HINDUNILVR\part-064333_851329-024397.parquet,34794,downloaded,34794,
2026-07-17,NSE,HINDUNILVR,raw_l2/trade_date=2026-07-17/exchange=NSE/symbol=HINDUNILVR/part-064633_848139-024813.parquet,real_data_sample\l2_unseen_validation\trade_date=2026-07-17\exchange=NSE\symbol=HINDUNILVR\part-064633_848139-024813.parquet,35460,downloaded,35460,
2026-07-17,NSE,HINDUNILVR,raw_l2/trade_date=2026-07-17/exchange=NSE/symbol=HINDUNILVR/part-064647_851310-024845.parquet,real_data_sample\l2_unseen_validation\trade_date=2026-07-17\exchange=NSE\symbol=HINDUNILVR\part-064647_851310-024845.parquet,35854,downloaded,35854,
2026-07-17,NSE,HINDUNILVR,raw_l2/trade_date=2026-07-17/exchange=NSE/symbol=HINDUNILVR/part-064347_582643-024429.parquet,real_data_sample\l2_unseen_validation\trade_date=2026-07-17\exchange=NSE\symbol=HINDUNILVR\part-064347_582643-024429.parquet,34650,downloaded,34650,
2026-07-17,NSE,HINDUNILVR,raw_l2/trade_date=2026-07-17/exchange=NSE/symbol=HINDUNILVR/part-064538_835704-024685.parquet,real_data_sample\l2_unseen_validation\trade_date=2026-07-17\exchange=NSE\symbol=HINDUNILVR\part-064538_835704-024685.parquet,34618,downloaded,34618,
2026-07-17,NSE,HINDUNILVR,raw_l2/trade_date=2026-07-17/exchange=NSE/symbol=HINDUNILVR/part-064510_911954-024621.parquet,real_data_sample\l2_unseen_validation\trade_date=2026-07-17\exchange=NSE\symbol=HINDUNILVR\part-064510_911954-024621.parquet,35529,downloaded,35529,
2026-07-17,NSE,HINDUNILVR,raw_l2/trade_date=2026-07-17/exchange=NSE/symbol=HINDUNILVR/part-064606_296823-024749.parquet,real_data_sample\l2_unseen_validation\trade_date=2026-07-17\exchange=NSE\symbol=HINDUNILVR\part-064606_296823-024749.parquet,35149,downloaded,35149,
2026-07-17,NSE,HINDUNILVR,raw_l2/trade_date=2026-07-17/exchange=NSE/symbol=HINDUNILVR/part-064401_360788-024461.parquet,real_data_sample\l2_unseen_validation\trade_date=2026-07-17\exchange=NSE\symbol=HINDUNILVR\part-064401_360788-024461.parquet,34506,downloaded,34506,
2026-07-17,NSE,HINDUNILVR,raw_l2/trade_date=2026-07-17/exchange=NSE/symbol=HINDUNILVR/part-064524_869517-024653.parquet,real_data_sample\l2_unseen_validation\trade_date=2026-07-17\exchange=NSE\symbol=HINDUNILVR\part-064524_869517-024653.parquet,34779,downloaded,34779,
2026-07-17,NSE,HINDUNILVR,raw_l2/trade_date=2026-07-17/exchange=NSE/symbol=HINDUNILVR/part-064701_843419-024877.parquet,real_data_sample\l2_unseen_validation\trade_date=2026-07-17\exchange=NSE\symbol=HINDUNILVR\part-064701_843419-024877.parquet,35257,downloaded,35257,
2026-07-17,NSE,HINDUNILVR,raw_l2/trade_date=2026-07-17/exchange=NSE/symbol=HINDUNILVR/part-064319_866340-024365.parquet,real_data_sample\l2_unseen_validation\trade_date=2026-07-17\exchange=NSE\symbol=HINDUNILVR\part-064319_866340-024365.parquet,34745,downloaded,34745,
2026-07-17,NSE,HINDUNILVR,raw_l2/trade_date=2026-07-17/exchange=NSE/symbol=HINDUNILVR/part-063414_408363-023117.parquet,real_data_sample\l2_unseen_validation\trade_date=2026-07-17\exchange=NSE\symbol=HINDUNILVR\part-063414_408363-023117.parquet,34853,downloaded,34853,
2026-07-17,NSE,HINDUNILVR,raw_l2/trade_date=2026-07-17/exchange=NSE/symbol=HINDUNILVR/part-064839_084655-025101.parquet,real_data_sample\l2_unseen_validation\trade_date=2026-07-17\exchange=NSE\symbol=HINDUNILVR\part-064839_084655-025101.parquet,34978,downloaded,34978,
2026-07-17,NSE,HINDUNILVR,raw_l2/trade_date=2026-07-17/exchange=NSE/symbol=HINDUNILVR/part-064811_289140-025037.parquet,real_data_sample\l2_unseen_validation\trade_date=2026-07-17\exchange=NSE\symbol=HINDUNILVR\part-064811_289140-025037.parquet,35100,downloaded,35100,
2026-07-17,NSE,HINDUNILVR,raw_l2/trade_date=2026-07-17/exchange=NSE/symbol=HINDUNILVR/part-064934_401339-025229.parquet,real_data_sample\l2_unseen_validation\trade_date=2026-07-17\exchange=NSE\symbol=HINDUNILVR\part-064934_401339-025229.parquet,34989,downloaded,34989,
2026-07-17,NSE,HINDUNILVR,raw_l2/trade_date=2026-07-17/exchange=NSE/symbol=HINDUNILVR/part-065044_273598-025389.parquet,real_data_sample\l2_unseen_validation\trade_date=2026-07-17\exchange=NSE\symbol=HINDUNILVR\part-065044_273598-025389.parquet,35373,downloaded,35373,
2026-07-17,NSE,HINDUNILVR,raw_l2/trade_date=2026-07-17/exchange=NSE/symbol=HINDUNILVR/part-065112_361612-025453.parquet,real_data_sample\l2_unseen_validation\trade_date=2026-07-17\exchange=NSE\symbol=HINDUNILVR\part-065112_361612-025453.parquet,35883,downloaded,35883,
2026-07-17,NSE,HINDUNILVR,raw_l2/trade_date=2026-07-17/exchange=NSE/symbol=HINDUNILVR/part-064852_853374-025133.parquet,real_data_sample\l2_unseen_validation\trade_date=2026-07-17\exchange=NSE\symbol=HINDUNILVR\part-064852_853374-025133.parquet,34757,downloaded,34757,
2026-07-17,NSE,HINDUNILVR,raw_l2/trade_date=2026-07-17/exchange=NSE/symbol=HINDUNILVR/part-064920_578659-025197.parquet,real_data_sample\l2_unseen_validation\trade_date=2026-07-17\exchange=NSE\symbol=HINDUNILVR\part-064920_578659-025197.parquet,35118,downloaded,35118,
2026-07-17,NSE,HINDUNILVR,raw_l2/trade_date=2026-07-17/exchange=NSE/symbol=HINDUNILVR/part-064906_635132-025165.parquet,real_data_sample\l2_unseen_validation\trade_date=2026-07-17\exchange=NSE\symbol=HINDUNILVR\part-064906_635132-025165.parquet,34630,downloaded,34630,
2026-07-17,NSE,HINDUNILVR,raw_l2/trade_date=2026-07-17/exchange=NSE/symbol=HINDUNILVR/part-064948_370508-025261.parquet,real_data_sample\l2_unseen_validation\trade_date=2026-07-17\exchange=NSE\symbol=HINDUNILVR\part-064948_370508-025261.parquet,34953,downloaded,34953,
2026-07-17,NSE,HINDUNILVR,raw_l2/trade_date=2026-07-17/exchange=NSE/symbol=HINDUNILVR/part-065002_392695-025293.parquet,real_data_sample\l2_unseen_validation\trade_date=2026-07-17\exchange=NSE\symbol=HINDUNILVR\part-065002_392695-025293.parquet,34879,downloaded,34879,
2026-07-17,NSE,HINDUNILVR,raw_l2/trade_date=2026-07-17/exchange=NSE/symbol=HINDUNILVR/part-064429_361396-024525.parquet,real_data_sample\l2_unseen_validation\trade_date=2026-07-17\exchange=NSE\symbol=HINDUNILVR\part-064429_361396-024525.parquet,35500,downloaded,35500,
2026-07-17,NSE,HINDUNILVR,raw_l2/trade_date=2026-07-17/exchange=NSE/symbol=HINDUNILVR/part-065154_420467-025549.parquet,real_data_sample\l2_unseen_validation\trade_date=2026-07-17\exchange=NSE\symbol=HINDUNILVR\part-065154_420467-025549.parquet,36377,downloaded,36377,
2026-07-17,NSE,HINDUNILVR,raw_l2/trade_date=2026-07-17/exchange=NSE/symbol=HINDUNILVR/part-065318_979601-025741.parquet,real_data_sample\l2_unseen_validation\trade_date=2026-07-17\exchange=NSE\symbol=HINDUNILVR\part-065318_979601-025741.parquet,34912,downloaded,34912,
2026-07-17,NSE,HINDUNILVR,raw_l2/trade_date=2026-07-17/exchange=NSE/symbol=HINDUNILVR/part-065208_545606-025581.parquet,real_data_sample\l2_unseen_validation\trade_date=2026-07-17\exchange=NSE\symbol=HINDUNILVR\part-065208_545606-025581.parquet,36027,downloaded,36027,
2026-07-17,NSE,HINDUNILVR,raw_l2/trade_date=2026-07-17/exchange=NSE/symbol=HINDUNILVR/part-065304_974561-025709.parquet,real_data_sample\l2_unseen_validation\trade_date=2026-07-17\exchange=NSE\symbol=HINDUNILVR\part-065304_974561-025709.parquet,35045,downloaded,35045,
2026-07-17,NSE,HINDUNILVR,raw_l2/trade_date=2026-07-17/exchange=NSE/symbol=HINDUNILVR/part-065058_361768-025421.parquet,real_data_sample\l2_unseen_validation\trade_date=2026-07-17\exchange=NSE\symbol=HINDUNILVR\part-065058_361768-025421.parquet,35718,downloaded,35718,
2026-07-17,NSE,HINDUNILVR,raw_l2/trade_date=2026-07-17/exchange=NSE/symbol=HINDUNILVR/part-065030_072748-025357.parquet,real_data_sample\l2_unseen_validation\trade_date=2026-07-17\exchange=NSE\symbol=HINDUNILVR\part-065030_072748-025357.parquet,35694,downloaded,35694,
2026-07-17,NSE,HINDUNILVR,raw_l2/trade_date=2026-07-17/exchange=NSE/symbol=HINDUNILVR/part-065016_336089-025325.parquet,real_data_sample\l2_unseen_validation\trade_date=2026-07-17\exchange=NSE\symbol=HINDUNILVR\part-065016_336089-025325.parquet,35244,downloaded,35244,
2026-07-17,NSE,HINDUNILVR,raw_l2/trade_date=2026-07-17/exchange=NSE/symbol=HINDUNILVR/part-065332_894244-025773.parquet,real_data_sample\l2_unseen_validation\trade_date=2026-07-17\exchange=NSE\symbol=HINDUNILVR\part-065332_894244-025773.parquet,34768,downloaded,34768,
2026-07-17,NSE,HINDUNILVR,raw_l2/trade_date=2026-07-17/exchange=NSE/symbol=HINDUNILVR/part-065126_393573-025485.parquet,real_data_sample\l2_unseen_validation\trade_date=2026-07-17\exchange=NSE\symbol=HINDUNILVR\part-065126_393573-025485.parquet,36209,downloaded,36209,
2026-07-17,NSE,HINDUNILVR,raw_l2/trade_date=2026-07-17/exchange=NSE/symbol=HINDUNILVR/part-065414_909811-025869.parquet,real_data_sample\l2_unseen_validation\trade_date=2026-07-17\exchange=NSE\symbol=HINDUNILVR\part-065414_909811-025869.parquet,34875,downloaded,34875,
2026-07-17,NSE,HINDUNILVR,raw_l2/trade_date=2026-07-17/exchange=NSE/symbol=HINDUNILVR/part-065428_884026-025901.parquet,real_data_sample\l2_unseen_validation\trade_date=2026-07-17\exchange=NSE\symbol=HINDUNILVR\part-065428_884026-025901.parquet,34627,downloaded,34627,
2026-07-17,NSE,HINDUNILVR,raw_l2/trade_date=2026-07-17/exchange=NSE/symbol=HINDUNILVR/part-065250_862519-025677.parquet,real_data_sample\l2_unseen_validation\trade_date=2026-07-17\exchange=NSE\symbol=HINDUNILVR\part-065250_862519-025677.parquet,34955,downloaded,34955,
2026-07-17,NSE,HINDUNILVR,raw_l2/trade_date=2026-07-17/exchange=NSE/symbol=HINDUNILVR/part-065222_666160-025613.parquet,real_data_sample\l2_unseen_validation\trade_date=2026-07-17\exchange=NSE\symbol=HINDUNILVR\part-065222_666160-025613.parquet,35877,downloaded,35877,
2026-07-17,NSE,HINDUNILVR,raw_l2/trade_date=2026-07-17/exchange=NSE/symbol=HINDUNILVR/part-065236_690864-025645.parquet,real_data_sample\l2_unseen_validation\trade_date=2026-07-17\exchange=NSE\symbol=HINDUNILVR\part-065236_690864-025645.parquet,35254,downloaded,35254,
2026-07-17,NSE,HINDUNILVR,raw_l2/trade_date=2026-07-17/exchange=NSE/symbol=HINDUNILVR/part-065140_399754-025517.parquet,real_data_sample\l2_unseen_validation\trade_date=2026-07-17\exchange=NSE\symbol=HINDUNILVR\part-065140_399754-025517.parquet,36318,downloaded,36318,
2026-07-17,NSE,HINDUNILVR,raw_l2/trade_date=2026-07-17/exchange=NSE/symbol=HINDUNILVR/part-065346_668064-025805.parquet,real_data_sample\l2_unseen_validation\trade_date=2026-07-17\exchange=NSE\symbol=HINDUNILVR\part-065346_668064-025805.parquet,34836,downloaded,34836,
2026-07-17,NSE,HINDUNILVR,raw_l2/trade_date=2026-07-17/exchange=NSE/symbol=HINDUNILVR/part-065400_786948-025837.parquet,real_data_sample\l2_unseen_validation\trade_date=2026-07-17\exchange=NSE\symbol=HINDUNILVR\part-065400_786948-025837.parquet,34654,downloaded,34654,
2026-07-17,NSE,HINDUNILVR,raw_l2/trade_date=2026-07-17/exchange=NSE/symbol=HINDUNILVR/part-064743_601229-024973.parquet,real_data_sample\l2_unseen_validation\trade_date=2026-07-17\exchange=NSE\symbol=HINDUNILVR\part-064743_601229-024973.parquet,35100,downloaded,35100,
2026-07-17,NSE,HINDUNILVR,raw_l2/trade_date=2026-07-17/exchange=NSE/symbol=HINDUNILVR/part-064757_322691-025005.parquet,real_data_sample\l2_unseen_validation\trade_date=2026-07-17\exchange=NSE\symbol=HINDUNILVR\part-064757_322691-025005.parquet,35095,downloaded,35095,
2026-07-17,NSE,HINDUNILVR,raw_l2/trade_date=2026-07-17/exchange=NSE/symbol=HINDUNILVR/part-065456_979807-025965.parquet,real_data_sample\l2_unseen_validation\trade_date=2026-07-17\exchange=NSE\symbol=HINDUNILVR\part-065456_979807-025965.parquet,34681,downloaded,34681,
2026-07-17,NSE,HINDUNILVR,raw_l2/trade_date=2026-07-17/exchange=NSE/symbol=HINDUNILVR/part-065511_131787-025997.parquet,real_data_sample\l2_unseen_validation\trade_date=2026-07-17\exchange=NSE\symbol=HINDUNILVR\part-065511_131787-025997.parquet,34899,downloaded,34899,
2026-07-17,NSE,HINDUNILVR,raw_l2/trade_date=2026-07-17/exchange=NSE/symbol=HINDUNILVR/part-065607_451226-026125.parquet,real_data_sample\l2_unseen_validation\trade_date=2026-07-17\exchange=NSE\symbol=HINDUNILVR\part-065607_451226-026125.parquet,34752,downloaded,34752,
2026-07-17,NSE,HINDUNILVR,raw_l2/trade_date=2026-07-17/exchange=NSE/symbol=HINDUNILVR/part-065525_208764-026029.parquet,real_data_sample\l2_unseen_validation\trade_date=2026-07-17\exchange=NSE\symbol=HINDUNILVR\part-065525_208764-026029.parquet,34702,downloaded,34702,
2026-07-17,NSE,HINDUNILVR,raw_l2/trade_date=2026-07-17/exchange=NSE/symbol=HINDUNILVR/part-065621_509699-026157.parquet,real_data_sample\l2_unseen_validation\trade_date=2026-07-17\exchange=NSE\symbol=HINDUNILVR\part-065621_509699-026157.parquet,35144,downloaded,35144,
2026-07-17,NSE,HINDUNILVR,raw_l2/trade_date=2026-07-17/exchange=NSE/symbol=HINDUNILVR/part-065553_418818-026093.parquet,real_data_sample\l2_unseen_validation\trade_date=2026-07-17\exchange=NSE\symbol=HINDUNILVR\part-065553_418818-026093.parquet,34772,downloaded,34772,
2026-07-17,NSE,HINDUNILVR,raw_l2/trade_date=2026-07-17/exchange=NSE/symbol=HINDUNILVR/part-065539_501755-026061.parquet,real_data_sample\l2_unseen_validation\trade_date=2026-07-17\exchange=NSE\symbol=HINDUNILVR\part-065539_501755-026061.parquet,34623,downloaded,34623,
2026-07-17,NSE,HINDUNILVR,raw_l2/trade_date=2026-07-17/exchange=NSE/symbol=HINDUNILVR/part-065635_420876-026189.parquet,real_data_sample\l2_unseen_validation\trade_date=2026-07-17\exchange=NSE\symbol=HINDUNILVR\part-065635_420876-026189.parquet,35239,downloaded,35239,
2026-07-17,NSE,HINDUNILVR,raw_l2/trade_date=2026-07-17/exchange=NSE/symbol=HINDUNILVR/part-065649_428826-026221.parquet,real_data_sample\l2_unseen_validation\trade_date=2026-07-17\exchange=NSE\symbol=HINDUNILVR\part-065649_428826-026221.parquet,35370,downloaded,35370,
2026-07-17,NSE,HINDUNILVR,raw_l2/trade_date=2026-07-17/exchange=NSE/symbol=HINDUNILVR/part-065828_334806-026445.parquet,real_data_sample\l2_unseen_validation\trade_date=2026-07-17\exchange=NSE\symbol=HINDUNILVR\part-065828_334806-026445.parquet,35333,downloaded,35333,
2026-07-17,NSE,HINDUNILVR,raw_l2/trade_date=2026-07-17/exchange=NSE/symbol=HINDUNILVR/part-065717_396596-026285.parquet,real_data_sample\l2_unseen_validation\trade_date=2026-07-17\exchange=NSE\symbol=HINDUNILVR\part-065717_396596-026285.parquet,35013,downloaded,35013,
2026-07-17,NSE,HINDUNILVR,raw_l2/trade_date=2026-07-17/exchange=NSE/symbol=HINDUNILVR/part-065745_466446-026349.parquet,real_data_sample\l2_unseen_validation\trade_date=2026-07-17\exchange=NSE\symbol=HINDUNILVR\part-065745_466446-026349.parquet,34600,downloaded,34600,
2026-07-17,NSE,HINDUNILVR,raw_l2/trade_date=2026-07-17/exchange=NSE/symbol=HINDUNILVR/part-065925_625481-026573.parquet,real_data_sample\l2_unseen_validation\trade_date=2026-07-17\exchange=NSE\symbol=HINDUNILVR\part-065925_625481-026573.parquet,35349,downloaded,35349,
2026-07-17,NSE,HINDUNILVR,raw_l2/trade_date=2026-07-17/exchange=NSE/symbol=HINDUNILVR/part-070107_989861-026797.parquet,real_data_sample\l2_unseen_validation\trade_date=2026-07-17\exchange=NSE\symbol=HINDUNILVR\part-070107_989861-026797.parquet,34797,downloaded,34797,
2026-07-17,NSE,HINDUNILVR,raw_l2/trade_date=2026-07-17/exchange=NSE/symbol=HINDUNILVR/part-065814_012476-026413.parquet,real_data_sample\l2_unseen_validation\trade_date=2026-07-17\exchange=NSE\symbol=HINDUNILVR\part-065814_012476-026413.parquet,34677,downloaded,34677,
2026-07-17,NSE,HINDUNILVR,raw_l2/trade_date=2026-07-17/exchange=NSE/symbol=HINDUNILVR/part-065703_383918-026253.parquet,real_data_sample\l2_unseen_validation\trade_date=2026-07-17\exchange=NSE\symbol=HINDUNILVR\part-065703_383918-026253.parquet,35654,downloaded,35654,
2026-07-17,NSE,HINDUNILVR,raw_l2/trade_date=2026-07-17/exchange=NSE/symbol=HINDUNILVR/part-065731_558141-026317.parquet,real_data_sample\l2_unseen_validation\trade_date=2026-07-17\exchange=NSE\symbol=HINDUNILVR\part-065731_558141-026317.parquet,34727,downloaded,34727,
2026-07-17,NSE,HINDUNILVR,raw_l2/trade_date=2026-07-17/exchange=NSE/symbol=HINDUNILVR/part-065955_016491-026637.parquet,real_data_sample\l2_unseen_validation\trade_date=2026-07-17\exchange=NSE\symbol=HINDUNILVR\part-065955_016491-026637.parquet,35328,downloaded,35328,
2026-07-17,NSE,HINDUNILVR,raw_l2/trade_date=2026-07-17/exchange=NSE/symbol=HINDUNILVR/part-065759_737649-026381.parquet,real_data_sample\l2_unseen_validation\trade_date=2026-07-17\exchange=NSE\symbol=HINDUNILVR\part-065759_737649-026381.parquet,34860,downloaded,34860,
2026-07-17,NSE,HINDUNILVR,raw_l2/trade_date=2026-07-17/exchange=NSE/symbol=HINDUNILVR/part-070053_199174-026765.parquet,real_data_sample\l2_unseen_validation\trade_date=2026-07-17\exchange=NSE\symbol=HINDUNILVR\part-070053_199174-026765.parquet,34893,downloaded,34893,
2026-07-17,NSE,HINDUNILVR,raw_l2/trade_date=2026-07-17/exchange=NSE/symbol=HINDUNILVR/part-070009_747302-026669.parquet,real_data_sample\l2_unseen_validation\trade_date=2026-07-17\exchange=NSE\symbol=HINDUNILVR\part-070009_747302-026669.parquet,35713,downloaded,35713,
2026-07-17,NSE,HINDUNILVR,raw_l2/trade_date=2026-07-17/exchange=NSE/symbol=HINDUNILVR/part-065842_799060-026477.parquet,real_data_sample\l2_unseen_validation\trade_date=2026-07-17\exchange=NSE\symbol=HINDUNILVR\part-065842_799060-026477.parquet,35822,downloaded,35822,
2026-07-17,NSE,HINDUNILVR,raw_l2/trade_date=2026-07-17/exchange=NSE/symbol=HINDUNILVR/part-070122_623245-026829.parquet,real_data_sample\l2_unseen_validation\trade_date=2026-07-17\exchange=NSE\symbol=HINDUNILVR\part-070122_623245-026829.parquet,35314,downloaded,35314,
2026-07-17,NSE,HINDUNILVR,raw_l2/trade_date=2026-07-17/exchange=NSE/symbol=HINDUNILVR/part-070038_499109-026733.parquet,real_data_sample\l2_unseen_validation\trade_date=2026-07-17\exchange=NSE\symbol=HINDUNILVR\part-070038_499109-026733.parquet,34905,downloaded,34905,
2026-07-17,NSE,HINDUNILVR,raw_l2/trade_date=2026-07-17/exchange=NSE/symbol=HINDUNILVR/part-070024_276582-026701.parquet,real_data_sample\l2_unseen_validation\trade_date=2026-07-17\exchange=NSE\symbol=HINDUNILVR\part-070024_276582-026701.parquet,34857,downloaded,34857,
2026-07-17,NSE,HINDUNILVR,raw_l2/trade_date=2026-07-17/exchange=NSE/symbol=HINDUNILVR/part-065940_445521-026605.parquet,real_data_sample\l2_unseen_validation\trade_date=2026-07-17\exchange=NSE\symbol=HINDUNILVR\part-065940_445521-026605.parquet,35381,downloaded,35381,
2026-07-17,NSE,HINDUNILVR,raw_l2/trade_date=2026-07-17/exchange=NSE/symbol=HINDUNILVR/part-065856_965581-026509.parquet,real_data_sample\l2_unseen_validation\trade_date=2026-07-17\exchange=NSE\symbol=HINDUNILVR\part-065856_965581-026509.parquet,35333,downloaded,35333,
2026-07-17,NSE,HINDUNILVR,raw_l2/trade_date=2026-07-17/exchange=NSE/symbol=HINDUNILVR/part-065911_211341-026541.parquet,real_data_sample\l2_unseen_validation\trade_date=2026-07-17\exchange=NSE\symbol=HINDUNILVR\part-065911_211341-026541.parquet,35210,downloaded,35210,
2026-07-17,NSE,HINDUNILVR,raw_l2/trade_date=2026-07-17/exchange=NSE/symbol=HINDUNILVR/part-070206_808717-026925.parquet,real_data_sample\l2_unseen_validation\trade_date=2026-07-17\exchange=NSE\symbol=HINDUNILVR\part-070206_808717-026925.parquet,35451,downloaded,35451,
2026-07-17,NSE,HINDUNILVR,raw_l2/trade_date=2026-07-17/exchange=NSE/symbol=HINDUNILVR/part-064825_178271-025069.parquet,real_data_sample\l2_unseen_validation\trade_date=2026-07-17\exchange=NSE\symbol=HINDUNILVR\part-064825_178271-025069.parquet,34771,downloaded,34771,
2026-07-17,NSE,HINDUNILVR,raw_l2/trade_date=2026-07-17/exchange=NSE/symbol=HINDUNILVR/part-070221_555580-026957.parquet,real_data_sample\l2_unseen_validation\trade_date=2026-07-17\exchange=NSE\symbol=HINDUNILVR\part-070221_555580-026957.parquet,35136,downloaded,35136,
2026-07-17,NSE,HINDUNILVR,raw_l2/trade_date=2026-07-17/exchange=NSE/symbol=HINDUNILVR/part-070236_274250-026989.parquet,real_data_sample\l2_unseen_validation\trade_date=2026-07-17\exchange=NSE\symbol=HINDUNILVR\part-070236_274250-026989.parquet,34756,downloaded,34756,
2026-07-17,NSE,HINDUNILVR,raw_l2/trade_date=2026-07-17/exchange=NSE/symbol=HINDUNILVR/part-070250_917679-027021.parquet,real_data_sample\l2_unseen_validation\trade_date=2026-07-17\exchange=NSE\symbol=HINDUNILVR\part-070250_917679-027021.parquet,34557,downloaded,34557,
2026-07-17,NSE,HINDUNILVR,raw_l2/trade_date=2026-07-17/exchange=NSE/symbol=HINDUNILVR/part-070320_658843-027085.parquet,real_data_sample\l2_unseen_validation\trade_date=2026-07-17\exchange=NSE\symbol=HINDUNILVR\part-070320_658843-027085.parquet,35096,downloaded,35096,
2026-07-17,NSE,HINDUNILVR,raw_l2/trade_date=2026-07-17/exchange=NSE/symbol=HINDUNILVR/part-070335_089573-027117.parquet,real_data_sample\l2_unseen_validation\trade_date=2026-07-17\exchange=NSE\symbol=HINDUNILVR\part-070335_089573-027117.parquet,35217,downloaded,35217,
2026-07-17,NSE,HINDUNILVR,raw_l2/trade_date=2026-07-17/exchange=NSE/symbol=HINDUNILVR/part-070305_901505-027053.parquet,real_data_sample\l2_unseen_validation\trade_date=2026-07-17\exchange=NSE\symbol=HINDUNILVR\part-070305_901505-027053.parquet,34886,downloaded,34886,
2026-07-17,NSE,HINDUNILVR,raw_l2/trade_date=2026-07-17/exchange=NSE/symbol=HINDUNILVR/part-070403_893985-027181.parquet,real_data_sample\l2_unseen_validation\trade_date=2026-07-17\exchange=NSE\symbol=HINDUNILVR\part-070403_893985-027181.parquet,35265,downloaded,35265,
2026-07-17,NSE,HINDUNILVR,raw_l2/trade_date=2026-07-17/exchange=NSE/symbol=HINDUNILVR/part-070349_344677-027149.parquet,real_data_sample\l2_unseen_validation\trade_date=2026-07-17\exchange=NSE\symbol=HINDUNILVR\part-070349_344677-027149.parquet,35617,downloaded,35617,
2026-07-17,NSE,HINDUNILVR,raw_l2/trade_date=2026-07-17/exchange=NSE/symbol=HINDUNILVR/part-070418_053810-027213.parquet,real_data_sample\l2_unseen_validation\trade_date=2026-07-17\exchange=NSE\symbol=HINDUNILVR\part-070418_053810-027213.parquet,35189,downloaded,35189,
2026-07-17,NSE,HINDUNILVR,raw_l2/trade_date=2026-07-17/exchange=NSE/symbol=HINDUNILVR/part-065442_850121-025933.parquet,real_data_sample\l2_unseen_validation\trade_date=2026-07-17\exchange=NSE\symbol=HINDUNILVR\part-065442_850121-025933.parquet,34486,downloaded,34486,
2026-07-17,NSE,HINDUNILVR,raw_l2/trade_date=2026-07-17/exchange=NSE/symbol=HINDUNILVR/part-070432_230006-027245.parquet,real_data_sample\l2_unseen_validation\trade_date=2026-07-17\exchange=NSE\symbol=HINDUNILVR\part-070432_230006-027245.parquet,34886,downloaded,34886,
2026-07-17,NSE,HINDUNILVR,raw_l2/trade_date=2026-07-17/exchange=NSE/symbol=HINDUNILVR/part-070446_480983-027277.parquet,real_data_sample\l2_unseen_validation\trade_date=2026-07-17\exchange=NSE\symbol=HINDUNILVR\part-070446_480983-027277.parquet,34732,downloaded,34732,
2026-07-17,NSE,HINDUNILVR,raw_l2/trade_date=2026-07-17/exchange=NSE/symbol=HINDUNILVR/part-070137_278204-026861.parquet,real_data_sample\l2_unseen_validation\trade_date=2026-07-17\exchange=NSE\symbol=HINDUNILVR\part-070137_278204-026861.parquet,35774,downloaded,35774,
2026-07-17,NSE,HINDUNILVR,raw_l2/trade_date=2026-07-17/exchange=NSE/symbol=HINDUNILVR/part-070530_147442-027373.parquet,real_data_sample\l2_unseen_validation\trade_date=2026-07-17\exchange=NSE\symbol=HINDUNILVR\part-070530_147442-027373.parquet,34684,downloaded,34684,
2026-07-17,NSE,HINDUNILVR,raw_l2/trade_date=2026-07-17/exchange=NSE/symbol=HINDUNILVR/part-070558_749145-027437.parquet,real_data_sample\l2_unseen_validation\trade_date=2026-07-17\exchange=NSE\symbol=HINDUNILVR\part-070558_749145-027437.parquet,34763,downloaded,34763,
2026-07-17,NSE,HINDUNILVR,raw_l2/trade_date=2026-07-17/exchange=NSE/symbol=HINDUNILVR/part-070515_621286-027341.parquet,real_data_sample\l2_unseen_validation\trade_date=2026-07-17\exchange=NSE\symbol=HINDUNILVR\part-070515_621286-027341.parquet,34604,downloaded,34604,
2026-07-17,NSE,HINDUNILVR,raw_l2/trade_date=2026-07-17/exchange=NSE/symbol=HINDUNILVR/part-070544_568481-027405.parquet,real_data_sample\l2_unseen_validation\trade_date=2026-07-17\exchange=NSE\symbol=HINDUNILVR\part-070544_568481-027405.parquet,34706,downloaded,34706,
2026-07-17,NSE,HINDUNILVR,raw_l2/trade_date=2026-07-17/exchange=NSE/symbol=HINDUNILVR/part-070613_201496-027469.parquet,real_data_sample\l2_unseen_validation\trade_date=2026-07-17\exchange=NSE\symbol=HINDUNILVR\part-070613_201496-027469.parquet,34655,downloaded,34655,
2026-07-17,NSE,HINDUNILVR,raw_l2/trade_date=2026-07-17/exchange=NSE/symbol=HINDUNILVR/part-070821_256998-027757.parquet,real_data_sample\l2_unseen_validation\trade_date=2026-07-17\exchange=NSE\symbol=HINDUNILVR\part-070821_256998-027757.parquet,34498,downloaded,34498,
2026-07-17,NSE,HINDUNILVR,raw_l2/trade_date=2026-07-17/exchange=NSE/symbol=HINDUNILVR/part-070807_176146-027725.parquet,real_data_sample\l2_unseen_validation\trade_date=2026-07-17\exchange=NSE\symbol=HINDUNILVR\part-070807_176146-027725.parquet,34856,downloaded,34856,
2026-07-17,NSE,HINDUNILVR,raw_l2/trade_date=2026-07-17/exchange=NSE/symbol=HINDUNILVR/part-070724_793611-027629.parquet,real_data_sample\l2_unseen_validation\trade_date=2026-07-17\exchange=NSE\symbol=HINDUNILVR\part-070724_793611-027629.parquet,34644,downloaded,34644,
2026-07-17,NSE,HINDUNILVR,raw_l2/trade_date=2026-07-17/exchange=NSE/symbol=HINDUNILVR/part-070835_604368-027789.parquet,real_data_sample\l2_unseen_validation\trade_date=2026-07-17\exchange=NSE\symbol=HINDUNILVR\part-070835_604368-027789.parquet,34987,downloaded,34987,
2026-07-17,NSE,HINDUNILVR,raw_l2/trade_date=2026-07-17/exchange=NSE/symbol=HINDUNILVR/part-070500_966199-027309.parquet,real_data_sample\l2_unseen_validation\trade_date=2026-07-17\exchange=NSE\symbol=HINDUNILVR\part-070500_966199-027309.parquet,34763,downloaded,34763,
2026-07-17,NSE,HINDUNILVR,raw_l2/trade_date=2026-07-17/exchange=NSE/symbol=HINDUNILVR/part-070753_207800-027693.parquet,real_data_sample\l2_unseen_validation\trade_date=2026-07-17\exchange=NSE\symbol=HINDUNILVR\part-070753_207800-027693.parquet,34645,downloaded,34645,
2026-07-17,NSE,HINDUNILVR,raw_l2/trade_date=2026-07-17/exchange=NSE/symbol=HINDUNILVR/part-070710_526486-027597.parquet,real_data_sample\l2_unseen_validation\trade_date=2026-07-17\exchange=NSE\symbol=HINDUNILVR\part-070710_526486-027597.parquet,34476,downloaded,34476,
2026-07-17,NSE,HINDUNILVR,raw_l2/trade_date=2026-07-17/exchange=NSE/symbol=HINDUNILVR/part-070656_241805-027565.parquet,real_data_sample\l2_unseen_validation\trade_date=2026-07-17\exchange=NSE\symbol=HINDUNILVR\part-070656_241805-027565.parquet,34532,downloaded,34532,
2026-07-17,NSE,HINDUNILVR,raw_l2/trade_date=2026-07-17/exchange=NSE/symbol=HINDUNILVR/part-070627_552584-027501.parquet,real_data_sample\l2_unseen_validation\trade_date=2026-07-17\exchange=NSE\symbol=HINDUNILVR\part-070627_552584-027501.parquet,34726,downloaded,34726,
2026-07-17,NSE,HINDUNILVR,raw_l2/trade_date=2026-07-17/exchange=NSE/symbol=HINDUNILVR/part-070738_992676-027661.parquet,real_data_sample\l2_unseen_validation\trade_date=2026-07-17\exchange=NSE\symbol=HINDUNILVR\part-070738_992676-027661.parquet,34603,downloaded,34603,
2026-07-17,NSE,HINDUNILVR,raw_l2/trade_date=2026-07-17/exchange=NSE/symbol=HINDUNILVR/part-070948_022176-027949.parquet,real_data_sample\l2_unseen_validation\trade_date=2026-07-17\exchange=NSE\symbol=HINDUNILVR\part-070948_022176-027949.parquet,35059,downloaded,35059,
2026-07-17,NSE,HINDUNILVR,raw_l2/trade_date=2026-07-17/exchange=NSE/symbol=HINDUNILVR/part-070641_963036-027533.parquet,real_data_sample\l2_unseen_validation\trade_date=2026-07-17\exchange=NSE\symbol=HINDUNILVR\part-070641_963036-027533.parquet,34773,downloaded,34773,
2026-07-17,NSE,HINDUNILVR,raw_l2/trade_date=2026-07-17/exchange=NSE/symbol=HINDUNILVR/part-071044_652494-028077.parquet,real_data_sample\l2_unseen_validation\trade_date=2026-07-17\exchange=NSE\symbol=HINDUNILVR\part-071044_652494-028077.parquet,36042,downloaded,36042,
2026-07-17,NSE,HINDUNILVR,raw_l2/trade_date=2026-07-17/exchange=NSE/symbol=HINDUNILVR/part-070152_402573-026893.parquet,real_data_sample\l2_unseen_validation\trade_date=2026-07-17\exchange=NSE\symbol=HINDUNILVR\part-070152_402573-026893.parquet,36027,downloaded,36027,
2026-07-17,NSE,HINDUNILVR,raw_l2/trade_date=2026-07-17/exchange=NSE/symbol=HINDUNILVR/part-071030_497004-028045.parquet,real_data_sample\l2_unseen_validation\trade_date=2026-07-17\exchange=NSE\symbol=HINDUNILVR\part-071030_497004-028045.parquet,36392,downloaded,36392,
2026-07-17,NSE,HINDUNILVR,raw_l2/trade_date=2026-07-17/exchange=NSE/symbol=HINDUNILVR/part-070849_988472-027821.parquet,real_data_sample\l2_unseen_validation\trade_date=2026-07-17\exchange=NSE\symbol=HINDUNILVR\part-070849_988472-027821.parquet,34848,downloaded,34848,
2026-07-17,NSE,HINDUNILVR,raw_l2/trade_date=2026-07-17/exchange=NSE/symbol=HINDUNILVR/part-071002_257924-027981.parquet,real_data_sample\l2_unseen_validation\trade_date=2026-07-17\exchange=NSE\symbol=HINDUNILVR\part-071002_257924-027981.parquet,35162,downloaded,35162,
2026-07-17,NSE,HINDUNILVR,raw_l2/trade_date=2026-07-17/exchange=NSE/symbol=HINDUNILVR/part-070933_423831-027917.parquet,real_data_sample\l2_unseen_validation\trade_date=2026-07-17\exchange=NSE\symbol=HINDUNILVR\part-070933_423831-027917.parquet,34923,downloaded,34923,
2026-07-17,NSE,HINDUNILVR,raw_l2/trade_date=2026-07-17/exchange=NSE/symbol=HINDUNILVR/part-070918_695396-027885.parquet,real_data_sample\l2_unseen_validation\trade_date=2026-07-17\exchange=NSE\symbol=HINDUNILVR\part-070918_695396-027885.parquet,34591,downloaded,34591,
2026-07-17,NSE,HINDUNILVR,raw_l2/trade_date=2026-07-17/exchange=NSE/symbol=HINDUNILVR/part-071059_355273-028109.parquet,real_data_sample\l2_unseen_validation\trade_date=2026-07-17\exchange=NSE\symbol=HINDUNILVR\part-071059_355273-028109.parquet,35823,downloaded,35823,
2026-07-17,NSE,HINDUNILVR,raw_l2/trade_date=2026-07-17/exchange=NSE/symbol=HINDUNILVR/part-071113_847928-028141.parquet,real_data_sample\l2_unseen_validation\trade_date=2026-07-17\exchange=NSE\symbol=HINDUNILVR\part-071113_847928-028141.parquet,35908,downloaded,35908,
2026-07-17,NSE,HINDUNILVR,raw_l2/trade_date=2026-07-17/exchange=NSE/symbol=HINDUNILVR/part-071016_440460-028013.parquet,real_data_sample\l2_unseen_validation\trade_date=2026-07-17\exchange=NSE\symbol=HINDUNILVR\part-071016_440460-028013.parquet,35476,downloaded,35476,
2026-07-17,NSE,HINDUNILVR,raw_l2/trade_date=2026-07-17/exchange=NSE/symbol=HINDUNILVR/part-071143_009040-028205.parquet,real_data_sample\l2_unseen_validation\trade_date=2026-07-17\exchange=NSE\symbol=HINDUNILVR\part-071143_009040-028205.parquet,36100,downloaded,36100,
2026-07-17,NSE,HINDUNILVR,raw_l2/trade_date=2026-07-17/exchange=NSE/symbol=HINDUNILVR/part-071211_978811-028269.parquet,real_data_sample\l2_unseen_validation\trade_date=2026-07-17\exchange=NSE\symbol=HINDUNILVR\part-071211_978811-028269.parquet,36083,downloaded,36083,
2026-07-17,NSE,HINDUNILVR,raw_l2/trade_date=2026-07-17/exchange=NSE/symbol=HINDUNILVR/part-071157_569839-028237.parquet,real_data_sample\l2_unseen_validation\trade_date=2026-07-17\exchange=NSE\symbol=HINDUNILVR\part-071157_569839-028237.parquet,35697,downloaded,35697,
2026-07-17,NSE,HINDUNILVR,raw_l2/trade_date=2026-07-17/exchange=NSE/symbol=HINDUNILVR/part-071240_972120-028333.parquet,real_data_sample\l2_unseen_validation\trade_date=2026-07-17\exchange=NSE\symbol=HINDUNILVR\part-071240_972120-028333.parquet,36298,downloaded,36298,
2026-07-17,NSE,HINDUNILVR,raw_l2/trade_date=2026-07-17/exchange=NSE/symbol=HINDUNILVR/part-071226_559008-028301.parquet,real_data_sample\l2_unseen_validation\trade_date=2026-07-17\exchange=NSE\symbol=HINDUNILVR\part-071226_559008-028301.parquet,36022,downloaded,36022,
2026-07-17,NSE,HINDUNILVR,raw_l2/trade_date=2026-07-17/exchange=NSE/symbol=HINDUNILVR/part-071255_291451-028365.parquet,real_data_sample\l2_unseen_validation\trade_date=2026-07-17\exchange=NSE\symbol=HINDUNILVR\part-071255_291451-028365.parquet,36474,downloaded,36474,
2026-07-17,NSE,HINDUNILVR,raw_l2/trade_date=2026-07-17/exchange=NSE/symbol=HINDUNILVR/part-071338_045007-028461.parquet,real_data_sample\l2_unseen_validation\trade_date=2026-07-17\exchange=NSE\symbol=HINDUNILVR\part-071338_045007-028461.parquet,35734,downloaded,35734,
2026-07-17,NSE,HINDUNILVR,raw_l2/trade_date=2026-07-17/exchange=NSE/symbol=HINDUNILVR/part-071352_497245-028493.parquet,real_data_sample\l2_unseen_validation\trade_date=2026-07-17\exchange=NSE\symbol=HINDUNILVR\part-071352_497245-028493.parquet,36148,downloaded,36148,
2026-07-17,NSE,HINDUNILVR,raw_l2/trade_date=2026-07-17/exchange=NSE/symbol=HINDUNILVR/part-071309_557722-028397.parquet,real_data_sample\l2_unseen_validation\trade_date=2026-07-17\exchange=NSE\symbol=HINDUNILVR\part-071309_557722-028397.parquet,36644,downloaded,36644,
2026-07-17,NSE,HINDUNILVR,raw_l2/trade_date=2026-07-17/exchange=NSE/symbol=HINDUNILVR/part-071323_777325-028429.parquet,real_data_sample\l2_unseen_validation\trade_date=2026-07-17\exchange=NSE\symbol=HINDUNILVR\part-071323_777325-028429.parquet,36214,downloaded,36214,
2026-07-17,NSE,HINDUNILVR,raw_l2/trade_date=2026-07-17/exchange=NSE/symbol=HINDUNILVR/part-071406_742707-028525.parquet,real_data_sample\l2_unseen_validation\trade_date=2026-07-17\exchange=NSE\symbol=HINDUNILVR\part-071406_742707-028525.parquet,36193,downloaded,36193,
2026-07-17,NSE,HINDUNILVR,raw_l2/trade_date=2026-07-17/exchange=NSE/symbol=HINDUNILVR/part-071726_893627-028973.parquet,real_data_sample\l2_unseen_validation\trade_date=2026-07-17\exchange=NSE\symbol=HINDUNILVR\part-071726_893627-028973.parquet,35829,downloaded,35829,
2026-07-17,NSE,HINDUNILVR,raw_l2/trade_date=2026-07-17/exchange=NSE/symbol=HINDUNILVR/part-071838_622051-029133.parquet,real_data_sample\l2_unseen_validation\trade_date=2026-07-17\exchange=NSE\symbol=HINDUNILVR\part-071838_622051-029133.parquet,35887,downloaded,35887,
2026-07-17,NSE,HINDUNILVR,raw_l2/trade_date=2026-07-17/exchange=NSE/symbol=HINDUNILVR/part-071504_037088-028653.parquet,real_data_sample\l2_unseen_validation\trade_date=2026-07-17\exchange=NSE\symbol=HINDUNILVR\part-071504_037088-028653.parquet,36090,downloaded,36090,
2026-07-17,NSE,HINDUNILVR,raw_l2/trade_date=2026-07-17/exchange=NSE/symbol=HINDUNILVR/part-071601_739908-028781.parquet,real_data_sample\l2_unseen_validation\trade_date=2026-07-17\exchange=NSE\symbol=HINDUNILVR\part-071601_739908-028781.parquet,35646,downloaded,35646,
2026-07-17,NSE,HINDUNILVR,raw_l2/trade_date=2026-07-17/exchange=NSE/symbol=HINDUNILVR/part-071518_547106-028685.parquet,real_data_sample\l2_unseen_validation\trade_date=2026-07-17\exchange=NSE\symbol=HINDUNILVR\part-071518_547106-028685.parquet,35821,downloaded,35821,
2026-07-17,NSE,HINDUNILVR,raw_l2/trade_date=2026-07-17/exchange=NSE/symbol=HINDUNILVR/part-071532_860861-028717.parquet,real_data_sample\l2_unseen_validation\trade_date=2026-07-17\exchange=NSE\symbol=HINDUNILVR\part-071532_860861-028717.parquet,36325,downloaded,36325,
2026-07-17,NSE,HINDUNILVR,raw_l2/trade_date=2026-07-17/exchange=NSE/symbol=HINDUNILVR/part-071616_023262-028813.parquet,real_data_sample\l2_unseen_validation\trade_date=2026-07-17\exchange=NSE\symbol=HINDUNILVR\part-071616_023262-028813.parquet,36249,downloaded,36249,
2026-07-17,NSE,HINDUNILVR,raw_l2/trade_date=2026-07-17/exchange=NSE/symbol=HINDUNILVR/part-071435_226816-028589.parquet,real_data_sample\l2_unseen_validation\trade_date=2026-07-17\exchange=NSE\symbol=HINDUNILVR\part-071435_226816-028589.parquet,35551,downloaded,35551,
2026-07-17,NSE,HINDUNILVR,raw_l2/trade_date=2026-07-17/exchange=NSE/symbol=HINDUNILVR/part-071449_611820-028621.parquet,real_data_sample\l2_unseen_validation\trade_date=2026-07-17\exchange=NSE\symbol=HINDUNILVR\part-071449_611820-028621.parquet,36031,downloaded,36031,
2026-07-17,NSE,HINDUNILVR,raw_l2/trade_date=2026-07-17/exchange=NSE/symbol=HINDUNILVR/part-071853_702900-029165.parquet,real_data_sample\l2_unseen_validation\trade_date=2026-07-17\exchange=NSE\symbol=HINDUNILVR\part-071853_702900-029165.parquet,35774,downloaded,35774,
2026-07-17,NSE,HINDUNILVR,raw_l2/trade_date=2026-07-17/exchange=NSE/symbol=HINDUNILVR/part-071421_021311-028557.parquet,real_data_sample\l2_unseen_validation\trade_date=2026-07-17\exchange=NSE\symbol=HINDUNILVR\part-071421_021311-028557.parquet,35570,downloaded,35570,
2026-07-17,NSE,HINDUNILVR,raw_l2/trade_date=2026-07-17/exchange=NSE/symbol=HINDUNILVR/part-071630_257047-028845.parquet,real_data_sample\l2_unseen_validation\trade_date=2026-07-17\exchange=NSE\symbol=HINDUNILVR\part-071630_257047-028845.parquet,35791,downloaded,35791,
2026-07-17,NSE,HINDUNILVR,raw_l2/trade_date=2026-07-17/exchange=NSE/symbol=HINDUNILVR/part-071809_880956-029069.parquet,real_data_sample\l2_unseen_validation\trade_date=2026-07-17\exchange=NSE\symbol=HINDUNILVR\part-071809_880956-029069.parquet,35697,downloaded,35697,
2026-07-17,NSE,HINDUNILVR,raw_l2/trade_date=2026-07-17/exchange=NSE/symbol=HINDUNILVR/part-071547_317844-028749.parquet,real_data_sample\l2_unseen_validation\trade_date=2026-07-17\exchange=NSE\symbol=HINDUNILVR\part-071547_317844-028749.parquet,35570,downloaded,35570,
2026-07-17,NSE,HINDUNILVR,raw_l2/trade_date=2026-07-17/exchange=NSE/symbol=HINDUNILVR/part-071741_214857-029005.parquet,real_data_sample\l2_unseen_validation\trade_date=2026-07-17\exchange=NSE\symbol=HINDUNILVR\part-071741_214857-029005.parquet,35951,downloaded,35951,
2026-07-17,NSE,HINDUNILVR,raw_l2/trade_date=2026-07-17/exchange=NSE/symbol=HINDUNILVR/part-071755_498206-029037.parquet,real_data_sample\l2_unseen_validation\trade_date=2026-07-17\exchange=NSE\symbol=HINDUNILVR\part-071755_498206-029037.parquet,35885,downloaded,35885,
2026-07-17,NSE,HINDUNILVR,raw_l2/trade_date=2026-07-17/exchange=NSE/symbol=HINDUNILVR/part-071824_258806-029101.parquet,real_data_sample\l2_unseen_validation\trade_date=2026-07-17\exchange=NSE\symbol=HINDUNILVR\part-071824_258806-029101.parquet,35985,downloaded,35985,
2026-07-17,NSE,HINDUNILVR,raw_l2/trade_date=2026-07-17/exchange=NSE/symbol=HINDUNILVR/part-071658_685802-028909.parquet,real_data_sample\l2_unseen_validation\trade_date=2026-07-17\exchange=NSE\symbol=HINDUNILVR\part-071658_685802-028909.parquet,35811,downloaded,35811,
2026-07-17,NSE,HINDUNILVR,raw_l2/trade_date=2026-07-17/exchange=NSE/symbol=HINDUNILVR/part-071712_786536-028941.parquet,real_data_sample\l2_unseen_validation\trade_date=2026-07-17\exchange=NSE\symbol=HINDUNILVR\part-071712_786536-028941.parquet,35618,downloaded,35618,
2026-07-17,NSE,HINDUNILVR,raw_l2/trade_date=2026-07-17/exchange=NSE/symbol=HINDUNILVR/part-071908_470812-029197.parquet,real_data_sample\l2_unseen_validation\trade_date=2026-07-17\exchange=NSE\symbol=HINDUNILVR\part-071908_470812-029197.parquet,36197,downloaded,36197,
2026-07-17,NSE,HINDUNILVR,raw_l2/trade_date=2026-07-17/exchange=NSE/symbol=HINDUNILVR/part-071922_679334-029229.parquet,real_data_sample\l2_unseen_validation\trade_date=2026-07-17\exchange=NSE\symbol=HINDUNILVR\part-071922_679334-029229.parquet,36157,downloaded,36157,
2026-07-17,NSE,HINDUNILVR,raw_l2/trade_date=2026-07-17/exchange=NSE/symbol=HINDUNILVR/part-071936_999849-029261.parquet,real_data_sample\l2_unseen_validation\trade_date=2026-07-17\exchange=NSE\symbol=HINDUNILVR\part-071936_999849-029261.parquet,35664,downloaded,35664,
2026-07-17,NSE,HINDUNILVR,raw_l2/trade_date=2026-07-17/exchange=NSE/symbol=HINDUNILVR/part-071951_222193-029293.parquet,real_data_sample\l2_unseen_validation\trade_date=2026-07-17\exchange=NSE\symbol=HINDUNILVR\part-071951_222193-029293.parquet,35482,downloaded,35482,
2026-07-17,NSE,HINDUNILVR,raw_l2/trade_date=2026-07-17/exchange=NSE/symbol=HINDUNILVR/part-072005_397498-029325.parquet,real_data_sample\l2_unseen_validation\trade_date=2026-07-17\exchange=NSE\symbol=HINDUNILVR\part-072005_397498-029325.parquet,35421,downloaded,35421,
2026-07-17,NSE,HINDUNILVR,raw_l2/trade_date=2026-07-17/exchange=NSE/symbol=HINDUNILVR/part-072019_776333-029357.parquet,real_data_sample\l2_unseen_validation\trade_date=2026-07-17\exchange=NSE\symbol=HINDUNILVR\part-072019_776333-029357.parquet,35846,downloaded,35846,
2026-07-17,NSE,HINDUNILVR,raw_l2/trade_date=2026-07-17/exchange=NSE/symbol=HINDUNILVR/part-072048_294727-029421.parquet,real_data_sample\l2_unseen_validation\trade_date=2026-07-17\exchange=NSE\symbol=HINDUNILVR\part-072048_294727-029421.parquet,35376,downloaded,35376,
2026-07-17,NSE,HINDUNILVR,raw_l2/trade_date=2026-07-17/exchange=NSE/symbol=HINDUNILVR/part-072034_055161-029389.parquet,real_data_sample\l2_unseen_validation\trade_date=2026-07-17\exchange=NSE\symbol=HINDUNILVR\part-072034_055161-029389.parquet,35538,downloaded,35538,
2026-07-17,NSE,HINDUNILVR,raw_l2/trade_date=2026-07-17/exchange=NSE/symbol=HINDUNILVR/part-072102_512544-029453.parquet,real_data_sample\l2_unseen_validation\trade_date=2026-07-17\exchange=NSE\symbol=HINDUNILVR\part-072102_512544-029453.parquet,35986,downloaded,35986,
2026-07-17,NSE,HINDUNILVR,raw_l2/trade_date=2026-07-17/exchange=NSE/symbol=HINDUNILVR/part-072116_682795-029485.parquet,real_data_sample\l2_unseen_validation\trade_date=2026-07-17\exchange=NSE\symbol=HINDUNILVR\part-072116_682795-029485.parquet,35468,downloaded,35468,
2026-07-17,NSE,HINDUNILVR,raw_l2/trade_date=2026-07-17/exchange=NSE/symbol=HINDUNILVR/part-071128_443429-028173.parquet,real_data_sample\l2_unseen_validation\trade_date=2026-07-17\exchange=NSE\symbol=HINDUNILVR\part-071128_443429-028173.parquet,36390,downloaded,36390,
2026-07-17,NSE,HINDUNILVR,raw_l2/trade_date=2026-07-17/exchange=NSE/symbol=HINDUNILVR/part-072407_987673-029869.parquet,real_data_sample\l2_unseen_validation\trade_date=2026-07-17\exchange=NSE\symbol=HINDUNILVR\part-072407_987673-029869.parquet,34827,downloaded,34827,
2026-07-17,NSE,HINDUNILVR,raw_l2/trade_date=2026-07-17/exchange=NSE/symbol=HINDUNILVR/part-071644_485032-028877.parquet,real_data_sample\l2_unseen_validation\trade_date=2026-07-17\exchange=NSE\symbol=HINDUNILVR\part-071644_485032-028877.parquet,36225,downloaded,36225,
2026-07-17,NSE,HINDUNILVR,raw_l2/trade_date=2026-07-17/exchange=NSE/symbol=HINDUNILVR/part-072144_921381-029549.parquet,real_data_sample\l2_unseen_validation\trade_date=2026-07-17\exchange=NSE\symbol=HINDUNILVR\part-072144_921381-029549.parquet,35576,downloaded,35576,
2026-07-17,NSE,HINDUNILVR,raw_l2/trade_date=2026-07-17/exchange=NSE/symbol=HINDUNILVR/part-072548_032891-030093.parquet,real_data_sample\l2_unseen_validation\trade_date=2026-07-17\exchange=NSE\symbol=HINDUNILVR\part-072548_032891-030093.parquet,34581,downloaded,34581,
2026-07-17,NSE,HINDUNILVR,raw_l2/trade_date=2026-07-17/exchange=NSE/symbol=HINDUNILVR/part-072339_518573-029805.parquet,real_data_sample\l2_unseen_validation\trade_date=2026-07-17\exchange=NSE\symbol=HINDUNILVR\part-072339_518573-029805.parquet,34672,downloaded,34672,
2026-07-17,NSE,HINDUNILVR,raw_l2/trade_date=2026-07-17/exchange=NSE/symbol=HINDUNILVR/part-072602_022909-030125.parquet,real_data_sample\l2_unseen_validation\trade_date=2026-07-17\exchange=NSE\symbol=HINDUNILVR\part-072602_022909-030125.parquet,34925,downloaded,34925,
2026-07-17,NSE,HINDUNILVR,raw_l2/trade_date=2026-07-17/exchange=NSE/symbol=HINDUNILVR/part-070904_403008-027853.parquet,real_data_sample\l2_unseen_validation\trade_date=2026-07-17\exchange=NSE\symbol=HINDUNILVR\part-070904_403008-027853.parquet,34810,downloaded,34810,
2026-07-17,NSE,HINDUNILVR,raw_l2/trade_date=2026-07-17/exchange=NSE/symbol=HINDUNILVR/part-072159_127638-029581.parquet,real_data_sample\l2_unseen_validation\trade_date=2026-07-17\exchange=NSE\symbol=HINDUNILVR\part-072159_127638-029581.parquet,35329,downloaded,35329,
2026-07-17,NSE,HINDUNILVR,raw_l2/trade_date=2026-07-17/exchange=NSE/symbol=HINDUNILVR/part-072422_198199-029901.parquet,real_data_sample\l2_unseen_validation\trade_date=2026-07-17\exchange=NSE\symbol=HINDUNILVR\part-072422_198199-029901.parquet,34971,downloaded,34971,
2026-07-17,NSE,HINDUNILVR,raw_l2/trade_date=2026-07-17/exchange=NSE/symbol=HINDUNILVR/part-072213_992883-029613.parquet,real_data_sample\l2_unseen_validation\trade_date=2026-07-17\exchange=NSE\symbol=HINDUNILVR\part-072213_992883-029613.parquet,35661,downloaded,35661,
2026-07-17,NSE,HINDUNILVR,raw_l2/trade_date=2026-07-17/exchange=NSE/symbol=HINDUNILVR/part-072228_012197-029645.parquet,real_data_sample\l2_unseen_validation\trade_date=2026-07-17\exchange=NSE\symbol=HINDUNILVR\part-072228_012197-029645.parquet,34665,downloaded,34665,
2026-07-17,NSE,HINDUNILVR,raw_l2/trade_date=2026-07-17/exchange=NSE/symbol=HINDUNILVR/part-072519_488696-030029.parquet,real_data_sample\l2_unseen_validation\trade_date=2026-07-17\exchange=NSE\symbol=HINDUNILVR\part-072519_488696-030029.parquet,34967,downloaded,34967,
2026-07-17,NSE,HINDUNILVR,raw_l2/trade_date=2026-07-17/exchange=NSE/symbol=HINDUNILVR/part-072242_300283-029677.parquet,real_data_sample\l2_unseen_validation\trade_date=2026-07-17\exchange=NSE\symbol=HINDUNILVR\part-072242_300283-029677.parquet,34860,downloaded,34860,
2026-07-17,NSE,HINDUNILVR,raw_l2/trade_date=2026-07-17/exchange=NSE/symbol=HINDUNILVR/part-072353_807184-029837.parquet,real_data_sample\l2_unseen_validation\trade_date=2026-07-17\exchange=NSE\symbol=HINDUNILVR\part-072353_807184-029837.parquet,34708,downloaded,34708,
2026-07-17,NSE,HINDUNILVR,raw_l2/trade_date=2026-07-17/exchange=NSE/symbol=HINDUNILVR/part-072505_405329-029997.parquet,real_data_sample\l2_unseen_validation\trade_date=2026-07-17\exchange=NSE\symbol=HINDUNILVR\part-072505_405329-029997.parquet,34685,downloaded,34685,
2026-07-17,NSE,HINDUNILVR,raw_l2/trade_date=2026-07-17/exchange=NSE/symbol=HINDUNILVR/part-072450_879599-029965.parquet,real_data_sample\l2_unseen_validation\trade_date=2026-07-17\exchange=NSE\symbol=HINDUNILVR\part-072450_879599-029965.parquet,34775,downloaded,34775,
2026-07-17,NSE,HINDUNILVR,raw_l2/trade_date=2026-07-17/exchange=NSE/symbol=HINDUNILVR/part-072533_726182-030061.parquet,real_data_sample\l2_unseen_validation\trade_date=2026-07-17\exchange=NSE\symbol=HINDUNILVR\part-072533_726182-030061.parquet,34610,downloaded,34610,
2026-07-17,NSE,HINDUNILVR,raw_l2/trade_date=2026-07-17/exchange=NSE/symbol=HINDUNILVR/part-072310_817507-029741.parquet,real_data_sample\l2_unseen_validation\trade_date=2026-07-17\exchange=NSE\symbol=HINDUNILVR\part-072310_817507-029741.parquet,34732,downloaded,34732,
2026-07-17,NSE,HINDUNILVR,raw_l2/trade_date=2026-07-17/exchange=NSE/symbol=HINDUNILVR/part-072436_537881-029933.parquet,real_data_sample\l2_unseen_validation\trade_date=2026-07-17\exchange=NSE\symbol=HINDUNILVR\part-072436_537881-029933.parquet,34807,downloaded,34807,
2026-07-17,NSE,HINDUNILVR,raw_l2/trade_date=2026-07-17/exchange=NSE/symbol=HINDUNILVR/part-072616_116548-030157.parquet,real_data_sample\l2_unseen_validation\trade_date=2026-07-17\exchange=NSE\symbol=HINDUNILVR\part-072616_116548-030157.parquet,35218,downloaded,35218,
2026-07-17,NSE,HINDUNILVR,raw_l2/trade_date=2026-07-17/exchange=NSE/symbol=HINDUNILVR/part-072325_035907-029773.parquet,real_data_sample\l2_unseen_validation\trade_date=2026-07-17\exchange=NSE\symbol=HINDUNILVR\part-072325_035907-029773.parquet,35041,downloaded,35041,
2026-07-17,NSE,HINDUNILVR,raw_l2/trade_date=2026-07-17/exchange=NSE/symbol=HINDUNILVR/part-072256_514354-029709.parquet,real_data_sample\l2_unseen_validation\trade_date=2026-07-17\exchange=NSE\symbol=HINDUNILVR\part-072256_514354-029709.parquet,34916,downloaded,34916,
2026-07-17,NSE,HINDUNILVR,raw_l2/trade_date=2026-07-17/exchange=NSE/symbol=HINDUNILVR/part-072130_836473-029517.parquet,real_data_sample\l2_unseen_validation\trade_date=2026-07-17\exchange=NSE\symbol=HINDUNILVR\part-072130_836473-029517.parquet,35552,downloaded,35552,
2026-07-17,NSE,HINDUNILVR,raw_l2/trade_date=2026-07-17/exchange=NSE/symbol=HINDUNILVR/part-072630_533831-030189.parquet,real_data_sample\l2_unseen_validation\trade_date=2026-07-17\exchange=NSE\symbol=HINDUNILVR\part-072630_533831-030189.parquet,35803,downloaded,35803,
2026-07-17,NSE,HINDUNILVR,raw_l2/trade_date=2026-07-17/exchange=NSE/symbol=HINDUNILVR/part-072644_947034-030221.parquet,real_data_sample\l2_unseen_validation\trade_date=2026-07-17\exchange=NSE\symbol=HINDUNILVR\part-072644_947034-030221.parquet,35392,downloaded,35392,
2026-07-17,NSE,HINDUNILVR,raw_l2/trade_date=2026-07-17/exchange=NSE/symbol=HINDUNILVR/part-072659_034621-030253.parquet,real_data_sample\l2_unseen_validation\trade_date=2026-07-17\exchange=NSE\symbol=HINDUNILVR\part-072659_034621-030253.parquet,35747,downloaded,35747,
2026-07-17,NSE,HINDUNILVR,raw_l2/trade_date=2026-07-17/exchange=NSE/symbol=HINDUNILVR/part-072713_483380-030285.parquet,real_data_sample\l2_unseen_validation\trade_date=2026-07-17\exchange=NSE\symbol=HINDUNILVR\part-072713_483380-030285.parquet,35630,downloaded,35630,
2026-07-17,NSE,HINDUNILVR,raw_l2/trade_date=2026-07-17/exchange=NSE/symbol=HINDUNILVR/part-072728_013528-030317.parquet,real_data_sample\l2_unseen_validation\trade_date=2026-07-17\exchange=NSE\symbol=HINDUNILVR\part-072728_013528-030317.parquet,35568,downloaded,35568,
2026-07-17,NSE,HINDUNILVR,raw_l2/trade_date=2026-07-17/exchange=NSE/symbol=HINDUNILVR/part-072756_835878-030381.parquet,real_data_sample\l2_unseen_validation\trade_date=2026-07-17\exchange=NSE\symbol=HINDUNILVR\part-072756_835878-030381.parquet,35436,downloaded,35436,
2026-07-17,NSE,HINDUNILVR,raw_l2/trade_date=2026-07-17/exchange=NSE/symbol=HINDUNILVR/part-072742_383854-030349.parquet,real_data_sample\l2_unseen_validation\trade_date=2026-07-17\exchange=NSE\symbol=HINDUNILVR\part-072742_383854-030349.parquet,35491,downloaded,35491,
2026-07-17,NSE,HINDUNILVR,raw_l2/trade_date=2026-07-17/exchange=NSE/symbol=HINDUNILVR/part-072811_387107-030413.parquet,real_data_sample\l2_unseen_validation\trade_date=2026-07-17\exchange=NSE\symbol=HINDUNILVR\part-072811_387107-030413.parquet,35631,downloaded,35631,
2026-07-17,NSE,HINDUNILVR,raw_l2/trade_date=2026-07-17/exchange=NSE/symbol=HINDUNILVR/part-072841_370934-030477.parquet,real_data_sample\l2_unseen_validation\trade_date=2026-07-17\exchange=NSE\symbol=HINDUNILVR\part-072841_370934-030477.parquet,35736,downloaded,35736,
2026-07-17,NSE,HINDUNILVR,raw_l2/trade_date=2026-07-17/exchange=NSE/symbol=HINDUNILVR/part-072910_718492-030541.parquet,real_data_sample\l2_unseen_validation\trade_date=2026-07-17\exchange=NSE\symbol=HINDUNILVR\part-072910_718492-030541.parquet,35729,downloaded,35729,
2026-07-17,NSE,HINDUNILVR,raw_l2/trade_date=2026-07-17/exchange=NSE/symbol=HINDUNILVR/part-072940_107102-030605.parquet,real_data_sample\l2_unseen_validation\trade_date=2026-07-17\exchange=NSE\symbol=HINDUNILVR\part-072940_107102-030605.parquet,35300,downloaded,35300,
2026-07-17,NSE,HINDUNILVR,raw_l2/trade_date=2026-07-17/exchange=NSE/symbol=HINDUNILVR/part-072925_521952-030573.parquet,real_data_sample\l2_unseen_validation\trade_date=2026-07-17\exchange=NSE\symbol=HINDUNILVR\part-072925_521952-030573.parquet,35185,downloaded,35185,
2026-07-17,NSE,HINDUNILVR,raw_l2/trade_date=2026-07-17/exchange=NSE/symbol=HINDUNILVR/part-072954_581484-030637.parquet,real_data_sample\l2_unseen_validation\trade_date=2026-07-17\exchange=NSE\symbol=HINDUNILVR\part-072954_581484-030637.parquet,35235,downloaded,35235,
2026-07-17,NSE,HINDUNILVR,raw_l2/trade_date=2026-07-17/exchange=NSE/symbol=HINDUNILVR/part-073051_795479-030765.parquet,real_data_sample\l2_unseen_validation\trade_date=2026-07-17\exchange=NSE\symbol=HINDUNILVR\part-073051_795479-030765.parquet,34857,downloaded,34857,
2026-07-17,NSE,HINDUNILVR,raw_l2/trade_date=2026-07-17/exchange=NSE/symbol=HINDUNILVR/part-073120_740442-030829.parquet,real_data_sample\l2_unseen_validation\trade_date=2026-07-17\exchange=NSE\symbol=HINDUNILVR\part-073120_740442-030829.parquet,34924,downloaded,34924,
2026-07-17,NSE,HINDUNILVR,raw_l2/trade_date=2026-07-17/exchange=NSE/symbol=HINDUNILVR/part-073037_504682-030733.parquet,real_data_sample\l2_unseen_validation\trade_date=2026-07-17\exchange=NSE\symbol=HINDUNILVR\part-073037_504682-030733.parquet,34612,downloaded,34612,
2026-07-17,NSE,HINDUNILVR,raw_l2/trade_date=2026-07-17/exchange=NSE/symbol=HINDUNILVR/part-073425_792669-031245.parquet,real_data_sample\l2_unseen_validation\trade_date=2026-07-17\exchange=NSE\symbol=HINDUNILVR\part-073425_792669-031245.parquet,34531,downloaded,34531,
2026-07-17,NSE,HINDUNILVR,raw_l2/trade_date=2026-07-17/exchange=NSE/symbol=HINDUNILVR/part-073106_352942-030797.parquet,real_data_sample\l2_unseen_validation\trade_date=2026-07-17\exchange=NSE\symbol=HINDUNILVR\part-073106_352942-030797.parquet,34717,downloaded,34717,
2026-07-17,NSE,HINDUNILVR,raw_l2/trade_date=2026-07-17/exchange=NSE/symbol=HINDUNILVR/part-073231_776745-030989.parquet,real_data_sample\l2_unseen_validation\trade_date=2026-07-17\exchange=NSE\symbol=HINDUNILVR\part-073231_776745-030989.parquet,35474,downloaded,35474,
2026-07-17,NSE,HINDUNILVR,raw_l2/trade_date=2026-07-17/exchange=NSE/symbol=HINDUNILVR/part-073203_499972-030925.parquet,real_data_sample\l2_unseen_validation\trade_date=2026-07-17\exchange=NSE\symbol=HINDUNILVR\part-073203_499972-030925.parquet,34792,downloaded,34792,
2026-07-17,NSE,HINDUNILVR,raw_l2/trade_date=2026-07-17/exchange=NSE/symbol=HINDUNILVR/part-073217_691772-030957.parquet,real_data_sample\l2_unseen_validation\trade_date=2026-07-17\exchange=NSE\symbol=HINDUNILVR\part-073217_691772-030957.parquet,35009,downloaded,35009,
2026-07-17,NSE,HINDUNILVR,raw_l2/trade_date=2026-07-17/exchange=NSE/symbol=HINDUNILVR/part-073440_100868-031277.parquet,real_data_sample\l2_unseen_validation\trade_date=2026-07-17\exchange=NSE\symbol=HINDUNILVR\part-073440_100868-031277.parquet,34611,downloaded,34611,
2026-07-17,NSE,HINDUNILVR,raw_l2/trade_date=2026-07-17/exchange=NSE/symbol=HINDUNILVR/part-073411_474706-031213.parquet,real_data_sample\l2_unseen_validation\trade_date=2026-07-17\exchange=NSE\symbol=HINDUNILVR\part-073411_474706-031213.parquet,34498,downloaded,34498,
2026-07-17,NSE,HINDUNILVR,raw_l2/trade_date=2026-07-17/exchange=NSE/symbol=HINDUNILVR/part-073023_219915-030701.parquet,real_data_sample\l2_unseen_validation\trade_date=2026-07-17\exchange=NSE\symbol=HINDUNILVR\part-073023_219915-030701.parquet,34695,downloaded,34695,
2026-07-17,NSE,HINDUNILVR,raw_l2/trade_date=2026-07-17/exchange=NSE/symbol=HINDUNILVR/part-073314_531426-031085.parquet,real_data_sample\l2_unseen_validation\trade_date=2026-07-17\exchange=NSE\symbol=HINDUNILVR\part-073314_531426-031085.parquet,35068,downloaded,35068,
2026-07-17,NSE,HINDUNILVR,raw_l2/trade_date=2026-07-17/exchange=NSE/symbol=HINDUNILVR/part-073245_995475-031021.parquet,real_data_sample\l2_unseen_validation\trade_date=2026-07-17\exchange=NSE\symbol=HINDUNILVR\part-073245_995475-031021.parquet,35943,downloaded,35943,
2026-07-17,NSE,HINDUNILVR,raw_l2/trade_date=2026-07-17/exchange=NSE/symbol=HINDUNILVR/part-073357_291029-031181.parquet,real_data_sample\l2_unseen_validation\trade_date=2026-07-17\exchange=NSE\symbol=HINDUNILVR\part-073357_291029-031181.parquet,34990,downloaded,34990,
2026-07-17,NSE,HINDUNILVR,raw_l2/trade_date=2026-07-17/exchange=NSE/symbol=HINDUNILVR/part-073149_284992-030893.parquet,real_data_sample\l2_unseen_validation\trade_date=2026-07-17\exchange=NSE\symbol=HINDUNILVR\part-073149_284992-030893.parquet,34812,downloaded,34812,
2026-07-17,NSE,HINDUNILVR,raw_l2/trade_date=2026-07-17/exchange=NSE/symbol=HINDUNILVR/part-073134_728879-030861.parquet,real_data_sample\l2_unseen_validation\trade_date=2026-07-17\exchange=NSE\symbol=HINDUNILVR\part-073134_728879-030861.parquet,34885,downloaded,34885,
2026-07-17,NSE,HINDUNILVR,raw_l2/trade_date=2026-07-17/exchange=NSE/symbol=HINDUNILVR/part-073343_207594-031149.parquet,real_data_sample\l2_unseen_validation\trade_date=2026-07-17\exchange=NSE\symbol=HINDUNILVR\part-073343_207594-031149.parquet,35039,downloaded,35039,
2026-07-17,NSE,HINDUNILVR,raw_l2/trade_date=2026-07-17/exchange=NSE/symbol=HINDUNILVR/part-073300_282596-031053.parquet,real_data_sample\l2_unseen_validation\trade_date=2026-07-17\exchange=NSE\symbol=HINDUNILVR\part-073300_282596-031053.parquet,35590,downloaded,35590,
2026-07-17,NSE,HINDUNILVR,raw_l2/trade_date=2026-07-17/exchange=NSE/symbol=HINDUNILVR/part-073522_713875-031373.parquet,real_data_sample\l2_unseen_validation\trade_date=2026-07-17\exchange=NSE\symbol=HINDUNILVR\part-073522_713875-031373.parquet,34991,downloaded,34991,
2026-07-17,NSE,HINDUNILVR,raw_l2/trade_date=2026-07-17/exchange=NSE/symbol=HINDUNILVR/part-073328_827459-031117.parquet,real_data_sample\l2_unseen_validation\trade_date=2026-07-17\exchange=NSE\symbol=HINDUNILVR\part-073328_827459-031117.parquet,34690,downloaded,34690,
2026-07-17,NSE,HINDUNILVR,raw_l2/trade_date=2026-07-17/exchange=NSE/symbol=HINDUNILVR/part-073454_420980-031309.parquet,real_data_sample\l2_unseen_validation\trade_date=2026-07-17\exchange=NSE\symbol=HINDUNILVR\part-073454_420980-031309.parquet,34728,downloaded,34728,
2026-07-17,NSE,HINDUNILVR,raw_l2/trade_date=2026-07-17/exchange=NSE/symbol=HINDUNILVR/part-073551_204874-031437.parquet,real_data_sample\l2_unseen_validation\trade_date=2026-07-17\exchange=NSE\symbol=HINDUNILVR\part-073551_204874-031437.parquet,34742,downloaded,34742,
2026-07-17,NSE,HINDUNILVR,raw_l2/trade_date=2026-07-17/exchange=NSE/symbol=HINDUNILVR/part-073537_049180-031405.parquet,real_data_sample\l2_unseen_validation\trade_date=2026-07-17\exchange=NSE\symbol=HINDUNILVR\part-073537_049180-031405.parquet,34723,downloaded,34723,
2026-07-17,NSE,HINDUNILVR,raw_l2/trade_date=2026-07-17/exchange=NSE/symbol=HINDUNILVR/part-073605_278009-031469.parquet,real_data_sample\l2_unseen_validation\trade_date=2026-07-17\exchange=NSE\symbol=HINDUNILVR\part-073605_278009-031469.parquet,34713,downloaded,34713,
2026-07-17,NSE,HINDUNILVR,raw_l2/trade_date=2026-07-17/exchange=NSE/symbol=HINDUNILVR/part-073508_590895-031341.parquet,real_data_sample\l2_unseen_validation\trade_date=2026-07-17\exchange=NSE\symbol=HINDUNILVR\part-073508_590895-031341.parquet,34746,downloaded,34746,
2026-07-17,NSE,HINDUNILVR,raw_l2/trade_date=2026-07-17/exchange=NSE/symbol=HINDUNILVR/part-073619_632083-031501.parquet,real_data_sample\l2_unseen_validation\trade_date=2026-07-17\exchange=NSE\symbol=HINDUNILVR\part-073619_632083-031501.parquet,34729,downloaded,34729,
2026-07-17,NSE,HINDUNILVR,raw_l2/trade_date=2026-07-17/exchange=NSE/symbol=HINDUNILVR/part-072856_111078-030509.parquet,real_data_sample\l2_unseen_validation\trade_date=2026-07-17\exchange=NSE\symbol=HINDUNILVR\part-072856_111078-030509.parquet,35852,downloaded,35852,
2026-07-17,NSE,HINDUNILVR,raw_l2/trade_date=2026-07-17/exchange=NSE/symbol=HINDUNILVR/part-073634_023886-031533.parquet,real_data_sample\l2_unseen_validation\trade_date=2026-07-17\exchange=NSE\symbol=HINDUNILVR\part-073634_023886-031533.parquet,34682,downloaded,34682,
2026-07-17,NSE,HINDUNILVR,raw_l2/trade_date=2026-07-17/exchange=NSE/symbol=HINDUNILVR/part-073648_271920-031565.parquet,real_data_sample\l2_unseen_validation\trade_date=2026-07-17\exchange=NSE\symbol=HINDUNILVR\part-073648_271920-031565.parquet,34736,downloaded,34736,
2026-07-17,NSE,HINDUNILVR,raw_l2/trade_date=2026-07-17/exchange=NSE/symbol=HINDUNILVR/part-073702_494053-031597.parquet,real_data_sample\l2_unseen_validation\trade_date=2026-07-17\exchange=NSE\symbol=HINDUNILVR\part-073702_494053-031597.parquet,34790,downloaded,34790,
2026-07-17,NSE,HINDUNILVR,raw_l2/trade_date=2026-07-17/exchange=NSE/symbol=HINDUNILVR/part-072825_728618-030445.parquet,real_data_sample\l2_unseen_validation\trade_date=2026-07-17\exchange=NSE\symbol=HINDUNILVR\part-072825_728618-030445.parquet,35969,downloaded,35969,
2026-07-17,NSE,HINDUNILVR,raw_l2/trade_date=2026-07-17/exchange=NSE/symbol=HINDUNILVR/part-074019_978134-032045.parquet,real_data_sample\l2_unseen_validation\trade_date=2026-07-17\exchange=NSE\symbol=HINDUNILVR\part-074019_978134-032045.parquet,34683,downloaded,34683,
2026-07-17,NSE,HINDUNILVR,raw_l2/trade_date=2026-07-17/exchange=NSE/symbol=HINDUNILVR/part-073730_465219-031661.parquet,real_data_sample\l2_unseen_validation\trade_date=2026-07-17\exchange=NSE\symbol=HINDUNILVR\part-073730_465219-031661.parquet,34983,downloaded,34983,
2026-07-17,NSE,HINDUNILVR,raw_l2/trade_date=2026-07-17/exchange=NSE/symbol=HINDUNILVR/part-074308_662127-032429.parquet,real_data_sample\l2_unseen_validation\trade_date=2026-07-17\exchange=NSE\symbol=HINDUNILVR\part-074308_662127-032429.parquet,35190,downloaded,35190,
2026-07-17,NSE,HINDUNILVR,raw_l2/trade_date=2026-07-17/exchange=NSE/symbol=HINDUNILVR/part-073758_443035-031725.parquet,real_data_sample\l2_unseen_validation\trade_date=2026-07-17\exchange=NSE\symbol=HINDUNILVR\part-073758_443035-031725.parquet,35042,downloaded,35042,
2026-07-17,NSE,HINDUNILVR,raw_l2/trade_date=2026-07-17/exchange=NSE/symbol=HINDUNILVR/part-073008_929184-030669.parquet,real_data_sample\l2_unseen_validation\trade_date=2026-07-17\exchange=NSE\symbol=HINDUNILVR\part-073008_929184-030669.parquet,35172,downloaded,35172,
2026-07-17,NSE,HINDUNILVR,raw_l2/trade_date=2026-07-17/exchange=NSE/symbol=HINDUNILVR/part-073826_794292-031789.parquet,real_data_sample\l2_unseen_validation\trade_date=2026-07-17\exchange=NSE\symbol=HINDUNILVR\part-073826_794292-031789.parquet,34984,downloaded,34984,
2026-07-17,NSE,HINDUNILVR,raw_l2/trade_date=2026-07-17/exchange=NSE/symbol=HINDUNILVR/part-074336_758640-032493.parquet,real_data_sample\l2_unseen_validation\trade_date=2026-07-17\exchange=NSE\symbol=HINDUNILVR\part-074336_758640-032493.parquet,34807,downloaded,34807,
2026-07-17,NSE,HINDUNILVR,raw_l2/trade_date=2026-07-17/exchange=NSE/symbol=HINDUNILVR/part-073951_476863-031981.parquet,real_data_sample\l2_unseen_validation\trade_date=2026-07-17\exchange=NSE\symbol=HINDUNILVR\part-073951_476863-031981.parquet,34595,downloaded,34595,
2026-07-17,NSE,HINDUNILVR,raw_l2/trade_date=2026-07-17/exchange=NSE/symbol=HINDUNILVR/part-073716_450025-031629.parquet,real_data_sample\l2_unseen_validation\trade_date=2026-07-17\exchange=NSE\symbol=HINDUNILVR\part-073716_450025-031629.parquet,34701,downloaded,34701,
2026-07-17,NSE,HINDUNILVR,raw_l2/trade_date=2026-07-17/exchange=NSE/symbol=HINDUNILVR/part-074048_173927-032109.parquet,real_data_sample\l2_unseen_validation\trade_date=2026-07-17\exchange=NSE\symbol=HINDUNILVR\part-074048_173927-032109.parquet,34727,downloaded,34727,
2026-07-17,NSE,HINDUNILVR,raw_l2/trade_date=2026-07-17/exchange=NSE/symbol=HINDUNILVR/part-074158_684085-032269.parquet,real_data_sample\l2_unseen_validation\trade_date=2026-07-17\exchange=NSE\symbol=HINDUNILVR\part-074158_684085-032269.parquet,34907,downloaded,34907,
2026-07-17,NSE,HINDUNILVR,raw_l2/trade_date=2026-07-17/exchange=NSE/symbol=HINDUNILVR/part-074351_108695-032525.parquet,real_data_sample\l2_unseen_validation\trade_date=2026-07-17\exchange=NSE\symbol=HINDUNILVR\part-074351_108695-032525.parquet,34571,downloaded,34571,
2026-07-17,NSE,HINDUNILVR,raw_l2/trade_date=2026-07-17/exchange=NSE/symbol=HINDUNILVR/part-074254_664276-032397.parquet,real_data_sample\l2_unseen_validation\trade_date=2026-07-17\exchange=NSE\symbol=HINDUNILVR\part-074254_664276-032397.parquet,35471,downloaded,35471,
2026-07-17,NSE,HINDUNILVR,raw_l2/trade_date=2026-07-17/exchange=NSE/symbol=HINDUNILVR/part-074226_616437-032333.parquet,real_data_sample\l2_unseen_validation\trade_date=2026-07-17\exchange=NSE\symbol=HINDUNILVR\part-074226_616437-032333.parquet,35531,downloaded,35531,
2026-07-17,NSE,HINDUNILVR,raw_l2/trade_date=2026-07-17/exchange=NSE/symbol=HINDUNILVR/part-074005_695163-032013.parquet,real_data_sample\l2_unseen_validation\trade_date=2026-07-17\exchange=NSE\symbol=HINDUNILVR\part-074005_695163-032013.parquet,34809,downloaded,34809,
2026-07-17,NSE,HINDUNILVR,raw_l2/trade_date=2026-07-17/exchange=NSE/symbol=HINDUNILVR/part-073744_407272-031693.parquet,real_data_sample\l2_unseen_validation\trade_date=2026-07-17\exchange=NSE\symbol=HINDUNILVR\part-073744_407272-031693.parquet,34790,downloaded,34790,
2026-07-17,NSE,HINDUNILVR,raw_l2/trade_date=2026-07-17/exchange=NSE/symbol=HINDUNILVR/part-074033_959983-032077.parquet,real_data_sample\l2_unseen_validation\trade_date=2026-07-17\exchange=NSE\symbol=HINDUNILVR\part-074033_959983-032077.parquet,34541,downloaded,34541,
2026-07-17,NSE,HINDUNILVR,raw_l2/trade_date=2026-07-17/exchange=NSE/symbol=HINDUNILVR/part-074240_604021-032365.parquet,real_data_sample\l2_unseen_validation\trade_date=2026-07-17\exchange=NSE\symbol=HINDUNILVR\part-074240_604021-032365.parquet,35268,downloaded,35268,
2026-07-17,NSE,HINDUNILVR,raw_l2/trade_date=2026-07-17/exchange=NSE/symbol=HINDUNILVR/part-073909_504538-031885.parquet,real_data_sample\l2_unseen_validation\trade_date=2026-07-17\exchange=NSE\symbol=HINDUNILVR\part-073909_504538-031885.parquet,34717,downloaded,34717,
2026-07-17,NSE,HINDUNILVR,raw_l2/trade_date=2026-07-17/exchange=NSE/symbol=HINDUNILVR/part-073840_870226-031821.parquet,real_data_sample\l2_unseen_validation\trade_date=2026-07-17\exchange=NSE\symbol=HINDUNILVR\part-073840_870226-031821.parquet,34727,downloaded,34727,
2026-07-17,NSE,HINDUNILVR,raw_l2/trade_date=2026-07-17/exchange=NSE/symbol=HINDUNILVR/part-073923_405080-031917.parquet,real_data_sample\l2_unseen_validation\trade_date=2026-07-17\exchange=NSE\symbol=HINDUNILVR\part-073923_405080-031917.parquet,34547,downloaded,34547,
2026-07-17,NSE,HINDUNILVR,raw_l2/trade_date=2026-07-17/exchange=NSE/symbol=HINDUNILVR/part-074212_675671-032301.parquet,real_data_sample\l2_unseen_validation\trade_date=2026-07-17\exchange=NSE\symbol=HINDUNILVR\part-074212_675671-032301.parquet,34563,downloaded,34563,
2026-07-17,NSE,HINDUNILVR,raw_l2/trade_date=2026-07-17/exchange=NSE/symbol=HINDUNILVR/part-073937_444669-031949.parquet,real_data_sample\l2_unseen_validation\trade_date=2026-07-17\exchange=NSE\symbol=HINDUNILVR\part-073937_444669-031949.parquet,34744,downloaded,34744,
2026-07-17,NSE,HINDUNILVR,raw_l2/trade_date=2026-07-17/exchange=NSE/symbol=HINDUNILVR/part-073812_666487-031757.parquet,real_data_sample\l2_unseen_validation\trade_date=2026-07-17\exchange=NSE\symbol=HINDUNILVR\part-073812_666487-031757.parquet,34756,downloaded,34756,
2026-07-17,NSE,HINDUNILVR,raw_l2/trade_date=2026-07-17/exchange=NSE/symbol=HINDUNILVR/part-073854_889026-031853.parquet,real_data_sample\l2_unseen_validation\trade_date=2026-07-17\exchange=NSE\symbol=HINDUNILVR\part-073854_889026-031853.parquet,34733,downloaded,34733,
2026-07-17,NSE,HINDUNILVR,raw_l2/trade_date=2026-07-17/exchange=NSE/symbol=HINDUNILVR/part-074130_425174-032205.parquet,real_data_sample\l2_unseen_validation\trade_date=2026-07-17\exchange=NSE\symbol=HINDUNILVR\part-074130_425174-032205.parquet,35201,downloaded,35201,
2026-07-17,NSE,HINDUNILVR,raw_l2/trade_date=2026-07-17/exchange=NSE/symbol=HINDUNILVR/part-074102_255564-032141.parquet,real_data_sample\l2_unseen_validation\trade_date=2026-07-17\exchange=NSE\symbol=HINDUNILVR\part-074102_255564-032141.parquet,34625,downloaded,34625,
2026-07-17,NSE,HINDUNILVR,raw_l2/trade_date=2026-07-17/exchange=NSE/symbol=HINDUNILVR/part-074116_404924-032173.parquet,real_data_sample\l2_unseen_validation\trade_date=2026-07-17\exchange=NSE\symbol=HINDUNILVR\part-074116_404924-032173.parquet,34623,downloaded,34623,
2026-07-17,NSE,HINDUNILVR,raw_l2/trade_date=2026-07-17/exchange=NSE/symbol=HINDUNILVR/part-074144_644927-032237.parquet,real_data_sample\l2_unseen_validation\trade_date=2026-07-17\exchange=NSE\symbol=HINDUNILVR\part-074144_644927-032237.parquet,34731,downloaded,34731,
2026-07-17,NSE,HINDUNILVR,raw_l2/trade_date=2026-07-17/exchange=NSE/symbol=HINDUNILVR/part-074322_655647-032461.parquet,real_data_sample\l2_unseen_validation\trade_date=2026-07-17\exchange=NSE\symbol=HINDUNILVR\part-074322_655647-032461.parquet,34691,downloaded,34691,
2026-07-17,NSE,HINDUNILVR,raw_l2/trade_date=2026-07-17/exchange=NSE/symbol=HINDUNILVR/part-074641_352615-032909.parquet,real_data_sample\l2_unseen_validation\trade_date=2026-07-17\exchange=NSE\symbol=HINDUNILVR\part-074641_352615-032909.parquet,34919,downloaded,34919,
2026-07-17,NSE,HINDUNILVR,raw_l2/trade_date=2026-07-17/exchange=NSE/symbol=HINDUNILVR/part-074544_210386-032781.parquet,real_data_sample\l2_unseen_validation\trade_date=2026-07-17\exchange=NSE\symbol=HINDUNILVR\part-074544_210386-032781.parquet,34838,downloaded,34838,
2026-07-17,NSE,HINDUNILVR,raw_l2/trade_date=2026-07-17/exchange=NSE/symbol=HINDUNILVR/part-074447_639642-032653.parquet,real_data_sample\l2_unseen_validation\trade_date=2026-07-17\exchange=NSE\symbol=HINDUNILVR\part-074447_639642-032653.parquet,35581,downloaded,35581,
2026-07-17,NSE,HINDUNILVR,raw_l2/trade_date=2026-07-17/exchange=NSE/symbol=HINDUNILVR/part-074916_659594-033261.parquet,real_data_sample\l2_unseen_validation\trade_date=2026-07-17\exchange=NSE\symbol=HINDUNILVR\part-074916_659594-033261.parquet,35077,downloaded,35077,
2026-07-17,NSE,HINDUNILVR,raw_l2/trade_date=2026-07-17/exchange=NSE/symbol=HINDUNILVR/part-074902_454826-033229.parquet,real_data_sample\l2_unseen_validation\trade_date=2026-07-17\exchange=NSE\symbol=HINDUNILVR\part-074902_454826-033229.parquet,34637,downloaded,34637,
2026-07-17,NSE,HINDUNILVR,raw_l2/trade_date=2026-07-17/exchange=NSE/symbol=HINDUNILVR/part-074709_497640-032973.parquet,real_data_sample\l2_unseen_validation\trade_date=2026-07-17\exchange=NSE\symbol=HINDUNILVR\part-074709_497640-032973.parquet,34537,downloaded,34537,
2026-07-17,NSE,HINDUNILVR,raw_l2/trade_date=2026-07-17/exchange=NSE/symbol=HINDUNILVR/part-074958_673523-033357.parquet,real_data_sample\l2_unseen_validation\trade_date=2026-07-17\exchange=NSE\symbol=HINDUNILVR\part-074958_673523-033357.parquet,34816,downloaded,34816,
2026-07-17,NSE,HINDUNILVR,raw_l2/trade_date=2026-07-17/exchange=NSE/symbol=HINDUNILVR/part-074805_970925-033101.parquet,real_data_sample\l2_unseen_validation\trade_date=2026-07-17\exchange=NSE\symbol=HINDUNILVR\part-074805_970925-033101.parquet,34826,downloaded,34826,
2026-07-17,NSE,HINDUNILVR,raw_l2/trade_date=2026-07-17/exchange=NSE/symbol=HINDUNILVR/part-074944_704252-033325.parquet,real_data_sample\l2_unseen_validation\trade_date=2026-07-17\exchange=NSE\symbol=HINDUNILVR\part-074944_704252-033325.parquet,35120,downloaded,35120,
2026-07-17,NSE,HINDUNILVR,raw_l2/trade_date=2026-07-17/exchange=NSE/symbol=HINDUNILVR/part-074848_244919-033197.parquet,real_data_sample\l2_unseen_validation\trade_date=2026-07-17\exchange=NSE\symbol=HINDUNILVR\part-074848_244919-033197.parquet,34398,downloaded,34398,
2026-07-17,NSE,HINDUNILVR,raw_l2/trade_date=2026-07-17/exchange=NSE/symbol=HINDUNILVR/part-074834_134348-033165.parquet,real_data_sample\l2_unseen_validation\trade_date=2026-07-17\exchange=NSE\symbol=HINDUNILVR\part-074834_134348-033165.parquet,34776,downloaded,34776,
2026-07-17,NSE,HINDUNILVR,raw_l2/trade_date=2026-07-17/exchange=NSE/symbol=HINDUNILVR/part-074626_984054-032877.parquet,real_data_sample\l2_unseen_validation\trade_date=2026-07-17\exchange=NSE\symbol=HINDUNILVR\part-074626_984054-032877.parquet,34760,downloaded,34760,
2026-07-17,NSE,HINDUNILVR,raw_l2/trade_date=2026-07-17/exchange=NSE/symbol=HINDUNILVR/part-074751_957561-033069.parquet,real_data_sample\l2_unseen_validation\trade_date=2026-07-17\exchange=NSE\symbol=HINDUNILVR\part-074751_957561-033069.parquet,34705,downloaded,34705,
2026-07-17,NSE,HINDUNILVR,raw_l2/trade_date=2026-07-17/exchange=NSE/symbol=HINDUNILVR/part-074433_660868-032621.parquet,real_data_sample\l2_unseen_validation\trade_date=2026-07-17\exchange=NSE\symbol=HINDUNILVR\part-074433_660868-032621.parquet,35770,downloaded,35770,
2026-07-17,NSE,HINDUNILVR,raw_l2/trade_date=2026-07-17/exchange=NSE/symbol=HINDUNILVR/part-074737_912817-033037.parquet,real_data_sample\l2_unseen_validation\trade_date=2026-07-17\exchange=NSE\symbol=HINDUNILVR\part-074737_912817-033037.parquet,34617,downloaded,34617,
2026-07-17,NSE,HINDUNILVR,raw_l2/trade_date=2026-07-17/exchange=NSE/symbol=HINDUNILVR/part-074558_230744-032813.parquet,real_data_sample\l2_unseen_validation\trade_date=2026-07-17\exchange=NSE\symbol=HINDUNILVR\part-074558_230744-032813.parquet,34671,downloaded,34671,
2026-07-17,NSE,HINDUNILVR,raw_l2/trade_date=2026-07-17/exchange=NSE/symbol=HINDUNILVR/part-074612_813350-032845.parquet,real_data_sample\l2_unseen_validation\trade_date=2026-07-17\exchange=NSE\symbol=HINDUNILVR\part-074612_813350-032845.parquet,34520,downloaded,34520,
2026-07-17,NSE,HINDUNILVR,raw_l2/trade_date=2026-07-17/exchange=NSE/symbol=HINDUNILVR/part-074723_828672-033005.parquet,real_data_sample\l2_unseen_validation\trade_date=2026-07-17\exchange=NSE\symbol=HINDUNILVR\part-074723_828672-033005.parquet,34392,downloaded,34392,
2026-07-17,NSE,HINDUNILVR,raw_l2/trade_date=2026-07-17/exchange=NSE/symbol=HINDUNILVR/part-074655_519507-032941.parquet,real_data_sample\l2_unseen_validation\trade_date=2026-07-17\exchange=NSE\symbol=HINDUNILVR\part-074655_519507-032941.parquet,34555,downloaded,34555,
2026-07-17,NSE,HINDUNILVR,raw_l2/trade_date=2026-07-17/exchange=NSE/symbol=HINDUNILVR/part-074405_675588-032557.parquet,real_data_sample\l2_unseen_validation\trade_date=2026-07-17\exchange=NSE\symbol=HINDUNILVR\part-074405_675588-032557.parquet,34815,downloaded,34815,
2026-07-17,NSE,HINDUNILVR,raw_l2/trade_date=2026-07-17/exchange=NSE/symbol=HINDUNILVR/part-074819_911552-033133.parquet,real_data_sample\l2_unseen_validation\trade_date=2026-07-17\exchange=NSE\symbol=HINDUNILVR\part-074819_911552-033133.parquet,34677,downloaded,34677,
2026-07-17,NSE,HINDUNILVR,raw_l2/trade_date=2026-07-17/exchange=NSE/symbol=HINDUNILVR/part-074501_721149-032685.parquet,real_data_sample\l2_unseen_validation\trade_date=2026-07-17\exchange=NSE\symbol=HINDUNILVR\part-074501_721149-032685.parquet,35327,downloaded,35327,
2026-07-17,NSE,HINDUNILVR,raw_l2/trade_date=2026-07-17/exchange=NSE/symbol=HINDUNILVR/part-075027_295453-033421.parquet,real_data_sample\l2_unseen_validation\trade_date=2026-07-17\exchange=NSE\symbol=HINDUNILVR\part-075027_295453-033421.parquet,36244,downloaded,36244,
2026-07-17,NSE,HINDUNILVR,raw_l2/trade_date=2026-07-17/exchange=NSE/symbol=HINDUNILVR/part-075109_843487-033517.parquet,real_data_sample\l2_unseen_validation\trade_date=2026-07-17\exchange=NSE\symbol=HINDUNILVR\part-075109_843487-033517.parquet,36314,downloaded,36314,
2026-07-17,NSE,HINDUNILVR,raw_l2/trade_date=2026-07-17/exchange=NSE/symbol=HINDUNILVR/part-075041_913766-033453.parquet,real_data_sample\l2_unseen_validation\trade_date=2026-07-17\exchange=NSE\symbol=HINDUNILVR\part-075041_913766-033453.parquet,36548,downloaded,36548,
2026-07-17,NSE,HINDUNILVR,raw_l2/trade_date=2026-07-17/exchange=NSE/symbol=HINDUNILVR/part-074515_960910-032717.parquet,real_data_sample\l2_unseen_validation\trade_date=2026-07-17\exchange=NSE\symbol=HINDUNILVR\part-074515_960910-032717.parquet,35309,downloaded,35309,
2026-07-17,NSE,HINDUNILVR,raw_l2/trade_date=2026-07-17/exchange=NSE/symbol=HINDUNILVR/part-075012_672792-033389.parquet,real_data_sample\l2_unseen_validation\trade_date=2026-07-17\exchange=NSE\symbol=HINDUNILVR\part-075012_672792-033389.parquet,34993,downloaded,34993,
2026-07-17,NSE,HINDUNILVR,raw_l2/trade_date=2026-07-17/exchange=NSE/symbol=HINDUNILVR/part-075055_916496-033485.parquet,real_data_sample\l2_unseen_validation\trade_date=2026-07-17\exchange=NSE\symbol=HINDUNILVR\part-075055_916496-033485.parquet,36198,downloaded,36198,
2026-07-17,NSE,HINDUNILVR,raw_l2/trade_date=2026-07-17/exchange=NSE/symbol=HINDUNILVR/part-074930_636688-033293.parquet,real_data_sample\l2_unseen_validation\trade_date=2026-07-17\exchange=NSE\symbol=HINDUNILVR\part-074930_636688-033293.parquet,35091,downloaded,35091,
2026-07-17,NSE,HINDUNILVR,raw_l2/trade_date=2026-07-17/exchange=NSE/symbol=HINDUNILVR/part-075249_228846-033741.parquet,real_data_sample\l2_unseen_validation\trade_date=2026-07-17\exchange=NSE\symbol=HINDUNILVR\part-075249_228846-033741.parquet,35439,downloaded,35439,
2026-07-17,NSE,HINDUNILVR,raw_l2/trade_date=2026-07-17/exchange=NSE/symbol=HINDUNILVR/part-075152_181509-033613.parquet,real_data_sample\l2_unseen_validation\trade_date=2026-07-17\exchange=NSE\symbol=HINDUNILVR\part-075152_181509-033613.parquet,36228,downloaded,36228,
2026-07-17,NSE,HINDUNILVR,raw_l2/trade_date=2026-07-17/exchange=NSE/symbol=HINDUNILVR/part-075220_920119-033677.parquet,real_data_sample\l2_unseen_validation\trade_date=2026-07-17\exchange=NSE\symbol=HINDUNILVR\part-075220_920119-033677.parquet,35695,downloaded,35695,
2026-07-17,NSE,HINDUNILVR,raw_l2/trade_date=2026-07-17/exchange=NSE/symbol=HINDUNILVR/part-075317_985720-033805.parquet,real_data_sample\l2_unseen_validation\trade_date=2026-07-17\exchange=NSE\symbol=HINDUNILVR\part-075317_985720-033805.parquet,34674,downloaded,34674,
2026-07-17,NSE,HINDUNILVR,raw_l2/trade_date=2026-07-17/exchange=NSE/symbol=HINDUNILVR/part-075345_956359-033869.parquet,real_data_sample\l2_unseen_validation\trade_date=2026-07-17\exchange=NSE\symbol=HINDUNILVR\part-075345_956359-033869.parquet,34674,downloaded,34674,
2026-07-17,NSE,HINDUNILVR,raw_l2/trade_date=2026-07-17/exchange=NSE/symbol=HINDUNILVR/part-075206_720676-033645.parquet,real_data_sample\l2_unseen_validation\trade_date=2026-07-17\exchange=NSE\symbol=HINDUNILVR\part-075206_720676-033645.parquet,36119,downloaded,36119,
2026-07-17,NSE,HINDUNILVR,raw_l2/trade_date=2026-07-17/exchange=NSE/symbol=HINDUNILVR/part-075235_068733-033709.parquet,real_data_sample\l2_unseen_validation\trade_date=2026-07-17\exchange=NSE\symbol=HINDUNILVR\part-075235_068733-033709.parquet,35744,downloaded,35744,
2026-07-17,NSE,HINDUNILVR,raw_l2/trade_date=2026-07-17/exchange=NSE/symbol=HINDUNILVR/part-075414_277019-033933.parquet,real_data_sample\l2_unseen_validation\trade_date=2026-07-17\exchange=NSE\symbol=HINDUNILVR\part-075414_277019-033933.parquet,34845,downloaded,34845,
2026-07-17,NSE,HINDUNILVR,raw_l2/trade_date=2026-07-17/exchange=NSE/symbol=HINDUNILVR/part-075137_988285-033581.parquet,real_data_sample\l2_unseen_validation\trade_date=2026-07-17\exchange=NSE\symbol=HINDUNILVR\part-075137_988285-033581.parquet,35906,downloaded,35906,
2026-07-17,NSE,HINDUNILVR,raw_l2/trade_date=2026-07-17/exchange=NSE/symbol=HINDUNILVR/part-075332_028939-033837.parquet,real_data_sample\l2_unseen_validation\trade_date=2026-07-17\exchange=NSE\symbol=HINDUNILVR\part-075332_028939-033837.parquet,34749,downloaded,34749,
2026-07-17,NSE,HINDUNILVR,raw_l2/trade_date=2026-07-17/exchange=NSE/symbol=HINDUNILVR/part-075303_808819-033773.parquet,real_data_sample\l2_unseen_validation\trade_date=2026-07-17\exchange=NSE\symbol=HINDUNILVR\part-075303_808819-033773.parquet,35600,downloaded,35600,
2026-07-17,NSE,HINDUNILVR,raw_l2/trade_date=2026-07-17/exchange=NSE/symbol=HINDUNILVR/part-075400_025736-033901.parquet,real_data_sample\l2_unseen_validation\trade_date=2026-07-17\exchange=NSE\symbol=HINDUNILVR\part-075400_025736-033901.parquet,35041,downloaded,35041,
2026-07-17,NSE,HINDUNILVR,raw_l2/trade_date=2026-07-17/exchange=NSE/symbol=HINDUNILVR/part-075428_199468-033965.parquet,real_data_sample\l2_unseen_validation\trade_date=2026-07-17\exchange=NSE\symbol=HINDUNILVR\part-075428_199468-033965.parquet,34724,downloaded,34724,
2026-07-17,NSE,HINDUNILVR,raw_l2/trade_date=2026-07-17/exchange=NSE/symbol=HINDUNILVR/part-074419_691793-032589.parquet,real_data_sample\l2_unseen_validation\trade_date=2026-07-17\exchange=NSE\symbol=HINDUNILVR\part-074419_691793-032589.parquet,34965,downloaded,34965,
2026-07-17,NSE,HINDUNILVR,raw_l2/trade_date=2026-07-17/exchange=NSE/symbol=HINDUNILVR/part-075606_850731-034189.parquet,real_data_sample\l2_unseen_validation\trade_date=2026-07-17\exchange=NSE\symbol=HINDUNILVR\part-075606_850731-034189.parquet,34727,downloaded,34727,
2026-07-17,NSE,HINDUNILVR,raw_l2/trade_date=2026-07-17/exchange=NSE/symbol=HINDUNILVR/part-075442_334042-033997.parquet,real_data_sample\l2_unseen_validation\trade_date=2026-07-17\exchange=NSE\symbol=HINDUNILVR\part-075442_334042-033997.parquet,34907,downloaded,34907,
2026-07-17,NSE,HINDUNILVR,raw_l2/trade_date=2026-07-17/exchange=NSE/symbol=HINDUNILVR/part-074530_191771-032749.parquet,real_data_sample\l2_unseen_validation\trade_date=2026-07-17\exchange=NSE\symbol=HINDUNILVR\part-074530_191771-032749.parquet,34653,downloaded,34653,
2026-07-17,NSE,HINDUNILVR,raw_l2/trade_date=2026-07-17/exchange=NSE/symbol=HINDUNILVR/part-075635_268507-034253.parquet,real_data_sample\l2_unseen_validation\trade_date=2026-07-17\exchange=NSE\symbol=HINDUNILVR\part-075635_268507-034253.parquet,35082,downloaded,35082,
2026-07-17,NSE,HINDUNILVR,raw_l2/trade_date=2026-07-17/exchange=NSE/symbol=HINDUNILVR/part-075649_532353-034285.parquet,real_data_sample\l2_unseen_validation\trade_date=2026-07-17\exchange=NSE\symbol=HINDUNILVR\part-075649_532353-034285.parquet,34997,downloaded,34997,
2026-07-17,NSE,HINDUNILVR,raw_l2/trade_date=2026-07-17/exchange=NSE/symbol=HINDUNILVR/part-075456_614446-034029.parquet,real_data_sample\l2_unseen_validation\trade_date=2026-07-17\exchange=NSE\symbol=HINDUNILVR\part-075456_614446-034029.parquet,34898,downloaded,34898,
2026-07-17,NSE,HINDUNILVR,raw_l2/trade_date=2026-07-17/exchange=NSE/symbol=HINDUNILVR/part-075621_032927-034221.parquet,real_data_sample\l2_unseen_validation\trade_date=2026-07-17\exchange=NSE\symbol=HINDUNILVR\part-075621_032927-034221.parquet,34938,downloaded,34938,
2026-07-17,NSE,HINDUNILVR,raw_l2/trade_date=2026-07-17/exchange=NSE/symbol=HINDUNILVR/part-075815_690347-034477.parquet,real_data_sample\l2_unseen_validation\trade_date=2026-07-17\exchange=NSE\symbol=HINDUNILVR\part-075815_690347-034477.parquet,35990,downloaded,35990,
2026-07-17,NSE,HINDUNILVR,raw_l2/trade_date=2026-07-17/exchange=NSE/symbol=HINDUNILVR/part-075510_743739-034061.parquet,real_data_sample\l2_unseen_validation\trade_date=2026-07-17\exchange=NSE\symbol=HINDUNILVR\part-075510_743739-034061.parquet,34752,downloaded,34752,
2026-07-17,NSE,HINDUNILVR,raw_l2/trade_date=2026-07-17/exchange=NSE/symbol=HINDUNILVR/part-075732_400261-034381.parquet,real_data_sample\l2_unseen_validation\trade_date=2026-07-17\exchange=NSE\symbol=HINDUNILVR\part-075732_400261-034381.parquet,35855,downloaded,35855,
2026-07-17,NSE,HINDUNILVR,raw_l2/trade_date=2026-07-17/exchange=NSE/symbol=HINDUNILVR/part-075524_757267-034093.parquet,real_data_sample\l2_unseen_validation\trade_date=2026-07-17\exchange=NSE\symbol=HINDUNILVR\part-075524_757267-034093.parquet,34662,downloaded,34662,
2026-07-17,NSE,HINDUNILVR,raw_l2/trade_date=2026-07-17/exchange=NSE/symbol=HINDUNILVR/part-075538_710038-034125.parquet,real_data_sample\l2_unseen_validation\trade_date=2026-07-17\exchange=NSE\symbol=HINDUNILVR\part-075538_710038-034125.parquet,34715,downloaded,34715,
2026-07-17,NSE,HINDUNILVR,raw_l2/trade_date=2026-07-17/exchange=NSE/symbol=HINDUNILVR/part-075746_786513-034413.parquet,real_data_sample\l2_unseen_validation\trade_date=2026-07-17\exchange=NSE\symbol=HINDUNILVR\part-075746_786513-034413.parquet,36129,downloaded,36129,
2026-07-17,NSE,HINDUNILVR,raw_l2/trade_date=2026-07-17/exchange=NSE/symbol=HINDUNILVR/part-075718_049645-034349.parquet,real_data_sample\l2_unseen_validation\trade_date=2026-07-17\exchange=NSE\symbol=HINDUNILVR\part-075718_049645-034349.parquet,35507,downloaded,35507,
2026-07-17,NSE,HINDUNILVR,raw_l2/trade_date=2026-07-17/exchange=NSE/symbol=HINDUNILVR/part-075552_712968-034157.parquet,real_data_sample\l2_unseen_validation\trade_date=2026-07-17\exchange=NSE\symbol=HINDUNILVR\part-075552_712968-034157.parquet,34652,downloaded,34652,
2026-07-17,NSE,HINDUNILVR,raw_l2/trade_date=2026-07-17/exchange=NSE/symbol=HINDUNILVR/part-075801_068329-034445.parquet,real_data_sample\l2_unseen_validation\trade_date=2026-07-17\exchange=NSE\symbol=HINDUNILVR\part-075801_068329-034445.parquet,36331,downloaded,36331,
2026-07-17,NSE,HINDUNILVR,raw_l2/trade_date=2026-07-17/exchange=NSE/symbol=HINDUNILVR/part-075703_758257-034317.parquet,real_data_sample\l2_unseen_validation\trade_date=2026-07-17\exchange=NSE\symbol=HINDUNILVR\part-075703_758257-034317.parquet,35088,downloaded,35088,
2026-07-17,NSE,HINDUNILVR,raw_l2/trade_date=2026-07-17/exchange=NSE/symbol=HINDUNILVR/part-075123_888542-033549.parquet,real_data_sample\l2_unseen_validation\trade_date=2026-07-17\exchange=NSE\symbol=HINDUNILVR\part-075123_888542-033549.parquet,36083,downloaded,36083,
2026-07-17,NSE,HINDUNILVR,raw_l2/trade_date=2026-07-17/exchange=NSE/symbol=HINDUNILVR/part-075844_333817-034541.parquet,real_data_sample\l2_unseen_validation\trade_date=2026-07-17\exchange=NSE\symbol=HINDUNILVR\part-075844_333817-034541.parquet,36079,downloaded,36079,
2026-07-17,NSE,HINDUNILVR,raw_l2/trade_date=2026-07-17/exchange=NSE/symbol=HINDUNILVR/part-075912_821561-034605.parquet,real_data_sample\l2_unseen_validation\trade_date=2026-07-17\exchange=NSE\symbol=HINDUNILVR\part-075912_821561-034605.parquet,35960,downloaded,35960,
2026-07-17,NSE,HINDUNILVR,raw_l2/trade_date=2026-07-17/exchange=NSE/symbol=HINDUNILVR/part-075858_540487-034573.parquet,real_data_sample\l2_unseen_validation\trade_date=2026-07-17\exchange=NSE\symbol=HINDUNILVR\part-075858_540487-034573.parquet,35451,downloaded,35451,
2026-07-17,NSE,HINDUNILVR,raw_l2/trade_date=2026-07-17/exchange=NSE/symbol=HINDUNILVR/part-075941_360032-034669.parquet,real_data_sample\l2_unseen_validation\trade_date=2026-07-17\exchange=NSE\symbol=HINDUNILVR\part-075941_360032-034669.parquet,35266,downloaded,35266,
2026-07-17,NSE,HINDUNILVR,raw_l2/trade_date=2026-07-17/exchange=NSE/symbol=HINDUNILVR/part-080025_527383-034765.parquet,real_data_sample\l2_unseen_validation\trade_date=2026-07-17\exchange=NSE\symbol=HINDUNILVR\part-080025_527383-034765.parquet,34857,downloaded,34857,
2026-07-17,NSE,HINDUNILVR,raw_l2/trade_date=2026-07-17/exchange=NSE/symbol=HINDUNILVR/part-075955_816709-034701.parquet,real_data_sample\l2_unseen_validation\trade_date=2026-07-17\exchange=NSE\symbol=HINDUNILVR\part-075955_816709-034701.parquet,35057,downloaded,35057,
2026-07-17,NSE,HINDUNILVR,raw_l2/trade_date=2026-07-17/exchange=NSE/symbol=HINDUNILVR/part-075927_104284-034637.parquet,real_data_sample\l2_unseen_validation\trade_date=2026-07-17\exchange=NSE\symbol=HINDUNILVR\part-075927_104284-034637.parquet,35296,downloaded,35296,
2026-07-17,NSE,HINDUNILVR,raw_l2/trade_date=2026-07-17/exchange=NSE/symbol=HINDUNILVR/part-080054_244987-034829.parquet,real_data_sample\l2_unseen_validation\trade_date=2026-07-17\exchange=NSE\symbol=HINDUNILVR\part-080054_244987-034829.parquet,34651,downloaded,34651,
2026-07-17,NSE,HINDUNILVR,raw_l2/trade_date=2026-07-17/exchange=NSE/symbol=HINDUNILVR/part-075830_002161-034509.parquet,real_data_sample\l2_unseen_validation\trade_date=2026-07-17\exchange=NSE\symbol=HINDUNILVR\part-075830_002161-034509.parquet,36283,downloaded,36283,
2026-07-17,NSE,HINDUNILVR,raw_l2/trade_date=2026-07-17/exchange=NSE/symbol=HINDUNILVR/part-080010_891382-034733.parquet,real_data_sample\l2_unseen_validation\trade_date=2026-07-17\exchange=NSE\symbol=HINDUNILVR\part-080010_891382-034733.parquet,35169,downloaded,35169,
2026-07-17,NSE,HINDUNILVR,raw_l2/trade_date=2026-07-17/exchange=NSE/symbol=HINDUNILVR/part-080039_741858-034797.parquet,real_data_sample\l2_unseen_validation\trade_date=2026-07-17\exchange=NSE\symbol=HINDUNILVR\part-080039_741858-034797.parquet,34890,downloaded,34890,
2026-07-17,NSE,HINDUNILVR,raw_l2/trade_date=2026-07-17/exchange=NSE/symbol=HINDUNILVR/part-080108_582402-034861.parquet,real_data_sample\l2_unseen_validation\trade_date=2026-07-17\exchange=NSE\symbol=HINDUNILVR\part-080108_582402-034861.parquet,34707,downloaded,34707,
2026-07-17,NSE,HINDUNILVR,raw_l2/trade_date=2026-07-17/exchange=NSE/symbol=HINDUNILVR/part-080122_736619-034893.parquet,real_data_sample\l2_unseen_validation\trade_date=2026-07-17\exchange=NSE\symbol=HINDUNILVR\part-080122_736619-034893.parquet,34710,downloaded,34710,
2026-07-17,NSE,HINDUNILVR,raw_l2/trade_date=2026-07-17/exchange=NSE/symbol=HINDUNILVR/part-080205_910317-034989.parquet,real_data_sample\l2_unseen_validation\trade_date=2026-07-17\exchange=NSE\symbol=HINDUNILVR\part-080205_910317-034989.parquet,34710,downloaded,34710,
2026-07-17,NSE,HINDUNILVR,raw_l2/trade_date=2026-07-17/exchange=NSE/symbol=HINDUNILVR/part-080151_476952-034957.parquet,real_data_sample\l2_unseen_validation\trade_date=2026-07-17\exchange=NSE\symbol=HINDUNILVR\part-080151_476952-034957.parquet,34699,downloaded,34699,
2026-07-17,NSE,HINDUNILVR,raw_l2/trade_date=2026-07-17/exchange=NSE/symbol=HINDUNILVR/part-080516_713703-035405.parquet,real_data_sample\l2_unseen_validation\trade_date=2026-07-17\exchange=NSE\symbol=HINDUNILVR\part-080516_713703-035405.parquet,34803,downloaded,34803,
2026-07-17,NSE,HINDUNILVR,raw_l2/trade_date=2026-07-17/exchange=NSE/symbol=HINDUNILVR/part-080317_871259-035149.parquet,real_data_sample\l2_unseen_validation\trade_date=2026-07-17\exchange=NSE\symbol=HINDUNILVR\part-080317_871259-035149.parquet,34871,downloaded,34871,
2026-07-17,NSE,HINDUNILVR,raw_l2/trade_date=2026-07-17/exchange=NSE/symbol=HINDUNILVR/part-080234_502562-035053.parquet,real_data_sample\l2_unseen_validation\trade_date=2026-07-17\exchange=NSE\symbol=HINDUNILVR\part-080234_502562-035053.parquet,34861,downloaded,34861,
2026-07-17,NSE,HINDUNILVR,raw_l2/trade_date=2026-07-17/exchange=NSE/symbol=HINDUNILVR/part-080531_778561-035437.parquet,real_data_sample\l2_unseen_validation\trade_date=2026-07-17\exchange=NSE\symbol=HINDUNILVR\part-080531_778561-035437.parquet,34656,downloaded,34656,
2026-07-17,NSE,HINDUNILVR,raw_l2/trade_date=2026-07-17/exchange=NSE/symbol=HINDUNILVR/part-080447_402807-035341.parquet,real_data_sample\l2_unseen_validation\trade_date=2026-07-17\exchange=NSE\symbol=HINDUNILVR\part-080447_402807-035341.parquet,34635,downloaded,34635,
2026-07-17,NSE,HINDUNILVR,raw_l2/trade_date=2026-07-17/exchange=NSE/symbol=HINDUNILVR/part-080545_981254-035469.parquet,real_data_sample\l2_unseen_validation\trade_date=2026-07-17\exchange=NSE\symbol=HINDUNILVR\part-080545_981254-035469.parquet,34672,downloaded,34672,
2026-07-17,NSE,HINDUNILVR,raw_l2/trade_date=2026-07-17/exchange=NSE/symbol=HINDUNILVR/part-080416_004017-035277.parquet,real_data_sample\l2_unseen_validation\trade_date=2026-07-17\exchange=NSE\symbol=HINDUNILVR\part-080416_004017-035277.parquet,34649,downloaded,34649,
2026-07-17,NSE,HINDUNILVR,raw_l2/trade_date=2026-07-17/exchange=NSE/symbol=HINDUNILVR/part-080401_486555-035245.parquet,real_data_sample\l2_unseen_validation\trade_date=2026-07-17\exchange=NSE\symbol=HINDUNILVR\part-080401_486555-035245.parquet,34859,downloaded,34859,
2026-07-17,NSE,HINDUNILVR,raw_l2/trade_date=2026-07-17/exchange=NSE/symbol=HINDUNILVR/part-080431_931835-035309.parquet,real_data_sample\l2_unseen_validation\trade_date=2026-07-17\exchange=NSE\symbol=HINDUNILVR\part-080431_931835-035309.parquet,34611,downloaded,34611,
2026-07-17,NSE,HINDUNILVR,raw_l2/trade_date=2026-07-17/exchange=NSE/symbol=HINDUNILVR/part-080346_743163-035213.parquet,real_data_sample\l2_unseen_validation\trade_date=2026-07-17\exchange=NSE\symbol=HINDUNILVR\part-080346_743163-035213.parquet,34707,downloaded,34707,
2026-07-17,NSE,HINDUNILVR,raw_l2/trade_date=2026-07-17/exchange=NSE/symbol=HINDUNILVR/part-080249_353765-035085.parquet,real_data_sample\l2_unseen_validation\trade_date=2026-07-17\exchange=NSE\symbol=HINDUNILVR\part-080249_353765-035085.parquet,34804,downloaded,34804,
2026-07-17,NSE,HINDUNILVR,raw_l2/trade_date=2026-07-17/exchange=NSE/symbol=HINDUNILVR/part-080502_158805-035373.parquet,real_data_sample\l2_unseen_validation\trade_date=2026-07-17\exchange=NSE\symbol=HINDUNILVR\part-080502_158805-035373.parquet,34848,downloaded,34848,
2026-07-17,NSE,HINDUNILVR,raw_l2/trade_date=2026-07-17/exchange=NSE/symbol=HINDUNILVR/part-080332_202748-035181.parquet,real_data_sample\l2_unseen_validation\trade_date=2026-07-17\exchange=NSE\symbol=HINDUNILVR\part-080332_202748-035181.parquet,34530,downloaded,34530,
2026-07-17,NSE,HINDUNILVR,raw_l2/trade_date=2026-07-17/exchange=NSE/symbol=HINDUNILVR/part-080303_541707-035117.parquet,real_data_sample\l2_unseen_validation\trade_date=2026-07-17\exchange=NSE\symbol=HINDUNILVR\part-080303_541707-035117.parquet,34728,downloaded,34728,
2026-07-17,NSE,HINDUNILVR,raw_l2/trade_date=2026-07-17/exchange=NSE/symbol=HINDUNILVR/part-080559_979324-035501.parquet,real_data_sample\l2_unseen_validation\trade_date=2026-07-17\exchange=NSE\symbol=HINDUNILVR\part-080559_979324-035501.parquet,34720,downloaded,34720,
2026-07-17,NSE,HINDUNILVR,raw_l2/trade_date=2026-07-17/exchange=NSE/symbol=HINDUNILVR/part-080643_180165-035597.parquet,real_data_sample\l2_unseen_validation\trade_date=2026-07-17\exchange=NSE\symbol=HINDUNILVR\part-080643_180165-035597.parquet,34672,downloaded,34672,
2026-07-17,NSE,HINDUNILVR,raw_l2/trade_date=2026-07-17/exchange=NSE/symbol=HINDUNILVR/part-080614_243420-035533.parquet,real_data_sample\l2_unseen_validation\trade_date=2026-07-17\exchange=NSE\symbol=HINDUNILVR\part-080614_243420-035533.parquet,34647,downloaded,34647,
2026-07-17,NSE,HINDUNILVR,raw_l2/trade_date=2026-07-17/exchange=NSE/symbol=HINDUNILVR/part-080657_444023-035629.parquet,real_data_sample\l2_unseen_validation\trade_date=2026-07-17\exchange=NSE\symbol=HINDUNILVR\part-080657_444023-035629.parquet,34631,downloaded,34631,
2026-07-17,NSE,HINDUNILVR,raw_l2/trade_date=2026-07-17/exchange=NSE/symbol=HINDUNILVR/part-080824_849139-035821.parquet,real_data_sample\l2_unseen_validation\trade_date=2026-07-17\exchange=NSE\symbol=HINDUNILVR\part-080824_849139-035821.parquet,34783,downloaded,34783,
2026-07-17,NSE,HINDUNILVR,raw_l2/trade_date=2026-07-17/exchange=NSE/symbol=HINDUNILVR/part-080839_569501-035853.parquet,real_data_sample\l2_unseen_validation\trade_date=2026-07-17\exchange=NSE\symbol=HINDUNILVR\part-080839_569501-035853.parquet,34592,downloaded,34592,
2026-07-17,NSE,HINDUNILVR,raw_l2/trade_date=2026-07-17/exchange=NSE/symbol=HINDUNILVR/part-080854_197517-035885.parquet,real_data_sample\l2_unseen_validation\trade_date=2026-07-17\exchange=NSE\symbol=HINDUNILVR\part-080854_197517-035885.parquet,34771,downloaded,34771,
2026-07-17,NSE,HINDUNILVR,raw_l2/trade_date=2026-07-17/exchange=NSE/symbol=HINDUNILVR/part-080628_582348-035565.parquet,real_data_sample\l2_unseen_validation\trade_date=2026-07-17\exchange=NSE\symbol=HINDUNILVR\part-080628_582348-035565.parquet,34555,downloaded,34555,
2026-07-17,NSE,HINDUNILVR,raw_l2/trade_date=2026-07-17/exchange=NSE/symbol=HINDUNILVR/part-080726_489335-035693.parquet,real_data_sample\l2_unseen_validation\trade_date=2026-07-17\exchange=NSE\symbol=HINDUNILVR\part-080726_489335-035693.parquet,34762,downloaded,34762,
2026-07-17,NSE,HINDUNILVR,raw_l2/trade_date=2026-07-17/exchange=NSE/symbol=HINDUNILVR/part-080908_766534-035917.parquet,real_data_sample\l2_unseen_validation\trade_date=2026-07-17\exchange=NSE\symbol=HINDUNILVR\part-080908_766534-035917.parquet,34796,downloaded,34796,
2026-07-17,NSE,HINDUNILVR,raw_l2/trade_date=2026-07-17/exchange=NSE/symbol=HINDUNILVR/part-080810_575108-035789.parquet,real_data_sample\l2_unseen_validation\trade_date=2026-07-17\exchange=NSE\symbol=HINDUNILVR\part-080810_575108-035789.parquet,34790,downloaded,34790,
2026-07-17,NSE,HINDUNILVR,raw_l2/trade_date=2026-07-17/exchange=NSE/symbol=HINDUNILVR/part-080740_966072-035725.parquet,real_data_sample\l2_unseen_validation\trade_date=2026-07-17\exchange=NSE\symbol=HINDUNILVR\part-080740_966072-035725.parquet,34873,downloaded,34873,
2026-07-17,NSE,HINDUNILVR,raw_l2/trade_date=2026-07-17/exchange=NSE/symbol=HINDUNILVR/part-080755_790834-035757.parquet,real_data_sample\l2_unseen_validation\trade_date=2026-07-17\exchange=NSE\symbol=HINDUNILVR\part-080755_790834-035757.parquet,34712,downloaded,34712,
2026-07-17,NSE,HINDUNILVR,raw_l2/trade_date=2026-07-17/exchange=NSE/symbol=HINDUNILVR/part-080712_126969-035661.parquet,real_data_sample\l2_unseen_validation\trade_date=2026-07-17\exchange=NSE\symbol=HINDUNILVR\part-080712_126969-035661.parquet,34638,downloaded,34638,
2026-07-17,NSE,HINDUNILVR,raw_l2/trade_date=2026-07-17/exchange=NSE/symbol=HINDUNILVR/part-080137_092173-034925.parquet,real_data_sample\l2_unseen_validation\trade_date=2026-07-17\exchange=NSE\symbol=HINDUNILVR\part-080137_092173-034925.parquet,34791,downloaded,34791,
2026-07-17,NSE,HINDUNILVR,raw_l2/trade_date=2026-07-17/exchange=NSE/symbol=HINDUNILVR/part-080923_662337-035949.parquet,real_data_sample\l2_unseen_validation\trade_date=2026-07-17\exchange=NSE\symbol=HINDUNILVR\part-080923_662337-035949.parquet,35078,downloaded,35078,
2026-07-17,NSE,HINDUNILVR,raw_l2/trade_date=2026-07-17/exchange=NSE/symbol=HINDUNILVR/part-080938_367985-035981.parquet,real_data_sample\l2_unseen_validation\trade_date=2026-07-17\exchange=NSE\symbol=HINDUNILVR\part-080938_367985-035981.parquet,35190,downloaded,35190,
2026-07-17,NSE,HINDUNILVR,raw_l2/trade_date=2026-07-17/exchange=NSE/symbol=HINDUNILVR/part-080220_011973-035021.parquet,real_data_sample\l2_unseen_validation\trade_date=2026-07-17\exchange=NSE\symbol=HINDUNILVR\part-080220_011973-035021.parquet,34666,downloaded,34666,
2026-07-17,NSE,HINDUNILVR,raw_l2/trade_date=2026-07-17/exchange=NSE/symbol=HINDUNILVR/part-080952_872060-036013.parquet,real_data_sample\l2_unseen_validation\trade_date=2026-07-17\exchange=NSE\symbol=HINDUNILVR\part-080952_872060-036013.parquet,35073,downloaded,35073,
2026-07-17,NSE,HINDUNILVR,raw_l2/trade_date=2026-07-17/exchange=NSE/symbol=HINDUNILVR/part-081134_183899-036237.parquet,real_data_sample\l2_unseen_validation\trade_date=2026-07-17\exchange=NSE\symbol=HINDUNILVR\part-081134_183899-036237.parquet,35447,downloaded,35447,
2026-07-17,NSE,HINDUNILVR,raw_l2/trade_date=2026-07-17/exchange=NSE/symbol=HINDUNILVR/part-081202_518195-036301.parquet,real_data_sample\l2_unseen_validation\trade_date=2026-07-17\exchange=NSE\symbol=HINDUNILVR\part-081202_518195-036301.parquet,34874,downloaded,34874,
2026-07-17,NSE,HINDUNILVR,raw_l2/trade_date=2026-07-17/exchange=NSE/symbol=HINDUNILVR/part-081022_862033-036077.parquet,real_data_sample\l2_unseen_validation\trade_date=2026-07-17\exchange=NSE\symbol=HINDUNILVR\part-081022_862033-036077.parquet,35774,downloaded,35774,
2026-07-17,NSE,HINDUNILVR,raw_l2/trade_date=2026-07-17/exchange=NSE/symbol=HINDUNILVR/part-081230_888899-036365.parquet,real_data_sample\l2_unseen_validation\trade_date=2026-07-17\exchange=NSE\symbol=HINDUNILVR\part-081230_888899-036365.parquet,35329,downloaded,35329,
2026-07-17,NSE,HINDUNILVR,raw_l2/trade_date=2026-07-17/exchange=NSE/symbol=HINDUNILVR/part-081259_852684-036429.parquet,real_data_sample\l2_unseen_validation\trade_date=2026-07-17\exchange=NSE\symbol=HINDUNILVR\part-081259_852684-036429.parquet,35568,downloaded,35568,
2026-07-17,NSE,HINDUNILVR,raw_l2/trade_date=2026-07-17/exchange=NSE/symbol=HINDUNILVR/part-081216_691588-036333.parquet,real_data_sample\l2_unseen_validation\trade_date=2026-07-17\exchange=NSE\symbol=HINDUNILVR\part-081216_691588-036333.parquet,35784,downloaded,35784,
2026-07-17,NSE,HINDUNILVR,raw_l2/trade_date=2026-07-17/exchange=NSE/symbol=HINDUNILVR/part-081120_231933-036205.parquet,real_data_sample\l2_unseen_validation\trade_date=2026-07-17\exchange=NSE\symbol=HINDUNILVR\part-081120_231933-036205.parquet,36070,downloaded,36070,
2026-07-17,NSE,HINDUNILVR,raw_l2/trade_date=2026-07-17/exchange=NSE/symbol=HINDUNILVR/part-081148_358844-036269.parquet,real_data_sample\l2_unseen_validation\trade_date=2026-07-17\exchange=NSE\symbol=HINDUNILVR\part-081148_358844-036269.parquet,35502,downloaded,35502,
2026-07-17,NSE,HINDUNILVR,raw_l2/trade_date=2026-07-17/exchange=NSE/symbol=HINDUNILVR/part-081051_924381-036141.parquet,real_data_sample\l2_unseen_validation\trade_date=2026-07-17\exchange=NSE\symbol=HINDUNILVR\part-081051_924381-036141.parquet,36364,downloaded,36364,
2026-07-17,NSE,HINDUNILVR,raw_l2/trade_date=2026-07-17/exchange=NSE/symbol=HINDUNILVR/part-081007_675060-036045.parquet,real_data_sample\l2_unseen_validation\trade_date=2026-07-17\exchange=NSE\symbol=HINDUNILVR\part-081007_675060-036045.parquet,35122,downloaded,35122,
2026-07-17,NSE,HINDUNILVR,raw_l2/trade_date=2026-07-17/exchange=NSE/symbol=HINDUNILVR/part-081037_683465-036109.parquet,real_data_sample\l2_unseen_validation\trade_date=2026-07-17\exchange=NSE\symbol=HINDUNILVR\part-081037_683465-036109.parquet,35793,downloaded,35793,
2026-07-17,NSE,HINDUNILVR,raw_l2/trade_date=2026-07-17/exchange=NSE/symbol=HINDUNILVR/part-081106_062942-036173.parquet,real_data_sample\l2_unseen_validation\trade_date=2026-07-17\exchange=NSE\symbol=HINDUNILVR\part-081106_062942-036173.parquet,36135,downloaded,36135,
2026-07-17,NSE,HINDUNILVR,raw_l2/trade_date=2026-07-17/exchange=NSE/symbol=HINDUNILVR/part-081245_234006-036397.parquet,real_data_sample\l2_unseen_validation\trade_date=2026-07-17\exchange=NSE\symbol=HINDUNILVR\part-081245_234006-036397.parquet,35434,downloaded,35434,
2026-07-17,NSE,HINDUNILVR,raw_l2/trade_date=2026-07-17/exchange=NSE/symbol=HINDUNILVR/part-081314_563619-036461.parquet,real_data_sample\l2_unseen_validation\trade_date=2026-07-17\exchange=NSE\symbol=HINDUNILVR\part-081314_563619-036461.parquet,35827,downloaded,35827,
2026-07-17,NSE,HINDUNILVR,raw_l2/trade_date=2026-07-17/exchange=NSE/symbol=HINDUNILVR/part-081328_748360-036493.parquet,real_data_sample\l2_unseen_validation\trade_date=2026-07-17\exchange=NSE\symbol=HINDUNILVR\part-081328_748360-036493.parquet,35372,downloaded,35372,
2026-07-17,NSE,HINDUNILVR,raw_l2/trade_date=2026-07-17/exchange=NSE/symbol=HINDUNILVR/part-081357_237180-036557.parquet,real_data_sample\l2_unseen_validation\trade_date=2026-07-17\exchange=NSE\symbol=HINDUNILVR\part-081357_237180-036557.parquet,35402,downloaded,35402,
2026-07-17,NSE,HINDUNILVR,raw_l2/trade_date=2026-07-17/exchange=NSE/symbol=HINDUNILVR/part-081342_998147-036525.parquet,real_data_sample\l2_unseen_validation\trade_date=2026-07-17\exchange=NSE\symbol=HINDUNILVR\part-081342_998147-036525.parquet,35248,downloaded,35248,
2026-07-17,NSE,HINDUNILVR,raw_l2/trade_date=2026-07-17/exchange=NSE/symbol=HINDUNILVR/part-081411_576761-036589.parquet,real_data_sample\l2_unseen_validation\trade_date=2026-07-17\exchange=NSE\symbol=HINDUNILVR\part-081411_576761-036589.parquet,35281,downloaded,35281,
2026-07-17,NSE,HINDUNILVR,raw_l2/trade_date=2026-07-17/exchange=NSE/symbol=HINDUNILVR/part-081440_033109-036653.parquet,real_data_sample\l2_unseen_validation\trade_date=2026-07-17\exchange=NSE\symbol=HINDUNILVR\part-081440_033109-036653.parquet,34780,downloaded,34780,
2026-07-17,NSE,HINDUNILVR,raw_l2/trade_date=2026-07-17/exchange=NSE/symbol=HINDUNILVR/part-081425_821299-036621.parquet,real_data_sample\l2_unseen_validation\trade_date=2026-07-17\exchange=NSE\symbol=HINDUNILVR\part-081425_821299-036621.parquet,34819,downloaded,34819,
2026-07-17,NSE,HINDUNILVR,raw_l2/trade_date=2026-07-17/exchange=NSE/symbol=HINDUNILVR/part-081522_201056-036749.parquet,real_data_sample\l2_unseen_validation\trade_date=2026-07-17\exchange=NSE\symbol=HINDUNILVR\part-081522_201056-036749.parquet,34767,downloaded,34767,
2026-07-17,NSE,HINDUNILVR,raw_l2/trade_date=2026-07-17/exchange=NSE/symbol=HINDUNILVR/part-081508_065691-036717.parquet,real_data_sample\l2_unseen_validation\trade_date=2026-07-17\exchange=NSE\symbol=HINDUNILVR\part-081508_065691-036717.parquet,34662,downloaded,34662,
2026-07-17,NSE,HINDUNILVR,raw_l2/trade_date=2026-07-17/exchange=NSE/symbol=HINDUNILVR/part-081453_949701-036685.parquet,real_data_sample\l2_unseen_validation\trade_date=2026-07-17\exchange=NSE\symbol=HINDUNILVR\part-081453_949701-036685.parquet,34784,downloaded,34784,
2026-07-17,NSE,HINDUNILVR,raw_l2/trade_date=2026-07-17/exchange=NSE/symbol=HINDUNILVR/part-081618_158050-036877.parquet,real_data_sample\l2_unseen_validation\trade_date=2026-07-17\exchange=NSE\symbol=HINDUNILVR\part-081618_158050-036877.parquet,34492,downloaded,34492,
2026-07-17,NSE,HINDUNILVR,raw_l2/trade_date=2026-07-17/exchange=NSE/symbol=HINDUNILVR/part-081938_125418-037325.parquet,real_data_sample\l2_unseen_validation\trade_date=2026-07-17\exchange=NSE\symbol=HINDUNILVR\part-081938_125418-037325.parquet,34724,downloaded,34724,
2026-07-17,NSE,HINDUNILVR,raw_l2/trade_date=2026-07-17/exchange=NSE/symbol=HINDUNILVR/part-081604_284270-036845.parquet,real_data_sample\l2_unseen_validation\trade_date=2026-07-17\exchange=NSE\symbol=HINDUNILVR\part-081604_284270-036845.parquet,34754,downloaded,34754,
2026-07-17,NSE,HINDUNILVR,raw_l2/trade_date=2026-07-17/exchange=NSE/symbol=HINDUNILVR/part-081536_305524-036781.parquet,real_data_sample\l2_unseen_validation\trade_date=2026-07-17\exchange=NSE\symbol=HINDUNILVR\part-081536_305524-036781.parquet,34520,downloaded,34520,
2026-07-17,NSE,HINDUNILVR,raw_l2/trade_date=2026-07-17/exchange=NSE/symbol=HINDUNILVR/part-081646_293566-036941.parquet,real_data_sample\l2_unseen_validation\trade_date=2026-07-17\exchange=NSE\symbol=HINDUNILVR\part-081646_293566-036941.parquet,34645,downloaded,34645,
2026-07-17,NSE,HINDUNILVR,raw_l2/trade_date=2026-07-17/exchange=NSE/symbol=HINDUNILVR/part-081700_493476-036973.parquet,real_data_sample\l2_unseen_validation\trade_date=2026-07-17\exchange=NSE\symbol=HINDUNILVR\part-081700_493476-036973.parquet,34667,downloaded,34667,
2026-07-17,NSE,HINDUNILVR,raw_l2/trade_date=2026-07-17/exchange=NSE/symbol=HINDUNILVR/part-081550_200553-036813.parquet,real_data_sample\l2_unseen_validation\trade_date=2026-07-17\exchange=NSE\symbol=HINDUNILVR\part-081550_200553-036813.parquet,34701,downloaded,34701,
2026-07-17,NSE,HINDUNILVR,raw_l2/trade_date=2026-07-17/exchange=NSE/symbol=HINDUNILVR/part-081812_558188-037133.parquet,real_data_sample\l2_unseen_validation\trade_date=2026-07-17\exchange=NSE\symbol=HINDUNILVR\part-081812_558188-037133.parquet,34639,downloaded,34639,
2026-07-17,NSE,HINDUNILVR,raw_l2/trade_date=2026-07-17/exchange=NSE/symbol=HINDUNILVR/part-081909_525689-037261.parquet,real_data_sample\l2_unseen_validation\trade_date=2026-07-17\exchange=NSE\symbol=HINDUNILVR\part-081909_525689-037261.parquet,34625,downloaded,34625,
2026-07-17,NSE,HINDUNILVR,raw_l2/trade_date=2026-07-17/exchange=NSE/symbol=HINDUNILVR/part-081743_708096-037069.parquet,real_data_sample\l2_unseen_validation\trade_date=2026-07-17\exchange=NSE\symbol=HINDUNILVR\part-081743_708096-037069.parquet,34563,downloaded,34563,
2026-07-17,NSE,HINDUNILVR,raw_l2/trade_date=2026-07-17/exchange=NSE/symbol=HINDUNILVR/part-081841_542086-037197.parquet,real_data_sample\l2_unseen_validation\trade_date=2026-07-17\exchange=NSE\symbol=HINDUNILVR\part-081841_542086-037197.parquet,34720,downloaded,34720,
2026-07-17,NSE,HINDUNILVR,raw_l2/trade_date=2026-07-17/exchange=NSE/symbol=HINDUNILVR/part-081855_602771-037229.parquet,real_data_sample\l2_unseen_validation\trade_date=2026-07-17\exchange=NSE\symbol=HINDUNILVR\part-081855_602771-037229.parquet,34652,downloaded,34652,
2026-07-17,NSE,HINDUNILVR,raw_l2/trade_date=2026-07-17/exchange=NSE/symbol=HINDUNILVR/part-081758_005572-037101.parquet,real_data_sample\l2_unseen_validation\trade_date=2026-07-17\exchange=NSE\symbol=HINDUNILVR\part-081758_005572-037101.parquet,34676,downloaded,34676,
2026-07-17,NSE,HINDUNILVR,raw_l2/trade_date=2026-07-17/exchange=NSE/symbol=HINDUNILVR/part-081729_236998-037037.parquet,real_data_sample\l2_unseen_validation\trade_date=2026-07-17\exchange=NSE\symbol=HINDUNILVR\part-081729_236998-037037.parquet,34747,downloaded,34747,
2026-07-17,NSE,HINDUNILVR,raw_l2/trade_date=2026-07-17/exchange=NSE/symbol=HINDUNILVR/part-082035_014082-037453.parquet,real_data_sample\l2_unseen_validation\trade_date=2026-07-17\exchange=NSE\symbol=HINDUNILVR\part-082035_014082-037453.parquet,35808,downloaded,35808,
2026-07-17,NSE,HINDUNILVR,raw_l2/trade_date=2026-07-17/exchange=NSE/symbol=HINDUNILVR/part-081826_777032-037165.parquet,real_data_sample\l2_unseen_validation\trade_date=2026-07-17\exchange=NSE\symbol=HINDUNILVR\part-081826_777032-037165.parquet,34683,downloaded,34683,
2026-07-17,NSE,HINDUNILVR,raw_l2/trade_date=2026-07-17/exchange=NSE/symbol=HINDUNILVR/part-082050_598445-037485.parquet,real_data_sample\l2_unseen_validation\trade_date=2026-07-17\exchange=NSE\symbol=HINDUNILVR\part-082050_598445-037485.parquet,35653,downloaded,35653,
2026-07-17,NSE,HINDUNILVR,raw_l2/trade_date=2026-07-17/exchange=NSE/symbol=HINDUNILVR/part-082104_814365-037517.parquet,real_data_sample\l2_unseen_validation\trade_date=2026-07-17\exchange=NSE\symbol=HINDUNILVR\part-082104_814365-037517.parquet,35526,downloaded,35526,
2026-07-17,NSE,HINDUNILVR,raw_l2/trade_date=2026-07-17/exchange=NSE/symbol=HINDUNILVR/part-081923_879986-037293.parquet,real_data_sample\l2_unseen_validation\trade_date=2026-07-17\exchange=NSE\symbol=HINDUNILVR\part-081923_879986-037293.parquet,34724,downloaded,34724,
2026-07-17,NSE,HINDUNILVR,raw_l2/trade_date=2026-07-17/exchange=NSE/symbol=HINDUNILVR/part-082119_306541-037549.parquet,real_data_sample\l2_unseen_validation\trade_date=2026-07-17\exchange=NSE\symbol=HINDUNILVR\part-082119_306541-037549.parquet,35578,downloaded,35578,
2026-07-17,NSE,HINDUNILVR,raw_l2/trade_date=2026-07-17/exchange=NSE/symbol=HINDUNILVR/part-081952_500811-037357.parquet,real_data_sample\l2_unseen_validation\trade_date=2026-07-17\exchange=NSE\symbol=HINDUNILVR\part-081952_500811-037357.parquet,34677,downloaded,34677,
2026-07-17,NSE,HINDUNILVR,raw_l2/trade_date=2026-07-17/exchange=NSE/symbol=HINDUNILVR/part-082133_642271-037581.parquet,real_data_sample\l2_unseen_validation\trade_date=2026-07-17\exchange=NSE\symbol=HINDUNILVR\part-082133_642271-037581.parquet,35743,downloaded,35743,
2026-07-17,NSE,HINDUNILVR,raw_l2/trade_date=2026-07-17/exchange=NSE/symbol=HINDUNILVR/part-082006_502494-037389.parquet,real_data_sample\l2_unseen_validation\trade_date=2026-07-17\exchange=NSE\symbol=HINDUNILVR\part-082006_502494-037389.parquet,34804,downloaded,34804,
2026-07-17,NSE,HINDUNILVR,raw_l2/trade_date=2026-07-17/exchange=NSE/symbol=HINDUNILVR/part-082020_833622-037421.parquet,real_data_sample\l2_unseen_validation\trade_date=2026-07-17\exchange=NSE\symbol=HINDUNILVR\part-082020_833622-037421.parquet,35634,downloaded,35634,
2026-07-17,NSE,HINDUNILVR,raw_l2/trade_date=2026-07-17/exchange=NSE/symbol=HINDUNILVR/part-082147_777568-037613.parquet,real_data_sample\l2_unseen_validation\trade_date=2026-07-17\exchange=NSE\symbol=HINDUNILVR\part-082147_777568-037613.parquet,35440,downloaded,35440,
2026-07-17,NSE,HINDUNILVR,raw_l2/trade_date=2026-07-17/exchange=NSE/symbol=HINDUNILVR/part-082202_087751-037645.parquet,real_data_sample\l2_unseen_validation\trade_date=2026-07-17\exchange=NSE\symbol=HINDUNILVR\part-082202_087751-037645.parquet,35685,downloaded,35685,
2026-07-17,NSE,HINDUNILVR,raw_l2/trade_date=2026-07-17/exchange=NSE/symbol=HINDUNILVR/part-082216_173112-037677.parquet,real_data_sample\l2_unseen_validation\trade_date=2026-07-17\exchange=NSE\symbol=HINDUNILVR\part-082216_173112-037677.parquet,35576,downloaded,35576,
2026-07-17,NSE,HINDUNILVR,raw_l2/trade_date=2026-07-17/exchange=NSE/symbol=HINDUNILVR/part-082244_480820-037741.parquet,real_data_sample\l2_unseen_validation\trade_date=2026-07-17\exchange=NSE\symbol=HINDUNILVR\part-082244_480820-037741.parquet,35593,downloaded,35593,
2026-07-17,NSE,HINDUNILVR,raw_l2/trade_date=2026-07-17/exchange=NSE/symbol=HINDUNILVR/part-082258_528846-037773.parquet,real_data_sample\l2_unseen_validation\trade_date=2026-07-17\exchange=NSE\symbol=HINDUNILVR\part-082258_528846-037773.parquet,35389,downloaded,35389,
2026-07-17,NSE,HINDUNILVR,raw_l2/trade_date=2026-07-17/exchange=NSE/symbol=HINDUNILVR/part-082230_179686-037709.parquet,real_data_sample\l2_unseen_validation\trade_date=2026-07-17\exchange=NSE\symbol=HINDUNILVR\part-082230_179686-037709.parquet,35061,downloaded,35061,
2026-07-17,NSE,HINDUNILVR,raw_l2/trade_date=2026-07-17/exchange=NSE/symbol=HINDUNILVR/part-081632_260951-036909.parquet,real_data_sample\l2_unseen_validation\trade_date=2026-07-17\exchange=NSE\symbol=HINDUNILVR\part-081632_260951-036909.parquet,34720,downloaded,34720,
2026-07-17,NSE,HINDUNILVR,raw_l2/trade_date=2026-07-17/exchange=NSE/symbol=HINDUNILVR/part-082409_606349-037933.parquet,real_data_sample\l2_unseen_validation\trade_date=2026-07-17\exchange=NSE\symbol=HINDUNILVR\part-082409_606349-037933.parquet,34764,downloaded,34764,
2026-07-17,NSE,HINDUNILVR,raw_l2/trade_date=2026-07-17/exchange=NSE/symbol=HINDUNILVR/part-082355_446683-037901.parquet,real_data_sample\l2_unseen_validation\trade_date=2026-07-17\exchange=NSE\symbol=HINDUNILVR\part-082355_446683-037901.parquet,35196,downloaded,35196,
2026-07-17,NSE,HINDUNILVR,raw_l2/trade_date=2026-07-17/exchange=NSE/symbol=HINDUNILVR/part-082327_332642-037837.parquet,real_data_sample\l2_unseen_validation\trade_date=2026-07-17\exchange=NSE\symbol=HINDUNILVR\part-082327_332642-037837.parquet,35543,downloaded,35543,
2026-07-17,NSE,HINDUNILVR,raw_l2/trade_date=2026-07-17/exchange=NSE/symbol=HINDUNILVR/part-082423_864575-037965.parquet,real_data_sample\l2_unseen_validation\trade_date=2026-07-17\exchange=NSE\symbol=HINDUNILVR\part-082423_864575-037965.parquet,34737,downloaded,34737,
2026-07-17,NSE,HINDUNILVR,raw_l2/trade_date=2026-07-17/exchange=NSE/symbol=HINDUNILVR/part-082437_714551-037997.parquet,real_data_sample\l2_unseen_validation\trade_date=2026-07-17\exchange=NSE\symbol=HINDUNILVR\part-082437_714551-037997.parquet,34801,downloaded,34801,
2026-07-17,NSE,HINDUNILVR,raw_l2/trade_date=2026-07-17/exchange=NSE/symbol=HINDUNILVR/part-082341_435710-037869.parquet,real_data_sample\l2_unseen_validation\trade_date=2026-07-17\exchange=NSE\symbol=HINDUNILVR\part-082341_435710-037869.parquet,35415,downloaded,35415,
2026-07-17,NSE,HINDUNILVR,raw_l2/trade_date=2026-07-17/exchange=NSE/symbol=HINDUNILVR/part-082534_389734-038125.parquet,real_data_sample\l2_unseen_validation\trade_date=2026-07-17\exchange=NSE\symbol=HINDUNILVR\part-082534_389734-038125.parquet,34621,downloaded,34621,
2026-07-17,NSE,HINDUNILVR,raw_l2/trade_date=2026-07-17/exchange=NSE/symbol=HINDUNILVR/part-082313_063895-037805.parquet,real_data_sample\l2_unseen_validation\trade_date=2026-07-17\exchange=NSE\symbol=HINDUNILVR\part-082313_063895-037805.parquet,35162,downloaded,35162,
2026-07-17,NSE,HINDUNILVR,raw_l2/trade_date=2026-07-17/exchange=NSE/symbol=HINDUNILVR/part-082452_022061-038029.parquet,real_data_sample\l2_unseen_validation\trade_date=2026-07-17\exchange=NSE\symbol=HINDUNILVR\part-082452_022061-038029.parquet,34671,downloaded,34671,
2026-07-17,NSE,HINDUNILVR,raw_l2/trade_date=2026-07-17/exchange=NSE/symbol=HINDUNILVR/part-082505_999182-038061.parquet,real_data_sample\l2_unseen_validation\trade_date=2026-07-17\exchange=NSE\symbol=HINDUNILVR\part-082505_999182-038061.parquet,34614,downloaded,34614,
2026-07-17,NSE,HINDUNILVR,raw_l2/trade_date=2026-07-17/exchange=NSE/symbol=HINDUNILVR/part-082520_103131-038093.parquet,real_data_sample\l2_unseen_validation\trade_date=2026-07-17\exchange=NSE\symbol=HINDUNILVR\part-082520_103131-038093.parquet,34938,downloaded,34938,
2026-07-17,NSE,HINDUNILVR,raw_l2/trade_date=2026-07-17/exchange=NSE/symbol=HINDUNILVR/part-082855_318934-038573.parquet,real_data_sample\l2_unseen_validation\trade_date=2026-07-17\exchange=NSE\symbol=HINDUNILVR\part-082855_318934-038573.parquet,34794,downloaded,34794,
2026-07-17,NSE,HINDUNILVR,raw_l2/trade_date=2026-07-17/exchange=NSE/symbol=HINDUNILVR/part-081714_797389-037005.parquet,real_data_sample\l2_unseen_validation\trade_date=2026-07-17\exchange=NSE\symbol=HINDUNILVR\part-081714_797389-037005.parquet,34747,downloaded,34747,
2026-07-17,NSE,HINDUNILVR,raw_l2/trade_date=2026-07-17/exchange=NSE/symbol=HINDUNILVR/part-082909_885984-038605.parquet,real_data_sample\l2_unseen_validation\trade_date=2026-07-17\exchange=NSE\symbol=HINDUNILVR\part-082909_885984-038605.parquet,34791,downloaded,34791,
2026-07-17,NSE,HINDUNILVR,raw_l2/trade_date=2026-07-17/exchange=NSE/symbol=HINDUNILVR/part-082700_213518-038317.parquet,real_data_sample\l2_unseen_validation\trade_date=2026-07-17\exchange=NSE\symbol=HINDUNILVR\part-082700_213518-038317.parquet,34686,downloaded,34686,
2026-07-17,NSE,HINDUNILVR,raw_l2/trade_date=2026-07-17/exchange=NSE/symbol=HINDUNILVR/part-082714_578874-038349.parquet,real_data_sample\l2_unseen_validation\trade_date=2026-07-17\exchange=NSE\symbol=HINDUNILVR\part-082714_578874-038349.parquet,34784,downloaded,34784,
2026-07-17,NSE,HINDUNILVR,raw_l2/trade_date=2026-07-17/exchange=NSE/symbol=HINDUNILVR/part-082646_205352-038285.parquet,real_data_sample\l2_unseen_validation\trade_date=2026-07-17\exchange=NSE\symbol=HINDUNILVR\part-082646_205352-038285.parquet,34558,downloaded,34558,
2026-07-17,NSE,HINDUNILVR,raw_l2/trade_date=2026-07-17/exchange=NSE/symbol=HINDUNILVR/part-082603_352654-038189.parquet,real_data_sample\l2_unseen_validation\trade_date=2026-07-17\exchange=NSE\symbol=HINDUNILVR\part-082603_352654-038189.parquet,34744,downloaded,34744,
2026-07-17,NSE,HINDUNILVR,raw_l2/trade_date=2026-07-17/exchange=NSE/symbol=HINDUNILVR/part-082617_560765-038221.parquet,real_data_sample\l2_unseen_validation\trade_date=2026-07-17\exchange=NSE\symbol=HINDUNILVR\part-082617_560765-038221.parquet,34879,downloaded,34879,
2026-07-17,NSE,HINDUNILVR,raw_l2/trade_date=2026-07-17/exchange=NSE/symbol=HINDUNILVR/part-082840_878756-038541.parquet,real_data_sample\l2_unseen_validation\trade_date=2026-07-17\exchange=NSE\symbol=HINDUNILVR\part-082840_878756-038541.parquet,34743,downloaded,34743,
2026-07-17,NSE,HINDUNILVR,raw_l2/trade_date=2026-07-17/exchange=NSE/symbol=HINDUNILVR/part-082743_050995-038413.parquet,real_data_sample\l2_unseen_validation\trade_date=2026-07-17\exchange=NSE\symbol=HINDUNILVR\part-082743_050995-038413.parquet,34576,downloaded,34576,
2026-07-17,NSE,HINDUNILVR,raw_l2/trade_date=2026-07-17/exchange=NSE/symbol=HINDUNILVR/part-082811_886186-038477.parquet,real_data_sample\l2_unseen_validation\trade_date=2026-07-17\exchange=NSE\symbol=HINDUNILVR\part-082811_886186-038477.parquet,34674,downloaded,34674,
2026-07-17,NSE,HINDUNILVR,raw_l2/trade_date=2026-07-17/exchange=NSE/symbol=HINDUNILVR/part-082632_057834-038253.parquet,real_data_sample\l2_unseen_validation\trade_date=2026-07-17\exchange=NSE\symbol=HINDUNILVR\part-082632_057834-038253.parquet,34809,downloaded,34809,
2026-07-17,NSE,HINDUNILVR,raw_l2/trade_date=2026-07-17/exchange=NSE/symbol=HINDUNILVR/part-082548_894344-038157.parquet,real_data_sample\l2_unseen_validation\trade_date=2026-07-17\exchange=NSE\symbol=HINDUNILVR\part-082548_894344-038157.parquet,34694,downloaded,34694,
2026-07-17,NSE,HINDUNILVR,raw_l2/trade_date=2026-07-17/exchange=NSE/symbol=HINDUNILVR/part-082826_443221-038509.parquet,real_data_sample\l2_unseen_validation\trade_date=2026-07-17\exchange=NSE\symbol=HINDUNILVR\part-082826_443221-038509.parquet,34729,downloaded,34729,
2026-07-17,NSE,HINDUNILVR,raw_l2/trade_date=2026-07-17/exchange=NSE/symbol=HINDUNILVR/part-082728_731879-038381.parquet,real_data_sample\l2_unseen_validation\trade_date=2026-07-17\exchange=NSE\symbol=HINDUNILVR\part-082728_731879-038381.parquet,34637,downloaded,34637,
2026-07-17,NSE,HINDUNILVR,raw_l2/trade_date=2026-07-17/exchange=NSE/symbol=HINDUNILVR/part-082757_341609-038445.parquet,real_data_sample\l2_unseen_validation\trade_date=2026-07-17\exchange=NSE\symbol=HINDUNILVR\part-082757_341609-038445.parquet,34609,downloaded,34609,
2026-07-17,NSE,HINDUNILVR,raw_l2/trade_date=2026-07-17/exchange=NSE/symbol=HINDUNILVR/part-082938_861055-038669.parquet,real_data_sample\l2_unseen_validation\trade_date=2026-07-17\exchange=NSE\symbol=HINDUNILVR\part-082938_861055-038669.parquet,35727,downloaded,35727,
2026-07-17,NSE,HINDUNILVR,raw_l2/trade_date=2026-07-17/exchange=NSE/symbol=HINDUNILVR/part-082953_394644-038701.parquet,real_data_sample\l2_unseen_validation\trade_date=2026-07-17\exchange=NSE\symbol=HINDUNILVR\part-082953_394644-038701.parquet,35718,downloaded,35718,
2026-07-17,NSE,HINDUNILVR,raw_l2/trade_date=2026-07-17/exchange=NSE/symbol=HINDUNILVR/part-083008_103324-038733.parquet,real_data_sample\l2_unseen_validation\trade_date=2026-07-17\exchange=NSE\symbol=HINDUNILVR\part-083008_103324-038733.parquet,35412,downloaded,35412,
2026-07-17,NSE,HINDUNILVR,raw_l2/trade_date=2026-07-17/exchange=NSE/symbol=HINDUNILVR/part-082924_332397-038637.parquet,real_data_sample\l2_unseen_validation\trade_date=2026-07-17\exchange=NSE\symbol=HINDUNILVR\part-082924_332397-038637.parquet,35677,downloaded,35677,
2026-07-17,NSE,HINDUNILVR,raw_l2/trade_date=2026-07-17/exchange=NSE/symbol=HINDUNILVR/part-083051_323666-038829.parquet,real_data_sample\l2_unseen_validation\trade_date=2026-07-17\exchange=NSE\symbol=HINDUNILVR\part-083051_323666-038829.parquet,34712,downloaded,34712,
2026-07-17,NSE,HINDUNILVR,raw_l2/trade_date=2026-07-17/exchange=NSE/symbol=HINDUNILVR/part-083036_852382-038797.parquet,real_data_sample\l2_unseen_validation\trade_date=2026-07-17\exchange=NSE\symbol=HINDUNILVR\part-083036_852382-038797.parquet,34602,downloaded,34602,
2026-07-17,NSE,HINDUNILVR,raw_l2/trade_date=2026-07-17/exchange=NSE/symbol=HINDUNILVR/part-083105_717253-038861.parquet,real_data_sample\l2_unseen_validation\trade_date=2026-07-17\exchange=NSE\symbol=HINDUNILVR\part-083105_717253-038861.parquet,34668,downloaded,34668,
2026-07-17,NSE,HINDUNILVR,raw_l2/trade_date=2026-07-17/exchange=NSE/symbol=HINDUNILVR/part-083233_428455-039053.parquet,real_data_sample\l2_unseen_validation\trade_date=2026-07-17\exchange=NSE\symbol=HINDUNILVR\part-083233_428455-039053.parquet,34587,downloaded,34587,
2026-07-17,NSE,HINDUNILVR,raw_l2/trade_date=2026-07-17/exchange=NSE/symbol=HINDUNILVR/part-083120_619450-038893.parquet,real_data_sample\l2_unseen_validation\trade_date=2026-07-17\exchange=NSE\symbol=HINDUNILVR\part-083120_619450-038893.parquet,34841,downloaded,34841,
2026-07-17,NSE,HINDUNILVR,raw_l2/trade_date=2026-07-17/exchange=NSE/symbol=HINDUNILVR/part-083247_875029-039085.parquet,real_data_sample\l2_unseen_validation\trade_date=2026-07-17\exchange=NSE\symbol=HINDUNILVR\part-083247_875029-039085.parquet,34805,downloaded,34805,
2026-07-17,NSE,HINDUNILVR,raw_l2/trade_date=2026-07-17/exchange=NSE/symbol=HINDUNILVR/part-083302_598312-039117.parquet,real_data_sample\l2_unseen_validation\trade_date=2026-07-17\exchange=NSE\symbol=HINDUNILVR\part-083302_598312-039117.parquet,34933,downloaded,34933,
2026-07-17,NSE,HINDUNILVR,raw_l2/trade_date=2026-07-17/exchange=NSE/symbol=HINDUNILVR/part-083218_732020-039021.parquet,real_data_sample\l2_unseen_validation\trade_date=2026-07-17\exchange=NSE\symbol=HINDUNILVR\part-083218_732020-039021.parquet,34416,downloaded,34416,
2026-07-17,NSE,HINDUNILVR,raw_l2/trade_date=2026-07-17/exchange=NSE/symbol=HINDUNILVR/part-083149_822428-038957.parquet,real_data_sample\l2_unseen_validation\trade_date=2026-07-17\exchange=NSE\symbol=HINDUNILVR\part-083149_822428-038957.parquet,34648,downloaded,34648,
2026-07-17,NSE,HINDUNILVR,raw_l2/trade_date=2026-07-17/exchange=NSE/symbol=HINDUNILVR/part-083135_224693-038925.parquet,real_data_sample\l2_unseen_validation\trade_date=2026-07-17\exchange=NSE\symbol=HINDUNILVR\part-083135_224693-038925.parquet,34678,downloaded,34678,
2026-07-17,NSE,HINDUNILVR,raw_l2/trade_date=2026-07-17/exchange=NSE/symbol=HINDUNILVR/part-083204_031597-038989.parquet,real_data_sample\l2_unseen_validation\trade_date=2026-07-17\exchange=NSE\symbol=HINDUNILVR\part-083204_031597-038989.parquet,34704,downloaded,34704,
2026-07-17,NSE,HINDUNILVR,raw_l2/trade_date=2026-07-17/exchange=NSE/symbol=HINDUNILVR/part-083345_775088-039213.parquet,real_data_sample\l2_unseen_validation\trade_date=2026-07-17\exchange=NSE\symbol=HINDUNILVR\part-083345_775088-039213.parquet,34835,downloaded,34835,
2026-07-17,NSE,HINDUNILVR,raw_l2/trade_date=2026-07-17/exchange=NSE/symbol=HINDUNILVR/part-083317_277157-039149.parquet,real_data_sample\l2_unseen_validation\trade_date=2026-07-17\exchange=NSE\symbol=HINDUNILVR\part-083317_277157-039149.parquet,35010,downloaded,35010,
2026-07-17,NSE,HINDUNILVR,raw_l2/trade_date=2026-07-17/exchange=NSE/symbol=HINDUNILVR/part-083705_727070-039661.parquet,real_data_sample\l2_unseen_validation\trade_date=2026-07-17\exchange=NSE\symbol=HINDUNILVR\part-083705_727070-039661.parquet,35664,downloaded,35664,
2026-07-17,NSE,HINDUNILVR,raw_l2/trade_date=2026-07-17/exchange=NSE/symbol=HINDUNILVR/part-083526_186697-039437.parquet,real_data_sample\l2_unseen_validation\trade_date=2026-07-17\exchange=NSE\symbol=HINDUNILVR\part-083526_186697-039437.parquet,34706,downloaded,34706,
2026-07-17,NSE,HINDUNILVR,raw_l2/trade_date=2026-07-17/exchange=NSE/symbol=HINDUNILVR/part-083719_785867-039693.parquet,real_data_sample\l2_unseen_validation\trade_date=2026-07-17\exchange=NSE\symbol=HINDUNILVR\part-083719_785867-039693.parquet,35433,downloaded,35433,
2026-07-17,NSE,HINDUNILVR,raw_l2/trade_date=2026-07-17/exchange=NSE/symbol=HINDUNILVR/part-083637_290074-039597.parquet,real_data_sample\l2_unseen_validation\trade_date=2026-07-17\exchange=NSE\symbol=HINDUNILVR\part-083637_290074-039597.parquet,35302,downloaded,35302,
2026-07-17,NSE,HINDUNILVR,raw_l2/trade_date=2026-07-17/exchange=NSE/symbol=HINDUNILVR/part-083608_555833-039533.parquet,real_data_sample\l2_unseen_validation\trade_date=2026-07-17\exchange=NSE\symbol=HINDUNILVR\part-083608_555833-039533.parquet,35143,downloaded,35143,
2026-07-17,NSE,HINDUNILVR,raw_l2/trade_date=2026-07-17/exchange=NSE/symbol=HINDUNILVR/part-083457_712381-039373.parquet,real_data_sample\l2_unseen_validation\trade_date=2026-07-17\exchange=NSE\symbol=HINDUNILVR\part-083457_712381-039373.parquet,34803,downloaded,34803,
2026-07-17,NSE,HINDUNILVR,raw_l2/trade_date=2026-07-17/exchange=NSE/symbol=HINDUNILVR/part-083540_268733-039469.parquet,real_data_sample\l2_unseen_validation\trade_date=2026-07-17\exchange=NSE\symbol=HINDUNILVR\part-083540_268733-039469.parquet,34789,downloaded,34789,
2026-07-17,NSE,HINDUNILVR,raw_l2/trade_date=2026-07-17/exchange=NSE/symbol=HINDUNILVR/part-083443_236053-039341.parquet,real_data_sample\l2_unseen_validation\trade_date=2026-07-17\exchange=NSE\symbol=HINDUNILVR\part-083443_236053-039341.parquet,34786,downloaded,34786,
2026-07-17,NSE,HINDUNILVR,raw_l2/trade_date=2026-07-17/exchange=NSE/symbol=HINDUNILVR/part-083651_499006-039629.parquet,real_data_sample\l2_unseen_validation\trade_date=2026-07-17\exchange=NSE\symbol=HINDUNILVR\part-083651_499006-039629.parquet,35984,downloaded,35984,
2026-07-17,NSE,HINDUNILVR,raw_l2/trade_date=2026-07-17/exchange=NSE/symbol=HINDUNILVR/part-083400_317309-039245.parquet,real_data_sample\l2_unseen_validation\trade_date=2026-07-17\exchange=NSE\symbol=HINDUNILVR\part-083400_317309-039245.parquet,34603,downloaded,34603,
2026-07-17,NSE,HINDUNILVR,raw_l2/trade_date=2026-07-17/exchange=NSE/symbol=HINDUNILVR/part-083414_606611-039277.parquet,real_data_sample\l2_unseen_validation\trade_date=2026-07-17\exchange=NSE\symbol=HINDUNILVR\part-083414_606611-039277.parquet,34659,downloaded,34659,
2026-07-17,NSE,HINDUNILVR,raw_l2/trade_date=2026-07-17/exchange=NSE/symbol=HINDUNILVR/part-083554_507854-039501.parquet,real_data_sample\l2_unseen_validation\trade_date=2026-07-17\exchange=NSE\symbol=HINDUNILVR\part-083554_507854-039501.parquet,34943,downloaded,34943,
2026-07-17,NSE,HINDUNILVR,raw_l2/trade_date=2026-07-17/exchange=NSE/symbol=HINDUNILVR/part-083511_984658-039405.parquet,real_data_sample\l2_unseen_validation\trade_date=2026-07-17\exchange=NSE\symbol=HINDUNILVR\part-083511_984658-039405.parquet,34608,downloaded,34608,
2026-07-17,NSE,HINDUNILVR,raw_l2/trade_date=2026-07-17/exchange=NSE/symbol=HINDUNILVR/part-083623_048506-039565.parquet,real_data_sample\l2_unseen_validation\trade_date=2026-07-17\exchange=NSE\symbol=HINDUNILVR\part-083623_048506-039565.parquet,36088,downloaded,36088,
2026-07-17,NSE,HINDUNILVR,raw_l2/trade_date=2026-07-17/exchange=NSE/symbol=HINDUNILVR/part-083748_242900-039757.parquet,real_data_sample\l2_unseen_validation\trade_date=2026-07-17\exchange=NSE\symbol=HINDUNILVR\part-083748_242900-039757.parquet,35808,downloaded,35808,
2026-07-17,NSE,HINDUNILVR,raw_l2/trade_date=2026-07-17/exchange=NSE/symbol=HINDUNILVR/part-083733_966947-039725.parquet,real_data_sample\l2_unseen_validation\trade_date=2026-07-17\exchange=NSE\symbol=HINDUNILVR\part-083733_966947-039725.parquet,35709,downloaded,35709,
2026-07-17,NSE,HINDUNILVR,raw_l2/trade_date=2026-07-17/exchange=NSE/symbol=HINDUNILVR/part-083022_518898-038765.parquet,real_data_sample\l2_unseen_validation\trade_date=2026-07-17\exchange=NSE\symbol=HINDUNILVR\part-083022_518898-038765.parquet,35103,downloaded,35103,
2026-07-17,NSE,HINDUNILVR,raw_l2/trade_date=2026-07-17/exchange=NSE/symbol=HINDUNILVR/part-083428_790410-039309.parquet,real_data_sample\l2_unseen_validation\trade_date=2026-07-17\exchange=NSE\symbol=HINDUNILVR\part-083428_790410-039309.parquet,34700,downloaded,34700,
2026-07-17,NSE,HINDUNILVR,raw_l2/trade_date=2026-07-17/exchange=NSE/symbol=HINDUNILVR/part-083802_656644-039789.parquet,real_data_sample\l2_unseen_validation\trade_date=2026-07-17\exchange=NSE\symbol=HINDUNILVR\part-083802_656644-039789.parquet,35801,downloaded,35801,
2026-07-17,NSE,HINDUNILVR,raw_l2/trade_date=2026-07-17/exchange=NSE/symbol=HINDUNILVR/part-083816_854769-039821.parquet,real_data_sample\l2_unseen_validation\trade_date=2026-07-17\exchange=NSE\symbol=HINDUNILVR\part-083816_854769-039821.parquet,35802,downloaded,35802,
2026-07-17,NSE,HINDUNILVR,raw_l2/trade_date=2026-07-17/exchange=NSE/symbol=HINDUNILVR/part-083942_851282-040013.parquet,real_data_sample\l2_unseen_validation\trade_date=2026-07-17\exchange=NSE\symbol=HINDUNILVR\part-083942_851282-040013.parquet,35503,downloaded,35503,
2026-07-17,NSE,HINDUNILVR,raw_l2/trade_date=2026-07-17/exchange=NSE/symbol=HINDUNILVR/part-083928_588690-039981.parquet,real_data_sample\l2_unseen_validation\trade_date=2026-07-17\exchange=NSE\symbol=HINDUNILVR\part-083928_588690-039981.parquet,35448,downloaded,35448,
2026-07-17,NSE,HINDUNILVR,raw_l2/trade_date=2026-07-17/exchange=NSE/symbol=HINDUNILVR/part-083845_476060-039885.parquet,real_data_sample\l2_unseen_validation\trade_date=2026-07-17\exchange=NSE\symbol=HINDUNILVR\part-083845_476060-039885.parquet,35773,downloaded,35773,
2026-07-17,NSE,HINDUNILVR,raw_l2/trade_date=2026-07-17/exchange=NSE/symbol=HINDUNILVR/part-083831_173338-039853.parquet,real_data_sample\l2_unseen_validation\trade_date=2026-07-17\exchange=NSE\symbol=HINDUNILVR\part-083831_173338-039853.parquet,35659,downloaded,35659,
2026-07-17,NSE,HINDUNILVR,raw_l2/trade_date=2026-07-17/exchange=NSE/symbol=HINDUNILVR/part-083914_217260-039949.parquet,real_data_sample\l2_unseen_validation\trade_date=2026-07-17\exchange=NSE\symbol=HINDUNILVR\part-083914_217260-039949.parquet,35951,downloaded,35951,
2026-07-17,NSE,HINDUNILVR,raw_l2/trade_date=2026-07-17/exchange=NSE/symbol=HINDUNILVR/part-083859_857529-039917.parquet,real_data_sample\l2_unseen_validation\trade_date=2026-07-17\exchange=NSE\symbol=HINDUNILVR\part-083859_857529-039917.parquet,35609,downloaded,35609,
2026-07-17,NSE,HINDUNILVR,raw_l2/trade_date=2026-07-17/exchange=NSE/symbol=HINDUNILVR/part-084011_554191-040077.parquet,real_data_sample\l2_unseen_validation\trade_date=2026-07-17\exchange=NSE\symbol=HINDUNILVR\part-084011_554191-040077.parquet,35093,downloaded,35093,
2026-07-17,NSE,HINDUNILVR,raw_l2/trade_date=2026-07-17/exchange=NSE/symbol=HINDUNILVR/part-083957_135612-040045.parquet,real_data_sample\l2_unseen_validation\trade_date=2026-07-17\exchange=NSE\symbol=HINDUNILVR\part-083957_135612-040045.parquet,35492,downloaded,35492,
2026-07-17,NSE,HINDUNILVR,raw_l2/trade_date=2026-07-17/exchange=NSE/symbol=HINDUNILVR/part-084025_748532-040109.parquet,real_data_sample\l2_unseen_validation\trade_date=2026-07-17\exchange=NSE\symbol=HINDUNILVR\part-084025_748532-040109.parquet,35617,downloaded,35617,
2026-07-17,NSE,HINDUNILVR,raw_l2/trade_date=2026-07-17/exchange=NSE/symbol=HINDUNILVR/part-083331_611000-039181.parquet,real_data_sample\l2_unseen_validation\trade_date=2026-07-17\exchange=NSE\symbol=HINDUNILVR\part-083331_611000-039181.parquet,34792,downloaded,34792,
2026-07-17,NSE,HINDUNILVR,raw_l2/trade_date=2026-07-17/exchange=NSE/symbol=HINDUNILVR/part-084249_203756-040429.parquet,real_data_sample\l2_unseen_validation\trade_date=2026-07-17\exchange=NSE\symbol=HINDUNILVR\part-084249_203756-040429.parquet,34794,downloaded,34794,
2026-07-17,NSE,HINDUNILVR,raw_l2/trade_date=2026-07-17/exchange=NSE/symbol=HINDUNILVR/part-084054_656919-040173.parquet,real_data_sample\l2_unseen_validation\trade_date=2026-07-17\exchange=NSE\symbol=HINDUNILVR\part-084054_656919-040173.parquet,35664,downloaded,35664,
2026-07-17,NSE,HINDUNILVR,raw_l2/trade_date=2026-07-17/exchange=NSE/symbol=HINDUNILVR/part-084708_036173-041005.parquet,real_data_sample\l2_unseen_validation\trade_date=2026-07-17\exchange=NSE\symbol=HINDUNILVR\part-084708_036173-041005.parquet,36111,downloaded,36111,
2026-07-17,NSE,HINDUNILVR,raw_l2/trade_date=2026-07-17/exchange=NSE/symbol=HINDUNILVR/part-084611_051193-040877.parquet,real_data_sample\l2_unseen_validation\trade_date=2026-07-17\exchange=NSE\symbol=HINDUNILVR\part-084611_051193-040877.parquet,34465,downloaded,34465,
2026-07-17,NSE,HINDUNILVR,raw_l2/trade_date=2026-07-17/exchange=NSE/symbol=HINDUNILVR/part-084625_274337-040909.parquet,real_data_sample\l2_unseen_validation\trade_date=2026-07-17\exchange=NSE\symbol=HINDUNILVR\part-084625_274337-040909.parquet,36449,downloaded,36449,
2026-07-17,NSE,HINDUNILVR,raw_l2/trade_date=2026-07-17/exchange=NSE/symbol=HINDUNILVR/part-084653_848015-040973.parquet,real_data_sample\l2_unseen_validation\trade_date=2026-07-17\exchange=NSE\symbol=HINDUNILVR\part-084653_848015-040973.parquet,36287,downloaded,36287,
2026-07-17,NSE,HINDUNILVR,raw_l2/trade_date=2026-07-17/exchange=NSE/symbol=HINDUNILVR/part-084722_265185-041037.parquet,real_data_sample\l2_unseen_validation\trade_date=2026-07-17\exchange=NSE\symbol=HINDUNILVR\part-084722_265185-041037.parquet,36189,downloaded,36189,
2026-07-17,NSE,HINDUNILVR,raw_l2/trade_date=2026-07-17/exchange=NSE/symbol=HINDUNILVR/part-084639_571417-040941.parquet,real_data_sample\l2_unseen_validation\trade_date=2026-07-17\exchange=NSE\symbol=HINDUNILVR\part-084639_571417-040941.parquet,36094,downloaded,36094,
2026-07-17,NSE,HINDUNILVR,raw_l2/trade_date=2026-07-17/exchange=NSE/symbol=HINDUNILVR/part-084736_465173-041069.parquet,real_data_sample\l2_unseen_validation\trade_date=2026-07-17\exchange=NSE\symbol=HINDUNILVR\part-084736_465173-041069.parquet,36044,downloaded,36044,
2026-07-17,NSE,HINDUNILVR,raw_l2/trade_date=2026-07-17/exchange=NSE/symbol=HINDUNILVR/part-084750_803359-041101.parquet,real_data_sample\l2_unseen_validation\trade_date=2026-07-17\exchange=NSE\symbol=HINDUNILVR\part-084750_803359-041101.parquet,35539,downloaded,35539,
2026-07-17,NSE,HINDUNILVR,raw_l2/trade_date=2026-07-17/exchange=NSE/symbol=HINDUNILVR/part-084833_654407-041197.parquet,real_data_sample\l2_unseen_validation\trade_date=2026-07-17\exchange=NSE\symbol=HINDUNILVR\part-084833_654407-041197.parquet,34881,downloaded,34881,
2026-07-17,NSE,HINDUNILVR,raw_l2/trade_date=2026-07-17/exchange=NSE/symbol=HINDUNILVR/part-084819_322795-041165.parquet,real_data_sample\l2_unseen_validation\trade_date=2026-07-17\exchange=NSE\symbol=HINDUNILVR\part-084819_322795-041165.parquet,34967,downloaded,34967,
2026-07-17,NSE,HINDUNILVR,raw_l2/trade_date=2026-07-17/exchange=NSE/symbol=HINDUNILVR/part-084902_632645-041261.parquet,real_data_sample\l2_unseen_validation\trade_date=2026-07-17\exchange=NSE\symbol=HINDUNILVR\part-084902_632645-041261.parquet,34676,downloaded,34676,
2026-07-17,NSE,HINDUNILVR,raw_l2/trade_date=2026-07-17/exchange=NSE/symbol=HINDUNILVR/part-085000_858166-041389.parquet,real_data_sample\l2_unseen_validation\trade_date=2026-07-17\exchange=NSE\symbol=HINDUNILVR\part-085000_858166-041389.parquet,34847,downloaded,34847,
2026-07-17,NSE,HINDUNILVR,raw_l2/trade_date=2026-07-17/exchange=NSE/symbol=HINDUNILVR/part-084848_134621-041229.parquet,real_data_sample\l2_unseen_validation\trade_date=2026-07-17\exchange=NSE\symbol=HINDUNILVR\part-084848_134621-041229.parquet,34687,downloaded,34687,
2026-07-17,NSE,HINDUNILVR,raw_l2/trade_date=2026-07-17/exchange=NSE/symbol=HINDUNILVR/part-084917_384850-041293.parquet,real_data_sample\l2_unseen_validation\trade_date=2026-07-17\exchange=NSE\symbol=HINDUNILVR\part-084917_384850-041293.parquet,34731,downloaded,34731,
2026-07-17,NSE,HINDUNILVR,raw_l2/trade_date=2026-07-17/exchange=NSE/symbol=HINDUNILVR/part-085015_382764-041421.parquet,real_data_sample\l2_unseen_validation\trade_date=2026-07-17\exchange=NSE\symbol=HINDUNILVR\part-085015_382764-041421.parquet,34726,downloaded,34726,
2026-07-17,NSE,HINDUNILVR,raw_l2/trade_date=2026-07-17/exchange=NSE/symbol=HINDUNILVR/part-084931_770020-041325.parquet,real_data_sample\l2_unseen_validation\trade_date=2026-07-17\exchange=NSE\symbol=HINDUNILVR\part-084931_770020-041325.parquet,34801,downloaded,34801,
2026-07-17,NSE,HINDUNILVR,raw_l2/trade_date=2026-07-17/exchange=NSE/symbol=HINDUNILVR/part-085029_656820-041453.parquet,real_data_sample\l2_unseen_validation\trade_date=2026-07-17\exchange=NSE\symbol=HINDUNILVR\part-085029_656820-041453.parquet,34911,downloaded,34911,
2026-07-17,NSE,HINDUNILVR,raw_l2/trade_date=2026-07-17/exchange=NSE/symbol=HINDUNILVR/part-084946_402978-041357.parquet,real_data_sample\l2_unseen_validation\trade_date=2026-07-17\exchange=NSE\symbol=HINDUNILVR\part-084946_402978-041357.parquet,34698,downloaded,34698,
2026-07-17,NSE,HINDUNILVR,raw_l2/trade_date=2026-07-17/exchange=NSE/symbol=HINDUNILVR/part-085113_254940-041549.parquet,real_data_sample\l2_unseen_validation\trade_date=2026-07-17\exchange=NSE\symbol=HINDUNILVR\part-085113_254940-041549.parquet,34707,downloaded,34707,
2026-07-17,NSE,HINDUNILVR,raw_l2/trade_date=2026-07-17/exchange=NSE/symbol=HINDUNILVR/part-085127_596193-041581.parquet,real_data_sample\l2_unseen_validation\trade_date=2026-07-17\exchange=NSE\symbol=HINDUNILVR\part-085127_596193-041581.parquet,34672,downloaded,34672,
2026-07-17,NSE,HINDUNILVR,raw_l2/trade_date=2026-07-17/exchange=NSE/symbol=HINDUNILVR/part-085043_842465-041485.parquet,real_data_sample\l2_unseen_validation\trade_date=2026-07-17\exchange=NSE\symbol=HINDUNILVR\part-085043_842465-041485.parquet,34511,downloaded,34511,
2026-07-17,NSE,HINDUNILVR,raw_l2/trade_date=2026-07-17/exchange=NSE/symbol=HINDUNILVR/part-084805_021506-041133.parquet,real_data_sample\l2_unseen_validation\trade_date=2026-07-17\exchange=NSE\symbol=HINDUNILVR\part-084805_021506-041133.parquet,35656,downloaded,35656,
2026-07-17,NSE,HINDUNILVR,raw_l2/trade_date=2026-07-17/exchange=NSE/symbol=HINDUNILVR/part-085058_334801-041517.parquet,real_data_sample\l2_unseen_validation\trade_date=2026-07-17\exchange=NSE\symbol=HINDUNILVR\part-085058_334801-041517.parquet,34615,downloaded,34615,
2026-07-17,NSE,HINDUNILVR,raw_l2/trade_date=2026-07-17/exchange=NSE/symbol=HINDUNILVR/part-085141_959414-041613.parquet,real_data_sample\l2_unseen_validation\trade_date=2026-07-17\exchange=NSE\symbol=HINDUNILVR\part-085141_959414-041613.parquet,34701,downloaded,34701,
2026-07-17,NSE,HINDUNILVR,raw_l2/trade_date=2026-07-17/exchange=NSE/symbol=HINDUNILVR/part-085156_395587-041645.parquet,real_data_sample\l2_unseen_validation\trade_date=2026-07-17\exchange=NSE\symbol=HINDUNILVR\part-085156_395587-041645.parquet,34640,downloaded,34640,
2026-07-17,NSE,HINDUNILVR,raw_l2/trade_date=2026-07-17/exchange=NSE/symbol=HINDUNILVR/part-085225_715162-041709.parquet,real_data_sample\l2_unseen_validation\trade_date=2026-07-17\exchange=NSE\symbol=HINDUNILVR\part-085225_715162-041709.parquet,34695,downloaded,34695,
2026-07-17,NSE,HINDUNILVR,raw_l2/trade_date=2026-07-17/exchange=NSE/symbol=HINDUNILVR/part-085211_143616-041677.parquet,real_data_sample\l2_unseen_validation\trade_date=2026-07-17\exchange=NSE\symbol=HINDUNILVR\part-085211_143616-041677.parquet,34701,downloaded,34701,
2026-07-17,NSE,HINDUNILVR,raw_l2/trade_date=2026-07-17/exchange=NSE/symbol=HINDUNILVR/part-085240_398889-041741.parquet,real_data_sample\l2_unseen_validation\trade_date=2026-07-17\exchange=NSE\symbol=HINDUNILVR\part-085240_398889-041741.parquet,34516,downloaded,34516,
2026-07-17,NSE,HINDUNILVR,raw_l2/trade_date=2026-07-17/exchange=NSE/symbol=HINDUNILVR/part-085255_269095-041773.parquet,real_data_sample\l2_unseen_validation\trade_date=2026-07-17\exchange=NSE\symbol=HINDUNILVR\part-085255_269095-041773.parquet,34764,downloaded,34764,
2026-07-17,NSE,HINDUNILVR,raw_l2/trade_date=2026-07-17/exchange=NSE/symbol=HINDUNILVR/part-085340_341957-041869.parquet,real_data_sample\l2_unseen_validation\trade_date=2026-07-17\exchange=NSE\symbol=HINDUNILVR\part-085340_341957-041869.parquet,34730,downloaded,34730,
2026-07-17,NSE,HINDUNILVR,raw_l2/trade_date=2026-07-17/exchange=NSE/symbol=HINDUNILVR/part-085451_768800-042029.parquet,real_data_sample\l2_unseen_validation\trade_date=2026-07-17\exchange=NSE\symbol=HINDUNILVR\part-085451_768800-042029.parquet,34864,downloaded,34864,
2026-07-17,NSE,HINDUNILVR,raw_l2/trade_date=2026-07-17/exchange=NSE/symbol=HINDUNILVR/part-085354_558316-041901.parquet,real_data_sample\l2_unseen_validation\trade_date=2026-07-17\exchange=NSE\symbol=HINDUNILVR\part-085354_558316-041901.parquet,34575,downloaded,34575,
2026-07-17,NSE,HINDUNILVR,raw_l2/trade_date=2026-07-17/exchange=NSE/symbol=HINDUNILVR/part-085310_195131-041805.parquet,real_data_sample\l2_unseen_validation\trade_date=2026-07-17\exchange=NSE\symbol=HINDUNILVR\part-085310_195131-041805.parquet,34759,downloaded,34759,
2026-07-17,NSE,HINDUNILVR,raw_l2/trade_date=2026-07-17/exchange=NSE/symbol=HINDUNILVR/part-085325_372429-041837.parquet,real_data_sample\l2_unseen_validation\trade_date=2026-07-17\exchange=NSE\symbol=HINDUNILVR\part-085325_372429-041837.parquet,34674,downloaded,34674,
2026-07-17,NSE,HINDUNILVR,raw_l2/trade_date=2026-07-17/exchange=NSE/symbol=HINDUNILVR/part-085437_372801-041997.parquet,real_data_sample\l2_unseen_validation\trade_date=2026-07-17\exchange=NSE\symbol=HINDUNILVR\part-085437_372801-041997.parquet,34731,downloaded,34731,
2026-07-17,NSE,HINDUNILVR,raw_l2/trade_date=2026-07-17/exchange=NSE/symbol=HINDUNILVR/part-085534_496379-042125.parquet,real_data_sample\l2_unseen_validation\trade_date=2026-07-17\exchange=NSE\symbol=HINDUNILVR\part-085534_496379-042125.parquet,34546,downloaded,34546,
2026-07-17,NSE,HINDUNILVR,raw_l2/trade_date=2026-07-17/exchange=NSE/symbol=HINDUNILVR/part-085506_177705-042061.parquet,real_data_sample\l2_unseen_validation\trade_date=2026-07-17\exchange=NSE\symbol=HINDUNILVR\part-085506_177705-042061.parquet,34651,downloaded,34651,
2026-07-17,NSE,HINDUNILVR,raw_l2/trade_date=2026-07-17/exchange=NSE/symbol=HINDUNILVR/part-085408_782418-041933.parquet,real_data_sample\l2_unseen_validation\trade_date=2026-07-17\exchange=NSE\symbol=HINDUNILVR\part-085408_782418-041933.parquet,34716,downloaded,34716,
2026-07-17,NSE,HINDUNILVR,raw_l2/trade_date=2026-07-17/exchange=NSE/symbol=HINDUNILVR/part-085422_979013-041965.parquet,real_data_sample\l2_unseen_validation\trade_date=2026-07-17\exchange=NSE\symbol=HINDUNILVR\part-085422_979013-041965.parquet,34744,downloaded,34744,
2026-07-17,NSE,HINDUNILVR,raw_l2/trade_date=2026-07-17/exchange=NSE/symbol=HINDUNILVR/part-085520_315707-042093.parquet,real_data_sample\l2_unseen_validation\trade_date=2026-07-17\exchange=NSE\symbol=HINDUNILVR\part-085520_315707-042093.parquet,34685,downloaded,34685,
2026-07-17,NSE,HINDUNILVR,raw_l2/trade_date=2026-07-17/exchange=NSE/symbol=HINDUNILVR/part-085548_797314-042157.parquet,real_data_sample\l2_unseen_validation\trade_date=2026-07-17\exchange=NSE\symbol=HINDUNILVR\part-085548_797314-042157.parquet,34877,downloaded,34877,
2026-07-17,NSE,HINDUNILVR,raw_l2/trade_date=2026-07-17/exchange=NSE/symbol=HINDUNILVR/part-085631_331503-042253.parquet,real_data_sample\l2_unseen_validation\trade_date=2026-07-17\exchange=NSE\symbol=HINDUNILVR\part-085631_331503-042253.parquet,35570,downloaded,35570,
2026-07-17,NSE,HINDUNILVR,raw_l2/trade_date=2026-07-17/exchange=NSE/symbol=HINDUNILVR/part-085742_598054-042413.parquet,real_data_sample\l2_unseen_validation\trade_date=2026-07-17\exchange=NSE\symbol=HINDUNILVR\part-085742_598054-042413.parquet,34722,downloaded,34722,
2026-07-17,NSE,HINDUNILVR,raw_l2/trade_date=2026-07-17/exchange=NSE/symbol=HINDUNILVR/part-085645_557421-042285.parquet,real_data_sample\l2_unseen_validation\trade_date=2026-07-17\exchange=NSE\symbol=HINDUNILVR\part-085645_557421-042285.parquet,35269,downloaded,35269,
2026-07-17,NSE,HINDUNILVR,raw_l2/trade_date=2026-07-17/exchange=NSE/symbol=HINDUNILVR/part-085714_094575-042349.parquet,real_data_sample\l2_unseen_validation\trade_date=2026-07-17\exchange=NSE\symbol=HINDUNILVR\part-085714_094575-042349.parquet,35303,downloaded,35303,
2026-07-17,NSE,HINDUNILVR,raw_l2/trade_date=2026-07-17/exchange=NSE/symbol=HINDUNILVR/part-085728_197069-042381.parquet,real_data_sample\l2_unseen_validation\trade_date=2026-07-17\exchange=NSE\symbol=HINDUNILVR\part-085728_197069-042381.parquet,34647,downloaded,34647,
2026-07-17,NSE,HINDUNILVR,raw_l2/trade_date=2026-07-17/exchange=NSE/symbol=HINDUNILVR/part-085602_983122-042189.parquet,real_data_sample\l2_unseen_validation\trade_date=2026-07-17\exchange=NSE\symbol=HINDUNILVR\part-085602_983122-042189.parquet,34690,downloaded,34690,
2026-07-17,NSE,HINDUNILVR,raw_l2/trade_date=2026-07-17/exchange=NSE/symbol=HINDUNILVR/part-085757_120407-042445.parquet,real_data_sample\l2_unseen_validation\trade_date=2026-07-17\exchange=NSE\symbol=HINDUNILVR\part-085757_120407-042445.parquet,34451,downloaded,34451,
2026-07-17,NSE,HINDUNILVR,raw_l2/trade_date=2026-07-17/exchange=NSE/symbol=HINDUNILVR/part-085617_016664-042221.parquet,real_data_sample\l2_unseen_validation\trade_date=2026-07-17\exchange=NSE\symbol=HINDUNILVR\part-085617_016664-042221.parquet,35177,downloaded,35177,
2026-07-17,NSE,HINDUNILVR,raw_l2/trade_date=2026-07-17/exchange=NSE/symbol=HINDUNILVR/part-085659_748148-042317.parquet,real_data_sample\l2_unseen_validation\trade_date=2026-07-17\exchange=NSE\symbol=HINDUNILVR\part-085659_748148-042317.parquet,35615,downloaded,35615,
2026-07-17,NSE,HINDUNILVR,raw_l2/trade_date=2026-07-17/exchange=NSE/symbol=HINDUNILVR/part-085811_530278-042477.parquet,real_data_sample\l2_unseen_validation\trade_date=2026-07-17\exchange=NSE\symbol=HINDUNILVR\part-085811_530278-042477.parquet,34483,downloaded,34483,
2026-07-17,NSE,HINDUNILVR,raw_l2/trade_date=2026-07-17/exchange=NSE/symbol=HINDUNILVR/part-085909_312374-042605.parquet,real_data_sample\l2_unseen_validation\trade_date=2026-07-17\exchange=NSE\symbol=HINDUNILVR\part-085909_312374-042605.parquet,34682,downloaded,34682,
2026-07-17,NSE,HINDUNILVR,raw_l2/trade_date=2026-07-17/exchange=NSE/symbol=HINDUNILVR/part-085923_988933-042637.parquet,real_data_sample\l2_unseen_validation\trade_date=2026-07-17\exchange=NSE\symbol=HINDUNILVR\part-085923_988933-042637.parquet,34665,downloaded,34665,
2026-07-17,NSE,HINDUNILVR,raw_l2/trade_date=2026-07-17/exchange=NSE/symbol=HINDUNILVR/part-085953_499270-042701.parquet,real_data_sample\l2_unseen_validation\trade_date=2026-07-17\exchange=NSE\symbol=HINDUNILVR\part-085953_499270-042701.parquet,34493,downloaded,34493,
2026-07-17,NSE,HINDUNILVR,raw_l2/trade_date=2026-07-17/exchange=NSE/symbol=HINDUNILVR/part-085825_880314-042509.parquet,real_data_sample\l2_unseen_validation\trade_date=2026-07-17\exchange=NSE\symbol=HINDUNILVR\part-085825_880314-042509.parquet,34619,downloaded,34619,
2026-07-17,NSE,HINDUNILVR,raw_l2/trade_date=2026-07-17/exchange=NSE/symbol=HINDUNILVR/part-085938_710486-042669.parquet,real_data_sample\l2_unseen_validation\trade_date=2026-07-17\exchange=NSE\symbol=HINDUNILVR\part-085938_710486-042669.parquet,34660,downloaded,34660,
2026-07-17,NSE,HINDUNILVR,raw_l2/trade_date=2026-07-17/exchange=NSE/symbol=HINDUNILVR/part-085854_877594-042573.parquet,real_data_sample\l2_unseen_validation\trade_date=2026-07-17\exchange=NSE\symbol=HINDUNILVR\part-085854_877594-042573.parquet,34612,downloaded,34612,
2026-07-17,NSE,HINDUNILVR,raw_l2/trade_date=2026-07-17/exchange=NSE/symbol=HINDUNILVR/part-085840_378530-042541.parquet,real_data_sample\l2_unseen_validation\trade_date=2026-07-17\exchange=NSE\symbol=HINDUNILVR\part-085840_378530-042541.parquet,34602,downloaded,34602,
2026-07-17,NSE,HINDUNILVR,raw_l2/trade_date=2026-07-17/exchange=NSE/symbol=HINDUNILVR/part-090051_253234-042829.parquet,real_data_sample\l2_unseen_validation\trade_date=2026-07-17\exchange=NSE\symbol=HINDUNILVR\part-090051_253234-042829.parquet,35549,downloaded,35549,
2026-07-17,NSE,HINDUNILVR,raw_l2/trade_date=2026-07-17/exchange=NSE/symbol=HINDUNILVR/part-090007_982124-042733.parquet,real_data_sample\l2_unseen_validation\trade_date=2026-07-17\exchange=NSE\symbol=HINDUNILVR\part-090007_982124-042733.parquet,34787,downloaded,34787,
2026-07-17,NSE,HINDUNILVR,raw_l2/trade_date=2026-07-17/exchange=NSE/symbol=HINDUNILVR/part-090036_697708-042797.parquet,real_data_sample\l2_unseen_validation\trade_date=2026-07-17\exchange=NSE\symbol=HINDUNILVR\part-090036_697708-042797.parquet,35723,downloaded,35723,
2026-07-17,NSE,HINDUNILVR,raw_l2/trade_date=2026-07-17/exchange=NSE/symbol=HINDUNILVR/part-090022_363554-042765.parquet,real_data_sample\l2_unseen_validation\trade_date=2026-07-17\exchange=NSE\symbol=HINDUNILVR\part-090022_363554-042765.parquet,35397,downloaded,35397,
2026-07-17,NSE,HINDUNILVR,raw_l2/trade_date=2026-07-17/exchange=NSE/symbol=HINDUNILVR/part-084220_591826-040365.parquet,real_data_sample\l2_unseen_validation\trade_date=2026-07-17\exchange=NSE\symbol=HINDUNILVR\part-084220_591826-040365.parquet,35056,downloaded,35056,
2026-07-17,NSE,HINDUNILVR,raw_l2/trade_date=2026-07-17/exchange=NSE/symbol=HINDUNILVR/part-084040_052123-040141.parquet,real_data_sample\l2_unseen_validation\trade_date=2026-07-17\exchange=NSE\symbol=HINDUNILVR\part-084040_052123-040141.parquet,35509,downloaded,35509,
2026-07-17,NSE,HINDUNILVR,raw_l2/trade_date=2026-07-17/exchange=NSE/symbol=HINDUNILVR/part-084527_854870-040781.parquet,real_data_sample\l2_unseen_validation\trade_date=2026-07-17\exchange=NSE\symbol=HINDUNILVR\part-084527_854870-040781.parquet,34811,downloaded,34811,
2026-07-17,NSE,HINDUNILVR,raw_l2/trade_date=2026-07-17/exchange=NSE/symbol=HINDUNILVR/part-084206_057744-040333.parquet,real_data_sample\l2_unseen_validation\trade_date=2026-07-17\exchange=NSE\symbol=HINDUNILVR\part-084206_057744-040333.parquet,35335,downloaded,35335,
2026-07-17,NSE,HINDUNILVR,raw_l2/trade_date=2026-07-17/exchange=NSE/symbol=HINDUNILVR/part-084332_414571-040525.parquet,real_data_sample\l2_unseen_validation\trade_date=2026-07-17\exchange=NSE\symbol=HINDUNILVR\part-084332_414571-040525.parquet,35387,downloaded,35387,
2026-07-17,NSE,HINDUNILVR,raw_l2/trade_date=2026-07-17/exchange=NSE/symbol=HINDUNILVR/part-084122_865384-040237.parquet,real_data_sample\l2_unseen_validation\trade_date=2026-07-17\exchange=NSE\symbol=HINDUNILVR\part-084122_865384-040237.parquet,35407,downloaded,35407,
2026-07-17,NSE,HINDUNILVR,raw_l2/trade_date=2026-07-17/exchange=NSE/symbol=HINDUNILVR/part-084234_858196-040397.parquet,real_data_sample\l2_unseen_validation\trade_date=2026-07-17\exchange=NSE\symbol=HINDUNILVR\part-084234_858196-040397.parquet,34679,downloaded,34679,
2026-07-17,NSE,HINDUNILVR,raw_l2/trade_date=2026-07-17/exchange=NSE/symbol=HINDUNILVR/part-084108_717253-040205.parquet,real_data_sample\l2_unseen_validation\trade_date=2026-07-17\exchange=NSE\symbol=HINDUNILVR\part-084108_717253-040205.parquet,36023,downloaded,36023,
2026-07-17,NSE,HINDUNILVR,raw_l2/trade_date=2026-07-17/exchange=NSE/symbol=HINDUNILVR/part-090149_323783-042957.parquet,real_data_sample\l2_unseen_validation\trade_date=2026-07-17\exchange=NSE\symbol=HINDUNILVR\part-090149_323783-042957.parquet,34742,downloaded,34742,
2026-07-17,NSE,HINDUNILVR,raw_l2/trade_date=2026-07-17/exchange=NSE/symbol=HINDUNILVR/part-084303_539373-040461.parquet,real_data_sample\l2_unseen_validation\trade_date=2026-07-17\exchange=NSE\symbol=HINDUNILVR\part-084303_539373-040461.parquet,34942,downloaded,34942,
2026-07-17,NSE,HINDUNILVR,raw_l2/trade_date=2026-07-17/exchange=NSE/symbol=HINDUNILVR/part-090120_485704-042893.parquet,real_data_sample\l2_unseen_validation\trade_date=2026-07-17\exchange=NSE\symbol=HINDUNILVR\part-090120_485704-042893.parquet,35039,downloaded,35039,
2026-07-17,NSE,HINDUNILVR,raw_l2/trade_date=2026-07-17/exchange=NSE/symbol=HINDUNILVR/part-084458_940103-040717.parquet,real_data_sample\l2_unseen_validation\trade_date=2026-07-17\exchange=NSE\symbol=HINDUNILVR\part-084458_940103-040717.parquet,34916,downloaded,34916,
2026-07-17,NSE,HINDUNILVR,raw_l2/trade_date=2026-07-17/exchange=NSE/symbol=HINDUNILVR/part-084430_202854-040653.parquet,real_data_sample\l2_unseen_validation\trade_date=2026-07-17\exchange=NSE\symbol=HINDUNILVR\part-084430_202854-040653.parquet,34746,downloaded,34746,
2026-07-17,NSE,HINDUNILVR,raw_l2/trade_date=2026-07-17/exchange=NSE/symbol=HINDUNILVR/part-084137_333717-040269.parquet,real_data_sample\l2_unseen_validation\trade_date=2026-07-17\exchange=NSE\symbol=HINDUNILVR\part-084137_333717-040269.parquet,35822,downloaded,35822,
2026-07-17,NSE,HINDUNILVR,raw_l2/trade_date=2026-07-17/exchange=NSE/symbol=HINDUNILVR/part-090105_884879-042861.parquet,real_data_sample\l2_unseen_validation\trade_date=2026-07-17\exchange=NSE\symbol=HINDUNILVR\part-090105_884879-042861.parquet,35684,downloaded,35684,
2026-07-17,NSE,HINDUNILVR,raw_l2/trade_date=2026-07-17/exchange=NSE/symbol=HINDUNILVR/part-090134_894775-042925.parquet,real_data_sample\l2_unseen_validation\trade_date=2026-07-17\exchange=NSE\symbol=HINDUNILVR\part-090134_894775-042925.parquet,34667,downloaded,34667,
2026-07-17,NSE,HINDUNILVR,raw_l2/trade_date=2026-07-17/exchange=NSE/symbol=HINDUNILVR/part-084317_999204-040493.parquet,real_data_sample\l2_unseen_validation\trade_date=2026-07-17\exchange=NSE\symbol=HINDUNILVR\part-084317_999204-040493.parquet,35014,downloaded,35014,
2026-07-17,NSE,HINDUNILVR,raw_l2/trade_date=2026-07-17/exchange=NSE/symbol=HINDUNILVR/part-084151_754947-040301.parquet,real_data_sample\l2_unseen_validation\trade_date=2026-07-17\exchange=NSE\symbol=HINDUNILVR\part-084151_754947-040301.parquet,35471,downloaded,35471,
2026-07-17,NSE,HINDUNILVR,raw_l2/trade_date=2026-07-17/exchange=NSE/symbol=HINDUNILVR/part-084444_537541-040685.parquet,real_data_sample\l2_unseen_validation\trade_date=2026-07-17\exchange=NSE\symbol=HINDUNILVR\part-084444_537541-040685.parquet,34759,downloaded,34759,
2026-07-17,NSE,HINDUNILVR,raw_l2/trade_date=2026-07-17/exchange=NSE/symbol=HINDUNILVR/part-090217_736704-043021.parquet,real_data_sample\l2_unseen_validation\trade_date=2026-07-17\exchange=NSE\symbol=HINDUNILVR\part-090217_736704-043021.parquet,34748,downloaded,34748,
2026-07-17,NSE,HINDUNILVR,raw_l2/trade_date=2026-07-17/exchange=NSE/symbol=HINDUNILVR/part-090232_124135-043053.parquet,real_data_sample\l2_unseen_validation\trade_date=2026-07-17\exchange=NSE\symbol=HINDUNILVR\part-090232_124135-043053.parquet,34876,downloaded,34876,
2026-07-17,NSE,HINDUNILVR,raw_l2/trade_date=2026-07-17/exchange=NSE/symbol=HINDUNILVR/part-090203_575959-042989.parquet,real_data_sample\l2_unseen_validation\trade_date=2026-07-17\exchange=NSE\symbol=HINDUNILVR\part-090203_575959-042989.parquet,34556,downloaded,34556,
2026-07-17,NSE,HINDUNILVR,raw_l2/trade_date=2026-07-17/exchange=NSE/symbol=HINDUNILVR/part-084542_311496-040813.parquet,real_data_sample\l2_unseen_validation\trade_date=2026-07-17\exchange=NSE\symbol=HINDUNILVR\part-084542_311496-040813.parquet,34757,downloaded,34757,
2026-07-17,NSE,HINDUNILVR,raw_l2/trade_date=2026-07-17/exchange=NSE/symbol=HINDUNILVR/part-090329_909888-043181.parquet,real_data_sample\l2_unseen_validation\trade_date=2026-07-17\exchange=NSE\symbol=HINDUNILVR\part-090329_909888-043181.parquet,34936,downloaded,34936,
2026-07-17,NSE,HINDUNILVR,raw_l2/trade_date=2026-07-17/exchange=NSE/symbol=HINDUNILVR/part-090344_768725-043213.parquet,real_data_sample\l2_unseen_validation\trade_date=2026-07-17\exchange=NSE\symbol=HINDUNILVR\part-090344_768725-043213.parquet,34636,downloaded,34636,
2026-07-17,NSE,HINDUNILVR,raw_l2/trade_date=2026-07-17/exchange=NSE/symbol=HINDUNILVR/part-084513_449197-040749.parquet,real_data_sample\l2_unseen_validation\trade_date=2026-07-17\exchange=NSE\symbol=HINDUNILVR\part-084513_449197-040749.parquet,34711,downloaded,34711,
2026-07-17,NSE,HINDUNILVR,raw_l2/trade_date=2026-07-17/exchange=NSE/symbol=HINDUNILVR/part-090246_603018-043085.parquet,real_data_sample\l2_unseen_validation\trade_date=2026-07-17\exchange=NSE\symbol=HINDUNILVR\part-090246_603018-043085.parquet,34648,downloaded,34648,
2026-07-17,NSE,HINDUNILVR,raw_l2/trade_date=2026-07-17/exchange=NSE/symbol=HINDUNILVR/part-090315_375330-043149.parquet,real_data_sample\l2_unseen_validation\trade_date=2026-07-17\exchange=NSE\symbol=HINDUNILVR\part-090315_375330-043149.parquet,34833,downloaded,34833,
2026-07-17,NSE,HINDUNILVR,raw_l2/trade_date=2026-07-17/exchange=NSE/symbol=HINDUNILVR/part-084556_516606-040845.parquet,real_data_sample\l2_unseen_validation\trade_date=2026-07-17\exchange=NSE\symbol=HINDUNILVR\part-084556_516606-040845.parquet,34762,downloaded,34762,
2026-07-17,NSE,HINDUNILVR,raw_l2/trade_date=2026-07-17/exchange=NSE/symbol=HINDUNILVR/part-084346_843901-040557.parquet,real_data_sample\l2_unseen_validation\trade_date=2026-07-17\exchange=NSE\symbol=HINDUNILVR\part-084346_843901-040557.parquet,35303,downloaded,35303,
2026-07-17,NSE,HINDUNILVR,raw_l2/trade_date=2026-07-17/exchange=NSE/symbol=HINDUNILVR/part-090300_952234-043117.parquet,real_data_sample\l2_unseen_validation\trade_date=2026-07-17\exchange=NSE\symbol=HINDUNILVR\part-090300_952234-043117.parquet,34674,downloaded,34674,
2026-07-17,NSE,HINDUNILVR,raw_l2/trade_date=2026-07-17/exchange=NSE/symbol=HINDUNILVR/part-084415_740869-040621.parquet,real_data_sample\l2_unseen_validation\trade_date=2026-07-17\exchange=NSE\symbol=HINDUNILVR\part-084415_740869-040621.parquet,35302,downloaded,35302,
2026-07-17,NSE,HINDUNILVR,raw_l2/trade_date=2026-07-17/exchange=NSE/symbol=HINDUNILVR/part-084401_343446-040589.parquet,real_data_sample\l2_unseen_validation\trade_date=2026-07-17\exchange=NSE\symbol=HINDUNILVR\part-084401_343446-040589.parquet,35268,downloaded,35268,
2026-07-17,NSE,HINDUNILVR,raw_l2/trade_date=2026-07-17/exchange=NSE/symbol=HINDUNILVR/part-090359_550832-043245.parquet,real_data_sample\l2_unseen_validation\trade_date=2026-07-17\exchange=NSE\symbol=HINDUNILVR\part-090359_550832-043245.parquet,34693,downloaded,34693,
2026-07-17,NSE,HINDUNILVR,raw_l2/trade_date=2026-07-17/exchange=NSE/symbol=HINDUNILVR/part-090413_764910-043277.parquet,real_data_sample\l2_unseen_validation\trade_date=2026-07-17\exchange=NSE\symbol=HINDUNILVR\part-090413_764910-043277.parquet,34844,downloaded,34844,
2026-07-17,NSE,HINDUNILVR,raw_l2/trade_date=2026-07-17/exchange=NSE/symbol=HINDUNILVR/part-090428_123634-043309.parquet,real_data_sample\l2_unseen_validation\trade_date=2026-07-17\exchange=NSE\symbol=HINDUNILVR\part-090428_123634-043309.parquet,34832,downloaded,34832,
2026-07-17,NSE,HINDUNILVR,raw_l2/trade_date=2026-07-17/exchange=NSE/symbol=HINDUNILVR/part-090442_946502-043341.parquet,real_data_sample\l2_unseen_validation\trade_date=2026-07-17\exchange=NSE\symbol=HINDUNILVR\part-090442_946502-043341.parquet,34761,downloaded,34761,
2026-07-17,NSE,HINDUNILVR,raw_l2/trade_date=2026-07-17/exchange=NSE/symbol=HINDUNILVR/part-090541_237114-043469.parquet,real_data_sample\l2_unseen_validation\trade_date=2026-07-17\exchange=NSE\symbol=HINDUNILVR\part-090541_237114-043469.parquet,34616,downloaded,34616,
2026-07-17,NSE,HINDUNILVR,raw_l2/trade_date=2026-07-17/exchange=NSE/symbol=HINDUNILVR/part-090512_474965-043405.parquet,real_data_sample\l2_unseen_validation\trade_date=2026-07-17\exchange=NSE\symbol=HINDUNILVR\part-090512_474965-043405.parquet,34812,downloaded,34812,
2026-07-17,NSE,HINDUNILVR,raw_l2/trade_date=2026-07-17/exchange=NSE/symbol=HINDUNILVR/part-090609_757236-043533.parquet,real_data_sample\l2_unseen_validation\trade_date=2026-07-17\exchange=NSE\symbol=HINDUNILVR\part-090609_757236-043533.parquet,34734,downloaded,34734,
2026-07-17,NSE,HINDUNILVR,raw_l2/trade_date=2026-07-17/exchange=NSE/symbol=HINDUNILVR/part-090526_809810-043437.parquet,real_data_sample\l2_unseen_validation\trade_date=2026-07-17\exchange=NSE\symbol=HINDUNILVR\part-090526_809810-043437.parquet,34709,downloaded,34709,
2026-07-17,NSE,HINDUNILVR,raw_l2/trade_date=2026-07-17/exchange=NSE/symbol=HINDUNILVR/part-090457_690651-043373.parquet,real_data_sample\l2_unseen_validation\trade_date=2026-07-17\exchange=NSE\symbol=HINDUNILVR\part-090457_690651-043373.parquet,34705,downloaded,34705,
2026-07-17,NSE,HINDUNILVR,raw_l2/trade_date=2026-07-17/exchange=NSE/symbol=HINDUNILVR/part-090820_059961-043821.parquet,real_data_sample\l2_unseen_validation\trade_date=2026-07-17\exchange=NSE\symbol=HINDUNILVR\part-090820_059961-043821.parquet,35658,downloaded,35658,
2026-07-17,NSE,HINDUNILVR,raw_l2/trade_date=2026-07-17/exchange=NSE/symbol=HINDUNILVR/part-090834_745736-043853.parquet,real_data_sample\l2_unseen_validation\trade_date=2026-07-17\exchange=NSE\symbol=HINDUNILVR\part-090834_745736-043853.parquet,35581,downloaded,35581,
2026-07-17,NSE,HINDUNILVR,raw_l2/trade_date=2026-07-17/exchange=NSE/symbol=HINDUNILVR/part-090653_340294-043629.parquet,real_data_sample\l2_unseen_validation\trade_date=2026-07-17\exchange=NSE\symbol=HINDUNILVR\part-090653_340294-043629.parquet,34832,downloaded,34832,
2026-07-17,NSE,HINDUNILVR,raw_l2/trade_date=2026-07-17/exchange=NSE/symbol=HINDUNILVR/part-090555_528394-043501.parquet,real_data_sample\l2_unseen_validation\trade_date=2026-07-17\exchange=NSE\symbol=HINDUNILVR\part-090555_528394-043501.parquet,34880,downloaded,34880,
2026-07-17,NSE,HINDUNILVR,raw_l2/trade_date=2026-07-17/exchange=NSE/symbol=HINDUNILVR/part-090849_391482-043885.parquet,real_data_sample\l2_unseen_validation\trade_date=2026-07-17\exchange=NSE\symbol=HINDUNILVR\part-090849_391482-043885.parquet,35758,downloaded,35758,
2026-07-17,NSE,HINDUNILVR,raw_l2/trade_date=2026-07-17/exchange=NSE/symbol=HINDUNILVR/part-090722_285033-043693.parquet,real_data_sample\l2_unseen_validation\trade_date=2026-07-17\exchange=NSE\symbol=HINDUNILVR\part-090722_285033-043693.parquet,36085,downloaded,36085,
2026-07-17,NSE,HINDUNILVR,raw_l2/trade_date=2026-07-17/exchange=NSE/symbol=HINDUNILVR/part-090707_870824-043661.parquet,real_data_sample\l2_unseen_validation\trade_date=2026-07-17\exchange=NSE\symbol=HINDUNILVR\part-090707_870824-043661.parquet,34899,downloaded,34899,
2026-07-17,NSE,HINDUNILVR,raw_l2/trade_date=2026-07-17/exchange=NSE/symbol=HINDUNILVR/part-090904_170388-043917.parquet,real_data_sample\l2_unseen_validation\trade_date=2026-07-17\exchange=NSE\symbol=HINDUNILVR\part-090904_170388-043917.parquet,35804,downloaded,35804,
2026-07-17,NSE,HINDUNILVR,raw_l2/trade_date=2026-07-17/exchange=NSE/symbol=HINDUNILVR/part-090750_797112-043757.parquet,real_data_sample\l2_unseen_validation\trade_date=2026-07-17\exchange=NSE\symbol=HINDUNILVR\part-090750_797112-043757.parquet,35288,downloaded,35288,
2026-07-17,NSE,HINDUNILVR,raw_l2/trade_date=2026-07-17/exchange=NSE/symbol=HINDUNILVR/part-090933_880929-043981.parquet,real_data_sample\l2_unseen_validation\trade_date=2026-07-17\exchange=NSE\symbol=HINDUNILVR\part-090933_880929-043981.parquet,35646,downloaded,35646,
2026-07-17,NSE,HINDUNILVR,raw_l2/trade_date=2026-07-17/exchange=NSE/symbol=HINDUNILVR/part-091004_513870-044045.parquet,real_data_sample\l2_unseen_validation\trade_date=2026-07-17\exchange=NSE\symbol=HINDUNILVR\part-091004_513870-044045.parquet,35796,downloaded,35796,
2026-07-17,NSE,HINDUNILVR,raw_l2/trade_date=2026-07-17/exchange=NSE/symbol=HINDUNILVR/part-090805_704984-043789.parquet,real_data_sample\l2_unseen_validation\trade_date=2026-07-17\exchange=NSE\symbol=HINDUNILVR\part-090805_704984-043789.parquet,35771,downloaded,35771,
2026-07-17,NSE,HINDUNILVR,raw_l2/trade_date=2026-07-17/exchange=NSE/symbol=HINDUNILVR/part-090919_221258-043949.parquet,real_data_sample\l2_unseen_validation\trade_date=2026-07-17\exchange=NSE\symbol=HINDUNILVR\part-090919_221258-043949.parquet,35546,downloaded,35546,
2026-07-17,NSE,HINDUNILVR,raw_l2/trade_date=2026-07-17/exchange=NSE/symbol=HINDUNILVR/part-090736_522019-043725.parquet,real_data_sample\l2_unseen_validation\trade_date=2026-07-17\exchange=NSE\symbol=HINDUNILVR\part-090736_522019-043725.parquet,35530,downloaded,35530,
2026-07-17,NSE,HINDUNILVR,raw_l2/trade_date=2026-07-17/exchange=NSE/symbol=HINDUNILVR/part-090638_780257-043597.parquet,real_data_sample\l2_unseen_validation\trade_date=2026-07-17\exchange=NSE\symbol=HINDUNILVR\part-090638_780257-043597.parquet,34689,downloaded,34689,
2026-07-17,NSE,HINDUNILVR,raw_l2/trade_date=2026-07-17/exchange=NSE/symbol=HINDUNILVR/part-090949_088693-044013.parquet,real_data_sample\l2_unseen_validation\trade_date=2026-07-17\exchange=NSE\symbol=HINDUNILVR\part-090949_088693-044013.parquet,35200,downloaded,35200,
2026-07-17,NSE,HINDUNILVR,raw_l2/trade_date=2026-07-17/exchange=NSE/symbol=HINDUNILVR/part-091146_837878-044269.parquet,real_data_sample\l2_unseen_validation\trade_date=2026-07-17\exchange=NSE\symbol=HINDUNILVR\part-091146_837878-044269.parquet,34715,downloaded,34715,
2026-07-17,NSE,HINDUNILVR,raw_l2/trade_date=2026-07-17/exchange=NSE/symbol=HINDUNILVR/part-091102_837304-044173.parquet,real_data_sample\l2_unseen_validation\trade_date=2026-07-17\exchange=NSE\symbol=HINDUNILVR\part-091102_837304-044173.parquet,34381,downloaded,34381,
2026-07-17,NSE,HINDUNILVR,raw_l2/trade_date=2026-07-17/exchange=NSE/symbol=HINDUNILVR/part-091018_848994-044077.parquet,real_data_sample\l2_unseen_validation\trade_date=2026-07-17\exchange=NSE\symbol=HINDUNILVR\part-091018_848994-044077.parquet,35172,downloaded,35172,
2026-07-17,NSE,HINDUNILVR,raw_l2/trade_date=2026-07-17/exchange=NSE/symbol=HINDUNILVR/part-091033_533684-044109.parquet,real_data_sample\l2_unseen_validation\trade_date=2026-07-17\exchange=NSE\symbol=HINDUNILVR\part-091033_533684-044109.parquet,34607,downloaded,34607,
2026-07-17,NSE,HINDUNILVR,raw_l2/trade_date=2026-07-17/exchange=NSE/symbol=HINDUNILVR/part-091231_878019-044365.parquet,real_data_sample\l2_unseen_validation\trade_date=2026-07-17\exchange=NSE\symbol=HINDUNILVR\part-091231_878019-044365.parquet,35504,downloaded,35504,
2026-07-17,NSE,HINDUNILVR,raw_l2/trade_date=2026-07-17/exchange=NSE/symbol=HINDUNILVR/part-091201_421420-044301.parquet,real_data_sample\l2_unseen_validation\trade_date=2026-07-17\exchange=NSE\symbol=HINDUNILVR\part-091201_421420-044301.parquet,34940,downloaded,34940,
2026-07-17,NSE,HINDUNILVR,raw_l2/trade_date=2026-07-17/exchange=NSE/symbol=HINDUNILVR/part-091216_359650-044333.parquet,real_data_sample\l2_unseen_validation\trade_date=2026-07-17\exchange=NSE\symbol=HINDUNILVR\part-091216_359650-044333.parquet,35205,downloaded,35205,
2026-07-17,NSE,HINDUNILVR,raw_l2/trade_date=2026-07-17/exchange=NSE/symbol=HINDUNILVR/part-091132_481725-044237.parquet,real_data_sample\l2_unseen_validation\trade_date=2026-07-17\exchange=NSE\symbol=HINDUNILVR\part-091132_481725-044237.parquet,34716,downloaded,34716,
2026-07-17,NSE,HINDUNILVR,raw_l2/trade_date=2026-07-17/exchange=NSE/symbol=HINDUNILVR/part-091048_177843-044141.parquet,real_data_sample\l2_unseen_validation\trade_date=2026-07-17\exchange=NSE\symbol=HINDUNILVR\part-091048_177843-044141.parquet,34764,downloaded,34764,
2026-07-17,NSE,HINDUNILVR,raw_l2/trade_date=2026-07-17/exchange=NSE/symbol=HINDUNILVR/part-091117_467976-044205.parquet,real_data_sample\l2_unseen_validation\trade_date=2026-07-17\exchange=NSE\symbol=HINDUNILVR\part-091117_467976-044205.parquet,34597,downloaded,34597,
2026-07-17,NSE,HINDUNILVR,raw_l2/trade_date=2026-07-17/exchange=NSE/symbol=HINDUNILVR/part-090624_382700-043565.parquet,real_data_sample\l2_unseen_validation\trade_date=2026-07-17\exchange=NSE\symbol=HINDUNILVR\part-090624_382700-043565.parquet,34706,downloaded,34706,
2026-07-17,NSE,HINDUNILVR,raw_l2/trade_date=2026-07-17/exchange=NSE/symbol=HINDUNILVR/part-091246_851979-044397.parquet,real_data_sample\l2_unseen_validation\trade_date=2026-07-17\exchange=NSE\symbol=HINDUNILVR\part-091246_851979-044397.parquet,35366,downloaded,35366,
2026-07-17,NSE,HINDUNILVR,raw_l2/trade_date=2026-07-17/exchange=NSE/symbol=HINDUNILVR/part-091539_885239-044781.parquet,real_data_sample\l2_unseen_validation\trade_date=2026-07-17\exchange=NSE\symbol=HINDUNILVR\part-091539_885239-044781.parquet,34730,downloaded,34730,
2026-07-17,NSE,HINDUNILVR,raw_l2/trade_date=2026-07-17/exchange=NSE/symbol=HINDUNILVR/part-091330_339829-044493.parquet,real_data_sample\l2_unseen_validation\trade_date=2026-07-17\exchange=NSE\symbol=HINDUNILVR\part-091330_339829-044493.parquet,34574,downloaded,34574,
2026-07-17,NSE,HINDUNILVR,raw_l2/trade_date=2026-07-17/exchange=NSE/symbol=HINDUNILVR/part-091428_071058-044621.parquet,real_data_sample\l2_unseen_validation\trade_date=2026-07-17\exchange=NSE\symbol=HINDUNILVR\part-091428_071058-044621.parquet,34647,downloaded,34647,
2026-07-17,NSE,HINDUNILVR,raw_l2/trade_date=2026-07-17/exchange=NSE/symbol=HINDUNILVR/part-091456_873269-044685.parquet,real_data_sample\l2_unseen_validation\trade_date=2026-07-17\exchange=NSE\symbol=HINDUNILVR\part-091456_873269-044685.parquet,34697,downloaded,34697,
2026-07-17,NSE,HINDUNILVR,raw_l2/trade_date=2026-07-17/exchange=NSE/symbol=HINDUNILVR/part-091554_384435-044813.parquet,real_data_sample\l2_unseen_validation\trade_date=2026-07-17\exchange=NSE\symbol=HINDUNILVR\part-091554_384435-044813.parquet,34687,downloaded,34687,
2026-07-17,NSE,HINDUNILVR,raw_l2/trade_date=2026-07-17/exchange=NSE/symbol=HINDUNILVR/part-091442_583678-044653.parquet,real_data_sample\l2_unseen_validation\trade_date=2026-07-17\exchange=NSE\symbol=HINDUNILVR\part-091442_583678-044653.parquet,34666,downloaded,34666,
2026-07-17,NSE,HINDUNILVR,raw_l2/trade_date=2026-07-17/exchange=NSE/symbol=HINDUNILVR/part-091359_357883-044557.parquet,real_data_sample\l2_unseen_validation\trade_date=2026-07-17\exchange=NSE\symbol=HINDUNILVR\part-091359_357883-044557.parquet,34850,downloaded,34850,
2026-07-17,NSE,HINDUNILVR,raw_l2/trade_date=2026-07-17/exchange=NSE/symbol=HINDUNILVR/part-091301_194469-044429.parquet,real_data_sample\l2_unseen_validation\trade_date=2026-07-17\exchange=NSE\symbol=HINDUNILVR\part-091301_194469-044429.parquet,35595,downloaded,35595,
2026-07-17,NSE,HINDUNILVR,raw_l2/trade_date=2026-07-17/exchange=NSE/symbol=HINDUNILVR/part-091720_460804-045005.parquet,real_data_sample\l2_unseen_validation\trade_date=2026-07-17\exchange=NSE\symbol=HINDUNILVR\part-091720_460804-045005.parquet,35348,downloaded,35348,
2026-07-17,NSE,HINDUNILVR,raw_l2/trade_date=2026-07-17/exchange=NSE/symbol=HINDUNILVR/part-091344_762712-044525.parquet,real_data_sample\l2_unseen_validation\trade_date=2026-07-17\exchange=NSE\symbol=HINDUNILVR\part-091344_762712-044525.parquet,34786,downloaded,34786,
2026-07-17,NSE,HINDUNILVR,raw_l2/trade_date=2026-07-17/exchange=NSE/symbol=HINDUNILVR/part-091315_816983-044461.parquet,real_data_sample\l2_unseen_validation\trade_date=2026-07-17\exchange=NSE\symbol=HINDUNILVR\part-091315_816983-044461.parquet,35233,downloaded,35233,
2026-07-17,NSE,HINDUNILVR,raw_l2/trade_date=2026-07-17/exchange=NSE/symbol=HINDUNILVR/part-091609_093680-044845.parquet,real_data_sample\l2_unseen_validation\trade_date=2026-07-17\exchange=NSE\symbol=HINDUNILVR\part-091609_093680-044845.parquet,34412,downloaded,34412,
2026-07-17,NSE,HINDUNILVR,raw_l2/trade_date=2026-07-17/exchange=NSE/symbol=HINDUNILVR/part-091413_793566-044589.parquet,real_data_sample\l2_unseen_validation\trade_date=2026-07-17\exchange=NSE\symbol=HINDUNILVR\part-091413_793566-044589.parquet,34566,downloaded,34566,
2026-07-17,NSE,HINDUNILVR,raw_l2/trade_date=2026-07-17/exchange=NSE/symbol=HINDUNILVR/part-091706_284462-044973.parquet,real_data_sample\l2_unseen_validation\trade_date=2026-07-17\exchange=NSE\symbol=HINDUNILVR\part-091706_284462-044973.parquet,34662,downloaded,34662,
2026-07-17,NSE,HINDUNILVR,raw_l2/trade_date=2026-07-17/exchange=NSE/symbol=HINDUNILVR/part-091623_650560-044877.parquet,real_data_sample\l2_unseen_validation\trade_date=2026-07-17\exchange=NSE\symbol=HINDUNILVR\part-091623_650560-044877.parquet,34844,downloaded,34844,
2026-07-17,NSE,HINDUNILVR,raw_l2/trade_date=2026-07-17/exchange=NSE/symbol=HINDUNILVR/part-091511_361181-044717.parquet,real_data_sample\l2_unseen_validation\trade_date=2026-07-17\exchange=NSE\symbol=HINDUNILVR\part-091511_361181-044717.parquet,34602,downloaded,34602,
2026-07-17,NSE,HINDUNILVR,raw_l2/trade_date=2026-07-17/exchange=NSE/symbol=HINDUNILVR/part-091734_639967-045037.parquet,real_data_sample\l2_unseen_validation\trade_date=2026-07-17\exchange=NSE\symbol=HINDUNILVR\part-091734_639967-045037.parquet,35479,downloaded,35479,
2026-07-17,NSE,HINDUNILVR,raw_l2/trade_date=2026-07-17/exchange=NSE/symbol=HINDUNILVR/part-091525_555592-044749.parquet,real_data_sample\l2_unseen_validation\trade_date=2026-07-17\exchange=NSE\symbol=HINDUNILVR\part-091525_555592-044749.parquet,34493,downloaded,34493,
2026-07-17,NSE,HINDUNILVR,raw_l2/trade_date=2026-07-17/exchange=NSE/symbol=HINDUNILVR/part-091637_776293-044909.parquet,real_data_sample\l2_unseen_validation\trade_date=2026-07-17\exchange=NSE\symbol=HINDUNILVR\part-091637_776293-044909.parquet,34818,downloaded,34818,
2026-07-17,NSE,HINDUNILVR,raw_l2/trade_date=2026-07-17/exchange=NSE/symbol=HINDUNILVR/part-091651_997201-044941.parquet,real_data_sample\l2_unseen_validation\trade_date=2026-07-17\exchange=NSE\symbol=HINDUNILVR\part-091651_997201-044941.parquet,34463,downloaded,34463,
2026-07-17,NSE,HINDUNILVR,raw_l2/trade_date=2026-07-17/exchange=NSE/symbol=HINDUNILVR/part-091802_964601-045101.parquet,real_data_sample\l2_unseen_validation\trade_date=2026-07-17\exchange=NSE\symbol=HINDUNILVR\part-091802_964601-045101.parquet,35731,downloaded,35731,
2026-07-17,NSE,HINDUNILVR,raw_l2/trade_date=2026-07-17/exchange=NSE/symbol=HINDUNILVR/part-091817_588417-045133.parquet,real_data_sample\l2_unseen_validation\trade_date=2026-07-17\exchange=NSE\symbol=HINDUNILVR\part-091817_588417-045133.parquet,35846,downloaded,35846,
2026-07-17,NSE,HINDUNILVR,raw_l2/trade_date=2026-07-17/exchange=NSE/symbol=HINDUNILVR/part-091831_871208-045165.parquet,real_data_sample\l2_unseen_validation\trade_date=2026-07-17\exchange=NSE\symbol=HINDUNILVR\part-091831_871208-045165.parquet,35322,downloaded,35322,
2026-07-17,NSE,HINDUNILVR,raw_l2/trade_date=2026-07-17/exchange=NSE/symbol=HINDUNILVR/part-091748_753117-045069.parquet,real_data_sample\l2_unseen_validation\trade_date=2026-07-17\exchange=NSE\symbol=HINDUNILVR\part-091748_753117-045069.parquet,36040,downloaded,36040,
2026-07-17,NSE,HINDUNILVR,raw_l2/trade_date=2026-07-17/exchange=NSE/symbol=HINDUNILVR/part-091900_683770-045229.parquet,real_data_sample\l2_unseen_validation\trade_date=2026-07-17\exchange=NSE\symbol=HINDUNILVR\part-091900_683770-045229.parquet,35606,downloaded,35606,
2026-07-17,NSE,HINDUNILVR,raw_l2/trade_date=2026-07-17/exchange=NSE/symbol=HINDUNILVR/part-091846_330243-045197.parquet,real_data_sample\l2_unseen_validation\trade_date=2026-07-17\exchange=NSE\symbol=HINDUNILVR\part-091846_330243-045197.parquet,35623,downloaded,35623,
2026-07-17,NSE,HINDUNILVR,raw_l2/trade_date=2026-07-17/exchange=NSE/symbol=HINDUNILVR/part-091915_345105-045261.parquet,real_data_sample\l2_unseen_validation\trade_date=2026-07-17\exchange=NSE\symbol=HINDUNILVR\part-091915_345105-045261.parquet,35430,downloaded,35430,
2026-07-17,NSE,HINDUNILVR,raw_l2/trade_date=2026-07-17/exchange=NSE/symbol=HINDUNILVR/part-091929_551492-045293.parquet,real_data_sample\l2_unseen_validation\trade_date=2026-07-17\exchange=NSE\symbol=HINDUNILVR\part-091929_551492-045293.parquet,34673,downloaded,34673,
2026-07-17,NSE,HINDUNILVR,raw_l2/trade_date=2026-07-17/exchange=NSE/symbol=HINDUNILVR/part-091958_029059-045357.parquet,real_data_sample\l2_unseen_validation\trade_date=2026-07-17\exchange=NSE\symbol=HINDUNILVR\part-091958_029059-045357.parquet,34661,downloaded,34661,
2026-07-17,NSE,HINDUNILVR,raw_l2/trade_date=2026-07-17/exchange=NSE/symbol=HINDUNILVR/part-091943_877657-045325.parquet,real_data_sample\l2_unseen_validation\trade_date=2026-07-17\exchange=NSE\symbol=HINDUNILVR\part-091943_877657-045325.parquet,34755,downloaded,34755,
2026-07-17,NSE,HINDUNILVR,raw_l2/trade_date=2026-07-17/exchange=NSE/symbol=HINDUNILVR/part-092041_012456-045453.parquet,real_data_sample\l2_unseen_validation\trade_date=2026-07-17\exchange=NSE\symbol=HINDUNILVR\part-092041_012456-045453.parquet,34709,downloaded,34709,
2026-07-17,NSE,HINDUNILVR,raw_l2/trade_date=2026-07-17/exchange=NSE/symbol=HINDUNILVR/part-092055_338200-045485.parquet,real_data_sample\l2_unseen_validation\trade_date=2026-07-17\exchange=NSE\symbol=HINDUNILVR\part-092055_338200-045485.parquet,34714,downloaded,34714,
2026-07-17,NSE,HINDUNILVR,raw_l2/trade_date=2026-07-17/exchange=NSE/symbol=HINDUNILVR/part-092026_811167-045421.parquet,real_data_sample\l2_unseen_validation\trade_date=2026-07-17\exchange=NSE\symbol=HINDUNILVR\part-092026_811167-045421.parquet,34682,downloaded,34682,
2026-07-17,NSE,HINDUNILVR,raw_l2/trade_date=2026-07-17/exchange=NSE/symbol=HINDUNILVR/part-092250_304995-045741.parquet,real_data_sample\l2_unseen_validation\trade_date=2026-07-17\exchange=NSE\symbol=HINDUNILVR\part-092250_304995-045741.parquet,35229,downloaded,35229,
2026-07-17,NSE,HINDUNILVR,raw_l2/trade_date=2026-07-17/exchange=NSE/symbol=HINDUNILVR/part-092304_585927-045773.parquet,real_data_sample\l2_unseen_validation\trade_date=2026-07-17\exchange=NSE\symbol=HINDUNILVR\part-092304_585927-045773.parquet,35501,downloaded,35501,
2026-07-17,NSE,HINDUNILVR,raw_l2/trade_date=2026-07-17/exchange=NSE/symbol=HINDUNILVR/part-092221_527990-045677.parquet,real_data_sample\l2_unseen_validation\trade_date=2026-07-17\exchange=NSE\symbol=HINDUNILVR\part-092221_527990-045677.parquet,35638,downloaded,35638,
2026-07-17,NSE,HINDUNILVR,raw_l2/trade_date=2026-07-17/exchange=NSE/symbol=HINDUNILVR/part-092333_996712-045837.parquet,real_data_sample\l2_unseen_validation\trade_date=2026-07-17\exchange=NSE\symbol=HINDUNILVR\part-092333_996712-045837.parquet,34823,downloaded,34823,
2026-07-17,NSE,HINDUNILVR,raw_l2/trade_date=2026-07-17/exchange=NSE/symbol=HINDUNILVR/part-092124_078377-045549.parquet,real_data_sample\l2_unseen_validation\trade_date=2026-07-17\exchange=NSE\symbol=HINDUNILVR\part-092124_078377-045549.parquet,35516,downloaded,35516,
2026-07-17,NSE,HINDUNILVR,raw_l2/trade_date=2026-07-17/exchange=NSE/symbol=HINDUNILVR/part-092235_871103-045709.parquet,real_data_sample\l2_unseen_validation\trade_date=2026-07-17\exchange=NSE\symbol=HINDUNILVR\part-092235_871103-045709.parquet,35733,downloaded,35733,
2026-07-17,NSE,HINDUNILVR,raw_l2/trade_date=2026-07-17/exchange=NSE/symbol=HINDUNILVR/part-092109_791053-045517.parquet,real_data_sample\l2_unseen_validation\trade_date=2026-07-17\exchange=NSE\symbol=HINDUNILVR\part-092109_791053-045517.parquet,34755,downloaded,34755,
2026-07-17,NSE,HINDUNILVR,raw_l2/trade_date=2026-07-17/exchange=NSE/symbol=HINDUNILVR/part-092319_302100-045805.parquet,real_data_sample\l2_unseen_validation\trade_date=2026-07-17\exchange=NSE\symbol=HINDUNILVR\part-092319_302100-045805.parquet,35025,downloaded,35025,
2026-07-17,NSE,HINDUNILVR,raw_l2/trade_date=2026-07-17/exchange=NSE/symbol=HINDUNILVR/part-092138_485301-045581.parquet,real_data_sample\l2_unseen_validation\trade_date=2026-07-17\exchange=NSE\symbol=HINDUNILVR\part-092138_485301-045581.parquet,35831,downloaded,35831,
2026-07-17,NSE,HINDUNILVR,raw_l2/trade_date=2026-07-17/exchange=NSE/symbol=HINDUNILVR/part-092207_278895-045645.parquet,real_data_sample\l2_unseen_validation\trade_date=2026-07-17\exchange=NSE\symbol=HINDUNILVR\part-092207_278895-045645.parquet,35558,downloaded,35558,
2026-07-17,NSE,HINDUNILVR,raw_l2/trade_date=2026-07-17/exchange=NSE/symbol=HINDUNILVR/part-092417_361690-045933.parquet,real_data_sample\l2_unseen_validation\trade_date=2026-07-17\exchange=NSE\symbol=HINDUNILVR\part-092417_361690-045933.parquet,34761,downloaded,34761,
2026-07-17,NSE,HINDUNILVR,raw_l2/trade_date=2026-07-17/exchange=NSE/symbol=HINDUNILVR/part-092348_322942-045869.parquet,real_data_sample\l2_unseen_validation\trade_date=2026-07-17\exchange=NSE\symbol=HINDUNILVR\part-092348_322942-045869.parquet,34761,downloaded,34761,
2026-07-17,NSE,HINDUNILVR,raw_l2/trade_date=2026-07-17/exchange=NSE/symbol=HINDUNILVR/part-092402_683684-045901.parquet,real_data_sample\l2_unseen_validation\trade_date=2026-07-17\exchange=NSE\symbol=HINDUNILVR\part-092402_683684-045901.parquet,34724,downloaded,34724,
2026-07-17,NSE,HINDUNILVR,raw_l2/trade_date=2026-07-17/exchange=NSE/symbol=HINDUNILVR/part-092432_040077-045965.parquet,real_data_sample\l2_unseen_validation\trade_date=2026-07-17\exchange=NSE\symbol=HINDUNILVR\part-092432_040077-045965.parquet,34752,downloaded,34752,
2026-07-17,NSE,HINDUNILVR,raw_l2/trade_date=2026-07-17/exchange=NSE/symbol=HINDUNILVR/part-092153_097576-045613.parquet,real_data_sample\l2_unseen_validation\trade_date=2026-07-17\exchange=NSE\symbol=HINDUNILVR\part-092153_097576-045613.parquet,36085,downloaded,36085,
2026-07-17,NSE,HINDUNILVR,raw_l2/trade_date=2026-07-17/exchange=NSE/symbol=HINDUNILVR/part-092530_061384-046093.parquet,real_data_sample\l2_unseen_validation\trade_date=2026-07-17\exchange=NSE\symbol=HINDUNILVR\part-092530_061384-046093.parquet,34750,downloaded,34750,
2026-07-17,NSE,HINDUNILVR,raw_l2/trade_date=2026-07-17/exchange=NSE/symbol=HINDUNILVR/part-092614_079866-046189.parquet,real_data_sample\l2_unseen_validation\trade_date=2026-07-17\exchange=NSE\symbol=HINDUNILVR\part-092614_079866-046189.parquet,34873,downloaded,34873,
2026-07-17,NSE,HINDUNILVR,raw_l2/trade_date=2026-07-17/exchange=NSE/symbol=HINDUNILVR/part-092628_592518-046221.parquet,real_data_sample\l2_unseen_validation\trade_date=2026-07-17\exchange=NSE\symbol=HINDUNILVR\part-092628_592518-046221.parquet,35790,downloaded,35790,
2026-07-17,NSE,HINDUNILVR,raw_l2/trade_date=2026-07-17/exchange=NSE/symbol=HINDUNILVR/part-092544_661647-046125.parquet,real_data_sample\l2_unseen_validation\trade_date=2026-07-17\exchange=NSE\symbol=HINDUNILVR\part-092544_661647-046125.parquet,34661,downloaded,34661,
2026-07-17,NSE,HINDUNILVR,raw_l2/trade_date=2026-07-17/exchange=NSE/symbol=HINDUNILVR/part-092643_782588-046253.parquet,real_data_sample\l2_unseen_validation\trade_date=2026-07-17\exchange=NSE\symbol=HINDUNILVR\part-092643_782588-046253.parquet,35879,downloaded,35879,
2026-07-17,NSE,HINDUNILVR,raw_l2/trade_date=2026-07-17/exchange=NSE/symbol=HINDUNILVR/part-092559_358312-046157.parquet,real_data_sample\l2_unseen_validation\trade_date=2026-07-17\exchange=NSE\symbol=HINDUNILVR\part-092559_358312-046157.parquet,34773,downloaded,34773,
2026-07-17,NSE,HINDUNILVR,raw_l2/trade_date=2026-07-17/exchange=NSE/symbol=HINDUNILVR/part-092515_572977-046061.parquet,real_data_sample\l2_unseen_validation\trade_date=2026-07-17\exchange=NSE\symbol=HINDUNILVR\part-092515_572977-046061.parquet,34550,downloaded,34550,
2026-07-17,NSE,HINDUNILVR,raw_l2/trade_date=2026-07-17/exchange=NSE/symbol=HINDUNILVR/part-092500_828836-046029.parquet,real_data_sample\l2_unseen_validation\trade_date=2026-07-17\exchange=NSE\symbol=HINDUNILVR\part-092500_828836-046029.parquet,34723,downloaded,34723,
2026-07-17,NSE,HINDUNILVR,raw_l2/trade_date=2026-07-17/exchange=NSE/symbol=HINDUNILVR/part-092657_997674-046285.parquet,real_data_sample\l2_unseen_validation\trade_date=2026-07-17\exchange=NSE\symbol=HINDUNILVR\part-092657_997674-046285.parquet,35640,downloaded,35640,
2026-07-17,NSE,HINDUNILVR,raw_l2/trade_date=2026-07-17/exchange=NSE/symbol=HINDUNILVR/part-092446_234356-045997.parquet,real_data_sample\l2_unseen_validation\trade_date=2026-07-17\exchange=NSE\symbol=HINDUNILVR\part-092446_234356-045997.parquet,34721,downloaded,34721,
2026-07-17,NSE,HINDUNILVR,raw_l2/trade_date=2026-07-17/exchange=NSE/symbol=HINDUNILVR/part-092741_136539-046381.parquet,real_data_sample\l2_unseen_validation\trade_date=2026-07-17\exchange=NSE\symbol=HINDUNILVR\part-092741_136539-046381.parquet,35825,downloaded,35825,
2026-07-17,NSE,HINDUNILVR,raw_l2/trade_date=2026-07-17/exchange=NSE/symbol=HINDUNILVR/part-092726_618483-046349.parquet,real_data_sample\l2_unseen_validation\trade_date=2026-07-17\exchange=NSE\symbol=HINDUNILVR\part-092726_618483-046349.parquet,35267,downloaded,35267,
2026-07-17,NSE,HINDUNILVR,raw_l2/trade_date=2026-07-17/exchange=NSE/symbol=HINDUNILVR/part-092712_335826-046317.parquet,real_data_sample\l2_unseen_validation\trade_date=2026-07-17\exchange=NSE\symbol=HINDUNILVR\part-092712_335826-046317.parquet,35470,downloaded,35470,
2026-07-17,NSE,HINDUNILVR,raw_l2/trade_date=2026-07-17/exchange=NSE/symbol=HINDUNILVR/part-092012_450569-045389.parquet,real_data_sample\l2_unseen_validation\trade_date=2026-07-17\exchange=NSE\symbol=HINDUNILVR\part-092012_450569-045389.parquet,34689,downloaded,34689,
2026-07-17,NSE,HINDUNILVR,raw_l2/trade_date=2026-07-17/exchange=NSE/symbol=HINDUNILVR/part-092755_597998-046413.parquet,real_data_sample\l2_unseen_validation\trade_date=2026-07-17\exchange=NSE\symbol=HINDUNILVR\part-092755_597998-046413.parquet,35790,downloaded,35790,
2026-07-17,NSE,HINDUNILVR,raw_l2/trade_date=2026-07-17/exchange=NSE/symbol=HINDUNILVR/part-092809_909814-046445.parquet,real_data_sample\l2_unseen_validation\trade_date=2026-07-17\exchange=NSE\symbol=HINDUNILVR\part-092809_909814-046445.parquet,35865,downloaded,35865,
2026-07-17,NSE,HINDUNILVR,raw_l2/trade_date=2026-07-17/exchange=NSE/symbol=HINDUNILVR/part-092824_359806-046477.parquet,real_data_sample\l2_unseen_validation\trade_date=2026-07-17\exchange=NSE\symbol=HINDUNILVR\part-092824_359806-046477.parquet,34778,downloaded,34778,
2026-07-17,NSE,HINDUNILVR,raw_l2/trade_date=2026-07-17/exchange=NSE/symbol=HINDUNILVR/part-092838_898119-046509.parquet,real_data_sample\l2_unseen_validation\trade_date=2026-07-17\exchange=NSE\symbol=HINDUNILVR\part-092838_898119-046509.parquet,34441,downloaded,34441,
2026-07-17,NSE,HINDUNILVR,raw_l2/trade_date=2026-07-17/exchange=NSE/symbol=HINDUNILVR/part-092853_284646-046541.parquet,real_data_sample\l2_unseen_validation\trade_date=2026-07-17\exchange=NSE\symbol=HINDUNILVR\part-092853_284646-046541.parquet,34520,downloaded,34520,
2026-07-17,NSE,HINDUNILVR,raw_l2/trade_date=2026-07-17/exchange=NSE/symbol=HINDUNILVR/part-093244_164431-047053.parquet,real_data_sample\l2_unseen_validation\trade_date=2026-07-17\exchange=NSE\symbol=HINDUNILVR\part-093244_164431-047053.parquet,34375,downloaded,34375,
2026-07-17,NSE,HINDUNILVR,raw_l2/trade_date=2026-07-17/exchange=NSE/symbol=HINDUNILVR/part-093050_122451-046797.parquet,real_data_sample\l2_unseen_validation\trade_date=2026-07-17\exchange=NSE\symbol=HINDUNILVR\part-093050_122451-046797.parquet,34491,downloaded,34491,
2026-07-17,NSE,HINDUNILVR,raw_l2/trade_date=2026-07-17/exchange=NSE/symbol=HINDUNILVR/part-093215_675603-046989.parquet,real_data_sample\l2_unseen_validation\trade_date=2026-07-17\exchange=NSE\symbol=HINDUNILVR\part-093215_675603-046989.parquet,34640,downloaded,34640,
2026-07-17,NSE,HINDUNILVR,raw_l2/trade_date=2026-07-17/exchange=NSE/symbol=HINDUNILVR/part-092922_632866-046605.parquet,real_data_sample\l2_unseen_validation\trade_date=2026-07-17\exchange=NSE\symbol=HINDUNILVR\part-092922_632866-046605.parquet,34690,downloaded,34690,
2026-07-17,NSE,HINDUNILVR,raw_l2/trade_date=2026-07-17/exchange=NSE/symbol=HINDUNILVR/part-093006_493845-046701.parquet,real_data_sample\l2_unseen_validation\trade_date=2026-07-17\exchange=NSE\symbol=HINDUNILVR\part-093006_493845-046701.parquet,34597,downloaded,34597,
2026-07-17,NSE,HINDUNILVR,raw_l2/trade_date=2026-07-17/exchange=NSE/symbol=HINDUNILVR/part-092951_825212-046669.parquet,real_data_sample\l2_unseen_validation\trade_date=2026-07-17\exchange=NSE\symbol=HINDUNILVR\part-092951_825212-046669.parquet,34551,downloaded,34551,
2026-07-17,NSE,HINDUNILVR,raw_l2/trade_date=2026-07-17/exchange=NSE/symbol=HINDUNILVR/part-093312_441284-047117.parquet,real_data_sample\l2_unseen_validation\trade_date=2026-07-17\exchange=NSE\symbol=HINDUNILVR\part-093312_441284-047117.parquet,34655,downloaded,34655,
2026-07-17,NSE,HINDUNILVR,raw_l2/trade_date=2026-07-17/exchange=NSE/symbol=HINDUNILVR/part-093258_202469-047085.parquet,real_data_sample\l2_unseen_validation\trade_date=2026-07-17\exchange=NSE\symbol=HINDUNILVR\part-093258_202469-047085.parquet,34636,downloaded,34636,
2026-07-17,NSE,HINDUNILVR,raw_l2/trade_date=2026-07-17/exchange=NSE/symbol=HINDUNILVR/part-092907_856732-046573.parquet,real_data_sample\l2_unseen_validation\trade_date=2026-07-17\exchange=NSE\symbol=HINDUNILVR\part-092907_856732-046573.parquet,34769,downloaded,34769,
2026-07-17,NSE,HINDUNILVR,raw_l2/trade_date=2026-07-17/exchange=NSE/symbol=HINDUNILVR/part-093021_233256-046733.parquet,real_data_sample\l2_unseen_validation\trade_date=2026-07-17\exchange=NSE\symbol=HINDUNILVR\part-093021_233256-046733.parquet,34510,downloaded,34510,
2026-07-17,NSE,HINDUNILVR,raw_l2/trade_date=2026-07-17/exchange=NSE/symbol=HINDUNILVR/part-093229_704284-047021.parquet,real_data_sample\l2_unseen_validation\trade_date=2026-07-17\exchange=NSE\symbol=HINDUNILVR\part-093229_704284-047021.parquet,34533,downloaded,34533,
2026-07-17,NSE,HINDUNILVR,raw_l2/trade_date=2026-07-17/exchange=NSE/symbol=HINDUNILVR/part-093118_726292-046861.parquet,real_data_sample\l2_unseen_validation\trade_date=2026-07-17\exchange=NSE\symbol=HINDUNILVR\part-093118_726292-046861.parquet,34741,downloaded,34741,
2026-07-17,NSE,HINDUNILVR,raw_l2/trade_date=2026-07-17/exchange=NSE/symbol=HINDUNILVR/part-093408_929850-047245.parquet,real_data_sample\l2_unseen_validation\trade_date=2026-07-17\exchange=NSE\symbol=HINDUNILVR\part-093408_929850-047245.parquet,34657,downloaded,34657,
2026-07-17,NSE,HINDUNILVR,raw_l2/trade_date=2026-07-17/exchange=NSE/symbol=HINDUNILVR/part-092937_109407-046637.parquet,real_data_sample\l2_unseen_validation\trade_date=2026-07-17\exchange=NSE\symbol=HINDUNILVR\part-092937_109407-046637.parquet,34714,downloaded,34714,
2026-07-17,NSE,HINDUNILVR,raw_l2/trade_date=2026-07-17/exchange=NSE/symbol=HINDUNILVR/part-093132_829107-046893.parquet,real_data_sample\l2_unseen_validation\trade_date=2026-07-17\exchange=NSE\symbol=HINDUNILVR\part-093132_829107-046893.parquet,34480,downloaded,34480,
2026-07-17,NSE,HINDUNILVR,raw_l2/trade_date=2026-07-17/exchange=NSE/symbol=HINDUNILVR/part-093035_775014-046765.parquet,real_data_sample\l2_unseen_validation\trade_date=2026-07-17\exchange=NSE\symbol=HINDUNILVR\part-093035_775014-046765.parquet,34724,downloaded,34724,
2026-07-17,NSE,HINDUNILVR,raw_l2/trade_date=2026-07-17/exchange=NSE/symbol=HINDUNILVR/part-093340_753947-047181.parquet,real_data_sample\l2_unseen_validation\trade_date=2026-07-17\exchange=NSE\symbol=HINDUNILVR\part-093340_753947-047181.parquet,34444,downloaded,34444,
2026-07-17,NSE,HINDUNILVR,raw_l2/trade_date=2026-07-17/exchange=NSE/symbol=HINDUNILVR/part-093201_786084-046957.parquet,real_data_sample\l2_unseen_validation\trade_date=2026-07-17\exchange=NSE\symbol=HINDUNILVR\part-093201_786084-046957.parquet,34656,downloaded,34656,
2026-07-17,NSE,HINDUNILVR,raw_l2/trade_date=2026-07-17/exchange=NSE/symbol=HINDUNILVR/part-093354_911144-047213.parquet,real_data_sample\l2_unseen_validation\trade_date=2026-07-17\exchange=NSE\symbol=HINDUNILVR\part-093354_911144-047213.parquet,34481,downloaded,34481,
2026-07-17,NSE,HINDUNILVR,raw_l2/trade_date=2026-07-17/exchange=NSE/symbol=HINDUNILVR/part-093422_975591-047277.parquet,real_data_sample\l2_unseen_validation\trade_date=2026-07-17\exchange=NSE\symbol=HINDUNILVR\part-093422_975591-047277.parquet,34573,downloaded,34573,
2026-07-17,NSE,HINDUNILVR,raw_l2/trade_date=2026-07-17/exchange=NSE/symbol=HINDUNILVR/part-093326_717857-047149.parquet,real_data_sample\l2_unseen_validation\trade_date=2026-07-17\exchange=NSE\symbol=HINDUNILVR\part-093326_717857-047149.parquet,34566,downloaded,34566,
2026-07-17,NSE,HINDUNILVR,raw_l2/trade_date=2026-07-17/exchange=NSE/symbol=HINDUNILVR/part-093437_015601-047309.parquet,real_data_sample\l2_unseen_validation\trade_date=2026-07-17\exchange=NSE\symbol=HINDUNILVR\part-093437_015601-047309.parquet,34441,downloaded,34441,
2026-07-17,NSE,HINDUNILVR,raw_l2/trade_date=2026-07-17/exchange=NSE/symbol=HINDUNILVR/part-093603_015774-047501.parquet,real_data_sample\l2_unseen_validation\trade_date=2026-07-17\exchange=NSE\symbol=HINDUNILVR\part-093603_015774-047501.parquet,34633,downloaded,34633,
2026-07-17,NSE,HINDUNILVR,raw_l2/trade_date=2026-07-17/exchange=NSE/symbol=HINDUNILVR/part-093147_239685-046925.parquet,real_data_sample\l2_unseen_validation\trade_date=2026-07-17\exchange=NSE\symbol=HINDUNILVR\part-093147_239685-046925.parquet,34750,downloaded,34750,
2026-07-17,NSE,HINDUNILVR,raw_l2/trade_date=2026-07-17/exchange=NSE/symbol=HINDUNILVR/part-093451_236778-047341.parquet,real_data_sample\l2_unseen_validation\trade_date=2026-07-17\exchange=NSE\symbol=HINDUNILVR\part-093451_236778-047341.parquet,34640,downloaded,34640,
2026-07-17,NSE,HINDUNILVR,raw_l2/trade_date=2026-07-17/exchange=NSE/symbol=HINDUNILVR/part-093534_331571-047437.parquet,real_data_sample\l2_unseen_validation\trade_date=2026-07-17\exchange=NSE\symbol=HINDUNILVR\part-093534_331571-047437.parquet,34498,downloaded,34498,
2026-07-17,NSE,HINDUNILVR,raw_l2/trade_date=2026-07-17/exchange=NSE/symbol=HINDUNILVR/part-093104_208926-046829.parquet,real_data_sample\l2_unseen_validation\trade_date=2026-07-17\exchange=NSE\symbol=HINDUNILVR\part-093104_208926-046829.parquet,34734,downloaded,34734,
2026-07-17,NSE,HINDUNILVR,raw_l2/trade_date=2026-07-17/exchange=NSE/symbol=HINDUNILVR/part-093505_551319-047373.parquet,real_data_sample\l2_unseen_validation\trade_date=2026-07-17\exchange=NSE\symbol=HINDUNILVR\part-093505_551319-047373.parquet,34490,downloaded,34490,
2026-07-17,NSE,HINDUNILVR,raw_l2/trade_date=2026-07-17/exchange=NSE/symbol=HINDUNILVR/part-093548_545110-047469.parquet,real_data_sample\l2_unseen_validation\trade_date=2026-07-17\exchange=NSE\symbol=HINDUNILVR\part-093548_545110-047469.parquet,34561,downloaded,34561,
2026-07-17,NSE,HINDUNILVR,raw_l2/trade_date=2026-07-17/exchange=NSE/symbol=HINDUNILVR/part-093617_506375-047533.parquet,real_data_sample\l2_unseen_validation\trade_date=2026-07-17\exchange=NSE\symbol=HINDUNILVR\part-093617_506375-047533.parquet,34633,downloaded,34633,
2026-07-17,NSE,HINDUNILVR,raw_l2/trade_date=2026-07-17/exchange=NSE/symbol=HINDUNILVR/part-093631_735163-047565.parquet,real_data_sample\l2_unseen_validation\trade_date=2026-07-17\exchange=NSE\symbol=HINDUNILVR\part-093631_735163-047565.parquet,34703,downloaded,34703,
2026-07-17,NSE,HINDUNILVR,raw_l2/trade_date=2026-07-17/exchange=NSE/symbol=HINDUNILVR/part-094159_623751-048301.parquet,real_data_sample\l2_unseen_validation\trade_date=2026-07-17\exchange=NSE\symbol=HINDUNILVR\part-094159_623751-048301.parquet,34470,downloaded,34470,
2026-07-17,NSE,HINDUNILVR,raw_l2/trade_date=2026-07-17/exchange=NSE/symbol=HINDUNILVR/part-093713_989169-047661.parquet,real_data_sample\l2_unseen_validation\trade_date=2026-07-17\exchange=NSE\symbol=HINDUNILVR\part-093713_989169-047661.parquet,34520,downloaded,34520,
2026-07-17,NSE,HINDUNILVR,raw_l2/trade_date=2026-07-17/exchange=NSE/symbol=HINDUNILVR/part-093838_505619-047853.parquet,real_data_sample\l2_unseen_validation\trade_date=2026-07-17\exchange=NSE\symbol=HINDUNILVR\part-093838_505619-047853.parquet,34708,downloaded,34708,
2026-07-17,NSE,HINDUNILVR,raw_l2/trade_date=2026-07-17/exchange=NSE/symbol=HINDUNILVR/part-093907_092909-047917.parquet,real_data_sample\l2_unseen_validation\trade_date=2026-07-17\exchange=NSE\symbol=HINDUNILVR\part-093907_092909-047917.parquet,34649,downloaded,34649,
2026-07-17,NSE,HINDUNILVR,raw_l2/trade_date=2026-07-17/exchange=NSE/symbol=HINDUNILVR/part-093852_680863-047885.parquet,real_data_sample\l2_unseen_validation\trade_date=2026-07-17\exchange=NSE\symbol=HINDUNILVR\part-093852_680863-047885.parquet,34648,downloaded,34648,
2026-07-17,NSE,HINDUNILVR,raw_l2/trade_date=2026-07-17/exchange=NSE/symbol=HINDUNILVR/part-094116_350992-048205.parquet,real_data_sample\l2_unseen_validation\trade_date=2026-07-17\exchange=NSE\symbol=HINDUNILVR\part-094116_350992-048205.parquet,34347,downloaded,34347,
2026-07-17,NSE,HINDUNILVR,raw_l2/trade_date=2026-07-17/exchange=NSE/symbol=HINDUNILVR/part-094242_736579-048397.parquet,real_data_sample\l2_unseen_validation\trade_date=2026-07-17\exchange=NSE\symbol=HINDUNILVR\part-094242_736579-048397.parquet,34647,downloaded,34647,
2026-07-17,NSE,HINDUNILVR,raw_l2/trade_date=2026-07-17/exchange=NSE/symbol=HINDUNILVR/part-093659_903132-047629.parquet,real_data_sample\l2_unseen_validation\trade_date=2026-07-17\exchange=NSE\symbol=HINDUNILVR\part-093659_903132-047629.parquet,34420,downloaded,34420,
2026-07-17,NSE,HINDUNILVR,raw_l2/trade_date=2026-07-17/exchange=NSE/symbol=HINDUNILVR/part-094130_715669-048237.parquet,real_data_sample\l2_unseen_validation\trade_date=2026-07-17\exchange=NSE\symbol=HINDUNILVR\part-094130_715669-048237.parquet,34651,downloaded,34651,
2026-07-17,NSE,HINDUNILVR,raw_l2/trade_date=2026-07-17/exchange=NSE/symbol=HINDUNILVR/part-093519_997301-047405.parquet,real_data_sample\l2_unseen_validation\trade_date=2026-07-17\exchange=NSE\symbol=HINDUNILVR\part-093519_997301-047405.parquet,34510,downloaded,34510,
2026-07-17,NSE,HINDUNILVR,raw_l2/trade_date=2026-07-17/exchange=NSE/symbol=HINDUNILVR/part-093810_153403-047789.parquet,real_data_sample\l2_unseen_validation\trade_date=2026-07-17\exchange=NSE\symbol=HINDUNILVR\part-093810_153403-047789.parquet,34654,downloaded,34654,
2026-07-17,NSE,HINDUNILVR,raw_l2/trade_date=2026-07-17/exchange=NSE/symbol=HINDUNILVR/part-094339_534336-048525.parquet,real_data_sample\l2_unseen_validation\trade_date=2026-07-17\exchange=NSE\symbol=HINDUNILVR\part-094339_534336-048525.parquet,34494,downloaded,34494,
2026-07-17,NSE,HINDUNILVR,raw_l2/trade_date=2026-07-17/exchange=NSE/symbol=HINDUNILVR/part-094033_323390-048109.parquet,real_data_sample\l2_unseen_validation\trade_date=2026-07-17\exchange=NSE\symbol=HINDUNILVR\part-094033_323390-048109.parquet,34414,downloaded,34414,
2026-07-17,NSE,HINDUNILVR,raw_l2/trade_date=2026-07-17/exchange=NSE/symbol=HINDUNILVR/part-094047_539161-048141.parquet,real_data_sample\l2_unseen_validation\trade_date=2026-07-17\exchange=NSE\symbol=HINDUNILVR\part-094047_539161-048141.parquet,34397,downloaded,34397,
2026-07-17,NSE,HINDUNILVR,raw_l2/trade_date=2026-07-17/exchange=NSE/symbol=HINDUNILVR/part-093645_910361-047597.parquet,real_data_sample\l2_unseen_validation\trade_date=2026-07-17\exchange=NSE\symbol=HINDUNILVR\part-093645_910361-047597.parquet,34617,downloaded,34617,
2026-07-17,NSE,HINDUNILVR,raw_l2/trade_date=2026-07-17/exchange=NSE/symbol=HINDUNILVR/part-093950_375193-048013.parquet,real_data_sample\l2_unseen_validation\trade_date=2026-07-17\exchange=NSE\symbol=HINDUNILVR\part-093950_375193-048013.parquet,34534,downloaded,34534,
2026-07-17,NSE,HINDUNILVR,raw_l2/trade_date=2026-07-17/exchange=NSE/symbol=HINDUNILVR/part-093935_981148-047981.parquet,real_data_sample\l2_unseen_validation\trade_date=2026-07-17\exchange=NSE\symbol=HINDUNILVR\part-093935_981148-047981.parquet,34695,downloaded,34695,
2026-07-17,NSE,HINDUNILVR,raw_l2/trade_date=2026-07-17/exchange=NSE/symbol=HINDUNILVR/part-093755_988365-047757.parquet,real_data_sample\l2_unseen_validation\trade_date=2026-07-17\exchange=NSE\symbol=HINDUNILVR\part-093755_988365-047757.parquet,34419,downloaded,34419,
2026-07-17,NSE,HINDUNILVR,raw_l2/trade_date=2026-07-17/exchange=NSE/symbol=HINDUNILVR/part-094214_023652-048333.parquet,real_data_sample\l2_unseen_validation\trade_date=2026-07-17\exchange=NSE\symbol=HINDUNILVR\part-094214_023652-048333.parquet,34646,downloaded,34646,
2026-07-17,NSE,HINDUNILVR,raw_l2/trade_date=2026-07-17/exchange=NSE/symbol=HINDUNILVR/part-094101_941507-048173.parquet,real_data_sample\l2_unseen_validation\trade_date=2026-07-17\exchange=NSE\symbol=HINDUNILVR\part-094101_941507-048173.parquet,34380,downloaded,34380,
2026-07-17,NSE,HINDUNILVR,raw_l2/trade_date=2026-07-17/exchange=NSE/symbol=HINDUNILVR/part-094018_933810-048077.parquet,real_data_sample\l2_unseen_validation\trade_date=2026-07-17\exchange=NSE\symbol=HINDUNILVR\part-094018_933810-048077.parquet,34381,downloaded,34381,
2026-07-17,NSE,HINDUNILVR,raw_l2/trade_date=2026-07-17/exchange=NSE/symbol=HINDUNILVR/part-093824_270745-047821.parquet,real_data_sample\l2_unseen_validation\trade_date=2026-07-17\exchange=NSE\symbol=HINDUNILVR\part-093824_270745-047821.parquet,34704,downloaded,34704,
2026-07-17,NSE,HINDUNILVR,raw_l2/trade_date=2026-07-17/exchange=NSE/symbol=HINDUNILVR/part-093921_604033-047949.parquet,real_data_sample\l2_unseen_validation\trade_date=2026-07-17\exchange=NSE\symbol=HINDUNILVR\part-093921_604033-047949.parquet,34400,downloaded,34400,
2026-07-17,NSE,HINDUNILVR,raw_l2/trade_date=2026-07-17/exchange=NSE/symbol=HINDUNILVR/part-094004_692190-048045.parquet,real_data_sample\l2_unseen_validation\trade_date=2026-07-17\exchange=NSE\symbol=HINDUNILVR\part-094004_692190-048045.parquet,34515,downloaded,34515,
2026-07-17,NSE,HINDUNILVR,raw_l2/trade_date=2026-07-17/exchange=NSE/symbol=HINDUNILVR/part-093727_853574-047693.parquet,real_data_sample\l2_unseen_validation\trade_date=2026-07-17\exchange=NSE\symbol=HINDUNILVR\part-093727_853574-047693.parquet,34558,downloaded,34558,
2026-07-17,NSE,HINDUNILVR,raw_l2/trade_date=2026-07-17/exchange=NSE/symbol=HINDUNILVR/part-094256_982558-048429.parquet,real_data_sample\l2_unseen_validation\trade_date=2026-07-17\exchange=NSE\symbol=HINDUNILVR\part-094256_982558-048429.parquet,34677,downloaded,34677,
2026-07-17,NSE,HINDUNILVR,raw_l2/trade_date=2026-07-17/exchange=NSE/symbol=HINDUNILVR/part-094310_985951-048461.parquet,real_data_sample\l2_unseen_validation\trade_date=2026-07-17\exchange=NSE\symbol=HINDUNILVR\part-094310_985951-048461.parquet,34496,downloaded,34496,
2026-07-17,NSE,HINDUNILVR,raw_l2/trade_date=2026-07-17/exchange=NSE/symbol=HINDUNILVR/part-094145_243592-048269.parquet,real_data_sample\l2_unseen_validation\trade_date=2026-07-17\exchange=NSE\symbol=HINDUNILVR\part-094145_243592-048269.parquet,34685,downloaded,34685,
2026-07-17,NSE,HINDUNILVR,raw_l2/trade_date=2026-07-17/exchange=NSE/symbol=HINDUNILVR/part-093741_898658-047725.parquet,real_data_sample\l2_unseen_validation\trade_date=2026-07-17\exchange=NSE\symbol=HINDUNILVR\part-093741_898658-047725.parquet,34666,downloaded,34666,
2026-07-17,NSE,HINDUNILVR,raw_l2/trade_date=2026-07-17/exchange=NSE/symbol=HINDUNILVR/part-094325_331950-048493.parquet,real_data_sample\l2_unseen_validation\trade_date=2026-07-17\exchange=NSE\symbol=HINDUNILVR\part-094325_331950-048493.parquet,34458,downloaded,34458,
2026-07-17,NSE,HINDUNILVR,raw_l2/trade_date=2026-07-17/exchange=NSE/symbol=HINDUNILVR/part-094228_442099-048365.parquet,real_data_sample\l2_unseen_validation\trade_date=2026-07-17\exchange=NSE\symbol=HINDUNILVR\part-094228_442099-048365.parquet,34647,downloaded,34647,
2026-07-17,NSE,HINDUNILVR,raw_l2/trade_date=2026-07-17/exchange=NSE/symbol=HINDUNILVR/part-094354_120370-048557.parquet,real_data_sample\l2_unseen_validation\trade_date=2026-07-17\exchange=NSE\symbol=HINDUNILVR\part-094354_120370-048557.parquet,34444,downloaded,34444,
2026-07-17,NSE,HINDUNILVR,raw_l2/trade_date=2026-07-17/exchange=NSE/symbol=HINDUNILVR/part-094451_501219-048685.parquet,real_data_sample\l2_unseen_validation\trade_date=2026-07-17\exchange=NSE\symbol=HINDUNILVR\part-094451_501219-048685.parquet,34507,downloaded,34507,
2026-07-17,NSE,HINDUNILVR,raw_l2/trade_date=2026-07-17/exchange=NSE/symbol=HINDUNILVR/part-094408_551069-048589.parquet,real_data_sample\l2_unseen_validation\trade_date=2026-07-17\exchange=NSE\symbol=HINDUNILVR\part-094408_551069-048589.parquet,34728,downloaded,34728,
2026-07-17,NSE,HINDUNILVR,raw_l2/trade_date=2026-07-17/exchange=NSE/symbol=HINDUNILVR/part-094422_704087-048621.parquet,real_data_sample\l2_unseen_validation\trade_date=2026-07-17\exchange=NSE\symbol=HINDUNILVR\part-094422_704087-048621.parquet,34633,downloaded,34633,
2026-07-17,NSE,HINDUNILVR,raw_l2/trade_date=2026-07-17/exchange=NSE/symbol=HINDUNILVR/part-094659_483525-048973.parquet,real_data_sample\l2_unseen_validation\trade_date=2026-07-17\exchange=NSE\symbol=HINDUNILVR\part-094659_483525-048973.parquet,35899,downloaded,35899,
2026-07-17,NSE,HINDUNILVR,raw_l2/trade_date=2026-07-17/exchange=NSE/symbol=HINDUNILVR/part-094810_962442-049133.parquet,real_data_sample\l2_unseen_validation\trade_date=2026-07-17\exchange=NSE\symbol=HINDUNILVR\part-094810_962442-049133.parquet,35793,downloaded,35793,
2026-07-17,NSE,HINDUNILVR,raw_l2/trade_date=2026-07-17/exchange=NSE/symbol=HINDUNILVR/part-094824_963145-049165.parquet,real_data_sample\l2_unseen_validation\trade_date=2026-07-17\exchange=NSE\symbol=HINDUNILVR\part-094824_963145-049165.parquet,34581,downloaded,34581,
2026-07-17,NSE,HINDUNILVR,raw_l2/trade_date=2026-07-17/exchange=NSE/symbol=HINDUNILVR/part-094839_402147-049197.parquet,real_data_sample\l2_unseen_validation\trade_date=2026-07-17\exchange=NSE\symbol=HINDUNILVR\part-094839_402147-049197.parquet,34325,downloaded,34325,
2026-07-17,NSE,HINDUNILVR,raw_l2/trade_date=2026-07-17/exchange=NSE/symbol=HINDUNILVR/part-095129_880028-049581.parquet,real_data_sample\l2_unseen_validation\trade_date=2026-07-17\exchange=NSE\symbol=HINDUNILVR\part-095129_880028-049581.parquet,34531,downloaded,34531,
2026-07-17,NSE,HINDUNILVR,raw_l2/trade_date=2026-07-17/exchange=NSE/symbol=HINDUNILVR/part-094908_017289-049261.parquet,real_data_sample\l2_unseen_validation\trade_date=2026-07-17\exchange=NSE\symbol=HINDUNILVR\part-094908_017289-049261.parquet,34460,downloaded,34460,
2026-07-17,NSE,HINDUNILVR,raw_l2/trade_date=2026-07-17/exchange=NSE/symbol=HINDUNILVR/part-094936_562746-049325.parquet,real_data_sample\l2_unseen_validation\trade_date=2026-07-17\exchange=NSE\symbol=HINDUNILVR\part-094936_562746-049325.parquet,34638,downloaded,34638,
2026-07-17,NSE,HINDUNILVR,raw_l2/trade_date=2026-07-17/exchange=NSE/symbol=HINDUNILVR/part-094437_150368-048653.parquet,real_data_sample\l2_unseen_validation\trade_date=2026-07-17\exchange=NSE\symbol=HINDUNILVR\part-094437_150368-048653.parquet,34669,downloaded,34669,
2026-07-17,NSE,HINDUNILVR,raw_l2/trade_date=2026-07-17/exchange=NSE/symbol=HINDUNILVR/part-094534_004433-048781.parquet,real_data_sample\l2_unseen_validation\trade_date=2026-07-17\exchange=NSE\symbol=HINDUNILVR\part-094534_004433-048781.parquet,34366,downloaded,34366,
2026-07-17,NSE,HINDUNILVR,raw_l2/trade_date=2026-07-17/exchange=NSE/symbol=HINDUNILVR/part-094602_773477-048845.parquet,real_data_sample\l2_unseen_validation\trade_date=2026-07-17\exchange=NSE\symbol=HINDUNILVR\part-094602_773477-048845.parquet,34440,downloaded,34440,
2026-07-17,NSE,HINDUNILVR,raw_l2/trade_date=2026-07-17/exchange=NSE/symbol=HINDUNILVR/part-094505_706084-048717.parquet,real_data_sample\l2_unseen_validation\trade_date=2026-07-17\exchange=NSE\symbol=HINDUNILVR\part-094505_706084-048717.parquet,34391,downloaded,34391,
2026-07-17,NSE,HINDUNILVR,raw_l2/trade_date=2026-07-17/exchange=NSE/symbol=HINDUNILVR/part-094756_722059-049101.parquet,real_data_sample\l2_unseen_validation\trade_date=2026-07-17\exchange=NSE\symbol=HINDUNILVR\part-094756_722059-049101.parquet,36042,downloaded,36042,
2026-07-17,NSE,HINDUNILVR,raw_l2/trade_date=2026-07-17/exchange=NSE/symbol=HINDUNILVR/part-094548_298130-048813.parquet,real_data_sample\l2_unseen_validation\trade_date=2026-07-17\exchange=NSE\symbol=HINDUNILVR\part-094548_298130-048813.parquet,34446,downloaded,34446,
2026-07-17,NSE,HINDUNILVR,raw_l2/trade_date=2026-07-17/exchange=NSE/symbol=HINDUNILVR/part-095019_152449-049421.parquet,real_data_sample\l2_unseen_validation\trade_date=2026-07-17\exchange=NSE\symbol=HINDUNILVR\part-095019_152449-049421.parquet,34504,downloaded,34504,
2026-07-17,NSE,HINDUNILVR,raw_l2/trade_date=2026-07-17/exchange=NSE/symbol=HINDUNILVR/part-094922_365891-049293.parquet,real_data_sample\l2_unseen_validation\trade_date=2026-07-17\exchange=NSE\symbol=HINDUNILVR\part-094922_365891-049293.parquet,34492,downloaded,34492,
2026-07-17,NSE,HINDUNILVR,raw_l2/trade_date=2026-07-17/exchange=NSE/symbol=HINDUNILVR/part-094853_603558-049229.parquet,real_data_sample\l2_unseen_validation\trade_date=2026-07-17\exchange=NSE\symbol=HINDUNILVR\part-094853_603558-049229.parquet,34649,downloaded,34649,
2026-07-17,NSE,HINDUNILVR,raw_l2/trade_date=2026-07-17/exchange=NSE/symbol=HINDUNILVR/part-095033_485381-049453.parquet,real_data_sample\l2_unseen_validation\trade_date=2026-07-17\exchange=NSE\symbol=HINDUNILVR\part-095033_485381-049453.parquet,34432,downloaded,34432,
2026-07-17,NSE,HINDUNILVR,raw_l2/trade_date=2026-07-17/exchange=NSE/symbol=HINDUNILVR/part-094631_439216-048909.parquet,real_data_sample\l2_unseen_validation\trade_date=2026-07-17\exchange=NSE\symbol=HINDUNILVR\part-094631_439216-048909.parquet,35987,downloaded,35987,
2026-07-17,NSE,HINDUNILVR,raw_l2/trade_date=2026-07-17/exchange=NSE/symbol=HINDUNILVR/part-094645_440927-048941.parquet,real_data_sample\l2_unseen_validation\trade_date=2026-07-17\exchange=NSE\symbol=HINDUNILVR\part-094645_440927-048941.parquet,35758,downloaded,35758,
2026-07-17,NSE,HINDUNILVR,raw_l2/trade_date=2026-07-17/exchange=NSE/symbol=HINDUNILVR/part-095115_830326-049549.parquet,real_data_sample\l2_unseen_validation\trade_date=2026-07-17\exchange=NSE\symbol=HINDUNILVR\part-095115_830326-049549.parquet,34181,downloaded,34181,
2026-07-17,NSE,HINDUNILVR,raw_l2/trade_date=2026-07-17/exchange=NSE/symbol=HINDUNILVR/part-094713_811292-049005.parquet,real_data_sample\l2_unseen_validation\trade_date=2026-07-17\exchange=NSE\symbol=HINDUNILVR\part-094713_811292-049005.parquet,35834,downloaded,35834,
2026-07-17,NSE,HINDUNILVR,raw_l2/trade_date=2026-07-17/exchange=NSE/symbol=HINDUNILVR/part-095157_879348-049645.parquet,real_data_sample\l2_unseen_validation\trade_date=2026-07-17\exchange=NSE\symbol=HINDUNILVR\part-095157_879348-049645.parquet,34507,downloaded,34507,
2026-07-17,NSE,HINDUNILVR,raw_l2/trade_date=2026-07-17/exchange=NSE/symbol=HINDUNILVR/part-095434_488441-049997.parquet,real_data_sample\l2_unseen_validation\trade_date=2026-07-17\exchange=NSE\symbol=HINDUNILVR\part-095434_488441-049997.parquet,34356,downloaded,34356,
2026-07-17,NSE,HINDUNILVR,raw_l2/trade_date=2026-07-17/exchange=NSE/symbol=HINDUNILVR/part-095337_260185-049869.parquet,real_data_sample\l2_unseen_validation\trade_date=2026-07-17\exchange=NSE\symbol=HINDUNILVR\part-095337_260185-049869.parquet,34310,downloaded,34310,
2026-07-17,NSE,HINDUNILVR,raw_l2/trade_date=2026-07-17/exchange=NSE/symbol=HINDUNILVR/part-095406_024713-049933.parquet,real_data_sample\l2_unseen_validation\trade_date=2026-07-17\exchange=NSE\symbol=HINDUNILVR\part-095406_024713-049933.parquet,34480,downloaded,34480,
2026-07-17,NSE,HINDUNILVR,raw_l2/trade_date=2026-07-17/exchange=NSE/symbol=HINDUNILVR/part-095448_770802-050029.parquet,real_data_sample\l2_unseen_validation\trade_date=2026-07-17\exchange=NSE\symbol=HINDUNILVR\part-095448_770802-050029.parquet,34412,downloaded,34412,
2026-07-17,NSE,HINDUNILVR,raw_l2/trade_date=2026-07-17/exchange=NSE/symbol=HINDUNILVR/part-095240_531614-049741.parquet,real_data_sample\l2_unseen_validation\trade_date=2026-07-17\exchange=NSE\symbol=HINDUNILVR\part-095240_531614-049741.parquet,34366,downloaded,34366,
2026-07-17,NSE,HINDUNILVR,raw_l2/trade_date=2026-07-17/exchange=NSE/symbol=HINDUNILVR/part-095502_979203-050061.parquet,real_data_sample\l2_unseen_validation\trade_date=2026-07-17\exchange=NSE\symbol=HINDUNILVR\part-095502_979203-050061.parquet,34364,downloaded,34364,
2026-07-17,NSE,HINDUNILVR,raw_l2/trade_date=2026-07-17/exchange=NSE/symbol=HINDUNILVR/part-095351_594065-049901.parquet,real_data_sample\l2_unseen_validation\trade_date=2026-07-17\exchange=NSE\symbol=HINDUNILVR\part-095351_594065-049901.parquet,34569,downloaded,34569,
2026-07-17,NSE,HINDUNILVR,raw_l2/trade_date=2026-07-17/exchange=NSE/symbol=HINDUNILVR/part-095546_045225-050157.parquet,real_data_sample\l2_unseen_validation\trade_date=2026-07-17\exchange=NSE\symbol=HINDUNILVR\part-095546_045225-050157.parquet,34659,downloaded,34659,
2026-07-17,NSE,HINDUNILVR,raw_l2/trade_date=2026-07-17/exchange=NSE/symbol=HINDUNILVR/part-095516_991605-050093.parquet,real_data_sample\l2_unseen_validation\trade_date=2026-07-17\exchange=NSE\symbol=HINDUNILVR\part-095516_991605-050093.parquet,34515,downloaded,34515,
2026-07-17,NSE,HINDUNILVR,raw_l2/trade_date=2026-07-17/exchange=NSE/symbol=HINDUNILVR/part-095643_836506-050285.parquet,real_data_sample\l2_unseen_validation\trade_date=2026-07-17\exchange=NSE\symbol=HINDUNILVR\part-095643_836506-050285.parquet,34426,downloaded,34426,
2026-07-17,NSE,HINDUNILVR,raw_l2/trade_date=2026-07-17/exchange=NSE/symbol=HINDUNILVR/part-095600_553550-050189.parquet,real_data_sample\l2_unseen_validation\trade_date=2026-07-17\exchange=NSE\symbol=HINDUNILVR\part-095600_553550-050189.parquet,34422,downloaded,34422,
2026-07-17,NSE,HINDUNILVR,raw_l2/trade_date=2026-07-17/exchange=NSE/symbol=HINDUNILVR/part-095254_444404-049773.parquet,real_data_sample\l2_unseen_validation\trade_date=2026-07-17\exchange=NSE\symbol=HINDUNILVR\part-095254_444404-049773.parquet,34165,downloaded,34165,
2026-07-17,NSE,HINDUNILVR,raw_l2/trade_date=2026-07-17/exchange=NSE/symbol=HINDUNILVR/part-095308_520093-049805.parquet,real_data_sample\l2_unseen_validation\trade_date=2026-07-17\exchange=NSE\symbol=HINDUNILVR\part-095308_520093-049805.parquet,34444,downloaded,34444,
2026-07-17,NSE,HINDUNILVR,raw_l2/trade_date=2026-07-17/exchange=NSE/symbol=HINDUNILVR/part-095629_331400-050253.parquet,real_data_sample\l2_unseen_validation\trade_date=2026-07-17\exchange=NSE\symbol=HINDUNILVR\part-095629_331400-050253.parquet,34454,downloaded,34454,
2026-07-17,NSE,HINDUNILVR,raw_l2/trade_date=2026-07-17/exchange=NSE/symbol=HINDUNILVR/part-095531_285939-050125.parquet,real_data_sample\l2_unseen_validation\trade_date=2026-07-17\exchange=NSE\symbol=HINDUNILVR\part-095531_285939-050125.parquet,34489,downloaded,34489,
2026-07-17,NSE,HINDUNILVR,raw_l2/trade_date=2026-07-17/exchange=NSE/symbol=HINDUNILVR/part-095420_511270-049965.parquet,real_data_sample\l2_unseen_validation\trade_date=2026-07-17\exchange=NSE\symbol=HINDUNILVR\part-095420_511270-049965.parquet,34369,downloaded,34369,
2026-07-17,NSE,HINDUNILVR,raw_l2/trade_date=2026-07-17/exchange=NSE/symbol=HINDUNILVR/part-095658_413413-050317.parquet,real_data_sample\l2_unseen_validation\trade_date=2026-07-17\exchange=NSE\symbol=HINDUNILVR\part-095658_413413-050317.parquet,34668,downloaded,34668,
2026-07-17,NSE,HINDUNILVR,raw_l2/trade_date=2026-07-17/exchange=NSE/symbol=HINDUNILVR/part-095322_773466-049837.parquet,real_data_sample\l2_unseen_validation\trade_date=2026-07-17\exchange=NSE\symbol=HINDUNILVR\part-095322_773466-049837.parquet,34379,downloaded,34379,
2026-07-17,NSE,HINDUNILVR,raw_l2/trade_date=2026-07-17/exchange=NSE/symbol=HINDUNILVR/part-095212_384585-049677.parquet,real_data_sample\l2_unseen_validation\trade_date=2026-07-17\exchange=NSE\symbol=HINDUNILVR\part-095212_384585-049677.parquet,34184,downloaded,34184,
2026-07-17,NSE,HINDUNILVR,raw_l2/trade_date=2026-07-17/exchange=NSE/symbol=HINDUNILVR/part-095713_374140-050349.parquet,real_data_sample\l2_unseen_validation\trade_date=2026-07-17\exchange=NSE\symbol=HINDUNILVR\part-095713_374140-050349.parquet,34503,downloaded,34503,
2026-07-17,NSE,HINDUNILVR,raw_l2/trade_date=2026-07-17/exchange=NSE/symbol=HINDUNILVR/part-095615_068127-050221.parquet,real_data_sample\l2_unseen_validation\trade_date=2026-07-17\exchange=NSE\symbol=HINDUNILVR\part-095615_068127-050221.parquet,34639,downloaded,34639,
2026-07-17,NSE,HINDUNILVR,raw_l2/trade_date=2026-07-17/exchange=NSE/symbol=HINDUNILVR/part-095143_966341-049613.parquet,real_data_sample\l2_unseen_validation\trade_date=2026-07-17\exchange=NSE\symbol=HINDUNILVR\part-095143_966341-049613.parquet,34349,downloaded,34349,
2026-07-17,NSE,HINDUNILVR,raw_l2/trade_date=2026-07-17/exchange=NSE/symbol=HINDUNILVR/part-095226_463706-049709.parquet,real_data_sample\l2_unseen_validation\trade_date=2026-07-17\exchange=NSE\symbol=HINDUNILVR\part-095226_463706-049709.parquet,34487,downloaded,34487,
2026-07-17,NSE,HINDUNILVR,raw_l2/trade_date=2026-07-17/exchange=NSE/symbol=HINDUNILVR/part-095756_508497-050445.parquet,real_data_sample\l2_unseen_validation\trade_date=2026-07-17\exchange=NSE\symbol=HINDUNILVR\part-095756_508497-050445.parquet,34398,downloaded,34398,
2026-07-17,NSE,HINDUNILVR,raw_l2/trade_date=2026-07-17/exchange=NSE/symbol=HINDUNILVR/part-095727_866929-050381.parquet,real_data_sample\l2_unseen_validation\trade_date=2026-07-17\exchange=NSE\symbol=HINDUNILVR\part-095727_866929-050381.parquet,34673,downloaded,34673,
2026-07-17,NSE,HINDUNILVR,raw_l2/trade_date=2026-07-17/exchange=NSE/symbol=HINDUNILVR/part-095810_742547-050477.parquet,real_data_sample\l2_unseen_validation\trade_date=2026-07-17\exchange=NSE\symbol=HINDUNILVR\part-095810_742547-050477.parquet,34328,downloaded,34328,
2026-07-17,NSE,ICICIBANK,raw_l2/trade_date=2026-07-17/exchange=NSE/symbol=ICICIBANK/part-034626_804660-000206.parquet,real_data_sample\l2_unseen_validation\trade_date=2026-07-17\exchange=NSE\symbol=ICICIBANK\part-034626_804660-000206.parquet,36653,downloaded,36653,
2026-07-17,NSE,ICICIBANK,raw_l2/trade_date=2026-07-17/exchange=NSE/symbol=ICICIBANK/part-034612_820381-000174.parquet,real_data_sample\l2_unseen_validation\trade_date=2026-07-17\exchange=NSE\symbol=ICICIBANK\part-034612_820381-000174.parquet,36715,downloaded,36715,
2026-07-17,NSE,HINDUNILVR,raw_l2/trade_date=2026-07-17/exchange=NSE/symbol=HINDUNILVR/part-100128_090035-050774.parquet,real_data_sample\l2_unseen_validation\trade_date=2026-07-17\exchange=NSE\symbol=HINDUNILVR\part-100128_090035-050774.parquet,34108,downloaded,34108,
2026-07-17,NSE,ICICIBANK,raw_l2/trade_date=2026-07-17/exchange=NSE/symbol=ICICIBANK/part-034516_712495-000046.parquet,real_data_sample\l2_unseen_validation\trade_date=2026-07-17\exchange=NSE\symbol=ICICIBANK\part-034516_712495-000046.parquet,36800,downloaded,36800,
2026-07-17,NSE,ICICIBANK,raw_l2/trade_date=2026-07-17/exchange=NSE/symbol=ICICIBANK/part-034544_415475-000110.parquet,real_data_sample\l2_unseen_validation\trade_date=2026-07-17\exchange=NSE\symbol=ICICIBANK\part-034544_415475-000110.parquet,36708,downloaded,36708,
2026-07-17,NSE,HINDUNILVR,raw_l2/trade_date=2026-07-17/exchange=NSE/symbol=HINDUNILVR/part-095839_853499-050541.parquet,real_data_sample\l2_unseen_validation\trade_date=2026-07-17\exchange=NSE\symbol=HINDUNILVR\part-095839_853499-050541.parquet,34430,downloaded,34430,
2026-07-17,NSE,ICICIBANK,raw_l2/trade_date=2026-07-17/exchange=NSE/symbol=ICICIBANK/part-034654_963438-000270.parquet,real_data_sample\l2_unseen_validation\trade_date=2026-07-17\exchange=NSE\symbol=ICICIBANK\part-034654_963438-000270.parquet,36226,downloaded,36226,
2026-07-17,NSE,ICICIBANK,raw_l2/trade_date=2026-07-17/exchange=NSE/symbol=ICICIBANK/part-034722_769306-000334.parquet,real_data_sample\l2_unseen_validation\trade_date=2026-07-17\exchange=NSE\symbol=ICICIBANK\part-034722_769306-000334.parquet,36642,downloaded,36642,
2026-07-17,NSE,ICICIBANK,raw_l2/trade_date=2026-07-17/exchange=NSE/symbol=ICICIBANK/part-034502_493996-000014.parquet,real_data_sample\l2_unseen_validation\trade_date=2026-07-17\exchange=NSE\symbol=ICICIBANK\part-034502_493996-000014.parquet,34102,downloaded,34102,
2026-07-17,NSE,ICICIBANK,raw_l2/trade_date=2026-07-17/exchange=NSE/symbol=ICICIBANK/part-034708_722236-000302.parquet,real_data_sample\l2_unseen_validation\trade_date=2026-07-17\exchange=NSE\symbol=ICICIBANK\part-034708_722236-000302.parquet,36593,downloaded,36593,
2026-07-17,NSE,ICICIBANK,raw_l2/trade_date=2026-07-17/exchange=NSE/symbol=ICICIBANK/part-034641_298409-000238.parquet,real_data_sample\l2_unseen_validation\trade_date=2026-07-17\exchange=NSE\symbol=ICICIBANK\part-034641_298409-000238.parquet,36490,downloaded,36490,
2026-07-17,NSE,HINDUNILVR,raw_l2/trade_date=2026-07-17/exchange=NSE/symbol=HINDUNILVR/part-095742_314140-050413.parquet,real_data_sample\l2_unseen_validation\trade_date=2026-07-17\exchange=NSE\symbol=HINDUNILVR\part-095742_314140-050413.parquet,34391,downloaded,34391,
2026-07-17,NSE,HINDUNILVR,raw_l2/trade_date=2026-07-17/exchange=NSE/symbol=HINDUNILVR/part-095952_242378-050701.parquet,real_data_sample\l2_unseen_validation\trade_date=2026-07-17\exchange=NSE\symbol=HINDUNILVR\part-095952_242378-050701.parquet,35805,downloaded,35805,
2026-07-17,NSE,HINDUNILVR,raw_l2/trade_date=2026-07-17/exchange=NSE/symbol=HINDUNILVR/part-100006_568289-050733.parquet,real_data_sample\l2_unseen_validation\trade_date=2026-07-17\exchange=NSE\symbol=HINDUNILVR\part-100006_568289-050733.parquet,35000,downloaded,35000,
2026-07-17,NSE,HINDUNILVR,raw_l2/trade_date=2026-07-17/exchange=NSE/symbol=HINDUNILVR/part-095923_335221-050637.parquet,real_data_sample\l2_unseen_validation\trade_date=2026-07-17\exchange=NSE\symbol=HINDUNILVR\part-095923_335221-050637.parquet,35586,downloaded,35586,
2026-07-17,NSE,HINDUNILVR,raw_l2/trade_date=2026-07-17/exchange=NSE/symbol=HINDUNILVR/part-095854_393314-050573.parquet,real_data_sample\l2_unseen_validation\trade_date=2026-07-17\exchange=NSE\symbol=HINDUNILVR\part-095854_393314-050573.parquet,34413,downloaded,34413,
2026-07-17,NSE,HINDUNILVR,raw_l2/trade_date=2026-07-17/exchange=NSE/symbol=HINDUNILVR/part-095937_877410-050669.parquet,real_data_sample\l2_unseen_validation\trade_date=2026-07-17\exchange=NSE\symbol=HINDUNILVR\part-095937_877410-050669.parquet,35604,downloaded,35604,
2026-07-17,NSE,HINDUNILVR,raw_l2/trade_date=2026-07-17/exchange=NSE/symbol=HINDUNILVR/part-095824_849856-050509.parquet,real_data_sample\l2_unseen_validation\trade_date=2026-07-17\exchange=NSE\symbol=HINDUNILVR\part-095824_849856-050509.parquet,34705,downloaded,34705,
2026-07-17,NSE,HINDUNILVR,raw_l2/trade_date=2026-07-17/exchange=NSE/symbol=HINDUNILVR/part-095908_842249-050605.parquet,real_data_sample\l2_unseen_validation\trade_date=2026-07-17\exchange=NSE\symbol=HINDUNILVR\part-095908_842249-050605.parquet,34496,downloaded,34496,
2026-07-17,NSE,ICICIBANK,raw_l2/trade_date=2026-07-17/exchange=NSE/symbol=ICICIBANK/part-034558_711070-000142.parquet,real_data_sample\l2_unseen_validation\trade_date=2026-07-17\exchange=NSE\symbol=ICICIBANK\part-034558_711070-000142.parquet,36517,downloaded,36517,
2026-07-17,NSE,ICICIBANK,raw_l2/trade_date=2026-07-17/exchange=NSE/symbol=ICICIBANK/part-034530_496161-000078.parquet,real_data_sample\l2_unseen_validation\trade_date=2026-07-17\exchange=NSE\symbol=ICICIBANK\part-034530_496161-000078.parquet,36505,downloaded,36505,
2026-07-17,NSE,ICICIBANK,raw_l2/trade_date=2026-07-17/exchange=NSE/symbol=ICICIBANK/part-034750_990701-000398.parquet,real_data_sample\l2_unseen_validation\trade_date=2026-07-17\exchange=NSE\symbol=ICICIBANK\part-034750_990701-000398.parquet,36254,downloaded,36254,
2026-07-17,NSE,ICICIBANK,raw_l2/trade_date=2026-07-17/exchange=NSE/symbol=ICICIBANK/part-034736_923602-000366.parquet,real_data_sample\l2_unseen_validation\trade_date=2026-07-17\exchange=NSE\symbol=ICICIBANK\part-034736_923602-000366.parquet,35968,downloaded,35968,
2026-07-17,NSE,ICICIBANK,raw_l2/trade_date=2026-07-17/exchange=NSE/symbol=ICICIBANK/part-034805_083573-000430.parquet,real_data_sample\l2_unseen_validation\trade_date=2026-07-17\exchange=NSE\symbol=ICICIBANK\part-034805_083573-000430.parquet,36103,downloaded,36103,
2026-07-17,NSE,ICICIBANK,raw_l2/trade_date=2026-07-17/exchange=NSE/symbol=ICICIBANK/part-034832_971221-000494.parquet,real_data_sample\l2_unseen_validation\trade_date=2026-07-17\exchange=NSE\symbol=ICICIBANK\part-034832_971221-000494.parquet,36402,downloaded,36402,
2026-07-17,NSE,ICICIBANK,raw_l2/trade_date=2026-07-17/exchange=NSE/symbol=ICICIBANK/part-034819_183587-000462.parquet,real_data_sample\l2_unseen_validation\trade_date=2026-07-17\exchange=NSE\symbol=ICICIBANK\part-034819_183587-000462.parquet,36303,downloaded,36303,
2026-07-17,NSE,ICICIBANK,raw_l2/trade_date=2026-07-17/exchange=NSE/symbol=ICICIBANK/part-034900_474538-000558.parquet,real_data_sample\l2_unseen_validation\trade_date=2026-07-17\exchange=NSE\symbol=ICICIBANK\part-034900_474538-000558.parquet,36339,downloaded,36339,
2026-07-17,NSE,ICICIBANK,raw_l2/trade_date=2026-07-17/exchange=NSE/symbol=ICICIBANK/part-035010_477185-000718.parquet,real_data_sample\l2_unseen_validation\trade_date=2026-07-17\exchange=NSE\symbol=ICICIBANK\part-035010_477185-000718.parquet,36473,downloaded,36473,
2026-07-17,NSE,ICICIBANK,raw_l2/trade_date=2026-07-17/exchange=NSE/symbol=ICICIBANK/part-035105_725581-000846.parquet,real_data_sample\l2_unseen_validation\trade_date=2026-07-17\exchange=NSE\symbol=ICICIBANK\part-035105_725581-000846.parquet,34635,downloaded,34635,
2026-07-17,NSE,ICICIBANK,raw_l2/trade_date=2026-07-17/exchange=NSE/symbol=ICICIBANK/part-034928_549321-000622.parquet,real_data_sample\l2_unseen_validation\trade_date=2026-07-17\exchange=NSE\symbol=ICICIBANK\part-034928_549321-000622.parquet,35901,downloaded,35901,
2026-07-17,NSE,ICICIBANK,raw_l2/trade_date=2026-07-17/exchange=NSE/symbol=ICICIBANK/part-035038_275642-000782.parquet,real_data_sample\l2_unseen_validation\trade_date=2026-07-17\exchange=NSE\symbol=ICICIBANK\part-035038_275642-000782.parquet,34485,downloaded,34485,
2026-07-17,NSE,ICICIBANK,raw_l2/trade_date=2026-07-17/exchange=NSE/symbol=ICICIBANK/part-034956_622764-000686.parquet,real_data_sample\l2_unseen_validation\trade_date=2026-07-17\exchange=NSE\symbol=ICICIBANK\part-034956_622764-000686.parquet,36142,downloaded,36142,
2026-07-17,NSE,ICICIBANK,raw_l2/trade_date=2026-07-17/exchange=NSE/symbol=ICICIBANK/part-034914_572387-000590.parquet,real_data_sample\l2_unseen_validation\trade_date=2026-07-17\exchange=NSE\symbol=ICICIBANK\part-034914_572387-000590.parquet,36424,downloaded,36424,
2026-07-17,NSE,ICICIBANK,raw_l2/trade_date=2026-07-17/exchange=NSE/symbol=ICICIBANK/part-035147_047402-000942.parquet,real_data_sample\l2_unseen_validation\trade_date=2026-07-17\exchange=NSE\symbol=ICICIBANK\part-035147_047402-000942.parquet,34658,downloaded,34658,
2026-07-17,NSE,ICICIBANK,raw_l2/trade_date=2026-07-17/exchange=NSE/symbol=ICICIBANK/part-035214_920736-001006.parquet,real_data_sample\l2_unseen_validation\trade_date=2026-07-17\exchange=NSE\symbol=ICICIBANK\part-035214_920736-001006.parquet,34948,downloaded,34948,
2026-07-17,NSE,ICICIBANK,raw_l2/trade_date=2026-07-17/exchange=NSE/symbol=ICICIBANK/part-035119_458815-000878.parquet,real_data_sample\l2_unseen_validation\trade_date=2026-07-17\exchange=NSE\symbol=ICICIBANK\part-035119_458815-000878.parquet,34502,downloaded,34502,
2026-07-17,NSE,ICICIBANK,raw_l2/trade_date=2026-07-17/exchange=NSE/symbol=ICICIBANK/part-034942_520692-000654.parquet,real_data_sample\l2_unseen_validation\trade_date=2026-07-17\exchange=NSE\symbol=ICICIBANK\part-034942_520692-000654.parquet,36054,downloaded,36054,
2026-07-17,NSE,ICICIBANK,raw_l2/trade_date=2026-07-17/exchange=NSE/symbol=ICICIBANK/part-035228_693576-001038.parquet,real_data_sample\l2_unseen_validation\trade_date=2026-07-17\exchange=NSE\symbol=ICICIBANK\part-035228_693576-001038.parquet,35819,downloaded,35819,
2026-07-17,NSE,ICICIBANK,raw_l2/trade_date=2026-07-17/exchange=NSE/symbol=ICICIBANK/part-035201_035054-000974.parquet,real_data_sample\l2_unseen_validation\trade_date=2026-07-17\exchange=NSE\symbol=ICICIBANK\part-035201_035054-000974.parquet,34712,downloaded,34712,
2026-07-17,NSE,ICICIBANK,raw_l2/trade_date=2026-07-17/exchange=NSE/symbol=ICICIBANK/part-035133_238432-000910.parquet,real_data_sample\l2_unseen_validation\trade_date=2026-07-17\exchange=NSE\symbol=ICICIBANK\part-035133_238432-000910.parquet,34442,downloaded,34442,
2026-07-17,NSE,ICICIBANK,raw_l2/trade_date=2026-07-17/exchange=NSE/symbol=ICICIBANK/part-035242_773587-001070.parquet,real_data_sample\l2_unseen_validation\trade_date=2026-07-17\exchange=NSE\symbol=ICICIBANK\part-035242_773587-001070.parquet,36112,downloaded,36112,
2026-07-17,NSE,ICICIBANK,raw_l2/trade_date=2026-07-17/exchange=NSE/symbol=ICICIBANK/part-035024_496186-000750.parquet,real_data_sample\l2_unseen_validation\trade_date=2026-07-17\exchange=NSE\symbol=ICICIBANK\part-035024_496186-000750.parquet,34427,downloaded,34427,
2026-07-17,NSE,ICICIBANK,raw_l2/trade_date=2026-07-17/exchange=NSE/symbol=ICICIBANK/part-035051_964751-000814.parquet,real_data_sample\l2_unseen_validation\trade_date=2026-07-17\exchange=NSE\symbol=ICICIBANK\part-035051_964751-000814.parquet,34491,downloaded,34491,
2026-07-17,NSE,ICICIBANK,raw_l2/trade_date=2026-07-17/exchange=NSE/symbol=ICICIBANK/part-035256_874664-001102.parquet,real_data_sample\l2_unseen_validation\trade_date=2026-07-17\exchange=NSE\symbol=ICICIBANK\part-035256_874664-001102.parquet,35994,downloaded,35994,
2026-07-17,NSE,ICICIBANK,raw_l2/trade_date=2026-07-17/exchange=NSE/symbol=ICICIBANK/part-034846_692342-000526.parquet,real_data_sample\l2_unseen_validation\trade_date=2026-07-17\exchange=NSE\symbol=ICICIBANK\part-034846_692342-000526.parquet,35906,downloaded,35906,
2026-07-17,NSE,HINDUNILVR,raw_l2/trade_date=2026-07-17/exchange=NSE/symbol=HINDUNILVR/part-094728_011470-049037.parquet,real_data_sample\l2_unseen_validation\trade_date=2026-07-17\exchange=NSE\symbol=HINDUNILVR\part-094728_011470-049037.parquet,35674,downloaded,35674,
2026-07-17,NSE,ICICIBANK,raw_l2/trade_date=2026-07-17/exchange=NSE/symbol=ICICIBANK/part-035310_676731-001134.parquet,real_data_sample\l2_unseen_validation\trade_date=2026-07-17\exchange=NSE\symbol=ICICIBANK\part-035310_676731-001134.parquet,36049,downloaded,36049,
2026-07-17,NSE,ICICIBANK,raw_l2/trade_date=2026-07-17/exchange=NSE/symbol=ICICIBANK/part-035324_483551-001166.parquet,real_data_sample\l2_unseen_validation\trade_date=2026-07-17\exchange=NSE\symbol=ICICIBANK\part-035324_483551-001166.parquet,34667,downloaded,34667,
2026-07-17,NSE,ICICIBANK,raw_l2/trade_date=2026-07-17/exchange=NSE/symbol=ICICIBANK/part-035338_452879-001198.parquet,real_data_sample\l2_unseen_validation\trade_date=2026-07-17\exchange=NSE\symbol=ICICIBANK\part-035338_452879-001198.parquet,34515,downloaded,34515,
2026-07-17,NSE,ICICIBANK,raw_l2/trade_date=2026-07-17/exchange=NSE/symbol=ICICIBANK/part-035352_250264-001230.parquet,real_data_sample\l2_unseen_validation\trade_date=2026-07-17\exchange=NSE\symbol=ICICIBANK\part-035352_250264-001230.parquet,34469,downloaded,34469,
2026-07-17,NSE,ICICIBANK,raw_l2/trade_date=2026-07-17/exchange=NSE/symbol=ICICIBANK/part-035406_202051-001262.parquet,real_data_sample\l2_unseen_validation\trade_date=2026-07-17\exchange=NSE\symbol=ICICIBANK\part-035406_202051-001262.parquet,34470,downloaded,34470,
2026-07-17,NSE,ICICIBANK,raw_l2/trade_date=2026-07-17/exchange=NSE/symbol=ICICIBANK/part-035447_691664-001358.parquet,real_data_sample\l2_unseen_validation\trade_date=2026-07-17\exchange=NSE\symbol=ICICIBANK\part-035447_691664-001358.parquet,34386,downloaded,34386,
2026-07-17,NSE,ICICIBANK,raw_l2/trade_date=2026-07-17/exchange=NSE/symbol=ICICIBANK/part-035419_902312-001294.parquet,real_data_sample\l2_unseen_validation\trade_date=2026-07-17\exchange=NSE\symbol=ICICIBANK\part-035419_902312-001294.parquet,34617,downloaded,34617,
2026-07-17,NSE,ICICIBANK,raw_l2/trade_date=2026-07-17/exchange=NSE/symbol=ICICIBANK/part-035501_774647-001390.parquet,real_data_sample\l2_unseen_validation\trade_date=2026-07-17\exchange=NSE\symbol=ICICIBANK\part-035501_774647-001390.parquet,34733,downloaded,34733,
2026-07-17,NSE,ICICIBANK,raw_l2/trade_date=2026-07-17/exchange=NSE/symbol=ICICIBANK/part-035433_749979-001326.parquet,real_data_sample\l2_unseen_validation\trade_date=2026-07-17\exchange=NSE\symbol=ICICIBANK\part-035433_749979-001326.parquet,34519,downloaded,34519,
2026-07-17,NSE,ICICIBANK,raw_l2/trade_date=2026-07-17/exchange=NSE/symbol=ICICIBANK/part-035543_700984-001486.parquet,real_data_sample\l2_unseen_validation\trade_date=2026-07-17\exchange=NSE\symbol=ICICIBANK\part-035543_700984-001486.parquet,34628,downloaded,34628,
2026-07-17,NSE,ICICIBANK,raw_l2/trade_date=2026-07-17/exchange=NSE/symbol=ICICIBANK/part-035707_265585-001678.parquet,real_data_sample\l2_unseen_validation\trade_date=2026-07-17\exchange=NSE\symbol=ICICIBANK\part-035707_265585-001678.parquet,34531,downloaded,34531,
2026-07-17,NSE,ICICIBANK,raw_l2/trade_date=2026-07-17/exchange=NSE/symbol=ICICIBANK/part-035625_710336-001582.parquet,real_data_sample\l2_unseen_validation\trade_date=2026-07-17\exchange=NSE\symbol=ICICIBANK\part-035625_710336-001582.parquet,34496,downloaded,34496,
2026-07-17,NSE,ICICIBANK,raw_l2/trade_date=2026-07-17/exchange=NSE/symbol=ICICIBANK/part-035653_533582-001646.parquet,real_data_sample\l2_unseen_validation\trade_date=2026-07-17\exchange=NSE\symbol=ICICIBANK\part-035653_533582-001646.parquet,34501,downloaded,34501,
2026-07-17,NSE,ICICIBANK,raw_l2/trade_date=2026-07-17/exchange=NSE/symbol=ICICIBANK/part-035529_748378-001454.parquet,real_data_sample\l2_unseen_validation\trade_date=2026-07-17\exchange=NSE\symbol=ICICIBANK\part-035529_748378-001454.parquet,34424,downloaded,34424,
2026-07-17,NSE,ICICIBANK,raw_l2/trade_date=2026-07-17/exchange=NSE/symbol=ICICIBANK/part-035639_569496-001614.parquet,real_data_sample\l2_unseen_validation\trade_date=2026-07-17\exchange=NSE\symbol=ICICIBANK\part-035639_569496-001614.parquet,34529,downloaded,34529,
2026-07-17,NSE,ICICIBANK,raw_l2/trade_date=2026-07-17/exchange=NSE/symbol=ICICIBANK/part-035515_826171-001422.parquet,real_data_sample\l2_unseen_validation\trade_date=2026-07-17\exchange=NSE\symbol=ICICIBANK\part-035515_826171-001422.parquet,34508,downloaded,34508,
2026-07-17,NSE,ICICIBANK,raw_l2/trade_date=2026-07-17/exchange=NSE/symbol=ICICIBANK/part-035557_622932-001518.parquet,real_data_sample\l2_unseen_validation\trade_date=2026-07-17\exchange=NSE\symbol=ICICIBANK\part-035557_622932-001518.parquet,34770,downloaded,34770,
2026-07-17,NSE,ICICIBANK,raw_l2/trade_date=2026-07-17/exchange=NSE/symbol=ICICIBANK/part-035721_323700-001710.parquet,real_data_sample\l2_unseen_validation\trade_date=2026-07-17\exchange=NSE\symbol=ICICIBANK\part-035721_323700-001710.parquet,35881,downloaded,35881,
2026-07-17,NSE,ICICIBANK,raw_l2/trade_date=2026-07-17/exchange=NSE/symbol=ICICIBANK/part-035803_949476-001806.parquet,real_data_sample\l2_unseen_validation\trade_date=2026-07-17\exchange=NSE\symbol=ICICIBANK\part-035803_949476-001806.parquet,35571,downloaded,35571,
2026-07-17,NSE,ICICIBANK,raw_l2/trade_date=2026-07-17/exchange=NSE/symbol=ICICIBANK/part-035611_506647-001550.parquet,real_data_sample\l2_unseen_validation\trade_date=2026-07-17\exchange=NSE\symbol=ICICIBANK\part-035611_506647-001550.parquet,34686,downloaded,34686,
2026-07-17,NSE,ICICIBANK,raw_l2/trade_date=2026-07-17/exchange=NSE/symbol=ICICIBANK/part-035735_453737-001742.parquet,real_data_sample\l2_unseen_validation\trade_date=2026-07-17\exchange=NSE\symbol=ICICIBANK\part-035735_453737-001742.parquet,35954,downloaded,35954,
2026-07-17,NSE,ICICIBANK,raw_l2/trade_date=2026-07-17/exchange=NSE/symbol=ICICIBANK/part-035749_668782-001774.parquet,real_data_sample\l2_unseen_validation\trade_date=2026-07-17\exchange=NSE\symbol=ICICIBANK\part-035749_668782-001774.parquet,36229,downloaded,36229,
2026-07-17,NSE,ICICIBANK,raw_l2/trade_date=2026-07-17/exchange=NSE/symbol=ICICIBANK/part-035832_325416-001870.parquet,real_data_sample\l2_unseen_validation\trade_date=2026-07-17\exchange=NSE\symbol=ICICIBANK\part-035832_325416-001870.parquet,34614,downloaded,34614,
2026-07-17,NSE,ICICIBANK,raw_l2/trade_date=2026-07-17/exchange=NSE/symbol=ICICIBANK/part-035846_271208-001902.parquet,real_data_sample\l2_unseen_validation\trade_date=2026-07-17\exchange=NSE\symbol=ICICIBANK\part-035846_271208-001902.parquet,34753,downloaded,34753,
2026-07-17,NSE,ICICIBANK,raw_l2/trade_date=2026-07-17/exchange=NSE/symbol=ICICIBANK/part-035818_326808-001838.parquet,real_data_sample\l2_unseen_validation\trade_date=2026-07-17\exchange=NSE\symbol=ICICIBANK\part-035818_326808-001838.parquet,35253,downloaded,35253,
2026-07-17,NSE,ICICIBANK,raw_l2/trade_date=2026-07-17/exchange=NSE/symbol=ICICIBANK/part-035928_255395-001998.parquet,real_data_sample\l2_unseen_validation\trade_date=2026-07-17\exchange=NSE\symbol=ICICIBANK\part-035928_255395-001998.parquet,34523,downloaded,34523,
2026-07-17,NSE,ICICIBANK,raw_l2/trade_date=2026-07-17/exchange=NSE/symbol=ICICIBANK/part-035900_343418-001934.parquet,real_data_sample\l2_unseen_validation\trade_date=2026-07-17\exchange=NSE\symbol=ICICIBANK\part-035900_343418-001934.parquet,34491,downloaded,34491,
2026-07-17,NSE,ICICIBANK,raw_l2/trade_date=2026-07-17/exchange=NSE/symbol=ICICIBANK/part-035914_294563-001966.parquet,real_data_sample\l2_unseen_validation\trade_date=2026-07-17\exchange=NSE\symbol=ICICIBANK\part-035914_294563-001966.parquet,34475,downloaded,34475,
2026-07-17,NSE,ICICIBANK,raw_l2/trade_date=2026-07-17/exchange=NSE/symbol=ICICIBANK/part-035942_377170-002030.parquet,real_data_sample\l2_unseen_validation\trade_date=2026-07-17\exchange=NSE\symbol=ICICIBANK\part-035942_377170-002030.parquet,34567,downloaded,34567,
2026-07-17,NSE,HINDUNILVR,raw_l2/trade_date=2026-07-17/exchange=NSE/symbol=HINDUNILVR/part-094519_942510-048749.parquet,real_data_sample\l2_unseen_validation\trade_date=2026-07-17\exchange=NSE\symbol=HINDUNILVR\part-094519_942510-048749.parquet,34510,downloaded,34510,
2026-07-17,NSE,HINDUNILVR,raw_l2/trade_date=2026-07-17/exchange=NSE/symbol=HINDUNILVR/part-094617_142824-048877.parquet,real_data_sample\l2_unseen_validation\trade_date=2026-07-17\exchange=NSE\symbol=HINDUNILVR\part-094617_142824-048877.parquet,35220,downloaded,35220,
2026-07-17,NSE,HINDUNILVR,raw_l2/trade_date=2026-07-17/exchange=NSE/symbol=HINDUNILVR/part-095047_690629-049485.parquet,real_data_sample\l2_unseen_validation\trade_date=2026-07-17\exchange=NSE\symbol=HINDUNILVR\part-095047_690629-049485.parquet,34612,downloaded,34612,
2026-07-17,NSE,HINDUNILVR,raw_l2/trade_date=2026-07-17/exchange=NSE/symbol=HINDUNILVR/part-095101_736993-049517.parquet,real_data_sample\l2_unseen_validation\trade_date=2026-07-17\exchange=NSE\symbol=HINDUNILVR\part-095101_736993-049517.parquet,34379,downloaded,34379,
2026-07-17,NSE,HINDUNILVR,raw_l2/trade_date=2026-07-17/exchange=NSE/symbol=HINDUNILVR/part-094742_274723-049069.parquet,real_data_sample\l2_unseen_validation\trade_date=2026-07-17\exchange=NSE\symbol=HINDUNILVR\part-094742_274723-049069.parquet,35896,downloaded,35896,
2026-07-17,NSE,ICICIBANK,raw_l2/trade_date=2026-07-17/exchange=NSE/symbol=ICICIBANK/part-040010_447191-002094.parquet,real_data_sample\l2_unseen_validation\trade_date=2026-07-17\exchange=NSE\symbol=ICICIBANK\part-040010_447191-002094.parquet,34440,downloaded,34440,
2026-07-17,NSE,ICICIBANK,raw_l2/trade_date=2026-07-17/exchange=NSE/symbol=ICICIBANK/part-040312_503438-002510.parquet,real_data_sample\l2_unseen_validation\trade_date=2026-07-17\exchange=NSE\symbol=ICICIBANK\part-040312_503438-002510.parquet,34690,downloaded,34690,
2026-07-17,NSE,ICICIBANK,raw_l2/trade_date=2026-07-17/exchange=NSE/symbol=ICICIBANK/part-040355_091290-002606.parquet,real_data_sample\l2_unseen_validation\trade_date=2026-07-17\exchange=NSE\symbol=ICICIBANK\part-040355_091290-002606.parquet,34685,downloaded,34685,
2026-07-17,NSE,ICICIBANK,raw_l2/trade_date=2026-07-17/exchange=NSE/symbol=ICICIBANK/part-040243_673771-002446.parquet,real_data_sample\l2_unseen_validation\trade_date=2026-07-17\exchange=NSE\symbol=ICICIBANK\part-040243_673771-002446.parquet,34484,downloaded,34484,
2026-07-17,NSE,ICICIBANK,raw_l2/trade_date=2026-07-17/exchange=NSE/symbol=ICICIBANK/part-040106_089684-002222.parquet,real_data_sample\l2_unseen_validation\trade_date=2026-07-17\exchange=NSE\symbol=ICICIBANK\part-040106_089684-002222.parquet,36086,downloaded,36086,
2026-07-17,NSE,ICICIBANK,raw_l2/trade_date=2026-07-17/exchange=NSE/symbol=ICICIBANK/part-040119_912613-002254.parquet,real_data_sample\l2_unseen_validation\trade_date=2026-07-17\exchange=NSE\symbol=ICICIBANK\part-040119_912613-002254.parquet,36039,downloaded,36039,
2026-07-17,NSE,ICICIBANK,raw_l2/trade_date=2026-07-17/exchange=NSE/symbol=ICICIBANK/part-040024_506536-002126.parquet,real_data_sample\l2_unseen_validation\trade_date=2026-07-17\exchange=NSE\symbol=ICICIBANK\part-040024_506536-002126.parquet,35711,downloaded,35711,
2026-07-17,NSE,ICICIBANK,raw_l2/trade_date=2026-07-17/exchange=NSE/symbol=ICICIBANK/part-040201_509329-002350.parquet,real_data_sample\l2_unseen_validation\trade_date=2026-07-17\exchange=NSE\symbol=ICICIBANK\part-040201_509329-002350.parquet,35766,downloaded,35766,
2026-07-17,NSE,ICICIBANK,raw_l2/trade_date=2026-07-17/exchange=NSE/symbol=ICICIBANK/part-040038_427192-002158.parquet,real_data_sample\l2_unseen_validation\trade_date=2026-07-17\exchange=NSE\symbol=ICICIBANK\part-040038_427192-002158.parquet,36319,downloaded,36319,
2026-07-17,NSE,ICICIBANK,raw_l2/trade_date=2026-07-17/exchange=NSE/symbol=ICICIBANK/part-040229_262565-002414.parquet,real_data_sample\l2_unseen_validation\trade_date=2026-07-17\exchange=NSE\symbol=ICICIBANK\part-040229_262565-002414.parquet,34506,downloaded,34506,
2026-07-17,NSE,ICICIBANK,raw_l2/trade_date=2026-07-17/exchange=NSE/symbol=ICICIBANK/part-040533_493107-002830.parquet,real_data_sample\l2_unseen_validation\trade_date=2026-07-17\exchange=NSE\symbol=ICICIBANK\part-040533_493107-002830.parquet,34686,downloaded,34686,
2026-07-17,NSE,ICICIBANK,raw_l2/trade_date=2026-07-17/exchange=NSE/symbol=ICICIBANK/part-040326_663470-002542.parquet,real_data_sample\l2_unseen_validation\trade_date=2026-07-17\exchange=NSE\symbol=ICICIBANK\part-040326_663470-002542.parquet,34587,downloaded,34587,
2026-07-17,NSE,ICICIBANK,raw_l2/trade_date=2026-07-17/exchange=NSE/symbol=ICICIBANK/part-040519_394908-002798.parquet,real_data_sample\l2_unseen_validation\trade_date=2026-07-17\exchange=NSE\symbol=ICICIBANK\part-040519_394908-002798.parquet,34688,downloaded,34688,
2026-07-17,NSE,ICICIBANK,raw_l2/trade_date=2026-07-17/exchange=NSE/symbol=ICICIBANK/part-040133_713882-002286.parquet,real_data_sample\l2_unseen_validation\trade_date=2026-07-17\exchange=NSE\symbol=ICICIBANK\part-040133_713882-002286.parquet,35949,downloaded,35949,
2026-07-17,NSE,ICICIBANK,raw_l2/trade_date=2026-07-17/exchange=NSE/symbol=ICICIBANK/part-035956_306927-002062.parquet,real_data_sample\l2_unseen_validation\trade_date=2026-07-17\exchange=NSE\symbol=ICICIBANK\part-035956_306927-002062.parquet,34729,downloaded,34729,
2026-07-17,NSE,ICICIBANK,raw_l2/trade_date=2026-07-17/exchange=NSE/symbol=ICICIBANK/part-040409_071438-002638.parquet,real_data_sample\l2_unseen_validation\trade_date=2026-07-17\exchange=NSE\symbol=ICICIBANK\part-040409_071438-002638.parquet,34692,downloaded,34692,
2026-07-17,NSE,ICICIBANK,raw_l2/trade_date=2026-07-17/exchange=NSE/symbol=ICICIBANK/part-040215_445722-002382.parquet,real_data_sample\l2_unseen_validation\trade_date=2026-07-17\exchange=NSE\symbol=ICICIBANK\part-040215_445722-002382.parquet,35296,downloaded,35296,
2026-07-17,NSE,ICICIBANK,raw_l2/trade_date=2026-07-17/exchange=NSE/symbol=ICICIBANK/part-040052_138090-002190.parquet,real_data_sample\l2_unseen_validation\trade_date=2026-07-17\exchange=NSE\symbol=ICICIBANK\part-040052_138090-002190.parquet,36273,downloaded,36273,
2026-07-17,NSE,ICICIBANK,raw_l2/trade_date=2026-07-17/exchange=NSE/symbol=ICICIBANK/part-040147_493449-002318.parquet,real_data_sample\l2_unseen_validation\trade_date=2026-07-17\exchange=NSE\symbol=ICICIBANK\part-040147_493449-002318.parquet,35821,downloaded,35821,
2026-07-17,NSE,HINDUNILVR,raw_l2/trade_date=2026-07-17/exchange=NSE/symbol=HINDUNILVR/part-094950_720949-049357.parquet,real_data_sample\l2_unseen_validation\trade_date=2026-07-17\exchange=NSE\symbol=HINDUNILVR\part-094950_720949-049357.parquet,34437,downloaded,34437,
2026-07-17,NSE,HINDUNILVR,raw_l2/trade_date=2026-07-17/exchange=NSE/symbol=HINDUNILVR/part-095004_953451-049389.parquet,real_data_sample\l2_unseen_validation\trade_date=2026-07-17\exchange=NSE\symbol=HINDUNILVR\part-095004_953451-049389.parquet,34739,downloaded,34739,
2026-07-17,NSE,ICICIBANK,raw_l2/trade_date=2026-07-17/exchange=NSE/symbol=ICICIBANK/part-040547_498434-002862.parquet,real_data_sample\l2_unseen_validation\trade_date=2026-07-17\exchange=NSE\symbol=ICICIBANK\part-040547_498434-002862.parquet,34763,downloaded,34763,
2026-07-17,NSE,ICICIBANK,raw_l2/trade_date=2026-07-17/exchange=NSE/symbol=ICICIBANK/part-040422_999449-002670.parquet,real_data_sample\l2_unseen_validation\trade_date=2026-07-17\exchange=NSE\symbol=ICICIBANK\part-040422_999449-002670.parquet,34721,downloaded,34721,
2026-07-17,NSE,ICICIBANK,raw_l2/trade_date=2026-07-17/exchange=NSE/symbol=ICICIBANK/part-040505_220531-002766.parquet,real_data_sample\l2_unseen_validation\trade_date=2026-07-17\exchange=NSE\symbol=ICICIBANK\part-040505_220531-002766.parquet,34601,downloaded,34601,
2026-07-17,NSE,ICICIBANK,raw_l2/trade_date=2026-07-17/exchange=NSE/symbol=ICICIBANK/part-040340_822902-002574.parquet,real_data_sample\l2_unseen_validation\trade_date=2026-07-17\exchange=NSE\symbol=ICICIBANK\part-040340_822902-002574.parquet,34745,downloaded,34745,
2026-07-17,NSE,ICICIBANK,raw_l2/trade_date=2026-07-17/exchange=NSE/symbol=ICICIBANK/part-040437_006787-002702.parquet,real_data_sample\l2_unseen_validation\trade_date=2026-07-17\exchange=NSE\symbol=ICICIBANK\part-040437_006787-002702.parquet,34597,downloaded,34597,
2026-07-17,NSE,ICICIBANK,raw_l2/trade_date=2026-07-17/exchange=NSE/symbol=ICICIBANK/part-040450_946166-002734.parquet,real_data_sample\l2_unseen_validation\trade_date=2026-07-17\exchange=NSE\symbol=ICICIBANK\part-040450_946166-002734.parquet,34457,downloaded,34457,
2026-07-17,NSE,ICICIBANK,raw_l2/trade_date=2026-07-17/exchange=NSE/symbol=ICICIBANK/part-040257_959483-002478.parquet,real_data_sample\l2_unseen_validation\trade_date=2026-07-17\exchange=NSE\symbol=ICICIBANK\part-040257_959483-002478.parquet,34660,downloaded,34660,
2026-07-17,NSE,ICICIBANK,raw_l2/trade_date=2026-07-17/exchange=NSE/symbol=ICICIBANK/part-040629_473303-002958.parquet,real_data_sample\l2_unseen_validation\trade_date=2026-07-17\exchange=NSE\symbol=ICICIBANK\part-040629_473303-002958.parquet,34646,downloaded,34646,
2026-07-17,NSE,ICICIBANK,raw_l2/trade_date=2026-07-17/exchange=NSE/symbol=ICICIBANK/part-040615_451435-002926.parquet,real_data_sample\l2_unseen_validation\trade_date=2026-07-17\exchange=NSE\symbol=ICICIBANK\part-040615_451435-002926.parquet,34715,downloaded,34715,
2026-07-17,NSE,ICICIBANK,raw_l2/trade_date=2026-07-17/exchange=NSE/symbol=ICICIBANK/part-040601_522517-002894.parquet,real_data_sample\l2_unseen_validation\trade_date=2026-07-17\exchange=NSE\symbol=ICICIBANK\part-040601_522517-002894.parquet,34776,downloaded,34776,
2026-07-17,NSE,ICICIBANK,raw_l2/trade_date=2026-07-17/exchange=NSE/symbol=ICICIBANK/part-040947_311849-003406.parquet,real_data_sample\l2_unseen_validation\trade_date=2026-07-17\exchange=NSE\symbol=ICICIBANK\part-040947_311849-003406.parquet,36174,downloaded,36174,
2026-07-17,NSE,ICICIBANK,raw_l2/trade_date=2026-07-17/exchange=NSE/symbol=ICICIBANK/part-040807_492401-003182.parquet,real_data_sample\l2_unseen_validation\trade_date=2026-07-17\exchange=NSE\symbol=ICICIBANK\part-040807_492401-003182.parquet,35857,downloaded,35857,
2026-07-17,NSE,ICICIBANK,raw_l2/trade_date=2026-07-17/exchange=NSE/symbol=ICICIBANK/part-040821_874734-003214.parquet,real_data_sample\l2_unseen_validation\trade_date=2026-07-17\exchange=NSE\symbol=ICICIBANK\part-040821_874734-003214.parquet,34689,downloaded,34689,
2026-07-17,NSE,ICICIBANK,raw_l2/trade_date=2026-07-17/exchange=NSE/symbol=ICICIBANK/part-041222_002921-003758.parquet,real_data_sample\l2_unseen_validation\trade_date=2026-07-17\exchange=NSE\symbol=ICICIBANK\part-041222_002921-003758.parquet,34753,downloaded,34753,
2026-07-17,NSE,ICICIBANK,raw_l2/trade_date=2026-07-17/exchange=NSE/symbol=ICICIBANK/part-040918_660738-003342.parquet,real_data_sample\l2_unseen_validation\trade_date=2026-07-17\exchange=NSE\symbol=ICICIBANK\part-040918_660738-003342.parquet,35293,downloaded,35293,
2026-07-17,NSE,ICICIBANK,raw_l2/trade_date=2026-07-17/exchange=NSE/symbol=ICICIBANK/part-040850_315067-003278.parquet,real_data_sample\l2_unseen_validation\trade_date=2026-07-17\exchange=NSE\symbol=ICICIBANK\part-040850_315067-003278.parquet,34823,downloaded,34823,
2026-07-17,NSE,ICICIBANK,raw_l2/trade_date=2026-07-17/exchange=NSE/symbol=ICICIBANK/part-040725_304577-003086.parquet,real_data_sample\l2_unseen_validation\trade_date=2026-07-17\exchange=NSE\symbol=ICICIBANK\part-040725_304577-003086.parquet,35788,downloaded,35788,
2026-07-17,NSE,ICICIBANK,raw_l2/trade_date=2026-07-17/exchange=NSE/symbol=ICICIBANK/part-041208_038053-003726.parquet,real_data_sample\l2_unseen_validation\trade_date=2026-07-17\exchange=NSE\symbol=ICICIBANK\part-041208_038053-003726.parquet,34656,downloaded,34656,
2026-07-17,NSE,ICICIBANK,raw_l2/trade_date=2026-07-17/exchange=NSE/symbol=ICICIBANK/part-040657_235254-003022.parquet,real_data_sample\l2_unseen_validation\trade_date=2026-07-17\exchange=NSE\symbol=ICICIBANK\part-040657_235254-003022.parquet,34376,downloaded,34376,
2026-07-17,NSE,ICICIBANK,raw_l2/trade_date=2026-07-17/exchange=NSE/symbol=ICICIBANK/part-041154_021482-003694.parquet,real_data_sample\l2_unseen_validation\trade_date=2026-07-17\exchange=NSE\symbol=ICICIBANK\part-041154_021482-003694.parquet,34630,downloaded,34630,
2026-07-17,NSE,ICICIBANK,raw_l2/trade_date=2026-07-17/exchange=NSE/symbol=ICICIBANK/part-040753_512586-003150.parquet,real_data_sample\l2_unseen_validation\trade_date=2026-07-17\exchange=NSE\symbol=ICICIBANK\part-040753_512586-003150.parquet,36153,downloaded,36153,
2026-07-17,NSE,ICICIBANK,raw_l2/trade_date=2026-07-17/exchange=NSE/symbol=ICICIBANK/part-041126_157863-003630.parquet,real_data_sample\l2_unseen_validation\trade_date=2026-07-17\exchange=NSE\symbol=ICICIBANK\part-041126_157863-003630.parquet,34607,downloaded,34607,
2026-07-17,NSE,ICICIBANK,raw_l2/trade_date=2026-07-17/exchange=NSE/symbol=ICICIBANK/part-040835_981857-003246.parquet,real_data_sample\l2_unseen_validation\trade_date=2026-07-17\exchange=NSE\symbol=ICICIBANK\part-040835_981857-003246.parquet,34389,downloaded,34389,
2026-07-17,NSE,ICICIBANK,raw_l2/trade_date=2026-07-17/exchange=NSE/symbol=ICICIBANK/part-040739_348501-003118.parquet,real_data_sample\l2_unseen_validation\trade_date=2026-07-17\exchange=NSE\symbol=ICICIBANK\part-040739_348501-003118.parquet,35878,downloaded,35878,
2026-07-17,NSE,ICICIBANK,raw_l2/trade_date=2026-07-17/exchange=NSE/symbol=ICICIBANK/part-041112_347347-003598.parquet,real_data_sample\l2_unseen_validation\trade_date=2026-07-17\exchange=NSE\symbol=ICICIBANK\part-041112_347347-003598.parquet,36155,downloaded,36155,
2026-07-17,NSE,ICICIBANK,raw_l2/trade_date=2026-07-17/exchange=NSE/symbol=ICICIBANK/part-040904_520369-003310.parquet,real_data_sample\l2_unseen_validation\trade_date=2026-07-17\exchange=NSE\symbol=ICICIBANK\part-040904_520369-003310.parquet,34750,downloaded,34750,
2026-07-17,NSE,ICICIBANK,raw_l2/trade_date=2026-07-17/exchange=NSE/symbol=ICICIBANK/part-041140_154384-003662.parquet,real_data_sample\l2_unseen_validation\trade_date=2026-07-17\exchange=NSE\symbol=ICICIBANK\part-041140_154384-003662.parquet,34696,downloaded,34696,
2026-07-17,NSE,ICICIBANK,raw_l2/trade_date=2026-07-17/exchange=NSE/symbol=ICICIBANK/part-041029_657649-003502.parquet,real_data_sample\l2_unseen_validation\trade_date=2026-07-17\exchange=NSE\symbol=ICICIBANK\part-041029_657649-003502.parquet,35983,downloaded,35983,
2026-07-17,NSE,ICICIBANK,raw_l2/trade_date=2026-07-17/exchange=NSE/symbol=ICICIBANK/part-041015_508255-003470.parquet,real_data_sample\l2_unseen_validation\trade_date=2026-07-17\exchange=NSE\symbol=ICICIBANK\part-041015_508255-003470.parquet,35839,downloaded,35839,
2026-07-17,NSE,ICICIBANK,raw_l2/trade_date=2026-07-17/exchange=NSE/symbol=ICICIBANK/part-041058_231209-003566.parquet,real_data_sample\l2_unseen_validation\trade_date=2026-07-17\exchange=NSE\symbol=ICICIBANK\part-041058_231209-003566.parquet,35803,downloaded,35803,
2026-07-17,NSE,ICICIBANK,raw_l2/trade_date=2026-07-17/exchange=NSE/symbol=ICICIBANK/part-041043_849231-003534.parquet,real_data_sample\l2_unseen_validation\trade_date=2026-07-17\exchange=NSE\symbol=ICICIBANK\part-041043_849231-003534.parquet,35745,downloaded,35745,
2026-07-17,NSE,ICICIBANK,raw_l2/trade_date=2026-07-17/exchange=NSE/symbol=ICICIBANK/part-041317_453253-003886.parquet,real_data_sample\l2_unseen_validation\trade_date=2026-07-17\exchange=NSE\symbol=ICICIBANK\part-041317_453253-003886.parquet,34685,downloaded,34685,
2026-07-17,NSE,ICICIBANK,raw_l2/trade_date=2026-07-17/exchange=NSE/symbol=ICICIBANK/part-041303_504477-003854.parquet,real_data_sample\l2_unseen_validation\trade_date=2026-07-17\exchange=NSE\symbol=ICICIBANK\part-041303_504477-003854.parquet,34477,downloaded,34477,
2026-07-17,NSE,ICICIBANK,raw_l2/trade_date=2026-07-17/exchange=NSE/symbol=ICICIBANK/part-041235_774561-003790.parquet,real_data_sample\l2_unseen_validation\trade_date=2026-07-17\exchange=NSE\symbol=ICICIBANK\part-041235_774561-003790.parquet,34667,downloaded,34667,
2026-07-17,NSE,ICICIBANK,raw_l2/trade_date=2026-07-17/exchange=NSE/symbol=ICICIBANK/part-040932_975145-003374.parquet,real_data_sample\l2_unseen_validation\trade_date=2026-07-17\exchange=NSE\symbol=ICICIBANK\part-040932_975145-003374.parquet,36277,downloaded,36277,
2026-07-17,NSE,ICICIBANK,raw_l2/trade_date=2026-07-17/exchange=NSE/symbol=ICICIBANK/part-041001_647688-003438.parquet,real_data_sample\l2_unseen_validation\trade_date=2026-07-17\exchange=NSE\symbol=ICICIBANK\part-041001_647688-003438.parquet,36055,downloaded,36055,
2026-07-17,NSE,ICICIBANK,raw_l2/trade_date=2026-07-17/exchange=NSE/symbol=ICICIBANK/part-041331_567095-003918.parquet,real_data_sample\l2_unseen_validation\trade_date=2026-07-17\exchange=NSE\symbol=ICICIBANK\part-041331_567095-003918.parquet,34766,downloaded,34766,
2026-07-17,NSE,ICICIBANK,raw_l2/trade_date=2026-07-17/exchange=NSE/symbol=ICICIBANK/part-040643_269983-002990.parquet,real_data_sample\l2_unseen_validation\trade_date=2026-07-17\exchange=NSE\symbol=ICICIBANK\part-040643_269983-002990.parquet,34741,downloaded,34741,
2026-07-17,NSE,ICICIBANK,raw_l2/trade_date=2026-07-17/exchange=NSE/symbol=ICICIBANK/part-040711_248574-003054.parquet,real_data_sample\l2_unseen_validation\trade_date=2026-07-17\exchange=NSE\symbol=ICICIBANK\part-040711_248574-003054.parquet,34452,downloaded,34452,
2026-07-17,NSE,ICICIBANK,raw_l2/trade_date=2026-07-17/exchange=NSE/symbol=ICICIBANK/part-041249_776526-003822.parquet,real_data_sample\l2_unseen_validation\trade_date=2026-07-17\exchange=NSE\symbol=ICICIBANK\part-041249_776526-003822.parquet,34730,downloaded,34730,
2026-07-17,NSE,ICICIBANK,raw_l2/trade_date=2026-07-17/exchange=NSE/symbol=ICICIBANK/part-041345_610733-003950.parquet,real_data_sample\l2_unseen_validation\trade_date=2026-07-17\exchange=NSE\symbol=ICICIBANK\part-041345_610733-003950.parquet,34470,downloaded,34470,
2026-07-17,NSE,ICICIBANK,raw_l2/trade_date=2026-07-17/exchange=NSE/symbol=ICICIBANK/part-041455_725632-004110.parquet,real_data_sample\l2_unseen_validation\trade_date=2026-07-17\exchange=NSE\symbol=ICICIBANK\part-041455_725632-004110.parquet,35888,downloaded,35888,
2026-07-17,NSE,ICICIBANK,raw_l2/trade_date=2026-07-17/exchange=NSE/symbol=ICICIBANK/part-041633_906568-004334.parquet,real_data_sample\l2_unseen_validation\trade_date=2026-07-17\exchange=NSE\symbol=ICICIBANK\part-041633_906568-004334.parquet,35972,downloaded,35972,
2026-07-17,NSE,ICICIBANK,raw_l2/trade_date=2026-07-17/exchange=NSE/symbol=ICICIBANK/part-041413_779509-004014.parquet,real_data_sample\l2_unseen_validation\trade_date=2026-07-17\exchange=NSE\symbol=ICICIBANK\part-041413_779509-004014.parquet,35000,downloaded,35000,
2026-07-17,NSE,ICICIBANK,raw_l2/trade_date=2026-07-17/exchange=NSE/symbol=ICICIBANK/part-041427_734470-004046.parquet,real_data_sample\l2_unseen_validation\trade_date=2026-07-17\exchange=NSE\symbol=ICICIBANK\part-041427_734470-004046.parquet,35925,downloaded,35925,
2026-07-17,NSE,ICICIBANK,raw_l2/trade_date=2026-07-17/exchange=NSE/symbol=ICICIBANK/part-041647_721737-004366.parquet,real_data_sample\l2_unseen_validation\trade_date=2026-07-17\exchange=NSE\symbol=ICICIBANK\part-041647_721737-004366.parquet,35990,downloaded,35990,
2026-07-17,NSE,ICICIBANK,raw_l2/trade_date=2026-07-17/exchange=NSE/symbol=ICICIBANK/part-041441_809700-004078.parquet,real_data_sample\l2_unseen_validation\trade_date=2026-07-17\exchange=NSE\symbol=ICICIBANK\part-041441_809700-004078.parquet,35637,downloaded,35637,
2026-07-17,NSE,ICICIBANK,raw_l2/trade_date=2026-07-17/exchange=NSE/symbol=ICICIBANK/part-041523_549346-004174.parquet,real_data_sample\l2_unseen_validation\trade_date=2026-07-17\exchange=NSE\symbol=ICICIBANK\part-041523_549346-004174.parquet,34532,downloaded,34532,
2026-07-17,NSE,ICICIBANK,raw_l2/trade_date=2026-07-17/exchange=NSE/symbol=ICICIBANK/part-041715_427960-004430.parquet,real_data_sample\l2_unseen_validation\trade_date=2026-07-17\exchange=NSE\symbol=ICICIBANK\part-041715_427960-004430.parquet,35978,downloaded,35978,
2026-07-17,NSE,ICICIBANK,raw_l2/trade_date=2026-07-17/exchange=NSE/symbol=ICICIBANK/part-041509_715214-004142.parquet,real_data_sample\l2_unseen_validation\trade_date=2026-07-17\exchange=NSE\symbol=ICICIBANK\part-041509_715214-004142.parquet,36118,downloaded,36118,
2026-07-17,NSE,ICICIBANK,raw_l2/trade_date=2026-07-17/exchange=NSE/symbol=ICICIBANK/part-041701_707826-004398.parquet,real_data_sample\l2_unseen_validation\trade_date=2026-07-17\exchange=NSE\symbol=ICICIBANK\part-041701_707826-004398.parquet,35760,downloaded,35760,
2026-07-17,NSE,ICICIBANK,raw_l2/trade_date=2026-07-17/exchange=NSE/symbol=ICICIBANK/part-041824_936072-004590.parquet,real_data_sample\l2_unseen_validation\trade_date=2026-07-17\exchange=NSE\symbol=ICICIBANK\part-041824_936072-004590.parquet,36139,downloaded,36139,
2026-07-17,NSE,ICICIBANK,raw_l2/trade_date=2026-07-17/exchange=NSE/symbol=ICICIBANK/part-041838_749809-004622.parquet,real_data_sample\l2_unseen_validation\trade_date=2026-07-17\exchange=NSE\symbol=ICICIBANK\part-041838_749809-004622.parquet,35834,downloaded,35834,
2026-07-17,NSE,ICICIBANK,raw_l2/trade_date=2026-07-17/exchange=NSE/symbol=ICICIBANK/part-041757_471970-004526.parquet,real_data_sample\l2_unseen_validation\trade_date=2026-07-17\exchange=NSE\symbol=ICICIBANK\part-041757_471970-004526.parquet,36000,downloaded,36000,
2026-07-17,NSE,ICICIBANK,raw_l2/trade_date=2026-07-17/exchange=NSE/symbol=ICICIBANK/part-041606_481027-004270.parquet,real_data_sample\l2_unseen_validation\trade_date=2026-07-17\exchange=NSE\symbol=ICICIBANK\part-041606_481027-004270.parquet,34499,downloaded,34499,
2026-07-17,NSE,ICICIBANK,raw_l2/trade_date=2026-07-17/exchange=NSE/symbol=ICICIBANK/part-041537_437497-004206.parquet,real_data_sample\l2_unseen_validation\trade_date=2026-07-17\exchange=NSE\symbol=ICICIBANK\part-041537_437497-004206.parquet,34496,downloaded,34496,
2026-07-17,NSE,ICICIBANK,raw_l2/trade_date=2026-07-17/exchange=NSE/symbol=ICICIBANK/part-041729_789506-004462.parquet,real_data_sample\l2_unseen_validation\trade_date=2026-07-17\exchange=NSE\symbol=ICICIBANK\part-041729_789506-004462.parquet,35926,downloaded,35926,
2026-07-17,NSE,ICICIBANK,raw_l2/trade_date=2026-07-17/exchange=NSE/symbol=ICICIBANK/part-041907_305689-004686.parquet,real_data_sample\l2_unseen_validation\trade_date=2026-07-17\exchange=NSE\symbol=ICICIBANK\part-041907_305689-004686.parquet,35315,downloaded,35315,
2026-07-17,NSE,ICICIBANK,raw_l2/trade_date=2026-07-17/exchange=NSE/symbol=ICICIBANK/part-041921_674212-004718.parquet,real_data_sample\l2_unseen_validation\trade_date=2026-07-17\exchange=NSE\symbol=ICICIBANK\part-041921_674212-004718.parquet,34616,downloaded,34616,
2026-07-17,NSE,ICICIBANK,raw_l2/trade_date=2026-07-17/exchange=NSE/symbol=ICICIBANK/part-041743_660362-004494.parquet,real_data_sample\l2_unseen_validation\trade_date=2026-07-17\exchange=NSE\symbol=ICICIBANK\part-041743_660362-004494.parquet,36396,downloaded,36396,
2026-07-17,NSE,ICICIBANK,raw_l2/trade_date=2026-07-17/exchange=NSE/symbol=ICICIBANK/part-041552_666980-004238.parquet,real_data_sample\l2_unseen_validation\trade_date=2026-07-17\exchange=NSE\symbol=ICICIBANK\part-041552_666980-004238.parquet,34508,downloaded,34508,
2026-07-17,NSE,ICICIBANK,raw_l2/trade_date=2026-07-17/exchange=NSE/symbol=ICICIBANK/part-041811_151795-004558.parquet,real_data_sample\l2_unseen_validation\trade_date=2026-07-17\exchange=NSE\symbol=ICICIBANK\part-041811_151795-004558.parquet,35893,downloaded,35893,
2026-07-17,NSE,ICICIBANK,raw_l2/trade_date=2026-07-17/exchange=NSE/symbol=ICICIBANK/part-042017_714895-004846.parquet,real_data_sample\l2_unseen_validation\trade_date=2026-07-17\exchange=NSE\symbol=ICICIBANK\part-042017_714895-004846.parquet,34710,downloaded,34710,
2026-07-17,NSE,ICICIBANK,raw_l2/trade_date=2026-07-17/exchange=NSE/symbol=ICICIBANK/part-041620_248567-004302.parquet,real_data_sample\l2_unseen_validation\trade_date=2026-07-17\exchange=NSE\symbol=ICICIBANK\part-041620_248567-004302.parquet,35288,downloaded,35288,
2026-07-17,NSE,ICICIBANK,raw_l2/trade_date=2026-07-17/exchange=NSE/symbol=ICICIBANK/part-041949_800150-004782.parquet,real_data_sample\l2_unseen_validation\trade_date=2026-07-17\exchange=NSE\symbol=ICICIBANK\part-041949_800150-004782.parquet,34553,downloaded,34553,
2026-07-17,NSE,ICICIBANK,raw_l2/trade_date=2026-07-17/exchange=NSE/symbol=ICICIBANK/part-042003_689263-004814.parquet,real_data_sample\l2_unseen_validation\trade_date=2026-07-17\exchange=NSE\symbol=ICICIBANK\part-042003_689263-004814.parquet,34828,downloaded,34828,
2026-07-17,NSE,ICICIBANK,raw_l2/trade_date=2026-07-17/exchange=NSE/symbol=ICICIBANK/part-041852_796858-004654.parquet,real_data_sample\l2_unseen_validation\trade_date=2026-07-17\exchange=NSE\symbol=ICICIBANK\part-041852_796858-004654.parquet,35750,downloaded,35750,
2026-07-17,NSE,ICICIBANK,raw_l2/trade_date=2026-07-17/exchange=NSE/symbol=ICICIBANK/part-041935_759233-004750.parquet,real_data_sample\l2_unseen_validation\trade_date=2026-07-17\exchange=NSE\symbol=ICICIBANK\part-041935_759233-004750.parquet,34386,downloaded,34386,
2026-07-17,NSE,ICICIBANK,raw_l2/trade_date=2026-07-17/exchange=NSE/symbol=ICICIBANK/part-042045_461874-004910.parquet,real_data_sample\l2_unseen_validation\trade_date=2026-07-17\exchange=NSE\symbol=ICICIBANK\part-042045_461874-004910.parquet,34678,downloaded,34678,
2026-07-17,NSE,ICICIBANK,raw_l2/trade_date=2026-07-17/exchange=NSE/symbol=ICICIBANK/part-042031_498439-004878.parquet,real_data_sample\l2_unseen_validation\trade_date=2026-07-17\exchange=NSE\symbol=ICICIBANK\part-042031_498439-004878.parquet,34625,downloaded,34625,
2026-07-17,NSE,ICICIBANK,raw_l2/trade_date=2026-07-17/exchange=NSE/symbol=ICICIBANK/part-042059_148402-004942.parquet,real_data_sample\l2_unseen_validation\trade_date=2026-07-17\exchange=NSE\symbol=ICICIBANK\part-042059_148402-004942.parquet,34588,downloaded,34588,
2026-07-17,NSE,ICICIBANK,raw_l2/trade_date=2026-07-17/exchange=NSE/symbol=ICICIBANK/part-042113_027631-004974.parquet,real_data_sample\l2_unseen_validation\trade_date=2026-07-17\exchange=NSE\symbol=ICICIBANK\part-042113_027631-004974.parquet,34703,downloaded,34703,
2026-07-17,NSE,ICICIBANK,raw_l2/trade_date=2026-07-17/exchange=NSE/symbol=ICICIBANK/part-041359_661211-003982.parquet,real_data_sample\l2_unseen_validation\trade_date=2026-07-17\exchange=NSE\symbol=ICICIBANK\part-041359_661211-003982.parquet,34734,downloaded,34734,
2026-07-17,NSE,ICICIBANK,raw_l2/trade_date=2026-07-17/exchange=NSE/symbol=ICICIBANK/part-042126_845226-005006.parquet,real_data_sample\l2_unseen_validation\trade_date=2026-07-17\exchange=NSE\symbol=ICICIBANK\part-042126_845226-005006.parquet,34646,downloaded,34646,
2026-07-17,NSE,ICICIBANK,raw_l2/trade_date=2026-07-17/exchange=NSE/symbol=ICICIBANK/part-042442_544360-005454.parquet,real_data_sample\l2_unseen_validation\trade_date=2026-07-17\exchange=NSE\symbol=ICICIBANK\part-042442_544360-005454.parquet,34728,downloaded,34728,
2026-07-17,NSE,ICICIBANK,raw_l2/trade_date=2026-07-17/exchange=NSE/symbol=ICICIBANK/part-042523_854930-005550.parquet,real_data_sample\l2_unseen_validation\trade_date=2026-07-17\exchange=NSE\symbol=ICICIBANK\part-042523_854930-005550.parquet,34713,downloaded,34713,
2026-07-17,NSE,ICICIBANK,raw_l2/trade_date=2026-07-17/exchange=NSE/symbol=ICICIBANK/part-042141_000331-005038.parquet,real_data_sample\l2_unseen_validation\trade_date=2026-07-17\exchange=NSE\symbol=ICICIBANK\part-042141_000331-005038.parquet,34460,downloaded,34460,
2026-07-17,NSE,ICICIBANK,raw_l2/trade_date=2026-07-17/exchange=NSE/symbol=ICICIBANK/part-042154_992383-005070.parquet,real_data_sample\l2_unseen_validation\trade_date=2026-07-17\exchange=NSE\symbol=ICICIBANK\part-042154_992383-005070.parquet,34759,downloaded,34759,
2026-07-17,NSE,ICICIBANK,raw_l2/trade_date=2026-07-17/exchange=NSE/symbol=ICICIBANK/part-042414_480735-005390.parquet,real_data_sample\l2_unseen_validation\trade_date=2026-07-17\exchange=NSE\symbol=ICICIBANK\part-042414_480735-005390.parquet,34751,downloaded,34751,
2026-07-17,NSE,ICICIBANK,raw_l2/trade_date=2026-07-17/exchange=NSE/symbol=ICICIBANK/part-042223_079893-005134.parquet,real_data_sample\l2_unseen_validation\trade_date=2026-07-17\exchange=NSE\symbol=ICICIBANK\part-042223_079893-005134.parquet,34688,downloaded,34688,
2026-07-17,NSE,ICICIBANK,raw_l2/trade_date=2026-07-17/exchange=NSE/symbol=ICICIBANK/part-042456_197305-005486.parquet,real_data_sample\l2_unseen_validation\trade_date=2026-07-17\exchange=NSE\symbol=ICICIBANK\part-042456_197305-005486.parquet,34634,downloaded,34634,
2026-07-17,NSE,ICICIBANK,raw_l2/trade_date=2026-07-17/exchange=NSE/symbol=ICICIBANK/part-042509_987753-005518.parquet,real_data_sample\l2_unseen_validation\trade_date=2026-07-17\exchange=NSE\symbol=ICICIBANK\part-042509_987753-005518.parquet,34776,downloaded,34776,
2026-07-17,NSE,ICICIBANK,raw_l2/trade_date=2026-07-17/exchange=NSE/symbol=ICICIBANK/part-042400_705548-005358.parquet,real_data_sample\l2_unseen_validation\trade_date=2026-07-17\exchange=NSE\symbol=ICICIBANK\part-042400_705548-005358.parquet,34749,downloaded,34749,
2026-07-17,NSE,ICICIBANK,raw_l2/trade_date=2026-07-17/exchange=NSE/symbol=ICICIBANK/part-042346_748866-005326.parquet,real_data_sample\l2_unseen_validation\trade_date=2026-07-17\exchange=NSE\symbol=ICICIBANK\part-042346_748866-005326.parquet,34738,downloaded,34738,
2026-07-17,NSE,ICICIBANK,raw_l2/trade_date=2026-07-17/exchange=NSE/symbol=ICICIBANK/part-042209_006352-005102.parquet,real_data_sample\l2_unseen_validation\trade_date=2026-07-17\exchange=NSE\symbol=ICICIBANK\part-042209_006352-005102.parquet,34726,downloaded,34726,
2026-07-17,NSE,ICICIBANK,raw_l2/trade_date=2026-07-17/exchange=NSE/symbol=ICICIBANK/part-042551_945582-005614.parquet,real_data_sample\l2_unseen_validation\trade_date=2026-07-17\exchange=NSE\symbol=ICICIBANK\part-042551_945582-005614.parquet,34681,downloaded,34681,
2026-07-17,NSE,ICICIBANK,raw_l2/trade_date=2026-07-17/exchange=NSE/symbol=ICICIBANK/part-042428_485121-005422.parquet,real_data_sample\l2_unseen_validation\trade_date=2026-07-17\exchange=NSE\symbol=ICICIBANK\part-042428_485121-005422.parquet,34666,downloaded,34666,
2026-07-17,NSE,ICICIBANK,raw_l2/trade_date=2026-07-17/exchange=NSE/symbol=ICICIBANK/part-042825_790389-005966.parquet,real_data_sample\l2_unseen_validation\trade_date=2026-07-17\exchange=NSE\symbol=ICICIBANK\part-042825_790389-005966.parquet,34723,downloaded,34723,
2026-07-17,NSE,ICICIBANK,raw_l2/trade_date=2026-07-17/exchange=NSE/symbol=ICICIBANK/part-042332_725377-005294.parquet,real_data_sample\l2_unseen_validation\trade_date=2026-07-17\exchange=NSE\symbol=ICICIBANK\part-042332_725377-005294.parquet,34609,downloaded,34609,
2026-07-17,NSE,ICICIBANK,raw_l2/trade_date=2026-07-17/exchange=NSE/symbol=ICICIBANK/part-042236_938783-005166.parquet,real_data_sample\l2_unseen_validation\trade_date=2026-07-17\exchange=NSE\symbol=ICICIBANK\part-042236_938783-005166.parquet,34718,downloaded,34718,
2026-07-17,NSE,ICICIBANK,raw_l2/trade_date=2026-07-17/exchange=NSE/symbol=ICICIBANK/part-042716_285629-005806.parquet,real_data_sample\l2_unseen_validation\trade_date=2026-07-17\exchange=NSE\symbol=ICICIBANK\part-042716_285629-005806.parquet,35241,downloaded,35241,
2026-07-17,NSE,ICICIBANK,raw_l2/trade_date=2026-07-17/exchange=NSE/symbol=ICICIBANK/part-042304_672124-005230.parquet,real_data_sample\l2_unseen_validation\trade_date=2026-07-17\exchange=NSE\symbol=ICICIBANK\part-042304_672124-005230.parquet,34469,downloaded,34469,
2026-07-17,NSE,ICICIBANK,raw_l2/trade_date=2026-07-17/exchange=NSE/symbol=ICICIBANK/part-042620_133246-005678.parquet,real_data_sample\l2_unseen_validation\trade_date=2026-07-17\exchange=NSE\symbol=ICICIBANK\part-042620_133246-005678.parquet,35583,downloaded,35583,
2026-07-17,NSE,ICICIBANK,raw_l2/trade_date=2026-07-17/exchange=NSE/symbol=ICICIBANK/part-042757_936550-005902.parquet,real_data_sample\l2_unseen_validation\trade_date=2026-07-17\exchange=NSE\symbol=ICICIBANK\part-042757_936550-005902.parquet,34708,downloaded,34708,
2026-07-17,NSE,ICICIBANK,raw_l2/trade_date=2026-07-17/exchange=NSE/symbol=ICICIBANK/part-042318_780410-005262.parquet,real_data_sample\l2_unseen_validation\trade_date=2026-07-17\exchange=NSE\symbol=ICICIBANK\part-042318_780410-005262.parquet,34696,downloaded,34696,
2026-07-17,NSE,ICICIBANK,raw_l2/trade_date=2026-07-17/exchange=NSE/symbol=ICICIBANK/part-042250_742951-005198.parquet,real_data_sample\l2_unseen_validation\trade_date=2026-07-17\exchange=NSE\symbol=ICICIBANK\part-042250_742951-005198.parquet,34344,downloaded,34344,
2026-07-17,NSE,ICICIBANK,raw_l2/trade_date=2026-07-17/exchange=NSE/symbol=ICICIBANK/part-042634_325755-005710.parquet,real_data_sample\l2_unseen_validation\trade_date=2026-07-17\exchange=NSE\symbol=ICICIBANK\part-042634_325755-005710.parquet,35633,downloaded,35633,
2026-07-17,NSE,ICICIBANK,raw_l2/trade_date=2026-07-17/exchange=NSE/symbol=ICICIBANK/part-042744_163533-005870.parquet,real_data_sample\l2_unseen_validation\trade_date=2026-07-17\exchange=NSE\symbol=ICICIBANK\part-042744_163533-005870.parquet,34625,downloaded,34625,
2026-07-17,NSE,ICICIBANK,raw_l2/trade_date=2026-07-17/exchange=NSE/symbol=ICICIBANK/part-042811_725969-005934.parquet,real_data_sample\l2_unseen_validation\trade_date=2026-07-17\exchange=NSE\symbol=ICICIBANK\part-042811_725969-005934.parquet,34691,downloaded,34691,
2026-07-17,NSE,ICICIBANK,raw_l2/trade_date=2026-07-17/exchange=NSE/symbol=ICICIBANK/part-042730_359633-005838.parquet,real_data_sample\l2_unseen_validation\trade_date=2026-07-17\exchange=NSE\symbol=ICICIBANK\part-042730_359633-005838.parquet,34620,downloaded,34620,
2026-07-17,NSE,ICICIBANK,raw_l2/trade_date=2026-07-17/exchange=NSE/symbol=ICICIBANK/part-042648_288822-005742.parquet,real_data_sample\l2_unseen_validation\trade_date=2026-07-17\exchange=NSE\symbol=ICICIBANK\part-042648_288822-005742.parquet,36135,downloaded,36135,
2026-07-17,NSE,ICICIBANK,raw_l2/trade_date=2026-07-17/exchange=NSE/symbol=ICICIBANK/part-042606_130324-005646.parquet,real_data_sample\l2_unseen_validation\trade_date=2026-07-17\exchange=NSE\symbol=ICICIBANK\part-042606_130324-005646.parquet,34616,downloaded,34616,
2026-07-17,NSE,ICICIBANK,raw_l2/trade_date=2026-07-17/exchange=NSE/symbol=ICICIBANK/part-042702_317160-005774.parquet,real_data_sample\l2_unseen_validation\trade_date=2026-07-17\exchange=NSE\symbol=ICICIBANK\part-042702_317160-005774.parquet,35896,downloaded,35896,
2026-07-17,NSE,ICICIBANK,raw_l2/trade_date=2026-07-17/exchange=NSE/symbol=ICICIBANK/part-042538_127330-005582.parquet,real_data_sample\l2_unseen_validation\trade_date=2026-07-17\exchange=NSE\symbol=ICICIBANK\part-042538_127330-005582.parquet,34739,downloaded,34739,
2026-07-17,NSE,ICICIBANK,raw_l2/trade_date=2026-07-17/exchange=NSE/symbol=ICICIBANK/part-042853_703553-006030.parquet,real_data_sample\l2_unseen_validation\trade_date=2026-07-17\exchange=NSE\symbol=ICICIBANK\part-042853_703553-006030.parquet,34846,downloaded,34846,
2026-07-17,NSE,ICICIBANK,raw_l2/trade_date=2026-07-17/exchange=NSE/symbol=ICICIBANK/part-042907_548528-006062.parquet,real_data_sample\l2_unseen_validation\trade_date=2026-07-17\exchange=NSE\symbol=ICICIBANK\part-042907_548528-006062.parquet,34603,downloaded,34603,
2026-07-17,NSE,ICICIBANK,raw_l2/trade_date=2026-07-17/exchange=NSE/symbol=ICICIBANK/part-042921_532442-006094.parquet,real_data_sample\l2_unseen_validation\trade_date=2026-07-17\exchange=NSE\symbol=ICICIBANK\part-042921_532442-006094.parquet,34642,downloaded,34642,
2026-07-17,NSE,ICICIBANK,raw_l2/trade_date=2026-07-17/exchange=NSE/symbol=ICICIBANK/part-043209_535295-006478.parquet,real_data_sample\l2_unseen_validation\trade_date=2026-07-17\exchange=NSE\symbol=ICICIBANK\part-043209_535295-006478.parquet,36110,downloaded,36110,
2026-07-17,NSE,ICICIBANK,raw_l2/trade_date=2026-07-17/exchange=NSE/symbol=ICICIBANK/part-042949_525943-006158.parquet,real_data_sample\l2_unseen_validation\trade_date=2026-07-17\exchange=NSE\symbol=ICICIBANK\part-042949_525943-006158.parquet,34440,downloaded,34440,
2026-07-17,NSE,ICICIBANK,raw_l2/trade_date=2026-07-17/exchange=NSE/symbol=ICICIBANK/part-043003_523944-006190.parquet,real_data_sample\l2_unseen_validation\trade_date=2026-07-17\exchange=NSE\symbol=ICICIBANK\part-043003_523944-006190.parquet,34846,downloaded,34846,
2026-07-17,NSE,ICICIBANK,raw_l2/trade_date=2026-07-17/exchange=NSE/symbol=ICICIBANK/part-043031_758620-006254.parquet,real_data_sample\l2_unseen_validation\trade_date=2026-07-17\exchange=NSE\symbol=ICICIBANK\part-043031_758620-006254.parquet,34775,downloaded,34775,
2026-07-17,NSE,ICICIBANK,raw_l2/trade_date=2026-07-17/exchange=NSE/symbol=ICICIBANK/part-043113_307685-006350.parquet,real_data_sample\l2_unseen_validation\trade_date=2026-07-17\exchange=NSE\symbol=ICICIBANK\part-043113_307685-006350.parquet,34813,downloaded,34813,
2026-07-17,NSE,ICICIBANK,raw_l2/trade_date=2026-07-17/exchange=NSE/symbol=ICICIBANK/part-043045_478270-006286.parquet,real_data_sample\l2_unseen_validation\trade_date=2026-07-17\exchange=NSE\symbol=ICICIBANK\part-043045_478270-006286.parquet,34724,downloaded,34724,
2026-07-17,NSE,ICICIBANK,raw_l2/trade_date=2026-07-17/exchange=NSE/symbol=ICICIBANK/part-043017_810344-006222.parquet,real_data_sample\l2_unseen_validation\trade_date=2026-07-17\exchange=NSE\symbol=ICICIBANK\part-043017_810344-006222.parquet,34704,downloaded,34704,
2026-07-17,NSE,ICICIBANK,raw_l2/trade_date=2026-07-17/exchange=NSE/symbol=ICICIBANK/part-043127_499144-006382.parquet,real_data_sample\l2_unseen_validation\trade_date=2026-07-17\exchange=NSE\symbol=ICICIBANK\part-043127_499144-006382.parquet,35955,downloaded,35955,
2026-07-17,NSE,ICICIBANK,raw_l2/trade_date=2026-07-17/exchange=NSE/symbol=ICICIBANK/part-043141_609937-006414.parquet,real_data_sample\l2_unseen_validation\trade_date=2026-07-17\exchange=NSE\symbol=ICICIBANK\part-043141_609937-006414.parquet,35815,downloaded,35815,
2026-07-17,NSE,ICICIBANK,raw_l2/trade_date=2026-07-17/exchange=NSE/symbol=ICICIBANK/part-043305_781580-006606.parquet,real_data_sample\l2_unseen_validation\trade_date=2026-07-17\exchange=NSE\symbol=ICICIBANK\part-043305_781580-006606.parquet,36095,downloaded,36095,
2026-07-17,NSE,ICICIBANK,raw_l2/trade_date=2026-07-17/exchange=NSE/symbol=ICICIBANK/part-043155_505132-006446.parquet,real_data_sample\l2_unseen_validation\trade_date=2026-07-17\exchange=NSE\symbol=ICICIBANK\part-043155_505132-006446.parquet,35572,downloaded,35572,
2026-07-17,NSE,ICICIBANK,raw_l2/trade_date=2026-07-17/exchange=NSE/symbol=ICICIBANK/part-043059_210279-006318.parquet,real_data_sample\l2_unseen_validation\trade_date=2026-07-17\exchange=NSE\symbol=ICICIBANK\part-043059_210279-006318.parquet,34518,downloaded,34518,
2026-07-17,NSE,ICICIBANK,raw_l2/trade_date=2026-07-17/exchange=NSE/symbol=ICICIBANK/part-043238_005280-006542.parquet,real_data_sample\l2_unseen_validation\trade_date=2026-07-17\exchange=NSE\symbol=ICICIBANK\part-043238_005280-006542.parquet,35893,downloaded,35893,
2026-07-17,NSE,ICICIBANK,raw_l2/trade_date=2026-07-17/exchange=NSE/symbol=ICICIBANK/part-043251_943140-006574.parquet,real_data_sample\l2_unseen_validation\trade_date=2026-07-17\exchange=NSE\symbol=ICICIBANK\part-043251_943140-006574.parquet,35721,downloaded,35721,
2026-07-17,NSE,ICICIBANK,raw_l2/trade_date=2026-07-17/exchange=NSE/symbol=ICICIBANK/part-042935_545096-006126.parquet,real_data_sample\l2_unseen_validation\trade_date=2026-07-17\exchange=NSE\symbol=ICICIBANK\part-042935_545096-006126.parquet,34766,downloaded,34766,
2026-07-17,NSE,ICICIBANK,raw_l2/trade_date=2026-07-17/exchange=NSE/symbol=ICICIBANK/part-043223_907965-006510.parquet,real_data_sample\l2_unseen_validation\trade_date=2026-07-17\exchange=NSE\symbol=ICICIBANK\part-043223_907965-006510.parquet,36003,downloaded,36003,
2026-07-17,NSE,ICICIBANK,raw_l2/trade_date=2026-07-17/exchange=NSE/symbol=ICICIBANK/part-042839_758645-005998.parquet,real_data_sample\l2_unseen_validation\trade_date=2026-07-17\exchange=NSE\symbol=ICICIBANK\part-042839_758645-005998.parquet,34449,downloaded,34449,
2026-07-17,NSE,ICICIBANK,raw_l2/trade_date=2026-07-17/exchange=NSE/symbol=ICICIBANK/part-043334_038478-006670.parquet,real_data_sample\l2_unseen_validation\trade_date=2026-07-17\exchange=NSE\symbol=ICICIBANK\part-043334_038478-006670.parquet,36278,downloaded,36278,
2026-07-17,NSE,ICICIBANK,raw_l2/trade_date=2026-07-17/exchange=NSE/symbol=ICICIBANK/part-043909_204369-007438.parquet,real_data_sample\l2_unseen_validation\trade_date=2026-07-17\exchange=NSE\symbol=ICICIBANK\part-043909_204369-007438.parquet,36145,downloaded,36145,
2026-07-17,NSE,ICICIBANK,raw_l2/trade_date=2026-07-17/exchange=NSE/symbol=ICICIBANK/part-043401_986374-006734.parquet,real_data_sample\l2_unseen_validation\trade_date=2026-07-17\exchange=NSE\symbol=ICICIBANK\part-043401_986374-006734.parquet,36005,downloaded,36005,
2026-07-17,NSE,ICICIBANK,raw_l2/trade_date=2026-07-17/exchange=NSE/symbol=ICICIBANK/part-043430_024656-006798.parquet,real_data_sample\l2_unseen_validation\trade_date=2026-07-17\exchange=NSE\symbol=ICICIBANK\part-043430_024656-006798.parquet,35704,downloaded,35704,
2026-07-17,NSE,ICICIBANK,raw_l2/trade_date=2026-07-17/exchange=NSE/symbol=ICICIBANK/part-043841_247853-007374.parquet,real_data_sample\l2_unseen_validation\trade_date=2026-07-17\exchange=NSE\symbol=ICICIBANK\part-043841_247853-007374.parquet,36236,downloaded,36236,
2026-07-17,NSE,ICICIBANK,raw_l2/trade_date=2026-07-17/exchange=NSE/symbol=ICICIBANK/part-043416_141461-006766.parquet,real_data_sample\l2_unseen_validation\trade_date=2026-07-17\exchange=NSE\symbol=ICICIBANK\part-043416_141461-006766.parquet,36040,downloaded,36040,
2026-07-17,NSE,ICICIBANK,raw_l2/trade_date=2026-07-17/exchange=NSE/symbol=ICICIBANK/part-044003_920944-007566.parquet,real_data_sample\l2_unseen_validation\trade_date=2026-07-17\exchange=NSE\symbol=ICICIBANK\part-044003_920944-007566.parquet,35896,downloaded,35896,
2026-07-17,NSE,ICICIBANK,raw_l2/trade_date=2026-07-17/exchange=NSE/symbol=ICICIBANK/part-043348_037248-006702.parquet,real_data_sample\l2_unseen_validation\trade_date=2026-07-17\exchange=NSE\symbol=ICICIBANK\part-043348_037248-006702.parquet,36051,downloaded,36051,
2026-07-17,NSE,ICICIBANK,raw_l2/trade_date=2026-07-17/exchange=NSE/symbol=ICICIBANK/part-043936_401985-007502.parquet,real_data_sample\l2_unseen_validation\trade_date=2026-07-17\exchange=NSE\symbol=ICICIBANK\part-043936_401985-007502.parquet,35704,downloaded,35704,
2026-07-17,NSE,ICICIBANK,raw_l2/trade_date=2026-07-17/exchange=NSE/symbol=ICICIBANK/part-043319_929895-006638.parquet,real_data_sample\l2_unseen_validation\trade_date=2026-07-17\exchange=NSE\symbol=ICICIBANK\part-043319_929895-006638.parquet,35439,downloaded,35439,
2026-07-17,NSE,ICICIBANK,raw_l2/trade_date=2026-07-17/exchange=NSE/symbol=ICICIBANK/part-044017_732504-007598.parquet,real_data_sample\l2_unseen_validation\trade_date=2026-07-17\exchange=NSE\symbol=ICICIBANK\part-044017_732504-007598.parquet,35432,downloaded,35432,
2026-07-17,NSE,ICICIBANK,raw_l2/trade_date=2026-07-17/exchange=NSE/symbol=ICICIBANK/part-043607_266345-007022.parquet,real_data_sample\l2_unseen_validation\trade_date=2026-07-17\exchange=NSE\symbol=ICICIBANK\part-043607_266345-007022.parquet,35944,downloaded,35944,
2026-07-17,NSE,ICICIBANK,raw_l2/trade_date=2026-07-17/exchange=NSE/symbol=ICICIBANK/part-043922_877364-007470.parquet,real_data_sample\l2_unseen_validation\trade_date=2026-07-17\exchange=NSE\symbol=ICICIBANK\part-043922_877364-007470.parquet,35875,downloaded,35875,
2026-07-17,NSE,ICICIBANK,raw_l2/trade_date=2026-07-17/exchange=NSE/symbol=ICICIBANK/part-043511_536630-006894.parquet,real_data_sample\l2_unseen_validation\trade_date=2026-07-17\exchange=NSE\symbol=ICICIBANK\part-043511_536630-006894.parquet,35794,downloaded,35794,
2026-07-17,NSE,ICICIBANK,raw_l2/trade_date=2026-07-17/exchange=NSE/symbol=ICICIBANK/part-043635_165738-007086.parquet,real_data_sample\l2_unseen_validation\trade_date=2026-07-17\exchange=NSE\symbol=ICICIBANK\part-043635_165738-007086.parquet,35593,downloaded,35593,
2026-07-17,NSE,ICICIBANK,raw_l2/trade_date=2026-07-17/exchange=NSE/symbol=ICICIBANK/part-043621_218367-007054.parquet,real_data_sample\l2_unseen_validation\trade_date=2026-07-17\exchange=NSE\symbol=ICICIBANK\part-043621_218367-007054.parquet,35987,downloaded,35987,
2026-07-17,NSE,ICICIBANK,raw_l2/trade_date=2026-07-17/exchange=NSE/symbol=ICICIBANK/part-043855_329788-007406.parquet,real_data_sample\l2_unseen_validation\trade_date=2026-07-17\exchange=NSE\symbol=ICICIBANK\part-043855_329788-007406.parquet,35981,downloaded,35981,
2026-07-17,NSE,ICICIBANK,raw_l2/trade_date=2026-07-17/exchange=NSE/symbol=ICICIBANK/part-043717_230809-007182.parquet,real_data_sample\l2_unseen_validation\trade_date=2026-07-17\exchange=NSE\symbol=ICICIBANK\part-043717_230809-007182.parquet,36058,downloaded,36058,
2026-07-17,NSE,ICICIBANK,raw_l2/trade_date=2026-07-17/exchange=NSE/symbol=ICICIBANK/part-043539_272372-006958.parquet,real_data_sample\l2_unseen_validation\trade_date=2026-07-17\exchange=NSE\symbol=ICICIBANK\part-043539_272372-006958.parquet,35773,downloaded,35773,
2026-07-17,NSE,ICICIBANK,raw_l2/trade_date=2026-07-17/exchange=NSE/symbol=ICICIBANK/part-043950_252161-007534.parquet,real_data_sample\l2_unseen_validation\trade_date=2026-07-17\exchange=NSE\symbol=ICICIBANK\part-043950_252161-007534.parquet,35854,downloaded,35854,
2026-07-17,NSE,ICICIBANK,raw_l2/trade_date=2026-07-17/exchange=NSE/symbol=ICICIBANK/part-043553_239331-006990.parquet,real_data_sample\l2_unseen_validation\trade_date=2026-07-17\exchange=NSE\symbol=ICICIBANK\part-043553_239331-006990.parquet,36029,downloaded,36029,
2026-07-17,NSE,ICICIBANK,raw_l2/trade_date=2026-07-17/exchange=NSE/symbol=ICICIBANK/part-043443_999803-006830.parquet,real_data_sample\l2_unseen_validation\trade_date=2026-07-17\exchange=NSE\symbol=ICICIBANK\part-043443_999803-006830.parquet,36342,downloaded,36342,
2026-07-17,NSE,ICICIBANK,raw_l2/trade_date=2026-07-17/exchange=NSE/symbol=ICICIBANK/part-043758_698317-007278.parquet,real_data_sample\l2_unseen_validation\trade_date=2026-07-17\exchange=NSE\symbol=ICICIBANK\part-043758_698317-007278.parquet,36087,downloaded,36087,
2026-07-17,NSE,ICICIBANK,raw_l2/trade_date=2026-07-17/exchange=NSE/symbol=ICICIBANK/part-043731_096890-007214.parquet,real_data_sample\l2_unseen_validation\trade_date=2026-07-17\exchange=NSE\symbol=ICICIBANK\part-043731_096890-007214.parquet,35913,downloaded,35913,
2026-07-17,NSE,ICICIBANK,raw_l2/trade_date=2026-07-17/exchange=NSE/symbol=ICICIBANK/part-043457_819590-006862.parquet,real_data_sample\l2_unseen_validation\trade_date=2026-07-17\exchange=NSE\symbol=ICICIBANK\part-043457_819590-006862.parquet,36097,downloaded,36097,
2026-07-17,NSE,ICICIBANK,raw_l2/trade_date=2026-07-17/exchange=NSE/symbol=ICICIBANK/part-043827_119507-007342.parquet,real_data_sample\l2_unseen_validation\trade_date=2026-07-17\exchange=NSE\symbol=ICICIBANK\part-043827_119507-007342.parquet,36570,downloaded,36570,
2026-07-17,NSE,ICICIBANK,raw_l2/trade_date=2026-07-17/exchange=NSE/symbol=ICICIBANK/part-043812_502755-007310.parquet,real_data_sample\l2_unseen_validation\trade_date=2026-07-17\exchange=NSE\symbol=ICICIBANK\part-043812_502755-007310.parquet,35563,downloaded,35563,
2026-07-17,NSE,ICICIBANK,raw_l2/trade_date=2026-07-17/exchange=NSE/symbol=ICICIBANK/part-043744_982331-007246.parquet,real_data_sample\l2_unseen_validation\trade_date=2026-07-17\exchange=NSE\symbol=ICICIBANK\part-043744_982331-007246.parquet,36403,downloaded,36403,
2026-07-17,NSE,ICICIBANK,raw_l2/trade_date=2026-07-17/exchange=NSE/symbol=ICICIBANK/part-043525_503195-006926.parquet,real_data_sample\l2_unseen_validation\trade_date=2026-07-17\exchange=NSE\symbol=ICICIBANK\part-043525_503195-006926.parquet,35871,downloaded,35871,
2026-07-17,NSE,ICICIBANK,raw_l2/trade_date=2026-07-17/exchange=NSE/symbol=ICICIBANK/part-043703_253266-007150.parquet,real_data_sample\l2_unseen_validation\trade_date=2026-07-17\exchange=NSE\symbol=ICICIBANK\part-043703_253266-007150.parquet,36545,downloaded,36545,
2026-07-17,NSE,ICICIBANK,raw_l2/trade_date=2026-07-17/exchange=NSE/symbol=ICICIBANK/part-043649_333523-007118.parquet,real_data_sample\l2_unseen_validation\trade_date=2026-07-17\exchange=NSE\symbol=ICICIBANK\part-043649_333523-007118.parquet,36203,downloaded,36203,
2026-07-17,NSE,ICICIBANK,raw_l2/trade_date=2026-07-17/exchange=NSE/symbol=ICICIBANK/part-044412_462733-008142.parquet,real_data_sample\l2_unseen_validation\trade_date=2026-07-17\exchange=NSE\symbol=ICICIBANK\part-044412_462733-008142.parquet,35952,downloaded,35952,
2026-07-17,NSE,ICICIBANK,raw_l2/trade_date=2026-07-17/exchange=NSE/symbol=ICICIBANK/part-044045_219135-007662.parquet,real_data_sample\l2_unseen_validation\trade_date=2026-07-17\exchange=NSE\symbol=ICICIBANK\part-044045_219135-007662.parquet,34748,downloaded,34748,
2026-07-17,NSE,ICICIBANK,raw_l2/trade_date=2026-07-17/exchange=NSE/symbol=ICICIBANK/part-044644_267232-008494.parquet,real_data_sample\l2_unseen_validation\trade_date=2026-07-17\exchange=NSE\symbol=ICICIBANK\part-044644_267232-008494.parquet,35806,downloaded,35806,
2026-07-17,NSE,ICICIBANK,raw_l2/trade_date=2026-07-17/exchange=NSE/symbol=ICICIBANK/part-044207_654162-007854.parquet,real_data_sample\l2_unseen_validation\trade_date=2026-07-17\exchange=NSE\symbol=ICICIBANK\part-044207_654162-007854.parquet,34755,downloaded,34755,
2026-07-17,NSE,ICICIBANK,raw_l2/trade_date=2026-07-17/exchange=NSE/symbol=ICICIBANK/part-044153_929174-007822.parquet,real_data_sample\l2_unseen_validation\trade_date=2026-07-17\exchange=NSE\symbol=ICICIBANK\part-044153_929174-007822.parquet,34556,downloaded,34556,
2026-07-17,NSE,ICICIBANK,raw_l2/trade_date=2026-07-17/exchange=NSE/symbol=ICICIBANK/part-044521_442718-008302.parquet,real_data_sample\l2_unseen_validation\trade_date=2026-07-17\exchange=NSE\symbol=ICICIBANK\part-044521_442718-008302.parquet,35518,downloaded,35518,
2026-07-17,NSE,ICICIBANK,raw_l2/trade_date=2026-07-17/exchange=NSE/symbol=ICICIBANK/part-044548_965480-008366.parquet,real_data_sample\l2_unseen_validation\trade_date=2026-07-17\exchange=NSE\symbol=ICICIBANK\part-044548_965480-008366.parquet,35801,downloaded,35801,
2026-07-17,NSE,ICICIBANK,raw_l2/trade_date=2026-07-17/exchange=NSE/symbol=ICICIBANK/part-044453_943838-008238.parquet,real_data_sample\l2_unseen_validation\trade_date=2026-07-17\exchange=NSE\symbol=ICICIBANK\part-044453_943838-008238.parquet,35669,downloaded,35669,
2026-07-17,NSE,ICICIBANK,raw_l2/trade_date=2026-07-17/exchange=NSE/symbol=ICICIBANK/part-044221_483087-007886.parquet,real_data_sample\l2_unseen_validation\trade_date=2026-07-17\exchange=NSE\symbol=ICICIBANK\part-044221_483087-007886.parquet,34786,downloaded,34786,
2026-07-17,NSE,ICICIBANK,raw_l2/trade_date=2026-07-17/exchange=NSE/symbol=ICICIBANK/part-044235_463126-007918.parquet,real_data_sample\l2_unseen_validation\trade_date=2026-07-17\exchange=NSE\symbol=ICICIBANK\part-044235_463126-007918.parquet,34777,downloaded,34777,
2026-07-17,NSE,ICICIBANK,raw_l2/trade_date=2026-07-17/exchange=NSE/symbol=ICICIBANK/part-044331_158215-008046.parquet,real_data_sample\l2_unseen_validation\trade_date=2026-07-17\exchange=NSE\symbol=ICICIBANK\part-044331_158215-008046.parquet,36001,downloaded,36001,
2026-07-17,NSE,ICICIBANK,raw_l2/trade_date=2026-07-17/exchange=NSE/symbol=ICICIBANK/part-044630_477186-008462.parquet,real_data_sample\l2_unseen_validation\trade_date=2026-07-17\exchange=NSE\symbol=ICICIBANK\part-044630_477186-008462.parquet,36146,downloaded,36146,
2026-07-17,NSE,ICICIBANK,raw_l2/trade_date=2026-07-17/exchange=NSE/symbol=ICICIBANK/part-044602_800198-008398.parquet,real_data_sample\l2_unseen_validation\trade_date=2026-07-17\exchange=NSE\symbol=ICICIBANK\part-044602_800198-008398.parquet,35736,downloaded,35736,
2026-07-17,NSE,ICICIBANK,raw_l2/trade_date=2026-07-17/exchange=NSE/symbol=ICICIBANK/part-044616_689339-008430.parquet,real_data_sample\l2_unseen_validation\trade_date=2026-07-17\exchange=NSE\symbol=ICICIBANK\part-044616_689339-008430.parquet,35874,downloaded,35874,
2026-07-17,NSE,ICICIBANK,raw_l2/trade_date=2026-07-17/exchange=NSE/symbol=ICICIBANK/part-044507_679999-008270.parquet,real_data_sample\l2_unseen_validation\trade_date=2026-07-17\exchange=NSE\symbol=ICICIBANK\part-044507_679999-008270.parquet,35878,downloaded,35878,
2026-07-17,NSE,ICICIBANK,raw_l2/trade_date=2026-07-17/exchange=NSE/symbol=ICICIBANK/part-044535_171194-008334.parquet,real_data_sample\l2_unseen_validation\trade_date=2026-07-17\exchange=NSE\symbol=ICICIBANK\part-044535_171194-008334.parquet,35751,downloaded,35751,
2026-07-17,NSE,ICICIBANK,raw_l2/trade_date=2026-07-17/exchange=NSE/symbol=ICICIBANK/part-044031_477785-007630.parquet,real_data_sample\l2_unseen_validation\trade_date=2026-07-17\exchange=NSE\symbol=ICICIBANK\part-044031_477785-007630.parquet,34706,downloaded,34706,
2026-07-17,NSE,ICICIBANK,raw_l2/trade_date=2026-07-17/exchange=NSE/symbol=ICICIBANK/part-044753_673987-008654.parquet,real_data_sample\l2_unseen_validation\trade_date=2026-07-17\exchange=NSE\symbol=ICICIBANK\part-044753_673987-008654.parquet,36083,downloaded,36083,
2026-07-17,NSE,ICICIBANK,raw_l2/trade_date=2026-07-17/exchange=NSE/symbol=ICICIBANK/part-044807_461120-008686.parquet,real_data_sample\l2_unseen_validation\trade_date=2026-07-17\exchange=NSE\symbol=ICICIBANK\part-044807_461120-008686.parquet,35692,downloaded,35692,
2026-07-17,NSE,ICICIBANK,raw_l2/trade_date=2026-07-17/exchange=NSE/symbol=ICICIBANK/part-044943_971735-008910.parquet,real_data_sample\l2_unseen_validation\trade_date=2026-07-17\exchange=NSE\symbol=ICICIBANK\part-044943_971735-008910.parquet,35729,downloaded,35729,
2026-07-17,NSE,ICICIBANK,raw_l2/trade_date=2026-07-17/exchange=NSE/symbol=ICICIBANK/part-045011_398722-008974.parquet,real_data_sample\l2_unseen_validation\trade_date=2026-07-17\exchange=NSE\symbol=ICICIBANK\part-045011_398722-008974.parquet,35687,downloaded,35687,
2026-07-17,NSE,ICICIBANK,raw_l2/trade_date=2026-07-17/exchange=NSE/symbol=ICICIBANK/part-044930_232713-008878.parquet,real_data_sample\l2_unseen_validation\trade_date=2026-07-17\exchange=NSE\symbol=ICICIBANK\part-044930_232713-008878.parquet,35976,downloaded,35976,
2026-07-17,NSE,ICICIBANK,raw_l2/trade_date=2026-07-17/exchange=NSE/symbol=ICICIBANK/part-044848_939545-008782.parquet,real_data_sample\l2_unseen_validation\trade_date=2026-07-17\exchange=NSE\symbol=ICICIBANK\part-044848_939545-008782.parquet,35640,downloaded,35640,
2026-07-17,NSE,ICICIBANK,raw_l2/trade_date=2026-07-17/exchange=NSE/symbol=ICICIBANK/part-044957_682738-008942.parquet,real_data_sample\l2_unseen_validation\trade_date=2026-07-17\exchange=NSE\symbol=ICICIBANK\part-044957_682738-008942.parquet,35376,downloaded,35376,
2026-07-17,NSE,ICICIBANK,raw_l2/trade_date=2026-07-17/exchange=NSE/symbol=ICICIBANK/part-044916_457480-008846.parquet,real_data_sample\l2_unseen_validation\trade_date=2026-07-17\exchange=NSE\symbol=ICICIBANK\part-044916_457480-008846.parquet,36062,downloaded,36062,
2026-07-17,NSE,ICICIBANK,raw_l2/trade_date=2026-07-17/exchange=NSE/symbol=ICICIBANK/part-045038_653146-009038.parquet,real_data_sample\l2_unseen_validation\trade_date=2026-07-17\exchange=NSE\symbol=ICICIBANK\part-045038_653146-009038.parquet,34664,downloaded,34664,
2026-07-17,NSE,ICICIBANK,raw_l2/trade_date=2026-07-17/exchange=NSE/symbol=ICICIBANK/part-044902_705723-008814.parquet,real_data_sample\l2_unseen_validation\trade_date=2026-07-17\exchange=NSE\symbol=ICICIBANK\part-044902_705723-008814.parquet,35716,downloaded,35716,
2026-07-17,NSE,ICICIBANK,raw_l2/trade_date=2026-07-17/exchange=NSE/symbol=ICICIBANK/part-045052_400448-009070.parquet,real_data_sample\l2_unseen_validation\trade_date=2026-07-17\exchange=NSE\symbol=ICICIBANK\part-045052_400448-009070.parquet,34652,downloaded,34652,
2026-07-17,NSE,ICICIBANK,raw_l2/trade_date=2026-07-17/exchange=NSE/symbol=ICICIBANK/part-045120_433081-009134.parquet,real_data_sample\l2_unseen_validation\trade_date=2026-07-17\exchange=NSE\symbol=ICICIBANK\part-045120_433081-009134.parquet,34764,downloaded,34764,
2026-07-17,NSE,ICICIBANK,raw_l2/trade_date=2026-07-17/exchange=NSE/symbol=ICICIBANK/part-044835_248833-008750.parquet,real_data_sample\l2_unseen_validation\trade_date=2026-07-17\exchange=NSE\symbol=ICICIBANK\part-044835_248833-008750.parquet,35708,downloaded,35708,
2026-07-17,NSE,ICICIBANK,raw_l2/trade_date=2026-07-17/exchange=NSE/symbol=ICICIBANK/part-045106_399184-009102.parquet,real_data_sample\l2_unseen_validation\trade_date=2026-07-17\exchange=NSE\symbol=ICICIBANK\part-045106_399184-009102.parquet,34739,downloaded,34739,
2026-07-17,NSE,ICICIBANK,raw_l2/trade_date=2026-07-17/exchange=NSE/symbol=ICICIBANK/part-045025_113698-009006.parquet,real_data_sample\l2_unseen_validation\trade_date=2026-07-17\exchange=NSE\symbol=ICICIBANK\part-045025_113698-009006.parquet,34639,downloaded,34639,
2026-07-17,NSE,ICICIBANK,raw_l2/trade_date=2026-07-17/exchange=NSE/symbol=ICICIBANK/part-044821_244889-008718.parquet,real_data_sample\l2_unseen_validation\trade_date=2026-07-17\exchange=NSE\symbol=ICICIBANK\part-044821_244889-008718.parquet,35757,downloaded,35757,
2026-07-17,NSE,ICICIBANK,raw_l2/trade_date=2026-07-17/exchange=NSE/symbol=ICICIBANK/part-045148_211959-009198.parquet,real_data_sample\l2_unseen_validation\trade_date=2026-07-17\exchange=NSE\symbol=ICICIBANK\part-045148_211959-009198.parquet,34662,downloaded,34662,
2026-07-17,NSE,ICICIBANK,raw_l2/trade_date=2026-07-17/exchange=NSE/symbol=ICICIBANK/part-045202_324140-009230.parquet,real_data_sample\l2_unseen_validation\trade_date=2026-07-17\exchange=NSE\symbol=ICICIBANK\part-045202_324140-009230.parquet,34734,downloaded,34734,
2026-07-17,NSE,ICICIBANK,raw_l2/trade_date=2026-07-17/exchange=NSE/symbol=ICICIBANK/part-045216_135703-009262.parquet,real_data_sample\l2_unseen_validation\trade_date=2026-07-17\exchange=NSE\symbol=ICICIBANK\part-045216_135703-009262.parquet,34701,downloaded,34701,
2026-07-17,NSE,ICICIBANK,raw_l2/trade_date=2026-07-17/exchange=NSE/symbol=ICICIBANK/part-045134_326928-009166.parquet,real_data_sample\l2_unseen_validation\trade_date=2026-07-17\exchange=NSE\symbol=ICICIBANK\part-045134_326928-009166.parquet,34539,downloaded,34539,
2026-07-17,NSE,ICICIBANK,raw_l2/trade_date=2026-07-17/exchange=NSE/symbol=ICICIBANK/part-045243_715212-009326.parquet,real_data_sample\l2_unseen_validation\trade_date=2026-07-17\exchange=NSE\symbol=ICICIBANK\part-045243_715212-009326.parquet,34658,downloaded,34658,
2026-07-17,NSE,ICICIBANK,raw_l2/trade_date=2026-07-17/exchange=NSE/symbol=ICICIBANK/part-045325_746435-009422.parquet,real_data_sample\l2_unseen_validation\trade_date=2026-07-17\exchange=NSE\symbol=ICICIBANK\part-045325_746435-009422.parquet,34658,downloaded,34658,
2026-07-17,NSE,ICICIBANK,raw_l2/trade_date=2026-07-17/exchange=NSE/symbol=ICICIBANK/part-045257_762955-009358.parquet,real_data_sample\l2_unseen_validation\trade_date=2026-07-17\exchange=NSE\symbol=ICICIBANK\part-045257_762955-009358.parquet,34549,downloaded,34549,
2026-07-17,NSE,ICICIBANK,raw_l2/trade_date=2026-07-17/exchange=NSE/symbol=ICICIBANK/part-045311_734822-009390.parquet,real_data_sample\l2_unseen_validation\trade_date=2026-07-17\exchange=NSE\symbol=ICICIBANK\part-045311_734822-009390.parquet,34765,downloaded,34765,
2026-07-17,NSE,ICICIBANK,raw_l2/trade_date=2026-07-17/exchange=NSE/symbol=ICICIBANK/part-045229_990783-009294.parquet,real_data_sample\l2_unseen_validation\trade_date=2026-07-17\exchange=NSE\symbol=ICICIBANK\part-045229_990783-009294.parquet,34672,downloaded,34672,
2026-07-17,NSE,ICICIBANK,raw_l2/trade_date=2026-07-17/exchange=NSE/symbol=ICICIBANK/part-045559_735570-009774.parquet,real_data_sample\l2_unseen_validation\trade_date=2026-07-17\exchange=NSE\symbol=ICICIBANK\part-045559_735570-009774.parquet,34828,downloaded,34828,
2026-07-17,NSE,ICICIBANK,raw_l2/trade_date=2026-07-17/exchange=NSE/symbol=ICICIBANK/part-045339_481128-009454.parquet,real_data_sample\l2_unseen_validation\trade_date=2026-07-17\exchange=NSE\symbol=ICICIBANK\part-045339_481128-009454.parquet,34660,downloaded,34660,
2026-07-17,NSE,ICICIBANK,raw_l2/trade_date=2026-07-17/exchange=NSE/symbol=ICICIBANK/part-045421_588856-009550.parquet,real_data_sample\l2_unseen_validation\trade_date=2026-07-17\exchange=NSE\symbol=ICICIBANK\part-045421_588856-009550.parquet,35870,downloaded,35870,
2026-07-17,NSE,ICICIBANK,raw_l2/trade_date=2026-07-17/exchange=NSE/symbol=ICICIBANK/part-045435_518839-009582.parquet,real_data_sample\l2_unseen_validation\trade_date=2026-07-17\exchange=NSE\symbol=ICICIBANK\part-045435_518839-009582.parquet,35486,downloaded,35486,
2026-07-17,NSE,ICICIBANK,raw_l2/trade_date=2026-07-17/exchange=NSE/symbol=ICICIBANK/part-045449_568988-009614.parquet,real_data_sample\l2_unseen_validation\trade_date=2026-07-17\exchange=NSE\symbol=ICICIBANK\part-045449_568988-009614.parquet,35515,downloaded,35515,
2026-07-17,NSE,ICICIBANK,raw_l2/trade_date=2026-07-17/exchange=NSE/symbol=ICICIBANK/part-045503_621005-009646.parquet,real_data_sample\l2_unseen_validation\trade_date=2026-07-17\exchange=NSE\symbol=ICICIBANK\part-045503_621005-009646.parquet,35588,downloaded,35588,
2026-07-17,NSE,ICICIBANK,raw_l2/trade_date=2026-07-17/exchange=NSE/symbol=ICICIBANK/part-045517_841196-009678.parquet,real_data_sample\l2_unseen_validation\trade_date=2026-07-17\exchange=NSE\symbol=ICICIBANK\part-045517_841196-009678.parquet,35256,downloaded,35256,
2026-07-17,NSE,ICICIBANK,raw_l2/trade_date=2026-07-17/exchange=NSE/symbol=ICICIBANK/part-045353_553226-009486.parquet,real_data_sample\l2_unseen_validation\trade_date=2026-07-17\exchange=NSE\symbol=ICICIBANK\part-045353_553226-009486.parquet,34721,downloaded,34721,
2026-07-17,NSE,ICICIBANK,raw_l2/trade_date=2026-07-17/exchange=NSE/symbol=ICICIBANK/part-045531_756172-009710.parquet,real_data_sample\l2_unseen_validation\trade_date=2026-07-17\exchange=NSE\symbol=ICICIBANK\part-045531_756172-009710.parquet,34754,downloaded,34754,
2026-07-17,NSE,ICICIBANK,raw_l2/trade_date=2026-07-17/exchange=NSE/symbol=ICICIBANK/part-045545_749173-009742.parquet,real_data_sample\l2_unseen_validation\trade_date=2026-07-17\exchange=NSE\symbol=ICICIBANK\part-045545_749173-009742.parquet,34722,downloaded,34722,
2026-07-17,NSE,ICICIBANK,raw_l2/trade_date=2026-07-17/exchange=NSE/symbol=ICICIBANK/part-045407_533155-009518.parquet,real_data_sample\l2_unseen_validation\trade_date=2026-07-17\exchange=NSE\symbol=ICICIBANK\part-045407_533155-009518.parquet,34949,downloaded,34949,
2026-07-17,NSE,ICICIBANK,raw_l2/trade_date=2026-07-17/exchange=NSE/symbol=ICICIBANK/part-045627_933120-009838.parquet,real_data_sample\l2_unseen_validation\trade_date=2026-07-17\exchange=NSE\symbol=ICICIBANK\part-045627_933120-009838.parquet,36414,downloaded,36414,
2026-07-17,NSE,ICICIBANK,raw_l2/trade_date=2026-07-17/exchange=NSE/symbol=ICICIBANK/part-045656_476037-009902.parquet,real_data_sample\l2_unseen_validation\trade_date=2026-07-17\exchange=NSE\symbol=ICICIBANK\part-045656_476037-009902.parquet,36001,downloaded,36001,
2026-07-17,NSE,ICICIBANK,raw_l2/trade_date=2026-07-17/exchange=NSE/symbol=ICICIBANK/part-045642_060695-009870.parquet,real_data_sample\l2_unseen_validation\trade_date=2026-07-17\exchange=NSE\symbol=ICICIBANK\part-045642_060695-009870.parquet,36056,downloaded,36056,
2026-07-17,NSE,ICICIBANK,raw_l2/trade_date=2026-07-17/exchange=NSE/symbol=ICICIBANK/part-045931_430046-010254.parquet,real_data_sample\l2_unseen_validation\trade_date=2026-07-17\exchange=NSE\symbol=ICICIBANK\part-045931_430046-010254.parquet,35708,downloaded,35708,
2026-07-17,NSE,ICICIBANK,raw_l2/trade_date=2026-07-17/exchange=NSE/symbol=ICICIBANK/part-045821_197847-010094.parquet,real_data_sample\l2_unseen_validation\trade_date=2026-07-17\exchange=NSE\symbol=ICICIBANK\part-045821_197847-010094.parquet,36134,downloaded,36134,
2026-07-17,NSE,ICICIBANK,raw_l2/trade_date=2026-07-17/exchange=NSE/symbol=ICICIBANK/part-045753_020467-010030.parquet,real_data_sample\l2_unseen_validation\trade_date=2026-07-17\exchange=NSE\symbol=ICICIBANK\part-045753_020467-010030.parquet,36496,downloaded,36496,
2026-07-17,NSE,ICICIBANK,raw_l2/trade_date=2026-07-17/exchange=NSE/symbol=ICICIBANK/part-045849_691875-010158.parquet,real_data_sample\l2_unseen_validation\trade_date=2026-07-17\exchange=NSE\symbol=ICICIBANK\part-045849_691875-010158.parquet,35691,downloaded,35691,
2026-07-17,NSE,ICICIBANK,raw_l2/trade_date=2026-07-17/exchange=NSE/symbol=ICICIBANK/part-045710_608009-009934.parquet,real_data_sample\l2_unseen_validation\trade_date=2026-07-17\exchange=NSE\symbol=ICICIBANK\part-045710_608009-009934.parquet,36003,downloaded,36003,
2026-07-17,NSE,ICICIBANK,raw_l2/trade_date=2026-07-17/exchange=NSE/symbol=ICICIBANK/part-045945_552059-010286.parquet,real_data_sample\l2_unseen_validation\trade_date=2026-07-17\exchange=NSE\symbol=ICICIBANK\part-045945_552059-010286.parquet,35585,downloaded,35585,
2026-07-17,NSE,ICICIBANK,raw_l2/trade_date=2026-07-17/exchange=NSE/symbol=ICICIBANK/part-045724_825311-009966.parquet,real_data_sample\l2_unseen_validation\trade_date=2026-07-17\exchange=NSE\symbol=ICICIBANK\part-045724_825311-009966.parquet,36037,downloaded,36037,
2026-07-17,NSE,ICICIBANK,raw_l2/trade_date=2026-07-17/exchange=NSE/symbol=ICICIBANK/part-045738_801500-009998.parquet,real_data_sample\l2_unseen_validation\trade_date=2026-07-17\exchange=NSE\symbol=ICICIBANK\part-045738_801500-009998.parquet,36408,downloaded,36408,
2026-07-17,NSE,ICICIBANK,raw_l2/trade_date=2026-07-17/exchange=NSE/symbol=ICICIBANK/part-045917_248863-010222.parquet,real_data_sample\l2_unseen_validation\trade_date=2026-07-17\exchange=NSE\symbol=ICICIBANK\part-045917_248863-010222.parquet,36102,downloaded,36102,
2026-07-17,NSE,ICICIBANK,raw_l2/trade_date=2026-07-17/exchange=NSE/symbol=ICICIBANK/part-045613_761335-009806.parquet,real_data_sample\l2_unseen_validation\trade_date=2026-07-17\exchange=NSE\symbol=ICICIBANK\part-045613_761335-009806.parquet,35167,downloaded,35167,
2026-07-17,NSE,ICICIBANK,raw_l2/trade_date=2026-07-17/exchange=NSE/symbol=ICICIBANK/part-045903_442067-010190.parquet,real_data_sample\l2_unseen_validation\trade_date=2026-07-17\exchange=NSE\symbol=ICICIBANK\part-045903_442067-010190.parquet,35883,downloaded,35883,
2026-07-17,NSE,ICICIBANK,raw_l2/trade_date=2026-07-17/exchange=NSE/symbol=ICICIBANK/part-045807_092901-010062.parquet,real_data_sample\l2_unseen_validation\trade_date=2026-07-17\exchange=NSE\symbol=ICICIBANK\part-045807_092901-010062.parquet,36279,downloaded,36279,
2026-07-17,NSE,ICICIBANK,raw_l2/trade_date=2026-07-17/exchange=NSE/symbol=ICICIBANK/part-045835_327883-010126.parquet,real_data_sample\l2_unseen_validation\trade_date=2026-07-17\exchange=NSE\symbol=ICICIBANK\part-045835_327883-010126.parquet,36345,downloaded,36345,
2026-07-17,NSE,ICICIBANK,raw_l2/trade_date=2026-07-17/exchange=NSE/symbol=ICICIBANK/part-045959_845623-010318.parquet,real_data_sample\l2_unseen_validation\trade_date=2026-07-17\exchange=NSE\symbol=ICICIBANK\part-045959_845623-010318.parquet,35681,downloaded,35681,
2026-07-17,NSE,ICICIBANK,raw_l2/trade_date=2026-07-17/exchange=NSE/symbol=ICICIBANK/part-050013_909300-010350.parquet,real_data_sample\l2_unseen_validation\trade_date=2026-07-17\exchange=NSE\symbol=ICICIBANK\part-050013_909300-010350.parquet,35835,downloaded,35835,
2026-07-17,NSE,ICICIBANK,raw_l2/trade_date=2026-07-17/exchange=NSE/symbol=ICICIBANK/part-050027_720448-010382.parquet,real_data_sample\l2_unseen_validation\trade_date=2026-07-17\exchange=NSE\symbol=ICICIBANK\part-050027_720448-010382.parquet,34731,downloaded,34731,
2026-07-17,NSE,ICICIBANK,raw_l2/trade_date=2026-07-17/exchange=NSE/symbol=ICICIBANK/part-050041_592634-010414.parquet,real_data_sample\l2_unseen_validation\trade_date=2026-07-17\exchange=NSE\symbol=ICICIBANK\part-050041_592634-010414.parquet,34606,downloaded,34606,
2026-07-17,NSE,ICICIBANK,raw_l2/trade_date=2026-07-17/exchange=NSE/symbol=ICICIBANK/part-050109_531490-010478.parquet,real_data_sample\l2_unseen_validation\trade_date=2026-07-17\exchange=NSE\symbol=ICICIBANK\part-050109_531490-010478.parquet,34754,downloaded,34754,
2026-07-17,NSE,ICICIBANK,raw_l2/trade_date=2026-07-17/exchange=NSE/symbol=ICICIBANK/part-050123_430784-010510.parquet,real_data_sample\l2_unseen_validation\trade_date=2026-07-17\exchange=NSE\symbol=ICICIBANK\part-050123_430784-010510.parquet,35827,downloaded,35827,
2026-07-17,NSE,ICICIBANK,raw_l2/trade_date=2026-07-17/exchange=NSE/symbol=ICICIBANK/part-050055_523010-010446.parquet,real_data_sample\l2_unseen_validation\trade_date=2026-07-17\exchange=NSE\symbol=ICICIBANK\part-050055_523010-010446.parquet,34936,downloaded,34936,
2026-07-17,NSE,ICICIBANK,raw_l2/trade_date=2026-07-17/exchange=NSE/symbol=ICICIBANK/part-050137_275905-010542.parquet,real_data_sample\l2_unseen_validation\trade_date=2026-07-17\exchange=NSE\symbol=ICICIBANK\part-050137_275905-010542.parquet,35772,downloaded,35772,
2026-07-17,NSE,ICICIBANK,raw_l2/trade_date=2026-07-17/exchange=NSE/symbol=ICICIBANK/part-050151_347642-010574.parquet,real_data_sample\l2_unseen_validation\trade_date=2026-07-17\exchange=NSE\symbol=ICICIBANK\part-050151_347642-010574.parquet,35902,downloaded,35902,
2026-07-17,NSE,ICICIBANK,raw_l2/trade_date=2026-07-17/exchange=NSE/symbol=ICICIBANK/part-050234_010981-010670.parquet,real_data_sample\l2_unseen_validation\trade_date=2026-07-17\exchange=NSE\symbol=ICICIBANK\part-050234_010981-010670.parquet,34868,downloaded,34868,
2026-07-17,NSE,ICICIBANK,raw_l2/trade_date=2026-07-17/exchange=NSE/symbol=ICICIBANK/part-050248_472546-010702.parquet,real_data_sample\l2_unseen_validation\trade_date=2026-07-17\exchange=NSE\symbol=ICICIBANK\part-050248_472546-010702.parquet,34987,downloaded,34987,
2026-07-17,NSE,ICICIBANK,raw_l2/trade_date=2026-07-17/exchange=NSE/symbol=ICICIBANK/part-050302_631044-010734.parquet,real_data_sample\l2_unseen_validation\trade_date=2026-07-17\exchange=NSE\symbol=ICICIBANK\part-050302_631044-010734.parquet,34667,downloaded,34667,
2026-07-17,NSE,ICICIBANK,raw_l2/trade_date=2026-07-17/exchange=NSE/symbol=ICICIBANK/part-050219_916062-010638.parquet,real_data_sample\l2_unseen_validation\trade_date=2026-07-17\exchange=NSE\symbol=ICICIBANK\part-050219_916062-010638.parquet,35349,downloaded,35349,
2026-07-17,NSE,ICICIBANK,raw_l2/trade_date=2026-07-17/exchange=NSE/symbol=ICICIBANK/part-050205_760786-010606.parquet,real_data_sample\l2_unseen_validation\trade_date=2026-07-17\exchange=NSE\symbol=ICICIBANK\part-050205_760786-010606.parquet,35512,downloaded,35512,
2026-07-17,NSE,ICICIBANK,raw_l2/trade_date=2026-07-17/exchange=NSE/symbol=ICICIBANK/part-044358_719079-008110.parquet,real_data_sample\l2_unseen_validation\trade_date=2026-07-17\exchange=NSE\symbol=ICICIBANK\part-044358_719079-008110.parquet,36211,downloaded,36211,
2026-07-17,NSE,ICICIBANK,raw_l2/trade_date=2026-07-17/exchange=NSE/symbol=ICICIBANK/part-050317_008768-010766.parquet,real_data_sample\l2_unseen_validation\trade_date=2026-07-17\exchange=NSE\symbol=ICICIBANK\part-050317_008768-010766.parquet,34876,downloaded,34876,
2026-07-17,NSE,ICICIBANK,raw_l2/trade_date=2026-07-17/exchange=NSE/symbol=ICICIBANK/part-050413_392617-010894.parquet,real_data_sample\l2_unseen_validation\trade_date=2026-07-17\exchange=NSE\symbol=ICICIBANK\part-050413_392617-010894.parquet,35190,downloaded,35190,
2026-07-17,NSE,ICICIBANK,raw_l2/trade_date=2026-07-17/exchange=NSE/symbol=ICICIBANK/part-050331_088887-010798.parquet,real_data_sample\l2_unseen_validation\trade_date=2026-07-17\exchange=NSE\symbol=ICICIBANK\part-050331_088887-010798.parquet,34973,downloaded,34973,
2026-07-17,NSE,ICICIBANK,raw_l2/trade_date=2026-07-17/exchange=NSE/symbol=ICICIBANK/part-050345_059224-010830.parquet,real_data_sample\l2_unseen_validation\trade_date=2026-07-17\exchange=NSE\symbol=ICICIBANK\part-050345_059224-010830.parquet,34720,downloaded,34720,
2026-07-17,NSE,ICICIBANK,raw_l2/trade_date=2026-07-17/exchange=NSE/symbol=ICICIBANK/part-050359_144182-010862.parquet,real_data_sample\l2_unseen_validation\trade_date=2026-07-17\exchange=NSE\symbol=ICICIBANK\part-050359_144182-010862.parquet,34886,downloaded,34886,
2026-07-17,NSE,ICICIBANK,raw_l2/trade_date=2026-07-17/exchange=NSE/symbol=ICICIBANK/part-050441_459068-010958.parquet,real_data_sample\l2_unseen_validation\trade_date=2026-07-17\exchange=NSE\symbol=ICICIBANK\part-050441_459068-010958.parquet,35695,downloaded,35695,
2026-07-17,NSE,ICICIBANK,raw_l2/trade_date=2026-07-17/exchange=NSE/symbol=ICICIBANK/part-050427_477460-010926.parquet,real_data_sample\l2_unseen_validation\trade_date=2026-07-17\exchange=NSE\symbol=ICICIBANK\part-050427_477460-010926.parquet,35618,downloaded,35618,
2026-07-17,NSE,ICICIBANK,raw_l2/trade_date=2026-07-17/exchange=NSE/symbol=ICICIBANK/part-050455_263052-010990.parquet,real_data_sample\l2_unseen_validation\trade_date=2026-07-17\exchange=NSE\symbol=ICICIBANK\part-050455_263052-010990.parquet,35755,downloaded,35755,
2026-07-17,NSE,ICICIBANK,raw_l2/trade_date=2026-07-17/exchange=NSE/symbol=ICICIBANK/part-050537_201185-011086.parquet,real_data_sample\l2_unseen_validation\trade_date=2026-07-17\exchange=NSE\symbol=ICICIBANK\part-050537_201185-011086.parquet,35807,downloaded,35807,
2026-07-17,NSE,ICICIBANK,raw_l2/trade_date=2026-07-17/exchange=NSE/symbol=ICICIBANK/part-050523_354053-011054.parquet,real_data_sample\l2_unseen_validation\trade_date=2026-07-17\exchange=NSE\symbol=ICICIBANK\part-050523_354053-011054.parquet,35130,downloaded,35130,
2026-07-17,NSE,ICICIBANK,raw_l2/trade_date=2026-07-17/exchange=NSE/symbol=ICICIBANK/part-050509_302844-011022.parquet,real_data_sample\l2_unseen_validation\trade_date=2026-07-17\exchange=NSE\symbol=ICICIBANK\part-050509_302844-011022.parquet,35661,downloaded,35661,
2026-07-17,NSE,ICICIBANK,raw_l2/trade_date=2026-07-17/exchange=NSE/symbol=ICICIBANK/part-050551_198122-011118.parquet,real_data_sample\l2_unseen_validation\trade_date=2026-07-17\exchange=NSE\symbol=ICICIBANK\part-050551_198122-011118.parquet,35956,downloaded,35956,
2026-07-17,NSE,ICICIBANK,raw_l2/trade_date=2026-07-17/exchange=NSE/symbol=ICICIBANK/part-044317_213070-008014.parquet,real_data_sample\l2_unseen_validation\trade_date=2026-07-17\exchange=NSE\symbol=ICICIBANK\part-044317_213070-008014.parquet,35286,downloaded,35286,
2026-07-17,NSE,ICICIBANK,raw_l2/trade_date=2026-07-17/exchange=NSE/symbol=ICICIBANK/part-044140_170223-007790.parquet,real_data_sample\l2_unseen_validation\trade_date=2026-07-17\exchange=NSE\symbol=ICICIBANK\part-044140_170223-007790.parquet,34626,downloaded,34626,
2026-07-17,NSE,ICICIBANK,raw_l2/trade_date=2026-07-17/exchange=NSE/symbol=ICICIBANK/part-050702_794974-011278.parquet,real_data_sample\l2_unseen_validation\trade_date=2026-07-17\exchange=NSE\symbol=ICICIBANK\part-050702_794974-011278.parquet,36025,downloaded,36025,
2026-07-17,NSE,ICICIBANK,raw_l2/trade_date=2026-07-17/exchange=NSE/symbol=ICICIBANK/part-044739_710077-008622.parquet,real_data_sample\l2_unseen_validation\trade_date=2026-07-17\exchange=NSE\symbol=ICICIBANK\part-044739_710077-008622.parquet,35433,downloaded,35433,
2026-07-17,NSE,ICICIBANK,raw_l2/trade_date=2026-07-17/exchange=NSE/symbol=ICICIBANK/part-044249_453310-007950.parquet,real_data_sample\l2_unseen_validation\trade_date=2026-07-17\exchange=NSE\symbol=ICICIBANK\part-044249_453310-007950.parquet,34715,downloaded,34715,
2026-07-17,NSE,ICICIBANK,raw_l2/trade_date=2026-07-17/exchange=NSE/symbol=ICICIBANK/part-050648_752715-011246.parquet,real_data_sample\l2_unseen_validation\trade_date=2026-07-17\exchange=NSE\symbol=ICICIBANK\part-050648_752715-011246.parquet,35766,downloaded,35766,
2026-07-17,NSE,ICICIBANK,raw_l2/trade_date=2026-07-17/exchange=NSE/symbol=ICICIBANK/part-050619_417697-011182.parquet,real_data_sample\l2_unseen_validation\trade_date=2026-07-17\exchange=NSE\symbol=ICICIBANK\part-050619_417697-011182.parquet,36274,downloaded,36274,
2026-07-17,NSE,ICICIBANK,raw_l2/trade_date=2026-07-17/exchange=NSE/symbol=ICICIBANK/part-050604_992942-011150.parquet,real_data_sample\l2_unseen_validation\trade_date=2026-07-17\exchange=NSE\symbol=ICICIBANK\part-050604_992942-011150.parquet,35857,downloaded,35857,
2026-07-17,NSE,ICICIBANK,raw_l2/trade_date=2026-07-17/exchange=NSE/symbol=ICICIBANK/part-050730_934331-011342.parquet,real_data_sample\l2_unseen_validation\trade_date=2026-07-17\exchange=NSE\symbol=ICICIBANK\part-050730_934331-011342.parquet,35663,downloaded,35663,
2026-07-17,NSE,ICICIBANK,raw_l2/trade_date=2026-07-17/exchange=NSE/symbol=ICICIBANK/part-044058_887426-007694.parquet,real_data_sample\l2_unseen_validation\trade_date=2026-07-17\exchange=NSE\symbol=ICICIBANK\part-044058_887426-007694.parquet,34669,downloaded,34669,
2026-07-17,NSE,ICICIBANK,raw_l2/trade_date=2026-07-17/exchange=NSE/symbol=ICICIBANK/part-044658_225774-008526.parquet,real_data_sample\l2_unseen_validation\trade_date=2026-07-17\exchange=NSE\symbol=ICICIBANK\part-044658_225774-008526.parquet,35582,downloaded,35582,
2026-07-17,NSE,ICICIBANK,raw_l2/trade_date=2026-07-17/exchange=NSE/symbol=ICICIBANK/part-050634_224865-011214.parquet,real_data_sample\l2_unseen_validation\trade_date=2026-07-17\exchange=NSE\symbol=ICICIBANK\part-050634_224865-011214.parquet,36368,downloaded,36368,
2026-07-17,NSE,ICICIBANK,raw_l2/trade_date=2026-07-17/exchange=NSE/symbol=ICICIBANK/part-044426_158063-008174.parquet,real_data_sample\l2_unseen_validation\trade_date=2026-07-17\exchange=NSE\symbol=ICICIBANK\part-044426_158063-008174.parquet,35942,downloaded,35942,
2026-07-17,NSE,ICICIBANK,raw_l2/trade_date=2026-07-17/exchange=NSE/symbol=ICICIBANK/part-050716_910388-011310.parquet,real_data_sample\l2_unseen_validation\trade_date=2026-07-17\exchange=NSE\symbol=ICICIBANK\part-050716_910388-011310.parquet,36136,downloaded,36136,
2026-07-17,NSE,ICICIBANK,raw_l2/trade_date=2026-07-17/exchange=NSE/symbol=ICICIBANK/part-050744_663342-011374.parquet,real_data_sample\l2_unseen_validation\trade_date=2026-07-17\exchange=NSE\symbol=ICICIBANK\part-050744_663342-011374.parquet,35914,downloaded,35914,
2026-07-17,NSE,ICICIBANK,raw_l2/trade_date=2026-07-17/exchange=NSE/symbol=ICICIBANK/part-050826_188531-011470.parquet,real_data_sample\l2_unseen_validation\trade_date=2026-07-17\exchange=NSE\symbol=ICICIBANK\part-050826_188531-011470.parquet,35762,downloaded,35762,
2026-07-17,NSE,ICICIBANK,raw_l2/trade_date=2026-07-17/exchange=NSE/symbol=ICICIBANK/part-050812_434505-011438.parquet,real_data_sample\l2_unseen_validation\trade_date=2026-07-17\exchange=NSE\symbol=ICICIBANK\part-050812_434505-011438.parquet,35853,downloaded,35853,
2026-07-17,NSE,ICICIBANK,raw_l2/trade_date=2026-07-17/exchange=NSE/symbol=ICICIBANK/part-044439_976104-008206.parquet,real_data_sample\l2_unseen_validation\trade_date=2026-07-17\exchange=NSE\symbol=ICICIBANK\part-044439_976104-008206.parquet,35888,downloaded,35888,
2026-07-17,NSE,ICICIBANK,raw_l2/trade_date=2026-07-17/exchange=NSE/symbol=ICICIBANK/part-050853_628422-011534.parquet,real_data_sample\l2_unseen_validation\trade_date=2026-07-17\exchange=NSE\symbol=ICICIBANK\part-050853_628422-011534.parquet,35430,downloaded,35430,
2026-07-17,NSE,ICICIBANK,raw_l2/trade_date=2026-07-17/exchange=NSE/symbol=ICICIBANK/part-044303_212467-007982.parquet,real_data_sample\l2_unseen_validation\trade_date=2026-07-17\exchange=NSE\symbol=ICICIBANK\part-044303_212467-007982.parquet,34590,downloaded,34590,
2026-07-17,NSE,ICICIBANK,raw_l2/trade_date=2026-07-17/exchange=NSE/symbol=ICICIBANK/part-050839_974396-011502.parquet,real_data_sample\l2_unseen_validation\trade_date=2026-07-17\exchange=NSE\symbol=ICICIBANK\part-050839_974396-011502.parquet,35313,downloaded,35313,
2026-07-17,NSE,ICICIBANK,raw_l2/trade_date=2026-07-17/exchange=NSE/symbol=ICICIBANK/part-050758_391606-011406.parquet,real_data_sample\l2_unseen_validation\trade_date=2026-07-17\exchange=NSE\symbol=ICICIBANK\part-050758_391606-011406.parquet,36082,downloaded,36082,
2026-07-17,NSE,ICICIBANK,raw_l2/trade_date=2026-07-17/exchange=NSE/symbol=ICICIBANK/part-044126_432402-007758.parquet,real_data_sample\l2_unseen_validation\trade_date=2026-07-17\exchange=NSE\symbol=ICICIBANK\part-044126_432402-007758.parquet,34414,downloaded,34414,
2026-07-17,NSE,ICICIBANK,raw_l2/trade_date=2026-07-17/exchange=NSE/symbol=ICICIBANK/part-050935_451110-011630.parquet,real_data_sample\l2_unseen_validation\trade_date=2026-07-17\exchange=NSE\symbol=ICICIBANK\part-050935_451110-011630.parquet,34812,downloaded,34812,
2026-07-17,NSE,ICICIBANK,raw_l2/trade_date=2026-07-17/exchange=NSE/symbol=ICICIBANK/part-050907_760802-011566.parquet,real_data_sample\l2_unseen_validation\trade_date=2026-07-17\exchange=NSE\symbol=ICICIBANK\part-050907_760802-011566.parquet,35789,downloaded,35789,
2026-07-17,NSE,ICICIBANK,raw_l2/trade_date=2026-07-17/exchange=NSE/symbol=ICICIBANK/part-044344_921127-008078.parquet,real_data_sample\l2_unseen_validation\trade_date=2026-07-17\exchange=NSE\symbol=ICICIBANK\part-044344_921127-008078.parquet,35773,downloaded,35773,
2026-07-17,NSE,ICICIBANK,raw_l2/trade_date=2026-07-17/exchange=NSE/symbol=ICICIBANK/part-050921_409283-011598.parquet,real_data_sample\l2_unseen_validation\trade_date=2026-07-17\exchange=NSE\symbol=ICICIBANK\part-050921_409283-011598.parquet,34804,downloaded,34804,
2026-07-17,NSE,ICICIBANK,raw_l2/trade_date=2026-07-17/exchange=NSE/symbol=ICICIBANK/part-044725_690505-008590.parquet,real_data_sample\l2_unseen_validation\trade_date=2026-07-17\exchange=NSE\symbol=ICICIBANK\part-044725_690505-008590.parquet,35602,downloaded,35602,
2026-07-17,NSE,ICICIBANK,raw_l2/trade_date=2026-07-17/exchange=NSE/symbol=ICICIBANK/part-050949_130377-011662.parquet,real_data_sample\l2_unseen_validation\trade_date=2026-07-17\exchange=NSE\symbol=ICICIBANK\part-050949_130377-011662.parquet,34878,downloaded,34878,
2026-07-17,NSE,ICICIBANK,raw_l2/trade_date=2026-07-17/exchange=NSE/symbol=ICICIBANK/part-044711_950501-008558.parquet,real_data_sample\l2_unseen_validation\trade_date=2026-07-17\exchange=NSE\symbol=ICICIBANK\part-044711_950501-008558.parquet,35965,downloaded,35965,
2026-07-17,NSE,ICICIBANK,raw_l2/trade_date=2026-07-17/exchange=NSE/symbol=ICICIBANK/part-051030_702249-011758.parquet,real_data_sample\l2_unseen_validation\trade_date=2026-07-17\exchange=NSE\symbol=ICICIBANK\part-051030_702249-011758.parquet,34929,downloaded,34929,
2026-07-17,NSE,ICICIBANK,raw_l2/trade_date=2026-07-17/exchange=NSE/symbol=ICICIBANK/part-051003_080075-011694.parquet,real_data_sample\l2_unseen_validation\trade_date=2026-07-17\exchange=NSE\symbol=ICICIBANK\part-051003_080075-011694.parquet,35112,downloaded,35112,
2026-07-17,NSE,ICICIBANK,raw_l2/trade_date=2026-07-17/exchange=NSE/symbol=ICICIBANK/part-051016_902448-011726.parquet,real_data_sample\l2_unseen_validation\trade_date=2026-07-17\exchange=NSE\symbol=ICICIBANK\part-051016_902448-011726.parquet,34701,downloaded,34701,
2026-07-17,NSE,ICICIBANK,raw_l2/trade_date=2026-07-17/exchange=NSE/symbol=ICICIBANK/part-044112_699634-007726.parquet,real_data_sample\l2_unseen_validation\trade_date=2026-07-17\exchange=NSE\symbol=ICICIBANK\part-044112_699634-007726.parquet,34785,downloaded,34785,
2026-07-17,NSE,ICICIBANK,raw_l2/trade_date=2026-07-17/exchange=NSE/symbol=ICICIBANK/part-051058_254371-011822.parquet,real_data_sample\l2_unseen_validation\trade_date=2026-07-17\exchange=NSE\symbol=ICICIBANK\part-051058_254371-011822.parquet,34692,downloaded,34692,
2026-07-17,NSE,ICICIBANK,raw_l2/trade_date=2026-07-17/exchange=NSE/symbol=ICICIBANK/part-051112_201689-011854.parquet,real_data_sample\l2_unseen_validation\trade_date=2026-07-17\exchange=NSE\symbol=ICICIBANK\part-051112_201689-011854.parquet,34665,downloaded,34665,
2026-07-17,NSE,ICICIBANK,raw_l2/trade_date=2026-07-17/exchange=NSE/symbol=ICICIBANK/part-051236_049754-012046.parquet,real_data_sample\l2_unseen_validation\trade_date=2026-07-17\exchange=NSE\symbol=ICICIBANK\part-051236_049754-012046.parquet,34741,downloaded,34741,
2026-07-17,NSE,ICICIBANK,raw_l2/trade_date=2026-07-17/exchange=NSE/symbol=ICICIBANK/part-051208_274084-011982.parquet,real_data_sample\l2_unseen_validation\trade_date=2026-07-17\exchange=NSE\symbol=ICICIBANK\part-051208_274084-011982.parquet,34858,downloaded,34858,
2026-07-17,NSE,ICICIBANK,raw_l2/trade_date=2026-07-17/exchange=NSE/symbol=ICICIBANK/part-051044_457404-011790.parquet,real_data_sample\l2_unseen_validation\trade_date=2026-07-17\exchange=NSE\symbol=ICICIBANK\part-051044_457404-011790.parquet,34903,downloaded,34903,
2026-07-17,NSE,ICICIBANK,raw_l2/trade_date=2026-07-17/exchange=NSE/symbol=ICICIBANK/part-051140_385596-011918.parquet,real_data_sample\l2_unseen_validation\trade_date=2026-07-17\exchange=NSE\symbol=ICICIBANK\part-051140_385596-011918.parquet,34690,downloaded,34690,
2026-07-17,NSE,ICICIBANK,raw_l2/trade_date=2026-07-17/exchange=NSE/symbol=ICICIBANK/part-051318_558784-012142.parquet,real_data_sample\l2_unseen_validation\trade_date=2026-07-17\exchange=NSE\symbol=ICICIBANK\part-051318_558784-012142.parquet,34949,downloaded,34949,
2026-07-17,NSE,ICICIBANK,raw_l2/trade_date=2026-07-17/exchange=NSE/symbol=ICICIBANK/part-051154_237038-011950.parquet,real_data_sample\l2_unseen_validation\trade_date=2026-07-17\exchange=NSE\symbol=ICICIBANK\part-051154_237038-011950.parquet,34905,downloaded,34905,
2026-07-17,NSE,ICICIBANK,raw_l2/trade_date=2026-07-17/exchange=NSE/symbol=ICICIBANK/part-051303_957451-012110.parquet,real_data_sample\l2_unseen_validation\trade_date=2026-07-17\exchange=NSE\symbol=ICICIBANK\part-051303_957451-012110.parquet,34875,downloaded,34875,
2026-07-17,NSE,ICICIBANK,raw_l2/trade_date=2026-07-17/exchange=NSE/symbol=ICICIBANK/part-051332_729074-012174.parquet,real_data_sample\l2_unseen_validation\trade_date=2026-07-17\exchange=NSE\symbol=ICICIBANK\part-051332_729074-012174.parquet,34921,downloaded,34921,
2026-07-17,NSE,ICICIBANK,raw_l2/trade_date=2026-07-17/exchange=NSE/symbol=ICICIBANK/part-051249_976739-012078.parquet,real_data_sample\l2_unseen_validation\trade_date=2026-07-17\exchange=NSE\symbol=ICICIBANK\part-051249_976739-012078.parquet,34862,downloaded,34862,
2026-07-17,NSE,ICICIBANK,raw_l2/trade_date=2026-07-17/exchange=NSE/symbol=ICICIBANK/part-051126_078262-011886.parquet,real_data_sample\l2_unseen_validation\trade_date=2026-07-17\exchange=NSE\symbol=ICICIBANK\part-051126_078262-011886.parquet,34820,downloaded,34820,
2026-07-17,NSE,ICICIBANK,raw_l2/trade_date=2026-07-17/exchange=NSE/symbol=ICICIBANK/part-051347_696101-012206.parquet,real_data_sample\l2_unseen_validation\trade_date=2026-07-17\exchange=NSE\symbol=ICICIBANK\part-051347_696101-012206.parquet,35060,downloaded,35060,
2026-07-17,NSE,ICICIBANK,raw_l2/trade_date=2026-07-17/exchange=NSE/symbol=ICICIBANK/part-051222_193567-012014.parquet,real_data_sample\l2_unseen_validation\trade_date=2026-07-17\exchange=NSE\symbol=ICICIBANK\part-051222_193567-012014.parquet,34898,downloaded,34898,
2026-07-17,NSE,ICICIBANK,raw_l2/trade_date=2026-07-17/exchange=NSE/symbol=ICICIBANK/part-051402_774780-012238.parquet,real_data_sample\l2_unseen_validation\trade_date=2026-07-17\exchange=NSE\symbol=ICICIBANK\part-051402_774780-012238.parquet,34840,downloaded,34840,
2026-07-17,NSE,ICICIBANK,raw_l2/trade_date=2026-07-17/exchange=NSE/symbol=ICICIBANK/part-051417_294146-012270.parquet,real_data_sample\l2_unseen_validation\trade_date=2026-07-17\exchange=NSE\symbol=ICICIBANK\part-051417_294146-012270.parquet,35176,downloaded,35176,
2026-07-17,NSE,ICICIBANK,raw_l2/trade_date=2026-07-17/exchange=NSE/symbol=ICICIBANK/part-051432_237488-012302.parquet,real_data_sample\l2_unseen_validation\trade_date=2026-07-17\exchange=NSE\symbol=ICICIBANK\part-051432_237488-012302.parquet,36080,downloaded,36080,
2026-07-17,NSE,ICICIBANK,raw_l2/trade_date=2026-07-17/exchange=NSE/symbol=ICICIBANK/part-051459_901914-012366.parquet,real_data_sample\l2_unseen_validation\trade_date=2026-07-17\exchange=NSE\symbol=ICICIBANK\part-051459_901914-012366.parquet,35679,downloaded,35679,
2026-07-17,NSE,ICICIBANK,raw_l2/trade_date=2026-07-17/exchange=NSE/symbol=ICICIBANK/part-051527_369973-012430.parquet,real_data_sample\l2_unseen_validation\trade_date=2026-07-17\exchange=NSE\symbol=ICICIBANK\part-051527_369973-012430.parquet,34762,downloaded,34762,
2026-07-17,NSE,ICICIBANK,raw_l2/trade_date=2026-07-17/exchange=NSE/symbol=ICICIBANK/part-051513_681861-012398.parquet,real_data_sample\l2_unseen_validation\trade_date=2026-07-17\exchange=NSE\symbol=ICICIBANK\part-051513_681861-012398.parquet,36029,downloaded,36029,
2026-07-17,NSE,ICICIBANK,raw_l2/trade_date=2026-07-17/exchange=NSE/symbol=ICICIBANK/part-051445_949266-012334.parquet,real_data_sample\l2_unseen_validation\trade_date=2026-07-17\exchange=NSE\symbol=ICICIBANK\part-051445_949266-012334.parquet,35519,downloaded,35519,
2026-07-17,NSE,ICICIBANK,raw_l2/trade_date=2026-07-17/exchange=NSE/symbol=ICICIBANK/part-051610_349932-012526.parquet,real_data_sample\l2_unseen_validation\trade_date=2026-07-17\exchange=NSE\symbol=ICICIBANK\part-051610_349932-012526.parquet,35035,downloaded,35035,
2026-07-17,NSE,ICICIBANK,raw_l2/trade_date=2026-07-17/exchange=NSE/symbol=ICICIBANK/part-051720_978657-012686.parquet,real_data_sample\l2_unseen_validation\trade_date=2026-07-17\exchange=NSE\symbol=ICICIBANK\part-051720_978657-012686.parquet,35805,downloaded,35805,
2026-07-17,NSE,ICICIBANK,raw_l2/trade_date=2026-07-17/exchange=NSE/symbol=ICICIBANK/part-051555_685021-012494.parquet,real_data_sample\l2_unseen_validation\trade_date=2026-07-17\exchange=NSE\symbol=ICICIBANK\part-051555_685021-012494.parquet,35029,downloaded,35029,
2026-07-17,NSE,ICICIBANK,raw_l2/trade_date=2026-07-17/exchange=NSE/symbol=ICICIBANK/part-051735_189245-012718.parquet,real_data_sample\l2_unseen_validation\trade_date=2026-07-17\exchange=NSE\symbol=ICICIBANK\part-051735_189245-012718.parquet,36222,downloaded,36222,
2026-07-17,NSE,ICICIBANK,raw_l2/trade_date=2026-07-17/exchange=NSE/symbol=ICICIBANK/part-051541_392250-012462.parquet,real_data_sample\l2_unseen_validation\trade_date=2026-07-17\exchange=NSE\symbol=ICICIBANK\part-051541_392250-012462.parquet,35033,downloaded,35033,
2026-07-17,NSE,ICICIBANK,raw_l2/trade_date=2026-07-17/exchange=NSE/symbol=ICICIBANK/part-051749_704986-012750.parquet,real_data_sample\l2_unseen_validation\trade_date=2026-07-17\exchange=NSE\symbol=ICICIBANK\part-051749_704986-012750.parquet,35944,downloaded,35944,
2026-07-17,NSE,ICICIBANK,raw_l2/trade_date=2026-07-17/exchange=NSE/symbol=ICICIBANK/part-051638_787543-012590.parquet,real_data_sample\l2_unseen_validation\trade_date=2026-07-17\exchange=NSE\symbol=ICICIBANK\part-051638_787543-012590.parquet,34990,downloaded,34990,
2026-07-17,NSE,ICICIBANK,raw_l2/trade_date=2026-07-17/exchange=NSE/symbol=ICICIBANK/part-051832_685633-012846.parquet,real_data_sample\l2_unseen_validation\trade_date=2026-07-17\exchange=NSE\symbol=ICICIBANK\part-051832_685633-012846.parquet,34961,downloaded,34961,
2026-07-17,NSE,ICICIBANK,raw_l2/trade_date=2026-07-17/exchange=NSE/symbol=ICICIBANK/part-051624_565047-012558.parquet,real_data_sample\l2_unseen_validation\trade_date=2026-07-17\exchange=NSE\symbol=ICICIBANK\part-051624_565047-012558.parquet,34785,downloaded,34785,
2026-07-17,NSE,ICICIBANK,raw_l2/trade_date=2026-07-17/exchange=NSE/symbol=ICICIBANK/part-051818_175540-012814.parquet,real_data_sample\l2_unseen_validation\trade_date=2026-07-17\exchange=NSE\symbol=ICICIBANK\part-051818_175540-012814.parquet,35326,downloaded,35326,
2026-07-17,NSE,ICICIBANK,raw_l2/trade_date=2026-07-17/exchange=NSE/symbol=ICICIBANK/part-051803_975083-012782.parquet,real_data_sample\l2_unseen_validation\trade_date=2026-07-17\exchange=NSE\symbol=ICICIBANK\part-051803_975083-012782.parquet,35868,downloaded,35868,
2026-07-17,NSE,ICICIBANK,raw_l2/trade_date=2026-07-17/exchange=NSE/symbol=ICICIBANK/part-051653_042369-012622.parquet,real_data_sample\l2_unseen_validation\trade_date=2026-07-17\exchange=NSE\symbol=ICICIBANK\part-051653_042369-012622.parquet,34807,downloaded,34807,
2026-07-17,NSE,ICICIBANK,raw_l2/trade_date=2026-07-17/exchange=NSE/symbol=ICICIBANK/part-051707_060047-012654.parquet,real_data_sample\l2_unseen_validation\trade_date=2026-07-17\exchange=NSE\symbol=ICICIBANK\part-051707_060047-012654.parquet,35040,downloaded,35040,
2026-07-17,NSE,ICICIBANK,raw_l2/trade_date=2026-07-17/exchange=NSE/symbol=ICICIBANK/part-051943_459588-013006.parquet,real_data_sample\l2_unseen_validation\trade_date=2026-07-17\exchange=NSE\symbol=ICICIBANK\part-051943_459588-013006.parquet,34771,downloaded,34771,
2026-07-17,NSE,ICICIBANK,raw_l2/trade_date=2026-07-17/exchange=NSE/symbol=ICICIBANK/part-052120_215613-013230.parquet,real_data_sample\l2_unseen_validation\trade_date=2026-07-17\exchange=NSE\symbol=ICICIBANK\part-052120_215613-013230.parquet,34954,downloaded,34954,
2026-07-17,NSE,ICICIBANK,raw_l2/trade_date=2026-07-17/exchange=NSE/symbol=ICICIBANK/part-051957_490258-013038.parquet,real_data_sample\l2_unseen_validation\trade_date=2026-07-17\exchange=NSE\symbol=ICICIBANK\part-051957_490258-013038.parquet,34724,downloaded,34724,
2026-07-17,NSE,ICICIBANK,raw_l2/trade_date=2026-07-17/exchange=NSE/symbol=ICICIBANK/part-052011_188286-013070.parquet,real_data_sample\l2_unseen_validation\trade_date=2026-07-17\exchange=NSE\symbol=ICICIBANK\part-052011_188286-013070.parquet,34959,downloaded,34959,
2026-07-17,NSE,ICICIBANK,raw_l2/trade_date=2026-07-17/exchange=NSE/symbol=ICICIBANK/part-051915_741543-012942.parquet,real_data_sample\l2_unseen_validation\trade_date=2026-07-17\exchange=NSE\symbol=ICICIBANK\part-051915_741543-012942.parquet,34774,downloaded,34774,
2026-07-17,NSE,ICICIBANK,raw_l2/trade_date=2026-07-17/exchange=NSE/symbol=ICICIBANK/part-051846_487663-012878.parquet,real_data_sample\l2_unseen_validation\trade_date=2026-07-17\exchange=NSE\symbol=ICICIBANK\part-051846_487663-012878.parquet,34922,downloaded,34922,
2026-07-17,NSE,ICICIBANK,raw_l2/trade_date=2026-07-17/exchange=NSE/symbol=ICICIBANK/part-051929_693683-012974.parquet,real_data_sample\l2_unseen_validation\trade_date=2026-07-17\exchange=NSE\symbol=ICICIBANK\part-051929_693683-012974.parquet,34828,downloaded,34828,
2026-07-17,NSE,ICICIBANK,raw_l2/trade_date=2026-07-17/exchange=NSE/symbol=ICICIBANK/part-051901_634808-012910.parquet,real_data_sample\l2_unseen_validation\trade_date=2026-07-17\exchange=NSE\symbol=ICICIBANK\part-051901_634808-012910.parquet,34905,downloaded,34905,
2026-07-17,NSE,ICICIBANK,raw_l2/trade_date=2026-07-17/exchange=NSE/symbol=ICICIBANK/part-052147_987641-013294.parquet,real_data_sample\l2_unseen_validation\trade_date=2026-07-17\exchange=NSE\symbol=ICICIBANK\part-052147_987641-013294.parquet,34751,downloaded,34751,
2026-07-17,NSE,ICICIBANK,raw_l2/trade_date=2026-07-17/exchange=NSE/symbol=ICICIBANK/part-052216_056077-013358.parquet,real_data_sample\l2_unseen_validation\trade_date=2026-07-17\exchange=NSE\symbol=ICICIBANK\part-052216_056077-013358.parquet,34899,downloaded,34899,
2026-07-17,NSE,ICICIBANK,raw_l2/trade_date=2026-07-17/exchange=NSE/symbol=ICICIBANK/part-052230_047599-013390.parquet,real_data_sample\l2_unseen_validation\trade_date=2026-07-17\exchange=NSE\symbol=ICICIBANK\part-052230_047599-013390.parquet,34953,downloaded,34953,
2026-07-17,NSE,ICICIBANK,raw_l2/trade_date=2026-07-17/exchange=NSE/symbol=ICICIBANK/part-052052_485450-013166.parquet,real_data_sample\l2_unseen_validation\trade_date=2026-07-17\exchange=NSE\symbol=ICICIBANK\part-052052_485450-013166.parquet,34737,downloaded,34737,
2026-07-17,NSE,ICICIBANK,raw_l2/trade_date=2026-07-17/exchange=NSE/symbol=ICICIBANK/part-052202_000954-013326.parquet,real_data_sample\l2_unseen_validation\trade_date=2026-07-17\exchange=NSE\symbol=ICICIBANK\part-052202_000954-013326.parquet,34833,downloaded,34833,
2026-07-17,NSE,ICICIBANK,raw_l2/trade_date=2026-07-17/exchange=NSE/symbol=ICICIBANK/part-052038_716654-013134.parquet,real_data_sample\l2_unseen_validation\trade_date=2026-07-17\exchange=NSE\symbol=ICICIBANK\part-052038_716654-013134.parquet,34874,downloaded,34874,
2026-07-17,NSE,ICICIBANK,raw_l2/trade_date=2026-07-17/exchange=NSE/symbol=ICICIBANK/part-052106_196567-013198.parquet,real_data_sample\l2_unseen_validation\trade_date=2026-07-17\exchange=NSE\symbol=ICICIBANK\part-052106_196567-013198.parquet,34832,downloaded,34832,
2026-07-17,NSE,ICICIBANK,raw_l2/trade_date=2026-07-17/exchange=NSE/symbol=ICICIBANK/part-052024_930545-013102.parquet,real_data_sample\l2_unseen_validation\trade_date=2026-07-17\exchange=NSE\symbol=ICICIBANK\part-052024_930545-013102.parquet,34722,downloaded,34722,
2026-07-17,NSE,ICICIBANK,raw_l2/trade_date=2026-07-17/exchange=NSE/symbol=ICICIBANK/part-052258_066606-013454.parquet,real_data_sample\l2_unseen_validation\trade_date=2026-07-17\exchange=NSE\symbol=ICICIBANK\part-052258_066606-013454.parquet,35001,downloaded,35001,
2026-07-17,NSE,ICICIBANK,raw_l2/trade_date=2026-07-17/exchange=NSE/symbol=ICICIBANK/part-052244_036442-013422.parquet,real_data_sample\l2_unseen_validation\trade_date=2026-07-17\exchange=NSE\symbol=ICICIBANK\part-052244_036442-013422.parquet,34725,downloaded,34725,
2026-07-17,NSE,ICICIBANK,raw_l2/trade_date=2026-07-17/exchange=NSE/symbol=ICICIBANK/part-052134_028601-013262.parquet,real_data_sample\l2_unseen_validation\trade_date=2026-07-17\exchange=NSE\symbol=ICICIBANK\part-052134_028601-013262.parquet,34899,downloaded,34899,
2026-07-17,NSE,ICICIBANK,raw_l2/trade_date=2026-07-17/exchange=NSE/symbol=ICICIBANK/part-052312_092446-013486.parquet,real_data_sample\l2_unseen_validation\trade_date=2026-07-17\exchange=NSE\symbol=ICICIBANK\part-052312_092446-013486.parquet,35012,downloaded,35012,
2026-07-17,NSE,ICICIBANK,raw_l2/trade_date=2026-07-17/exchange=NSE/symbol=ICICIBANK/part-052325_965465-013518.parquet,real_data_sample\l2_unseen_validation\trade_date=2026-07-17\exchange=NSE\symbol=ICICIBANK\part-052325_965465-013518.parquet,36326,downloaded,36326,
2026-07-17,NSE,ICICIBANK,raw_l2/trade_date=2026-07-17/exchange=NSE/symbol=ICICIBANK/part-052339_964842-013550.parquet,real_data_sample\l2_unseen_validation\trade_date=2026-07-17\exchange=NSE\symbol=ICICIBANK\part-052339_964842-013550.parquet,36158,downloaded,36158,
2026-07-17,NSE,ICICIBANK,raw_l2/trade_date=2026-07-17/exchange=NSE/symbol=ICICIBANK/part-052531_333939-013806.parquet,real_data_sample\l2_unseen_validation\trade_date=2026-07-17\exchange=NSE\symbol=ICICIBANK\part-052531_333939-013806.parquet,36344,downloaded,36344,
2026-07-17,NSE,ICICIBANK,raw_l2/trade_date=2026-07-17/exchange=NSE/symbol=ICICIBANK/part-052517_478985-013774.parquet,real_data_sample\l2_unseen_validation\trade_date=2026-07-17\exchange=NSE\symbol=ICICIBANK\part-052517_478985-013774.parquet,35954,downloaded,35954,
2026-07-17,NSE,ICICIBANK,raw_l2/trade_date=2026-07-17/exchange=NSE/symbol=ICICIBANK/part-052545_559195-013838.parquet,real_data_sample\l2_unseen_validation\trade_date=2026-07-17\exchange=NSE\symbol=ICICIBANK\part-052545_559195-013838.parquet,36399,downloaded,36399,
2026-07-17,NSE,ICICIBANK,raw_l2/trade_date=2026-07-17/exchange=NSE/symbol=ICICIBANK/part-052421_959994-013646.parquet,real_data_sample\l2_unseen_validation\trade_date=2026-07-17\exchange=NSE\symbol=ICICIBANK\part-052421_959994-013646.parquet,36144,downloaded,36144,
2026-07-17,NSE,ICICIBANK,raw_l2/trade_date=2026-07-17/exchange=NSE/symbol=ICICIBANK/part-052435_942725-013678.parquet,real_data_sample\l2_unseen_validation\trade_date=2026-07-17\exchange=NSE\symbol=ICICIBANK\part-052435_942725-013678.parquet,36698,downloaded,36698,
2026-07-17,NSE,ICICIBANK,raw_l2/trade_date=2026-07-17/exchange=NSE/symbol=ICICIBANK/part-052449_741860-013710.parquet,real_data_sample\l2_unseen_validation\trade_date=2026-07-17\exchange=NSE\symbol=ICICIBANK\part-052449_741860-013710.parquet,36242,downloaded,36242,
2026-07-17,NSE,ICICIBANK,raw_l2/trade_date=2026-07-17/exchange=NSE/symbol=ICICIBANK/part-052503_681952-013742.parquet,real_data_sample\l2_unseen_validation\trade_date=2026-07-17\exchange=NSE\symbol=ICICIBANK\part-052503_681952-013742.parquet,36200,downloaded,36200,
2026-07-17,NSE,ICICIBANK,raw_l2/trade_date=2026-07-17/exchange=NSE/symbol=ICICIBANK/part-052559_593616-013870.parquet,real_data_sample\l2_unseen_validation\trade_date=2026-07-17\exchange=NSE\symbol=ICICIBANK\part-052559_593616-013870.parquet,36243,downloaded,36243,
2026-07-17,NSE,ICICIBANK,raw_l2/trade_date=2026-07-17/exchange=NSE/symbol=ICICIBANK/part-052407_931029-013614.parquet,real_data_sample\l2_unseen_validation\trade_date=2026-07-17\exchange=NSE\symbol=ICICIBANK\part-052407_931029-013614.parquet,35822,downloaded,35822,
2026-07-17,NSE,ICICIBANK,raw_l2/trade_date=2026-07-17/exchange=NSE/symbol=ICICIBANK/part-052353_964848-013582.parquet,real_data_sample\l2_unseen_validation\trade_date=2026-07-17\exchange=NSE\symbol=ICICIBANK\part-052353_964848-013582.parquet,35737,downloaded,35737,
2026-07-17,NSE,ICICIBANK,raw_l2/trade_date=2026-07-17/exchange=NSE/symbol=ICICIBANK/part-053056_366914-014542.parquet,real_data_sample\l2_unseen_validation\trade_date=2026-07-17\exchange=NSE\symbol=ICICIBANK\part-053056_366914-014542.parquet,34859,downloaded,34859,
2026-07-17,NSE,ICICIBANK,raw_l2/trade_date=2026-07-17/exchange=NSE/symbol=ICICIBANK/part-052724_370219-014062.parquet,real_data_sample\l2_unseen_validation\trade_date=2026-07-17\exchange=NSE\symbol=ICICIBANK\part-052724_370219-014062.parquet,35870,downloaded,35870,
2026-07-17,NSE,ICICIBANK,raw_l2/trade_date=2026-07-17/exchange=NSE/symbol=ICICIBANK/part-052627_982530-013934.parquet,real_data_sample\l2_unseen_validation\trade_date=2026-07-17\exchange=NSE\symbol=ICICIBANK\part-052627_982530-013934.parquet,36498,downloaded,36498,
2026-07-17,NSE,ICICIBANK,raw_l2/trade_date=2026-07-17/exchange=NSE/symbol=ICICIBANK/part-053235_305802-014766.parquet,real_data_sample\l2_unseen_validation\trade_date=2026-07-17\exchange=NSE\symbol=ICICIBANK\part-053235_305802-014766.parquet,35895,downloaded,35895,
2026-07-17,NSE,ICICIBANK,raw_l2/trade_date=2026-07-17/exchange=NSE/symbol=ICICIBANK/part-053249_240852-014798.parquet,real_data_sample\l2_unseen_validation\trade_date=2026-07-17\exchange=NSE\symbol=ICICIBANK\part-053249_240852-014798.parquet,35930,downloaded,35930,
2026-07-17,NSE,ICICIBANK,raw_l2/trade_date=2026-07-17/exchange=NSE/symbol=ICICIBANK/part-052752_234167-014126.parquet,real_data_sample\l2_unseen_validation\trade_date=2026-07-17\exchange=NSE\symbol=ICICIBANK\part-052752_234167-014126.parquet,36061,downloaded,36061,
2026-07-17,NSE,ICICIBANK,raw_l2/trade_date=2026-07-17/exchange=NSE/symbol=ICICIBANK/part-052944_763740-014382.parquet,real_data_sample\l2_unseen_validation\trade_date=2026-07-17\exchange=NSE\symbol=ICICIBANK\part-052944_763740-014382.parquet,34663,downloaded,34663,
2026-07-17,NSE,ICICIBANK,raw_l2/trade_date=2026-07-17/exchange=NSE/symbol=ICICIBANK/part-052613_802802-013902.parquet,real_data_sample\l2_unseen_validation\trade_date=2026-07-17\exchange=NSE\symbol=ICICIBANK\part-052613_802802-013902.parquet,36275,downloaded,36275,
2026-07-17,NSE,ICICIBANK,raw_l2/trade_date=2026-07-17/exchange=NSE/symbol=ICICIBANK/part-052806_050035-014158.parquet,real_data_sample\l2_unseen_validation\trade_date=2026-07-17\exchange=NSE\symbol=ICICIBANK\part-052806_050035-014158.parquet,35906,downloaded,35906,
2026-07-17,NSE,ICICIBANK,raw_l2/trade_date=2026-07-17/exchange=NSE/symbol=ICICIBANK/part-053110_908190-014574.parquet,real_data_sample\l2_unseen_validation\trade_date=2026-07-17\exchange=NSE\symbol=ICICIBANK\part-053110_908190-014574.parquet,34951,downloaded,34951,
2026-07-17,NSE,ICICIBANK,raw_l2/trade_date=2026-07-17/exchange=NSE/symbol=ICICIBANK/part-053125_225217-014606.parquet,real_data_sample\l2_unseen_validation\trade_date=2026-07-17\exchange=NSE\symbol=ICICIBANK\part-053125_225217-014606.parquet,34965,downloaded,34965,
2026-07-17,NSE,ICICIBANK,raw_l2/trade_date=2026-07-17/exchange=NSE/symbol=ICICIBANK/part-052958_845033-014414.parquet,real_data_sample\l2_unseen_validation\trade_date=2026-07-17\exchange=NSE\symbol=ICICIBANK\part-052958_845033-014414.parquet,34609,downloaded,34609,
2026-07-17,NSE,ICICIBANK,raw_l2/trade_date=2026-07-17/exchange=NSE/symbol=ICICIBANK/part-052656_268929-013998.parquet,real_data_sample\l2_unseen_validation\trade_date=2026-07-17\exchange=NSE\symbol=ICICIBANK\part-052656_268929-013998.parquet,36106,downloaded,36106,
2026-07-17,NSE,ICICIBANK,raw_l2/trade_date=2026-07-17/exchange=NSE/symbol=ICICIBANK/part-052738_241103-014094.parquet,real_data_sample\l2_unseen_validation\trade_date=2026-07-17\exchange=NSE\symbol=ICICIBANK\part-052738_241103-014094.parquet,35884,downloaded,35884,
2026-07-17,NSE,ICICIBANK,raw_l2/trade_date=2026-07-17/exchange=NSE/symbol=ICICIBANK/part-053152_951796-014670.parquet,real_data_sample\l2_unseen_validation\trade_date=2026-07-17\exchange=NSE\symbol=ICICIBANK\part-053152_951796-014670.parquet,34956,downloaded,34956,
2026-07-17,NSE,ICICIBANK,raw_l2/trade_date=2026-07-17/exchange=NSE/symbol=ICICIBANK/part-053042_295669-014510.parquet,real_data_sample\l2_unseen_validation\trade_date=2026-07-17\exchange=NSE\symbol=ICICIBANK\part-053042_295669-014510.parquet,34987,downloaded,34987,
2026-07-17,NSE,ICICIBANK,raw_l2/trade_date=2026-07-17/exchange=NSE/symbol=ICICIBANK/part-052916_871011-014318.parquet,real_data_sample\l2_unseen_validation\trade_date=2026-07-17\exchange=NSE\symbol=ICICIBANK\part-052916_871011-014318.parquet,35436,downloaded,35436,
2026-07-17,NSE,ICICIBANK,raw_l2/trade_date=2026-07-17/exchange=NSE/symbol=ICICIBANK/part-053331_515243-014894.parquet,real_data_sample\l2_unseen_validation\trade_date=2026-07-17\exchange=NSE\symbol=ICICIBANK\part-053331_515243-014894.parquet,34879,downloaded,34879,
2026-07-17,NSE,ICICIBANK,raw_l2/trade_date=2026-07-17/exchange=NSE/symbol=ICICIBANK/part-053028_507850-014478.parquet,real_data_sample\l2_unseen_validation\trade_date=2026-07-17\exchange=NSE\symbol=ICICIBANK\part-053028_507850-014478.parquet,34813,downloaded,34813,
2026-07-17,NSE,ICICIBANK,raw_l2/trade_date=2026-07-17/exchange=NSE/symbol=ICICIBANK/part-052834_317929-014222.parquet,real_data_sample\l2_unseen_validation\trade_date=2026-07-17\exchange=NSE\symbol=ICICIBANK\part-052834_317929-014222.parquet,35664,downloaded,35664,
2026-07-17,NSE,ICICIBANK,raw_l2/trade_date=2026-07-17/exchange=NSE/symbol=ICICIBANK/part-052902_855280-014286.parquet,real_data_sample\l2_unseen_validation\trade_date=2026-07-17\exchange=NSE\symbol=ICICIBANK\part-052902_855280-014286.parquet,35878,downloaded,35878,
2026-07-17,NSE,ICICIBANK,raw_l2/trade_date=2026-07-17/exchange=NSE/symbol=ICICIBANK/part-053013_927480-014446.parquet,real_data_sample\l2_unseen_validation\trade_date=2026-07-17\exchange=NSE\symbol=ICICIBANK\part-053013_927480-014446.parquet,34669,downloaded,34669,
2026-07-17,NSE,ICICIBANK,raw_l2/trade_date=2026-07-17/exchange=NSE/symbol=ICICIBANK/part-052848_349725-014254.parquet,real_data_sample\l2_unseen_validation\trade_date=2026-07-17\exchange=NSE\symbol=ICICIBANK\part-052848_349725-014254.parquet,35950,downloaded,35950,
2026-07-17,NSE,ICICIBANK,raw_l2/trade_date=2026-07-17/exchange=NSE/symbol=ICICIBANK/part-052930_768320-014350.parquet,real_data_sample\l2_unseen_validation\trade_date=2026-07-17\exchange=NSE\symbol=ICICIBANK\part-052930_768320-014350.parquet,34893,downloaded,34893,
2026-07-17,NSE,ICICIBANK,raw_l2/trade_date=2026-07-17/exchange=NSE/symbol=ICICIBANK/part-052820_087772-014190.parquet,real_data_sample\l2_unseen_validation\trade_date=2026-07-17\exchange=NSE\symbol=ICICIBANK\part-052820_087772-014190.parquet,35621,downloaded,35621,
2026-07-17,NSE,ICICIBANK,raw_l2/trade_date=2026-07-17/exchange=NSE/symbol=ICICIBANK/part-053207_118856-014702.parquet,real_data_sample\l2_unseen_validation\trade_date=2026-07-17\exchange=NSE\symbol=ICICIBANK\part-053207_118856-014702.parquet,34838,downloaded,34838,
2026-07-17,NSE,ICICIBANK,raw_l2/trade_date=2026-07-17/exchange=NSE/symbol=ICICIBANK/part-053139_263796-014638.parquet,real_data_sample\l2_unseen_validation\trade_date=2026-07-17\exchange=NSE\symbol=ICICIBANK\part-053139_263796-014638.parquet,34711,downloaded,34711,
2026-07-17,NSE,ICICIBANK,raw_l2/trade_date=2026-07-17/exchange=NSE/symbol=ICICIBANK/part-053221_296262-014734.parquet,real_data_sample\l2_unseen_validation\trade_date=2026-07-17\exchange=NSE\symbol=ICICIBANK\part-053221_296262-014734.parquet,35825,downloaded,35825,
2026-07-17,NSE,ICICIBANK,raw_l2/trade_date=2026-07-17/exchange=NSE/symbol=ICICIBANK/part-053317_376941-014862.parquet,real_data_sample\l2_unseen_validation\trade_date=2026-07-17\exchange=NSE\symbol=ICICIBANK\part-053317_376941-014862.parquet,35047,downloaded,35047,
2026-07-17,NSE,ICICIBANK,raw_l2/trade_date=2026-07-17/exchange=NSE/symbol=ICICIBANK/part-052710_334734-014030.parquet,real_data_sample\l2_unseen_validation\trade_date=2026-07-17\exchange=NSE\symbol=ICICIBANK\part-052710_334734-014030.parquet,35845,downloaded,35845,
2026-07-17,NSE,ICICIBANK,raw_l2/trade_date=2026-07-17/exchange=NSE/symbol=ICICIBANK/part-053303_351617-014830.parquet,real_data_sample\l2_unseen_validation\trade_date=2026-07-17\exchange=NSE\symbol=ICICIBANK\part-053303_351617-014830.parquet,35690,downloaded,35690,
2026-07-17,NSE,ICICIBANK,raw_l2/trade_date=2026-07-17/exchange=NSE/symbol=ICICIBANK/part-052642_115306-013966.parquet,real_data_sample\l2_unseen_validation\trade_date=2026-07-17\exchange=NSE\symbol=ICICIBANK\part-052642_115306-013966.parquet,36367,downloaded,36367,
2026-07-17,NSE,ICICIBANK,raw_l2/trade_date=2026-07-17/exchange=NSE/symbol=ICICIBANK/part-053345_508540-014926.parquet,real_data_sample\l2_unseen_validation\trade_date=2026-07-17\exchange=NSE\symbol=ICICIBANK\part-053345_508540-014926.parquet,34996,downloaded,34996,
2026-07-17,NSE,ICICIBANK,raw_l2/trade_date=2026-07-17/exchange=NSE/symbol=ICICIBANK/part-053550_499160-015214.parquet,real_data_sample\l2_unseen_validation\trade_date=2026-07-17\exchange=NSE\symbol=ICICIBANK\part-053550_499160-015214.parquet,35583,downloaded,35583,
2026-07-17,NSE,ICICIBANK,raw_l2/trade_date=2026-07-17/exchange=NSE/symbol=ICICIBANK/part-053522_771532-015150.parquet,real_data_sample\l2_unseen_validation\trade_date=2026-07-17\exchange=NSE\symbol=ICICIBANK\part-053522_771532-015150.parquet,35617,downloaded,35617,
2026-07-17,NSE,ICICIBANK,raw_l2/trade_date=2026-07-17/exchange=NSE/symbol=ICICIBANK/part-053728_205122-015438.parquet,real_data_sample\l2_unseen_validation\trade_date=2026-07-17\exchange=NSE\symbol=ICICIBANK\part-053728_205122-015438.parquet,35062,downloaded,35062,
2026-07-17,NSE,ICICIBANK,raw_l2/trade_date=2026-07-17/exchange=NSE/symbol=ICICIBANK/part-053441_193778-015054.parquet,real_data_sample\l2_unseen_validation\trade_date=2026-07-17\exchange=NSE\symbol=ICICIBANK\part-053441_193778-015054.parquet,34917,downloaded,34917,
2026-07-17,NSE,ICICIBANK,raw_l2/trade_date=2026-07-17/exchange=NSE/symbol=ICICIBANK/part-053454_916766-015086.parquet,real_data_sample\l2_unseen_validation\trade_date=2026-07-17\exchange=NSE\symbol=ICICIBANK\part-053454_916766-015086.parquet,34970,downloaded,34970,
2026-07-17,NSE,ICICIBANK,raw_l2/trade_date=2026-07-17/exchange=NSE/symbol=ICICIBANK/part-053536_698736-015182.parquet,real_data_sample\l2_unseen_validation\trade_date=2026-07-17\exchange=NSE\symbol=ICICIBANK\part-053536_698736-015182.parquet,35780,downloaded,35780,
2026-07-17,NSE,ICICIBANK,raw_l2/trade_date=2026-07-17/exchange=NSE/symbol=ICICIBANK/part-053632_502946-015310.parquet,real_data_sample\l2_unseen_validation\trade_date=2026-07-17\exchange=NSE\symbol=ICICIBANK\part-053632_502946-015310.parquet,34842,downloaded,34842,
2026-07-17,NSE,ICICIBANK,raw_l2/trade_date=2026-07-17/exchange=NSE/symbol=ICICIBANK/part-053413_597820-014990.parquet,real_data_sample\l2_unseen_validation\trade_date=2026-07-17\exchange=NSE\symbol=ICICIBANK\part-053413_597820-014990.parquet,34967,downloaded,34967,
2026-07-17,NSE,ICICIBANK,raw_l2/trade_date=2026-07-17/exchange=NSE/symbol=ICICIBANK/part-053646_426265-015342.parquet,real_data_sample\l2_unseen_validation\trade_date=2026-07-17\exchange=NSE\symbol=ICICIBANK\part-053646_426265-015342.parquet,34835,downloaded,34835,
2026-07-17,NSE,ICICIBANK,raw_l2/trade_date=2026-07-17/exchange=NSE/symbol=ICICIBANK/part-053700_246168-015374.parquet,real_data_sample\l2_unseen_validation\trade_date=2026-07-17\exchange=NSE\symbol=ICICIBANK\part-053700_246168-015374.parquet,34982,downloaded,34982,
2026-07-17,NSE,ICICIBANK,raw_l2/trade_date=2026-07-17/exchange=NSE/symbol=ICICIBANK/part-053714_262211-015406.parquet,real_data_sample\l2_unseen_validation\trade_date=2026-07-17\exchange=NSE\symbol=ICICIBANK\part-053714_262211-015406.parquet,34743,downloaded,34743,
2026-07-17,NSE,ICICIBANK,raw_l2/trade_date=2026-07-17/exchange=NSE/symbol=ICICIBANK/part-053359_435692-014958.parquet,real_data_sample\l2_unseen_validation\trade_date=2026-07-17\exchange=NSE\symbol=ICICIBANK\part-053359_435692-014958.parquet,35002,downloaded,35002,
2026-07-17,NSE,ICICIBANK,raw_l2/trade_date=2026-07-17/exchange=NSE/symbol=ICICIBANK/part-053742_023636-015470.parquet,real_data_sample\l2_unseen_validation\trade_date=2026-07-17\exchange=NSE\symbol=ICICIBANK\part-053742_023636-015470.parquet,35050,downloaded,35050,
2026-07-17,NSE,ICICIBANK,raw_l2/trade_date=2026-07-17/exchange=NSE/symbol=ICICIBANK/part-053604_229395-015246.parquet,real_data_sample\l2_unseen_validation\trade_date=2026-07-17\exchange=NSE\symbol=ICICIBANK\part-053604_229395-015246.parquet,35475,downloaded,35475,
2026-07-17,NSE,ICICIBANK,raw_l2/trade_date=2026-07-17/exchange=NSE/symbol=ICICIBANK/part-053933_726497-015726.parquet,real_data_sample\l2_unseen_validation\trade_date=2026-07-17\exchange=NSE\symbol=ICICIBANK\part-053933_726497-015726.parquet,35032,downloaded,35032,
2026-07-17,NSE,ICICIBANK,raw_l2/trade_date=2026-07-17/exchange=NSE/symbol=ICICIBANK/part-053823_892989-015566.parquet,real_data_sample\l2_unseen_validation\trade_date=2026-07-17\exchange=NSE\symbol=ICICIBANK\part-053823_892989-015566.parquet,35475,downloaded,35475,
2026-07-17,NSE,ICICIBANK,raw_l2/trade_date=2026-07-17/exchange=NSE/symbol=ICICIBANK/part-053947_474924-015758.parquet,real_data_sample\l2_unseen_validation\trade_date=2026-07-17\exchange=NSE\symbol=ICICIBANK\part-053947_474924-015758.parquet,34658,downloaded,34658,
2026-07-17,NSE,ICICIBANK,raw_l2/trade_date=2026-07-17/exchange=NSE/symbol=ICICIBANK/part-054015_409545-015822.parquet,real_data_sample\l2_unseen_validation\trade_date=2026-07-17\exchange=NSE\symbol=ICICIBANK\part-054015_409545-015822.parquet,34835,downloaded,34835,
2026-07-17,NSE,ICICIBANK,raw_l2/trade_date=2026-07-17/exchange=NSE/symbol=ICICIBANK/part-053618_257300-015278.parquet,real_data_sample\l2_unseen_validation\trade_date=2026-07-17\exchange=NSE\symbol=ICICIBANK\part-053618_257300-015278.parquet,34980,downloaded,34980,
2026-07-17,NSE,ICICIBANK,raw_l2/trade_date=2026-07-17/exchange=NSE/symbol=ICICIBANK/part-054001_579420-015790.parquet,real_data_sample\l2_unseen_validation\trade_date=2026-07-17\exchange=NSE\symbol=ICICIBANK\part-054001_579420-015790.parquet,34791,downloaded,34791,
2026-07-17,NSE,ICICIBANK,raw_l2/trade_date=2026-07-17/exchange=NSE/symbol=ICICIBANK/part-053809_728011-015534.parquet,real_data_sample\l2_unseen_validation\trade_date=2026-07-17\exchange=NSE\symbol=ICICIBANK\part-053809_728011-015534.parquet,34953,downloaded,34953,
2026-07-17,NSE,ICICIBANK,raw_l2/trade_date=2026-07-17/exchange=NSE/symbol=ICICIBANK/part-054043_306361-015886.parquet,real_data_sample\l2_unseen_validation\trade_date=2026-07-17\exchange=NSE\symbol=ICICIBANK\part-054043_306361-015886.parquet,34828,downloaded,34828,
2026-07-17,NSE,ICICIBANK,raw_l2/trade_date=2026-07-17/exchange=NSE/symbol=ICICIBANK/part-053851_965832-015630.parquet,real_data_sample\l2_unseen_validation\trade_date=2026-07-17\exchange=NSE\symbol=ICICIBANK\part-053851_965832-015630.parquet,36035,downloaded,36035,
2026-07-17,NSE,ICICIBANK,raw_l2/trade_date=2026-07-17/exchange=NSE/symbol=ICICIBANK/part-053427_468350-015022.parquet,real_data_sample\l2_unseen_validation\trade_date=2026-07-17\exchange=NSE\symbol=ICICIBANK\part-053427_468350-015022.parquet,34770,downloaded,34770,
2026-07-17,NSE,ICICIBANK,raw_l2/trade_date=2026-07-17/exchange=NSE/symbol=ICICIBANK/part-053919_812834-015694.parquet,real_data_sample\l2_unseen_validation\trade_date=2026-07-17\exchange=NSE\symbol=ICICIBANK\part-053919_812834-015694.parquet,34926,downloaded,34926,
2026-07-17,NSE,ICICIBANK,raw_l2/trade_date=2026-07-17/exchange=NSE/symbol=ICICIBANK/part-054057_245985-015918.parquet,real_data_sample\l2_unseen_validation\trade_date=2026-07-17\exchange=NSE\symbol=ICICIBANK\part-054057_245985-015918.parquet,34718,downloaded,34718,
2026-07-17,NSE,ICICIBANK,raw_l2/trade_date=2026-07-17/exchange=NSE/symbol=ICICIBANK/part-054029_452525-015854.parquet,real_data_sample\l2_unseen_validation\trade_date=2026-07-17\exchange=NSE\symbol=ICICIBANK\part-054029_452525-015854.parquet,34857,downloaded,34857,
2026-07-17,NSE,ICICIBANK,raw_l2/trade_date=2026-07-17/exchange=NSE/symbol=ICICIBANK/part-053838_014157-015598.parquet,real_data_sample\l2_unseen_validation\trade_date=2026-07-17\exchange=NSE\symbol=ICICIBANK\part-053838_014157-015598.parquet,35925,downloaded,35925,
2026-07-17,NSE,ICICIBANK,raw_l2/trade_date=2026-07-17/exchange=NSE/symbol=ICICIBANK/part-053508_845424-015118.parquet,real_data_sample\l2_unseen_validation\trade_date=2026-07-17\exchange=NSE\symbol=ICICIBANK\part-053508_845424-015118.parquet,34758,downloaded,34758,
2026-07-17,NSE,ICICIBANK,raw_l2/trade_date=2026-07-17/exchange=NSE/symbol=ICICIBANK/part-053905_717323-015662.parquet,real_data_sample\l2_unseen_validation\trade_date=2026-07-17\exchange=NSE\symbol=ICICIBANK\part-053905_717323-015662.parquet,35741,downloaded,35741,
2026-07-17,NSE,ICICIBANK,raw_l2/trade_date=2026-07-17/exchange=NSE/symbol=ICICIBANK/part-053755_969647-015502.parquet,real_data_sample\l2_unseen_validation\trade_date=2026-07-17\exchange=NSE\symbol=ICICIBANK\part-053755_969647-015502.parquet,34983,downloaded,34983,
2026-07-17,NSE,ICICIBANK,raw_l2/trade_date=2026-07-17/exchange=NSE/symbol=ICICIBANK/part-054111_243220-015950.parquet,real_data_sample\l2_unseen_validation\trade_date=2026-07-17\exchange=NSE\symbol=ICICIBANK\part-054111_243220-015950.parquet,34857,downloaded,34857,
2026-07-17,NSE,ICICIBANK,raw_l2/trade_date=2026-07-17/exchange=NSE/symbol=ICICIBANK/part-054138_738268-016014.parquet,real_data_sample\l2_unseen_validation\trade_date=2026-07-17\exchange=NSE\symbol=ICICIBANK\part-054138_738268-016014.parquet,34708,downloaded,34708,
2026-07-17,NSE,ICICIBANK,raw_l2/trade_date=2026-07-17/exchange=NSE/symbol=ICICIBANK/part-054439_495849-016430.parquet,real_data_sample\l2_unseen_validation\trade_date=2026-07-17\exchange=NSE\symbol=ICICIBANK\part-054439_495849-016430.parquet,35693,downloaded,35693,
2026-07-17,NSE,ICICIBANK,raw_l2/trade_date=2026-07-17/exchange=NSE/symbol=ICICIBANK/part-054822_645222-016942.parquet,real_data_sample\l2_unseen_validation\trade_date=2026-07-17\exchange=NSE\symbol=ICICIBANK\part-054822_645222-016942.parquet,35799,downloaded,35799,
2026-07-17,NSE,ICICIBANK,raw_l2/trade_date=2026-07-17/exchange=NSE/symbol=ICICIBANK/part-054411_820340-016366.parquet,real_data_sample\l2_unseen_validation\trade_date=2026-07-17\exchange=NSE\symbol=ICICIBANK\part-054411_820340-016366.parquet,35058,downloaded,35058,
2026-07-17,NSE,ICICIBANK,raw_l2/trade_date=2026-07-17/exchange=NSE/symbol=ICICIBANK/part-054316_247368-016238.parquet,real_data_sample\l2_unseen_validation\trade_date=2026-07-17\exchange=NSE\symbol=ICICIBANK\part-054316_247368-016238.parquet,34951,downloaded,34951,
2026-07-17,NSE,ICICIBANK,raw_l2/trade_date=2026-07-17/exchange=NSE/symbol=ICICIBANK/part-054343_994352-016302.parquet,real_data_sample\l2_unseen_validation\trade_date=2026-07-17\exchange=NSE\symbol=ICICIBANK\part-054343_994352-016302.parquet,34679,downloaded,34679,
2026-07-17,NSE,ICICIBANK,raw_l2/trade_date=2026-07-17/exchange=NSE/symbol=ICICIBANK/part-054330_047509-016270.parquet,real_data_sample\l2_unseen_validation\trade_date=2026-07-17\exchange=NSE\symbol=ICICIBANK\part-054330_047509-016270.parquet,35011,downloaded,35011,
2026-07-17,NSE,ICICIBANK,raw_l2/trade_date=2026-07-17/exchange=NSE/symbol=ICICIBANK/part-054836_922367-016974.parquet,real_data_sample\l2_unseen_validation\trade_date=2026-07-17\exchange=NSE\symbol=ICICIBANK\part-054836_922367-016974.parquet,35613,downloaded,35613,
2026-07-17,NSE,ICICIBANK,raw_l2/trade_date=2026-07-17/exchange=NSE/symbol=ICICIBANK/part-055030_915982-017230.parquet,real_data_sample\l2_unseen_validation\trade_date=2026-07-17\exchange=NSE\symbol=ICICIBANK\part-055030_915982-017230.parquet,36236,downloaded,36236,
2026-07-17,NSE,ICICIBANK,raw_l2/trade_date=2026-07-17/exchange=NSE/symbol=ICICIBANK/part-054933_541858-017102.parquet,real_data_sample\l2_unseen_validation\trade_date=2026-07-17\exchange=NSE\symbol=ICICIBANK\part-054933_541858-017102.parquet,34949,downloaded,34949,
2026-07-17,NSE,ICICIBANK,raw_l2/trade_date=2026-07-17/exchange=NSE/symbol=ICICIBANK/part-055002_505328-017166.parquet,real_data_sample\l2_unseen_validation\trade_date=2026-07-17\exchange=NSE\symbol=ICICIBANK\part-055002_505328-017166.parquet,34924,downloaded,34924,
2026-07-17,NSE,ICICIBANK,raw_l2/trade_date=2026-07-17/exchange=NSE/symbol=ICICIBANK/part-054947_928773-017134.parquet,real_data_sample\l2_unseen_validation\trade_date=2026-07-17\exchange=NSE\symbol=ICICIBANK\part-054947_928773-017134.parquet,35109,downloaded,35109,
2026-07-17,NSE,ICICIBANK,raw_l2/trade_date=2026-07-17/exchange=NSE/symbol=ICICIBANK/part-054905_148035-017038.parquet,real_data_sample\l2_unseen_validation\trade_date=2026-07-17\exchange=NSE\symbol=ICICIBANK\part-054905_148035-017038.parquet,35548,downloaded,35548,
2026-07-17,NSE,ICICIBANK,raw_l2/trade_date=2026-07-17/exchange=NSE/symbol=ICICIBANK/part-054851_129499-017006.parquet,real_data_sample\l2_unseen_validation\trade_date=2026-07-17\exchange=NSE\symbol=ICICIBANK\part-054851_129499-017006.parquet,35666,downloaded,35666,
2026-07-17,NSE,ICICIBANK,raw_l2/trade_date=2026-07-17/exchange=NSE/symbol=ICICIBANK/part-054658_183447-016750.parquet,real_data_sample\l2_unseen_validation\trade_date=2026-07-17\exchange=NSE\symbol=ICICIBANK\part-054658_183447-016750.parquet,34711,downloaded,34711,
2026-07-17,NSE,ICICIBANK,raw_l2/trade_date=2026-07-17/exchange=NSE/symbol=ICICIBANK/part-054919_395548-017070.parquet,real_data_sample\l2_unseen_validation\trade_date=2026-07-17\exchange=NSE\symbol=ICICIBANK\part-054919_395548-017070.parquet,35497,downloaded,35497,
2026-07-17,NSE,ICICIBANK,raw_l2/trade_date=2026-07-17/exchange=NSE/symbol=ICICIBANK/part-055016_958605-017198.parquet,real_data_sample\l2_unseen_validation\trade_date=2026-07-17\exchange=NSE\symbol=ICICIBANK\part-055016_958605-017198.parquet,35176,downloaded,35176,
2026-07-17,NSE,ICICIBANK,raw_l2/trade_date=2026-07-17/exchange=NSE/symbol=ICICIBANK/part-055045_638555-017262.parquet,real_data_sample\l2_unseen_validation\trade_date=2026-07-17\exchange=NSE\symbol=ICICIBANK\part-055045_638555-017262.parquet,36647,downloaded,36647,
2026-07-17,NSE,ICICIBANK,raw_l2/trade_date=2026-07-17/exchange=NSE/symbol=ICICIBANK/part-055100_124159-017294.parquet,real_data_sample\l2_unseen_validation\trade_date=2026-07-17\exchange=NSE\symbol=ICICIBANK\part-055100_124159-017294.parquet,36259,downloaded,36259,
2026-07-17,NSE,ICICIBANK,raw_l2/trade_date=2026-07-17/exchange=NSE/symbol=ICICIBANK/part-055144_422990-017390.parquet,real_data_sample\l2_unseen_validation\trade_date=2026-07-17\exchange=NSE\symbol=ICICIBANK\part-055144_422990-017390.parquet,35640,downloaded,35640,
2026-07-17,NSE,ICICIBANK,raw_l2/trade_date=2026-07-17/exchange=NSE/symbol=ICICIBANK/part-055129_586067-017358.parquet,real_data_sample\l2_unseen_validation\trade_date=2026-07-17\exchange=NSE\symbol=ICICIBANK\part-055129_586067-017358.parquet,35895,downloaded,35895,
2026-07-17,NSE,ICICIBANK,raw_l2/trade_date=2026-07-17/exchange=NSE/symbol=ICICIBANK/part-055114_675150-017326.parquet,real_data_sample\l2_unseen_validation\trade_date=2026-07-17\exchange=NSE\symbol=ICICIBANK\part-055114_675150-017326.parquet,36798,downloaded,36798,
2026-07-17,NSE,ICICIBANK,raw_l2/trade_date=2026-07-17/exchange=NSE/symbol=ICICIBANK/part-055228_102085-017486.parquet,real_data_sample\l2_unseen_validation\trade_date=2026-07-17\exchange=NSE\symbol=ICICIBANK\part-055228_102085-017486.parquet,36132,downloaded,36132,
2026-07-17,NSE,ICICIBANK,raw_l2/trade_date=2026-07-17/exchange=NSE/symbol=ICICIBANK/part-055159_151496-017422.parquet,real_data_sample\l2_unseen_validation\trade_date=2026-07-17\exchange=NSE\symbol=ICICIBANK\part-055159_151496-017422.parquet,35558,downloaded,35558,
2026-07-17,NSE,ICICIBANK,raw_l2/trade_date=2026-07-17/exchange=NSE/symbol=ICICIBANK/part-055213_571716-017454.parquet,real_data_sample\l2_unseen_validation\trade_date=2026-07-17\exchange=NSE\symbol=ICICIBANK\part-055213_571716-017454.parquet,36350,downloaded,36350,
2026-07-17,NSE,ICICIBANK,raw_l2/trade_date=2026-07-17/exchange=NSE/symbol=ICICIBANK/part-055243_077913-017518.parquet,real_data_sample\l2_unseen_validation\trade_date=2026-07-17\exchange=NSE\symbol=ICICIBANK\part-055243_077913-017518.parquet,36159,downloaded,36159,
2026-07-17,NSE,ICICIBANK,raw_l2/trade_date=2026-07-17/exchange=NSE/symbol=ICICIBANK/part-055257_703745-017550.parquet,real_data_sample\l2_unseen_validation\trade_date=2026-07-17\exchange=NSE\symbol=ICICIBANK\part-055257_703745-017550.parquet,36108,downloaded,36108,
2026-07-17,NSE,ICICIBANK,raw_l2/trade_date=2026-07-17/exchange=NSE/symbol=ICICIBANK/part-055354_980633-017678.parquet,real_data_sample\l2_unseen_validation\trade_date=2026-07-17\exchange=NSE\symbol=ICICIBANK\part-055354_980633-017678.parquet,35354,downloaded,35354,
2026-07-17,NSE,ICICIBANK,raw_l2/trade_date=2026-07-17/exchange=NSE/symbol=ICICIBANK/part-055312_046891-017582.parquet,real_data_sample\l2_unseen_validation\trade_date=2026-07-17\exchange=NSE\symbol=ICICIBANK\part-055312_046891-017582.parquet,36784,downloaded,36784,
2026-07-17,NSE,ICICIBANK,raw_l2/trade_date=2026-07-17/exchange=NSE/symbol=ICICIBANK/part-055326_072331-017614.parquet,real_data_sample\l2_unseen_validation\trade_date=2026-07-17\exchange=NSE\symbol=ICICIBANK\part-055326_072331-017614.parquet,35884,downloaded,35884,
2026-07-17,NSE,ICICIBANK,raw_l2/trade_date=2026-07-17/exchange=NSE/symbol=ICICIBANK/part-055340_589264-017646.parquet,real_data_sample\l2_unseen_validation\trade_date=2026-07-17\exchange=NSE\symbol=ICICIBANK\part-055340_589264-017646.parquet,36051,downloaded,36051,
2026-07-17,NSE,ICICIBANK,raw_l2/trade_date=2026-07-17/exchange=NSE/symbol=ICICIBANK/part-055423_338531-017742.parquet,real_data_sample\l2_unseen_validation\trade_date=2026-07-17\exchange=NSE\symbol=ICICIBANK\part-055423_338531-017742.parquet,34883,downloaded,34883,
2026-07-17,NSE,ICICIBANK,raw_l2/trade_date=2026-07-17/exchange=NSE/symbol=ICICIBANK/part-055409_180358-017710.parquet,real_data_sample\l2_unseen_validation\trade_date=2026-07-17\exchange=NSE\symbol=ICICIBANK\part-055409_180358-017710.parquet,35697,downloaded,35697,
2026-07-17,NSE,ICICIBANK,raw_l2/trade_date=2026-07-17/exchange=NSE/symbol=ICICIBANK/part-055437_321633-017774.parquet,real_data_sample\l2_unseen_validation\trade_date=2026-07-17\exchange=NSE\symbol=ICICIBANK\part-055437_321633-017774.parquet,34770,downloaded,34770,
2026-07-17,NSE,ICICIBANK,raw_l2/trade_date=2026-07-17/exchange=NSE/symbol=ICICIBANK/part-055451_344603-017806.parquet,real_data_sample\l2_unseen_validation\trade_date=2026-07-17\exchange=NSE\symbol=ICICIBANK\part-055451_344603-017806.parquet,34882,downloaded,34882,
2026-07-17,NSE,ICICIBANK,raw_l2/trade_date=2026-07-17/exchange=NSE/symbol=ICICIBANK/part-055505_351252-017838.parquet,real_data_sample\l2_unseen_validation\trade_date=2026-07-17\exchange=NSE\symbol=ICICIBANK\part-055505_351252-017838.parquet,35028,downloaded,35028,
2026-07-17,NSE,ICICIBANK,raw_l2/trade_date=2026-07-17/exchange=NSE/symbol=ICICIBANK/part-055519_326978-017870.parquet,real_data_sample\l2_unseen_validation\trade_date=2026-07-17\exchange=NSE\symbol=ICICIBANK\part-055519_326978-017870.parquet,35358,downloaded,35358,
2026-07-17,NSE,ICICIBANK,raw_l2/trade_date=2026-07-17/exchange=NSE/symbol=ICICIBANK/part-055547_325199-017934.parquet,real_data_sample\l2_unseen_validation\trade_date=2026-07-17\exchange=NSE\symbol=ICICIBANK\part-055547_325199-017934.parquet,35788,downloaded,35788,
2026-07-17,NSE,ICICIBANK,raw_l2/trade_date=2026-07-17/exchange=NSE/symbol=ICICIBANK/part-055643_773873-018062.parquet,real_data_sample\l2_unseen_validation\trade_date=2026-07-17\exchange=NSE\symbol=ICICIBANK\part-055643_773873-018062.parquet,34670,downloaded,34670,
2026-07-17,NSE,ICICIBANK,raw_l2/trade_date=2026-07-17/exchange=NSE/symbol=ICICIBANK/part-055657_835287-018094.parquet,real_data_sample\l2_unseen_validation\trade_date=2026-07-17\exchange=NSE\symbol=ICICIBANK\part-055657_835287-018094.parquet,34747,downloaded,34747,
2026-07-17,NSE,ICICIBANK,raw_l2/trade_date=2026-07-17/exchange=NSE/symbol=ICICIBANK/part-055533_363736-017902.parquet,real_data_sample\l2_unseen_validation\trade_date=2026-07-17\exchange=NSE\symbol=ICICIBANK\part-055533_363736-017902.parquet,35863,downloaded,35863,
2026-07-17,NSE,ICICIBANK,raw_l2/trade_date=2026-07-17/exchange=NSE/symbol=ICICIBANK/part-055615_623148-017998.parquet,real_data_sample\l2_unseen_validation\trade_date=2026-07-17\exchange=NSE\symbol=ICICIBANK\part-055615_623148-017998.parquet,35596,downloaded,35596,
2026-07-17,NSE,ICICIBANK,raw_l2/trade_date=2026-07-17/exchange=NSE/symbol=ICICIBANK/part-055601_482145-017966.parquet,real_data_sample\l2_unseen_validation\trade_date=2026-07-17\exchange=NSE\symbol=ICICIBANK\part-055601_482145-017966.parquet,35678,downloaded,35678,
2026-07-17,NSE,ICICIBANK,raw_l2/trade_date=2026-07-17/exchange=NSE/symbol=ICICIBANK/part-055629_596177-018030.parquet,real_data_sample\l2_unseen_validation\trade_date=2026-07-17\exchange=NSE\symbol=ICICIBANK\part-055629_596177-018030.parquet,34705,downloaded,34705,
2026-07-17,NSE,ICICIBANK,raw_l2/trade_date=2026-07-17/exchange=NSE/symbol=ICICIBANK/part-055711_888902-018126.parquet,real_data_sample\l2_unseen_validation\trade_date=2026-07-17\exchange=NSE\symbol=ICICIBANK\part-055711_888902-018126.parquet,35049,downloaded,35049,
2026-07-17,NSE,ICICIBANK,raw_l2/trade_date=2026-07-17/exchange=NSE/symbol=ICICIBANK/part-055725_925501-018158.parquet,real_data_sample\l2_unseen_validation\trade_date=2026-07-17\exchange=NSE\symbol=ICICIBANK\part-055725_925501-018158.parquet,35042,downloaded,35042,
2026-07-17,NSE,ICICIBANK,raw_l2/trade_date=2026-07-17/exchange=NSE/symbol=ICICIBANK/part-055740_124534-018190.parquet,real_data_sample\l2_unseen_validation\trade_date=2026-07-17\exchange=NSE\symbol=ICICIBANK\part-055740_124534-018190.parquet,34779,downloaded,34779,
2026-07-17,NSE,ICICIBANK,raw_l2/trade_date=2026-07-17/exchange=NSE/symbol=ICICIBANK/part-055754_112845-018222.parquet,real_data_sample\l2_unseen_validation\trade_date=2026-07-17\exchange=NSE\symbol=ICICIBANK\part-055754_112845-018222.parquet,34823,downloaded,34823,
2026-07-17,NSE,ICICIBANK,raw_l2/trade_date=2026-07-17/exchange=NSE/symbol=ICICIBANK/part-055808_062175-018254.parquet,real_data_sample\l2_unseen_validation\trade_date=2026-07-17\exchange=NSE\symbol=ICICIBANK\part-055808_062175-018254.parquet,34825,downloaded,34825,
2026-07-17,NSE,ICICIBANK,raw_l2/trade_date=2026-07-17/exchange=NSE/symbol=ICICIBANK/part-055836_387250-018318.parquet,real_data_sample\l2_unseen_validation\trade_date=2026-07-17\exchange=NSE\symbol=ICICIBANK\part-055836_387250-018318.parquet,35904,downloaded,35904,
2026-07-17,NSE,ICICIBANK,raw_l2/trade_date=2026-07-17/exchange=NSE/symbol=ICICIBANK/part-055822_155153-018286.parquet,real_data_sample\l2_unseen_validation\trade_date=2026-07-17\exchange=NSE\symbol=ICICIBANK\part-055822_155153-018286.parquet,35526,downloaded,35526,
2026-07-17,NSE,ICICIBANK,raw_l2/trade_date=2026-07-17/exchange=NSE/symbol=ICICIBANK/part-055850_729988-018350.parquet,real_data_sample\l2_unseen_validation\trade_date=2026-07-17\exchange=NSE\symbol=ICICIBANK\part-055850_729988-018350.parquet,36318,downloaded,36318,
2026-07-17,NSE,ICICIBANK,raw_l2/trade_date=2026-07-17/exchange=NSE/symbol=ICICIBANK/part-054644_245140-016718.parquet,real_data_sample\l2_unseen_validation\trade_date=2026-07-17\exchange=NSE\symbol=ICICIBANK\part-054644_245140-016718.parquet,34798,downloaded,34798,
2026-07-17,NSE,ICICIBANK,raw_l2/trade_date=2026-07-17/exchange=NSE/symbol=ICICIBANK/part-055904_848382-018382.parquet,real_data_sample\l2_unseen_validation\trade_date=2026-07-17\exchange=NSE\symbol=ICICIBANK\part-055904_848382-018382.parquet,36197,downloaded,36197,
2026-07-17,NSE,ICICIBANK,raw_l2/trade_date=2026-07-17/exchange=NSE/symbol=ICICIBANK/part-054507_214936-016494.parquet,real_data_sample\l2_unseen_validation\trade_date=2026-07-17\exchange=NSE\symbol=ICICIBANK\part-054507_214936-016494.parquet,36125,downloaded,36125,
2026-07-17,NSE,ICICIBANK,raw_l2/trade_date=2026-07-17/exchange=NSE/symbol=ICICIBANK/part-055918_854682-018414.parquet,real_data_sample\l2_unseen_validation\trade_date=2026-07-17\exchange=NSE\symbol=ICICIBANK\part-055918_854682-018414.parquet,35913,downloaded,35913,
2026-07-17,NSE,ICICIBANK,raw_l2/trade_date=2026-07-17/exchange=NSE/symbol=ICICIBANK/part-054206_473210-016078.parquet,real_data_sample\l2_unseen_validation\trade_date=2026-07-17\exchange=NSE\symbol=ICICIBANK\part-054206_473210-016078.parquet,34721,downloaded,34721,
2026-07-17,NSE,ICICIBANK,raw_l2/trade_date=2026-07-17/exchange=NSE/symbol=ICICIBANK/part-055933_096495-018446.parquet,real_data_sample\l2_unseen_validation\trade_date=2026-07-17\exchange=NSE\symbol=ICICIBANK\part-055933_096495-018446.parquet,35787,downloaded,35787,
2026-07-17,NSE,ICICIBANK,raw_l2/trade_date=2026-07-17/exchange=NSE/symbol=ICICIBANK/part-054548_974333-016590.parquet,real_data_sample\l2_unseen_validation\trade_date=2026-07-17\exchange=NSE\symbol=ICICIBANK\part-054548_974333-016590.parquet,34842,downloaded,34842,
2026-07-17,NSE,ICICIBANK,raw_l2/trade_date=2026-07-17/exchange=NSE/symbol=ICICIBANK/part-054453_511124-016462.parquet,real_data_sample\l2_unseen_validation\trade_date=2026-07-17\exchange=NSE\symbol=ICICIBANK\part-054453_511124-016462.parquet,35867,downloaded,35867,
2026-07-17,NSE,ICICIBANK,raw_l2/trade_date=2026-07-17/exchange=NSE/symbol=ICICIBANK/part-054220_463127-016110.parquet,real_data_sample\l2_unseen_validation\trade_date=2026-07-17\exchange=NSE\symbol=ICICIBANK\part-054220_463127-016110.parquet,34886,downloaded,34886,
2026-07-17,NSE,ICICIBANK,raw_l2/trade_date=2026-07-17/exchange=NSE/symbol=ICICIBANK/part-054712_115586-016782.parquet,real_data_sample\l2_unseen_validation\trade_date=2026-07-17\exchange=NSE\symbol=ICICIBANK\part-054712_115586-016782.parquet,34903,downloaded,34903,
2026-07-17,NSE,ICICIBANK,raw_l2/trade_date=2026-07-17/exchange=NSE/symbol=ICICIBANK/part-054754_557511-016878.parquet,real_data_sample\l2_unseen_validation\trade_date=2026-07-17\exchange=NSE\symbol=ICICIBANK\part-054754_557511-016878.parquet,35790,downloaded,35790,
2026-07-17,NSE,ICICIBANK,raw_l2/trade_date=2026-07-17/exchange=NSE/symbol=ICICIBANK/part-060030_177390-018574.parquet,real_data_sample\l2_unseen_validation\trade_date=2026-07-17\exchange=NSE\symbol=ICICIBANK\part-060030_177390-018574.parquet,36251,downloaded,36251,
2026-07-17,NSE,ICICIBANK,raw_l2/trade_date=2026-07-17/exchange=NSE/symbol=ICICIBANK/part-060001_928083-018510.parquet,real_data_sample\l2_unseen_validation\trade_date=2026-07-17\exchange=NSE\symbol=ICICIBANK\part-060001_928083-018510.parquet,36138,downloaded,36138,
2026-07-17,NSE,ICICIBANK,raw_l2/trade_date=2026-07-17/exchange=NSE/symbol=ICICIBANK/part-054152_503701-016046.parquet,real_data_sample\l2_unseen_validation\trade_date=2026-07-17\exchange=NSE\symbol=ICICIBANK\part-054152_503701-016046.parquet,34675,downloaded,34675,
2026-07-17,NSE,ICICIBANK,raw_l2/trade_date=2026-07-17/exchange=NSE/symbol=ICICIBANK/part-055947_251912-018478.parquet,real_data_sample\l2_unseen_validation\trade_date=2026-07-17\exchange=NSE\symbol=ICICIBANK\part-055947_251912-018478.parquet,35981,downloaded,35981,
2026-07-17,NSE,ICICIBANK,raw_l2/trade_date=2026-07-17/exchange=NSE/symbol=ICICIBANK/part-060112_860281-018670.parquet,real_data_sample\l2_unseen_validation\trade_date=2026-07-17\exchange=NSE\symbol=ICICIBANK\part-060112_860281-018670.parquet,36227,downloaded,36227,
2026-07-17,NSE,ICICIBANK,raw_l2/trade_date=2026-07-17/exchange=NSE/symbol=ICICIBANK/part-060044_428306-018606.parquet,real_data_sample\l2_unseen_validation\trade_date=2026-07-17\exchange=NSE\symbol=ICICIBANK\part-060044_428306-018606.parquet,36266,downloaded,36266,
2026-07-17,NSE,ICICIBANK,raw_l2/trade_date=2026-07-17/exchange=NSE/symbol=ICICIBANK/part-060016_102342-018542.parquet,real_data_sample\l2_unseen_validation\trade_date=2026-07-17\exchange=NSE\symbol=ICICIBANK\part-060016_102342-018542.parquet,36637,downloaded,36637,
2026-07-17,NSE,ICICIBANK,raw_l2/trade_date=2026-07-17/exchange=NSE/symbol=ICICIBANK/part-054357_761148-016334.parquet,real_data_sample\l2_unseen_validation\trade_date=2026-07-17\exchange=NSE\symbol=ICICIBANK\part-054357_761148-016334.parquet,34668,downloaded,34668,
2026-07-17,NSE,ICICIBANK,raw_l2/trade_date=2026-07-17/exchange=NSE/symbol=ICICIBANK/part-060058_655570-018638.parquet,real_data_sample\l2_unseen_validation\trade_date=2026-07-17\exchange=NSE\symbol=ICICIBANK\part-060058_655570-018638.parquet,35921,downloaded,35921,
2026-07-17,NSE,ICICIBANK,raw_l2/trade_date=2026-07-17/exchange=NSE/symbol=ICICIBANK/part-054302_245067-016206.parquet,real_data_sample\l2_unseen_validation\trade_date=2026-07-17\exchange=NSE\symbol=ICICIBANK\part-054302_245067-016206.parquet,34768,downloaded,34768,
2026-07-17,NSE,ICICIBANK,raw_l2/trade_date=2026-07-17/exchange=NSE/symbol=ICICIBANK/part-054630_474192-016686.parquet,real_data_sample\l2_unseen_validation\trade_date=2026-07-17\exchange=NSE\symbol=ICICIBANK\part-054630_474192-016686.parquet,34710,downloaded,34710,
2026-07-17,NSE,ICICIBANK,raw_l2/trade_date=2026-07-17/exchange=NSE/symbol=ICICIBANK/part-054535_028322-016558.parquet,real_data_sample\l2_unseen_validation\trade_date=2026-07-17\exchange=NSE\symbol=ICICIBANK\part-054535_028322-016558.parquet,34709,downloaded,34709,
2026-07-17,NSE,ICICIBANK,raw_l2/trade_date=2026-07-17/exchange=NSE/symbol=ICICIBANK/part-060126_885981-018702.parquet,real_data_sample\l2_unseen_validation\trade_date=2026-07-17\exchange=NSE\symbol=ICICIBANK\part-060126_885981-018702.parquet,36466,downloaded,36466,
2026-07-17,NSE,ICICIBANK,raw_l2/trade_date=2026-07-17/exchange=NSE/symbol=ICICIBANK/part-054616_724909-016654.parquet,real_data_sample\l2_unseen_validation\trade_date=2026-07-17\exchange=NSE\symbol=ICICIBANK\part-054616_724909-016654.parquet,34784,downloaded,34784,
2026-07-17,NSE,ICICIBANK,raw_l2/trade_date=2026-07-17/exchange=NSE/symbol=ICICIBANK/part-060155_091111-018766.parquet,real_data_sample\l2_unseen_validation\trade_date=2026-07-17\exchange=NSE\symbol=ICICIBANK\part-060155_091111-018766.parquet,35644,downloaded,35644,
2026-07-17,NSE,ICICIBANK,raw_l2/trade_date=2026-07-17/exchange=NSE/symbol=ICICIBANK/part-054726_330712-016814.parquet,real_data_sample\l2_unseen_validation\trade_date=2026-07-17\exchange=NSE\symbol=ICICIBANK\part-054726_330712-016814.parquet,35880,downloaded,35880,
2026-07-17,NSE,ICICIBANK,raw_l2/trade_date=2026-07-17/exchange=NSE/symbol=ICICIBANK/part-054602_797627-016622.parquet,real_data_sample\l2_unseen_validation\trade_date=2026-07-17\exchange=NSE\symbol=ICICIBANK\part-054602_797627-016622.parquet,34843,downloaded,34843,
2026-07-17,NSE,ICICIBANK,raw_l2/trade_date=2026-07-17/exchange=NSE/symbol=ICICIBANK/part-054234_184517-016142.parquet,real_data_sample\l2_unseen_validation\trade_date=2026-07-17\exchange=NSE\symbol=ICICIBANK\part-054234_184517-016142.parquet,34750,downloaded,34750,
2026-07-17,NSE,ICICIBANK,raw_l2/trade_date=2026-07-17/exchange=NSE/symbol=ICICIBANK/part-060140_981241-018734.parquet,real_data_sample\l2_unseen_validation\trade_date=2026-07-17\exchange=NSE\symbol=ICICIBANK\part-060140_981241-018734.parquet,36008,downloaded,36008,
2026-07-17,NSE,ICICIBANK,raw_l2/trade_date=2026-07-17/exchange=NSE/symbol=ICICIBANK/part-054124_923177-015982.parquet,real_data_sample\l2_unseen_validation\trade_date=2026-07-17\exchange=NSE\symbol=ICICIBANK\part-054124_923177-015982.parquet,34987,downloaded,34987,
2026-07-17,NSE,ICICIBANK,raw_l2/trade_date=2026-07-17/exchange=NSE/symbol=ICICIBANK/part-060209_072387-018798.parquet,real_data_sample\l2_unseen_validation\trade_date=2026-07-17\exchange=NSE\symbol=ICICIBANK\part-060209_072387-018798.parquet,35699,downloaded,35699,
2026-07-17,NSE,ICICIBANK,raw_l2/trade_date=2026-07-17/exchange=NSE/symbol=ICICIBANK/part-054521_236928-016526.parquet,real_data_sample\l2_unseen_validation\trade_date=2026-07-17\exchange=NSE\symbol=ICICIBANK\part-054521_236928-016526.parquet,35087,downloaded,35087,
2026-07-17,NSE,ICICIBANK,raw_l2/trade_date=2026-07-17/exchange=NSE/symbol=ICICIBANK/part-060223_342836-018830.parquet,real_data_sample\l2_unseen_validation\trade_date=2026-07-17\exchange=NSE\symbol=ICICIBANK\part-060223_342836-018830.parquet,36094,downloaded,36094,
2026-07-17,NSE,ICICIBANK,raw_l2/trade_date=2026-07-17/exchange=NSE/symbol=ICICIBANK/part-060237_406782-018862.parquet,real_data_sample\l2_unseen_validation\trade_date=2026-07-17\exchange=NSE\symbol=ICICIBANK\part-060237_406782-018862.parquet,35644,downloaded,35644,
2026-07-17,NSE,ICICIBANK,raw_l2/trade_date=2026-07-17/exchange=NSE/symbol=ICICIBANK/part-054248_217827-016174.parquet,real_data_sample\l2_unseen_validation\trade_date=2026-07-17\exchange=NSE\symbol=ICICIBANK\part-054248_217827-016174.parquet,34617,downloaded,34617,
2026-07-17,NSE,ICICIBANK,raw_l2/trade_date=2026-07-17/exchange=NSE/symbol=ICICIBANK/part-060251_421907-018894.parquet,real_data_sample\l2_unseen_validation\trade_date=2026-07-17\exchange=NSE\symbol=ICICIBANK\part-060251_421907-018894.parquet,36222,downloaded,36222,
2026-07-17,NSE,ICICIBANK,raw_l2/trade_date=2026-07-17/exchange=NSE/symbol=ICICIBANK/part-060305_592825-018926.parquet,real_data_sample\l2_unseen_validation\trade_date=2026-07-17\exchange=NSE\symbol=ICICIBANK\part-060305_592825-018926.parquet,35924,downloaded,35924,
2026-07-17,NSE,ICICIBANK,raw_l2/trade_date=2026-07-17/exchange=NSE/symbol=ICICIBANK/part-060319_610954-018958.parquet,real_data_sample\l2_unseen_validation\trade_date=2026-07-17\exchange=NSE\symbol=ICICIBANK\part-060319_610954-018958.parquet,35885,downloaded,35885,
2026-07-17,NSE,ICICIBANK,raw_l2/trade_date=2026-07-17/exchange=NSE/symbol=ICICIBANK/part-060333_616134-018990.parquet,real_data_sample\l2_unseen_validation\trade_date=2026-07-17\exchange=NSE\symbol=ICICIBANK\part-060333_616134-018990.parquet,36234,downloaded,36234,
2026-07-17,NSE,ICICIBANK,raw_l2/trade_date=2026-07-17/exchange=NSE/symbol=ICICIBANK/part-054808_497613-016910.parquet,real_data_sample\l2_unseen_validation\trade_date=2026-07-17\exchange=NSE\symbol=ICICIBANK\part-054808_497613-016910.parquet,36029,downloaded,36029,
2026-07-17,NSE,ICICIBANK,raw_l2/trade_date=2026-07-17/exchange=NSE/symbol=ICICIBANK/part-060554_524871-019310.parquet,real_data_sample\l2_unseen_validation\trade_date=2026-07-17\exchange=NSE\symbol=ICICIBANK\part-060554_524871-019310.parquet,35355,downloaded,35355,
2026-07-17,NSE,ICICIBANK,raw_l2/trade_date=2026-07-17/exchange=NSE/symbol=ICICIBANK/part-060732_977535-019534.parquet,real_data_sample\l2_unseen_validation\trade_date=2026-07-17\exchange=NSE\symbol=ICICIBANK\part-060732_977535-019534.parquet,36048,downloaded,36048,
2026-07-17,NSE,ICICIBANK,raw_l2/trade_date=2026-07-17/exchange=NSE/symbol=ICICIBANK/part-060958_033142-019854.parquet,real_data_sample\l2_unseen_validation\trade_date=2026-07-17\exchange=NSE\symbol=ICICIBANK\part-060958_033142-019854.parquet,34987,downloaded,34987,
2026-07-17,NSE,ICICIBANK,raw_l2/trade_date=2026-07-17/exchange=NSE/symbol=ICICIBANK/part-061026_653787-019918.parquet,real_data_sample\l2_unseen_validation\trade_date=2026-07-17\exchange=NSE\symbol=ICICIBANK\part-061026_653787-019918.parquet,36305,downloaded,36305,
2026-07-17,NSE,ICICIBANK,raw_l2/trade_date=2026-07-17/exchange=NSE/symbol=ICICIBANK/part-061012_360525-019886.parquet,real_data_sample\l2_unseen_validation\trade_date=2026-07-17\exchange=NSE\symbol=ICICIBANK\part-061012_360525-019886.parquet,35108,downloaded,35108,
2026-07-17,NSE,ICICIBANK,raw_l2/trade_date=2026-07-17/exchange=NSE/symbol=ICICIBANK/part-061040_862904-019950.parquet,real_data_sample\l2_unseen_validation\trade_date=2026-07-17\exchange=NSE\symbol=ICICIBANK\part-061040_862904-019950.parquet,35564,downloaded,35564,
2026-07-17,NSE,ICICIBANK,raw_l2/trade_date=2026-07-17/exchange=NSE/symbol=ICICIBANK/part-060929_394430-019790.parquet,real_data_sample\l2_unseen_validation\trade_date=2026-07-17\exchange=NSE\symbol=ICICIBANK\part-060929_394430-019790.parquet,34926,downloaded,34926,
2026-07-17,NSE,ICICIBANK,raw_l2/trade_date=2026-07-17/exchange=NSE/symbol=ICICIBANK/part-060914_881820-019758.parquet,real_data_sample\l2_unseen_validation\trade_date=2026-07-17\exchange=NSE\symbol=ICICIBANK\part-060914_881820-019758.parquet,35764,downloaded,35764,
2026-07-17,NSE,ICICIBANK,raw_l2/trade_date=2026-07-17/exchange=NSE/symbol=ICICIBANK/part-060943_802991-019822.parquet,real_data_sample\l2_unseen_validation\trade_date=2026-07-17\exchange=NSE\symbol=ICICIBANK\part-060943_802991-019822.parquet,35034,downloaded,35034,
2026-07-17,NSE,ICICIBANK,raw_l2/trade_date=2026-07-17/exchange=NSE/symbol=ICICIBANK/part-060846_545440-019694.parquet,real_data_sample\l2_unseen_validation\trade_date=2026-07-17\exchange=NSE\symbol=ICICIBANK\part-060846_545440-019694.parquet,35848,downloaded,35848,
2026-07-17,NSE,ICICIBANK,raw_l2/trade_date=2026-07-17/exchange=NSE/symbol=ICICIBANK/part-060900_826859-019726.parquet,real_data_sample\l2_unseen_validation\trade_date=2026-07-17\exchange=NSE\symbol=ICICIBANK\part-060900_826859-019726.parquet,35637,downloaded,35637,
2026-07-17,NSE,ICICIBANK,raw_l2/trade_date=2026-07-17/exchange=NSE/symbol=ICICIBANK/part-061055_381515-019982.parquet,real_data_sample\l2_unseen_validation\trade_date=2026-07-17\exchange=NSE\symbol=ICICIBANK\part-061055_381515-019982.parquet,35799,downloaded,35799,
2026-07-17,NSE,ICICIBANK,raw_l2/trade_date=2026-07-17/exchange=NSE/symbol=ICICIBANK/part-061109_839805-020014.parquet,real_data_sample\l2_unseen_validation\trade_date=2026-07-17\exchange=NSE\symbol=ICICIBANK\part-061109_839805-020014.parquet,36025,downloaded,36025,
2026-07-17,NSE,ICICIBANK,raw_l2/trade_date=2026-07-17/exchange=NSE/symbol=ICICIBANK/part-061124_203158-020046.parquet,real_data_sample\l2_unseen_validation\trade_date=2026-07-17\exchange=NSE\symbol=ICICIBANK\part-061124_203158-020046.parquet,35775,downloaded,35775,
2026-07-17,NSE,ICICIBANK,raw_l2/trade_date=2026-07-17/exchange=NSE/symbol=ICICIBANK/part-061305_171254-020270.parquet,real_data_sample\l2_unseen_validation\trade_date=2026-07-17\exchange=NSE\symbol=ICICIBANK\part-061305_171254-020270.parquet,35937,downloaded,35937,
2026-07-17,NSE,ICICIBANK,raw_l2/trade_date=2026-07-17/exchange=NSE/symbol=ICICIBANK/part-061250_748430-020238.parquet,real_data_sample\l2_unseen_validation\trade_date=2026-07-17\exchange=NSE\symbol=ICICIBANK\part-061250_748430-020238.parquet,35910,downloaded,35910,
2026-07-17,NSE,ICICIBANK,raw_l2/trade_date=2026-07-17/exchange=NSE/symbol=ICICIBANK/part-061138_495543-020078.parquet,real_data_sample\l2_unseen_validation\trade_date=2026-07-17\exchange=NSE\symbol=ICICIBANK\part-061138_495543-020078.parquet,36404,downloaded,36404,
2026-07-17,NSE,ICICIBANK,raw_l2/trade_date=2026-07-17/exchange=NSE/symbol=ICICIBANK/part-061236_420701-020206.parquet,real_data_sample\l2_unseen_validation\trade_date=2026-07-17\exchange=NSE\symbol=ICICIBANK\part-061236_420701-020206.parquet,35360,downloaded,35360,
2026-07-17,NSE,ICICIBANK,raw_l2/trade_date=2026-07-17/exchange=NSE/symbol=ICICIBANK/part-061221_928508-020174.parquet,real_data_sample\l2_unseen_validation\trade_date=2026-07-17\exchange=NSE\symbol=ICICIBANK\part-061221_928508-020174.parquet,36077,downloaded,36077,
2026-07-17,NSE,ICICIBANK,raw_l2/trade_date=2026-07-17/exchange=NSE/symbol=ICICIBANK/part-061153_008441-020110.parquet,real_data_sample\l2_unseen_validation\trade_date=2026-07-17\exchange=NSE\symbol=ICICIBANK\part-061153_008441-020110.parquet,35639,downloaded,35639,
2026-07-17,NSE,ICICIBANK,raw_l2/trade_date=2026-07-17/exchange=NSE/symbol=ICICIBANK/part-061319_701263-020302.parquet,real_data_sample\l2_unseen_validation\trade_date=2026-07-17\exchange=NSE\symbol=ICICIBANK\part-061319_701263-020302.parquet,36395,downloaded,36395,
2026-07-17,NSE,ICICIBANK,raw_l2/trade_date=2026-07-17/exchange=NSE/symbol=ICICIBANK/part-061207_422937-020142.parquet,real_data_sample\l2_unseen_validation\trade_date=2026-07-17\exchange=NSE\symbol=ICICIBANK\part-061207_422937-020142.parquet,36216,downloaded,36216,
2026-07-17,NSE,ICICIBANK,raw_l2/trade_date=2026-07-17/exchange=NSE/symbol=ICICIBANK/part-061333_913536-020334.parquet,real_data_sample\l2_unseen_validation\trade_date=2026-07-17\exchange=NSE\symbol=ICICIBANK\part-061333_913536-020334.parquet,36180,downloaded,36180,
2026-07-17,NSE,ICICIBANK,raw_l2/trade_date=2026-07-17/exchange=NSE/symbol=ICICIBANK/part-061348_431007-020366.parquet,real_data_sample\l2_unseen_validation\trade_date=2026-07-17\exchange=NSE\symbol=ICICIBANK\part-061348_431007-020366.parquet,36212,downloaded,36212,
2026-07-17,NSE,ICICIBANK,raw_l2/trade_date=2026-07-17/exchange=NSE/symbol=ICICIBANK/part-061402_670504-020398.parquet,real_data_sample\l2_unseen_validation\trade_date=2026-07-17\exchange=NSE\symbol=ICICIBANK\part-061402_670504-020398.parquet,36027,downloaded,36027,
2026-07-17,NSE,ICICIBANK,raw_l2/trade_date=2026-07-17/exchange=NSE/symbol=ICICIBANK/part-061459_949754-020526.parquet,real_data_sample\l2_unseen_validation\trade_date=2026-07-17\exchange=NSE\symbol=ICICIBANK\part-061459_949754-020526.parquet,36332,downloaded,36332,
2026-07-17,NSE,ICICIBANK,raw_l2/trade_date=2026-07-17/exchange=NSE/symbol=ICICIBANK/part-061514_421627-020558.parquet,real_data_sample\l2_unseen_validation\trade_date=2026-07-17\exchange=NSE\symbol=ICICIBANK\part-061514_421627-020558.parquet,35971,downloaded,35971,
2026-07-17,NSE,ICICIBANK,raw_l2/trade_date=2026-07-17/exchange=NSE/symbol=ICICIBANK/part-061445_615590-020494.parquet,real_data_sample\l2_unseen_validation\trade_date=2026-07-17\exchange=NSE\symbol=ICICIBANK\part-061445_615590-020494.parquet,36220,downloaded,36220,
2026-07-17,NSE,ICICIBANK,raw_l2/trade_date=2026-07-17/exchange=NSE/symbol=ICICIBANK/part-061528_960898-020590.parquet,real_data_sample\l2_unseen_validation\trade_date=2026-07-17\exchange=NSE\symbol=ICICIBANK\part-061528_960898-020590.parquet,35935,downloaded,35935,
2026-07-17,NSE,ICICIBANK,raw_l2/trade_date=2026-07-17/exchange=NSE/symbol=ICICIBANK/part-061543_149356-020622.parquet,real_data_sample\l2_unseen_validation\trade_date=2026-07-17\exchange=NSE\symbol=ICICIBANK\part-061543_149356-020622.parquet,36191,downloaded,36191,
2026-07-17,NSE,ICICIBANK,raw_l2/trade_date=2026-07-17/exchange=NSE/symbol=ICICIBANK/part-061416_964890-020430.parquet,real_data_sample\l2_unseen_validation\trade_date=2026-07-17\exchange=NSE\symbol=ICICIBANK\part-061416_964890-020430.parquet,35629,downloaded,35629,
2026-07-17,NSE,ICICIBANK,raw_l2/trade_date=2026-07-17/exchange=NSE/symbol=ICICIBANK/part-061431_357398-020462.parquet,real_data_sample\l2_unseen_validation\trade_date=2026-07-17\exchange=NSE\symbol=ICICIBANK\part-061431_357398-020462.parquet,35986,downloaded,35986,
2026-07-17,NSE,ICICIBANK,raw_l2/trade_date=2026-07-17/exchange=NSE/symbol=ICICIBANK/part-061557_734645-020654.parquet,real_data_sample\l2_unseen_validation\trade_date=2026-07-17\exchange=NSE\symbol=ICICIBANK\part-061557_734645-020654.parquet,35871,downloaded,35871,
2026-07-17,NSE,ICICIBANK,raw_l2/trade_date=2026-07-17/exchange=NSE/symbol=ICICIBANK/part-061627_909404-020718.parquet,real_data_sample\l2_unseen_validation\trade_date=2026-07-17\exchange=NSE\symbol=ICICIBANK\part-061627_909404-020718.parquet,35932,downloaded,35932,
2026-07-17,NSE,ICICIBANK,raw_l2/trade_date=2026-07-17/exchange=NSE/symbol=ICICIBANK/part-061612_482353-020686.parquet,real_data_sample\l2_unseen_validation\trade_date=2026-07-17\exchange=NSE\symbol=ICICIBANK\part-061612_482353-020686.parquet,35886,downloaded,35886,
2026-07-17,NSE,ICICIBANK,raw_l2/trade_date=2026-07-17/exchange=NSE/symbol=ICICIBANK/part-061642_077742-020750.parquet,real_data_sample\l2_unseen_validation\trade_date=2026-07-17\exchange=NSE\symbol=ICICIBANK\part-061642_077742-020750.parquet,36281,downloaded,36281,
2026-07-17,NSE,ICICIBANK,raw_l2/trade_date=2026-07-17/exchange=NSE/symbol=ICICIBANK/part-061821_980609-020974.parquet,real_data_sample\l2_unseen_validation\trade_date=2026-07-17\exchange=NSE\symbol=ICICIBANK\part-061821_980609-020974.parquet,36413,downloaded,36413,
2026-07-17,NSE,ICICIBANK,raw_l2/trade_date=2026-07-17/exchange=NSE/symbol=ICICIBANK/part-061807_882737-020942.parquet,real_data_sample\l2_unseen_validation\trade_date=2026-07-17\exchange=NSE\symbol=ICICIBANK\part-061807_882737-020942.parquet,35979,downloaded,35979,
2026-07-17,NSE,ICICIBANK,raw_l2/trade_date=2026-07-17/exchange=NSE/symbol=ICICIBANK/part-061752_955208-020910.parquet,real_data_sample\l2_unseen_validation\trade_date=2026-07-17\exchange=NSE\symbol=ICICIBANK\part-061752_955208-020910.parquet,36046,downloaded,36046,
2026-07-17,NSE,ICICIBANK,raw_l2/trade_date=2026-07-17/exchange=NSE/symbol=ICICIBANK/part-061738_581734-020878.parquet,real_data_sample\l2_unseen_validation\trade_date=2026-07-17\exchange=NSE\symbol=ICICIBANK\part-061738_581734-020878.parquet,35741,downloaded,35741,
2026-07-17,NSE,ICICIBANK,raw_l2/trade_date=2026-07-17/exchange=NSE/symbol=ICICIBANK/part-061656_082016-020782.parquet,real_data_sample\l2_unseen_validation\trade_date=2026-07-17\exchange=NSE\symbol=ICICIBANK\part-061656_082016-020782.parquet,36189,downloaded,36189,
2026-07-17,NSE,ICICIBANK,raw_l2/trade_date=2026-07-17/exchange=NSE/symbol=ICICIBANK/part-061710_394493-020814.parquet,real_data_sample\l2_unseen_validation\trade_date=2026-07-17\exchange=NSE\symbol=ICICIBANK\part-061710_394493-020814.parquet,35925,downloaded,35925,
2026-07-17,NSE,ICICIBANK,raw_l2/trade_date=2026-07-17/exchange=NSE/symbol=ICICIBANK/part-061724_593472-020846.parquet,real_data_sample\l2_unseen_validation\trade_date=2026-07-17\exchange=NSE\symbol=ICICIBANK\part-061724_593472-020846.parquet,36372,downloaded,36372,
2026-07-17,NSE,ICICIBANK,raw_l2/trade_date=2026-07-17/exchange=NSE/symbol=ICICIBANK/part-061836_814933-021006.parquet,real_data_sample\l2_unseen_validation\trade_date=2026-07-17\exchange=NSE\symbol=ICICIBANK\part-061836_814933-021006.parquet,35909,downloaded,35909,
2026-07-17,NSE,ICICIBANK,raw_l2/trade_date=2026-07-17/exchange=NSE/symbol=ICICIBANK/part-061851_069801-021038.parquet,real_data_sample\l2_unseen_validation\trade_date=2026-07-17\exchange=NSE\symbol=ICICIBANK\part-061851_069801-021038.parquet,36309,downloaded,36309,
2026-07-17,NSE,ICICIBANK,raw_l2/trade_date=2026-07-17/exchange=NSE/symbol=ICICIBANK/part-061905_139501-021070.parquet,real_data_sample\l2_unseen_validation\trade_date=2026-07-17\exchange=NSE\symbol=ICICIBANK\part-061905_139501-021070.parquet,35943,downloaded,35943,
2026-07-17,NSE,ICICIBANK,raw_l2/trade_date=2026-07-17/exchange=NSE/symbol=ICICIBANK/part-061919_506193-021102.parquet,real_data_sample\l2_unseen_validation\trade_date=2026-07-17\exchange=NSE\symbol=ICICIBANK\part-061919_506193-021102.parquet,35797,downloaded,35797,
2026-07-17,NSE,ICICIBANK,raw_l2/trade_date=2026-07-17/exchange=NSE/symbol=ICICIBANK/part-054740_376738-016846.parquet,real_data_sample\l2_unseen_validation\trade_date=2026-07-17\exchange=NSE\symbol=ICICIBANK\part-054740_376738-016846.parquet,35941,downloaded,35941,
2026-07-17,NSE,ICICIBANK,raw_l2/trade_date=2026-07-17/exchange=NSE/symbol=ICICIBANK/part-062016_556986-021230.parquet,real_data_sample\l2_unseen_validation\trade_date=2026-07-17\exchange=NSE\symbol=ICICIBANK\part-062016_556986-021230.parquet,35983,downloaded,35983,
2026-07-17,NSE,ICICIBANK,raw_l2/trade_date=2026-07-17/exchange=NSE/symbol=ICICIBANK/part-062002_374143-021198.parquet,real_data_sample\l2_unseen_validation\trade_date=2026-07-17\exchange=NSE\symbol=ICICIBANK\part-062002_374143-021198.parquet,36226,downloaded,36226,
2026-07-17,NSE,ICICIBANK,raw_l2/trade_date=2026-07-17/exchange=NSE/symbol=ICICIBANK/part-062030_699859-021262.parquet,real_data_sample\l2_unseen_validation\trade_date=2026-07-17\exchange=NSE\symbol=ICICIBANK\part-062030_699859-021262.parquet,35983,downloaded,35983,
2026-07-17,NSE,ICICIBANK,raw_l2/trade_date=2026-07-17/exchange=NSE/symbol=ICICIBANK/part-062045_462063-021294.parquet,real_data_sample\l2_unseen_validation\trade_date=2026-07-17\exchange=NSE\symbol=ICICIBANK\part-062045_462063-021294.parquet,36124,downloaded,36124,
2026-07-17,NSE,ICICIBANK,raw_l2/trade_date=2026-07-17/exchange=NSE/symbol=ICICIBANK/part-061948_099840-021166.parquet,real_data_sample\l2_unseen_validation\trade_date=2026-07-17\exchange=NSE\symbol=ICICIBANK\part-061948_099840-021166.parquet,36089,downloaded,36089,
2026-07-17,NSE,ICICIBANK,raw_l2/trade_date=2026-07-17/exchange=NSE/symbol=ICICIBANK/part-061934_051063-021134.parquet,real_data_sample\l2_unseen_validation\trade_date=2026-07-17\exchange=NSE\symbol=ICICIBANK\part-061934_051063-021134.parquet,36304,downloaded,36304,
2026-07-17,NSE,ICICIBANK,raw_l2/trade_date=2026-07-17/exchange=NSE/symbol=ICICIBANK/part-062059_964527-021326.parquet,real_data_sample\l2_unseen_validation\trade_date=2026-07-17\exchange=NSE\symbol=ICICIBANK\part-062059_964527-021326.parquet,36425,downloaded,36425,
2026-07-17,NSE,ICICIBANK,raw_l2/trade_date=2026-07-17/exchange=NSE/symbol=ICICIBANK/part-062114_452291-021358.parquet,real_data_sample\l2_unseen_validation\trade_date=2026-07-17\exchange=NSE\symbol=ICICIBANK\part-062114_452291-021358.parquet,35915,downloaded,35915,
2026-07-17,NSE,ICICIBANK,raw_l2/trade_date=2026-07-17/exchange=NSE/symbol=ICICIBANK/part-062128_624386-021390.parquet,real_data_sample\l2_unseen_validation\trade_date=2026-07-17\exchange=NSE\symbol=ICICIBANK\part-062128_624386-021390.parquet,35888,downloaded,35888,
2026-07-17,NSE,ICICIBANK,raw_l2/trade_date=2026-07-17/exchange=NSE/symbol=ICICIBANK/part-062156_801153-021454.parquet,real_data_sample\l2_unseen_validation\trade_date=2026-07-17\exchange=NSE\symbol=ICICIBANK\part-062156_801153-021454.parquet,35751,downloaded,35751,
2026-07-17,NSE,ICICIBANK,raw_l2/trade_date=2026-07-17/exchange=NSE/symbol=ICICIBANK/part-054425_711880-016398.parquet,real_data_sample\l2_unseen_validation\trade_date=2026-07-17\exchange=NSE\symbol=ICICIBANK\part-054425_711880-016398.parquet,35610,downloaded,35610,
2026-07-17,NSE,ICICIBANK,raw_l2/trade_date=2026-07-17/exchange=NSE/symbol=ICICIBANK/part-062142_516864-021422.parquet,real_data_sample\l2_unseen_validation\trade_date=2026-07-17\exchange=NSE\symbol=ICICIBANK\part-062142_516864-021422.parquet,35929,downloaded,35929,
2026-07-17,NSE,ICICIBANK,raw_l2/trade_date=2026-07-17/exchange=NSE/symbol=ICICIBANK/part-062225_362265-021518.parquet,real_data_sample\l2_unseen_validation\trade_date=2026-07-17\exchange=NSE\symbol=ICICIBANK\part-062225_362265-021518.parquet,35050,downloaded,35050,
2026-07-17,NSE,ICICIBANK,raw_l2/trade_date=2026-07-17/exchange=NSE/symbol=ICICIBANK/part-062239_652522-021550.parquet,real_data_sample\l2_unseen_validation\trade_date=2026-07-17\exchange=NSE\symbol=ICICIBANK\part-062239_652522-021550.parquet,34961,downloaded,34961,
2026-07-17,NSE,ICICIBANK,raw_l2/trade_date=2026-07-17/exchange=NSE/symbol=ICICIBANK/part-062253_836355-021582.parquet,real_data_sample\l2_unseen_validation\trade_date=2026-07-17\exchange=NSE\symbol=ICICIBANK\part-062253_836355-021582.parquet,34774,downloaded,34774,
2026-07-17,NSE,ICICIBANK,raw_l2/trade_date=2026-07-17/exchange=NSE/symbol=ICICIBANK/part-062322_630491-021646.parquet,real_data_sample\l2_unseen_validation\trade_date=2026-07-17\exchange=NSE\symbol=ICICIBANK\part-062322_630491-021646.parquet,35008,downloaded,35008,
2026-07-17,NSE,ICICIBANK,raw_l2/trade_date=2026-07-17/exchange=NSE/symbol=ICICIBANK/part-060704_555686-019470.parquet,real_data_sample\l2_unseen_validation\trade_date=2026-07-17\exchange=NSE\symbol=ICICIBANK\part-060704_555686-019470.parquet,35023,downloaded,35023,
2026-07-17,NSE,ICICIBANK,raw_l2/trade_date=2026-07-17/exchange=NSE/symbol=ICICIBANK/part-062308_268049-021614.parquet,real_data_sample\l2_unseen_validation\trade_date=2026-07-17\exchange=NSE\symbol=ICICIBANK\part-062308_268049-021614.parquet,35040,downloaded,35040,
2026-07-17,NSE,ICICIBANK,raw_l2/trade_date=2026-07-17/exchange=NSE/symbol=ICICIBANK/part-062336_896408-021678.parquet,real_data_sample\l2_unseen_validation\trade_date=2026-07-17\exchange=NSE\symbol=ICICIBANK\part-062336_896408-021678.parquet,34915,downloaded,34915,
2026-07-17,NSE,ICICIBANK,raw_l2/trade_date=2026-07-17/exchange=NSE/symbol=ICICIBANK/part-062350_825865-021710.parquet,real_data_sample\l2_unseen_validation\trade_date=2026-07-17\exchange=NSE\symbol=ICICIBANK\part-062350_825865-021710.parquet,34829,downloaded,34829,
2026-07-17,NSE,ICICIBANK,raw_l2/trade_date=2026-07-17/exchange=NSE/symbol=ICICIBANK/part-062419_023250-021774.parquet,real_data_sample\l2_unseen_validation\trade_date=2026-07-17\exchange=NSE\symbol=ICICIBANK\part-062419_023250-021774.parquet,35354,downloaded,35354,
2026-07-17,NSE,ICICIBANK,raw_l2/trade_date=2026-07-17/exchange=NSE/symbol=ICICIBANK/part-062433_062258-021806.parquet,real_data_sample\l2_unseen_validation\trade_date=2026-07-17\exchange=NSE\symbol=ICICIBANK\part-062433_062258-021806.parquet,35845,downloaded,35845,
2026-07-17,NSE,ICICIBANK,raw_l2/trade_date=2026-07-17/exchange=NSE/symbol=ICICIBANK/part-062404_863683-021742.parquet,real_data_sample\l2_unseen_validation\trade_date=2026-07-17\exchange=NSE\symbol=ICICIBANK\part-062404_863683-021742.parquet,34962,downloaded,34962,
2026-07-17,NSE,ICICIBANK,raw_l2/trade_date=2026-07-17/exchange=NSE/symbol=ICICIBANK/part-060347_630646-019022.parquet,real_data_sample\l2_unseen_validation\trade_date=2026-07-17\exchange=NSE\symbol=ICICIBANK\part-060347_630646-019022.parquet,35986,downloaded,35986,
2026-07-17,NSE,ICICIBANK,raw_l2/trade_date=2026-07-17/exchange=NSE/symbol=ICICIBANK/part-062501_415495-021870.parquet,real_data_sample\l2_unseen_validation\trade_date=2026-07-17\exchange=NSE\symbol=ICICIBANK\part-062501_415495-021870.parquet,36190,downloaded,36190,
2026-07-17,NSE,ICICIBANK,raw_l2/trade_date=2026-07-17/exchange=NSE/symbol=ICICIBANK/part-060401_599908-019054.parquet,real_data_sample\l2_unseen_validation\trade_date=2026-07-17\exchange=NSE\symbol=ICICIBANK\part-060401_599908-019054.parquet,35778,downloaded,35778,
2026-07-17,NSE,ICICIBANK,raw_l2/trade_date=2026-07-17/exchange=NSE/symbol=ICICIBANK/part-060817_689258-019630.parquet,real_data_sample\l2_unseen_validation\trade_date=2026-07-17\exchange=NSE\symbol=ICICIBANK\part-060817_689258-019630.parquet,36415,downloaded,36415,
2026-07-17,NSE,ICICIBANK,raw_l2/trade_date=2026-07-17/exchange=NSE/symbol=ICICIBANK/part-060526_419209-019246.parquet,real_data_sample\l2_unseen_validation\trade_date=2026-07-17\exchange=NSE\symbol=ICICIBANK\part-060526_419209-019246.parquet,35736,downloaded,35736,
2026-07-17,NSE,ICICIBANK,raw_l2/trade_date=2026-07-17/exchange=NSE/symbol=ICICIBANK/part-060429_945485-019118.parquet,real_data_sample\l2_unseen_validation\trade_date=2026-07-17\exchange=NSE\symbol=ICICIBANK\part-060429_945485-019118.parquet,35971,downloaded,35971,
2026-07-17,NSE,ICICIBANK,raw_l2/trade_date=2026-07-17/exchange=NSE/symbol=ICICIBANK/part-060444_387535-019150.parquet,real_data_sample\l2_unseen_validation\trade_date=2026-07-17\exchange=NSE\symbol=ICICIBANK\part-060444_387535-019150.parquet,36446,downloaded,36446,
2026-07-17,NSE,ICICIBANK,raw_l2/trade_date=2026-07-17/exchange=NSE/symbol=ICICIBANK/part-060458_305032-019182.parquet,real_data_sample\l2_unseen_validation\trade_date=2026-07-17\exchange=NSE\symbol=ICICIBANK\part-060458_305032-019182.parquet,36166,downloaded,36166,
2026-07-17,NSE,ICICIBANK,raw_l2/trade_date=2026-07-17/exchange=NSE/symbol=ICICIBANK/part-060415_593593-019086.parquet,real_data_sample\l2_unseen_validation\trade_date=2026-07-17\exchange=NSE\symbol=ICICIBANK\part-060415_593593-019086.parquet,36198,downloaded,36198,
2026-07-17,NSE,ICICIBANK,raw_l2/trade_date=2026-07-17/exchange=NSE/symbol=ICICIBANK/part-060832_271617-019662.parquet,real_data_sample\l2_unseen_validation\trade_date=2026-07-17\exchange=NSE\symbol=ICICIBANK\part-060832_271617-019662.parquet,36012,downloaded,36012,
2026-07-17,NSE,ICICIBANK,raw_l2/trade_date=2026-07-17/exchange=NSE/symbol=ICICIBANK/part-060802_538373-019598.parquet,real_data_sample\l2_unseen_validation\trade_date=2026-07-17\exchange=NSE\symbol=ICICIBANK\part-060802_538373-019598.parquet,35951,downloaded,35951,
2026-07-17,NSE,ICICIBANK,raw_l2/trade_date=2026-07-17/exchange=NSE/symbol=ICICIBANK/part-060747_337965-019566.parquet,real_data_sample\l2_unseen_validation\trade_date=2026-07-17\exchange=NSE\symbol=ICICIBANK\part-060747_337965-019566.parquet,36214,downloaded,36214,
2026-07-17,NSE,ICICIBANK,raw_l2/trade_date=2026-07-17/exchange=NSE/symbol=ICICIBANK/part-060636_335632-019406.parquet,real_data_sample\l2_unseen_validation\trade_date=2026-07-17\exchange=NSE\symbol=ICICIBANK\part-060636_335632-019406.parquet,34647,downloaded,34647,
2026-07-17,NSE,ICICIBANK,raw_l2/trade_date=2026-07-17/exchange=NSE/symbol=ICICIBANK/part-062708_109135-022158.parquet,real_data_sample\l2_unseen_validation\trade_date=2026-07-17\exchange=NSE\symbol=ICICIBANK\part-062708_109135-022158.parquet,35876,downloaded,35876,
2026-07-17,NSE,ICICIBANK,raw_l2/trade_date=2026-07-17/exchange=NSE/symbol=ICICIBANK/part-060622_337391-019374.parquet,real_data_sample\l2_unseen_validation\trade_date=2026-07-17\exchange=NSE\symbol=ICICIBANK\part-060622_337391-019374.parquet,35358,downloaded,35358,
2026-07-17,NSE,ICICIBANK,raw_l2/trade_date=2026-07-17/exchange=NSE/symbol=ICICIBANK/part-062625_579589-022062.parquet,real_data_sample\l2_unseen_validation\trade_date=2026-07-17\exchange=NSE\symbol=ICICIBANK\part-062625_579589-022062.parquet,36312,downloaded,36312,
2026-07-17,NSE,ICICIBANK,raw_l2/trade_date=2026-07-17/exchange=NSE/symbol=ICICIBANK/part-062639_840852-022094.parquet,real_data_sample\l2_unseen_validation\trade_date=2026-07-17\exchange=NSE\symbol=ICICIBANK\part-062639_840852-022094.parquet,36333,downloaded,36333,
2026-07-17,NSE,ICICIBANK,raw_l2/trade_date=2026-07-17/exchange=NSE/symbol=ICICIBANK/part-062805_643789-022286.parquet,real_data_sample\l2_unseen_validation\trade_date=2026-07-17\exchange=NSE\symbol=ICICIBANK\part-062805_643789-022286.parquet,35937,downloaded,35937,
2026-07-17,NSE,ICICIBANK,raw_l2/trade_date=2026-07-17/exchange=NSE/symbol=ICICIBANK/part-062611_594660-022030.parquet,real_data_sample\l2_unseen_validation\trade_date=2026-07-17\exchange=NSE\symbol=ICICIBANK\part-062611_594660-022030.parquet,36465,downloaded,36465,
2026-07-17,NSE,ICICIBANK,raw_l2/trade_date=2026-07-17/exchange=NSE/symbol=ICICIBANK/part-062557_548924-021998.parquet,real_data_sample\l2_unseen_validation\trade_date=2026-07-17\exchange=NSE\symbol=ICICIBANK\part-062557_548924-021998.parquet,36687,downloaded,36687,
2026-07-17,NSE,ICICIBANK,raw_l2/trade_date=2026-07-17/exchange=NSE/symbol=ICICIBANK/part-062210_959213-021486.parquet,real_data_sample\l2_unseen_validation\trade_date=2026-07-17\exchange=NSE\symbol=ICICIBANK\part-062210_959213-021486.parquet,35785,downloaded,35785,
2026-07-17,NSE,ICICIBANK,raw_l2/trade_date=2026-07-17/exchange=NSE/symbol=ICICIBANK/part-060718_600701-019502.parquet,real_data_sample\l2_unseen_validation\trade_date=2026-07-17\exchange=NSE\symbol=ICICIBANK\part-060718_600701-019502.parquet,35465,downloaded,35465,
2026-07-17,NSE,ICICIBANK,raw_l2/trade_date=2026-07-17/exchange=NSE/symbol=ICICIBANK/part-062654_122017-022126.parquet,real_data_sample\l2_unseen_validation\trade_date=2026-07-17\exchange=NSE\symbol=ICICIBANK\part-062654_122017-022126.parquet,36091,downloaded,36091,
2026-07-17,NSE,ICICIBANK,raw_l2/trade_date=2026-07-17/exchange=NSE/symbol=ICICIBANK/part-062737_085240-022222.parquet,real_data_sample\l2_unseen_validation\trade_date=2026-07-17\exchange=NSE\symbol=ICICIBANK\part-062737_085240-022222.parquet,35829,downloaded,35829,
2026-07-17,NSE,ICICIBANK,raw_l2/trade_date=2026-07-17/exchange=NSE/symbol=ICICIBANK/part-062543_520366-021966.parquet,real_data_sample\l2_unseen_validation\trade_date=2026-07-17\exchange=NSE\symbol=ICICIBANK\part-062543_520366-021966.parquet,36366,downloaded,36366,
2026-07-17,NSE,ICICIBANK,raw_l2/trade_date=2026-07-17/exchange=NSE/symbol=ICICIBANK/part-062529_543651-021934.parquet,real_data_sample\l2_unseen_validation\trade_date=2026-07-17\exchange=NSE\symbol=ICICIBANK\part-062529_543651-021934.parquet,35738,downloaded,35738,
2026-07-17,NSE,ICICIBANK,raw_l2/trade_date=2026-07-17/exchange=NSE/symbol=ICICIBANK/part-062515_719690-021902.parquet,real_data_sample\l2_unseen_validation\trade_date=2026-07-17\exchange=NSE\symbol=ICICIBANK\part-062515_719690-021902.parquet,36325,downloaded,36325,
2026-07-17,NSE,ICICIBANK,raw_l2/trade_date=2026-07-17/exchange=NSE/symbol=ICICIBANK/part-062820_086589-022318.parquet,real_data_sample\l2_unseen_validation\trade_date=2026-07-17\exchange=NSE\symbol=ICICIBANK\part-062820_086589-022318.parquet,36250,downloaded,36250,
2026-07-17,NSE,ICICIBANK,raw_l2/trade_date=2026-07-17/exchange=NSE/symbol=ICICIBANK/part-060512_356379-019214.parquet,real_data_sample\l2_unseen_validation\trade_date=2026-07-17\exchange=NSE\symbol=ICICIBANK\part-060512_356379-019214.parquet,36470,downloaded,36470,
2026-07-17,NSE,ICICIBANK,raw_l2/trade_date=2026-07-17/exchange=NSE/symbol=ICICIBANK/part-062447_285958-021838.parquet,real_data_sample\l2_unseen_validation\trade_date=2026-07-17\exchange=NSE\symbol=ICICIBANK\part-062447_285958-021838.parquet,36221,downloaded,36221,
2026-07-17,NSE,ICICIBANK,raw_l2/trade_date=2026-07-17/exchange=NSE/symbol=ICICIBANK/part-062902_333030-022414.parquet,real_data_sample\l2_unseen_validation\trade_date=2026-07-17\exchange=NSE\symbol=ICICIBANK\part-062902_333030-022414.parquet,35825,downloaded,35825,
2026-07-17,NSE,ICICIBANK,raw_l2/trade_date=2026-07-17/exchange=NSE/symbol=ICICIBANK/part-062945_619548-022510.parquet,real_data_sample\l2_unseen_validation\trade_date=2026-07-17\exchange=NSE\symbol=ICICIBANK\part-062945_619548-022510.parquet,35889,downloaded,35889,
2026-07-17,NSE,ICICIBANK,raw_l2/trade_date=2026-07-17/exchange=NSE/symbol=ICICIBANK/part-062931_384877-022478.parquet,real_data_sample\l2_unseen_validation\trade_date=2026-07-17\exchange=NSE\symbol=ICICIBANK\part-062931_384877-022478.parquet,35873,downloaded,35873,
2026-07-17,NSE,ICICIBANK,raw_l2/trade_date=2026-07-17/exchange=NSE/symbol=ICICIBANK/part-063153_504468-022798.parquet,real_data_sample\l2_unseen_validation\trade_date=2026-07-17\exchange=NSE\symbol=ICICIBANK\part-063153_504468-022798.parquet,36051,downloaded,36051,
2026-07-17,NSE,ICICIBANK,raw_l2/trade_date=2026-07-17/exchange=NSE/symbol=ICICIBANK/part-062916_336379-022446.parquet,real_data_sample\l2_unseen_validation\trade_date=2026-07-17\exchange=NSE\symbol=ICICIBANK\part-062916_336379-022446.parquet,35645,downloaded,35645,
2026-07-17,NSE,ICICIBANK,raw_l2/trade_date=2026-07-17/exchange=NSE/symbol=ICICIBANK/part-063056_850056-022670.parquet,real_data_sample\l2_unseen_validation\trade_date=2026-07-17\exchange=NSE\symbol=ICICIBANK\part-063056_850056-022670.parquet,35728,downloaded,35728,
2026-07-17,NSE,ICICIBANK,raw_l2/trade_date=2026-07-17/exchange=NSE/symbol=ICICIBANK/part-063000_072953-022542.parquet,real_data_sample\l2_unseen_validation\trade_date=2026-07-17\exchange=NSE\symbol=ICICIBANK\part-063000_072953-022542.parquet,35821,downloaded,35821,
2026-07-17,NSE,ICICIBANK,raw_l2/trade_date=2026-07-17/exchange=NSE/symbol=ICICIBANK/part-063332_153061-023022.parquet,real_data_sample\l2_unseen_validation\trade_date=2026-07-17\exchange=NSE\symbol=ICICIBANK\part-063332_153061-023022.parquet,35953,downloaded,35953,
2026-07-17,NSE,ICICIBANK,raw_l2/trade_date=2026-07-17/exchange=NSE/symbol=ICICIBANK/part-063028_680949-022606.parquet,real_data_sample\l2_unseen_validation\trade_date=2026-07-17\exchange=NSE\symbol=ICICIBANK\part-063028_680949-022606.parquet,35937,downloaded,35937,
2026-07-17,NSE,ICICIBANK,raw_l2/trade_date=2026-07-17/exchange=NSE/symbol=ICICIBANK/part-062848_341712-022382.parquet,real_data_sample\l2_unseen_validation\trade_date=2026-07-17\exchange=NSE\symbol=ICICIBANK\part-062848_341712-022382.parquet,35868,downloaded,35868,
2026-07-17,NSE,ICICIBANK,raw_l2/trade_date=2026-07-17/exchange=NSE/symbol=ICICIBANK/part-063014_560729-022574.parquet,real_data_sample\l2_unseen_validation\trade_date=2026-07-17\exchange=NSE\symbol=ICICIBANK\part-063014_560729-022574.parquet,36047,downloaded,36047,
2026-07-17,NSE,ICICIBANK,raw_l2/trade_date=2026-07-17/exchange=NSE/symbol=ICICIBANK/part-062833_987315-022350.parquet,real_data_sample\l2_unseen_validation\trade_date=2026-07-17\exchange=NSE\symbol=ICICIBANK\part-062833_987315-022350.parquet,35774,downloaded,35774,
2026-07-17,NSE,ICICIBANK,raw_l2/trade_date=2026-07-17/exchange=NSE/symbol=ICICIBANK/part-063303_425175-022958.parquet,real_data_sample\l2_unseen_validation\trade_date=2026-07-17\exchange=NSE\symbol=ICICIBANK\part-063303_425175-022958.parquet,36278,downloaded,36278,
2026-07-17,NSE,ICICIBANK,raw_l2/trade_date=2026-07-17/exchange=NSE/symbol=ICICIBANK/part-063400_324952-023086.parquet,real_data_sample\l2_unseen_validation\trade_date=2026-07-17\exchange=NSE\symbol=ICICIBANK\part-063400_324952-023086.parquet,36588,downloaded,36588,
2026-07-17,NSE,ICICIBANK,raw_l2/trade_date=2026-07-17/exchange=NSE/symbol=ICICIBANK/part-063346_291599-023054.parquet,real_data_sample\l2_unseen_validation\trade_date=2026-07-17\exchange=NSE\symbol=ICICIBANK\part-063346_291599-023054.parquet,36172,downloaded,36172,
2026-07-17,NSE,ICICIBANK,raw_l2/trade_date=2026-07-17/exchange=NSE/symbol=ICICIBANK/part-063125_346253-022734.parquet,real_data_sample\l2_unseen_validation\trade_date=2026-07-17\exchange=NSE\symbol=ICICIBANK\part-063125_346253-022734.parquet,36066,downloaded,36066,
2026-07-17,NSE,ICICIBANK,raw_l2/trade_date=2026-07-17/exchange=NSE/symbol=ICICIBANK/part-063139_526776-022766.parquet,real_data_sample\l2_unseen_validation\trade_date=2026-07-17\exchange=NSE\symbol=ICICIBANK\part-063139_526776-022766.parquet,35773,downloaded,35773,
2026-07-17,NSE,ICICIBANK,raw_l2/trade_date=2026-07-17/exchange=NSE/symbol=ICICIBANK/part-063111_202423-022702.parquet,real_data_sample\l2_unseen_validation\trade_date=2026-07-17\exchange=NSE\symbol=ICICIBANK\part-063111_202423-022702.parquet,36016,downloaded,36016,
2026-07-17,NSE,ICICIBANK,raw_l2/trade_date=2026-07-17/exchange=NSE/symbol=ICICIBANK/part-063042_894726-022638.parquet,real_data_sample\l2_unseen_validation\trade_date=2026-07-17\exchange=NSE\symbol=ICICIBANK\part-063042_894726-022638.parquet,35774,downloaded,35774,
2026-07-17,NSE,ICICIBANK,raw_l2/trade_date=2026-07-17/exchange=NSE/symbol=ICICIBANK/part-063317_675510-022990.parquet,real_data_sample\l2_unseen_validation\trade_date=2026-07-17\exchange=NSE\symbol=ICICIBANK\part-063317_675510-022990.parquet,36428,downloaded,36428,
2026-07-17,NSE,ICICIBANK,raw_l2/trade_date=2026-07-17/exchange=NSE/symbol=ICICIBANK/part-063207_285003-022830.parquet,real_data_sample\l2_unseen_validation\trade_date=2026-07-17\exchange=NSE\symbol=ICICIBANK\part-063207_285003-022830.parquet,36255,downloaded,36255,
2026-07-17,NSE,ICICIBANK,raw_l2/trade_date=2026-07-17/exchange=NSE/symbol=ICICIBANK/part-063221_276932-022862.parquet,real_data_sample\l2_unseen_validation\trade_date=2026-07-17\exchange=NSE\symbol=ICICIBANK\part-063221_276932-022862.parquet,36136,downloaded,36136,
2026-07-17,NSE,ICICIBANK,raw_l2/trade_date=2026-07-17/exchange=NSE/symbol=ICICIBANK/part-063249_187570-022926.parquet,real_data_sample\l2_unseen_validation\trade_date=2026-07-17\exchange=NSE\symbol=ICICIBANK\part-063249_187570-022926.parquet,36008,downloaded,36008,
2026-07-17,NSE,ICICIBANK,raw_l2/trade_date=2026-07-17/exchange=NSE/symbol=ICICIBANK/part-063235_269933-022894.parquet,real_data_sample\l2_unseen_validation\trade_date=2026-07-17\exchange=NSE\symbol=ICICIBANK\part-063235_269933-022894.parquet,35855,downloaded,35855,
2026-07-17,NSE,ICICIBANK,raw_l2/trade_date=2026-07-17/exchange=NSE/symbol=ICICIBANK/part-063414_516985-023118.parquet,real_data_sample\l2_unseen_validation\trade_date=2026-07-17\exchange=NSE\symbol=ICICIBANK\part-063414_516985-023118.parquet,35995,downloaded,35995,
2026-07-17,NSE,ICICIBANK,raw_l2/trade_date=2026-07-17/exchange=NSE/symbol=ICICIBANK/part-063606_547620-023374.parquet,real_data_sample\l2_unseen_validation\trade_date=2026-07-17\exchange=NSE\symbol=ICICIBANK\part-063606_547620-023374.parquet,35980,downloaded,35980,
2026-07-17,NSE,ICICIBANK,raw_l2/trade_date=2026-07-17/exchange=NSE/symbol=ICICIBANK/part-063702_613848-023502.parquet,real_data_sample\l2_unseen_validation\trade_date=2026-07-17\exchange=NSE\symbol=ICICIBANK\part-063702_613848-023502.parquet,36064,downloaded,36064,
2026-07-17,NSE,ICICIBANK,raw_l2/trade_date=2026-07-17/exchange=NSE/symbol=ICICIBANK/part-063442_517557-023182.parquet,real_data_sample\l2_unseen_validation\trade_date=2026-07-17\exchange=NSE\symbol=ICICIBANK\part-063442_517557-023182.parquet,36399,downloaded,36399,
2026-07-17,NSE,ICICIBANK,raw_l2/trade_date=2026-07-17/exchange=NSE/symbol=ICICIBANK/part-063634_548432-023438.parquet,real_data_sample\l2_unseen_validation\trade_date=2026-07-17\exchange=NSE\symbol=ICICIBANK\part-063634_548432-023438.parquet,36202,downloaded,36202,
2026-07-17,NSE,ICICIBANK,raw_l2/trade_date=2026-07-17/exchange=NSE/symbol=ICICIBANK/part-063620_530981-023406.parquet,real_data_sample\l2_unseen_validation\trade_date=2026-07-17\exchange=NSE\symbol=ICICIBANK\part-063620_530981-023406.parquet,35707,downloaded,35707,
2026-07-17,NSE,ICICIBANK,raw_l2/trade_date=2026-07-17/exchange=NSE/symbol=ICICIBANK/part-063456_513894-023214.parquet,real_data_sample\l2_unseen_validation\trade_date=2026-07-17\exchange=NSE\symbol=ICICIBANK\part-063456_513894-023214.parquet,35903,downloaded,35903,
2026-07-17,NSE,ICICIBANK,raw_l2/trade_date=2026-07-17/exchange=NSE/symbol=ICICIBANK/part-063648_530247-023470.parquet,real_data_sample\l2_unseen_validation\trade_date=2026-07-17\exchange=NSE\symbol=ICICIBANK\part-063648_530247-023470.parquet,35559,downloaded,35559,
2026-07-17,NSE,ICICIBANK,raw_l2/trade_date=2026-07-17/exchange=NSE/symbol=ICICIBANK/part-063428_542608-023150.parquet,real_data_sample\l2_unseen_validation\trade_date=2026-07-17\exchange=NSE\symbol=ICICIBANK\part-063428_542608-023150.parquet,36081,downloaded,36081,
2026-07-17,NSE,ICICIBANK,raw_l2/trade_date=2026-07-17/exchange=NSE/symbol=ICICIBANK/part-063524_992842-023278.parquet,real_data_sample\l2_unseen_validation\trade_date=2026-07-17\exchange=NSE\symbol=ICICIBANK\part-063524_992842-023278.parquet,35952,downloaded,35952,
2026-07-17,NSE,ICICIBANK,raw_l2/trade_date=2026-07-17/exchange=NSE/symbol=ICICIBANK/part-063552_716604-023342.parquet,real_data_sample\l2_unseen_validation\trade_date=2026-07-17\exchange=NSE\symbol=ICICIBANK\part-063552_716604-023342.parquet,35776,downloaded,35776,
2026-07-17,NSE,ICICIBANK,raw_l2/trade_date=2026-07-17/exchange=NSE/symbol=ICICIBANK/part-063510_594024-023246.parquet,real_data_sample\l2_unseen_validation\trade_date=2026-07-17\exchange=NSE\symbol=ICICIBANK\part-063510_594024-023246.parquet,35963,downloaded,35963,
2026-07-17,NSE,ICICIBANK,raw_l2/trade_date=2026-07-17/exchange=NSE/symbol=ICICIBANK/part-063538_785813-023310.parquet,real_data_sample\l2_unseen_validation\trade_date=2026-07-17\exchange=NSE\symbol=ICICIBANK\part-063538_785813-023310.parquet,35651,downloaded,35651,
2026-07-17,NSE,ICICIBANK,raw_l2/trade_date=2026-07-17/exchange=NSE/symbol=ICICIBANK/part-063744_464178-023598.parquet,real_data_sample\l2_unseen_validation\trade_date=2026-07-17\exchange=NSE\symbol=ICICIBANK\part-063744_464178-023598.parquet,36198,downloaded,36198,
2026-07-17,NSE,ICICIBANK,raw_l2/trade_date=2026-07-17/exchange=NSE/symbol=ICICIBANK/part-063937_497860-023854.parquet,real_data_sample\l2_unseen_validation\trade_date=2026-07-17\exchange=NSE\symbol=ICICIBANK\part-063937_497860-023854.parquet,35835,downloaded,35835,
2026-07-17,NSE,ICICIBANK,raw_l2/trade_date=2026-07-17/exchange=NSE/symbol=ICICIBANK/part-063951_525210-023886.parquet,real_data_sample\l2_unseen_validation\trade_date=2026-07-17\exchange=NSE\symbol=ICICIBANK\part-063951_525210-023886.parquet,35572,downloaded,35572,
2026-07-17,NSE,ICICIBANK,raw_l2/trade_date=2026-07-17/exchange=NSE/symbol=ICICIBANK/part-063909_505611-023790.parquet,real_data_sample\l2_unseen_validation\trade_date=2026-07-17\exchange=NSE\symbol=ICICIBANK\part-063909_505611-023790.parquet,36156,downloaded,36156,
2026-07-17,NSE,ICICIBANK,raw_l2/trade_date=2026-07-17/exchange=NSE/symbol=ICICIBANK/part-063826_349015-023694.parquet,real_data_sample\l2_unseen_validation\trade_date=2026-07-17\exchange=NSE\symbol=ICICIBANK\part-063826_349015-023694.parquet,35911,downloaded,35911,
2026-07-17,NSE,ICICIBANK,raw_l2/trade_date=2026-07-17/exchange=NSE/symbol=ICICIBANK/part-063923_525285-023822.parquet,real_data_sample\l2_unseen_validation\trade_date=2026-07-17\exchange=NSE\symbol=ICICIBANK\part-063923_525285-023822.parquet,36126,downloaded,36126,
2026-07-17,NSE,ICICIBANK,raw_l2/trade_date=2026-07-17/exchange=NSE/symbol=ICICIBANK/part-064005_279261-023918.parquet,real_data_sample\l2_unseen_validation\trade_date=2026-07-17\exchange=NSE\symbol=ICICIBANK\part-064005_279261-023918.parquet,35680,downloaded,35680,
2026-07-17,NSE,ICICIBANK,raw_l2/trade_date=2026-07-17/exchange=NSE/symbol=ICICIBANK/part-063840_592312-023726.parquet,real_data_sample\l2_unseen_validation\trade_date=2026-07-17\exchange=NSE\symbol=ICICIBANK\part-063840_592312-023726.parquet,35650,downloaded,35650,
2026-07-17,NSE,ICICIBANK,raw_l2/trade_date=2026-07-17/exchange=NSE/symbol=ICICIBANK/part-063716_581543-023534.parquet,real_data_sample\l2_unseen_validation\trade_date=2026-07-17\exchange=NSE\symbol=ICICIBANK\part-063716_581543-023534.parquet,36084,downloaded,36084,
2026-07-17,NSE,ICICIBANK,raw_l2/trade_date=2026-07-17/exchange=NSE/symbol=ICICIBANK/part-063812_094137-023662.parquet,real_data_sample\l2_unseen_validation\trade_date=2026-07-17\exchange=NSE\symbol=ICICIBANK\part-063812_094137-023662.parquet,35776,downloaded,35776,
2026-07-17,NSE,ICICIBANK,raw_l2/trade_date=2026-07-17/exchange=NSE/symbol=ICICIBANK/part-063758_209741-023630.parquet,real_data_sample\l2_unseen_validation\trade_date=2026-07-17\exchange=NSE\symbol=ICICIBANK\part-063758_209741-023630.parquet,36339,downloaded,36339,
2026-07-17,NSE,ICICIBANK,raw_l2/trade_date=2026-07-17/exchange=NSE/symbol=ICICIBANK/part-063730_455330-023566.parquet,real_data_sample\l2_unseen_validation\trade_date=2026-07-17\exchange=NSE\symbol=ICICIBANK\part-063730_455330-023566.parquet,36236,downloaded,36236,
2026-07-17,NSE,ICICIBANK,raw_l2/trade_date=2026-07-17/exchange=NSE/symbol=ICICIBANK/part-063855_270410-023758.parquet,real_data_sample\l2_unseen_validation\trade_date=2026-07-17\exchange=NSE\symbol=ICICIBANK\part-063855_270410-023758.parquet,36090,downloaded,36090,
2026-07-17,NSE,ICICIBANK,raw_l2/trade_date=2026-07-17/exchange=NSE/symbol=ICICIBANK/part-064033_412175-023982.parquet,real_data_sample\l2_unseen_validation\trade_date=2026-07-17\exchange=NSE\symbol=ICICIBANK\part-064033_412175-023982.parquet,36093,downloaded,36093,
2026-07-17,NSE,ICICIBANK,raw_l2/trade_date=2026-07-17/exchange=NSE/symbol=ICICIBANK/part-064019_416885-023950.parquet,real_data_sample\l2_unseen_validation\trade_date=2026-07-17\exchange=NSE\symbol=ICICIBANK\part-064019_416885-023950.parquet,36141,downloaded,36141,
2026-07-17,NSE,ICICIBANK,raw_l2/trade_date=2026-07-17/exchange=NSE/symbol=ICICIBANK/part-064101_517634-024046.parquet,real_data_sample\l2_unseen_validation\trade_date=2026-07-17\exchange=NSE\symbol=ICICIBANK\part-064101_517634-024046.parquet,36063,downloaded,36063,
2026-07-17,NSE,ICICIBANK,raw_l2/trade_date=2026-07-17/exchange=NSE/symbol=ICICIBANK/part-064211_010762-024206.parquet,real_data_sample\l2_unseen_validation\trade_date=2026-07-17\exchange=NSE\symbol=ICICIBANK\part-064211_010762-024206.parquet,36253,downloaded,36253,
2026-07-17,NSE,ICICIBANK,raw_l2/trade_date=2026-07-17/exchange=NSE/symbol=ICICIBANK/part-064047_596372-024014.parquet,real_data_sample\l2_unseen_validation\trade_date=2026-07-17\exchange=NSE\symbol=ICICIBANK\part-064047_596372-024014.parquet,35740,downloaded,35740,
2026-07-17,NSE,ICICIBANK,raw_l2/trade_date=2026-07-17/exchange=NSE/symbol=ICICIBANK/part-064252_449655-024302.parquet,real_data_sample\l2_unseen_validation\trade_date=2026-07-17\exchange=NSE\symbol=ICICIBANK\part-064252_449655-024302.parquet,35984,downloaded,35984,
2026-07-17,NSE,ICICIBANK,raw_l2/trade_date=2026-07-17/exchange=NSE/symbol=ICICIBANK/part-064306_201240-024334.parquet,real_data_sample\l2_unseen_validation\trade_date=2026-07-17\exchange=NSE\symbol=ICICIBANK\part-064306_201240-024334.parquet,36239,downloaded,36239,
2026-07-17,NSE,ICICIBANK,raw_l2/trade_date=2026-07-17/exchange=NSE/symbol=ICICIBANK/part-064238_682756-024270.parquet,real_data_sample\l2_unseen_validation\trade_date=2026-07-17\exchange=NSE\symbol=ICICIBANK\part-064238_682756-024270.parquet,36307,downloaded,36307,
2026-07-17,NSE,ICICIBANK,raw_l2/trade_date=2026-07-17/exchange=NSE/symbol=ICICIBANK/part-064129_191836-024110.parquet,real_data_sample\l2_unseen_validation\trade_date=2026-07-17\exchange=NSE\symbol=ICICIBANK\part-064129_191836-024110.parquet,35954,downloaded,35954,
2026-07-17,NSE,ICICIBANK,raw_l2/trade_date=2026-07-17/exchange=NSE/symbol=ICICIBANK/part-064115_433721-024078.parquet,real_data_sample\l2_unseen_validation\trade_date=2026-07-17\exchange=NSE\symbol=ICICIBANK\part-064115_433721-024078.parquet,36161,downloaded,36161,
2026-07-17,NSE,ICICIBANK,raw_l2/trade_date=2026-07-17/exchange=NSE/symbol=ICICIBANK/part-064225_026290-024238.parquet,real_data_sample\l2_unseen_validation\trade_date=2026-07-17\exchange=NSE\symbol=ICICIBANK\part-064225_026290-024238.parquet,35953,downloaded,35953,
2026-07-17,NSE,ICICIBANK,raw_l2/trade_date=2026-07-17/exchange=NSE/symbol=ICICIBANK/part-064157_187379-024174.parquet,real_data_sample\l2_unseen_validation\trade_date=2026-07-17\exchange=NSE\symbol=ICICIBANK\part-064157_187379-024174.parquet,36056,downloaded,36056,
2026-07-17,NSE,ICICIBANK,raw_l2/trade_date=2026-07-17/exchange=NSE/symbol=ICICIBANK/part-064319_973333-024366.parquet,real_data_sample\l2_unseen_validation\trade_date=2026-07-17\exchange=NSE\symbol=ICICIBANK\part-064319_973333-024366.parquet,36308,downloaded,36308,
2026-07-17,NSE,ICICIBANK,raw_l2/trade_date=2026-07-17/exchange=NSE/symbol=ICICIBANK/part-064143_457701-024142.parquet,real_data_sample\l2_unseen_validation\trade_date=2026-07-17\exchange=NSE\symbol=ICICIBANK\part-064143_457701-024142.parquet,36014,downloaded,36014,
2026-07-17,NSE,ICICIBANK,raw_l2/trade_date=2026-07-17/exchange=NSE/symbol=ICICIBANK/part-064333_967843-024398.parquet,real_data_sample\l2_unseen_validation\trade_date=2026-07-17\exchange=NSE\symbol=ICICIBANK\part-064333_967843-024398.parquet,36359,downloaded,36359,
2026-07-17,NSE,ICICIBANK,raw_l2/trade_date=2026-07-17/exchange=NSE/symbol=ICICIBANK/part-064511_030657-024622.parquet,real_data_sample\l2_unseen_validation\trade_date=2026-07-17\exchange=NSE\symbol=ICICIBANK\part-064511_030657-024622.parquet,36255,downloaded,36255,
2026-07-17,NSE,ICICIBANK,raw_l2/trade_date=2026-07-17/exchange=NSE/symbol=ICICIBANK/part-064552_668928-024718.parquet,real_data_sample\l2_unseen_validation\trade_date=2026-07-17\exchange=NSE\symbol=ICICIBANK\part-064552_668928-024718.parquet,35997,downloaded,35997,
2026-07-17,NSE,ICICIBANK,raw_l2/trade_date=2026-07-17/exchange=NSE/symbol=ICICIBANK/part-064538_944475-024686.parquet,real_data_sample\l2_unseen_validation\trade_date=2026-07-17\exchange=NSE\symbol=ICICIBANK\part-064538_944475-024686.parquet,36157,downloaded,36157,
2026-07-17,NSE,ICICIBANK,raw_l2/trade_date=2026-07-17/exchange=NSE/symbol=ICICIBANK/part-064606_402358-024750.parquet,real_data_sample\l2_unseen_validation\trade_date=2026-07-17\exchange=NSE\symbol=ICICIBANK\part-064606_402358-024750.parquet,35888,downloaded,35888,
2026-07-17,NSE,ICICIBANK,raw_l2/trade_date=2026-07-17/exchange=NSE/symbol=ICICIBANK/part-064429_467368-024526.parquet,real_data_sample\l2_unseen_validation\trade_date=2026-07-17\exchange=NSE\symbol=ICICIBANK\part-064429_467368-024526.parquet,35857,downloaded,35857,
2026-07-17,NSE,ICICIBANK,raw_l2/trade_date=2026-07-17/exchange=NSE/symbol=ICICIBANK/part-064524_980904-024654.parquet,real_data_sample\l2_unseen_validation\trade_date=2026-07-17\exchange=NSE\symbol=ICICIBANK\part-064524_980904-024654.parquet,36283,downloaded,36283,
2026-07-17,NSE,ICICIBANK,raw_l2/trade_date=2026-07-17/exchange=NSE/symbol=ICICIBANK/part-064456_984377-024590.parquet,real_data_sample\l2_unseen_validation\trade_date=2026-07-17\exchange=NSE\symbol=ICICIBANK\part-064456_984377-024590.parquet,36274,downloaded,36274,
2026-07-17,NSE,ICICIBANK,raw_l2/trade_date=2026-07-17/exchange=NSE/symbol=ICICIBANK/part-064415_536057-024494.parquet,real_data_sample\l2_unseen_validation\trade_date=2026-07-17\exchange=NSE\symbol=ICICIBANK\part-064415_536057-024494.parquet,36331,downloaded,36331,
2026-07-17,NSE,ICICIBANK,raw_l2/trade_date=2026-07-17/exchange=NSE/symbol=ICICIBANK/part-064633_969211-024814.parquet,real_data_sample\l2_unseen_validation\trade_date=2026-07-17\exchange=NSE\symbol=ICICIBANK\part-064633_969211-024814.parquet,36117,downloaded,36117,
2026-07-17,NSE,ICICIBANK,raw_l2/trade_date=2026-07-17/exchange=NSE/symbol=ICICIBANK/part-064443_212437-024558.parquet,real_data_sample\l2_unseen_validation\trade_date=2026-07-17\exchange=NSE\symbol=ICICIBANK\part-064443_212437-024558.parquet,36312,downloaded,36312,
2026-07-17,NSE,ICICIBANK,raw_l2/trade_date=2026-07-17/exchange=NSE/symbol=ICICIBANK/part-064647_967957-024846.parquet,real_data_sample\l2_unseen_validation\trade_date=2026-07-17\exchange=NSE\symbol=ICICIBANK\part-064647_967957-024846.parquet,36470,downloaded,36470,
2026-07-17,NSE,ICICIBANK,raw_l2/trade_date=2026-07-17/exchange=NSE/symbol=ICICIBANK/part-064620_203431-024782.parquet,real_data_sample\l2_unseen_validation\trade_date=2026-07-17\exchange=NSE\symbol=ICICIBANK\part-064620_203431-024782.parquet,35856,downloaded,35856,
2026-07-17,NSE,ICICIBANK,raw_l2/trade_date=2026-07-17/exchange=NSE/symbol=ICICIBANK/part-064347_696399-024430.parquet,real_data_sample\l2_unseen_validation\trade_date=2026-07-17\exchange=NSE\symbol=ICICIBANK\part-064347_696399-024430.parquet,36152,downloaded,36152,
2026-07-17,NSE,ICICIBANK,raw_l2/trade_date=2026-07-17/exchange=NSE/symbol=ICICIBANK/part-060608_531921-019342.parquet,real_data_sample\l2_unseen_validation\trade_date=2026-07-17\exchange=NSE\symbol=ICICIBANK\part-060608_531921-019342.parquet,35902,downloaded,35902,
2026-07-17,NSE,ICICIBANK,raw_l2/trade_date=2026-07-17/exchange=NSE/symbol=ICICIBANK/part-064401_469444-024462.parquet,real_data_sample\l2_unseen_validation\trade_date=2026-07-17\exchange=NSE\symbol=ICICIBANK\part-064401_469444-024462.parquet,36055,downloaded,36055,
2026-07-17,NSE,ICICIBANK,raw_l2/trade_date=2026-07-17/exchange=NSE/symbol=ICICIBANK/part-060650_457216-019438.parquet,real_data_sample\l2_unseen_validation\trade_date=2026-07-17\exchange=NSE\symbol=ICICIBANK\part-060650_457216-019438.parquet,35007,downloaded,35007,
2026-07-17,NSE,ICICIBANK,raw_l2/trade_date=2026-07-17/exchange=NSE/symbol=ICICIBANK/part-060540_582094-019278.parquet,real_data_sample\l2_unseen_validation\trade_date=2026-07-17\exchange=NSE\symbol=ICICIBANK\part-060540_582094-019278.parquet,35404,downloaded,35404,
2026-07-17,NSE,ICICIBANK,raw_l2/trade_date=2026-07-17/exchange=NSE/symbol=ICICIBANK/part-064715_995426-024910.parquet,real_data_sample\l2_unseen_validation\trade_date=2026-07-17\exchange=NSE\symbol=ICICIBANK\part-064715_995426-024910.parquet,36141,downloaded,36141,
2026-07-17,NSE,ICICIBANK,raw_l2/trade_date=2026-07-17/exchange=NSE/symbol=ICICIBANK/part-064701_955905-024878.parquet,real_data_sample\l2_unseen_validation\trade_date=2026-07-17\exchange=NSE\symbol=ICICIBANK\part-064701_955905-024878.parquet,36426,downloaded,36426,
2026-07-17,NSE,ICICIBANK,raw_l2/trade_date=2026-07-17/exchange=NSE/symbol=ICICIBANK/part-064729_741175-024942.parquet,real_data_sample\l2_unseen_validation\trade_date=2026-07-17\exchange=NSE\symbol=ICICIBANK\part-064729_741175-024942.parquet,36608,downloaded,36608,
2026-07-17,NSE,ICICIBANK,raw_l2/trade_date=2026-07-17/exchange=NSE/symbol=ICICIBANK/part-064743_715120-024974.parquet,real_data_sample\l2_unseen_validation\trade_date=2026-07-17\exchange=NSE\symbol=ICICIBANK\part-064743_715120-024974.parquet,35695,downloaded,35695,
2026-07-17,NSE,ICICIBANK,raw_l2/trade_date=2026-07-17/exchange=NSE/symbol=ICICIBANK/part-064825_295709-025070.parquet,real_data_sample\l2_unseen_validation\trade_date=2026-07-17\exchange=NSE\symbol=ICICIBANK\part-064825_295709-025070.parquet,36384,downloaded,36384,
2026-07-17,NSE,ICICIBANK,raw_l2/trade_date=2026-07-17/exchange=NSE/symbol=ICICIBANK/part-064757_451373-025006.parquet,real_data_sample\l2_unseen_validation\trade_date=2026-07-17\exchange=NSE\symbol=ICICIBANK\part-064757_451373-025006.parquet,36045,downloaded,36045,
2026-07-17,NSE,ICICIBANK,raw_l2/trade_date=2026-07-17/exchange=NSE/symbol=ICICIBANK/part-064811_406381-025038.parquet,real_data_sample\l2_unseen_validation\trade_date=2026-07-17\exchange=NSE\symbol=ICICIBANK\part-064811_406381-025038.parquet,36197,downloaded,36197,
2026-07-17,NSE,ICICIBANK,raw_l2/trade_date=2026-07-17/exchange=NSE/symbol=ICICIBANK/part-064906_749095-025166.parquet,real_data_sample\l2_unseen_validation\trade_date=2026-07-17\exchange=NSE\symbol=ICICIBANK\part-064906_749095-025166.parquet,36452,downloaded,36452,
2026-07-17,NSE,ICICIBANK,raw_l2/trade_date=2026-07-17/exchange=NSE/symbol=ICICIBANK/part-064839_197554-025102.parquet,real_data_sample\l2_unseen_validation\trade_date=2026-07-17\exchange=NSE\symbol=ICICIBANK\part-064839_197554-025102.parquet,35574,downloaded,35574,
2026-07-17,NSE,ICICIBANK,raw_l2/trade_date=2026-07-17/exchange=NSE/symbol=ICICIBANK/part-064852_964565-025134.parquet,real_data_sample\l2_unseen_validation\trade_date=2026-07-17\exchange=NSE\symbol=ICICIBANK\part-064852_964565-025134.parquet,36630,downloaded,36630,
2026-07-17,NSE,ICICIBANK,raw_l2/trade_date=2026-07-17/exchange=NSE/symbol=ICICIBANK/part-064920_691653-025198.parquet,real_data_sample\l2_unseen_validation\trade_date=2026-07-17\exchange=NSE\symbol=ICICIBANK\part-064920_691653-025198.parquet,36202,downloaded,36202,
2026-07-17,NSE,ICICIBANK,raw_l2/trade_date=2026-07-17/exchange=NSE/symbol=ICICIBANK/part-064934_516675-025230.parquet,real_data_sample\l2_unseen_validation\trade_date=2026-07-17\exchange=NSE\symbol=ICICIBANK\part-064934_516675-025230.parquet,36385,downloaded,36385,
2026-07-17,NSE,ICICIBANK,raw_l2/trade_date=2026-07-17/exchange=NSE/symbol=ICICIBANK/part-064948_484340-025262.parquet,real_data_sample\l2_unseen_validation\trade_date=2026-07-17\exchange=NSE\symbol=ICICIBANK\part-064948_484340-025262.parquet,36284,downloaded,36284,
2026-07-17,NSE,ICICIBANK,raw_l2/trade_date=2026-07-17/exchange=NSE/symbol=ICICIBANK/part-065319_091299-025742.parquet,real_data_sample\l2_unseen_validation\trade_date=2026-07-17\exchange=NSE\symbol=ICICIBANK\part-065319_091299-025742.parquet,36139,downloaded,36139,
2026-07-17,NSE,ICICIBANK,raw_l2/trade_date=2026-07-17/exchange=NSE/symbol=ICICIBANK/part-065044_396385-025390.parquet,real_data_sample\l2_unseen_validation\trade_date=2026-07-17\exchange=NSE\symbol=ICICIBANK\part-065044_396385-025390.parquet,35790,downloaded,35790,
2026-07-17,NSE,ICICIBANK,raw_l2/trade_date=2026-07-17/exchange=NSE/symbol=ICICIBANK/part-065002_602886-025294.parquet,real_data_sample\l2_unseen_validation\trade_date=2026-07-17\exchange=NSE\symbol=ICICIBANK\part-065002_602886-025294.parquet,36062,downloaded,36062,
2026-07-17,NSE,ICICIBANK,raw_l2/trade_date=2026-07-17/exchange=NSE/symbol=ICICIBANK/part-065016_450188-025326.parquet,real_data_sample\l2_unseen_validation\trade_date=2026-07-17\exchange=NSE\symbol=ICICIBANK\part-065016_450188-025326.parquet,36192,downloaded,36192,
2026-07-17,NSE,ICICIBANK,raw_l2/trade_date=2026-07-17/exchange=NSE/symbol=ICICIBANK/part-065058_472969-025422.parquet,real_data_sample\l2_unseen_validation\trade_date=2026-07-17\exchange=NSE\symbol=ICICIBANK\part-065058_472969-025422.parquet,35825,downloaded,35825,
2026-07-17,NSE,ICICIBANK,raw_l2/trade_date=2026-07-17/exchange=NSE/symbol=ICICIBANK/part-065250_995224-025678.parquet,real_data_sample\l2_unseen_validation\trade_date=2026-07-17\exchange=NSE\symbol=ICICIBANK\part-065250_995224-025678.parquet,35984,downloaded,35984,
2026-07-17,NSE,ICICIBANK,raw_l2/trade_date=2026-07-17/exchange=NSE/symbol=ICICIBANK/part-065030_189593-025358.parquet,real_data_sample\l2_unseen_validation\trade_date=2026-07-17\exchange=NSE\symbol=ICICIBANK\part-065030_189593-025358.parquet,35834,downloaded,35834,
2026-07-17,NSE,ICICIBANK,raw_l2/trade_date=2026-07-17/exchange=NSE/symbol=ICICIBANK/part-065236_849777-025646.parquet,real_data_sample\l2_unseen_validation\trade_date=2026-07-17\exchange=NSE\symbol=ICICIBANK\part-065236_849777-025646.parquet,35663,downloaded,35663,
2026-07-17,NSE,ICICIBANK,raw_l2/trade_date=2026-07-17/exchange=NSE/symbol=ICICIBANK/part-065222_787821-025614.parquet,real_data_sample\l2_unseen_validation\trade_date=2026-07-17\exchange=NSE\symbol=ICICIBANK\part-065222_787821-025614.parquet,35937,downloaded,35937,
2026-07-17,NSE,ICICIBANK,raw_l2/trade_date=2026-07-17/exchange=NSE/symbol=ICICIBANK/part-065112_470783-025454.parquet,real_data_sample\l2_unseen_validation\trade_date=2026-07-17\exchange=NSE\symbol=ICICIBANK\part-065112_470783-025454.parquet,36350,downloaded,36350,
2026-07-17,NSE,ICICIBANK,raw_l2/trade_date=2026-07-17/exchange=NSE/symbol=ICICIBANK/part-065154_557847-025550.parquet,real_data_sample\l2_unseen_validation\trade_date=2026-07-17\exchange=NSE\symbol=ICICIBANK\part-065154_557847-025550.parquet,36051,downloaded,36051,
2026-07-17,NSE,ICICIBANK,raw_l2/trade_date=2026-07-17/exchange=NSE/symbol=ICICIBANK/part-065126_507482-025486.parquet,real_data_sample\l2_unseen_validation\trade_date=2026-07-17\exchange=NSE\symbol=ICICIBANK\part-065126_507482-025486.parquet,36096,downloaded,36096,
2026-07-17,NSE,ICICIBANK,raw_l2/trade_date=2026-07-17/exchange=NSE/symbol=ICICIBANK/part-065208_652837-025582.parquet,real_data_sample\l2_unseen_validation\trade_date=2026-07-17\exchange=NSE\symbol=ICICIBANK\part-065208_652837-025582.parquet,36121,downloaded,36121,
2026-07-17,NSE,ICICIBANK,raw_l2/trade_date=2026-07-17/exchange=NSE/symbol=ICICIBANK/part-065140_541712-025518.parquet,real_data_sample\l2_unseen_validation\trade_date=2026-07-17\exchange=NSE\symbol=ICICIBANK\part-065140_541712-025518.parquet,36353,downloaded,36353,
2026-07-17,NSE,ICICIBANK,raw_l2/trade_date=2026-07-17/exchange=NSE/symbol=ICICIBANK/part-065400_895509-025838.parquet,real_data_sample\l2_unseen_validation\trade_date=2026-07-17\exchange=NSE\symbol=ICICIBANK\part-065400_895509-025838.parquet,35578,downloaded,35578,
2026-07-17,NSE,ICICIBANK,raw_l2/trade_date=2026-07-17/exchange=NSE/symbol=ICICIBANK/part-065429_003352-025902.parquet,real_data_sample\l2_unseen_validation\trade_date=2026-07-17\exchange=NSE\symbol=ICICIBANK\part-065429_003352-025902.parquet,35580,downloaded,35580,
2026-07-17,NSE,ICICIBANK,raw_l2/trade_date=2026-07-17/exchange=NSE/symbol=ICICIBANK/part-065415_025576-025870.parquet,real_data_sample\l2_unseen_validation\trade_date=2026-07-17\exchange=NSE\symbol=ICICIBANK\part-065415_025576-025870.parquet,35755,downloaded,35755,
2026-07-17,NSE,ICICIBANK,raw_l2/trade_date=2026-07-17/exchange=NSE/symbol=ICICIBANK/part-065457_191485-025966.parquet,real_data_sample\l2_unseen_validation\trade_date=2026-07-17\exchange=NSE\symbol=ICICIBANK\part-065457_191485-025966.parquet,36220,downloaded,36220,
2026-07-17,NSE,ICICIBANK,raw_l2/trade_date=2026-07-17/exchange=NSE/symbol=ICICIBANK/part-065442_962215-025934.parquet,real_data_sample\l2_unseen_validation\trade_date=2026-07-17\exchange=NSE\symbol=ICICIBANK\part-065442_962215-025934.parquet,36297,downloaded,36297,
2026-07-17,NSE,ICICIBANK,raw_l2/trade_date=2026-07-17/exchange=NSE/symbol=ICICIBANK/part-065621_627054-026158.parquet,real_data_sample\l2_unseen_validation\trade_date=2026-07-17\exchange=NSE\symbol=ICICIBANK\part-065621_627054-026158.parquet,35761,downloaded,35761,
2026-07-17,NSE,ICICIBANK,raw_l2/trade_date=2026-07-17/exchange=NSE/symbol=ICICIBANK/part-065814_137375-026414.parquet,real_data_sample\l2_unseen_validation\trade_date=2026-07-17\exchange=NSE\symbol=ICICIBANK\part-065814_137375-026414.parquet,35584,downloaded,35584,
2026-07-17,NSE,ICICIBANK,raw_l2/trade_date=2026-07-17/exchange=NSE/symbol=ICICIBANK/part-065635_567975-026190.parquet,real_data_sample\l2_unseen_validation\trade_date=2026-07-17\exchange=NSE\symbol=ICICIBANK\part-065635_567975-026190.parquet,35650,downloaded,35650,
2026-07-17,NSE,ICICIBANK,raw_l2/trade_date=2026-07-17/exchange=NSE/symbol=ICICIBANK/part-065717_516860-026286.parquet,real_data_sample\l2_unseen_validation\trade_date=2026-07-17\exchange=NSE\symbol=ICICIBANK\part-065717_516860-026286.parquet,36018,downloaded,36018,
2026-07-17,NSE,ICICIBANK,raw_l2/trade_date=2026-07-17/exchange=NSE/symbol=ICICIBANK/part-065911_340488-026542.parquet,real_data_sample\l2_unseen_validation\trade_date=2026-07-17\exchange=NSE\symbol=ICICIBANK\part-065911_340488-026542.parquet,35908,downloaded,35908,
2026-07-17,NSE,ICICIBANK,raw_l2/trade_date=2026-07-17/exchange=NSE/symbol=ICICIBANK/part-065940_573259-026606.parquet,real_data_sample\l2_unseen_validation\trade_date=2026-07-17\exchange=NSE\symbol=ICICIBANK\part-065940_573259-026606.parquet,36633,downloaded,36633,
2026-07-17,NSE,ICICIBANK,raw_l2/trade_date=2026-07-17/exchange=NSE/symbol=ICICIBANK/part-065925_764673-026574.parquet,real_data_sample\l2_unseen_validation\trade_date=2026-07-17\exchange=NSE\symbol=ICICIBANK\part-065925_764673-026574.parquet,36472,downloaded,36472,
2026-07-17,NSE,ICICIBANK,raw_l2/trade_date=2026-07-17/exchange=NSE/symbol=ICICIBANK/part-065745_589007-026350.parquet,real_data_sample\l2_unseen_validation\trade_date=2026-07-17\exchange=NSE\symbol=ICICIBANK\part-065745_589007-026350.parquet,35338,downloaded,35338,
2026-07-17,NSE,ICICIBANK,raw_l2/trade_date=2026-07-17/exchange=NSE/symbol=ICICIBANK/part-065539_617656-026062.parquet,real_data_sample\l2_unseen_validation\trade_date=2026-07-17\exchange=NSE\symbol=ICICIBANK\part-065539_617656-026062.parquet,35763,downloaded,35763,
2026-07-17,NSE,ICICIBANK,raw_l2/trade_date=2026-07-17/exchange=NSE/symbol=ICICIBANK/part-065703_498805-026254.parquet,real_data_sample\l2_unseen_validation\trade_date=2026-07-17\exchange=NSE\symbol=ICICIBANK\part-065703_498805-026254.parquet,36208,downloaded,36208,
2026-07-17,NSE,ICICIBANK,raw_l2/trade_date=2026-07-17/exchange=NSE/symbol=ICICIBANK/part-065828_463104-026446.parquet,real_data_sample\l2_unseen_validation\trade_date=2026-07-17\exchange=NSE\symbol=ICICIBANK\part-065828_463104-026446.parquet,35980,downloaded,35980,
2026-07-17,NSE,ICICIBANK,raw_l2/trade_date=2026-07-17/exchange=NSE/symbol=ICICIBANK/part-065511_273387-025998.parquet,real_data_sample\l2_unseen_validation\trade_date=2026-07-17\exchange=NSE\symbol=ICICIBANK\part-065511_273387-025998.parquet,35992,downloaded,35992,
2026-07-17,NSE,ICICIBANK,raw_l2/trade_date=2026-07-17/exchange=NSE/symbol=ICICIBANK/part-070053_378754-026766.parquet,real_data_sample\l2_unseen_validation\trade_date=2026-07-17\exchange=NSE\symbol=ICICIBANK\part-070053_378754-026766.parquet,36200,downloaded,36200,
2026-07-17,NSE,ICICIBANK,raw_l2/trade_date=2026-07-17/exchange=NSE/symbol=ICICIBANK/part-070024_404255-026702.parquet,real_data_sample\l2_unseen_validation\trade_date=2026-07-17\exchange=NSE\symbol=ICICIBANK\part-070024_404255-026702.parquet,36331,downloaded,36331,
2026-07-17,NSE,ICICIBANK,raw_l2/trade_date=2026-07-17/exchange=NSE/symbol=ICICIBANK/part-065759_858503-026382.parquet,real_data_sample\l2_unseen_validation\trade_date=2026-07-17\exchange=NSE\symbol=ICICIBANK\part-065759_858503-026382.parquet,36054,downloaded,36054,
2026-07-17,NSE,ICICIBANK,raw_l2/trade_date=2026-07-17/exchange=NSE/symbol=ICICIBANK/part-065607_571425-026126.parquet,real_data_sample\l2_unseen_validation\trade_date=2026-07-17\exchange=NSE\symbol=ICICIBANK\part-065607_571425-026126.parquet,36556,downloaded,36556,
2026-07-17,NSE,ICICIBANK,raw_l2/trade_date=2026-07-17/exchange=NSE/symbol=ICICIBANK/part-065649_544070-026222.parquet,real_data_sample\l2_unseen_validation\trade_date=2026-07-17\exchange=NSE\symbol=ICICIBANK\part-065649_544070-026222.parquet,35715,downloaded,35715,
2026-07-17,NSE,ICICIBANK,raw_l2/trade_date=2026-07-17/exchange=NSE/symbol=ICICIBANK/part-065955_142942-026638.parquet,real_data_sample\l2_unseen_validation\trade_date=2026-07-17\exchange=NSE\symbol=ICICIBANK\part-065955_142942-026638.parquet,36288,downloaded,36288,
2026-07-17,NSE,ICICIBANK,raw_l2/trade_date=2026-07-17/exchange=NSE/symbol=ICICIBANK/part-065842_930505-026478.parquet,real_data_sample\l2_unseen_validation\trade_date=2026-07-17\exchange=NSE\symbol=ICICIBANK\part-065842_930505-026478.parquet,36134,downloaded,36134,
2026-07-17,NSE,ICICIBANK,raw_l2/trade_date=2026-07-17/exchange=NSE/symbol=ICICIBANK/part-070038_638475-026734.parquet,real_data_sample\l2_unseen_validation\trade_date=2026-07-17\exchange=NSE\symbol=ICICIBANK\part-070038_638475-026734.parquet,36236,downloaded,36236,
2026-07-17,NSE,ICICIBANK,raw_l2/trade_date=2026-07-17/exchange=NSE/symbol=ICICIBANK/part-070108_123030-026798.parquet,real_data_sample\l2_unseen_validation\trade_date=2026-07-17\exchange=NSE\symbol=ICICIBANK\part-070108_123030-026798.parquet,36285,downloaded,36285,
2026-07-17,NSE,ICICIBANK,raw_l2/trade_date=2026-07-17/exchange=NSE/symbol=ICICIBANK/part-065857_109000-026510.parquet,real_data_sample\l2_unseen_validation\trade_date=2026-07-17\exchange=NSE\symbol=ICICIBANK\part-065857_109000-026510.parquet,35976,downloaded,35976,
2026-07-17,NSE,ICICIBANK,raw_l2/trade_date=2026-07-17/exchange=NSE/symbol=ICICIBANK/part-070009_862631-026670.parquet,real_data_sample\l2_unseen_validation\trade_date=2026-07-17\exchange=NSE\symbol=ICICIBANK\part-070009_862631-026670.parquet,36390,downloaded,36390,
2026-07-17,NSE,ICICIBANK,raw_l2/trade_date=2026-07-17/exchange=NSE/symbol=ICICIBANK/part-065525_321181-026030.parquet,real_data_sample\l2_unseen_validation\trade_date=2026-07-17\exchange=NSE\symbol=ICICIBANK\part-065525_321181-026030.parquet,35792,downloaded,35792,
2026-07-17,NSE,ICICIBANK,raw_l2/trade_date=2026-07-17/exchange=NSE/symbol=ICICIBANK/part-065553_539909-026094.parquet,real_data_sample\l2_unseen_validation\trade_date=2026-07-17\exchange=NSE\symbol=ICICIBANK\part-065553_539909-026094.parquet,36399,downloaded,36399,
2026-07-17,NSE,ICICIBANK,raw_l2/trade_date=2026-07-17/exchange=NSE/symbol=ICICIBANK/part-070122_786467-026830.parquet,real_data_sample\l2_unseen_validation\trade_date=2026-07-17\exchange=NSE\symbol=ICICIBANK\part-070122_786467-026830.parquet,36548,downloaded,36548,
2026-07-17,NSE,ICICIBANK,raw_l2/trade_date=2026-07-17/exchange=NSE/symbol=ICICIBANK/part-065731_671598-026318.parquet,real_data_sample\l2_unseen_validation\trade_date=2026-07-17\exchange=NSE\symbol=ICICIBANK\part-065731_671598-026318.parquet,36199,downloaded,36199,
2026-07-17,NSE,ICICIBANK,raw_l2/trade_date=2026-07-17/exchange=NSE/symbol=ICICIBANK/part-062722_834438-022190.parquet,real_data_sample\l2_unseen_validation\trade_date=2026-07-17\exchange=NSE\symbol=ICICIBANK\part-062722_834438-022190.parquet,36305,downloaded,36305,
2026-07-17,NSE,ICICIBANK,raw_l2/trade_date=2026-07-17/exchange=NSE/symbol=ICICIBANK/part-070221_697751-026958.parquet,real_data_sample\l2_unseen_validation\trade_date=2026-07-17\exchange=NSE\symbol=ICICIBANK\part-070221_697751-026958.parquet,36386,downloaded,36386,
2026-07-17,NSE,ICICIBANK,raw_l2/trade_date=2026-07-17/exchange=NSE/symbol=ICICIBANK/part-070137_426662-026862.parquet,real_data_sample\l2_unseen_validation\trade_date=2026-07-17\exchange=NSE\symbol=ICICIBANK\part-070137_426662-026862.parquet,36122,downloaded,36122,
2026-07-17,NSE,ICICIBANK,raw_l2/trade_date=2026-07-17/exchange=NSE/symbol=ICICIBANK/part-065305_092310-025710.parquet,real_data_sample\l2_unseen_validation\trade_date=2026-07-17\exchange=NSE\symbol=ICICIBANK\part-065305_092310-025710.parquet,35987,downloaded,35987,
2026-07-17,NSE,ICICIBANK,raw_l2/trade_date=2026-07-17/exchange=NSE/symbol=ICICIBANK/part-065346_782097-025806.parquet,real_data_sample\l2_unseen_validation\trade_date=2026-07-17\exchange=NSE\symbol=ICICIBANK\part-065346_782097-025806.parquet,35739,downloaded,35739,
2026-07-17,NSE,ICICIBANK,raw_l2/trade_date=2026-07-17/exchange=NSE/symbol=ICICIBANK/part-070206_927424-026926.parquet,real_data_sample\l2_unseen_validation\trade_date=2026-07-17\exchange=NSE\symbol=ICICIBANK\part-070206_927424-026926.parquet,36235,downloaded,36235,
2026-07-17,NSE,ICICIBANK,raw_l2/trade_date=2026-07-17/exchange=NSE/symbol=ICICIBANK/part-070152_521215-026894.parquet,real_data_sample\l2_unseen_validation\trade_date=2026-07-17\exchange=NSE\symbol=ICICIBANK\part-070152_521215-026894.parquet,36489,downloaded,36489,
2026-07-17,NSE,ICICIBANK,raw_l2/trade_date=2026-07-17/exchange=NSE/symbol=ICICIBANK/part-065333_007631-025774.parquet,real_data_sample\l2_unseen_validation\trade_date=2026-07-17\exchange=NSE\symbol=ICICIBANK\part-065333_007631-025774.parquet,35928,downloaded,35928,
2026-07-17,NSE,ICICIBANK,raw_l2/trade_date=2026-07-17/exchange=NSE/symbol=ICICIBANK/part-070236_415221-026990.parquet,real_data_sample\l2_unseen_validation\trade_date=2026-07-17\exchange=NSE\symbol=ICICIBANK\part-070236_415221-026990.parquet,36408,downloaded,36408,
2026-07-17,NSE,ICICIBANK,raw_l2/trade_date=2026-07-17/exchange=NSE/symbol=ICICIBANK/part-070627_705400-027502.parquet,real_data_sample\l2_unseen_validation\trade_date=2026-07-17\exchange=NSE\symbol=ICICIBANK\part-070627_705400-027502.parquet,34895,downloaded,34895,
2026-07-17,NSE,ICICIBANK,raw_l2/trade_date=2026-07-17/exchange=NSE/symbol=ICICIBANK/part-070432_343825-027246.parquet,real_data_sample\l2_unseen_validation\trade_date=2026-07-17\exchange=NSE\symbol=ICICIBANK\part-070432_343825-027246.parquet,35886,downloaded,35886,
2026-07-17,NSE,ICICIBANK,raw_l2/trade_date=2026-07-17/exchange=NSE/symbol=ICICIBANK/part-070501_108145-027310.parquet,real_data_sample\l2_unseen_validation\trade_date=2026-07-17\exchange=NSE\symbol=ICICIBANK\part-070501_108145-027310.parquet,35865,downloaded,35865,
2026-07-17,NSE,ICICIBANK,raw_l2/trade_date=2026-07-17/exchange=NSE/symbol=ICICIBANK/part-070446_594257-027278.parquet,real_data_sample\l2_unseen_validation\trade_date=2026-07-17\exchange=NSE\symbol=ICICIBANK\part-070446_594257-027278.parquet,36028,downloaded,36028,
2026-07-17,NSE,ICICIBANK,raw_l2/trade_date=2026-07-17/exchange=NSE/symbol=ICICIBANK/part-070515_772394-027342.parquet,real_data_sample\l2_unseen_validation\trade_date=2026-07-17\exchange=NSE\symbol=ICICIBANK\part-070515_772394-027342.parquet,35436,downloaded,35436,
2026-07-17,NSE,ICICIBANK,raw_l2/trade_date=2026-07-17/exchange=NSE/symbol=ICICIBANK/part-070613_341735-027470.parquet,real_data_sample\l2_unseen_validation\trade_date=2026-07-17\exchange=NSE\symbol=ICICIBANK\part-070613_341735-027470.parquet,35055,downloaded,35055,
2026-07-17,NSE,ICICIBANK,raw_l2/trade_date=2026-07-17/exchange=NSE/symbol=ICICIBANK/part-070251_085575-027022.parquet,real_data_sample\l2_unseen_validation\trade_date=2026-07-17\exchange=NSE\symbol=ICICIBANK\part-070251_085575-027022.parquet,36128,downloaded,36128,
2026-07-17,NSE,ICICIBANK,raw_l2/trade_date=2026-07-17/exchange=NSE/symbol=ICICIBANK/part-070558_892013-027438.parquet,real_data_sample\l2_unseen_validation\trade_date=2026-07-17\exchange=NSE\symbol=ICICIBANK\part-070558_892013-027438.parquet,34915,downloaded,34915,
2026-07-17,NSE,ICICIBANK,raw_l2/trade_date=2026-07-17/exchange=NSE/symbol=ICICIBANK/part-070418_186118-027214.parquet,real_data_sample\l2_unseen_validation\trade_date=2026-07-17\exchange=NSE\symbol=ICICIBANK\part-070418_186118-027214.parquet,35663,downloaded,35663,
2026-07-17,NSE,ICICIBANK,raw_l2/trade_date=2026-07-17/exchange=NSE/symbol=ICICIBANK/part-070724_921954-027630.parquet,real_data_sample\l2_unseen_validation\trade_date=2026-07-17\exchange=NSE\symbol=ICICIBANK\part-070724_921954-027630.parquet,34726,downloaded,34726,
2026-07-17,NSE,ICICIBANK,raw_l2/trade_date=2026-07-17/exchange=NSE/symbol=ICICIBANK/part-070710_656958-027598.parquet,real_data_sample\l2_unseen_validation\trade_date=2026-07-17\exchange=NSE\symbol=ICICIBANK\part-070710_656958-027598.parquet,34827,downloaded,34827,
2026-07-17,NSE,ICICIBANK,raw_l2/trade_date=2026-07-17/exchange=NSE/symbol=ICICIBANK/part-070349_467377-027150.parquet,real_data_sample\l2_unseen_validation\trade_date=2026-07-17\exchange=NSE\symbol=ICICIBANK\part-070349_467377-027150.parquet,35703,downloaded,35703,
2026-07-17,NSE,ICICIBANK,raw_l2/trade_date=2026-07-17/exchange=NSE/symbol=ICICIBANK/part-070320_811789-027086.parquet,real_data_sample\l2_unseen_validation\trade_date=2026-07-17\exchange=NSE\symbol=ICICIBANK\part-070320_811789-027086.parquet,35859,downloaded,35859,
2026-07-17,NSE,ICICIBANK,raw_l2/trade_date=2026-07-17/exchange=NSE/symbol=ICICIBANK/part-070753_327054-027694.parquet,real_data_sample\l2_unseen_validation\trade_date=2026-07-17\exchange=NSE\symbol=ICICIBANK\part-070753_327054-027694.parquet,35060,downloaded,35060,
2026-07-17,NSE,ICICIBANK,raw_l2/trade_date=2026-07-17/exchange=NSE/symbol=ICICIBANK/part-070739_106405-027662.parquet,real_data_sample\l2_unseen_validation\trade_date=2026-07-17\exchange=NSE\symbol=ICICIBANK\part-070739_106405-027662.parquet,34773,downloaded,34773,
2026-07-17,NSE,ICICIBANK,raw_l2/trade_date=2026-07-17/exchange=NSE/symbol=ICICIBANK/part-070335_210134-027118.parquet,real_data_sample\l2_unseen_validation\trade_date=2026-07-17\exchange=NSE\symbol=ICICIBANK\part-070335_210134-027118.parquet,36164,downloaded,36164,
2026-07-17,NSE,ICICIBANK,raw_l2/trade_date=2026-07-17/exchange=NSE/symbol=ICICIBANK/part-070530_269026-027374.parquet,real_data_sample\l2_unseen_validation\trade_date=2026-07-17\exchange=NSE\symbol=ICICIBANK\part-070530_269026-027374.parquet,34930,downloaded,34930,
2026-07-17,NSE,ICICIBANK,raw_l2/trade_date=2026-07-17/exchange=NSE/symbol=ICICIBANK/part-070306_049740-027054.parquet,real_data_sample\l2_unseen_validation\trade_date=2026-07-17\exchange=NSE\symbol=ICICIBANK\part-070306_049740-027054.parquet,36472,downloaded,36472,
2026-07-17,NSE,ICICIBANK,raw_l2/trade_date=2026-07-17/exchange=NSE/symbol=ICICIBANK/part-070404_012869-027182.parquet,real_data_sample\l2_unseen_validation\trade_date=2026-07-17\exchange=NSE\symbol=ICICIBANK\part-070404_012869-027182.parquet,35732,downloaded,35732,
2026-07-17,NSE,ICICIBANK,raw_l2/trade_date=2026-07-17/exchange=NSE/symbol=ICICIBANK/part-070544_714432-027406.parquet,real_data_sample\l2_unseen_validation\trade_date=2026-07-17\exchange=NSE\symbol=ICICIBANK\part-070544_714432-027406.parquet,35085,downloaded,35085,
2026-07-17,NSE,ICICIBANK,raw_l2/trade_date=2026-07-17/exchange=NSE/symbol=ICICIBANK/part-070656_407030-027566.parquet,real_data_sample\l2_unseen_validation\trade_date=2026-07-17\exchange=NSE\symbol=ICICIBANK\part-070656_407030-027566.parquet,34959,downloaded,34959,
2026-07-17,NSE,ICICIBANK,raw_l2/trade_date=2026-07-17/exchange=NSE/symbol=ICICIBANK/part-070642_101068-027534.parquet,real_data_sample\l2_unseen_validation\trade_date=2026-07-17\exchange=NSE\symbol=ICICIBANK\part-070642_101068-027534.parquet,34900,downloaded,34900,
2026-07-17,NSE,ICICIBANK,raw_l2/trade_date=2026-07-17/exchange=NSE/symbol=ICICIBANK/part-070821_374413-027758.parquet,real_data_sample\l2_unseen_validation\trade_date=2026-07-17\exchange=NSE\symbol=ICICIBANK\part-070821_374413-027758.parquet,34679,downloaded,34679,
2026-07-17,NSE,ICICIBANK,raw_l2/trade_date=2026-07-17/exchange=NSE/symbol=ICICIBANK/part-062751_415897-022254.parquet,real_data_sample\l2_unseen_validation\trade_date=2026-07-17\exchange=NSE\symbol=ICICIBANK\part-062751_415897-022254.parquet,35632,downloaded,35632,
2026-07-17,NSE,ICICIBANK,raw_l2/trade_date=2026-07-17/exchange=NSE/symbol=ICICIBANK/part-070835_779292-027790.parquet,real_data_sample\l2_unseen_validation\trade_date=2026-07-17\exchange=NSE\symbol=ICICIBANK\part-070835_779292-027790.parquet,34955,downloaded,34955,
2026-07-17,NSE,ICICIBANK,raw_l2/trade_date=2026-07-17/exchange=NSE/symbol=ICICIBANK/part-070807_289163-027726.parquet,real_data_sample\l2_unseen_validation\trade_date=2026-07-17\exchange=NSE\symbol=ICICIBANK\part-070807_289163-027726.parquet,34985,downloaded,34985,
2026-07-17,NSE,ICICIBANK,raw_l2/trade_date=2026-07-17/exchange=NSE/symbol=ICICIBANK/part-070918_814986-027886.parquet,real_data_sample\l2_unseen_validation\trade_date=2026-07-17\exchange=NSE\symbol=ICICIBANK\part-070918_814986-027886.parquet,35155,downloaded,35155,
2026-07-17,NSE,ICICIBANK,raw_l2/trade_date=2026-07-17/exchange=NSE/symbol=ICICIBANK/part-070904_541064-027854.parquet,real_data_sample\l2_unseen_validation\trade_date=2026-07-17\exchange=NSE\symbol=ICICIBANK\part-070904_541064-027854.parquet,34936,downloaded,34936,
2026-07-17,NSE,ICICIBANK,raw_l2/trade_date=2026-07-17/exchange=NSE/symbol=ICICIBANK/part-070850_124005-027822.parquet,real_data_sample\l2_unseen_validation\trade_date=2026-07-17\exchange=NSE\symbol=ICICIBANK\part-070850_124005-027822.parquet,35015,downloaded,35015,
2026-07-17,NSE,ICICIBANK,raw_l2/trade_date=2026-07-17/exchange=NSE/symbol=ICICIBANK/part-070933_541293-027918.parquet,real_data_sample\l2_unseen_validation\trade_date=2026-07-17\exchange=NSE\symbol=ICICIBANK\part-070933_541293-027918.parquet,34993,downloaded,34993,
2026-07-17,NSE,ICICIBANK,raw_l2/trade_date=2026-07-17/exchange=NSE/symbol=ICICIBANK/part-071044_785266-028078.parquet,real_data_sample\l2_unseen_validation\trade_date=2026-07-17\exchange=NSE\symbol=ICICIBANK\part-071044_785266-028078.parquet,36700,downloaded,36700,
2026-07-17,NSE,ICICIBANK,raw_l2/trade_date=2026-07-17/exchange=NSE/symbol=ICICIBANK/part-071030_620596-028046.parquet,real_data_sample\l2_unseen_validation\trade_date=2026-07-17\exchange=NSE\symbol=ICICIBANK\part-071030_620596-028046.parquet,36505,downloaded,36505,
2026-07-17,NSE,ICICIBANK,raw_l2/trade_date=2026-07-17/exchange=NSE/symbol=ICICIBANK/part-071002_370455-027982.parquet,real_data_sample\l2_unseen_validation\trade_date=2026-07-17\exchange=NSE\symbol=ICICIBANK\part-071002_370455-027982.parquet,34987,downloaded,34987,
2026-07-17,NSE,ICICIBANK,raw_l2/trade_date=2026-07-17/exchange=NSE/symbol=ICICIBANK/part-071016_562189-028014.parquet,real_data_sample\l2_unseen_validation\trade_date=2026-07-17\exchange=NSE\symbol=ICICIBANK\part-071016_562189-028014.parquet,35496,downloaded,35496,
2026-07-17,NSE,ICICIBANK,raw_l2/trade_date=2026-07-17/exchange=NSE/symbol=ICICIBANK/part-071352_633163-028494.parquet,real_data_sample\l2_unseen_validation\trade_date=2026-07-17\exchange=NSE\symbol=ICICIBANK\part-071352_633163-028494.parquet,36337,downloaded,36337,
2026-07-17,NSE,ICICIBANK,raw_l2/trade_date=2026-07-17/exchange=NSE/symbol=ICICIBANK/part-071241_163535-028334.parquet,real_data_sample\l2_unseen_validation\trade_date=2026-07-17\exchange=NSE\symbol=ICICIBANK\part-071241_163535-028334.parquet,35526,downloaded,35526,
2026-07-17,NSE,ICICIBANK,raw_l2/trade_date=2026-07-17/exchange=NSE/symbol=ICICIBANK/part-071226_694759-028302.parquet,real_data_sample\l2_unseen_validation\trade_date=2026-07-17\exchange=NSE\symbol=ICICIBANK\part-071226_694759-028302.parquet,36015,downloaded,36015,
2026-07-17,NSE,ICICIBANK,raw_l2/trade_date=2026-07-17/exchange=NSE/symbol=ICICIBANK/part-071338_194989-028462.parquet,real_data_sample\l2_unseen_validation\trade_date=2026-07-17\exchange=NSE\symbol=ICICIBANK\part-071338_194989-028462.parquet,35826,downloaded,35826,
2026-07-17,NSE,ICICIBANK,raw_l2/trade_date=2026-07-17/exchange=NSE/symbol=ICICIBANK/part-071309_692456-028398.parquet,real_data_sample\l2_unseen_validation\trade_date=2026-07-17\exchange=NSE\symbol=ICICIBANK\part-071309_692456-028398.parquet,36013,downloaded,36013,
2026-07-17,NSE,ICICIBANK,raw_l2/trade_date=2026-07-17/exchange=NSE/symbol=ICICIBANK/part-071113_996921-028142.parquet,real_data_sample\l2_unseen_validation\trade_date=2026-07-17\exchange=NSE\symbol=ICICIBANK\part-071113_996921-028142.parquet,36364,downloaded,36364,
2026-07-17,NSE,ICICIBANK,raw_l2/trade_date=2026-07-17/exchange=NSE/symbol=ICICIBANK/part-071255_435730-028366.parquet,real_data_sample\l2_unseen_validation\trade_date=2026-07-17\exchange=NSE\symbol=ICICIBANK\part-071255_435730-028366.parquet,35442,downloaded,35442,
2026-07-17,NSE,ICICIBANK,raw_l2/trade_date=2026-07-17/exchange=NSE/symbol=ICICIBANK/part-071212_140160-028270.parquet,real_data_sample\l2_unseen_validation\trade_date=2026-07-17\exchange=NSE\symbol=ICICIBANK\part-071212_140160-028270.parquet,35850,downloaded,35850,
2026-07-17,NSE,ICICIBANK,raw_l2/trade_date=2026-07-17/exchange=NSE/symbol=ICICIBANK/part-071406_864673-028526.parquet,real_data_sample\l2_unseen_validation\trade_date=2026-07-17\exchange=NSE\symbol=ICICIBANK\part-071406_864673-028526.parquet,36216,downloaded,36216,
2026-07-17,NSE,ICICIBANK,raw_l2/trade_date=2026-07-17/exchange=NSE/symbol=ICICIBANK/part-071421_149217-028558.parquet,real_data_sample\l2_unseen_validation\trade_date=2026-07-17\exchange=NSE\symbol=ICICIBANK\part-071421_149217-028558.parquet,36173,downloaded,36173,
2026-07-17,NSE,ICICIBANK,raw_l2/trade_date=2026-07-17/exchange=NSE/symbol=ICICIBANK/part-071323_896594-028430.parquet,real_data_sample\l2_unseen_validation\trade_date=2026-07-17\exchange=NSE\symbol=ICICIBANK\part-071323_896594-028430.parquet,35783,downloaded,35783,
2026-07-17,NSE,ICICIBANK,raw_l2/trade_date=2026-07-17/exchange=NSE/symbol=ICICIBANK/part-071059_497322-028110.parquet,real_data_sample\l2_unseen_validation\trade_date=2026-07-17\exchange=NSE\symbol=ICICIBANK\part-071059_497322-028110.parquet,36428,downloaded,36428,
2026-07-17,NSE,ICICIBANK,raw_l2/trade_date=2026-07-17/exchange=NSE/symbol=ICICIBANK/part-071128_567287-028174.parquet,real_data_sample\l2_unseen_validation\trade_date=2026-07-17\exchange=NSE\symbol=ICICIBANK\part-071128_567287-028174.parquet,36526,downloaded,36526,
2026-07-17,NSE,ICICIBANK,raw_l2/trade_date=2026-07-17/exchange=NSE/symbol=ICICIBANK/part-071143_164343-028206.parquet,real_data_sample\l2_unseen_validation\trade_date=2026-07-17\exchange=NSE\symbol=ICICIBANK\part-071143_164343-028206.parquet,36672,downloaded,36672,
2026-07-17,NSE,ICICIBANK,raw_l2/trade_date=2026-07-17/exchange=NSE/symbol=ICICIBANK/part-071157_745626-028238.parquet,real_data_sample\l2_unseen_validation\trade_date=2026-07-17\exchange=NSE\symbol=ICICIBANK\part-071157_745626-028238.parquet,36506,downloaded,36506,
2026-07-17,NSE,ICICIBANK,raw_l2/trade_date=2026-07-17/exchange=NSE/symbol=ICICIBANK/part-071435_368178-028590.parquet,real_data_sample\l2_unseen_validation\trade_date=2026-07-17\exchange=NSE\symbol=ICICIBANK\part-071435_368178-028590.parquet,36067,downloaded,36067,
2026-07-17,NSE,ICICIBANK,raw_l2/trade_date=2026-07-17/exchange=NSE/symbol=ICICIBANK/part-071532_980379-028718.parquet,real_data_sample\l2_unseen_validation\trade_date=2026-07-17\exchange=NSE\symbol=ICICIBANK\part-071532_980379-028718.parquet,34748,downloaded,34748,
2026-07-17,NSE,ICICIBANK,raw_l2/trade_date=2026-07-17/exchange=NSE/symbol=ICICIBANK/part-071616_165905-028814.parquet,real_data_sample\l2_unseen_validation\trade_date=2026-07-17\exchange=NSE\symbol=ICICIBANK\part-071616_165905-028814.parquet,34993,downloaded,34993,
2026-07-17,NSE,ICICIBANK,raw_l2/trade_date=2026-07-17/exchange=NSE/symbol=ICICIBANK/part-071547_448402-028750.parquet,real_data_sample\l2_unseen_validation\trade_date=2026-07-17\exchange=NSE\symbol=ICICIBANK\part-071547_448402-028750.parquet,34926,downloaded,34926,
2026-07-17,NSE,ICICIBANK,raw_l2/trade_date=2026-07-17/exchange=NSE/symbol=ICICIBANK/part-071601_863378-028782.parquet,real_data_sample\l2_unseen_validation\trade_date=2026-07-17\exchange=NSE\symbol=ICICIBANK\part-071601_863378-028782.parquet,35043,downloaded,35043,
2026-07-17,NSE,ICICIBANK,raw_l2/trade_date=2026-07-17/exchange=NSE/symbol=ICICIBANK/part-071712_913172-028942.parquet,real_data_sample\l2_unseen_validation\trade_date=2026-07-17\exchange=NSE\symbol=ICICIBANK\part-071712_913172-028942.parquet,35145,downloaded,35145,
2026-07-17,NSE,ICICIBANK,raw_l2/trade_date=2026-07-17/exchange=NSE/symbol=ICICIBANK/part-071630_379028-028846.parquet,real_data_sample\l2_unseen_validation\trade_date=2026-07-17\exchange=NSE\symbol=ICICIBANK\part-071630_379028-028846.parquet,34862,downloaded,34862,
2026-07-17,NSE,ICICIBANK,raw_l2/trade_date=2026-07-17/exchange=NSE/symbol=ICICIBANK/part-071449_736182-028622.parquet,real_data_sample\l2_unseen_validation\trade_date=2026-07-17\exchange=NSE\symbol=ICICIBANK\part-071449_736182-028622.parquet,35423,downloaded,35423,
2026-07-17,NSE,ICICIBANK,raw_l2/trade_date=2026-07-17/exchange=NSE/symbol=ICICIBANK/part-071658_805559-028910.parquet,real_data_sample\l2_unseen_validation\trade_date=2026-07-17\exchange=NSE\symbol=ICICIBANK\part-071658_805559-028910.parquet,34994,downloaded,34994,
2026-07-17,NSE,ICICIBANK,raw_l2/trade_date=2026-07-17/exchange=NSE/symbol=ICICIBANK/part-071504_233548-028654.parquet,real_data_sample\l2_unseen_validation\trade_date=2026-07-17\exchange=NSE\symbol=ICICIBANK\part-071504_233548-028654.parquet,35872,downloaded,35872,
2026-07-17,NSE,ICICIBANK,raw_l2/trade_date=2026-07-17/exchange=NSE/symbol=ICICIBANK/part-071518_673276-028686.parquet,real_data_sample\l2_unseen_validation\trade_date=2026-07-17\exchange=NSE\symbol=ICICIBANK\part-071518_673276-028686.parquet,35487,downloaded,35487,
2026-07-17,NSE,ICICIBANK,raw_l2/trade_date=2026-07-17/exchange=NSE/symbol=ICICIBANK/part-071644_610783-028878.parquet,real_data_sample\l2_unseen_validation\trade_date=2026-07-17\exchange=NSE\symbol=ICICIBANK\part-071644_610783-028878.parquet,34960,downloaded,34960,
2026-07-17,NSE,ICICIBANK,raw_l2/trade_date=2026-07-17/exchange=NSE/symbol=ICICIBANK/part-071741_346039-029006.parquet,real_data_sample\l2_unseen_validation\trade_date=2026-07-17\exchange=NSE\symbol=ICICIBANK\part-071741_346039-029006.parquet,35903,downloaded,35903,
2026-07-17,NSE,ICICIBANK,raw_l2/trade_date=2026-07-17/exchange=NSE/symbol=ICICIBANK/part-071727_015098-028974.parquet,real_data_sample\l2_unseen_validation\trade_date=2026-07-17\exchange=NSE\symbol=ICICIBANK\part-071727_015098-028974.parquet,35470,downloaded,35470,
2026-07-17,NSE,ICICIBANK,raw_l2/trade_date=2026-07-17/exchange=NSE/symbol=ICICIBANK/part-070948_146683-027950.parquet,real_data_sample\l2_unseen_validation\trade_date=2026-07-17\exchange=NSE\symbol=ICICIBANK\part-070948_146683-027950.parquet,35004,downloaded,35004,
2026-07-17,NSE,ICICIBANK,raw_l2/trade_date=2026-07-17/exchange=NSE/symbol=ICICIBANK/part-071755_617203-029038.parquet,real_data_sample\l2_unseen_validation\trade_date=2026-07-17\exchange=NSE\symbol=ICICIBANK\part-071755_617203-029038.parquet,35882,downloaded,35882,
2026-07-17,NSE,ICICIBANK,raw_l2/trade_date=2026-07-17/exchange=NSE/symbol=ICICIBANK/part-071810_014081-029070.parquet,real_data_sample\l2_unseen_validation\trade_date=2026-07-17\exchange=NSE\symbol=ICICIBANK\part-071810_014081-029070.parquet,35625,downloaded,35625,
2026-07-17,NSE,ICICIBANK,raw_l2/trade_date=2026-07-17/exchange=NSE/symbol=ICICIBANK/part-071824_376880-029102.parquet,real_data_sample\l2_unseen_validation\trade_date=2026-07-17\exchange=NSE\symbol=ICICIBANK\part-071824_376880-029102.parquet,35118,downloaded,35118,
2026-07-17,NSE,ICICIBANK,raw_l2/trade_date=2026-07-17/exchange=NSE/symbol=ICICIBANK/part-071937_136615-029262.parquet,real_data_sample\l2_unseen_validation\trade_date=2026-07-17\exchange=NSE\symbol=ICICIBANK\part-071937_136615-029262.parquet,34982,downloaded,34982,
2026-07-17,NSE,ICICIBANK,raw_l2/trade_date=2026-07-17/exchange=NSE/symbol=ICICIBANK/part-071908_584827-029198.parquet,real_data_sample\l2_unseen_validation\trade_date=2026-07-17\exchange=NSE\symbol=ICICIBANK\part-071908_584827-029198.parquet,35047,downloaded,35047,
2026-07-17,NSE,ICICIBANK,raw_l2/trade_date=2026-07-17/exchange=NSE/symbol=ICICIBANK/part-071838_750886-029134.parquet,real_data_sample\l2_unseen_validation\trade_date=2026-07-17\exchange=NSE\symbol=ICICIBANK\part-071838_750886-029134.parquet,34864,downloaded,34864,
2026-07-17,NSE,ICICIBANK,raw_l2/trade_date=2026-07-17/exchange=NSE/symbol=ICICIBANK/part-071922_812456-029230.parquet,real_data_sample\l2_unseen_validation\trade_date=2026-07-17\exchange=NSE\symbol=ICICIBANK\part-071922_812456-029230.parquet,34838,downloaded,34838,
2026-07-17,NSE,ICICIBANK,raw_l2/trade_date=2026-07-17/exchange=NSE/symbol=ICICIBANK/part-071853_849444-029166.parquet,real_data_sample\l2_unseen_validation\trade_date=2026-07-17\exchange=NSE\symbol=ICICIBANK\part-071853_849444-029166.parquet,34978,downloaded,34978,
2026-07-17,NSE,ICICIBANK,raw_l2/trade_date=2026-07-17/exchange=NSE/symbol=ICICIBANK/part-071951_335659-029294.parquet,real_data_sample\l2_unseen_validation\trade_date=2026-07-17\exchange=NSE\symbol=ICICIBANK\part-071951_335659-029294.parquet,35110,downloaded,35110,
2026-07-17,NSE,ICICIBANK,raw_l2/trade_date=2026-07-17/exchange=NSE/symbol=ICICIBANK/part-072019_901121-029358.parquet,real_data_sample\l2_unseen_validation\trade_date=2026-07-17\exchange=NSE\symbol=ICICIBANK\part-072019_901121-029358.parquet,35534,downloaded,35534,
2026-07-17,NSE,ICICIBANK,raw_l2/trade_date=2026-07-17/exchange=NSE/symbol=ICICIBANK/part-072034_172203-029390.parquet,real_data_sample\l2_unseen_validation\trade_date=2026-07-17\exchange=NSE\symbol=ICICIBANK\part-072034_172203-029390.parquet,35723,downloaded,35723,
2026-07-17,NSE,ICICIBANK,raw_l2/trade_date=2026-07-17/exchange=NSE/symbol=ICICIBANK/part-072048_424385-029422.parquet,real_data_sample\l2_unseen_validation\trade_date=2026-07-17\exchange=NSE\symbol=ICICIBANK\part-072048_424385-029422.parquet,35781,downloaded,35781,
2026-07-17,NSE,ICICIBANK,raw_l2/trade_date=2026-07-17/exchange=NSE/symbol=ICICIBANK/part-072005_545487-029326.parquet,real_data_sample\l2_unseen_validation\trade_date=2026-07-17\exchange=NSE\symbol=ICICIBANK\part-072005_545487-029326.parquet,34955,downloaded,34955,
2026-07-17,NSE,ICICIBANK,raw_l2/trade_date=2026-07-17/exchange=NSE/symbol=ICICIBANK/part-072325_164136-029774.parquet,real_data_sample\l2_unseen_validation\trade_date=2026-07-17\exchange=NSE\symbol=ICICIBANK\part-072325_164136-029774.parquet,36110,downloaded,36110,
2026-07-17,NSE,ICICIBANK,raw_l2/trade_date=2026-07-17/exchange=NSE/symbol=ICICIBANK/part-072116_836561-029486.parquet,real_data_sample\l2_unseen_validation\trade_date=2026-07-17\exchange=NSE\symbol=ICICIBANK\part-072116_836561-029486.parquet,36144,downloaded,36144,
2026-07-17,NSE,ICICIBANK,raw_l2/trade_date=2026-07-17/exchange=NSE/symbol=ICICIBANK/part-072310_971738-029742.parquet,real_data_sample\l2_unseen_validation\trade_date=2026-07-17\exchange=NSE\symbol=ICICIBANK\part-072310_971738-029742.parquet,36202,downloaded,36202,
2026-07-17,NSE,ICICIBANK,raw_l2/trade_date=2026-07-17/exchange=NSE/symbol=ICICIBANK/part-072102_635005-029454.parquet,real_data_sample\l2_unseen_validation\trade_date=2026-07-17\exchange=NSE\symbol=ICICIBANK\part-072102_635005-029454.parquet,36096,downloaded,36096,
2026-07-17,NSE,ICICIBANK,raw_l2/trade_date=2026-07-17/exchange=NSE/symbol=ICICIBANK/part-072214_131074-029614.parquet,real_data_sample\l2_unseen_validation\trade_date=2026-07-17\exchange=NSE\symbol=ICICIBANK\part-072214_131074-029614.parquet,35904,downloaded,35904,
2026-07-17,NSE,ICICIBANK,raw_l2/trade_date=2026-07-17/exchange=NSE/symbol=ICICIBANK/part-072130_955400-029518.parquet,real_data_sample\l2_unseen_validation\trade_date=2026-07-17\exchange=NSE\symbol=ICICIBANK\part-072130_955400-029518.parquet,35721,downloaded,35721,
2026-07-17,NSE,ICICIBANK,raw_l2/trade_date=2026-07-17/exchange=NSE/symbol=ICICIBANK/part-072242_417145-029678.parquet,real_data_sample\l2_unseen_validation\trade_date=2026-07-17\exchange=NSE\symbol=ICICIBANK\part-072242_417145-029678.parquet,35573,downloaded,35573,
2026-07-17,NSE,ICICIBANK,raw_l2/trade_date=2026-07-17/exchange=NSE/symbol=ICICIBANK/part-072256_637647-029710.parquet,real_data_sample\l2_unseen_validation\trade_date=2026-07-17\exchange=NSE\symbol=ICICIBANK\part-072256_637647-029710.parquet,35485,downloaded,35485,
2026-07-17,NSE,ICICIBANK,raw_l2/trade_date=2026-07-17/exchange=NSE/symbol=ICICIBANK/part-072228_137694-029646.parquet,real_data_sample\l2_unseen_validation\trade_date=2026-07-17\exchange=NSE\symbol=ICICIBANK\part-072228_137694-029646.parquet,35791,downloaded,35791,
2026-07-17,NSE,ICICIBANK,raw_l2/trade_date=2026-07-17/exchange=NSE/symbol=ICICIBANK/part-072436_661210-029934.parquet,real_data_sample\l2_unseen_validation\trade_date=2026-07-17\exchange=NSE\symbol=ICICIBANK\part-072436_661210-029934.parquet,35378,downloaded,35378,
2026-07-17,NSE,ICICIBANK,raw_l2/trade_date=2026-07-17/exchange=NSE/symbol=ICICIBANK/part-072159_293895-029582.parquet,real_data_sample\l2_unseen_validation\trade_date=2026-07-17\exchange=NSE\symbol=ICICIBANK\part-072159_293895-029582.parquet,35584,downloaded,35584,
2026-07-17,NSE,ICICIBANK,raw_l2/trade_date=2026-07-17/exchange=NSE/symbol=ICICIBANK/part-072145_040374-029550.parquet,real_data_sample\l2_unseen_validation\trade_date=2026-07-17\exchange=NSE\symbol=ICICIBANK\part-072145_040374-029550.parquet,36036,downloaded,36036,
2026-07-17,NSE,ICICIBANK,raw_l2/trade_date=2026-07-17/exchange=NSE/symbol=ICICIBANK/part-072353_941029-029838.parquet,real_data_sample\l2_unseen_validation\trade_date=2026-07-17\exchange=NSE\symbol=ICICIBANK\part-072353_941029-029838.parquet,36003,downloaded,36003,
2026-07-17,NSE,ICICIBANK,raw_l2/trade_date=2026-07-17/exchange=NSE/symbol=ICICIBANK/part-072422_324333-029902.parquet,real_data_sample\l2_unseen_validation\trade_date=2026-07-17\exchange=NSE\symbol=ICICIBANK\part-072422_324333-029902.parquet,36196,downloaded,36196,
2026-07-17,NSE,ICICIBANK,raw_l2/trade_date=2026-07-17/exchange=NSE/symbol=ICICIBANK/part-072339_641865-029806.parquet,real_data_sample\l2_unseen_validation\trade_date=2026-07-17\exchange=NSE\symbol=ICICIBANK\part-072339_641865-029806.parquet,36212,downloaded,36212,
2026-07-17,NSE,ICICIBANK,raw_l2/trade_date=2026-07-17/exchange=NSE/symbol=ICICIBANK/part-072451_025542-029966.parquet,real_data_sample\l2_unseen_validation\trade_date=2026-07-17\exchange=NSE\symbol=ICICIBANK\part-072451_025542-029966.parquet,35235,downloaded,35235,
2026-07-17,NSE,ICICIBANK,raw_l2/trade_date=2026-07-17/exchange=NSE/symbol=ICICIBANK/part-072505_520160-029998.parquet,real_data_sample\l2_unseen_validation\trade_date=2026-07-17\exchange=NSE\symbol=ICICIBANK\part-072505_520160-029998.parquet,35306,downloaded,35306,
2026-07-17,NSE,ICICIBANK,raw_l2/trade_date=2026-07-17/exchange=NSE/symbol=ICICIBANK/part-072408_108956-029870.parquet,real_data_sample\l2_unseen_validation\trade_date=2026-07-17\exchange=NSE\symbol=ICICIBANK\part-072408_108956-029870.parquet,35482,downloaded,35482,
2026-07-17,NSE,ICICIBANK,raw_l2/trade_date=2026-07-17/exchange=NSE/symbol=ICICIBANK/part-072533_843338-030062.parquet,real_data_sample\l2_unseen_validation\trade_date=2026-07-17\exchange=NSE\symbol=ICICIBANK\part-072533_843338-030062.parquet,34948,downloaded,34948,
2026-07-17,NSE,ICICIBANK,raw_l2/trade_date=2026-07-17/exchange=NSE/symbol=ICICIBANK/part-072548_157181-030094.parquet,real_data_sample\l2_unseen_validation\trade_date=2026-07-17\exchange=NSE\symbol=ICICIBANK\part-072548_157181-030094.parquet,34886,downloaded,34886,
2026-07-17,NSE,ICICIBANK,raw_l2/trade_date=2026-07-17/exchange=NSE/symbol=ICICIBANK/part-072602_140380-030126.parquet,real_data_sample\l2_unseen_validation\trade_date=2026-07-17\exchange=NSE\symbol=ICICIBANK\part-072602_140380-030126.parquet,34870,downloaded,34870,
2026-07-17,NSE,ICICIBANK,raw_l2/trade_date=2026-07-17/exchange=NSE/symbol=ICICIBANK/part-072728_128800-030318.parquet,real_data_sample\l2_unseen_validation\trade_date=2026-07-17\exchange=NSE\symbol=ICICIBANK\part-072728_128800-030318.parquet,36115,downloaded,36115,
2026-07-17,NSE,ICICIBANK,raw_l2/trade_date=2026-07-17/exchange=NSE/symbol=ICICIBANK/part-072856_232357-030510.parquet,real_data_sample\l2_unseen_validation\trade_date=2026-07-17\exchange=NSE\symbol=ICICIBANK\part-072856_232357-030510.parquet,36269,downloaded,36269,
2026-07-17,NSE,ICICIBANK,raw_l2/trade_date=2026-07-17/exchange=NSE/symbol=ICICIBANK/part-072645_071585-030222.parquet,real_data_sample\l2_unseen_validation\trade_date=2026-07-17\exchange=NSE\symbol=ICICIBANK\part-072645_071585-030222.parquet,35531,downloaded,35531,
2026-07-17,NSE,ICICIBANK,raw_l2/trade_date=2026-07-17/exchange=NSE/symbol=ICICIBANK/part-072519_632365-030030.parquet,real_data_sample\l2_unseen_validation\trade_date=2026-07-17\exchange=NSE\symbol=ICICIBANK\part-072519_632365-030030.parquet,35051,downloaded,35051,
2026-07-17,NSE,ICICIBANK,raw_l2/trade_date=2026-07-17/exchange=NSE/symbol=ICICIBANK/part-072841_507386-030478.parquet,real_data_sample\l2_unseen_validation\trade_date=2026-07-17\exchange=NSE\symbol=ICICIBANK\part-072841_507386-030478.parquet,36101,downloaded,36101,
2026-07-17,NSE,ICICIBANK,raw_l2/trade_date=2026-07-17/exchange=NSE/symbol=ICICIBANK/part-072910_889350-030542.parquet,real_data_sample\l2_unseen_validation\trade_date=2026-07-17\exchange=NSE\symbol=ICICIBANK\part-072910_889350-030542.parquet,35873,downloaded,35873,
2026-07-17,NSE,ICICIBANK,raw_l2/trade_date=2026-07-17/exchange=NSE/symbol=ICICIBANK/part-072713_613842-030286.parquet,real_data_sample\l2_unseen_validation\trade_date=2026-07-17\exchange=NSE\symbol=ICICIBANK\part-072713_613842-030286.parquet,36384,downloaded,36384,
2026-07-17,NSE,ICICIBANK,raw_l2/trade_date=2026-07-17/exchange=NSE/symbol=ICICIBANK/part-072659_153905-030254.parquet,real_data_sample\l2_unseen_validation\trade_date=2026-07-17\exchange=NSE\symbol=ICICIBANK\part-072659_153905-030254.parquet,35492,downloaded,35492,
2026-07-17,NSE,ICICIBANK,raw_l2/trade_date=2026-07-17/exchange=NSE/symbol=ICICIBANK/part-073009_043737-030670.parquet,real_data_sample\l2_unseen_validation\trade_date=2026-07-17\exchange=NSE\symbol=ICICIBANK\part-073009_043737-030670.parquet,35917,downloaded,35917,
2026-07-17,NSE,ICICIBANK,raw_l2/trade_date=2026-07-17/exchange=NSE/symbol=ICICIBANK/part-073231_901049-030990.parquet,real_data_sample\l2_unseen_validation\trade_date=2026-07-17\exchange=NSE\symbol=ICICIBANK\part-073231_901049-030990.parquet,35915,downloaded,35915,
2026-07-17,NSE,ICICIBANK,raw_l2/trade_date=2026-07-17/exchange=NSE/symbol=ICICIBANK/part-072940_230568-030606.parquet,real_data_sample\l2_unseen_validation\trade_date=2026-07-17\exchange=NSE\symbol=ICICIBANK\part-072940_230568-030606.parquet,36254,downloaded,36254,
2026-07-17,NSE,ICICIBANK,raw_l2/trade_date=2026-07-17/exchange=NSE/symbol=ICICIBANK/part-072811_517919-030414.parquet,real_data_sample\l2_unseen_validation\trade_date=2026-07-17\exchange=NSE\symbol=ICICIBANK\part-072811_517919-030414.parquet,35736,downloaded,35736,
2026-07-17,NSE,ICICIBANK,raw_l2/trade_date=2026-07-17/exchange=NSE/symbol=ICICIBANK/part-073328_949510-031118.parquet,real_data_sample\l2_unseen_validation\trade_date=2026-07-17\exchange=NSE\symbol=ICICIBANK\part-073328_949510-031118.parquet,35564,downloaded,35564,
2026-07-17,NSE,ICICIBANK,raw_l2/trade_date=2026-07-17/exchange=NSE/symbol=ICICIBANK/part-073037_621176-030734.parquet,real_data_sample\l2_unseen_validation\trade_date=2026-07-17\exchange=NSE\symbol=ICICIBANK\part-073037_621176-030734.parquet,36004,downloaded,36004,
2026-07-17,NSE,ICICIBANK,raw_l2/trade_date=2026-07-17/exchange=NSE/symbol=ICICIBANK/part-072756_978546-030382.parquet,real_data_sample\l2_unseen_validation\trade_date=2026-07-17\exchange=NSE\symbol=ICICIBANK\part-072756_978546-030382.parquet,35591,downloaded,35591,
2026-07-17,NSE,ICICIBANK,raw_l2/trade_date=2026-07-17/exchange=NSE/symbol=ICICIBANK/part-072825_866089-030446.parquet,real_data_sample\l2_unseen_validation\trade_date=2026-07-17\exchange=NSE\symbol=ICICIBANK\part-072825_866089-030446.parquet,36116,downloaded,36116,
2026-07-17,NSE,ICICIBANK,raw_l2/trade_date=2026-07-17/exchange=NSE/symbol=ICICIBANK/part-072954_704569-030638.parquet,real_data_sample\l2_unseen_validation\trade_date=2026-07-17\exchange=NSE\symbol=ICICIBANK\part-072954_704569-030638.parquet,35650,downloaded,35650,
2026-07-17,NSE,ICICIBANK,raw_l2/trade_date=2026-07-17/exchange=NSE/symbol=ICICIBANK/part-073023_334526-030702.parquet,real_data_sample\l2_unseen_validation\trade_date=2026-07-17\exchange=NSE\symbol=ICICIBANK\part-073023_334526-030702.parquet,36388,downloaded,36388,
2026-07-17,NSE,ICICIBANK,raw_l2/trade_date=2026-07-17/exchange=NSE/symbol=ICICIBANK/part-072742_527262-030350.parquet,real_data_sample\l2_unseen_validation\trade_date=2026-07-17\exchange=NSE\symbol=ICICIBANK\part-072742_527262-030350.parquet,36102,downloaded,36102,
2026-07-17,NSE,ICICIBANK,raw_l2/trade_date=2026-07-17/exchange=NSE/symbol=ICICIBANK/part-073300_421193-031054.parquet,real_data_sample\l2_unseen_validation\trade_date=2026-07-17\exchange=NSE\symbol=ICICIBANK\part-073300_421193-031054.parquet,36291,downloaded,36291,
2026-07-17,NSE,ICICIBANK,raw_l2/trade_date=2026-07-17/exchange=NSE/symbol=ICICIBANK/part-073314_653936-031086.parquet,real_data_sample\l2_unseen_validation\trade_date=2026-07-17\exchange=NSE\symbol=ICICIBANK\part-073314_653936-031086.parquet,35860,downloaded,35860,
2026-07-17,NSE,ICICIBANK,raw_l2/trade_date=2026-07-17/exchange=NSE/symbol=ICICIBANK/part-072630_661628-030190.parquet,real_data_sample\l2_unseen_validation\trade_date=2026-07-17\exchange=NSE\symbol=ICICIBANK\part-072630_661628-030190.parquet,35943,downloaded,35943,
2026-07-17,NSE,ICICIBANK,raw_l2/trade_date=2026-07-17/exchange=NSE/symbol=ICICIBANK/part-072616_235317-030158.parquet,real_data_sample\l2_unseen_validation\trade_date=2026-07-17\exchange=NSE\symbol=ICICIBANK\part-072616_235317-030158.parquet,35243,downloaded,35243,
2026-07-17,NSE,ICICIBANK,raw_l2/trade_date=2026-07-17/exchange=NSE/symbol=ICICIBANK/part-073217_807424-030958.parquet,real_data_sample\l2_unseen_validation\trade_date=2026-07-17\exchange=NSE\symbol=ICICIBANK\part-073217_807424-030958.parquet,36039,downloaded,36039,
2026-07-17,NSE,ICICIBANK,raw_l2/trade_date=2026-07-17/exchange=NSE/symbol=ICICIBANK/part-072925_654553-030574.parquet,real_data_sample\l2_unseen_validation\trade_date=2026-07-17\exchange=NSE\symbol=ICICIBANK\part-072925_654553-030574.parquet,36239,downloaded,36239,
2026-07-17,NSE,ICICIBANK,raw_l2/trade_date=2026-07-17/exchange=NSE/symbol=ICICIBANK/part-073134_853902-030862.parquet,real_data_sample\l2_unseen_validation\trade_date=2026-07-17\exchange=NSE\symbol=ICICIBANK\part-073134_853902-030862.parquet,35571,downloaded,35571,
2026-07-17,NSE,ICICIBANK,raw_l2/trade_date=2026-07-17/exchange=NSE/symbol=ICICIBANK/part-073246_115624-031022.parquet,real_data_sample\l2_unseen_validation\trade_date=2026-07-17\exchange=NSE\symbol=ICICIBANK\part-073246_115624-031022.parquet,36358,downloaded,36358,
2026-07-17,NSE,ICICIBANK,raw_l2/trade_date=2026-07-17/exchange=NSE/symbol=ICICIBANK/part-073149_406678-030894.parquet,real_data_sample\l2_unseen_validation\trade_date=2026-07-17\exchange=NSE\symbol=ICICIBANK\part-073149_406678-030894.parquet,36309,downloaded,36309,
2026-07-17,NSE,ICICIBANK,raw_l2/trade_date=2026-07-17/exchange=NSE/symbol=ICICIBANK/part-073203_616462-030926.parquet,real_data_sample\l2_unseen_validation\trade_date=2026-07-17\exchange=NSE\symbol=ICICIBANK\part-073203_616462-030926.parquet,35855,downloaded,35855,
2026-07-17,NSE,ICICIBANK,raw_l2/trade_date=2026-07-17/exchange=NSE/symbol=ICICIBANK/part-073120_861690-030830.parquet,real_data_sample\l2_unseen_validation\trade_date=2026-07-17\exchange=NSE\symbol=ICICIBANK\part-073120_861690-030830.parquet,36182,downloaded,36182,
2026-07-17,NSE,ICICIBANK,raw_l2/trade_date=2026-07-17/exchange=NSE/symbol=ICICIBANK/part-073106_476195-030798.parquet,real_data_sample\l2_unseen_validation\trade_date=2026-07-17\exchange=NSE\symbol=ICICIBANK\part-073106_476195-030798.parquet,35655,downloaded,35655,
2026-07-17,NSE,ICICIBANK,raw_l2/trade_date=2026-07-17/exchange=NSE/symbol=ICICIBANK/part-073051_917390-030766.parquet,real_data_sample\l2_unseen_validation\trade_date=2026-07-17\exchange=NSE\symbol=ICICIBANK\part-073051_917390-030766.parquet,35543,downloaded,35543,
2026-07-17,NSE,ICICIBANK,raw_l2/trade_date=2026-07-17/exchange=NSE/symbol=ICICIBANK/part-073343_333392-031150.parquet,real_data_sample\l2_unseen_validation\trade_date=2026-07-17\exchange=NSE\symbol=ICICIBANK\part-073343_333392-031150.parquet,36455,downloaded,36455,
2026-07-17,NSE,ICICIBANK,raw_l2/trade_date=2026-07-17/exchange=NSE/symbol=ICICIBANK/part-073605_395476-031470.parquet,real_data_sample\l2_unseen_validation\trade_date=2026-07-17\exchange=NSE\symbol=ICICIBANK\part-073605_395476-031470.parquet,35637,downloaded,35637,
2026-07-17,NSE,ICICIBANK,raw_l2/trade_date=2026-07-17/exchange=NSE/symbol=ICICIBANK/part-073411_609437-031214.parquet,real_data_sample\l2_unseen_validation\trade_date=2026-07-17\exchange=NSE\symbol=ICICIBANK\part-073411_609437-031214.parquet,35814,downloaded,35814,
2026-07-17,NSE,ICICIBANK,raw_l2/trade_date=2026-07-17/exchange=NSE/symbol=ICICIBANK/part-073522_844766-031374.parquet,real_data_sample\l2_unseen_validation\trade_date=2026-07-17\exchange=NSE\symbol=ICICIBANK\part-073522_844766-031374.parquet,36270,downloaded,36270,
2026-07-17,NSE,ICICIBANK,raw_l2/trade_date=2026-07-17/exchange=NSE/symbol=ICICIBANK/part-073454_541702-031310.parquet,real_data_sample\l2_unseen_validation\trade_date=2026-07-17\exchange=NSE\symbol=ICICIBANK\part-073454_541702-031310.parquet,36349,downloaded,36349,
2026-07-17,NSE,ICICIBANK,raw_l2/trade_date=2026-07-17/exchange=NSE/symbol=ICICIBANK/part-073537_208272-031406.parquet,real_data_sample\l2_unseen_validation\trade_date=2026-07-17\exchange=NSE\symbol=ICICIBANK\part-073537_208272-031406.parquet,36291,downloaded,36291,
2026-07-17,NSE,ICICIBANK,raw_l2/trade_date=2026-07-17/exchange=NSE/symbol=ICICIBANK/part-073634_147233-031534.parquet,real_data_sample\l2_unseen_validation\trade_date=2026-07-17\exchange=NSE\symbol=ICICIBANK\part-073634_147233-031534.parquet,36180,downloaded,36180,
2026-07-17,NSE,ICICIBANK,raw_l2/trade_date=2026-07-17/exchange=NSE/symbol=ICICIBANK/part-073508_707799-031342.parquet,real_data_sample\l2_unseen_validation\trade_date=2026-07-17\exchange=NSE\symbol=ICICIBANK\part-073508_707799-031342.parquet,36063,downloaded,36063,
2026-07-17,NSE,ICICIBANK,raw_l2/trade_date=2026-07-17/exchange=NSE/symbol=ICICIBANK/part-073648_411060-031566.parquet,real_data_sample\l2_unseen_validation\trade_date=2026-07-17\exchange=NSE\symbol=ICICIBANK\part-073648_411060-031566.parquet,36107,downloaded,36107,
2026-07-17,NSE,ICICIBANK,raw_l2/trade_date=2026-07-17/exchange=NSE/symbol=ICICIBANK/part-073744_526628-031694.parquet,real_data_sample\l2_unseen_validation\trade_date=2026-07-17\exchange=NSE\symbol=ICICIBANK\part-073744_526628-031694.parquet,36192,downloaded,36192,
2026-07-17,NSE,ICICIBANK,raw_l2/trade_date=2026-07-17/exchange=NSE/symbol=ICICIBANK/part-073716_564877-031630.parquet,real_data_sample\l2_unseen_validation\trade_date=2026-07-17\exchange=NSE\symbol=ICICIBANK\part-073716_564877-031630.parquet,35618,downloaded,35618,
2026-07-17,NSE,ICICIBANK,raw_l2/trade_date=2026-07-17/exchange=NSE/symbol=ICICIBANK/part-073730_582046-031662.parquet,real_data_sample\l2_unseen_validation\trade_date=2026-07-17\exchange=NSE\symbol=ICICIBANK\part-073730_582046-031662.parquet,36006,downloaded,36006,
2026-07-17,NSE,ICICIBANK,raw_l2/trade_date=2026-07-17/exchange=NSE/symbol=ICICIBANK/part-073702_611231-031598.parquet,real_data_sample\l2_unseen_validation\trade_date=2026-07-17\exchange=NSE\symbol=ICICIBANK\part-073702_611231-031598.parquet,35700,downloaded,35700,
2026-07-17,NSE,ICICIBANK,raw_l2/trade_date=2026-07-17/exchange=NSE/symbol=ICICIBANK/part-073357_409489-031182.parquet,real_data_sample\l2_unseen_validation\trade_date=2026-07-17\exchange=NSE\symbol=ICICIBANK\part-073357_409489-031182.parquet,36188,downloaded,36188,
2026-07-17,NSE,ICICIBANK,raw_l2/trade_date=2026-07-17/exchange=NSE/symbol=ICICIBANK/part-073619_751076-031502.parquet,real_data_sample\l2_unseen_validation\trade_date=2026-07-17\exchange=NSE\symbol=ICICIBANK\part-073619_751076-031502.parquet,35485,downloaded,35485,
2026-07-17,NSE,ICICIBANK,raw_l2/trade_date=2026-07-17/exchange=NSE/symbol=ICICIBANK/part-073551_319162-031438.parquet,real_data_sample\l2_unseen_validation\trade_date=2026-07-17\exchange=NSE\symbol=ICICIBANK\part-073551_319162-031438.parquet,36192,downloaded,36192,
2026-07-17,NSE,ICICIBANK,raw_l2/trade_date=2026-07-17/exchange=NSE/symbol=ICICIBANK/part-073440_226325-031278.parquet,real_data_sample\l2_unseen_validation\trade_date=2026-07-17\exchange=NSE\symbol=ICICIBANK\part-073440_226325-031278.parquet,36082,downloaded,36082,
2026-07-17,NSE,ICICIBANK,raw_l2/trade_date=2026-07-17/exchange=NSE/symbol=ICICIBANK/part-073909_624076-031886.parquet,real_data_sample\l2_unseen_validation\trade_date=2026-07-17\exchange=NSE\symbol=ICICIBANK\part-073909_624076-031886.parquet,35925,downloaded,35925,
2026-07-17,NSE,ICICIBANK,raw_l2/trade_date=2026-07-17/exchange=NSE/symbol=ICICIBANK/part-073855_046327-031854.parquet,real_data_sample\l2_unseen_validation\trade_date=2026-07-17\exchange=NSE\symbol=ICICIBANK\part-073855_046327-031854.parquet,35827,downloaded,35827,
2026-07-17,NSE,ICICIBANK,raw_l2/trade_date=2026-07-17/exchange=NSE/symbol=ICICIBANK/part-074102_369819-032142.parquet,real_data_sample\l2_unseen_validation\trade_date=2026-07-17\exchange=NSE\symbol=ICICIBANK\part-074102_369819-032142.parquet,35910,downloaded,35910,
2026-07-17,NSE,ICICIBANK,raw_l2/trade_date=2026-07-17/exchange=NSE/symbol=ICICIBANK/part-073923_525607-031918.parquet,real_data_sample\l2_unseen_validation\trade_date=2026-07-17\exchange=NSE\symbol=ICICIBANK\part-073923_525607-031918.parquet,36134,downloaded,36134,
2026-07-17,NSE,ICICIBANK,raw_l2/trade_date=2026-07-17/exchange=NSE/symbol=ICICIBANK/part-074048_297543-032110.parquet,real_data_sample\l2_unseen_validation\trade_date=2026-07-17\exchange=NSE\symbol=ICICIBANK\part-074048_297543-032110.parquet,36229,downloaded,36229,
2026-07-17,NSE,ICICIBANK,raw_l2/trade_date=2026-07-17/exchange=NSE/symbol=ICICIBANK/part-074034_101369-032078.parquet,real_data_sample\l2_unseen_validation\trade_date=2026-07-17\exchange=NSE\symbol=ICICIBANK\part-074034_101369-032078.parquet,36176,downloaded,36176,
2026-07-17,NSE,ICICIBANK,raw_l2/trade_date=2026-07-17/exchange=NSE/symbol=ICICIBANK/part-073826_945557-031790.parquet,real_data_sample\l2_unseen_validation\trade_date=2026-07-17\exchange=NSE\symbol=ICICIBANK\part-073826_945557-031790.parquet,36436,downloaded,36436,
2026-07-17,NSE,ICICIBANK,raw_l2/trade_date=2026-07-17/exchange=NSE/symbol=ICICIBANK/part-074005_817076-032014.parquet,real_data_sample\l2_unseen_validation\trade_date=2026-07-17\exchange=NSE\symbol=ICICIBANK\part-074005_817076-032014.parquet,36026,downloaded,36026,
2026-07-17,NSE,ICICIBANK,raw_l2/trade_date=2026-07-17/exchange=NSE/symbol=ICICIBANK/part-073812_780292-031758.parquet,real_data_sample\l2_unseen_validation\trade_date=2026-07-17\exchange=NSE\symbol=ICICIBANK\part-073812_780292-031758.parquet,36457,downloaded,36457,
2026-07-17,NSE,ICICIBANK,raw_l2/trade_date=2026-07-17/exchange=NSE/symbol=ICICIBANK/part-073840_981096-031822.parquet,real_data_sample\l2_unseen_validation\trade_date=2026-07-17\exchange=NSE\symbol=ICICIBANK\part-073840_981096-031822.parquet,36233,downloaded,36233,
2026-07-17,NSE,ICICIBANK,raw_l2/trade_date=2026-07-17/exchange=NSE/symbol=ICICIBANK/part-073937_561737-031950.parquet,real_data_sample\l2_unseen_validation\trade_date=2026-07-17\exchange=NSE\symbol=ICICIBANK\part-073937_561737-031950.parquet,35756,downloaded,35756,
2026-07-17,NSE,ICICIBANK,raw_l2/trade_date=2026-07-17/exchange=NSE/symbol=ICICIBANK/part-074020_093184-032046.parquet,real_data_sample\l2_unseen_validation\trade_date=2026-07-17\exchange=NSE\symbol=ICICIBANK\part-074020_093184-032046.parquet,35698,downloaded,35698,
2026-07-17,NSE,ICICIBANK,raw_l2/trade_date=2026-07-17/exchange=NSE/symbol=ICICIBANK/part-073951_601736-031982.parquet,real_data_sample\l2_unseen_validation\trade_date=2026-07-17\exchange=NSE\symbol=ICICIBANK\part-073951_601736-031982.parquet,36232,downloaded,36232,
2026-07-17,NSE,ICICIBANK,raw_l2/trade_date=2026-07-17/exchange=NSE/symbol=ICICIBANK/part-073758_590815-031726.parquet,real_data_sample\l2_unseen_validation\trade_date=2026-07-17\exchange=NSE\symbol=ICICIBANK\part-073758_590815-031726.parquet,36045,downloaded,36045,
2026-07-17,NSE,ICICIBANK,raw_l2/trade_date=2026-07-17/exchange=NSE/symbol=ICICIBANK/part-074116_523481-032174.parquet,real_data_sample\l2_unseen_validation\trade_date=2026-07-17\exchange=NSE\symbol=ICICIBANK\part-074116_523481-032174.parquet,36128,downloaded,36128,
2026-07-17,NSE,ICICIBANK,raw_l2/trade_date=2026-07-17/exchange=NSE/symbol=ICICIBANK/part-074130_547204-032206.parquet,real_data_sample\l2_unseen_validation\trade_date=2026-07-17\exchange=NSE\symbol=ICICIBANK\part-074130_547204-032206.parquet,35908,downloaded,35908,
2026-07-17,NSE,ICICIBANK,raw_l2/trade_date=2026-07-17/exchange=NSE/symbol=ICICIBANK/part-074144_761563-032238.parquet,real_data_sample\l2_unseen_validation\trade_date=2026-07-17\exchange=NSE\symbol=ICICIBANK\part-074144_761563-032238.parquet,36057,downloaded,36057,
2026-07-17,NSE,ICICIBANK,raw_l2/trade_date=2026-07-17/exchange=NSE/symbol=ICICIBANK/part-074641_469388-032910.parquet,real_data_sample\l2_unseen_validation\trade_date=2026-07-17\exchange=NSE\symbol=ICICIBANK\part-074641_469388-032910.parquet,35875,downloaded,35875,
2026-07-17,NSE,ICICIBANK,raw_l2/trade_date=2026-07-17/exchange=NSE/symbol=ICICIBANK/part-074322_779033-032462.parquet,real_data_sample\l2_unseen_validation\trade_date=2026-07-17\exchange=NSE\symbol=ICICIBANK\part-074322_779033-032462.parquet,35997,downloaded,35997,
2026-07-17,NSE,ICICIBANK,raw_l2/trade_date=2026-07-17/exchange=NSE/symbol=ICICIBANK/part-074308_777933-032430.parquet,real_data_sample\l2_unseen_validation\trade_date=2026-07-17\exchange=NSE\symbol=ICICIBANK\part-074308_777933-032430.parquet,36048,downloaded,36048,
2026-07-17,NSE,ICICIBANK,raw_l2/trade_date=2026-07-17/exchange=NSE/symbol=ICICIBANK/part-073425_919166-031246.parquet,real_data_sample\l2_unseen_validation\trade_date=2026-07-17\exchange=NSE\symbol=ICICIBANK\part-073425_919166-031246.parquet,36048,downloaded,36048,
2026-07-17,NSE,ICICIBANK,raw_l2/trade_date=2026-07-17/exchange=NSE/symbol=ICICIBANK/part-074254_788711-032398.parquet,real_data_sample\l2_unseen_validation\trade_date=2026-07-17\exchange=NSE\symbol=ICICIBANK\part-074254_788711-032398.parquet,35790,downloaded,35790,
2026-07-17,NSE,ICICIBANK,raw_l2/trade_date=2026-07-17/exchange=NSE/symbol=ICICIBANK/part-074419_805127-032590.parquet,real_data_sample\l2_unseen_validation\trade_date=2026-07-17\exchange=NSE\symbol=ICICIBANK\part-074419_805127-032590.parquet,36457,downloaded,36457,
2026-07-17,NSE,ICICIBANK,raw_l2/trade_date=2026-07-17/exchange=NSE/symbol=ICICIBANK/part-074336_878140-032494.parquet,real_data_sample\l2_unseen_validation\trade_date=2026-07-17\exchange=NSE\symbol=ICICIBANK\part-074336_878140-032494.parquet,36109,downloaded,36109,
2026-07-17,NSE,ICICIBANK,raw_l2/trade_date=2026-07-17/exchange=NSE/symbol=ICICIBANK/part-074501_868120-032686.parquet,real_data_sample\l2_unseen_validation\trade_date=2026-07-17\exchange=NSE\symbol=ICICIBANK\part-074501_868120-032686.parquet,36286,downloaded,36286,
2026-07-17,NSE,ICICIBANK,raw_l2/trade_date=2026-07-17/exchange=NSE/symbol=ICICIBANK/part-074447_759781-032654.parquet,real_data_sample\l2_unseen_validation\trade_date=2026-07-17\exchange=NSE\symbol=ICICIBANK\part-074447_759781-032654.parquet,36084,downloaded,36084,
2026-07-17,NSE,ICICIBANK,raw_l2/trade_date=2026-07-17/exchange=NSE/symbol=ICICIBANK/part-074240_730177-032366.parquet,real_data_sample\l2_unseen_validation\trade_date=2026-07-17\exchange=NSE\symbol=ICICIBANK\part-074240_730177-032366.parquet,36376,downloaded,36376,
2026-07-17,NSE,ICICIBANK,raw_l2/trade_date=2026-07-17/exchange=NSE/symbol=ICICIBANK/part-074405_805778-032558.parquet,real_data_sample\l2_unseen_validation\trade_date=2026-07-17\exchange=NSE\symbol=ICICIBANK\part-074405_805778-032558.parquet,36556,downloaded,36556,
2026-07-17,NSE,ICICIBANK,raw_l2/trade_date=2026-07-17/exchange=NSE/symbol=ICICIBANK/part-074612_975027-032846.parquet,real_data_sample\l2_unseen_validation\trade_date=2026-07-17\exchange=NSE\symbol=ICICIBANK\part-074612_975027-032846.parquet,36539,downloaded,36539,
2026-07-17,NSE,ICICIBANK,raw_l2/trade_date=2026-07-17/exchange=NSE/symbol=ICICIBANK/part-074433_784015-032622.parquet,real_data_sample\l2_unseen_validation\trade_date=2026-07-17\exchange=NSE\symbol=ICICIBANK\part-074433_784015-032622.parquet,35983,downloaded,35983,
2026-07-17,NSE,ICICIBANK,raw_l2/trade_date=2026-07-17/exchange=NSE/symbol=ICICIBANK/part-074723_970133-033006.parquet,real_data_sample\l2_unseen_validation\trade_date=2026-07-17\exchange=NSE\symbol=ICICIBANK\part-074723_970133-033006.parquet,36038,downloaded,36038,
2026-07-17,NSE,ICICIBANK,raw_l2/trade_date=2026-07-17/exchange=NSE/symbol=ICICIBANK/part-074530_311843-032750.parquet,real_data_sample\l2_unseen_validation\trade_date=2026-07-17\exchange=NSE\symbol=ICICIBANK\part-074530_311843-032750.parquet,35794,downloaded,35794,
2026-07-17,NSE,ICICIBANK,raw_l2/trade_date=2026-07-17/exchange=NSE/symbol=ICICIBANK/part-074709_619272-032974.parquet,real_data_sample\l2_unseen_validation\trade_date=2026-07-17\exchange=NSE\symbol=ICICIBANK\part-074709_619272-032974.parquet,35809,downloaded,35809,
2026-07-17,NSE,ICICIBANK,raw_l2/trade_date=2026-07-17/exchange=NSE/symbol=ICICIBANK/part-074516_110597-032718.parquet,real_data_sample\l2_unseen_validation\trade_date=2026-07-17\exchange=NSE\symbol=ICICIBANK\part-074516_110597-032718.parquet,35607,downloaded,35607,
2026-07-17,NSE,ICICIBANK,raw_l2/trade_date=2026-07-17/exchange=NSE/symbol=ICICIBANK/part-074558_359372-032814.parquet,real_data_sample\l2_unseen_validation\trade_date=2026-07-17\exchange=NSE\symbol=ICICIBANK\part-074558_359372-032814.parquet,36041,downloaded,36041,
2026-07-17,NSE,ICICIBANK,raw_l2/trade_date=2026-07-17/exchange=NSE/symbol=ICICIBANK/part-074226_729459-032334.parquet,real_data_sample\l2_unseen_validation\trade_date=2026-07-17\exchange=NSE\symbol=ICICIBANK\part-074226_729459-032334.parquet,36200,downloaded,36200,
2026-07-17,NSE,ICICIBANK,raw_l2/trade_date=2026-07-17/exchange=NSE/symbol=ICICIBANK/part-074820_030481-033134.parquet,real_data_sample\l2_unseen_validation\trade_date=2026-07-17\exchange=NSE\symbol=ICICIBANK\part-074820_030481-033134.parquet,36027,downloaded,36027,
2026-07-17,NSE,ICICIBANK,raw_l2/trade_date=2026-07-17/exchange=NSE/symbol=ICICIBANK/part-074158_813618-032270.parquet,real_data_sample\l2_unseen_validation\trade_date=2026-07-17\exchange=NSE\symbol=ICICIBANK\part-074158_813618-032270.parquet,35843,downloaded,35843,
2026-07-17,NSE,ICICIBANK,raw_l2/trade_date=2026-07-17/exchange=NSE/symbol=ICICIBANK/part-074738_033856-033038.parquet,real_data_sample\l2_unseen_validation\trade_date=2026-07-17\exchange=NSE\symbol=ICICIBANK\part-074738_033856-033038.parquet,35594,downloaded,35594,
2026-07-17,NSE,ICICIBANK,raw_l2/trade_date=2026-07-17/exchange=NSE/symbol=ICICIBANK/part-074627_098950-032878.parquet,real_data_sample\l2_unseen_validation\trade_date=2026-07-17\exchange=NSE\symbol=ICICIBANK\part-074627_098950-032878.parquet,36048,downloaded,36048,
2026-07-17,NSE,ICICIBANK,raw_l2/trade_date=2026-07-17/exchange=NSE/symbol=ICICIBANK/part-074212_793658-032302.parquet,real_data_sample\l2_unseen_validation\trade_date=2026-07-17\exchange=NSE\symbol=ICICIBANK\part-074212_793658-032302.parquet,35520,downloaded,35520,
2026-07-17,NSE,ICICIBANK,raw_l2/trade_date=2026-07-17/exchange=NSE/symbol=ICICIBANK/part-074544_326180-032782.parquet,real_data_sample\l2_unseen_validation\trade_date=2026-07-17\exchange=NSE\symbol=ICICIBANK\part-074544_326180-032782.parquet,36233,downloaded,36233,
2026-07-17,NSE,ICICIBANK,raw_l2/trade_date=2026-07-17/exchange=NSE/symbol=ICICIBANK/part-074752_079377-033070.parquet,real_data_sample\l2_unseen_validation\trade_date=2026-07-17\exchange=NSE\symbol=ICICIBANK\part-074752_079377-033070.parquet,36024,downloaded,36024,
2026-07-17,NSE,ICICIBANK,raw_l2/trade_date=2026-07-17/exchange=NSE/symbol=ICICIBANK/part-074351_250213-032526.parquet,real_data_sample\l2_unseen_validation\trade_date=2026-07-17\exchange=NSE\symbol=ICICIBANK\part-074351_250213-032526.parquet,36165,downloaded,36165,
2026-07-17,NSE,ICICIBANK,raw_l2/trade_date=2026-07-17/exchange=NSE/symbol=ICICIBANK/part-074806_090206-033102.parquet,real_data_sample\l2_unseen_validation\trade_date=2026-07-17\exchange=NSE\symbol=ICICIBANK\part-074806_090206-033102.parquet,35754,downloaded,35754,
2026-07-17,NSE,ICICIBANK,raw_l2/trade_date=2026-07-17/exchange=NSE/symbol=ICICIBANK/part-074655_632190-032942.parquet,real_data_sample\l2_unseen_validation\trade_date=2026-07-17\exchange=NSE\symbol=ICICIBANK\part-074655_632190-032942.parquet,35789,downloaded,35789,
2026-07-17,NSE,ICICIBANK,raw_l2/trade_date=2026-07-17/exchange=NSE/symbol=ICICIBANK/part-074834_245808-033166.parquet,real_data_sample\l2_unseen_validation\trade_date=2026-07-17\exchange=NSE\symbol=ICICIBANK\part-074834_245808-033166.parquet,35864,downloaded,35864,
2026-07-17,NSE,ICICIBANK,raw_l2/trade_date=2026-07-17/exchange=NSE/symbol=ICICIBANK/part-074848_358018-033198.parquet,real_data_sample\l2_unseen_validation\trade_date=2026-07-17\exchange=NSE\symbol=ICICIBANK\part-074848_358018-033198.parquet,35950,downloaded,35950,
2026-07-17,NSE,ICICIBANK,raw_l2/trade_date=2026-07-17/exchange=NSE/symbol=ICICIBANK/part-074902_595868-033230.parquet,real_data_sample\l2_unseen_validation\trade_date=2026-07-17\exchange=NSE\symbol=ICICIBANK\part-074902_595868-033230.parquet,36513,downloaded,36513,
2026-07-17,NSE,ICICIBANK,raw_l2/trade_date=2026-07-17/exchange=NSE/symbol=ICICIBANK/part-075221_039750-033678.parquet,real_data_sample\l2_unseen_validation\trade_date=2026-07-17\exchange=NSE\symbol=ICICIBANK\part-075221_039750-033678.parquet,36158,downloaded,36158,
2026-07-17,NSE,ICICIBANK,raw_l2/trade_date=2026-07-17/exchange=NSE/symbol=ICICIBANK/part-074916_779984-033262.parquet,real_data_sample\l2_unseen_validation\trade_date=2026-07-17\exchange=NSE\symbol=ICICIBANK\part-074916_779984-033262.parquet,36421,downloaded,36421,
2026-07-17,NSE,ICICIBANK,raw_l2/trade_date=2026-07-17/exchange=NSE/symbol=ICICIBANK/part-074944_822382-033326.parquet,real_data_sample\l2_unseen_validation\trade_date=2026-07-17\exchange=NSE\symbol=ICICIBANK\part-074944_822382-033326.parquet,36605,downloaded,36605,
2026-07-17,NSE,ICICIBANK,raw_l2/trade_date=2026-07-17/exchange=NSE/symbol=ICICIBANK/part-075524_889945-034094.parquet,real_data_sample\l2_unseen_validation\trade_date=2026-07-17\exchange=NSE\symbol=ICICIBANK\part-075524_889945-034094.parquet,36240,downloaded,36240,
2026-07-17,NSE,ICICIBANK,raw_l2/trade_date=2026-07-17/exchange=NSE/symbol=ICICIBANK/part-075249_355301-033742.parquet,real_data_sample\l2_unseen_validation\trade_date=2026-07-17\exchange=NSE\symbol=ICICIBANK\part-075249_355301-033742.parquet,36192,downloaded,36192,
2026-07-17,NSE,ICICIBANK,raw_l2/trade_date=2026-07-17/exchange=NSE/symbol=ICICIBANK/part-074930_752179-033294.parquet,real_data_sample\l2_unseen_validation\trade_date=2026-07-17\exchange=NSE\symbol=ICICIBANK\part-074930_752179-033294.parquet,36038,downloaded,36038,
2026-07-17,NSE,ICICIBANK,raw_l2/trade_date=2026-07-17/exchange=NSE/symbol=ICICIBANK/part-075124_019447-033550.parquet,real_data_sample\l2_unseen_validation\trade_date=2026-07-17\exchange=NSE\symbol=ICICIBANK\part-075124_019447-033550.parquet,36429,downloaded,36429,
2026-07-17,NSE,ICICIBANK,raw_l2/trade_date=2026-07-17/exchange=NSE/symbol=ICICIBANK/part-075442_461677-033998.parquet,real_data_sample\l2_unseen_validation\trade_date=2026-07-17\exchange=NSE\symbol=ICICIBANK\part-075442_461677-033998.parquet,36225,downloaded,36225,
2026-07-17,NSE,ICICIBANK,raw_l2/trade_date=2026-07-17/exchange=NSE/symbol=ICICIBANK/part-075621_158703-034222.parquet,real_data_sample\l2_unseen_validation\trade_date=2026-07-17\exchange=NSE\symbol=ICICIBANK\part-075621_158703-034222.parquet,36127,downloaded,36127,
2026-07-17,NSE,ICICIBANK,raw_l2/trade_date=2026-07-17/exchange=NSE/symbol=ICICIBANK/part-075414_397900-033934.parquet,real_data_sample\l2_unseen_validation\trade_date=2026-07-17\exchange=NSE\symbol=ICICIBANK\part-075414_397900-033934.parquet,36231,downloaded,36231,
2026-07-17,NSE,ICICIBANK,raw_l2/trade_date=2026-07-17/exchange=NSE/symbol=ICICIBANK/part-075027_435582-033422.parquet,real_data_sample\l2_unseen_validation\trade_date=2026-07-17\exchange=NSE\symbol=ICICIBANK\part-075027_435582-033422.parquet,36135,downloaded,36135,
2026-07-17,NSE,ICICIBANK,raw_l2/trade_date=2026-07-17/exchange=NSE/symbol=ICICIBANK/part-075012_792906-033390.parquet,real_data_sample\l2_unseen_validation\trade_date=2026-07-17\exchange=NSE\symbol=ICICIBANK\part-075012_792906-033390.parquet,36385,downloaded,36385,
2026-07-17,NSE,ICICIBANK,raw_l2/trade_date=2026-07-17/exchange=NSE/symbol=ICICIBANK/part-075056_026613-033486.parquet,real_data_sample\l2_unseen_validation\trade_date=2026-07-17\exchange=NSE\symbol=ICICIBANK\part-075056_026613-033486.parquet,35917,downloaded,35917,
2026-07-17,NSE,ICICIBANK,raw_l2/trade_date=2026-07-17/exchange=NSE/symbol=ICICIBANK/part-075152_297648-033614.parquet,real_data_sample\l2_unseen_validation\trade_date=2026-07-17\exchange=NSE\symbol=ICICIBANK\part-075152_297648-033614.parquet,36311,downloaded,36311,
2026-07-17,NSE,ICICIBANK,raw_l2/trade_date=2026-07-17/exchange=NSE/symbol=ICICIBANK/part-075318_103024-033806.parquet,real_data_sample\l2_unseen_validation\trade_date=2026-07-17\exchange=NSE\symbol=ICICIBANK\part-075318_103024-033806.parquet,35396,downloaded,35396,
2026-07-17,NSE,ICICIBANK,raw_l2/trade_date=2026-07-17/exchange=NSE/symbol=ICICIBANK/part-075428_317186-033966.parquet,real_data_sample\l2_unseen_validation\trade_date=2026-07-17\exchange=NSE\symbol=ICICIBANK\part-075428_317186-033966.parquet,35650,downloaded,35650,
2026-07-17,NSE,ICICIBANK,raw_l2/trade_date=2026-07-17/exchange=NSE/symbol=ICICIBANK/part-075456_732939-034030.parquet,real_data_sample\l2_unseen_validation\trade_date=2026-07-17\exchange=NSE\symbol=ICICIBANK\part-075456_732939-034030.parquet,36097,downloaded,36097,
2026-07-17,NSE,ICICIBANK,raw_l2/trade_date=2026-07-17/exchange=NSE/symbol=ICICIBANK/part-075400_158233-033902.parquet,real_data_sample\l2_unseen_validation\trade_date=2026-07-17\exchange=NSE\symbol=ICICIBANK\part-075400_158233-033902.parquet,36369,downloaded,36369,
2026-07-17,NSE,ICICIBANK,raw_l2/trade_date=2026-07-17/exchange=NSE/symbol=ICICIBANK/part-075303_924725-033774.parquet,real_data_sample\l2_unseen_validation\trade_date=2026-07-17\exchange=NSE\symbol=ICICIBANK\part-075303_924725-033774.parquet,36505,downloaded,36505,
2026-07-17,NSE,ICICIBANK,raw_l2/trade_date=2026-07-17/exchange=NSE/symbol=ICICIBANK/part-075538_836421-034126.parquet,real_data_sample\l2_unseen_validation\trade_date=2026-07-17\exchange=NSE\symbol=ICICIBANK\part-075538_836421-034126.parquet,36270,downloaded,36270,
2026-07-17,NSE,ICICIBANK,raw_l2/trade_date=2026-07-17/exchange=NSE/symbol=ICICIBANK/part-075510_872422-034062.parquet,real_data_sample\l2_unseen_validation\trade_date=2026-07-17\exchange=NSE\symbol=ICICIBANK\part-075510_872422-034062.parquet,36116,downloaded,36116,
2026-07-17,NSE,ICICIBANK,raw_l2/trade_date=2026-07-17/exchange=NSE/symbol=ICICIBANK/part-075552_841142-034158.parquet,real_data_sample\l2_unseen_validation\trade_date=2026-07-17\exchange=NSE\symbol=ICICIBANK\part-075552_841142-034158.parquet,35741,downloaded,35741,
2026-07-17,NSE,ICICIBANK,raw_l2/trade_date=2026-07-17/exchange=NSE/symbol=ICICIBANK/part-075206_838949-033646.parquet,real_data_sample\l2_unseen_validation\trade_date=2026-07-17\exchange=NSE\symbol=ICICIBANK\part-075206_838949-033646.parquet,36436,downloaded,36436,
2026-07-17,NSE,ICICIBANK,raw_l2/trade_date=2026-07-17/exchange=NSE/symbol=ICICIBANK/part-075042_030297-033454.parquet,real_data_sample\l2_unseen_validation\trade_date=2026-07-17\exchange=NSE\symbol=ICICIBANK\part-075042_030297-033454.parquet,36579,downloaded,36579,
2026-07-17,NSE,ICICIBANK,raw_l2/trade_date=2026-07-17/exchange=NSE/symbol=ICICIBANK/part-075235_186854-033710.parquet,real_data_sample\l2_unseen_validation\trade_date=2026-07-17\exchange=NSE\symbol=ICICIBANK\part-075235_186854-033710.parquet,36091,downloaded,36091,
2026-07-17,NSE,ICICIBANK,raw_l2/trade_date=2026-07-17/exchange=NSE/symbol=ICICIBANK/part-075346_074565-033870.parquet,real_data_sample\l2_unseen_validation\trade_date=2026-07-17\exchange=NSE\symbol=ICICIBANK\part-075346_074565-033870.parquet,35918,downloaded,35918,
2026-07-17,NSE,ICICIBANK,raw_l2/trade_date=2026-07-17/exchange=NSE/symbol=ICICIBANK/part-075332_149875-033838.parquet,real_data_sample\l2_unseen_validation\trade_date=2026-07-17\exchange=NSE\symbol=ICICIBANK\part-075332_149875-033838.parquet,36290,downloaded,36290,
2026-07-17,NSE,ICICIBANK,raw_l2/trade_date=2026-07-17/exchange=NSE/symbol=ICICIBANK/part-075138_115612-033582.parquet,real_data_sample\l2_unseen_validation\trade_date=2026-07-17\exchange=NSE\symbol=ICICIBANK\part-075138_115612-033582.parquet,36443,downloaded,36443,
2026-07-17,NSE,ICICIBANK,raw_l2/trade_date=2026-07-17/exchange=NSE/symbol=ICICIBANK/part-075109_961166-033518.parquet,real_data_sample\l2_unseen_validation\trade_date=2026-07-17\exchange=NSE\symbol=ICICIBANK\part-075109_961166-033518.parquet,36120,downloaded,36120,
2026-07-17,NSE,ICICIBANK,raw_l2/trade_date=2026-07-17/exchange=NSE/symbol=ICICIBANK/part-075606_990515-034190.parquet,real_data_sample\l2_unseen_validation\trade_date=2026-07-17\exchange=NSE\symbol=ICICIBANK\part-075606_990515-034190.parquet,36253,downloaded,36253,
2026-07-17,NSE,ICICIBANK,raw_l2/trade_date=2026-07-17/exchange=NSE/symbol=ICICIBANK/part-075635_416519-034254.parquet,real_data_sample\l2_unseen_validation\trade_date=2026-07-17\exchange=NSE\symbol=ICICIBANK\part-075635_416519-034254.parquet,35851,downloaded,35851,
2026-07-17,NSE,ICICIBANK,raw_l2/trade_date=2026-07-17/exchange=NSE/symbol=ICICIBANK/part-075844_460002-034542.parquet,real_data_sample\l2_unseen_validation\trade_date=2026-07-17\exchange=NSE\symbol=ICICIBANK\part-075844_460002-034542.parquet,35902,downloaded,35902,
2026-07-17,NSE,ICICIBANK,raw_l2/trade_date=2026-07-17/exchange=NSE/symbol=ICICIBANK/part-075703_888114-034318.parquet,real_data_sample\l2_unseen_validation\trade_date=2026-07-17\exchange=NSE\symbol=ICICIBANK\part-075703_888114-034318.parquet,35926,downloaded,35926,
2026-07-17,NSE,ICICIBANK,raw_l2/trade_date=2026-07-17/exchange=NSE/symbol=ICICIBANK/part-074958_781897-033358.parquet,real_data_sample\l2_unseen_validation\trade_date=2026-07-17\exchange=NSE\symbol=ICICIBANK\part-074958_781897-033358.parquet,35974,downloaded,35974,
2026-07-17,NSE,ICICIBANK,raw_l2/trade_date=2026-07-17/exchange=NSE/symbol=ICICIBANK/part-075649_677018-034286.parquet,real_data_sample\l2_unseen_validation\trade_date=2026-07-17\exchange=NSE\symbol=ICICIBANK\part-075649_677018-034286.parquet,35592,downloaded,35592,
2026-07-17,NSE,ICICIBANK,raw_l2/trade_date=2026-07-17/exchange=NSE/symbol=ICICIBANK/part-075815_870198-034478.parquet,real_data_sample\l2_unseen_validation\trade_date=2026-07-17\exchange=NSE\symbol=ICICIBANK\part-075815_870198-034478.parquet,35841,downloaded,35841,
2026-07-17,NSE,ICICIBANK,raw_l2/trade_date=2026-07-17/exchange=NSE/symbol=ICICIBANK/part-080303_667640-035118.parquet,real_data_sample\l2_unseen_validation\trade_date=2026-07-17\exchange=NSE\symbol=ICICIBANK\part-080303_667640-035118.parquet,35965,downloaded,35965,
2026-07-17,NSE,ICICIBANK,raw_l2/trade_date=2026-07-17/exchange=NSE/symbol=ICICIBANK/part-075801_192407-034446.parquet,real_data_sample\l2_unseen_validation\trade_date=2026-07-17\exchange=NSE\symbol=ICICIBANK\part-075801_192407-034446.parquet,35834,downloaded,35834,
2026-07-17,NSE,ICICIBANK,raw_l2/trade_date=2026-07-17/exchange=NSE/symbol=ICICIBANK/part-075830_126126-034510.parquet,real_data_sample\l2_unseen_validation\trade_date=2026-07-17\exchange=NSE\symbol=ICICIBANK\part-075830_126126-034510.parquet,36151,downloaded,36151,
2026-07-17,NSE,ICICIBANK,raw_l2/trade_date=2026-07-17/exchange=NSE/symbol=ICICIBANK/part-080108_706382-034862.parquet,real_data_sample\l2_unseen_validation\trade_date=2026-07-17\exchange=NSE\symbol=ICICIBANK\part-080108_706382-034862.parquet,35738,downloaded,35738,
2026-07-17,NSE,ICICIBANK,raw_l2/trade_date=2026-07-17/exchange=NSE/symbol=ICICIBANK/part-080206_033452-034990.parquet,real_data_sample\l2_unseen_validation\trade_date=2026-07-17\exchange=NSE\symbol=ICICIBANK\part-080206_033452-034990.parquet,35712,downloaded,35712,
2026-07-17,NSE,ICICIBANK,raw_l2/trade_date=2026-07-17/exchange=NSE/symbol=ICICIBANK/part-075718_167683-034350.parquet,real_data_sample\l2_unseen_validation\trade_date=2026-07-17\exchange=NSE\symbol=ICICIBANK\part-075718_167683-034350.parquet,36087,downloaded,36087,
2026-07-17,NSE,ICICIBANK,raw_l2/trade_date=2026-07-17/exchange=NSE/symbol=ICICIBANK/part-075941_489228-034670.parquet,real_data_sample\l2_unseen_validation\trade_date=2026-07-17\exchange=NSE\symbol=ICICIBANK\part-075941_489228-034670.parquet,35455,downloaded,35455,
2026-07-17,NSE,ICICIBANK,raw_l2/trade_date=2026-07-17/exchange=NSE/symbol=ICICIBANK/part-080054_381254-034830.parquet,real_data_sample\l2_unseen_validation\trade_date=2026-07-17\exchange=NSE\symbol=ICICIBANK\part-080054_381254-034830.parquet,36158,downloaded,36158,
2026-07-17,NSE,ICICIBANK,raw_l2/trade_date=2026-07-17/exchange=NSE/symbol=ICICIBANK/part-075746_908054-034414.parquet,real_data_sample\l2_unseen_validation\trade_date=2026-07-17\exchange=NSE\symbol=ICICIBANK\part-075746_908054-034414.parquet,36214,downloaded,36214,
2026-07-17,NSE,ICICIBANK,raw_l2/trade_date=2026-07-17/exchange=NSE/symbol=ICICIBANK/part-080346_913783-035214.parquet,real_data_sample\l2_unseen_validation\trade_date=2026-07-17\exchange=NSE\symbol=ICICIBANK\part-080346_913783-035214.parquet,35986,downloaded,35986,
2026-07-17,NSE,ICICIBANK,raw_l2/trade_date=2026-07-17/exchange=NSE/symbol=ICICIBANK/part-075732_528699-034382.parquet,real_data_sample\l2_unseen_validation\trade_date=2026-07-17\exchange=NSE\symbol=ICICIBANK\part-075732_528699-034382.parquet,36059,downloaded,36059,
2026-07-17,NSE,ICICIBANK,raw_l2/trade_date=2026-07-17/exchange=NSE/symbol=ICICIBANK/part-080234_636068-035054.parquet,real_data_sample\l2_unseen_validation\trade_date=2026-07-17\exchange=NSE\symbol=ICICIBANK\part-080234_636068-035054.parquet,35865,downloaded,35865,
2026-07-17,NSE,ICICIBANK,raw_l2/trade_date=2026-07-17/exchange=NSE/symbol=ICICIBANK/part-075912_959220-034606.parquet,real_data_sample\l2_unseen_validation\trade_date=2026-07-17\exchange=NSE\symbol=ICICIBANK\part-075912_959220-034606.parquet,36055,downloaded,36055,
2026-07-17,NSE,ICICIBANK,raw_l2/trade_date=2026-07-17/exchange=NSE/symbol=ICICIBANK/part-080401_602005-035246.parquet,real_data_sample\l2_unseen_validation\trade_date=2026-07-17\exchange=NSE\symbol=ICICIBANK\part-080401_602005-035246.parquet,36429,downloaded,36429,
2026-07-17,NSE,ICICIBANK,raw_l2/trade_date=2026-07-17/exchange=NSE/symbol=ICICIBANK/part-080025_666095-034766.parquet,real_data_sample\l2_unseen_validation\trade_date=2026-07-17\exchange=NSE\symbol=ICICIBANK\part-080025_666095-034766.parquet,36171,downloaded,36171,
2026-07-17,NSE,ICICIBANK,raw_l2/trade_date=2026-07-17/exchange=NSE/symbol=ICICIBANK/part-075927_232619-034638.parquet,real_data_sample\l2_unseen_validation\trade_date=2026-07-17\exchange=NSE\symbol=ICICIBANK\part-075927_232619-034638.parquet,35703,downloaded,35703,
2026-07-17,NSE,ICICIBANK,raw_l2/trade_date=2026-07-17/exchange=NSE/symbol=ICICIBANK/part-080332_333009-035182.parquet,real_data_sample\l2_unseen_validation\trade_date=2026-07-17\exchange=NSE\symbol=ICICIBANK\part-080332_333009-035182.parquet,35852,downloaded,35852,
2026-07-17,NSE,ICICIBANK,raw_l2/trade_date=2026-07-17/exchange=NSE/symbol=ICICIBANK/part-080122_854860-034894.parquet,real_data_sample\l2_unseen_validation\trade_date=2026-07-17\exchange=NSE\symbol=ICICIBANK\part-080122_854860-034894.parquet,36254,downloaded,36254,
2026-07-17,NSE,ICICIBANK,raw_l2/trade_date=2026-07-17/exchange=NSE/symbol=ICICIBANK/part-075858_665244-034574.parquet,real_data_sample\l2_unseen_validation\trade_date=2026-07-17\exchange=NSE\symbol=ICICIBANK\part-075858_665244-034574.parquet,35910,downloaded,35910,
2026-07-17,NSE,ICICIBANK,raw_l2/trade_date=2026-07-17/exchange=NSE/symbol=ICICIBANK/part-080137_221340-034926.parquet,real_data_sample\l2_unseen_validation\trade_date=2026-07-17\exchange=NSE\symbol=ICICIBANK\part-080137_221340-034926.parquet,35510,downloaded,35510,
2026-07-17,NSE,ICICIBANK,raw_l2/trade_date=2026-07-17/exchange=NSE/symbol=ICICIBANK/part-080151_612970-034958.parquet,real_data_sample\l2_unseen_validation\trade_date=2026-07-17\exchange=NSE\symbol=ICICIBANK\part-080151_612970-034958.parquet,36068,downloaded,36068,
2026-07-17,NSE,ICICIBANK,raw_l2/trade_date=2026-07-17/exchange=NSE/symbol=ICICIBANK/part-080317_991703-035150.parquet,real_data_sample\l2_unseen_validation\trade_date=2026-07-17\exchange=NSE\symbol=ICICIBANK\part-080317_991703-035150.parquet,36295,downloaded,36295,
2026-07-17,NSE,ICICIBANK,raw_l2/trade_date=2026-07-17/exchange=NSE/symbol=ICICIBANK/part-075955_979909-034702.parquet,real_data_sample\l2_unseen_validation\trade_date=2026-07-17\exchange=NSE\symbol=ICICIBANK\part-075955_979909-034702.parquet,36156,downloaded,36156,
2026-07-17,NSE,ICICIBANK,raw_l2/trade_date=2026-07-17/exchange=NSE/symbol=ICICIBANK/part-080011_026667-034734.parquet,real_data_sample\l2_unseen_validation\trade_date=2026-07-17\exchange=NSE\symbol=ICICIBANK\part-080011_026667-034734.parquet,36053,downloaded,36053,
2026-07-17,NSE,ICICIBANK,raw_l2/trade_date=2026-07-17/exchange=NSE/symbol=ICICIBANK/part-080039_857750-034798.parquet,real_data_sample\l2_unseen_validation\trade_date=2026-07-17\exchange=NSE\symbol=ICICIBANK\part-080039_857750-034798.parquet,36142,downloaded,36142,
2026-07-17,NSE,ICICIBANK,raw_l2/trade_date=2026-07-17/exchange=NSE/symbol=ICICIBANK/part-080220_132288-035022.parquet,real_data_sample\l2_unseen_validation\trade_date=2026-07-17\exchange=NSE\symbol=ICICIBANK\part-080220_132288-035022.parquet,35884,downloaded,35884,
2026-07-17,NSE,ICICIBANK,raw_l2/trade_date=2026-07-17/exchange=NSE/symbol=ICICIBANK/part-080249_482901-035086.parquet,real_data_sample\l2_unseen_validation\trade_date=2026-07-17\exchange=NSE\symbol=ICICIBANK\part-080249_482901-035086.parquet,36370,downloaded,36370,
2026-07-17,NSE,ICICIBANK,raw_l2/trade_date=2026-07-17/exchange=NSE/symbol=ICICIBANK/part-080726_609221-035694.parquet,real_data_sample\l2_unseen_validation\trade_date=2026-07-17\exchange=NSE\symbol=ICICIBANK\part-080726_609221-035694.parquet,36565,downloaded,36565,
2026-07-17,NSE,ICICIBANK,raw_l2/trade_date=2026-07-17/exchange=NSE/symbol=ICICIBANK/part-080755_950321-035758.parquet,real_data_sample\l2_unseen_validation\trade_date=2026-07-17\exchange=NSE\symbol=ICICIBANK\part-080755_950321-035758.parquet,36153,downloaded,36153,
2026-07-17,NSE,ICICIBANK,raw_l2/trade_date=2026-07-17/exchange=NSE/symbol=ICICIBANK/part-080741_101694-035726.parquet,real_data_sample\l2_unseen_validation\trade_date=2026-07-17\exchange=NSE\symbol=ICICIBANK\part-080741_101694-035726.parquet,35866,downloaded,35866,
2026-07-17,NSE,ICICIBANK,raw_l2/trade_date=2026-07-17/exchange=NSE/symbol=ICICIBANK/part-080712_316018-035662.parquet,real_data_sample\l2_unseen_validation\trade_date=2026-07-17\exchange=NSE\symbol=ICICIBANK\part-080712_316018-035662.parquet,35956,downloaded,35956,
2026-07-17,NSE,ICICIBANK,raw_l2/trade_date=2026-07-17/exchange=NSE/symbol=ICICIBANK/part-080600_118863-035502.parquet,real_data_sample\l2_unseen_validation\trade_date=2026-07-17\exchange=NSE\symbol=ICICIBANK\part-080600_118863-035502.parquet,35959,downloaded,35959,
2026-07-17,NSE,ICICIBANK,raw_l2/trade_date=2026-07-17/exchange=NSE/symbol=ICICIBANK/part-080643_298608-035598.parquet,real_data_sample\l2_unseen_validation\trade_date=2026-07-17\exchange=NSE\symbol=ICICIBANK\part-080643_298608-035598.parquet,36185,downloaded,36185,
2026-07-17,NSE,ICICIBANK,raw_l2/trade_date=2026-07-17/exchange=NSE/symbol=ICICIBANK/part-080502_275317-035374.parquet,real_data_sample\l2_unseen_validation\trade_date=2026-07-17\exchange=NSE\symbol=ICICIBANK\part-080502_275317-035374.parquet,36058,downloaded,36058,
2026-07-17,NSE,ICICIBANK,raw_l2/trade_date=2026-07-17/exchange=NSE/symbol=ICICIBANK/part-080416_127022-035278.parquet,real_data_sample\l2_unseen_validation\trade_date=2026-07-17\exchange=NSE\symbol=ICICIBANK\part-080416_127022-035278.parquet,36067,downloaded,36067,
2026-07-17,NSE,ICICIBANK,raw_l2/trade_date=2026-07-17/exchange=NSE/symbol=ICICIBANK/part-080614_358067-035534.parquet,real_data_sample\l2_unseen_validation\trade_date=2026-07-17\exchange=NSE\symbol=ICICIBANK\part-080614_358067-035534.parquet,35863,downloaded,35863,
2026-07-17,NSE,ICICIBANK,raw_l2/trade_date=2026-07-17/exchange=NSE/symbol=ICICIBANK/part-080628_699248-035566.parquet,real_data_sample\l2_unseen_validation\trade_date=2026-07-17\exchange=NSE\symbol=ICICIBANK\part-080628_699248-035566.parquet,36196,downloaded,36196,
2026-07-17,NSE,ICICIBANK,raw_l2/trade_date=2026-07-17/exchange=NSE/symbol=ICICIBANK/part-080432_094781-035310.parquet,real_data_sample\l2_unseen_validation\trade_date=2026-07-17\exchange=NSE\symbol=ICICIBANK\part-080432_094781-035310.parquet,35822,downloaded,35822,
2026-07-17,NSE,ICICIBANK,raw_l2/trade_date=2026-07-17/exchange=NSE/symbol=ICICIBANK/part-080810_688659-035790.parquet,real_data_sample\l2_unseen_validation\trade_date=2026-07-17\exchange=NSE\symbol=ICICIBANK\part-080810_688659-035790.parquet,36168,downloaded,36168,
2026-07-17,NSE,ICICIBANK,raw_l2/trade_date=2026-07-17/exchange=NSE/symbol=ICICIBANK/part-080546_102483-035470.parquet,real_data_sample\l2_unseen_validation\trade_date=2026-07-17\exchange=NSE\symbol=ICICIBANK\part-080546_102483-035470.parquet,35865,downloaded,35865,
2026-07-17,NSE,ICICIBANK,raw_l2/trade_date=2026-07-17/exchange=NSE/symbol=ICICIBANK/part-080516_829535-035406.parquet,real_data_sample\l2_unseen_validation\trade_date=2026-07-17\exchange=NSE\symbol=ICICIBANK\part-080516_829535-035406.parquet,36267,downloaded,36267,
2026-07-17,NSE,ICICIBANK,raw_l2/trade_date=2026-07-17/exchange=NSE/symbol=ICICIBANK/part-080657_554517-035630.parquet,real_data_sample\l2_unseen_validation\trade_date=2026-07-17\exchange=NSE\symbol=ICICIBANK\part-080657_554517-035630.parquet,36256,downloaded,36256,
2026-07-17,NSE,ICICIBANK,raw_l2/trade_date=2026-07-17/exchange=NSE/symbol=ICICIBANK/part-080531_899602-035438.parquet,real_data_sample\l2_unseen_validation\trade_date=2026-07-17\exchange=NSE\symbol=ICICIBANK\part-080531_899602-035438.parquet,36042,downloaded,36042,
2026-07-17,NSE,ICICIBANK,raw_l2/trade_date=2026-07-17/exchange=NSE/symbol=ICICIBANK/part-080923_810054-035950.parquet,real_data_sample\l2_unseen_validation\trade_date=2026-07-17\exchange=NSE\symbol=ICICIBANK\part-080923_810054-035950.parquet,36027,downloaded,36027,
2026-07-17,NSE,ICICIBANK,raw_l2/trade_date=2026-07-17/exchange=NSE/symbol=ICICIBANK/part-080952_987412-036014.parquet,real_data_sample\l2_unseen_validation\trade_date=2026-07-17\exchange=NSE\symbol=ICICIBANK\part-080952_987412-036014.parquet,35755,downloaded,35755,
2026-07-17,NSE,ICICIBANK,raw_l2/trade_date=2026-07-17/exchange=NSE/symbol=ICICIBANK/part-081120_349122-036206.parquet,real_data_sample\l2_unseen_validation\trade_date=2026-07-17\exchange=NSE\symbol=ICICIBANK\part-081120_349122-036206.parquet,36386,downloaded,36386,
2026-07-17,NSE,ICICIBANK,raw_l2/trade_date=2026-07-17/exchange=NSE/symbol=ICICIBANK/part-081134_298313-036238.parquet,real_data_sample\l2_unseen_validation\trade_date=2026-07-17\exchange=NSE\symbol=ICICIBANK\part-081134_298313-036238.parquet,36223,downloaded,36223,
2026-07-17,NSE,ICICIBANK,raw_l2/trade_date=2026-07-17/exchange=NSE/symbol=ICICIBANK/part-081106_174110-036174.parquet,real_data_sample\l2_unseen_validation\trade_date=2026-07-17\exchange=NSE\symbol=ICICIBANK\part-081106_174110-036174.parquet,35794,downloaded,35794,
2026-07-17,NSE,ICICIBANK,raw_l2/trade_date=2026-07-17/exchange=NSE/symbol=ICICIBANK/part-081037_851492-036110.parquet,real_data_sample\l2_unseen_validation\trade_date=2026-07-17\exchange=NSE\symbol=ICICIBANK\part-081037_851492-036110.parquet,36225,downloaded,36225,
2026-07-17,NSE,ICICIBANK,raw_l2/trade_date=2026-07-17/exchange=NSE/symbol=ICICIBANK/part-081052_044427-036142.parquet,real_data_sample\l2_unseen_validation\trade_date=2026-07-17\exchange=NSE\symbol=ICICIBANK\part-081052_044427-036142.parquet,35977,downloaded,35977,
2026-07-17,NSE,ICICIBANK,raw_l2/trade_date=2026-07-17/exchange=NSE/symbol=ICICIBANK/part-080938_526565-035982.parquet,real_data_sample\l2_unseen_validation\trade_date=2026-07-17\exchange=NSE\symbol=ICICIBANK\part-080938_526565-035982.parquet,36486,downloaded,36486,
2026-07-17,NSE,ICICIBANK,raw_l2/trade_date=2026-07-17/exchange=NSE/symbol=ICICIBANK/part-081007_875114-036046.parquet,real_data_sample\l2_unseen_validation\trade_date=2026-07-17\exchange=NSE\symbol=ICICIBANK\part-081007_875114-036046.parquet,36140,downloaded,36140,
2026-07-17,NSE,ICICIBANK,raw_l2/trade_date=2026-07-17/exchange=NSE/symbol=ICICIBANK/part-081148_482945-036270.parquet,real_data_sample\l2_unseen_validation\trade_date=2026-07-17\exchange=NSE\symbol=ICICIBANK\part-081148_482945-036270.parquet,36341,downloaded,36341,
2026-07-17,NSE,ICICIBANK,raw_l2/trade_date=2026-07-17/exchange=NSE/symbol=ICICIBANK/part-081022_971858-036078.parquet,real_data_sample\l2_unseen_validation\trade_date=2026-07-17\exchange=NSE\symbol=ICICIBANK\part-081022_971858-036078.parquet,36354,downloaded,36354,
2026-07-17,NSE,ICICIBANK,raw_l2/trade_date=2026-07-17/exchange=NSE/symbol=ICICIBANK/part-080839_686698-035854.parquet,real_data_sample\l2_unseen_validation\trade_date=2026-07-17\exchange=NSE\symbol=ICICIBANK\part-080839_686698-035854.parquet,35710,downloaded,35710,
2026-07-17,NSE,ICICIBANK,raw_l2/trade_date=2026-07-17/exchange=NSE/symbol=ICICIBANK/part-080824_971549-035822.parquet,real_data_sample\l2_unseen_validation\trade_date=2026-07-17\exchange=NSE\symbol=ICICIBANK\part-080824_971549-035822.parquet,36140,downloaded,36140,
2026-07-17,NSE,ICICIBANK,raw_l2/trade_date=2026-07-17/exchange=NSE/symbol=ICICIBANK/part-080908_872336-035918.parquet,real_data_sample\l2_unseen_validation\trade_date=2026-07-17\exchange=NSE\symbol=ICICIBANK\part-080908_872336-035918.parquet,36125,downloaded,36125,
2026-07-17,NSE,ICICIBANK,raw_l2/trade_date=2026-07-17/exchange=NSE/symbol=ICICIBANK/part-080854_335054-035886.parquet,real_data_sample\l2_unseen_validation\trade_date=2026-07-17\exchange=NSE\symbol=ICICIBANK\part-080854_335054-035886.parquet,35929,downloaded,35929,
2026-07-17,NSE,ICICIBANK,raw_l2/trade_date=2026-07-17/exchange=NSE/symbol=ICICIBANK/part-081202_644302-036302.parquet,real_data_sample\l2_unseen_validation\trade_date=2026-07-17\exchange=NSE\symbol=ICICIBANK\part-081202_644302-036302.parquet,36589,downloaded,36589,
2026-07-17,NSE,ICICIBANK,raw_l2/trade_date=2026-07-17/exchange=NSE/symbol=ICICIBANK/part-081357_355970-036558.parquet,real_data_sample\l2_unseen_validation\trade_date=2026-07-17\exchange=NSE\symbol=ICICIBANK\part-081357_355970-036558.parquet,36085,downloaded,36085,
2026-07-17,NSE,ICICIBANK,raw_l2/trade_date=2026-07-17/exchange=NSE/symbol=ICICIBANK/part-081328_885221-036494.parquet,real_data_sample\l2_unseen_validation\trade_date=2026-07-17\exchange=NSE\symbol=ICICIBANK\part-081328_885221-036494.parquet,36454,downloaded,36454,
2026-07-17,NSE,ICICIBANK,raw_l2/trade_date=2026-07-17/exchange=NSE/symbol=ICICIBANK/part-081343_119865-036526.parquet,real_data_sample\l2_unseen_validation\trade_date=2026-07-17\exchange=NSE\symbol=ICICIBANK\part-081343_119865-036526.parquet,36052,downloaded,36052,
2026-07-17,NSE,ICICIBANK,raw_l2/trade_date=2026-07-17/exchange=NSE/symbol=ICICIBANK/part-080447_543555-035342.parquet,real_data_sample\l2_unseen_validation\trade_date=2026-07-17\exchange=NSE\symbol=ICICIBANK\part-080447_543555-035342.parquet,35990,downloaded,35990,
2026-07-17,NSE,ICICIBANK,raw_l2/trade_date=2026-07-17/exchange=NSE/symbol=ICICIBANK/part-081411_703365-036590.parquet,real_data_sample\l2_unseen_validation\trade_date=2026-07-17\exchange=NSE\symbol=ICICIBANK\part-081411_703365-036590.parquet,36182,downloaded,36182,
2026-07-17,NSE,ICICIBANK,raw_l2/trade_date=2026-07-17/exchange=NSE/symbol=ICICIBANK/part-081841_657757-037198.parquet,real_data_sample\l2_unseen_validation\trade_date=2026-07-17\exchange=NSE\symbol=ICICIBANK\part-081841_657757-037198.parquet,36381,downloaded,36381,
2026-07-17,NSE,ICICIBANK,raw_l2/trade_date=2026-07-17/exchange=NSE/symbol=ICICIBANK/part-081826_893513-037166.parquet,real_data_sample\l2_unseen_validation\trade_date=2026-07-17\exchange=NSE\symbol=ICICIBANK\part-081826_893513-037166.parquet,36455,downloaded,36455,
2026-07-17,NSE,ICICIBANK,raw_l2/trade_date=2026-07-17/exchange=NSE/symbol=ICICIBANK/part-081758_142131-037102.parquet,real_data_sample\l2_unseen_validation\trade_date=2026-07-17\exchange=NSE\symbol=ICICIBANK\part-081758_142131-037102.parquet,36445,downloaded,36445,
2026-07-17,NSE,ICICIBANK,raw_l2/trade_date=2026-07-17/exchange=NSE/symbol=ICICIBANK/part-081508_181781-036718.parquet,real_data_sample\l2_unseen_validation\trade_date=2026-07-17\exchange=NSE\symbol=ICICIBANK\part-081508_181781-036718.parquet,35907,downloaded,35907,
2026-07-17,NSE,ICICIBANK,raw_l2/trade_date=2026-07-17/exchange=NSE/symbol=ICICIBANK/part-081632_376298-036910.parquet,real_data_sample\l2_unseen_validation\trade_date=2026-07-17\exchange=NSE\symbol=ICICIBANK\part-081632_376298-036910.parquet,36236,downloaded,36236,
2026-07-17,NSE,ICICIBANK,raw_l2/trade_date=2026-07-17/exchange=NSE/symbol=ICICIBANK/part-081646_415741-036942.parquet,real_data_sample\l2_unseen_validation\trade_date=2026-07-17\exchange=NSE\symbol=ICICIBANK\part-081646_415741-036942.parquet,36160,downloaded,36160,
2026-07-17,NSE,ICICIBANK,raw_l2/trade_date=2026-07-17/exchange=NSE/symbol=ICICIBANK/part-081440_154895-036654.parquet,real_data_sample\l2_unseen_validation\trade_date=2026-07-17\exchange=NSE\symbol=ICICIBANK\part-081440_154895-036654.parquet,35949,downloaded,35949,
2026-07-17,NSE,ICICIBANK,raw_l2/trade_date=2026-07-17/exchange=NSE/symbol=ICICIBANK/part-081454_061536-036686.parquet,real_data_sample\l2_unseen_validation\trade_date=2026-07-17\exchange=NSE\symbol=ICICIBANK\part-081454_061536-036686.parquet,36185,downloaded,36185,
2026-07-17,NSE,ICICIBANK,raw_l2/trade_date=2026-07-17/exchange=NSE/symbol=ICICIBANK/part-081714_917998-037006.parquet,real_data_sample\l2_unseen_validation\trade_date=2026-07-17\exchange=NSE\symbol=ICICIBANK\part-081714_917998-037006.parquet,36695,downloaded,36695,
2026-07-17,NSE,ICICIBANK,raw_l2/trade_date=2026-07-17/exchange=NSE/symbol=ICICIBANK/part-081812_675683-037134.parquet,real_data_sample\l2_unseen_validation\trade_date=2026-07-17\exchange=NSE\symbol=ICICIBANK\part-081812_675683-037134.parquet,35881,downloaded,35881,
2026-07-17,NSE,ICICIBANK,raw_l2/trade_date=2026-07-17/exchange=NSE/symbol=ICICIBANK/part-081425_939335-036622.parquet,real_data_sample\l2_unseen_validation\trade_date=2026-07-17\exchange=NSE\symbol=ICICIBANK\part-081425_939335-036622.parquet,35991,downloaded,35991,
2026-07-17,NSE,ICICIBANK,raw_l2/trade_date=2026-07-17/exchange=NSE/symbol=ICICIBANK/part-081536_421329-036782.parquet,real_data_sample\l2_unseen_validation\trade_date=2026-07-17\exchange=NSE\symbol=ICICIBANK\part-081536_421329-036782.parquet,35988,downloaded,35988,
2026-07-17,NSE,ICICIBANK,raw_l2/trade_date=2026-07-17/exchange=NSE/symbol=ICICIBANK/part-081604_398477-036846.parquet,real_data_sample\l2_unseen_validation\trade_date=2026-07-17\exchange=NSE\symbol=ICICIBANK\part-081604_398477-036846.parquet,36312,downloaded,36312,
2026-07-17,NSE,ICICIBANK,raw_l2/trade_date=2026-07-17/exchange=NSE/symbol=ICICIBANK/part-081700_612973-036974.parquet,real_data_sample\l2_unseen_validation\trade_date=2026-07-17\exchange=NSE\symbol=ICICIBANK\part-081700_612973-036974.parquet,35672,downloaded,35672,
2026-07-17,NSE,ICICIBANK,raw_l2/trade_date=2026-07-17/exchange=NSE/symbol=ICICIBANK/part-081231_011241-036366.parquet,real_data_sample\l2_unseen_validation\trade_date=2026-07-17\exchange=NSE\symbol=ICICIBANK\part-081231_011241-036366.parquet,36226,downloaded,36226,
2026-07-17,NSE,ICICIBANK,raw_l2/trade_date=2026-07-17/exchange=NSE/symbol=ICICIBANK/part-081522_316019-036750.parquet,real_data_sample\l2_unseen_validation\trade_date=2026-07-17\exchange=NSE\symbol=ICICIBANK\part-081522_316019-036750.parquet,36001,downloaded,36001,
2026-07-17,NSE,ICICIBANK,raw_l2/trade_date=2026-07-17/exchange=NSE/symbol=ICICIBANK/part-081855_719933-037230.parquet,real_data_sample\l2_unseen_validation\trade_date=2026-07-17\exchange=NSE\symbol=ICICIBANK\part-081855_719933-037230.parquet,36060,downloaded,36060,
2026-07-17,NSE,ICICIBANK,raw_l2/trade_date=2026-07-17/exchange=NSE/symbol=ICICIBANK/part-081924_000048-037294.parquet,real_data_sample\l2_unseen_validation\trade_date=2026-07-17\exchange=NSE\symbol=ICICIBANK\part-081924_000048-037294.parquet,36380,downloaded,36380,
2026-07-17,NSE,ICICIBANK,raw_l2/trade_date=2026-07-17/exchange=NSE/symbol=ICICIBANK/part-081550_315399-036814.parquet,real_data_sample\l2_unseen_validation\trade_date=2026-07-17\exchange=NSE\symbol=ICICIBANK\part-081550_315399-036814.parquet,36024,downloaded,36024,
2026-07-17,NSE,ICICIBANK,raw_l2/trade_date=2026-07-17/exchange=NSE/symbol=ICICIBANK/part-081909_643811-037262.parquet,real_data_sample\l2_unseen_validation\trade_date=2026-07-17\exchange=NSE\symbol=ICICIBANK\part-081909_643811-037262.parquet,35952,downloaded,35952,
2026-07-17,NSE,ICICIBANK,raw_l2/trade_date=2026-07-17/exchange=NSE/symbol=ICICIBANK/part-081245_353062-036398.parquet,real_data_sample\l2_unseen_validation\trade_date=2026-07-17\exchange=NSE\symbol=ICICIBANK\part-081245_353062-036398.parquet,36257,downloaded,36257,
2026-07-17,NSE,ICICIBANK,raw_l2/trade_date=2026-07-17/exchange=NSE/symbol=ICICIBANK/part-081743_827674-037070.parquet,real_data_sample\l2_unseen_validation\trade_date=2026-07-17\exchange=NSE\symbol=ICICIBANK\part-081743_827674-037070.parquet,36114,downloaded,36114,
2026-07-17,NSE,ICICIBANK,raw_l2/trade_date=2026-07-17/exchange=NSE/symbol=ICICIBANK/part-081618_272133-036878.parquet,real_data_sample\l2_unseen_validation\trade_date=2026-07-17\exchange=NSE\symbol=ICICIBANK\part-081618_272133-036878.parquet,35747,downloaded,35747,
2026-07-17,NSE,ICICIBANK,raw_l2/trade_date=2026-07-17/exchange=NSE/symbol=ICICIBANK/part-081314_701760-036462.parquet,real_data_sample\l2_unseen_validation\trade_date=2026-07-17\exchange=NSE\symbol=ICICIBANK\part-081314_701760-036462.parquet,36318,downloaded,36318,
2026-07-17,NSE,ICICIBANK,raw_l2/trade_date=2026-07-17/exchange=NSE/symbol=ICICIBANK/part-081729_366118-037038.parquet,real_data_sample\l2_unseen_validation\trade_date=2026-07-17\exchange=NSE\symbol=ICICIBANK\part-081729_366118-037038.parquet,36409,downloaded,36409,
2026-07-17,NSE,ICICIBANK,raw_l2/trade_date=2026-07-17/exchange=NSE/symbol=ICICIBANK/part-081259_975899-036430.parquet,real_data_sample\l2_unseen_validation\trade_date=2026-07-17\exchange=NSE\symbol=ICICIBANK\part-081259_975899-036430.parquet,35926,downloaded,35926,
2026-07-17,NSE,ICICIBANK,raw_l2/trade_date=2026-07-17/exchange=NSE/symbol=ICICIBANK/part-081216_808196-036334.parquet,real_data_sample\l2_unseen_validation\trade_date=2026-07-17\exchange=NSE\symbol=ICICIBANK\part-081216_808196-036334.parquet,36646,downloaded,36646,
2026-07-17,NSE,ICICIBANK,raw_l2/trade_date=2026-07-17/exchange=NSE/symbol=ICICIBANK/part-082534_529819-038126.parquet,real_data_sample\l2_unseen_validation\trade_date=2026-07-17\exchange=NSE\symbol=ICICIBANK\part-082534_529819-038126.parquet,36223,downloaded,36223,
2026-07-17,NSE,ICICIBANK,raw_l2/trade_date=2026-07-17/exchange=NSE/symbol=ICICIBANK/part-082050_712618-037486.parquet,real_data_sample\l2_unseen_validation\trade_date=2026-07-17\exchange=NSE\symbol=ICICIBANK\part-082050_712618-037486.parquet,36321,downloaded,36321,
2026-07-17,NSE,ICICIBANK,raw_l2/trade_date=2026-07-17/exchange=NSE/symbol=ICICIBANK/part-082119_424388-037550.parquet,real_data_sample\l2_unseen_validation\trade_date=2026-07-17\exchange=NSE\symbol=ICICIBANK\part-082119_424388-037550.parquet,36586,downloaded,36586,
2026-07-17,NSE,ICICIBANK,raw_l2/trade_date=2026-07-17/exchange=NSE/symbol=ICICIBANK/part-082020_986496-037422.parquet,real_data_sample\l2_unseen_validation\trade_date=2026-07-17\exchange=NSE\symbol=ICICIBANK\part-082020_986496-037422.parquet,36453,downloaded,36453,
2026-07-17,NSE,ICICIBANK,raw_l2/trade_date=2026-07-17/exchange=NSE/symbol=ICICIBANK/part-082506_114283-038062.parquet,real_data_sample\l2_unseen_validation\trade_date=2026-07-17\exchange=NSE\symbol=ICICIBANK\part-082506_114283-038062.parquet,35862,downloaded,35862,
2026-07-17,NSE,ICICIBANK,raw_l2/trade_date=2026-07-17/exchange=NSE/symbol=ICICIBANK/part-082632_201496-038254.parquet,real_data_sample\l2_unseen_validation\trade_date=2026-07-17\exchange=NSE\symbol=ICICIBANK\part-082632_201496-038254.parquet,36196,downloaded,36196,
2026-07-17,NSE,ICICIBANK,raw_l2/trade_date=2026-07-17/exchange=NSE/symbol=ICICIBANK/part-082452_138012-038030.parquet,real_data_sample\l2_unseen_validation\trade_date=2026-07-17\exchange=NSE\symbol=ICICIBANK\part-082452_138012-038030.parquet,35983,downloaded,35983,
2026-07-17,NSE,ICICIBANK,raw_l2/trade_date=2026-07-17/exchange=NSE/symbol=ICICIBANK/part-082423_997765-037966.parquet,real_data_sample\l2_unseen_validation\trade_date=2026-07-17\exchange=NSE\symbol=ICICIBANK\part-082423_997765-037966.parquet,36171,downloaded,36171,
2026-07-17,NSE,ICICIBANK,raw_l2/trade_date=2026-07-17/exchange=NSE/symbol=ICICIBANK/part-082244_597671-037742.parquet,real_data_sample\l2_unseen_validation\trade_date=2026-07-17\exchange=NSE\symbol=ICICIBANK\part-082244_597671-037742.parquet,36188,downloaded,36188,
2026-07-17,NSE,ICICIBANK,raw_l2/trade_date=2026-07-17/exchange=NSE/symbol=ICICIBANK/part-082549_045983-038158.parquet,real_data_sample\l2_unseen_validation\trade_date=2026-07-17\exchange=NSE\symbol=ICICIBANK\part-082549_045983-038158.parquet,35915,downloaded,35915,
2026-07-17,NSE,ICICIBANK,raw_l2/trade_date=2026-07-17/exchange=NSE/symbol=ICICIBANK/part-082700_332423-038318.parquet,real_data_sample\l2_unseen_validation\trade_date=2026-07-17\exchange=NSE\symbol=ICICIBANK\part-082700_332423-038318.parquet,36243,downloaded,36243,
2026-07-17,NSE,ICICIBANK,raw_l2/trade_date=2026-07-17/exchange=NSE/symbol=ICICIBANK/part-082437_832754-037998.parquet,real_data_sample\l2_unseen_validation\trade_date=2026-07-17\exchange=NSE\symbol=ICICIBANK\part-082437_832754-037998.parquet,35936,downloaded,35936,
2026-07-17,NSE,ICICIBANK,raw_l2/trade_date=2026-07-17/exchange=NSE/symbol=ICICIBANK/part-082520_218690-038094.parquet,real_data_sample\l2_unseen_validation\trade_date=2026-07-17\exchange=NSE\symbol=ICICIBANK\part-082520_218690-038094.parquet,35747,downloaded,35747,
2026-07-17,NSE,ICICIBANK,raw_l2/trade_date=2026-07-17/exchange=NSE/symbol=ICICIBANK/part-082258_645870-037774.parquet,real_data_sample\l2_unseen_validation\trade_date=2026-07-17\exchange=NSE\symbol=ICICIBANK\part-082258_645870-037774.parquet,36075,downloaded,36075,
2026-07-17,NSE,ICICIBANK,raw_l2/trade_date=2026-07-17/exchange=NSE/symbol=ICICIBANK/part-082409_729615-037934.parquet,real_data_sample\l2_unseen_validation\trade_date=2026-07-17\exchange=NSE\symbol=ICICIBANK\part-082409_729615-037934.parquet,36441,downloaded,36441,
2026-07-17,NSE,ICICIBANK,raw_l2/trade_date=2026-07-17/exchange=NSE/symbol=ICICIBANK/part-082341_547587-037870.parquet,real_data_sample\l2_unseen_validation\trade_date=2026-07-17\exchange=NSE\symbol=ICICIBANK\part-082341_547587-037870.parquet,36318,downloaded,36318,
2026-07-17,NSE,ICICIBANK,raw_l2/trade_date=2026-07-17/exchange=NSE/symbol=ICICIBANK/part-082327_456615-037838.parquet,real_data_sample\l2_unseen_validation\trade_date=2026-07-17\exchange=NSE\symbol=ICICIBANK\part-082327_456615-037838.parquet,36186,downloaded,36186,
2026-07-17,NSE,ICICIBANK,raw_l2/trade_date=2026-07-17/exchange=NSE/symbol=ICICIBANK/part-082355_567198-037902.parquet,real_data_sample\l2_unseen_validation\trade_date=2026-07-17\exchange=NSE\symbol=ICICIBANK\part-082355_567198-037902.parquet,36047,downloaded,36047,
2026-07-17,NSE,ICICIBANK,raw_l2/trade_date=2026-07-17/exchange=NSE/symbol=ICICIBANK/part-082728_856879-038382.parquet,real_data_sample\l2_unseen_validation\trade_date=2026-07-17\exchange=NSE\symbol=ICICIBANK\part-082728_856879-038382.parquet,36237,downloaded,36237,
2026-07-17,NSE,ICICIBANK,raw_l2/trade_date=2026-07-17/exchange=NSE/symbol=ICICIBANK/part-082714_697149-038350.parquet,real_data_sample\l2_unseen_validation\trade_date=2026-07-17\exchange=NSE\symbol=ICICIBANK\part-082714_697149-038350.parquet,35913,downloaded,35913,
2026-07-17,NSE,ICICIBANK,raw_l2/trade_date=2026-07-17/exchange=NSE/symbol=ICICIBANK/part-082812_012337-038478.parquet,real_data_sample\l2_unseen_validation\trade_date=2026-07-17\exchange=NSE\symbol=ICICIBANK\part-082812_012337-038478.parquet,36124,downloaded,36124,
2026-07-17,NSE,ICICIBANK,raw_l2/trade_date=2026-07-17/exchange=NSE/symbol=ICICIBANK/part-082953_539377-038702.parquet,real_data_sample\l2_unseen_validation\trade_date=2026-07-17\exchange=NSE\symbol=ICICIBANK\part-082953_539377-038702.parquet,35916,downloaded,35916,
2026-07-17,NSE,ICICIBANK,raw_l2/trade_date=2026-07-17/exchange=NSE/symbol=ICICIBANK/part-082939_017510-038670.parquet,real_data_sample\l2_unseen_validation\trade_date=2026-07-17\exchange=NSE\symbol=ICICIBANK\part-082939_017510-038670.parquet,35598,downloaded,35598,
2026-07-17,NSE,ICICIBANK,raw_l2/trade_date=2026-07-17/exchange=NSE/symbol=ICICIBANK/part-083008_250017-038734.parquet,real_data_sample\l2_unseen_validation\trade_date=2026-07-17\exchange=NSE\symbol=ICICIBANK\part-083008_250017-038734.parquet,36296,downloaded,36296,
2026-07-17,NSE,ICICIBANK,raw_l2/trade_date=2026-07-17/exchange=NSE/symbol=ICICIBANK/part-083051_446252-038830.parquet,real_data_sample\l2_unseen_validation\trade_date=2026-07-17\exchange=NSE\symbol=ICICIBANK\part-083051_446252-038830.parquet,36027,downloaded,36027,
2026-07-17,NSE,ICICIBANK,raw_l2/trade_date=2026-07-17/exchange=NSE/symbol=ICICIBANK/part-082743_178681-038414.parquet,real_data_sample\l2_unseen_validation\trade_date=2026-07-17\exchange=NSE\symbol=ICICIBANK\part-082743_178681-038414.parquet,36164,downloaded,36164,
2026-07-17,NSE,ICICIBANK,raw_l2/trade_date=2026-07-17/exchange=NSE/symbol=ICICIBANK/part-083120_764020-038894.parquet,real_data_sample\l2_unseen_validation\trade_date=2026-07-17\exchange=NSE\symbol=ICICIBANK\part-083120_764020-038894.parquet,36283,downloaded,36283,
2026-07-17,NSE,ICICIBANK,raw_l2/trade_date=2026-07-17/exchange=NSE/symbol=ICICIBANK/part-083036_970411-038798.parquet,real_data_sample\l2_unseen_validation\trade_date=2026-07-17\exchange=NSE\symbol=ICICIBANK\part-083036_970411-038798.parquet,35903,downloaded,35903,
2026-07-17,NSE,ICICIBANK,raw_l2/trade_date=2026-07-17/exchange=NSE/symbol=ICICIBANK/part-082757_461009-038446.parquet,real_data_sample\l2_unseen_validation\trade_date=2026-07-17\exchange=NSE\symbol=ICICIBANK\part-082757_461009-038446.parquet,36024,downloaded,36024,
2026-07-17,NSE,ICICIBANK,raw_l2/trade_date=2026-07-17/exchange=NSE/symbol=ICICIBANK/part-082826_571821-038510.parquet,real_data_sample\l2_unseen_validation\trade_date=2026-07-17\exchange=NSE\symbol=ICICIBANK\part-082826_571821-038510.parquet,35707,downloaded,35707,
2026-07-17,NSE,ICICIBANK,raw_l2/trade_date=2026-07-17/exchange=NSE/symbol=ICICIBANK/part-083022_644481-038766.parquet,real_data_sample\l2_unseen_validation\trade_date=2026-07-17\exchange=NSE\symbol=ICICIBANK\part-083022_644481-038766.parquet,35908,downloaded,35908,
2026-07-17,NSE,ICICIBANK,raw_l2/trade_date=2026-07-17/exchange=NSE/symbol=ICICIBANK/part-083105_843470-038862.parquet,real_data_sample\l2_unseen_validation\trade_date=2026-07-17\exchange=NSE\symbol=ICICIBANK\part-083105_843470-038862.parquet,36385,downloaded,36385,
2026-07-17,NSE,ICICIBANK,raw_l2/trade_date=2026-07-17/exchange=NSE/symbol=ICICIBANK/part-082855_444940-038574.parquet,real_data_sample\l2_unseen_validation\trade_date=2026-07-17\exchange=NSE\symbol=ICICIBANK\part-082855_444940-038574.parquet,35918,downloaded,35918,
2026-07-17,NSE,ICICIBANK,raw_l2/trade_date=2026-07-17/exchange=NSE/symbol=ICICIBANK/part-082840_997551-038542.parquet,real_data_sample\l2_unseen_validation\trade_date=2026-07-17\exchange=NSE\symbol=ICICIBANK\part-082840_997551-038542.parquet,35559,downloaded,35559,
2026-07-17,NSE,ICICIBANK,raw_l2/trade_date=2026-07-17/exchange=NSE/symbol=ICICIBANK/part-082910_035464-038606.parquet,real_data_sample\l2_unseen_validation\trade_date=2026-07-17\exchange=NSE\symbol=ICICIBANK\part-082910_035464-038606.parquet,35934,downloaded,35934,
2026-07-17,NSE,ICICIBANK,raw_l2/trade_date=2026-07-17/exchange=NSE/symbol=ICICIBANK/part-082924_459419-038638.parquet,real_data_sample\l2_unseen_validation\trade_date=2026-07-17\exchange=NSE\symbol=ICICIBANK\part-082924_459419-038638.parquet,36079,downloaded,36079,
2026-07-17,NSE,ICICIBANK,raw_l2/trade_date=2026-07-17/exchange=NSE/symbol=ICICIBANK/part-083345_926756-039214.parquet,real_data_sample\l2_unseen_validation\trade_date=2026-07-17\exchange=NSE\symbol=ICICIBANK\part-083345_926756-039214.parquet,35816,downloaded,35816,
2026-07-17,NSE,ICICIBANK,raw_l2/trade_date=2026-07-17/exchange=NSE/symbol=ICICIBANK/part-083443_357859-039342.parquet,real_data_sample\l2_unseen_validation\trade_date=2026-07-17\exchange=NSE\symbol=ICICIBANK\part-083443_357859-039342.parquet,36087,downloaded,36087,
2026-07-17,NSE,ICICIBANK,raw_l2/trade_date=2026-07-17/exchange=NSE/symbol=ICICIBANK/part-083331_735799-039182.parquet,real_data_sample\l2_unseen_validation\trade_date=2026-07-17\exchange=NSE\symbol=ICICIBANK\part-083331_735799-039182.parquet,35929,downloaded,35929,
2026-07-17,NSE,ICICIBANK,raw_l2/trade_date=2026-07-17/exchange=NSE/symbol=ICICIBANK/part-083457_834328-039374.parquet,real_data_sample\l2_unseen_validation\trade_date=2026-07-17\exchange=NSE\symbol=ICICIBANK\part-083457_834328-039374.parquet,36114,downloaded,36114,
2026-07-17,NSE,ICICIBANK,raw_l2/trade_date=2026-07-17/exchange=NSE/symbol=ICICIBANK/part-083135_401780-038926.parquet,real_data_sample\l2_unseen_validation\trade_date=2026-07-17\exchange=NSE\symbol=ICICIBANK\part-083135_401780-038926.parquet,36224,downloaded,36224,
2026-07-17,NSE,ICICIBANK,raw_l2/trade_date=2026-07-17/exchange=NSE/symbol=ICICIBANK/part-083149_951874-038958.parquet,real_data_sample\l2_unseen_validation\trade_date=2026-07-17\exchange=NSE\symbol=ICICIBANK\part-083149_951874-038958.parquet,36119,downloaded,36119,
2026-07-17,NSE,ICICIBANK,raw_l2/trade_date=2026-07-17/exchange=NSE/symbol=ICICIBANK/part-083204_180324-038990.parquet,real_data_sample\l2_unseen_validation\trade_date=2026-07-17\exchange=NSE\symbol=ICICIBANK\part-083204_180324-038990.parquet,35882,downloaded,35882,
2026-07-17,NSE,ICICIBANK,raw_l2/trade_date=2026-07-17/exchange=NSE/symbol=ICICIBANK/part-083248_077517-039086.parquet,real_data_sample\l2_unseen_validation\trade_date=2026-07-17\exchange=NSE\symbol=ICICIBANK\part-083248_077517-039086.parquet,36168,downloaded,36168,
2026-07-17,NSE,ICICIBANK,raw_l2/trade_date=2026-07-17/exchange=NSE/symbol=ICICIBANK/part-083512_108072-039406.parquet,real_data_sample\l2_unseen_validation\trade_date=2026-07-17\exchange=NSE\symbol=ICICIBANK\part-083512_108072-039406.parquet,36150,downloaded,36150,
2026-07-17,NSE,ICICIBANK,raw_l2/trade_date=2026-07-17/exchange=NSE/symbol=ICICIBANK/part-083317_397737-039150.parquet,real_data_sample\l2_unseen_validation\trade_date=2026-07-17\exchange=NSE\symbol=ICICIBANK\part-083317_397737-039150.parquet,36222,downloaded,36222,
2026-07-17,NSE,ICICIBANK,raw_l2/trade_date=2026-07-17/exchange=NSE/symbol=ICICIBANK/part-083526_311875-039438.parquet,real_data_sample\l2_unseen_validation\trade_date=2026-07-17\exchange=NSE\symbol=ICICIBANK\part-083526_311875-039438.parquet,36342,downloaded,36342,
2026-07-17,NSE,ICICIBANK,raw_l2/trade_date=2026-07-17/exchange=NSE/symbol=ICICIBANK/part-083302_723051-039118.parquet,real_data_sample\l2_unseen_validation\trade_date=2026-07-17\exchange=NSE\symbol=ICICIBANK\part-083302_723051-039118.parquet,36208,downloaded,36208,
2026-07-17,NSE,ICICIBANK,raw_l2/trade_date=2026-07-17/exchange=NSE/symbol=ICICIBANK/part-083218_862172-039022.parquet,real_data_sample\l2_unseen_validation\trade_date=2026-07-17\exchange=NSE\symbol=ICICIBANK\part-083218_862172-039022.parquet,36474,downloaded,36474,
2026-07-17,NSE,ICICIBANK,raw_l2/trade_date=2026-07-17/exchange=NSE/symbol=ICICIBANK/part-083233_547957-039054.parquet,real_data_sample\l2_unseen_validation\trade_date=2026-07-17\exchange=NSE\symbol=ICICIBANK\part-083233_547957-039054.parquet,36362,downloaded,36362,
2026-07-17,NSE,ICICIBANK,raw_l2/trade_date=2026-07-17/exchange=NSE/symbol=ICICIBANK/part-083400_440457-039246.parquet,real_data_sample\l2_unseen_validation\trade_date=2026-07-17\exchange=NSE\symbol=ICICIBANK\part-083400_440457-039246.parquet,36253,downloaded,36253,
2026-07-17,NSE,ICICIBANK,raw_l2/trade_date=2026-07-17/exchange=NSE/symbol=ICICIBANK/part-083414_748071-039278.parquet,real_data_sample\l2_unseen_validation\trade_date=2026-07-17\exchange=NSE\symbol=ICICIBANK\part-083414_748071-039278.parquet,36268,downloaded,36268,
2026-07-17,NSE,ICICIBANK,raw_l2/trade_date=2026-07-17/exchange=NSE/symbol=ICICIBANK/part-083540_387902-039470.parquet,real_data_sample\l2_unseen_validation\trade_date=2026-07-17\exchange=NSE\symbol=ICICIBANK\part-083540_387902-039470.parquet,35935,downloaded,35935,
2026-07-17,NSE,ICICIBANK,raw_l2/trade_date=2026-07-17/exchange=NSE/symbol=ICICIBANK/part-083428_921856-039310.parquet,real_data_sample\l2_unseen_validation\trade_date=2026-07-17\exchange=NSE\symbol=ICICIBANK\part-083428_921856-039310.parquet,35994,downloaded,35994,
2026-07-17,NSE,ICICIBANK,raw_l2/trade_date=2026-07-17/exchange=NSE/symbol=ICICIBANK/part-083554_625144-039502.parquet,real_data_sample\l2_unseen_validation\trade_date=2026-07-17\exchange=NSE\symbol=ICICIBANK\part-083554_625144-039502.parquet,36217,downloaded,36217,
2026-07-17,NSE,ICICIBANK,raw_l2/trade_date=2026-07-17/exchange=NSE/symbol=ICICIBANK/part-083608_670923-039534.parquet,real_data_sample\l2_unseen_validation\trade_date=2026-07-17\exchange=NSE\symbol=ICICIBANK\part-083608_670923-039534.parquet,36004,downloaded,36004,
2026-07-17,NSE,ICICIBANK,raw_l2/trade_date=2026-07-17/exchange=NSE/symbol=ICICIBANK/part-083623_173063-039566.parquet,real_data_sample\l2_unseen_validation\trade_date=2026-07-17\exchange=NSE\symbol=ICICIBANK\part-083623_173063-039566.parquet,36202,downloaded,36202,
2026-07-17,NSE,ICICIBANK,raw_l2/trade_date=2026-07-17/exchange=NSE/symbol=ICICIBANK/part-083845_600735-039886.parquet,real_data_sample\l2_unseen_validation\trade_date=2026-07-17\exchange=NSE\symbol=ICICIBANK\part-083845_600735-039886.parquet,35997,downloaded,35997,
2026-07-17,NSE,ICICIBANK,raw_l2/trade_date=2026-07-17/exchange=NSE/symbol=ICICIBANK/part-083859_974897-039918.parquet,real_data_sample\l2_unseen_validation\trade_date=2026-07-17\exchange=NSE\symbol=ICICIBANK\part-083859_974897-039918.parquet,35905,downloaded,35905,
2026-07-17,NSE,ICICIBANK,raw_l2/trade_date=2026-07-17/exchange=NSE/symbol=ICICIBANK/part-083748_385899-039758.parquet,real_data_sample\l2_unseen_validation\trade_date=2026-07-17\exchange=NSE\symbol=ICICIBANK\part-083748_385899-039758.parquet,35602,downloaded,35602,
2026-07-17,NSE,ICICIBANK,raw_l2/trade_date=2026-07-17/exchange=NSE/symbol=ICICIBANK/part-083914_341975-039950.parquet,real_data_sample\l2_unseen_validation\trade_date=2026-07-17\exchange=NSE\symbol=ICICIBANK\part-083914_341975-039950.parquet,35776,downloaded,35776,
2026-07-17,NSE,ICICIBANK,raw_l2/trade_date=2026-07-17/exchange=NSE/symbol=ICICIBANK/part-083705_846664-039662.parquet,real_data_sample\l2_unseen_validation\trade_date=2026-07-17\exchange=NSE\symbol=ICICIBANK\part-083705_846664-039662.parquet,36303,downloaded,36303,
2026-07-17,NSE,ICICIBANK,raw_l2/trade_date=2026-07-17/exchange=NSE/symbol=ICICIBANK/part-083802_777101-039790.parquet,real_data_sample\l2_unseen_validation\trade_date=2026-07-17\exchange=NSE\symbol=ICICIBANK\part-083802_777101-039790.parquet,35803,downloaded,35803,
2026-07-17,NSE,ICICIBANK,raw_l2/trade_date=2026-07-17/exchange=NSE/symbol=ICICIBANK/part-083942_986604-040014.parquet,real_data_sample\l2_unseen_validation\trade_date=2026-07-17\exchange=NSE\symbol=ICICIBANK\part-083942_986604-040014.parquet,35941,downloaded,35941,
2026-07-17,NSE,ICICIBANK,raw_l2/trade_date=2026-07-17/exchange=NSE/symbol=ICICIBANK/part-083928_712925-039982.parquet,real_data_sample\l2_unseen_validation\trade_date=2026-07-17\exchange=NSE\symbol=ICICIBANK\part-083928_712925-039982.parquet,36104,downloaded,36104,
2026-07-17,NSE,ICICIBANK,raw_l2/trade_date=2026-07-17/exchange=NSE/symbol=ICICIBANK/part-083651_708152-039630.parquet,real_data_sample\l2_unseen_validation\trade_date=2026-07-17\exchange=NSE\symbol=ICICIBANK\part-083651_708152-039630.parquet,36385,downloaded,36385,
2026-07-17,NSE,ICICIBANK,raw_l2/trade_date=2026-07-17/exchange=NSE/symbol=ICICIBANK/part-083637_405193-039598.parquet,real_data_sample\l2_unseen_validation\trade_date=2026-07-17\exchange=NSE\symbol=ICICIBANK\part-083637_405193-039598.parquet,36487,downloaded,36487,
2026-07-17,NSE,ICICIBANK,raw_l2/trade_date=2026-07-17/exchange=NSE/symbol=ICICIBANK/part-083957_264981-040046.parquet,real_data_sample\l2_unseen_validation\trade_date=2026-07-17\exchange=NSE\symbol=ICICIBANK\part-083957_264981-040046.parquet,35980,downloaded,35980,
2026-07-17,NSE,ICICIBANK,raw_l2/trade_date=2026-07-17/exchange=NSE/symbol=ICICIBANK/part-083831_306197-039854.parquet,real_data_sample\l2_unseen_validation\trade_date=2026-07-17\exchange=NSE\symbol=ICICIBANK\part-083831_306197-039854.parquet,36260,downloaded,36260,
2026-07-17,NSE,ICICIBANK,raw_l2/trade_date=2026-07-17/exchange=NSE/symbol=ICICIBANK/part-083719_900778-039694.parquet,real_data_sample\l2_unseen_validation\trade_date=2026-07-17\exchange=NSE\symbol=ICICIBANK\part-083719_900778-039694.parquet,35989,downloaded,35989,
2026-07-17,NSE,ICICIBANK,raw_l2/trade_date=2026-07-17/exchange=NSE/symbol=ICICIBANK/part-083734_092253-039726.parquet,real_data_sample\l2_unseen_validation\trade_date=2026-07-17\exchange=NSE\symbol=ICICIBANK\part-083734_092253-039726.parquet,36070,downloaded,36070,
2026-07-17,NSE,ICICIBANK,raw_l2/trade_date=2026-07-17/exchange=NSE/symbol=ICICIBANK/part-083817_004913-039822.parquet,real_data_sample\l2_unseen_validation\trade_date=2026-07-17\exchange=NSE\symbol=ICICIBANK\part-083817_004913-039822.parquet,36593,downloaded,36593,
2026-07-17,NSE,ICICIBANK,raw_l2/trade_date=2026-07-17/exchange=NSE/symbol=ICICIBANK/part-084011_677832-040078.parquet,real_data_sample\l2_unseen_validation\trade_date=2026-07-17\exchange=NSE\symbol=ICICIBANK\part-084011_677832-040078.parquet,35467,downloaded,35467,
2026-07-17,NSE,ICICIBANK,raw_l2/trade_date=2026-07-17/exchange=NSE/symbol=ICICIBANK/part-084025_873349-040110.parquet,real_data_sample\l2_unseen_validation\trade_date=2026-07-17\exchange=NSE\symbol=ICICIBANK\part-084025_873349-040110.parquet,35888,downloaded,35888,
2026-07-17,NSE,ICICIBANK,raw_l2/trade_date=2026-07-17/exchange=NSE/symbol=ICICIBANK/part-084040_201171-040142.parquet,real_data_sample\l2_unseen_validation\trade_date=2026-07-17\exchange=NSE\symbol=ICICIBANK\part-084040_201171-040142.parquet,35970,downloaded,35970,
2026-07-17,NSE,ICICIBANK,raw_l2/trade_date=2026-07-17/exchange=NSE/symbol=ICICIBANK/part-084249_339933-040430.parquet,real_data_sample\l2_unseen_validation\trade_date=2026-07-17\exchange=NSE\symbol=ICICIBANK\part-084249_339933-040430.parquet,36082,downloaded,36082,
2026-07-17,NSE,ICICIBANK,raw_l2/trade_date=2026-07-17/exchange=NSE/symbol=ICICIBANK/part-084346_964650-040558.parquet,real_data_sample\l2_unseen_validation\trade_date=2026-07-17\exchange=NSE\symbol=ICICIBANK\part-084346_964650-040558.parquet,36455,downloaded,36455,
2026-07-17,NSE,ICICIBANK,raw_l2/trade_date=2026-07-17/exchange=NSE/symbol=ICICIBANK/part-084303_661946-040462.parquet,real_data_sample\l2_unseen_validation\trade_date=2026-07-17\exchange=NSE\symbol=ICICIBANK\part-084303_661946-040462.parquet,36113,downloaded,36113,
2026-07-17,NSE,ICICIBANK,raw_l2/trade_date=2026-07-17/exchange=NSE/symbol=ICICIBANK/part-084444_662206-040686.parquet,real_data_sample\l2_unseen_validation\trade_date=2026-07-17\exchange=NSE\symbol=ICICIBANK\part-084444_662206-040686.parquet,36419,downloaded,36419,
2026-07-17,NSE,ICICIBANK,raw_l2/trade_date=2026-07-17/exchange=NSE/symbol=ICICIBANK/part-084332_536041-040526.parquet,real_data_sample\l2_unseen_validation\trade_date=2026-07-17\exchange=NSE\symbol=ICICIBANK\part-084332_536041-040526.parquet,35692,downloaded,35692,
2026-07-17,NSE,ICICIBANK,raw_l2/trade_date=2026-07-17/exchange=NSE/symbol=ICICIBANK/part-084151_877470-040302.parquet,real_data_sample\l2_unseen_validation\trade_date=2026-07-17\exchange=NSE\symbol=ICICIBANK\part-084151_877470-040302.parquet,34887,downloaded,34887,
2026-07-17,NSE,ICICIBANK,raw_l2/trade_date=2026-07-17/exchange=NSE/symbol=ICICIBANK/part-084108_843099-040206.parquet,real_data_sample\l2_unseen_validation\trade_date=2026-07-17\exchange=NSE\symbol=ICICIBANK\part-084108_843099-040206.parquet,35783,downloaded,35783,
2026-07-17,NSE,ICICIBANK,raw_l2/trade_date=2026-07-17/exchange=NSE/symbol=ICICIBANK/part-084206_184530-040334.parquet,real_data_sample\l2_unseen_validation\trade_date=2026-07-17\exchange=NSE\symbol=ICICIBANK\part-084206_184530-040334.parquet,34977,downloaded,34977,
2026-07-17,NSE,ICICIBANK,raw_l2/trade_date=2026-07-17/exchange=NSE/symbol=ICICIBANK/part-084220_717880-040366.parquet,real_data_sample\l2_unseen_validation\trade_date=2026-07-17\exchange=NSE\symbol=ICICIBANK\part-084220_717880-040366.parquet,35536,downloaded,35536,
2026-07-17,NSE,ICICIBANK,raw_l2/trade_date=2026-07-17/exchange=NSE/symbol=ICICIBANK/part-084122_999864-040238.parquet,real_data_sample\l2_unseen_validation\trade_date=2026-07-17\exchange=NSE\symbol=ICICIBANK\part-084122_999864-040238.parquet,35051,downloaded,35051,
2026-07-17,NSE,ICICIBANK,raw_l2/trade_date=2026-07-17/exchange=NSE/symbol=ICICIBANK/part-084234_979602-040398.parquet,real_data_sample\l2_unseen_validation\trade_date=2026-07-17\exchange=NSE\symbol=ICICIBANK\part-084234_979602-040398.parquet,36272,downloaded,36272,
2026-07-17,NSE,ICICIBANK,raw_l2/trade_date=2026-07-17/exchange=NSE/symbol=ICICIBANK/part-084054_795679-040174.parquet,real_data_sample\l2_unseen_validation\trade_date=2026-07-17\exchange=NSE\symbol=ICICIBANK\part-084054_795679-040174.parquet,36245,downloaded,36245,
2026-07-17,NSE,ICICIBANK,raw_l2/trade_date=2026-07-17/exchange=NSE/symbol=ICICIBANK/part-084318_121911-040494.parquet,real_data_sample\l2_unseen_validation\trade_date=2026-07-17\exchange=NSE\symbol=ICICIBANK\part-084318_121911-040494.parquet,36180,downloaded,36180,
2026-07-17,NSE,ICICIBANK,raw_l2/trade_date=2026-07-17/exchange=NSE/symbol=ICICIBANK/part-084137_486543-040270.parquet,real_data_sample\l2_unseen_validation\trade_date=2026-07-17\exchange=NSE\symbol=ICICIBANK\part-084137_486543-040270.parquet,34959,downloaded,34959,
2026-07-17,NSE,ICICIBANK,raw_l2/trade_date=2026-07-17/exchange=NSE/symbol=ICICIBANK/part-084430_332374-040654.parquet,real_data_sample\l2_unseen_validation\trade_date=2026-07-17\exchange=NSE\symbol=ICICIBANK\part-084430_332374-040654.parquet,35812,downloaded,35812,
2026-07-17,NSE,ICICIBANK,raw_l2/trade_date=2026-07-17/exchange=NSE/symbol=ICICIBANK/part-084415_868747-040622.parquet,real_data_sample\l2_unseen_validation\trade_date=2026-07-17\exchange=NSE\symbol=ICICIBANK\part-084415_868747-040622.parquet,36575,downloaded,36575,
2026-07-17,NSE,ICICIBANK,raw_l2/trade_date=2026-07-17/exchange=NSE/symbol=ICICIBANK/part-084401_538318-040590.parquet,real_data_sample\l2_unseen_validation\trade_date=2026-07-17\exchange=NSE\symbol=ICICIBANK\part-084401_538318-040590.parquet,36264,downloaded,36264,
2026-07-17,NSE,ICICIBANK,raw_l2/trade_date=2026-07-17/exchange=NSE/symbol=ICICIBANK/part-084459_084121-040718.parquet,real_data_sample\l2_unseen_validation\trade_date=2026-07-17\exchange=NSE\symbol=ICICIBANK\part-084459_084121-040718.parquet,36595,downloaded,36595,
2026-07-17,NSE,ICICIBANK,raw_l2/trade_date=2026-07-17/exchange=NSE/symbol=ICICIBANK/part-082133_761375-037582.parquet,real_data_sample\l2_unseen_validation\trade_date=2026-07-17\exchange=NSE\symbol=ICICIBANK\part-082133_761375-037582.parquet,36307,downloaded,36307,
2026-07-17,NSE,ICICIBANK,raw_l2/trade_date=2026-07-17/exchange=NSE/symbol=ICICIBANK/part-081938_246376-037326.parquet,real_data_sample\l2_unseen_validation\trade_date=2026-07-17\exchange=NSE\symbol=ICICIBANK\part-081938_246376-037326.parquet,36224,downloaded,36224,
2026-07-17,NSE,ICICIBANK,raw_l2/trade_date=2026-07-17/exchange=NSE/symbol=ICICIBANK/part-082313_208036-037806.parquet,real_data_sample\l2_unseen_validation\trade_date=2026-07-17\exchange=NSE\symbol=ICICIBANK\part-082313_208036-037806.parquet,36157,downloaded,36157,
2026-07-17,NSE,ICICIBANK,raw_l2/trade_date=2026-07-17/exchange=NSE/symbol=ICICIBANK/part-082230_304122-037710.parquet,real_data_sample\l2_unseen_validation\trade_date=2026-07-17\exchange=NSE\symbol=ICICIBANK\part-082230_304122-037710.parquet,36052,downloaded,36052,
2026-07-17,NSE,ICICIBANK,raw_l2/trade_date=2026-07-17/exchange=NSE/symbol=ICICIBANK/part-082104_938509-037518.parquet,real_data_sample\l2_unseen_validation\trade_date=2026-07-17\exchange=NSE\symbol=ICICIBANK\part-082104_938509-037518.parquet,36249,downloaded,36249,
2026-07-17,NSE,ICICIBANK,raw_l2/trade_date=2026-07-17/exchange=NSE/symbol=ICICIBANK/part-084556_645655-040846.parquet,real_data_sample\l2_unseen_validation\trade_date=2026-07-17\exchange=NSE\symbol=ICICIBANK\part-084556_645655-040846.parquet,36266,downloaded,36266,
2026-07-17,NSE,ICICIBANK,raw_l2/trade_date=2026-07-17/exchange=NSE/symbol=ICICIBANK/part-084722_389602-041038.parquet,real_data_sample\l2_unseen_validation\trade_date=2026-07-17\exchange=NSE\symbol=ICICIBANK\part-084722_389602-041038.parquet,36329,downloaded,36329,
2026-07-17,NSE,ICICIBANK,raw_l2/trade_date=2026-07-17/exchange=NSE/symbol=ICICIBANK/part-084805_169844-041134.parquet,real_data_sample\l2_unseen_validation\trade_date=2026-07-17\exchange=NSE\symbol=ICICIBANK\part-084805_169844-041134.parquet,36259,downloaded,36259,
2026-07-17,NSE,ICICIBANK,raw_l2/trade_date=2026-07-17/exchange=NSE/symbol=ICICIBANK/part-084542_433854-040814.parquet,real_data_sample\l2_unseen_validation\trade_date=2026-07-17\exchange=NSE\symbol=ICICIBANK\part-084542_433854-040814.parquet,36332,downloaded,36332,
2026-07-17,NSE,ICICIBANK,raw_l2/trade_date=2026-07-17/exchange=NSE/symbol=ICICIBANK/part-084848_263524-041230.parquet,real_data_sample\l2_unseen_validation\trade_date=2026-07-17\exchange=NSE\symbol=ICICIBANK\part-084848_263524-041230.parquet,36287,downloaded,36287,
2026-07-17,NSE,ICICIBANK,raw_l2/trade_date=2026-07-17/exchange=NSE/symbol=ICICIBANK/part-084653_979971-040974.parquet,real_data_sample\l2_unseen_validation\trade_date=2026-07-17\exchange=NSE\symbol=ICICIBANK\part-084653_979971-040974.parquet,36676,downloaded,36676,
2026-07-17,NSE,ICICIBANK,raw_l2/trade_date=2026-07-17/exchange=NSE/symbol=ICICIBANK/part-084736_584832-041070.parquet,real_data_sample\l2_unseen_validation\trade_date=2026-07-17\exchange=NSE\symbol=ICICIBANK\part-084736_584832-041070.parquet,36151,downloaded,36151,
2026-07-17,NSE,ICICIBANK,raw_l2/trade_date=2026-07-17/exchange=NSE/symbol=ICICIBANK/part-084708_157581-041006.parquet,real_data_sample\l2_unseen_validation\trade_date=2026-07-17\exchange=NSE\symbol=ICICIBANK\part-084708_157581-041006.parquet,36217,downloaded,36217,
2026-07-17,NSE,ICICIBANK,raw_l2/trade_date=2026-07-17/exchange=NSE/symbol=ICICIBANK/part-082006_629645-037390.parquet,real_data_sample\l2_unseen_validation\trade_date=2026-07-17\exchange=NSE\symbol=ICICIBANK\part-082006_629645-037390.parquet,36160,downloaded,36160,
2026-07-17,NSE,ICICIBANK,raw_l2/trade_date=2026-07-17/exchange=NSE/symbol=ICICIBANK/part-081952_616693-037358.parquet,real_data_sample\l2_unseen_validation\trade_date=2026-07-17\exchange=NSE\symbol=ICICIBANK\part-081952_616693-037358.parquet,36117,downloaded,36117,
2026-07-17,NSE,ICICIBANK,raw_l2/trade_date=2026-07-17/exchange=NSE/symbol=ICICIBANK/part-082617_683056-038222.parquet,real_data_sample\l2_unseen_validation\trade_date=2026-07-17\exchange=NSE\symbol=ICICIBANK\part-082617_683056-038222.parquet,36364,downloaded,36364,
2026-07-17,NSE,ICICIBANK,raw_l2/trade_date=2026-07-17/exchange=NSE/symbol=ICICIBANK/part-084931_897157-041326.parquet,real_data_sample\l2_unseen_validation\trade_date=2026-07-17\exchange=NSE\symbol=ICICIBANK\part-084931_897157-041326.parquet,36616,downloaded,36616,
2026-07-17,NSE,ICICIBANK,raw_l2/trade_date=2026-07-17/exchange=NSE/symbol=ICICIBANK/part-085142_106309-041614.parquet,real_data_sample\l2_unseen_validation\trade_date=2026-07-17\exchange=NSE\symbol=ICICIBANK\part-085142_106309-041614.parquet,36686,downloaded,36686,
2026-07-17,NSE,ICICIBANK,raw_l2/trade_date=2026-07-17/exchange=NSE/symbol=ICICIBANK/part-085001_015466-041390.parquet,real_data_sample\l2_unseen_validation\trade_date=2026-07-17\exchange=NSE\symbol=ICICIBANK\part-085001_015466-041390.parquet,36718,downloaded,36718,
2026-07-17,NSE,ICICIBANK,raw_l2/trade_date=2026-07-17/exchange=NSE/symbol=ICICIBANK/part-085156_512366-041646.parquet,real_data_sample\l2_unseen_validation\trade_date=2026-07-17\exchange=NSE\symbol=ICICIBANK\part-085156_512366-041646.parquet,36096,downloaded,36096,
2026-07-17,NSE,ICICIBANK,raw_l2/trade_date=2026-07-17/exchange=NSE/symbol=ICICIBANK/part-085127_723306-041582.parquet,real_data_sample\l2_unseen_validation\trade_date=2026-07-17\exchange=NSE\symbol=ICICIBANK\part-085127_723306-041582.parquet,36303,downloaded,36303,
2026-07-17,NSE,ICICIBANK,raw_l2/trade_date=2026-07-17/exchange=NSE/symbol=ICICIBANK/part-084946_525612-041358.parquet,real_data_sample\l2_unseen_validation\trade_date=2026-07-17\exchange=NSE\symbol=ICICIBANK\part-084946_525612-041358.parquet,36539,downloaded,36539,
2026-07-17,NSE,ICICIBANK,raw_l2/trade_date=2026-07-17/exchange=NSE/symbol=ICICIBANK/part-085015_500059-041422.parquet,real_data_sample\l2_unseen_validation\trade_date=2026-07-17\exchange=NSE\symbol=ICICIBANK\part-085015_500059-041422.parquet,36197,downloaded,36197,
2026-07-17,NSE,ICICIBANK,raw_l2/trade_date=2026-07-17/exchange=NSE/symbol=ICICIBANK/part-085029_790101-041454.parquet,real_data_sample\l2_unseen_validation\trade_date=2026-07-17\exchange=NSE\symbol=ICICIBANK\part-085029_790101-041454.parquet,36516,downloaded,36516,
2026-07-17,NSE,ICICIBANK,raw_l2/trade_date=2026-07-17/exchange=NSE/symbol=ICICIBANK/part-085113_379991-041550.parquet,real_data_sample\l2_unseen_validation\trade_date=2026-07-17\exchange=NSE\symbol=ICICIBANK\part-085113_379991-041550.parquet,36117,downloaded,36117,
2026-07-17,NSE,ICICIBANK,raw_l2/trade_date=2026-07-17/exchange=NSE/symbol=ICICIBANK/part-085043_971415-041486.parquet,real_data_sample\l2_unseen_validation\trade_date=2026-07-17\exchange=NSE\symbol=ICICIBANK\part-085043_971415-041486.parquet,36151,downloaded,36151,
2026-07-17,NSE,ICICIBANK,raw_l2/trade_date=2026-07-17/exchange=NSE/symbol=ICICIBANK/part-085058_470706-041518.parquet,real_data_sample\l2_unseen_validation\trade_date=2026-07-17\exchange=NSE\symbol=ICICIBANK\part-085058_470706-041518.parquet,36273,downloaded,36273,
2026-07-17,NSE,ICICIBANK,raw_l2/trade_date=2026-07-17/exchange=NSE/symbol=ICICIBANK/part-085211_264608-041678.parquet,real_data_sample\l2_unseen_validation\trade_date=2026-07-17\exchange=NSE\symbol=ICICIBANK\part-085211_264608-041678.parquet,36389,downloaded,36389,
2026-07-17,NSE,ICICIBANK,raw_l2/trade_date=2026-07-17/exchange=NSE/symbol=ICICIBANK/part-085225_878694-041710.parquet,real_data_sample\l2_unseen_validation\trade_date=2026-07-17\exchange=NSE\symbol=ICICIBANK\part-085225_878694-041710.parquet,36355,downloaded,36355,
2026-07-17,NSE,ICICIBANK,raw_l2/trade_date=2026-07-17/exchange=NSE/symbol=ICICIBANK/part-085240_526900-041742.parquet,real_data_sample\l2_unseen_validation\trade_date=2026-07-17\exchange=NSE\symbol=ICICIBANK\part-085240_526900-041742.parquet,35984,downloaded,35984,
2026-07-17,NSE,ICICIBANK,raw_l2/trade_date=2026-07-17/exchange=NSE/symbol=ICICIBANK/part-082646_324372-038286.parquet,real_data_sample\l2_unseen_validation\trade_date=2026-07-17\exchange=NSE\symbol=ICICIBANK\part-082646_324372-038286.parquet,35663,downloaded,35663,
2026-07-17,NSE,ICICIBANK,raw_l2/trade_date=2026-07-17/exchange=NSE/symbol=ICICIBANK/part-085255_417815-041774.parquet,real_data_sample\l2_unseen_validation\trade_date=2026-07-17\exchange=NSE\symbol=ICICIBANK\part-085255_417815-041774.parquet,36065,downloaded,36065,
2026-07-17,NSE,ICICIBANK,raw_l2/trade_date=2026-07-17/exchange=NSE/symbol=ICICIBANK/part-085325_501784-041838.parquet,real_data_sample\l2_unseen_validation\trade_date=2026-07-17\exchange=NSE\symbol=ICICIBANK\part-085325_501784-041838.parquet,36054,downloaded,36054,
2026-07-17,NSE,ICICIBANK,raw_l2/trade_date=2026-07-17/exchange=NSE/symbol=ICICIBANK/part-085340_471976-041870.parquet,real_data_sample\l2_unseen_validation\trade_date=2026-07-17\exchange=NSE\symbol=ICICIBANK\part-085340_471976-041870.parquet,36511,downloaded,36511,
2026-07-17,NSE,ICICIBANK,raw_l2/trade_date=2026-07-17/exchange=NSE/symbol=ICICIBANK/part-085310_331564-041806.parquet,real_data_sample\l2_unseen_validation\trade_date=2026-07-17\exchange=NSE\symbol=ICICIBANK\part-085310_331564-041806.parquet,36353,downloaded,36353,
2026-07-17,NSE,ICICIBANK,raw_l2/trade_date=2026-07-17/exchange=NSE/symbol=ICICIBANK/part-085534_619946-042126.parquet,real_data_sample\l2_unseen_validation\trade_date=2026-07-17\exchange=NSE\symbol=ICICIBANK\part-085534_619946-042126.parquet,35876,downloaded,35876,
2026-07-17,NSE,ICICIBANK,raw_l2/trade_date=2026-07-17/exchange=NSE/symbol=ICICIBANK/part-085354_675335-041902.parquet,real_data_sample\l2_unseen_validation\trade_date=2026-07-17\exchange=NSE\symbol=ICICIBANK\part-085354_675335-041902.parquet,36138,downloaded,36138,
2026-07-17,NSE,ICICIBANK,raw_l2/trade_date=2026-07-17/exchange=NSE/symbol=ICICIBANK/part-085423_097907-041966.parquet,real_data_sample\l2_unseen_validation\trade_date=2026-07-17\exchange=NSE\symbol=ICICIBANK\part-085423_097907-041966.parquet,35894,downloaded,35894,
2026-07-17,NSE,ICICIBANK,raw_l2/trade_date=2026-07-17/exchange=NSE/symbol=ICICIBANK/part-085437_491077-041998.parquet,real_data_sample\l2_unseen_validation\trade_date=2026-07-17\exchange=NSE\symbol=ICICIBANK\part-085437_491077-041998.parquet,36427,downloaded,36427,
2026-07-17,NSE,ICICIBANK,raw_l2/trade_date=2026-07-17/exchange=NSE/symbol=ICICIBANK/part-085548_931128-042158.parquet,real_data_sample\l2_unseen_validation\trade_date=2026-07-17\exchange=NSE\symbol=ICICIBANK\part-085548_931128-042158.parquet,36020,downloaded,36020,
2026-07-17,NSE,ICICIBANK,raw_l2/trade_date=2026-07-17/exchange=NSE/symbol=ICICIBANK/part-085408_942645-041934.parquet,real_data_sample\l2_unseen_validation\trade_date=2026-07-17\exchange=NSE\symbol=ICICIBANK\part-085408_942645-041934.parquet,36152,downloaded,36152,
2026-07-17,NSE,ICICIBANK,raw_l2/trade_date=2026-07-17/exchange=NSE/symbol=ICICIBANK/part-085451_888776-042030.parquet,real_data_sample\l2_unseen_validation\trade_date=2026-07-17\exchange=NSE\symbol=ICICIBANK\part-085451_888776-042030.parquet,36302,downloaded,36302,
2026-07-17,NSE,ICICIBANK,raw_l2/trade_date=2026-07-17/exchange=NSE/symbol=ICICIBANK/part-085520_445653-042094.parquet,real_data_sample\l2_unseen_validation\trade_date=2026-07-17\exchange=NSE\symbol=ICICIBANK\part-085520_445653-042094.parquet,35805,downloaded,35805,
2026-07-17,NSE,ICICIBANK,raw_l2/trade_date=2026-07-17/exchange=NSE/symbol=ICICIBANK/part-085603_097915-042190.parquet,real_data_sample\l2_unseen_validation\trade_date=2026-07-17\exchange=NSE\symbol=ICICIBANK\part-085603_097915-042190.parquet,35764,downloaded,35764,
2026-07-17,NSE,ICICIBANK,raw_l2/trade_date=2026-07-17/exchange=NSE/symbol=ICICIBANK/part-085617_136491-042222.parquet,real_data_sample\l2_unseen_validation\trade_date=2026-07-17\exchange=NSE\symbol=ICICIBANK\part-085617_136491-042222.parquet,36091,downloaded,36091,
2026-07-17,NSE,ICICIBANK,raw_l2/trade_date=2026-07-17/exchange=NSE/symbol=ICICIBANK/part-085506_301117-042062.parquet,real_data_sample\l2_unseen_validation\trade_date=2026-07-17\exchange=NSE\symbol=ICICIBANK\part-085506_301117-042062.parquet,36041,downloaded,36041,
2026-07-17,NSE,ICICIBANK,raw_l2/trade_date=2026-07-17/exchange=NSE/symbol=ICICIBANK/part-085631_447545-042254.parquet,real_data_sample\l2_unseen_validation\trade_date=2026-07-17\exchange=NSE\symbol=ICICIBANK\part-085631_447545-042254.parquet,36046,downloaded,36046,
2026-07-17,NSE,ICICIBANK,raw_l2/trade_date=2026-07-17/exchange=NSE/symbol=ICICIBANK/part-085645_687317-042286.parquet,real_data_sample\l2_unseen_validation\trade_date=2026-07-17\exchange=NSE\symbol=ICICIBANK\part-085645_687317-042286.parquet,35974,downloaded,35974,
2026-07-17,NSE,ICICIBANK,raw_l2/trade_date=2026-07-17/exchange=NSE/symbol=ICICIBANK/part-085659_875477-042318.parquet,real_data_sample\l2_unseen_validation\trade_date=2026-07-17\exchange=NSE\symbol=ICICIBANK\part-085659_875477-042318.parquet,36099,downloaded,36099,
2026-07-17,NSE,ICICIBANK,raw_l2/trade_date=2026-07-17/exchange=NSE/symbol=ICICIBANK/part-085714_214786-042350.parquet,real_data_sample\l2_unseen_validation\trade_date=2026-07-17\exchange=NSE\symbol=ICICIBANK\part-085714_214786-042350.parquet,36028,downloaded,36028,
2026-07-17,NSE,ICICIBANK,raw_l2/trade_date=2026-07-17/exchange=NSE/symbol=ICICIBANK/part-085742_720102-042414.parquet,real_data_sample\l2_unseen_validation\trade_date=2026-07-17\exchange=NSE\symbol=ICICIBANK\part-085742_720102-042414.parquet,36617,downloaded,36617,
2026-07-17,NSE,ICICIBANK,raw_l2/trade_date=2026-07-17/exchange=NSE/symbol=ICICIBANK/part-085728_321256-042382.parquet,real_data_sample\l2_unseen_validation\trade_date=2026-07-17\exchange=NSE\symbol=ICICIBANK\part-085728_321256-042382.parquet,36334,downloaded,36334,
2026-07-17,NSE,ICICIBANK,raw_l2/trade_date=2026-07-17/exchange=NSE/symbol=ICICIBANK/part-085855_001980-042574.parquet,real_data_sample\l2_unseen_validation\trade_date=2026-07-17\exchange=NSE\symbol=ICICIBANK\part-085855_001980-042574.parquet,36395,downloaded,36395,
2026-07-17,NSE,ICICIBANK,raw_l2/trade_date=2026-07-17/exchange=NSE/symbol=ICICIBANK/part-082202_215563-037646.parquet,real_data_sample\l2_unseen_validation\trade_date=2026-07-17\exchange=NSE\symbol=ICICIBANK\part-082202_215563-037646.parquet,36327,downloaded,36327,
2026-07-17,NSE,ICICIBANK,raw_l2/trade_date=2026-07-17/exchange=NSE/symbol=ICICIBANK/part-085757_242376-042446.parquet,real_data_sample\l2_unseen_validation\trade_date=2026-07-17\exchange=NSE\symbol=ICICIBANK\part-085757_242376-042446.parquet,36629,downloaded,36629,
2026-07-17,NSE,ICICIBANK,raw_l2/trade_date=2026-07-17/exchange=NSE/symbol=ICICIBANK/part-085826_005784-042510.parquet,real_data_sample\l2_unseen_validation\trade_date=2026-07-17\exchange=NSE\symbol=ICICIBANK\part-085826_005784-042510.parquet,36069,downloaded,36069,
2026-07-17,NSE,ICICIBANK,raw_l2/trade_date=2026-07-17/exchange=NSE/symbol=ICICIBANK/part-085811_655932-042478.parquet,real_data_sample\l2_unseen_validation\trade_date=2026-07-17\exchange=NSE\symbol=ICICIBANK\part-085811_655932-042478.parquet,36293,downloaded,36293,
2026-07-17,NSE,ICICIBANK,raw_l2/trade_date=2026-07-17/exchange=NSE/symbol=ICICIBANK/part-085909_447388-042606.parquet,real_data_sample\l2_unseen_validation\trade_date=2026-07-17\exchange=NSE\symbol=ICICIBANK\part-085909_447388-042606.parquet,36536,downloaded,36536,
2026-07-17,NSE,ICICIBANK,raw_l2/trade_date=2026-07-17/exchange=NSE/symbol=ICICIBANK/part-085924_132448-042638.parquet,real_data_sample\l2_unseen_validation\trade_date=2026-07-17\exchange=NSE\symbol=ICICIBANK\part-085924_132448-042638.parquet,36674,downloaded,36674,
2026-07-17,NSE,ICICIBANK,raw_l2/trade_date=2026-07-17/exchange=NSE/symbol=ICICIBANK/part-085840_506452-042542.parquet,real_data_sample\l2_unseen_validation\trade_date=2026-07-17\exchange=NSE\symbol=ICICIBANK\part-085840_506452-042542.parquet,36095,downloaded,36095,
2026-07-17,NSE,ICICIBANK,raw_l2/trade_date=2026-07-17/exchange=NSE/symbol=ICICIBANK/part-090022_481174-042766.parquet,real_data_sample\l2_unseen_validation\trade_date=2026-07-17\exchange=NSE\symbol=ICICIBANK\part-090022_481174-042766.parquet,35917,downloaded,35917,
2026-07-17,NSE,ICICIBANK,raw_l2/trade_date=2026-07-17/exchange=NSE/symbol=ICICIBANK/part-082216_289394-037678.parquet,real_data_sample\l2_unseen_validation\trade_date=2026-07-17\exchange=NSE\symbol=ICICIBANK\part-082216_289394-037678.parquet,36107,downloaded,36107,
2026-07-17,NSE,ICICIBANK,raw_l2/trade_date=2026-07-17/exchange=NSE/symbol=ICICIBANK/part-085953_650159-042702.parquet,real_data_sample\l2_unseen_validation\trade_date=2026-07-17\exchange=NSE\symbol=ICICIBANK\part-085953_650159-042702.parquet,36704,downloaded,36704,
2026-07-17,NSE,ICICIBANK,raw_l2/trade_date=2026-07-17/exchange=NSE/symbol=ICICIBANK/part-090008_125149-042734.parquet,real_data_sample\l2_unseen_validation\trade_date=2026-07-17\exchange=NSE\symbol=ICICIBANK\part-090008_125149-042734.parquet,36642,downloaded,36642,
2026-07-17,NSE,ICICIBANK,raw_l2/trade_date=2026-07-17/exchange=NSE/symbol=ICICIBANK/part-090036_834903-042798.parquet,real_data_sample\l2_unseen_validation\trade_date=2026-07-17\exchange=NSE\symbol=ICICIBANK\part-090036_834903-042798.parquet,36076,downloaded,36076,
2026-07-17,NSE,ICICIBANK,raw_l2/trade_date=2026-07-17/exchange=NSE/symbol=ICICIBANK/part-090051_406163-042830.parquet,real_data_sample\l2_unseen_validation\trade_date=2026-07-17\exchange=NSE\symbol=ICICIBANK\part-090051_406163-042830.parquet,35978,downloaded,35978,
2026-07-17,NSE,ICICIBANK,raw_l2/trade_date=2026-07-17/exchange=NSE/symbol=ICICIBANK/part-085938_892398-042670.parquet,real_data_sample\l2_unseen_validation\trade_date=2026-07-17\exchange=NSE\symbol=ICICIBANK\part-085938_892398-042670.parquet,35962,downloaded,35962,
2026-07-17,NSE,ICICIBANK,raw_l2/trade_date=2026-07-17/exchange=NSE/symbol=ICICIBANK/part-084639_692649-040942.parquet,real_data_sample\l2_unseen_validation\trade_date=2026-07-17\exchange=NSE\symbol=ICICIBANK\part-084639_692649-040942.parquet,36448,downloaded,36448,
2026-07-17,NSE,ICICIBANK,raw_l2/trade_date=2026-07-17/exchange=NSE/symbol=ICICIBANK/part-090120_608933-042894.parquet,real_data_sample\l2_unseen_validation\trade_date=2026-07-17\exchange=NSE\symbol=ICICIBANK\part-090120_608933-042894.parquet,36251,downloaded,36251,
2026-07-17,NSE,ICICIBANK,raw_l2/trade_date=2026-07-17/exchange=NSE/symbol=ICICIBANK/part-090106_018592-042862.parquet,real_data_sample\l2_unseen_validation\trade_date=2026-07-17\exchange=NSE\symbol=ICICIBANK\part-090106_018592-042862.parquet,36525,downloaded,36525,
2026-07-17,NSE,ICICIBANK,raw_l2/trade_date=2026-07-17/exchange=NSE/symbol=ICICIBANK/part-090135_026824-042926.parquet,real_data_sample\l2_unseen_validation\trade_date=2026-07-17\exchange=NSE\symbol=ICICIBANK\part-090135_026824-042926.parquet,36312,downloaded,36312,
2026-07-17,NSE,ICICIBANK,raw_l2/trade_date=2026-07-17/exchange=NSE/symbol=ICICIBANK/part-090149_449843-042958.parquet,real_data_sample\l2_unseen_validation\trade_date=2026-07-17\exchange=NSE\symbol=ICICIBANK\part-090149_449843-042958.parquet,36338,downloaded,36338,
2026-07-17,NSE,ICICIBANK,raw_l2/trade_date=2026-07-17/exchange=NSE/symbol=ICICIBANK/part-090344_927648-043214.parquet,real_data_sample\l2_unseen_validation\trade_date=2026-07-17\exchange=NSE\symbol=ICICIBANK\part-090344_927648-043214.parquet,36174,downloaded,36174,
2026-07-17,NSE,ICICIBANK,raw_l2/trade_date=2026-07-17/exchange=NSE/symbol=ICICIBANK/part-082147_889200-037614.parquet,real_data_sample\l2_unseen_validation\trade_date=2026-07-17\exchange=NSE\symbol=ICICIBANK\part-082147_889200-037614.parquet,36078,downloaded,36078,
2026-07-17,NSE,ICICIBANK,raw_l2/trade_date=2026-07-17/exchange=NSE/symbol=ICICIBANK/part-090330_068017-043182.parquet,real_data_sample\l2_unseen_validation\trade_date=2026-07-17\exchange=NSE\symbol=ICICIBANK\part-090330_068017-043182.parquet,35906,downloaded,35906,
2026-07-17,NSE,ICICIBANK,raw_l2/trade_date=2026-07-17/exchange=NSE/symbol=ICICIBANK/part-082035_137358-037454.parquet,real_data_sample\l2_unseen_validation\trade_date=2026-07-17\exchange=NSE\symbol=ICICIBANK\part-082035_137358-037454.parquet,36540,downloaded,36540,
2026-07-17,NSE,ICICIBANK,raw_l2/trade_date=2026-07-17/exchange=NSE/symbol=ICICIBANK/part-090301_076445-043118.parquet,real_data_sample\l2_unseen_validation\trade_date=2026-07-17\exchange=NSE\symbol=ICICIBANK\part-090301_076445-043118.parquet,35528,downloaded,35528,
2026-07-17,NSE,ICICIBANK,raw_l2/trade_date=2026-07-17/exchange=NSE/symbol=ICICIBANK/part-090232_247646-043054.parquet,real_data_sample\l2_unseen_validation\trade_date=2026-07-17\exchange=NSE\symbol=ICICIBANK\part-090232_247646-043054.parquet,36514,downloaded,36514,
2026-07-17,NSE,ICICIBANK,raw_l2/trade_date=2026-07-17/exchange=NSE/symbol=ICICIBANK/part-090457_818442-043374.parquet,real_data_sample\l2_unseen_validation\trade_date=2026-07-17\exchange=NSE\symbol=ICICIBANK\part-090457_818442-043374.parquet,36032,downloaded,36032,
2026-07-17,NSE,ICICIBANK,raw_l2/trade_date=2026-07-17/exchange=NSE/symbol=ICICIBANK/part-090512_615087-043406.parquet,real_data_sample\l2_unseen_validation\trade_date=2026-07-17\exchange=NSE\symbol=ICICIBANK\part-090512_615087-043406.parquet,35757,downloaded,35757,
2026-07-17,NSE,ICICIBANK,raw_l2/trade_date=2026-07-17/exchange=NSE/symbol=ICICIBANK/part-090203_697505-042990.parquet,real_data_sample\l2_unseen_validation\trade_date=2026-07-17\exchange=NSE\symbol=ICICIBANK\part-090203_697505-042990.parquet,36287,downloaded,36287,
2026-07-17,NSE,ICICIBANK,raw_l2/trade_date=2026-07-17/exchange=NSE/symbol=ICICIBANK/part-090315_504984-043150.parquet,real_data_sample\l2_unseen_validation\trade_date=2026-07-17\exchange=NSE\symbol=ICICIBANK\part-090315_504984-043150.parquet,36029,downloaded,36029,
2026-07-17,NSE,ICICIBANK,raw_l2/trade_date=2026-07-17/exchange=NSE/symbol=ICICIBANK/part-090359_681382-043246.parquet,real_data_sample\l2_unseen_validation\trade_date=2026-07-17\exchange=NSE\symbol=ICICIBANK\part-090359_681382-043246.parquet,35867,downloaded,35867,
2026-07-17,NSE,ICICIBANK,raw_l2/trade_date=2026-07-17/exchange=NSE/symbol=ICICIBANK/part-090246_722076-043086.parquet,real_data_sample\l2_unseen_validation\trade_date=2026-07-17\exchange=NSE\symbol=ICICIBANK\part-090246_722076-043086.parquet,35952,downloaded,35952,
2026-07-17,NSE,ICICIBANK,raw_l2/trade_date=2026-07-17/exchange=NSE/symbol=ICICIBANK/part-090555_650731-043502.parquet,real_data_sample\l2_unseen_validation\trade_date=2026-07-17\exchange=NSE\symbol=ICICIBANK\part-090555_650731-043502.parquet,34621,downloaded,34621,
2026-07-17,NSE,ICICIBANK,raw_l2/trade_date=2026-07-17/exchange=NSE/symbol=ICICIBANK/part-090541_361625-043470.parquet,real_data_sample\l2_unseen_validation\trade_date=2026-07-17\exchange=NSE\symbol=ICICIBANK\part-090541_361625-043470.parquet,34743,downloaded,34743,
2026-07-17,NSE,ICICIBANK,raw_l2/trade_date=2026-07-17/exchange=NSE/symbol=ICICIBANK/part-090428_247888-043310.parquet,real_data_sample\l2_unseen_validation\trade_date=2026-07-17\exchange=NSE\symbol=ICICIBANK\part-090428_247888-043310.parquet,36148,downloaded,36148,
2026-07-17,NSE,ICICIBANK,raw_l2/trade_date=2026-07-17/exchange=NSE/symbol=ICICIBANK/part-090609_947795-043534.parquet,real_data_sample\l2_unseen_validation\trade_date=2026-07-17\exchange=NSE\symbol=ICICIBANK\part-090609_947795-043534.parquet,34762,downloaded,34762,
2026-07-17,NSE,ICICIBANK,raw_l2/trade_date=2026-07-17/exchange=NSE/symbol=ICICIBANK/part-090443_069117-043342.parquet,real_data_sample\l2_unseen_validation\trade_date=2026-07-17\exchange=NSE\symbol=ICICIBANK\part-090443_069117-043342.parquet,35530,downloaded,35530,
2026-07-17,NSE,ICICIBANK,raw_l2/trade_date=2026-07-17/exchange=NSE/symbol=ICICIBANK/part-082603_474355-038190.parquet,real_data_sample\l2_unseen_validation\trade_date=2026-07-17\exchange=NSE\symbol=ICICIBANK\part-082603_474355-038190.parquet,35973,downloaded,35973,
2026-07-17,NSE,ICICIBANK,raw_l2/trade_date=2026-07-17/exchange=NSE/symbol=ICICIBANK/part-090526_952945-043438.parquet,real_data_sample\l2_unseen_validation\trade_date=2026-07-17\exchange=NSE\symbol=ICICIBANK\part-090526_952945-043438.parquet,34961,downloaded,34961,
2026-07-17,NSE,ICICIBANK,raw_l2/trade_date=2026-07-17/exchange=NSE/symbol=ICICIBANK/part-090638_908809-043598.parquet,real_data_sample\l2_unseen_validation\trade_date=2026-07-17\exchange=NSE\symbol=ICICIBANK\part-090638_908809-043598.parquet,36087,downloaded,36087,
2026-07-17,NSE,ICICIBANK,raw_l2/trade_date=2026-07-17/exchange=NSE/symbol=ICICIBANK/part-090624_499443-043566.parquet,real_data_sample\l2_unseen_validation\trade_date=2026-07-17\exchange=NSE\symbol=ICICIBANK\part-090624_499443-043566.parquet,36042,downloaded,36042,
2026-07-17,NSE,ICICIBANK,raw_l2/trade_date=2026-07-17/exchange=NSE/symbol=ICICIBANK/part-090750_927360-043758.parquet,real_data_sample\l2_unseen_validation\trade_date=2026-07-17\exchange=NSE\symbol=ICICIBANK\part-090750_927360-043758.parquet,35772,downloaded,35772,
2026-07-17,NSE,ICICIBANK,raw_l2/trade_date=2026-07-17/exchange=NSE/symbol=ICICIBANK/part-090653_487404-043630.parquet,real_data_sample\l2_unseen_validation\trade_date=2026-07-17\exchange=NSE\symbol=ICICIBANK\part-090653_487404-043630.parquet,35731,downloaded,35731,
2026-07-17,NSE,ICICIBANK,raw_l2/trade_date=2026-07-17/exchange=NSE/symbol=ICICIBANK/part-090722_408924-043694.parquet,real_data_sample\l2_unseen_validation\trade_date=2026-07-17\exchange=NSE\symbol=ICICIBANK\part-090722_408924-043694.parquet,35810,downloaded,35810,
2026-07-17,NSE,ICICIBANK,raw_l2/trade_date=2026-07-17/exchange=NSE/symbol=ICICIBANK/part-090949_221818-044014.parquet,real_data_sample\l2_unseen_validation\trade_date=2026-07-17\exchange=NSE\symbol=ICICIBANK\part-090949_221818-044014.parquet,36166,downloaded,36166,
2026-07-17,NSE,ICICIBANK,raw_l2/trade_date=2026-07-17/exchange=NSE/symbol=ICICIBANK/part-091033_663103-044110.parquet,real_data_sample\l2_unseen_validation\trade_date=2026-07-17\exchange=NSE\symbol=ICICIBANK\part-091033_663103-044110.parquet,35901,downloaded,35901,
2026-07-17,NSE,ICICIBANK,raw_l2/trade_date=2026-07-17/exchange=NSE/symbol=ICICIBANK/part-090934_019780-043982.parquet,real_data_sample\l2_unseen_validation\trade_date=2026-07-17\exchange=NSE\symbol=ICICIBANK\part-090934_019780-043982.parquet,36268,downloaded,36268,
2026-07-17,NSE,ICICIBANK,raw_l2/trade_date=2026-07-17/exchange=NSE/symbol=ICICIBANK/part-090834_881890-043854.parquet,real_data_sample\l2_unseen_validation\trade_date=2026-07-17\exchange=NSE\symbol=ICICIBANK\part-090834_881890-043854.parquet,36531,downloaded,36531,
2026-07-17,NSE,ICICIBANK,raw_l2/trade_date=2026-07-17/exchange=NSE/symbol=ICICIBANK/part-091146_968456-044270.parquet,real_data_sample\l2_unseen_validation\trade_date=2026-07-17\exchange=NSE\symbol=ICICIBANK\part-091146_968456-044270.parquet,36409,downloaded,36409,
2026-07-17,NSE,ICICIBANK,raw_l2/trade_date=2026-07-17/exchange=NSE/symbol=ICICIBANK/part-090849_530797-043886.parquet,real_data_sample\l2_unseen_validation\trade_date=2026-07-17\exchange=NSE\symbol=ICICIBANK\part-090849_530797-043886.parquet,35730,downloaded,35730,
2026-07-17,NSE,ICICIBANK,raw_l2/trade_date=2026-07-17/exchange=NSE/symbol=ICICIBANK/part-090919_367373-043950.parquet,real_data_sample\l2_unseen_validation\trade_date=2026-07-17\exchange=NSE\symbol=ICICIBANK\part-090919_367373-043950.parquet,36013,downloaded,36013,
2026-07-17,NSE,ICICIBANK,raw_l2/trade_date=2026-07-17/exchange=NSE/symbol=ICICIBANK/part-090820_217255-043822.parquet,real_data_sample\l2_unseen_validation\trade_date=2026-07-17\exchange=NSE\symbol=ICICIBANK\part-090820_217255-043822.parquet,35869,downloaded,35869,
2026-07-17,NSE,ICICIBANK,raw_l2/trade_date=2026-07-17/exchange=NSE/symbol=ICICIBANK/part-090904_317773-043918.parquet,real_data_sample\l2_unseen_validation\trade_date=2026-07-17\exchange=NSE\symbol=ICICIBANK\part-090904_317773-043918.parquet,35900,downloaded,35900,
2026-07-17,NSE,ICICIBANK,raw_l2/trade_date=2026-07-17/exchange=NSE/symbol=ICICIBANK/part-091132_617658-044238.parquet,real_data_sample\l2_unseen_validation\trade_date=2026-07-17\exchange=NSE\symbol=ICICIBANK\part-091132_617658-044238.parquet,36187,downloaded,36187,
2026-07-17,NSE,ICICIBANK,raw_l2/trade_date=2026-07-17/exchange=NSE/symbol=ICICIBANK/part-090805_851867-043790.parquet,real_data_sample\l2_unseen_validation\trade_date=2026-07-17\exchange=NSE\symbol=ICICIBANK\part-090805_851867-043790.parquet,35889,downloaded,35889,
2026-07-17,NSE,ICICIBANK,raw_l2/trade_date=2026-07-17/exchange=NSE/symbol=ICICIBANK/part-091018_970349-044078.parquet,real_data_sample\l2_unseen_validation\trade_date=2026-07-17\exchange=NSE\symbol=ICICIBANK\part-091018_970349-044078.parquet,36006,downloaded,36006,
2026-07-17,NSE,ICICIBANK,raw_l2/trade_date=2026-07-17/exchange=NSE/symbol=ICICIBANK/part-091048_318914-044142.parquet,real_data_sample\l2_unseen_validation\trade_date=2026-07-17\exchange=NSE\symbol=ICICIBANK\part-091048_318914-044142.parquet,36108,downloaded,36108,
2026-07-17,NSE,ICICIBANK,raw_l2/trade_date=2026-07-17/exchange=NSE/symbol=ICICIBANK/part-084833_781642-041198.parquet,real_data_sample\l2_unseen_validation\trade_date=2026-07-17\exchange=NSE\symbol=ICICIBANK\part-084833_781642-041198.parquet,36292,downloaded,36292,
2026-07-17,NSE,ICICIBANK,raw_l2/trade_date=2026-07-17/exchange=NSE/symbol=ICICIBANK/part-091117_628098-044206.parquet,real_data_sample\l2_unseen_validation\trade_date=2026-07-17\exchange=NSE\symbol=ICICIBANK\part-091117_628098-044206.parquet,36250,downloaded,36250,
2026-07-17,NSE,ICICIBANK,raw_l2/trade_date=2026-07-17/exchange=NSE/symbol=ICICIBANK/part-091004_648709-044046.parquet,real_data_sample\l2_unseen_validation\trade_date=2026-07-17\exchange=NSE\symbol=ICICIBANK\part-091004_648709-044046.parquet,36252,downloaded,36252,
2026-07-17,NSE,ICICIBANK,raw_l2/trade_date=2026-07-17/exchange=NSE/symbol=ICICIBANK/part-091201_549554-044302.parquet,real_data_sample\l2_unseen_validation\trade_date=2026-07-17\exchange=NSE\symbol=ICICIBANK\part-091201_549554-044302.parquet,36066,downloaded,36066,
2026-07-17,NSE,ICICIBANK,raw_l2/trade_date=2026-07-17/exchange=NSE/symbol=ICICIBANK/part-084902_750919-041262.parquet,real_data_sample\l2_unseen_validation\trade_date=2026-07-17\exchange=NSE\symbol=ICICIBANK\part-084902_750919-041262.parquet,36276,downloaded,36276,
2026-07-17,NSE,ICICIBANK,raw_l2/trade_date=2026-07-17/exchange=NSE/symbol=ICICIBANK/part-091216_521244-044334.parquet,real_data_sample\l2_unseen_validation\trade_date=2026-07-17\exchange=NSE\symbol=ICICIBANK\part-091216_521244-044334.parquet,35773,downloaded,35773,
2026-07-17,NSE,ICICIBANK,raw_l2/trade_date=2026-07-17/exchange=NSE/symbol=ICICIBANK/part-084625_388991-040910.parquet,real_data_sample\l2_unseen_validation\trade_date=2026-07-17\exchange=NSE\symbol=ICICIBANK\part-084625_388991-040910.parquet,36279,downloaded,36279,
2026-07-17,NSE,ICICIBANK,raw_l2/trade_date=2026-07-17/exchange=NSE/symbol=ICICIBANK/part-084513_566239-040750.parquet,real_data_sample\l2_unseen_validation\trade_date=2026-07-17\exchange=NSE\symbol=ICICIBANK\part-084513_566239-040750.parquet,36210,downloaded,36210,
2026-07-17,NSE,ICICIBANK,raw_l2/trade_date=2026-07-17/exchange=NSE/symbol=ICICIBANK/part-091246_972391-044398.parquet,real_data_sample\l2_unseen_validation\trade_date=2026-07-17\exchange=NSE\symbol=ICICIBANK\part-091246_972391-044398.parquet,36484,downloaded,36484,
2026-07-17,NSE,ICICIBANK,raw_l2/trade_date=2026-07-17/exchange=NSE/symbol=ICICIBANK/part-091428_207080-044622.parquet,real_data_sample\l2_unseen_validation\trade_date=2026-07-17\exchange=NSE\symbol=ICICIBANK\part-091428_207080-044622.parquet,36196,downloaded,36196,
2026-07-17,NSE,ICICIBANK,raw_l2/trade_date=2026-07-17/exchange=NSE/symbol=ICICIBANK/part-091330_461713-044494.parquet,real_data_sample\l2_unseen_validation\trade_date=2026-07-17\exchange=NSE\symbol=ICICIBANK\part-091330_461713-044494.parquet,36078,downloaded,36078,
2026-07-17,NSE,ICICIBANK,raw_l2/trade_date=2026-07-17/exchange=NSE/symbol=ICICIBANK/part-090413_885432-043278.parquet,real_data_sample\l2_unseen_validation\trade_date=2026-07-17\exchange=NSE\symbol=ICICIBANK\part-090413_885432-043278.parquet,35941,downloaded,35941,
2026-07-17,NSE,ICICIBANK,raw_l2/trade_date=2026-07-17/exchange=NSE/symbol=ICICIBANK/part-084750_938564-041102.parquet,real_data_sample\l2_unseen_validation\trade_date=2026-07-17\exchange=NSE\symbol=ICICIBANK\part-084750_938564-041102.parquet,36317,downloaded,36317,
2026-07-17,NSE,ICICIBANK,raw_l2/trade_date=2026-07-17/exchange=NSE/symbol=ICICIBANK/part-090217_860066-043022.parquet,real_data_sample\l2_unseen_validation\trade_date=2026-07-17\exchange=NSE\symbol=ICICIBANK\part-090217_860066-043022.parquet,36103,downloaded,36103,
2026-07-17,NSE,ICICIBANK,raw_l2/trade_date=2026-07-17/exchange=NSE/symbol=ICICIBANK/part-084527_992118-040782.parquet,real_data_sample\l2_unseen_validation\trade_date=2026-07-17\exchange=NSE\symbol=ICICIBANK\part-084527_992118-040782.parquet,36678,downloaded,36678,
2026-07-17,NSE,ICICIBANK,raw_l2/trade_date=2026-07-17/exchange=NSE/symbol=ICICIBANK/part-091232_019900-044366.parquet,real_data_sample\l2_unseen_validation\trade_date=2026-07-17\exchange=NSE\symbol=ICICIBANK\part-091232_019900-044366.parquet,36396,downloaded,36396,
2026-07-17,NSE,ICICIBANK,raw_l2/trade_date=2026-07-17/exchange=NSE/symbol=ICICIBANK/part-091344_899029-044526.parquet,real_data_sample\l2_unseen_validation\trade_date=2026-07-17\exchange=NSE\symbol=ICICIBANK\part-091344_899029-044526.parquet,35816,downloaded,35816,
2026-07-17,NSE,ICICIBANK,raw_l2/trade_date=2026-07-17/exchange=NSE/symbol=ICICIBANK/part-091511_490677-044718.parquet,real_data_sample\l2_unseen_validation\trade_date=2026-07-17\exchange=NSE\symbol=ICICIBANK\part-091511_490677-044718.parquet,36287,downloaded,36287,
2026-07-17,NSE,ICICIBANK,raw_l2/trade_date=2026-07-17/exchange=NSE/symbol=ICICIBANK/part-091102_962025-044174.parquet,real_data_sample\l2_unseen_validation\trade_date=2026-07-17\exchange=NSE\symbol=ICICIBANK\part-091102_962025-044174.parquet,36386,downloaded,36386,
2026-07-17,NSE,ICICIBANK,raw_l2/trade_date=2026-07-17/exchange=NSE/symbol=ICICIBANK/part-091457_010188-044686.parquet,real_data_sample\l2_unseen_validation\trade_date=2026-07-17\exchange=NSE\symbol=ICICIBANK\part-091457_010188-044686.parquet,36229,downloaded,36229,
2026-07-17,NSE,ICICIBANK,raw_l2/trade_date=2026-07-17/exchange=NSE/symbol=ICICIBANK/part-091442_705273-044654.parquet,real_data_sample\l2_unseen_validation\trade_date=2026-07-17\exchange=NSE\symbol=ICICIBANK\part-091442_705273-044654.parquet,36612,downloaded,36612,
2026-07-17,NSE,ICICIBANK,raw_l2/trade_date=2026-07-17/exchange=NSE/symbol=ICICIBANK/part-091301_326797-044430.parquet,real_data_sample\l2_unseen_validation\trade_date=2026-07-17\exchange=NSE\symbol=ICICIBANK\part-091301_326797-044430.parquet,36473,downloaded,36473,
2026-07-17,NSE,ICICIBANK,raw_l2/trade_date=2026-07-17/exchange=NSE/symbol=ICICIBANK/part-091554_528962-044814.parquet,real_data_sample\l2_unseen_validation\trade_date=2026-07-17\exchange=NSE\symbol=ICICIBANK\part-091554_528962-044814.parquet,36266,downloaded,36266,
2026-07-17,NSE,ICICIBANK,raw_l2/trade_date=2026-07-17/exchange=NSE/symbol=ICICIBANK/part-084819_445093-041166.parquet,real_data_sample\l2_unseen_validation\trade_date=2026-07-17\exchange=NSE\symbol=ICICIBANK\part-084819_445093-041166.parquet,36414,downloaded,36414,
2026-07-17,NSE,ICICIBANK,raw_l2/trade_date=2026-07-17/exchange=NSE/symbol=ICICIBANK/part-091315_984555-044462.parquet,real_data_sample\l2_unseen_validation\trade_date=2026-07-17\exchange=NSE\symbol=ICICIBANK\part-091315_984555-044462.parquet,36407,downloaded,36407,
2026-07-17,NSE,ICICIBANK,raw_l2/trade_date=2026-07-17/exchange=NSE/symbol=ICICIBANK/part-091525_679295-044750.parquet,real_data_sample\l2_unseen_validation\trade_date=2026-07-17\exchange=NSE\symbol=ICICIBANK\part-091525_679295-044750.parquet,36391,downloaded,36391,
2026-07-17,NSE,ICICIBANK,raw_l2/trade_date=2026-07-17/exchange=NSE/symbol=ICICIBANK/part-090736_653009-043726.parquet,real_data_sample\l2_unseen_validation\trade_date=2026-07-17\exchange=NSE\symbol=ICICIBANK\part-090736_653009-043726.parquet,36143,downloaded,36143,
2026-07-17,NSE,ICICIBANK,raw_l2/trade_date=2026-07-17/exchange=NSE/symbol=ICICIBANK/part-091540_018248-044782.parquet,real_data_sample\l2_unseen_validation\trade_date=2026-07-17\exchange=NSE\symbol=ICICIBANK\part-091540_018248-044782.parquet,36112,downloaded,36112,
2026-07-17,NSE,ICICIBANK,raw_l2/trade_date=2026-07-17/exchange=NSE/symbol=ICICIBANK/part-091359_488581-044558.parquet,real_data_sample\l2_unseen_validation\trade_date=2026-07-17\exchange=NSE\symbol=ICICIBANK\part-091359_488581-044558.parquet,35902,downloaded,35902,
2026-07-17,NSE,ICICIBANK,raw_l2/trade_date=2026-07-17/exchange=NSE/symbol=ICICIBANK/part-091413_918650-044590.parquet,real_data_sample\l2_unseen_validation\trade_date=2026-07-17\exchange=NSE\symbol=ICICIBANK\part-091413_918650-044590.parquet,36164,downloaded,36164,
2026-07-17,NSE,ICICIBANK,raw_l2/trade_date=2026-07-17/exchange=NSE/symbol=ICICIBANK/part-091623_782255-044878.parquet,real_data_sample\l2_unseen_validation\trade_date=2026-07-17\exchange=NSE\symbol=ICICIBANK\part-091623_782255-044878.parquet,36576,downloaded,36576,
2026-07-17,NSE,ICICIBANK,raw_l2/trade_date=2026-07-17/exchange=NSE/symbol=ICICIBANK/part-091609_224513-044846.parquet,real_data_sample\l2_unseen_validation\trade_date=2026-07-17\exchange=NSE\symbol=ICICIBANK\part-091609_224513-044846.parquet,36242,downloaded,36242,
2026-07-17,NSE,ICICIBANK,raw_l2/trade_date=2026-07-17/exchange=NSE/symbol=ICICIBANK/part-091803_098969-045102.parquet,real_data_sample\l2_unseen_validation\trade_date=2026-07-17\exchange=NSE\symbol=ICICIBANK\part-091803_098969-045102.parquet,36435,downloaded,36435,
2026-07-17,NSE,ICICIBANK,raw_l2/trade_date=2026-07-17/exchange=NSE/symbol=ICICIBANK/part-084917_502093-041294.parquet,real_data_sample\l2_unseen_validation\trade_date=2026-07-17\exchange=NSE\symbol=ICICIBANK\part-084917_502093-041294.parquet,36770,downloaded,36770,
2026-07-17,NSE,ICICIBANK,raw_l2/trade_date=2026-07-17/exchange=NSE/symbol=ICICIBANK/part-092055_463132-045486.parquet,real_data_sample\l2_unseen_validation\trade_date=2026-07-17\exchange=NSE\symbol=ICICIBANK\part-092055_463132-045486.parquet,36602,downloaded,36602,
2026-07-17,NSE,ICICIBANK,raw_l2/trade_date=2026-07-17/exchange=NSE/symbol=ICICIBANK/part-091929_689165-045294.parquet,real_data_sample\l2_unseen_validation\trade_date=2026-07-17\exchange=NSE\symbol=ICICIBANK\part-091929_689165-045294.parquet,36253,downloaded,36253,
2026-07-17,NSE,ICICIBANK,raw_l2/trade_date=2026-07-17/exchange=NSE/symbol=ICICIBANK/part-084611_167944-040878.parquet,real_data_sample\l2_unseen_validation\trade_date=2026-07-17\exchange=NSE\symbol=ICICIBANK\part-084611_167944-040878.parquet,36665,downloaded,36665,
2026-07-17,NSE,ICICIBANK,raw_l2/trade_date=2026-07-17/exchange=NSE/symbol=ICICIBANK/part-092250_438979-045742.parquet,real_data_sample\l2_unseen_validation\trade_date=2026-07-17\exchange=NSE\symbol=ICICIBANK\part-092250_438979-045742.parquet,36064,downloaded,36064,
2026-07-17,NSE,ICICIBANK,raw_l2/trade_date=2026-07-17/exchange=NSE/symbol=ICICIBANK/part-092041_131482-045454.parquet,real_data_sample\l2_unseen_validation\trade_date=2026-07-17\exchange=NSE\symbol=ICICIBANK\part-092041_131482-045454.parquet,36223,downloaded,36223,
2026-07-17,NSE,ICICIBANK,raw_l2/trade_date=2026-07-17/exchange=NSE/symbol=ICICIBANK/part-092207_411009-045646.parquet,real_data_sample\l2_unseen_validation\trade_date=2026-07-17\exchange=NSE\symbol=ICICIBANK\part-092207_411009-045646.parquet,36488,downloaded,36488,
2026-07-17,NSE,ICICIBANK,raw_l2/trade_date=2026-07-17/exchange=NSE/symbol=ICICIBANK/part-092304_709831-045774.parquet,real_data_sample\l2_unseen_validation\trade_date=2026-07-17\exchange=NSE\symbol=ICICIBANK\part-092304_709831-045774.parquet,36139,downloaded,36139,
2026-07-17,NSE,ICICIBANK,raw_l2/trade_date=2026-07-17/exchange=NSE/symbol=ICICIBANK/part-091637_902723-044910.parquet,real_data_sample\l2_unseen_validation\trade_date=2026-07-17\exchange=NSE\symbol=ICICIBANK\part-091637_902723-044910.parquet,36130,downloaded,36130,
2026-07-17,NSE,ICICIBANK,raw_l2/trade_date=2026-07-17/exchange=NSE/symbol=ICICIBANK/part-092109_907408-045518.parquet,real_data_sample\l2_unseen_validation\trade_date=2026-07-17\exchange=NSE\symbol=ICICIBANK\part-092109_907408-045518.parquet,36624,downloaded,36624,
2026-07-17,NSE,ICICIBANK,raw_l2/trade_date=2026-07-17/exchange=NSE/symbol=ICICIBANK/part-091817_712055-045134.parquet,real_data_sample\l2_unseen_validation\trade_date=2026-07-17\exchange=NSE\symbol=ICICIBANK\part-091817_712055-045134.parquet,36631,downloaded,36631,
2026-07-17,NSE,ICICIBANK,raw_l2/trade_date=2026-07-17/exchange=NSE/symbol=ICICIBANK/part-092138_634715-045582.parquet,real_data_sample\l2_unseen_validation\trade_date=2026-07-17\exchange=NSE\symbol=ICICIBANK\part-092138_634715-045582.parquet,36402,downloaded,36402,
2026-07-17,NSE,ICICIBANK,raw_l2/trade_date=2026-07-17/exchange=NSE/symbol=ICICIBANK/part-092235_996322-045710.parquet,real_data_sample\l2_unseen_validation\trade_date=2026-07-17\exchange=NSE\symbol=ICICIBANK\part-092235_996322-045710.parquet,36512,downloaded,36512,
2026-07-17,NSE,ICICIBANK,raw_l2/trade_date=2026-07-17/exchange=NSE/symbol=ICICIBANK/part-091652_130230-044942.parquet,real_data_sample\l2_unseen_validation\trade_date=2026-07-17\exchange=NSE\symbol=ICICIBANK\part-091652_130230-044942.parquet,36178,downloaded,36178,
2026-07-17,NSE,ICICIBANK,raw_l2/trade_date=2026-07-17/exchange=NSE/symbol=ICICIBANK/part-091748_876311-045070.parquet,real_data_sample\l2_unseen_validation\trade_date=2026-07-17\exchange=NSE\symbol=ICICIBANK\part-091748_876311-045070.parquet,36413,downloaded,36413,
2026-07-17,NSE,ICICIBANK,raw_l2/trade_date=2026-07-17/exchange=NSE/symbol=ICICIBANK/part-092026_927154-045422.parquet,real_data_sample\l2_unseen_validation\trade_date=2026-07-17\exchange=NSE\symbol=ICICIBANK\part-092026_927154-045422.parquet,36832,downloaded,36832,
2026-07-17,NSE,ICICIBANK,raw_l2/trade_date=2026-07-17/exchange=NSE/symbol=ICICIBANK/part-091832_035397-045166.parquet,real_data_sample\l2_unseen_validation\trade_date=2026-07-17\exchange=NSE\symbol=ICICIBANK\part-091832_035397-045166.parquet,36395,downloaded,36395,
2026-07-17,NSE,ICICIBANK,raw_l2/trade_date=2026-07-17/exchange=NSE/symbol=ICICIBANK/part-092012_569779-045390.parquet,real_data_sample\l2_unseen_validation\trade_date=2026-07-17\exchange=NSE\symbol=ICICIBANK\part-092012_569779-045390.parquet,35854,downloaded,35854,
2026-07-17,NSE,ICICIBANK,raw_l2/trade_date=2026-07-17/exchange=NSE/symbol=ICICIBANK/part-092221_685682-045678.parquet,real_data_sample\l2_unseen_validation\trade_date=2026-07-17\exchange=NSE\symbol=ICICIBANK\part-092221_685682-045678.parquet,36332,downloaded,36332,
2026-07-17,NSE,ICICIBANK,raw_l2/trade_date=2026-07-17/exchange=NSE/symbol=ICICIBANK/part-091706_414176-044974.parquet,real_data_sample\l2_unseen_validation\trade_date=2026-07-17\exchange=NSE\symbol=ICICIBANK\part-091706_414176-044974.parquet,36249,downloaded,36249,
2026-07-17,NSE,ICICIBANK,raw_l2/trade_date=2026-07-17/exchange=NSE/symbol=ICICIBANK/part-091734_759710-045038.parquet,real_data_sample\l2_unseen_validation\trade_date=2026-07-17\exchange=NSE\symbol=ICICIBANK\part-091734_759710-045038.parquet,35934,downloaded,35934,
2026-07-17,NSE,ICICIBANK,raw_l2/trade_date=2026-07-17/exchange=NSE/symbol=ICICIBANK/part-092153_215775-045614.parquet,real_data_sample\l2_unseen_validation\trade_date=2026-07-17\exchange=NSE\symbol=ICICIBANK\part-092153_215775-045614.parquet,36362,downloaded,36362,
2026-07-17,NSE,ICICIBANK,raw_l2/trade_date=2026-07-17/exchange=NSE/symbol=ICICIBANK/part-091944_012408-045326.parquet,real_data_sample\l2_unseen_validation\trade_date=2026-07-17\exchange=NSE\symbol=ICICIBANK\part-091944_012408-045326.parquet,36409,downloaded,36409,
2026-07-17,NSE,ICICIBANK,raw_l2/trade_date=2026-07-17/exchange=NSE/symbol=ICICIBANK/part-091958_164375-045358.parquet,real_data_sample\l2_unseen_validation\trade_date=2026-07-17\exchange=NSE\symbol=ICICIBANK\part-091958_164375-045358.parquet,36216,downloaded,36216,
2026-07-17,NSE,ICICIBANK,raw_l2/trade_date=2026-07-17/exchange=NSE/symbol=ICICIBANK/part-092319_441907-045806.parquet,real_data_sample\l2_unseen_validation\trade_date=2026-07-17\exchange=NSE\symbol=ICICIBANK\part-092319_441907-045806.parquet,36410,downloaded,36410,
2026-07-17,NSE,ICICIBANK,raw_l2/trade_date=2026-07-17/exchange=NSE/symbol=ICICIBANK/part-090707_997867-043662.parquet,real_data_sample\l2_unseen_validation\trade_date=2026-07-17\exchange=NSE\symbol=ICICIBANK\part-090707_997867-043662.parquet,35871,downloaded,35871,
2026-07-17,NSE,ICICIBANK,raw_l2/trade_date=2026-07-17/exchange=NSE/symbol=ICICIBANK/part-092334_134095-045838.parquet,real_data_sample\l2_unseen_validation\trade_date=2026-07-17\exchange=NSE\symbol=ICICIBANK\part-092334_134095-045838.parquet,36699,downloaded,36699,
2026-07-17,NSE,ICICIBANK,raw_l2/trade_date=2026-07-17/exchange=NSE/symbol=ICICIBANK/part-092712_462150-046318.parquet,real_data_sample\l2_unseen_validation\trade_date=2026-07-17\exchange=NSE\symbol=ICICIBANK\part-092712_462150-046318.parquet,35730,downloaded,35730,
2026-07-17,NSE,ICICIBANK,raw_l2/trade_date=2026-07-17/exchange=NSE/symbol=ICICIBANK/part-092614_209396-046190.parquet,real_data_sample\l2_unseen_validation\trade_date=2026-07-17\exchange=NSE\symbol=ICICIBANK\part-092614_209396-046190.parquet,35993,downloaded,35993,
2026-07-17,NSE,ICICIBANK,raw_l2/trade_date=2026-07-17/exchange=NSE/symbol=ICICIBANK/part-091900_819034-045230.parquet,real_data_sample\l2_unseen_validation\trade_date=2026-07-17\exchange=NSE\symbol=ICICIBANK\part-091900_819034-045230.parquet,36330,downloaded,36330,
2026-07-17,NSE,ICICIBANK,raw_l2/trade_date=2026-07-17/exchange=NSE/symbol=ICICIBANK/part-092824_487126-046478.parquet,real_data_sample\l2_unseen_validation\trade_date=2026-07-17\exchange=NSE\symbol=ICICIBANK\part-092824_487126-046478.parquet,36631,downloaded,36631,
2026-07-17,NSE,ICICIBANK,raw_l2/trade_date=2026-07-17/exchange=NSE/symbol=ICICIBANK/part-092628_744312-046222.parquet,real_data_sample\l2_unseen_validation\trade_date=2026-07-17\exchange=NSE\symbol=ICICIBANK\part-092628_744312-046222.parquet,36105,downloaded,36105,
2026-07-17,NSE,ICICIBANK,raw_l2/trade_date=2026-07-17/exchange=NSE/symbol=ICICIBANK/part-092544_786419-046126.parquet,real_data_sample\l2_unseen_validation\trade_date=2026-07-17\exchange=NSE\symbol=ICICIBANK\part-092544_786419-046126.parquet,36192,downloaded,36192,
2026-07-17,NSE,ICICIBANK,raw_l2/trade_date=2026-07-17/exchange=NSE/symbol=ICICIBANK/part-092417_494771-045934.parquet,real_data_sample\l2_unseen_validation\trade_date=2026-07-17\exchange=NSE\symbol=ICICIBANK\part-092417_494771-045934.parquet,36511,downloaded,36511,
2026-07-17,NSE,ICICIBANK,raw_l2/trade_date=2026-07-17/exchange=NSE/symbol=ICICIBANK/part-092922_767769-046606.parquet,real_data_sample\l2_unseen_validation\trade_date=2026-07-17\exchange=NSE\symbol=ICICIBANK\part-092922_767769-046606.parquet,36279,downloaded,36279,
2026-07-17,NSE,ICICIBANK,raw_l2/trade_date=2026-07-17/exchange=NSE/symbol=ICICIBANK/part-092643_910544-046254.parquet,real_data_sample\l2_unseen_validation\trade_date=2026-07-17\exchange=NSE\symbol=ICICIBANK\part-092643_910544-046254.parquet,36113,downloaded,36113,
2026-07-17,NSE,ICICIBANK,raw_l2/trade_date=2026-07-17/exchange=NSE/symbol=ICICIBANK/part-092530_190042-046094.parquet,real_data_sample\l2_unseen_validation\trade_date=2026-07-17\exchange=NSE\symbol=ICICIBANK\part-092530_190042-046094.parquet,36479,downloaded,36479,
2026-07-17,NSE,ICICIBANK,raw_l2/trade_date=2026-07-17/exchange=NSE/symbol=ICICIBANK/part-092741_268400-046382.parquet,real_data_sample\l2_unseen_validation\trade_date=2026-07-17\exchange=NSE\symbol=ICICIBANK\part-092741_268400-046382.parquet,36745,downloaded,36745,
2026-07-17,NSE,ICICIBANK,raw_l2/trade_date=2026-07-17/exchange=NSE/symbol=ICICIBANK/part-092839_035726-046510.parquet,real_data_sample\l2_unseen_validation\trade_date=2026-07-17\exchange=NSE\symbol=ICICIBANK\part-092839_035726-046510.parquet,36193,downloaded,36193,
2026-07-17,NSE,ICICIBANK,raw_l2/trade_date=2026-07-17/exchange=NSE/symbol=ICICIBANK/part-092755_722846-046414.parquet,real_data_sample\l2_unseen_validation\trade_date=2026-07-17\exchange=NSE\symbol=ICICIBANK\part-092755_722846-046414.parquet,36336,downloaded,36336,
2026-07-17,NSE,ICICIBANK,raw_l2/trade_date=2026-07-17/exchange=NSE/symbol=ICICIBANK/part-092402_799470-045902.parquet,real_data_sample\l2_unseen_validation\trade_date=2026-07-17\exchange=NSE\symbol=ICICIBANK\part-092402_799470-045902.parquet,36564,downloaded,36564,
2026-07-17,NSE,ICICIBANK,raw_l2/trade_date=2026-07-17/exchange=NSE/symbol=ICICIBANK/part-092658_126485-046286.parquet,real_data_sample\l2_unseen_validation\trade_date=2026-07-17\exchange=NSE\symbol=ICICIBANK\part-092658_126485-046286.parquet,35925,downloaded,35925,
2026-07-17,NSE,ICICIBANK,raw_l2/trade_date=2026-07-17/exchange=NSE/symbol=ICICIBANK/part-092500_964848-046030.parquet,real_data_sample\l2_unseen_validation\trade_date=2026-07-17\exchange=NSE\symbol=ICICIBANK\part-092500_964848-046030.parquet,36395,downloaded,36395,
2026-07-17,NSE,ICICIBANK,raw_l2/trade_date=2026-07-17/exchange=NSE/symbol=ICICIBANK/part-092446_366976-045998.parquet,real_data_sample\l2_unseen_validation\trade_date=2026-07-17\exchange=NSE\symbol=ICICIBANK\part-092446_366976-045998.parquet,36099,downloaded,36099,
2026-07-17,NSE,ICICIBANK,raw_l2/trade_date=2026-07-17/exchange=NSE/symbol=ICICIBANK/part-092810_044322-046446.parquet,real_data_sample\l2_unseen_validation\trade_date=2026-07-17\exchange=NSE\symbol=ICICIBANK\part-092810_044322-046446.parquet,36051,downloaded,36051,
2026-07-17,NSE,ICICIBANK,raw_l2/trade_date=2026-07-17/exchange=NSE/symbol=ICICIBANK/part-092853_417387-046542.parquet,real_data_sample\l2_unseen_validation\trade_date=2026-07-17\exchange=NSE\symbol=ICICIBANK\part-092853_417387-046542.parquet,36168,downloaded,36168,
2026-07-17,NSE,ICICIBANK,raw_l2/trade_date=2026-07-17/exchange=NSE/symbol=ICICIBANK/part-092559_485781-046158.parquet,real_data_sample\l2_unseen_validation\trade_date=2026-07-17\exchange=NSE\symbol=ICICIBANK\part-092559_485781-046158.parquet,36756,downloaded,36756,
2026-07-17,NSE,ICICIBANK,raw_l2/trade_date=2026-07-17/exchange=NSE/symbol=ICICIBANK/part-092937_242539-046638.parquet,real_data_sample\l2_unseen_validation\trade_date=2026-07-17\exchange=NSE\symbol=ICICIBANK\part-092937_242539-046638.parquet,36341,downloaded,36341,
2026-07-17,NSE,ICICIBANK,raw_l2/trade_date=2026-07-17/exchange=NSE/symbol=ICICIBANK/part-092515_709191-046062.parquet,real_data_sample\l2_unseen_validation\trade_date=2026-07-17\exchange=NSE\symbol=ICICIBANK\part-092515_709191-046062.parquet,36486,downloaded,36486,
2026-07-17,NSE,ICICIBANK,raw_l2/trade_date=2026-07-17/exchange=NSE/symbol=ICICIBANK/part-092726_746476-046350.parquet,real_data_sample\l2_unseen_validation\trade_date=2026-07-17\exchange=NSE\symbol=ICICIBANK\part-092726_746476-046350.parquet,36565,downloaded,36565,
2026-07-17,NSE,ICICIBANK,raw_l2/trade_date=2026-07-17/exchange=NSE/symbol=ICICIBANK/part-092908_077349-046574.parquet,real_data_sample\l2_unseen_validation\trade_date=2026-07-17\exchange=NSE\symbol=ICICIBANK\part-092908_077349-046574.parquet,36110,downloaded,36110,
2026-07-17,NSE,ICICIBANK,raw_l2/trade_date=2026-07-17/exchange=NSE/symbol=ICICIBANK/part-091720_580583-045006.parquet,real_data_sample\l2_unseen_validation\trade_date=2026-07-17\exchange=NSE\symbol=ICICIBANK\part-091720_580583-045006.parquet,36109,downloaded,36109,
2026-07-17,NSE,ICICIBANK,raw_l2/trade_date=2026-07-17/exchange=NSE/symbol=ICICIBANK/part-091846_454895-045198.parquet,real_data_sample\l2_unseen_validation\trade_date=2026-07-17\exchange=NSE\symbol=ICICIBANK\part-091846_454895-045198.parquet,35967,downloaded,35967,
2026-07-17,NSE,ICICIBANK,raw_l2/trade_date=2026-07-17/exchange=NSE/symbol=ICICIBANK/part-091915_488417-045262.parquet,real_data_sample\l2_unseen_validation\trade_date=2026-07-17\exchange=NSE\symbol=ICICIBANK\part-091915_488417-045262.parquet,36789,downloaded,36789,
2026-07-17,NSE,ICICIBANK,raw_l2/trade_date=2026-07-17/exchange=NSE/symbol=ICICIBANK/part-093035_905016-046766.parquet,real_data_sample\l2_unseen_validation\trade_date=2026-07-17\exchange=NSE\symbol=ICICIBANK\part-093035_905016-046766.parquet,36205,downloaded,36205,
2026-07-17,NSE,ICICIBANK,raw_l2/trade_date=2026-07-17/exchange=NSE/symbol=ICICIBANK/part-093006_629203-046702.parquet,real_data_sample\l2_unseen_validation\trade_date=2026-07-17\exchange=NSE\symbol=ICICIBANK\part-093006_629203-046702.parquet,36418,downloaded,36418,
2026-07-17,NSE,ICICIBANK,raw_l2/trade_date=2026-07-17/exchange=NSE/symbol=ICICIBANK/part-093021_356908-046734.parquet,real_data_sample\l2_unseen_validation\trade_date=2026-07-17\exchange=NSE\symbol=ICICIBANK\part-093021_356908-046734.parquet,36430,downloaded,36430,
2026-07-17,NSE,ICICIBANK,raw_l2/trade_date=2026-07-17/exchange=NSE/symbol=ICICIBANK/part-093132_957899-046894.parquet,real_data_sample\l2_unseen_validation\trade_date=2026-07-17\exchange=NSE\symbol=ICICIBANK\part-093132_957899-046894.parquet,36015,downloaded,36015,
2026-07-17,NSE,ICICIBANK,raw_l2/trade_date=2026-07-17/exchange=NSE/symbol=ICICIBANK/part-093201_906815-046958.parquet,real_data_sample\l2_unseen_validation\trade_date=2026-07-17\exchange=NSE\symbol=ICICIBANK\part-093201_906815-046958.parquet,36342,downloaded,36342,
2026-07-17,NSE,ICICIBANK,raw_l2/trade_date=2026-07-17/exchange=NSE/symbol=ICICIBANK/part-092124_210803-045550.parquet,real_data_sample\l2_unseen_validation\trade_date=2026-07-17\exchange=NSE\symbol=ICICIBANK\part-092124_210803-045550.parquet,36635,downloaded,36635,
2026-07-17,NSE,ICICIBANK,raw_l2/trade_date=2026-07-17/exchange=NSE/symbol=ICICIBANK/part-092348_452320-045870.parquet,real_data_sample\l2_unseen_validation\trade_date=2026-07-17\exchange=NSE\symbol=ICICIBANK\part-092348_452320-045870.parquet,36253,downloaded,36253,
2026-07-17,NSE,ICICIBANK,raw_l2/trade_date=2026-07-17/exchange=NSE/symbol=ICICIBANK/part-092432_169486-045966.parquet,real_data_sample\l2_unseen_validation\trade_date=2026-07-17\exchange=NSE\symbol=ICICIBANK\part-092432_169486-045966.parquet,36445,downloaded,36445,
2026-07-17,NSE,ICICIBANK,raw_l2/trade_date=2026-07-17/exchange=NSE/symbol=ICICIBANK/part-093147_378861-046926.parquet,real_data_sample\l2_unseen_validation\trade_date=2026-07-17\exchange=NSE\symbol=ICICIBANK\part-093147_378861-046926.parquet,36135,downloaded,36135,
2026-07-17,NSE,ICICIBANK,raw_l2/trade_date=2026-07-17/exchange=NSE/symbol=ICICIBANK/part-093451_382752-047342.parquet,real_data_sample\l2_unseen_validation\trade_date=2026-07-17\exchange=NSE\symbol=ICICIBANK\part-093451_382752-047342.parquet,36124,downloaded,36124,
2026-07-17,NSE,ICICIBANK,raw_l2/trade_date=2026-07-17/exchange=NSE/symbol=ICICIBANK/part-093326_849218-047150.parquet,real_data_sample\l2_unseen_validation\trade_date=2026-07-17\exchange=NSE\symbol=ICICIBANK\part-093326_849218-047150.parquet,36043,downloaded,36043,
2026-07-17,NSE,ICICIBANK,raw_l2/trade_date=2026-07-17/exchange=NSE/symbol=ICICIBANK/part-093104_341552-046830.parquet,real_data_sample\l2_unseen_validation\trade_date=2026-07-17\exchange=NSE\symbol=ICICIBANK\part-093104_341552-046830.parquet,36339,downloaded,36339,
2026-07-17,NSE,ICICIBANK,raw_l2/trade_date=2026-07-17/exchange=NSE/symbol=ICICIBANK/part-093118_860843-046862.parquet,real_data_sample\l2_unseen_validation\trade_date=2026-07-17\exchange=NSE\symbol=ICICIBANK\part-093118_860843-046862.parquet,36651,downloaded,36651,
2026-07-17,NSE,ICICIBANK,raw_l2/trade_date=2026-07-17/exchange=NSE/symbol=ICICIBANK/part-093548_673429-047470.parquet,real_data_sample\l2_unseen_validation\trade_date=2026-07-17\exchange=NSE\symbol=ICICIBANK\part-093548_673429-047470.parquet,35916,downloaded,35916,
2026-07-17,NSE,ICICIBANK,raw_l2/trade_date=2026-07-17/exchange=NSE/symbol=ICICIBANK/part-093340_884382-047182.parquet,real_data_sample\l2_unseen_validation\trade_date=2026-07-17\exchange=NSE\symbol=ICICIBANK\part-093340_884382-047182.parquet,35938,downloaded,35938,
2026-07-17,NSE,ICICIBANK,raw_l2/trade_date=2026-07-17/exchange=NSE/symbol=ICICIBANK/part-093534_456487-047438.parquet,real_data_sample\l2_unseen_validation\trade_date=2026-07-17\exchange=NSE\symbol=ICICIBANK\part-093534_456487-047438.parquet,36204,downloaded,36204,
2026-07-17,NSE,ICICIBANK,raw_l2/trade_date=2026-07-17/exchange=NSE/symbol=ICICIBANK/part-093409_047576-047246.parquet,real_data_sample\l2_unseen_validation\trade_date=2026-07-17\exchange=NSE\symbol=ICICIBANK\part-093409_047576-047246.parquet,36123,downloaded,36123,
2026-07-17,NSE,ICICIBANK,raw_l2/trade_date=2026-07-17/exchange=NSE/symbol=ICICIBANK/part-093520_148308-047406.parquet,real_data_sample\l2_unseen_validation\trade_date=2026-07-17\exchange=NSE\symbol=ICICIBANK\part-093520_148308-047406.parquet,35673,downloaded,35673,
2026-07-17,NSE,ICICIBANK,raw_l2/trade_date=2026-07-17/exchange=NSE/symbol=ICICIBANK/part-093437_146480-047310.parquet,real_data_sample\l2_unseen_validation\trade_date=2026-07-17\exchange=NSE\symbol=ICICIBANK\part-093437_146480-047310.parquet,36337,downloaded,36337,
2026-07-17,NSE,ICICIBANK,raw_l2/trade_date=2026-07-17/exchange=NSE/symbol=ICICIBANK/part-093505_679668-047374.parquet,real_data_sample\l2_unseen_validation\trade_date=2026-07-17\exchange=NSE\symbol=ICICIBANK\part-093505_679668-047374.parquet,36179,downloaded,36179,
2026-07-17,NSE,ICICIBANK,raw_l2/trade_date=2026-07-17/exchange=NSE/symbol=ICICIBANK/part-093355_030465-047214.parquet,real_data_sample\l2_unseen_validation\trade_date=2026-07-17\exchange=NSE\symbol=ICICIBANK\part-093355_030465-047214.parquet,36115,downloaded,36115,
2026-07-17,NSE,ICICIBANK,raw_l2/trade_date=2026-07-17/exchange=NSE/symbol=ICICIBANK/part-093423_099831-047278.parquet,real_data_sample\l2_unseen_validation\trade_date=2026-07-17\exchange=NSE\symbol=ICICIBANK\part-093423_099831-047278.parquet,35922,downloaded,35922,
2026-07-17,NSE,ICICIBANK,raw_l2/trade_date=2026-07-17/exchange=NSE/symbol=ICICIBANK/part-093215_796297-046990.parquet,real_data_sample\l2_unseen_validation\trade_date=2026-07-17\exchange=NSE\symbol=ICICIBANK\part-093215_796297-046990.parquet,36067,downloaded,36067,
2026-07-17,NSE,ICICIBANK,raw_l2/trade_date=2026-07-17/exchange=NSE/symbol=ICICIBANK/part-093244_280531-047054.parquet,real_data_sample\l2_unseen_validation\trade_date=2026-07-17\exchange=NSE\symbol=ICICIBANK\part-093244_280531-047054.parquet,35811,downloaded,35811,
2026-07-17,NSE,ICICIBANK,raw_l2/trade_date=2026-07-17/exchange=NSE/symbol=ICICIBANK/part-093312_563233-047118.parquet,real_data_sample\l2_unseen_validation\trade_date=2026-07-17\exchange=NSE\symbol=ICICIBANK\part-093312_563233-047118.parquet,36043,downloaded,36043,
2026-07-17,NSE,ICICIBANK,raw_l2/trade_date=2026-07-17/exchange=NSE/symbol=ICICIBANK/part-093258_324481-047086.parquet,real_data_sample\l2_unseen_validation\trade_date=2026-07-17\exchange=NSE\symbol=ICICIBANK\part-093258_324481-047086.parquet,36039,downloaded,36039,
2026-07-17,NSE,ICICIBANK,raw_l2/trade_date=2026-07-17/exchange=NSE/symbol=ICICIBANK/part-093229_827981-047022.parquet,real_data_sample\l2_unseen_validation\trade_date=2026-07-17\exchange=NSE\symbol=ICICIBANK\part-093229_827981-047022.parquet,35863,downloaded,35863,
2026-07-17,NSE,ICICIBANK,raw_l2/trade_date=2026-07-17/exchange=NSE/symbol=ICICIBANK/part-093603_166143-047502.parquet,real_data_sample\l2_unseen_validation\trade_date=2026-07-17\exchange=NSE\symbol=ICICIBANK\part-093603_166143-047502.parquet,35594,downloaded,35594,
2026-07-17,NSE,ICICIBANK,raw_l2/trade_date=2026-07-17/exchange=NSE/symbol=ICICIBANK/part-093714_114061-047662.parquet,real_data_sample\l2_unseen_validation\trade_date=2026-07-17\exchange=NSE\symbol=ICICIBANK\part-093714_114061-047662.parquet,35641,downloaded,35641,
2026-07-17,NSE,ICICIBANK,raw_l2/trade_date=2026-07-17/exchange=NSE/symbol=ICICIBANK/part-093631_864038-047566.parquet,real_data_sample\l2_unseen_validation\trade_date=2026-07-17\exchange=NSE\symbol=ICICIBANK\part-093631_864038-047566.parquet,35907,downloaded,35907,
2026-07-17,NSE,ICICIBANK,raw_l2/trade_date=2026-07-17/exchange=NSE/symbol=ICICIBANK/part-093727_987783-047694.parquet,real_data_sample\l2_unseen_validation\trade_date=2026-07-17\exchange=NSE\symbol=ICICIBANK\part-093727_987783-047694.parquet,36143,downloaded,36143,
2026-07-17,NSE,ICICIBANK,raw_l2/trade_date=2026-07-17/exchange=NSE/symbol=ICICIBANK/part-093646_029838-047598.parquet,real_data_sample\l2_unseen_validation\trade_date=2026-07-17\exchange=NSE\symbol=ICICIBANK\part-093646_029838-047598.parquet,36409,downloaded,36409,
2026-07-17,NSE,ICICIBANK,raw_l2/trade_date=2026-07-17/exchange=NSE/symbol=ICICIBANK/part-093742_008977-047726.parquet,real_data_sample\l2_unseen_validation\trade_date=2026-07-17\exchange=NSE\symbol=ICICIBANK\part-093742_008977-047726.parquet,35965,downloaded,35965,
2026-07-17,NSE,ICICIBANK,raw_l2/trade_date=2026-07-17/exchange=NSE/symbol=ICICIBANK/part-093700_037923-047630.parquet,real_data_sample\l2_unseen_validation\trade_date=2026-07-17\exchange=NSE\symbol=ICICIBANK\part-093700_037923-047630.parquet,36119,downloaded,36119,
2026-07-17,NSE,ICICIBANK,raw_l2/trade_date=2026-07-17/exchange=NSE/symbol=ICICIBANK/part-093617_632162-047534.parquet,real_data_sample\l2_unseen_validation\trade_date=2026-07-17\exchange=NSE\symbol=ICICIBANK\part-093617_632162-047534.parquet,35814,downloaded,35814,
2026-07-17,NSE,ICICIBANK,raw_l2/trade_date=2026-07-17/exchange=NSE/symbol=ICICIBANK/part-093907_238146-047918.parquet,real_data_sample\l2_unseen_validation\trade_date=2026-07-17\exchange=NSE\symbol=ICICIBANK\part-093907_238146-047918.parquet,36217,downloaded,36217,
2026-07-17,NSE,ICICIBANK,raw_l2/trade_date=2026-07-17/exchange=NSE/symbol=ICICIBANK/part-093936_110934-047982.parquet,real_data_sample\l2_unseen_validation\trade_date=2026-07-17\exchange=NSE\symbol=ICICIBANK\part-093936_110934-047982.parquet,36278,downloaded,36278,
2026-07-17,NSE,ICICIBANK,raw_l2/trade_date=2026-07-17/exchange=NSE/symbol=ICICIBANK/part-093852_805527-047886.parquet,real_data_sample\l2_unseen_validation\trade_date=2026-07-17\exchange=NSE\symbol=ICICIBANK\part-093852_805527-047886.parquet,36147,downloaded,36147,
2026-07-17,NSE,ICICIBANK,raw_l2/trade_date=2026-07-17/exchange=NSE/symbol=ICICIBANK/part-093050_242746-046798.parquet,real_data_sample\l2_unseen_validation\trade_date=2026-07-17\exchange=NSE\symbol=ICICIBANK\part-093050_242746-046798.parquet,36086,downloaded,36086,
2026-07-17,NSE,ICICIBANK,raw_l2/trade_date=2026-07-17/exchange=NSE/symbol=ICICIBANK/part-093838_634876-047854.parquet,real_data_sample\l2_unseen_validation\trade_date=2026-07-17\exchange=NSE\symbol=ICICIBANK\part-093838_634876-047854.parquet,36042,downloaded,36042,
2026-07-17,NSE,ICICIBANK,raw_l2/trade_date=2026-07-17/exchange=NSE/symbol=ICICIBANK/part-094242_871331-048398.parquet,real_data_sample\l2_unseen_validation\trade_date=2026-07-17\exchange=NSE\symbol=ICICIBANK\part-094242_871331-048398.parquet,36484,downloaded,36484,
2026-07-17,NSE,ICICIBANK,raw_l2/trade_date=2026-07-17/exchange=NSE/symbol=ICICIBANK/part-094033_449214-048110.parquet,real_data_sample\l2_unseen_validation\trade_date=2026-07-17\exchange=NSE\symbol=ICICIBANK\part-094033_449214-048110.parquet,36099,downloaded,36099,
2026-07-17,NSE,ICICIBANK,raw_l2/trade_date=2026-07-17/exchange=NSE/symbol=ICICIBANK/part-094214_149997-048334.parquet,real_data_sample\l2_unseen_validation\trade_date=2026-07-17\exchange=NSE\symbol=ICICIBANK\part-094214_149997-048334.parquet,35792,downloaded,35792,
2026-07-17,NSE,ICICIBANK,raw_l2/trade_date=2026-07-17/exchange=NSE/symbol=ICICIBANK/part-094047_669209-048142.parquet,real_data_sample\l2_unseen_validation\trade_date=2026-07-17\exchange=NSE\symbol=ICICIBANK\part-094047_669209-048142.parquet,35788,downloaded,35788,
2026-07-17,NSE,ICICIBANK,raw_l2/trade_date=2026-07-17/exchange=NSE/symbol=ICICIBANK/part-093810_265122-047790.parquet,real_data_sample\l2_unseen_validation\trade_date=2026-07-17\exchange=NSE\symbol=ICICIBANK\part-093810_265122-047790.parquet,36401,downloaded,36401,
2026-07-17,NSE,ICICIBANK,raw_l2/trade_date=2026-07-17/exchange=NSE/symbol=ICICIBANK/part-094159_751704-048302.parquet,real_data_sample\l2_unseen_validation\trade_date=2026-07-17\exchange=NSE\symbol=ICICIBANK\part-094159_751704-048302.parquet,35785,downloaded,35785,
2026-07-17,NSE,ICICIBANK,raw_l2/trade_date=2026-07-17/exchange=NSE/symbol=ICICIBANK/part-094130_843450-048238.parquet,real_data_sample\l2_unseen_validation\trade_date=2026-07-17\exchange=NSE\symbol=ICICIBANK\part-094130_843450-048238.parquet,36302,downloaded,36302,
2026-07-17,NSE,ICICIBANK,raw_l2/trade_date=2026-07-17/exchange=NSE/symbol=ICICIBANK/part-094004_809692-048046.parquet,real_data_sample\l2_unseen_validation\trade_date=2026-07-17\exchange=NSE\symbol=ICICIBANK\part-094004_809692-048046.parquet,35464,downloaded,35464,
2026-07-17,NSE,ICICIBANK,raw_l2/trade_date=2026-07-17/exchange=NSE/symbol=ICICIBANK/part-093921_730532-047950.parquet,real_data_sample\l2_unseen_validation\trade_date=2026-07-17\exchange=NSE\symbol=ICICIBANK\part-093921_730532-047950.parquet,35870,downloaded,35870,
2026-07-17,NSE,ICICIBANK,raw_l2/trade_date=2026-07-17/exchange=NSE/symbol=ICICIBANK/part-094228_574298-048366.parquet,real_data_sample\l2_unseen_validation\trade_date=2026-07-17\exchange=NSE\symbol=ICICIBANK\part-094228_574298-048366.parquet,35896,downloaded,35896,
2026-07-17,NSE,ICICIBANK,raw_l2/trade_date=2026-07-17/exchange=NSE/symbol=ICICIBANK/part-093950_505803-048014.parquet,real_data_sample\l2_unseen_validation\trade_date=2026-07-17\exchange=NSE\symbol=ICICIBANK\part-093950_505803-048014.parquet,35971,downloaded,35971,
2026-07-17,NSE,ICICIBANK,raw_l2/trade_date=2026-07-17/exchange=NSE/symbol=ICICIBANK/part-094019_063749-048078.parquet,real_data_sample\l2_unseen_validation\trade_date=2026-07-17\exchange=NSE\symbol=ICICIBANK\part-094019_063749-048078.parquet,36230,downloaded,36230,
2026-07-17,NSE,ICICIBANK,raw_l2/trade_date=2026-07-17/exchange=NSE/symbol=ICICIBANK/part-094311_114663-048462.parquet,real_data_sample\l2_unseen_validation\trade_date=2026-07-17\exchange=NSE\symbol=ICICIBANK\part-094311_114663-048462.parquet,36048,downloaded,36048,
2026-07-17,NSE,ICICIBANK,raw_l2/trade_date=2026-07-17/exchange=NSE/symbol=ICICIBANK/part-094257_096654-048430.parquet,real_data_sample\l2_unseen_validation\trade_date=2026-07-17\exchange=NSE\symbol=ICICIBANK\part-094257_096654-048430.parquet,36289,downloaded,36289,
2026-07-17,NSE,ICICIBANK,raw_l2/trade_date=2026-07-17/exchange=NSE/symbol=ICICIBANK/part-094102_066006-048174.parquet,real_data_sample\l2_unseen_validation\trade_date=2026-07-17\exchange=NSE\symbol=ICICIBANK\part-094102_066006-048174.parquet,36092,downloaded,36092,
2026-07-17,NSE,ICICIBANK,raw_l2/trade_date=2026-07-17/exchange=NSE/symbol=ICICIBANK/part-094116_468056-048206.parquet,real_data_sample\l2_unseen_validation\trade_date=2026-07-17\exchange=NSE\symbol=ICICIBANK\part-094116_468056-048206.parquet,36114,downloaded,36114,
2026-07-17,NSE,ICICIBANK,raw_l2/trade_date=2026-07-17/exchange=NSE/symbol=ICICIBANK/part-094145_366183-048270.parquet,real_data_sample\l2_unseen_validation\trade_date=2026-07-17\exchange=NSE\symbol=ICICIBANK\part-094145_366183-048270.parquet,36150,downloaded,36150,
2026-07-17,NSE,ICICIBANK,raw_l2/trade_date=2026-07-17/exchange=NSE/symbol=ICICIBANK/part-094437_298381-048654.parquet,real_data_sample\l2_unseen_validation\trade_date=2026-07-17\exchange=NSE\symbol=ICICIBANK\part-094437_298381-048654.parquet,35792,downloaded,35792,
2026-07-17,NSE,ICICIBANK,raw_l2/trade_date=2026-07-17/exchange=NSE/symbol=ICICIBANK/part-094354_242856-048558.parquet,real_data_sample\l2_unseen_validation\trade_date=2026-07-17\exchange=NSE\symbol=ICICIBANK\part-094354_242856-048558.parquet,36310,downloaded,36310,
2026-07-17,NSE,ICICIBANK,raw_l2/trade_date=2026-07-17/exchange=NSE/symbol=ICICIBANK/part-094325_459274-048494.parquet,real_data_sample\l2_unseen_validation\trade_date=2026-07-17\exchange=NSE\symbol=ICICIBANK\part-094325_459274-048494.parquet,36369,downloaded,36369,
2026-07-17,NSE,ICICIBANK,raw_l2/trade_date=2026-07-17/exchange=NSE/symbol=ICICIBANK/part-094408_680375-048590.parquet,real_data_sample\l2_unseen_validation\trade_date=2026-07-17\exchange=NSE\symbol=ICICIBANK\part-094408_680375-048590.parquet,36031,downloaded,36031,
2026-07-17,NSE,ICICIBANK,raw_l2/trade_date=2026-07-17/exchange=NSE/symbol=ICICIBANK/part-094422_907322-048622.parquet,real_data_sample\l2_unseen_validation\trade_date=2026-07-17\exchange=NSE\symbol=ICICIBANK\part-094422_907322-048622.parquet,35626,downloaded,35626,
2026-07-17,NSE,ICICIBANK,raw_l2/trade_date=2026-07-17/exchange=NSE/symbol=ICICIBANK/part-094339_668889-048526.parquet,real_data_sample\l2_unseen_validation\trade_date=2026-07-17\exchange=NSE\symbol=ICICIBANK\part-094339_668889-048526.parquet,36424,downloaded,36424,
2026-07-17,NSE,ICICIBANK,raw_l2/trade_date=2026-07-17/exchange=NSE/symbol=ICICIBANK/part-094451_630995-048686.parquet,real_data_sample\l2_unseen_validation\trade_date=2026-07-17\exchange=NSE\symbol=ICICIBANK\part-094451_630995-048686.parquet,36245,downloaded,36245,
2026-07-17,NSE,ICICIBANK,raw_l2/trade_date=2026-07-17/exchange=NSE/symbol=ICICIBANK/part-092951_951477-046670.parquet,real_data_sample\l2_unseen_validation\trade_date=2026-07-17\exchange=NSE\symbol=ICICIBANK\part-092951_951477-046670.parquet,36060,downloaded,36060,
2026-07-17,NSE,ICICIBANK,raw_l2/trade_date=2026-07-17/exchange=NSE/symbol=ICICIBANK/part-095047_809953-049486.parquet,real_data_sample\l2_unseen_validation\trade_date=2026-07-17\exchange=NSE\symbol=ICICIBANK\part-095047_809953-049486.parquet,36335,downloaded,36335,
2026-07-17,NSE,ICICIBANK,raw_l2/trade_date=2026-07-17/exchange=NSE/symbol=ICICIBANK/part-095101_857690-049518.parquet,real_data_sample\l2_unseen_validation\trade_date=2026-07-17\exchange=NSE\symbol=ICICIBANK\part-095101_857690-049518.parquet,36337,downloaded,36337,
2026-07-17,NSE,ICICIBANK,raw_l2/trade_date=2026-07-17/exchange=NSE/symbol=ICICIBANK/part-094602_901154-048846.parquet,real_data_sample\l2_unseen_validation\trade_date=2026-07-17\exchange=NSE\symbol=ICICIBANK\part-094602_901154-048846.parquet,35576,downloaded,35576,
2026-07-17,NSE,ICICIBANK,raw_l2/trade_date=2026-07-17/exchange=NSE/symbol=ICICIBANK/part-094617_273591-048878.parquet,real_data_sample\l2_unseen_validation\trade_date=2026-07-17\exchange=NSE\symbol=ICICIBANK\part-094617_273591-048878.parquet,35967,downloaded,35967,
2026-07-17,NSE,ICICIBANK,raw_l2/trade_date=2026-07-17/exchange=NSE/symbol=ICICIBANK/part-094839_520442-049198.parquet,real_data_sample\l2_unseen_validation\trade_date=2026-07-17\exchange=NSE\symbol=ICICIBANK\part-094839_520442-049198.parquet,35690,downloaded,35690,
2026-07-17,NSE,ICICIBANK,raw_l2/trade_date=2026-07-17/exchange=NSE/symbol=ICICIBANK/part-094631_562595-048910.parquet,real_data_sample\l2_unseen_validation\trade_date=2026-07-17\exchange=NSE\symbol=ICICIBANK\part-094631_562595-048910.parquet,35364,downloaded,35364,
2026-07-17,NSE,ICICIBANK,raw_l2/trade_date=2026-07-17/exchange=NSE/symbol=ICICIBANK/part-093824_389732-047822.parquet,real_data_sample\l2_unseen_validation\trade_date=2026-07-17\exchange=NSE\symbol=ICICIBANK\part-093824_389732-047822.parquet,36103,downloaded,36103,
2026-07-17,NSE,ICICIBANK,raw_l2/trade_date=2026-07-17/exchange=NSE/symbol=ICICIBANK/part-093756_107088-047758.parquet,real_data_sample\l2_unseen_validation\trade_date=2026-07-17\exchange=NSE\symbol=ICICIBANK\part-093756_107088-047758.parquet,36416,downloaded,36416,
2026-07-17,NSE,ICICIBANK,raw_l2/trade_date=2026-07-17/exchange=NSE/symbol=ICICIBANK/part-094505_827900-048718.parquet,real_data_sample\l2_unseen_validation\trade_date=2026-07-17\exchange=NSE\symbol=ICICIBANK\part-094505_827900-048718.parquet,35798,downloaded,35798,
2026-07-17,NSE,ICICIBANK,raw_l2/trade_date=2026-07-17/exchange=NSE/symbol=ICICIBANK/part-094713_926886-049006.parquet,real_data_sample\l2_unseen_validation\trade_date=2026-07-17\exchange=NSE\symbol=ICICIBANK\part-094713_926886-049006.parquet,35803,downloaded,35803,
2026-07-17,NSE,ICICIBANK,raw_l2/trade_date=2026-07-17/exchange=NSE/symbol=ICICIBANK/part-095129_993397-049582.parquet,real_data_sample\l2_unseen_validation\trade_date=2026-07-17\exchange=NSE\symbol=ICICIBANK\part-095129_993397-049582.parquet,36769,downloaded,36769,
2026-07-17,NSE,ICICIBANK,raw_l2/trade_date=2026-07-17/exchange=NSE/symbol=ICICIBANK/part-094811_082100-049134.parquet,real_data_sample\l2_unseen_validation\trade_date=2026-07-17\exchange=NSE\symbol=ICICIBANK\part-094811_082100-049134.parquet,36663,downloaded,36663,
2026-07-17,NSE,ICICIBANK,raw_l2/trade_date=2026-07-17/exchange=NSE/symbol=ICICIBANK/part-094742_404001-049070.parquet,real_data_sample\l2_unseen_validation\trade_date=2026-07-17\exchange=NSE\symbol=ICICIBANK\part-094742_404001-049070.parquet,35444,downloaded,35444,
2026-07-17,NSE,ICICIBANK,raw_l2/trade_date=2026-07-17/exchange=NSE/symbol=ICICIBANK/part-094534_133907-048782.parquet,real_data_sample\l2_unseen_validation\trade_date=2026-07-17\exchange=NSE\symbol=ICICIBANK\part-094534_133907-048782.parquet,35490,downloaded,35490,
2026-07-17,NSE,ICICIBANK,raw_l2/trade_date=2026-07-17/exchange=NSE/symbol=ICICIBANK/part-094645_558278-048942.parquet,real_data_sample\l2_unseen_validation\trade_date=2026-07-17\exchange=NSE\symbol=ICICIBANK\part-094645_558278-048942.parquet,35691,downloaded,35691,
2026-07-17,NSE,ICICIBANK,raw_l2/trade_date=2026-07-17/exchange=NSE/symbol=ICICIBANK/part-095033_607187-049454.parquet,real_data_sample\l2_unseen_validation\trade_date=2026-07-17\exchange=NSE\symbol=ICICIBANK\part-095033_607187-049454.parquet,36766,downloaded,36766,
2026-07-17,NSE,ICICIBANK,raw_l2/trade_date=2026-07-17/exchange=NSE/symbol=ICICIBANK/part-095019_269557-049422.parquet,real_data_sample\l2_unseen_validation\trade_date=2026-07-17\exchange=NSE\symbol=ICICIBANK\part-095019_269557-049422.parquet,35616,downloaded,35616,
2026-07-17,NSE,ICICIBANK,raw_l2/trade_date=2026-07-17/exchange=NSE/symbol=ICICIBANK/part-094659_633616-048974.parquet,real_data_sample\l2_unseen_validation\trade_date=2026-07-17\exchange=NSE\symbol=ICICIBANK\part-094659_633616-048974.parquet,35383,downloaded,35383,
2026-07-17,NSE,ICICIBANK,raw_l2/trade_date=2026-07-17/exchange=NSE/symbol=ICICIBANK/part-094922_488098-049294.parquet,real_data_sample\l2_unseen_validation\trade_date=2026-07-17\exchange=NSE\symbol=ICICIBANK\part-094922_488098-049294.parquet,36329,downloaded,36329,
2026-07-17,NSE,ICICIBANK,raw_l2/trade_date=2026-07-17/exchange=NSE/symbol=ICICIBANK/part-094825_090488-049166.parquet,real_data_sample\l2_unseen_validation\trade_date=2026-07-17\exchange=NSE\symbol=ICICIBANK\part-094825_090488-049166.parquet,36082,downloaded,36082,
2026-07-17,NSE,ICICIBANK,raw_l2/trade_date=2026-07-17/exchange=NSE/symbol=ICICIBANK/part-095115_961224-049550.parquet,real_data_sample\l2_unseen_validation\trade_date=2026-07-17\exchange=NSE\symbol=ICICIBANK\part-095115_961224-049550.parquet,36270,downloaded,36270,
2026-07-17,NSE,ICICIBANK,raw_l2/trade_date=2026-07-17/exchange=NSE/symbol=ICICIBANK/part-094728_138802-049038.parquet,real_data_sample\l2_unseen_validation\trade_date=2026-07-17\exchange=NSE\symbol=ICICIBANK\part-094728_138802-049038.parquet,35755,downloaded,35755,
2026-07-17,NSE,ICICIBANK,raw_l2/trade_date=2026-07-17/exchange=NSE/symbol=ICICIBANK/part-094908_140960-049262.parquet,real_data_sample\l2_unseen_validation\trade_date=2026-07-17\exchange=NSE\symbol=ICICIBANK\part-094908_140960-049262.parquet,36084,downloaded,36084,
2026-07-17,NSE,ICICIBANK,raw_l2/trade_date=2026-07-17/exchange=NSE/symbol=ICICIBANK/part-094853_752806-049230.parquet,real_data_sample\l2_unseen_validation\trade_date=2026-07-17\exchange=NSE\symbol=ICICIBANK\part-094853_752806-049230.parquet,36136,downloaded,36136,
2026-07-17,NSE,ICICIBANK,raw_l2/trade_date=2026-07-17/exchange=NSE/symbol=ICICIBANK/part-095144_082689-049614.parquet,real_data_sample\l2_unseen_validation\trade_date=2026-07-17\exchange=NSE\symbol=ICICIBANK\part-095144_082689-049614.parquet,36322,downloaded,36322,
2026-07-17,NSE,ICICIBANK,raw_l2/trade_date=2026-07-17/exchange=NSE/symbol=ICICIBANK/part-094756_845354-049102.parquet,real_data_sample\l2_unseen_validation\trade_date=2026-07-17\exchange=NSE\symbol=ICICIBANK\part-094756_845354-049102.parquet,35808,downloaded,35808,
2026-07-17,NSE,ICICIBANK,raw_l2/trade_date=2026-07-17/exchange=NSE/symbol=ICICIBANK/part-094520_063857-048750.parquet,real_data_sample\l2_unseen_validation\trade_date=2026-07-17\exchange=NSE\symbol=ICICIBANK\part-094520_063857-048750.parquet,35742,downloaded,35742,
2026-07-17,NSE,ICICIBANK,raw_l2/trade_date=2026-07-17/exchange=NSE/symbol=ICICIBANK/part-094950_871795-049358.parquet,real_data_sample\l2_unseen_validation\trade_date=2026-07-17\exchange=NSE\symbol=ICICIBANK\part-094950_871795-049358.parquet,36451,downloaded,36451,
2026-07-17,NSE,ICICIBANK,raw_l2/trade_date=2026-07-17/exchange=NSE/symbol=ICICIBANK/part-094936_713970-049326.parquet,real_data_sample\l2_unseen_validation\trade_date=2026-07-17\exchange=NSE\symbol=ICICIBANK\part-094936_713970-049326.parquet,35656,downloaded,35656,
2026-07-17,NSE,ICICIBANK,raw_l2/trade_date=2026-07-17/exchange=NSE/symbol=ICICIBANK/part-095005_070209-049390.parquet,real_data_sample\l2_unseen_validation\trade_date=2026-07-17\exchange=NSE\symbol=ICICIBANK\part-095005_070209-049390.parquet,35638,downloaded,35638,
2026-07-17,NSE,ICICIBANK,raw_l2/trade_date=2026-07-17/exchange=NSE/symbol=ICICIBANK/part-095212_514288-049678.parquet,real_data_sample\l2_unseen_validation\trade_date=2026-07-17\exchange=NSE\symbol=ICICIBANK\part-095212_514288-049678.parquet,36337,downloaded,36337,
2026-07-17,NSE,ICICIBANK,raw_l2/trade_date=2026-07-17/exchange=NSE/symbol=ICICIBANK/part-094548_444750-048814.parquet,real_data_sample\l2_unseen_validation\trade_date=2026-07-17\exchange=NSE\symbol=ICICIBANK\part-094548_444750-048814.parquet,36531,downloaded,36531,
2026-07-17,NSE,ICICIBANK,raw_l2/trade_date=2026-07-17/exchange=NSE/symbol=ICICIBANK/part-095226_589242-049710.parquet,real_data_sample\l2_unseen_validation\trade_date=2026-07-17\exchange=NSE\symbol=ICICIBANK\part-095226_589242-049710.parquet,36253,downloaded,36253,
2026-07-17,NSE,ICICIBANK,raw_l2/trade_date=2026-07-17/exchange=NSE/symbol=ICICIBANK/part-095406_152444-049934.parquet,real_data_sample\l2_unseen_validation\trade_date=2026-07-17\exchange=NSE\symbol=ICICIBANK\part-095406_152444-049934.parquet,36087,downloaded,36087,
2026-07-17,NSE,ICICIBANK,raw_l2/trade_date=2026-07-17/exchange=NSE/symbol=ICICIBANK/part-095546_171758-050158.parquet,real_data_sample\l2_unseen_validation\trade_date=2026-07-17\exchange=NSE\symbol=ICICIBANK\part-095546_171758-050158.parquet,36127,downloaded,36127,
2026-07-17,NSE,ICICIBANK,raw_l2/trade_date=2026-07-17/exchange=NSE/symbol=ICICIBANK/part-095600_674038-050190.parquet,real_data_sample\l2_unseen_validation\trade_date=2026-07-17\exchange=NSE\symbol=ICICIBANK\part-095600_674038-050190.parquet,36103,downloaded,36103,
2026-07-17,NSE,ICICIBANK,raw_l2/trade_date=2026-07-17/exchange=NSE/symbol=ICICIBANK/part-095240_655625-049742.parquet,real_data_sample\l2_unseen_validation\trade_date=2026-07-17\exchange=NSE\symbol=ICICIBANK\part-095240_655625-049742.parquet,36093,downloaded,36093,
2026-07-17,NSE,ICICIBANK,raw_l2/trade_date=2026-07-17/exchange=NSE/symbol=ICICIBANK/part-095254_566573-049774.parquet,real_data_sample\l2_unseen_validation\trade_date=2026-07-17\exchange=NSE\symbol=ICICIBANK\part-095254_566573-049774.parquet,35814,downloaded,35814,
2026-07-17,NSE,ICICIBANK,raw_l2/trade_date=2026-07-17/exchange=NSE/symbol=ICICIBANK/part-095517_115645-050094.parquet,real_data_sample\l2_unseen_validation\trade_date=2026-07-17\exchange=NSE\symbol=ICICIBANK\part-095517_115645-050094.parquet,35926,downloaded,35926,
2026-07-17,NSE,ICICIBANK,raw_l2/trade_date=2026-07-17/exchange=NSE/symbol=ICICIBANK/part-095448_908077-050030.parquet,real_data_sample\l2_unseen_validation\trade_date=2026-07-17\exchange=NSE\symbol=ICICIBANK\part-095448_908077-050030.parquet,36129,downloaded,36129,
2026-07-17,NSE,ICICIBANK,raw_l2/trade_date=2026-07-17/exchange=NSE/symbol=ICICIBANK/part-095824_974201-050510.parquet,real_data_sample\l2_unseen_validation\trade_date=2026-07-17\exchange=NSE\symbol=ICICIBANK\part-095824_974201-050510.parquet,36047,downloaded,36047,
2026-07-17,NSE,ICICIBANK,raw_l2/trade_date=2026-07-17/exchange=NSE/symbol=ICICIBANK/part-095810_859618-050478.parquet,real_data_sample\l2_unseen_validation\trade_date=2026-07-17\exchange=NSE\symbol=ICICIBANK\part-095810_859618-050478.parquet,35868,downloaded,35868,
2026-07-17,NSE,ICICIBANK,raw_l2/trade_date=2026-07-17/exchange=NSE/symbol=ICICIBANK/part-095308_648042-049806.parquet,real_data_sample\l2_unseen_validation\trade_date=2026-07-17\exchange=NSE\symbol=ICICIBANK\part-095308_648042-049806.parquet,35884,downloaded,35884,
2026-07-17,NSE,ICICIBANK,raw_l2/trade_date=2026-07-17/exchange=NSE/symbol=ICICIBANK/part-095337_386610-049870.parquet,real_data_sample\l2_unseen_validation\trade_date=2026-07-17\exchange=NSE\symbol=ICICIBANK\part-095337_386610-049870.parquet,36252,downloaded,36252,
2026-07-17,NSE,ICICIBANK,raw_l2/trade_date=2026-07-17/exchange=NSE/symbol=ICICIBANK/part-095322_894787-049838.parquet,real_data_sample\l2_unseen_validation\trade_date=2026-07-17\exchange=NSE\symbol=ICICIBANK\part-095322_894787-049838.parquet,36112,downloaded,36112,
2026-07-17,NSE,ICICIBANK,raw_l2/trade_date=2026-07-17/exchange=NSE/symbol=ICICIBANK/part-095742_444905-050414.parquet,real_data_sample\l2_unseen_validation\trade_date=2026-07-17\exchange=NSE\symbol=ICICIBANK\part-095742_444905-050414.parquet,36402,downloaded,36402,
2026-07-17,NSE,ICICIBANK,raw_l2/trade_date=2026-07-17/exchange=NSE/symbol=ICICIBANK/part-095434_612320-049998.parquet,real_data_sample\l2_unseen_validation\trade_date=2026-07-17\exchange=NSE\symbol=ICICIBANK\part-095434_612320-049998.parquet,35763,downloaded,35763,
2026-07-17,NSE,ICICIBANK,raw_l2/trade_date=2026-07-17/exchange=NSE/symbol=ICICIBANK/part-095658_533633-050318.parquet,real_data_sample\l2_unseen_validation\trade_date=2026-07-17\exchange=NSE\symbol=ICICIBANK\part-095658_533633-050318.parquet,36403,downloaded,36403,
2026-07-17,NSE,ICICIBANK,raw_l2/trade_date=2026-07-17/exchange=NSE/symbol=ICICIBANK/part-095629_487197-050254.parquet,real_data_sample\l2_unseen_validation\trade_date=2026-07-17\exchange=NSE\symbol=ICICIBANK\part-095629_487197-050254.parquet,35973,downloaded,35973,
2026-07-17,NSE,ICICIBANK,raw_l2/trade_date=2026-07-17/exchange=NSE/symbol=ICICIBANK/part-095713_517255-050350.parquet,real_data_sample\l2_unseen_validation\trade_date=2026-07-17\exchange=NSE\symbol=ICICIBANK\part-095713_517255-050350.parquet,36311,downloaded,36311,
2026-07-17,NSE,ICICIBANK,raw_l2/trade_date=2026-07-17/exchange=NSE/symbol=ICICIBANK/part-095531_437786-050126.parquet,real_data_sample\l2_unseen_validation\trade_date=2026-07-17\exchange=NSE\symbol=ICICIBANK\part-095531_437786-050126.parquet,36752,downloaded,36752,
2026-07-17,NSE,ICICIBANK,raw_l2/trade_date=2026-07-17/exchange=NSE/symbol=ICICIBANK/part-095756_633839-050446.parquet,real_data_sample\l2_unseen_validation\trade_date=2026-07-17\exchange=NSE\symbol=ICICIBANK\part-095756_633839-050446.parquet,36255,downloaded,36255,
2026-07-17,NSE,ICICIBANK,raw_l2/trade_date=2026-07-17/exchange=NSE/symbol=ICICIBANK/part-095503_104697-050062.parquet,real_data_sample\l2_unseen_validation\trade_date=2026-07-17\exchange=NSE\symbol=ICICIBANK\part-095503_104697-050062.parquet,36620,downloaded,36620,
2026-07-17,NSE,ICICIBANK,raw_l2/trade_date=2026-07-17/exchange=NSE/symbol=ICICIBANK/part-095727_987670-050382.parquet,real_data_sample\l2_unseen_validation\trade_date=2026-07-17\exchange=NSE\symbol=ICICIBANK\part-095727_987670-050382.parquet,36106,downloaded,36106,
2026-07-17,NSE,ICICIBANK,raw_l2/trade_date=2026-07-17/exchange=NSE/symbol=ICICIBANK/part-095420_632490-049966.parquet,real_data_sample\l2_unseen_validation\trade_date=2026-07-17\exchange=NSE\symbol=ICICIBANK\part-095420_632490-049966.parquet,36515,downloaded,36515,
2026-07-17,NSE,ICICIBANK,raw_l2/trade_date=2026-07-17/exchange=NSE/symbol=ICICIBANK/part-095643_971607-050286.parquet,real_data_sample\l2_unseen_validation\trade_date=2026-07-17\exchange=NSE\symbol=ICICIBANK\part-095643_971607-050286.parquet,36072,downloaded,36072,
2026-07-17,NSE,ICICIBANK,raw_l2/trade_date=2026-07-17/exchange=NSE/symbol=ICICIBANK/part-095615_190735-050222.parquet,real_data_sample\l2_unseen_validation\trade_date=2026-07-17\exchange=NSE\symbol=ICICIBANK\part-095615_190735-050222.parquet,35761,downloaded,35761,
2026-07-17,NSE,ICICIBANK,raw_l2/trade_date=2026-07-17/exchange=NSE/symbol=ICICIBANK/part-095854_514147-050574.parquet,real_data_sample\l2_unseen_validation\trade_date=2026-07-17\exchange=NSE\symbol=ICICIBANK\part-095854_514147-050574.parquet,36418,downloaded,36418,
2026-07-17,NSE,ICICIBANK,raw_l2/trade_date=2026-07-17/exchange=NSE/symbol=ICICIBANK/part-095839_980343-050542.parquet,real_data_sample\l2_unseen_validation\trade_date=2026-07-17\exchange=NSE\symbol=ICICIBANK\part-095839_980343-050542.parquet,35722,downloaded,35722,
2026-07-17,NSE,ICICIBANK,raw_l2/trade_date=2026-07-17/exchange=NSE/symbol=ICICIBANK/part-095908_973732-050606.parquet,real_data_sample\l2_unseen_validation\trade_date=2026-07-17\exchange=NSE\symbol=ICICIBANK\part-095908_973732-050606.parquet,36428,downloaded,36428,
2026-07-17,NSE,ICICIBANK,raw_l2/trade_date=2026-07-17/exchange=NSE/symbol=ICICIBANK/part-095952_365152-050702.parquet,real_data_sample\l2_unseen_validation\trade_date=2026-07-17\exchange=NSE\symbol=ICICIBANK\part-095952_365152-050702.parquet,36603,downloaded,36603,
2026-07-17,NSE,ICICIBANK,raw_l2/trade_date=2026-07-17/exchange=NSE/symbol=ICICIBANK/part-095923_460877-050638.parquet,real_data_sample\l2_unseen_validation\trade_date=2026-07-17\exchange=NSE\symbol=ICICIBANK\part-095923_460877-050638.parquet,36767,downloaded,36767,
2026-07-17,NSE,INFY,raw_l2/trade_date=2026-07-17/exchange=NSE/symbol=INFY/part-034751_096623-000399.parquet,real_data_sample\l2_unseen_validation\trade_date=2026-07-17\exchange=NSE\symbol=INFY\part-034751_096623-000399.parquet,36416,downloaded,36416,
2026-07-17,NSE,ICICIBANK,raw_l2/trade_date=2026-07-17/exchange=NSE/symbol=ICICIBANK/part-100006_699248-050734.parquet,real_data_sample\l2_unseen_validation\trade_date=2026-07-17\exchange=NSE\symbol=ICICIBANK\part-100006_699248-050734.parquet,35569,downloaded,35569,
2026-07-17,NSE,ICICIBANK,raw_l2/trade_date=2026-07-17/exchange=NSE/symbol=ICICIBANK/part-095351_726322-049902.parquet,real_data_sample\l2_unseen_validation\trade_date=2026-07-17\exchange=NSE\symbol=ICICIBANK\part-095351_726322-049902.parquet,36255,downloaded,36255,
2026-07-17,NSE,INFY,raw_l2/trade_date=2026-07-17/exchange=NSE/symbol=INFY/part-034530_605118-000079.parquet,real_data_sample\l2_unseen_validation\trade_date=2026-07-17\exchange=NSE\symbol=INFY\part-034530_605118-000079.parquet,36603,downloaded,36603,
2026-07-17,NSE,ICICIBANK,raw_l2/trade_date=2026-07-17/exchange=NSE/symbol=ICICIBANK/part-100113_729289-050757.parquet,real_data_sample\l2_unseen_validation\trade_date=2026-07-17\exchange=NSE\symbol=ICICIBANK\part-100113_729289-050757.parquet,34098,downloaded,34098,
2026-07-17,NSE,INFY,raw_l2/trade_date=2026-07-17/exchange=NSE/symbol=INFY/part-034737_036881-000367.parquet,real_data_sample\l2_unseen_validation\trade_date=2026-07-17\exchange=NSE\symbol=INFY\part-034737_036881-000367.parquet,36465,downloaded,36465,
2026-07-17,NSE,ICICIBANK,raw_l2/trade_date=2026-07-17/exchange=NSE/symbol=ICICIBANK/part-095938_019731-050670.parquet,real_data_sample\l2_unseen_validation\trade_date=2026-07-17\exchange=NSE\symbol=ICICIBANK\part-095938_019731-050670.parquet,36835,downloaded,36835,
2026-07-17,NSE,INFY,raw_l2/trade_date=2026-07-17/exchange=NSE/symbol=INFY/part-034558_826631-000143.parquet,real_data_sample\l2_unseen_validation\trade_date=2026-07-17\exchange=NSE\symbol=INFY\part-034558_826631-000143.parquet,36750,downloaded,36750,
2026-07-17,NSE,INFY,raw_l2/trade_date=2026-07-17/exchange=NSE/symbol=INFY/part-034641_414031-000239.parquet,real_data_sample\l2_unseen_validation\trade_date=2026-07-17\exchange=NSE\symbol=INFY\part-034641_414031-000239.parquet,36700,downloaded,36700,
2026-07-17,NSE,INFY,raw_l2/trade_date=2026-07-17/exchange=NSE/symbol=INFY/part-034516_817326-000047.parquet,real_data_sample\l2_unseen_validation\trade_date=2026-07-17\exchange=NSE\symbol=INFY\part-034516_817326-000047.parquet,36681,downloaded,36681,
2026-07-17,NSE,INFY,raw_l2/trade_date=2026-07-17/exchange=NSE/symbol=INFY/part-034846_804301-000527.parquet,real_data_sample\l2_unseen_validation\trade_date=2026-07-17\exchange=NSE\symbol=INFY\part-034846_804301-000527.parquet,36202,downloaded,36202,
2026-07-17,NSE,INFY,raw_l2/trade_date=2026-07-17/exchange=NSE/symbol=INFY/part-034544_539281-000111.parquet,real_data_sample\l2_unseen_validation\trade_date=2026-07-17\exchange=NSE\symbol=INFY\part-034544_539281-000111.parquet,36661,downloaded,36661,
2026-07-17,NSE,INFY,raw_l2/trade_date=2026-07-17/exchange=NSE/symbol=INFY/part-034819_295390-000463.parquet,real_data_sample\l2_unseen_validation\trade_date=2026-07-17\exchange=NSE\symbol=INFY\part-034819_295390-000463.parquet,36421,downloaded,36421,
2026-07-17,NSE,INFY,raw_l2/trade_date=2026-07-17/exchange=NSE/symbol=INFY/part-034833_104193-000495.parquet,real_data_sample\l2_unseen_validation\trade_date=2026-07-17\exchange=NSE\symbol=INFY\part-034833_104193-000495.parquet,36319,downloaded,36319,
2026-07-17,NSE,INFY,raw_l2/trade_date=2026-07-17/exchange=NSE/symbol=INFY/part-034914_694594-000591.parquet,real_data_sample\l2_unseen_validation\trade_date=2026-07-17\exchange=NSE\symbol=INFY\part-034914_694594-000591.parquet,36391,downloaded,36391,
2026-07-17,NSE,INFY,raw_l2/trade_date=2026-07-17/exchange=NSE/symbol=INFY/part-034928_666325-000623.parquet,real_data_sample\l2_unseen_validation\trade_date=2026-07-17\exchange=NSE\symbol=INFY\part-034928_666325-000623.parquet,36464,downloaded,36464,
2026-07-17,NSE,INFY,raw_l2/trade_date=2026-07-17/exchange=NSE/symbol=INFY/part-034900_588721-000559.parquet,real_data_sample\l2_unseen_validation\trade_date=2026-07-17\exchange=NSE\symbol=INFY\part-034900_588721-000559.parquet,36244,downloaded,36244,
2026-07-17,NSE,INFY,raw_l2/trade_date=2026-07-17/exchange=NSE/symbol=INFY/part-034956_765782-000687.parquet,real_data_sample\l2_unseen_validation\trade_date=2026-07-17\exchange=NSE\symbol=INFY\part-034956_765782-000687.parquet,36449,downloaded,36449,
2026-07-17,NSE,INFY,raw_l2/trade_date=2026-07-17/exchange=NSE/symbol=INFY/part-034708_838948-000303.parquet,real_data_sample\l2_unseen_validation\trade_date=2026-07-17\exchange=NSE\symbol=INFY\part-034708_838948-000303.parquet,36529,downloaded,36529,
2026-07-17,NSE,INFY,raw_l2/trade_date=2026-07-17/exchange=NSE/symbol=INFY/part-034612_938620-000175.parquet,real_data_sample\l2_unseen_validation\trade_date=2026-07-17\exchange=NSE\symbol=INFY\part-034612_938620-000175.parquet,36825,downloaded,36825,
2026-07-17,NSE,INFY,raw_l2/trade_date=2026-07-17/exchange=NSE/symbol=INFY/part-034942_644034-000655.parquet,real_data_sample\l2_unseen_validation\trade_date=2026-07-17\exchange=NSE\symbol=INFY\part-034942_644034-000655.parquet,36376,downloaded,36376,
2026-07-17,NSE,INFY,raw_l2/trade_date=2026-07-17/exchange=NSE/symbol=INFY/part-034805_196093-000431.parquet,real_data_sample\l2_unseen_validation\trade_date=2026-07-17\exchange=NSE\symbol=INFY\part-034805_196093-000431.parquet,36365,downloaded,36365,
2026-07-17,NSE,INFY,raw_l2/trade_date=2026-07-17/exchange=NSE/symbol=INFY/part-034722_890143-000335.parquet,real_data_sample\l2_unseen_validation\trade_date=2026-07-17\exchange=NSE\symbol=INFY\part-034722_890143-000335.parquet,36533,downloaded,36533,
2026-07-17,NSE,INFY,raw_l2/trade_date=2026-07-17/exchange=NSE/symbol=INFY/part-034655_076697-000271.parquet,real_data_sample\l2_unseen_validation\trade_date=2026-07-17\exchange=NSE\symbol=INFY\part-034655_076697-000271.parquet,36673,downloaded,36673,
2026-07-17,NSE,INFY,raw_l2/trade_date=2026-07-17/exchange=NSE/symbol=INFY/part-035024_601946-000751.parquet,real_data_sample\l2_unseen_validation\trade_date=2026-07-17\exchange=NSE\symbol=INFY\part-035024_601946-000751.parquet,36382,downloaded,36382,
2026-07-17,NSE,INFY,raw_l2/trade_date=2026-07-17/exchange=NSE/symbol=INFY/part-035038_387830-000783.parquet,real_data_sample\l2_unseen_validation\trade_date=2026-07-17\exchange=NSE\symbol=INFY\part-035038_387830-000783.parquet,36165,downloaded,36165,
2026-07-17,NSE,INFY,raw_l2/trade_date=2026-07-17/exchange=NSE/symbol=INFY/part-035010_595200-000719.parquet,real_data_sample\l2_unseen_validation\trade_date=2026-07-17\exchange=NSE\symbol=INFY\part-035010_595200-000719.parquet,36606,downloaded,36606,
2026-07-17,NSE,INFY,raw_l2/trade_date=2026-07-17/exchange=NSE/symbol=INFY/part-034626_909155-000207.parquet,real_data_sample\l2_unseen_validation\trade_date=2026-07-17\exchange=NSE\symbol=INFY\part-034626_909155-000207.parquet,36415,downloaded,36415,
2026-07-17,NSE,INFY,raw_l2/trade_date=2026-07-17/exchange=NSE/symbol=INFY/part-034502_625394-000015.parquet,real_data_sample\l2_unseen_validation\trade_date=2026-07-17\exchange=NSE\symbol=INFY\part-034502_625394-000015.parquet,34407,downloaded,34407,
2026-07-17,NSE,ICICIBANK,raw_l2/trade_date=2026-07-17/exchange=NSE/symbol=ICICIBANK/part-095158_000270-049646.parquet,real_data_sample\l2_unseen_validation\trade_date=2026-07-17\exchange=NSE\symbol=ICICIBANK\part-095158_000270-049646.parquet,36238,downloaded,36238,
2026-07-17,NSE,INFY,raw_l2/trade_date=2026-07-17/exchange=NSE/symbol=INFY/part-035215_027497-001007.parquet,real_data_sample\l2_unseen_validation\trade_date=2026-07-17\exchange=NSE\symbol=INFY\part-035215_027497-001007.parquet,36735,downloaded,36735,
2026-07-17,NSE,INFY,raw_l2/trade_date=2026-07-17/exchange=NSE/symbol=INFY/part-035052_071481-000815.parquet,real_data_sample\l2_unseen_validation\trade_date=2026-07-17\exchange=NSE\symbol=INFY\part-035052_071481-000815.parquet,36382,downloaded,36382,
2026-07-17,NSE,INFY,raw_l2/trade_date=2026-07-17/exchange=NSE/symbol=INFY/part-035543_814004-001487.parquet,real_data_sample\l2_unseen_validation\trade_date=2026-07-17\exchange=NSE\symbol=INFY\part-035543_814004-001487.parquet,36144,downloaded,36144,
2026-07-17,NSE,INFY,raw_l2/trade_date=2026-07-17/exchange=NSE/symbol=INFY/part-035324_591171-001167.parquet,real_data_sample\l2_unseen_validation\trade_date=2026-07-17\exchange=NSE\symbol=INFY\part-035324_591171-001167.parquet,36253,downloaded,36253,
2026-07-17,NSE,INFY,raw_l2/trade_date=2026-07-17/exchange=NSE/symbol=INFY/part-035352_382108-001231.parquet,real_data_sample\l2_unseen_validation\trade_date=2026-07-17\exchange=NSE\symbol=INFY\part-035352_382108-001231.parquet,36258,downloaded,36258,
2026-07-17,NSE,INFY,raw_l2/trade_date=2026-07-17/exchange=NSE/symbol=INFY/part-035310_786640-001135.parquet,real_data_sample\l2_unseen_validation\trade_date=2026-07-17\exchange=NSE\symbol=INFY\part-035310_786640-001135.parquet,36650,downloaded,36650,
2026-07-17,NSE,INFY,raw_l2/trade_date=2026-07-17/exchange=NSE/symbol=INFY/part-035406_311333-001263.parquet,real_data_sample\l2_unseen_validation\trade_date=2026-07-17\exchange=NSE\symbol=INFY\part-035406_311333-001263.parquet,36300,downloaded,36300,
2026-07-17,NSE,INFY,raw_l2/trade_date=2026-07-17/exchange=NSE/symbol=INFY/part-035338_556081-001199.parquet,real_data_sample\l2_unseen_validation\trade_date=2026-07-17\exchange=NSE\symbol=INFY\part-035338_556081-001199.parquet,36483,downloaded,36483,
2026-07-17,NSE,INFY,raw_l2/trade_date=2026-07-17/exchange=NSE/symbol=INFY/part-035515_934237-001423.parquet,real_data_sample\l2_unseen_validation\trade_date=2026-07-17\exchange=NSE\symbol=INFY\part-035515_934237-001423.parquet,36487,downloaded,36487,
2026-07-17,NSE,INFY,raw_l2/trade_date=2026-07-17/exchange=NSE/symbol=INFY/part-035105_831457-000847.parquet,real_data_sample\l2_unseen_validation\trade_date=2026-07-17\exchange=NSE\symbol=INFY\part-035105_831457-000847.parquet,36311,downloaded,36311,
2026-07-17,NSE,INFY,raw_l2/trade_date=2026-07-17/exchange=NSE/symbol=INFY/part-035611_632707-001551.parquet,real_data_sample\l2_unseen_validation\trade_date=2026-07-17\exchange=NSE\symbol=INFY\part-035611_632707-001551.parquet,36402,downloaded,36402,
2026-07-17,NSE,INFY,raw_l2/trade_date=2026-07-17/exchange=NSE/symbol=INFY/part-035242_907695-001071.parquet,real_data_sample\l2_unseen_validation\trade_date=2026-07-17\exchange=NSE\symbol=INFY\part-035242_907695-001071.parquet,36332,downloaded,36332,
2026-07-17,NSE,INFY,raw_l2/trade_date=2026-07-17/exchange=NSE/symbol=INFY/part-035557_740971-001519.parquet,real_data_sample\l2_unseen_validation\trade_date=2026-07-17\exchange=NSE\symbol=INFY\part-035557_740971-001519.parquet,36517,downloaded,36517,
2026-07-17,NSE,INFY,raw_l2/trade_date=2026-07-17/exchange=NSE/symbol=INFY/part-035256_999436-001103.parquet,real_data_sample\l2_unseen_validation\trade_date=2026-07-17\exchange=NSE\symbol=INFY\part-035256_999436-001103.parquet,36203,downloaded,36203,
2026-07-17,NSE,INFY,raw_l2/trade_date=2026-07-17/exchange=NSE/symbol=INFY/part-035133_356689-000911.parquet,real_data_sample\l2_unseen_validation\trade_date=2026-07-17\exchange=NSE\symbol=INFY\part-035133_356689-000911.parquet,36391,downloaded,36391,
2026-07-17,NSE,INFY,raw_l2/trade_date=2026-07-17/exchange=NSE/symbol=INFY/part-035228_824856-001039.parquet,real_data_sample\l2_unseen_validation\trade_date=2026-07-17\exchange=NSE\symbol=INFY\part-035228_824856-001039.parquet,36449,downloaded,36449,
2026-07-17,NSE,INFY,raw_l2/trade_date=2026-07-17/exchange=NSE/symbol=INFY/part-035119_565468-000879.parquet,real_data_sample\l2_unseen_validation\trade_date=2026-07-17\exchange=NSE\symbol=INFY\part-035119_565468-000879.parquet,36682,downloaded,36682,
2026-07-17,NSE,INFY,raw_l2/trade_date=2026-07-17/exchange=NSE/symbol=INFY/part-035201_144456-000975.parquet,real_data_sample\l2_unseen_validation\trade_date=2026-07-17\exchange=NSE\symbol=INFY\part-035201_144456-000975.parquet,36212,downloaded,36212,
2026-07-17,NSE,INFY,raw_l2/trade_date=2026-07-17/exchange=NSE/symbol=INFY/part-035749_791404-001775.parquet,real_data_sample\l2_unseen_validation\trade_date=2026-07-17\exchange=NSE\symbol=INFY\part-035749_791404-001775.parquet,36454,downloaded,36454,
2026-07-17,NSE,INFY,raw_l2/trade_date=2026-07-17/exchange=NSE/symbol=INFY/part-035639_681245-001615.parquet,real_data_sample\l2_unseen_validation\trade_date=2026-07-17\exchange=NSE\symbol=INFY\part-035639_681245-001615.parquet,36108,downloaded,36108,
2026-07-17,NSE,INFY,raw_l2/trade_date=2026-07-17/exchange=NSE/symbol=INFY/part-035735_574322-001743.parquet,real_data_sample\l2_unseen_validation\trade_date=2026-07-17\exchange=NSE\symbol=INFY\part-035735_574322-001743.parquet,36477,downloaded,36477,
2026-07-17,NSE,INFY,raw_l2/trade_date=2026-07-17/exchange=NSE/symbol=INFY/part-035625_847084-001583.parquet,real_data_sample\l2_unseen_validation\trade_date=2026-07-17\exchange=NSE\symbol=INFY\part-035625_847084-001583.parquet,36537,downloaded,36537,
2026-07-17,NSE,INFY,raw_l2/trade_date=2026-07-17/exchange=NSE/symbol=INFY/part-035529_863632-001455.parquet,real_data_sample\l2_unseen_validation\trade_date=2026-07-17\exchange=NSE\symbol=INFY\part-035529_863632-001455.parquet,36420,downloaded,36420,
2026-07-17,NSE,INFY,raw_l2/trade_date=2026-07-17/exchange=NSE/symbol=INFY/part-035653_664294-001647.parquet,real_data_sample\l2_unseen_validation\trade_date=2026-07-17\exchange=NSE\symbol=INFY\part-035653_664294-001647.parquet,36409,downloaded,36409,
2026-07-17,NSE,INFY,raw_l2/trade_date=2026-07-17/exchange=NSE/symbol=INFY/part-035433_862116-001327.parquet,real_data_sample\l2_unseen_validation\trade_date=2026-07-17\exchange=NSE\symbol=INFY\part-035433_862116-001327.parquet,36437,downloaded,36437,
2026-07-17,NSE,INFY,raw_l2/trade_date=2026-07-17/exchange=NSE/symbol=INFY/part-035420_006242-001295.parquet,real_data_sample\l2_unseen_validation\trade_date=2026-07-17\exchange=NSE\symbol=INFY\part-035420_006242-001295.parquet,36580,downloaded,36580,
2026-07-17,NSE,INFY,raw_l2/trade_date=2026-07-17/exchange=NSE/symbol=INFY/part-035707_373726-001679.parquet,real_data_sample\l2_unseen_validation\trade_date=2026-07-17\exchange=NSE\symbol=INFY\part-035707_373726-001679.parquet,36401,downloaded,36401,
2026-07-17,NSE,INFY,raw_l2/trade_date=2026-07-17/exchange=NSE/symbol=INFY/part-035501_885587-001391.parquet,real_data_sample\l2_unseen_validation\trade_date=2026-07-17\exchange=NSE\symbol=INFY\part-035501_885587-001391.parquet,36123,downloaded,36123,
2026-07-17,NSE,INFY,raw_l2/trade_date=2026-07-17/exchange=NSE/symbol=INFY/part-035721_451667-001711.parquet,real_data_sample\l2_unseen_validation\trade_date=2026-07-17\exchange=NSE\symbol=INFY\part-035721_451667-001711.parquet,36251,downloaded,36251,
2026-07-17,NSE,INFY,raw_l2/trade_date=2026-07-17/exchange=NSE/symbol=INFY/part-035447_800705-001359.parquet,real_data_sample\l2_unseen_validation\trade_date=2026-07-17\exchange=NSE\symbol=INFY\part-035447_800705-001359.parquet,36401,downloaded,36401,
2026-07-17,NSE,INFY,raw_l2/trade_date=2026-07-17/exchange=NSE/symbol=INFY/part-035818_454011-001839.parquet,real_data_sample\l2_unseen_validation\trade_date=2026-07-17\exchange=NSE\symbol=INFY\part-035818_454011-001839.parquet,36371,downloaded,36371,
2026-07-17,NSE,INFY,raw_l2/trade_date=2026-07-17/exchange=NSE/symbol=INFY/part-035832_449282-001871.parquet,real_data_sample\l2_unseen_validation\trade_date=2026-07-17\exchange=NSE\symbol=INFY\part-035832_449282-001871.parquet,35874,downloaded,35874,
2026-07-17,NSE,INFY,raw_l2/trade_date=2026-07-17/exchange=NSE/symbol=INFY/part-035846_386395-001903.parquet,real_data_sample\l2_unseen_validation\trade_date=2026-07-17\exchange=NSE\symbol=INFY\part-035846_386395-001903.parquet,36373,downloaded,36373,
2026-07-17,NSE,INFY,raw_l2/trade_date=2026-07-17/exchange=NSE/symbol=INFY/part-035900_489611-001935.parquet,real_data_sample\l2_unseen_validation\trade_date=2026-07-17\exchange=NSE\symbol=INFY\part-035900_489611-001935.parquet,36349,downloaded,36349,
2026-07-17,NSE,INFY,raw_l2/trade_date=2026-07-17/exchange=NSE/symbol=INFY/part-035942_495092-002031.parquet,real_data_sample\l2_unseen_validation\trade_date=2026-07-17\exchange=NSE\symbol=INFY\part-035942_495092-002031.parquet,36473,downloaded,36473,
2026-07-17,NSE,INFY,raw_l2/trade_date=2026-07-17/exchange=NSE/symbol=INFY/part-035914_415385-001967.parquet,real_data_sample\l2_unseen_validation\trade_date=2026-07-17\exchange=NSE\symbol=INFY\part-035914_415385-001967.parquet,36239,downloaded,36239,
2026-07-17,NSE,INFY,raw_l2/trade_date=2026-07-17/exchange=NSE/symbol=INFY/part-035956_425790-002063.parquet,real_data_sample\l2_unseen_validation\trade_date=2026-07-17\exchange=NSE\symbol=INFY\part-035956_425790-002063.parquet,36199,downloaded,36199,
2026-07-17,NSE,INFY,raw_l2/trade_date=2026-07-17/exchange=NSE/symbol=INFY/part-040010_558237-002095.parquet,real_data_sample\l2_unseen_validation\trade_date=2026-07-17\exchange=NSE\symbol=INFY\part-040010_558237-002095.parquet,36235,downloaded,36235,
2026-07-17,NSE,INFY,raw_l2/trade_date=2026-07-17/exchange=NSE/symbol=INFY/part-040120_026684-002255.parquet,real_data_sample\l2_unseen_validation\trade_date=2026-07-17\exchange=NSE\symbol=INFY\part-040120_026684-002255.parquet,36262,downloaded,36262,
2026-07-17,NSE,INFY,raw_l2/trade_date=2026-07-17/exchange=NSE/symbol=INFY/part-035928_364648-001999.parquet,real_data_sample\l2_unseen_validation\trade_date=2026-07-17\exchange=NSE\symbol=INFY\part-035928_364648-001999.parquet,36210,downloaded,36210,
2026-07-17,NSE,INFY,raw_l2/trade_date=2026-07-17/exchange=NSE/symbol=INFY/part-040052_245990-002191.parquet,real_data_sample\l2_unseen_validation\trade_date=2026-07-17\exchange=NSE\symbol=INFY\part-040052_245990-002191.parquet,36289,downloaded,36289,
2026-07-17,NSE,INFY,raw_l2/trade_date=2026-07-17/exchange=NSE/symbol=INFY/part-040024_620795-002127.parquet,real_data_sample\l2_unseen_validation\trade_date=2026-07-17\exchange=NSE\symbol=INFY\part-040024_620795-002127.parquet,36473,downloaded,36473,
2026-07-17,NSE,INFY,raw_l2/trade_date=2026-07-17/exchange=NSE/symbol=INFY/part-040106_198929-002223.parquet,real_data_sample\l2_unseen_validation\trade_date=2026-07-17\exchange=NSE\symbol=INFY\part-040106_198929-002223.parquet,36295,downloaded,36295,
2026-07-17,NSE,INFY,raw_l2/trade_date=2026-07-17/exchange=NSE/symbol=INFY/part-040133_868414-002287.parquet,real_data_sample\l2_unseen_validation\trade_date=2026-07-17\exchange=NSE\symbol=INFY\part-040133_868414-002287.parquet,36098,downloaded,36098,
2026-07-17,NSE,INFY,raw_l2/trade_date=2026-07-17/exchange=NSE/symbol=INFY/part-035147_155806-000943.parquet,real_data_sample\l2_unseen_validation\trade_date=2026-07-17\exchange=NSE\symbol=INFY\part-035147_155806-000943.parquet,36347,downloaded,36347,
2026-07-17,NSE,INFY,raw_l2/trade_date=2026-07-17/exchange=NSE/symbol=INFY/part-040147_610615-002319.parquet,real_data_sample\l2_unseen_validation\trade_date=2026-07-17\exchange=NSE\symbol=INFY\part-040147_610615-002319.parquet,36298,downloaded,36298,
2026-07-17,NSE,INFY,raw_l2/trade_date=2026-07-17/exchange=NSE/symbol=INFY/part-040201_616937-002351.parquet,real_data_sample\l2_unseen_validation\trade_date=2026-07-17\exchange=NSE\symbol=INFY\part-040201_616937-002351.parquet,36315,downloaded,36315,
2026-07-17,NSE,INFY,raw_l2/trade_date=2026-07-17/exchange=NSE/symbol=INFY/part-040326_775598-002543.parquet,real_data_sample\l2_unseen_validation\trade_date=2026-07-17\exchange=NSE\symbol=INFY\part-040326_775598-002543.parquet,36369,downloaded,36369,
2026-07-17,NSE,INFY,raw_l2/trade_date=2026-07-17/exchange=NSE/symbol=INFY/part-040355_214865-002607.parquet,real_data_sample\l2_unseen_validation\trade_date=2026-07-17\exchange=NSE\symbol=INFY\part-040355_214865-002607.parquet,36310,downloaded,36310,
2026-07-17,NSE,INFY,raw_l2/trade_date=2026-07-17/exchange=NSE/symbol=INFY/part-040038_535134-002159.parquet,real_data_sample\l2_unseen_validation\trade_date=2026-07-17\exchange=NSE\symbol=INFY\part-040038_535134-002159.parquet,36412,downloaded,36412,
2026-07-17,NSE,INFY,raw_l2/trade_date=2026-07-17/exchange=NSE/symbol=INFY/part-040437_117620-002703.parquet,real_data_sample\l2_unseen_validation\trade_date=2026-07-17\exchange=NSE\symbol=INFY\part-040437_117620-002703.parquet,36472,downloaded,36472,
2026-07-17,NSE,INFY,raw_l2/trade_date=2026-07-17/exchange=NSE/symbol=INFY/part-040409_208807-002639.parquet,real_data_sample\l2_unseen_validation\trade_date=2026-07-17\exchange=NSE\symbol=INFY\part-040409_208807-002639.parquet,36493,downloaded,36493,
2026-07-17,NSE,INFY,raw_l2/trade_date=2026-07-17/exchange=NSE/symbol=INFY/part-040243_813198-002447.parquet,real_data_sample\l2_unseen_validation\trade_date=2026-07-17\exchange=NSE\symbol=INFY\part-040243_813198-002447.parquet,36527,downloaded,36527,
2026-07-17,NSE,INFY,raw_l2/trade_date=2026-07-17/exchange=NSE/symbol=INFY/part-040258_118591-002479.parquet,real_data_sample\l2_unseen_validation\trade_date=2026-07-17\exchange=NSE\symbol=INFY\part-040258_118591-002479.parquet,36184,downloaded,36184,
2026-07-17,NSE,INFY,raw_l2/trade_date=2026-07-17/exchange=NSE/symbol=INFY/part-035804_077298-001807.parquet,real_data_sample\l2_unseen_validation\trade_date=2026-07-17\exchange=NSE\symbol=INFY\part-035804_077298-001807.parquet,36425,downloaded,36425,
2026-07-17,NSE,INFY,raw_l2/trade_date=2026-07-17/exchange=NSE/symbol=INFY/part-040229_427342-002415.parquet,real_data_sample\l2_unseen_validation\trade_date=2026-07-17\exchange=NSE\symbol=INFY\part-040229_427342-002415.parquet,36092,downloaded,36092,
2026-07-17,NSE,INFY,raw_l2/trade_date=2026-07-17/exchange=NSE/symbol=INFY/part-040215_555079-002383.parquet,real_data_sample\l2_unseen_validation\trade_date=2026-07-17\exchange=NSE\symbol=INFY\part-040215_555079-002383.parquet,36406,downloaded,36406,
2026-07-17,NSE,INFY,raw_l2/trade_date=2026-07-17/exchange=NSE/symbol=INFY/part-040312_634779-002511.parquet,real_data_sample\l2_unseen_validation\trade_date=2026-07-17\exchange=NSE\symbol=INFY\part-040312_634779-002511.parquet,36595,downloaded,36595,
2026-07-17,NSE,INFY,raw_l2/trade_date=2026-07-17/exchange=NSE/symbol=INFY/part-040505_358818-002767.parquet,real_data_sample\l2_unseen_validation\trade_date=2026-07-17\exchange=NSE\symbol=INFY\part-040505_358818-002767.parquet,36308,downloaded,36308,
2026-07-17,NSE,INFY,raw_l2/trade_date=2026-07-17/exchange=NSE/symbol=INFY/part-040340_960446-002575.parquet,real_data_sample\l2_unseen_validation\trade_date=2026-07-17\exchange=NSE\symbol=INFY\part-040340_960446-002575.parquet,36065,downloaded,36065,
2026-07-17,NSE,INFY,raw_l2/trade_date=2026-07-17/exchange=NSE/symbol=INFY/part-040423_136572-002671.parquet,real_data_sample\l2_unseen_validation\trade_date=2026-07-17\exchange=NSE\symbol=INFY\part-040423_136572-002671.parquet,36340,downloaded,36340,
2026-07-17,NSE,INFY,raw_l2/trade_date=2026-07-17/exchange=NSE/symbol=INFY/part-040451_053598-002735.parquet,real_data_sample\l2_unseen_validation\trade_date=2026-07-17\exchange=NSE\symbol=INFY\part-040451_053598-002735.parquet,36370,downloaded,36370,
2026-07-17,NSE,INFY,raw_l2/trade_date=2026-07-17/exchange=NSE/symbol=INFY/part-040519_576802-002799.parquet,real_data_sample\l2_unseen_validation\trade_date=2026-07-17\exchange=NSE\symbol=INFY\part-040519_576802-002799.parquet,36316,downloaded,36316,
2026-07-17,NSE,INFY,raw_l2/trade_date=2026-07-17/exchange=NSE/symbol=INFY/part-040533_599075-002831.parquet,real_data_sample\l2_unseen_validation\trade_date=2026-07-17\exchange=NSE\symbol=INFY\part-040533_599075-002831.parquet,36607,downloaded,36607,
2026-07-17,NSE,INFY,raw_l2/trade_date=2026-07-17/exchange=NSE/symbol=INFY/part-040547_611925-002863.parquet,real_data_sample\l2_unseen_validation\trade_date=2026-07-17\exchange=NSE\symbol=INFY\part-040547_611925-002863.parquet,36527,downloaded,36527,
2026-07-17,NSE,INFY,raw_l2/trade_date=2026-07-17/exchange=NSE/symbol=INFY/part-040601_636041-002895.parquet,real_data_sample\l2_unseen_validation\trade_date=2026-07-17\exchange=NSE\symbol=INFY\part-040601_636041-002895.parquet,36520,downloaded,36520,
2026-07-17,NSE,INFY,raw_l2/trade_date=2026-07-17/exchange=NSE/symbol=INFY/part-040711_359579-003055.parquet,real_data_sample\l2_unseen_validation\trade_date=2026-07-17\exchange=NSE\symbol=INFY\part-040711_359579-003055.parquet,36356,downloaded,36356,
2026-07-17,NSE,INFY,raw_l2/trade_date=2026-07-17/exchange=NSE/symbol=INFY/part-040629_579972-002959.parquet,real_data_sample\l2_unseen_validation\trade_date=2026-07-17\exchange=NSE\symbol=INFY\part-040629_579972-002959.parquet,36228,downloaded,36228,
2026-07-17,NSE,INFY,raw_l2/trade_date=2026-07-17/exchange=NSE/symbol=INFY/part-040643_387364-002991.parquet,real_data_sample\l2_unseen_validation\trade_date=2026-07-17\exchange=NSE\symbol=INFY\part-040643_387364-002991.parquet,36586,downloaded,36586,
2026-07-17,NSE,INFY,raw_l2/trade_date=2026-07-17/exchange=NSE/symbol=INFY/part-040657_345445-003023.parquet,real_data_sample\l2_unseen_validation\trade_date=2026-07-17\exchange=NSE\symbol=INFY\part-040657_345445-003023.parquet,36348,downloaded,36348,
2026-07-17,NSE,INFY,raw_l2/trade_date=2026-07-17/exchange=NSE/symbol=INFY/part-040822_030424-003215.parquet,real_data_sample\l2_unseen_validation\trade_date=2026-07-17\exchange=NSE\symbol=INFY\part-040822_030424-003215.parquet,36067,downloaded,36067,
2026-07-17,NSE,INFY,raw_l2/trade_date=2026-07-17/exchange=NSE/symbol=INFY/part-040615_560827-002927.parquet,real_data_sample\l2_unseen_validation\trade_date=2026-07-17\exchange=NSE\symbol=INFY\part-040615_560827-002927.parquet,36423,downloaded,36423,
2026-07-17,NSE,INFY,raw_l2/trade_date=2026-07-17/exchange=NSE/symbol=INFY/part-040739_484299-003119.parquet,real_data_sample\l2_unseen_validation\trade_date=2026-07-17\exchange=NSE\symbol=INFY\part-040739_484299-003119.parquet,36616,downloaded,36616,
2026-07-17,NSE,INFY,raw_l2/trade_date=2026-07-17/exchange=NSE/symbol=INFY/part-040725_417353-003087.parquet,real_data_sample\l2_unseen_validation\trade_date=2026-07-17\exchange=NSE\symbol=INFY\part-040725_417353-003087.parquet,36603,downloaded,36603,
2026-07-17,NSE,INFY,raw_l2/trade_date=2026-07-17/exchange=NSE/symbol=INFY/part-040753_621595-003151.parquet,real_data_sample\l2_unseen_validation\trade_date=2026-07-17\exchange=NSE\symbol=INFY\part-040753_621595-003151.parquet,36414,downloaded,36414,
2026-07-17,NSE,INFY,raw_l2/trade_date=2026-07-17/exchange=NSE/symbol=INFY/part-040807_630420-003183.parquet,real_data_sample\l2_unseen_validation\trade_date=2026-07-17\exchange=NSE\symbol=INFY\part-040807_630420-003183.parquet,36357,downloaded,36357,
2026-07-17,NSE,INFY,raw_l2/trade_date=2026-07-17/exchange=NSE/symbol=INFY/part-040850_468886-003279.parquet,real_data_sample\l2_unseen_validation\trade_date=2026-07-17\exchange=NSE\symbol=INFY\part-040850_468886-003279.parquet,36597,downloaded,36597,
2026-07-17,NSE,INFY,raw_l2/trade_date=2026-07-17/exchange=NSE/symbol=INFY/part-041015_616537-003471.parquet,real_data_sample\l2_unseen_validation\trade_date=2026-07-17\exchange=NSE\symbol=INFY\part-041015_616537-003471.parquet,35872,downloaded,35872,
2026-07-17,NSE,INFY,raw_l2/trade_date=2026-07-17/exchange=NSE/symbol=INFY/part-040947_441751-003407.parquet,real_data_sample\l2_unseen_validation\trade_date=2026-07-17\exchange=NSE\symbol=INFY\part-040947_441751-003407.parquet,36925,downloaded,36925,
2026-07-17,NSE,INFY,raw_l2/trade_date=2026-07-17/exchange=NSE/symbol=INFY/part-041001_761546-003439.parquet,real_data_sample\l2_unseen_validation\trade_date=2026-07-17\exchange=NSE\symbol=INFY\part-041001_761546-003439.parquet,36261,downloaded,36261,
2026-07-17,NSE,INFY,raw_l2/trade_date=2026-07-17/exchange=NSE/symbol=INFY/part-040904_633185-003311.parquet,real_data_sample\l2_unseen_validation\trade_date=2026-07-17\exchange=NSE\symbol=INFY\part-040904_633185-003311.parquet,36371,downloaded,36371,
2026-07-17,NSE,INFY,raw_l2/trade_date=2026-07-17/exchange=NSE/symbol=INFY/part-040918_798516-003343.parquet,real_data_sample\l2_unseen_validation\trade_date=2026-07-17\exchange=NSE\symbol=INFY\part-040918_798516-003343.parquet,36515,downloaded,36515,
2026-07-17,NSE,INFY,raw_l2/trade_date=2026-07-17/exchange=NSE/symbol=INFY/part-041303_620868-003855.parquet,real_data_sample\l2_unseen_validation\trade_date=2026-07-17\exchange=NSE\symbol=INFY\part-041303_620868-003855.parquet,36022,downloaded,36022,
2026-07-17,NSE,INFY,raw_l2/trade_date=2026-07-17/exchange=NSE/symbol=INFY/part-041126_267790-003631.parquet,real_data_sample\l2_unseen_validation\trade_date=2026-07-17\exchange=NSE\symbol=INFY\part-041126_267790-003631.parquet,36375,downloaded,36375,
2026-07-17,NSE,INFY,raw_l2/trade_date=2026-07-17/exchange=NSE/symbol=INFY/part-040933_133453-003375.parquet,real_data_sample\l2_unseen_validation\trade_date=2026-07-17\exchange=NSE\symbol=INFY\part-040933_133453-003375.parquet,36323,downloaded,36323,
2026-07-17,NSE,INFY,raw_l2/trade_date=2026-07-17/exchange=NSE/symbol=INFY/part-041249_881450-003823.parquet,real_data_sample\l2_unseen_validation\trade_date=2026-07-17\exchange=NSE\symbol=INFY\part-041249_881450-003823.parquet,36167,downloaded,36167,
2026-07-17,NSE,INFY,raw_l2/trade_date=2026-07-17/exchange=NSE/symbol=INFY/part-041154_140012-003695.parquet,real_data_sample\l2_unseen_validation\trade_date=2026-07-17\exchange=NSE\symbol=INFY\part-041154_140012-003695.parquet,36306,downloaded,36306,
2026-07-17,NSE,INFY,raw_l2/trade_date=2026-07-17/exchange=NSE/symbol=INFY/part-041222_118564-003759.parquet,real_data_sample\l2_unseen_validation\trade_date=2026-07-17\exchange=NSE\symbol=INFY\part-041222_118564-003759.parquet,36136,downloaded,36136,
2026-07-17,NSE,INFY,raw_l2/trade_date=2026-07-17/exchange=NSE/symbol=INFY/part-041235_891126-003791.parquet,real_data_sample\l2_unseen_validation\trade_date=2026-07-17\exchange=NSE\symbol=INFY\part-041235_891126-003791.parquet,36398,downloaded,36398,
2026-07-17,NSE,INFY,raw_l2/trade_date=2026-07-17/exchange=NSE/symbol=INFY/part-041208_152888-003727.parquet,real_data_sample\l2_unseen_validation\trade_date=2026-07-17\exchange=NSE\symbol=INFY\part-041208_152888-003727.parquet,36119,downloaded,36119,
2026-07-17,NSE,INFY,raw_l2/trade_date=2026-07-17/exchange=NSE/symbol=INFY/part-041140_288927-003663.parquet,real_data_sample\l2_unseen_validation\trade_date=2026-07-17\exchange=NSE\symbol=INFY\part-041140_288927-003663.parquet,36110,downloaded,36110,
2026-07-17,NSE,INFY,raw_l2/trade_date=2026-07-17/exchange=NSE/symbol=INFY/part-041441_922327-004079.parquet,real_data_sample\l2_unseen_validation\trade_date=2026-07-17\exchange=NSE\symbol=INFY\part-041441_922327-004079.parquet,36204,downloaded,36204,
2026-07-17,NSE,INFY,raw_l2/trade_date=2026-07-17/exchange=NSE/symbol=INFY/part-041029_786978-003503.parquet,real_data_sample\l2_unseen_validation\trade_date=2026-07-17\exchange=NSE\symbol=INFY\part-041029_786978-003503.parquet,36038,downloaded,36038,
2026-07-17,NSE,INFY,raw_l2/trade_date=2026-07-17/exchange=NSE/symbol=INFY/part-041427_850997-004047.parquet,real_data_sample\l2_unseen_validation\trade_date=2026-07-17\exchange=NSE\symbol=INFY\part-041427_850997-004047.parquet,36363,downloaded,36363,
2026-07-17,NSE,INFY,raw_l2/trade_date=2026-07-17/exchange=NSE/symbol=INFY/part-041043_979308-003535.parquet,real_data_sample\l2_unseen_validation\trade_date=2026-07-17\exchange=NSE\symbol=INFY\part-041043_979308-003535.parquet,36323,downloaded,36323,
2026-07-17,NSE,INFY,raw_l2/trade_date=2026-07-17/exchange=NSE/symbol=INFY/part-041455_838058-004111.parquet,real_data_sample\l2_unseen_validation\trade_date=2026-07-17\exchange=NSE\symbol=INFY\part-041455_838058-004111.parquet,36258,downloaded,36258,
2026-07-17,NSE,INFY,raw_l2/trade_date=2026-07-17/exchange=NSE/symbol=INFY/part-041112_457055-003599.parquet,real_data_sample\l2_unseen_validation\trade_date=2026-07-17\exchange=NSE\symbol=INFY\part-041112_457055-003599.parquet,36016,downloaded,36016,
2026-07-17,NSE,INFY,raw_l2/trade_date=2026-07-17/exchange=NSE/symbol=INFY/part-041413_891279-004015.parquet,real_data_sample\l2_unseen_validation\trade_date=2026-07-17\exchange=NSE\symbol=INFY\part-041413_891279-004015.parquet,37052,downloaded,37052,
2026-07-17,NSE,INFY,raw_l2/trade_date=2026-07-17/exchange=NSE/symbol=INFY/part-041331_684462-003919.parquet,real_data_sample\l2_unseen_validation\trade_date=2026-07-17\exchange=NSE\symbol=INFY\part-041331_684462-003919.parquet,36001,downloaded,36001,
2026-07-17,NSE,INFY,raw_l2/trade_date=2026-07-17/exchange=NSE/symbol=INFY/part-041359_774784-003983.parquet,real_data_sample\l2_unseen_validation\trade_date=2026-07-17\exchange=NSE\symbol=INFY\part-041359_774784-003983.parquet,36093,downloaded,36093,
2026-07-17,NSE,INFY,raw_l2/trade_date=2026-07-17/exchange=NSE/symbol=INFY/part-041317_558807-003887.parquet,real_data_sample\l2_unseen_validation\trade_date=2026-07-17\exchange=NSE\symbol=INFY\part-041317_558807-003887.parquet,36147,downloaded,36147,
2026-07-17,NSE,INFY,raw_l2/trade_date=2026-07-17/exchange=NSE/symbol=INFY/part-041509_825271-004143.parquet,real_data_sample\l2_unseen_validation\trade_date=2026-07-17\exchange=NSE\symbol=INFY\part-041509_825271-004143.parquet,36188,downloaded,36188,
2026-07-17,NSE,INFY,raw_l2/trade_date=2026-07-17/exchange=NSE/symbol=INFY/part-041523_663008-004175.parquet,real_data_sample\l2_unseen_validation\trade_date=2026-07-17\exchange=NSE\symbol=INFY\part-041523_663008-004175.parquet,36284,downloaded,36284,
2026-07-17,NSE,INFY,raw_l2/trade_date=2026-07-17/exchange=NSE/symbol=INFY/part-041345_718686-003951.parquet,real_data_sample\l2_unseen_validation\trade_date=2026-07-17\exchange=NSE\symbol=INFY\part-041345_718686-003951.parquet,36301,downloaded,36301,
2026-07-17,NSE,INFY,raw_l2/trade_date=2026-07-17/exchange=NSE/symbol=INFY/part-041537_546265-004207.parquet,real_data_sample\l2_unseen_validation\trade_date=2026-07-17\exchange=NSE\symbol=INFY\part-041537_546265-004207.parquet,36177,downloaded,36177,
2026-07-17,NSE,INFY,raw_l2/trade_date=2026-07-17/exchange=NSE/symbol=INFY/part-041552_789027-004239.parquet,real_data_sample\l2_unseen_validation\trade_date=2026-07-17\exchange=NSE\symbol=INFY\part-041552_789027-004239.parquet,36419,downloaded,36419,
2026-07-17,NSE,INFY,raw_l2/trade_date=2026-07-17/exchange=NSE/symbol=INFY/part-041058_350050-003567.parquet,real_data_sample\l2_unseen_validation\trade_date=2026-07-17\exchange=NSE\symbol=INFY\part-041058_350050-003567.parquet,36138,downloaded,36138,
2026-07-17,NSE,INFY,raw_l2/trade_date=2026-07-17/exchange=NSE/symbol=INFY/part-041811_261279-004559.parquet,real_data_sample\l2_unseen_validation\trade_date=2026-07-17\exchange=NSE\symbol=INFY\part-041811_261279-004559.parquet,36641,downloaded,36641,
2026-07-17,NSE,INFY,raw_l2/trade_date=2026-07-17/exchange=NSE/symbol=INFY/part-040836_098118-003247.parquet,real_data_sample\l2_unseen_validation\trade_date=2026-07-17\exchange=NSE\symbol=INFY\part-040836_098118-003247.parquet,36412,downloaded,36412,
2026-07-17,NSE,INFY,raw_l2/trade_date=2026-07-17/exchange=NSE/symbol=INFY/part-041620_359236-004303.parquet,real_data_sample\l2_unseen_validation\trade_date=2026-07-17\exchange=NSE\symbol=INFY\part-041620_359236-004303.parquet,36334,downloaded,36334,
2026-07-17,NSE,INFY,raw_l2/trade_date=2026-07-17/exchange=NSE/symbol=INFY/part-041729_900920-004463.parquet,real_data_sample\l2_unseen_validation\trade_date=2026-07-17\exchange=NSE\symbol=INFY\part-041729_900920-004463.parquet,36285,downloaded,36285,
2026-07-17,NSE,INFY,raw_l2/trade_date=2026-07-17/exchange=NSE/symbol=INFY/part-041935_876259-004751.parquet,real_data_sample\l2_unseen_validation\trade_date=2026-07-17\exchange=NSE\symbol=INFY\part-041935_876259-004751.parquet,36569,downloaded,36569,
2026-07-17,NSE,INFY,raw_l2/trade_date=2026-07-17/exchange=NSE/symbol=INFY/part-041743_770177-004495.parquet,real_data_sample\l2_unseen_validation\trade_date=2026-07-17\exchange=NSE\symbol=INFY\part-041743_770177-004495.parquet,36399,downloaded,36399,
2026-07-17,NSE,INFY,raw_l2/trade_date=2026-07-17/exchange=NSE/symbol=INFY/part-042003_791624-004815.parquet,real_data_sample\l2_unseen_validation\trade_date=2026-07-17\exchange=NSE\symbol=INFY\part-042003_791624-004815.parquet,36472,downloaded,36472,
2026-07-17,NSE,INFY,raw_l2/trade_date=2026-07-17/exchange=NSE/symbol=INFY/part-042209_130147-005103.parquet,real_data_sample\l2_unseen_validation\trade_date=2026-07-17\exchange=NSE\symbol=INFY\part-042209_130147-005103.parquet,36373,downloaded,36373,
2026-07-17,NSE,INFY,raw_l2/trade_date=2026-07-17/exchange=NSE/symbol=INFY/part-041701_812318-004399.parquet,real_data_sample\l2_unseen_validation\trade_date=2026-07-17\exchange=NSE\symbol=INFY\part-041701_812318-004399.parquet,35840,downloaded,35840,
2026-07-17,NSE,INFY,raw_l2/trade_date=2026-07-17/exchange=NSE/symbol=INFY/part-042017_828165-004847.parquet,real_data_sample\l2_unseen_validation\trade_date=2026-07-17\exchange=NSE\symbol=INFY\part-042017_828165-004847.parquet,36266,downloaded,36266,
2026-07-17,NSE,INFY,raw_l2/trade_date=2026-07-17/exchange=NSE/symbol=INFY/part-041949_921707-004783.parquet,real_data_sample\l2_unseen_validation\trade_date=2026-07-17\exchange=NSE\symbol=INFY\part-041949_921707-004783.parquet,36580,downloaded,36580,
2026-07-17,NSE,INFY,raw_l2/trade_date=2026-07-17/exchange=NSE/symbol=INFY/part-041921_795222-004719.parquet,real_data_sample\l2_unseen_validation\trade_date=2026-07-17\exchange=NSE\symbol=INFY\part-041921_795222-004719.parquet,36349,downloaded,36349,
2026-07-17,NSE,INFY,raw_l2/trade_date=2026-07-17/exchange=NSE/symbol=INFY/part-041757_580353-004527.parquet,real_data_sample\l2_unseen_validation\trade_date=2026-07-17\exchange=NSE\symbol=INFY\part-041757_580353-004527.parquet,36042,downloaded,36042,
2026-07-17,NSE,INFY,raw_l2/trade_date=2026-07-17/exchange=NSE/symbol=INFY/part-041825_045480-004591.parquet,real_data_sample\l2_unseen_validation\trade_date=2026-07-17\exchange=NSE\symbol=INFY\part-041825_045480-004591.parquet,36335,downloaded,36335,
2026-07-17,NSE,INFY,raw_l2/trade_date=2026-07-17/exchange=NSE/symbol=INFY/part-041606_594092-004271.parquet,real_data_sample\l2_unseen_validation\trade_date=2026-07-17\exchange=NSE\symbol=INFY\part-041606_594092-004271.parquet,36078,downloaded,36078,
2026-07-17,NSE,INFY,raw_l2/trade_date=2026-07-17/exchange=NSE/symbol=INFY/part-041715_533330-004431.parquet,real_data_sample\l2_unseen_validation\trade_date=2026-07-17\exchange=NSE\symbol=INFY\part-041715_533330-004431.parquet,36212,downloaded,36212,
2026-07-17,NSE,INFY,raw_l2/trade_date=2026-07-17/exchange=NSE/symbol=INFY/part-042141_115058-005039.parquet,real_data_sample\l2_unseen_validation\trade_date=2026-07-17\exchange=NSE\symbol=INFY\part-042141_115058-005039.parquet,36669,downloaded,36669,
2026-07-17,NSE,INFY,raw_l2/trade_date=2026-07-17/exchange=NSE/symbol=INFY/part-041634_017045-004335.parquet,real_data_sample\l2_unseen_validation\trade_date=2026-07-17\exchange=NSE\symbol=INFY\part-041634_017045-004335.parquet,36308,downloaded,36308,
2026-07-17,NSE,INFY,raw_l2/trade_date=2026-07-17/exchange=NSE/symbol=INFY/part-042045_573239-004911.parquet,real_data_sample\l2_unseen_validation\trade_date=2026-07-17\exchange=NSE\symbol=INFY\part-042045_573239-004911.parquet,36223,downloaded,36223,
2026-07-17,NSE,INFY,raw_l2/trade_date=2026-07-17/exchange=NSE/symbol=INFY/part-042113_139628-004975.parquet,real_data_sample\l2_unseen_validation\trade_date=2026-07-17\exchange=NSE\symbol=INFY\part-042113_139628-004975.parquet,36391,downloaded,36391,
2026-07-17,NSE,INFY,raw_l2/trade_date=2026-07-17/exchange=NSE/symbol=INFY/part-041647_867097-004367.parquet,real_data_sample\l2_unseen_validation\trade_date=2026-07-17\exchange=NSE\symbol=INFY\part-041647_867097-004367.parquet,36176,downloaded,36176,
2026-07-17,NSE,INFY,raw_l2/trade_date=2026-07-17/exchange=NSE/symbol=INFY/part-041852_931396-004655.parquet,real_data_sample\l2_unseen_validation\trade_date=2026-07-17\exchange=NSE\symbol=INFY\part-041852_931396-004655.parquet,35936,downloaded,35936,
2026-07-17,NSE,INFY,raw_l2/trade_date=2026-07-17/exchange=NSE/symbol=INFY/part-042155_117685-005071.parquet,real_data_sample\l2_unseen_validation\trade_date=2026-07-17\exchange=NSE\symbol=INFY\part-042155_117685-005071.parquet,36234,downloaded,36234,
2026-07-17,NSE,INFY,raw_l2/trade_date=2026-07-17/exchange=NSE/symbol=INFY/part-041838_855622-004623.parquet,real_data_sample\l2_unseen_validation\trade_date=2026-07-17\exchange=NSE\symbol=INFY\part-041838_855622-004623.parquet,36394,downloaded,36394,
2026-07-17,NSE,INFY,raw_l2/trade_date=2026-07-17/exchange=NSE/symbol=INFY/part-042126_982972-005007.parquet,real_data_sample\l2_unseen_validation\trade_date=2026-07-17\exchange=NSE\symbol=INFY\part-042126_982972-005007.parquet,35875,downloaded,35875,
2026-07-17,NSE,INFY,raw_l2/trade_date=2026-07-17/exchange=NSE/symbol=INFY/part-042031_631932-004879.parquet,real_data_sample\l2_unseen_validation\trade_date=2026-07-17\exchange=NSE\symbol=INFY\part-042031_631932-004879.parquet,36217,downloaded,36217,
2026-07-17,NSE,INFY,raw_l2/trade_date=2026-07-17/exchange=NSE/symbol=INFY/part-042059_264772-004943.parquet,real_data_sample\l2_unseen_validation\trade_date=2026-07-17\exchange=NSE\symbol=INFY\part-042059_264772-004943.parquet,35887,downloaded,35887,
2026-07-17,NSE,INFY,raw_l2/trade_date=2026-07-17/exchange=NSE/symbol=INFY/part-042223_196837-005135.parquet,real_data_sample\l2_unseen_validation\trade_date=2026-07-17\exchange=NSE\symbol=INFY\part-042223_196837-005135.parquet,35956,downloaded,35956,
2026-07-17,NSE,INFY,raw_l2/trade_date=2026-07-17/exchange=NSE/symbol=INFY/part-041907_420183-004687.parquet,real_data_sample\l2_unseen_validation\trade_date=2026-07-17\exchange=NSE\symbol=INFY\part-041907_420183-004687.parquet,36262,downloaded,36262,
2026-07-17,NSE,INFY,raw_l2/trade_date=2026-07-17/exchange=NSE/symbol=INFY/part-042237_045379-005167.parquet,real_data_sample\l2_unseen_validation\trade_date=2026-07-17\exchange=NSE\symbol=INFY\part-042237_045379-005167.parquet,35948,downloaded,35948,
2026-07-17,NSE,INFY,raw_l2/trade_date=2026-07-17/exchange=NSE/symbol=INFY/part-042250_852936-005199.parquet,real_data_sample\l2_unseen_validation\trade_date=2026-07-17\exchange=NSE\symbol=INFY\part-042250_852936-005199.parquet,36140,downloaded,36140,
2026-07-17,NSE,INFY,raw_l2/trade_date=2026-07-17/exchange=NSE/symbol=INFY/part-042318_895821-005263.parquet,real_data_sample\l2_unseen_validation\trade_date=2026-07-17\exchange=NSE\symbol=INFY\part-042318_895821-005263.parquet,36606,downloaded,36606,
2026-07-17,NSE,INFY,raw_l2/trade_date=2026-07-17/exchange=NSE/symbol=INFY/part-042400_824084-005359.parquet,real_data_sample\l2_unseen_validation\trade_date=2026-07-17\exchange=NSE\symbol=INFY\part-042400_824084-005359.parquet,35953,downloaded,35953,
2026-07-17,NSE,INFY,raw_l2/trade_date=2026-07-17/exchange=NSE/symbol=INFY/part-042606_253222-005647.parquet,real_data_sample\l2_unseen_validation\trade_date=2026-07-17\exchange=NSE\symbol=INFY\part-042606_253222-005647.parquet,36210,downloaded,36210,
2026-07-17,NSE,INFY,raw_l2/trade_date=2026-07-17/exchange=NSE/symbol=INFY/part-042620_258817-005679.parquet,real_data_sample\l2_unseen_validation\trade_date=2026-07-17\exchange=NSE\symbol=INFY\part-042620_258817-005679.parquet,36432,downloaded,36432,
2026-07-17,NSE,INFY,raw_l2/trade_date=2026-07-17/exchange=NSE/symbol=INFY/part-042428_594116-005423.parquet,real_data_sample\l2_unseen_validation\trade_date=2026-07-17\exchange=NSE\symbol=INFY\part-042428_594116-005423.parquet,36328,downloaded,36328,
2026-07-17,NSE,INFY,raw_l2/trade_date=2026-07-17/exchange=NSE/symbol=INFY/part-042414_587706-005391.parquet,real_data_sample\l2_unseen_validation\trade_date=2026-07-17\exchange=NSE\symbol=INFY\part-042414_587706-005391.parquet,35999,downloaded,35999,
2026-07-17,NSE,INFY,raw_l2/trade_date=2026-07-17/exchange=NSE/symbol=INFY/part-042552_084077-005615.parquet,real_data_sample\l2_unseen_validation\trade_date=2026-07-17\exchange=NSE\symbol=INFY\part-042552_084077-005615.parquet,36559,downloaded,36559,
2026-07-17,NSE,INFY,raw_l2/trade_date=2026-07-17/exchange=NSE/symbol=INFY/part-042456_308921-005487.parquet,real_data_sample\l2_unseen_validation\trade_date=2026-07-17\exchange=NSE\symbol=INFY\part-042456_308921-005487.parquet,35985,downloaded,35985,
2026-07-17,NSE,INFY,raw_l2/trade_date=2026-07-17/exchange=NSE/symbol=INFY/part-042825_904072-005967.parquet,real_data_sample\l2_unseen_validation\trade_date=2026-07-17\exchange=NSE\symbol=INFY\part-042825_904072-005967.parquet,36723,downloaded,36723,
2026-07-17,NSE,INFY,raw_l2/trade_date=2026-07-17/exchange=NSE/symbol=INFY/part-042744_302214-005871.parquet,real_data_sample\l2_unseen_validation\trade_date=2026-07-17\exchange=NSE\symbol=INFY\part-042744_302214-005871.parquet,36107,downloaded,36107,
2026-07-17,NSE,INFY,raw_l2/trade_date=2026-07-17/exchange=NSE/symbol=INFY/part-042702_429600-005775.parquet,real_data_sample\l2_unseen_validation\trade_date=2026-07-17\exchange=NSE\symbol=INFY\part-042702_429600-005775.parquet,36288,downloaded,36288,
2026-07-17,NSE,INFY,raw_l2/trade_date=2026-07-17/exchange=NSE/symbol=INFY/part-042523_981848-005551.parquet,real_data_sample\l2_unseen_validation\trade_date=2026-07-17\exchange=NSE\symbol=INFY\part-042523_981848-005551.parquet,36441,downloaded,36441,
2026-07-17,NSE,INFY,raw_l2/trade_date=2026-07-17/exchange=NSE/symbol=INFY/part-042510_107660-005519.parquet,real_data_sample\l2_unseen_validation\trade_date=2026-07-17\exchange=NSE\symbol=INFY\part-042510_107660-005519.parquet,36171,downloaded,36171,
2026-07-17,NSE,INFY,raw_l2/trade_date=2026-07-17/exchange=NSE/symbol=INFY/part-042538_239837-005583.parquet,real_data_sample\l2_unseen_validation\trade_date=2026-07-17\exchange=NSE\symbol=INFY\part-042538_239837-005583.parquet,36572,downloaded,36572,
2026-07-17,NSE,INFY,raw_l2/trade_date=2026-07-17/exchange=NSE/symbol=INFY/part-042346_888877-005327.parquet,real_data_sample\l2_unseen_validation\trade_date=2026-07-17\exchange=NSE\symbol=INFY\part-042346_888877-005327.parquet,36543,downloaded,36543,
2026-07-17,NSE,INFY,raw_l2/trade_date=2026-07-17/exchange=NSE/symbol=INFY/part-042730_470246-005839.parquet,real_data_sample\l2_unseen_validation\trade_date=2026-07-17\exchange=NSE\symbol=INFY\part-042730_470246-005839.parquet,36360,downloaded,36360,
2026-07-17,NSE,INFY,raw_l2/trade_date=2026-07-17/exchange=NSE/symbol=INFY/part-042758_045781-005903.parquet,real_data_sample\l2_unseen_validation\trade_date=2026-07-17\exchange=NSE\symbol=INFY\part-042758_045781-005903.parquet,36435,downloaded,36435,
2026-07-17,NSE,INFY,raw_l2/trade_date=2026-07-17/exchange=NSE/symbol=INFY/part-042442_665745-005455.parquet,real_data_sample\l2_unseen_validation\trade_date=2026-07-17\exchange=NSE\symbol=INFY\part-042442_665745-005455.parquet,36576,downloaded,36576,
2026-07-17,NSE,INFY,raw_l2/trade_date=2026-07-17/exchange=NSE/symbol=INFY/part-042634_439052-005711.parquet,real_data_sample\l2_unseen_validation\trade_date=2026-07-17\exchange=NSE\symbol=INFY\part-042634_439052-005711.parquet,36417,downloaded,36417,
2026-07-17,NSE,INFY,raw_l2/trade_date=2026-07-17/exchange=NSE/symbol=INFY/part-042648_404890-005743.parquet,real_data_sample\l2_unseen_validation\trade_date=2026-07-17\exchange=NSE\symbol=INFY\part-042648_404890-005743.parquet,35919,downloaded,35919,
2026-07-17,NSE,INFY,raw_l2/trade_date=2026-07-17/exchange=NSE/symbol=INFY/part-042839_878787-005999.parquet,real_data_sample\l2_unseen_validation\trade_date=2026-07-17\exchange=NSE\symbol=INFY\part-042839_878787-005999.parquet,36365,downloaded,36365,
2026-07-17,NSE,INFY,raw_l2/trade_date=2026-07-17/exchange=NSE/symbol=INFY/part-042716_402040-005807.parquet,real_data_sample\l2_unseen_validation\trade_date=2026-07-17\exchange=NSE\symbol=INFY\part-042716_402040-005807.parquet,36405,downloaded,36405,
2026-07-17,NSE,INFY,raw_l2/trade_date=2026-07-17/exchange=NSE/symbol=INFY/part-042811_841337-005935.parquet,real_data_sample\l2_unseen_validation\trade_date=2026-07-17\exchange=NSE\symbol=INFY\part-042811_841337-005935.parquet,36417,downloaded,36417,
2026-07-17,NSE,INFY,raw_l2/trade_date=2026-07-17/exchange=NSE/symbol=INFY/part-042935_656417-006127.parquet,real_data_sample\l2_unseen_validation\trade_date=2026-07-17\exchange=NSE\symbol=INFY\part-042935_656417-006127.parquet,36062,downloaded,36062,
2026-07-17,NSE,INFY,raw_l2/trade_date=2026-07-17/exchange=NSE/symbol=INFY/part-042907_664196-006063.parquet,real_data_sample\l2_unseen_validation\trade_date=2026-07-17\exchange=NSE\symbol=INFY\part-042907_664196-006063.parquet,36480,downloaded,36480,
2026-07-17,NSE,INFY,raw_l2/trade_date=2026-07-17/exchange=NSE/symbol=INFY/part-042853_813584-006031.parquet,real_data_sample\l2_unseen_validation\trade_date=2026-07-17\exchange=NSE\symbol=INFY\part-042853_813584-006031.parquet,36608,downloaded,36608,
2026-07-17,NSE,INFY,raw_l2/trade_date=2026-07-17/exchange=NSE/symbol=INFY/part-043003_637755-006191.parquet,real_data_sample\l2_unseen_validation\trade_date=2026-07-17\exchange=NSE\symbol=INFY\part-043003_637755-006191.parquet,36469,downloaded,36469,
2026-07-17,NSE,INFY,raw_l2/trade_date=2026-07-17/exchange=NSE/symbol=INFY/part-042921_648921-006095.parquet,real_data_sample\l2_unseen_validation\trade_date=2026-07-17\exchange=NSE\symbol=INFY\part-042921_648921-006095.parquet,36501,downloaded,36501,
2026-07-17,NSE,INFY,raw_l2/trade_date=2026-07-17/exchange=NSE/symbol=INFY/part-043017_945147-006223.parquet,real_data_sample\l2_unseen_validation\trade_date=2026-07-17\exchange=NSE\symbol=INFY\part-043017_945147-006223.parquet,36353,downloaded,36353,
2026-07-17,NSE,INFY,raw_l2/trade_date=2026-07-17/exchange=NSE/symbol=INFY/part-042304_784466-005231.parquet,real_data_sample\l2_unseen_validation\trade_date=2026-07-17\exchange=NSE\symbol=INFY\part-042304_784466-005231.parquet,36007,downloaded,36007,
2026-07-17,NSE,INFY,raw_l2/trade_date=2026-07-17/exchange=NSE/symbol=INFY/part-042949_633492-006159.parquet,real_data_sample\l2_unseen_validation\trade_date=2026-07-17\exchange=NSE\symbol=INFY\part-042949_633492-006159.parquet,36558,downloaded,36558,
2026-07-17,NSE,INFY,raw_l2/trade_date=2026-07-17/exchange=NSE/symbol=INFY/part-042332_831255-005295.parquet,real_data_sample\l2_unseen_validation\trade_date=2026-07-17\exchange=NSE\symbol=INFY\part-042332_831255-005295.parquet,36197,downloaded,36197,
2026-07-17,NSE,INFY,raw_l2/trade_date=2026-07-17/exchange=NSE/symbol=INFY/part-043031_871168-006255.parquet,real_data_sample\l2_unseen_validation\trade_date=2026-07-17\exchange=NSE\symbol=INFY\part-043031_871168-006255.parquet,36468,downloaded,36468,
2026-07-17,NSE,INFY,raw_l2/trade_date=2026-07-17/exchange=NSE/symbol=INFY/part-043059_327001-006319.parquet,real_data_sample\l2_unseen_validation\trade_date=2026-07-17\exchange=NSE\symbol=INFY\part-043059_327001-006319.parquet,36402,downloaded,36402,
2026-07-17,NSE,INFY,raw_l2/trade_date=2026-07-17/exchange=NSE/symbol=INFY/part-043045_592101-006287.parquet,real_data_sample\l2_unseen_validation\trade_date=2026-07-17\exchange=NSE\symbol=INFY\part-043045_592101-006287.parquet,36323,downloaded,36323,
2026-07-17,NSE,INFY,raw_l2/trade_date=2026-07-17/exchange=NSE/symbol=INFY/part-043127_614486-006383.parquet,real_data_sample\l2_unseen_validation\trade_date=2026-07-17\exchange=NSE\symbol=INFY\part-043127_614486-006383.parquet,36315,downloaded,36315,
2026-07-17,NSE,INFY,raw_l2/trade_date=2026-07-17/exchange=NSE/symbol=INFY/part-043457_927088-006863.parquet,real_data_sample\l2_unseen_validation\trade_date=2026-07-17\exchange=NSE\symbol=INFY\part-043457_927088-006863.parquet,36540,downloaded,36540,
2026-07-17,NSE,INFY,raw_l2/trade_date=2026-07-17/exchange=NSE/symbol=INFY/part-043238_117158-006543.parquet,real_data_sample\l2_unseen_validation\trade_date=2026-07-17\exchange=NSE\symbol=INFY\part-043238_117158-006543.parquet,35961,downloaded,35961,
2026-07-17,NSE,INFY,raw_l2/trade_date=2026-07-17/exchange=NSE/symbol=INFY/part-043444_109233-006831.parquet,real_data_sample\l2_unseen_validation\trade_date=2026-07-17\exchange=NSE\symbol=INFY\part-043444_109233-006831.parquet,36282,downloaded,36282,
2026-07-17,NSE,INFY,raw_l2/trade_date=2026-07-17/exchange=NSE/symbol=INFY/part-043252_051376-006575.parquet,real_data_sample\l2_unseen_validation\trade_date=2026-07-17\exchange=NSE\symbol=INFY\part-043252_051376-006575.parquet,35728,downloaded,35728,
2026-07-17,NSE,INFY,raw_l2/trade_date=2026-07-17/exchange=NSE/symbol=INFY/part-043525_615416-006927.parquet,real_data_sample\l2_unseen_validation\trade_date=2026-07-17\exchange=NSE\symbol=INFY\part-043525_615416-006927.parquet,35921,downloaded,35921,
2026-07-17,NSE,INFY,raw_l2/trade_date=2026-07-17/exchange=NSE/symbol=INFY/part-043305_894466-006607.parquet,real_data_sample\l2_unseen_validation\trade_date=2026-07-17\exchange=NSE\symbol=INFY\part-043305_894466-006607.parquet,35847,downloaded,35847,
2026-07-17,NSE,INFY,raw_l2/trade_date=2026-07-17/exchange=NSE/symbol=INFY/part-043113_414327-006351.parquet,real_data_sample\l2_unseen_validation\trade_date=2026-07-17\exchange=NSE\symbol=INFY\part-043113_414327-006351.parquet,36462,downloaded,36462,
2026-07-17,NSE,INFY,raw_l2/trade_date=2026-07-17/exchange=NSE/symbol=INFY/part-043402_097964-006735.parquet,real_data_sample\l2_unseen_validation\trade_date=2026-07-17\exchange=NSE\symbol=INFY\part-043402_097964-006735.parquet,36216,downloaded,36216,
2026-07-17,NSE,INFY,raw_l2/trade_date=2026-07-17/exchange=NSE/symbol=INFY/part-043717_363641-007183.parquet,real_data_sample\l2_unseen_validation\trade_date=2026-07-17\exchange=NSE\symbol=INFY\part-043717_363641-007183.parquet,35296,downloaded,35296,
2026-07-17,NSE,INFY,raw_l2/trade_date=2026-07-17/exchange=NSE/symbol=INFY/part-043430_144028-006799.parquet,real_data_sample\l2_unseen_validation\trade_date=2026-07-17\exchange=NSE\symbol=INFY\part-043430_144028-006799.parquet,36267,downloaded,36267,
2026-07-17,NSE,INFY,raw_l2/trade_date=2026-07-17/exchange=NSE/symbol=INFY/part-043731_211926-007215.parquet,real_data_sample\l2_unseen_validation\trade_date=2026-07-17\exchange=NSE\symbol=INFY\part-043731_211926-007215.parquet,35840,downloaded,35840,
2026-07-17,NSE,INFY,raw_l2/trade_date=2026-07-17/exchange=NSE/symbol=INFY/part-043334_154013-006671.parquet,real_data_sample\l2_unseen_validation\trade_date=2026-07-17\exchange=NSE\symbol=INFY\part-043334_154013-006671.parquet,35886,downloaded,35886,
2026-07-17,NSE,INFY,raw_l2/trade_date=2026-07-17/exchange=NSE/symbol=INFY/part-043649_471688-007119.parquet,real_data_sample\l2_unseen_validation\trade_date=2026-07-17\exchange=NSE\symbol=INFY\part-043649_471688-007119.parquet,34638,downloaded,34638,
2026-07-17,NSE,INFY,raw_l2/trade_date=2026-07-17/exchange=NSE/symbol=INFY/part-043416_273997-006767.parquet,real_data_sample\l2_unseen_validation\trade_date=2026-07-17\exchange=NSE\symbol=INFY\part-043416_273997-006767.parquet,36077,downloaded,36077,
2026-07-17,NSE,INFY,raw_l2/trade_date=2026-07-17/exchange=NSE/symbol=INFY/part-043758_823105-007279.parquet,real_data_sample\l2_unseen_validation\trade_date=2026-07-17\exchange=NSE\symbol=INFY\part-043758_823105-007279.parquet,36598,downloaded,36598,
2026-07-17,NSE,INFY,raw_l2/trade_date=2026-07-17/exchange=NSE/symbol=INFY/part-043607_379956-007023.parquet,real_data_sample\l2_unseen_validation\trade_date=2026-07-17\exchange=NSE\symbol=INFY\part-043607_379956-007023.parquet,35763,downloaded,35763,
2026-07-17,NSE,INFY,raw_l2/trade_date=2026-07-17/exchange=NSE/symbol=INFY/part-043348_157670-006703.parquet,real_data_sample\l2_unseen_validation\trade_date=2026-07-17\exchange=NSE\symbol=INFY\part-043348_157670-006703.parquet,36454,downloaded,36454,
2026-07-17,NSE,INFY,raw_l2/trade_date=2026-07-17/exchange=NSE/symbol=INFY/part-043621_330449-007055.parquet,real_data_sample\l2_unseen_validation\trade_date=2026-07-17\exchange=NSE\symbol=INFY\part-043621_330449-007055.parquet,34960,downloaded,34960,
2026-07-17,NSE,INFY,raw_l2/trade_date=2026-07-17/exchange=NSE/symbol=INFY/part-043320_056256-006639.parquet,real_data_sample\l2_unseen_validation\trade_date=2026-07-17\exchange=NSE\symbol=INFY\part-043320_056256-006639.parquet,35908,downloaded,35908,
2026-07-17,NSE,INFY,raw_l2/trade_date=2026-07-17/exchange=NSE/symbol=INFY/part-043703_413278-007151.parquet,real_data_sample\l2_unseen_validation\trade_date=2026-07-17\exchange=NSE\symbol=INFY\part-043703_413278-007151.parquet,34642,downloaded,34642,
2026-07-17,NSE,INFY,raw_l2/trade_date=2026-07-17/exchange=NSE/symbol=INFY/part-043635_297393-007087.parquet,real_data_sample\l2_unseen_validation\trade_date=2026-07-17\exchange=NSE\symbol=INFY\part-043635_297393-007087.parquet,34685,downloaded,34685,
2026-07-17,NSE,INFY,raw_l2/trade_date=2026-07-17/exchange=NSE/symbol=INFY/part-043511_644918-006895.parquet,real_data_sample\l2_unseen_validation\trade_date=2026-07-17\exchange=NSE\symbol=INFY\part-043511_644918-006895.parquet,36191,downloaded,36191,
2026-07-17,NSE,INFY,raw_l2/trade_date=2026-07-17/exchange=NSE/symbol=INFY/part-043553_354092-006991.parquet,real_data_sample\l2_unseen_validation\trade_date=2026-07-17\exchange=NSE\symbol=INFY\part-043553_354092-006991.parquet,36105,downloaded,36105,
2026-07-17,NSE,INFY,raw_l2/trade_date=2026-07-17/exchange=NSE/symbol=INFY/part-043539_417713-006959.parquet,real_data_sample\l2_unseen_validation\trade_date=2026-07-17\exchange=NSE\symbol=INFY\part-043539_417713-006959.parquet,35695,downloaded,35695,
2026-07-17,NSE,INFY,raw_l2/trade_date=2026-07-17/exchange=NSE/symbol=INFY/part-043224_032455-006511.parquet,real_data_sample\l2_unseen_validation\trade_date=2026-07-17\exchange=NSE\symbol=INFY\part-043224_032455-006511.parquet,36122,downloaded,36122,
2026-07-17,NSE,INFY,raw_l2/trade_date=2026-07-17/exchange=NSE/symbol=INFY/part-043209_648932-006479.parquet,real_data_sample\l2_unseen_validation\trade_date=2026-07-17\exchange=NSE\symbol=INFY\part-043209_648932-006479.parquet,36251,downloaded,36251,
2026-07-17,NSE,INFY,raw_l2/trade_date=2026-07-17/exchange=NSE/symbol=INFY/part-043141_736184-006415.parquet,real_data_sample\l2_unseen_validation\trade_date=2026-07-17\exchange=NSE\symbol=INFY\part-043141_736184-006415.parquet,36233,downloaded,36233,
2026-07-17,NSE,INFY,raw_l2/trade_date=2026-07-17/exchange=NSE/symbol=INFY/part-043155_616554-006447.parquet,real_data_sample\l2_unseen_validation\trade_date=2026-07-17\exchange=NSE\symbol=INFY\part-043155_616554-006447.parquet,35909,downloaded,35909,
2026-07-17,NSE,INFY,raw_l2/trade_date=2026-07-17/exchange=NSE/symbol=INFY/part-043812_618675-007311.parquet,real_data_sample\l2_unseen_validation\trade_date=2026-07-17\exchange=NSE\symbol=INFY\part-043812_618675-007311.parquet,36478,downloaded,36478,
2026-07-17,NSE,INFY,raw_l2/trade_date=2026-07-17/exchange=NSE/symbol=INFY/part-043827_243764-007343.parquet,real_data_sample\l2_unseen_validation\trade_date=2026-07-17\exchange=NSE\symbol=INFY\part-043827_243764-007343.parquet,36578,downloaded,36578,
2026-07-17,NSE,INFY,raw_l2/trade_date=2026-07-17/exchange=NSE/symbol=INFY/part-043841_356327-007375.parquet,real_data_sample\l2_unseen_validation\trade_date=2026-07-17\exchange=NSE\symbol=INFY\part-043841_356327-007375.parquet,35924,downloaded,35924,
2026-07-17,NSE,INFY,raw_l2/trade_date=2026-07-17/exchange=NSE/symbol=INFY/part-043936_539649-007503.parquet,real_data_sample\l2_unseen_validation\trade_date=2026-07-17\exchange=NSE\symbol=INFY\part-043936_539649-007503.parquet,36607,downloaded,36607,
2026-07-17,NSE,INFY,raw_l2/trade_date=2026-07-17/exchange=NSE/symbol=INFY/part-043855_435163-007407.parquet,real_data_sample\l2_unseen_validation\trade_date=2026-07-17\exchange=NSE\symbol=INFY\part-043855_435163-007407.parquet,36262,downloaded,36262,
2026-07-17,NSE,INFY,raw_l2/trade_date=2026-07-17/exchange=NSE/symbol=INFY/part-043909_326247-007439.parquet,real_data_sample\l2_unseen_validation\trade_date=2026-07-17\exchange=NSE\symbol=INFY\part-043909_326247-007439.parquet,36194,downloaded,36194,
2026-07-17,NSE,INFY,raw_l2/trade_date=2026-07-17/exchange=NSE/symbol=INFY/part-043745_098788-007247.parquet,real_data_sample\l2_unseen_validation\trade_date=2026-07-17\exchange=NSE\symbol=INFY\part-043745_098788-007247.parquet,36255,downloaded,36255,
2026-07-17,NSE,INFY,raw_l2/trade_date=2026-07-17/exchange=NSE/symbol=INFY/part-044207_761294-007855.parquet,real_data_sample\l2_unseen_validation\trade_date=2026-07-17\exchange=NSE\symbol=INFY\part-044207_761294-007855.parquet,36126,downloaded,36126,
2026-07-17,NSE,INFY,raw_l2/trade_date=2026-07-17/exchange=NSE/symbol=INFY/part-044140_290808-007791.parquet,real_data_sample\l2_unseen_validation\trade_date=2026-07-17\exchange=NSE\symbol=INFY\part-044140_290808-007791.parquet,35677,downloaded,35677,
2026-07-17,NSE,INFY,raw_l2/trade_date=2026-07-17/exchange=NSE/symbol=INFY/part-044045_328142-007663.parquet,real_data_sample\l2_unseen_validation\trade_date=2026-07-17\exchange=NSE\symbol=INFY\part-044045_328142-007663.parquet,36075,downloaded,36075,
2026-07-17,NSE,INFY,raw_l2/trade_date=2026-07-17/exchange=NSE/symbol=INFY/part-043922_981397-007471.parquet,real_data_sample\l2_unseen_validation\trade_date=2026-07-17\exchange=NSE\symbol=INFY\part-043922_981397-007471.parquet,36501,downloaded,36501,
2026-07-17,NSE,INFY,raw_l2/trade_date=2026-07-17/exchange=NSE/symbol=INFY/part-044058_991628-007695.parquet,real_data_sample\l2_unseen_validation\trade_date=2026-07-17\exchange=NSE\symbol=INFY\part-044058_991628-007695.parquet,36388,downloaded,36388,
2026-07-17,NSE,INFY,raw_l2/trade_date=2026-07-17/exchange=NSE/symbol=INFY/part-044126_546799-007759.parquet,real_data_sample\l2_unseen_validation\trade_date=2026-07-17\exchange=NSE\symbol=INFY\part-044126_546799-007759.parquet,36310,downloaded,36310,
2026-07-17,NSE,INFY,raw_l2/trade_date=2026-07-17/exchange=NSE/symbol=INFY/part-044221_608519-007887.parquet,real_data_sample\l2_unseen_validation\trade_date=2026-07-17\exchange=NSE\symbol=INFY\part-044221_608519-007887.parquet,35942,downloaded,35942,
2026-07-17,NSE,INFY,raw_l2/trade_date=2026-07-17/exchange=NSE/symbol=INFY/part-044454_058201-008239.parquet,real_data_sample\l2_unseen_validation\trade_date=2026-07-17\exchange=NSE\symbol=INFY\part-044454_058201-008239.parquet,34394,downloaded,34394,
2026-07-17,NSE,INFY,raw_l2/trade_date=2026-07-17/exchange=NSE/symbol=INFY/part-044154_053145-007823.parquet,real_data_sample\l2_unseen_validation\trade_date=2026-07-17\exchange=NSE\symbol=INFY\part-044154_053145-007823.parquet,35672,downloaded,35672,
2026-07-17,NSE,INFY,raw_l2/trade_date=2026-07-17/exchange=NSE/symbol=INFY/part-044112_805251-007727.parquet,real_data_sample\l2_unseen_validation\trade_date=2026-07-17\exchange=NSE\symbol=INFY\part-044112_805251-007727.parquet,36628,downloaded,36628,
2026-07-17,NSE,INFY,raw_l2/trade_date=2026-07-17/exchange=NSE/symbol=INFY/part-044507_792541-008271.parquet,real_data_sample\l2_unseen_validation\trade_date=2026-07-17\exchange=NSE\symbol=INFY\part-044507_792541-008271.parquet,34753,downloaded,34753,
2026-07-17,NSE,INFY,raw_l2/trade_date=2026-07-17/exchange=NSE/symbol=INFY/part-044235_608995-007919.parquet,real_data_sample\l2_unseen_validation\trade_date=2026-07-17\exchange=NSE\symbol=INFY\part-044235_608995-007919.parquet,35824,downloaded,35824,
2026-07-17,NSE,INFY,raw_l2/trade_date=2026-07-17/exchange=NSE/symbol=INFY/part-044017_845346-007599.parquet,real_data_sample\l2_unseen_validation\trade_date=2026-07-17\exchange=NSE\symbol=INFY\part-044017_845346-007599.parquet,36504,downloaded,36504,
2026-07-17,NSE,INFY,raw_l2/trade_date=2026-07-17/exchange=NSE/symbol=INFY/part-044031_591675-007631.parquet,real_data_sample\l2_unseen_validation\trade_date=2026-07-17\exchange=NSE\symbol=INFY\part-044031_591675-007631.parquet,36325,downloaded,36325,
2026-07-17,NSE,INFY,raw_l2/trade_date=2026-07-17/exchange=NSE/symbol=INFY/part-044004_047519-007567.parquet,real_data_sample\l2_unseen_validation\trade_date=2026-07-17\exchange=NSE\symbol=INFY\part-044004_047519-007567.parquet,36485,downloaded,36485,
2026-07-17,NSE,INFY,raw_l2/trade_date=2026-07-17/exchange=NSE/symbol=INFY/part-044440_099105-008207.parquet,real_data_sample\l2_unseen_validation\trade_date=2026-07-17\exchange=NSE\symbol=INFY\part-044440_099105-008207.parquet,34700,downloaded,34700,
2026-07-17,NSE,INFY,raw_l2/trade_date=2026-07-17/exchange=NSE/symbol=INFY/part-044358_828900-008111.parquet,real_data_sample\l2_unseen_validation\trade_date=2026-07-17\exchange=NSE\symbol=INFY\part-044358_828900-008111.parquet,36396,downloaded,36396,
2026-07-17,NSE,INFY,raw_l2/trade_date=2026-07-17/exchange=NSE/symbol=INFY/part-044412_581386-008143.parquet,real_data_sample\l2_unseen_validation\trade_date=2026-07-17\exchange=NSE\symbol=INFY\part-044412_581386-008143.parquet,36363,downloaded,36363,
2026-07-17,NSE,INFY,raw_l2/trade_date=2026-07-17/exchange=NSE/symbol=INFY/part-043950_356997-007535.parquet,real_data_sample\l2_unseen_validation\trade_date=2026-07-17\exchange=NSE\symbol=INFY\part-043950_356997-007535.parquet,36666,downloaded,36666,
2026-07-17,NSE,INFY,raw_l2/trade_date=2026-07-17/exchange=NSE/symbol=INFY/part-044426_264395-008175.parquet,real_data_sample\l2_unseen_validation\trade_date=2026-07-17\exchange=NSE\symbol=INFY\part-044426_264395-008175.parquet,34663,downloaded,34663,
2026-07-17,NSE,INFY,raw_l2/trade_date=2026-07-17/exchange=NSE/symbol=INFY/part-044345_047626-008079.parquet,real_data_sample\l2_unseen_validation\trade_date=2026-07-17\exchange=NSE\symbol=INFY\part-044345_047626-008079.parquet,35719,downloaded,35719,
2026-07-17,NSE,INFY,raw_l2/trade_date=2026-07-17/exchange=NSE/symbol=INFY/part-044249_562768-007951.parquet,real_data_sample\l2_unseen_validation\trade_date=2026-07-17\exchange=NSE\symbol=INFY\part-044249_562768-007951.parquet,35797,downloaded,35797,
2026-07-17,NSE,INFY,raw_l2/trade_date=2026-07-17/exchange=NSE/symbol=INFY/part-044331_283356-008047.parquet,real_data_sample\l2_unseen_validation\trade_date=2026-07-17\exchange=NSE\symbol=INFY\part-044331_283356-008047.parquet,35796,downloaded,35796,
2026-07-17,NSE,INFY,raw_l2/trade_date=2026-07-17/exchange=NSE/symbol=INFY/part-044303_322967-007983.parquet,real_data_sample\l2_unseen_validation\trade_date=2026-07-17\exchange=NSE\symbol=INFY\part-044303_322967-007983.parquet,35399,downloaded,35399,
2026-07-17,NSE,INFY,raw_l2/trade_date=2026-07-17/exchange=NSE/symbol=INFY/part-044317_318620-008015.parquet,real_data_sample\l2_unseen_validation\trade_date=2026-07-17\exchange=NSE\symbol=INFY\part-044317_318620-008015.parquet,35400,downloaded,35400,
2026-07-17,NSE,INFY,raw_l2/trade_date=2026-07-17/exchange=NSE/symbol=INFY/part-044521_554152-008303.parquet,real_data_sample\l2_unseen_validation\trade_date=2026-07-17\exchange=NSE\symbol=INFY\part-044521_554152-008303.parquet,35722,downloaded,35722,
2026-07-17,NSE,INFY,raw_l2/trade_date=2026-07-17/exchange=NSE/symbol=INFY/part-044535_276299-008335.parquet,real_data_sample\l2_unseen_validation\trade_date=2026-07-17\exchange=NSE\symbol=INFY\part-044535_276299-008335.parquet,36096,downloaded,36096,
2026-07-17,NSE,INFY,raw_l2/trade_date=2026-07-17/exchange=NSE/symbol=INFY/part-044602_919264-008399.parquet,real_data_sample\l2_unseen_validation\trade_date=2026-07-17\exchange=NSE\symbol=INFY\part-044602_919264-008399.parquet,36278,downloaded,36278,
2026-07-17,NSE,INFY,raw_l2/trade_date=2026-07-17/exchange=NSE/symbol=INFY/part-044658_347932-008527.parquet,real_data_sample\l2_unseen_validation\trade_date=2026-07-17\exchange=NSE\symbol=INFY\part-044658_347932-008527.parquet,34683,downloaded,34683,
2026-07-17,NSE,INFY,raw_l2/trade_date=2026-07-17/exchange=NSE/symbol=INFY/part-044957_787707-008943.parquet,real_data_sample\l2_unseen_validation\trade_date=2026-07-17\exchange=NSE\symbol=INFY\part-044957_787707-008943.parquet,35816,downloaded,35816,
2026-07-17,NSE,INFY,raw_l2/trade_date=2026-07-17/exchange=NSE/symbol=INFY/part-045038_768440-009039.parquet,real_data_sample\l2_unseen_validation\trade_date=2026-07-17\exchange=NSE\symbol=INFY\part-045038_768440-009039.parquet,34623,downloaded,34623,
2026-07-17,NSE,INFY,raw_l2/trade_date=2026-07-17/exchange=NSE/symbol=INFY/part-044725_819412-008591.parquet,real_data_sample\l2_unseen_validation\trade_date=2026-07-17\exchange=NSE\symbol=INFY\part-044725_819412-008591.parquet,36061,downloaded,36061,
2026-07-17,NSE,INFY,raw_l2/trade_date=2026-07-17/exchange=NSE/symbol=INFY/part-044712_061494-008559.parquet,real_data_sample\l2_unseen_validation\trade_date=2026-07-17\exchange=NSE\symbol=INFY\part-044712_061494-008559.parquet,34824,downloaded,34824,
2026-07-17,NSE,INFY,raw_l2/trade_date=2026-07-17/exchange=NSE/symbol=INFY/part-044739_832924-008623.parquet,real_data_sample\l2_unseen_validation\trade_date=2026-07-17\exchange=NSE\symbol=INFY\part-044739_832924-008623.parquet,36429,downloaded,36429,
2026-07-17,NSE,INFY,raw_l2/trade_date=2026-07-17/exchange=NSE/symbol=INFY/part-045025_218608-009007.parquet,real_data_sample\l2_unseen_validation\trade_date=2026-07-17\exchange=NSE\symbol=INFY\part-045025_218608-009007.parquet,34642,downloaded,34642,
2026-07-17,NSE,INFY,raw_l2/trade_date=2026-07-17/exchange=NSE/symbol=INFY/part-045202_432004-009231.parquet,real_data_sample\l2_unseen_validation\trade_date=2026-07-17\exchange=NSE\symbol=INFY\part-045202_432004-009231.parquet,36021,downloaded,36021,
2026-07-17,NSE,INFY,raw_l2/trade_date=2026-07-17/exchange=NSE/symbol=INFY/part-044944_081898-008911.parquet,real_data_sample\l2_unseen_validation\trade_date=2026-07-17\exchange=NSE\symbol=INFY\part-044944_081898-008911.parquet,35630,downloaded,35630,
2026-07-17,NSE,INFY,raw_l2/trade_date=2026-07-17/exchange=NSE/symbol=INFY/part-044849_047067-008783.parquet,real_data_sample\l2_unseen_validation\trade_date=2026-07-17\exchange=NSE\symbol=INFY\part-044849_047067-008783.parquet,35846,downloaded,35846,
2026-07-17,NSE,INFY,raw_l2/trade_date=2026-07-17/exchange=NSE/symbol=INFY/part-045011_505747-008975.parquet,real_data_sample\l2_unseen_validation\trade_date=2026-07-17\exchange=NSE\symbol=INFY\part-045011_505747-008975.parquet,36052,downloaded,36052,
2026-07-17,NSE,INFY,raw_l2/trade_date=2026-07-17/exchange=NSE/symbol=INFY/part-044753_793881-008655.parquet,real_data_sample\l2_unseen_validation\trade_date=2026-07-17\exchange=NSE\symbol=INFY\part-044753_793881-008655.parquet,36484,downloaded,36484,
2026-07-17,NSE,INFY,raw_l2/trade_date=2026-07-17/exchange=NSE/symbol=INFY/part-044821_359509-008719.parquet,real_data_sample\l2_unseen_validation\trade_date=2026-07-17\exchange=NSE\symbol=INFY\part-044821_359509-008719.parquet,36463,downloaded,36463,
2026-07-17,NSE,INFY,raw_l2/trade_date=2026-07-17/exchange=NSE/symbol=INFY/part-045243_836671-009327.parquet,real_data_sample\l2_unseen_validation\trade_date=2026-07-17\exchange=NSE\symbol=INFY\part-045243_836671-009327.parquet,35980,downloaded,35980,
2026-07-17,NSE,INFY,raw_l2/trade_date=2026-07-17/exchange=NSE/symbol=INFY/part-045216_251968-009263.parquet,real_data_sample\l2_unseen_validation\trade_date=2026-07-17\exchange=NSE\symbol=INFY\part-045216_251968-009263.parquet,36019,downloaded,36019,
2026-07-17,NSE,INFY,raw_l2/trade_date=2026-07-17/exchange=NSE/symbol=INFY/part-044807_566916-008687.parquet,real_data_sample\l2_unseen_validation\trade_date=2026-07-17\exchange=NSE\symbol=INFY\part-044807_566916-008687.parquet,36023,downloaded,36023,
2026-07-17,NSE,INFY,raw_l2/trade_date=2026-07-17/exchange=NSE/symbol=INFY/part-045120_567609-009135.parquet,real_data_sample\l2_unseen_validation\trade_date=2026-07-17\exchange=NSE\symbol=INFY\part-045120_567609-009135.parquet,35592,downloaded,35592,
2026-07-17,NSE,INFY,raw_l2/trade_date=2026-07-17/exchange=NSE/symbol=INFY/part-045134_439238-009167.parquet,real_data_sample\l2_unseen_validation\trade_date=2026-07-17\exchange=NSE\symbol=INFY\part-045134_439238-009167.parquet,36193,downloaded,36193,
2026-07-17,NSE,INFY,raw_l2/trade_date=2026-07-17/exchange=NSE/symbol=INFY/part-044930_338467-008879.parquet,real_data_sample\l2_unseen_validation\trade_date=2026-07-17\exchange=NSE\symbol=INFY\part-044930_338467-008879.parquet,35811,downloaded,35811,
2026-07-17,NSE,INFY,raw_l2/trade_date=2026-07-17/exchange=NSE/symbol=INFY/part-045230_102887-009295.parquet,real_data_sample\l2_unseen_validation\trade_date=2026-07-17\exchange=NSE\symbol=INFY\part-045230_102887-009295.parquet,36104,downloaded,36104,
2026-07-17,NSE,INFY,raw_l2/trade_date=2026-07-17/exchange=NSE/symbol=INFY/part-044916_561670-008847.parquet,real_data_sample\l2_unseen_validation\trade_date=2026-07-17\exchange=NSE\symbol=INFY\part-044916_561670-008847.parquet,35905,downloaded,35905,
2026-07-17,NSE,INFY,raw_l2/trade_date=2026-07-17/exchange=NSE/symbol=INFY/part-044835_355562-008751.parquet,real_data_sample\l2_unseen_validation\trade_date=2026-07-17\exchange=NSE\symbol=INFY\part-044835_355562-008751.parquet,36181,downloaded,36181,
2026-07-17,NSE,INFY,raw_l2/trade_date=2026-07-17/exchange=NSE/symbol=INFY/part-045106_516671-009103.parquet,real_data_sample\l2_unseen_validation\trade_date=2026-07-17\exchange=NSE\symbol=INFY\part-045106_516671-009103.parquet,34691,downloaded,34691,
2026-07-17,NSE,INFY,raw_l2/trade_date=2026-07-17/exchange=NSE/symbol=INFY/part-044630_583215-008463.parquet,real_data_sample\l2_unseen_validation\trade_date=2026-07-17\exchange=NSE\symbol=INFY\part-044630_583215-008463.parquet,34703,downloaded,34703,
2026-07-17,NSE,INFY,raw_l2/trade_date=2026-07-17/exchange=NSE/symbol=INFY/part-045148_332612-009199.parquet,real_data_sample\l2_unseen_validation\trade_date=2026-07-17\exchange=NSE\symbol=INFY\part-045148_332612-009199.parquet,36101,downloaded,36101,
2026-07-17,NSE,INFY,raw_l2/trade_date=2026-07-17/exchange=NSE/symbol=INFY/part-045052_505603-009071.parquet,real_data_sample\l2_unseen_validation\trade_date=2026-07-17\exchange=NSE\symbol=INFY\part-045052_505603-009071.parquet,34595,downloaded,34595,
2026-07-17,NSE,INFY,raw_l2/trade_date=2026-07-17/exchange=NSE/symbol=INFY/part-044902_808832-008815.parquet,real_data_sample\l2_unseen_validation\trade_date=2026-07-17\exchange=NSE\symbol=INFY\part-044902_808832-008815.parquet,36177,downloaded,36177,
2026-07-17,NSE,INFY,raw_l2/trade_date=2026-07-17/exchange=NSE/symbol=INFY/part-044549_076710-008367.parquet,real_data_sample\l2_unseen_validation\trade_date=2026-07-17\exchange=NSE\symbol=INFY\part-044549_076710-008367.parquet,36248,downloaded,36248,
2026-07-17,NSE,INFY,raw_l2/trade_date=2026-07-17/exchange=NSE/symbol=INFY/part-044616_799745-008431.parquet,real_data_sample\l2_unseen_validation\trade_date=2026-07-17\exchange=NSE\symbol=INFY\part-044616_799745-008431.parquet,35726,downloaded,35726,
2026-07-17,NSE,INFY,raw_l2/trade_date=2026-07-17/exchange=NSE/symbol=INFY/part-045339_602075-009455.parquet,real_data_sample\l2_unseen_validation\trade_date=2026-07-17\exchange=NSE\symbol=INFY\part-045339_602075-009455.parquet,35756,downloaded,35756,
2026-07-17,NSE,INFY,raw_l2/trade_date=2026-07-17/exchange=NSE/symbol=INFY/part-045311_852168-009391.parquet,real_data_sample\l2_unseen_validation\trade_date=2026-07-17\exchange=NSE\symbol=INFY\part-045311_852168-009391.parquet,35856,downloaded,35856,
2026-07-17,NSE,INFY,raw_l2/trade_date=2026-07-17/exchange=NSE/symbol=INFY/part-044644_378224-008495.parquet,real_data_sample\l2_unseen_validation\trade_date=2026-07-17\exchange=NSE\symbol=INFY\part-044644_378224-008495.parquet,34701,downloaded,34701,
2026-07-17,NSE,INFY,raw_l2/trade_date=2026-07-17/exchange=NSE/symbol=INFY/part-050027_833934-010383.parquet,real_data_sample\l2_unseen_validation\trade_date=2026-07-17\exchange=NSE\symbol=INFY\part-050027_833934-010383.parquet,35763,downloaded,35763,
2026-07-17,NSE,INFY,raw_l2/trade_date=2026-07-17/exchange=NSE/symbol=INFY/part-050014_018133-010351.parquet,real_data_sample\l2_unseen_validation\trade_date=2026-07-17\exchange=NSE\symbol=INFY\part-050014_018133-010351.parquet,36224,downloaded,36224,
2026-07-17,NSE,INFY,raw_l2/trade_date=2026-07-17/exchange=NSE/symbol=INFY/part-050041_704403-010415.parquet,real_data_sample\l2_unseen_validation\trade_date=2026-07-17\exchange=NSE\symbol=INFY\part-050041_704403-010415.parquet,36330,downloaded,36330,
2026-07-17,NSE,INFY,raw_l2/trade_date=2026-07-17/exchange=NSE/symbol=INFY/part-050109_652794-010479.parquet,real_data_sample\l2_unseen_validation\trade_date=2026-07-17\exchange=NSE\symbol=INFY\part-050109_652794-010479.parquet,35827,downloaded,35827,
2026-07-17,NSE,INFY,raw_l2/trade_date=2026-07-17/exchange=NSE/symbol=INFY/part-050055_653046-010447.parquet,real_data_sample\l2_unseen_validation\trade_date=2026-07-17\exchange=NSE\symbol=INFY\part-050055_653046-010447.parquet,35939,downloaded,35939,
2026-07-17,NSE,INFY,raw_l2/trade_date=2026-07-17/exchange=NSE/symbol=INFY/part-050137_391077-010543.parquet,real_data_sample\l2_unseen_validation\trade_date=2026-07-17\exchange=NSE\symbol=INFY\part-050137_391077-010543.parquet,36157,downloaded,36157,
2026-07-17,NSE,INFY,raw_l2/trade_date=2026-07-17/exchange=NSE/symbol=INFY/part-050151_461379-010575.parquet,real_data_sample\l2_unseen_validation\trade_date=2026-07-17\exchange=NSE\symbol=INFY\part-050151_461379-010575.parquet,36402,downloaded,36402,
2026-07-17,NSE,INFY,raw_l2/trade_date=2026-07-17/exchange=NSE/symbol=INFY/part-050123_552665-010511.parquet,real_data_sample\l2_unseen_validation\trade_date=2026-07-17\exchange=NSE\symbol=INFY\part-050123_552665-010511.parquet,35974,downloaded,35974,
2026-07-17,NSE,INFY,raw_l2/trade_date=2026-07-17/exchange=NSE/symbol=INFY/part-050220_042029-010639.parquet,real_data_sample\l2_unseen_validation\trade_date=2026-07-17\exchange=NSE\symbol=INFY\part-050220_042029-010639.parquet,35887,downloaded,35887,
2026-07-17,NSE,INFY,raw_l2/trade_date=2026-07-17/exchange=NSE/symbol=INFY/part-050205_879776-010607.parquet,real_data_sample\l2_unseen_validation\trade_date=2026-07-17\exchange=NSE\symbol=INFY\part-050205_879776-010607.parquet,36650,downloaded,36650,
2026-07-17,NSE,INFY,raw_l2/trade_date=2026-07-17/exchange=NSE/symbol=INFY/part-050302_741717-010735.parquet,real_data_sample\l2_unseen_validation\trade_date=2026-07-17\exchange=NSE\symbol=INFY\part-050302_741717-010735.parquet,35763,downloaded,35763,
2026-07-17,NSE,INFY,raw_l2/trade_date=2026-07-17/exchange=NSE/symbol=INFY/part-050248_592655-010703.parquet,real_data_sample\l2_unseen_validation\trade_date=2026-07-17\exchange=NSE\symbol=INFY\part-050248_592655-010703.parquet,35724,downloaded,35724,
2026-07-17,NSE,INFY,raw_l2/trade_date=2026-07-17/exchange=NSE/symbol=INFY/part-045903_548382-010191.parquet,real_data_sample\l2_unseen_validation\trade_date=2026-07-17\exchange=NSE\symbol=INFY\part-045903_548382-010191.parquet,35810,downloaded,35810,
2026-07-17,NSE,INFY,raw_l2/trade_date=2026-07-17/exchange=NSE/symbol=INFY/part-050234_178347-010671.parquet,real_data_sample\l2_unseen_validation\trade_date=2026-07-17\exchange=NSE\symbol=INFY\part-050234_178347-010671.parquet,35959,downloaded,35959,
2026-07-17,NSE,INFY,raw_l2/trade_date=2026-07-17/exchange=NSE/symbol=INFY/part-050317_157240-010767.parquet,real_data_sample\l2_unseen_validation\trade_date=2026-07-17\exchange=NSE\symbol=INFY\part-050317_157240-010767.parquet,35423,downloaded,35423,
2026-07-17,NSE,INFY,raw_l2/trade_date=2026-07-17/exchange=NSE/symbol=INFY/part-045503_751672-009647.parquet,real_data_sample\l2_unseen_validation\trade_date=2026-07-17\exchange=NSE\symbol=INFY\part-045503_751672-009647.parquet,34721,downloaded,34721,
2026-07-17,NSE,INFY,raw_l2/trade_date=2026-07-17/exchange=NSE/symbol=INFY/part-050331_211917-010799.parquet,real_data_sample\l2_unseen_validation\trade_date=2026-07-17\exchange=NSE\symbol=INFY\part-050331_211917-010799.parquet,34864,downloaded,34864,
2026-07-17,NSE,INFY,raw_l2/trade_date=2026-07-17/exchange=NSE/symbol=INFY/part-045353_660418-009487.parquet,real_data_sample\l2_unseen_validation\trade_date=2026-07-17\exchange=NSE\symbol=INFY\part-045353_660418-009487.parquet,35466,downloaded,35466,
2026-07-17,NSE,INFY,raw_l2/trade_date=2026-07-17/exchange=NSE/symbol=INFY/part-045642_173816-009871.parquet,real_data_sample\l2_unseen_validation\trade_date=2026-07-17\exchange=NSE\symbol=INFY\part-045642_173816-009871.parquet,35730,downloaded,35730,
2026-07-17,NSE,INFY,raw_l2/trade_date=2026-07-17/exchange=NSE/symbol=INFY/part-045517_952051-009679.parquet,real_data_sample\l2_unseen_validation\trade_date=2026-07-17\exchange=NSE\symbol=INFY\part-045517_952051-009679.parquet,35632,downloaded,35632,
2026-07-17,NSE,INFY,raw_l2/trade_date=2026-07-17/exchange=NSE/symbol=INFY/part-045821_313464-010095.parquet,real_data_sample\l2_unseen_validation\trade_date=2026-07-17\exchange=NSE\symbol=INFY\part-045821_313464-010095.parquet,36030,downloaded,36030,
2026-07-17,NSE,INFY,raw_l2/trade_date=2026-07-17/exchange=NSE/symbol=INFY/part-045738_918137-009999.parquet,real_data_sample\l2_unseen_validation\trade_date=2026-07-17\exchange=NSE\symbol=INFY\part-045738_918137-009999.parquet,35462,downloaded,35462,
2026-07-17,NSE,INFY,raw_l2/trade_date=2026-07-17/exchange=NSE/symbol=INFY/part-045849_811364-010159.parquet,real_data_sample\l2_unseen_validation\trade_date=2026-07-17\exchange=NSE\symbol=INFY\part-045849_811364-010159.parquet,36138,downloaded,36138,
2026-07-17,NSE,INFY,raw_l2/trade_date=2026-07-17/exchange=NSE/symbol=INFY/part-045835_464322-010127.parquet,real_data_sample\l2_unseen_validation\trade_date=2026-07-17\exchange=NSE\symbol=INFY\part-045835_464322-010127.parquet,35997,downloaded,35997,
2026-07-17,NSE,INFY,raw_l2/trade_date=2026-07-17/exchange=NSE/symbol=INFY/part-045613_875090-009807.parquet,real_data_sample\l2_unseen_validation\trade_date=2026-07-17\exchange=NSE\symbol=INFY\part-045613_875090-009807.parquet,36062,downloaded,36062,
2026-07-17,NSE,INFY,raw_l2/trade_date=2026-07-17/exchange=NSE/symbol=INFY/part-045807_209403-010063.parquet,real_data_sample\l2_unseen_validation\trade_date=2026-07-17\exchange=NSE\symbol=INFY\part-045807_209403-010063.parquet,35570,downloaded,35570,
2026-07-17,NSE,INFY,raw_l2/trade_date=2026-07-17/exchange=NSE/symbol=INFY/part-045559_844113-009775.parquet,real_data_sample\l2_unseen_validation\trade_date=2026-07-17\exchange=NSE\symbol=INFY\part-045559_844113-009775.parquet,36102,downloaded,36102,
2026-07-17,NSE,INFY,raw_l2/trade_date=2026-07-17/exchange=NSE/symbol=INFY/part-045421_702399-009551.parquet,real_data_sample\l2_unseen_validation\trade_date=2026-07-17\exchange=NSE\symbol=INFY\part-045421_702399-009551.parquet,35014,downloaded,35014,
2026-07-17,NSE,INFY,raw_l2/trade_date=2026-07-17/exchange=NSE/symbol=INFY/part-045545_872452-009743.parquet,real_data_sample\l2_unseen_validation\trade_date=2026-07-17\exchange=NSE\symbol=INFY\part-045545_872452-009743.parquet,35761,downloaded,35761,
2026-07-17,NSE,INFY,raw_l2/trade_date=2026-07-17/exchange=NSE/symbol=INFY/part-045531_871529-009711.parquet,real_data_sample\l2_unseen_validation\trade_date=2026-07-17\exchange=NSE\symbol=INFY\part-045531_871529-009711.parquet,35487,downloaded,35487,
2026-07-17,NSE,INFY,raw_l2/trade_date=2026-07-17/exchange=NSE/symbol=INFY/part-050345_186734-010831.parquet,real_data_sample\l2_unseen_validation\trade_date=2026-07-17\exchange=NSE\symbol=INFY\part-050345_186734-010831.parquet,34715,downloaded,34715,
2026-07-17,NSE,INFY,raw_l2/trade_date=2026-07-17/exchange=NSE/symbol=INFY/part-045435_651489-009583.parquet,real_data_sample\l2_unseen_validation\trade_date=2026-07-17\exchange=NSE\symbol=INFY\part-045435_651489-009583.parquet,34692,downloaded,34692,
2026-07-17,NSE,INFY,raw_l2/trade_date=2026-07-17/exchange=NSE/symbol=INFY/part-045325_860077-009423.parquet,real_data_sample\l2_unseen_validation\trade_date=2026-07-17\exchange=NSE\symbol=INFY\part-045325_860077-009423.parquet,35621,downloaded,35621,
2026-07-17,NSE,INFY,raw_l2/trade_date=2026-07-17/exchange=NSE/symbol=INFY/part-045628_061449-009839.parquet,real_data_sample\l2_unseen_validation\trade_date=2026-07-17\exchange=NSE\symbol=INFY\part-045628_061449-009839.parquet,35630,downloaded,35630,
2026-07-17,NSE,INFY,raw_l2/trade_date=2026-07-17/exchange=NSE/symbol=INFY/part-045710_728011-009935.parquet,real_data_sample\l2_unseen_validation\trade_date=2026-07-17\exchange=NSE\symbol=INFY\part-045710_728011-009935.parquet,36082,downloaded,36082,
2026-07-17,NSE,INFY,raw_l2/trade_date=2026-07-17/exchange=NSE/symbol=INFY/part-050359_258829-010863.parquet,real_data_sample\l2_unseen_validation\trade_date=2026-07-17\exchange=NSE\symbol=INFY\part-050359_258829-010863.parquet,34533,downloaded,34533,
2026-07-17,NSE,INFY,raw_l2/trade_date=2026-07-17/exchange=NSE/symbol=INFY/part-045945_668302-010287.parquet,real_data_sample\l2_unseen_validation\trade_date=2026-07-17\exchange=NSE\symbol=INFY\part-045945_668302-010287.parquet,36422,downloaded,36422,
2026-07-17,NSE,INFY,raw_l2/trade_date=2026-07-17/exchange=NSE/symbol=INFY/part-050427_635636-010927.parquet,real_data_sample\l2_unseen_validation\trade_date=2026-07-17\exchange=NSE\symbol=INFY\part-050427_635636-010927.parquet,34817,downloaded,34817,
2026-07-17,NSE,INFY,raw_l2/trade_date=2026-07-17/exchange=NSE/symbol=INFY/part-050441_565862-010959.parquet,real_data_sample\l2_unseen_validation\trade_date=2026-07-17\exchange=NSE\symbol=INFY\part-050441_565862-010959.parquet,34683,downloaded,34683,
2026-07-17,NSE,INFY,raw_l2/trade_date=2026-07-17/exchange=NSE/symbol=INFY/part-045917_364596-010223.parquet,real_data_sample\l2_unseen_validation\trade_date=2026-07-17\exchange=NSE\symbol=INFY\part-045917_364596-010223.parquet,36007,downloaded,36007,
2026-07-17,NSE,INFY,raw_l2/trade_date=2026-07-17/exchange=NSE/symbol=INFY/part-050413_544060-010895.parquet,real_data_sample\l2_unseen_validation\trade_date=2026-07-17\exchange=NSE\symbol=INFY\part-050413_544060-010895.parquet,34616,downloaded,34616,
2026-07-17,NSE,INFY,raw_l2/trade_date=2026-07-17/exchange=NSE/symbol=INFY/part-050455_386518-010991.parquet,real_data_sample\l2_unseen_validation\trade_date=2026-07-17\exchange=NSE\symbol=INFY\part-050455_386518-010991.parquet,34940,downloaded,34940,
2026-07-17,NSE,INFY,raw_l2/trade_date=2026-07-17/exchange=NSE/symbol=INFY/part-045724_949304-009967.parquet,real_data_sample\l2_unseen_validation\trade_date=2026-07-17\exchange=NSE\symbol=INFY\part-045724_949304-009967.parquet,36065,downloaded,36065,
2026-07-17,NSE,INFY,raw_l2/trade_date=2026-07-17/exchange=NSE/symbol=INFY/part-045257_889275-009359.parquet,real_data_sample\l2_unseen_validation\trade_date=2026-07-17\exchange=NSE\symbol=INFY\part-045257_889275-009359.parquet,35947,downloaded,35947,
2026-07-17,NSE,INFY,raw_l2/trade_date=2026-07-17/exchange=NSE/symbol=INFY/part-045753_134578-010031.parquet,real_data_sample\l2_unseen_validation\trade_date=2026-07-17\exchange=NSE\symbol=INFY\part-045753_134578-010031.parquet,36349,downloaded,36349,
2026-07-17,NSE,INFY,raw_l2/trade_date=2026-07-17/exchange=NSE/symbol=INFY/part-050509_421148-011023.parquet,real_data_sample\l2_unseen_validation\trade_date=2026-07-17\exchange=NSE\symbol=INFY\part-050509_421148-011023.parquet,34685,downloaded,34685,
2026-07-17,NSE,INFY,raw_l2/trade_date=2026-07-17/exchange=NSE/symbol=INFY/part-050537_316690-011087.parquet,real_data_sample\l2_unseen_validation\trade_date=2026-07-17\exchange=NSE\symbol=INFY\part-050537_316690-011087.parquet,34758,downloaded,34758,
2026-07-17,NSE,INFY,raw_l2/trade_date=2026-07-17/exchange=NSE/symbol=INFY/part-050551_304372-011119.parquet,real_data_sample\l2_unseen_validation\trade_date=2026-07-17\exchange=NSE\symbol=INFY\part-050551_304372-011119.parquet,34627,downloaded,34627,
2026-07-17,NSE,INFY,raw_l2/trade_date=2026-07-17/exchange=NSE/symbol=INFY/part-045407_657316-009519.parquet,real_data_sample\l2_unseen_validation\trade_date=2026-07-17\exchange=NSE\symbol=INFY\part-045407_657316-009519.parquet,35724,downloaded,35724,
2026-07-17,NSE,INFY,raw_l2/trade_date=2026-07-17/exchange=NSE/symbol=INFY/part-050523_469965-011055.parquet,real_data_sample\l2_unseen_validation\trade_date=2026-07-17\exchange=NSE\symbol=INFY\part-050523_469965-011055.parquet,34804,downloaded,34804,
2026-07-17,NSE,INFY,raw_l2/trade_date=2026-07-17/exchange=NSE/symbol=INFY/part-045449_689265-009615.parquet,real_data_sample\l2_unseen_validation\trade_date=2026-07-17\exchange=NSE\symbol=INFY\part-045449_689265-009615.parquet,34722,downloaded,34722,
2026-07-17,NSE,INFY,raw_l2/trade_date=2026-07-17/exchange=NSE/symbol=INFY/part-050619_536148-011183.parquet,real_data_sample\l2_unseen_validation\trade_date=2026-07-17\exchange=NSE\symbol=INFY\part-050619_536148-011183.parquet,34943,downloaded,34943,
2026-07-17,NSE,INFY,raw_l2/trade_date=2026-07-17/exchange=NSE/symbol=INFY/part-050634_361939-011215.parquet,real_data_sample\l2_unseen_validation\trade_date=2026-07-17\exchange=NSE\symbol=INFY\part-050634_361939-011215.parquet,34961,downloaded,34961,
2026-07-17,NSE,INFY,raw_l2/trade_date=2026-07-17/exchange=NSE/symbol=INFY/part-050605_149350-011151.parquet,real_data_sample\l2_unseen_validation\trade_date=2026-07-17\exchange=NSE\symbol=INFY\part-050605_149350-011151.parquet,34665,downloaded,34665,
2026-07-17,NSE,INFY,raw_l2/trade_date=2026-07-17/exchange=NSE/symbol=INFY/part-050648_869438-011247.parquet,real_data_sample\l2_unseen_validation\trade_date=2026-07-17\exchange=NSE\symbol=INFY\part-050648_869438-011247.parquet,34892,downloaded,34892,
2026-07-17,NSE,INFY,raw_l2/trade_date=2026-07-17/exchange=NSE/symbol=INFY/part-050702_903572-011279.parquet,real_data_sample\l2_unseen_validation\trade_date=2026-07-17\exchange=NSE\symbol=INFY\part-050702_903572-011279.parquet,34725,downloaded,34725,
2026-07-17,NSE,INFY,raw_l2/trade_date=2026-07-17/exchange=NSE/symbol=INFY/part-050717_048650-011311.parquet,real_data_sample\l2_unseen_validation\trade_date=2026-07-17\exchange=NSE\symbol=INFY\part-050717_048650-011311.parquet,34920,downloaded,34920,
2026-07-17,NSE,INFY,raw_l2/trade_date=2026-07-17/exchange=NSE/symbol=INFY/part-050840_077980-011503.parquet,real_data_sample\l2_unseen_validation\trade_date=2026-07-17\exchange=NSE\symbol=INFY\part-050840_077980-011503.parquet,35231,downloaded,35231,
2026-07-17,NSE,INFY,raw_l2/trade_date=2026-07-17/exchange=NSE/symbol=INFY/part-045959_962950-010319.parquet,real_data_sample\l2_unseen_validation\trade_date=2026-07-17\exchange=NSE\symbol=INFY\part-045959_962950-010319.parquet,36528,downloaded,36528,
2026-07-17,NSE,INFY,raw_l2/trade_date=2026-07-17/exchange=NSE/symbol=INFY/part-045656_580086-009903.parquet,real_data_sample\l2_unseen_validation\trade_date=2026-07-17\exchange=NSE\symbol=INFY\part-045656_580086-009903.parquet,36566,downloaded,36566,
2026-07-17,NSE,INFY,raw_l2/trade_date=2026-07-17/exchange=NSE/symbol=INFY/part-050921_542237-011599.parquet,real_data_sample\l2_unseen_validation\trade_date=2026-07-17\exchange=NSE\symbol=INFY\part-050921_542237-011599.parquet,35840,downloaded,35840,
2026-07-17,NSE,INFY,raw_l2/trade_date=2026-07-17/exchange=NSE/symbol=INFY/part-050731_046086-011343.parquet,real_data_sample\l2_unseen_validation\trade_date=2026-07-17\exchange=NSE\symbol=INFY\part-050731_046086-011343.parquet,34964,downloaded,34964,
2026-07-17,NSE,INFY,raw_l2/trade_date=2026-07-17/exchange=NSE/symbol=INFY/part-050758_497938-011407.parquet,real_data_sample\l2_unseen_validation\trade_date=2026-07-17\exchange=NSE\symbol=INFY\part-050758_497938-011407.parquet,34750,downloaded,34750,
2026-07-17,NSE,INFY,raw_l2/trade_date=2026-07-17/exchange=NSE/symbol=INFY/part-050744_769480-011375.parquet,real_data_sample\l2_unseen_validation\trade_date=2026-07-17\exchange=NSE\symbol=INFY\part-050744_769480-011375.parquet,34661,downloaded,34661,
2026-07-17,NSE,INFY,raw_l2/trade_date=2026-07-17/exchange=NSE/symbol=INFY/part-050935_563984-011631.parquet,real_data_sample\l2_unseen_validation\trade_date=2026-07-17\exchange=NSE\symbol=INFY\part-050935_563984-011631.parquet,35976,downloaded,35976,
2026-07-17,NSE,INFY,raw_l2/trade_date=2026-07-17/exchange=NSE/symbol=INFY/part-050907_878175-011567.parquet,real_data_sample\l2_unseen_validation\trade_date=2026-07-17\exchange=NSE\symbol=INFY\part-050907_878175-011567.parquet,35926,downloaded,35926,
2026-07-17,NSE,INFY,raw_l2/trade_date=2026-07-17/exchange=NSE/symbol=INFY/part-050826_309960-011471.parquet,real_data_sample\l2_unseen_validation\trade_date=2026-07-17\exchange=NSE\symbol=INFY\part-050826_309960-011471.parquet,35266,downloaded,35266,
2026-07-17,NSE,INFY,raw_l2/trade_date=2026-07-17/exchange=NSE/symbol=INFY/part-050949_230265-011663.parquet,real_data_sample\l2_unseen_validation\trade_date=2026-07-17\exchange=NSE\symbol=INFY\part-050949_230265-011663.parquet,35799,downloaded,35799,
2026-07-17,NSE,INFY,raw_l2/trade_date=2026-07-17/exchange=NSE/symbol=INFY/part-050853_739241-011535.parquet,real_data_sample\l2_unseen_validation\trade_date=2026-07-17\exchange=NSE\symbol=INFY\part-050853_739241-011535.parquet,35954,downloaded,35954,
2026-07-17,NSE,INFY,raw_l2/trade_date=2026-07-17/exchange=NSE/symbol=INFY/part-050812_540732-011439.parquet,real_data_sample\l2_unseen_validation\trade_date=2026-07-17\exchange=NSE\symbol=INFY\part-050812_540732-011439.parquet,34915,downloaded,34915,
2026-07-17,NSE,INFY,raw_l2/trade_date=2026-07-17/exchange=NSE/symbol=INFY/part-051017_004039-011727.parquet,real_data_sample\l2_unseen_validation\trade_date=2026-07-17\exchange=NSE\symbol=INFY\part-051017_004039-011727.parquet,35320,downloaded,35320,
2026-07-17,NSE,INFY,raw_l2/trade_date=2026-07-17/exchange=NSE/symbol=INFY/part-051030_807921-011759.parquet,real_data_sample\l2_unseen_validation\trade_date=2026-07-17\exchange=NSE\symbol=INFY\part-051030_807921-011759.parquet,34826,downloaded,34826,
2026-07-17,NSE,INFY,raw_l2/trade_date=2026-07-17/exchange=NSE/symbol=INFY/part-051003_264798-011695.parquet,real_data_sample\l2_unseen_validation\trade_date=2026-07-17\exchange=NSE\symbol=INFY\part-051003_264798-011695.parquet,35963,downloaded,35963,
2026-07-17,NSE,INFY,raw_l2/trade_date=2026-07-17/exchange=NSE/symbol=INFY/part-051044_564692-011791.parquet,real_data_sample\l2_unseen_validation\trade_date=2026-07-17\exchange=NSE\symbol=INFY\part-051044_564692-011791.parquet,34802,downloaded,34802,
2026-07-17,NSE,INFY,raw_l2/trade_date=2026-07-17/exchange=NSE/symbol=INFY/part-051126_223221-011887.parquet,real_data_sample\l2_unseen_validation\trade_date=2026-07-17\exchange=NSE\symbol=INFY\part-051126_223221-011887.parquet,36276,downloaded,36276,
2026-07-17,NSE,INFY,raw_l2/trade_date=2026-07-17/exchange=NSE/symbol=INFY/part-051140_499250-011919.parquet,real_data_sample\l2_unseen_validation\trade_date=2026-07-17\exchange=NSE\symbol=INFY\part-051140_499250-011919.parquet,35988,downloaded,35988,
2026-07-17,NSE,INFY,raw_l2/trade_date=2026-07-17/exchange=NSE/symbol=INFY/part-051058_361985-011823.parquet,real_data_sample\l2_unseen_validation\trade_date=2026-07-17\exchange=NSE\symbol=INFY\part-051058_361985-011823.parquet,34733,downloaded,34733,
2026-07-17,NSE,INFY,raw_l2/trade_date=2026-07-17/exchange=NSE/symbol=INFY/part-051112_308529-011855.parquet,real_data_sample\l2_unseen_validation\trade_date=2026-07-17\exchange=NSE\symbol=INFY\part-051112_308529-011855.parquet,35158,downloaded,35158,
2026-07-17,NSE,INFY,raw_l2/trade_date=2026-07-17/exchange=NSE/symbol=INFY/part-051222_306690-012015.parquet,real_data_sample\l2_unseen_validation\trade_date=2026-07-17\exchange=NSE\symbol=INFY\part-051222_306690-012015.parquet,34864,downloaded,34864,
2026-07-17,NSE,INFY,raw_l2/trade_date=2026-07-17/exchange=NSE/symbol=INFY/part-051208_382646-011983.parquet,real_data_sample\l2_unseen_validation\trade_date=2026-07-17\exchange=NSE\symbol=INFY\part-051208_382646-011983.parquet,36010,downloaded,36010,
2026-07-17,NSE,INFY,raw_l2/trade_date=2026-07-17/exchange=NSE/symbol=INFY/part-051236_182378-012047.parquet,real_data_sample\l2_unseen_validation\trade_date=2026-07-17\exchange=NSE\symbol=INFY\part-051236_182378-012047.parquet,34747,downloaded,34747,
2026-07-17,NSE,INFY,raw_l2/trade_date=2026-07-17/exchange=NSE/symbol=INFY/part-051304_070457-012111.parquet,real_data_sample\l2_unseen_validation\trade_date=2026-07-17\exchange=NSE\symbol=INFY\part-051304_070457-012111.parquet,34876,downloaded,34876,
2026-07-17,NSE,INFY,raw_l2/trade_date=2026-07-17/exchange=NSE/symbol=INFY/part-051250_145767-012079.parquet,real_data_sample\l2_unseen_validation\trade_date=2026-07-17\exchange=NSE\symbol=INFY\part-051250_145767-012079.parquet,34788,downloaded,34788,
2026-07-17,NSE,INFY,raw_l2/trade_date=2026-07-17/exchange=NSE/symbol=INFY/part-051318_674783-012143.parquet,real_data_sample\l2_unseen_validation\trade_date=2026-07-17\exchange=NSE\symbol=INFY\part-051318_674783-012143.parquet,34887,downloaded,34887,
2026-07-17,NSE,INFY,raw_l2/trade_date=2026-07-17/exchange=NSE/symbol=INFY/part-051347_865792-012207.parquet,real_data_sample\l2_unseen_validation\trade_date=2026-07-17\exchange=NSE\symbol=INFY\part-051347_865792-012207.parquet,34828,downloaded,34828,
2026-07-17,NSE,INFY,raw_l2/trade_date=2026-07-17/exchange=NSE/symbol=INFY/part-051332_913807-012175.parquet,real_data_sample\l2_unseen_validation\trade_date=2026-07-17\exchange=NSE\symbol=INFY\part-051332_913807-012175.parquet,34725,downloaded,34725,
2026-07-17,NSE,INFY,raw_l2/trade_date=2026-07-17/exchange=NSE/symbol=INFY/part-051402_907261-012239.parquet,real_data_sample\l2_unseen_validation\trade_date=2026-07-17\exchange=NSE\symbol=INFY\part-051402_907261-012239.parquet,34756,downloaded,34756,
2026-07-17,NSE,INFY,raw_l2/trade_date=2026-07-17/exchange=NSE/symbol=INFY/part-045931_581650-010255.parquet,real_data_sample\l2_unseen_validation\trade_date=2026-07-17\exchange=NSE\symbol=INFY\part-045931_581650-010255.parquet,36542,downloaded,36542,
2026-07-17,NSE,INFY,raw_l2/trade_date=2026-07-17/exchange=NSE/symbol=INFY/part-051154_372451-011951.parquet,real_data_sample\l2_unseen_validation\trade_date=2026-07-17\exchange=NSE\symbol=INFY\part-051154_372451-011951.parquet,35659,downloaded,35659,
2026-07-17,NSE,INFY,raw_l2/trade_date=2026-07-17/exchange=NSE/symbol=INFY/part-051555_804346-012495.parquet,real_data_sample\l2_unseen_validation\trade_date=2026-07-17\exchange=NSE\symbol=INFY\part-051555_804346-012495.parquet,35544,downloaded,35544,
2026-07-17,NSE,INFY,raw_l2/trade_date=2026-07-17/exchange=NSE/symbol=INFY/part-051527_477699-012431.parquet,real_data_sample\l2_unseen_validation\trade_date=2026-07-17\exchange=NSE\symbol=INFY\part-051527_477699-012431.parquet,35953,downloaded,35953,
2026-07-17,NSE,INFY,raw_l2/trade_date=2026-07-17/exchange=NSE/symbol=INFY/part-051624_689571-012559.parquet,real_data_sample\l2_unseen_validation\trade_date=2026-07-17\exchange=NSE\symbol=INFY\part-051624_689571-012559.parquet,35046,downloaded,35046,
2026-07-17,NSE,INFY,raw_l2/trade_date=2026-07-17/exchange=NSE/symbol=INFY/part-051432_348614-012303.parquet,real_data_sample\l2_unseen_validation\trade_date=2026-07-17\exchange=NSE\symbol=INFY\part-051432_348614-012303.parquet,34609,downloaded,34609,
2026-07-17,NSE,INFY,raw_l2/trade_date=2026-07-17/exchange=NSE/symbol=INFY/part-051500_008412-012367.parquet,real_data_sample\l2_unseen_validation\trade_date=2026-07-17\exchange=NSE\symbol=INFY\part-051500_008412-012367.parquet,34865,downloaded,34865,
2026-07-17,NSE,INFY,raw_l2/trade_date=2026-07-17/exchange=NSE/symbol=INFY/part-051417_407527-012271.parquet,real_data_sample\l2_unseen_validation\trade_date=2026-07-17\exchange=NSE\symbol=INFY\part-051417_407527-012271.parquet,34692,downloaded,34692,
2026-07-17,NSE,INFY,raw_l2/trade_date=2026-07-17/exchange=NSE/symbol=INFY/part-051638_906084-012591.parquet,real_data_sample\l2_unseen_validation\trade_date=2026-07-17\exchange=NSE\symbol=INFY\part-051638_906084-012591.parquet,34848,downloaded,34848,
2026-07-17,NSE,INFY,raw_l2/trade_date=2026-07-17/exchange=NSE/symbol=INFY/part-051707_171869-012655.parquet,real_data_sample\l2_unseen_validation\trade_date=2026-07-17\exchange=NSE\symbol=INFY\part-051707_171869-012655.parquet,34938,downloaded,34938,
2026-07-17,NSE,INFY,raw_l2/trade_date=2026-07-17/exchange=NSE/symbol=INFY/part-051653_153986-012623.parquet,real_data_sample\l2_unseen_validation\trade_date=2026-07-17\exchange=NSE\symbol=INFY\part-051653_153986-012623.parquet,34804,downloaded,34804,
2026-07-17,NSE,INFY,raw_l2/trade_date=2026-07-17/exchange=NSE/symbol=INFY/part-051721_089825-012687.parquet,real_data_sample\l2_unseen_validation\trade_date=2026-07-17\exchange=NSE\symbol=INFY\part-051721_089825-012687.parquet,35926,downloaded,35926,
2026-07-17,NSE,INFY,raw_l2/trade_date=2026-07-17/exchange=NSE/symbol=INFY/part-051735_340924-012719.parquet,real_data_sample\l2_unseen_validation\trade_date=2026-07-17\exchange=NSE\symbol=INFY\part-051735_340924-012719.parquet,35767,downloaded,35767,
2026-07-17,NSE,INFY,raw_l2/trade_date=2026-07-17/exchange=NSE/symbol=INFY/part-051446_058638-012335.parquet,real_data_sample\l2_unseen_validation\trade_date=2026-07-17\exchange=NSE\symbol=INFY\part-051446_058638-012335.parquet,34648,downloaded,34648,
2026-07-17,NSE,INFY,raw_l2/trade_date=2026-07-17/exchange=NSE/symbol=INFY/part-051610_462077-012527.parquet,real_data_sample\l2_unseen_validation\trade_date=2026-07-17\exchange=NSE\symbol=INFY\part-051610_462077-012527.parquet,36252,downloaded,36252,
2026-07-17,NSE,INFY,raw_l2/trade_date=2026-07-17/exchange=NSE/symbol=INFY/part-051513_790732-012399.parquet,real_data_sample\l2_unseen_validation\trade_date=2026-07-17\exchange=NSE\symbol=INFY\part-051513_790732-012399.parquet,35096,downloaded,35096,
2026-07-17,NSE,INFY,raw_l2/trade_date=2026-07-17/exchange=NSE/symbol=INFY/part-051541_505372-012463.parquet,real_data_sample\l2_unseen_validation\trade_date=2026-07-17\exchange=NSE\symbol=INFY\part-051541_505372-012463.parquet,35895,downloaded,35895,
2026-07-17,NSE,INFY,raw_l2/trade_date=2026-07-17/exchange=NSE/symbol=INFY/part-051818_303102-012815.parquet,real_data_sample\l2_unseen_validation\trade_date=2026-07-17\exchange=NSE\symbol=INFY\part-051818_303102-012815.parquet,35771,downloaded,35771,
2026-07-17,NSE,INFY,raw_l2/trade_date=2026-07-17/exchange=NSE/symbol=INFY/part-051749_847293-012751.parquet,real_data_sample\l2_unseen_validation\trade_date=2026-07-17\exchange=NSE\symbol=INFY\part-051749_847293-012751.parquet,35908,downloaded,35908,
2026-07-17,NSE,INFY,raw_l2/trade_date=2026-07-17/exchange=NSE/symbol=INFY/part-051804_089343-012783.parquet,real_data_sample\l2_unseen_validation\trade_date=2026-07-17\exchange=NSE\symbol=INFY\part-051804_089343-012783.parquet,35685,downloaded,35685,
2026-07-17,NSE,INFY,raw_l2/trade_date=2026-07-17/exchange=NSE/symbol=INFY/part-051846_641807-012879.parquet,real_data_sample\l2_unseen_validation\trade_date=2026-07-17\exchange=NSE\symbol=INFY\part-051846_641807-012879.parquet,35943,downloaded,35943,
2026-07-17,NSE,INFY,raw_l2/trade_date=2026-07-17/exchange=NSE/symbol=INFY/part-051832_801694-012847.parquet,real_data_sample\l2_unseen_validation\trade_date=2026-07-17\exchange=NSE\symbol=INFY\part-051832_801694-012847.parquet,35951,downloaded,35951,
2026-07-17,NSE,INFY,raw_l2/trade_date=2026-07-17/exchange=NSE/symbol=INFY/part-051943_578574-013007.parquet,real_data_sample\l2_unseen_validation\trade_date=2026-07-17\exchange=NSE\symbol=INFY\part-051943_578574-013007.parquet,35530,downloaded,35530,
2026-07-17,NSE,INFY,raw_l2/trade_date=2026-07-17/exchange=NSE/symbol=INFY/part-051915_855039-012943.parquet,real_data_sample\l2_unseen_validation\trade_date=2026-07-17\exchange=NSE\symbol=INFY\part-051915_855039-012943.parquet,36201,downloaded,36201,
2026-07-17,NSE,INFY,raw_l2/trade_date=2026-07-17/exchange=NSE/symbol=INFY/part-052038_824381-013135.parquet,real_data_sample\l2_unseen_validation\trade_date=2026-07-17\exchange=NSE\symbol=INFY\part-052038_824381-013135.parquet,35669,downloaded,35669,
2026-07-17,NSE,INFY,raw_l2/trade_date=2026-07-17/exchange=NSE/symbol=INFY/part-051929_801106-012975.parquet,real_data_sample\l2_unseen_validation\trade_date=2026-07-17\exchange=NSE\symbol=INFY\part-051929_801106-012975.parquet,35882,downloaded,35882,
2026-07-17,NSE,INFY,raw_l2/trade_date=2026-07-17/exchange=NSE/symbol=INFY/part-052011_305371-013071.parquet,real_data_sample\l2_unseen_validation\trade_date=2026-07-17\exchange=NSE\symbol=INFY\part-052011_305371-013071.parquet,35673,downloaded,35673,
2026-07-17,NSE,INFY,raw_l2/trade_date=2026-07-17/exchange=NSE/symbol=INFY/part-052025_039994-013103.parquet,real_data_sample\l2_unseen_validation\trade_date=2026-07-17\exchange=NSE\symbol=INFY\part-052025_039994-013103.parquet,36214,downloaded,36214,
2026-07-17,NSE,INFY,raw_l2/trade_date=2026-07-17/exchange=NSE/symbol=INFY/part-051957_596790-013039.parquet,real_data_sample\l2_unseen_validation\trade_date=2026-07-17\exchange=NSE\symbol=INFY\part-051957_596790-013039.parquet,35746,downloaded,35746,
2026-07-17,NSE,INFY,raw_l2/trade_date=2026-07-17/exchange=NSE/symbol=INFY/part-052134_141764-013263.parquet,real_data_sample\l2_unseen_validation\trade_date=2026-07-17\exchange=NSE\symbol=INFY\part-052134_141764-013263.parquet,35639,downloaded,35639,
2026-07-17,NSE,INFY,raw_l2/trade_date=2026-07-17/exchange=NSE/symbol=INFY/part-052052_595389-013167.parquet,real_data_sample\l2_unseen_validation\trade_date=2026-07-17\exchange=NSE\symbol=INFY\part-052052_595389-013167.parquet,35765,downloaded,35765,
2026-07-17,NSE,INFY,raw_l2/trade_date=2026-07-17/exchange=NSE/symbol=INFY/part-052106_315665-013199.parquet,real_data_sample\l2_unseen_validation\trade_date=2026-07-17\exchange=NSE\symbol=INFY\part-052106_315665-013199.parquet,35811,downloaded,35811,
2026-07-17,NSE,INFY,raw_l2/trade_date=2026-07-17/exchange=NSE/symbol=INFY/part-052120_329237-013231.parquet,real_data_sample\l2_unseen_validation\trade_date=2026-07-17\exchange=NSE\symbol=INFY\part-052120_329237-013231.parquet,35484,downloaded,35484,
2026-07-17,NSE,INFY,raw_l2/trade_date=2026-07-17/exchange=NSE/symbol=INFY/part-052148_102804-013295.parquet,real_data_sample\l2_unseen_validation\trade_date=2026-07-17\exchange=NSE\symbol=INFY\part-052148_102804-013295.parquet,36231,downloaded,36231,
2026-07-17,NSE,INFY,raw_l2/trade_date=2026-07-17/exchange=NSE/symbol=INFY/part-051901_772966-012911.parquet,real_data_sample\l2_unseen_validation\trade_date=2026-07-17\exchange=NSE\symbol=INFY\part-051901_772966-012911.parquet,36521,downloaded,36521,
2026-07-17,NSE,INFY,raw_l2/trade_date=2026-07-17/exchange=NSE/symbol=INFY/part-052202_114984-013327.parquet,real_data_sample\l2_unseen_validation\trade_date=2026-07-17\exchange=NSE\symbol=INFY\part-052202_114984-013327.parquet,36205,downloaded,36205,
2026-07-17,NSE,INFY,raw_l2/trade_date=2026-07-17/exchange=NSE/symbol=INFY/part-052216_171304-013359.parquet,real_data_sample\l2_unseen_validation\trade_date=2026-07-17\exchange=NSE\symbol=INFY\part-052216_171304-013359.parquet,35947,downloaded,35947,
2026-07-17,NSE,INFY,raw_l2/trade_date=2026-07-17/exchange=NSE/symbol=INFY/part-052559_716428-013871.parquet,real_data_sample\l2_unseen_validation\trade_date=2026-07-17\exchange=NSE\symbol=INFY\part-052559_716428-013871.parquet,36470,downloaded,36470,
2026-07-17,NSE,INFY,raw_l2/trade_date=2026-07-17/exchange=NSE/symbol=INFY/part-052354_080819-013583.parquet,real_data_sample\l2_unseen_validation\trade_date=2026-07-17\exchange=NSE\symbol=INFY\part-052354_080819-013583.parquet,35825,downloaded,35825,
2026-07-17,NSE,INFY,raw_l2/trade_date=2026-07-17/exchange=NSE/symbol=INFY/part-052517_589848-013775.parquet,real_data_sample\l2_unseen_validation\trade_date=2026-07-17\exchange=NSE\symbol=INFY\part-052517_589848-013775.parquet,36292,downloaded,36292,
2026-07-17,NSE,INFY,raw_l2/trade_date=2026-07-17/exchange=NSE/symbol=INFY/part-052244_155644-013423.parquet,real_data_sample\l2_unseen_validation\trade_date=2026-07-17\exchange=NSE\symbol=INFY\part-052244_155644-013423.parquet,35650,downloaded,35650,
2026-07-17,NSE,INFY,raw_l2/trade_date=2026-07-17/exchange=NSE/symbol=INFY/part-052312_201145-013487.parquet,real_data_sample\l2_unseen_validation\trade_date=2026-07-17\exchange=NSE\symbol=INFY\part-052312_201145-013487.parquet,35674,downloaded,35674,
2026-07-17,NSE,INFY,raw_l2/trade_date=2026-07-17/exchange=NSE/symbol=INFY/part-052503_792659-013743.parquet,real_data_sample\l2_unseen_validation\trade_date=2026-07-17\exchange=NSE\symbol=INFY\part-052503_792659-013743.parquet,36243,downloaded,36243,
2026-07-17,NSE,INFY,raw_l2/trade_date=2026-07-17/exchange=NSE/symbol=INFY/part-052408_063385-013615.parquet,real_data_sample\l2_unseen_validation\trade_date=2026-07-17\exchange=NSE\symbol=INFY\part-052408_063385-013615.parquet,35634,downloaded,35634,
2026-07-17,NSE,INFY,raw_l2/trade_date=2026-07-17/exchange=NSE/symbol=INFY/part-052613_913717-013903.parquet,real_data_sample\l2_unseen_validation\trade_date=2026-07-17\exchange=NSE\symbol=INFY\part-052613_913717-013903.parquet,36131,downloaded,36131,
2026-07-17,NSE,INFY,raw_l2/trade_date=2026-07-17/exchange=NSE/symbol=INFY/part-052258_180504-013455.parquet,real_data_sample\l2_unseen_validation\trade_date=2026-07-17\exchange=NSE\symbol=INFY\part-052258_180504-013455.parquet,35883,downloaded,35883,
2026-07-17,NSE,INFY,raw_l2/trade_date=2026-07-17/exchange=NSE/symbol=INFY/part-052422_066259-013647.parquet,real_data_sample\l2_unseen_validation\trade_date=2026-07-17\exchange=NSE\symbol=INFY\part-052422_066259-013647.parquet,36205,downloaded,36205,
2026-07-17,NSE,INFY,raw_l2/trade_date=2026-07-17/exchange=NSE/symbol=INFY/part-052449_860774-013711.parquet,real_data_sample\l2_unseen_validation\trade_date=2026-07-17\exchange=NSE\symbol=INFY\part-052449_860774-013711.parquet,35805,downloaded,35805,
2026-07-17,NSE,INFY,raw_l2/trade_date=2026-07-17/exchange=NSE/symbol=INFY/part-052326_080881-013519.parquet,real_data_sample\l2_unseen_validation\trade_date=2026-07-17\exchange=NSE\symbol=INFY\part-052326_080881-013519.parquet,35465,downloaded,35465,
2026-07-17,NSE,INFY,raw_l2/trade_date=2026-07-17/exchange=NSE/symbol=INFY/part-052230_165425-013391.parquet,real_data_sample\l2_unseen_validation\trade_date=2026-07-17\exchange=NSE\symbol=INFY\part-052230_165425-013391.parquet,36185,downloaded,36185,
2026-07-17,NSE,INFY,raw_l2/trade_date=2026-07-17/exchange=NSE/symbol=INFY/part-052436_096198-013679.parquet,real_data_sample\l2_unseen_validation\trade_date=2026-07-17\exchange=NSE\symbol=INFY\part-052436_096198-013679.parquet,36236,downloaded,36236,
2026-07-17,NSE,INFY,raw_l2/trade_date=2026-07-17/exchange=NSE/symbol=INFY/part-052340_097932-013551.parquet,real_data_sample\l2_unseen_validation\trade_date=2026-07-17\exchange=NSE\symbol=INFY\part-052340_097932-013551.parquet,35685,downloaded,35685,
2026-07-17,NSE,INFY,raw_l2/trade_date=2026-07-17/exchange=NSE/symbol=INFY/part-052531_459850-013807.parquet,real_data_sample\l2_unseen_validation\trade_date=2026-07-17\exchange=NSE\symbol=INFY\part-052531_459850-013807.parquet,36237,downloaded,36237,
2026-07-17,NSE,INFY,raw_l2/trade_date=2026-07-17/exchange=NSE/symbol=INFY/part-052545_672556-013839.parquet,real_data_sample\l2_unseen_validation\trade_date=2026-07-17\exchange=NSE\symbol=INFY\part-052545_672556-013839.parquet,35869,downloaded,35869,
2026-07-17,NSE,INFY,raw_l2/trade_date=2026-07-17/exchange=NSE/symbol=INFY/part-052738_366749-014095.parquet,real_data_sample\l2_unseen_validation\trade_date=2026-07-17\exchange=NSE\symbol=INFY\part-052738_366749-014095.parquet,36539,downloaded,36539,
2026-07-17,NSE,INFY,raw_l2/trade_date=2026-07-17/exchange=NSE/symbol=INFY/part-052902_980801-014287.parquet,real_data_sample\l2_unseen_validation\trade_date=2026-07-17\exchange=NSE\symbol=INFY\part-052902_980801-014287.parquet,35394,downloaded,35394,
2026-07-17,NSE,INFY,raw_l2/trade_date=2026-07-17/exchange=NSE/symbol=INFY/part-052710_447868-014031.parquet,real_data_sample\l2_unseen_validation\trade_date=2026-07-17\exchange=NSE\symbol=INFY\part-052710_447868-014031.parquet,35849,downloaded,35849,
2026-07-17,NSE,INFY,raw_l2/trade_date=2026-07-17/exchange=NSE/symbol=INFY/part-052724_483560-014063.parquet,real_data_sample\l2_unseen_validation\trade_date=2026-07-17\exchange=NSE\symbol=INFY\part-052724_483560-014063.parquet,36245,downloaded,36245,
2026-07-17,NSE,INFY,raw_l2/trade_date=2026-07-17/exchange=NSE/symbol=INFY/part-052834_429728-014223.parquet,real_data_sample\l2_unseen_validation\trade_date=2026-07-17\exchange=NSE\symbol=INFY\part-052834_429728-014223.parquet,36014,downloaded,36014,
2026-07-17,NSE,INFY,raw_l2/trade_date=2026-07-17/exchange=NSE/symbol=INFY/part-052642_233739-013967.parquet,real_data_sample\l2_unseen_validation\trade_date=2026-07-17\exchange=NSE\symbol=INFY\part-052642_233739-013967.parquet,35954,downloaded,35954,
2026-07-17,NSE,INFY,raw_l2/trade_date=2026-07-17/exchange=NSE/symbol=INFY/part-052752_353448-014127.parquet,real_data_sample\l2_unseen_validation\trade_date=2026-07-17\exchange=NSE\symbol=INFY\part-052752_353448-014127.parquet,36227,downloaded,36227,
2026-07-17,NSE,INFY,raw_l2/trade_date=2026-07-17/exchange=NSE/symbol=INFY/part-052628_132850-013935.parquet,real_data_sample\l2_unseen_validation\trade_date=2026-07-17\exchange=NSE\symbol=INFY\part-052628_132850-013935.parquet,36131,downloaded,36131,
2026-07-17,NSE,INFY,raw_l2/trade_date=2026-07-17/exchange=NSE/symbol=INFY/part-052656_407791-013999.parquet,real_data_sample\l2_unseen_validation\trade_date=2026-07-17\exchange=NSE\symbol=INFY\part-052656_407791-013999.parquet,36187,downloaded,36187,
2026-07-17,NSE,INFY,raw_l2/trade_date=2026-07-17/exchange=NSE/symbol=INFY/part-052820_199108-014191.parquet,real_data_sample\l2_unseen_validation\trade_date=2026-07-17\exchange=NSE\symbol=INFY\part-052820_199108-014191.parquet,35876,downloaded,35876,
2026-07-17,NSE,INFY,raw_l2/trade_date=2026-07-17/exchange=NSE/symbol=INFY/part-052848_471037-014255.parquet,real_data_sample\l2_unseen_validation\trade_date=2026-07-17\exchange=NSE\symbol=INFY\part-052848_471037-014255.parquet,35724,downloaded,35724,
2026-07-17,NSE,INFY,raw_l2/trade_date=2026-07-17/exchange=NSE/symbol=INFY/part-052916_989741-014319.parquet,real_data_sample\l2_unseen_validation\trade_date=2026-07-17\exchange=NSE\symbol=INFY\part-052916_989741-014319.parquet,35501,downloaded,35501,
2026-07-17,NSE,INFY,raw_l2/trade_date=2026-07-17/exchange=NSE/symbol=INFY/part-052806_163909-014159.parquet,real_data_sample\l2_unseen_validation\trade_date=2026-07-17\exchange=NSE\symbol=INFY\part-052806_163909-014159.parquet,36143,downloaded,36143,
2026-07-17,NSE,INFY,raw_l2/trade_date=2026-07-17/exchange=NSE/symbol=INFY/part-053028_613410-014479.parquet,real_data_sample\l2_unseen_validation\trade_date=2026-07-17\exchange=NSE\symbol=INFY\part-053028_613410-014479.parquet,35812,downloaded,35812,
2026-07-17,NSE,INFY,raw_l2/trade_date=2026-07-17/exchange=NSE/symbol=INFY/part-052944_883992-014383.parquet,real_data_sample\l2_unseen_validation\trade_date=2026-07-17\exchange=NSE\symbol=INFY\part-052944_883992-014383.parquet,35290,downloaded,35290,
2026-07-17,NSE,INFY,raw_l2/trade_date=2026-07-17/exchange=NSE/symbol=INFY/part-053042_420716-014511.parquet,real_data_sample\l2_unseen_validation\trade_date=2026-07-17\exchange=NSE\symbol=INFY\part-053042_420716-014511.parquet,35716,downloaded,35716,
2026-07-17,NSE,INFY,raw_l2/trade_date=2026-07-17/exchange=NSE/symbol=INFY/part-053249_363032-014799.parquet,real_data_sample\l2_unseen_validation\trade_date=2026-07-17\exchange=NSE\symbol=INFY\part-053249_363032-014799.parquet,36073,downloaded,36073,
2026-07-17,NSE,INFY,raw_l2/trade_date=2026-07-17/exchange=NSE/symbol=INFY/part-052958_974360-014415.parquet,real_data_sample\l2_unseen_validation\trade_date=2026-07-17\exchange=NSE\symbol=INFY\part-052958_974360-014415.parquet,35800,downloaded,35800,
2026-07-17,NSE,INFY,raw_l2/trade_date=2026-07-17/exchange=NSE/symbol=INFY/part-053014_054549-014447.parquet,real_data_sample\l2_unseen_validation\trade_date=2026-07-17\exchange=NSE\symbol=INFY\part-053014_054549-014447.parquet,36292,downloaded,36292,
2026-07-17,NSE,INFY,raw_l2/trade_date=2026-07-17/exchange=NSE/symbol=INFY/part-053235_413272-014767.parquet,real_data_sample\l2_unseen_validation\trade_date=2026-07-17\exchange=NSE\symbol=INFY\part-053235_413272-014767.parquet,35639,downloaded,35639,
2026-07-17,NSE,INFY,raw_l2/trade_date=2026-07-17/exchange=NSE/symbol=INFY/part-053153_070029-014671.parquet,real_data_sample\l2_unseen_validation\trade_date=2026-07-17\exchange=NSE\symbol=INFY\part-053153_070029-014671.parquet,35713,downloaded,35713,
2026-07-17,NSE,INFY,raw_l2/trade_date=2026-07-17/exchange=NSE/symbol=INFY/part-053139_375184-014639.parquet,real_data_sample\l2_unseen_validation\trade_date=2026-07-17\exchange=NSE\symbol=INFY\part-053139_375184-014639.parquet,35514,downloaded,35514,
2026-07-17,NSE,INFY,raw_l2/trade_date=2026-07-17/exchange=NSE/symbol=INFY/part-053125_359217-014607.parquet,real_data_sample\l2_unseen_validation\trade_date=2026-07-17\exchange=NSE\symbol=INFY\part-053125_359217-014607.parquet,35651,downloaded,35651,
2026-07-17,NSE,INFY,raw_l2/trade_date=2026-07-17/exchange=NSE/symbol=INFY/part-052930_881536-014351.parquet,real_data_sample\l2_unseen_validation\trade_date=2026-07-17\exchange=NSE\symbol=INFY\part-052930_881536-014351.parquet,35809,downloaded,35809,
2026-07-17,NSE,INFY,raw_l2/trade_date=2026-07-17/exchange=NSE/symbol=INFY/part-053317_486081-014863.parquet,real_data_sample\l2_unseen_validation\trade_date=2026-07-17\exchange=NSE\symbol=INFY\part-053317_486081-014863.parquet,36087,downloaded,36087,
2026-07-17,NSE,INFY,raw_l2/trade_date=2026-07-17/exchange=NSE/symbol=INFY/part-053207_236055-014703.parquet,real_data_sample\l2_unseen_validation\trade_date=2026-07-17\exchange=NSE\symbol=INFY\part-053207_236055-014703.parquet,35735,downloaded,35735,
2026-07-17,NSE,INFY,raw_l2/trade_date=2026-07-17/exchange=NSE/symbol=INFY/part-053221_420126-014735.parquet,real_data_sample\l2_unseen_validation\trade_date=2026-07-17\exchange=NSE\symbol=INFY\part-053221_420126-014735.parquet,35758,downloaded,35758,
2026-07-17,NSE,INFY,raw_l2/trade_date=2026-07-17/exchange=NSE/symbol=INFY/part-053303_463685-014831.parquet,real_data_sample\l2_unseen_validation\trade_date=2026-07-17\exchange=NSE\symbol=INFY\part-053303_463685-014831.parquet,35770,downloaded,35770,
2026-07-17,NSE,INFY,raw_l2/trade_date=2026-07-17/exchange=NSE/symbol=INFY/part-053331_631200-014895.parquet,real_data_sample\l2_unseen_validation\trade_date=2026-07-17\exchange=NSE\symbol=INFY\part-053331_631200-014895.parquet,35667,downloaded,35667,
2026-07-17,NSE,INFY,raw_l2/trade_date=2026-07-17/exchange=NSE/symbol=INFY/part-053345_623637-014927.parquet,real_data_sample\l2_unseen_validation\trade_date=2026-07-17\exchange=NSE\symbol=INFY\part-053345_623637-014927.parquet,35741,downloaded,35741,
2026-07-17,NSE,INFY,raw_l2/trade_date=2026-07-17/exchange=NSE/symbol=INFY/part-053056_493956-014543.parquet,real_data_sample\l2_unseen_validation\trade_date=2026-07-17\exchange=NSE\symbol=INFY\part-053056_493956-014543.parquet,35569,downloaded,35569,
2026-07-17,NSE,INFY,raw_l2/trade_date=2026-07-17/exchange=NSE/symbol=INFY/part-053359_546870-014959.parquet,real_data_sample\l2_unseen_validation\trade_date=2026-07-17\exchange=NSE\symbol=INFY\part-053359_546870-014959.parquet,35423,downloaded,35423,
2026-07-17,NSE,INFY,raw_l2/trade_date=2026-07-17/exchange=NSE/symbol=INFY/part-053111_018815-014575.parquet,real_data_sample\l2_unseen_validation\trade_date=2026-07-17\exchange=NSE\symbol=INFY\part-053111_018815-014575.parquet,35784,downloaded,35784,
2026-07-17,NSE,INFY,raw_l2/trade_date=2026-07-17/exchange=NSE/symbol=INFY/part-053413_756959-014991.parquet,real_data_sample\l2_unseen_validation\trade_date=2026-07-17\exchange=NSE\symbol=INFY\part-053413_756959-014991.parquet,35399,downloaded,35399,
2026-07-17,NSE,INFY,raw_l2/trade_date=2026-07-17/exchange=NSE/symbol=INFY/part-053536_803771-015183.parquet,real_data_sample\l2_unseen_validation\trade_date=2026-07-17\exchange=NSE\symbol=INFY\part-053536_803771-015183.parquet,34877,downloaded,34877,
2026-07-17,NSE,INFY,raw_l2/trade_date=2026-07-17/exchange=NSE/symbol=INFY/part-053427_576700-015023.parquet,real_data_sample\l2_unseen_validation\trade_date=2026-07-17\exchange=NSE\symbol=INFY\part-053427_576700-015023.parquet,35914,downloaded,35914,
2026-07-17,NSE,INFY,raw_l2/trade_date=2026-07-17/exchange=NSE/symbol=INFY/part-053441_308054-015055.parquet,real_data_sample\l2_unseen_validation\trade_date=2026-07-17\exchange=NSE\symbol=INFY\part-053441_308054-015055.parquet,35871,downloaded,35871,
2026-07-17,NSE,INFY,raw_l2/trade_date=2026-07-17/exchange=NSE/symbol=INFY/part-053522_885296-015151.parquet,real_data_sample\l2_unseen_validation\trade_date=2026-07-17\exchange=NSE\symbol=INFY\part-053522_885296-015151.parquet,34964,downloaded,34964,
2026-07-17,NSE,INFY,raw_l2/trade_date=2026-07-17/exchange=NSE/symbol=INFY/part-053550_607121-015215.parquet,real_data_sample\l2_unseen_validation\trade_date=2026-07-17\exchange=NSE\symbol=INFY\part-053550_607121-015215.parquet,34641,downloaded,34641,
2026-07-17,NSE,INFY,raw_l2/trade_date=2026-07-17/exchange=NSE/symbol=INFY/part-053604_353994-015247.parquet,real_data_sample\l2_unseen_validation\trade_date=2026-07-17\exchange=NSE\symbol=INFY\part-053604_353994-015247.parquet,34639,downloaded,34639,
2026-07-17,NSE,INFY,raw_l2/trade_date=2026-07-17/exchange=NSE/symbol=INFY/part-053646_541773-015343.parquet,real_data_sample\l2_unseen_validation\trade_date=2026-07-17\exchange=NSE\symbol=INFY\part-053646_541773-015343.parquet,34867,downloaded,34867,
2026-07-17,NSE,INFY,raw_l2/trade_date=2026-07-17/exchange=NSE/symbol=INFY/part-053632_608624-015311.parquet,real_data_sample\l2_unseen_validation\trade_date=2026-07-17\exchange=NSE\symbol=INFY\part-053632_608624-015311.parquet,34934,downloaded,34934,
2026-07-17,NSE,INFY,raw_l2/trade_date=2026-07-17/exchange=NSE/symbol=INFY/part-053618_365805-015279.parquet,real_data_sample\l2_unseen_validation\trade_date=2026-07-17\exchange=NSE\symbol=INFY\part-053618_365805-015279.parquet,34856,downloaded,34856,
2026-07-17,NSE,INFY,raw_l2/trade_date=2026-07-17/exchange=NSE/symbol=INFY/part-053508_968131-015119.parquet,real_data_sample\l2_unseen_validation\trade_date=2026-07-17\exchange=NSE\symbol=INFY\part-053508_968131-015119.parquet,35917,downloaded,35917,
2026-07-17,NSE,INFY,raw_l2/trade_date=2026-07-17/exchange=NSE/symbol=INFY/part-053455_021586-015087.parquet,real_data_sample\l2_unseen_validation\trade_date=2026-07-17\exchange=NSE\symbol=INFY\part-053455_021586-015087.parquet,35799,downloaded,35799,
2026-07-17,NSE,INFY,raw_l2/trade_date=2026-07-17/exchange=NSE/symbol=INFY/part-053714_374840-015407.parquet,real_data_sample\l2_unseen_validation\trade_date=2026-07-17\exchange=NSE\symbol=INFY\part-053714_374840-015407.parquet,34988,downloaded,34988,
2026-07-17,NSE,INFY,raw_l2/trade_date=2026-07-17/exchange=NSE/symbol=INFY/part-053700_386000-015375.parquet,real_data_sample\l2_unseen_validation\trade_date=2026-07-17\exchange=NSE\symbol=INFY\part-053700_386000-015375.parquet,35029,downloaded,35029,
2026-07-17,NSE,INFY,raw_l2/trade_date=2026-07-17/exchange=NSE/symbol=INFY/part-053728_312071-015439.parquet,real_data_sample\l2_unseen_validation\trade_date=2026-07-17\exchange=NSE\symbol=INFY\part-053728_312071-015439.parquet,36254,downloaded,36254,
2026-07-17,NSE,INFY,raw_l2/trade_date=2026-07-17/exchange=NSE/symbol=INFY/part-053756_083212-015503.parquet,real_data_sample\l2_unseen_validation\trade_date=2026-07-17\exchange=NSE\symbol=INFY\part-053756_083212-015503.parquet,35862,downloaded,35862,
2026-07-17,NSE,INFY,raw_l2/trade_date=2026-07-17/exchange=NSE/symbol=INFY/part-053809_842940-015535.parquet,real_data_sample\l2_unseen_validation\trade_date=2026-07-17\exchange=NSE\symbol=INFY\part-053809_842940-015535.parquet,35937,downloaded,35937,
2026-07-17,NSE,INFY,raw_l2/trade_date=2026-07-17/exchange=NSE/symbol=INFY/part-053742_135397-015471.parquet,real_data_sample\l2_unseen_validation\trade_date=2026-07-17\exchange=NSE\symbol=INFY\part-053742_135397-015471.parquet,35829,downloaded,35829,
2026-07-17,NSE,INFY,raw_l2/trade_date=2026-07-17/exchange=NSE/symbol=INFY/part-053933_841197-015727.parquet,real_data_sample\l2_unseen_validation\trade_date=2026-07-17\exchange=NSE\symbol=INFY\part-053933_841197-015727.parquet,35688,downloaded,35688,
2026-07-17,NSE,INFY,raw_l2/trade_date=2026-07-17/exchange=NSE/symbol=INFY/part-053905_820681-015663.parquet,real_data_sample\l2_unseen_validation\trade_date=2026-07-17\exchange=NSE\symbol=INFY\part-053905_820681-015663.parquet,35931,downloaded,35931,
2026-07-17,NSE,INFY,raw_l2/trade_date=2026-07-17/exchange=NSE/symbol=INFY/part-053947_597828-015759.parquet,real_data_sample\l2_unseen_validation\trade_date=2026-07-17\exchange=NSE\symbol=INFY\part-053947_597828-015759.parquet,36157,downloaded,36157,
2026-07-17,NSE,INFY,raw_l2/trade_date=2026-07-17/exchange=NSE/symbol=INFY/part-053838_124333-015599.parquet,real_data_sample\l2_unseen_validation\trade_date=2026-07-17\exchange=NSE\symbol=INFY\part-053838_124333-015599.parquet,36179,downloaded,36179,
2026-07-17,NSE,INFY,raw_l2/trade_date=2026-07-17/exchange=NSE/symbol=INFY/part-053852_078178-015631.parquet,real_data_sample\l2_unseen_validation\trade_date=2026-07-17\exchange=NSE\symbol=INFY\part-053852_078178-015631.parquet,36207,downloaded,36207,
2026-07-17,NSE,INFY,raw_l2/trade_date=2026-07-17/exchange=NSE/symbol=INFY/part-053919_921741-015695.parquet,real_data_sample\l2_unseen_validation\trade_date=2026-07-17\exchange=NSE\symbol=INFY\part-053919_921741-015695.parquet,36203,downloaded,36203,
2026-07-17,NSE,INFY,raw_l2/trade_date=2026-07-17/exchange=NSE/symbol=INFY/part-054001_695478-015791.parquet,real_data_sample\l2_unseen_validation\trade_date=2026-07-17\exchange=NSE\symbol=INFY\part-054001_695478-015791.parquet,36194,downloaded,36194,
2026-07-17,NSE,INFY,raw_l2/trade_date=2026-07-17/exchange=NSE/symbol=INFY/part-054015_519043-015823.parquet,real_data_sample\l2_unseen_validation\trade_date=2026-07-17\exchange=NSE\symbol=INFY\part-054015_519043-015823.parquet,35907,downloaded,35907,
2026-07-17,NSE,INFY,raw_l2/trade_date=2026-07-17/exchange=NSE/symbol=INFY/part-053824_024187-015567.parquet,real_data_sample\l2_unseen_validation\trade_date=2026-07-17\exchange=NSE\symbol=INFY\part-053824_024187-015567.parquet,35757,downloaded,35757,
2026-07-17,NSE,INFY,raw_l2/trade_date=2026-07-17/exchange=NSE/symbol=INFY/part-054029_562143-015855.parquet,real_data_sample\l2_unseen_validation\trade_date=2026-07-17\exchange=NSE\symbol=INFY\part-054029_562143-015855.parquet,35992,downloaded,35992,
2026-07-17,NSE,INFY,raw_l2/trade_date=2026-07-17/exchange=NSE/symbol=INFY/part-054138_852316-016015.parquet,real_data_sample\l2_unseen_validation\trade_date=2026-07-17\exchange=NSE\symbol=INFY\part-054138_852316-016015.parquet,34804,downloaded,34804,
2026-07-17,NSE,INFY,raw_l2/trade_date=2026-07-17/exchange=NSE/symbol=INFY/part-054111_351979-015951.parquet,real_data_sample\l2_unseen_validation\trade_date=2026-07-17\exchange=NSE\symbol=INFY\part-054111_351979-015951.parquet,35951,downloaded,35951,
2026-07-17,NSE,INFY,raw_l2/trade_date=2026-07-17/exchange=NSE/symbol=INFY/part-054057_355731-015919.parquet,real_data_sample\l2_unseen_validation\trade_date=2026-07-17\exchange=NSE\symbol=INFY\part-054057_355731-015919.parquet,35906,downloaded,35906,
2026-07-17,NSE,INFY,raw_l2/trade_date=2026-07-17/exchange=NSE/symbol=INFY/part-054234_336539-016143.parquet,real_data_sample\l2_unseen_validation\trade_date=2026-07-17\exchange=NSE\symbol=INFY\part-054234_336539-016143.parquet,34715,downloaded,34715,
2026-07-17,NSE,INFY,raw_l2/trade_date=2026-07-17/exchange=NSE/symbol=INFY/part-054357_873195-016335.parquet,real_data_sample\l2_unseen_validation\trade_date=2026-07-17\exchange=NSE\symbol=INFY\part-054357_873195-016335.parquet,34882,downloaded,34882,
2026-07-17,NSE,INFY,raw_l2/trade_date=2026-07-17/exchange=NSE/symbol=INFY/part-054330_159614-016271.parquet,real_data_sample\l2_unseen_validation\trade_date=2026-07-17\exchange=NSE\symbol=INFY\part-054330_159614-016271.parquet,34885,downloaded,34885,
2026-07-17,NSE,INFY,raw_l2/trade_date=2026-07-17/exchange=NSE/symbol=INFY/part-054152_614881-016047.parquet,real_data_sample\l2_unseen_validation\trade_date=2026-07-17\exchange=NSE\symbol=INFY\part-054152_614881-016047.parquet,34693,downloaded,34693,
2026-07-17,NSE,INFY,raw_l2/trade_date=2026-07-17/exchange=NSE/symbol=INFY/part-054043_414047-015887.parquet,real_data_sample\l2_unseen_validation\trade_date=2026-07-17\exchange=NSE\symbol=INFY\part-054043_414047-015887.parquet,35895,downloaded,35895,
2026-07-17,NSE,INFY,raw_l2/trade_date=2026-07-17/exchange=NSE/symbol=INFY/part-054220_576328-016111.parquet,real_data_sample\l2_unseen_validation\trade_date=2026-07-17\exchange=NSE\symbol=INFY\part-054220_576328-016111.parquet,34750,downloaded,34750,
2026-07-17,NSE,INFY,raw_l2/trade_date=2026-07-17/exchange=NSE/symbol=INFY/part-054125_040941-015983.parquet,real_data_sample\l2_unseen_validation\trade_date=2026-07-17\exchange=NSE\symbol=INFY\part-054125_040941-015983.parquet,34705,downloaded,34705,
2026-07-17,NSE,INFY,raw_l2/trade_date=2026-07-17/exchange=NSE/symbol=INFY/part-054206_580540-016079.parquet,real_data_sample\l2_unseen_validation\trade_date=2026-07-17\exchange=NSE\symbol=INFY\part-054206_580540-016079.parquet,34891,downloaded,34891,
2026-07-17,NSE,INFY,raw_l2/trade_date=2026-07-17/exchange=NSE/symbol=INFY/part-054302_369407-016207.parquet,real_data_sample\l2_unseen_validation\trade_date=2026-07-17\exchange=NSE\symbol=INFY\part-054302_369407-016207.parquet,34801,downloaded,34801,
2026-07-17,NSE,INFY,raw_l2/trade_date=2026-07-17/exchange=NSE/symbol=INFY/part-054248_331667-016175.parquet,real_data_sample\l2_unseen_validation\trade_date=2026-07-17\exchange=NSE\symbol=INFY\part-054248_331667-016175.parquet,34672,downloaded,34672,
2026-07-17,NSE,INFY,raw_l2/trade_date=2026-07-17/exchange=NSE/symbol=INFY/part-054316_360630-016239.parquet,real_data_sample\l2_unseen_validation\trade_date=2026-07-17\exchange=NSE\symbol=INFY\part-054316_360630-016239.parquet,34793,downloaded,34793,
2026-07-17,NSE,INFY,raw_l2/trade_date=2026-07-17/exchange=NSE/symbol=INFY/part-054411_929971-016367.parquet,real_data_sample\l2_unseen_validation\trade_date=2026-07-17\exchange=NSE\symbol=INFY\part-054411_929971-016367.parquet,35027,downloaded,35027,
2026-07-17,NSE,INFY,raw_l2/trade_date=2026-07-17/exchange=NSE/symbol=INFY/part-054344_106401-016303.parquet,real_data_sample\l2_unseen_validation\trade_date=2026-07-17\exchange=NSE\symbol=INFY\part-054344_106401-016303.parquet,34786,downloaded,34786,
2026-07-17,NSE,INFY,raw_l2/trade_date=2026-07-17/exchange=NSE/symbol=INFY/part-054439_606586-016431.parquet,real_data_sample\l2_unseen_validation\trade_date=2026-07-17\exchange=NSE\symbol=INFY\part-054439_606586-016431.parquet,35871,downloaded,35871,
2026-07-17,NSE,INFY,raw_l2/trade_date=2026-07-17/exchange=NSE/symbol=INFY/part-054425_831290-016399.parquet,real_data_sample\l2_unseen_validation\trade_date=2026-07-17\exchange=NSE\symbol=INFY\part-054425_831290-016399.parquet,35977,downloaded,35977,
2026-07-17,NSE,INFY,raw_l2/trade_date=2026-07-17/exchange=NSE/symbol=INFY/part-054507_336401-016495.parquet,real_data_sample\l2_unseen_validation\trade_date=2026-07-17\exchange=NSE\symbol=INFY\part-054507_336401-016495.parquet,36353,downloaded,36353,
2026-07-17,NSE,INFY,raw_l2/trade_date=2026-07-17/exchange=NSE/symbol=INFY/part-054453_619504-016463.parquet,real_data_sample\l2_unseen_validation\trade_date=2026-07-17\exchange=NSE\symbol=INFY\part-054453_619504-016463.parquet,35586,downloaded,35586,
2026-07-17,NSE,INFY,raw_l2/trade_date=2026-07-17/exchange=NSE/symbol=INFY/part-054521_343469-016527.parquet,real_data_sample\l2_unseen_validation\trade_date=2026-07-17\exchange=NSE\symbol=INFY\part-054521_343469-016527.parquet,35978,downloaded,35978,
2026-07-17,NSE,INFY,raw_l2/trade_date=2026-07-17/exchange=NSE/symbol=INFY/part-054535_143202-016559.parquet,real_data_sample\l2_unseen_validation\trade_date=2026-07-17\exchange=NSE\symbol=INFY\part-054535_143202-016559.parquet,35766,downloaded,35766,
2026-07-17,NSE,INFY,raw_l2/trade_date=2026-07-17/exchange=NSE/symbol=INFY/part-054602_909063-016623.parquet,real_data_sample\l2_unseen_validation\trade_date=2026-07-17\exchange=NSE\symbol=INFY\part-054602_909063-016623.parquet,36175,downloaded,36175,
2026-07-17,NSE,INFY,raw_l2/trade_date=2026-07-17/exchange=NSE/symbol=INFY/part-054549_083205-016591.parquet,real_data_sample\l2_unseen_validation\trade_date=2026-07-17\exchange=NSE\symbol=INFY\part-054549_083205-016591.parquet,36054,downloaded,36054,
2026-07-17,NSE,INFY,raw_l2/trade_date=2026-07-17/exchange=NSE/symbol=INFY/part-054616_833097-016655.parquet,real_data_sample\l2_unseen_validation\trade_date=2026-07-17\exchange=NSE\symbol=INFY\part-054616_833097-016655.parquet,36059,downloaded,36059,
2026-07-17,NSE,INFY,raw_l2/trade_date=2026-07-17/exchange=NSE/symbol=INFY/part-054630_584541-016687.parquet,real_data_sample\l2_unseen_validation\trade_date=2026-07-17\exchange=NSE\symbol=INFY\part-054630_584541-016687.parquet,35669,downloaded,35669,
2026-07-17,NSE,INFY,raw_l2/trade_date=2026-07-17/exchange=NSE/symbol=INFY/part-054658_292472-016751.parquet,real_data_sample\l2_unseen_validation\trade_date=2026-07-17\exchange=NSE\symbol=INFY\part-054658_292472-016751.parquet,35589,downloaded,35589,
2026-07-17,NSE,INFY,raw_l2/trade_date=2026-07-17/exchange=NSE/symbol=INFY/part-054712_235445-016783.parquet,real_data_sample\l2_unseen_validation\trade_date=2026-07-17\exchange=NSE\symbol=INFY\part-054712_235445-016783.parquet,35724,downloaded,35724,
2026-07-17,NSE,INFY,raw_l2/trade_date=2026-07-17/exchange=NSE/symbol=INFY/part-054644_354574-016719.parquet,real_data_sample\l2_unseen_validation\trade_date=2026-07-17\exchange=NSE\symbol=INFY\part-054644_354574-016719.parquet,36270,downloaded,36270,
2026-07-17,NSE,INFY,raw_l2/trade_date=2026-07-17/exchange=NSE/symbol=INFY/part-054726_448098-016815.parquet,real_data_sample\l2_unseen_validation\trade_date=2026-07-17\exchange=NSE\symbol=INFY\part-054726_448098-016815.parquet,34834,downloaded,34834,
2026-07-17,NSE,INFY,raw_l2/trade_date=2026-07-17/exchange=NSE/symbol=INFY/part-054933_659989-017103.parquet,real_data_sample\l2_unseen_validation\trade_date=2026-07-17\exchange=NSE\symbol=INFY\part-054933_659989-017103.parquet,36030,downloaded,36030,
2026-07-17,NSE,INFY,raw_l2/trade_date=2026-07-17/exchange=NSE/symbol=INFY/part-055129_756339-017359.parquet,real_data_sample\l2_unseen_validation\trade_date=2026-07-17\exchange=NSE\symbol=INFY\part-055129_756339-017359.parquet,36447,downloaded,36447,
2026-07-17,NSE,INFY,raw_l2/trade_date=2026-07-17/exchange=NSE/symbol=INFY/part-055213_715183-017455.parquet,real_data_sample\l2_unseen_validation\trade_date=2026-07-17\exchange=NSE\symbol=INFY\part-055213_715183-017455.parquet,36244,downloaded,36244,
2026-07-17,NSE,INFY,raw_l2/trade_date=2026-07-17/exchange=NSE/symbol=INFY/part-055002_656075-017167.parquet,real_data_sample\l2_unseen_validation\trade_date=2026-07-17\exchange=NSE\symbol=INFY\part-055002_656075-017167.parquet,35757,downloaded,35757,
2026-07-17,NSE,INFY,raw_l2/trade_date=2026-07-17/exchange=NSE/symbol=INFY/part-054837_043698-016975.parquet,real_data_sample\l2_unseen_validation\trade_date=2026-07-17\exchange=NSE\symbol=INFY\part-054837_043698-016975.parquet,36114,downloaded,36114,
2026-07-17,NSE,INFY,raw_l2/trade_date=2026-07-17/exchange=NSE/symbol=INFY/part-055017_075689-017199.parquet,real_data_sample\l2_unseen_validation\trade_date=2026-07-17\exchange=NSE\symbol=INFY\part-055017_075689-017199.parquet,35350,downloaded,35350,
2026-07-17,NSE,INFY,raw_l2/trade_date=2026-07-17/exchange=NSE/symbol=INFY/part-055159_272820-017423.parquet,real_data_sample\l2_unseen_validation\trade_date=2026-07-17\exchange=NSE\symbol=INFY\part-055159_272820-017423.parquet,36368,downloaded,36368,
2026-07-17,NSE,INFY,raw_l2/trade_date=2026-07-17/exchange=NSE/symbol=INFY/part-055031_037710-017231.parquet,real_data_sample\l2_unseen_validation\trade_date=2026-07-17\exchange=NSE\symbol=INFY\part-055031_037710-017231.parquet,36035,downloaded,36035,
2026-07-17,NSE,INFY,raw_l2/trade_date=2026-07-17/exchange=NSE/symbol=INFY/part-054851_253215-017007.parquet,real_data_sample\l2_unseen_validation\trade_date=2026-07-17\exchange=NSE\symbol=INFY\part-054851_253215-017007.parquet,36278,downloaded,36278,
2026-07-17,NSE,INFY,raw_l2/trade_date=2026-07-17/exchange=NSE/symbol=INFY/part-054905_263763-017039.parquet,real_data_sample\l2_unseen_validation\trade_date=2026-07-17\exchange=NSE\symbol=INFY\part-054905_263763-017039.parquet,35845,downloaded,35845,
2026-07-17,NSE,INFY,raw_l2/trade_date=2026-07-17/exchange=NSE/symbol=INFY/part-055100_242325-017295.parquet,real_data_sample\l2_unseen_validation\trade_date=2026-07-17\exchange=NSE\symbol=INFY\part-055100_242325-017295.parquet,35710,downloaded,35710,
2026-07-17,NSE,INFY,raw_l2/trade_date=2026-07-17/exchange=NSE/symbol=INFY/part-054740_495317-016847.parquet,real_data_sample\l2_unseen_validation\trade_date=2026-07-17\exchange=NSE\symbol=INFY\part-054740_495317-016847.parquet,34861,downloaded,34861,
2026-07-17,NSE,INFY,raw_l2/trade_date=2026-07-17/exchange=NSE/symbol=INFY/part-054808_626701-016911.parquet,real_data_sample\l2_unseen_validation\trade_date=2026-07-17\exchange=NSE\symbol=INFY\part-054808_626701-016911.parquet,34665,downloaded,34665,
2026-07-17,NSE,INFY,raw_l2/trade_date=2026-07-17/exchange=NSE/symbol=INFY/part-055228_232107-017487.parquet,real_data_sample\l2_unseen_validation\trade_date=2026-07-17\exchange=NSE\symbol=INFY\part-055228_232107-017487.parquet,36034,downloaded,36034,
2026-07-17,NSE,INFY,raw_l2/trade_date=2026-07-17/exchange=NSE/symbol=INFY/part-054948_044016-017135.parquet,real_data_sample\l2_unseen_validation\trade_date=2026-07-17\exchange=NSE\symbol=INFY\part-054948_044016-017135.parquet,35965,downloaded,35965,
2026-07-17,NSE,INFY,raw_l2/trade_date=2026-07-17/exchange=NSE/symbol=INFY/part-055114_796868-017327.parquet,real_data_sample\l2_unseen_validation\trade_date=2026-07-17\exchange=NSE\symbol=INFY\part-055114_796868-017327.parquet,35769,downloaded,35769,
2026-07-17,NSE,INFY,raw_l2/trade_date=2026-07-17/exchange=NSE/symbol=INFY/part-054754_673257-016879.parquet,real_data_sample\l2_unseen_validation\trade_date=2026-07-17\exchange=NSE\symbol=INFY\part-054754_673257-016879.parquet,34767,downloaded,34767,
2026-07-17,NSE,INFY,raw_l2/trade_date=2026-07-17/exchange=NSE/symbol=INFY/part-055045_755951-017263.parquet,real_data_sample\l2_unseen_validation\trade_date=2026-07-17\exchange=NSE\symbol=INFY\part-055045_755951-017263.parquet,35807,downloaded,35807,
2026-07-17,NSE,INFY,raw_l2/trade_date=2026-07-17/exchange=NSE/symbol=INFY/part-054822_766152-016943.parquet,real_data_sample\l2_unseen_validation\trade_date=2026-07-17\exchange=NSE\symbol=INFY\part-054822_766152-016943.parquet,35721,downloaded,35721,
2026-07-17,NSE,INFY,raw_l2/trade_date=2026-07-17/exchange=NSE/symbol=INFY/part-055144_555000-017391.parquet,real_data_sample\l2_unseen_validation\trade_date=2026-07-17\exchange=NSE\symbol=INFY\part-055144_555000-017391.parquet,36250,downloaded,36250,
2026-07-17,NSE,INFY,raw_l2/trade_date=2026-07-17/exchange=NSE/symbol=INFY/part-054919_523057-017071.parquet,real_data_sample\l2_unseen_validation\trade_date=2026-07-17\exchange=NSE\symbol=INFY\part-054919_523057-017071.parquet,35682,downloaded,35682,
2026-07-17,NSE,INFY,raw_l2/trade_date=2026-07-17/exchange=NSE/symbol=INFY/part-055243_207700-017519.parquet,real_data_sample\l2_unseen_validation\trade_date=2026-07-17\exchange=NSE\symbol=INFY\part-055243_207700-017519.parquet,36000,downloaded,36000,
2026-07-17,NSE,INFY,raw_l2/trade_date=2026-07-17/exchange=NSE/symbol=INFY/part-055257_818383-017551.parquet,real_data_sample\l2_unseen_validation\trade_date=2026-07-17\exchange=NSE\symbol=INFY\part-055257_818383-017551.parquet,36098,downloaded,36098,
2026-07-17,NSE,INFY,raw_l2/trade_date=2026-07-17/exchange=NSE/symbol=INFY/part-055312_168931-017583.parquet,real_data_sample\l2_unseen_validation\trade_date=2026-07-17\exchange=NSE\symbol=INFY\part-055312_168931-017583.parquet,36172,downloaded,36172,
2026-07-17,NSE,INFY,raw_l2/trade_date=2026-07-17/exchange=NSE/symbol=INFY/part-055340_728644-017647.parquet,real_data_sample\l2_unseen_validation\trade_date=2026-07-17\exchange=NSE\symbol=INFY\part-055340_728644-017647.parquet,35672,downloaded,35672,
2026-07-17,NSE,INFY,raw_l2/trade_date=2026-07-17/exchange=NSE/symbol=INFY/part-055326_203734-017615.parquet,real_data_sample\l2_unseen_validation\trade_date=2026-07-17\exchange=NSE\symbol=INFY\part-055326_203734-017615.parquet,35724,downloaded,35724,
2026-07-17,NSE,INFY,raw_l2/trade_date=2026-07-17/exchange=NSE/symbol=INFY/part-055409_318287-017711.parquet,real_data_sample\l2_unseen_validation\trade_date=2026-07-17\exchange=NSE\symbol=INFY\part-055409_318287-017711.parquet,36173,downloaded,36173,
2026-07-17,NSE,INFY,raw_l2/trade_date=2026-07-17/exchange=NSE/symbol=INFY/part-055355_097199-017679.parquet,real_data_sample\l2_unseen_validation\trade_date=2026-07-17\exchange=NSE\symbol=INFY\part-055355_097199-017679.parquet,36345,downloaded,36345,
2026-07-17,NSE,INFY,raw_l2/trade_date=2026-07-17/exchange=NSE/symbol=INFY/part-055423_445731-017743.parquet,real_data_sample\l2_unseen_validation\trade_date=2026-07-17\exchange=NSE\symbol=INFY\part-055423_445731-017743.parquet,35934,downloaded,35934,
2026-07-17,NSE,INFY,raw_l2/trade_date=2026-07-17/exchange=NSE/symbol=INFY/part-055437_448703-017775.parquet,real_data_sample\l2_unseen_validation\trade_date=2026-07-17\exchange=NSE\symbol=INFY\part-055437_448703-017775.parquet,36347,downloaded,36347,
2026-07-17,NSE,INFY,raw_l2/trade_date=2026-07-17/exchange=NSE/symbol=INFY/part-055451_464666-017807.parquet,real_data_sample\l2_unseen_validation\trade_date=2026-07-17\exchange=NSE\symbol=INFY\part-055451_464666-017807.parquet,35886,downloaded,35886,
2026-07-17,NSE,INFY,raw_l2/trade_date=2026-07-17/exchange=NSE/symbol=INFY/part-055505_465221-017839.parquet,real_data_sample\l2_unseen_validation\trade_date=2026-07-17\exchange=NSE\symbol=INFY\part-055505_465221-017839.parquet,35597,downloaded,35597,
2026-07-17,NSE,INFY,raw_l2/trade_date=2026-07-17/exchange=NSE/symbol=INFY/part-055519_440370-017871.parquet,real_data_sample\l2_unseen_validation\trade_date=2026-07-17\exchange=NSE\symbol=INFY\part-055519_440370-017871.parquet,36085,downloaded,36085,
2026-07-17,NSE,INFY,raw_l2/trade_date=2026-07-17/exchange=NSE/symbol=INFY/part-055643_894301-018063.parquet,real_data_sample\l2_unseen_validation\trade_date=2026-07-17\exchange=NSE\symbol=INFY\part-055643_894301-018063.parquet,35904,downloaded,35904,
2026-07-17,NSE,INFY,raw_l2/trade_date=2026-07-17/exchange=NSE/symbol=INFY/part-055808_173328-018255.parquet,real_data_sample\l2_unseen_validation\trade_date=2026-07-17\exchange=NSE\symbol=INFY\part-055808_173328-018255.parquet,36037,downloaded,36037,
2026-07-17,NSE,INFY,raw_l2/trade_date=2026-07-17/exchange=NSE/symbol=INFY/part-055822_281986-018287.parquet,real_data_sample\l2_unseen_validation\trade_date=2026-07-17\exchange=NSE\symbol=INFY\part-055822_281986-018287.parquet,35837,downloaded,35837,
2026-07-17,NSE,INFY,raw_l2/trade_date=2026-07-17/exchange=NSE/symbol=INFY/part-055933_217454-018447.parquet,real_data_sample\l2_unseen_validation\trade_date=2026-07-17\exchange=NSE\symbol=INFY\part-055933_217454-018447.parquet,35618,downloaded,35618,
2026-07-17,NSE,INFY,raw_l2/trade_date=2026-07-17/exchange=NSE/symbol=INFY/part-055657_945295-018095.parquet,real_data_sample\l2_unseen_validation\trade_date=2026-07-17\exchange=NSE\symbol=INFY\part-055657_945295-018095.parquet,35525,downloaded,35525,
2026-07-17,NSE,INFY,raw_l2/trade_date=2026-07-17/exchange=NSE/symbol=INFY/part-055850_861707-018351.parquet,real_data_sample\l2_unseen_validation\trade_date=2026-07-17\exchange=NSE\symbol=INFY\part-055850_861707-018351.parquet,36179,downloaded,36179,
2026-07-17,NSE,INFY,raw_l2/trade_date=2026-07-17/exchange=NSE/symbol=INFY/part-060016_227646-018543.parquet,real_data_sample\l2_unseen_validation\trade_date=2026-07-17\exchange=NSE\symbol=INFY\part-060016_227646-018543.parquet,35843,downloaded,35843,
2026-07-17,NSE,INFY,raw_l2/trade_date=2026-07-17/exchange=NSE/symbol=INFY/part-055712_025619-018127.parquet,real_data_sample\l2_unseen_validation\trade_date=2026-07-17\exchange=NSE\symbol=INFY\part-055712_025619-018127.parquet,36088,downloaded,36088,
2026-07-17,NSE,INFY,raw_l2/trade_date=2026-07-17/exchange=NSE/symbol=INFY/part-055726_047015-018159.parquet,real_data_sample\l2_unseen_validation\trade_date=2026-07-17\exchange=NSE\symbol=INFY\part-055726_047015-018159.parquet,35830,downloaded,35830,
2026-07-17,NSE,INFY,raw_l2/trade_date=2026-07-17/exchange=NSE/symbol=INFY/part-055754_235597-018223.parquet,real_data_sample\l2_unseen_validation\trade_date=2026-07-17\exchange=NSE\symbol=INFY\part-055754_235597-018223.parquet,35706,downloaded,35706,
2026-07-17,NSE,INFY,raw_l2/trade_date=2026-07-17/exchange=NSE/symbol=INFY/part-055547_444391-017935.parquet,real_data_sample\l2_unseen_validation\trade_date=2026-07-17\exchange=NSE\symbol=INFY\part-055547_444391-017935.parquet,36180,downloaded,36180,
2026-07-17,NSE,INFY,raw_l2/trade_date=2026-07-17/exchange=NSE/symbol=INFY/part-055740_241808-018191.parquet,real_data_sample\l2_unseen_validation\trade_date=2026-07-17\exchange=NSE\symbol=INFY\part-055740_241808-018191.parquet,35895,downloaded,35895,
2026-07-17,NSE,INFY,raw_l2/trade_date=2026-07-17/exchange=NSE/symbol=INFY/part-060112_971022-018671.parquet,real_data_sample\l2_unseen_validation\trade_date=2026-07-17\exchange=NSE\symbol=INFY\part-060112_971022-018671.parquet,35895,downloaded,35895,
2026-07-17,NSE,INFY,raw_l2/trade_date=2026-07-17/exchange=NSE/symbol=INFY/part-060126_995838-018703.parquet,real_data_sample\l2_unseen_validation\trade_date=2026-07-17\exchange=NSE\symbol=INFY\part-060126_995838-018703.parquet,36231,downloaded,36231,
2026-07-17,NSE,INFY,raw_l2/trade_date=2026-07-17/exchange=NSE/symbol=INFY/part-055615_734391-017999.parquet,real_data_sample\l2_unseen_validation\trade_date=2026-07-17\exchange=NSE\symbol=INFY\part-055615_734391-017999.parquet,35969,downloaded,35969,
2026-07-17,NSE,INFY,raw_l2/trade_date=2026-07-17/exchange=NSE/symbol=INFY/part-060058_767801-018639.parquet,real_data_sample\l2_unseen_validation\trade_date=2026-07-17\exchange=NSE\symbol=INFY\part-060058_767801-018639.parquet,35782,downloaded,35782,
2026-07-17,NSE,INFY,raw_l2/trade_date=2026-07-17/exchange=NSE/symbol=INFY/part-060251_541242-018895.parquet,real_data_sample\l2_unseen_validation\trade_date=2026-07-17\exchange=NSE\symbol=INFY\part-060251_541242-018895.parquet,36154,downloaded,36154,
2026-07-17,NSE,INFY,raw_l2/trade_date=2026-07-17/exchange=NSE/symbol=INFY/part-060044_551845-018607.parquet,real_data_sample\l2_unseen_validation\trade_date=2026-07-17\exchange=NSE\symbol=INFY\part-060044_551845-018607.parquet,36094,downloaded,36094,
2026-07-17,NSE,INFY,raw_l2/trade_date=2026-07-17/exchange=NSE/symbol=INFY/part-055918_995901-018415.parquet,real_data_sample\l2_unseen_validation\trade_date=2026-07-17\exchange=NSE\symbol=INFY\part-055918_995901-018415.parquet,35767,downloaded,35767,
2026-07-17,NSE,INFY,raw_l2/trade_date=2026-07-17/exchange=NSE/symbol=INFY/part-060002_066963-018511.parquet,real_data_sample\l2_unseen_validation\trade_date=2026-07-17\exchange=NSE\symbol=INFY\part-060002_066963-018511.parquet,36246,downloaded,36246,
2026-07-17,NSE,INFY,raw_l2/trade_date=2026-07-17/exchange=NSE/symbol=INFY/part-060030_299774-018575.parquet,real_data_sample\l2_unseen_validation\trade_date=2026-07-17\exchange=NSE\symbol=INFY\part-060030_299774-018575.parquet,35828,downloaded,35828,
2026-07-17,NSE,INFY,raw_l2/trade_date=2026-07-17/exchange=NSE/symbol=INFY/part-060223_459677-018831.parquet,real_data_sample\l2_unseen_validation\trade_date=2026-07-17\exchange=NSE\symbol=INFY\part-060223_459677-018831.parquet,36213,downloaded,36213,
2026-07-17,NSE,INFY,raw_l2/trade_date=2026-07-17/exchange=NSE/symbol=INFY/part-060155_202937-018767.parquet,real_data_sample\l2_unseen_validation\trade_date=2026-07-17\exchange=NSE\symbol=INFY\part-060155_202937-018767.parquet,35834,downloaded,35834,
2026-07-17,NSE,INFY,raw_l2/trade_date=2026-07-17/exchange=NSE/symbol=INFY/part-055947_374897-018479.parquet,real_data_sample\l2_unseen_validation\trade_date=2026-07-17\exchange=NSE\symbol=INFY\part-055947_374897-018479.parquet,36192,downloaded,36192,
2026-07-17,NSE,INFY,raw_l2/trade_date=2026-07-17/exchange=NSE/symbol=INFY/part-060141_100029-018735.parquet,real_data_sample\l2_unseen_validation\trade_date=2026-07-17\exchange=NSE\symbol=INFY\part-060141_100029-018735.parquet,35608,downloaded,35608,
2026-07-17,NSE,INFY,raw_l2/trade_date=2026-07-17/exchange=NSE/symbol=INFY/part-055533_474373-017903.parquet,real_data_sample\l2_unseen_validation\trade_date=2026-07-17\exchange=NSE\symbol=INFY\part-055533_474373-017903.parquet,35741,downloaded,35741,
2026-07-17,NSE,INFY,raw_l2/trade_date=2026-07-17/exchange=NSE/symbol=INFY/part-060209_188598-018799.parquet,real_data_sample\l2_unseen_validation\trade_date=2026-07-17\exchange=NSE\symbol=INFY\part-060209_188598-018799.parquet,36585,downloaded,36585,
2026-07-17,NSE,INFY,raw_l2/trade_date=2026-07-17/exchange=NSE/symbol=INFY/part-055904_964599-018383.parquet,real_data_sample\l2_unseen_validation\trade_date=2026-07-17\exchange=NSE\symbol=INFY\part-055904_964599-018383.parquet,36475,downloaded,36475,
2026-07-17,NSE,INFY,raw_l2/trade_date=2026-07-17/exchange=NSE/symbol=INFY/part-060237_523455-018863.parquet,real_data_sample\l2_unseen_validation\trade_date=2026-07-17\exchange=NSE\symbol=INFY\part-060237_523455-018863.parquet,36043,downloaded,36043,
2026-07-17,NSE,INFY,raw_l2/trade_date=2026-07-17/exchange=NSE/symbol=INFY/part-055836_535711-018319.parquet,real_data_sample\l2_unseen_validation\trade_date=2026-07-17\exchange=NSE\symbol=INFY\part-055836_535711-018319.parquet,36113,downloaded,36113,
2026-07-17,NSE,INFY,raw_l2/trade_date=2026-07-17/exchange=NSE/symbol=INFY/part-055629_731612-018031.parquet,real_data_sample\l2_unseen_validation\trade_date=2026-07-17\exchange=NSE\symbol=INFY\part-055629_731612-018031.parquet,35924,downloaded,35924,
2026-07-17,NSE,INFY,raw_l2/trade_date=2026-07-17/exchange=NSE/symbol=INFY/part-055601_628071-017967.parquet,real_data_sample\l2_unseen_validation\trade_date=2026-07-17\exchange=NSE\symbol=INFY\part-055601_628071-017967.parquet,35798,downloaded,35798,
2026-07-17,NSE,INFY,raw_l2/trade_date=2026-07-17/exchange=NSE/symbol=INFY/part-060554_636545-019311.parquet,real_data_sample\l2_unseen_validation\trade_date=2026-07-17\exchange=NSE\symbol=INFY\part-060554_636545-019311.parquet,34683,downloaded,34683,
2026-07-17,NSE,INFY,raw_l2/trade_date=2026-07-17/exchange=NSE/symbol=INFY/part-060347_752616-019023.parquet,real_data_sample\l2_unseen_validation\trade_date=2026-07-17\exchange=NSE\symbol=INFY\part-060347_752616-019023.parquet,35836,downloaded,35836,
2026-07-17,NSE,INFY,raw_l2/trade_date=2026-07-17/exchange=NSE/symbol=INFY/part-060540_717370-019279.parquet,real_data_sample\l2_unseen_validation\trade_date=2026-07-17\exchange=NSE\symbol=INFY\part-060540_717370-019279.parquet,34715,downloaded,34715,
2026-07-17,NSE,INFY,raw_l2/trade_date=2026-07-17/exchange=NSE/symbol=INFY/part-060401_711682-019055.parquet,real_data_sample\l2_unseen_validation\trade_date=2026-07-17\exchange=NSE\symbol=INFY\part-060401_711682-019055.parquet,35760,downloaded,35760,
2026-07-17,NSE,INFY,raw_l2/trade_date=2026-07-17/exchange=NSE/symbol=INFY/part-060747_468059-019567.parquet,real_data_sample\l2_unseen_validation\trade_date=2026-07-17\exchange=NSE\symbol=INFY\part-060747_468059-019567.parquet,35695,downloaded,35695,
2026-07-17,NSE,INFY,raw_l2/trade_date=2026-07-17/exchange=NSE/symbol=INFY/part-060622_453182-019375.parquet,real_data_sample\l2_unseen_validation\trade_date=2026-07-17\exchange=NSE\symbol=INFY\part-060622_453182-019375.parquet,34896,downloaded,34896,
2026-07-17,NSE,INFY,raw_l2/trade_date=2026-07-17/exchange=NSE/symbol=INFY/part-060802_780171-019599.parquet,real_data_sample\l2_unseen_validation\trade_date=2026-07-17\exchange=NSE\symbol=INFY\part-060802_780171-019599.parquet,36264,downloaded,36264,
2026-07-17,NSE,INFY,raw_l2/trade_date=2026-07-17/exchange=NSE/symbol=INFY/part-060817_833459-019631.parquet,real_data_sample\l2_unseen_validation\trade_date=2026-07-17\exchange=NSE\symbol=INFY\part-060817_833459-019631.parquet,35919,downloaded,35919,
2026-07-17,NSE,INFY,raw_l2/trade_date=2026-07-17/exchange=NSE/symbol=INFY/part-060430_087962-019119.parquet,real_data_sample\l2_unseen_validation\trade_date=2026-07-17\exchange=NSE\symbol=INFY\part-060430_087962-019119.parquet,34675,downloaded,34675,
2026-07-17,NSE,INFY,raw_l2/trade_date=2026-07-17/exchange=NSE/symbol=INFY/part-060415_737411-019087.parquet,real_data_sample\l2_unseen_validation\trade_date=2026-07-17\exchange=NSE\symbol=INFY\part-060415_737411-019087.parquet,35363,downloaded,35363,
2026-07-17,NSE,INFY,raw_l2/trade_date=2026-07-17/exchange=NSE/symbol=INFY/part-061012_484193-019887.parquet,real_data_sample\l2_unseen_validation\trade_date=2026-07-17\exchange=NSE\symbol=INFY\part-061012_484193-019887.parquet,34966,downloaded,34966,
2026-07-17,NSE,INFY,raw_l2/trade_date=2026-07-17/exchange=NSE/symbol=INFY/part-060636_447396-019407.parquet,real_data_sample\l2_unseen_validation\trade_date=2026-07-17\exchange=NSE\symbol=INFY\part-060636_447396-019407.parquet,34718,downloaded,34718,
2026-07-17,NSE,INFY,raw_l2/trade_date=2026-07-17/exchange=NSE/symbol=INFY/part-060526_544915-019247.parquet,real_data_sample\l2_unseen_validation\trade_date=2026-07-17\exchange=NSE\symbol=INFY\part-060526_544915-019247.parquet,34637,downloaded,34637,
2026-07-17,NSE,INFY,raw_l2/trade_date=2026-07-17/exchange=NSE/symbol=INFY/part-060444_502430-019151.parquet,real_data_sample\l2_unseen_validation\trade_date=2026-07-17\exchange=NSE\symbol=INFY\part-060444_502430-019151.parquet,34557,downloaded,34557,
2026-07-17,NSE,INFY,raw_l2/trade_date=2026-07-17/exchange=NSE/symbol=INFY/part-060608_642710-019343.parquet,real_data_sample\l2_unseen_validation\trade_date=2026-07-17\exchange=NSE\symbol=INFY\part-060608_642710-019343.parquet,34915,downloaded,34915,
2026-07-17,NSE,INFY,raw_l2/trade_date=2026-07-17/exchange=NSE/symbol=INFY/part-061026_763662-019919.parquet,real_data_sample\l2_unseen_validation\trade_date=2026-07-17\exchange=NSE\symbol=INFY\part-061026_763662-019919.parquet,34882,downloaded,34882,
2026-07-17,NSE,INFY,raw_l2/trade_date=2026-07-17/exchange=NSE/symbol=INFY/part-060846_662497-019695.parquet,real_data_sample\l2_unseen_validation\trade_date=2026-07-17\exchange=NSE\symbol=INFY\part-060846_662497-019695.parquet,35861,downloaded,35861,
2026-07-17,NSE,INFY,raw_l2/trade_date=2026-07-17/exchange=NSE/symbol=INFY/part-060512_479747-019215.parquet,real_data_sample\l2_unseen_validation\trade_date=2026-07-17\exchange=NSE\symbol=INFY\part-060512_479747-019215.parquet,34624,downloaded,34624,
2026-07-17,NSE,INFY,raw_l2/trade_date=2026-07-17/exchange=NSE/symbol=INFY/part-060333_729715-018991.parquet,real_data_sample\l2_unseen_validation\trade_date=2026-07-17\exchange=NSE\symbol=INFY\part-060333_729715-018991.parquet,35737,downloaded,35737,
2026-07-17,NSE,INFY,raw_l2/trade_date=2026-07-17/exchange=NSE/symbol=INFY/part-060915_006215-019759.parquet,real_data_sample\l2_unseen_validation\trade_date=2026-07-17\exchange=NSE\symbol=INFY\part-060915_006215-019759.parquet,35555,downloaded,35555,
2026-07-17,NSE,INFY,raw_l2/trade_date=2026-07-17/exchange=NSE/symbol=INFY/part-060900_943190-019727.parquet,real_data_sample\l2_unseen_validation\trade_date=2026-07-17\exchange=NSE\symbol=INFY\part-060900_943190-019727.parquet,35668,downloaded,35668,
2026-07-17,NSE,INFY,raw_l2/trade_date=2026-07-17/exchange=NSE/symbol=INFY/part-060458_417228-019183.parquet,real_data_sample\l2_unseen_validation\trade_date=2026-07-17\exchange=NSE\symbol=INFY\part-060458_417228-019183.parquet,34591,downloaded,34591,
2026-07-17,NSE,INFY,raw_l2/trade_date=2026-07-17/exchange=NSE/symbol=INFY/part-060319_733622-018959.parquet,real_data_sample\l2_unseen_validation\trade_date=2026-07-17\exchange=NSE\symbol=INFY\part-060319_733622-018959.parquet,35928,downloaded,35928,
2026-07-17,NSE,INFY,raw_l2/trade_date=2026-07-17/exchange=NSE/symbol=INFY/part-060929_506881-019791.parquet,real_data_sample\l2_unseen_validation\trade_date=2026-07-17\exchange=NSE\symbol=INFY\part-060929_506881-019791.parquet,34839,downloaded,34839,
2026-07-17,NSE,INFY,raw_l2/trade_date=2026-07-17/exchange=NSE/symbol=INFY/part-060943_936499-019823.parquet,real_data_sample\l2_unseen_validation\trade_date=2026-07-17\exchange=NSE\symbol=INFY\part-060943_936499-019823.parquet,34918,downloaded,34918,
2026-07-17,NSE,INFY,raw_l2/trade_date=2026-07-17/exchange=NSE/symbol=INFY/part-060650_633929-019439.parquet,real_data_sample\l2_unseen_validation\trade_date=2026-07-17\exchange=NSE\symbol=INFY\part-060650_633929-019439.parquet,35020,downloaded,35020,
2026-07-17,NSE,INFY,raw_l2/trade_date=2026-07-17/exchange=NSE/symbol=INFY/part-060305_713448-018927.parquet,real_data_sample\l2_unseen_validation\trade_date=2026-07-17\exchange=NSE\symbol=INFY\part-060305_713448-018927.parquet,35874,downloaded,35874,
2026-07-17,NSE,INFY,raw_l2/trade_date=2026-07-17/exchange=NSE/symbol=INFY/part-060704_663389-019471.parquet,real_data_sample\l2_unseen_validation\trade_date=2026-07-17\exchange=NSE\symbol=INFY\part-060704_663389-019471.parquet,34892,downloaded,34892,
2026-07-17,NSE,INFY,raw_l2/trade_date=2026-07-17/exchange=NSE/symbol=INFY/part-060718_725964-019503.parquet,real_data_sample\l2_unseen_validation\trade_date=2026-07-17\exchange=NSE\symbol=INFY\part-060718_725964-019503.parquet,35892,downloaded,35892,
2026-07-17,NSE,INFY,raw_l2/trade_date=2026-07-17/exchange=NSE/symbol=INFY/part-060958_148292-019855.parquet,real_data_sample\l2_unseen_validation\trade_date=2026-07-17\exchange=NSE\symbol=INFY\part-060958_148292-019855.parquet,34933,downloaded,34933,
2026-07-17,NSE,INFY,raw_l2/trade_date=2026-07-17/exchange=NSE/symbol=INFY/part-060832_432690-019663.parquet,real_data_sample\l2_unseen_validation\trade_date=2026-07-17\exchange=NSE\symbol=INFY\part-060832_432690-019663.parquet,36147,downloaded,36147,
2026-07-17,NSE,INFY,raw_l2/trade_date=2026-07-17/exchange=NSE/symbol=INFY/part-060733_090015-019535.parquet,real_data_sample\l2_unseen_validation\trade_date=2026-07-17\exchange=NSE\symbol=INFY\part-060733_090015-019535.parquet,36075,downloaded,36075,
2026-07-17,NSE,INFY,raw_l2/trade_date=2026-07-17/exchange=NSE/symbol=INFY/part-061334_099570-020335.parquet,real_data_sample\l2_unseen_validation\trade_date=2026-07-17\exchange=NSE\symbol=INFY\part-061334_099570-020335.parquet,35816,downloaded,35816,
2026-07-17,NSE,INFY,raw_l2/trade_date=2026-07-17/exchange=NSE/symbol=INFY/part-061055_530840-019983.parquet,real_data_sample\l2_unseen_validation\trade_date=2026-07-17\exchange=NSE\symbol=INFY\part-061055_530840-019983.parquet,34786,downloaded,34786,
2026-07-17,NSE,INFY,raw_l2/trade_date=2026-07-17/exchange=NSE/symbol=INFY/part-061222_077282-020175.parquet,real_data_sample\l2_unseen_validation\trade_date=2026-07-17\exchange=NSE\symbol=INFY\part-061222_077282-020175.parquet,35899,downloaded,35899,
2026-07-17,NSE,INFY,raw_l2/trade_date=2026-07-17/exchange=NSE/symbol=INFY/part-061124_333171-020047.parquet,real_data_sample\l2_unseen_validation\trade_date=2026-07-17\exchange=NSE\symbol=INFY\part-061124_333171-020047.parquet,35994,downloaded,35994,
2026-07-17,NSE,INFY,raw_l2/trade_date=2026-07-17/exchange=NSE/symbol=INFY/part-061319_840113-020303.parquet,real_data_sample\l2_unseen_validation\trade_date=2026-07-17\exchange=NSE\symbol=INFY\part-061319_840113-020303.parquet,35877,downloaded,35877,
2026-07-17,NSE,INFY,raw_l2/trade_date=2026-07-17/exchange=NSE/symbol=INFY/part-061236_565906-020207.parquet,real_data_sample\l2_unseen_validation\trade_date=2026-07-17\exchange=NSE\symbol=INFY\part-061236_565906-020207.parquet,36014,downloaded,36014,
2026-07-17,NSE,INFY,raw_l2/trade_date=2026-07-17/exchange=NSE/symbol=INFY/part-061153_139350-020111.parquet,real_data_sample\l2_unseen_validation\trade_date=2026-07-17\exchange=NSE\symbol=INFY\part-061153_139350-020111.parquet,35912,downloaded,35912,
2026-07-17,NSE,INFY,raw_l2/trade_date=2026-07-17/exchange=NSE/symbol=INFY/part-061041_026402-019951.parquet,real_data_sample\l2_unseen_validation\trade_date=2026-07-17\exchange=NSE\symbol=INFY\part-061041_026402-019951.parquet,34915,downloaded,34915,
2026-07-17,NSE,INFY,raw_l2/trade_date=2026-07-17/exchange=NSE/symbol=INFY/part-061500_115187-020527.parquet,real_data_sample\l2_unseen_validation\trade_date=2026-07-17\exchange=NSE\symbol=INFY\part-061500_115187-020527.parquet,35608,downloaded,35608,
2026-07-17,NSE,INFY,raw_l2/trade_date=2026-07-17/exchange=NSE/symbol=INFY/part-061402_799329-020399.parquet,real_data_sample\l2_unseen_validation\trade_date=2026-07-17\exchange=NSE\symbol=INFY\part-061402_799329-020399.parquet,35323,downloaded,35323,
2026-07-17,NSE,INFY,raw_l2/trade_date=2026-07-17/exchange=NSE/symbol=INFY/part-061445_734272-020495.parquet,real_data_sample\l2_unseen_validation\trade_date=2026-07-17\exchange=NSE\symbol=INFY\part-061445_734272-020495.parquet,35879,downloaded,35879,
2026-07-17,NSE,INFY,raw_l2/trade_date=2026-07-17/exchange=NSE/symbol=INFY/part-061529_096401-020591.parquet,real_data_sample\l2_unseen_validation\trade_date=2026-07-17\exchange=NSE\symbol=INFY\part-061529_096401-020591.parquet,36177,downloaded,36177,
2026-07-17,NSE,INFY,raw_l2/trade_date=2026-07-17/exchange=NSE/symbol=INFY/part-061348_541001-020367.parquet,real_data_sample\l2_unseen_validation\trade_date=2026-07-17\exchange=NSE\symbol=INFY\part-061348_541001-020367.parquet,36059,downloaded,36059,
2026-07-17,NSE,INFY,raw_l2/trade_date=2026-07-17/exchange=NSE/symbol=INFY/part-061417_089453-020431.parquet,real_data_sample\l2_unseen_validation\trade_date=2026-07-17\exchange=NSE\symbol=INFY\part-061417_089453-020431.parquet,36015,downloaded,36015,
2026-07-17,NSE,INFY,raw_l2/trade_date=2026-07-17/exchange=NSE/symbol=INFY/part-061557_856512-020655.parquet,real_data_sample\l2_unseen_validation\trade_date=2026-07-17\exchange=NSE\symbol=INFY\part-061557_856512-020655.parquet,35865,downloaded,35865,
2026-07-17,NSE,INFY,raw_l2/trade_date=2026-07-17/exchange=NSE/symbol=INFY/part-061514_541795-020559.parquet,real_data_sample\l2_unseen_validation\trade_date=2026-07-17\exchange=NSE\symbol=INFY\part-061514_541795-020559.parquet,35889,downloaded,35889,
2026-07-17,NSE,INFY,raw_l2/trade_date=2026-07-17/exchange=NSE/symbol=INFY/part-061642_199101-020751.parquet,real_data_sample\l2_unseen_validation\trade_date=2026-07-17\exchange=NSE\symbol=INFY\part-061642_199101-020751.parquet,35724,downloaded,35724,
2026-07-17,NSE,INFY,raw_l2/trade_date=2026-07-17/exchange=NSE/symbol=INFY/part-061431_471402-020463.parquet,real_data_sample\l2_unseen_validation\trade_date=2026-07-17\exchange=NSE\symbol=INFY\part-061431_471402-020463.parquet,36044,downloaded,36044,
2026-07-17,NSE,INFY,raw_l2/trade_date=2026-07-17/exchange=NSE/symbol=INFY/part-061543_277430-020623.parquet,real_data_sample\l2_unseen_validation\trade_date=2026-07-17\exchange=NSE\symbol=INFY\part-061543_277430-020623.parquet,35762,downloaded,35762,
2026-07-17,NSE,INFY,raw_l2/trade_date=2026-07-17/exchange=NSE/symbol=INFY/part-061628_032794-020719.parquet,real_data_sample\l2_unseen_validation\trade_date=2026-07-17\exchange=NSE\symbol=INFY\part-061628_032794-020719.parquet,36294,downloaded,36294,
2026-07-17,NSE,INFY,raw_l2/trade_date=2026-07-17/exchange=NSE/symbol=INFY/part-061612_612381-020687.parquet,real_data_sample\l2_unseen_validation\trade_date=2026-07-17\exchange=NSE\symbol=INFY\part-061612_612381-020687.parquet,35824,downloaded,35824,
2026-07-17,NSE,INFY,raw_l2/trade_date=2026-07-17/exchange=NSE/symbol=INFY/part-061808_037708-020943.parquet,real_data_sample\l2_unseen_validation\trade_date=2026-07-17\exchange=NSE\symbol=INFY\part-061808_037708-020943.parquet,36094,downloaded,36094,
2026-07-17,NSE,INFY,raw_l2/trade_date=2026-07-17/exchange=NSE/symbol=INFY/part-061656_220635-020783.parquet,real_data_sample\l2_unseen_validation\trade_date=2026-07-17\exchange=NSE\symbol=INFY\part-061656_220635-020783.parquet,36226,downloaded,36226,
2026-07-17,NSE,INFY,raw_l2/trade_date=2026-07-17/exchange=NSE/symbol=INFY/part-061710_519720-020815.parquet,real_data_sample\l2_unseen_validation\trade_date=2026-07-17\exchange=NSE\symbol=INFY\part-061710_519720-020815.parquet,36211,downloaded,36211,
2026-07-17,NSE,INFY,raw_l2/trade_date=2026-07-17/exchange=NSE/symbol=INFY/part-061724_708944-020847.parquet,real_data_sample\l2_unseen_validation\trade_date=2026-07-17\exchange=NSE\symbol=INFY\part-061724_708944-020847.parquet,35882,downloaded,35882,
2026-07-17,NSE,INFY,raw_l2/trade_date=2026-07-17/exchange=NSE/symbol=INFY/part-061738_694227-020879.parquet,real_data_sample\l2_unseen_validation\trade_date=2026-07-17\exchange=NSE\symbol=INFY\part-061738_694227-020879.parquet,35954,downloaded,35954,
2026-07-17,NSE,INFY,raw_l2/trade_date=2026-07-17/exchange=NSE/symbol=INFY/part-061753_122344-020911.parquet,real_data_sample\l2_unseen_validation\trade_date=2026-07-17\exchange=NSE\symbol=INFY\part-061753_122344-020911.parquet,35527,downloaded,35527,
2026-07-17,NSE,INFY,raw_l2/trade_date=2026-07-17/exchange=NSE/symbol=INFY/part-061822_094389-020975.parquet,real_data_sample\l2_unseen_validation\trade_date=2026-07-17\exchange=NSE\symbol=INFY\part-061822_094389-020975.parquet,35391,downloaded,35391,
2026-07-17,NSE,INFY,raw_l2/trade_date=2026-07-17/exchange=NSE/symbol=INFY/part-061836_980174-021007.parquet,real_data_sample\l2_unseen_validation\trade_date=2026-07-17\exchange=NSE\symbol=INFY\part-061836_980174-021007.parquet,35443,downloaded,35443,
2026-07-17,NSE,INFY,raw_l2/trade_date=2026-07-17/exchange=NSE/symbol=INFY/part-061851_191850-021039.parquet,real_data_sample\l2_unseen_validation\trade_date=2026-07-17\exchange=NSE\symbol=INFY\part-061851_191850-021039.parquet,35698,downloaded,35698,
2026-07-17,NSE,INFY,raw_l2/trade_date=2026-07-17/exchange=NSE/symbol=INFY/part-061905_265308-021071.parquet,real_data_sample\l2_unseen_validation\trade_date=2026-07-17\exchange=NSE\symbol=INFY\part-061905_265308-021071.parquet,36609,downloaded,36609,
2026-07-17,NSE,INFY,raw_l2/trade_date=2026-07-17/exchange=NSE/symbol=INFY/part-061919_645872-021103.parquet,real_data_sample\l2_unseen_validation\trade_date=2026-07-17\exchange=NSE\symbol=INFY\part-061919_645872-021103.parquet,36152,downloaded,36152,
2026-07-17,NSE,INFY,raw_l2/trade_date=2026-07-17/exchange=NSE/symbol=INFY/part-062350_952498-021711.parquet,real_data_sample\l2_unseen_validation\trade_date=2026-07-17\exchange=NSE\symbol=INFY\part-062350_952498-021711.parquet,34874,downloaded,34874,
2026-07-17,NSE,INFY,raw_l2/trade_date=2026-07-17/exchange=NSE/symbol=INFY/part-062016_682192-021231.parquet,real_data_sample\l2_unseen_validation\trade_date=2026-07-17\exchange=NSE\symbol=INFY\part-062016_682192-021231.parquet,35605,downloaded,35605,
2026-07-17,NSE,INFY,raw_l2/trade_date=2026-07-17/exchange=NSE/symbol=INFY/part-062142_642410-021423.parquet,real_data_sample\l2_unseen_validation\trade_date=2026-07-17\exchange=NSE\symbol=INFY\part-062142_642410-021423.parquet,35698,downloaded,35698,
2026-07-17,NSE,INFY,raw_l2/trade_date=2026-07-17/exchange=NSE/symbol=INFY/part-062501_531005-021871.parquet,real_data_sample\l2_unseen_validation\trade_date=2026-07-17\exchange=NSE\symbol=INFY\part-062501_531005-021871.parquet,34694,downloaded,34694,
2026-07-17,NSE,INFY,raw_l2/trade_date=2026-07-17/exchange=NSE/symbol=INFY/part-062002_514449-021199.parquet,real_data_sample\l2_unseen_validation\trade_date=2026-07-17\exchange=NSE\symbol=INFY\part-062002_514449-021199.parquet,35752,downloaded,35752,
2026-07-17,NSE,INFY,raw_l2/trade_date=2026-07-17/exchange=NSE/symbol=INFY/part-062030_821139-021263.parquet,real_data_sample\l2_unseen_validation\trade_date=2026-07-17\exchange=NSE\symbol=INFY\part-062030_821139-021263.parquet,35829,downloaded,35829,
2026-07-17,NSE,INFY,raw_l2/trade_date=2026-07-17/exchange=NSE/symbol=INFY/part-062337_022418-021679.parquet,real_data_sample\l2_unseen_validation\trade_date=2026-07-17\exchange=NSE\symbol=INFY\part-062337_022418-021679.parquet,34976,downloaded,34976,
2026-07-17,NSE,INFY,raw_l2/trade_date=2026-07-17/exchange=NSE/symbol=INFY/part-062447_398494-021839.parquet,real_data_sample\l2_unseen_validation\trade_date=2026-07-17\exchange=NSE\symbol=INFY\part-062447_398494-021839.parquet,34633,downloaded,34633,
2026-07-17,NSE,INFY,raw_l2/trade_date=2026-07-17/exchange=NSE/symbol=INFY/part-062114_572379-021359.parquet,real_data_sample\l2_unseen_validation\trade_date=2026-07-17\exchange=NSE\symbol=INFY\part-062114_572379-021359.parquet,36019,downloaded,36019,
2026-07-17,NSE,INFY,raw_l2/trade_date=2026-07-17/exchange=NSE/symbol=INFY/part-062100_092392-021327.parquet,real_data_sample\l2_unseen_validation\trade_date=2026-07-17\exchange=NSE\symbol=INFY\part-062100_092392-021327.parquet,36133,downloaded,36133,
2026-07-17,NSE,INFY,raw_l2/trade_date=2026-07-17/exchange=NSE/symbol=INFY/part-062515_831754-021903.parquet,real_data_sample\l2_unseen_validation\trade_date=2026-07-17\exchange=NSE\symbol=INFY\part-062515_831754-021903.parquet,35201,downloaded,35201,
2026-07-17,NSE,INFY,raw_l2/trade_date=2026-07-17/exchange=NSE/symbol=INFY/part-062045_587349-021295.parquet,real_data_sample\l2_unseen_validation\trade_date=2026-07-17\exchange=NSE\symbol=INFY\part-062045_587349-021295.parquet,35933,downloaded,35933,
2026-07-17,NSE,INFY,raw_l2/trade_date=2026-07-17/exchange=NSE/symbol=INFY/part-062128_744730-021391.parquet,real_data_sample\l2_unseen_validation\trade_date=2026-07-17\exchange=NSE\symbol=INFY\part-062128_744730-021391.parquet,35900,downloaded,35900,
2026-07-17,NSE,INFY,raw_l2/trade_date=2026-07-17/exchange=NSE/symbol=INFY/part-062322_752965-021647.parquet,real_data_sample\l2_unseen_validation\trade_date=2026-07-17\exchange=NSE\symbol=INFY\part-062322_752965-021647.parquet,34936,downloaded,34936,
2026-07-17,NSE,INFY,raw_l2/trade_date=2026-07-17/exchange=NSE/symbol=INFY/part-061934_173764-021135.parquet,real_data_sample\l2_unseen_validation\trade_date=2026-07-17\exchange=NSE\symbol=INFY\part-061934_173764-021135.parquet,35819,downloaded,35819,
2026-07-17,NSE,INFY,raw_l2/trade_date=2026-07-17/exchange=NSE/symbol=INFY/part-061948_214668-021167.parquet,real_data_sample\l2_unseen_validation\trade_date=2026-07-17\exchange=NSE\symbol=INFY\part-061948_214668-021167.parquet,35902,downloaded,35902,
2026-07-17,NSE,INFY,raw_l2/trade_date=2026-07-17/exchange=NSE/symbol=INFY/part-062404_990780-021743.parquet,real_data_sample\l2_unseen_validation\trade_date=2026-07-17\exchange=NSE\symbol=INFY\part-062404_990780-021743.parquet,34978,downloaded,34978,
2026-07-17,NSE,INFY,raw_l2/trade_date=2026-07-17/exchange=NSE/symbol=INFY/part-062253_983273-021583.parquet,real_data_sample\l2_unseen_validation\trade_date=2026-07-17\exchange=NSE\symbol=INFY\part-062253_983273-021583.parquet,34999,downloaded,34999,
2026-07-17,NSE,INFY,raw_l2/trade_date=2026-07-17/exchange=NSE/symbol=INFY/part-062308_407018-021615.parquet,real_data_sample\l2_unseen_validation\trade_date=2026-07-17\exchange=NSE\symbol=INFY\part-062308_407018-021615.parquet,34793,downloaded,34793,
2026-07-17,NSE,INFY,raw_l2/trade_date=2026-07-17/exchange=NSE/symbol=INFY/part-062419_139745-021775.parquet,real_data_sample\l2_unseen_validation\trade_date=2026-07-17\exchange=NSE\symbol=INFY\part-062419_139745-021775.parquet,34628,downloaded,34628,
2026-07-17,NSE,INFY,raw_l2/trade_date=2026-07-17/exchange=NSE/symbol=INFY/part-062543_642953-021967.parquet,real_data_sample\l2_unseen_validation\trade_date=2026-07-17\exchange=NSE\symbol=INFY\part-062543_642953-021967.parquet,36126,downloaded,36126,
2026-07-17,NSE,INFY,raw_l2/trade_date=2026-07-17/exchange=NSE/symbol=INFY/part-062211_109776-021487.parquet,real_data_sample\l2_unseen_validation\trade_date=2026-07-17\exchange=NSE\symbol=INFY\part-062211_109776-021487.parquet,35744,downloaded,35744,
2026-07-17,NSE,INFY,raw_l2/trade_date=2026-07-17/exchange=NSE/symbol=INFY/part-062239_774598-021551.parquet,real_data_sample\l2_unseen_validation\trade_date=2026-07-17\exchange=NSE\symbol=INFY\part-062239_774598-021551.parquet,34679,downloaded,34679,
2026-07-17,NSE,INFY,raw_l2/trade_date=2026-07-17/exchange=NSE/symbol=INFY/part-062529_654634-021935.parquet,real_data_sample\l2_unseen_validation\trade_date=2026-07-17\exchange=NSE\symbol=INFY\part-062529_654634-021935.parquet,35774,downloaded,35774,
2026-07-17,NSE,INFY,raw_l2/trade_date=2026-07-17/exchange=NSE/symbol=INFY/part-062433_185366-021807.parquet,real_data_sample\l2_unseen_validation\trade_date=2026-07-17\exchange=NSE\symbol=INFY\part-062433_185366-021807.parquet,34695,downloaded,34695,
2026-07-17,NSE,INFY,raw_l2/trade_date=2026-07-17/exchange=NSE/symbol=INFY/part-062156_914492-021455.parquet,real_data_sample\l2_unseen_validation\trade_date=2026-07-17\exchange=NSE\symbol=INFY\part-062156_914492-021455.parquet,35974,downloaded,35974,
2026-07-17,NSE,INFY,raw_l2/trade_date=2026-07-17/exchange=NSE/symbol=INFY/part-062225_474037-021519.parquet,real_data_sample\l2_unseen_validation\trade_date=2026-07-17\exchange=NSE\symbol=INFY\part-062225_474037-021519.parquet,34781,downloaded,34781,
2026-07-17,NSE,INFY,raw_l2/trade_date=2026-07-17/exchange=NSE/symbol=INFY/part-062737_229307-022223.parquet,real_data_sample\l2_unseen_validation\trade_date=2026-07-17\exchange=NSE\symbol=INFY\part-062737_229307-022223.parquet,35610,downloaded,35610,
2026-07-17,NSE,INFY,raw_l2/trade_date=2026-07-17/exchange=NSE/symbol=INFY/part-062751_532473-022255.parquet,real_data_sample\l2_unseen_validation\trade_date=2026-07-17\exchange=NSE\symbol=INFY\part-062751_532473-022255.parquet,35877,downloaded,35877,
2026-07-17,NSE,INFY,raw_l2/trade_date=2026-07-17/exchange=NSE/symbol=INFY/part-062722_942080-022191.parquet,real_data_sample\l2_unseen_validation\trade_date=2026-07-17\exchange=NSE\symbol=INFY\part-062722_942080-022191.parquet,35811,downloaded,35811,
2026-07-17,NSE,INFY,raw_l2/trade_date=2026-07-17/exchange=NSE/symbol=INFY/part-062931_507816-022479.parquet,real_data_sample\l2_unseen_validation\trade_date=2026-07-17\exchange=NSE\symbol=INFY\part-062931_507816-022479.parquet,36047,downloaded,36047,
2026-07-17,NSE,INFY,raw_l2/trade_date=2026-07-17/exchange=NSE/symbol=INFY/part-062708_228951-022159.parquet,real_data_sample\l2_unseen_validation\trade_date=2026-07-17\exchange=NSE\symbol=INFY\part-062708_228951-022159.parquet,36071,downloaded,36071,
2026-07-17,NSE,INFY,raw_l2/trade_date=2026-07-17/exchange=NSE/symbol=INFY/part-062916_468044-022447.parquet,real_data_sample\l2_unseen_validation\trade_date=2026-07-17\exchange=NSE\symbol=INFY\part-062916_468044-022447.parquet,36110,downloaded,36110,
2026-07-17,NSE,INFY,raw_l2/trade_date=2026-07-17/exchange=NSE/symbol=INFY/part-062902_446372-022415.parquet,real_data_sample\l2_unseen_validation\trade_date=2026-07-17\exchange=NSE\symbol=INFY\part-062902_446372-022415.parquet,35542,downloaded,35542,
2026-07-17,NSE,INFY,raw_l2/trade_date=2026-07-17/exchange=NSE/symbol=INFY/part-062805_791340-022287.parquet,real_data_sample\l2_unseen_validation\trade_date=2026-07-17\exchange=NSE\symbol=INFY\part-062805_791340-022287.parquet,35903,downloaded,35903,
2026-07-17,NSE,INFY,raw_l2/trade_date=2026-07-17/exchange=NSE/symbol=INFY/part-062625_692400-022063.parquet,real_data_sample\l2_unseen_validation\trade_date=2026-07-17\exchange=NSE\symbol=INFY\part-062625_692400-022063.parquet,36072,downloaded,36072,
2026-07-17,NSE,INFY,raw_l2/trade_date=2026-07-17/exchange=NSE/symbol=INFY/part-062820_200988-022319.parquet,real_data_sample\l2_unseen_validation\trade_date=2026-07-17\exchange=NSE\symbol=INFY\part-062820_200988-022319.parquet,36283,downloaded,36283,
2026-07-17,NSE,INFY,raw_l2/trade_date=2026-07-17/exchange=NSE/symbol=INFY/part-062611_708969-022031.parquet,real_data_sample\l2_unseen_validation\trade_date=2026-07-17\exchange=NSE\symbol=INFY\part-062611_708969-022031.parquet,36325,downloaded,36325,
2026-07-17,NSE,INFY,raw_l2/trade_date=2026-07-17/exchange=NSE/symbol=INFY/part-062557_669572-021999.parquet,real_data_sample\l2_unseen_validation\trade_date=2026-07-17\exchange=NSE\symbol=INFY\part-062557_669572-021999.parquet,36060,downloaded,36060,
2026-07-17,NSE,INFY,raw_l2/trade_date=2026-07-17/exchange=NSE/symbol=INFY/part-062848_471998-022383.parquet,real_data_sample\l2_unseen_validation\trade_date=2026-07-17\exchange=NSE\symbol=INFY\part-062848_471998-022383.parquet,35861,downloaded,35861,
2026-07-17,NSE,INFY,raw_l2/trade_date=2026-07-17/exchange=NSE/symbol=INFY/part-062654_246461-022127.parquet,real_data_sample\l2_unseen_validation\trade_date=2026-07-17\exchange=NSE\symbol=INFY\part-062654_246461-022127.parquet,35863,downloaded,35863,
2026-07-17,NSE,INFY,raw_l2/trade_date=2026-07-17/exchange=NSE/symbol=INFY/part-062639_962961-022095.parquet,real_data_sample\l2_unseen_validation\trade_date=2026-07-17\exchange=NSE\symbol=INFY\part-062639_962961-022095.parquet,35647,downloaded,35647,
2026-07-17,NSE,INFY,raw_l2/trade_date=2026-07-17/exchange=NSE/symbol=INFY/part-062834_100985-022351.parquet,real_data_sample\l2_unseen_validation\trade_date=2026-07-17\exchange=NSE\symbol=INFY\part-062834_100985-022351.parquet,35708,downloaded,35708,
2026-07-17,NSE,INFY,raw_l2/trade_date=2026-07-17/exchange=NSE/symbol=INFY/part-062945_745623-022511.parquet,real_data_sample\l2_unseen_validation\trade_date=2026-07-17\exchange=NSE\symbol=INFY\part-062945_745623-022511.parquet,36302,downloaded,36302,
2026-07-17,NSE,INFY,raw_l2/trade_date=2026-07-17/exchange=NSE/symbol=INFY/part-063043_007089-022639.parquet,real_data_sample\l2_unseen_validation\trade_date=2026-07-17\exchange=NSE\symbol=INFY\part-063043_007089-022639.parquet,35991,downloaded,35991,
2026-07-17,NSE,INFY,raw_l2/trade_date=2026-07-17/exchange=NSE/symbol=INFY/part-063000_279338-022543.parquet,real_data_sample\l2_unseen_validation\trade_date=2026-07-17\exchange=NSE\symbol=INFY\part-063000_279338-022543.parquet,35525,downloaded,35525,
2026-07-17,NSE,INFY,raw_l2/trade_date=2026-07-17/exchange=NSE/symbol=INFY/part-063056_962057-022671.parquet,real_data_sample\l2_unseen_validation\trade_date=2026-07-17\exchange=NSE\symbol=INFY\part-063056_962057-022671.parquet,36273,downloaded,36273,
2026-07-17,NSE,INFY,raw_l2/trade_date=2026-07-17/exchange=NSE/symbol=INFY/part-063028_794349-022607.parquet,real_data_sample\l2_unseen_validation\trade_date=2026-07-17\exchange=NSE\symbol=INFY\part-063028_794349-022607.parquet,36025,downloaded,36025,
2026-07-17,NSE,INFY,raw_l2/trade_date=2026-07-17/exchange=NSE/symbol=INFY/part-063014_669894-022575.parquet,real_data_sample\l2_unseen_validation\trade_date=2026-07-17\exchange=NSE\symbol=INFY\part-063014_669894-022575.parquet,36029,downloaded,36029,
2026-07-17,NSE,INFY,raw_l2/trade_date=2026-07-17/exchange=NSE/symbol=INFY/part-063153_616053-022799.parquet,real_data_sample\l2_unseen_validation\trade_date=2026-07-17\exchange=NSE\symbol=INFY\part-063153_616053-022799.parquet,35687,downloaded,35687,
2026-07-17,NSE,INFY,raw_l2/trade_date=2026-07-17/exchange=NSE/symbol=INFY/part-063125_476811-022735.parquet,real_data_sample\l2_unseen_validation\trade_date=2026-07-17\exchange=NSE\symbol=INFY\part-063125_476811-022735.parquet,36223,downloaded,36223,
2026-07-17,NSE,INFY,raw_l2/trade_date=2026-07-17/exchange=NSE/symbol=INFY/part-063111_335244-022703.parquet,real_data_sample\l2_unseen_validation\trade_date=2026-07-17\exchange=NSE\symbol=INFY\part-063111_335244-022703.parquet,36149,downloaded,36149,
2026-07-17,NSE,INFY,raw_l2/trade_date=2026-07-17/exchange=NSE/symbol=INFY/part-063207_395638-022831.parquet,real_data_sample\l2_unseen_validation\trade_date=2026-07-17\exchange=NSE\symbol=INFY\part-063207_395638-022831.parquet,35695,downloaded,35695,
2026-07-17,NSE,INFY,raw_l2/trade_date=2026-07-17/exchange=NSE/symbol=INFY/part-063139_636621-022767.parquet,real_data_sample\l2_unseen_validation\trade_date=2026-07-17\exchange=NSE\symbol=INFY\part-063139_636621-022767.parquet,35764,downloaded,35764,
2026-07-17,NSE,INFY,raw_l2/trade_date=2026-07-17/exchange=NSE/symbol=INFY/part-063442_630706-023183.parquet,real_data_sample\l2_unseen_validation\trade_date=2026-07-17\exchange=NSE\symbol=INFY\part-063442_630706-023183.parquet,34659,downloaded,34659,
2026-07-17,NSE,INFY,raw_l2/trade_date=2026-07-17/exchange=NSE/symbol=INFY/part-063525_106385-023279.parquet,real_data_sample\l2_unseen_validation\trade_date=2026-07-17\exchange=NSE\symbol=INFY\part-063525_106385-023279.parquet,35842,downloaded,35842,
2026-07-17,NSE,INFY,raw_l2/trade_date=2026-07-17/exchange=NSE/symbol=INFY/part-063221_391975-022863.parquet,real_data_sample\l2_unseen_validation\trade_date=2026-07-17\exchange=NSE\symbol=INFY\part-063221_391975-022863.parquet,35642,downloaded,35642,
2026-07-17,NSE,INFY,raw_l2/trade_date=2026-07-17/exchange=NSE/symbol=INFY/part-063414_628519-023119.parquet,real_data_sample\l2_unseen_validation\trade_date=2026-07-17\exchange=NSE\symbol=INFY\part-063414_628519-023119.parquet,35616,downloaded,35616,
2026-07-17,NSE,INFY,raw_l2/trade_date=2026-07-17/exchange=NSE/symbol=INFY/part-063249_300860-022927.parquet,real_data_sample\l2_unseen_validation\trade_date=2026-07-17\exchange=NSE\symbol=INFY\part-063249_300860-022927.parquet,36015,downloaded,36015,
2026-07-17,NSE,INFY,raw_l2/trade_date=2026-07-17/exchange=NSE/symbol=INFY/part-063428_660190-023151.parquet,real_data_sample\l2_unseen_validation\trade_date=2026-07-17\exchange=NSE\symbol=INFY\part-063428_660190-023151.parquet,34801,downloaded,34801,
2026-07-17,NSE,INFY,raw_l2/trade_date=2026-07-17/exchange=NSE/symbol=INFY/part-063456_633101-023215.parquet,real_data_sample\l2_unseen_validation\trade_date=2026-07-17\exchange=NSE\symbol=INFY\part-063456_633101-023215.parquet,34973,downloaded,34973,
2026-07-17,NSE,INFY,raw_l2/trade_date=2026-07-17/exchange=NSE/symbol=INFY/part-063303_555427-022959.parquet,real_data_sample\l2_unseen_validation\trade_date=2026-07-17\exchange=NSE\symbol=INFY\part-063303_555427-022959.parquet,36045,downloaded,36045,
2026-07-17,NSE,INFY,raw_l2/trade_date=2026-07-17/exchange=NSE/symbol=INFY/part-063332_263660-023023.parquet,real_data_sample\l2_unseen_validation\trade_date=2026-07-17\exchange=NSE\symbol=INFY\part-063332_263660-023023.parquet,36214,downloaded,36214,
2026-07-17,NSE,INFY,raw_l2/trade_date=2026-07-17/exchange=NSE/symbol=INFY/part-063235_379534-022895.parquet,real_data_sample\l2_unseen_validation\trade_date=2026-07-17\exchange=NSE\symbol=INFY\part-063235_379534-022895.parquet,36022,downloaded,36022,
2026-07-17,NSE,INFY,raw_l2/trade_date=2026-07-17/exchange=NSE/symbol=INFY/part-063538_897327-023311.parquet,real_data_sample\l2_unseen_validation\trade_date=2026-07-17\exchange=NSE\symbol=INFY\part-063538_897327-023311.parquet,35947,downloaded,35947,
2026-07-17,NSE,INFY,raw_l2/trade_date=2026-07-17/exchange=NSE/symbol=INFY/part-063400_443915-023087.parquet,real_data_sample\l2_unseen_validation\trade_date=2026-07-17\exchange=NSE\symbol=INFY\part-063400_443915-023087.parquet,35906,downloaded,35906,
2026-07-17,NSE,INFY,raw_l2/trade_date=2026-07-17/exchange=NSE/symbol=INFY/part-063552_829582-023343.parquet,real_data_sample\l2_unseen_validation\trade_date=2026-07-17\exchange=NSE\symbol=INFY\part-063552_829582-023343.parquet,35612,downloaded,35612,
2026-07-17,NSE,INFY,raw_l2/trade_date=2026-07-17/exchange=NSE/symbol=INFY/part-063317_794164-022991.parquet,real_data_sample\l2_unseen_validation\trade_date=2026-07-17\exchange=NSE\symbol=INFY\part-063317_794164-022991.parquet,35761,downloaded,35761,
2026-07-17,NSE,INFY,raw_l2/trade_date=2026-07-17/exchange=NSE/symbol=INFY/part-063510_708776-023247.parquet,real_data_sample\l2_unseen_validation\trade_date=2026-07-17\exchange=NSE\symbol=INFY\part-063510_708776-023247.parquet,34789,downloaded,34789,
2026-07-17,NSE,INFY,raw_l2/trade_date=2026-07-17/exchange=NSE/symbol=INFY/part-063620_650215-023407.parquet,real_data_sample\l2_unseen_validation\trade_date=2026-07-17\exchange=NSE\symbol=INFY\part-063620_650215-023407.parquet,36053,downloaded,36053,
2026-07-17,NSE,INFY,raw_l2/trade_date=2026-07-17/exchange=NSE/symbol=INFY/part-063744_575616-023599.parquet,real_data_sample\l2_unseen_validation\trade_date=2026-07-17\exchange=NSE\symbol=INFY\part-063744_575616-023599.parquet,35377,downloaded,35377,
2026-07-17,NSE,INFY,raw_l2/trade_date=2026-07-17/exchange=NSE/symbol=INFY/part-063648_657188-023471.parquet,real_data_sample\l2_unseen_validation\trade_date=2026-07-17\exchange=NSE\symbol=INFY\part-063648_657188-023471.parquet,35105,downloaded,35105,
2026-07-17,NSE,INFY,raw_l2/trade_date=2026-07-17/exchange=NSE/symbol=INFY/part-063606_668922-023375.parquet,real_data_sample\l2_unseen_validation\trade_date=2026-07-17\exchange=NSE\symbol=INFY\part-063606_668922-023375.parquet,35812,downloaded,35812,
2026-07-17,NSE,INFY,raw_l2/trade_date=2026-07-17/exchange=NSE/symbol=INFY/part-063346_418896-023055.parquet,real_data_sample\l2_unseen_validation\trade_date=2026-07-17\exchange=NSE\symbol=INFY\part-063346_418896-023055.parquet,35951,downloaded,35951,
2026-07-17,NSE,INFY,raw_l2/trade_date=2026-07-17/exchange=NSE/symbol=INFY/part-063730_568898-023567.parquet,real_data_sample\l2_unseen_validation\trade_date=2026-07-17\exchange=NSE\symbol=INFY\part-063730_568898-023567.parquet,35811,downloaded,35811,
2026-07-17,NSE,INFY,raw_l2/trade_date=2026-07-17/exchange=NSE/symbol=INFY/part-063702_734052-023503.parquet,real_data_sample\l2_unseen_validation\trade_date=2026-07-17\exchange=NSE\symbol=INFY\part-063702_734052-023503.parquet,35575,downloaded,35575,
2026-07-17,NSE,INFY,raw_l2/trade_date=2026-07-17/exchange=NSE/symbol=INFY/part-063758_316799-023631.parquet,real_data_sample\l2_unseen_validation\trade_date=2026-07-17\exchange=NSE\symbol=INFY\part-063758_316799-023631.parquet,36229,downloaded,36229,
2026-07-17,NSE,INFY,raw_l2/trade_date=2026-07-17/exchange=NSE/symbol=INFY/part-063812_216907-023663.parquet,real_data_sample\l2_unseen_validation\trade_date=2026-07-17\exchange=NSE\symbol=INFY\part-063812_216907-023663.parquet,36224,downloaded,36224,
2026-07-17,NSE,INFY,raw_l2/trade_date=2026-07-17/exchange=NSE/symbol=INFY/part-063634_687728-023439.parquet,real_data_sample\l2_unseen_validation\trade_date=2026-07-17\exchange=NSE\symbol=INFY\part-063634_687728-023439.parquet,35659,downloaded,35659,
2026-07-17,NSE,INFY,raw_l2/trade_date=2026-07-17/exchange=NSE/symbol=INFY/part-063716_693742-023535.parquet,real_data_sample\l2_unseen_validation\trade_date=2026-07-17\exchange=NSE\symbol=INFY\part-063716_693742-023535.parquet,35947,downloaded,35947,
2026-07-17,NSE,INFY,raw_l2/trade_date=2026-07-17/exchange=NSE/symbol=INFY/part-063826_471836-023695.parquet,real_data_sample\l2_unseen_validation\trade_date=2026-07-17\exchange=NSE\symbol=INFY\part-063826_471836-023695.parquet,36379,downloaded,36379,
2026-07-17,NSE,INFY,raw_l2/trade_date=2026-07-17/exchange=NSE/symbol=INFY/part-063840_741792-023727.parquet,real_data_sample\l2_unseen_validation\trade_date=2026-07-17\exchange=NSE\symbol=INFY\part-063840_741792-023727.parquet,35919,downloaded,35919,
2026-07-17,NSE,INFY,raw_l2/trade_date=2026-07-17/exchange=NSE/symbol=INFY/part-064334_077141-024399.parquet,real_data_sample\l2_unseen_validation\trade_date=2026-07-17\exchange=NSE\symbol=INFY\part-064334_077141-024399.parquet,36049,downloaded,36049,
2026-07-17,NSE,INFY,raw_l2/trade_date=2026-07-17/exchange=NSE/symbol=INFY/part-061207_546036-020143.parquet,real_data_sample\l2_unseen_validation\trade_date=2026-07-17\exchange=NSE\symbol=INFY\part-061207_546036-020143.parquet,35938,downloaded,35938,
2026-07-17,NSE,INFY,raw_l2/trade_date=2026-07-17/exchange=NSE/symbol=INFY/part-064457_095507-024591.parquet,real_data_sample\l2_unseen_validation\trade_date=2026-07-17\exchange=NSE\symbol=INFY\part-064457_095507-024591.parquet,35850,downloaded,35850,
2026-07-17,NSE,INFY,raw_l2/trade_date=2026-07-17/exchange=NSE/symbol=INFY/part-064511_145690-024623.parquet,real_data_sample\l2_unseen_validation\trade_date=2026-07-17\exchange=NSE\symbol=INFY\part-064511_145690-024623.parquet,35752,downloaded,35752,
2026-07-17,NSE,INFY,raw_l2/trade_date=2026-07-17/exchange=NSE/symbol=INFY/part-064539_058317-024687.parquet,real_data_sample\l2_unseen_validation\trade_date=2026-07-17\exchange=NSE\symbol=INFY\part-064539_058317-024687.parquet,35618,downloaded,35618,
2026-07-17,NSE,INFY,raw_l2/trade_date=2026-07-17/exchange=NSE/symbol=INFY/part-064525_105050-024655.parquet,real_data_sample\l2_unseen_validation\trade_date=2026-07-17\exchange=NSE\symbol=INFY\part-064525_105050-024655.parquet,35702,downloaded,35702,
2026-07-17,NSE,INFY,raw_l2/trade_date=2026-07-17/exchange=NSE/symbol=INFY/part-061305_301705-020271.parquet,real_data_sample\l2_unseen_validation\trade_date=2026-07-17\exchange=NSE\symbol=INFY\part-061305_301705-020271.parquet,35647,downloaded,35647,
2026-07-17,NSE,INFY,raw_l2/trade_date=2026-07-17/exchange=NSE/symbol=INFY/part-061250_872589-020239.parquet,real_data_sample\l2_unseen_validation\trade_date=2026-07-17\exchange=NSE\symbol=INFY\part-061250_872589-020239.parquet,36287,downloaded,36287,
2026-07-17,NSE,INFY,raw_l2/trade_date=2026-07-17/exchange=NSE/symbol=INFY/part-061109_979743-020015.parquet,real_data_sample\l2_unseen_validation\trade_date=2026-07-17\exchange=NSE\symbol=INFY\part-061109_979743-020015.parquet,34917,downloaded,34917,
2026-07-17,NSE,INFY,raw_l2/trade_date=2026-07-17/exchange=NSE/symbol=INFY/part-064552_778232-024719.parquet,real_data_sample\l2_unseen_validation\trade_date=2026-07-17\exchange=NSE\symbol=INFY\part-064552_778232-024719.parquet,35424,downloaded,35424,
2026-07-17,NSE,INFY,raw_l2/trade_date=2026-07-17/exchange=NSE/symbol=INFY/part-064606_508800-024751.parquet,real_data_sample\l2_unseen_validation\trade_date=2026-07-17\exchange=NSE\symbol=INFY\part-064606_508800-024751.parquet,35710,downloaded,35710,
2026-07-17,NSE,INFY,raw_l2/trade_date=2026-07-17/exchange=NSE/symbol=INFY/part-064648_105167-024847.parquet,real_data_sample\l2_unseen_validation\trade_date=2026-07-17\exchange=NSE\symbol=INFY\part-064648_105167-024847.parquet,34628,downloaded,34628,
2026-07-17,NSE,INFY,raw_l2/trade_date=2026-07-17/exchange=NSE/symbol=INFY/part-064620_328804-024783.parquet,real_data_sample\l2_unseen_validation\trade_date=2026-07-17\exchange=NSE\symbol=INFY\part-064620_328804-024783.parquet,34991,downloaded,34991,
2026-07-17,NSE,INFY,raw_l2/trade_date=2026-07-17/exchange=NSE/symbol=INFY/part-064702_065095-024879.parquet,real_data_sample\l2_unseen_validation\trade_date=2026-07-17\exchange=NSE\symbol=INFY\part-064702_065095-024879.parquet,34620,downloaded,34620,
2026-07-17,NSE,INFY,raw_l2/trade_date=2026-07-17/exchange=NSE/symbol=INFY/part-064634_078534-024815.parquet,real_data_sample\l2_unseen_validation\trade_date=2026-07-17\exchange=NSE\symbol=INFY\part-064634_078534-024815.parquet,34837,downloaded,34837,
2026-07-17,NSE,INFY,raw_l2/trade_date=2026-07-17/exchange=NSE/symbol=INFY/part-064716_104755-024911.parquet,real_data_sample\l2_unseen_validation\trade_date=2026-07-17\exchange=NSE\symbol=INFY\part-064716_104755-024911.parquet,34628,downloaded,34628,
2026-07-17,NSE,INFY,raw_l2/trade_date=2026-07-17/exchange=NSE/symbol=INFY/part-064729_853616-024943.parquet,real_data_sample\l2_unseen_validation\trade_date=2026-07-17\exchange=NSE\symbol=INFY\part-064729_853616-024943.parquet,34789,downloaded,34789,
2026-07-17,NSE,INFY,raw_l2/trade_date=2026-07-17/exchange=NSE/symbol=INFY/part-064757_561354-025007.parquet,real_data_sample\l2_unseen_validation\trade_date=2026-07-17\exchange=NSE\symbol=INFY\part-064757_561354-025007.parquet,34756,downloaded,34756,
2026-07-17,NSE,INFY,raw_l2/trade_date=2026-07-17/exchange=NSE/symbol=INFY/part-064743_823250-024975.parquet,real_data_sample\l2_unseen_validation\trade_date=2026-07-17\exchange=NSE\symbol=INFY\part-064743_823250-024975.parquet,34779,downloaded,34779,
2026-07-17,NSE,INFY,raw_l2/trade_date=2026-07-17/exchange=NSE/symbol=INFY/part-064811_515346-025039.parquet,real_data_sample\l2_unseen_validation\trade_date=2026-07-17\exchange=NSE\symbol=INFY\part-064811_515346-025039.parquet,34787,downloaded,34787,
2026-07-17,NSE,INFY,raw_l2/trade_date=2026-07-17/exchange=NSE/symbol=INFY/part-064825_411720-025071.parquet,real_data_sample\l2_unseen_validation\trade_date=2026-07-17\exchange=NSE\symbol=INFY\part-064825_411720-025071.parquet,35024,downloaded,35024,
2026-07-17,NSE,INFY,raw_l2/trade_date=2026-07-17/exchange=NSE/symbol=INFY/part-064839_310831-025103.parquet,real_data_sample\l2_unseen_validation\trade_date=2026-07-17\exchange=NSE\symbol=INFY\part-064839_310831-025103.parquet,34984,downloaded,34984,
2026-07-17,NSE,INFY,raw_l2/trade_date=2026-07-17/exchange=NSE/symbol=INFY/part-064853_076056-025135.parquet,real_data_sample\l2_unseen_validation\trade_date=2026-07-17\exchange=NSE\symbol=INFY\part-064853_076056-025135.parquet,35019,downloaded,35019,
2026-07-17,NSE,INFY,raw_l2/trade_date=2026-07-17/exchange=NSE/symbol=INFY/part-064906_863586-025167.parquet,real_data_sample\l2_unseen_validation\trade_date=2026-07-17\exchange=NSE\symbol=INFY\part-064906_863586-025167.parquet,34955,downloaded,34955,
2026-07-17,NSE,INFY,raw_l2/trade_date=2026-07-17/exchange=NSE/symbol=INFY/part-064920_812086-025199.parquet,real_data_sample\l2_unseen_validation\trade_date=2026-07-17\exchange=NSE\symbol=INFY\part-064920_812086-025199.parquet,35731,downloaded,35731,
2026-07-17,NSE,INFY,raw_l2/trade_date=2026-07-17/exchange=NSE/symbol=INFY/part-064934_632553-025231.parquet,real_data_sample\l2_unseen_validation\trade_date=2026-07-17\exchange=NSE\symbol=INFY\part-064934_632553-025231.parquet,35985,downloaded,35985,
2026-07-17,NSE,INFY,raw_l2/trade_date=2026-07-17/exchange=NSE/symbol=INFY/part-064948_599562-025263.parquet,real_data_sample\l2_unseen_validation\trade_date=2026-07-17\exchange=NSE\symbol=INFY\part-064948_599562-025263.parquet,35745,downloaded,35745,
2026-07-17,NSE,INFY,raw_l2/trade_date=2026-07-17/exchange=NSE/symbol=INFY/part-063855_381359-023759.parquet,real_data_sample\l2_unseen_validation\trade_date=2026-07-17\exchange=NSE\symbol=INFY\part-063855_381359-023759.parquet,35763,downloaded,35763,
2026-07-17,NSE,INFY,raw_l2/trade_date=2026-07-17/exchange=NSE/symbol=INFY/part-065002_715358-025295.parquet,real_data_sample\l2_unseen_validation\trade_date=2026-07-17\exchange=NSE\symbol=INFY\part-065002_715358-025295.parquet,36189,downloaded,36189,
2026-07-17,NSE,INFY,raw_l2/trade_date=2026-07-17/exchange=NSE/symbol=INFY/part-064033_523277-023983.parquet,real_data_sample\l2_unseen_validation\trade_date=2026-07-17\exchange=NSE\symbol=INFY\part-064033_523277-023983.parquet,36268,downloaded,36268,
2026-07-17,NSE,INFY,raw_l2/trade_date=2026-07-17/exchange=NSE/symbol=INFY/part-061138_610415-020079.parquet,real_data_sample\l2_unseen_validation\trade_date=2026-07-17\exchange=NSE\symbol=INFY\part-061138_610415-020079.parquet,36185,downloaded,36185,
2026-07-17,NSE,INFY,raw_l2/trade_date=2026-07-17/exchange=NSE/symbol=INFY/part-065016_563954-025327.parquet,real_data_sample\l2_unseen_validation\trade_date=2026-07-17\exchange=NSE\symbol=INFY\part-065016_563954-025327.parquet,35862,downloaded,35862,
2026-07-17,NSE,INFY,raw_l2/trade_date=2026-07-17/exchange=NSE/symbol=INFY/part-065030_306070-025359.parquet,real_data_sample\l2_unseen_validation\trade_date=2026-07-17\exchange=NSE\symbol=INFY\part-065030_306070-025359.parquet,36079,downloaded,36079,
2026-07-17,NSE,INFY,raw_l2/trade_date=2026-07-17/exchange=NSE/symbol=INFY/part-064157_295537-024175.parquet,real_data_sample\l2_unseen_validation\trade_date=2026-07-17\exchange=NSE\symbol=INFY\part-064157_295537-024175.parquet,35814,downloaded,35814,
2026-07-17,NSE,INFY,raw_l2/trade_date=2026-07-17/exchange=NSE/symbol=INFY/part-065044_505661-025391.parquet,real_data_sample\l2_unseen_validation\trade_date=2026-07-17\exchange=NSE\symbol=INFY\part-065044_505661-025391.parquet,35940,downloaded,35940,
2026-07-17,NSE,INFY,raw_l2/trade_date=2026-07-17/exchange=NSE/symbol=INFY/part-065112_587429-025455.parquet,real_data_sample\l2_unseen_validation\trade_date=2026-07-17\exchange=NSE\symbol=INFY\part-065112_587429-025455.parquet,36236,downloaded,36236,
2026-07-17,NSE,INFY,raw_l2/trade_date=2026-07-17/exchange=NSE/symbol=INFY/part-065058_584840-025423.parquet,real_data_sample\l2_unseen_validation\trade_date=2026-07-17\exchange=NSE\symbol=INFY\part-065058_584840-025423.parquet,36281,downloaded,36281,
2026-07-17,NSE,INFY,raw_l2/trade_date=2026-07-17/exchange=NSE/symbol=INFY/part-064143_568567-024143.parquet,real_data_sample\l2_unseen_validation\trade_date=2026-07-17\exchange=NSE\symbol=INFY\part-064143_568567-024143.parquet,35447,downloaded,35447,
2026-07-17,NSE,INFY,raw_l2/trade_date=2026-07-17/exchange=NSE/symbol=INFY/part-063923_635274-023823.parquet,real_data_sample\l2_unseen_validation\trade_date=2026-07-17\exchange=NSE\symbol=INFY\part-063923_635274-023823.parquet,35890,downloaded,35890,
2026-07-17,NSE,INFY,raw_l2/trade_date=2026-07-17/exchange=NSE/symbol=INFY/part-064252_554319-024303.parquet,real_data_sample\l2_unseen_validation\trade_date=2026-07-17\exchange=NSE\symbol=INFY\part-064252_554319-024303.parquet,35660,downloaded,35660,
2026-07-17,NSE,INFY,raw_l2/trade_date=2026-07-17/exchange=NSE/symbol=INFY/part-064005_411303-023919.parquet,real_data_sample\l2_unseen_validation\trade_date=2026-07-17\exchange=NSE\symbol=INFY\part-064005_411303-023919.parquet,35500,downloaded,35500,
2026-07-17,NSE,INFY,raw_l2/trade_date=2026-07-17/exchange=NSE/symbol=INFY/part-064238_801672-024271.parquet,real_data_sample\l2_unseen_validation\trade_date=2026-07-17\exchange=NSE\symbol=INFY\part-064238_801672-024271.parquet,35524,downloaded,35524,
2026-07-17,NSE,INFY,raw_l2/trade_date=2026-07-17/exchange=NSE/symbol=INFY/part-063937_605922-023855.parquet,real_data_sample\l2_unseen_validation\trade_date=2026-07-17\exchange=NSE\symbol=INFY\part-063937_605922-023855.parquet,36286,downloaded,36286,
2026-07-17,NSE,INFY,raw_l2/trade_date=2026-07-17/exchange=NSE/symbol=INFY/part-064047_715687-024015.parquet,real_data_sample\l2_unseen_validation\trade_date=2026-07-17\exchange=NSE\symbol=INFY\part-064047_715687-024015.parquet,35540,downloaded,35540,
2026-07-17,NSE,INFY,raw_l2/trade_date=2026-07-17/exchange=NSE/symbol=INFY/part-064101_648445-024047.parquet,real_data_sample\l2_unseen_validation\trade_date=2026-07-17\exchange=NSE\symbol=INFY\part-064101_648445-024047.parquet,35650,downloaded,35650,
2026-07-17,NSE,INFY,raw_l2/trade_date=2026-07-17/exchange=NSE/symbol=INFY/part-064019_527116-023951.parquet,real_data_sample\l2_unseen_validation\trade_date=2026-07-17\exchange=NSE\symbol=INFY\part-064019_527116-023951.parquet,36377,downloaded,36377,
2026-07-17,NSE,INFY,raw_l2/trade_date=2026-07-17/exchange=NSE/symbol=INFY/part-065126_625427-025487.parquet,real_data_sample\l2_unseen_validation\trade_date=2026-07-17\exchange=NSE\symbol=INFY\part-065126_625427-025487.parquet,36181,downloaded,36181,
2026-07-17,NSE,INFY,raw_l2/trade_date=2026-07-17/exchange=NSE/symbol=INFY/part-063909_622457-023791.parquet,real_data_sample\l2_unseen_validation\trade_date=2026-07-17\exchange=NSE\symbol=INFY\part-063909_622457-023791.parquet,35988,downloaded,35988,
2026-07-17,NSE,INFY,raw_l2/trade_date=2026-07-17/exchange=NSE/symbol=INFY/part-064129_314454-024111.parquet,real_data_sample\l2_unseen_validation\trade_date=2026-07-17\exchange=NSE\symbol=INFY\part-064129_314454-024111.parquet,35905,downloaded,35905,
2026-07-17,NSE,INFY,raw_l2/trade_date=2026-07-17/exchange=NSE/symbol=INFY/part-065154_667572-025551.parquet,real_data_sample\l2_unseen_validation\trade_date=2026-07-17\exchange=NSE\symbol=INFY\part-065154_667572-025551.parquet,35684,downloaded,35684,
2026-07-17,NSE,INFY,raw_l2/trade_date=2026-07-17/exchange=NSE/symbol=INFY/part-064415_667611-024495.parquet,real_data_sample\l2_unseen_validation\trade_date=2026-07-17\exchange=NSE\symbol=INFY\part-064415_667611-024495.parquet,35871,downloaded,35871,
2026-07-17,NSE,INFY,raw_l2/trade_date=2026-07-17/exchange=NSE/symbol=INFY/part-063951_632382-023887.parquet,real_data_sample\l2_unseen_validation\trade_date=2026-07-17\exchange=NSE\symbol=INFY\part-063951_632382-023887.parquet,35861,downloaded,35861,
2026-07-17,NSE,INFY,raw_l2/trade_date=2026-07-17/exchange=NSE/symbol=INFY/part-064225_135706-024239.parquet,real_data_sample\l2_unseen_validation\trade_date=2026-07-17\exchange=NSE\symbol=INFY\part-064225_135706-024239.parquet,35653,downloaded,35653,
2026-07-17,NSE,INFY,raw_l2/trade_date=2026-07-17/exchange=NSE/symbol=INFY/part-065140_655269-025519.parquet,real_data_sample\l2_unseen_validation\trade_date=2026-07-17\exchange=NSE\symbol=INFY\part-065140_655269-025519.parquet,36161,downloaded,36161,
2026-07-17,NSE,INFY,raw_l2/trade_date=2026-07-17/exchange=NSE/symbol=INFY/part-064211_124046-024207.parquet,real_data_sample\l2_unseen_validation\trade_date=2026-07-17\exchange=NSE\symbol=INFY\part-064211_124046-024207.parquet,35811,downloaded,35811,
2026-07-17,NSE,INFY,raw_l2/trade_date=2026-07-17/exchange=NSE/symbol=INFY/part-064115_549358-024079.parquet,real_data_sample\l2_unseen_validation\trade_date=2026-07-17\exchange=NSE\symbol=INFY\part-064115_549358-024079.parquet,35910,downloaded,35910,
2026-07-17,NSE,INFY,raw_l2/trade_date=2026-07-17/exchange=NSE/symbol=INFY/part-064401_575359-024463.parquet,real_data_sample\l2_unseen_validation\trade_date=2026-07-17\exchange=NSE\symbol=INFY\part-064401_575359-024463.parquet,35388,downloaded,35388,
2026-07-17,NSE,INFY,raw_l2/trade_date=2026-07-17/exchange=NSE/symbol=INFY/part-064347_804927-024431.parquet,real_data_sample\l2_unseen_validation\trade_date=2026-07-17\exchange=NSE\symbol=INFY\part-064347_804927-024431.parquet,35768,downloaded,35768,
2026-07-17,NSE,INFY,raw_l2/trade_date=2026-07-17/exchange=NSE/symbol=INFY/part-064320_084990-024367.parquet,real_data_sample\l2_unseen_validation\trade_date=2026-07-17\exchange=NSE\symbol=INFY\part-064320_084990-024367.parquet,35696,downloaded,35696,
2026-07-17,NSE,INFY,raw_l2/trade_date=2026-07-17/exchange=NSE/symbol=INFY/part-065236_959902-025647.parquet,real_data_sample\l2_unseen_validation\trade_date=2026-07-17\exchange=NSE\symbol=INFY\part-065236_959902-025647.parquet,35494,downloaded,35494,
2026-07-17,NSE,INFY,raw_l2/trade_date=2026-07-17/exchange=NSE/symbol=INFY/part-064306_311401-024335.parquet,real_data_sample\l2_unseen_validation\trade_date=2026-07-17\exchange=NSE\symbol=INFY\part-064306_311401-024335.parquet,35403,downloaded,35403,
2026-07-17,NSE,INFY,raw_l2/trade_date=2026-07-17/exchange=NSE/symbol=INFY/part-065222_918321-025615.parquet,real_data_sample\l2_unseen_validation\trade_date=2026-07-17\exchange=NSE\symbol=INFY\part-065222_918321-025615.parquet,35585,downloaded,35585,
2026-07-17,NSE,INFY,raw_l2/trade_date=2026-07-17/exchange=NSE/symbol=INFY/part-065251_110642-025679.parquet,real_data_sample\l2_unseen_validation\trade_date=2026-07-17\exchange=NSE\symbol=INFY\part-065251_110642-025679.parquet,35829,downloaded,35829,
2026-07-17,NSE,INFY,raw_l2/trade_date=2026-07-17/exchange=NSE/symbol=INFY/part-065305_204378-025711.parquet,real_data_sample\l2_unseen_validation\trade_date=2026-07-17\exchange=NSE\symbol=INFY\part-065305_204378-025711.parquet,35886,downloaded,35886,
2026-07-17,NSE,INFY,raw_l2/trade_date=2026-07-17/exchange=NSE/symbol=INFY/part-065319_203731-025743.parquet,real_data_sample\l2_unseen_validation\trade_date=2026-07-17\exchange=NSE\symbol=INFY\part-065319_203731-025743.parquet,35827,downloaded,35827,
2026-07-17,NSE,INFY,raw_l2/trade_date=2026-07-17/exchange=NSE/symbol=INFY/part-065346_900201-025807.parquet,real_data_sample\l2_unseen_validation\trade_date=2026-07-17\exchange=NSE\symbol=INFY\part-065346_900201-025807.parquet,35788,downloaded,35788,
2026-07-17,NSE,INFY,raw_l2/trade_date=2026-07-17/exchange=NSE/symbol=INFY/part-065401_005155-025839.parquet,real_data_sample\l2_unseen_validation\trade_date=2026-07-17\exchange=NSE\symbol=INFY\part-065401_005155-025839.parquet,35376,downloaded,35376,
2026-07-17,NSE,INFY,raw_l2/trade_date=2026-07-17/exchange=NSE/symbol=INFY/part-065333_130900-025775.parquet,real_data_sample\l2_unseen_validation\trade_date=2026-07-17\exchange=NSE\symbol=INFY\part-065333_130900-025775.parquet,36058,downloaded,36058,
2026-07-17,NSE,INFY,raw_l2/trade_date=2026-07-17/exchange=NSE/symbol=INFY/part-065415_141031-025871.parquet,real_data_sample\l2_unseen_validation\trade_date=2026-07-17\exchange=NSE\symbol=INFY\part-065415_141031-025871.parquet,35758,downloaded,35758,
2026-07-17,NSE,INFY,raw_l2/trade_date=2026-07-17/exchange=NSE/symbol=INFY/part-064429_575517-024527.parquet,real_data_sample\l2_unseen_validation\trade_date=2026-07-17\exchange=NSE\symbol=INFY\part-064429_575517-024527.parquet,35376,downloaded,35376,
2026-07-17,NSE,INFY,raw_l2/trade_date=2026-07-17/exchange=NSE/symbol=INFY/part-065429_117299-025903.parquet,real_data_sample\l2_unseen_validation\trade_date=2026-07-17\exchange=NSE\symbol=INFY\part-065429_117299-025903.parquet,35914,downloaded,35914,
2026-07-17,NSE,INFY,raw_l2/trade_date=2026-07-17/exchange=NSE/symbol=INFY/part-065457_306003-025967.parquet,real_data_sample\l2_unseen_validation\trade_date=2026-07-17\exchange=NSE\symbol=INFY\part-065457_306003-025967.parquet,35704,downloaded,35704,
2026-07-17,NSE,INFY,raw_l2/trade_date=2026-07-17/exchange=NSE/symbol=INFY/part-065443_188530-025935.parquet,real_data_sample\l2_unseen_validation\trade_date=2026-07-17\exchange=NSE\symbol=INFY\part-065443_188530-025935.parquet,36253,downloaded,36253,
2026-07-17,NSE,INFY,raw_l2/trade_date=2026-07-17/exchange=NSE/symbol=INFY/part-064443_323485-024559.parquet,real_data_sample\l2_unseen_validation\trade_date=2026-07-17\exchange=NSE\symbol=INFY\part-064443_323485-024559.parquet,36197,downloaded,36197,
2026-07-17,NSE,INFY,raw_l2/trade_date=2026-07-17/exchange=NSE/symbol=INFY/part-065511_388581-025999.parquet,real_data_sample\l2_unseen_validation\trade_date=2026-07-17\exchange=NSE\symbol=INFY\part-065511_388581-025999.parquet,36006,downloaded,36006,
2026-07-17,NSE,INFY,raw_l2/trade_date=2026-07-17/exchange=NSE/symbol=INFY/part-065553_655591-026095.parquet,real_data_sample\l2_unseen_validation\trade_date=2026-07-17\exchange=NSE\symbol=INFY\part-065553_655591-026095.parquet,35784,downloaded,35784,
2026-07-17,NSE,INFY,raw_l2/trade_date=2026-07-17/exchange=NSE/symbol=INFY/part-065635_681692-026191.parquet,real_data_sample\l2_unseen_validation\trade_date=2026-07-17\exchange=NSE\symbol=INFY\part-065635_681692-026191.parquet,36133,downloaded,36133,
2026-07-17,NSE,INFY,raw_l2/trade_date=2026-07-17/exchange=NSE/symbol=INFY/part-065621_750584-026159.parquet,real_data_sample\l2_unseen_validation\trade_date=2026-07-17\exchange=NSE\symbol=INFY\part-065621_750584-026159.parquet,36277,downloaded,36277,
2026-07-17,NSE,INFY,raw_l2/trade_date=2026-07-17/exchange=NSE/symbol=INFY/part-065703_624602-026255.parquet,real_data_sample\l2_unseen_validation\trade_date=2026-07-17\exchange=NSE\symbol=INFY\part-065703_624602-026255.parquet,36186,downloaded,36186,
2026-07-17,NSE,INFY,raw_l2/trade_date=2026-07-17/exchange=NSE/symbol=INFY/part-065649_694900-026223.parquet,real_data_sample\l2_unseen_validation\trade_date=2026-07-17\exchange=NSE\symbol=INFY\part-065649_694900-026223.parquet,36168,downloaded,36168,
2026-07-17,NSE,INFY,raw_l2/trade_date=2026-07-17/exchange=NSE/symbol=INFY/part-065717_645360-026287.parquet,real_data_sample\l2_unseen_validation\trade_date=2026-07-17\exchange=NSE\symbol=INFY\part-065717_645360-026287.parquet,35817,downloaded,35817,
2026-07-17,NSE,INFY,raw_l2/trade_date=2026-07-17/exchange=NSE/symbol=INFY/part-065539_735578-026063.parquet,real_data_sample\l2_unseen_validation\trade_date=2026-07-17\exchange=NSE\symbol=INFY\part-065539_735578-026063.parquet,35678,downloaded,35678,
2026-07-17,NSE,INFY,raw_l2/trade_date=2026-07-17/exchange=NSE/symbol=INFY/part-065525_446434-026031.parquet,real_data_sample\l2_unseen_validation\trade_date=2026-07-17\exchange=NSE\symbol=INFY\part-065525_446434-026031.parquet,36043,downloaded,36043,
2026-07-17,NSE,INFY,raw_l2/trade_date=2026-07-17/exchange=NSE/symbol=INFY/part-065208_767405-025583.parquet,real_data_sample\l2_unseen_validation\trade_date=2026-07-17\exchange=NSE\symbol=INFY\part-065208_767405-025583.parquet,36201,downloaded,36201,
2026-07-17,NSE,INFY,raw_l2/trade_date=2026-07-17/exchange=NSE/symbol=INFY/part-065607_688907-026127.parquet,real_data_sample\l2_unseen_validation\trade_date=2026-07-17\exchange=NSE\symbol=INFY\part-065607_688907-026127.parquet,35721,downloaded,35721,
2026-07-17,NSE,INFY,raw_l2/trade_date=2026-07-17/exchange=NSE/symbol=INFY/part-065745_712301-026351.parquet,real_data_sample\l2_unseen_validation\trade_date=2026-07-17\exchange=NSE\symbol=INFY\part-065745_712301-026351.parquet,35548,downloaded,35548,
2026-07-17,NSE,INFY,raw_l2/trade_date=2026-07-17/exchange=NSE/symbol=INFY/part-065759_998926-026383.parquet,real_data_sample\l2_unseen_validation\trade_date=2026-07-17\exchange=NSE\symbol=INFY\part-065759_998926-026383.parquet,36695,downloaded,36695,
2026-07-17,NSE,INFY,raw_l2/trade_date=2026-07-17/exchange=NSE/symbol=INFY/part-065731_789831-026319.parquet,real_data_sample\l2_unseen_validation\trade_date=2026-07-17\exchange=NSE\symbol=INFY\part-065731_789831-026319.parquet,36406,downloaded,36406,
2026-07-17,NSE,INFY,raw_l2/trade_date=2026-07-17/exchange=NSE/symbol=INFY/part-065828_585502-026447.parquet,real_data_sample\l2_unseen_validation\trade_date=2026-07-17\exchange=NSE\symbol=INFY\part-065828_585502-026447.parquet,35746,downloaded,35746,
2026-07-17,NSE,INFY,raw_l2/trade_date=2026-07-17/exchange=NSE/symbol=INFY/part-065843_051660-026479.parquet,real_data_sample\l2_unseen_validation\trade_date=2026-07-17\exchange=NSE\symbol=INFY\part-065843_051660-026479.parquet,35747,downloaded,35747,
2026-07-17,NSE,INFY,raw_l2/trade_date=2026-07-17/exchange=NSE/symbol=INFY/part-065857_230449-026511.parquet,real_data_sample\l2_unseen_validation\trade_date=2026-07-17\exchange=NSE\symbol=INFY\part-065857_230449-026511.parquet,35928,downloaded,35928,
2026-07-17,NSE,INFY,raw_l2/trade_date=2026-07-17/exchange=NSE/symbol=INFY/part-065925_888283-026575.parquet,real_data_sample\l2_unseen_validation\trade_date=2026-07-17\exchange=NSE\symbol=INFY\part-065925_888283-026575.parquet,35650,downloaded,35650,
2026-07-17,NSE,INFY,raw_l2/trade_date=2026-07-17/exchange=NSE/symbol=INFY/part-065911_474628-026543.parquet,real_data_sample\l2_unseen_validation\trade_date=2026-07-17\exchange=NSE\symbol=INFY\part-065911_474628-026543.parquet,35751,downloaded,35751,
2026-07-17,NSE,INFY,raw_l2/trade_date=2026-07-17/exchange=NSE/symbol=INFY/part-065940_695810-026607.parquet,real_data_sample\l2_unseen_validation\trade_date=2026-07-17\exchange=NSE\symbol=INFY\part-065940_695810-026607.parquet,36153,downloaded,36153,
2026-07-17,NSE,INFY,raw_l2/trade_date=2026-07-17/exchange=NSE/symbol=INFY/part-065955_263118-026639.parquet,real_data_sample\l2_unseen_validation\trade_date=2026-07-17\exchange=NSE\symbol=INFY\part-065955_263118-026639.parquet,35411,downloaded,35411,
2026-07-17,NSE,INFY,raw_l2/trade_date=2026-07-17/exchange=NSE/symbol=INFY/part-070024_524357-026703.parquet,real_data_sample\l2_unseen_validation\trade_date=2026-07-17\exchange=NSE\symbol=INFY\part-070024_524357-026703.parquet,34656,downloaded,34656,
2026-07-17,NSE,INFY,raw_l2/trade_date=2026-07-17/exchange=NSE/symbol=INFY/part-070038_761676-026735.parquet,real_data_sample\l2_unseen_validation\trade_date=2026-07-17\exchange=NSE\symbol=INFY\part-070038_761676-026735.parquet,34747,downloaded,34747,
2026-07-17,NSE,INFY,raw_l2/trade_date=2026-07-17/exchange=NSE/symbol=INFY/part-070137_587915-026863.parquet,real_data_sample\l2_unseen_validation\trade_date=2026-07-17\exchange=NSE\symbol=INFY\part-070137_587915-026863.parquet,36189,downloaded,36189,
2026-07-17,NSE,INFY,raw_l2/trade_date=2026-07-17/exchange=NSE/symbol=INFY/part-070236_577681-026991.parquet,real_data_sample\l2_unseen_validation\trade_date=2026-07-17\exchange=NSE\symbol=INFY\part-070236_577681-026991.parquet,36108,downloaded,36108,
2026-07-17,NSE,INFY,raw_l2/trade_date=2026-07-17/exchange=NSE/symbol=INFY/part-070053_504512-026767.parquet,real_data_sample\l2_unseen_validation\trade_date=2026-07-17\exchange=NSE\symbol=INFY\part-070053_504512-026767.parquet,34770,downloaded,34770,
2026-07-17,NSE,INFY,raw_l2/trade_date=2026-07-17/exchange=NSE/symbol=INFY/part-070251_243188-027023.parquet,real_data_sample\l2_unseen_validation\trade_date=2026-07-17\exchange=NSE\symbol=INFY\part-070251_243188-027023.parquet,35921,downloaded,35921,
2026-07-17,NSE,INFY,raw_l2/trade_date=2026-07-17/exchange=NSE/symbol=INFY/part-070009_976271-026671.parquet,real_data_sample\l2_unseen_validation\trade_date=2026-07-17\exchange=NSE\symbol=INFY\part-070009_976271-026671.parquet,35612,downloaded,35612,
2026-07-17,NSE,INFY,raw_l2/trade_date=2026-07-17/exchange=NSE/symbol=INFY/part-070306_168740-027055.parquet,real_data_sample\l2_unseen_validation\trade_date=2026-07-17\exchange=NSE\symbol=INFY\part-070306_168740-027055.parquet,36011,downloaded,36011,
2026-07-17,NSE,INFY,raw_l2/trade_date=2026-07-17/exchange=NSE/symbol=INFY/part-070207_041874-026927.parquet,real_data_sample\l2_unseen_validation\trade_date=2026-07-17\exchange=NSE\symbol=INFY\part-070207_041874-026927.parquet,36095,downloaded,36095,
2026-07-17,NSE,INFY,raw_l2/trade_date=2026-07-17/exchange=NSE/symbol=INFY/part-070108_250341-026799.parquet,real_data_sample\l2_unseen_validation\trade_date=2026-07-17\exchange=NSE\symbol=INFY\part-070108_250341-026799.parquet,34849,downloaded,34849,
2026-07-17,NSE,INFY,raw_l2/trade_date=2026-07-17/exchange=NSE/symbol=INFY/part-070152_678410-026895.parquet,real_data_sample\l2_unseen_validation\trade_date=2026-07-17\exchange=NSE\symbol=INFY\part-070152_678410-026895.parquet,36331,downloaded,36331,
2026-07-17,NSE,INFY,raw_l2/trade_date=2026-07-17/exchange=NSE/symbol=INFY/part-070221_839452-026959.parquet,real_data_sample\l2_unseen_validation\trade_date=2026-07-17\exchange=NSE\symbol=INFY\part-070221_839452-026959.parquet,36198,downloaded,36198,
2026-07-17,NSE,INFY,raw_l2/trade_date=2026-07-17/exchange=NSE/symbol=INFY/part-070122_914168-026831.parquet,real_data_sample\l2_unseen_validation\trade_date=2026-07-17\exchange=NSE\symbol=INFY\part-070122_914168-026831.parquet,35746,downloaded,35746,
2026-07-17,NSE,INFY,raw_l2/trade_date=2026-07-17/exchange=NSE/symbol=INFY/part-070320_935417-027087.parquet,real_data_sample\l2_unseen_validation\trade_date=2026-07-17\exchange=NSE\symbol=INFY\part-070320_935417-027087.parquet,35878,downloaded,35878,
2026-07-17,NSE,INFY,raw_l2/trade_date=2026-07-17/exchange=NSE/symbol=INFY/part-070335_334391-027119.parquet,real_data_sample\l2_unseen_validation\trade_date=2026-07-17\exchange=NSE\symbol=INFY\part-070335_334391-027119.parquet,36102,downloaded,36102,
2026-07-17,NSE,INFY,raw_l2/trade_date=2026-07-17/exchange=NSE/symbol=INFY/part-070404_152055-027183.parquet,real_data_sample\l2_unseen_validation\trade_date=2026-07-17\exchange=NSE\symbol=INFY\part-070404_152055-027183.parquet,35667,downloaded,35667,
2026-07-17,NSE,INFY,raw_l2/trade_date=2026-07-17/exchange=NSE/symbol=INFY/part-070349_596474-027151.parquet,real_data_sample\l2_unseen_validation\trade_date=2026-07-17\exchange=NSE\symbol=INFY\part-070349_596474-027151.parquet,35882,downloaded,35882,
2026-07-17,NSE,INFY,raw_l2/trade_date=2026-07-17/exchange=NSE/symbol=INFY/part-070501_253396-027311.parquet,real_data_sample\l2_unseen_validation\trade_date=2026-07-17\exchange=NSE\symbol=INFY\part-070501_253396-027311.parquet,36276,downloaded,36276,
2026-07-17,NSE,INFY,raw_l2/trade_date=2026-07-17/exchange=NSE/symbol=INFY/part-070446_718356-027279.parquet,real_data_sample\l2_unseen_validation\trade_date=2026-07-17\exchange=NSE\symbol=INFY\part-070446_718356-027279.parquet,35277,downloaded,35277,
2026-07-17,NSE,INFY,raw_l2/trade_date=2026-07-17/exchange=NSE/symbol=INFY/part-065814_258740-026415.parquet,real_data_sample\l2_unseen_validation\trade_date=2026-07-17\exchange=NSE\symbol=INFY\part-065814_258740-026415.parquet,36073,downloaded,36073,
2026-07-17,NSE,INFY,raw_l2/trade_date=2026-07-17/exchange=NSE/symbol=INFY/part-070753_443658-027695.parquet,real_data_sample\l2_unseen_validation\trade_date=2026-07-17\exchange=NSE\symbol=INFY\part-070753_443658-027695.parquet,34678,downloaded,34678,
2026-07-17,NSE,INFY,raw_l2/trade_date=2026-07-17/exchange=NSE/symbol=INFY/part-070850_245075-027823.parquet,real_data_sample\l2_unseen_validation\trade_date=2026-07-17\exchange=NSE\symbol=INFY\part-070850_245075-027823.parquet,34792,downloaded,34792,
2026-07-17,NSE,INFY,raw_l2/trade_date=2026-07-17/exchange=NSE/symbol=INFY/part-070515_904350-027343.parquet,real_data_sample\l2_unseen_validation\trade_date=2026-07-17\exchange=NSE\symbol=INFY\part-070515_904350-027343.parquet,36134,downloaded,36134,
2026-07-17,NSE,INFY,raw_l2/trade_date=2026-07-17/exchange=NSE/symbol=INFY/part-070739_219305-027663.parquet,real_data_sample\l2_unseen_validation\trade_date=2026-07-17\exchange=NSE\symbol=INFY\part-070739_219305-027663.parquet,34670,downloaded,34670,
2026-07-17,NSE,INFY,raw_l2/trade_date=2026-07-17/exchange=NSE/symbol=INFY/part-071002_499232-027983.parquet,real_data_sample\l2_unseen_validation\trade_date=2026-07-17\exchange=NSE\symbol=INFY\part-071002_499232-027983.parquet,35312,downloaded,35312,
2026-07-17,NSE,INFY,raw_l2/trade_date=2026-07-17/exchange=NSE/symbol=INFY/part-070432_465049-027247.parquet,real_data_sample\l2_unseen_validation\trade_date=2026-07-17\exchange=NSE\symbol=INFY\part-070432_465049-027247.parquet,35214,downloaded,35214,
2026-07-17,NSE,INFY,raw_l2/trade_date=2026-07-17/exchange=NSE/symbol=INFY/part-070559_019558-027439.parquet,real_data_sample\l2_unseen_validation\trade_date=2026-07-17\exchange=NSE\symbol=INFY\part-070559_019558-027439.parquet,35969,downloaded,35969,
2026-07-17,NSE,INFY,raw_l2/trade_date=2026-07-17/exchange=NSE/symbol=INFY/part-070530_440053-027375.parquet,real_data_sample\l2_unseen_validation\trade_date=2026-07-17\exchange=NSE\symbol=INFY\part-070530_440053-027375.parquet,35742,downloaded,35742,
2026-07-17,NSE,INFY,raw_l2/trade_date=2026-07-17/exchange=NSE/symbol=INFY/part-070933_660646-027919.parquet,real_data_sample\l2_unseen_validation\trade_date=2026-07-17\exchange=NSE\symbol=INFY\part-070933_660646-027919.parquet,35903,downloaded,35903,
2026-07-17,NSE,INFY,raw_l2/trade_date=2026-07-17/exchange=NSE/symbol=INFY/part-070418_348779-027215.parquet,real_data_sample\l2_unseen_validation\trade_date=2026-07-17\exchange=NSE\symbol=INFY\part-070418_348779-027215.parquet,35567,downloaded,35567,
2026-07-17,NSE,INFY,raw_l2/trade_date=2026-07-17/exchange=NSE/symbol=INFY/part-070627_829304-027503.parquet,real_data_sample\l2_unseen_validation\trade_date=2026-07-17\exchange=NSE\symbol=INFY\part-070627_829304-027503.parquet,35562,downloaded,35562,
2026-07-17,NSE,INFY,raw_l2/trade_date=2026-07-17/exchange=NSE/symbol=INFY/part-070918_952774-027887.parquet,real_data_sample\l2_unseen_validation\trade_date=2026-07-17\exchange=NSE\symbol=INFY\part-070918_952774-027887.parquet,35797,downloaded,35797,
2026-07-17,NSE,INFY,raw_l2/trade_date=2026-07-17/exchange=NSE/symbol=INFY/part-070948_267667-027951.parquet,real_data_sample\l2_unseen_validation\trade_date=2026-07-17\exchange=NSE\symbol=INFY\part-070948_267667-027951.parquet,35748,downloaded,35748,
2026-07-17,NSE,INFY,raw_l2/trade_date=2026-07-17/exchange=NSE/symbol=INFY/part-070642_224471-027535.parquet,real_data_sample\l2_unseen_validation\trade_date=2026-07-17\exchange=NSE\symbol=INFY\part-070642_224471-027535.parquet,35908,downloaded,35908,
2026-07-17,NSE,INFY,raw_l2/trade_date=2026-07-17/exchange=NSE/symbol=INFY/part-070613_465993-027471.parquet,real_data_sample\l2_unseen_validation\trade_date=2026-07-17\exchange=NSE\symbol=INFY\part-070613_465993-027471.parquet,35963,downloaded,35963,
2026-07-17,NSE,INFY,raw_l2/trade_date=2026-07-17/exchange=NSE/symbol=INFY/part-070807_419247-027727.parquet,real_data_sample\l2_unseen_validation\trade_date=2026-07-17\exchange=NSE\symbol=INFY\part-070807_419247-027727.parquet,34727,downloaded,34727,
2026-07-17,NSE,INFY,raw_l2/trade_date=2026-07-17/exchange=NSE/symbol=INFY/part-070904_680554-027855.parquet,real_data_sample\l2_unseen_validation\trade_date=2026-07-17\exchange=NSE\symbol=INFY\part-070904_680554-027855.parquet,34778,downloaded,34778,
2026-07-17,NSE,INFY,raw_l2/trade_date=2026-07-17/exchange=NSE/symbol=INFY/part-070725_044169-027631.parquet,real_data_sample\l2_unseen_validation\trade_date=2026-07-17\exchange=NSE\symbol=INFY\part-070725_044169-027631.parquet,34778,downloaded,34778,
2026-07-17,NSE,INFY,raw_l2/trade_date=2026-07-17/exchange=NSE/symbol=INFY/part-070835_942348-027791.parquet,real_data_sample\l2_unseen_validation\trade_date=2026-07-17\exchange=NSE\symbol=INFY\part-070835_942348-027791.parquet,35008,downloaded,35008,
2026-07-17,NSE,INFY,raw_l2/trade_date=2026-07-17/exchange=NSE/symbol=INFY/part-070710_774025-027599.parquet,real_data_sample\l2_unseen_validation\trade_date=2026-07-17\exchange=NSE\symbol=INFY\part-070710_774025-027599.parquet,35728,downloaded,35728,
2026-07-17,NSE,INFY,raw_l2/trade_date=2026-07-17/exchange=NSE/symbol=INFY/part-070821_493512-027759.parquet,real_data_sample\l2_unseen_validation\trade_date=2026-07-17\exchange=NSE\symbol=INFY\part-070821_493512-027759.parquet,34970,downloaded,34970,
2026-07-17,NSE,INFY,raw_l2/trade_date=2026-07-17/exchange=NSE/symbol=INFY/part-070656_526396-027567.parquet,real_data_sample\l2_unseen_validation\trade_date=2026-07-17\exchange=NSE\symbol=INFY\part-070656_526396-027567.parquet,35798,downloaded,35798,
2026-07-17,NSE,INFY,raw_l2/trade_date=2026-07-17/exchange=NSE/symbol=INFY/part-070544_835863-027407.parquet,real_data_sample\l2_unseen_validation\trade_date=2026-07-17\exchange=NSE\symbol=INFY\part-070544_835863-027407.parquet,36044,downloaded,36044,
2026-07-17,NSE,INFY,raw_l2/trade_date=2026-07-17/exchange=NSE/symbol=INFY/part-071030_763578-028047.parquet,real_data_sample\l2_unseen_validation\trade_date=2026-07-17\exchange=NSE\symbol=INFY\part-071030_763578-028047.parquet,36161,downloaded,36161,
2026-07-17,NSE,INFY,raw_l2/trade_date=2026-07-17/exchange=NSE/symbol=INFY/part-071059_661017-028111.parquet,real_data_sample\l2_unseen_validation\trade_date=2026-07-17\exchange=NSE\symbol=INFY\part-071059_661017-028111.parquet,35961,downloaded,35961,
2026-07-17,NSE,INFY,raw_l2/trade_date=2026-07-17/exchange=NSE/symbol=INFY/part-071044_948580-028079.parquet,real_data_sample\l2_unseen_validation\trade_date=2026-07-17\exchange=NSE\symbol=INFY\part-071044_948580-028079.parquet,36197,downloaded,36197,
2026-07-17,NSE,INFY,raw_l2/trade_date=2026-07-17/exchange=NSE/symbol=INFY/part-071114_121239-028143.parquet,real_data_sample\l2_unseen_validation\trade_date=2026-07-17\exchange=NSE\symbol=INFY\part-071114_121239-028143.parquet,36108,downloaded,36108,
2026-07-17,NSE,INFY,raw_l2/trade_date=2026-07-17/exchange=NSE/symbol=INFY/part-071016_685204-028015.parquet,real_data_sample\l2_unseen_validation\trade_date=2026-07-17\exchange=NSE\symbol=INFY\part-071016_685204-028015.parquet,35879,downloaded,35879,
2026-07-17,NSE,INFY,raw_l2/trade_date=2026-07-17/exchange=NSE/symbol=INFY/part-071128_723371-028175.parquet,real_data_sample\l2_unseen_validation\trade_date=2026-07-17\exchange=NSE\symbol=INFY\part-071128_723371-028175.parquet,36251,downloaded,36251,
2026-07-17,NSE,INFY,raw_l2/trade_date=2026-07-17/exchange=NSE/symbol=INFY/part-071157_856700-028239.parquet,real_data_sample\l2_unseen_validation\trade_date=2026-07-17\exchange=NSE\symbol=INFY\part-071157_856700-028239.parquet,35714,downloaded,35714,
2026-07-17,NSE,INFY,raw_l2/trade_date=2026-07-17/exchange=NSE/symbol=INFY/part-071810_142177-029071.parquet,real_data_sample\l2_unseen_validation\trade_date=2026-07-17\exchange=NSE\symbol=INFY\part-071810_142177-029071.parquet,35792,downloaded,35792,
2026-07-17,NSE,INFY,raw_l2/trade_date=2026-07-17/exchange=NSE/symbol=INFY/part-071533_105389-028719.parquet,real_data_sample\l2_unseen_validation\trade_date=2026-07-17\exchange=NSE\symbol=INFY\part-071533_105389-028719.parquet,35681,downloaded,35681,
2026-07-17,NSE,INFY,raw_l2/trade_date=2026-07-17/exchange=NSE/symbol=INFY/part-071449_859016-028623.parquet,real_data_sample\l2_unseen_validation\trade_date=2026-07-17\exchange=NSE\symbol=INFY\part-071449_859016-028623.parquet,35528,downloaded,35528,
2026-07-17,NSE,INFY,raw_l2/trade_date=2026-07-17/exchange=NSE/symbol=INFY/part-071435_484565-028591.parquet,real_data_sample\l2_unseen_validation\trade_date=2026-07-17\exchange=NSE\symbol=INFY\part-071435_484565-028591.parquet,36228,downloaded,36228,
2026-07-17,NSE,INFY,raw_l2/trade_date=2026-07-17/exchange=NSE/symbol=INFY/part-071143_343774-028207.parquet,real_data_sample\l2_unseen_validation\trade_date=2026-07-17\exchange=NSE\symbol=INFY\part-071143_343774-028207.parquet,36024,downloaded,36024,
2026-07-17,NSE,INFY,raw_l2/trade_date=2026-07-17/exchange=NSE/symbol=INFY/part-071504_391746-028655.parquet,real_data_sample\l2_unseen_validation\trade_date=2026-07-17\exchange=NSE\symbol=INFY\part-071504_391746-028655.parquet,35898,downloaded,35898,
2026-07-17,NSE,INFY,raw_l2/trade_date=2026-07-17/exchange=NSE/symbol=INFY/part-071601_988468-028783.parquet,real_data_sample\l2_unseen_validation\trade_date=2026-07-17\exchange=NSE\symbol=INFY\part-071601_988468-028783.parquet,36062,downloaded,36062,
2026-07-17,NSE,INFY,raw_l2/trade_date=2026-07-17/exchange=NSE/symbol=INFY/part-071226_818381-028303.parquet,real_data_sample\l2_unseen_validation\trade_date=2026-07-17\exchange=NSE\symbol=INFY\part-071226_818381-028303.parquet,35976,downloaded,35976,
2026-07-17,NSE,INFY,raw_l2/trade_date=2026-07-17/exchange=NSE/symbol=INFY/part-071658_925424-028911.parquet,real_data_sample\l2_unseen_validation\trade_date=2026-07-17\exchange=NSE\symbol=INFY\part-071658_925424-028911.parquet,36010,downloaded,36010,
2026-07-17,NSE,INFY,raw_l2/trade_date=2026-07-17/exchange=NSE/symbol=INFY/part-071518_795024-028687.parquet,real_data_sample\l2_unseen_validation\trade_date=2026-07-17\exchange=NSE\symbol=INFY\part-071518_795024-028687.parquet,35684,downloaded,35684,
2026-07-17,NSE,INFY,raw_l2/trade_date=2026-07-17/exchange=NSE/symbol=INFY/part-071630_502702-028847.parquet,real_data_sample\l2_unseen_validation\trade_date=2026-07-17\exchange=NSE\symbol=INFY\part-071630_502702-028847.parquet,35856,downloaded,35856,
2026-07-17,NSE,INFY,raw_l2/trade_date=2026-07-17/exchange=NSE/symbol=INFY/part-071324_036906-028431.parquet,real_data_sample\l2_unseen_validation\trade_date=2026-07-17\exchange=NSE\symbol=INFY\part-071324_036906-028431.parquet,35999,downloaded,35999,
2026-07-17,NSE,INFY,raw_l2/trade_date=2026-07-17/exchange=NSE/symbol=INFY/part-071547_583333-028751.parquet,real_data_sample\l2_unseen_validation\trade_date=2026-07-17\exchange=NSE\symbol=INFY\part-071547_583333-028751.parquet,36056,downloaded,36056,
2026-07-17,NSE,INFY,raw_l2/trade_date=2026-07-17/exchange=NSE/symbol=INFY/part-071824_538663-029103.parquet,real_data_sample\l2_unseen_validation\trade_date=2026-07-17\exchange=NSE\symbol=INFY\part-071824_538663-029103.parquet,36410,downloaded,36410,
2026-07-17,NSE,INFY,raw_l2/trade_date=2026-07-17/exchange=NSE/symbol=INFY/part-071741_489278-029007.parquet,real_data_sample\l2_unseen_validation\trade_date=2026-07-17\exchange=NSE\symbol=INFY\part-071741_489278-029007.parquet,36390,downloaded,36390,
2026-07-17,NSE,INFY,raw_l2/trade_date=2026-07-17/exchange=NSE/symbol=INFY/part-071755_748137-029039.parquet,real_data_sample\l2_unseen_validation\trade_date=2026-07-17\exchange=NSE\symbol=INFY\part-071755_748137-029039.parquet,35893,downloaded,35893,
2026-07-17,NSE,INFY,raw_l2/trade_date=2026-07-17/exchange=NSE/symbol=INFY/part-071727_136377-028975.parquet,real_data_sample\l2_unseen_validation\trade_date=2026-07-17\exchange=NSE\symbol=INFY\part-071727_136377-028975.parquet,36020,downloaded,36020,
2026-07-17,NSE,INFY,raw_l2/trade_date=2026-07-17/exchange=NSE/symbol=INFY/part-071241_306551-028335.parquet,real_data_sample\l2_unseen_validation\trade_date=2026-07-17\exchange=NSE\symbol=INFY\part-071241_306551-028335.parquet,35490,downloaded,35490,
2026-07-17,NSE,INFY,raw_l2/trade_date=2026-07-17/exchange=NSE/symbol=INFY/part-071616_282393-028815.parquet,real_data_sample\l2_unseen_validation\trade_date=2026-07-17\exchange=NSE\symbol=INFY\part-071616_282393-028815.parquet,35493,downloaded,35493,
2026-07-17,NSE,INFY,raw_l2/trade_date=2026-07-17/exchange=NSE/symbol=INFY/part-071713_045948-028943.parquet,real_data_sample\l2_unseen_validation\trade_date=2026-07-17\exchange=NSE\symbol=INFY\part-071713_045948-028943.parquet,36152,downloaded,36152,
2026-07-17,NSE,INFY,raw_l2/trade_date=2026-07-17/exchange=NSE/symbol=INFY/part-071853_985434-029167.parquet,real_data_sample\l2_unseen_validation\trade_date=2026-07-17\exchange=NSE\symbol=INFY\part-071853_985434-029167.parquet,35567,downloaded,35567,
2026-07-17,NSE,INFY,raw_l2/trade_date=2026-07-17/exchange=NSE/symbol=INFY/part-071838_896440-029135.parquet,real_data_sample\l2_unseen_validation\trade_date=2026-07-17\exchange=NSE\symbol=INFY\part-071838_896440-029135.parquet,35613,downloaded,35613,
2026-07-17,NSE,INFY,raw_l2/trade_date=2026-07-17/exchange=NSE/symbol=INFY/part-071309_810639-028399.parquet,real_data_sample\l2_unseen_validation\trade_date=2026-07-17\exchange=NSE\symbol=INFY\part-071309_810639-028399.parquet,36061,downloaded,36061,
2026-07-17,NSE,INFY,raw_l2/trade_date=2026-07-17/exchange=NSE/symbol=INFY/part-071644_751593-028879.parquet,real_data_sample\l2_unseen_validation\trade_date=2026-07-17\exchange=NSE\symbol=INFY\part-071644_751593-028879.parquet,35596,downloaded,35596,
2026-07-17,NSE,INFY,raw_l2/trade_date=2026-07-17/exchange=NSE/symbol=INFY/part-071255_551503-028367.parquet,real_data_sample\l2_unseen_validation\trade_date=2026-07-17\exchange=NSE\symbol=INFY\part-071255_551503-028367.parquet,35540,downloaded,35540,
2026-07-17,NSE,INFY,raw_l2/trade_date=2026-07-17/exchange=NSE/symbol=INFY/part-071908_701104-029199.parquet,real_data_sample\l2_unseen_validation\trade_date=2026-07-17\exchange=NSE\symbol=INFY\part-071908_701104-029199.parquet,35916,downloaded,35916,
2026-07-17,NSE,INFY,raw_l2/trade_date=2026-07-17/exchange=NSE/symbol=INFY/part-071421_273425-028559.parquet,real_data_sample\l2_unseen_validation\trade_date=2026-07-17\exchange=NSE\symbol=INFY\part-071421_273425-028559.parquet,35857,downloaded,35857,
2026-07-17,NSE,INFY,raw_l2/trade_date=2026-07-17/exchange=NSE/symbol=INFY/part-071338_319290-028463.parquet,real_data_sample\l2_unseen_validation\trade_date=2026-07-17\exchange=NSE\symbol=INFY\part-071338_319290-028463.parquet,36069,downloaded,36069,
2026-07-17,NSE,INFY,raw_l2/trade_date=2026-07-17/exchange=NSE/symbol=INFY/part-071407_007269-028527.parquet,real_data_sample\l2_unseen_validation\trade_date=2026-07-17\exchange=NSE\symbol=INFY\part-071407_007269-028527.parquet,36028,downloaded,36028,
2026-07-17,NSE,INFY,raw_l2/trade_date=2026-07-17/exchange=NSE/symbol=INFY/part-071352_753696-028495.parquet,real_data_sample\l2_unseen_validation\trade_date=2026-07-17\exchange=NSE\symbol=INFY\part-071352_753696-028495.parquet,35969,downloaded,35969,
2026-07-17,NSE,INFY,raw_l2/trade_date=2026-07-17/exchange=NSE/symbol=INFY/part-071922_940543-029231.parquet,real_data_sample\l2_unseen_validation\trade_date=2026-07-17\exchange=NSE\symbol=INFY\part-071922_940543-029231.parquet,35872,downloaded,35872,
2026-07-17,NSE,INFY,raw_l2/trade_date=2026-07-17/exchange=NSE/symbol=INFY/part-072214_275734-029615.parquet,real_data_sample\l2_unseen_validation\trade_date=2026-07-17\exchange=NSE\symbol=INFY\part-072214_275734-029615.parquet,34813,downloaded,34813,
2026-07-17,NSE,INFY,raw_l2/trade_date=2026-07-17/exchange=NSE/symbol=INFY/part-072116_950136-029487.parquet,real_data_sample\l2_unseen_validation\trade_date=2026-07-17\exchange=NSE\symbol=INFY\part-072116_950136-029487.parquet,35121,downloaded,35121,
2026-07-17,NSE,INFY,raw_l2/trade_date=2026-07-17/exchange=NSE/symbol=INFY/part-072034_291417-029391.parquet,real_data_sample\l2_unseen_validation\trade_date=2026-07-17\exchange=NSE\symbol=INFY\part-072034_291417-029391.parquet,35090,downloaded,35090,
2026-07-17,NSE,INFY,raw_l2/trade_date=2026-07-17/exchange=NSE/symbol=INFY/part-071951_448745-029295.parquet,real_data_sample\l2_unseen_validation\trade_date=2026-07-17\exchange=NSE\symbol=INFY\part-071951_448745-029295.parquet,36069,downloaded,36069,
2026-07-17,NSE,INFY,raw_l2/trade_date=2026-07-17/exchange=NSE/symbol=INFY/part-072048_550439-029423.parquet,real_data_sample\l2_unseen_validation\trade_date=2026-07-17\exchange=NSE\symbol=INFY\part-072048_550439-029423.parquet,35140,downloaded,35140,
2026-07-17,NSE,INFY,raw_l2/trade_date=2026-07-17/exchange=NSE/symbol=INFY/part-072102_756893-029455.parquet,real_data_sample\l2_unseen_validation\trade_date=2026-07-17\exchange=NSE\symbol=INFY\part-072102_756893-029455.parquet,35769,downloaded,35769,
2026-07-17,NSE,INFY,raw_l2/trade_date=2026-07-17/exchange=NSE/symbol=INFY/part-072005_690392-029327.parquet,real_data_sample\l2_unseen_validation\trade_date=2026-07-17\exchange=NSE\symbol=INFY\part-072005_690392-029327.parquet,35888,downloaded,35888,
2026-07-17,NSE,INFY,raw_l2/trade_date=2026-07-17/exchange=NSE/symbol=INFY/part-071937_287669-029263.parquet,real_data_sample\l2_unseen_validation\trade_date=2026-07-17\exchange=NSE\symbol=INFY\part-071937_287669-029263.parquet,35866,downloaded,35866,
2026-07-17,NSE,INFY,raw_l2/trade_date=2026-07-17/exchange=NSE/symbol=INFY/part-072145_180355-029551.parquet,real_data_sample\l2_unseen_validation\trade_date=2026-07-17\exchange=NSE\symbol=INFY\part-072145_180355-029551.parquet,34755,downloaded,34755,
2026-07-17,NSE,INFY,raw_l2/trade_date=2026-07-17/exchange=NSE/symbol=INFY/part-072020_029213-029359.parquet,real_data_sample\l2_unseen_validation\trade_date=2026-07-17\exchange=NSE\symbol=INFY\part-072020_029213-029359.parquet,35569,downloaded,35569,
2026-07-17,NSE,INFY,raw_l2/trade_date=2026-07-17/exchange=NSE/symbol=INFY/part-072131_078930-029519.parquet,real_data_sample\l2_unseen_validation\trade_date=2026-07-17\exchange=NSE\symbol=INFY\part-072131_078930-029519.parquet,34699,downloaded,34699,
2026-07-17,NSE,INFY,raw_l2/trade_date=2026-07-17/exchange=NSE/symbol=INFY/part-072339_767267-029807.parquet,real_data_sample\l2_unseen_validation\trade_date=2026-07-17\exchange=NSE\symbol=INFY\part-072339_767267-029807.parquet,36179,downloaded,36179,
2026-07-17,NSE,INFY,raw_l2/trade_date=2026-07-17/exchange=NSE/symbol=INFY/part-072159_463586-029583.parquet,real_data_sample\l2_unseen_validation\trade_date=2026-07-17\exchange=NSE\symbol=INFY\part-072159_463586-029583.parquet,35008,downloaded,35008,
2026-07-17,NSE,INFY,raw_l2/trade_date=2026-07-17/exchange=NSE/symbol=INFY/part-072408_235897-029871.parquet,real_data_sample\l2_unseen_validation\trade_date=2026-07-17\exchange=NSE\symbol=INFY\part-072408_235897-029871.parquet,35911,downloaded,35911,
2026-07-17,NSE,INFY,raw_l2/trade_date=2026-07-17/exchange=NSE/symbol=INFY/part-072242_546341-029679.parquet,real_data_sample\l2_unseen_validation\trade_date=2026-07-17\exchange=NSE\symbol=INFY\part-072242_546341-029679.parquet,35580,downloaded,35580,
2026-07-17,NSE,INFY,raw_l2/trade_date=2026-07-17/exchange=NSE/symbol=INFY/part-072354_063827-029839.parquet,real_data_sample\l2_unseen_validation\trade_date=2026-07-17\exchange=NSE\symbol=INFY\part-072354_063827-029839.parquet,36653,downloaded,36653,
2026-07-17,NSE,INFY,raw_l2/trade_date=2026-07-17/exchange=NSE/symbol=INFY/part-072325_351004-029775.parquet,real_data_sample\l2_unseen_validation\trade_date=2026-07-17\exchange=NSE\symbol=INFY\part-072325_351004-029775.parquet,36017,downloaded,36017,
2026-07-17,NSE,INFY,raw_l2/trade_date=2026-07-17/exchange=NSE/symbol=INFY/part-072311_107428-029743.parquet,real_data_sample\l2_unseen_validation\trade_date=2026-07-17\exchange=NSE\symbol=INFY\part-072311_107428-029743.parquet,36073,downloaded,36073,
2026-07-17,NSE,INFY,raw_l2/trade_date=2026-07-17/exchange=NSE/symbol=INFY/part-072228_259705-029647.parquet,real_data_sample\l2_unseen_validation\trade_date=2026-07-17\exchange=NSE\symbol=INFY\part-072228_259705-029647.parquet,35702,downloaded,35702,
2026-07-17,NSE,INFY,raw_l2/trade_date=2026-07-17/exchange=NSE/symbol=INFY/part-072256_762664-029711.parquet,real_data_sample\l2_unseen_validation\trade_date=2026-07-17\exchange=NSE\symbol=INFY\part-072256_762664-029711.parquet,35600,downloaded,35600,
2026-07-17,NSE,INFY,raw_l2/trade_date=2026-07-17/exchange=NSE/symbol=INFY/part-072602_256071-030127.parquet,real_data_sample\l2_unseen_validation\trade_date=2026-07-17\exchange=NSE\symbol=INFY\part-072602_256071-030127.parquet,35909,downloaded,35909,
2026-07-17,NSE,INFY,raw_l2/trade_date=2026-07-17/exchange=NSE/symbol=INFY/part-072630_817778-030191.parquet,real_data_sample\l2_unseen_validation\trade_date=2026-07-17\exchange=NSE\symbol=INFY\part-072630_817778-030191.parquet,35708,downloaded,35708,
2026-07-17,NSE,INFY,raw_l2/trade_date=2026-07-17/exchange=NSE/symbol=INFY/part-072616_374599-030159.parquet,real_data_sample\l2_unseen_validation\trade_date=2026-07-17\exchange=NSE\symbol=INFY\part-072616_374599-030159.parquet,35977,downloaded,35977,
2026-07-17,NSE,INFY,raw_l2/trade_date=2026-07-17/exchange=NSE/symbol=INFY/part-072645_197740-030223.parquet,real_data_sample\l2_unseen_validation\trade_date=2026-07-17\exchange=NSE\symbol=INFY\part-072645_197740-030223.parquet,35697,downloaded,35697,
2026-07-17,NSE,INFY,raw_l2/trade_date=2026-07-17/exchange=NSE/symbol=INFY/part-072548_277696-030095.parquet,real_data_sample\l2_unseen_validation\trade_date=2026-07-17\exchange=NSE\symbol=INFY\part-072548_277696-030095.parquet,36091,downloaded,36091,
2026-07-17,NSE,INFY,raw_l2/trade_date=2026-07-17/exchange=NSE/symbol=INFY/part-072422_438184-029903.parquet,real_data_sample\l2_unseen_validation\trade_date=2026-07-17\exchange=NSE\symbol=INFY\part-072422_438184-029903.parquet,35968,downloaded,35968,
2026-07-17,NSE,INFY,raw_l2/trade_date=2026-07-17/exchange=NSE/symbol=INFY/part-072451_168096-029967.parquet,real_data_sample\l2_unseen_validation\trade_date=2026-07-17\exchange=NSE\symbol=INFY\part-072451_168096-029967.parquet,36178,downloaded,36178,
2026-07-17,NSE,INFY,raw_l2/trade_date=2026-07-17/exchange=NSE/symbol=INFY/part-072519_754155-030031.parquet,real_data_sample\l2_unseen_validation\trade_date=2026-07-17\exchange=NSE\symbol=INFY\part-072519_754155-030031.parquet,36190,downloaded,36190,
2026-07-17,NSE,INFY,raw_l2/trade_date=2026-07-17/exchange=NSE/symbol=INFY/part-072505_640175-029999.parquet,real_data_sample\l2_unseen_validation\trade_date=2026-07-17\exchange=NSE\symbol=INFY\part-072505_640175-029999.parquet,36059,downloaded,36059,
2026-07-17,NSE,INFY,raw_l2/trade_date=2026-07-17/exchange=NSE/symbol=INFY/part-072436_785636-029935.parquet,real_data_sample\l2_unseen_validation\trade_date=2026-07-17\exchange=NSE\symbol=INFY\part-072436_785636-029935.parquet,35966,downloaded,35966,
2026-07-17,NSE,INFY,raw_l2/trade_date=2026-07-17/exchange=NSE/symbol=INFY/part-072533_973580-030063.parquet,real_data_sample\l2_unseen_validation\trade_date=2026-07-17\exchange=NSE\symbol=INFY\part-072533_973580-030063.parquet,36370,downloaded,36370,
2026-07-17,NSE,INFY,raw_l2/trade_date=2026-07-17/exchange=NSE/symbol=INFY/part-072713_770756-030287.parquet,real_data_sample\l2_unseen_validation\trade_date=2026-07-17\exchange=NSE\symbol=INFY\part-072713_770756-030287.parquet,35229,downloaded,35229,
2026-07-17,NSE,INFY,raw_l2/trade_date=2026-07-17/exchange=NSE/symbol=INFY/part-072825_992021-030447.parquet,real_data_sample\l2_unseen_validation\trade_date=2026-07-17\exchange=NSE\symbol=INFY\part-072825_992021-030447.parquet,35773,downloaded,35773,
2026-07-17,NSE,INFY,raw_l2/trade_date=2026-07-17/exchange=NSE/symbol=INFY/part-072659_317939-030255.parquet,real_data_sample\l2_unseen_validation\trade_date=2026-07-17\exchange=NSE\symbol=INFY\part-072659_317939-030255.parquet,35824,downloaded,35824,
2026-07-17,NSE,INFY,raw_l2/trade_date=2026-07-17/exchange=NSE/symbol=INFY/part-072742_645613-030351.parquet,real_data_sample\l2_unseen_validation\trade_date=2026-07-17\exchange=NSE\symbol=INFY\part-072742_645613-030351.parquet,35675,downloaded,35675,
2026-07-17,NSE,INFY,raw_l2/trade_date=2026-07-17/exchange=NSE/symbol=INFY/part-072757_132076-030383.parquet,real_data_sample\l2_unseen_validation\trade_date=2026-07-17\exchange=NSE\symbol=INFY\part-072757_132076-030383.parquet,36122,downloaded,36122,
2026-07-17,NSE,INFY,raw_l2/trade_date=2026-07-17/exchange=NSE/symbol=INFY/part-072728_252620-030319.parquet,real_data_sample\l2_unseen_validation\trade_date=2026-07-17\exchange=NSE\symbol=INFY\part-072728_252620-030319.parquet,36009,downloaded,36009,
2026-07-17,NSE,INFY,raw_l2/trade_date=2026-07-17/exchange=NSE/symbol=INFY/part-072811_648569-030415.parquet,real_data_sample\l2_unseen_validation\trade_date=2026-07-17\exchange=NSE\symbol=INFY\part-072811_648569-030415.parquet,35825,downloaded,35825,
2026-07-17,NSE,INFY,raw_l2/trade_date=2026-07-17/exchange=NSE/symbol=INFY/part-072911_032860-030543.parquet,real_data_sample\l2_unseen_validation\trade_date=2026-07-17\exchange=NSE\symbol=INFY\part-072911_032860-030543.parquet,36357,downloaded,36357,
2026-07-17,NSE,INFY,raw_l2/trade_date=2026-07-17/exchange=NSE/symbol=INFY/part-072841_665651-030479.parquet,real_data_sample\l2_unseen_validation\trade_date=2026-07-17\exchange=NSE\symbol=INFY\part-072841_665651-030479.parquet,35714,downloaded,35714,
2026-07-17,NSE,INFY,raw_l2/trade_date=2026-07-17/exchange=NSE/symbol=INFY/part-072856_355944-030511.parquet,real_data_sample\l2_unseen_validation\trade_date=2026-07-17\exchange=NSE\symbol=INFY\part-072856_355944-030511.parquet,35882,downloaded,35882,
2026-07-17,NSE,INFY,raw_l2/trade_date=2026-07-17/exchange=NSE/symbol=INFY/part-072925_804654-030575.parquet,real_data_sample\l2_unseen_validation\trade_date=2026-07-17\exchange=NSE\symbol=INFY\part-072925_804654-030575.parquet,36274,downloaded,36274,
2026-07-17,NSE,INFY,raw_l2/trade_date=2026-07-17/exchange=NSE/symbol=INFY/part-072940_364319-030607.parquet,real_data_sample\l2_unseen_validation\trade_date=2026-07-17\exchange=NSE\symbol=INFY\part-072940_364319-030607.parquet,36370,downloaded,36370,
2026-07-17,NSE,INFY,raw_l2/trade_date=2026-07-17/exchange=NSE/symbol=INFY/part-073149_525090-030895.parquet,real_data_sample\l2_unseen_validation\trade_date=2026-07-17\exchange=NSE\symbol=INFY\part-073149_525090-030895.parquet,35482,downloaded,35482,
2026-07-17,NSE,INFY,raw_l2/trade_date=2026-07-17/exchange=NSE/symbol=INFY/part-071212_262236-028271.parquet,real_data_sample\l2_unseen_validation\trade_date=2026-07-17\exchange=NSE\symbol=INFY\part-071212_262236-028271.parquet,35373,downloaded,35373,
2026-07-17,NSE,INFY,raw_l2/trade_date=2026-07-17/exchange=NSE/symbol=INFY/part-073203_733750-030927.parquet,real_data_sample\l2_unseen_validation\trade_date=2026-07-17\exchange=NSE\symbol=INFY\part-073203_733750-030927.parquet,35246,downloaded,35246,
2026-07-17,NSE,INFY,raw_l2/trade_date=2026-07-17/exchange=NSE/symbol=INFY/part-073232_016870-030991.parquet,real_data_sample\l2_unseen_validation\trade_date=2026-07-17\exchange=NSE\symbol=INFY\part-073232_016870-030991.parquet,36015,downloaded,36015,
2026-07-17,NSE,INFY,raw_l2/trade_date=2026-07-17/exchange=NSE/symbol=INFY/part-073217_924764-030959.parquet,real_data_sample\l2_unseen_validation\trade_date=2026-07-17\exchange=NSE\symbol=INFY\part-073217_924764-030959.parquet,35583,downloaded,35583,
2026-07-17,NSE,INFY,raw_l2/trade_date=2026-07-17/exchange=NSE/symbol=INFY/part-073009_161847-030671.parquet,real_data_sample\l2_unseen_validation\trade_date=2026-07-17\exchange=NSE\symbol=INFY\part-073009_161847-030671.parquet,35992,downloaded,35992,
2026-07-17,NSE,INFY,raw_l2/trade_date=2026-07-17/exchange=NSE/symbol=INFY/part-073023_472652-030703.parquet,real_data_sample\l2_unseen_validation\trade_date=2026-07-17\exchange=NSE\symbol=INFY\part-073023_472652-030703.parquet,36058,downloaded,36058,
2026-07-17,NSE,INFY,raw_l2/trade_date=2026-07-17/exchange=NSE/symbol=INFY/part-073246_256652-031023.parquet,real_data_sample\l2_unseen_validation\trade_date=2026-07-17\exchange=NSE\symbol=INFY\part-073246_256652-031023.parquet,36053,downloaded,36053,
2026-07-17,NSE,INFY,raw_l2/trade_date=2026-07-17/exchange=NSE/symbol=INFY/part-072954_828276-030639.parquet,real_data_sample\l2_unseen_validation\trade_date=2026-07-17\exchange=NSE\symbol=INFY\part-072954_828276-030639.parquet,35691,downloaded,35691,
2026-07-17,NSE,INFY,raw_l2/trade_date=2026-07-17/exchange=NSE/symbol=INFY/part-073037_744818-030735.parquet,real_data_sample\l2_unseen_validation\trade_date=2026-07-17\exchange=NSE\symbol=INFY\part-073037_744818-030735.parquet,35519,downloaded,35519,
2026-07-17,NSE,INFY,raw_l2/trade_date=2026-07-17/exchange=NSE/symbol=INFY/part-073314_775164-031087.parquet,real_data_sample\l2_unseen_validation\trade_date=2026-07-17\exchange=NSE\symbol=INFY\part-073314_775164-031087.parquet,35868,downloaded,35868,
2026-07-17,NSE,INFY,raw_l2/trade_date=2026-07-17/exchange=NSE/symbol=INFY/part-073329_067563-031119.parquet,real_data_sample\l2_unseen_validation\trade_date=2026-07-17\exchange=NSE\symbol=INFY\part-073329_067563-031119.parquet,35524,downloaded,35524,
2026-07-17,NSE,INFY,raw_l2/trade_date=2026-07-17/exchange=NSE/symbol=INFY/part-073357_526731-031183.parquet,real_data_sample\l2_unseen_validation\trade_date=2026-07-17\exchange=NSE\symbol=INFY\part-073357_526731-031183.parquet,35735,downloaded,35735,
2026-07-17,NSE,INFY,raw_l2/trade_date=2026-07-17/exchange=NSE/symbol=INFY/part-073300_543279-031055.parquet,real_data_sample\l2_unseen_validation\trade_date=2026-07-17\exchange=NSE\symbol=INFY\part-073300_543279-031055.parquet,35958,downloaded,35958,
2026-07-17,NSE,INFY,raw_l2/trade_date=2026-07-17/exchange=NSE/symbol=INFY/part-073343_453166-031151.parquet,real_data_sample\l2_unseen_validation\trade_date=2026-07-17\exchange=NSE\symbol=INFY\part-073343_453166-031151.parquet,36011,downloaded,36011,
2026-07-17,NSE,INFY,raw_l2/trade_date=2026-07-17/exchange=NSE/symbol=INFY/part-073120_985829-030831.parquet,real_data_sample\l2_unseen_validation\trade_date=2026-07-17\exchange=NSE\symbol=INFY\part-073120_985829-030831.parquet,36195,downloaded,36195,
2026-07-17,NSE,INFY,raw_l2/trade_date=2026-07-17/exchange=NSE/symbol=INFY/part-073052_125541-030767.parquet,real_data_sample\l2_unseen_validation\trade_date=2026-07-17\exchange=NSE\symbol=INFY\part-073052_125541-030767.parquet,35642,downloaded,35642,
2026-07-17,NSE,INFY,raw_l2/trade_date=2026-07-17/exchange=NSE/symbol=INFY/part-073411_741968-031215.parquet,real_data_sample\l2_unseen_validation\trade_date=2026-07-17\exchange=NSE\symbol=INFY\part-073411_741968-031215.parquet,35636,downloaded,35636,
2026-07-17,NSE,INFY,raw_l2/trade_date=2026-07-17/exchange=NSE/symbol=INFY/part-073106_652577-030799.parquet,real_data_sample\l2_unseen_validation\trade_date=2026-07-17\exchange=NSE\symbol=INFY\part-073106_652577-030799.parquet,35965,downloaded,35965,
2026-07-17,NSE,INFY,raw_l2/trade_date=2026-07-17/exchange=NSE/symbol=INFY/part-073134_982958-030863.parquet,real_data_sample\l2_unseen_validation\trade_date=2026-07-17\exchange=NSE\symbol=INFY\part-073134_982958-030863.parquet,35786,downloaded,35786,
2026-07-17,NSE,INFY,raw_l2/trade_date=2026-07-17/exchange=NSE/symbol=INFY/part-073440_356975-031279.parquet,real_data_sample\l2_unseen_validation\trade_date=2026-07-17\exchange=NSE\symbol=INFY\part-073440_356975-031279.parquet,35906,downloaded,35906,
2026-07-17,NSE,INFY,raw_l2/trade_date=2026-07-17/exchange=NSE/symbol=INFY/part-073426_042825-031247.parquet,real_data_sample\l2_unseen_validation\trade_date=2026-07-17\exchange=NSE\symbol=INFY\part-073426_042825-031247.parquet,35494,downloaded,35494,
2026-07-17,NSE,INFY,raw_l2/trade_date=2026-07-17/exchange=NSE/symbol=INFY/part-073454_657039-031311.parquet,real_data_sample\l2_unseen_validation\trade_date=2026-07-17\exchange=NSE\symbol=INFY\part-073454_657039-031311.parquet,35798,downloaded,35798,
2026-07-17,NSE,INFY,raw_l2/trade_date=2026-07-17/exchange=NSE/symbol=INFY/part-073605_542189-031471.parquet,real_data_sample\l2_unseen_validation\trade_date=2026-07-17\exchange=NSE\symbol=INFY\part-073605_542189-031471.parquet,35538,downloaded,35538,
2026-07-17,NSE,INFY,raw_l2/trade_date=2026-07-17/exchange=NSE/symbol=INFY/part-073648_530724-031567.parquet,real_data_sample\l2_unseen_validation\trade_date=2026-07-17\exchange=NSE\symbol=INFY\part-073648_530724-031567.parquet,35500,downloaded,35500,
2026-07-17,NSE,INFY,raw_l2/trade_date=2026-07-17/exchange=NSE/symbol=INFY/part-073537_332060-031407.parquet,real_data_sample\l2_unseen_validation\trade_date=2026-07-17\exchange=NSE\symbol=INFY\part-073537_332060-031407.parquet,35992,downloaded,35992,
2026-07-17,NSE,INFY,raw_l2/trade_date=2026-07-17/exchange=NSE/symbol=INFY/part-073619_875011-031503.parquet,real_data_sample\l2_unseen_validation\trade_date=2026-07-17\exchange=NSE\symbol=INFY\part-073619_875011-031503.parquet,35671,downloaded,35671,
2026-07-17,NSE,INFY,raw_l2/trade_date=2026-07-17/exchange=NSE/symbol=INFY/part-073551_456419-031439.parquet,real_data_sample\l2_unseen_validation\trade_date=2026-07-17\exchange=NSE\symbol=INFY\part-073551_456419-031439.parquet,35488,downloaded,35488,
2026-07-17,NSE,INFY,raw_l2/trade_date=2026-07-17/exchange=NSE/symbol=INFY/part-073634_268961-031535.parquet,real_data_sample\l2_unseen_validation\trade_date=2026-07-17\exchange=NSE\symbol=INFY\part-073634_268961-031535.parquet,35754,downloaded,35754,
2026-07-17,NSE,INFY,raw_l2/trade_date=2026-07-17/exchange=NSE/symbol=INFY/part-073508_843467-031343.parquet,real_data_sample\l2_unseen_validation\trade_date=2026-07-17\exchange=NSE\symbol=INFY\part-073508_843467-031343.parquet,36250,downloaded,36250,
2026-07-17,NSE,INFY,raw_l2/trade_date=2026-07-17/exchange=NSE/symbol=INFY/part-073522_968581-031375.parquet,real_data_sample\l2_unseen_validation\trade_date=2026-07-17\exchange=NSE\symbol=INFY\part-073522_968581-031375.parquet,35948,downloaded,35948,
2026-07-17,NSE,INFY,raw_l2/trade_date=2026-07-17/exchange=NSE/symbol=INFY/part-073702_731292-031599.parquet,real_data_sample\l2_unseen_validation\trade_date=2026-07-17\exchange=NSE\symbol=INFY\part-073702_731292-031599.parquet,35289,downloaded,35289,
2026-07-17,NSE,INFY,raw_l2/trade_date=2026-07-17/exchange=NSE/symbol=INFY/part-073716_682194-031631.parquet,real_data_sample\l2_unseen_validation\trade_date=2026-07-17\exchange=NSE\symbol=INFY\part-073716_682194-031631.parquet,35368,downloaded,35368,
2026-07-17,NSE,INFY,raw_l2/trade_date=2026-07-17/exchange=NSE/symbol=INFY/part-073758_737331-031727.parquet,real_data_sample\l2_unseen_validation\trade_date=2026-07-17\exchange=NSE\symbol=INFY\part-073758_737331-031727.parquet,34921,downloaded,34921,
2026-07-17,NSE,INFY,raw_l2/trade_date=2026-07-17/exchange=NSE/symbol=INFY/part-073812_898846-031759.parquet,real_data_sample\l2_unseen_validation\trade_date=2026-07-17\exchange=NSE\symbol=INFY\part-073812_898846-031759.parquet,35145,downloaded,35145,
2026-07-17,NSE,INFY,raw_l2/trade_date=2026-07-17/exchange=NSE/symbol=INFY/part-074034_214300-032079.parquet,real_data_sample\l2_unseen_validation\trade_date=2026-07-17\exchange=NSE\symbol=INFY\part-074034_214300-032079.parquet,35699,downloaded,35699,
2026-07-17,NSE,INFY,raw_l2/trade_date=2026-07-17/exchange=NSE/symbol=INFY/part-073951_728741-031983.parquet,real_data_sample\l2_unseen_validation\trade_date=2026-07-17\exchange=NSE\symbol=INFY\part-073951_728741-031983.parquet,35669,downloaded,35669,
2026-07-17,NSE,INFY,raw_l2/trade_date=2026-07-17/exchange=NSE/symbol=INFY/part-073744_634461-031695.parquet,real_data_sample\l2_unseen_validation\trade_date=2026-07-17\exchange=NSE\symbol=INFY\part-073744_634461-031695.parquet,35024,downloaded,35024,
2026-07-17,NSE,INFY,raw_l2/trade_date=2026-07-17/exchange=NSE/symbol=INFY/part-074005_959417-032015.parquet,real_data_sample\l2_unseen_validation\trade_date=2026-07-17\exchange=NSE\symbol=INFY\part-074005_959417-032015.parquet,35704,downloaded,35704,
2026-07-17,NSE,INFY,raw_l2/trade_date=2026-07-17/exchange=NSE/symbol=INFY/part-073841_102138-031823.parquet,real_data_sample\l2_unseen_validation\trade_date=2026-07-17\exchange=NSE\symbol=INFY\part-073841_102138-031823.parquet,36181,downloaded,36181,
2026-07-17,NSE,INFY,raw_l2/trade_date=2026-07-17/exchange=NSE/symbol=INFY/part-073827_073224-031791.parquet,real_data_sample\l2_unseen_validation\trade_date=2026-07-17\exchange=NSE\symbol=INFY\part-073827_073224-031791.parquet,36174,downloaded,36174,
2026-07-17,NSE,INFY,raw_l2/trade_date=2026-07-17/exchange=NSE/symbol=INFY/part-073855_179500-031855.parquet,real_data_sample\l2_unseen_validation\trade_date=2026-07-17\exchange=NSE\symbol=INFY\part-073855_179500-031855.parquet,36072,downloaded,36072,
2026-07-17,NSE,INFY,raw_l2/trade_date=2026-07-17/exchange=NSE/symbol=INFY/part-074048_417493-032111.parquet,real_data_sample\l2_unseen_validation\trade_date=2026-07-17\exchange=NSE\symbol=INFY\part-074048_417493-032111.parquet,35828,downloaded,35828,
2026-07-17,NSE,INFY,raw_l2/trade_date=2026-07-17/exchange=NSE/symbol=INFY/part-073937_677579-031951.parquet,real_data_sample\l2_unseen_validation\trade_date=2026-07-17\exchange=NSE\symbol=INFY\part-073937_677579-031951.parquet,35663,downloaded,35663,
2026-07-17,NSE,INFY,raw_l2/trade_date=2026-07-17/exchange=NSE/symbol=INFY/part-074020_212044-032047.parquet,real_data_sample\l2_unseen_validation\trade_date=2026-07-17\exchange=NSE\symbol=INFY\part-074020_212044-032047.parquet,35567,downloaded,35567,
2026-07-17,NSE,INFY,raw_l2/trade_date=2026-07-17/exchange=NSE/symbol=INFY/part-074116_638249-032175.parquet,real_data_sample\l2_unseen_validation\trade_date=2026-07-17\exchange=NSE\symbol=INFY\part-074116_638249-032175.parquet,36023,downloaded,36023,
2026-07-17,NSE,INFY,raw_l2/trade_date=2026-07-17/exchange=NSE/symbol=INFY/part-074212_938218-032303.parquet,real_data_sample\l2_unseen_validation\trade_date=2026-07-17\exchange=NSE\symbol=INFY\part-074212_938218-032303.parquet,36313,downloaded,36313,
2026-07-17,NSE,INFY,raw_l2/trade_date=2026-07-17/exchange=NSE/symbol=INFY/part-073909_750674-031887.parquet,real_data_sample\l2_unseen_validation\trade_date=2026-07-17\exchange=NSE\symbol=INFY\part-073909_750674-031887.parquet,36041,downloaded,36041,
2026-07-17,NSE,INFY,raw_l2/trade_date=2026-07-17/exchange=NSE/symbol=INFY/part-074130_667871-032207.parquet,real_data_sample\l2_unseen_validation\trade_date=2026-07-17\exchange=NSE\symbol=INFY\part-074130_667871-032207.parquet,35800,downloaded,35800,
2026-07-17,NSE,INFY,raw_l2/trade_date=2026-07-17/exchange=NSE/symbol=INFY/part-074158_931257-032271.parquet,real_data_sample\l2_unseen_validation\trade_date=2026-07-17\exchange=NSE\symbol=INFY\part-074158_931257-032271.parquet,35712,downloaded,35712,
2026-07-17,NSE,INFY,raw_l2/trade_date=2026-07-17/exchange=NSE/symbol=INFY/part-074144_875229-032239.parquet,real_data_sample\l2_unseen_validation\trade_date=2026-07-17\exchange=NSE\symbol=INFY\part-074144_875229-032239.parquet,35260,downloaded,35260,
2026-07-17,NSE,INFY,raw_l2/trade_date=2026-07-17/exchange=NSE/symbol=INFY/part-074226_848485-032335.parquet,real_data_sample\l2_unseen_validation\trade_date=2026-07-17\exchange=NSE\symbol=INFY\part-074226_848485-032335.parquet,36129,downloaded,36129,
2026-07-17,NSE,INFY,raw_l2/trade_date=2026-07-17/exchange=NSE/symbol=INFY/part-074102_492672-032143.parquet,real_data_sample\l2_unseen_validation\trade_date=2026-07-17\exchange=NSE\symbol=INFY\part-074102_492672-032143.parquet,35256,downloaded,35256,
2026-07-17,NSE,INFY,raw_l2/trade_date=2026-07-17/exchange=NSE/symbol=INFY/part-073923_642287-031919.parquet,real_data_sample\l2_unseen_validation\trade_date=2026-07-17\exchange=NSE\symbol=INFY\part-073923_642287-031919.parquet,35785,downloaded,35785,
2026-07-17,NSE,INFY,raw_l2/trade_date=2026-07-17/exchange=NSE/symbol=INFY/part-074405_924584-032559.parquet,real_data_sample\l2_unseen_validation\trade_date=2026-07-17\exchange=NSE\symbol=INFY\part-074405_924584-032559.parquet,35961,downloaded,35961,
2026-07-17,NSE,INFY,raw_l2/trade_date=2026-07-17/exchange=NSE/symbol=INFY/part-074308_890986-032431.parquet,real_data_sample\l2_unseen_validation\trade_date=2026-07-17\exchange=NSE\symbol=INFY\part-074308_890986-032431.parquet,36058,downloaded,36058,
2026-07-17,NSE,INFY,raw_l2/trade_date=2026-07-17/exchange=NSE/symbol=INFY/part-074322_904572-032463.parquet,real_data_sample\l2_unseen_validation\trade_date=2026-07-17\exchange=NSE\symbol=INFY\part-074322_904572-032463.parquet,36117,downloaded,36117,
2026-07-17,NSE,INFY,raw_l2/trade_date=2026-07-17/exchange=NSE/symbol=INFY/part-074419_922693-032591.parquet,real_data_sample\l2_unseen_validation\trade_date=2026-07-17\exchange=NSE\symbol=INFY\part-074419_922693-032591.parquet,35881,downloaded,35881,
2026-07-17,NSE,INFY,raw_l2/trade_date=2026-07-17/exchange=NSE/symbol=INFY/part-074337_001700-032495.parquet,real_data_sample\l2_unseen_validation\trade_date=2026-07-17\exchange=NSE\symbol=INFY\part-074337_001700-032495.parquet,35296,downloaded,35296,
2026-07-17,NSE,INFY,raw_l2/trade_date=2026-07-17/exchange=NSE/symbol=INFY/part-074254_929706-032399.parquet,real_data_sample\l2_unseen_validation\trade_date=2026-07-17\exchange=NSE\symbol=INFY\part-074254_929706-032399.parquet,36179,downloaded,36179,
2026-07-17,NSE,INFY,raw_l2/trade_date=2026-07-17/exchange=NSE/symbol=INFY/part-074351_382143-032527.parquet,real_data_sample\l2_unseen_validation\trade_date=2026-07-17\exchange=NSE\symbol=INFY\part-074351_382143-032527.parquet,35209,downloaded,35209,
2026-07-17,NSE,INFY,raw_l2/trade_date=2026-07-17/exchange=NSE/symbol=INFY/part-074240_856832-032367.parquet,real_data_sample\l2_unseen_validation\trade_date=2026-07-17\exchange=NSE\symbol=INFY\part-074240_856832-032367.parquet,35975,downloaded,35975,
2026-07-17,NSE,INFY,raw_l2/trade_date=2026-07-17/exchange=NSE/symbol=INFY/part-074433_907314-032623.parquet,real_data_sample\l2_unseen_validation\trade_date=2026-07-17\exchange=NSE\symbol=INFY\part-074433_907314-032623.parquet,36079,downloaded,36079,
2026-07-17,NSE,INFY,raw_l2/trade_date=2026-07-17/exchange=NSE/symbol=INFY/part-073730_701683-031663.parquet,real_data_sample\l2_unseen_validation\trade_date=2026-07-17\exchange=NSE\symbol=INFY\part-073730_701683-031663.parquet,34665,downloaded,34665,
2026-07-17,NSE,INFY,raw_l2/trade_date=2026-07-17/exchange=NSE/symbol=INFY/part-074447_869213-032655.parquet,real_data_sample\l2_unseen_validation\trade_date=2026-07-17\exchange=NSE\symbol=INFY\part-074447_869213-032655.parquet,36001,downloaded,36001,
2026-07-17,NSE,INFY,raw_l2/trade_date=2026-07-17/exchange=NSE/symbol=INFY/part-074502_002123-032687.parquet,real_data_sample\l2_unseen_validation\trade_date=2026-07-17\exchange=NSE\symbol=INFY\part-074502_002123-032687.parquet,35771,downloaded,35771,
2026-07-17,NSE,INFY,raw_l2/trade_date=2026-07-17/exchange=NSE/symbol=INFY/part-074544_437068-032783.parquet,real_data_sample\l2_unseen_validation\trade_date=2026-07-17\exchange=NSE\symbol=INFY\part-074544_437068-032783.parquet,36124,downloaded,36124,
2026-07-17,NSE,INFY,raw_l2/trade_date=2026-07-17/exchange=NSE/symbol=INFY/part-074516_229214-032719.parquet,real_data_sample\l2_unseen_validation\trade_date=2026-07-17\exchange=NSE\symbol=INFY\part-074516_229214-032719.parquet,35419,downloaded,35419,
2026-07-17,NSE,INFY,raw_l2/trade_date=2026-07-17/exchange=NSE/symbol=INFY/part-074530_427628-032751.parquet,real_data_sample\l2_unseen_validation\trade_date=2026-07-17\exchange=NSE\symbol=INFY\part-074530_427628-032751.parquet,35705,downloaded,35705,
2026-07-17,NSE,INFY,raw_l2/trade_date=2026-07-17/exchange=NSE/symbol=INFY/part-074709_754267-032975.parquet,real_data_sample\l2_unseen_validation\trade_date=2026-07-17\exchange=NSE\symbol=INFY\part-074709_754267-032975.parquet,34632,downloaded,34632,
2026-07-17,NSE,INFY,raw_l2/trade_date=2026-07-17/exchange=NSE/symbol=INFY/part-074613_090793-032847.parquet,real_data_sample\l2_unseen_validation\trade_date=2026-07-17\exchange=NSE\symbol=INFY\part-074613_090793-032847.parquet,35751,downloaded,35751,
2026-07-17,NSE,INFY,raw_l2/trade_date=2026-07-17/exchange=NSE/symbol=INFY/part-074627_218331-032879.parquet,real_data_sample\l2_unseen_validation\trade_date=2026-07-17\exchange=NSE\symbol=INFY\part-074627_218331-032879.parquet,34747,downloaded,34747,
2026-07-17,NSE,INFY,raw_l2/trade_date=2026-07-17/exchange=NSE/symbol=INFY/part-074641_609147-032911.parquet,real_data_sample\l2_unseen_validation\trade_date=2026-07-17\exchange=NSE\symbol=INFY\part-074641_609147-032911.parquet,34897,downloaded,34897,
2026-07-17,NSE,INFY,raw_l2/trade_date=2026-07-17/exchange=NSE/symbol=INFY/part-074655_756894-032943.parquet,real_data_sample\l2_unseen_validation\trade_date=2026-07-17\exchange=NSE\symbol=INFY\part-074655_756894-032943.parquet,35005,downloaded,35005,
2026-07-17,NSE,INFY,raw_l2/trade_date=2026-07-17/exchange=NSE/symbol=INFY/part-074558_517129-032815.parquet,real_data_sample\l2_unseen_validation\trade_date=2026-07-17\exchange=NSE\symbol=INFY\part-074558_517129-032815.parquet,35966,downloaded,35966,
2026-07-17,NSE,INFY,raw_l2/trade_date=2026-07-17/exchange=NSE/symbol=INFY/part-075027_588122-033423.parquet,real_data_sample\l2_unseen_validation\trade_date=2026-07-17\exchange=NSE\symbol=INFY\part-075027_588122-033423.parquet,35454,downloaded,35454,
2026-07-17,NSE,INFY,raw_l2/trade_date=2026-07-17/exchange=NSE/symbol=INFY/part-074738_151624-033039.parquet,real_data_sample\l2_unseen_validation\trade_date=2026-07-17\exchange=NSE\symbol=INFY\part-074738_151624-033039.parquet,35871,downloaded,35871,
2026-07-17,NSE,INFY,raw_l2/trade_date=2026-07-17/exchange=NSE/symbol=INFY/part-075042_151096-033455.parquet,real_data_sample\l2_unseen_validation\trade_date=2026-07-17\exchange=NSE\symbol=INFY\part-075042_151096-033455.parquet,35589,downloaded,35589,
2026-07-17,NSE,INFY,raw_l2/trade_date=2026-07-17/exchange=NSE/symbol=INFY/part-074724_097697-033007.parquet,real_data_sample\l2_unseen_validation\trade_date=2026-07-17\exchange=NSE\symbol=INFY\part-074724_097697-033007.parquet,35828,downloaded,35828,
2026-07-17,NSE,INFY,raw_l2/trade_date=2026-07-17/exchange=NSE/symbol=INFY/part-075012_916020-033391.parquet,real_data_sample\l2_unseen_validation\trade_date=2026-07-17\exchange=NSE\symbol=INFY\part-075012_916020-033391.parquet,34827,downloaded,34827,
2026-07-17,NSE,INFY,raw_l2/trade_date=2026-07-17/exchange=NSE/symbol=INFY/part-074806_204728-033103.parquet,real_data_sample\l2_unseen_validation\trade_date=2026-07-17\exchange=NSE\symbol=INFY\part-074806_204728-033103.parquet,35616,downloaded,35616,
2026-07-17,NSE,INFY,raw_l2/trade_date=2026-07-17/exchange=NSE/symbol=INFY/part-074848_480947-033199.parquet,real_data_sample\l2_unseen_validation\trade_date=2026-07-17\exchange=NSE\symbol=INFY\part-074848_480947-033199.parquet,35995,downloaded,35995,
2026-07-17,NSE,INFY,raw_l2/trade_date=2026-07-17/exchange=NSE/symbol=INFY/part-074916_925358-033263.parquet,real_data_sample\l2_unseen_validation\trade_date=2026-07-17\exchange=NSE\symbol=INFY\part-074916_925358-033263.parquet,35221,downloaded,35221,
2026-07-17,NSE,INFY,raw_l2/trade_date=2026-07-17/exchange=NSE/symbol=INFY/part-074820_164770-033135.parquet,real_data_sample\l2_unseen_validation\trade_date=2026-07-17\exchange=NSE\symbol=INFY\part-074820_164770-033135.parquet,35458,downloaded,35458,
2026-07-17,NSE,INFY,raw_l2/trade_date=2026-07-17/exchange=NSE/symbol=INFY/part-074958_899785-033359.parquet,real_data_sample\l2_unseen_validation\trade_date=2026-07-17\exchange=NSE\symbol=INFY\part-074958_899785-033359.parquet,34934,downloaded,34934,
2026-07-17,NSE,INFY,raw_l2/trade_date=2026-07-17/exchange=NSE/symbol=INFY/part-074752_199170-033071.parquet,real_data_sample\l2_unseen_validation\trade_date=2026-07-17\exchange=NSE\symbol=INFY\part-074752_199170-033071.parquet,35926,downloaded,35926,
2026-07-17,NSE,INFY,raw_l2/trade_date=2026-07-17/exchange=NSE/symbol=INFY/part-074944_928925-033327.parquet,real_data_sample\l2_unseen_validation\trade_date=2026-07-17\exchange=NSE\symbol=INFY\part-074944_928925-033327.parquet,34827,downloaded,34827,
2026-07-17,NSE,INFY,raw_l2/trade_date=2026-07-17/exchange=NSE/symbol=INFY/part-074930_869679-033295.parquet,real_data_sample\l2_unseen_validation\trade_date=2026-07-17\exchange=NSE\symbol=INFY\part-074930_869679-033295.parquet,34839,downloaded,34839,
2026-07-17,NSE,INFY,raw_l2/trade_date=2026-07-17/exchange=NSE/symbol=INFY/part-075110_085561-033519.parquet,real_data_sample\l2_unseen_validation\trade_date=2026-07-17\exchange=NSE\symbol=INFY\part-075110_085561-033519.parquet,36101,downloaded,36101,
2026-07-17,NSE,INFY,raw_l2/trade_date=2026-07-17/exchange=NSE/symbol=INFY/part-075138_233007-033583.parquet,real_data_sample\l2_unseen_validation\trade_date=2026-07-17\exchange=NSE\symbol=INFY\part-075138_233007-033583.parquet,36414,downloaded,36414,
2026-07-17,NSE,INFY,raw_l2/trade_date=2026-07-17/exchange=NSE/symbol=INFY/part-075124_140422-033551.parquet,real_data_sample\l2_unseen_validation\trade_date=2026-07-17\exchange=NSE\symbol=INFY\part-075124_140422-033551.parquet,36230,downloaded,36230,
2026-07-17,NSE,INFY,raw_l2/trade_date=2026-07-17/exchange=NSE/symbol=INFY/part-074902_714700-033231.parquet,real_data_sample\l2_unseen_validation\trade_date=2026-07-17\exchange=NSE\symbol=INFY\part-074902_714700-033231.parquet,35455,downloaded,35455,
2026-07-17,NSE,INFY,raw_l2/trade_date=2026-07-17/exchange=NSE/symbol=INFY/part-074834_360374-033167.parquet,real_data_sample\l2_unseen_validation\trade_date=2026-07-17\exchange=NSE\symbol=INFY\part-074834_360374-033167.parquet,35837,downloaded,35837,
2026-07-17,NSE,INFY,raw_l2/trade_date=2026-07-17/exchange=NSE/symbol=INFY/part-075056_147055-033487.parquet,real_data_sample\l2_unseen_validation\trade_date=2026-07-17\exchange=NSE\symbol=INFY\part-075056_147055-033487.parquet,36329,downloaded,36329,
2026-07-17,NSE,INFY,raw_l2/trade_date=2026-07-17/exchange=NSE/symbol=INFY/part-075152_427500-033615.parquet,real_data_sample\l2_unseen_validation\trade_date=2026-07-17\exchange=NSE\symbol=INFY\part-075152_427500-033615.parquet,36269,downloaded,36269,
2026-07-17,NSE,INFY,raw_l2/trade_date=2026-07-17/exchange=NSE/symbol=INFY/part-075221_157589-033679.parquet,real_data_sample\l2_unseen_validation\trade_date=2026-07-17\exchange=NSE\symbol=INFY\part-075221_157589-033679.parquet,36262,downloaded,36262,
2026-07-17,NSE,INFY,raw_l2/trade_date=2026-07-17/exchange=NSE/symbol=INFY/part-075235_333792-033711.parquet,real_data_sample\l2_unseen_validation\trade_date=2026-07-17\exchange=NSE\symbol=INFY\part-075235_333792-033711.parquet,36183,downloaded,36183,
2026-07-17,NSE,INFY,raw_l2/trade_date=2026-07-17/exchange=NSE/symbol=INFY/part-075249_516854-033743.parquet,real_data_sample\l2_unseen_validation\trade_date=2026-07-17\exchange=NSE\symbol=INFY\part-075249_516854-033743.parquet,35758,downloaded,35758,
2026-07-17,NSE,INFY,raw_l2/trade_date=2026-07-17/exchange=NSE/symbol=INFY/part-075318_217718-033807.parquet,real_data_sample\l2_unseen_validation\trade_date=2026-07-17\exchange=NSE\symbol=INFY\part-075318_217718-033807.parquet,36103,downloaded,36103,
2026-07-17,NSE,INFY,raw_l2/trade_date=2026-07-17/exchange=NSE/symbol=INFY/part-075304_057432-033775.parquet,real_data_sample\l2_unseen_validation\trade_date=2026-07-17\exchange=NSE\symbol=INFY\part-075304_057432-033775.parquet,36372,downloaded,36372,
2026-07-17,NSE,INFY,raw_l2/trade_date=2026-07-17/exchange=NSE/symbol=INFY/part-075332_265282-033839.parquet,real_data_sample\l2_unseen_validation\trade_date=2026-07-17\exchange=NSE\symbol=INFY\part-075332_265282-033839.parquet,36166,downloaded,36166,
2026-07-17,NSE,INFY,raw_l2/trade_date=2026-07-17/exchange=NSE/symbol=INFY/part-075607_112816-034191.parquet,real_data_sample\l2_unseen_validation\trade_date=2026-07-17\exchange=NSE\symbol=INFY\part-075607_112816-034191.parquet,35900,downloaded,35900,
2026-07-17,NSE,INFY,raw_l2/trade_date=2026-07-17/exchange=NSE/symbol=INFY/part-075456_865519-034031.parquet,real_data_sample\l2_unseen_validation\trade_date=2026-07-17\exchange=NSE\symbol=INFY\part-075456_865519-034031.parquet,36459,downloaded,36459,
2026-07-17,NSE,INFY,raw_l2/trade_date=2026-07-17/exchange=NSE/symbol=INFY/part-075844_582050-034543.parquet,real_data_sample\l2_unseen_validation\trade_date=2026-07-17\exchange=NSE\symbol=INFY\part-075844_582050-034543.parquet,36606,downloaded,36606,
2026-07-17,NSE,INFY,raw_l2/trade_date=2026-07-17/exchange=NSE/symbol=INFY/part-075858_788194-034575.parquet,real_data_sample\l2_unseen_validation\trade_date=2026-07-17\exchange=NSE\symbol=INFY\part-075858_788194-034575.parquet,36205,downloaded,36205,
2026-07-17,NSE,INFY,raw_l2/trade_date=2026-07-17/exchange=NSE/symbol=INFY/part-075510_991619-034063.parquet,real_data_sample\l2_unseen_validation\trade_date=2026-07-17\exchange=NSE\symbol=INFY\part-075510_991619-034063.parquet,35850,downloaded,35850,
2026-07-17,NSE,INFY,raw_l2/trade_date=2026-07-17/exchange=NSE/symbol=INFY/part-080011_154784-034735.parquet,real_data_sample\l2_unseen_validation\trade_date=2026-07-17\exchange=NSE\symbol=INFY\part-080011_154784-034735.parquet,36180,downloaded,36180,
2026-07-17,NSE,INFY,raw_l2/trade_date=2026-07-17/exchange=NSE/symbol=INFY/part-080025_798367-034767.parquet,real_data_sample\l2_unseen_validation\trade_date=2026-07-17\exchange=NSE\symbol=INFY\part-080025_798367-034767.parquet,35911,downloaded,35911,
2026-07-17,NSE,INFY,raw_l2/trade_date=2026-07-17/exchange=NSE/symbol=INFY/part-080040_005591-034799.parquet,real_data_sample\l2_unseen_validation\trade_date=2026-07-17\exchange=NSE\symbol=INFY\part-080040_005591-034799.parquet,35859,downloaded,35859,
2026-07-17,NSE,INFY,raw_l2/trade_date=2026-07-17/exchange=NSE/symbol=INFY/part-080054_512716-034831.parquet,real_data_sample\l2_unseen_validation\trade_date=2026-07-17\exchange=NSE\symbol=INFY\part-080054_512716-034831.parquet,35288,downloaded,35288,
2026-07-17,NSE,INFY,raw_l2/trade_date=2026-07-17/exchange=NSE/symbol=INFY/part-080108_838265-034863.parquet,real_data_sample\l2_unseen_validation\trade_date=2026-07-17\exchange=NSE\symbol=INFY\part-080108_838265-034863.parquet,35755,downloaded,35755,
2026-07-17,NSE,INFY,raw_l2/trade_date=2026-07-17/exchange=NSE/symbol=INFY/part-080122_975037-034895.parquet,real_data_sample\l2_unseen_validation\trade_date=2026-07-17\exchange=NSE\symbol=INFY\part-080122_975037-034895.parquet,35066,downloaded,35066,
2026-07-17,NSE,INFY,raw_l2/trade_date=2026-07-17/exchange=NSE/symbol=INFY/part-080220_254664-035023.parquet,real_data_sample\l2_unseen_validation\trade_date=2026-07-17\exchange=NSE\symbol=INFY\part-080220_254664-035023.parquet,35661,downloaded,35661,
2026-07-17,NSE,INFY,raw_l2/trade_date=2026-07-17/exchange=NSE/symbol=INFY/part-080206_147958-034991.parquet,real_data_sample\l2_unseen_validation\trade_date=2026-07-17\exchange=NSE\symbol=INFY\part-080206_147958-034991.parquet,34974,downloaded,34974,
2026-07-17,NSE,INFY,raw_l2/trade_date=2026-07-17/exchange=NSE/symbol=INFY/part-080137_340191-034927.parquet,real_data_sample\l2_unseen_validation\trade_date=2026-07-17\exchange=NSE\symbol=INFY\part-080137_340191-034927.parquet,35067,downloaded,35067,
2026-07-17,NSE,INFY,raw_l2/trade_date=2026-07-17/exchange=NSE/symbol=INFY/part-080151_747769-034959.parquet,real_data_sample\l2_unseen_validation\trade_date=2026-07-17\exchange=NSE\symbol=INFY\part-080151_747769-034959.parquet,35012,downloaded,35012,
2026-07-17,NSE,INFY,raw_l2/trade_date=2026-07-17/exchange=NSE/symbol=INFY/part-080234_770293-035055.parquet,real_data_sample\l2_unseen_validation\trade_date=2026-07-17\exchange=NSE\symbol=INFY\part-080234_770293-035055.parquet,35715,downloaded,35715,
2026-07-17,NSE,INFY,raw_l2/trade_date=2026-07-17/exchange=NSE/symbol=INFY/part-080249_603712-035087.parquet,real_data_sample\l2_unseen_validation\trade_date=2026-07-17\exchange=NSE\symbol=INFY\part-080249_603712-035087.parquet,35738,downloaded,35738,
2026-07-17,NSE,INFY,raw_l2/trade_date=2026-07-17/exchange=NSE/symbol=INFY/part-080303_788367-035119.parquet,real_data_sample\l2_unseen_validation\trade_date=2026-07-17\exchange=NSE\symbol=INFY\part-080303_788367-035119.parquet,35770,downloaded,35770,
2026-07-17,NSE,INFY,raw_l2/trade_date=2026-07-17/exchange=NSE/symbol=INFY/part-080318_115796-035151.parquet,real_data_sample\l2_unseen_validation\trade_date=2026-07-17\exchange=NSE\symbol=INFY\part-080318_115796-035151.parquet,35953,downloaded,35953,
2026-07-17,NSE,INFY,raw_l2/trade_date=2026-07-17/exchange=NSE/symbol=INFY/part-080332_450422-035183.parquet,real_data_sample\l2_unseen_validation\trade_date=2026-07-17\exchange=NSE\symbol=INFY\part-080332_450422-035183.parquet,35588,downloaded,35588,
2026-07-17,NSE,INFY,raw_l2/trade_date=2026-07-17/exchange=NSE/symbol=INFY/part-075414_521489-033935.parquet,real_data_sample\l2_unseen_validation\trade_date=2026-07-17\exchange=NSE\symbol=INFY\part-075414_521489-033935.parquet,35775,downloaded,35775,
2026-07-17,NSE,INFY,raw_l2/trade_date=2026-07-17/exchange=NSE/symbol=INFY/part-080347_034136-035215.parquet,real_data_sample\l2_unseen_validation\trade_date=2026-07-17\exchange=NSE\symbol=INFY\part-080347_034136-035215.parquet,35905,downloaded,35905,
2026-07-17,NSE,INFY,raw_l2/trade_date=2026-07-17/exchange=NSE/symbol=INFY/part-080516_945760-035407.parquet,real_data_sample\l2_unseen_validation\trade_date=2026-07-17\exchange=NSE\symbol=INFY\part-080516_945760-035407.parquet,36508,downloaded,36508,
2026-07-17,NSE,INFY,raw_l2/trade_date=2026-07-17/exchange=NSE/symbol=INFY/part-080401_731429-035247.parquet,real_data_sample\l2_unseen_validation\trade_date=2026-07-17\exchange=NSE\symbol=INFY\part-080401_731429-035247.parquet,36217,downloaded,36217,
2026-07-17,NSE,INFY,raw_l2/trade_date=2026-07-17/exchange=NSE/symbol=INFY/part-080502_401448-035375.parquet,real_data_sample\l2_unseen_validation\trade_date=2026-07-17\exchange=NSE\symbol=INFY\part-080502_401448-035375.parquet,35788,downloaded,35788,
2026-07-17,NSE,INFY,raw_l2/trade_date=2026-07-17/exchange=NSE/symbol=INFY/part-080416_244418-035279.parquet,real_data_sample\l2_unseen_validation\trade_date=2026-07-17\exchange=NSE\symbol=INFY\part-080416_244418-035279.parquet,35819,downloaded,35819,
2026-07-17,NSE,INFY,raw_l2/trade_date=2026-07-17/exchange=NSE/symbol=INFY/part-080432_221234-035311.parquet,real_data_sample\l2_unseen_validation\trade_date=2026-07-17\exchange=NSE\symbol=INFY\part-080432_221234-035311.parquet,35726,downloaded,35726,
2026-07-17,NSE,INFY,raw_l2/trade_date=2026-07-17/exchange=NSE/symbol=INFY/part-080447_668362-035343.parquet,real_data_sample\l2_unseen_validation\trade_date=2026-07-17\exchange=NSE\symbol=INFY\part-080447_668362-035343.parquet,36163,downloaded,36163,
2026-07-17,NSE,INFY,raw_l2/trade_date=2026-07-17/exchange=NSE/symbol=INFY/part-080532_012395-035439.parquet,real_data_sample\l2_unseen_validation\trade_date=2026-07-17\exchange=NSE\symbol=INFY\part-080532_012395-035439.parquet,36258,downloaded,36258,
2026-07-17,NSE,INFY,raw_l2/trade_date=2026-07-17/exchange=NSE/symbol=INFY/part-080546_220952-035471.parquet,real_data_sample\l2_unseen_validation\trade_date=2026-07-17\exchange=NSE\symbol=INFY\part-080546_220952-035471.parquet,35926,downloaded,35926,
2026-07-17,NSE,INFY,raw_l2/trade_date=2026-07-17/exchange=NSE/symbol=INFY/part-080600_234627-035503.parquet,real_data_sample\l2_unseen_validation\trade_date=2026-07-17\exchange=NSE\symbol=INFY\part-080600_234627-035503.parquet,35963,downloaded,35963,
2026-07-17,NSE,INFY,raw_l2/trade_date=2026-07-17/exchange=NSE/symbol=INFY/part-080614_472369-035535.parquet,real_data_sample\l2_unseen_validation\trade_date=2026-07-17\exchange=NSE\symbol=INFY\part-080614_472369-035535.parquet,35886,downloaded,35886,
2026-07-17,NSE,INFY,raw_l2/trade_date=2026-07-17/exchange=NSE/symbol=INFY/part-080657_671788-035631.parquet,real_data_sample\l2_unseen_validation\trade_date=2026-07-17\exchange=NSE\symbol=INFY\part-080657_671788-035631.parquet,36012,downloaded,36012,
2026-07-17,NSE,INFY,raw_l2/trade_date=2026-07-17/exchange=NSE/symbol=INFY/part-080741_240561-035727.parquet,real_data_sample\l2_unseen_validation\trade_date=2026-07-17\exchange=NSE\symbol=INFY\part-080741_240561-035727.parquet,36216,downloaded,36216,
2026-07-17,NSE,INFY,raw_l2/trade_date=2026-07-17/exchange=NSE/symbol=INFY/part-080628_822361-035567.parquet,real_data_sample\l2_unseen_validation\trade_date=2026-07-17\exchange=NSE\symbol=INFY\part-080628_822361-035567.parquet,35652,downloaded,35652,
2026-07-17,NSE,INFY,raw_l2/trade_date=2026-07-17/exchange=NSE/symbol=INFY/part-080643_459250-035599.parquet,real_data_sample\l2_unseen_validation\trade_date=2026-07-17\exchange=NSE\symbol=INFY\part-080643_459250-035599.parquet,35854,downloaded,35854,
2026-07-17,NSE,INFY,raw_l2/trade_date=2026-07-17/exchange=NSE/symbol=INFY/part-080756_081007-035759.parquet,real_data_sample\l2_unseen_validation\trade_date=2026-07-17\exchange=NSE\symbol=INFY\part-080756_081007-035759.parquet,35507,downloaded,35507,
2026-07-17,NSE,INFY,raw_l2/trade_date=2026-07-17/exchange=NSE/symbol=INFY/part-080712_521913-035663.parquet,real_data_sample\l2_unseen_validation\trade_date=2026-07-17\exchange=NSE\symbol=INFY\part-080712_521913-035663.parquet,36201,downloaded,36201,
2026-07-17,NSE,INFY,raw_l2/trade_date=2026-07-17/exchange=NSE/symbol=INFY/part-080726_726410-035695.parquet,real_data_sample\l2_unseen_validation\trade_date=2026-07-17\exchange=NSE\symbol=INFY\part-080726_726410-035695.parquet,36671,downloaded,36671,
2026-07-17,NSE,INFY,raw_l2/trade_date=2026-07-17/exchange=NSE/symbol=INFY/part-080825_091417-035823.parquet,real_data_sample\l2_unseen_validation\trade_date=2026-07-17\exchange=NSE\symbol=INFY\part-080825_091417-035823.parquet,35606,downloaded,35606,
2026-07-17,NSE,INFY,raw_l2/trade_date=2026-07-17/exchange=NSE/symbol=INFY/part-080839_815558-035855.parquet,real_data_sample\l2_unseen_validation\trade_date=2026-07-17\exchange=NSE\symbol=INFY\part-080839_815558-035855.parquet,36164,downloaded,36164,
2026-07-17,NSE,INFY,raw_l2/trade_date=2026-07-17/exchange=NSE/symbol=INFY/part-080810_829158-035791.parquet,real_data_sample\l2_unseen_validation\trade_date=2026-07-17\exchange=NSE\symbol=INFY\part-080810_829158-035791.parquet,35933,downloaded,35933,
2026-07-17,NSE,INFY,raw_l2/trade_date=2026-07-17/exchange=NSE/symbol=INFY/part-080854_459560-035887.parquet,real_data_sample\l2_unseen_validation\trade_date=2026-07-17\exchange=NSE\symbol=INFY\part-080854_459560-035887.parquet,36101,downloaded,36101,
2026-07-17,NSE,INFY,raw_l2/trade_date=2026-07-17/exchange=NSE/symbol=INFY/part-080953_189511-036015.parquet,real_data_sample\l2_unseen_validation\trade_date=2026-07-17\exchange=NSE\symbol=INFY\part-080953_189511-036015.parquet,35825,downloaded,35825,
2026-07-17,NSE,INFY,raw_l2/trade_date=2026-07-17/exchange=NSE/symbol=INFY/part-080923_925128-035951.parquet,real_data_sample\l2_unseen_validation\trade_date=2026-07-17\exchange=NSE\symbol=INFY\part-080923_925128-035951.parquet,36399,downloaded,36399,
2026-07-17,NSE,INFY,raw_l2/trade_date=2026-07-17/exchange=NSE/symbol=INFY/part-080938_645015-035983.parquet,real_data_sample\l2_unseen_validation\trade_date=2026-07-17\exchange=NSE\symbol=INFY\part-080938_645015-035983.parquet,36396,downloaded,36396,
2026-07-17,NSE,INFY,raw_l2/trade_date=2026-07-17/exchange=NSE/symbol=INFY/part-081008_028863-036047.parquet,real_data_sample\l2_unseen_validation\trade_date=2026-07-17\exchange=NSE\symbol=INFY\part-081008_028863-036047.parquet,35536,downloaded,35536,
2026-07-17,NSE,INFY,raw_l2/trade_date=2026-07-17/exchange=NSE/symbol=INFY/part-080909_013741-035919.parquet,real_data_sample\l2_unseen_validation\trade_date=2026-07-17\exchange=NSE\symbol=INFY\part-080909_013741-035919.parquet,36144,downloaded,36144,
2026-07-17,NSE,INFY,raw_l2/trade_date=2026-07-17/exchange=NSE/symbol=INFY/part-081023_164843-036079.parquet,real_data_sample\l2_unseen_validation\trade_date=2026-07-17\exchange=NSE\symbol=INFY\part-081023_164843-036079.parquet,36070,downloaded,36070,
2026-07-17,NSE,INFY,raw_l2/trade_date=2026-07-17/exchange=NSE/symbol=INFY/part-081037_965532-036111.parquet,real_data_sample\l2_unseen_validation\trade_date=2026-07-17\exchange=NSE\symbol=INFY\part-081037_965532-036111.parquet,36184,downloaded,36184,
2026-07-17,NSE,INFY,raw_l2/trade_date=2026-07-17/exchange=NSE/symbol=INFY/part-081106_295260-036175.parquet,real_data_sample\l2_unseen_validation\trade_date=2026-07-17\exchange=NSE\symbol=INFY\part-081106_295260-036175.parquet,36299,downloaded,36299,
2026-07-17,NSE,INFY,raw_l2/trade_date=2026-07-17/exchange=NSE/symbol=INFY/part-081052_156719-036143.parquet,real_data_sample\l2_unseen_validation\trade_date=2026-07-17\exchange=NSE\symbol=INFY\part-081052_156719-036143.parquet,36407,downloaded,36407,
2026-07-17,NSE,INFY,raw_l2/trade_date=2026-07-17/exchange=NSE/symbol=INFY/part-075206_956376-033647.parquet,real_data_sample\l2_unseen_validation\trade_date=2026-07-17\exchange=NSE\symbol=INFY\part-075206_956376-033647.parquet,36236,downloaded,36236,
2026-07-17,NSE,INFY,raw_l2/trade_date=2026-07-17/exchange=NSE/symbol=INFY/part-081134_414988-036239.parquet,real_data_sample\l2_unseen_validation\trade_date=2026-07-17\exchange=NSE\symbol=INFY\part-081134_414988-036239.parquet,36251,downloaded,36251,
2026-07-17,NSE,INFY,raw_l2/trade_date=2026-07-17/exchange=NSE/symbol=INFY/part-081120_466410-036207.parquet,real_data_sample\l2_unseen_validation\trade_date=2026-07-17\exchange=NSE\symbol=INFY\part-081120_466410-036207.parquet,35995,downloaded,35995,
2026-07-17,NSE,INFY,raw_l2/trade_date=2026-07-17/exchange=NSE/symbol=INFY/part-081148_635984-036271.parquet,real_data_sample\l2_unseen_validation\trade_date=2026-07-17\exchange=NSE\symbol=INFY\part-081148_635984-036271.parquet,36164,downloaded,36164,
2026-07-17,NSE,INFY,raw_l2/trade_date=2026-07-17/exchange=NSE/symbol=INFY/part-081202_784356-036303.parquet,real_data_sample\l2_unseen_validation\trade_date=2026-07-17\exchange=NSE\symbol=INFY\part-081202_784356-036303.parquet,36049,downloaded,36049,
2026-07-17,NSE,INFY,raw_l2/trade_date=2026-07-17/exchange=NSE/symbol=INFY/part-075801_326711-034447.parquet,real_data_sample\l2_unseen_validation\trade_date=2026-07-17\exchange=NSE\symbol=INFY\part-075801_326711-034447.parquet,35773,downloaded,35773,
2026-07-17,NSE,INFY,raw_l2/trade_date=2026-07-17/exchange=NSE/symbol=INFY/part-081216_920377-036335.parquet,real_data_sample\l2_unseen_validation\trade_date=2026-07-17\exchange=NSE\symbol=INFY\part-081216_920377-036335.parquet,36426,downloaded,36426,
2026-07-17,NSE,INFY,raw_l2/trade_date=2026-07-17/exchange=NSE/symbol=INFY/part-081231_129163-036367.parquet,real_data_sample\l2_unseen_validation\trade_date=2026-07-17\exchange=NSE\symbol=INFY\part-081231_129163-036367.parquet,35989,downloaded,35989,
2026-07-17,NSE,INFY,raw_l2/trade_date=2026-07-17/exchange=NSE/symbol=INFY/part-081245_543797-036399.parquet,real_data_sample\l2_unseen_validation\trade_date=2026-07-17\exchange=NSE\symbol=INFY\part-081245_543797-036399.parquet,36053,downloaded,36053,
2026-07-17,NSE,INFY,raw_l2/trade_date=2026-07-17/exchange=NSE/symbol=INFY/part-081300_102102-036431.parquet,real_data_sample\l2_unseen_validation\trade_date=2026-07-17\exchange=NSE\symbol=INFY\part-081300_102102-036431.parquet,35792,downloaded,35792,
2026-07-17,NSE,INFY,raw_l2/trade_date=2026-07-17/exchange=NSE/symbol=INFY/part-075830_250848-034511.parquet,real_data_sample\l2_unseen_validation\trade_date=2026-07-17\exchange=NSE\symbol=INFY\part-075830_250848-034511.parquet,36303,downloaded,36303,
2026-07-17,NSE,INFY,raw_l2/trade_date=2026-07-17/exchange=NSE/symbol=INFY/part-081329_024357-036495.parquet,real_data_sample\l2_unseen_validation\trade_date=2026-07-17\exchange=NSE\symbol=INFY\part-081329_024357-036495.parquet,35826,downloaded,35826,
2026-07-17,NSE,INFY,raw_l2/trade_date=2026-07-17/exchange=NSE/symbol=INFY/part-075552_984668-034159.parquet,real_data_sample\l2_unseen_validation\trade_date=2026-07-17\exchange=NSE\symbol=INFY\part-075552_984668-034159.parquet,35410,downloaded,35410,
2026-07-17,NSE,INFY,raw_l2/trade_date=2026-07-17/exchange=NSE/symbol=INFY/part-075525_008418-034095.parquet,real_data_sample\l2_unseen_validation\trade_date=2026-07-17\exchange=NSE\symbol=INFY\part-075525_008418-034095.parquet,35934,downloaded,35934,
2026-07-17,NSE,INFY,raw_l2/trade_date=2026-07-17/exchange=NSE/symbol=INFY/part-081314_818621-036463.parquet,real_data_sample\l2_unseen_validation\trade_date=2026-07-17\exchange=NSE\symbol=INFY\part-081314_818621-036463.parquet,35964,downloaded,35964,
2026-07-17,NSE,INFY,raw_l2/trade_date=2026-07-17/exchange=NSE/symbol=INFY/part-075704_044178-034319.parquet,real_data_sample\l2_unseen_validation\trade_date=2026-07-17\exchange=NSE\symbol=INFY\part-075704_044178-034319.parquet,35909,downloaded,35909,
2026-07-17,NSE,INFY,raw_l2/trade_date=2026-07-17/exchange=NSE/symbol=INFY/part-075815_992599-034479.parquet,real_data_sample\l2_unseen_validation\trade_date=2026-07-17\exchange=NSE\symbol=INFY\part-075815_992599-034479.parquet,36387,downloaded,36387,
2026-07-17,NSE,INFY,raw_l2/trade_date=2026-07-17/exchange=NSE/symbol=INFY/part-075428_432595-033967.parquet,real_data_sample\l2_unseen_validation\trade_date=2026-07-17\exchange=NSE\symbol=INFY\part-075428_432595-033967.parquet,36430,downloaded,36430,
2026-07-17,NSE,INFY,raw_l2/trade_date=2026-07-17/exchange=NSE/symbol=INFY/part-075927_357215-034639.parquet,real_data_sample\l2_unseen_validation\trade_date=2026-07-17\exchange=NSE\symbol=INFY\part-075927_357215-034639.parquet,36177,downloaded,36177,
2026-07-17,NSE,INFY,raw_l2/trade_date=2026-07-17/exchange=NSE/symbol=INFY/part-075635_535045-034255.parquet,real_data_sample\l2_unseen_validation\trade_date=2026-07-17\exchange=NSE\symbol=INFY\part-075635_535045-034255.parquet,35841,downloaded,35841,
2026-07-17,NSE,INFY,raw_l2/trade_date=2026-07-17/exchange=NSE/symbol=INFY/part-075941_634067-034671.parquet,real_data_sample\l2_unseen_validation\trade_date=2026-07-17\exchange=NSE\symbol=INFY\part-075941_634067-034671.parquet,36080,downloaded,36080,
2026-07-17,NSE,INFY,raw_l2/trade_date=2026-07-17/exchange=NSE/symbol=INFY/part-075538_952291-034127.parquet,real_data_sample\l2_unseen_validation\trade_date=2026-07-17\exchange=NSE\symbol=INFY\part-075538_952291-034127.parquet,35575,downloaded,35575,
2026-07-17,NSE,INFY,raw_l2/trade_date=2026-07-17/exchange=NSE/symbol=INFY/part-081357_502645-036559.parquet,real_data_sample\l2_unseen_validation\trade_date=2026-07-17\exchange=NSE\symbol=INFY\part-081357_502645-036559.parquet,35831,downloaded,35831,
2026-07-17,NSE,INFY,raw_l2/trade_date=2026-07-17/exchange=NSE/symbol=INFY/part-075649_793990-034287.parquet,real_data_sample\l2_unseen_validation\trade_date=2026-07-17\exchange=NSE\symbol=INFY\part-075649_793990-034287.parquet,35886,downloaded,35886,
2026-07-17,NSE,INFY,raw_l2/trade_date=2026-07-17/exchange=NSE/symbol=INFY/part-081411_829419-036591.parquet,real_data_sample\l2_unseen_validation\trade_date=2026-07-17\exchange=NSE\symbol=INFY\part-081411_829419-036591.parquet,36141,downloaded,36141,
2026-07-17,NSE,INFY,raw_l2/trade_date=2026-07-17/exchange=NSE/symbol=INFY/part-075442_581267-033999.parquet,real_data_sample\l2_unseen_validation\trade_date=2026-07-17\exchange=NSE\symbol=INFY\part-075442_581267-033999.parquet,36055,downloaded,36055,
2026-07-17,NSE,INFY,raw_l2/trade_date=2026-07-17/exchange=NSE/symbol=INFY/part-075621_297949-034223.parquet,real_data_sample\l2_unseen_validation\trade_date=2026-07-17\exchange=NSE\symbol=INFY\part-075621_297949-034223.parquet,35876,downloaded,35876,
2026-07-17,NSE,INFY,raw_l2/trade_date=2026-07-17/exchange=NSE/symbol=INFY/part-081426_055657-036623.parquet,real_data_sample\l2_unseen_validation\trade_date=2026-07-17\exchange=NSE\symbol=INFY\part-081426_055657-036623.parquet,35764,downloaded,35764,
2026-07-17,NSE,INFY,raw_l2/trade_date=2026-07-17/exchange=NSE/symbol=INFY/part-075956_128026-034703.parquet,real_data_sample\l2_unseen_validation\trade_date=2026-07-17\exchange=NSE\symbol=INFY\part-075956_128026-034703.parquet,35895,downloaded,35895,
2026-07-17,NSE,INFY,raw_l2/trade_date=2026-07-17/exchange=NSE/symbol=INFY/part-081454_170302-036687.parquet,real_data_sample\l2_unseen_validation\trade_date=2026-07-17\exchange=NSE\symbol=INFY\part-081454_170302-036687.parquet,35619,downloaded,35619,
2026-07-17,NSE,INFY,raw_l2/trade_date=2026-07-17/exchange=NSE/symbol=INFY/part-075400_283050-033903.parquet,real_data_sample\l2_unseen_validation\trade_date=2026-07-17\exchange=NSE\symbol=INFY\part-075400_283050-033903.parquet,36278,downloaded,36278,
2026-07-17,NSE,INFY,raw_l2/trade_date=2026-07-17/exchange=NSE/symbol=INFY/part-075747_033837-034415.parquet,real_data_sample\l2_unseen_validation\trade_date=2026-07-17\exchange=NSE\symbol=INFY\part-075747_033837-034415.parquet,35729,downloaded,35729,
2026-07-17,NSE,INFY,raw_l2/trade_date=2026-07-17/exchange=NSE/symbol=INFY/part-075732_665121-034383.parquet,real_data_sample\l2_unseen_validation\trade_date=2026-07-17\exchange=NSE\symbol=INFY\part-075732_665121-034383.parquet,35917,downloaded,35917,
2026-07-17,NSE,INFY,raw_l2/trade_date=2026-07-17/exchange=NSE/symbol=INFY/part-075718_313134-034351.parquet,real_data_sample\l2_unseen_validation\trade_date=2026-07-17\exchange=NSE\symbol=INFY\part-075718_313134-034351.parquet,35489,downloaded,35489,
2026-07-17,NSE,INFY,raw_l2/trade_date=2026-07-17/exchange=NSE/symbol=INFY/part-081522_435536-036751.parquet,real_data_sample\l2_unseen_validation\trade_date=2026-07-17\exchange=NSE\symbol=INFY\part-081522_435536-036751.parquet,34854,downloaded,34854,
2026-07-17,NSE,INFY,raw_l2/trade_date=2026-07-17/exchange=NSE/symbol=INFY/part-081550_430650-036815.parquet,real_data_sample\l2_unseen_validation\trade_date=2026-07-17\exchange=NSE\symbol=INFY\part-081550_430650-036815.parquet,34859,downloaded,34859,
2026-07-17,NSE,INFY,raw_l2/trade_date=2026-07-17/exchange=NSE/symbol=INFY/part-075913_081565-034607.parquet,real_data_sample\l2_unseen_validation\trade_date=2026-07-17\exchange=NSE\symbol=INFY\part-075913_081565-034607.parquet,36559,downloaded,36559,
2026-07-17,NSE,INFY,raw_l2/trade_date=2026-07-17/exchange=NSE/symbol=INFY/part-081536_544862-036783.parquet,real_data_sample\l2_unseen_validation\trade_date=2026-07-17\exchange=NSE\symbol=INFY\part-081536_544862-036783.parquet,34682,downloaded,34682,
2026-07-17,NSE,INFY,raw_l2/trade_date=2026-07-17/exchange=NSE/symbol=INFY/part-081508_299184-036719.parquet,real_data_sample\l2_unseen_validation\trade_date=2026-07-17\exchange=NSE\symbol=INFY\part-081508_299184-036719.parquet,35580,downloaded,35580,
2026-07-17,NSE,INFY,raw_l2/trade_date=2026-07-17/exchange=NSE/symbol=INFY/part-081440_273042-036655.parquet,real_data_sample\l2_unseen_validation\trade_date=2026-07-17\exchange=NSE\symbol=INFY\part-081440_273042-036655.parquet,35888,downloaded,35888,
2026-07-17,NSE,INFY,raw_l2/trade_date=2026-07-17/exchange=NSE/symbol=INFY/part-081604_515964-036847.parquet,real_data_sample\l2_unseen_validation\trade_date=2026-07-17\exchange=NSE\symbol=INFY\part-081604_515964-036847.parquet,34975,downloaded,34975,
2026-07-17,NSE,INFY,raw_l2/trade_date=2026-07-17/exchange=NSE/symbol=INFY/part-081618_384336-036879.parquet,real_data_sample\l2_unseen_validation\trade_date=2026-07-17\exchange=NSE\symbol=INFY\part-081618_384336-036879.parquet,34645,downloaded,34645,
2026-07-17,NSE,INFY,raw_l2/trade_date=2026-07-17/exchange=NSE/symbol=INFY/part-075346_187175-033871.parquet,real_data_sample\l2_unseen_validation\trade_date=2026-07-17\exchange=NSE\symbol=INFY\part-075346_187175-033871.parquet,36437,downloaded,36437,
2026-07-17,NSE,INFY,raw_l2/trade_date=2026-07-17/exchange=NSE/symbol=INFY/part-081632_500931-036911.parquet,real_data_sample\l2_unseen_validation\trade_date=2026-07-17\exchange=NSE\symbol=INFY\part-081632_500931-036911.parquet,34969,downloaded,34969,
2026-07-17,NSE,INFY,raw_l2/trade_date=2026-07-17/exchange=NSE/symbol=INFY/part-081729_566244-037039.parquet,real_data_sample\l2_unseen_validation\trade_date=2026-07-17\exchange=NSE\symbol=INFY\part-081729_566244-037039.parquet,35729,downloaded,35729,
2026-07-17,NSE,INFY,raw_l2/trade_date=2026-07-17/exchange=NSE/symbol=INFY/part-081646_529437-036943.parquet,real_data_sample\l2_unseen_validation\trade_date=2026-07-17\exchange=NSE\symbol=INFY\part-081646_529437-036943.parquet,34797,downloaded,34797,
2026-07-17,NSE,INFY,raw_l2/trade_date=2026-07-17/exchange=NSE/symbol=INFY/part-081715_061990-037007.parquet,real_data_sample\l2_unseen_validation\trade_date=2026-07-17\exchange=NSE\symbol=INFY\part-081715_061990-037007.parquet,35206,downloaded,35206,
2026-07-17,NSE,INFY,raw_l2/trade_date=2026-07-17/exchange=NSE/symbol=INFY/part-081700_725769-036975.parquet,real_data_sample\l2_unseen_validation\trade_date=2026-07-17\exchange=NSE\symbol=INFY\part-081700_725769-036975.parquet,34910,downloaded,34910,
2026-07-17,NSE,INFY,raw_l2/trade_date=2026-07-17/exchange=NSE/symbol=INFY/part-081743_950255-037071.parquet,real_data_sample\l2_unseen_validation\trade_date=2026-07-17\exchange=NSE\symbol=INFY\part-081743_950255-037071.parquet,36176,downloaded,36176,
2026-07-17,NSE,INFY,raw_l2/trade_date=2026-07-17/exchange=NSE/symbol=INFY/part-081812_792639-037135.parquet,real_data_sample\l2_unseen_validation\trade_date=2026-07-17\exchange=NSE\symbol=INFY\part-081812_792639-037135.parquet,35685,downloaded,35685,
2026-07-17,NSE,INFY,raw_l2/trade_date=2026-07-17/exchange=NSE/symbol=INFY/part-081758_251544-037103.parquet,real_data_sample\l2_unseen_validation\trade_date=2026-07-17\exchange=NSE\symbol=INFY\part-081758_251544-037103.parquet,36554,downloaded,36554,
2026-07-17,NSE,INFY,raw_l2/trade_date=2026-07-17/exchange=NSE/symbol=INFY/part-081827_017395-037167.parquet,real_data_sample\l2_unseen_validation\trade_date=2026-07-17\exchange=NSE\symbol=INFY\part-081827_017395-037167.parquet,35933,downloaded,35933,
2026-07-17,NSE,INFY,raw_l2/trade_date=2026-07-17/exchange=NSE/symbol=INFY/part-081855_837216-037231.parquet,real_data_sample\l2_unseen_validation\trade_date=2026-07-17\exchange=NSE\symbol=INFY\part-081855_837216-037231.parquet,35784,downloaded,35784,
2026-07-17,NSE,INFY,raw_l2/trade_date=2026-07-17/exchange=NSE/symbol=INFY/part-081841_783143-037199.parquet,real_data_sample\l2_unseen_validation\trade_date=2026-07-17\exchange=NSE\symbol=INFY\part-081841_783143-037199.parquet,36040,downloaded,36040,
2026-07-17,NSE,INFY,raw_l2/trade_date=2026-07-17/exchange=NSE/symbol=INFY/part-081909_758681-037263.parquet,real_data_sample\l2_unseen_validation\trade_date=2026-07-17\exchange=NSE\symbol=INFY\part-081909_758681-037263.parquet,35610,downloaded,35610,
2026-07-17,NSE,INFY,raw_l2/trade_date=2026-07-17/exchange=NSE/symbol=INFY/part-081924_124503-037295.parquet,real_data_sample\l2_unseen_validation\trade_date=2026-07-17\exchange=NSE\symbol=INFY\part-081924_124503-037295.parquet,34927,downloaded,34927,
2026-07-17,NSE,INFY,raw_l2/trade_date=2026-07-17/exchange=NSE/symbol=INFY/part-082021_099346-037423.parquet,real_data_sample\l2_unseen_validation\trade_date=2026-07-17\exchange=NSE\symbol=INFY\part-082021_099346-037423.parquet,35638,downloaded,35638,
2026-07-17,NSE,INFY,raw_l2/trade_date=2026-07-17/exchange=NSE/symbol=INFY/part-082006_747355-037391.parquet,real_data_sample\l2_unseen_validation\trade_date=2026-07-17\exchange=NSE\symbol=INFY\part-082006_747355-037391.parquet,34852,downloaded,34852,
2026-07-17,NSE,INFY,raw_l2/trade_date=2026-07-17/exchange=NSE/symbol=INFY/part-082050_851668-037487.parquet,real_data_sample\l2_unseen_validation\trade_date=2026-07-17\exchange=NSE\symbol=INFY\part-082050_851668-037487.parquet,36040,downloaded,36040,
2026-07-17,NSE,INFY,raw_l2/trade_date=2026-07-17/exchange=NSE/symbol=INFY/part-082133_880796-037583.parquet,real_data_sample\l2_unseen_validation\trade_date=2026-07-17\exchange=NSE\symbol=INFY\part-082133_880796-037583.parquet,36330,downloaded,36330,
2026-07-17,NSE,INFY,raw_l2/trade_date=2026-07-17/exchange=NSE/symbol=INFY/part-082119_584112-037551.parquet,real_data_sample\l2_unseen_validation\trade_date=2026-07-17\exchange=NSE\symbol=INFY\part-082119_584112-037551.parquet,36174,downloaded,36174,
2026-07-17,NSE,INFY,raw_l2/trade_date=2026-07-17/exchange=NSE/symbol=INFY/part-082035_255794-037455.parquet,real_data_sample\l2_unseen_validation\trade_date=2026-07-17\exchange=NSE\symbol=INFY\part-082035_255794-037455.parquet,35607,downloaded,35607,
2026-07-17,NSE,INFY,raw_l2/trade_date=2026-07-17/exchange=NSE/symbol=INFY/part-082202_335299-037647.parquet,real_data_sample\l2_unseen_validation\trade_date=2026-07-17\exchange=NSE\symbol=INFY\part-082202_335299-037647.parquet,35835,downloaded,35835,
2026-07-17,NSE,INFY,raw_l2/trade_date=2026-07-17/exchange=NSE/symbol=INFY/part-082148_007920-037615.parquet,real_data_sample\l2_unseen_validation\trade_date=2026-07-17\exchange=NSE\symbol=INFY\part-082148_007920-037615.parquet,36649,downloaded,36649,
2026-07-17,NSE,INFY,raw_l2/trade_date=2026-07-17/exchange=NSE/symbol=INFY/part-082313_331525-037807.parquet,real_data_sample\l2_unseen_validation\trade_date=2026-07-17\exchange=NSE\symbol=INFY\part-082313_331525-037807.parquet,35746,downloaded,35746,
2026-07-17,NSE,INFY,raw_l2/trade_date=2026-07-17/exchange=NSE/symbol=INFY/part-082216_415651-037679.parquet,real_data_sample\l2_unseen_validation\trade_date=2026-07-17\exchange=NSE\symbol=INFY\part-082216_415651-037679.parquet,35762,downloaded,35762,
2026-07-17,NSE,INFY,raw_l2/trade_date=2026-07-17/exchange=NSE/symbol=INFY/part-082327_578539-037839.parquet,real_data_sample\l2_unseen_validation\trade_date=2026-07-17\exchange=NSE\symbol=INFY\part-082327_578539-037839.parquet,35654,downloaded,35654,
2026-07-17,NSE,INFY,raw_l2/trade_date=2026-07-17/exchange=NSE/symbol=INFY/part-081343_236160-036527.parquet,real_data_sample\l2_unseen_validation\trade_date=2026-07-17\exchange=NSE\symbol=INFY\part-081343_236160-036527.parquet,35692,downloaded,35692,
2026-07-17,NSE,INFY,raw_l2/trade_date=2026-07-17/exchange=NSE/symbol=INFY/part-082244_711228-037743.parquet,real_data_sample\l2_unseen_validation\trade_date=2026-07-17\exchange=NSE\symbol=INFY\part-082244_711228-037743.parquet,35868,downloaded,35868,
2026-07-17,NSE,INFY,raw_l2/trade_date=2026-07-17/exchange=NSE/symbol=INFY/part-082258_784499-037775.parquet,real_data_sample\l2_unseen_validation\trade_date=2026-07-17\exchange=NSE\symbol=INFY\part-082258_784499-037775.parquet,35816,downloaded,35816,
2026-07-17,NSE,INFY,raw_l2/trade_date=2026-07-17/exchange=NSE/symbol=INFY/part-082230_483428-037711.parquet,real_data_sample\l2_unseen_validation\trade_date=2026-07-17\exchange=NSE\symbol=INFY\part-082230_483428-037711.parquet,35869,downloaded,35869,
2026-07-17,NSE,INFY,raw_l2/trade_date=2026-07-17/exchange=NSE/symbol=INFY/part-082452_279272-038031.parquet,real_data_sample\l2_unseen_validation\trade_date=2026-07-17\exchange=NSE\symbol=INFY\part-082452_279272-038031.parquet,35503,downloaded,35503,
2026-07-17,NSE,INFY,raw_l2/trade_date=2026-07-17/exchange=NSE/symbol=INFY/part-082437_945457-037999.parquet,real_data_sample\l2_unseen_validation\trade_date=2026-07-17\exchange=NSE\symbol=INFY\part-082437_945457-037999.parquet,35265,downloaded,35265,
2026-07-17,NSE,INFY,raw_l2/trade_date=2026-07-17/exchange=NSE/symbol=INFY/part-082355_683668-037903.parquet,real_data_sample\l2_unseen_validation\trade_date=2026-07-17\exchange=NSE\symbol=INFY\part-082355_683668-037903.parquet,35977,downloaded,35977,
2026-07-17,NSE,INFY,raw_l2/trade_date=2026-07-17/exchange=NSE/symbol=INFY/part-082424_109924-037967.parquet,real_data_sample\l2_unseen_validation\trade_date=2026-07-17\exchange=NSE\symbol=INFY\part-082424_109924-037967.parquet,35789,downloaded,35789,
2026-07-17,NSE,INFY,raw_l2/trade_date=2026-07-17/exchange=NSE/symbol=INFY/part-082409_845951-037935.parquet,real_data_sample\l2_unseen_validation\trade_date=2026-07-17\exchange=NSE\symbol=INFY\part-082409_845951-037935.parquet,35874,downloaded,35874,
2026-07-17,NSE,INFY,raw_l2/trade_date=2026-07-17/exchange=NSE/symbol=INFY/part-082506_227778-038063.parquet,real_data_sample\l2_unseen_validation\trade_date=2026-07-17\exchange=NSE\symbol=INFY\part-082506_227778-038063.parquet,35585,downloaded,35585,
2026-07-17,NSE,INFY,raw_l2/trade_date=2026-07-17/exchange=NSE/symbol=INFY/part-081952_737979-037359.parquet,real_data_sample\l2_unseen_validation\trade_date=2026-07-17\exchange=NSE\symbol=INFY\part-081952_737979-037359.parquet,34973,downloaded,34973,
2026-07-17,NSE,INFY,raw_l2/trade_date=2026-07-17/exchange=NSE/symbol=INFY/part-082534_642061-038127.parquet,real_data_sample\l2_unseen_validation\trade_date=2026-07-17\exchange=NSE\symbol=INFY\part-082534_642061-038127.parquet,34802,downloaded,34802,
2026-07-17,NSE,INFY,raw_l2/trade_date=2026-07-17/exchange=NSE/symbol=INFY/part-082520_338056-038095.parquet,real_data_sample\l2_unseen_validation\trade_date=2026-07-17\exchange=NSE\symbol=INFY\part-082520_338056-038095.parquet,34837,downloaded,34837,
2026-07-17,NSE,INFY,raw_l2/trade_date=2026-07-17/exchange=NSE/symbol=INFY/part-082603_589168-038191.parquet,real_data_sample\l2_unseen_validation\trade_date=2026-07-17\exchange=NSE\symbol=INFY\part-082603_589168-038191.parquet,34966,downloaded,34966,
2026-07-17,NSE,INFY,raw_l2/trade_date=2026-07-17/exchange=NSE/symbol=INFY/part-082549_203676-038159.parquet,real_data_sample\l2_unseen_validation\trade_date=2026-07-17\exchange=NSE\symbol=INFY\part-082549_203676-038159.parquet,34910,downloaded,34910,
2026-07-17,NSE,INFY,raw_l2/trade_date=2026-07-17/exchange=NSE/symbol=INFY/part-081938_421059-037327.parquet,real_data_sample\l2_unseen_validation\trade_date=2026-07-17\exchange=NSE\symbol=INFY\part-081938_421059-037327.parquet,34857,downloaded,34857,
2026-07-17,NSE,INFY,raw_l2/trade_date=2026-07-17/exchange=NSE/symbol=INFY/part-082617_800378-038223.parquet,real_data_sample\l2_unseen_validation\trade_date=2026-07-17\exchange=NSE\symbol=INFY\part-082617_800378-038223.parquet,35199,downloaded,35199,
2026-07-17,NSE,INFY,raw_l2/trade_date=2026-07-17/exchange=NSE/symbol=INFY/part-082105_064773-037519.parquet,real_data_sample\l2_unseen_validation\trade_date=2026-07-17\exchange=NSE\symbol=INFY\part-082105_064773-037519.parquet,35848,downloaded,35848,
2026-07-17,NSE,INFY,raw_l2/trade_date=2026-07-17/exchange=NSE/symbol=INFY/part-082728_973146-038383.parquet,real_data_sample\l2_unseen_validation\trade_date=2026-07-17\exchange=NSE\symbol=INFY\part-082728_973146-038383.parquet,35848,downloaded,35848,
2026-07-17,NSE,INFY,raw_l2/trade_date=2026-07-17/exchange=NSE/symbol=INFY/part-082700_456148-038319.parquet,real_data_sample\l2_unseen_validation\trade_date=2026-07-17\exchange=NSE\symbol=INFY\part-082700_456148-038319.parquet,35722,downloaded,35722,
2026-07-17,NSE,INFY,raw_l2/trade_date=2026-07-17/exchange=NSE/symbol=INFY/part-082646_440619-038287.parquet,real_data_sample\l2_unseen_validation\trade_date=2026-07-17\exchange=NSE\symbol=INFY\part-082646_440619-038287.parquet,35727,downloaded,35727,
2026-07-17,NSE,INFY,raw_l2/trade_date=2026-07-17/exchange=NSE/symbol=INFY/part-082632_386371-038255.parquet,real_data_sample\l2_unseen_validation\trade_date=2026-07-17\exchange=NSE\symbol=INFY\part-082632_386371-038255.parquet,36056,downloaded,36056,
2026-07-17,NSE,INFY,raw_l2/trade_date=2026-07-17/exchange=NSE/symbol=INFY/part-082714_844321-038351.parquet,real_data_sample\l2_unseen_validation\trade_date=2026-07-17\exchange=NSE\symbol=INFY\part-082714_844321-038351.parquet,35117,downloaded,35117,
2026-07-17,NSE,INFY,raw_l2/trade_date=2026-07-17/exchange=NSE/symbol=INFY/part-082757_576814-038447.parquet,real_data_sample\l2_unseen_validation\trade_date=2026-07-17\exchange=NSE\symbol=INFY\part-082757_576814-038447.parquet,35749,downloaded,35749,
2026-07-17,NSE,INFY,raw_l2/trade_date=2026-07-17/exchange=NSE/symbol=INFY/part-082743_298431-038415.parquet,real_data_sample\l2_unseen_validation\trade_date=2026-07-17\exchange=NSE\symbol=INFY\part-082743_298431-038415.parquet,36020,downloaded,36020,
2026-07-17,NSE,INFY,raw_l2/trade_date=2026-07-17/exchange=NSE/symbol=INFY/part-082341_662686-037871.parquet,real_data_sample\l2_unseen_validation\trade_date=2026-07-17\exchange=NSE\symbol=INFY\part-082341_662686-037871.parquet,36024,downloaded,36024,
2026-07-17,NSE,INFY,raw_l2/trade_date=2026-07-17/exchange=NSE/symbol=INFY/part-082812_178130-038479.parquet,real_data_sample\l2_unseen_validation\trade_date=2026-07-17\exchange=NSE\symbol=INFY\part-082812_178130-038479.parquet,35619,downloaded,35619,
2026-07-17,NSE,INFY,raw_l2/trade_date=2026-07-17/exchange=NSE/symbol=INFY/part-082826_707836-038511.parquet,real_data_sample\l2_unseen_validation\trade_date=2026-07-17\exchange=NSE\symbol=INFY\part-082826_707836-038511.parquet,34644,downloaded,34644,
2026-07-17,NSE,INFY,raw_l2/trade_date=2026-07-17/exchange=NSE/symbol=INFY/part-083037_131573-038799.parquet,real_data_sample\l2_unseen_validation\trade_date=2026-07-17\exchange=NSE\symbol=INFY\part-083037_131573-038799.parquet,36002,downloaded,36002,
2026-07-17,NSE,INFY,raw_l2/trade_date=2026-07-17/exchange=NSE/symbol=INFY/part-083120_930219-038895.parquet,real_data_sample\l2_unseen_validation\trade_date=2026-07-17\exchange=NSE\symbol=INFY\part-083120_930219-038895.parquet,35623,downloaded,35623,
2026-07-17,NSE,INFY,raw_l2/trade_date=2026-07-17/exchange=NSE/symbol=INFY/part-082910_176719-038607.parquet,real_data_sample\l2_unseen_validation\trade_date=2026-07-17\exchange=NSE\symbol=INFY\part-082910_176719-038607.parquet,34862,downloaded,34862,
2026-07-17,NSE,INFY,raw_l2/trade_date=2026-07-17/exchange=NSE/symbol=INFY/part-082924_614248-038639.parquet,real_data_sample\l2_unseen_validation\trade_date=2026-07-17\exchange=NSE\symbol=INFY\part-082924_614248-038639.parquet,34873,downloaded,34873,
2026-07-17,NSE,INFY,raw_l2/trade_date=2026-07-17/exchange=NSE/symbol=INFY/part-083106_014634-038863.parquet,real_data_sample\l2_unseen_validation\trade_date=2026-07-17\exchange=NSE\symbol=INFY\part-083106_014634-038863.parquet,35955,downloaded,35955,
2026-07-17,NSE,INFY,raw_l2/trade_date=2026-07-17/exchange=NSE/symbol=INFY/part-083051_574283-038831.parquet,real_data_sample\l2_unseen_validation\trade_date=2026-07-17\exchange=NSE\symbol=INFY\part-083051_574283-038831.parquet,35999,downloaded,35999,
2026-07-17,NSE,INFY,raw_l2/trade_date=2026-07-17/exchange=NSE/symbol=INFY/part-082855_590370-038575.parquet,real_data_sample\l2_unseen_validation\trade_date=2026-07-17\exchange=NSE\symbol=INFY\part-082855_590370-038575.parquet,34796,downloaded,34796,
2026-07-17,NSE,INFY,raw_l2/trade_date=2026-07-17/exchange=NSE/symbol=INFY/part-082953_665105-038703.parquet,real_data_sample\l2_unseen_validation\trade_date=2026-07-17\exchange=NSE\symbol=INFY\part-082953_665105-038703.parquet,34927,downloaded,34927,
2026-07-17,NSE,INFY,raw_l2/trade_date=2026-07-17/exchange=NSE/symbol=INFY/part-083219_005654-039023.parquet,real_data_sample\l2_unseen_validation\trade_date=2026-07-17\exchange=NSE\symbol=INFY\part-083219_005654-039023.parquet,34966,downloaded,34966,
2026-07-17,NSE,INFY,raw_l2/trade_date=2026-07-17/exchange=NSE/symbol=INFY/part-082841_157992-038543.parquet,real_data_sample\l2_unseen_validation\trade_date=2026-07-17\exchange=NSE\symbol=INFY\part-082841_157992-038543.parquet,34638,downloaded,34638,
2026-07-17,NSE,INFY,raw_l2/trade_date=2026-07-17/exchange=NSE/symbol=INFY/part-083008_383702-038735.parquet,real_data_sample\l2_unseen_validation\trade_date=2026-07-17\exchange=NSE\symbol=INFY\part-083008_383702-038735.parquet,34729,downloaded,34729,
2026-07-17,NSE,INFY,raw_l2/trade_date=2026-07-17/exchange=NSE/symbol=INFY/part-083150_072199-038959.parquet,real_data_sample\l2_unseen_validation\trade_date=2026-07-17\exchange=NSE\symbol=INFY\part-083150_072199-038959.parquet,35817,downloaded,35817,
2026-07-17,NSE,INFY,raw_l2/trade_date=2026-07-17/exchange=NSE/symbol=INFY/part-083248_234319-039087.parquet,real_data_sample\l2_unseen_validation\trade_date=2026-07-17\exchange=NSE\symbol=INFY\part-083248_234319-039087.parquet,34794,downloaded,34794,
2026-07-17,NSE,INFY,raw_l2/trade_date=2026-07-17/exchange=NSE/symbol=INFY/part-083022_772101-038767.parquet,real_data_sample\l2_unseen_validation\trade_date=2026-07-17\exchange=NSE\symbol=INFY\part-083022_772101-038767.parquet,35450,downloaded,35450,
2026-07-17,NSE,INFY,raw_l2/trade_date=2026-07-17/exchange=NSE/symbol=INFY/part-083233_685010-039055.parquet,real_data_sample\l2_unseen_validation\trade_date=2026-07-17\exchange=NSE\symbol=INFY\part-083233_685010-039055.parquet,34735,downloaded,34735,
2026-07-17,NSE,INFY,raw_l2/trade_date=2026-07-17/exchange=NSE/symbol=INFY/part-083135_554522-038927.parquet,real_data_sample\l2_unseen_validation\trade_date=2026-07-17\exchange=NSE\symbol=INFY\part-083135_554522-038927.parquet,35873,downloaded,35873,
2026-07-17,NSE,INFY,raw_l2/trade_date=2026-07-17/exchange=NSE/symbol=INFY/part-083414_900858-039279.parquet,real_data_sample\l2_unseen_validation\trade_date=2026-07-17\exchange=NSE\symbol=INFY\part-083414_900858-039279.parquet,35613,downloaded,35613,
2026-07-17,NSE,INFY,raw_l2/trade_date=2026-07-17/exchange=NSE/symbol=INFY/part-083331_890130-039183.parquet,real_data_sample\l2_unseen_validation\trade_date=2026-07-17\exchange=NSE\symbol=INFY\part-083331_890130-039183.parquet,35783,downloaded,35783,
2026-07-17,NSE,INFY,raw_l2/trade_date=2026-07-17/exchange=NSE/symbol=INFY/part-083400_565968-039247.parquet,real_data_sample\l2_unseen_validation\trade_date=2026-07-17\exchange=NSE\symbol=INFY\part-083400_565968-039247.parquet,36028,downloaded,36028,
2026-07-17,NSE,INFY,raw_l2/trade_date=2026-07-17/exchange=NSE/symbol=INFY/part-083429_050377-039311.parquet,real_data_sample\l2_unseen_validation\trade_date=2026-07-17\exchange=NSE\symbol=INFY\part-083429_050377-039311.parquet,35876,downloaded,35876,
2026-07-17,NSE,INFY,raw_l2/trade_date=2026-07-17/exchange=NSE/symbol=INFY/part-083512_229315-039407.parquet,real_data_sample\l2_unseen_validation\trade_date=2026-07-17\exchange=NSE\symbol=INFY\part-083512_229315-039407.parquet,35666,downloaded,35666,
2026-07-17,NSE,INFY,raw_l2/trade_date=2026-07-17/exchange=NSE/symbol=INFY/part-083302_922015-039119.parquet,real_data_sample\l2_unseen_validation\trade_date=2026-07-17\exchange=NSE\symbol=INFY\part-083302_922015-039119.parquet,34916,downloaded,34916,
2026-07-17,NSE,INFY,raw_l2/trade_date=2026-07-17/exchange=NSE/symbol=INFY/part-083457_957575-039375.parquet,real_data_sample\l2_unseen_validation\trade_date=2026-07-17\exchange=NSE\symbol=INFY\part-083457_957575-039375.parquet,35821,downloaded,35821,
2026-07-17,NSE,INFY,raw_l2/trade_date=2026-07-17/exchange=NSE/symbol=INFY/part-083443_483809-039343.parquet,real_data_sample\l2_unseen_validation\trade_date=2026-07-17\exchange=NSE\symbol=INFY\part-083443_483809-039343.parquet,35460,downloaded,35460,
2026-07-17,NSE,INFY,raw_l2/trade_date=2026-07-17/exchange=NSE/symbol=INFY/part-083526_436499-039439.parquet,real_data_sample\l2_unseen_validation\trade_date=2026-07-17\exchange=NSE\symbol=INFY\part-083526_436499-039439.parquet,36145,downloaded,36145,
2026-07-17,NSE,INFY,raw_l2/trade_date=2026-07-17/exchange=NSE/symbol=INFY/part-083623_291728-039567.parquet,real_data_sample\l2_unseen_validation\trade_date=2026-07-17\exchange=NSE\symbol=INFY\part-083623_291728-039567.parquet,36486,downloaded,36486,
2026-07-17,NSE,INFY,raw_l2/trade_date=2026-07-17/exchange=NSE/symbol=INFY/part-083608_791673-039535.parquet,real_data_sample\l2_unseen_validation\trade_date=2026-07-17\exchange=NSE\symbol=INFY\part-083608_791673-039535.parquet,36017,downloaded,36017,
2026-07-17,NSE,INFY,raw_l2/trade_date=2026-07-17/exchange=NSE/symbol=INFY/part-083554_747504-039503.parquet,real_data_sample\l2_unseen_validation\trade_date=2026-07-17\exchange=NSE\symbol=INFY\part-083554_747504-039503.parquet,36029,downloaded,36029,
2026-07-17,NSE,INFY,raw_l2/trade_date=2026-07-17/exchange=NSE/symbol=INFY/part-082939_146267-038671.parquet,real_data_sample\l2_unseen_validation\trade_date=2026-07-17\exchange=NSE\symbol=INFY\part-082939_146267-038671.parquet,34919,downloaded,34919,
2026-07-17,NSE,INFY,raw_l2/trade_date=2026-07-17/exchange=NSE/symbol=INFY/part-083705_969758-039663.parquet,real_data_sample\l2_unseen_validation\trade_date=2026-07-17\exchange=NSE\symbol=INFY\part-083705_969758-039663.parquet,35615,downloaded,35615,
2026-07-17,NSE,INFY,raw_l2/trade_date=2026-07-17/exchange=NSE/symbol=INFY/part-083651_828156-039631.parquet,real_data_sample\l2_unseen_validation\trade_date=2026-07-17\exchange=NSE\symbol=INFY\part-083651_828156-039631.parquet,35842,downloaded,35842,
2026-07-17,NSE,INFY,raw_l2/trade_date=2026-07-17/exchange=NSE/symbol=INFY/part-083637_522310-039599.parquet,real_data_sample\l2_unseen_validation\trade_date=2026-07-17\exchange=NSE\symbol=INFY\part-083637_522310-039599.parquet,35744,downloaded,35744,
2026-07-17,NSE,INFY,raw_l2/trade_date=2026-07-17/exchange=NSE/symbol=INFY/part-083204_316698-038991.parquet,real_data_sample\l2_unseen_validation\trade_date=2026-07-17\exchange=NSE\symbol=INFY\part-083204_316698-038991.parquet,35444,downloaded,35444,
2026-07-17,NSE,INFY,raw_l2/trade_date=2026-07-17/exchange=NSE/symbol=INFY/part-083734_227573-039727.parquet,real_data_sample\l2_unseen_validation\trade_date=2026-07-17\exchange=NSE\symbol=INFY\part-083734_227573-039727.parquet,35464,downloaded,35464,
2026-07-17,NSE,INFY,raw_l2/trade_date=2026-07-17/exchange=NSE/symbol=INFY/part-083817_124383-039823.parquet,real_data_sample\l2_unseen_validation\trade_date=2026-07-17\exchange=NSE\symbol=INFY\part-083817_124383-039823.parquet,35883,downloaded,35883,
2026-07-17,NSE,INFY,raw_l2/trade_date=2026-07-17/exchange=NSE/symbol=INFY/part-083831_440025-039855.parquet,real_data_sample\l2_unseen_validation\trade_date=2026-07-17\exchange=NSE\symbol=INFY\part-083831_440025-039855.parquet,36119,downloaded,36119,
2026-07-17,NSE,INFY,raw_l2/trade_date=2026-07-17/exchange=NSE/symbol=INFY/part-083748_512699-039759.parquet,real_data_sample\l2_unseen_validation\trade_date=2026-07-17\exchange=NSE\symbol=INFY\part-083748_512699-039759.parquet,35692,downloaded,35692,
2026-07-17,NSE,INFY,raw_l2/trade_date=2026-07-17/exchange=NSE/symbol=INFY/part-083720_023174-039695.parquet,real_data_sample\l2_unseen_validation\trade_date=2026-07-17\exchange=NSE\symbol=INFY\part-083720_023174-039695.parquet,35264,downloaded,35264,
2026-07-17,NSE,INFY,raw_l2/trade_date=2026-07-17/exchange=NSE/symbol=INFY/part-083802_916588-039791.parquet,real_data_sample\l2_unseen_validation\trade_date=2026-07-17\exchange=NSE\symbol=INFY\part-083802_916588-039791.parquet,36133,downloaded,36133,
2026-07-17,NSE,INFY,raw_l2/trade_date=2026-07-17/exchange=NSE/symbol=INFY/part-083540_503699-039471.parquet,real_data_sample\l2_unseen_validation\trade_date=2026-07-17\exchange=NSE\symbol=INFY\part-083540_503699-039471.parquet,35619,downloaded,35619,
2026-07-17,NSE,INFY,raw_l2/trade_date=2026-07-17/exchange=NSE/symbol=INFY/part-084011_804736-040079.parquet,real_data_sample\l2_unseen_validation\trade_date=2026-07-17\exchange=NSE\symbol=INFY\part-084011_804736-040079.parquet,35914,downloaded,35914,
2026-07-17,NSE,INFY,raw_l2/trade_date=2026-07-17/exchange=NSE/symbol=INFY/part-084347_080717-040559.parquet,real_data_sample\l2_unseen_validation\trade_date=2026-07-17\exchange=NSE\symbol=INFY\part-084347_080717-040559.parquet,34876,downloaded,34876,
2026-07-17,NSE,INFY,raw_l2/trade_date=2026-07-17/exchange=NSE/symbol=INFY/part-084416_018781-040623.parquet,real_data_sample\l2_unseen_validation\trade_date=2026-07-17\exchange=NSE\symbol=INFY\part-084416_018781-040623.parquet,35024,downloaded,35024,
2026-07-17,NSE,INFY,raw_l2/trade_date=2026-07-17/exchange=NSE/symbol=INFY/part-084123_148607-040239.parquet,real_data_sample\l2_unseen_validation\trade_date=2026-07-17\exchange=NSE\symbol=INFY\part-084123_148607-040239.parquet,34793,downloaded,34793,
2026-07-17,NSE,INFY,raw_l2/trade_date=2026-07-17/exchange=NSE/symbol=INFY/part-083914_456610-039951.parquet,real_data_sample\l2_unseen_validation\trade_date=2026-07-17\exchange=NSE\symbol=INFY\part-083914_456610-039951.parquet,36019,downloaded,36019,
2026-07-17,NSE,INFY,raw_l2/trade_date=2026-07-17/exchange=NSE/symbol=INFY/part-084249_534459-040431.parquet,real_data_sample\l2_unseen_validation\trade_date=2026-07-17\exchange=NSE\symbol=INFY\part-084249_534459-040431.parquet,35694,downloaded,35694,
2026-07-17,NSE,INFY,raw_l2/trade_date=2026-07-17/exchange=NSE/symbol=INFY/part-083943_117241-040015.parquet,real_data_sample\l2_unseen_validation\trade_date=2026-07-17\exchange=NSE\symbol=INFY\part-083943_117241-040015.parquet,35780,downloaded,35780,
2026-07-17,NSE,INFY,raw_l2/trade_date=2026-07-17/exchange=NSE/symbol=INFY/part-084054_936743-040175.parquet,real_data_sample\l2_unseen_validation\trade_date=2026-07-17\exchange=NSE\symbol=INFY\part-084054_936743-040175.parquet,35266,downloaded,35266,
2026-07-17,NSE,INFY,raw_l2/trade_date=2026-07-17/exchange=NSE/symbol=INFY/part-084444_782478-040687.parquet,real_data_sample\l2_unseen_validation\trade_date=2026-07-17\exchange=NSE\symbol=INFY\part-084444_782478-040687.parquet,35784,downloaded,35784,
2026-07-17,NSE,INFY,raw_l2/trade_date=2026-07-17/exchange=NSE/symbol=INFY/part-084430_475176-040655.parquet,real_data_sample\l2_unseen_validation\trade_date=2026-07-17\exchange=NSE\symbol=INFY\part-084430_475176-040655.parquet,35447,downloaded,35447,
2026-07-17,NSE,INFY,raw_l2/trade_date=2026-07-17/exchange=NSE/symbol=INFY/part-083957_391384-040047.parquet,real_data_sample\l2_unseen_validation\trade_date=2026-07-17\exchange=NSE\symbol=INFY\part-083957_391384-040047.parquet,35991,downloaded,35991,
2026-07-17,NSE,INFY,raw_l2/trade_date=2026-07-17/exchange=NSE/symbol=INFY/part-083900_096419-039919.parquet,real_data_sample\l2_unseen_validation\trade_date=2026-07-17\exchange=NSE\symbol=INFY\part-083900_096419-039919.parquet,36158,downloaded,36158,
2026-07-17,NSE,INFY,raw_l2/trade_date=2026-07-17/exchange=NSE/symbol=INFY/part-084025_993454-040111.parquet,real_data_sample\l2_unseen_validation\trade_date=2026-07-17\exchange=NSE\symbol=INFY\part-084025_993454-040111.parquet,35566,downloaded,35566,
2026-07-17,NSE,INFY,raw_l2/trade_date=2026-07-17/exchange=NSE/symbol=INFY/part-084318_243660-040495.parquet,real_data_sample\l2_unseen_validation\trade_date=2026-07-17\exchange=NSE\symbol=INFY\part-084318_243660-040495.parquet,35467,downloaded,35467,
2026-07-17,NSE,INFY,raw_l2/trade_date=2026-07-17/exchange=NSE/symbol=INFY/part-084108_963911-040207.parquet,real_data_sample\l2_unseen_validation\trade_date=2026-07-17\exchange=NSE\symbol=INFY\part-084108_963911-040207.parquet,35247,downloaded,35247,
2026-07-17,NSE,INFY,raw_l2/trade_date=2026-07-17/exchange=NSE/symbol=INFY/part-084513_679315-040751.parquet,real_data_sample\l2_unseen_validation\trade_date=2026-07-17\exchange=NSE\symbol=INFY\part-084513_679315-040751.parquet,35476,downloaded,35476,
2026-07-17,NSE,INFY,raw_l2/trade_date=2026-07-17/exchange=NSE/symbol=INFY/part-084040_359097-040143.parquet,real_data_sample\l2_unseen_validation\trade_date=2026-07-17\exchange=NSE\symbol=INFY\part-084040_359097-040143.parquet,35568,downloaded,35568,
2026-07-17,NSE,INFY,raw_l2/trade_date=2026-07-17/exchange=NSE/symbol=INFY/part-083928_861936-039983.parquet,real_data_sample\l2_unseen_validation\trade_date=2026-07-17\exchange=NSE\symbol=INFY\part-083928_861936-039983.parquet,35580,downloaded,35580,
2026-07-17,NSE,INFY,raw_l2/trade_date=2026-07-17/exchange=NSE/symbol=INFY/part-084332_654400-040527.parquet,real_data_sample\l2_unseen_validation\trade_date=2026-07-17\exchange=NSE\symbol=INFY\part-084332_654400-040527.parquet,34940,downloaded,34940,
2026-07-17,NSE,INFY,raw_l2/trade_date=2026-07-17/exchange=NSE/symbol=INFY/part-083845_719716-039887.parquet,real_data_sample\l2_unseen_validation\trade_date=2026-07-17\exchange=NSE\symbol=INFY\part-083845_719716-039887.parquet,36194,downloaded,36194,
2026-07-17,NSE,INFY,raw_l2/trade_date=2026-07-17/exchange=NSE/symbol=INFY/part-084459_225497-040719.parquet,real_data_sample\l2_unseen_validation\trade_date=2026-07-17\exchange=NSE\symbol=INFY\part-084459_225497-040719.parquet,36060,downloaded,36060,
2026-07-17,NSE,INFY,raw_l2/trade_date=2026-07-17/exchange=NSE/symbol=INFY/part-084220_843963-040367.parquet,real_data_sample\l2_unseen_validation\trade_date=2026-07-17\exchange=NSE\symbol=INFY\part-084220_843963-040367.parquet,35431,downloaded,35431,
2026-07-17,NSE,INFY,raw_l2/trade_date=2026-07-17/exchange=NSE/symbol=INFY/part-084528_130089-040783.parquet,real_data_sample\l2_unseen_validation\trade_date=2026-07-17\exchange=NSE\symbol=INFY\part-084528_130089-040783.parquet,34827,downloaded,34827,
2026-07-17,NSE,INFY,raw_l2/trade_date=2026-07-17/exchange=NSE/symbol=INFY/part-084152_021676-040303.parquet,real_data_sample\l2_unseen_validation\trade_date=2026-07-17\exchange=NSE\symbol=INFY\part-084152_021676-040303.parquet,34835,downloaded,34835,
2026-07-17,NSE,INFY,raw_l2/trade_date=2026-07-17/exchange=NSE/symbol=INFY/part-084235_101439-040399.parquet,real_data_sample\l2_unseen_validation\trade_date=2026-07-17\exchange=NSE\symbol=INFY\part-084235_101439-040399.parquet,35597,downloaded,35597,
2026-07-17,NSE,INFY,raw_l2/trade_date=2026-07-17/exchange=NSE/symbol=INFY/part-084137_608438-040271.parquet,real_data_sample\l2_unseen_validation\trade_date=2026-07-17\exchange=NSE\symbol=INFY\part-084137_608438-040271.parquet,34720,downloaded,34720,
2026-07-17,NSE,INFY,raw_l2/trade_date=2026-07-17/exchange=NSE/symbol=INFY/part-084206_311901-040335.parquet,real_data_sample\l2_unseen_validation\trade_date=2026-07-17\exchange=NSE\symbol=INFY\part-084206_311901-040335.parquet,34772,downloaded,34772,
2026-07-17,NSE,INFY,raw_l2/trade_date=2026-07-17/exchange=NSE/symbol=INFY/part-083317_554225-039151.parquet,real_data_sample\l2_unseen_validation\trade_date=2026-07-17\exchange=NSE\symbol=INFY\part-083317_554225-039151.parquet,35358,downloaded,35358,
2026-07-17,NSE,INFY,raw_l2/trade_date=2026-07-17/exchange=NSE/symbol=INFY/part-083346_057037-039215.parquet,real_data_sample\l2_unseen_validation\trade_date=2026-07-17\exchange=NSE\symbol=INFY\part-083346_057037-039215.parquet,35546,downloaded,35546,
2026-07-17,NSE,INFY,raw_l2/trade_date=2026-07-17/exchange=NSE/symbol=INFY/part-084401_672600-040591.parquet,real_data_sample\l2_unseen_validation\trade_date=2026-07-17\exchange=NSE\symbol=INFY\part-084401_672600-040591.parquet,34808,downloaded,34808,
2026-07-17,NSE,INFY,raw_l2/trade_date=2026-07-17/exchange=NSE/symbol=INFY/part-084556_773091-040847.parquet,real_data_sample\l2_unseen_validation\trade_date=2026-07-17\exchange=NSE\symbol=INFY\part-084556_773091-040847.parquet,34649,downloaded,34649,
2026-07-17,NSE,INFY,raw_l2/trade_date=2026-07-17/exchange=NSE/symbol=INFY/part-084848_382733-041231.parquet,real_data_sample\l2_unseen_validation\trade_date=2026-07-17\exchange=NSE\symbol=INFY\part-084848_382733-041231.parquet,35696,downloaded,35696,
2026-07-17,NSE,INFY,raw_l2/trade_date=2026-07-17/exchange=NSE/symbol=INFY/part-084805_299118-041135.parquet,real_data_sample\l2_unseen_validation\trade_date=2026-07-17\exchange=NSE\symbol=INFY\part-084805_299118-041135.parquet,35883,downloaded,35883,
2026-07-17,NSE,INFY,raw_l2/trade_date=2026-07-17/exchange=NSE/symbol=INFY/part-084542_558773-040815.parquet,real_data_sample\l2_unseen_validation\trade_date=2026-07-17\exchange=NSE\symbol=INFY\part-084542_558773-040815.parquet,34733,downloaded,34733,
2026-07-17,NSE,INFY,raw_l2/trade_date=2026-07-17/exchange=NSE/symbol=INFY/part-084654_102323-040975.parquet,real_data_sample\l2_unseen_validation\trade_date=2026-07-17\exchange=NSE\symbol=INFY\part-084654_102323-040975.parquet,36166,downloaded,36166,
2026-07-17,NSE,INFY,raw_l2/trade_date=2026-07-17/exchange=NSE/symbol=INFY/part-084932_045060-041327.parquet,real_data_sample\l2_unseen_validation\trade_date=2026-07-17\exchange=NSE\symbol=INFY\part-084932_045060-041327.parquet,34805,downloaded,34805,
2026-07-17,NSE,INFY,raw_l2/trade_date=2026-07-17/exchange=NSE/symbol=INFY/part-084819_573515-041167.parquet,real_data_sample\l2_unseen_validation\trade_date=2026-07-17\exchange=NSE\symbol=INFY\part-084819_573515-041167.parquet,36090,downloaded,36090,
2026-07-17,NSE,INFY,raw_l2/trade_date=2026-07-17/exchange=NSE/symbol=INFY/part-084902_884451-041263.parquet,real_data_sample\l2_unseen_validation\trade_date=2026-07-17\exchange=NSE\symbol=INFY\part-084902_884451-041263.parquet,36003,downloaded,36003,
2026-07-17,NSE,INFY,raw_l2/trade_date=2026-07-17/exchange=NSE/symbol=INFY/part-084722_511032-041039.parquet,real_data_sample\l2_unseen_validation\trade_date=2026-07-17\exchange=NSE\symbol=INFY\part-084722_511032-041039.parquet,35988,downloaded,35988,
2026-07-17,NSE,INFY,raw_l2/trade_date=2026-07-17/exchange=NSE/symbol=INFY/part-084303_786316-040463.parquet,real_data_sample\l2_unseen_validation\trade_date=2026-07-17\exchange=NSE\symbol=INFY\part-084303_786316-040463.parquet,35555,downloaded,35555,
2026-07-17,NSE,INFY,raw_l2/trade_date=2026-07-17/exchange=NSE/symbol=INFY/part-084625_504084-040911.parquet,real_data_sample\l2_unseen_validation\trade_date=2026-07-17\exchange=NSE\symbol=INFY\part-084625_504084-040911.parquet,36616,downloaded,36616,
2026-07-17,NSE,INFY,raw_l2/trade_date=2026-07-17/exchange=NSE/symbol=INFY/part-084751_058385-041103.parquet,real_data_sample\l2_unseen_validation\trade_date=2026-07-17\exchange=NSE\symbol=INFY\part-084751_058385-041103.parquet,36264,downloaded,36264,
2026-07-17,NSE,INFY,raw_l2/trade_date=2026-07-17/exchange=NSE/symbol=INFY/part-084639_845571-040943.parquet,real_data_sample\l2_unseen_validation\trade_date=2026-07-17\exchange=NSE\symbol=INFY\part-084639_845571-040943.parquet,36105,downloaded,36105,
2026-07-17,NSE,INFY,raw_l2/trade_date=2026-07-17/exchange=NSE/symbol=INFY/part-084736_708629-041071.parquet,real_data_sample\l2_unseen_validation\trade_date=2026-07-17\exchange=NSE\symbol=INFY\part-084736_708629-041071.parquet,35838,downloaded,35838,
2026-07-17,NSE,INFY,raw_l2/trade_date=2026-07-17/exchange=NSE/symbol=INFY/part-084917_651747-041295.parquet,real_data_sample\l2_unseen_validation\trade_date=2026-07-17\exchange=NSE\symbol=INFY\part-084917_651747-041295.parquet,35297,downloaded,35297,
2026-07-17,NSE,INFY,raw_l2/trade_date=2026-07-17/exchange=NSE/symbol=INFY/part-084833_906452-041199.parquet,real_data_sample\l2_unseen_validation\trade_date=2026-07-17\exchange=NSE\symbol=INFY\part-084833_906452-041199.parquet,35810,downloaded,35810,
2026-07-17,NSE,INFY,raw_l2/trade_date=2026-07-17/exchange=NSE/symbol=INFY/part-084708_270960-041007.parquet,real_data_sample\l2_unseen_validation\trade_date=2026-07-17\exchange=NSE\symbol=INFY\part-084708_270960-041007.parquet,35465,downloaded,35465,
2026-07-17,NSE,INFY,raw_l2/trade_date=2026-07-17/exchange=NSE/symbol=INFY/part-085015_633294-041423.parquet,real_data_sample\l2_unseen_validation\trade_date=2026-07-17\exchange=NSE\symbol=INFY\part-085015_633294-041423.parquet,34571,downloaded,34571,
2026-07-17,NSE,INFY,raw_l2/trade_date=2026-07-17/exchange=NSE/symbol=INFY/part-084611_289220-040879.parquet,real_data_sample\l2_unseen_validation\trade_date=2026-07-17\exchange=NSE\symbol=INFY\part-084611_289220-040879.parquet,34377,downloaded,34377,
2026-07-17,NSE,INFY,raw_l2/trade_date=2026-07-17/exchange=NSE/symbol=INFY/part-085142_241893-041615.parquet,real_data_sample\l2_unseen_validation\trade_date=2026-07-17\exchange=NSE\symbol=INFY\part-085142_241893-041615.parquet,35990,downloaded,35990,
2026-07-17,NSE,INFY,raw_l2/trade_date=2026-07-17/exchange=NSE/symbol=INFY/part-084946_645132-041359.parquet,real_data_sample\l2_unseen_validation\trade_date=2026-07-17\exchange=NSE\symbol=INFY\part-084946_645132-041359.parquet,34598,downloaded,34598,
2026-07-17,NSE,INFY,raw_l2/trade_date=2026-07-17/exchange=NSE/symbol=INFY/part-085156_662089-041647.parquet,real_data_sample\l2_unseen_validation\trade_date=2026-07-17\exchange=NSE\symbol=INFY\part-085156_662089-041647.parquet,35543,downloaded,35543,
2026-07-17,NSE,INFY,raw_l2/trade_date=2026-07-17/exchange=NSE/symbol=INFY/part-085211_382055-041679.parquet,real_data_sample\l2_unseen_validation\trade_date=2026-07-17\exchange=NSE\symbol=INFY\part-085211_382055-041679.parquet,35857,downloaded,35857,
2026-07-17,NSE,INFY,raw_l2/trade_date=2026-07-17/exchange=NSE/symbol=INFY/part-085058_592887-041519.parquet,real_data_sample\l2_unseen_validation\trade_date=2026-07-17\exchange=NSE\symbol=INFY\part-085058_592887-041519.parquet,34758,downloaded,34758,
2026-07-17,NSE,INFY,raw_l2/trade_date=2026-07-17/exchange=NSE/symbol=INFY/part-085044_130698-041487.parquet,real_data_sample\l2_unseen_validation\trade_date=2026-07-17\exchange=NSE\symbol=INFY\part-085044_130698-041487.parquet,34625,downloaded,34625,
2026-07-17,NSE,INFY,raw_l2/trade_date=2026-07-17/exchange=NSE/symbol=INFY/part-085029_934791-041455.parquet,real_data_sample\l2_unseen_validation\trade_date=2026-07-17\exchange=NSE\symbol=INFY\part-085029_934791-041455.parquet,34763,downloaded,34763,
2026-07-17,NSE,INFY,raw_l2/trade_date=2026-07-17/exchange=NSE/symbol=INFY/part-085113_501134-041551.parquet,real_data_sample\l2_unseen_validation\trade_date=2026-07-17\exchange=NSE\symbol=INFY\part-085113_501134-041551.parquet,35121,downloaded,35121,
2026-07-17,NSE,INFY,raw_l2/trade_date=2026-07-17/exchange=NSE/symbol=INFY/part-085127_849891-041583.parquet,real_data_sample\l2_unseen_validation\trade_date=2026-07-17\exchange=NSE\symbol=INFY\part-085127_849891-041583.parquet,36129,downloaded,36129,
2026-07-17,NSE,INFY,raw_l2/trade_date=2026-07-17/exchange=NSE/symbol=INFY/part-085001_187367-041391.parquet,real_data_sample\l2_unseen_validation\trade_date=2026-07-17\exchange=NSE\symbol=INFY\part-085001_187367-041391.parquet,34869,downloaded,34869,
2026-07-17,NSE,INFY,raw_l2/trade_date=2026-07-17/exchange=NSE/symbol=INFY/part-085255_559950-041775.parquet,real_data_sample\l2_unseen_validation\trade_date=2026-07-17\exchange=NSE\symbol=INFY\part-085255_559950-041775.parquet,34719,downloaded,34719,
2026-07-17,NSE,INFY,raw_l2/trade_date=2026-07-17/exchange=NSE/symbol=INFY/part-085325_625217-041839.parquet,real_data_sample\l2_unseen_validation\trade_date=2026-07-17\exchange=NSE\symbol=INFY\part-085325_625217-041839.parquet,35650,downloaded,35650,
2026-07-17,NSE,INFY,raw_l2/trade_date=2026-07-17/exchange=NSE/symbol=INFY/part-085310_477982-041807.parquet,real_data_sample\l2_unseen_validation\trade_date=2026-07-17\exchange=NSE\symbol=INFY\part-085310_477982-041807.parquet,34570,downloaded,34570,
2026-07-17,NSE,INFY,raw_l2/trade_date=2026-07-17/exchange=NSE/symbol=INFY/part-085340_610468-041871.parquet,real_data_sample\l2_unseen_validation\trade_date=2026-07-17\exchange=NSE\symbol=INFY\part-085340_610468-041871.parquet,36000,downloaded,36000,
2026-07-17,NSE,INFY,raw_l2/trade_date=2026-07-17/exchange=NSE/symbol=INFY/part-085534_742050-042127.parquet,real_data_sample\l2_unseen_validation\trade_date=2026-07-17\exchange=NSE\symbol=INFY\part-085534_742050-042127.parquet,35844,downloaded,35844,
2026-07-17,NSE,INFY,raw_l2/trade_date=2026-07-17/exchange=NSE/symbol=INFY/part-085909_587699-042607.parquet,real_data_sample\l2_unseen_validation\trade_date=2026-07-17\exchange=NSE\symbol=INFY\part-085909_587699-042607.parquet,36571,downloaded,36571,
2026-07-17,NSE,INFY,raw_l2/trade_date=2026-07-17/exchange=NSE/symbol=INFY/part-085953_780934-042703.parquet,real_data_sample\l2_unseen_validation\trade_date=2026-07-17\exchange=NSE\symbol=INFY\part-085953_780934-042703.parquet,36386,downloaded,36386,
2026-07-17,NSE,INFY,raw_l2/trade_date=2026-07-17/exchange=NSE/symbol=INFY/part-085924_286062-042639.parquet,real_data_sample\l2_unseen_validation\trade_date=2026-07-17\exchange=NSE\symbol=INFY\part-085924_286062-042639.parquet,36313,downloaded,36313,
2026-07-17,NSE,INFY,raw_l2/trade_date=2026-07-17/exchange=NSE/symbol=INFY/part-085423_234402-041967.parquet,real_data_sample\l2_unseen_validation\trade_date=2026-07-17\exchange=NSE\symbol=INFY\part-085423_234402-041967.parquet,34739,downloaded,34739,
2026-07-17,NSE,INFY,raw_l2/trade_date=2026-07-17/exchange=NSE/symbol=INFY/part-090036_969079-042799.parquet,real_data_sample\l2_unseen_validation\trade_date=2026-07-17\exchange=NSE\symbol=INFY\part-090036_969079-042799.parquet,36410,downloaded,36410,
2026-07-17,NSE,INFY,raw_l2/trade_date=2026-07-17/exchange=NSE/symbol=INFY/part-090022_599509-042767.parquet,real_data_sample\l2_unseen_validation\trade_date=2026-07-17\exchange=NSE\symbol=INFY\part-090022_599509-042767.parquet,35833,downloaded,35833,
2026-07-17,NSE,INFY,raw_l2/trade_date=2026-07-17/exchange=NSE/symbol=INFY/part-085354_796792-041903.parquet,real_data_sample\l2_unseen_validation\trade_date=2026-07-17\exchange=NSE\symbol=INFY\part-085354_796792-041903.parquet,35814,downloaded,35814,
2026-07-17,NSE,INFY,raw_l2/trade_date=2026-07-17/exchange=NSE/symbol=INFY/part-090051_537724-042831.parquet,real_data_sample\l2_unseen_validation\trade_date=2026-07-17\exchange=NSE\symbol=INFY\part-090051_537724-042831.parquet,36270,downloaded,36270,
2026-07-17,NSE,INFY,raw_l2/trade_date=2026-07-17/exchange=NSE/symbol=INFY/part-090008_260600-042735.parquet,real_data_sample\l2_unseen_validation\trade_date=2026-07-17\exchange=NSE\symbol=INFY\part-090008_260600-042735.parquet,36461,downloaded,36461,
2026-07-17,NSE,INFY,raw_l2/trade_date=2026-07-17/exchange=NSE/symbol=INFY/part-090203_825713-042991.parquet,real_data_sample\l2_unseen_validation\trade_date=2026-07-17\exchange=NSE\symbol=INFY\part-090203_825713-042991.parquet,35926,downloaded,35926,
2026-07-17,NSE,INFY,raw_l2/trade_date=2026-07-17/exchange=NSE/symbol=INFY/part-090106_167960-042863.parquet,real_data_sample\l2_unseen_validation\trade_date=2026-07-17\exchange=NSE\symbol=INFY\part-090106_167960-042863.parquet,36217,downloaded,36217,
2026-07-17,NSE,INFY,raw_l2/trade_date=2026-07-17/exchange=NSE/symbol=INFY/part-090120_740520-042895.parquet,real_data_sample\l2_unseen_validation\trade_date=2026-07-17\exchange=NSE\symbol=INFY\part-090120_740520-042895.parquet,36418,downloaded,36418,
2026-07-17,NSE,INFY,raw_l2/trade_date=2026-07-17/exchange=NSE/symbol=INFY/part-090149_571248-042959.parquet,real_data_sample\l2_unseen_validation\trade_date=2026-07-17\exchange=NSE\symbol=INFY\part-090149_571248-042959.parquet,36059,downloaded,36059,
2026-07-17,NSE,INFY,raw_l2/trade_date=2026-07-17/exchange=NSE/symbol=INFY/part-090217_982103-043023.parquet,real_data_sample\l2_unseen_validation\trade_date=2026-07-17\exchange=NSE\symbol=INFY\part-090217_982103-043023.parquet,35970,downloaded,35970,
2026-07-17,NSE,INFY,raw_l2/trade_date=2026-07-17/exchange=NSE/symbol=INFY/part-090135_152286-042927.parquet,real_data_sample\l2_unseen_validation\trade_date=2026-07-17\exchange=NSE\symbol=INFY\part-090135_152286-042927.parquet,36530,downloaded,36530,
2026-07-17,NSE,INFY,raw_l2/trade_date=2026-07-17/exchange=NSE/symbol=INFY/part-090232_370007-043055.parquet,real_data_sample\l2_unseen_validation\trade_date=2026-07-17\exchange=NSE\symbol=INFY\part-090232_370007-043055.parquet,35969,downloaded,35969,
2026-07-17,NSE,INFY,raw_l2/trade_date=2026-07-17/exchange=NSE/symbol=INFY/part-085240_659969-041743.parquet,real_data_sample\l2_unseen_validation\trade_date=2026-07-17\exchange=NSE\symbol=INFY\part-085240_659969-041743.parquet,34667,downloaded,34667,
2026-07-17,NSE,INFY,raw_l2/trade_date=2026-07-17/exchange=NSE/symbol=INFY/part-085226_040504-041711.parquet,real_data_sample\l2_unseen_validation\trade_date=2026-07-17\exchange=NSE\symbol=INFY\part-085226_040504-041711.parquet,34716,downloaded,34716,
2026-07-17,NSE,INFY,raw_l2/trade_date=2026-07-17/exchange=NSE/symbol=INFY/part-090428_376261-043311.parquet,real_data_sample\l2_unseen_validation\trade_date=2026-07-17\exchange=NSE\symbol=INFY\part-090428_376261-043311.parquet,36247,downloaded,36247,
2026-07-17,NSE,INFY,raw_l2/trade_date=2026-07-17/exchange=NSE/symbol=INFY/part-090301_230648-043119.parquet,real_data_sample\l2_unseen_validation\trade_date=2026-07-17\exchange=NSE\symbol=INFY\part-090301_230648-043119.parquet,35400,downloaded,35400,
2026-07-17,NSE,INFY,raw_l2/trade_date=2026-07-17/exchange=NSE/symbol=INFY/part-090345_095858-043215.parquet,real_data_sample\l2_unseen_validation\trade_date=2026-07-17\exchange=NSE\symbol=INFY\part-090345_095858-043215.parquet,35579,downloaded,35579,
2026-07-17,NSE,INFY,raw_l2/trade_date=2026-07-17/exchange=NSE/symbol=INFY/part-090315_662073-043151.parquet,real_data_sample\l2_unseen_validation\trade_date=2026-07-17\exchange=NSE\symbol=INFY\part-090315_662073-043151.parquet,35931,downloaded,35931,
2026-07-17,NSE,INFY,raw_l2/trade_date=2026-07-17/exchange=NSE/symbol=INFY/part-090330_205351-043183.parquet,real_data_sample\l2_unseen_validation\trade_date=2026-07-17\exchange=NSE\symbol=INFY\part-090330_205351-043183.parquet,36292,downloaded,36292,
2026-07-17,NSE,INFY,raw_l2/trade_date=2026-07-17/exchange=NSE/symbol=INFY/part-090443_198803-043343.parquet,real_data_sample\l2_unseen_validation\trade_date=2026-07-17\exchange=NSE\symbol=INFY\part-090443_198803-043343.parquet,36255,downloaded,36255,
2026-07-17,NSE,INFY,raw_l2/trade_date=2026-07-17/exchange=NSE/symbol=INFY/part-090457_955514-043375.parquet,real_data_sample\l2_unseen_validation\trade_date=2026-07-17\exchange=NSE\symbol=INFY\part-090457_955514-043375.parquet,35732,downloaded,35732,
2026-07-17,NSE,INFY,raw_l2/trade_date=2026-07-17/exchange=NSE/symbol=INFY/part-090414_006526-043279.parquet,real_data_sample\l2_unseen_validation\trade_date=2026-07-17\exchange=NSE\symbol=INFY\part-090414_006526-043279.parquet,35753,downloaded,35753,
2026-07-17,NSE,INFY,raw_l2/trade_date=2026-07-17/exchange=NSE/symbol=INFY/part-090359_806648-043247.parquet,real_data_sample\l2_unseen_validation\trade_date=2026-07-17\exchange=NSE\symbol=INFY\part-090359_806648-043247.parquet,35964,downloaded,35964,
2026-07-17,NSE,INFY,raw_l2/trade_date=2026-07-17/exchange=NSE/symbol=INFY/part-090246_854695-043087.parquet,real_data_sample\l2_unseen_validation\trade_date=2026-07-17\exchange=NSE\symbol=INFY\part-090246_854695-043087.parquet,35909,downloaded,35909,
2026-07-17,NSE,INFY,raw_l2/trade_date=2026-07-17/exchange=NSE/symbol=INFY/part-090541_504409-043471.parquet,real_data_sample\l2_unseen_validation\trade_date=2026-07-17\exchange=NSE\symbol=INFY\part-090541_504409-043471.parquet,36323,downloaded,36323,
2026-07-17,NSE,INFY,raw_l2/trade_date=2026-07-17/exchange=NSE/symbol=INFY/part-090639_035338-043599.parquet,real_data_sample\l2_unseen_validation\trade_date=2026-07-17\exchange=NSE\symbol=INFY\part-090639_035338-043599.parquet,36205,downloaded,36205,
2026-07-17,NSE,INFY,raw_l2/trade_date=2026-07-17/exchange=NSE/symbol=INFY/part-090610_078235-043535.parquet,real_data_sample\l2_unseen_validation\trade_date=2026-07-17\exchange=NSE\symbol=INFY\part-090610_078235-043535.parquet,35777,downloaded,35777,
2026-07-17,NSE,INFY,raw_l2/trade_date=2026-07-17/exchange=NSE/symbol=INFY/part-090555_769169-043503.parquet,real_data_sample\l2_unseen_validation\trade_date=2026-07-17\exchange=NSE\symbol=INFY\part-090555_769169-043503.parquet,36010,downloaded,36010,
2026-07-17,NSE,INFY,raw_l2/trade_date=2026-07-17/exchange=NSE/symbol=INFY/part-085631_570144-042255.parquet,real_data_sample\l2_unseen_validation\trade_date=2026-07-17\exchange=NSE\symbol=INFY\part-085631_570144-042255.parquet,36099,downloaded,36099,
2026-07-17,NSE,INFY,raw_l2/trade_date=2026-07-17/exchange=NSE/symbol=INFY/part-090624_634251-043567.parquet,real_data_sample\l2_unseen_validation\trade_date=2026-07-17\exchange=NSE\symbol=INFY\part-090624_634251-043567.parquet,36153,downloaded,36153,
2026-07-17,NSE,INFY,raw_l2/trade_date=2026-07-17/exchange=NSE/symbol=INFY/part-090708_125675-043663.parquet,real_data_sample\l2_unseen_validation\trade_date=2026-07-17\exchange=NSE\symbol=INFY\part-090708_125675-043663.parquet,35431,downloaded,35431,
2026-07-17,NSE,INFY,raw_l2/trade_date=2026-07-17/exchange=NSE/symbol=INFY/part-090653_618625-043631.parquet,real_data_sample\l2_unseen_validation\trade_date=2026-07-17\exchange=NSE\symbol=INFY\part-090653_618625-043631.parquet,35961,downloaded,35961,
2026-07-17,NSE,INFY,raw_l2/trade_date=2026-07-17/exchange=NSE/symbol=INFY/part-090722_545745-043695.parquet,real_data_sample\l2_unseen_validation\trade_date=2026-07-17\exchange=NSE\symbol=INFY\part-090722_545745-043695.parquet,35815,downloaded,35815,
2026-07-17,NSE,INFY,raw_l2/trade_date=2026-07-17/exchange=NSE/symbol=INFY/part-090512_739105-043407.parquet,real_data_sample\l2_unseen_validation\trade_date=2026-07-17\exchange=NSE\symbol=INFY\part-090512_739105-043407.parquet,35860,downloaded,35860,
2026-07-17,NSE,INFY,raw_l2/trade_date=2026-07-17/exchange=NSE/symbol=INFY/part-090736_776550-043727.parquet,real_data_sample\l2_unseen_validation\trade_date=2026-07-17\exchange=NSE\symbol=INFY\part-090736_776550-043727.parquet,35688,downloaded,35688,
2026-07-17,NSE,INFY,raw_l2/trade_date=2026-07-17/exchange=NSE/symbol=INFY/part-090849_653347-043887.parquet,real_data_sample\l2_unseen_validation\trade_date=2026-07-17\exchange=NSE\symbol=INFY\part-090849_653347-043887.parquet,35591,downloaded,35591,
2026-07-17,NSE,INFY,raw_l2/trade_date=2026-07-17/exchange=NSE/symbol=INFY/part-090835_015173-043855.parquet,real_data_sample\l2_unseen_validation\trade_date=2026-07-17\exchange=NSE\symbol=INFY\part-090835_015173-043855.parquet,36082,downloaded,36082,
2026-07-17,NSE,INFY,raw_l2/trade_date=2026-07-17/exchange=NSE/symbol=INFY/part-090934_165212-043983.parquet,real_data_sample\l2_unseen_validation\trade_date=2026-07-17\exchange=NSE\symbol=INFY\part-090934_165212-043983.parquet,36149,downloaded,36149,
2026-07-17,NSE,INFY,raw_l2/trade_date=2026-07-17/exchange=NSE/symbol=INFY/part-090949_415966-044015.parquet,real_data_sample\l2_unseen_validation\trade_date=2026-07-17\exchange=NSE\symbol=INFY\part-090949_415966-044015.parquet,36305,downloaded,36305,
2026-07-17,NSE,INFY,raw_l2/trade_date=2026-07-17/exchange=NSE/symbol=INFY/part-090805_978016-043791.parquet,real_data_sample\l2_unseen_validation\trade_date=2026-07-17\exchange=NSE\symbol=INFY\part-090805_978016-043791.parquet,36367,downloaded,36367,
2026-07-17,NSE,INFY,raw_l2/trade_date=2026-07-17/exchange=NSE/symbol=INFY/part-090820_341668-043823.parquet,real_data_sample\l2_unseen_validation\trade_date=2026-07-17\exchange=NSE\symbol=INFY\part-090820_341668-043823.parquet,36184,downloaded,36184,
2026-07-17,NSE,INFY,raw_l2/trade_date=2026-07-17/exchange=NSE/symbol=INFY/part-090919_503138-043951.parquet,real_data_sample\l2_unseen_validation\trade_date=2026-07-17\exchange=NSE\symbol=INFY\part-090919_503138-043951.parquet,35901,downloaded,35901,
2026-07-17,NSE,INFY,raw_l2/trade_date=2026-07-17/exchange=NSE/symbol=INFY/part-091004_790417-044047.parquet,real_data_sample\l2_unseen_validation\trade_date=2026-07-17\exchange=NSE\symbol=INFY\part-091004_790417-044047.parquet,35674,downloaded,35674,
2026-07-17,NSE,INFY,raw_l2/trade_date=2026-07-17/exchange=NSE/symbol=INFY/part-091033_797716-044111.parquet,real_data_sample\l2_unseen_validation\trade_date=2026-07-17\exchange=NSE\symbol=INFY\part-091033_797716-044111.parquet,36392,downloaded,36392,
2026-07-17,NSE,INFY,raw_l2/trade_date=2026-07-17/exchange=NSE/symbol=INFY/part-090751_061289-043759.parquet,real_data_sample\l2_unseen_validation\trade_date=2026-07-17\exchange=NSE\symbol=INFY\part-090751_061289-043759.parquet,36263,downloaded,36263,
2026-07-17,NSE,INFY,raw_l2/trade_date=2026-07-17/exchange=NSE/symbol=INFY/part-090904_499819-043919.parquet,real_data_sample\l2_unseen_validation\trade_date=2026-07-17\exchange=NSE\symbol=INFY\part-090904_499819-043919.parquet,35986,downloaded,35986,
2026-07-17,NSE,INFY,raw_l2/trade_date=2026-07-17/exchange=NSE/symbol=INFY/part-091048_449173-044143.parquet,real_data_sample\l2_unseen_validation\trade_date=2026-07-17\exchange=NSE\symbol=INFY\part-091048_449173-044143.parquet,36174,downloaded,36174,
2026-07-17,NSE,INFY,raw_l2/trade_date=2026-07-17/exchange=NSE/symbol=INFY/part-091019_104730-044079.parquet,real_data_sample\l2_unseen_validation\trade_date=2026-07-17\exchange=NSE\symbol=INFY\part-091019_104730-044079.parquet,36418,downloaded,36418,
2026-07-17,NSE,INFY,raw_l2/trade_date=2026-07-17/exchange=NSE/symbol=INFY/part-091132_744165-044239.parquet,real_data_sample\l2_unseen_validation\trade_date=2026-07-17\exchange=NSE\symbol=INFY\part-091132_744165-044239.parquet,35908,downloaded,35908,
2026-07-17,NSE,INFY,raw_l2/trade_date=2026-07-17/exchange=NSE/symbol=INFY/part-091201_691376-044303.parquet,real_data_sample\l2_unseen_validation\trade_date=2026-07-17\exchange=NSE\symbol=INFY\part-091201_691376-044303.parquet,35791,downloaded,35791,
2026-07-17,NSE,INFY,raw_l2/trade_date=2026-07-17/exchange=NSE/symbol=INFY/part-091216_693906-044335.parquet,real_data_sample\l2_unseen_validation\trade_date=2026-07-17\exchange=NSE\symbol=INFY\part-091216_693906-044335.parquet,35695,downloaded,35695,
2026-07-17,NSE,INFY,raw_l2/trade_date=2026-07-17/exchange=NSE/symbol=INFY/part-091117_761485-044207.parquet,real_data_sample\l2_unseen_validation\trade_date=2026-07-17\exchange=NSE\symbol=INFY\part-091117_761485-044207.parquet,36054,downloaded,36054,
2026-07-17,NSE,INFY,raw_l2/trade_date=2026-07-17/exchange=NSE/symbol=INFY/part-091103_102115-044175.parquet,real_data_sample\l2_unseen_validation\trade_date=2026-07-17\exchange=NSE\symbol=INFY\part-091103_102115-044175.parquet,35915,downloaded,35915,
2026-07-17,NSE,INFY,raw_l2/trade_date=2026-07-17/exchange=NSE/symbol=INFY/part-091247_125950-044399.parquet,real_data_sample\l2_unseen_validation\trade_date=2026-07-17\exchange=NSE\symbol=INFY\part-091247_125950-044399.parquet,34747,downloaded,34747,
2026-07-17,NSE,INFY,raw_l2/trade_date=2026-07-17/exchange=NSE/symbol=INFY/part-091232_188391-044367.parquet,real_data_sample\l2_unseen_validation\trade_date=2026-07-17\exchange=NSE\symbol=INFY\part-091232_188391-044367.parquet,34831,downloaded,34831,
2026-07-17,NSE,INFY,raw_l2/trade_date=2026-07-17/exchange=NSE/symbol=INFY/part-091316_177353-044463.parquet,real_data_sample\l2_unseen_validation\trade_date=2026-07-17\exchange=NSE\symbol=INFY\part-091316_177353-044463.parquet,34822,downloaded,34822,
2026-07-17,NSE,INFY,raw_l2/trade_date=2026-07-17/exchange=NSE/symbol=INFY/part-085714_329568-042351.parquet,real_data_sample\l2_unseen_validation\trade_date=2026-07-17\exchange=NSE\symbol=INFY\part-085714_329568-042351.parquet,35901,downloaded,35901,
2026-07-17,NSE,INFY,raw_l2/trade_date=2026-07-17/exchange=NSE/symbol=INFY/part-091301_451947-044431.parquet,real_data_sample\l2_unseen_validation\trade_date=2026-07-17\exchange=NSE\symbol=INFY\part-091301_451947-044431.parquet,34846,downloaded,34846,
2026-07-17,NSE,INFY,raw_l2/trade_date=2026-07-17/exchange=NSE/symbol=INFY/part-085645_842404-042287.parquet,real_data_sample\l2_unseen_validation\trade_date=2026-07-17\exchange=NSE\symbol=INFY\part-085645_842404-042287.parquet,35887,downloaded,35887,
2026-07-17,NSE,INFY,raw_l2/trade_date=2026-07-17/exchange=NSE/symbol=INFY/part-091330_587036-044495.parquet,real_data_sample\l2_unseen_validation\trade_date=2026-07-17\exchange=NSE\symbol=INFY\part-091330_587036-044495.parquet,34633,downloaded,34633,
2026-07-17,NSE,INFY,raw_l2/trade_date=2026-07-17/exchange=NSE/symbol=INFY/part-091457_134880-044687.parquet,real_data_sample\l2_unseen_validation\trade_date=2026-07-17\exchange=NSE\symbol=INFY\part-091457_134880-044687.parquet,34508,downloaded,34508,
2026-07-17,NSE,INFY,raw_l2/trade_date=2026-07-17/exchange=NSE/symbol=INFY/part-085855_122922-042575.parquet,real_data_sample\l2_unseen_validation\trade_date=2026-07-17\exchange=NSE\symbol=INFY\part-085855_122922-042575.parquet,36323,downloaded,36323,
2026-07-17,NSE,INFY,raw_l2/trade_date=2026-07-17/exchange=NSE/symbol=INFY/part-091428_373399-044623.parquet,real_data_sample\l2_unseen_validation\trade_date=2026-07-17\exchange=NSE\symbol=INFY\part-091428_373399-044623.parquet,34817,downloaded,34817,
2026-07-17,NSE,INFY,raw_l2/trade_date=2026-07-17/exchange=NSE/symbol=INFY/part-091442_833733-044655.parquet,real_data_sample\l2_unseen_validation\trade_date=2026-07-17\exchange=NSE\symbol=INFY\part-091442_833733-044655.parquet,34744,downloaded,34744,
2026-07-17,NSE,INFY,raw_l2/trade_date=2026-07-17/exchange=NSE/symbol=INFY/part-091414_035960-044591.parquet,real_data_sample\l2_unseen_validation\trade_date=2026-07-17\exchange=NSE\symbol=INFY\part-091414_035960-044591.parquet,34736,downloaded,34736,
2026-07-17,NSE,INFY,raw_l2/trade_date=2026-07-17/exchange=NSE/symbol=INFY/part-091540_149478-044783.parquet,real_data_sample\l2_unseen_validation\trade_date=2026-07-17\exchange=NSE\symbol=INFY\part-091540_149478-044783.parquet,36300,downloaded,36300,
2026-07-17,NSE,INFY,raw_l2/trade_date=2026-07-17/exchange=NSE/symbol=INFY/part-091359_626070-044559.parquet,real_data_sample\l2_unseen_validation\trade_date=2026-07-17\exchange=NSE\symbol=INFY\part-091359_626070-044559.parquet,34753,downloaded,34753,
2026-07-17,NSE,INFY,raw_l2/trade_date=2026-07-17/exchange=NSE/symbol=INFY/part-091511_631271-044719.parquet,real_data_sample\l2_unseen_validation\trade_date=2026-07-17\exchange=NSE\symbol=INFY\part-091511_631271-044719.parquet,34721,downloaded,34721,
2026-07-17,NSE,INFY,raw_l2/trade_date=2026-07-17/exchange=NSE/symbol=INFY/part-091525_795691-044751.parquet,real_data_sample\l2_unseen_validation\trade_date=2026-07-17\exchange=NSE\symbol=INFY\part-091525_795691-044751.parquet,36435,downloaded,36435,
2026-07-17,NSE,INFY,raw_l2/trade_date=2026-07-17/exchange=NSE/symbol=INFY/part-085840_636714-042543.parquet,real_data_sample\l2_unseen_validation\trade_date=2026-07-17\exchange=NSE\symbol=INFY\part-085840_636714-042543.parquet,36180,downloaded,36180,
2026-07-17,NSE,INFY,raw_l2/trade_date=2026-07-17/exchange=NSE/symbol=INFY/part-085437_617333-041999.parquet,real_data_sample\l2_unseen_validation\trade_date=2026-07-17\exchange=NSE\symbol=INFY\part-085437_617333-041999.parquet,34734,downloaded,34734,
2026-07-17,NSE,INFY,raw_l2/trade_date=2026-07-17/exchange=NSE/symbol=INFY/part-085728_448359-042383.parquet,real_data_sample\l2_unseen_validation\trade_date=2026-07-17\exchange=NSE\symbol=INFY\part-085728_448359-042383.parquet,35897,downloaded,35897,
2026-07-17,NSE,INFY,raw_l2/trade_date=2026-07-17/exchange=NSE/symbol=INFY/part-085409_065200-041935.parquet,real_data_sample\l2_unseen_validation\trade_date=2026-07-17\exchange=NSE\symbol=INFY\part-085409_065200-041935.parquet,35923,downloaded,35923,
2026-07-17,NSE,INFY,raw_l2/trade_date=2026-07-17/exchange=NSE/symbol=INFY/part-085506_424147-042063.parquet,real_data_sample\l2_unseen_validation\trade_date=2026-07-17\exchange=NSE\symbol=INFY\part-085506_424147-042063.parquet,34858,downloaded,34858,
2026-07-17,NSE,INFY,raw_l2/trade_date=2026-07-17/exchange=NSE/symbol=INFY/part-085603_210749-042191.parquet,real_data_sample\l2_unseen_validation\trade_date=2026-07-17\exchange=NSE\symbol=INFY\part-085603_210749-042191.parquet,35658,downloaded,35658,
2026-07-17,NSE,INFY,raw_l2/trade_date=2026-07-17/exchange=NSE/symbol=INFY/part-085757_371256-042447.parquet,real_data_sample\l2_unseen_validation\trade_date=2026-07-17\exchange=NSE\symbol=INFY\part-085757_371256-042447.parquet,35524,downloaded,35524,
2026-07-17,NSE,INFY,raw_l2/trade_date=2026-07-17/exchange=NSE/symbol=INFY/part-091720_699570-045007.parquet,real_data_sample\l2_unseen_validation\trade_date=2026-07-17\exchange=NSE\symbol=INFY\part-091720_699570-045007.parquet,35194,downloaded,35194,
2026-07-17,NSE,INFY,raw_l2/trade_date=2026-07-17/exchange=NSE/symbol=INFY/part-091638_031901-044911.parquet,real_data_sample\l2_unseen_validation\trade_date=2026-07-17\exchange=NSE\symbol=INFY\part-091638_031901-044911.parquet,36170,downloaded,36170,
2026-07-17,NSE,INFY,raw_l2/trade_date=2026-07-17/exchange=NSE/symbol=INFY/part-091652_254140-044943.parquet,real_data_sample\l2_unseen_validation\trade_date=2026-07-17\exchange=NSE\symbol=INFY\part-091652_254140-044943.parquet,36330,downloaded,36330,
2026-07-17,NSE,INFY,raw_l2/trade_date=2026-07-17/exchange=NSE/symbol=INFY/part-091345_022456-044527.parquet,real_data_sample\l2_unseen_validation\trade_date=2026-07-17\exchange=NSE\symbol=INFY\part-091345_022456-044527.parquet,34703,downloaded,34703,
2026-07-17,NSE,INFY,raw_l2/trade_date=2026-07-17/exchange=NSE/symbol=INFY/part-085826_162427-042511.parquet,real_data_sample\l2_unseen_validation\trade_date=2026-07-17\exchange=NSE\symbol=INFY\part-085826_162427-042511.parquet,36209,downloaded,36209,
2026-07-17,NSE,INFY,raw_l2/trade_date=2026-07-17/exchange=NSE/symbol=INFY/part-085520_566226-042095.parquet,real_data_sample\l2_unseen_validation\trade_date=2026-07-17\exchange=NSE\symbol=INFY\part-085520_566226-042095.parquet,35462,downloaded,35462,
2026-07-17,NSE,INFY,raw_l2/trade_date=2026-07-17/exchange=NSE/symbol=INFY/part-091734_877756-045039.parquet,real_data_sample\l2_unseen_validation\trade_date=2026-07-17\exchange=NSE\symbol=INFY\part-091734_877756-045039.parquet,34717,downloaded,34717,
2026-07-17,NSE,INFY,raw_l2/trade_date=2026-07-17/exchange=NSE/symbol=INFY/part-091803_246283-045103.parquet,real_data_sample\l2_unseen_validation\trade_date=2026-07-17\exchange=NSE\symbol=INFY\part-091803_246283-045103.parquet,34744,downloaded,34744,
2026-07-17,NSE,INFY,raw_l2/trade_date=2026-07-17/exchange=NSE/symbol=INFY/part-091749_019569-045071.parquet,real_data_sample\l2_unseen_validation\trade_date=2026-07-17\exchange=NSE\symbol=INFY\part-091749_019569-045071.parquet,34575,downloaded,34575,
2026-07-17,NSE,INFY,raw_l2/trade_date=2026-07-17/exchange=NSE/symbol=INFY/part-091706_532177-044975.parquet,real_data_sample\l2_unseen_validation\trade_date=2026-07-17\exchange=NSE\symbol=INFY\part-091706_532177-044975.parquet,36045,downloaded,36045,
2026-07-17,NSE,INFY,raw_l2/trade_date=2026-07-17/exchange=NSE/symbol=INFY/part-091817_839180-045135.parquet,real_data_sample\l2_unseen_validation\trade_date=2026-07-17\exchange=NSE\symbol=INFY\part-091817_839180-045135.parquet,35264,downloaded,35264,
2026-07-17,NSE,INFY,raw_l2/trade_date=2026-07-17/exchange=NSE/symbol=INFY/part-091832_195653-045167.parquet,real_data_sample\l2_unseen_validation\trade_date=2026-07-17\exchange=NSE\symbol=INFY\part-091832_195653-045167.parquet,35628,downloaded,35628,
2026-07-17,NSE,INFY,raw_l2/trade_date=2026-07-17/exchange=NSE/symbol=INFY/part-091846_587083-045199.parquet,real_data_sample\l2_unseen_validation\trade_date=2026-07-17\exchange=NSE\symbol=INFY\part-091846_587083-045199.parquet,35517,downloaded,35517,
2026-07-17,NSE,INFY,raw_l2/trade_date=2026-07-17/exchange=NSE/symbol=INFY/part-091554_669811-044815.parquet,real_data_sample\l2_unseen_validation\trade_date=2026-07-17\exchange=NSE\symbol=INFY\part-091554_669811-044815.parquet,36196,downloaded,36196,
2026-07-17,NSE,INFY,raw_l2/trade_date=2026-07-17/exchange=NSE/symbol=INFY/part-091900_961155-045231.parquet,real_data_sample\l2_unseen_validation\trade_date=2026-07-17\exchange=NSE\symbol=INFY\part-091900_961155-045231.parquet,35943,downloaded,35943,
2026-07-17,NSE,INFY,raw_l2/trade_date=2026-07-17/exchange=NSE/symbol=INFY/part-091915_620554-045263.parquet,real_data_sample\l2_unseen_validation\trade_date=2026-07-17\exchange=NSE\symbol=INFY\part-091915_620554-045263.parquet,35782,downloaded,35782,
2026-07-17,NSE,INFY,raw_l2/trade_date=2026-07-17/exchange=NSE/symbol=INFY/part-091623_902436-044879.parquet,real_data_sample\l2_unseen_validation\trade_date=2026-07-17\exchange=NSE\symbol=INFY\part-091623_902436-044879.parquet,36227,downloaded,36227,
2026-07-17,NSE,INFY,raw_l2/trade_date=2026-07-17/exchange=NSE/symbol=INFY/part-091609_349345-044847.parquet,real_data_sample\l2_unseen_validation\trade_date=2026-07-17\exchange=NSE\symbol=INFY\part-091609_349345-044847.parquet,36335,downloaded,36335,
2026-07-17,NSE,INFY,raw_l2/trade_date=2026-07-17/exchange=NSE/symbol=INFY/part-091944_160609-045327.parquet,real_data_sample\l2_unseen_validation\trade_date=2026-07-17\exchange=NSE\symbol=INFY\part-091944_160609-045327.parquet,34671,downloaded,34671,
2026-07-17,NSE,INFY,raw_l2/trade_date=2026-07-17/exchange=NSE/symbol=INFY/part-091958_290698-045359.parquet,real_data_sample\l2_unseen_validation\trade_date=2026-07-17\exchange=NSE\symbol=INFY\part-091958_290698-045359.parquet,34634,downloaded,34634,
2026-07-17,NSE,INFY,raw_l2/trade_date=2026-07-17/exchange=NSE/symbol=INFY/part-092055_582788-045487.parquet,real_data_sample\l2_unseen_validation\trade_date=2026-07-17\exchange=NSE\symbol=INFY\part-092055_582788-045487.parquet,36044,downloaded,36044,
2026-07-17,NSE,INFY,raw_l2/trade_date=2026-07-17/exchange=NSE/symbol=INFY/part-092041_259420-045455.parquet,real_data_sample\l2_unseen_validation\trade_date=2026-07-17\exchange=NSE\symbol=INFY\part-092041_259420-045455.parquet,35928,downloaded,35928,
2026-07-17,NSE,INFY,raw_l2/trade_date=2026-07-17/exchange=NSE/symbol=INFY/part-092207_532435-045647.parquet,real_data_sample\l2_unseen_validation\trade_date=2026-07-17\exchange=NSE\symbol=INFY\part-092207_532435-045647.parquet,34570,downloaded,34570,
2026-07-17,NSE,INFY,raw_l2/trade_date=2026-07-17/exchange=NSE/symbol=INFY/part-092110_026139-045519.parquet,real_data_sample\l2_unseen_validation\trade_date=2026-07-17\exchange=NSE\symbol=INFY\part-092110_026139-045519.parquet,35787,downloaded,35787,
2026-07-17,NSE,INFY,raw_l2/trade_date=2026-07-17/exchange=NSE/symbol=INFY/part-092138_796822-045583.parquet,real_data_sample\l2_unseen_validation\trade_date=2026-07-17\exchange=NSE\symbol=INFY\part-092138_796822-045583.parquet,34659,downloaded,34659,
2026-07-17,NSE,INFY,raw_l2/trade_date=2026-07-17/exchange=NSE/symbol=INFY/part-092236_126215-045711.parquet,real_data_sample\l2_unseen_validation\trade_date=2026-07-17\exchange=NSE\symbol=INFY\part-092236_126215-045711.parquet,35931,downloaded,35931,
2026-07-17,NSE,INFY,raw_l2/trade_date=2026-07-17/exchange=NSE/symbol=INFY/part-090527_081698-043439.parquet,real_data_sample\l2_unseen_validation\trade_date=2026-07-17\exchange=NSE\symbol=INFY\part-090527_081698-043439.parquet,36036,downloaded,36036,
2026-07-17,NSE,INFY,raw_l2/trade_date=2026-07-17/exchange=NSE/symbol=INFY/part-092304_835630-045775.parquet,real_data_sample\l2_unseen_validation\trade_date=2026-07-17\exchange=NSE\symbol=INFY\part-092304_835630-045775.parquet,35646,downloaded,35646,
2026-07-17,NSE,INFY,raw_l2/trade_date=2026-07-17/exchange=NSE/symbol=INFY/part-092221_821950-045679.parquet,real_data_sample\l2_unseen_validation\trade_date=2026-07-17\exchange=NSE\symbol=INFY\part-092221_821950-045679.parquet,35651,downloaded,35651,
2026-07-17,NSE,INFY,raw_l2/trade_date=2026-07-17/exchange=NSE/symbol=INFY/part-092250_560426-045743.parquet,real_data_sample\l2_unseen_validation\trade_date=2026-07-17\exchange=NSE\symbol=INFY\part-092250_560426-045743.parquet,35648,downloaded,35648,
2026-07-17,NSE,INFY,raw_l2/trade_date=2026-07-17/exchange=NSE/symbol=INFY/part-092319_569011-045807.parquet,real_data_sample\l2_unseen_validation\trade_date=2026-07-17\exchange=NSE\symbol=INFY\part-092319_569011-045807.parquet,34940,downloaded,34940,
2026-07-17,NSE,INFY,raw_l2/trade_date=2026-07-17/exchange=NSE/symbol=INFY/part-092334_259207-045839.parquet,real_data_sample\l2_unseen_validation\trade_date=2026-07-17\exchange=NSE\symbol=INFY\part-092334_259207-045839.parquet,34808,downloaded,34808,
2026-07-17,NSE,INFY,raw_l2/trade_date=2026-07-17/exchange=NSE/symbol=INFY/part-092348_609657-045871.parquet,real_data_sample\l2_unseen_validation\trade_date=2026-07-17\exchange=NSE\symbol=INFY\part-092348_609657-045871.parquet,34618,downloaded,34618,
2026-07-17,NSE,INFY,raw_l2/trade_date=2026-07-17/exchange=NSE/symbol=INFY/part-092417_629002-045935.parquet,real_data_sample\l2_unseen_validation\trade_date=2026-07-17\exchange=NSE\symbol=INFY\part-092417_629002-045935.parquet,35181,downloaded,35181,
2026-07-17,NSE,INFY,raw_l2/trade_date=2026-07-17/exchange=NSE/symbol=INFY/part-091929_827566-045295.parquet,real_data_sample\l2_unseen_validation\trade_date=2026-07-17\exchange=NSE\symbol=INFY\part-091929_827566-045295.parquet,34512,downloaded,34512,
2026-07-17,NSE,INFY,raw_l2/trade_date=2026-07-17/exchange=NSE/symbol=INFY/part-092446_496488-045999.parquet,real_data_sample\l2_unseen_validation\trade_date=2026-07-17\exchange=NSE\symbol=INFY\part-092446_496488-045999.parquet,36122,downloaded,36122,
2026-07-17,NSE,INFY,raw_l2/trade_date=2026-07-17/exchange=NSE/symbol=INFY/part-092402_934649-045903.parquet,real_data_sample\l2_unseen_validation\trade_date=2026-07-17\exchange=NSE\symbol=INFY\part-092402_934649-045903.parquet,34745,downloaded,34745,
2026-07-17,NSE,INFY,raw_l2/trade_date=2026-07-17/exchange=NSE/symbol=INFY/part-092515_833672-046063.parquet,real_data_sample\l2_unseen_validation\trade_date=2026-07-17\exchange=NSE\symbol=INFY\part-092515_833672-046063.parquet,36300,downloaded,36300,
2026-07-17,NSE,INFY,raw_l2/trade_date=2026-07-17/exchange=NSE/symbol=INFY/part-092501_115149-046031.parquet,real_data_sample\l2_unseen_validation\trade_date=2026-07-17\exchange=NSE\symbol=INFY\part-092501_115149-046031.parquet,36043,downloaded,36043,
2026-07-17,NSE,INFY,raw_l2/trade_date=2026-07-17/exchange=NSE/symbol=INFY/part-092012_681853-045391.parquet,real_data_sample\l2_unseen_validation\trade_date=2026-07-17\exchange=NSE\symbol=INFY\part-092012_681853-045391.parquet,34843,downloaded,34843,
2026-07-17,NSE,INFY,raw_l2/trade_date=2026-07-17/exchange=NSE/symbol=INFY/part-092530_322915-046095.parquet,real_data_sample\l2_unseen_validation\trade_date=2026-07-17\exchange=NSE\symbol=INFY\part-092530_322915-046095.parquet,36002,downloaded,36002,
2026-07-17,NSE,INFY,raw_l2/trade_date=2026-07-17/exchange=NSE/symbol=INFY/part-092614_330668-046191.parquet,real_data_sample\l2_unseen_validation\trade_date=2026-07-17\exchange=NSE\symbol=INFY\part-092614_330668-046191.parquet,36164,downloaded,36164,
2026-07-17,NSE,INFY,raw_l2/trade_date=2026-07-17/exchange=NSE/symbol=INFY/part-092027_050279-045423.parquet,real_data_sample\l2_unseen_validation\trade_date=2026-07-17\exchange=NSE\symbol=INFY\part-092027_050279-045423.parquet,36091,downloaded,36091,
2026-07-17,NSE,INFY,raw_l2/trade_date=2026-07-17/exchange=NSE/symbol=INFY/part-092544_953796-046127.parquet,real_data_sample\l2_unseen_validation\trade_date=2026-07-17\exchange=NSE\symbol=INFY\part-092544_953796-046127.parquet,36094,downloaded,36094,
2026-07-17,NSE,INFY,raw_l2/trade_date=2026-07-17/exchange=NSE/symbol=INFY/part-092644_029956-046255.parquet,real_data_sample\l2_unseen_validation\trade_date=2026-07-17\exchange=NSE\symbol=INFY\part-092644_029956-046255.parquet,35578,downloaded,35578,
2026-07-17,NSE,INFY,raw_l2/trade_date=2026-07-17/exchange=NSE/symbol=INFY/part-092559_605155-046159.parquet,real_data_sample\l2_unseen_validation\trade_date=2026-07-17\exchange=NSE\symbol=INFY\part-092559_605155-046159.parquet,35829,downloaded,35829,
2026-07-17,NSE,INFY,raw_l2/trade_date=2026-07-17/exchange=NSE/symbol=INFY/part-092124_340592-045551.parquet,real_data_sample\l2_unseen_validation\trade_date=2026-07-17\exchange=NSE\symbol=INFY\part-092124_340592-045551.parquet,34802,downloaded,34802,
2026-07-17,NSE,INFY,raw_l2/trade_date=2026-07-17/exchange=NSE/symbol=INFY/part-092824_619520-046479.parquet,real_data_sample\l2_unseen_validation\trade_date=2026-07-17\exchange=NSE\symbol=INFY\part-092824_619520-046479.parquet,35609,downloaded,35609,
2026-07-17,NSE,INFY,raw_l2/trade_date=2026-07-17/exchange=NSE/symbol=INFY/part-092741_435745-046383.parquet,real_data_sample\l2_unseen_validation\trade_date=2026-07-17\exchange=NSE\symbol=INFY\part-092741_435745-046383.parquet,35831,downloaded,35831,
2026-07-17,NSE,INFY,raw_l2/trade_date=2026-07-17/exchange=NSE/symbol=INFY/part-092432_305374-045967.parquet,real_data_sample\l2_unseen_validation\trade_date=2026-07-17\exchange=NSE\symbol=INFY\part-092432_305374-045967.parquet,35747,downloaded,35747,
2026-07-17,NSE,INFY,raw_l2/trade_date=2026-07-17/exchange=NSE/symbol=INFY/part-092628_900393-046223.parquet,real_data_sample\l2_unseen_validation\trade_date=2026-07-17\exchange=NSE\symbol=INFY\part-092628_900393-046223.parquet,36058,downloaded,36058,
2026-07-17,NSE,INFY,raw_l2/trade_date=2026-07-17/exchange=NSE/symbol=INFY/part-092755_850229-046415.parquet,real_data_sample\l2_unseen_validation\trade_date=2026-07-17\exchange=NSE\symbol=INFY\part-092755_850229-046415.parquet,35393,downloaded,35393,
2026-07-17,NSE,INFY,raw_l2/trade_date=2026-07-17/exchange=NSE/symbol=INFY/part-092839_161585-046511.parquet,real_data_sample\l2_unseen_validation\trade_date=2026-07-17\exchange=NSE\symbol=INFY\part-092839_161585-046511.parquet,35964,downloaded,35964,
2026-07-17,NSE,INFY,raw_l2/trade_date=2026-07-17/exchange=NSE/symbol=INFY/part-092726_875873-046351.parquet,real_data_sample\l2_unseen_validation\trade_date=2026-07-17\exchange=NSE\symbol=INFY\part-092726_875873-046351.parquet,35894,downloaded,35894,
2026-07-17,NSE,INFY,raw_l2/trade_date=2026-07-17/exchange=NSE/symbol=INFY/part-092712_587388-046319.parquet,real_data_sample\l2_unseen_validation\trade_date=2026-07-17\exchange=NSE\symbol=INFY\part-092712_587388-046319.parquet,36021,downloaded,36021,
2026-07-17,NSE,INFY,raw_l2/trade_date=2026-07-17/exchange=NSE/symbol=INFY/part-092810_189165-046447.parquet,real_data_sample\l2_unseen_validation\trade_date=2026-07-17\exchange=NSE\symbol=INFY\part-092810_189165-046447.parquet,35467,downloaded,35467,
2026-07-17,NSE,INFY,raw_l2/trade_date=2026-07-17/exchange=NSE/symbol=INFY/part-092908_217668-046575.parquet,real_data_sample\l2_unseen_validation\trade_date=2026-07-17\exchange=NSE\symbol=INFY\part-092908_217668-046575.parquet,36358,downloaded,36358,
2026-07-17,NSE,INFY,raw_l2/trade_date=2026-07-17/exchange=NSE/symbol=INFY/part-092922_901588-046607.parquet,real_data_sample\l2_unseen_validation\trade_date=2026-07-17\exchange=NSE\symbol=INFY\part-092922_901588-046607.parquet,34715,downloaded,34715,
2026-07-17,NSE,INFY,raw_l2/trade_date=2026-07-17/exchange=NSE/symbol=INFY/part-092952_114108-046671.parquet,real_data_sample\l2_unseen_validation\trade_date=2026-07-17\exchange=NSE\symbol=INFY\part-092952_114108-046671.parquet,34676,downloaded,34676,
2026-07-17,NSE,INFY,raw_l2/trade_date=2026-07-17/exchange=NSE/symbol=INFY/part-092937_374527-046639.parquet,real_data_sample\l2_unseen_validation\trade_date=2026-07-17\exchange=NSE\symbol=INFY\part-092937_374527-046639.parquet,34570,downloaded,34570,
2026-07-17,NSE,INFY,raw_l2/trade_date=2026-07-17/exchange=NSE/symbol=INFY/part-093021_476101-046735.parquet,real_data_sample\l2_unseen_validation\trade_date=2026-07-17\exchange=NSE\symbol=INFY\part-093021_476101-046735.parquet,34459,downloaded,34459,
2026-07-17,NSE,INFY,raw_l2/trade_date=2026-07-17/exchange=NSE/symbol=INFY/part-093104_484368-046831.parquet,real_data_sample\l2_unseen_validation\trade_date=2026-07-17\exchange=NSE\symbol=INFY\part-093104_484368-046831.parquet,34597,downloaded,34597,
2026-07-17,NSE,INFY,raw_l2/trade_date=2026-07-17/exchange=NSE/symbol=INFY/part-093036_034184-046767.parquet,real_data_sample\l2_unseen_validation\trade_date=2026-07-17\exchange=NSE\symbol=INFY\part-093036_034184-046767.parquet,34676,downloaded,34676,
2026-07-17,NSE,INFY,raw_l2/trade_date=2026-07-17/exchange=NSE/symbol=INFY/part-093133_085563-046895.parquet,real_data_sample\l2_unseen_validation\trade_date=2026-07-17\exchange=NSE\symbol=INFY\part-093133_085563-046895.parquet,34376,downloaded,34376,
2026-07-17,NSE,INFY,raw_l2/trade_date=2026-07-17/exchange=NSE/symbol=INFY/part-092153_337742-045615.parquet,real_data_sample\l2_unseen_validation\trade_date=2026-07-17\exchange=NSE\symbol=INFY\part-092153_337742-045615.parquet,34806,downloaded,34806,
2026-07-17,NSE,INFY,raw_l2/trade_date=2026-07-17/exchange=NSE/symbol=INFY/part-092853_545152-046543.parquet,real_data_sample\l2_unseen_validation\trade_date=2026-07-17\exchange=NSE\symbol=INFY\part-092853_545152-046543.parquet,35971,downloaded,35971,
2026-07-17,NSE,INFY,raw_l2/trade_date=2026-07-17/exchange=NSE/symbol=INFY/part-085742_840940-042415.parquet,real_data_sample\l2_unseen_validation\trade_date=2026-07-17\exchange=NSE\symbol=INFY\part-085742_840940-042415.parquet,36319,downloaded,36319,
2026-07-17,NSE,INFY,raw_l2/trade_date=2026-07-17/exchange=NSE/symbol=INFY/part-093312_705806-047119.parquet,real_data_sample\l2_unseen_validation\trade_date=2026-07-17\exchange=NSE\symbol=INFY\part-093312_705806-047119.parquet,35967,downloaded,35967,
2026-07-17,NSE,INFY,raw_l2/trade_date=2026-07-17/exchange=NSE/symbol=INFY/part-093202_020460-046959.parquet,real_data_sample\l2_unseen_validation\trade_date=2026-07-17\exchange=NSE\symbol=INFY\part-093202_020460-046959.parquet,34615,downloaded,34615,
2026-07-17,NSE,INFY,raw_l2/trade_date=2026-07-17/exchange=NSE/symbol=INFY/part-093215_913920-046991.parquet,real_data_sample\l2_unseen_validation\trade_date=2026-07-17\exchange=NSE\symbol=INFY\part-093215_913920-046991.parquet,34905,downloaded,34905,
2026-07-17,NSE,INFY,raw_l2/trade_date=2026-07-17/exchange=NSE/symbol=INFY/part-093118_984488-046863.parquet,real_data_sample\l2_unseen_validation\trade_date=2026-07-17\exchange=NSE\symbol=INFY\part-093118_984488-046863.parquet,34602,downloaded,34602,
2026-07-17,NSE,INFY,raw_l2/trade_date=2026-07-17/exchange=NSE/symbol=INFY/part-093409_167683-047247.parquet,real_data_sample\l2_unseen_validation\trade_date=2026-07-17\exchange=NSE\symbol=INFY\part-093409_167683-047247.parquet,34578,downloaded,34578,
2026-07-17,NSE,INFY,raw_l2/trade_date=2026-07-17/exchange=NSE/symbol=INFY/part-093244_397591-047055.parquet,real_data_sample\l2_unseen_validation\trade_date=2026-07-17\exchange=NSE\symbol=INFY\part-093244_397591-047055.parquet,36020,downloaded,36020,
2026-07-17,NSE,INFY,raw_l2/trade_date=2026-07-17/exchange=NSE/symbol=INFY/part-093258_468000-047087.parquet,real_data_sample\l2_unseen_validation\trade_date=2026-07-17\exchange=NSE\symbol=INFY\part-093258_468000-047087.parquet,35805,downloaded,35805,
2026-07-17,NSE,INFY,raw_l2/trade_date=2026-07-17/exchange=NSE/symbol=INFY/part-093326_976514-047151.parquet,real_data_sample\l2_unseen_validation\trade_date=2026-07-17\exchange=NSE\symbol=INFY\part-093326_976514-047151.parquet,34513,downloaded,34513,
2026-07-17,NSE,INFY,raw_l2/trade_date=2026-07-17/exchange=NSE/symbol=INFY/part-093423_221810-047279.parquet,real_data_sample\l2_unseen_validation\trade_date=2026-07-17\exchange=NSE\symbol=INFY\part-093423_221810-047279.parquet,35864,downloaded,35864,
2026-07-17,NSE,INFY,raw_l2/trade_date=2026-07-17/exchange=NSE/symbol=INFY/part-093341_008855-047183.parquet,real_data_sample\l2_unseen_validation\trade_date=2026-07-17\exchange=NSE\symbol=INFY\part-093341_008855-047183.parquet,34324,downloaded,34324,
2026-07-17,NSE,INFY,raw_l2/trade_date=2026-07-17/exchange=NSE/symbol=INFY/part-091147_128444-044271.parquet,real_data_sample\l2_unseen_validation\trade_date=2026-07-17\exchange=NSE\symbol=INFY\part-091147_128444-044271.parquet,36239,downloaded,36239,
2026-07-17,NSE,INFY,raw_l2/trade_date=2026-07-17/exchange=NSE/symbol=INFY/part-093355_152847-047215.parquet,real_data_sample\l2_unseen_validation\trade_date=2026-07-17\exchange=NSE\symbol=INFY\part-093355_152847-047215.parquet,34633,downloaded,34633,
2026-07-17,NSE,INFY,raw_l2/trade_date=2026-07-17/exchange=NSE/symbol=INFY/part-085617_254849-042223.parquet,real_data_sample\l2_unseen_validation\trade_date=2026-07-17\exchange=NSE\symbol=INFY\part-085617_254849-042223.parquet,35661,downloaded,35661,
2026-07-17,NSE,INFY,raw_l2/trade_date=2026-07-17/exchange=NSE/symbol=INFY/part-093437_271255-047311.parquet,real_data_sample\l2_unseen_validation\trade_date=2026-07-17\exchange=NSE\symbol=INFY\part-093437_271255-047311.parquet,35637,downloaded,35637,
2026-07-17,NSE,INFY,raw_l2/trade_date=2026-07-17/exchange=NSE/symbol=INFY/part-085939_044558-042671.parquet,real_data_sample\l2_unseen_validation\trade_date=2026-07-17\exchange=NSE\symbol=INFY\part-085939_044558-042671.parquet,35845,downloaded,35845,
2026-07-17,NSE,INFY,raw_l2/trade_date=2026-07-17/exchange=NSE/symbol=INFY/part-093451_510223-047343.parquet,real_data_sample\l2_unseen_validation\trade_date=2026-07-17\exchange=NSE\symbol=INFY\part-093451_510223-047343.parquet,35696,downloaded,35696,
2026-07-17,NSE,INFY,raw_l2/trade_date=2026-07-17/exchange=NSE/symbol=INFY/part-085811_785303-042479.parquet,real_data_sample\l2_unseen_validation\trade_date=2026-07-17\exchange=NSE\symbol=INFY\part-085811_785303-042479.parquet,36245,downloaded,36245,
2026-07-17,NSE,INFY,raw_l2/trade_date=2026-07-17/exchange=NSE/symbol=INFY/part-092658_246630-046287.parquet,real_data_sample\l2_unseen_validation\trade_date=2026-07-17\exchange=NSE\symbol=INFY\part-092658_246630-046287.parquet,35410,downloaded,35410,
2026-07-17,NSE,INFY,raw_l2/trade_date=2026-07-17/exchange=NSE/symbol=INFY/part-085700_003012-042319.parquet,real_data_sample\l2_unseen_validation\trade_date=2026-07-17\exchange=NSE\symbol=INFY\part-085700_003012-042319.parquet,35905,downloaded,35905,
2026-07-17,NSE,INFY,raw_l2/trade_date=2026-07-17/exchange=NSE/symbol=INFY/part-093505_836707-047375.parquet,real_data_sample\l2_unseen_validation\trade_date=2026-07-17\exchange=NSE\symbol=INFY\part-093505_836707-047375.parquet,35282,downloaded,35282,
2026-07-17,NSE,INFY,raw_l2/trade_date=2026-07-17/exchange=NSE/symbol=INFY/part-093006_777845-046703.parquet,real_data_sample\l2_unseen_validation\trade_date=2026-07-17\exchange=NSE\symbol=INFY\part-093006_777845-046703.parquet,34533,downloaded,34533,
2026-07-17,NSE,INFY,raw_l2/trade_date=2026-07-17/exchange=NSE/symbol=INFY/part-093520_274672-047407.parquet,real_data_sample\l2_unseen_validation\trade_date=2026-07-17\exchange=NSE\symbol=INFY\part-093520_274672-047407.parquet,35568,downloaded,35568,
2026-07-17,NSE,INFY,raw_l2/trade_date=2026-07-17/exchange=NSE/symbol=INFY/part-093050_385579-046799.parquet,real_data_sample\l2_unseen_validation\trade_date=2026-07-17\exchange=NSE\symbol=INFY\part-093050_385579-046799.parquet,34371,downloaded,34371,
2026-07-17,NSE,INFY,raw_l2/trade_date=2026-07-17/exchange=NSE/symbol=INFY/part-085549_073666-042159.parquet,real_data_sample\l2_unseen_validation\trade_date=2026-07-17\exchange=NSE\symbol=INFY\part-085549_073666-042159.parquet,35394,downloaded,35394,
2026-07-17,NSE,INFY,raw_l2/trade_date=2026-07-17/exchange=NSE/symbol=INFY/part-085452_011660-042031.parquet,real_data_sample\l2_unseen_validation\trade_date=2026-07-17\exchange=NSE\symbol=INFY\part-085452_011660-042031.parquet,34915,downloaded,34915,
2026-07-17,NSE,INFY,raw_l2/trade_date=2026-07-17/exchange=NSE/symbol=INFY/part-093229_948445-047023.parquet,real_data_sample\l2_unseen_validation\trade_date=2026-07-17\exchange=NSE\symbol=INFY\part-093229_948445-047023.parquet,35421,downloaded,35421,
2026-07-17,NSE,INFY,raw_l2/trade_date=2026-07-17/exchange=NSE/symbol=INFY/part-093700_175342-047631.parquet,real_data_sample\l2_unseen_validation\trade_date=2026-07-17\exchange=NSE\symbol=INFY\part-093700_175342-047631.parquet,35690,downloaded,35690,
2026-07-17,NSE,INFY,raw_l2/trade_date=2026-07-17/exchange=NSE/symbol=INFY/part-093147_527435-046927.parquet,real_data_sample\l2_unseen_validation\trade_date=2026-07-17\exchange=NSE\symbol=INFY\part-093147_527435-046927.parquet,34660,downloaded,34660,
2026-07-17,NSE,INFY,raw_l2/trade_date=2026-07-17/exchange=NSE/symbol=INFY/part-093714_238757-047663.parquet,real_data_sample\l2_unseen_validation\trade_date=2026-07-17\exchange=NSE\symbol=INFY\part-093714_238757-047663.parquet,35981,downloaded,35981,
2026-07-17,NSE,INFY,raw_l2/trade_date=2026-07-17/exchange=NSE/symbol=INFY/part-093534_574248-047439.parquet,real_data_sample\l2_unseen_validation\trade_date=2026-07-17\exchange=NSE\symbol=INFY\part-093534_574248-047439.parquet,35697,downloaded,35697,
2026-07-17,NSE,INFY,raw_l2/trade_date=2026-07-17/exchange=NSE/symbol=INFY/part-093548_800046-047471.parquet,real_data_sample\l2_unseen_validation\trade_date=2026-07-17\exchange=NSE\symbol=INFY\part-093548_800046-047471.parquet,35975,downloaded,35975,
2026-07-17,NSE,INFY,raw_l2/trade_date=2026-07-17/exchange=NSE/symbol=INFY/part-093646_148836-047599.parquet,real_data_sample\l2_unseen_validation\trade_date=2026-07-17\exchange=NSE\symbol=INFY\part-093646_148836-047599.parquet,35370,downloaded,35370,
2026-07-17,NSE,INFY,raw_l2/trade_date=2026-07-17/exchange=NSE/symbol=INFY/part-093838_763074-047855.parquet,real_data_sample\l2_unseen_validation\trade_date=2026-07-17\exchange=NSE\symbol=INFY\part-093838_763074-047855.parquet,35795,downloaded,35795,
2026-07-17,NSE,INFY,raw_l2/trade_date=2026-07-17/exchange=NSE/symbol=INFY/part-093756_237981-047759.parquet,real_data_sample\l2_unseen_validation\trade_date=2026-07-17\exchange=NSE\symbol=INFY\part-093756_237981-047759.parquet,35756,downloaded,35756,
2026-07-17,NSE,INFY,raw_l2/trade_date=2026-07-17/exchange=NSE/symbol=INFY/part-093907_371302-047919.parquet,real_data_sample\l2_unseen_validation\trade_date=2026-07-17\exchange=NSE\symbol=INFY\part-093907_371302-047919.parquet,35855,downloaded,35855,
2026-07-17,NSE,INFY,raw_l2/trade_date=2026-07-17/exchange=NSE/symbol=INFY/part-093824_516893-047823.parquet,real_data_sample\l2_unseen_validation\trade_date=2026-07-17\exchange=NSE\symbol=INFY\part-093824_516893-047823.parquet,35461,downloaded,35461,
2026-07-17,NSE,INFY,raw_l2/trade_date=2026-07-17/exchange=NSE/symbol=INFY/part-093810_375816-047791.parquet,real_data_sample\l2_unseen_validation\trade_date=2026-07-17\exchange=NSE\symbol=INFY\part-093810_375816-047791.parquet,36073,downloaded,36073,
2026-07-17,NSE,INFY,raw_l2/trade_date=2026-07-17/exchange=NSE/symbol=INFY/part-093921_856133-047951.parquet,real_data_sample\l2_unseen_validation\trade_date=2026-07-17\exchange=NSE\symbol=INFY\part-093921_856133-047951.parquet,35790,downloaded,35790,
2026-07-17,NSE,INFY,raw_l2/trade_date=2026-07-17/exchange=NSE/symbol=INFY/part-093728_102512-047695.parquet,real_data_sample\l2_unseen_validation\trade_date=2026-07-17\exchange=NSE\symbol=INFY\part-093728_102512-047695.parquet,35596,downloaded,35596,
2026-07-17,NSE,INFY,raw_l2/trade_date=2026-07-17/exchange=NSE/symbol=INFY/part-093742_123236-047727.parquet,real_data_sample\l2_unseen_validation\trade_date=2026-07-17\exchange=NSE\symbol=INFY\part-093742_123236-047727.parquet,36128,downloaded,36128,
2026-07-17,NSE,INFY,raw_l2/trade_date=2026-07-17/exchange=NSE/symbol=INFY/part-093950_624505-048015.parquet,real_data_sample\l2_unseen_validation\trade_date=2026-07-17\exchange=NSE\symbol=INFY\part-093950_624505-048015.parquet,35672,downloaded,35672,
2026-07-17,NSE,INFY,raw_l2/trade_date=2026-07-17/exchange=NSE/symbol=INFY/part-094019_186711-048079.parquet,real_data_sample\l2_unseen_validation\trade_date=2026-07-17\exchange=NSE\symbol=INFY\part-094019_186711-048079.parquet,35511,downloaded,35511,
2026-07-17,NSE,INFY,raw_l2/trade_date=2026-07-17/exchange=NSE/symbol=INFY/part-093852_934490-047887.parquet,real_data_sample\l2_unseen_validation\trade_date=2026-07-17\exchange=NSE\symbol=INFY\part-093852_934490-047887.parquet,35981,downloaded,35981,
2026-07-17,NSE,INFY,raw_l2/trade_date=2026-07-17/exchange=NSE/symbol=INFY/part-094116_591412-048207.parquet,real_data_sample\l2_unseen_validation\trade_date=2026-07-17\exchange=NSE\symbol=INFY\part-094116_591412-048207.parquet,35767,downloaded,35767,
2026-07-17,NSE,INFY,raw_l2/trade_date=2026-07-17/exchange=NSE/symbol=INFY/part-093631_993058-047567.parquet,real_data_sample\l2_unseen_validation\trade_date=2026-07-17\exchange=NSE\symbol=INFY\part-093631_993058-047567.parquet,35618,downloaded,35618,
2026-07-17,NSE,INFY,raw_l2/trade_date=2026-07-17/exchange=NSE/symbol=INFY/part-094145_490466-048271.parquet,real_data_sample\l2_unseen_validation\trade_date=2026-07-17\exchange=NSE\symbol=INFY\part-094145_490466-048271.parquet,34671,downloaded,34671,
2026-07-17,NSE,INFY,raw_l2/trade_date=2026-07-17/exchange=NSE/symbol=INFY/part-094325_599963-048495.parquet,real_data_sample\l2_unseen_validation\trade_date=2026-07-17\exchange=NSE\symbol=INFY\part-094325_599963-048495.parquet,36193,downloaded,36193,
2026-07-17,NSE,INFY,raw_l2/trade_date=2026-07-17/exchange=NSE/symbol=INFY/part-094257_220984-048431.parquet,real_data_sample\l2_unseen_validation\trade_date=2026-07-17\exchange=NSE\symbol=INFY\part-094257_220984-048431.parquet,36381,downloaded,36381,
2026-07-17,NSE,INFY,raw_l2/trade_date=2026-07-17/exchange=NSE/symbol=INFY/part-094339_797148-048527.parquet,real_data_sample\l2_unseen_validation\trade_date=2026-07-17\exchange=NSE\symbol=INFY\part-094339_797148-048527.parquet,35375,downloaded,35375,
2026-07-17,NSE,INFY,raw_l2/trade_date=2026-07-17/exchange=NSE/symbol=INFY/part-094408_808360-048591.parquet,real_data_sample\l2_unseen_validation\trade_date=2026-07-17\exchange=NSE\symbol=INFY\part-094408_808360-048591.parquet,36052,downloaded,36052,
2026-07-17,NSE,INFY,raw_l2/trade_date=2026-07-17/exchange=NSE/symbol=INFY/part-094354_388407-048559.parquet,real_data_sample\l2_unseen_validation\trade_date=2026-07-17\exchange=NSE\symbol=INFY\part-094354_388407-048559.parquet,36230,downloaded,36230,
2026-07-17,NSE,INFY,raw_l2/trade_date=2026-07-17/exchange=NSE/symbol=INFY/part-093617_759085-047535.parquet,real_data_sample\l2_unseen_validation\trade_date=2026-07-17\exchange=NSE\symbol=INFY\part-093617_759085-047535.parquet,36095,downloaded,36095,
2026-07-17,NSE,INFY,raw_l2/trade_date=2026-07-17/exchange=NSE/symbol=INFY/part-094423_084326-048623.parquet,real_data_sample\l2_unseen_validation\trade_date=2026-07-17\exchange=NSE\symbol=INFY\part-094423_084326-048623.parquet,35697,downloaded,35697,
2026-07-17,NSE,INFY,raw_l2/trade_date=2026-07-17/exchange=NSE/symbol=INFY/part-094437_420745-048655.parquet,real_data_sample\l2_unseen_validation\trade_date=2026-07-17\exchange=NSE\symbol=INFY\part-094437_420745-048655.parquet,36136,downloaded,36136,
2026-07-17,NSE,INFY,raw_l2/trade_date=2026-07-17/exchange=NSE/symbol=INFY/part-094033_569380-048111.parquet,real_data_sample\l2_unseen_validation\trade_date=2026-07-17\exchange=NSE\symbol=INFY\part-094033_569380-048111.parquet,35759,downloaded,35759,
2026-07-17,NSE,INFY,raw_l2/trade_date=2026-07-17/exchange=NSE/symbol=INFY/part-094505_957765-048719.parquet,real_data_sample\l2_unseen_validation\trade_date=2026-07-17\exchange=NSE\symbol=INFY\part-094505_957765-048719.parquet,35645,downloaded,35645,
2026-07-17,NSE,INFY,raw_l2/trade_date=2026-07-17/exchange=NSE/symbol=INFY/part-094451_760170-048687.parquet,real_data_sample\l2_unseen_validation\trade_date=2026-07-17\exchange=NSE\symbol=INFY\part-094451_760170-048687.parquet,35834,downloaded,35834,
2026-07-17,NSE,INFY,raw_l2/trade_date=2026-07-17/exchange=NSE/symbol=INFY/part-094617_401228-048879.parquet,real_data_sample\l2_unseen_validation\trade_date=2026-07-17\exchange=NSE\symbol=INFY\part-094617_401228-048879.parquet,36031,downloaded,36031,
2026-07-17,NSE,INFY,raw_l2/trade_date=2026-07-17/exchange=NSE/symbol=INFY/part-093936_225661-047983.parquet,real_data_sample\l2_unseen_validation\trade_date=2026-07-17\exchange=NSE\symbol=INFY\part-093936_225661-047983.parquet,36023,downloaded,36023,
2026-07-17,NSE,INFY,raw_l2/trade_date=2026-07-17/exchange=NSE/symbol=INFY/part-094548_575443-048815.parquet,real_data_sample\l2_unseen_validation\trade_date=2026-07-17\exchange=NSE\symbol=INFY\part-094548_575443-048815.parquet,35601,downloaded,35601,
2026-07-17,NSE,INFY,raw_l2/trade_date=2026-07-17/exchange=NSE/symbol=INFY/part-094631_677718-048911.parquet,real_data_sample\l2_unseen_validation\trade_date=2026-07-17\exchange=NSE\symbol=INFY\part-094631_677718-048911.parquet,35930,downloaded,35930,
2026-07-17,NSE,INFY,raw_l2/trade_date=2026-07-17/exchange=NSE/symbol=INFY/part-094520_186640-048751.parquet,real_data_sample\l2_unseen_validation\trade_date=2026-07-17\exchange=NSE\symbol=INFY\part-094520_186640-048751.parquet,35623,downloaded,35623,
2026-07-17,NSE,INFY,raw_l2/trade_date=2026-07-17/exchange=NSE/symbol=INFY/part-094130_977708-048239.parquet,real_data_sample\l2_unseen_validation\trade_date=2026-07-17\exchange=NSE\symbol=INFY\part-094130_977708-048239.parquet,34626,downloaded,34626,
2026-07-17,NSE,INFY,raw_l2/trade_date=2026-07-17/exchange=NSE/symbol=INFY/part-094004_940664-048047.parquet,real_data_sample\l2_unseen_validation\trade_date=2026-07-17\exchange=NSE\symbol=INFY\part-094004_940664-048047.parquet,36210,downloaded,36210,
2026-07-17,NSE,INFY,raw_l2/trade_date=2026-07-17/exchange=NSE/symbol=INFY/part-094659_784752-048975.parquet,real_data_sample\l2_unseen_validation\trade_date=2026-07-17\exchange=NSE\symbol=INFY\part-094659_784752-048975.parquet,35969,downloaded,35969,
2026-07-17,NSE,INFY,raw_l2/trade_date=2026-07-17/exchange=NSE/symbol=INFY/part-094102_186777-048175.parquet,real_data_sample\l2_unseen_validation\trade_date=2026-07-17\exchange=NSE\symbol=INFY\part-094102_186777-048175.parquet,35882,downloaded,35882,
2026-07-17,NSE,INFY,raw_l2/trade_date=2026-07-17/exchange=NSE/symbol=INFY/part-094603_048406-048847.parquet,real_data_sample\l2_unseen_validation\trade_date=2026-07-17\exchange=NSE\symbol=INFY\part-094603_048406-048847.parquet,35792,downloaded,35792,
2026-07-17,NSE,INFY,raw_l2/trade_date=2026-07-17/exchange=NSE/symbol=INFY/part-094534_256364-048783.parquet,real_data_sample\l2_unseen_validation\trade_date=2026-07-17\exchange=NSE\symbol=INFY\part-094534_256364-048783.parquet,35745,downloaded,35745,
2026-07-17,NSE,INFY,raw_l2/trade_date=2026-07-17/exchange=NSE/symbol=INFY/part-094645_670308-048943.parquet,real_data_sample\l2_unseen_validation\trade_date=2026-07-17\exchange=NSE\symbol=INFY\part-094645_670308-048943.parquet,36735,downloaded,36735,
2026-07-17,NSE,INFY,raw_l2/trade_date=2026-07-17/exchange=NSE/symbol=INFY/part-094243_000771-048399.parquet,real_data_sample\l2_unseen_validation\trade_date=2026-07-17\exchange=NSE\symbol=INFY\part-094243_000771-048399.parquet,36220,downloaded,36220,
2026-07-17,NSE,INFY,raw_l2/trade_date=2026-07-17/exchange=NSE/symbol=INFY/part-094714_042159-049007.parquet,real_data_sample\l2_unseen_validation\trade_date=2026-07-17\exchange=NSE\symbol=INFY\part-094714_042159-049007.parquet,36289,downloaded,36289,
2026-07-17,NSE,INFY,raw_l2/trade_date=2026-07-17/exchange=NSE/symbol=INFY/part-094159_876882-048303.parquet,real_data_sample\l2_unseen_validation\trade_date=2026-07-17\exchange=NSE\symbol=INFY\part-094159_876882-048303.parquet,34326,downloaded,34326,
2026-07-17,NSE,INFY,raw_l2/trade_date=2026-07-17/exchange=NSE/symbol=INFY/part-094728_263890-049039.parquet,real_data_sample\l2_unseen_validation\trade_date=2026-07-17\exchange=NSE\symbol=INFY\part-094728_263890-049039.parquet,35980,downloaded,35980,
2026-07-17,NSE,INFY,raw_l2/trade_date=2026-07-17/exchange=NSE/symbol=INFY/part-094214_271662-048335.parquet,real_data_sample\l2_unseen_validation\trade_date=2026-07-17\exchange=NSE\symbol=INFY\part-094214_271662-048335.parquet,34870,downloaded,34870,
2026-07-17,NSE,INFY,raw_l2/trade_date=2026-07-17/exchange=NSE/symbol=INFY/part-094908_262421-049263.parquet,real_data_sample\l2_unseen_validation\trade_date=2026-07-17\exchange=NSE\symbol=INFY\part-094908_262421-049263.parquet,36054,downloaded,36054,
2026-07-17,NSE,INFY,raw_l2/trade_date=2026-07-17/exchange=NSE/symbol=INFY/part-094825_215270-049167.parquet,real_data_sample\l2_unseen_validation\trade_date=2026-07-17\exchange=NSE\symbol=INFY\part-094825_215270-049167.parquet,36350,downloaded,36350,
2026-07-17,NSE,INFY,raw_l2/trade_date=2026-07-17/exchange=NSE/symbol=INFY/part-094311_240333-048463.parquet,real_data_sample\l2_unseen_validation\trade_date=2026-07-17\exchange=NSE\symbol=INFY\part-094311_240333-048463.parquet,35665,downloaded,35665,
2026-07-17,NSE,INFY,raw_l2/trade_date=2026-07-17/exchange=NSE/symbol=INFY/part-094742_530907-049071.parquet,real_data_sample\l2_unseen_validation\trade_date=2026-07-17\exchange=NSE\symbol=INFY\part-094742_530907-049071.parquet,36248,downloaded,36248,
2026-07-17,NSE,INFY,raw_l2/trade_date=2026-07-17/exchange=NSE/symbol=INFY/part-094839_630369-049199.parquet,real_data_sample\l2_unseen_validation\trade_date=2026-07-17\exchange=NSE\symbol=INFY\part-094839_630369-049199.parquet,35785,downloaded,35785,
2026-07-17,NSE,INFY,raw_l2/trade_date=2026-07-17/exchange=NSE/symbol=INFY/part-094811_201591-049135.parquet,real_data_sample\l2_unseen_validation\trade_date=2026-07-17\exchange=NSE\symbol=INFY\part-094811_201591-049135.parquet,36396,downloaded,36396,
2026-07-17,NSE,INFY,raw_l2/trade_date=2026-07-17/exchange=NSE/symbol=INFY/part-095005_191104-049391.parquet,real_data_sample\l2_unseen_validation\trade_date=2026-07-17\exchange=NSE\symbol=INFY\part-095005_191104-049391.parquet,36089,downloaded,36089,
2026-07-17,NSE,INFY,raw_l2/trade_date=2026-07-17/exchange=NSE/symbol=INFY/part-094950_990712-049359.parquet,real_data_sample\l2_unseen_validation\trade_date=2026-07-17\exchange=NSE\symbol=INFY\part-094950_990712-049359.parquet,36264,downloaded,36264,
2026-07-17,NSE,INFY,raw_l2/trade_date=2026-07-17/exchange=NSE/symbol=INFY/part-094756_965897-049103.parquet,real_data_sample\l2_unseen_validation\trade_date=2026-07-17\exchange=NSE\symbol=INFY\part-094756_965897-049103.parquet,36078,downloaded,36078,
2026-07-17,NSE,INFY,raw_l2/trade_date=2026-07-17/exchange=NSE/symbol=INFY/part-094228_728592-048367.parquet,real_data_sample\l2_unseen_validation\trade_date=2026-07-17\exchange=NSE\symbol=INFY\part-094228_728592-048367.parquet,35907,downloaded,35907,
2026-07-17,NSE,INFY,raw_l2/trade_date=2026-07-17/exchange=NSE/symbol=INFY/part-094922_607892-049295.parquet,real_data_sample\l2_unseen_validation\trade_date=2026-07-17\exchange=NSE\symbol=INFY\part-094922_607892-049295.parquet,36211,downloaded,36211,
2026-07-17,NSE,INFY,raw_l2/trade_date=2026-07-17/exchange=NSE/symbol=INFY/part-095019_396638-049423.parquet,real_data_sample\l2_unseen_validation\trade_date=2026-07-17\exchange=NSE\symbol=INFY\part-095019_396638-049423.parquet,35855,downloaded,35855,
2026-07-17,NSE,INFY,raw_l2/trade_date=2026-07-17/exchange=NSE/symbol=INFY/part-095101_974656-049519.parquet,real_data_sample\l2_unseen_validation\trade_date=2026-07-17\exchange=NSE\symbol=INFY\part-095101_974656-049519.parquet,36034,downloaded,36034,
2026-07-17,NSE,INFY,raw_l2/trade_date=2026-07-17/exchange=NSE/symbol=INFY/part-095047_926935-049487.parquet,real_data_sample\l2_unseen_validation\trade_date=2026-07-17\exchange=NSE\symbol=INFY\part-095047_926935-049487.parquet,36185,downloaded,36185,
2026-07-17,NSE,INFY,raw_l2/trade_date=2026-07-17/exchange=NSE/symbol=INFY/part-093603_295814-047503.parquet,real_data_sample\l2_unseen_validation\trade_date=2026-07-17\exchange=NSE\symbol=INFY\part-093603_295814-047503.parquet,35735,downloaded,35735,
2026-07-17,NSE,INFY,raw_l2/trade_date=2026-07-17/exchange=NSE/symbol=INFY/part-094047_791637-048143.parquet,real_data_sample\l2_unseen_validation\trade_date=2026-07-17\exchange=NSE\symbol=INFY\part-094047_791637-048143.parquet,35858,downloaded,35858,
2026-07-17,NSE,INFY,raw_l2/trade_date=2026-07-17/exchange=NSE/symbol=INFY/part-095158_123279-049647.parquet,real_data_sample\l2_unseen_validation\trade_date=2026-07-17\exchange=NSE\symbol=INFY\part-095158_123279-049647.parquet,36161,downloaded,36161,
2026-07-17,NSE,INFY,raw_l2/trade_date=2026-07-17/exchange=NSE/symbol=INFY/part-095116_090375-049551.parquet,real_data_sample\l2_unseen_validation\trade_date=2026-07-17\exchange=NSE\symbol=INFY\part-095116_090375-049551.parquet,36475,downloaded,36475,
2026-07-17,NSE,INFY,raw_l2/trade_date=2026-07-17/exchange=NSE/symbol=INFY/part-095226_712558-049711.parquet,real_data_sample\l2_unseen_validation\trade_date=2026-07-17\exchange=NSE\symbol=INFY\part-095226_712558-049711.parquet,35818,downloaded,35818,
2026-07-17,NSE,INFY,raw_l2/trade_date=2026-07-17/exchange=NSE/symbol=INFY/part-095351_898149-049903.parquet,real_data_sample\l2_unseen_validation\trade_date=2026-07-17\exchange=NSE\symbol=INFY\part-095351_898149-049903.parquet,36340,downloaded,36340,
2026-07-17,NSE,INFY,raw_l2/trade_date=2026-07-17/exchange=NSE/symbol=INFY/part-095323_024910-049839.parquet,real_data_sample\l2_unseen_validation\trade_date=2026-07-17\exchange=NSE\symbol=INFY\part-095323_024910-049839.parquet,36211,downloaded,36211,
2026-07-17,NSE,INFY,raw_l2/trade_date=2026-07-17/exchange=NSE/symbol=INFY/part-095240_769838-049743.parquet,real_data_sample\l2_unseen_validation\trade_date=2026-07-17\exchange=NSE\symbol=INFY\part-095240_769838-049743.parquet,35880,downloaded,35880,
2026-07-17,NSE,INFY,raw_l2/trade_date=2026-07-17/exchange=NSE/symbol=INFY/part-095254_682515-049775.parquet,real_data_sample\l2_unseen_validation\trade_date=2026-07-17\exchange=NSE\symbol=INFY\part-095254_682515-049775.parquet,35601,downloaded,35601,
2026-07-17,NSE,INFY,raw_l2/trade_date=2026-07-17/exchange=NSE/symbol=INFY/part-094853_871730-049231.parquet,real_data_sample\l2_unseen_validation\trade_date=2026-07-17\exchange=NSE\symbol=INFY\part-094853_871730-049231.parquet,36414,downloaded,36414,
2026-07-17,NSE,INFY,raw_l2/trade_date=2026-07-17/exchange=NSE/symbol=INFY/part-094936_843547-049327.parquet,real_data_sample\l2_unseen_validation\trade_date=2026-07-17\exchange=NSE\symbol=INFY\part-094936_843547-049327.parquet,36297,downloaded,36297,
2026-07-17,NSE,INFY,raw_l2/trade_date=2026-07-17/exchange=NSE/symbol=INFY/part-095406_276012-049935.parquet,real_data_sample\l2_unseen_validation\trade_date=2026-07-17\exchange=NSE\symbol=INFY\part-095406_276012-049935.parquet,36325,downloaded,36325,
2026-07-17,NSE,INFY,raw_l2/trade_date=2026-07-17/exchange=NSE/symbol=INFY/part-095503_245385-050063.parquet,real_data_sample\l2_unseen_validation\trade_date=2026-07-17\exchange=NSE\symbol=INFY\part-095503_245385-050063.parquet,36178,downloaded,36178,
2026-07-17,NSE,INFY,raw_l2/trade_date=2026-07-17/exchange=NSE/symbol=INFY/part-095658_653417-050319.parquet,real_data_sample\l2_unseen_validation\trade_date=2026-07-17\exchange=NSE\symbol=INFY\part-095658_653417-050319.parquet,36229,downloaded,36229,
2026-07-17,NSE,INFY,raw_l2/trade_date=2026-07-17/exchange=NSE/symbol=INFY/part-095546_297230-050159.parquet,real_data_sample\l2_unseen_validation\trade_date=2026-07-17\exchange=NSE\symbol=INFY\part-095546_297230-050159.parquet,36682,downloaded,36682,
2026-07-17,NSE,INFY,raw_l2/trade_date=2026-07-17/exchange=NSE/symbol=INFY/part-095615_335391-050223.parquet,real_data_sample\l2_unseen_validation\trade_date=2026-07-17\exchange=NSE\symbol=INFY\part-095615_335391-050223.parquet,36331,downloaded,36331,
2026-07-17,NSE,INFY,raw_l2/trade_date=2026-07-17/exchange=NSE/symbol=INFY/part-095517_236564-050095.parquet,real_data_sample\l2_unseen_validation\trade_date=2026-07-17\exchange=NSE\symbol=INFY\part-095517_236564-050095.parquet,36194,downloaded,36194,
2026-07-17,NSE,INFY,raw_l2/trade_date=2026-07-17/exchange=NSE/symbol=INFY/part-095434_742423-049999.parquet,real_data_sample\l2_unseen_validation\trade_date=2026-07-17\exchange=NSE\symbol=INFY\part-095434_742423-049999.parquet,35968,downloaded,35968,
2026-07-17,NSE,INFY,raw_l2/trade_date=2026-07-17/exchange=NSE/symbol=INFY/part-095600_797363-050191.parquet,real_data_sample\l2_unseen_validation\trade_date=2026-07-17\exchange=NSE\symbol=INFY\part-095600_797363-050191.parquet,36277,downloaded,36277,
2026-07-17,NSE,INFY,raw_l2/trade_date=2026-07-17/exchange=NSE/symbol=INFY/part-095130_115027-049583.parquet,real_data_sample\l2_unseen_validation\trade_date=2026-07-17\exchange=NSE\symbol=INFY\part-095130_115027-049583.parquet,36476,downloaded,36476,
2026-07-17,NSE,INFY,raw_l2/trade_date=2026-07-17/exchange=NSE/symbol=INFY/part-095531_585332-050127.parquet,real_data_sample\l2_unseen_validation\trade_date=2026-07-17\exchange=NSE\symbol=INFY\part-095531_585332-050127.parquet,36117,downloaded,36117,
2026-07-17,NSE,INFY,raw_l2/trade_date=2026-07-17/exchange=NSE/symbol=INFY/part-095033_738640-049455.parquet,real_data_sample\l2_unseen_validation\trade_date=2026-07-17\exchange=NSE\symbol=INFY\part-095033_738640-049455.parquet,35782,downloaded,35782,
2026-07-17,NSE,INFY,raw_l2/trade_date=2026-07-17/exchange=NSE/symbol=INFY/part-095644_093294-050287.parquet,real_data_sample\l2_unseen_validation\trade_date=2026-07-17\exchange=NSE\symbol=INFY\part-095644_093294-050287.parquet,35972,downloaded,35972,
2026-07-17,NSE,INFY,raw_l2/trade_date=2026-07-17/exchange=NSE/symbol=INFY/part-095144_203932-049615.parquet,real_data_sample\l2_unseen_validation\trade_date=2026-07-17\exchange=NSE\symbol=INFY\part-095144_203932-049615.parquet,36073,downloaded,36073,
2026-07-17,NSE,INFY,raw_l2/trade_date=2026-07-17/exchange=NSE/symbol=INFY/part-095728_118990-050383.parquet,real_data_sample\l2_unseen_validation\trade_date=2026-07-17\exchange=NSE\symbol=INFY\part-095728_118990-050383.parquet,36666,downloaded,36666,
2026-07-17,NSE,INFY,raw_l2/trade_date=2026-07-17/exchange=NSE/symbol=INFY/part-095713_685221-050351.parquet,real_data_sample\l2_unseen_validation\trade_date=2026-07-17\exchange=NSE\symbol=INFY\part-095713_685221-050351.parquet,36579,downloaded,36579,
2026-07-17,NSE,INFY,raw_l2/trade_date=2026-07-17/exchange=NSE/symbol=INFY/part-095420_757819-049967.parquet,real_data_sample\l2_unseen_validation\trade_date=2026-07-17\exchange=NSE\symbol=INFY\part-095420_757819-049967.parquet,36624,downloaded,36624,
2026-07-17,NSE,INFY,raw_l2/trade_date=2026-07-17/exchange=NSE/symbol=INFY/part-095810_996697-050479.parquet,real_data_sample\l2_unseen_validation\trade_date=2026-07-17\exchange=NSE\symbol=INFY\part-095810_996697-050479.parquet,36378,downloaded,36378,
2026-07-17,NSE,INFY,raw_l2/trade_date=2026-07-17/exchange=NSE/symbol=INFY/part-095212_652513-049679.parquet,real_data_sample\l2_unseen_validation\trade_date=2026-07-17\exchange=NSE\symbol=INFY\part-095212_652513-049679.parquet,36004,downloaded,36004,
2026-07-17,NSE,INFY,raw_l2/trade_date=2026-07-17/exchange=NSE/symbol=INFY/part-095337_504345-049871.parquet,real_data_sample\l2_unseen_validation\trade_date=2026-07-17\exchange=NSE\symbol=INFY\part-095337_504345-049871.parquet,36017,downloaded,36017,
2026-07-17,NSE,INFY,raw_l2/trade_date=2026-07-17/exchange=NSE/symbol=INFY/part-095308_772075-049807.parquet,real_data_sample\l2_unseen_validation\trade_date=2026-07-17\exchange=NSE\symbol=INFY\part-095308_772075-049807.parquet,36195,downloaded,36195,
2026-07-17,NSE,INFY,raw_l2/trade_date=2026-07-17/exchange=NSE/symbol=INFY/part-095854_644139-050575.parquet,real_data_sample\l2_unseen_validation\trade_date=2026-07-17\exchange=NSE\symbol=INFY\part-095854_644139-050575.parquet,36187,downloaded,36187,
2026-07-17,NSE,INFY,raw_l2/trade_date=2026-07-17/exchange=NSE/symbol=INFY/part-095840_120562-050543.parquet,real_data_sample\l2_unseen_validation\trade_date=2026-07-17\exchange=NSE\symbol=INFY\part-095840_120562-050543.parquet,36061,downloaded,36061,
2026-07-17,NSE,INFY,raw_l2/trade_date=2026-07-17/exchange=NSE/symbol=INFY/part-095909_107174-050607.parquet,real_data_sample\l2_unseen_validation\trade_date=2026-07-17\exchange=NSE\symbol=INFY\part-095909_107174-050607.parquet,35887,downloaded,35887,
2026-07-17,NSE,INFY,raw_l2/trade_date=2026-07-17/exchange=NSE/symbol=INFY/part-095938_150517-050671.parquet,real_data_sample\l2_unseen_validation\trade_date=2026-07-17\exchange=NSE\symbol=INFY\part-095938_150517-050671.parquet,36516,downloaded,36516,
2026-07-17,NSE,INFY,raw_l2/trade_date=2026-07-17/exchange=NSE/symbol=INFY/part-095825_116883-050511.parquet,real_data_sample\l2_unseen_validation\trade_date=2026-07-17\exchange=NSE\symbol=INFY\part-095825_116883-050511.parquet,36177,downloaded,36177,
2026-07-17,NSE,INFY,raw_l2/trade_date=2026-07-17/exchange=NSE/symbol=INFY/part-095923_621571-050639.parquet,real_data_sample\l2_unseen_validation\trade_date=2026-07-17\exchange=NSE\symbol=INFY\part-095923_621571-050639.parquet,36090,downloaded,36090,
2026-07-17,NSE,INFY,raw_l2/trade_date=2026-07-17/exchange=NSE/symbol=INFY/part-100128_210537-050775.parquet,real_data_sample\l2_unseen_validation\trade_date=2026-07-17\exchange=NSE\symbol=INFY\part-100128_210537-050775.parquet,34048,downloaded,34048,
2026-07-17,NSE,ITBEES,raw_l2/trade_date=2026-07-17/exchange=NSE/symbol=ITBEES/part-034502_742163-000016.parquet,real_data_sample\l2_unseen_validation\trade_date=2026-07-17\exchange=NSE\symbol=ITBEES\part-034502_742163-000016.parquet,33976,downloaded,33976,
2026-07-17,NSE,ITBEES,raw_l2/trade_date=2026-07-17/exchange=NSE/symbol=ITBEES/part-034516_929085-000048.parquet,real_data_sample\l2_unseen_validation\trade_date=2026-07-17\exchange=NSE\symbol=ITBEES\part-034516_929085-000048.parquet,34444,downloaded,34444,
2026-07-17,NSE,INFY,raw_l2/trade_date=2026-07-17/exchange=NSE/symbol=INFY/part-095629_654081-050255.parquet,real_data_sample\l2_unseen_validation\trade_date=2026-07-17\exchange=NSE\symbol=INFY\part-095629_654081-050255.parquet,35883,downloaded,35883,
2026-07-17,NSE,ITBEES,raw_l2/trade_date=2026-07-17/exchange=NSE/symbol=ITBEES/part-034655_186819-000272.parquet,real_data_sample\l2_unseen_validation\trade_date=2026-07-17\exchange=NSE\symbol=ITBEES\part-034655_186819-000272.parquet,34366,downloaded,34366,
2026-07-17,NSE,ITBEES,raw_l2/trade_date=2026-07-17/exchange=NSE/symbol=ITBEES/part-034805_333088-000432.parquet,real_data_sample\l2_unseen_validation\trade_date=2026-07-17\exchange=NSE\symbol=ITBEES\part-034805_333088-000432.parquet,34474,downloaded,34474,
2026-07-17,NSE,ITBEES,raw_l2/trade_date=2026-07-17/exchange=NSE/symbol=ITBEES/part-034751_202304-000400.parquet,real_data_sample\l2_unseen_validation\trade_date=2026-07-17\exchange=NSE\symbol=ITBEES\part-034751_202304-000400.parquet,34459,downloaded,34459,
2026-07-17,NSE,ITBEES,raw_l2/trade_date=2026-07-17/exchange=NSE/symbol=ITBEES/part-034530_725304-000080.parquet,real_data_sample\l2_unseen_validation\trade_date=2026-07-17\exchange=NSE\symbol=ITBEES\part-034530_725304-000080.parquet,34455,downloaded,34455,
2026-07-17,NSE,INFY,raw_l2/trade_date=2026-07-17/exchange=NSE/symbol=INFY/part-095449_038994-050031.parquet,real_data_sample\l2_unseen_validation\trade_date=2026-07-17\exchange=NSE\symbol=INFY\part-095449_038994-050031.parquet,36531,downloaded,36531,
2026-07-17,NSE,ITBEES,raw_l2/trade_date=2026-07-17/exchange=NSE/symbol=ITBEES/part-034833_214392-000496.parquet,real_data_sample\l2_unseen_validation\trade_date=2026-07-17\exchange=NSE\symbol=ITBEES\part-034833_214392-000496.parquet,34604,downloaded,34604,
2026-07-17,NSE,ITBEES,raw_l2/trade_date=2026-07-17/exchange=NSE/symbol=ITBEES/part-034558_949832-000144.parquet,real_data_sample\l2_unseen_validation\trade_date=2026-07-17\exchange=NSE\symbol=ITBEES\part-034558_949832-000144.parquet,34732,downloaded,34732,
2026-07-17,NSE,ITBEES,raw_l2/trade_date=2026-07-17/exchange=NSE/symbol=ITBEES/part-034819_408946-000464.parquet,real_data_sample\l2_unseen_validation\trade_date=2026-07-17\exchange=NSE\symbol=ITBEES\part-034819_408946-000464.parquet,34382,downloaded,34382,
2026-07-17,NSE,ITBEES,raw_l2/trade_date=2026-07-17/exchange=NSE/symbol=ITBEES/part-034613_044518-000176.parquet,real_data_sample\l2_unseen_validation\trade_date=2026-07-17\exchange=NSE\symbol=ITBEES\part-034613_044518-000176.parquet,34125,downloaded,34125,
2026-07-17,NSE,ITBEES,raw_l2/trade_date=2026-07-17/exchange=NSE/symbol=ITBEES/part-034723_004404-000336.parquet,real_data_sample\l2_unseen_validation\trade_date=2026-07-17\exchange=NSE\symbol=ITBEES\part-034723_004404-000336.parquet,34068,downloaded,34068,
2026-07-17,NSE,ITBEES,raw_l2/trade_date=2026-07-17/exchange=NSE/symbol=ITBEES/part-034544_662549-000112.parquet,real_data_sample\l2_unseen_validation\trade_date=2026-07-17\exchange=NSE\symbol=ITBEES\part-034544_662549-000112.parquet,34125,downloaded,34125,
2026-07-17,NSE,ITBEES,raw_l2/trade_date=2026-07-17/exchange=NSE/symbol=ITBEES/part-034627_024319-000208.parquet,real_data_sample\l2_unseen_validation\trade_date=2026-07-17\exchange=NSE\symbol=ITBEES\part-034627_024319-000208.parquet,34463,downloaded,34463,
2026-07-17,NSE,INFY,raw_l2/trade_date=2026-07-17/exchange=NSE/symbol=INFY/part-095742_572586-050415.parquet,real_data_sample\l2_unseen_validation\trade_date=2026-07-17\exchange=NSE\symbol=INFY\part-095742_572586-050415.parquet,36464,downloaded,36464,
2026-07-17,NSE,ITBEES,raw_l2/trade_date=2026-07-17/exchange=NSE/symbol=ITBEES/part-034928_816080-000624.parquet,real_data_sample\l2_unseen_validation\trade_date=2026-07-17\exchange=NSE\symbol=ITBEES\part-034928_816080-000624.parquet,34593,downloaded,34593,
2026-07-17,NSE,ITBEES,raw_l2/trade_date=2026-07-17/exchange=NSE/symbol=ITBEES/part-034956_882061-000688.parquet,real_data_sample\l2_unseen_validation\trade_date=2026-07-17\exchange=NSE\symbol=ITBEES\part-034956_882061-000688.parquet,34439,downloaded,34439,
2026-07-17,NSE,ITBEES,raw_l2/trade_date=2026-07-17/exchange=NSE/symbol=ITBEES/part-034942_764907-000656.parquet,real_data_sample\l2_unseen_validation\trade_date=2026-07-17\exchange=NSE\symbol=ITBEES\part-034942_764907-000656.parquet,34449,downloaded,34449,
2026-07-17,NSE,INFY,raw_l2/trade_date=2026-07-17/exchange=NSE/symbol=INFY/part-095952_488168-050703.parquet,real_data_sample\l2_unseen_validation\trade_date=2026-07-17\exchange=NSE\symbol=INFY\part-095952_488168-050703.parquet,36433,downloaded,36433,
2026-07-17,NSE,ITBEES,raw_l2/trade_date=2026-07-17/exchange=NSE/symbol=ITBEES/part-035010_717319-000720.parquet,real_data_sample\l2_unseen_validation\trade_date=2026-07-17\exchange=NSE\symbol=ITBEES\part-035010_717319-000720.parquet,34471,downloaded,34471,
2026-07-17,NSE,ITBEES,raw_l2/trade_date=2026-07-17/exchange=NSE/symbol=ITBEES/part-035038_499860-000784.parquet,real_data_sample\l2_unseen_validation\trade_date=2026-07-17\exchange=NSE\symbol=ITBEES\part-035038_499860-000784.parquet,34454,downloaded,34454,
2026-07-17,NSE,ITBEES,raw_l2/trade_date=2026-07-17/exchange=NSE/symbol=ITBEES/part-035024_709867-000752.parquet,real_data_sample\l2_unseen_validation\trade_date=2026-07-17\exchange=NSE\symbol=ITBEES\part-035024_709867-000752.parquet,34439,downloaded,34439,
2026-07-17,NSE,INFY,raw_l2/trade_date=2026-07-17/exchange=NSE/symbol=INFY/part-100006_831086-050735.parquet,real_data_sample\l2_unseen_validation\trade_date=2026-07-17\exchange=NSE\symbol=INFY\part-100006_831086-050735.parquet,35600,downloaded,35600,
2026-07-17,NSE,ITBEES,raw_l2/trade_date=2026-07-17/exchange=NSE/symbol=ITBEES/part-035052_211635-000816.parquet,real_data_sample\l2_unseen_validation\trade_date=2026-07-17\exchange=NSE\symbol=ITBEES\part-035052_211635-000816.parquet,34483,downloaded,34483,
2026-07-17,NSE,ITBEES,raw_l2/trade_date=2026-07-17/exchange=NSE/symbol=ITBEES/part-035105_944563-000848.parquet,real_data_sample\l2_unseen_validation\trade_date=2026-07-17\exchange=NSE\symbol=ITBEES\part-035105_944563-000848.parquet,34345,downloaded,34345,
2026-07-17,NSE,ITBEES,raw_l2/trade_date=2026-07-17/exchange=NSE/symbol=ITBEES/part-034914_808024-000592.parquet,real_data_sample\l2_unseen_validation\trade_date=2026-07-17\exchange=NSE\symbol=ITBEES\part-034914_808024-000592.parquet,34367,downloaded,34367,
2026-07-17,NSE,ITBEES,raw_l2/trade_date=2026-07-17/exchange=NSE/symbol=ITBEES/part-035257_120936-001104.parquet,real_data_sample\l2_unseen_validation\trade_date=2026-07-17\exchange=NSE\symbol=ITBEES\part-035257_120936-001104.parquet,34559,downloaded,34559,
2026-07-17,NSE,ITBEES,raw_l2/trade_date=2026-07-17/exchange=NSE/symbol=ITBEES/part-035228_949521-001040.parquet,real_data_sample\l2_unseen_validation\trade_date=2026-07-17\exchange=NSE\symbol=ITBEES\part-035228_949521-001040.parquet,34682,downloaded,34682,
2026-07-17,NSE,ITBEES,raw_l2/trade_date=2026-07-17/exchange=NSE/symbol=ITBEES/part-034708_946404-000304.parquet,real_data_sample\l2_unseen_validation\trade_date=2026-07-17\exchange=NSE\symbol=ITBEES\part-034708_946404-000304.parquet,34373,downloaded,34373,
2026-07-17,NSE,ITBEES,raw_l2/trade_date=2026-07-17/exchange=NSE/symbol=ITBEES/part-035420_127500-001296.parquet,real_data_sample\l2_unseen_validation\trade_date=2026-07-17\exchange=NSE\symbol=ITBEES\part-035420_127500-001296.parquet,34475,downloaded,34475,
2026-07-17,NSE,ITBEES,raw_l2/trade_date=2026-07-17/exchange=NSE/symbol=ITBEES/part-035243_013359-001072.parquet,real_data_sample\l2_unseen_validation\trade_date=2026-07-17\exchange=NSE\symbol=ITBEES\part-035243_013359-001072.parquet,34438,downloaded,34438,
2026-07-17,NSE,ITBEES,raw_l2/trade_date=2026-07-17/exchange=NSE/symbol=ITBEES/part-035516_062560-001424.parquet,real_data_sample\l2_unseen_validation\trade_date=2026-07-17\exchange=NSE\symbol=ITBEES\part-035516_062560-001424.parquet,34410,downloaded,34410,
2026-07-17,NSE,ITBEES,raw_l2/trade_date=2026-07-17/exchange=NSE/symbol=ITBEES/part-035352_490928-001232.parquet,real_data_sample\l2_unseen_validation\trade_date=2026-07-17\exchange=NSE\symbol=ITBEES\part-035352_490928-001232.parquet,34417,downloaded,34417,
2026-07-17,NSE,ITBEES,raw_l2/trade_date=2026-07-17/exchange=NSE/symbol=ITBEES/part-035501_996560-001392.parquet,real_data_sample\l2_unseen_validation\trade_date=2026-07-17\exchange=NSE\symbol=ITBEES\part-035501_996560-001392.parquet,34123,downloaded,34123,
2026-07-17,NSE,ITBEES,raw_l2/trade_date=2026-07-17/exchange=NSE/symbol=ITBEES/part-035543_950540-001488.parquet,real_data_sample\l2_unseen_validation\trade_date=2026-07-17\exchange=NSE\symbol=ITBEES\part-035543_950540-001488.parquet,34564,downloaded,34564,
2026-07-17,NSE,ITBEES,raw_l2/trade_date=2026-07-17/exchange=NSE/symbol=ITBEES/part-035557_850937-001520.parquet,real_data_sample\l2_unseen_validation\trade_date=2026-07-17\exchange=NSE\symbol=ITBEES\part-035557_850937-001520.parquet,34673,downloaded,34673,
2026-07-17,NSE,ITBEES,raw_l2/trade_date=2026-07-17/exchange=NSE/symbol=ITBEES/part-035611_740906-001552.parquet,real_data_sample\l2_unseen_validation\trade_date=2026-07-17\exchange=NSE\symbol=ITBEES\part-035611_740906-001552.parquet,34565,downloaded,34565,
2026-07-17,NSE,ITBEES,raw_l2/trade_date=2026-07-17/exchange=NSE/symbol=ITBEES/part-035639_816346-001616.parquet,real_data_sample\l2_unseen_validation\trade_date=2026-07-17\exchange=NSE\symbol=ITBEES\part-035639_816346-001616.parquet,34463,downloaded,34463,
2026-07-17,NSE,ITBEES,raw_l2/trade_date=2026-07-17/exchange=NSE/symbol=ITBEES/part-035653_774132-001648.parquet,real_data_sample\l2_unseen_validation\trade_date=2026-07-17\exchange=NSE\symbol=ITBEES\part-035653_774132-001648.parquet,34475,downloaded,34475,
2026-07-17,NSE,ITBEES,raw_l2/trade_date=2026-07-17/exchange=NSE/symbol=ITBEES/part-035721_567342-001712.parquet,real_data_sample\l2_unseen_validation\trade_date=2026-07-17\exchange=NSE\symbol=ITBEES\part-035721_567342-001712.parquet,34444,downloaded,34444,
2026-07-17,NSE,ITBEES,raw_l2/trade_date=2026-07-17/exchange=NSE/symbol=ITBEES/part-035133_470063-000912.parquet,real_data_sample\l2_unseen_validation\trade_date=2026-07-17\exchange=NSE\symbol=ITBEES\part-035133_470063-000912.parquet,34396,downloaded,34396,
2026-07-17,NSE,ITBEES,raw_l2/trade_date=2026-07-17/exchange=NSE/symbol=ITBEES/part-035735_700417-001744.parquet,real_data_sample\l2_unseen_validation\trade_date=2026-07-17\exchange=NSE\symbol=ITBEES\part-035735_700417-001744.parquet,34606,downloaded,34606,
2026-07-17,NSE,ITBEES,raw_l2/trade_date=2026-07-17/exchange=NSE/symbol=ITBEES/part-035804_208368-001808.parquet,real_data_sample\l2_unseen_validation\trade_date=2026-07-17\exchange=NSE\symbol=ITBEES\part-035804_208368-001808.parquet,34433,downloaded,34433,
2026-07-17,NSE,ITBEES,raw_l2/trade_date=2026-07-17/exchange=NSE/symbol=ITBEES/part-035530_016493-001456.parquet,real_data_sample\l2_unseen_validation\trade_date=2026-07-17\exchange=NSE\symbol=ITBEES\part-035530_016493-001456.parquet,34486,downloaded,34486,
2026-07-17,NSE,ITBEES,raw_l2/trade_date=2026-07-17/exchange=NSE/symbol=ITBEES/part-035707_487941-001680.parquet,real_data_sample\l2_unseen_validation\trade_date=2026-07-17\exchange=NSE\symbol=ITBEES\part-035707_487941-001680.parquet,34408,downloaded,34408,
2026-07-17,NSE,ITBEES,raw_l2/trade_date=2026-07-17/exchange=NSE/symbol=ITBEES/part-035625_956650-001584.parquet,real_data_sample\l2_unseen_validation\trade_date=2026-07-17\exchange=NSE\symbol=ITBEES\part-035625_956650-001584.parquet,34681,downloaded,34681,
2026-07-17,NSE,ITBEES,raw_l2/trade_date=2026-07-17/exchange=NSE/symbol=ITBEES/part-034846_923364-000528.parquet,real_data_sample\l2_unseen_validation\trade_date=2026-07-17\exchange=NSE\symbol=ITBEES\part-034846_923364-000528.parquet,34141,downloaded,34141,
2026-07-17,NSE,ITBEES,raw_l2/trade_date=2026-07-17/exchange=NSE/symbol=ITBEES/part-035818_573728-001840.parquet,real_data_sample\l2_unseen_validation\trade_date=2026-07-17\exchange=NSE\symbol=ITBEES\part-035818_573728-001840.parquet,34476,downloaded,34476,
2026-07-17,NSE,ITBEES,raw_l2/trade_date=2026-07-17/exchange=NSE/symbol=ITBEES/part-035832_565782-001872.parquet,real_data_sample\l2_unseen_validation\trade_date=2026-07-17\exchange=NSE\symbol=ITBEES\part-035832_565782-001872.parquet,34668,downloaded,34668,
2026-07-17,NSE,ITBEES,raw_l2/trade_date=2026-07-17/exchange=NSE/symbol=ITBEES/part-035846_525156-001904.parquet,real_data_sample\l2_unseen_validation\trade_date=2026-07-17\exchange=NSE\symbol=ITBEES\part-035846_525156-001904.parquet,34710,downloaded,34710,
2026-07-17,NSE,ITBEES,raw_l2/trade_date=2026-07-17/exchange=NSE/symbol=ITBEES/part-035900_629993-001936.parquet,real_data_sample\l2_unseen_validation\trade_date=2026-07-17\exchange=NSE\symbol=ITBEES\part-035900_629993-001936.parquet,34345,downloaded,34345,
2026-07-17,NSE,ITBEES,raw_l2/trade_date=2026-07-17/exchange=NSE/symbol=ITBEES/part-035956_537692-002064.parquet,real_data_sample\l2_unseen_validation\trade_date=2026-07-17\exchange=NSE\symbol=ITBEES\part-035956_537692-002064.parquet,34557,downloaded,34557,
2026-07-17,NSE,ITBEES,raw_l2/trade_date=2026-07-17/exchange=NSE/symbol=ITBEES/part-040010_666486-002096.parquet,real_data_sample\l2_unseen_validation\trade_date=2026-07-17\exchange=NSE\symbol=ITBEES\part-040010_666486-002096.parquet,34568,downloaded,34568,
2026-07-17,NSE,ITBEES,raw_l2/trade_date=2026-07-17/exchange=NSE/symbol=ITBEES/part-035928_480126-002000.parquet,real_data_sample\l2_unseen_validation\trade_date=2026-07-17\exchange=NSE\symbol=ITBEES\part-035928_480126-002000.parquet,34689,downloaded,34689,
2026-07-17,NSE,ITBEES,raw_l2/trade_date=2026-07-17/exchange=NSE/symbol=ITBEES/part-035914_530253-001968.parquet,real_data_sample\l2_unseen_validation\trade_date=2026-07-17\exchange=NSE\symbol=ITBEES\part-035914_530253-001968.parquet,34551,downloaded,34551,
2026-07-17,NSE,ITBEES,raw_l2/trade_date=2026-07-17/exchange=NSE/symbol=ITBEES/part-035942_631446-002032.parquet,real_data_sample\l2_unseen_validation\trade_date=2026-07-17\exchange=NSE\symbol=ITBEES\part-035942_631446-002032.parquet,34643,downloaded,34643,
2026-07-17,NSE,ITBEES,raw_l2/trade_date=2026-07-17/exchange=NSE/symbol=ITBEES/part-034641_524866-000240.parquet,real_data_sample\l2_unseen_validation\trade_date=2026-07-17\exchange=NSE\symbol=ITBEES\part-034641_524866-000240.parquet,34436,downloaded,34436,
2026-07-17,NSE,ITBEES,raw_l2/trade_date=2026-07-17/exchange=NSE/symbol=ITBEES/part-034900_702575-000560.parquet,real_data_sample\l2_unseen_validation\trade_date=2026-07-17\exchange=NSE\symbol=ITBEES\part-034900_702575-000560.parquet,34480,downloaded,34480,
2026-07-17,NSE,ITBEES,raw_l2/trade_date=2026-07-17/exchange=NSE/symbol=ITBEES/part-040024_735293-002128.parquet,real_data_sample\l2_unseen_validation\trade_date=2026-07-17\exchange=NSE\symbol=ITBEES\part-040024_735293-002128.parquet,34452,downloaded,34452,
2026-07-17,NSE,ITBEES,raw_l2/trade_date=2026-07-17/exchange=NSE/symbol=ITBEES/part-035749_909612-001776.parquet,real_data_sample\l2_unseen_validation\trade_date=2026-07-17\exchange=NSE\symbol=ITBEES\part-035749_909612-001776.parquet,34428,downloaded,34428,
2026-07-17,NSE,ITBEES,raw_l2/trade_date=2026-07-17/exchange=NSE/symbol=ITBEES/part-035433_978089-001328.parquet,real_data_sample\l2_unseen_validation\trade_date=2026-07-17\exchange=NSE\symbol=ITBEES\part-035433_978089-001328.parquet,34470,downloaded,34470,
2026-07-17,NSE,ITBEES,raw_l2/trade_date=2026-07-17/exchange=NSE/symbol=ITBEES/part-040052_361220-002192.parquet,real_data_sample\l2_unseen_validation\trade_date=2026-07-17\exchange=NSE\symbol=ITBEES\part-040052_361220-002192.parquet,34448,downloaded,34448,
2026-07-17,NSE,ITBEES,raw_l2/trade_date=2026-07-17/exchange=NSE/symbol=ITBEES/part-040106_317522-002224.parquet,real_data_sample\l2_unseen_validation\trade_date=2026-07-17\exchange=NSE\symbol=ITBEES\part-040106_317522-002224.parquet,34434,downloaded,34434,
2026-07-17,NSE,ITBEES,raw_l2/trade_date=2026-07-17/exchange=NSE/symbol=ITBEES/part-040229_535630-002416.parquet,real_data_sample\l2_unseen_validation\trade_date=2026-07-17\exchange=NSE\symbol=ITBEES\part-040229_535630-002416.parquet,34486,downloaded,34486,
2026-07-17,NSE,ITBEES,raw_l2/trade_date=2026-07-17/exchange=NSE/symbol=ITBEES/part-040243_948321-002448.parquet,real_data_sample\l2_unseen_validation\trade_date=2026-07-17\exchange=NSE\symbol=ITBEES\part-040243_948321-002448.parquet,34549,downloaded,34549,
2026-07-17,NSE,ITBEES,raw_l2/trade_date=2026-07-17/exchange=NSE/symbol=ITBEES/part-040215_662125-002384.parquet,real_data_sample\l2_unseen_validation\trade_date=2026-07-17\exchange=NSE\symbol=ITBEES\part-040215_662125-002384.parquet,34457,downloaded,34457,
2026-07-17,NSE,ITBEES,raw_l2/trade_date=2026-07-17/exchange=NSE/symbol=ITBEES/part-040312_741235-002512.parquet,real_data_sample\l2_unseen_validation\trade_date=2026-07-17\exchange=NSE\symbol=ITBEES\part-040312_741235-002512.parquet,34717,downloaded,34717,
2026-07-17,NSE,ITBEES,raw_l2/trade_date=2026-07-17/exchange=NSE/symbol=ITBEES/part-040258_226091-002480.parquet,real_data_sample\l2_unseen_validation\trade_date=2026-07-17\exchange=NSE\symbol=ITBEES\part-040258_226091-002480.parquet,34589,downloaded,34589,
2026-07-17,NSE,ITBEES,raw_l2/trade_date=2026-07-17/exchange=NSE/symbol=ITBEES/part-040038_658408-002160.parquet,real_data_sample\l2_unseen_validation\trade_date=2026-07-17\exchange=NSE\symbol=ITBEES\part-040038_658408-002160.parquet,34377,downloaded,34377,
2026-07-17,NSE,INFY,raw_l2/trade_date=2026-07-17/exchange=NSE/symbol=INFY/part-095756_786495-050447.parquet,real_data_sample\l2_unseen_validation\trade_date=2026-07-17\exchange=NSE\symbol=INFY\part-095756_786495-050447.parquet,36432,downloaded,36432,
2026-07-17,NSE,ITBEES,raw_l2/trade_date=2026-07-17/exchange=NSE/symbol=ITBEES/part-034737_152716-000368.parquet,real_data_sample\l2_unseen_validation\trade_date=2026-07-17\exchange=NSE\symbol=ITBEES\part-034737_152716-000368.parquet,34420,downloaded,34420,
2026-07-17,NSE,ITBEES,raw_l2/trade_date=2026-07-17/exchange=NSE/symbol=ITBEES/part-040451_162273-002736.parquet,real_data_sample\l2_unseen_validation\trade_date=2026-07-17\exchange=NSE\symbol=ITBEES\part-040451_162273-002736.parquet,34569,downloaded,34569,
2026-07-17,NSE,ITBEES,raw_l2/trade_date=2026-07-17/exchange=NSE/symbol=ITBEES/part-040326_899881-002544.parquet,real_data_sample\l2_unseen_validation\trade_date=2026-07-17\exchange=NSE\symbol=ITBEES\part-040326_899881-002544.parquet,34465,downloaded,34465,
2026-07-17,NSE,ITBEES,raw_l2/trade_date=2026-07-17/exchange=NSE/symbol=ITBEES/part-040355_321258-002608.parquet,real_data_sample\l2_unseen_validation\trade_date=2026-07-17\exchange=NSE\symbol=ITBEES\part-040355_321258-002608.parquet,34394,downloaded,34394,
2026-07-17,NSE,ITBEES,raw_l2/trade_date=2026-07-17/exchange=NSE/symbol=ITBEES/part-040341_115831-002576.parquet,real_data_sample\l2_unseen_validation\trade_date=2026-07-17\exchange=NSE\symbol=ITBEES\part-040341_115831-002576.parquet,34495,downloaded,34495,
2026-07-17,NSE,ITBEES,raw_l2/trade_date=2026-07-17/exchange=NSE/symbol=ITBEES/part-040409_318794-002640.parquet,real_data_sample\l2_unseen_validation\trade_date=2026-07-17\exchange=NSE\symbol=ITBEES\part-040409_318794-002640.parquet,34606,downloaded,34606,
2026-07-17,NSE,ITBEES,raw_l2/trade_date=2026-07-17/exchange=NSE/symbol=ITBEES/part-040120_143539-002256.parquet,real_data_sample\l2_unseen_validation\trade_date=2026-07-17\exchange=NSE\symbol=ITBEES\part-040120_143539-002256.parquet,34654,downloaded,34654,
2026-07-17,NSE,ITBEES,raw_l2/trade_date=2026-07-17/exchange=NSE/symbol=ITBEES/part-040133_974505-002288.parquet,real_data_sample\l2_unseen_validation\trade_date=2026-07-17\exchange=NSE\symbol=ITBEES\part-040133_974505-002288.parquet,34650,downloaded,34650,
2026-07-17,NSE,ITBEES,raw_l2/trade_date=2026-07-17/exchange=NSE/symbol=ITBEES/part-040533_706505-002832.parquet,real_data_sample\l2_unseen_validation\trade_date=2026-07-17\exchange=NSE\symbol=ITBEES\part-040533_706505-002832.parquet,34604,downloaded,34604,
2026-07-17,NSE,ITBEES,raw_l2/trade_date=2026-07-17/exchange=NSE/symbol=ITBEES/part-040147_712913-002320.parquet,real_data_sample\l2_unseen_validation\trade_date=2026-07-17\exchange=NSE\symbol=ITBEES\part-040147_712913-002320.parquet,34326,downloaded,34326,
2026-07-17,NSE,ITBEES,raw_l2/trade_date=2026-07-17/exchange=NSE/symbol=ITBEES/part-040601_783632-002896.parquet,real_data_sample\l2_unseen_validation\trade_date=2026-07-17\exchange=NSE\symbol=ITBEES\part-040601_783632-002896.parquet,34634,downloaded,34634,
2026-07-17,NSE,ITBEES,raw_l2/trade_date=2026-07-17/exchange=NSE/symbol=ITBEES/part-040547_729100-002864.parquet,real_data_sample\l2_unseen_validation\trade_date=2026-07-17\exchange=NSE\symbol=ITBEES\part-040547_729100-002864.parquet,34491,downloaded,34491,
2026-07-17,NSE,ITBEES,raw_l2/trade_date=2026-07-17/exchange=NSE/symbol=ITBEES/part-040657_456516-003024.parquet,real_data_sample\l2_unseen_validation\trade_date=2026-07-17\exchange=NSE\symbol=ITBEES\part-040657_456516-003024.parquet,34462,downloaded,34462,
2026-07-17,NSE,ITBEES,raw_l2/trade_date=2026-07-17/exchange=NSE/symbol=ITBEES/part-040643_498462-002992.parquet,real_data_sample\l2_unseen_validation\trade_date=2026-07-17\exchange=NSE\symbol=ITBEES\part-040643_498462-002992.parquet,34679,downloaded,34679,
2026-07-17,NSE,ITBEES,raw_l2/trade_date=2026-07-17/exchange=NSE/symbol=ITBEES/part-040629_691447-002960.parquet,real_data_sample\l2_unseen_validation\trade_date=2026-07-17\exchange=NSE\symbol=ITBEES\part-040629_691447-002960.parquet,34463,downloaded,34463,
2026-07-17,NSE,ITBEES,raw_l2/trade_date=2026-07-17/exchange=NSE/symbol=ITBEES/part-040615_696363-002928.parquet,real_data_sample\l2_unseen_validation\trade_date=2026-07-17\exchange=NSE\symbol=ITBEES\part-040615_696363-002928.parquet,34460,downloaded,34460,
2026-07-17,NSE,ITBEES,raw_l2/trade_date=2026-07-17/exchange=NSE/symbol=ITBEES/part-040437_242369-002704.parquet,real_data_sample\l2_unseen_validation\trade_date=2026-07-17\exchange=NSE\symbol=ITBEES\part-040437_242369-002704.parquet,34588,downloaded,34588,
2026-07-17,NSE,ITBEES,raw_l2/trade_date=2026-07-17/exchange=NSE/symbol=ITBEES/part-040423_289320-002672.parquet,real_data_sample\l2_unseen_validation\trade_date=2026-07-17\exchange=NSE\symbol=ITBEES\part-040423_289320-002672.parquet,34597,downloaded,34597,
2026-07-17,NSE,ITBEES,raw_l2/trade_date=2026-07-17/exchange=NSE/symbol=ITBEES/part-040753_729738-003152.parquet,real_data_sample\l2_unseen_validation\trade_date=2026-07-17\exchange=NSE\symbol=ITBEES\part-040753_729738-003152.parquet,34571,downloaded,34571,
2026-07-17,NSE,ITBEES,raw_l2/trade_date=2026-07-17/exchange=NSE/symbol=ITBEES/part-040505_476862-002768.parquet,real_data_sample\l2_unseen_validation\trade_date=2026-07-17\exchange=NSE\symbol=ITBEES\part-040505_476862-002768.parquet,34572,downloaded,34572,
2026-07-17,NSE,ITBEES,raw_l2/trade_date=2026-07-17/exchange=NSE/symbol=ITBEES/part-040807_750541-003184.parquet,real_data_sample\l2_unseen_validation\trade_date=2026-07-17\exchange=NSE\symbol=ITBEES\part-040807_750541-003184.parquet,34444,downloaded,34444,
2026-07-17,NSE,ITBEES,raw_l2/trade_date=2026-07-17/exchange=NSE/symbol=ITBEES/part-040850_587163-003280.parquet,real_data_sample\l2_unseen_validation\trade_date=2026-07-17\exchange=NSE\symbol=ITBEES\part-040850_587163-003280.parquet,34681,downloaded,34681,
2026-07-17,NSE,ITBEES,raw_l2/trade_date=2026-07-17/exchange=NSE/symbol=ITBEES/part-040822_189022-003216.parquet,real_data_sample\l2_unseen_validation\trade_date=2026-07-17\exchange=NSE\symbol=ITBEES\part-040822_189022-003216.parquet,34482,downloaded,34482,
2026-07-17,NSE,ITBEES,raw_l2/trade_date=2026-07-17/exchange=NSE/symbol=ITBEES/part-040836_213867-003248.parquet,real_data_sample\l2_unseen_validation\trade_date=2026-07-17\exchange=NSE\symbol=ITBEES\part-040836_213867-003248.parquet,34714,downloaded,34714,
2026-07-17,NSE,ITBEES,raw_l2/trade_date=2026-07-17/exchange=NSE/symbol=ITBEES/part-040933_243955-003376.parquet,real_data_sample\l2_unseen_validation\trade_date=2026-07-17\exchange=NSE\symbol=ITBEES\part-040933_243955-003376.parquet,34484,downloaded,34484,
2026-07-17,NSE,ITBEES,raw_l2/trade_date=2026-07-17/exchange=NSE/symbol=ITBEES/part-041001_875042-003440.parquet,real_data_sample\l2_unseen_validation\trade_date=2026-07-17\exchange=NSE\symbol=ITBEES\part-041001_875042-003440.parquet,34635,downloaded,34635,
2026-07-17,NSE,ITBEES,raw_l2/trade_date=2026-07-17/exchange=NSE/symbol=ITBEES/part-040201_729932-002352.parquet,real_data_sample\l2_unseen_validation\trade_date=2026-07-17\exchange=NSE\symbol=ITBEES\part-040201_729932-002352.parquet,34361,downloaded,34361,
2026-07-17,NSE,ITBEES,raw_l2/trade_date=2026-07-17/exchange=NSE/symbol=ITBEES/part-041015_730730-003472.parquet,real_data_sample\l2_unseen_validation\trade_date=2026-07-17\exchange=NSE\symbol=ITBEES\part-041015_730730-003472.parquet,34638,downloaded,34638,
2026-07-17,NSE,ITBEES,raw_l2/trade_date=2026-07-17/exchange=NSE/symbol=ITBEES/part-040711_470864-003056.parquet,real_data_sample\l2_unseen_validation\trade_date=2026-07-17\exchange=NSE\symbol=ITBEES\part-040711_470864-003056.parquet,34641,downloaded,34641,
2026-07-17,NSE,ITBEES,raw_l2/trade_date=2026-07-17/exchange=NSE/symbol=ITBEES/part-041029_898417-003504.parquet,real_data_sample\l2_unseen_validation\trade_date=2026-07-17\exchange=NSE\symbol=ITBEES\part-041029_898417-003504.parquet,34378,downloaded,34378,
2026-07-17,NSE,ITBEES,raw_l2/trade_date=2026-07-17/exchange=NSE/symbol=ITBEES/part-041044_121243-003536.parquet,real_data_sample\l2_unseen_validation\trade_date=2026-07-17\exchange=NSE\symbol=ITBEES\part-041044_121243-003536.parquet,34683,downloaded,34683,
2026-07-17,NSE,ITBEES,raw_l2/trade_date=2026-07-17/exchange=NSE/symbol=ITBEES/part-041112_569317-003600.parquet,real_data_sample\l2_unseen_validation\trade_date=2026-07-17\exchange=NSE\symbol=ITBEES\part-041112_569317-003600.parquet,34671,downloaded,34671,
2026-07-17,NSE,ITBEES,raw_l2/trade_date=2026-07-17/exchange=NSE/symbol=ITBEES/part-040739_629000-003120.parquet,real_data_sample\l2_unseen_validation\trade_date=2026-07-17\exchange=NSE\symbol=ITBEES\part-040739_629000-003120.parquet,34462,downloaded,34462,
2026-07-17,NSE,ITBEES,raw_l2/trade_date=2026-07-17/exchange=NSE/symbol=ITBEES/part-041058_471500-003568.parquet,real_data_sample\l2_unseen_validation\trade_date=2026-07-17\exchange=NSE\symbol=ITBEES\part-041058_471500-003568.parquet,34356,downloaded,34356,
2026-07-17,NSE,ITBEES,raw_l2/trade_date=2026-07-17/exchange=NSE/symbol=ITBEES/part-041154_248276-003696.parquet,real_data_sample\l2_unseen_validation\trade_date=2026-07-17\exchange=NSE\symbol=ITBEES\part-041154_248276-003696.parquet,34435,downloaded,34435,
2026-07-17,NSE,ITBEES,raw_l2/trade_date=2026-07-17/exchange=NSE/symbol=ITBEES/part-041222_238831-003760.parquet,real_data_sample\l2_unseen_validation\trade_date=2026-07-17\exchange=NSE\symbol=ITBEES\part-041222_238831-003760.parquet,34392,downloaded,34392,
2026-07-17,NSE,ITBEES,raw_l2/trade_date=2026-07-17/exchange=NSE/symbol=ITBEES/part-035338_667271-001200.parquet,real_data_sample\l2_unseen_validation\trade_date=2026-07-17\exchange=NSE\symbol=ITBEES\part-035338_667271-001200.parquet,34651,downloaded,34651,
2026-07-17,NSE,ITBEES,raw_l2/trade_date=2026-07-17/exchange=NSE/symbol=ITBEES/part-035310_901890-001136.parquet,real_data_sample\l2_unseen_validation\trade_date=2026-07-17\exchange=NSE\symbol=ITBEES\part-035310_901890-001136.parquet,34428,downloaded,34428,
2026-07-17,NSE,ITBEES,raw_l2/trade_date=2026-07-17/exchange=NSE/symbol=ITBEES/part-040519_690259-002800.parquet,real_data_sample\l2_unseen_validation\trade_date=2026-07-17\exchange=NSE\symbol=ITBEES\part-040519_690259-002800.parquet,34616,downloaded,34616,
2026-07-17,NSE,ITBEES,raw_l2/trade_date=2026-07-17/exchange=NSE/symbol=ITBEES/part-040918_929224-003344.parquet,real_data_sample\l2_unseen_validation\trade_date=2026-07-17\exchange=NSE\symbol=ITBEES\part-040918_929224-003344.parquet,34678,downloaded,34678,
2026-07-17,NSE,ITBEES,raw_l2/trade_date=2026-07-17/exchange=NSE/symbol=ITBEES/part-040904_743030-003312.parquet,real_data_sample\l2_unseen_validation\trade_date=2026-07-17\exchange=NSE\symbol=ITBEES\part-040904_743030-003312.parquet,34727,downloaded,34727,
2026-07-17,NSE,ITBEES,raw_l2/trade_date=2026-07-17/exchange=NSE/symbol=ITBEES/part-041236_014011-003792.parquet,real_data_sample\l2_unseen_validation\trade_date=2026-07-17\exchange=NSE\symbol=ITBEES\part-041236_014011-003792.parquet,34619,downloaded,34619,
2026-07-17,NSE,ITBEES,raw_l2/trade_date=2026-07-17/exchange=NSE/symbol=ITBEES/part-041249_992704-003824.parquet,real_data_sample\l2_unseen_validation\trade_date=2026-07-17\exchange=NSE\symbol=ITBEES\part-041249_992704-003824.parquet,34449,downloaded,34449,
2026-07-17,NSE,ITBEES,raw_l2/trade_date=2026-07-17/exchange=NSE/symbol=ITBEES/part-041317_666909-003888.parquet,real_data_sample\l2_unseen_validation\trade_date=2026-07-17\exchange=NSE\symbol=ITBEES\part-041317_666909-003888.parquet,34394,downloaded,34394,
2026-07-17,NSE,ITBEES,raw_l2/trade_date=2026-07-17/exchange=NSE/symbol=ITBEES/part-041303_733361-003856.parquet,real_data_sample\l2_unseen_validation\trade_date=2026-07-17\exchange=NSE\symbol=ITBEES\part-041303_733361-003856.parquet,34398,downloaded,34398,
2026-07-17,NSE,ITBEES,raw_l2/trade_date=2026-07-17/exchange=NSE/symbol=ITBEES/part-035215_148788-001008.parquet,real_data_sample\l2_unseen_validation\trade_date=2026-07-17\exchange=NSE\symbol=ITBEES\part-035215_148788-001008.parquet,34465,downloaded,34465,
2026-07-17,NSE,ITBEES,raw_l2/trade_date=2026-07-17/exchange=NSE/symbol=ITBEES/part-035447_908303-001360.parquet,real_data_sample\l2_unseen_validation\trade_date=2026-07-17\exchange=NSE\symbol=ITBEES\part-035447_908303-001360.parquet,34635,downloaded,34635,
2026-07-17,NSE,ITBEES,raw_l2/trade_date=2026-07-17/exchange=NSE/symbol=ITBEES/part-035406_420002-001264.parquet,real_data_sample\l2_unseen_validation\trade_date=2026-07-17\exchange=NSE\symbol=ITBEES\part-035406_420002-001264.parquet,34364,downloaded,34364,
2026-07-17,NSE,ITBEES,raw_l2/trade_date=2026-07-17/exchange=NSE/symbol=ITBEES/part-040947_552382-003408.parquet,real_data_sample\l2_unseen_validation\trade_date=2026-07-17\exchange=NSE\symbol=ITBEES\part-040947_552382-003408.parquet,34760,downloaded,34760,
2026-07-17,NSE,ITBEES,raw_l2/trade_date=2026-07-17/exchange=NSE/symbol=ITBEES/part-035201_273494-000976.parquet,real_data_sample\l2_unseen_validation\trade_date=2026-07-17\exchange=NSE\symbol=ITBEES\part-035201_273494-000976.parquet,34570,downloaded,34570,
2026-07-17,NSE,ITBEES,raw_l2/trade_date=2026-07-17/exchange=NSE/symbol=ITBEES/part-041331_800720-003920.parquet,real_data_sample\l2_unseen_validation\trade_date=2026-07-17\exchange=NSE\symbol=ITBEES\part-041331_800720-003920.parquet,34472,downloaded,34472,
2026-07-17,NSE,ITBEES,raw_l2/trade_date=2026-07-17/exchange=NSE/symbol=ITBEES/part-035119_714819-000880.parquet,real_data_sample\l2_unseen_validation\trade_date=2026-07-17\exchange=NSE\symbol=ITBEES\part-035119_714819-000880.parquet,34662,downloaded,34662,
2026-07-17,NSE,ITBEES,raw_l2/trade_date=2026-07-17/exchange=NSE/symbol=ITBEES/part-035324_725497-001168.parquet,real_data_sample\l2_unseen_validation\trade_date=2026-07-17\exchange=NSE\symbol=ITBEES\part-035324_725497-001168.parquet,34362,downloaded,34362,
2026-07-17,NSE,ITBEES,raw_l2/trade_date=2026-07-17/exchange=NSE/symbol=ITBEES/part-041414_000477-004016.parquet,real_data_sample\l2_unseen_validation\trade_date=2026-07-17\exchange=NSE\symbol=ITBEES\part-041414_000477-004016.parquet,34711,downloaded,34711,
2026-07-17,NSE,ITBEES,raw_l2/trade_date=2026-07-17/exchange=NSE/symbol=ITBEES/part-041359_896296-003984.parquet,real_data_sample\l2_unseen_validation\trade_date=2026-07-17\exchange=NSE\symbol=ITBEES\part-041359_896296-003984.parquet,34618,downloaded,34618,
2026-07-17,NSE,ITBEES,raw_l2/trade_date=2026-07-17/exchange=NSE/symbol=ITBEES/part-041126_420578-003632.parquet,real_data_sample\l2_unseen_validation\trade_date=2026-07-17\exchange=NSE\symbol=ITBEES\part-041126_420578-003632.parquet,34643,downloaded,34643,
2026-07-17,NSE,ITBEES,raw_l2/trade_date=2026-07-17/exchange=NSE/symbol=ITBEES/part-041140_413762-003664.parquet,real_data_sample\l2_unseen_validation\trade_date=2026-07-17\exchange=NSE\symbol=ITBEES\part-041140_413762-003664.parquet,34608,downloaded,34608,
2026-07-17,NSE,ITBEES,raw_l2/trade_date=2026-07-17/exchange=NSE/symbol=ITBEES/part-041427_985420-004048.parquet,real_data_sample\l2_unseen_validation\trade_date=2026-07-17\exchange=NSE\symbol=ITBEES\part-041427_985420-004048.parquet,34620,downloaded,34620,
2026-07-17,NSE,ITBEES,raw_l2/trade_date=2026-07-17/exchange=NSE/symbol=ITBEES/part-041208_278920-003728.parquet,real_data_sample\l2_unseen_validation\trade_date=2026-07-17\exchange=NSE\symbol=ITBEES\part-041208_278920-003728.parquet,34639,downloaded,34639,
2026-07-17,NSE,ITBEES,raw_l2/trade_date=2026-07-17/exchange=NSE/symbol=ITBEES/part-041442_034951-004080.parquet,real_data_sample\l2_unseen_validation\trade_date=2026-07-17\exchange=NSE\symbol=ITBEES\part-041442_034951-004080.parquet,34693,downloaded,34693,
2026-07-17,NSE,ITBEES,raw_l2/trade_date=2026-07-17/exchange=NSE/symbol=ITBEES/part-041455_946523-004112.parquet,real_data_sample\l2_unseen_validation\trade_date=2026-07-17\exchange=NSE\symbol=ITBEES\part-041455_946523-004112.parquet,34485,downloaded,34485,
2026-07-17,NSE,ITBEES,raw_l2/trade_date=2026-07-17/exchange=NSE/symbol=ITBEES/part-041537_655355-004208.parquet,real_data_sample\l2_unseen_validation\trade_date=2026-07-17\exchange=NSE\symbol=ITBEES\part-041537_655355-004208.parquet,34377,downloaded,34377,
2026-07-17,NSE,ITBEES,raw_l2/trade_date=2026-07-17/exchange=NSE/symbol=ITBEES/part-041523_775241-004176.parquet,real_data_sample\l2_unseen_validation\trade_date=2026-07-17\exchange=NSE\symbol=ITBEES\part-041523_775241-004176.parquet,34340,downloaded,34340,
2026-07-17,NSE,ITBEES,raw_l2/trade_date=2026-07-17/exchange=NSE/symbol=ITBEES/part-041552_899301-004240.parquet,real_data_sample\l2_unseen_validation\trade_date=2026-07-17\exchange=NSE\symbol=ITBEES\part-041552_899301-004240.parquet,34427,downloaded,34427,
2026-07-17,NSE,ITBEES,raw_l2/trade_date=2026-07-17/exchange=NSE/symbol=ITBEES/part-041606_702312-004272.parquet,real_data_sample\l2_unseen_validation\trade_date=2026-07-17\exchange=NSE\symbol=ITBEES\part-041606_702312-004272.parquet,34573,downloaded,34573,
2026-07-17,NSE,ITBEES,raw_l2/trade_date=2026-07-17/exchange=NSE/symbol=ITBEES/part-041620_464899-004304.parquet,real_data_sample\l2_unseen_validation\trade_date=2026-07-17\exchange=NSE\symbol=ITBEES\part-041620_464899-004304.parquet,34689,downloaded,34689,
2026-07-17,NSE,ITBEES,raw_l2/trade_date=2026-07-17/exchange=NSE/symbol=ITBEES/part-041648_013739-004368.parquet,real_data_sample\l2_unseen_validation\trade_date=2026-07-17\exchange=NSE\symbol=ITBEES\part-041648_013739-004368.parquet,34613,downloaded,34613,
2026-07-17,NSE,ITBEES,raw_l2/trade_date=2026-07-17/exchange=NSE/symbol=ITBEES/part-035147_272901-000944.parquet,real_data_sample\l2_unseen_validation\trade_date=2026-07-17\exchange=NSE\symbol=ITBEES\part-035147_272901-000944.parquet,34449,downloaded,34449,
2026-07-17,NSE,ITBEES,raw_l2/trade_date=2026-07-17/exchange=NSE/symbol=ITBEES/part-041743_957264-004496.parquet,real_data_sample\l2_unseen_validation\trade_date=2026-07-17\exchange=NSE\symbol=ITBEES\part-041743_957264-004496.parquet,34439,downloaded,34439,
2026-07-17,NSE,ITBEES,raw_l2/trade_date=2026-07-17/exchange=NSE/symbol=ITBEES/part-041811_378337-004560.parquet,real_data_sample\l2_unseen_validation\trade_date=2026-07-17\exchange=NSE\symbol=ITBEES\part-041811_378337-004560.parquet,34454,downloaded,34454,
2026-07-17,NSE,ITBEES,raw_l2/trade_date=2026-07-17/exchange=NSE/symbol=ITBEES/part-041825_155435-004592.parquet,real_data_sample\l2_unseen_validation\trade_date=2026-07-17\exchange=NSE\symbol=ITBEES\part-041825_155435-004592.parquet,34701,downloaded,34701,
2026-07-17,NSE,ITBEES,raw_l2/trade_date=2026-07-17/exchange=NSE/symbol=ITBEES/part-041730_056155-004464.parquet,real_data_sample\l2_unseen_validation\trade_date=2026-07-17\exchange=NSE\symbol=ITBEES\part-041730_056155-004464.parquet,34639,downloaded,34639,
2026-07-17,NSE,ITBEES,raw_l2/trade_date=2026-07-17/exchange=NSE/symbol=ITBEES/part-041757_720835-004528.parquet,real_data_sample\l2_unseen_validation\trade_date=2026-07-17\exchange=NSE\symbol=ITBEES\part-041757_720835-004528.parquet,34339,downloaded,34339,
2026-07-17,NSE,ITBEES,raw_l2/trade_date=2026-07-17/exchange=NSE/symbol=ITBEES/part-041853_079816-004656.parquet,real_data_sample\l2_unseen_validation\trade_date=2026-07-17\exchange=NSE\symbol=ITBEES\part-041853_079816-004656.parquet,34512,downloaded,34512,
2026-07-17,NSE,ITBEES,raw_l2/trade_date=2026-07-17/exchange=NSE/symbol=ITBEES/part-041935_991519-004752.parquet,real_data_sample\l2_unseen_validation\trade_date=2026-07-17\exchange=NSE\symbol=ITBEES\part-041935_991519-004752.parquet,34719,downloaded,34719,
2026-07-17,NSE,ITBEES,raw_l2/trade_date=2026-07-17/exchange=NSE/symbol=ITBEES/part-041921_909207-004720.parquet,real_data_sample\l2_unseen_validation\trade_date=2026-07-17\exchange=NSE\symbol=ITBEES\part-041921_909207-004720.parquet,34489,downloaded,34489,
2026-07-17,NSE,ITBEES,raw_l2/trade_date=2026-07-17/exchange=NSE/symbol=ITBEES/part-041715_643401-004432.parquet,real_data_sample\l2_unseen_validation\trade_date=2026-07-17\exchange=NSE\symbol=ITBEES\part-041715_643401-004432.parquet,34459,downloaded,34459,
2026-07-17,NSE,ITBEES,raw_l2/trade_date=2026-07-17/exchange=NSE/symbol=ITBEES/part-042003_902087-004816.parquet,real_data_sample\l2_unseen_validation\trade_date=2026-07-17\exchange=NSE\symbol=ITBEES\part-042003_902087-004816.parquet,34606,downloaded,34606,
2026-07-17,NSE,ITBEES,raw_l2/trade_date=2026-07-17/exchange=NSE/symbol=ITBEES/part-041950_041835-004784.parquet,real_data_sample\l2_unseen_validation\trade_date=2026-07-17\exchange=NSE\symbol=ITBEES\part-041950_041835-004784.parquet,34745,downloaded,34745,
2026-07-17,NSE,ITBEES,raw_l2/trade_date=2026-07-17/exchange=NSE/symbol=ITBEES/part-041701_916623-004400.parquet,real_data_sample\l2_unseen_validation\trade_date=2026-07-17\exchange=NSE\symbol=ITBEES\part-041701_916623-004400.parquet,34349,downloaded,34349,
2026-07-17,NSE,ITBEES,raw_l2/trade_date=2026-07-17/exchange=NSE/symbol=ITBEES/part-042059_371462-004944.parquet,real_data_sample\l2_unseen_validation\trade_date=2026-07-17\exchange=NSE\symbol=ITBEES\part-042059_371462-004944.parquet,34659,downloaded,34659,
2026-07-17,NSE,ITBEES,raw_l2/trade_date=2026-07-17/exchange=NSE/symbol=ITBEES/part-042155_261617-005072.parquet,real_data_sample\l2_unseen_validation\trade_date=2026-07-17\exchange=NSE\symbol=ITBEES\part-042155_261617-005072.parquet,34597,downloaded,34597,
2026-07-17,NSE,ITBEES,raw_l2/trade_date=2026-07-17/exchange=NSE/symbol=ITBEES/part-042113_247464-004976.parquet,real_data_sample\l2_unseen_validation\trade_date=2026-07-17\exchange=NSE\symbol=ITBEES\part-042113_247464-004976.parquet,34421,downloaded,34421,
2026-07-17,NSE,ITBEES,raw_l2/trade_date=2026-07-17/exchange=NSE/symbol=ITBEES/part-042127_098447-005008.parquet,real_data_sample\l2_unseen_validation\trade_date=2026-07-17\exchange=NSE\symbol=ITBEES\part-042127_098447-005008.parquet,34667,downloaded,34667,
2026-07-17,NSE,ITBEES,raw_l2/trade_date=2026-07-17/exchange=NSE/symbol=ITBEES/part-040725_522793-003088.parquet,real_data_sample\l2_unseen_validation\trade_date=2026-07-17\exchange=NSE\symbol=ITBEES\part-040725_522793-003088.parquet,34388,downloaded,34388,
2026-07-17,NSE,ITBEES,raw_l2/trade_date=2026-07-17/exchange=NSE/symbol=ITBEES/part-042400_936127-005360.parquet,real_data_sample\l2_unseen_validation\trade_date=2026-07-17\exchange=NSE\symbol=ITBEES\part-042400_936127-005360.parquet,34558,downloaded,34558,
2026-07-17,NSE,ITBEES,raw_l2/trade_date=2026-07-17/exchange=NSE/symbol=ITBEES/part-042223_310350-005136.parquet,real_data_sample\l2_unseen_validation\trade_date=2026-07-17\exchange=NSE\symbol=ITBEES\part-042223_310350-005136.parquet,34339,downloaded,34339,
2026-07-17,NSE,ITBEES,raw_l2/trade_date=2026-07-17/exchange=NSE/symbol=ITBEES/part-042332_973644-005296.parquet,real_data_sample\l2_unseen_validation\trade_date=2026-07-17\exchange=NSE\symbol=ITBEES\part-042332_973644-005296.parquet,34535,downloaded,34535,
2026-07-17,NSE,ITBEES,raw_l2/trade_date=2026-07-17/exchange=NSE/symbol=ITBEES/part-042141_241047-005040.parquet,real_data_sample\l2_unseen_validation\trade_date=2026-07-17\exchange=NSE\symbol=ITBEES\part-042141_241047-005040.parquet,34627,downloaded,34627,
2026-07-17,NSE,ITBEES,raw_l2/trade_date=2026-07-17/exchange=NSE/symbol=ITBEES/part-042209_266089-005104.parquet,real_data_sample\l2_unseen_validation\trade_date=2026-07-17\exchange=NSE\symbol=ITBEES\part-042209_266089-005104.parquet,34431,downloaded,34431,
2026-07-17,NSE,ITBEES,raw_l2/trade_date=2026-07-17/exchange=NSE/symbol=ITBEES/part-042347_008713-005328.parquet,real_data_sample\l2_unseen_validation\trade_date=2026-07-17\exchange=NSE\symbol=ITBEES\part-042347_008713-005328.parquet,34580,downloaded,34580,
2026-07-17,NSE,ITBEES,raw_l2/trade_date=2026-07-17/exchange=NSE/symbol=ITBEES/part-042017_965656-004848.parquet,real_data_sample\l2_unseen_validation\trade_date=2026-07-17\exchange=NSE\symbol=ITBEES\part-042017_965656-004848.parquet,34662,downloaded,34662,
2026-07-17,NSE,ITBEES,raw_l2/trade_date=2026-07-17/exchange=NSE/symbol=ITBEES/part-042304_895294-005232.parquet,real_data_sample\l2_unseen_validation\trade_date=2026-07-17\exchange=NSE\symbol=ITBEES\part-042304_895294-005232.parquet,34676,downloaded,34676,
2026-07-17,NSE,ITBEES,raw_l2/trade_date=2026-07-17/exchange=NSE/symbol=ITBEES/part-042237_159667-005168.parquet,real_data_sample\l2_unseen_validation\trade_date=2026-07-17\exchange=NSE\symbol=ITBEES\part-042237_159667-005168.parquet,34370,downloaded,34370,
2026-07-17,NSE,ITBEES,raw_l2/trade_date=2026-07-17/exchange=NSE/symbol=ITBEES/part-042250_964061-005200.parquet,real_data_sample\l2_unseen_validation\trade_date=2026-07-17\exchange=NSE\symbol=ITBEES\part-042250_964061-005200.parquet,34597,downloaded,34597,
2026-07-17,NSE,ITBEES,raw_l2/trade_date=2026-07-17/exchange=NSE/symbol=ITBEES/part-041345_849543-003952.parquet,real_data_sample\l2_unseen_validation\trade_date=2026-07-17\exchange=NSE\symbol=ITBEES\part-041345_849543-003952.parquet,34402,downloaded,34402,
2026-07-17,NSE,ITBEES,raw_l2/trade_date=2026-07-17/exchange=NSE/symbol=ITBEES/part-042456_429153-005488.parquet,real_data_sample\l2_unseen_validation\trade_date=2026-07-17\exchange=NSE\symbol=ITBEES\part-042456_429153-005488.parquet,34434,downloaded,34434,
2026-07-17,NSE,ITBEES,raw_l2/trade_date=2026-07-17/exchange=NSE/symbol=ITBEES/part-042428_713374-005424.parquet,real_data_sample\l2_unseen_validation\trade_date=2026-07-17\exchange=NSE\symbol=ITBEES\part-042428_713374-005424.parquet,34434,downloaded,34434,
2026-07-17,NSE,ITBEES,raw_l2/trade_date=2026-07-17/exchange=NSE/symbol=ITBEES/part-042414_700324-005392.parquet,real_data_sample\l2_unseen_validation\trade_date=2026-07-17\exchange=NSE\symbol=ITBEES\part-042414_700324-005392.parquet,34555,downloaded,34555,
2026-07-17,NSE,ITBEES,raw_l2/trade_date=2026-07-17/exchange=NSE/symbol=ITBEES/part-042442_783689-005456.parquet,real_data_sample\l2_unseen_validation\trade_date=2026-07-17\exchange=NSE\symbol=ITBEES\part-042442_783689-005456.parquet,34724,downloaded,34724,
2026-07-17,NSE,ITBEES,raw_l2/trade_date=2026-07-17/exchange=NSE/symbol=ITBEES/part-042524_105158-005552.parquet,real_data_sample\l2_unseen_validation\trade_date=2026-07-17\exchange=NSE\symbol=ITBEES\part-042524_105158-005552.parquet,34754,downloaded,34754,
2026-07-17,NSE,ITBEES,raw_l2/trade_date=2026-07-17/exchange=NSE/symbol=ITBEES/part-042510_221450-005520.parquet,real_data_sample\l2_unseen_validation\trade_date=2026-07-17\exchange=NSE\symbol=ITBEES\part-042510_221450-005520.parquet,34663,downloaded,34663,
2026-07-17,NSE,ITBEES,raw_l2/trade_date=2026-07-17/exchange=NSE/symbol=ITBEES/part-042538_352002-005584.parquet,real_data_sample\l2_unseen_validation\trade_date=2026-07-17\exchange=NSE\symbol=ITBEES\part-042538_352002-005584.parquet,34694,downloaded,34694,
2026-07-17,NSE,ITBEES,raw_l2/trade_date=2026-07-17/exchange=NSE/symbol=ITBEES/part-042552_197076-005616.parquet,real_data_sample\l2_unseen_validation\trade_date=2026-07-17\exchange=NSE\symbol=ITBEES\part-042552_197076-005616.parquet,34723,downloaded,34723,
2026-07-17,NSE,ITBEES,raw_l2/trade_date=2026-07-17/exchange=NSE/symbol=ITBEES/part-041907_530267-004688.parquet,real_data_sample\l2_unseen_validation\trade_date=2026-07-17\exchange=NSE\symbol=ITBEES\part-041907_530267-004688.parquet,34620,downloaded,34620,
2026-07-17,NSE,ITBEES,raw_l2/trade_date=2026-07-17/exchange=NSE/symbol=ITBEES/part-042045_680870-004912.parquet,real_data_sample\l2_unseen_validation\trade_date=2026-07-17\exchange=NSE\symbol=ITBEES\part-042045_680870-004912.parquet,34430,downloaded,34430,
2026-07-17,NSE,ITBEES,raw_l2/trade_date=2026-07-17/exchange=NSE/symbol=ITBEES/part-041838_995663-004624.parquet,real_data_sample\l2_unseen_validation\trade_date=2026-07-17\exchange=NSE\symbol=ITBEES\part-041838_995663-004624.parquet,34576,downloaded,34576,
2026-07-17,NSE,ITBEES,raw_l2/trade_date=2026-07-17/exchange=NSE/symbol=ITBEES/part-042031_740815-004880.parquet,real_data_sample\l2_unseen_validation\trade_date=2026-07-17\exchange=NSE\symbol=ITBEES\part-042031_740815-004880.parquet,34773,downloaded,34773,
2026-07-17,NSE,ITBEES,raw_l2/trade_date=2026-07-17/exchange=NSE/symbol=ITBEES/part-042634_556327-005712.parquet,real_data_sample\l2_unseen_validation\trade_date=2026-07-17\exchange=NSE\symbol=ITBEES\part-042634_556327-005712.parquet,34626,downloaded,34626,
2026-07-17,NSE,ITBEES,raw_l2/trade_date=2026-07-17/exchange=NSE/symbol=ITBEES/part-042702_542962-005776.parquet,real_data_sample\l2_unseen_validation\trade_date=2026-07-17\exchange=NSE\symbol=ITBEES\part-042702_542962-005776.parquet,34460,downloaded,34460,
2026-07-17,NSE,ITBEES,raw_l2/trade_date=2026-07-17/exchange=NSE/symbol=ITBEES/part-042648_537622-005744.parquet,real_data_sample\l2_unseen_validation\trade_date=2026-07-17\exchange=NSE\symbol=ITBEES\part-042648_537622-005744.parquet,34699,downloaded,34699,
2026-07-17,NSE,ITBEES,raw_l2/trade_date=2026-07-17/exchange=NSE/symbol=ITBEES/part-042620_376509-005680.parquet,real_data_sample\l2_unseen_validation\trade_date=2026-07-17\exchange=NSE\symbol=ITBEES\part-042620_376509-005680.parquet,34675,downloaded,34675,
2026-07-17,NSE,ITBEES,raw_l2/trade_date=2026-07-17/exchange=NSE/symbol=ITBEES/part-042606_387210-005648.parquet,real_data_sample\l2_unseen_validation\trade_date=2026-07-17\exchange=NSE\symbol=ITBEES\part-042606_387210-005648.parquet,34649,downloaded,34649,
2026-07-17,NSE,ITBEES,raw_l2/trade_date=2026-07-17/exchange=NSE/symbol=ITBEES/part-042730_579004-005840.parquet,real_data_sample\l2_unseen_validation\trade_date=2026-07-17\exchange=NSE\symbol=ITBEES\part-042730_579004-005840.parquet,34580,downloaded,34580,
2026-07-17,NSE,ITBEES,raw_l2/trade_date=2026-07-17/exchange=NSE/symbol=ITBEES/part-042921_761548-006096.parquet,real_data_sample\l2_unseen_validation\trade_date=2026-07-17\exchange=NSE\symbol=ITBEES\part-042921_761548-006096.parquet,34634,downloaded,34634,
2026-07-17,NSE,ITBEES,raw_l2/trade_date=2026-07-17/exchange=NSE/symbol=ITBEES/part-042839_990567-006000.parquet,real_data_sample\l2_unseen_validation\trade_date=2026-07-17\exchange=NSE\symbol=ITBEES\part-042839_990567-006000.parquet,34667,downloaded,34667,
2026-07-17,NSE,ITBEES,raw_l2/trade_date=2026-07-17/exchange=NSE/symbol=ITBEES/part-042907_781217-006064.parquet,real_data_sample\l2_unseen_validation\trade_date=2026-07-17\exchange=NSE\symbol=ITBEES\part-042907_781217-006064.parquet,34554,downloaded,34554,
2026-07-17,NSE,ITBEES,raw_l2/trade_date=2026-07-17/exchange=NSE/symbol=ITBEES/part-041634_130292-004336.parquet,real_data_sample\l2_unseen_validation\trade_date=2026-07-17\exchange=NSE\symbol=ITBEES\part-041634_130292-004336.parquet,34447,downloaded,34447,
2026-07-17,NSE,ITBEES,raw_l2/trade_date=2026-07-17/exchange=NSE/symbol=ITBEES/part-042758_159817-005904.parquet,real_data_sample\l2_unseen_validation\trade_date=2026-07-17\exchange=NSE\symbol=ITBEES\part-042758_159817-005904.parquet,34780,downloaded,34780,
2026-07-17,NSE,ITBEES,raw_l2/trade_date=2026-07-17/exchange=NSE/symbol=ITBEES/part-043003_756637-006192.parquet,real_data_sample\l2_unseen_validation\trade_date=2026-07-17\exchange=NSE\symbol=ITBEES\part-043003_756637-006192.parquet,34540,downloaded,34540,
2026-07-17,NSE,ITBEES,raw_l2/trade_date=2026-07-17/exchange=NSE/symbol=ITBEES/part-042935_769716-006128.parquet,real_data_sample\l2_unseen_validation\trade_date=2026-07-17\exchange=NSE\symbol=ITBEES\part-042935_769716-006128.parquet,34326,downloaded,34326,
2026-07-17,NSE,ITBEES,raw_l2/trade_date=2026-07-17/exchange=NSE/symbol=ITBEES/part-043141_858237-006416.parquet,real_data_sample\l2_unseen_validation\trade_date=2026-07-17\exchange=NSE\symbol=ITBEES\part-043141_858237-006416.parquet,34377,downloaded,34377,
2026-07-17,NSE,ITBEES,raw_l2/trade_date=2026-07-17/exchange=NSE/symbol=ITBEES/part-042826_017040-005968.parquet,real_data_sample\l2_unseen_validation\trade_date=2026-07-17\exchange=NSE\symbol=ITBEES\part-042826_017040-005968.parquet,34790,downloaded,34790,
2026-07-17,NSE,ITBEES,raw_l2/trade_date=2026-07-17/exchange=NSE/symbol=ITBEES/part-043018_066222-006224.parquet,real_data_sample\l2_unseen_validation\trade_date=2026-07-17\exchange=NSE\symbol=ITBEES\part-043018_066222-006224.parquet,34659,downloaded,34659,
2026-07-17,NSE,ITBEES,raw_l2/trade_date=2026-07-17/exchange=NSE/symbol=ITBEES/part-042853_921509-006032.parquet,real_data_sample\l2_unseen_validation\trade_date=2026-07-17\exchange=NSE\symbol=ITBEES\part-042853_921509-006032.parquet,34684,downloaded,34684,
2026-07-17,NSE,ITBEES,raw_l2/trade_date=2026-07-17/exchange=NSE/symbol=ITBEES/part-042744_407670-005872.parquet,real_data_sample\l2_unseen_validation\trade_date=2026-07-17\exchange=NSE\symbol=ITBEES\part-042744_407670-005872.parquet,34617,downloaded,34617,
2026-07-17,NSE,ITBEES,raw_l2/trade_date=2026-07-17/exchange=NSE/symbol=ITBEES/part-043031_984297-006256.parquet,real_data_sample\l2_unseen_validation\trade_date=2026-07-17\exchange=NSE\symbol=ITBEES\part-043031_984297-006256.parquet,34596,downloaded,34596,
2026-07-17,NSE,ITBEES,raw_l2/trade_date=2026-07-17/exchange=NSE/symbol=ITBEES/part-042811_953815-005936.parquet,real_data_sample\l2_unseen_validation\trade_date=2026-07-17\exchange=NSE\symbol=ITBEES\part-042811_953815-005936.parquet,34678,downloaded,34678,
2026-07-17,NSE,ITBEES,raw_l2/trade_date=2026-07-17/exchange=NSE/symbol=ITBEES/part-043113_522896-006352.parquet,real_data_sample\l2_unseen_validation\trade_date=2026-07-17\exchange=NSE\symbol=ITBEES\part-043113_522896-006352.parquet,34658,downloaded,34658,
2026-07-17,NSE,ITBEES,raw_l2/trade_date=2026-07-17/exchange=NSE/symbol=ITBEES/part-043127_727117-006384.parquet,real_data_sample\l2_unseen_validation\trade_date=2026-07-17\exchange=NSE\symbol=ITBEES\part-043127_727117-006384.parquet,34652,downloaded,34652,
2026-07-17,NSE,ITBEES,raw_l2/trade_date=2026-07-17/exchange=NSE/symbol=ITBEES/part-043059_440114-006320.parquet,real_data_sample\l2_unseen_validation\trade_date=2026-07-17\exchange=NSE\symbol=ITBEES\part-043059_440114-006320.parquet,34686,downloaded,34686,
2026-07-17,NSE,ITBEES,raw_l2/trade_date=2026-07-17/exchange=NSE/symbol=ITBEES/part-043045_706767-006288.parquet,real_data_sample\l2_unseen_validation\trade_date=2026-07-17\exchange=NSE\symbol=ITBEES\part-043045_706767-006288.parquet,34420,downloaded,34420,
2026-07-17,NSE,ITBEES,raw_l2/trade_date=2026-07-17/exchange=NSE/symbol=ITBEES/part-041509_942790-004144.parquet,real_data_sample\l2_unseen_validation\trade_date=2026-07-17\exchange=NSE\symbol=ITBEES\part-041509_942790-004144.parquet,34595,downloaded,34595,
2026-07-17,NSE,ITBEES,raw_l2/trade_date=2026-07-17/exchange=NSE/symbol=ITBEES/part-043252_162095-006576.parquet,real_data_sample\l2_unseen_validation\trade_date=2026-07-17\exchange=NSE\symbol=ITBEES\part-043252_162095-006576.parquet,34444,downloaded,34444,
2026-07-17,NSE,ITBEES,raw_l2/trade_date=2026-07-17/exchange=NSE/symbol=ITBEES/part-043334_263253-006672.parquet,real_data_sample\l2_unseen_validation\trade_date=2026-07-17\exchange=NSE\symbol=ITBEES\part-043334_263253-006672.parquet,34462,downloaded,34462,
2026-07-17,NSE,ITBEES,raw_l2/trade_date=2026-07-17/exchange=NSE/symbol=ITBEES/part-043306_001061-006608.parquet,real_data_sample\l2_unseen_validation\trade_date=2026-07-17\exchange=NSE\symbol=ITBEES\part-043306_001061-006608.parquet,34451,downloaded,34451,
2026-07-17,NSE,ITBEES,raw_l2/trade_date=2026-07-17/exchange=NSE/symbol=ITBEES/part-043348_273531-006704.parquet,real_data_sample\l2_unseen_validation\trade_date=2026-07-17\exchange=NSE\symbol=ITBEES\part-043348_273531-006704.parquet,34469,downloaded,34469,
2026-07-17,NSE,ITBEES,raw_l2/trade_date=2026-07-17/exchange=NSE/symbol=ITBEES/part-043320_183313-006640.parquet,real_data_sample\l2_unseen_validation\trade_date=2026-07-17\exchange=NSE\symbol=ITBEES\part-043320_183313-006640.parquet,34455,downloaded,34455,
2026-07-17,NSE,ITBEES,raw_l2/trade_date=2026-07-17/exchange=NSE/symbol=ITBEES/part-042319_010289-005264.parquet,real_data_sample\l2_unseen_validation\trade_date=2026-07-17\exchange=NSE\symbol=ITBEES\part-042319_010289-005264.parquet,34571,downloaded,34571,
2026-07-17,NSE,ITBEES,raw_l2/trade_date=2026-07-17/exchange=NSE/symbol=ITBEES/part-043209_788625-006480.parquet,real_data_sample\l2_unseen_validation\trade_date=2026-07-17\exchange=NSE\symbol=ITBEES\part-043209_788625-006480.parquet,34469,downloaded,34469,
2026-07-17,NSE,ITBEES,raw_l2/trade_date=2026-07-17/exchange=NSE/symbol=ITBEES/part-043402_212801-006736.parquet,real_data_sample\l2_unseen_validation\trade_date=2026-07-17\exchange=NSE\symbol=ITBEES\part-043402_212801-006736.parquet,34503,downloaded,34503,
2026-07-17,NSE,ITBEES,raw_l2/trade_date=2026-07-17/exchange=NSE/symbol=ITBEES/part-043430_262931-006800.parquet,real_data_sample\l2_unseen_validation\trade_date=2026-07-17\exchange=NSE\symbol=ITBEES\part-043430_262931-006800.parquet,34678,downloaded,34678,
2026-07-17,NSE,ITBEES,raw_l2/trade_date=2026-07-17/exchange=NSE/symbol=ITBEES/part-043416_397793-006768.parquet,real_data_sample\l2_unseen_validation\trade_date=2026-07-17\exchange=NSE\symbol=ITBEES\part-043416_397793-006768.parquet,34527,downloaded,34527,
2026-07-17,NSE,ITBEES,raw_l2/trade_date=2026-07-17/exchange=NSE/symbol=ITBEES/part-043444_229247-006832.parquet,real_data_sample\l2_unseen_validation\trade_date=2026-07-17\exchange=NSE\symbol=ITBEES\part-043444_229247-006832.parquet,34308,downloaded,34308,
2026-07-17,NSE,ITBEES,raw_l2/trade_date=2026-07-17/exchange=NSE/symbol=ITBEES/part-043511_763924-006896.parquet,real_data_sample\l2_unseen_validation\trade_date=2026-07-17\exchange=NSE\symbol=ITBEES\part-043511_763924-006896.parquet,34391,downloaded,34391,
2026-07-17,NSE,ITBEES,raw_l2/trade_date=2026-07-17/exchange=NSE/symbol=ITBEES/part-043525_725244-006928.parquet,real_data_sample\l2_unseen_validation\trade_date=2026-07-17\exchange=NSE\symbol=ITBEES\part-043525_725244-006928.parquet,34684,downloaded,34684,
2026-07-17,NSE,ITBEES,raw_l2/trade_date=2026-07-17/exchange=NSE/symbol=ITBEES/part-043553_464768-006992.parquet,real_data_sample\l2_unseen_validation\trade_date=2026-07-17\exchange=NSE\symbol=ITBEES\part-043553_464768-006992.parquet,34497,downloaded,34497,
2026-07-17,NSE,ITBEES,raw_l2/trade_date=2026-07-17/exchange=NSE/symbol=ITBEES/part-043621_446805-007056.parquet,real_data_sample\l2_unseen_validation\trade_date=2026-07-17\exchange=NSE\symbol=ITBEES\part-043621_446805-007056.parquet,34589,downloaded,34589,
2026-07-17,NSE,ITBEES,raw_l2/trade_date=2026-07-17/exchange=NSE/symbol=ITBEES/part-043607_493302-007024.parquet,real_data_sample\l2_unseen_validation\trade_date=2026-07-17\exchange=NSE\symbol=ITBEES\part-043607_493302-007024.parquet,34471,downloaded,34471,
2026-07-17,NSE,ITBEES,raw_l2/trade_date=2026-07-17/exchange=NSE/symbol=ITBEES/part-043635_434480-007088.parquet,real_data_sample\l2_unseen_validation\trade_date=2026-07-17\exchange=NSE\symbol=ITBEES\part-043635_434480-007088.parquet,34559,downloaded,34559,
2026-07-17,NSE,ITBEES,raw_l2/trade_date=2026-07-17/exchange=NSE/symbol=ITBEES/part-043649_608963-007120.parquet,real_data_sample\l2_unseen_validation\trade_date=2026-07-17\exchange=NSE\symbol=ITBEES\part-043649_608963-007120.parquet,34498,downloaded,34498,
2026-07-17,NSE,ITBEES,raw_l2/trade_date=2026-07-17/exchange=NSE/symbol=ITBEES/part-043731_324730-007216.parquet,real_data_sample\l2_unseen_validation\trade_date=2026-07-17\exchange=NSE\symbol=ITBEES\part-043731_324730-007216.parquet,34521,downloaded,34521,
2026-07-17,NSE,ITBEES,raw_l2/trade_date=2026-07-17/exchange=NSE/symbol=ITBEES/part-043703_542732-007152.parquet,real_data_sample\l2_unseen_validation\trade_date=2026-07-17\exchange=NSE\symbol=ITBEES\part-043703_542732-007152.parquet,34546,downloaded,34546,
2026-07-17,NSE,ITBEES,raw_l2/trade_date=2026-07-17/exchange=NSE/symbol=ITBEES/part-043238_232636-006544.parquet,real_data_sample\l2_unseen_validation\trade_date=2026-07-17\exchange=NSE\symbol=ITBEES\part-043238_232636-006544.parquet,34540,downloaded,34540,
2026-07-17,NSE,ITBEES,raw_l2/trade_date=2026-07-17/exchange=NSE/symbol=ITBEES/part-043717_469527-007184.parquet,real_data_sample\l2_unseen_validation\trade_date=2026-07-17\exchange=NSE\symbol=ITBEES\part-043717_469527-007184.parquet,34389,downloaded,34389,
2026-07-17,NSE,ITBEES,raw_l2/trade_date=2026-07-17/exchange=NSE/symbol=ITBEES/part-043841_461532-007376.parquet,real_data_sample\l2_unseen_validation\trade_date=2026-07-17\exchange=NSE\symbol=ITBEES\part-043841_461532-007376.parquet,34656,downloaded,34656,
2026-07-17,NSE,ITBEES,raw_l2/trade_date=2026-07-17/exchange=NSE/symbol=ITBEES/part-043855_561544-007408.parquet,real_data_sample\l2_unseen_validation\trade_date=2026-07-17\exchange=NSE\symbol=ITBEES\part-043855_561544-007408.parquet,34415,downloaded,34415,
2026-07-17,NSE,ITBEES,raw_l2/trade_date=2026-07-17/exchange=NSE/symbol=ITBEES/part-043539_527273-006960.parquet,real_data_sample\l2_unseen_validation\trade_date=2026-07-17\exchange=NSE\symbol=ITBEES\part-043539_527273-006960.parquet,34450,downloaded,34450,
2026-07-17,NSE,ITBEES,raw_l2/trade_date=2026-07-17/exchange=NSE/symbol=ITBEES/part-043923_089899-007472.parquet,real_data_sample\l2_unseen_validation\trade_date=2026-07-17\exchange=NSE\symbol=ITBEES\part-043923_089899-007472.parquet,34684,downloaded,34684,
2026-07-17,NSE,ITBEES,raw_l2/trade_date=2026-07-17/exchange=NSE/symbol=ITBEES/part-043758_935918-007280.parquet,real_data_sample\l2_unseen_validation\trade_date=2026-07-17\exchange=NSE\symbol=ITBEES\part-043758_935918-007280.parquet,34710,downloaded,34710,
2026-07-17,NSE,ITBEES,raw_l2/trade_date=2026-07-17/exchange=NSE/symbol=ITBEES/part-043909_436895-007440.parquet,real_data_sample\l2_unseen_validation\trade_date=2026-07-17\exchange=NSE\symbol=ITBEES\part-043909_436895-007440.parquet,34420,downloaded,34420,
2026-07-17,NSE,ITBEES,raw_l2/trade_date=2026-07-17/exchange=NSE/symbol=ITBEES/part-043745_212586-007248.parquet,real_data_sample\l2_unseen_validation\trade_date=2026-07-17\exchange=NSE\symbol=ITBEES\part-043745_212586-007248.parquet,34370,downloaded,34370,
2026-07-17,NSE,ITBEES,raw_l2/trade_date=2026-07-17/exchange=NSE/symbol=ITBEES/part-043812_724671-007312.parquet,real_data_sample\l2_unseen_validation\trade_date=2026-07-17\exchange=NSE\symbol=ITBEES\part-043812_724671-007312.parquet,34605,downloaded,34605,
2026-07-17,NSE,ITBEES,raw_l2/trade_date=2026-07-17/exchange=NSE/symbol=ITBEES/part-043936_646413-007504.parquet,real_data_sample\l2_unseen_validation\trade_date=2026-07-17\exchange=NSE\symbol=ITBEES\part-043936_646413-007504.parquet,34725,downloaded,34725,
2026-07-17,NSE,ITBEES,raw_l2/trade_date=2026-07-17/exchange=NSE/symbol=ITBEES/part-043950_466987-007536.parquet,real_data_sample\l2_unseen_validation\trade_date=2026-07-17\exchange=NSE\symbol=ITBEES\part-043950_466987-007536.parquet,34645,downloaded,34645,
2026-07-17,NSE,ITBEES,raw_l2/trade_date=2026-07-17/exchange=NSE/symbol=ITBEES/part-042949_750933-006160.parquet,real_data_sample\l2_unseen_validation\trade_date=2026-07-17\exchange=NSE\symbol=ITBEES\part-042949_750933-006160.parquet,34680,downloaded,34680,
2026-07-17,NSE,ITBEES,raw_l2/trade_date=2026-07-17/exchange=NSE/symbol=ITBEES/part-043224_148189-006512.parquet,real_data_sample\l2_unseen_validation\trade_date=2026-07-17\exchange=NSE\symbol=ITBEES\part-043224_148189-006512.parquet,34502,downloaded,34502,
2026-07-17,NSE,ITBEES,raw_l2/trade_date=2026-07-17/exchange=NSE/symbol=ITBEES/part-044017_953157-007600.parquet,real_data_sample\l2_unseen_validation\trade_date=2026-07-17\exchange=NSE\symbol=ITBEES\part-044017_953157-007600.parquet,34594,downloaded,34594,
2026-07-17,NSE,ITBEES,raw_l2/trade_date=2026-07-17/exchange=NSE/symbol=ITBEES/part-044031_700886-007632.parquet,real_data_sample\l2_unseen_validation\trade_date=2026-07-17\exchange=NSE\symbol=ITBEES\part-044031_700886-007632.parquet,34514,downloaded,34514,
2026-07-17,NSE,ITBEES,raw_l2/trade_date=2026-07-17/exchange=NSE/symbol=ITBEES/part-044112_912353-007728.parquet,real_data_sample\l2_unseen_validation\trade_date=2026-07-17\exchange=NSE\symbol=ITBEES\part-044112_912353-007728.parquet,34678,downloaded,34678,
2026-07-17,NSE,ITBEES,raw_l2/trade_date=2026-07-17/exchange=NSE/symbol=ITBEES/part-044059_098602-007696.parquet,real_data_sample\l2_unseen_validation\trade_date=2026-07-17\exchange=NSE\symbol=ITBEES\part-044059_098602-007696.parquet,34609,downloaded,34609,
2026-07-17,NSE,ITBEES,raw_l2/trade_date=2026-07-17/exchange=NSE/symbol=ITBEES/part-044126_652125-007760.parquet,real_data_sample\l2_unseen_validation\trade_date=2026-07-17\exchange=NSE\symbol=ITBEES\part-044126_652125-007760.parquet,34596,downloaded,34596,
2026-07-17,NSE,ITBEES,raw_l2/trade_date=2026-07-17/exchange=NSE/symbol=ITBEES/part-044045_432351-007664.parquet,real_data_sample\l2_unseen_validation\trade_date=2026-07-17\exchange=NSE\symbol=ITBEES\part-044045_432351-007664.parquet,34568,downloaded,34568,
2026-07-17,NSE,ITBEES,raw_l2/trade_date=2026-07-17/exchange=NSE/symbol=ITBEES/part-044249_672405-007952.parquet,real_data_sample\l2_unseen_validation\trade_date=2026-07-17\exchange=NSE\symbol=ITBEES\part-044249_672405-007952.parquet,34608,downloaded,34608,
2026-07-17,NSE,ITBEES,raw_l2/trade_date=2026-07-17/exchange=NSE/symbol=ITBEES/part-044140_414723-007792.parquet,real_data_sample\l2_unseen_validation\trade_date=2026-07-17\exchange=NSE\symbol=ITBEES\part-044140_414723-007792.parquet,34453,downloaded,34453,
2026-07-17,NSE,ITBEES,raw_l2/trade_date=2026-07-17/exchange=NSE/symbol=ITBEES/part-044412_696976-008144.parquet,real_data_sample\l2_unseen_validation\trade_date=2026-07-17\exchange=NSE\symbol=ITBEES\part-044412_696976-008144.parquet,34615,downloaded,34615,
2026-07-17,NSE,ITBEES,raw_l2/trade_date=2026-07-17/exchange=NSE/symbol=ITBEES/part-043155_731764-006448.parquet,real_data_sample\l2_unseen_validation\trade_date=2026-07-17\exchange=NSE\symbol=ITBEES\part-043155_731764-006448.parquet,34510,downloaded,34510,
2026-07-17,NSE,ITBEES,raw_l2/trade_date=2026-07-17/exchange=NSE/symbol=ITBEES/part-044303_454438-007984.parquet,real_data_sample\l2_unseen_validation\trade_date=2026-07-17\exchange=NSE\symbol=ITBEES\part-044303_454438-007984.parquet,34564,downloaded,34564,
2026-07-17,NSE,ITBEES,raw_l2/trade_date=2026-07-17/exchange=NSE/symbol=ITBEES/part-044331_404002-008048.parquet,real_data_sample\l2_unseen_validation\trade_date=2026-07-17\exchange=NSE\symbol=ITBEES\part-044331_404002-008048.parquet,34683,downloaded,34683,
2026-07-17,NSE,ITBEES,raw_l2/trade_date=2026-07-17/exchange=NSE/symbol=ITBEES/part-044221_751458-007888.parquet,real_data_sample\l2_unseen_validation\trade_date=2026-07-17\exchange=NSE\symbol=ITBEES\part-044221_751458-007888.parquet,34332,downloaded,34332,
2026-07-17,NSE,ITBEES,raw_l2/trade_date=2026-07-17/exchange=NSE/symbol=ITBEES/part-044154_159819-007824.parquet,real_data_sample\l2_unseen_validation\trade_date=2026-07-17\exchange=NSE\symbol=ITBEES\part-044154_159819-007824.parquet,34488,downloaded,34488,
2026-07-17,NSE,ITBEES,raw_l2/trade_date=2026-07-17/exchange=NSE/symbol=ITBEES/part-044207_869412-007856.parquet,real_data_sample\l2_unseen_validation\trade_date=2026-07-17\exchange=NSE\symbol=ITBEES\part-044207_869412-007856.parquet,34702,downloaded,34702,
2026-07-17,NSE,ITBEES,raw_l2/trade_date=2026-07-17/exchange=NSE/symbol=ITBEES/part-044235_719027-007920.parquet,real_data_sample\l2_unseen_validation\trade_date=2026-07-17\exchange=NSE\symbol=ITBEES\part-044235_719027-007920.parquet,34340,downloaded,34340,
2026-07-17,NSE,ITBEES,raw_l2/trade_date=2026-07-17/exchange=NSE/symbol=ITBEES/part-044358_954183-008112.parquet,real_data_sample\l2_unseen_validation\trade_date=2026-07-17\exchange=NSE\symbol=ITBEES\part-044358_954183-008112.parquet,34450,downloaded,34450,
2026-07-17,NSE,ITBEES,raw_l2/trade_date=2026-07-17/exchange=NSE/symbol=ITBEES/part-044345_165904-008080.parquet,real_data_sample\l2_unseen_validation\trade_date=2026-07-17\exchange=NSE\symbol=ITBEES\part-044345_165904-008080.parquet,34521,downloaded,34521,
2026-07-17,NSE,ITBEES,raw_l2/trade_date=2026-07-17/exchange=NSE/symbol=ITBEES/part-044426_369788-008176.parquet,real_data_sample\l2_unseen_validation\trade_date=2026-07-17\exchange=NSE\symbol=ITBEES\part-044426_369788-008176.parquet,34556,downloaded,34556,
2026-07-17,NSE,ITBEES,raw_l2/trade_date=2026-07-17/exchange=NSE/symbol=ITBEES/part-044507_904069-008272.parquet,real_data_sample\l2_unseen_validation\trade_date=2026-07-17\exchange=NSE\symbol=ITBEES\part-044507_904069-008272.parquet,34496,downloaded,34496,
2026-07-17,NSE,ITBEES,raw_l2/trade_date=2026-07-17/exchange=NSE/symbol=ITBEES/part-044454_168783-008240.parquet,real_data_sample\l2_unseen_validation\trade_date=2026-07-17\exchange=NSE\symbol=ITBEES\part-044454_168783-008240.parquet,34526,downloaded,34526,
2026-07-17,NSE,ITBEES,raw_l2/trade_date=2026-07-17/exchange=NSE/symbol=ITBEES/part-044535_383258-008336.parquet,real_data_sample\l2_unseen_validation\trade_date=2026-07-17\exchange=NSE\symbol=ITBEES\part-044535_383258-008336.parquet,34532,downloaded,34532,
2026-07-17,NSE,ITBEES,raw_l2/trade_date=2026-07-17/exchange=NSE/symbol=ITBEES/part-044521_665758-008304.parquet,real_data_sample\l2_unseen_validation\trade_date=2026-07-17\exchange=NSE\symbol=ITBEES\part-044521_665758-008304.parquet,34618,downloaded,34618,
2026-07-17,NSE,ITBEES,raw_l2/trade_date=2026-07-17/exchange=NSE/symbol=ITBEES/part-042716_513650-005808.parquet,real_data_sample\l2_unseen_validation\trade_date=2026-07-17\exchange=NSE\symbol=ITBEES\part-042716_513650-005808.parquet,34365,downloaded,34365,
2026-07-17,NSE,ITBEES,raw_l2/trade_date=2026-07-17/exchange=NSE/symbol=ITBEES/part-044004_165313-007568.parquet,real_data_sample\l2_unseen_validation\trade_date=2026-07-17\exchange=NSE\symbol=ITBEES\part-044004_165313-007568.parquet,34360,downloaded,34360,
2026-07-17,NSE,ITBEES,raw_l2/trade_date=2026-07-17/exchange=NSE/symbol=ITBEES/part-044440_211103-008208.parquet,real_data_sample\l2_unseen_validation\trade_date=2026-07-17\exchange=NSE\symbol=ITBEES\part-044440_211103-008208.parquet,34488,downloaded,34488,
2026-07-17,NSE,ITBEES,raw_l2/trade_date=2026-07-17/exchange=NSE/symbol=ITBEES/part-044549_185360-008368.parquet,real_data_sample\l2_unseen_validation\trade_date=2026-07-17\exchange=NSE\symbol=ITBEES\part-044549_185360-008368.parquet,34486,downloaded,34486,
2026-07-17,NSE,ITBEES,raw_l2/trade_date=2026-07-17/exchange=NSE/symbol=ITBEES/part-044630_693676-008464.parquet,real_data_sample\l2_unseen_validation\trade_date=2026-07-17\exchange=NSE\symbol=ITBEES\part-044630_693676-008464.parquet,34333,downloaded,34333,
2026-07-17,NSE,ITBEES,raw_l2/trade_date=2026-07-17/exchange=NSE/symbol=ITBEES/part-043458_036370-006864.parquet,real_data_sample\l2_unseen_validation\trade_date=2026-07-17\exchange=NSE\symbol=ITBEES\part-043458_036370-006864.parquet,34451,downloaded,34451,
2026-07-17,NSE,ITBEES,raw_l2/trade_date=2026-07-17/exchange=NSE/symbol=ITBEES/part-044644_517739-008496.parquet,real_data_sample\l2_unseen_validation\trade_date=2026-07-17\exchange=NSE\symbol=ITBEES\part-044644_517739-008496.parquet,34558,downloaded,34558,
2026-07-17,NSE,ITBEES,raw_l2/trade_date=2026-07-17/exchange=NSE/symbol=ITBEES/part-044807_676914-008688.parquet,real_data_sample\l2_unseen_validation\trade_date=2026-07-17\exchange=NSE\symbol=ITBEES\part-044807_676914-008688.parquet,34541,downloaded,34541,
2026-07-17,NSE,ITBEES,raw_l2/trade_date=2026-07-17/exchange=NSE/symbol=ITBEES/part-044658_460531-008528.parquet,real_data_sample\l2_unseen_validation\trade_date=2026-07-17\exchange=NSE\symbol=ITBEES\part-044658_460531-008528.parquet,34457,downloaded,34457,
2026-07-17,NSE,ITBEES,raw_l2/trade_date=2026-07-17/exchange=NSE/symbol=ITBEES/part-044821_472515-008720.parquet,real_data_sample\l2_unseen_validation\trade_date=2026-07-17\exchange=NSE\symbol=ITBEES\part-044821_472515-008720.parquet,34309,downloaded,34309,
2026-07-17,NSE,ITBEES,raw_l2/trade_date=2026-07-17/exchange=NSE/symbol=ITBEES/part-044753_912403-008656.parquet,real_data_sample\l2_unseen_validation\trade_date=2026-07-17\exchange=NSE\symbol=ITBEES\part-044753_912403-008656.parquet,34622,downloaded,34622,
2026-07-17,NSE,ITBEES,raw_l2/trade_date=2026-07-17/exchange=NSE/symbol=ITBEES/part-044725_926927-008592.parquet,real_data_sample\l2_unseen_validation\trade_date=2026-07-17\exchange=NSE\symbol=ITBEES\part-044725_926927-008592.parquet,34599,downloaded,34599,
2026-07-17,NSE,ITBEES,raw_l2/trade_date=2026-07-17/exchange=NSE/symbol=ITBEES/part-044944_215475-008912.parquet,real_data_sample\l2_unseen_validation\trade_date=2026-07-17\exchange=NSE\symbol=ITBEES\part-044944_215475-008912.parquet,34531,downloaded,34531,
2026-07-17,NSE,ITBEES,raw_l2/trade_date=2026-07-17/exchange=NSE/symbol=ITBEES/part-044739_964454-008624.parquet,real_data_sample\l2_unseen_validation\trade_date=2026-07-17\exchange=NSE\symbol=ITBEES\part-044739_964454-008624.parquet,34727,downloaded,34727,
2026-07-17,NSE,ITBEES,raw_l2/trade_date=2026-07-17/exchange=NSE/symbol=ITBEES/part-044712_179674-008560.parquet,real_data_sample\l2_unseen_validation\trade_date=2026-07-17\exchange=NSE\symbol=ITBEES\part-044712_179674-008560.parquet,34622,downloaded,34622,
2026-07-17,NSE,ITBEES,raw_l2/trade_date=2026-07-17/exchange=NSE/symbol=ITBEES/part-044849_154901-008784.parquet,real_data_sample\l2_unseen_validation\trade_date=2026-07-17\exchange=NSE\symbol=ITBEES\part-044849_154901-008784.parquet,34494,downloaded,34494,
2026-07-17,NSE,ITBEES,raw_l2/trade_date=2026-07-17/exchange=NSE/symbol=ITBEES/part-045011_612633-008976.parquet,real_data_sample\l2_unseen_validation\trade_date=2026-07-17\exchange=NSE\symbol=ITBEES\part-045011_612633-008976.parquet,34451,downloaded,34451,
2026-07-17,NSE,ITBEES,raw_l2/trade_date=2026-07-17/exchange=NSE/symbol=ITBEES/part-045038_874934-009040.parquet,real_data_sample\l2_unseen_validation\trade_date=2026-07-17\exchange=NSE\symbol=ITBEES\part-045038_874934-009040.parquet,34531,downloaded,34531,
2026-07-17,NSE,ITBEES,raw_l2/trade_date=2026-07-17/exchange=NSE/symbol=ITBEES/part-045025_321151-009008.parquet,real_data_sample\l2_unseen_validation\trade_date=2026-07-17\exchange=NSE\symbol=ITBEES\part-045025_321151-009008.parquet,34822,downloaded,34822,
2026-07-17,NSE,ITBEES,raw_l2/trade_date=2026-07-17/exchange=NSE/symbol=ITBEES/part-045052_617500-009072.parquet,real_data_sample\l2_unseen_validation\trade_date=2026-07-17\exchange=NSE\symbol=ITBEES\part-045052_617500-009072.parquet,34502,downloaded,34502,
2026-07-17,NSE,ITBEES,raw_l2/trade_date=2026-07-17/exchange=NSE/symbol=ITBEES/part-044957_898422-008944.parquet,real_data_sample\l2_unseen_validation\trade_date=2026-07-17\exchange=NSE\symbol=ITBEES\part-044957_898422-008944.parquet,34494,downloaded,34494,
2026-07-17,NSE,ITBEES,raw_l2/trade_date=2026-07-17/exchange=NSE/symbol=ITBEES/part-044930_442739-008880.parquet,real_data_sample\l2_unseen_validation\trade_date=2026-07-17\exchange=NSE\symbol=ITBEES\part-044930_442739-008880.parquet,34572,downloaded,34572,
2026-07-17,NSE,ITBEES,raw_l2/trade_date=2026-07-17/exchange=NSE/symbol=ITBEES/part-045106_626282-009104.parquet,real_data_sample\l2_unseen_validation\trade_date=2026-07-17\exchange=NSE\symbol=ITBEES\part-045106_626282-009104.parquet,34565,downloaded,34565,
2026-07-17,NSE,ITBEES,raw_l2/trade_date=2026-07-17/exchange=NSE/symbol=ITBEES/part-044916_667942-008848.parquet,real_data_sample\l2_unseen_validation\trade_date=2026-07-17\exchange=NSE\symbol=ITBEES\part-044916_667942-008848.parquet,34482,downloaded,34482,
2026-07-17,NSE,ITBEES,raw_l2/trade_date=2026-07-17/exchange=NSE/symbol=ITBEES/part-044616_917304-008432.parquet,real_data_sample\l2_unseen_validation\trade_date=2026-07-17\exchange=NSE\symbol=ITBEES\part-044616_917304-008432.parquet,34622,downloaded,34622,
2026-07-17,NSE,ITBEES,raw_l2/trade_date=2026-07-17/exchange=NSE/symbol=ITBEES/part-044902_911073-008816.parquet,real_data_sample\l2_unseen_validation\trade_date=2026-07-17\exchange=NSE\symbol=ITBEES\part-044902_911073-008816.parquet,34405,downloaded,34405,
2026-07-17,NSE,ITBEES,raw_l2/trade_date=2026-07-17/exchange=NSE/symbol=ITBEES/part-045230_244898-009296.parquet,real_data_sample\l2_unseen_validation\trade_date=2026-07-17\exchange=NSE\symbol=ITBEES\part-045230_244898-009296.parquet,34510,downloaded,34510,
2026-07-17,NSE,ITBEES,raw_l2/trade_date=2026-07-17/exchange=NSE/symbol=ITBEES/part-045243_956405-009328.parquet,real_data_sample\l2_unseen_validation\trade_date=2026-07-17\exchange=NSE\symbol=ITBEES\part-045243_956405-009328.parquet,34471,downloaded,34471,
2026-07-17,NSE,ITBEES,raw_l2/trade_date=2026-07-17/exchange=NSE/symbol=ITBEES/part-045311_993787-009392.parquet,real_data_sample\l2_unseen_validation\trade_date=2026-07-17\exchange=NSE\symbol=ITBEES\part-045311_993787-009392.parquet,34340,downloaded,34340,
2026-07-17,NSE,ITBEES,raw_l2/trade_date=2026-07-17/exchange=NSE/symbol=ITBEES/part-043827_350337-007344.parquet,real_data_sample\l2_unseen_validation\trade_date=2026-07-17\exchange=NSE\symbol=ITBEES\part-043827_350337-007344.parquet,34638,downloaded,34638,
2026-07-17,NSE,ITBEES,raw_l2/trade_date=2026-07-17/exchange=NSE/symbol=ITBEES/part-045216_366820-009264.parquet,real_data_sample\l2_unseen_validation\trade_date=2026-07-17\exchange=NSE\symbol=ITBEES\part-045216_366820-009264.parquet,34640,downloaded,34640,
2026-07-17,NSE,ITBEES,raw_l2/trade_date=2026-07-17/exchange=NSE/symbol=ITBEES/part-045120_681273-009136.parquet,real_data_sample\l2_unseen_validation\trade_date=2026-07-17\exchange=NSE\symbol=ITBEES\part-045120_681273-009136.parquet,34588,downloaded,34588,
2026-07-17,NSE,ITBEES,raw_l2/trade_date=2026-07-17/exchange=NSE/symbol=ITBEES/part-045134_553917-009168.parquet,real_data_sample\l2_unseen_validation\trade_date=2026-07-17\exchange=NSE\symbol=ITBEES\part-045134_553917-009168.parquet,34550,downloaded,34550,
2026-07-17,NSE,ITBEES,raw_l2/trade_date=2026-07-17/exchange=NSE/symbol=ITBEES/part-044835_460847-008752.parquet,real_data_sample\l2_unseen_validation\trade_date=2026-07-17\exchange=NSE\symbol=ITBEES\part-044835_460847-008752.parquet,34673,downloaded,34673,
2026-07-17,NSE,ITBEES,raw_l2/trade_date=2026-07-17/exchange=NSE/symbol=ITBEES/part-044317_428961-008016.parquet,real_data_sample\l2_unseen_validation\trade_date=2026-07-17\exchange=NSE\symbol=ITBEES\part-044317_428961-008016.parquet,34412,downloaded,34412,
2026-07-17,NSE,ITBEES,raw_l2/trade_date=2026-07-17/exchange=NSE/symbol=ITBEES/part-045325_971991-009424.parquet,real_data_sample\l2_unseen_validation\trade_date=2026-07-17\exchange=NSE\symbol=ITBEES\part-045325_971991-009424.parquet,34553,downloaded,34553,
2026-07-17,NSE,ITBEES,raw_l2/trade_date=2026-07-17/exchange=NSE/symbol=ITBEES/part-045339_724927-009456.parquet,real_data_sample\l2_unseen_validation\trade_date=2026-07-17\exchange=NSE\symbol=ITBEES\part-045339_724927-009456.parquet,34572,downloaded,34572,
2026-07-17,NSE,ITBEES,raw_l2/trade_date=2026-07-17/exchange=NSE/symbol=ITBEES/part-045353_789780-009488.parquet,real_data_sample\l2_unseen_validation\trade_date=2026-07-17\exchange=NSE\symbol=ITBEES\part-045353_789780-009488.parquet,34606,downloaded,34606,
2026-07-17,NSE,ITBEES,raw_l2/trade_date=2026-07-17/exchange=NSE/symbol=ITBEES/part-045421_816967-009552.parquet,real_data_sample\l2_unseen_validation\trade_date=2026-07-17\exchange=NSE\symbol=ITBEES\part-045421_816967-009552.parquet,34710,downloaded,34710,
2026-07-17,NSE,ITBEES,raw_l2/trade_date=2026-07-17/exchange=NSE/symbol=ITBEES/part-045449_808386-009616.parquet,real_data_sample\l2_unseen_validation\trade_date=2026-07-17\exchange=NSE\symbol=ITBEES\part-045449_808386-009616.parquet,34682,downloaded,34682,
2026-07-17,NSE,ITBEES,raw_l2/trade_date=2026-07-17/exchange=NSE/symbol=ITBEES/part-045559_968030-009776.parquet,real_data_sample\l2_unseen_validation\trade_date=2026-07-17\exchange=NSE\symbol=ITBEES\part-045559_968030-009776.parquet,34538,downloaded,34538,
2026-07-17,NSE,ITBEES,raw_l2/trade_date=2026-07-17/exchange=NSE/symbol=ITBEES/part-045545_987057-009744.parquet,real_data_sample\l2_unseen_validation\trade_date=2026-07-17\exchange=NSE\symbol=ITBEES\part-045545_987057-009744.parquet,34496,downloaded,34496,
2026-07-17,NSE,ITBEES,raw_l2/trade_date=2026-07-17/exchange=NSE/symbol=ITBEES/part-045407_766277-009520.parquet,real_data_sample\l2_unseen_validation\trade_date=2026-07-17\exchange=NSE\symbol=ITBEES\part-045407_766277-009520.parquet,34431,downloaded,34431,
2026-07-17,NSE,ITBEES,raw_l2/trade_date=2026-07-17/exchange=NSE/symbol=ITBEES/part-045503_878420-009648.parquet,real_data_sample\l2_unseen_validation\trade_date=2026-07-17\exchange=NSE\symbol=ITBEES\part-045503_878420-009648.parquet,34512,downloaded,34512,
2026-07-17,NSE,ITBEES,raw_l2/trade_date=2026-07-17/exchange=NSE/symbol=ITBEES/part-045531_991161-009712.parquet,real_data_sample\l2_unseen_validation\trade_date=2026-07-17\exchange=NSE\symbol=ITBEES\part-045531_991161-009712.parquet,34503,downloaded,34503,
2026-07-17,NSE,ITBEES,raw_l2/trade_date=2026-07-17/exchange=NSE/symbol=ITBEES/part-045435_764821-009584.parquet,real_data_sample\l2_unseen_validation\trade_date=2026-07-17\exchange=NSE\symbol=ITBEES\part-045435_764821-009584.parquet,34521,downloaded,34521,
2026-07-17,NSE,ITBEES,raw_l2/trade_date=2026-07-17/exchange=NSE/symbol=ITBEES/part-045614_001442-009808.parquet,real_data_sample\l2_unseen_validation\trade_date=2026-07-17\exchange=NSE\symbol=ITBEES\part-045614_001442-009808.parquet,34609,downloaded,34609,
2026-07-17,NSE,ITBEES,raw_l2/trade_date=2026-07-17/exchange=NSE/symbol=ITBEES/part-045628_201245-009840.parquet,real_data_sample\l2_unseen_validation\trade_date=2026-07-17\exchange=NSE\symbol=ITBEES\part-045628_201245-009840.parquet,34488,downloaded,34488,
2026-07-17,NSE,ITBEES,raw_l2/trade_date=2026-07-17/exchange=NSE/symbol=ITBEES/part-045518_071757-009680.parquet,real_data_sample\l2_unseen_validation\trade_date=2026-07-17\exchange=NSE\symbol=ITBEES\part-045518_071757-009680.parquet,34600,downloaded,34600,
2026-07-17,NSE,ITBEES,raw_l2/trade_date=2026-07-17/exchange=NSE/symbol=ITBEES/part-045202_581522-009232.parquet,real_data_sample\l2_unseen_validation\trade_date=2026-07-17\exchange=NSE\symbol=ITBEES\part-045202_581522-009232.parquet,34488,downloaded,34488,
2026-07-17,NSE,ITBEES,raw_l2/trade_date=2026-07-17/exchange=NSE/symbol=ITBEES/part-045656_695499-009904.parquet,real_data_sample\l2_unseen_validation\trade_date=2026-07-17\exchange=NSE\symbol=ITBEES\part-045656_695499-009904.parquet,34847,downloaded,34847,
2026-07-17,NSE,ITBEES,raw_l2/trade_date=2026-07-17/exchange=NSE/symbol=ITBEES/part-045642_285195-009872.parquet,real_data_sample\l2_unseen_validation\trade_date=2026-07-17\exchange=NSE\symbol=ITBEES\part-045642_285195-009872.parquet,34515,downloaded,34515,
2026-07-17,NSE,ITBEES,raw_l2/trade_date=2026-07-17/exchange=NSE/symbol=ITBEES/part-045903_658183-010192.parquet,real_data_sample\l2_unseen_validation\trade_date=2026-07-17\exchange=NSE\symbol=ITBEES\part-045903_658183-010192.parquet,34840,downloaded,34840,
2026-07-17,NSE,ITBEES,raw_l2/trade_date=2026-07-17/exchange=NSE/symbol=ITBEES/part-045917_476846-010224.parquet,real_data_sample\l2_unseen_validation\trade_date=2026-07-17\exchange=NSE\symbol=ITBEES\part-045917_476846-010224.parquet,34530,downloaded,34530,
2026-07-17,NSE,ITBEES,raw_l2/trade_date=2026-07-17/exchange=NSE/symbol=ITBEES/part-045753_258788-010032.parquet,real_data_sample\l2_unseen_validation\trade_date=2026-07-17\exchange=NSE\symbol=ITBEES\part-045753_258788-010032.parquet,34743,downloaded,34743,
2026-07-17,NSE,ITBEES,raw_l2/trade_date=2026-07-17/exchange=NSE/symbol=ITBEES/part-045821_427536-010096.parquet,real_data_sample\l2_unseen_validation\trade_date=2026-07-17\exchange=NSE\symbol=ITBEES\part-045821_427536-010096.parquet,34708,downloaded,34708,
2026-07-17,NSE,ITBEES,raw_l2/trade_date=2026-07-17/exchange=NSE/symbol=ITBEES/part-045807_339504-010064.parquet,real_data_sample\l2_unseen_validation\trade_date=2026-07-17\exchange=NSE\symbol=ITBEES\part-045807_339504-010064.parquet,34543,downloaded,34543,
2026-07-17,NSE,ITBEES,raw_l2/trade_date=2026-07-17/exchange=NSE/symbol=ITBEES/part-045849_958977-010160.parquet,real_data_sample\l2_unseen_validation\trade_date=2026-07-17\exchange=NSE\symbol=ITBEES\part-045849_958977-010160.parquet,34547,downloaded,34547,
2026-07-17,NSE,ITBEES,raw_l2/trade_date=2026-07-17/exchange=NSE/symbol=ITBEES/part-045739_034309-010000.parquet,real_data_sample\l2_unseen_validation\trade_date=2026-07-17\exchange=NSE\symbol=ITBEES\part-045739_034309-010000.parquet,34357,downloaded,34357,
2026-07-17,NSE,ITBEES,raw_l2/trade_date=2026-07-17/exchange=NSE/symbol=ITBEES/part-045710_860286-009936.parquet,real_data_sample\l2_unseen_validation\trade_date=2026-07-17\exchange=NSE\symbol=ITBEES\part-045710_860286-009936.parquet,34575,downloaded,34575,
2026-07-17,NSE,ITBEES,raw_l2/trade_date=2026-07-17/exchange=NSE/symbol=ITBEES/part-050014_130494-010352.parquet,real_data_sample\l2_unseen_validation\trade_date=2026-07-17\exchange=NSE\symbol=ITBEES\part-050014_130494-010352.parquet,34758,downloaded,34758,
2026-07-17,NSE,ITBEES,raw_l2/trade_date=2026-07-17/exchange=NSE/symbol=ITBEES/part-050109_764020-010480.parquet,real_data_sample\l2_unseen_validation\trade_date=2026-07-17\exchange=NSE\symbol=ITBEES\part-050109_764020-010480.parquet,34598,downloaded,34598,
2026-07-17,NSE,ITBEES,raw_l2/trade_date=2026-07-17/exchange=NSE/symbol=ITBEES/part-050000_162704-010320.parquet,real_data_sample\l2_unseen_validation\trade_date=2026-07-17\exchange=NSE\symbol=ITBEES\part-050000_162704-010320.parquet,34676,downloaded,34676,
2026-07-17,NSE,ITBEES,raw_l2/trade_date=2026-07-17/exchange=NSE/symbol=ITBEES/part-050123_669994-010512.parquet,real_data_sample\l2_unseen_validation\trade_date=2026-07-17\exchange=NSE\symbol=ITBEES\part-050123_669994-010512.parquet,34563,downloaded,34563,
2026-07-17,NSE,ITBEES,raw_l2/trade_date=2026-07-17/exchange=NSE/symbol=ITBEES/part-050151_575698-010576.parquet,real_data_sample\l2_unseen_validation\trade_date=2026-07-17\exchange=NSE\symbol=ITBEES\part-050151_575698-010576.parquet,34614,downloaded,34614,
2026-07-17,NSE,ITBEES,raw_l2/trade_date=2026-07-17/exchange=NSE/symbol=ITBEES/part-050137_533883-010544.parquet,real_data_sample\l2_unseen_validation\trade_date=2026-07-17\exchange=NSE\symbol=ITBEES\part-050137_533883-010544.parquet,34732,downloaded,34732,
2026-07-17,NSE,ITBEES,raw_l2/trade_date=2026-07-17/exchange=NSE/symbol=ITBEES/part-050027_995871-010384.parquet,real_data_sample\l2_unseen_validation\trade_date=2026-07-17\exchange=NSE\symbol=ITBEES\part-050027_995871-010384.parquet,34694,downloaded,34694,
2026-07-17,NSE,ITBEES,raw_l2/trade_date=2026-07-17/exchange=NSE/symbol=ITBEES/part-050234_309482-010672.parquet,real_data_sample\l2_unseen_validation\trade_date=2026-07-17\exchange=NSE\symbol=ITBEES\part-050234_309482-010672.parquet,34599,downloaded,34599,
2026-07-17,NSE,ITBEES,raw_l2/trade_date=2026-07-17/exchange=NSE/symbol=ITBEES/part-050041_819420-010416.parquet,real_data_sample\l2_unseen_validation\trade_date=2026-07-17\exchange=NSE\symbol=ITBEES\part-050041_819420-010416.parquet,34740,downloaded,34740,
2026-07-17,NSE,ITBEES,raw_l2/trade_date=2026-07-17/exchange=NSE/symbol=ITBEES/part-050248_708382-010704.parquet,real_data_sample\l2_unseen_validation\trade_date=2026-07-17\exchange=NSE\symbol=ITBEES\part-050248_708382-010704.parquet,34499,downloaded,34499,
2026-07-17,NSE,ITBEES,raw_l2/trade_date=2026-07-17/exchange=NSE/symbol=ITBEES/part-050055_765918-010448.parquet,real_data_sample\l2_unseen_validation\trade_date=2026-07-17\exchange=NSE\symbol=ITBEES\part-050055_765918-010448.parquet,34579,downloaded,34579,
2026-07-17,NSE,ITBEES,raw_l2/trade_date=2026-07-17/exchange=NSE/symbol=ITBEES/part-050206_031857-010608.parquet,real_data_sample\l2_unseen_validation\trade_date=2026-07-17\exchange=NSE\symbol=ITBEES\part-050206_031857-010608.parquet,34785,downloaded,34785,
2026-07-17,NSE,ITBEES,raw_l2/trade_date=2026-07-17/exchange=NSE/symbol=ITBEES/part-050220_154431-010640.parquet,real_data_sample\l2_unseen_validation\trade_date=2026-07-17\exchange=NSE\symbol=ITBEES\part-050220_154431-010640.parquet,34491,downloaded,34491,
2026-07-17,NSE,ITBEES,raw_l2/trade_date=2026-07-17/exchange=NSE/symbol=ITBEES/part-045258_001250-009360.parquet,real_data_sample\l2_unseen_validation\trade_date=2026-07-17\exchange=NSE\symbol=ITBEES\part-045258_001250-009360.parquet,34713,downloaded,34713,
2026-07-17,NSE,ITBEES,raw_l2/trade_date=2026-07-17/exchange=NSE/symbol=ITBEES/part-050331_329238-010800.parquet,real_data_sample\l2_unseen_validation\trade_date=2026-07-17\exchange=NSE\symbol=ITBEES\part-050331_329238-010800.parquet,34602,downloaded,34602,
2026-07-17,NSE,ITBEES,raw_l2/trade_date=2026-07-17/exchange=NSE/symbol=ITBEES/part-050302_853317-010736.parquet,real_data_sample\l2_unseen_validation\trade_date=2026-07-17\exchange=NSE\symbol=ITBEES\part-050302_853317-010736.parquet,34522,downloaded,34522,
2026-07-17,NSE,ITBEES,raw_l2/trade_date=2026-07-17/exchange=NSE/symbol=ITBEES/part-045931_715627-010256.parquet,real_data_sample\l2_unseen_validation\trade_date=2026-07-17\exchange=NSE\symbol=ITBEES\part-045931_715627-010256.parquet,34664,downloaded,34664,
2026-07-17,NSE,ITBEES,raw_l2/trade_date=2026-07-17/exchange=NSE/symbol=ITBEES/part-050345_303985-010832.parquet,real_data_sample\l2_unseen_validation\trade_date=2026-07-17\exchange=NSE\symbol=ITBEES\part-050345_303985-010832.parquet,34583,downloaded,34583,
2026-07-17,NSE,ITBEES,raw_l2/trade_date=2026-07-17/exchange=NSE/symbol=ITBEES/part-045725_061685-009968.parquet,real_data_sample\l2_unseen_validation\trade_date=2026-07-17\exchange=NSE\symbol=ITBEES\part-045725_061685-009968.parquet,34566,downloaded,34566,
2026-07-17,NSE,ITBEES,raw_l2/trade_date=2026-07-17/exchange=NSE/symbol=ITBEES/part-044603_039622-008400.parquet,real_data_sample\l2_unseen_validation\trade_date=2026-07-17\exchange=NSE\symbol=ITBEES\part-044603_039622-008400.parquet,34358,downloaded,34358,
2026-07-17,NSE,ITBEES,raw_l2/trade_date=2026-07-17/exchange=NSE/symbol=ITBEES/part-050427_744312-010928.parquet,real_data_sample\l2_unseen_validation\trade_date=2026-07-17\exchange=NSE\symbol=ITBEES\part-050427_744312-010928.parquet,34463,downloaded,34463,
2026-07-17,NSE,ITBEES,raw_l2/trade_date=2026-07-17/exchange=NSE/symbol=ITBEES/part-050441_676466-010960.parquet,real_data_sample\l2_unseen_validation\trade_date=2026-07-17\exchange=NSE\symbol=ITBEES\part-050441_676466-010960.parquet,34521,downloaded,34521,
2026-07-17,NSE,ITBEES,raw_l2/trade_date=2026-07-17/exchange=NSE/symbol=ITBEES/part-045148_440803-009200.parquet,real_data_sample\l2_unseen_validation\trade_date=2026-07-17\exchange=NSE\symbol=ITBEES\part-045148_440803-009200.parquet,34593,downloaded,34593,
2026-07-17,NSE,ITBEES,raw_l2/trade_date=2026-07-17/exchange=NSE/symbol=ITBEES/part-050359_399851-010864.parquet,real_data_sample\l2_unseen_validation\trade_date=2026-07-17\exchange=NSE\symbol=ITBEES\part-050359_399851-010864.parquet,34458,downloaded,34458,
2026-07-17,NSE,ITBEES,raw_l2/trade_date=2026-07-17/exchange=NSE/symbol=ITBEES/part-050455_509061-010992.parquet,real_data_sample\l2_unseen_validation\trade_date=2026-07-17\exchange=NSE\symbol=ITBEES\part-050455_509061-010992.parquet,34330,downloaded,34330,
2026-07-17,NSE,ITBEES,raw_l2/trade_date=2026-07-17/exchange=NSE/symbol=ITBEES/part-050413_667274-010896.parquet,real_data_sample\l2_unseen_validation\trade_date=2026-07-17\exchange=NSE\symbol=ITBEES\part-050413_667274-010896.parquet,34520,downloaded,34520,
2026-07-17,NSE,ITBEES,raw_l2/trade_date=2026-07-17/exchange=NSE/symbol=ITBEES/part-050509_531130-011024.parquet,real_data_sample\l2_unseen_validation\trade_date=2026-07-17\exchange=NSE\symbol=ITBEES\part-050509_531130-011024.parquet,34657,downloaded,34657,
2026-07-17,NSE,ITBEES,raw_l2/trade_date=2026-07-17/exchange=NSE/symbol=ITBEES/part-050537_468682-011088.parquet,real_data_sample\l2_unseen_validation\trade_date=2026-07-17\exchange=NSE\symbol=ITBEES\part-050537_468682-011088.parquet,34790,downloaded,34790,
2026-07-17,NSE,ITBEES,raw_l2/trade_date=2026-07-17/exchange=NSE/symbol=ITBEES/part-050523_608083-011056.parquet,real_data_sample\l2_unseen_validation\trade_date=2026-07-17\exchange=NSE\symbol=ITBEES\part-050523_608083-011056.parquet,34486,downloaded,34486,
2026-07-17,NSE,ITBEES,raw_l2/trade_date=2026-07-17/exchange=NSE/symbol=ITBEES/part-050317_277515-010768.parquet,real_data_sample\l2_unseen_validation\trade_date=2026-07-17\exchange=NSE\symbol=ITBEES\part-050317_277515-010768.parquet,34788,downloaded,34788,
2026-07-17,NSE,ITBEES,raw_l2/trade_date=2026-07-17/exchange=NSE/symbol=ITBEES/part-045945_784407-010288.parquet,real_data_sample\l2_unseen_validation\trade_date=2026-07-17\exchange=NSE\symbol=ITBEES\part-045945_784407-010288.parquet,34506,downloaded,34506,
2026-07-17,NSE,ITBEES,raw_l2/trade_date=2026-07-17/exchange=NSE/symbol=ITBEES/part-050551_419832-011120.parquet,real_data_sample\l2_unseen_validation\trade_date=2026-07-17\exchange=NSE\symbol=ITBEES\part-050551_419832-011120.parquet,34432,downloaded,34432,
2026-07-17,NSE,ITBEES,raw_l2/trade_date=2026-07-17/exchange=NSE/symbol=ITBEES/part-050731_157907-011344.parquet,real_data_sample\l2_unseen_validation\trade_date=2026-07-17\exchange=NSE\symbol=ITBEES\part-050731_157907-011344.parquet,34677,downloaded,34677,
2026-07-17,NSE,ITBEES,raw_l2/trade_date=2026-07-17/exchange=NSE/symbol=ITBEES/part-050717_174380-011312.parquet,real_data_sample\l2_unseen_validation\trade_date=2026-07-17\exchange=NSE\symbol=ITBEES\part-050717_174380-011312.parquet,34526,downloaded,34526,
2026-07-17,NSE,ITBEES,raw_l2/trade_date=2026-07-17/exchange=NSE/symbol=ITBEES/part-050758_646793-011408.parquet,real_data_sample\l2_unseen_validation\trade_date=2026-07-17\exchange=NSE\symbol=ITBEES\part-050758_646793-011408.parquet,34583,downloaded,34583,
2026-07-17,NSE,ITBEES,raw_l2/trade_date=2026-07-17/exchange=NSE/symbol=ITBEES/part-050812_654483-011440.parquet,real_data_sample\l2_unseen_validation\trade_date=2026-07-17\exchange=NSE\symbol=ITBEES\part-050812_654483-011440.parquet,34532,downloaded,34532,
2026-07-17,NSE,ITBEES,raw_l2/trade_date=2026-07-17/exchange=NSE/symbol=ITBEES/part-050634_502525-011216.parquet,real_data_sample\l2_unseen_validation\trade_date=2026-07-17\exchange=NSE\symbol=ITBEES\part-050634_502525-011216.parquet,34686,downloaded,34686,
2026-07-17,NSE,ITBEES,raw_l2/trade_date=2026-07-17/exchange=NSE/symbol=ITBEES/part-050840_186296-011504.parquet,real_data_sample\l2_unseen_validation\trade_date=2026-07-17\exchange=NSE\symbol=ITBEES\part-050840_186296-011504.parquet,34439,downloaded,34439,
2026-07-17,NSE,ITBEES,raw_l2/trade_date=2026-07-17/exchange=NSE/symbol=ITBEES/part-050826_422558-011472.parquet,real_data_sample\l2_unseen_validation\trade_date=2026-07-17\exchange=NSE\symbol=ITBEES\part-050826_422558-011472.parquet,34719,downloaded,34719,
2026-07-17,NSE,ITBEES,raw_l2/trade_date=2026-07-17/exchange=NSE/symbol=ITBEES/part-050907_984616-011568.parquet,real_data_sample\l2_unseen_validation\trade_date=2026-07-17\exchange=NSE\symbol=ITBEES\part-050907_984616-011568.parquet,34529,downloaded,34529,
2026-07-17,NSE,ITBEES,raw_l2/trade_date=2026-07-17/exchange=NSE/symbol=ITBEES/part-050921_654289-011600.parquet,real_data_sample\l2_unseen_validation\trade_date=2026-07-17\exchange=NSE\symbol=ITBEES\part-050921_654289-011600.parquet,34651,downloaded,34651,
2026-07-17,NSE,ITBEES,raw_l2/trade_date=2026-07-17/exchange=NSE/symbol=ITBEES/part-051030_915815-011760.parquet,real_data_sample\l2_unseen_validation\trade_date=2026-07-17\exchange=NSE\symbol=ITBEES\part-051030_915815-011760.parquet,34660,downloaded,34660,
2026-07-17,NSE,ITBEES,raw_l2/trade_date=2026-07-17/exchange=NSE/symbol=ITBEES/part-045835_593464-010128.parquet,real_data_sample\l2_unseen_validation\trade_date=2026-07-17\exchange=NSE\symbol=ITBEES\part-045835_593464-010128.parquet,34773,downloaded,34773,
2026-07-17,NSE,ITBEES,raw_l2/trade_date=2026-07-17/exchange=NSE/symbol=ITBEES/part-051044_679252-011792.parquet,real_data_sample\l2_unseen_validation\trade_date=2026-07-17\exchange=NSE\symbol=ITBEES\part-051044_679252-011792.parquet,34606,downloaded,34606,
2026-07-17,NSE,ITBEES,raw_l2/trade_date=2026-07-17/exchange=NSE/symbol=ITBEES/part-051126_326551-011888.parquet,real_data_sample\l2_unseen_validation\trade_date=2026-07-17\exchange=NSE\symbol=ITBEES\part-051126_326551-011888.parquet,34575,downloaded,34575,
2026-07-17,NSE,ITBEES,raw_l2/trade_date=2026-07-17/exchange=NSE/symbol=ITBEES/part-051112_420720-011856.parquet,real_data_sample\l2_unseen_validation\trade_date=2026-07-17\exchange=NSE\symbol=ITBEES\part-051112_420720-011856.parquet,34489,downloaded,34489,
2026-07-17,NSE,ITBEES,raw_l2/trade_date=2026-07-17/exchange=NSE/symbol=ITBEES/part-050703_010133-011280.parquet,real_data_sample\l2_unseen_validation\trade_date=2026-07-17\exchange=NSE\symbol=ITBEES\part-050703_010133-011280.parquet,34896,downloaded,34896,
2026-07-17,NSE,ITBEES,raw_l2/trade_date=2026-07-17/exchange=NSE/symbol=ITBEES/part-050605_269457-011152.parquet,real_data_sample\l2_unseen_validation\trade_date=2026-07-17\exchange=NSE\symbol=ITBEES\part-050605_269457-011152.parquet,34521,downloaded,34521,
2026-07-17,NSE,ITBEES,raw_l2/trade_date=2026-07-17/exchange=NSE/symbol=ITBEES/part-050648_988571-011248.parquet,real_data_sample\l2_unseen_validation\trade_date=2026-07-17\exchange=NSE\symbol=ITBEES\part-050648_988571-011248.parquet,34860,downloaded,34860,
2026-07-17,NSE,ITBEES,raw_l2/trade_date=2026-07-17/exchange=NSE/symbol=ITBEES/part-051222_422696-012016.parquet,real_data_sample\l2_unseen_validation\trade_date=2026-07-17\exchange=NSE\symbol=ITBEES\part-051222_422696-012016.parquet,34557,downloaded,34557,
2026-07-17,NSE,ITBEES,raw_l2/trade_date=2026-07-17/exchange=NSE/symbol=ITBEES/part-050619_665077-011184.parquet,real_data_sample\l2_unseen_validation\trade_date=2026-07-17\exchange=NSE\symbol=ITBEES\part-050619_665077-011184.parquet,34522,downloaded,34522,
2026-07-17,NSE,ITBEES,raw_l2/trade_date=2026-07-17/exchange=NSE/symbol=ITBEES/part-050744_870771-011376.parquet,real_data_sample\l2_unseen_validation\trade_date=2026-07-17\exchange=NSE\symbol=ITBEES\part-050744_870771-011376.parquet,34600,downloaded,34600,
2026-07-17,NSE,ITBEES,raw_l2/trade_date=2026-07-17/exchange=NSE/symbol=ITBEES/part-050949_335750-011664.parquet,real_data_sample\l2_unseen_validation\trade_date=2026-07-17\exchange=NSE\symbol=ITBEES\part-050949_335750-011664.parquet,34616,downloaded,34616,
2026-07-17,NSE,ITBEES,raw_l2/trade_date=2026-07-17/exchange=NSE/symbol=ITBEES/part-051154_486085-011952.parquet,real_data_sample\l2_unseen_validation\trade_date=2026-07-17\exchange=NSE\symbol=ITBEES\part-051154_486085-011952.parquet,34539,downloaded,34539,
2026-07-17,NSE,ITBEES,raw_l2/trade_date=2026-07-17/exchange=NSE/symbol=ITBEES/part-051140_609993-011920.parquet,real_data_sample\l2_unseen_validation\trade_date=2026-07-17\exchange=NSE\symbol=ITBEES\part-051140_609993-011920.parquet,34735,downloaded,34735,
2026-07-17,NSE,ITBEES,raw_l2/trade_date=2026-07-17/exchange=NSE/symbol=ITBEES/part-051208_494094-011984.parquet,real_data_sample\l2_unseen_validation\trade_date=2026-07-17\exchange=NSE\symbol=ITBEES\part-051208_494094-011984.parquet,34669,downloaded,34669,
2026-07-17,NSE,ITBEES,raw_l2/trade_date=2026-07-17/exchange=NSE/symbol=ITBEES/part-050935_669665-011632.parquet,real_data_sample\l2_unseen_validation\trade_date=2026-07-17\exchange=NSE\symbol=ITBEES\part-050935_669665-011632.parquet,34647,downloaded,34647,
2026-07-17,NSE,ITBEES,raw_l2/trade_date=2026-07-17/exchange=NSE/symbol=ITBEES/part-051304_179315-012112.parquet,real_data_sample\l2_unseen_validation\trade_date=2026-07-17\exchange=NSE\symbol=ITBEES\part-051304_179315-012112.parquet,34424,downloaded,34424,
2026-07-17,NSE,ITBEES,raw_l2/trade_date=2026-07-17/exchange=NSE/symbol=ITBEES/part-051333_037267-012176.parquet,real_data_sample\l2_unseen_validation\trade_date=2026-07-17\exchange=NSE\symbol=ITBEES\part-051333_037267-012176.parquet,34748,downloaded,34748,
2026-07-17,NSE,ITBEES,raw_l2/trade_date=2026-07-17/exchange=NSE/symbol=ITBEES/part-051318_785488-012144.parquet,real_data_sample\l2_unseen_validation\trade_date=2026-07-17\exchange=NSE\symbol=ITBEES\part-051318_785488-012144.parquet,34518,downloaded,34518,
2026-07-17,NSE,ITBEES,raw_l2/trade_date=2026-07-17/exchange=NSE/symbol=ITBEES/part-051347_976443-012208.parquet,real_data_sample\l2_unseen_validation\trade_date=2026-07-17\exchange=NSE\symbol=ITBEES\part-051347_976443-012208.parquet,34472,downloaded,34472,
2026-07-17,NSE,ITBEES,raw_l2/trade_date=2026-07-17/exchange=NSE/symbol=ITBEES/part-050853_856567-011536.parquet,real_data_sample\l2_unseen_validation\trade_date=2026-07-17\exchange=NSE\symbol=ITBEES\part-050853_856567-011536.parquet,34615,downloaded,34615,
2026-07-17,NSE,ITBEES,raw_l2/trade_date=2026-07-17/exchange=NSE/symbol=ITBEES/part-051403_159966-012240.parquet,real_data_sample\l2_unseen_validation\trade_date=2026-07-17\exchange=NSE\symbol=ITBEES\part-051403_159966-012240.parquet,34715,downloaded,34715,
2026-07-17,NSE,ITBEES,raw_l2/trade_date=2026-07-17/exchange=NSE/symbol=ITBEES/part-051610_607284-012528.parquet,real_data_sample\l2_unseen_validation\trade_date=2026-07-17\exchange=NSE\symbol=ITBEES\part-051610_607284-012528.parquet,34645,downloaded,34645,
2026-07-17,NSE,ITBEES,raw_l2/trade_date=2026-07-17/exchange=NSE/symbol=ITBEES/part-051500_146945-012368.parquet,real_data_sample\l2_unseen_validation\trade_date=2026-07-17\exchange=NSE\symbol=ITBEES\part-051500_146945-012368.parquet,34681,downloaded,34681,
2026-07-17,NSE,ITBEES,raw_l2/trade_date=2026-07-17/exchange=NSE/symbol=ITBEES/part-051513_906835-012400.parquet,real_data_sample\l2_unseen_validation\trade_date=2026-07-17\exchange=NSE\symbol=ITBEES\part-051513_906835-012400.parquet,34890,downloaded,34890,
2026-07-17,NSE,ITBEES,raw_l2/trade_date=2026-07-17/exchange=NSE/symbol=ITBEES/part-051417_559181-012272.parquet,real_data_sample\l2_unseen_validation\trade_date=2026-07-17\exchange=NSE\symbol=ITBEES\part-051417_559181-012272.parquet,34580,downloaded,34580,
2026-07-17,NSE,ITBEES,raw_l2/trade_date=2026-07-17/exchange=NSE/symbol=ITBEES/part-051446_174206-012336.parquet,real_data_sample\l2_unseen_validation\trade_date=2026-07-17\exchange=NSE\symbol=ITBEES\part-051446_174206-012336.parquet,34427,downloaded,34427,
2026-07-17,NSE,ITBEES,raw_l2/trade_date=2026-07-17/exchange=NSE/symbol=ITBEES/part-051555_967250-012496.parquet,real_data_sample\l2_unseen_validation\trade_date=2026-07-17\exchange=NSE\symbol=ITBEES\part-051555_967250-012496.parquet,34435,downloaded,34435,
2026-07-17,NSE,ITBEES,raw_l2/trade_date=2026-07-17/exchange=NSE/symbol=ITBEES/part-051432_456491-012304.parquet,real_data_sample\l2_unseen_validation\trade_date=2026-07-17\exchange=NSE\symbol=ITBEES\part-051432_456491-012304.parquet,34526,downloaded,34526,
2026-07-17,NSE,ITBEES,raw_l2/trade_date=2026-07-17/exchange=NSE/symbol=ITBEES/part-051527_620430-012432.parquet,real_data_sample\l2_unseen_validation\trade_date=2026-07-17\exchange=NSE\symbol=ITBEES\part-051527_620430-012432.parquet,34968,downloaded,34968,
2026-07-17,NSE,ITBEES,raw_l2/trade_date=2026-07-17/exchange=NSE/symbol=ITBEES/part-051653_291232-012624.parquet,real_data_sample\l2_unseen_validation\trade_date=2026-07-17\exchange=NSE\symbol=ITBEES\part-051653_291232-012624.parquet,34549,downloaded,34549,
2026-07-17,NSE,ITBEES,raw_l2/trade_date=2026-07-17/exchange=NSE/symbol=ITBEES/part-051003_383349-011696.parquet,real_data_sample\l2_unseen_validation\trade_date=2026-07-17\exchange=NSE\symbol=ITBEES\part-051003_383349-011696.parquet,34585,downloaded,34585,
2026-07-17,NSE,ITBEES,raw_l2/trade_date=2026-07-17/exchange=NSE/symbol=ITBEES/part-051707_284963-012656.parquet,real_data_sample\l2_unseen_validation\trade_date=2026-07-17\exchange=NSE\symbol=ITBEES\part-051707_284963-012656.parquet,34439,downloaded,34439,
2026-07-17,NSE,ITBEES,raw_l2/trade_date=2026-07-17/exchange=NSE/symbol=ITBEES/part-051750_004027-012752.parquet,real_data_sample\l2_unseen_validation\trade_date=2026-07-17\exchange=NSE\symbol=ITBEES\part-051750_004027-012752.parquet,34689,downloaded,34689,
2026-07-17,NSE,ITBEES,raw_l2/trade_date=2026-07-17/exchange=NSE/symbol=ITBEES/part-051846_911954-012880.parquet,real_data_sample\l2_unseen_validation\trade_date=2026-07-17\exchange=NSE\symbol=ITBEES\part-051846_911954-012880.parquet,34521,downloaded,34521,
2026-07-17,NSE,ITBEES,raw_l2/trade_date=2026-07-17/exchange=NSE/symbol=ITBEES/part-051236_317384-012048.parquet,real_data_sample\l2_unseen_validation\trade_date=2026-07-17\exchange=NSE\symbol=ITBEES\part-051236_317384-012048.parquet,34575,downloaded,34575,
2026-07-17,NSE,ITBEES,raw_l2/trade_date=2026-07-17/exchange=NSE/symbol=ITBEES/part-051818_423726-012816.parquet,real_data_sample\l2_unseen_validation\trade_date=2026-07-17\exchange=NSE\symbol=ITBEES\part-051818_423726-012816.parquet,34660,downloaded,34660,
2026-07-17,NSE,ITBEES,raw_l2/trade_date=2026-07-17/exchange=NSE/symbol=ITBEES/part-051832_919539-012848.parquet,real_data_sample\l2_unseen_validation\trade_date=2026-07-17\exchange=NSE\symbol=ITBEES\part-051832_919539-012848.parquet,34933,downloaded,34933,
2026-07-17,NSE,ITBEES,raw_l2/trade_date=2026-07-17/exchange=NSE/symbol=ITBEES/part-051735_460801-012720.parquet,real_data_sample\l2_unseen_validation\trade_date=2026-07-17\exchange=NSE\symbol=ITBEES\part-051735_460801-012720.parquet,34501,downloaded,34501,
2026-07-17,NSE,ITBEES,raw_l2/trade_date=2026-07-17/exchange=NSE/symbol=ITBEES/part-051624_870218-012560.parquet,real_data_sample\l2_unseen_validation\trade_date=2026-07-17\exchange=NSE\symbol=ITBEES\part-051624_870218-012560.parquet,34505,downloaded,34505,
2026-07-17,NSE,ITBEES,raw_l2/trade_date=2026-07-17/exchange=NSE/symbol=ITBEES/part-051639_029686-012592.parquet,real_data_sample\l2_unseen_validation\trade_date=2026-07-17\exchange=NSE\symbol=ITBEES\part-051639_029686-012592.parquet,34518,downloaded,34518,
2026-07-17,NSE,ITBEES,raw_l2/trade_date=2026-07-17/exchange=NSE/symbol=ITBEES/part-051804_204430-012784.parquet,real_data_sample\l2_unseen_validation\trade_date=2026-07-17\exchange=NSE\symbol=ITBEES\part-051804_204430-012784.parquet,34672,downloaded,34672,
2026-07-17,NSE,ITBEES,raw_l2/trade_date=2026-07-17/exchange=NSE/symbol=ITBEES/part-051721_202072-012688.parquet,real_data_sample\l2_unseen_validation\trade_date=2026-07-17\exchange=NSE\symbol=ITBEES\part-051721_202072-012688.parquet,34698,downloaded,34698,
2026-07-17,NSE,ITBEES,raw_l2/trade_date=2026-07-17/exchange=NSE/symbol=ITBEES/part-051541_608820-012464.parquet,real_data_sample\l2_unseen_validation\trade_date=2026-07-17\exchange=NSE\symbol=ITBEES\part-051541_608820-012464.parquet,34697,downloaded,34697,
2026-07-17,NSE,ITBEES,raw_l2/trade_date=2026-07-17/exchange=NSE/symbol=ITBEES/part-051058_466024-011824.parquet,real_data_sample\l2_unseen_validation\trade_date=2026-07-17\exchange=NSE\symbol=ITBEES\part-051058_466024-011824.parquet,34596,downloaded,34596,
2026-07-17,NSE,ITBEES,raw_l2/trade_date=2026-07-17/exchange=NSE/symbol=ITBEES/part-052422_176129-013648.parquet,real_data_sample\l2_unseen_validation\trade_date=2026-07-17\exchange=NSE\symbol=ITBEES\part-052422_176129-013648.parquet,34912,downloaded,34912,
2026-07-17,NSE,ITBEES,raw_l2/trade_date=2026-07-17/exchange=NSE/symbol=ITBEES/part-052450_017539-013712.parquet,real_data_sample\l2_unseen_validation\trade_date=2026-07-17\exchange=NSE\symbol=ITBEES\part-052450_017539-013712.parquet,34536,downloaded,34536,
2026-07-17,NSE,ITBEES,raw_l2/trade_date=2026-07-17/exchange=NSE/symbol=ITBEES/part-052436_204141-013680.parquet,real_data_sample\l2_unseen_validation\trade_date=2026-07-17\exchange=NSE\symbol=ITBEES\part-052436_204141-013680.parquet,34546,downloaded,34546,
2026-07-17,NSE,ITBEES,raw_l2/trade_date=2026-07-17/exchange=NSE/symbol=ITBEES/part-052517_704565-013776.parquet,real_data_sample\l2_unseen_validation\trade_date=2026-07-17\exchange=NSE\symbol=ITBEES\part-052517_704565-013776.parquet,34486,downloaded,34486,
2026-07-17,NSE,ITBEES,raw_l2/trade_date=2026-07-17/exchange=NSE/symbol=ITBEES/part-052503_899498-013744.parquet,real_data_sample\l2_unseen_validation\trade_date=2026-07-17\exchange=NSE\symbol=ITBEES\part-052503_899498-013744.parquet,34538,downloaded,34538,
2026-07-17,NSE,ITBEES,raw_l2/trade_date=2026-07-17/exchange=NSE/symbol=ITBEES/part-051901_890578-012912.parquet,real_data_sample\l2_unseen_validation\trade_date=2026-07-17\exchange=NSE\symbol=ITBEES\part-051901_890578-012912.parquet,34702,downloaded,34702,
2026-07-17,NSE,ITBEES,raw_l2/trade_date=2026-07-17/exchange=NSE/symbol=ITBEES/part-051017_116161-011728.parquet,real_data_sample\l2_unseen_validation\trade_date=2026-07-17\exchange=NSE\symbol=ITBEES\part-051017_116161-011728.parquet,34535,downloaded,34535,
2026-07-17,NSE,ITBEES,raw_l2/trade_date=2026-07-17/exchange=NSE/symbol=ITBEES/part-052559_828585-013872.parquet,real_data_sample\l2_unseen_validation\trade_date=2026-07-17\exchange=NSE\symbol=ITBEES\part-052559_828585-013872.parquet,34412,downloaded,34412,
2026-07-17,NSE,ITBEES,raw_l2/trade_date=2026-07-17/exchange=NSE/symbol=ITBEES/part-052614_035040-013904.parquet,real_data_sample\l2_unseen_validation\trade_date=2026-07-17\exchange=NSE\symbol=ITBEES\part-052614_035040-013904.parquet,34572,downloaded,34572,
2026-07-17,NSE,ITBEES,raw_l2/trade_date=2026-07-17/exchange=NSE/symbol=ITBEES/part-052628_254600-013936.parquet,real_data_sample\l2_unseen_validation\trade_date=2026-07-17\exchange=NSE\symbol=ITBEES\part-052628_254600-013936.parquet,34477,downloaded,34477,
2026-07-17,NSE,ITBEES,raw_l2/trade_date=2026-07-17/exchange=NSE/symbol=ITBEES/part-052642_348125-013968.parquet,real_data_sample\l2_unseen_validation\trade_date=2026-07-17\exchange=NSE\symbol=ITBEES\part-052642_348125-013968.parquet,34467,downloaded,34467,
2026-07-17,NSE,ITBEES,raw_l2/trade_date=2026-07-17/exchange=NSE/symbol=ITBEES/part-052656_520796-014000.parquet,real_data_sample\l2_unseen_validation\trade_date=2026-07-17\exchange=NSE\symbol=ITBEES\part-052656_520796-014000.parquet,34760,downloaded,34760,
2026-07-17,NSE,ITBEES,raw_l2/trade_date=2026-07-17/exchange=NSE/symbol=ITBEES/part-051250_252270-012080.parquet,real_data_sample\l2_unseen_validation\trade_date=2026-07-17\exchange=NSE\symbol=ITBEES\part-051250_252270-012080.parquet,34730,downloaded,34730,
2026-07-17,NSE,ITBEES,raw_l2/trade_date=2026-07-17/exchange=NSE/symbol=ITBEES/part-052531_577935-013808.parquet,real_data_sample\l2_unseen_validation\trade_date=2026-07-17\exchange=NSE\symbol=ITBEES\part-052531_577935-013808.parquet,34556,downloaded,34556,
2026-07-17,NSE,ITBEES,raw_l2/trade_date=2026-07-17/exchange=NSE/symbol=ITBEES/part-052738_480096-014096.parquet,real_data_sample\l2_unseen_validation\trade_date=2026-07-17\exchange=NSE\symbol=ITBEES\part-052738_480096-014096.parquet,34647,downloaded,34647,
2026-07-17,NSE,ITBEES,raw_l2/trade_date=2026-07-17/exchange=NSE/symbol=ITBEES/part-052752_466040-014128.parquet,real_data_sample\l2_unseen_validation\trade_date=2026-07-17\exchange=NSE\symbol=ITBEES\part-052752_466040-014128.parquet,34691,downloaded,34691,
2026-07-17,NSE,ITBEES,raw_l2/trade_date=2026-07-17/exchange=NSE/symbol=ITBEES/part-052806_275524-014160.parquet,real_data_sample\l2_unseen_validation\trade_date=2026-07-17\exchange=NSE\symbol=ITBEES\part-052806_275524-014160.parquet,34613,downloaded,34613,
2026-07-17,NSE,ITBEES,raw_l2/trade_date=2026-07-17/exchange=NSE/symbol=ITBEES/part-052820_313166-014192.parquet,real_data_sample\l2_unseen_validation\trade_date=2026-07-17\exchange=NSE\symbol=ITBEES\part-052820_313166-014192.parquet,34639,downloaded,34639,
2026-07-17,NSE,ITBEES,raw_l2/trade_date=2026-07-17/exchange=NSE/symbol=ITBEES/part-052834_561277-014224.parquet,real_data_sample\l2_unseen_validation\trade_date=2026-07-17\exchange=NSE\symbol=ITBEES\part-052834_561277-014224.parquet,34524,downloaded,34524,
2026-07-17,NSE,ITBEES,raw_l2/trade_date=2026-07-17/exchange=NSE/symbol=ITBEES/part-052120_439255-013232.parquet,real_data_sample\l2_unseen_validation\trade_date=2026-07-17\exchange=NSE\symbol=ITBEES\part-052120_439255-013232.parquet,34601,downloaded,34601,
2026-07-17,NSE,ITBEES,raw_l2/trade_date=2026-07-17/exchange=NSE/symbol=ITBEES/part-052710_562945-014032.parquet,real_data_sample\l2_unseen_validation\trade_date=2026-07-17\exchange=NSE\symbol=ITBEES\part-052710_562945-014032.parquet,34704,downloaded,34704,
2026-07-17,NSE,ITBEES,raw_l2/trade_date=2026-07-17/exchange=NSE/symbol=ITBEES/part-052917_107583-014320.parquet,real_data_sample\l2_unseen_validation\trade_date=2026-07-17\exchange=NSE\symbol=ITBEES\part-052917_107583-014320.parquet,34378,downloaded,34378,
2026-07-17,NSE,ITBEES,raw_l2/trade_date=2026-07-17/exchange=NSE/symbol=ITBEES/part-052930_996099-014352.parquet,real_data_sample\l2_unseen_validation\trade_date=2026-07-17\exchange=NSE\symbol=ITBEES\part-052930_996099-014352.parquet,34630,downloaded,34630,
2026-07-17,NSE,ITBEES,raw_l2/trade_date=2026-07-17/exchange=NSE/symbol=ITBEES/part-052945_012887-014384.parquet,real_data_sample\l2_unseen_validation\trade_date=2026-07-17\exchange=NSE\symbol=ITBEES\part-052945_012887-014384.parquet,34270,downloaded,34270,
2026-07-17,NSE,ITBEES,raw_l2/trade_date=2026-07-17/exchange=NSE/symbol=ITBEES/part-052959_093595-014416.parquet,real_data_sample\l2_unseen_validation\trade_date=2026-07-17\exchange=NSE\symbol=ITBEES\part-052959_093595-014416.parquet,34529,downloaded,34529,
2026-07-17,NSE,ITBEES,raw_l2/trade_date=2026-07-17/exchange=NSE/symbol=ITBEES/part-052848_587373-014256.parquet,real_data_sample\l2_unseen_validation\trade_date=2026-07-17\exchange=NSE\symbol=ITBEES\part-052848_587373-014256.parquet,34745,downloaded,34745,
2026-07-17,NSE,ITBEES,raw_l2/trade_date=2026-07-17/exchange=NSE/symbol=ITBEES/part-053014_231310-014448.parquet,real_data_sample\l2_unseen_validation\trade_date=2026-07-17\exchange=NSE\symbol=ITBEES\part-053014_231310-014448.parquet,34499,downloaded,34499,
2026-07-17,NSE,ITBEES,raw_l2/trade_date=2026-07-17/exchange=NSE/symbol=ITBEES/part-053028_719030-014480.parquet,real_data_sample\l2_unseen_validation\trade_date=2026-07-17\exchange=NSE\symbol=ITBEES\part-053028_719030-014480.parquet,34601,downloaded,34601,
2026-07-17,NSE,ITBEES,raw_l2/trade_date=2026-07-17/exchange=NSE/symbol=ITBEES/part-052724_604272-014064.parquet,real_data_sample\l2_unseen_validation\trade_date=2026-07-17\exchange=NSE\symbol=ITBEES\part-052724_604272-014064.parquet,34669,downloaded,34669,
2026-07-17,NSE,ITBEES,raw_l2/trade_date=2026-07-17/exchange=NSE/symbol=ITBEES/part-052903_094857-014288.parquet,real_data_sample\l2_unseen_validation\trade_date=2026-07-17\exchange=NSE\symbol=ITBEES\part-052903_094857-014288.parquet,34553,downloaded,34553,
2026-07-17,NSE,ITBEES,raw_l2/trade_date=2026-07-17/exchange=NSE/symbol=ITBEES/part-052545_786293-013840.parquet,real_data_sample\l2_unseen_validation\trade_date=2026-07-17\exchange=NSE\symbol=ITBEES\part-052545_786293-013840.parquet,34599,downloaded,34599,
2026-07-17,NSE,ITBEES,raw_l2/trade_date=2026-07-17/exchange=NSE/symbol=ITBEES/part-053056_605092-014544.parquet,real_data_sample\l2_unseen_validation\trade_date=2026-07-17\exchange=NSE\symbol=ITBEES\part-053056_605092-014544.parquet,34514,downloaded,34514,
2026-07-17,NSE,ITBEES,raw_l2/trade_date=2026-07-17/exchange=NSE/symbol=ITBEES/part-053111_178327-014576.parquet,real_data_sample\l2_unseen_validation\trade_date=2026-07-17\exchange=NSE\symbol=ITBEES\part-053111_178327-014576.parquet,34670,downloaded,34670,
2026-07-17,NSE,ITBEES,raw_l2/trade_date=2026-07-17/exchange=NSE/symbol=ITBEES/part-053125_472374-014608.parquet,real_data_sample\l2_unseen_validation\trade_date=2026-07-17\exchange=NSE\symbol=ITBEES\part-053125_472374-014608.parquet,34560,downloaded,34560,
2026-07-17,NSE,ITBEES,raw_l2/trade_date=2026-07-17/exchange=NSE/symbol=ITBEES/part-053139_481457-014640.parquet,real_data_sample\l2_unseen_validation\trade_date=2026-07-17\exchange=NSE\symbol=ITBEES\part-053139_481457-014640.parquet,34515,downloaded,34515,
2026-07-17,NSE,ITBEES,raw_l2/trade_date=2026-07-17/exchange=NSE/symbol=ITBEES/part-053221_532275-014736.parquet,real_data_sample\l2_unseen_validation\trade_date=2026-07-17\exchange=NSE\symbol=ITBEES\part-053221_532275-014736.parquet,34657,downloaded,34657,
2026-07-17,NSE,ITBEES,raw_l2/trade_date=2026-07-17/exchange=NSE/symbol=ITBEES/part-053042_531573-014512.parquet,real_data_sample\l2_unseen_validation\trade_date=2026-07-17\exchange=NSE\symbol=ITBEES\part-053042_531573-014512.parquet,34439,downloaded,34439,
2026-07-17,NSE,ITBEES,raw_l2/trade_date=2026-07-17/exchange=NSE/symbol=ITBEES/part-053207_401404-014704.parquet,real_data_sample\l2_unseen_validation\trade_date=2026-07-17\exchange=NSE\symbol=ITBEES\part-053207_401404-014704.parquet,34464,downloaded,34464,
2026-07-17,NSE,ITBEES,raw_l2/trade_date=2026-07-17/exchange=NSE/symbol=ITBEES/part-053317_616191-014864.parquet,real_data_sample\l2_unseen_validation\trade_date=2026-07-17\exchange=NSE\symbol=ITBEES\part-053317_616191-014864.parquet,34635,downloaded,34635,
2026-07-17,NSE,ITBEES,raw_l2/trade_date=2026-07-17/exchange=NSE/symbol=ITBEES/part-053331_743487-014896.parquet,real_data_sample\l2_unseen_validation\trade_date=2026-07-17\exchange=NSE\symbol=ITBEES\part-053331_743487-014896.parquet,34743,downloaded,34743,
2026-07-17,NSE,ITBEES,raw_l2/trade_date=2026-07-17/exchange=NSE/symbol=ITBEES/part-053345_739997-014928.parquet,real_data_sample\l2_unseen_validation\trade_date=2026-07-17\exchange=NSE\symbol=ITBEES\part-053345_739997-014928.parquet,34509,downloaded,34509,
2026-07-17,NSE,ITBEES,raw_l2/trade_date=2026-07-17/exchange=NSE/symbol=ITBEES/part-053359_686195-014960.parquet,real_data_sample\l2_unseen_validation\trade_date=2026-07-17\exchange=NSE\symbol=ITBEES\part-053359_686195-014960.parquet,34582,downloaded,34582,
2026-07-17,NSE,ITBEES,raw_l2/trade_date=2026-07-17/exchange=NSE/symbol=ITBEES/part-053153_185079-014672.parquet,real_data_sample\l2_unseen_validation\trade_date=2026-07-17\exchange=NSE\symbol=ITBEES\part-053153_185079-014672.parquet,34381,downloaded,34381,
2026-07-17,NSE,ITBEES,raw_l2/trade_date=2026-07-17/exchange=NSE/symbol=ITBEES/part-053413_863527-014992.parquet,real_data_sample\l2_unseen_validation\trade_date=2026-07-17\exchange=NSE\symbol=ITBEES\part-053413_863527-014992.parquet,34399,downloaded,34399,
2026-07-17,NSE,ITBEES,raw_l2/trade_date=2026-07-17/exchange=NSE/symbol=ITBEES/part-052312_314217-013488.parquet,real_data_sample\l2_unseen_validation\trade_date=2026-07-17\exchange=NSE\symbol=ITBEES\part-052312_314217-013488.parquet,34488,downloaded,34488,
2026-07-17,NSE,ITBEES,raw_l2/trade_date=2026-07-17/exchange=NSE/symbol=ITBEES/part-052134_258666-013264.parquet,real_data_sample\l2_unseen_validation\trade_date=2026-07-17\exchange=NSE\symbol=ITBEES\part-052134_258666-013264.parquet,34498,downloaded,34498,
2026-07-17,NSE,ITBEES,raw_l2/trade_date=2026-07-17/exchange=NSE/symbol=ITBEES/part-053441_418634-015056.parquet,real_data_sample\l2_unseen_validation\trade_date=2026-07-17\exchange=NSE\symbol=ITBEES\part-053441_418634-015056.parquet,34518,downloaded,34518,
2026-07-17,NSE,ITBEES,raw_l2/trade_date=2026-07-17/exchange=NSE/symbol=ITBEES/part-053249_474530-014800.parquet,real_data_sample\l2_unseen_validation\trade_date=2026-07-17\exchange=NSE\symbol=ITBEES\part-053249_474530-014800.parquet,34549,downloaded,34549,
2026-07-17,NSE,ITBEES,raw_l2/trade_date=2026-07-17/exchange=NSE/symbol=ITBEES/part-052340_216337-013552.parquet,real_data_sample\l2_unseen_validation\trade_date=2026-07-17\exchange=NSE\symbol=ITBEES\part-052340_216337-013552.parquet,34422,downloaded,34422,
2026-07-17,NSE,ITBEES,raw_l2/trade_date=2026-07-17/exchange=NSE/symbol=ITBEES/part-053455_132689-015088.parquet,real_data_sample\l2_unseen_validation\trade_date=2026-07-17\exchange=NSE\symbol=ITBEES\part-053455_132689-015088.parquet,34601,downloaded,34601,
2026-07-17,NSE,ITBEES,raw_l2/trade_date=2026-07-17/exchange=NSE/symbol=ITBEES/part-053509_132444-015120.parquet,real_data_sample\l2_unseen_validation\trade_date=2026-07-17\exchange=NSE\symbol=ITBEES\part-053509_132444-015120.parquet,34563,downloaded,34563,
2026-07-17,NSE,ITBEES,raw_l2/trade_date=2026-07-17/exchange=NSE/symbol=ITBEES/part-052230_297805-013392.parquet,real_data_sample\l2_unseen_validation\trade_date=2026-07-17\exchange=NSE\symbol=ITBEES\part-052230_297805-013392.parquet,34657,downloaded,34657,
2026-07-17,NSE,ITBEES,raw_l2/trade_date=2026-07-17/exchange=NSE/symbol=ITBEES/part-052148_215477-013296.parquet,real_data_sample\l2_unseen_validation\trade_date=2026-07-17\exchange=NSE\symbol=ITBEES\part-052148_215477-013296.parquet,34504,downloaded,34504,
2026-07-17,NSE,ITBEES,raw_l2/trade_date=2026-07-17/exchange=NSE/symbol=ITBEES/part-053523_000901-015152.parquet,real_data_sample\l2_unseen_validation\trade_date=2026-07-17\exchange=NSE\symbol=ITBEES\part-053523_000901-015152.parquet,34478,downloaded,34478,
2026-07-17,NSE,ITBEES,raw_l2/trade_date=2026-07-17/exchange=NSE/symbol=ITBEES/part-051929_912645-012976.parquet,real_data_sample\l2_unseen_validation\trade_date=2026-07-17\exchange=NSE\symbol=ITBEES\part-051929_912645-012976.parquet,34604,downloaded,34604,
2026-07-17,NSE,ITBEES,raw_l2/trade_date=2026-07-17/exchange=NSE/symbol=ITBEES/part-052025_155549-013104.parquet,real_data_sample\l2_unseen_validation\trade_date=2026-07-17\exchange=NSE\symbol=ITBEES\part-052025_155549-013104.parquet,34482,downloaded,34482,
2026-07-17,NSE,ITBEES,raw_l2/trade_date=2026-07-17/exchange=NSE/symbol=ITBEES/part-053536_910424-015184.parquet,real_data_sample\l2_unseen_validation\trade_date=2026-07-17\exchange=NSE\symbol=ITBEES\part-053536_910424-015184.parquet,34364,downloaded,34364,
2026-07-17,NSE,ITBEES,raw_l2/trade_date=2026-07-17/exchange=NSE/symbol=ITBEES/part-053235_527705-014768.parquet,real_data_sample\l2_unseen_validation\trade_date=2026-07-17\exchange=NSE\symbol=ITBEES\part-053235_527705-014768.parquet,34746,downloaded,34746,
2026-07-17,NSE,ITBEES,raw_l2/trade_date=2026-07-17/exchange=NSE/symbol=ITBEES/part-052216_288195-013360.parquet,real_data_sample\l2_unseen_validation\trade_date=2026-07-17\exchange=NSE\symbol=ITBEES\part-052216_288195-013360.parquet,34617,downloaded,34617,
2026-07-17,NSE,ITBEES,raw_l2/trade_date=2026-07-17/exchange=NSE/symbol=ITBEES/part-052244_265701-013424.parquet,real_data_sample\l2_unseen_validation\trade_date=2026-07-17\exchange=NSE\symbol=ITBEES\part-052244_265701-013424.parquet,34519,downloaded,34519,
2026-07-17,NSE,ITBEES,raw_l2/trade_date=2026-07-17/exchange=NSE/symbol=ITBEES/part-052202_233306-013328.parquet,real_data_sample\l2_unseen_validation\trade_date=2026-07-17\exchange=NSE\symbol=ITBEES\part-052202_233306-013328.parquet,34568,downloaded,34568,
2026-07-17,NSE,ITBEES,raw_l2/trade_date=2026-07-17/exchange=NSE/symbol=ITBEES/part-052258_293275-013456.parquet,real_data_sample\l2_unseen_validation\trade_date=2026-07-17\exchange=NSE\symbol=ITBEES\part-052258_293275-013456.parquet,34470,downloaded,34470,
2026-07-17,NSE,ITBEES,raw_l2/trade_date=2026-07-17/exchange=NSE/symbol=ITBEES/part-053427_731073-015024.parquet,real_data_sample\l2_unseen_validation\trade_date=2026-07-17\exchange=NSE\symbol=ITBEES\part-053427_731073-015024.parquet,34613,downloaded,34613,
2026-07-17,NSE,ITBEES,raw_l2/trade_date=2026-07-17/exchange=NSE/symbol=ITBEES/part-052052_701664-013168.parquet,real_data_sample\l2_unseen_validation\trade_date=2026-07-17\exchange=NSE\symbol=ITBEES\part-052052_701664-013168.parquet,34570,downloaded,34570,
2026-07-17,NSE,ITBEES,raw_l2/trade_date=2026-07-17/exchange=NSE/symbol=ITBEES/part-051915_974865-012944.parquet,real_data_sample\l2_unseen_validation\trade_date=2026-07-17\exchange=NSE\symbol=ITBEES\part-051915_974865-012944.parquet,34528,downloaded,34528,
2026-07-17,NSE,ITBEES,raw_l2/trade_date=2026-07-17/exchange=NSE/symbol=ITBEES/part-052038_935562-013136.parquet,real_data_sample\l2_unseen_validation\trade_date=2026-07-17\exchange=NSE\symbol=ITBEES\part-052038_935562-013136.parquet,34479,downloaded,34479,
2026-07-17,NSE,ITBEES,raw_l2/trade_date=2026-07-17/exchange=NSE/symbol=ITBEES/part-052408_224728-013616.parquet,real_data_sample\l2_unseen_validation\trade_date=2026-07-17\exchange=NSE\symbol=ITBEES\part-052408_224728-013616.parquet,34556,downloaded,34556,
2026-07-17,NSE,ITBEES,raw_l2/trade_date=2026-07-17/exchange=NSE/symbol=ITBEES/part-052011_414555-013072.parquet,real_data_sample\l2_unseen_validation\trade_date=2026-07-17\exchange=NSE\symbol=ITBEES\part-052011_414555-013072.parquet,34398,downloaded,34398,
2026-07-17,NSE,ITBEES,raw_l2/trade_date=2026-07-17/exchange=NSE/symbol=ITBEES/part-051957_701881-013040.parquet,real_data_sample\l2_unseen_validation\trade_date=2026-07-17\exchange=NSE\symbol=ITBEES\part-051957_701881-013040.parquet,34517,downloaded,34517,
2026-07-17,NSE,ITBEES,raw_l2/trade_date=2026-07-17/exchange=NSE/symbol=ITBEES/part-053604_464183-015248.parquet,real_data_sample\l2_unseen_validation\trade_date=2026-07-17\exchange=NSE\symbol=ITBEES\part-053604_464183-015248.parquet,34449,downloaded,34449,
2026-07-17,NSE,ITBEES,raw_l2/trade_date=2026-07-17/exchange=NSE/symbol=ITBEES/part-052326_188005-013520.parquet,real_data_sample\l2_unseen_validation\trade_date=2026-07-17\exchange=NSE\symbol=ITBEES\part-052326_188005-013520.parquet,34471,downloaded,34471,
2026-07-17,NSE,ITBEES,raw_l2/trade_date=2026-07-17/exchange=NSE/symbol=ITBEES/part-053632_715985-015312.parquet,real_data_sample\l2_unseen_validation\trade_date=2026-07-17\exchange=NSE\symbol=ITBEES\part-053632_715985-015312.parquet,34601,downloaded,34601,
2026-07-17,NSE,ITBEES,raw_l2/trade_date=2026-07-17/exchange=NSE/symbol=ITBEES/part-053700_504147-015376.parquet,real_data_sample\l2_unseen_validation\trade_date=2026-07-17\exchange=NSE\symbol=ITBEES\part-053700_504147-015376.parquet,34737,downloaded,34737,
2026-07-17,NSE,ITBEES,raw_l2/trade_date=2026-07-17/exchange=NSE/symbol=ITBEES/part-053646_672383-015344.parquet,real_data_sample\l2_unseen_validation\trade_date=2026-07-17\exchange=NSE\symbol=ITBEES\part-053646_672383-015344.parquet,34610,downloaded,34610,
2026-07-17,NSE,ITBEES,raw_l2/trade_date=2026-07-17/exchange=NSE/symbol=ITBEES/part-053728_429790-015440.parquet,real_data_sample\l2_unseen_validation\trade_date=2026-07-17\exchange=NSE\symbol=ITBEES\part-053728_429790-015440.parquet,34252,downloaded,34252,
2026-07-17,NSE,ITBEES,raw_l2/trade_date=2026-07-17/exchange=NSE/symbol=ITBEES/part-053742_248378-015472.parquet,real_data_sample\l2_unseen_validation\trade_date=2026-07-17\exchange=NSE\symbol=ITBEES\part-053742_248378-015472.parquet,34445,downloaded,34445,
2026-07-17,NSE,ITBEES,raw_l2/trade_date=2026-07-17/exchange=NSE/symbol=ITBEES/part-052354_186215-013584.parquet,real_data_sample\l2_unseen_validation\trade_date=2026-07-17\exchange=NSE\symbol=ITBEES\part-052354_186215-013584.parquet,34702,downloaded,34702,
2026-07-17,NSE,ITBEES,raw_l2/trade_date=2026-07-17/exchange=NSE/symbol=ITBEES/part-053303_580041-014832.parquet,real_data_sample\l2_unseen_validation\trade_date=2026-07-17\exchange=NSE\symbol=ITBEES\part-053303_580041-014832.parquet,34735,downloaded,34735,
2026-07-17,NSE,ITBEES,raw_l2/trade_date=2026-07-17/exchange=NSE/symbol=ITBEES/part-051943_687267-013008.parquet,real_data_sample\l2_unseen_validation\trade_date=2026-07-17\exchange=NSE\symbol=ITBEES\part-051943_687267-013008.parquet,34557,downloaded,34557,
2026-07-17,NSE,ITBEES,raw_l2/trade_date=2026-07-17/exchange=NSE/symbol=ITBEES/part-052106_432872-013200.parquet,real_data_sample\l2_unseen_validation\trade_date=2026-07-17\exchange=NSE\symbol=ITBEES\part-052106_432872-013200.parquet,34582,downloaded,34582,
2026-07-17,NSE,ITBEES,raw_l2/trade_date=2026-07-17/exchange=NSE/symbol=ITBEES/part-053809_952369-015536.parquet,real_data_sample\l2_unseen_validation\trade_date=2026-07-17\exchange=NSE\symbol=ITBEES\part-053809_952369-015536.parquet,34370,downloaded,34370,
2026-07-17,NSE,ITBEES,raw_l2/trade_date=2026-07-17/exchange=NSE/symbol=ITBEES/part-053756_191623-015504.parquet,real_data_sample\l2_unseen_validation\trade_date=2026-07-17\exchange=NSE\symbol=ITBEES\part-053756_191623-015504.parquet,34629,downloaded,34629,
2026-07-17,NSE,ITBEES,raw_l2/trade_date=2026-07-17/exchange=NSE/symbol=ITBEES/part-053824_140004-015568.parquet,real_data_sample\l2_unseen_validation\trade_date=2026-07-17\exchange=NSE\symbol=ITBEES\part-053824_140004-015568.parquet,34363,downloaded,34363,
2026-07-17,NSE,ITBEES,raw_l2/trade_date=2026-07-17/exchange=NSE/symbol=ITBEES/part-053852_190943-015632.parquet,real_data_sample\l2_unseen_validation\trade_date=2026-07-17\exchange=NSE\symbol=ITBEES\part-053852_190943-015632.parquet,34229,downloaded,34229,
2026-07-17,NSE,ITBEES,raw_l2/trade_date=2026-07-17/exchange=NSE/symbol=ITBEES/part-053550_715433-015216.parquet,real_data_sample\l2_unseen_validation\trade_date=2026-07-17\exchange=NSE\symbol=ITBEES\part-053550_715433-015216.parquet,34373,downloaded,34373,
2026-07-17,NSE,ITBEES,raw_l2/trade_date=2026-07-17/exchange=NSE/symbol=ITBEES/part-053905_960966-015664.parquet,real_data_sample\l2_unseen_validation\trade_date=2026-07-17\exchange=NSE\symbol=ITBEES\part-053905_960966-015664.parquet,34500,downloaded,34500,
2026-07-17,NSE,ITBEES,raw_l2/trade_date=2026-07-17/exchange=NSE/symbol=ITBEES/part-053618_470783-015280.parquet,real_data_sample\l2_unseen_validation\trade_date=2026-07-17\exchange=NSE\symbol=ITBEES\part-053618_470783-015280.parquet,34506,downloaded,34506,
2026-07-17,NSE,ITBEES,raw_l2/trade_date=2026-07-17/exchange=NSE/symbol=ITBEES/part-054001_817529-015792.parquet,real_data_sample\l2_unseen_validation\trade_date=2026-07-17\exchange=NSE\symbol=ITBEES\part-054001_817529-015792.parquet,34629,downloaded,34629,
2026-07-17,NSE,ITBEES,raw_l2/trade_date=2026-07-17/exchange=NSE/symbol=ITBEES/part-054015_630048-015824.parquet,real_data_sample\l2_unseen_validation\trade_date=2026-07-17\exchange=NSE\symbol=ITBEES\part-054015_630048-015824.parquet,34886,downloaded,34886,
2026-07-17,NSE,ITBEES,raw_l2/trade_date=2026-07-17/exchange=NSE/symbol=ITBEES/part-054029_689193-015856.parquet,real_data_sample\l2_unseen_validation\trade_date=2026-07-17\exchange=NSE\symbol=ITBEES\part-054029_689193-015856.parquet,34465,downloaded,34465,
2026-07-17,NSE,ITBEES,raw_l2/trade_date=2026-07-17/exchange=NSE/symbol=ITBEES/part-054043_526771-015888.parquet,real_data_sample\l2_unseen_validation\trade_date=2026-07-17\exchange=NSE\symbol=ITBEES\part-054043_526771-015888.parquet,34621,downloaded,34621,
2026-07-17,NSE,ITBEES,raw_l2/trade_date=2026-07-17/exchange=NSE/symbol=ITBEES/part-054206_693113-016080.parquet,real_data_sample\l2_unseen_validation\trade_date=2026-07-17\exchange=NSE\symbol=ITBEES\part-054206_693113-016080.parquet,34490,downloaded,34490,
2026-07-17,NSE,ITBEES,raw_l2/trade_date=2026-07-17/exchange=NSE/symbol=ITBEES/part-054057_469624-015920.parquet,real_data_sample\l2_unseen_validation\trade_date=2026-07-17\exchange=NSE\symbol=ITBEES\part-054057_469624-015920.parquet,34713,downloaded,34713,
2026-07-17,NSE,ITBEES,raw_l2/trade_date=2026-07-17/exchange=NSE/symbol=ITBEES/part-054111_462211-015952.parquet,real_data_sample\l2_unseen_validation\trade_date=2026-07-17\exchange=NSE\symbol=ITBEES\part-054111_462211-015952.parquet,34608,downloaded,34608,
2026-07-17,NSE,ITBEES,raw_l2/trade_date=2026-07-17/exchange=NSE/symbol=ITBEES/part-054125_180647-015984.parquet,real_data_sample\l2_unseen_validation\trade_date=2026-07-17\exchange=NSE\symbol=ITBEES\part-054125_180647-015984.parquet,34539,downloaded,34539,
2026-07-17,NSE,ITBEES,raw_l2/trade_date=2026-07-17/exchange=NSE/symbol=ITBEES/part-054152_726903-016048.parquet,real_data_sample\l2_unseen_validation\trade_date=2026-07-17\exchange=NSE\symbol=ITBEES\part-054152_726903-016048.parquet,34511,downloaded,34511,
2026-07-17,NSE,ITBEES,raw_l2/trade_date=2026-07-17/exchange=NSE/symbol=ITBEES/part-054220_700021-016112.parquet,real_data_sample\l2_unseen_validation\trade_date=2026-07-17\exchange=NSE\symbol=ITBEES\part-054220_700021-016112.parquet,34325,downloaded,34325,
2026-07-17,NSE,ITBEES,raw_l2/trade_date=2026-07-17/exchange=NSE/symbol=ITBEES/part-053714_488986-015408.parquet,real_data_sample\l2_unseen_validation\trade_date=2026-07-17\exchange=NSE\symbol=ITBEES\part-053714_488986-015408.parquet,34503,downloaded,34503,
2026-07-17,NSE,ITBEES,raw_l2/trade_date=2026-07-17/exchange=NSE/symbol=ITBEES/part-054234_443917-016144.parquet,real_data_sample\l2_unseen_validation\trade_date=2026-07-17\exchange=NSE\symbol=ITBEES\part-054234_443917-016144.parquet,34621,downloaded,34621,
2026-07-17,NSE,ITBEES,raw_l2/trade_date=2026-07-17/exchange=NSE/symbol=ITBEES/part-054316_467096-016240.parquet,real_data_sample\l2_unseen_validation\trade_date=2026-07-17\exchange=NSE\symbol=ITBEES\part-054316_467096-016240.parquet,34616,downloaded,34616,
2026-07-17,NSE,ITBEES,raw_l2/trade_date=2026-07-17/exchange=NSE/symbol=ITBEES/part-054248_442540-016176.parquet,real_data_sample\l2_unseen_validation\trade_date=2026-07-17\exchange=NSE\symbol=ITBEES\part-054248_442540-016176.parquet,34729,downloaded,34729,
2026-07-17,NSE,ITBEES,raw_l2/trade_date=2026-07-17/exchange=NSE/symbol=ITBEES/part-054302_485673-016208.parquet,real_data_sample\l2_unseen_validation\trade_date=2026-07-17\exchange=NSE\symbol=ITBEES\part-054302_485673-016208.parquet,34394,downloaded,34394,
2026-07-17,NSE,ITBEES,raw_l2/trade_date=2026-07-17/exchange=NSE/symbol=ITBEES/part-054330_266641-016272.parquet,real_data_sample\l2_unseen_validation\trade_date=2026-07-17\exchange=NSE\symbol=ITBEES\part-054330_266641-016272.parquet,34465,downloaded,34465,
2026-07-17,NSE,ITBEES,raw_l2/trade_date=2026-07-17/exchange=NSE/symbol=ITBEES/part-053838_237849-015600.parquet,real_data_sample\l2_unseen_validation\trade_date=2026-07-17\exchange=NSE\symbol=ITBEES\part-053838_237849-015600.parquet,34577,downloaded,34577,
2026-07-17,NSE,ITBEES,raw_l2/trade_date=2026-07-17/exchange=NSE/symbol=ITBEES/part-054344_224433-016304.parquet,real_data_sample\l2_unseen_validation\trade_date=2026-07-17\exchange=NSE\symbol=ITBEES\part-054344_224433-016304.parquet,34722,downloaded,34722,
2026-07-17,NSE,ITBEES,raw_l2/trade_date=2026-07-17/exchange=NSE/symbol=ITBEES/part-054412_048601-016368.parquet,real_data_sample\l2_unseen_validation\trade_date=2026-07-17\exchange=NSE\symbol=ITBEES\part-054412_048601-016368.parquet,34595,downloaded,34595,
2026-07-17,NSE,ITBEES,raw_l2/trade_date=2026-07-17/exchange=NSE/symbol=ITBEES/part-054439_722339-016432.parquet,real_data_sample\l2_unseen_validation\trade_date=2026-07-17\exchange=NSE\symbol=ITBEES\part-054439_722339-016432.parquet,34585,downloaded,34585,
2026-07-17,NSE,ITBEES,raw_l2/trade_date=2026-07-17/exchange=NSE/symbol=ITBEES/part-054521_448171-016528.parquet,real_data_sample\l2_unseen_validation\trade_date=2026-07-17\exchange=NSE\symbol=ITBEES\part-054521_448171-016528.parquet,34438,downloaded,34438,
2026-07-17,NSE,ITBEES,raw_l2/trade_date=2026-07-17/exchange=NSE/symbol=ITBEES/part-054453_747496-016464.parquet,real_data_sample\l2_unseen_validation\trade_date=2026-07-17\exchange=NSE\symbol=ITBEES\part-054453_747496-016464.parquet,34664,downloaded,34664,
2026-07-17,NSE,ITBEES,raw_l2/trade_date=2026-07-17/exchange=NSE/symbol=ITBEES/part-054507_454638-016496.parquet,real_data_sample\l2_unseen_validation\trade_date=2026-07-17\exchange=NSE\symbol=ITBEES\part-054507_454638-016496.parquet,34450,downloaded,34450,
2026-07-17,NSE,ITBEES,raw_l2/trade_date=2026-07-17/exchange=NSE/symbol=ITBEES/part-053920_034905-015696.parquet,real_data_sample\l2_unseen_validation\trade_date=2026-07-17\exchange=NSE\symbol=ITBEES\part-053920_034905-015696.parquet,34287,downloaded,34287,
2026-07-17,NSE,ITBEES,raw_l2/trade_date=2026-07-17/exchange=NSE/symbol=ITBEES/part-053933_946817-015728.parquet,real_data_sample\l2_unseen_validation\trade_date=2026-07-17\exchange=NSE\symbol=ITBEES\part-053933_946817-015728.parquet,34743,downloaded,34743,
2026-07-17,NSE,ITBEES,raw_l2/trade_date=2026-07-17/exchange=NSE/symbol=ITBEES/part-054425_943001-016400.parquet,real_data_sample\l2_unseen_validation\trade_date=2026-07-17\exchange=NSE\symbol=ITBEES\part-054425_943001-016400.parquet,34560,downloaded,34560,
2026-07-17,NSE,ITBEES,raw_l2/trade_date=2026-07-17/exchange=NSE/symbol=ITBEES/part-054549_188130-016592.parquet,real_data_sample\l2_unseen_validation\trade_date=2026-07-17\exchange=NSE\symbol=ITBEES\part-054549_188130-016592.parquet,34401,downloaded,34401,
2026-07-17,NSE,ITBEES,raw_l2/trade_date=2026-07-17/exchange=NSE/symbol=ITBEES/part-054616_944273-016656.parquet,real_data_sample\l2_unseen_validation\trade_date=2026-07-17\exchange=NSE\symbol=ITBEES\part-054616_944273-016656.parquet,34596,downloaded,34596,
2026-07-17,NSE,ITBEES,raw_l2/trade_date=2026-07-17/exchange=NSE/symbol=ITBEES/part-054630_692039-016688.parquet,real_data_sample\l2_unseen_validation\trade_date=2026-07-17\exchange=NSE\symbol=ITBEES\part-054630_692039-016688.parquet,34447,downloaded,34447,
2026-07-17,NSE,ITBEES,raw_l2/trade_date=2026-07-17/exchange=NSE/symbol=ITBEES/part-054644_483497-016720.parquet,real_data_sample\l2_unseen_validation\trade_date=2026-07-17\exchange=NSE\symbol=ITBEES\part-054644_483497-016720.parquet,34592,downloaded,34592,
2026-07-17,NSE,ITBEES,raw_l2/trade_date=2026-07-17/exchange=NSE/symbol=ITBEES/part-054658_397466-016752.parquet,real_data_sample\l2_unseen_validation\trade_date=2026-07-17\exchange=NSE\symbol=ITBEES\part-054658_397466-016752.parquet,34497,downloaded,34497,
2026-07-17,NSE,ITBEES,raw_l2/trade_date=2026-07-17/exchange=NSE/symbol=ITBEES/part-054726_557830-016816.parquet,real_data_sample\l2_unseen_validation\trade_date=2026-07-17\exchange=NSE\symbol=ITBEES\part-054726_557830-016816.parquet,34568,downloaded,34568,
2026-07-17,NSE,ITBEES,raw_l2/trade_date=2026-07-17/exchange=NSE/symbol=ITBEES/part-054740_612344-016848.parquet,real_data_sample\l2_unseen_validation\trade_date=2026-07-17\exchange=NSE\symbol=ITBEES\part-054740_612344-016848.parquet,34752,downloaded,34752,
2026-07-17,NSE,ITBEES,raw_l2/trade_date=2026-07-17/exchange=NSE/symbol=ITBEES/part-054712_362016-016784.parquet,real_data_sample\l2_unseen_validation\trade_date=2026-07-17\exchange=NSE\symbol=ITBEES\part-054712_362016-016784.parquet,34378,downloaded,34378,
2026-07-17,NSE,ITBEES,raw_l2/trade_date=2026-07-17/exchange=NSE/symbol=ITBEES/part-054754_784508-016880.parquet,real_data_sample\l2_unseen_validation\trade_date=2026-07-17\exchange=NSE\symbol=ITBEES\part-054754_784508-016880.parquet,34479,downloaded,34479,
2026-07-17,NSE,ITBEES,raw_l2/trade_date=2026-07-17/exchange=NSE/symbol=ITBEES/part-054851_423770-017008.parquet,real_data_sample\l2_unseen_validation\trade_date=2026-07-17\exchange=NSE\symbol=ITBEES\part-054851_423770-017008.parquet,34481,downloaded,34481,
2026-07-17,NSE,ITBEES,raw_l2/trade_date=2026-07-17/exchange=NSE/symbol=ITBEES/part-054948_192721-017136.parquet,real_data_sample\l2_unseen_validation\trade_date=2026-07-17\exchange=NSE\symbol=ITBEES\part-054948_192721-017136.parquet,34562,downloaded,34562,
2026-07-17,NSE,ITBEES,raw_l2/trade_date=2026-07-17/exchange=NSE/symbol=ITBEES/part-054808_739707-016912.parquet,real_data_sample\l2_unseen_validation\trade_date=2026-07-17\exchange=NSE\symbol=ITBEES\part-054808_739707-016912.parquet,34486,downloaded,34486,
2026-07-17,NSE,ITBEES,raw_l2/trade_date=2026-07-17/exchange=NSE/symbol=ITBEES/part-054822_927760-016944.parquet,real_data_sample\l2_unseen_validation\trade_date=2026-07-17\exchange=NSE\symbol=ITBEES\part-054822_927760-016944.parquet,34598,downloaded,34598,
2026-07-17,NSE,ITBEES,raw_l2/trade_date=2026-07-17/exchange=NSE/symbol=ITBEES/part-054933_778494-017104.parquet,real_data_sample\l2_unseen_validation\trade_date=2026-07-17\exchange=NSE\symbol=ITBEES\part-054933_778494-017104.parquet,34615,downloaded,34615,
2026-07-17,NSE,ITBEES,raw_l2/trade_date=2026-07-17/exchange=NSE/symbol=ITBEES/part-054919_644655-017072.parquet,real_data_sample\l2_unseen_validation\trade_date=2026-07-17\exchange=NSE\symbol=ITBEES\part-054919_644655-017072.parquet,34498,downloaded,34498,
2026-07-17,NSE,ITBEES,raw_l2/trade_date=2026-07-17/exchange=NSE/symbol=ITBEES/part-055100_367689-017296.parquet,real_data_sample\l2_unseen_validation\trade_date=2026-07-17\exchange=NSE\symbol=ITBEES\part-055100_367689-017296.parquet,34505,downloaded,34505,
2026-07-17,NSE,ITBEES,raw_l2/trade_date=2026-07-17/exchange=NSE/symbol=ITBEES/part-054905_386677-017040.parquet,real_data_sample\l2_unseen_validation\trade_date=2026-07-17\exchange=NSE\symbol=ITBEES\part-054905_386677-017040.parquet,34435,downloaded,34435,
2026-07-17,NSE,ITBEES,raw_l2/trade_date=2026-07-17/exchange=NSE/symbol=ITBEES/part-055129_903431-017360.parquet,real_data_sample\l2_unseen_validation\trade_date=2026-07-17\exchange=NSE\symbol=ITBEES\part-055129_903431-017360.parquet,34694,downloaded,34694,
2026-07-17,NSE,ITBEES,raw_l2/trade_date=2026-07-17/exchange=NSE/symbol=ITBEES/part-055159_407147-017424.parquet,real_data_sample\l2_unseen_validation\trade_date=2026-07-17\exchange=NSE\symbol=ITBEES\part-055159_407147-017424.parquet,34636,downloaded,34636,
2026-07-17,NSE,ITBEES,raw_l2/trade_date=2026-07-17/exchange=NSE/symbol=ITBEES/part-055031_176165-017232.parquet,real_data_sample\l2_unseen_validation\trade_date=2026-07-17\exchange=NSE\symbol=ITBEES\part-055031_176165-017232.parquet,34600,downloaded,34600,
2026-07-17,NSE,ITBEES,raw_l2/trade_date=2026-07-17/exchange=NSE/symbol=ITBEES/part-054603_058136-016624.parquet,real_data_sample\l2_unseen_validation\trade_date=2026-07-17\exchange=NSE\symbol=ITBEES\part-054603_058136-016624.parquet,34611,downloaded,34611,
2026-07-17,NSE,ITBEES,raw_l2/trade_date=2026-07-17/exchange=NSE/symbol=ITBEES/part-053947_713035-015760.parquet,real_data_sample\l2_unseen_validation\trade_date=2026-07-17\exchange=NSE\symbol=ITBEES\part-053947_713035-015760.parquet,34384,downloaded,34384,
2026-07-17,NSE,ITBEES,raw_l2/trade_date=2026-07-17/exchange=NSE/symbol=ITBEES/part-055114_919057-017328.parquet,real_data_sample\l2_unseen_validation\trade_date=2026-07-17\exchange=NSE\symbol=ITBEES\part-055114_919057-017328.parquet,34616,downloaded,34616,
2026-07-17,NSE,ITBEES,raw_l2/trade_date=2026-07-17/exchange=NSE/symbol=ITBEES/part-054535_253607-016560.parquet,real_data_sample\l2_unseen_validation\trade_date=2026-07-17\exchange=NSE\symbol=ITBEES\part-054535_253607-016560.parquet,34355,downloaded,34355,
2026-07-17,NSE,ITBEES,raw_l2/trade_date=2026-07-17/exchange=NSE/symbol=ITBEES/part-055045_887453-017264.parquet,real_data_sample\l2_unseen_validation\trade_date=2026-07-17\exchange=NSE\symbol=ITBEES\part-055045_887453-017264.parquet,34604,downloaded,34604,
2026-07-17,NSE,ITBEES,raw_l2/trade_date=2026-07-17/exchange=NSE/symbol=ITBEES/part-055017_196440-017200.parquet,real_data_sample\l2_unseen_validation\trade_date=2026-07-17\exchange=NSE\symbol=ITBEES\part-055017_196440-017200.parquet,34666,downloaded,34666,
2026-07-17,NSE,ITBEES,raw_l2/trade_date=2026-07-17/exchange=NSE/symbol=ITBEES/part-054138_960173-016016.parquet,real_data_sample\l2_unseen_validation\trade_date=2026-07-17\exchange=NSE\symbol=ITBEES\part-054138_960173-016016.parquet,34584,downloaded,34584,
2026-07-17,NSE,ITBEES,raw_l2/trade_date=2026-07-17/exchange=NSE/symbol=ITBEES/part-055228_361933-017488.parquet,real_data_sample\l2_unseen_validation\trade_date=2026-07-17\exchange=NSE\symbol=ITBEES\part-055228_361933-017488.parquet,34475,downloaded,34475,
2026-07-17,NSE,ITBEES,raw_l2/trade_date=2026-07-17/exchange=NSE/symbol=ITBEES/part-055257_940112-017552.parquet,real_data_sample\l2_unseen_validation\trade_date=2026-07-17\exchange=NSE\symbol=ITBEES\part-055257_940112-017552.parquet,34563,downloaded,34563,
2026-07-17,NSE,ITBEES,raw_l2/trade_date=2026-07-17/exchange=NSE/symbol=ITBEES/part-055340_877521-017648.parquet,real_data_sample\l2_unseen_validation\trade_date=2026-07-17\exchange=NSE\symbol=ITBEES\part-055340_877521-017648.parquet,34683,downloaded,34683,
2026-07-17,NSE,ITBEES,raw_l2/trade_date=2026-07-17/exchange=NSE/symbol=ITBEES/part-055243_341153-017520.parquet,real_data_sample\l2_unseen_validation\trade_date=2026-07-17\exchange=NSE\symbol=ITBEES\part-055243_341153-017520.parquet,34625,downloaded,34625,
2026-07-17,NSE,ITBEES,raw_l2/trade_date=2026-07-17/exchange=NSE/symbol=ITBEES/part-055312_292935-017584.parquet,real_data_sample\l2_unseen_validation\trade_date=2026-07-17\exchange=NSE\symbol=ITBEES\part-055312_292935-017584.parquet,34735,downloaded,34735,
2026-07-17,NSE,ITBEES,raw_l2/trade_date=2026-07-17/exchange=NSE/symbol=ITBEES/part-055355_248654-017680.parquet,real_data_sample\l2_unseen_validation\trade_date=2026-07-17\exchange=NSE\symbol=ITBEES\part-055355_248654-017680.parquet,34574,downloaded,34574,
2026-07-17,NSE,ITBEES,raw_l2/trade_date=2026-07-17/exchange=NSE/symbol=ITBEES/part-055409_429513-017712.parquet,real_data_sample\l2_unseen_validation\trade_date=2026-07-17\exchange=NSE\symbol=ITBEES\part-055409_429513-017712.parquet,34731,downloaded,34731,
2026-07-17,NSE,ITBEES,raw_l2/trade_date=2026-07-17/exchange=NSE/symbol=ITBEES/part-054357_989903-016336.parquet,real_data_sample\l2_unseen_validation\trade_date=2026-07-17\exchange=NSE\symbol=ITBEES\part-054357_989903-016336.parquet,34759,downloaded,34759,
2026-07-17,NSE,ITBEES,raw_l2/trade_date=2026-07-17/exchange=NSE/symbol=ITBEES/part-055437_604404-017776.parquet,real_data_sample\l2_unseen_validation\trade_date=2026-07-17\exchange=NSE\symbol=ITBEES\part-055437_604404-017776.parquet,34577,downloaded,34577,
2026-07-17,NSE,ITBEES,raw_l2/trade_date=2026-07-17/exchange=NSE/symbol=ITBEES/part-055451_575687-017808.parquet,real_data_sample\l2_unseen_validation\trade_date=2026-07-17\exchange=NSE\symbol=ITBEES\part-055451_575687-017808.parquet,34461,downloaded,34461,
2026-07-17,NSE,ITBEES,raw_l2/trade_date=2026-07-17/exchange=NSE/symbol=ITBEES/part-055002_824883-017168.parquet,real_data_sample\l2_unseen_validation\trade_date=2026-07-17\exchange=NSE\symbol=ITBEES\part-055002_824883-017168.parquet,34472,downloaded,34472,
2026-07-17,NSE,ITBEES,raw_l2/trade_date=2026-07-17/exchange=NSE/symbol=ITBEES/part-054837_164453-016976.parquet,real_data_sample\l2_unseen_validation\trade_date=2026-07-17\exchange=NSE\symbol=ITBEES\part-054837_164453-016976.parquet,34387,downloaded,34387,
2026-07-17,NSE,ITBEES,raw_l2/trade_date=2026-07-17/exchange=NSE/symbol=ITBEES/part-055423_556135-017744.parquet,real_data_sample\l2_unseen_validation\trade_date=2026-07-17\exchange=NSE\symbol=ITBEES\part-055423_556135-017744.parquet,34640,downloaded,34640,
2026-07-17,NSE,ITBEES,raw_l2/trade_date=2026-07-17/exchange=NSE/symbol=ITBEES/part-055213_850267-017456.parquet,real_data_sample\l2_unseen_validation\trade_date=2026-07-17\exchange=NSE\symbol=ITBEES\part-055213_850267-017456.parquet,34527,downloaded,34527,
2026-07-17,NSE,ITBEES,raw_l2/trade_date=2026-07-17/exchange=NSE/symbol=ITBEES/part-055326_326747-017616.parquet,real_data_sample\l2_unseen_validation\trade_date=2026-07-17\exchange=NSE\symbol=ITBEES\part-055326_326747-017616.parquet,34534,downloaded,34534,
2026-07-17,NSE,ITBEES,raw_l2/trade_date=2026-07-17/exchange=NSE/symbol=ITBEES/part-055505_577106-017840.parquet,real_data_sample\l2_unseen_validation\trade_date=2026-07-17\exchange=NSE\symbol=ITBEES\part-055505_577106-017840.parquet,34481,downloaded,34481,
2026-07-17,NSE,ITBEES,raw_l2/trade_date=2026-07-17/exchange=NSE/symbol=ITBEES/part-055519_552030-017872.parquet,real_data_sample\l2_unseen_validation\trade_date=2026-07-17\exchange=NSE\symbol=ITBEES\part-055519_552030-017872.parquet,34668,downloaded,34668,
2026-07-17,NSE,ITBEES,raw_l2/trade_date=2026-07-17/exchange=NSE/symbol=ITBEES/part-055547_561943-017936.parquet,real_data_sample\l2_unseen_validation\trade_date=2026-07-17\exchange=NSE\symbol=ITBEES\part-055547_561943-017936.parquet,34450,downloaded,34450,
2026-07-17,NSE,ITBEES,raw_l2/trade_date=2026-07-17/exchange=NSE/symbol=ITBEES/part-055533_584872-017904.parquet,real_data_sample\l2_unseen_validation\trade_date=2026-07-17\exchange=NSE\symbol=ITBEES\part-055533_584872-017904.parquet,34587,downloaded,34587,
2026-07-17,NSE,ITBEES,raw_l2/trade_date=2026-07-17/exchange=NSE/symbol=ITBEES/part-055601_752990-017968.parquet,real_data_sample\l2_unseen_validation\trade_date=2026-07-17\exchange=NSE\symbol=ITBEES\part-055601_752990-017968.parquet,34501,downloaded,34501,
2026-07-17,NSE,ITBEES,raw_l2/trade_date=2026-07-17/exchange=NSE/symbol=ITBEES/part-055144_681137-017392.parquet,real_data_sample\l2_unseen_validation\trade_date=2026-07-17\exchange=NSE\symbol=ITBEES\part-055144_681137-017392.parquet,34584,downloaded,34584,
2026-07-17,NSE,ITBEES,raw_l2/trade_date=2026-07-17/exchange=NSE/symbol=ITBEES/part-055615_856044-018000.parquet,real_data_sample\l2_unseen_validation\trade_date=2026-07-17\exchange=NSE\symbol=ITBEES\part-055615_856044-018000.parquet,34496,downloaded,34496,
2026-07-17,NSE,ITBEES,raw_l2/trade_date=2026-07-17/exchange=NSE/symbol=ITBEES/part-055629_859721-018032.parquet,real_data_sample\l2_unseen_validation\trade_date=2026-07-17\exchange=NSE\symbol=ITBEES\part-055629_859721-018032.parquet,34564,downloaded,34564,
2026-07-17,NSE,ITBEES,raw_l2/trade_date=2026-07-17/exchange=NSE/symbol=ITBEES/part-055740_359529-018192.parquet,real_data_sample\l2_unseen_validation\trade_date=2026-07-17\exchange=NSE\symbol=ITBEES\part-055740_359529-018192.parquet,34695,downloaded,34695,
2026-07-17,NSE,ITBEES,raw_l2/trade_date=2026-07-17/exchange=NSE/symbol=ITBEES/part-055808_286873-018256.parquet,real_data_sample\l2_unseen_validation\trade_date=2026-07-17\exchange=NSE\symbol=ITBEES\part-055808_286873-018256.parquet,34592,downloaded,34592,
2026-07-17,NSE,ITBEES,raw_l2/trade_date=2026-07-17/exchange=NSE/symbol=ITBEES/part-055658_068924-018096.parquet,real_data_sample\l2_unseen_validation\trade_date=2026-07-17\exchange=NSE\symbol=ITBEES\part-055658_068924-018096.parquet,34509,downloaded,34509,
2026-07-17,NSE,ITBEES,raw_l2/trade_date=2026-07-17/exchange=NSE/symbol=ITBEES/part-055644_041822-018064.parquet,real_data_sample\l2_unseen_validation\trade_date=2026-07-17\exchange=NSE\symbol=ITBEES\part-055644_041822-018064.parquet,34481,downloaded,34481,
2026-07-17,NSE,ITBEES,raw_l2/trade_date=2026-07-17/exchange=NSE/symbol=ITBEES/part-055822_404358-018288.parquet,real_data_sample\l2_unseen_validation\trade_date=2026-07-17\exchange=NSE\symbol=ITBEES\part-055822_404358-018288.parquet,34527,downloaded,34527,
2026-07-17,NSE,ITBEES,raw_l2/trade_date=2026-07-17/exchange=NSE/symbol=ITBEES/part-055905_083960-018384.parquet,real_data_sample\l2_unseen_validation\trade_date=2026-07-17\exchange=NSE\symbol=ITBEES\part-055905_083960-018384.parquet,34627,downloaded,34627,
2026-07-17,NSE,ITBEES,raw_l2/trade_date=2026-07-17/exchange=NSE/symbol=ITBEES/part-055919_126053-018416.parquet,real_data_sample\l2_unseen_validation\trade_date=2026-07-17\exchange=NSE\symbol=ITBEES\part-055919_126053-018416.parquet,34494,downloaded,34494,
2026-07-17,NSE,ITBEES,raw_l2/trade_date=2026-07-17/exchange=NSE/symbol=ITBEES/part-055850_977834-018352.parquet,real_data_sample\l2_unseen_validation\trade_date=2026-07-17\exchange=NSE\symbol=ITBEES\part-055850_977834-018352.parquet,34582,downloaded,34582,
2026-07-17,NSE,ITBEES,raw_l2/trade_date=2026-07-17/exchange=NSE/symbol=ITBEES/part-055947_501539-018480.parquet,real_data_sample\l2_unseen_validation\trade_date=2026-07-17\exchange=NSE\symbol=ITBEES\part-055947_501539-018480.parquet,34475,downloaded,34475,
2026-07-17,NSE,ITBEES,raw_l2/trade_date=2026-07-17/exchange=NSE/symbol=ITBEES/part-060002_189674-018512.parquet,real_data_sample\l2_unseen_validation\trade_date=2026-07-17\exchange=NSE\symbol=ITBEES\part-060002_189674-018512.parquet,34549,downloaded,34549,
2026-07-17,NSE,ITBEES,raw_l2/trade_date=2026-07-17/exchange=NSE/symbol=ITBEES/part-060016_346783-018544.parquet,real_data_sample\l2_unseen_validation\trade_date=2026-07-17\exchange=NSE\symbol=ITBEES\part-060016_346783-018544.parquet,34401,downloaded,34401,
2026-07-17,NSE,ITBEES,raw_l2/trade_date=2026-07-17/exchange=NSE/symbol=ITBEES/part-055933_340559-018448.parquet,real_data_sample\l2_unseen_validation\trade_date=2026-07-17\exchange=NSE\symbol=ITBEES\part-055933_340559-018448.parquet,34468,downloaded,34468,
2026-07-17,NSE,ITBEES,raw_l2/trade_date=2026-07-17/exchange=NSE/symbol=ITBEES/part-060044_677850-018608.parquet,real_data_sample\l2_unseen_validation\trade_date=2026-07-17\exchange=NSE\symbol=ITBEES\part-060044_677850-018608.parquet,34512,downloaded,34512,
2026-07-17,NSE,ITBEES,raw_l2/trade_date=2026-07-17/exchange=NSE/symbol=ITBEES/part-060237_643003-018864.parquet,real_data_sample\l2_unseen_validation\trade_date=2026-07-17\exchange=NSE\symbol=ITBEES\part-060237_643003-018864.parquet,34672,downloaded,34672,
2026-07-17,NSE,ITBEES,raw_l2/trade_date=2026-07-17/exchange=NSE/symbol=ITBEES/part-060058_886092-018640.parquet,real_data_sample\l2_unseen_validation\trade_date=2026-07-17\exchange=NSE\symbol=ITBEES\part-060058_886092-018640.parquet,34282,downloaded,34282,
2026-07-17,NSE,ITBEES,raw_l2/trade_date=2026-07-17/exchange=NSE/symbol=ITBEES/part-060113_083179-018672.parquet,real_data_sample\l2_unseen_validation\trade_date=2026-07-17\exchange=NSE\symbol=ITBEES\part-060113_083179-018672.parquet,34826,downloaded,34826,
2026-07-17,NSE,ITBEES,raw_l2/trade_date=2026-07-17/exchange=NSE/symbol=ITBEES/part-060155_317058-018768.parquet,real_data_sample\l2_unseen_validation\trade_date=2026-07-17\exchange=NSE\symbol=ITBEES\part-060155_317058-018768.parquet,34353,downloaded,34353,
2026-07-17,NSE,ITBEES,raw_l2/trade_date=2026-07-17/exchange=NSE/symbol=ITBEES/part-060251_686347-018896.parquet,real_data_sample\l2_unseen_validation\trade_date=2026-07-17\exchange=NSE\symbol=ITBEES\part-060251_686347-018896.parquet,34659,downloaded,34659,
2026-07-17,NSE,ITBEES,raw_l2/trade_date=2026-07-17/exchange=NSE/symbol=ITBEES/part-060141_218529-018736.parquet,real_data_sample\l2_unseen_validation\trade_date=2026-07-17\exchange=NSE\symbol=ITBEES\part-060141_218529-018736.parquet,34369,downloaded,34369,
2026-07-17,NSE,ITBEES,raw_l2/trade_date=2026-07-17/exchange=NSE/symbol=ITBEES/part-060209_306170-018800.parquet,real_data_sample\l2_unseen_validation\trade_date=2026-07-17\exchange=NSE\symbol=ITBEES\part-060209_306170-018800.parquet,34743,downloaded,34743,
2026-07-17,NSE,ITBEES,raw_l2/trade_date=2026-07-17/exchange=NSE/symbol=ITBEES/part-060223_591826-018832.parquet,real_data_sample\l2_unseen_validation\trade_date=2026-07-17\exchange=NSE\symbol=ITBEES\part-060223_591826-018832.parquet,34615,downloaded,34615,
2026-07-17,NSE,ITBEES,raw_l2/trade_date=2026-07-17/exchange=NSE/symbol=ITBEES/part-060319_857628-018960.parquet,real_data_sample\l2_unseen_validation\trade_date=2026-07-17\exchange=NSE\symbol=ITBEES\part-060319_857628-018960.parquet,34459,downloaded,34459,
2026-07-17,NSE,ITBEES,raw_l2/trade_date=2026-07-17/exchange=NSE/symbol=ITBEES/part-060347_864381-019024.parquet,real_data_sample\l2_unseen_validation\trade_date=2026-07-17\exchange=NSE\symbol=ITBEES\part-060347_864381-019024.parquet,34565,downloaded,34565,
2026-07-17,NSE,ITBEES,raw_l2/trade_date=2026-07-17/exchange=NSE/symbol=ITBEES/part-055754_350997-018224.parquet,real_data_sample\l2_unseen_validation\trade_date=2026-07-17\exchange=NSE\symbol=ITBEES\part-055754_350997-018224.parquet,34541,downloaded,34541,
2026-07-17,NSE,ITBEES,raw_l2/trade_date=2026-07-17/exchange=NSE/symbol=ITBEES/part-060305_828288-018928.parquet,real_data_sample\l2_unseen_validation\trade_date=2026-07-17\exchange=NSE\symbol=ITBEES\part-060305_828288-018928.parquet,34476,downloaded,34476,
2026-07-17,NSE,ITBEES,raw_l2/trade_date=2026-07-17/exchange=NSE/symbol=ITBEES/part-060458_535131-019184.parquet,real_data_sample\l2_unseen_validation\trade_date=2026-07-17\exchange=NSE\symbol=ITBEES\part-060458_535131-019184.parquet,34518,downloaded,34518,
2026-07-17,NSE,ITBEES,raw_l2/trade_date=2026-07-17/exchange=NSE/symbol=ITBEES/part-055712_137585-018128.parquet,real_data_sample\l2_unseen_validation\trade_date=2026-07-17\exchange=NSE\symbol=ITBEES\part-055712_137585-018128.parquet,34595,downloaded,34595,
2026-07-17,NSE,ITBEES,raw_l2/trade_date=2026-07-17/exchange=NSE/symbol=ITBEES/part-060430_237157-019120.parquet,real_data_sample\l2_unseen_validation\trade_date=2026-07-17\exchange=NSE\symbol=ITBEES\part-060430_237157-019120.parquet,34582,downloaded,34582,
2026-07-17,NSE,ITBEES,raw_l2/trade_date=2026-07-17/exchange=NSE/symbol=ITBEES/part-060401_824165-019056.parquet,real_data_sample\l2_unseen_validation\trade_date=2026-07-17\exchange=NSE\symbol=ITBEES\part-060401_824165-019056.parquet,34419,downloaded,34419,
2026-07-17,NSE,ITBEES,raw_l2/trade_date=2026-07-17/exchange=NSE/symbol=ITBEES/part-060415_849876-019088.parquet,real_data_sample\l2_unseen_validation\trade_date=2026-07-17\exchange=NSE\symbol=ITBEES\part-060415_849876-019088.parquet,34455,downloaded,34455,
2026-07-17,NSE,ITBEES,raw_l2/trade_date=2026-07-17/exchange=NSE/symbol=ITBEES/part-060444_609558-019152.parquet,real_data_sample\l2_unseen_validation\trade_date=2026-07-17\exchange=NSE\symbol=ITBEES\part-060444_609558-019152.parquet,34592,downloaded,34592,
2026-07-17,NSE,ITBEES,raw_l2/trade_date=2026-07-17/exchange=NSE/symbol=ITBEES/part-060540_843987-019280.parquet,real_data_sample\l2_unseen_validation\trade_date=2026-07-17\exchange=NSE\symbol=ITBEES\part-060540_843987-019280.parquet,34514,downloaded,34514,
2026-07-17,NSE,ITBEES,raw_l2/trade_date=2026-07-17/exchange=NSE/symbol=ITBEES/part-060636_559642-019408.parquet,real_data_sample\l2_unseen_validation\trade_date=2026-07-17\exchange=NSE\symbol=ITBEES\part-060636_559642-019408.parquet,34752,downloaded,34752,
2026-07-17,NSE,ITBEES,raw_l2/trade_date=2026-07-17/exchange=NSE/symbol=ITBEES/part-060608_755626-019344.parquet,real_data_sample\l2_unseen_validation\trade_date=2026-07-17\exchange=NSE\symbol=ITBEES\part-060608_755626-019344.parquet,34932,downloaded,34932,
2026-07-17,NSE,ITBEES,raw_l2/trade_date=2026-07-17/exchange=NSE/symbol=ITBEES/part-060650_754339-019440.parquet,real_data_sample\l2_unseen_validation\trade_date=2026-07-17\exchange=NSE\symbol=ITBEES\part-060650_754339-019440.parquet,34609,downloaded,34609,
2026-07-17,NSE,ITBEES,raw_l2/trade_date=2026-07-17/exchange=NSE/symbol=ITBEES/part-060554_761858-019312.parquet,real_data_sample\l2_unseen_validation\trade_date=2026-07-17\exchange=NSE\symbol=ITBEES\part-060554_761858-019312.parquet,34691,downloaded,34691,
2026-07-17,NSE,ITBEES,raw_l2/trade_date=2026-07-17/exchange=NSE/symbol=ITBEES/part-060512_616182-019216.parquet,real_data_sample\l2_unseen_validation\trade_date=2026-07-17\exchange=NSE\symbol=ITBEES\part-060512_616182-019216.parquet,34463,downloaded,34463,
2026-07-17,NSE,ITBEES,raw_l2/trade_date=2026-07-17/exchange=NSE/symbol=ITBEES/part-060526_665913-019248.parquet,real_data_sample\l2_unseen_validation\trade_date=2026-07-17\exchange=NSE\symbol=ITBEES\part-060526_665913-019248.parquet,34470,downloaded,34470,
2026-07-17,NSE,ITBEES,raw_l2/trade_date=2026-07-17/exchange=NSE/symbol=ITBEES/part-060622_560702-019376.parquet,real_data_sample\l2_unseen_validation\trade_date=2026-07-17\exchange=NSE\symbol=ITBEES\part-060622_560702-019376.parquet,34849,downloaded,34849,
2026-07-17,NSE,ITBEES,raw_l2/trade_date=2026-07-17/exchange=NSE/symbol=ITBEES/part-060030_421324-018576.parquet,real_data_sample\l2_unseen_validation\trade_date=2026-07-17\exchange=NSE\symbol=ITBEES\part-060030_421324-018576.parquet,34538,downloaded,34538,
2026-07-17,NSE,ITBEES,raw_l2/trade_date=2026-07-17/exchange=NSE/symbol=ITBEES/part-060127_112528-018704.parquet,real_data_sample\l2_unseen_validation\trade_date=2026-07-17\exchange=NSE\symbol=ITBEES\part-060127_112528-018704.parquet,34689,downloaded,34689,
2026-07-17,NSE,ITBEES,raw_l2/trade_date=2026-07-17/exchange=NSE/symbol=ITBEES/part-060704_778675-019472.parquet,real_data_sample\l2_unseen_validation\trade_date=2026-07-17\exchange=NSE\symbol=ITBEES\part-060704_778675-019472.parquet,34712,downloaded,34712,
2026-07-17,NSE,ITBEES,raw_l2/trade_date=2026-07-17/exchange=NSE/symbol=ITBEES/part-060733_202352-019536.parquet,real_data_sample\l2_unseen_validation\trade_date=2026-07-17\exchange=NSE\symbol=ITBEES\part-060733_202352-019536.parquet,34654,downloaded,34654,
2026-07-17,NSE,ITBEES,raw_l2/trade_date=2026-07-17/exchange=NSE/symbol=ITBEES/part-060333_844985-018992.parquet,real_data_sample\l2_unseen_validation\trade_date=2026-07-17\exchange=NSE\symbol=ITBEES\part-060333_844985-018992.parquet,34560,downloaded,34560,
2026-07-17,NSE,ITBEES,raw_l2/trade_date=2026-07-17/exchange=NSE/symbol=ITBEES/part-060832_597218-019664.parquet,real_data_sample\l2_unseen_validation\trade_date=2026-07-17\exchange=NSE\symbol=ITBEES\part-060832_597218-019664.parquet,34644,downloaded,34644,
2026-07-17,NSE,ITBEES,raw_l2/trade_date=2026-07-17/exchange=NSE/symbol=ITBEES/part-060747_613235-019568.parquet,real_data_sample\l2_unseen_validation\trade_date=2026-07-17\exchange=NSE\symbol=ITBEES\part-060747_613235-019568.parquet,34604,downloaded,34604,
2026-07-17,NSE,ITBEES,raw_l2/trade_date=2026-07-17/exchange=NSE/symbol=ITBEES/part-060901_083043-019728.parquet,real_data_sample\l2_unseen_validation\trade_date=2026-07-17\exchange=NSE\symbol=ITBEES\part-060901_083043-019728.parquet,34613,downloaded,34613,
2026-07-17,NSE,ITBEES,raw_l2/trade_date=2026-07-17/exchange=NSE/symbol=ITBEES/part-060846_799243-019696.parquet,real_data_sample\l2_unseen_validation\trade_date=2026-07-17\exchange=NSE\symbol=ITBEES\part-060846_799243-019696.parquet,34571,downloaded,34571,
2026-07-17,NSE,ITBEES,raw_l2/trade_date=2026-07-17/exchange=NSE/symbol=ITBEES/part-060817_964589-019632.parquet,real_data_sample\l2_unseen_validation\trade_date=2026-07-17\exchange=NSE\symbol=ITBEES\part-060817_964589-019632.parquet,34438,downloaded,34438,
2026-07-17,NSE,ITBEES,raw_l2/trade_date=2026-07-17/exchange=NSE/symbol=ITBEES/part-060718_840791-019504.parquet,real_data_sample\l2_unseen_validation\trade_date=2026-07-17\exchange=NSE\symbol=ITBEES\part-060718_840791-019504.parquet,34709,downloaded,34709,
2026-07-17,NSE,ITBEES,raw_l2/trade_date=2026-07-17/exchange=NSE/symbol=ITBEES/part-060929_639763-019792.parquet,real_data_sample\l2_unseen_validation\trade_date=2026-07-17\exchange=NSE\symbol=ITBEES\part-060929_639763-019792.parquet,34256,downloaded,34256,
2026-07-17,NSE,ITBEES,raw_l2/trade_date=2026-07-17/exchange=NSE/symbol=ITBEES/part-060803_006162-019600.parquet,real_data_sample\l2_unseen_validation\trade_date=2026-07-17\exchange=NSE\symbol=ITBEES\part-060803_006162-019600.parquet,34794,downloaded,34794,
2026-07-17,NSE,ITBEES,raw_l2/trade_date=2026-07-17/exchange=NSE/symbol=ITBEES/part-060915_130618-019760.parquet,real_data_sample\l2_unseen_validation\trade_date=2026-07-17\exchange=NSE\symbol=ITBEES\part-060915_130618-019760.parquet,34649,downloaded,34649,
2026-07-17,NSE,ITBEES,raw_l2/trade_date=2026-07-17/exchange=NSE/symbol=ITBEES/part-055726_171215-018160.parquet,real_data_sample\l2_unseen_validation\trade_date=2026-07-17\exchange=NSE\symbol=ITBEES\part-055726_171215-018160.parquet,34441,downloaded,34441,
2026-07-17,NSE,ITBEES,raw_l2/trade_date=2026-07-17/exchange=NSE/symbol=ITBEES/part-061012_600328-019888.parquet,real_data_sample\l2_unseen_validation\trade_date=2026-07-17\exchange=NSE\symbol=ITBEES\part-061012_600328-019888.parquet,34662,downloaded,34662,
2026-07-17,NSE,ITBEES,raw_l2/trade_date=2026-07-17/exchange=NSE/symbol=ITBEES/part-060958_269655-019856.parquet,real_data_sample\l2_unseen_validation\trade_date=2026-07-17\exchange=NSE\symbol=ITBEES\part-060958_269655-019856.parquet,34494,downloaded,34494,
2026-07-17,NSE,ITBEES,raw_l2/trade_date=2026-07-17/exchange=NSE/symbol=ITBEES/part-061041_178520-019952.parquet,real_data_sample\l2_unseen_validation\trade_date=2026-07-17\exchange=NSE\symbol=ITBEES\part-061041_178520-019952.parquet,34546,downloaded,34546,
2026-07-17,NSE,ITBEES,raw_l2/trade_date=2026-07-17/exchange=NSE/symbol=ITBEES/part-061055_657506-019984.parquet,real_data_sample\l2_unseen_validation\trade_date=2026-07-17\exchange=NSE\symbol=ITBEES\part-061055_657506-019984.parquet,34664,downloaded,34664,
2026-07-17,NSE,ITBEES,raw_l2/trade_date=2026-07-17/exchange=NSE/symbol=ITBEES/part-061138_739650-020080.parquet,real_data_sample\l2_unseen_validation\trade_date=2026-07-17\exchange=NSE\symbol=ITBEES\part-061138_739650-020080.parquet,34539,downloaded,34539,
2026-07-17,NSE,ITBEES,raw_l2/trade_date=2026-07-17/exchange=NSE/symbol=ITBEES/part-061110_105651-020016.parquet,real_data_sample\l2_unseen_validation\trade_date=2026-07-17\exchange=NSE\symbol=ITBEES\part-061110_105651-020016.parquet,34573,downloaded,34573,
2026-07-17,NSE,ITBEES,raw_l2/trade_date=2026-07-17/exchange=NSE/symbol=ITBEES/part-061124_547377-020048.parquet,real_data_sample\l2_unseen_validation\trade_date=2026-07-17\exchange=NSE\symbol=ITBEES\part-061124_547377-020048.parquet,34536,downloaded,34536,
2026-07-17,NSE,ITBEES,raw_l2/trade_date=2026-07-17/exchange=NSE/symbol=ITBEES/part-061026_885442-019920.parquet,real_data_sample\l2_unseen_validation\trade_date=2026-07-17\exchange=NSE\symbol=ITBEES\part-061026_885442-019920.parquet,34719,downloaded,34719,
2026-07-17,NSE,ITBEES,raw_l2/trade_date=2026-07-17/exchange=NSE/symbol=ITBEES/part-060944_056156-019824.parquet,real_data_sample\l2_unseen_validation\trade_date=2026-07-17\exchange=NSE\symbol=ITBEES\part-060944_056156-019824.parquet,34577,downloaded,34577,
2026-07-17,NSE,ITBEES,raw_l2/trade_date=2026-07-17/exchange=NSE/symbol=ITBEES/part-061500_270366-020528.parquet,real_data_sample\l2_unseen_validation\trade_date=2026-07-17\exchange=NSE\symbol=ITBEES\part-061500_270366-020528.parquet,34742,downloaded,34742,
2026-07-17,NSE,ITBEES,raw_l2/trade_date=2026-07-17/exchange=NSE/symbol=ITBEES/part-055836_657907-018320.parquet,real_data_sample\l2_unseen_validation\trade_date=2026-07-17\exchange=NSE\symbol=ITBEES\part-055836_657907-018320.parquet,34797,downloaded,34797,
2026-07-17,NSE,ITBEES,raw_l2/trade_date=2026-07-17/exchange=NSE/symbol=ITBEES/part-061431_599786-020464.parquet,real_data_sample\l2_unseen_validation\trade_date=2026-07-17\exchange=NSE\symbol=ITBEES\part-061431_599786-020464.parquet,34655,downloaded,34655,
2026-07-17,NSE,ITBEES,raw_l2/trade_date=2026-07-17/exchange=NSE/symbol=ITBEES/part-061305_435289-020272.parquet,real_data_sample\l2_unseen_validation\trade_date=2026-07-17\exchange=NSE\symbol=ITBEES\part-061305_435289-020272.parquet,34595,downloaded,34595,
2026-07-17,NSE,ITBEES,raw_l2/trade_date=2026-07-17/exchange=NSE/symbol=ITBEES/part-061402_950897-020400.parquet,real_data_sample\l2_unseen_validation\trade_date=2026-07-17\exchange=NSE\symbol=ITBEES\part-061402_950897-020400.parquet,34623,downloaded,34623,
2026-07-17,NSE,ITBEES,raw_l2/trade_date=2026-07-17/exchange=NSE/symbol=ITBEES/part-061319_967550-020304.parquet,real_data_sample\l2_unseen_validation\trade_date=2026-07-17\exchange=NSE\symbol=ITBEES\part-061319_967550-020304.parquet,34413,downloaded,34413,
2026-07-17,NSE,ITBEES,raw_l2/trade_date=2026-07-17/exchange=NSE/symbol=ITBEES/part-061710_634437-020816.parquet,real_data_sample\l2_unseen_validation\trade_date=2026-07-17\exchange=NSE\symbol=ITBEES\part-061710_634437-020816.parquet,34630,downloaded,34630,
2026-07-17,NSE,ITBEES,raw_l2/trade_date=2026-07-17/exchange=NSE/symbol=ITBEES/part-061207_664688-020144.parquet,real_data_sample\l2_unseen_validation\trade_date=2026-07-17\exchange=NSE\symbol=ITBEES\part-061207_664688-020144.parquet,34798,downloaded,34798,
2026-07-17,NSE,ITBEES,raw_l2/trade_date=2026-07-17/exchange=NSE/symbol=ITBEES/part-061417_212103-020432.parquet,real_data_sample\l2_unseen_validation\trade_date=2026-07-17\exchange=NSE\symbol=ITBEES\part-061417_212103-020432.parquet,34770,downloaded,34770,
2026-07-17,NSE,ITBEES,raw_l2/trade_date=2026-07-17/exchange=NSE/symbol=ITBEES/part-061612_853356-020688.parquet,real_data_sample\l2_unseen_validation\trade_date=2026-07-17\exchange=NSE\symbol=ITBEES\part-061612_853356-020688.parquet,34606,downloaded,34606,
2026-07-17,NSE,ITBEES,raw_l2/trade_date=2026-07-17/exchange=NSE/symbol=ITBEES/part-061529_225807-020592.parquet,real_data_sample\l2_unseen_validation\trade_date=2026-07-17\exchange=NSE\symbol=ITBEES\part-061529_225807-020592.parquet,34584,downloaded,34584,
2026-07-17,NSE,ITBEES,raw_l2/trade_date=2026-07-17/exchange=NSE/symbol=ITBEES/part-061642_317169-020752.parquet,real_data_sample\l2_unseen_validation\trade_date=2026-07-17\exchange=NSE\symbol=ITBEES\part-061642_317169-020752.parquet,34489,downloaded,34489,
2026-07-17,NSE,ITBEES,raw_l2/trade_date=2026-07-17/exchange=NSE/symbol=ITBEES/part-061753_333791-020912.parquet,real_data_sample\l2_unseen_validation\trade_date=2026-07-17\exchange=NSE\symbol=ITBEES\part-061753_333791-020912.parquet,34507,downloaded,34507,
2026-07-17,NSE,ITBEES,raw_l2/trade_date=2026-07-17/exchange=NSE/symbol=ITBEES/part-061543_412998-020624.parquet,real_data_sample\l2_unseen_validation\trade_date=2026-07-17\exchange=NSE\symbol=ITBEES\part-061543_412998-020624.parquet,34680,downloaded,34680,
2026-07-17,NSE,ITBEES,raw_l2/trade_date=2026-07-17/exchange=NSE/symbol=ITBEES/part-061445_857521-020496.parquet,real_data_sample\l2_unseen_validation\trade_date=2026-07-17\exchange=NSE\symbol=ITBEES\part-061445_857521-020496.parquet,34841,downloaded,34841,
2026-07-17,NSE,ITBEES,raw_l2/trade_date=2026-07-17/exchange=NSE/symbol=ITBEES/part-061514_667713-020560.parquet,real_data_sample\l2_unseen_validation\trade_date=2026-07-17\exchange=NSE\symbol=ITBEES\part-061514_667713-020560.parquet,34542,downloaded,34542,
2026-07-17,NSE,ITBEES,raw_l2/trade_date=2026-07-17/exchange=NSE/symbol=ITBEES/part-061236_684617-020208.parquet,real_data_sample\l2_unseen_validation\trade_date=2026-07-17\exchange=NSE\symbol=ITBEES\part-061236_684617-020208.parquet,34828,downloaded,34828,
2026-07-17,NSE,ITBEES,raw_l2/trade_date=2026-07-17/exchange=NSE/symbol=ITBEES/part-061738_808385-020880.parquet,real_data_sample\l2_unseen_validation\trade_date=2026-07-17\exchange=NSE\symbol=ITBEES\part-061738_808385-020880.parquet,34511,downloaded,34511,
2026-07-17,NSE,ITBEES,raw_l2/trade_date=2026-07-17/exchange=NSE/symbol=ITBEES/part-061628_162891-020720.parquet,real_data_sample\l2_unseen_validation\trade_date=2026-07-17\exchange=NSE\symbol=ITBEES\part-061628_162891-020720.parquet,34667,downloaded,34667,
2026-07-17,NSE,ITBEES,raw_l2/trade_date=2026-07-17/exchange=NSE/symbol=ITBEES/part-061557_989676-020656.parquet,real_data_sample\l2_unseen_validation\trade_date=2026-07-17\exchange=NSE\symbol=ITBEES\part-061557_989676-020656.parquet,34581,downloaded,34581,
2026-07-17,NSE,ITBEES,raw_l2/trade_date=2026-07-17/exchange=NSE/symbol=ITBEES/part-061808_151480-020944.parquet,real_data_sample\l2_unseen_validation\trade_date=2026-07-17\exchange=NSE\symbol=ITBEES\part-061808_151480-020944.parquet,34625,downloaded,34625,
2026-07-17,NSE,ITBEES,raw_l2/trade_date=2026-07-17/exchange=NSE/symbol=ITBEES/part-061251_018694-020240.parquet,real_data_sample\l2_unseen_validation\trade_date=2026-07-17\exchange=NSE\symbol=ITBEES\part-061251_018694-020240.parquet,34596,downloaded,34596,
2026-07-17,NSE,ITBEES,raw_l2/trade_date=2026-07-17/exchange=NSE/symbol=ITBEES/part-061822_211214-020976.parquet,real_data_sample\l2_unseen_validation\trade_date=2026-07-17\exchange=NSE\symbol=ITBEES\part-061822_211214-020976.parquet,34734,downloaded,34734,
2026-07-17,NSE,ITBEES,raw_l2/trade_date=2026-07-17/exchange=NSE/symbol=ITBEES/part-061724_827586-020848.parquet,real_data_sample\l2_unseen_validation\trade_date=2026-07-17\exchange=NSE\symbol=ITBEES\part-061724_827586-020848.parquet,34603,downloaded,34603,
2026-07-17,NSE,ITBEES,raw_l2/trade_date=2026-07-17/exchange=NSE/symbol=ITBEES/part-061837_112305-021008.parquet,real_data_sample\l2_unseen_validation\trade_date=2026-07-17\exchange=NSE\symbol=ITBEES\part-061837_112305-021008.parquet,34494,downloaded,34494,
2026-07-17,NSE,ITBEES,raw_l2/trade_date=2026-07-17/exchange=NSE/symbol=ITBEES/part-061153_274447-020112.parquet,real_data_sample\l2_unseen_validation\trade_date=2026-07-17\exchange=NSE\symbol=ITBEES\part-061153_274447-020112.parquet,34683,downloaded,34683,
2026-07-17,NSE,ITBEES,raw_l2/trade_date=2026-07-17/exchange=NSE/symbol=ITBEES/part-061222_232478-020176.parquet,real_data_sample\l2_unseen_validation\trade_date=2026-07-17\exchange=NSE\symbol=ITBEES\part-061222_232478-020176.parquet,34570,downloaded,34570,
2026-07-17,NSE,ITBEES,raw_l2/trade_date=2026-07-17/exchange=NSE/symbol=ITBEES/part-061334_231454-020336.parquet,real_data_sample\l2_unseen_validation\trade_date=2026-07-17\exchange=NSE\symbol=ITBEES\part-061334_231454-020336.parquet,34596,downloaded,34596,
2026-07-17,NSE,ITBEES,raw_l2/trade_date=2026-07-17/exchange=NSE/symbol=ITBEES/part-061905_384505-021072.parquet,real_data_sample\l2_unseen_validation\trade_date=2026-07-17\exchange=NSE\symbol=ITBEES\part-061905_384505-021072.parquet,34371,downloaded,34371,
2026-07-17,NSE,ITBEES,raw_l2/trade_date=2026-07-17/exchange=NSE/symbol=ITBEES/part-061656_354085-020784.parquet,real_data_sample\l2_unseen_validation\trade_date=2026-07-17\exchange=NSE\symbol=ITBEES\part-061656_354085-020784.parquet,34601,downloaded,34601,
2026-07-17,NSE,ITBEES,raw_l2/trade_date=2026-07-17/exchange=NSE/symbol=ITBEES/part-061919_794466-021104.parquet,real_data_sample\l2_unseen_validation\trade_date=2026-07-17\exchange=NSE\symbol=ITBEES\part-061919_794466-021104.parquet,34577,downloaded,34577,
2026-07-17,NSE,ITBEES,raw_l2/trade_date=2026-07-17/exchange=NSE/symbol=ITBEES/part-062030_975267-021264.parquet,real_data_sample\l2_unseen_validation\trade_date=2026-07-17\exchange=NSE\symbol=ITBEES\part-062030_975267-021264.parquet,34434,downloaded,34434,
2026-07-17,NSE,ITBEES,raw_l2/trade_date=2026-07-17/exchange=NSE/symbol=ITBEES/part-062002_635093-021200.parquet,real_data_sample\l2_unseen_validation\trade_date=2026-07-17\exchange=NSE\symbol=ITBEES\part-062002_635093-021200.parquet,34391,downloaded,34391,
2026-07-17,NSE,ITBEES,raw_l2/trade_date=2026-07-17/exchange=NSE/symbol=ITBEES/part-062016_803305-021232.parquet,real_data_sample\l2_unseen_validation\trade_date=2026-07-17\exchange=NSE\symbol=ITBEES\part-062016_803305-021232.parquet,34513,downloaded,34513,
2026-07-17,NSE,ITBEES,raw_l2/trade_date=2026-07-17/exchange=NSE/symbol=ITBEES/part-061948_335030-021168.parquet,real_data_sample\l2_unseen_validation\trade_date=2026-07-17\exchange=NSE\symbol=ITBEES\part-061948_335030-021168.parquet,34550,downloaded,34550,
2026-07-17,NSE,ITBEES,raw_l2/trade_date=2026-07-17/exchange=NSE/symbol=ITBEES/part-062157_033448-021456.parquet,real_data_sample\l2_unseen_validation\trade_date=2026-07-17\exchange=NSE\symbol=ITBEES\part-062157_033448-021456.parquet,34531,downloaded,34531,
2026-07-17,NSE,ITBEES,raw_l2/trade_date=2026-07-17/exchange=NSE/symbol=ITBEES/part-062142_754992-021424.parquet,real_data_sample\l2_unseen_validation\trade_date=2026-07-17\exchange=NSE\symbol=ITBEES\part-062142_754992-021424.parquet,34639,downloaded,34639,
2026-07-17,NSE,ITBEES,raw_l2/trade_date=2026-07-17/exchange=NSE/symbol=ITBEES/part-062515_945811-021904.parquet,real_data_sample\l2_unseen_validation\trade_date=2026-07-17\exchange=NSE\symbol=ITBEES\part-062515_945811-021904.parquet,34632,downloaded,34632,
2026-07-17,NSE,ITBEES,raw_l2/trade_date=2026-07-17/exchange=NSE/symbol=ITBEES/part-062128_867272-021392.parquet,real_data_sample\l2_unseen_validation\trade_date=2026-07-17\exchange=NSE\symbol=ITBEES\part-062128_867272-021392.parquet,34376,downloaded,34376,
2026-07-17,NSE,ITBEES,raw_l2/trade_date=2026-07-17/exchange=NSE/symbol=ITBEES/part-062501_651169-021872.parquet,real_data_sample\l2_unseen_validation\trade_date=2026-07-17\exchange=NSE\symbol=ITBEES\part-062501_651169-021872.parquet,34436,downloaded,34436,
2026-07-17,NSE,ITBEES,raw_l2/trade_date=2026-07-17/exchange=NSE/symbol=ITBEES/part-062211_233878-021488.parquet,real_data_sample\l2_unseen_validation\trade_date=2026-07-17\exchange=NSE\symbol=ITBEES\part-062211_233878-021488.parquet,34436,downloaded,34436,
2026-07-17,NSE,ITBEES,raw_l2/trade_date=2026-07-17/exchange=NSE/symbol=ITBEES/part-062225_586645-021520.parquet,real_data_sample\l2_unseen_validation\trade_date=2026-07-17\exchange=NSE\symbol=ITBEES\part-062225_586645-021520.parquet,34695,downloaded,34695,
2026-07-17,NSE,ITBEES,raw_l2/trade_date=2026-07-17/exchange=NSE/symbol=ITBEES/part-062100_233878-021328.parquet,real_data_sample\l2_unseen_validation\trade_date=2026-07-17\exchange=NSE\symbol=ITBEES\part-062100_233878-021328.parquet,34586,downloaded,34586,
2026-07-17,NSE,ITBEES,raw_l2/trade_date=2026-07-17/exchange=NSE/symbol=ITBEES/part-062114_694903-021360.parquet,real_data_sample\l2_unseen_validation\trade_date=2026-07-17\exchange=NSE\symbol=ITBEES\part-062114_694903-021360.parquet,34384,downloaded,34384,
2026-07-17,NSE,ITBEES,raw_l2/trade_date=2026-07-17/exchange=NSE/symbol=ITBEES/part-062239_925519-021552.parquet,real_data_sample\l2_unseen_validation\trade_date=2026-07-17\exchange=NSE\symbol=ITBEES\part-062239_925519-021552.parquet,34526,downloaded,34526,
2026-07-17,NSE,ITBEES,raw_l2/trade_date=2026-07-17/exchange=NSE/symbol=ITBEES/part-062322_870755-021648.parquet,real_data_sample\l2_unseen_validation\trade_date=2026-07-17\exchange=NSE\symbol=ITBEES\part-062322_870755-021648.parquet,34443,downloaded,34443,
2026-07-17,NSE,ITBEES,raw_l2/trade_date=2026-07-17/exchange=NSE/symbol=ITBEES/part-062529_781223-021936.parquet,real_data_sample\l2_unseen_validation\trade_date=2026-07-17\exchange=NSE\symbol=ITBEES\part-062529_781223-021936.parquet,34493,downloaded,34493,
2026-07-17,NSE,ITBEES,raw_l2/trade_date=2026-07-17/exchange=NSE/symbol=ITBEES/part-062254_118540-021584.parquet,real_data_sample\l2_unseen_validation\trade_date=2026-07-17\exchange=NSE\symbol=ITBEES\part-062254_118540-021584.parquet,34506,downloaded,34506,
2026-07-17,NSE,ITBEES,raw_l2/trade_date=2026-07-17/exchange=NSE/symbol=ITBEES/part-061851_314170-021040.parquet,real_data_sample\l2_unseen_validation\trade_date=2026-07-17\exchange=NSE\symbol=ITBEES\part-061851_314170-021040.parquet,34363,downloaded,34363,
2026-07-17,NSE,ITBEES,raw_l2/trade_date=2026-07-17/exchange=NSE/symbol=ITBEES/part-062351_079813-021712.parquet,real_data_sample\l2_unseen_validation\trade_date=2026-07-17\exchange=NSE\symbol=ITBEES\part-062351_079813-021712.parquet,34345,downloaded,34345,
2026-07-17,NSE,ITBEES,raw_l2/trade_date=2026-07-17/exchange=NSE/symbol=ITBEES/part-062308_540500-021616.parquet,real_data_sample\l2_unseen_validation\trade_date=2026-07-17\exchange=NSE\symbol=ITBEES\part-062308_540500-021616.parquet,34394,downloaded,34394,
2026-07-17,NSE,ITBEES,raw_l2/trade_date=2026-07-17/exchange=NSE/symbol=ITBEES/part-062045_735526-021296.parquet,real_data_sample\l2_unseen_validation\trade_date=2026-07-17\exchange=NSE\symbol=ITBEES\part-062045_735526-021296.parquet,34542,downloaded,34542,
2026-07-17,NSE,ITBEES,raw_l2/trade_date=2026-07-17/exchange=NSE/symbol=ITBEES/part-062447_512932-021840.parquet,real_data_sample\l2_unseen_validation\trade_date=2026-07-17\exchange=NSE\symbol=ITBEES\part-062447_512932-021840.parquet,34480,downloaded,34480,
2026-07-17,NSE,ITBEES,raw_l2/trade_date=2026-07-17/exchange=NSE/symbol=ITBEES/part-062419_277823-021776.parquet,real_data_sample\l2_unseen_validation\trade_date=2026-07-17\exchange=NSE\symbol=ITBEES\part-062419_277823-021776.parquet,34497,downloaded,34497,
2026-07-17,NSE,ITBEES,raw_l2/trade_date=2026-07-17/exchange=NSE/symbol=ITBEES/part-062433_293704-021808.parquet,real_data_sample\l2_unseen_validation\trade_date=2026-07-17\exchange=NSE\symbol=ITBEES\part-062433_293704-021808.parquet,34602,downloaded,34602,
2026-07-17,NSE,ITBEES,raw_l2/trade_date=2026-07-17/exchange=NSE/symbol=ITBEES/part-062405_135927-021744.parquet,real_data_sample\l2_unseen_validation\trade_date=2026-07-17\exchange=NSE\symbol=ITBEES\part-062405_135927-021744.parquet,34620,downloaded,34620,
2026-07-17,NSE,ITBEES,raw_l2/trade_date=2026-07-17/exchange=NSE/symbol=ITBEES/part-062337_142931-021680.parquet,real_data_sample\l2_unseen_validation\trade_date=2026-07-17\exchange=NSE\symbol=ITBEES\part-062337_142931-021680.parquet,34621,downloaded,34621,
2026-07-17,NSE,ITBEES,raw_l2/trade_date=2026-07-17/exchange=NSE/symbol=ITBEES/part-062557_788321-022000.parquet,real_data_sample\l2_unseen_validation\trade_date=2026-07-17\exchange=NSE\symbol=ITBEES\part-062557_788321-022000.parquet,34506,downloaded,34506,
2026-07-17,NSE,ITBEES,raw_l2/trade_date=2026-07-17/exchange=NSE/symbol=ITBEES/part-062640_100624-022096.parquet,real_data_sample\l2_unseen_validation\trade_date=2026-07-17\exchange=NSE\symbol=ITBEES\part-062640_100624-022096.parquet,34343,downloaded,34343,
2026-07-17,NSE,ITBEES,raw_l2/trade_date=2026-07-17/exchange=NSE/symbol=ITBEES/part-062625_812270-022064.parquet,real_data_sample\l2_unseen_validation\trade_date=2026-07-17\exchange=NSE\symbol=ITBEES\part-062625_812270-022064.parquet,34543,downloaded,34543,
2026-07-17,NSE,ITBEES,raw_l2/trade_date=2026-07-17/exchange=NSE/symbol=ITBEES/part-062654_360735-022128.parquet,real_data_sample\l2_unseen_validation\trade_date=2026-07-17\exchange=NSE\symbol=ITBEES\part-062654_360735-022128.parquet,34463,downloaded,34463,
2026-07-17,NSE,ITBEES,raw_l2/trade_date=2026-07-17/exchange=NSE/symbol=ITBEES/part-062723_052714-022192.parquet,real_data_sample\l2_unseen_validation\trade_date=2026-07-17\exchange=NSE\symbol=ITBEES\part-062723_052714-022192.parquet,34735,downloaded,34735,
2026-07-17,NSE,ITBEES,raw_l2/trade_date=2026-07-17/exchange=NSE/symbol=ITBEES/part-062708_427245-022160.parquet,real_data_sample\l2_unseen_validation\trade_date=2026-07-17\exchange=NSE\symbol=ITBEES\part-062708_427245-022160.parquet,34544,downloaded,34544,
2026-07-17,NSE,ITBEES,raw_l2/trade_date=2026-07-17/exchange=NSE/symbol=ITBEES/part-062737_361417-022224.parquet,real_data_sample\l2_unseen_validation\trade_date=2026-07-17\exchange=NSE\symbol=ITBEES\part-062737_361417-022224.parquet,34623,downloaded,34623,
2026-07-17,NSE,ITBEES,raw_l2/trade_date=2026-07-17/exchange=NSE/symbol=ITBEES/part-062543_752901-021968.parquet,real_data_sample\l2_unseen_validation\trade_date=2026-07-17\exchange=NSE\symbol=ITBEES\part-062543_752901-021968.parquet,34695,downloaded,34695,
2026-07-17,NSE,ITBEES,raw_l2/trade_date=2026-07-17/exchange=NSE/symbol=ITBEES/part-063221_501948-022864.parquet,real_data_sample\l2_unseen_validation\trade_date=2026-07-17\exchange=NSE\symbol=ITBEES\part-063221_501948-022864.parquet,34590,downloaded,34590,
2026-07-17,NSE,ITBEES,raw_l2/trade_date=2026-07-17/exchange=NSE/symbol=ITBEES/part-062611_826448-022032.parquet,real_data_sample\l2_unseen_validation\trade_date=2026-07-17\exchange=NSE\symbol=ITBEES\part-062611_826448-022032.parquet,34644,downloaded,34644,
2026-07-17,NSE,ITBEES,raw_l2/trade_date=2026-07-17/exchange=NSE/symbol=ITBEES/part-062945_871851-022512.parquet,real_data_sample\l2_unseen_validation\trade_date=2026-07-17\exchange=NSE\symbol=ITBEES\part-062945_871851-022512.parquet,34770,downloaded,34770,
2026-07-17,NSE,ITBEES,raw_l2/trade_date=2026-07-17/exchange=NSE/symbol=ITBEES/part-062848_596819-022384.parquet,real_data_sample\l2_unseen_validation\trade_date=2026-07-17\exchange=NSE\symbol=ITBEES\part-062848_596819-022384.parquet,34528,downloaded,34528,
2026-07-17,NSE,ITBEES,raw_l2/trade_date=2026-07-17/exchange=NSE/symbol=ITBEES/part-062834_227962-022352.parquet,real_data_sample\l2_unseen_validation\trade_date=2026-07-17\exchange=NSE\symbol=ITBEES\part-062834_227962-022352.parquet,34690,downloaded,34690,
2026-07-17,NSE,ITBEES,raw_l2/trade_date=2026-07-17/exchange=NSE/symbol=ITBEES/part-063125_593080-022736.parquet,real_data_sample\l2_unseen_validation\trade_date=2026-07-17\exchange=NSE\symbol=ITBEES\part-063125_593080-022736.parquet,34521,downloaded,34521,
2026-07-17,NSE,ITBEES,raw_l2/trade_date=2026-07-17/exchange=NSE/symbol=ITBEES/part-063000_401289-022544.parquet,real_data_sample\l2_unseen_validation\trade_date=2026-07-17\exchange=NSE\symbol=ITBEES\part-063000_401289-022544.parquet,34782,downloaded,34782,
2026-07-17,NSE,ITBEES,raw_l2/trade_date=2026-07-17/exchange=NSE/symbol=ITBEES/part-062820_322336-022320.parquet,real_data_sample\l2_unseen_validation\trade_date=2026-07-17\exchange=NSE\symbol=ITBEES\part-062820_322336-022320.parquet,34699,downloaded,34699,
2026-07-17,NSE,ITBEES,raw_l2/trade_date=2026-07-17/exchange=NSE/symbol=ITBEES/part-062751_679696-022256.parquet,real_data_sample\l2_unseen_validation\trade_date=2026-07-17\exchange=NSE\symbol=ITBEES\part-062751_679696-022256.parquet,34517,downloaded,34517,
2026-07-17,NSE,ITBEES,raw_l2/trade_date=2026-07-17/exchange=NSE/symbol=ITBEES/part-062805_910306-022288.parquet,real_data_sample\l2_unseen_validation\trade_date=2026-07-17\exchange=NSE\symbol=ITBEES\part-062805_910306-022288.parquet,34639,downloaded,34639,
2026-07-17,NSE,ITBEES,raw_l2/trade_date=2026-07-17/exchange=NSE/symbol=ITBEES/part-063153_726751-022800.parquet,real_data_sample\l2_unseen_validation\trade_date=2026-07-17\exchange=NSE\symbol=ITBEES\part-063153_726751-022800.parquet,34485,downloaded,34485,
2026-07-17,NSE,ITBEES,raw_l2/trade_date=2026-07-17/exchange=NSE/symbol=ITBEES/part-063249_431896-022928.parquet,real_data_sample\l2_unseen_validation\trade_date=2026-07-17\exchange=NSE\symbol=ITBEES\part-063249_431896-022928.parquet,34565,downloaded,34565,
2026-07-17,NSE,ITBEES,raw_l2/trade_date=2026-07-17/exchange=NSE/symbol=ITBEES/part-063057_082425-022672.parquet,real_data_sample\l2_unseen_validation\trade_date=2026-07-17\exchange=NSE\symbol=ITBEES\part-063057_082425-022672.parquet,34648,downloaded,34648,
2026-07-17,NSE,ITBEES,raw_l2/trade_date=2026-07-17/exchange=NSE/symbol=ITBEES/part-063028_920435-022608.parquet,real_data_sample\l2_unseen_validation\trade_date=2026-07-17\exchange=NSE\symbol=ITBEES\part-063028_920435-022608.parquet,34552,downloaded,34552,
2026-07-17,NSE,ITBEES,raw_l2/trade_date=2026-07-17/exchange=NSE/symbol=ITBEES/part-063139_755225-022768.parquet,real_data_sample\l2_unseen_validation\trade_date=2026-07-17\exchange=NSE\symbol=ITBEES\part-063139_755225-022768.parquet,34678,downloaded,34678,
2026-07-17,NSE,ITBEES,raw_l2/trade_date=2026-07-17/exchange=NSE/symbol=ITBEES/part-062931_631157-022480.parquet,real_data_sample\l2_unseen_validation\trade_date=2026-07-17\exchange=NSE\symbol=ITBEES\part-062931_631157-022480.parquet,34457,downloaded,34457,
2026-07-17,NSE,ITBEES,raw_l2/trade_date=2026-07-17/exchange=NSE/symbol=ITBEES/part-063111_456774-022704.parquet,real_data_sample\l2_unseen_validation\trade_date=2026-07-17\exchange=NSE\symbol=ITBEES\part-063111_456774-022704.parquet,34387,downloaded,34387,
2026-07-17,NSE,ITBEES,raw_l2/trade_date=2026-07-17/exchange=NSE/symbol=ITBEES/part-063207_524188-022832.parquet,real_data_sample\l2_unseen_validation\trade_date=2026-07-17\exchange=NSE\symbol=ITBEES\part-063207_524188-022832.parquet,34600,downloaded,34600,
2026-07-17,NSE,ITBEES,raw_l2/trade_date=2026-07-17/exchange=NSE/symbol=ITBEES/part-063014_790210-022576.parquet,real_data_sample\l2_unseen_validation\trade_date=2026-07-17\exchange=NSE\symbol=ITBEES\part-063014_790210-022576.parquet,34480,downloaded,34480,
2026-07-17,NSE,ITBEES,raw_l2/trade_date=2026-07-17/exchange=NSE/symbol=ITBEES/part-063235_527070-022896.parquet,real_data_sample\l2_unseen_validation\trade_date=2026-07-17\exchange=NSE\symbol=ITBEES\part-063235_527070-022896.parquet,34610,downloaded,34610,
2026-07-17,NSE,ITBEES,raw_l2/trade_date=2026-07-17/exchange=NSE/symbol=ITBEES/part-062916_605967-022448.parquet,real_data_sample\l2_unseen_validation\trade_date=2026-07-17\exchange=NSE\symbol=ITBEES\part-062916_605967-022448.parquet,34372,downloaded,34372,
2026-07-17,NSE,ITBEES,raw_l2/trade_date=2026-07-17/exchange=NSE/symbol=ITBEES/part-062902_559832-022416.parquet,real_data_sample\l2_unseen_validation\trade_date=2026-07-17\exchange=NSE\symbol=ITBEES\part-062902_559832-022416.parquet,34603,downloaded,34603,
2026-07-17,NSE,ITBEES,raw_l2/trade_date=2026-07-17/exchange=NSE/symbol=ITBEES/part-063303_680613-022960.parquet,real_data_sample\l2_unseen_validation\trade_date=2026-07-17\exchange=NSE\symbol=ITBEES\part-063303_680613-022960.parquet,34530,downloaded,34530,
2026-07-17,NSE,ITBEES,raw_l2/trade_date=2026-07-17/exchange=NSE/symbol=ITBEES/part-063317_920562-022992.parquet,real_data_sample\l2_unseen_validation\trade_date=2026-07-17\exchange=NSE\symbol=ITBEES\part-063317_920562-022992.parquet,34573,downloaded,34573,
2026-07-17,NSE,ITBEES,raw_l2/trade_date=2026-07-17/exchange=NSE/symbol=ITBEES/part-063400_565079-023088.parquet,real_data_sample\l2_unseen_validation\trade_date=2026-07-17\exchange=NSE\symbol=ITBEES\part-063400_565079-023088.parquet,34500,downloaded,34500,
2026-07-17,NSE,ITBEES,raw_l2/trade_date=2026-07-17/exchange=NSE/symbol=ITBEES/part-063332_383910-023024.parquet,real_data_sample\l2_unseen_validation\trade_date=2026-07-17\exchange=NSE\symbol=ITBEES\part-063332_383910-023024.parquet,34733,downloaded,34733,
2026-07-17,NSE,ITBEES,raw_l2/trade_date=2026-07-17/exchange=NSE/symbol=ITBEES/part-063346_559849-023056.parquet,real_data_sample\l2_unseen_validation\trade_date=2026-07-17\exchange=NSE\symbol=ITBEES\part-063346_559849-023056.parquet,34509,downloaded,34509,
2026-07-17,NSE,ITBEES,raw_l2/trade_date=2026-07-17/exchange=NSE/symbol=ITBEES/part-061348_654229-020368.parquet,real_data_sample\l2_unseen_validation\trade_date=2026-07-17\exchange=NSE\symbol=ITBEES\part-061348_654229-020368.parquet,34660,downloaded,34660,
2026-07-17,NSE,ITBEES,raw_l2/trade_date=2026-07-17/exchange=NSE/symbol=ITBEES/part-063043_122581-022640.parquet,real_data_sample\l2_unseen_validation\trade_date=2026-07-17\exchange=NSE\symbol=ITBEES\part-063043_122581-022640.parquet,34432,downloaded,34432,
2026-07-17,NSE,ITBEES,raw_l2/trade_date=2026-07-17/exchange=NSE/symbol=ITBEES/part-063442_741327-023184.parquet,real_data_sample\l2_unseen_validation\trade_date=2026-07-17\exchange=NSE\symbol=ITBEES\part-063442_741327-023184.parquet,34469,downloaded,34469,
2026-07-17,NSE,ITBEES,raw_l2/trade_date=2026-07-17/exchange=NSE/symbol=ITBEES/part-063414_739281-023120.parquet,real_data_sample\l2_unseen_validation\trade_date=2026-07-17\exchange=NSE\symbol=ITBEES\part-063414_739281-023120.parquet,34553,downloaded,34553,
2026-07-17,NSE,ITBEES,raw_l2/trade_date=2026-07-17/exchange=NSE/symbol=ITBEES/part-064005_533048-023920.parquet,real_data_sample\l2_unseen_validation\trade_date=2026-07-17\exchange=NSE\symbol=ITBEES\part-064005_533048-023920.parquet,34408,downloaded,34408,
2026-07-17,NSE,ITBEES,raw_l2/trade_date=2026-07-17/exchange=NSE/symbol=ITBEES/part-063525_217457-023280.parquet,real_data_sample\l2_unseen_validation\trade_date=2026-07-17\exchange=NSE\symbol=ITBEES\part-063525_217457-023280.parquet,34668,downloaded,34668,
2026-07-17,NSE,ITBEES,raw_l2/trade_date=2026-07-17/exchange=NSE/symbol=ITBEES/part-063937_726274-023856.parquet,real_data_sample\l2_unseen_validation\trade_date=2026-07-17\exchange=NSE\symbol=ITBEES\part-063937_726274-023856.parquet,34567,downloaded,34567,
2026-07-17,NSE,ITBEES,raw_l2/trade_date=2026-07-17/exchange=NSE/symbol=ITBEES/part-063552_948011-023344.parquet,real_data_sample\l2_unseen_validation\trade_date=2026-07-17\exchange=NSE\symbol=ITBEES\part-063552_948011-023344.parquet,34654,downloaded,34654,
2026-07-17,NSE,ITBEES,raw_l2/trade_date=2026-07-17/exchange=NSE/symbol=ITBEES/part-064019_639755-023952.parquet,real_data_sample\l2_unseen_validation\trade_date=2026-07-17\exchange=NSE\symbol=ITBEES\part-064019_639755-023952.parquet,34572,downloaded,34572,
2026-07-17,NSE,ITBEES,raw_l2/trade_date=2026-07-17/exchange=NSE/symbol=ITBEES/part-064047_831694-024016.parquet,real_data_sample\l2_unseen_validation\trade_date=2026-07-17\exchange=NSE\symbol=ITBEES\part-064047_831694-024016.parquet,34424,downloaded,34424,
2026-07-17,NSE,ITBEES,raw_l2/trade_date=2026-07-17/exchange=NSE/symbol=ITBEES/part-063648_798743-023472.parquet,real_data_sample\l2_unseen_validation\trade_date=2026-07-17\exchange=NSE\symbol=ITBEES\part-063648_798743-023472.parquet,34795,downloaded,34795,
2026-07-17,NSE,ITBEES,raw_l2/trade_date=2026-07-17/exchange=NSE/symbol=ITBEES/part-064033_647527-023984.parquet,real_data_sample\l2_unseen_validation\trade_date=2026-07-17\exchange=NSE\symbol=ITBEES\part-064033_647527-023984.parquet,34394,downloaded,34394,
2026-07-17,NSE,ITBEES,raw_l2/trade_date=2026-07-17/exchange=NSE/symbol=ITBEES/part-063606_792351-023376.parquet,real_data_sample\l2_unseen_validation\trade_date=2026-07-17\exchange=NSE\symbol=ITBEES\part-063606_792351-023376.parquet,34614,downloaded,34614,
2026-07-17,NSE,ITBEES,raw_l2/trade_date=2026-07-17/exchange=NSE/symbol=ITBEES/part-063620_767188-023408.parquet,real_data_sample\l2_unseen_validation\trade_date=2026-07-17\exchange=NSE\symbol=ITBEES\part-063620_767188-023408.parquet,34580,downloaded,34580,
2026-07-17,NSE,ITBEES,raw_l2/trade_date=2026-07-17/exchange=NSE/symbol=ITBEES/part-063539_013925-023312.parquet,real_data_sample\l2_unseen_validation\trade_date=2026-07-17\exchange=NSE\symbol=ITBEES\part-063539_013925-023312.parquet,34680,downloaded,34680,
2026-07-17,NSE,ITBEES,raw_l2/trade_date=2026-07-17/exchange=NSE/symbol=ITBEES/part-063634_809318-023440.parquet,real_data_sample\l2_unseen_validation\trade_date=2026-07-17\exchange=NSE\symbol=ITBEES\part-063634_809318-023440.parquet,34490,downloaded,34490,
2026-07-17,NSE,ITBEES,raw_l2/trade_date=2026-07-17/exchange=NSE/symbol=ITBEES/part-063510_838496-023248.parquet,real_data_sample\l2_unseen_validation\trade_date=2026-07-17\exchange=NSE\symbol=ITBEES\part-063510_838496-023248.parquet,34414,downloaded,34414,
2026-07-17,NSE,ITBEES,raw_l2/trade_date=2026-07-17/exchange=NSE/symbol=ITBEES/part-063702_851073-023504.parquet,real_data_sample\l2_unseen_validation\trade_date=2026-07-17\exchange=NSE\symbol=ITBEES\part-063702_851073-023504.parquet,34487,downloaded,34487,
2026-07-17,NSE,ITBEES,raw_l2/trade_date=2026-07-17/exchange=NSE/symbol=ITBEES/part-063909_730792-023792.parquet,real_data_sample\l2_unseen_validation\trade_date=2026-07-17\exchange=NSE\symbol=ITBEES\part-063909_730792-023792.parquet,34702,downloaded,34702,
2026-07-17,NSE,ITBEES,raw_l2/trade_date=2026-07-17/exchange=NSE/symbol=ITBEES/part-063840_868374-023728.parquet,real_data_sample\l2_unseen_validation\trade_date=2026-07-17\exchange=NSE\symbol=ITBEES\part-063840_868374-023728.parquet,34732,downloaded,34732,
2026-07-17,NSE,ITBEES,raw_l2/trade_date=2026-07-17/exchange=NSE/symbol=ITBEES/part-063812_343371-023664.parquet,real_data_sample\l2_unseen_validation\trade_date=2026-07-17\exchange=NSE\symbol=ITBEES\part-063812_343371-023664.parquet,34526,downloaded,34526,
2026-07-17,NSE,ITBEES,raw_l2/trade_date=2026-07-17/exchange=NSE/symbol=ITBEES/part-063716_811810-023536.parquet,real_data_sample\l2_unseen_validation\trade_date=2026-07-17\exchange=NSE\symbol=ITBEES\part-063716_811810-023536.parquet,34607,downloaded,34607,
2026-07-17,NSE,ITBEES,raw_l2/trade_date=2026-07-17/exchange=NSE/symbol=ITBEES/part-063730_682436-023568.parquet,real_data_sample\l2_unseen_validation\trade_date=2026-07-17\exchange=NSE\symbol=ITBEES\part-063730_682436-023568.parquet,34744,downloaded,34744,
2026-07-17,NSE,ITBEES,raw_l2/trade_date=2026-07-17/exchange=NSE/symbol=ITBEES/part-063855_498470-023760.parquet,real_data_sample\l2_unseen_validation\trade_date=2026-07-17\exchange=NSE\symbol=ITBEES\part-063855_498470-023760.parquet,34461,downloaded,34461,
2026-07-17,NSE,ITBEES,raw_l2/trade_date=2026-07-17/exchange=NSE/symbol=ITBEES/part-063758_455627-023632.parquet,real_data_sample\l2_unseen_validation\trade_date=2026-07-17\exchange=NSE\symbol=ITBEES\part-063758_455627-023632.parquet,34979,downloaded,34979,
2026-07-17,NSE,ITBEES,raw_l2/trade_date=2026-07-17/exchange=NSE/symbol=ITBEES/part-063826_595568-023696.parquet,real_data_sample\l2_unseen_validation\trade_date=2026-07-17\exchange=NSE\symbol=ITBEES\part-063826_595568-023696.parquet,34665,downloaded,34665,
2026-07-17,NSE,ITBEES,raw_l2/trade_date=2026-07-17/exchange=NSE/symbol=ITBEES/part-063456_757236-023216.parquet,real_data_sample\l2_unseen_validation\trade_date=2026-07-17\exchange=NSE\symbol=ITBEES\part-063456_757236-023216.parquet,34546,downloaded,34546,
2026-07-17,NSE,ITBEES,raw_l2/trade_date=2026-07-17/exchange=NSE/symbol=ITBEES/part-064401_684671-024464.parquet,real_data_sample\l2_unseen_validation\trade_date=2026-07-17\exchange=NSE\symbol=ITBEES\part-064401_684671-024464.parquet,34497,downloaded,34497,
2026-07-17,NSE,ITBEES,raw_l2/trade_date=2026-07-17/exchange=NSE/symbol=ITBEES/part-064143_680788-024144.parquet,real_data_sample\l2_unseen_validation\trade_date=2026-07-17\exchange=NSE\symbol=ITBEES\part-064143_680788-024144.parquet,34530,downloaded,34530,
2026-07-17,NSE,ITBEES,raw_l2/trade_date=2026-07-17/exchange=NSE/symbol=ITBEES/part-063428_769790-023152.parquet,real_data_sample\l2_unseen_validation\trade_date=2026-07-17\exchange=NSE\symbol=ITBEES\part-063428_769790-023152.parquet,34638,downloaded,34638,
2026-07-17,NSE,ITBEES,raw_l2/trade_date=2026-07-17/exchange=NSE/symbol=ITBEES/part-064525_248005-024656.parquet,real_data_sample\l2_unseen_validation\trade_date=2026-07-17\exchange=NSE\symbol=ITBEES\part-064525_248005-024656.parquet,34462,downloaded,34462,
2026-07-17,NSE,ITBEES,raw_l2/trade_date=2026-07-17/exchange=NSE/symbol=ITBEES/part-064129_429916-024112.parquet,real_data_sample\l2_unseen_validation\trade_date=2026-07-17\exchange=NSE\symbol=ITBEES\part-064129_429916-024112.parquet,34459,downloaded,34459,
2026-07-17,NSE,ITBEES,raw_l2/trade_date=2026-07-17/exchange=NSE/symbol=ITBEES/part-064552_890384-024720.parquet,real_data_sample\l2_unseen_validation\trade_date=2026-07-17\exchange=NSE\symbol=ITBEES\part-064552_890384-024720.parquet,34359,downloaded,34359,
2026-07-17,NSE,ITBEES,raw_l2/trade_date=2026-07-17/exchange=NSE/symbol=ITBEES/part-064225_247974-024240.parquet,real_data_sample\l2_unseen_validation\trade_date=2026-07-17\exchange=NSE\symbol=ITBEES\part-064225_247974-024240.parquet,34426,downloaded,34426,
2026-07-17,NSE,ITBEES,raw_l2/trade_date=2026-07-17/exchange=NSE/symbol=ITBEES/part-064238_908409-024272.parquet,real_data_sample\l2_unseen_validation\trade_date=2026-07-17\exchange=NSE\symbol=ITBEES\part-064238_908409-024272.parquet,34462,downloaded,34462,
2026-07-17,NSE,ITBEES,raw_l2/trade_date=2026-07-17/exchange=NSE/symbol=ITBEES/part-064252_669483-024304.parquet,real_data_sample\l2_unseen_validation\trade_date=2026-07-17\exchange=NSE\symbol=ITBEES\part-064252_669483-024304.parquet,34514,downloaded,34514,
2026-07-17,NSE,ITBEES,raw_l2/trade_date=2026-07-17/exchange=NSE/symbol=ITBEES/part-064306_421697-024336.parquet,real_data_sample\l2_unseen_validation\trade_date=2026-07-17\exchange=NSE\symbol=ITBEES\part-064306_421697-024336.parquet,34466,downloaded,34466,
2026-07-17,NSE,ITBEES,raw_l2/trade_date=2026-07-17/exchange=NSE/symbol=ITBEES/part-064648_212397-024848.parquet,real_data_sample\l2_unseen_validation\trade_date=2026-07-17\exchange=NSE\symbol=ITBEES\part-064648_212397-024848.parquet,34690,downloaded,34690,
2026-07-17,NSE,ITBEES,raw_l2/trade_date=2026-07-17/exchange=NSE/symbol=ITBEES/part-064620_441095-024784.parquet,real_data_sample\l2_unseen_validation\trade_date=2026-07-17\exchange=NSE\symbol=ITBEES\part-064620_441095-024784.parquet,34422,downloaded,34422,
2026-07-17,NSE,ITBEES,raw_l2/trade_date=2026-07-17/exchange=NSE/symbol=ITBEES/part-064511_258925-024624.parquet,real_data_sample\l2_unseen_validation\trade_date=2026-07-17\exchange=NSE\symbol=ITBEES\part-064511_258925-024624.parquet,34475,downloaded,34475,
2026-07-17,NSE,ITBEES,raw_l2/trade_date=2026-07-17/exchange=NSE/symbol=ITBEES/part-064429_701501-024528.parquet,real_data_sample\l2_unseen_validation\trade_date=2026-07-17\exchange=NSE\symbol=ITBEES\part-064429_701501-024528.parquet,34634,downloaded,34634,
2026-07-17,NSE,ITBEES,raw_l2/trade_date=2026-07-17/exchange=NSE/symbol=ITBEES/part-064415_787801-024496.parquet,real_data_sample\l2_unseen_validation\trade_date=2026-07-17\exchange=NSE\symbol=ITBEES\part-064415_787801-024496.parquet,34775,downloaded,34775,
2026-07-17,NSE,ITBEES,raw_l2/trade_date=2026-07-17/exchange=NSE/symbol=ITBEES/part-064457_204920-024592.parquet,real_data_sample\l2_unseen_validation\trade_date=2026-07-17\exchange=NSE\symbol=ITBEES\part-064457_204920-024592.parquet,34324,downloaded,34324,
2026-07-17,NSE,ITBEES,raw_l2/trade_date=2026-07-17/exchange=NSE/symbol=ITBEES/part-064634_201771-024816.parquet,real_data_sample\l2_unseen_validation\trade_date=2026-07-17\exchange=NSE\symbol=ITBEES\part-064634_201771-024816.parquet,34490,downloaded,34490,
2026-07-17,NSE,ITBEES,raw_l2/trade_date=2026-07-17/exchange=NSE/symbol=ITBEES/part-064443_428915-024560.parquet,real_data_sample\l2_unseen_validation\trade_date=2026-07-17\exchange=NSE\symbol=ITBEES\part-064443_428915-024560.parquet,34640,downloaded,34640,
2026-07-17,NSE,ITBEES,raw_l2/trade_date=2026-07-17/exchange=NSE/symbol=ITBEES/part-064101_758421-024048.parquet,real_data_sample\l2_unseen_validation\trade_date=2026-07-17\exchange=NSE\symbol=ITBEES\part-064101_758421-024048.parquet,34557,downloaded,34557,
2026-07-17,NSE,ITBEES,raw_l2/trade_date=2026-07-17/exchange=NSE/symbol=ITBEES/part-064716_219678-024912.parquet,real_data_sample\l2_unseen_validation\trade_date=2026-07-17\exchange=NSE\symbol=ITBEES\part-064716_219678-024912.parquet,34487,downloaded,34487,
2026-07-17,NSE,ITBEES,raw_l2/trade_date=2026-07-17/exchange=NSE/symbol=ITBEES/part-064743_941585-024976.parquet,real_data_sample\l2_unseen_validation\trade_date=2026-07-17\exchange=NSE\symbol=ITBEES\part-064743_941585-024976.parquet,34538,downloaded,34538,
2026-07-17,NSE,ITBEES,raw_l2/trade_date=2026-07-17/exchange=NSE/symbol=ITBEES/part-064729_965140-024944.parquet,real_data_sample\l2_unseen_validation\trade_date=2026-07-17\exchange=NSE\symbol=ITBEES\part-064729_965140-024944.parquet,34375,downloaded,34375,
2026-07-17,NSE,ITBEES,raw_l2/trade_date=2026-07-17/exchange=NSE/symbol=ITBEES/part-064115_674852-024080.parquet,real_data_sample\l2_unseen_validation\trade_date=2026-07-17\exchange=NSE\symbol=ITBEES\part-064115_674852-024080.parquet,34618,downloaded,34618,
2026-07-17,NSE,ITBEES,raw_l2/trade_date=2026-07-17/exchange=NSE/symbol=ITBEES/part-064811_666164-025040.parquet,real_data_sample\l2_unseen_validation\trade_date=2026-07-17\exchange=NSE\symbol=ITBEES\part-064811_666164-025040.parquet,34741,downloaded,34741,
2026-07-17,NSE,ITBEES,raw_l2/trade_date=2026-07-17/exchange=NSE/symbol=ITBEES/part-064853_185255-025136.parquet,real_data_sample\l2_unseen_validation\trade_date=2026-07-17\exchange=NSE\symbol=ITBEES\part-064853_185255-025136.parquet,34389,downloaded,34389,
2026-07-17,NSE,ITBEES,raw_l2/trade_date=2026-07-17/exchange=NSE/symbol=ITBEES/part-064906_971607-025168.parquet,real_data_sample\l2_unseen_validation\trade_date=2026-07-17\exchange=NSE\symbol=ITBEES\part-064906_971607-025168.parquet,34523,downloaded,34523,
2026-07-17,NSE,ITBEES,raw_l2/trade_date=2026-07-17/exchange=NSE/symbol=ITBEES/part-064757_670068-025008.parquet,real_data_sample\l2_unseen_validation\trade_date=2026-07-17\exchange=NSE\symbol=ITBEES\part-064757_670068-025008.parquet,34596,downloaded,34596,
2026-07-17,NSE,ITBEES,raw_l2/trade_date=2026-07-17/exchange=NSE/symbol=ITBEES/part-064825_540992-025072.parquet,real_data_sample\l2_unseen_validation\trade_date=2026-07-17\exchange=NSE\symbol=ITBEES\part-064825_540992-025072.parquet,34569,downloaded,34569,
2026-07-17,NSE,ITBEES,raw_l2/trade_date=2026-07-17/exchange=NSE/symbol=ITBEES/part-064839_418988-025104.parquet,real_data_sample\l2_unseen_validation\trade_date=2026-07-17\exchange=NSE\symbol=ITBEES\part-064839_418988-025104.parquet,34517,downloaded,34517,
2026-07-17,NSE,ITBEES,raw_l2/trade_date=2026-07-17/exchange=NSE/symbol=ITBEES/part-065112_694777-025456.parquet,real_data_sample\l2_unseen_validation\trade_date=2026-07-17\exchange=NSE\symbol=ITBEES\part-065112_694777-025456.parquet,34638,downloaded,34638,
2026-07-17,NSE,ITBEES,raw_l2/trade_date=2026-07-17/exchange=NSE/symbol=ITBEES/part-064934_745921-025232.parquet,real_data_sample\l2_unseen_validation\trade_date=2026-07-17\exchange=NSE\symbol=ITBEES\part-064934_745921-025232.parquet,34634,downloaded,34634,
2026-07-17,NSE,ITBEES,raw_l2/trade_date=2026-07-17/exchange=NSE/symbol=ITBEES/part-064948_715977-025264.parquet,real_data_sample\l2_unseen_validation\trade_date=2026-07-17\exchange=NSE\symbol=ITBEES\part-064948_715977-025264.parquet,34369,downloaded,34369,
2026-07-17,NSE,ITBEES,raw_l2/trade_date=2026-07-17/exchange=NSE/symbol=ITBEES/part-064920_936900-025200.parquet,real_data_sample\l2_unseen_validation\trade_date=2026-07-17\exchange=NSE\symbol=ITBEES\part-064920_936900-025200.parquet,34566,downloaded,34566,
2026-07-17,NSE,ITBEES,raw_l2/trade_date=2026-07-17/exchange=NSE/symbol=ITBEES/part-065002_828810-025296.parquet,real_data_sample\l2_unseen_validation\trade_date=2026-07-17\exchange=NSE\symbol=ITBEES\part-065002_828810-025296.parquet,34758,downloaded,34758,
2026-07-17,NSE,ITBEES,raw_l2/trade_date=2026-07-17/exchange=NSE/symbol=ITBEES/part-064347_920607-024432.parquet,real_data_sample\l2_unseen_validation\trade_date=2026-07-17\exchange=NSE\symbol=ITBEES\part-064347_920607-024432.parquet,34653,downloaded,34653,
2026-07-17,NSE,ITBEES,raw_l2/trade_date=2026-07-17/exchange=NSE/symbol=ITBEES/part-064334_184581-024400.parquet,real_data_sample\l2_unseen_validation\trade_date=2026-07-17\exchange=NSE\symbol=ITBEES\part-064334_184581-024400.parquet,34333,downloaded,34333,
2026-07-17,NSE,ITBEES,raw_l2/trade_date=2026-07-17/exchange=NSE/symbol=ITBEES/part-065044_621081-025392.parquet,real_data_sample\l2_unseen_validation\trade_date=2026-07-17\exchange=NSE\symbol=ITBEES\part-065044_621081-025392.parquet,34432,downloaded,34432,
2026-07-17,NSE,ITBEES,raw_l2/trade_date=2026-07-17/exchange=NSE/symbol=ITBEES/part-064211_232607-024208.parquet,real_data_sample\l2_unseen_validation\trade_date=2026-07-17\exchange=NSE\symbol=ITBEES\part-064211_232607-024208.parquet,34836,downloaded,34836,
2026-07-17,NSE,ITBEES,raw_l2/trade_date=2026-07-17/exchange=NSE/symbol=ITBEES/part-065016_675047-025328.parquet,real_data_sample\l2_unseen_validation\trade_date=2026-07-17\exchange=NSE\symbol=ITBEES\part-065016_675047-025328.parquet,34498,downloaded,34498,
2026-07-17,NSE,ITBEES,raw_l2/trade_date=2026-07-17/exchange=NSE/symbol=ITBEES/part-064606_620817-024752.parquet,real_data_sample\l2_unseen_validation\trade_date=2026-07-17\exchange=NSE\symbol=ITBEES\part-064606_620817-024752.parquet,34343,downloaded,34343,
2026-07-17,NSE,ITBEES,raw_l2/trade_date=2026-07-17/exchange=NSE/symbol=ITBEES/part-065030_416986-025360.parquet,real_data_sample\l2_unseen_validation\trade_date=2026-07-17\exchange=NSE\symbol=ITBEES\part-065030_416986-025360.parquet,34490,downloaded,34490,
2026-07-17,NSE,ITBEES,raw_l2/trade_date=2026-07-17/exchange=NSE/symbol=ITBEES/part-065058_692919-025424.parquet,real_data_sample\l2_unseen_validation\trade_date=2026-07-17\exchange=NSE\symbol=ITBEES\part-065058_692919-025424.parquet,34482,downloaded,34482,
2026-07-17,NSE,ITBEES,raw_l2/trade_date=2026-07-17/exchange=NSE/symbol=ITBEES/part-064702_173157-024880.parquet,real_data_sample\l2_unseen_validation\trade_date=2026-07-17\exchange=NSE\symbol=ITBEES\part-064702_173157-024880.parquet,34438,downloaded,34438,
2026-07-17,NSE,ITBEES,raw_l2/trade_date=2026-07-17/exchange=NSE/symbol=ITBEES/part-065140_769634-025520.parquet,real_data_sample\l2_unseen_validation\trade_date=2026-07-17\exchange=NSE\symbol=ITBEES\part-065140_769634-025520.parquet,34461,downloaded,34461,
2026-07-17,NSE,ITBEES,raw_l2/trade_date=2026-07-17/exchange=NSE/symbol=ITBEES/part-065208_907036-025584.parquet,real_data_sample\l2_unseen_validation\trade_date=2026-07-17\exchange=NSE\symbol=ITBEES\part-065208_907036-025584.parquet,34677,downloaded,34677,
2026-07-17,NSE,ITBEES,raw_l2/trade_date=2026-07-17/exchange=NSE/symbol=ITBEES/part-065154_774409-025552.parquet,real_data_sample\l2_unseen_validation\trade_date=2026-07-17\exchange=NSE\symbol=ITBEES\part-065154_774409-025552.parquet,34703,downloaded,34703,
2026-07-17,NSE,ITBEES,raw_l2/trade_date=2026-07-17/exchange=NSE/symbol=ITBEES/part-064539_202084-024688.parquet,real_data_sample\l2_unseen_validation\trade_date=2026-07-17\exchange=NSE\symbol=ITBEES\part-064539_202084-024688.parquet,34539,downloaded,34539,
2026-07-17,NSE,ITBEES,raw_l2/trade_date=2026-07-17/exchange=NSE/symbol=ITBEES/part-065223_034321-025616.parquet,real_data_sample\l2_unseen_validation\trade_date=2026-07-17\exchange=NSE\symbol=ITBEES\part-065223_034321-025616.parquet,34511,downloaded,34511,
2026-07-17,NSE,ITBEES,raw_l2/trade_date=2026-07-17/exchange=NSE/symbol=ITBEES/part-065237_089913-025648.parquet,real_data_sample\l2_unseen_validation\trade_date=2026-07-17\exchange=NSE\symbol=ITBEES\part-065237_089913-025648.parquet,34741,downloaded,34741,
2026-07-17,NSE,ITBEES,raw_l2/trade_date=2026-07-17/exchange=NSE/symbol=ITBEES/part-065251_236766-025680.parquet,real_data_sample\l2_unseen_validation\trade_date=2026-07-17\exchange=NSE\symbol=ITBEES\part-065251_236766-025680.parquet,34328,downloaded,34328,
2026-07-17,NSE,ITBEES,raw_l2/trade_date=2026-07-17/exchange=NSE/symbol=ITBEES/part-065319_352888-025744.parquet,real_data_sample\l2_unseen_validation\trade_date=2026-07-17\exchange=NSE\symbol=ITBEES\part-065319_352888-025744.parquet,34608,downloaded,34608,
2026-07-17,NSE,ITBEES,raw_l2/trade_date=2026-07-17/exchange=NSE/symbol=ITBEES/part-065401_122614-025840.parquet,real_data_sample\l2_unseen_validation\trade_date=2026-07-17\exchange=NSE\symbol=ITBEES\part-065401_122614-025840.parquet,34515,downloaded,34515,
2026-07-17,NSE,ITBEES,raw_l2/trade_date=2026-07-17/exchange=NSE/symbol=ITBEES/part-065415_251747-025872.parquet,real_data_sample\l2_unseen_validation\trade_date=2026-07-17\exchange=NSE\symbol=ITBEES\part-065415_251747-025872.parquet,34621,downloaded,34621,
2026-07-17,NSE,ITBEES,raw_l2/trade_date=2026-07-17/exchange=NSE/symbol=ITBEES/part-065429_242294-025904.parquet,real_data_sample\l2_unseen_validation\trade_date=2026-07-17\exchange=NSE\symbol=ITBEES\part-065429_242294-025904.parquet,34603,downloaded,34603,
2026-07-17,NSE,ITBEES,raw_l2/trade_date=2026-07-17/exchange=NSE/symbol=ITBEES/part-065305_380637-025712.parquet,real_data_sample\l2_unseen_validation\trade_date=2026-07-17\exchange=NSE\symbol=ITBEES\part-065305_380637-025712.parquet,34408,downloaded,34408,
2026-07-17,NSE,ITBEES,raw_l2/trade_date=2026-07-17/exchange=NSE/symbol=ITBEES/part-065525_566896-026032.parquet,real_data_sample\l2_unseen_validation\trade_date=2026-07-17\exchange=NSE\symbol=ITBEES\part-065525_566896-026032.parquet,34394,downloaded,34394,
2026-07-17,NSE,ITBEES,raw_l2/trade_date=2026-07-17/exchange=NSE/symbol=ITBEES/part-065443_303648-025936.parquet,real_data_sample\l2_unseen_validation\trade_date=2026-07-17\exchange=NSE\symbol=ITBEES\part-065443_303648-025936.parquet,34498,downloaded,34498,
2026-07-17,NSE,ITBEES,raw_l2/trade_date=2026-07-17/exchange=NSE/symbol=ITBEES/part-065607_803843-026128.parquet,real_data_sample\l2_unseen_validation\trade_date=2026-07-17\exchange=NSE\symbol=ITBEES\part-065607_803843-026128.parquet,34446,downloaded,34446,
2026-07-17,NSE,ITBEES,raw_l2/trade_date=2026-07-17/exchange=NSE/symbol=ITBEES/part-065333_241688-025776.parquet,real_data_sample\l2_unseen_validation\trade_date=2026-07-17\exchange=NSE\symbol=ITBEES\part-065333_241688-025776.parquet,34468,downloaded,34468,
2026-07-17,NSE,ITBEES,raw_l2/trade_date=2026-07-17/exchange=NSE/symbol=ITBEES/part-065347_019245-025808.parquet,real_data_sample\l2_unseen_validation\trade_date=2026-07-17\exchange=NSE\symbol=ITBEES\part-065347_019245-025808.parquet,34692,downloaded,34692,
2026-07-17,NSE,ITBEES,raw_l2/trade_date=2026-07-17/exchange=NSE/symbol=ITBEES/part-065621_865625-026160.parquet,real_data_sample\l2_unseen_validation\trade_date=2026-07-17\exchange=NSE\symbol=ITBEES\part-065621_865625-026160.parquet,34676,downloaded,34676,
2026-07-17,NSE,ITBEES,raw_l2/trade_date=2026-07-17/exchange=NSE/symbol=ITBEES/part-065553_774907-026096.parquet,real_data_sample\l2_unseen_validation\trade_date=2026-07-17\exchange=NSE\symbol=ITBEES\part-065553_774907-026096.parquet,34382,downloaded,34382,
2026-07-17,NSE,ITBEES,raw_l2/trade_date=2026-07-17/exchange=NSE/symbol=ITBEES/part-061934_299599-021136.parquet,real_data_sample\l2_unseen_validation\trade_date=2026-07-17\exchange=NSE\symbol=ITBEES\part-061934_299599-021136.parquet,34579,downloaded,34579,
2026-07-17,NSE,ITBEES,raw_l2/trade_date=2026-07-17/exchange=NSE/symbol=ITBEES/part-065539_855569-026064.parquet,real_data_sample\l2_unseen_validation\trade_date=2026-07-17\exchange=NSE\symbol=ITBEES\part-065539_855569-026064.parquet,34653,downloaded,34653,
2026-07-17,NSE,ITBEES,raw_l2/trade_date=2026-07-17/exchange=NSE/symbol=ITBEES/part-065457_432015-025968.parquet,real_data_sample\l2_unseen_validation\trade_date=2026-07-17\exchange=NSE\symbol=ITBEES\part-065457_432015-025968.parquet,34486,downloaded,34486,
2026-07-17,NSE,ITBEES,raw_l2/trade_date=2026-07-17/exchange=NSE/symbol=ITBEES/part-064320_197814-024368.parquet,real_data_sample\l2_unseen_validation\trade_date=2026-07-17\exchange=NSE\symbol=ITBEES\part-064320_197814-024368.parquet,34471,downloaded,34471,
2026-07-17,NSE,ITBEES,raw_l2/trade_date=2026-07-17/exchange=NSE/symbol=ITBEES/part-065703_741379-026256.parquet,real_data_sample\l2_unseen_validation\trade_date=2026-07-17\exchange=NSE\symbol=ITBEES\part-065703_741379-026256.parquet,34558,downloaded,34558,
2026-07-17,NSE,ITBEES,raw_l2/trade_date=2026-07-17/exchange=NSE/symbol=ITBEES/part-065635_801537-026192.parquet,real_data_sample\l2_unseen_validation\trade_date=2026-07-17\exchange=NSE\symbol=ITBEES\part-065635_801537-026192.parquet,34768,downloaded,34768,
2026-07-17,NSE,ITBEES,raw_l2/trade_date=2026-07-17/exchange=NSE/symbol=ITBEES/part-065717_767797-026288.parquet,real_data_sample\l2_unseen_validation\trade_date=2026-07-17\exchange=NSE\symbol=ITBEES\part-065717_767797-026288.parquet,34537,downloaded,34537,
2026-07-17,NSE,ITBEES,raw_l2/trade_date=2026-07-17/exchange=NSE/symbol=ITBEES/part-065649_810685-026224.parquet,real_data_sample\l2_unseen_validation\trade_date=2026-07-17\exchange=NSE\symbol=ITBEES\part-065649_810685-026224.parquet,34605,downloaded,34605,
2026-07-17,NSE,ITBEES,raw_l2/trade_date=2026-07-17/exchange=NSE/symbol=ITBEES/part-065731_920513-026320.parquet,real_data_sample\l2_unseen_validation\trade_date=2026-07-17\exchange=NSE\symbol=ITBEES\part-065731_920513-026320.parquet,34716,downloaded,34716,
2026-07-17,NSE,ITBEES,raw_l2/trade_date=2026-07-17/exchange=NSE/symbol=ITBEES/part-065745_858183-026352.parquet,real_data_sample\l2_unseen_validation\trade_date=2026-07-17\exchange=NSE\symbol=ITBEES\part-065745_858183-026352.parquet,34427,downloaded,34427,
2026-07-17,NSE,ITBEES,raw_l2/trade_date=2026-07-17/exchange=NSE/symbol=ITBEES/part-065800_122770-026384.parquet,real_data_sample\l2_unseen_validation\trade_date=2026-07-17\exchange=NSE\symbol=ITBEES\part-065800_122770-026384.parquet,34649,downloaded,34649,
2026-07-17,NSE,ITBEES,raw_l2/trade_date=2026-07-17/exchange=NSE/symbol=ITBEES/part-065814_385381-026416.parquet,real_data_sample\l2_unseen_validation\trade_date=2026-07-17\exchange=NSE\symbol=ITBEES\part-065814_385381-026416.parquet,34582,downloaded,34582,
2026-07-17,NSE,ITBEES,raw_l2/trade_date=2026-07-17/exchange=NSE/symbol=ITBEES/part-065511_511143-026000.parquet,real_data_sample\l2_unseen_validation\trade_date=2026-07-17\exchange=NSE\symbol=ITBEES\part-065511_511143-026000.parquet,34611,downloaded,34611,
2026-07-17,NSE,ITBEES,raw_l2/trade_date=2026-07-17/exchange=NSE/symbol=ITBEES/part-065126_747031-025488.parquet,real_data_sample\l2_unseen_validation\trade_date=2026-07-17\exchange=NSE\symbol=ITBEES\part-065126_747031-025488.parquet,34482,downloaded,34482,
2026-07-17,NSE,ITBEES,raw_l2/trade_date=2026-07-17/exchange=NSE/symbol=ITBEES/part-065828_725182-026448.parquet,real_data_sample\l2_unseen_validation\trade_date=2026-07-17\exchange=NSE\symbol=ITBEES\part-065828_725182-026448.parquet,34692,downloaded,34692,
2026-07-17,NSE,ITBEES,raw_l2/trade_date=2026-07-17/exchange=NSE/symbol=ITBEES/part-065857_353641-026512.parquet,real_data_sample\l2_unseen_validation\trade_date=2026-07-17\exchange=NSE\symbol=ITBEES\part-065857_353641-026512.parquet,34603,downloaded,34603,
2026-07-17,NSE,ITBEES,raw_l2/trade_date=2026-07-17/exchange=NSE/symbol=ITBEES/part-070137_717705-026864.parquet,real_data_sample\l2_unseen_validation\trade_date=2026-07-17\exchange=NSE\symbol=ITBEES\part-070137_717705-026864.parquet,34658,downloaded,34658,
2026-07-17,NSE,ITBEES,raw_l2/trade_date=2026-07-17/exchange=NSE/symbol=ITBEES/part-070123_062705-026832.parquet,real_data_sample\l2_unseen_validation\trade_date=2026-07-17\exchange=NSE\symbol=ITBEES\part-070123_062705-026832.parquet,34538,downloaded,34538,
2026-07-17,NSE,ITBEES,raw_l2/trade_date=2026-07-17/exchange=NSE/symbol=ITBEES/part-070038_879367-026736.parquet,real_data_sample\l2_unseen_validation\trade_date=2026-07-17\exchange=NSE\symbol=ITBEES\part-070038_879367-026736.parquet,34659,downloaded,34659,
2026-07-17,NSE,ITBEES,raw_l2/trade_date=2026-07-17/exchange=NSE/symbol=ITBEES/part-070108_369651-026800.parquet,real_data_sample\l2_unseen_validation\trade_date=2026-07-17\exchange=NSE\symbol=ITBEES\part-070108_369651-026800.parquet,34707,downloaded,34707,
2026-07-17,NSE,ITBEES,raw_l2/trade_date=2026-07-17/exchange=NSE/symbol=ITBEES/part-065843_181546-026480.parquet,real_data_sample\l2_unseen_validation\trade_date=2026-07-17\exchange=NSE\symbol=ITBEES\part-065843_181546-026480.parquet,34547,downloaded,34547,
2026-07-17,NSE,ITBEES,raw_l2/trade_date=2026-07-17/exchange=NSE/symbol=ITBEES/part-070024_642542-026704.parquet,real_data_sample\l2_unseen_validation\trade_date=2026-07-17\exchange=NSE\symbol=ITBEES\part-070024_642542-026704.parquet,34573,downloaded,34573,
2026-07-17,NSE,ITBEES,raw_l2/trade_date=2026-07-17/exchange=NSE/symbol=ITBEES/part-070053_634512-026768.parquet,real_data_sample\l2_unseen_validation\trade_date=2026-07-17\exchange=NSE\symbol=ITBEES\part-070053_634512-026768.parquet,34426,downloaded,34426,
2026-07-17,NSE,ITBEES,raw_l2/trade_date=2026-07-17/exchange=NSE/symbol=ITBEES/part-070010_122750-026672.parquet,real_data_sample\l2_unseen_validation\trade_date=2026-07-17\exchange=NSE\symbol=ITBEES\part-070010_122750-026672.parquet,34399,downloaded,34399,
2026-07-17,NSE,ITBEES,raw_l2/trade_date=2026-07-17/exchange=NSE/symbol=ITBEES/part-065955_392923-026640.parquet,real_data_sample\l2_unseen_validation\trade_date=2026-07-17\exchange=NSE\symbol=ITBEES\part-065955_392923-026640.parquet,34335,downloaded,34335,
2026-07-17,NSE,ITBEES,raw_l2/trade_date=2026-07-17/exchange=NSE/symbol=ITBEES/part-070251_378088-027024.parquet,real_data_sample\l2_unseen_validation\trade_date=2026-07-17\exchange=NSE\symbol=ITBEES\part-070251_378088-027024.parquet,34582,downloaded,34582,
2026-07-17,NSE,ITBEES,raw_l2/trade_date=2026-07-17/exchange=NSE/symbol=ITBEES/part-065911_592827-026544.parquet,real_data_sample\l2_unseen_validation\trade_date=2026-07-17\exchange=NSE\symbol=ITBEES\part-065911_592827-026544.parquet,34703,downloaded,34703,
2026-07-17,NSE,ITBEES,raw_l2/trade_date=2026-07-17/exchange=NSE/symbol=ITBEES/part-065940_828674-026608.parquet,real_data_sample\l2_unseen_validation\trade_date=2026-07-17\exchange=NSE\symbol=ITBEES\part-065940_828674-026608.parquet,34677,downloaded,34677,
2026-07-17,NSE,ITBEES,raw_l2/trade_date=2026-07-17/exchange=NSE/symbol=ITBEES/part-070221_959609-026960.parquet,real_data_sample\l2_unseen_validation\trade_date=2026-07-17\exchange=NSE\symbol=ITBEES\part-070221_959609-026960.parquet,34768,downloaded,34768,
2026-07-17,NSE,ITBEES,raw_l2/trade_date=2026-07-17/exchange=NSE/symbol=ITBEES/part-065926_095832-026576.parquet,real_data_sample\l2_unseen_validation\trade_date=2026-07-17\exchange=NSE\symbol=ITBEES\part-065926_095832-026576.parquet,34434,downloaded,34434,
2026-07-17,NSE,ITBEES,raw_l2/trade_date=2026-07-17/exchange=NSE/symbol=ITBEES/part-070207_162572-026928.parquet,real_data_sample\l2_unseen_validation\trade_date=2026-07-17\exchange=NSE\symbol=ITBEES\part-070207_162572-026928.parquet,34788,downloaded,34788,
2026-07-17,NSE,ITBEES,raw_l2/trade_date=2026-07-17/exchange=NSE/symbol=ITBEES/part-070236_798180-026992.parquet,real_data_sample\l2_unseen_validation\trade_date=2026-07-17\exchange=NSE\symbol=ITBEES\part-070236_798180-026992.parquet,34661,downloaded,34661,
2026-07-17,NSE,ITBEES,raw_l2/trade_date=2026-07-17/exchange=NSE/symbol=ITBEES/part-070306_303090-027056.parquet,real_data_sample\l2_unseen_validation\trade_date=2026-07-17\exchange=NSE\symbol=ITBEES\part-070306_303090-027056.parquet,34541,downloaded,34541,
2026-07-17,NSE,ITBEES,raw_l2/trade_date=2026-07-17/exchange=NSE/symbol=ITBEES/part-070349_720554-027152.parquet,real_data_sample\l2_unseen_validation\trade_date=2026-07-17\exchange=NSE\symbol=ITBEES\part-070349_720554-027152.parquet,34455,downloaded,34455,
2026-07-17,NSE,ITBEES,raw_l2/trade_date=2026-07-17/exchange=NSE/symbol=ITBEES/part-070321_099777-027088.parquet,real_data_sample\l2_unseen_validation\trade_date=2026-07-17\exchange=NSE\symbol=ITBEES\part-070321_099777-027088.parquet,34936,downloaded,34936,
2026-07-17,NSE,ITBEES,raw_l2/trade_date=2026-07-17/exchange=NSE/symbol=ITBEES/part-070432_593654-027248.parquet,real_data_sample\l2_unseen_validation\trade_date=2026-07-17\exchange=NSE\symbol=ITBEES\part-070432_593654-027248.parquet,34452,downloaded,34452,
2026-07-17,NSE,ITBEES,raw_l2/trade_date=2026-07-17/exchange=NSE/symbol=ITBEES/part-070418_463711-027216.parquet,real_data_sample\l2_unseen_validation\trade_date=2026-07-17\exchange=NSE\symbol=ITBEES\part-070418_463711-027216.parquet,34573,downloaded,34573,
2026-07-17,NSE,ITBEES,raw_l2/trade_date=2026-07-17/exchange=NSE/symbol=ITBEES/part-070335_450939-027120.parquet,real_data_sample\l2_unseen_validation\trade_date=2026-07-17\exchange=NSE\symbol=ITBEES\part-070335_450939-027120.parquet,34649,downloaded,34649,
2026-07-17,NSE,ITBEES,raw_l2/trade_date=2026-07-17/exchange=NSE/symbol=ITBEES/part-070404_279799-027184.parquet,real_data_sample\l2_unseen_validation\trade_date=2026-07-17\exchange=NSE\symbol=ITBEES\part-070404_279799-027184.parquet,34568,downloaded,34568,
2026-07-17,NSE,ITBEES,raw_l2/trade_date=2026-07-17/exchange=NSE/symbol=ITBEES/part-070516_054728-027344.parquet,real_data_sample\l2_unseen_validation\trade_date=2026-07-17\exchange=NSE\symbol=ITBEES\part-070516_054728-027344.parquet,34374,downloaded,34374,
2026-07-17,NSE,ITBEES,raw_l2/trade_date=2026-07-17/exchange=NSE/symbol=ITBEES/part-070642_357566-027536.parquet,real_data_sample\l2_unseen_validation\trade_date=2026-07-17\exchange=NSE\symbol=ITBEES\part-070642_357566-027536.parquet,34468,downloaded,34468,
2026-07-17,NSE,ITBEES,raw_l2/trade_date=2026-07-17/exchange=NSE/symbol=ITBEES/part-070530_574214-027376.parquet,real_data_sample\l2_unseen_validation\trade_date=2026-07-17\exchange=NSE\symbol=ITBEES\part-070530_574214-027376.parquet,34424,downloaded,34424,
2026-07-17,NSE,ITBEES,raw_l2/trade_date=2026-07-17/exchange=NSE/symbol=ITBEES/part-070710_903427-027600.parquet,real_data_sample\l2_unseen_validation\trade_date=2026-07-17\exchange=NSE\symbol=ITBEES\part-070710_903427-027600.parquet,34598,downloaded,34598,
2026-07-17,NSE,ITBEES,raw_l2/trade_date=2026-07-17/exchange=NSE/symbol=ITBEES/part-070919_067121-027888.parquet,real_data_sample\l2_unseen_validation\trade_date=2026-07-17\exchange=NSE\symbol=ITBEES\part-070919_067121-027888.parquet,34540,downloaded,34540,
2026-07-17,NSE,ITBEES,raw_l2/trade_date=2026-07-17/exchange=NSE/symbol=ITBEES/part-070627_952848-027504.parquet,real_data_sample\l2_unseen_validation\trade_date=2026-07-17\exchange=NSE\symbol=ITBEES\part-070627_952848-027504.parquet,34598,downloaded,34598,
2026-07-17,NSE,ITBEES,raw_l2/trade_date=2026-07-17/exchange=NSE/symbol=ITBEES/part-070933_803821-027920.parquet,real_data_sample\l2_unseen_validation\trade_date=2026-07-17\exchange=NSE\symbol=ITBEES\part-070933_803821-027920.parquet,34663,downloaded,34663,
2026-07-17,NSE,ITBEES,raw_l2/trade_date=2026-07-17/exchange=NSE/symbol=ITBEES/part-070656_641075-027568.parquet,real_data_sample\l2_unseen_validation\trade_date=2026-07-17\exchange=NSE\symbol=ITBEES\part-070656_641075-027568.parquet,34452,downloaded,34452,
2026-07-17,NSE,ITBEES,raw_l2/trade_date=2026-07-17/exchange=NSE/symbol=ITBEES/part-070948_379910-027952.parquet,real_data_sample\l2_unseen_validation\trade_date=2026-07-17\exchange=NSE\symbol=ITBEES\part-070948_379910-027952.parquet,34771,downloaded,34771,
2026-07-17,NSE,ITBEES,raw_l2/trade_date=2026-07-17/exchange=NSE/symbol=ITBEES/part-070559_146935-027440.parquet,real_data_sample\l2_unseen_validation\trade_date=2026-07-17\exchange=NSE\symbol=ITBEES\part-070559_146935-027440.parquet,34458,downloaded,34458,
2026-07-17,NSE,ITBEES,raw_l2/trade_date=2026-07-17/exchange=NSE/symbol=ITBEES/part-070850_385159-027824.parquet,real_data_sample\l2_unseen_validation\trade_date=2026-07-17\exchange=NSE\symbol=ITBEES\part-070850_385159-027824.parquet,34505,downloaded,34505,
2026-07-17,NSE,ITBEES,raw_l2/trade_date=2026-07-17/exchange=NSE/symbol=ITBEES/part-070904_839587-027856.parquet,real_data_sample\l2_unseen_validation\trade_date=2026-07-17\exchange=NSE\symbol=ITBEES\part-070904_839587-027856.parquet,34580,downloaded,34580,
2026-07-17,NSE,ITBEES,raw_l2/trade_date=2026-07-17/exchange=NSE/symbol=ITBEES/part-071002_618764-027984.parquet,real_data_sample\l2_unseen_validation\trade_date=2026-07-17\exchange=NSE\symbol=ITBEES\part-071002_618764-027984.parquet,34573,downloaded,34573,
2026-07-17,NSE,ITBEES,raw_l2/trade_date=2026-07-17/exchange=NSE/symbol=ITBEES/part-070753_555316-027696.parquet,real_data_sample\l2_unseen_validation\trade_date=2026-07-17\exchange=NSE\symbol=ITBEES\part-070753_555316-027696.parquet,34543,downloaded,34543,
2026-07-17,NSE,ITBEES,raw_l2/trade_date=2026-07-17/exchange=NSE/symbol=ITBEES/part-070836_100479-027792.parquet,real_data_sample\l2_unseen_validation\trade_date=2026-07-17\exchange=NSE\symbol=ITBEES\part-070836_100479-027792.parquet,34717,downloaded,34717,
2026-07-17,NSE,ITBEES,raw_l2/trade_date=2026-07-17/exchange=NSE/symbol=ITBEES/part-070725_163692-027632.parquet,real_data_sample\l2_unseen_validation\trade_date=2026-07-17\exchange=NSE\symbol=ITBEES\part-070725_163692-027632.parquet,34643,downloaded,34643,
2026-07-17,NSE,ITBEES,raw_l2/trade_date=2026-07-17/exchange=NSE/symbol=ITBEES/part-070739_346078-027664.parquet,real_data_sample\l2_unseen_validation\trade_date=2026-07-17\exchange=NSE\symbol=ITBEES\part-070739_346078-027664.parquet,34676,downloaded,34676,
2026-07-17,NSE,ITBEES,raw_l2/trade_date=2026-07-17/exchange=NSE/symbol=ITBEES/part-070821_614903-027760.parquet,real_data_sample\l2_unseen_validation\trade_date=2026-07-17\exchange=NSE\symbol=ITBEES\part-070821_614903-027760.parquet,34663,downloaded,34663,
2026-07-17,NSE,ITBEES,raw_l2/trade_date=2026-07-17/exchange=NSE/symbol=ITBEES/part-063923_755733-023824.parquet,real_data_sample\l2_unseen_validation\trade_date=2026-07-17\exchange=NSE\symbol=ITBEES\part-063923_755733-023824.parquet,34659,downloaded,34659,
2026-07-17,NSE,ITBEES,raw_l2/trade_date=2026-07-17/exchange=NSE/symbol=ITBEES/part-071016_831784-028016.parquet,real_data_sample\l2_unseen_validation\trade_date=2026-07-17\exchange=NSE\symbol=ITBEES\part-071016_831784-028016.parquet,34737,downloaded,34737,
2026-07-17,NSE,ITBEES,raw_l2/trade_date=2026-07-17/exchange=NSE/symbol=ITBEES/part-070807_563377-027728.parquet,real_data_sample\l2_unseen_validation\trade_date=2026-07-17\exchange=NSE\symbol=ITBEES\part-070807_563377-027728.parquet,34514,downloaded,34514,
2026-07-17,NSE,ITBEES,raw_l2/trade_date=2026-07-17/exchange=NSE/symbol=ITBEES/part-070613_586645-027472.parquet,real_data_sample\l2_unseen_validation\trade_date=2026-07-17\exchange=NSE\symbol=ITBEES\part-070613_586645-027472.parquet,34447,downloaded,34447,
2026-07-17,NSE,ITBEES,raw_l2/trade_date=2026-07-17/exchange=NSE/symbol=ITBEES/part-070544_955764-027408.parquet,real_data_sample\l2_unseen_validation\trade_date=2026-07-17\exchange=NSE\symbol=ITBEES\part-070544_955764-027408.parquet,34742,downloaded,34742,
2026-07-17,NSE,ITBEES,raw_l2/trade_date=2026-07-17/exchange=NSE/symbol=ITBEES/part-071030_887634-028048.parquet,real_data_sample\l2_unseen_validation\trade_date=2026-07-17\exchange=NSE\symbol=ITBEES\part-071030_887634-028048.parquet,34501,downloaded,34501,
2026-07-17,NSE,ITBEES,raw_l2/trade_date=2026-07-17/exchange=NSE/symbol=ITBEES/part-071059_807610-028112.parquet,real_data_sample\l2_unseen_validation\trade_date=2026-07-17\exchange=NSE\symbol=ITBEES\part-071059_807610-028112.parquet,34654,downloaded,34654,
2026-07-17,NSE,ITBEES,raw_l2/trade_date=2026-07-17/exchange=NSE/symbol=ITBEES/part-071045_103368-028080.parquet,real_data_sample\l2_unseen_validation\trade_date=2026-07-17\exchange=NSE\symbol=ITBEES\part-071045_103368-028080.parquet,34633,downloaded,34633,
2026-07-17,NSE,ITBEES,raw_l2/trade_date=2026-07-17/exchange=NSE/symbol=ITBEES/part-071114_292076-028144.parquet,real_data_sample\l2_unseen_validation\trade_date=2026-07-17\exchange=NSE\symbol=ITBEES\part-071114_292076-028144.parquet,34569,downloaded,34569,
2026-07-17,NSE,ITBEES,raw_l2/trade_date=2026-07-17/exchange=NSE/symbol=ITBEES/part-070446_833481-027280.parquet,real_data_sample\l2_unseen_validation\trade_date=2026-07-17\exchange=NSE\symbol=ITBEES\part-070446_833481-027280.parquet,34738,downloaded,34738,
2026-07-17,NSE,ITBEES,raw_l2/trade_date=2026-07-17/exchange=NSE/symbol=ITBEES/part-063744_689059-023600.parquet,real_data_sample\l2_unseen_validation\trade_date=2026-07-17\exchange=NSE\symbol=ITBEES\part-063744_689059-023600.parquet,34680,downloaded,34680,
2026-07-17,NSE,ITBEES,raw_l2/trade_date=2026-07-17/exchange=NSE/symbol=ITBEES/part-071128_852727-028176.parquet,real_data_sample\l2_unseen_validation\trade_date=2026-07-17\exchange=NSE\symbol=ITBEES\part-071128_852727-028176.parquet,34625,downloaded,34625,
2026-07-17,NSE,ITBEES,raw_l2/trade_date=2026-07-17/exchange=NSE/symbol=ITBEES/part-063951_739261-023888.parquet,real_data_sample\l2_unseen_validation\trade_date=2026-07-17\exchange=NSE\symbol=ITBEES\part-063951_739261-023888.parquet,34414,downloaded,34414,
2026-07-17,NSE,ITBEES,raw_l2/trade_date=2026-07-17/exchange=NSE/symbol=ITBEES/part-071547_703618-028752.parquet,real_data_sample\l2_unseen_validation\trade_date=2026-07-17\exchange=NSE\symbol=ITBEES\part-071547_703618-028752.parquet,34574,downloaded,34574,
2026-07-17,NSE,ITBEES,raw_l2/trade_date=2026-07-17/exchange=NSE/symbol=ITBEES/part-071226_937944-028304.parquet,real_data_sample\l2_unseen_validation\trade_date=2026-07-17\exchange=NSE\symbol=ITBEES\part-071226_937944-028304.parquet,34658,downloaded,34658,
2026-07-17,NSE,ITBEES,raw_l2/trade_date=2026-07-17/exchange=NSE/symbol=ITBEES/part-071450_010526-028624.parquet,real_data_sample\l2_unseen_validation\trade_date=2026-07-17\exchange=NSE\symbol=ITBEES\part-071450_010526-028624.parquet,34380,downloaded,34380,
2026-07-17,NSE,ITBEES,raw_l2/trade_date=2026-07-17/exchange=NSE/symbol=ITBEES/part-071241_425300-028336.parquet,real_data_sample\l2_unseen_validation\trade_date=2026-07-17\exchange=NSE\symbol=ITBEES\part-071241_425300-028336.parquet,34594,downloaded,34594,
2026-07-17,NSE,ITBEES,raw_l2/trade_date=2026-07-17/exchange=NSE/symbol=ITBEES/part-071255_675805-028368.parquet,real_data_sample\l2_unseen_validation\trade_date=2026-07-17\exchange=NSE\symbol=ITBEES\part-071255_675805-028368.parquet,34668,downloaded,34668,
2026-07-17,NSE,ITBEES,raw_l2/trade_date=2026-07-17/exchange=NSE/symbol=ITBEES/part-071504_529140-028656.parquet,real_data_sample\l2_unseen_validation\trade_date=2026-07-17\exchange=NSE\symbol=ITBEES\part-071504_529140-028656.parquet,34350,downloaded,34350,
2026-07-17,NSE,ITBEES,raw_l2/trade_date=2026-07-17/exchange=NSE/symbol=ITBEES/part-071143_470185-028208.parquet,real_data_sample\l2_unseen_validation\trade_date=2026-07-17\exchange=NSE\symbol=ITBEES\part-071143_470185-028208.parquet,34434,downloaded,34434,
2026-07-17,NSE,ITBEES,raw_l2/trade_date=2026-07-17/exchange=NSE/symbol=ITBEES/part-071616_396673-028816.parquet,real_data_sample\l2_unseen_validation\trade_date=2026-07-17\exchange=NSE\symbol=ITBEES\part-071616_396673-028816.parquet,34491,downloaded,34491,
2026-07-17,NSE,ITBEES,raw_l2/trade_date=2026-07-17/exchange=NSE/symbol=ITBEES/part-071158_036692-028240.parquet,real_data_sample\l2_unseen_validation\trade_date=2026-07-17\exchange=NSE\symbol=ITBEES\part-071158_036692-028240.parquet,34743,downloaded,34743,
2026-07-17,NSE,ITBEES,raw_l2/trade_date=2026-07-17/exchange=NSE/symbol=ITBEES/part-071309_928114-028400.parquet,real_data_sample\l2_unseen_validation\trade_date=2026-07-17\exchange=NSE\symbol=ITBEES\part-071309_928114-028400.parquet,34555,downloaded,34555,
2026-07-17,NSE,ITBEES,raw_l2/trade_date=2026-07-17/exchange=NSE/symbol=ITBEES/part-071602_113039-028784.parquet,real_data_sample\l2_unseen_validation\trade_date=2026-07-17\exchange=NSE\symbol=ITBEES\part-071602_113039-028784.parquet,34504,downloaded,34504,
2026-07-17,NSE,ITBEES,raw_l2/trade_date=2026-07-17/exchange=NSE/symbol=ITBEES/part-071212_382107-028272.parquet,real_data_sample\l2_unseen_validation\trade_date=2026-07-17\exchange=NSE\symbol=ITBEES\part-071212_382107-028272.parquet,34640,downloaded,34640,
2026-07-17,NSE,ITBEES,raw_l2/trade_date=2026-07-17/exchange=NSE/symbol=ITBEES/part-071644_882394-028880.parquet,real_data_sample\l2_unseen_validation\trade_date=2026-07-17\exchange=NSE\symbol=ITBEES\part-071644_882394-028880.parquet,34389,downloaded,34389,
2026-07-17,NSE,ITBEES,raw_l2/trade_date=2026-07-17/exchange=NSE/symbol=ITBEES/part-070501_444597-027312.parquet,real_data_sample\l2_unseen_validation\trade_date=2026-07-17\exchange=NSE\symbol=ITBEES\part-070501_444597-027312.parquet,34528,downloaded,34528,
2026-07-17,NSE,ITBEES,raw_l2/trade_date=2026-07-17/exchange=NSE/symbol=ITBEES/part-071533_223544-028720.parquet,real_data_sample\l2_unseen_validation\trade_date=2026-07-17\exchange=NSE\symbol=ITBEES\part-071533_223544-028720.parquet,34493,downloaded,34493,
2026-07-17,NSE,ITBEES,raw_l2/trade_date=2026-07-17/exchange=NSE/symbol=ITBEES/part-071324_158140-028432.parquet,real_data_sample\l2_unseen_validation\trade_date=2026-07-17\exchange=NSE\symbol=ITBEES\part-071324_158140-028432.parquet,34695,downloaded,34695,
2026-07-17,NSE,ITBEES,raw_l2/trade_date=2026-07-17/exchange=NSE/symbol=ITBEES/part-071352_909278-028496.parquet,real_data_sample\l2_unseen_validation\trade_date=2026-07-17\exchange=NSE\symbol=ITBEES\part-071352_909278-028496.parquet,34428,downloaded,34428,
2026-07-17,NSE,ITBEES,raw_l2/trade_date=2026-07-17/exchange=NSE/symbol=ITBEES/part-071435_604519-028592.parquet,real_data_sample\l2_unseen_validation\trade_date=2026-07-17\exchange=NSE\symbol=ITBEES\part-071435_604519-028592.parquet,34474,downloaded,34474,
2026-07-17,NSE,ITBEES,raw_l2/trade_date=2026-07-17/exchange=NSE/symbol=ITBEES/part-071407_158863-028528.parquet,real_data_sample\l2_unseen_validation\trade_date=2026-07-17\exchange=NSE\symbol=ITBEES\part-071407_158863-028528.parquet,34465,downloaded,34465,
2026-07-17,NSE,ITBEES,raw_l2/trade_date=2026-07-17/exchange=NSE/symbol=ITBEES/part-071421_415233-028560.parquet,real_data_sample\l2_unseen_validation\trade_date=2026-07-17\exchange=NSE\symbol=ITBEES\part-071421_415233-028560.parquet,34440,downloaded,34440,
2026-07-17,NSE,ITBEES,raw_l2/trade_date=2026-07-17/exchange=NSE/symbol=ITBEES/part-071518_927351-028688.parquet,real_data_sample\l2_unseen_validation\trade_date=2026-07-17\exchange=NSE\symbol=ITBEES\part-071518_927351-028688.parquet,34453,downloaded,34453,
2026-07-17,NSE,ITBEES,raw_l2/trade_date=2026-07-17/exchange=NSE/symbol=ITBEES/part-071713_180292-028944.parquet,real_data_sample\l2_unseen_validation\trade_date=2026-07-17\exchange=NSE\symbol=ITBEES\part-071713_180292-028944.parquet,34524,downloaded,34524,
2026-07-17,NSE,ITBEES,raw_l2/trade_date=2026-07-17/exchange=NSE/symbol=ITBEES/part-071338_433996-028464.parquet,real_data_sample\l2_unseen_validation\trade_date=2026-07-17\exchange=NSE\symbol=ITBEES\part-071338_433996-028464.parquet,34528,downloaded,34528,
2026-07-17,NSE,ITBEES,raw_l2/trade_date=2026-07-17/exchange=NSE/symbol=ITBEES/part-071727_279072-028976.parquet,real_data_sample\l2_unseen_validation\trade_date=2026-07-17\exchange=NSE\symbol=ITBEES\part-071727_279072-028976.parquet,34704,downloaded,34704,
2026-07-17,NSE,ITBEES,raw_l2/trade_date=2026-07-17/exchange=NSE/symbol=ITBEES/part-071630_626805-028848.parquet,real_data_sample\l2_unseen_validation\trade_date=2026-07-17\exchange=NSE\symbol=ITBEES\part-071630_626805-028848.parquet,34515,downloaded,34515,
2026-07-17,NSE,ITBEES,raw_l2/trade_date=2026-07-17/exchange=NSE/symbol=ITBEES/part-071659_048649-028912.parquet,real_data_sample\l2_unseen_validation\trade_date=2026-07-17\exchange=NSE\symbol=ITBEES\part-071659_048649-028912.parquet,34596,downloaded,34596,
2026-07-17,NSE,ITBEES,raw_l2/trade_date=2026-07-17/exchange=NSE/symbol=ITBEES/part-071755_868924-029040.parquet,real_data_sample\l2_unseen_validation\trade_date=2026-07-17\exchange=NSE\symbol=ITBEES\part-071755_868924-029040.parquet,34565,downloaded,34565,
2026-07-17,NSE,ITBEES,raw_l2/trade_date=2026-07-17/exchange=NSE/symbol=ITBEES/part-064157_424008-024176.parquet,real_data_sample\l2_unseen_validation\trade_date=2026-07-17\exchange=NSE\symbol=ITBEES\part-064157_424008-024176.parquet,34778,downloaded,34778,
2026-07-17,NSE,ITBEES,raw_l2/trade_date=2026-07-17/exchange=NSE/symbol=ITBEES/part-071810_281977-029072.parquet,real_data_sample\l2_unseen_validation\trade_date=2026-07-17\exchange=NSE\symbol=ITBEES\part-071810_281977-029072.parquet,34382,downloaded,34382,
2026-07-17,NSE,ITBEES,raw_l2/trade_date=2026-07-17/exchange=NSE/symbol=ITBEES/part-071741_620993-029008.parquet,real_data_sample\l2_unseen_validation\trade_date=2026-07-17\exchange=NSE\symbol=ITBEES\part-071741_620993-029008.parquet,34453,downloaded,34453,
2026-07-17,NSE,ITBEES,raw_l2/trade_date=2026-07-17/exchange=NSE/symbol=ITBEES/part-071908_819733-029200.parquet,real_data_sample\l2_unseen_validation\trade_date=2026-07-17\exchange=NSE\symbol=ITBEES\part-071908_819733-029200.parquet,34871,downloaded,34871,
2026-07-17,NSE,ITBEES,raw_l2/trade_date=2026-07-17/exchange=NSE/symbol=ITBEES/part-071839_080883-029136.parquet,real_data_sample\l2_unseen_validation\trade_date=2026-07-17\exchange=NSE\symbol=ITBEES\part-071839_080883-029136.parquet,34652,downloaded,34652,
2026-07-17,NSE,ITBEES,raw_l2/trade_date=2026-07-17/exchange=NSE/symbol=ITBEES/part-071923_084704-029232.parquet,real_data_sample\l2_unseen_validation\trade_date=2026-07-17\exchange=NSE\symbol=ITBEES\part-071923_084704-029232.parquet,34568,downloaded,34568,
2026-07-17,NSE,ITBEES,raw_l2/trade_date=2026-07-17/exchange=NSE/symbol=ITBEES/part-072048_676881-029424.parquet,real_data_sample\l2_unseen_validation\trade_date=2026-07-17\exchange=NSE\symbol=ITBEES\part-072048_676881-029424.parquet,34433,downloaded,34433,
2026-07-17,NSE,ITBEES,raw_l2/trade_date=2026-07-17/exchange=NSE/symbol=ITBEES/part-072408_360927-029872.parquet,real_data_sample\l2_unseen_validation\trade_date=2026-07-17\exchange=NSE\symbol=ITBEES\part-072408_360927-029872.parquet,34301,downloaded,34301,
2026-07-17,NSE,ITBEES,raw_l2/trade_date=2026-07-17/exchange=NSE/symbol=ITBEES/part-072117_075157-029488.parquet,real_data_sample\l2_unseen_validation\trade_date=2026-07-17\exchange=NSE\symbol=ITBEES\part-072117_075157-029488.parquet,34737,downloaded,34737,
2026-07-17,NSE,ITBEES,raw_l2/trade_date=2026-07-17/exchange=NSE/symbol=ITBEES/part-072131_194648-029520.parquet,real_data_sample\l2_unseen_validation\trade_date=2026-07-17\exchange=NSE\symbol=ITBEES\part-072131_194648-029520.parquet,34661,downloaded,34661,
2026-07-17,NSE,ITBEES,raw_l2/trade_date=2026-07-17/exchange=NSE/symbol=ITBEES/part-072256_894229-029712.parquet,real_data_sample\l2_unseen_validation\trade_date=2026-07-17\exchange=NSE\symbol=ITBEES\part-072256_894229-029712.parquet,34427,downloaded,34427,
2026-07-17,NSE,ITBEES,raw_l2/trade_date=2026-07-17/exchange=NSE/symbol=ITBEES/part-071854_128088-029168.parquet,real_data_sample\l2_unseen_validation\trade_date=2026-07-17\exchange=NSE\symbol=ITBEES\part-071854_128088-029168.parquet,34738,downloaded,34738,
2026-07-17,NSE,ITBEES,raw_l2/trade_date=2026-07-17/exchange=NSE/symbol=ITBEES/part-072311_235393-029744.parquet,real_data_sample\l2_unseen_validation\trade_date=2026-07-17\exchange=NSE\symbol=ITBEES\part-072311_235393-029744.parquet,34492,downloaded,34492,
2026-07-17,NSE,ITBEES,raw_l2/trade_date=2026-07-17/exchange=NSE/symbol=ITBEES/part-072159_593995-029584.parquet,real_data_sample\l2_unseen_validation\trade_date=2026-07-17\exchange=NSE\symbol=ITBEES\part-072159_593995-029584.parquet,34506,downloaded,34506,
2026-07-17,NSE,ITBEES,raw_l2/trade_date=2026-07-17/exchange=NSE/symbol=ITBEES/part-072102_872480-029456.parquet,real_data_sample\l2_unseen_validation\trade_date=2026-07-17\exchange=NSE\symbol=ITBEES\part-072102_872480-029456.parquet,34591,downloaded,34591,
2026-07-17,NSE,ITBEES,raw_l2/trade_date=2026-07-17/exchange=NSE/symbol=ITBEES/part-072354_189846-029840.parquet,real_data_sample\l2_unseen_validation\trade_date=2026-07-17\exchange=NSE\symbol=ITBEES\part-072354_189846-029840.parquet,34942,downloaded,34942,
2026-07-17,NSE,ITBEES,raw_l2/trade_date=2026-07-17/exchange=NSE/symbol=ITBEES/part-072325_512784-029776.parquet,real_data_sample\l2_unseen_validation\trade_date=2026-07-17\exchange=NSE\symbol=ITBEES\part-072325_512784-029776.parquet,34451,downloaded,34451,
2026-07-17,NSE,ITBEES,raw_l2/trade_date=2026-07-17/exchange=NSE/symbol=ITBEES/part-072034_411372-029392.parquet,real_data_sample\l2_unseen_validation\trade_date=2026-07-17\exchange=NSE\symbol=ITBEES\part-072034_411372-029392.parquet,34508,downloaded,34508,
2026-07-17,NSE,ITBEES,raw_l2/trade_date=2026-07-17/exchange=NSE/symbol=ITBEES/part-072422_580563-029904.parquet,real_data_sample\l2_unseen_validation\trade_date=2026-07-17\exchange=NSE\symbol=ITBEES\part-072422_580563-029904.parquet,34504,downloaded,34504,
2026-07-17,NSE,ITBEES,raw_l2/trade_date=2026-07-17/exchange=NSE/symbol=ITBEES/part-071951_602691-029296.parquet,real_data_sample\l2_unseen_validation\trade_date=2026-07-17\exchange=NSE\symbol=ITBEES\part-071951_602691-029296.parquet,34765,downloaded,34765,
2026-07-17,NSE,ITBEES,raw_l2/trade_date=2026-07-17/exchange=NSE/symbol=ITBEES/part-072214_389782-029616.parquet,real_data_sample\l2_unseen_validation\trade_date=2026-07-17\exchange=NSE\symbol=ITBEES\part-072214_389782-029616.parquet,34405,downloaded,34405,
2026-07-17,NSE,ITBEES,raw_l2/trade_date=2026-07-17/exchange=NSE/symbol=ITBEES/part-072005_834123-029328.parquet,real_data_sample\l2_unseen_validation\trade_date=2026-07-17\exchange=NSE\symbol=ITBEES\part-072005_834123-029328.parquet,34696,downloaded,34696,
2026-07-17,NSE,ITBEES,raw_l2/trade_date=2026-07-17/exchange=NSE/symbol=ITBEES/part-072242_700542-029680.parquet,real_data_sample\l2_unseen_validation\trade_date=2026-07-17\exchange=NSE\symbol=ITBEES\part-072242_700542-029680.parquet,34697,downloaded,34697,
2026-07-17,NSE,ITBEES,raw_l2/trade_date=2026-07-17/exchange=NSE/symbol=ITBEES/part-072519_894144-030032.parquet,real_data_sample\l2_unseen_validation\trade_date=2026-07-17\exchange=NSE\symbol=ITBEES\part-072519_894144-030032.parquet,34601,downloaded,34601,
2026-07-17,NSE,ITBEES,raw_l2/trade_date=2026-07-17/exchange=NSE/symbol=ITBEES/part-072228_383318-029648.parquet,real_data_sample\l2_unseen_validation\trade_date=2026-07-17\exchange=NSE\symbol=ITBEES\part-072228_383318-029648.parquet,34470,downloaded,34470,
2026-07-17,NSE,ITBEES,raw_l2/trade_date=2026-07-17/exchange=NSE/symbol=ITBEES/part-072436_917521-029936.parquet,real_data_sample\l2_unseen_validation\trade_date=2026-07-17\exchange=NSE\symbol=ITBEES\part-072436_917521-029936.parquet,34521,downloaded,34521,
2026-07-17,NSE,ITBEES,raw_l2/trade_date=2026-07-17/exchange=NSE/symbol=ITBEES/part-072020_164737-029360.parquet,real_data_sample\l2_unseen_validation\trade_date=2026-07-17\exchange=NSE\symbol=ITBEES\part-072020_164737-029360.parquet,34609,downloaded,34609,
2026-07-17,NSE,ITBEES,raw_l2/trade_date=2026-07-17/exchange=NSE/symbol=ITBEES/part-072339_923329-029808.parquet,real_data_sample\l2_unseen_validation\trade_date=2026-07-17\exchange=NSE\symbol=ITBEES\part-072339_923329-029808.parquet,34344,downloaded,34344,
2026-07-17,NSE,ITBEES,raw_l2/trade_date=2026-07-17/exchange=NSE/symbol=ITBEES/part-071937_429377-029264.parquet,real_data_sample\l2_unseen_validation\trade_date=2026-07-17\exchange=NSE\symbol=ITBEES\part-071937_429377-029264.parquet,34553,downloaded,34553,
2026-07-17,NSE,ITBEES,raw_l2/trade_date=2026-07-17/exchange=NSE/symbol=ITBEES/part-071824_666234-029104.parquet,real_data_sample\l2_unseen_validation\trade_date=2026-07-17\exchange=NSE\symbol=ITBEES\part-071824_666234-029104.parquet,34538,downloaded,34538,
2026-07-17,NSE,ITBEES,raw_l2/trade_date=2026-07-17/exchange=NSE/symbol=ITBEES/part-072451_311938-029968.parquet,real_data_sample\l2_unseen_validation\trade_date=2026-07-17\exchange=NSE\symbol=ITBEES\part-072451_311938-029968.parquet,34692,downloaded,34692,
2026-07-17,NSE,ITBEES,raw_l2/trade_date=2026-07-17/exchange=NSE/symbol=ITBEES/part-072145_290894-029552.parquet,real_data_sample\l2_unseen_validation\trade_date=2026-07-17\exchange=NSE\symbol=ITBEES\part-072145_290894-029552.parquet,34507,downloaded,34507,
2026-07-17,NSE,ITBEES,raw_l2/trade_date=2026-07-17/exchange=NSE/symbol=ITBEES/part-072505_754603-030000.parquet,real_data_sample\l2_unseen_validation\trade_date=2026-07-17\exchange=NSE\symbol=ITBEES\part-072505_754603-030000.parquet,34680,downloaded,34680,
2026-07-17,NSE,ITBEES,raw_l2/trade_date=2026-07-17/exchange=NSE/symbol=ITBEES/part-072645_335668-030224.parquet,real_data_sample\l2_unseen_validation\trade_date=2026-07-17\exchange=NSE\symbol=ITBEES\part-072645_335668-030224.parquet,34658,downloaded,34658,
2026-07-17,NSE,ITBEES,raw_l2/trade_date=2026-07-17/exchange=NSE/symbol=ITBEES/part-072856_507355-030512.parquet,real_data_sample\l2_unseen_validation\trade_date=2026-07-17\exchange=NSE\symbol=ITBEES\part-072856_507355-030512.parquet,34788,downloaded,34788,
2026-07-17,NSE,ITBEES,raw_l2/trade_date=2026-07-17/exchange=NSE/symbol=ITBEES/part-073135_103290-030864.parquet,real_data_sample\l2_unseen_validation\trade_date=2026-07-17\exchange=NSE\symbol=ITBEES\part-073135_103290-030864.parquet,34459,downloaded,34459,
2026-07-17,NSE,ITBEES,raw_l2/trade_date=2026-07-17/exchange=NSE/symbol=ITBEES/part-073300_662838-031056.parquet,real_data_sample\l2_unseen_validation\trade_date=2026-07-17\exchange=NSE\symbol=ITBEES\part-073300_662838-031056.parquet,34739,downloaded,34739,
2026-07-17,NSE,ITBEES,raw_l2/trade_date=2026-07-17/exchange=NSE/symbol=ITBEES/part-073314_902211-031088.parquet,real_data_sample\l2_unseen_validation\trade_date=2026-07-17\exchange=NSE\symbol=ITBEES\part-073314_902211-031088.parquet,34679,downloaded,34679,
2026-07-17,NSE,ITBEES,raw_l2/trade_date=2026-07-17/exchange=NSE/symbol=ITBEES/part-073329_193906-031120.parquet,real_data_sample\l2_unseen_validation\trade_date=2026-07-17\exchange=NSE\symbol=ITBEES\part-073329_193906-031120.parquet,34635,downloaded,34635,
2026-07-17,NSE,ITBEES,raw_l2/trade_date=2026-07-17/exchange=NSE/symbol=ITBEES/part-073246_402371-031024.parquet,real_data_sample\l2_unseen_validation\trade_date=2026-07-17\exchange=NSE\symbol=ITBEES\part-073246_402371-031024.parquet,34641,downloaded,34641,
2026-07-17,NSE,ITBEES,raw_l2/trade_date=2026-07-17/exchange=NSE/symbol=ITBEES/part-073232_193555-030992.parquet,real_data_sample\l2_unseen_validation\trade_date=2026-07-17\exchange=NSE\symbol=ITBEES\part-073232_193555-030992.parquet,34503,downloaded,34503,
2026-07-17,NSE,ITBEES,raw_l2/trade_date=2026-07-17/exchange=NSE/symbol=ITBEES/part-073343_569035-031152.parquet,real_data_sample\l2_unseen_validation\trade_date=2026-07-17\exchange=NSE\symbol=ITBEES\part-073343_569035-031152.parquet,34388,downloaded,34388,
2026-07-17,NSE,ITBEES,raw_l2/trade_date=2026-07-17/exchange=NSE/symbol=ITBEES/part-073357_668447-031184.parquet,real_data_sample\l2_unseen_validation\trade_date=2026-07-17\exchange=NSE\symbol=ITBEES\part-073357_668447-031184.parquet,34556,downloaded,34556,
2026-07-17,NSE,ITBEES,raw_l2/trade_date=2026-07-17/exchange=NSE/symbol=ITBEES/part-073411_870085-031216.parquet,real_data_sample\l2_unseen_validation\trade_date=2026-07-17\exchange=NSE\symbol=ITBEES\part-073411_870085-031216.parquet,34463,downloaded,34463,
2026-07-17,NSE,ITBEES,raw_l2/trade_date=2026-07-17/exchange=NSE/symbol=ITBEES/part-073454_774756-031312.parquet,real_data_sample\l2_unseen_validation\trade_date=2026-07-17\exchange=NSE\symbol=ITBEES\part-073454_774756-031312.parquet,34472,downloaded,34472,
2026-07-17,NSE,ITBEES,raw_l2/trade_date=2026-07-17/exchange=NSE/symbol=ITBEES/part-073508_971345-031344.parquet,real_data_sample\l2_unseen_validation\trade_date=2026-07-17\exchange=NSE\symbol=ITBEES\part-073508_971345-031344.parquet,34382,downloaded,34382,
2026-07-17,NSE,ITBEES,raw_l2/trade_date=2026-07-17/exchange=NSE/symbol=ITBEES/part-073523_101437-031376.parquet,real_data_sample\l2_unseen_validation\trade_date=2026-07-17\exchange=NSE\symbol=ITBEES\part-073523_101437-031376.parquet,34573,downloaded,34573,
2026-07-17,NSE,ITBEES,raw_l2/trade_date=2026-07-17/exchange=NSE/symbol=ITBEES/part-073426_160521-031248.parquet,real_data_sample\l2_unseen_validation\trade_date=2026-07-17\exchange=NSE\symbol=ITBEES\part-073426_160521-031248.parquet,34760,downloaded,34760,
2026-07-17,NSE,ITBEES,raw_l2/trade_date=2026-07-17/exchange=NSE/symbol=ITBEES/part-073440_488007-031280.parquet,real_data_sample\l2_unseen_validation\trade_date=2026-07-17\exchange=NSE\symbol=ITBEES\part-073440_488007-031280.parquet,34810,downloaded,34810,
2026-07-17,NSE,ITBEES,raw_l2/trade_date=2026-07-17/exchange=NSE/symbol=ITBEES/part-073537_468987-031408.parquet,real_data_sample\l2_unseen_validation\trade_date=2026-07-17\exchange=NSE\symbol=ITBEES\part-073537_468987-031408.parquet,34543,downloaded,34543,
2026-07-17,NSE,ITBEES,raw_l2/trade_date=2026-07-17/exchange=NSE/symbol=ITBEES/part-073551_577569-031440.parquet,real_data_sample\l2_unseen_validation\trade_date=2026-07-17\exchange=NSE\symbol=ITBEES\part-073551_577569-031440.parquet,34499,downloaded,34499,
2026-07-17,NSE,ITBEES,raw_l2/trade_date=2026-07-17/exchange=NSE/symbol=ITBEES/part-073605_726815-031472.parquet,real_data_sample\l2_unseen_validation\trade_date=2026-07-17\exchange=NSE\symbol=ITBEES\part-073605_726815-031472.parquet,34567,downloaded,34567,
2026-07-17,NSE,ITBEES,raw_l2/trade_date=2026-07-17/exchange=NSE/symbol=ITBEES/part-073648_649097-031568.parquet,real_data_sample\l2_unseen_validation\trade_date=2026-07-17\exchange=NSE\symbol=ITBEES\part-073648_649097-031568.parquet,34762,downloaded,34762,
2026-07-17,NSE,ITBEES,raw_l2/trade_date=2026-07-17/exchange=NSE/symbol=ITBEES/part-073702_847118-031600.parquet,real_data_sample\l2_unseen_validation\trade_date=2026-07-17\exchange=NSE\symbol=ITBEES\part-073702_847118-031600.parquet,34584,downloaded,34584,
2026-07-17,NSE,ITBEES,raw_l2/trade_date=2026-07-17/exchange=NSE/symbol=ITBEES/part-072630_945995-030192.parquet,real_data_sample\l2_unseen_validation\trade_date=2026-07-17\exchange=NSE\symbol=ITBEES\part-072630_945995-030192.parquet,34603,downloaded,34603,
2026-07-17,NSE,ITBEES,raw_l2/trade_date=2026-07-17/exchange=NSE/symbol=ITBEES/part-073716_808620-031632.parquet,real_data_sample\l2_unseen_validation\trade_date=2026-07-17\exchange=NSE\symbol=ITBEES\part-073716_808620-031632.parquet,34510,downloaded,34510,
2026-07-17,NSE,ITBEES,raw_l2/trade_date=2026-07-17/exchange=NSE/symbol=ITBEES/part-073634_393498-031536.parquet,real_data_sample\l2_unseen_validation\trade_date=2026-07-17\exchange=NSE\symbol=ITBEES\part-073634_393498-031536.parquet,34542,downloaded,34542,
2026-07-17,NSE,ITBEES,raw_l2/trade_date=2026-07-17/exchange=NSE/symbol=ITBEES/part-070152_807768-026896.parquet,real_data_sample\l2_unseen_validation\trade_date=2026-07-17\exchange=NSE\symbol=ITBEES\part-070152_807768-026896.parquet,34759,downloaded,34759,
2026-07-17,NSE,ITBEES,raw_l2/trade_date=2026-07-17/exchange=NSE/symbol=ITBEES/part-072534_101929-030064.parquet,real_data_sample\l2_unseen_validation\trade_date=2026-07-17\exchange=NSE\symbol=ITBEES\part-072534_101929-030064.parquet,34581,downloaded,34581,
2026-07-17,NSE,ITBEES,raw_l2/trade_date=2026-07-17/exchange=NSE/symbol=ITBEES/part-073730_815499-031664.parquet,real_data_sample\l2_unseen_validation\trade_date=2026-07-17\exchange=NSE\symbol=ITBEES\part-073730_815499-031664.parquet,34412,downloaded,34412,
2026-07-17,NSE,ITBEES,raw_l2/trade_date=2026-07-17/exchange=NSE/symbol=ITBEES/part-073620_001037-031504.parquet,real_data_sample\l2_unseen_validation\trade_date=2026-07-17\exchange=NSE\symbol=ITBEES\part-073620_001037-031504.parquet,34472,downloaded,34472,
2026-07-17,NSE,ITBEES,raw_l2/trade_date=2026-07-17/exchange=NSE/symbol=ITBEES/part-072940_496087-030608.parquet,real_data_sample\l2_unseen_validation\trade_date=2026-07-17\exchange=NSE\symbol=ITBEES\part-072940_496087-030608.parquet,34773,downloaded,34773,
2026-07-17,NSE,ITBEES,raw_l2/trade_date=2026-07-17/exchange=NSE/symbol=ITBEES/part-073121_111822-030832.parquet,real_data_sample\l2_unseen_validation\trade_date=2026-07-17\exchange=NSE\symbol=ITBEES\part-073121_111822-030832.parquet,34434,downloaded,34434,
2026-07-17,NSE,ITBEES,raw_l2/trade_date=2026-07-17/exchange=NSE/symbol=ITBEES/part-073009_276388-030672.parquet,real_data_sample\l2_unseen_validation\trade_date=2026-07-17\exchange=NSE\symbol=ITBEES\part-073009_276388-030672.parquet,34525,downloaded,34525,
2026-07-17,NSE,ITBEES,raw_l2/trade_date=2026-07-17/exchange=NSE/symbol=ITBEES/part-072659_447941-030256.parquet,real_data_sample\l2_unseen_validation\trade_date=2026-07-17\exchange=NSE\symbol=ITBEES\part-072659_447941-030256.parquet,34585,downloaded,34585,
2026-07-17,NSE,ITBEES,raw_l2/trade_date=2026-07-17/exchange=NSE/symbol=ITBEES/part-072742_778163-030352.parquet,real_data_sample\l2_unseen_validation\trade_date=2026-07-17\exchange=NSE\symbol=ITBEES\part-072742_778163-030352.parquet,34676,downloaded,34676,
2026-07-17,NSE,ITBEES,raw_l2/trade_date=2026-07-17/exchange=NSE/symbol=ITBEES/part-073149_643465-030896.parquet,real_data_sample\l2_unseen_validation\trade_date=2026-07-17\exchange=NSE\symbol=ITBEES\part-073149_643465-030896.parquet,34489,downloaded,34489,
2026-07-17,NSE,ITBEES,raw_l2/trade_date=2026-07-17/exchange=NSE/symbol=ITBEES/part-073106_778414-030800.parquet,real_data_sample\l2_unseen_validation\trade_date=2026-07-17\exchange=NSE\symbol=ITBEES\part-073106_778414-030800.parquet,34386,downloaded,34386,
2026-07-17,NSE,ITBEES,raw_l2/trade_date=2026-07-17/exchange=NSE/symbol=ITBEES/part-073744_760741-031696.parquet,real_data_sample\l2_unseen_validation\trade_date=2026-07-17\exchange=NSE\symbol=ITBEES\part-073744_760741-031696.parquet,34634,downloaded,34634,
2026-07-17,NSE,ITBEES,raw_l2/trade_date=2026-07-17/exchange=NSE/symbol=ITBEES/part-072811_787140-030416.parquet,real_data_sample\l2_unseen_validation\trade_date=2026-07-17\exchange=NSE\symbol=ITBEES\part-072811_787140-030416.parquet,34691,downloaded,34691,
2026-07-17,NSE,ITBEES,raw_l2/trade_date=2026-07-17/exchange=NSE/symbol=ITBEES/part-073203_845780-030928.parquet,real_data_sample\l2_unseen_validation\trade_date=2026-07-17\exchange=NSE\symbol=ITBEES\part-073203_845780-030928.parquet,34471,downloaded,34471,
2026-07-17,NSE,ITBEES,raw_l2/trade_date=2026-07-17/exchange=NSE/symbol=ITBEES/part-072602_376559-030128.parquet,real_data_sample\l2_unseen_validation\trade_date=2026-07-17\exchange=NSE\symbol=ITBEES\part-072602_376559-030128.parquet,34379,downloaded,34379,
2026-07-17,NSE,ITBEES,raw_l2/trade_date=2026-07-17/exchange=NSE/symbol=ITBEES/part-072548_400318-030096.parquet,real_data_sample\l2_unseen_validation\trade_date=2026-07-17\exchange=NSE\symbol=ITBEES\part-072548_400318-030096.parquet,34688,downloaded,34688,
2026-07-17,NSE,ITBEES,raw_l2/trade_date=2026-07-17/exchange=NSE/symbol=ITBEES/part-072757_281989-030384.parquet,real_data_sample\l2_unseen_validation\trade_date=2026-07-17\exchange=NSE\symbol=ITBEES\part-072757_281989-030384.parquet,34608,downloaded,34608,
2026-07-17,NSE,ITBEES,raw_l2/trade_date=2026-07-17/exchange=NSE/symbol=ITBEES/part-073037_862168-030736.parquet,real_data_sample\l2_unseen_validation\trade_date=2026-07-17\exchange=NSE\symbol=ITBEES\part-073037_862168-030736.parquet,34538,downloaded,34538,
2026-07-17,NSE,ITBEES,raw_l2/trade_date=2026-07-17/exchange=NSE/symbol=ITBEES/part-073218_043417-030960.parquet,real_data_sample\l2_unseen_validation\trade_date=2026-07-17\exchange=NSE\symbol=ITBEES\part-073218_043417-030960.parquet,34397,downloaded,34397,
2026-07-17,NSE,ITBEES,raw_l2/trade_date=2026-07-17/exchange=NSE/symbol=ITBEES/part-072728_370547-030320.parquet,real_data_sample\l2_unseen_validation\trade_date=2026-07-17\exchange=NSE\symbol=ITBEES\part-072728_370547-030320.parquet,34499,downloaded,34499,
2026-07-17,NSE,ITBEES,raw_l2/trade_date=2026-07-17/exchange=NSE/symbol=ITBEES/part-072925_939052-030576.parquet,real_data_sample\l2_unseen_validation\trade_date=2026-07-17\exchange=NSE\symbol=ITBEES\part-072925_939052-030576.parquet,34779,downloaded,34779,
2026-07-17,NSE,ITBEES,raw_l2/trade_date=2026-07-17/exchange=NSE/symbol=ITBEES/part-073758_857015-031728.parquet,real_data_sample\l2_unseen_validation\trade_date=2026-07-17\exchange=NSE\symbol=ITBEES\part-073758_857015-031728.parquet,34348,downloaded,34348,
2026-07-17,NSE,ITBEES,raw_l2/trade_date=2026-07-17/exchange=NSE/symbol=ITBEES/part-072911_160179-030544.parquet,real_data_sample\l2_unseen_validation\trade_date=2026-07-17\exchange=NSE\symbol=ITBEES\part-072911_160179-030544.parquet,34562,downloaded,34562,
2026-07-17,NSE,ITBEES,raw_l2/trade_date=2026-07-17/exchange=NSE/symbol=ITBEES/part-072616_515376-030160.parquet,real_data_sample\l2_unseen_validation\trade_date=2026-07-17\exchange=NSE\symbol=ITBEES\part-072616_515376-030160.parquet,34494,downloaded,34494,
2026-07-17,NSE,ITBEES,raw_l2/trade_date=2026-07-17/exchange=NSE/symbol=ITBEES/part-072826_119476-030448.parquet,real_data_sample\l2_unseen_validation\trade_date=2026-07-17\exchange=NSE\symbol=ITBEES\part-072826_119476-030448.parquet,34583,downloaded,34583,
2026-07-17,NSE,ITBEES,raw_l2/trade_date=2026-07-17/exchange=NSE/symbol=ITBEES/part-072841_834911-030480.parquet,real_data_sample\l2_unseen_validation\trade_date=2026-07-17\exchange=NSE\symbol=ITBEES\part-072841_834911-030480.parquet,34704,downloaded,34704,
2026-07-17,NSE,ITBEES,raw_l2/trade_date=2026-07-17/exchange=NSE/symbol=ITBEES/part-072954_954756-030640.parquet,real_data_sample\l2_unseen_validation\trade_date=2026-07-17\exchange=NSE\symbol=ITBEES\part-072954_954756-030640.parquet,34475,downloaded,34475,
2026-07-17,NSE,ITBEES,raw_l2/trade_date=2026-07-17/exchange=NSE/symbol=ITBEES/part-072713_937374-030288.parquet,real_data_sample\l2_unseen_validation\trade_date=2026-07-17\exchange=NSE\symbol=ITBEES\part-072713_937374-030288.parquet,34402,downloaded,34402,
2026-07-17,NSE,ITBEES,raw_l2/trade_date=2026-07-17/exchange=NSE/symbol=ITBEES/part-073909_870709-031888.parquet,real_data_sample\l2_unseen_validation\trade_date=2026-07-17\exchange=NSE\symbol=ITBEES\part-073909_870709-031888.parquet,34679,downloaded,34679,
2026-07-17,NSE,ITBEES,raw_l2/trade_date=2026-07-17/exchange=NSE/symbol=ITBEES/part-073813_016966-031760.parquet,real_data_sample\l2_unseen_validation\trade_date=2026-07-17\exchange=NSE\symbol=ITBEES\part-073813_016966-031760.parquet,34556,downloaded,34556,
2026-07-17,NSE,ITBEES,raw_l2/trade_date=2026-07-17/exchange=NSE/symbol=ITBEES/part-073023_589102-030704.parquet,real_data_sample\l2_unseen_validation\trade_date=2026-07-17\exchange=NSE\symbol=ITBEES\part-073023_589102-030704.parquet,34496,downloaded,34496,
2026-07-17,NSE,ITBEES,raw_l2/trade_date=2026-07-17/exchange=NSE/symbol=ITBEES/part-073827_193877-031792.parquet,real_data_sample\l2_unseen_validation\trade_date=2026-07-17\exchange=NSE\symbol=ITBEES\part-073827_193877-031792.parquet,34543,downloaded,34543,
2026-07-17,NSE,ITBEES,raw_l2/trade_date=2026-07-17/exchange=NSE/symbol=ITBEES/part-073052_270677-030768.parquet,real_data_sample\l2_unseen_validation\trade_date=2026-07-17\exchange=NSE\symbol=ITBEES\part-073052_270677-030768.parquet,34648,downloaded,34648,
2026-07-17,NSE,ITBEES,raw_l2/trade_date=2026-07-17/exchange=NSE/symbol=ITBEES/part-073937_816349-031952.parquet,real_data_sample\l2_unseen_validation\trade_date=2026-07-17\exchange=NSE\symbol=ITBEES\part-073937_816349-031952.parquet,34572,downloaded,34572,
2026-07-17,NSE,ITBEES,raw_l2/trade_date=2026-07-17/exchange=NSE/symbol=ITBEES/part-074006_081234-032016.parquet,real_data_sample\l2_unseen_validation\trade_date=2026-07-17\exchange=NSE\symbol=ITBEES\part-074006_081234-032016.parquet,34587,downloaded,34587,
2026-07-17,NSE,ITBEES,raw_l2/trade_date=2026-07-17/exchange=NSE/symbol=ITBEES/part-073951_850615-031984.parquet,real_data_sample\l2_unseen_validation\trade_date=2026-07-17\exchange=NSE\symbol=ITBEES\part-073951_850615-031984.parquet,34387,downloaded,34387,
2026-07-17,NSE,ITBEES,raw_l2/trade_date=2026-07-17/exchange=NSE/symbol=ITBEES/part-074020_333702-032048.parquet,real_data_sample\l2_unseen_validation\trade_date=2026-07-17\exchange=NSE\symbol=ITBEES\part-074020_333702-032048.parquet,34515,downloaded,34515,
2026-07-17,NSE,ITBEES,raw_l2/trade_date=2026-07-17/exchange=NSE/symbol=ITBEES/part-074034_331858-032080.parquet,real_data_sample\l2_unseen_validation\trade_date=2026-07-17\exchange=NSE\symbol=ITBEES\part-074034_331858-032080.parquet,34501,downloaded,34501,
2026-07-17,NSE,ITBEES,raw_l2/trade_date=2026-07-17/exchange=NSE/symbol=ITBEES/part-074048_537051-032112.parquet,real_data_sample\l2_unseen_validation\trade_date=2026-07-17\exchange=NSE\symbol=ITBEES\part-074048_537051-032112.parquet,34624,downloaded,34624,
2026-07-17,NSE,ITBEES,raw_l2/trade_date=2026-07-17/exchange=NSE/symbol=ITBEES/part-074130_811876-032208.parquet,real_data_sample\l2_unseen_validation\trade_date=2026-07-17\exchange=NSE\symbol=ITBEES\part-074130_811876-032208.parquet,34667,downloaded,34667,
2026-07-17,NSE,ITBEES,raw_l2/trade_date=2026-07-17/exchange=NSE/symbol=ITBEES/part-074102_638379-032144.parquet,real_data_sample\l2_unseen_validation\trade_date=2026-07-17\exchange=NSE\symbol=ITBEES\part-074102_638379-032144.parquet,34483,downloaded,34483,
2026-07-17,NSE,ITBEES,raw_l2/trade_date=2026-07-17/exchange=NSE/symbol=ITBEES/part-074116_756950-032176.parquet,real_data_sample\l2_unseen_validation\trade_date=2026-07-17\exchange=NSE\symbol=ITBEES\part-074116_756950-032176.parquet,34566,downloaded,34566,
2026-07-17,NSE,ITBEES,raw_l2/trade_date=2026-07-17/exchange=NSE/symbol=ITBEES/part-074309_002508-032432.parquet,real_data_sample\l2_unseen_validation\trade_date=2026-07-17\exchange=NSE\symbol=ITBEES\part-074309_002508-032432.parquet,34632,downloaded,34632,
2026-07-17,NSE,ITBEES,raw_l2/trade_date=2026-07-17/exchange=NSE/symbol=ITBEES/part-074226_976547-032336.parquet,real_data_sample\l2_unseen_validation\trade_date=2026-07-17\exchange=NSE\symbol=ITBEES\part-074226_976547-032336.parquet,34877,downloaded,34877,
2026-07-17,NSE,ITBEES,raw_l2/trade_date=2026-07-17/exchange=NSE/symbol=ITBEES/part-074337_136678-032496.parquet,real_data_sample\l2_unseen_validation\trade_date=2026-07-17\exchange=NSE\symbol=ITBEES\part-074337_136678-032496.parquet,34512,downloaded,34512,
2026-07-17,NSE,ITBEES,raw_l2/trade_date=2026-07-17/exchange=NSE/symbol=ITBEES/part-074255_044300-032400.parquet,real_data_sample\l2_unseen_validation\trade_date=2026-07-17\exchange=NSE\symbol=ITBEES\part-074255_044300-032400.parquet,34654,downloaded,34654,
2026-07-17,NSE,ITBEES,raw_l2/trade_date=2026-07-17/exchange=NSE/symbol=ITBEES/part-074323_018980-032464.parquet,real_data_sample\l2_unseen_validation\trade_date=2026-07-17\exchange=NSE\symbol=ITBEES\part-074323_018980-032464.parquet,34610,downloaded,34610,
2026-07-17,NSE,ITBEES,raw_l2/trade_date=2026-07-17/exchange=NSE/symbol=ITBEES/part-074351_521026-032528.parquet,real_data_sample\l2_unseen_validation\trade_date=2026-07-17\exchange=NSE\symbol=ITBEES\part-074351_521026-032528.parquet,34794,downloaded,34794,
2026-07-17,NSE,ITBEES,raw_l2/trade_date=2026-07-17/exchange=NSE/symbol=ITBEES/part-073855_320388-031856.parquet,real_data_sample\l2_unseen_validation\trade_date=2026-07-17\exchange=NSE\symbol=ITBEES\part-073855_320388-031856.parquet,34687,downloaded,34687,
2026-07-17,NSE,ITBEES,raw_l2/trade_date=2026-07-17/exchange=NSE/symbol=ITBEES/part-074406_064913-032560.parquet,real_data_sample\l2_unseen_validation\trade_date=2026-07-17\exchange=NSE\symbol=ITBEES\part-074406_064913-032560.parquet,34638,downloaded,34638,
2026-07-17,NSE,ITBEES,raw_l2/trade_date=2026-07-17/exchange=NSE/symbol=ITBEES/part-074420_046300-032592.parquet,real_data_sample\l2_unseen_validation\trade_date=2026-07-17\exchange=NSE\symbol=ITBEES\part-074420_046300-032592.parquet,34557,downloaded,34557,
2026-07-17,NSE,ITBEES,raw_l2/trade_date=2026-07-17/exchange=NSE/symbol=ITBEES/part-074434_037688-032624.parquet,real_data_sample\l2_unseen_validation\trade_date=2026-07-17\exchange=NSE\symbol=ITBEES\part-074434_037688-032624.parquet,34523,downloaded,34523,
2026-07-17,NSE,ITBEES,raw_l2/trade_date=2026-07-17/exchange=NSE/symbol=ITBEES/part-074448_013214-032656.parquet,real_data_sample\l2_unseen_validation\trade_date=2026-07-17\exchange=NSE\symbol=ITBEES\part-074448_013214-032656.parquet,34679,downloaded,34679,
2026-07-17,NSE,ITBEES,raw_l2/trade_date=2026-07-17/exchange=NSE/symbol=ITBEES/part-074502_122879-032688.parquet,real_data_sample\l2_unseen_validation\trade_date=2026-07-17\exchange=NSE\symbol=ITBEES\part-074502_122879-032688.parquet,34690,downloaded,34690,
2026-07-17,NSE,ITBEES,raw_l2/trade_date=2026-07-17/exchange=NSE/symbol=ITBEES/part-073923_759431-031920.parquet,real_data_sample\l2_unseen_validation\trade_date=2026-07-17\exchange=NSE\symbol=ITBEES\part-073923_759431-031920.parquet,34609,downloaded,34609,
2026-07-17,NSE,ITBEES,raw_l2/trade_date=2026-07-17/exchange=NSE/symbol=ITBEES/part-074516_356749-032720.parquet,real_data_sample\l2_unseen_validation\trade_date=2026-07-17\exchange=NSE\symbol=ITBEES\part-074516_356749-032720.parquet,34586,downloaded,34586,
2026-07-17,NSE,ITBEES,raw_l2/trade_date=2026-07-17/exchange=NSE/symbol=ITBEES/part-074641_738929-032912.parquet,real_data_sample\l2_unseen_validation\trade_date=2026-07-17\exchange=NSE\symbol=ITBEES\part-074641_738929-032912.parquet,34516,downloaded,34516,
2026-07-17,NSE,ITBEES,raw_l2/trade_date=2026-07-17/exchange=NSE/symbol=ITBEES/part-074544_556668-032784.parquet,real_data_sample\l2_unseen_validation\trade_date=2026-07-17\exchange=NSE\symbol=ITBEES\part-074544_556668-032784.parquet,34545,downloaded,34545,
2026-07-17,NSE,ITBEES,raw_l2/trade_date=2026-07-17/exchange=NSE/symbol=ITBEES/part-074530_544676-032752.parquet,real_data_sample\l2_unseen_validation\trade_date=2026-07-17\exchange=NSE\symbol=ITBEES\part-074530_544676-032752.parquet,34461,downloaded,34461,
2026-07-17,NSE,ITBEES,raw_l2/trade_date=2026-07-17/exchange=NSE/symbol=ITBEES/part-074724_215733-033008.parquet,real_data_sample\l2_unseen_validation\trade_date=2026-07-17\exchange=NSE\symbol=ITBEES\part-074724_215733-033008.parquet,34632,downloaded,34632,
2026-07-17,NSE,ITBEES,raw_l2/trade_date=2026-07-17/exchange=NSE/symbol=ITBEES/part-074709_881025-032976.parquet,real_data_sample\l2_unseen_validation\trade_date=2026-07-17\exchange=NSE\symbol=ITBEES\part-074709_881025-032976.parquet,34468,downloaded,34468,
2026-07-17,NSE,ITBEES,raw_l2/trade_date=2026-07-17/exchange=NSE/symbol=ITBEES/part-074627_336507-032880.parquet,real_data_sample\l2_unseen_validation\trade_date=2026-07-17\exchange=NSE\symbol=ITBEES\part-074627_336507-032880.parquet,34597,downloaded,34597,
2026-07-17,NSE,ITBEES,raw_l2/trade_date=2026-07-17/exchange=NSE/symbol=ITBEES/part-074558_677993-032816.parquet,real_data_sample\l2_unseen_validation\trade_date=2026-07-17\exchange=NSE\symbol=ITBEES\part-074558_677993-032816.parquet,34565,downloaded,34565,
2026-07-17,NSE,ITBEES,raw_l2/trade_date=2026-07-17/exchange=NSE/symbol=ITBEES/part-074655_870273-032944.parquet,real_data_sample\l2_unseen_validation\trade_date=2026-07-17\exchange=NSE\symbol=ITBEES\part-074655_870273-032944.parquet,34463,downloaded,34463,
2026-07-17,NSE,ITBEES,raw_l2/trade_date=2026-07-17/exchange=NSE/symbol=ITBEES/part-074613_207960-032848.parquet,real_data_sample\l2_unseen_validation\trade_date=2026-07-17\exchange=NSE\symbol=ITBEES\part-074613_207960-032848.parquet,34439,downloaded,34439,
2026-07-17,NSE,ITBEES,raw_l2/trade_date=2026-07-17/exchange=NSE/symbol=ITBEES/part-074738_266725-033040.parquet,real_data_sample\l2_unseen_validation\trade_date=2026-07-17\exchange=NSE\symbol=ITBEES\part-074738_266725-033040.parquet,34666,downloaded,34666,
2026-07-17,NSE,ITBEES,raw_l2/trade_date=2026-07-17/exchange=NSE/symbol=ITBEES/part-074752_314044-033072.parquet,real_data_sample\l2_unseen_validation\trade_date=2026-07-17\exchange=NSE\symbol=ITBEES\part-074752_314044-033072.parquet,34830,downloaded,34830,
2026-07-17,NSE,ITBEES,raw_l2/trade_date=2026-07-17/exchange=NSE/symbol=ITBEES/part-074159_042712-032272.parquet,real_data_sample\l2_unseen_validation\trade_date=2026-07-17\exchange=NSE\symbol=ITBEES\part-074159_042712-032272.parquet,34580,downloaded,34580,
2026-07-17,NSE,ITBEES,raw_l2/trade_date=2026-07-17/exchange=NSE/symbol=ITBEES/part-074240_995338-032368.parquet,real_data_sample\l2_unseen_validation\trade_date=2026-07-17\exchange=NSE\symbol=ITBEES\part-074240_995338-032368.parquet,34820,downloaded,34820,
2026-07-17,NSE,ITBEES,raw_l2/trade_date=2026-07-17/exchange=NSE/symbol=ITBEES/part-074145_011341-032240.parquet,real_data_sample\l2_unseen_validation\trade_date=2026-07-17\exchange=NSE\symbol=ITBEES\part-074145_011341-032240.parquet,34607,downloaded,34607,
2026-07-17,NSE,ITBEES,raw_l2/trade_date=2026-07-17/exchange=NSE/symbol=ITBEES/part-074213_051797-032304.parquet,real_data_sample\l2_unseen_validation\trade_date=2026-07-17\exchange=NSE\symbol=ITBEES\part-074213_051797-032304.parquet,34565,downloaded,34565,
2026-07-17,NSE,ITBEES,raw_l2/trade_date=2026-07-17/exchange=NSE/symbol=ITBEES/part-074834_473879-033168.parquet,real_data_sample\l2_unseen_validation\trade_date=2026-07-17\exchange=NSE\symbol=ITBEES\part-074834_473879-033168.parquet,34728,downloaded,34728,
2026-07-17,NSE,ITBEES,raw_l2/trade_date=2026-07-17/exchange=NSE/symbol=ITBEES/part-074848_604664-033200.parquet,real_data_sample\l2_unseen_validation\trade_date=2026-07-17\exchange=NSE\symbol=ITBEES\part-074848_604664-033200.parquet,34832,downloaded,34832,
2026-07-17,NSE,ITBEES,raw_l2/trade_date=2026-07-17/exchange=NSE/symbol=ITBEES/part-074820_297867-033136.parquet,real_data_sample\l2_unseen_validation\trade_date=2026-07-17\exchange=NSE\symbol=ITBEES\part-074820_297867-033136.parquet,34562,downloaded,34562,
2026-07-17,NSE,ITBEES,raw_l2/trade_date=2026-07-17/exchange=NSE/symbol=ITBEES/part-074806_317873-033104.parquet,real_data_sample\l2_unseen_validation\trade_date=2026-07-17\exchange=NSE\symbol=ITBEES\part-074806_317873-033104.parquet,34553,downloaded,34553,
2026-07-17,NSE,ITBEES,raw_l2/trade_date=2026-07-17/exchange=NSE/symbol=ITBEES/part-074930_990550-033296.parquet,real_data_sample\l2_unseen_validation\trade_date=2026-07-17\exchange=NSE\symbol=ITBEES\part-074930_990550-033296.parquet,34632,downloaded,34632,
2026-07-17,NSE,ITBEES,raw_l2/trade_date=2026-07-17/exchange=NSE/symbol=ITBEES/part-074902_830760-033232.parquet,real_data_sample\l2_unseen_validation\trade_date=2026-07-17\exchange=NSE\symbol=ITBEES\part-074902_830760-033232.parquet,34594,downloaded,34594,
2026-07-17,NSE,ITBEES,raw_l2/trade_date=2026-07-17/exchange=NSE/symbol=ITBEES/part-074917_039817-033264.parquet,real_data_sample\l2_unseen_validation\trade_date=2026-07-17\exchange=NSE\symbol=ITBEES\part-074917_039817-033264.parquet,34571,downloaded,34571,
2026-07-17,NSE,ITBEES,raw_l2/trade_date=2026-07-17/exchange=NSE/symbol=ITBEES/part-074945_044669-033328.parquet,real_data_sample\l2_unseen_validation\trade_date=2026-07-17\exchange=NSE\symbol=ITBEES\part-074945_044669-033328.parquet,34535,downloaded,34535,
2026-07-17,NSE,ITBEES,raw_l2/trade_date=2026-07-17/exchange=NSE/symbol=ITBEES/part-075013_042170-033392.parquet,real_data_sample\l2_unseen_validation\trade_date=2026-07-17\exchange=NSE\symbol=ITBEES\part-075013_042170-033392.parquet,34506,downloaded,34506,
2026-07-17,NSE,ITBEES,raw_l2/trade_date=2026-07-17/exchange=NSE/symbol=ITBEES/part-075027_724798-033424.parquet,real_data_sample\l2_unseen_validation\trade_date=2026-07-17\exchange=NSE\symbol=ITBEES\part-075027_724798-033424.parquet,34331,downloaded,34331,
2026-07-17,NSE,ITBEES,raw_l2/trade_date=2026-07-17/exchange=NSE/symbol=ITBEES/part-075138_351289-033584.parquet,real_data_sample\l2_unseen_validation\trade_date=2026-07-17\exchange=NSE\symbol=ITBEES\part-075138_351289-033584.parquet,34574,downloaded,34574,
2026-07-17,NSE,ITBEES,raw_l2/trade_date=2026-07-17/exchange=NSE/symbol=ITBEES/part-075042_268115-033456.parquet,real_data_sample\l2_unseen_validation\trade_date=2026-07-17\exchange=NSE\symbol=ITBEES\part-075042_268115-033456.parquet,34835,downloaded,34835,
2026-07-17,NSE,ITBEES,raw_l2/trade_date=2026-07-17/exchange=NSE/symbol=ITBEES/part-075110_202801-033520.parquet,real_data_sample\l2_unseen_validation\trade_date=2026-07-17\exchange=NSE\symbol=ITBEES\part-075110_202801-033520.parquet,34682,downloaded,34682,
2026-07-17,NSE,ITBEES,raw_l2/trade_date=2026-07-17/exchange=NSE/symbol=ITBEES/part-075056_276114-033488.parquet,real_data_sample\l2_unseen_validation\trade_date=2026-07-17\exchange=NSE\symbol=ITBEES\part-075056_276114-033488.parquet,34588,downloaded,34588,
2026-07-17,NSE,ITBEES,raw_l2/trade_date=2026-07-17/exchange=NSE/symbol=ITBEES/part-075152_850991-033616.parquet,real_data_sample\l2_unseen_validation\trade_date=2026-07-17\exchange=NSE\symbol=ITBEES\part-075152_850991-033616.parquet,34542,downloaded,34542,
2026-07-17,NSE,ITBEES,raw_l2/trade_date=2026-07-17/exchange=NSE/symbol=ITBEES/part-075221_278114-033680.parquet,real_data_sample\l2_unseen_validation\trade_date=2026-07-17\exchange=NSE\symbol=ITBEES\part-075221_278114-033680.parquet,34760,downloaded,34760,
2026-07-17,NSE,ITBEES,raw_l2/trade_date=2026-07-17/exchange=NSE/symbol=ITBEES/part-075207_084037-033648.parquet,real_data_sample\l2_unseen_validation\trade_date=2026-07-17\exchange=NSE\symbol=ITBEES\part-075207_084037-033648.parquet,34632,downloaded,34632,
2026-07-17,NSE,ITBEES,raw_l2/trade_date=2026-07-17/exchange=NSE/symbol=ITBEES/part-075235_446398-033712.parquet,real_data_sample\l2_unseen_validation\trade_date=2026-07-17\exchange=NSE\symbol=ITBEES\part-075235_446398-033712.parquet,34626,downloaded,34626,
2026-07-17,NSE,ITBEES,raw_l2/trade_date=2026-07-17/exchange=NSE/symbol=ITBEES/part-075318_344191-033808.parquet,real_data_sample\l2_unseen_validation\trade_date=2026-07-17\exchange=NSE\symbol=ITBEES\part-075318_344191-033808.parquet,34491,downloaded,34491,
2026-07-17,NSE,ITBEES,raw_l2/trade_date=2026-07-17/exchange=NSE/symbol=ITBEES/part-075249_673377-033744.parquet,real_data_sample\l2_unseen_validation\trade_date=2026-07-17\exchange=NSE\symbol=ITBEES\part-075249_673377-033744.parquet,34470,downloaded,34470,
2026-07-17,NSE,ITBEES,raw_l2/trade_date=2026-07-17/exchange=NSE/symbol=ITBEES/part-075304_173485-033776.parquet,real_data_sample\l2_unseen_validation\trade_date=2026-07-17\exchange=NSE\symbol=ITBEES\part-075304_173485-033776.parquet,34866,downloaded,34866,
2026-07-17,NSE,ITBEES,raw_l2/trade_date=2026-07-17/exchange=NSE/symbol=ITBEES/part-075332_397018-033840.parquet,real_data_sample\l2_unseen_validation\trade_date=2026-07-17\exchange=NSE\symbol=ITBEES\part-075332_397018-033840.parquet,34526,downloaded,34526,
2026-07-17,NSE,ITBEES,raw_l2/trade_date=2026-07-17/exchange=NSE/symbol=ITBEES/part-075400_415419-033904.parquet,real_data_sample\l2_unseen_validation\trade_date=2026-07-17\exchange=NSE\symbol=ITBEES\part-075400_415419-033904.parquet,34667,downloaded,34667,
2026-07-17,NSE,ITBEES,raw_l2/trade_date=2026-07-17/exchange=NSE/symbol=ITBEES/part-075414_639056-033936.parquet,real_data_sample\l2_unseen_validation\trade_date=2026-07-17\exchange=NSE\symbol=ITBEES\part-075414_639056-033936.parquet,34458,downloaded,34458,
2026-07-17,NSE,ITBEES,raw_l2/trade_date=2026-07-17/exchange=NSE/symbol=ITBEES/part-075346_307854-033872.parquet,real_data_sample\l2_unseen_validation\trade_date=2026-07-17\exchange=NSE\symbol=ITBEES\part-075346_307854-033872.parquet,34649,downloaded,34649,
2026-07-17,NSE,ITBEES,raw_l2/trade_date=2026-07-17/exchange=NSE/symbol=ITBEES/part-075539_069156-034128.parquet,real_data_sample\l2_unseen_validation\trade_date=2026-07-17\exchange=NSE\symbol=ITBEES\part-075539_069156-034128.parquet,34604,downloaded,34604,
2026-07-17,NSE,ITBEES,raw_l2/trade_date=2026-07-17/exchange=NSE/symbol=ITBEES/part-075607_239856-034192.parquet,real_data_sample\l2_unseen_validation\trade_date=2026-07-17\exchange=NSE\symbol=ITBEES\part-075607_239856-034192.parquet,34585,downloaded,34585,
2026-07-17,NSE,ITBEES,raw_l2/trade_date=2026-07-17/exchange=NSE/symbol=ITBEES/part-075525_147475-034096.parquet,real_data_sample\l2_unseen_validation\trade_date=2026-07-17\exchange=NSE\symbol=ITBEES\part-075525_147475-034096.parquet,34742,downloaded,34742,
2026-07-17,NSE,ITBEES,raw_l2/trade_date=2026-07-17/exchange=NSE/symbol=ITBEES/part-075553_127853-034160.parquet,real_data_sample\l2_unseen_validation\trade_date=2026-07-17\exchange=NSE\symbol=ITBEES\part-075553_127853-034160.parquet,34316,downloaded,34316,
2026-07-17,NSE,ITBEES,raw_l2/trade_date=2026-07-17/exchange=NSE/symbol=ITBEES/part-074959_016157-033360.parquet,real_data_sample\l2_unseen_validation\trade_date=2026-07-17\exchange=NSE\symbol=ITBEES\part-074959_016157-033360.parquet,34544,downloaded,34544,
2026-07-17,NSE,ITBEES,raw_l2/trade_date=2026-07-17/exchange=NSE/symbol=ITBEES/part-075635_664364-034256.parquet,real_data_sample\l2_unseen_validation\trade_date=2026-07-17\exchange=NSE\symbol=ITBEES\part-075635_664364-034256.parquet,34565,downloaded,34565,
2026-07-17,NSE,ITBEES,raw_l2/trade_date=2026-07-17/exchange=NSE/symbol=ITBEES/part-075621_417232-034224.parquet,real_data_sample\l2_unseen_validation\trade_date=2026-07-17\exchange=NSE\symbol=ITBEES\part-075621_417232-034224.parquet,34472,downloaded,34472,
2026-07-17,NSE,ITBEES,raw_l2/trade_date=2026-07-17/exchange=NSE/symbol=ITBEES/part-075704_188429-034320.parquet,real_data_sample\l2_unseen_validation\trade_date=2026-07-17\exchange=NSE\symbol=ITBEES\part-075704_188429-034320.parquet,34514,downloaded,34514,
2026-07-17,NSE,ITBEES,raw_l2/trade_date=2026-07-17/exchange=NSE/symbol=ITBEES/part-075718_432446-034352.parquet,real_data_sample\l2_unseen_validation\trade_date=2026-07-17\exchange=NSE\symbol=ITBEES\part-075718_432446-034352.parquet,34541,downloaded,34541,
2026-07-17,NSE,ITBEES,raw_l2/trade_date=2026-07-17/exchange=NSE/symbol=ITBEES/part-075649_915833-034288.parquet,real_data_sample\l2_unseen_validation\trade_date=2026-07-17\exchange=NSE\symbol=ITBEES\part-075649_915833-034288.parquet,34524,downloaded,34524,
2026-07-17,NSE,ITBEES,raw_l2/trade_date=2026-07-17/exchange=NSE/symbol=ITBEES/part-075732_805517-034384.parquet,real_data_sample\l2_unseen_validation\trade_date=2026-07-17\exchange=NSE\symbol=ITBEES\part-075732_805517-034384.parquet,34445,downloaded,34445,
2026-07-17,NSE,ITBEES,raw_l2/trade_date=2026-07-17/exchange=NSE/symbol=ITBEES/part-075844_700628-034544.parquet,real_data_sample\l2_unseen_validation\trade_date=2026-07-17\exchange=NSE\symbol=ITBEES\part-075844_700628-034544.parquet,34498,downloaded,34498,
2026-07-17,NSE,ITBEES,raw_l2/trade_date=2026-07-17/exchange=NSE/symbol=ITBEES/part-075747_168818-034416.parquet,real_data_sample\l2_unseen_validation\trade_date=2026-07-17\exchange=NSE\symbol=ITBEES\part-075747_168818-034416.parquet,34607,downloaded,34607,
2026-07-17,NSE,ITBEES,raw_l2/trade_date=2026-07-17/exchange=NSE/symbol=ITBEES/part-075816_128533-034480.parquet,real_data_sample\l2_unseen_validation\trade_date=2026-07-17\exchange=NSE\symbol=ITBEES\part-075816_128533-034480.parquet,34625,downloaded,34625,
2026-07-17,NSE,ITBEES,raw_l2/trade_date=2026-07-17/exchange=NSE/symbol=ITBEES/part-075830_372971-034512.parquet,real_data_sample\l2_unseen_validation\trade_date=2026-07-17\exchange=NSE\symbol=ITBEES\part-075830_372971-034512.parquet,34639,downloaded,34639,
2026-07-17,NSE,ITBEES,raw_l2/trade_date=2026-07-17/exchange=NSE/symbol=ITBEES/part-075801_449147-034448.parquet,real_data_sample\l2_unseen_validation\trade_date=2026-07-17\exchange=NSE\symbol=ITBEES\part-075801_449147-034448.parquet,34711,downloaded,34711,
2026-07-17,NSE,ITBEES,raw_l2/trade_date=2026-07-17/exchange=NSE/symbol=ITBEES/part-075124_261406-033552.parquet,real_data_sample\l2_unseen_validation\trade_date=2026-07-17\exchange=NSE\symbol=ITBEES\part-075124_261406-033552.parquet,34510,downloaded,34510,
2026-07-17,NSE,ITBEES,raw_l2/trade_date=2026-07-17/exchange=NSE/symbol=ITBEES/part-075428_551252-033968.parquet,real_data_sample\l2_unseen_validation\trade_date=2026-07-17\exchange=NSE\symbol=ITBEES\part-075428_551252-033968.parquet,34628,downloaded,34628,
2026-07-17,NSE,ITBEES,raw_l2/trade_date=2026-07-17/exchange=NSE/symbol=ITBEES/part-075956_260945-034704.parquet,real_data_sample\l2_unseen_validation\trade_date=2026-07-17\exchange=NSE\symbol=ITBEES\part-075956_260945-034704.parquet,34474,downloaded,34474,
2026-07-17,NSE,ITBEES,raw_l2/trade_date=2026-07-17/exchange=NSE/symbol=ITBEES/part-075941_756541-034672.parquet,real_data_sample\l2_unseen_validation\trade_date=2026-07-17\exchange=NSE\symbol=ITBEES\part-075941_756541-034672.parquet,34572,downloaded,34572,
2026-07-17,NSE,ITBEES,raw_l2/trade_date=2026-07-17/exchange=NSE/symbol=ITBEES/part-080011_307190-034736.parquet,real_data_sample\l2_unseen_validation\trade_date=2026-07-17\exchange=NSE\symbol=ITBEES\part-080011_307190-034736.parquet,34685,downloaded,34685,
2026-07-17,NSE,ITBEES,raw_l2/trade_date=2026-07-17/exchange=NSE/symbol=ITBEES/part-075456_993379-034032.parquet,real_data_sample\l2_unseen_validation\trade_date=2026-07-17\exchange=NSE\symbol=ITBEES\part-075456_993379-034032.parquet,34513,downloaded,34513,
2026-07-17,NSE,ITBEES,raw_l2/trade_date=2026-07-17/exchange=NSE/symbol=ITBEES/part-075927_475898-034640.parquet,real_data_sample\l2_unseen_validation\trade_date=2026-07-17\exchange=NSE\symbol=ITBEES\part-075927_475898-034640.parquet,34609,downloaded,34609,
2026-07-17,NSE,ITBEES,raw_l2/trade_date=2026-07-17/exchange=NSE/symbol=ITBEES/part-080054_640547-034832.parquet,real_data_sample\l2_unseen_validation\trade_date=2026-07-17\exchange=NSE\symbol=ITBEES\part-080054_640547-034832.parquet,34701,downloaded,34701,
2026-07-17,NSE,ITBEES,raw_l2/trade_date=2026-07-17/exchange=NSE/symbol=ITBEES/part-080040_136781-034800.parquet,real_data_sample\l2_unseen_validation\trade_date=2026-07-17\exchange=NSE\symbol=ITBEES\part-080040_136781-034800.parquet,34669,downloaded,34669,
2026-07-17,NSE,ITBEES,raw_l2/trade_date=2026-07-17/exchange=NSE/symbol=ITBEES/part-075511_115595-034064.parquet,real_data_sample\l2_unseen_validation\trade_date=2026-07-17\exchange=NSE\symbol=ITBEES\part-075511_115595-034064.parquet,34639,downloaded,34639,
2026-07-17,NSE,ITBEES,raw_l2/trade_date=2026-07-17/exchange=NSE/symbol=ITBEES/part-080025_929099-034768.parquet,real_data_sample\l2_unseen_validation\trade_date=2026-07-17\exchange=NSE\symbol=ITBEES\part-080025_929099-034768.parquet,34580,downloaded,34580,
2026-07-17,NSE,ITBEES,raw_l2/trade_date=2026-07-17/exchange=NSE/symbol=ITBEES/part-075442_704939-034000.parquet,real_data_sample\l2_unseen_validation\trade_date=2026-07-17\exchange=NSE\symbol=ITBEES\part-075442_704939-034000.parquet,34702,downloaded,34702,
2026-07-17,NSE,ITBEES,raw_l2/trade_date=2026-07-17/exchange=NSE/symbol=ITBEES/part-075913_202261-034608.parquet,real_data_sample\l2_unseen_validation\trade_date=2026-07-17\exchange=NSE\symbol=ITBEES\part-075913_202261-034608.parquet,34617,downloaded,34617,
2026-07-17,NSE,ITBEES,raw_l2/trade_date=2026-07-17/exchange=NSE/symbol=ITBEES/part-075858_926887-034576.parquet,real_data_sample\l2_unseen_validation\trade_date=2026-07-17\exchange=NSE\symbol=ITBEES\part-075858_926887-034576.parquet,34657,downloaded,34657,
2026-07-17,NSE,ITBEES,raw_l2/trade_date=2026-07-17/exchange=NSE/symbol=ITBEES/part-080108_968124-034864.parquet,real_data_sample\l2_unseen_validation\trade_date=2026-07-17\exchange=NSE\symbol=ITBEES\part-080108_968124-034864.parquet,34508,downloaded,34508,
2026-07-17,NSE,ITBEES,raw_l2/trade_date=2026-07-17/exchange=NSE/symbol=ITBEES/part-080123_105597-034896.parquet,real_data_sample\l2_unseen_validation\trade_date=2026-07-17\exchange=NSE\symbol=ITBEES\part-080123_105597-034896.parquet,34612,downloaded,34612,
2026-07-17,NSE,ITBEES,raw_l2/trade_date=2026-07-17/exchange=NSE/symbol=ITBEES/part-080151_876719-034960.parquet,real_data_sample\l2_unseen_validation\trade_date=2026-07-17\exchange=NSE\symbol=ITBEES\part-080151_876719-034960.parquet,34525,downloaded,34525,
2026-07-17,NSE,ITBEES,raw_l2/trade_date=2026-07-17/exchange=NSE/symbol=ITBEES/part-080137_455576-034928.parquet,real_data_sample\l2_unseen_validation\trade_date=2026-07-17\exchange=NSE\symbol=ITBEES\part-080137_455576-034928.parquet,34498,downloaded,34498,
2026-07-17,NSE,ITBEES,raw_l2/trade_date=2026-07-17/exchange=NSE/symbol=ITBEES/part-080206_265837-034992.parquet,real_data_sample\l2_unseen_validation\trade_date=2026-07-17\exchange=NSE\symbol=ITBEES\part-080206_265837-034992.parquet,34632,downloaded,34632,
2026-07-17,NSE,ITBEES,raw_l2/trade_date=2026-07-17/exchange=NSE/symbol=ITBEES/part-080234_911293-035056.parquet,real_data_sample\l2_unseen_validation\trade_date=2026-07-17\exchange=NSE\symbol=ITBEES\part-080234_911293-035056.parquet,34624,downloaded,34624,
2026-07-17,NSE,ITBEES,raw_l2/trade_date=2026-07-17/exchange=NSE/symbol=ITBEES/part-080249_725248-035088.parquet,real_data_sample\l2_unseen_validation\trade_date=2026-07-17\exchange=NSE\symbol=ITBEES\part-080249_725248-035088.parquet,34688,downloaded,34688,
2026-07-17,NSE,ITBEES,raw_l2/trade_date=2026-07-17/exchange=NSE/symbol=ITBEES/part-080318_234421-035152.parquet,real_data_sample\l2_unseen_validation\trade_date=2026-07-17\exchange=NSE\symbol=ITBEES\part-080318_234421-035152.parquet,34408,downloaded,34408,
2026-07-17,NSE,ITBEES,raw_l2/trade_date=2026-07-17/exchange=NSE/symbol=ITBEES/part-080303_902849-035120.parquet,real_data_sample\l2_unseen_validation\trade_date=2026-07-17\exchange=NSE\symbol=ITBEES\part-080303_902849-035120.parquet,34587,downloaded,34587,
2026-07-17,NSE,ITBEES,raw_l2/trade_date=2026-07-17/exchange=NSE/symbol=ITBEES/part-080332_582427-035184.parquet,real_data_sample\l2_unseen_validation\trade_date=2026-07-17\exchange=NSE\symbol=ITBEES\part-080332_582427-035184.parquet,34646,downloaded,34646,
2026-07-17,NSE,ITBEES,raw_l2/trade_date=2026-07-17/exchange=NSE/symbol=ITBEES/part-080416_363052-035280.parquet,real_data_sample\l2_unseen_validation\trade_date=2026-07-17\exchange=NSE\symbol=ITBEES\part-080416_363052-035280.parquet,34753,downloaded,34753,
2026-07-17,NSE,ITBEES,raw_l2/trade_date=2026-07-17/exchange=NSE/symbol=ITBEES/part-080432_397527-035312.parquet,real_data_sample\l2_unseen_validation\trade_date=2026-07-17\exchange=NSE\symbol=ITBEES\part-080432_397527-035312.parquet,34639,downloaded,34639,
2026-07-17,NSE,ITBEES,raw_l2/trade_date=2026-07-17/exchange=NSE/symbol=ITBEES/part-080401_892557-035248.parquet,real_data_sample\l2_unseen_validation\trade_date=2026-07-17\exchange=NSE\symbol=ITBEES\part-080401_892557-035248.parquet,34606,downloaded,34606,
2026-07-17,NSE,ITBEES,raw_l2/trade_date=2026-07-17/exchange=NSE/symbol=ITBEES/part-080447_808622-035344.parquet,real_data_sample\l2_unseen_validation\trade_date=2026-07-17\exchange=NSE\symbol=ITBEES\part-080447_808622-035344.parquet,34735,downloaded,34735,
2026-07-17,NSE,ITBEES,raw_l2/trade_date=2026-07-17/exchange=NSE/symbol=ITBEES/part-080502_522324-035376.parquet,real_data_sample\l2_unseen_validation\trade_date=2026-07-17\exchange=NSE\symbol=ITBEES\part-080502_522324-035376.parquet,34533,downloaded,34533,
2026-07-17,NSE,ITBEES,raw_l2/trade_date=2026-07-17/exchange=NSE/symbol=ITBEES/part-080347_153477-035216.parquet,real_data_sample\l2_unseen_validation\trade_date=2026-07-17\exchange=NSE\symbol=ITBEES\part-080347_153477-035216.parquet,34632,downloaded,34632,
2026-07-17,NSE,ITBEES,raw_l2/trade_date=2026-07-17/exchange=NSE/symbol=ITBEES/part-080546_339755-035472.parquet,real_data_sample\l2_unseen_validation\trade_date=2026-07-17\exchange=NSE\symbol=ITBEES\part-080546_339755-035472.parquet,34573,downloaded,34573,
2026-07-17,NSE,ITBEES,raw_l2/trade_date=2026-07-17/exchange=NSE/symbol=ITBEES/part-080600_397899-035504.parquet,real_data_sample\l2_unseen_validation\trade_date=2026-07-17\exchange=NSE\symbol=ITBEES\part-080600_397899-035504.parquet,34510,downloaded,34510,
2026-07-17,NSE,ITBEES,raw_l2/trade_date=2026-07-17/exchange=NSE/symbol=ITBEES/part-080614_614039-035536.parquet,real_data_sample\l2_unseen_validation\trade_date=2026-07-17\exchange=NSE\symbol=ITBEES\part-080614_614039-035536.parquet,34335,downloaded,34335,
2026-07-17,NSE,ITBEES,raw_l2/trade_date=2026-07-17/exchange=NSE/symbol=ITBEES/part-080643_589984-035600.parquet,real_data_sample\l2_unseen_validation\trade_date=2026-07-17\exchange=NSE\symbol=ITBEES\part-080643_589984-035600.parquet,34558,downloaded,34558,
2026-07-17,NSE,ITBEES,raw_l2/trade_date=2026-07-17/exchange=NSE/symbol=ITBEES/part-080220_371338-035024.parquet,real_data_sample\l2_unseen_validation\trade_date=2026-07-17\exchange=NSE\symbol=ITBEES\part-080220_371338-035024.parquet,34397,downloaded,34397,
2026-07-17,NSE,ITBEES,raw_l2/trade_date=2026-07-17/exchange=NSE/symbol=ITBEES/part-080712_640625-035664.parquet,real_data_sample\l2_unseen_validation\trade_date=2026-07-17\exchange=NSE\symbol=ITBEES\part-080712_640625-035664.parquet,34644,downloaded,34644,
2026-07-17,NSE,ITBEES,raw_l2/trade_date=2026-07-17/exchange=NSE/symbol=ITBEES/part-080657_788099-035632.parquet,real_data_sample\l2_unseen_validation\trade_date=2026-07-17\exchange=NSE\symbol=ITBEES\part-080657_788099-035632.parquet,34574,downloaded,34574,
2026-07-17,NSE,ITBEES,raw_l2/trade_date=2026-07-17/exchange=NSE/symbol=ITBEES/part-080756_217161-035760.parquet,real_data_sample\l2_unseen_validation\trade_date=2026-07-17\exchange=NSE\symbol=ITBEES\part-080756_217161-035760.parquet,34510,downloaded,34510,
2026-07-17,NSE,ITBEES,raw_l2/trade_date=2026-07-17/exchange=NSE/symbol=ITBEES/part-080726_920297-035696.parquet,real_data_sample\l2_unseen_validation\trade_date=2026-07-17\exchange=NSE\symbol=ITBEES\part-080726_920297-035696.parquet,34496,downloaded,34496,
2026-07-17,NSE,ITBEES,raw_l2/trade_date=2026-07-17/exchange=NSE/symbol=ITBEES/part-080741_392491-035728.parquet,real_data_sample\l2_unseen_validation\trade_date=2026-07-17\exchange=NSE\symbol=ITBEES\part-080741_392491-035728.parquet,34596,downloaded,34596,
2026-07-17,NSE,ITBEES,raw_l2/trade_date=2026-07-17/exchange=NSE/symbol=ITBEES/part-080810_942012-035792.parquet,real_data_sample\l2_unseen_validation\trade_date=2026-07-17\exchange=NSE\symbol=ITBEES\part-080810_942012-035792.parquet,34442,downloaded,34442,
2026-07-17,NSE,ITBEES,raw_l2/trade_date=2026-07-17/exchange=NSE/symbol=ITBEES/part-080924_048725-035952.parquet,real_data_sample\l2_unseen_validation\trade_date=2026-07-17\exchange=NSE\symbol=ITBEES\part-080924_048725-035952.parquet,34626,downloaded,34626,
2026-07-17,NSE,ITBEES,raw_l2/trade_date=2026-07-17/exchange=NSE/symbol=ITBEES/part-080909_128905-035920.parquet,real_data_sample\l2_unseen_validation\trade_date=2026-07-17\exchange=NSE\symbol=ITBEES\part-080909_128905-035920.parquet,34605,downloaded,34605,
2026-07-17,NSE,ITBEES,raw_l2/trade_date=2026-07-17/exchange=NSE/symbol=ITBEES/part-080840_029605-035856.parquet,real_data_sample\l2_unseen_validation\trade_date=2026-07-17\exchange=NSE\symbol=ITBEES\part-080840_029605-035856.parquet,34647,downloaded,34647,
2026-07-17,NSE,ITBEES,raw_l2/trade_date=2026-07-17/exchange=NSE/symbol=ITBEES/part-080854_599878-035888.parquet,real_data_sample\l2_unseen_validation\trade_date=2026-07-17\exchange=NSE\symbol=ITBEES\part-080854_599878-035888.parquet,34587,downloaded,34587,
2026-07-17,NSE,ITBEES,raw_l2/trade_date=2026-07-17/exchange=NSE/symbol=ITBEES/part-080825_242089-035824.parquet,real_data_sample\l2_unseen_validation\trade_date=2026-07-17\exchange=NSE\symbol=ITBEES\part-080825_242089-035824.parquet,34462,downloaded,34462,
2026-07-17,NSE,ITBEES,raw_l2/trade_date=2026-07-17/exchange=NSE/symbol=ITBEES/part-080517_075624-035408.parquet,real_data_sample\l2_unseen_validation\trade_date=2026-07-17\exchange=NSE\symbol=ITBEES\part-080517_075624-035408.parquet,34611,downloaded,34611,
2026-07-17,NSE,ITBEES,raw_l2/trade_date=2026-07-17/exchange=NSE/symbol=ITBEES/part-080953_393613-036016.parquet,real_data_sample\l2_unseen_validation\trade_date=2026-07-17\exchange=NSE\symbol=ITBEES\part-080953_393613-036016.parquet,34367,downloaded,34367,
2026-07-17,NSE,ITBEES,raw_l2/trade_date=2026-07-17/exchange=NSE/symbol=ITBEES/part-081134_539613-036240.parquet,real_data_sample\l2_unseen_validation\trade_date=2026-07-17\exchange=NSE\symbol=ITBEES\part-081134_539613-036240.parquet,34619,downloaded,34619,
2026-07-17,NSE,ITBEES,raw_l2/trade_date=2026-07-17/exchange=NSE/symbol=ITBEES/part-081106_411910-036176.parquet,real_data_sample\l2_unseen_validation\trade_date=2026-07-17\exchange=NSE\symbol=ITBEES\part-081106_411910-036176.parquet,34451,downloaded,34451,
2026-07-17,NSE,ITBEES,raw_l2/trade_date=2026-07-17/exchange=NSE/symbol=ITBEES/part-081008_139706-036048.parquet,real_data_sample\l2_unseen_validation\trade_date=2026-07-17\exchange=NSE\symbol=ITBEES\part-081008_139706-036048.parquet,34469,downloaded,34469,
2026-07-17,NSE,ITBEES,raw_l2/trade_date=2026-07-17/exchange=NSE/symbol=ITBEES/part-081023_335845-036080.parquet,real_data_sample\l2_unseen_validation\trade_date=2026-07-17\exchange=NSE\symbol=ITBEES\part-081023_335845-036080.parquet,34584,downloaded,34584,
2026-07-17,NSE,ITBEES,raw_l2/trade_date=2026-07-17/exchange=NSE/symbol=ITBEES/part-080938_834469-035984.parquet,real_data_sample\l2_unseen_validation\trade_date=2026-07-17\exchange=NSE\symbol=ITBEES\part-080938_834469-035984.parquet,34556,downloaded,34556,
2026-07-17,NSE,ITBEES,raw_l2/trade_date=2026-07-17/exchange=NSE/symbol=ITBEES/part-081148_754668-036272.parquet,real_data_sample\l2_unseen_validation\trade_date=2026-07-17\exchange=NSE\symbol=ITBEES\part-081148_754668-036272.parquet,34559,downloaded,34559,
2026-07-17,NSE,ITBEES,raw_l2/trade_date=2026-07-17/exchange=NSE/symbol=ITBEES/part-081202_947134-036304.parquet,real_data_sample\l2_unseen_validation\trade_date=2026-07-17\exchange=NSE\symbol=ITBEES\part-081202_947134-036304.parquet,34809,downloaded,34809,
2026-07-17,NSE,ITBEES,raw_l2/trade_date=2026-07-17/exchange=NSE/symbol=ITBEES/part-081217_034721-036336.parquet,real_data_sample\l2_unseen_validation\trade_date=2026-07-17\exchange=NSE\symbol=ITBEES\part-081217_034721-036336.parquet,34617,downloaded,34617,
2026-07-17,NSE,ITBEES,raw_l2/trade_date=2026-07-17/exchange=NSE/symbol=ITBEES/part-081052_326365-036144.parquet,real_data_sample\l2_unseen_validation\trade_date=2026-07-17\exchange=NSE\symbol=ITBEES\part-081052_326365-036144.parquet,34504,downloaded,34504,
2026-07-17,NSE,ITBEES,raw_l2/trade_date=2026-07-17/exchange=NSE/symbol=ITBEES/part-080532_135746-035440.parquet,real_data_sample\l2_unseen_validation\trade_date=2026-07-17\exchange=NSE\symbol=ITBEES\part-080532_135746-035440.parquet,34542,downloaded,34542,
2026-07-17,NSE,ITBEES,raw_l2/trade_date=2026-07-17/exchange=NSE/symbol=ITBEES/part-081038_093867-036112.parquet,real_data_sample\l2_unseen_validation\trade_date=2026-07-17\exchange=NSE\symbol=ITBEES\part-081038_093867-036112.parquet,34575,downloaded,34575,
2026-07-17,NSE,ITBEES,raw_l2/trade_date=2026-07-17/exchange=NSE/symbol=ITBEES/part-081120_586912-036208.parquet,real_data_sample\l2_unseen_validation\trade_date=2026-07-17\exchange=NSE\symbol=ITBEES\part-081120_586912-036208.parquet,34529,downloaded,34529,
2026-07-17,NSE,ITBEES,raw_l2/trade_date=2026-07-17/exchange=NSE/symbol=ITBEES/part-080628_983297-035568.parquet,real_data_sample\l2_unseen_validation\trade_date=2026-07-17\exchange=NSE\symbol=ITBEES\part-080628_983297-035568.parquet,34803,downloaded,34803,
2026-07-17,NSE,ITBEES,raw_l2/trade_date=2026-07-17/exchange=NSE/symbol=ITBEES/part-081245_677324-036400.parquet,real_data_sample\l2_unseen_validation\trade_date=2026-07-17\exchange=NSE\symbol=ITBEES\part-081245_677324-036400.parquet,34467,downloaded,34467,
2026-07-17,NSE,ITBEES,raw_l2/trade_date=2026-07-17/exchange=NSE/symbol=ITBEES/part-081231_244102-036368.parquet,real_data_sample\l2_unseen_validation\trade_date=2026-07-17\exchange=NSE\symbol=ITBEES\part-081231_244102-036368.parquet,34773,downloaded,34773,
2026-07-17,NSE,ITBEES,raw_l2/trade_date=2026-07-17/exchange=NSE/symbol=ITBEES/part-081300_292378-036432.parquet,real_data_sample\l2_unseen_validation\trade_date=2026-07-17\exchange=NSE\symbol=ITBEES\part-081300_292378-036432.parquet,34557,downloaded,34557,
2026-07-17,NSE,ITBEES,raw_l2/trade_date=2026-07-17/exchange=NSE/symbol=ITBEES/part-081314_930585-036464.parquet,real_data_sample\l2_unseen_validation\trade_date=2026-07-17\exchange=NSE\symbol=ITBEES\part-081314_930585-036464.parquet,34678,downloaded,34678,
2026-07-17,NSE,ITBEES,raw_l2/trade_date=2026-07-17/exchange=NSE/symbol=ITBEES/part-081357_639221-036560.parquet,real_data_sample\l2_unseen_validation\trade_date=2026-07-17\exchange=NSE\symbol=ITBEES\part-081357_639221-036560.parquet,34706,downloaded,34706,
2026-07-17,NSE,ITBEES,raw_l2/trade_date=2026-07-17/exchange=NSE/symbol=ITBEES/part-081812_910192-037136.parquet,real_data_sample\l2_unseen_validation\trade_date=2026-07-17\exchange=NSE\symbol=ITBEES\part-081812_910192-037136.parquet,34456,downloaded,34456,
2026-07-17,NSE,ITBEES,raw_l2/trade_date=2026-07-17/exchange=NSE/symbol=ITBEES/part-081508_413754-036720.parquet,real_data_sample\l2_unseen_validation\trade_date=2026-07-17\exchange=NSE\symbol=ITBEES\part-081508_413754-036720.parquet,34582,downloaded,34582,
2026-07-17,NSE,ITBEES,raw_l2/trade_date=2026-07-17/exchange=NSE/symbol=ITBEES/part-081744_078423-037072.parquet,real_data_sample\l2_unseen_validation\trade_date=2026-07-17\exchange=NSE\symbol=ITBEES\part-081744_078423-037072.parquet,34592,downloaded,34592,
2026-07-17,NSE,ITBEES,raw_l2/trade_date=2026-07-17/exchange=NSE/symbol=ITBEES/part-081700_847038-036976.parquet,real_data_sample\l2_unseen_validation\trade_date=2026-07-17\exchange=NSE\symbol=ITBEES\part-081700_847038-036976.parquet,34462,downloaded,34462,
2026-07-17,NSE,ITBEES,raw_l2/trade_date=2026-07-17/exchange=NSE/symbol=ITBEES/part-081952_850393-037360.parquet,real_data_sample\l2_unseen_validation\trade_date=2026-07-17\exchange=NSE\symbol=ITBEES\part-081952_850393-037360.parquet,34466,downloaded,34466,
2026-07-17,NSE,ITBEES,raw_l2/trade_date=2026-07-17/exchange=NSE/symbol=ITBEES/part-081632_619199-036912.parquet,real_data_sample\l2_unseen_validation\trade_date=2026-07-17\exchange=NSE\symbol=ITBEES\part-081632_619199-036912.parquet,34447,downloaded,34447,
2026-07-17,NSE,ITBEES,raw_l2/trade_date=2026-07-17/exchange=NSE/symbol=ITBEES/part-081646_644352-036944.parquet,real_data_sample\l2_unseen_validation\trade_date=2026-07-17\exchange=NSE\symbol=ITBEES\part-081646_644352-036944.parquet,34485,downloaded,34485,
2026-07-17,NSE,ITBEES,raw_l2/trade_date=2026-07-17/exchange=NSE/symbol=ITBEES/part-081536_664182-036784.parquet,real_data_sample\l2_unseen_validation\trade_date=2026-07-17\exchange=NSE\symbol=ITBEES\part-081536_664182-036784.parquet,34225,downloaded,34225,
2026-07-17,NSE,ITBEES,raw_l2/trade_date=2026-07-17/exchange=NSE/symbol=ITBEES/part-081924_242371-037296.parquet,real_data_sample\l2_unseen_validation\trade_date=2026-07-17\exchange=NSE\symbol=ITBEES\part-081924_242371-037296.parquet,34516,downloaded,34516,
2026-07-17,NSE,ITBEES,raw_l2/trade_date=2026-07-17/exchange=NSE/symbol=ITBEES/part-081715_183384-037008.parquet,real_data_sample\l2_unseen_validation\trade_date=2026-07-17\exchange=NSE\symbol=ITBEES\part-081715_183384-037008.parquet,34545,downloaded,34545,
2026-07-17,NSE,ITBEES,raw_l2/trade_date=2026-07-17/exchange=NSE/symbol=ITBEES/part-081604_631226-036848.parquet,real_data_sample\l2_unseen_validation\trade_date=2026-07-17\exchange=NSE\symbol=ITBEES\part-081604_631226-036848.parquet,34711,downloaded,34711,
2026-07-17,NSE,ITBEES,raw_l2/trade_date=2026-07-17/exchange=NSE/symbol=ITBEES/part-081329_166674-036496.parquet,real_data_sample\l2_unseen_validation\trade_date=2026-07-17\exchange=NSE\symbol=ITBEES\part-081329_166674-036496.parquet,34603,downloaded,34603,
2026-07-17,NSE,ITBEES,raw_l2/trade_date=2026-07-17/exchange=NSE/symbol=ITBEES/part-082035_377321-037456.parquet,real_data_sample\l2_unseen_validation\trade_date=2026-07-17\exchange=NSE\symbol=ITBEES\part-082035_377321-037456.parquet,34649,downloaded,34649,
2026-07-17,NSE,ITBEES,raw_l2/trade_date=2026-07-17/exchange=NSE/symbol=ITBEES/part-082021_220355-037424.parquet,real_data_sample\l2_unseen_validation\trade_date=2026-07-17\exchange=NSE\symbol=ITBEES\part-082021_220355-037424.parquet,34444,downloaded,34444,
2026-07-17,NSE,ITBEES,raw_l2/trade_date=2026-07-17/exchange=NSE/symbol=ITBEES/part-081855_948816-037232.parquet,real_data_sample\l2_unseen_validation\trade_date=2026-07-17\exchange=NSE\symbol=ITBEES\part-081855_948816-037232.parquet,34419,downloaded,34419,
2026-07-17,NSE,ITBEES,raw_l2/trade_date=2026-07-17/exchange=NSE/symbol=ITBEES/part-081938_550125-037328.parquet,real_data_sample\l2_unseen_validation\trade_date=2026-07-17\exchange=NSE\symbol=ITBEES\part-081938_550125-037328.parquet,34493,downloaded,34493,
2026-07-17,NSE,ITBEES,raw_l2/trade_date=2026-07-17/exchange=NSE/symbol=ITBEES/part-082050_976080-037488.parquet,real_data_sample\l2_unseen_validation\trade_date=2026-07-17\exchange=NSE\symbol=ITBEES\part-082050_976080-037488.parquet,34516,downloaded,34516,
2026-07-17,NSE,ITBEES,raw_l2/trade_date=2026-07-17/exchange=NSE/symbol=ITBEES/part-082230_601919-037712.parquet,real_data_sample\l2_unseen_validation\trade_date=2026-07-17\exchange=NSE\symbol=ITBEES\part-082230_601919-037712.parquet,34654,downloaded,34654,
2026-07-17,NSE,ITBEES,raw_l2/trade_date=2026-07-17/exchange=NSE/symbol=ITBEES/part-082258_909033-037776.parquet,real_data_sample\l2_unseen_validation\trade_date=2026-07-17\exchange=NSE\symbol=ITBEES\part-082258_909033-037776.parquet,34386,downloaded,34386,
2026-07-17,NSE,ITBEES,raw_l2/trade_date=2026-07-17/exchange=NSE/symbol=ITBEES/part-082105_198517-037520.parquet,real_data_sample\l2_unseen_validation\trade_date=2026-07-17\exchange=NSE\symbol=ITBEES\part-082105_198517-037520.parquet,34422,downloaded,34422,
2026-07-17,NSE,ITBEES,raw_l2/trade_date=2026-07-17/exchange=NSE/symbol=ITBEES/part-082313_452469-037808.parquet,real_data_sample\l2_unseen_validation\trade_date=2026-07-17\exchange=NSE\symbol=ITBEES\part-082313_452469-037808.parquet,34358,downloaded,34358,
2026-07-17,NSE,ITBEES,raw_l2/trade_date=2026-07-17/exchange=NSE/symbol=ITBEES/part-082148_134272-037616.parquet,real_data_sample\l2_unseen_validation\trade_date=2026-07-17\exchange=NSE\symbol=ITBEES\part-082148_134272-037616.parquet,34585,downloaded,34585,
2026-07-17,NSE,ITBEES,raw_l2/trade_date=2026-07-17/exchange=NSE/symbol=ITBEES/part-082216_531667-037680.parquet,real_data_sample\l2_unseen_validation\trade_date=2026-07-17\exchange=NSE\symbol=ITBEES\part-082216_531667-037680.parquet,34643,downloaded,34643,
2026-07-17,NSE,ITBEES,raw_l2/trade_date=2026-07-17/exchange=NSE/symbol=ITBEES/part-082244_834029-037744.parquet,real_data_sample\l2_unseen_validation\trade_date=2026-07-17\exchange=NSE\symbol=ITBEES\part-082244_834029-037744.parquet,34511,downloaded,34511,
2026-07-17,NSE,ITBEES,raw_l2/trade_date=2026-07-17/exchange=NSE/symbol=ITBEES/part-082119_704387-037552.parquet,real_data_sample\l2_unseen_validation\trade_date=2026-07-17\exchange=NSE\symbol=ITBEES\part-082119_704387-037552.parquet,34550,downloaded,34550,
2026-07-17,NSE,ITBEES,raw_l2/trade_date=2026-07-17/exchange=NSE/symbol=ITBEES/part-082409_963053-037936.parquet,real_data_sample\l2_unseen_validation\trade_date=2026-07-17\exchange=NSE\symbol=ITBEES\part-082409_963053-037936.parquet,34538,downloaded,34538,
2026-07-17,NSE,ITBEES,raw_l2/trade_date=2026-07-17/exchange=NSE/symbol=ITBEES/part-082355_801955-037904.parquet,real_data_sample\l2_unseen_validation\trade_date=2026-07-17\exchange=NSE\symbol=ITBEES\part-082355_801955-037904.parquet,34449,downloaded,34449,
2026-07-17,NSE,ITBEES,raw_l2/trade_date=2026-07-17/exchange=NSE/symbol=ITBEES/part-082327_696631-037840.parquet,real_data_sample\l2_unseen_validation\trade_date=2026-07-17\exchange=NSE\symbol=ITBEES\part-082327_696631-037840.parquet,34664,downloaded,34664,
2026-07-17,NSE,ITBEES,raw_l2/trade_date=2026-07-17/exchange=NSE/symbol=ITBEES/part-082134_003682-037584.parquet,real_data_sample\l2_unseen_validation\trade_date=2026-07-17\exchange=NSE\symbol=ITBEES\part-082134_003682-037584.parquet,34173,downloaded,34173,
2026-07-17,NSE,ITBEES,raw_l2/trade_date=2026-07-17/exchange=NSE/symbol=ITBEES/part-082202_460560-037648.parquet,real_data_sample\l2_unseen_validation\trade_date=2026-07-17\exchange=NSE\symbol=ITBEES\part-082202_460560-037648.parquet,34794,downloaded,34794,
2026-07-17,NSE,ITBEES,raw_l2/trade_date=2026-07-17/exchange=NSE/symbol=ITBEES/part-082452_399483-038032.parquet,real_data_sample\l2_unseen_validation\trade_date=2026-07-17\exchange=NSE\symbol=ITBEES\part-082452_399483-038032.parquet,34869,downloaded,34869,
2026-07-17,NSE,ITBEES,raw_l2/trade_date=2026-07-17/exchange=NSE/symbol=ITBEES/part-082341_775933-037872.parquet,real_data_sample\l2_unseen_validation\trade_date=2026-07-17\exchange=NSE\symbol=ITBEES\part-082341_775933-037872.parquet,34468,downloaded,34468,
2026-07-17,NSE,ITBEES,raw_l2/trade_date=2026-07-17/exchange=NSE/symbol=ITBEES/part-082506_348894-038064.parquet,real_data_sample\l2_unseen_validation\trade_date=2026-07-17\exchange=NSE\symbol=ITBEES\part-082506_348894-038064.parquet,34489,downloaded,34489,
2026-07-17,NSE,ITBEES,raw_l2/trade_date=2026-07-17/exchange=NSE/symbol=ITBEES/part-082603_707850-038192.parquet,real_data_sample\l2_unseen_validation\trade_date=2026-07-17\exchange=NSE\symbol=ITBEES\part-082603_707850-038192.parquet,34435,downloaded,34435,
2026-07-17,NSE,ITBEES,raw_l2/trade_date=2026-07-17/exchange=NSE/symbol=ITBEES/part-082549_321357-038160.parquet,real_data_sample\l2_unseen_validation\trade_date=2026-07-17\exchange=NSE\symbol=ITBEES\part-082549_321357-038160.parquet,34390,downloaded,34390,
2026-07-17,NSE,ITBEES,raw_l2/trade_date=2026-07-17/exchange=NSE/symbol=ITBEES/part-082534_755728-038128.parquet,real_data_sample\l2_unseen_validation\trade_date=2026-07-17\exchange=NSE\symbol=ITBEES\part-082534_755728-038128.parquet,34479,downloaded,34479,
2026-07-17,NSE,ITBEES,raw_l2/trade_date=2026-07-17/exchange=NSE/symbol=ITBEES/part-082700_580853-038320.parquet,real_data_sample\l2_unseen_validation\trade_date=2026-07-17\exchange=NSE\symbol=ITBEES\part-082700_580853-038320.parquet,34576,downloaded,34576,
2026-07-17,NSE,ITBEES,raw_l2/trade_date=2026-07-17/exchange=NSE/symbol=ITBEES/part-082617_915474-038224.parquet,real_data_sample\l2_unseen_validation\trade_date=2026-07-17\exchange=NSE\symbol=ITBEES\part-082617_915474-038224.parquet,34371,downloaded,34371,
2026-07-17,NSE,ITBEES,raw_l2/trade_date=2026-07-17/exchange=NSE/symbol=ITBEES/part-082714_995453-038352.parquet,real_data_sample\l2_unseen_validation\trade_date=2026-07-17\exchange=NSE\symbol=ITBEES\part-082714_995453-038352.parquet,34318,downloaded,34318,
2026-07-17,NSE,ITBEES,raw_l2/trade_date=2026-07-17/exchange=NSE/symbol=ITBEES/part-082646_551741-038288.parquet,real_data_sample\l2_unseen_validation\trade_date=2026-07-17\exchange=NSE\symbol=ITBEES\part-082646_551741-038288.parquet,34596,downloaded,34596,
2026-07-17,NSE,ITBEES,raw_l2/trade_date=2026-07-17/exchange=NSE/symbol=ITBEES/part-082520_509984-038096.parquet,real_data_sample\l2_unseen_validation\trade_date=2026-07-17\exchange=NSE\symbol=ITBEES\part-082520_509984-038096.parquet,34591,downloaded,34591,
2026-07-17,NSE,ITBEES,raw_l2/trade_date=2026-07-17/exchange=NSE/symbol=ITBEES/part-082757_693879-038448.parquet,real_data_sample\l2_unseen_validation\trade_date=2026-07-17\exchange=NSE\symbol=ITBEES\part-082757_693879-038448.parquet,34451,downloaded,34451,
2026-07-17,NSE,ITBEES,raw_l2/trade_date=2026-07-17/exchange=NSE/symbol=ITBEES/part-082743_433607-038416.parquet,real_data_sample\l2_unseen_validation\trade_date=2026-07-17\exchange=NSE\symbol=ITBEES\part-082743_433607-038416.parquet,34384,downloaded,34384,
2026-07-17,NSE,ITBEES,raw_l2/trade_date=2026-07-17/exchange=NSE/symbol=ITBEES/part-082729_102633-038384.parquet,real_data_sample\l2_unseen_validation\trade_date=2026-07-17\exchange=NSE\symbol=ITBEES\part-082729_102633-038384.parquet,34627,downloaded,34627,
2026-07-17,NSE,ITBEES,raw_l2/trade_date=2026-07-17/exchange=NSE/symbol=ITBEES/part-082632_503745-038256.parquet,real_data_sample\l2_unseen_validation\trade_date=2026-07-17\exchange=NSE\symbol=ITBEES\part-082632_503745-038256.parquet,34395,downloaded,34395,
2026-07-17,NSE,ITBEES,raw_l2/trade_date=2026-07-17/exchange=NSE/symbol=ITBEES/part-082438_125744-038000.parquet,real_data_sample\l2_unseen_validation\trade_date=2026-07-17\exchange=NSE\symbol=ITBEES\part-082438_125744-038000.parquet,34545,downloaded,34545,
2026-07-17,NSE,ITBEES,raw_l2/trade_date=2026-07-17/exchange=NSE/symbol=ITBEES/part-082424_220566-037968.parquet,real_data_sample\l2_unseen_validation\trade_date=2026-07-17\exchange=NSE\symbol=ITBEES\part-082424_220566-037968.parquet,34630,downloaded,34630,
2026-07-17,NSE,ITBEES,raw_l2/trade_date=2026-07-17/exchange=NSE/symbol=ITBEES/part-082812_321005-038480.parquet,real_data_sample\l2_unseen_validation\trade_date=2026-07-17\exchange=NSE\symbol=ITBEES\part-082812_321005-038480.parquet,34397,downloaded,34397,
2026-07-17,NSE,ITBEES,raw_l2/trade_date=2026-07-17/exchange=NSE/symbol=ITBEES/part-082841_291204-038544.parquet,real_data_sample\l2_unseen_validation\trade_date=2026-07-17\exchange=NSE\symbol=ITBEES\part-082841_291204-038544.parquet,34521,downloaded,34521,
2026-07-17,NSE,ITBEES,raw_l2/trade_date=2026-07-17/exchange=NSE/symbol=ITBEES/part-082855_711862-038576.parquet,real_data_sample\l2_unseen_validation\trade_date=2026-07-17\exchange=NSE\symbol=ITBEES\part-082855_711862-038576.parquet,34362,downloaded,34362,
2026-07-17,NSE,ITBEES,raw_l2/trade_date=2026-07-17/exchange=NSE/symbol=ITBEES/part-082910_311706-038608.parquet,real_data_sample\l2_unseen_validation\trade_date=2026-07-17\exchange=NSE\symbol=ITBEES\part-082910_311706-038608.parquet,34561,downloaded,34561,
2026-07-17,NSE,ITBEES,raw_l2/trade_date=2026-07-17/exchange=NSE/symbol=ITBEES/part-082924_876421-038640.parquet,real_data_sample\l2_unseen_validation\trade_date=2026-07-17\exchange=NSE\symbol=ITBEES\part-082924_876421-038640.parquet,34686,downloaded,34686,
2026-07-17,NSE,ITBEES,raw_l2/trade_date=2026-07-17/exchange=NSE/symbol=ITBEES/part-082939_272341-038672.parquet,real_data_sample\l2_unseen_validation\trade_date=2026-07-17\exchange=NSE\symbol=ITBEES\part-082939_272341-038672.parquet,34379,downloaded,34379,
2026-07-17,NSE,ITBEES,raw_l2/trade_date=2026-07-17/exchange=NSE/symbol=ITBEES/part-082953_801175-038704.parquet,real_data_sample\l2_unseen_validation\trade_date=2026-07-17\exchange=NSE\symbol=ITBEES\part-082953_801175-038704.parquet,34502,downloaded,34502,
2026-07-17,NSE,ITBEES,raw_l2/trade_date=2026-07-17/exchange=NSE/symbol=ITBEES/part-083008_527124-038736.parquet,real_data_sample\l2_unseen_validation\trade_date=2026-07-17\exchange=NSE\symbol=ITBEES\part-083008_527124-038736.parquet,34486,downloaded,34486,
2026-07-17,NSE,ITBEES,raw_l2/trade_date=2026-07-17/exchange=NSE/symbol=ITBEES/part-083022_907767-038768.parquet,real_data_sample\l2_unseen_validation\trade_date=2026-07-17\exchange=NSE\symbol=ITBEES\part-083022_907767-038768.parquet,34509,downloaded,34509,
2026-07-17,NSE,ITBEES,raw_l2/trade_date=2026-07-17/exchange=NSE/symbol=ITBEES/part-083051_695029-038832.parquet,real_data_sample\l2_unseen_validation\trade_date=2026-07-17\exchange=NSE\symbol=ITBEES\part-083051_695029-038832.parquet,34561,downloaded,34561,
2026-07-17,NSE,ITBEES,raw_l2/trade_date=2026-07-17/exchange=NSE/symbol=ITBEES/part-083037_256845-038800.parquet,real_data_sample\l2_unseen_validation\trade_date=2026-07-17\exchange=NSE\symbol=ITBEES\part-083037_256845-038800.parquet,34602,downloaded,34602,
2026-07-17,NSE,ITBEES,raw_l2/trade_date=2026-07-17/exchange=NSE/symbol=ITBEES/part-083106_155699-038864.parquet,real_data_sample\l2_unseen_validation\trade_date=2026-07-17\exchange=NSE\symbol=ITBEES\part-083106_155699-038864.parquet,35005,downloaded,35005,
2026-07-17,NSE,ITBEES,raw_l2/trade_date=2026-07-17/exchange=NSE/symbol=ITBEES/part-083121_053068-038896.parquet,real_data_sample\l2_unseen_validation\trade_date=2026-07-17\exchange=NSE\symbol=ITBEES\part-083121_053068-038896.parquet,34611,downloaded,34611,
2026-07-17,NSE,ITBEES,raw_l2/trade_date=2026-07-17/exchange=NSE/symbol=ITBEES/part-083135_684291-038928.parquet,real_data_sample\l2_unseen_validation\trade_date=2026-07-17\exchange=NSE\symbol=ITBEES\part-083135_684291-038928.parquet,34591,downloaded,34591,
2026-07-17,NSE,ITBEES,raw_l2/trade_date=2026-07-17/exchange=NSE/symbol=ITBEES/part-083219_185495-039024.parquet,real_data_sample\l2_unseen_validation\trade_date=2026-07-17\exchange=NSE\symbol=ITBEES\part-083219_185495-039024.parquet,34643,downloaded,34643,
2026-07-17,NSE,ITBEES,raw_l2/trade_date=2026-07-17/exchange=NSE/symbol=ITBEES/part-082826_859068-038512.parquet,real_data_sample\l2_unseen_validation\trade_date=2026-07-17\exchange=NSE\symbol=ITBEES\part-082826_859068-038512.parquet,34706,downloaded,34706,
2026-07-17,NSE,ITBEES,raw_l2/trade_date=2026-07-17/exchange=NSE/symbol=ITBEES/part-083233_824254-039056.parquet,real_data_sample\l2_unseen_validation\trade_date=2026-07-17\exchange=NSE\symbol=ITBEES\part-083233_824254-039056.parquet,34727,downloaded,34727,
2026-07-17,NSE,ITBEES,raw_l2/trade_date=2026-07-17/exchange=NSE/symbol=ITBEES/part-083248_361898-039088.parquet,real_data_sample\l2_unseen_validation\trade_date=2026-07-17\exchange=NSE\symbol=ITBEES\part-083248_361898-039088.parquet,34396,downloaded,34396,
2026-07-17,NSE,ITBEES,raw_l2/trade_date=2026-07-17/exchange=NSE/symbol=ITBEES/part-083204_434692-038992.parquet,real_data_sample\l2_unseen_validation\trade_date=2026-07-17\exchange=NSE\symbol=ITBEES\part-083204_434692-038992.parquet,34690,downloaded,34690,
2026-07-17,NSE,ITBEES,raw_l2/trade_date=2026-07-17/exchange=NSE/symbol=ITBEES/part-083540_654775-039472.parquet,real_data_sample\l2_unseen_validation\trade_date=2026-07-17\exchange=NSE\symbol=ITBEES\part-083540_654775-039472.parquet,34382,downloaded,34382,
2026-07-17,NSE,ITBEES,raw_l2/trade_date=2026-07-17/exchange=NSE/symbol=ITBEES/part-083150_196760-038960.parquet,real_data_sample\l2_unseen_validation\trade_date=2026-07-17\exchange=NSE\symbol=ITBEES\part-083150_196760-038960.parquet,34686,downloaded,34686,
2026-07-17,NSE,ITBEES,raw_l2/trade_date=2026-07-17/exchange=NSE/symbol=ITBEES/part-073841_218616-031824.parquet,real_data_sample\l2_unseen_validation\trade_date=2026-07-17\exchange=NSE\symbol=ITBEES\part-073841_218616-031824.parquet,34361,downloaded,34361,
2026-07-17,NSE,ITBEES,raw_l2/trade_date=2026-07-17/exchange=NSE/symbol=ITBEES/part-083303_063034-039120.parquet,real_data_sample\l2_unseen_validation\trade_date=2026-07-17\exchange=NSE\symbol=ITBEES\part-083303_063034-039120.parquet,34685,downloaded,34685,
2026-07-17,NSE,ITBEES,raw_l2/trade_date=2026-07-17/exchange=NSE/symbol=ITBEES/part-081411_953738-036592.parquet,real_data_sample\l2_unseen_validation\trade_date=2026-07-17\exchange=NSE\symbol=ITBEES\part-081411_953738-036592.parquet,34419,downloaded,34419,
2026-07-17,NSE,ITBEES,raw_l2/trade_date=2026-07-17/exchange=NSE/symbol=ITBEES/part-083443_609893-039344.parquet,real_data_sample\l2_unseen_validation\trade_date=2026-07-17\exchange=NSE\symbol=ITBEES\part-083443_609893-039344.parquet,34665,downloaded,34665,
2026-07-17,NSE,ITBEES,raw_l2/trade_date=2026-07-17/exchange=NSE/symbol=ITBEES/part-083458_143981-039376.parquet,real_data_sample\l2_unseen_validation\trade_date=2026-07-17\exchange=NSE\symbol=ITBEES\part-083458_143981-039376.parquet,34387,downloaded,34387,
2026-07-17,NSE,ITBEES,raw_l2/trade_date=2026-07-17/exchange=NSE/symbol=ITBEES/part-083317_714157-039152.parquet,real_data_sample\l2_unseen_validation\trade_date=2026-07-17\exchange=NSE\symbol=ITBEES\part-083317_714157-039152.parquet,34657,downloaded,34657,
2026-07-17,NSE,ITBEES,raw_l2/trade_date=2026-07-17/exchange=NSE/symbol=ITBEES/part-083415_028192-039280.parquet,real_data_sample\l2_unseen_validation\trade_date=2026-07-17\exchange=NSE\symbol=ITBEES\part-083415_028192-039280.parquet,34708,downloaded,34708,
2026-07-17,NSE,ITBEES,raw_l2/trade_date=2026-07-17/exchange=NSE/symbol=ITBEES/part-083332_012106-039184.parquet,real_data_sample\l2_unseen_validation\trade_date=2026-07-17\exchange=NSE\symbol=ITBEES\part-083332_012106-039184.parquet,34398,downloaded,34398,
2026-07-17,NSE,ITBEES,raw_l2/trade_date=2026-07-17/exchange=NSE/symbol=ITBEES/part-083429_180471-039312.parquet,real_data_sample\l2_unseen_validation\trade_date=2026-07-17\exchange=NSE\symbol=ITBEES\part-083429_180471-039312.parquet,34695,downloaded,34695,
2026-07-17,NSE,ITBEES,raw_l2/trade_date=2026-07-17/exchange=NSE/symbol=ITBEES/part-083346_185587-039216.parquet,real_data_sample\l2_unseen_validation\trade_date=2026-07-17\exchange=NSE\symbol=ITBEES\part-083346_185587-039216.parquet,34762,downloaded,34762,
2026-07-17,NSE,ITBEES,raw_l2/trade_date=2026-07-17/exchange=NSE/symbol=ITBEES/part-083526_579902-039440.parquet,real_data_sample\l2_unseen_validation\trade_date=2026-07-17\exchange=NSE\symbol=ITBEES\part-083526_579902-039440.parquet,34466,downloaded,34466,
2026-07-17,NSE,ITBEES,raw_l2/trade_date=2026-07-17/exchange=NSE/symbol=ITBEES/part-083512_347667-039408.parquet,real_data_sample\l2_unseen_validation\trade_date=2026-07-17\exchange=NSE\symbol=ITBEES\part-083512_347667-039408.parquet,34554,downloaded,34554,
2026-07-17,NSE,ITBEES,raw_l2/trade_date=2026-07-17/exchange=NSE/symbol=ITBEES/part-083400_705910-039248.parquet,real_data_sample\l2_unseen_validation\trade_date=2026-07-17\exchange=NSE\symbol=ITBEES\part-083400_705910-039248.parquet,34550,downloaded,34550,
2026-07-17,NSE,ITBEES,raw_l2/trade_date=2026-07-17/exchange=NSE/symbol=ITBEES/part-083608_925843-039536.parquet,real_data_sample\l2_unseen_validation\trade_date=2026-07-17\exchange=NSE\symbol=ITBEES\part-083608_925843-039536.parquet,34685,downloaded,34685,
2026-07-17,NSE,ITBEES,raw_l2/trade_date=2026-07-17/exchange=NSE/symbol=ITBEES/part-083623_410650-039568.parquet,real_data_sample\l2_unseen_validation\trade_date=2026-07-17\exchange=NSE\symbol=ITBEES\part-083623_410650-039568.parquet,34470,downloaded,34470,
2026-07-17,NSE,ITBEES,raw_l2/trade_date=2026-07-17/exchange=NSE/symbol=ITBEES/part-083651_956622-039632.parquet,real_data_sample\l2_unseen_validation\trade_date=2026-07-17\exchange=NSE\symbol=ITBEES\part-083651_956622-039632.parquet,34454,downloaded,34454,
2026-07-17,NSE,ITBEES,raw_l2/trade_date=2026-07-17/exchange=NSE/symbol=ITBEES/part-083803_082543-039792.parquet,real_data_sample\l2_unseen_validation\trade_date=2026-07-17\exchange=NSE\symbol=ITBEES\part-083803_082543-039792.parquet,34459,downloaded,34459,
2026-07-17,NSE,ITBEES,raw_l2/trade_date=2026-07-17/exchange=NSE/symbol=ITBEES/part-083554_865174-039504.parquet,real_data_sample\l2_unseen_validation\trade_date=2026-07-17\exchange=NSE\symbol=ITBEES\part-083554_865174-039504.parquet,34635,downloaded,34635,
2026-07-17,NSE,ITBEES,raw_l2/trade_date=2026-07-17/exchange=NSE/symbol=ITBEES/part-083734_346240-039728.parquet,real_data_sample\l2_unseen_validation\trade_date=2026-07-17\exchange=NSE\symbol=ITBEES\part-083734_346240-039728.parquet,34514,downloaded,34514,
2026-07-17,NSE,ITBEES,raw_l2/trade_date=2026-07-17/exchange=NSE/symbol=ITBEES/part-083817_249420-039824.parquet,real_data_sample\l2_unseen_validation\trade_date=2026-07-17\exchange=NSE\symbol=ITBEES\part-083817_249420-039824.parquet,34762,downloaded,34762,
2026-07-17,NSE,ITBEES,raw_l2/trade_date=2026-07-17/exchange=NSE/symbol=ITBEES/part-083831_605907-039856.parquet,real_data_sample\l2_unseen_validation\trade_date=2026-07-17\exchange=NSE\symbol=ITBEES\part-083831_605907-039856.parquet,34726,downloaded,34726,
2026-07-17,NSE,ITBEES,raw_l2/trade_date=2026-07-17/exchange=NSE/symbol=ITBEES/part-084026_119019-040112.parquet,real_data_sample\l2_unseen_validation\trade_date=2026-07-17\exchange=NSE\symbol=ITBEES\part-084026_119019-040112.parquet,34511,downloaded,34511,
2026-07-17,NSE,ITBEES,raw_l2/trade_date=2026-07-17/exchange=NSE/symbol=ITBEES/part-084011_923907-040080.parquet,real_data_sample\l2_unseen_validation\trade_date=2026-07-17\exchange=NSE\symbol=ITBEES\part-084011_923907-040080.parquet,34403,downloaded,34403,
2026-07-17,NSE,ITBEES,raw_l2/trade_date=2026-07-17/exchange=NSE/symbol=ITBEES/part-083928_997324-039984.parquet,real_data_sample\l2_unseen_validation\trade_date=2026-07-17\exchange=NSE\symbol=ITBEES\part-083928_997324-039984.parquet,34432,downloaded,34432,
2026-07-17,NSE,ITBEES,raw_l2/trade_date=2026-07-17/exchange=NSE/symbol=ITBEES/part-082006_865291-037392.parquet,real_data_sample\l2_unseen_validation\trade_date=2026-07-17\exchange=NSE\symbol=ITBEES\part-082006_865291-037392.parquet,34524,downloaded,34524,
2026-07-17,NSE,ITBEES,raw_l2/trade_date=2026-07-17/exchange=NSE/symbol=ITBEES/part-083914_576613-039952.parquet,real_data_sample\l2_unseen_validation\trade_date=2026-07-17\exchange=NSE\symbol=ITBEES\part-083914_576613-039952.parquet,34560,downloaded,34560,
2026-07-17,NSE,ITBEES,raw_l2/trade_date=2026-07-17/exchange=NSE/symbol=ITBEES/part-083900_230337-039920.parquet,real_data_sample\l2_unseen_validation\trade_date=2026-07-17\exchange=NSE\symbol=ITBEES\part-083900_230337-039920.parquet,34650,downloaded,34650,
2026-07-17,NSE,ITBEES,raw_l2/trade_date=2026-07-17/exchange=NSE/symbol=ITBEES/part-083845_871046-039888.parquet,real_data_sample\l2_unseen_validation\trade_date=2026-07-17\exchange=NSE\symbol=ITBEES\part-083845_871046-039888.parquet,34601,downloaded,34601,
2026-07-17,NSE,ITBEES,raw_l2/trade_date=2026-07-17/exchange=NSE/symbol=ITBEES/part-083943_237909-040016.parquet,real_data_sample\l2_unseen_validation\trade_date=2026-07-17\exchange=NSE\symbol=ITBEES\part-083943_237909-040016.parquet,34634,downloaded,34634,
2026-07-17,NSE,ITBEES,raw_l2/trade_date=2026-07-17/exchange=NSE/symbol=ITBEES/part-081909_912576-037264.parquet,real_data_sample\l2_unseen_validation\trade_date=2026-07-17\exchange=NSE\symbol=ITBEES\part-081909_912576-037264.parquet,34584,downloaded,34584,
2026-07-17,NSE,ITBEES,raw_l2/trade_date=2026-07-17/exchange=NSE/symbol=ITBEES/part-081841_900472-037200.parquet,real_data_sample\l2_unseen_validation\trade_date=2026-07-17\exchange=NSE\symbol=ITBEES\part-081841_900472-037200.parquet,34760,downloaded,34760,
2026-07-17,NSE,ITBEES,raw_l2/trade_date=2026-07-17/exchange=NSE/symbol=ITBEES/part-083957_534488-040048.parquet,real_data_sample\l2_unseen_validation\trade_date=2026-07-17\exchange=NSE\symbol=ITBEES\part-083957_534488-040048.parquet,34302,downloaded,34302,
2026-07-17,NSE,ITBEES,raw_l2/trade_date=2026-07-17/exchange=NSE/symbol=ITBEES/part-084040_488859-040144.parquet,real_data_sample\l2_unseen_validation\trade_date=2026-07-17\exchange=NSE\symbol=ITBEES\part-084040_488859-040144.parquet,34520,downloaded,34520,
2026-07-17,NSE,ITBEES,raw_l2/trade_date=2026-07-17/exchange=NSE/symbol=ITBEES/part-081618_542631-036880.parquet,real_data_sample\l2_unseen_validation\trade_date=2026-07-17\exchange=NSE\symbol=ITBEES\part-081618_542631-036880.parquet,34539,downloaded,34539,
2026-07-17,NSE,ITBEES,raw_l2/trade_date=2026-07-17/exchange=NSE/symbol=ITBEES/part-083637_639012-039600.parquet,real_data_sample\l2_unseen_validation\trade_date=2026-07-17\exchange=NSE\symbol=ITBEES\part-083637_639012-039600.parquet,34511,downloaded,34511,
2026-07-17,NSE,ITBEES,raw_l2/trade_date=2026-07-17/exchange=NSE/symbol=ITBEES/part-081729_761985-037040.parquet,real_data_sample\l2_unseen_validation\trade_date=2026-07-17\exchange=NSE\symbol=ITBEES\part-081729_761985-037040.parquet,34499,downloaded,34499,
2026-07-17,NSE,ITBEES,raw_l2/trade_date=2026-07-17/exchange=NSE/symbol=ITBEES/part-083706_088769-039664.parquet,real_data_sample\l2_unseen_validation\trade_date=2026-07-17\exchange=NSE\symbol=ITBEES\part-083706_088769-039664.parquet,34279,downloaded,34279,
2026-07-17,NSE,ITBEES,raw_l2/trade_date=2026-07-17/exchange=NSE/symbol=ITBEES/part-081522_595923-036752.parquet,real_data_sample\l2_unseen_validation\trade_date=2026-07-17\exchange=NSE\symbol=ITBEES\part-081522_595923-036752.parquet,34559,downloaded,34559,
2026-07-17,NSE,ITBEES,raw_l2/trade_date=2026-07-17/exchange=NSE/symbol=ITBEES/part-081827_152379-037168.parquet,real_data_sample\l2_unseen_validation\trade_date=2026-07-17\exchange=NSE\symbol=ITBEES\part-081827_152379-037168.parquet,34614,downloaded,34614,
2026-07-17,NSE,ITBEES,raw_l2/trade_date=2026-07-17/exchange=NSE/symbol=ITBEES/part-083748_636768-039760.parquet,real_data_sample\l2_unseen_validation\trade_date=2026-07-17\exchange=NSE\symbol=ITBEES\part-083748_636768-039760.parquet,34391,downloaded,34391,
2026-07-17,NSE,ITBEES,raw_l2/trade_date=2026-07-17/exchange=NSE/symbol=ITBEES/part-081426_183947-036624.parquet,real_data_sample\l2_unseen_validation\trade_date=2026-07-17\exchange=NSE\symbol=ITBEES\part-081426_183947-036624.parquet,34537,downloaded,34537,
2026-07-17,NSE,ITBEES,raw_l2/trade_date=2026-07-17/exchange=NSE/symbol=ITBEES/part-081550_547395-036816.parquet,real_data_sample\l2_unseen_validation\trade_date=2026-07-17\exchange=NSE\symbol=ITBEES\part-081550_547395-036816.parquet,34378,downloaded,34378,
2026-07-17,NSE,ITBEES,raw_l2/trade_date=2026-07-17/exchange=NSE/symbol=ITBEES/part-081343_347249-036528.parquet,real_data_sample\l2_unseen_validation\trade_date=2026-07-17\exchange=NSE\symbol=ITBEES\part-081343_347249-036528.parquet,34571,downloaded,34571,
2026-07-17,NSE,ITBEES,raw_l2/trade_date=2026-07-17/exchange=NSE/symbol=ITBEES/part-081758_367805-037104.parquet,real_data_sample\l2_unseen_validation\trade_date=2026-07-17\exchange=NSE\symbol=ITBEES\part-081758_367805-037104.parquet,34693,downloaded,34693,
2026-07-17,NSE,ITBEES,raw_l2/trade_date=2026-07-17/exchange=NSE/symbol=ITBEES/part-084055_062871-040176.parquet,real_data_sample\l2_unseen_validation\trade_date=2026-07-17\exchange=NSE\symbol=ITBEES\part-084055_062871-040176.parquet,34408,downloaded,34408,
2026-07-17,NSE,ITBEES,raw_l2/trade_date=2026-07-17/exchange=NSE/symbol=ITBEES/part-081454_285764-036688.parquet,real_data_sample\l2_unseen_validation\trade_date=2026-07-17\exchange=NSE\symbol=ITBEES\part-081454_285764-036688.parquet,34653,downloaded,34653,
2026-07-17,NSE,ITBEES,raw_l2/trade_date=2026-07-17/exchange=NSE/symbol=ITBEES/part-084109_092491-040208.parquet,real_data_sample\l2_unseen_validation\trade_date=2026-07-17\exchange=NSE\symbol=ITBEES\part-084109_092491-040208.parquet,34491,downloaded,34491,
2026-07-17,NSE,ITBEES,raw_l2/trade_date=2026-07-17/exchange=NSE/symbol=ITBEES/part-084137_733130-040272.parquet,real_data_sample\l2_unseen_validation\trade_date=2026-07-17\exchange=NSE\symbol=ITBEES\part-084137_733130-040272.parquet,34473,downloaded,34473,
2026-07-17,NSE,ITBEES,raw_l2/trade_date=2026-07-17/exchange=NSE/symbol=ITBEES/part-084249_670980-040432.parquet,real_data_sample\l2_unseen_validation\trade_date=2026-07-17\exchange=NSE\symbol=ITBEES\part-084249_670980-040432.parquet,34546,downloaded,34546,
2026-07-17,NSE,ITBEES,raw_l2/trade_date=2026-07-17/exchange=NSE/symbol=ITBEES/part-081440_392888-036656.parquet,real_data_sample\l2_unseen_validation\trade_date=2026-07-17\exchange=NSE\symbol=ITBEES\part-081440_392888-036656.parquet,34502,downloaded,34502,
2026-07-17,NSE,ITBEES,raw_l2/trade_date=2026-07-17/exchange=NSE/symbol=ITBEES/part-084220_978261-040368.parquet,real_data_sample\l2_unseen_validation\trade_date=2026-07-17\exchange=NSE\symbol=ITBEES\part-084220_978261-040368.parquet,34448,downloaded,34448,
2026-07-17,NSE,ITBEES,raw_l2/trade_date=2026-07-17/exchange=NSE/symbol=ITBEES/part-084235_229487-040400.parquet,real_data_sample\l2_unseen_validation\trade_date=2026-07-17\exchange=NSE\symbol=ITBEES\part-084235_229487-040400.parquet,34327,downloaded,34327,
2026-07-17,NSE,ITBEES,raw_l2/trade_date=2026-07-17/exchange=NSE/symbol=ITBEES/part-084347_206917-040560.parquet,real_data_sample\l2_unseen_validation\trade_date=2026-07-17\exchange=NSE\symbol=ITBEES\part-084347_206917-040560.parquet,34546,downloaded,34546,
2026-07-17,NSE,ITBEES,raw_l2/trade_date=2026-07-17/exchange=NSE/symbol=ITBEES/part-084152_143168-040304.parquet,real_data_sample\l2_unseen_validation\trade_date=2026-07-17\exchange=NSE\symbol=ITBEES\part-084152_143168-040304.parquet,34696,downloaded,34696,
2026-07-17,NSE,ITBEES,raw_l2/trade_date=2026-07-17/exchange=NSE/symbol=ITBEES/part-084206_451275-040336.parquet,real_data_sample\l2_unseen_validation\trade_date=2026-07-17\exchange=NSE\symbol=ITBEES\part-084206_451275-040336.parquet,34668,downloaded,34668,
2026-07-17,NSE,ITBEES,raw_l2/trade_date=2026-07-17/exchange=NSE/symbol=ITBEES/part-084416_160164-040624.parquet,real_data_sample\l2_unseen_validation\trade_date=2026-07-17\exchange=NSE\symbol=ITBEES\part-084416_160164-040624.parquet,34405,downloaded,34405,
2026-07-17,NSE,ITBEES,raw_l2/trade_date=2026-07-17/exchange=NSE/symbol=ITBEES/part-084303_915080-040464.parquet,real_data_sample\l2_unseen_validation\trade_date=2026-07-17\exchange=NSE\symbol=ITBEES\part-084303_915080-040464.parquet,34383,downloaded,34383,
2026-07-17,NSE,ITBEES,raw_l2/trade_date=2026-07-17/exchange=NSE/symbol=ITBEES/part-084401_807006-040592.parquet,real_data_sample\l2_unseen_validation\trade_date=2026-07-17\exchange=NSE\symbol=ITBEES\part-084401_807006-040592.parquet,34559,downloaded,34559,
2026-07-17,NSE,ITBEES,raw_l2/trade_date=2026-07-17/exchange=NSE/symbol=ITBEES/part-084332_769351-040528.parquet,real_data_sample\l2_unseen_validation\trade_date=2026-07-17\exchange=NSE\symbol=ITBEES\part-084332_769351-040528.parquet,34677,downloaded,34677,
2026-07-17,NSE,ITBEES,raw_l2/trade_date=2026-07-17/exchange=NSE/symbol=ITBEES/part-084318_375241-040496.parquet,real_data_sample\l2_unseen_validation\trade_date=2026-07-17\exchange=NSE\symbol=ITBEES\part-084318_375241-040496.parquet,34469,downloaded,34469,
2026-07-17,NSE,ITBEES,raw_l2/trade_date=2026-07-17/exchange=NSE/symbol=ITBEES/part-084459_364024-040720.parquet,real_data_sample\l2_unseen_validation\trade_date=2026-07-17\exchange=NSE\symbol=ITBEES\part-084459_364024-040720.parquet,34479,downloaded,34479,
2026-07-17,NSE,ITBEES,raw_l2/trade_date=2026-07-17/exchange=NSE/symbol=ITBEES/part-084444_928869-040688.parquet,real_data_sample\l2_unseen_validation\trade_date=2026-07-17\exchange=NSE\symbol=ITBEES\part-084444_928869-040688.parquet,34653,downloaded,34653,
2026-07-17,NSE,ITBEES,raw_l2/trade_date=2026-07-17/exchange=NSE/symbol=ITBEES/part-084542_682066-040816.parquet,real_data_sample\l2_unseen_validation\trade_date=2026-07-17\exchange=NSE\symbol=ITBEES\part-084542_682066-040816.parquet,34641,downloaded,34641,
2026-07-17,NSE,ITBEES,raw_l2/trade_date=2026-07-17/exchange=NSE/symbol=ITBEES/part-084611_414475-040880.parquet,real_data_sample\l2_unseen_validation\trade_date=2026-07-17\exchange=NSE\symbol=ITBEES\part-084611_414475-040880.parquet,34359,downloaded,34359,
2026-07-17,NSE,ITBEES,raw_l2/trade_date=2026-07-17/exchange=NSE/symbol=ITBEES/part-084556_896979-040848.parquet,real_data_sample\l2_unseen_validation\trade_date=2026-07-17\exchange=NSE\symbol=ITBEES\part-084556_896979-040848.parquet,34593,downloaded,34593,
2026-07-17,NSE,ITBEES,raw_l2/trade_date=2026-07-17/exchange=NSE/symbol=ITBEES/part-084625_628717-040912.parquet,real_data_sample\l2_unseen_validation\trade_date=2026-07-17\exchange=NSE\symbol=ITBEES\part-084625_628717-040912.parquet,34583,downloaded,34583,
2026-07-17,NSE,ITBEES,raw_l2/trade_date=2026-07-17/exchange=NSE/symbol=ITBEES/part-084123_277435-040240.parquet,real_data_sample\l2_unseen_validation\trade_date=2026-07-17\exchange=NSE\symbol=ITBEES\part-084123_277435-040240.parquet,34424,downloaded,34424,
2026-07-17,NSE,ITBEES,raw_l2/trade_date=2026-07-17/exchange=NSE/symbol=ITBEES/part-084722_634646-041040.parquet,real_data_sample\l2_unseen_validation\trade_date=2026-07-17\exchange=NSE\symbol=ITBEES\part-084722_634646-041040.parquet,34410,downloaded,34410,
2026-07-17,NSE,ITBEES,raw_l2/trade_date=2026-07-17/exchange=NSE/symbol=ITBEES/part-084751_183275-041104.parquet,real_data_sample\l2_unseen_validation\trade_date=2026-07-17\exchange=NSE\symbol=ITBEES\part-084751_183275-041104.parquet,34649,downloaded,34649,
2026-07-17,NSE,ITBEES,raw_l2/trade_date=2026-07-17/exchange=NSE/symbol=ITBEES/part-084819_705947-041168.parquet,real_data_sample\l2_unseen_validation\trade_date=2026-07-17\exchange=NSE\symbol=ITBEES\part-084819_705947-041168.parquet,34570,downloaded,34570,
2026-07-17,NSE,ITBEES,raw_l2/trade_date=2026-07-17/exchange=NSE/symbol=ITBEES/part-084946_776070-041360.parquet,real_data_sample\l2_unseen_validation\trade_date=2026-07-17\exchange=NSE\symbol=ITBEES\part-084946_776070-041360.parquet,34533,downloaded,34533,
2026-07-17,NSE,ITBEES,raw_l2/trade_date=2026-07-17/exchange=NSE/symbol=ITBEES/part-084917_773834-041296.parquet,real_data_sample\l2_unseen_validation\trade_date=2026-07-17\exchange=NSE\symbol=ITBEES\part-084917_773834-041296.parquet,34479,downloaded,34479,
2026-07-17,NSE,ITBEES,raw_l2/trade_date=2026-07-17/exchange=NSE/symbol=ITBEES/part-085001_352358-041392.parquet,real_data_sample\l2_unseen_validation\trade_date=2026-07-17\exchange=NSE\symbol=ITBEES\part-085001_352358-041392.parquet,34738,downloaded,34738,
2026-07-17,NSE,ITBEES,raw_l2/trade_date=2026-07-17/exchange=NSE/symbol=ITBEES/part-085015_754425-041424.parquet,real_data_sample\l2_unseen_validation\trade_date=2026-07-17\exchange=NSE\symbol=ITBEES\part-085015_754425-041424.parquet,34355,downloaded,34355,
2026-07-17,NSE,ITBEES,raw_l2/trade_date=2026-07-17/exchange=NSE/symbol=ITBEES/part-084848_511081-041232.parquet,real_data_sample\l2_unseen_validation\trade_date=2026-07-17\exchange=NSE\symbol=ITBEES\part-084848_511081-041232.parquet,34648,downloaded,34648,
2026-07-17,NSE,ITBEES,raw_l2/trade_date=2026-07-17/exchange=NSE/symbol=ITBEES/part-084834_040068-041200.parquet,real_data_sample\l2_unseen_validation\trade_date=2026-07-17\exchange=NSE\symbol=ITBEES\part-084834_040068-041200.parquet,34539,downloaded,34539,
2026-07-17,NSE,ITBEES,raw_l2/trade_date=2026-07-17/exchange=NSE/symbol=ITBEES/part-084430_611492-040656.parquet,real_data_sample\l2_unseen_validation\trade_date=2026-07-17\exchange=NSE\symbol=ITBEES\part-084430_611492-040656.parquet,34592,downloaded,34592,
2026-07-17,NSE,ITBEES,raw_l2/trade_date=2026-07-17/exchange=NSE/symbol=ITBEES/part-084805_449317-041136.parquet,real_data_sample\l2_unseen_validation\trade_date=2026-07-17\exchange=NSE\symbol=ITBEES\part-084805_449317-041136.parquet,34434,downloaded,34434,
2026-07-17,NSE,ITBEES,raw_l2/trade_date=2026-07-17/exchange=NSE/symbol=ITBEES/part-084903_006121-041264.parquet,real_data_sample\l2_unseen_validation\trade_date=2026-07-17\exchange=NSE\symbol=ITBEES\part-084903_006121-041264.parquet,34473,downloaded,34473,
2026-07-17,NSE,ITBEES,raw_l2/trade_date=2026-07-17/exchange=NSE/symbol=ITBEES/part-084932_184400-041328.parquet,real_data_sample\l2_unseen_validation\trade_date=2026-07-17\exchange=NSE\symbol=ITBEES\part-084932_184400-041328.parquet,34587,downloaded,34587,
2026-07-17,NSE,ITBEES,raw_l2/trade_date=2026-07-17/exchange=NSE/symbol=ITBEES/part-085030_069079-041456.parquet,real_data_sample\l2_unseen_validation\trade_date=2026-07-17\exchange=NSE\symbol=ITBEES\part-085030_069079-041456.parquet,34613,downloaded,34613,
2026-07-17,NSE,ITBEES,raw_l2/trade_date=2026-07-17/exchange=NSE/symbol=ITBEES/part-085044_298860-041488.parquet,real_data_sample\l2_unseen_validation\trade_date=2026-07-17\exchange=NSE\symbol=ITBEES\part-085044_298860-041488.parquet,34739,downloaded,34739,
2026-07-17,NSE,ITBEES,raw_l2/trade_date=2026-07-17/exchange=NSE/symbol=ITBEES/part-085113_641751-041552.parquet,real_data_sample\l2_unseen_validation\trade_date=2026-07-17\exchange=NSE\symbol=ITBEES\part-085113_641751-041552.parquet,34720,downloaded,34720,
2026-07-17,NSE,ITBEES,raw_l2/trade_date=2026-07-17/exchange=NSE/symbol=ITBEES/part-085127_976761-041584.parquet,real_data_sample\l2_unseen_validation\trade_date=2026-07-17\exchange=NSE\symbol=ITBEES\part-085127_976761-041584.parquet,34558,downloaded,34558,
2026-07-17,NSE,ITBEES,raw_l2/trade_date=2026-07-17/exchange=NSE/symbol=ITBEES/part-084528_248841-040784.parquet,real_data_sample\l2_unseen_validation\trade_date=2026-07-17\exchange=NSE\symbol=ITBEES\part-084528_248841-040784.parquet,34738,downloaded,34738,
2026-07-17,NSE,ITBEES,raw_l2/trade_date=2026-07-17/exchange=NSE/symbol=ITBEES/part-084513_810276-040752.parquet,real_data_sample\l2_unseen_validation\trade_date=2026-07-17\exchange=NSE\symbol=ITBEES\part-084513_810276-040752.parquet,34627,downloaded,34627,
2026-07-17,NSE,ITBEES,raw_l2/trade_date=2026-07-17/exchange=NSE/symbol=ITBEES/part-085058_723680-041520.parquet,real_data_sample\l2_unseen_validation\trade_date=2026-07-17\exchange=NSE\symbol=ITBEES\part-085058_723680-041520.parquet,34694,downloaded,34694,
2026-07-17,NSE,ITBEES,raw_l2/trade_date=2026-07-17/exchange=NSE/symbol=ITBEES/part-085142_370913-041616.parquet,real_data_sample\l2_unseen_validation\trade_date=2026-07-17\exchange=NSE\symbol=ITBEES\part-085142_370913-041616.parquet,34623,downloaded,34623,
2026-07-17,NSE,ITBEES,raw_l2/trade_date=2026-07-17/exchange=NSE/symbol=ITBEES/part-085156_798010-041648.parquet,real_data_sample\l2_unseen_validation\trade_date=2026-07-17\exchange=NSE\symbol=ITBEES\part-085156_798010-041648.parquet,34713,downloaded,34713,
2026-07-17,NSE,ITBEES,raw_l2/trade_date=2026-07-17/exchange=NSE/symbol=ITBEES/part-084639_967111-040944.parquet,real_data_sample\l2_unseen_validation\trade_date=2026-07-17\exchange=NSE\symbol=ITBEES\part-084639_967111-040944.parquet,34611,downloaded,34611,
2026-07-17,NSE,ITBEES,raw_l2/trade_date=2026-07-17/exchange=NSE/symbol=ITBEES/part-084708_389110-041008.parquet,real_data_sample\l2_unseen_validation\trade_date=2026-07-17\exchange=NSE\symbol=ITBEES\part-084708_389110-041008.parquet,34408,downloaded,34408,
2026-07-17,NSE,ITBEES,raw_l2/trade_date=2026-07-17/exchange=NSE/symbol=ITBEES/part-085211_494584-041680.parquet,real_data_sample\l2_unseen_validation\trade_date=2026-07-17\exchange=NSE\symbol=ITBEES\part-085211_494584-041680.parquet,34405,downloaded,34405,
2026-07-17,NSE,ITBEES,raw_l2/trade_date=2026-07-17/exchange=NSE/symbol=ITBEES/part-085226_202301-041712.parquet,real_data_sample\l2_unseen_validation\trade_date=2026-07-17\exchange=NSE\symbol=ITBEES\part-085226_202301-041712.parquet,34576,downloaded,34576,
2026-07-17,NSE,ITBEES,raw_l2/trade_date=2026-07-17/exchange=NSE/symbol=ITBEES/part-085240_797433-041744.parquet,real_data_sample\l2_unseen_validation\trade_date=2026-07-17\exchange=NSE\symbol=ITBEES\part-085240_797433-041744.parquet,34580,downloaded,34580,
2026-07-17,NSE,ITBEES,raw_l2/trade_date=2026-07-17/exchange=NSE/symbol=ITBEES/part-084654_221077-040976.parquet,real_data_sample\l2_unseen_validation\trade_date=2026-07-17\exchange=NSE\symbol=ITBEES\part-084654_221077-040976.parquet,34463,downloaded,34463,
2026-07-17,NSE,ITBEES,raw_l2/trade_date=2026-07-17/exchange=NSE/symbol=ITBEES/part-085310_637973-041808.parquet,real_data_sample\l2_unseen_validation\trade_date=2026-07-17\exchange=NSE\symbol=ITBEES\part-085310_637973-041808.parquet,34679,downloaded,34679,
2026-07-17,NSE,ITBEES,raw_l2/trade_date=2026-07-17/exchange=NSE/symbol=ITBEES/part-085255_693915-041776.parquet,real_data_sample\l2_unseen_validation\trade_date=2026-07-17\exchange=NSE\symbol=ITBEES\part-085255_693915-041776.parquet,34508,downloaded,34508,
2026-07-17,NSE,ITBEES,raw_l2/trade_date=2026-07-17/exchange=NSE/symbol=ITBEES/part-085325_747730-041840.parquet,real_data_sample\l2_unseen_validation\trade_date=2026-07-17\exchange=NSE\symbol=ITBEES\part-085325_747730-041840.parquet,34564,downloaded,34564,
2026-07-17,NSE,ITBEES,raw_l2/trade_date=2026-07-17/exchange=NSE/symbol=ITBEES/part-085340_737879-041872.parquet,real_data_sample\l2_unseen_validation\trade_date=2026-07-17\exchange=NSE\symbol=ITBEES\part-085340_737879-041872.parquet,34545,downloaded,34545,
2026-07-17,NSE,ITBEES,raw_l2/trade_date=2026-07-17/exchange=NSE/symbol=ITBEES/part-085354_911424-041904.parquet,real_data_sample\l2_unseen_validation\trade_date=2026-07-17\exchange=NSE\symbol=ITBEES\part-085354_911424-041904.parquet,34497,downloaded,34497,
2026-07-17,NSE,ITBEES,raw_l2/trade_date=2026-07-17/exchange=NSE/symbol=ITBEES/part-084736_841888-041072.parquet,real_data_sample\l2_unseen_validation\trade_date=2026-07-17\exchange=NSE\symbol=ITBEES\part-084736_841888-041072.parquet,34620,downloaded,34620,
2026-07-17,NSE,ITBEES,raw_l2/trade_date=2026-07-17/exchange=NSE/symbol=ITBEES/part-085700_131571-042320.parquet,real_data_sample\l2_unseen_validation\trade_date=2026-07-17\exchange=NSE\symbol=ITBEES\part-085700_131571-042320.parquet,34496,downloaded,34496,
2026-07-17,NSE,ITBEES,raw_l2/trade_date=2026-07-17/exchange=NSE/symbol=ITBEES/part-085452_151620-042032.parquet,real_data_sample\l2_unseen_validation\trade_date=2026-07-17\exchange=NSE\symbol=ITBEES\part-085452_151620-042032.parquet,34520,downloaded,34520,
2026-07-17,NSE,ITBEES,raw_l2/trade_date=2026-07-17/exchange=NSE/symbol=ITBEES/part-085714_450874-042352.parquet,real_data_sample\l2_unseen_validation\trade_date=2026-07-17\exchange=NSE\symbol=ITBEES\part-085714_450874-042352.parquet,34592,downloaded,34592,
2026-07-17,NSE,ITBEES,raw_l2/trade_date=2026-07-17/exchange=NSE/symbol=ITBEES/part-085811_918547-042480.parquet,real_data_sample\l2_unseen_validation\trade_date=2026-07-17\exchange=NSE\symbol=ITBEES\part-085811_918547-042480.parquet,34455,downloaded,34455,
2026-07-17,NSE,ITBEES,raw_l2/trade_date=2026-07-17/exchange=NSE/symbol=ITBEES/part-085520_682898-042096.parquet,real_data_sample\l2_unseen_validation\trade_date=2026-07-17\exchange=NSE\symbol=ITBEES\part-085520_682898-042096.parquet,34527,downloaded,34527,
2026-07-17,NSE,ITBEES,raw_l2/trade_date=2026-07-17/exchange=NSE/symbol=ITBEES/part-085646_042474-042288.parquet,real_data_sample\l2_unseen_validation\trade_date=2026-07-17\exchange=NSE\symbol=ITBEES\part-085646_042474-042288.parquet,34521,downloaded,34521,
2026-07-17,NSE,ITBEES,raw_l2/trade_date=2026-07-17/exchange=NSE/symbol=ITBEES/part-085506_556884-042064.parquet,real_data_sample\l2_unseen_validation\trade_date=2026-07-17\exchange=NSE\symbol=ITBEES\part-085506_556884-042064.parquet,34335,downloaded,34335,
2026-07-17,NSE,ITBEES,raw_l2/trade_date=2026-07-17/exchange=NSE/symbol=ITBEES/part-085409_188103-041936.parquet,real_data_sample\l2_unseen_validation\trade_date=2026-07-17\exchange=NSE\symbol=ITBEES\part-085409_188103-041936.parquet,34603,downloaded,34603,
2026-07-17,NSE,ITBEES,raw_l2/trade_date=2026-07-17/exchange=NSE/symbol=ITBEES/part-085631_695841-042256.parquet,real_data_sample\l2_unseen_validation\trade_date=2026-07-17\exchange=NSE\symbol=ITBEES\part-085631_695841-042256.parquet,34664,downloaded,34664,
2026-07-17,NSE,ITBEES,raw_l2/trade_date=2026-07-17/exchange=NSE/symbol=ITBEES/part-085617_373615-042224.parquet,real_data_sample\l2_unseen_validation\trade_date=2026-07-17\exchange=NSE\symbol=ITBEES\part-085617_373615-042224.parquet,34553,downloaded,34553,
2026-07-17,NSE,ITBEES,raw_l2/trade_date=2026-07-17/exchange=NSE/symbol=ITBEES/part-085603_335364-042192.parquet,real_data_sample\l2_unseen_validation\trade_date=2026-07-17\exchange=NSE\symbol=ITBEES\part-085603_335364-042192.parquet,34633,downloaded,34633,
2026-07-17,NSE,ITBEES,raw_l2/trade_date=2026-07-17/exchange=NSE/symbol=ITBEES/part-085549_204754-042160.parquet,real_data_sample\l2_unseen_validation\trade_date=2026-07-17\exchange=NSE\symbol=ITBEES\part-085549_204754-042160.parquet,34493,downloaded,34493,
2026-07-17,NSE,ITBEES,raw_l2/trade_date=2026-07-17/exchange=NSE/symbol=ITBEES/part-085437_775056-042000.parquet,real_data_sample\l2_unseen_validation\trade_date=2026-07-17\exchange=NSE\symbol=ITBEES\part-085437_775056-042000.parquet,34472,downloaded,34472,
2026-07-17,NSE,ITBEES,raw_l2/trade_date=2026-07-17/exchange=NSE/symbol=ITBEES/part-085826_296254-042512.parquet,real_data_sample\l2_unseen_validation\trade_date=2026-07-17\exchange=NSE\symbol=ITBEES\part-085826_296254-042512.parquet,34708,downloaded,34708,
2026-07-17,NSE,ITBEES,raw_l2/trade_date=2026-07-17/exchange=NSE/symbol=ITBEES/part-085757_497339-042448.parquet,real_data_sample\l2_unseen_validation\trade_date=2026-07-17\exchange=NSE\symbol=ITBEES\part-085757_497339-042448.parquet,34677,downloaded,34677,
2026-07-17,NSE,ITBEES,raw_l2/trade_date=2026-07-17/exchange=NSE/symbol=ITBEES/part-085909_721457-042608.parquet,real_data_sample\l2_unseen_validation\trade_date=2026-07-17\exchange=NSE\symbol=ITBEES\part-085909_721457-042608.parquet,34724,downloaded,34724,
2026-07-17,NSE,ITBEES,raw_l2/trade_date=2026-07-17/exchange=NSE/symbol=ITBEES/part-090008_396378-042736.parquet,real_data_sample\l2_unseen_validation\trade_date=2026-07-17\exchange=NSE\symbol=ITBEES\part-090008_396378-042736.parquet,34344,downloaded,34344,
2026-07-17,NSE,ITBEES,raw_l2/trade_date=2026-07-17/exchange=NSE/symbol=ITBEES/part-085939_186987-042672.parquet,real_data_sample\l2_unseen_validation\trade_date=2026-07-17\exchange=NSE\symbol=ITBEES\part-085939_186987-042672.parquet,34545,downloaded,34545,
2026-07-17,NSE,ITBEES,raw_l2/trade_date=2026-07-17/exchange=NSE/symbol=ITBEES/part-085924_432627-042640.parquet,real_data_sample\l2_unseen_validation\trade_date=2026-07-17\exchange=NSE\symbol=ITBEES\part-085924_432627-042640.parquet,34583,downloaded,34583,
2026-07-17,NSE,ITBEES,raw_l2/trade_date=2026-07-17/exchange=NSE/symbol=ITBEES/part-090022_731705-042768.parquet,real_data_sample\l2_unseen_validation\trade_date=2026-07-17\exchange=NSE\symbol=ITBEES\part-090022_731705-042768.parquet,34452,downloaded,34452,
2026-07-17,NSE,ITBEES,raw_l2/trade_date=2026-07-17/exchange=NSE/symbol=ITBEES/part-090037_127556-042800.parquet,real_data_sample\l2_unseen_validation\trade_date=2026-07-17\exchange=NSE\symbol=ITBEES\part-090037_127556-042800.parquet,34688,downloaded,34688,
2026-07-17,NSE,ITBEES,raw_l2/trade_date=2026-07-17/exchange=NSE/symbol=ITBEES/part-090051_666883-042832.parquet,real_data_sample\l2_unseen_validation\trade_date=2026-07-17\exchange=NSE\symbol=ITBEES\part-090051_666883-042832.parquet,34692,downloaded,34692,
2026-07-17,NSE,ITBEES,raw_l2/trade_date=2026-07-17/exchange=NSE/symbol=ITBEES/part-090106_312063-042864.parquet,real_data_sample\l2_unseen_validation\trade_date=2026-07-17\exchange=NSE\symbol=ITBEES\part-090106_312063-042864.parquet,34528,downloaded,34528,
2026-07-17,NSE,ITBEES,raw_l2/trade_date=2026-07-17/exchange=NSE/symbol=ITBEES/part-085742_959727-042416.parquet,real_data_sample\l2_unseen_validation\trade_date=2026-07-17\exchange=NSE\symbol=ITBEES\part-085742_959727-042416.parquet,34719,downloaded,34719,
2026-07-17,NSE,ITBEES,raw_l2/trade_date=2026-07-17/exchange=NSE/symbol=ITBEES/part-085728_571688-042384.parquet,real_data_sample\l2_unseen_validation\trade_date=2026-07-17\exchange=NSE\symbol=ITBEES\part-085728_571688-042384.parquet,34584,downloaded,34584,
2026-07-17,NSE,ITBEES,raw_l2/trade_date=2026-07-17/exchange=NSE/symbol=ITBEES/part-090135_276704-042928.parquet,real_data_sample\l2_unseen_validation\trade_date=2026-07-17\exchange=NSE\symbol=ITBEES\part-090135_276704-042928.parquet,34461,downloaded,34461,
2026-07-17,NSE,ITBEES,raw_l2/trade_date=2026-07-17/exchange=NSE/symbol=ITBEES/part-085840_764629-042544.parquet,real_data_sample\l2_unseen_validation\trade_date=2026-07-17\exchange=NSE\symbol=ITBEES\part-085840_764629-042544.parquet,34625,downloaded,34625,
2026-07-17,NSE,ITBEES,raw_l2/trade_date=2026-07-17/exchange=NSE/symbol=ITBEES/part-085534_862117-042128.parquet,real_data_sample\l2_unseen_validation\trade_date=2026-07-17\exchange=NSE\symbol=ITBEES\part-085534_862117-042128.parquet,34483,downloaded,34483,
2026-07-17,NSE,ITBEES,raw_l2/trade_date=2026-07-17/exchange=NSE/symbol=ITBEES/part-090301_371898-043120.parquet,real_data_sample\l2_unseen_validation\trade_date=2026-07-17\exchange=NSE\symbol=ITBEES\part-090301_371898-043120.parquet,34552,downloaded,34552,
2026-07-17,NSE,ITBEES,raw_l2/trade_date=2026-07-17/exchange=NSE/symbol=ITBEES/part-090315_803742-043152.parquet,real_data_sample\l2_unseen_validation\trade_date=2026-07-17\exchange=NSE\symbol=ITBEES\part-090315_803742-043152.parquet,34568,downloaded,34568,
2026-07-17,NSE,ITBEES,raw_l2/trade_date=2026-07-17/exchange=NSE/symbol=ITBEES/part-090330_341647-043184.parquet,real_data_sample\l2_unseen_validation\trade_date=2026-07-17\exchange=NSE\symbol=ITBEES\part-090330_341647-043184.parquet,34338,downloaded,34338,
2026-07-17,NSE,ITBEES,raw_l2/trade_date=2026-07-17/exchange=NSE/symbol=ITBEES/part-090149_701922-042960.parquet,real_data_sample\l2_unseen_validation\trade_date=2026-07-17\exchange=NSE\symbol=ITBEES\part-090149_701922-042960.parquet,34635,downloaded,34635,
2026-07-17,NSE,ITBEES,raw_l2/trade_date=2026-07-17/exchange=NSE/symbol=ITBEES/part-090345_255155-043216.parquet,real_data_sample\l2_unseen_validation\trade_date=2026-07-17\exchange=NSE\symbol=ITBEES\part-090345_255155-043216.parquet,34567,downloaded,34567,
2026-07-17,NSE,ITBEES,raw_l2/trade_date=2026-07-17/exchange=NSE/symbol=ITBEES/part-090218_105115-043024.parquet,real_data_sample\l2_unseen_validation\trade_date=2026-07-17\exchange=NSE\symbol=ITBEES\part-090218_105115-043024.parquet,34662,downloaded,34662,
2026-07-17,NSE,ITBEES,raw_l2/trade_date=2026-07-17/exchange=NSE/symbol=ITBEES/part-090359_927014-043248.parquet,real_data_sample\l2_unseen_validation\trade_date=2026-07-17\exchange=NSE\symbol=ITBEES\part-090359_927014-043248.parquet,34337,downloaded,34337,
2026-07-17,NSE,ITBEES,raw_l2/trade_date=2026-07-17/exchange=NSE/symbol=ITBEES/part-090203_945194-042992.parquet,real_data_sample\l2_unseen_validation\trade_date=2026-07-17\exchange=NSE\symbol=ITBEES\part-090203_945194-042992.parquet,34509,downloaded,34509,
2026-07-17,NSE,ITBEES,raw_l2/trade_date=2026-07-17/exchange=NSE/symbol=ITBEES/part-090246_996320-043088.parquet,real_data_sample\l2_unseen_validation\trade_date=2026-07-17\exchange=NSE\symbol=ITBEES\part-090246_996320-043088.parquet,34417,downloaded,34417,
2026-07-17,NSE,ITBEES,raw_l2/trade_date=2026-07-17/exchange=NSE/symbol=ITBEES/part-090414_131898-043280.parquet,real_data_sample\l2_unseen_validation\trade_date=2026-07-17\exchange=NSE\symbol=ITBEES\part-090414_131898-043280.parquet,34415,downloaded,34415,
2026-07-17,NSE,ITBEES,raw_l2/trade_date=2026-07-17/exchange=NSE/symbol=ITBEES/part-085855_250629-042576.parquet,real_data_sample\l2_unseen_validation\trade_date=2026-07-17\exchange=NSE\symbol=ITBEES\part-085855_250629-042576.parquet,34523,downloaded,34523,
2026-07-17,NSE,ITBEES,raw_l2/trade_date=2026-07-17/exchange=NSE/symbol=ITBEES/part-090934_323982-043984.parquet,real_data_sample\l2_unseen_validation\trade_date=2026-07-17\exchange=NSE\symbol=ITBEES\part-090934_323982-043984.parquet,34593,downloaded,34593,
2026-07-17,NSE,ITBEES,raw_l2/trade_date=2026-07-17/exchange=NSE/symbol=ITBEES/part-090541_644389-043472.parquet,real_data_sample\l2_unseen_validation\trade_date=2026-07-17\exchange=NSE\symbol=ITBEES\part-090541_644389-043472.parquet,34604,downloaded,34604,
2026-07-17,NSE,ITBEES,raw_l2/trade_date=2026-07-17/exchange=NSE/symbol=ITBEES/part-090820_476055-043824.parquet,real_data_sample\l2_unseen_validation\trade_date=2026-07-17\exchange=NSE\symbol=ITBEES\part-090820_476055-043824.parquet,34545,downloaded,34545,
2026-07-17,NSE,ITBEES,raw_l2/trade_date=2026-07-17/exchange=NSE/symbol=ITBEES/part-090120_881555-042896.parquet,real_data_sample\l2_unseen_validation\trade_date=2026-07-17\exchange=NSE\symbol=ITBEES\part-090120_881555-042896.parquet,34488,downloaded,34488,
2026-07-17,NSE,ITBEES,raw_l2/trade_date=2026-07-17/exchange=NSE/symbol=ITBEES/part-090527_226664-043440.parquet,real_data_sample\l2_unseen_validation\trade_date=2026-07-17\exchange=NSE\symbol=ITBEES\part-090527_226664-043440.parquet,34660,downloaded,34660,
2026-07-17,NSE,ITBEES,raw_l2/trade_date=2026-07-17/exchange=NSE/symbol=ITBEES/part-091019_243349-044080.parquet,real_data_sample\l2_unseen_validation\trade_date=2026-07-17\exchange=NSE\symbol=ITBEES\part-091019_243349-044080.parquet,34977,downloaded,34977,
2026-07-17,NSE,ITBEES,raw_l2/trade_date=2026-07-17/exchange=NSE/symbol=ITBEES/part-090512_861305-043408.parquet,real_data_sample\l2_unseen_validation\trade_date=2026-07-17\exchange=NSE\symbol=ITBEES\part-090512_861305-043408.parquet,34475,downloaded,34475,
2026-07-17,NSE,ITBEES,raw_l2/trade_date=2026-07-17/exchange=NSE/symbol=ITBEES/part-090722_664563-043696.parquet,real_data_sample\l2_unseen_validation\trade_date=2026-07-17\exchange=NSE\symbol=ITBEES\part-090722_664563-043696.parquet,34364,downloaded,34364,
2026-07-17,NSE,ITBEES,raw_l2/trade_date=2026-07-17/exchange=NSE/symbol=ITBEES/part-091004_925787-044048.parquet,real_data_sample\l2_unseen_validation\trade_date=2026-07-17\exchange=NSE\symbol=ITBEES\part-091004_925787-044048.parquet,34608,downloaded,34608,
2026-07-17,NSE,ITBEES,raw_l2/trade_date=2026-07-17/exchange=NSE/symbol=ITBEES/part-090919_651457-043952.parquet,real_data_sample\l2_unseen_validation\trade_date=2026-07-17\exchange=NSE\symbol=ITBEES\part-090919_651457-043952.parquet,34604,downloaded,34604,
2026-07-17,NSE,ITBEES,raw_l2/trade_date=2026-07-17/exchange=NSE/symbol=ITBEES/part-090849_771682-043888.parquet,real_data_sample\l2_unseen_validation\trade_date=2026-07-17\exchange=NSE\symbol=ITBEES\part-090849_771682-043888.parquet,34322,downloaded,34322,
2026-07-17,NSE,ITBEES,raw_l2/trade_date=2026-07-17/exchange=NSE/symbol=ITBEES/part-090949_584529-044016.parquet,real_data_sample\l2_unseen_validation\trade_date=2026-07-17\exchange=NSE\symbol=ITBEES\part-090949_584529-044016.parquet,34619,downloaded,34619,
2026-07-17,NSE,ITBEES,raw_l2/trade_date=2026-07-17/exchange=NSE/symbol=ITBEES/part-090835_164644-043856.parquet,real_data_sample\l2_unseen_validation\trade_date=2026-07-17\exchange=NSE\symbol=ITBEES\part-090835_164644-043856.parquet,34545,downloaded,34545,
2026-07-17,NSE,ITBEES,raw_l2/trade_date=2026-07-17/exchange=NSE/symbol=ITBEES/part-090736_900005-043728.parquet,real_data_sample\l2_unseen_validation\trade_date=2026-07-17\exchange=NSE\symbol=ITBEES\part-090736_900005-043728.parquet,34454,downloaded,34454,
2026-07-17,NSE,ITBEES,raw_l2/trade_date=2026-07-17/exchange=NSE/symbol=ITBEES/part-090428_525281-043312.parquet,real_data_sample\l2_unseen_validation\trade_date=2026-07-17\exchange=NSE\symbol=ITBEES\part-090428_525281-043312.parquet,34480,downloaded,34480,
2026-07-17,NSE,ITBEES,raw_l2/trade_date=2026-07-17/exchange=NSE/symbol=ITBEES/part-090639_159918-043600.parquet,real_data_sample\l2_unseen_validation\trade_date=2026-07-17\exchange=NSE\symbol=ITBEES\part-090639_159918-043600.parquet,34610,downloaded,34610,
2026-07-17,NSE,ITBEES,raw_l2/trade_date=2026-07-17/exchange=NSE/symbol=ITBEES/part-090653_749593-043632.parquet,real_data_sample\l2_unseen_validation\trade_date=2026-07-17\exchange=NSE\symbol=ITBEES\part-090653_749593-043632.parquet,34613,downloaded,34613,
2026-07-17,NSE,ITBEES,raw_l2/trade_date=2026-07-17/exchange=NSE/symbol=ITBEES/part-090555_901347-043504.parquet,real_data_sample\l2_unseen_validation\trade_date=2026-07-17\exchange=NSE\symbol=ITBEES\part-090555_901347-043504.parquet,34715,downloaded,34715,
2026-07-17,NSE,ITBEES,raw_l2/trade_date=2026-07-17/exchange=NSE/symbol=ITBEES/part-090610_249096-043536.parquet,real_data_sample\l2_unseen_validation\trade_date=2026-07-17\exchange=NSE\symbol=ITBEES\part-090610_249096-043536.parquet,34384,downloaded,34384,
2026-07-17,NSE,ITBEES,raw_l2/trade_date=2026-07-17/exchange=NSE/symbol=ITBEES/part-090443_346306-043344.parquet,real_data_sample\l2_unseen_validation\trade_date=2026-07-17\exchange=NSE\symbol=ITBEES\part-090443_346306-043344.parquet,34827,downloaded,34827,
2026-07-17,NSE,ITBEES,raw_l2/trade_date=2026-07-17/exchange=NSE/symbol=ITBEES/part-091033_925974-044112.parquet,real_data_sample\l2_unseen_validation\trade_date=2026-07-17\exchange=NSE\symbol=ITBEES\part-091033_925974-044112.parquet,35343,downloaded,35343,
2026-07-17,NSE,ITBEES,raw_l2/trade_date=2026-07-17/exchange=NSE/symbol=ITBEES/part-090624_764975-043568.parquet,real_data_sample\l2_unseen_validation\trade_date=2026-07-17\exchange=NSE\symbol=ITBEES\part-090624_764975-043568.parquet,34582,downloaded,34582,
2026-07-17,NSE,ITBEES,raw_l2/trade_date=2026-07-17/exchange=NSE/symbol=ITBEES/part-090904_654977-043920.parquet,real_data_sample\l2_unseen_validation\trade_date=2026-07-17\exchange=NSE\symbol=ITBEES\part-090904_654977-043920.parquet,34470,downloaded,34470,
2026-07-17,NSE,ITBEES,raw_l2/trade_date=2026-07-17/exchange=NSE/symbol=ITBEES/part-090458_098635-043376.parquet,real_data_sample\l2_unseen_validation\trade_date=2026-07-17\exchange=NSE\symbol=ITBEES\part-090458_098635-043376.parquet,34602,downloaded,34602,
2026-07-17,NSE,ITBEES,raw_l2/trade_date=2026-07-17/exchange=NSE/symbol=ITBEES/part-085423_353596-041968.parquet,real_data_sample\l2_unseen_validation\trade_date=2026-07-17\exchange=NSE\symbol=ITBEES\part-085423_353596-041968.parquet,34551,downloaded,34551,
2026-07-17,NSE,ITBEES,raw_l2/trade_date=2026-07-17/exchange=NSE/symbol=ITBEES/part-085953_958866-042704.parquet,real_data_sample\l2_unseen_validation\trade_date=2026-07-17\exchange=NSE\symbol=ITBEES\part-085953_958866-042704.parquet,34682,downloaded,34682,
2026-07-17,NSE,ITBEES,raw_l2/trade_date=2026-07-17/exchange=NSE/symbol=ITBEES/part-091247_251878-044400.parquet,real_data_sample\l2_unseen_validation\trade_date=2026-07-17\exchange=NSE\symbol=ITBEES\part-091247_251878-044400.parquet,34460,downloaded,34460,
2026-07-17,NSE,ITBEES,raw_l2/trade_date=2026-07-17/exchange=NSE/symbol=ITBEES/part-091330_742573-044496.parquet,real_data_sample\l2_unseen_validation\trade_date=2026-07-17\exchange=NSE\symbol=ITBEES\part-091330_742573-044496.parquet,34526,downloaded,34526,
2026-07-17,NSE,ITBEES,raw_l2/trade_date=2026-07-17/exchange=NSE/symbol=ITBEES/part-091232_356047-044368.parquet,real_data_sample\l2_unseen_validation\trade_date=2026-07-17\exchange=NSE\symbol=ITBEES\part-091232_356047-044368.parquet,34521,downloaded,34521,
2026-07-17,NSE,ITBEES,raw_l2/trade_date=2026-07-17/exchange=NSE/symbol=ITBEES/part-091132_864491-044240.parquet,real_data_sample\l2_unseen_validation\trade_date=2026-07-17\exchange=NSE\symbol=ITBEES\part-091132_864491-044240.parquet,34671,downloaded,34671,
2026-07-17,NSE,ITBEES,raw_l2/trade_date=2026-07-17/exchange=NSE/symbol=ITBEES/part-091216_911201-044336.parquet,real_data_sample\l2_unseen_validation\trade_date=2026-07-17\exchange=NSE\symbol=ITBEES\part-091216_911201-044336.parquet,34446,downloaded,34446,
2026-07-17,NSE,ITBEES,raw_l2/trade_date=2026-07-17/exchange=NSE/symbol=ITBEES/part-091301_625082-044432.parquet,real_data_sample\l2_unseen_validation\trade_date=2026-07-17\exchange=NSE\symbol=ITBEES\part-091301_625082-044432.parquet,34524,downloaded,34524,
2026-07-17,NSE,ITBEES,raw_l2/trade_date=2026-07-17/exchange=NSE/symbol=ITBEES/part-091103_228768-044176.parquet,real_data_sample\l2_unseen_validation\trade_date=2026-07-17\exchange=NSE\symbol=ITBEES\part-091103_228768-044176.parquet,34978,downloaded,34978,
2026-07-17,NSE,ITBEES,raw_l2/trade_date=2026-07-17/exchange=NSE/symbol=ITBEES/part-091201_832887-044304.parquet,real_data_sample\l2_unseen_validation\trade_date=2026-07-17\exchange=NSE\symbol=ITBEES\part-091201_832887-044304.parquet,34659,downloaded,34659,
2026-07-17,NSE,ITBEES,raw_l2/trade_date=2026-07-17/exchange=NSE/symbol=ITBEES/part-091117_909843-044208.parquet,real_data_sample\l2_unseen_validation\trade_date=2026-07-17\exchange=NSE\symbol=ITBEES\part-091117_909843-044208.parquet,34652,downloaded,34652,
2026-07-17,NSE,ITBEES,raw_l2/trade_date=2026-07-17/exchange=NSE/symbol=ITBEES/part-091316_319766-044464.parquet,real_data_sample\l2_unseen_validation\trade_date=2026-07-17\exchange=NSE\symbol=ITBEES\part-091316_319766-044464.parquet,34424,downloaded,34424,
2026-07-17,NSE,ITBEES,raw_l2/trade_date=2026-07-17/exchange=NSE/symbol=ITBEES/part-090232_503050-043056.parquet,real_data_sample\l2_unseen_validation\trade_date=2026-07-17\exchange=NSE\symbol=ITBEES\part-090232_503050-043056.parquet,34475,downloaded,34475,
2026-07-17,NSE,ITBEES,raw_l2/trade_date=2026-07-17/exchange=NSE/symbol=ITBEES/part-090708_245876-043664.parquet,real_data_sample\l2_unseen_validation\trade_date=2026-07-17\exchange=NSE\symbol=ITBEES\part-090708_245876-043664.parquet,34546,downloaded,34546,
2026-07-17,NSE,ITBEES,raw_l2/trade_date=2026-07-17/exchange=NSE/symbol=ITBEES/part-090751_192929-043760.parquet,real_data_sample\l2_unseen_validation\trade_date=2026-07-17\exchange=NSE\symbol=ITBEES\part-090751_192929-043760.parquet,34518,downloaded,34518,
2026-07-17,NSE,ITBEES,raw_l2/trade_date=2026-07-17/exchange=NSE/symbol=ITBEES/part-090806_118225-043792.parquet,real_data_sample\l2_unseen_validation\trade_date=2026-07-17\exchange=NSE\symbol=ITBEES\part-090806_118225-043792.parquet,34548,downloaded,34548,
2026-07-17,NSE,ITBEES,raw_l2/trade_date=2026-07-17/exchange=NSE/symbol=ITBEES/part-091442_972688-044656.parquet,real_data_sample\l2_unseen_validation\trade_date=2026-07-17\exchange=NSE\symbol=ITBEES\part-091442_972688-044656.parquet,34434,downloaded,34434,
2026-07-17,NSE,ITBEES,raw_l2/trade_date=2026-07-17/exchange=NSE/symbol=ITBEES/part-091345_160433-044528.parquet,real_data_sample\l2_unseen_validation\trade_date=2026-07-17\exchange=NSE\symbol=ITBEES\part-091345_160433-044528.parquet,34577,downloaded,34577,
2026-07-17,NSE,ITBEES,raw_l2/trade_date=2026-07-17/exchange=NSE/symbol=ITBEES/part-091525_913324-044752.parquet,real_data_sample\l2_unseen_validation\trade_date=2026-07-17\exchange=NSE\symbol=ITBEES\part-091525_913324-044752.parquet,34494,downloaded,34494,
2026-07-17,NSE,ITBEES,raw_l2/trade_date=2026-07-17/exchange=NSE/symbol=ITBEES/part-091457_262571-044688.parquet,real_data_sample\l2_unseen_validation\trade_date=2026-07-17\exchange=NSE\symbol=ITBEES\part-091457_262571-044688.parquet,34447,downloaded,34447,
2026-07-17,NSE,ITBEES,raw_l2/trade_date=2026-07-17/exchange=NSE/symbol=ITBEES/part-091511_767639-044720.parquet,real_data_sample\l2_unseen_validation\trade_date=2026-07-17\exchange=NSE\symbol=ITBEES\part-091511_767639-044720.parquet,34776,downloaded,34776,
2026-07-17,NSE,ITBEES,raw_l2/trade_date=2026-07-17/exchange=NSE/symbol=ITBEES/part-091414_159676-044592.parquet,real_data_sample\l2_unseen_validation\trade_date=2026-07-17\exchange=NSE\symbol=ITBEES\part-091414_159676-044592.parquet,34444,downloaded,34444,
2026-07-17,NSE,ITBEES,raw_l2/trade_date=2026-07-17/exchange=NSE/symbol=ITBEES/part-091428_522301-044624.parquet,real_data_sample\l2_unseen_validation\trade_date=2026-07-17\exchange=NSE\symbol=ITBEES\part-091428_522301-044624.parquet,34651,downloaded,34651,
2026-07-17,NSE,ITBEES,raw_l2/trade_date=2026-07-17/exchange=NSE/symbol=ITBEES/part-091609_478530-044848.parquet,real_data_sample\l2_unseen_validation\trade_date=2026-07-17\exchange=NSE\symbol=ITBEES\part-091609_478530-044848.parquet,34509,downloaded,34509,
2026-07-17,NSE,ITBEES,raw_l2/trade_date=2026-07-17/exchange=NSE/symbol=ITBEES/part-091540_289687-044784.parquet,real_data_sample\l2_unseen_validation\trade_date=2026-07-17\exchange=NSE\symbol=ITBEES\part-091540_289687-044784.parquet,34516,downloaded,34516,
2026-07-17,NSE,ITBEES,raw_l2/trade_date=2026-07-17/exchange=NSE/symbol=ITBEES/part-091359_759194-044560.parquet,real_data_sample\l2_unseen_validation\trade_date=2026-07-17\exchange=NSE\symbol=ITBEES\part-091359_759194-044560.parquet,34482,downloaded,34482,
2026-07-17,NSE,ITBEES,raw_l2/trade_date=2026-07-17/exchange=NSE/symbol=ITBEES/part-091554_822189-044816.parquet,real_data_sample\l2_unseen_validation\trade_date=2026-07-17\exchange=NSE\symbol=ITBEES\part-091554_822189-044816.parquet,34678,downloaded,34678,
2026-07-17,NSE,ITBEES,raw_l2/trade_date=2026-07-17/exchange=NSE/symbol=ITBEES/part-091652_376537-044944.parquet,real_data_sample\l2_unseen_validation\trade_date=2026-07-17\exchange=NSE\symbol=ITBEES\part-091652_376537-044944.parquet,34583,downloaded,34583,
2026-07-17,NSE,ITBEES,raw_l2/trade_date=2026-07-17/exchange=NSE/symbol=ITBEES/part-091624_021184-044880.parquet,real_data_sample\l2_unseen_validation\trade_date=2026-07-17\exchange=NSE\symbol=ITBEES\part-091624_021184-044880.parquet,34452,downloaded,34452,
2026-07-17,NSE,ITBEES,raw_l2/trade_date=2026-07-17/exchange=NSE/symbol=ITBEES/part-091638_167499-044912.parquet,real_data_sample\l2_unseen_validation\trade_date=2026-07-17\exchange=NSE\symbol=ITBEES\part-091638_167499-044912.parquet,34513,downloaded,34513,
2026-07-17,NSE,ITBEES,raw_l2/trade_date=2026-07-17/exchange=NSE/symbol=ITBEES/part-091720_834397-045008.parquet,real_data_sample\l2_unseen_validation\trade_date=2026-07-17\exchange=NSE\symbol=ITBEES\part-091720_834397-045008.parquet,34444,downloaded,34444,
2026-07-17,NSE,ITBEES,raw_l2/trade_date=2026-07-17/exchange=NSE/symbol=ITBEES/part-091734_991541-045040.parquet,real_data_sample\l2_unseen_validation\trade_date=2026-07-17\exchange=NSE\symbol=ITBEES\part-091734_991541-045040.parquet,34701,downloaded,34701,
2026-07-17,NSE,ITBEES,raw_l2/trade_date=2026-07-17/exchange=NSE/symbol=ITBEES/part-091749_142852-045072.parquet,real_data_sample\l2_unseen_validation\trade_date=2026-07-17\exchange=NSE\symbol=ITBEES\part-091749_142852-045072.parquet,34441,downloaded,34441,
2026-07-17,NSE,ITBEES,raw_l2/trade_date=2026-07-17/exchange=NSE/symbol=ITBEES/part-092334_414883-045840.parquet,real_data_sample\l2_unseen_validation\trade_date=2026-07-17\exchange=NSE\symbol=ITBEES\part-092334_414883-045840.parquet,34473,downloaded,34473,
2026-07-17,NSE,ITBEES,raw_l2/trade_date=2026-07-17/exchange=NSE/symbol=ITBEES/part-092348_742557-045872.parquet,real_data_sample\l2_unseen_validation\trade_date=2026-07-17\exchange=NSE\symbol=ITBEES\part-092348_742557-045872.parquet,34418,downloaded,34418,
2026-07-17,NSE,ITBEES,raw_l2/trade_date=2026-07-17/exchange=NSE/symbol=ITBEES/part-092236_260542-045712.parquet,real_data_sample\l2_unseen_validation\trade_date=2026-07-17\exchange=NSE\symbol=ITBEES\part-092236_260542-045712.parquet,34561,downloaded,34561,
2026-07-17,NSE,ITBEES,raw_l2/trade_date=2026-07-17/exchange=NSE/symbol=ITBEES/part-092432_439837-045968.parquet,real_data_sample\l2_unseen_validation\trade_date=2026-07-17\exchange=NSE\symbol=ITBEES\part-092432_439837-045968.parquet,34545,downloaded,34545,
2026-07-17,NSE,ITBEES,raw_l2/trade_date=2026-07-17/exchange=NSE/symbol=ITBEES/part-092417_764389-045936.parquet,real_data_sample\l2_unseen_validation\trade_date=2026-07-17\exchange=NSE\symbol=ITBEES\part-092417_764389-045936.parquet,34492,downloaded,34492,
2026-07-17,NSE,ITBEES,raw_l2/trade_date=2026-07-17/exchange=NSE/symbol=ITBEES/part-092403_093554-045904.parquet,real_data_sample\l2_unseen_validation\trade_date=2026-07-17\exchange=NSE\symbol=ITBEES\part-092403_093554-045904.parquet,34578,downloaded,34578,
2026-07-17,NSE,ITBEES,raw_l2/trade_date=2026-07-17/exchange=NSE/symbol=ITBEES/part-092446_624921-046000.parquet,real_data_sample\l2_unseen_validation\trade_date=2026-07-17\exchange=NSE\symbol=ITBEES\part-092446_624921-046000.parquet,34524,downloaded,34524,
2026-07-17,NSE,ITBEES,raw_l2/trade_date=2026-07-17/exchange=NSE/symbol=ITBEES/part-092501_252527-046032.parquet,real_data_sample\l2_unseen_validation\trade_date=2026-07-17\exchange=NSE\symbol=ITBEES\part-092501_252527-046032.parquet,34581,downloaded,34581,
2026-07-17,NSE,ITBEES,raw_l2/trade_date=2026-07-17/exchange=NSE/symbol=ITBEES/part-092515_961859-046064.parquet,real_data_sample\l2_unseen_validation\trade_date=2026-07-17\exchange=NSE\symbol=ITBEES\part-092515_961859-046064.parquet,34454,downloaded,34454,
2026-07-17,NSE,ITBEES,raw_l2/trade_date=2026-07-17/exchange=NSE/symbol=ITBEES/part-083720_149420-039696.parquet,real_data_sample\l2_unseen_validation\trade_date=2026-07-17\exchange=NSE\symbol=ITBEES\part-083720_149420-039696.parquet,34601,downloaded,34601,
2026-07-17,NSE,ITBEES,raw_l2/trade_date=2026-07-17/exchange=NSE/symbol=ITBEES/part-091706_647661-044976.parquet,real_data_sample\l2_unseen_validation\trade_date=2026-07-17\exchange=NSE\symbol=ITBEES\part-091706_647661-044976.parquet,34412,downloaded,34412,
2026-07-17,NSE,ITBEES,raw_l2/trade_date=2026-07-17/exchange=NSE/symbol=ITBEES/part-092559_740363-046160.parquet,real_data_sample\l2_unseen_validation\trade_date=2026-07-17\exchange=NSE\symbol=ITBEES\part-092559_740363-046160.parquet,34509,downloaded,34509,
2026-07-17,NSE,ITBEES,raw_l2/trade_date=2026-07-17/exchange=NSE/symbol=ITBEES/part-092530_449880-046096.parquet,real_data_sample\l2_unseen_validation\trade_date=2026-07-17\exchange=NSE\symbol=ITBEES\part-092530_449880-046096.parquet,34285,downloaded,34285,
2026-07-17,NSE,ITBEES,raw_l2/trade_date=2026-07-17/exchange=NSE/symbol=ITBEES/part-092545_114117-046128.parquet,real_data_sample\l2_unseen_validation\trade_date=2026-07-17\exchange=NSE\symbol=ITBEES\part-092545_114117-046128.parquet,34478,downloaded,34478,
2026-07-17,NSE,ITBEES,raw_l2/trade_date=2026-07-17/exchange=NSE/symbol=ITBEES/part-092614_474513-046192.parquet,real_data_sample\l2_unseen_validation\trade_date=2026-07-17\exchange=NSE\symbol=ITBEES\part-092614_474513-046192.parquet,34624,downloaded,34624,
2026-07-17,NSE,ITBEES,raw_l2/trade_date=2026-07-17/exchange=NSE/symbol=ITBEES/part-092629_047254-046224.parquet,real_data_sample\l2_unseen_validation\trade_date=2026-07-17\exchange=NSE\symbol=ITBEES\part-092629_047254-046224.parquet,34690,downloaded,34690,
2026-07-17,NSE,ITBEES,raw_l2/trade_date=2026-07-17/exchange=NSE/symbol=ITBEES/part-092644_160973-046256.parquet,real_data_sample\l2_unseen_validation\trade_date=2026-07-17\exchange=NSE\symbol=ITBEES\part-092644_160973-046256.parquet,34420,downloaded,34420,
2026-07-17,NSE,ITBEES,raw_l2/trade_date=2026-07-17/exchange=NSE/symbol=ITBEES/part-092727_007694-046352.parquet,real_data_sample\l2_unseen_validation\trade_date=2026-07-17\exchange=NSE\symbol=ITBEES\part-092727_007694-046352.parquet,34470,downloaded,34470,
2026-07-17,NSE,ITBEES,raw_l2/trade_date=2026-07-17/exchange=NSE/symbol=ITBEES/part-092741_584363-046384.parquet,real_data_sample\l2_unseen_validation\trade_date=2026-07-17\exchange=NSE\symbol=ITBEES\part-092741_584363-046384.parquet,34359,downloaded,34359,
2026-07-17,NSE,ITBEES,raw_l2/trade_date=2026-07-17/exchange=NSE/symbol=ITBEES/part-091147_261292-044272.parquet,real_data_sample\l2_unseen_validation\trade_date=2026-07-17\exchange=NSE\symbol=ITBEES\part-091147_261292-044272.parquet,34589,downloaded,34589,
2026-07-17,NSE,ITBEES,raw_l2/trade_date=2026-07-17/exchange=NSE/symbol=ITBEES/part-092755_977688-046416.parquet,real_data_sample\l2_unseen_validation\trade_date=2026-07-17\exchange=NSE\symbol=ITBEES\part-092755_977688-046416.parquet,34214,downloaded,34214,
2026-07-17,NSE,ITBEES,raw_l2/trade_date=2026-07-17/exchange=NSE/symbol=ITBEES/part-092810_322856-046448.parquet,real_data_sample\l2_unseen_validation\trade_date=2026-07-17\exchange=NSE\symbol=ITBEES\part-092810_322856-046448.parquet,34373,downloaded,34373,
2026-07-17,NSE,ITBEES,raw_l2/trade_date=2026-07-17/exchange=NSE/symbol=ITBEES/part-092824_774977-046480.parquet,real_data_sample\l2_unseen_validation\trade_date=2026-07-17\exchange=NSE\symbol=ITBEES\part-092824_774977-046480.parquet,34611,downloaded,34611,
2026-07-17,NSE,ITBEES,raw_l2/trade_date=2026-07-17/exchange=NSE/symbol=ITBEES/part-092839_293681-046512.parquet,real_data_sample\l2_unseen_validation\trade_date=2026-07-17\exchange=NSE\symbol=ITBEES\part-092839_293681-046512.parquet,34629,downloaded,34629,
2026-07-17,NSE,ITBEES,raw_l2/trade_date=2026-07-17/exchange=NSE/symbol=ITBEES/part-092853_672806-046544.parquet,real_data_sample\l2_unseen_validation\trade_date=2026-07-17\exchange=NSE\symbol=ITBEES\part-092853_672806-046544.parquet,34457,downloaded,34457,
2026-07-17,NSE,ITBEES,raw_l2/trade_date=2026-07-17/exchange=NSE/symbol=ITBEES/part-092908_374010-046576.parquet,real_data_sample\l2_unseen_validation\trade_date=2026-07-17\exchange=NSE\symbol=ITBEES\part-092908_374010-046576.parquet,34462,downloaded,34462,
2026-07-17,NSE,ITBEES,raw_l2/trade_date=2026-07-17/exchange=NSE/symbol=ITBEES/part-092937_518934-046640.parquet,real_data_sample\l2_unseen_validation\trade_date=2026-07-17\exchange=NSE\symbol=ITBEES\part-092937_518934-046640.parquet,34625,downloaded,34625,
2026-07-17,NSE,ITBEES,raw_l2/trade_date=2026-07-17/exchange=NSE/symbol=ITBEES/part-092952_258256-046672.parquet,real_data_sample\l2_unseen_validation\trade_date=2026-07-17\exchange=NSE\symbol=ITBEES\part-092952_258256-046672.parquet,34697,downloaded,34697,
2026-07-17,NSE,ITBEES,raw_l2/trade_date=2026-07-17/exchange=NSE/symbol=ITBEES/part-093021_607622-046736.parquet,real_data_sample\l2_unseen_validation\trade_date=2026-07-17\exchange=NSE\symbol=ITBEES\part-093021_607622-046736.parquet,34590,downloaded,34590,
2026-07-17,NSE,ITBEES,raw_l2/trade_date=2026-07-17/exchange=NSE/symbol=ITBEES/part-093006_928788-046704.parquet,real_data_sample\l2_unseen_validation\trade_date=2026-07-17\exchange=NSE\symbol=ITBEES\part-093006_928788-046704.parquet,34492,downloaded,34492,
2026-07-17,NSE,ITBEES,raw_l2/trade_date=2026-07-17/exchange=NSE/symbol=ITBEES/part-092712_709026-046320.parquet,real_data_sample\l2_unseen_validation\trade_date=2026-07-17\exchange=NSE\symbol=ITBEES\part-092712_709026-046320.parquet,34306,downloaded,34306,
2026-07-17,NSE,ITBEES,raw_l2/trade_date=2026-07-17/exchange=NSE/symbol=ITBEES/part-091048_613349-044144.parquet,real_data_sample\l2_unseen_validation\trade_date=2026-07-17\exchange=NSE\symbol=ITBEES\part-091048_613349-044144.parquet,35419,downloaded,35419,
2026-07-17,NSE,ITBEES,raw_l2/trade_date=2026-07-17/exchange=NSE/symbol=ITBEES/part-091915_755743-045264.parquet,real_data_sample\l2_unseen_validation\trade_date=2026-07-17\exchange=NSE\symbol=ITBEES\part-091915_755743-045264.parquet,34560,downloaded,34560,
2026-07-17,NSE,ITBEES,raw_l2/trade_date=2026-07-17/exchange=NSE/symbol=ITBEES/part-093036_155634-046768.parquet,real_data_sample\l2_unseen_validation\trade_date=2026-07-17\exchange=NSE\symbol=ITBEES\part-093036_155634-046768.parquet,34407,downloaded,34407,
2026-07-17,NSE,ITBEES,raw_l2/trade_date=2026-07-17/exchange=NSE/symbol=ITBEES/part-092923_039432-046608.parquet,real_data_sample\l2_unseen_validation\trade_date=2026-07-17\exchange=NSE\symbol=ITBEES\part-092923_039432-046608.parquet,34693,downloaded,34693,
2026-07-17,NSE,ITBEES,raw_l2/trade_date=2026-07-17/exchange=NSE/symbol=ITBEES/part-093050_501953-046800.parquet,real_data_sample\l2_unseen_validation\trade_date=2026-07-17\exchange=NSE\symbol=ITBEES\part-093050_501953-046800.parquet,34476,downloaded,34476,
2026-07-17,NSE,ITBEES,raw_l2/trade_date=2026-07-17/exchange=NSE/symbol=ITBEES/part-093104_636426-046832.parquet,real_data_sample\l2_unseen_validation\trade_date=2026-07-17\exchange=NSE\symbol=ITBEES\part-093104_636426-046832.parquet,34454,downloaded,34454,
2026-07-17,NSE,ITBEES,raw_l2/trade_date=2026-07-17/exchange=NSE/symbol=ITBEES/part-093119_110442-046864.parquet,real_data_sample\l2_unseen_validation\trade_date=2026-07-17\exchange=NSE\symbol=ITBEES\part-093119_110442-046864.parquet,34374,downloaded,34374,
2026-07-17,NSE,ITBEES,raw_l2/trade_date=2026-07-17/exchange=NSE/symbol=ITBEES/part-093133_247659-046896.parquet,real_data_sample\l2_unseen_validation\trade_date=2026-07-17\exchange=NSE\symbol=ITBEES\part-093133_247659-046896.parquet,34488,downloaded,34488,
2026-07-17,NSE,ITBEES,raw_l2/trade_date=2026-07-17/exchange=NSE/symbol=ITBEES/part-093147_652850-046928.parquet,real_data_sample\l2_unseen_validation\trade_date=2026-07-17\exchange=NSE\symbol=ITBEES\part-093147_652850-046928.parquet,34444,downloaded,34444,
2026-07-17,NSE,ITBEES,raw_l2/trade_date=2026-07-17/exchange=NSE/symbol=ITBEES/part-093230_076634-047024.parquet,real_data_sample\l2_unseen_validation\trade_date=2026-07-17\exchange=NSE\symbol=ITBEES\part-093230_076634-047024.parquet,34408,downloaded,34408,
2026-07-17,NSE,ITBEES,raw_l2/trade_date=2026-07-17/exchange=NSE/symbol=ITBEES/part-093244_512436-047056.parquet,real_data_sample\l2_unseen_validation\trade_date=2026-07-17\exchange=NSE\symbol=ITBEES\part-093244_512436-047056.parquet,34446,downloaded,34446,
2026-07-17,NSE,ITBEES,raw_l2/trade_date=2026-07-17/exchange=NSE/symbol=ITBEES/part-092319_702621-045808.parquet,real_data_sample\l2_unseen_validation\trade_date=2026-07-17\exchange=NSE\symbol=ITBEES\part-092319_702621-045808.parquet,34430,downloaded,34430,
2026-07-17,NSE,ITBEES,raw_l2/trade_date=2026-07-17/exchange=NSE/symbol=ITBEES/part-093312_831083-047120.parquet,real_data_sample\l2_unseen_validation\trade_date=2026-07-17\exchange=NSE\symbol=ITBEES\part-093312_831083-047120.parquet,34434,downloaded,34434,
2026-07-17,NSE,ITBEES,raw_l2/trade_date=2026-07-17/exchange=NSE/symbol=ITBEES/part-092250_706164-045744.parquet,real_data_sample\l2_unseen_validation\trade_date=2026-07-17\exchange=NSE\symbol=ITBEES\part-092250_706164-045744.parquet,34498,downloaded,34498,
2026-07-17,NSE,ITBEES,raw_l2/trade_date=2026-07-17/exchange=NSE/symbol=ITBEES/part-091803_381326-045104.parquet,real_data_sample\l2_unseen_validation\trade_date=2026-07-17\exchange=NSE\symbol=ITBEES\part-091803_381326-045104.parquet,34486,downloaded,34486,
2026-07-17,NSE,ITBEES,raw_l2/trade_date=2026-07-17/exchange=NSE/symbol=ITBEES/part-091817_992155-045136.parquet,real_data_sample\l2_unseen_validation\trade_date=2026-07-17\exchange=NSE\symbol=ITBEES\part-091817_992155-045136.parquet,34550,downloaded,34550,
2026-07-17,NSE,ITBEES,raw_l2/trade_date=2026-07-17/exchange=NSE/symbol=ITBEES/part-091944_287098-045328.parquet,real_data_sample\l2_unseen_validation\trade_date=2026-07-17\exchange=NSE\symbol=ITBEES\part-091944_287098-045328.parquet,34553,downloaded,34553,
2026-07-17,NSE,ITBEES,raw_l2/trade_date=2026-07-17/exchange=NSE/symbol=ITBEES/part-092012_804708-045392.parquet,real_data_sample\l2_unseen_validation\trade_date=2026-07-17\exchange=NSE\symbol=ITBEES\part-092012_804708-045392.parquet,34623,downloaded,34623,
2026-07-17,NSE,ITBEES,raw_l2/trade_date=2026-07-17/exchange=NSE/symbol=ITBEES/part-091929_953383-045296.parquet,real_data_sample\l2_unseen_validation\trade_date=2026-07-17\exchange=NSE\symbol=ITBEES\part-091929_953383-045296.parquet,34581,downloaded,34581,
2026-07-17,NSE,ITBEES,raw_l2/trade_date=2026-07-17/exchange=NSE/symbol=ITBEES/part-093327_098489-047152.parquet,real_data_sample\l2_unseen_validation\trade_date=2026-07-17\exchange=NSE\symbol=ITBEES\part-093327_098489-047152.parquet,34341,downloaded,34341,
2026-07-17,NSE,ITBEES,raw_l2/trade_date=2026-07-17/exchange=NSE/symbol=ITBEES/part-091832_331824-045168.parquet,real_data_sample\l2_unseen_validation\trade_date=2026-07-17\exchange=NSE\symbol=ITBEES\part-091832_331824-045168.parquet,34728,downloaded,34728,
2026-07-17,NSE,ITBEES,raw_l2/trade_date=2026-07-17/exchange=NSE/symbol=ITBEES/part-091958_473049-045360.parquet,real_data_sample\l2_unseen_validation\trade_date=2026-07-17\exchange=NSE\symbol=ITBEES\part-091958_473049-045360.parquet,34469,downloaded,34469,
2026-07-17,NSE,ITBEES,raw_l2/trade_date=2026-07-17/exchange=NSE/symbol=ITBEES/part-092153_465098-045616.parquet,real_data_sample\l2_unseen_validation\trade_date=2026-07-17\exchange=NSE\symbol=ITBEES\part-092153_465098-045616.parquet,34441,downloaded,34441,
2026-07-17,NSE,ITBEES,raw_l2/trade_date=2026-07-17/exchange=NSE/symbol=ITBEES/part-092027_170995-045424.parquet,real_data_sample\l2_unseen_validation\trade_date=2026-07-17\exchange=NSE\symbol=ITBEES\part-092027_170995-045424.parquet,34283,downloaded,34283,
2026-07-17,NSE,ITBEES,raw_l2/trade_date=2026-07-17/exchange=NSE/symbol=ITBEES/part-092055_711339-045488.parquet,real_data_sample\l2_unseen_validation\trade_date=2026-07-17\exchange=NSE\symbol=ITBEES\part-092055_711339-045488.parquet,34499,downloaded,34499,
2026-07-17,NSE,ITBEES,raw_l2/trade_date=2026-07-17/exchange=NSE/symbol=ITBEES/part-093341_133025-047184.parquet,real_data_sample\l2_unseen_validation\trade_date=2026-07-17\exchange=NSE\symbol=ITBEES\part-093341_133025-047184.parquet,34466,downloaded,34466,
2026-07-17,NSE,ITBEES,raw_l2/trade_date=2026-07-17/exchange=NSE/symbol=ITBEES/part-091901_124639-045232.parquet,real_data_sample\l2_unseen_validation\trade_date=2026-07-17\exchange=NSE\symbol=ITBEES\part-091901_124639-045232.parquet,34601,downloaded,34601,
2026-07-17,NSE,ITBEES,raw_l2/trade_date=2026-07-17/exchange=NSE/symbol=ITBEES/part-092041_387881-045456.parquet,real_data_sample\l2_unseen_validation\trade_date=2026-07-17\exchange=NSE\symbol=ITBEES\part-092041_387881-045456.parquet,34401,downloaded,34401,
2026-07-17,NSE,ITBEES,raw_l2/trade_date=2026-07-17/exchange=NSE/symbol=ITBEES/part-093202_134124-046960.parquet,real_data_sample\l2_unseen_validation\trade_date=2026-07-17\exchange=NSE\symbol=ITBEES\part-093202_134124-046960.parquet,34407,downloaded,34407,
2026-07-17,NSE,ITBEES,raw_l2/trade_date=2026-07-17/exchange=NSE/symbol=ITBEES/part-091846_707691-045200.parquet,real_data_sample\l2_unseen_validation\trade_date=2026-07-17\exchange=NSE\symbol=ITBEES\part-091846_707691-045200.parquet,34483,downloaded,34483,
2026-07-17,NSE,ITBEES,raw_l2/trade_date=2026-07-17/exchange=NSE/symbol=ITBEES/part-093355_263918-047216.parquet,real_data_sample\l2_unseen_validation\trade_date=2026-07-17\exchange=NSE\symbol=ITBEES\part-093355_263918-047216.parquet,34426,downloaded,34426,
2026-07-17,NSE,ITBEES,raw_l2/trade_date=2026-07-17/exchange=NSE/symbol=ITBEES/part-092110_151553-045520.parquet,real_data_sample\l2_unseen_validation\trade_date=2026-07-17\exchange=NSE\symbol=ITBEES\part-092110_151553-045520.parquet,34403,downloaded,34403,
2026-07-17,NSE,ITBEES,raw_l2/trade_date=2026-07-17/exchange=NSE/symbol=ITBEES/part-093409_312355-047248.parquet,real_data_sample\l2_unseen_validation\trade_date=2026-07-17\exchange=NSE\symbol=ITBEES\part-093409_312355-047248.parquet,34533,downloaded,34533,
2026-07-17,NSE,ITBEES,raw_l2/trade_date=2026-07-17/exchange=NSE/symbol=ITBEES/part-092658_413911-046288.parquet,real_data_sample\l2_unseen_validation\trade_date=2026-07-17\exchange=NSE\symbol=ITBEES\part-092658_413911-046288.parquet,34388,downloaded,34388,
2026-07-17,NSE,ITBEES,raw_l2/trade_date=2026-07-17/exchange=NSE/symbol=ITBEES/part-093423_347688-047280.parquet,real_data_sample\l2_unseen_validation\trade_date=2026-07-17\exchange=NSE\symbol=ITBEES\part-093423_347688-047280.parquet,34249,downloaded,34249,
2026-07-17,NSE,ITBEES,raw_l2/trade_date=2026-07-17/exchange=NSE/symbol=ITBEES/part-093437_418201-047312.parquet,real_data_sample\l2_unseen_validation\trade_date=2026-07-17\exchange=NSE\symbol=ITBEES\part-093437_418201-047312.parquet,34409,downloaded,34409,
2026-07-17,NSE,ITBEES,raw_l2/trade_date=2026-07-17/exchange=NSE/symbol=ITBEES/part-093216_029923-046992.parquet,real_data_sample\l2_unseen_validation\trade_date=2026-07-17\exchange=NSE\symbol=ITBEES\part-093216_029923-046992.parquet,34283,downloaded,34283,
2026-07-17,NSE,ITBEES,raw_l2/trade_date=2026-07-17/exchange=NSE/symbol=ITBEES/part-092124_461620-045552.parquet,real_data_sample\l2_unseen_validation\trade_date=2026-07-17\exchange=NSE\symbol=ITBEES\part-092124_461620-045552.parquet,34627,downloaded,34627,
2026-07-17,NSE,ITBEES,raw_l2/trade_date=2026-07-17/exchange=NSE/symbol=ITBEES/part-092138_965451-045584.parquet,real_data_sample\l2_unseen_validation\trade_date=2026-07-17\exchange=NSE\symbol=ITBEES\part-092138_965451-045584.parquet,34509,downloaded,34509,
2026-07-17,NSE,ITBEES,raw_l2/trade_date=2026-07-17/exchange=NSE/symbol=ITBEES/part-092207_658764-045648.parquet,real_data_sample\l2_unseen_validation\trade_date=2026-07-17\exchange=NSE\symbol=ITBEES\part-092207_658764-045648.parquet,34418,downloaded,34418,
2026-07-17,NSE,ITBEES,raw_l2/trade_date=2026-07-17/exchange=NSE/symbol=ITBEES/part-093258_587065-047088.parquet,real_data_sample\l2_unseen_validation\trade_date=2026-07-17\exchange=NSE\symbol=ITBEES\part-093258_587065-047088.parquet,34428,downloaded,34428,
2026-07-17,NSE,ITBEES,raw_l2/trade_date=2026-07-17/exchange=NSE/symbol=ITBEES/part-093451_632827-047344.parquet,real_data_sample\l2_unseen_validation\trade_date=2026-07-17\exchange=NSE\symbol=ITBEES\part-093451_632827-047344.parquet,34442,downloaded,34442,
2026-07-17,NSE,ITBEES,raw_l2/trade_date=2026-07-17/exchange=NSE/symbol=ITBEES/part-093534_685234-047440.parquet,real_data_sample\l2_unseen_validation\trade_date=2026-07-17\exchange=NSE\symbol=ITBEES\part-093534_685234-047440.parquet,34457,downloaded,34457,
2026-07-17,NSE,ITBEES,raw_l2/trade_date=2026-07-17/exchange=NSE/symbol=ITBEES/part-092304_956566-045776.parquet,real_data_sample\l2_unseen_validation\trade_date=2026-07-17\exchange=NSE\symbol=ITBEES\part-092304_956566-045776.parquet,34638,downloaded,34638,
2026-07-17,NSE,ITBEES,raw_l2/trade_date=2026-07-17/exchange=NSE/symbol=ITBEES/part-093505_963977-047376.parquet,real_data_sample\l2_unseen_validation\trade_date=2026-07-17\exchange=NSE\symbol=ITBEES\part-093505_963977-047376.parquet,34331,downloaded,34331,
2026-07-17,NSE,ITBEES,raw_l2/trade_date=2026-07-17/exchange=NSE/symbol=ITBEES/part-093520_399968-047408.parquet,real_data_sample\l2_unseen_validation\trade_date=2026-07-17\exchange=NSE\symbol=ITBEES\part-093520_399968-047408.parquet,34326,downloaded,34326,
2026-07-17,NSE,ITBEES,raw_l2/trade_date=2026-07-17/exchange=NSE/symbol=ITBEES/part-093603_425493-047504.parquet,real_data_sample\l2_unseen_validation\trade_date=2026-07-17\exchange=NSE\symbol=ITBEES\part-093603_425493-047504.parquet,34240,downloaded,34240,
2026-07-17,NSE,ITBEES,raw_l2/trade_date=2026-07-17/exchange=NSE/symbol=ITBEES/part-093548_929959-047472.parquet,real_data_sample\l2_unseen_validation\trade_date=2026-07-17\exchange=NSE\symbol=ITBEES\part-093548_929959-047472.parquet,34457,downloaded,34457,
2026-07-17,NSE,ITBEES,raw_l2/trade_date=2026-07-17/exchange=NSE/symbol=ITBEES/part-092221_957516-045680.parquet,real_data_sample\l2_unseen_validation\trade_date=2026-07-17\exchange=NSE\symbol=ITBEES\part-092221_957516-045680.parquet,34504,downloaded,34504,
2026-07-17,NSE,ITBEES,raw_l2/trade_date=2026-07-17/exchange=NSE/symbol=ITBEES/part-093632_117591-047568.parquet,real_data_sample\l2_unseen_validation\trade_date=2026-07-17\exchange=NSE\symbol=ITBEES\part-093632_117591-047568.parquet,34287,downloaded,34287,
2026-07-17,NSE,ITBEES,raw_l2/trade_date=2026-07-17/exchange=NSE/symbol=ITBEES/part-093700_303801-047632.parquet,real_data_sample\l2_unseen_validation\trade_date=2026-07-17\exchange=NSE\symbol=ITBEES\part-093700_303801-047632.parquet,34399,downloaded,34399,
2026-07-17,NSE,ITBEES,raw_l2/trade_date=2026-07-17/exchange=NSE/symbol=ITBEES/part-093646_265708-047600.parquet,real_data_sample\l2_unseen_validation\trade_date=2026-07-17\exchange=NSE\symbol=ITBEES\part-093646_265708-047600.parquet,34222,downloaded,34222,
2026-07-17,NSE,ITBEES,raw_l2/trade_date=2026-07-17/exchange=NSE/symbol=ITBEES/part-093728_215295-047696.parquet,real_data_sample\l2_unseen_validation\trade_date=2026-07-17\exchange=NSE\symbol=ITBEES\part-093728_215295-047696.parquet,34437,downloaded,34437,
2026-07-17,NSE,ITBEES,raw_l2/trade_date=2026-07-17/exchange=NSE/symbol=ITBEES/part-093810_493852-047792.parquet,real_data_sample\l2_unseen_validation\trade_date=2026-07-17\exchange=NSE\symbol=ITBEES\part-093810_493852-047792.parquet,34483,downloaded,34483,
2026-07-17,NSE,ITBEES,raw_l2/trade_date=2026-07-17/exchange=NSE/symbol=ITBEES/part-094019_306250-048080.parquet,real_data_sample\l2_unseen_validation\trade_date=2026-07-17\exchange=NSE\symbol=ITBEES\part-094019_306250-048080.parquet,34274,downloaded,34274,
2026-07-17,NSE,ITBEES,raw_l2/trade_date=2026-07-17/exchange=NSE/symbol=ITBEES/part-094033_708017-048112.parquet,real_data_sample\l2_unseen_validation\trade_date=2026-07-17\exchange=NSE\symbol=ITBEES\part-094033_708017-048112.parquet,34264,downloaded,34264,
2026-07-17,NSE,ITBEES,raw_l2/trade_date=2026-07-17/exchange=NSE/symbol=ITBEES/part-093824_662843-047824.parquet,real_data_sample\l2_unseen_validation\trade_date=2026-07-17\exchange=NSE\symbol=ITBEES\part-093824_662843-047824.parquet,34484,downloaded,34484,
2026-07-17,NSE,ITBEES,raw_l2/trade_date=2026-07-17/exchange=NSE/symbol=ITBEES/part-093907_502408-047920.parquet,real_data_sample\l2_unseen_validation\trade_date=2026-07-17\exchange=NSE\symbol=ITBEES\part-093907_502408-047920.parquet,34446,downloaded,34446,
2026-07-17,NSE,ITBEES,raw_l2/trade_date=2026-07-17/exchange=NSE/symbol=ITBEES/part-093950_831283-048016.parquet,real_data_sample\l2_unseen_validation\trade_date=2026-07-17\exchange=NSE\symbol=ITBEES\part-093950_831283-048016.parquet,34596,downloaded,34596,
2026-07-17,NSE,ITBEES,raw_l2/trade_date=2026-07-17/exchange=NSE/symbol=ITBEES/part-094116_715329-048208.parquet,real_data_sample\l2_unseen_validation\trade_date=2026-07-17\exchange=NSE\symbol=ITBEES\part-094116_715329-048208.parquet,34515,downloaded,34515,
2026-07-17,NSE,ITBEES,raw_l2/trade_date=2026-07-17/exchange=NSE/symbol=ITBEES/part-093838_889224-047856.parquet,real_data_sample\l2_unseen_validation\trade_date=2026-07-17\exchange=NSE\symbol=ITBEES\part-093838_889224-047856.parquet,34265,downloaded,34265,
2026-07-17,NSE,ITBEES,raw_l2/trade_date=2026-07-17/exchange=NSE/symbol=ITBEES/part-094102_315174-048176.parquet,real_data_sample\l2_unseen_validation\trade_date=2026-07-17\exchange=NSE\symbol=ITBEES\part-094102_315174-048176.parquet,34504,downloaded,34504,
2026-07-17,NSE,ITBEES,raw_l2/trade_date=2026-07-17/exchange=NSE/symbol=ITBEES/part-093922_122066-047952.parquet,real_data_sample\l2_unseen_validation\trade_date=2026-07-17\exchange=NSE\symbol=ITBEES\part-093922_122066-047952.parquet,34283,downloaded,34283,
2026-07-17,NSE,ITBEES,raw_l2/trade_date=2026-07-17/exchange=NSE/symbol=ITBEES/part-094131_107509-048240.parquet,real_data_sample\l2_unseen_validation\trade_date=2026-07-17\exchange=NSE\symbol=ITBEES\part-094131_107509-048240.parquet,34512,downloaded,34512,
2026-07-17,NSE,ITBEES,raw_l2/trade_date=2026-07-17/exchange=NSE/symbol=ITBEES/part-094159_993041-048304.parquet,real_data_sample\l2_unseen_validation\trade_date=2026-07-17\exchange=NSE\symbol=ITBEES\part-094159_993041-048304.parquet,34246,downloaded,34246,
2026-07-17,NSE,ITBEES,raw_l2/trade_date=2026-07-17/exchange=NSE/symbol=ITBEES/part-094214_403460-048336.parquet,real_data_sample\l2_unseen_validation\trade_date=2026-07-17\exchange=NSE\symbol=ITBEES\part-094214_403460-048336.parquet,34562,downloaded,34562,
2026-07-17,NSE,ITBEES,raw_l2/trade_date=2026-07-17/exchange=NSE/symbol=ITBEES/part-094243_127180-048400.parquet,real_data_sample\l2_unseen_validation\trade_date=2026-07-17\exchange=NSE\symbol=ITBEES\part-094243_127180-048400.parquet,34544,downloaded,34544,
2026-07-17,NSE,ITBEES,raw_l2/trade_date=2026-07-17/exchange=NSE/symbol=ITBEES/part-093617_886248-047536.parquet,real_data_sample\l2_unseen_validation\trade_date=2026-07-17\exchange=NSE\symbol=ITBEES\part-093617_886248-047536.parquet,34406,downloaded,34406,
2026-07-17,NSE,ITBEES,raw_l2/trade_date=2026-07-17/exchange=NSE/symbol=ITBEES/part-094311_378289-048464.parquet,real_data_sample\l2_unseen_validation\trade_date=2026-07-17\exchange=NSE\symbol=ITBEES\part-094311_378289-048464.parquet,34367,downloaded,34367,
2026-07-17,NSE,ITBEES,raw_l2/trade_date=2026-07-17/exchange=NSE/symbol=ITBEES/part-094228_858739-048368.parquet,real_data_sample\l2_unseen_validation\trade_date=2026-07-17\exchange=NSE\symbol=ITBEES\part-094228_858739-048368.parquet,34392,downloaded,34392,
2026-07-17,NSE,ITBEES,raw_l2/trade_date=2026-07-17/exchange=NSE/symbol=ITBEES/part-094325_724113-048496.parquet,real_data_sample\l2_unseen_validation\trade_date=2026-07-17\exchange=NSE\symbol=ITBEES\part-094325_724113-048496.parquet,34472,downloaded,34472,
2026-07-17,NSE,ITBEES,raw_l2/trade_date=2026-07-17/exchange=NSE/symbol=ITBEES/part-094257_348344-048432.parquet,real_data_sample\l2_unseen_validation\trade_date=2026-07-17\exchange=NSE\symbol=ITBEES\part-094257_348344-048432.parquet,34400,downloaded,34400,
2026-07-17,NSE,ITBEES,raw_l2/trade_date=2026-07-17/exchange=NSE/symbol=ITBEES/part-094339_931992-048528.parquet,real_data_sample\l2_unseen_validation\trade_date=2026-07-17\exchange=NSE\symbol=ITBEES\part-094339_931992-048528.parquet,34340,downloaded,34340,
2026-07-17,NSE,ITBEES,raw_l2/trade_date=2026-07-17/exchange=NSE/symbol=ITBEES/part-094408_948448-048592.parquet,real_data_sample\l2_unseen_validation\trade_date=2026-07-17\exchange=NSE\symbol=ITBEES\part-094408_948448-048592.parquet,34453,downloaded,34453,
2026-07-17,NSE,ITBEES,raw_l2/trade_date=2026-07-17/exchange=NSE/symbol=ITBEES/part-093756_374181-047760.parquet,real_data_sample\l2_unseen_validation\trade_date=2026-07-17\exchange=NSE\symbol=ITBEES\part-093756_374181-047760.parquet,34453,downloaded,34453,
2026-07-17,NSE,ITBEES,raw_l2/trade_date=2026-07-17/exchange=NSE/symbol=ITBEES/part-094354_514466-048560.parquet,real_data_sample\l2_unseen_validation\trade_date=2026-07-17\exchange=NSE\symbol=ITBEES\part-094354_514466-048560.parquet,34450,downloaded,34450,
2026-07-17,NSE,ITBEES,raw_l2/trade_date=2026-07-17/exchange=NSE/symbol=ITBEES/part-093742_240383-047728.parquet,real_data_sample\l2_unseen_validation\trade_date=2026-07-17\exchange=NSE\symbol=ITBEES\part-093742_240383-047728.parquet,34594,downloaded,34594,
2026-07-17,NSE,ITBEES,raw_l2/trade_date=2026-07-17/exchange=NSE/symbol=ITBEES/part-094437_558491-048656.parquet,real_data_sample\l2_unseen_validation\trade_date=2026-07-17\exchange=NSE\symbol=ITBEES\part-094437_558491-048656.parquet,34396,downloaded,34396,
2026-07-17,NSE,ITBEES,raw_l2/trade_date=2026-07-17/exchange=NSE/symbol=ITBEES/part-094423_209390-048624.parquet,real_data_sample\l2_unseen_validation\trade_date=2026-07-17\exchange=NSE\symbol=ITBEES\part-094423_209390-048624.parquet,34460,downloaded,34460,
2026-07-17,NSE,ITBEES,raw_l2/trade_date=2026-07-17/exchange=NSE/symbol=ITBEES/part-094451_886234-048688.parquet,real_data_sample\l2_unseen_validation\trade_date=2026-07-17\exchange=NSE\symbol=ITBEES\part-094451_886234-048688.parquet,34500,downloaded,34500,
2026-07-17,NSE,ITBEES,raw_l2/trade_date=2026-07-17/exchange=NSE/symbol=ITBEES/part-093936_349366-047984.parquet,real_data_sample\l2_unseen_validation\trade_date=2026-07-17\exchange=NSE\symbol=ITBEES\part-093936_349366-047984.parquet,34274,downloaded,34274,
2026-07-17,NSE,ITBEES,raw_l2/trade_date=2026-07-17/exchange=NSE/symbol=ITBEES/part-093853_054063-047888.parquet,real_data_sample\l2_unseen_validation\trade_date=2026-07-17\exchange=NSE\symbol=ITBEES\part-093853_054063-047888.parquet,34443,downloaded,34443,
2026-07-17,NSE,ITBEES,raw_l2/trade_date=2026-07-17/exchange=NSE/symbol=ITBEES/part-094548_699741-048816.parquet,real_data_sample\l2_unseen_validation\trade_date=2026-07-17\exchange=NSE\symbol=ITBEES\part-094548_699741-048816.parquet,34271,downloaded,34271,
2026-07-17,NSE,ITBEES,raw_l2/trade_date=2026-07-17/exchange=NSE/symbol=ITBEES/part-094534_381076-048784.parquet,real_data_sample\l2_unseen_validation\trade_date=2026-07-17\exchange=NSE\symbol=ITBEES\part-094534_381076-048784.parquet,34345,downloaded,34345,
2026-07-17,NSE,ITBEES,raw_l2/trade_date=2026-07-17/exchange=NSE/symbol=ITBEES/part-094617_538982-048880.parquet,real_data_sample\l2_unseen_validation\trade_date=2026-07-17\exchange=NSE\symbol=ITBEES\part-094617_538982-048880.parquet,34432,downloaded,34432,
2026-07-17,NSE,ITBEES,raw_l2/trade_date=2026-07-17/exchange=NSE/symbol=ITBEES/part-094631_801506-048912.parquet,real_data_sample\l2_unseen_validation\trade_date=2026-07-17\exchange=NSE\symbol=ITBEES\part-094631_801506-048912.parquet,34409,downloaded,34409,
2026-07-17,NSE,ITBEES,raw_l2/trade_date=2026-07-17/exchange=NSE/symbol=ITBEES/part-094047_947428-048144.parquet,real_data_sample\l2_unseen_validation\trade_date=2026-07-17\exchange=NSE\symbol=ITBEES\part-094047_947428-048144.parquet,34539,downloaded,34539,
2026-07-17,NSE,ITBEES,raw_l2/trade_date=2026-07-17/exchange=NSE/symbol=ITBEES/part-094603_170271-048848.parquet,real_data_sample\l2_unseen_validation\trade_date=2026-07-17\exchange=NSE\symbol=ITBEES\part-094603_170271-048848.parquet,34228,downloaded,34228,
2026-07-17,NSE,ITBEES,raw_l2/trade_date=2026-07-17/exchange=NSE/symbol=ITBEES/part-094714_175610-049008.parquet,real_data_sample\l2_unseen_validation\trade_date=2026-07-17\exchange=NSE\symbol=ITBEES\part-094714_175610-049008.parquet,34283,downloaded,34283,
2026-07-17,NSE,ITBEES,raw_l2/trade_date=2026-07-17/exchange=NSE/symbol=ITBEES/part-094659_906322-048976.parquet,real_data_sample\l2_unseen_validation\trade_date=2026-07-17\exchange=NSE\symbol=ITBEES\part-094659_906322-048976.parquet,34531,downloaded,34531,
2026-07-17,NSE,ITBEES,raw_l2/trade_date=2026-07-17/exchange=NSE/symbol=ITBEES/part-094520_308157-048752.parquet,real_data_sample\l2_unseen_validation\trade_date=2026-07-17\exchange=NSE\symbol=ITBEES\part-094520_308157-048752.parquet,34125,downloaded,34125,
2026-07-17,NSE,ITBEES,raw_l2/trade_date=2026-07-17/exchange=NSE/symbol=ITBEES/part-094145_613214-048272.parquet,real_data_sample\l2_unseen_validation\trade_date=2026-07-17\exchange=NSE\symbol=ITBEES\part-094145_613214-048272.parquet,34397,downloaded,34397,
2026-07-17,NSE,ITBEES,raw_l2/trade_date=2026-07-17/exchange=NSE/symbol=ITBEES/part-094645_781446-048944.parquet,real_data_sample\l2_unseen_validation\trade_date=2026-07-17\exchange=NSE\symbol=ITBEES\part-094645_781446-048944.parquet,34367,downloaded,34367,
2026-07-17,NSE,ITBEES,raw_l2/trade_date=2026-07-17/exchange=NSE/symbol=ITBEES/part-094506_092341-048720.parquet,real_data_sample\l2_unseen_validation\trade_date=2026-07-17\exchange=NSE\symbol=ITBEES\part-094506_092341-048720.parquet,34382,downloaded,34382,
2026-07-17,NSE,ITBEES,raw_l2/trade_date=2026-07-17/exchange=NSE/symbol=ITBEES/part-094728_401515-049040.parquet,real_data_sample\l2_unseen_validation\trade_date=2026-07-17\exchange=NSE\symbol=ITBEES\part-094728_401515-049040.parquet,34467,downloaded,34467,
2026-07-17,NSE,ITBEES,raw_l2/trade_date=2026-07-17/exchange=NSE/symbol=ITBEES/part-094742_670946-049072.parquet,real_data_sample\l2_unseen_validation\trade_date=2026-07-17\exchange=NSE\symbol=ITBEES\part-094742_670946-049072.parquet,34611,downloaded,34611,
2026-07-17,NSE,ITBEES,raw_l2/trade_date=2026-07-17/exchange=NSE/symbol=ITBEES/part-094757_110028-049104.parquet,real_data_sample\l2_unseen_validation\trade_date=2026-07-17\exchange=NSE\symbol=ITBEES\part-094757_110028-049104.parquet,34431,downloaded,34431,
2026-07-17,NSE,ITBEES,raw_l2/trade_date=2026-07-17/exchange=NSE/symbol=ITBEES/part-093714_358389-047664.parquet,real_data_sample\l2_unseen_validation\trade_date=2026-07-17\exchange=NSE\symbol=ITBEES\part-093714_358389-047664.parquet,34494,downloaded,34494,
2026-07-17,NSE,ITBEES,raw_l2/trade_date=2026-07-17/exchange=NSE/symbol=ITBEES/part-094854_000629-049232.parquet,real_data_sample\l2_unseen_validation\trade_date=2026-07-17\exchange=NSE\symbol=ITBEES\part-094854_000629-049232.parquet,34405,downloaded,34405,
2026-07-17,NSE,ITBEES,raw_l2/trade_date=2026-07-17/exchange=NSE/symbol=ITBEES/part-094825_365817-049168.parquet,real_data_sample\l2_unseen_validation\trade_date=2026-07-17\exchange=NSE\symbol=ITBEES\part-094825_365817-049168.parquet,34474,downloaded,34474,
2026-07-17,NSE,ITBEES,raw_l2/trade_date=2026-07-17/exchange=NSE/symbol=ITBEES/part-094922_727359-049296.parquet,real_data_sample\l2_unseen_validation\trade_date=2026-07-17\exchange=NSE\symbol=ITBEES\part-094922_727359-049296.parquet,34251,downloaded,34251,
2026-07-17,NSE,ITBEES,raw_l2/trade_date=2026-07-17/exchange=NSE/symbol=ITBEES/part-094908_377711-049264.parquet,real_data_sample\l2_unseen_validation\trade_date=2026-07-17\exchange=NSE\symbol=ITBEES\part-094908_377711-049264.parquet,34321,downloaded,34321,
2026-07-17,NSE,ITBEES,raw_l2/trade_date=2026-07-17/exchange=NSE/symbol=ITBEES/part-094839_754439-049200.parquet,real_data_sample\l2_unseen_validation\trade_date=2026-07-17\exchange=NSE\symbol=ITBEES\part-094839_754439-049200.parquet,34367,downloaded,34367,
2026-07-17,NSE,ITBEES,raw_l2/trade_date=2026-07-17/exchange=NSE/symbol=ITBEES/part-095048_043422-049488.parquet,real_data_sample\l2_unseen_validation\trade_date=2026-07-17\exchange=NSE\symbol=ITBEES\part-095048_043422-049488.parquet,34471,downloaded,34471,
2026-07-17,NSE,ITBEES,raw_l2/trade_date=2026-07-17/exchange=NSE/symbol=ITBEES/part-094936_993367-049328.parquet,real_data_sample\l2_unseen_validation\trade_date=2026-07-17\exchange=NSE\symbol=ITBEES\part-094936_993367-049328.parquet,34535,downloaded,34535,
2026-07-17,NSE,ITBEES,raw_l2/trade_date=2026-07-17/exchange=NSE/symbol=ITBEES/part-095033_869388-049456.parquet,real_data_sample\l2_unseen_validation\trade_date=2026-07-17\exchange=NSE\symbol=ITBEES\part-095033_869388-049456.parquet,34359,downloaded,34359,
2026-07-17,NSE,ITBEES,raw_l2/trade_date=2026-07-17/exchange=NSE/symbol=ITBEES/part-095005_306522-049392.parquet,real_data_sample\l2_unseen_validation\trade_date=2026-07-17\exchange=NSE\symbol=ITBEES\part-095005_306522-049392.parquet,34295,downloaded,34295,
2026-07-17,NSE,ITBEES,raw_l2/trade_date=2026-07-17/exchange=NSE/symbol=ITBEES/part-095102_102116-049520.parquet,real_data_sample\l2_unseen_validation\trade_date=2026-07-17\exchange=NSE\symbol=ITBEES\part-095102_102116-049520.parquet,34277,downloaded,34277,
2026-07-17,NSE,ITBEES,raw_l2/trade_date=2026-07-17/exchange=NSE/symbol=ITBEES/part-095158_245054-049648.parquet,real_data_sample\l2_unseen_validation\trade_date=2026-07-17\exchange=NSE\symbol=ITBEES\part-095158_245054-049648.parquet,34601,downloaded,34601,
2026-07-17,NSE,ITBEES,raw_l2/trade_date=2026-07-17/exchange=NSE/symbol=ITBEES/part-095144_329353-049616.parquet,real_data_sample\l2_unseen_validation\trade_date=2026-07-17\exchange=NSE\symbol=ITBEES\part-095144_329353-049616.parquet,34215,downloaded,34215,
2026-07-17,NSE,ITBEES,raw_l2/trade_date=2026-07-17/exchange=NSE/symbol=ITBEES/part-095212_791171-049680.parquet,real_data_sample\l2_unseen_validation\trade_date=2026-07-17\exchange=NSE\symbol=ITBEES\part-095212_791171-049680.parquet,34255,downloaded,34255,
2026-07-17,NSE,ITBEES,raw_l2/trade_date=2026-07-17/exchange=NSE/symbol=ITBEES/part-094005_083286-048048.parquet,real_data_sample\l2_unseen_validation\trade_date=2026-07-17\exchange=NSE\symbol=ITBEES\part-094005_083286-048048.parquet,34543,downloaded,34543,
2026-07-17,NSE,ITBEES,raw_l2/trade_date=2026-07-17/exchange=NSE/symbol=ITBEES/part-095226_833331-049712.parquet,real_data_sample\l2_unseen_validation\trade_date=2026-07-17\exchange=NSE\symbol=ITBEES\part-095226_833331-049712.parquet,34422,downloaded,34422,
2026-07-17,NSE,ITBEES,raw_l2/trade_date=2026-07-17/exchange=NSE/symbol=ITBEES/part-095434_871262-050000.parquet,real_data_sample\l2_unseen_validation\trade_date=2026-07-17\exchange=NSE\symbol=ITBEES\part-095434_871262-050000.parquet,34389,downloaded,34389,
2026-07-17,NSE,ITBEES,raw_l2/trade_date=2026-07-17/exchange=NSE/symbol=ITBEES/part-095420_880079-049968.parquet,real_data_sample\l2_unseen_validation\trade_date=2026-07-17\exchange=NSE\symbol=ITBEES\part-095420_880079-049968.parquet,34304,downloaded,34304,
2026-07-17,NSE,ITBEES,raw_l2/trade_date=2026-07-17/exchange=NSE/symbol=ITBEES/part-095337_624160-049872.parquet,real_data_sample\l2_unseen_validation\trade_date=2026-07-17\exchange=NSE\symbol=ITBEES\part-095337_624160-049872.parquet,34369,downloaded,34369,
2026-07-17,NSE,ITBEES,raw_l2/trade_date=2026-07-17/exchange=NSE/symbol=ITBEES/part-095308_911381-049808.parquet,real_data_sample\l2_unseen_validation\trade_date=2026-07-17\exchange=NSE\symbol=ITBEES\part-095308_911381-049808.parquet,34237,downloaded,34237,
2026-07-17,NSE,ITBEES,raw_l2/trade_date=2026-07-17/exchange=NSE/symbol=ITBEES/part-095406_403758-049936.parquet,real_data_sample\l2_unseen_validation\trade_date=2026-07-17\exchange=NSE\symbol=ITBEES\part-095406_403758-049936.parquet,34387,downloaded,34387,
2026-07-17,NSE,ITBEES,raw_l2/trade_date=2026-07-17/exchange=NSE/symbol=ITBEES/part-095449_164937-050032.parquet,real_data_sample\l2_unseen_validation\trade_date=2026-07-17\exchange=NSE\symbol=ITBEES\part-095449_164937-050032.parquet,34281,downloaded,34281,
2026-07-17,NSE,ITBEES,raw_l2/trade_date=2026-07-17/exchange=NSE/symbol=ITBEES/part-095254_803425-049776.parquet,real_data_sample\l2_unseen_validation\trade_date=2026-07-17\exchange=NSE\symbol=ITBEES\part-095254_803425-049776.parquet,34410,downloaded,34410,
2026-07-17,NSE,ITBEES,raw_l2/trade_date=2026-07-17/exchange=NSE/symbol=ITBEES/part-095323_143838-049840.parquet,real_data_sample\l2_unseen_validation\trade_date=2026-07-17\exchange=NSE\symbol=ITBEES\part-095323_143838-049840.parquet,34490,downloaded,34490,
2026-07-17,NSE,ITBEES,raw_l2/trade_date=2026-07-17/exchange=NSE/symbol=ITBEES/part-095503_365076-050064.parquet,real_data_sample\l2_unseen_validation\trade_date=2026-07-17\exchange=NSE\symbol=ITBEES\part-095503_365076-050064.parquet,34277,downloaded,34277,
2026-07-17,NSE,ITBEES,raw_l2/trade_date=2026-07-17/exchange=NSE/symbol=ITBEES/part-095531_761298-050128.parquet,real_data_sample\l2_unseen_validation\trade_date=2026-07-17\exchange=NSE\symbol=ITBEES\part-095531_761298-050128.parquet,34391,downloaded,34391,
2026-07-17,NSE,ITBEES,raw_l2/trade_date=2026-07-17/exchange=NSE/symbol=ITBEES/part-095546_426142-050160.parquet,real_data_sample\l2_unseen_validation\trade_date=2026-07-17\exchange=NSE\symbol=ITBEES\part-095546_426142-050160.parquet,34406,downloaded,34406,
2026-07-17,NSE,ITBEES,raw_l2/trade_date=2026-07-17/exchange=NSE/symbol=ITBEES/part-094811_316809-049136.parquet,real_data_sample\l2_unseen_validation\trade_date=2026-07-17\exchange=NSE\symbol=ITBEES\part-094811_316809-049136.parquet,34324,downloaded,34324,
2026-07-17,NSE,ITBEES,raw_l2/trade_date=2026-07-17/exchange=NSE/symbol=ITBEES/part-095644_231257-050288.parquet,real_data_sample\l2_unseen_validation\trade_date=2026-07-17\exchange=NSE\symbol=ITBEES\part-095644_231257-050288.parquet,34262,downloaded,34262,
2026-07-17,NSE,ITBEES,raw_l2/trade_date=2026-07-17/exchange=NSE/symbol=ITBEES/part-095600_932803-050192.parquet,real_data_sample\l2_unseen_validation\trade_date=2026-07-17\exchange=NSE\symbol=ITBEES\part-095600_932803-050192.parquet,34449,downloaded,34449,
2026-07-17,NSE,ITBEES,raw_l2/trade_date=2026-07-17/exchange=NSE/symbol=ITBEES/part-094951_129664-049360.parquet,real_data_sample\l2_unseen_validation\trade_date=2026-07-17\exchange=NSE\symbol=ITBEES\part-094951_129664-049360.parquet,34283,downloaded,34283,
2026-07-17,NSE,ITBEES,raw_l2/trade_date=2026-07-17/exchange=NSE/symbol=ITBEES/part-095615_453926-050224.parquet,real_data_sample\l2_unseen_validation\trade_date=2026-07-17\exchange=NSE\symbol=ITBEES\part-095615_453926-050224.parquet,34366,downloaded,34366,
2026-07-17,NSE,ITBEES,raw_l2/trade_date=2026-07-17/exchange=NSE/symbol=ITBEES/part-095658_776612-050320.parquet,real_data_sample\l2_unseen_validation\trade_date=2026-07-17\exchange=NSE\symbol=ITBEES\part-095658_776612-050320.parquet,34418,downloaded,34418,
2026-07-17,NSE,ITBEES,raw_l2/trade_date=2026-07-17/exchange=NSE/symbol=ITBEES/part-095629_809253-050256.parquet,real_data_sample\l2_unseen_validation\trade_date=2026-07-17\exchange=NSE\symbol=ITBEES\part-095629_809253-050256.parquet,34315,downloaded,34315,
2026-07-17,NSE,ITBEES,raw_l2/trade_date=2026-07-17/exchange=NSE/symbol=ITBEES/part-095713_842434-050352.parquet,real_data_sample\l2_unseen_validation\trade_date=2026-07-17\exchange=NSE\symbol=ITBEES\part-095713_842434-050352.parquet,34364,downloaded,34364,
2026-07-17,NSE,ITBEES,raw_l2/trade_date=2026-07-17/exchange=NSE/symbol=ITBEES/part-095728_248058-050384.parquet,real_data_sample\l2_unseen_validation\trade_date=2026-07-17\exchange=NSE\symbol=ITBEES\part-095728_248058-050384.parquet,34334,downloaded,34334,
2026-07-17,NSE,ITBEES,raw_l2/trade_date=2026-07-17/exchange=NSE/symbol=ITBEES/part-095811_119887-050480.parquet,real_data_sample\l2_unseen_validation\trade_date=2026-07-17\exchange=NSE\symbol=ITBEES\part-095811_119887-050480.parquet,34324,downloaded,34324,
2026-07-17,NSE,ITBEES,raw_l2/trade_date=2026-07-17/exchange=NSE/symbol=ITBEES/part-095756_918353-050448.parquet,real_data_sample\l2_unseen_validation\trade_date=2026-07-17\exchange=NSE\symbol=ITBEES\part-095756_918353-050448.parquet,34424,downloaded,34424,
2026-07-17,NSE,ITBEES,raw_l2/trade_date=2026-07-17/exchange=NSE/symbol=ITBEES/part-095352_042939-049904.parquet,real_data_sample\l2_unseen_validation\trade_date=2026-07-17\exchange=NSE\symbol=ITBEES\part-095352_042939-049904.parquet,34319,downloaded,34319,
2026-07-17,NSE,ITBEES,raw_l2/trade_date=2026-07-17/exchange=NSE/symbol=ITBEES/part-095825_249492-050512.parquet,real_data_sample\l2_unseen_validation\trade_date=2026-07-17\exchange=NSE\symbol=ITBEES\part-095825_249492-050512.parquet,34278,downloaded,34278,
2026-07-17,NSE,ITBEES,raw_l2/trade_date=2026-07-17/exchange=NSE/symbol=ITBEES/part-095742_690248-050416.parquet,real_data_sample\l2_unseen_validation\trade_date=2026-07-17\exchange=NSE\symbol=ITBEES\part-095742_690248-050416.parquet,34294,downloaded,34294,
2026-07-17,NSE,ITBEES,raw_l2/trade_date=2026-07-17/exchange=NSE/symbol=ITBEES/part-095854_781917-050576.parquet,real_data_sample\l2_unseen_validation\trade_date=2026-07-17\exchange=NSE\symbol=ITBEES\part-095854_781917-050576.parquet,34505,downloaded,34505,
2026-07-17,NSE,ITBEES,raw_l2/trade_date=2026-07-17/exchange=NSE/symbol=ITBEES/part-095923_756777-050640.parquet,real_data_sample\l2_unseen_validation\trade_date=2026-07-17\exchange=NSE\symbol=ITBEES\part-095923_756777-050640.parquet,34405,downloaded,34405,
2026-07-17,NSE,ITBEES,raw_l2/trade_date=2026-07-17/exchange=NSE/symbol=ITBEES/part-095938_280047-050672.parquet,real_data_sample\l2_unseen_validation\trade_date=2026-07-17\exchange=NSE\symbol=ITBEES\part-095938_280047-050672.parquet,34641,downloaded,34641,
2026-07-17,NSE,ITBEES,raw_l2/trade_date=2026-07-17/exchange=NSE/symbol=ITBEES/part-095909_237013-050608.parquet,real_data_sample\l2_unseen_validation\trade_date=2026-07-17\exchange=NSE\symbol=ITBEES\part-095909_237013-050608.parquet,34413,downloaded,34413,
2026-07-17,NSE,ITBEES,raw_l2/trade_date=2026-07-17/exchange=NSE/symbol=ITBEES/part-100006_948655-050736.parquet,real_data_sample\l2_unseen_validation\trade_date=2026-07-17\exchange=NSE\symbol=ITBEES\part-100006_948655-050736.parquet,34420,downloaded,34420,
2026-07-17,NSE,ITBEES,raw_l2/trade_date=2026-07-17/exchange=NSE/symbol=ITBEES/part-100128_335906-050776.parquet,real_data_sample\l2_unseen_validation\trade_date=2026-07-17\exchange=NSE\symbol=ITBEES\part-100128_335906-050776.parquet,34068,downloaded,34068,
2026-07-17,NSE,ITC,raw_l2/trade_date=2026-07-17/exchange=NSE/symbol=ITC/part-034627_142309-000209.parquet,real_data_sample\l2_unseen_validation\trade_date=2026-07-17\exchange=NSE\symbol=ITC\part-034627_142309-000209.parquet,34403,downloaded,34403,
2026-07-17,NSE,ITBEES,raw_l2/trade_date=2026-07-17/exchange=NSE/symbol=ITBEES/part-095952_605875-050704.parquet,real_data_sample\l2_unseen_validation\trade_date=2026-07-17\exchange=NSE\symbol=ITBEES\part-095952_605875-050704.parquet,34445,downloaded,34445,
2026-07-17,NSE,ITC,raw_l2/trade_date=2026-07-17/exchange=NSE/symbol=ITC/part-034544_795873-000113.parquet,real_data_sample\l2_unseen_validation\trade_date=2026-07-17\exchange=NSE\symbol=ITC\part-034544_795873-000113.parquet,34419,downloaded,34419,
2026-07-17,NSE,ITC,raw_l2/trade_date=2026-07-17/exchange=NSE/symbol=ITC/part-034517_035684-000049.parquet,real_data_sample\l2_unseen_validation\trade_date=2026-07-17\exchange=NSE\symbol=ITC\part-034517_035684-000049.parquet,35866,downloaded,35866,
2026-07-17,NSE,ITC,raw_l2/trade_date=2026-07-17/exchange=NSE/symbol=ITC/part-034559_074929-000145.parquet,real_data_sample\l2_unseen_validation\trade_date=2026-07-17\exchange=NSE\symbol=ITC\part-034559_074929-000145.parquet,34669,downloaded,34669,
2026-07-17,NSE,ITC,raw_l2/trade_date=2026-07-17/exchange=NSE/symbol=ITC/part-034530_835544-000081.parquet,real_data_sample\l2_unseen_validation\trade_date=2026-07-17\exchange=NSE\symbol=ITC\part-034530_835544-000081.parquet,34409,downloaded,34409,
2026-07-17,NSE,ITC,raw_l2/trade_date=2026-07-17/exchange=NSE/symbol=ITC/part-034641_627617-000241.parquet,real_data_sample\l2_unseen_validation\trade_date=2026-07-17\exchange=NSE\symbol=ITC\part-034641_627617-000241.parquet,34101,downloaded,34101,
2026-07-17,NSE,ITC,raw_l2/trade_date=2026-07-17/exchange=NSE/symbol=ITC/part-034502_865610-000017.parquet,real_data_sample\l2_unseen_validation\trade_date=2026-07-17\exchange=NSE\symbol=ITC\part-034502_865610-000017.parquet,34219,downloaded,34219,
2026-07-17,NSE,ITC,raw_l2/trade_date=2026-07-17/exchange=NSE/symbol=ITC/part-034723_150231-000337.parquet,real_data_sample\l2_unseen_validation\trade_date=2026-07-17\exchange=NSE\symbol=ITC\part-034723_150231-000337.parquet,34315,downloaded,34315,
2026-07-17,NSE,ITC,raw_l2/trade_date=2026-07-17/exchange=NSE/symbol=ITC/part-034709_063438-000305.parquet,real_data_sample\l2_unseen_validation\trade_date=2026-07-17\exchange=NSE\symbol=ITC\part-034709_063438-000305.parquet,34633,downloaded,34633,
2026-07-17,NSE,ITC,raw_l2/trade_date=2026-07-17/exchange=NSE/symbol=ITC/part-034751_333063-000401.parquet,real_data_sample\l2_unseen_validation\trade_date=2026-07-17\exchange=NSE\symbol=ITC\part-034751_333063-000401.parquet,34432,downloaded,34432,
2026-07-17,NSE,ITC,raw_l2/trade_date=2026-07-17/exchange=NSE/symbol=ITC/part-034805_453564-000433.parquet,real_data_sample\l2_unseen_validation\trade_date=2026-07-17\exchange=NSE\symbol=ITC\part-034805_453564-000433.parquet,34431,downloaded,34431,
2026-07-17,NSE,ITC,raw_l2/trade_date=2026-07-17/exchange=NSE/symbol=ITC/part-034737_272362-000369.parquet,real_data_sample\l2_unseen_validation\trade_date=2026-07-17\exchange=NSE\symbol=ITC\part-034737_272362-000369.parquet,34398,downloaded,34398,
2026-07-17,NSE,ITBEES,raw_l2/trade_date=2026-07-17/exchange=NSE/symbol=ITBEES/part-095240_885928-049744.parquet,real_data_sample\l2_unseen_validation\trade_date=2026-07-17\exchange=NSE\symbol=ITBEES\part-095240_885928-049744.parquet,34416,downloaded,34416,
2026-07-17,NSE,ITBEES,raw_l2/trade_date=2026-07-17/exchange=NSE/symbol=ITBEES/part-095517_432337-050096.parquet,real_data_sample\l2_unseen_validation\trade_date=2026-07-17\exchange=NSE\symbol=ITBEES\part-095517_432337-050096.parquet,34239,downloaded,34239,
2026-07-17,NSE,ITBEES,raw_l2/trade_date=2026-07-17/exchange=NSE/symbol=ITBEES/part-095019_561232-049424.parquet,real_data_sample\l2_unseen_validation\trade_date=2026-07-17\exchange=NSE\symbol=ITBEES\part-095019_561232-049424.parquet,34488,downloaded,34488,
2026-07-17,NSE,ITBEES,raw_l2/trade_date=2026-07-17/exchange=NSE/symbol=ITBEES/part-095116_222821-049552.parquet,real_data_sample\l2_unseen_validation\trade_date=2026-07-17\exchange=NSE\symbol=ITBEES\part-095116_222821-049552.parquet,34310,downloaded,34310,
2026-07-17,NSE,ITC,raw_l2/trade_date=2026-07-17/exchange=NSE/symbol=ITC/part-034833_321416-000497.parquet,real_data_sample\l2_unseen_validation\trade_date=2026-07-17\exchange=NSE\symbol=ITC\part-034833_321416-000497.parquet,34427,downloaded,34427,
2026-07-17,NSE,ITC,raw_l2/trade_date=2026-07-17/exchange=NSE/symbol=ITC/part-034613_158539-000177.parquet,real_data_sample\l2_unseen_validation\trade_date=2026-07-17\exchange=NSE\symbol=ITC\part-034613_158539-000177.parquet,34101,downloaded,34101,
2026-07-17,NSE,ITBEES,raw_l2/trade_date=2026-07-17/exchange=NSE/symbol=ITBEES/part-095130_227800-049584.parquet,real_data_sample\l2_unseen_validation\trade_date=2026-07-17\exchange=NSE\symbol=ITBEES\part-095130_227800-049584.parquet,34538,downloaded,34538,
2026-07-17,NSE,ITC,raw_l2/trade_date=2026-07-17/exchange=NSE/symbol=ITC/part-034819_521555-000465.parquet,real_data_sample\l2_unseen_validation\trade_date=2026-07-17\exchange=NSE\symbol=ITC\part-034819_521555-000465.parquet,34427,downloaded,34427,
2026-07-17,NSE,ITBEES,raw_l2/trade_date=2026-07-17/exchange=NSE/symbol=ITBEES/part-095840_260123-050544.parquet,real_data_sample\l2_unseen_validation\trade_date=2026-07-17\exchange=NSE\symbol=ITBEES\part-095840_260123-050544.parquet,34310,downloaded,34310,
2026-07-17,NSE,ITC,raw_l2/trade_date=2026-07-17/exchange=NSE/symbol=ITC/part-034928_932198-000625.parquet,real_data_sample\l2_unseen_validation\trade_date=2026-07-17\exchange=NSE\symbol=ITC\part-034928_932198-000625.parquet,34346,downloaded,34346,
2026-07-17,NSE,ITC,raw_l2/trade_date=2026-07-17/exchange=NSE/symbol=ITC/part-034914_919349-000593.parquet,real_data_sample\l2_unseen_validation\trade_date=2026-07-17\exchange=NSE\symbol=ITC\part-034914_919349-000593.parquet,34565,downloaded,34565,
2026-07-17,NSE,ITC,raw_l2/trade_date=2026-07-17/exchange=NSE/symbol=ITC/part-034900_852456-000561.parquet,real_data_sample\l2_unseen_validation\trade_date=2026-07-17\exchange=NSE\symbol=ITC\part-034900_852456-000561.parquet,34369,downloaded,34369,
2026-07-17,NSE,ITC,raw_l2/trade_date=2026-07-17/exchange=NSE/symbol=ITC/part-034957_008731-000689.parquet,real_data_sample\l2_unseen_validation\trade_date=2026-07-17\exchange=NSE\symbol=ITC\part-034957_008731-000689.parquet,34420,downloaded,34420,
2026-07-17,NSE,ITC,raw_l2/trade_date=2026-07-17/exchange=NSE/symbol=ITC/part-034655_305406-000273.parquet,real_data_sample\l2_unseen_validation\trade_date=2026-07-17\exchange=NSE\symbol=ITC\part-034655_305406-000273.parquet,34424,downloaded,34424,
2026-07-17,NSE,ITC,raw_l2/trade_date=2026-07-17/exchange=NSE/symbol=ITC/part-035243_120729-001073.parquet,real_data_sample\l2_unseen_validation\trade_date=2026-07-17\exchange=NSE\symbol=ITC\part-035243_120729-001073.parquet,35927,downloaded,35927,
2026-07-17,NSE,ITC,raw_l2/trade_date=2026-07-17/exchange=NSE/symbol=ITC/part-035215_257990-001009.parquet,real_data_sample\l2_unseen_validation\trade_date=2026-07-17\exchange=NSE\symbol=ITC\part-035215_257990-001009.parquet,35784,downloaded,35784,
2026-07-17,NSE,ITC,raw_l2/trade_date=2026-07-17/exchange=NSE/symbol=ITC/part-035311_013144-001137.parquet,real_data_sample\l2_unseen_validation\trade_date=2026-07-17\exchange=NSE\symbol=ITC\part-035311_013144-001137.parquet,35810,downloaded,35810,
2026-07-17,NSE,ITC,raw_l2/trade_date=2026-07-17/exchange=NSE/symbol=ITC/part-034942_879189-000657.parquet,real_data_sample\l2_unseen_validation\trade_date=2026-07-17\exchange=NSE\symbol=ITC\part-034942_879189-000657.parquet,34341,downloaded,34341,
2026-07-17,NSE,ITC,raw_l2/trade_date=2026-07-17/exchange=NSE/symbol=ITC/part-035257_226095-001105.parquet,real_data_sample\l2_unseen_validation\trade_date=2026-07-17\exchange=NSE\symbol=ITC\part-035257_226095-001105.parquet,36047,downloaded,36047,
2026-07-17,NSE,ITC,raw_l2/trade_date=2026-07-17/exchange=NSE/symbol=ITC/part-035324_839563-001169.parquet,real_data_sample\l2_unseen_validation\trade_date=2026-07-17\exchange=NSE\symbol=ITC\part-035324_839563-001169.parquet,35650,downloaded,35650,
2026-07-17,NSE,ITC,raw_l2/trade_date=2026-07-17/exchange=NSE/symbol=ITC/part-035229_102078-001041.parquet,real_data_sample\l2_unseen_validation\trade_date=2026-07-17\exchange=NSE\symbol=ITC\part-035229_102078-001041.parquet,35769,downloaded,35769,
2026-07-17,NSE,ITC,raw_l2/trade_date=2026-07-17/exchange=NSE/symbol=ITC/part-035338_780596-001201.parquet,real_data_sample\l2_unseen_validation\trade_date=2026-07-17\exchange=NSE\symbol=ITC\part-035338_780596-001201.parquet,35577,downloaded,35577,
2026-07-17,NSE,ITC,raw_l2/trade_date=2026-07-17/exchange=NSE/symbol=ITC/part-035147_415588-000945.parquet,real_data_sample\l2_unseen_validation\trade_date=2026-07-17\exchange=NSE\symbol=ITC\part-035147_415588-000945.parquet,36053,downloaded,36053,
2026-07-17,NSE,ITC,raw_l2/trade_date=2026-07-17/exchange=NSE/symbol=ITC/part-035119_819119-000881.parquet,real_data_sample\l2_unseen_validation\trade_date=2026-07-17\exchange=NSE\symbol=ITC\part-035119_819119-000881.parquet,35275,downloaded,35275,
2026-07-17,NSE,ITC,raw_l2/trade_date=2026-07-17/exchange=NSE/symbol=ITC/part-035133_583922-000913.parquet,real_data_sample\l2_unseen_validation\trade_date=2026-07-17\exchange=NSE\symbol=ITC\part-035133_583922-000913.parquet,36031,downloaded,36031,
2026-07-17,NSE,ITC,raw_l2/trade_date=2026-07-17/exchange=NSE/symbol=ITC/part-035201_386544-000977.parquet,real_data_sample\l2_unseen_validation\trade_date=2026-07-17\exchange=NSE\symbol=ITC\part-035201_386544-000977.parquet,35789,downloaded,35789,
2026-07-17,NSE,ITC,raw_l2/trade_date=2026-07-17/exchange=NSE/symbol=ITC/part-035038_609199-000785.parquet,real_data_sample\l2_unseen_validation\trade_date=2026-07-17\exchange=NSE\symbol=ITC\part-035038_609199-000785.parquet,34399,downloaded,34399,
2026-07-17,NSE,ITC,raw_l2/trade_date=2026-07-17/exchange=NSE/symbol=ITC/part-035052_329685-000817.parquet,real_data_sample\l2_unseen_validation\trade_date=2026-07-17\exchange=NSE\symbol=ITC\part-035052_329685-000817.parquet,34392,downloaded,34392,
2026-07-17,NSE,ITC,raw_l2/trade_date=2026-07-17/exchange=NSE/symbol=ITC/part-035024_839880-000753.parquet,real_data_sample\l2_unseen_validation\trade_date=2026-07-17\exchange=NSE\symbol=ITC\part-035024_839880-000753.parquet,34328,downloaded,34328,
2026-07-17,NSE,ITC,raw_l2/trade_date=2026-07-17/exchange=NSE/symbol=ITC/part-035010_869172-000721.parquet,real_data_sample\l2_unseen_validation\trade_date=2026-07-17\exchange=NSE\symbol=ITC\part-035010_869172-000721.parquet,34314,downloaded,34314,
2026-07-17,NSE,ITC,raw_l2/trade_date=2026-07-17/exchange=NSE/symbol=ITC/part-035106_050636-000849.parquet,real_data_sample\l2_unseen_validation\trade_date=2026-07-17\exchange=NSE\symbol=ITC\part-035106_050636-000849.parquet,34666,downloaded,34666,
2026-07-17,NSE,ITC,raw_l2/trade_date=2026-07-17/exchange=NSE/symbol=ITC/part-035448_010334-001361.parquet,real_data_sample\l2_unseen_validation\trade_date=2026-07-17\exchange=NSE\symbol=ITC\part-035448_010334-001361.parquet,35820,downloaded,35820,
2026-07-17,NSE,ITC,raw_l2/trade_date=2026-07-17/exchange=NSE/symbol=ITC/part-035557_993756-001521.parquet,real_data_sample\l2_unseen_validation\trade_date=2026-07-17\exchange=NSE\symbol=ITC\part-035557_993756-001521.parquet,35765,downloaded,35765,
2026-07-17,NSE,ITC,raw_l2/trade_date=2026-07-17/exchange=NSE/symbol=ITC/part-034847_055546-000529.parquet,real_data_sample\l2_unseen_validation\trade_date=2026-07-17\exchange=NSE\symbol=ITC\part-034847_055546-000529.parquet,34094,downloaded,34094,
2026-07-17,NSE,ITC,raw_l2/trade_date=2026-07-17/exchange=NSE/symbol=ITC/part-035626_065357-001585.parquet,real_data_sample\l2_unseen_validation\trade_date=2026-07-17\exchange=NSE\symbol=ITC\part-035626_065357-001585.parquet,35752,downloaded,35752,
2026-07-17,NSE,ITC,raw_l2/trade_date=2026-07-17/exchange=NSE/symbol=ITC/part-035530_133674-001457.parquet,real_data_sample\l2_unseen_validation\trade_date=2026-07-17\exchange=NSE\symbol=ITC\part-035530_133674-001457.parquet,36017,downloaded,36017,
2026-07-17,NSE,ITC,raw_l2/trade_date=2026-07-17/exchange=NSE/symbol=ITC/part-035611_862473-001553.parquet,real_data_sample\l2_unseen_validation\trade_date=2026-07-17\exchange=NSE\symbol=ITC\part-035611_862473-001553.parquet,35846,downloaded,35846,
2026-07-17,NSE,ITC,raw_l2/trade_date=2026-07-17/exchange=NSE/symbol=ITC/part-035406_526119-001265.parquet,real_data_sample\l2_unseen_validation\trade_date=2026-07-17\exchange=NSE\symbol=ITC\part-035406_526119-001265.parquet,35418,downloaded,35418,
2026-07-17,NSE,ITC,raw_l2/trade_date=2026-07-17/exchange=NSE/symbol=ITC/part-035639_928380-001617.parquet,real_data_sample\l2_unseen_validation\trade_date=2026-07-17\exchange=NSE\symbol=ITC\part-035639_928380-001617.parquet,35896,downloaded,35896,
2026-07-17,NSE,ITC,raw_l2/trade_date=2026-07-17/exchange=NSE/symbol=ITC/part-035707_597361-001681.parquet,real_data_sample\l2_unseen_validation\trade_date=2026-07-17\exchange=NSE\symbol=ITC\part-035707_597361-001681.parquet,35521,downloaded,35521,
2026-07-17,NSE,ITC,raw_l2/trade_date=2026-07-17/exchange=NSE/symbol=ITC/part-035750_043513-001777.parquet,real_data_sample\l2_unseen_validation\trade_date=2026-07-17\exchange=NSE\symbol=ITC\part-035750_043513-001777.parquet,35773,downloaded,35773,
2026-07-17,NSE,ITC,raw_l2/trade_date=2026-07-17/exchange=NSE/symbol=ITC/part-035804_337235-001809.parquet,real_data_sample\l2_unseen_validation\trade_date=2026-07-17\exchange=NSE\symbol=ITC\part-035804_337235-001809.parquet,35514,downloaded,35514,
2026-07-17,NSE,ITC,raw_l2/trade_date=2026-07-17/exchange=NSE/symbol=ITC/part-035735_825951-001745.parquet,real_data_sample\l2_unseen_validation\trade_date=2026-07-17\exchange=NSE\symbol=ITC\part-035735_825951-001745.parquet,35553,downloaded,35553,
2026-07-17,NSE,ITC,raw_l2/trade_date=2026-07-17/exchange=NSE/symbol=ITC/part-035721_682092-001713.parquet,real_data_sample\l2_unseen_validation\trade_date=2026-07-17\exchange=NSE\symbol=ITC\part-035721_682092-001713.parquet,35761,downloaded,35761,
2026-07-17,NSE,ITC,raw_l2/trade_date=2026-07-17/exchange=NSE/symbol=ITC/part-035502_107249-001393.parquet,real_data_sample\l2_unseen_validation\trade_date=2026-07-17\exchange=NSE\symbol=ITC\part-035502_107249-001393.parquet,35764,downloaded,35764,
2026-07-17,NSE,ITC,raw_l2/trade_date=2026-07-17/exchange=NSE/symbol=ITC/part-035900_744646-001937.parquet,real_data_sample\l2_unseen_validation\trade_date=2026-07-17\exchange=NSE\symbol=ITC\part-035900_744646-001937.parquet,36130,downloaded,36130,
2026-07-17,NSE,ITC,raw_l2/trade_date=2026-07-17/exchange=NSE/symbol=ITC/part-040038_767619-002161.parquet,real_data_sample\l2_unseen_validation\trade_date=2026-07-17\exchange=NSE\symbol=ITC\part-040038_767619-002161.parquet,35625,downloaded,35625,
2026-07-17,NSE,ITC,raw_l2/trade_date=2026-07-17/exchange=NSE/symbol=ITC/part-035818_693940-001841.parquet,real_data_sample\l2_unseen_validation\trade_date=2026-07-17\exchange=NSE\symbol=ITC\part-035818_693940-001841.parquet,35802,downloaded,35802,
2026-07-17,NSE,ITC,raw_l2/trade_date=2026-07-17/exchange=NSE/symbol=ITC/part-035914_646541-001969.parquet,real_data_sample\l2_unseen_validation\trade_date=2026-07-17\exchange=NSE\symbol=ITC\part-035914_646541-001969.parquet,35407,downloaded,35407,
2026-07-17,NSE,ITC,raw_l2/trade_date=2026-07-17/exchange=NSE/symbol=ITC/part-040024_876393-002129.parquet,real_data_sample\l2_unseen_validation\trade_date=2026-07-17\exchange=NSE\symbol=ITC\part-040024_876393-002129.parquet,35720,downloaded,35720,
2026-07-17,NSE,ITC,raw_l2/trade_date=2026-07-17/exchange=NSE/symbol=ITC/part-035832_685819-001873.parquet,real_data_sample\l2_unseen_validation\trade_date=2026-07-17\exchange=NSE\symbol=ITC\part-035832_685819-001873.parquet,35764,downloaded,35764,
2026-07-17,NSE,ITC,raw_l2/trade_date=2026-07-17/exchange=NSE/symbol=ITC/part-035846_638384-001905.parquet,real_data_sample\l2_unseen_validation\trade_date=2026-07-17\exchange=NSE\symbol=ITC\part-035846_638384-001905.parquet,35836,downloaded,35836,
2026-07-17,NSE,ITC,raw_l2/trade_date=2026-07-17/exchange=NSE/symbol=ITC/part-040052_466591-002193.parquet,real_data_sample\l2_unseen_validation\trade_date=2026-07-17\exchange=NSE\symbol=ITC\part-040052_466591-002193.parquet,35696,downloaded,35696,
2026-07-17,NSE,ITC,raw_l2/trade_date=2026-07-17/exchange=NSE/symbol=ITC/part-035928_593048-002001.parquet,real_data_sample\l2_unseen_validation\trade_date=2026-07-17\exchange=NSE\symbol=ITC\part-035928_593048-002001.parquet,35654,downloaded,35654,
2026-07-17,NSE,ITC,raw_l2/trade_date=2026-07-17/exchange=NSE/symbol=ITC/part-035544_089242-001489.parquet,real_data_sample\l2_unseen_validation\trade_date=2026-07-17\exchange=NSE\symbol=ITC\part-035544_089242-001489.parquet,35539,downloaded,35539,
2026-07-17,NSE,ITC,raw_l2/trade_date=2026-07-17/exchange=NSE/symbol=ITC/part-040106_428426-002225.parquet,real_data_sample\l2_unseen_validation\trade_date=2026-07-17\exchange=NSE\symbol=ITC\part-040106_428426-002225.parquet,35867,downloaded,35867,
2026-07-17,NSE,ITC,raw_l2/trade_date=2026-07-17/exchange=NSE/symbol=ITC/part-035942_744390-002033.parquet,real_data_sample\l2_unseen_validation\trade_date=2026-07-17\exchange=NSE\symbol=ITC\part-035942_744390-002033.parquet,35620,downloaded,35620,
2026-07-17,NSE,ITC,raw_l2/trade_date=2026-07-17/exchange=NSE/symbol=ITC/part-040147_822993-002321.parquet,real_data_sample\l2_unseen_validation\trade_date=2026-07-17\exchange=NSE\symbol=ITC\part-040147_822993-002321.parquet,35612,downloaded,35612,
2026-07-17,NSE,ITC,raw_l2/trade_date=2026-07-17/exchange=NSE/symbol=ITC/part-035956_659913-002065.parquet,real_data_sample\l2_unseen_validation\trade_date=2026-07-17\exchange=NSE\symbol=ITC\part-035956_659913-002065.parquet,35513,downloaded,35513,
2026-07-17,NSE,ITC,raw_l2/trade_date=2026-07-17/exchange=NSE/symbol=ITC/part-040010_772325-002097.parquet,real_data_sample\l2_unseen_validation\trade_date=2026-07-17\exchange=NSE\symbol=ITC\part-040010_772325-002097.parquet,36188,downloaded,36188,
2026-07-17,NSE,ITC,raw_l2/trade_date=2026-07-17/exchange=NSE/symbol=ITC/part-040120_248424-002257.parquet,real_data_sample\l2_unseen_validation\trade_date=2026-07-17\exchange=NSE\symbol=ITC\part-040120_248424-002257.parquet,35861,downloaded,35861,
2026-07-17,NSE,ITC,raw_l2/trade_date=2026-07-17/exchange=NSE/symbol=ITC/part-040201_838511-002353.parquet,real_data_sample\l2_unseen_validation\trade_date=2026-07-17\exchange=NSE\symbol=ITC\part-040201_838511-002353.parquet,35585,downloaded,35585,
2026-07-17,NSE,ITC,raw_l2/trade_date=2026-07-17/exchange=NSE/symbol=ITC/part-040215_771399-002385.parquet,real_data_sample\l2_unseen_validation\trade_date=2026-07-17\exchange=NSE\symbol=ITC\part-040215_771399-002385.parquet,35627,downloaded,35627,
2026-07-17,NSE,ITC,raw_l2/trade_date=2026-07-17/exchange=NSE/symbol=ITC/part-035352_619706-001233.parquet,real_data_sample\l2_unseen_validation\trade_date=2026-07-17\exchange=NSE\symbol=ITC\part-035352_619706-001233.parquet,35633,downloaded,35633,
2026-07-17,NSE,ITC,raw_l2/trade_date=2026-07-17/exchange=NSE/symbol=ITC/part-035516_172676-001425.parquet,real_data_sample\l2_unseen_validation\trade_date=2026-07-17\exchange=NSE\symbol=ITC\part-035516_172676-001425.parquet,35459,downloaded,35459,
2026-07-17,NSE,ITC,raw_l2/trade_date=2026-07-17/exchange=NSE/symbol=ITC/part-040244_123636-002449.parquet,real_data_sample\l2_unseen_validation\trade_date=2026-07-17\exchange=NSE\symbol=ITC\part-040244_123636-002449.parquet,35873,downloaded,35873,
2026-07-17,NSE,ITC,raw_l2/trade_date=2026-07-17/exchange=NSE/symbol=ITC/part-040312_852961-002513.parquet,real_data_sample\l2_unseen_validation\trade_date=2026-07-17\exchange=NSE\symbol=ITC\part-040312_852961-002513.parquet,35673,downloaded,35673,
2026-07-17,NSE,ITC,raw_l2/trade_date=2026-07-17/exchange=NSE/symbol=ITC/part-035653_887063-001649.parquet,real_data_sample\l2_unseen_validation\trade_date=2026-07-17\exchange=NSE\symbol=ITC\part-035653_887063-001649.parquet,35904,downloaded,35904,
2026-07-17,NSE,ITC,raw_l2/trade_date=2026-07-17/exchange=NSE/symbol=ITC/part-035420_263911-001297.parquet,real_data_sample\l2_unseen_validation\trade_date=2026-07-17\exchange=NSE\symbol=ITC\part-035420_263911-001297.parquet,35776,downloaded,35776,
2026-07-17,NSE,ITC,raw_l2/trade_date=2026-07-17/exchange=NSE/symbol=ITC/part-040134_083600-002289.parquet,real_data_sample\l2_unseen_validation\trade_date=2026-07-17\exchange=NSE\symbol=ITC\part-040134_083600-002289.parquet,35638,downloaded,35638,
2026-07-17,NSE,ITC,raw_l2/trade_date=2026-07-17/exchange=NSE/symbol=ITC/part-035434_116189-001329.parquet,real_data_sample\l2_unseen_validation\trade_date=2026-07-17\exchange=NSE\symbol=ITC\part-035434_116189-001329.parquet,35937,downloaded,35937,
2026-07-17,NSE,ITC,raw_l2/trade_date=2026-07-17/exchange=NSE/symbol=ITC/part-040258_359072-002481.parquet,real_data_sample\l2_unseen_validation\trade_date=2026-07-17\exchange=NSE\symbol=ITC\part-040258_359072-002481.parquet,35613,downloaded,35613,
2026-07-17,NSE,ITC,raw_l2/trade_date=2026-07-17/exchange=NSE/symbol=ITC/part-040519_817367-002801.parquet,real_data_sample\l2_unseen_validation\trade_date=2026-07-17\exchange=NSE\symbol=ITC\part-040519_817367-002801.parquet,35750,downloaded,35750,
2026-07-17,NSE,ITC,raw_l2/trade_date=2026-07-17/exchange=NSE/symbol=ITC/part-040711_584687-003057.parquet,real_data_sample\l2_unseen_validation\trade_date=2026-07-17\exchange=NSE\symbol=ITC\part-040711_584687-003057.parquet,35660,downloaded,35660,
2026-07-17,NSE,ITC,raw_l2/trade_date=2026-07-17/exchange=NSE/symbol=ITC/part-040355_430529-002609.parquet,real_data_sample\l2_unseen_validation\trade_date=2026-07-17\exchange=NSE\symbol=ITC\part-040355_430529-002609.parquet,35805,downloaded,35805,
2026-07-17,NSE,ITC,raw_l2/trade_date=2026-07-17/exchange=NSE/symbol=ITC/part-040423_436502-002673.parquet,real_data_sample\l2_unseen_validation\trade_date=2026-07-17\exchange=NSE\symbol=ITC\part-040423_436502-002673.parquet,35645,downloaded,35645,
2026-07-17,NSE,ITC,raw_l2/trade_date=2026-07-17/exchange=NSE/symbol=ITC/part-040601_923518-002897.parquet,real_data_sample\l2_unseen_validation\trade_date=2026-07-17\exchange=NSE\symbol=ITC\part-040601_923518-002897.parquet,35800,downloaded,35800,
2026-07-17,NSE,ITC,raw_l2/trade_date=2026-07-17/exchange=NSE/symbol=ITC/part-040437_350346-002705.parquet,real_data_sample\l2_unseen_validation\trade_date=2026-07-17\exchange=NSE\symbol=ITC\part-040437_350346-002705.parquet,35697,downloaded,35697,
2026-07-17,NSE,ITC,raw_l2/trade_date=2026-07-17/exchange=NSE/symbol=ITC/part-040643_638748-002993.parquet,real_data_sample\l2_unseen_validation\trade_date=2026-07-17\exchange=NSE\symbol=ITC\part-040643_638748-002993.parquet,35316,downloaded,35316,
2026-07-17,NSE,ITC,raw_l2/trade_date=2026-07-17/exchange=NSE/symbol=ITC/part-040505_605518-002769.parquet,real_data_sample\l2_unseen_validation\trade_date=2026-07-17\exchange=NSE\symbol=ITC\part-040505_605518-002769.parquet,35756,downloaded,35756,
2026-07-17,NSE,ITC,raw_l2/trade_date=2026-07-17/exchange=NSE/symbol=ITC/part-040533_820753-002833.parquet,real_data_sample\l2_unseen_validation\trade_date=2026-07-17\exchange=NSE\symbol=ITC\part-040533_820753-002833.parquet,35742,downloaded,35742,
2026-07-17,NSE,ITC,raw_l2/trade_date=2026-07-17/exchange=NSE/symbol=ITC/part-040547_837099-002865.parquet,real_data_sample\l2_unseen_validation\trade_date=2026-07-17\exchange=NSE\symbol=ITC\part-040547_837099-002865.parquet,35562,downloaded,35562,
2026-07-17,NSE,ITC,raw_l2/trade_date=2026-07-17/exchange=NSE/symbol=ITC/part-040615_802615-002929.parquet,real_data_sample\l2_unseen_validation\trade_date=2026-07-17\exchange=NSE\symbol=ITC\part-040615_802615-002929.parquet,35632,downloaded,35632,
2026-07-17,NSE,ITC,raw_l2/trade_date=2026-07-17/exchange=NSE/symbol=ITC/part-040451_273786-002737.parquet,real_data_sample\l2_unseen_validation\trade_date=2026-07-17\exchange=NSE\symbol=ITC\part-040451_273786-002737.parquet,35702,downloaded,35702,
2026-07-17,NSE,ITC,raw_l2/trade_date=2026-07-17/exchange=NSE/symbol=ITC/part-040341_231828-002577.parquet,real_data_sample\l2_unseen_validation\trade_date=2026-07-17\exchange=NSE\symbol=ITC\part-040341_231828-002577.parquet,35700,downloaded,35700,
2026-07-17,NSE,ITC,raw_l2/trade_date=2026-07-17/exchange=NSE/symbol=ITC/part-040725_633268-003089.parquet,real_data_sample\l2_unseen_validation\trade_date=2026-07-17\exchange=NSE\symbol=ITC\part-040725_633268-003089.parquet,36130,downloaded,36130,
2026-07-17,NSE,ITC,raw_l2/trade_date=2026-07-17/exchange=NSE/symbol=ITC/part-040753_861591-003153.parquet,real_data_sample\l2_unseen_validation\trade_date=2026-07-17\exchange=NSE\symbol=ITC\part-040753_861591-003153.parquet,35806,downloaded,35806,
2026-07-17,NSE,ITC,raw_l2/trade_date=2026-07-17/exchange=NSE/symbol=ITC/part-040657_565753-003025.parquet,real_data_sample\l2_unseen_validation\trade_date=2026-07-17\exchange=NSE\symbol=ITC\part-040657_565753-003025.parquet,35718,downloaded,35718,
2026-07-17,NSE,ITC,raw_l2/trade_date=2026-07-17/exchange=NSE/symbol=ITC/part-040807_860520-003185.parquet,real_data_sample\l2_unseen_validation\trade_date=2026-07-17\exchange=NSE\symbol=ITC\part-040807_860520-003185.parquet,35523,downloaded,35523,
2026-07-17,NSE,ITC,raw_l2/trade_date=2026-07-17/exchange=NSE/symbol=ITC/part-040739_821662-003121.parquet,real_data_sample\l2_unseen_validation\trade_date=2026-07-17\exchange=NSE\symbol=ITC\part-040739_821662-003121.parquet,35857,downloaded,35857,
2026-07-17,NSE,ITC,raw_l2/trade_date=2026-07-17/exchange=NSE/symbol=ITC/part-040822_306671-003217.parquet,real_data_sample\l2_unseen_validation\trade_date=2026-07-17\exchange=NSE\symbol=ITC\part-040822_306671-003217.parquet,35640,downloaded,35640,
2026-07-17,NSE,ITC,raw_l2/trade_date=2026-07-17/exchange=NSE/symbol=ITC/part-040327_075533-002545.parquet,real_data_sample\l2_unseen_validation\trade_date=2026-07-17\exchange=NSE\symbol=ITC\part-040327_075533-002545.parquet,35699,downloaded,35699,
2026-07-17,NSE,ITC,raw_l2/trade_date=2026-07-17/exchange=NSE/symbol=ITC/part-040409_448009-002641.parquet,real_data_sample\l2_unseen_validation\trade_date=2026-07-17\exchange=NSE\symbol=ITC\part-040409_448009-002641.parquet,35749,downloaded,35749,
2026-07-17,NSE,ITC,raw_l2/trade_date=2026-07-17/exchange=NSE/symbol=ITC/part-040229_646210-002417.parquet,real_data_sample\l2_unseen_validation\trade_date=2026-07-17\exchange=NSE\symbol=ITC\part-040229_646210-002417.parquet,35943,downloaded,35943,
2026-07-17,NSE,ITC,raw_l2/trade_date=2026-07-17/exchange=NSE/symbol=ITC/part-040904_862400-003313.parquet,real_data_sample\l2_unseen_validation\trade_date=2026-07-17\exchange=NSE\symbol=ITC\part-040904_862400-003313.parquet,35653,downloaded,35653,
2026-07-17,NSE,ITC,raw_l2/trade_date=2026-07-17/exchange=NSE/symbol=ITC/part-040629_798831-002961.parquet,real_data_sample\l2_unseen_validation\trade_date=2026-07-17\exchange=NSE\symbol=ITC\part-040629_798831-002961.parquet,35758,downloaded,35758,
2026-07-17,NSE,ITC,raw_l2/trade_date=2026-07-17/exchange=NSE/symbol=ITC/part-041044_240962-003537.parquet,real_data_sample\l2_unseen_validation\trade_date=2026-07-17\exchange=NSE\symbol=ITC\part-041044_240962-003537.parquet,35694,downloaded,35694,
2026-07-17,NSE,ITC,raw_l2/trade_date=2026-07-17/exchange=NSE/symbol=ITC/part-040919_055991-003345.parquet,real_data_sample\l2_unseen_validation\trade_date=2026-07-17\exchange=NSE\symbol=ITC\part-040919_055991-003345.parquet,35605,downloaded,35605,
2026-07-17,NSE,ITC,raw_l2/trade_date=2026-07-17/exchange=NSE/symbol=ITC/part-041400_027932-003985.parquet,real_data_sample\l2_unseen_validation\trade_date=2026-07-17\exchange=NSE\symbol=ITC\part-041400_027932-003985.parquet,35691,downloaded,35691,
2026-07-17,NSE,ITC,raw_l2/trade_date=2026-07-17/exchange=NSE/symbol=ITC/part-041345_978915-003953.parquet,real_data_sample\l2_unseen_validation\trade_date=2026-07-17\exchange=NSE\symbol=ITC\part-041345_978915-003953.parquet,35522,downloaded,35522,
2026-07-17,NSE,ITC,raw_l2/trade_date=2026-07-17/exchange=NSE/symbol=ITC/part-041317_775784-003889.parquet,real_data_sample\l2_unseen_validation\trade_date=2026-07-17\exchange=NSE\symbol=ITC\part-041317_775784-003889.parquet,35666,downloaded,35666,
2026-07-17,NSE,ITC,raw_l2/trade_date=2026-07-17/exchange=NSE/symbol=ITC/part-041414_130438-004017.parquet,real_data_sample\l2_unseen_validation\trade_date=2026-07-17\exchange=NSE\symbol=ITC\part-041414_130438-004017.parquet,36120,downloaded,36120,
2026-07-17,NSE,ITC,raw_l2/trade_date=2026-07-17/exchange=NSE/symbol=ITC/part-041331_914285-003921.parquet,real_data_sample\l2_unseen_validation\trade_date=2026-07-17\exchange=NSE\symbol=ITC\part-041331_914285-003921.parquet,36023,downloaded,36023,
2026-07-17,NSE,ITC,raw_l2/trade_date=2026-07-17/exchange=NSE/symbol=ITC/part-041442_159581-004081.parquet,real_data_sample\l2_unseen_validation\trade_date=2026-07-17\exchange=NSE\symbol=ITC\part-041442_159581-004081.parquet,36023,downloaded,36023,
2026-07-17,NSE,ITC,raw_l2/trade_date=2026-07-17/exchange=NSE/symbol=ITC/part-041208_393838-003729.parquet,real_data_sample\l2_unseen_validation\trade_date=2026-07-17\exchange=NSE\symbol=ITC\part-041208_393838-003729.parquet,35448,downloaded,35448,
2026-07-17,NSE,ITC,raw_l2/trade_date=2026-07-17/exchange=NSE/symbol=ITC/part-041154_360486-003697.parquet,real_data_sample\l2_unseen_validation\trade_date=2026-07-17\exchange=NSE\symbol=ITC\part-041154_360486-003697.parquet,35745,downloaded,35745,
2026-07-17,NSE,ITC,raw_l2/trade_date=2026-07-17/exchange=NSE/symbol=ITC/part-041222_387922-003761.parquet,real_data_sample\l2_unseen_validation\trade_date=2026-07-17\exchange=NSE\symbol=ITC\part-041222_387922-003761.parquet,35547,downloaded,35547,
2026-07-17,NSE,ITC,raw_l2/trade_date=2026-07-17/exchange=NSE/symbol=ITC/part-041428_135398-004049.parquet,real_data_sample\l2_unseen_validation\trade_date=2026-07-17\exchange=NSE\symbol=ITC\part-041428_135398-004049.parquet,35605,downloaded,35605,
2026-07-17,NSE,ITC,raw_l2/trade_date=2026-07-17/exchange=NSE/symbol=ITC/part-041126_536532-003633.parquet,real_data_sample\l2_unseen_validation\trade_date=2026-07-17\exchange=NSE\symbol=ITC\part-041126_536532-003633.parquet,35717,downloaded,35717,
2026-07-17,NSE,ITC,raw_l2/trade_date=2026-07-17/exchange=NSE/symbol=ITC/part-041250_110871-003825.parquet,real_data_sample\l2_unseen_validation\trade_date=2026-07-17\exchange=NSE\symbol=ITC\part-041250_110871-003825.parquet,35878,downloaded,35878,
2026-07-17,NSE,ITC,raw_l2/trade_date=2026-07-17/exchange=NSE/symbol=ITC/part-041456_069194-004113.parquet,real_data_sample\l2_unseen_validation\trade_date=2026-07-17\exchange=NSE\symbol=ITC\part-041456_069194-004113.parquet,35625,downloaded,35625,
2026-07-17,NSE,ITC,raw_l2/trade_date=2026-07-17/exchange=NSE/symbol=ITC/part-041140_535374-003665.parquet,real_data_sample\l2_unseen_validation\trade_date=2026-07-17\exchange=NSE\symbol=ITC\part-041140_535374-003665.parquet,35853,downloaded,35853,
2026-07-17,NSE,ITC,raw_l2/trade_date=2026-07-17/exchange=NSE/symbol=ITC/part-041510_065930-004145.parquet,real_data_sample\l2_unseen_validation\trade_date=2026-07-17\exchange=NSE\symbol=ITC\part-041510_065930-004145.parquet,36076,downloaded,36076,
2026-07-17,NSE,ITC,raw_l2/trade_date=2026-07-17/exchange=NSE/symbol=ITC/part-041236_147163-003793.parquet,real_data_sample\l2_unseen_validation\trade_date=2026-07-17\exchange=NSE\symbol=ITC\part-041236_147163-003793.parquet,35589,downloaded,35589,
2026-07-17,NSE,ITC,raw_l2/trade_date=2026-07-17/exchange=NSE/symbol=ITC/part-041303_840424-003857.parquet,real_data_sample\l2_unseen_validation\trade_date=2026-07-17\exchange=NSE\symbol=ITC\part-041303_840424-003857.parquet,35567,downloaded,35567,
2026-07-17,NSE,ITC,raw_l2/trade_date=2026-07-17/exchange=NSE/symbol=ITC/part-041030_070963-003505.parquet,real_data_sample\l2_unseen_validation\trade_date=2026-07-17\exchange=NSE\symbol=ITC\part-041030_070963-003505.parquet,35377,downloaded,35377,
2026-07-17,NSE,ITC,raw_l2/trade_date=2026-07-17/exchange=NSE/symbol=ITC/part-041058_584762-003569.parquet,real_data_sample\l2_unseen_validation\trade_date=2026-07-17\exchange=NSE\symbol=ITC\part-041058_584762-003569.parquet,35448,downloaded,35448,
2026-07-17,NSE,ITC,raw_l2/trade_date=2026-07-17/exchange=NSE/symbol=ITC/part-041112_688444-003601.parquet,real_data_sample\l2_unseen_validation\trade_date=2026-07-17\exchange=NSE\symbol=ITC\part-041112_688444-003601.parquet,35654,downloaded,35654,
2026-07-17,NSE,ITC,raw_l2/trade_date=2026-07-17/exchange=NSE/symbol=ITC/part-041811_514524-004561.parquet,real_data_sample\l2_unseen_validation\trade_date=2026-07-17\exchange=NSE\symbol=ITC\part-041811_514524-004561.parquet,35868,downloaded,35868,
2026-07-17,NSE,ITC,raw_l2/trade_date=2026-07-17/exchange=NSE/symbol=ITC/part-040933_377695-003377.parquet,real_data_sample\l2_unseen_validation\trade_date=2026-07-17\exchange=NSE\symbol=ITC\part-040933_377695-003377.parquet,35720,downloaded,35720,
2026-07-17,NSE,ITC,raw_l2/trade_date=2026-07-17/exchange=NSE/symbol=ITC/part-041002_016942-003441.parquet,real_data_sample\l2_unseen_validation\trade_date=2026-07-17\exchange=NSE\symbol=ITC\part-041002_016942-003441.parquet,35802,downloaded,35802,
2026-07-17,NSE,ITC,raw_l2/trade_date=2026-07-17/exchange=NSE/symbol=ITC/part-041702_024393-004401.parquet,real_data_sample\l2_unseen_validation\trade_date=2026-07-17\exchange=NSE\symbol=ITC\part-041702_024393-004401.parquet,35639,downloaded,35639,
2026-07-17,NSE,ITC,raw_l2/trade_date=2026-07-17/exchange=NSE/symbol=ITC/part-041015_834842-003473.parquet,real_data_sample\l2_unseen_validation\trade_date=2026-07-17\exchange=NSE\symbol=ITC\part-041015_834842-003473.parquet,35543,downloaded,35543,
2026-07-17,NSE,ITC,raw_l2/trade_date=2026-07-17/exchange=NSE/symbol=ITC/part-041744_105777-004497.parquet,real_data_sample\l2_unseen_validation\trade_date=2026-07-17\exchange=NSE\symbol=ITC\part-041744_105777-004497.parquet,35992,downloaded,35992,
2026-07-17,NSE,ITC,raw_l2/trade_date=2026-07-17/exchange=NSE/symbol=ITC/part-041715_752008-004433.parquet,real_data_sample\l2_unseen_validation\trade_date=2026-07-17\exchange=NSE\symbol=ITC\part-041715_752008-004433.parquet,35769,downloaded,35769,
2026-07-17,NSE,ITC,raw_l2/trade_date=2026-07-17/exchange=NSE/symbol=ITC/part-041757_828672-004529.parquet,real_data_sample\l2_unseen_validation\trade_date=2026-07-17\exchange=NSE\symbol=ITC\part-041757_828672-004529.parquet,35876,downloaded,35876,
2026-07-17,NSE,ITC,raw_l2/trade_date=2026-07-17/exchange=NSE/symbol=ITC/part-041853_207702-004657.parquet,real_data_sample\l2_unseen_validation\trade_date=2026-07-17\exchange=NSE\symbol=ITC\part-041853_207702-004657.parquet,35394,downloaded,35394,
2026-07-17,NSE,ITC,raw_l2/trade_date=2026-07-17/exchange=NSE/symbol=ITC/part-042045_788093-004913.parquet,real_data_sample\l2_unseen_validation\trade_date=2026-07-17\exchange=NSE\symbol=ITC\part-042045_788093-004913.parquet,35768,downloaded,35768,
2026-07-17,NSE,ITC,raw_l2/trade_date=2026-07-17/exchange=NSE/symbol=ITC/part-041634_263027-004337.parquet,real_data_sample\l2_unseen_validation\trade_date=2026-07-17\exchange=NSE\symbol=ITC\part-041634_263027-004337.parquet,35828,downloaded,35828,
2026-07-17,NSE,ITC,raw_l2/trade_date=2026-07-17/exchange=NSE/symbol=ITC/part-041825_259491-004593.parquet,real_data_sample\l2_unseen_validation\trade_date=2026-07-17\exchange=NSE\symbol=ITC\part-041825_259491-004593.parquet,35731,downloaded,35731,
2026-07-17,NSE,ITC,raw_l2/trade_date=2026-07-17/exchange=NSE/symbol=ITC/part-041907_645974-004689.parquet,real_data_sample\l2_unseen_validation\trade_date=2026-07-17\exchange=NSE\symbol=ITC\part-041907_645974-004689.parquet,35966,downloaded,35966,
2026-07-17,NSE,ITC,raw_l2/trade_date=2026-07-17/exchange=NSE/symbol=ITC/part-041839_116043-004625.parquet,real_data_sample\l2_unseen_validation\trade_date=2026-07-17\exchange=NSE\symbol=ITC\part-041839_116043-004625.parquet,35985,downloaded,35985,
2026-07-17,NSE,ITC,raw_l2/trade_date=2026-07-17/exchange=NSE/symbol=ITC/part-041730_174781-004465.parquet,real_data_sample\l2_unseen_validation\trade_date=2026-07-17\exchange=NSE\symbol=ITC\part-041730_174781-004465.parquet,35946,downloaded,35946,
2026-07-17,NSE,ITC,raw_l2/trade_date=2026-07-17/exchange=NSE/symbol=ITC/part-041648_122343-004369.parquet,real_data_sample\l2_unseen_validation\trade_date=2026-07-17\exchange=NSE\symbol=ITC\part-041648_122343-004369.parquet,35991,downloaded,35991,
2026-07-17,NSE,ITC,raw_l2/trade_date=2026-07-17/exchange=NSE/symbol=ITC/part-042059_479306-004945.parquet,real_data_sample\l2_unseen_validation\trade_date=2026-07-17\exchange=NSE\symbol=ITC\part-042059_479306-004945.parquet,36090,downloaded,36090,
2026-07-17,NSE,ITC,raw_l2/trade_date=2026-07-17/exchange=NSE/symbol=ITC/part-042004_009131-004817.parquet,real_data_sample\l2_unseen_validation\trade_date=2026-07-17\exchange=NSE\symbol=ITC\part-042004_009131-004817.parquet,35898,downloaded,35898,
2026-07-17,NSE,ITC,raw_l2/trade_date=2026-07-17/exchange=NSE/symbol=ITC/part-041950_165140-004785.parquet,real_data_sample\l2_unseen_validation\trade_date=2026-07-17\exchange=NSE\symbol=ITC\part-041950_165140-004785.parquet,35782,downloaded,35782,
2026-07-17,NSE,ITC,raw_l2/trade_date=2026-07-17/exchange=NSE/symbol=ITC/part-041936_111961-004753.parquet,real_data_sample\l2_unseen_validation\trade_date=2026-07-17\exchange=NSE\symbol=ITC\part-041936_111961-004753.parquet,35767,downloaded,35767,
2026-07-17,NSE,ITC,raw_l2/trade_date=2026-07-17/exchange=NSE/symbol=ITC/part-042113_357641-004977.parquet,real_data_sample\l2_unseen_validation\trade_date=2026-07-17\exchange=NSE\symbol=ITC\part-042113_357641-004977.parquet,35916,downloaded,35916,
2026-07-17,NSE,ITC,raw_l2/trade_date=2026-07-17/exchange=NSE/symbol=ITC/part-042031_843967-004881.parquet,real_data_sample\l2_unseen_validation\trade_date=2026-07-17\exchange=NSE\symbol=ITC\part-042031_843967-004881.parquet,35776,downloaded,35776,
2026-07-17,NSE,ITC,raw_l2/trade_date=2026-07-17/exchange=NSE/symbol=ITC/part-041606_811559-004273.parquet,real_data_sample\l2_unseen_validation\trade_date=2026-07-17\exchange=NSE\symbol=ITC\part-041606_811559-004273.parquet,36082,downloaded,36082,
2026-07-17,NSE,ITC,raw_l2/trade_date=2026-07-17/exchange=NSE/symbol=ITC/part-041553_032307-004241.parquet,real_data_sample\l2_unseen_validation\trade_date=2026-07-17\exchange=NSE\symbol=ITC\part-041553_032307-004241.parquet,36065,downloaded,36065,
2026-07-17,NSE,ITC,raw_l2/trade_date=2026-07-17/exchange=NSE/symbol=ITC/part-041620_572186-004305.parquet,real_data_sample\l2_unseen_validation\trade_date=2026-07-17\exchange=NSE\symbol=ITC\part-041620_572186-004305.parquet,35998,downloaded,35998,
2026-07-17,NSE,ITC,raw_l2/trade_date=2026-07-17/exchange=NSE/symbol=ITC/part-041922_039923-004721.parquet,real_data_sample\l2_unseen_validation\trade_date=2026-07-17\exchange=NSE\symbol=ITC\part-041922_039923-004721.parquet,35819,downloaded,35819,
2026-07-17,NSE,ITC,raw_l2/trade_date=2026-07-17/exchange=NSE/symbol=ITC/part-042018_073722-004849.parquet,real_data_sample\l2_unseen_validation\trade_date=2026-07-17\exchange=NSE\symbol=ITC\part-042018_073722-004849.parquet,35811,downloaded,35811,
2026-07-17,NSE,ITC,raw_l2/trade_date=2026-07-17/exchange=NSE/symbol=ITC/part-041523_892107-004177.parquet,real_data_sample\l2_unseen_validation\trade_date=2026-07-17\exchange=NSE\symbol=ITC\part-041523_892107-004177.parquet,36130,downloaded,36130,
2026-07-17,NSE,ITC,raw_l2/trade_date=2026-07-17/exchange=NSE/symbol=ITC/part-041537_767136-004209.parquet,real_data_sample\l2_unseen_validation\trade_date=2026-07-17\exchange=NSE\symbol=ITC\part-041537_767136-004209.parquet,35983,downloaded,35983,
2026-07-17,NSE,ITC,raw_l2/trade_date=2026-07-17/exchange=NSE/symbol=ITC/part-040850_708134-003281.parquet,real_data_sample\l2_unseen_validation\trade_date=2026-07-17\exchange=NSE\symbol=ITC\part-040850_708134-003281.parquet,35626,downloaded,35626,
2026-07-17,NSE,ITC,raw_l2/trade_date=2026-07-17/exchange=NSE/symbol=ITC/part-040947_661637-003409.parquet,real_data_sample\l2_unseen_validation\trade_date=2026-07-17\exchange=NSE\symbol=ITC\part-040947_661637-003409.parquet,35697,downloaded,35697,
2026-07-17,NSE,ITC,raw_l2/trade_date=2026-07-17/exchange=NSE/symbol=ITC/part-042127_279828-005009.parquet,real_data_sample\l2_unseen_validation\trade_date=2026-07-17\exchange=NSE\symbol=ITC\part-042127_279828-005009.parquet,35680,downloaded,35680,
2026-07-17,NSE,ITC,raw_l2/trade_date=2026-07-17/exchange=NSE/symbol=ITC/part-042606_505486-005649.parquet,real_data_sample\l2_unseen_validation\trade_date=2026-07-17\exchange=NSE\symbol=ITC\part-042606_505486-005649.parquet,35964,downloaded,35964,
2026-07-17,NSE,ITC,raw_l2/trade_date=2026-07-17/exchange=NSE/symbol=ITC/part-042456_533714-005489.parquet,real_data_sample\l2_unseen_validation\trade_date=2026-07-17\exchange=NSE\symbol=ITC\part-042456_533714-005489.parquet,35830,downloaded,35830,
2026-07-17,NSE,ITC,raw_l2/trade_date=2026-07-17/exchange=NSE/symbol=ITC/part-042552_314140-005617.parquet,real_data_sample\l2_unseen_validation\trade_date=2026-07-17\exchange=NSE\symbol=ITC\part-042552_314140-005617.parquet,35593,downloaded,35593,
2026-07-17,NSE,ITC,raw_l2/trade_date=2026-07-17/exchange=NSE/symbol=ITC/part-042538_463911-005585.parquet,real_data_sample\l2_unseen_validation\trade_date=2026-07-17\exchange=NSE\symbol=ITC\part-042538_463911-005585.parquet,35738,downloaded,35738,
2026-07-17,NSE,ITC,raw_l2/trade_date=2026-07-17/exchange=NSE/symbol=ITC/part-042524_252533-005553.parquet,real_data_sample\l2_unseen_validation\trade_date=2026-07-17\exchange=NSE\symbol=ITC\part-042524_252533-005553.parquet,35615,downloaded,35615,
2026-07-17,NSE,ITC,raw_l2/trade_date=2026-07-17/exchange=NSE/symbol=ITC/part-042442_894384-005457.parquet,real_data_sample\l2_unseen_validation\trade_date=2026-07-17\exchange=NSE\symbol=ITC\part-042442_894384-005457.parquet,35548,downloaded,35548,
2026-07-17,NSE,ITC,raw_l2/trade_date=2026-07-17/exchange=NSE/symbol=ITC/part-042401_054236-005361.parquet,real_data_sample\l2_unseen_validation\trade_date=2026-07-17\exchange=NSE\symbol=ITC\part-042401_054236-005361.parquet,35706,downloaded,35706,
2026-07-17,NSE,ITC,raw_l2/trade_date=2026-07-17/exchange=NSE/symbol=ITC/part-042620_504682-005681.parquet,real_data_sample\l2_unseen_validation\trade_date=2026-07-17\exchange=NSE\symbol=ITC\part-042620_504682-005681.parquet,35728,downloaded,35728,
2026-07-17,NSE,ITC,raw_l2/trade_date=2026-07-17/exchange=NSE/symbol=ITC/part-042634_669934-005713.parquet,real_data_sample\l2_unseen_validation\trade_date=2026-07-17\exchange=NSE\symbol=ITC\part-042634_669934-005713.parquet,35926,downloaded,35926,
2026-07-17,NSE,ITC,raw_l2/trade_date=2026-07-17/exchange=NSE/symbol=ITC/part-042333_097215-005297.parquet,real_data_sample\l2_unseen_validation\trade_date=2026-07-17\exchange=NSE\symbol=ITC\part-042333_097215-005297.parquet,35529,downloaded,35529,
2026-07-17,NSE,ITC,raw_l2/trade_date=2026-07-17/exchange=NSE/symbol=ITC/part-042428_873629-005425.parquet,real_data_sample\l2_unseen_validation\trade_date=2026-07-17\exchange=NSE\symbol=ITC\part-042428_873629-005425.parquet,35245,downloaded,35245,
2026-07-17,NSE,ITC,raw_l2/trade_date=2026-07-17/exchange=NSE/symbol=ITC/part-042648_652988-005745.parquet,real_data_sample\l2_unseen_validation\trade_date=2026-07-17\exchange=NSE\symbol=ITC\part-042648_652988-005745.parquet,35964,downloaded,35964,
2026-07-17,NSE,ITC,raw_l2/trade_date=2026-07-17/exchange=NSE/symbol=ITC/part-042414_813457-005393.parquet,real_data_sample\l2_unseen_validation\trade_date=2026-07-17\exchange=NSE\symbol=ITC\part-042414_813457-005393.parquet,35263,downloaded,35263,
2026-07-17,NSE,ITC,raw_l2/trade_date=2026-07-17/exchange=NSE/symbol=ITC/part-042702_656926-005777.parquet,real_data_sample\l2_unseen_validation\trade_date=2026-07-17\exchange=NSE\symbol=ITC\part-042702_656926-005777.parquet,35489,downloaded,35489,
2026-07-17,NSE,ITC,raw_l2/trade_date=2026-07-17/exchange=NSE/symbol=ITC/part-042716_635442-005809.parquet,real_data_sample\l2_unseen_validation\trade_date=2026-07-17\exchange=NSE\symbol=ITC\part-042716_635442-005809.parquet,35949,downloaded,35949,
2026-07-17,NSE,ITC,raw_l2/trade_date=2026-07-17/exchange=NSE/symbol=ITC/part-042347_124393-005329.parquet,real_data_sample\l2_unseen_validation\trade_date=2026-07-17\exchange=NSE\symbol=ITC\part-042347_124393-005329.parquet,35841,downloaded,35841,
2026-07-17,NSE,ITC,raw_l2/trade_date=2026-07-17/exchange=NSE/symbol=ITC/part-042730_691365-005841.parquet,real_data_sample\l2_unseen_validation\trade_date=2026-07-17\exchange=NSE\symbol=ITC\part-042730_691365-005841.parquet,35883,downloaded,35883,
2026-07-17,NSE,ITC,raw_l2/trade_date=2026-07-17/exchange=NSE/symbol=ITC/part-042319_129294-005265.parquet,real_data_sample\l2_unseen_validation\trade_date=2026-07-17\exchange=NSE\symbol=ITC\part-042319_129294-005265.parquet,35934,downloaded,35934,
2026-07-17,NSE,ITC,raw_l2/trade_date=2026-07-17/exchange=NSE/symbol=ITC/part-042237_269123-005169.parquet,real_data_sample\l2_unseen_validation\trade_date=2026-07-17\exchange=NSE\symbol=ITC\part-042237_269123-005169.parquet,35544,downloaded,35544,
2026-07-17,NSE,ITC,raw_l2/trade_date=2026-07-17/exchange=NSE/symbol=ITC/part-042305_005376-005233.parquet,real_data_sample\l2_unseen_validation\trade_date=2026-07-17\exchange=NSE\symbol=ITC\part-042305_005376-005233.parquet,35569,downloaded,35569,
2026-07-17,NSE,ITC,raw_l2/trade_date=2026-07-17/exchange=NSE/symbol=ITC/part-042251_077438-005201.parquet,real_data_sample\l2_unseen_validation\trade_date=2026-07-17\exchange=NSE\symbol=ITC\part-042251_077438-005201.parquet,35844,downloaded,35844,
2026-07-17,NSE,ITC,raw_l2/trade_date=2026-07-17/exchange=NSE/symbol=ITC/part-040836_325740-003249.parquet,real_data_sample\l2_unseen_validation\trade_date=2026-07-17\exchange=NSE\symbol=ITC\part-040836_325740-003249.parquet,35770,downloaded,35770,
2026-07-17,NSE,ITC,raw_l2/trade_date=2026-07-17/exchange=NSE/symbol=ITC/part-042141_351872-005041.parquet,real_data_sample\l2_unseen_validation\trade_date=2026-07-17\exchange=NSE\symbol=ITC\part-042141_351872-005041.parquet,35967,downloaded,35967,
2026-07-17,NSE,ITC,raw_l2/trade_date=2026-07-17/exchange=NSE/symbol=ITC/part-042840_106465-006001.parquet,real_data_sample\l2_unseen_validation\trade_date=2026-07-17\exchange=NSE\symbol=ITC\part-042840_106465-006001.parquet,35722,downloaded,35722,
2026-07-17,NSE,ITC,raw_l2/trade_date=2026-07-17/exchange=NSE/symbol=ITC/part-042744_515585-005873.parquet,real_data_sample\l2_unseen_validation\trade_date=2026-07-17\exchange=NSE\symbol=ITC\part-042744_515585-005873.parquet,35752,downloaded,35752,
2026-07-17,NSE,ITC,raw_l2/trade_date=2026-07-17/exchange=NSE/symbol=ITC/part-042758_273219-005905.parquet,real_data_sample\l2_unseen_validation\trade_date=2026-07-17\exchange=NSE\symbol=ITC\part-042758_273219-005905.parquet,36022,downloaded,36022,
2026-07-17,NSE,ITC,raw_l2/trade_date=2026-07-17/exchange=NSE/symbol=ITC/part-042155_374228-005073.parquet,real_data_sample\l2_unseen_validation\trade_date=2026-07-17\exchange=NSE\symbol=ITC\part-042155_374228-005073.parquet,35646,downloaded,35646,
2026-07-17,NSE,ITC,raw_l2/trade_date=2026-07-17/exchange=NSE/symbol=ITC/part-043252_276395-006577.parquet,real_data_sample\l2_unseen_validation\trade_date=2026-07-17\exchange=NSE\symbol=ITC\part-043252_276395-006577.parquet,36391,downloaded,36391,
2026-07-17,NSE,ITC,raw_l2/trade_date=2026-07-17/exchange=NSE/symbol=ITC/part-042223_425186-005137.parquet,real_data_sample\l2_unseen_validation\trade_date=2026-07-17\exchange=NSE\symbol=ITC\part-042223_425186-005137.parquet,35926,downloaded,35926,
2026-07-17,NSE,ITC,raw_l2/trade_date=2026-07-17/exchange=NSE/symbol=ITC/part-043306_113210-006609.parquet,real_data_sample\l2_unseen_validation\trade_date=2026-07-17\exchange=NSE\symbol=ITC\part-043306_113210-006609.parquet,35534,downloaded,35534,
2026-07-17,NSE,ITC,raw_l2/trade_date=2026-07-17/exchange=NSE/symbol=ITC/part-042907_931807-006065.parquet,real_data_sample\l2_unseen_validation\trade_date=2026-07-17\exchange=NSE\symbol=ITC\part-042907_931807-006065.parquet,35718,downloaded,35718,
2026-07-17,NSE,ITC,raw_l2/trade_date=2026-07-17/exchange=NSE/symbol=ITC/part-043018_188115-006225.parquet,real_data_sample\l2_unseen_validation\trade_date=2026-07-17\exchange=NSE\symbol=ITC\part-043018_188115-006225.parquet,35948,downloaded,35948,
2026-07-17,NSE,ITC,raw_l2/trade_date=2026-07-17/exchange=NSE/symbol=ITC/part-043320_310488-006641.parquet,real_data_sample\l2_unseen_validation\trade_date=2026-07-17\exchange=NSE\symbol=ITC\part-043320_310488-006641.parquet,36123,downloaded,36123,
2026-07-17,NSE,ITC,raw_l2/trade_date=2026-07-17/exchange=NSE/symbol=ITC/part-042949_878462-006161.parquet,real_data_sample\l2_unseen_validation\trade_date=2026-07-17\exchange=NSE\symbol=ITC\part-042949_878462-006161.parquet,35541,downloaded,35541,
2026-07-17,NSE,ITC,raw_l2/trade_date=2026-07-17/exchange=NSE/symbol=ITC/part-043155_840713-006449.parquet,real_data_sample\l2_unseen_validation\trade_date=2026-07-17\exchange=NSE\symbol=ITC\part-043155_840713-006449.parquet,35672,downloaded,35672,
2026-07-17,NSE,ITC,raw_l2/trade_date=2026-07-17/exchange=NSE/symbol=ITC/part-043224_282449-006513.parquet,real_data_sample\l2_unseen_validation\trade_date=2026-07-17\exchange=NSE\symbol=ITC\part-043224_282449-006513.parquet,35895,downloaded,35895,
2026-07-17,NSE,ITC,raw_l2/trade_date=2026-07-17/exchange=NSE/symbol=ITC/part-043003_870406-006193.parquet,real_data_sample\l2_unseen_validation\trade_date=2026-07-17\exchange=NSE\symbol=ITC\part-043003_870406-006193.parquet,35630,downloaded,35630,
2026-07-17,NSE,ITC,raw_l2/trade_date=2026-07-17/exchange=NSE/symbol=ITC/part-043141_978854-006417.parquet,real_data_sample\l2_unseen_validation\trade_date=2026-07-17\exchange=NSE\symbol=ITC\part-043141_978854-006417.parquet,35435,downloaded,35435,
2026-07-17,NSE,ITC,raw_l2/trade_date=2026-07-17/exchange=NSE/symbol=ITC/part-043334_368487-006673.parquet,real_data_sample\l2_unseen_validation\trade_date=2026-07-17\exchange=NSE\symbol=ITC\part-043334_368487-006673.parquet,35707,downloaded,35707,
2026-07-17,NSE,ITC,raw_l2/trade_date=2026-07-17/exchange=NSE/symbol=ITC/part-042921_876003-006097.parquet,real_data_sample\l2_unseen_validation\trade_date=2026-07-17\exchange=NSE\symbol=ITC\part-042921_876003-006097.parquet,36055,downloaded,36055,
2026-07-17,NSE,ITC,raw_l2/trade_date=2026-07-17/exchange=NSE/symbol=ITC/part-042854_030487-006033.parquet,real_data_sample\l2_unseen_validation\trade_date=2026-07-17\exchange=NSE\symbol=ITC\part-042854_030487-006033.parquet,35866,downloaded,35866,
2026-07-17,NSE,ITC,raw_l2/trade_date=2026-07-17/exchange=NSE/symbol=ITC/part-043045_823093-006289.parquet,real_data_sample\l2_unseen_validation\trade_date=2026-07-17\exchange=NSE\symbol=ITC\part-043045_823093-006289.parquet,35900,downloaded,35900,
2026-07-17,NSE,ITC,raw_l2/trade_date=2026-07-17/exchange=NSE/symbol=ITC/part-042935_884366-006129.parquet,real_data_sample\l2_unseen_validation\trade_date=2026-07-17\exchange=NSE\symbol=ITC\part-042935_884366-006129.parquet,35681,downloaded,35681,
2026-07-17,NSE,ITC,raw_l2/trade_date=2026-07-17/exchange=NSE/symbol=ITC/part-043059_552895-006321.parquet,real_data_sample\l2_unseen_validation\trade_date=2026-07-17\exchange=NSE\symbol=ITC\part-043059_552895-006321.parquet,35878,downloaded,35878,
2026-07-17,NSE,ITC,raw_l2/trade_date=2026-07-17/exchange=NSE/symbol=ITC/part-043127_840727-006385.parquet,real_data_sample\l2_unseen_validation\trade_date=2026-07-17\exchange=NSE\symbol=ITC\part-043127_840727-006385.parquet,35614,downloaded,35614,
2026-07-17,NSE,ITC,raw_l2/trade_date=2026-07-17/exchange=NSE/symbol=ITC/part-043032_100285-006257.parquet,real_data_sample\l2_unseen_validation\trade_date=2026-07-17\exchange=NSE\symbol=ITC\part-043032_100285-006257.parquet,35791,downloaded,35791,
2026-07-17,NSE,ITC,raw_l2/trade_date=2026-07-17/exchange=NSE/symbol=ITC/part-043113_631353-006353.parquet,real_data_sample\l2_unseen_validation\trade_date=2026-07-17\exchange=NSE\symbol=ITC\part-043113_631353-006353.parquet,35662,downloaded,35662,
2026-07-17,NSE,ITC,raw_l2/trade_date=2026-07-17/exchange=NSE/symbol=ITC/part-043209_894835-006481.parquet,real_data_sample\l2_unseen_validation\trade_date=2026-07-17\exchange=NSE\symbol=ITC\part-043209_894835-006481.parquet,35846,downloaded,35846,
2026-07-17,NSE,ITC,raw_l2/trade_date=2026-07-17/exchange=NSE/symbol=ITC/part-043238_346175-006545.parquet,real_data_sample\l2_unseen_validation\trade_date=2026-07-17\exchange=NSE\symbol=ITC\part-043238_346175-006545.parquet,35562,downloaded,35562,
2026-07-17,NSE,ITC,raw_l2/trade_date=2026-07-17/exchange=NSE/symbol=ITC/part-043416_520471-006769.parquet,real_data_sample\l2_unseen_validation\trade_date=2026-07-17\exchange=NSE\symbol=ITC\part-043416_520471-006769.parquet,35877,downloaded,35877,
2026-07-17,NSE,ITC,raw_l2/trade_date=2026-07-17/exchange=NSE/symbol=ITC/part-042826_129944-005969.parquet,real_data_sample\l2_unseen_validation\trade_date=2026-07-17\exchange=NSE\symbol=ITC\part-042826_129944-005969.parquet,35803,downloaded,35803,
2026-07-17,NSE,ITC,raw_l2/trade_date=2026-07-17/exchange=NSE/symbol=ITC/part-042812_070531-005937.parquet,real_data_sample\l2_unseen_validation\trade_date=2026-07-17\exchange=NSE\symbol=ITC\part-042812_070531-005937.parquet,35420,downloaded,35420,
2026-07-17,NSE,ITC,raw_l2/trade_date=2026-07-17/exchange=NSE/symbol=ITC/part-043745_318121-007249.parquet,real_data_sample\l2_unseen_validation\trade_date=2026-07-17\exchange=NSE\symbol=ITC\part-043745_318121-007249.parquet,35835,downloaded,35835,
2026-07-17,NSE,ITC,raw_l2/trade_date=2026-07-17/exchange=NSE/symbol=ITC/part-043812_827764-007313.parquet,real_data_sample\l2_unseen_validation\trade_date=2026-07-17\exchange=NSE\symbol=ITC\part-043812_827764-007313.parquet,35635,downloaded,35635,
2026-07-17,NSE,ITC,raw_l2/trade_date=2026-07-17/exchange=NSE/symbol=ITC/part-043703_660714-007153.parquet,real_data_sample\l2_unseen_validation\trade_date=2026-07-17\exchange=NSE\symbol=ITC\part-043703_660714-007153.parquet,35748,downloaded,35748,
2026-07-17,NSE,ITC,raw_l2/trade_date=2026-07-17/exchange=NSE/symbol=ITC/part-043511_878110-006897.parquet,real_data_sample\l2_unseen_validation\trade_date=2026-07-17\exchange=NSE\symbol=ITC\part-043511_878110-006897.parquet,35914,downloaded,35914,
2026-07-17,NSE,ITC,raw_l2/trade_date=2026-07-17/exchange=NSE/symbol=ITC/part-043855_669225-007409.parquet,real_data_sample\l2_unseen_validation\trade_date=2026-07-17\exchange=NSE\symbol=ITC\part-043855_669225-007409.parquet,35728,downloaded,35728,
2026-07-17,NSE,ITC,raw_l2/trade_date=2026-07-17/exchange=NSE/symbol=ITC/part-043827_468292-007345.parquet,real_data_sample\l2_unseen_validation\trade_date=2026-07-17\exchange=NSE\symbol=ITC\part-043827_468292-007345.parquet,36122,downloaded,36122,
2026-07-17,NSE,ITC,raw_l2/trade_date=2026-07-17/exchange=NSE/symbol=ITC/part-043731_441628-007217.parquet,real_data_sample\l2_unseen_validation\trade_date=2026-07-17\exchange=NSE\symbol=ITC\part-043731_441628-007217.parquet,35851,downloaded,35851,
2026-07-17,NSE,ITC,raw_l2/trade_date=2026-07-17/exchange=NSE/symbol=ITC/part-043936_752500-007505.parquet,real_data_sample\l2_unseen_validation\trade_date=2026-07-17\exchange=NSE\symbol=ITC\part-043936_752500-007505.parquet,35653,downloaded,35653,
2026-07-17,NSE,ITC,raw_l2/trade_date=2026-07-17/exchange=NSE/symbol=ITC/part-043909_560743-007441.parquet,real_data_sample\l2_unseen_validation\trade_date=2026-07-17\exchange=NSE\symbol=ITC\part-043909_560743-007441.parquet,36090,downloaded,36090,
2026-07-17,NSE,ITC,raw_l2/trade_date=2026-07-17/exchange=NSE/symbol=ITC/part-043717_579788-007185.parquet,real_data_sample\l2_unseen_validation\trade_date=2026-07-17\exchange=NSE\symbol=ITC\part-043717_579788-007185.parquet,35899,downloaded,35899,
2026-07-17,NSE,ITC,raw_l2/trade_date=2026-07-17/exchange=NSE/symbol=ITC/part-043759_042475-007281.parquet,real_data_sample\l2_unseen_validation\trade_date=2026-07-17\exchange=NSE\symbol=ITC\part-043759_042475-007281.parquet,35575,downloaded,35575,
2026-07-17,NSE,ITC,raw_l2/trade_date=2026-07-17/exchange=NSE/symbol=ITC/part-043649_718898-007121.parquet,real_data_sample\l2_unseen_validation\trade_date=2026-07-17\exchange=NSE\symbol=ITC\part-043649_718898-007121.parquet,35381,downloaded,35381,
2026-07-17,NSE,ITC,raw_l2/trade_date=2026-07-17/exchange=NSE/symbol=ITC/part-043841_609678-007377.parquet,real_data_sample\l2_unseen_validation\trade_date=2026-07-17\exchange=NSE\symbol=ITC\part-043841_609678-007377.parquet,35714,downloaded,35714,
2026-07-17,NSE,ITC,raw_l2/trade_date=2026-07-17/exchange=NSE/symbol=ITC/part-043402_324293-006737.parquet,real_data_sample\l2_unseen_validation\trade_date=2026-07-17\exchange=NSE\symbol=ITC\part-043402_324293-006737.parquet,35899,downloaded,35899,
2026-07-17,NSE,ITC,raw_l2/trade_date=2026-07-17/exchange=NSE/symbol=ITC/part-043923_216399-007473.parquet,real_data_sample\l2_unseen_validation\trade_date=2026-07-17\exchange=NSE\symbol=ITC\part-043923_216399-007473.parquet,35342,downloaded,35342,
2026-07-17,NSE,ITC,raw_l2/trade_date=2026-07-17/exchange=NSE/symbol=ITC/part-043607_618650-007025.parquet,real_data_sample\l2_unseen_validation\trade_date=2026-07-17\exchange=NSE\symbol=ITC\part-043607_618650-007025.parquet,35554,downloaded,35554,
2026-07-17,NSE,ITC,raw_l2/trade_date=2026-07-17/exchange=NSE/symbol=ITC/part-043539_640771-006961.parquet,real_data_sample\l2_unseen_validation\trade_date=2026-07-17\exchange=NSE\symbol=ITC\part-043539_640771-006961.parquet,35392,downloaded,35392,
2026-07-17,NSE,ITC,raw_l2/trade_date=2026-07-17/exchange=NSE/symbol=ITC/part-043553_576264-006993.parquet,real_data_sample\l2_unseen_validation\trade_date=2026-07-17\exchange=NSE\symbol=ITC\part-043553_576264-006993.parquet,35806,downloaded,35806,
2026-07-17,NSE,ITC,raw_l2/trade_date=2026-07-17/exchange=NSE/symbol=ITC/part-043635_553685-007089.parquet,real_data_sample\l2_unseen_validation\trade_date=2026-07-17\exchange=NSE\symbol=ITC\part-043635_553685-007089.parquet,35642,downloaded,35642,
2026-07-17,NSE,ITC,raw_l2/trade_date=2026-07-17/exchange=NSE/symbol=ITC/part-043621_554274-007057.parquet,real_data_sample\l2_unseen_validation\trade_date=2026-07-17\exchange=NSE\symbol=ITC\part-043621_554274-007057.parquet,35619,downloaded,35619,
2026-07-17,NSE,ITC,raw_l2/trade_date=2026-07-17/exchange=NSE/symbol=ITC/part-044004_273746-007569.parquet,real_data_sample\l2_unseen_validation\trade_date=2026-07-17\exchange=NSE\symbol=ITC\part-044004_273746-007569.parquet,35487,downloaded,35487,
2026-07-17,NSE,ITC,raw_l2/trade_date=2026-07-17/exchange=NSE/symbol=ITC/part-043950_572824-007537.parquet,real_data_sample\l2_unseen_validation\trade_date=2026-07-17\exchange=NSE\symbol=ITC\part-043950_572824-007537.parquet,35507,downloaded,35507,
2026-07-17,NSE,ITC,raw_l2/trade_date=2026-07-17/exchange=NSE/symbol=ITC/part-043430_413017-006801.parquet,real_data_sample\l2_unseen_validation\trade_date=2026-07-17\exchange=NSE\symbol=ITC\part-043430_413017-006801.parquet,35567,downloaded,35567,
2026-07-17,NSE,ITC,raw_l2/trade_date=2026-07-17/exchange=NSE/symbol=ITC/part-044018_065361-007601.parquet,real_data_sample\l2_unseen_validation\trade_date=2026-07-17\exchange=NSE\symbol=ITC\part-044018_065361-007601.parquet,35492,downloaded,35492,
2026-07-17,NSE,ITC,raw_l2/trade_date=2026-07-17/exchange=NSE/symbol=ITC/part-043444_336800-006833.parquet,real_data_sample\l2_unseen_validation\trade_date=2026-07-17\exchange=NSE\symbol=ITC\part-043444_336800-006833.parquet,35492,downloaded,35492,
2026-07-17,NSE,ITC,raw_l2/trade_date=2026-07-17/exchange=NSE/symbol=ITC/part-044140_523981-007793.parquet,real_data_sample\l2_unseen_validation\trade_date=2026-07-17\exchange=NSE\symbol=ITC\part-044140_523981-007793.parquet,35405,downloaded,35405,
2026-07-17,NSE,ITC,raw_l2/trade_date=2026-07-17/exchange=NSE/symbol=ITC/part-044126_763355-007761.parquet,real_data_sample\l2_unseen_validation\trade_date=2026-07-17\exchange=NSE\symbol=ITC\part-044126_763355-007761.parquet,35580,downloaded,35580,
2026-07-17,NSE,ITC,raw_l2/trade_date=2026-07-17/exchange=NSE/symbol=ITC/part-044603_180423-008401.parquet,real_data_sample\l2_unseen_validation\trade_date=2026-07-17\exchange=NSE\symbol=ITC\part-044603_180423-008401.parquet,35204,downloaded,35204,
2026-07-17,NSE,ITC,raw_l2/trade_date=2026-07-17/exchange=NSE/symbol=ITC/part-044113_033654-007729.parquet,real_data_sample\l2_unseen_validation\trade_date=2026-07-17\exchange=NSE\symbol=ITC\part-044113_033654-007729.parquet,35291,downloaded,35291,
2026-07-17,NSE,ITC,raw_l2/trade_date=2026-07-17/exchange=NSE/symbol=ITC/part-044059_203718-007697.parquet,real_data_sample\l2_unseen_validation\trade_date=2026-07-17\exchange=NSE\symbol=ITC\part-044059_203718-007697.parquet,35537,downloaded,35537,
2026-07-17,NSE,ITC,raw_l2/trade_date=2026-07-17/exchange=NSE/symbol=ITC/part-044617_028647-008433.parquet,real_data_sample\l2_unseen_validation\trade_date=2026-07-17\exchange=NSE\symbol=ITC\part-044617_028647-008433.parquet,35342,downloaded,35342,
2026-07-17,NSE,ITC,raw_l2/trade_date=2026-07-17/exchange=NSE/symbol=ITC/part-044249_809199-007953.parquet,real_data_sample\l2_unseen_validation\trade_date=2026-07-17\exchange=NSE\symbol=ITC\part-044249_809199-007953.parquet,35752,downloaded,35752,
2026-07-17,NSE,ITC,raw_l2/trade_date=2026-07-17/exchange=NSE/symbol=ITC/part-044331_525690-008049.parquet,real_data_sample\l2_unseen_validation\trade_date=2026-07-17\exchange=NSE\symbol=ITC\part-044331_525690-008049.parquet,35273,downloaded,35273,
2026-07-17,NSE,ITC,raw_l2/trade_date=2026-07-17/exchange=NSE/symbol=ITC/part-044303_572379-007985.parquet,real_data_sample\l2_unseen_validation\trade_date=2026-07-17\exchange=NSE\symbol=ITC\part-044303_572379-007985.parquet,35149,downloaded,35149,
2026-07-17,NSE,ITC,raw_l2/trade_date=2026-07-17/exchange=NSE/symbol=ITC/part-044454_276768-008241.parquet,real_data_sample\l2_unseen_validation\trade_date=2026-07-17\exchange=NSE\symbol=ITC\part-044454_276768-008241.parquet,35704,downloaded,35704,
2026-07-17,NSE,ITC,raw_l2/trade_date=2026-07-17/exchange=NSE/symbol=ITC/part-044508_011289-008273.parquet,real_data_sample\l2_unseen_validation\trade_date=2026-07-17\exchange=NSE\symbol=ITC\part-044508_011289-008273.parquet,35575,downloaded,35575,
2026-07-17,NSE,ITC,raw_l2/trade_date=2026-07-17/exchange=NSE/symbol=ITC/part-044317_541470-008017.parquet,real_data_sample\l2_unseen_validation\trade_date=2026-07-17\exchange=NSE\symbol=ITC\part-044317_541470-008017.parquet,35239,downloaded,35239,
2026-07-17,NSE,ITC,raw_l2/trade_date=2026-07-17/exchange=NSE/symbol=ITC/part-044521_791285-008305.parquet,real_data_sample\l2_unseen_validation\trade_date=2026-07-17\exchange=NSE\symbol=ITC\part-044521_791285-008305.parquet,35346,downloaded,35346,
2026-07-17,NSE,ITC,raw_l2/trade_date=2026-07-17/exchange=NSE/symbol=ITC/part-044031_816414-007633.parquet,real_data_sample\l2_unseen_validation\trade_date=2026-07-17\exchange=NSE\symbol=ITC\part-044031_816414-007633.parquet,35589,downloaded,35589,
2026-07-17,NSE,ITC,raw_l2/trade_date=2026-07-17/exchange=NSE/symbol=ITC/part-044535_491028-008337.parquet,real_data_sample\l2_unseen_validation\trade_date=2026-07-17\exchange=NSE\symbol=ITC\part-044535_491028-008337.parquet,35199,downloaded,35199,
2026-07-17,NSE,ITC,raw_l2/trade_date=2026-07-17/exchange=NSE/symbol=ITC/part-044440_323473-008209.parquet,real_data_sample\l2_unseen_validation\trade_date=2026-07-17\exchange=NSE\symbol=ITC\part-044440_323473-008209.parquet,35346,downloaded,35346,
2026-07-17,NSE,ITC,raw_l2/trade_date=2026-07-17/exchange=NSE/symbol=ITC/part-044426_475142-008177.parquet,real_data_sample\l2_unseen_validation\trade_date=2026-07-17\exchange=NSE\symbol=ITC\part-044426_475142-008177.parquet,35588,downloaded,35588,
2026-07-17,NSE,ITC,raw_l2/trade_date=2026-07-17/exchange=NSE/symbol=ITC/part-044207_973472-007857.parquet,real_data_sample\l2_unseen_validation\trade_date=2026-07-17\exchange=NSE\symbol=ITC\part-044207_973472-007857.parquet,35655,downloaded,35655,
2026-07-17,NSE,ITC,raw_l2/trade_date=2026-07-17/exchange=NSE/symbol=ITC/part-044154_264434-007825.parquet,real_data_sample\l2_unseen_validation\trade_date=2026-07-17\exchange=NSE\symbol=ITC\part-044154_264434-007825.parquet,35340,downloaded,35340,
2026-07-17,NSE,ITC,raw_l2/trade_date=2026-07-17/exchange=NSE/symbol=ITC/part-044412_805061-008145.parquet,real_data_sample\l2_unseen_validation\trade_date=2026-07-17\exchange=NSE\symbol=ITC\part-044412_805061-008145.parquet,36164,downloaded,36164,
2026-07-17,NSE,ITC,raw_l2/trade_date=2026-07-17/exchange=NSE/symbol=ITC/part-044345_279913-008081.parquet,real_data_sample\l2_unseen_validation\trade_date=2026-07-17\exchange=NSE\symbol=ITC\part-044345_279913-008081.parquet,35406,downloaded,35406,
2026-07-17,NSE,ITC,raw_l2/trade_date=2026-07-17/exchange=NSE/symbol=ITC/part-044235_832316-007921.parquet,real_data_sample\l2_unseen_validation\trade_date=2026-07-17\exchange=NSE\symbol=ITC\part-044235_832316-007921.parquet,35559,downloaded,35559,
2026-07-17,NSE,ITC,raw_l2/trade_date=2026-07-17/exchange=NSE/symbol=ITC/part-044221_862987-007889.parquet,real_data_sample\l2_unseen_validation\trade_date=2026-07-17\exchange=NSE\symbol=ITC\part-044221_862987-007889.parquet,35542,downloaded,35542,
2026-07-17,NSE,ITC,raw_l2/trade_date=2026-07-17/exchange=NSE/symbol=ITC/part-044549_291319-008369.parquet,real_data_sample\l2_unseen_validation\trade_date=2026-07-17\exchange=NSE\symbol=ITC\part-044549_291319-008369.parquet,35236,downloaded,35236,
2026-07-17,NSE,ITC,raw_l2/trade_date=2026-07-17/exchange=NSE/symbol=ITC/part-043348_385467-006705.parquet,real_data_sample\l2_unseen_validation\trade_date=2026-07-17\exchange=NSE\symbol=ITC\part-043348_385467-006705.parquet,35968,downloaded,35968,
2026-07-17,NSE,ITC,raw_l2/trade_date=2026-07-17/exchange=NSE/symbol=ITC/part-044045_537747-007665.parquet,real_data_sample\l2_unseen_validation\trade_date=2026-07-17\exchange=NSE\symbol=ITC\part-044045_537747-007665.parquet,35657,downloaded,35657,
2026-07-17,NSE,ITC,raw_l2/trade_date=2026-07-17/exchange=NSE/symbol=ITC/part-043458_148685-006865.parquet,real_data_sample\l2_unseen_validation\trade_date=2026-07-17\exchange=NSE\symbol=ITC\part-043458_148685-006865.parquet,36026,downloaded,36026,
2026-07-17,NSE,ITC,raw_l2/trade_date=2026-07-17/exchange=NSE/symbol=ITC/part-044958_003475-008945.parquet,real_data_sample\l2_unseen_validation\trade_date=2026-07-17\exchange=NSE\symbol=ITC\part-044958_003475-008945.parquet,35591,downloaded,35591,
2026-07-17,NSE,ITC,raw_l2/trade_date=2026-07-17/exchange=NSE/symbol=ITC/part-044835_567468-008753.parquet,real_data_sample\l2_unseen_validation\trade_date=2026-07-17\exchange=NSE\symbol=ITC\part-044835_567468-008753.parquet,35696,downloaded,35696,
2026-07-17,NSE,ITC,raw_l2/trade_date=2026-07-17/exchange=NSE/symbol=ITC/part-042510_333991-005521.parquet,real_data_sample\l2_unseen_validation\trade_date=2026-07-17\exchange=NSE\symbol=ITC\part-042510_333991-005521.parquet,35276,downloaded,35276,
2026-07-17,NSE,ITC,raw_l2/trade_date=2026-07-17/exchange=NSE/symbol=ITC/part-045025_425392-009009.parquet,real_data_sample\l2_unseen_validation\trade_date=2026-07-17\exchange=NSE\symbol=ITC\part-045025_425392-009009.parquet,35691,downloaded,35691,
2026-07-17,NSE,ITC,raw_l2/trade_date=2026-07-17/exchange=NSE/symbol=ITC/part-044359_109686-008113.parquet,real_data_sample\l2_unseen_validation\trade_date=2026-07-17\exchange=NSE\symbol=ITC\part-044359_109686-008113.parquet,35594,downloaded,35594,
2026-07-17,NSE,ITC,raw_l2/trade_date=2026-07-17/exchange=NSE/symbol=ITC/part-045134_671045-009169.parquet,real_data_sample\l2_unseen_validation\trade_date=2026-07-17\exchange=NSE\symbol=ITC\part-045134_671045-009169.parquet,35895,downloaded,35895,
2026-07-17,NSE,ITC,raw_l2/trade_date=2026-07-17/exchange=NSE/symbol=ITC/part-045011_720494-008977.parquet,real_data_sample\l2_unseen_validation\trade_date=2026-07-17\exchange=NSE\symbol=ITC\part-045011_720494-008977.parquet,35558,downloaded,35558,
2026-07-17,NSE,ITC,raw_l2/trade_date=2026-07-17/exchange=NSE/symbol=ITC/part-044849_258666-008785.parquet,real_data_sample\l2_unseen_validation\trade_date=2026-07-17\exchange=NSE\symbol=ITC\part-044849_258666-008785.parquet,35913,downloaded,35913,
2026-07-17,NSE,ITC,raw_l2/trade_date=2026-07-17/exchange=NSE/symbol=ITC/part-045120_798679-009137.parquet,real_data_sample\l2_unseen_validation\trade_date=2026-07-17\exchange=NSE\symbol=ITC\part-045120_798679-009137.parquet,35599,downloaded,35599,
2026-07-17,NSE,ITC,raw_l2/trade_date=2026-07-17/exchange=NSE/symbol=ITC/part-045038_993971-009041.parquet,real_data_sample\l2_unseen_validation\trade_date=2026-07-17\exchange=NSE\symbol=ITC\part-045038_993971-009041.parquet,35782,downloaded,35782,
2026-07-17,NSE,ITC,raw_l2/trade_date=2026-07-17/exchange=NSE/symbol=ITC/part-044903_013755-008817.parquet,real_data_sample\l2_unseen_validation\trade_date=2026-07-17\exchange=NSE\symbol=ITC\part-044903_013755-008817.parquet,35823,downloaded,35823,
2026-07-17,NSE,ITC,raw_l2/trade_date=2026-07-17/exchange=NSE/symbol=ITC/part-044930_555478-008881.parquet,real_data_sample\l2_unseen_validation\trade_date=2026-07-17\exchange=NSE\symbol=ITC\part-044930_555478-008881.parquet,35579,downloaded,35579,
2026-07-17,NSE,ITC,raw_l2/trade_date=2026-07-17/exchange=NSE/symbol=ITC/part-044916_802169-008849.parquet,real_data_sample\l2_unseen_validation\trade_date=2026-07-17\exchange=NSE\symbol=ITC\part-044916_802169-008849.parquet,35521,downloaded,35521,
2026-07-17,NSE,ITC,raw_l2/trade_date=2026-07-17/exchange=NSE/symbol=ITC/part-045052_720733-009073.parquet,real_data_sample\l2_unseen_validation\trade_date=2026-07-17\exchange=NSE\symbol=ITC\part-045052_720733-009073.parquet,35724,downloaded,35724,
2026-07-17,NSE,ITC,raw_l2/trade_date=2026-07-17/exchange=NSE/symbol=ITC/part-045148_545694-009201.parquet,real_data_sample\l2_unseen_validation\trade_date=2026-07-17\exchange=NSE\symbol=ITC\part-045148_545694-009201.parquet,36180,downloaded,36180,
2026-07-17,NSE,ITC,raw_l2/trade_date=2026-07-17/exchange=NSE/symbol=ITC/part-045106_743228-009105.parquet,real_data_sample\l2_unseen_validation\trade_date=2026-07-17\exchange=NSE\symbol=ITC\part-045106_743228-009105.parquet,36073,downloaded,36073,
2026-07-17,NSE,ITC,raw_l2/trade_date=2026-07-17/exchange=NSE/symbol=ITC/part-045202_695185-009233.parquet,real_data_sample\l2_unseen_validation\trade_date=2026-07-17\exchange=NSE\symbol=ITC\part-045202_695185-009233.parquet,35677,downloaded,35677,
2026-07-17,NSE,ITC,raw_l2/trade_date=2026-07-17/exchange=NSE/symbol=ITC/part-042209_398728-005105.parquet,real_data_sample\l2_unseen_validation\trade_date=2026-07-17\exchange=NSE\symbol=ITC\part-042209_398728-005105.parquet,36411,downloaded,36411,
2026-07-17,NSE,ITC,raw_l2/trade_date=2026-07-17/exchange=NSE/symbol=ITC/part-044630_805816-008465.parquet,real_data_sample\l2_unseen_validation\trade_date=2026-07-17\exchange=NSE\symbol=ITC\part-044630_805816-008465.parquet,35378,downloaded,35378,
2026-07-17,NSE,ITC,raw_l2/trade_date=2026-07-17/exchange=NSE/symbol=ITC/part-045312_110165-009393.parquet,real_data_sample\l2_unseen_validation\trade_date=2026-07-17\exchange=NSE\symbol=ITC\part-045312_110165-009393.parquet,35494,downloaded,35494,
2026-07-17,NSE,ITC,raw_l2/trade_date=2026-07-17/exchange=NSE/symbol=ITC/part-044944_326353-008913.parquet,real_data_sample\l2_unseen_validation\trade_date=2026-07-17\exchange=NSE\symbol=ITC\part-044944_326353-008913.parquet,35330,downloaded,35330,
2026-07-17,NSE,ITC,raw_l2/trade_date=2026-07-17/exchange=NSE/symbol=ITC/part-045407_882559-009521.parquet,real_data_sample\l2_unseen_validation\trade_date=2026-07-17\exchange=NSE\symbol=ITC\part-045407_882559-009521.parquet,35425,downloaded,35425,
2026-07-17,NSE,ITC,raw_l2/trade_date=2026-07-17/exchange=NSE/symbol=ITC/part-045421_928820-009553.parquet,real_data_sample\l2_unseen_validation\trade_date=2026-07-17\exchange=NSE\symbol=ITC\part-045421_928820-009553.parquet,35666,downloaded,35666,
2026-07-17,NSE,ITC,raw_l2/trade_date=2026-07-17/exchange=NSE/symbol=ITC/part-045435_911904-009585.parquet,real_data_sample\l2_unseen_validation\trade_date=2026-07-17\exchange=NSE\symbol=ITC\part-045435_911904-009585.parquet,35388,downloaded,35388,
2026-07-17,NSE,ITC,raw_l2/trade_date=2026-07-17/exchange=NSE/symbol=ITC/part-045353_908730-009489.parquet,real_data_sample\l2_unseen_validation\trade_date=2026-07-17\exchange=NSE\symbol=ITC\part-045353_908730-009489.parquet,35428,downloaded,35428,
2026-07-17,NSE,ITC,raw_l2/trade_date=2026-07-17/exchange=NSE/symbol=ITC/part-045449_921753-009617.parquet,real_data_sample\l2_unseen_validation\trade_date=2026-07-17\exchange=NSE\symbol=ITC\part-045449_921753-009617.parquet,35639,downloaded,35639,
2026-07-17,NSE,ITC,raw_l2/trade_date=2026-07-17/exchange=NSE/symbol=ITC/part-045339_836927-009457.parquet,real_data_sample\l2_unseen_validation\trade_date=2026-07-17\exchange=NSE\symbol=ITC\part-045339_836927-009457.parquet,35154,downloaded,35154,
2026-07-17,NSE,ITC,raw_l2/trade_date=2026-07-17/exchange=NSE/symbol=ITC/part-045600_097315-009777.parquet,real_data_sample\l2_unseen_validation\trade_date=2026-07-17\exchange=NSE\symbol=ITC\part-045600_097315-009777.parquet,35346,downloaded,35346,
2026-07-17,NSE,ITC,raw_l2/trade_date=2026-07-17/exchange=NSE/symbol=ITC/part-045518_182129-009681.parquet,real_data_sample\l2_unseen_validation\trade_date=2026-07-17\exchange=NSE\symbol=ITC\part-045518_182129-009681.parquet,35993,downloaded,35993,
2026-07-17,NSE,ITC,raw_l2/trade_date=2026-07-17/exchange=NSE/symbol=ITC/part-045532_109678-009713.parquet,real_data_sample\l2_unseen_validation\trade_date=2026-07-17\exchange=NSE\symbol=ITC\part-045532_109678-009713.parquet,35470,downloaded,35470,
2026-07-17,NSE,ITC,raw_l2/trade_date=2026-07-17/exchange=NSE/symbol=ITC/part-045326_093642-009425.parquet,real_data_sample\l2_unseen_validation\trade_date=2026-07-17\exchange=NSE\symbol=ITC\part-045326_093642-009425.parquet,35469,downloaded,35469,
2026-07-17,NSE,ITC,raw_l2/trade_date=2026-07-17/exchange=NSE/symbol=ITC/part-045258_111746-009361.parquet,real_data_sample\l2_unseen_validation\trade_date=2026-07-17\exchange=NSE\symbol=ITC\part-045258_111746-009361.parquet,35735,downloaded,35735,
2026-07-17,NSE,ITC,raw_l2/trade_date=2026-07-17/exchange=NSE/symbol=ITC/part-045614_114456-009809.parquet,real_data_sample\l2_unseen_validation\trade_date=2026-07-17\exchange=NSE\symbol=ITC\part-045614_114456-009809.parquet,35441,downloaded,35441,
2026-07-17,NSE,ITC,raw_l2/trade_date=2026-07-17/exchange=NSE/symbol=ITC/part-045546_107270-009745.parquet,real_data_sample\l2_unseen_validation\trade_date=2026-07-17\exchange=NSE\symbol=ITC\part-045546_107270-009745.parquet,35308,downloaded,35308,
2026-07-17,NSE,ITC,raw_l2/trade_date=2026-07-17/exchange=NSE/symbol=ITC/part-045642_418902-009873.parquet,real_data_sample\l2_unseen_validation\trade_date=2026-07-17\exchange=NSE\symbol=ITC\part-045642_418902-009873.parquet,35618,downloaded,35618,
2026-07-17,NSE,ITC,raw_l2/trade_date=2026-07-17/exchange=NSE/symbol=ITC/part-045628_331228-009841.parquet,real_data_sample\l2_unseen_validation\trade_date=2026-07-17\exchange=NSE\symbol=ITC\part-045628_331228-009841.parquet,35381,downloaded,35381,
2026-07-17,NSE,ITC,raw_l2/trade_date=2026-07-17/exchange=NSE/symbol=ITC/part-045504_004268-009649.parquet,real_data_sample\l2_unseen_validation\trade_date=2026-07-17\exchange=NSE\symbol=ITC\part-045504_004268-009649.parquet,35702,downloaded,35702,
2026-07-17,NSE,ITC,raw_l2/trade_date=2026-07-17/exchange=NSE/symbol=ITC/part-045753_368080-010033.parquet,real_data_sample\l2_unseen_validation\trade_date=2026-07-17\exchange=NSE\symbol=ITC\part-045753_368080-010033.parquet,35499,downloaded,35499,
2026-07-17,NSE,ITC,raw_l2/trade_date=2026-07-17/exchange=NSE/symbol=ITC/part-045821_542966-010097.parquet,real_data_sample\l2_unseen_validation\trade_date=2026-07-17\exchange=NSE\symbol=ITC\part-045821_542966-010097.parquet,35475,downloaded,35475,
2026-07-17,NSE,ITC,raw_l2/trade_date=2026-07-17/exchange=NSE/symbol=ITC/part-045725_178125-009969.parquet,real_data_sample\l2_unseen_validation\trade_date=2026-07-17\exchange=NSE\symbol=ITC\part-045725_178125-009969.parquet,35669,downloaded,35669,
2026-07-17,NSE,ITC,raw_l2/trade_date=2026-07-17/exchange=NSE/symbol=ITC/part-045807_470455-010065.parquet,real_data_sample\l2_unseen_validation\trade_date=2026-07-17\exchange=NSE\symbol=ITC\part-045807_470455-010065.parquet,35508,downloaded,35508,
2026-07-17,NSE,ITC,raw_l2/trade_date=2026-07-17/exchange=NSE/symbol=ITC/part-045835_715830-010129.parquet,real_data_sample\l2_unseen_validation\trade_date=2026-07-17\exchange=NSE\symbol=ITC\part-045835_715830-010129.parquet,35338,downloaded,35338,
2026-07-17,NSE,ITC,raw_l2/trade_date=2026-07-17/exchange=NSE/symbol=ITC/part-045230_359305-009297.parquet,real_data_sample\l2_unseen_validation\trade_date=2026-07-17\exchange=NSE\symbol=ITC\part-045230_359305-009297.parquet,35876,downloaded,35876,
2026-07-17,NSE,ITC,raw_l2/trade_date=2026-07-17/exchange=NSE/symbol=ITC/part-050000_313487-010321.parquet,real_data_sample\l2_unseen_validation\trade_date=2026-07-17\exchange=NSE\symbol=ITC\part-050000_313487-010321.parquet,35597,downloaded,35597,
2026-07-17,NSE,ITC,raw_l2/trade_date=2026-07-17/exchange=NSE/symbol=ITC/part-043525_832845-006929.parquet,real_data_sample\l2_unseen_validation\trade_date=2026-07-17\exchange=NSE\symbol=ITC\part-043525_832845-006929.parquet,35753,downloaded,35753,
2026-07-17,NSE,ITC,raw_l2/trade_date=2026-07-17/exchange=NSE/symbol=ITC/part-045903_768759-010193.parquet,real_data_sample\l2_unseen_validation\trade_date=2026-07-17\exchange=NSE\symbol=ITC\part-045903_768759-010193.parquet,35344,downloaded,35344,
2026-07-17,NSE,ITC,raw_l2/trade_date=2026-07-17/exchange=NSE/symbol=ITC/part-045917_590556-010225.parquet,real_data_sample\l2_unseen_validation\trade_date=2026-07-17\exchange=NSE\symbol=ITC\part-045917_590556-010225.parquet,35935,downloaded,35935,
2026-07-17,NSE,ITC,raw_l2/trade_date=2026-07-17/exchange=NSE/symbol=ITC/part-045945_898218-010289.parquet,real_data_sample\l2_unseen_validation\trade_date=2026-07-17\exchange=NSE\symbol=ITC\part-045945_898218-010289.parquet,35554,downloaded,35554,
2026-07-17,NSE,ITC,raw_l2/trade_date=2026-07-17/exchange=NSE/symbol=ITC/part-045931_846101-010257.parquet,real_data_sample\l2_unseen_validation\trade_date=2026-07-17\exchange=NSE\symbol=ITC\part-045931_846101-010257.parquet,35917,downloaded,35917,
2026-07-17,NSE,ITC,raw_l2/trade_date=2026-07-17/exchange=NSE/symbol=ITC/part-050123_785991-010513.parquet,real_data_sample\l2_unseen_validation\trade_date=2026-07-17\exchange=NSE\symbol=ITC\part-050123_785991-010513.parquet,35985,downloaded,35985,
2026-07-17,NSE,ITC,raw_l2/trade_date=2026-07-17/exchange=NSE/symbol=ITC/part-045850_082721-010161.parquet,real_data_sample\l2_unseen_validation\trade_date=2026-07-17\exchange=NSE\symbol=ITC\part-045850_082721-010161.parquet,35605,downloaded,35605,
2026-07-17,NSE,ITC,raw_l2/trade_date=2026-07-17/exchange=NSE/symbol=ITC/part-050028_108695-010385.parquet,real_data_sample\l2_unseen_validation\trade_date=2026-07-17\exchange=NSE\symbol=ITC\part-050028_108695-010385.parquet,35351,downloaded,35351,
2026-07-17,NSE,ITC,raw_l2/trade_date=2026-07-17/exchange=NSE/symbol=ITC/part-050041_926232-010417.parquet,real_data_sample\l2_unseen_validation\trade_date=2026-07-17\exchange=NSE\symbol=ITC\part-050041_926232-010417.parquet,35422,downloaded,35422,
2026-07-17,NSE,ITC,raw_l2/trade_date=2026-07-17/exchange=NSE/symbol=ITC/part-050014_237155-010353.parquet,real_data_sample\l2_unseen_validation\trade_date=2026-07-17\exchange=NSE\symbol=ITC\part-050014_237155-010353.parquet,35534,downloaded,35534,
2026-07-17,NSE,ITC,raw_l2/trade_date=2026-07-17/exchange=NSE/symbol=ITC/part-050109_874932-010481.parquet,real_data_sample\l2_unseen_validation\trade_date=2026-07-17\exchange=NSE\symbol=ITC\part-050109_874932-010481.parquet,35382,downloaded,35382,
2026-07-17,NSE,ITC,raw_l2/trade_date=2026-07-17/exchange=NSE/symbol=ITC/part-050055_881937-010449.parquet,real_data_sample\l2_unseen_validation\trade_date=2026-07-17\exchange=NSE\symbol=ITC\part-050055_881937-010449.parquet,35457,downloaded,35457,
2026-07-17,NSE,ITC,raw_l2/trade_date=2026-07-17/exchange=NSE/symbol=ITC/part-045656_814107-009905.parquet,real_data_sample\l2_unseen_validation\trade_date=2026-07-17\exchange=NSE\symbol=ITC\part-045656_814107-009905.parquet,35381,downloaded,35381,
2026-07-17,NSE,ITC,raw_l2/trade_date=2026-07-17/exchange=NSE/symbol=ITC/part-045710_984316-009937.parquet,real_data_sample\l2_unseen_validation\trade_date=2026-07-17\exchange=NSE\symbol=ITC\part-045710_984316-009937.parquet,35538,downloaded,35538,
2026-07-17,NSE,ITC,raw_l2/trade_date=2026-07-17/exchange=NSE/symbol=ITC/part-045739_150093-010001.parquet,real_data_sample\l2_unseen_validation\trade_date=2026-07-17\exchange=NSE\symbol=ITC\part-045739_150093-010001.parquet,35452,downloaded,35452,
2026-07-17,NSE,ITC,raw_l2/trade_date=2026-07-17/exchange=NSE/symbol=ITC/part-050151_712385-010577.parquet,real_data_sample\l2_unseen_validation\trade_date=2026-07-17\exchange=NSE\symbol=ITC\part-050151_712385-010577.parquet,35576,downloaded,35576,
2026-07-17,NSE,ITC,raw_l2/trade_date=2026-07-17/exchange=NSE/symbol=ITC/part-050137_660573-010545.parquet,real_data_sample\l2_unseen_validation\trade_date=2026-07-17\exchange=NSE\symbol=ITC\part-050137_660573-010545.parquet,35574,downloaded,35574,
2026-07-17,NSE,ITC,raw_l2/trade_date=2026-07-17/exchange=NSE/symbol=ITC/part-050220_279192-010641.parquet,real_data_sample\l2_unseen_validation\trade_date=2026-07-17\exchange=NSE\symbol=ITC\part-050220_279192-010641.parquet,35292,downloaded,35292,
2026-07-17,NSE,ITC,raw_l2/trade_date=2026-07-17/exchange=NSE/symbol=ITC/part-050234_427111-010673.parquet,real_data_sample\l2_unseen_validation\trade_date=2026-07-17\exchange=NSE\symbol=ITC\part-050234_427111-010673.parquet,35854,downloaded,35854,
2026-07-17,NSE,ITC,raw_l2/trade_date=2026-07-17/exchange=NSE/symbol=ITC/part-050206_152335-010609.parquet,real_data_sample\l2_unseen_validation\trade_date=2026-07-17\exchange=NSE\symbol=ITC\part-050206_152335-010609.parquet,35677,downloaded,35677,
2026-07-17,NSE,ITC,raw_l2/trade_date=2026-07-17/exchange=NSE/symbol=ITC/part-044644_646488-008497.parquet,real_data_sample\l2_unseen_validation\trade_date=2026-07-17\exchange=NSE\symbol=ITC\part-044644_646488-008497.parquet,35156,downloaded,35156,
2026-07-17,NSE,ITC,raw_l2/trade_date=2026-07-17/exchange=NSE/symbol=ITC/part-045244_078237-009329.parquet,real_data_sample\l2_unseen_validation\trade_date=2026-07-17\exchange=NSE\symbol=ITC\part-045244_078237-009329.parquet,35434,downloaded,35434,
2026-07-17,NSE,ITC,raw_l2/trade_date=2026-07-17/exchange=NSE/symbol=ITC/part-050455_624018-010993.parquet,real_data_sample\l2_unseen_validation\trade_date=2026-07-17\exchange=NSE\symbol=ITC\part-050455_624018-010993.parquet,35389,downloaded,35389,
2026-07-17,NSE,ITC,raw_l2/trade_date=2026-07-17/exchange=NSE/symbol=ITC/part-050413_810082-010897.parquet,real_data_sample\l2_unseen_validation\trade_date=2026-07-17\exchange=NSE\symbol=ITC\part-050413_810082-010897.parquet,35451,downloaded,35451,
2026-07-17,NSE,ITC,raw_l2/trade_date=2026-07-17/exchange=NSE/symbol=ITC/part-050441_794555-010961.parquet,real_data_sample\l2_unseen_validation\trade_date=2026-07-17\exchange=NSE\symbol=ITC\part-050441_794555-010961.parquet,35594,downloaded,35594,
2026-07-17,NSE,ITC,raw_l2/trade_date=2026-07-17/exchange=NSE/symbol=ITC/part-050302_962138-010737.parquet,real_data_sample\l2_unseen_validation\trade_date=2026-07-17\exchange=NSE\symbol=ITC\part-050302_962138-010737.parquet,35415,downloaded,35415,
2026-07-17,NSE,ITC,raw_l2/trade_date=2026-07-17/exchange=NSE/symbol=ITC/part-050248_820965-010705.parquet,real_data_sample\l2_unseen_validation\trade_date=2026-07-17\exchange=NSE\symbol=ITC\part-050248_820965-010705.parquet,35412,downloaded,35412,
2026-07-17,NSE,ITC,raw_l2/trade_date=2026-07-17/exchange=NSE/symbol=ITC/part-050331_449544-010801.parquet,real_data_sample\l2_unseen_validation\trade_date=2026-07-17\exchange=NSE\symbol=ITC\part-050331_449544-010801.parquet,35985,downloaded,35985,
2026-07-17,NSE,ITC,raw_l2/trade_date=2026-07-17/exchange=NSE/symbol=ITC/part-050345_424157-010833.parquet,real_data_sample\l2_unseen_validation\trade_date=2026-07-17\exchange=NSE\symbol=ITC\part-050345_424157-010833.parquet,35785,downloaded,35785,
2026-07-17,NSE,ITC,raw_l2/trade_date=2026-07-17/exchange=NSE/symbol=ITC/part-050359_515999-010865.parquet,real_data_sample\l2_unseen_validation\trade_date=2026-07-17\exchange=NSE\symbol=ITC\part-050359_515999-010865.parquet,35979,downloaded,35979,
2026-07-17,NSE,ITC,raw_l2/trade_date=2026-07-17/exchange=NSE/symbol=ITC/part-050523_730782-011057.parquet,real_data_sample\l2_unseen_validation\trade_date=2026-07-17\exchange=NSE\symbol=ITC\part-050523_730782-011057.parquet,36220,downloaded,36220,
2026-07-17,NSE,ITC,raw_l2/trade_date=2026-07-17/exchange=NSE/symbol=ITC/part-050551_524519-011121.parquet,real_data_sample\l2_unseen_validation\trade_date=2026-07-17\exchange=NSE\symbol=ITC\part-050551_524519-011121.parquet,35502,downloaded,35502,
2026-07-17,NSE,ITC,raw_l2/trade_date=2026-07-17/exchange=NSE/symbol=ITC/part-050649_107991-011249.parquet,real_data_sample\l2_unseen_validation\trade_date=2026-07-17\exchange=NSE\symbol=ITC\part-050649_107991-011249.parquet,35581,downloaded,35581,
2026-07-17,NSE,ITC,raw_l2/trade_date=2026-07-17/exchange=NSE/symbol=ITC/part-050703_122707-011281.parquet,real_data_sample\l2_unseen_validation\trade_date=2026-07-17\exchange=NSE\symbol=ITC\part-050703_122707-011281.parquet,36085,downloaded,36085,
2026-07-17,NSE,ITC,raw_l2/trade_date=2026-07-17/exchange=NSE/symbol=ITC/part-050717_307928-011313.parquet,real_data_sample\l2_unseen_validation\trade_date=2026-07-17\exchange=NSE\symbol=ITC\part-050717_307928-011313.parquet,35945,downloaded,35945,
2026-07-17,NSE,ITC,raw_l2/trade_date=2026-07-17/exchange=NSE/symbol=ITC/part-050537_597941-011089.parquet,real_data_sample\l2_unseen_validation\trade_date=2026-07-17\exchange=NSE\symbol=ITC\part-050537_597941-011089.parquet,36066,downloaded,36066,
2026-07-17,NSE,ITC,raw_l2/trade_date=2026-07-17/exchange=NSE/symbol=ITC/part-050731_289355-011345.parquet,real_data_sample\l2_unseen_validation\trade_date=2026-07-17\exchange=NSE\symbol=ITC\part-050731_289355-011345.parquet,35355,downloaded,35355,
2026-07-17,NSE,ITC,raw_l2/trade_date=2026-07-17/exchange=NSE/symbol=ITC/part-050509_701915-011025.parquet,real_data_sample\l2_unseen_validation\trade_date=2026-07-17\exchange=NSE\symbol=ITC\part-050509_701915-011025.parquet,35258,downloaded,35258,
2026-07-17,NSE,ITC,raw_l2/trade_date=2026-07-17/exchange=NSE/symbol=ITC/part-050744_978032-011377.parquet,real_data_sample\l2_unseen_validation\trade_date=2026-07-17\exchange=NSE\symbol=ITC\part-050744_978032-011377.parquet,35622,downloaded,35622,
2026-07-17,NSE,ITC,raw_l2/trade_date=2026-07-17/exchange=NSE/symbol=ITC/part-050427_854864-010929.parquet,real_data_sample\l2_unseen_validation\trade_date=2026-07-17\exchange=NSE\symbol=ITC\part-050427_854864-010929.parquet,35657,downloaded,35657,
2026-07-17,NSE,ITC,raw_l2/trade_date=2026-07-17/exchange=NSE/symbol=ITC/part-050634_667516-011217.parquet,real_data_sample\l2_unseen_validation\trade_date=2026-07-17\exchange=NSE\symbol=ITC\part-050634_667516-011217.parquet,35560,downloaded,35560,
2026-07-17,NSE,ITC,raw_l2/trade_date=2026-07-17/exchange=NSE/symbol=ITC/part-050758_757383-011409.parquet,real_data_sample\l2_unseen_validation\trade_date=2026-07-17\exchange=NSE\symbol=ITC\part-050758_757383-011409.parquet,36036,downloaded,36036,
2026-07-17,NSE,ITC,raw_l2/trade_date=2026-07-17/exchange=NSE/symbol=ITC/part-045216_475215-009265.parquet,real_data_sample\l2_unseen_validation\trade_date=2026-07-17\exchange=NSE\symbol=ITC\part-045216_475215-009265.parquet,35878,downloaded,35878,
2026-07-17,NSE,ITC,raw_l2/trade_date=2026-07-17/exchange=NSE/symbol=ITC/part-050826_531670-011473.parquet,real_data_sample\l2_unseen_validation\trade_date=2026-07-17\exchange=NSE\symbol=ITC\part-050826_531670-011473.parquet,35650,downloaded,35650,
2026-07-17,NSE,ITC,raw_l2/trade_date=2026-07-17/exchange=NSE/symbol=ITC/part-050840_293406-011505.parquet,real_data_sample\l2_unseen_validation\trade_date=2026-07-17\exchange=NSE\symbol=ITC\part-050840_293406-011505.parquet,35814,downloaded,35814,
2026-07-17,NSE,ITC,raw_l2/trade_date=2026-07-17/exchange=NSE/symbol=ITC/part-050853_964513-011537.parquet,real_data_sample\l2_unseen_validation\trade_date=2026-07-17\exchange=NSE\symbol=ITC\part-050853_964513-011537.parquet,35648,downloaded,35648,
2026-07-17,NSE,ITC,raw_l2/trade_date=2026-07-17/exchange=NSE/symbol=ITC/part-050921_768759-011601.parquet,real_data_sample\l2_unseen_validation\trade_date=2026-07-17\exchange=NSE\symbol=ITC\part-050921_768759-011601.parquet,35504,downloaded,35504,
2026-07-17,NSE,ITC,raw_l2/trade_date=2026-07-17/exchange=NSE/symbol=ITC/part-050908_094478-011569.parquet,real_data_sample\l2_unseen_validation\trade_date=2026-07-17\exchange=NSE\symbol=ITC\part-050908_094478-011569.parquet,35549,downloaded,35549,
2026-07-17,NSE,ITC,raw_l2/trade_date=2026-07-17/exchange=NSE/symbol=ITC/part-050605_408355-011153.parquet,real_data_sample\l2_unseen_validation\trade_date=2026-07-17\exchange=NSE\symbol=ITC\part-050605_408355-011153.parquet,35692,downloaded,35692,
2026-07-17,NSE,ITC,raw_l2/trade_date=2026-07-17/exchange=NSE/symbol=ITC/part-050619_813243-011185.parquet,real_data_sample\l2_unseen_validation\trade_date=2026-07-17\exchange=NSE\symbol=ITC\part-050619_813243-011185.parquet,35290,downloaded,35290,
2026-07-17,NSE,ITC,raw_l2/trade_date=2026-07-17/exchange=NSE/symbol=ITC/part-050935_776628-011633.parquet,real_data_sample\l2_unseen_validation\trade_date=2026-07-17\exchange=NSE\symbol=ITC\part-050935_776628-011633.parquet,36191,downloaded,36191,
2026-07-17,NSE,ITC,raw_l2/trade_date=2026-07-17/exchange=NSE/symbol=ITC/part-051044_876423-011793.parquet,real_data_sample\l2_unseen_validation\trade_date=2026-07-17\exchange=NSE\symbol=ITC\part-051044_876423-011793.parquet,35905,downloaded,35905,
2026-07-17,NSE,ITC,raw_l2/trade_date=2026-07-17/exchange=NSE/symbol=ITC/part-051058_575371-011825.parquet,real_data_sample\l2_unseen_validation\trade_date=2026-07-17\exchange=NSE\symbol=ITC\part-051058_575371-011825.parquet,35852,downloaded,35852,
2026-07-17,NSE,ITC,raw_l2/trade_date=2026-07-17/exchange=NSE/symbol=ITC/part-051112_530458-011857.parquet,real_data_sample\l2_unseen_validation\trade_date=2026-07-17\exchange=NSE\symbol=ITC\part-051112_530458-011857.parquet,35527,downloaded,35527,
2026-07-17,NSE,ITC,raw_l2/trade_date=2026-07-17/exchange=NSE/symbol=ITC/part-051140_721531-011921.parquet,real_data_sample\l2_unseen_validation\trade_date=2026-07-17\exchange=NSE\symbol=ITC\part-051140_721531-011921.parquet,35479,downloaded,35479,
2026-07-17,NSE,ITC,raw_l2/trade_date=2026-07-17/exchange=NSE/symbol=ITC/part-051003_499192-011697.parquet,real_data_sample\l2_unseen_validation\trade_date=2026-07-17\exchange=NSE\symbol=ITC\part-051003_499192-011697.parquet,35542,downloaded,35542,
2026-07-17,NSE,ITC,raw_l2/trade_date=2026-07-17/exchange=NSE/symbol=ITC/part-051208_597709-011985.parquet,real_data_sample\l2_unseen_validation\trade_date=2026-07-17\exchange=NSE\symbol=ITC\part-051208_597709-011985.parquet,35688,downloaded,35688,
2026-07-17,NSE,ITC,raw_l2/trade_date=2026-07-17/exchange=NSE/symbol=ITC/part-050949_445556-011665.parquet,real_data_sample\l2_unseen_validation\trade_date=2026-07-17\exchange=NSE\symbol=ITC\part-050949_445556-011665.parquet,35346,downloaded,35346,
2026-07-17,NSE,ITC,raw_l2/trade_date=2026-07-17/exchange=NSE/symbol=ITC/part-051222_535720-012017.parquet,real_data_sample\l2_unseen_validation\trade_date=2026-07-17\exchange=NSE\symbol=ITC\part-051222_535720-012017.parquet,35563,downloaded,35563,
2026-07-17,NSE,ITC,raw_l2/trade_date=2026-07-17/exchange=NSE/symbol=ITC/part-051017_223319-011729.parquet,real_data_sample\l2_unseen_validation\trade_date=2026-07-17\exchange=NSE\symbol=ITC\part-051017_223319-011729.parquet,35606,downloaded,35606,
2026-07-17,NSE,ITC,raw_l2/trade_date=2026-07-17/exchange=NSE/symbol=ITC/part-051126_450844-011889.parquet,real_data_sample\l2_unseen_validation\trade_date=2026-07-17\exchange=NSE\symbol=ITC\part-051126_450844-011889.parquet,35515,downloaded,35515,
2026-07-17,NSE,ITC,raw_l2/trade_date=2026-07-17/exchange=NSE/symbol=ITC/part-051154_597889-011953.parquet,real_data_sample\l2_unseen_validation\trade_date=2026-07-17\exchange=NSE\symbol=ITC\part-051154_597889-011953.parquet,35794,downloaded,35794,
2026-07-17,NSE,ITC,raw_l2/trade_date=2026-07-17/exchange=NSE/symbol=ITC/part-051236_448106-012049.parquet,real_data_sample\l2_unseen_validation\trade_date=2026-07-17\exchange=NSE\symbol=ITC\part-051236_448106-012049.parquet,35363,downloaded,35363,
2026-07-17,NSE,ITC,raw_l2/trade_date=2026-07-17/exchange=NSE/symbol=ITC/part-051250_369447-012081.parquet,real_data_sample\l2_unseen_validation\trade_date=2026-07-17\exchange=NSE\symbol=ITC\part-051250_369447-012081.parquet,35758,downloaded,35758,
2026-07-17,NSE,ITC,raw_l2/trade_date=2026-07-17/exchange=NSE/symbol=ITC/part-051031_023525-011761.parquet,real_data_sample\l2_unseen_validation\trade_date=2026-07-17\exchange=NSE\symbol=ITC\part-051031_023525-011761.parquet,35656,downloaded,35656,
2026-07-17,NSE,ITC,raw_l2/trade_date=2026-07-17/exchange=NSE/symbol=ITC/part-050812_763824-011441.parquet,real_data_sample\l2_unseen_validation\trade_date=2026-07-17\exchange=NSE\symbol=ITC\part-050812_763824-011441.parquet,35891,downloaded,35891,
2026-07-17,NSE,ITC,raw_l2/trade_date=2026-07-17/exchange=NSE/symbol=ITC/part-050317_401764-010769.parquet,real_data_sample\l2_unseen_validation\trade_date=2026-07-17\exchange=NSE\symbol=ITC\part-050317_401764-010769.parquet,35699,downloaded,35699,
2026-07-17,NSE,ITC,raw_l2/trade_date=2026-07-17/exchange=NSE/symbol=ITC/part-051318_926239-012145.parquet,real_data_sample\l2_unseen_validation\trade_date=2026-07-17\exchange=NSE\symbol=ITC\part-051318_926239-012145.parquet,35460,downloaded,35460,
2026-07-17,NSE,ITC,raw_l2/trade_date=2026-07-17/exchange=NSE/symbol=ITC/part-051348_129352-012209.parquet,real_data_sample\l2_unseen_validation\trade_date=2026-07-17\exchange=NSE\symbol=ITC\part-051348_129352-012209.parquet,36077,downloaded,36077,
2026-07-17,NSE,ITC,raw_l2/trade_date=2026-07-17/exchange=NSE/symbol=ITC/part-051403_300877-012241.parquet,real_data_sample\l2_unseen_validation\trade_date=2026-07-17\exchange=NSE\symbol=ITC\part-051403_300877-012241.parquet,36358,downloaded,36358,
2026-07-17,NSE,ITC,raw_l2/trade_date=2026-07-17/exchange=NSE/symbol=ITC/part-051333_222255-012177.parquet,real_data_sample\l2_unseen_validation\trade_date=2026-07-17\exchange=NSE\symbol=ITC\part-051333_222255-012177.parquet,35793,downloaded,35793,
2026-07-17,NSE,ITC,raw_l2/trade_date=2026-07-17/exchange=NSE/symbol=ITC/part-051417_666333-012273.parquet,real_data_sample\l2_unseen_validation\trade_date=2026-07-17\exchange=NSE\symbol=ITC\part-051417_666333-012273.parquet,35677,downloaded,35677,
2026-07-17,NSE,ITC,raw_l2/trade_date=2026-07-17/exchange=NSE/symbol=ITC/part-044712_302285-008561.parquet,real_data_sample\l2_unseen_validation\trade_date=2026-07-17\exchange=NSE\symbol=ITC\part-044712_302285-008561.parquet,36051,downloaded,36051,
2026-07-17,NSE,ITC,raw_l2/trade_date=2026-07-17/exchange=NSE/symbol=ITC/part-044740_097188-008625.parquet,real_data_sample\l2_unseen_validation\trade_date=2026-07-17\exchange=NSE\symbol=ITC\part-044740_097188-008625.parquet,35611,downloaded,35611,
2026-07-17,NSE,ITC,raw_l2/trade_date=2026-07-17/exchange=NSE/symbol=ITC/part-051514_062552-012401.parquet,real_data_sample\l2_unseen_validation\trade_date=2026-07-17\exchange=NSE\symbol=ITC\part-051514_062552-012401.parquet,35749,downloaded,35749,
2026-07-17,NSE,ITC,raw_l2/trade_date=2026-07-17/exchange=NSE/symbol=ITC/part-051500_257322-012369.parquet,real_data_sample\l2_unseen_validation\trade_date=2026-07-17\exchange=NSE\symbol=ITC\part-051500_257322-012369.parquet,35671,downloaded,35671,
2026-07-17,NSE,ITC,raw_l2/trade_date=2026-07-17/exchange=NSE/symbol=ITC/part-051624_981352-012561.parquet,real_data_sample\l2_unseen_validation\trade_date=2026-07-17\exchange=NSE\symbol=ITC\part-051624_981352-012561.parquet,35609,downloaded,35609,
2026-07-17,NSE,ITC,raw_l2/trade_date=2026-07-17/exchange=NSE/symbol=ITC/part-051527_722982-012433.parquet,real_data_sample\l2_unseen_validation\trade_date=2026-07-17\exchange=NSE\symbol=ITC\part-051527_722982-012433.parquet,35838,downloaded,35838,
2026-07-17,NSE,ITC,raw_l2/trade_date=2026-07-17/exchange=NSE/symbol=ITC/part-051556_142705-012497.parquet,real_data_sample\l2_unseen_validation\trade_date=2026-07-17\exchange=NSE\symbol=ITC\part-051556_142705-012497.parquet,35479,downloaded,35479,
2026-07-17,NSE,ITC,raw_l2/trade_date=2026-07-17/exchange=NSE/symbol=ITC/part-051541_769891-012465.parquet,real_data_sample\l2_unseen_validation\trade_date=2026-07-17\exchange=NSE\symbol=ITC\part-051541_769891-012465.parquet,35364,downloaded,35364,
2026-07-17,NSE,ITC,raw_l2/trade_date=2026-07-17/exchange=NSE/symbol=ITC/part-051639_159146-012593.parquet,real_data_sample\l2_unseen_validation\trade_date=2026-07-17\exchange=NSE\symbol=ITC\part-051639_159146-012593.parquet,35479,downloaded,35479,
2026-07-17,NSE,ITC,raw_l2/trade_date=2026-07-17/exchange=NSE/symbol=ITC/part-051653_395700-012625.parquet,real_data_sample\l2_unseen_validation\trade_date=2026-07-17\exchange=NSE\symbol=ITC\part-051653_395700-012625.parquet,35427,downloaded,35427,
2026-07-17,NSE,ITC,raw_l2/trade_date=2026-07-17/exchange=NSE/symbol=ITC/part-051610_722980-012529.parquet,real_data_sample\l2_unseen_validation\trade_date=2026-07-17\exchange=NSE\symbol=ITC\part-051610_722980-012529.parquet,35499,downloaded,35499,
2026-07-17,NSE,ITC,raw_l2/trade_date=2026-07-17/exchange=NSE/symbol=ITC/part-051804_323156-012785.parquet,real_data_sample\l2_unseen_validation\trade_date=2026-07-17\exchange=NSE\symbol=ITC\part-051804_323156-012785.parquet,35931,downloaded,35931,
2026-07-17,NSE,ITC,raw_l2/trade_date=2026-07-17/exchange=NSE/symbol=ITC/part-051735_671658-012721.parquet,real_data_sample\l2_unseen_validation\trade_date=2026-07-17\exchange=NSE\symbol=ITC\part-051735_671658-012721.parquet,35642,downloaded,35642,
2026-07-17,NSE,ITC,raw_l2/trade_date=2026-07-17/exchange=NSE/symbol=ITC/part-051707_400768-012657.parquet,real_data_sample\l2_unseen_validation\trade_date=2026-07-17\exchange=NSE\symbol=ITC\part-051707_400768-012657.parquet,35439,downloaded,35439,
2026-07-17,NSE,ITC,raw_l2/trade_date=2026-07-17/exchange=NSE/symbol=ITC/part-051750_136517-012753.parquet,real_data_sample\l2_unseen_validation\trade_date=2026-07-17\exchange=NSE\symbol=ITC\part-051750_136517-012753.parquet,35828,downloaded,35828,
2026-07-17,NSE,ITC,raw_l2/trade_date=2026-07-17/exchange=NSE/symbol=ITC/part-051818_570781-012817.parquet,real_data_sample\l2_unseen_validation\trade_date=2026-07-17\exchange=NSE\symbol=ITC\part-051818_570781-012817.parquet,35515,downloaded,35515,
2026-07-17,NSE,ITC,raw_l2/trade_date=2026-07-17/exchange=NSE/symbol=ITC/part-044754_018948-008657.parquet,real_data_sample\l2_unseen_validation\trade_date=2026-07-17\exchange=NSE\symbol=ITC\part-044754_018948-008657.parquet,35541,downloaded,35541,
2026-07-17,NSE,ITC,raw_l2/trade_date=2026-07-17/exchange=NSE/symbol=ITC/part-051721_312576-012689.parquet,real_data_sample\l2_unseen_validation\trade_date=2026-07-17\exchange=NSE\symbol=ITC\part-051721_312576-012689.parquet,35586,downloaded,35586,
2026-07-17,NSE,ITC,raw_l2/trade_date=2026-07-17/exchange=NSE/symbol=ITC/part-044726_044705-008593.parquet,real_data_sample\l2_unseen_validation\trade_date=2026-07-17\exchange=NSE\symbol=ITC\part-044726_044705-008593.parquet,36154,downloaded,36154,
2026-07-17,NSE,ITC,raw_l2/trade_date=2026-07-17/exchange=NSE/symbol=ITC/part-051902_018017-012913.parquet,real_data_sample\l2_unseen_validation\trade_date=2026-07-17\exchange=NSE\symbol=ITC\part-051902_018017-012913.parquet,35418,downloaded,35418,
2026-07-17,NSE,ITC,raw_l2/trade_date=2026-07-17/exchange=NSE/symbol=ITC/part-051916_129744-012945.parquet,real_data_sample\l2_unseen_validation\trade_date=2026-07-17\exchange=NSE\symbol=ITC\part-051916_129744-012945.parquet,35872,downloaded,35872,
2026-07-17,NSE,ITC,raw_l2/trade_date=2026-07-17/exchange=NSE/symbol=ITC/part-051943_832453-013009.parquet,real_data_sample\l2_unseen_validation\trade_date=2026-07-17\exchange=NSE\symbol=ITC\part-051943_832453-013009.parquet,35649,downloaded,35649,
2026-07-17,NSE,ITC,raw_l2/trade_date=2026-07-17/exchange=NSE/symbol=ITC/part-051930_023997-012977.parquet,real_data_sample\l2_unseen_validation\trade_date=2026-07-17\exchange=NSE\symbol=ITC\part-051930_023997-012977.parquet,35985,downloaded,35985,
2026-07-17,NSE,ITC,raw_l2/trade_date=2026-07-17/exchange=NSE/symbol=ITC/part-051957_842941-013041.parquet,real_data_sample\l2_unseen_validation\trade_date=2026-07-17\exchange=NSE\symbol=ITC\part-051957_842941-013041.parquet,35498,downloaded,35498,
2026-07-17,NSE,ITC,raw_l2/trade_date=2026-07-17/exchange=NSE/symbol=ITC/part-044807_789582-008689.parquet,real_data_sample\l2_unseen_validation\trade_date=2026-07-17\exchange=NSE\symbol=ITC\part-044807_789582-008689.parquet,35359,downloaded,35359,
2026-07-17,NSE,ITC,raw_l2/trade_date=2026-07-17/exchange=NSE/symbol=ITC/part-051304_291824-012113.parquet,real_data_sample\l2_unseen_validation\trade_date=2026-07-17\exchange=NSE\symbol=ITC\part-051304_291824-012113.parquet,35514,downloaded,35514,
2026-07-17,NSE,ITC,raw_l2/trade_date=2026-07-17/exchange=NSE/symbol=ITC/part-051833_037202-012849.parquet,real_data_sample\l2_unseen_validation\trade_date=2026-07-17\exchange=NSE\symbol=ITC\part-051833_037202-012849.parquet,35811,downloaded,35811,
2026-07-17,NSE,ITC,raw_l2/trade_date=2026-07-17/exchange=NSE/symbol=ITC/part-051432_566299-012305.parquet,real_data_sample\l2_unseen_validation\trade_date=2026-07-17\exchange=NSE\symbol=ITC\part-051432_566299-012305.parquet,35931,downloaded,35931,
2026-07-17,NSE,ITC,raw_l2/trade_date=2026-07-17/exchange=NSE/symbol=ITC/part-052354_602434-013585.parquet,real_data_sample\l2_unseen_validation\trade_date=2026-07-17\exchange=NSE\symbol=ITC\part-052354_602434-013585.parquet,35543,downloaded,35543,
2026-07-17,NSE,ITC,raw_l2/trade_date=2026-07-17/exchange=NSE/symbol=ITC/part-044821_589651-008721.parquet,real_data_sample\l2_unseen_validation\trade_date=2026-07-17\exchange=NSE\symbol=ITC\part-044821_589651-008721.parquet,35855,downloaded,35855,
2026-07-17,NSE,ITC,raw_l2/trade_date=2026-07-17/exchange=NSE/symbol=ITC/part-052422_286712-013649.parquet,real_data_sample\l2_unseen_validation\trade_date=2026-07-17\exchange=NSE\symbol=ITC\part-052422_286712-013649.parquet,35970,downloaded,35970,
2026-07-17,NSE,ITC,raw_l2/trade_date=2026-07-17/exchange=NSE/symbol=ITC/part-052326_297899-013521.parquet,real_data_sample\l2_unseen_validation\trade_date=2026-07-17\exchange=NSE\symbol=ITC\part-052326_297899-013521.parquet,35808,downloaded,35808,
2026-07-17,NSE,ITC,raw_l2/trade_date=2026-07-17/exchange=NSE/symbol=ITC/part-052436_324142-013681.parquet,real_data_sample\l2_unseen_validation\trade_date=2026-07-17\exchange=NSE\symbol=ITC\part-052436_324142-013681.parquet,35566,downloaded,35566,
2026-07-17,NSE,ITC,raw_l2/trade_date=2026-07-17/exchange=NSE/symbol=ITC/part-052504_005378-013745.parquet,real_data_sample\l2_unseen_validation\trade_date=2026-07-17\exchange=NSE\symbol=ITC\part-052504_005378-013745.parquet,35530,downloaded,35530,
2026-07-17,NSE,ITC,raw_l2/trade_date=2026-07-17/exchange=NSE/symbol=ITC/part-052517_811529-013777.parquet,real_data_sample\l2_unseen_validation\trade_date=2026-07-17\exchange=NSE\symbol=ITC\part-052517_811529-013777.parquet,35780,downloaded,35780,
2026-07-17,NSE,ITC,raw_l2/trade_date=2026-07-17/exchange=NSE/symbol=ITC/part-052340_354676-013553.parquet,real_data_sample\l2_unseen_validation\trade_date=2026-07-17\exchange=NSE\symbol=ITC\part-052340_354676-013553.parquet,35365,downloaded,35365,
2026-07-17,NSE,ITC,raw_l2/trade_date=2026-07-17/exchange=NSE/symbol=ITC/part-052450_144804-013713.parquet,real_data_sample\l2_unseen_validation\trade_date=2026-07-17\exchange=NSE\symbol=ITC\part-052450_144804-013713.parquet,35797,downloaded,35797,
2026-07-17,NSE,ITC,raw_l2/trade_date=2026-07-17/exchange=NSE/symbol=ITC/part-052408_327428-013617.parquet,real_data_sample\l2_unseen_validation\trade_date=2026-07-17\exchange=NSE\symbol=ITC\part-052408_327428-013617.parquet,35814,downloaded,35814,
2026-07-17,NSE,ITC,raw_l2/trade_date=2026-07-17/exchange=NSE/symbol=ITC/part-052312_418428-013489.parquet,real_data_sample\l2_unseen_validation\trade_date=2026-07-17\exchange=NSE\symbol=ITC\part-052312_418428-013489.parquet,35717,downloaded,35717,
2026-07-17,NSE,ITC,raw_l2/trade_date=2026-07-17/exchange=NSE/symbol=ITC/part-052531_693444-013809.parquet,real_data_sample\l2_unseen_validation\trade_date=2026-07-17\exchange=NSE\symbol=ITC\part-052531_693444-013809.parquet,35570,downloaded,35570,
2026-07-17,NSE,ITC,raw_l2/trade_date=2026-07-17/exchange=NSE/symbol=ITC/part-052258_405255-013457.parquet,real_data_sample\l2_unseen_validation\trade_date=2026-07-17\exchange=NSE\symbol=ITC\part-052258_405255-013457.parquet,35685,downloaded,35685,
2026-07-17,NSE,ITC,raw_l2/trade_date=2026-07-17/exchange=NSE/symbol=ITC/part-052545_896465-013841.parquet,real_data_sample\l2_unseen_validation\trade_date=2026-07-17\exchange=NSE\symbol=ITC\part-052545_896465-013841.parquet,35744,downloaded,35744,
2026-07-17,NSE,ITC,raw_l2/trade_date=2026-07-17/exchange=NSE/symbol=ITC/part-052011_521344-013073.parquet,real_data_sample\l2_unseen_validation\trade_date=2026-07-17\exchange=NSE\symbol=ITC\part-052011_521344-013073.parquet,35413,downloaded,35413,
2026-07-17,NSE,ITC,raw_l2/trade_date=2026-07-17/exchange=NSE/symbol=ITC/part-051847_030224-012881.parquet,real_data_sample\l2_unseen_validation\trade_date=2026-07-17\exchange=NSE\symbol=ITC\part-051847_030224-012881.parquet,35689,downloaded,35689,
2026-07-17,NSE,ITC,raw_l2/trade_date=2026-07-17/exchange=NSE/symbol=ITC/part-052642_477695-013969.parquet,real_data_sample\l2_unseen_validation\trade_date=2026-07-17\exchange=NSE\symbol=ITC\part-052642_477695-013969.parquet,35906,downloaded,35906,
2026-07-17,NSE,ITC,raw_l2/trade_date=2026-07-17/exchange=NSE/symbol=ITC/part-052656_653441-014001.parquet,real_data_sample\l2_unseen_validation\trade_date=2026-07-17\exchange=NSE\symbol=ITC\part-052656_653441-014001.parquet,35564,downloaded,35564,
2026-07-17,NSE,ITC,raw_l2/trade_date=2026-07-17/exchange=NSE/symbol=ITC/part-052710_676101-014033.parquet,real_data_sample\l2_unseen_validation\trade_date=2026-07-17\exchange=NSE\symbol=ITC\part-052710_676101-014033.parquet,35908,downloaded,35908,
2026-07-17,NSE,ITC,raw_l2/trade_date=2026-07-17/exchange=NSE/symbol=ITC/part-052724_713706-014065.parquet,real_data_sample\l2_unseen_validation\trade_date=2026-07-17\exchange=NSE\symbol=ITC\part-052724_713706-014065.parquet,35878,downloaded,35878,
2026-07-17,NSE,ITC,raw_l2/trade_date=2026-07-17/exchange=NSE/symbol=ITC/part-052752_583649-014129.parquet,real_data_sample\l2_unseen_validation\trade_date=2026-07-17\exchange=NSE\symbol=ITC\part-052752_583649-014129.parquet,35420,downloaded,35420,
2026-07-17,NSE,ITC,raw_l2/trade_date=2026-07-17/exchange=NSE/symbol=ITC/part-052738_592980-014097.parquet,real_data_sample\l2_unseen_validation\trade_date=2026-07-17\exchange=NSE\symbol=ITC\part-052738_592980-014097.parquet,35838,downloaded,35838,
2026-07-17,NSE,ITC,raw_l2/trade_date=2026-07-17/exchange=NSE/symbol=ITC/part-052806_404300-014161.parquet,real_data_sample\l2_unseen_validation\trade_date=2026-07-17\exchange=NSE\symbol=ITC\part-052806_404300-014161.parquet,35507,downloaded,35507,
2026-07-17,NSE,ITC,raw_l2/trade_date=2026-07-17/exchange=NSE/symbol=ITC/part-052917_223313-014321.parquet,real_data_sample\l2_unseen_validation\trade_date=2026-07-17\exchange=NSE\symbol=ITC\part-052917_223313-014321.parquet,35982,downloaded,35982,
2026-07-17,NSE,ITC,raw_l2/trade_date=2026-07-17/exchange=NSE/symbol=ITC/part-052931_109328-014353.parquet,real_data_sample\l2_unseen_validation\trade_date=2026-07-17\exchange=NSE\symbol=ITC\part-052931_109328-014353.parquet,35998,downloaded,35998,
2026-07-17,NSE,ITC,raw_l2/trade_date=2026-07-17/exchange=NSE/symbol=ITC/part-052834_677622-014225.parquet,real_data_sample\l2_unseen_validation\trade_date=2026-07-17\exchange=NSE\symbol=ITC\part-052834_677622-014225.parquet,35888,downloaded,35888,
2026-07-17,NSE,ITC,raw_l2/trade_date=2026-07-17/exchange=NSE/symbol=ITC/part-052820_429246-014193.parquet,real_data_sample\l2_unseen_validation\trade_date=2026-07-17\exchange=NSE\symbol=ITC\part-052820_429246-014193.parquet,35108,downloaded,35108,
2026-07-17,NSE,ITC,raw_l2/trade_date=2026-07-17/exchange=NSE/symbol=ITC/part-052848_710736-014257.parquet,real_data_sample\l2_unseen_validation\trade_date=2026-07-17\exchange=NSE\symbol=ITC\part-052848_710736-014257.parquet,35617,downloaded,35617,
2026-07-17,NSE,ITC,raw_l2/trade_date=2026-07-17/exchange=NSE/symbol=ITC/part-052039_054671-013137.parquet,real_data_sample\l2_unseen_validation\trade_date=2026-07-17\exchange=NSE\symbol=ITC\part-052039_054671-013137.parquet,35493,downloaded,35493,
2026-07-17,NSE,ITC,raw_l2/trade_date=2026-07-17/exchange=NSE/symbol=ITC/part-052903_211197-014289.parquet,real_data_sample\l2_unseen_validation\trade_date=2026-07-17\exchange=NSE\symbol=ITC\part-052903_211197-014289.parquet,35476,downloaded,35476,
2026-07-17,NSE,ITC,raw_l2/trade_date=2026-07-17/exchange=NSE/symbol=ITC/part-052106_540436-013201.parquet,real_data_sample\l2_unseen_validation\trade_date=2026-07-17\exchange=NSE\symbol=ITC\part-052106_540436-013201.parquet,35604,downloaded,35604,
2026-07-17,NSE,ITC,raw_l2/trade_date=2026-07-17/exchange=NSE/symbol=ITC/part-052945_129325-014385.parquet,real_data_sample\l2_unseen_validation\trade_date=2026-07-17\exchange=NSE\symbol=ITC\part-052945_129325-014385.parquet,35668,downloaded,35668,
2026-07-17,NSE,ITC,raw_l2/trade_date=2026-07-17/exchange=NSE/symbol=ITC/part-052120_548786-013233.parquet,real_data_sample\l2_unseen_validation\trade_date=2026-07-17\exchange=NSE\symbol=ITC\part-052120_548786-013233.parquet,35721,downloaded,35721,
2026-07-17,NSE,ITC,raw_l2/trade_date=2026-07-17/exchange=NSE/symbol=ITC/part-052134_368978-013265.parquet,real_data_sample\l2_unseen_validation\trade_date=2026-07-17\exchange=NSE\symbol=ITC\part-052134_368978-013265.parquet,35415,downloaded,35415,
2026-07-17,NSE,ITC,raw_l2/trade_date=2026-07-17/exchange=NSE/symbol=ITC/part-052052_819153-013169.parquet,real_data_sample\l2_unseen_validation\trade_date=2026-07-17\exchange=NSE\symbol=ITC\part-052052_819153-013169.parquet,35518,downloaded,35518,
2026-07-17,NSE,ITC,raw_l2/trade_date=2026-07-17/exchange=NSE/symbol=ITC/part-051446_282492-012337.parquet,real_data_sample\l2_unseen_validation\trade_date=2026-07-17\exchange=NSE\symbol=ITC\part-051446_282492-012337.parquet,35752,downloaded,35752,
2026-07-17,NSE,ITC,raw_l2/trade_date=2026-07-17/exchange=NSE/symbol=ITC/part-052148_334606-013297.parquet,real_data_sample\l2_unseen_validation\trade_date=2026-07-17\exchange=NSE\symbol=ITC\part-052148_334606-013297.parquet,35428,downloaded,35428,
2026-07-17,NSE,ITC,raw_l2/trade_date=2026-07-17/exchange=NSE/symbol=ITC/part-052202_343948-013329.parquet,real_data_sample\l2_unseen_validation\trade_date=2026-07-17\exchange=NSE\symbol=ITC\part-052202_343948-013329.parquet,36006,downloaded,36006,
2026-07-17,NSE,ITC,raw_l2/trade_date=2026-07-17/exchange=NSE/symbol=ITC/part-052216_398369-013361.parquet,real_data_sample\l2_unseen_validation\trade_date=2026-07-17\exchange=NSE\symbol=ITC\part-052216_398369-013361.parquet,35437,downloaded,35437,
2026-07-17,NSE,ITC,raw_l2/trade_date=2026-07-17/exchange=NSE/symbol=ITC/part-052628_366671-013937.parquet,real_data_sample\l2_unseen_validation\trade_date=2026-07-17\exchange=NSE\symbol=ITC\part-052628_366671-013937.parquet,36164,downloaded,36164,
2026-07-17,NSE,ITC,raw_l2/trade_date=2026-07-17/exchange=NSE/symbol=ITC/part-053028_824401-014481.parquet,real_data_sample\l2_unseen_validation\trade_date=2026-07-17\exchange=NSE\symbol=ITC\part-053028_824401-014481.parquet,35459,downloaded,35459,
2026-07-17,NSE,ITC,raw_l2/trade_date=2026-07-17/exchange=NSE/symbol=ITC/part-052614_175536-013905.parquet,real_data_sample\l2_unseen_validation\trade_date=2026-07-17\exchange=NSE\symbol=ITC\part-052614_175536-013905.parquet,35804,downloaded,35804,
2026-07-17,NSE,ITC,raw_l2/trade_date=2026-07-17/exchange=NSE/symbol=ITC/part-052244_373818-013425.parquet,real_data_sample\l2_unseen_validation\trade_date=2026-07-17\exchange=NSE\symbol=ITC\part-052244_373818-013425.parquet,35402,downloaded,35402,
2026-07-17,NSE,ITC,raw_l2/trade_date=2026-07-17/exchange=NSE/symbol=ITC/part-052230_416567-013393.parquet,real_data_sample\l2_unseen_validation\trade_date=2026-07-17\exchange=NSE\symbol=ITC\part-052230_416567-013393.parquet,35701,downloaded,35701,
2026-07-17,NSE,ITC,raw_l2/trade_date=2026-07-17/exchange=NSE/symbol=ITC/part-053153_301787-014673.parquet,real_data_sample\l2_unseen_validation\trade_date=2026-07-17\exchange=NSE\symbol=ITC\part-053153_301787-014673.parquet,35309,downloaded,35309,
2026-07-17,NSE,ITC,raw_l2/trade_date=2026-07-17/exchange=NSE/symbol=ITC/part-053125_593111-014609.parquet,real_data_sample\l2_unseen_validation\trade_date=2026-07-17\exchange=NSE\symbol=ITC\part-053125_593111-014609.parquet,35477,downloaded,35477,
2026-07-17,NSE,ITC,raw_l2/trade_date=2026-07-17/exchange=NSE/symbol=ITC/part-053139_600683-014641.parquet,real_data_sample\l2_unseen_validation\trade_date=2026-07-17\exchange=NSE\symbol=ITC\part-053139_600683-014641.parquet,35587,downloaded,35587,
2026-07-17,NSE,ITC,raw_l2/trade_date=2026-07-17/exchange=NSE/symbol=ITC/part-053111_297883-014577.parquet,real_data_sample\l2_unseen_validation\trade_date=2026-07-17\exchange=NSE\symbol=ITC\part-053111_297883-014577.parquet,35904,downloaded,35904,
2026-07-17,NSE,ITC,raw_l2/trade_date=2026-07-17/exchange=NSE/symbol=ITC/part-053056_719896-014545.parquet,real_data_sample\l2_unseen_validation\trade_date=2026-07-17\exchange=NSE\symbol=ITC\part-053056_719896-014545.parquet,35647,downloaded,35647,
2026-07-17,NSE,ITC,raw_l2/trade_date=2026-07-17/exchange=NSE/symbol=ITC/part-053042_671615-014513.parquet,real_data_sample\l2_unseen_validation\trade_date=2026-07-17\exchange=NSE\symbol=ITC\part-053042_671615-014513.parquet,35903,downloaded,35903,
2026-07-17,NSE,ITC,raw_l2/trade_date=2026-07-17/exchange=NSE/symbol=ITC/part-052025_268984-013105.parquet,real_data_sample\l2_unseen_validation\trade_date=2026-07-17\exchange=NSE\symbol=ITC\part-052025_268984-013105.parquet,35437,downloaded,35437,
2026-07-17,NSE,ITC,raw_l2/trade_date=2026-07-17/exchange=NSE/symbol=ITC/part-053207_541320-014705.parquet,real_data_sample\l2_unseen_validation\trade_date=2026-07-17\exchange=NSE\symbol=ITC\part-053207_541320-014705.parquet,35566,downloaded,35566,
2026-07-17,NSE,ITC,raw_l2/trade_date=2026-07-17/exchange=NSE/symbol=ITC/part-053221_641731-014737.parquet,real_data_sample\l2_unseen_validation\trade_date=2026-07-17\exchange=NSE\symbol=ITC\part-053221_641731-014737.parquet,36173,downloaded,36173,
2026-07-17,NSE,ITC,raw_l2/trade_date=2026-07-17/exchange=NSE/symbol=ITC/part-053235_645392-014769.parquet,real_data_sample\l2_unseen_validation\trade_date=2026-07-17\exchange=NSE\symbol=ITC\part-053235_645392-014769.parquet,36483,downloaded,36483,
2026-07-17,NSE,ITC,raw_l2/trade_date=2026-07-17/exchange=NSE/symbol=ITC/part-053249_586815-014801.parquet,real_data_sample\l2_unseen_validation\trade_date=2026-07-17\exchange=NSE\symbol=ITC\part-053249_586815-014801.parquet,35526,downloaded,35526,
2026-07-17,NSE,ITC,raw_l2/trade_date=2026-07-17/exchange=NSE/symbol=ITC/part-053303_697651-014833.parquet,real_data_sample\l2_unseen_validation\trade_date=2026-07-17\exchange=NSE\symbol=ITC\part-053303_697651-014833.parquet,35720,downloaded,35720,
2026-07-17,NSE,ITC,raw_l2/trade_date=2026-07-17/exchange=NSE/symbol=ITC/part-053317_816748-014865.parquet,real_data_sample\l2_unseen_validation\trade_date=2026-07-17\exchange=NSE\symbol=ITC\part-053317_816748-014865.parquet,35338,downloaded,35338,
2026-07-17,NSE,ITC,raw_l2/trade_date=2026-07-17/exchange=NSE/symbol=ITC/part-053359_802092-014961.parquet,real_data_sample\l2_unseen_validation\trade_date=2026-07-17\exchange=NSE\symbol=ITC\part-053359_802092-014961.parquet,35415,downloaded,35415,
2026-07-17,NSE,ITC,raw_l2/trade_date=2026-07-17/exchange=NSE/symbol=ITC/part-053345_859837-014929.parquet,real_data_sample\l2_unseen_validation\trade_date=2026-07-17\exchange=NSE\symbol=ITC\part-053345_859837-014929.parquet,35196,downloaded,35196,
2026-07-17,NSE,ITC,raw_l2/trade_date=2026-07-17/exchange=NSE/symbol=ITC/part-053331_869116-014897.parquet,real_data_sample\l2_unseen_validation\trade_date=2026-07-17\exchange=NSE\symbol=ITC\part-053331_869116-014897.parquet,35545,downloaded,35545,
2026-07-17,NSE,ITC,raw_l2/trade_date=2026-07-17/exchange=NSE/symbol=ITC/part-052959_208426-014417.parquet,real_data_sample\l2_unseen_validation\trade_date=2026-07-17\exchange=NSE\symbol=ITC\part-052959_208426-014417.parquet,35630,downloaded,35630,
2026-07-17,NSE,ITC,raw_l2/trade_date=2026-07-17/exchange=NSE/symbol=ITC/part-044658_575551-008529.parquet,real_data_sample\l2_unseen_validation\trade_date=2026-07-17\exchange=NSE\symbol=ITC\part-044658_575551-008529.parquet,35414,downloaded,35414,
2026-07-17,NSE,ITC,raw_l2/trade_date=2026-07-17/exchange=NSE/symbol=ITC/part-052600_004088-013873.parquet,real_data_sample\l2_unseen_validation\trade_date=2026-07-17\exchange=NSE\symbol=ITC\part-052600_004088-013873.parquet,35338,downloaded,35338,
2026-07-17,NSE,ITC,raw_l2/trade_date=2026-07-17/exchange=NSE/symbol=ITC/part-053441_532937-015057.parquet,real_data_sample\l2_unseen_validation\trade_date=2026-07-17\exchange=NSE\symbol=ITC\part-053441_532937-015057.parquet,35506,downloaded,35506,
2026-07-17,NSE,ITC,raw_l2/trade_date=2026-07-17/exchange=NSE/symbol=ITC/part-053838_350851-015601.parquet,real_data_sample\l2_unseen_validation\trade_date=2026-07-17\exchange=NSE\symbol=ITC\part-053838_350851-015601.parquet,35967,downloaded,35967,
2026-07-17,NSE,ITC,raw_l2/trade_date=2026-07-17/exchange=NSE/symbol=ITC/part-053947_832724-015761.parquet,real_data_sample\l2_unseen_validation\trade_date=2026-07-17\exchange=NSE\symbol=ITC\part-053947_832724-015761.parquet,35100,downloaded,35100,
2026-07-17,NSE,ITC,raw_l2/trade_date=2026-07-17/exchange=NSE/symbol=ITC/part-053700_624906-015377.parquet,real_data_sample\l2_unseen_validation\trade_date=2026-07-17\exchange=NSE\symbol=ITC\part-053700_624906-015377.parquet,34993,downloaded,34993,
2026-07-17,NSE,ITC,raw_l2/trade_date=2026-07-17/exchange=NSE/symbol=ITC/part-053728_551858-015441.parquet,real_data_sample\l2_unseen_validation\trade_date=2026-07-17\exchange=NSE\symbol=ITC\part-053728_551858-015441.parquet,34826,downloaded,34826,
2026-07-17,NSE,ITC,raw_l2/trade_date=2026-07-17/exchange=NSE/symbol=ITC/part-053742_368680-015473.parquet,real_data_sample\l2_unseen_validation\trade_date=2026-07-17\exchange=NSE\symbol=ITC\part-053742_368680-015473.parquet,34804,downloaded,34804,
2026-07-17,NSE,ITC,raw_l2/trade_date=2026-07-17/exchange=NSE/symbol=ITC/part-053824_258568-015569.parquet,real_data_sample\l2_unseen_validation\trade_date=2026-07-17\exchange=NSE\symbol=ITC\part-053824_258568-015569.parquet,35239,downloaded,35239,
2026-07-17,NSE,ITC,raw_l2/trade_date=2026-07-17/exchange=NSE/symbol=ITC/part-053646_784103-015345.parquet,real_data_sample\l2_unseen_validation\trade_date=2026-07-17\exchange=NSE\symbol=ITC\part-053646_784103-015345.parquet,35214,downloaded,35214,
2026-07-17,NSE,ITC,raw_l2/trade_date=2026-07-17/exchange=NSE/symbol=ITC/part-053427_838040-015025.parquet,real_data_sample\l2_unseen_validation\trade_date=2026-07-17\exchange=NSE\symbol=ITC\part-053427_838040-015025.parquet,35569,downloaded,35569,
2026-07-17,NSE,ITC,raw_l2/trade_date=2026-07-17/exchange=NSE/symbol=ITC/part-053509_247802-015121.parquet,real_data_sample\l2_unseen_validation\trade_date=2026-07-17\exchange=NSE\symbol=ITC\part-053509_247802-015121.parquet,35980,downloaded,35980,
2026-07-17,NSE,ITC,raw_l2/trade_date=2026-07-17/exchange=NSE/symbol=ITC/part-053413_990302-014993.parquet,real_data_sample\l2_unseen_validation\trade_date=2026-07-17\exchange=NSE\symbol=ITC\part-053413_990302-014993.parquet,36034,downloaded,36034,
2026-07-17,NSE,ITC,raw_l2/trade_date=2026-07-17/exchange=NSE/symbol=ITC/part-054001_932147-015793.parquet,real_data_sample\l2_unseen_validation\trade_date=2026-07-17\exchange=NSE\symbol=ITC\part-054001_932147-015793.parquet,35721,downloaded,35721,
2026-07-17,NSE,ITC,raw_l2/trade_date=2026-07-17/exchange=NSE/symbol=ITC/part-053604_576469-015249.parquet,real_data_sample\l2_unseen_validation\trade_date=2026-07-17\exchange=NSE\symbol=ITC\part-053604_576469-015249.parquet,35533,downloaded,35533,
2026-07-17,NSE,ITC,raw_l2/trade_date=2026-07-17/exchange=NSE/symbol=ITC/part-053934_052003-015729.parquet,real_data_sample\l2_unseen_validation\trade_date=2026-07-17\exchange=NSE\symbol=ITC\part-053934_052003-015729.parquet,35725,downloaded,35725,
2026-07-17,NSE,ITC,raw_l2/trade_date=2026-07-17/exchange=NSE/symbol=ITC/part-053523_156654-015153.parquet,real_data_sample\l2_unseen_validation\trade_date=2026-07-17\exchange=NSE\symbol=ITC\part-053523_156654-015153.parquet,36057,downloaded,36057,
2026-07-17,NSE,ITC,raw_l2/trade_date=2026-07-17/exchange=NSE/symbol=ITC/part-053632_835373-015313.parquet,real_data_sample\l2_unseen_validation\trade_date=2026-07-17\exchange=NSE\symbol=ITC\part-053632_835373-015313.parquet,35915,downloaded,35915,
2026-07-17,NSE,ITC,raw_l2/trade_date=2026-07-17/exchange=NSE/symbol=ITC/part-053537_017393-015185.parquet,real_data_sample\l2_unseen_validation\trade_date=2026-07-17\exchange=NSE\symbol=ITC\part-053537_017393-015185.parquet,35995,downloaded,35995,
2026-07-17,NSE,ITC,raw_l2/trade_date=2026-07-17/exchange=NSE/symbol=ITC/part-053810_067593-015537.parquet,real_data_sample\l2_unseen_validation\trade_date=2026-07-17\exchange=NSE\symbol=ITC\part-053810_067593-015537.parquet,34790,downloaded,34790,
2026-07-17,NSE,ITC,raw_l2/trade_date=2026-07-17/exchange=NSE/symbol=ITC/part-053756_298682-015505.parquet,real_data_sample\l2_unseen_validation\trade_date=2026-07-17\exchange=NSE\symbol=ITC\part-053756_298682-015505.parquet,34670,downloaded,34670,
2026-07-17,NSE,ITC,raw_l2/trade_date=2026-07-17/exchange=NSE/symbol=ITC/part-054015_740954-015825.parquet,real_data_sample\l2_unseen_validation\trade_date=2026-07-17\exchange=NSE\symbol=ITC\part-054015_740954-015825.parquet,35593,downloaded,35593,
2026-07-17,NSE,ITC,raw_l2/trade_date=2026-07-17/exchange=NSE/symbol=ITC/part-053714_606942-015409.parquet,real_data_sample\l2_unseen_validation\trade_date=2026-07-17\exchange=NSE\symbol=ITC\part-053714_606942-015409.parquet,34966,downloaded,34966,
2026-07-17,NSE,ITC,raw_l2/trade_date=2026-07-17/exchange=NSE/symbol=ITC/part-053852_299555-015633.parquet,real_data_sample\l2_unseen_validation\trade_date=2026-07-17\exchange=NSE\symbol=ITC\part-053852_299555-015633.parquet,35739,downloaded,35739,
2026-07-17,NSE,ITC,raw_l2/trade_date=2026-07-17/exchange=NSE/symbol=ITC/part-054029_795196-015857.parquet,real_data_sample\l2_unseen_validation\trade_date=2026-07-17\exchange=NSE\symbol=ITC\part-054029_795196-015857.parquet,35549,downloaded,35549,
2026-07-17,NSE,ITC,raw_l2/trade_date=2026-07-17/exchange=NSE/symbol=ITC/part-053906_077020-015665.parquet,real_data_sample\l2_unseen_validation\trade_date=2026-07-17\exchange=NSE\symbol=ITC\part-053906_077020-015665.parquet,35505,downloaded,35505,
2026-07-17,NSE,ITC,raw_l2/trade_date=2026-07-17/exchange=NSE/symbol=ITC/part-053920_150816-015697.parquet,real_data_sample\l2_unseen_validation\trade_date=2026-07-17\exchange=NSE\symbol=ITC\part-053920_150816-015697.parquet,35676,downloaded,35676,
2026-07-17,NSE,ITC,raw_l2/trade_date=2026-07-17/exchange=NSE/symbol=ITC/part-053550_826037-015217.parquet,real_data_sample\l2_unseen_validation\trade_date=2026-07-17\exchange=NSE\symbol=ITC\part-053550_826037-015217.parquet,36030,downloaded,36030,
2026-07-17,NSE,ITC,raw_l2/trade_date=2026-07-17/exchange=NSE/symbol=ITC/part-053455_244581-015089.parquet,real_data_sample\l2_unseen_validation\trade_date=2026-07-17\exchange=NSE\symbol=ITC\part-053455_244581-015089.parquet,35330,downloaded,35330,
2026-07-17,NSE,ITC,raw_l2/trade_date=2026-07-17/exchange=NSE/symbol=ITC/part-054358_110879-016337.parquet,real_data_sample\l2_unseen_validation\trade_date=2026-07-17\exchange=NSE\symbol=ITC\part-054358_110879-016337.parquet,35290,downloaded,35290,
2026-07-17,NSE,ITC,raw_l2/trade_date=2026-07-17/exchange=NSE/symbol=ITC/part-054658_516199-016753.parquet,real_data_sample\l2_unseen_validation\trade_date=2026-07-17\exchange=NSE\symbol=ITC\part-054658_516199-016753.parquet,35778,downloaded,35778,
2026-07-17,NSE,ITC,raw_l2/trade_date=2026-07-17/exchange=NSE/symbol=ITC/part-054740_735181-016849.parquet,real_data_sample\l2_unseen_validation\trade_date=2026-07-17\exchange=NSE\symbol=ITC\part-054740_735181-016849.parquet,35499,downloaded,35499,
2026-07-17,NSE,ITC,raw_l2/trade_date=2026-07-17/exchange=NSE/symbol=ITC/part-054754_900659-016881.parquet,real_data_sample\l2_unseen_validation\trade_date=2026-07-17\exchange=NSE\symbol=ITC\part-054754_900659-016881.parquet,35302,downloaded,35302,
2026-07-17,NSE,ITC,raw_l2/trade_date=2026-07-17/exchange=NSE/symbol=ITC/part-054712_480656-016785.parquet,real_data_sample\l2_unseen_validation\trade_date=2026-07-17\exchange=NSE\symbol=ITC\part-054712_480656-016785.parquet,35434,downloaded,35434,
2026-07-17,NSE,ITC,raw_l2/trade_date=2026-07-17/exchange=NSE/symbol=ITC/part-054726_671486-016817.parquet,real_data_sample\l2_unseen_validation\trade_date=2026-07-17\exchange=NSE\symbol=ITC\part-054726_671486-016817.parquet,35370,downloaded,35370,
2026-07-17,NSE,ITC,raw_l2/trade_date=2026-07-17/exchange=NSE/symbol=ITC/part-054808_872010-016913.parquet,real_data_sample\l2_unseen_validation\trade_date=2026-07-17\exchange=NSE\symbol=ITC\part-054808_872010-016913.parquet,36007,downloaded,36007,
2026-07-17,NSE,ITC,raw_l2/trade_date=2026-07-17/exchange=NSE/symbol=ITC/part-054823_067165-016945.parquet,real_data_sample\l2_unseen_validation\trade_date=2026-07-17\exchange=NSE\symbol=ITC\part-054823_067165-016945.parquet,35789,downloaded,35789,
2026-07-17,NSE,ITC,raw_l2/trade_date=2026-07-17/exchange=NSE/symbol=ITC/part-054905_510046-017041.parquet,real_data_sample\l2_unseen_validation\trade_date=2026-07-17\exchange=NSE\symbol=ITC\part-054905_510046-017041.parquet,35607,downloaded,35607,
2026-07-17,NSE,ITC,raw_l2/trade_date=2026-07-17/exchange=NSE/symbol=ITC/part-054919_784574-017073.parquet,real_data_sample\l2_unseen_validation\trade_date=2026-07-17\exchange=NSE\symbol=ITC\part-054919_784574-017073.parquet,35903,downloaded,35903,
2026-07-17,NSE,ITC,raw_l2/trade_date=2026-07-17/exchange=NSE/symbol=ITC/part-054043_665103-015889.parquet,real_data_sample\l2_unseen_validation\trade_date=2026-07-17\exchange=NSE\symbol=ITC\part-054043_665103-015889.parquet,35638,downloaded,35638,
2026-07-17,NSE,ITC,raw_l2/trade_date=2026-07-17/exchange=NSE/symbol=ITC/part-054837_289466-016977.parquet,real_data_sample\l2_unseen_validation\trade_date=2026-07-17\exchange=NSE\symbol=ITC\part-054837_289466-016977.parquet,35616,downloaded,35616,
2026-07-17,NSE,ITC,raw_l2/trade_date=2026-07-17/exchange=NSE/symbol=ITC/part-053014_376463-014449.parquet,real_data_sample\l2_unseen_validation\trade_date=2026-07-17\exchange=NSE\symbol=ITC\part-053014_376463-014449.parquet,35614,downloaded,35614,
2026-07-17,NSE,ITC,raw_l2/trade_date=2026-07-17/exchange=NSE/symbol=ITC/part-054851_548621-017009.parquet,real_data_sample\l2_unseen_validation\trade_date=2026-07-17\exchange=NSE\symbol=ITC\part-054851_548621-017009.parquet,35709,downloaded,35709,
2026-07-17,NSE,ITC,raw_l2/trade_date=2026-07-17/exchange=NSE/symbol=ITC/part-054933_891019-017105.parquet,real_data_sample\l2_unseen_validation\trade_date=2026-07-17\exchange=NSE\symbol=ITC\part-054933_891019-017105.parquet,35896,downloaded,35896,
2026-07-17,NSE,ITC,raw_l2/trade_date=2026-07-17/exchange=NSE/symbol=ITC/part-054948_323755-017137.parquet,real_data_sample\l2_unseen_validation\trade_date=2026-07-17\exchange=NSE\symbol=ITC\part-054948_323755-017137.parquet,35790,downloaded,35790,
2026-07-17,NSE,ITC,raw_l2/trade_date=2026-07-17/exchange=NSE/symbol=ITC/part-055017_322183-017201.parquet,real_data_sample\l2_unseen_validation\trade_date=2026-07-17\exchange=NSE\symbol=ITC\part-055017_322183-017201.parquet,35954,downloaded,35954,
2026-07-17,NSE,ITC,raw_l2/trade_date=2026-07-17/exchange=NSE/symbol=ITC/part-055100_491725-017297.parquet,real_data_sample\l2_unseen_validation\trade_date=2026-07-17\exchange=NSE\symbol=ITC\part-055100_491725-017297.parquet,36259,downloaded,36259,
2026-07-17,NSE,ITC,raw_l2/trade_date=2026-07-17/exchange=NSE/symbol=ITC/part-055002_945531-017169.parquet,real_data_sample\l2_unseen_validation\trade_date=2026-07-17\exchange=NSE\symbol=ITC\part-055002_945531-017169.parquet,35576,downloaded,35576,
2026-07-17,NSE,ITC,raw_l2/trade_date=2026-07-17/exchange=NSE/symbol=ITC/part-053618_579399-015281.parquet,real_data_sample\l2_unseen_validation\trade_date=2026-07-17\exchange=NSE\symbol=ITC\part-053618_579399-015281.parquet,35740,downloaded,35740,
2026-07-17,NSE,ITC,raw_l2/trade_date=2026-07-17/exchange=NSE/symbol=ITC/part-055115_034842-017329.parquet,real_data_sample\l2_unseen_validation\trade_date=2026-07-17\exchange=NSE\symbol=ITC\part-055115_034842-017329.parquet,35810,downloaded,35810,
2026-07-17,NSE,ITC,raw_l2/trade_date=2026-07-17/exchange=NSE/symbol=ITC/part-055046_045273-017265.parquet,real_data_sample\l2_unseen_validation\trade_date=2026-07-17\exchange=NSE\symbol=ITC\part-055046_045273-017265.parquet,35763,downloaded,35763,
2026-07-17,NSE,ITC,raw_l2/trade_date=2026-07-17/exchange=NSE/symbol=ITC/part-055130_032380-017361.parquet,real_data_sample\l2_unseen_validation\trade_date=2026-07-17\exchange=NSE\symbol=ITC\part-055130_032380-017361.parquet,36001,downloaded,36001,
2026-07-17,NSE,ITC,raw_l2/trade_date=2026-07-17/exchange=NSE/symbol=ITC/part-055144_814690-017393.parquet,real_data_sample\l2_unseen_validation\trade_date=2026-07-17\exchange=NSE\symbol=ITC\part-055144_814690-017393.parquet,35776,downloaded,35776,
2026-07-17,NSE,ITC,raw_l2/trade_date=2026-07-17/exchange=NSE/symbol=ITC/part-054439_828600-016433.parquet,real_data_sample\l2_unseen_validation\trade_date=2026-07-17\exchange=NSE\symbol=ITC\part-054439_828600-016433.parquet,35163,downloaded,35163,
2026-07-17,NSE,ITC,raw_l2/trade_date=2026-07-17/exchange=NSE/symbol=ITC/part-055031_308677-017233.parquet,real_data_sample\l2_unseen_validation\trade_date=2026-07-17\exchange=NSE\symbol=ITC\part-055031_308677-017233.parquet,35526,downloaded,35526,
2026-07-17,NSE,ITC,raw_l2/trade_date=2026-07-17/exchange=NSE/symbol=ITC/part-055228_491555-017489.parquet,real_data_sample\l2_unseen_validation\trade_date=2026-07-17\exchange=NSE\symbol=ITC\part-055228_491555-017489.parquet,35556,downloaded,35556,
2026-07-17,NSE,ITC,raw_l2/trade_date=2026-07-17/exchange=NSE/symbol=ITC/part-055258_068659-017553.parquet,real_data_sample\l2_unseen_validation\trade_date=2026-07-17\exchange=NSE\symbol=ITC\part-055258_068659-017553.parquet,35840,downloaded,35840,
2026-07-17,NSE,ITC,raw_l2/trade_date=2026-07-17/exchange=NSE/symbol=ITC/part-054644_595075-016721.parquet,real_data_sample\l2_unseen_validation\trade_date=2026-07-17\exchange=NSE\symbol=ITC\part-054644_595075-016721.parquet,35388,downloaded,35388,
2026-07-17,NSE,ITC,raw_l2/trade_date=2026-07-17/exchange=NSE/symbol=ITC/part-054248_571759-016177.parquet,real_data_sample\l2_unseen_validation\trade_date=2026-07-17\exchange=NSE\symbol=ITC\part-054248_571759-016177.parquet,34546,downloaded,34546,
2026-07-17,NSE,ITC,raw_l2/trade_date=2026-07-17/exchange=NSE/symbol=ITC/part-054152_843703-016049.parquet,real_data_sample\l2_unseen_validation\trade_date=2026-07-17\exchange=NSE\symbol=ITC\part-054152_843703-016049.parquet,35481,downloaded,35481,
2026-07-17,NSE,ITC,raw_l2/trade_date=2026-07-17/exchange=NSE/symbol=ITC/part-054344_337662-016305.parquet,real_data_sample\l2_unseen_validation\trade_date=2026-07-17\exchange=NSE\symbol=ITC\part-054344_337662-016305.parquet,35803,downloaded,35803,
2026-07-17,NSE,ITC,raw_l2/trade_date=2026-07-17/exchange=NSE/symbol=ITC/part-054549_320132-016593.parquet,real_data_sample\l2_unseen_validation\trade_date=2026-07-17\exchange=NSE\symbol=ITC\part-054549_320132-016593.parquet,34559,downloaded,34559,
2026-07-17,NSE,ITC,raw_l2/trade_date=2026-07-17/exchange=NSE/symbol=ITC/part-054535_362244-016561.parquet,real_data_sample\l2_unseen_validation\trade_date=2026-07-17\exchange=NSE\symbol=ITC\part-054535_362244-016561.parquet,34737,downloaded,34737,
2026-07-17,NSE,ITC,raw_l2/trade_date=2026-07-17/exchange=NSE/symbol=ITC/part-054521_554207-016529.parquet,real_data_sample\l2_unseen_validation\trade_date=2026-07-17\exchange=NSE\symbol=ITC\part-054521_554207-016529.parquet,34936,downloaded,34936,
2026-07-17,NSE,ITC,raw_l2/trade_date=2026-07-17/exchange=NSE/symbol=ITC/part-054603_168701-016625.parquet,real_data_sample\l2_unseen_validation\trade_date=2026-07-17\exchange=NSE\symbol=ITC\part-054603_168701-016625.parquet,34704,downloaded,34704,
2026-07-17,NSE,ITC,raw_l2/trade_date=2026-07-17/exchange=NSE/symbol=ITC/part-054302_597988-016209.parquet,real_data_sample\l2_unseen_validation\trade_date=2026-07-17\exchange=NSE\symbol=ITC\part-054302_597988-016209.parquet,34707,downloaded,34707,
2026-07-17,NSE,ITC,raw_l2/trade_date=2026-07-17/exchange=NSE/symbol=ITC/part-055312_414996-017585.parquet,real_data_sample\l2_unseen_validation\trade_date=2026-07-17\exchange=NSE\symbol=ITC\part-055312_414996-017585.parquet,36186,downloaded,36186,
2026-07-17,NSE,ITC,raw_l2/trade_date=2026-07-17/exchange=NSE/symbol=ITC/part-054507_563634-016497.parquet,real_data_sample\l2_unseen_validation\trade_date=2026-07-17\exchange=NSE\symbol=ITC\part-054507_563634-016497.parquet,35608,downloaded,35608,
2026-07-17,NSE,ITC,raw_l2/trade_date=2026-07-17/exchange=NSE/symbol=ITC/part-054330_376044-016273.parquet,real_data_sample\l2_unseen_validation\trade_date=2026-07-17\exchange=NSE\symbol=ITC\part-054330_376044-016273.parquet,35644,downloaded,35644,
2026-07-17,NSE,ITC,raw_l2/trade_date=2026-07-17/exchange=NSE/symbol=ITC/part-054125_305234-015985.parquet,real_data_sample\l2_unseen_validation\trade_date=2026-07-17\exchange=NSE\symbol=ITC\part-054125_305234-015985.parquet,35283,downloaded,35283,
2026-07-17,NSE,ITC,raw_l2/trade_date=2026-07-17/exchange=NSE/symbol=ITC/part-054453_861765-016465.parquet,real_data_sample\l2_unseen_validation\trade_date=2026-07-17\exchange=NSE\symbol=ITC\part-054453_861765-016465.parquet,35267,downloaded,35267,
2026-07-17,NSE,ITC,raw_l2/trade_date=2026-07-17/exchange=NSE/symbol=ITC/part-055159_528893-017425.parquet,real_data_sample\l2_unseen_validation\trade_date=2026-07-17\exchange=NSE\symbol=ITC\part-055159_528893-017425.parquet,35685,downloaded,35685,
2026-07-17,NSE,ITC,raw_l2/trade_date=2026-07-17/exchange=NSE/symbol=ITC/part-054617_063387-016657.parquet,real_data_sample\l2_unseen_validation\trade_date=2026-07-17\exchange=NSE\symbol=ITC\part-054617_063387-016657.parquet,34978,downloaded,34978,
2026-07-17,NSE,ITC,raw_l2/trade_date=2026-07-17/exchange=NSE/symbol=ITC/part-054412_160334-016369.parquet,real_data_sample\l2_unseen_validation\trade_date=2026-07-17\exchange=NSE\symbol=ITC\part-054412_160334-016369.parquet,36058,downloaded,36058,
2026-07-17,NSE,ITC,raw_l2/trade_date=2026-07-17/exchange=NSE/symbol=ITC/part-054206_809481-016081.parquet,real_data_sample\l2_unseen_validation\trade_date=2026-07-17\exchange=NSE\symbol=ITC\part-054206_809481-016081.parquet,35319,downloaded,35319,
2026-07-17,NSE,ITC,raw_l2/trade_date=2026-07-17/exchange=NSE/symbol=ITC/part-054220_821616-016113.parquet,real_data_sample\l2_unseen_validation\trade_date=2026-07-17\exchange=NSE\symbol=ITC\part-054220_821616-016113.parquet,34824,downloaded,34824,
2026-07-17,NSE,ITC,raw_l2/trade_date=2026-07-17/exchange=NSE/symbol=ITC/part-054234_552322-016145.parquet,real_data_sample\l2_unseen_validation\trade_date=2026-07-17\exchange=NSE\symbol=ITC\part-054234_552322-016145.parquet,34709,downloaded,34709,
2026-07-17,NSE,ITC,raw_l2/trade_date=2026-07-17/exchange=NSE/symbol=ITC/part-054316_573974-016241.parquet,real_data_sample\l2_unseen_validation\trade_date=2026-07-17\exchange=NSE\symbol=ITC\part-054316_573974-016241.parquet,35214,downloaded,35214,
2026-07-17,NSE,ITC,raw_l2/trade_date=2026-07-17/exchange=NSE/symbol=ITC/part-055326_470271-017617.parquet,real_data_sample\l2_unseen_validation\trade_date=2026-07-17\exchange=NSE\symbol=ITC\part-055326_470271-017617.parquet,35659,downloaded,35659,
2026-07-17,NSE,ITC,raw_l2/trade_date=2026-07-17/exchange=NSE/symbol=ITC/part-054426_083332-016401.parquet,real_data_sample\l2_unseen_validation\trade_date=2026-07-17\exchange=NSE\symbol=ITC\part-054426_083332-016401.parquet,35608,downloaded,35608,
2026-07-17,NSE,ITC,raw_l2/trade_date=2026-07-17/exchange=NSE/symbol=ITC/part-055243_466623-017521.parquet,real_data_sample\l2_unseen_validation\trade_date=2026-07-17\exchange=NSE\symbol=ITC\part-055243_466623-017521.parquet,35800,downloaded,35800,
2026-07-17,NSE,ITC,raw_l2/trade_date=2026-07-17/exchange=NSE/symbol=ITC/part-054139_071630-016017.parquet,real_data_sample\l2_unseen_validation\trade_date=2026-07-17\exchange=NSE\symbol=ITC\part-054139_071630-016017.parquet,35323,downloaded,35323,
2026-07-17,NSE,ITC,raw_l2/trade_date=2026-07-17/exchange=NSE/symbol=ITC/part-055355_376777-017681.parquet,real_data_sample\l2_unseen_validation\trade_date=2026-07-17\exchange=NSE\symbol=ITC\part-055355_376777-017681.parquet,35657,downloaded,35657,
2026-07-17,NSE,ITC,raw_l2/trade_date=2026-07-17/exchange=NSE/symbol=ITC/part-054057_576967-015921.parquet,real_data_sample\l2_unseen_validation\trade_date=2026-07-17\exchange=NSE\symbol=ITC\part-054057_576967-015921.parquet,35524,downloaded,35524,
2026-07-17,NSE,ITC,raw_l2/trade_date=2026-07-17/exchange=NSE/symbol=ITC/part-055423_663751-017745.parquet,real_data_sample\l2_unseen_validation\trade_date=2026-07-17\exchange=NSE\symbol=ITC\part-055423_663751-017745.parquet,35950,downloaded,35950,
2026-07-17,NSE,ITC,raw_l2/trade_date=2026-07-17/exchange=NSE/symbol=ITC/part-055451_687593-017809.parquet,real_data_sample\l2_unseen_validation\trade_date=2026-07-17\exchange=NSE\symbol=ITC\part-055451_687593-017809.parquet,35519,downloaded,35519,
2026-07-17,NSE,ITC,raw_l2/trade_date=2026-07-17/exchange=NSE/symbol=ITC/part-055505_690931-017841.parquet,real_data_sample\l2_unseen_validation\trade_date=2026-07-17\exchange=NSE\symbol=ITC\part-055505_690931-017841.parquet,35523,downloaded,35523,
2026-07-17,NSE,ITC,raw_l2/trade_date=2026-07-17/exchange=NSE/symbol=ITC/part-055409_569238-017713.parquet,real_data_sample\l2_unseen_validation\trade_date=2026-07-17\exchange=NSE\symbol=ITC\part-055409_569238-017713.parquet,35589,downloaded,35589,
2026-07-17,NSE,ITC,raw_l2/trade_date=2026-07-17/exchange=NSE/symbol=ITC/part-055437_715987-017777.parquet,real_data_sample\l2_unseen_validation\trade_date=2026-07-17\exchange=NSE\symbol=ITC\part-055437_715987-017777.parquet,35409,downloaded,35409,
2026-07-17,NSE,ITC,raw_l2/trade_date=2026-07-17/exchange=NSE/symbol=ITC/part-055615_967374-018001.parquet,real_data_sample\l2_unseen_validation\trade_date=2026-07-17\exchange=NSE\symbol=ITC\part-055615_967374-018001.parquet,35698,downloaded,35698,
2026-07-17,NSE,ITC,raw_l2/trade_date=2026-07-17/exchange=NSE/symbol=ITC/part-055629_979949-018033.parquet,real_data_sample\l2_unseen_validation\trade_date=2026-07-17\exchange=NSE\symbol=ITC\part-055629_979949-018033.parquet,35898,downloaded,35898,
2026-07-17,NSE,ITC,raw_l2/trade_date=2026-07-17/exchange=NSE/symbol=ITC/part-055712_259497-018129.parquet,real_data_sample\l2_unseen_validation\trade_date=2026-07-17\exchange=NSE\symbol=ITC\part-055712_259497-018129.parquet,35727,downloaded,35727,
2026-07-17,NSE,ITC,raw_l2/trade_date=2026-07-17/exchange=NSE/symbol=ITC/part-055601_883948-017969.parquet,real_data_sample\l2_unseen_validation\trade_date=2026-07-17\exchange=NSE\symbol=ITC\part-055601_883948-017969.parquet,35713,downloaded,35713,
2026-07-17,NSE,ITC,raw_l2/trade_date=2026-07-17/exchange=NSE/symbol=ITC/part-055658_197263-018097.parquet,real_data_sample\l2_unseen_validation\trade_date=2026-07-17\exchange=NSE\symbol=ITC\part-055658_197263-018097.parquet,36071,downloaded,36071,
2026-07-17,NSE,ITC,raw_l2/trade_date=2026-07-17/exchange=NSE/symbol=ITC/part-055519_672839-017873.parquet,real_data_sample\l2_unseen_validation\trade_date=2026-07-17\exchange=NSE\symbol=ITC\part-055519_672839-017873.parquet,35549,downloaded,35549,
2026-07-17,NSE,ITC,raw_l2/trade_date=2026-07-17/exchange=NSE/symbol=ITC/part-055644_163248-018065.parquet,real_data_sample\l2_unseen_validation\trade_date=2026-07-17\exchange=NSE\symbol=ITC\part-055644_163248-018065.parquet,35862,downloaded,35862,
2026-07-17,NSE,ITC,raw_l2/trade_date=2026-07-17/exchange=NSE/symbol=ITC/part-055822_538676-018289.parquet,real_data_sample\l2_unseen_validation\trade_date=2026-07-17\exchange=NSE\symbol=ITC\part-055822_538676-018289.parquet,35603,downloaded,35603,
2026-07-17,NSE,ITC,raw_l2/trade_date=2026-07-17/exchange=NSE/symbol=ITC/part-055836_782659-018321.parquet,real_data_sample\l2_unseen_validation\trade_date=2026-07-17\exchange=NSE\symbol=ITC\part-055836_782659-018321.parquet,35780,downloaded,35780,
2026-07-17,NSE,ITC,raw_l2/trade_date=2026-07-17/exchange=NSE/symbol=ITC/part-055754_470253-018225.parquet,real_data_sample\l2_unseen_validation\trade_date=2026-07-17\exchange=NSE\symbol=ITC\part-055754_470253-018225.parquet,35347,downloaded,35347,
2026-07-17,NSE,ITC,raw_l2/trade_date=2026-07-17/exchange=NSE/symbol=ITC/part-055213_972758-017457.parquet,real_data_sample\l2_unseen_validation\trade_date=2026-07-17\exchange=NSE\symbol=ITC\part-055213_972758-017457.parquet,35622,downloaded,35622,
2026-07-17,NSE,ITC,raw_l2/trade_date=2026-07-17/exchange=NSE/symbol=ITC/part-055851_113012-018353.parquet,real_data_sample\l2_unseen_validation\trade_date=2026-07-17\exchange=NSE\symbol=ITC\part-055851_113012-018353.parquet,35094,downloaded,35094,
2026-07-17,NSE,ITC,raw_l2/trade_date=2026-07-17/exchange=NSE/symbol=ITC/part-055905_232631-018385.parquet,real_data_sample\l2_unseen_validation\trade_date=2026-07-17\exchange=NSE\symbol=ITC\part-055905_232631-018385.parquet,35152,downloaded,35152,
2026-07-17,NSE,ITC,raw_l2/trade_date=2026-07-17/exchange=NSE/symbol=ITC/part-055933_455732-018449.parquet,real_data_sample\l2_unseen_validation\trade_date=2026-07-17\exchange=NSE\symbol=ITC\part-055933_455732-018449.parquet,35524,downloaded,35524,
2026-07-17,NSE,ITC,raw_l2/trade_date=2026-07-17/exchange=NSE/symbol=ITC/part-055919_243454-018417.parquet,real_data_sample\l2_unseen_validation\trade_date=2026-07-17\exchange=NSE\symbol=ITC\part-055919_243454-018417.parquet,35488,downloaded,35488,
2026-07-17,NSE,ITC,raw_l2/trade_date=2026-07-17/exchange=NSE/symbol=ITC/part-060016_467344-018545.parquet,real_data_sample\l2_unseen_validation\trade_date=2026-07-17\exchange=NSE\symbol=ITC\part-060016_467344-018545.parquet,35828,downloaded,35828,
2026-07-17,NSE,ITC,raw_l2/trade_date=2026-07-17/exchange=NSE/symbol=ITC/part-060059_015780-018641.parquet,real_data_sample\l2_unseen_validation\trade_date=2026-07-17\exchange=NSE\symbol=ITC\part-060059_015780-018641.parquet,35968,downloaded,35968,
2026-07-17,NSE,ITC,raw_l2/trade_date=2026-07-17/exchange=NSE/symbol=ITC/part-060127_227970-018705.parquet,real_data_sample\l2_unseen_validation\trade_date=2026-07-17\exchange=NSE\symbol=ITC\part-060127_227970-018705.parquet,35688,downloaded,35688,
2026-07-17,NSE,ITC,raw_l2/trade_date=2026-07-17/exchange=NSE/symbol=ITC/part-060113_204993-018673.parquet,real_data_sample\l2_unseen_validation\trade_date=2026-07-17\exchange=NSE\symbol=ITC\part-060113_204993-018673.parquet,35895,downloaded,35895,
2026-07-17,NSE,ITC,raw_l2/trade_date=2026-07-17/exchange=NSE/symbol=ITC/part-060044_819381-018609.parquet,real_data_sample\l2_unseen_validation\trade_date=2026-07-17\exchange=NSE\symbol=ITC\part-060044_819381-018609.parquet,35226,downloaded,35226,
2026-07-17,NSE,ITC,raw_l2/trade_date=2026-07-17/exchange=NSE/symbol=ITC/part-060141_346623-018737.parquet,real_data_sample\l2_unseen_validation\trade_date=2026-07-17\exchange=NSE\symbol=ITC\part-060141_346623-018737.parquet,35957,downloaded,35957,
2026-07-17,NSE,ITC,raw_l2/trade_date=2026-07-17/exchange=NSE/symbol=ITC/part-055740_490940-018193.parquet,real_data_sample\l2_unseen_validation\trade_date=2026-07-17\exchange=NSE\symbol=ITC\part-055740_490940-018193.parquet,35662,downloaded,35662,
2026-07-17,NSE,ITC,raw_l2/trade_date=2026-07-17/exchange=NSE/symbol=ITC/part-055808_396413-018257.parquet,real_data_sample\l2_unseen_validation\trade_date=2026-07-17\exchange=NSE\symbol=ITC\part-055808_396413-018257.parquet,35246,downloaded,35246,
2026-07-17,NSE,ITC,raw_l2/trade_date=2026-07-17/exchange=NSE/symbol=ITC/part-055547_683697-017937.parquet,real_data_sample\l2_unseen_validation\trade_date=2026-07-17\exchange=NSE\symbol=ITC\part-055547_683697-017937.parquet,35222,downloaded,35222,
2026-07-17,NSE,ITC,raw_l2/trade_date=2026-07-17/exchange=NSE/symbol=ITC/part-055533_693713-017905.parquet,real_data_sample\l2_unseen_validation\trade_date=2026-07-17\exchange=NSE\symbol=ITC\part-055533_693713-017905.parquet,35541,downloaded,35541,
2026-07-17,NSE,ITC,raw_l2/trade_date=2026-07-17/exchange=NSE/symbol=ITC/part-060333_956534-018993.parquet,real_data_sample\l2_unseen_validation\trade_date=2026-07-17\exchange=NSE\symbol=ITC\part-060333_956534-018993.parquet,35223,downloaded,35223,
2026-07-17,NSE,ITC,raw_l2/trade_date=2026-07-17/exchange=NSE/symbol=ITC/part-060223_719694-018833.parquet,real_data_sample\l2_unseen_validation\trade_date=2026-07-17\exchange=NSE\symbol=ITC\part-060223_719694-018833.parquet,35573,downloaded,35573,
2026-07-17,NSE,ITC,raw_l2/trade_date=2026-07-17/exchange=NSE/symbol=ITC/part-060305_941813-018929.parquet,real_data_sample\l2_unseen_validation\trade_date=2026-07-17\exchange=NSE\symbol=ITC\part-060305_941813-018929.parquet,35247,downloaded,35247,
2026-07-17,NSE,ITC,raw_l2/trade_date=2026-07-17/exchange=NSE/symbol=ITC/part-060251_799150-018897.parquet,real_data_sample\l2_unseen_validation\trade_date=2026-07-17\exchange=NSE\symbol=ITC\part-060251_799150-018897.parquet,35624,downloaded,35624,
2026-07-17,NSE,ITC,raw_l2/trade_date=2026-07-17/exchange=NSE/symbol=ITC/part-060209_424094-018801.parquet,real_data_sample\l2_unseen_validation\trade_date=2026-07-17\exchange=NSE\symbol=ITC\part-060209_424094-018801.parquet,35634,downloaded,35634,
2026-07-17,NSE,ITC,raw_l2/trade_date=2026-07-17/exchange=NSE/symbol=ITC/part-060319_980493-018961.parquet,real_data_sample\l2_unseen_validation\trade_date=2026-07-17\exchange=NSE\symbol=ITC\part-060319_980493-018961.parquet,35232,downloaded,35232,
2026-07-17,NSE,ITC,raw_l2/trade_date=2026-07-17/exchange=NSE/symbol=ITC/part-060155_430822-018769.parquet,real_data_sample\l2_unseen_validation\trade_date=2026-07-17\exchange=NSE\symbol=ITC\part-060155_430822-018769.parquet,35904,downloaded,35904,
2026-07-17,NSE,ITC,raw_l2/trade_date=2026-07-17/exchange=NSE/symbol=ITC/part-060347_976516-019025.parquet,real_data_sample\l2_unseen_validation\trade_date=2026-07-17\exchange=NSE\symbol=ITC\part-060347_976516-019025.parquet,35990,downloaded,35990,
2026-07-17,NSE,ITC,raw_l2/trade_date=2026-07-17/exchange=NSE/symbol=ITC/part-060237_757834-018865.parquet,real_data_sample\l2_unseen_validation\trade_date=2026-07-17\exchange=NSE\symbol=ITC\part-060237_757834-018865.parquet,36048,downloaded,36048,
2026-07-17,NSE,ITC,raw_l2/trade_date=2026-07-17/exchange=NSE/symbol=ITC/part-060430_381335-019121.parquet,real_data_sample\l2_unseen_validation\trade_date=2026-07-17\exchange=NSE\symbol=ITC\part-060430_381335-019121.parquet,35862,downloaded,35862,
2026-07-17,NSE,ITC,raw_l2/trade_date=2026-07-17/exchange=NSE/symbol=ITC/part-060444_725266-019153.parquet,real_data_sample\l2_unseen_validation\trade_date=2026-07-17\exchange=NSE\symbol=ITC\part-060444_725266-019153.parquet,35811,downloaded,35811,
2026-07-17,NSE,ITC,raw_l2/trade_date=2026-07-17/exchange=NSE/symbol=ITC/part-060401_948155-019057.parquet,real_data_sample\l2_unseen_validation\trade_date=2026-07-17\exchange=NSE\symbol=ITC\part-060401_948155-019057.parquet,35843,downloaded,35843,
2026-07-17,NSE,ITC,raw_l2/trade_date=2026-07-17/exchange=NSE/symbol=ITC/part-060002_307017-018513.parquet,real_data_sample\l2_unseen_validation\trade_date=2026-07-17\exchange=NSE\symbol=ITC\part-060002_307017-018513.parquet,35858,downloaded,35858,
2026-07-17,NSE,ITC,raw_l2/trade_date=2026-07-17/exchange=NSE/symbol=ITC/part-055947_627894-018481.parquet,real_data_sample\l2_unseen_validation\trade_date=2026-07-17\exchange=NSE\symbol=ITC\part-055947_627894-018481.parquet,35342,downloaded,35342,
2026-07-17,NSE,ITC,raw_l2/trade_date=2026-07-17/exchange=NSE/symbol=ITC/part-060512_738043-019217.parquet,real_data_sample\l2_unseen_validation\trade_date=2026-07-17\exchange=NSE\symbol=ITC\part-060512_738043-019217.parquet,35673,downloaded,35673,
2026-07-17,NSE,ITC,raw_l2/trade_date=2026-07-17/exchange=NSE/symbol=ITC/part-055340_997225-017649.parquet,real_data_sample\l2_unseen_validation\trade_date=2026-07-17\exchange=NSE\symbol=ITC\part-055340_997225-017649.parquet,35548,downloaded,35548,
2026-07-17,NSE,ITC,raw_l2/trade_date=2026-07-17/exchange=NSE/symbol=ITC/part-060458_647462-019185.parquet,real_data_sample\l2_unseen_validation\trade_date=2026-07-17\exchange=NSE\symbol=ITC\part-060458_647462-019185.parquet,35766,downloaded,35766,
2026-07-17,NSE,ITC,raw_l2/trade_date=2026-07-17/exchange=NSE/symbol=ITC/part-060540_953213-019281.parquet,real_data_sample\l2_unseen_validation\trade_date=2026-07-17\exchange=NSE\symbol=ITC\part-060540_953213-019281.parquet,35701,downloaded,35701,
2026-07-17,NSE,ITC,raw_l2/trade_date=2026-07-17/exchange=NSE/symbol=ITC/part-060554_877720-019313.parquet,real_data_sample\l2_unseen_validation\trade_date=2026-07-17\exchange=NSE\symbol=ITC\part-060554_877720-019313.parquet,35759,downloaded,35759,
2026-07-17,NSE,ITC,raw_l2/trade_date=2026-07-17/exchange=NSE/symbol=ITC/part-060608_889992-019345.parquet,real_data_sample\l2_unseen_validation\trade_date=2026-07-17\exchange=NSE\symbol=ITC\part-060608_889992-019345.parquet,36055,downloaded,36055,
2026-07-17,NSE,ITC,raw_l2/trade_date=2026-07-17/exchange=NSE/symbol=ITC/part-060636_685295-019409.parquet,real_data_sample\l2_unseen_validation\trade_date=2026-07-17\exchange=NSE\symbol=ITC\part-060636_685295-019409.parquet,35770,downloaded,35770,
2026-07-17,NSE,ITC,raw_l2/trade_date=2026-07-17/exchange=NSE/symbol=ITC/part-060622_668704-019377.parquet,real_data_sample\l2_unseen_validation\trade_date=2026-07-17\exchange=NSE\symbol=ITC\part-060622_668704-019377.parquet,35886,downloaded,35886,
2026-07-17,NSE,ITC,raw_l2/trade_date=2026-07-17/exchange=NSE/symbol=ITC/part-060526_797778-019249.parquet,real_data_sample\l2_unseen_validation\trade_date=2026-07-17\exchange=NSE\symbol=ITC\part-060526_797778-019249.parquet,35755,downloaded,35755,
2026-07-17,NSE,ITC,raw_l2/trade_date=2026-07-17/exchange=NSE/symbol=ITC/part-060846_937484-019697.parquet,real_data_sample\l2_unseen_validation\trade_date=2026-07-17\exchange=NSE\symbol=ITC\part-060846_937484-019697.parquet,34966,downloaded,34966,
2026-07-17,NSE,ITC,raw_l2/trade_date=2026-07-17/exchange=NSE/symbol=ITC/part-055726_301569-018161.parquet,real_data_sample\l2_unseen_validation\trade_date=2026-07-17\exchange=NSE\symbol=ITC\part-055726_301569-018161.parquet,35475,downloaded,35475,
2026-07-17,NSE,ITC,raw_l2/trade_date=2026-07-17/exchange=NSE/symbol=ITC/part-060832_721514-019665.parquet,real_data_sample\l2_unseen_validation\trade_date=2026-07-17\exchange=NSE\symbol=ITC\part-060832_721514-019665.parquet,34741,downloaded,34741,
2026-07-17,NSE,ITC,raw_l2/trade_date=2026-07-17/exchange=NSE/symbol=ITC/part-060929_763800-019793.parquet,real_data_sample\l2_unseen_validation\trade_date=2026-07-17\exchange=NSE\symbol=ITC\part-060929_763800-019793.parquet,35710,downloaded,35710,
2026-07-17,NSE,ITC,raw_l2/trade_date=2026-07-17/exchange=NSE/symbol=ITC/part-060901_215540-019729.parquet,real_data_sample\l2_unseen_validation\trade_date=2026-07-17\exchange=NSE\symbol=ITC\part-060901_215540-019729.parquet,34773,downloaded,34773,
2026-07-17,NSE,ITC,raw_l2/trade_date=2026-07-17/exchange=NSE/symbol=ITC/part-054630_806877-016689.parquet,real_data_sample\l2_unseen_validation\trade_date=2026-07-17\exchange=NSE\symbol=ITC\part-054630_806877-016689.parquet,35485,downloaded,35485,
2026-07-17,NSE,ITC,raw_l2/trade_date=2026-07-17/exchange=NSE/symbol=ITC/part-060915_266085-019761.parquet,real_data_sample\l2_unseen_validation\trade_date=2026-07-17\exchange=NSE\symbol=ITC\part-060915_266085-019761.parquet,34926,downloaded,34926,
2026-07-17,NSE,ITC,raw_l2/trade_date=2026-07-17/exchange=NSE/symbol=ITC/part-060803_186917-019601.parquet,real_data_sample\l2_unseen_validation\trade_date=2026-07-17\exchange=NSE\symbol=ITC\part-060803_186917-019601.parquet,35476,downloaded,35476,
2026-07-17,NSE,ITC,raw_l2/trade_date=2026-07-17/exchange=NSE/symbol=ITC/part-060818_088317-019633.parquet,real_data_sample\l2_unseen_validation\trade_date=2026-07-17\exchange=NSE\symbol=ITC\part-060818_088317-019633.parquet,35351,downloaded,35351,
2026-07-17,NSE,ITC,raw_l2/trade_date=2026-07-17/exchange=NSE/symbol=ITC/part-060747_748035-019569.parquet,real_data_sample\l2_unseen_validation\trade_date=2026-07-17\exchange=NSE\symbol=ITC\part-060747_748035-019569.parquet,35547,downloaded,35547,
2026-07-17,NSE,ITC,raw_l2/trade_date=2026-07-17/exchange=NSE/symbol=ITC/part-054111_567778-015953.parquet,real_data_sample\l2_unseen_validation\trade_date=2026-07-17\exchange=NSE\symbol=ITC\part-054111_567778-015953.parquet,35627,downloaded,35627,
2026-07-17,NSE,ITC,raw_l2/trade_date=2026-07-17/exchange=NSE/symbol=ITC/part-060030_556016-018577.parquet,real_data_sample\l2_unseen_validation\trade_date=2026-07-17\exchange=NSE\symbol=ITC\part-060030_556016-018577.parquet,35589,downloaded,35589,
2026-07-17,NSE,ITC,raw_l2/trade_date=2026-07-17/exchange=NSE/symbol=ITC/part-060944_178421-019825.parquet,real_data_sample\l2_unseen_validation\trade_date=2026-07-17\exchange=NSE\symbol=ITC\part-060944_178421-019825.parquet,35696,downloaded,35696,
2026-07-17,NSE,ITC,raw_l2/trade_date=2026-07-17/exchange=NSE/symbol=ITC/part-060958_418353-019857.parquet,real_data_sample\l2_unseen_validation\trade_date=2026-07-17\exchange=NSE\symbol=ITC\part-060958_418353-019857.parquet,35785,downloaded,35785,
2026-07-17,NSE,ITC,raw_l2/trade_date=2026-07-17/exchange=NSE/symbol=ITC/part-061027_018373-019921.parquet,real_data_sample\l2_unseen_validation\trade_date=2026-07-17\exchange=NSE\symbol=ITC\part-061027_018373-019921.parquet,35619,downloaded,35619,
2026-07-17,NSE,ITC,raw_l2/trade_date=2026-07-17/exchange=NSE/symbol=ITC/part-061110_216379-020017.parquet,real_data_sample\l2_unseen_validation\trade_date=2026-07-17\exchange=NSE\symbol=ITC\part-061110_216379-020017.parquet,35722,downloaded,35722,
2026-07-17,NSE,ITC,raw_l2/trade_date=2026-07-17/exchange=NSE/symbol=ITC/part-061012_738999-019889.parquet,real_data_sample\l2_unseen_validation\trade_date=2026-07-17\exchange=NSE\symbol=ITC\part-061012_738999-019889.parquet,35945,downloaded,35945,
2026-07-17,NSE,ITC,raw_l2/trade_date=2026-07-17/exchange=NSE/symbol=ITC/part-061138_899532-020081.parquet,real_data_sample\l2_unseen_validation\trade_date=2026-07-17\exchange=NSE\symbol=ITC\part-061138_899532-020081.parquet,35841,downloaded,35841,
2026-07-17,NSE,ITC,raw_l2/trade_date=2026-07-17/exchange=NSE/symbol=ITC/part-061207_792547-020145.parquet,real_data_sample\l2_unseen_validation\trade_date=2026-07-17\exchange=NSE\symbol=ITC\part-061207_792547-020145.parquet,35832,downloaded,35832,
2026-07-17,NSE,ITC,raw_l2/trade_date=2026-07-17/exchange=NSE/symbol=ITC/part-061153_431186-020113.parquet,real_data_sample\l2_unseen_validation\trade_date=2026-07-17\exchange=NSE\symbol=ITC\part-061153_431186-020113.parquet,36352,downloaded,36352,
2026-07-17,NSE,ITC,raw_l2/trade_date=2026-07-17/exchange=NSE/symbol=ITC/part-061222_366822-020177.parquet,real_data_sample\l2_unseen_validation\trade_date=2026-07-17\exchange=NSE\symbol=ITC\part-061222_366822-020177.parquet,36014,downloaded,36014,
2026-07-17,NSE,ITC,raw_l2/trade_date=2026-07-17/exchange=NSE/symbol=ITC/part-061236_819716-020209.parquet,real_data_sample\l2_unseen_validation\trade_date=2026-07-17\exchange=NSE\symbol=ITC\part-061236_819716-020209.parquet,35732,downloaded,35732,
2026-07-17,NSE,ITC,raw_l2/trade_date=2026-07-17/exchange=NSE/symbol=ITC/part-060650_911291-019441.parquet,real_data_sample\l2_unseen_validation\trade_date=2026-07-17\exchange=NSE\symbol=ITC\part-060650_911291-019441.parquet,35492,downloaded,35492,
2026-07-17,NSE,ITC,raw_l2/trade_date=2026-07-17/exchange=NSE/symbol=ITC/part-060704_889392-019473.parquet,real_data_sample\l2_unseen_validation\trade_date=2026-07-17\exchange=NSE\symbol=ITC\part-060704_889392-019473.parquet,35710,downloaded,35710,
2026-07-17,NSE,ITC,raw_l2/trade_date=2026-07-17/exchange=NSE/symbol=ITC/part-061251_150056-020241.parquet,real_data_sample\l2_unseen_validation\trade_date=2026-07-17\exchange=NSE\symbol=ITC\part-061251_150056-020241.parquet,35553,downloaded,35553,
2026-07-17,NSE,ITC,raw_l2/trade_date=2026-07-17/exchange=NSE/symbol=ITC/part-060718_959791-019505.parquet,real_data_sample\l2_unseen_validation\trade_date=2026-07-17\exchange=NSE\symbol=ITC\part-060718_959791-019505.parquet,35247,downloaded,35247,
2026-07-17,NSE,ITC,raw_l2/trade_date=2026-07-17/exchange=NSE/symbol=ITC/part-060733_315919-019537.parquet,real_data_sample\l2_unseen_validation\trade_date=2026-07-17\exchange=NSE\symbol=ITC\part-060733_315919-019537.parquet,35634,downloaded,35634,
2026-07-17,NSE,ITC,raw_l2/trade_date=2026-07-17/exchange=NSE/symbol=ITC/part-061305_585925-020273.parquet,real_data_sample\l2_unseen_validation\trade_date=2026-07-17\exchange=NSE\symbol=ITC\part-061305_585925-020273.parquet,35290,downloaded,35290,
2026-07-17,NSE,ITC,raw_l2/trade_date=2026-07-17/exchange=NSE/symbol=ITC/part-061320_097023-020305.parquet,real_data_sample\l2_unseen_validation\trade_date=2026-07-17\exchange=NSE\symbol=ITC\part-061320_097023-020305.parquet,35565,downloaded,35565,
2026-07-17,NSE,ITC,raw_l2/trade_date=2026-07-17/exchange=NSE/symbol=ITC/part-060415_977658-019089.parquet,real_data_sample\l2_unseen_validation\trade_date=2026-07-17\exchange=NSE\symbol=ITC\part-060415_977658-019089.parquet,35574,downloaded,35574,
2026-07-17,NSE,ITC,raw_l2/trade_date=2026-07-17/exchange=NSE/symbol=ITC/part-061348_778694-020369.parquet,real_data_sample\l2_unseen_validation\trade_date=2026-07-17\exchange=NSE\symbol=ITC\part-061348_778694-020369.parquet,35819,downloaded,35819,
2026-07-17,NSE,ITC,raw_l2/trade_date=2026-07-17/exchange=NSE/symbol=ITC/part-061403_083379-020401.parquet,real_data_sample\l2_unseen_validation\trade_date=2026-07-17\exchange=NSE\symbol=ITC\part-061403_083379-020401.parquet,35494,downloaded,35494,
2026-07-17,NSE,ITC,raw_l2/trade_date=2026-07-17/exchange=NSE/symbol=ITC/part-061500_392783-020529.parquet,real_data_sample\l2_unseen_validation\trade_date=2026-07-17\exchange=NSE\symbol=ITC\part-061500_392783-020529.parquet,35427,downloaded,35427,
2026-07-17,NSE,ITC,raw_l2/trade_date=2026-07-17/exchange=NSE/symbol=ITC/part-061334_390764-020337.parquet,real_data_sample\l2_unseen_validation\trade_date=2026-07-17\exchange=NSE\symbol=ITC\part-061334_390764-020337.parquet,35808,downloaded,35808,
2026-07-17,NSE,ITC,raw_l2/trade_date=2026-07-17/exchange=NSE/symbol=ITC/part-061445_978487-020497.parquet,real_data_sample\l2_unseen_validation\trade_date=2026-07-17\exchange=NSE\symbol=ITC\part-061445_978487-020497.parquet,35783,downloaded,35783,
2026-07-17,NSE,ITC,raw_l2/trade_date=2026-07-17/exchange=NSE/symbol=ITC/part-061529_359565-020593.parquet,real_data_sample\l2_unseen_validation\trade_date=2026-07-17\exchange=NSE\symbol=ITC\part-061529_359565-020593.parquet,35484,downloaded,35484,
2026-07-17,NSE,ITC,raw_l2/trade_date=2026-07-17/exchange=NSE/symbol=ITC/part-061612_975492-020689.parquet,real_data_sample\l2_unseen_validation\trade_date=2026-07-17\exchange=NSE\symbol=ITC\part-061612_975492-020689.parquet,35887,downloaded,35887,
2026-07-17,NSE,ITC,raw_l2/trade_date=2026-07-17/exchange=NSE/symbol=ITC/part-061628_297297-020721.parquet,real_data_sample\l2_unseen_validation\trade_date=2026-07-17\exchange=NSE\symbol=ITC\part-061628_297297-020721.parquet,35852,downloaded,35852,
2026-07-17,NSE,ITC,raw_l2/trade_date=2026-07-17/exchange=NSE/symbol=ITC/part-061514_828719-020561.parquet,real_data_sample\l2_unseen_validation\trade_date=2026-07-17\exchange=NSE\symbol=ITC\part-061514_828719-020561.parquet,35323,downloaded,35323,
2026-07-17,NSE,ITC,raw_l2/trade_date=2026-07-17/exchange=NSE/symbol=ITC/part-061041_302159-019953.parquet,real_data_sample\l2_unseen_validation\trade_date=2026-07-17\exchange=NSE\symbol=ITC\part-061041_302159-019953.parquet,35331,downloaded,35331,
2026-07-17,NSE,ITC,raw_l2/trade_date=2026-07-17/exchange=NSE/symbol=ITC/part-061055_796365-019985.parquet,real_data_sample\l2_unseen_validation\trade_date=2026-07-17\exchange=NSE\symbol=ITC\part-061055_796365-019985.parquet,35428,downloaded,35428,
2026-07-17,NSE,ITC,raw_l2/trade_date=2026-07-17/exchange=NSE/symbol=ITC/part-061417_349652-020433.parquet,real_data_sample\l2_unseen_validation\trade_date=2026-07-17\exchange=NSE\symbol=ITC\part-061417_349652-020433.parquet,35352,downloaded,35352,
2026-07-17,NSE,ITC,raw_l2/trade_date=2026-07-17/exchange=NSE/symbol=ITC/part-061656_471292-020785.parquet,real_data_sample\l2_unseen_validation\trade_date=2026-07-17\exchange=NSE\symbol=ITC\part-061656_471292-020785.parquet,35720,downloaded,35720,
2026-07-17,NSE,ITC,raw_l2/trade_date=2026-07-17/exchange=NSE/symbol=ITC/part-061710_762949-020817.parquet,real_data_sample\l2_unseen_validation\trade_date=2026-07-17\exchange=NSE\symbol=ITC\part-061710_762949-020817.parquet,35510,downloaded,35510,
2026-07-17,NSE,ITC,raw_l2/trade_date=2026-07-17/exchange=NSE/symbol=ITC/part-061642_434938-020753.parquet,real_data_sample\l2_unseen_validation\trade_date=2026-07-17\exchange=NSE\symbol=ITC\part-061642_434938-020753.parquet,35386,downloaded,35386,
2026-07-17,NSE,ITC,raw_l2/trade_date=2026-07-17/exchange=NSE/symbol=ITC/part-061753_503849-020913.parquet,real_data_sample\l2_unseen_validation\trade_date=2026-07-17\exchange=NSE\symbol=ITC\part-061753_503849-020913.parquet,35526,downloaded,35526,
2026-07-17,NSE,ITC,raw_l2/trade_date=2026-07-17/exchange=NSE/symbol=ITC/part-061738_923445-020881.parquet,real_data_sample\l2_unseen_validation\trade_date=2026-07-17\exchange=NSE\symbol=ITC\part-061738_923445-020881.parquet,35402,downloaded,35402,
2026-07-17,NSE,ITC,raw_l2/trade_date=2026-07-17/exchange=NSE/symbol=ITC/part-061808_312420-020945.parquet,real_data_sample\l2_unseen_validation\trade_date=2026-07-17\exchange=NSE\symbol=ITC\part-061808_312420-020945.parquet,35708,downloaded,35708,
2026-07-17,NSE,ITC,raw_l2/trade_date=2026-07-17/exchange=NSE/symbol=ITC/part-061724_939561-020849.parquet,real_data_sample\l2_unseen_validation\trade_date=2026-07-17\exchange=NSE\symbol=ITC\part-061724_939561-020849.parquet,35941,downloaded,35941,
2026-07-17,NSE,ITC,raw_l2/trade_date=2026-07-17/exchange=NSE/symbol=ITC/part-061822_339175-020977.parquet,real_data_sample\l2_unseen_validation\trade_date=2026-07-17\exchange=NSE\symbol=ITC\part-061822_339175-020977.parquet,35950,downloaded,35950,
2026-07-17,NSE,ITC,raw_l2/trade_date=2026-07-17/exchange=NSE/symbol=ITC/part-061905_510250-021073.parquet,real_data_sample\l2_unseen_validation\trade_date=2026-07-17\exchange=NSE\symbol=ITC\part-061905_510250-021073.parquet,35187,downloaded,35187,
2026-07-17,NSE,ITC,raw_l2/trade_date=2026-07-17/exchange=NSE/symbol=ITC/part-062002_756060-021201.parquet,real_data_sample\l2_unseen_validation\trade_date=2026-07-17\exchange=NSE\symbol=ITC\part-062002_756060-021201.parquet,35733,downloaded,35733,
2026-07-17,NSE,ITC,raw_l2/trade_date=2026-07-17/exchange=NSE/symbol=ITC/part-062100_360391-021329.parquet,real_data_sample\l2_unseen_validation\trade_date=2026-07-17\exchange=NSE\symbol=ITC\part-062100_360391-021329.parquet,35537,downloaded,35537,
2026-07-17,NSE,ITC,raw_l2/trade_date=2026-07-17/exchange=NSE/symbol=ITC/part-062157_155137-021457.parquet,real_data_sample\l2_unseen_validation\trade_date=2026-07-17\exchange=NSE\symbol=ITC\part-062157_155137-021457.parquet,35633,downloaded,35633,
2026-07-17,NSE,ITC,raw_l2/trade_date=2026-07-17/exchange=NSE/symbol=ITC/part-062045_872444-021297.parquet,real_data_sample\l2_unseen_validation\trade_date=2026-07-17\exchange=NSE\symbol=ITC\part-062045_872444-021297.parquet,35474,downloaded,35474,
2026-07-17,NSE,ITC,raw_l2/trade_date=2026-07-17/exchange=NSE/symbol=ITC/part-062211_398080-021489.parquet,real_data_sample\l2_unseen_validation\trade_date=2026-07-17\exchange=NSE\symbol=ITC\part-062211_398080-021489.parquet,35533,downloaded,35533,
2026-07-17,NSE,ITC,raw_l2/trade_date=2026-07-17/exchange=NSE/symbol=ITC/part-061948_458388-021169.parquet,real_data_sample\l2_unseen_validation\trade_date=2026-07-17\exchange=NSE\symbol=ITC\part-061948_458388-021169.parquet,35571,downloaded,35571,
2026-07-17,NSE,ITC,raw_l2/trade_date=2026-07-17/exchange=NSE/symbol=ITC/part-062031_148079-021265.parquet,real_data_sample\l2_unseen_validation\trade_date=2026-07-17\exchange=NSE\symbol=ITC\part-062031_148079-021265.parquet,35103,downloaded,35103,
2026-07-17,NSE,ITC,raw_l2/trade_date=2026-07-17/exchange=NSE/symbol=ITC/part-062142_897262-021425.parquet,real_data_sample\l2_unseen_validation\trade_date=2026-07-17\exchange=NSE\symbol=ITC\part-062142_897262-021425.parquet,35769,downloaded,35769,
2026-07-17,NSE,ITC,raw_l2/trade_date=2026-07-17/exchange=NSE/symbol=ITC/part-062225_698265-021521.parquet,real_data_sample\l2_unseen_validation\trade_date=2026-07-17\exchange=NSE\symbol=ITC\part-062225_698265-021521.parquet,35695,downloaded,35695,
2026-07-17,NSE,ITC,raw_l2/trade_date=2026-07-17/exchange=NSE/symbol=ITC/part-061431_714048-020465.parquet,real_data_sample\l2_unseen_validation\trade_date=2026-07-17\exchange=NSE\symbol=ITC\part-061431_714048-020465.parquet,35467,downloaded,35467,
2026-07-17,NSE,ITC,raw_l2/trade_date=2026-07-17/exchange=NSE/symbol=ITC/part-062114_858487-021361.parquet,real_data_sample\l2_unseen_validation\trade_date=2026-07-17\exchange=NSE\symbol=ITC\part-062114_858487-021361.parquet,35664,downloaded,35664,
2026-07-17,NSE,ITC,raw_l2/trade_date=2026-07-17/exchange=NSE/symbol=ITC/part-062128_987859-021393.parquet,real_data_sample\l2_unseen_validation\trade_date=2026-07-17\exchange=NSE\symbol=ITC\part-062128_987859-021393.parquet,35818,downloaded,35818,
2026-07-17,NSE,ITC,raw_l2/trade_date=2026-07-17/exchange=NSE/symbol=ITC/part-062322_986808-021649.parquet,real_data_sample\l2_unseen_validation\trade_date=2026-07-17\exchange=NSE\symbol=ITC\part-062322_986808-021649.parquet,35258,downloaded,35258,
2026-07-17,NSE,ITC,raw_l2/trade_date=2026-07-17/exchange=NSE/symbol=ITC/part-061124_716126-020049.parquet,real_data_sample\l2_unseen_validation\trade_date=2026-07-17\exchange=NSE\symbol=ITC\part-061124_716126-020049.parquet,35246,downloaded,35246,
2026-07-17,NSE,ITC,raw_l2/trade_date=2026-07-17/exchange=NSE/symbol=ITC/part-062308_669426-021617.parquet,real_data_sample\l2_unseen_validation\trade_date=2026-07-17\exchange=NSE\symbol=ITC\part-062308_669426-021617.parquet,35555,downloaded,35555,
2026-07-17,NSE,ITC,raw_l2/trade_date=2026-07-17/exchange=NSE/symbol=ITC/part-062337_266358-021681.parquet,real_data_sample\l2_unseen_validation\trade_date=2026-07-17\exchange=NSE\symbol=ITC\part-062337_266358-021681.parquet,35694,downloaded,35694,
2026-07-17,NSE,ITC,raw_l2/trade_date=2026-07-17/exchange=NSE/symbol=ITC/part-061837_243959-021009.parquet,real_data_sample\l2_unseen_validation\trade_date=2026-07-17\exchange=NSE\symbol=ITC\part-061837_243959-021009.parquet,35487,downloaded,35487,
2026-07-17,NSE,ITC,raw_l2/trade_date=2026-07-17/exchange=NSE/symbol=ITC/part-061851_433808-021041.parquet,real_data_sample\l2_unseen_validation\trade_date=2026-07-17\exchange=NSE\symbol=ITC\part-061851_433808-021041.parquet,35563,downloaded,35563,
2026-07-17,NSE,ITC,raw_l2/trade_date=2026-07-17/exchange=NSE/symbol=ITC/part-062433_406452-021809.parquet,real_data_sample\l2_unseen_validation\trade_date=2026-07-17\exchange=NSE\symbol=ITC\part-062433_406452-021809.parquet,35657,downloaded,35657,
2026-07-17,NSE,ITC,raw_l2/trade_date=2026-07-17/exchange=NSE/symbol=ITC/part-062419_398236-021777.parquet,real_data_sample\l2_unseen_validation\trade_date=2026-07-17\exchange=NSE\symbol=ITC\part-062419_398236-021777.parquet,36176,downloaded,36176,
2026-07-17,NSE,ITC,raw_l2/trade_date=2026-07-17/exchange=NSE/symbol=ITC/part-062447_639389-021841.parquet,real_data_sample\l2_unseen_validation\trade_date=2026-07-17\exchange=NSE\symbol=ITC\part-062447_639389-021841.parquet,35803,downloaded,35803,
2026-07-17,NSE,ITC,raw_l2/trade_date=2026-07-17/exchange=NSE/symbol=ITC/part-061919_934949-021105.parquet,real_data_sample\l2_unseen_validation\trade_date=2026-07-17\exchange=NSE\symbol=ITC\part-061919_934949-021105.parquet,35538,downloaded,35538,
2026-07-17,NSE,ITC,raw_l2/trade_date=2026-07-17/exchange=NSE/symbol=ITC/part-062351_197274-021713.parquet,real_data_sample\l2_unseen_validation\trade_date=2026-07-17\exchange=NSE\symbol=ITC\part-062351_197274-021713.parquet,35613,downloaded,35613,
2026-07-17,NSE,ITC,raw_l2/trade_date=2026-07-17/exchange=NSE/symbol=ITC/part-061934_417243-021137.parquet,real_data_sample\l2_unseen_validation\trade_date=2026-07-17\exchange=NSE\symbol=ITC\part-061934_417243-021137.parquet,35703,downloaded,35703,
2026-07-17,NSE,ITC,raw_l2/trade_date=2026-07-17/exchange=NSE/symbol=ITC/part-062405_277764-021745.parquet,real_data_sample\l2_unseen_validation\trade_date=2026-07-17\exchange=NSE\symbol=ITC\part-062405_277764-021745.parquet,36077,downloaded,36077,
2026-07-17,NSE,ITC,raw_l2/trade_date=2026-07-17/exchange=NSE/symbol=ITC/part-062501_803362-021873.parquet,real_data_sample\l2_unseen_validation\trade_date=2026-07-17\exchange=NSE\symbol=ITC\part-062501_803362-021873.parquet,36190,downloaded,36190,
2026-07-17,NSE,ITC,raw_l2/trade_date=2026-07-17/exchange=NSE/symbol=ITC/part-062516_066857-021905.parquet,real_data_sample\l2_unseen_validation\trade_date=2026-07-17\exchange=NSE\symbol=ITC\part-062516_066857-021905.parquet,36073,downloaded,36073,
2026-07-17,NSE,ITC,raw_l2/trade_date=2026-07-17/exchange=NSE/symbol=ITC/part-061558_123762-020657.parquet,real_data_sample\l2_unseen_validation\trade_date=2026-07-17\exchange=NSE\symbol=ITC\part-061558_123762-020657.parquet,35773,downloaded,35773,
2026-07-17,NSE,ITC,raw_l2/trade_date=2026-07-17/exchange=NSE/symbol=ITC/part-062240_069904-021553.parquet,real_data_sample\l2_unseen_validation\trade_date=2026-07-17\exchange=NSE\symbol=ITC\part-062240_069904-021553.parquet,35552,downloaded,35552,
2026-07-17,NSE,ITC,raw_l2/trade_date=2026-07-17/exchange=NSE/symbol=ITC/part-062254_271420-021585.parquet,real_data_sample\l2_unseen_validation\trade_date=2026-07-17\exchange=NSE\symbol=ITC\part-062254_271420-021585.parquet,35596,downloaded,35596,
2026-07-17,NSE,ITC,raw_l2/trade_date=2026-07-17/exchange=NSE/symbol=ITC/part-062529_890411-021937.parquet,real_data_sample\l2_unseen_validation\trade_date=2026-07-17\exchange=NSE\symbol=ITC\part-062529_890411-021937.parquet,35937,downloaded,35937,
2026-07-17,NSE,ITC,raw_l2/trade_date=2026-07-17/exchange=NSE/symbol=ITC/part-062543_867061-021969.parquet,real_data_sample\l2_unseen_validation\trade_date=2026-07-17\exchange=NSE\symbol=ITC\part-062543_867061-021969.parquet,35308,downloaded,35308,
2026-07-17,NSE,ITC,raw_l2/trade_date=2026-07-17/exchange=NSE/symbol=ITC/part-062557_903716-022001.parquet,real_data_sample\l2_unseen_validation\trade_date=2026-07-17\exchange=NSE\symbol=ITC\part-062557_903716-022001.parquet,35755,downloaded,35755,
2026-07-17,NSE,ITC,raw_l2/trade_date=2026-07-17/exchange=NSE/symbol=ITC/part-062654_484350-022129.parquet,real_data_sample\l2_unseen_validation\trade_date=2026-07-17\exchange=NSE\symbol=ITC\part-062654_484350-022129.parquet,35668,downloaded,35668,
2026-07-17,NSE,ITC,raw_l2/trade_date=2026-07-17/exchange=NSE/symbol=ITC/part-062723_189776-022193.parquet,real_data_sample\l2_unseen_validation\trade_date=2026-07-17\exchange=NSE\symbol=ITC\part-062723_189776-022193.parquet,35896,downloaded,35896,
2026-07-17,NSE,ITC,raw_l2/trade_date=2026-07-17/exchange=NSE/symbol=ITC/part-062625_935123-022065.parquet,real_data_sample\l2_unseen_validation\trade_date=2026-07-17\exchange=NSE\symbol=ITC\part-062625_935123-022065.parquet,35747,downloaded,35747,
2026-07-17,NSE,ITC,raw_l2/trade_date=2026-07-17/exchange=NSE/symbol=ITC/part-062708_621031-022161.parquet,real_data_sample\l2_unseen_validation\trade_date=2026-07-17\exchange=NSE\symbol=ITC\part-062708_621031-022161.parquet,35950,downloaded,35950,
2026-07-17,NSE,ITC,raw_l2/trade_date=2026-07-17/exchange=NSE/symbol=ITC/part-062611_941870-022033.parquet,real_data_sample\l2_unseen_validation\trade_date=2026-07-17\exchange=NSE\symbol=ITC\part-062611_941870-022033.parquet,35720,downloaded,35720,
2026-07-17,NSE,ITC,raw_l2/trade_date=2026-07-17/exchange=NSE/symbol=ITC/part-062751_803873-022257.parquet,real_data_sample\l2_unseen_validation\trade_date=2026-07-17\exchange=NSE\symbol=ITC\part-062751_803873-022257.parquet,35556,downloaded,35556,
2026-07-17,NSE,ITC,raw_l2/trade_date=2026-07-17/exchange=NSE/symbol=ITC/part-062640_224445-022097.parquet,real_data_sample\l2_unseen_validation\trade_date=2026-07-17\exchange=NSE\symbol=ITC\part-062640_224445-022097.parquet,35397,downloaded,35397,
2026-07-17,NSE,ITC,raw_l2/trade_date=2026-07-17/exchange=NSE/symbol=ITC/part-062848_714215-022385.parquet,real_data_sample\l2_unseen_validation\trade_date=2026-07-17\exchange=NSE\symbol=ITC\part-062848_714215-022385.parquet,35142,downloaded,35142,
2026-07-17,NSE,ITC,raw_l2/trade_date=2026-07-17/exchange=NSE/symbol=ITC/part-062806_031706-022289.parquet,real_data_sample\l2_unseen_validation\trade_date=2026-07-17\exchange=NSE\symbol=ITC\part-062806_031706-022289.parquet,35710,downloaded,35710,
2026-07-17,NSE,ITC,raw_l2/trade_date=2026-07-17/exchange=NSE/symbol=ITC/part-062820_442785-022321.parquet,real_data_sample\l2_unseen_validation\trade_date=2026-07-17\exchange=NSE\symbol=ITC\part-062820_442785-022321.parquet,35740,downloaded,35740,
2026-07-17,NSE,ITC,raw_l2/trade_date=2026-07-17/exchange=NSE/symbol=ITC/part-062737_481754-022225.parquet,real_data_sample\l2_unseen_validation\trade_date=2026-07-17\exchange=NSE\symbol=ITC\part-062737_481754-022225.parquet,35630,downloaded,35630,
2026-07-17,NSE,ITC,raw_l2/trade_date=2026-07-17/exchange=NSE/symbol=ITC/part-062902_672429-022417.parquet,real_data_sample\l2_unseen_validation\trade_date=2026-07-17\exchange=NSE\symbol=ITC\part-062902_672429-022417.parquet,35352,downloaded,35352,
2026-07-17,NSE,ITC,raw_l2/trade_date=2026-07-17/exchange=NSE/symbol=ITC/part-063111_577069-022705.parquet,real_data_sample\l2_unseen_validation\trade_date=2026-07-17\exchange=NSE\symbol=ITC\part-063111_577069-022705.parquet,35744,downloaded,35744,
2026-07-17,NSE,ITC,raw_l2/trade_date=2026-07-17/exchange=NSE/symbol=ITC/part-063000_551280-022545.parquet,real_data_sample\l2_unseen_validation\trade_date=2026-07-17\exchange=NSE\symbol=ITC\part-063000_551280-022545.parquet,35515,downloaded,35515,
2026-07-17,NSE,ITC,raw_l2/trade_date=2026-07-17/exchange=NSE/symbol=ITC/part-063125_716801-022737.parquet,real_data_sample\l2_unseen_validation\trade_date=2026-07-17\exchange=NSE\symbol=ITC\part-063125_716801-022737.parquet,35273,downloaded,35273,
2026-07-17,NSE,ITC,raw_l2/trade_date=2026-07-17/exchange=NSE/symbol=ITC/part-062946_008117-022513.parquet,real_data_sample\l2_unseen_validation\trade_date=2026-07-17\exchange=NSE\symbol=ITC\part-062946_008117-022513.parquet,35717,downloaded,35717,
2026-07-17,NSE,ITC,raw_l2/trade_date=2026-07-17/exchange=NSE/symbol=ITC/part-063043_239029-022641.parquet,real_data_sample\l2_unseen_validation\trade_date=2026-07-17\exchange=NSE\symbol=ITC\part-063043_239029-022641.parquet,35614,downloaded,35614,
2026-07-17,NSE,ITC,raw_l2/trade_date=2026-07-17/exchange=NSE/symbol=ITC/part-063139_866718-022769.parquet,real_data_sample\l2_unseen_validation\trade_date=2026-07-17\exchange=NSE\symbol=ITC\part-063139_866718-022769.parquet,35831,downloaded,35831,
2026-07-17,NSE,ITC,raw_l2/trade_date=2026-07-17/exchange=NSE/symbol=ITC/part-062016_918292-021233.parquet,real_data_sample\l2_unseen_validation\trade_date=2026-07-17\exchange=NSE\symbol=ITC\part-062016_918292-021233.parquet,35490,downloaded,35490,
2026-07-17,NSE,ITC,raw_l2/trade_date=2026-07-17/exchange=NSE/symbol=ITC/part-063014_907235-022577.parquet,real_data_sample\l2_unseen_validation\trade_date=2026-07-17\exchange=NSE\symbol=ITC\part-063014_907235-022577.parquet,35620,downloaded,35620,
2026-07-17,NSE,ITC,raw_l2/trade_date=2026-07-17/exchange=NSE/symbol=ITC/part-062916_717695-022449.parquet,real_data_sample\l2_unseen_validation\trade_date=2026-07-17\exchange=NSE\symbol=ITC\part-062916_717695-022449.parquet,35932,downloaded,35932,
2026-07-17,NSE,ITC,raw_l2/trade_date=2026-07-17/exchange=NSE/symbol=ITC/part-062931_769842-022481.parquet,real_data_sample\l2_unseen_validation\trade_date=2026-07-17\exchange=NSE\symbol=ITC\part-062931_769842-022481.parquet,35990,downloaded,35990,
2026-07-17,NSE,ITC,raw_l2/trade_date=2026-07-17/exchange=NSE/symbol=ITC/part-063029_050536-022609.parquet,real_data_sample\l2_unseen_validation\trade_date=2026-07-17\exchange=NSE\symbol=ITC\part-063029_050536-022609.parquet,35510,downloaded,35510,
2026-07-17,NSE,ITC,raw_l2/trade_date=2026-07-17/exchange=NSE/symbol=ITC/part-063249_543507-022929.parquet,real_data_sample\l2_unseen_validation\trade_date=2026-07-17\exchange=NSE\symbol=ITC\part-063249_543507-022929.parquet,35557,downloaded,35557,
2026-07-17,NSE,ITC,raw_l2/trade_date=2026-07-17/exchange=NSE/symbol=ITC/part-063057_210644-022673.parquet,real_data_sample\l2_unseen_validation\trade_date=2026-07-17\exchange=NSE\symbol=ITC\part-063057_210644-022673.parquet,35563,downloaded,35563,
2026-07-17,NSE,ITC,raw_l2/trade_date=2026-07-17/exchange=NSE/symbol=ITC/part-063428_881383-023153.parquet,real_data_sample\l2_unseen_validation\trade_date=2026-07-17\exchange=NSE\symbol=ITC\part-063428_881383-023153.parquet,35461,downloaded,35461,
2026-07-17,NSE,ITC,raw_l2/trade_date=2026-07-17/exchange=NSE/symbol=ITC/part-063414_852792-023121.parquet,real_data_sample\l2_unseen_validation\trade_date=2026-07-17\exchange=NSE\symbol=ITC\part-063414_852792-023121.parquet,35521,downloaded,35521,
2026-07-17,NSE,ITC,raw_l2/trade_date=2026-07-17/exchange=NSE/symbol=ITC/part-063606_904813-023377.parquet,real_data_sample\l2_unseen_validation\trade_date=2026-07-17\exchange=NSE\symbol=ITC\part-063606_904813-023377.parquet,35760,downloaded,35760,
2026-07-17,NSE,ITC,raw_l2/trade_date=2026-07-17/exchange=NSE/symbol=ITC/part-063235_645498-022897.parquet,real_data_sample\l2_unseen_validation\trade_date=2026-07-17\exchange=NSE\symbol=ITC\part-063235_645498-022897.parquet,35840,downloaded,35840,
2026-07-17,NSE,ITC,raw_l2/trade_date=2026-07-17/exchange=NSE/symbol=ITC/part-063620_881813-023409.parquet,real_data_sample\l2_unseen_validation\trade_date=2026-07-17\exchange=NSE\symbol=ITC\part-063620_881813-023409.parquet,35681,downloaded,35681,
2026-07-17,NSE,ITC,raw_l2/trade_date=2026-07-17/exchange=NSE/symbol=ITC/part-063525_340868-023281.parquet,real_data_sample\l2_unseen_validation\trade_date=2026-07-17\exchange=NSE\symbol=ITC\part-063525_340868-023281.parquet,35625,downloaded,35625,
2026-07-17,NSE,ITC,raw_l2/trade_date=2026-07-17/exchange=NSE/symbol=ITC/part-063648_938681-023473.parquet,real_data_sample\l2_unseen_validation\trade_date=2026-07-17\exchange=NSE\symbol=ITC\part-063648_938681-023473.parquet,35400,downloaded,35400,
2026-07-17,NSE,ITC,raw_l2/trade_date=2026-07-17/exchange=NSE/symbol=ITC/part-063634_924643-023441.parquet,real_data_sample\l2_unseen_validation\trade_date=2026-07-17\exchange=NSE\symbol=ITC\part-063634_924643-023441.parquet,35860,downloaded,35860,
2026-07-17,NSE,ITC,raw_l2/trade_date=2026-07-17/exchange=NSE/symbol=ITC/part-063553_058454-023345.parquet,real_data_sample\l2_unseen_validation\trade_date=2026-07-17\exchange=NSE\symbol=ITC\part-063553_058454-023345.parquet,35791,downloaded,35791,
2026-07-17,NSE,ITC,raw_l2/trade_date=2026-07-17/exchange=NSE/symbol=ITC/part-063400_681476-023089.parquet,real_data_sample\l2_unseen_validation\trade_date=2026-07-17\exchange=NSE\symbol=ITC\part-063400_681476-023089.parquet,35405,downloaded,35405,
2026-07-17,NSE,ITC,raw_l2/trade_date=2026-07-17/exchange=NSE/symbol=ITC/part-063702_967335-023505.parquet,real_data_sample\l2_unseen_validation\trade_date=2026-07-17\exchange=NSE\symbol=ITC\part-063702_967335-023505.parquet,35679,downloaded,35679,
2026-07-17,NSE,ITC,raw_l2/trade_date=2026-07-17/exchange=NSE/symbol=ITC/part-063332_505058-023025.parquet,real_data_sample\l2_unseen_validation\trade_date=2026-07-17\exchange=NSE\symbol=ITC\part-063332_505058-023025.parquet,35972,downloaded,35972,
2026-07-17,NSE,ITC,raw_l2/trade_date=2026-07-17/exchange=NSE/symbol=ITC/part-063510_955716-023249.parquet,real_data_sample\l2_unseen_validation\trade_date=2026-07-17\exchange=NSE\symbol=ITC\part-063510_955716-023249.parquet,35751,downloaded,35751,
2026-07-17,NSE,ITC,raw_l2/trade_date=2026-07-17/exchange=NSE/symbol=ITC/part-063318_082826-022993.parquet,real_data_sample\l2_unseen_validation\trade_date=2026-07-17\exchange=NSE\symbol=ITC\part-063318_082826-022993.parquet,35873,downloaded,35873,
2026-07-17,NSE,ITC,raw_l2/trade_date=2026-07-17/exchange=NSE/symbol=ITC/part-063539_129608-023313.parquet,real_data_sample\l2_unseen_validation\trade_date=2026-07-17\exchange=NSE\symbol=ITC\part-063539_129608-023313.parquet,35812,downloaded,35812,
2026-07-17,NSE,ITC,raw_l2/trade_date=2026-07-17/exchange=NSE/symbol=ITC/part-063346_686661-023057.parquet,real_data_sample\l2_unseen_validation\trade_date=2026-07-17\exchange=NSE\symbol=ITC\part-063346_686661-023057.parquet,36048,downloaded,36048,
2026-07-17,NSE,ITC,raw_l2/trade_date=2026-07-17/exchange=NSE/symbol=ITC/part-063303_809411-022961.parquet,real_data_sample\l2_unseen_validation\trade_date=2026-07-17\exchange=NSE\symbol=ITC\part-063303_809411-022961.parquet,35727,downloaded,35727,
2026-07-17,NSE,ITC,raw_l2/trade_date=2026-07-17/exchange=NSE/symbol=ITC/part-063456_867668-023217.parquet,real_data_sample\l2_unseen_validation\trade_date=2026-07-17\exchange=NSE\symbol=ITC\part-063456_867668-023217.parquet,35624,downloaded,35624,
2026-07-17,NSE,ITC,raw_l2/trade_date=2026-07-17/exchange=NSE/symbol=ITC/part-063744_796503-023601.parquet,real_data_sample\l2_unseen_validation\trade_date=2026-07-17\exchange=NSE\symbol=ITC\part-063744_796503-023601.parquet,35770,downloaded,35770,
2026-07-17,NSE,ITC,raw_l2/trade_date=2026-07-17/exchange=NSE/symbol=ITC/part-061543_549415-020625.parquet,real_data_sample\l2_unseen_validation\trade_date=2026-07-17\exchange=NSE\symbol=ITC\part-061543_549415-020625.parquet,35507,downloaded,35507,
2026-07-17,NSE,ITC,raw_l2/trade_date=2026-07-17/exchange=NSE/symbol=ITC/part-063716_922253-023537.parquet,real_data_sample\l2_unseen_validation\trade_date=2026-07-17\exchange=NSE\symbol=ITC\part-063716_922253-023537.parquet,35520,downloaded,35520,
2026-07-17,NSE,ITC,raw_l2/trade_date=2026-07-17/exchange=NSE/symbol=ITC/part-063207_664998-022833.parquet,real_data_sample\l2_unseen_validation\trade_date=2026-07-17\exchange=NSE\symbol=ITC\part-063207_664998-022833.parquet,35829,downloaded,35829,
2026-07-17,NSE,ITC,raw_l2/trade_date=2026-07-17/exchange=NSE/symbol=ITC/part-063442_848832-023185.parquet,real_data_sample\l2_unseen_validation\trade_date=2026-07-17\exchange=NSE\symbol=ITC\part-063442_848832-023185.parquet,35413,downloaded,35413,
2026-07-17,NSE,ITC,raw_l2/trade_date=2026-07-17/exchange=NSE/symbol=ITC/part-063221_614061-022865.parquet,real_data_sample\l2_unseen_validation\trade_date=2026-07-17\exchange=NSE\symbol=ITC\part-063221_614061-022865.parquet,36123,downloaded,36123,
2026-07-17,NSE,ITC,raw_l2/trade_date=2026-07-17/exchange=NSE/symbol=ITC/part-062834_341849-022353.parquet,real_data_sample\l2_unseen_validation\trade_date=2026-07-17\exchange=NSE\symbol=ITC\part-062834_341849-022353.parquet,36009,downloaded,36009,
2026-07-17,NSE,ITC,raw_l2/trade_date=2026-07-17/exchange=NSE/symbol=ITC/part-063840_992113-023729.parquet,real_data_sample\l2_unseen_validation\trade_date=2026-07-17\exchange=NSE\symbol=ITC\part-063840_992113-023729.parquet,35438,downloaded,35438,
2026-07-17,NSE,ITC,raw_l2/trade_date=2026-07-17/exchange=NSE/symbol=ITC/part-063153_839137-022801.parquet,real_data_sample\l2_unseen_validation\trade_date=2026-07-17\exchange=NSE\symbol=ITC\part-063153_839137-022801.parquet,35823,downloaded,35823,
2026-07-17,NSE,ITC,raw_l2/trade_date=2026-07-17/exchange=NSE/symbol=ITC/part-063909_847323-023793.parquet,real_data_sample\l2_unseen_validation\trade_date=2026-07-17\exchange=NSE\symbol=ITC\part-063909_847323-023793.parquet,35976,downloaded,35976,
2026-07-17,NSE,ITC,raw_l2/trade_date=2026-07-17/exchange=NSE/symbol=ITC/part-064005_655367-023921.parquet,real_data_sample\l2_unseen_validation\trade_date=2026-07-17\exchange=NSE\symbol=ITC\part-064005_655367-023921.parquet,35806,downloaded,35806,
2026-07-17,NSE,ITC,raw_l2/trade_date=2026-07-17/exchange=NSE/symbol=ITC/part-064019_753334-023953.parquet,real_data_sample\l2_unseen_validation\trade_date=2026-07-17\exchange=NSE\symbol=ITC\part-064019_753334-023953.parquet,35930,downloaded,35930,
2026-07-17,NSE,ITC,raw_l2/trade_date=2026-07-17/exchange=NSE/symbol=ITC/part-064047_945854-024017.parquet,real_data_sample\l2_unseen_validation\trade_date=2026-07-17\exchange=NSE\symbol=ITC\part-064047_945854-024017.parquet,35477,downloaded,35477,
2026-07-17,NSE,ITC,raw_l2/trade_date=2026-07-17/exchange=NSE/symbol=ITC/part-063730_797489-023569.parquet,real_data_sample\l2_unseen_validation\trade_date=2026-07-17\exchange=NSE\symbol=ITC\part-063730_797489-023569.parquet,35831,downloaded,35831,
2026-07-17,NSE,ITC,raw_l2/trade_date=2026-07-17/exchange=NSE/symbol=ITC/part-063951_848667-023889.parquet,real_data_sample\l2_unseen_validation\trade_date=2026-07-17\exchange=NSE\symbol=ITC\part-063951_848667-023889.parquet,35661,downloaded,35661,
2026-07-17,NSE,ITC,raw_l2/trade_date=2026-07-17/exchange=NSE/symbol=ITC/part-064143_791020-024145.parquet,real_data_sample\l2_unseen_validation\trade_date=2026-07-17\exchange=NSE\symbol=ITC\part-064143_791020-024145.parquet,35512,downloaded,35512,
2026-07-17,NSE,ITC,raw_l2/trade_date=2026-07-17/exchange=NSE/symbol=ITC/part-063937_836396-023857.parquet,real_data_sample\l2_unseen_validation\trade_date=2026-07-17\exchange=NSE\symbol=ITC\part-063937_836396-023857.parquet,35595,downloaded,35595,
2026-07-17,NSE,ITC,raw_l2/trade_date=2026-07-17/exchange=NSE/symbol=ITC/part-063923_871902-023825.parquet,real_data_sample\l2_unseen_validation\trade_date=2026-07-17\exchange=NSE\symbol=ITC\part-063923_871902-023825.parquet,35576,downloaded,35576,
2026-07-17,NSE,ITC,raw_l2/trade_date=2026-07-17/exchange=NSE/symbol=ITC/part-064211_346307-024209.parquet,real_data_sample\l2_unseen_validation\trade_date=2026-07-17\exchange=NSE\symbol=ITC\part-064211_346307-024209.parquet,35961,downloaded,35961,
2026-07-17,NSE,ITC,raw_l2/trade_date=2026-07-17/exchange=NSE/symbol=ITC/part-064306_527660-024337.parquet,real_data_sample\l2_unseen_validation\trade_date=2026-07-17\exchange=NSE\symbol=ITC\part-064306_527660-024337.parquet,36209,downloaded,36209,
2026-07-17,NSE,ITC,raw_l2/trade_date=2026-07-17/exchange=NSE/symbol=ITC/part-064239_014997-024273.parquet,real_data_sample\l2_unseen_validation\trade_date=2026-07-17\exchange=NSE\symbol=ITC\part-064239_014997-024273.parquet,36122,downloaded,36122,
2026-07-17,NSE,ITC,raw_l2/trade_date=2026-07-17/exchange=NSE/symbol=ITC/part-064115_783441-024081.parquet,real_data_sample\l2_unseen_validation\trade_date=2026-07-17\exchange=NSE\symbol=ITC\part-064115_783441-024081.parquet,36136,downloaded,36136,
2026-07-17,NSE,ITC,raw_l2/trade_date=2026-07-17/exchange=NSE/symbol=ITC/part-064252_827571-024305.parquet,real_data_sample\l2_unseen_validation\trade_date=2026-07-17\exchange=NSE\symbol=ITC\part-064252_827571-024305.parquet,35842,downloaded,35842,
2026-07-17,NSE,ITC,raw_l2/trade_date=2026-07-17/exchange=NSE/symbol=ITC/part-064429_809588-024529.parquet,real_data_sample\l2_unseen_validation\trade_date=2026-07-17\exchange=NSE\symbol=ITC\part-064429_809588-024529.parquet,35436,downloaded,35436,
2026-07-17,NSE,ITC,raw_l2/trade_date=2026-07-17/exchange=NSE/symbol=ITC/part-064033_764848-023985.parquet,real_data_sample\l2_unseen_validation\trade_date=2026-07-17\exchange=NSE\symbol=ITC\part-064033_764848-023985.parquet,35906,downloaded,35906,
2026-07-17,NSE,ITC,raw_l2/trade_date=2026-07-17/exchange=NSE/symbol=ITC/part-064157_529735-024177.parquet,real_data_sample\l2_unseen_validation\trade_date=2026-07-17\exchange=NSE\symbol=ITC\part-064157_529735-024177.parquet,35524,downloaded,35524,
2026-07-17,NSE,ITC,raw_l2/trade_date=2026-07-17/exchange=NSE/symbol=ITC/part-064129_568693-024113.parquet,real_data_sample\l2_unseen_validation\trade_date=2026-07-17\exchange=NSE\symbol=ITC\part-064129_568693-024113.parquet,35585,downloaded,35585,
2026-07-17,NSE,ITC,raw_l2/trade_date=2026-07-17/exchange=NSE/symbol=ITC/part-064348_028687-024433.parquet,real_data_sample\l2_unseen_validation\trade_date=2026-07-17\exchange=NSE\symbol=ITC\part-064348_028687-024433.parquet,35906,downloaded,35906,
2026-07-17,NSE,ITC,raw_l2/trade_date=2026-07-17/exchange=NSE/symbol=ITC/part-064225_360394-024241.parquet,real_data_sample\l2_unseen_validation\trade_date=2026-07-17\exchange=NSE\symbol=ITC\part-064225_360394-024241.parquet,36081,downloaded,36081,
2026-07-17,NSE,ITC,raw_l2/trade_date=2026-07-17/exchange=NSE/symbol=ITC/part-064101_876111-024049.parquet,real_data_sample\l2_unseen_validation\trade_date=2026-07-17\exchange=NSE\symbol=ITC\part-064101_876111-024049.parquet,35550,downloaded,35550,
2026-07-17,NSE,ITC,raw_l2/trade_date=2026-07-17/exchange=NSE/symbol=ITC/part-064415_903226-024497.parquet,real_data_sample\l2_unseen_validation\trade_date=2026-07-17\exchange=NSE\symbol=ITC\part-064415_903226-024497.parquet,35706,downloaded,35706,
2026-07-17,NSE,ITC,raw_l2/trade_date=2026-07-17/exchange=NSE/symbol=ITC/part-063855_632272-023761.parquet,real_data_sample\l2_unseen_validation\trade_date=2026-07-17\exchange=NSE\symbol=ITC\part-063855_632272-023761.parquet,35472,downloaded,35472,
2026-07-17,NSE,ITC,raw_l2/trade_date=2026-07-17/exchange=NSE/symbol=ITC/part-064320_316403-024369.parquet,real_data_sample\l2_unseen_validation\trade_date=2026-07-17\exchange=NSE\symbol=ITC\part-064320_316403-024369.parquet,35768,downloaded,35768,
2026-07-17,NSE,ITC,raw_l2/trade_date=2026-07-17/exchange=NSE/symbol=ITC/part-063826_740173-023697.parquet,real_data_sample\l2_unseen_validation\trade_date=2026-07-17\exchange=NSE\symbol=ITC\part-063826_740173-023697.parquet,35398,downloaded,35398,
2026-07-17,NSE,ITC,raw_l2/trade_date=2026-07-17/exchange=NSE/symbol=ITC/part-063758_591054-023633.parquet,real_data_sample\l2_unseen_validation\trade_date=2026-07-17\exchange=NSE\symbol=ITC\part-063758_591054-023633.parquet,35707,downloaded,35707,
2026-07-17,NSE,ITC,raw_l2/trade_date=2026-07-17/exchange=NSE/symbol=ITC/part-063812_461136-023665.parquet,real_data_sample\l2_unseen_validation\trade_date=2026-07-17\exchange=NSE\symbol=ITC\part-063812_461136-023665.parquet,36181,downloaded,36181,
2026-07-17,NSE,ITC,raw_l2/trade_date=2026-07-17/exchange=NSE/symbol=ITC/part-064457_318151-024593.parquet,real_data_sample\l2_unseen_validation\trade_date=2026-07-17\exchange=NSE\symbol=ITC\part-064457_318151-024593.parquet,36002,downloaded,36002,
2026-07-17,NSE,ITC,raw_l2/trade_date=2026-07-17/exchange=NSE/symbol=ITC/part-064401_803785-024465.parquet,real_data_sample\l2_unseen_validation\trade_date=2026-07-17\exchange=NSE\symbol=ITC\part-064401_803785-024465.parquet,35550,downloaded,35550,
2026-07-17,NSE,ITC,raw_l2/trade_date=2026-07-17/exchange=NSE/symbol=ITC/part-064634_326131-024817.parquet,real_data_sample\l2_unseen_validation\trade_date=2026-07-17\exchange=NSE\symbol=ITC\part-064634_326131-024817.parquet,35783,downloaded,35783,
2026-07-17,NSE,ITC,raw_l2/trade_date=2026-07-17/exchange=NSE/symbol=ITC/part-064757_777677-025009.parquet,real_data_sample\l2_unseen_validation\trade_date=2026-07-17\exchange=NSE\symbol=ITC\part-064757_777677-025009.parquet,35573,downloaded,35573,
2026-07-17,NSE,ITC,raw_l2/trade_date=2026-07-17/exchange=NSE/symbol=ITC/part-064525_384631-024657.parquet,real_data_sample\l2_unseen_validation\trade_date=2026-07-17\exchange=NSE\symbol=ITC\part-064525_384631-024657.parquet,35581,downloaded,35581,
2026-07-17,NSE,ITC,raw_l2/trade_date=2026-07-17/exchange=NSE/symbol=ITC/part-064702_303910-024881.parquet,real_data_sample\l2_unseen_validation\trade_date=2026-07-17\exchange=NSE\symbol=ITC\part-064702_303910-024881.parquet,35990,downloaded,35990,
2026-07-17,NSE,ITC,raw_l2/trade_date=2026-07-17/exchange=NSE/symbol=ITC/part-064853_297973-025137.parquet,real_data_sample\l2_unseen_validation\trade_date=2026-07-17\exchange=NSE\symbol=ITC\part-064853_297973-025137.parquet,35701,downloaded,35701,
2026-07-17,NSE,ITC,raw_l2/trade_date=2026-07-17/exchange=NSE/symbol=ITC/part-064539_318436-024689.parquet,real_data_sample\l2_unseen_validation\trade_date=2026-07-17\exchange=NSE\symbol=ITC\part-064539_318436-024689.parquet,35712,downloaded,35712,
2026-07-17,NSE,ITC,raw_l2/trade_date=2026-07-17/exchange=NSE/symbol=ITC/part-064934_854805-025233.parquet,real_data_sample\l2_unseen_validation\trade_date=2026-07-17\exchange=NSE\symbol=ITC\part-064934_854805-025233.parquet,35638,downloaded,35638,
2026-07-17,NSE,ITC,raw_l2/trade_date=2026-07-17/exchange=NSE/symbol=ITC/part-064825_653614-025073.parquet,real_data_sample\l2_unseen_validation\trade_date=2026-07-17\exchange=NSE\symbol=ITC\part-064825_653614-025073.parquet,35731,downloaded,35731,
2026-07-17,NSE,ITC,raw_l2/trade_date=2026-07-17/exchange=NSE/symbol=ITC/part-064921_047933-025201.parquet,real_data_sample\l2_unseen_validation\trade_date=2026-07-17\exchange=NSE\symbol=ITC\part-064921_047933-025201.parquet,36049,downloaded,36049,
2026-07-17,NSE,ITC,raw_l2/trade_date=2026-07-17/exchange=NSE/symbol=ITC/part-064811_783272-025041.parquet,real_data_sample\l2_unseen_validation\trade_date=2026-07-17\exchange=NSE\symbol=ITC\part-064811_783272-025041.parquet,35434,downloaded,35434,
2026-07-17,NSE,ITC,raw_l2/trade_date=2026-07-17/exchange=NSE/symbol=ITC/part-065002_935243-025297.parquet,real_data_sample\l2_unseen_validation\trade_date=2026-07-17\exchange=NSE\symbol=ITC\part-065002_935243-025297.parquet,35828,downloaded,35828,
2026-07-17,NSE,ITC,raw_l2/trade_date=2026-07-17/exchange=NSE/symbol=ITC/part-064553_001423-024721.parquet,real_data_sample\l2_unseen_validation\trade_date=2026-07-17\exchange=NSE\symbol=ITC\part-064553_001423-024721.parquet,35376,downloaded,35376,
2026-07-17,NSE,ITC,raw_l2/trade_date=2026-07-17/exchange=NSE/symbol=ITC/part-064606_729966-024753.parquet,real_data_sample\l2_unseen_validation\trade_date=2026-07-17\exchange=NSE\symbol=ITC\part-064606_729966-024753.parquet,35584,downloaded,35584,
2026-07-17,NSE,ITC,raw_l2/trade_date=2026-07-17/exchange=NSE/symbol=ITC/part-064907_134937-025169.parquet,real_data_sample\l2_unseen_validation\trade_date=2026-07-17\exchange=NSE\symbol=ITC\part-064907_134937-025169.parquet,35715,downloaded,35715,
2026-07-17,NSE,ITC,raw_l2/trade_date=2026-07-17/exchange=NSE/symbol=ITC/part-065140_880933-025521.parquet,real_data_sample\l2_unseen_validation\trade_date=2026-07-17\exchange=NSE\symbol=ITC\part-065140_880933-025521.parquet,36020,downloaded,36020,
2026-07-17,NSE,ITC,raw_l2/trade_date=2026-07-17/exchange=NSE/symbol=ITC/part-064839_535456-025105.parquet,real_data_sample\l2_unseen_validation\trade_date=2026-07-17\exchange=NSE\symbol=ITC\part-064839_535456-025105.parquet,35871,downloaded,35871,
2026-07-17,NSE,ITC,raw_l2/trade_date=2026-07-17/exchange=NSE/symbol=ITC/part-064730_078090-024945.parquet,real_data_sample\l2_unseen_validation\trade_date=2026-07-17\exchange=NSE\symbol=ITC\part-064730_078090-024945.parquet,35803,downloaded,35803,
2026-07-17,NSE,ITC,raw_l2/trade_date=2026-07-17/exchange=NSE/symbol=ITC/part-064716_332125-024913.parquet,real_data_sample\l2_unseen_validation\trade_date=2026-07-17\exchange=NSE\symbol=ITC\part-064716_332125-024913.parquet,35635,downloaded,35635,
2026-07-17,NSE,ITC,raw_l2/trade_date=2026-07-17/exchange=NSE/symbol=ITC/part-064744_050141-024977.parquet,real_data_sample\l2_unseen_validation\trade_date=2026-07-17\exchange=NSE\symbol=ITC\part-064744_050141-024977.parquet,35742,downloaded,35742,
2026-07-17,NSE,ITC,raw_l2/trade_date=2026-07-17/exchange=NSE/symbol=ITC/part-065016_812180-025329.parquet,real_data_sample\l2_unseen_validation\trade_date=2026-07-17\exchange=NSE\symbol=ITC\part-065016_812180-025329.parquet,35934,downloaded,35934,
2026-07-17,NSE,ITC,raw_l2/trade_date=2026-07-17/exchange=NSE/symbol=ITC/part-065044_757059-025393.parquet,real_data_sample\l2_unseen_validation\trade_date=2026-07-17\exchange=NSE\symbol=ITC\part-065044_757059-025393.parquet,36002,downloaded,36002,
2026-07-17,NSE,ITC,raw_l2/trade_date=2026-07-17/exchange=NSE/symbol=ITC/part-064511_377599-024625.parquet,real_data_sample\l2_unseen_validation\trade_date=2026-07-17\exchange=NSE\symbol=ITC\part-064511_377599-024625.parquet,35842,downloaded,35842,
2026-07-17,NSE,ITC,raw_l2/trade_date=2026-07-17/exchange=NSE/symbol=ITC/part-064948_836283-025265.parquet,real_data_sample\l2_unseen_validation\trade_date=2026-07-17\exchange=NSE\symbol=ITC\part-064948_836283-025265.parquet,35377,downloaded,35377,
2026-07-17,NSE,ITC,raw_l2/trade_date=2026-07-17/exchange=NSE/symbol=ITC/part-064648_323019-024849.parquet,real_data_sample\l2_unseen_validation\trade_date=2026-07-17\exchange=NSE\symbol=ITC\part-064648_323019-024849.parquet,35958,downloaded,35958,
2026-07-17,NSE,ITC,raw_l2/trade_date=2026-07-17/exchange=NSE/symbol=ITC/part-065209_031240-025585.parquet,real_data_sample\l2_unseen_validation\trade_date=2026-07-17\exchange=NSE\symbol=ITC\part-065209_031240-025585.parquet,35856,downloaded,35856,
2026-07-17,NSE,ITC,raw_l2/trade_date=2026-07-17/exchange=NSE/symbol=ITC/part-065126_865193-025489.parquet,real_data_sample\l2_unseen_validation\trade_date=2026-07-17\exchange=NSE\symbol=ITC\part-065126_865193-025489.parquet,35575,downloaded,35575,
2026-07-17,NSE,ITC,raw_l2/trade_date=2026-07-17/exchange=NSE/symbol=ITC/part-064620_573312-024785.parquet,real_data_sample\l2_unseen_validation\trade_date=2026-07-17\exchange=NSE\symbol=ITC\part-064620_573312-024785.parquet,35659,downloaded,35659,
2026-07-17,NSE,ITC,raw_l2/trade_date=2026-07-17/exchange=NSE/symbol=ITC/part-065319_483240-025745.parquet,real_data_sample\l2_unseen_validation\trade_date=2026-07-17\exchange=NSE\symbol=ITC\part-065319_483240-025745.parquet,36152,downloaded,36152,
2026-07-17,NSE,ITC,raw_l2/trade_date=2026-07-17/exchange=NSE/symbol=ITC/part-065237_229451-025649.parquet,real_data_sample\l2_unseen_validation\trade_date=2026-07-17\exchange=NSE\symbol=ITC\part-065237_229451-025649.parquet,36014,downloaded,36014,
2026-07-17,NSE,ITC,raw_l2/trade_date=2026-07-17/exchange=NSE/symbol=ITC/part-065251_372368-025681.parquet,real_data_sample\l2_unseen_validation\trade_date=2026-07-17\exchange=NSE\symbol=ITC\part-065251_372368-025681.parquet,35763,downloaded,35763,
2026-07-17,NSE,ITC,raw_l2/trade_date=2026-07-17/exchange=NSE/symbol=ITC/part-065305_508783-025713.parquet,real_data_sample\l2_unseen_validation\trade_date=2026-07-17\exchange=NSE\symbol=ITC\part-065305_508783-025713.parquet,36302,downloaded,36302,
2026-07-17,NSE,ITC,raw_l2/trade_date=2026-07-17/exchange=NSE/symbol=ITC/part-065223_160972-025617.parquet,real_data_sample\l2_unseen_validation\trade_date=2026-07-17\exchange=NSE\symbol=ITC\part-065223_160972-025617.parquet,35473,downloaded,35473,
2026-07-17,NSE,ITC,raw_l2/trade_date=2026-07-17/exchange=NSE/symbol=ITC/part-065525_687830-026033.parquet,real_data_sample\l2_unseen_validation\trade_date=2026-07-17\exchange=NSE\symbol=ITC\part-065525_687830-026033.parquet,35612,downloaded,35612,
2026-07-17,NSE,ITC,raw_l2/trade_date=2026-07-17/exchange=NSE/symbol=ITC/part-065333_352558-025777.parquet,real_data_sample\l2_unseen_validation\trade_date=2026-07-17\exchange=NSE\symbol=ITC\part-065333_352558-025777.parquet,36126,downloaded,36126,
2026-07-17,NSE,ITC,raw_l2/trade_date=2026-07-17/exchange=NSE/symbol=ITC/part-065511_674555-026001.parquet,real_data_sample\l2_unseen_validation\trade_date=2026-07-17\exchange=NSE\symbol=ITC\part-065511_674555-026001.parquet,35256,downloaded,35256,
2026-07-17,NSE,ITC,raw_l2/trade_date=2026-07-17/exchange=NSE/symbol=ITC/part-065415_361740-025873.parquet,real_data_sample\l2_unseen_validation\trade_date=2026-07-17\exchange=NSE\symbol=ITC\part-065415_361740-025873.parquet,36322,downloaded,36322,
2026-07-17,NSE,ITC,raw_l2/trade_date=2026-07-17/exchange=NSE/symbol=ITC/part-065443_416555-025937.parquet,real_data_sample\l2_unseen_validation\trade_date=2026-07-17\exchange=NSE\symbol=ITC\part-065443_416555-025937.parquet,35665,downloaded,35665,
2026-07-17,NSE,ITC,raw_l2/trade_date=2026-07-17/exchange=NSE/symbol=ITC/part-065401_268525-025841.parquet,real_data_sample\l2_unseen_validation\trade_date=2026-07-17\exchange=NSE\symbol=ITC\part-065401_268525-025841.parquet,35738,downloaded,35738,
2026-07-17,NSE,ITC,raw_l2/trade_date=2026-07-17/exchange=NSE/symbol=ITC/part-065347_148275-025809.parquet,real_data_sample\l2_unseen_validation\trade_date=2026-07-17\exchange=NSE\symbol=ITC\part-065347_148275-025809.parquet,35898,downloaded,35898,
2026-07-17,NSE,ITC,raw_l2/trade_date=2026-07-17/exchange=NSE/symbol=ITC/part-065457_566217-025969.parquet,real_data_sample\l2_unseen_validation\trade_date=2026-07-17\exchange=NSE\symbol=ITC\part-065457_566217-025969.parquet,35680,downloaded,35680,
2026-07-17,NSE,ITC,raw_l2/trade_date=2026-07-17/exchange=NSE/symbol=ITC/part-065429_376461-025905.parquet,real_data_sample\l2_unseen_validation\trade_date=2026-07-17\exchange=NSE\symbol=ITC\part-065429_376461-025905.parquet,35776,downloaded,35776,
2026-07-17,NSE,ITC,raw_l2/trade_date=2026-07-17/exchange=NSE/symbol=ITC/part-065030_528569-025361.parquet,real_data_sample\l2_unseen_validation\trade_date=2026-07-17\exchange=NSE\symbol=ITC\part-065030_528569-025361.parquet,35695,downloaded,35695,
2026-07-17,NSE,ITC,raw_l2/trade_date=2026-07-17/exchange=NSE/symbol=ITC/part-065112_804585-025457.parquet,real_data_sample\l2_unseen_validation\trade_date=2026-07-17\exchange=NSE\symbol=ITC\part-065112_804585-025457.parquet,36015,downloaded,36015,
2026-07-17,NSE,ITC,raw_l2/trade_date=2026-07-17/exchange=NSE/symbol=ITC/part-065058_810142-025425.parquet,real_data_sample\l2_unseen_validation\trade_date=2026-07-17\exchange=NSE\symbol=ITC\part-065058_810142-025425.parquet,35671,downloaded,35671,
2026-07-17,NSE,ITC,raw_l2/trade_date=2026-07-17/exchange=NSE/symbol=ITC/part-065553_887602-026097.parquet,real_data_sample\l2_unseen_validation\trade_date=2026-07-17\exchange=NSE\symbol=ITC\part-065553_887602-026097.parquet,35643,downloaded,35643,
2026-07-17,NSE,ITC,raw_l2/trade_date=2026-07-17/exchange=NSE/symbol=ITC/part-064443_532948-024561.parquet,real_data_sample\l2_unseen_validation\trade_date=2026-07-17\exchange=NSE\symbol=ITC\part-064443_532948-024561.parquet,35345,downloaded,35345,
2026-07-17,NSE,ITC,raw_l2/trade_date=2026-07-17/exchange=NSE/symbol=ITC/part-065539_971664-026065.parquet,real_data_sample\l2_unseen_validation\trade_date=2026-07-17\exchange=NSE\symbol=ITC\part-065539_971664-026065.parquet,35306,downloaded,35306,
2026-07-17,NSE,ITC,raw_l2/trade_date=2026-07-17/exchange=NSE/symbol=ITC/part-065621_981593-026161.parquet,real_data_sample\l2_unseen_validation\trade_date=2026-07-17\exchange=NSE\symbol=ITC\part-065621_981593-026161.parquet,35599,downloaded,35599,
2026-07-17,NSE,ITC,raw_l2/trade_date=2026-07-17/exchange=NSE/symbol=ITC/part-065607_921557-026129.parquet,real_data_sample\l2_unseen_validation\trade_date=2026-07-17\exchange=NSE\symbol=ITC\part-065607_921557-026129.parquet,35756,downloaded,35756,
2026-07-17,NSE,ITC,raw_l2/trade_date=2026-07-17/exchange=NSE/symbol=ITC/part-065717_882897-026289.parquet,real_data_sample\l2_unseen_validation\trade_date=2026-07-17\exchange=NSE\symbol=ITC\part-065717_882897-026289.parquet,35786,downloaded,35786,
2026-07-17,NSE,ITC,raw_l2/trade_date=2026-07-17/exchange=NSE/symbol=ITC/part-065732_052845-026321.parquet,real_data_sample\l2_unseen_validation\trade_date=2026-07-17\exchange=NSE\symbol=ITC\part-065732_052845-026321.parquet,35739,downloaded,35739,
2026-07-17,NSE,ITC,raw_l2/trade_date=2026-07-17/exchange=NSE/symbol=ITC/part-065635_912443-026193.parquet,real_data_sample\l2_unseen_validation\trade_date=2026-07-17\exchange=NSE\symbol=ITC\part-065635_912443-026193.parquet,35575,downloaded,35575,
2026-07-17,NSE,ITC,raw_l2/trade_date=2026-07-17/exchange=NSE/symbol=ITC/part-065154_930203-025553.parquet,real_data_sample\l2_unseen_validation\trade_date=2026-07-17\exchange=NSE\symbol=ITC\part-065154_930203-025553.parquet,35762,downloaded,35762,
2026-07-17,NSE,ITC,raw_l2/trade_date=2026-07-17/exchange=NSE/symbol=ITC/part-065745_995264-026353.parquet,real_data_sample\l2_unseen_validation\trade_date=2026-07-17\exchange=NSE\symbol=ITC\part-065745_995264-026353.parquet,35587,downloaded,35587,
2026-07-17,NSE,ITC,raw_l2/trade_date=2026-07-17/exchange=NSE/symbol=ITC/part-065649_927332-026225.parquet,real_data_sample\l2_unseen_validation\trade_date=2026-07-17\exchange=NSE\symbol=ITC\part-065649_927332-026225.parquet,35778,downloaded,35778,
2026-07-17,NSE,ITC,raw_l2/trade_date=2026-07-17/exchange=NSE/symbol=ITC/part-064334_295133-024401.parquet,real_data_sample\l2_unseen_validation\trade_date=2026-07-17\exchange=NSE\symbol=ITC\part-064334_295133-024401.parquet,36063,downloaded,36063,
2026-07-17,NSE,ITC,raw_l2/trade_date=2026-07-17/exchange=NSE/symbol=ITC/part-065940_957777-026609.parquet,real_data_sample\l2_unseen_validation\trade_date=2026-07-17\exchange=NSE\symbol=ITC\part-065940_957777-026609.parquet,36315,downloaded,36315,
2026-07-17,NSE,ITC,raw_l2/trade_date=2026-07-17/exchange=NSE/symbol=ITC/part-065857_503407-026513.parquet,real_data_sample\l2_unseen_validation\trade_date=2026-07-17\exchange=NSE\symbol=ITC\part-065857_503407-026513.parquet,35619,downloaded,35619,
2026-07-17,NSE,ITC,raw_l2/trade_date=2026-07-17/exchange=NSE/symbol=ITC/part-065843_313603-026481.parquet,real_data_sample\l2_unseen_validation\trade_date=2026-07-17\exchange=NSE\symbol=ITC\part-065843_313603-026481.parquet,35555,downloaded,35555,
2026-07-17,NSE,ITC,raw_l2/trade_date=2026-07-17/exchange=NSE/symbol=ITC/part-065926_227128-026577.parquet,real_data_sample\l2_unseen_validation\trade_date=2026-07-17\exchange=NSE\symbol=ITC\part-065926_227128-026577.parquet,35737,downloaded,35737,
2026-07-17,NSE,ITC,raw_l2/trade_date=2026-07-17/exchange=NSE/symbol=ITC/part-065828_868004-026449.parquet,real_data_sample\l2_unseen_validation\trade_date=2026-07-17\exchange=NSE\symbol=ITC\part-065828_868004-026449.parquet,35670,downloaded,35670,
2026-07-17,NSE,ITC,raw_l2/trade_date=2026-07-17/exchange=NSE/symbol=ITC/part-065911_721241-026545.parquet,real_data_sample\l2_unseen_validation\trade_date=2026-07-17\exchange=NSE\symbol=ITC\part-065911_721241-026545.parquet,35779,downloaded,35779,
2026-07-17,NSE,ITC,raw_l2/trade_date=2026-07-17/exchange=NSE/symbol=ITC/part-070123_243477-026833.parquet,real_data_sample\l2_unseen_validation\trade_date=2026-07-17\exchange=NSE\symbol=ITC\part-070123_243477-026833.parquet,35996,downloaded,35996,
2026-07-17,NSE,ITC,raw_l2/trade_date=2026-07-17/exchange=NSE/symbol=ITC/part-070024_794509-026705.parquet,real_data_sample\l2_unseen_validation\trade_date=2026-07-17\exchange=NSE\symbol=ITC\part-070024_794509-026705.parquet,35787,downloaded,35787,
2026-07-17,NSE,ITC,raw_l2/trade_date=2026-07-17/exchange=NSE/symbol=ITC/part-065703_855403-026257.parquet,real_data_sample\l2_unseen_validation\trade_date=2026-07-17\exchange=NSE\symbol=ITC\part-065703_855403-026257.parquet,35763,downloaded,35763,
2026-07-17,NSE,ITC,raw_l2/trade_date=2026-07-17/exchange=NSE/symbol=ITC/part-070039_007760-026737.parquet,real_data_sample\l2_unseen_validation\trade_date=2026-07-17\exchange=NSE\symbol=ITC\part-070039_007760-026737.parquet,35704,downloaded,35704,
2026-07-17,NSE,ITC,raw_l2/trade_date=2026-07-17/exchange=NSE/symbol=ITC/part-070137_845562-026865.parquet,real_data_sample\l2_unseen_validation\trade_date=2026-07-17\exchange=NSE\symbol=ITC\part-070137_845562-026865.parquet,35753,downloaded,35753,
2026-07-17,NSE,ITC,raw_l2/trade_date=2026-07-17/exchange=NSE/symbol=ITC/part-070108_485589-026801.parquet,real_data_sample\l2_unseen_validation\trade_date=2026-07-17\exchange=NSE\symbol=ITC\part-070108_485589-026801.parquet,35736,downloaded,35736,
2026-07-17,NSE,ITC,raw_l2/trade_date=2026-07-17/exchange=NSE/symbol=ITC/part-070010_246760-026673.parquet,real_data_sample\l2_unseen_validation\trade_date=2026-07-17\exchange=NSE\symbol=ITC\part-070010_246760-026673.parquet,35622,downloaded,35622,
2026-07-17,NSE,ITC,raw_l2/trade_date=2026-07-17/exchange=NSE/symbol=ITC/part-070053_759928-026769.parquet,real_data_sample\l2_unseen_validation\trade_date=2026-07-17\exchange=NSE\symbol=ITC\part-070053_759928-026769.parquet,35360,downloaded,35360,
2026-07-17,NSE,ITC,raw_l2/trade_date=2026-07-17/exchange=NSE/symbol=ITC/part-070236_907588-026993.parquet,real_data_sample\l2_unseen_validation\trade_date=2026-07-17\exchange=NSE\symbol=ITC\part-070236_907588-026993.parquet,35534,downloaded,35534,
2026-07-17,NSE,ITC,raw_l2/trade_date=2026-07-17/exchange=NSE/symbol=ITC/part-070306_423364-027057.parquet,real_data_sample\l2_unseen_validation\trade_date=2026-07-17\exchange=NSE\symbol=ITC\part-070306_423364-027057.parquet,36112,downloaded,36112,
2026-07-17,NSE,ITC,raw_l2/trade_date=2026-07-17/exchange=NSE/symbol=ITC/part-065955_548700-026641.parquet,real_data_sample\l2_unseen_validation\trade_date=2026-07-17\exchange=NSE\symbol=ITC\part-065955_548700-026641.parquet,35380,downloaded,35380,
2026-07-17,NSE,ITC,raw_l2/trade_date=2026-07-17/exchange=NSE/symbol=ITC/part-070446_968348-027281.parquet,real_data_sample\l2_unseen_validation\trade_date=2026-07-17\exchange=NSE\symbol=ITC\part-070446_968348-027281.parquet,35361,downloaded,35361,
2026-07-17,NSE,ITC,raw_l2/trade_date=2026-07-17/exchange=NSE/symbol=ITC/part-070335_583768-027121.parquet,real_data_sample\l2_unseen_validation\trade_date=2026-07-17\exchange=NSE\symbol=ITC\part-070335_583768-027121.parquet,35717,downloaded,35717,
2026-07-17,NSE,ITC,raw_l2/trade_date=2026-07-17/exchange=NSE/symbol=ITC/part-070404_400544-027185.parquet,real_data_sample\l2_unseen_validation\trade_date=2026-07-17\exchange=NSE\symbol=ITC\part-070404_400544-027185.parquet,35647,downloaded,35647,
2026-07-17,NSE,ITC,raw_l2/trade_date=2026-07-17/exchange=NSE/symbol=ITC/part-070321_224338-027089.parquet,real_data_sample\l2_unseen_validation\trade_date=2026-07-17\exchange=NSE\symbol=ITC\part-070321_224338-027089.parquet,35968,downloaded,35968,
2026-07-17,NSE,ITC,raw_l2/trade_date=2026-07-17/exchange=NSE/symbol=ITC/part-070349_852420-027153.parquet,real_data_sample\l2_unseen_validation\trade_date=2026-07-17\exchange=NSE\symbol=ITC\part-070349_852420-027153.parquet,35942,downloaded,35942,
2026-07-17,NSE,ITC,raw_l2/trade_date=2026-07-17/exchange=NSE/symbol=ITC/part-070418_594737-027217.parquet,real_data_sample\l2_unseen_validation\trade_date=2026-07-17\exchange=NSE\symbol=ITC\part-070418_594737-027217.parquet,35710,downloaded,35710,
2026-07-17,NSE,ITC,raw_l2/trade_date=2026-07-17/exchange=NSE/symbol=ITC/part-070501_584566-027313.parquet,real_data_sample\l2_unseen_validation\trade_date=2026-07-17\exchange=NSE\symbol=ITC\part-070501_584566-027313.parquet,35491,downloaded,35491,
2026-07-17,NSE,ITC,raw_l2/trade_date=2026-07-17/exchange=NSE/symbol=ITC/part-065800_262136-026385.parquet,real_data_sample\l2_unseen_validation\trade_date=2026-07-17\exchange=NSE\symbol=ITC\part-065800_262136-026385.parquet,36164,downloaded,36164,
2026-07-17,NSE,ITC,raw_l2/trade_date=2026-07-17/exchange=NSE/symbol=ITC/part-065814_508878-026417.parquet,real_data_sample\l2_unseen_validation\trade_date=2026-07-17\exchange=NSE\symbol=ITC\part-065814_508878-026417.parquet,35467,downloaded,35467,
2026-07-17,NSE,ITC,raw_l2/trade_date=2026-07-17/exchange=NSE/symbol=ITC/part-070222_079712-026961.parquet,real_data_sample\l2_unseen_validation\trade_date=2026-07-17\exchange=NSE\symbol=ITC\part-070222_079712-026961.parquet,35429,downloaded,35429,
2026-07-17,NSE,ITC,raw_l2/trade_date=2026-07-17/exchange=NSE/symbol=ITC/part-070628_114609-027505.parquet,real_data_sample\l2_unseen_validation\trade_date=2026-07-17\exchange=NSE\symbol=ITC\part-070628_114609-027505.parquet,36160,downloaded,36160,
2026-07-17,NSE,ITC,raw_l2/trade_date=2026-07-17/exchange=NSE/symbol=ITC/part-070559_285726-027441.parquet,real_data_sample\l2_unseen_validation\trade_date=2026-07-17\exchange=NSE\symbol=ITC\part-070559_285726-027441.parquet,35722,downloaded,35722,
2026-07-17,NSE,ITC,raw_l2/trade_date=2026-07-17/exchange=NSE/symbol=ITC/part-070530_704415-027377.parquet,real_data_sample\l2_unseen_validation\trade_date=2026-07-17\exchange=NSE\symbol=ITC\part-070530_704415-027377.parquet,35648,downloaded,35648,
2026-07-17,NSE,ITC,raw_l2/trade_date=2026-07-17/exchange=NSE/symbol=ITC/part-070642_495653-027537.parquet,real_data_sample\l2_unseen_validation\trade_date=2026-07-17\exchange=NSE\symbol=ITC\part-070642_495653-027537.parquet,35934,downloaded,35934,
2026-07-17,NSE,ITC,raw_l2/trade_date=2026-07-17/exchange=NSE/symbol=ITC/part-070545_094549-027409.parquet,real_data_sample\l2_unseen_validation\trade_date=2026-07-17\exchange=NSE\symbol=ITC\part-070545_094549-027409.parquet,35305,downloaded,35305,
2026-07-17,NSE,ITC,raw_l2/trade_date=2026-07-17/exchange=NSE/symbol=ITC/part-070613_705086-027473.parquet,real_data_sample\l2_unseen_validation\trade_date=2026-07-17\exchange=NSE\symbol=ITC\part-070613_705086-027473.parquet,36016,downloaded,36016,
2026-07-17,NSE,ITC,raw_l2/trade_date=2026-07-17/exchange=NSE/symbol=ITC/part-070711_029762-027601.parquet,real_data_sample\l2_unseen_validation\trade_date=2026-07-17\exchange=NSE\symbol=ITC\part-070711_029762-027601.parquet,35500,downloaded,35500,
2026-07-17,NSE,ITC,raw_l2/trade_date=2026-07-17/exchange=NSE/symbol=ITC/part-070656_762365-027569.parquet,real_data_sample\l2_unseen_validation\trade_date=2026-07-17\exchange=NSE\symbol=ITC\part-070656_762365-027569.parquet,35767,downloaded,35767,
2026-07-17,NSE,ITC,raw_l2/trade_date=2026-07-17/exchange=NSE/symbol=ITC/part-070739_460569-027665.parquet,real_data_sample\l2_unseen_validation\trade_date=2026-07-17\exchange=NSE\symbol=ITC\part-070739_460569-027665.parquet,35741,downloaded,35741,
2026-07-17,NSE,ITC,raw_l2/trade_date=2026-07-17/exchange=NSE/symbol=ITC/part-070753_668956-027697.parquet,real_data_sample\l2_unseen_validation\trade_date=2026-07-17\exchange=NSE\symbol=ITC\part-070753_668956-027697.parquet,35936,downloaded,35936,
2026-07-17,NSE,ITC,raw_l2/trade_date=2026-07-17/exchange=NSE/symbol=ITC/part-070807_683193-027729.parquet,real_data_sample\l2_unseen_validation\trade_date=2026-07-17\exchange=NSE\symbol=ITC\part-070807_683193-027729.parquet,35524,downloaded,35524,
2026-07-17,NSE,ITC,raw_l2/trade_date=2026-07-17/exchange=NSE/symbol=ITC/part-070432_713850-027249.parquet,real_data_sample\l2_unseen_validation\trade_date=2026-07-17\exchange=NSE\symbol=ITC\part-070432_713850-027249.parquet,35458,downloaded,35458,
2026-07-17,NSE,ITC,raw_l2/trade_date=2026-07-17/exchange=NSE/symbol=ITC/part-070207_292508-026929.parquet,real_data_sample\l2_unseen_validation\trade_date=2026-07-17\exchange=NSE\symbol=ITC\part-070207_292508-026929.parquet,35558,downloaded,35558,
2026-07-17,NSE,ITC,raw_l2/trade_date=2026-07-17/exchange=NSE/symbol=ITC/part-070152_991332-026897.parquet,real_data_sample\l2_unseen_validation\trade_date=2026-07-17\exchange=NSE\symbol=ITC\part-070152_991332-026897.parquet,35877,downloaded,35877,
2026-07-17,NSE,ITC,raw_l2/trade_date=2026-07-17/exchange=NSE/symbol=ITC/part-070251_542801-027025.parquet,real_data_sample\l2_unseen_validation\trade_date=2026-07-17\exchange=NSE\symbol=ITC\part-070251_542801-027025.parquet,35652,downloaded,35652,
2026-07-17,NSE,ITC,raw_l2/trade_date=2026-07-17/exchange=NSE/symbol=ITC/part-070933_928319-027921.parquet,real_data_sample\l2_unseen_validation\trade_date=2026-07-17\exchange=NSE\symbol=ITC\part-070933_928319-027921.parquet,35931,downloaded,35931,
2026-07-17,NSE,ITC,raw_l2/trade_date=2026-07-17/exchange=NSE/symbol=ITC/part-070948_523166-027953.parquet,real_data_sample\l2_unseen_validation\trade_date=2026-07-17\exchange=NSE\symbol=ITC\part-070948_523166-027953.parquet,36094,downloaded,36094,
2026-07-17,NSE,ITC,raw_l2/trade_date=2026-07-17/exchange=NSE/symbol=ITC/part-071002_750732-027985.parquet,real_data_sample\l2_unseen_validation\trade_date=2026-07-17\exchange=NSE\symbol=ITC\part-071002_750732-027985.parquet,35870,downloaded,35870,
2026-07-17,NSE,ITC,raw_l2/trade_date=2026-07-17/exchange=NSE/symbol=ITC/part-071045_265441-028081.parquet,real_data_sample\l2_unseen_validation\trade_date=2026-07-17\exchange=NSE\symbol=ITC\part-071045_265441-028081.parquet,35867,downloaded,35867,
2026-07-17,NSE,ITC,raw_l2/trade_date=2026-07-17/exchange=NSE/symbol=ITC/part-071059_945802-028113.parquet,real_data_sample\l2_unseen_validation\trade_date=2026-07-17\exchange=NSE\symbol=ITC\part-071059_945802-028113.parquet,35967,downloaded,35967,
2026-07-17,NSE,ITC,raw_l2/trade_date=2026-07-17/exchange=NSE/symbol=ITC/part-070905_016412-027857.parquet,real_data_sample\l2_unseen_validation\trade_date=2026-07-17\exchange=NSE\symbol=ITC\part-070905_016412-027857.parquet,36177,downloaded,36177,
2026-07-17,NSE,ITC,raw_l2/trade_date=2026-07-17/exchange=NSE/symbol=ITC/part-071158_165213-028241.parquet,real_data_sample\l2_unseen_validation\trade_date=2026-07-17\exchange=NSE\symbol=ITC\part-071158_165213-028241.parquet,35447,downloaded,35447,
2026-07-17,NSE,ITC,raw_l2/trade_date=2026-07-17/exchange=NSE/symbol=ITC/part-070821_805677-027761.parquet,real_data_sample\l2_unseen_validation\trade_date=2026-07-17\exchange=NSE\symbol=ITC\part-070821_805677-027761.parquet,35392,downloaded,35392,
2026-07-17,NSE,ITC,raw_l2/trade_date=2026-07-17/exchange=NSE/symbol=ITC/part-070850_520298-027825.parquet,real_data_sample\l2_unseen_validation\trade_date=2026-07-17\exchange=NSE\symbol=ITC\part-070850_520298-027825.parquet,36319,downloaded,36319,
2026-07-17,NSE,ITC,raw_l2/trade_date=2026-07-17/exchange=NSE/symbol=ITC/part-071227_069012-028305.parquet,real_data_sample\l2_unseen_validation\trade_date=2026-07-17\exchange=NSE\symbol=ITC\part-071227_069012-028305.parquet,35746,downloaded,35746,
2026-07-17,NSE,ITC,raw_l2/trade_date=2026-07-17/exchange=NSE/symbol=ITC/part-071255_796818-028369.parquet,real_data_sample\l2_unseen_validation\trade_date=2026-07-17\exchange=NSE\symbol=ITC\part-071255_796818-028369.parquet,36718,downloaded,36718,
2026-07-17,NSE,ITC,raw_l2/trade_date=2026-07-17/exchange=NSE/symbol=ITC/part-071212_496345-028273.parquet,real_data_sample\l2_unseen_validation\trade_date=2026-07-17\exchange=NSE\symbol=ITC\part-071212_496345-028273.parquet,35459,downloaded,35459,
2026-07-17,NSE,ITC,raw_l2/trade_date=2026-07-17/exchange=NSE/symbol=ITC/part-071241_555314-028337.parquet,real_data_sample\l2_unseen_validation\trade_date=2026-07-17\exchange=NSE\symbol=ITC\part-071241_555314-028337.parquet,35651,downloaded,35651,
2026-07-17,NSE,ITC,raw_l2/trade_date=2026-07-17/exchange=NSE/symbol=ITC/part-070919_211586-027889.parquet,real_data_sample\l2_unseen_validation\trade_date=2026-07-17\exchange=NSE\symbol=ITC\part-070919_211586-027889.parquet,35811,downloaded,35811,
2026-07-17,NSE,ITC,raw_l2/trade_date=2026-07-17/exchange=NSE/symbol=ITC/part-070836_229632-027793.parquet,real_data_sample\l2_unseen_validation\trade_date=2026-07-17\exchange=NSE\symbol=ITC\part-070836_229632-027793.parquet,36531,downloaded,36531,
2026-07-17,NSE,ITC,raw_l2/trade_date=2026-07-17/exchange=NSE/symbol=ITC/part-071016_951800-028017.parquet,real_data_sample\l2_unseen_validation\trade_date=2026-07-17\exchange=NSE\symbol=ITC\part-071016_951800-028017.parquet,36104,downloaded,36104,
2026-07-17,NSE,ITC,raw_l2/trade_date=2026-07-17/exchange=NSE/symbol=ITC/part-071310_081476-028401.parquet,real_data_sample\l2_unseen_validation\trade_date=2026-07-17\exchange=NSE\symbol=ITC\part-071310_081476-028401.parquet,36051,downloaded,36051,
2026-07-17,NSE,ITC,raw_l2/trade_date=2026-07-17/exchange=NSE/symbol=ITC/part-071031_025914-028049.parquet,real_data_sample\l2_unseen_validation\trade_date=2026-07-17\exchange=NSE\symbol=ITC\part-071031_025914-028049.parquet,35783,downloaded,35783,
2026-07-17,NSE,ITC,raw_l2/trade_date=2026-07-17/exchange=NSE/symbol=ITC/part-070725_294146-027633.parquet,real_data_sample\l2_unseen_validation\trade_date=2026-07-17\exchange=NSE\symbol=ITC\part-070725_294146-027633.parquet,35511,downloaded,35511,
2026-07-17,NSE,ITC,raw_l2/trade_date=2026-07-17/exchange=NSE/symbol=ITC/part-071338_558699-028465.parquet,real_data_sample\l2_unseen_validation\trade_date=2026-07-17\exchange=NSE\symbol=ITC\part-071338_558699-028465.parquet,35277,downloaded,35277,
2026-07-17,NSE,ITC,raw_l2/trade_date=2026-07-17/exchange=NSE/symbol=ITC/part-071324_370505-028433.parquet,real_data_sample\l2_unseen_validation\trade_date=2026-07-17\exchange=NSE\symbol=ITC\part-071324_370505-028433.parquet,35681,downloaded,35681,
2026-07-17,NSE,ITC,raw_l2/trade_date=2026-07-17/exchange=NSE/symbol=ITC/part-071353_033792-028497.parquet,real_data_sample\l2_unseen_validation\trade_date=2026-07-17\exchange=NSE\symbol=ITC\part-071353_033792-028497.parquet,35957,downloaded,35957,
2026-07-17,NSE,ITC,raw_l2/trade_date=2026-07-17/exchange=NSE/symbol=ITC/part-071407_287409-028529.parquet,real_data_sample\l2_unseen_validation\trade_date=2026-07-17\exchange=NSE\symbol=ITC\part-071407_287409-028529.parquet,35424,downloaded,35424,
2026-07-17,NSE,ITC,raw_l2/trade_date=2026-07-17/exchange=NSE/symbol=ITC/part-071421_549438-028561.parquet,real_data_sample\l2_unseen_validation\trade_date=2026-07-17\exchange=NSE\symbol=ITC\part-071421_549438-028561.parquet,36077,downloaded,36077,
2026-07-17,NSE,ITC,raw_l2/trade_date=2026-07-17/exchange=NSE/symbol=ITC/part-071143_624637-028209.parquet,real_data_sample\l2_unseen_validation\trade_date=2026-07-17\exchange=NSE\symbol=ITC\part-071143_624637-028209.parquet,35937,downloaded,35937,
2026-07-17,NSE,ITC,raw_l2/trade_date=2026-07-17/exchange=NSE/symbol=ITC/part-071114_415148-028145.parquet,real_data_sample\l2_unseen_validation\trade_date=2026-07-17\exchange=NSE\symbol=ITC\part-071114_415148-028145.parquet,36062,downloaded,36062,
2026-07-17,NSE,ITC,raw_l2/trade_date=2026-07-17/exchange=NSE/symbol=ITC/part-071128_995790-028177.parquet,real_data_sample\l2_unseen_validation\trade_date=2026-07-17\exchange=NSE\symbol=ITC\part-071128_995790-028177.parquet,35783,downloaded,35783,
2026-07-17,NSE,ITC,raw_l2/trade_date=2026-07-17/exchange=NSE/symbol=ITC/part-071727_402044-028977.parquet,real_data_sample\l2_unseen_validation\trade_date=2026-07-17\exchange=NSE\symbol=ITC\part-071727_402044-028977.parquet,35905,downloaded,35905,
2026-07-17,NSE,ITC,raw_l2/trade_date=2026-07-17/exchange=NSE/symbol=ITC/part-071616_519184-028817.parquet,real_data_sample\l2_unseen_validation\trade_date=2026-07-17\exchange=NSE\symbol=ITC\part-071616_519184-028817.parquet,35753,downloaded,35753,
2026-07-17,NSE,ITC,raw_l2/trade_date=2026-07-17/exchange=NSE/symbol=ITC/part-071741_741475-029009.parquet,real_data_sample\l2_unseen_validation\trade_date=2026-07-17\exchange=NSE\symbol=ITC\part-071741_741475-029009.parquet,35862,downloaded,35862,
2026-07-17,NSE,ITC,raw_l2/trade_date=2026-07-17/exchange=NSE/symbol=ITC/part-071533_349080-028721.parquet,real_data_sample\l2_unseen_validation\trade_date=2026-07-17\exchange=NSE\symbol=ITC\part-071533_349080-028721.parquet,36153,downloaded,36153,
2026-07-17,NSE,ITC,raw_l2/trade_date=2026-07-17/exchange=NSE/symbol=ITC/part-071547_828572-028753.parquet,real_data_sample\l2_unseen_validation\trade_date=2026-07-17\exchange=NSE\symbol=ITC\part-071547_828572-028753.parquet,36664,downloaded,36664,
2026-07-17,NSE,ITC,raw_l2/trade_date=2026-07-17/exchange=NSE/symbol=ITC/part-071824_798535-029105.parquet,real_data_sample\l2_unseen_validation\trade_date=2026-07-17\exchange=NSE\symbol=ITC\part-071824_798535-029105.parquet,35640,downloaded,35640,
2026-07-17,NSE,ITC,raw_l2/trade_date=2026-07-17/exchange=NSE/symbol=ITC/part-071602_247787-028785.parquet,real_data_sample\l2_unseen_validation\trade_date=2026-07-17\exchange=NSE\symbol=ITC\part-071602_247787-028785.parquet,36582,downloaded,36582,
2026-07-17,NSE,ITC,raw_l2/trade_date=2026-07-17/exchange=NSE/symbol=ITC/part-071755_988654-029041.parquet,real_data_sample\l2_unseen_validation\trade_date=2026-07-17\exchange=NSE\symbol=ITC\part-071755_988654-029041.parquet,35611,downloaded,35611,
2026-07-17,NSE,ITC,raw_l2/trade_date=2026-07-17/exchange=NSE/symbol=ITC/part-071810_422288-029073.parquet,real_data_sample\l2_unseen_validation\trade_date=2026-07-17\exchange=NSE\symbol=ITC\part-071810_422288-029073.parquet,35719,downloaded,35719,
2026-07-17,NSE,ITC,raw_l2/trade_date=2026-07-17/exchange=NSE/symbol=ITC/part-071659_181033-028913.parquet,real_data_sample\l2_unseen_validation\trade_date=2026-07-17\exchange=NSE\symbol=ITC\part-071659_181033-028913.parquet,35670,downloaded,35670,
2026-07-17,NSE,ITC,raw_l2/trade_date=2026-07-17/exchange=NSE/symbol=ITC/part-071645_042265-028881.parquet,real_data_sample\l2_unseen_validation\trade_date=2026-07-17\exchange=NSE\symbol=ITC\part-071645_042265-028881.parquet,35949,downloaded,35949,
2026-07-17,NSE,ITC,raw_l2/trade_date=2026-07-17/exchange=NSE/symbol=ITC/part-071839_244700-029137.parquet,real_data_sample\l2_unseen_validation\trade_date=2026-07-17\exchange=NSE\symbol=ITC\part-071839_244700-029137.parquet,36276,downloaded,36276,
2026-07-17,NSE,ITC,raw_l2/trade_date=2026-07-17/exchange=NSE/symbol=ITC/part-071713_305539-028945.parquet,real_data_sample\l2_unseen_validation\trade_date=2026-07-17\exchange=NSE\symbol=ITC\part-071713_305539-028945.parquet,35036,downloaded,35036,
2026-07-17,NSE,ITC,raw_l2/trade_date=2026-07-17/exchange=NSE/symbol=ITC/part-071908_943146-029201.parquet,real_data_sample\l2_unseen_validation\trade_date=2026-07-17\exchange=NSE\symbol=ITC\part-071908_943146-029201.parquet,36262,downloaded,36262,
2026-07-17,NSE,ITC,raw_l2/trade_date=2026-07-17/exchange=NSE/symbol=ITC/part-071854_253734-029169.parquet,real_data_sample\l2_unseen_validation\trade_date=2026-07-17\exchange=NSE\symbol=ITC\part-071854_253734-029169.parquet,36134,downloaded,36134,
2026-07-17,NSE,ITC,raw_l2/trade_date=2026-07-17/exchange=NSE/symbol=ITC/part-071923_230351-029233.parquet,real_data_sample\l2_unseen_validation\trade_date=2026-07-17\exchange=NSE\symbol=ITC\part-071923_230351-029233.parquet,36022,downloaded,36022,
2026-07-17,NSE,ITC,raw_l2/trade_date=2026-07-17/exchange=NSE/symbol=ITC/part-071630_743743-028849.parquet,real_data_sample\l2_unseen_validation\trade_date=2026-07-17\exchange=NSE\symbol=ITC\part-071630_743743-028849.parquet,36023,downloaded,36023,
2026-07-17,NSE,ITC,raw_l2/trade_date=2026-07-17/exchange=NSE/symbol=ITC/part-071937_561928-029265.parquet,real_data_sample\l2_unseen_validation\trade_date=2026-07-17\exchange=NSE\symbol=ITC\part-071937_561928-029265.parquet,35774,downloaded,35774,
2026-07-17,NSE,ITC,raw_l2/trade_date=2026-07-17/exchange=NSE/symbol=ITC/part-072020_291313-029361.parquet,real_data_sample\l2_unseen_validation\trade_date=2026-07-17\exchange=NSE\symbol=ITC\part-072020_291313-029361.parquet,36613,downloaded,36613,
2026-07-17,NSE,ITC,raw_l2/trade_date=2026-07-17/exchange=NSE/symbol=ITC/part-072005_970115-029329.parquet,real_data_sample\l2_unseen_validation\trade_date=2026-07-17\exchange=NSE\symbol=ITC\part-072005_970115-029329.parquet,36737,downloaded,36737,
2026-07-17,NSE,ITC,raw_l2/trade_date=2026-07-17/exchange=NSE/symbol=ITC/part-071435_729610-028593.parquet,real_data_sample\l2_unseen_validation\trade_date=2026-07-17\exchange=NSE\symbol=ITC\part-071435_729610-028593.parquet,35524,downloaded,35524,
2026-07-17,NSE,ITC,raw_l2/trade_date=2026-07-17/exchange=NSE/symbol=ITC/part-071450_137702-028625.parquet,real_data_sample\l2_unseen_validation\trade_date=2026-07-17\exchange=NSE\symbol=ITC\part-071450_137702-028625.parquet,35255,downloaded,35255,
2026-07-17,NSE,ITC,raw_l2/trade_date=2026-07-17/exchange=NSE/symbol=ITC/part-071504_680080-028657.parquet,real_data_sample\l2_unseen_validation\trade_date=2026-07-17\exchange=NSE\symbol=ITC\part-071504_680080-028657.parquet,35358,downloaded,35358,
2026-07-17,NSE,ITC,raw_l2/trade_date=2026-07-17/exchange=NSE/symbol=ITC/part-072034_534734-029393.parquet,real_data_sample\l2_unseen_validation\trade_date=2026-07-17\exchange=NSE\symbol=ITC\part-072034_534734-029393.parquet,36035,downloaded,36035,
2026-07-17,NSE,ITC,raw_l2/trade_date=2026-07-17/exchange=NSE/symbol=ITC/part-072048_815073-029425.parquet,real_data_sample\l2_unseen_validation\trade_date=2026-07-17\exchange=NSE\symbol=ITC\part-072048_815073-029425.parquet,35932,downloaded,35932,
2026-07-17,NSE,ITC,raw_l2/trade_date=2026-07-17/exchange=NSE/symbol=ITC/part-072103_028307-029457.parquet,real_data_sample\l2_unseen_validation\trade_date=2026-07-17\exchange=NSE\symbol=ITC\part-072103_028307-029457.parquet,35664,downloaded,35664,
2026-07-17,NSE,ITC,raw_l2/trade_date=2026-07-17/exchange=NSE/symbol=ITC/part-071951_716812-029297.parquet,real_data_sample\l2_unseen_validation\trade_date=2026-07-17\exchange=NSE\symbol=ITC\part-071951_716812-029297.parquet,35906,downloaded,35906,
2026-07-17,NSE,ITC,raw_l2/trade_date=2026-07-17/exchange=NSE/symbol=ITC/part-070516_180576-027345.parquet,real_data_sample\l2_unseen_validation\trade_date=2026-07-17\exchange=NSE\symbol=ITC\part-070516_180576-027345.parquet,35682,downloaded,35682,
2026-07-17,NSE,ITC,raw_l2/trade_date=2026-07-17/exchange=NSE/symbol=ITC/part-072228_506036-029649.parquet,real_data_sample\l2_unseen_validation\trade_date=2026-07-17\exchange=NSE\symbol=ITC\part-072228_506036-029649.parquet,35468,downloaded,35468,
2026-07-17,NSE,ITC,raw_l2/trade_date=2026-07-17/exchange=NSE/symbol=ITC/part-072354_319681-029841.parquet,real_data_sample\l2_unseen_validation\trade_date=2026-07-17\exchange=NSE\symbol=ITC\part-072354_319681-029841.parquet,36014,downloaded,36014,
2026-07-17,NSE,ITC,raw_l2/trade_date=2026-07-17/exchange=NSE/symbol=ITC/part-072422_701550-029905.parquet,real_data_sample\l2_unseen_validation\trade_date=2026-07-17\exchange=NSE\symbol=ITC\part-072422_701550-029905.parquet,35431,downloaded,35431,
2026-07-17,NSE,ITC,raw_l2/trade_date=2026-07-17/exchange=NSE/symbol=ITC/part-072145_406345-029553.parquet,real_data_sample\l2_unseen_validation\trade_date=2026-07-17\exchange=NSE\symbol=ITC\part-072145_406345-029553.parquet,35853,downloaded,35853,
2026-07-17,NSE,ITC,raw_l2/trade_date=2026-07-17/exchange=NSE/symbol=ITC/part-072340_056200-029809.parquet,real_data_sample\l2_unseen_validation\trade_date=2026-07-17\exchange=NSE\symbol=ITC\part-072340_056200-029809.parquet,35361,downloaded,35361,
2026-07-17,NSE,ITC,raw_l2/trade_date=2026-07-17/exchange=NSE/symbol=ITC/part-071519_080643-028689.parquet,real_data_sample\l2_unseen_validation\trade_date=2026-07-17\exchange=NSE\symbol=ITC\part-071519_080643-028689.parquet,35651,downloaded,35651,
2026-07-17,NSE,ITC,raw_l2/trade_date=2026-07-17/exchange=NSE/symbol=ITC/part-072159_806443-029585.parquet,real_data_sample\l2_unseen_validation\trade_date=2026-07-17\exchange=NSE\symbol=ITC\part-072159_806443-029585.parquet,35168,downloaded,35168,
2026-07-17,NSE,ITC,raw_l2/trade_date=2026-07-17/exchange=NSE/symbol=ITC/part-072534_234495-030065.parquet,real_data_sample\l2_unseen_validation\trade_date=2026-07-17\exchange=NSE\symbol=ITC\part-072534_234495-030065.parquet,35706,downloaded,35706,
2026-07-17,NSE,ITC,raw_l2/trade_date=2026-07-17/exchange=NSE/symbol=ITC/part-072505_864373-030001.parquet,real_data_sample\l2_unseen_validation\trade_date=2026-07-17\exchange=NSE\symbol=ITC\part-072505_864373-030001.parquet,35527,downloaded,35527,
2026-07-17,NSE,ITC,raw_l2/trade_date=2026-07-17/exchange=NSE/symbol=ITC/part-072408_485006-029873.parquet,real_data_sample\l2_unseen_validation\trade_date=2026-07-17\exchange=NSE\symbol=ITC\part-072408_485006-029873.parquet,35359,downloaded,35359,
2026-07-17,NSE,ITC,raw_l2/trade_date=2026-07-17/exchange=NSE/symbol=ITC/part-072520_018678-030033.parquet,real_data_sample\l2_unseen_validation\trade_date=2026-07-17\exchange=NSE\symbol=ITC\part-072520_018678-030033.parquet,35722,downloaded,35722,
2026-07-17,NSE,ITC,raw_l2/trade_date=2026-07-17/exchange=NSE/symbol=ITC/part-072616_647688-030161.parquet,real_data_sample\l2_unseen_validation\trade_date=2026-07-17\exchange=NSE\symbol=ITC\part-072616_647688-030161.parquet,35331,downloaded,35331,
2026-07-17,NSE,ITC,raw_l2/trade_date=2026-07-17/exchange=NSE/symbol=ITC/part-072548_522616-030097.parquet,real_data_sample\l2_unseen_validation\trade_date=2026-07-17\exchange=NSE\symbol=ITC\part-072548_522616-030097.parquet,35728,downloaded,35728,
2026-07-17,NSE,ITC,raw_l2/trade_date=2026-07-17/exchange=NSE/symbol=ITC/part-072437_047359-029937.parquet,real_data_sample\l2_unseen_validation\trade_date=2026-07-17\exchange=NSE\symbol=ITC\part-072437_047359-029937.parquet,35982,downloaded,35982,
2026-07-17,NSE,ITC,raw_l2/trade_date=2026-07-17/exchange=NSE/symbol=ITC/part-072451_444894-029969.parquet,real_data_sample\l2_unseen_validation\trade_date=2026-07-17\exchange=NSE\symbol=ITC\part-072451_444894-029969.parquet,35295,downloaded,35295,
2026-07-17,NSE,ITC,raw_l2/trade_date=2026-07-17/exchange=NSE/symbol=ITC/part-072631_087711-030193.parquet,real_data_sample\l2_unseen_validation\trade_date=2026-07-17\exchange=NSE\symbol=ITC\part-072631_087711-030193.parquet,35447,downloaded,35447,
2026-07-17,NSE,ITC,raw_l2/trade_date=2026-07-17/exchange=NSE/symbol=ITC/part-072214_512545-029617.parquet,real_data_sample\l2_unseen_validation\trade_date=2026-07-17\exchange=NSE\symbol=ITC\part-072214_512545-029617.parquet,35358,downloaded,35358,
2026-07-17,NSE,ITC,raw_l2/trade_date=2026-07-17/exchange=NSE/symbol=ITC/part-072602_499593-030129.parquet,real_data_sample\l2_unseen_validation\trade_date=2026-07-17\exchange=NSE\symbol=ITC\part-072602_499593-030129.parquet,35962,downloaded,35962,
2026-07-17,NSE,ITC,raw_l2/trade_date=2026-07-17/exchange=NSE/symbol=ITC/part-072242_830380-029681.parquet,real_data_sample\l2_unseen_validation\trade_date=2026-07-17\exchange=NSE\symbol=ITC\part-072242_830380-029681.parquet,35885,downloaded,35885,
2026-07-17,NSE,ITC,raw_l2/trade_date=2026-07-17/exchange=NSE/symbol=ITC/part-072311_368621-029745.parquet,real_data_sample\l2_unseen_validation\trade_date=2026-07-17\exchange=NSE\symbol=ITC\part-072311_368621-029745.parquet,35753,downloaded,35753,
2026-07-17,NSE,ITC,raw_l2/trade_date=2026-07-17/exchange=NSE/symbol=ITC/part-072257_035665-029713.parquet,real_data_sample\l2_unseen_validation\trade_date=2026-07-17\exchange=NSE\symbol=ITC\part-072257_035665-029713.parquet,35998,downloaded,35998,
2026-07-17,NSE,ITC,raw_l2/trade_date=2026-07-17/exchange=NSE/symbol=ITC/part-072645_459753-030225.parquet,real_data_sample\l2_unseen_validation\trade_date=2026-07-17\exchange=NSE\symbol=ITC\part-072645_459753-030225.parquet,35425,downloaded,35425,
2026-07-17,NSE,ITC,raw_l2/trade_date=2026-07-17/exchange=NSE/symbol=ITC/part-072757_410634-030385.parquet,real_data_sample\l2_unseen_validation\trade_date=2026-07-17\exchange=NSE\symbol=ITC\part-072757_410634-030385.parquet,35470,downloaded,35470,
2026-07-17,NSE,ITC,raw_l2/trade_date=2026-07-17/exchange=NSE/symbol=ITC/part-072742_899890-030353.parquet,real_data_sample\l2_unseen_validation\trade_date=2026-07-17\exchange=NSE\symbol=ITC\part-072742_899890-030353.parquet,35415,downloaded,35415,
2026-07-17,NSE,ITC,raw_l2/trade_date=2026-07-17/exchange=NSE/symbol=ITC/part-072325_644742-029777.parquet,real_data_sample\l2_unseen_validation\trade_date=2026-07-17\exchange=NSE\symbol=ITC\part-072325_644742-029777.parquet,36304,downloaded,36304,
2026-07-17,NSE,ITC,raw_l2/trade_date=2026-07-17/exchange=NSE/symbol=ITC/part-072728_560798-030321.parquet,real_data_sample\l2_unseen_validation\trade_date=2026-07-17\exchange=NSE\symbol=ITC\part-072728_560798-030321.parquet,35795,downloaded,35795,
2026-07-17,NSE,ITC,raw_l2/trade_date=2026-07-17/exchange=NSE/symbol=ITC/part-072131_328796-029521.parquet,real_data_sample\l2_unseen_validation\trade_date=2026-07-17\exchange=NSE\symbol=ITC\part-072131_328796-029521.parquet,36105,downloaded,36105,
2026-07-17,NSE,ITC,raw_l2/trade_date=2026-07-17/exchange=NSE/symbol=ITC/part-072117_201086-029489.parquet,real_data_sample\l2_unseen_validation\trade_date=2026-07-17\exchange=NSE\symbol=ITC\part-072117_201086-029489.parquet,36071,downloaded,36071,
2026-07-17,NSE,ITC,raw_l2/trade_date=2026-07-17/exchange=NSE/symbol=ITC/part-072811_956326-030417.parquet,real_data_sample\l2_unseen_validation\trade_date=2026-07-17\exchange=NSE\symbol=ITC\part-072811_956326-030417.parquet,35420,downloaded,35420,
2026-07-17,NSE,ITC,raw_l2/trade_date=2026-07-17/exchange=NSE/symbol=ITC/part-072856_633820-030513.parquet,real_data_sample\l2_unseen_validation\trade_date=2026-07-17\exchange=NSE\symbol=ITC\part-072856_633820-030513.parquet,35528,downloaded,35528,
2026-07-17,NSE,ITC,raw_l2/trade_date=2026-07-17/exchange=NSE/symbol=ITC/part-072841_973441-030481.parquet,real_data_sample\l2_unseen_validation\trade_date=2026-07-17\exchange=NSE\symbol=ITC\part-072841_973441-030481.parquet,35337,downloaded,35337,
2026-07-17,NSE,ITC,raw_l2/trade_date=2026-07-17/exchange=NSE/symbol=ITC/part-072911_299516-030545.parquet,real_data_sample\l2_unseen_validation\trade_date=2026-07-17\exchange=NSE\symbol=ITC\part-072911_299516-030545.parquet,35361,downloaded,35361,
2026-07-17,NSE,ITC,raw_l2/trade_date=2026-07-17/exchange=NSE/symbol=ITC/part-072940_644943-030609.parquet,real_data_sample\l2_unseen_validation\trade_date=2026-07-17\exchange=NSE\symbol=ITC\part-072940_644943-030609.parquet,35491,downloaded,35491,
2026-07-17,NSE,ITC,raw_l2/trade_date=2026-07-17/exchange=NSE/symbol=ITC/part-072926_105838-030577.parquet,real_data_sample\l2_unseen_validation\trade_date=2026-07-17\exchange=NSE\symbol=ITC\part-072926_105838-030577.parquet,35371,downloaded,35371,
2026-07-17,NSE,ITC,raw_l2/trade_date=2026-07-17/exchange=NSE/symbol=ITC/part-073009_391912-030673.parquet,real_data_sample\l2_unseen_validation\trade_date=2026-07-17\exchange=NSE\symbol=ITC\part-073009_391912-030673.parquet,35531,downloaded,35531,
2026-07-17,NSE,ITC,raw_l2/trade_date=2026-07-17/exchange=NSE/symbol=ITC/part-073037_979519-030737.parquet,real_data_sample\l2_unseen_validation\trade_date=2026-07-17\exchange=NSE\symbol=ITC\part-073037_979519-030737.parquet,35293,downloaded,35293,
2026-07-17,NSE,ITC,raw_l2/trade_date=2026-07-17/exchange=NSE/symbol=ITC/part-073052_387896-030769.parquet,real_data_sample\l2_unseen_validation\trade_date=2026-07-17\exchange=NSE\symbol=ITC\part-073052_387896-030769.parquet,35638,downloaded,35638,
2026-07-17,NSE,ITC,raw_l2/trade_date=2026-07-17/exchange=NSE/symbol=ITC/part-073023_702437-030705.parquet,real_data_sample\l2_unseen_validation\trade_date=2026-07-17\exchange=NSE\symbol=ITC\part-073023_702437-030705.parquet,35578,downloaded,35578,
2026-07-17,NSE,ITC,raw_l2/trade_date=2026-07-17/exchange=NSE/symbol=ITC/part-073106_895195-030801.parquet,real_data_sample\l2_unseen_validation\trade_date=2026-07-17\exchange=NSE\symbol=ITC\part-073106_895195-030801.parquet,35718,downloaded,35718,
2026-07-17,NSE,ITC,raw_l2/trade_date=2026-07-17/exchange=NSE/symbol=ITC/part-072659_593869-030257.parquet,real_data_sample\l2_unseen_validation\trade_date=2026-07-17\exchange=NSE\symbol=ITC\part-072659_593869-030257.parquet,35140,downloaded,35140,
2026-07-17,NSE,ITC,raw_l2/trade_date=2026-07-17/exchange=NSE/symbol=ITC/part-072714_063669-030289.parquet,real_data_sample\l2_unseen_validation\trade_date=2026-07-17\exchange=NSE\symbol=ITC\part-072714_063669-030289.parquet,35483,downloaded,35483,
2026-07-17,NSE,ITC,raw_l2/trade_date=2026-07-17/exchange=NSE/symbol=ITC/part-073218_163840-030961.parquet,real_data_sample\l2_unseen_validation\trade_date=2026-07-17\exchange=NSE\symbol=ITC\part-073218_163840-030961.parquet,35812,downloaded,35812,
2026-07-17,NSE,ITC,raw_l2/trade_date=2026-07-17/exchange=NSE/symbol=ITC/part-073315_029585-031089.parquet,real_data_sample\l2_unseen_validation\trade_date=2026-07-17\exchange=NSE\symbol=ITC\part-073315_029585-031089.parquet,35545,downloaded,35545,
2026-07-17,NSE,ITC,raw_l2/trade_date=2026-07-17/exchange=NSE/symbol=ITC/part-073300_793362-031057.parquet,real_data_sample\l2_unseen_validation\trade_date=2026-07-17\exchange=NSE\symbol=ITC\part-073300_793362-031057.parquet,35814,downloaded,35814,
2026-07-17,NSE,ITC,raw_l2/trade_date=2026-07-17/exchange=NSE/symbol=ITC/part-073426_287783-031249.parquet,real_data_sample\l2_unseen_validation\trade_date=2026-07-17\exchange=NSE\symbol=ITC\part-073426_287783-031249.parquet,36255,downloaded,36255,
2026-07-17,NSE,ITC,raw_l2/trade_date=2026-07-17/exchange=NSE/symbol=ITC/part-073121_235600-030833.parquet,real_data_sample\l2_unseen_validation\trade_date=2026-07-17\exchange=NSE\symbol=ITC\part-073121_235600-030833.parquet,36215,downloaded,36215,
2026-07-17,NSE,ITC,raw_l2/trade_date=2026-07-17/exchange=NSE/symbol=ITC/part-073357_800805-031185.parquet,real_data_sample\l2_unseen_validation\trade_date=2026-07-17\exchange=NSE\symbol=ITC\part-073357_800805-031185.parquet,36141,downloaded,36141,
2026-07-17,NSE,ITC,raw_l2/trade_date=2026-07-17/exchange=NSE/symbol=ITC/part-073440_615556-031281.parquet,real_data_sample\l2_unseen_validation\trade_date=2026-07-17\exchange=NSE\symbol=ITC\part-073440_615556-031281.parquet,36395,downloaded,36395,
2026-07-17,NSE,ITC,raw_l2/trade_date=2026-07-17/exchange=NSE/symbol=ITC/part-073329_375648-031121.parquet,real_data_sample\l2_unseen_validation\trade_date=2026-07-17\exchange=NSE\symbol=ITC\part-073329_375648-031121.parquet,35858,downloaded,35858,
2026-07-17,NSE,ITC,raw_l2/trade_date=2026-07-17/exchange=NSE/symbol=ITC/part-073343_689410-031153.parquet,real_data_sample\l2_unseen_validation\trade_date=2026-07-17\exchange=NSE\symbol=ITC\part-073343_689410-031153.parquet,35427,downloaded,35427,
2026-07-17,NSE,ITC,raw_l2/trade_date=2026-07-17/exchange=NSE/symbol=ITC/part-073203_969236-030929.parquet,real_data_sample\l2_unseen_validation\trade_date=2026-07-17\exchange=NSE\symbol=ITC\part-073203_969236-030929.parquet,35707,downloaded,35707,
2026-07-17,NSE,ITC,raw_l2/trade_date=2026-07-17/exchange=NSE/symbol=ITC/part-073135_222036-030865.parquet,real_data_sample\l2_unseen_validation\trade_date=2026-07-17\exchange=NSE\symbol=ITC\part-073135_222036-030865.parquet,35863,downloaded,35863,
2026-07-17,NSE,ITC,raw_l2/trade_date=2026-07-17/exchange=NSE/symbol=ITC/part-073246_541975-031025.parquet,real_data_sample\l2_unseen_validation\trade_date=2026-07-17\exchange=NSE\symbol=ITC\part-073246_541975-031025.parquet,36258,downloaded,36258,
2026-07-17,NSE,ITC,raw_l2/trade_date=2026-07-17/exchange=NSE/symbol=ITC/part-073412_000145-031217.parquet,real_data_sample\l2_unseen_validation\trade_date=2026-07-17\exchange=NSE\symbol=ITC\part-073412_000145-031217.parquet,36707,downloaded,36707,
2026-07-17,NSE,ITC,raw_l2/trade_date=2026-07-17/exchange=NSE/symbol=ITC/part-073232_325469-030993.parquet,real_data_sample\l2_unseen_validation\trade_date=2026-07-17\exchange=NSE\symbol=ITC\part-073232_325469-030993.parquet,35728,downloaded,35728,
2026-07-17,NSE,ITC,raw_l2/trade_date=2026-07-17/exchange=NSE/symbol=ITC/part-073149_789404-030897.parquet,real_data_sample\l2_unseen_validation\trade_date=2026-07-17\exchange=NSE\symbol=ITC\part-073149_789404-030897.parquet,35664,downloaded,35664,
2026-07-17,NSE,ITC,raw_l2/trade_date=2026-07-17/exchange=NSE/symbol=ITC/part-073523_226298-031377.parquet,real_data_sample\l2_unseen_validation\trade_date=2026-07-17\exchange=NSE\symbol=ITC\part-073523_226298-031377.parquet,35631,downloaded,35631,
2026-07-17,NSE,ITC,raw_l2/trade_date=2026-07-17/exchange=NSE/symbol=ITC/part-073537_596843-031409.parquet,real_data_sample\l2_unseen_validation\trade_date=2026-07-17\exchange=NSE\symbol=ITC\part-073537_596843-031409.parquet,35468,downloaded,35468,
2026-07-17,NSE,ITC,raw_l2/trade_date=2026-07-17/exchange=NSE/symbol=ITC/part-072955_090931-030641.parquet,real_data_sample\l2_unseen_validation\trade_date=2026-07-17\exchange=NSE\symbol=ITC\part-072955_090931-030641.parquet,35144,downloaded,35144,
2026-07-17,NSE,ITC,raw_l2/trade_date=2026-07-17/exchange=NSE/symbol=ITC/part-073702_964292-031601.parquet,real_data_sample\l2_unseen_validation\trade_date=2026-07-17\exchange=NSE\symbol=ITC\part-073702_964292-031601.parquet,35769,downloaded,35769,
2026-07-17,NSE,ITC,raw_l2/trade_date=2026-07-17/exchange=NSE/symbol=ITC/part-073716_963482-031633.parquet,real_data_sample\l2_unseen_validation\trade_date=2026-07-17\exchange=NSE\symbol=ITC\part-073716_963482-031633.parquet,35682,downloaded,35682,
2026-07-17,NSE,ITC,raw_l2/trade_date=2026-07-17/exchange=NSE/symbol=ITC/part-073648_777033-031569.parquet,real_data_sample\l2_unseen_validation\trade_date=2026-07-17\exchange=NSE\symbol=ITC\part-073648_777033-031569.parquet,35643,downloaded,35643,
2026-07-17,NSE,ITC,raw_l2/trade_date=2026-07-17/exchange=NSE/symbol=ITC/part-073730_929616-031665.parquet,real_data_sample\l2_unseen_validation\trade_date=2026-07-17\exchange=NSE\symbol=ITC\part-073730_929616-031665.parquet,35702,downloaded,35702,
2026-07-17,NSE,ITC,raw_l2/trade_date=2026-07-17/exchange=NSE/symbol=ITC/part-073620_138284-031505.parquet,real_data_sample\l2_unseen_validation\trade_date=2026-07-17\exchange=NSE\symbol=ITC\part-073620_138284-031505.parquet,35946,downloaded,35946,
2026-07-17,NSE,ITC,raw_l2/trade_date=2026-07-17/exchange=NSE/symbol=ITC/part-073744_873239-031697.parquet,real_data_sample\l2_unseen_validation\trade_date=2026-07-17\exchange=NSE\symbol=ITC\part-073744_873239-031697.parquet,35532,downloaded,35532,
2026-07-17,NSE,ITC,raw_l2/trade_date=2026-07-17/exchange=NSE/symbol=ITC/part-073758_970041-031729.parquet,real_data_sample\l2_unseen_validation\trade_date=2026-07-17\exchange=NSE\symbol=ITC\part-073758_970041-031729.parquet,35406,downloaded,35406,
2026-07-17,NSE,ITC,raw_l2/trade_date=2026-07-17/exchange=NSE/symbol=ITC/part-073551_691181-031441.parquet,real_data_sample\l2_unseen_validation\trade_date=2026-07-17\exchange=NSE\symbol=ITC\part-073551_691181-031441.parquet,36061,downloaded,36061,
2026-07-17,NSE,ITC,raw_l2/trade_date=2026-07-17/exchange=NSE/symbol=ITC/part-073605_863488-031473.parquet,real_data_sample\l2_unseen_validation\trade_date=2026-07-17\exchange=NSE\symbol=ITC\part-073605_863488-031473.parquet,35677,downloaded,35677,
2026-07-17,NSE,ITC,raw_l2/trade_date=2026-07-17/exchange=NSE/symbol=ITC/part-073634_521156-031537.parquet,real_data_sample\l2_unseen_validation\trade_date=2026-07-17\exchange=NSE\symbol=ITC\part-073634_521156-031537.parquet,35695,downloaded,35695,
2026-07-17,NSE,ITC,raw_l2/trade_date=2026-07-17/exchange=NSE/symbol=ITC/part-073841_332113-031825.parquet,real_data_sample\l2_unseen_validation\trade_date=2026-07-17\exchange=NSE\symbol=ITC\part-073841_332113-031825.parquet,35834,downloaded,35834,
2026-07-17,NSE,ITC,raw_l2/trade_date=2026-07-17/exchange=NSE/symbol=ITC/part-073827_316976-031793.parquet,real_data_sample\l2_unseen_validation\trade_date=2026-07-17\exchange=NSE\symbol=ITC\part-073827_316976-031793.parquet,35665,downloaded,35665,
2026-07-17,NSE,ITC,raw_l2/trade_date=2026-07-17/exchange=NSE/symbol=ITC/part-073855_450038-031857.parquet,real_data_sample\l2_unseen_validation\trade_date=2026-07-17\exchange=NSE\symbol=ITC\part-073855_450038-031857.parquet,35769,downloaded,35769,
2026-07-17,NSE,ITC,raw_l2/trade_date=2026-07-17/exchange=NSE/symbol=ITC/part-073923_884752-031921.parquet,real_data_sample\l2_unseen_validation\trade_date=2026-07-17\exchange=NSE\symbol=ITC\part-073923_884752-031921.parquet,36080,downloaded,36080,
2026-07-17,NSE,ITC,raw_l2/trade_date=2026-07-17/exchange=NSE/symbol=ITC/part-073937_928804-031953.parquet,real_data_sample\l2_unseen_validation\trade_date=2026-07-17\exchange=NSE\symbol=ITC\part-073937_928804-031953.parquet,36213,downloaded,36213,
2026-07-17,NSE,ITC,raw_l2/trade_date=2026-07-17/exchange=NSE/symbol=ITC/part-073910_000475-031889.parquet,real_data_sample\l2_unseen_validation\trade_date=2026-07-17\exchange=NSE\symbol=ITC\part-073910_000475-031889.parquet,36404,downloaded,36404,
2026-07-17,NSE,ITC,raw_l2/trade_date=2026-07-17/exchange=NSE/symbol=ITC/part-073951_979591-031985.parquet,real_data_sample\l2_unseen_validation\trade_date=2026-07-17\exchange=NSE\symbol=ITC\part-073951_979591-031985.parquet,35719,downloaded,35719,
2026-07-17,NSE,ITC,raw_l2/trade_date=2026-07-17/exchange=NSE/symbol=ITC/part-073454_897312-031313.parquet,real_data_sample\l2_unseen_validation\trade_date=2026-07-17\exchange=NSE\symbol=ITC\part-073454_897312-031313.parquet,36065,downloaded,36065,
2026-07-17,NSE,ITC,raw_l2/trade_date=2026-07-17/exchange=NSE/symbol=ITC/part-073509_102722-031345.parquet,real_data_sample\l2_unseen_validation\trade_date=2026-07-17\exchange=NSE\symbol=ITC\part-073509_102722-031345.parquet,35986,downloaded,35986,
2026-07-17,NSE,ITC,raw_l2/trade_date=2026-07-17/exchange=NSE/symbol=ITC/part-074006_200435-032017.parquet,real_data_sample\l2_unseen_validation\trade_date=2026-07-17\exchange=NSE\symbol=ITC\part-074006_200435-032017.parquet,35749,downloaded,35749,
2026-07-17,NSE,ITC,raw_l2/trade_date=2026-07-17/exchange=NSE/symbol=ITC/part-074116_897412-032177.parquet,real_data_sample\l2_unseen_validation\trade_date=2026-07-17\exchange=NSE\symbol=ITC\part-074116_897412-032177.parquet,35778,downloaded,35778,
2026-07-17,NSE,ITC,raw_l2/trade_date=2026-07-17/exchange=NSE/symbol=ITC/part-074034_445661-032081.parquet,real_data_sample\l2_unseen_validation\trade_date=2026-07-17\exchange=NSE\symbol=ITC\part-074034_445661-032081.parquet,36006,downloaded,36006,
2026-07-17,NSE,ITC,raw_l2/trade_date=2026-07-17/exchange=NSE/symbol=ITC/part-074020_448378-032049.parquet,real_data_sample\l2_unseen_validation\trade_date=2026-07-17\exchange=NSE\symbol=ITC\part-074020_448378-032049.parquet,35646,downloaded,35646,
2026-07-17,NSE,ITC,raw_l2/trade_date=2026-07-17/exchange=NSE/symbol=ITC/part-074048_658815-032113.parquet,real_data_sample\l2_unseen_validation\trade_date=2026-07-17\exchange=NSE\symbol=ITC\part-074048_658815-032113.parquet,36029,downloaded,36029,
2026-07-17,NSE,ITC,raw_l2/trade_date=2026-07-17/exchange=NSE/symbol=ITC/part-074145_132928-032241.parquet,real_data_sample\l2_unseen_validation\trade_date=2026-07-17\exchange=NSE\symbol=ITC\part-074145_132928-032241.parquet,35639,downloaded,35639,
2026-07-17,NSE,ITC,raw_l2/trade_date=2026-07-17/exchange=NSE/symbol=ITC/part-074159_157404-032273.parquet,real_data_sample\l2_unseen_validation\trade_date=2026-07-17\exchange=NSE\symbol=ITC\part-074159_157404-032273.parquet,35831,downloaded,35831,
2026-07-17,NSE,ITC,raw_l2/trade_date=2026-07-17/exchange=NSE/symbol=ITC/part-074102_764543-032145.parquet,real_data_sample\l2_unseen_validation\trade_date=2026-07-17\exchange=NSE\symbol=ITC\part-074102_764543-032145.parquet,35694,downloaded,35694,
2026-07-17,NSE,ITC,raw_l2/trade_date=2026-07-17/exchange=NSE/symbol=ITC/part-074130_935744-032209.parquet,real_data_sample\l2_unseen_validation\trade_date=2026-07-17\exchange=NSE\symbol=ITC\part-074130_935744-032209.parquet,35883,downloaded,35883,
2026-07-17,NSE,ITC,raw_l2/trade_date=2026-07-17/exchange=NSE/symbol=ITC/part-074213_165946-032305.parquet,real_data_sample\l2_unseen_validation\trade_date=2026-07-17\exchange=NSE\symbol=ITC\part-074213_165946-032305.parquet,36000,downloaded,36000,
2026-07-17,NSE,ITC,raw_l2/trade_date=2026-07-17/exchange=NSE/symbol=ITC/part-074255_167767-032401.parquet,real_data_sample\l2_unseen_validation\trade_date=2026-07-17\exchange=NSE\symbol=ITC\part-074255_167767-032401.parquet,35961,downloaded,35961,
2026-07-17,NSE,ITC,raw_l2/trade_date=2026-07-17/exchange=NSE/symbol=ITC/part-074309_119195-032433.parquet,real_data_sample\l2_unseen_validation\trade_date=2026-07-17\exchange=NSE\symbol=ITC\part-074309_119195-032433.parquet,35494,downloaded,35494,
2026-07-17,NSE,ITC,raw_l2/trade_date=2026-07-17/exchange=NSE/symbol=ITC/part-074241_117809-032369.parquet,real_data_sample\l2_unseen_validation\trade_date=2026-07-17\exchange=NSE\symbol=ITC\part-074241_117809-032369.parquet,35557,downloaded,35557,
2026-07-17,NSE,ITC,raw_l2/trade_date=2026-07-17/exchange=NSE/symbol=ITC/part-074227_089621-032337.parquet,real_data_sample\l2_unseen_validation\trade_date=2026-07-17\exchange=NSE\symbol=ITC\part-074227_089621-032337.parquet,35797,downloaded,35797,
2026-07-17,NSE,ITC,raw_l2/trade_date=2026-07-17/exchange=NSE/symbol=ITC/part-074337_257882-032497.parquet,real_data_sample\l2_unseen_validation\trade_date=2026-07-17\exchange=NSE\symbol=ITC\part-074337_257882-032497.parquet,36298,downloaded,36298,
2026-07-17,NSE,ITC,raw_l2/trade_date=2026-07-17/exchange=NSE/symbol=ITC/part-073813_138299-031761.parquet,real_data_sample\l2_unseen_validation\trade_date=2026-07-17\exchange=NSE\symbol=ITC\part-073813_138299-031761.parquet,36243,downloaded,36243,
2026-07-17,NSE,ITC,raw_l2/trade_date=2026-07-17/exchange=NSE/symbol=ITC/part-074544_672481-032785.parquet,real_data_sample\l2_unseen_validation\trade_date=2026-07-17\exchange=NSE\symbol=ITC\part-074544_672481-032785.parquet,35720,downloaded,35720,
2026-07-17,NSE,ITC,raw_l2/trade_date=2026-07-17/exchange=NSE/symbol=ITC/part-074655_994046-032945.parquet,real_data_sample\l2_unseen_validation\trade_date=2026-07-17\exchange=NSE\symbol=ITC\part-074655_994046-032945.parquet,35885,downloaded,35885,
2026-07-17,NSE,ITC,raw_l2/trade_date=2026-07-17/exchange=NSE/symbol=ITC/part-074323_132274-032465.parquet,real_data_sample\l2_unseen_validation\trade_date=2026-07-17\exchange=NSE\symbol=ITC\part-074323_132274-032465.parquet,35890,downloaded,35890,
2026-07-17,NSE,ITC,raw_l2/trade_date=2026-07-17/exchange=NSE/symbol=ITC/part-074516_479610-032721.parquet,real_data_sample\l2_unseen_validation\trade_date=2026-07-17\exchange=NSE\symbol=ITC\part-074516_479610-032721.parquet,35409,downloaded,35409,
2026-07-17,NSE,ITC,raw_l2/trade_date=2026-07-17/exchange=NSE/symbol=ITC/part-074406_180506-032561.parquet,real_data_sample\l2_unseen_validation\trade_date=2026-07-17\exchange=NSE\symbol=ITC\part-074406_180506-032561.parquet,35509,downloaded,35509,
2026-07-17,NSE,ITC,raw_l2/trade_date=2026-07-17/exchange=NSE/symbol=ITC/part-074834_589500-033169.parquet,real_data_sample\l2_unseen_validation\trade_date=2026-07-17\exchange=NSE\symbol=ITC\part-074834_589500-033169.parquet,35714,downloaded,35714,
2026-07-17,NSE,ITC,raw_l2/trade_date=2026-07-17/exchange=NSE/symbol=ITC/part-074558_827831-032817.parquet,real_data_sample\l2_unseen_validation\trade_date=2026-07-17\exchange=NSE\symbol=ITC\part-074558_827831-032817.parquet,35728,downloaded,35728,
2026-07-17,NSE,ITC,raw_l2/trade_date=2026-07-17/exchange=NSE/symbol=ITC/part-074752_436754-033073.parquet,real_data_sample\l2_unseen_validation\trade_date=2026-07-17\exchange=NSE\symbol=ITC\part-074752_436754-033073.parquet,35659,downloaded,35659,
2026-07-17,NSE,ITC,raw_l2/trade_date=2026-07-17/exchange=NSE/symbol=ITC/part-074627_462703-032881.parquet,real_data_sample\l2_unseen_validation\trade_date=2026-07-17\exchange=NSE\symbol=ITC\part-074627_462703-032881.parquet,35802,downloaded,35802,
2026-07-17,NSE,ITC,raw_l2/trade_date=2026-07-17/exchange=NSE/symbol=ITC/part-074434_159280-032625.parquet,real_data_sample\l2_unseen_validation\trade_date=2026-07-17\exchange=NSE\symbol=ITC\part-074434_159280-032625.parquet,35734,downloaded,35734,
2026-07-17,NSE,ITC,raw_l2/trade_date=2026-07-17/exchange=NSE/symbol=ITC/part-074351_655809-032529.parquet,real_data_sample\l2_unseen_validation\trade_date=2026-07-17\exchange=NSE\symbol=ITC\part-074351_655809-032529.parquet,35777,downloaded,35777,
2026-07-17,NSE,ITC,raw_l2/trade_date=2026-07-17/exchange=NSE/symbol=ITC/part-074641_875709-032913.parquet,real_data_sample\l2_unseen_validation\trade_date=2026-07-17\exchange=NSE\symbol=ITC\part-074641_875709-032913.parquet,35744,downloaded,35744,
2026-07-17,NSE,ITC,raw_l2/trade_date=2026-07-17/exchange=NSE/symbol=ITC/part-074917_179335-033265.parquet,real_data_sample\l2_unseen_validation\trade_date=2026-07-17\exchange=NSE\symbol=ITC\part-074917_179335-033265.parquet,35703,downloaded,35703,
2026-07-17,NSE,ITC,raw_l2/trade_date=2026-07-17/exchange=NSE/symbol=ITC/part-074724_337172-033009.parquet,real_data_sample\l2_unseen_validation\trade_date=2026-07-17\exchange=NSE\symbol=ITC\part-074724_337172-033009.parquet,35531,downloaded,35531,
2026-07-17,NSE,ITC,raw_l2/trade_date=2026-07-17/exchange=NSE/symbol=ITC/part-074710_012472-032977.parquet,real_data_sample\l2_unseen_validation\trade_date=2026-07-17\exchange=NSE\symbol=ITC\part-074710_012472-032977.parquet,35593,downloaded,35593,
2026-07-17,NSE,ITC,raw_l2/trade_date=2026-07-17/exchange=NSE/symbol=ITC/part-074738_378426-033041.parquet,real_data_sample\l2_unseen_validation\trade_date=2026-07-17\exchange=NSE\symbol=ITC\part-074738_378426-033041.parquet,35750,downloaded,35750,
2026-07-17,NSE,ITC,raw_l2/trade_date=2026-07-17/exchange=NSE/symbol=ITC/part-074613_337239-032849.parquet,real_data_sample\l2_unseen_validation\trade_date=2026-07-17\exchange=NSE\symbol=ITC\part-074613_337239-032849.parquet,36166,downloaded,36166,
2026-07-17,NSE,ITC,raw_l2/trade_date=2026-07-17/exchange=NSE/symbol=ITC/part-074902_945766-033233.parquet,real_data_sample\l2_unseen_validation\trade_date=2026-07-17\exchange=NSE\symbol=ITC\part-074902_945766-033233.parquet,35658,downloaded,35658,
2026-07-17,NSE,ITC,raw_l2/trade_date=2026-07-17/exchange=NSE/symbol=ITC/part-074530_658608-032753.parquet,real_data_sample\l2_unseen_validation\trade_date=2026-07-17\exchange=NSE\symbol=ITC\part-074530_658608-032753.parquet,35223,downloaded,35223,
2026-07-17,NSE,ITC,raw_l2/trade_date=2026-07-17/exchange=NSE/symbol=ITC/part-074502_239972-032689.parquet,real_data_sample\l2_unseen_validation\trade_date=2026-07-17\exchange=NSE\symbol=ITC\part-074502_239972-032689.parquet,35584,downloaded,35584,
2026-07-17,NSE,ITC,raw_l2/trade_date=2026-07-17/exchange=NSE/symbol=ITC/part-074420_169385-032593.parquet,real_data_sample\l2_unseen_validation\trade_date=2026-07-17\exchange=NSE\symbol=ITC\part-074420_169385-032593.parquet,35722,downloaded,35722,
2026-07-17,NSE,ITC,raw_l2/trade_date=2026-07-17/exchange=NSE/symbol=ITC/part-074448_152509-032657.parquet,real_data_sample\l2_unseen_validation\trade_date=2026-07-17\exchange=NSE\symbol=ITC\part-074448_152509-032657.parquet,35803,downloaded,35803,
2026-07-17,NSE,ITC,raw_l2/trade_date=2026-07-17/exchange=NSE/symbol=ITC/part-074931_111396-033297.parquet,real_data_sample\l2_unseen_validation\trade_date=2026-07-17\exchange=NSE\symbol=ITC\part-074931_111396-033297.parquet,35846,downloaded,35846,
2026-07-17,NSE,ITC,raw_l2/trade_date=2026-07-17/exchange=NSE/symbol=ITC/part-074806_434558-033105.parquet,real_data_sample\l2_unseen_validation\trade_date=2026-07-17\exchange=NSE\symbol=ITC\part-074806_434558-033105.parquet,35603,downloaded,35603,
2026-07-17,NSE,ITC,raw_l2/trade_date=2026-07-17/exchange=NSE/symbol=ITC/part-074848_721748-033201.parquet,real_data_sample\l2_unseen_validation\trade_date=2026-07-17\exchange=NSE\symbol=ITC\part-074848_721748-033201.parquet,35718,downloaded,35718,
2026-07-17,NSE,ITC,raw_l2/trade_date=2026-07-17/exchange=NSE/symbol=ITC/part-074820_430716-033137.parquet,real_data_sample\l2_unseen_validation\trade_date=2026-07-17\exchange=NSE\symbol=ITC\part-074820_430716-033137.parquet,35581,downloaded,35581,
2026-07-17,NSE,ITC,raw_l2/trade_date=2026-07-17/exchange=NSE/symbol=ITC/part-074945_156893-033329.parquet,real_data_sample\l2_unseen_validation\trade_date=2026-07-17\exchange=NSE\symbol=ITC\part-074945_156893-033329.parquet,35721,downloaded,35721,
2026-07-17,NSE,ITC,raw_l2/trade_date=2026-07-17/exchange=NSE/symbol=ITC/part-074959_129725-033361.parquet,real_data_sample\l2_unseen_validation\trade_date=2026-07-17\exchange=NSE\symbol=ITC\part-074959_129725-033361.parquet,35254,downloaded,35254,
2026-07-17,NSE,ITC,raw_l2/trade_date=2026-07-17/exchange=NSE/symbol=ITC/part-075013_156175-033393.parquet,real_data_sample\l2_unseen_validation\trade_date=2026-07-17\exchange=NSE\symbol=ITC\part-075013_156175-033393.parquet,35157,downloaded,35157,
2026-07-17,NSE,ITC,raw_l2/trade_date=2026-07-17/exchange=NSE/symbol=ITC/part-072826_257266-030449.parquet,real_data_sample\l2_unseen_validation\trade_date=2026-07-17\exchange=NSE\symbol=ITC\part-072826_257266-030449.parquet,35415,downloaded,35415,
2026-07-17,NSE,ITC,raw_l2/trade_date=2026-07-17/exchange=NSE/symbol=ITC/part-075152_966423-033617.parquet,real_data_sample\l2_unseen_validation\trade_date=2026-07-17\exchange=NSE\symbol=ITC\part-075152_966423-033617.parquet,35640,downloaded,35640,
2026-07-17,NSE,ITC,raw_l2/trade_date=2026-07-17/exchange=NSE/symbol=ITC/part-075332_510440-033841.parquet,real_data_sample\l2_unseen_validation\trade_date=2026-07-17\exchange=NSE\symbol=ITC\part-075332_510440-033841.parquet,35778,downloaded,35778,
2026-07-17,NSE,ITC,raw_l2/trade_date=2026-07-17/exchange=NSE/symbol=ITC/part-075553_248762-034161.parquet,real_data_sample\l2_unseen_validation\trade_date=2026-07-17\exchange=NSE\symbol=ITC\part-075553_248762-034161.parquet,35408,downloaded,35408,
2026-07-17,NSE,ITC,raw_l2/trade_date=2026-07-17/exchange=NSE/symbol=ITC/part-075525_264034-034097.parquet,real_data_sample\l2_unseen_validation\trade_date=2026-07-17\exchange=NSE\symbol=ITC\part-075525_264034-034097.parquet,35820,downloaded,35820,
2026-07-17,NSE,ITC,raw_l2/trade_date=2026-07-17/exchange=NSE/symbol=ITC/part-075442_849816-034001.parquet,real_data_sample\l2_unseen_validation\trade_date=2026-07-17\exchange=NSE\symbol=ITC\part-075442_849816-034001.parquet,35648,downloaded,35648,
2026-07-17,NSE,ITC,raw_l2/trade_date=2026-07-17/exchange=NSE/symbol=ITC/part-075539_188615-034129.parquet,real_data_sample\l2_unseen_validation\trade_date=2026-07-17\exchange=NSE\symbol=ITC\part-075539_188615-034129.parquet,35567,downloaded,35567,
2026-07-17,NSE,ITC,raw_l2/trade_date=2026-07-17/exchange=NSE/symbol=ITC/part-075650_044670-034289.parquet,real_data_sample\l2_unseen_validation\trade_date=2026-07-17\exchange=NSE\symbol=ITC\part-075650_044670-034289.parquet,36085,downloaded,36085,
2026-07-17,NSE,ITC,raw_l2/trade_date=2026-07-17/exchange=NSE/symbol=ITC/part-075621_547234-034225.parquet,real_data_sample\l2_unseen_validation\trade_date=2026-07-17\exchange=NSE\symbol=ITC\part-075621_547234-034225.parquet,35626,downloaded,35626,
2026-07-17,NSE,ITC,raw_l2/trade_date=2026-07-17/exchange=NSE/symbol=ITC/part-075304_301673-033777.parquet,real_data_sample\l2_unseen_validation\trade_date=2026-07-17\exchange=NSE\symbol=ITC\part-075304_301673-033777.parquet,35950,downloaded,35950,
2026-07-17,NSE,ITC,raw_l2/trade_date=2026-07-17/exchange=NSE/symbol=ITC/part-075718_559888-034353.parquet,real_data_sample\l2_unseen_validation\trade_date=2026-07-17\exchange=NSE\symbol=ITC\part-075718_559888-034353.parquet,35903,downloaded,35903,
2026-07-17,NSE,ITC,raw_l2/trade_date=2026-07-17/exchange=NSE/symbol=ITC/part-075457_134118-034033.parquet,real_data_sample\l2_unseen_validation\trade_date=2026-07-17\exchange=NSE\symbol=ITC\part-075457_134118-034033.parquet,35568,downloaded,35568,
2026-07-17,NSE,ITC,raw_l2/trade_date=2026-07-17/exchange=NSE/symbol=ITC/part-075704_330672-034321.parquet,real_data_sample\l2_unseen_validation\trade_date=2026-07-17\exchange=NSE\symbol=ITC\part-075704_330672-034321.parquet,35551,downloaded,35551,
2026-07-17,NSE,ITC,raw_l2/trade_date=2026-07-17/exchange=NSE/symbol=ITC/part-075635_794579-034257.parquet,real_data_sample\l2_unseen_validation\trade_date=2026-07-17\exchange=NSE\symbol=ITC\part-075635_794579-034257.parquet,35876,downloaded,35876,
2026-07-17,NSE,ITC,raw_l2/trade_date=2026-07-17/exchange=NSE/symbol=ITC/part-075732_931851-034385.parquet,real_data_sample\l2_unseen_validation\trade_date=2026-07-17\exchange=NSE\symbol=ITC\part-075732_931851-034385.parquet,35541,downloaded,35541,
2026-07-17,NSE,ITC,raw_l2/trade_date=2026-07-17/exchange=NSE/symbol=ITC/part-075801_580317-034449.parquet,real_data_sample\l2_unseen_validation\trade_date=2026-07-17\exchange=NSE\symbol=ITC\part-075801_580317-034449.parquet,35585,downloaded,35585,
2026-07-17,NSE,ITC,raw_l2/trade_date=2026-07-17/exchange=NSE/symbol=ITC/part-075844_830794-034545.parquet,real_data_sample\l2_unseen_validation\trade_date=2026-07-17\exchange=NSE\symbol=ITC\part-075844_830794-034545.parquet,35326,downloaded,35326,
2026-07-17,NSE,ITC,raw_l2/trade_date=2026-07-17/exchange=NSE/symbol=ITC/part-075956_426529-034705.parquet,real_data_sample\l2_unseen_validation\trade_date=2026-07-17\exchange=NSE\symbol=ITC\part-075956_426529-034705.parquet,35662,downloaded,35662,
2026-07-17,NSE,ITC,raw_l2/trade_date=2026-07-17/exchange=NSE/symbol=ITC/part-075913_340454-034609.parquet,real_data_sample\l2_unseen_validation\trade_date=2026-07-17\exchange=NSE\symbol=ITC\part-075913_340454-034609.parquet,35463,downloaded,35463,
2026-07-17,NSE,ITC,raw_l2/trade_date=2026-07-17/exchange=NSE/symbol=ITC/part-075859_059486-034577.parquet,real_data_sample\l2_unseen_validation\trade_date=2026-07-17\exchange=NSE\symbol=ITC\part-075859_059486-034577.parquet,35325,downloaded,35325,
2026-07-17,NSE,ITC,raw_l2/trade_date=2026-07-17/exchange=NSE/symbol=ITC/part-075927_639756-034641.parquet,real_data_sample\l2_unseen_validation\trade_date=2026-07-17\exchange=NSE\symbol=ITC\part-075927_639756-034641.parquet,35515,downloaded,35515,
2026-07-17,NSE,ITC,raw_l2/trade_date=2026-07-17/exchange=NSE/symbol=ITC/part-075816_288768-034481.parquet,real_data_sample\l2_unseen_validation\trade_date=2026-07-17\exchange=NSE\symbol=ITC\part-075816_288768-034481.parquet,35547,downloaded,35547,
2026-07-17,NSE,ITC,raw_l2/trade_date=2026-07-17/exchange=NSE/symbol=ITC/part-080026_062688-034769.parquet,real_data_sample\l2_unseen_validation\trade_date=2026-07-17\exchange=NSE\symbol=ITC\part-080026_062688-034769.parquet,35914,downloaded,35914,
2026-07-17,NSE,ITC,raw_l2/trade_date=2026-07-17/exchange=NSE/symbol=ITC/part-075830_507967-034513.parquet,real_data_sample\l2_unseen_validation\trade_date=2026-07-17\exchange=NSE\symbol=ITC\part-075830_507967-034513.parquet,35200,downloaded,35200,
2026-07-17,NSE,ITC,raw_l2/trade_date=2026-07-17/exchange=NSE/symbol=ITC/part-080011_434270-034737.parquet,real_data_sample\l2_unseen_validation\trade_date=2026-07-17\exchange=NSE\symbol=ITC\part-080011_434270-034737.parquet,35837,downloaded,35837,
2026-07-17,NSE,ITC,raw_l2/trade_date=2026-07-17/exchange=NSE/symbol=ITC/part-080109_101680-034865.parquet,real_data_sample\l2_unseen_validation\trade_date=2026-07-17\exchange=NSE\symbol=ITC\part-080109_101680-034865.parquet,35604,downloaded,35604,
2026-07-17,NSE,ITC,raw_l2/trade_date=2026-07-17/exchange=NSE/symbol=ITC/part-075941_895477-034673.parquet,real_data_sample\l2_unseen_validation\trade_date=2026-07-17\exchange=NSE\symbol=ITC\part-075941_895477-034673.parquet,35266,downloaded,35266,
2026-07-17,NSE,ITC,raw_l2/trade_date=2026-07-17/exchange=NSE/symbol=ITC/part-080040_263416-034801.parquet,real_data_sample\l2_unseen_validation\trade_date=2026-07-17\exchange=NSE\symbol=ITC\part-080040_263416-034801.parquet,35849,downloaded,35849,
2026-07-17,NSE,ITC,raw_l2/trade_date=2026-07-17/exchange=NSE/symbol=ITC/part-080054_789256-034833.parquet,real_data_sample\l2_unseen_validation\trade_date=2026-07-17\exchange=NSE\symbol=ITC\part-080054_789256-034833.parquet,35497,downloaded,35497,
2026-07-17,NSE,ITC,raw_l2/trade_date=2026-07-17/exchange=NSE/symbol=ITC/part-080206_392748-034993.parquet,real_data_sample\l2_unseen_validation\trade_date=2026-07-17\exchange=NSE\symbol=ITC\part-080206_392748-034993.parquet,35934,downloaded,35934,
2026-07-17,NSE,ITC,raw_l2/trade_date=2026-07-17/exchange=NSE/symbol=ITC/part-080137_592578-034929.parquet,real_data_sample\l2_unseen_validation\trade_date=2026-07-17\exchange=NSE\symbol=ITC\part-080137_592578-034929.parquet,35496,downloaded,35496,
2026-07-17,NSE,ITC,raw_l2/trade_date=2026-07-17/exchange=NSE/symbol=ITC/part-080151_999371-034961.parquet,real_data_sample\l2_unseen_validation\trade_date=2026-07-17\exchange=NSE\symbol=ITC\part-080151_999371-034961.parquet,35889,downloaded,35889,
2026-07-17,NSE,ITC,raw_l2/trade_date=2026-07-17/exchange=NSE/symbol=ITC/part-080123_232851-034897.parquet,real_data_sample\l2_unseen_validation\trade_date=2026-07-17\exchange=NSE\symbol=ITC\part-080123_232851-034897.parquet,35468,downloaded,35468,
2026-07-17,NSE,ITC,raw_l2/trade_date=2026-07-17/exchange=NSE/symbol=ITC/part-080220_489775-035025.parquet,real_data_sample\l2_unseen_validation\trade_date=2026-07-17\exchange=NSE\symbol=ITC\part-080220_489775-035025.parquet,36016,downloaded,36016,
2026-07-17,NSE,ITC,raw_l2/trade_date=2026-07-17/exchange=NSE/symbol=ITC/part-080249_853415-035089.parquet,real_data_sample\l2_unseen_validation\trade_date=2026-07-17\exchange=NSE\symbol=ITC\part-080249_853415-035089.parquet,36142,downloaded,36142,
2026-07-17,NSE,ITC,raw_l2/trade_date=2026-07-17/exchange=NSE/symbol=ITC/part-080235_038606-035057.parquet,real_data_sample\l2_unseen_validation\trade_date=2026-07-17\exchange=NSE\symbol=ITC\part-080235_038606-035057.parquet,35622,downloaded,35622,
2026-07-17,NSE,ITC,raw_l2/trade_date=2026-07-17/exchange=NSE/symbol=ITC/part-080304_021575-035121.parquet,real_data_sample\l2_unseen_validation\trade_date=2026-07-17\exchange=NSE\symbol=ITC\part-080304_021575-035121.parquet,35903,downloaded,35903,
2026-07-17,NSE,ITC,raw_l2/trade_date=2026-07-17/exchange=NSE/symbol=ITC/part-080416_477884-035281.parquet,real_data_sample\l2_unseen_validation\trade_date=2026-07-17\exchange=NSE\symbol=ITC\part-080416_477884-035281.parquet,35714,downloaded,35714,
2026-07-17,NSE,ITC,raw_l2/trade_date=2026-07-17/exchange=NSE/symbol=ITC/part-080318_387782-035153.parquet,real_data_sample\l2_unseen_validation\trade_date=2026-07-17\exchange=NSE\symbol=ITC\part-080318_387782-035153.parquet,35762,downloaded,35762,
2026-07-17,NSE,ITC,raw_l2/trade_date=2026-07-17/exchange=NSE/symbol=ITC/part-080332_738315-035185.parquet,real_data_sample\l2_unseen_validation\trade_date=2026-07-17\exchange=NSE\symbol=ITC\part-080332_738315-035185.parquet,35517,downloaded,35517,
2026-07-17,NSE,ITC,raw_l2/trade_date=2026-07-17/exchange=NSE/symbol=ITC/part-080432_848105-035313.parquet,real_data_sample\l2_unseen_validation\trade_date=2026-07-17\exchange=NSE\symbol=ITC\part-080432_848105-035313.parquet,35927,downloaded,35927,
2026-07-17,NSE,ITC,raw_l2/trade_date=2026-07-17/exchange=NSE/symbol=ITC/part-080347_328579-035217.parquet,real_data_sample\l2_unseen_validation\trade_date=2026-07-17\exchange=NSE\symbol=ITC\part-080347_328579-035217.parquet,36026,downloaded,36026,
2026-07-17,NSE,ITC,raw_l2/trade_date=2026-07-17/exchange=NSE/symbol=ITC/part-080402_012596-035249.parquet,real_data_sample\l2_unseen_validation\trade_date=2026-07-17\exchange=NSE\symbol=ITC\part-080402_012596-035249.parquet,35893,downloaded,35893,
2026-07-17,NSE,ITC,raw_l2/trade_date=2026-07-17/exchange=NSE/symbol=ITC/part-080448_040469-035345.parquet,real_data_sample\l2_unseen_validation\trade_date=2026-07-17\exchange=NSE\symbol=ITC\part-080448_040469-035345.parquet,36312,downloaded,36312,
2026-07-17,NSE,ITC,raw_l2/trade_date=2026-07-17/exchange=NSE/symbol=ITC/part-080502_711563-035377.parquet,real_data_sample\l2_unseen_validation\trade_date=2026-07-17\exchange=NSE\symbol=ITC\part-080502_711563-035377.parquet,35616,downloaded,35616,
2026-07-17,NSE,ITC,raw_l2/trade_date=2026-07-17/exchange=NSE/symbol=ITC/part-080532_276348-035441.parquet,real_data_sample\l2_unseen_validation\trade_date=2026-07-17\exchange=NSE\symbol=ITC\part-080532_276348-035441.parquet,35893,downloaded,35893,
2026-07-17,NSE,ITC,raw_l2/trade_date=2026-07-17/exchange=NSE/symbol=ITC/part-080517_187885-035409.parquet,real_data_sample\l2_unseen_validation\trade_date=2026-07-17\exchange=NSE\symbol=ITC\part-080517_187885-035409.parquet,35819,downloaded,35819,
2026-07-17,NSE,ITC,raw_l2/trade_date=2026-07-17/exchange=NSE/symbol=ITC/part-080546_467839-035473.parquet,real_data_sample\l2_unseen_validation\trade_date=2026-07-17\exchange=NSE\symbol=ITC\part-080546_467839-035473.parquet,36008,downloaded,36008,
2026-07-17,NSE,ITC,raw_l2/trade_date=2026-07-17/exchange=NSE/symbol=ITC/part-080600_510545-035505.parquet,real_data_sample\l2_unseen_validation\trade_date=2026-07-17\exchange=NSE\symbol=ITC\part-080600_510545-035505.parquet,35880,downloaded,35880,
2026-07-17,NSE,ITC,raw_l2/trade_date=2026-07-17/exchange=NSE/symbol=ITC/part-080643_703706-035601.parquet,real_data_sample\l2_unseen_validation\trade_date=2026-07-17\exchange=NSE\symbol=ITC\part-080643_703706-035601.parquet,35954,downloaded,35954,
2026-07-17,NSE,ITC,raw_l2/trade_date=2026-07-17/exchange=NSE/symbol=ITC/part-080614_780058-035537.parquet,real_data_sample\l2_unseen_validation\trade_date=2026-07-17\exchange=NSE\symbol=ITC\part-080614_780058-035537.parquet,35816,downloaded,35816,
2026-07-17,NSE,ITC,raw_l2/trade_date=2026-07-17/exchange=NSE/symbol=ITC/part-080629_275060-035569.parquet,real_data_sample\l2_unseen_validation\trade_date=2026-07-17\exchange=NSE\symbol=ITC\part-080629_275060-035569.parquet,36119,downloaded,36119,
2026-07-17,NSE,ITC,raw_l2/trade_date=2026-07-17/exchange=NSE/symbol=ITC/part-080657_932467-035633.parquet,real_data_sample\l2_unseen_validation\trade_date=2026-07-17\exchange=NSE\symbol=ITC\part-080657_932467-035633.parquet,35650,downloaded,35650,
2026-07-17,NSE,ITC,raw_l2/trade_date=2026-07-17/exchange=NSE/symbol=ITC/part-080727_031195-035697.parquet,real_data_sample\l2_unseen_validation\trade_date=2026-07-17\exchange=NSE\symbol=ITC\part-080727_031195-035697.parquet,36134,downloaded,36134,
2026-07-17,NSE,ITC,raw_l2/trade_date=2026-07-17/exchange=NSE/symbol=ITC/part-080756_345279-035761.parquet,real_data_sample\l2_unseen_validation\trade_date=2026-07-17\exchange=NSE\symbol=ITC\part-080756_345279-035761.parquet,35816,downloaded,35816,
2026-07-17,NSE,ITC,raw_l2/trade_date=2026-07-17/exchange=NSE/symbol=ITC/part-080741_536959-035729.parquet,real_data_sample\l2_unseen_validation\trade_date=2026-07-17\exchange=NSE\symbol=ITC\part-080741_536959-035729.parquet,35953,downloaded,35953,
2026-07-17,NSE,ITC,raw_l2/trade_date=2026-07-17/exchange=NSE/symbol=ITC/part-080712_792318-035665.parquet,real_data_sample\l2_unseen_validation\trade_date=2026-07-17\exchange=NSE\symbol=ITC\part-080712_792318-035665.parquet,35661,downloaded,35661,
2026-07-17,NSE,ITC,raw_l2/trade_date=2026-07-17/exchange=NSE/symbol=ITC/part-075747_287001-034417.parquet,real_data_sample\l2_unseen_validation\trade_date=2026-07-17\exchange=NSE\symbol=ITC\part-075747_287001-034417.parquet,35974,downloaded,35974,
2026-07-17,NSE,ITC,raw_l2/trade_date=2026-07-17/exchange=NSE/symbol=ITC/part-080825_381708-035825.parquet,real_data_sample\l2_unseen_validation\trade_date=2026-07-17\exchange=NSE\symbol=ITC\part-080825_381708-035825.parquet,35721,downloaded,35721,
2026-07-17,NSE,ITC,raw_l2/trade_date=2026-07-17/exchange=NSE/symbol=ITC/part-080854_736595-035889.parquet,real_data_sample\l2_unseen_validation\trade_date=2026-07-17\exchange=NSE\symbol=ITC\part-080854_736595-035889.parquet,35640,downloaded,35640,
2026-07-17,NSE,ITC,raw_l2/trade_date=2026-07-17/exchange=NSE/symbol=ITC/part-080840_150967-035857.parquet,real_data_sample\l2_unseen_validation\trade_date=2026-07-17\exchange=NSE\symbol=ITC\part-080840_150967-035857.parquet,35613,downloaded,35613,
2026-07-17,NSE,ITC,raw_l2/trade_date=2026-07-17/exchange=NSE/symbol=ITC/part-080909_237109-035921.parquet,real_data_sample\l2_unseen_validation\trade_date=2026-07-17\exchange=NSE\symbol=ITC\part-080909_237109-035921.parquet,35960,downloaded,35960,
2026-07-17,NSE,ITC,raw_l2/trade_date=2026-07-17/exchange=NSE/symbol=ITC/part-080811_068896-035793.parquet,real_data_sample\l2_unseen_validation\trade_date=2026-07-17\exchange=NSE\symbol=ITC\part-080811_068896-035793.parquet,36092,downloaded,36092,
2026-07-17,NSE,ITC,raw_l2/trade_date=2026-07-17/exchange=NSE/symbol=ITC/part-080924_201236-035953.parquet,real_data_sample\l2_unseen_validation\trade_date=2026-07-17\exchange=NSE\symbol=ITC\part-080924_201236-035953.parquet,35769,downloaded,35769,
2026-07-17,NSE,ITC,raw_l2/trade_date=2026-07-17/exchange=NSE/symbol=ITC/part-080953_513836-036017.parquet,real_data_sample\l2_unseen_validation\trade_date=2026-07-17\exchange=NSE\symbol=ITC\part-080953_513836-036017.parquet,35657,downloaded,35657,
2026-07-17,NSE,ITC,raw_l2/trade_date=2026-07-17/exchange=NSE/symbol=ITC/part-080938_954069-035985.parquet,real_data_sample\l2_unseen_validation\trade_date=2026-07-17\exchange=NSE\symbol=ITC\part-080938_954069-035985.parquet,35792,downloaded,35792,
2026-07-17,NSE,ITC,raw_l2/trade_date=2026-07-17/exchange=NSE/symbol=ITC/part-081023_451972-036081.parquet,real_data_sample\l2_unseen_validation\trade_date=2026-07-17\exchange=NSE\symbol=ITC\part-081023_451972-036081.parquet,35748,downloaded,35748,
2026-07-17,NSE,ITC,raw_l2/trade_date=2026-07-17/exchange=NSE/symbol=ITC/part-081120_699965-036209.parquet,real_data_sample\l2_unseen_validation\trade_date=2026-07-17\exchange=NSE\symbol=ITC\part-081120_699965-036209.parquet,35981,downloaded,35981,
2026-07-17,NSE,ITC,raw_l2/trade_date=2026-07-17/exchange=NSE/symbol=ITC/part-081008_319687-036049.parquet,real_data_sample\l2_unseen_validation\trade_date=2026-07-17\exchange=NSE\symbol=ITC\part-081008_319687-036049.parquet,35422,downloaded,35422,
2026-07-17,NSE,ITC,raw_l2/trade_date=2026-07-17/exchange=NSE/symbol=ITC/part-081052_441761-036145.parquet,real_data_sample\l2_unseen_validation\trade_date=2026-07-17\exchange=NSE\symbol=ITC\part-081052_441761-036145.parquet,36148,downloaded,36148,
2026-07-17,NSE,ITC,raw_l2/trade_date=2026-07-17/exchange=NSE/symbol=ITC/part-081038_224965-036113.parquet,real_data_sample\l2_unseen_validation\trade_date=2026-07-17\exchange=NSE\symbol=ITC\part-081038_224965-036113.parquet,36142,downloaded,36142,
2026-07-17,NSE,ITC,raw_l2/trade_date=2026-07-17/exchange=NSE/symbol=ITC/part-081106_530839-036177.parquet,real_data_sample\l2_unseen_validation\trade_date=2026-07-17\exchange=NSE\symbol=ITC\part-081106_530839-036177.parquet,36044,downloaded,36044,
2026-07-17,NSE,ITC,raw_l2/trade_date=2026-07-17/exchange=NSE/symbol=ITC/part-081203_063673-036305.parquet,real_data_sample\l2_unseen_validation\trade_date=2026-07-17\exchange=NSE\symbol=ITC\part-081203_063673-036305.parquet,35254,downloaded,35254,
2026-07-17,NSE,ITC,raw_l2/trade_date=2026-07-17/exchange=NSE/symbol=ITC/part-081148_875078-036273.parquet,real_data_sample\l2_unseen_validation\trade_date=2026-07-17\exchange=NSE\symbol=ITC\part-081148_875078-036273.parquet,35706,downloaded,35706,
2026-07-17,NSE,ITC,raw_l2/trade_date=2026-07-17/exchange=NSE/symbol=ITC/part-081217_153055-036337.parquet,real_data_sample\l2_unseen_validation\trade_date=2026-07-17\exchange=NSE\symbol=ITC\part-081217_153055-036337.parquet,35290,downloaded,35290,
2026-07-17,NSE,ITC,raw_l2/trade_date=2026-07-17/exchange=NSE/symbol=ITC/part-081245_818345-036401.parquet,real_data_sample\l2_unseen_validation\trade_date=2026-07-17\exchange=NSE\symbol=ITC\part-081245_818345-036401.parquet,35901,downloaded,35901,
2026-07-17,NSE,ITC,raw_l2/trade_date=2026-07-17/exchange=NSE/symbol=ITC/part-081231_364864-036369.parquet,real_data_sample\l2_unseen_validation\trade_date=2026-07-17\exchange=NSE\symbol=ITC\part-081231_364864-036369.parquet,35317,downloaded,35317,
2026-07-17,NSE,ITC,raw_l2/trade_date=2026-07-17/exchange=NSE/symbol=ITC/part-081300_439222-036433.parquet,real_data_sample\l2_unseen_validation\trade_date=2026-07-17\exchange=NSE\symbol=ITC\part-081300_439222-036433.parquet,35525,downloaded,35525,
2026-07-17,NSE,ITC,raw_l2/trade_date=2026-07-17/exchange=NSE/symbol=ITC/part-081315_052015-036465.parquet,real_data_sample\l2_unseen_validation\trade_date=2026-07-17\exchange=NSE\symbol=ITC\part-081315_052015-036465.parquet,35445,downloaded,35445,
2026-07-17,NSE,ITC,raw_l2/trade_date=2026-07-17/exchange=NSE/symbol=ITC/part-081343_497085-036529.parquet,real_data_sample\l2_unseen_validation\trade_date=2026-07-17\exchange=NSE\symbol=ITC\part-081343_497085-036529.parquet,35742,downloaded,35742,
2026-07-17,NSE,ITC,raw_l2/trade_date=2026-07-17/exchange=NSE/symbol=ITC/part-081357_766077-036561.parquet,real_data_sample\l2_unseen_validation\trade_date=2026-07-17\exchange=NSE\symbol=ITC\part-081357_766077-036561.parquet,35609,downloaded,35609,
2026-07-17,NSE,ITC,raw_l2/trade_date=2026-07-17/exchange=NSE/symbol=ITC/part-081329_294499-036497.parquet,real_data_sample\l2_unseen_validation\trade_date=2026-07-17\exchange=NSE\symbol=ITC\part-081329_294499-036497.parquet,36054,downloaded,36054,
2026-07-17,NSE,ITC,raw_l2/trade_date=2026-07-17/exchange=NSE/symbol=ITC/part-081412_097064-036593.parquet,real_data_sample\l2_unseen_validation\trade_date=2026-07-17\exchange=NSE\symbol=ITC\part-081412_097064-036593.parquet,36210,downloaded,36210,
2026-07-17,NSE,ITC,raw_l2/trade_date=2026-07-17/exchange=NSE/symbol=ITC/part-075607_370194-034193.parquet,real_data_sample\l2_unseen_validation\trade_date=2026-07-17\exchange=NSE\symbol=ITC\part-075607_370194-034193.parquet,35591,downloaded,35591,
2026-07-17,NSE,ITC,raw_l2/trade_date=2026-07-17/exchange=NSE/symbol=ITC/part-075207_229242-033649.parquet,real_data_sample\l2_unseen_validation\trade_date=2026-07-17\exchange=NSE\symbol=ITC\part-075207_229242-033649.parquet,35567,downloaded,35567,
2026-07-17,NSE,ITC,raw_l2/trade_date=2026-07-17/exchange=NSE/symbol=ITC/part-081536_788946-036785.parquet,real_data_sample\l2_unseen_validation\trade_date=2026-07-17\exchange=NSE\symbol=ITC\part-081536_788946-036785.parquet,35244,downloaded,35244,
2026-07-17,NSE,ITC,raw_l2/trade_date=2026-07-17/exchange=NSE/symbol=ITC/part-075400_548426-033905.parquet,real_data_sample\l2_unseen_validation\trade_date=2026-07-17\exchange=NSE\symbol=ITC\part-075400_548426-033905.parquet,35512,downloaded,35512,
2026-07-17,NSE,ITC,raw_l2/trade_date=2026-07-17/exchange=NSE/symbol=ITC/part-081550_665607-036817.parquet,real_data_sample\l2_unseen_validation\trade_date=2026-07-17\exchange=NSE\symbol=ITC\part-081550_665607-036817.parquet,35426,downloaded,35426,
2026-07-17,NSE,ITC,raw_l2/trade_date=2026-07-17/exchange=NSE/symbol=ITC/part-081426_312572-036625.parquet,real_data_sample\l2_unseen_validation\trade_date=2026-07-17\exchange=NSE\symbol=ITC\part-081426_312572-036625.parquet,35997,downloaded,35997,
2026-07-17,NSE,ITC,raw_l2/trade_date=2026-07-17/exchange=NSE/symbol=ITC/part-081508_565097-036721.parquet,real_data_sample\l2_unseen_validation\trade_date=2026-07-17\exchange=NSE\symbol=ITC\part-081508_565097-036721.parquet,35962,downloaded,35962,
2026-07-17,NSE,ITC,raw_l2/trade_date=2026-07-17/exchange=NSE/symbol=ITC/part-081522_712065-036753.parquet,real_data_sample\l2_unseen_validation\trade_date=2026-07-17\exchange=NSE\symbol=ITC\part-081522_712065-036753.parquet,35771,downloaded,35771,
2026-07-17,NSE,ITC,raw_l2/trade_date=2026-07-17/exchange=NSE/symbol=ITC/part-075249_802036-033745.parquet,real_data_sample\l2_unseen_validation\trade_date=2026-07-17\exchange=NSE\symbol=ITC\part-075249_802036-033745.parquet,36124,downloaded,36124,
2026-07-17,NSE,ITC,raw_l2/trade_date=2026-07-17/exchange=NSE/symbol=ITC/part-081440_512187-036657.parquet,real_data_sample\l2_unseen_validation\trade_date=2026-07-17\exchange=NSE\symbol=ITC\part-081440_512187-036657.parquet,36057,downloaded,36057,
2026-07-17,NSE,ITC,raw_l2/trade_date=2026-07-17/exchange=NSE/symbol=ITC/part-081454_406953-036689.parquet,real_data_sample\l2_unseen_validation\trade_date=2026-07-17\exchange=NSE\symbol=ITC\part-081454_406953-036689.parquet,35696,downloaded,35696,
2026-07-17,NSE,ITC,raw_l2/trade_date=2026-07-17/exchange=NSE/symbol=ITC/part-081604_795233-036849.parquet,real_data_sample\l2_unseen_validation\trade_date=2026-07-17\exchange=NSE\symbol=ITC\part-081604_795233-036849.parquet,35105,downloaded,35105,
2026-07-17,NSE,ITC,raw_l2/trade_date=2026-07-17/exchange=NSE/symbol=ITC/part-075511_234150-034065.parquet,real_data_sample\l2_unseen_validation\trade_date=2026-07-17\exchange=NSE\symbol=ITC\part-075511_234150-034065.parquet,35560,downloaded,35560,
2026-07-17,NSE,ITC,raw_l2/trade_date=2026-07-17/exchange=NSE/symbol=ITC/part-081618_669605-036881.parquet,real_data_sample\l2_unseen_validation\trade_date=2026-07-17\exchange=NSE\symbol=ITC\part-081618_669605-036881.parquet,35422,downloaded,35422,
2026-07-17,NSE,ITC,raw_l2/trade_date=2026-07-17/exchange=NSE/symbol=ITC/part-075110_322692-033521.parquet,real_data_sample\l2_unseen_validation\trade_date=2026-07-17\exchange=NSE\symbol=ITC\part-075110_322692-033521.parquet,35751,downloaded,35751,
2026-07-17,NSE,ITC,raw_l2/trade_date=2026-07-17/exchange=NSE/symbol=ITC/part-075221_401102-033681.parquet,real_data_sample\l2_unseen_validation\trade_date=2026-07-17\exchange=NSE\symbol=ITC\part-075221_401102-033681.parquet,35234,downloaded,35234,
2026-07-17,NSE,ITC,raw_l2/trade_date=2026-07-17/exchange=NSE/symbol=ITC/part-075235_586850-033713.parquet,real_data_sample\l2_unseen_validation\trade_date=2026-07-17\exchange=NSE\symbol=ITC\part-075235_586850-033713.parquet,35600,downloaded,35600,
2026-07-17,NSE,ITC,raw_l2/trade_date=2026-07-17/exchange=NSE/symbol=ITC/part-075027_886278-033425.parquet,real_data_sample\l2_unseen_validation\trade_date=2026-07-17\exchange=NSE\symbol=ITC\part-075027_886278-033425.parquet,35651,downloaded,35651,
2026-07-17,NSE,ITC,raw_l2/trade_date=2026-07-17/exchange=NSE/symbol=ITC/part-081134_659380-036241.parquet,real_data_sample\l2_unseen_validation\trade_date=2026-07-17\exchange=NSE\symbol=ITC\part-081134_659380-036241.parquet,35883,downloaded,35883,
2026-07-17,NSE,ITC,raw_l2/trade_date=2026-07-17/exchange=NSE/symbol=ITC/part-075346_427758-033873.parquet,real_data_sample\l2_unseen_validation\trade_date=2026-07-17\exchange=NSE\symbol=ITC\part-075346_427758-033873.parquet,35651,downloaded,35651,
2026-07-17,NSE,ITC,raw_l2/trade_date=2026-07-17/exchange=NSE/symbol=ITC/part-075414_759809-033937.parquet,real_data_sample\l2_unseen_validation\trade_date=2026-07-17\exchange=NSE\symbol=ITC\part-075414_759809-033937.parquet,35203,downloaded,35203,
2026-07-17,NSE,ITC,raw_l2/trade_date=2026-07-17/exchange=NSE/symbol=ITC/part-075428_665473-033969.parquet,real_data_sample\l2_unseen_validation\trade_date=2026-07-17\exchange=NSE\symbol=ITC\part-075428_665473-033969.parquet,35482,downloaded,35482,
2026-07-17,NSE,ITC,raw_l2/trade_date=2026-07-17/exchange=NSE/symbol=ITC/part-075138_466920-033585.parquet,real_data_sample\l2_unseen_validation\trade_date=2026-07-17\exchange=NSE\symbol=ITC\part-075138_466920-033585.parquet,35646,downloaded,35646,
2026-07-17,NSE,ITC,raw_l2/trade_date=2026-07-17/exchange=NSE/symbol=ITC/part-081646_775704-036945.parquet,real_data_sample\l2_unseen_validation\trade_date=2026-07-17\exchange=NSE\symbol=ITC\part-081646_775704-036945.parquet,35880,downloaded,35880,
2026-07-17,NSE,ITC,raw_l2/trade_date=2026-07-17/exchange=NSE/symbol=ITC/part-075042_386627-033457.parquet,real_data_sample\l2_unseen_validation\trade_date=2026-07-17\exchange=NSE\symbol=ITC\part-075042_386627-033457.parquet,35845,downloaded,35845,
2026-07-17,NSE,ITC,raw_l2/trade_date=2026-07-17/exchange=NSE/symbol=ITC/part-081632_734159-036913.parquet,real_data_sample\l2_unseen_validation\trade_date=2026-07-17\exchange=NSE\symbol=ITC\part-081632_734159-036913.parquet,35455,downloaded,35455,
2026-07-17,NSE,ITC,raw_l2/trade_date=2026-07-17/exchange=NSE/symbol=ITC/part-081700_980375-036977.parquet,real_data_sample\l2_unseen_validation\trade_date=2026-07-17\exchange=NSE\symbol=ITC\part-081700_980375-036977.parquet,35999,downloaded,35999,
2026-07-17,NSE,ITC,raw_l2/trade_date=2026-07-17/exchange=NSE/symbol=ITC/part-081715_306523-037009.parquet,real_data_sample\l2_unseen_validation\trade_date=2026-07-17\exchange=NSE\symbol=ITC\part-081715_306523-037009.parquet,35945,downloaded,35945,
2026-07-17,NSE,ITC,raw_l2/trade_date=2026-07-17/exchange=NSE/symbol=ITC/part-081729_925230-037041.parquet,real_data_sample\l2_unseen_validation\trade_date=2026-07-17\exchange=NSE\symbol=ITC\part-081729_925230-037041.parquet,35831,downloaded,35831,
2026-07-17,NSE,ITC,raw_l2/trade_date=2026-07-17/exchange=NSE/symbol=ITC/part-075056_396799-033489.parquet,real_data_sample\l2_unseen_validation\trade_date=2026-07-17\exchange=NSE\symbol=ITC\part-075056_396799-033489.parquet,35991,downloaded,35991,
2026-07-17,NSE,ITC,raw_l2/trade_date=2026-07-17/exchange=NSE/symbol=ITC/part-081744_199877-037073.parquet,real_data_sample\l2_unseen_validation\trade_date=2026-07-17\exchange=NSE\symbol=ITC\part-081744_199877-037073.parquet,35546,downloaded,35546,
2026-07-17,NSE,ITC,raw_l2/trade_date=2026-07-17/exchange=NSE/symbol=ITC/part-081813_046983-037137.parquet,real_data_sample\l2_unseen_validation\trade_date=2026-07-17\exchange=NSE\symbol=ITC\part-081813_046983-037137.parquet,35874,downloaded,35874,
2026-07-17,NSE,ITC,raw_l2/trade_date=2026-07-17/exchange=NSE/symbol=ITC/part-081758_506106-037105.parquet,real_data_sample\l2_unseen_validation\trade_date=2026-07-17\exchange=NSE\symbol=ITC\part-081758_506106-037105.parquet,35792,downloaded,35792,
2026-07-17,NSE,ITC,raw_l2/trade_date=2026-07-17/exchange=NSE/symbol=ITC/part-081827_273855-037169.parquet,real_data_sample\l2_unseen_validation\trade_date=2026-07-17\exchange=NSE\symbol=ITC\part-081827_273855-037169.parquet,35863,downloaded,35863,
2026-07-17,NSE,ITC,raw_l2/trade_date=2026-07-17/exchange=NSE/symbol=ITC/part-081842_016188-037201.parquet,real_data_sample\l2_unseen_validation\trade_date=2026-07-17\exchange=NSE\symbol=ITC\part-081842_016188-037201.parquet,36028,downloaded,36028,
2026-07-17,NSE,ITC,raw_l2/trade_date=2026-07-17/exchange=NSE/symbol=ITC/part-081910_023991-037265.parquet,real_data_sample\l2_unseen_validation\trade_date=2026-07-17\exchange=NSE\symbol=ITC\part-081910_023991-037265.parquet,35579,downloaded,35579,
2026-07-17,NSE,ITC,raw_l2/trade_date=2026-07-17/exchange=NSE/symbol=ITC/part-075318_459922-033809.parquet,real_data_sample\l2_unseen_validation\trade_date=2026-07-17\exchange=NSE\symbol=ITC\part-075318_459922-033809.parquet,35781,downloaded,35781,
2026-07-17,NSE,ITC,raw_l2/trade_date=2026-07-17/exchange=NSE/symbol=ITC/part-082021_341577-037425.parquet,real_data_sample\l2_unseen_validation\trade_date=2026-07-17\exchange=NSE\symbol=ITC\part-082021_341577-037425.parquet,35954,downloaded,35954,
2026-07-17,NSE,ITC,raw_l2/trade_date=2026-07-17/exchange=NSE/symbol=ITC/part-081924_411454-037297.parquet,real_data_sample\l2_unseen_validation\trade_date=2026-07-17\exchange=NSE\symbol=ITC\part-081924_411454-037297.parquet,35566,downloaded,35566,
2026-07-17,NSE,ITC,raw_l2/trade_date=2026-07-17/exchange=NSE/symbol=ITC/part-081856_074695-037233.parquet,real_data_sample\l2_unseen_validation\trade_date=2026-07-17\exchange=NSE\symbol=ITC\part-081856_074695-037233.parquet,35728,downloaded,35728,
2026-07-17,NSE,ITC,raw_l2/trade_date=2026-07-17/exchange=NSE/symbol=ITC/part-081952_967400-037361.parquet,real_data_sample\l2_unseen_validation\trade_date=2026-07-17\exchange=NSE\symbol=ITC\part-081952_967400-037361.parquet,35674,downloaded,35674,
2026-07-17,NSE,ITC,raw_l2/trade_date=2026-07-17/exchange=NSE/symbol=ITC/part-082051_099072-037489.parquet,real_data_sample\l2_unseen_validation\trade_date=2026-07-17\exchange=NSE\symbol=ITC\part-082051_099072-037489.parquet,35606,downloaded,35606,
2026-07-17,NSE,ITC,raw_l2/trade_date=2026-07-17/exchange=NSE/symbol=ITC/part-082035_509583-037457.parquet,real_data_sample\l2_unseen_validation\trade_date=2026-07-17\exchange=NSE\symbol=ITC\part-082035_509583-037457.parquet,35776,downloaded,35776,
2026-07-17,NSE,ITC,raw_l2/trade_date=2026-07-17/exchange=NSE/symbol=ITC/part-081938_671207-037329.parquet,real_data_sample\l2_unseen_validation\trade_date=2026-07-17\exchange=NSE\symbol=ITC\part-081938_671207-037329.parquet,35444,downloaded,35444,
2026-07-17,NSE,ITC,raw_l2/trade_date=2026-07-17/exchange=NSE/symbol=ITC/part-082006_979649-037393.parquet,real_data_sample\l2_unseen_validation\trade_date=2026-07-17\exchange=NSE\symbol=ITC\part-082006_979649-037393.parquet,35912,downloaded,35912,
2026-07-17,NSE,ITC,raw_l2/trade_date=2026-07-17/exchange=NSE/symbol=ITC/part-082216_643292-037681.parquet,real_data_sample\l2_unseen_validation\trade_date=2026-07-17\exchange=NSE\symbol=ITC\part-082216_643292-037681.parquet,36031,downloaded,36031,
2026-07-17,NSE,ITC,raw_l2/trade_date=2026-07-17/exchange=NSE/symbol=ITC/part-082230_723579-037713.parquet,real_data_sample\l2_unseen_validation\trade_date=2026-07-17\exchange=NSE\symbol=ITC\part-082230_723579-037713.parquet,35578,downloaded,35578,
2026-07-17,NSE,ITC,raw_l2/trade_date=2026-07-17/exchange=NSE/symbol=ITC/part-082148_256380-037617.parquet,real_data_sample\l2_unseen_validation\trade_date=2026-07-17\exchange=NSE\symbol=ITC\part-082148_256380-037617.parquet,35856,downloaded,35856,
2026-07-17,NSE,ITC,raw_l2/trade_date=2026-07-17/exchange=NSE/symbol=ITC/part-082244_980893-037745.parquet,real_data_sample\l2_unseen_validation\trade_date=2026-07-17\exchange=NSE\symbol=ITC\part-082244_980893-037745.parquet,35859,downloaded,35859,
2026-07-17,NSE,ITC,raw_l2/trade_date=2026-07-17/exchange=NSE/symbol=ITC/part-082259_039919-037777.parquet,real_data_sample\l2_unseen_validation\trade_date=2026-07-17\exchange=NSE\symbol=ITC\part-082259_039919-037777.parquet,35604,downloaded,35604,
2026-07-17,NSE,ITC,raw_l2/trade_date=2026-07-17/exchange=NSE/symbol=ITC/part-082119_825895-037553.parquet,real_data_sample\l2_unseen_validation\trade_date=2026-07-17\exchange=NSE\symbol=ITC\part-082119_825895-037553.parquet,35696,downloaded,35696,
2026-07-17,NSE,ITC,raw_l2/trade_date=2026-07-17/exchange=NSE/symbol=ITC/part-075124_420593-033553.parquet,real_data_sample\l2_unseen_validation\trade_date=2026-07-17\exchange=NSE\symbol=ITC\part-075124_420593-033553.parquet,35795,downloaded,35795,
2026-07-17,NSE,ITC,raw_l2/trade_date=2026-07-17/exchange=NSE/symbol=ITC/part-082313_605126-037809.parquet,real_data_sample\l2_unseen_validation\trade_date=2026-07-17\exchange=NSE\symbol=ITC\part-082313_605126-037809.parquet,35362,downloaded,35362,
2026-07-17,NSE,ITC,raw_l2/trade_date=2026-07-17/exchange=NSE/symbol=ITC/part-082355_943450-037905.parquet,real_data_sample\l2_unseen_validation\trade_date=2026-07-17\exchange=NSE\symbol=ITC\part-082355_943450-037905.parquet,35834,downloaded,35834,
2026-07-17,NSE,ITC,raw_l2/trade_date=2026-07-17/exchange=NSE/symbol=ITC/part-082534_907953-038129.parquet,real_data_sample\l2_unseen_validation\trade_date=2026-07-17\exchange=NSE\symbol=ITC\part-082534_907953-038129.parquet,35477,downloaded,35477,
2026-07-17,NSE,ITC,raw_l2/trade_date=2026-07-17/exchange=NSE/symbol=ITC/part-082410_090997-037937.parquet,real_data_sample\l2_unseen_validation\trade_date=2026-07-17\exchange=NSE\symbol=ITC\part-082410_090997-037937.parquet,35910,downloaded,35910,
2026-07-17,NSE,ITC,raw_l2/trade_date=2026-07-17/exchange=NSE/symbol=ITC/part-082341_899017-037873.parquet,real_data_sample\l2_unseen_validation\trade_date=2026-07-17\exchange=NSE\symbol=ITC\part-082341_899017-037873.parquet,35702,downloaded,35702,
2026-07-17,NSE,ITC,raw_l2/trade_date=2026-07-17/exchange=NSE/symbol=ITC/part-082520_643109-038097.parquet,real_data_sample\l2_unseen_validation\trade_date=2026-07-17\exchange=NSE\symbol=ITC\part-082520_643109-038097.parquet,35537,downloaded,35537,
2026-07-17,NSE,ITC,raw_l2/trade_date=2026-07-17/exchange=NSE/symbol=ITC/part-082506_467538-038065.parquet,real_data_sample\l2_unseen_validation\trade_date=2026-07-17\exchange=NSE\symbol=ITC\part-082506_467538-038065.parquet,35597,downloaded,35597,
2026-07-17,NSE,ITC,raw_l2/trade_date=2026-07-17/exchange=NSE/symbol=ITC/part-082438_239761-038001.parquet,real_data_sample\l2_unseen_validation\trade_date=2026-07-17\exchange=NSE\symbol=ITC\part-082438_239761-038001.parquet,35641,downloaded,35641,
2026-07-17,NSE,ITC,raw_l2/trade_date=2026-07-17/exchange=NSE/symbol=ITC/part-082452_511661-038033.parquet,real_data_sample\l2_unseen_validation\trade_date=2026-07-17\exchange=NSE\symbol=ITC\part-082452_511661-038033.parquet,35839,downloaded,35839,
2026-07-17,NSE,ITC,raw_l2/trade_date=2026-07-17/exchange=NSE/symbol=ITC/part-082549_443403-038161.parquet,real_data_sample\l2_unseen_validation\trade_date=2026-07-17\exchange=NSE\symbol=ITC\part-082549_443403-038161.parquet,35561,downloaded,35561,
2026-07-17,NSE,ITC,raw_l2/trade_date=2026-07-17/exchange=NSE/symbol=ITC/part-082603_831991-038193.parquet,real_data_sample\l2_unseen_validation\trade_date=2026-07-17\exchange=NSE\symbol=ITC\part-082603_831991-038193.parquet,35687,downloaded,35687,
2026-07-17,NSE,ITC,raw_l2/trade_date=2026-07-17/exchange=NSE/symbol=ITC/part-082424_345943-037969.parquet,real_data_sample\l2_unseen_validation\trade_date=2026-07-17\exchange=NSE\symbol=ITC\part-082424_345943-037969.parquet,35535,downloaded,35535,
2026-07-17,NSE,ITC,raw_l2/trade_date=2026-07-17/exchange=NSE/symbol=ITC/part-082134_134317-037585.parquet,real_data_sample\l2_unseen_validation\trade_date=2026-07-17\exchange=NSE\symbol=ITC\part-082134_134317-037585.parquet,36033,downloaded,36033,
2026-07-17,NSE,ITC,raw_l2/trade_date=2026-07-17/exchange=NSE/symbol=ITC/part-082618_082227-038225.parquet,real_data_sample\l2_unseen_validation\trade_date=2026-07-17\exchange=NSE\symbol=ITC\part-082618_082227-038225.parquet,35941,downloaded,35941,
2026-07-17,NSE,ITC,raw_l2/trade_date=2026-07-17/exchange=NSE/symbol=ITC/part-082202_581544-037649.parquet,real_data_sample\l2_unseen_validation\trade_date=2026-07-17\exchange=NSE\symbol=ITC\part-082202_581544-037649.parquet,35837,downloaded,35837,
2026-07-17,NSE,ITC,raw_l2/trade_date=2026-07-17/exchange=NSE/symbol=ITC/part-082632_633681-038257.parquet,real_data_sample\l2_unseen_validation\trade_date=2026-07-17\exchange=NSE\symbol=ITC\part-082632_633681-038257.parquet,35800,downloaded,35800,
2026-07-17,NSE,ITC,raw_l2/trade_date=2026-07-17/exchange=NSE/symbol=ITC/part-082743_559063-038417.parquet,real_data_sample\l2_unseen_validation\trade_date=2026-07-17\exchange=NSE\symbol=ITC\part-082743_559063-038417.parquet,35797,downloaded,35797,
2026-07-17,NSE,ITC,raw_l2/trade_date=2026-07-17/exchange=NSE/symbol=ITC/part-082729_226502-038385.parquet,real_data_sample\l2_unseen_validation\trade_date=2026-07-17\exchange=NSE\symbol=ITC\part-082729_226502-038385.parquet,35724,downloaded,35724,
2026-07-17,NSE,ITC,raw_l2/trade_date=2026-07-17/exchange=NSE/symbol=ITC/part-082757_881383-038449.parquet,real_data_sample\l2_unseen_validation\trade_date=2026-07-17\exchange=NSE\symbol=ITC\part-082757_881383-038449.parquet,35923,downloaded,35923,
2026-07-17,NSE,ITC,raw_l2/trade_date=2026-07-17/exchange=NSE/symbol=ITC/part-082646_675233-038289.parquet,real_data_sample\l2_unseen_validation\trade_date=2026-07-17\exchange=NSE\symbol=ITC\part-082646_675233-038289.parquet,35998,downloaded,35998,
2026-07-17,NSE,ITC,raw_l2/trade_date=2026-07-17/exchange=NSE/symbol=ITC/part-082715_127562-038353.parquet,real_data_sample\l2_unseen_validation\trade_date=2026-07-17\exchange=NSE\symbol=ITC\part-082715_127562-038353.parquet,35578,downloaded,35578,
2026-07-17,NSE,ITC,raw_l2/trade_date=2026-07-17/exchange=NSE/symbol=ITC/part-082700_710066-038321.parquet,real_data_sample\l2_unseen_validation\trade_date=2026-07-17\exchange=NSE\symbol=ITC\part-082700_710066-038321.parquet,35893,downloaded,35893,
2026-07-17,NSE,ITC,raw_l2/trade_date=2026-07-17/exchange=NSE/symbol=ITC/part-082826_999147-038513.parquet,real_data_sample\l2_unseen_validation\trade_date=2026-07-17\exchange=NSE\symbol=ITC\part-082826_999147-038513.parquet,35838,downloaded,35838,
2026-07-17,NSE,ITC,raw_l2/trade_date=2026-07-17/exchange=NSE/symbol=ITC/part-082812_452434-038481.parquet,real_data_sample\l2_unseen_validation\trade_date=2026-07-17\exchange=NSE\symbol=ITC\part-082812_452434-038481.parquet,36010,downloaded,36010,
2026-07-17,NSE,ITC,raw_l2/trade_date=2026-07-17/exchange=NSE/symbol=ITC/part-082105_331944-037521.parquet,real_data_sample\l2_unseen_validation\trade_date=2026-07-17\exchange=NSE\symbol=ITC\part-082105_331944-037521.parquet,35459,downloaded,35459,
2026-07-17,NSE,ITC,raw_l2/trade_date=2026-07-17/exchange=NSE/symbol=ITC/part-082939_421604-038673.parquet,real_data_sample\l2_unseen_validation\trade_date=2026-07-17\exchange=NSE\symbol=ITC\part-082939_421604-038673.parquet,35871,downloaded,35871,
2026-07-17,NSE,ITC,raw_l2/trade_date=2026-07-17/exchange=NSE/symbol=ITC/part-082953_947518-038705.parquet,real_data_sample\l2_unseen_validation\trade_date=2026-07-17\exchange=NSE\symbol=ITC\part-082953_947518-038705.parquet,35657,downloaded,35657,
2026-07-17,NSE,ITC,raw_l2/trade_date=2026-07-17/exchange=NSE/symbol=ITC/part-083008_705593-038737.parquet,real_data_sample\l2_unseen_validation\trade_date=2026-07-17\exchange=NSE\symbol=ITC\part-083008_705593-038737.parquet,35363,downloaded,35363,
2026-07-17,NSE,ITC,raw_l2/trade_date=2026-07-17/exchange=NSE/symbol=ITC/part-082910_462692-038609.parquet,real_data_sample\l2_unseen_validation\trade_date=2026-07-17\exchange=NSE\symbol=ITC\part-082910_462692-038609.parquet,35395,downloaded,35395,
2026-07-17,NSE,ITC,raw_l2/trade_date=2026-07-17/exchange=NSE/symbol=ITC/part-082855_854131-038577.parquet,real_data_sample\l2_unseen_validation\trade_date=2026-07-17\exchange=NSE\symbol=ITC\part-082855_854131-038577.parquet,36046,downloaded,36046,
2026-07-17,NSE,ITC,raw_l2/trade_date=2026-07-17/exchange=NSE/symbol=ITC/part-082841_440645-038545.parquet,real_data_sample\l2_unseen_validation\trade_date=2026-07-17\exchange=NSE\symbol=ITC\part-082841_440645-038545.parquet,35871,downloaded,35871,
2026-07-17,NSE,ITC,raw_l2/trade_date=2026-07-17/exchange=NSE/symbol=ITC/part-082925_011598-038641.parquet,real_data_sample\l2_unseen_validation\trade_date=2026-07-17\exchange=NSE\symbol=ITC\part-082925_011598-038641.parquet,35709,downloaded,35709,
2026-07-17,NSE,ITC,raw_l2/trade_date=2026-07-17/exchange=NSE/symbol=ITC/part-082327_872568-037841.parquet,real_data_sample\l2_unseen_validation\trade_date=2026-07-17\exchange=NSE\symbol=ITC\part-082327_872568-037841.parquet,35699,downloaded,35699,
2026-07-17,NSE,ITC,raw_l2/trade_date=2026-07-17/exchange=NSE/symbol=ITC/part-083121_186261-038897.parquet,real_data_sample\l2_unseen_validation\trade_date=2026-07-17\exchange=NSE\symbol=ITC\part-083121_186261-038897.parquet,35481,downloaded,35481,
2026-07-17,NSE,ITC,raw_l2/trade_date=2026-07-17/exchange=NSE/symbol=ITC/part-083051_830388-038833.parquet,real_data_sample\l2_unseen_validation\trade_date=2026-07-17\exchange=NSE\symbol=ITC\part-083051_830388-038833.parquet,36063,downloaded,36063,
2026-07-17,NSE,ITC,raw_l2/trade_date=2026-07-17/exchange=NSE/symbol=ITC/part-083219_324405-039025.parquet,real_data_sample\l2_unseen_validation\trade_date=2026-07-17\exchange=NSE\symbol=ITC\part-083219_324405-039025.parquet,35357,downloaded,35357,
2026-07-17,NSE,ITC,raw_l2/trade_date=2026-07-17/exchange=NSE/symbol=ITC/part-083135_825149-038929.parquet,real_data_sample\l2_unseen_validation\trade_date=2026-07-17\exchange=NSE\symbol=ITC\part-083135_825149-038929.parquet,35952,downloaded,35952,
2026-07-17,NSE,ITC,raw_l2/trade_date=2026-07-17/exchange=NSE/symbol=ITC/part-083150_349924-038961.parquet,real_data_sample\l2_unseen_validation\trade_date=2026-07-17\exchange=NSE\symbol=ITC\part-083150_349924-038961.parquet,35688,downloaded,35688,
2026-07-17,NSE,ITC,raw_l2/trade_date=2026-07-17/exchange=NSE/symbol=ITC/part-083204_575031-038993.parquet,real_data_sample\l2_unseen_validation\trade_date=2026-07-17\exchange=NSE\symbol=ITC\part-083204_575031-038993.parquet,35805,downloaded,35805,
2026-07-17,NSE,ITC,raw_l2/trade_date=2026-07-17/exchange=NSE/symbol=ITC/part-083233_967849-039057.parquet,real_data_sample\l2_unseen_validation\trade_date=2026-07-17\exchange=NSE\symbol=ITC\part-083233_967849-039057.parquet,35996,downloaded,35996,
2026-07-17,NSE,ITC,raw_l2/trade_date=2026-07-17/exchange=NSE/symbol=ITC/part-083037_385676-038801.parquet,real_data_sample\l2_unseen_validation\trade_date=2026-07-17\exchange=NSE\symbol=ITC\part-083037_385676-038801.parquet,35806,downloaded,35806,
2026-07-17,NSE,ITC,raw_l2/trade_date=2026-07-17/exchange=NSE/symbol=ITC/part-083023_039156-038769.parquet,real_data_sample\l2_unseen_validation\trade_date=2026-07-17\exchange=NSE\symbol=ITC\part-083023_039156-038769.parquet,36120,downloaded,36120,
2026-07-17,NSE,ITC,raw_l2/trade_date=2026-07-17/exchange=NSE/symbol=ITC/part-083106_276898-038865.parquet,real_data_sample\l2_unseen_validation\trade_date=2026-07-17\exchange=NSE\symbol=ITC\part-083106_276898-038865.parquet,35607,downloaded,35607,
2026-07-17,NSE,ITC,raw_l2/trade_date=2026-07-17/exchange=NSE/symbol=ITC/part-083248_488506-039089.parquet,real_data_sample\l2_unseen_validation\trade_date=2026-07-17\exchange=NSE\symbol=ITC\part-083248_488506-039089.parquet,35903,downloaded,35903,
2026-07-17,NSE,ITC,raw_l2/trade_date=2026-07-17/exchange=NSE/symbol=ITC/part-083400_849799-039249.parquet,real_data_sample\l2_unseen_validation\trade_date=2026-07-17\exchange=NSE\symbol=ITC\part-083400_849799-039249.parquet,35577,downloaded,35577,
2026-07-17,NSE,ITC,raw_l2/trade_date=2026-07-17/exchange=NSE/symbol=ITC/part-083317_875376-039153.parquet,real_data_sample\l2_unseen_validation\trade_date=2026-07-17\exchange=NSE\symbol=ITC\part-083317_875376-039153.parquet,35680,downloaded,35680,
2026-07-17,NSE,ITC,raw_l2/trade_date=2026-07-17/exchange=NSE/symbol=ITC/part-083443_728144-039345.parquet,real_data_sample\l2_unseen_validation\trade_date=2026-07-17\exchange=NSE\symbol=ITC\part-083443_728144-039345.parquet,35923,downloaded,35923,
2026-07-17,NSE,ITC,raw_l2/trade_date=2026-07-17/exchange=NSE/symbol=ITC/part-083415_161565-039281.parquet,real_data_sample\l2_unseen_validation\trade_date=2026-07-17\exchange=NSE\symbol=ITC\part-083415_161565-039281.parquet,35929,downloaded,35929,
2026-07-17,NSE,ITC,raw_l2/trade_date=2026-07-17/exchange=NSE/symbol=ITC/part-083429_325325-039313.parquet,real_data_sample\l2_unseen_validation\trade_date=2026-07-17\exchange=NSE\symbol=ITC\part-083429_325325-039313.parquet,35793,downloaded,35793,
2026-07-17,NSE,ITC,raw_l2/trade_date=2026-07-17/exchange=NSE/symbol=ITC/part-083346_317129-039217.parquet,real_data_sample\l2_unseen_validation\trade_date=2026-07-17\exchange=NSE\symbol=ITC\part-083346_317129-039217.parquet,36029,downloaded,36029,
2026-07-17,NSE,ITC,raw_l2/trade_date=2026-07-17/exchange=NSE/symbol=ITC/part-083458_273746-039377.parquet,real_data_sample\l2_unseen_validation\trade_date=2026-07-17\exchange=NSE\symbol=ITC\part-083458_273746-039377.parquet,35853,downloaded,35853,
2026-07-17,NSE,ITC,raw_l2/trade_date=2026-07-17/exchange=NSE/symbol=ITC/part-083526_697363-039441.parquet,real_data_sample\l2_unseen_validation\trade_date=2026-07-17\exchange=NSE\symbol=ITC\part-083526_697363-039441.parquet,35888,downloaded,35888,
2026-07-17,NSE,ITC,raw_l2/trade_date=2026-07-17/exchange=NSE/symbol=ITC/part-083512_487273-039409.parquet,real_data_sample\l2_unseen_validation\trade_date=2026-07-17\exchange=NSE\symbol=ITC\part-083512_487273-039409.parquet,35868,downloaded,35868,
2026-07-17,NSE,ITC,raw_l2/trade_date=2026-07-17/exchange=NSE/symbol=ITC/part-083540_802341-039473.parquet,real_data_sample\l2_unseen_validation\trade_date=2026-07-17\exchange=NSE\symbol=ITC\part-083540_802341-039473.parquet,35698,downloaded,35698,
2026-07-17,NSE,ITC,raw_l2/trade_date=2026-07-17/exchange=NSE/symbol=ITC/part-083623_544393-039569.parquet,real_data_sample\l2_unseen_validation\trade_date=2026-07-17\exchange=NSE\symbol=ITC\part-083623_544393-039569.parquet,35784,downloaded,35784,
2026-07-17,NSE,ITC,raw_l2/trade_date=2026-07-17/exchange=NSE/symbol=ITC/part-083734_510505-039729.parquet,real_data_sample\l2_unseen_validation\trade_date=2026-07-17\exchange=NSE\symbol=ITC\part-083734_510505-039729.parquet,35689,downloaded,35689,
2026-07-17,NSE,ITC,raw_l2/trade_date=2026-07-17/exchange=NSE/symbol=ITC/part-083706_202319-039665.parquet,real_data_sample\l2_unseen_validation\trade_date=2026-07-17\exchange=NSE\symbol=ITC\part-083706_202319-039665.parquet,36037,downloaded,36037,
2026-07-17,NSE,ITC,raw_l2/trade_date=2026-07-17/exchange=NSE/symbol=ITC/part-083609_075938-039537.parquet,real_data_sample\l2_unseen_validation\trade_date=2026-07-17\exchange=NSE\symbol=ITC\part-083609_075938-039537.parquet,35754,downloaded,35754,
2026-07-17,NSE,ITC,raw_l2/trade_date=2026-07-17/exchange=NSE/symbol=ITC/part-083720_265136-039697.parquet,real_data_sample\l2_unseen_validation\trade_date=2026-07-17\exchange=NSE\symbol=ITC\part-083720_265136-039697.parquet,35747,downloaded,35747,
2026-07-17,NSE,ITC,raw_l2/trade_date=2026-07-17/exchange=NSE/symbol=ITC/part-083637_778367-039601.parquet,real_data_sample\l2_unseen_validation\trade_date=2026-07-17\exchange=NSE\symbol=ITC\part-083637_778367-039601.parquet,35782,downloaded,35782,
2026-07-17,NSE,ITC,raw_l2/trade_date=2026-07-17/exchange=NSE/symbol=ITC/part-083652_088605-039633.parquet,real_data_sample\l2_unseen_validation\trade_date=2026-07-17\exchange=NSE\symbol=ITC\part-083652_088605-039633.parquet,35914,downloaded,35914,
2026-07-17,NSE,ITC,raw_l2/trade_date=2026-07-17/exchange=NSE/symbol=ITC/part-083803_204067-039793.parquet,real_data_sample\l2_unseen_validation\trade_date=2026-07-17\exchange=NSE\symbol=ITC\part-083803_204067-039793.parquet,36005,downloaded,36005,
2026-07-17,NSE,ITC,raw_l2/trade_date=2026-07-17/exchange=NSE/symbol=ITC/part-083303_194753-039121.parquet,real_data_sample\l2_unseen_validation\trade_date=2026-07-17\exchange=NSE\symbol=ITC\part-083303_194753-039121.parquet,35769,downloaded,35769,
2026-07-17,NSE,ITC,raw_l2/trade_date=2026-07-17/exchange=NSE/symbol=ITC/part-083817_374098-039825.parquet,real_data_sample\l2_unseen_validation\trade_date=2026-07-17\exchange=NSE\symbol=ITC\part-083817_374098-039825.parquet,35701,downloaded,35701,
2026-07-17,NSE,ITC,raw_l2/trade_date=2026-07-17/exchange=NSE/symbol=ITC/part-083831_726763-039857.parquet,real_data_sample\l2_unseen_validation\trade_date=2026-07-17\exchange=NSE\symbol=ITC\part-083831_726763-039857.parquet,36146,downloaded,36146,
2026-07-17,NSE,ITC,raw_l2/trade_date=2026-07-17/exchange=NSE/symbol=ITC/part-083845_993599-039889.parquet,real_data_sample\l2_unseen_validation\trade_date=2026-07-17\exchange=NSE\symbol=ITC\part-083845_993599-039889.parquet,35804,downloaded,35804,
2026-07-17,NSE,ITC,raw_l2/trade_date=2026-07-17/exchange=NSE/symbol=ITC/part-083914_704574-039953.parquet,real_data_sample\l2_unseen_validation\trade_date=2026-07-17\exchange=NSE\symbol=ITC\part-083914_704574-039953.parquet,35894,downloaded,35894,
2026-07-17,NSE,ITC,raw_l2/trade_date=2026-07-17/exchange=NSE/symbol=ITC/part-083900_378711-039921.parquet,real_data_sample\l2_unseen_validation\trade_date=2026-07-17\exchange=NSE\symbol=ITC\part-083900_378711-039921.parquet,35257,downloaded,35257,
2026-07-17,NSE,ITC,raw_l2/trade_date=2026-07-17/exchange=NSE/symbol=ITC/part-083929_149431-039985.parquet,real_data_sample\l2_unseen_validation\trade_date=2026-07-17\exchange=NSE\symbol=ITC\part-083929_149431-039985.parquet,36006,downloaded,36006,
2026-07-17,NSE,ITC,raw_l2/trade_date=2026-07-17/exchange=NSE/symbol=ITC/part-083332_152593-039185.parquet,real_data_sample\l2_unseen_validation\trade_date=2026-07-17\exchange=NSE\symbol=ITC\part-083332_152593-039185.parquet,35976,downloaded,35976,
2026-07-17,NSE,ITC,raw_l2/trade_date=2026-07-17/exchange=NSE/symbol=ITC/part-084040_633382-040145.parquet,real_data_sample\l2_unseen_validation\trade_date=2026-07-17\exchange=NSE\symbol=ITC\part-084040_633382-040145.parquet,35493,downloaded,35493,
2026-07-17,NSE,ITC,raw_l2/trade_date=2026-07-17/exchange=NSE/symbol=ITC/part-083554_978684-039505.parquet,real_data_sample\l2_unseen_validation\trade_date=2026-07-17\exchange=NSE\symbol=ITC\part-083554_978684-039505.parquet,36030,downloaded,36030,
2026-07-17,NSE,ITC,raw_l2/trade_date=2026-07-17/exchange=NSE/symbol=ITC/part-083943_395210-040017.parquet,real_data_sample\l2_unseen_validation\trade_date=2026-07-17\exchange=NSE\symbol=ITC\part-083943_395210-040017.parquet,35745,downloaded,35745,
2026-07-17,NSE,ITC,raw_l2/trade_date=2026-07-17/exchange=NSE/symbol=ITC/part-084221_122642-040369.parquet,real_data_sample\l2_unseen_validation\trade_date=2026-07-17\exchange=NSE\symbol=ITC\part-084221_122642-040369.parquet,35808,downloaded,35808,
2026-07-17,NSE,ITC,raw_l2/trade_date=2026-07-17/exchange=NSE/symbol=ITC/part-084137_863933-040273.parquet,real_data_sample\l2_unseen_validation\trade_date=2026-07-17\exchange=NSE\symbol=ITC\part-084137_863933-040273.parquet,35913,downloaded,35913,
2026-07-17,NSE,ITC,raw_l2/trade_date=2026-07-17/exchange=NSE/symbol=ITC/part-084152_279335-040305.parquet,real_data_sample\l2_unseen_validation\trade_date=2026-07-17\exchange=NSE\symbol=ITC\part-084152_279335-040305.parquet,36001,downloaded,36001,
2026-07-17,NSE,ITC,raw_l2/trade_date=2026-07-17/exchange=NSE/symbol=ITC/part-084123_420571-040241.parquet,real_data_sample\l2_unseen_validation\trade_date=2026-07-17\exchange=NSE\symbol=ITC\part-084123_420571-040241.parquet,35525,downloaded,35525,
2026-07-17,NSE,ITC,raw_l2/trade_date=2026-07-17/exchange=NSE/symbol=ITC/part-084109_206494-040209.parquet,real_data_sample\l2_unseen_validation\trade_date=2026-07-17\exchange=NSE\symbol=ITC\part-084109_206494-040209.parquet,36112,downloaded,36112,
2026-07-17,NSE,ITC,raw_l2/trade_date=2026-07-17/exchange=NSE/symbol=ITC/part-084249_795787-040433.parquet,real_data_sample\l2_unseen_validation\trade_date=2026-07-17\exchange=NSE\symbol=ITC\part-084249_795787-040433.parquet,35870,downloaded,35870,
2026-07-17,NSE,ITC,raw_l2/trade_date=2026-07-17/exchange=NSE/symbol=ITC/part-084206_586296-040337.parquet,real_data_sample\l2_unseen_validation\trade_date=2026-07-17\exchange=NSE\symbol=ITC\part-084206_586296-040337.parquet,35923,downloaded,35923,
2026-07-17,NSE,ITC,raw_l2/trade_date=2026-07-17/exchange=NSE/symbol=ITC/part-083957_666413-040049.parquet,real_data_sample\l2_unseen_validation\trade_date=2026-07-17\exchange=NSE\symbol=ITC\part-083957_666413-040049.parquet,35804,downloaded,35804,
2026-07-17,NSE,ITC,raw_l2/trade_date=2026-07-17/exchange=NSE/symbol=ITC/part-084235_361817-040401.parquet,real_data_sample\l2_unseen_validation\trade_date=2026-07-17\exchange=NSE\symbol=ITC\part-084235_361817-040401.parquet,36132,downloaded,36132,
2026-07-17,NSE,ITC,raw_l2/trade_date=2026-07-17/exchange=NSE/symbol=ITC/part-084026_237662-040113.parquet,real_data_sample\l2_unseen_validation\trade_date=2026-07-17\exchange=NSE\symbol=ITC\part-084026_237662-040113.parquet,35588,downloaded,35588,
2026-07-17,NSE,ITC,raw_l2/trade_date=2026-07-17/exchange=NSE/symbol=ITC/part-084055_228490-040177.parquet,real_data_sample\l2_unseen_validation\trade_date=2026-07-17\exchange=NSE\symbol=ITC\part-084055_228490-040177.parquet,35452,downloaded,35452,
2026-07-17,NSE,ITC,raw_l2/trade_date=2026-07-17/exchange=NSE/symbol=ITC/part-084012_064104-040081.parquet,real_data_sample\l2_unseen_validation\trade_date=2026-07-17\exchange=NSE\symbol=ITC\part-084012_064104-040081.parquet,35961,downloaded,35961,
2026-07-17,NSE,ITC,raw_l2/trade_date=2026-07-17/exchange=NSE/symbol=ITC/part-084304_041476-040465.parquet,real_data_sample\l2_unseen_validation\trade_date=2026-07-17\exchange=NSE\symbol=ITC\part-084304_041476-040465.parquet,35617,downloaded,35617,
2026-07-17,NSE,ITC,raw_l2/trade_date=2026-07-17/exchange=NSE/symbol=ITC/part-084318_497328-040497.parquet,real_data_sample\l2_unseen_validation\trade_date=2026-07-17\exchange=NSE\symbol=ITC\part-084318_497328-040497.parquet,35766,downloaded,35766,
2026-07-17,NSE,ITC,raw_l2/trade_date=2026-07-17/exchange=NSE/symbol=ITC/part-084332_896638-040529.parquet,real_data_sample\l2_unseen_validation\trade_date=2026-07-17\exchange=NSE\symbol=ITC\part-084332_896638-040529.parquet,35844,downloaded,35844,
2026-07-17,NSE,ITC,raw_l2/trade_date=2026-07-17/exchange=NSE/symbol=ITC/part-083748_756444-039761.parquet,real_data_sample\l2_unseen_validation\trade_date=2026-07-17\exchange=NSE\symbol=ITC\part-083748_756444-039761.parquet,35502,downloaded,35502,
2026-07-17,NSE,ITC,raw_l2/trade_date=2026-07-17/exchange=NSE/symbol=ITC/part-084347_344270-040561.parquet,real_data_sample\l2_unseen_validation\trade_date=2026-07-17\exchange=NSE\symbol=ITC\part-084347_344270-040561.parquet,36099,downloaded,36099,
2026-07-17,NSE,ITC,raw_l2/trade_date=2026-07-17/exchange=NSE/symbol=ITC/part-084401_938490-040593.parquet,real_data_sample\l2_unseen_validation\trade_date=2026-07-17\exchange=NSE\symbol=ITC\part-084401_938490-040593.parquet,36140,downloaded,36140,
2026-07-17,NSE,ITC,raw_l2/trade_date=2026-07-17/exchange=NSE/symbol=ITC/part-084430_739365-040657.parquet,real_data_sample\l2_unseen_validation\trade_date=2026-07-17\exchange=NSE\symbol=ITC\part-084430_739365-040657.parquet,36130,downloaded,36130,
2026-07-17,NSE,ITC,raw_l2/trade_date=2026-07-17/exchange=NSE/symbol=ITC/part-084416_295085-040625.parquet,real_data_sample\l2_unseen_validation\trade_date=2026-07-17\exchange=NSE\symbol=ITC\part-084416_295085-040625.parquet,35920,downloaded,35920,
2026-07-17,NSE,ITC,raw_l2/trade_date=2026-07-17/exchange=NSE/symbol=ITC/part-084445_057459-040689.parquet,real_data_sample\l2_unseen_validation\trade_date=2026-07-17\exchange=NSE\symbol=ITC\part-084445_057459-040689.parquet,35370,downloaded,35370,
2026-07-17,NSE,ITC,raw_l2/trade_date=2026-07-17/exchange=NSE/symbol=ITC/part-084528_380554-040785.parquet,real_data_sample\l2_unseen_validation\trade_date=2026-07-17\exchange=NSE\symbol=ITC\part-084528_380554-040785.parquet,35736,downloaded,35736,
2026-07-17,NSE,ITC,raw_l2/trade_date=2026-07-17/exchange=NSE/symbol=ITC/part-084557_029670-040849.parquet,real_data_sample\l2_unseen_validation\trade_date=2026-07-17\exchange=NSE\symbol=ITC\part-084557_029670-040849.parquet,36404,downloaded,36404,
2026-07-17,NSE,ITC,raw_l2/trade_date=2026-07-17/exchange=NSE/symbol=ITC/part-084542_814543-040817.parquet,real_data_sample\l2_unseen_validation\trade_date=2026-07-17\exchange=NSE\symbol=ITC\part-084542_814543-040817.parquet,36323,downloaded,36323,
2026-07-17,NSE,ITC,raw_l2/trade_date=2026-07-17/exchange=NSE/symbol=ITC/part-084611_546012-040881.parquet,real_data_sample\l2_unseen_validation\trade_date=2026-07-17\exchange=NSE\symbol=ITC\part-084611_546012-040881.parquet,36846,downloaded,36846,
2026-07-17,NSE,ITC,raw_l2/trade_date=2026-07-17/exchange=NSE/symbol=ITC/part-084625_754495-040913.parquet,real_data_sample\l2_unseen_validation\trade_date=2026-07-17\exchange=NSE\symbol=ITC\part-084625_754495-040913.parquet,36034,downloaded,36034,
2026-07-17,NSE,ITC,raw_l2/trade_date=2026-07-17/exchange=NSE/symbol=ITC/part-084513_936961-040753.parquet,real_data_sample\l2_unseen_validation\trade_date=2026-07-17\exchange=NSE\symbol=ITC\part-084513_936961-040753.parquet,35492,downloaded,35492,
2026-07-17,NSE,ITC,raw_l2/trade_date=2026-07-17/exchange=NSE/symbol=ITC/part-084654_361702-040977.parquet,real_data_sample\l2_unseen_validation\trade_date=2026-07-17\exchange=NSE\symbol=ITC\part-084654_361702-040977.parquet,35932,downloaded,35932,
2026-07-17,NSE,ITC,raw_l2/trade_date=2026-07-17/exchange=NSE/symbol=ITC/part-084834_175967-041201.parquet,real_data_sample\l2_unseen_validation\trade_date=2026-07-17\exchange=NSE\symbol=ITC\part-084834_175967-041201.parquet,36186,downloaded,36186,
2026-07-17,NSE,ITC,raw_l2/trade_date=2026-07-17/exchange=NSE/symbol=ITC/part-084805_606860-041137.parquet,real_data_sample\l2_unseen_validation\trade_date=2026-07-17\exchange=NSE\symbol=ITC\part-084805_606860-041137.parquet,35947,downloaded,35947,
2026-07-17,NSE,ITC,raw_l2/trade_date=2026-07-17/exchange=NSE/symbol=ITC/part-084751_325960-041105.parquet,real_data_sample\l2_unseen_validation\trade_date=2026-07-17\exchange=NSE\symbol=ITC\part-084751_325960-041105.parquet,35853,downloaded,35853,
2026-07-17,NSE,ITC,raw_l2/trade_date=2026-07-17/exchange=NSE/symbol=ITC/part-084819_837970-041169.parquet,real_data_sample\l2_unseen_validation\trade_date=2026-07-17\exchange=NSE\symbol=ITC\part-084819_837970-041169.parquet,35956,downloaded,35956,
2026-07-17,NSE,ITC,raw_l2/trade_date=2026-07-17/exchange=NSE/symbol=ITC/part-085030_196961-041457.parquet,real_data_sample\l2_unseen_validation\trade_date=2026-07-17\exchange=NSE\symbol=ITC\part-085030_196961-041457.parquet,35612,downloaded,35612,
2026-07-17,NSE,ITC,raw_l2/trade_date=2026-07-17/exchange=NSE/symbol=ITC/part-084736_972742-041073.parquet,real_data_sample\l2_unseen_validation\trade_date=2026-07-17\exchange=NSE\symbol=ITC\part-084736_972742-041073.parquet,36287,downloaded,36287,
2026-07-17,NSE,ITC,raw_l2/trade_date=2026-07-17/exchange=NSE/symbol=ITC/part-084722_751214-041041.parquet,real_data_sample\l2_unseen_validation\trade_date=2026-07-17\exchange=NSE\symbol=ITC\part-084722_751214-041041.parquet,36053,downloaded,36053,
2026-07-17,NSE,ITC,raw_l2/trade_date=2026-07-17/exchange=NSE/symbol=ITC/part-085015_879700-041425.parquet,real_data_sample\l2_unseen_validation\trade_date=2026-07-17\exchange=NSE\symbol=ITC\part-085015_879700-041425.parquet,35077,downloaded,35077,
2026-07-17,NSE,ITC,raw_l2/trade_date=2026-07-17/exchange=NSE/symbol=ITC/part-085001_476133-041393.parquet,real_data_sample\l2_unseen_validation\trade_date=2026-07-17\exchange=NSE\symbol=ITC\part-085001_476133-041393.parquet,34877,downloaded,34877,
2026-07-17,NSE,ITC,raw_l2/trade_date=2026-07-17/exchange=NSE/symbol=ITC/part-085044_430248-041489.parquet,real_data_sample\l2_unseen_validation\trade_date=2026-07-17\exchange=NSE\symbol=ITC\part-085044_430248-041489.parquet,35653,downloaded,35653,
2026-07-17,NSE,ITC,raw_l2/trade_date=2026-07-17/exchange=NSE/symbol=ITC/part-084932_317407-041329.parquet,real_data_sample\l2_unseen_validation\trade_date=2026-07-17\exchange=NSE\symbol=ITC\part-084932_317407-041329.parquet,34980,downloaded,34980,
2026-07-17,NSE,ITC,raw_l2/trade_date=2026-07-17/exchange=NSE/symbol=ITC/part-084903_140631-041265.parquet,real_data_sample\l2_unseen_validation\trade_date=2026-07-17\exchange=NSE\symbol=ITC\part-084903_140631-041265.parquet,35518,downloaded,35518,
2026-07-17,NSE,ITC,raw_l2/trade_date=2026-07-17/exchange=NSE/symbol=ITC/part-084946_899834-041361.parquet,real_data_sample\l2_unseen_validation\trade_date=2026-07-17\exchange=NSE\symbol=ITC\part-084946_899834-041361.parquet,34611,downloaded,34611,
2026-07-17,NSE,ITC,raw_l2/trade_date=2026-07-17/exchange=NSE/symbol=ITC/part-084917_938327-041297.parquet,real_data_sample\l2_unseen_validation\trade_date=2026-07-17\exchange=NSE\symbol=ITC\part-084917_938327-041297.parquet,35444,downloaded,35444,
2026-07-17,NSE,ITC,raw_l2/trade_date=2026-07-17/exchange=NSE/symbol=ITC/part-084848_646091-041233.parquet,real_data_sample\l2_unseen_validation\trade_date=2026-07-17\exchange=NSE\symbol=ITC\part-084848_646091-041233.parquet,35748,downloaded,35748,
2026-07-17,NSE,ITC,raw_l2/trade_date=2026-07-17/exchange=NSE/symbol=ITC/part-085058_859494-041521.parquet,real_data_sample\l2_unseen_validation\trade_date=2026-07-17\exchange=NSE\symbol=ITC\part-085058_859494-041521.parquet,35629,downloaded,35629,
2026-07-17,NSE,ITC,raw_l2/trade_date=2026-07-17/exchange=NSE/symbol=ITC/part-085128_112013-041585.parquet,real_data_sample\l2_unseen_validation\trade_date=2026-07-17\exchange=NSE\symbol=ITC\part-085128_112013-041585.parquet,35311,downloaded,35311,
2026-07-17,NSE,ITC,raw_l2/trade_date=2026-07-17/exchange=NSE/symbol=ITC/part-084459_500350-040721.parquet,real_data_sample\l2_unseen_validation\trade_date=2026-07-17\exchange=NSE\symbol=ITC\part-084459_500350-040721.parquet,35639,downloaded,35639,
2026-07-17,NSE,ITC,raw_l2/trade_date=2026-07-17/exchange=NSE/symbol=ITC/part-085226_331468-041713.parquet,real_data_sample\l2_unseen_validation\trade_date=2026-07-17\exchange=NSE\symbol=ITC\part-085226_331468-041713.parquet,35828,downloaded,35828,
2026-07-17,NSE,ITC,raw_l2/trade_date=2026-07-17/exchange=NSE/symbol=ITC/part-085156_929182-041649.parquet,real_data_sample\l2_unseen_validation\trade_date=2026-07-17\exchange=NSE\symbol=ITC\part-085156_929182-041649.parquet,35871,downloaded,35871,
2026-07-17,NSE,ITC,raw_l2/trade_date=2026-07-17/exchange=NSE/symbol=ITC/part-085211_661861-041681.parquet,real_data_sample\l2_unseen_validation\trade_date=2026-07-17\exchange=NSE\symbol=ITC\part-085211_661861-041681.parquet,35761,downloaded,35761,
2026-07-17,NSE,ITC,raw_l2/trade_date=2026-07-17/exchange=NSE/symbol=ITC/part-085142_498319-041617.parquet,real_data_sample\l2_unseen_validation\trade_date=2026-07-17\exchange=NSE\symbol=ITC\part-085142_498319-041617.parquet,35952,downloaded,35952,
2026-07-17,NSE,ITC,raw_l2/trade_date=2026-07-17/exchange=NSE/symbol=ITC/part-085240_922050-041745.parquet,real_data_sample\l2_unseen_validation\trade_date=2026-07-17\exchange=NSE\symbol=ITC\part-085240_922050-041745.parquet,35474,downloaded,35474,
2026-07-17,NSE,ITC,raw_l2/trade_date=2026-07-17/exchange=NSE/symbol=ITC/part-085310_830556-041809.parquet,real_data_sample\l2_unseen_validation\trade_date=2026-07-17\exchange=NSE\symbol=ITC\part-085310_830556-041809.parquet,35841,downloaded,35841,
2026-07-17,NSE,ITC,raw_l2/trade_date=2026-07-17/exchange=NSE/symbol=ITC/part-085340_908336-041873.parquet,real_data_sample\l2_unseen_validation\trade_date=2026-07-17\exchange=NSE\symbol=ITC\part-085340_908336-041873.parquet,35467,downloaded,35467,
2026-07-17,NSE,ITC,raw_l2/trade_date=2026-07-17/exchange=NSE/symbol=ITC/part-085255_827379-041777.parquet,real_data_sample\l2_unseen_validation\trade_date=2026-07-17\exchange=NSE\symbol=ITC\part-085255_827379-041777.parquet,35737,downloaded,35737,
2026-07-17,NSE,ITC,raw_l2/trade_date=2026-07-17/exchange=NSE/symbol=ITC/part-085355_036302-041905.parquet,real_data_sample\l2_unseen_validation\trade_date=2026-07-17\exchange=NSE\symbol=ITC\part-085355_036302-041905.parquet,35967,downloaded,35967,
2026-07-17,NSE,ITC,raw_l2/trade_date=2026-07-17/exchange=NSE/symbol=ITC/part-085325_916836-041841.parquet,real_data_sample\l2_unseen_validation\trade_date=2026-07-17\exchange=NSE\symbol=ITC\part-085325_916836-041841.parquet,35727,downloaded,35727,
2026-07-17,NSE,ITC,raw_l2/trade_date=2026-07-17/exchange=NSE/symbol=ITC/part-084640_097983-040945.parquet,real_data_sample\l2_unseen_validation\trade_date=2026-07-17\exchange=NSE\symbol=ITC\part-084640_097983-040945.parquet,35978,downloaded,35978,
2026-07-17,NSE,ITC,raw_l2/trade_date=2026-07-17/exchange=NSE/symbol=ITC/part-084708_513008-041009.parquet,real_data_sample\l2_unseen_validation\trade_date=2026-07-17\exchange=NSE\symbol=ITC\part-084708_513008-041009.parquet,36053,downloaded,36053,
2026-07-17,NSE,ITC,raw_l2/trade_date=2026-07-17/exchange=NSE/symbol=ITC/part-085423_481959-041969.parquet,real_data_sample\l2_unseen_validation\trade_date=2026-07-17\exchange=NSE\symbol=ITC\part-085423_481959-041969.parquet,36144,downloaded,36144,
2026-07-17,NSE,ITC,raw_l2/trade_date=2026-07-17/exchange=NSE/symbol=ITC/part-085409_333443-041937.parquet,real_data_sample\l2_unseen_validation\trade_date=2026-07-17\exchange=NSE\symbol=ITC\part-085409_333443-041937.parquet,35638,downloaded,35638,
2026-07-17,NSE,ITC,raw_l2/trade_date=2026-07-17/exchange=NSE/symbol=ITC/part-085437_927372-042001.parquet,real_data_sample\l2_unseen_validation\trade_date=2026-07-17\exchange=NSE\symbol=ITC\part-085437_927372-042001.parquet,35547,downloaded,35547,
2026-07-17,NSE,ITC,raw_l2/trade_date=2026-07-17/exchange=NSE/symbol=ITC/part-085113_795663-041553.parquet,real_data_sample\l2_unseen_validation\trade_date=2026-07-17\exchange=NSE\symbol=ITC\part-085113_795663-041553.parquet,36073,downloaded,36073,
2026-07-17,NSE,ITC,raw_l2/trade_date=2026-07-17/exchange=NSE/symbol=ITC/part-085452_281287-042033.parquet,real_data_sample\l2_unseen_validation\trade_date=2026-07-17\exchange=NSE\symbol=ITC\part-085452_281287-042033.parquet,36331,downloaded,36331,
2026-07-17,NSE,ITC,raw_l2/trade_date=2026-07-17/exchange=NSE/symbol=ITC/part-085631_847505-042257.parquet,real_data_sample\l2_unseen_validation\trade_date=2026-07-17\exchange=NSE\symbol=ITC\part-085631_847505-042257.parquet,35944,downloaded,35944,
2026-07-17,NSE,ITC,raw_l2/trade_date=2026-07-17/exchange=NSE/symbol=ITC/part-085549_326228-042161.parquet,real_data_sample\l2_unseen_validation\trade_date=2026-07-17\exchange=NSE\symbol=ITC\part-085549_326228-042161.parquet,35943,downloaded,35943,
2026-07-17,NSE,ITC,raw_l2/trade_date=2026-07-17/exchange=NSE/symbol=ITC/part-085506_680921-042065.parquet,real_data_sample\l2_unseen_validation\trade_date=2026-07-17\exchange=NSE\symbol=ITC\part-085506_680921-042065.parquet,35754,downloaded,35754,
2026-07-17,NSE,ITC,raw_l2/trade_date=2026-07-17/exchange=NSE/symbol=ITC/part-085603_447769-042193.parquet,real_data_sample\l2_unseen_validation\trade_date=2026-07-17\exchange=NSE\symbol=ITC\part-085603_447769-042193.parquet,35952,downloaded,35952,
2026-07-17,NSE,ITC,raw_l2/trade_date=2026-07-17/exchange=NSE/symbol=ITC/part-085534_981572-042129.parquet,real_data_sample\l2_unseen_validation\trade_date=2026-07-17\exchange=NSE\symbol=ITC\part-085534_981572-042129.parquet,36169,downloaded,36169,
2026-07-17,NSE,ITC,raw_l2/trade_date=2026-07-17/exchange=NSE/symbol=ITC/part-085617_494633-042225.parquet,real_data_sample\l2_unseen_validation\trade_date=2026-07-17\exchange=NSE\symbol=ITC\part-085617_494633-042225.parquet,35979,downloaded,35979,
2026-07-17,NSE,ITC,raw_l2/trade_date=2026-07-17/exchange=NSE/symbol=ITC/part-085700_253484-042321.parquet,real_data_sample\l2_unseen_validation\trade_date=2026-07-17\exchange=NSE\symbol=ITC\part-085700_253484-042321.parquet,35613,downloaded,35613,
2026-07-17,NSE,ITC,raw_l2/trade_date=2026-07-17/exchange=NSE/symbol=ITC/part-085714_567832-042353.parquet,real_data_sample\l2_unseen_validation\trade_date=2026-07-17\exchange=NSE\symbol=ITC\part-085714_567832-042353.parquet,35542,downloaded,35542,
2026-07-17,NSE,ITC,raw_l2/trade_date=2026-07-17/exchange=NSE/symbol=ITC/part-085646_179915-042289.parquet,real_data_sample\l2_unseen_validation\trade_date=2026-07-17\exchange=NSE\symbol=ITC\part-085646_179915-042289.parquet,35720,downloaded,35720,
2026-07-17,NSE,ITC,raw_l2/trade_date=2026-07-17/exchange=NSE/symbol=ITC/part-085520_813411-042097.parquet,real_data_sample\l2_unseen_validation\trade_date=2026-07-17\exchange=NSE\symbol=ITC\part-085520_813411-042097.parquet,35962,downloaded,35962,
2026-07-17,NSE,ITC,raw_l2/trade_date=2026-07-17/exchange=NSE/symbol=ITC/part-085855_386054-042577.parquet,real_data_sample\l2_unseen_validation\trade_date=2026-07-17\exchange=NSE\symbol=ITC\part-085855_386054-042577.parquet,35570,downloaded,35570,
2026-07-17,NSE,ITC,raw_l2/trade_date=2026-07-17/exchange=NSE/symbol=ITC/part-085924_586709-042641.parquet,real_data_sample\l2_unseen_validation\trade_date=2026-07-17\exchange=NSE\symbol=ITC\part-085924_586709-042641.parquet,35825,downloaded,35825,
2026-07-17,NSE,ITC,raw_l2/trade_date=2026-07-17/exchange=NSE/symbol=ITC/part-085909_902447-042609.parquet,real_data_sample\l2_unseen_validation\trade_date=2026-07-17\exchange=NSE\symbol=ITC\part-085909_902447-042609.parquet,35821,downloaded,35821,
2026-07-17,NSE,ITC,raw_l2/trade_date=2026-07-17/exchange=NSE/symbol=ITC/part-085812_052743-042481.parquet,real_data_sample\l2_unseen_validation\trade_date=2026-07-17\exchange=NSE\symbol=ITC\part-085812_052743-042481.parquet,34766,downloaded,34766,
2026-07-17,NSE,ITC,raw_l2/trade_date=2026-07-17/exchange=NSE/symbol=ITC/part-085840_896400-042545.parquet,real_data_sample\l2_unseen_validation\trade_date=2026-07-17\exchange=NSE\symbol=ITC\part-085840_896400-042545.parquet,35777,downloaded,35777,
2026-07-17,NSE,ITC,raw_l2/trade_date=2026-07-17/exchange=NSE/symbol=ITC/part-085939_319304-042673.parquet,real_data_sample\l2_unseen_validation\trade_date=2026-07-17\exchange=NSE\symbol=ITC\part-085939_319304-042673.parquet,35701,downloaded,35701,
2026-07-17,NSE,ITC,raw_l2/trade_date=2026-07-17/exchange=NSE/symbol=ITC/part-085728_697478-042385.parquet,real_data_sample\l2_unseen_validation\trade_date=2026-07-17\exchange=NSE\symbol=ITC\part-085728_697478-042385.parquet,34669,downloaded,34669,
2026-07-17,NSE,ITC,raw_l2/trade_date=2026-07-17/exchange=NSE/symbol=ITC/part-085757_628263-042449.parquet,real_data_sample\l2_unseen_validation\trade_date=2026-07-17\exchange=NSE\symbol=ITC\part-085757_628263-042449.parquet,34784,downloaded,34784,
2026-07-17,NSE,ITC,raw_l2/trade_date=2026-07-17/exchange=NSE/symbol=ITC/part-085954_093161-042705.parquet,real_data_sample\l2_unseen_validation\trade_date=2026-07-17\exchange=NSE\symbol=ITC\part-085954_093161-042705.parquet,35691,downloaded,35691,
2026-07-17,NSE,ITC,raw_l2/trade_date=2026-07-17/exchange=NSE/symbol=ITC/part-090008_526453-042737.parquet,real_data_sample\l2_unseen_validation\trade_date=2026-07-17\exchange=NSE\symbol=ITC\part-090008_526453-042737.parquet,36016,downloaded,36016,
2026-07-17,NSE,ITC,raw_l2/trade_date=2026-07-17/exchange=NSE/symbol=ITC/part-085743_103847-042417.parquet,real_data_sample\l2_unseen_validation\trade_date=2026-07-17\exchange=NSE\symbol=ITC\part-085743_103847-042417.parquet,34594,downloaded,34594,
2026-07-17,NSE,ITC,raw_l2/trade_date=2026-07-17/exchange=NSE/symbol=ITC/part-090022_855326-042769.parquet,real_data_sample\l2_unseen_validation\trade_date=2026-07-17\exchange=NSE\symbol=ITC\part-090022_855326-042769.parquet,35514,downloaded,35514,
2026-07-17,NSE,ITC,raw_l2/trade_date=2026-07-17/exchange=NSE/symbol=ITC/part-090037_251283-042801.parquet,real_data_sample\l2_unseen_validation\trade_date=2026-07-17\exchange=NSE\symbol=ITC\part-090037_251283-042801.parquet,35921,downloaded,35921,
2026-07-17,NSE,ITC,raw_l2/trade_date=2026-07-17/exchange=NSE/symbol=ITC/part-090135_409029-042929.parquet,real_data_sample\l2_unseen_validation\trade_date=2026-07-17\exchange=NSE\symbol=ITC\part-090135_409029-042929.parquet,35486,downloaded,35486,
2026-07-17,NSE,ITC,raw_l2/trade_date=2026-07-17/exchange=NSE/symbol=ITC/part-090106_437900-042865.parquet,real_data_sample\l2_unseen_validation\trade_date=2026-07-17\exchange=NSE\symbol=ITC\part-090106_437900-042865.parquet,35863,downloaded,35863,
2026-07-17,NSE,ITC,raw_l2/trade_date=2026-07-17/exchange=NSE/symbol=ITC/part-090051_821714-042833.parquet,real_data_sample\l2_unseen_validation\trade_date=2026-07-17\exchange=NSE\symbol=ITC\part-090051_821714-042833.parquet,36139,downloaded,36139,
2026-07-17,NSE,ITC,raw_l2/trade_date=2026-07-17/exchange=NSE/symbol=ITC/part-090204_074355-042993.parquet,real_data_sample\l2_unseen_validation\trade_date=2026-07-17\exchange=NSE\symbol=ITC\part-090204_074355-042993.parquet,35795,downloaded,35795,
2026-07-17,NSE,ITC,raw_l2/trade_date=2026-07-17/exchange=NSE/symbol=ITC/part-090149_832920-042961.parquet,real_data_sample\l2_unseen_validation\trade_date=2026-07-17\exchange=NSE\symbol=ITC\part-090149_832920-042961.parquet,35752,downloaded,35752,
2026-07-17,NSE,ITC,raw_l2/trade_date=2026-07-17/exchange=NSE/symbol=ITC/part-090232_657400-043057.parquet,real_data_sample\l2_unseen_validation\trade_date=2026-07-17\exchange=NSE\symbol=ITC\part-090232_657400-043057.parquet,36458,downloaded,36458,
2026-07-17,NSE,ITC,raw_l2/trade_date=2026-07-17/exchange=NSE/symbol=ITC/part-090247_151472-043089.parquet,real_data_sample\l2_unseen_validation\trade_date=2026-07-17\exchange=NSE\symbol=ITC\part-090247_151472-043089.parquet,35543,downloaded,35543,
2026-07-17,NSE,ITC,raw_l2/trade_date=2026-07-17/exchange=NSE/symbol=ITC/part-090301_521084-043121.parquet,real_data_sample\l2_unseen_validation\trade_date=2026-07-17\exchange=NSE\symbol=ITC\part-090301_521084-043121.parquet,35805,downloaded,35805,
2026-07-17,NSE,ITC,raw_l2/trade_date=2026-07-17/exchange=NSE/symbol=ITC/part-090315_929332-043153.parquet,real_data_sample\l2_unseen_validation\trade_date=2026-07-17\exchange=NSE\symbol=ITC\part-090315_929332-043153.parquet,36043,downloaded,36043,
2026-07-17,NSE,ITC,raw_l2/trade_date=2026-07-17/exchange=NSE/symbol=ITC/part-090345_394841-043217.parquet,real_data_sample\l2_unseen_validation\trade_date=2026-07-17\exchange=NSE\symbol=ITC\part-090345_394841-043217.parquet,36032,downloaded,36032,
2026-07-17,NSE,ITC,raw_l2/trade_date=2026-07-17/exchange=NSE/symbol=ITC/part-090330_465818-043185.parquet,real_data_sample\l2_unseen_validation\trade_date=2026-07-17\exchange=NSE\symbol=ITC\part-090330_465818-043185.parquet,35990,downloaded,35990,
2026-07-17,NSE,ITC,raw_l2/trade_date=2026-07-17/exchange=NSE/symbol=ITC/part-090400_054741-043249.parquet,real_data_sample\l2_unseen_validation\trade_date=2026-07-17\exchange=NSE\symbol=ITC\part-090400_054741-043249.parquet,36031,downloaded,36031,
2026-07-17,NSE,ITC,raw_l2/trade_date=2026-07-17/exchange=NSE/symbol=ITC/part-090121_008344-042897.parquet,real_data_sample\l2_unseen_validation\trade_date=2026-07-17\exchange=NSE\symbol=ITC\part-090121_008344-042897.parquet,35406,downloaded,35406,
2026-07-17,NSE,ITC,raw_l2/trade_date=2026-07-17/exchange=NSE/symbol=ITC/part-090624_899997-043569.parquet,real_data_sample\l2_unseen_validation\trade_date=2026-07-17\exchange=NSE\symbol=ITC\part-090624_899997-043569.parquet,35666,downloaded,35666,
2026-07-17,NSE,ITC,raw_l2/trade_date=2026-07-17/exchange=NSE/symbol=ITC/part-090919_827405-043953.parquet,real_data_sample\l2_unseen_validation\trade_date=2026-07-17\exchange=NSE\symbol=ITC\part-090919_827405-043953.parquet,36029,downloaded,36029,
2026-07-17,NSE,ITC,raw_l2/trade_date=2026-07-17/exchange=NSE/symbol=ITC/part-090653_881310-043633.parquet,real_data_sample\l2_unseen_validation\trade_date=2026-07-17\exchange=NSE\symbol=ITC\part-090653_881310-043633.parquet,35284,downloaded,35284,
2026-07-17,NSE,ITC,raw_l2/trade_date=2026-07-17/exchange=NSE/symbol=ITC/part-090218_226269-043025.parquet,real_data_sample\l2_unseen_validation\trade_date=2026-07-17\exchange=NSE\symbol=ITC\part-090218_226269-043025.parquet,35357,downloaded,35357,
2026-07-17,NSE,ITC,raw_l2/trade_date=2026-07-17/exchange=NSE/symbol=ITC/part-091034_087672-044113.parquet,real_data_sample\l2_unseen_validation\trade_date=2026-07-17\exchange=NSE\symbol=ITC\part-091034_087672-044113.parquet,35859,downloaded,35859,
2026-07-17,NSE,ITC,raw_l2/trade_date=2026-07-17/exchange=NSE/symbol=ITC/part-091019_374754-044081.parquet,real_data_sample\l2_unseen_validation\trade_date=2026-07-17\exchange=NSE\symbol=ITC\part-091019_374754-044081.parquet,36053,downloaded,36053,
2026-07-17,NSE,ITC,raw_l2/trade_date=2026-07-17/exchange=NSE/symbol=ITC/part-090934_485359-043985.parquet,real_data_sample\l2_unseen_validation\trade_date=2026-07-17\exchange=NSE\symbol=ITC\part-090934_485359-043985.parquet,35705,downloaded,35705,
2026-07-17,NSE,ITC,raw_l2/trade_date=2026-07-17/exchange=NSE/symbol=ITC/part-090751_342207-043761.parquet,real_data_sample\l2_unseen_validation\trade_date=2026-07-17\exchange=NSE\symbol=ITC\part-090751_342207-043761.parquet,35776,downloaded,35776,
2026-07-17,NSE,ITC,raw_l2/trade_date=2026-07-17/exchange=NSE/symbol=ITC/part-090722_802572-043697.parquet,real_data_sample\l2_unseen_validation\trade_date=2026-07-17\exchange=NSE\symbol=ITC\part-090722_802572-043697.parquet,35629,downloaded,35629,
2026-07-17,NSE,ITC,raw_l2/trade_date=2026-07-17/exchange=NSE/symbol=ITC/part-090849_895788-043889.parquet,real_data_sample\l2_unseen_validation\trade_date=2026-07-17\exchange=NSE\symbol=ITC\part-090849_895788-043889.parquet,35846,downloaded,35846,
2026-07-17,NSE,ITC,raw_l2/trade_date=2026-07-17/exchange=NSE/symbol=ITC/part-090610_371227-043537.parquet,real_data_sample\l2_unseen_validation\trade_date=2026-07-17\exchange=NSE\symbol=ITC\part-090610_371227-043537.parquet,35660,downloaded,35660,
2026-07-17,NSE,ITC,raw_l2/trade_date=2026-07-17/exchange=NSE/symbol=ITC/part-090835_280877-043857.parquet,real_data_sample\l2_unseen_validation\trade_date=2026-07-17\exchange=NSE\symbol=ITC\part-090835_280877-043857.parquet,35911,downloaded,35911,
2026-07-17,NSE,ITC,raw_l2/trade_date=2026-07-17/exchange=NSE/symbol=ITC/part-090708_382289-043665.parquet,real_data_sample\l2_unseen_validation\trade_date=2026-07-17\exchange=NSE\symbol=ITC\part-090708_382289-043665.parquet,35112,downloaded,35112,
2026-07-17,NSE,ITC,raw_l2/trade_date=2026-07-17/exchange=NSE/symbol=ITC/part-090820_606594-043825.parquet,real_data_sample\l2_unseen_validation\trade_date=2026-07-17\exchange=NSE\symbol=ITC\part-090820_606594-043825.parquet,35958,downloaded,35958,
2026-07-17,NSE,ITC,raw_l2/trade_date=2026-07-17/exchange=NSE/symbol=ITC/part-090949_774480-044017.parquet,real_data_sample\l2_unseen_validation\trade_date=2026-07-17\exchange=NSE\symbol=ITC\part-090949_774480-044017.parquet,35740,downloaded,35740,
2026-07-17,NSE,ITC,raw_l2/trade_date=2026-07-17/exchange=NSE/symbol=ITC/part-090806_249205-043793.parquet,real_data_sample\l2_unseen_validation\trade_date=2026-07-17\exchange=NSE\symbol=ITC\part-090806_249205-043793.parquet,35663,downloaded,35663,
2026-07-17,NSE,ITC,raw_l2/trade_date=2026-07-17/exchange=NSE/symbol=ITC/part-090527_365527-043441.parquet,real_data_sample\l2_unseen_validation\trade_date=2026-07-17\exchange=NSE\symbol=ITC\part-090527_365527-043441.parquet,35848,downloaded,35848,
2026-07-17,NSE,ITC,raw_l2/trade_date=2026-07-17/exchange=NSE/symbol=ITC/part-090512_985128-043409.parquet,real_data_sample\l2_unseen_validation\trade_date=2026-07-17\exchange=NSE\symbol=ITC\part-090512_985128-043409.parquet,35983,downloaded,35983,
2026-07-17,NSE,ITC,raw_l2/trade_date=2026-07-17/exchange=NSE/symbol=ITC/part-090904_778118-043921.parquet,real_data_sample\l2_unseen_validation\trade_date=2026-07-17\exchange=NSE\symbol=ITC\part-090904_778118-043921.parquet,35887,downloaded,35887,
2026-07-17,NSE,ITC,raw_l2/trade_date=2026-07-17/exchange=NSE/symbol=ITC/part-090639_302827-043601.parquet,real_data_sample\l2_unseen_validation\trade_date=2026-07-17\exchange=NSE\symbol=ITC\part-090639_302827-043601.parquet,35625,downloaded,35625,
2026-07-17,NSE,ITC,raw_l2/trade_date=2026-07-17/exchange=NSE/symbol=ITC/part-090541_785931-043473.parquet,real_data_sample\l2_unseen_validation\trade_date=2026-07-17\exchange=NSE\symbol=ITC\part-090541_785931-043473.parquet,35820,downloaded,35820,
2026-07-17,NSE,ITC,raw_l2/trade_date=2026-07-17/exchange=NSE/symbol=ITC/part-090458_232077-043377.parquet,real_data_sample\l2_unseen_validation\trade_date=2026-07-17\exchange=NSE\symbol=ITC\part-090458_232077-043377.parquet,35702,downloaded,35702,
2026-07-17,NSE,ITC,raw_l2/trade_date=2026-07-17/exchange=NSE/symbol=ITC/part-091005_055628-044049.parquet,real_data_sample\l2_unseen_validation\trade_date=2026-07-17\exchange=NSE\symbol=ITC\part-091005_055628-044049.parquet,36250,downloaded,36250,
2026-07-17,NSE,ITC,raw_l2/trade_date=2026-07-17/exchange=NSE/symbol=ITC/part-090556_032426-043505.parquet,real_data_sample\l2_unseen_validation\trade_date=2026-07-17\exchange=NSE\symbol=ITC\part-090556_032426-043505.parquet,35343,downloaded,35343,
2026-07-17,NSE,ITC,raw_l2/trade_date=2026-07-17/exchange=NSE/symbol=ITC/part-090737_047002-043729.parquet,real_data_sample\l2_unseen_validation\trade_date=2026-07-17\exchange=NSE\symbol=ITC\part-090737_047002-043729.parquet,36030,downloaded,36030,
2026-07-17,NSE,ITC,raw_l2/trade_date=2026-07-17/exchange=NSE/symbol=ITC/part-091048_742065-044145.parquet,real_data_sample\l2_unseen_validation\trade_date=2026-07-17\exchange=NSE\symbol=ITC\part-091048_742065-044145.parquet,35964,downloaded,35964,
2026-07-17,NSE,ITC,raw_l2/trade_date=2026-07-17/exchange=NSE/symbol=ITC/part-090443_480102-043345.parquet,real_data_sample\l2_unseen_validation\trade_date=2026-07-17\exchange=NSE\symbol=ITC\part-090443_480102-043345.parquet,35831,downloaded,35831,
2026-07-17,NSE,ITC,raw_l2/trade_date=2026-07-17/exchange=NSE/symbol=ITC/part-090414_272983-043281.parquet,real_data_sample\l2_unseen_validation\trade_date=2026-07-17\exchange=NSE\symbol=ITC\part-090414_272983-043281.parquet,35830,downloaded,35830,
2026-07-17,NSE,ITC,raw_l2/trade_date=2026-07-17/exchange=NSE/symbol=ITC/part-090428_644832-043313.parquet,real_data_sample\l2_unseen_validation\trade_date=2026-07-17\exchange=NSE\symbol=ITC\part-090428_644832-043313.parquet,35671,downloaded,35671,
2026-07-17,NSE,ITC,raw_l2/trade_date=2026-07-17/exchange=NSE/symbol=ITC/part-091103_354570-044177.parquet,real_data_sample\l2_unseen_validation\trade_date=2026-07-17\exchange=NSE\symbol=ITC\part-091103_354570-044177.parquet,35784,downloaded,35784,
2026-07-17,NSE,ITC,raw_l2/trade_date=2026-07-17/exchange=NSE/symbol=ITC/part-085826_442003-042513.parquet,real_data_sample\l2_unseen_validation\trade_date=2026-07-17\exchange=NSE\symbol=ITC\part-085826_442003-042513.parquet,36283,downloaded,36283,
2026-07-17,NSE,ITC,raw_l2/trade_date=2026-07-17/exchange=NSE/symbol=ITC/part-091147_409890-044273.parquet,real_data_sample\l2_unseen_validation\trade_date=2026-07-17\exchange=NSE\symbol=ITC\part-091147_409890-044273.parquet,36067,downloaded,36067,
2026-07-17,NSE,ITC,raw_l2/trade_date=2026-07-17/exchange=NSE/symbol=ITC/part-091232_502349-044369.parquet,real_data_sample\l2_unseen_validation\trade_date=2026-07-17\exchange=NSE\symbol=ITC\part-091232_502349-044369.parquet,36162,downloaded,36162,
2026-07-17,NSE,ITC,raw_l2/trade_date=2026-07-17/exchange=NSE/symbol=ITC/part-091133_017866-044241.parquet,real_data_sample\l2_unseen_validation\trade_date=2026-07-17\exchange=NSE\symbol=ITC\part-091133_017866-044241.parquet,35987,downloaded,35987,
2026-07-17,NSE,ITC,raw_l2/trade_date=2026-07-17/exchange=NSE/symbol=ITC/part-091247_383692-044401.parquet,real_data_sample\l2_unseen_validation\trade_date=2026-07-17\exchange=NSE\symbol=ITC\part-091247_383692-044401.parquet,36180,downloaded,36180,
2026-07-17,NSE,ITC,raw_l2/trade_date=2026-07-17/exchange=NSE/symbol=ITC/part-091201_975097-044305.parquet,real_data_sample\l2_unseen_validation\trade_date=2026-07-17\exchange=NSE\symbol=ITC\part-091201_975097-044305.parquet,35983,downloaded,35983,
2026-07-17,NSE,ITC,raw_l2/trade_date=2026-07-17/exchange=NSE/symbol=ITC/part-091428_670106-044625.parquet,real_data_sample\l2_unseen_validation\trade_date=2026-07-17\exchange=NSE\symbol=ITC\part-091428_670106-044625.parquet,36072,downloaded,36072,
2026-07-17,NSE,ITC,raw_l2/trade_date=2026-07-17/exchange=NSE/symbol=ITC/part-091330_887283-044497.parquet,real_data_sample\l2_unseen_validation\trade_date=2026-07-17\exchange=NSE\symbol=ITC\part-091330_887283-044497.parquet,36044,downloaded,36044,
2026-07-17,NSE,ITC,raw_l2/trade_date=2026-07-17/exchange=NSE/symbol=ITC/part-091414_284198-044593.parquet,real_data_sample\l2_unseen_validation\trade_date=2026-07-17\exchange=NSE\symbol=ITC\part-091414_284198-044593.parquet,35977,downloaded,35977,
2026-07-17,NSE,ITC,raw_l2/trade_date=2026-07-17/exchange=NSE/symbol=ITC/part-091359_889445-044561.parquet,real_data_sample\l2_unseen_validation\trade_date=2026-07-17\exchange=NSE\symbol=ITC\part-091359_889445-044561.parquet,35698,downloaded,35698,
2026-07-17,NSE,ITC,raw_l2/trade_date=2026-07-17/exchange=NSE/symbol=ITC/part-091443_105951-044657.parquet,real_data_sample\l2_unseen_validation\trade_date=2026-07-17\exchange=NSE\symbol=ITC\part-091443_105951-044657.parquet,36195,downloaded,36195,
2026-07-17,NSE,ITC,raw_l2/trade_date=2026-07-17/exchange=NSE/symbol=ITC/part-091457_393560-044689.parquet,real_data_sample\l2_unseen_validation\trade_date=2026-07-17\exchange=NSE\symbol=ITC\part-091457_393560-044689.parquet,35736,downloaded,35736,
2026-07-17,NSE,ITC,raw_l2/trade_date=2026-07-17/exchange=NSE/symbol=ITC/part-091316_442747-044465.parquet,real_data_sample\l2_unseen_validation\trade_date=2026-07-17\exchange=NSE\symbol=ITC\part-091316_442747-044465.parquet,36016,downloaded,36016,
2026-07-17,NSE,ITC,raw_l2/trade_date=2026-07-17/exchange=NSE/symbol=ITC/part-091345_300373-044529.parquet,real_data_sample\l2_unseen_validation\trade_date=2026-07-17\exchange=NSE\symbol=ITC\part-091345_300373-044529.parquet,36107,downloaded,36107,
2026-07-17,NSE,ITC,raw_l2/trade_date=2026-07-17/exchange=NSE/symbol=ITC/part-091301_763533-044433.parquet,real_data_sample\l2_unseen_validation\trade_date=2026-07-17\exchange=NSE\symbol=ITC\part-091301_763533-044433.parquet,36146,downloaded,36146,
2026-07-17,NSE,ITC,raw_l2/trade_date=2026-07-17/exchange=NSE/symbol=ITC/part-091511_906441-044721.parquet,real_data_sample\l2_unseen_validation\trade_date=2026-07-17\exchange=NSE\symbol=ITC\part-091511_906441-044721.parquet,36172,downloaded,36172,
2026-07-17,NSE,ITC,raw_l2/trade_date=2026-07-17/exchange=NSE/symbol=ITC/part-091554_977838-044817.parquet,real_data_sample\l2_unseen_validation\trade_date=2026-07-17\exchange=NSE\symbol=ITC\part-091554_977838-044817.parquet,35861,downloaded,35861,
2026-07-17,NSE,ITC,raw_l2/trade_date=2026-07-17/exchange=NSE/symbol=ITC/part-091526_059565-044753.parquet,real_data_sample\l2_unseen_validation\trade_date=2026-07-17\exchange=NSE\symbol=ITC\part-091526_059565-044753.parquet,35908,downloaded,35908,
2026-07-17,NSE,ITC,raw_l2/trade_date=2026-07-17/exchange=NSE/symbol=ITC/part-091540_416587-044785.parquet,real_data_sample\l2_unseen_validation\trade_date=2026-07-17\exchange=NSE\symbol=ITC\part-091540_416587-044785.parquet,35737,downloaded,35737,
2026-07-17,NSE,ITC,raw_l2/trade_date=2026-07-17/exchange=NSE/symbol=ITC/part-091706_787670-044977.parquet,real_data_sample\l2_unseen_validation\trade_date=2026-07-17\exchange=NSE\symbol=ITC\part-091706_787670-044977.parquet,35898,downloaded,35898,
2026-07-17,NSE,ITC,raw_l2/trade_date=2026-07-17/exchange=NSE/symbol=ITC/part-091735_110326-045041.parquet,real_data_sample\l2_unseen_validation\trade_date=2026-07-17\exchange=NSE\symbol=ITC\part-091735_110326-045041.parquet,35559,downloaded,35559,
2026-07-17,NSE,ITC,raw_l2/trade_date=2026-07-17/exchange=NSE/symbol=ITC/part-091720_962058-045009.parquet,real_data_sample\l2_unseen_validation\trade_date=2026-07-17\exchange=NSE\symbol=ITC\part-091720_962058-045009.parquet,35561,downloaded,35561,
2026-07-17,NSE,ITC,raw_l2/trade_date=2026-07-17/exchange=NSE/symbol=ITC/part-091609_617453-044849.parquet,real_data_sample\l2_unseen_validation\trade_date=2026-07-17\exchange=NSE\symbol=ITC\part-091609_617453-044849.parquet,35697,downloaded,35697,
2026-07-17,NSE,ITC,raw_l2/trade_date=2026-07-17/exchange=NSE/symbol=ITC/part-091803_644542-045105.parquet,real_data_sample\l2_unseen_validation\trade_date=2026-07-17\exchange=NSE\symbol=ITC\part-091803_644542-045105.parquet,35666,downloaded,35666,
2026-07-17,NSE,ITC,raw_l2/trade_date=2026-07-17/exchange=NSE/symbol=ITC/part-091652_488657-044945.parquet,real_data_sample\l2_unseen_validation\trade_date=2026-07-17\exchange=NSE\symbol=ITC\part-091652_488657-044945.parquet,35526,downloaded,35526,
2026-07-17,NSE,ITC,raw_l2/trade_date=2026-07-17/exchange=NSE/symbol=ITC/part-091638_321047-044913.parquet,real_data_sample\l2_unseen_validation\trade_date=2026-07-17\exchange=NSE\symbol=ITC\part-091638_321047-044913.parquet,35916,downloaded,35916,
2026-07-17,NSE,ITC,raw_l2/trade_date=2026-07-17/exchange=NSE/symbol=ITC/part-091749_260806-045073.parquet,real_data_sample\l2_unseen_validation\trade_date=2026-07-17\exchange=NSE\symbol=ITC\part-091749_260806-045073.parquet,35601,downloaded,35601,
2026-07-17,NSE,ITC,raw_l2/trade_date=2026-07-17/exchange=NSE/symbol=ITC/part-091818_125225-045137.parquet,real_data_sample\l2_unseen_validation\trade_date=2026-07-17\exchange=NSE\symbol=ITC\part-091818_125225-045137.parquet,35670,downloaded,35670,
2026-07-17,NSE,ITC,raw_l2/trade_date=2026-07-17/exchange=NSE/symbol=ITC/part-091624_146307-044881.parquet,real_data_sample\l2_unseen_validation\trade_date=2026-07-17\exchange=NSE\symbol=ITC\part-091624_146307-044881.parquet,35764,downloaded,35764,
2026-07-17,NSE,ITC,raw_l2/trade_date=2026-07-17/exchange=NSE/symbol=ITC/part-091832_467421-045169.parquet,real_data_sample\l2_unseen_validation\trade_date=2026-07-17\exchange=NSE\symbol=ITC\part-091832_467421-045169.parquet,35674,downloaded,35674,
2026-07-17,NSE,ITC,raw_l2/trade_date=2026-07-17/exchange=NSE/symbol=ITC/part-091118_068766-044209.parquet,real_data_sample\l2_unseen_validation\trade_date=2026-07-17\exchange=NSE\symbol=ITC\part-091118_068766-044209.parquet,35573,downloaded,35573,
2026-07-17,NSE,ITC,raw_l2/trade_date=2026-07-17/exchange=NSE/symbol=ITC/part-091901_275443-045233.parquet,real_data_sample\l2_unseen_validation\trade_date=2026-07-17\exchange=NSE\symbol=ITC\part-091901_275443-045233.parquet,35747,downloaded,35747,
2026-07-17,NSE,ITC,raw_l2/trade_date=2026-07-17/exchange=NSE/symbol=ITC/part-091915_896667-045265.parquet,real_data_sample\l2_unseen_validation\trade_date=2026-07-17\exchange=NSE\symbol=ITC\part-091915_896667-045265.parquet,35932,downloaded,35932,
2026-07-17,NSE,ITC,raw_l2/trade_date=2026-07-17/exchange=NSE/symbol=ITC/part-091930_096015-045297.parquet,real_data_sample\l2_unseen_validation\trade_date=2026-07-17\exchange=NSE\symbol=ITC\part-091930_096015-045297.parquet,35698,downloaded,35698,
2026-07-17,NSE,ITC,raw_l2/trade_date=2026-07-17/exchange=NSE/symbol=ITC/part-091944_408899-045329.parquet,real_data_sample\l2_unseen_validation\trade_date=2026-07-17\exchange=NSE\symbol=ITC\part-091944_408899-045329.parquet,35705,downloaded,35705,
2026-07-17,NSE,ITC,raw_l2/trade_date=2026-07-17/exchange=NSE/symbol=ITC/part-091958_611859-045361.parquet,real_data_sample\l2_unseen_validation\trade_date=2026-07-17\exchange=NSE\symbol=ITC\part-091958_611859-045361.parquet,35783,downloaded,35783,
2026-07-17,NSE,ITC,raw_l2/trade_date=2026-07-17/exchange=NSE/symbol=ITC/part-091217_071362-044337.parquet,real_data_sample\l2_unseen_validation\trade_date=2026-07-17\exchange=NSE\symbol=ITC\part-091217_071362-044337.parquet,35762,downloaded,35762,
2026-07-17,NSE,ITC,raw_l2/trade_date=2026-07-17/exchange=NSE/symbol=ITC/part-092055_843007-045489.parquet,real_data_sample\l2_unseen_validation\trade_date=2026-07-17\exchange=NSE\symbol=ITC\part-092055_843007-045489.parquet,35709,downloaded,35709,
2026-07-17,NSE,ITC,raw_l2/trade_date=2026-07-17/exchange=NSE/symbol=ITC/part-092041_515837-045457.parquet,real_data_sample\l2_unseen_validation\trade_date=2026-07-17\exchange=NSE\symbol=ITC\part-092041_515837-045457.parquet,35751,downloaded,35751,
2026-07-17,NSE,ITC,raw_l2/trade_date=2026-07-17/exchange=NSE/symbol=ITC/part-092110_273401-045521.parquet,real_data_sample\l2_unseen_validation\trade_date=2026-07-17\exchange=NSE\symbol=ITC\part-092110_273401-045521.parquet,35626,downloaded,35626,
2026-07-17,NSE,ITC,raw_l2/trade_date=2026-07-17/exchange=NSE/symbol=ITC/part-092139_141061-045585.parquet,real_data_sample\l2_unseen_validation\trade_date=2026-07-17\exchange=NSE\symbol=ITC\part-092139_141061-045585.parquet,35924,downloaded,35924,
2026-07-17,NSE,ITC,raw_l2/trade_date=2026-07-17/exchange=NSE/symbol=ITC/part-092153_608854-045617.parquet,real_data_sample\l2_unseen_validation\trade_date=2026-07-17\exchange=NSE\symbol=ITC\part-092153_608854-045617.parquet,35999,downloaded,35999,
2026-07-17,NSE,ITC,raw_l2/trade_date=2026-07-17/exchange=NSE/symbol=ITC/part-092012_957850-045393.parquet,real_data_sample\l2_unseen_validation\trade_date=2026-07-17\exchange=NSE\symbol=ITC\part-092012_957850-045393.parquet,35564,downloaded,35564,
2026-07-17,NSE,ITC,raw_l2/trade_date=2026-07-17/exchange=NSE/symbol=ITC/part-092207_799943-045649.parquet,real_data_sample\l2_unseen_validation\trade_date=2026-07-17\exchange=NSE\symbol=ITC\part-092207_799943-045649.parquet,35828,downloaded,35828,
2026-07-17,NSE,ITC,raw_l2/trade_date=2026-07-17/exchange=NSE/symbol=ITC/part-092124_611564-045553.parquet,real_data_sample\l2_unseen_validation\trade_date=2026-07-17\exchange=NSE\symbol=ITC\part-092124_611564-045553.parquet,35898,downloaded,35898,
2026-07-17,NSE,ITC,raw_l2/trade_date=2026-07-17/exchange=NSE/symbol=ITC/part-092027_289849-045425.parquet,real_data_sample\l2_unseen_validation\trade_date=2026-07-17\exchange=NSE\symbol=ITC\part-092027_289849-045425.parquet,35917,downloaded,35917,
2026-07-17,NSE,ITC,raw_l2/trade_date=2026-07-17/exchange=NSE/symbol=ITC/part-092222_094824-045681.parquet,real_data_sample\l2_unseen_validation\trade_date=2026-07-17\exchange=NSE\symbol=ITC\part-092222_094824-045681.parquet,35652,downloaded,35652,
2026-07-17,NSE,ITC,raw_l2/trade_date=2026-07-17/exchange=NSE/symbol=ITC/part-092305_091078-045777.parquet,real_data_sample\l2_unseen_validation\trade_date=2026-07-17\exchange=NSE\symbol=ITC\part-092305_091078-045777.parquet,35679,downloaded,35679,
2026-07-17,NSE,ITC,raw_l2/trade_date=2026-07-17/exchange=NSE/symbol=ITC/part-092432_561240-045969.parquet,real_data_sample\l2_unseen_validation\trade_date=2026-07-17\exchange=NSE\symbol=ITC\part-092432_561240-045969.parquet,35742,downloaded,35742,
2026-07-17,NSE,ITC,raw_l2/trade_date=2026-07-17/exchange=NSE/symbol=ITC/part-092530_597686-046097.parquet,real_data_sample\l2_unseen_validation\trade_date=2026-07-17\exchange=NSE\symbol=ITC\part-092530_597686-046097.parquet,35609,downloaded,35609,
2026-07-17,NSE,ITC,raw_l2/trade_date=2026-07-17/exchange=NSE/symbol=ITC/part-092545_283096-046129.parquet,real_data_sample\l2_unseen_validation\trade_date=2026-07-17\exchange=NSE\symbol=ITC\part-092545_283096-046129.parquet,35479,downloaded,35479,
2026-07-17,NSE,ITC,raw_l2/trade_date=2026-07-17/exchange=NSE/symbol=ITC/part-092403_240304-045905.parquet,real_data_sample\l2_unseen_validation\trade_date=2026-07-17\exchange=NSE\symbol=ITC\part-092403_240304-045905.parquet,35809,downloaded,35809,
2026-07-17,NSE,ITC,raw_l2/trade_date=2026-07-17/exchange=NSE/symbol=ITC/part-092236_392710-045713.parquet,real_data_sample\l2_unseen_validation\trade_date=2026-07-17\exchange=NSE\symbol=ITC\part-092236_392710-045713.parquet,36175,downloaded,36175,
2026-07-17,NSE,ITC,raw_l2/trade_date=2026-07-17/exchange=NSE/symbol=ITC/part-092319_839302-045809.parquet,real_data_sample\l2_unseen_validation\trade_date=2026-07-17\exchange=NSE\symbol=ITC\part-092319_839302-045809.parquet,35572,downloaded,35572,
2026-07-17,NSE,ITC,raw_l2/trade_date=2026-07-17/exchange=NSE/symbol=ITC/part-092334_548566-045841.parquet,real_data_sample\l2_unseen_validation\trade_date=2026-07-17\exchange=NSE\symbol=ITC\part-092334_548566-045841.parquet,35415,downloaded,35415,
2026-07-17,NSE,ITC,raw_l2/trade_date=2026-07-17/exchange=NSE/symbol=ITC/part-092348_878231-045873.parquet,real_data_sample\l2_unseen_validation\trade_date=2026-07-17\exchange=NSE\symbol=ITC\part-092348_878231-045873.parquet,35707,downloaded,35707,
2026-07-17,NSE,ITC,raw_l2/trade_date=2026-07-17/exchange=NSE/symbol=ITC/part-092250_837803-045745.parquet,real_data_sample\l2_unseen_validation\trade_date=2026-07-17\exchange=NSE\symbol=ITC\part-092250_837803-045745.parquet,35740,downloaded,35740,
2026-07-17,NSE,ITC,raw_l2/trade_date=2026-07-17/exchange=NSE/symbol=ITC/part-092446_750216-046001.parquet,real_data_sample\l2_unseen_validation\trade_date=2026-07-17\exchange=NSE\symbol=ITC\part-092446_750216-046001.parquet,35525,downloaded,35525,
2026-07-17,NSE,ITC,raw_l2/trade_date=2026-07-17/exchange=NSE/symbol=ITC/part-092516_101634-046065.parquet,real_data_sample\l2_unseen_validation\trade_date=2026-07-17\exchange=NSE\symbol=ITC\part-092516_101634-046065.parquet,35705,downloaded,35705,
2026-07-17,NSE,ITC,raw_l2/trade_date=2026-07-17/exchange=NSE/symbol=ITC/part-092501_383140-046033.parquet,real_data_sample\l2_unseen_validation\trade_date=2026-07-17\exchange=NSE\symbol=ITC\part-092501_383140-046033.parquet,35741,downloaded,35741,
2026-07-17,NSE,ITC,raw_l2/trade_date=2026-07-17/exchange=NSE/symbol=ITC/part-092417_907244-045937.parquet,real_data_sample\l2_unseen_validation\trade_date=2026-07-17\exchange=NSE\symbol=ITC\part-092417_907244-045937.parquet,35634,downloaded,35634,
2026-07-17,NSE,ITC,raw_l2/trade_date=2026-07-17/exchange=NSE/symbol=ITC/part-092614_625629-046193.parquet,real_data_sample\l2_unseen_validation\trade_date=2026-07-17\exchange=NSE\symbol=ITC\part-092614_625629-046193.parquet,36228,downloaded,36228,
2026-07-17,NSE,ITC,raw_l2/trade_date=2026-07-17/exchange=NSE/symbol=ITC/part-092629_208339-046225.parquet,real_data_sample\l2_unseen_validation\trade_date=2026-07-17\exchange=NSE\symbol=ITC\part-092629_208339-046225.parquet,35990,downloaded,35990,
2026-07-17,NSE,ITC,raw_l2/trade_date=2026-07-17/exchange=NSE/symbol=ITC/part-092644_283456-046257.parquet,real_data_sample\l2_unseen_validation\trade_date=2026-07-17\exchange=NSE\symbol=ITC\part-092644_283456-046257.parquet,35893,downloaded,35893,
2026-07-17,NSE,ITC,raw_l2/trade_date=2026-07-17/exchange=NSE/symbol=ITC/part-092741_716427-046385.parquet,real_data_sample\l2_unseen_validation\trade_date=2026-07-17\exchange=NSE\symbol=ITC\part-092741_716427-046385.parquet,35347,downloaded,35347,
2026-07-17,NSE,ITC,raw_l2/trade_date=2026-07-17/exchange=NSE/symbol=ITC/part-092824_941688-046481.parquet,real_data_sample\l2_unseen_validation\trade_date=2026-07-17\exchange=NSE\symbol=ITC\part-092824_941688-046481.parquet,35409,downloaded,35409,
2026-07-17,NSE,ITC,raw_l2/trade_date=2026-07-17/exchange=NSE/symbol=ITC/part-092853_807702-046545.parquet,real_data_sample\l2_unseen_validation\trade_date=2026-07-17\exchange=NSE\symbol=ITC\part-092853_807702-046545.parquet,35575,downloaded,35575,
2026-07-17,NSE,ITC,raw_l2/trade_date=2026-07-17/exchange=NSE/symbol=ITC/part-092937_649143-046641.parquet,real_data_sample\l2_unseen_validation\trade_date=2026-07-17\exchange=NSE\symbol=ITC\part-092937_649143-046641.parquet,36207,downloaded,36207,
2026-07-17,NSE,ITC,raw_l2/trade_date=2026-07-17/exchange=NSE/symbol=ITC/part-092658_538964-046289.parquet,real_data_sample\l2_unseen_validation\trade_date=2026-07-17\exchange=NSE\symbol=ITC\part-092658_538964-046289.parquet,35699,downloaded,35699,
2026-07-17,NSE,ITC,raw_l2/trade_date=2026-07-17/exchange=NSE/symbol=ITC/part-092839_412502-046513.parquet,real_data_sample\l2_unseen_validation\trade_date=2026-07-17\exchange=NSE\symbol=ITC\part-092839_412502-046513.parquet,35807,downloaded,35807,
2026-07-17,NSE,ITC,raw_l2/trade_date=2026-07-17/exchange=NSE/symbol=ITC/part-092952_389507-046673.parquet,real_data_sample\l2_unseen_validation\trade_date=2026-07-17\exchange=NSE\symbol=ITC\part-092952_389507-046673.parquet,35544,downloaded,35544,
2026-07-17,NSE,ITC,raw_l2/trade_date=2026-07-17/exchange=NSE/symbol=ITC/part-092923_173133-046609.parquet,real_data_sample\l2_unseen_validation\trade_date=2026-07-17\exchange=NSE\symbol=ITC\part-092923_173133-046609.parquet,35579,downloaded,35579,
2026-07-17,NSE,ITC,raw_l2/trade_date=2026-07-17/exchange=NSE/symbol=ITC/part-091846_839140-045201.parquet,real_data_sample\l2_unseen_validation\trade_date=2026-07-17\exchange=NSE\symbol=ITC\part-091846_839140-045201.parquet,35748,downloaded,35748,
2026-07-17,NSE,ITC,raw_l2/trade_date=2026-07-17/exchange=NSE/symbol=ITC/part-092712_833524-046321.parquet,real_data_sample\l2_unseen_validation\trade_date=2026-07-17\exchange=NSE\symbol=ITC\part-092712_833524-046321.parquet,35720,downloaded,35720,
2026-07-17,NSE,ITC,raw_l2/trade_date=2026-07-17/exchange=NSE/symbol=ITC/part-092810_447499-046449.parquet,real_data_sample\l2_unseen_validation\trade_date=2026-07-17\exchange=NSE\symbol=ITC\part-092810_447499-046449.parquet,35940,downloaded,35940,
2026-07-17,NSE,ITC,raw_l2/trade_date=2026-07-17/exchange=NSE/symbol=ITC/part-092756_109613-046417.parquet,real_data_sample\l2_unseen_validation\trade_date=2026-07-17\exchange=NSE\symbol=ITC\part-092756_109613-046417.parquet,35339,downloaded,35339,
2026-07-17,NSE,ITC,raw_l2/trade_date=2026-07-17/exchange=NSE/symbol=ITC/part-092908_543308-046577.parquet,real_data_sample\l2_unseen_validation\trade_date=2026-07-17\exchange=NSE\symbol=ITC\part-092908_543308-046577.parquet,35853,downloaded,35853,
2026-07-17,NSE,ITC,raw_l2/trade_date=2026-07-17/exchange=NSE/symbol=ITC/part-093007_083711-046705.parquet,real_data_sample\l2_unseen_validation\trade_date=2026-07-17\exchange=NSE\symbol=ITC\part-093007_083711-046705.parquet,35539,downloaded,35539,
2026-07-17,NSE,ITC,raw_l2/trade_date=2026-07-17/exchange=NSE/symbol=ITC/part-092559_879238-046161.parquet,real_data_sample\l2_unseen_validation\trade_date=2026-07-17\exchange=NSE\symbol=ITC\part-092559_879238-046161.parquet,35684,downloaded,35684,
2026-07-17,NSE,ITC,raw_l2/trade_date=2026-07-17/exchange=NSE/symbol=ITC/part-093341_263801-047185.parquet,real_data_sample\l2_unseen_validation\trade_date=2026-07-17\exchange=NSE\symbol=ITC\part-093341_263801-047185.parquet,35558,downloaded,35558,
2026-07-17,NSE,ITC,raw_l2/trade_date=2026-07-17/exchange=NSE/symbol=ITC/part-093021_736785-046737.parquet,real_data_sample\l2_unseen_validation\trade_date=2026-07-17\exchange=NSE\symbol=ITC\part-093021_736785-046737.parquet,35896,downloaded,35896,
2026-07-17,NSE,ITC,raw_l2/trade_date=2026-07-17/exchange=NSE/symbol=ITC/part-093036_287191-046769.parquet,real_data_sample\l2_unseen_validation\trade_date=2026-07-17\exchange=NSE\symbol=ITC\part-093036_287191-046769.parquet,36068,downloaded,36068,
2026-07-17,NSE,ITC,raw_l2/trade_date=2026-07-17/exchange=NSE/symbol=ITC/part-093104_772639-046833.parquet,real_data_sample\l2_unseen_validation\trade_date=2026-07-17\exchange=NSE\symbol=ITC\part-093104_772639-046833.parquet,35416,downloaded,35416,
2026-07-17,NSE,ITC,raw_l2/trade_date=2026-07-17/exchange=NSE/symbol=ITC/part-093230_199514-047025.parquet,real_data_sample\l2_unseen_validation\trade_date=2026-07-17\exchange=NSE\symbol=ITC\part-093230_199514-047025.parquet,35986,downloaded,35986,
2026-07-17,NSE,ITC,raw_l2/trade_date=2026-07-17/exchange=NSE/symbol=ITC/part-093327_218952-047153.parquet,real_data_sample\l2_unseen_validation\trade_date=2026-07-17\exchange=NSE\symbol=ITC\part-093327_218952-047153.parquet,35340,downloaded,35340,
2026-07-17,NSE,ITC,raw_l2/trade_date=2026-07-17/exchange=NSE/symbol=ITC/part-093050_634585-046801.parquet,real_data_sample\l2_unseen_validation\trade_date=2026-07-17\exchange=NSE\symbol=ITC\part-093050_634585-046801.parquet,35616,downloaded,35616,
2026-07-17,NSE,ITC,raw_l2/trade_date=2026-07-17/exchange=NSE/symbol=ITC/part-093133_404571-046897.parquet,real_data_sample\l2_unseen_validation\trade_date=2026-07-17\exchange=NSE\symbol=ITC\part-093133_404571-046897.parquet,35306,downloaded,35306,
2026-07-17,NSE,ITC,raw_l2/trade_date=2026-07-17/exchange=NSE/symbol=ITC/part-093202_259329-046961.parquet,real_data_sample\l2_unseen_validation\trade_date=2026-07-17\exchange=NSE\symbol=ITC\part-093202_259329-046961.parquet,35941,downloaded,35941,
2026-07-17,NSE,ITC,raw_l2/trade_date=2026-07-17/exchange=NSE/symbol=ITC/part-093147_806319-046929.parquet,real_data_sample\l2_unseen_validation\trade_date=2026-07-17\exchange=NSE\symbol=ITC\part-093147_806319-046929.parquet,35608,downloaded,35608,
2026-07-17,NSE,ITC,raw_l2/trade_date=2026-07-17/exchange=NSE/symbol=ITC/part-093216_150348-046993.parquet,real_data_sample\l2_unseen_validation\trade_date=2026-07-17\exchange=NSE\symbol=ITC\part-093216_150348-046993.parquet,35531,downloaded,35531,
2026-07-17,NSE,ITC,raw_l2/trade_date=2026-07-17/exchange=NSE/symbol=ITC/part-093312_948434-047121.parquet,real_data_sample\l2_unseen_validation\trade_date=2026-07-17\exchange=NSE\symbol=ITC\part-093312_948434-047121.parquet,35351,downloaded,35351,
2026-07-17,NSE,ITC,raw_l2/trade_date=2026-07-17/exchange=NSE/symbol=ITC/part-093119_248776-046865.parquet,real_data_sample\l2_unseen_validation\trade_date=2026-07-17\exchange=NSE\symbol=ITC\part-093119_248776-046865.parquet,35345,downloaded,35345,
2026-07-17,NSE,ITC,raw_l2/trade_date=2026-07-17/exchange=NSE/symbol=ITC/part-093244_623891-047057.parquet,real_data_sample\l2_unseen_validation\trade_date=2026-07-17\exchange=NSE\symbol=ITC\part-093244_623891-047057.parquet,35899,downloaded,35899,
2026-07-17,NSE,ITC,raw_l2/trade_date=2026-07-17/exchange=NSE/symbol=ITC/part-092727_151763-046353.parquet,real_data_sample\l2_unseen_validation\trade_date=2026-07-17\exchange=NSE\symbol=ITC\part-092727_151763-046353.parquet,35510,downloaded,35510,
2026-07-17,NSE,ITC,raw_l2/trade_date=2026-07-17/exchange=NSE/symbol=ITC/part-093258_705286-047089.parquet,real_data_sample\l2_unseen_validation\trade_date=2026-07-17\exchange=NSE\symbol=ITC\part-093258_705286-047089.parquet,35768,downloaded,35768,
2026-07-17,NSE,ITC,raw_l2/trade_date=2026-07-17/exchange=NSE/symbol=ITC/part-093409_465191-047249.parquet,real_data_sample\l2_unseen_validation\trade_date=2026-07-17\exchange=NSE\symbol=ITC\part-093409_465191-047249.parquet,35459,downloaded,35459,
2026-07-17,NSE,ITC,raw_l2/trade_date=2026-07-17/exchange=NSE/symbol=ITC/part-093534_828942-047441.parquet,real_data_sample\l2_unseen_validation\trade_date=2026-07-17\exchange=NSE\symbol=ITC\part-093534_828942-047441.parquet,35588,downloaded,35588,
2026-07-17,NSE,ITC,raw_l2/trade_date=2026-07-17/exchange=NSE/symbol=ITC/part-093355_377857-047217.parquet,real_data_sample\l2_unseen_validation\trade_date=2026-07-17\exchange=NSE\symbol=ITC\part-093355_377857-047217.parquet,35850,downloaded,35850,
2026-07-17,NSE,ITC,raw_l2/trade_date=2026-07-17/exchange=NSE/symbol=ITC/part-093437_562273-047313.parquet,real_data_sample\l2_unseen_validation\trade_date=2026-07-17\exchange=NSE\symbol=ITC\part-093437_562273-047313.parquet,35539,downloaded,35539,
2026-07-17,NSE,ITC,raw_l2/trade_date=2026-07-17/exchange=NSE/symbol=ITC/part-093520_545272-047409.parquet,real_data_sample\l2_unseen_validation\trade_date=2026-07-17\exchange=NSE\symbol=ITC\part-093520_545272-047409.parquet,35651,downloaded,35651,
2026-07-17,NSE,ITC,raw_l2/trade_date=2026-07-17/exchange=NSE/symbol=ITC/part-093423_472348-047281.parquet,real_data_sample\l2_unseen_validation\trade_date=2026-07-17\exchange=NSE\symbol=ITC\part-093423_472348-047281.parquet,35410,downloaded,35410,
2026-07-17,NSE,ITC,raw_l2/trade_date=2026-07-17/exchange=NSE/symbol=ITC/part-093506_099895-047377.parquet,real_data_sample\l2_unseen_validation\trade_date=2026-07-17\exchange=NSE\symbol=ITC\part-093506_099895-047377.parquet,35374,downloaded,35374,
2026-07-17,NSE,ITC,raw_l2/trade_date=2026-07-17/exchange=NSE/symbol=ITC/part-093549_059986-047473.parquet,real_data_sample\l2_unseen_validation\trade_date=2026-07-17\exchange=NSE\symbol=ITC\part-093549_059986-047473.parquet,35648,downloaded,35648,
2026-07-17,NSE,ITC,raw_l2/trade_date=2026-07-17/exchange=NSE/symbol=ITC/part-093451_761187-047345.parquet,real_data_sample\l2_unseen_validation\trade_date=2026-07-17\exchange=NSE\symbol=ITC\part-093451_761187-047345.parquet,35600,downloaded,35600,
2026-07-17,NSE,ITC,raw_l2/trade_date=2026-07-17/exchange=NSE/symbol=ITC/part-093646_384702-047601.parquet,real_data_sample\l2_unseen_validation\trade_date=2026-07-17\exchange=NSE\symbol=ITC\part-093646_384702-047601.parquet,35418,downloaded,35418,
2026-07-17,NSE,ITC,raw_l2/trade_date=2026-07-17/exchange=NSE/symbol=ITC/part-093618_022890-047537.parquet,real_data_sample\l2_unseen_validation\trade_date=2026-07-17\exchange=NSE\symbol=ITC\part-093618_022890-047537.parquet,35394,downloaded,35394,
2026-07-17,NSE,ITC,raw_l2/trade_date=2026-07-17/exchange=NSE/symbol=ITC/part-093632_244630-047569.parquet,real_data_sample\l2_unseen_validation\trade_date=2026-07-17\exchange=NSE\symbol=ITC\part-093632_244630-047569.parquet,35271,downloaded,35271,
2026-07-17,NSE,ITC,raw_l2/trade_date=2026-07-17/exchange=NSE/symbol=ITC/part-093700_424652-047633.parquet,real_data_sample\l2_unseen_validation\trade_date=2026-07-17\exchange=NSE\symbol=ITC\part-093700_424652-047633.parquet,35570,downloaded,35570,
2026-07-17,NSE,ITC,raw_l2/trade_date=2026-07-17/exchange=NSE/symbol=ITC/part-093742_352493-047729.parquet,real_data_sample\l2_unseen_validation\trade_date=2026-07-17\exchange=NSE\symbol=ITC\part-093742_352493-047729.parquet,35519,downloaded,35519,
2026-07-17,NSE,ITC,raw_l2/trade_date=2026-07-17/exchange=NSE/symbol=ITC/part-093756_492074-047761.parquet,real_data_sample\l2_unseen_validation\trade_date=2026-07-17\exchange=NSE\symbol=ITC\part-093756_492074-047761.parquet,35656,downloaded,35656,
2026-07-17,NSE,ITC,raw_l2/trade_date=2026-07-17/exchange=NSE/symbol=ITC/part-093810_613810-047793.parquet,real_data_sample\l2_unseen_validation\trade_date=2026-07-17\exchange=NSE\symbol=ITC\part-093810_613810-047793.parquet,35520,downloaded,35520,
2026-07-17,NSE,ITC,raw_l2/trade_date=2026-07-17/exchange=NSE/symbol=ITC/part-093824_792950-047825.parquet,real_data_sample\l2_unseen_validation\trade_date=2026-07-17\exchange=NSE\symbol=ITC\part-093824_792950-047825.parquet,35232,downloaded,35232,
2026-07-17,NSE,ITC,raw_l2/trade_date=2026-07-17/exchange=NSE/symbol=ITC/part-093714_490516-047665.parquet,real_data_sample\l2_unseen_validation\trade_date=2026-07-17\exchange=NSE\symbol=ITC\part-093714_490516-047665.parquet,35859,downloaded,35859,
2026-07-17,NSE,ITC,raw_l2/trade_date=2026-07-17/exchange=NSE/symbol=ITC/part-093603_565173-047505.parquet,real_data_sample\l2_unseen_validation\trade_date=2026-07-17\exchange=NSE\symbol=ITC\part-093603_565173-047505.parquet,35314,downloaded,35314,
2026-07-17,NSE,ITC,raw_l2/trade_date=2026-07-17/exchange=NSE/symbol=ITC/part-093853_195335-047889.parquet,real_data_sample\l2_unseen_validation\trade_date=2026-07-17\exchange=NSE\symbol=ITC\part-093853_195335-047889.parquet,35699,downloaded,35699,
2026-07-17,NSE,ITC,raw_l2/trade_date=2026-07-17/exchange=NSE/symbol=ITC/part-094200_142691-048305.parquet,real_data_sample\l2_unseen_validation\trade_date=2026-07-17\exchange=NSE\symbol=ITC\part-094200_142691-048305.parquet,35526,downloaded,35526,
2026-07-17,NSE,ITC,raw_l2/trade_date=2026-07-17/exchange=NSE/symbol=ITC/part-094243_285163-048401.parquet,real_data_sample\l2_unseen_validation\trade_date=2026-07-17\exchange=NSE\symbol=ITC\part-094243_285163-048401.parquet,35646,downloaded,35646,
2026-07-17,NSE,ITC,raw_l2/trade_date=2026-07-17/exchange=NSE/symbol=ITC/part-094131_229269-048241.parquet,real_data_sample\l2_unseen_validation\trade_date=2026-07-17\exchange=NSE\symbol=ITC\part-094131_229269-048241.parquet,35306,downloaded,35306,
2026-07-17,NSE,ITC,raw_l2/trade_date=2026-07-17/exchange=NSE/symbol=ITC/part-094325_863278-048497.parquet,real_data_sample\l2_unseen_validation\trade_date=2026-07-17\exchange=NSE\symbol=ITC\part-094325_863278-048497.parquet,35210,downloaded,35210,
2026-07-17,NSE,ITC,raw_l2/trade_date=2026-07-17/exchange=NSE/symbol=ITC/part-094228_980752-048369.parquet,real_data_sample\l2_unseen_validation\trade_date=2026-07-17\exchange=NSE\symbol=ITC\part-094228_980752-048369.parquet,35470,downloaded,35470,
2026-07-17,NSE,ITC,raw_l2/trade_date=2026-07-17/exchange=NSE/symbol=ITC/part-094145_742235-048273.parquet,real_data_sample\l2_unseen_validation\trade_date=2026-07-17\exchange=NSE\symbol=ITC\part-094145_742235-048273.parquet,35282,downloaded,35282,
2026-07-17,NSE,ITC,raw_l2/trade_date=2026-07-17/exchange=NSE/symbol=ITC/part-094214_531145-048337.parquet,real_data_sample\l2_unseen_validation\trade_date=2026-07-17\exchange=NSE\symbol=ITC\part-094214_531145-048337.parquet,35531,downloaded,35531,
2026-07-17,NSE,ITC,raw_l2/trade_date=2026-07-17/exchange=NSE/symbol=ITC/part-094340_130809-048529.parquet,real_data_sample\l2_unseen_validation\trade_date=2026-07-17\exchange=NSE\symbol=ITC\part-094340_130809-048529.parquet,35340,downloaded,35340,
2026-07-17,NSE,ITC,raw_l2/trade_date=2026-07-17/exchange=NSE/symbol=ITC/part-094257_465111-048433.parquet,real_data_sample\l2_unseen_validation\trade_date=2026-07-17\exchange=NSE\symbol=ITC\part-094257_465111-048433.parquet,35490,downloaded,35490,
2026-07-17,NSE,ITC,raw_l2/trade_date=2026-07-17/exchange=NSE/symbol=ITC/part-094005_198610-048049.parquet,real_data_sample\l2_unseen_validation\trade_date=2026-07-17\exchange=NSE\symbol=ITC\part-094005_198610-048049.parquet,35891,downloaded,35891,
2026-07-17,NSE,ITC,raw_l2/trade_date=2026-07-17/exchange=NSE/symbol=ITC/part-094033_840337-048113.parquet,real_data_sample\l2_unseen_validation\trade_date=2026-07-17\exchange=NSE\symbol=ITC\part-094033_840337-048113.parquet,35468,downloaded,35468,
2026-07-17,NSE,ITC,raw_l2/trade_date=2026-07-17/exchange=NSE/symbol=ITC/part-093839_023983-047857.parquet,real_data_sample\l2_unseen_validation\trade_date=2026-07-17\exchange=NSE\symbol=ITC\part-093839_023983-047857.parquet,35363,downloaded,35363,
2026-07-17,NSE,ITC,raw_l2/trade_date=2026-07-17/exchange=NSE/symbol=ITC/part-094423_366491-048625.parquet,real_data_sample\l2_unseen_validation\trade_date=2026-07-17\exchange=NSE\symbol=ITC\part-094423_366491-048625.parquet,35897,downloaded,35897,
2026-07-17,NSE,ITC,raw_l2/trade_date=2026-07-17/exchange=NSE/symbol=ITC/part-094311_506108-048465.parquet,real_data_sample\l2_unseen_validation\trade_date=2026-07-17\exchange=NSE\symbol=ITC\part-094311_506108-048465.parquet,35557,downloaded,35557,
2026-07-17,NSE,ITC,raw_l2/trade_date=2026-07-17/exchange=NSE/symbol=ITC/part-093907_648110-047921.parquet,real_data_sample\l2_unseen_validation\trade_date=2026-07-17\exchange=NSE\symbol=ITC\part-093907_648110-047921.parquet,35565,downloaded,35565,
2026-07-17,NSE,ITC,raw_l2/trade_date=2026-07-17/exchange=NSE/symbol=ITC/part-093950_958756-048017.parquet,real_data_sample\l2_unseen_validation\trade_date=2026-07-17\exchange=NSE\symbol=ITC\part-093950_958756-048017.parquet,35494,downloaded,35494,
2026-07-17,NSE,ITC,raw_l2/trade_date=2026-07-17/exchange=NSE/symbol=ITC/part-093922_272970-047953.parquet,real_data_sample\l2_unseen_validation\trade_date=2026-07-17\exchange=NSE\symbol=ITC\part-093922_272970-047953.parquet,35786,downloaded,35786,
2026-07-17,NSE,ITC,raw_l2/trade_date=2026-07-17/exchange=NSE/symbol=ITC/part-093728_336014-047697.parquet,real_data_sample\l2_unseen_validation\trade_date=2026-07-17\exchange=NSE\symbol=ITC\part-093728_336014-047697.parquet,35593,downloaded,35593,
2026-07-17,NSE,ITC,raw_l2/trade_date=2026-07-17/exchange=NSE/symbol=ITC/part-093936_464271-047985.parquet,real_data_sample\l2_unseen_validation\trade_date=2026-07-17\exchange=NSE\symbol=ITC\part-093936_464271-047985.parquet,35384,downloaded,35384,
2026-07-17,NSE,ITC,raw_l2/trade_date=2026-07-17/exchange=NSE/symbol=ITC/part-094116_852381-048209.parquet,real_data_sample\l2_unseen_validation\trade_date=2026-07-17\exchange=NSE\symbol=ITC\part-094116_852381-048209.parquet,35486,downloaded,35486,
2026-07-17,NSE,ITC,raw_l2/trade_date=2026-07-17/exchange=NSE/symbol=ITC/part-094048_079512-048145.parquet,real_data_sample\l2_unseen_validation\trade_date=2026-07-17\exchange=NSE\symbol=ITC\part-094048_079512-048145.parquet,35401,downloaded,35401,
2026-07-17,NSE,ITC,raw_l2/trade_date=2026-07-17/exchange=NSE/symbol=ITC/part-094409_086433-048593.parquet,real_data_sample\l2_unseen_validation\trade_date=2026-07-17\exchange=NSE\symbol=ITC\part-094409_086433-048593.parquet,35881,downloaded,35881,
2026-07-17,NSE,ITC,raw_l2/trade_date=2026-07-17/exchange=NSE/symbol=ITC/part-094354_632272-048561.parquet,real_data_sample\l2_unseen_validation\trade_date=2026-07-17\exchange=NSE\symbol=ITC\part-094354_632272-048561.parquet,35864,downloaded,35864,
2026-07-17,NSE,ITC,raw_l2/trade_date=2026-07-17/exchange=NSE/symbol=ITC/part-094437_682931-048657.parquet,real_data_sample\l2_unseen_validation\trade_date=2026-07-17\exchange=NSE\symbol=ITC\part-094437_682931-048657.parquet,35421,downloaded,35421,
2026-07-17,NSE,ITC,raw_l2/trade_date=2026-07-17/exchange=NSE/symbol=ITC/part-094019_450283-048081.parquet,real_data_sample\l2_unseen_validation\trade_date=2026-07-17\exchange=NSE\symbol=ITC\part-094019_450283-048081.parquet,35259,downloaded,35259,
2026-07-17,NSE,ITC,raw_l2/trade_date=2026-07-17/exchange=NSE/symbol=ITC/part-094452_015017-048689.parquet,real_data_sample\l2_unseen_validation\trade_date=2026-07-17\exchange=NSE\symbol=ITC\part-094452_015017-048689.parquet,36130,downloaded,36130,
2026-07-17,NSE,ITC,raw_l2/trade_date=2026-07-17/exchange=NSE/symbol=ITC/part-094520_425211-048753.parquet,real_data_sample\l2_unseen_validation\trade_date=2026-07-17\exchange=NSE\symbol=ITC\part-094520_425211-048753.parquet,35646,downloaded,35646,
2026-07-17,NSE,ITC,raw_l2/trade_date=2026-07-17/exchange=NSE/symbol=ITC/part-094506_215828-048721.parquet,real_data_sample\l2_unseen_validation\trade_date=2026-07-17\exchange=NSE\symbol=ITC\part-094506_215828-048721.parquet,35651,downloaded,35651,
2026-07-17,NSE,ITC,raw_l2/trade_date=2026-07-17/exchange=NSE/symbol=ITC/part-094534_507207-048785.parquet,real_data_sample\l2_unseen_validation\trade_date=2026-07-17\exchange=NSE\symbol=ITC\part-094534_507207-048785.parquet,35832,downloaded,35832,
2026-07-17,NSE,ITC,raw_l2/trade_date=2026-07-17/exchange=NSE/symbol=ITC/part-094603_297434-048849.parquet,real_data_sample\l2_unseen_validation\trade_date=2026-07-17\exchange=NSE\symbol=ITC\part-094603_297434-048849.parquet,35706,downloaded,35706,
2026-07-17,NSE,ITC,raw_l2/trade_date=2026-07-17/exchange=NSE/symbol=ITC/part-094617_663463-048881.parquet,real_data_sample\l2_unseen_validation\trade_date=2026-07-17\exchange=NSE\symbol=ITC\part-094617_663463-048881.parquet,35993,downloaded,35993,
2026-07-17,NSE,ITC,raw_l2/trade_date=2026-07-17/exchange=NSE/symbol=ITC/part-094742_815869-049073.parquet,real_data_sample\l2_unseen_validation\trade_date=2026-07-17\exchange=NSE\symbol=ITC\part-094742_815869-049073.parquet,35415,downloaded,35415,
2026-07-17,NSE,ITC,raw_l2/trade_date=2026-07-17/exchange=NSE/symbol=ITC/part-094631_923447-048913.parquet,real_data_sample\l2_unseen_validation\trade_date=2026-07-17\exchange=NSE\symbol=ITC\part-094631_923447-048913.parquet,35636,downloaded,35636,
2026-07-17,NSE,ITC,raw_l2/trade_date=2026-07-17/exchange=NSE/symbol=ITC/part-094102_433412-048177.parquet,real_data_sample\l2_unseen_validation\trade_date=2026-07-17\exchange=NSE\symbol=ITC\part-094102_433412-048177.parquet,35429,downloaded,35429,
2026-07-17,NSE,ITC,raw_l2/trade_date=2026-07-17/exchange=NSE/symbol=ITC/part-094700_053344-048977.parquet,real_data_sample\l2_unseen_validation\trade_date=2026-07-17\exchange=NSE\symbol=ITC\part-094700_053344-048977.parquet,35316,downloaded,35316,
2026-07-17,NSE,ITC,raw_l2/trade_date=2026-07-17/exchange=NSE/symbol=ITC/part-094645_893071-048945.parquet,real_data_sample\l2_unseen_validation\trade_date=2026-07-17\exchange=NSE\symbol=ITC\part-094645_893071-048945.parquet,35467,downloaded,35467,
2026-07-17,NSE,ITC,raw_l2/trade_date=2026-07-17/exchange=NSE/symbol=ITC/part-094908_502145-049265.parquet,real_data_sample\l2_unseen_validation\trade_date=2026-07-17\exchange=NSE\symbol=ITC\part-094908_502145-049265.parquet,35776,downloaded,35776,
2026-07-17,NSE,ITC,raw_l2/trade_date=2026-07-17/exchange=NSE/symbol=ITC/part-094825_483870-049169.parquet,real_data_sample\l2_unseen_validation\trade_date=2026-07-17\exchange=NSE\symbol=ITC\part-094825_483870-049169.parquet,35809,downloaded,35809,
2026-07-17,NSE,ITC,raw_l2/trade_date=2026-07-17/exchange=NSE/symbol=ITC/part-094839_870929-049201.parquet,real_data_sample\l2_unseen_validation\trade_date=2026-07-17\exchange=NSE\symbol=ITC\part-094839_870929-049201.parquet,35446,downloaded,35446,
2026-07-17,NSE,ITC,raw_l2/trade_date=2026-07-17/exchange=NSE/symbol=ITC/part-094922_855998-049297.parquet,real_data_sample\l2_unseen_validation\trade_date=2026-07-17\exchange=NSE\symbol=ITC\part-094922_855998-049297.parquet,35926,downloaded,35926,
2026-07-17,NSE,ITC,raw_l2/trade_date=2026-07-17/exchange=NSE/symbol=ITC/part-094854_133822-049233.parquet,real_data_sample\l2_unseen_validation\trade_date=2026-07-17\exchange=NSE\symbol=ITC\part-094854_133822-049233.parquet,35782,downloaded,35782,
2026-07-17,NSE,ITC,raw_l2/trade_date=2026-07-17/exchange=NSE/symbol=ITC/part-094811_440688-049137.parquet,real_data_sample\l2_unseen_validation\trade_date=2026-07-17\exchange=NSE\symbol=ITC\part-094811_440688-049137.parquet,35882,downloaded,35882,
2026-07-17,NSE,ITC,raw_l2/trade_date=2026-07-17/exchange=NSE/symbol=ITC/part-094757_243579-049105.parquet,real_data_sample\l2_unseen_validation\trade_date=2026-07-17\exchange=NSE\symbol=ITC\part-094757_243579-049105.parquet,35412,downloaded,35412,
2026-07-17,NSE,ITC,raw_l2/trade_date=2026-07-17/exchange=NSE/symbol=ITC/part-094728_530420-049041.parquet,real_data_sample\l2_unseen_validation\trade_date=2026-07-17\exchange=NSE\symbol=ITC\part-094728_530420-049041.parquet,35824,downloaded,35824,
2026-07-17,NSE,ITC,raw_l2/trade_date=2026-07-17/exchange=NSE/symbol=ITC/part-094937_118166-049329.parquet,real_data_sample\l2_unseen_validation\trade_date=2026-07-17\exchange=NSE\symbol=ITC\part-094937_118166-049329.parquet,35464,downloaded,35464,
2026-07-17,NSE,ITC,raw_l2/trade_date=2026-07-17/exchange=NSE/symbol=ITC/part-094714_308576-049009.parquet,real_data_sample\l2_unseen_validation\trade_date=2026-07-17\exchange=NSE\symbol=ITC\part-094714_308576-049009.parquet,35626,downloaded,35626,
2026-07-17,NSE,ITC,raw_l2/trade_date=2026-07-17/exchange=NSE/symbol=ITC/part-095144_449696-049617.parquet,real_data_sample\l2_unseen_validation\trade_date=2026-07-17\exchange=NSE\symbol=ITC\part-095144_449696-049617.parquet,35397,downloaded,35397,
2026-07-17,NSE,ITC,raw_l2/trade_date=2026-07-17/exchange=NSE/symbol=ITC/part-095005_436545-049393.parquet,real_data_sample\l2_unseen_validation\trade_date=2026-07-17\exchange=NSE\symbol=ITC\part-095005_436545-049393.parquet,35824,downloaded,35824,
2026-07-17,NSE,ITC,raw_l2/trade_date=2026-07-17/exchange=NSE/symbol=ITC/part-095241_013277-049745.parquet,real_data_sample\l2_unseen_validation\trade_date=2026-07-17\exchange=NSE\symbol=ITC\part-095241_013277-049745.parquet,35624,downloaded,35624,
2026-07-17,NSE,ITC,raw_l2/trade_date=2026-07-17/exchange=NSE/symbol=ITC/part-094951_279620-049361.parquet,real_data_sample\l2_unseen_validation\trade_date=2026-07-17\exchange=NSE\symbol=ITC\part-094951_279620-049361.parquet,35652,downloaded,35652,
2026-07-17,NSE,ITC,raw_l2/trade_date=2026-07-17/exchange=NSE/symbol=ITC/part-095116_367522-049553.parquet,real_data_sample\l2_unseen_validation\trade_date=2026-07-17\exchange=NSE\symbol=ITC\part-095116_367522-049553.parquet,35793,downloaded,35793,
2026-07-17,NSE,ITC,raw_l2/trade_date=2026-07-17/exchange=NSE/symbol=ITC/part-095102_221029-049521.parquet,real_data_sample\l2_unseen_validation\trade_date=2026-07-17\exchange=NSE\symbol=ITC\part-095102_221029-049521.parquet,35652,downloaded,35652,
2026-07-17,NSE,ITC,raw_l2/trade_date=2026-07-17/exchange=NSE/symbol=ITC/part-095048_173885-049489.parquet,real_data_sample\l2_unseen_validation\trade_date=2026-07-17\exchange=NSE\symbol=ITC\part-095048_173885-049489.parquet,35443,downloaded,35443,
2026-07-17,NSE,ITC,raw_l2/trade_date=2026-07-17/exchange=NSE/symbol=ITC/part-095158_359188-049649.parquet,real_data_sample\l2_unseen_validation\trade_date=2026-07-17\exchange=NSE\symbol=ITC\part-095158_359188-049649.parquet,35553,downloaded,35553,
2026-07-17,NSE,ITC,raw_l2/trade_date=2026-07-17/exchange=NSE/symbol=ITC/part-095130_344801-049585.parquet,real_data_sample\l2_unseen_validation\trade_date=2026-07-17\exchange=NSE\symbol=ITC\part-095130_344801-049585.parquet,35905,downloaded,35905,
2026-07-17,NSE,ITC,raw_l2/trade_date=2026-07-17/exchange=NSE/symbol=ITC/part-095254_922017-049777.parquet,real_data_sample\l2_unseen_validation\trade_date=2026-07-17\exchange=NSE\symbol=ITC\part-095254_922017-049777.parquet,35432,downloaded,35432,
2026-07-17,NSE,ITC,raw_l2/trade_date=2026-07-17/exchange=NSE/symbol=ITC/part-095212_914583-049681.parquet,real_data_sample\l2_unseen_validation\trade_date=2026-07-17\exchange=NSE\symbol=ITC\part-095212_914583-049681.parquet,35357,downloaded,35357,
2026-07-17,NSE,ITC,raw_l2/trade_date=2026-07-17/exchange=NSE/symbol=ITC/part-095226_947469-049713.parquet,real_data_sample\l2_unseen_validation\trade_date=2026-07-17\exchange=NSE\symbol=ITC\part-095226_947469-049713.parquet,35444,downloaded,35444,
2026-07-17,NSE,ITC,raw_l2/trade_date=2026-07-17/exchange=NSE/symbol=ITC/part-095034_011609-049457.parquet,real_data_sample\l2_unseen_validation\trade_date=2026-07-17\exchange=NSE\symbol=ITC\part-095034_011609-049457.parquet,35791,downloaded,35791,
2026-07-17,NSE,ITC,raw_l2/trade_date=2026-07-17/exchange=NSE/symbol=ITC/part-094548_844116-048817.parquet,real_data_sample\l2_unseen_validation\trade_date=2026-07-17\exchange=NSE\symbol=ITC\part-094548_844116-048817.parquet,35922,downloaded,35922,
2026-07-17,NSE,ITC,raw_l2/trade_date=2026-07-17/exchange=NSE/symbol=ITC/part-095019_677100-049425.parquet,real_data_sample\l2_unseen_validation\trade_date=2026-07-17\exchange=NSE\symbol=ITC\part-095019_677100-049425.parquet,35485,downloaded,35485,
2026-07-17,NSE,ITC,raw_l2/trade_date=2026-07-17/exchange=NSE/symbol=ITC/part-095323_269003-049841.parquet,real_data_sample\l2_unseen_validation\trade_date=2026-07-17\exchange=NSE\symbol=ITC\part-095323_269003-049841.parquet,35876,downloaded,35876,
2026-07-17,NSE,ITC,raw_l2/trade_date=2026-07-17/exchange=NSE/symbol=ITC/part-095337_755803-049873.parquet,real_data_sample\l2_unseen_validation\trade_date=2026-07-17\exchange=NSE\symbol=ITC\part-095337_755803-049873.parquet,35441,downloaded,35441,
2026-07-17,NSE,ITC,raw_l2/trade_date=2026-07-17/exchange=NSE/symbol=ITC/part-095352_167986-049905.parquet,real_data_sample\l2_unseen_validation\trade_date=2026-07-17\exchange=NSE\symbol=ITC\part-095352_167986-049905.parquet,35739,downloaded,35739,
2026-07-17,NSE,ITC,raw_l2/trade_date=2026-07-17/exchange=NSE/symbol=ITC/part-095309_048740-049809.parquet,real_data_sample\l2_unseen_validation\trade_date=2026-07-17\exchange=NSE\symbol=ITC\part-095309_048740-049809.parquet,35869,downloaded,35869,
2026-07-17,NSE,ITC,raw_l2/trade_date=2026-07-17/exchange=NSE/symbol=ITC/part-095713_961447-050353.parquet,real_data_sample\l2_unseen_validation\trade_date=2026-07-17\exchange=NSE\symbol=ITC\part-095713_961447-050353.parquet,34337,downloaded,34337,
2026-07-17,NSE,ITC,raw_l2/trade_date=2026-07-17/exchange=NSE/symbol=ITC/part-095546_639437-050161.parquet,real_data_sample\l2_unseen_validation\trade_date=2026-07-17\exchange=NSE\symbol=ITC\part-095546_639437-050161.parquet,35966,downloaded,35966,
2026-07-17,NSE,ITC,raw_l2/trade_date=2026-07-17/exchange=NSE/symbol=ITC/part-095811_256168-050481.parquet,real_data_sample\l2_unseen_validation\trade_date=2026-07-17\exchange=NSE\symbol=ITC\part-095811_256168-050481.parquet,34413,downloaded,34413,
2026-07-17,NSE,ITC,raw_l2/trade_date=2026-07-17/exchange=NSE/symbol=ITC/part-095923_902011-050641.parquet,real_data_sample\l2_unseen_validation\trade_date=2026-07-17\exchange=NSE\symbol=ITC\part-095923_902011-050641.parquet,34391,downloaded,34391,
2026-07-17,NSE,ITC,raw_l2/trade_date=2026-07-17/exchange=NSE/symbol=ITC/part-095909_370709-050609.parquet,real_data_sample\l2_unseen_validation\trade_date=2026-07-17\exchange=NSE\symbol=ITC\part-095909_370709-050609.parquet,34099,downloaded,34099,
2026-07-17,NSE,ITC,raw_l2/trade_date=2026-07-17/exchange=NSE/symbol=ITC/part-095938_399648-050673.parquet,real_data_sample\l2_unseen_validation\trade_date=2026-07-17\exchange=NSE\symbol=ITC\part-095938_399648-050673.parquet,34335,downloaded,34335,
2026-07-17,NSE,ITC,raw_l2/trade_date=2026-07-17/exchange=NSE/symbol=ITC/part-095658_984295-050321.parquet,real_data_sample\l2_unseen_validation\trade_date=2026-07-17\exchange=NSE\symbol=ITC\part-095658_984295-050321.parquet,34557,downloaded,34557,
2026-07-17,NSE,ITC,raw_l2/trade_date=2026-07-17/exchange=NSE/symbol=ITC/part-095728_424276-050385.parquet,real_data_sample\l2_unseen_validation\trade_date=2026-07-17\exchange=NSE\symbol=ITC\part-095728_424276-050385.parquet,34482,downloaded,34482,
2026-07-17,NSE,ITC,raw_l2/trade_date=2026-07-17/exchange=NSE/symbol=ITC/part-095644_390953-050289.parquet,real_data_sample\l2_unseen_validation\trade_date=2026-07-17\exchange=NSE\symbol=ITC\part-095644_390953-050289.parquet,34432,downloaded,34432,
2026-07-17,NSE,ITC,raw_l2/trade_date=2026-07-17/exchange=NSE/symbol=ITC/part-095742_819404-050417.parquet,real_data_sample\l2_unseen_validation\trade_date=2026-07-17\exchange=NSE\symbol=ITC\part-095742_819404-050417.parquet,34315,downloaded,34315,
2026-07-17,NSE,ITC,raw_l2/trade_date=2026-07-17/exchange=NSE/symbol=ITC/part-095757_045419-050449.parquet,real_data_sample\l2_unseen_validation\trade_date=2026-07-17\exchange=NSE\symbol=ITC\part-095757_045419-050449.parquet,34366,downloaded,34366,
2026-07-17,NSE,ITC,raw_l2/trade_date=2026-07-17/exchange=NSE/symbol=ITC/part-095434_999231-050001.parquet,real_data_sample\l2_unseen_validation\trade_date=2026-07-17\exchange=NSE\symbol=ITC\part-095434_999231-050001.parquet,35513,downloaded,35513,
2026-07-17,NSE,ITC,raw_l2/trade_date=2026-07-17/exchange=NSE/symbol=ITC/part-095517_561812-050097.parquet,real_data_sample\l2_unseen_validation\trade_date=2026-07-17\exchange=NSE\symbol=ITC\part-095517_561812-050097.parquet,35709,downloaded,35709,
2026-07-17,NSE,ITC,raw_l2/trade_date=2026-07-17/exchange=NSE/symbol=ITC/part-095503_480295-050065.parquet,real_data_sample\l2_unseen_validation\trade_date=2026-07-17\exchange=NSE\symbol=ITC\part-095503_480295-050065.parquet,35840,downloaded,35840,
2026-07-17,NSE,ITC,raw_l2/trade_date=2026-07-17/exchange=NSE/symbol=ITC/part-095840_395515-050545.parquet,real_data_sample\l2_unseen_validation\trade_date=2026-07-17\exchange=NSE\symbol=ITC\part-095840_395515-050545.parquet,34342,downloaded,34342,
2026-07-17,NSE,ITC,raw_l2/trade_date=2026-07-17/exchange=NSE/symbol=ITC/part-095854_909550-050577.parquet,real_data_sample\l2_unseen_validation\trade_date=2026-07-17\exchange=NSE\symbol=ITC\part-095854_909550-050577.parquet,34630,downloaded,34630,
2026-07-17,NSE,ITC,raw_l2/trade_date=2026-07-17/exchange=NSE/symbol=ITC/part-095421_008966-049969.parquet,real_data_sample\l2_unseen_validation\trade_date=2026-07-17\exchange=NSE\symbol=ITC\part-095421_008966-049969.parquet,35872,downloaded,35872,
2026-07-17,NSE,ITC,raw_l2/trade_date=2026-07-17/exchange=NSE/symbol=ITC/part-095449_296813-050033.parquet,real_data_sample\l2_unseen_validation\trade_date=2026-07-17\exchange=NSE\symbol=ITC\part-095449_296813-050033.parquet,35738,downloaded,35738,
2026-07-17,NSE,ITC,raw_l2/trade_date=2026-07-17/exchange=NSE/symbol=ITC/part-095615_581101-050225.parquet,real_data_sample\l2_unseen_validation\trade_date=2026-07-17\exchange=NSE\symbol=ITC\part-095615_581101-050225.parquet,35177,downloaded,35177,
2026-07-17,NSE,ITC,raw_l2/trade_date=2026-07-17/exchange=NSE/symbol=ITC/part-095629_934529-050257.parquet,real_data_sample\l2_unseen_validation\trade_date=2026-07-17\exchange=NSE\symbol=ITC\part-095629_934529-050257.parquet,34430,downloaded,34430,
2026-07-17,NSE,ITC,raw_l2/trade_date=2026-07-17/exchange=NSE/symbol=ITC/part-095601_089631-050193.parquet,real_data_sample\l2_unseen_validation\trade_date=2026-07-17\exchange=NSE\symbol=ITC\part-095601_089631-050193.parquet,35727,downloaded,35727,
2026-07-17,NSE,ITC,raw_l2/trade_date=2026-07-17/exchange=NSE/symbol=ITC/part-095825_408850-050513.parquet,real_data_sample\l2_unseen_validation\trade_date=2026-07-17\exchange=NSE\symbol=ITC\part-095825_408850-050513.parquet,34317,downloaded,34317,
2026-07-17,NSE,ITC,raw_l2/trade_date=2026-07-17/exchange=NSE/symbol=ITC/part-095531_921292-050129.parquet,real_data_sample\l2_unseen_validation\trade_date=2026-07-17\exchange=NSE\symbol=ITC\part-095531_921292-050129.parquet,35671,downloaded,35671,
2026-07-17,NSE,ITC,raw_l2/trade_date=2026-07-17/exchange=NSE/symbol=ITC/part-100007_083957-050737.parquet,real_data_sample\l2_unseen_validation\trade_date=2026-07-17\exchange=NSE\symbol=ITC\part-100007_083957-050737.parquet,34491,downloaded,34491,
2026-07-17,NSE,ITC,raw_l2/trade_date=2026-07-17/exchange=NSE/symbol=ITC/part-095952_725405-050705.parquet,real_data_sample\l2_unseen_validation\trade_date=2026-07-17\exchange=NSE\symbol=ITC\part-095952_725405-050705.parquet,34431,downloaded,34431,
2026-07-17,NSE,ITC,raw_l2/trade_date=2026-07-17/exchange=NSE/symbol=ITC/part-095406_529889-049937.parquet,real_data_sample\l2_unseen_validation\trade_date=2026-07-17\exchange=NSE\symbol=ITC\part-095406_529889-049937.parquet,35947,downloaded,35947,
2026-07-17,NSE,JUNIORBEES,raw_l2/trade_date=2026-07-17/exchange=NSE/symbol=JUNIORBEES/part-034502_983735-000018.parquet,real_data_sample\l2_unseen_validation\trade_date=2026-07-17\exchange=NSE\symbol=JUNIORBEES\part-034502_983735-000018.parquet,34016,downloaded,34016,
2026-07-17,NSE,JUNIORBEES,raw_l2/trade_date=2026-07-17/exchange=NSE/symbol=JUNIORBEES/part-034517_144906-000050.parquet,real_data_sample\l2_unseen_validation\trade_date=2026-07-17\exchange=NSE\symbol=JUNIORBEES\part-034517_144906-000050.parquet,34468,downloaded,34468,
2026-07-17,NSE,JUNIORBEES,raw_l2/trade_date=2026-07-17/exchange=NSE/symbol=JUNIORBEES/part-034544_944848-000114.parquet,real_data_sample\l2_unseen_validation\trade_date=2026-07-17\exchange=NSE\symbol=JUNIORBEES\part-034544_944848-000114.parquet,34181,downloaded,34181,
2026-07-17,NSE,ITC,raw_l2/trade_date=2026-07-17/exchange=NSE/symbol=ITC/part-100128_468359-050777.parquet,real_data_sample\l2_unseen_validation\trade_date=2026-07-17\exchange=NSE\symbol=ITC\part-100128_468359-050777.parquet,34036,downloaded,34036,
2026-07-17,NSE,JUNIORBEES,raw_l2/trade_date=2026-07-17/exchange=NSE/symbol=JUNIORBEES/part-034530_943261-000082.parquet,real_data_sample\l2_unseen_validation\trade_date=2026-07-17\exchange=NSE\symbol=JUNIORBEES\part-034530_943261-000082.parquet,34453,downloaded,34453,
2026-07-17,NSE,JUNIORBEES,raw_l2/trade_date=2026-07-17/exchange=NSE/symbol=JUNIORBEES/part-034655_413046-000274.parquet,real_data_sample\l2_unseen_validation\trade_date=2026-07-17\exchange=NSE\symbol=JUNIORBEES\part-034655_413046-000274.parquet,34446,downloaded,34446,
2026-07-17,NSE,JUNIORBEES,raw_l2/trade_date=2026-07-17/exchange=NSE/symbol=JUNIORBEES/part-034627_261418-000210.parquet,real_data_sample\l2_unseen_validation\trade_date=2026-07-17\exchange=NSE\symbol=JUNIORBEES\part-034627_261418-000210.parquet,34504,downloaded,34504,
2026-07-17,NSE,JUNIORBEES,raw_l2/trade_date=2026-07-17/exchange=NSE/symbol=JUNIORBEES/part-034559_202699-000146.parquet,real_data_sample\l2_unseen_validation\trade_date=2026-07-17\exchange=NSE\symbol=JUNIORBEES\part-034559_202699-000146.parquet,34597,downloaded,34597,
2026-07-17,NSE,JUNIORBEES,raw_l2/trade_date=2026-07-17/exchange=NSE/symbol=JUNIORBEES/part-034737_381219-000370.parquet,real_data_sample\l2_unseen_validation\trade_date=2026-07-17\exchange=NSE\symbol=JUNIORBEES\part-034737_381219-000370.parquet,34447,downloaded,34447,
2026-07-17,NSE,JUNIORBEES,raw_l2/trade_date=2026-07-17/exchange=NSE/symbol=JUNIORBEES/part-034751_442826-000402.parquet,real_data_sample\l2_unseen_validation\trade_date=2026-07-17\exchange=NSE\symbol=JUNIORBEES\part-034751_442826-000402.parquet,34441,downloaded,34441,
2026-07-17,NSE,JUNIORBEES,raw_l2/trade_date=2026-07-17/exchange=NSE/symbol=JUNIORBEES/part-034723_275828-000338.parquet,real_data_sample\l2_unseen_validation\trade_date=2026-07-17\exchange=NSE\symbol=JUNIORBEES\part-034723_275828-000338.parquet,34108,downloaded,34108,
2026-07-17,NSE,JUNIORBEES,raw_l2/trade_date=2026-07-17/exchange=NSE/symbol=JUNIORBEES/part-034957_130613-000690.parquet,real_data_sample\l2_unseen_validation\trade_date=2026-07-17\exchange=NSE\symbol=JUNIORBEES\part-034957_130613-000690.parquet,34447,downloaded,34447,
2026-07-17,NSE,JUNIORBEES,raw_l2/trade_date=2026-07-17/exchange=NSE/symbol=JUNIORBEES/part-035038_727762-000786.parquet,real_data_sample\l2_unseen_validation\trade_date=2026-07-17\exchange=NSE\symbol=JUNIORBEES\part-035038_727762-000786.parquet,34413,downloaded,34413,
2026-07-17,NSE,JUNIORBEES,raw_l2/trade_date=2026-07-17/exchange=NSE/symbol=JUNIORBEES/part-035133_689725-000914.parquet,real_data_sample\l2_unseen_validation\trade_date=2026-07-17\exchange=NSE\symbol=JUNIORBEES\part-035133_689725-000914.parquet,34312,downloaded,34312,
2026-07-17,NSE,JUNIORBEES,raw_l2/trade_date=2026-07-17/exchange=NSE/symbol=JUNIORBEES/part-034613_280913-000178.parquet,real_data_sample\l2_unseen_validation\trade_date=2026-07-17\exchange=NSE\symbol=JUNIORBEES\part-034613_280913-000178.parquet,34157,downloaded,34157,
2026-07-17,NSE,JUNIORBEES,raw_l2/trade_date=2026-07-17/exchange=NSE/symbol=JUNIORBEES/part-034641_734732-000242.parquet,real_data_sample\l2_unseen_validation\trade_date=2026-07-17\exchange=NSE\symbol=JUNIORBEES\part-034641_734732-000242.parquet,34108,downloaded,34108,
2026-07-17,NSE,JUNIORBEES,raw_l2/trade_date=2026-07-17/exchange=NSE/symbol=JUNIORBEES/part-034942_989508-000658.parquet,real_data_sample\l2_unseen_validation\trade_date=2026-07-17\exchange=NSE\symbol=JUNIORBEES\part-034942_989508-000658.parquet,34379,downloaded,34379,
2026-07-17,NSE,JUNIORBEES,raw_l2/trade_date=2026-07-17/exchange=NSE/symbol=JUNIORBEES/part-035024_979541-000754.parquet,real_data_sample\l2_unseen_validation\trade_date=2026-07-17\exchange=NSE\symbol=JUNIORBEES\part-035024_979541-000754.parquet,34376,downloaded,34376,
2026-07-17,NSE,JUNIORBEES,raw_l2/trade_date=2026-07-17/exchange=NSE/symbol=JUNIORBEES/part-034805_569121-000434.parquet,real_data_sample\l2_unseen_validation\trade_date=2026-07-17\exchange=NSE\symbol=JUNIORBEES\part-034805_569121-000434.parquet,34453,downloaded,34453,
2026-07-17,NSE,JUNIORBEES,raw_l2/trade_date=2026-07-17/exchange=NSE/symbol=JUNIORBEES/part-035011_004157-000722.parquet,real_data_sample\l2_unseen_validation\trade_date=2026-07-17\exchange=NSE\symbol=JUNIORBEES\part-035011_004157-000722.parquet,34368,downloaded,34368,
2026-07-17,NSE,JUNIORBEES,raw_l2/trade_date=2026-07-17/exchange=NSE/symbol=JUNIORBEES/part-034915_041194-000594.parquet,real_data_sample\l2_unseen_validation\trade_date=2026-07-17\exchange=NSE\symbol=JUNIORBEES\part-034915_041194-000594.parquet,34334,downloaded,34334,
2026-07-17,NSE,JUNIORBEES,raw_l2/trade_date=2026-07-17/exchange=NSE/symbol=JUNIORBEES/part-035106_160629-000850.parquet,real_data_sample\l2_unseen_validation\trade_date=2026-07-17\exchange=NSE\symbol=JUNIORBEES\part-035106_160629-000850.parquet,34417,downloaded,34417,
2026-07-17,NSE,JUNIORBEES,raw_l2/trade_date=2026-07-17/exchange=NSE/symbol=JUNIORBEES/part-034929_054837-000626.parquet,real_data_sample\l2_unseen_validation\trade_date=2026-07-17\exchange=NSE\symbol=JUNIORBEES\part-034929_054837-000626.parquet,34530,downloaded,34530,
2026-07-17,NSE,JUNIORBEES,raw_l2/trade_date=2026-07-17/exchange=NSE/symbol=JUNIORBEES/part-035052_435822-000818.parquet,real_data_sample\l2_unseen_validation\trade_date=2026-07-17\exchange=NSE\symbol=JUNIORBEES\part-035052_435822-000818.parquet,34427,downloaded,34427,
2026-07-17,NSE,JUNIORBEES,raw_l2/trade_date=2026-07-17/exchange=NSE/symbol=JUNIORBEES/part-034709_185516-000306.parquet,real_data_sample\l2_unseen_validation\trade_date=2026-07-17\exchange=NSE\symbol=JUNIORBEES\part-034709_185516-000306.parquet,34405,downloaded,34405,
2026-07-17,NSE,JUNIORBEES,raw_l2/trade_date=2026-07-17/exchange=NSE/symbol=JUNIORBEES/part-035119_933456-000882.parquet,real_data_sample\l2_unseen_validation\trade_date=2026-07-17\exchange=NSE\symbol=JUNIORBEES\part-035119_933456-000882.parquet,34594,downloaded,34594,
2026-07-17,NSE,JUNIORBEES,raw_l2/trade_date=2026-07-17/exchange=NSE/symbol=JUNIORBEES/part-034819_625855-000466.parquet,real_data_sample\l2_unseen_validation\trade_date=2026-07-17\exchange=NSE\symbol=JUNIORBEES\part-034819_625855-000466.parquet,34351,downloaded,34351,
2026-07-17,NSE,JUNIORBEES,raw_l2/trade_date=2026-07-17/exchange=NSE/symbol=JUNIORBEES/part-034847_166658-000530.parquet,real_data_sample\l2_unseen_validation\trade_date=2026-07-17\exchange=NSE\symbol=JUNIORBEES\part-034847_166658-000530.parquet,34157,downloaded,34157,
2026-07-17,NSE,JUNIORBEES,raw_l2/trade_date=2026-07-17/exchange=NSE/symbol=JUNIORBEES/part-034900_965078-000562.parquet,real_data_sample\l2_unseen_validation\trade_date=2026-07-17\exchange=NSE\symbol=JUNIORBEES\part-034900_965078-000562.parquet,34414,downloaded,34414,
2026-07-17,NSE,JUNIORBEES,raw_l2/trade_date=2026-07-17/exchange=NSE/symbol=JUNIORBEES/part-034833_433167-000498.parquet,real_data_sample\l2_unseen_validation\trade_date=2026-07-17\exchange=NSE\symbol=JUNIORBEES\part-034833_433167-000498.parquet,34357,downloaded,34357,
2026-07-17,NSE,ITC,raw_l2/trade_date=2026-07-17/exchange=NSE/symbol=ITC/part-100113_856757-050758.parquet,real_data_sample\l2_unseen_validation\trade_date=2026-07-17\exchange=NSE\symbol=ITC\part-100113_856757-050758.parquet,34036,downloaded,34036,
2026-07-17,NSE,JUNIORBEES,raw_l2/trade_date=2026-07-17/exchange=NSE/symbol=JUNIORBEES/part-035201_511474-000978.parquet,real_data_sample\l2_unseen_validation\trade_date=2026-07-17\exchange=NSE\symbol=JUNIORBEES\part-035201_511474-000978.parquet,34486,downloaded,34486,
2026-07-17,NSE,JUNIORBEES,raw_l2/trade_date=2026-07-17/exchange=NSE/symbol=JUNIORBEES/part-035229_270339-001042.parquet,real_data_sample\l2_unseen_validation\trade_date=2026-07-17\exchange=NSE\symbol=JUNIORBEES\part-035229_270339-001042.parquet,34407,downloaded,34407,
2026-07-17,NSE,JUNIORBEES,raw_l2/trade_date=2026-07-17/exchange=NSE/symbol=JUNIORBEES/part-035257_340305-001106.parquet,real_data_sample\l2_unseen_validation\trade_date=2026-07-17\exchange=NSE\symbol=JUNIORBEES\part-035257_340305-001106.parquet,34570,downloaded,34570,
2026-07-17,NSE,JUNIORBEES,raw_l2/trade_date=2026-07-17/exchange=NSE/symbol=JUNIORBEES/part-035243_229016-001074.parquet,real_data_sample\l2_unseen_validation\trade_date=2026-07-17\exchange=NSE\symbol=JUNIORBEES\part-035243_229016-001074.parquet,34398,downloaded,34398,
2026-07-17,NSE,JUNIORBEES,raw_l2/trade_date=2026-07-17/exchange=NSE/symbol=JUNIORBEES/part-035215_369886-001010.parquet,real_data_sample\l2_unseen_validation\trade_date=2026-07-17\exchange=NSE\symbol=JUNIORBEES\part-035215_369886-001010.parquet,34404,downloaded,34404,
2026-07-17,NSE,JUNIORBEES,raw_l2/trade_date=2026-07-17/exchange=NSE/symbol=JUNIORBEES/part-035147_528911-000946.parquet,real_data_sample\l2_unseen_validation\trade_date=2026-07-17\exchange=NSE\symbol=JUNIORBEES\part-035147_528911-000946.parquet,34324,downloaded,34324,
2026-07-17,NSE,JUNIORBEES,raw_l2/trade_date=2026-07-17/exchange=NSE/symbol=JUNIORBEES/part-035338_887608-001202.parquet,real_data_sample\l2_unseen_validation\trade_date=2026-07-17\exchange=NSE\symbol=JUNIORBEES\part-035338_887608-001202.parquet,34337,downloaded,34337,
2026-07-17,NSE,JUNIORBEES,raw_l2/trade_date=2026-07-17/exchange=NSE/symbol=JUNIORBEES/part-035324_946335-001170.parquet,real_data_sample\l2_unseen_validation\trade_date=2026-07-17\exchange=NSE\symbol=JUNIORBEES\part-035324_946335-001170.parquet,34433,downloaded,34433,
2026-07-17,NSE,JUNIORBEES,raw_l2/trade_date=2026-07-17/exchange=NSE/symbol=JUNIORBEES/part-035448_119714-001362.parquet,real_data_sample\l2_unseen_validation\trade_date=2026-07-17\exchange=NSE\symbol=JUNIORBEES\part-035448_119714-001362.parquet,34385,downloaded,34385,
2026-07-17,NSE,JUNIORBEES,raw_l2/trade_date=2026-07-17/exchange=NSE/symbol=JUNIORBEES/part-035544_233748-001490.parquet,real_data_sample\l2_unseen_validation\trade_date=2026-07-17\exchange=NSE\symbol=JUNIORBEES\part-035544_233748-001490.parquet,34579,downloaded,34579,
2026-07-17,NSE,JUNIORBEES,raw_l2/trade_date=2026-07-17/exchange=NSE/symbol=JUNIORBEES/part-035914_823135-001970.parquet,real_data_sample\l2_unseen_validation\trade_date=2026-07-17\exchange=NSE\symbol=JUNIORBEES\part-035914_823135-001970.parquet,34517,downloaded,34517,
2026-07-17,NSE,JUNIORBEES,raw_l2/trade_date=2026-07-17/exchange=NSE/symbol=JUNIORBEES/part-035434_260074-001330.parquet,real_data_sample\l2_unseen_validation\trade_date=2026-07-17\exchange=NSE\symbol=JUNIORBEES\part-035434_260074-001330.parquet,34385,downloaded,34385,
2026-07-17,NSE,JUNIORBEES,raw_l2/trade_date=2026-07-17/exchange=NSE/symbol=JUNIORBEES/part-035420_371367-001298.parquet,real_data_sample\l2_unseen_validation\trade_date=2026-07-17\exchange=NSE\symbol=JUNIORBEES\part-035420_371367-001298.parquet,34308,downloaded,34308,
2026-07-17,NSE,JUNIORBEES,raw_l2/trade_date=2026-07-17/exchange=NSE/symbol=JUNIORBEES/part-035846_749685-001906.parquet,real_data_sample\l2_unseen_validation\trade_date=2026-07-17\exchange=NSE\symbol=JUNIORBEES\part-035846_749685-001906.parquet,34607,downloaded,34607,
2026-07-17,NSE,JUNIORBEES,raw_l2/trade_date=2026-07-17/exchange=NSE/symbol=JUNIORBEES/part-035558_122832-001522.parquet,real_data_sample\l2_unseen_validation\trade_date=2026-07-17\exchange=NSE\symbol=JUNIORBEES\part-035558_122832-001522.parquet,34508,downloaded,34508,
2026-07-17,NSE,JUNIORBEES,raw_l2/trade_date=2026-07-17/exchange=NSE/symbol=JUNIORBEES/part-035530_246041-001458.parquet,real_data_sample\l2_unseen_validation\trade_date=2026-07-17\exchange=NSE\symbol=JUNIORBEES\part-035530_246041-001458.parquet,34437,downloaded,34437,
2026-07-17,NSE,JUNIORBEES,raw_l2/trade_date=2026-07-17/exchange=NSE/symbol=JUNIORBEES/part-035352_734368-001234.parquet,real_data_sample\l2_unseen_validation\trade_date=2026-07-17\exchange=NSE\symbol=JUNIORBEES\part-035352_734368-001234.parquet,34108,downloaded,34108,
2026-07-17,NSE,JUNIORBEES,raw_l2/trade_date=2026-07-17/exchange=NSE/symbol=JUNIORBEES/part-035735_950373-001746.parquet,real_data_sample\l2_unseen_validation\trade_date=2026-07-17\exchange=NSE\symbol=JUNIORBEES\part-035735_950373-001746.parquet,34425,downloaded,34425,
2026-07-17,NSE,JUNIORBEES,raw_l2/trade_date=2026-07-17/exchange=NSE/symbol=JUNIORBEES/part-035516_287705-001426.parquet,real_data_sample\l2_unseen_validation\trade_date=2026-07-17\exchange=NSE\symbol=JUNIORBEES\part-035516_287705-001426.parquet,34446,downloaded,34446,
2026-07-17,NSE,JUNIORBEES,raw_l2/trade_date=2026-07-17/exchange=NSE/symbol=JUNIORBEES/part-035611_977605-001554.parquet,real_data_sample\l2_unseen_validation\trade_date=2026-07-17\exchange=NSE\symbol=JUNIORBEES\part-035611_977605-001554.parquet,34532,downloaded,34532,
2026-07-17,NSE,JUNIORBEES,raw_l2/trade_date=2026-07-17/exchange=NSE/symbol=JUNIORBEES/part-035928_703097-002002.parquet,real_data_sample\l2_unseen_validation\trade_date=2026-07-17\exchange=NSE\symbol=JUNIORBEES\part-035928_703097-002002.parquet,34583,downloaded,34583,
2026-07-17,NSE,JUNIORBEES,raw_l2/trade_date=2026-07-17/exchange=NSE/symbol=JUNIORBEES/part-040010_898122-002098.parquet,real_data_sample\l2_unseen_validation\trade_date=2026-07-17\exchange=NSE\symbol=JUNIORBEES\part-040010_898122-002098.parquet,34585,downloaded,34585,
2026-07-17,NSE,JUNIORBEES,raw_l2/trade_date=2026-07-17/exchange=NSE/symbol=JUNIORBEES/part-035311_135317-001138.parquet,real_data_sample\l2_unseen_validation\trade_date=2026-07-17\exchange=NSE\symbol=JUNIORBEES\part-035311_135317-001138.parquet,34651,downloaded,34651,
2026-07-17,NSE,JUNIORBEES,raw_l2/trade_date=2026-07-17/exchange=NSE/symbol=JUNIORBEES/part-035942_862322-002034.parquet,real_data_sample\l2_unseen_validation\trade_date=2026-07-17\exchange=NSE\symbol=JUNIORBEES\part-035942_862322-002034.parquet,34350,downloaded,34350,
2026-07-17,NSE,JUNIORBEES,raw_l2/trade_date=2026-07-17/exchange=NSE/symbol=JUNIORBEES/part-035804_457223-001810.parquet,real_data_sample\l2_unseen_validation\trade_date=2026-07-17\exchange=NSE\symbol=JUNIORBEES\part-035804_457223-001810.parquet,34364,downloaded,34364,
2026-07-17,NSE,JUNIORBEES,raw_l2/trade_date=2026-07-17/exchange=NSE/symbol=JUNIORBEES/part-035832_817800-001874.parquet,real_data_sample\l2_unseen_validation\trade_date=2026-07-17\exchange=NSE\symbol=JUNIORBEES\part-035832_817800-001874.parquet,34349,downloaded,34349,
2026-07-17,NSE,JUNIORBEES,raw_l2/trade_date=2026-07-17/exchange=NSE/symbol=JUNIORBEES/part-035956_818046-002066.parquet,real_data_sample\l2_unseen_validation\trade_date=2026-07-17\exchange=NSE\symbol=JUNIORBEES\part-035956_818046-002066.parquet,34408,downloaded,34408,
2026-07-17,NSE,JUNIORBEES,raw_l2/trade_date=2026-07-17/exchange=NSE/symbol=JUNIORBEES/part-035406_641410-001266.parquet,real_data_sample\l2_unseen_validation\trade_date=2026-07-17\exchange=NSE\symbol=JUNIORBEES\part-035406_641410-001266.parquet,34531,downloaded,34531,
2026-07-17,NSE,JUNIORBEES,raw_l2/trade_date=2026-07-17/exchange=NSE/symbol=JUNIORBEES/part-035502_229213-001394.parquet,real_data_sample\l2_unseen_validation\trade_date=2026-07-17\exchange=NSE\symbol=JUNIORBEES\part-035502_229213-001394.parquet,34155,downloaded,34155,
2026-07-17,NSE,JUNIORBEES,raw_l2/trade_date=2026-07-17/exchange=NSE/symbol=JUNIORBEES/part-035654_004880-001650.parquet,real_data_sample\l2_unseen_validation\trade_date=2026-07-17\exchange=NSE\symbol=JUNIORBEES\part-035654_004880-001650.parquet,34436,downloaded,34436,
2026-07-17,NSE,JUNIORBEES,raw_l2/trade_date=2026-07-17/exchange=NSE/symbol=JUNIORBEES/part-035750_167101-001778.parquet,real_data_sample\l2_unseen_validation\trade_date=2026-07-17\exchange=NSE\symbol=JUNIORBEES\part-035750_167101-001778.parquet,34469,downloaded,34469,
2026-07-17,NSE,JUNIORBEES,raw_l2/trade_date=2026-07-17/exchange=NSE/symbol=JUNIORBEES/part-035640_052137-001618.parquet,real_data_sample\l2_unseen_validation\trade_date=2026-07-17\exchange=NSE\symbol=JUNIORBEES\part-035640_052137-001618.parquet,34385,downloaded,34385,
2026-07-17,NSE,JUNIORBEES,raw_l2/trade_date=2026-07-17/exchange=NSE/symbol=JUNIORBEES/part-035707_713576-001682.parquet,real_data_sample\l2_unseen_validation\trade_date=2026-07-17\exchange=NSE\symbol=JUNIORBEES\part-035707_713576-001682.parquet,34397,downloaded,34397,
2026-07-17,NSE,JUNIORBEES,raw_l2/trade_date=2026-07-17/exchange=NSE/symbol=JUNIORBEES/part-035721_812016-001714.parquet,real_data_sample\l2_unseen_validation\trade_date=2026-07-17\exchange=NSE\symbol=JUNIORBEES\part-035721_812016-001714.parquet,34547,downloaded,34547,
2026-07-17,NSE,JUNIORBEES,raw_l2/trade_date=2026-07-17/exchange=NSE/symbol=JUNIORBEES/part-035818_827806-001842.parquet,real_data_sample\l2_unseen_validation\trade_date=2026-07-17\exchange=NSE\symbol=JUNIORBEES\part-035818_827806-001842.parquet,34371,downloaded,34371,
2026-07-17,NSE,JUNIORBEES,raw_l2/trade_date=2026-07-17/exchange=NSE/symbol=JUNIORBEES/part-035626_175228-001586.parquet,real_data_sample\l2_unseen_validation\trade_date=2026-07-17\exchange=NSE\symbol=JUNIORBEES\part-035626_175228-001586.parquet,34478,downloaded,34478,
2026-07-17,NSE,JUNIORBEES,raw_l2/trade_date=2026-07-17/exchange=NSE/symbol=JUNIORBEES/part-040038_878189-002162.parquet,real_data_sample\l2_unseen_validation\trade_date=2026-07-17\exchange=NSE\symbol=JUNIORBEES\part-040038_878189-002162.parquet,34471,downloaded,34471,
2026-07-17,NSE,JUNIORBEES,raw_l2/trade_date=2026-07-17/exchange=NSE/symbol=JUNIORBEES/part-040024_993197-002130.parquet,real_data_sample\l2_unseen_validation\trade_date=2026-07-17\exchange=NSE\symbol=JUNIORBEES\part-040024_993197-002130.parquet,34432,downloaded,34432,
2026-07-17,NSE,JUNIORBEES,raw_l2/trade_date=2026-07-17/exchange=NSE/symbol=JUNIORBEES/part-040106_539851-002226.parquet,real_data_sample\l2_unseen_validation\trade_date=2026-07-17\exchange=NSE\symbol=JUNIORBEES\part-040106_539851-002226.parquet,34370,downloaded,34370,
2026-07-17,NSE,JUNIORBEES,raw_l2/trade_date=2026-07-17/exchange=NSE/symbol=JUNIORBEES/part-040147_934117-002322.parquet,real_data_sample\l2_unseen_validation\trade_date=2026-07-17\exchange=NSE\symbol=JUNIORBEES\part-040147_934117-002322.parquet,34407,downloaded,34407,
2026-07-17,NSE,JUNIORBEES,raw_l2/trade_date=2026-07-17/exchange=NSE/symbol=JUNIORBEES/part-040229_790300-002418.parquet,real_data_sample\l2_unseen_validation\trade_date=2026-07-17\exchange=NSE\symbol=JUNIORBEES\part-040229_790300-002418.parquet,34433,downloaded,34433,
2026-07-17,NSE,JUNIORBEES,raw_l2/trade_date=2026-07-17/exchange=NSE/symbol=JUNIORBEES/part-040134_194077-002290.parquet,real_data_sample\l2_unseen_validation\trade_date=2026-07-17\exchange=NSE\symbol=JUNIORBEES\part-040134_194077-002290.parquet,34513,downloaded,34513,
2026-07-17,NSE,JUNIORBEES,raw_l2/trade_date=2026-07-17/exchange=NSE/symbol=JUNIORBEES/part-040244_232783-002450.parquet,real_data_sample\l2_unseen_validation\trade_date=2026-07-17\exchange=NSE\symbol=JUNIORBEES\part-040244_232783-002450.parquet,34599,downloaded,34599,
2026-07-17,NSE,JUNIORBEES,raw_l2/trade_date=2026-07-17/exchange=NSE/symbol=JUNIORBEES/part-040312_984969-002514.parquet,real_data_sample\l2_unseen_validation\trade_date=2026-07-17\exchange=NSE\symbol=JUNIORBEES\part-040312_984969-002514.parquet,34563,downloaded,34563,
2026-07-17,NSE,JUNIORBEES,raw_l2/trade_date=2026-07-17/exchange=NSE/symbol=JUNIORBEES/part-040201_971141-002354.parquet,real_data_sample\l2_unseen_validation\trade_date=2026-07-17\exchange=NSE\symbol=JUNIORBEES\part-040201_971141-002354.parquet,34451,downloaded,34451,
2026-07-17,NSE,JUNIORBEES,raw_l2/trade_date=2026-07-17/exchange=NSE/symbol=JUNIORBEES/part-040258_563566-002482.parquet,real_data_sample\l2_unseen_validation\trade_date=2026-07-17\exchange=NSE\symbol=JUNIORBEES\part-040258_563566-002482.parquet,34667,downloaded,34667,
2026-07-17,NSE,JUNIORBEES,raw_l2/trade_date=2026-07-17/exchange=NSE/symbol=JUNIORBEES/part-040409_584547-002642.parquet,real_data_sample\l2_unseen_validation\trade_date=2026-07-17\exchange=NSE\symbol=JUNIORBEES\part-040409_584547-002642.parquet,34575,downloaded,34575,
2026-07-17,NSE,JUNIORBEES,raw_l2/trade_date=2026-07-17/exchange=NSE/symbol=JUNIORBEES/part-040120_362026-002258.parquet,real_data_sample\l2_unseen_validation\trade_date=2026-07-17\exchange=NSE\symbol=JUNIORBEES\part-040120_362026-002258.parquet,34570,downloaded,34570,
2026-07-17,NSE,JUNIORBEES,raw_l2/trade_date=2026-07-17/exchange=NSE/symbol=JUNIORBEES/part-040355_575510-002610.parquet,real_data_sample\l2_unseen_validation\trade_date=2026-07-17\exchange=NSE\symbol=JUNIORBEES\part-040355_575510-002610.parquet,34462,downloaded,34462,
2026-07-17,NSE,JUNIORBEES,raw_l2/trade_date=2026-07-17/exchange=NSE/symbol=JUNIORBEES/part-040327_220580-002546.parquet,real_data_sample\l2_unseen_validation\trade_date=2026-07-17\exchange=NSE\symbol=JUNIORBEES\part-040327_220580-002546.parquet,34471,downloaded,34471,
2026-07-17,NSE,JUNIORBEES,raw_l2/trade_date=2026-07-17/exchange=NSE/symbol=JUNIORBEES/part-040341_362535-002578.parquet,real_data_sample\l2_unseen_validation\trade_date=2026-07-17\exchange=NSE\symbol=JUNIORBEES\part-040341_362535-002578.parquet,34449,downloaded,34449,
2026-07-17,NSE,JUNIORBEES,raw_l2/trade_date=2026-07-17/exchange=NSE/symbol=JUNIORBEES/part-040052_569856-002194.parquet,real_data_sample\l2_unseen_validation\trade_date=2026-07-17\exchange=NSE\symbol=JUNIORBEES\part-040052_569856-002194.parquet,34439,downloaded,34439,
2026-07-17,NSE,JUNIORBEES,raw_l2/trade_date=2026-07-17/exchange=NSE/symbol=JUNIORBEES/part-040215_880710-002386.parquet,real_data_sample\l2_unseen_validation\trade_date=2026-07-17\exchange=NSE\symbol=JUNIORBEES\part-040215_880710-002386.parquet,34422,downloaded,34422,
2026-07-17,NSE,JUNIORBEES,raw_l2/trade_date=2026-07-17/exchange=NSE/symbol=JUNIORBEES/part-035900_867840-001938.parquet,real_data_sample\l2_unseen_validation\trade_date=2026-07-17\exchange=NSE\symbol=JUNIORBEES\part-035900_867840-001938.parquet,34406,downloaded,34406,
2026-07-17,NSE,JUNIORBEES,raw_l2/trade_date=2026-07-17/exchange=NSE/symbol=JUNIORBEES/part-040725_766138-003090.parquet,real_data_sample\l2_unseen_validation\trade_date=2026-07-17\exchange=NSE\symbol=JUNIORBEES\part-040725_766138-003090.parquet,34461,downloaded,34461,
2026-07-17,NSE,JUNIORBEES,raw_l2/trade_date=2026-07-17/exchange=NSE/symbol=JUNIORBEES/part-040423_563376-002674.parquet,real_data_sample\l2_unseen_validation\trade_date=2026-07-17\exchange=NSE\symbol=JUNIORBEES\part-040423_563376-002674.parquet,34589,downloaded,34589,
2026-07-17,NSE,JUNIORBEES,raw_l2/trade_date=2026-07-17/exchange=NSE/symbol=JUNIORBEES/part-040437_460641-002706.parquet,real_data_sample\l2_unseen_validation\trade_date=2026-07-17\exchange=NSE\symbol=JUNIORBEES\part-040437_460641-002706.parquet,34555,downloaded,34555,
2026-07-17,NSE,JUNIORBEES,raw_l2/trade_date=2026-07-17/exchange=NSE/symbol=JUNIORBEES/part-040519_964899-002802.parquet,real_data_sample\l2_unseen_validation\trade_date=2026-07-17\exchange=NSE\symbol=JUNIORBEES\part-040519_964899-002802.parquet,34400,downloaded,34400,
2026-07-17,NSE,JUNIORBEES,raw_l2/trade_date=2026-07-17/exchange=NSE/symbol=JUNIORBEES/part-040533_931157-002834.parquet,real_data_sample\l2_unseen_validation\trade_date=2026-07-17\exchange=NSE\symbol=JUNIORBEES\part-040533_931157-002834.parquet,34508,downloaded,34508,
2026-07-17,NSE,JUNIORBEES,raw_l2/trade_date=2026-07-17/exchange=NSE/symbol=JUNIORBEES/part-040602_042525-002898.parquet,real_data_sample\l2_unseen_validation\trade_date=2026-07-17\exchange=NSE\symbol=JUNIORBEES\part-040602_042525-002898.parquet,34464,downloaded,34464,
2026-07-17,NSE,JUNIORBEES,raw_l2/trade_date=2026-07-17/exchange=NSE/symbol=JUNIORBEES/part-040451_387635-002738.parquet,real_data_sample\l2_unseen_validation\trade_date=2026-07-17\exchange=NSE\symbol=JUNIORBEES\part-040451_387635-002738.parquet,34449,downloaded,34449,
2026-07-17,NSE,JUNIORBEES,raw_l2/trade_date=2026-07-17/exchange=NSE/symbol=JUNIORBEES/part-040711_693018-003058.parquet,real_data_sample\l2_unseen_validation\trade_date=2026-07-17\exchange=NSE\symbol=JUNIORBEES\part-040711_693018-003058.parquet,34560,downloaded,34560,
2026-07-17,NSE,JUNIORBEES,raw_l2/trade_date=2026-07-17/exchange=NSE/symbol=JUNIORBEES/part-040643_753391-002994.parquet,real_data_sample\l2_unseen_validation\trade_date=2026-07-17\exchange=NSE\symbol=JUNIORBEES\part-040643_753391-002994.parquet,34585,downloaded,34585,
2026-07-17,NSE,JUNIORBEES,raw_l2/trade_date=2026-07-17/exchange=NSE/symbol=JUNIORBEES/part-040629_903767-002962.parquet,real_data_sample\l2_unseen_validation\trade_date=2026-07-17\exchange=NSE\symbol=JUNIORBEES\part-040629_903767-002962.parquet,34392,downloaded,34392,
2026-07-17,NSE,JUNIORBEES,raw_l2/trade_date=2026-07-17/exchange=NSE/symbol=JUNIORBEES/part-040657_675240-003026.parquet,real_data_sample\l2_unseen_validation\trade_date=2026-07-17\exchange=NSE\symbol=JUNIORBEES\part-040657_675240-003026.parquet,34345,downloaded,34345,
2026-07-17,NSE,JUNIORBEES,raw_l2/trade_date=2026-07-17/exchange=NSE/symbol=JUNIORBEES/part-040739_935012-003122.parquet,real_data_sample\l2_unseen_validation\trade_date=2026-07-17\exchange=NSE\symbol=JUNIORBEES\part-040739_935012-003122.parquet,34601,downloaded,34601,
2026-07-17,NSE,JUNIORBEES,raw_l2/trade_date=2026-07-17/exchange=NSE/symbol=JUNIORBEES/part-040547_951211-002866.parquet,real_data_sample\l2_unseen_validation\trade_date=2026-07-17\exchange=NSE\symbol=JUNIORBEES\part-040547_951211-002866.parquet,34408,downloaded,34408,
2026-07-17,NSE,JUNIORBEES,raw_l2/trade_date=2026-07-17/exchange=NSE/symbol=JUNIORBEES/part-040753_982641-003154.parquet,real_data_sample\l2_unseen_validation\trade_date=2026-07-17\exchange=NSE\symbol=JUNIORBEES\part-040753_982641-003154.parquet,34408,downloaded,34408,
2026-07-17,NSE,JUNIORBEES,raw_l2/trade_date=2026-07-17/exchange=NSE/symbol=JUNIORBEES/part-040615_930158-002930.parquet,real_data_sample\l2_unseen_validation\trade_date=2026-07-17\exchange=NSE\symbol=JUNIORBEES\part-040615_930158-002930.parquet,34563,downloaded,34563,
2026-07-17,NSE,JUNIORBEES,raw_l2/trade_date=2026-07-17/exchange=NSE/symbol=JUNIORBEES/part-040505_711535-002770.parquet,real_data_sample\l2_unseen_validation\trade_date=2026-07-17\exchange=NSE\symbol=JUNIORBEES\part-040505_711535-002770.parquet,34292,downloaded,34292,
2026-07-17,NSE,JUNIORBEES,raw_l2/trade_date=2026-07-17/exchange=NSE/symbol=JUNIORBEES/part-040850_841534-003282.parquet,real_data_sample\l2_unseen_validation\trade_date=2026-07-17\exchange=NSE\symbol=JUNIORBEES\part-040850_841534-003282.parquet,34648,downloaded,34648,
2026-07-17,NSE,JUNIORBEES,raw_l2/trade_date=2026-07-17/exchange=NSE/symbol=JUNIORBEES/part-041002_137686-003442.parquet,real_data_sample\l2_unseen_validation\trade_date=2026-07-17\exchange=NSE\symbol=JUNIORBEES\part-041002_137686-003442.parquet,35305,downloaded,35305,
2026-07-17,NSE,JUNIORBEES,raw_l2/trade_date=2026-07-17/exchange=NSE/symbol=JUNIORBEES/part-040807_972615-003186.parquet,real_data_sample\l2_unseen_validation\trade_date=2026-07-17\exchange=NSE\symbol=JUNIORBEES\part-040807_972615-003186.parquet,34486,downloaded,34486,
2026-07-17,NSE,JUNIORBEES,raw_l2/trade_date=2026-07-17/exchange=NSE/symbol=JUNIORBEES/part-040822_457476-003218.parquet,real_data_sample\l2_unseen_validation\trade_date=2026-07-17\exchange=NSE\symbol=JUNIORBEES\part-040822_457476-003218.parquet,34409,downloaded,34409,
2026-07-17,NSE,JUNIORBEES,raw_l2/trade_date=2026-07-17/exchange=NSE/symbol=JUNIORBEES/part-040836_489553-003250.parquet,real_data_sample\l2_unseen_validation\trade_date=2026-07-17\exchange=NSE\symbol=JUNIORBEES\part-040836_489553-003250.parquet,34648,downloaded,34648,
2026-07-17,NSE,JUNIORBEES,raw_l2/trade_date=2026-07-17/exchange=NSE/symbol=JUNIORBEES/part-040904_987716-003314.parquet,real_data_sample\l2_unseen_validation\trade_date=2026-07-17\exchange=NSE\symbol=JUNIORBEES\part-040904_987716-003314.parquet,34612,downloaded,34612,
2026-07-17,NSE,JUNIORBEES,raw_l2/trade_date=2026-07-17/exchange=NSE/symbol=JUNIORBEES/part-040947_781361-003410.parquet,real_data_sample\l2_unseen_validation\trade_date=2026-07-17\exchange=NSE\symbol=JUNIORBEES\part-040947_781361-003410.parquet,35583,downloaded,35583,
2026-07-17,NSE,JUNIORBEES,raw_l2/trade_date=2026-07-17/exchange=NSE/symbol=JUNIORBEES/part-040919_171895-003346.parquet,real_data_sample\l2_unseen_validation\trade_date=2026-07-17\exchange=NSE\symbol=JUNIORBEES\part-040919_171895-003346.parquet,35244,downloaded,35244,
2026-07-17,NSE,JUNIORBEES,raw_l2/trade_date=2026-07-17/exchange=NSE/symbol=JUNIORBEES/part-041030_192056-003506.parquet,real_data_sample\l2_unseen_validation\trade_date=2026-07-17\exchange=NSE\symbol=JUNIORBEES\part-041030_192056-003506.parquet,34390,downloaded,34390,
2026-07-17,NSE,JUNIORBEES,raw_l2/trade_date=2026-07-17/exchange=NSE/symbol=JUNIORBEES/part-041112_809440-003602.parquet,real_data_sample\l2_unseen_validation\trade_date=2026-07-17\exchange=NSE\symbol=JUNIORBEES\part-041112_809440-003602.parquet,34643,downloaded,34643,
2026-07-17,NSE,JUNIORBEES,raw_l2/trade_date=2026-07-17/exchange=NSE/symbol=JUNIORBEES/part-041015_942997-003474.parquet,real_data_sample\l2_unseen_validation\trade_date=2026-07-17\exchange=NSE\symbol=JUNIORBEES\part-041015_942997-003474.parquet,34976,downloaded,34976,
2026-07-17,NSE,JUNIORBEES,raw_l2/trade_date=2026-07-17/exchange=NSE/symbol=JUNIORBEES/part-041058_723532-003570.parquet,real_data_sample\l2_unseen_validation\trade_date=2026-07-17\exchange=NSE\symbol=JUNIORBEES\part-041058_723532-003570.parquet,34359,downloaded,34359,
2026-07-17,NSE,JUNIORBEES,raw_l2/trade_date=2026-07-17/exchange=NSE/symbol=JUNIORBEES/part-041044_351662-003538.parquet,real_data_sample\l2_unseen_validation\trade_date=2026-07-17\exchange=NSE\symbol=JUNIORBEES\part-041044_351662-003538.parquet,34487,downloaded,34487,
2026-07-17,NSE,JUNIORBEES,raw_l2/trade_date=2026-07-17/exchange=NSE/symbol=JUNIORBEES/part-040933_532456-003378.parquet,real_data_sample\l2_unseen_validation\trade_date=2026-07-17\exchange=NSE\symbol=JUNIORBEES\part-040933_532456-003378.parquet,35704,downloaded,35704,
2026-07-17,NSE,JUNIORBEES,raw_l2/trade_date=2026-07-17/exchange=NSE/symbol=JUNIORBEES/part-041332_032407-003922.parquet,real_data_sample\l2_unseen_validation\trade_date=2026-07-17\exchange=NSE\symbol=JUNIORBEES\part-041332_032407-003922.parquet,34385,downloaded,34385,
2026-07-17,NSE,JUNIORBEES,raw_l2/trade_date=2026-07-17/exchange=NSE/symbol=JUNIORBEES/part-041154_471972-003698.parquet,real_data_sample\l2_unseen_validation\trade_date=2026-07-17\exchange=NSE\symbol=JUNIORBEES\part-041154_471972-003698.parquet,34432,downloaded,34432,
2026-07-17,NSE,JUNIORBEES,raw_l2/trade_date=2026-07-17/exchange=NSE/symbol=JUNIORBEES/part-041222_508701-003762.parquet,real_data_sample\l2_unseen_validation\trade_date=2026-07-17\exchange=NSE\symbol=JUNIORBEES\part-041222_508701-003762.parquet,34340,downloaded,34340,
2026-07-17,NSE,JUNIORBEES,raw_l2/trade_date=2026-07-17/exchange=NSE/symbol=JUNIORBEES/part-041126_643729-003634.parquet,real_data_sample\l2_unseen_validation\trade_date=2026-07-17\exchange=NSE\symbol=JUNIORBEES\part-041126_643729-003634.parquet,34578,downloaded,34578,
2026-07-17,NSE,JUNIORBEES,raw_l2/trade_date=2026-07-17/exchange=NSE/symbol=JUNIORBEES/part-041208_583013-003730.parquet,real_data_sample\l2_unseen_validation\trade_date=2026-07-17\exchange=NSE\symbol=JUNIORBEES\part-041208_583013-003730.parquet,34558,downloaded,34558,
2026-07-17,NSE,JUNIORBEES,raw_l2/trade_date=2026-07-17/exchange=NSE/symbol=JUNIORBEES/part-041428_251910-004050.parquet,real_data_sample\l2_unseen_validation\trade_date=2026-07-17\exchange=NSE\symbol=JUNIORBEES\part-041428_251910-004050.parquet,34621,downloaded,34621,
2026-07-17,NSE,JUNIORBEES,raw_l2/trade_date=2026-07-17/exchange=NSE/symbol=JUNIORBEES/part-041303_951372-003858.parquet,real_data_sample\l2_unseen_validation\trade_date=2026-07-17\exchange=NSE\symbol=JUNIORBEES\part-041303_951372-003858.parquet,34390,downloaded,34390,
2026-07-17,NSE,JUNIORBEES,raw_l2/trade_date=2026-07-17/exchange=NSE/symbol=JUNIORBEES/part-041317_878370-003890.parquet,real_data_sample\l2_unseen_validation\trade_date=2026-07-17\exchange=NSE\symbol=JUNIORBEES\part-041317_878370-003890.parquet,34305,downloaded,34305,
2026-07-17,NSE,JUNIORBEES,raw_l2/trade_date=2026-07-17/exchange=NSE/symbol=JUNIORBEES/part-041250_229971-003826.parquet,real_data_sample\l2_unseen_validation\trade_date=2026-07-17\exchange=NSE\symbol=JUNIORBEES\part-041250_229971-003826.parquet,34374,downloaded,34374,
2026-07-17,NSE,JUNIORBEES,raw_l2/trade_date=2026-07-17/exchange=NSE/symbol=JUNIORBEES/part-041442_281179-004082.parquet,real_data_sample\l2_unseen_validation\trade_date=2026-07-17\exchange=NSE\symbol=JUNIORBEES\part-041442_281179-004082.parquet,34600,downloaded,34600,
2026-07-17,NSE,JUNIORBEES,raw_l2/trade_date=2026-07-17/exchange=NSE/symbol=JUNIORBEES/part-041236_348207-003794.parquet,real_data_sample\l2_unseen_validation\trade_date=2026-07-17\exchange=NSE\symbol=JUNIORBEES\part-041236_348207-003794.parquet,34511,downloaded,34511,
2026-07-17,NSE,JUNIORBEES,raw_l2/trade_date=2026-07-17/exchange=NSE/symbol=JUNIORBEES/part-041346_091987-003954.parquet,real_data_sample\l2_unseen_validation\trade_date=2026-07-17\exchange=NSE\symbol=JUNIORBEES\part-041346_091987-003954.parquet,34375,downloaded,34375,
2026-07-17,NSE,JUNIORBEES,raw_l2/trade_date=2026-07-17/exchange=NSE/symbol=JUNIORBEES/part-041414_253932-004018.parquet,real_data_sample\l2_unseen_validation\trade_date=2026-07-17\exchange=NSE\symbol=JUNIORBEES\part-041414_253932-004018.parquet,34530,downloaded,34530,
2026-07-17,NSE,JUNIORBEES,raw_l2/trade_date=2026-07-17/exchange=NSE/symbol=JUNIORBEES/part-041400_168151-003986.parquet,real_data_sample\l2_unseen_validation\trade_date=2026-07-17\exchange=NSE\symbol=JUNIORBEES\part-041400_168151-003986.parquet,34302,downloaded,34302,
2026-07-17,NSE,JUNIORBEES,raw_l2/trade_date=2026-07-17/exchange=NSE/symbol=JUNIORBEES/part-041456_187020-004114.parquet,real_data_sample\l2_unseen_validation\trade_date=2026-07-17\exchange=NSE\symbol=JUNIORBEES\part-041456_187020-004114.parquet,34633,downloaded,34633,
2026-07-17,NSE,JUNIORBEES,raw_l2/trade_date=2026-07-17/exchange=NSE/symbol=JUNIORBEES/part-041524_011418-004178.parquet,real_data_sample\l2_unseen_validation\trade_date=2026-07-17\exchange=NSE\symbol=JUNIORBEES\part-041524_011418-004178.parquet,35358,downloaded,35358,
2026-07-17,NSE,JUNIORBEES,raw_l2/trade_date=2026-07-17/exchange=NSE/symbol=JUNIORBEES/part-041510_182602-004146.parquet,real_data_sample\l2_unseen_validation\trade_date=2026-07-17\exchange=NSE\symbol=JUNIORBEES\part-041510_182602-004146.parquet,34363,downloaded,34363,
2026-07-17,NSE,JUNIORBEES,raw_l2/trade_date=2026-07-17/exchange=NSE/symbol=JUNIORBEES/part-041537_914385-004210.parquet,real_data_sample\l2_unseen_validation\trade_date=2026-07-17\exchange=NSE\symbol=JUNIORBEES\part-041537_914385-004210.parquet,35082,downloaded,35082,
2026-07-17,NSE,JUNIORBEES,raw_l2/trade_date=2026-07-17/exchange=NSE/symbol=JUNIORBEES/part-041757_940542-004530.parquet,real_data_sample\l2_unseen_validation\trade_date=2026-07-17\exchange=NSE\symbol=JUNIORBEES\part-041757_940542-004530.parquet,34455,downloaded,34455,
2026-07-17,NSE,JUNIORBEES,raw_l2/trade_date=2026-07-17/exchange=NSE/symbol=JUNIORBEES/part-041553_138519-004242.parquet,real_data_sample\l2_unseen_validation\trade_date=2026-07-17\exchange=NSE\symbol=JUNIORBEES\part-041553_138519-004242.parquet,35015,downloaded,35015,
2026-07-17,NSE,JUNIORBEES,raw_l2/trade_date=2026-07-17/exchange=NSE/symbol=JUNIORBEES/part-041606_920992-004274.parquet,real_data_sample\l2_unseen_validation\trade_date=2026-07-17\exchange=NSE\symbol=JUNIORBEES\part-041606_920992-004274.parquet,35289,downloaded,35289,
2026-07-17,NSE,JUNIORBEES,raw_l2/trade_date=2026-07-17/exchange=NSE/symbol=JUNIORBEES/part-041744_211923-004498.parquet,real_data_sample\l2_unseen_validation\trade_date=2026-07-17\exchange=NSE\symbol=JUNIORBEES\part-041744_211923-004498.parquet,34354,downloaded,34354,
2026-07-17,NSE,JUNIORBEES,raw_l2/trade_date=2026-07-17/exchange=NSE/symbol=JUNIORBEES/part-041715_860336-004434.parquet,real_data_sample\l2_unseen_validation\trade_date=2026-07-17\exchange=NSE\symbol=JUNIORBEES\part-041715_860336-004434.parquet,34271,downloaded,34271,
2026-07-17,NSE,JUNIORBEES,raw_l2/trade_date=2026-07-17/exchange=NSE/symbol=JUNIORBEES/part-041648_232178-004370.parquet,real_data_sample\l2_unseen_validation\trade_date=2026-07-17\exchange=NSE\symbol=JUNIORBEES\part-041648_232178-004370.parquet,34503,downloaded,34503,
2026-07-17,NSE,JUNIORBEES,raw_l2/trade_date=2026-07-17/exchange=NSE/symbol=JUNIORBEES/part-041702_133403-004402.parquet,real_data_sample\l2_unseen_validation\trade_date=2026-07-17\exchange=NSE\symbol=JUNIORBEES\part-041702_133403-004402.parquet,34429,downloaded,34429,
2026-07-17,NSE,JUNIORBEES,raw_l2/trade_date=2026-07-17/exchange=NSE/symbol=JUNIORBEES/part-041620_712440-004306.parquet,real_data_sample\l2_unseen_validation\trade_date=2026-07-17\exchange=NSE\symbol=JUNIORBEES\part-041620_712440-004306.parquet,35049,downloaded,35049,
2026-07-17,NSE,JUNIORBEES,raw_l2/trade_date=2026-07-17/exchange=NSE/symbol=JUNIORBEES/part-041634_372419-004338.parquet,real_data_sample\l2_unseen_validation\trade_date=2026-07-17\exchange=NSE\symbol=JUNIORBEES\part-041634_372419-004338.parquet,34304,downloaded,34304,
2026-07-17,NSE,JUNIORBEES,raw_l2/trade_date=2026-07-17/exchange=NSE/symbol=JUNIORBEES/part-041140_675944-003666.parquet,real_data_sample\l2_unseen_validation\trade_date=2026-07-17\exchange=NSE\symbol=JUNIORBEES\part-041140_675944-003666.parquet,34560,downloaded,34560,
2026-07-17,NSE,JUNIORBEES,raw_l2/trade_date=2026-07-17/exchange=NSE/symbol=JUNIORBEES/part-041922_157935-004722.parquet,real_data_sample\l2_unseen_validation\trade_date=2026-07-17\exchange=NSE\symbol=JUNIORBEES\part-041922_157935-004722.parquet,35320,downloaded,35320,
2026-07-17,NSE,JUNIORBEES,raw_l2/trade_date=2026-07-17/exchange=NSE/symbol=JUNIORBEES/part-041907_775013-004690.parquet,real_data_sample\l2_unseen_validation\trade_date=2026-07-17\exchange=NSE\symbol=JUNIORBEES\part-041907_775013-004690.parquet,34440,downloaded,34440,
2026-07-17,NSE,JUNIORBEES,raw_l2/trade_date=2026-07-17/exchange=NSE/symbol=JUNIORBEES/part-041853_438307-004658.parquet,real_data_sample\l2_unseen_validation\trade_date=2026-07-17\exchange=NSE\symbol=JUNIORBEES\part-041853_438307-004658.parquet,34486,downloaded,34486,
2026-07-17,NSE,JUNIORBEES,raw_l2/trade_date=2026-07-17/exchange=NSE/symbol=JUNIORBEES/part-041811_623553-004562.parquet,real_data_sample\l2_unseen_validation\trade_date=2026-07-17\exchange=NSE\symbol=JUNIORBEES\part-041811_623553-004562.parquet,34423,downloaded,34423,
2026-07-17,NSE,JUNIORBEES,raw_l2/trade_date=2026-07-17/exchange=NSE/symbol=JUNIORBEES/part-041839_230879-004626.parquet,real_data_sample\l2_unseen_validation\trade_date=2026-07-17\exchange=NSE\symbol=JUNIORBEES\part-041839_230879-004626.parquet,34547,downloaded,34547,
2026-07-17,NSE,JUNIORBEES,raw_l2/trade_date=2026-07-17/exchange=NSE/symbol=JUNIORBEES/part-041730_314137-004466.parquet,real_data_sample\l2_unseen_validation\trade_date=2026-07-17\exchange=NSE\symbol=JUNIORBEES\part-041730_314137-004466.parquet,34379,downloaded,34379,
2026-07-17,NSE,JUNIORBEES,raw_l2/trade_date=2026-07-17/exchange=NSE/symbol=JUNIORBEES/part-041950_285134-004786.parquet,real_data_sample\l2_unseen_validation\trade_date=2026-07-17\exchange=NSE\symbol=JUNIORBEES\part-041950_285134-004786.parquet,34885,downloaded,34885,
2026-07-17,NSE,JUNIORBEES,raw_l2/trade_date=2026-07-17/exchange=NSE/symbol=JUNIORBEES/part-042059_608649-004946.parquet,real_data_sample\l2_unseen_validation\trade_date=2026-07-17\exchange=NSE\symbol=JUNIORBEES\part-042059_608649-004946.parquet,34640,downloaded,34640,
2026-07-17,NSE,JUNIORBEES,raw_l2/trade_date=2026-07-17/exchange=NSE/symbol=JUNIORBEES/part-042004_125723-004818.parquet,real_data_sample\l2_unseen_validation\trade_date=2026-07-17\exchange=NSE\symbol=JUNIORBEES\part-042004_125723-004818.parquet,35616,downloaded,35616,
2026-07-17,NSE,JUNIORBEES,raw_l2/trade_date=2026-07-17/exchange=NSE/symbol=JUNIORBEES/part-041936_225605-004754.parquet,real_data_sample\l2_unseen_validation\trade_date=2026-07-17\exchange=NSE\symbol=JUNIORBEES\part-041936_225605-004754.parquet,35118,downloaded,35118,
2026-07-17,NSE,JUNIORBEES,raw_l2/trade_date=2026-07-17/exchange=NSE/symbol=JUNIORBEES/part-042113_462916-004978.parquet,real_data_sample\l2_unseen_validation\trade_date=2026-07-17\exchange=NSE\symbol=JUNIORBEES\part-042113_462916-004978.parquet,34438,downloaded,34438,
2026-07-17,NSE,JUNIORBEES,raw_l2/trade_date=2026-07-17/exchange=NSE/symbol=JUNIORBEES/part-041825_366305-004594.parquet,real_data_sample\l2_unseen_validation\trade_date=2026-07-17\exchange=NSE\symbol=JUNIORBEES\part-041825_366305-004594.parquet,34583,downloaded,34583,
2026-07-17,NSE,JUNIORBEES,raw_l2/trade_date=2026-07-17/exchange=NSE/symbol=JUNIORBEES/part-042018_188163-004850.parquet,real_data_sample\l2_unseen_validation\trade_date=2026-07-17\exchange=NSE\symbol=JUNIORBEES\part-042018_188163-004850.parquet,34928,downloaded,34928,
2026-07-17,NSE,JUNIORBEES,raw_l2/trade_date=2026-07-17/exchange=NSE/symbol=JUNIORBEES/part-042031_952841-004882.parquet,real_data_sample\l2_unseen_validation\trade_date=2026-07-17\exchange=NSE\symbol=JUNIORBEES\part-042031_952841-004882.parquet,34553,downloaded,34553,
2026-07-17,NSE,JUNIORBEES,raw_l2/trade_date=2026-07-17/exchange=NSE/symbol=JUNIORBEES/part-042127_389028-005010.parquet,real_data_sample\l2_unseen_validation\trade_date=2026-07-17\exchange=NSE\symbol=JUNIORBEES\part-042127_389028-005010.parquet,34260,downloaded,34260,
2026-07-17,NSE,JUNIORBEES,raw_l2/trade_date=2026-07-17/exchange=NSE/symbol=JUNIORBEES/part-042045_893959-004914.parquet,real_data_sample\l2_unseen_validation\trade_date=2026-07-17\exchange=NSE\symbol=JUNIORBEES\part-042045_893959-004914.parquet,34610,downloaded,34610,
2026-07-17,NSE,JUNIORBEES,raw_l2/trade_date=2026-07-17/exchange=NSE/symbol=JUNIORBEES/part-042237_377663-005170.parquet,real_data_sample\l2_unseen_validation\trade_date=2026-07-17\exchange=NSE\symbol=JUNIORBEES\part-042237_377663-005170.parquet,34466,downloaded,34466,
2026-07-17,NSE,JUNIORBEES,raw_l2/trade_date=2026-07-17/exchange=NSE/symbol=JUNIORBEES/part-042155_498921-005074.parquet,real_data_sample\l2_unseen_validation\trade_date=2026-07-17\exchange=NSE\symbol=JUNIORBEES\part-042155_498921-005074.parquet,34567,downloaded,34567,
2026-07-17,NSE,JUNIORBEES,raw_l2/trade_date=2026-07-17/exchange=NSE/symbol=JUNIORBEES/part-042223_543145-005138.parquet,real_data_sample\l2_unseen_validation\trade_date=2026-07-17\exchange=NSE\symbol=JUNIORBEES\part-042223_543145-005138.parquet,34690,downloaded,34690,
2026-07-17,NSE,JUNIORBEES,raw_l2/trade_date=2026-07-17/exchange=NSE/symbol=JUNIORBEES/part-042209_530294-005106.parquet,real_data_sample\l2_unseen_validation\trade_date=2026-07-17\exchange=NSE\symbol=JUNIORBEES\part-042209_530294-005106.parquet,34619,downloaded,34619,
2026-07-17,NSE,JUNIORBEES,raw_l2/trade_date=2026-07-17/exchange=NSE/symbol=JUNIORBEES/part-042141_480609-005042.parquet,real_data_sample\l2_unseen_validation\trade_date=2026-07-17\exchange=NSE\symbol=JUNIORBEES\part-042141_480609-005042.parquet,34658,downloaded,34658,
2026-07-17,NSE,JUNIORBEES,raw_l2/trade_date=2026-07-17/exchange=NSE/symbol=JUNIORBEES/part-042251_185445-005202.parquet,real_data_sample\l2_unseen_validation\trade_date=2026-07-17\exchange=NSE\symbol=JUNIORBEES\part-042251_185445-005202.parquet,34421,downloaded,34421,
2026-07-17,NSE,JUNIORBEES,raw_l2/trade_date=2026-07-17/exchange=NSE/symbol=JUNIORBEES/part-042319_264536-005266.parquet,real_data_sample\l2_unseen_validation\trade_date=2026-07-17\exchange=NSE\symbol=JUNIORBEES\part-042319_264536-005266.parquet,35355,downloaded,35355,
2026-07-17,NSE,JUNIORBEES,raw_l2/trade_date=2026-07-17/exchange=NSE/symbol=JUNIORBEES/part-042347_248480-005330.parquet,real_data_sample\l2_unseen_validation\trade_date=2026-07-17\exchange=NSE\symbol=JUNIORBEES\part-042347_248480-005330.parquet,36007,downloaded,36007,
2026-07-17,NSE,JUNIORBEES,raw_l2/trade_date=2026-07-17/exchange=NSE/symbol=JUNIORBEES/part-042333_216701-005298.parquet,real_data_sample\l2_unseen_validation\trade_date=2026-07-17\exchange=NSE\symbol=JUNIORBEES\part-042333_216701-005298.parquet,35533,downloaded,35533,
2026-07-17,NSE,JUNIORBEES,raw_l2/trade_date=2026-07-17/exchange=NSE/symbol=JUNIORBEES/part-042401_167195-005362.parquet,real_data_sample\l2_unseen_validation\trade_date=2026-07-17\exchange=NSE\symbol=JUNIORBEES\part-042401_167195-005362.parquet,35273,downloaded,35273,
2026-07-17,NSE,JUNIORBEES,raw_l2/trade_date=2026-07-17/exchange=NSE/symbol=JUNIORBEES/part-042443_015359-005458.parquet,real_data_sample\l2_unseen_validation\trade_date=2026-07-17\exchange=NSE\symbol=JUNIORBEES\part-042443_015359-005458.parquet,35005,downloaded,35005,
2026-07-17,NSE,JUNIORBEES,raw_l2/trade_date=2026-07-17/exchange=NSE/symbol=JUNIORBEES/part-042429_002911-005426.parquet,real_data_sample\l2_unseen_validation\trade_date=2026-07-17\exchange=NSE\symbol=JUNIORBEES\part-042429_002911-005426.parquet,35385,downloaded,35385,
2026-07-17,NSE,JUNIORBEES,raw_l2/trade_date=2026-07-17/exchange=NSE/symbol=JUNIORBEES/part-042305_129028-005234.parquet,real_data_sample\l2_unseen_validation\trade_date=2026-07-17\exchange=NSE\symbol=JUNIORBEES\part-042305_129028-005234.parquet,34636,downloaded,34636,
2026-07-17,NSE,JUNIORBEES,raw_l2/trade_date=2026-07-17/exchange=NSE/symbol=JUNIORBEES/part-042414_920970-005394.parquet,real_data_sample\l2_unseen_validation\trade_date=2026-07-17\exchange=NSE\symbol=JUNIORBEES\part-042414_920970-005394.parquet,35454,downloaded,35454,
2026-07-17,NSE,JUNIORBEES,raw_l2/trade_date=2026-07-17/exchange=NSE/symbol=JUNIORBEES/part-042524_365601-005554.parquet,real_data_sample\l2_unseen_validation\trade_date=2026-07-17\exchange=NSE\symbol=JUNIORBEES\part-042524_365601-005554.parquet,34649,downloaded,34649,
2026-07-17,NSE,JUNIORBEES,raw_l2/trade_date=2026-07-17/exchange=NSE/symbol=JUNIORBEES/part-042634_792128-005714.parquet,real_data_sample\l2_unseen_validation\trade_date=2026-07-17\exchange=NSE\symbol=JUNIORBEES\part-042634_792128-005714.parquet,35809,downloaded,35809,
2026-07-17,NSE,JUNIORBEES,raw_l2/trade_date=2026-07-17/exchange=NSE/symbol=JUNIORBEES/part-042648_785102-005746.parquet,real_data_sample\l2_unseen_validation\trade_date=2026-07-17\exchange=NSE\symbol=JUNIORBEES\part-042648_785102-005746.parquet,35358,downloaded,35358,
2026-07-17,NSE,JUNIORBEES,raw_l2/trade_date=2026-07-17/exchange=NSE/symbol=JUNIORBEES/part-042456_656904-005490.parquet,real_data_sample\l2_unseen_validation\trade_date=2026-07-17\exchange=NSE\symbol=JUNIORBEES\part-042456_656904-005490.parquet,35141,downloaded,35141,
2026-07-17,NSE,JUNIORBEES,raw_l2/trade_date=2026-07-17/exchange=NSE/symbol=JUNIORBEES/part-042538_583499-005586.parquet,real_data_sample\l2_unseen_validation\trade_date=2026-07-17\exchange=NSE\symbol=JUNIORBEES\part-042538_583499-005586.parquet,34515,downloaded,34515,
2026-07-17,NSE,JUNIORBEES,raw_l2/trade_date=2026-07-17/exchange=NSE/symbol=JUNIORBEES/part-042702_782408-005778.parquet,real_data_sample\l2_unseen_validation\trade_date=2026-07-17\exchange=NSE\symbol=JUNIORBEES\part-042702_782408-005778.parquet,35733,downloaded,35733,
2026-07-17,NSE,JUNIORBEES,raw_l2/trade_date=2026-07-17/exchange=NSE/symbol=JUNIORBEES/part-042606_627945-005650.parquet,real_data_sample\l2_unseen_validation\trade_date=2026-07-17\exchange=NSE\symbol=JUNIORBEES\part-042606_627945-005650.parquet,34603,downloaded,34603,
2026-07-17,NSE,JUNIORBEES,raw_l2/trade_date=2026-07-17/exchange=NSE/symbol=JUNIORBEES/part-042552_421888-005618.parquet,real_data_sample\l2_unseen_validation\trade_date=2026-07-17\exchange=NSE\symbol=JUNIORBEES\part-042552_421888-005618.parquet,34644,downloaded,34644,
2026-07-17,NSE,JUNIORBEES,raw_l2/trade_date=2026-07-17/exchange=NSE/symbol=JUNIORBEES/part-042620_629659-005682.parquet,real_data_sample\l2_unseen_validation\trade_date=2026-07-17\exchange=NSE\symbol=JUNIORBEES\part-042620_629659-005682.parquet,35343,downloaded,35343,
2026-07-17,NSE,JUNIORBEES,raw_l2/trade_date=2026-07-17/exchange=NSE/symbol=JUNIORBEES/part-042716_758107-005810.parquet,real_data_sample\l2_unseen_validation\trade_date=2026-07-17\exchange=NSE\symbol=JUNIORBEES\part-042716_758107-005810.parquet,35424,downloaded,35424,
2026-07-17,NSE,JUNIORBEES,raw_l2/trade_date=2026-07-17/exchange=NSE/symbol=JUNIORBEES/part-042730_827931-005842.parquet,real_data_sample\l2_unseen_validation\trade_date=2026-07-17\exchange=NSE\symbol=JUNIORBEES\part-042730_827931-005842.parquet,35234,downloaded,35234,
2026-07-17,NSE,JUNIORBEES,raw_l2/trade_date=2026-07-17/exchange=NSE/symbol=JUNIORBEES/part-042936_002766-006130.parquet,real_data_sample\l2_unseen_validation\trade_date=2026-07-17\exchange=NSE\symbol=JUNIORBEES\part-042936_002766-006130.parquet,34495,downloaded,34495,
2026-07-17,NSE,JUNIORBEES,raw_l2/trade_date=2026-07-17/exchange=NSE/symbol=JUNIORBEES/part-042744_626135-005874.parquet,real_data_sample\l2_unseen_validation\trade_date=2026-07-17\exchange=NSE\symbol=JUNIORBEES\part-042744_626135-005874.parquet,35287,downloaded,35287,
2026-07-17,NSE,JUNIORBEES,raw_l2/trade_date=2026-07-17/exchange=NSE/symbol=JUNIORBEES/part-042840_217490-006002.parquet,real_data_sample\l2_unseen_validation\trade_date=2026-07-17\exchange=NSE\symbol=JUNIORBEES\part-042840_217490-006002.parquet,34511,downloaded,34511,
2026-07-17,NSE,JUNIORBEES,raw_l2/trade_date=2026-07-17/exchange=NSE/symbol=JUNIORBEES/part-042908_056436-006066.parquet,real_data_sample\l2_unseen_validation\trade_date=2026-07-17\exchange=NSE\symbol=JUNIORBEES\part-042908_056436-006066.parquet,34501,downloaded,34501,
2026-07-17,NSE,JUNIORBEES,raw_l2/trade_date=2026-07-17/exchange=NSE/symbol=JUNIORBEES/part-042758_388600-005906.parquet,real_data_sample\l2_unseen_validation\trade_date=2026-07-17\exchange=NSE\symbol=JUNIORBEES\part-042758_388600-005906.parquet,35490,downloaded,35490,
2026-07-17,NSE,JUNIORBEES,raw_l2/trade_date=2026-07-17/exchange=NSE/symbol=JUNIORBEES/part-042812_187474-005938.parquet,real_data_sample\l2_unseen_validation\trade_date=2026-07-17\exchange=NSE\symbol=JUNIORBEES\part-042812_187474-005938.parquet,35370,downloaded,35370,
2026-07-17,NSE,JUNIORBEES,raw_l2/trade_date=2026-07-17/exchange=NSE/symbol=JUNIORBEES/part-042826_242908-005970.parquet,real_data_sample\l2_unseen_validation\trade_date=2026-07-17\exchange=NSE\symbol=JUNIORBEES\part-042826_242908-005970.parquet,34411,downloaded,34411,
2026-07-17,NSE,JUNIORBEES,raw_l2/trade_date=2026-07-17/exchange=NSE/symbol=JUNIORBEES/part-042854_143914-006034.parquet,real_data_sample\l2_unseen_validation\trade_date=2026-07-17\exchange=NSE\symbol=JUNIORBEES\part-042854_143914-006034.parquet,34500,downloaded,34500,
2026-07-17,NSE,JUNIORBEES,raw_l2/trade_date=2026-07-17/exchange=NSE/symbol=JUNIORBEES/part-042949_987558-006162.parquet,real_data_sample\l2_unseen_validation\trade_date=2026-07-17\exchange=NSE\symbol=JUNIORBEES\part-042949_987558-006162.parquet,34598,downloaded,34598,
2026-07-17,NSE,JUNIORBEES,raw_l2/trade_date=2026-07-17/exchange=NSE/symbol=JUNIORBEES/part-042921_987857-006098.parquet,real_data_sample\l2_unseen_validation\trade_date=2026-07-17\exchange=NSE\symbol=JUNIORBEES\part-042921_987857-006098.parquet,34692,downloaded,34692,
2026-07-17,NSE,JUNIORBEES,raw_l2/trade_date=2026-07-17/exchange=NSE/symbol=JUNIORBEES/part-043003_985062-006194.parquet,real_data_sample\l2_unseen_validation\trade_date=2026-07-17\exchange=NSE\symbol=JUNIORBEES\part-043003_985062-006194.parquet,34640,downloaded,34640,
2026-07-17,NSE,JUNIORBEES,raw_l2/trade_date=2026-07-17/exchange=NSE/symbol=JUNIORBEES/part-043032_217248-006258.parquet,real_data_sample\l2_unseen_validation\trade_date=2026-07-17\exchange=NSE\symbol=JUNIORBEES\part-043032_217248-006258.parquet,35921,downloaded,35921,
2026-07-17,NSE,JUNIORBEES,raw_l2/trade_date=2026-07-17/exchange=NSE/symbol=JUNIORBEES/part-043142_098367-006418.parquet,real_data_sample\l2_unseen_validation\trade_date=2026-07-17\exchange=NSE\symbol=JUNIORBEES\part-043142_098367-006418.parquet,34496,downloaded,34496,
2026-07-17,NSE,JUNIORBEES,raw_l2/trade_date=2026-07-17/exchange=NSE/symbol=JUNIORBEES/part-043045_935735-006290.parquet,real_data_sample\l2_unseen_validation\trade_date=2026-07-17\exchange=NSE\symbol=JUNIORBEES\part-043045_935735-006290.parquet,35152,downloaded,35152,
2026-07-17,NSE,JUNIORBEES,raw_l2/trade_date=2026-07-17/exchange=NSE/symbol=JUNIORBEES/part-043113_748628-006354.parquet,real_data_sample\l2_unseen_validation\trade_date=2026-07-17\exchange=NSE\symbol=JUNIORBEES\part-043113_748628-006354.parquet,35444,downloaded,35444,
2026-07-17,NSE,JUNIORBEES,raw_l2/trade_date=2026-07-17/exchange=NSE/symbol=JUNIORBEES/part-043155_946760-006450.parquet,real_data_sample\l2_unseen_validation\trade_date=2026-07-17\exchange=NSE\symbol=JUNIORBEES\part-043155_946760-006450.parquet,34679,downloaded,34679,
2026-07-17,NSE,JUNIORBEES,raw_l2/trade_date=2026-07-17/exchange=NSE/symbol=JUNIORBEES/part-043210_016695-006482.parquet,real_data_sample\l2_unseen_validation\trade_date=2026-07-17\exchange=NSE\symbol=JUNIORBEES\part-043210_016695-006482.parquet,34640,downloaded,34640,
2026-07-17,NSE,JUNIORBEES,raw_l2/trade_date=2026-07-17/exchange=NSE/symbol=JUNIORBEES/part-043059_660666-006322.parquet,real_data_sample\l2_unseen_validation\trade_date=2026-07-17\exchange=NSE\symbol=JUNIORBEES\part-043059_660666-006322.parquet,35510,downloaded,35510,
2026-07-17,NSE,JUNIORBEES,raw_l2/trade_date=2026-07-17/exchange=NSE/symbol=JUNIORBEES/part-043127_962733-006386.parquet,real_data_sample\l2_unseen_validation\trade_date=2026-07-17\exchange=NSE\symbol=JUNIORBEES\part-043127_962733-006386.parquet,34573,downloaded,34573,
2026-07-17,NSE,JUNIORBEES,raw_l2/trade_date=2026-07-17/exchange=NSE/symbol=JUNIORBEES/part-042510_446945-005522.parquet,real_data_sample\l2_unseen_validation\trade_date=2026-07-17\exchange=NSE\symbol=JUNIORBEES\part-042510_446945-005522.parquet,35303,downloaded,35303,
2026-07-17,NSE,JUNIORBEES,raw_l2/trade_date=2026-07-17/exchange=NSE/symbol=JUNIORBEES/part-043018_321130-006226.parquet,real_data_sample\l2_unseen_validation\trade_date=2026-07-17\exchange=NSE\symbol=JUNIORBEES\part-043018_321130-006226.parquet,35483,downloaded,35483,
2026-07-17,NSE,JUNIORBEES,raw_l2/trade_date=2026-07-17/exchange=NSE/symbol=JUNIORBEES/part-043252_389062-006578.parquet,real_data_sample\l2_unseen_validation\trade_date=2026-07-17\exchange=NSE\symbol=JUNIORBEES\part-043252_389062-006578.parquet,34540,downloaded,34540,
2026-07-17,NSE,JUNIORBEES,raw_l2/trade_date=2026-07-17/exchange=NSE/symbol=JUNIORBEES/part-043306_227740-006610.parquet,real_data_sample\l2_unseen_validation\trade_date=2026-07-17\exchange=NSE\symbol=JUNIORBEES\part-043306_227740-006610.parquet,34707,downloaded,34707,
2026-07-17,NSE,JUNIORBEES,raw_l2/trade_date=2026-07-17/exchange=NSE/symbol=JUNIORBEES/part-043416_632504-006770.parquet,real_data_sample\l2_unseen_validation\trade_date=2026-07-17\exchange=NSE\symbol=JUNIORBEES\part-043416_632504-006770.parquet,34317,downloaded,34317,
2026-07-17,NSE,JUNIORBEES,raw_l2/trade_date=2026-07-17/exchange=NSE/symbol=JUNIORBEES/part-043458_261024-006866.parquet,real_data_sample\l2_unseen_validation\trade_date=2026-07-17\exchange=NSE\symbol=JUNIORBEES\part-043458_261024-006866.parquet,34445,downloaded,34445,
2026-07-17,NSE,JUNIORBEES,raw_l2/trade_date=2026-07-17/exchange=NSE/symbol=JUNIORBEES/part-043512_011201-006898.parquet,real_data_sample\l2_unseen_validation\trade_date=2026-07-17\exchange=NSE\symbol=JUNIORBEES\part-043512_011201-006898.parquet,34474,downloaded,34474,
2026-07-17,NSE,JUNIORBEES,raw_l2/trade_date=2026-07-17/exchange=NSE/symbol=JUNIORBEES/part-043224_401763-006514.parquet,real_data_sample\l2_unseen_validation\trade_date=2026-07-17\exchange=NSE\symbol=JUNIORBEES\part-043224_401763-006514.parquet,34613,downloaded,34613,
2026-07-17,NSE,JUNIORBEES,raw_l2/trade_date=2026-07-17/exchange=NSE/symbol=JUNIORBEES/part-043348_527630-006706.parquet,real_data_sample\l2_unseen_validation\trade_date=2026-07-17\exchange=NSE\symbol=JUNIORBEES\part-043348_527630-006706.parquet,34405,downloaded,34405,
2026-07-17,NSE,JUNIORBEES,raw_l2/trade_date=2026-07-17/exchange=NSE/symbol=JUNIORBEES/part-043238_470646-006546.parquet,real_data_sample\l2_unseen_validation\trade_date=2026-07-17\exchange=NSE\symbol=JUNIORBEES\part-043238_470646-006546.parquet,34607,downloaded,34607,
2026-07-17,NSE,JUNIORBEES,raw_l2/trade_date=2026-07-17/exchange=NSE/symbol=JUNIORBEES/part-043320_419146-006642.parquet,real_data_sample\l2_unseen_validation\trade_date=2026-07-17\exchange=NSE\symbol=JUNIORBEES\part-043320_419146-006642.parquet,34581,downloaded,34581,
2026-07-17,NSE,JUNIORBEES,raw_l2/trade_date=2026-07-17/exchange=NSE/symbol=JUNIORBEES/part-043334_497456-006674.parquet,real_data_sample\l2_unseen_validation\trade_date=2026-07-17\exchange=NSE\symbol=JUNIORBEES\part-043334_497456-006674.parquet,34518,downloaded,34518,
2026-07-17,NSE,JUNIORBEES,raw_l2/trade_date=2026-07-17/exchange=NSE/symbol=JUNIORBEES/part-043444_484913-006834.parquet,real_data_sample\l2_unseen_validation\trade_date=2026-07-17\exchange=NSE\symbol=JUNIORBEES\part-043444_484913-006834.parquet,34615,downloaded,34615,
2026-07-17,NSE,JUNIORBEES,raw_l2/trade_date=2026-07-17/exchange=NSE/symbol=JUNIORBEES/part-043430_540424-006802.parquet,real_data_sample\l2_unseen_validation\trade_date=2026-07-17\exchange=NSE\symbol=JUNIORBEES\part-043430_540424-006802.parquet,34604,downloaded,34604,
2026-07-17,NSE,JUNIORBEES,raw_l2/trade_date=2026-07-17/exchange=NSE/symbol=JUNIORBEES/part-043402_433341-006738.parquet,real_data_sample\l2_unseen_validation\trade_date=2026-07-17\exchange=NSE\symbol=JUNIORBEES\part-043402_433341-006738.parquet,34667,downloaded,34667,
2026-07-17,NSE,JUNIORBEES,raw_l2/trade_date=2026-07-17/exchange=NSE/symbol=JUNIORBEES/part-043525_949432-006930.parquet,real_data_sample\l2_unseen_validation\trade_date=2026-07-17\exchange=NSE\symbol=JUNIORBEES\part-043525_949432-006930.parquet,34519,downloaded,34519,
2026-07-17,NSE,JUNIORBEES,raw_l2/trade_date=2026-07-17/exchange=NSE/symbol=JUNIORBEES/part-043649_840591-007122.parquet,real_data_sample\l2_unseen_validation\trade_date=2026-07-17\exchange=NSE\symbol=JUNIORBEES\part-043649_840591-007122.parquet,34577,downloaded,34577,
2026-07-17,NSE,JUNIORBEES,raw_l2/trade_date=2026-07-17/exchange=NSE/symbol=JUNIORBEES/part-043553_688168-006994.parquet,real_data_sample\l2_unseen_validation\trade_date=2026-07-17\exchange=NSE\symbol=JUNIORBEES\part-043553_688168-006994.parquet,34560,downloaded,34560,
2026-07-17,NSE,JUNIORBEES,raw_l2/trade_date=2026-07-17/exchange=NSE/symbol=JUNIORBEES/part-043539_752688-006962.parquet,real_data_sample\l2_unseen_validation\trade_date=2026-07-17\exchange=NSE\symbol=JUNIORBEES\part-043539_752688-006962.parquet,34370,downloaded,34370,
2026-07-17,NSE,JUNIORBEES,raw_l2/trade_date=2026-07-17/exchange=NSE/symbol=JUNIORBEES/part-043607_731229-007026.parquet,real_data_sample\l2_unseen_validation\trade_date=2026-07-17\exchange=NSE\symbol=JUNIORBEES\part-043607_731229-007026.parquet,34392,downloaded,34392,
2026-07-17,NSE,JUNIORBEES,raw_l2/trade_date=2026-07-17/exchange=NSE/symbol=JUNIORBEES/part-043621_664113-007058.parquet,real_data_sample\l2_unseen_validation\trade_date=2026-07-17\exchange=NSE\symbol=JUNIORBEES\part-043621_664113-007058.parquet,34498,downloaded,34498,
2026-07-17,NSE,JUNIORBEES,raw_l2/trade_date=2026-07-17/exchange=NSE/symbol=JUNIORBEES/part-043635_672368-007090.parquet,real_data_sample\l2_unseen_validation\trade_date=2026-07-17\exchange=NSE\symbol=JUNIORBEES\part-043635_672368-007090.parquet,34582,downloaded,34582,
2026-07-17,NSE,JUNIORBEES,raw_l2/trade_date=2026-07-17/exchange=NSE/symbol=JUNIORBEES/part-043745_428463-007250.parquet,real_data_sample\l2_unseen_validation\trade_date=2026-07-17\exchange=NSE\symbol=JUNIORBEES\part-043745_428463-007250.parquet,34592,downloaded,34592,
2026-07-17,NSE,JUNIORBEES,raw_l2/trade_date=2026-07-17/exchange=NSE/symbol=JUNIORBEES/part-043841_719515-007378.parquet,real_data_sample\l2_unseen_validation\trade_date=2026-07-17\exchange=NSE\symbol=JUNIORBEES\part-043841_719515-007378.parquet,34600,downloaded,34600,
2026-07-17,NSE,JUNIORBEES,raw_l2/trade_date=2026-07-17/exchange=NSE/symbol=JUNIORBEES/part-043855_794124-007410.parquet,real_data_sample\l2_unseen_validation\trade_date=2026-07-17\exchange=NSE\symbol=JUNIORBEES\part-043855_794124-007410.parquet,34410,downloaded,34410,
2026-07-17,NSE,JUNIORBEES,raw_l2/trade_date=2026-07-17/exchange=NSE/symbol=JUNIORBEES/part-043909_663329-007442.parquet,real_data_sample\l2_unseen_validation\trade_date=2026-07-17\exchange=NSE\symbol=JUNIORBEES\part-043909_663329-007442.parquet,34511,downloaded,34511,
2026-07-17,NSE,JUNIORBEES,raw_l2/trade_date=2026-07-17/exchange=NSE/symbol=JUNIORBEES/part-043827_579214-007346.parquet,real_data_sample\l2_unseen_validation\trade_date=2026-07-17\exchange=NSE\symbol=JUNIORBEES\part-043827_579214-007346.parquet,34562,downloaded,34562,
2026-07-17,NSE,JUNIORBEES,raw_l2/trade_date=2026-07-17/exchange=NSE/symbol=JUNIORBEES/part-043936_880103-007506.parquet,real_data_sample\l2_unseen_validation\trade_date=2026-07-17\exchange=NSE\symbol=JUNIORBEES\part-043936_880103-007506.parquet,36052,downloaded,36052,
2026-07-17,NSE,JUNIORBEES,raw_l2/trade_date=2026-07-17/exchange=NSE/symbol=JUNIORBEES/part-043812_935581-007314.parquet,real_data_sample\l2_unseen_validation\trade_date=2026-07-17\exchange=NSE\symbol=JUNIORBEES\part-043812_935581-007314.parquet,34724,downloaded,34724,
2026-07-17,NSE,JUNIORBEES,raw_l2/trade_date=2026-07-17/exchange=NSE/symbol=JUNIORBEES/part-043759_149791-007282.parquet,real_data_sample\l2_unseen_validation\trade_date=2026-07-17\exchange=NSE\symbol=JUNIORBEES\part-043759_149791-007282.parquet,34671,downloaded,34671,
2026-07-17,NSE,JUNIORBEES,raw_l2/trade_date=2026-07-17/exchange=NSE/symbol=JUNIORBEES/part-043923_326946-007474.parquet,real_data_sample\l2_unseen_validation\trade_date=2026-07-17\exchange=NSE\symbol=JUNIORBEES\part-043923_326946-007474.parquet,35892,downloaded,35892,
2026-07-17,NSE,JUNIORBEES,raw_l2/trade_date=2026-07-17/exchange=NSE/symbol=JUNIORBEES/part-043731_561424-007218.parquet,real_data_sample\l2_unseen_validation\trade_date=2026-07-17\exchange=NSE\symbol=JUNIORBEES\part-043731_561424-007218.parquet,34500,downloaded,34500,
2026-07-17,NSE,JUNIORBEES,raw_l2/trade_date=2026-07-17/exchange=NSE/symbol=JUNIORBEES/part-043703_786787-007154.parquet,real_data_sample\l2_unseen_validation\trade_date=2026-07-17\exchange=NSE\symbol=JUNIORBEES\part-043703_786787-007154.parquet,34627,downloaded,34627,
2026-07-17,NSE,JUNIORBEES,raw_l2/trade_date=2026-07-17/exchange=NSE/symbol=JUNIORBEES/part-043717_692187-007186.parquet,real_data_sample\l2_unseen_validation\trade_date=2026-07-17\exchange=NSE\symbol=JUNIORBEES\part-043717_692187-007186.parquet,34344,downloaded,34344,
2026-07-17,NSE,JUNIORBEES,raw_l2/trade_date=2026-07-17/exchange=NSE/symbol=JUNIORBEES/part-044018_193164-007602.parquet,real_data_sample\l2_unseen_validation\trade_date=2026-07-17\exchange=NSE\symbol=JUNIORBEES\part-044018_193164-007602.parquet,36348,downloaded,36348,
2026-07-17,NSE,JUNIORBEES,raw_l2/trade_date=2026-07-17/exchange=NSE/symbol=JUNIORBEES/part-044004_418359-007570.parquet,real_data_sample\l2_unseen_validation\trade_date=2026-07-17\exchange=NSE\symbol=JUNIORBEES\part-044004_418359-007570.parquet,35667,downloaded,35667,
2026-07-17,NSE,JUNIORBEES,raw_l2/trade_date=2026-07-17/exchange=NSE/symbol=JUNIORBEES/part-043950_677412-007538.parquet,real_data_sample\l2_unseen_validation\trade_date=2026-07-17\exchange=NSE\symbol=JUNIORBEES\part-043950_677412-007538.parquet,35591,downloaded,35591,
2026-07-17,NSE,JUNIORBEES,raw_l2/trade_date=2026-07-17/exchange=NSE/symbol=JUNIORBEES/part-044031_936636-007634.parquet,real_data_sample\l2_unseen_validation\trade_date=2026-07-17\exchange=NSE\symbol=JUNIORBEES\part-044031_936636-007634.parquet,35812,downloaded,35812,
2026-07-17,NSE,JUNIORBEES,raw_l2/trade_date=2026-07-17/exchange=NSE/symbol=JUNIORBEES/part-044045_642299-007666.parquet,real_data_sample\l2_unseen_validation\trade_date=2026-07-17\exchange=NSE\symbol=JUNIORBEES\part-044045_642299-007666.parquet,36128,downloaded,36128,
2026-07-17,NSE,JUNIORBEES,raw_l2/trade_date=2026-07-17/exchange=NSE/symbol=JUNIORBEES/part-044221_974414-007890.parquet,real_data_sample\l2_unseen_validation\trade_date=2026-07-17\exchange=NSE\symbol=JUNIORBEES\part-044221_974414-007890.parquet,35571,downloaded,35571,
2026-07-17,NSE,JUNIORBEES,raw_l2/trade_date=2026-07-17/exchange=NSE/symbol=JUNIORBEES/part-044059_308882-007698.parquet,real_data_sample\l2_unseen_validation\trade_date=2026-07-17\exchange=NSE\symbol=JUNIORBEES\part-044059_308882-007698.parquet,36068,downloaded,36068,
2026-07-17,NSE,JUNIORBEES,raw_l2/trade_date=2026-07-17/exchange=NSE/symbol=JUNIORBEES/part-044508_134363-008274.parquet,real_data_sample\l2_unseen_validation\trade_date=2026-07-17\exchange=NSE\symbol=JUNIORBEES\part-044508_134363-008274.parquet,34673,downloaded,34673,
2026-07-17,NSE,JUNIORBEES,raw_l2/trade_date=2026-07-17/exchange=NSE/symbol=JUNIORBEES/part-044630_911795-008466.parquet,real_data_sample\l2_unseen_validation\trade_date=2026-07-17\exchange=NSE\symbol=JUNIORBEES\part-044630_911795-008466.parquet,34616,downloaded,34616,
2026-07-17,NSE,JUNIORBEES,raw_l2/trade_date=2026-07-17/exchange=NSE/symbol=JUNIORBEES/part-044140_636124-007794.parquet,real_data_sample\l2_unseen_validation\trade_date=2026-07-17\exchange=NSE\symbol=JUNIORBEES\part-044140_636124-007794.parquet,35988,downloaded,35988,
2026-07-17,NSE,JUNIORBEES,raw_l2/trade_date=2026-07-17/exchange=NSE/symbol=JUNIORBEES/part-044303_724358-007986.parquet,real_data_sample\l2_unseen_validation\trade_date=2026-07-17\exchange=NSE\symbol=JUNIORBEES\part-044303_724358-007986.parquet,35259,downloaded,35259,
2026-07-17,NSE,JUNIORBEES,raw_l2/trade_date=2026-07-17/exchange=NSE/symbol=JUNIORBEES/part-044317_650200-008018.parquet,real_data_sample\l2_unseen_validation\trade_date=2026-07-17\exchange=NSE\symbol=JUNIORBEES\part-044317_650200-008018.parquet,35514,downloaded,35514,
2026-07-17,NSE,JUNIORBEES,raw_l2/trade_date=2026-07-17/exchange=NSE/symbol=JUNIORBEES/part-044208_105114-007858.parquet,real_data_sample\l2_unseen_validation\trade_date=2026-07-17\exchange=NSE\symbol=JUNIORBEES\part-044208_105114-007858.parquet,36125,downloaded,36125,
2026-07-17,NSE,JUNIORBEES,raw_l2/trade_date=2026-07-17/exchange=NSE/symbol=JUNIORBEES/part-044113_144135-007730.parquet,real_data_sample\l2_unseen_validation\trade_date=2026-07-17\exchange=NSE\symbol=JUNIORBEES\part-044113_144135-007730.parquet,35682,downloaded,35682,
2026-07-17,NSE,JUNIORBEES,raw_l2/trade_date=2026-07-17/exchange=NSE/symbol=JUNIORBEES/part-044426_579281-008178.parquet,real_data_sample\l2_unseen_validation\trade_date=2026-07-17\exchange=NSE\symbol=JUNIORBEES\part-044426_579281-008178.parquet,34595,downloaded,34595,
2026-07-17,NSE,JUNIORBEES,raw_l2/trade_date=2026-07-17/exchange=NSE/symbol=JUNIORBEES/part-044345_398089-008082.parquet,real_data_sample\l2_unseen_validation\trade_date=2026-07-17\exchange=NSE\symbol=JUNIORBEES\part-044345_398089-008082.parquet,35516,downloaded,35516,
2026-07-17,NSE,JUNIORBEES,raw_l2/trade_date=2026-07-17/exchange=NSE/symbol=JUNIORBEES/part-044440_434662-008210.parquet,real_data_sample\l2_unseen_validation\trade_date=2026-07-17\exchange=NSE\symbol=JUNIORBEES\part-044440_434662-008210.parquet,34637,downloaded,34637,
2026-07-17,NSE,JUNIORBEES,raw_l2/trade_date=2026-07-17/exchange=NSE/symbol=JUNIORBEES/part-044603_311501-008402.parquet,real_data_sample\l2_unseen_validation\trade_date=2026-07-17\exchange=NSE\symbol=JUNIORBEES\part-044603_311501-008402.parquet,34662,downloaded,34662,
2026-07-17,NSE,JUNIORBEES,raw_l2/trade_date=2026-07-17/exchange=NSE/symbol=JUNIORBEES/part-044235_968699-007922.parquet,real_data_sample\l2_unseen_validation\trade_date=2026-07-17\exchange=NSE\symbol=JUNIORBEES\part-044235_968699-007922.parquet,35582,downloaded,35582,
2026-07-17,NSE,JUNIORBEES,raw_l2/trade_date=2026-07-17/exchange=NSE/symbol=JUNIORBEES/part-044412_915278-008146.parquet,real_data_sample\l2_unseen_validation\trade_date=2026-07-17\exchange=NSE\symbol=JUNIORBEES\part-044412_915278-008146.parquet,35180,downloaded,35180,
2026-07-17,NSE,JUNIORBEES,raw_l2/trade_date=2026-07-17/exchange=NSE/symbol=JUNIORBEES/part-044359_219816-008114.parquet,real_data_sample\l2_unseen_validation\trade_date=2026-07-17\exchange=NSE\symbol=JUNIORBEES\part-044359_219816-008114.parquet,35132,downloaded,35132,
2026-07-17,NSE,JUNIORBEES,raw_l2/trade_date=2026-07-17/exchange=NSE/symbol=JUNIORBEES/part-044154_367306-007826.parquet,real_data_sample\l2_unseen_validation\trade_date=2026-07-17\exchange=NSE\symbol=JUNIORBEES\part-044154_367306-007826.parquet,36110,downloaded,36110,
2026-07-17,NSE,JUNIORBEES,raw_l2/trade_date=2026-07-17/exchange=NSE/symbol=JUNIORBEES/part-044549_429248-008370.parquet,real_data_sample\l2_unseen_validation\trade_date=2026-07-17\exchange=NSE\symbol=JUNIORBEES\part-044549_429248-008370.parquet,34553,downloaded,34553,
2026-07-17,NSE,JUNIORBEES,raw_l2/trade_date=2026-07-17/exchange=NSE/symbol=JUNIORBEES/part-044331_637444-008050.parquet,real_data_sample\l2_unseen_validation\trade_date=2026-07-17\exchange=NSE\symbol=JUNIORBEES\part-044331_637444-008050.parquet,35498,downloaded,35498,
2026-07-17,NSE,JUNIORBEES,raw_l2/trade_date=2026-07-17/exchange=NSE/symbol=JUNIORBEES/part-044249_956859-007954.parquet,real_data_sample\l2_unseen_validation\trade_date=2026-07-17\exchange=NSE\symbol=JUNIORBEES\part-044249_956859-007954.parquet,35403,downloaded,35403,
2026-07-17,NSE,JUNIORBEES,raw_l2/trade_date=2026-07-17/exchange=NSE/symbol=JUNIORBEES/part-044535_596801-008338.parquet,real_data_sample\l2_unseen_validation\trade_date=2026-07-17\exchange=NSE\symbol=JUNIORBEES\part-044535_596801-008338.parquet,34627,downloaded,34627,
2026-07-17,NSE,JUNIORBEES,raw_l2/trade_date=2026-07-17/exchange=NSE/symbol=JUNIORBEES/part-044617_141350-008434.parquet,real_data_sample\l2_unseen_validation\trade_date=2026-07-17\exchange=NSE\symbol=JUNIORBEES\part-044617_141350-008434.parquet,34707,downloaded,34707,
2026-07-17,NSE,JUNIORBEES,raw_l2/trade_date=2026-07-17/exchange=NSE/symbol=JUNIORBEES/part-044454_388057-008242.parquet,real_data_sample\l2_unseen_validation\trade_date=2026-07-17\exchange=NSE\symbol=JUNIORBEES\part-044454_388057-008242.parquet,34550,downloaded,34550,
2026-07-17,NSE,JUNIORBEES,raw_l2/trade_date=2026-07-17/exchange=NSE/symbol=JUNIORBEES/part-044521_933950-008306.parquet,real_data_sample\l2_unseen_validation\trade_date=2026-07-17\exchange=NSE\symbol=JUNIORBEES\part-044521_933950-008306.parquet,34545,downloaded,34545,
2026-07-17,NSE,JUNIORBEES,raw_l2/trade_date=2026-07-17/exchange=NSE/symbol=JUNIORBEES/part-044658_684328-008530.parquet,real_data_sample\l2_unseen_validation\trade_date=2026-07-17\exchange=NSE\symbol=JUNIORBEES\part-044658_684328-008530.parquet,34652,downloaded,34652,
2026-07-17,NSE,JUNIORBEES,raw_l2/trade_date=2026-07-17/exchange=NSE/symbol=JUNIORBEES/part-044644_913866-008498.parquet,real_data_sample\l2_unseen_validation\trade_date=2026-07-17\exchange=NSE\symbol=JUNIORBEES\part-044644_913866-008498.parquet,34672,downloaded,34672,
2026-07-17,NSE,JUNIORBEES,raw_l2/trade_date=2026-07-17/exchange=NSE/symbol=JUNIORBEES/part-044754_129589-008658.parquet,real_data_sample\l2_unseen_validation\trade_date=2026-07-17\exchange=NSE\symbol=JUNIORBEES\part-044754_129589-008658.parquet,34696,downloaded,34696,
2026-07-17,NSE,JUNIORBEES,raw_l2/trade_date=2026-07-17/exchange=NSE/symbol=JUNIORBEES/part-044726_152852-008594.parquet,real_data_sample\l2_unseen_validation\trade_date=2026-07-17\exchange=NSE\symbol=JUNIORBEES\part-044726_152852-008594.parquet,34669,downloaded,34669,
2026-07-17,NSE,JUNIORBEES,raw_l2/trade_date=2026-07-17/exchange=NSE/symbol=JUNIORBEES/part-044712_412101-008562.parquet,real_data_sample\l2_unseen_validation\trade_date=2026-07-17\exchange=NSE\symbol=JUNIORBEES\part-044712_412101-008562.parquet,34512,downloaded,34512,
2026-07-17,NSE,JUNIORBEES,raw_l2/trade_date=2026-07-17/exchange=NSE/symbol=JUNIORBEES/part-044807_898460-008690.parquet,real_data_sample\l2_unseen_validation\trade_date=2026-07-17\exchange=NSE\symbol=JUNIORBEES\part-044807_898460-008690.parquet,34634,downloaded,34634,
2026-07-17,NSE,JUNIORBEES,raw_l2/trade_date=2026-07-17/exchange=NSE/symbol=JUNIORBEES/part-044740_214490-008626.parquet,real_data_sample\l2_unseen_validation\trade_date=2026-07-17\exchange=NSE\symbol=JUNIORBEES\part-044740_214490-008626.parquet,34657,downloaded,34657,
2026-07-17,NSE,JUNIORBEES,raw_l2/trade_date=2026-07-17/exchange=NSE/symbol=JUNIORBEES/part-044126_871644-007762.parquet,real_data_sample\l2_unseen_validation\trade_date=2026-07-17\exchange=NSE\symbol=JUNIORBEES\part-044126_871644-007762.parquet,35241,downloaded,35241,
2026-07-17,NSE,JUNIORBEES,raw_l2/trade_date=2026-07-17/exchange=NSE/symbol=JUNIORBEES/part-044821_713262-008722.parquet,real_data_sample\l2_unseen_validation\trade_date=2026-07-17\exchange=NSE\symbol=JUNIORBEES\part-044821_713262-008722.parquet,35386,downloaded,35386,
2026-07-17,NSE,JUNIORBEES,raw_l2/trade_date=2026-07-17/exchange=NSE/symbol=JUNIORBEES/part-044835_679813-008754.parquet,real_data_sample\l2_unseen_validation\trade_date=2026-07-17\exchange=NSE\symbol=JUNIORBEES\part-044835_679813-008754.parquet,35506,downloaded,35506,
2026-07-17,NSE,JUNIORBEES,raw_l2/trade_date=2026-07-17/exchange=NSE/symbol=JUNIORBEES/part-044849_364425-008786.parquet,real_data_sample\l2_unseen_validation\trade_date=2026-07-17\exchange=NSE\symbol=JUNIORBEES\part-044849_364425-008786.parquet,35781,downloaded,35781,
2026-07-17,NSE,JUNIORBEES,raw_l2/trade_date=2026-07-17/exchange=NSE/symbol=JUNIORBEES/part-044903_123143-008818.parquet,real_data_sample\l2_unseen_validation\trade_date=2026-07-17\exchange=NSE\symbol=JUNIORBEES\part-044903_123143-008818.parquet,35467,downloaded,35467,
2026-07-17,NSE,JUNIORBEES,raw_l2/trade_date=2026-07-17/exchange=NSE/symbol=JUNIORBEES/part-044916_908662-008850.parquet,real_data_sample\l2_unseen_validation\trade_date=2026-07-17\exchange=NSE\symbol=JUNIORBEES\part-044916_908662-008850.parquet,35398,downloaded,35398,
2026-07-17,NSE,JUNIORBEES,raw_l2/trade_date=2026-07-17/exchange=NSE/symbol=JUNIORBEES/part-044930_660760-008882.parquet,real_data_sample\l2_unseen_validation\trade_date=2026-07-17\exchange=NSE\symbol=JUNIORBEES\part-044930_660760-008882.parquet,35560,downloaded,35560,
2026-07-17,NSE,JUNIORBEES,raw_l2/trade_date=2026-07-17/exchange=NSE/symbol=JUNIORBEES/part-045120_927998-009138.parquet,real_data_sample\l2_unseen_validation\trade_date=2026-07-17\exchange=NSE\symbol=JUNIORBEES\part-045120_927998-009138.parquet,35978,downloaded,35978,
2026-07-17,NSE,JUNIORBEES,raw_l2/trade_date=2026-07-17/exchange=NSE/symbol=JUNIORBEES/part-044944_432098-008914.parquet,real_data_sample\l2_unseen_validation\trade_date=2026-07-17\exchange=NSE\symbol=JUNIORBEES\part-044944_432098-008914.parquet,35371,downloaded,35371,
2026-07-17,NSE,JUNIORBEES,raw_l2/trade_date=2026-07-17/exchange=NSE/symbol=JUNIORBEES/part-045025_528109-009010.parquet,real_data_sample\l2_unseen_validation\trade_date=2026-07-17\exchange=NSE\symbol=JUNIORBEES\part-045025_528109-009010.parquet,35825,downloaded,35825,
2026-07-17,NSE,JUNIORBEES,raw_l2/trade_date=2026-07-17/exchange=NSE/symbol=JUNIORBEES/part-045106_856596-009106.parquet,real_data_sample\l2_unseen_validation\trade_date=2026-07-17\exchange=NSE\symbol=JUNIORBEES\part-045106_856596-009106.parquet,35643,downloaded,35643,
2026-07-17,NSE,JUNIORBEES,raw_l2/trade_date=2026-07-17/exchange=NSE/symbol=JUNIORBEES/part-045148_666731-009202.parquet,real_data_sample\l2_unseen_validation\trade_date=2026-07-17\exchange=NSE\symbol=JUNIORBEES\part-045148_666731-009202.parquet,35547,downloaded,35547,
2026-07-17,NSE,JUNIORBEES,raw_l2/trade_date=2026-07-17/exchange=NSE/symbol=JUNIORBEES/part-045216_588947-009266.parquet,real_data_sample\l2_unseen_validation\trade_date=2026-07-17\exchange=NSE\symbol=JUNIORBEES\part-045216_588947-009266.parquet,35357,downloaded,35357,
2026-07-17,NSE,JUNIORBEES,raw_l2/trade_date=2026-07-17/exchange=NSE/symbol=JUNIORBEES/part-045052_834371-009074.parquet,real_data_sample\l2_unseen_validation\trade_date=2026-07-17\exchange=NSE\symbol=JUNIORBEES\part-045052_834371-009074.parquet,35750,downloaded,35750,
2026-07-17,NSE,JUNIORBEES,raw_l2/trade_date=2026-07-17/exchange=NSE/symbol=JUNIORBEES/part-044958_115275-008946.parquet,real_data_sample\l2_unseen_validation\trade_date=2026-07-17\exchange=NSE\symbol=JUNIORBEES\part-044958_115275-008946.parquet,35259,downloaded,35259,
2026-07-17,NSE,JUNIORBEES,raw_l2/trade_date=2026-07-17/exchange=NSE/symbol=JUNIORBEES/part-045039_131091-009042.parquet,real_data_sample\l2_unseen_validation\trade_date=2026-07-17\exchange=NSE\symbol=JUNIORBEES\part-045039_131091-009042.parquet,35812,downloaded,35812,
2026-07-17,NSE,JUNIORBEES,raw_l2/trade_date=2026-07-17/exchange=NSE/symbol=JUNIORBEES/part-045339_949129-009458.parquet,real_data_sample\l2_unseen_validation\trade_date=2026-07-17\exchange=NSE\symbol=JUNIORBEES\part-045339_949129-009458.parquet,35509,downloaded,35509,
2026-07-17,NSE,JUNIORBEES,raw_l2/trade_date=2026-07-17/exchange=NSE/symbol=JUNIORBEES/part-045011_830926-008978.parquet,real_data_sample\l2_unseen_validation\trade_date=2026-07-17\exchange=NSE\symbol=JUNIORBEES\part-045011_830926-008978.parquet,35686,downloaded,35686,
2026-07-17,NSE,JUNIORBEES,raw_l2/trade_date=2026-07-17/exchange=NSE/symbol=JUNIORBEES/part-045354_019308-009490.parquet,real_data_sample\l2_unseen_validation\trade_date=2026-07-17\exchange=NSE\symbol=JUNIORBEES\part-045354_019308-009490.parquet,35733,downloaded,35733,
2026-07-17,NSE,JUNIORBEES,raw_l2/trade_date=2026-07-17/exchange=NSE/symbol=JUNIORBEES/part-045202_808749-009234.parquet,real_data_sample\l2_unseen_validation\trade_date=2026-07-17\exchange=NSE\symbol=JUNIORBEES\part-045202_808749-009234.parquet,35502,downloaded,35502,
2026-07-17,NSE,JUNIORBEES,raw_l2/trade_date=2026-07-17/exchange=NSE/symbol=JUNIORBEES/part-045258_235777-009362.parquet,real_data_sample\l2_unseen_validation\trade_date=2026-07-17\exchange=NSE\symbol=JUNIORBEES\part-045258_235777-009362.parquet,35624,downloaded,35624,
2026-07-17,NSE,JUNIORBEES,raw_l2/trade_date=2026-07-17/exchange=NSE/symbol=JUNIORBEES/part-045312_224369-009394.parquet,real_data_sample\l2_unseen_validation\trade_date=2026-07-17\exchange=NSE\symbol=JUNIORBEES\part-045312_224369-009394.parquet,35825,downloaded,35825,
2026-07-17,NSE,JUNIORBEES,raw_l2/trade_date=2026-07-17/exchange=NSE/symbol=JUNIORBEES/part-045407_995819-009522.parquet,real_data_sample\l2_unseen_validation\trade_date=2026-07-17\exchange=NSE\symbol=JUNIORBEES\part-045407_995819-009522.parquet,36207,downloaded,36207,
2026-07-17,NSE,JUNIORBEES,raw_l2/trade_date=2026-07-17/exchange=NSE/symbol=JUNIORBEES/part-045244_191937-009330.parquet,real_data_sample\l2_unseen_validation\trade_date=2026-07-17\exchange=NSE\symbol=JUNIORBEES\part-045244_191937-009330.parquet,35844,downloaded,35844,
2026-07-17,NSE,JUNIORBEES,raw_l2/trade_date=2026-07-17/exchange=NSE/symbol=JUNIORBEES/part-045230_475829-009298.parquet,real_data_sample\l2_unseen_validation\trade_date=2026-07-17\exchange=NSE\symbol=JUNIORBEES\part-045230_475829-009298.parquet,35443,downloaded,35443,
2026-07-17,NSE,JUNIORBEES,raw_l2/trade_date=2026-07-17/exchange=NSE/symbol=JUNIORBEES/part-045422_047448-009554.parquet,real_data_sample\l2_unseen_validation\trade_date=2026-07-17\exchange=NSE\symbol=JUNIORBEES\part-045422_047448-009554.parquet,36010,downloaded,36010,
2026-07-17,NSE,JUNIORBEES,raw_l2/trade_date=2026-07-17/exchange=NSE/symbol=JUNIORBEES/part-045134_789740-009170.parquet,real_data_sample\l2_unseen_validation\trade_date=2026-07-17\exchange=NSE\symbol=JUNIORBEES\part-045134_789740-009170.parquet,35601,downloaded,35601,
2026-07-17,NSE,JUNIORBEES,raw_l2/trade_date=2026-07-17/exchange=NSE/symbol=JUNIORBEES/part-045326_208744-009426.parquet,real_data_sample\l2_unseen_validation\trade_date=2026-07-17\exchange=NSE\symbol=JUNIORBEES\part-045326_208744-009426.parquet,35815,downloaded,35815,
2026-07-17,NSE,JUNIORBEES,raw_l2/trade_date=2026-07-17/exchange=NSE/symbol=JUNIORBEES/part-045450_044381-009618.parquet,real_data_sample\l2_unseen_validation\trade_date=2026-07-17\exchange=NSE\symbol=JUNIORBEES\part-045450_044381-009618.parquet,35808,downloaded,35808,
2026-07-17,NSE,JUNIORBEES,raw_l2/trade_date=2026-07-17/exchange=NSE/symbol=JUNIORBEES/part-045436_035260-009586.parquet,real_data_sample\l2_unseen_validation\trade_date=2026-07-17\exchange=NSE\symbol=JUNIORBEES\part-045436_035260-009586.parquet,35842,downloaded,35842,
2026-07-17,NSE,JUNIORBEES,raw_l2/trade_date=2026-07-17/exchange=NSE/symbol=JUNIORBEES/part-045518_340481-009682.parquet,real_data_sample\l2_unseen_validation\trade_date=2026-07-17\exchange=NSE\symbol=JUNIORBEES\part-045518_340481-009682.parquet,35508,downloaded,35508,
2026-07-17,NSE,JUNIORBEES,raw_l2/trade_date=2026-07-17/exchange=NSE/symbol=JUNIORBEES/part-045532_251901-009714.parquet,real_data_sample\l2_unseen_validation\trade_date=2026-07-17\exchange=NSE\symbol=JUNIORBEES\part-045532_251901-009714.parquet,35377,downloaded,35377,
2026-07-17,NSE,JUNIORBEES,raw_l2/trade_date=2026-07-17/exchange=NSE/symbol=JUNIORBEES/part-045504_173442-009650.parquet,real_data_sample\l2_unseen_validation\trade_date=2026-07-17\exchange=NSE\symbol=JUNIORBEES\part-045504_173442-009650.parquet,35613,downloaded,35613,
2026-07-17,NSE,JUNIORBEES,raw_l2/trade_date=2026-07-17/exchange=NSE/symbol=JUNIORBEES/part-045546_233812-009746.parquet,real_data_sample\l2_unseen_validation\trade_date=2026-07-17\exchange=NSE\symbol=JUNIORBEES\part-045546_233812-009746.parquet,35749,downloaded,35749,
2026-07-17,NSE,JUNIORBEES,raw_l2/trade_date=2026-07-17/exchange=NSE/symbol=JUNIORBEES/part-045753_481071-010034.parquet,real_data_sample\l2_unseen_validation\trade_date=2026-07-17\exchange=NSE\symbol=JUNIORBEES\part-045753_481071-010034.parquet,35512,downloaded,35512,
2026-07-17,NSE,JUNIORBEES,raw_l2/trade_date=2026-07-17/exchange=NSE/symbol=JUNIORBEES/part-045614_258673-009810.parquet,real_data_sample\l2_unseen_validation\trade_date=2026-07-17\exchange=NSE\symbol=JUNIORBEES\part-045614_258673-009810.parquet,35497,downloaded,35497,
2026-07-17,NSE,JUNIORBEES,raw_l2/trade_date=2026-07-17/exchange=NSE/symbol=JUNIORBEES/part-045711_108603-009938.parquet,real_data_sample\l2_unseen_validation\trade_date=2026-07-17\exchange=NSE\symbol=JUNIORBEES\part-045711_108603-009938.parquet,35157,downloaded,35157,
2026-07-17,NSE,JUNIORBEES,raw_l2/trade_date=2026-07-17/exchange=NSE/symbol=JUNIORBEES/part-045725_298141-009970.parquet,real_data_sample\l2_unseen_validation\trade_date=2026-07-17\exchange=NSE\symbol=JUNIORBEES\part-045725_298141-009970.parquet,35536,downloaded,35536,
2026-07-17,NSE,JUNIORBEES,raw_l2/trade_date=2026-07-17/exchange=NSE/symbol=JUNIORBEES/part-045628_461555-009842.parquet,real_data_sample\l2_unseen_validation\trade_date=2026-07-17\exchange=NSE\symbol=JUNIORBEES\part-045628_461555-009842.parquet,35648,downloaded,35648,
2026-07-17,NSE,JUNIORBEES,raw_l2/trade_date=2026-07-17/exchange=NSE/symbol=JUNIORBEES/part-045656_932340-009906.parquet,real_data_sample\l2_unseen_validation\trade_date=2026-07-17\exchange=NSE\symbol=JUNIORBEES\part-045656_932340-009906.parquet,35387,downloaded,35387,
2026-07-17,NSE,JUNIORBEES,raw_l2/trade_date=2026-07-17/exchange=NSE/symbol=JUNIORBEES/part-045600_238879-009778.parquet,real_data_sample\l2_unseen_validation\trade_date=2026-07-17\exchange=NSE\symbol=JUNIORBEES\part-045600_238879-009778.parquet,35778,downloaded,35778,
2026-07-17,NSE,JUNIORBEES,raw_l2/trade_date=2026-07-17/exchange=NSE/symbol=JUNIORBEES/part-045739_275252-010002.parquet,real_data_sample\l2_unseen_validation\trade_date=2026-07-17\exchange=NSE\symbol=JUNIORBEES\part-045739_275252-010002.parquet,35570,downloaded,35570,
2026-07-17,NSE,JUNIORBEES,raw_l2/trade_date=2026-07-17/exchange=NSE/symbol=JUNIORBEES/part-045821_653610-010098.parquet,real_data_sample\l2_unseen_validation\trade_date=2026-07-17\exchange=NSE\symbol=JUNIORBEES\part-045821_653610-010098.parquet,35338,downloaded,35338,
2026-07-17,NSE,JUNIORBEES,raw_l2/trade_date=2026-07-17/exchange=NSE/symbol=JUNIORBEES/part-045642_542758-009874.parquet,real_data_sample\l2_unseen_validation\trade_date=2026-07-17\exchange=NSE\symbol=JUNIORBEES\part-045642_542758-009874.parquet,35342,downloaded,35342,
2026-07-17,NSE,JUNIORBEES,raw_l2/trade_date=2026-07-17/exchange=NSE/symbol=JUNIORBEES/part-045917_708373-010226.parquet,real_data_sample\l2_unseen_validation\trade_date=2026-07-17\exchange=NSE\symbol=JUNIORBEES\part-045917_708373-010226.parquet,35727,downloaded,35727,
2026-07-17,NSE,JUNIORBEES,raw_l2/trade_date=2026-07-17/exchange=NSE/symbol=JUNIORBEES/part-050028_219233-010386.parquet,real_data_sample\l2_unseen_validation\trade_date=2026-07-17\exchange=NSE\symbol=JUNIORBEES\part-050028_219233-010386.parquet,35342,downloaded,35342,
2026-07-17,NSE,JUNIORBEES,raw_l2/trade_date=2026-07-17/exchange=NSE/symbol=JUNIORBEES/part-050000_482071-010322.parquet,real_data_sample\l2_unseen_validation\trade_date=2026-07-17\exchange=NSE\symbol=JUNIORBEES\part-050000_482071-010322.parquet,35480,downloaded,35480,
2026-07-17,NSE,JUNIORBEES,raw_l2/trade_date=2026-07-17/exchange=NSE/symbol=JUNIORBEES/part-050014_349051-010354.parquet,real_data_sample\l2_unseen_validation\trade_date=2026-07-17\exchange=NSE\symbol=JUNIORBEES\part-050014_349051-010354.parquet,35452,downloaded,35452,
2026-07-17,NSE,JUNIORBEES,raw_l2/trade_date=2026-07-17/exchange=NSE/symbol=JUNIORBEES/part-045903_884975-010194.parquet,real_data_sample\l2_unseen_validation\trade_date=2026-07-17\exchange=NSE\symbol=JUNIORBEES\part-045903_884975-010194.parquet,35624,downloaded,35624,
2026-07-17,NSE,JUNIORBEES,raw_l2/trade_date=2026-07-17/exchange=NSE/symbol=JUNIORBEES/part-045931_974668-010258.parquet,real_data_sample\l2_unseen_validation\trade_date=2026-07-17\exchange=NSE\symbol=JUNIORBEES\part-045931_974668-010258.parquet,35510,downloaded,35510,
2026-07-17,NSE,JUNIORBEES,raw_l2/trade_date=2026-07-17/exchange=NSE/symbol=JUNIORBEES/part-045946_065399-010290.parquet,real_data_sample\l2_unseen_validation\trade_date=2026-07-17\exchange=NSE\symbol=JUNIORBEES\part-045946_065399-010290.parquet,35297,downloaded,35297,
2026-07-17,NSE,JUNIORBEES,raw_l2/trade_date=2026-07-17/exchange=NSE/symbol=JUNIORBEES/part-045850_201909-010162.parquet,real_data_sample\l2_unseen_validation\trade_date=2026-07-17\exchange=NSE\symbol=JUNIORBEES\part-045850_201909-010162.parquet,35472,downloaded,35472,
2026-07-17,NSE,JUNIORBEES,raw_l2/trade_date=2026-07-17/exchange=NSE/symbol=JUNIORBEES/part-045835_847412-010130.parquet,real_data_sample\l2_unseen_validation\trade_date=2026-07-17\exchange=NSE\symbol=JUNIORBEES\part-045835_847412-010130.parquet,35347,downloaded,35347,
2026-07-17,NSE,JUNIORBEES,raw_l2/trade_date=2026-07-17/exchange=NSE/symbol=JUNIORBEES/part-045807_654274-010066.parquet,real_data_sample\l2_unseen_validation\trade_date=2026-07-17\exchange=NSE\symbol=JUNIORBEES\part-045807_654274-010066.parquet,35471,downloaded,35471,
2026-07-17,NSE,JUNIORBEES,raw_l2/trade_date=2026-07-17/exchange=NSE/symbol=JUNIORBEES/part-050042_049114-010418.parquet,real_data_sample\l2_unseen_validation\trade_date=2026-07-17\exchange=NSE\symbol=JUNIORBEES\part-050042_049114-010418.parquet,35325,downloaded,35325,
2026-07-17,NSE,JUNIORBEES,raw_l2/trade_date=2026-07-17/exchange=NSE/symbol=JUNIORBEES/part-050234_550921-010674.parquet,real_data_sample\l2_unseen_validation\trade_date=2026-07-17\exchange=NSE\symbol=JUNIORBEES\part-050234_550921-010674.parquet,35264,downloaded,35264,
2026-07-17,NSE,JUNIORBEES,raw_l2/trade_date=2026-07-17/exchange=NSE/symbol=JUNIORBEES/part-050151_861791-010578.parquet,real_data_sample\l2_unseen_validation\trade_date=2026-07-17\exchange=NSE\symbol=JUNIORBEES\part-050151_861791-010578.parquet,35386,downloaded,35386,
2026-07-17,NSE,JUNIORBEES,raw_l2/trade_date=2026-07-17/exchange=NSE/symbol=JUNIORBEES/part-050220_420068-010642.parquet,real_data_sample\l2_unseen_validation\trade_date=2026-07-17\exchange=NSE\symbol=JUNIORBEES\part-050220_420068-010642.parquet,35049,downloaded,35049,
2026-07-17,NSE,JUNIORBEES,raw_l2/trade_date=2026-07-17/exchange=NSE/symbol=JUNIORBEES/part-050248_927510-010706.parquet,real_data_sample\l2_unseen_validation\trade_date=2026-07-17\exchange=NSE\symbol=JUNIORBEES\part-050248_927510-010706.parquet,35274,downloaded,35274,
2026-07-17,NSE,JUNIORBEES,raw_l2/trade_date=2026-07-17/exchange=NSE/symbol=JUNIORBEES/part-050123_924345-010514.parquet,real_data_sample\l2_unseen_validation\trade_date=2026-07-17\exchange=NSE\symbol=JUNIORBEES\part-050123_924345-010514.parquet,35409,downloaded,35409,
2026-07-17,NSE,JUNIORBEES,raw_l2/trade_date=2026-07-17/exchange=NSE/symbol=JUNIORBEES/part-050206_271471-010610.parquet,real_data_sample\l2_unseen_validation\trade_date=2026-07-17\exchange=NSE\symbol=JUNIORBEES\part-050206_271471-010610.parquet,35416,downloaded,35416,
2026-07-17,NSE,JUNIORBEES,raw_l2/trade_date=2026-07-17/exchange=NSE/symbol=JUNIORBEES/part-050303_151510-010738.parquet,real_data_sample\l2_unseen_validation\trade_date=2026-07-17\exchange=NSE\symbol=JUNIORBEES\part-050303_151510-010738.parquet,35215,downloaded,35215,
2026-07-17,NSE,JUNIORBEES,raw_l2/trade_date=2026-07-17/exchange=NSE/symbol=JUNIORBEES/part-050137_820394-010546.parquet,real_data_sample\l2_unseen_validation\trade_date=2026-07-17\exchange=NSE\symbol=JUNIORBEES\part-050137_820394-010546.parquet,35693,downloaded,35693,
2026-07-17,NSE,JUNIORBEES,raw_l2/trade_date=2026-07-17/exchange=NSE/symbol=JUNIORBEES/part-050055_998932-010450.parquet,real_data_sample\l2_unseen_validation\trade_date=2026-07-17\exchange=NSE\symbol=JUNIORBEES\part-050055_998932-010450.parquet,35831,downloaded,35831,
2026-07-17,NSE,JUNIORBEES,raw_l2/trade_date=2026-07-17/exchange=NSE/symbol=JUNIORBEES/part-050109_982549-010482.parquet,real_data_sample\l2_unseen_validation\trade_date=2026-07-17\exchange=NSE\symbol=JUNIORBEES\part-050109_982549-010482.parquet,35875,downloaded,35875,
2026-07-17,NSE,JUNIORBEES,raw_l2/trade_date=2026-07-17/exchange=NSE/symbol=JUNIORBEES/part-050317_510837-010770.parquet,real_data_sample\l2_unseen_validation\trade_date=2026-07-17\exchange=NSE\symbol=JUNIORBEES\part-050317_510837-010770.parquet,35510,downloaded,35510,
2026-07-17,NSE,JUNIORBEES,raw_l2/trade_date=2026-07-17/exchange=NSE/symbol=JUNIORBEES/part-050703_247579-011282.parquet,real_data_sample\l2_unseen_validation\trade_date=2026-07-17\exchange=NSE\symbol=JUNIORBEES\part-050703_247579-011282.parquet,35349,downloaded,35349,
2026-07-17,NSE,JUNIORBEES,raw_l2/trade_date=2026-07-17/exchange=NSE/symbol=JUNIORBEES/part-050649_225711-011250.parquet,real_data_sample\l2_unseen_validation\trade_date=2026-07-17\exchange=NSE\symbol=JUNIORBEES\part-050649_225711-011250.parquet,35380,downloaded,35380,
2026-07-17,NSE,JUNIORBEES,raw_l2/trade_date=2026-07-17/exchange=NSE/symbol=JUNIORBEES/part-050413_926384-010898.parquet,real_data_sample\l2_unseen_validation\trade_date=2026-07-17\exchange=NSE\symbol=JUNIORBEES\part-050413_926384-010898.parquet,35049,downloaded,35049,
2026-07-17,NSE,JUNIORBEES,raw_l2/trade_date=2026-07-17/exchange=NSE/symbol=JUNIORBEES/part-050840_401402-011506.parquet,real_data_sample\l2_unseen_validation\trade_date=2026-07-17\exchange=NSE\symbol=JUNIORBEES\part-050840_401402-011506.parquet,35445,downloaded,35445,
2026-07-17,NSE,JUNIORBEES,raw_l2/trade_date=2026-07-17/exchange=NSE/symbol=JUNIORBEES/part-050619_931102-011186.parquet,real_data_sample\l2_unseen_validation\trade_date=2026-07-17\exchange=NSE\symbol=JUNIORBEES\part-050619_931102-011186.parquet,35464,downloaded,35464,
2026-07-17,NSE,JUNIORBEES,raw_l2/trade_date=2026-07-17/exchange=NSE/symbol=JUNIORBEES/part-050731_405107-011346.parquet,real_data_sample\l2_unseen_validation\trade_date=2026-07-17\exchange=NSE\symbol=JUNIORBEES\part-050731_405107-011346.parquet,35439,downloaded,35439,
2026-07-17,NSE,JUNIORBEES,raw_l2/trade_date=2026-07-17/exchange=NSE/symbol=JUNIORBEES/part-050745_095164-011378.parquet,real_data_sample\l2_unseen_validation\trade_date=2026-07-17\exchange=NSE\symbol=JUNIORBEES\part-050745_095164-011378.parquet,35602,downloaded,35602,
2026-07-17,NSE,JUNIORBEES,raw_l2/trade_date=2026-07-17/exchange=NSE/symbol=JUNIORBEES/part-050717_435554-011314.parquet,real_data_sample\l2_unseen_validation\trade_date=2026-07-17\exchange=NSE\symbol=JUNIORBEES\part-050717_435554-011314.parquet,35213,downloaded,35213,
2026-07-17,NSE,JUNIORBEES,raw_l2/trade_date=2026-07-17/exchange=NSE/symbol=JUNIORBEES/part-050758_873308-011410.parquet,real_data_sample\l2_unseen_validation\trade_date=2026-07-17\exchange=NSE\symbol=JUNIORBEES\part-050758_873308-011410.parquet,35595,downloaded,35595,
2026-07-17,NSE,JUNIORBEES,raw_l2/trade_date=2026-07-17/exchange=NSE/symbol=JUNIORBEES/part-050935_884581-011634.parquet,real_data_sample\l2_unseen_validation\trade_date=2026-07-17\exchange=NSE\symbol=JUNIORBEES\part-050935_884581-011634.parquet,35621,downloaded,35621,
2026-07-17,NSE,JUNIORBEES,raw_l2/trade_date=2026-07-17/exchange=NSE/symbol=JUNIORBEES/part-050908_197957-011570.parquet,real_data_sample\l2_unseen_validation\trade_date=2026-07-17\exchange=NSE\symbol=JUNIORBEES\part-050908_197957-011570.parquet,35596,downloaded,35596,
2026-07-17,NSE,JUNIORBEES,raw_l2/trade_date=2026-07-17/exchange=NSE/symbol=JUNIORBEES/part-050949_581291-011666.parquet,real_data_sample\l2_unseen_validation\trade_date=2026-07-17\exchange=NSE\symbol=JUNIORBEES\part-050949_581291-011666.parquet,35559,downloaded,35559,
2026-07-17,NSE,JUNIORBEES,raw_l2/trade_date=2026-07-17/exchange=NSE/symbol=JUNIORBEES/part-050826_640054-011474.parquet,real_data_sample\l2_unseen_validation\trade_date=2026-07-17\exchange=NSE\symbol=JUNIORBEES\part-050826_640054-011474.parquet,35213,downloaded,35213,
2026-07-17,NSE,JUNIORBEES,raw_l2/trade_date=2026-07-17/exchange=NSE/symbol=JUNIORBEES/part-050854_072569-011538.parquet,real_data_sample\l2_unseen_validation\trade_date=2026-07-17\exchange=NSE\symbol=JUNIORBEES\part-050854_072569-011538.parquet,35576,downloaded,35576,
2026-07-17,NSE,JUNIORBEES,raw_l2/trade_date=2026-07-17/exchange=NSE/symbol=JUNIORBEES/part-050921_883879-011602.parquet,real_data_sample\l2_unseen_validation\trade_date=2026-07-17\exchange=NSE\symbol=JUNIORBEES\part-050921_883879-011602.parquet,35321,downloaded,35321,
2026-07-17,NSE,JUNIORBEES,raw_l2/trade_date=2026-07-17/exchange=NSE/symbol=JUNIORBEES/part-051003_617554-011698.parquet,real_data_sample\l2_unseen_validation\trade_date=2026-07-17\exchange=NSE\symbol=JUNIORBEES\part-051003_617554-011698.parquet,35176,downloaded,35176,
2026-07-17,NSE,JUNIORBEES,raw_l2/trade_date=2026-07-17/exchange=NSE/symbol=JUNIORBEES/part-050812_873893-011442.parquet,real_data_sample\l2_unseen_validation\trade_date=2026-07-17\exchange=NSE\symbol=JUNIORBEES\part-050812_873893-011442.parquet,35427,downloaded,35427,
2026-07-17,NSE,JUNIORBEES,raw_l2/trade_date=2026-07-17/exchange=NSE/symbol=JUNIORBEES/part-051017_325501-011730.parquet,real_data_sample\l2_unseen_validation\trade_date=2026-07-17\exchange=NSE\symbol=JUNIORBEES\part-051017_325501-011730.parquet,35778,downloaded,35778,
2026-07-17,NSE,JUNIORBEES,raw_l2/trade_date=2026-07-17/exchange=NSE/symbol=JUNIORBEES/part-051031_132341-011762.parquet,real_data_sample\l2_unseen_validation\trade_date=2026-07-17\exchange=NSE\symbol=JUNIORBEES\part-051031_132341-011762.parquet,35248,downloaded,35248,
2026-07-17,NSE,JUNIORBEES,raw_l2/trade_date=2026-07-17/exchange=NSE/symbol=JUNIORBEES/part-051112_634452-011858.parquet,real_data_sample\l2_unseen_validation\trade_date=2026-07-17\exchange=NSE\symbol=JUNIORBEES\part-051112_634452-011858.parquet,35375,downloaded,35375,
2026-07-17,NSE,JUNIORBEES,raw_l2/trade_date=2026-07-17/exchange=NSE/symbol=JUNIORBEES/part-051058_688989-011826.parquet,real_data_sample\l2_unseen_validation\trade_date=2026-07-17\exchange=NSE\symbol=JUNIORBEES\part-051058_688989-011826.parquet,35286,downloaded,35286,
2026-07-17,NSE,JUNIORBEES,raw_l2/trade_date=2026-07-17/exchange=NSE/symbol=JUNIORBEES/part-051044_999531-011794.parquet,real_data_sample\l2_unseen_validation\trade_date=2026-07-17\exchange=NSE\symbol=JUNIORBEES\part-051044_999531-011794.parquet,35021,downloaded,35021,
2026-07-17,NSE,JUNIORBEES,raw_l2/trade_date=2026-07-17/exchange=NSE/symbol=JUNIORBEES/part-051140_845258-011922.parquet,real_data_sample\l2_unseen_validation\trade_date=2026-07-17\exchange=NSE\symbol=JUNIORBEES\part-051140_845258-011922.parquet,35456,downloaded,35456,
2026-07-17,NSE,JUNIORBEES,raw_l2/trade_date=2026-07-17/exchange=NSE/symbol=JUNIORBEES/part-051304_399786-012114.parquet,real_data_sample\l2_unseen_validation\trade_date=2026-07-17\exchange=NSE\symbol=JUNIORBEES\part-051304_399786-012114.parquet,35189,downloaded,35189,
2026-07-17,NSE,JUNIORBEES,raw_l2/trade_date=2026-07-17/exchange=NSE/symbol=JUNIORBEES/part-051222_640446-012018.parquet,real_data_sample\l2_unseen_validation\trade_date=2026-07-17\exchange=NSE\symbol=JUNIORBEES\part-051222_640446-012018.parquet,35016,downloaded,35016,
2026-07-17,NSE,JUNIORBEES,raw_l2/trade_date=2026-07-17/exchange=NSE/symbol=JUNIORBEES/part-051126_635748-011890.parquet,real_data_sample\l2_unseen_validation\trade_date=2026-07-17\exchange=NSE\symbol=JUNIORBEES\part-051126_635748-011890.parquet,35243,downloaded,35243,
2026-07-17,NSE,JUNIORBEES,raw_l2/trade_date=2026-07-17/exchange=NSE/symbol=JUNIORBEES/part-051208_774443-011986.parquet,real_data_sample\l2_unseen_validation\trade_date=2026-07-17\exchange=NSE\symbol=JUNIORBEES\part-051208_774443-011986.parquet,35129,downloaded,35129,
2026-07-17,NSE,JUNIORBEES,raw_l2/trade_date=2026-07-17/exchange=NSE/symbol=JUNIORBEES/part-051154_708330-011954.parquet,real_data_sample\l2_unseen_validation\trade_date=2026-07-17\exchange=NSE\symbol=JUNIORBEES\part-051154_708330-011954.parquet,35510,downloaded,35510,
2026-07-17,NSE,JUNIORBEES,raw_l2/trade_date=2026-07-17/exchange=NSE/symbol=JUNIORBEES/part-051250_477234-012082.parquet,real_data_sample\l2_unseen_validation\trade_date=2026-07-17\exchange=NSE\symbol=JUNIORBEES\part-051250_477234-012082.parquet,35169,downloaded,35169,
2026-07-17,NSE,JUNIORBEES,raw_l2/trade_date=2026-07-17/exchange=NSE/symbol=JUNIORBEES/part-051236_561113-012050.parquet,real_data_sample\l2_unseen_validation\trade_date=2026-07-17\exchange=NSE\symbol=JUNIORBEES\part-051236_561113-012050.parquet,35314,downloaded,35314,
2026-07-17,NSE,JUNIORBEES,raw_l2/trade_date=2026-07-17/exchange=NSE/symbol=JUNIORBEES/part-051319_048548-012146.parquet,real_data_sample\l2_unseen_validation\trade_date=2026-07-17\exchange=NSE\symbol=JUNIORBEES\part-051319_048548-012146.parquet,35545,downloaded,35545,
2026-07-17,NSE,JUNIORBEES,raw_l2/trade_date=2026-07-17/exchange=NSE/symbol=JUNIORBEES/part-051348_270725-012210.parquet,real_data_sample\l2_unseen_validation\trade_date=2026-07-17\exchange=NSE\symbol=JUNIORBEES\part-051348_270725-012210.parquet,35362,downloaded,35362,
2026-07-17,NSE,JUNIORBEES,raw_l2/trade_date=2026-07-17/exchange=NSE/symbol=JUNIORBEES/part-051333_335186-012178.parquet,real_data_sample\l2_unseen_validation\trade_date=2026-07-17\exchange=NSE\symbol=JUNIORBEES\part-051333_335186-012178.parquet,35720,downloaded,35720,
2026-07-17,NSE,JUNIORBEES,raw_l2/trade_date=2026-07-17/exchange=NSE/symbol=JUNIORBEES/part-051403_429072-012242.parquet,real_data_sample\l2_unseen_validation\trade_date=2026-07-17\exchange=NSE\symbol=JUNIORBEES\part-051403_429072-012242.parquet,35701,downloaded,35701,
2026-07-17,NSE,JUNIORBEES,raw_l2/trade_date=2026-07-17/exchange=NSE/symbol=JUNIORBEES/part-051541_875823-012466.parquet,real_data_sample\l2_unseen_validation\trade_date=2026-07-17\exchange=NSE\symbol=JUNIORBEES\part-051541_875823-012466.parquet,35847,downloaded,35847,
2026-07-17,NSE,JUNIORBEES,raw_l2/trade_date=2026-07-17/exchange=NSE/symbol=JUNIORBEES/part-051432_675676-012306.parquet,real_data_sample\l2_unseen_validation\trade_date=2026-07-17\exchange=NSE\symbol=JUNIORBEES\part-051432_675676-012306.parquet,35780,downloaded,35780,
2026-07-17,NSE,JUNIORBEES,raw_l2/trade_date=2026-07-17/exchange=NSE/symbol=JUNIORBEES/part-051446_433935-012338.parquet,real_data_sample\l2_unseen_validation\trade_date=2026-07-17\exchange=NSE\symbol=JUNIORBEES\part-051446_433935-012338.parquet,35156,downloaded,35156,
2026-07-17,NSE,JUNIORBEES,raw_l2/trade_date=2026-07-17/exchange=NSE/symbol=JUNIORBEES/part-051417_789325-012274.parquet,real_data_sample\l2_unseen_validation\trade_date=2026-07-17\exchange=NSE\symbol=JUNIORBEES\part-051417_789325-012274.parquet,35798,downloaded,35798,
2026-07-17,NSE,JUNIORBEES,raw_l2/trade_date=2026-07-17/exchange=NSE/symbol=JUNIORBEES/part-051500_366330-012370.parquet,real_data_sample\l2_unseen_validation\trade_date=2026-07-17\exchange=NSE\symbol=JUNIORBEES\part-051500_366330-012370.parquet,35921,downloaded,35921,
2026-07-17,NSE,JUNIORBEES,raw_l2/trade_date=2026-07-17/exchange=NSE/symbol=JUNIORBEES/part-051556_269772-012498.parquet,real_data_sample\l2_unseen_validation\trade_date=2026-07-17\exchange=NSE\symbol=JUNIORBEES\part-051556_269772-012498.parquet,35682,downloaded,35682,
2026-07-17,NSE,JUNIORBEES,raw_l2/trade_date=2026-07-17/exchange=NSE/symbol=JUNIORBEES/part-051514_165868-012402.parquet,real_data_sample\l2_unseen_validation\trade_date=2026-07-17\exchange=NSE\symbol=JUNIORBEES\part-051514_165868-012402.parquet,36032,downloaded,36032,
2026-07-17,NSE,JUNIORBEES,raw_l2/trade_date=2026-07-17/exchange=NSE/symbol=JUNIORBEES/part-051527_825914-012434.parquet,real_data_sample\l2_unseen_validation\trade_date=2026-07-17\exchange=NSE\symbol=JUNIORBEES\part-051527_825914-012434.parquet,35669,downloaded,35669,
2026-07-17,NSE,JUNIORBEES,raw_l2/trade_date=2026-07-17/exchange=NSE/symbol=JUNIORBEES/part-051707_520445-012658.parquet,real_data_sample\l2_unseen_validation\trade_date=2026-07-17\exchange=NSE\symbol=JUNIORBEES\part-051707_520445-012658.parquet,35504,downloaded,35504,
2026-07-17,NSE,JUNIORBEES,raw_l2/trade_date=2026-07-17/exchange=NSE/symbol=JUNIORBEES/part-051653_512726-012626.parquet,real_data_sample\l2_unseen_validation\trade_date=2026-07-17\exchange=NSE\symbol=JUNIORBEES\part-051653_512726-012626.parquet,35484,downloaded,35484,
2026-07-17,NSE,JUNIORBEES,raw_l2/trade_date=2026-07-17/exchange=NSE/symbol=JUNIORBEES/part-051610_852185-012530.parquet,real_data_sample\l2_unseen_validation\trade_date=2026-07-17\exchange=NSE\symbol=JUNIORBEES\part-051610_852185-012530.parquet,35718,downloaded,35718,
2026-07-17,NSE,JUNIORBEES,raw_l2/trade_date=2026-07-17/exchange=NSE/symbol=JUNIORBEES/part-051625_098780-012562.parquet,real_data_sample\l2_unseen_validation\trade_date=2026-07-17\exchange=NSE\symbol=JUNIORBEES\part-051625_098780-012562.parquet,35654,downloaded,35654,
2026-07-17,NSE,JUNIORBEES,raw_l2/trade_date=2026-07-17/exchange=NSE/symbol=JUNIORBEES/part-051639_318354-012594.parquet,real_data_sample\l2_unseen_validation\trade_date=2026-07-17\exchange=NSE\symbol=JUNIORBEES\part-051639_318354-012594.parquet,35487,downloaded,35487,
2026-07-17,NSE,JUNIORBEES,raw_l2/trade_date=2026-07-17/exchange=NSE/symbol=JUNIORBEES/part-051735_802581-012722.parquet,real_data_sample\l2_unseen_validation\trade_date=2026-07-17\exchange=NSE\symbol=JUNIORBEES\part-051735_802581-012722.parquet,35534,downloaded,35534,
2026-07-17,NSE,JUNIORBEES,raw_l2/trade_date=2026-07-17/exchange=NSE/symbol=JUNIORBEES/part-051721_438974-012690.parquet,real_data_sample\l2_unseen_validation\trade_date=2026-07-17\exchange=NSE\symbol=JUNIORBEES\part-051721_438974-012690.parquet,35556,downloaded,35556,
2026-07-17,NSE,JUNIORBEES,raw_l2/trade_date=2026-07-17/exchange=NSE/symbol=JUNIORBEES/part-051804_437691-012786.parquet,real_data_sample\l2_unseen_validation\trade_date=2026-07-17\exchange=NSE\symbol=JUNIORBEES\part-051804_437691-012786.parquet,35623,downloaded,35623,
2026-07-17,NSE,JUNIORBEES,raw_l2/trade_date=2026-07-17/exchange=NSE/symbol=JUNIORBEES/part-051750_293747-012754.parquet,real_data_sample\l2_unseen_validation\trade_date=2026-07-17\exchange=NSE\symbol=JUNIORBEES\part-051750_293747-012754.parquet,35511,downloaded,35511,
2026-07-17,NSE,JUNIORBEES,raw_l2/trade_date=2026-07-17/exchange=NSE/symbol=JUNIORBEES/part-051818_696005-012818.parquet,real_data_sample\l2_unseen_validation\trade_date=2026-07-17\exchange=NSE\symbol=JUNIORBEES\part-051818_696005-012818.parquet,35454,downloaded,35454,
2026-07-17,NSE,JUNIORBEES,raw_l2/trade_date=2026-07-17/exchange=NSE/symbol=JUNIORBEES/part-051833_171206-012850.parquet,real_data_sample\l2_unseen_validation\trade_date=2026-07-17\exchange=NSE\symbol=JUNIORBEES\part-051833_171206-012850.parquet,35928,downloaded,35928,
2026-07-17,NSE,JUNIORBEES,raw_l2/trade_date=2026-07-17/exchange=NSE/symbol=JUNIORBEES/part-051847_233423-012882.parquet,real_data_sample\l2_unseen_validation\trade_date=2026-07-17\exchange=NSE\symbol=JUNIORBEES\part-051847_233423-012882.parquet,35559,downloaded,35559,
2026-07-17,NSE,JUNIORBEES,raw_l2/trade_date=2026-07-17/exchange=NSE/symbol=JUNIORBEES/part-051902_132350-012914.parquet,real_data_sample\l2_unseen_validation\trade_date=2026-07-17\exchange=NSE\symbol=JUNIORBEES\part-051902_132350-012914.parquet,35684,downloaded,35684,
2026-07-17,NSE,JUNIORBEES,raw_l2/trade_date=2026-07-17/exchange=NSE/symbol=JUNIORBEES/part-051943_944730-013010.parquet,real_data_sample\l2_unseen_validation\trade_date=2026-07-17\exchange=NSE\symbol=JUNIORBEES\part-051943_944730-013010.parquet,35453,downloaded,35453,
2026-07-17,NSE,JUNIORBEES,raw_l2/trade_date=2026-07-17/exchange=NSE/symbol=JUNIORBEES/part-050634_795937-011218.parquet,real_data_sample\l2_unseen_validation\trade_date=2026-07-17\exchange=NSE\symbol=JUNIORBEES\part-050634_795937-011218.parquet,35569,downloaded,35569,
2026-07-17,NSE,JUNIORBEES,raw_l2/trade_date=2026-07-17/exchange=NSE/symbol=JUNIORBEES/part-052011_645234-013074.parquet,real_data_sample\l2_unseen_validation\trade_date=2026-07-17\exchange=NSE\symbol=JUNIORBEES\part-052011_645234-013074.parquet,35449,downloaded,35449,
2026-07-17,NSE,JUNIORBEES,raw_l2/trade_date=2026-07-17/exchange=NSE/symbol=JUNIORBEES/part-051916_270185-012946.parquet,real_data_sample\l2_unseen_validation\trade_date=2026-07-17\exchange=NSE\symbol=JUNIORBEES\part-051916_270185-012946.parquet,35757,downloaded,35757,
2026-07-17,NSE,JUNIORBEES,raw_l2/trade_date=2026-07-17/exchange=NSE/symbol=JUNIORBEES/part-051930_143416-012978.parquet,real_data_sample\l2_unseen_validation\trade_date=2026-07-17\exchange=NSE\symbol=JUNIORBEES\part-051930_143416-012978.parquet,35211,downloaded,35211,
2026-07-17,NSE,JUNIORBEES,raw_l2/trade_date=2026-07-17/exchange=NSE/symbol=JUNIORBEES/part-052039_166445-013138.parquet,real_data_sample\l2_unseen_validation\trade_date=2026-07-17\exchange=NSE\symbol=JUNIORBEES\part-052039_166445-013138.parquet,35513,downloaded,35513,
2026-07-17,NSE,JUNIORBEES,raw_l2/trade_date=2026-07-17/exchange=NSE/symbol=JUNIORBEES/part-051957_949198-013042.parquet,real_data_sample\l2_unseen_validation\trade_date=2026-07-17\exchange=NSE\symbol=JUNIORBEES\part-051957_949198-013042.parquet,35574,downloaded,35574,
2026-07-17,NSE,JUNIORBEES,raw_l2/trade_date=2026-07-17/exchange=NSE/symbol=JUNIORBEES/part-052025_376633-013106.parquet,real_data_sample\l2_unseen_validation\trade_date=2026-07-17\exchange=NSE\symbol=JUNIORBEES\part-052025_376633-013106.parquet,35154,downloaded,35154,
2026-07-17,NSE,JUNIORBEES,raw_l2/trade_date=2026-07-17/exchange=NSE/symbol=JUNIORBEES/part-052120_658021-013234.parquet,real_data_sample\l2_unseen_validation\trade_date=2026-07-17\exchange=NSE\symbol=JUNIORBEES\part-052120_658021-013234.parquet,35475,downloaded,35475,
2026-07-17,NSE,JUNIORBEES,raw_l2/trade_date=2026-07-17/exchange=NSE/symbol=JUNIORBEES/part-052052_938595-013170.parquet,real_data_sample\l2_unseen_validation\trade_date=2026-07-17\exchange=NSE\symbol=JUNIORBEES\part-052052_938595-013170.parquet,35577,downloaded,35577,
2026-07-17,NSE,JUNIORBEES,raw_l2/trade_date=2026-07-17/exchange=NSE/symbol=JUNIORBEES/part-052134_475550-013266.parquet,real_data_sample\l2_unseen_validation\trade_date=2026-07-17\exchange=NSE\symbol=JUNIORBEES\part-052134_475550-013266.parquet,35787,downloaded,35787,
2026-07-17,NSE,JUNIORBEES,raw_l2/trade_date=2026-07-17/exchange=NSE/symbol=JUNIORBEES/part-052106_689095-013202.parquet,real_data_sample\l2_unseen_validation\trade_date=2026-07-17\exchange=NSE\symbol=JUNIORBEES\part-052106_689095-013202.parquet,35331,downloaded,35331,
2026-07-17,NSE,JUNIORBEES,raw_l2/trade_date=2026-07-17/exchange=NSE/symbol=JUNIORBEES/part-052202_454437-013330.parquet,real_data_sample\l2_unseen_validation\trade_date=2026-07-17\exchange=NSE\symbol=JUNIORBEES\part-052202_454437-013330.parquet,35534,downloaded,35534,
2026-07-17,NSE,JUNIORBEES,raw_l2/trade_date=2026-07-17/exchange=NSE/symbol=JUNIORBEES/part-052148_448723-013298.parquet,real_data_sample\l2_unseen_validation\trade_date=2026-07-17\exchange=NSE\symbol=JUNIORBEES\part-052148_448723-013298.parquet,35508,downloaded,35508,
2026-07-17,NSE,JUNIORBEES,raw_l2/trade_date=2026-07-17/exchange=NSE/symbol=JUNIORBEES/part-052216_525326-013362.parquet,real_data_sample\l2_unseen_validation\trade_date=2026-07-17\exchange=NSE\symbol=JUNIORBEES\part-052216_525326-013362.parquet,35162,downloaded,35162,
2026-07-17,NSE,JUNIORBEES,raw_l2/trade_date=2026-07-17/exchange=NSE/symbol=JUNIORBEES/part-052258_519898-013458.parquet,real_data_sample\l2_unseen_validation\trade_date=2026-07-17\exchange=NSE\symbol=JUNIORBEES\part-052258_519898-013458.parquet,35224,downloaded,35224,
2026-07-17,NSE,JUNIORBEES,raw_l2/trade_date=2026-07-17/exchange=NSE/symbol=JUNIORBEES/part-052312_535301-013490.parquet,real_data_sample\l2_unseen_validation\trade_date=2026-07-17\exchange=NSE\symbol=JUNIORBEES\part-052312_535301-013490.parquet,35586,downloaded,35586,
2026-07-17,NSE,JUNIORBEES,raw_l2/trade_date=2026-07-17/exchange=NSE/symbol=JUNIORBEES/part-052230_538923-013394.parquet,real_data_sample\l2_unseen_validation\trade_date=2026-07-17\exchange=NSE\symbol=JUNIORBEES\part-052230_538923-013394.parquet,35093,downloaded,35093,
2026-07-17,NSE,JUNIORBEES,raw_l2/trade_date=2026-07-17/exchange=NSE/symbol=JUNIORBEES/part-052244_482728-013426.parquet,real_data_sample\l2_unseen_validation\trade_date=2026-07-17\exchange=NSE\symbol=JUNIORBEES\part-052244_482728-013426.parquet,35041,downloaded,35041,
2026-07-17,NSE,JUNIORBEES,raw_l2/trade_date=2026-07-17/exchange=NSE/symbol=JUNIORBEES/part-052326_403568-013522.parquet,real_data_sample\l2_unseen_validation\trade_date=2026-07-17\exchange=NSE\symbol=JUNIORBEES\part-052326_403568-013522.parquet,35415,downloaded,35415,
2026-07-17,NSE,JUNIORBEES,raw_l2/trade_date=2026-07-17/exchange=NSE/symbol=JUNIORBEES/part-052340_475263-013554.parquet,real_data_sample\l2_unseen_validation\trade_date=2026-07-17\exchange=NSE\symbol=JUNIORBEES\part-052340_475263-013554.parquet,35482,downloaded,35482,
2026-07-17,NSE,JUNIORBEES,raw_l2/trade_date=2026-07-17/exchange=NSE/symbol=JUNIORBEES/part-052422_393444-013650.parquet,real_data_sample\l2_unseen_validation\trade_date=2026-07-17\exchange=NSE\symbol=JUNIORBEES\part-052422_393444-013650.parquet,35354,downloaded,35354,
2026-07-17,NSE,JUNIORBEES,raw_l2/trade_date=2026-07-17/exchange=NSE/symbol=JUNIORBEES/part-052408_474533-013618.parquet,real_data_sample\l2_unseen_validation\trade_date=2026-07-17\exchange=NSE\symbol=JUNIORBEES\part-052408_474533-013618.parquet,35330,downloaded,35330,
2026-07-17,NSE,JUNIORBEES,raw_l2/trade_date=2026-07-17/exchange=NSE/symbol=JUNIORBEES/part-052354_713132-013586.parquet,real_data_sample\l2_unseen_validation\trade_date=2026-07-17\exchange=NSE\symbol=JUNIORBEES\part-052354_713132-013586.parquet,35564,downloaded,35564,
2026-07-17,NSE,JUNIORBEES,raw_l2/trade_date=2026-07-17/exchange=NSE/symbol=JUNIORBEES/part-052436_431455-013682.parquet,real_data_sample\l2_unseen_validation\trade_date=2026-07-17\exchange=NSE\symbol=JUNIORBEES\part-052436_431455-013682.parquet,35550,downloaded,35550,
2026-07-17,NSE,JUNIORBEES,raw_l2/trade_date=2026-07-17/exchange=NSE/symbol=JUNIORBEES/part-052546_020854-013842.parquet,real_data_sample\l2_unseen_validation\trade_date=2026-07-17\exchange=NSE\symbol=JUNIORBEES\part-052546_020854-013842.parquet,35931,downloaded,35931,
2026-07-17,NSE,JUNIORBEES,raw_l2/trade_date=2026-07-17/exchange=NSE/symbol=JUNIORBEES/part-052614_304836-013906.parquet,real_data_sample\l2_unseen_validation\trade_date=2026-07-17\exchange=NSE\symbol=JUNIORBEES\part-052614_304836-013906.parquet,35333,downloaded,35333,
2026-07-17,NSE,JUNIORBEES,raw_l2/trade_date=2026-07-17/exchange=NSE/symbol=JUNIORBEES/part-052600_146733-013874.parquet,real_data_sample\l2_unseen_validation\trade_date=2026-07-17\exchange=NSE\symbol=JUNIORBEES\part-052600_146733-013874.parquet,35163,downloaded,35163,
2026-07-17,NSE,JUNIORBEES,raw_l2/trade_date=2026-07-17/exchange=NSE/symbol=JUNIORBEES/part-052628_502153-013938.parquet,real_data_sample\l2_unseen_validation\trade_date=2026-07-17\exchange=NSE\symbol=JUNIORBEES\part-052628_502153-013938.parquet,35347,downloaded,35347,
2026-07-17,NSE,JUNIORBEES,raw_l2/trade_date=2026-07-17/exchange=NSE/symbol=JUNIORBEES/part-052642_600394-013970.parquet,real_data_sample\l2_unseen_validation\trade_date=2026-07-17\exchange=NSE\symbol=JUNIORBEES\part-052642_600394-013970.parquet,35343,downloaded,35343,
2026-07-17,NSE,JUNIORBEES,raw_l2/trade_date=2026-07-17/exchange=NSE/symbol=JUNIORBEES/part-052531_822558-013810.parquet,real_data_sample\l2_unseen_validation\trade_date=2026-07-17\exchange=NSE\symbol=JUNIORBEES\part-052531_822558-013810.parquet,35294,downloaded,35294,
2026-07-17,NSE,JUNIORBEES,raw_l2/trade_date=2026-07-17/exchange=NSE/symbol=JUNIORBEES/part-052656_777979-014002.parquet,real_data_sample\l2_unseen_validation\trade_date=2026-07-17\exchange=NSE\symbol=JUNIORBEES\part-052656_777979-014002.parquet,35318,downloaded,35318,
2026-07-17,NSE,JUNIORBEES,raw_l2/trade_date=2026-07-17/exchange=NSE/symbol=JUNIORBEES/part-052450_272391-013714.parquet,real_data_sample\l2_unseen_validation\trade_date=2026-07-17\exchange=NSE\symbol=JUNIORBEES\part-052450_272391-013714.parquet,35503,downloaded,35503,
2026-07-17,NSE,JUNIORBEES,raw_l2/trade_date=2026-07-17/exchange=NSE/symbol=JUNIORBEES/part-052517_917545-013778.parquet,real_data_sample\l2_unseen_validation\trade_date=2026-07-17\exchange=NSE\symbol=JUNIORBEES\part-052517_917545-013778.parquet,35785,downloaded,35785,
2026-07-17,NSE,JUNIORBEES,raw_l2/trade_date=2026-07-17/exchange=NSE/symbol=JUNIORBEES/part-052504_144112-013746.parquet,real_data_sample\l2_unseen_validation\trade_date=2026-07-17\exchange=NSE\symbol=JUNIORBEES\part-052504_144112-013746.parquet,35230,downloaded,35230,
2026-07-17,NSE,JUNIORBEES,raw_l2/trade_date=2026-07-17/exchange=NSE/symbol=JUNIORBEES/part-052724_842248-014066.parquet,real_data_sample\l2_unseen_validation\trade_date=2026-07-17\exchange=NSE\symbol=JUNIORBEES\part-052724_842248-014066.parquet,35527,downloaded,35527,
2026-07-17,NSE,JUNIORBEES,raw_l2/trade_date=2026-07-17/exchange=NSE/symbol=JUNIORBEES/part-052752_695143-014130.parquet,real_data_sample\l2_unseen_validation\trade_date=2026-07-17\exchange=NSE\symbol=JUNIORBEES\part-052752_695143-014130.parquet,35634,downloaded,35634,
2026-07-17,NSE,JUNIORBEES,raw_l2/trade_date=2026-07-17/exchange=NSE/symbol=JUNIORBEES/part-052738_705386-014098.parquet,real_data_sample\l2_unseen_validation\trade_date=2026-07-17\exchange=NSE\symbol=JUNIORBEES\part-052738_705386-014098.parquet,35436,downloaded,35436,
2026-07-17,NSE,JUNIORBEES,raw_l2/trade_date=2026-07-17/exchange=NSE/symbol=JUNIORBEES/part-052710_798984-014034.parquet,real_data_sample\l2_unseen_validation\trade_date=2026-07-17\exchange=NSE\symbol=JUNIORBEES\part-052710_798984-014034.parquet,35423,downloaded,35423,
2026-07-17,NSE,JUNIORBEES,raw_l2/trade_date=2026-07-17/exchange=NSE/symbol=JUNIORBEES/part-052806_533868-014162.parquet,real_data_sample\l2_unseen_validation\trade_date=2026-07-17\exchange=NSE\symbol=JUNIORBEES\part-052806_533868-014162.parquet,35515,downloaded,35515,
2026-07-17,NSE,JUNIORBEES,raw_l2/trade_date=2026-07-17/exchange=NSE/symbol=JUNIORBEES/part-052820_556960-014194.parquet,real_data_sample\l2_unseen_validation\trade_date=2026-07-17\exchange=NSE\symbol=JUNIORBEES\part-052820_556960-014194.parquet,35352,downloaded,35352,
2026-07-17,NSE,JUNIORBEES,raw_l2/trade_date=2026-07-17/exchange=NSE/symbol=JUNIORBEES/part-052834_840385-014226.parquet,real_data_sample\l2_unseen_validation\trade_date=2026-07-17\exchange=NSE\symbol=JUNIORBEES\part-052834_840385-014226.parquet,35641,downloaded,35641,
2026-07-17,NSE,JUNIORBEES,raw_l2/trade_date=2026-07-17/exchange=NSE/symbol=JUNIORBEES/part-052848_859265-014258.parquet,real_data_sample\l2_unseen_validation\trade_date=2026-07-17\exchange=NSE\symbol=JUNIORBEES\part-052848_859265-014258.parquet,35306,downloaded,35306,
2026-07-17,NSE,JUNIORBEES,raw_l2/trade_date=2026-07-17/exchange=NSE/symbol=JUNIORBEES/part-052917_343156-014322.parquet,real_data_sample\l2_unseen_validation\trade_date=2026-07-17\exchange=NSE\symbol=JUNIORBEES\part-052917_343156-014322.parquet,35763,downloaded,35763,
2026-07-17,NSE,JUNIORBEES,raw_l2/trade_date=2026-07-17/exchange=NSE/symbol=JUNIORBEES/part-052903_338341-014290.parquet,real_data_sample\l2_unseen_validation\trade_date=2026-07-17\exchange=NSE\symbol=JUNIORBEES\part-052903_338341-014290.parquet,35298,downloaded,35298,
2026-07-17,NSE,JUNIORBEES,raw_l2/trade_date=2026-07-17/exchange=NSE/symbol=JUNIORBEES/part-053028_934230-014482.parquet,real_data_sample\l2_unseen_validation\trade_date=2026-07-17\exchange=NSE\symbol=JUNIORBEES\part-053028_934230-014482.parquet,35747,downloaded,35747,
2026-07-17,NSE,JUNIORBEES,raw_l2/trade_date=2026-07-17/exchange=NSE/symbol=JUNIORBEES/part-052931_226542-014354.parquet,real_data_sample\l2_unseen_validation\trade_date=2026-07-17\exchange=NSE\symbol=JUNIORBEES\part-052931_226542-014354.parquet,35390,downloaded,35390,
2026-07-17,NSE,JUNIORBEES,raw_l2/trade_date=2026-07-17/exchange=NSE/symbol=JUNIORBEES/part-052959_331976-014418.parquet,real_data_sample\l2_unseen_validation\trade_date=2026-07-17\exchange=NSE\symbol=JUNIORBEES\part-052959_331976-014418.parquet,35420,downloaded,35420,
2026-07-17,NSE,JUNIORBEES,raw_l2/trade_date=2026-07-17/exchange=NSE/symbol=JUNIORBEES/part-052945_248313-014386.parquet,real_data_sample\l2_unseen_validation\trade_date=2026-07-17\exchange=NSE\symbol=JUNIORBEES\part-052945_248313-014386.parquet,35454,downloaded,35454,
2026-07-17,NSE,JUNIORBEES,raw_l2/trade_date=2026-07-17/exchange=NSE/symbol=JUNIORBEES/part-053014_538247-014450.parquet,real_data_sample\l2_unseen_validation\trade_date=2026-07-17\exchange=NSE\symbol=JUNIORBEES\part-053014_538247-014450.parquet,35290,downloaded,35290,
2026-07-17,NSE,JUNIORBEES,raw_l2/trade_date=2026-07-17/exchange=NSE/symbol=JUNIORBEES/part-053042_793388-014514.parquet,real_data_sample\l2_unseen_validation\trade_date=2026-07-17\exchange=NSE\symbol=JUNIORBEES\part-053042_793388-014514.parquet,35832,downloaded,35832,
2026-07-17,NSE,JUNIORBEES,raw_l2/trade_date=2026-07-17/exchange=NSE/symbol=JUNIORBEES/part-053056_847622-014546.parquet,real_data_sample\l2_unseen_validation\trade_date=2026-07-17\exchange=NSE\symbol=JUNIORBEES\part-053056_847622-014546.parquet,35551,downloaded,35551,
2026-07-17,NSE,JUNIORBEES,raw_l2/trade_date=2026-07-17/exchange=NSE/symbol=JUNIORBEES/part-053139_712435-014642.parquet,real_data_sample\l2_unseen_validation\trade_date=2026-07-17\exchange=NSE\symbol=JUNIORBEES\part-053139_712435-014642.parquet,35438,downloaded,35438,
2026-07-17,NSE,JUNIORBEES,raw_l2/trade_date=2026-07-17/exchange=NSE/symbol=JUNIORBEES/part-053221_754459-014738.parquet,real_data_sample\l2_unseen_validation\trade_date=2026-07-17\exchange=NSE\symbol=JUNIORBEES\part-053221_754459-014738.parquet,35255,downloaded,35255,
2026-07-17,NSE,JUNIORBEES,raw_l2/trade_date=2026-07-17/exchange=NSE/symbol=JUNIORBEES/part-053235_769725-014770.parquet,real_data_sample\l2_unseen_validation\trade_date=2026-07-17\exchange=NSE\symbol=JUNIORBEES\part-053235_769725-014770.parquet,35464,downloaded,35464,
2026-07-17,NSE,JUNIORBEES,raw_l2/trade_date=2026-07-17/exchange=NSE/symbol=JUNIORBEES/part-053153_411177-014674.parquet,real_data_sample\l2_unseen_validation\trade_date=2026-07-17\exchange=NSE\symbol=JUNIORBEES\part-053153_411177-014674.parquet,35351,downloaded,35351,
2026-07-17,NSE,JUNIORBEES,raw_l2/trade_date=2026-07-17/exchange=NSE/symbol=JUNIORBEES/part-053125_704162-014610.parquet,real_data_sample\l2_unseen_validation\trade_date=2026-07-17\exchange=NSE\symbol=JUNIORBEES\part-053125_704162-014610.parquet,35834,downloaded,35834,
2026-07-17,NSE,JUNIORBEES,raw_l2/trade_date=2026-07-17/exchange=NSE/symbol=JUNIORBEES/part-053207_658886-014706.parquet,real_data_sample\l2_unseen_validation\trade_date=2026-07-17\exchange=NSE\symbol=JUNIORBEES\part-053207_658886-014706.parquet,35411,downloaded,35411,
2026-07-17,NSE,JUNIORBEES,raw_l2/trade_date=2026-07-17/exchange=NSE/symbol=JUNIORBEES/part-053111_468253-014578.parquet,real_data_sample\l2_unseen_validation\trade_date=2026-07-17\exchange=NSE\symbol=JUNIORBEES\part-053111_468253-014578.parquet,35832,downloaded,35832,
2026-07-17,NSE,JUNIORBEES,raw_l2/trade_date=2026-07-17/exchange=NSE/symbol=JUNIORBEES/part-053249_712688-014802.parquet,real_data_sample\l2_unseen_validation\trade_date=2026-07-17\exchange=NSE\symbol=JUNIORBEES\part-053249_712688-014802.parquet,34951,downloaded,34951,
2026-07-17,NSE,JUNIORBEES,raw_l2/trade_date=2026-07-17/exchange=NSE/symbol=JUNIORBEES/part-053332_025419-014898.parquet,real_data_sample\l2_unseen_validation\trade_date=2026-07-17\exchange=NSE\symbol=JUNIORBEES\part-053332_025419-014898.parquet,35153,downloaded,35153,
2026-07-17,NSE,JUNIORBEES,raw_l2/trade_date=2026-07-17/exchange=NSE/symbol=JUNIORBEES/part-050551_662087-011122.parquet,real_data_sample\l2_unseen_validation\trade_date=2026-07-17\exchange=NSE\symbol=JUNIORBEES\part-050551_662087-011122.parquet,35237,downloaded,35237,
2026-07-17,NSE,JUNIORBEES,raw_l2/trade_date=2026-07-17/exchange=NSE/symbol=JUNIORBEES/part-053345_971113-014930.parquet,real_data_sample\l2_unseen_validation\trade_date=2026-07-17\exchange=NSE\symbol=JUNIORBEES\part-053345_971113-014930.parquet,35001,downloaded,35001,
2026-07-17,NSE,JUNIORBEES,raw_l2/trade_date=2026-07-17/exchange=NSE/symbol=JUNIORBEES/part-053317_934697-014866.parquet,real_data_sample\l2_unseen_validation\trade_date=2026-07-17\exchange=NSE\symbol=JUNIORBEES\part-053317_934697-014866.parquet,35187,downloaded,35187,
2026-07-17,NSE,JUNIORBEES,raw_l2/trade_date=2026-07-17/exchange=NSE/symbol=JUNIORBEES/part-053414_120363-014994.parquet,real_data_sample\l2_unseen_validation\trade_date=2026-07-17\exchange=NSE\symbol=JUNIORBEES\part-053414_120363-014994.parquet,35225,downloaded,35225,
2026-07-17,NSE,JUNIORBEES,raw_l2/trade_date=2026-07-17/exchange=NSE/symbol=JUNIORBEES/part-050331_566459-010802.parquet,real_data_sample\l2_unseen_validation\trade_date=2026-07-17\exchange=NSE\symbol=JUNIORBEES\part-050331_566459-010802.parquet,35390,downloaded,35390,
2026-07-17,NSE,JUNIORBEES,raw_l2/trade_date=2026-07-17/exchange=NSE/symbol=JUNIORBEES/part-053359_922561-014962.parquet,real_data_sample\l2_unseen_validation\trade_date=2026-07-17\exchange=NSE\symbol=JUNIORBEES\part-053359_922561-014962.parquet,35339,downloaded,35339,
2026-07-17,NSE,JUNIORBEES,raw_l2/trade_date=2026-07-17/exchange=NSE/symbol=JUNIORBEES/part-050455_744198-010994.parquet,real_data_sample\l2_unseen_validation\trade_date=2026-07-17\exchange=NSE\symbol=JUNIORBEES\part-050455_744198-010994.parquet,35550,downloaded,35550,
2026-07-17,NSE,JUNIORBEES,raw_l2/trade_date=2026-07-17/exchange=NSE/symbol=JUNIORBEES/part-050523_876387-011058.parquet,real_data_sample\l2_unseen_validation\trade_date=2026-07-17\exchange=NSE\symbol=JUNIORBEES\part-050523_876387-011058.parquet,35611,downloaded,35611,
2026-07-17,NSE,JUNIORBEES,raw_l2/trade_date=2026-07-17/exchange=NSE/symbol=JUNIORBEES/part-050359_628341-010866.parquet,real_data_sample\l2_unseen_validation\trade_date=2026-07-17\exchange=NSE\symbol=JUNIORBEES\part-050359_628341-010866.parquet,35235,downloaded,35235,
2026-07-17,NSE,JUNIORBEES,raw_l2/trade_date=2026-07-17/exchange=NSE/symbol=JUNIORBEES/part-050509_824431-011026.parquet,real_data_sample\l2_unseen_validation\trade_date=2026-07-17\exchange=NSE\symbol=JUNIORBEES\part-050509_824431-011026.parquet,35615,downloaded,35615,
2026-07-17,NSE,JUNIORBEES,raw_l2/trade_date=2026-07-17/exchange=NSE/symbol=JUNIORBEES/part-053303_818038-014834.parquet,real_data_sample\l2_unseen_validation\trade_date=2026-07-17\exchange=NSE\symbol=JUNIORBEES\part-053303_818038-014834.parquet,35025,downloaded,35025,
2026-07-17,NSE,JUNIORBEES,raw_l2/trade_date=2026-07-17/exchange=NSE/symbol=JUNIORBEES/part-053455_357419-015090.parquet,real_data_sample\l2_unseen_validation\trade_date=2026-07-17\exchange=NSE\symbol=JUNIORBEES\part-053455_357419-015090.parquet,35003,downloaded,35003,
2026-07-17,NSE,JUNIORBEES,raw_l2/trade_date=2026-07-17/exchange=NSE/symbol=JUNIORBEES/part-053509_358095-015122.parquet,real_data_sample\l2_unseen_validation\trade_date=2026-07-17\exchange=NSE\symbol=JUNIORBEES\part-053509_358095-015122.parquet,34992,downloaded,34992,
2026-07-17,NSE,JUNIORBEES,raw_l2/trade_date=2026-07-17/exchange=NSE/symbol=JUNIORBEES/part-053427_949917-015026.parquet,real_data_sample\l2_unseen_validation\trade_date=2026-07-17\exchange=NSE\symbol=JUNIORBEES\part-053427_949917-015026.parquet,35371,downloaded,35371,
2026-07-17,NSE,JUNIORBEES,raw_l2/trade_date=2026-07-17/exchange=NSE/symbol=JUNIORBEES/part-053441_658451-015058.parquet,real_data_sample\l2_unseen_validation\trade_date=2026-07-17\exchange=NSE\symbol=JUNIORBEES\part-053441_658451-015058.parquet,35304,downloaded,35304,
2026-07-17,NSE,JUNIORBEES,raw_l2/trade_date=2026-07-17/exchange=NSE/symbol=JUNIORBEES/part-050605_532771-011154.parquet,real_data_sample\l2_unseen_validation\trade_date=2026-07-17\exchange=NSE\symbol=JUNIORBEES\part-050605_532771-011154.parquet,35531,downloaded,35531,
2026-07-17,NSE,JUNIORBEES,raw_l2/trade_date=2026-07-17/exchange=NSE/symbol=JUNIORBEES/part-050345_547121-010834.parquet,real_data_sample\l2_unseen_validation\trade_date=2026-07-17\exchange=NSE\symbol=JUNIORBEES\part-050345_547121-010834.parquet,35374,downloaded,35374,
2026-07-17,NSE,JUNIORBEES,raw_l2/trade_date=2026-07-17/exchange=NSE/symbol=JUNIORBEES/part-050441_904881-010962.parquet,real_data_sample\l2_unseen_validation\trade_date=2026-07-17\exchange=NSE\symbol=JUNIORBEES\part-050441_904881-010962.parquet,35482,downloaded,35482,
2026-07-17,NSE,JUNIORBEES,raw_l2/trade_date=2026-07-17/exchange=NSE/symbol=JUNIORBEES/part-050537_706228-011090.parquet,real_data_sample\l2_unseen_validation\trade_date=2026-07-17\exchange=NSE\symbol=JUNIORBEES\part-050537_706228-011090.parquet,35525,downloaded,35525,
2026-07-17,NSE,JUNIORBEES,raw_l2/trade_date=2026-07-17/exchange=NSE/symbol=JUNIORBEES/part-053523_283974-015154.parquet,real_data_sample\l2_unseen_validation\trade_date=2026-07-17\exchange=NSE\symbol=JUNIORBEES\part-053523_283974-015154.parquet,35626,downloaded,35626,
2026-07-17,NSE,JUNIORBEES,raw_l2/trade_date=2026-07-17/exchange=NSE/symbol=JUNIORBEES/part-053618_710604-015282.parquet,real_data_sample\l2_unseen_validation\trade_date=2026-07-17\exchange=NSE\symbol=JUNIORBEES\part-053618_710604-015282.parquet,35302,downloaded,35302,
2026-07-17,NSE,JUNIORBEES,raw_l2/trade_date=2026-07-17/exchange=NSE/symbol=JUNIORBEES/part-053632_967651-015314.parquet,real_data_sample\l2_unseen_validation\trade_date=2026-07-17\exchange=NSE\symbol=JUNIORBEES\part-053632_967651-015314.parquet,36030,downloaded,36030,
2026-07-17,NSE,JUNIORBEES,raw_l2/trade_date=2026-07-17/exchange=NSE/symbol=JUNIORBEES/part-053646_903940-015346.parquet,real_data_sample\l2_unseen_validation\trade_date=2026-07-17\exchange=NSE\symbol=JUNIORBEES\part-053646_903940-015346.parquet,35499,downloaded,35499,
2026-07-17,NSE,JUNIORBEES,raw_l2/trade_date=2026-07-17/exchange=NSE/symbol=JUNIORBEES/part-053714_745118-015410.parquet,real_data_sample\l2_unseen_validation\trade_date=2026-07-17\exchange=NSE\symbol=JUNIORBEES\part-053714_745118-015410.parquet,35333,downloaded,35333,
2026-07-17,NSE,JUNIORBEES,raw_l2/trade_date=2026-07-17/exchange=NSE/symbol=JUNIORBEES/part-053537_127699-015186.parquet,real_data_sample\l2_unseen_validation\trade_date=2026-07-17\exchange=NSE\symbol=JUNIORBEES\part-053537_127699-015186.parquet,35772,downloaded,35772,
2026-07-17,NSE,JUNIORBEES,raw_l2/trade_date=2026-07-17/exchange=NSE/symbol=JUNIORBEES/part-053550_974498-015218.parquet,real_data_sample\l2_unseen_validation\trade_date=2026-07-17\exchange=NSE\symbol=JUNIORBEES\part-053550_974498-015218.parquet,35371,downloaded,35371,
2026-07-17,NSE,JUNIORBEES,raw_l2/trade_date=2026-07-17/exchange=NSE/symbol=JUNIORBEES/part-053728_676151-015442.parquet,real_data_sample\l2_unseen_validation\trade_date=2026-07-17\exchange=NSE\symbol=JUNIORBEES\part-053728_676151-015442.parquet,35185,downloaded,35185,
2026-07-17,NSE,JUNIORBEES,raw_l2/trade_date=2026-07-17/exchange=NSE/symbol=JUNIORBEES/part-053604_686943-015250.parquet,real_data_sample\l2_unseen_validation\trade_date=2026-07-17\exchange=NSE\symbol=JUNIORBEES\part-053604_686943-015250.parquet,35478,downloaded,35478,
2026-07-17,NSE,JUNIORBEES,raw_l2/trade_date=2026-07-17/exchange=NSE/symbol=JUNIORBEES/part-053824_380943-015570.parquet,real_data_sample\l2_unseen_validation\trade_date=2026-07-17\exchange=NSE\symbol=JUNIORBEES\part-053824_380943-015570.parquet,35388,downloaded,35388,
2026-07-17,NSE,JUNIORBEES,raw_l2/trade_date=2026-07-17/exchange=NSE/symbol=JUNIORBEES/part-053700_737919-015378.parquet,real_data_sample\l2_unseen_validation\trade_date=2026-07-17\exchange=NSE\symbol=JUNIORBEES\part-053700_737919-015378.parquet,35225,downloaded,35225,
2026-07-17,NSE,JUNIORBEES,raw_l2/trade_date=2026-07-17/exchange=NSE/symbol=JUNIORBEES/part-053810_193498-015538.parquet,real_data_sample\l2_unseen_validation\trade_date=2026-07-17\exchange=NSE\symbol=JUNIORBEES\part-053810_193498-015538.parquet,35753,downloaded,35753,
2026-07-17,NSE,JUNIORBEES,raw_l2/trade_date=2026-07-17/exchange=NSE/symbol=JUNIORBEES/part-053756_402245-015506.parquet,real_data_sample\l2_unseen_validation\trade_date=2026-07-17\exchange=NSE\symbol=JUNIORBEES\part-053756_402245-015506.parquet,35757,downloaded,35757,
2026-07-17,NSE,JUNIORBEES,raw_l2/trade_date=2026-07-17/exchange=NSE/symbol=JUNIORBEES/part-053742_477348-015474.parquet,real_data_sample\l2_unseen_validation\trade_date=2026-07-17\exchange=NSE\symbol=JUNIORBEES\part-053742_477348-015474.parquet,35473,downloaded,35473,
2026-07-17,NSE,JUNIORBEES,raw_l2/trade_date=2026-07-17/exchange=NSE/symbol=JUNIORBEES/part-053934_158617-015730.parquet,real_data_sample\l2_unseen_validation\trade_date=2026-07-17\exchange=NSE\symbol=JUNIORBEES\part-053934_158617-015730.parquet,35456,downloaded,35456,
2026-07-17,NSE,JUNIORBEES,raw_l2/trade_date=2026-07-17/exchange=NSE/symbol=JUNIORBEES/part-053838_464198-015602.parquet,real_data_sample\l2_unseen_validation\trade_date=2026-07-17\exchange=NSE\symbol=JUNIORBEES\part-053838_464198-015602.parquet,35559,downloaded,35559,
2026-07-17,NSE,JUNIORBEES,raw_l2/trade_date=2026-07-17/exchange=NSE/symbol=JUNIORBEES/part-053947_943415-015762.parquet,real_data_sample\l2_unseen_validation\trade_date=2026-07-17\exchange=NSE\symbol=JUNIORBEES\part-053947_943415-015762.parquet,35365,downloaded,35365,
2026-07-17,NSE,JUNIORBEES,raw_l2/trade_date=2026-07-17/exchange=NSE/symbol=JUNIORBEES/part-054015_856393-015826.parquet,real_data_sample\l2_unseen_validation\trade_date=2026-07-17\exchange=NSE\symbol=JUNIORBEES\part-054015_856393-015826.parquet,35847,downloaded,35847,
2026-07-17,NSE,JUNIORBEES,raw_l2/trade_date=2026-07-17/exchange=NSE/symbol=JUNIORBEES/part-053906_184645-015666.parquet,real_data_sample\l2_unseen_validation\trade_date=2026-07-17\exchange=NSE\symbol=JUNIORBEES\part-053906_184645-015666.parquet,35309,downloaded,35309,
2026-07-17,NSE,JUNIORBEES,raw_l2/trade_date=2026-07-17/exchange=NSE/symbol=JUNIORBEES/part-053920_275526-015698.parquet,real_data_sample\l2_unseen_validation\trade_date=2026-07-17\exchange=NSE\symbol=JUNIORBEES\part-053920_275526-015698.parquet,35215,downloaded,35215,
2026-07-17,NSE,JUNIORBEES,raw_l2/trade_date=2026-07-17/exchange=NSE/symbol=JUNIORBEES/part-053852_407478-015634.parquet,real_data_sample\l2_unseen_validation\trade_date=2026-07-17\exchange=NSE\symbol=JUNIORBEES\part-053852_407478-015634.parquet,35233,downloaded,35233,
2026-07-17,NSE,JUNIORBEES,raw_l2/trade_date=2026-07-17/exchange=NSE/symbol=JUNIORBEES/part-054002_054632-015794.parquet,real_data_sample\l2_unseen_validation\trade_date=2026-07-17\exchange=NSE\symbol=JUNIORBEES\part-054002_054632-015794.parquet,35618,downloaded,35618,
2026-07-17,NSE,JUNIORBEES,raw_l2/trade_date=2026-07-17/exchange=NSE/symbol=JUNIORBEES/part-054029_902720-015858.parquet,real_data_sample\l2_unseen_validation\trade_date=2026-07-17\exchange=NSE\symbol=JUNIORBEES\part-054029_902720-015858.parquet,34973,downloaded,34973,
2026-07-17,NSE,JUNIORBEES,raw_l2/trade_date=2026-07-17/exchange=NSE/symbol=JUNIORBEES/part-050427_963794-010930.parquet,real_data_sample\l2_unseen_validation\trade_date=2026-07-17\exchange=NSE\symbol=JUNIORBEES\part-050427_963794-010930.parquet,35190,downloaded,35190,
2026-07-17,NSE,JUNIORBEES,raw_l2/trade_date=2026-07-17/exchange=NSE/symbol=JUNIORBEES/part-054712_614646-016786.parquet,real_data_sample\l2_unseen_validation\trade_date=2026-07-17\exchange=NSE\symbol=JUNIORBEES\part-054712_614646-016786.parquet,34919,downloaded,34919,
2026-07-17,NSE,JUNIORBEES,raw_l2/trade_date=2026-07-17/exchange=NSE/symbol=JUNIORBEES/part-054549_451935-016594.parquet,real_data_sample\l2_unseen_validation\trade_date=2026-07-17\exchange=NSE\symbol=JUNIORBEES\part-054549_451935-016594.parquet,35166,downloaded,35166,
2026-07-17,NSE,JUNIORBEES,raw_l2/trade_date=2026-07-17/exchange=NSE/symbol=JUNIORBEES/part-054644_721672-016722.parquet,real_data_sample\l2_unseen_validation\trade_date=2026-07-17\exchange=NSE\symbol=JUNIORBEES\part-054644_721672-016722.parquet,34966,downloaded,34966,
2026-07-17,NSE,JUNIORBEES,raw_l2/trade_date=2026-07-17/exchange=NSE/symbol=JUNIORBEES/part-054043_773063-015890.parquet,real_data_sample\l2_unseen_validation\trade_date=2026-07-17\exchange=NSE\symbol=JUNIORBEES\part-054043_773063-015890.parquet,35389,downloaded,35389,
2026-07-17,NSE,JUNIORBEES,raw_l2/trade_date=2026-07-17/exchange=NSE/symbol=JUNIORBEES/part-054726_816061-016818.parquet,real_data_sample\l2_unseen_validation\trade_date=2026-07-17\exchange=NSE\symbol=JUNIORBEES\part-054726_816061-016818.parquet,35487,downloaded,35487,
2026-07-17,NSE,JUNIORBEES,raw_l2/trade_date=2026-07-17/exchange=NSE/symbol=JUNIORBEES/part-054658_621795-016754.parquet,real_data_sample\l2_unseen_validation\trade_date=2026-07-17\exchange=NSE\symbol=JUNIORBEES\part-054658_621795-016754.parquet,35071,downloaded,35071,
2026-07-17,NSE,JUNIORBEES,raw_l2/trade_date=2026-07-17/exchange=NSE/symbol=JUNIORBEES/part-054630_915909-016690.parquet,real_data_sample\l2_unseen_validation\trade_date=2026-07-17\exchange=NSE\symbol=JUNIORBEES\part-054630_915909-016690.parquet,35179,downloaded,35179,
2026-07-17,NSE,JUNIORBEES,raw_l2/trade_date=2026-07-17/exchange=NSE/symbol=JUNIORBEES/part-054603_300379-016626.parquet,real_data_sample\l2_unseen_validation\trade_date=2026-07-17\exchange=NSE\symbol=JUNIORBEES\part-054603_300379-016626.parquet,35192,downloaded,35192,
2026-07-17,NSE,JUNIORBEES,raw_l2/trade_date=2026-07-17/exchange=NSE/symbol=JUNIORBEES/part-054617_173805-016658.parquet,real_data_sample\l2_unseen_validation\trade_date=2026-07-17\exchange=NSE\symbol=JUNIORBEES\part-054617_173805-016658.parquet,35227,downloaded,35227,
2026-07-17,NSE,JUNIORBEES,raw_l2/trade_date=2026-07-17/exchange=NSE/symbol=JUNIORBEES/part-054248_681544-016178.parquet,real_data_sample\l2_unseen_validation\trade_date=2026-07-17\exchange=NSE\symbol=JUNIORBEES\part-054248_681544-016178.parquet,35179,downloaded,35179,
2026-07-17,NSE,JUNIORBEES,raw_l2/trade_date=2026-07-17/exchange=NSE/symbol=JUNIORBEES/part-054111_674736-015954.parquet,real_data_sample\l2_unseen_validation\trade_date=2026-07-17\exchange=NSE\symbol=JUNIORBEES\part-054111_674736-015954.parquet,35128,downloaded,35128,
2026-07-17,NSE,JUNIORBEES,raw_l2/trade_date=2026-07-17/exchange=NSE/symbol=JUNIORBEES/part-054535_503622-016562.parquet,real_data_sample\l2_unseen_validation\trade_date=2026-07-17\exchange=NSE\symbol=JUNIORBEES\part-054535_503622-016562.parquet,35243,downloaded,35243,
2026-07-17,NSE,JUNIORBEES,raw_l2/trade_date=2026-07-17/exchange=NSE/symbol=JUNIORBEES/part-054302_720591-016210.parquet,real_data_sample\l2_unseen_validation\trade_date=2026-07-17\exchange=NSE\symbol=JUNIORBEES\part-054302_720591-016210.parquet,35615,downloaded,35615,
2026-07-17,NSE,JUNIORBEES,raw_l2/trade_date=2026-07-17/exchange=NSE/symbol=JUNIORBEES/part-054125_410166-015986.parquet,real_data_sample\l2_unseen_validation\trade_date=2026-07-17\exchange=NSE\symbol=JUNIORBEES\part-054125_410166-015986.parquet,35311,downloaded,35311,
2026-07-17,NSE,JUNIORBEES,raw_l2/trade_date=2026-07-17/exchange=NSE/symbol=JUNIORBEES/part-054234_693080-016146.parquet,real_data_sample\l2_unseen_validation\trade_date=2026-07-17\exchange=NSE\symbol=JUNIORBEES\part-054234_693080-016146.parquet,35331,downloaded,35331,
2026-07-17,NSE,JUNIORBEES,raw_l2/trade_date=2026-07-17/exchange=NSE/symbol=JUNIORBEES/part-054521_661537-016530.parquet,real_data_sample\l2_unseen_validation\trade_date=2026-07-17\exchange=NSE\symbol=JUNIORBEES\part-054521_661537-016530.parquet,35596,downloaded,35596,
2026-07-17,NSE,JUNIORBEES,raw_l2/trade_date=2026-07-17/exchange=NSE/symbol=JUNIORBEES/part-054316_680190-016242.parquet,real_data_sample\l2_unseen_validation\trade_date=2026-07-17\exchange=NSE\symbol=JUNIORBEES\part-054316_680190-016242.parquet,35155,downloaded,35155,
2026-07-17,NSE,JUNIORBEES,raw_l2/trade_date=2026-07-17/exchange=NSE/symbol=JUNIORBEES/part-054358_226676-016338.parquet,real_data_sample\l2_unseen_validation\trade_date=2026-07-17\exchange=NSE\symbol=JUNIORBEES\part-054358_226676-016338.parquet,35257,downloaded,35257,
2026-07-17,NSE,JUNIORBEES,raw_l2/trade_date=2026-07-17/exchange=NSE/symbol=JUNIORBEES/part-054330_488682-016274.parquet,real_data_sample\l2_unseen_validation\trade_date=2026-07-17\exchange=NSE\symbol=JUNIORBEES\part-054330_488682-016274.parquet,35533,downloaded,35533,
2026-07-17,NSE,JUNIORBEES,raw_l2/trade_date=2026-07-17/exchange=NSE/symbol=JUNIORBEES/part-054439_953409-016434.parquet,real_data_sample\l2_unseen_validation\trade_date=2026-07-17\exchange=NSE\symbol=JUNIORBEES\part-054439_953409-016434.parquet,35457,downloaded,35457,
2026-07-17,NSE,JUNIORBEES,raw_l2/trade_date=2026-07-17/exchange=NSE/symbol=JUNIORBEES/part-054057_696601-015922.parquet,real_data_sample\l2_unseen_validation\trade_date=2026-07-17\exchange=NSE\symbol=JUNIORBEES\part-054057_696601-015922.parquet,35430,downloaded,35430,
2026-07-17,NSE,JUNIORBEES,raw_l2/trade_date=2026-07-17/exchange=NSE/symbol=JUNIORBEES/part-054412_285764-016370.parquet,real_data_sample\l2_unseen_validation\trade_date=2026-07-17\exchange=NSE\symbol=JUNIORBEES\part-054412_285764-016370.parquet,35460,downloaded,35460,
2026-07-17,NSE,JUNIORBEES,raw_l2/trade_date=2026-07-17/exchange=NSE/symbol=JUNIORBEES/part-054426_208118-016402.parquet,real_data_sample\l2_unseen_validation\trade_date=2026-07-17\exchange=NSE\symbol=JUNIORBEES\part-054426_208118-016402.parquet,35385,downloaded,35385,
2026-07-17,NSE,JUNIORBEES,raw_l2/trade_date=2026-07-17/exchange=NSE/symbol=JUNIORBEES/part-054740_869691-016850.parquet,real_data_sample\l2_unseen_validation\trade_date=2026-07-17\exchange=NSE\symbol=JUNIORBEES\part-054740_869691-016850.parquet,35209,downloaded,35209,
2026-07-17,NSE,JUNIORBEES,raw_l2/trade_date=2026-07-17/exchange=NSE/symbol=JUNIORBEES/part-054507_675990-016498.parquet,real_data_sample\l2_unseen_validation\trade_date=2026-07-17\exchange=NSE\symbol=JUNIORBEES\part-054507_675990-016498.parquet,35528,downloaded,35528,
2026-07-17,NSE,JUNIORBEES,raw_l2/trade_date=2026-07-17/exchange=NSE/symbol=JUNIORBEES/part-054152_966231-016050.parquet,real_data_sample\l2_unseen_validation\trade_date=2026-07-17\exchange=NSE\symbol=JUNIORBEES\part-054152_966231-016050.parquet,35381,downloaded,35381,
2026-07-17,NSE,JUNIORBEES,raw_l2/trade_date=2026-07-17/exchange=NSE/symbol=JUNIORBEES/part-054453_978508-016466.parquet,real_data_sample\l2_unseen_validation\trade_date=2026-07-17\exchange=NSE\symbol=JUNIORBEES\part-054453_978508-016466.parquet,35134,downloaded,35134,
2026-07-17,NSE,JUNIORBEES,raw_l2/trade_date=2026-07-17/exchange=NSE/symbol=JUNIORBEES/part-054344_442327-016306.parquet,real_data_sample\l2_unseen_validation\trade_date=2026-07-17\exchange=NSE\symbol=JUNIORBEES\part-054344_442327-016306.parquet,35170,downloaded,35170,
2026-07-17,NSE,JUNIORBEES,raw_l2/trade_date=2026-07-17/exchange=NSE/symbol=JUNIORBEES/part-054809_012121-016914.parquet,real_data_sample\l2_unseen_validation\trade_date=2026-07-17\exchange=NSE\symbol=JUNIORBEES\part-054809_012121-016914.parquet,35192,downloaded,35192,
2026-07-17,NSE,JUNIORBEES,raw_l2/trade_date=2026-07-17/exchange=NSE/symbol=JUNIORBEES/part-054823_190953-016946.parquet,real_data_sample\l2_unseen_validation\trade_date=2026-07-17\exchange=NSE\symbol=JUNIORBEES\part-054823_190953-016946.parquet,35231,downloaded,35231,
2026-07-17,NSE,JUNIORBEES,raw_l2/trade_date=2026-07-17/exchange=NSE/symbol=JUNIORBEES/part-055130_165167-017362.parquet,real_data_sample\l2_unseen_validation\trade_date=2026-07-17\exchange=NSE\symbol=JUNIORBEES\part-055130_165167-017362.parquet,35307,downloaded,35307,
2026-07-17,NSE,JUNIORBEES,raw_l2/trade_date=2026-07-17/exchange=NSE/symbol=JUNIORBEES/part-055100_670246-017298.parquet,real_data_sample\l2_unseen_validation\trade_date=2026-07-17\exchange=NSE\symbol=JUNIORBEES\part-055100_670246-017298.parquet,35246,downloaded,35246,
2026-07-17,NSE,JUNIORBEES,raw_l2/trade_date=2026-07-17/exchange=NSE/symbol=JUNIORBEES/part-055046_163275-017266.parquet,real_data_sample\l2_unseen_validation\trade_date=2026-07-17\exchange=NSE\symbol=JUNIORBEES\part-055046_163275-017266.parquet,35564,downloaded,35564,
2026-07-17,NSE,JUNIORBEES,raw_l2/trade_date=2026-07-17/exchange=NSE/symbol=JUNIORBEES/part-055031_444808-017234.parquet,real_data_sample\l2_unseen_validation\trade_date=2026-07-17\exchange=NSE\symbol=JUNIORBEES\part-055031_444808-017234.parquet,35801,downloaded,35801,
2026-07-17,NSE,JUNIORBEES,raw_l2/trade_date=2026-07-17/exchange=NSE/symbol=JUNIORBEES/part-055017_444870-017202.parquet,real_data_sample\l2_unseen_validation\trade_date=2026-07-17\exchange=NSE\symbol=JUNIORBEES\part-055017_444870-017202.parquet,35056,downloaded,35056,
2026-07-17,NSE,JUNIORBEES,raw_l2/trade_date=2026-07-17/exchange=NSE/symbol=JUNIORBEES/part-054934_019713-017106.parquet,real_data_sample\l2_unseen_validation\trade_date=2026-07-17\exchange=NSE\symbol=JUNIORBEES\part-054934_019713-017106.parquet,35667,downloaded,35667,
2026-07-17,NSE,JUNIORBEES,raw_l2/trade_date=2026-07-17/exchange=NSE/symbol=JUNIORBEES/part-055228_639068-017490.parquet,real_data_sample\l2_unseen_validation\trade_date=2026-07-17\exchange=NSE\symbol=JUNIORBEES\part-055228_639068-017490.parquet,35537,downloaded,35537,
2026-07-17,NSE,JUNIORBEES,raw_l2/trade_date=2026-07-17/exchange=NSE/symbol=JUNIORBEES/part-055115_169194-017330.parquet,real_data_sample\l2_unseen_validation\trade_date=2026-07-17\exchange=NSE\symbol=JUNIORBEES\part-055115_169194-017330.parquet,35248,downloaded,35248,
2026-07-17,NSE,JUNIORBEES,raw_l2/trade_date=2026-07-17/exchange=NSE/symbol=JUNIORBEES/part-054948_447025-017138.parquet,real_data_sample\l2_unseen_validation\trade_date=2026-07-17\exchange=NSE\symbol=JUNIORBEES\part-054948_447025-017138.parquet,34926,downloaded,34926,
2026-07-17,NSE,JUNIORBEES,raw_l2/trade_date=2026-07-17/exchange=NSE/symbol=JUNIORBEES/part-054851_663530-017010.parquet,real_data_sample\l2_unseen_validation\trade_date=2026-07-17\exchange=NSE\symbol=JUNIORBEES\part-054851_663530-017010.parquet,35135,downloaded,35135,
2026-07-17,NSE,JUNIORBEES,raw_l2/trade_date=2026-07-17/exchange=NSE/symbol=JUNIORBEES/part-054837_406941-016978.parquet,real_data_sample\l2_unseen_validation\trade_date=2026-07-17\exchange=NSE\symbol=JUNIORBEES\part-054837_406941-016978.parquet,35295,downloaded,35295,
2026-07-17,NSE,JUNIORBEES,raw_l2/trade_date=2026-07-17/exchange=NSE/symbol=JUNIORBEES/part-054905_657025-017042.parquet,real_data_sample\l2_unseen_validation\trade_date=2026-07-17\exchange=NSE\symbol=JUNIORBEES\part-054905_657025-017042.parquet,35039,downloaded,35039,
2026-07-17,NSE,JUNIORBEES,raw_l2/trade_date=2026-07-17/exchange=NSE/symbol=JUNIORBEES/part-055003_057183-017170.parquet,real_data_sample\l2_unseen_validation\trade_date=2026-07-17\exchange=NSE\symbol=JUNIORBEES\part-055003_057183-017170.parquet,35485,downloaded,35485,
2026-07-17,NSE,JUNIORBEES,raw_l2/trade_date=2026-07-17/exchange=NSE/symbol=JUNIORBEES/part-055159_657834-017426.parquet,real_data_sample\l2_unseen_validation\trade_date=2026-07-17\exchange=NSE\symbol=JUNIORBEES\part-055159_657834-017426.parquet,35033,downloaded,35033,
2026-07-17,NSE,JUNIORBEES,raw_l2/trade_date=2026-07-17/exchange=NSE/symbol=JUNIORBEES/part-054919_912077-017074.parquet,real_data_sample\l2_unseen_validation\trade_date=2026-07-17\exchange=NSE\symbol=JUNIORBEES\part-054919_912077-017074.parquet,35199,downloaded,35199,
2026-07-17,NSE,JUNIORBEES,raw_l2/trade_date=2026-07-17/exchange=NSE/symbol=JUNIORBEES/part-055144_964399-017394.parquet,real_data_sample\l2_unseen_validation\trade_date=2026-07-17\exchange=NSE\symbol=JUNIORBEES\part-055144_964399-017394.parquet,35231,downloaded,35231,
2026-07-17,NSE,JUNIORBEES,raw_l2/trade_date=2026-07-17/exchange=NSE/symbol=JUNIORBEES/part-055214_102299-017458.parquet,real_data_sample\l2_unseen_validation\trade_date=2026-07-17\exchange=NSE\symbol=JUNIORBEES\part-055214_102299-017458.parquet,35064,downloaded,35064,
2026-07-17,NSE,JUNIORBEES,raw_l2/trade_date=2026-07-17/exchange=NSE/symbol=JUNIORBEES/part-055258_189740-017554.parquet,real_data_sample\l2_unseen_validation\trade_date=2026-07-17\exchange=NSE\symbol=JUNIORBEES\part-055258_189740-017554.parquet,35653,downloaded,35653,
2026-07-17,NSE,JUNIORBEES,raw_l2/trade_date=2026-07-17/exchange=NSE/symbol=JUNIORBEES/part-055243_581442-017522.parquet,real_data_sample\l2_unseen_validation\trade_date=2026-07-17\exchange=NSE\symbol=JUNIORBEES\part-055243_581442-017522.parquet,35464,downloaded,35464,
2026-07-17,NSE,JUNIORBEES,raw_l2/trade_date=2026-07-17/exchange=NSE/symbol=JUNIORBEES/part-055312_535799-017586.parquet,real_data_sample\l2_unseen_validation\trade_date=2026-07-17\exchange=NSE\symbol=JUNIORBEES\part-055312_535799-017586.parquet,35595,downloaded,35595,
2026-07-17,NSE,JUNIORBEES,raw_l2/trade_date=2026-07-17/exchange=NSE/symbol=JUNIORBEES/part-055409_678882-017714.parquet,real_data_sample\l2_unseen_validation\trade_date=2026-07-17\exchange=NSE\symbol=JUNIORBEES\part-055409_678882-017714.parquet,35447,downloaded,35447,
2026-07-17,NSE,JUNIORBEES,raw_l2/trade_date=2026-07-17/exchange=NSE/symbol=JUNIORBEES/part-055355_489037-017682.parquet,real_data_sample\l2_unseen_validation\trade_date=2026-07-17\exchange=NSE\symbol=JUNIORBEES\part-055355_489037-017682.parquet,35665,downloaded,35665,
2026-07-17,NSE,JUNIORBEES,raw_l2/trade_date=2026-07-17/exchange=NSE/symbol=JUNIORBEES/part-055423_775938-017746.parquet,real_data_sample\l2_unseen_validation\trade_date=2026-07-17\exchange=NSE\symbol=JUNIORBEES\part-055423_775938-017746.parquet,35566,downloaded,35566,
2026-07-17,NSE,JUNIORBEES,raw_l2/trade_date=2026-07-17/exchange=NSE/symbol=JUNIORBEES/part-055326_603499-017618.parquet,real_data_sample\l2_unseen_validation\trade_date=2026-07-17\exchange=NSE\symbol=JUNIORBEES\part-055326_603499-017618.parquet,35382,downloaded,35382,
2026-07-17,NSE,JUNIORBEES,raw_l2/trade_date=2026-07-17/exchange=NSE/symbol=JUNIORBEES/part-055341_140415-017650.parquet,real_data_sample\l2_unseen_validation\trade_date=2026-07-17\exchange=NSE\symbol=JUNIORBEES\part-055341_140415-017650.parquet,35714,downloaded,35714,
2026-07-17,NSE,JUNIORBEES,raw_l2/trade_date=2026-07-17/exchange=NSE/symbol=JUNIORBEES/part-054755_031013-016882.parquet,real_data_sample\l2_unseen_validation\trade_date=2026-07-17\exchange=NSE\symbol=JUNIORBEES\part-054755_031013-016882.parquet,35142,downloaded,35142,
2026-07-17,NSE,JUNIORBEES,raw_l2/trade_date=2026-07-17/exchange=NSE/symbol=JUNIORBEES/part-054139_183125-016018.parquet,real_data_sample\l2_unseen_validation\trade_date=2026-07-17\exchange=NSE\symbol=JUNIORBEES\part-054139_183125-016018.parquet,35632,downloaded,35632,
2026-07-17,NSE,JUNIORBEES,raw_l2/trade_date=2026-07-17/exchange=NSE/symbol=JUNIORBEES/part-055451_822203-017810.parquet,real_data_sample\l2_unseen_validation\trade_date=2026-07-17\exchange=NSE\symbol=JUNIORBEES\part-055451_822203-017810.parquet,35400,downloaded,35400,
2026-07-17,NSE,JUNIORBEES,raw_l2/trade_date=2026-07-17/exchange=NSE/symbol=JUNIORBEES/part-055505_821874-017842.parquet,real_data_sample\l2_unseen_validation\trade_date=2026-07-17\exchange=NSE\symbol=JUNIORBEES\part-055505_821874-017842.parquet,35818,downloaded,35818,
2026-07-17,NSE,JUNIORBEES,raw_l2/trade_date=2026-07-17/exchange=NSE/symbol=JUNIORBEES/part-055437_834069-017778.parquet,real_data_sample\l2_unseen_validation\trade_date=2026-07-17\exchange=NSE\symbol=JUNIORBEES\part-055437_834069-017778.parquet,35510,downloaded,35510,
2026-07-17,NSE,JUNIORBEES,raw_l2/trade_date=2026-07-17/exchange=NSE/symbol=JUNIORBEES/part-054206_946502-016082.parquet,real_data_sample\l2_unseen_validation\trade_date=2026-07-17\exchange=NSE\symbol=JUNIORBEES\part-054206_946502-016082.parquet,35272,downloaded,35272,
2026-07-17,NSE,JUNIORBEES,raw_l2/trade_date=2026-07-17/exchange=NSE/symbol=JUNIORBEES/part-055519_798490-017874.parquet,real_data_sample\l2_unseen_validation\trade_date=2026-07-17\exchange=NSE\symbol=JUNIORBEES\part-055519_798490-017874.parquet,35346,downloaded,35346,
2026-07-17,NSE,JUNIORBEES,raw_l2/trade_date=2026-07-17/exchange=NSE/symbol=JUNIORBEES/part-054220_931302-016114.parquet,real_data_sample\l2_unseen_validation\trade_date=2026-07-17\exchange=NSE\symbol=JUNIORBEES\part-054220_931302-016114.parquet,35560,downloaded,35560,
2026-07-17,NSE,JUNIORBEES,raw_l2/trade_date=2026-07-17/exchange=NSE/symbol=JUNIORBEES/part-055547_824667-017938.parquet,real_data_sample\l2_unseen_validation\trade_date=2026-07-17\exchange=NSE\symbol=JUNIORBEES\part-055547_824667-017938.parquet,35145,downloaded,35145,
2026-07-17,NSE,JUNIORBEES,raw_l2/trade_date=2026-07-17/exchange=NSE/symbol=JUNIORBEES/part-055630_120428-018034.parquet,real_data_sample\l2_unseen_validation\trade_date=2026-07-17\exchange=NSE\symbol=JUNIORBEES\part-055630_120428-018034.parquet,35473,downloaded,35473,
2026-07-17,NSE,JUNIORBEES,raw_l2/trade_date=2026-07-17/exchange=NSE/symbol=JUNIORBEES/part-055533_839333-017906.parquet,real_data_sample\l2_unseen_validation\trade_date=2026-07-17\exchange=NSE\symbol=JUNIORBEES\part-055533_839333-017906.parquet,35717,downloaded,35717,
2026-07-17,NSE,JUNIORBEES,raw_l2/trade_date=2026-07-17/exchange=NSE/symbol=JUNIORBEES/part-055616_089074-018002.parquet,real_data_sample\l2_unseen_validation\trade_date=2026-07-17\exchange=NSE\symbol=JUNIORBEES\part-055616_089074-018002.parquet,35484,downloaded,35484,
2026-07-17,NSE,JUNIORBEES,raw_l2/trade_date=2026-07-17/exchange=NSE/symbol=JUNIORBEES/part-055602_010077-017970.parquet,real_data_sample\l2_unseen_validation\trade_date=2026-07-17\exchange=NSE\symbol=JUNIORBEES\part-055602_010077-017970.parquet,35249,downloaded,35249,
2026-07-17,NSE,JUNIORBEES,raw_l2/trade_date=2026-07-17/exchange=NSE/symbol=JUNIORBEES/part-055644_310115-018066.parquet,real_data_sample\l2_unseen_validation\trade_date=2026-07-17\exchange=NSE\symbol=JUNIORBEES\part-055644_310115-018066.parquet,35738,downloaded,35738,
2026-07-17,NSE,JUNIORBEES,raw_l2/trade_date=2026-07-17/exchange=NSE/symbol=JUNIORBEES/part-055712_391176-018130.parquet,real_data_sample\l2_unseen_validation\trade_date=2026-07-17\exchange=NSE\symbol=JUNIORBEES\part-055712_391176-018130.parquet,35803,downloaded,35803,
2026-07-17,NSE,JUNIORBEES,raw_l2/trade_date=2026-07-17/exchange=NSE/symbol=JUNIORBEES/part-055658_323603-018098.parquet,real_data_sample\l2_unseen_validation\trade_date=2026-07-17\exchange=NSE\symbol=JUNIORBEES\part-055658_323603-018098.parquet,35851,downloaded,35851,
2026-07-17,NSE,JUNIORBEES,raw_l2/trade_date=2026-07-17/exchange=NSE/symbol=JUNIORBEES/part-055726_425485-018162.parquet,real_data_sample\l2_unseen_validation\trade_date=2026-07-17\exchange=NSE\symbol=JUNIORBEES\part-055726_425485-018162.parquet,35629,downloaded,35629,
2026-07-17,NSE,JUNIORBEES,raw_l2/trade_date=2026-07-17/exchange=NSE/symbol=JUNIORBEES/part-055740_614130-018194.parquet,real_data_sample\l2_unseen_validation\trade_date=2026-07-17\exchange=NSE\symbol=JUNIORBEES\part-055740_614130-018194.parquet,35701,downloaded,35701,
2026-07-17,NSE,JUNIORBEES,raw_l2/trade_date=2026-07-17/exchange=NSE/symbol=JUNIORBEES/part-055808_519100-018258.parquet,real_data_sample\l2_unseen_validation\trade_date=2026-07-17\exchange=NSE\symbol=JUNIORBEES\part-055808_519100-018258.parquet,35598,downloaded,35598,
2026-07-17,NSE,JUNIORBEES,raw_l2/trade_date=2026-07-17/exchange=NSE/symbol=JUNIORBEES/part-055754_603902-018226.parquet,real_data_sample\l2_unseen_validation\trade_date=2026-07-17\exchange=NSE\symbol=JUNIORBEES\part-055754_603902-018226.parquet,35686,downloaded,35686,
2026-07-17,NSE,JUNIORBEES,raw_l2/trade_date=2026-07-17/exchange=NSE/symbol=JUNIORBEES/part-055851_229262-018354.parquet,real_data_sample\l2_unseen_validation\trade_date=2026-07-17\exchange=NSE\symbol=JUNIORBEES\part-055851_229262-018354.parquet,35167,downloaded,35167,
2026-07-17,NSE,JUNIORBEES,raw_l2/trade_date=2026-07-17/exchange=NSE/symbol=JUNIORBEES/part-055822_658729-018290.parquet,real_data_sample\l2_unseen_validation\trade_date=2026-07-17\exchange=NSE\symbol=JUNIORBEES\part-055822_658729-018290.parquet,35640,downloaded,35640,
2026-07-17,NSE,JUNIORBEES,raw_l2/trade_date=2026-07-17/exchange=NSE/symbol=JUNIORBEES/part-055836_927722-018322.parquet,real_data_sample\l2_unseen_validation\trade_date=2026-07-17\exchange=NSE\symbol=JUNIORBEES\part-055836_927722-018322.parquet,35378,downloaded,35378,
2026-07-17,NSE,JUNIORBEES,raw_l2/trade_date=2026-07-17/exchange=NSE/symbol=JUNIORBEES/part-055919_379735-018418.parquet,real_data_sample\l2_unseen_validation\trade_date=2026-07-17\exchange=NSE\symbol=JUNIORBEES\part-055919_379735-018418.parquet,35407,downloaded,35407,
2026-07-17,NSE,JUNIORBEES,raw_l2/trade_date=2026-07-17/exchange=NSE/symbol=JUNIORBEES/part-055905_365605-018386.parquet,real_data_sample\l2_unseen_validation\trade_date=2026-07-17\exchange=NSE\symbol=JUNIORBEES\part-055905_365605-018386.parquet,35418,downloaded,35418,
2026-07-17,NSE,JUNIORBEES,raw_l2/trade_date=2026-07-17/exchange=NSE/symbol=JUNIORBEES/part-055933_586514-018450.parquet,real_data_sample\l2_unseen_validation\trade_date=2026-07-17\exchange=NSE\symbol=JUNIORBEES\part-055933_586514-018450.parquet,35140,downloaded,35140,
2026-07-17,NSE,JUNIORBEES,raw_l2/trade_date=2026-07-17/exchange=NSE/symbol=JUNIORBEES/part-060141_476974-018738.parquet,real_data_sample\l2_unseen_validation\trade_date=2026-07-17\exchange=NSE\symbol=JUNIORBEES\part-060141_476974-018738.parquet,35493,downloaded,35493,
2026-07-17,NSE,JUNIORBEES,raw_l2/trade_date=2026-07-17/exchange=NSE/symbol=JUNIORBEES/part-060155_599171-018770.parquet,real_data_sample\l2_unseen_validation\trade_date=2026-07-17\exchange=NSE\symbol=JUNIORBEES\part-060155_599171-018770.parquet,35527,downloaded,35527,
2026-07-17,NSE,JUNIORBEES,raw_l2/trade_date=2026-07-17/exchange=NSE/symbol=JUNIORBEES/part-060113_353211-018674.parquet,real_data_sample\l2_unseen_validation\trade_date=2026-07-17\exchange=NSE\symbol=JUNIORBEES\part-060113_353211-018674.parquet,35871,downloaded,35871,
2026-07-17,NSE,JUNIORBEES,raw_l2/trade_date=2026-07-17/exchange=NSE/symbol=JUNIORBEES/part-060209_575685-018802.parquet,real_data_sample\l2_unseen_validation\trade_date=2026-07-17\exchange=NSE\symbol=JUNIORBEES\part-060209_575685-018802.parquet,35793,downloaded,35793,
2026-07-17,NSE,JUNIORBEES,raw_l2/trade_date=2026-07-17/exchange=NSE/symbol=JUNIORBEES/part-060237_886923-018866.parquet,real_data_sample\l2_unseen_validation\trade_date=2026-07-17\exchange=NSE\symbol=JUNIORBEES\part-060237_886923-018866.parquet,35439,downloaded,35439,
2026-07-17,NSE,JUNIORBEES,raw_l2/trade_date=2026-07-17/exchange=NSE/symbol=JUNIORBEES/part-060059_153201-018642.parquet,real_data_sample\l2_unseen_validation\trade_date=2026-07-17\exchange=NSE\symbol=JUNIORBEES\part-060059_153201-018642.parquet,35599,downloaded,35599,
2026-07-17,NSE,JUNIORBEES,raw_l2/trade_date=2026-07-17/exchange=NSE/symbol=JUNIORBEES/part-060044_951146-018610.parquet,real_data_sample\l2_unseen_validation\trade_date=2026-07-17\exchange=NSE\symbol=JUNIORBEES\part-060044_951146-018610.parquet,35819,downloaded,35819,
2026-07-17,NSE,JUNIORBEES,raw_l2/trade_date=2026-07-17/exchange=NSE/symbol=JUNIORBEES/part-060016_605123-018546.parquet,real_data_sample\l2_unseen_validation\trade_date=2026-07-17\exchange=NSE\symbol=JUNIORBEES\part-060016_605123-018546.parquet,35630,downloaded,35630,
2026-07-17,NSE,JUNIORBEES,raw_l2/trade_date=2026-07-17/exchange=NSE/symbol=JUNIORBEES/part-060002_434291-018514.parquet,real_data_sample\l2_unseen_validation\trade_date=2026-07-17\exchange=NSE\symbol=JUNIORBEES\part-060002_434291-018514.parquet,35836,downloaded,35836,
2026-07-17,NSE,JUNIORBEES,raw_l2/trade_date=2026-07-17/exchange=NSE/symbol=JUNIORBEES/part-055947_746930-018482.parquet,real_data_sample\l2_unseen_validation\trade_date=2026-07-17\exchange=NSE\symbol=JUNIORBEES\part-055947_746930-018482.parquet,35471,downloaded,35471,
2026-07-17,NSE,JUNIORBEES,raw_l2/trade_date=2026-07-17/exchange=NSE/symbol=JUNIORBEES/part-060251_938824-018898.parquet,real_data_sample\l2_unseen_validation\trade_date=2026-07-17\exchange=NSE\symbol=JUNIORBEES\part-060251_938824-018898.parquet,35630,downloaded,35630,
2026-07-17,NSE,JUNIORBEES,raw_l2/trade_date=2026-07-17/exchange=NSE/symbol=JUNIORBEES/part-060348_108374-019026.parquet,real_data_sample\l2_unseen_validation\trade_date=2026-07-17\exchange=NSE\symbol=JUNIORBEES\part-060348_108374-019026.parquet,35557,downloaded,35557,
2026-07-17,NSE,JUNIORBEES,raw_l2/trade_date=2026-07-17/exchange=NSE/symbol=JUNIORBEES/part-060030_707649-018578.parquet,real_data_sample\l2_unseen_validation\trade_date=2026-07-17\exchange=NSE\symbol=JUNIORBEES\part-060030_707649-018578.parquet,35436,downloaded,35436,
2026-07-17,NSE,JUNIORBEES,raw_l2/trade_date=2026-07-17/exchange=NSE/symbol=JUNIORBEES/part-060306_067813-018930.parquet,real_data_sample\l2_unseen_validation\trade_date=2026-07-17\exchange=NSE\symbol=JUNIORBEES\part-060306_067813-018930.parquet,35702,downloaded,35702,
2026-07-17,NSE,JUNIORBEES,raw_l2/trade_date=2026-07-17/exchange=NSE/symbol=JUNIORBEES/part-060334_076665-018994.parquet,real_data_sample\l2_unseen_validation\trade_date=2026-07-17\exchange=NSE\symbol=JUNIORBEES\part-060334_076665-018994.parquet,35612,downloaded,35612,
2026-07-17,NSE,JUNIORBEES,raw_l2/trade_date=2026-07-17/exchange=NSE/symbol=JUNIORBEES/part-060402_071699-019058.parquet,real_data_sample\l2_unseen_validation\trade_date=2026-07-17\exchange=NSE\symbol=JUNIORBEES\part-060402_071699-019058.parquet,35113,downloaded,35113,
2026-07-17,NSE,JUNIORBEES,raw_l2/trade_date=2026-07-17/exchange=NSE/symbol=JUNIORBEES/part-060416_137342-019090.parquet,real_data_sample\l2_unseen_validation\trade_date=2026-07-17\exchange=NSE\symbol=JUNIORBEES\part-060416_137342-019090.parquet,35090,downloaded,35090,
2026-07-17,NSE,JUNIORBEES,raw_l2/trade_date=2026-07-17/exchange=NSE/symbol=JUNIORBEES/part-060320_123918-018962.parquet,real_data_sample\l2_unseen_validation\trade_date=2026-07-17\exchange=NSE\symbol=JUNIORBEES\part-060320_123918-018962.parquet,35651,downloaded,35651,
2026-07-17,NSE,JUNIORBEES,raw_l2/trade_date=2026-07-17/exchange=NSE/symbol=JUNIORBEES/part-060430_533608-019122.parquet,real_data_sample\l2_unseen_validation\trade_date=2026-07-17\exchange=NSE\symbol=JUNIORBEES\part-060430_533608-019122.parquet,35584,downloaded,35584,
2026-07-17,NSE,JUNIORBEES,raw_l2/trade_date=2026-07-17/exchange=NSE/symbol=JUNIORBEES/part-060458_755952-019186.parquet,real_data_sample\l2_unseen_validation\trade_date=2026-07-17\exchange=NSE\symbol=JUNIORBEES\part-060458_755952-019186.parquet,35757,downloaded,35757,
2026-07-17,NSE,JUNIORBEES,raw_l2/trade_date=2026-07-17/exchange=NSE/symbol=JUNIORBEES/part-060541_088719-019282.parquet,real_data_sample\l2_unseen_validation\trade_date=2026-07-17\exchange=NSE\symbol=JUNIORBEES\part-060541_088719-019282.parquet,35362,downloaded,35362,
2026-07-17,NSE,JUNIORBEES,raw_l2/trade_date=2026-07-17/exchange=NSE/symbol=JUNIORBEES/part-060512_856398-019218.parquet,real_data_sample\l2_unseen_validation\trade_date=2026-07-17\exchange=NSE\symbol=JUNIORBEES\part-060512_856398-019218.parquet,35771,downloaded,35771,
2026-07-17,NSE,JUNIORBEES,raw_l2/trade_date=2026-07-17/exchange=NSE/symbol=JUNIORBEES/part-060555_018690-019314.parquet,real_data_sample\l2_unseen_validation\trade_date=2026-07-17\exchange=NSE\symbol=JUNIORBEES\part-060555_018690-019314.parquet,35263,downloaded,35263,
2026-07-17,NSE,JUNIORBEES,raw_l2/trade_date=2026-07-17/exchange=NSE/symbol=JUNIORBEES/part-060444_849361-019154.parquet,real_data_sample\l2_unseen_validation\trade_date=2026-07-17\exchange=NSE\symbol=JUNIORBEES\part-060444_849361-019154.parquet,35317,downloaded,35317,
2026-07-17,NSE,JUNIORBEES,raw_l2/trade_date=2026-07-17/exchange=NSE/symbol=JUNIORBEES/part-060636_811714-019410.parquet,real_data_sample\l2_unseen_validation\trade_date=2026-07-17\exchange=NSE\symbol=JUNIORBEES\part-060636_811714-019410.parquet,34930,downloaded,34930,
2026-07-17,NSE,JUNIORBEES,raw_l2/trade_date=2026-07-17/exchange=NSE/symbol=JUNIORBEES/part-060622_807338-019378.parquet,real_data_sample\l2_unseen_validation\trade_date=2026-07-17\exchange=NSE\symbol=JUNIORBEES\part-060622_807338-019378.parquet,34878,downloaded,34878,
2026-07-17,NSE,JUNIORBEES,raw_l2/trade_date=2026-07-17/exchange=NSE/symbol=JUNIORBEES/part-060526_912468-019250.parquet,real_data_sample\l2_unseen_validation\trade_date=2026-07-17\exchange=NSE\symbol=JUNIORBEES\part-060526_912468-019250.parquet,35562,downloaded,35562,
2026-07-17,NSE,JUNIORBEES,raw_l2/trade_date=2026-07-17/exchange=NSE/symbol=JUNIORBEES/part-060609_002945-019346.parquet,real_data_sample\l2_unseen_validation\trade_date=2026-07-17\exchange=NSE\symbol=JUNIORBEES\part-060609_002945-019346.parquet,34992,downloaded,34992,
2026-07-17,NSE,JUNIORBEES,raw_l2/trade_date=2026-07-17/exchange=NSE/symbol=JUNIORBEES/part-060127_359550-018706.parquet,real_data_sample\l2_unseen_validation\trade_date=2026-07-17\exchange=NSE\symbol=JUNIORBEES\part-060127_359550-018706.parquet,35566,downloaded,35566,
2026-07-17,NSE,JUNIORBEES,raw_l2/trade_date=2026-07-17/exchange=NSE/symbol=JUNIORBEES/part-060705_036854-019474.parquet,real_data_sample\l2_unseen_validation\trade_date=2026-07-17\exchange=NSE\symbol=JUNIORBEES\part-060705_036854-019474.parquet,35669,downloaded,35669,
2026-07-17,NSE,JUNIORBEES,raw_l2/trade_date=2026-07-17/exchange=NSE/symbol=JUNIORBEES/part-060719_124015-019506.parquet,real_data_sample\l2_unseen_validation\trade_date=2026-07-17\exchange=NSE\symbol=JUNIORBEES\part-060719_124015-019506.parquet,35259,downloaded,35259,
2026-07-17,NSE,JUNIORBEES,raw_l2/trade_date=2026-07-17/exchange=NSE/symbol=JUNIORBEES/part-060651_052556-019442.parquet,real_data_sample\l2_unseen_validation\trade_date=2026-07-17\exchange=NSE\symbol=JUNIORBEES\part-060651_052556-019442.parquet,35670,downloaded,35670,
2026-07-17,NSE,JUNIORBEES,raw_l2/trade_date=2026-07-17/exchange=NSE/symbol=JUNIORBEES/part-060223_847861-018834.parquet,real_data_sample\l2_unseen_validation\trade_date=2026-07-17\exchange=NSE\symbol=JUNIORBEES\part-060223_847861-018834.parquet,35685,downloaded,35685,
2026-07-17,NSE,JUNIORBEES,raw_l2/trade_date=2026-07-17/exchange=NSE/symbol=JUNIORBEES/part-060733_426983-019538.parquet,real_data_sample\l2_unseen_validation\trade_date=2026-07-17\exchange=NSE\symbol=JUNIORBEES\part-060733_426983-019538.parquet,35557,downloaded,35557,
2026-07-17,NSE,JUNIORBEES,raw_l2/trade_date=2026-07-17/exchange=NSE/symbol=JUNIORBEES/part-060747_917765-019570.parquet,real_data_sample\l2_unseen_validation\trade_date=2026-07-17\exchange=NSE\symbol=JUNIORBEES\part-060747_917765-019570.parquet,35239,downloaded,35239,
2026-07-17,NSE,JUNIORBEES,raw_l2/trade_date=2026-07-17/exchange=NSE/symbol=JUNIORBEES/part-060818_218753-019634.parquet,real_data_sample\l2_unseen_validation\trade_date=2026-07-17\exchange=NSE\symbol=JUNIORBEES\part-060818_218753-019634.parquet,35133,downloaded,35133,
2026-07-17,NSE,JUNIORBEES,raw_l2/trade_date=2026-07-17/exchange=NSE/symbol=JUNIORBEES/part-060847_068298-019698.parquet,real_data_sample\l2_unseen_validation\trade_date=2026-07-17\exchange=NSE\symbol=JUNIORBEES\part-060847_068298-019698.parquet,34502,downloaded,34502,
2026-07-17,NSE,JUNIORBEES,raw_l2/trade_date=2026-07-17/exchange=NSE/symbol=JUNIORBEES/part-060901_365779-019730.parquet,real_data_sample\l2_unseen_validation\trade_date=2026-07-17\exchange=NSE\symbol=JUNIORBEES\part-060901_365779-019730.parquet,34518,downloaded,34518,
2026-07-17,NSE,JUNIORBEES,raw_l2/trade_date=2026-07-17/exchange=NSE/symbol=JUNIORBEES/part-060915_382518-019762.parquet,real_data_sample\l2_unseen_validation\trade_date=2026-07-17\exchange=NSE\symbol=JUNIORBEES\part-060915_382518-019762.parquet,34773,downloaded,34773,
2026-07-17,NSE,JUNIORBEES,raw_l2/trade_date=2026-07-17/exchange=NSE/symbol=JUNIORBEES/part-060944_309894-019826.parquet,real_data_sample\l2_unseen_validation\trade_date=2026-07-17\exchange=NSE\symbol=JUNIORBEES\part-060944_309894-019826.parquet,35276,downloaded,35276,
2026-07-17,NSE,JUNIORBEES,raw_l2/trade_date=2026-07-17/exchange=NSE/symbol=JUNIORBEES/part-060803_361282-019602.parquet,real_data_sample\l2_unseen_validation\trade_date=2026-07-17\exchange=NSE\symbol=JUNIORBEES\part-060803_361282-019602.parquet,35039,downloaded,35039,
2026-07-17,NSE,JUNIORBEES,raw_l2/trade_date=2026-07-17/exchange=NSE/symbol=JUNIORBEES/part-060929_903535-019794.parquet,real_data_sample\l2_unseen_validation\trade_date=2026-07-17\exchange=NSE\symbol=JUNIORBEES\part-060929_903535-019794.parquet,35254,downloaded,35254,
2026-07-17,NSE,JUNIORBEES,raw_l2/trade_date=2026-07-17/exchange=NSE/symbol=JUNIORBEES/part-060832_841098-019666.parquet,real_data_sample\l2_unseen_validation\trade_date=2026-07-17\exchange=NSE\symbol=JUNIORBEES\part-060832_841098-019666.parquet,34378,downloaded,34378,
2026-07-17,NSE,JUNIORBEES,raw_l2/trade_date=2026-07-17/exchange=NSE/symbol=JUNIORBEES/part-060958_547559-019858.parquet,real_data_sample\l2_unseen_validation\trade_date=2026-07-17\exchange=NSE\symbol=JUNIORBEES\part-060958_547559-019858.parquet,35331,downloaded,35331,
2026-07-17,NSE,JUNIORBEES,raw_l2/trade_date=2026-07-17/exchange=NSE/symbol=JUNIORBEES/part-061027_141646-019922.parquet,real_data_sample\l2_unseen_validation\trade_date=2026-07-17\exchange=NSE\symbol=JUNIORBEES\part-061027_141646-019922.parquet,34595,downloaded,34595,
2026-07-17,NSE,JUNIORBEES,raw_l2/trade_date=2026-07-17/exchange=NSE/symbol=JUNIORBEES/part-061041_457384-019954.parquet,real_data_sample\l2_unseen_validation\trade_date=2026-07-17\exchange=NSE\symbol=JUNIORBEES\part-061041_457384-019954.parquet,34695,downloaded,34695,
2026-07-17,NSE,JUNIORBEES,raw_l2/trade_date=2026-07-17/exchange=NSE/symbol=JUNIORBEES/part-061110_357963-020018.parquet,real_data_sample\l2_unseen_validation\trade_date=2026-07-17\exchange=NSE\symbol=JUNIORBEES\part-061110_357963-020018.parquet,34451,downloaded,34451,
2026-07-17,NSE,JUNIORBEES,raw_l2/trade_date=2026-07-17/exchange=NSE/symbol=JUNIORBEES/part-061153_577108-020114.parquet,real_data_sample\l2_unseen_validation\trade_date=2026-07-17\exchange=NSE\symbol=JUNIORBEES\part-061153_577108-020114.parquet,34645,downloaded,34645,
2026-07-17,NSE,JUNIORBEES,raw_l2/trade_date=2026-07-17/exchange=NSE/symbol=JUNIORBEES/part-061139_047841-020082.parquet,real_data_sample\l2_unseen_validation\trade_date=2026-07-17\exchange=NSE\symbol=JUNIORBEES\part-061139_047841-020082.parquet,34626,downloaded,34626,
2026-07-17,NSE,JUNIORBEES,raw_l2/trade_date=2026-07-17/exchange=NSE/symbol=JUNIORBEES/part-061055_969194-019986.parquet,real_data_sample\l2_unseen_validation\trade_date=2026-07-17\exchange=NSE\symbol=JUNIORBEES\part-061055_969194-019986.parquet,34429,downloaded,34429,
2026-07-17,NSE,JUNIORBEES,raw_l2/trade_date=2026-07-17/exchange=NSE/symbol=JUNIORBEES/part-061012_851854-019890.parquet,real_data_sample\l2_unseen_validation\trade_date=2026-07-17\exchange=NSE\symbol=JUNIORBEES\part-061012_851854-019890.parquet,34935,downloaded,34935,
2026-07-17,NSE,JUNIORBEES,raw_l2/trade_date=2026-07-17/exchange=NSE/symbol=JUNIORBEES/part-061222_486588-020178.parquet,real_data_sample\l2_unseen_validation\trade_date=2026-07-17\exchange=NSE\symbol=JUNIORBEES\part-061222_486588-020178.parquet,34697,downloaded,34697,
2026-07-17,NSE,JUNIORBEES,raw_l2/trade_date=2026-07-17/exchange=NSE/symbol=JUNIORBEES/part-061124_831293-020050.parquet,real_data_sample\l2_unseen_validation\trade_date=2026-07-17\exchange=NSE\symbol=JUNIORBEES\part-061124_831293-020050.parquet,34411,downloaded,34411,
2026-07-17,NSE,JUNIORBEES,raw_l2/trade_date=2026-07-17/exchange=NSE/symbol=JUNIORBEES/part-061207_928514-020146.parquet,real_data_sample\l2_unseen_validation\trade_date=2026-07-17\exchange=NSE\symbol=JUNIORBEES\part-061207_928514-020146.parquet,34429,downloaded,34429,
2026-07-17,NSE,JUNIORBEES,raw_l2/trade_date=2026-07-17/exchange=NSE/symbol=JUNIORBEES/part-061236_953693-020210.parquet,real_data_sample\l2_unseen_validation\trade_date=2026-07-17\exchange=NSE\symbol=JUNIORBEES\part-061236_953693-020210.parquet,34462,downloaded,34462,
2026-07-17,NSE,JUNIORBEES,raw_l2/trade_date=2026-07-17/exchange=NSE/symbol=JUNIORBEES/part-061305_723797-020274.parquet,real_data_sample\l2_unseen_validation\trade_date=2026-07-17\exchange=NSE\symbol=JUNIORBEES\part-061305_723797-020274.parquet,34546,downloaded,34546,
2026-07-17,NSE,JUNIORBEES,raw_l2/trade_date=2026-07-17/exchange=NSE/symbol=JUNIORBEES/part-061334_548438-020338.parquet,real_data_sample\l2_unseen_validation\trade_date=2026-07-17\exchange=NSE\symbol=JUNIORBEES\part-061334_548438-020338.parquet,35326,downloaded,35326,
2026-07-17,NSE,JUNIORBEES,raw_l2/trade_date=2026-07-17/exchange=NSE/symbol=JUNIORBEES/part-061320_218529-020306.parquet,real_data_sample\l2_unseen_validation\trade_date=2026-07-17\exchange=NSE\symbol=JUNIORBEES\part-061320_218529-020306.parquet,35106,downloaded,35106,
2026-07-17,NSE,JUNIORBEES,raw_l2/trade_date=2026-07-17/exchange=NSE/symbol=JUNIORBEES/part-061251_279387-020242.parquet,real_data_sample\l2_unseen_validation\trade_date=2026-07-17\exchange=NSE\symbol=JUNIORBEES\part-061251_279387-020242.parquet,34577,downloaded,34577,
2026-07-17,NSE,JUNIORBEES,raw_l2/trade_date=2026-07-17/exchange=NSE/symbol=JUNIORBEES/part-061348_893824-020370.parquet,real_data_sample\l2_unseen_validation\trade_date=2026-07-17\exchange=NSE\symbol=JUNIORBEES\part-061348_893824-020370.parquet,35401,downloaded,35401,
2026-07-17,NSE,JUNIORBEES,raw_l2/trade_date=2026-07-17/exchange=NSE/symbol=JUNIORBEES/part-061431_888492-020466.parquet,real_data_sample\l2_unseen_validation\trade_date=2026-07-17\exchange=NSE\symbol=JUNIORBEES\part-061431_888492-020466.parquet,35245,downloaded,35245,
2026-07-17,NSE,JUNIORBEES,raw_l2/trade_date=2026-07-17/exchange=NSE/symbol=JUNIORBEES/part-061417_475421-020434.parquet,real_data_sample\l2_unseen_validation\trade_date=2026-07-17\exchange=NSE\symbol=JUNIORBEES\part-061417_475421-020434.parquet,35150,downloaded,35150,
2026-07-17,NSE,JUNIORBEES,raw_l2/trade_date=2026-07-17/exchange=NSE/symbol=JUNIORBEES/part-061529_488775-020594.parquet,real_data_sample\l2_unseen_validation\trade_date=2026-07-17\exchange=NSE\symbol=JUNIORBEES\part-061529_488775-020594.parquet,35658,downloaded,35658,
2026-07-17,NSE,JUNIORBEES,raw_l2/trade_date=2026-07-17/exchange=NSE/symbol=JUNIORBEES/part-061514_952417-020562.parquet,real_data_sample\l2_unseen_validation\trade_date=2026-07-17\exchange=NSE\symbol=JUNIORBEES\part-061514_952417-020562.parquet,35425,downloaded,35425,
2026-07-17,NSE,JUNIORBEES,raw_l2/trade_date=2026-07-17/exchange=NSE/symbol=JUNIORBEES/part-061543_685282-020626.parquet,real_data_sample\l2_unseen_validation\trade_date=2026-07-17\exchange=NSE\symbol=JUNIORBEES\part-061543_685282-020626.parquet,35154,downloaded,35154,
2026-07-17,NSE,JUNIORBEES,raw_l2/trade_date=2026-07-17/exchange=NSE/symbol=JUNIORBEES/part-061500_518014-020530.parquet,real_data_sample\l2_unseen_validation\trade_date=2026-07-17\exchange=NSE\symbol=JUNIORBEES\part-061500_518014-020530.parquet,35348,downloaded,35348,
2026-07-17,NSE,JUNIORBEES,raw_l2/trade_date=2026-07-17/exchange=NSE/symbol=JUNIORBEES/part-061446_130891-020498.parquet,real_data_sample\l2_unseen_validation\trade_date=2026-07-17\exchange=NSE\symbol=JUNIORBEES\part-061446_130891-020498.parquet,35514,downloaded,35514,
2026-07-17,NSE,JUNIORBEES,raw_l2/trade_date=2026-07-17/exchange=NSE/symbol=JUNIORBEES/part-061613_246345-020690.parquet,real_data_sample\l2_unseen_validation\trade_date=2026-07-17\exchange=NSE\symbol=JUNIORBEES\part-061613_246345-020690.parquet,34898,downloaded,34898,
2026-07-17,NSE,JUNIORBEES,raw_l2/trade_date=2026-07-17/exchange=NSE/symbol=JUNIORBEES/part-061710_873159-020818.parquet,real_data_sample\l2_unseen_validation\trade_date=2026-07-17\exchange=NSE\symbol=JUNIORBEES\part-061710_873159-020818.parquet,34991,downloaded,34991,
2026-07-17,NSE,JUNIORBEES,raw_l2/trade_date=2026-07-17/exchange=NSE/symbol=JUNIORBEES/part-061628_424674-020722.parquet,real_data_sample\l2_unseen_validation\trade_date=2026-07-17\exchange=NSE\symbol=JUNIORBEES\part-061628_424674-020722.parquet,35301,downloaded,35301,
2026-07-17,NSE,JUNIORBEES,raw_l2/trade_date=2026-07-17/exchange=NSE/symbol=JUNIORBEES/part-061739_052112-020882.parquet,real_data_sample\l2_unseen_validation\trade_date=2026-07-17\exchange=NSE\symbol=JUNIORBEES\part-061739_052112-020882.parquet,34405,downloaded,34405,
2026-07-17,NSE,JUNIORBEES,raw_l2/trade_date=2026-07-17/exchange=NSE/symbol=JUNIORBEES/part-061558_246958-020658.parquet,real_data_sample\l2_unseen_validation\trade_date=2026-07-17\exchange=NSE\symbol=JUNIORBEES\part-061558_246958-020658.parquet,35187,downloaded,35187,
2026-07-17,NSE,JUNIORBEES,raw_l2/trade_date=2026-07-17/exchange=NSE/symbol=JUNIORBEES/part-061656_595393-020786.parquet,real_data_sample\l2_unseen_validation\trade_date=2026-07-17\exchange=NSE\symbol=JUNIORBEES\part-061656_595393-020786.parquet,34885,downloaded,34885,
2026-07-17,NSE,JUNIORBEES,raw_l2/trade_date=2026-07-17/exchange=NSE/symbol=JUNIORBEES/part-061642_561622-020754.parquet,real_data_sample\l2_unseen_validation\trade_date=2026-07-17\exchange=NSE\symbol=JUNIORBEES\part-061642_561622-020754.parquet,34977,downloaded,34977,
2026-07-17,NSE,JUNIORBEES,raw_l2/trade_date=2026-07-17/exchange=NSE/symbol=JUNIORBEES/part-061725_059762-020850.parquet,real_data_sample\l2_unseen_validation\trade_date=2026-07-17\exchange=NSE\symbol=JUNIORBEES\part-061725_059762-020850.parquet,34482,downloaded,34482,
2026-07-17,NSE,JUNIORBEES,raw_l2/trade_date=2026-07-17/exchange=NSE/symbol=JUNIORBEES/part-061753_653599-020914.parquet,real_data_sample\l2_unseen_validation\trade_date=2026-07-17\exchange=NSE\symbol=JUNIORBEES\part-061753_653599-020914.parquet,34563,downloaded,34563,
2026-07-17,NSE,JUNIORBEES,raw_l2/trade_date=2026-07-17/exchange=NSE/symbol=JUNIORBEES/part-061822_449731-020978.parquet,real_data_sample\l2_unseen_validation\trade_date=2026-07-17\exchange=NSE\symbol=JUNIORBEES\part-061822_449731-020978.parquet,34532,downloaded,34532,
2026-07-17,NSE,JUNIORBEES,raw_l2/trade_date=2026-07-17/exchange=NSE/symbol=JUNIORBEES/part-061808_427341-020946.parquet,real_data_sample\l2_unseen_validation\trade_date=2026-07-17\exchange=NSE\symbol=JUNIORBEES\part-061808_427341-020946.parquet,34424,downloaded,34424,
2026-07-17,NSE,JUNIORBEES,raw_l2/trade_date=2026-07-17/exchange=NSE/symbol=JUNIORBEES/part-061851_592344-021042.parquet,real_data_sample\l2_unseen_validation\trade_date=2026-07-17\exchange=NSE\symbol=JUNIORBEES\part-061851_592344-021042.parquet,34394,downloaded,34394,
2026-07-17,NSE,JUNIORBEES,raw_l2/trade_date=2026-07-17/exchange=NSE/symbol=JUNIORBEES/part-061837_357153-021010.parquet,real_data_sample\l2_unseen_validation\trade_date=2026-07-17\exchange=NSE\symbol=JUNIORBEES\part-061837_357153-021010.parquet,34539,downloaded,34539,
2026-07-17,NSE,JUNIORBEES,raw_l2/trade_date=2026-07-17/exchange=NSE/symbol=JUNIORBEES/part-061920_087777-021106.parquet,real_data_sample\l2_unseen_validation\trade_date=2026-07-17\exchange=NSE\symbol=JUNIORBEES\part-061920_087777-021106.parquet,34956,downloaded,34956,
2026-07-17,NSE,JUNIORBEES,raw_l2/trade_date=2026-07-17/exchange=NSE/symbol=JUNIORBEES/part-061905_637493-021074.parquet,real_data_sample\l2_unseen_validation\trade_date=2026-07-17\exchange=NSE\symbol=JUNIORBEES\part-061905_637493-021074.parquet,34307,downloaded,34307,
2026-07-17,NSE,JUNIORBEES,raw_l2/trade_date=2026-07-17/exchange=NSE/symbol=JUNIORBEES/part-061934_545178-021138.parquet,real_data_sample\l2_unseen_validation\trade_date=2026-07-17\exchange=NSE\symbol=JUNIORBEES\part-061934_545178-021138.parquet,35221,downloaded,35221,
2026-07-17,NSE,JUNIORBEES,raw_l2/trade_date=2026-07-17/exchange=NSE/symbol=JUNIORBEES/part-061948_597559-021170.parquet,real_data_sample\l2_unseen_validation\trade_date=2026-07-17\exchange=NSE\symbol=JUNIORBEES\part-061948_597559-021170.parquet,35300,downloaded,35300,
2026-07-17,NSE,JUNIORBEES,raw_l2/trade_date=2026-07-17/exchange=NSE/symbol=JUNIORBEES/part-061403_207330-020402.parquet,real_data_sample\l2_unseen_validation\trade_date=2026-07-17\exchange=NSE\symbol=JUNIORBEES\part-061403_207330-020402.parquet,35227,downloaded,35227,
2026-07-17,NSE,JUNIORBEES,raw_l2/trade_date=2026-07-17/exchange=NSE/symbol=JUNIORBEES/part-062031_275336-021266.parquet,real_data_sample\l2_unseen_validation\trade_date=2026-07-17\exchange=NSE\symbol=JUNIORBEES\part-062031_275336-021266.parquet,35012,downloaded,35012,
2026-07-17,NSE,JUNIORBEES,raw_l2/trade_date=2026-07-17/exchange=NSE/symbol=JUNIORBEES/part-062002_866088-021202.parquet,real_data_sample\l2_unseen_validation\trade_date=2026-07-17\exchange=NSE\symbol=JUNIORBEES\part-062002_866088-021202.parquet,35115,downloaded,35115,
2026-07-17,NSE,JUNIORBEES,raw_l2/trade_date=2026-07-17/exchange=NSE/symbol=JUNIORBEES/part-062017_039627-021234.parquet,real_data_sample\l2_unseen_validation\trade_date=2026-07-17\exchange=NSE\symbol=JUNIORBEES\part-062017_039627-021234.parquet,35188,downloaded,35188,
2026-07-17,NSE,JUNIORBEES,raw_l2/trade_date=2026-07-17/exchange=NSE/symbol=JUNIORBEES/part-062100_495825-021330.parquet,real_data_sample\l2_unseen_validation\trade_date=2026-07-17\exchange=NSE\symbol=JUNIORBEES\part-062100_495825-021330.parquet,35520,downloaded,35520,
2026-07-17,NSE,JUNIORBEES,raw_l2/trade_date=2026-07-17/exchange=NSE/symbol=JUNIORBEES/part-062157_268821-021458.parquet,real_data_sample\l2_unseen_validation\trade_date=2026-07-17\exchange=NSE\symbol=JUNIORBEES\part-062157_268821-021458.parquet,35774,downloaded,35774,
2026-07-17,NSE,JUNIORBEES,raw_l2/trade_date=2026-07-17/exchange=NSE/symbol=JUNIORBEES/part-062143_024822-021426.parquet,real_data_sample\l2_unseen_validation\trade_date=2026-07-17\exchange=NSE\symbol=JUNIORBEES\part-062143_024822-021426.parquet,35623,downloaded,35623,
2026-07-17,NSE,JUNIORBEES,raw_l2/trade_date=2026-07-17/exchange=NSE/symbol=JUNIORBEES/part-062045_997444-021298.parquet,real_data_sample\l2_unseen_validation\trade_date=2026-07-17\exchange=NSE\symbol=JUNIORBEES\part-062045_997444-021298.parquet,35143,downloaded,35143,
2026-07-17,NSE,JUNIORBEES,raw_l2/trade_date=2026-07-17/exchange=NSE/symbol=JUNIORBEES/part-062129_113672-021394.parquet,real_data_sample\l2_unseen_validation\trade_date=2026-07-17\exchange=NSE\symbol=JUNIORBEES\part-062129_113672-021394.parquet,35886,downloaded,35886,
2026-07-17,NSE,JUNIORBEES,raw_l2/trade_date=2026-07-17/exchange=NSE/symbol=JUNIORBEES/part-062114_977403-021362.parquet,real_data_sample\l2_unseen_validation\trade_date=2026-07-17\exchange=NSE\symbol=JUNIORBEES\part-062114_977403-021362.parquet,35430,downloaded,35430,
2026-07-17,NSE,JUNIORBEES,raw_l2/trade_date=2026-07-17/exchange=NSE/symbol=JUNIORBEES/part-062211_528918-021490.parquet,real_data_sample\l2_unseen_validation\trade_date=2026-07-17\exchange=NSE\symbol=JUNIORBEES\part-062211_528918-021490.parquet,35561,downloaded,35561,
2026-07-17,NSE,JUNIORBEES,raw_l2/trade_date=2026-07-17/exchange=NSE/symbol=JUNIORBEES/part-062225_820317-021522.parquet,real_data_sample\l2_unseen_validation\trade_date=2026-07-17\exchange=NSE\symbol=JUNIORBEES\part-062225_820317-021522.parquet,35564,downloaded,35564,
2026-07-17,NSE,JUNIORBEES,raw_l2/trade_date=2026-07-17/exchange=NSE/symbol=JUNIORBEES/part-062240_187786-021554.parquet,real_data_sample\l2_unseen_validation\trade_date=2026-07-17\exchange=NSE\symbol=JUNIORBEES\part-062240_187786-021554.parquet,35533,downloaded,35533,
2026-07-17,NSE,JUNIORBEES,raw_l2/trade_date=2026-07-17/exchange=NSE/symbol=JUNIORBEES/part-062323_114117-021650.parquet,real_data_sample\l2_unseen_validation\trade_date=2026-07-17\exchange=NSE\symbol=JUNIORBEES\part-062323_114117-021650.parquet,35534,downloaded,35534,
2026-07-17,NSE,JUNIORBEES,raw_l2/trade_date=2026-07-17/exchange=NSE/symbol=JUNIORBEES/part-062254_401871-021586.parquet,real_data_sample\l2_unseen_validation\trade_date=2026-07-17\exchange=NSE\symbol=JUNIORBEES\part-062254_401871-021586.parquet,34960,downloaded,34960,
2026-07-17,NSE,JUNIORBEES,raw_l2/trade_date=2026-07-17/exchange=NSE/symbol=JUNIORBEES/part-062351_324174-021714.parquet,real_data_sample\l2_unseen_validation\trade_date=2026-07-17\exchange=NSE\symbol=JUNIORBEES\part-062351_324174-021714.parquet,35815,downloaded,35815,
2026-07-17,NSE,JUNIORBEES,raw_l2/trade_date=2026-07-17/exchange=NSE/symbol=JUNIORBEES/part-062337_386523-021682.parquet,real_data_sample\l2_unseen_validation\trade_date=2026-07-17\exchange=NSE\symbol=JUNIORBEES\part-062337_386523-021682.parquet,35346,downloaded,35346,
2026-07-17,NSE,JUNIORBEES,raw_l2/trade_date=2026-07-17/exchange=NSE/symbol=JUNIORBEES/part-062405_397508-021746.parquet,real_data_sample\l2_unseen_validation\trade_date=2026-07-17\exchange=NSE\symbol=JUNIORBEES\part-062405_397508-021746.parquet,35327,downloaded,35327,
2026-07-17,NSE,JUNIORBEES,raw_l2/trade_date=2026-07-17/exchange=NSE/symbol=JUNIORBEES/part-062308_798509-021618.parquet,real_data_sample\l2_unseen_validation\trade_date=2026-07-17\exchange=NSE\symbol=JUNIORBEES\part-062308_798509-021618.parquet,34742,downloaded,34742,
2026-07-17,NSE,JUNIORBEES,raw_l2/trade_date=2026-07-17/exchange=NSE/symbol=JUNIORBEES/part-062447_758744-021842.parquet,real_data_sample\l2_unseen_validation\trade_date=2026-07-17\exchange=NSE\symbol=JUNIORBEES\part-062447_758744-021842.parquet,35439,downloaded,35439,
2026-07-17,NSE,JUNIORBEES,raw_l2/trade_date=2026-07-17/exchange=NSE/symbol=JUNIORBEES/part-062419_519821-021778.parquet,real_data_sample\l2_unseen_validation\trade_date=2026-07-17\exchange=NSE\symbol=JUNIORBEES\part-062419_519821-021778.parquet,35490,downloaded,35490,
2026-07-17,NSE,JUNIORBEES,raw_l2/trade_date=2026-07-17/exchange=NSE/symbol=JUNIORBEES/part-062433_527417-021810.parquet,real_data_sample\l2_unseen_validation\trade_date=2026-07-17\exchange=NSE\symbol=JUNIORBEES\part-062433_527417-021810.parquet,35906,downloaded,35906,
2026-07-17,NSE,JUNIORBEES,raw_l2/trade_date=2026-07-17/exchange=NSE/symbol=JUNIORBEES/part-062530_014322-021938.parquet,real_data_sample\l2_unseen_validation\trade_date=2026-07-17\exchange=NSE\symbol=JUNIORBEES\part-062530_014322-021938.parquet,35373,downloaded,35373,
2026-07-17,NSE,JUNIORBEES,raw_l2/trade_date=2026-07-17/exchange=NSE/symbol=JUNIORBEES/part-062516_178846-021906.parquet,real_data_sample\l2_unseen_validation\trade_date=2026-07-17\exchange=NSE\symbol=JUNIORBEES\part-062516_178846-021906.parquet,35367,downloaded,35367,
2026-07-17,NSE,JUNIORBEES,raw_l2/trade_date=2026-07-17/exchange=NSE/symbol=JUNIORBEES/part-062543_985375-021970.parquet,real_data_sample\l2_unseen_validation\trade_date=2026-07-17\exchange=NSE\symbol=JUNIORBEES\part-062543_985375-021970.parquet,34968,downloaded,34968,
2026-07-17,NSE,JUNIORBEES,raw_l2/trade_date=2026-07-17/exchange=NSE/symbol=JUNIORBEES/part-062501_922581-021874.parquet,real_data_sample\l2_unseen_validation\trade_date=2026-07-17\exchange=NSE\symbol=JUNIORBEES\part-062501_922581-021874.parquet,35785,downloaded,35785,
2026-07-17,NSE,JUNIORBEES,raw_l2/trade_date=2026-07-17/exchange=NSE/symbol=JUNIORBEES/part-062612_060097-022034.parquet,real_data_sample\l2_unseen_validation\trade_date=2026-07-17\exchange=NSE\symbol=JUNIORBEES\part-062612_060097-022034.parquet,35226,downloaded,35226,
2026-07-17,NSE,JUNIORBEES,raw_l2/trade_date=2026-07-17/exchange=NSE/symbol=JUNIORBEES/part-062558_023865-022002.parquet,real_data_sample\l2_unseen_validation\trade_date=2026-07-17\exchange=NSE\symbol=JUNIORBEES\part-062558_023865-022002.parquet,35134,downloaded,35134,
2026-07-17,NSE,JUNIORBEES,raw_l2/trade_date=2026-07-17/exchange=NSE/symbol=JUNIORBEES/part-062640_363324-022098.parquet,real_data_sample\l2_unseen_validation\trade_date=2026-07-17\exchange=NSE\symbol=JUNIORBEES\part-062640_363324-022098.parquet,35902,downloaded,35902,
2026-07-17,NSE,JUNIORBEES,raw_l2/trade_date=2026-07-17/exchange=NSE/symbol=JUNIORBEES/part-062654_608129-022130.parquet,real_data_sample\l2_unseen_validation\trade_date=2026-07-17\exchange=NSE\symbol=JUNIORBEES\part-062654_608129-022130.parquet,35461,downloaded,35461,
2026-07-17,NSE,JUNIORBEES,raw_l2/trade_date=2026-07-17/exchange=NSE/symbol=JUNIORBEES/part-062626_065462-022066.parquet,real_data_sample\l2_unseen_validation\trade_date=2026-07-17\exchange=NSE\symbol=JUNIORBEES\part-062626_065462-022066.parquet,35382,downloaded,35382,
2026-07-17,NSE,JUNIORBEES,raw_l2/trade_date=2026-07-17/exchange=NSE/symbol=JUNIORBEES/part-062708_790833-022162.parquet,real_data_sample\l2_unseen_validation\trade_date=2026-07-17\exchange=NSE\symbol=JUNIORBEES\part-062708_790833-022162.parquet,35484,downloaded,35484,
2026-07-17,NSE,JUNIORBEES,raw_l2/trade_date=2026-07-17/exchange=NSE/symbol=JUNIORBEES/part-062737_615299-022226.parquet,real_data_sample\l2_unseen_validation\trade_date=2026-07-17\exchange=NSE\symbol=JUNIORBEES\part-062737_615299-022226.parquet,35205,downloaded,35205,
2026-07-17,NSE,JUNIORBEES,raw_l2/trade_date=2026-07-17/exchange=NSE/symbol=JUNIORBEES/part-062751_924420-022258.parquet,real_data_sample\l2_unseen_validation\trade_date=2026-07-17\exchange=NSE\symbol=JUNIORBEES\part-062751_924420-022258.parquet,35039,downloaded,35039,
2026-07-17,NSE,JUNIORBEES,raw_l2/trade_date=2026-07-17/exchange=NSE/symbol=JUNIORBEES/part-062806_149421-022290.parquet,real_data_sample\l2_unseen_validation\trade_date=2026-07-17\exchange=NSE\symbol=JUNIORBEES\part-062806_149421-022290.parquet,35366,downloaded,35366,
2026-07-17,NSE,JUNIORBEES,raw_l2/trade_date=2026-07-17/exchange=NSE/symbol=JUNIORBEES/part-062848_848281-022386.parquet,real_data_sample\l2_unseen_validation\trade_date=2026-07-17\exchange=NSE\symbol=JUNIORBEES\part-062848_848281-022386.parquet,35067,downloaded,35067,
2026-07-17,NSE,JUNIORBEES,raw_l2/trade_date=2026-07-17/exchange=NSE/symbol=JUNIORBEES/part-062820_562526-022322.parquet,real_data_sample\l2_unseen_validation\trade_date=2026-07-17\exchange=NSE\symbol=JUNIORBEES\part-062820_562526-022322.parquet,35367,downloaded,35367,
2026-07-17,NSE,JUNIORBEES,raw_l2/trade_date=2026-07-17/exchange=NSE/symbol=JUNIORBEES/part-062834_493140-022354.parquet,real_data_sample\l2_unseen_validation\trade_date=2026-07-17\exchange=NSE\symbol=JUNIORBEES\part-062834_493140-022354.parquet,35281,downloaded,35281,
2026-07-17,NSE,JUNIORBEES,raw_l2/trade_date=2026-07-17/exchange=NSE/symbol=JUNIORBEES/part-063015_026600-022578.parquet,real_data_sample\l2_unseen_validation\trade_date=2026-07-17\exchange=NSE\symbol=JUNIORBEES\part-063015_026600-022578.parquet,35705,downloaded,35705,
2026-07-17,NSE,JUNIORBEES,raw_l2/trade_date=2026-07-17/exchange=NSE/symbol=JUNIORBEES/part-063000_675054-022546.parquet,real_data_sample\l2_unseen_validation\trade_date=2026-07-17\exchange=NSE\symbol=JUNIORBEES\part-063000_675054-022546.parquet,35488,downloaded,35488,
2026-07-17,NSE,JUNIORBEES,raw_l2/trade_date=2026-07-17/exchange=NSE/symbol=JUNIORBEES/part-063029_188259-022610.parquet,real_data_sample\l2_unseen_validation\trade_date=2026-07-17\exchange=NSE\symbol=JUNIORBEES\part-063029_188259-022610.parquet,35371,downloaded,35371,
2026-07-17,NSE,JUNIORBEES,raw_l2/trade_date=2026-07-17/exchange=NSE/symbol=JUNIORBEES/part-062916_841985-022450.parquet,real_data_sample\l2_unseen_validation\trade_date=2026-07-17\exchange=NSE\symbol=JUNIORBEES\part-062916_841985-022450.parquet,35221,downloaded,35221,
2026-07-17,NSE,JUNIORBEES,raw_l2/trade_date=2026-07-17/exchange=NSE/symbol=JUNIORBEES/part-062902_798143-022418.parquet,real_data_sample\l2_unseen_validation\trade_date=2026-07-17\exchange=NSE\symbol=JUNIORBEES\part-062902_798143-022418.parquet,34957,downloaded,34957,
2026-07-17,NSE,JUNIORBEES,raw_l2/trade_date=2026-07-17/exchange=NSE/symbol=JUNIORBEES/part-062946_131605-022514.parquet,real_data_sample\l2_unseen_validation\trade_date=2026-07-17\exchange=NSE\symbol=JUNIORBEES\part-062946_131605-022514.parquet,35686,downloaded,35686,
2026-07-17,NSE,JUNIORBEES,raw_l2/trade_date=2026-07-17/exchange=NSE/symbol=JUNIORBEES/part-062931_916529-022482.parquet,real_data_sample\l2_unseen_validation\trade_date=2026-07-17\exchange=NSE\symbol=JUNIORBEES\part-062931_916529-022482.parquet,34588,downloaded,34588,
2026-07-17,NSE,JUNIORBEES,raw_l2/trade_date=2026-07-17/exchange=NSE/symbol=JUNIORBEES/part-063057_339673-022674.parquet,real_data_sample\l2_unseen_validation\trade_date=2026-07-17\exchange=NSE\symbol=JUNIORBEES\part-063057_339673-022674.parquet,35427,downloaded,35427,
2026-07-17,NSE,JUNIORBEES,raw_l2/trade_date=2026-07-17/exchange=NSE/symbol=JUNIORBEES/part-063125_863959-022738.parquet,real_data_sample\l2_unseen_validation\trade_date=2026-07-17\exchange=NSE\symbol=JUNIORBEES\part-063125_863959-022738.parquet,35275,downloaded,35275,
2026-07-17,NSE,JUNIORBEES,raw_l2/trade_date=2026-07-17/exchange=NSE/symbol=JUNIORBEES/part-063043_361549-022642.parquet,real_data_sample\l2_unseen_validation\trade_date=2026-07-17\exchange=NSE\symbol=JUNIORBEES\part-063043_361549-022642.parquet,35562,downloaded,35562,
2026-07-17,NSE,JUNIORBEES,raw_l2/trade_date=2026-07-17/exchange=NSE/symbol=JUNIORBEES/part-063111_695210-022706.parquet,real_data_sample\l2_unseen_validation\trade_date=2026-07-17\exchange=NSE\symbol=JUNIORBEES\part-063111_695210-022706.parquet,35140,downloaded,35140,
2026-07-17,NSE,JUNIORBEES,raw_l2/trade_date=2026-07-17/exchange=NSE/symbol=JUNIORBEES/part-063153_951303-022802.parquet,real_data_sample\l2_unseen_validation\trade_date=2026-07-17\exchange=NSE\symbol=JUNIORBEES\part-063153_951303-022802.parquet,35271,downloaded,35271,
2026-07-17,NSE,JUNIORBEES,raw_l2/trade_date=2026-07-17/exchange=NSE/symbol=JUNIORBEES/part-063139_975233-022770.parquet,real_data_sample\l2_unseen_validation\trade_date=2026-07-17\exchange=NSE\symbol=JUNIORBEES\part-063139_975233-022770.parquet,35243,downloaded,35243,
2026-07-17,NSE,JUNIORBEES,raw_l2/trade_date=2026-07-17/exchange=NSE/symbol=JUNIORBEES/part-063235_776895-022898.parquet,real_data_sample\l2_unseen_validation\trade_date=2026-07-17\exchange=NSE\symbol=JUNIORBEES\part-063235_776895-022898.parquet,35337,downloaded,35337,
2026-07-17,NSE,JUNIORBEES,raw_l2/trade_date=2026-07-17/exchange=NSE/symbol=JUNIORBEES/part-063400_849435-023090.parquet,real_data_sample\l2_unseen_validation\trade_date=2026-07-17\exchange=NSE\symbol=JUNIORBEES\part-063400_849435-023090.parquet,35331,downloaded,35331,
2026-07-17,NSE,JUNIORBEES,raw_l2/trade_date=2026-07-17/exchange=NSE/symbol=JUNIORBEES/part-063207_786644-022834.parquet,real_data_sample\l2_unseen_validation\trade_date=2026-07-17\exchange=NSE\symbol=JUNIORBEES\part-063207_786644-022834.parquet,35389,downloaded,35389,
2026-07-17,NSE,JUNIORBEES,raw_l2/trade_date=2026-07-17/exchange=NSE/symbol=JUNIORBEES/part-063303_934953-022962.parquet,real_data_sample\l2_unseen_validation\trade_date=2026-07-17\exchange=NSE\symbol=JUNIORBEES\part-063303_934953-022962.parquet,35518,downloaded,35518,
2026-07-17,NSE,JUNIORBEES,raw_l2/trade_date=2026-07-17/exchange=NSE/symbol=JUNIORBEES/part-062723_325240-022194.parquet,real_data_sample\l2_unseen_validation\trade_date=2026-07-17\exchange=NSE\symbol=JUNIORBEES\part-062723_325240-022194.parquet,35610,downloaded,35610,
2026-07-17,NSE,JUNIORBEES,raw_l2/trade_date=2026-07-17/exchange=NSE/symbol=JUNIORBEES/part-063221_723230-022866.parquet,real_data_sample\l2_unseen_validation\trade_date=2026-07-17\exchange=NSE\symbol=JUNIORBEES\part-063221_723230-022866.parquet,35340,downloaded,35340,
2026-07-17,NSE,JUNIORBEES,raw_l2/trade_date=2026-07-17/exchange=NSE/symbol=JUNIORBEES/part-063332_641314-023026.parquet,real_data_sample\l2_unseen_validation\trade_date=2026-07-17\exchange=NSE\symbol=JUNIORBEES\part-063332_641314-023026.parquet,35680,downloaded,35680,
2026-07-17,NSE,JUNIORBEES,raw_l2/trade_date=2026-07-17/exchange=NSE/symbol=JUNIORBEES/part-063346_812705-023058.parquet,real_data_sample\l2_unseen_validation\trade_date=2026-07-17\exchange=NSE\symbol=JUNIORBEES\part-063346_812705-023058.parquet,35208,downloaded,35208,
2026-07-17,NSE,JUNIORBEES,raw_l2/trade_date=2026-07-17/exchange=NSE/symbol=JUNIORBEES/part-063249_658973-022930.parquet,real_data_sample\l2_unseen_validation\trade_date=2026-07-17\exchange=NSE\symbol=JUNIORBEES\part-063249_658973-022930.parquet,35152,downloaded,35152,
2026-07-17,NSE,JUNIORBEES,raw_l2/trade_date=2026-07-17/exchange=NSE/symbol=JUNIORBEES/part-063318_271272-022994.parquet,real_data_sample\l2_unseen_validation\trade_date=2026-07-17\exchange=NSE\symbol=JUNIORBEES\part-063318_271272-022994.parquet,35063,downloaded,35063,
2026-07-17,NSE,JUNIORBEES,raw_l2/trade_date=2026-07-17/exchange=NSE/symbol=JUNIORBEES/part-063414_971041-023122.parquet,real_data_sample\l2_unseen_validation\trade_date=2026-07-17\exchange=NSE\symbol=JUNIORBEES\part-063414_971041-023122.parquet,35332,downloaded,35332,
2026-07-17,NSE,JUNIORBEES,raw_l2/trade_date=2026-07-17/exchange=NSE/symbol=JUNIORBEES/part-063428_999149-023154.parquet,real_data_sample\l2_unseen_validation\trade_date=2026-07-17\exchange=NSE\symbol=JUNIORBEES\part-063428_999149-023154.parquet,35641,downloaded,35641,
2026-07-17,NSE,JUNIORBEES,raw_l2/trade_date=2026-07-17/exchange=NSE/symbol=JUNIORBEES/part-063442_962078-023186.parquet,real_data_sample\l2_unseen_validation\trade_date=2026-07-17\exchange=NSE\symbol=JUNIORBEES\part-063442_962078-023186.parquet,35858,downloaded,35858,
2026-07-17,NSE,JUNIORBEES,raw_l2/trade_date=2026-07-17/exchange=NSE/symbol=JUNIORBEES/part-063456_986382-023218.parquet,real_data_sample\l2_unseen_validation\trade_date=2026-07-17\exchange=NSE\symbol=JUNIORBEES\part-063456_986382-023218.parquet,35689,downloaded,35689,
2026-07-17,NSE,JUNIORBEES,raw_l2/trade_date=2026-07-17/exchange=NSE/symbol=JUNIORBEES/part-063607_024328-023378.parquet,real_data_sample\l2_unseen_validation\trade_date=2026-07-17\exchange=NSE\symbol=JUNIORBEES\part-063607_024328-023378.parquet,35452,downloaded,35452,
2026-07-17,NSE,JUNIORBEES,raw_l2/trade_date=2026-07-17/exchange=NSE/symbol=JUNIORBEES/part-063717_056003-023538.parquet,real_data_sample\l2_unseen_validation\trade_date=2026-07-17\exchange=NSE\symbol=JUNIORBEES\part-063717_056003-023538.parquet,35516,downloaded,35516,
2026-07-17,NSE,JUNIORBEES,raw_l2/trade_date=2026-07-17/exchange=NSE/symbol=JUNIORBEES/part-063621_002071-023410.parquet,real_data_sample\l2_unseen_validation\trade_date=2026-07-17\exchange=NSE\symbol=JUNIORBEES\part-063621_002071-023410.parquet,35614,downloaded,35614,
2026-07-17,NSE,JUNIORBEES,raw_l2/trade_date=2026-07-17/exchange=NSE/symbol=JUNIORBEES/part-063539_241826-023314.parquet,real_data_sample\l2_unseen_validation\trade_date=2026-07-17\exchange=NSE\symbol=JUNIORBEES\part-063539_241826-023314.parquet,35359,downloaded,35359,
2026-07-17,NSE,JUNIORBEES,raw_l2/trade_date=2026-07-17/exchange=NSE/symbol=JUNIORBEES/part-063812_590296-023666.parquet,real_data_sample\l2_unseen_validation\trade_date=2026-07-17\exchange=NSE\symbol=JUNIORBEES\part-063812_590296-023666.parquet,35212,downloaded,35212,
2026-07-17,NSE,JUNIORBEES,raw_l2/trade_date=2026-07-17/exchange=NSE/symbol=JUNIORBEES/part-063511_082049-023250.parquet,real_data_sample\l2_unseen_validation\trade_date=2026-07-17\exchange=NSE\symbol=JUNIORBEES\part-063511_082049-023250.parquet,35639,downloaded,35639,
2026-07-17,NSE,JUNIORBEES,raw_l2/trade_date=2026-07-17/exchange=NSE/symbol=JUNIORBEES/part-063553_176527-023346.parquet,real_data_sample\l2_unseen_validation\trade_date=2026-07-17\exchange=NSE\symbol=JUNIORBEES\part-063553_176527-023346.parquet,35412,downloaded,35412,
2026-07-17,NSE,JUNIORBEES,raw_l2/trade_date=2026-07-17/exchange=NSE/symbol=JUNIORBEES/part-063525_447909-023282.parquet,real_data_sample\l2_unseen_validation\trade_date=2026-07-17\exchange=NSE\symbol=JUNIORBEES\part-063525_447909-023282.parquet,35489,downloaded,35489,
2026-07-17,NSE,JUNIORBEES,raw_l2/trade_date=2026-07-17/exchange=NSE/symbol=JUNIORBEES/part-063744_908890-023602.parquet,real_data_sample\l2_unseen_validation\trade_date=2026-07-17\exchange=NSE\symbol=JUNIORBEES\part-063744_908890-023602.parquet,35204,downloaded,35204,
2026-07-17,NSE,JUNIORBEES,raw_l2/trade_date=2026-07-17/exchange=NSE/symbol=JUNIORBEES/part-063703_095513-023506.parquet,real_data_sample\l2_unseen_validation\trade_date=2026-07-17\exchange=NSE\symbol=JUNIORBEES\part-063703_095513-023506.parquet,35556,downloaded,35556,
2026-07-17,NSE,JUNIORBEES,raw_l2/trade_date=2026-07-17/exchange=NSE/symbol=JUNIORBEES/part-063855_743741-023762.parquet,real_data_sample\l2_unseen_validation\trade_date=2026-07-17\exchange=NSE\symbol=JUNIORBEES\part-063855_743741-023762.parquet,35545,downloaded,35545,
2026-07-17,NSE,JUNIORBEES,raw_l2/trade_date=2026-07-17/exchange=NSE/symbol=JUNIORBEES/part-063635_054820-023442.parquet,real_data_sample\l2_unseen_validation\trade_date=2026-07-17\exchange=NSE\symbol=JUNIORBEES\part-063635_054820-023442.parquet,35430,downloaded,35430,
2026-07-17,NSE,JUNIORBEES,raw_l2/trade_date=2026-07-17/exchange=NSE/symbol=JUNIORBEES/part-063841_114355-023730.parquet,real_data_sample\l2_unseen_validation\trade_date=2026-07-17\exchange=NSE\symbol=JUNIORBEES\part-063841_114355-023730.parquet,35323,downloaded,35323,
2026-07-17,NSE,JUNIORBEES,raw_l2/trade_date=2026-07-17/exchange=NSE/symbol=JUNIORBEES/part-063826_864707-023698.parquet,real_data_sample\l2_unseen_validation\trade_date=2026-07-17\exchange=NSE\symbol=JUNIORBEES\part-063826_864707-023698.parquet,35287,downloaded,35287,
2026-07-17,NSE,JUNIORBEES,raw_l2/trade_date=2026-07-17/exchange=NSE/symbol=JUNIORBEES/part-063649_062444-023474.parquet,real_data_sample\l2_unseen_validation\trade_date=2026-07-17\exchange=NSE\symbol=JUNIORBEES\part-063649_062444-023474.parquet,35678,downloaded,35678,
2026-07-17,NSE,JUNIORBEES,raw_l2/trade_date=2026-07-17/exchange=NSE/symbol=JUNIORBEES/part-063758_712388-023634.parquet,real_data_sample\l2_unseen_validation\trade_date=2026-07-17\exchange=NSE\symbol=JUNIORBEES\part-063758_712388-023634.parquet,35232,downloaded,35232,
2026-07-17,NSE,JUNIORBEES,raw_l2/trade_date=2026-07-17/exchange=NSE/symbol=JUNIORBEES/part-063730_913881-023570.parquet,real_data_sample\l2_unseen_validation\trade_date=2026-07-17\exchange=NSE\symbol=JUNIORBEES\part-063730_913881-023570.parquet,35603,downloaded,35603,
2026-07-17,NSE,JUNIORBEES,raw_l2/trade_date=2026-07-17/exchange=NSE/symbol=JUNIORBEES/part-063909_959643-023794.parquet,real_data_sample\l2_unseen_validation\trade_date=2026-07-17\exchange=NSE\symbol=JUNIORBEES\part-063909_959643-023794.parquet,35730,downloaded,35730,
2026-07-17,NSE,JUNIORBEES,raw_l2/trade_date=2026-07-17/exchange=NSE/symbol=JUNIORBEES/part-063923_986652-023826.parquet,real_data_sample\l2_unseen_validation\trade_date=2026-07-17\exchange=NSE\symbol=JUNIORBEES\part-063923_986652-023826.parquet,35549,downloaded,35549,
2026-07-17,NSE,JUNIORBEES,raw_l2/trade_date=2026-07-17/exchange=NSE/symbol=JUNIORBEES/part-064005_793775-023922.parquet,real_data_sample\l2_unseen_validation\trade_date=2026-07-17\exchange=NSE\symbol=JUNIORBEES\part-064005_793775-023922.parquet,35165,downloaded,35165,
2026-07-17,NSE,JUNIORBEES,raw_l2/trade_date=2026-07-17/exchange=NSE/symbol=JUNIORBEES/part-063951_961533-023890.parquet,real_data_sample\l2_unseen_validation\trade_date=2026-07-17\exchange=NSE\symbol=JUNIORBEES\part-063951_961533-023890.parquet,35644,downloaded,35644,
2026-07-17,NSE,JUNIORBEES,raw_l2/trade_date=2026-07-17/exchange=NSE/symbol=JUNIORBEES/part-063937_948383-023858.parquet,real_data_sample\l2_unseen_validation\trade_date=2026-07-17\exchange=NSE\symbol=JUNIORBEES\part-063937_948383-023858.parquet,35584,downloaded,35584,
2026-07-17,NSE,JUNIORBEES,raw_l2/trade_date=2026-07-17/exchange=NSE/symbol=JUNIORBEES/part-064115_907244-024082.parquet,real_data_sample\l2_unseen_validation\trade_date=2026-07-17\exchange=NSE\symbol=JUNIORBEES\part-064115_907244-024082.parquet,34916,downloaded,34916,
2026-07-17,NSE,JUNIORBEES,raw_l2/trade_date=2026-07-17/exchange=NSE/symbol=JUNIORBEES/part-064129_682335-024114.parquet,real_data_sample\l2_unseen_validation\trade_date=2026-07-17\exchange=NSE\symbol=JUNIORBEES\part-064129_682335-024114.parquet,35089,downloaded,35089,
2026-07-17,NSE,JUNIORBEES,raw_l2/trade_date=2026-07-17/exchange=NSE/symbol=JUNIORBEES/part-064102_004745-024050.parquet,real_data_sample\l2_unseen_validation\trade_date=2026-07-17\exchange=NSE\symbol=JUNIORBEES\part-064102_004745-024050.parquet,35523,downloaded,35523,
2026-07-17,NSE,JUNIORBEES,raw_l2/trade_date=2026-07-17/exchange=NSE/symbol=JUNIORBEES/part-064143_902082-024146.parquet,real_data_sample\l2_unseen_validation\trade_date=2026-07-17\exchange=NSE\symbol=JUNIORBEES\part-064143_902082-024146.parquet,35436,downloaded,35436,
2026-07-17,NSE,JUNIORBEES,raw_l2/trade_date=2026-07-17/exchange=NSE/symbol=JUNIORBEES/part-064048_096623-024018.parquet,real_data_sample\l2_unseen_validation\trade_date=2026-07-17\exchange=NSE\symbol=JUNIORBEES\part-064048_096623-024018.parquet,35702,downloaded,35702,
2026-07-17,NSE,JUNIORBEES,raw_l2/trade_date=2026-07-17/exchange=NSE/symbol=JUNIORBEES/part-064033_960860-023986.parquet,real_data_sample\l2_unseen_validation\trade_date=2026-07-17\exchange=NSE\symbol=JUNIORBEES\part-064033_960860-023986.parquet,35505,downloaded,35505,
2026-07-17,NSE,JUNIORBEES,raw_l2/trade_date=2026-07-17/exchange=NSE/symbol=JUNIORBEES/part-064211_454973-024210.parquet,real_data_sample\l2_unseen_validation\trade_date=2026-07-17\exchange=NSE\symbol=JUNIORBEES\part-064211_454973-024210.parquet,35305,downloaded,35305,
2026-07-17,NSE,JUNIORBEES,raw_l2/trade_date=2026-07-17/exchange=NSE/symbol=JUNIORBEES/part-064225_473343-024242.parquet,real_data_sample\l2_unseen_validation\trade_date=2026-07-17\exchange=NSE\symbol=JUNIORBEES\part-064225_473343-024242.parquet,35416,downloaded,35416,
2026-07-17,NSE,JUNIORBEES,raw_l2/trade_date=2026-07-17/exchange=NSE/symbol=JUNIORBEES/part-064239_123612-024274.parquet,real_data_sample\l2_unseen_validation\trade_date=2026-07-17\exchange=NSE\symbol=JUNIORBEES\part-064239_123612-024274.parquet,35241,downloaded,35241,
2026-07-17,NSE,JUNIORBEES,raw_l2/trade_date=2026-07-17/exchange=NSE/symbol=JUNIORBEES/part-064157_636905-024178.parquet,real_data_sample\l2_unseen_validation\trade_date=2026-07-17\exchange=NSE\symbol=JUNIORBEES\part-064157_636905-024178.parquet,35346,downloaded,35346,
2026-07-17,NSE,JUNIORBEES,raw_l2/trade_date=2026-07-17/exchange=NSE/symbol=JUNIORBEES/part-064252_941964-024306.parquet,real_data_sample\l2_unseen_validation\trade_date=2026-07-17\exchange=NSE\symbol=JUNIORBEES\part-064252_941964-024306.parquet,35597,downloaded,35597,
2026-07-17,NSE,JUNIORBEES,raw_l2/trade_date=2026-07-17/exchange=NSE/symbol=JUNIORBEES/part-064306_632564-024338.parquet,real_data_sample\l2_unseen_validation\trade_date=2026-07-17\exchange=NSE\symbol=JUNIORBEES\part-064306_632564-024338.parquet,35545,downloaded,35545,
2026-07-17,NSE,JUNIORBEES,raw_l2/trade_date=2026-07-17/exchange=NSE/symbol=JUNIORBEES/part-064334_405339-024402.parquet,real_data_sample\l2_unseen_validation\trade_date=2026-07-17\exchange=NSE\symbol=JUNIORBEES\part-064334_405339-024402.parquet,35326,downloaded,35326,
2026-07-17,NSE,JUNIORBEES,raw_l2/trade_date=2026-07-17/exchange=NSE/symbol=JUNIORBEES/part-064348_148131-024434.parquet,real_data_sample\l2_unseen_validation\trade_date=2026-07-17\exchange=NSE\symbol=JUNIORBEES\part-064348_148131-024434.parquet,35187,downloaded,35187,
2026-07-17,NSE,JUNIORBEES,raw_l2/trade_date=2026-07-17/exchange=NSE/symbol=JUNIORBEES/part-064320_426745-024370.parquet,real_data_sample\l2_unseen_validation\trade_date=2026-07-17\exchange=NSE\symbol=JUNIORBEES\part-064320_426745-024370.parquet,35716,downloaded,35716,
2026-07-17,NSE,JUNIORBEES,raw_l2/trade_date=2026-07-17/exchange=NSE/symbol=JUNIORBEES/part-064401_917549-024466.parquet,real_data_sample\l2_unseen_validation\trade_date=2026-07-17\exchange=NSE\symbol=JUNIORBEES\part-064401_917549-024466.parquet,35258,downloaded,35258,
2026-07-17,NSE,JUNIORBEES,raw_l2/trade_date=2026-07-17/exchange=NSE/symbol=JUNIORBEES/part-064416_015921-024498.parquet,real_data_sample\l2_unseen_validation\trade_date=2026-07-17\exchange=NSE\symbol=JUNIORBEES\part-064416_015921-024498.parquet,35828,downloaded,35828,
2026-07-17,NSE,JUNIORBEES,raw_l2/trade_date=2026-07-17/exchange=NSE/symbol=JUNIORBEES/part-064429_932567-024530.parquet,real_data_sample\l2_unseen_validation\trade_date=2026-07-17\exchange=NSE\symbol=JUNIORBEES\part-064429_932567-024530.parquet,35901,downloaded,35901,
2026-07-17,NSE,JUNIORBEES,raw_l2/trade_date=2026-07-17/exchange=NSE/symbol=JUNIORBEES/part-064443_641229-024562.parquet,real_data_sample\l2_unseen_validation\trade_date=2026-07-17\exchange=NSE\symbol=JUNIORBEES\part-064443_641229-024562.parquet,35436,downloaded,35436,
2026-07-17,NSE,JUNIORBEES,raw_l2/trade_date=2026-07-17/exchange=NSE/symbol=JUNIORBEES/part-064457_441951-024594.parquet,real_data_sample\l2_unseen_validation\trade_date=2026-07-17\exchange=NSE\symbol=JUNIORBEES\part-064457_441951-024594.parquet,35714,downloaded,35714,
2026-07-17,NSE,JUNIORBEES,raw_l2/trade_date=2026-07-17/exchange=NSE/symbol=JUNIORBEES/part-064553_116039-024722.parquet,real_data_sample\l2_unseen_validation\trade_date=2026-07-17\exchange=NSE\symbol=JUNIORBEES\part-064553_116039-024722.parquet,35564,downloaded,35564,
2026-07-17,NSE,JUNIORBEES,raw_l2/trade_date=2026-07-17/exchange=NSE/symbol=JUNIORBEES/part-064620_683761-024786.parquet,real_data_sample\l2_unseen_validation\trade_date=2026-07-17\exchange=NSE\symbol=JUNIORBEES\part-064620_683761-024786.parquet,35644,downloaded,35644,
2026-07-17,NSE,JUNIORBEES,raw_l2/trade_date=2026-07-17/exchange=NSE/symbol=JUNIORBEES/part-064606_837525-024754.parquet,real_data_sample\l2_unseen_validation\trade_date=2026-07-17\exchange=NSE\symbol=JUNIORBEES\part-064606_837525-024754.parquet,35702,downloaded,35702,
2026-07-17,NSE,JUNIORBEES,raw_l2/trade_date=2026-07-17/exchange=NSE/symbol=JUNIORBEES/part-064525_518355-024658.parquet,real_data_sample\l2_unseen_validation\trade_date=2026-07-17\exchange=NSE\symbol=JUNIORBEES\part-064525_518355-024658.parquet,35240,downloaded,35240,
2026-07-17,NSE,JUNIORBEES,raw_l2/trade_date=2026-07-17/exchange=NSE/symbol=JUNIORBEES/part-064539_423022-024690.parquet,real_data_sample\l2_unseen_validation\trade_date=2026-07-17\exchange=NSE\symbol=JUNIORBEES\part-064539_423022-024690.parquet,35805,downloaded,35805,
2026-07-17,NSE,JUNIORBEES,raw_l2/trade_date=2026-07-17/exchange=NSE/symbol=JUNIORBEES/part-064648_460490-024850.parquet,real_data_sample\l2_unseen_validation\trade_date=2026-07-17\exchange=NSE\symbol=JUNIORBEES\part-064648_460490-024850.parquet,35571,downloaded,35571,
2026-07-17,NSE,JUNIORBEES,raw_l2/trade_date=2026-07-17/exchange=NSE/symbol=JUNIORBEES/part-064511_510971-024626.parquet,real_data_sample\l2_unseen_validation\trade_date=2026-07-17\exchange=NSE\symbol=JUNIORBEES\part-064511_510971-024626.parquet,35949,downloaded,35949,
2026-07-17,NSE,JUNIORBEES,raw_l2/trade_date=2026-07-17/exchange=NSE/symbol=JUNIORBEES/part-064634_439891-024818.parquet,real_data_sample\l2_unseen_validation\trade_date=2026-07-17\exchange=NSE\symbol=JUNIORBEES\part-064634_439891-024818.parquet,35630,downloaded,35630,
2026-07-17,NSE,JUNIORBEES,raw_l2/trade_date=2026-07-17/exchange=NSE/symbol=JUNIORBEES/part-064019_878364-023954.parquet,real_data_sample\l2_unseen_validation\trade_date=2026-07-17\exchange=NSE\symbol=JUNIORBEES\part-064019_878364-023954.parquet,35850,downloaded,35850,
2026-07-17,NSE,JUNIORBEES,raw_l2/trade_date=2026-07-17/exchange=NSE/symbol=JUNIORBEES/part-064730_185166-024946.parquet,real_data_sample\l2_unseen_validation\trade_date=2026-07-17\exchange=NSE\symbol=JUNIORBEES\part-064730_185166-024946.parquet,35143,downloaded,35143,
2026-07-17,NSE,JUNIORBEES,raw_l2/trade_date=2026-07-17/exchange=NSE/symbol=JUNIORBEES/part-064702_443380-024882.parquet,real_data_sample\l2_unseen_validation\trade_date=2026-07-17\exchange=NSE\symbol=JUNIORBEES\part-064702_443380-024882.parquet,35582,downloaded,35582,
2026-07-17,NSE,JUNIORBEES,raw_l2/trade_date=2026-07-17/exchange=NSE/symbol=JUNIORBEES/part-064744_162716-024978.parquet,real_data_sample\l2_unseen_validation\trade_date=2026-07-17\exchange=NSE\symbol=JUNIORBEES\part-064744_162716-024978.parquet,35365,downloaded,35365,
2026-07-17,NSE,JUNIORBEES,raw_l2/trade_date=2026-07-17/exchange=NSE/symbol=JUNIORBEES/part-064716_446151-024914.parquet,real_data_sample\l2_unseen_validation\trade_date=2026-07-17\exchange=NSE\symbol=JUNIORBEES\part-064716_446151-024914.parquet,35120,downloaded,35120,
2026-07-17,NSE,JUNIORBEES,raw_l2/trade_date=2026-07-17/exchange=NSE/symbol=JUNIORBEES/part-064825_785526-025074.parquet,real_data_sample\l2_unseen_validation\trade_date=2026-07-17\exchange=NSE\symbol=JUNIORBEES\part-064825_785526-025074.parquet,35186,downloaded,35186,
2026-07-17,NSE,JUNIORBEES,raw_l2/trade_date=2026-07-17/exchange=NSE/symbol=JUNIORBEES/part-064811_932747-025042.parquet,real_data_sample\l2_unseen_validation\trade_date=2026-07-17\exchange=NSE\symbol=JUNIORBEES\part-064811_932747-025042.parquet,35623,downloaded,35623,
2026-07-17,NSE,JUNIORBEES,raw_l2/trade_date=2026-07-17/exchange=NSE/symbol=JUNIORBEES/part-064907_249762-025170.parquet,real_data_sample\l2_unseen_validation\trade_date=2026-07-17\exchange=NSE\symbol=JUNIORBEES\part-064907_249762-025170.parquet,35041,downloaded,35041,
2026-07-17,NSE,JUNIORBEES,raw_l2/trade_date=2026-07-17/exchange=NSE/symbol=JUNIORBEES/part-064839_648526-025106.parquet,real_data_sample\l2_unseen_validation\trade_date=2026-07-17\exchange=NSE\symbol=JUNIORBEES\part-064839_648526-025106.parquet,35398,downloaded,35398,
2026-07-17,NSE,JUNIORBEES,raw_l2/trade_date=2026-07-17/exchange=NSE/symbol=JUNIORBEES/part-064757_897578-025010.parquet,real_data_sample\l2_unseen_validation\trade_date=2026-07-17\exchange=NSE\symbol=JUNIORBEES\part-064757_897578-025010.parquet,35110,downloaded,35110,
2026-07-17,NSE,JUNIORBEES,raw_l2/trade_date=2026-07-17/exchange=NSE/symbol=JUNIORBEES/part-064853_403826-025138.parquet,real_data_sample\l2_unseen_validation\trade_date=2026-07-17\exchange=NSE\symbol=JUNIORBEES\part-064853_403826-025138.parquet,35106,downloaded,35106,
2026-07-17,NSE,JUNIORBEES,raw_l2/trade_date=2026-07-17/exchange=NSE/symbol=JUNIORBEES/part-064921_159183-025202.parquet,real_data_sample\l2_unseen_validation\trade_date=2026-07-17\exchange=NSE\symbol=JUNIORBEES\part-064921_159183-025202.parquet,35406,downloaded,35406,
2026-07-17,NSE,JUNIORBEES,raw_l2/trade_date=2026-07-17/exchange=NSE/symbol=JUNIORBEES/part-064934_974670-025234.parquet,real_data_sample\l2_unseen_validation\trade_date=2026-07-17\exchange=NSE\symbol=JUNIORBEES\part-064934_974670-025234.parquet,35342,downloaded,35342,
2026-07-17,NSE,JUNIORBEES,raw_l2/trade_date=2026-07-17/exchange=NSE/symbol=JUNIORBEES/part-065016_921788-025330.parquet,real_data_sample\l2_unseen_validation\trade_date=2026-07-17\exchange=NSE\symbol=JUNIORBEES\part-065016_921788-025330.parquet,35542,downloaded,35542,
2026-07-17,NSE,JUNIORBEES,raw_l2/trade_date=2026-07-17/exchange=NSE/symbol=JUNIORBEES/part-065030_650315-025362.parquet,real_data_sample\l2_unseen_validation\trade_date=2026-07-17\exchange=NSE\symbol=JUNIORBEES\part-065030_650315-025362.parquet,35249,downloaded,35249,
2026-07-17,NSE,JUNIORBEES,raw_l2/trade_date=2026-07-17/exchange=NSE/symbol=JUNIORBEES/part-065003_069682-025298.parquet,real_data_sample\l2_unseen_validation\trade_date=2026-07-17\exchange=NSE\symbol=JUNIORBEES\part-065003_069682-025298.parquet,35361,downloaded,35361,
2026-07-17,NSE,JUNIORBEES,raw_l2/trade_date=2026-07-17/exchange=NSE/symbol=JUNIORBEES/part-064948_958992-025266.parquet,real_data_sample\l2_unseen_validation\trade_date=2026-07-17\exchange=NSE\symbol=JUNIORBEES\part-064948_958992-025266.parquet,35412,downloaded,35412,
2026-07-17,NSE,JUNIORBEES,raw_l2/trade_date=2026-07-17/exchange=NSE/symbol=JUNIORBEES/part-065044_868158-025394.parquet,real_data_sample\l2_unseen_validation\trade_date=2026-07-17\exchange=NSE\symbol=JUNIORBEES\part-065044_868158-025394.parquet,35604,downloaded,35604,
2026-07-17,NSE,JUNIORBEES,raw_l2/trade_date=2026-07-17/exchange=NSE/symbol=JUNIORBEES/part-065058_919036-025426.parquet,real_data_sample\l2_unseen_validation\trade_date=2026-07-17\exchange=NSE\symbol=JUNIORBEES\part-065058_919036-025426.parquet,35420,downloaded,35420,
2026-07-17,NSE,JUNIORBEES,raw_l2/trade_date=2026-07-17/exchange=NSE/symbol=JUNIORBEES/part-065112_912320-025458.parquet,real_data_sample\l2_unseen_validation\trade_date=2026-07-17\exchange=NSE\symbol=JUNIORBEES\part-065112_912320-025458.parquet,35135,downloaded,35135,
2026-07-17,NSE,JUNIORBEES,raw_l2/trade_date=2026-07-17/exchange=NSE/symbol=JUNIORBEES/part-065126_994709-025490.parquet,real_data_sample\l2_unseen_validation\trade_date=2026-07-17\exchange=NSE\symbol=JUNIORBEES\part-065126_994709-025490.parquet,35268,downloaded,35268,
2026-07-17,NSE,JUNIORBEES,raw_l2/trade_date=2026-07-17/exchange=NSE/symbol=JUNIORBEES/part-065140_995302-025522.parquet,real_data_sample\l2_unseen_validation\trade_date=2026-07-17\exchange=NSE\symbol=JUNIORBEES\part-065140_995302-025522.parquet,35441,downloaded,35441,
2026-07-17,NSE,JUNIORBEES,raw_l2/trade_date=2026-07-17/exchange=NSE/symbol=JUNIORBEES/part-065209_150257-025586.parquet,real_data_sample\l2_unseen_validation\trade_date=2026-07-17\exchange=NSE\symbol=JUNIORBEES\part-065209_150257-025586.parquet,35535,downloaded,35535,
2026-07-17,NSE,JUNIORBEES,raw_l2/trade_date=2026-07-17/exchange=NSE/symbol=JUNIORBEES/part-065155_044647-025554.parquet,real_data_sample\l2_unseen_validation\trade_date=2026-07-17\exchange=NSE\symbol=JUNIORBEES\part-065155_044647-025554.parquet,35595,downloaded,35595,
2026-07-17,NSE,JUNIORBEES,raw_l2/trade_date=2026-07-17/exchange=NSE/symbol=JUNIORBEES/part-065333_468401-025778.parquet,real_data_sample\l2_unseen_validation\trade_date=2026-07-17\exchange=NSE\symbol=JUNIORBEES\part-065333_468401-025778.parquet,35599,downloaded,35599,
2026-07-17,NSE,JUNIORBEES,raw_l2/trade_date=2026-07-17/exchange=NSE/symbol=JUNIORBEES/part-065347_266876-025810.parquet,real_data_sample\l2_unseen_validation\trade_date=2026-07-17\exchange=NSE\symbol=JUNIORBEES\part-065347_266876-025810.parquet,35332,downloaded,35332,
2026-07-17,NSE,JUNIORBEES,raw_l2/trade_date=2026-07-17/exchange=NSE/symbol=JUNIORBEES/part-065319_607252-025746.parquet,real_data_sample\l2_unseen_validation\trade_date=2026-07-17\exchange=NSE\symbol=JUNIORBEES\part-065319_607252-025746.parquet,35471,downloaded,35471,
2026-07-17,NSE,JUNIORBEES,raw_l2/trade_date=2026-07-17/exchange=NSE/symbol=JUNIORBEES/part-065223_281430-025618.parquet,real_data_sample\l2_unseen_validation\trade_date=2026-07-17\exchange=NSE\symbol=JUNIORBEES\part-065223_281430-025618.parquet,35764,downloaded,35764,
2026-07-17,NSE,JUNIORBEES,raw_l2/trade_date=2026-07-17/exchange=NSE/symbol=JUNIORBEES/part-065305_639237-025714.parquet,real_data_sample\l2_unseen_validation\trade_date=2026-07-17\exchange=NSE\symbol=JUNIORBEES\part-065305_639237-025714.parquet,35254,downloaded,35254,
2026-07-17,NSE,JUNIORBEES,raw_l2/trade_date=2026-07-17/exchange=NSE/symbol=JUNIORBEES/part-065237_344447-025650.parquet,real_data_sample\l2_unseen_validation\trade_date=2026-07-17\exchange=NSE\symbol=JUNIORBEES\part-065237_344447-025650.parquet,35334,downloaded,35334,
2026-07-17,NSE,JUNIORBEES,raw_l2/trade_date=2026-07-17/exchange=NSE/symbol=JUNIORBEES/part-065251_511483-025682.parquet,real_data_sample\l2_unseen_validation\trade_date=2026-07-17\exchange=NSE\symbol=JUNIORBEES\part-065251_511483-025682.parquet,35537,downloaded,35537,
2026-07-17,NSE,JUNIORBEES,raw_l2/trade_date=2026-07-17/exchange=NSE/symbol=JUNIORBEES/part-065443_530718-025938.parquet,real_data_sample\l2_unseen_validation\trade_date=2026-07-17\exchange=NSE\symbol=JUNIORBEES\part-065443_530718-025938.parquet,35392,downloaded,35392,
2026-07-17,NSE,JUNIORBEES,raw_l2/trade_date=2026-07-17/exchange=NSE/symbol=JUNIORBEES/part-065401_400598-025842.parquet,real_data_sample\l2_unseen_validation\trade_date=2026-07-17\exchange=NSE\symbol=JUNIORBEES\part-065401_400598-025842.parquet,35720,downloaded,35720,
2026-07-17,NSE,JUNIORBEES,raw_l2/trade_date=2026-07-17/exchange=NSE/symbol=JUNIORBEES/part-065429_493176-025906.parquet,real_data_sample\l2_unseen_validation\trade_date=2026-07-17\exchange=NSE\symbol=JUNIORBEES\part-065429_493176-025906.parquet,35231,downloaded,35231,
2026-07-17,NSE,JUNIORBEES,raw_l2/trade_date=2026-07-17/exchange=NSE/symbol=JUNIORBEES/part-065511_796895-026002.parquet,real_data_sample\l2_unseen_validation\trade_date=2026-07-17\exchange=NSE\symbol=JUNIORBEES\part-065511_796895-026002.parquet,35380,downloaded,35380,
2026-07-17,NSE,JUNIORBEES,raw_l2/trade_date=2026-07-17/exchange=NSE/symbol=JUNIORBEES/part-065457_687100-025970.parquet,real_data_sample\l2_unseen_validation\trade_date=2026-07-17\exchange=NSE\symbol=JUNIORBEES\part-065457_687100-025970.parquet,35142,downloaded,35142,
2026-07-17,NSE,JUNIORBEES,raw_l2/trade_date=2026-07-17/exchange=NSE/symbol=JUNIORBEES/part-065525_815202-026034.parquet,real_data_sample\l2_unseen_validation\trade_date=2026-07-17\exchange=NSE\symbol=JUNIORBEES\part-065525_815202-026034.parquet,35097,downloaded,35097,
2026-07-17,NSE,JUNIORBEES,raw_l2/trade_date=2026-07-17/exchange=NSE/symbol=JUNIORBEES/part-065636_039371-026194.parquet,real_data_sample\l2_unseen_validation\trade_date=2026-07-17\exchange=NSE\symbol=JUNIORBEES\part-065636_039371-026194.parquet,35188,downloaded,35188,
2026-07-17,NSE,JUNIORBEES,raw_l2/trade_date=2026-07-17/exchange=NSE/symbol=JUNIORBEES/part-065622_101999-026162.parquet,real_data_sample\l2_unseen_validation\trade_date=2026-07-17\exchange=NSE\symbol=JUNIORBEES\part-065622_101999-026162.parquet,35454,downloaded,35454,
2026-07-17,NSE,JUNIORBEES,raw_l2/trade_date=2026-07-17/exchange=NSE/symbol=JUNIORBEES/part-065540_105378-026066.parquet,real_data_sample\l2_unseen_validation\trade_date=2026-07-17\exchange=NSE\symbol=JUNIORBEES\part-065540_105378-026066.parquet,35269,downloaded,35269,
2026-07-17,NSE,JUNIORBEES,raw_l2/trade_date=2026-07-17/exchange=NSE/symbol=JUNIORBEES/part-065650_052139-026226.parquet,real_data_sample\l2_unseen_validation\trade_date=2026-07-17\exchange=NSE\symbol=JUNIORBEES\part-065650_052139-026226.parquet,35290,downloaded,35290,
2026-07-17,NSE,JUNIORBEES,raw_l2/trade_date=2026-07-17/exchange=NSE/symbol=JUNIORBEES/part-065554_010887-026098.parquet,real_data_sample\l2_unseen_validation\trade_date=2026-07-17\exchange=NSE\symbol=JUNIORBEES\part-065554_010887-026098.parquet,35333,downloaded,35333,
2026-07-17,NSE,JUNIORBEES,raw_l2/trade_date=2026-07-17/exchange=NSE/symbol=JUNIORBEES/part-065608_044568-026130.parquet,real_data_sample\l2_unseen_validation\trade_date=2026-07-17\exchange=NSE\symbol=JUNIORBEES\part-065608_044568-026130.parquet,35321,downloaded,35321,
2026-07-17,NSE,JUNIORBEES,raw_l2/trade_date=2026-07-17/exchange=NSE/symbol=JUNIORBEES/part-065732_174092-026322.parquet,real_data_sample\l2_unseen_validation\trade_date=2026-07-17\exchange=NSE\symbol=JUNIORBEES\part-065732_174092-026322.parquet,35415,downloaded,35415,
2026-07-17,NSE,JUNIORBEES,raw_l2/trade_date=2026-07-17/exchange=NSE/symbol=JUNIORBEES/part-065718_004380-026290.parquet,real_data_sample\l2_unseen_validation\trade_date=2026-07-17\exchange=NSE\symbol=JUNIORBEES\part-065718_004380-026290.parquet,35408,downloaded,35408,
2026-07-17,NSE,JUNIORBEES,raw_l2/trade_date=2026-07-17/exchange=NSE/symbol=JUNIORBEES/part-065703_971964-026258.parquet,real_data_sample\l2_unseen_validation\trade_date=2026-07-17\exchange=NSE\symbol=JUNIORBEES\part-065703_971964-026258.parquet,35484,downloaded,35484,
2026-07-17,NSE,JUNIORBEES,raw_l2/trade_date=2026-07-17/exchange=NSE/symbol=JUNIORBEES/part-065746_135558-026354.parquet,real_data_sample\l2_unseen_validation\trade_date=2026-07-17\exchange=NSE\symbol=JUNIORBEES\part-065746_135558-026354.parquet,35225,downloaded,35225,
2026-07-17,NSE,JUNIORBEES,raw_l2/trade_date=2026-07-17/exchange=NSE/symbol=JUNIORBEES/part-065814_632785-026418.parquet,real_data_sample\l2_unseen_validation\trade_date=2026-07-17\exchange=NSE\symbol=JUNIORBEES\part-065814_632785-026418.parquet,35634,downloaded,35634,
2026-07-17,NSE,JUNIORBEES,raw_l2/trade_date=2026-07-17/exchange=NSE/symbol=JUNIORBEES/part-065828_989919-026450.parquet,real_data_sample\l2_unseen_validation\trade_date=2026-07-17\exchange=NSE\symbol=JUNIORBEES\part-065828_989919-026450.parquet,35453,downloaded,35453,
2026-07-17,NSE,JUNIORBEES,raw_l2/trade_date=2026-07-17/exchange=NSE/symbol=JUNIORBEES/part-065843_432858-026482.parquet,real_data_sample\l2_unseen_validation\trade_date=2026-07-17\exchange=NSE\symbol=JUNIORBEES\part-065843_432858-026482.parquet,35364,downloaded,35364,
2026-07-17,NSE,JUNIORBEES,raw_l2/trade_date=2026-07-17/exchange=NSE/symbol=JUNIORBEES/part-065800_380371-026386.parquet,real_data_sample\l2_unseen_validation\trade_date=2026-07-17\exchange=NSE\symbol=JUNIORBEES\part-065800_380371-026386.parquet,35753,downloaded,35753,
2026-07-17,NSE,JUNIORBEES,raw_l2/trade_date=2026-07-17/exchange=NSE/symbol=JUNIORBEES/part-065911_850161-026546.parquet,real_data_sample\l2_unseen_validation\trade_date=2026-07-17\exchange=NSE\symbol=JUNIORBEES\part-065911_850161-026546.parquet,35323,downloaded,35323,
2026-07-17,NSE,JUNIORBEES,raw_l2/trade_date=2026-07-17/exchange=NSE/symbol=JUNIORBEES/part-065857_625471-026514.parquet,real_data_sample\l2_unseen_validation\trade_date=2026-07-17\exchange=NSE\symbol=JUNIORBEES\part-065857_625471-026514.parquet,35604,downloaded,35604,
2026-07-17,NSE,JUNIORBEES,raw_l2/trade_date=2026-07-17/exchange=NSE/symbol=JUNIORBEES/part-065955_719196-026642.parquet,real_data_sample\l2_unseen_validation\trade_date=2026-07-17\exchange=NSE\symbol=JUNIORBEES\part-065955_719196-026642.parquet,35419,downloaded,35419,
2026-07-17,NSE,JUNIORBEES,raw_l2/trade_date=2026-07-17/exchange=NSE/symbol=JUNIORBEES/part-065926_354379-026578.parquet,real_data_sample\l2_unseen_validation\trade_date=2026-07-17\exchange=NSE\symbol=JUNIORBEES\part-065926_354379-026578.parquet,35231,downloaded,35231,
2026-07-17,NSE,JUNIORBEES,raw_l2/trade_date=2026-07-17/exchange=NSE/symbol=JUNIORBEES/part-065941_082578-026610.parquet,real_data_sample\l2_unseen_validation\trade_date=2026-07-17\exchange=NSE\symbol=JUNIORBEES\part-065941_082578-026610.parquet,35758,downloaded,35758,
2026-07-17,NSE,JUNIORBEES,raw_l2/trade_date=2026-07-17/exchange=NSE/symbol=JUNIORBEES/part-070010_403658-026674.parquet,real_data_sample\l2_unseen_validation\trade_date=2026-07-17\exchange=NSE\symbol=JUNIORBEES\part-070010_403658-026674.parquet,35680,downloaded,35680,
2026-07-17,NSE,JUNIORBEES,raw_l2/trade_date=2026-07-17/exchange=NSE/symbol=JUNIORBEES/part-070024_932498-026706.parquet,real_data_sample\l2_unseen_validation\trade_date=2026-07-17\exchange=NSE\symbol=JUNIORBEES\part-070024_932498-026706.parquet,35403,downloaded,35403,
2026-07-17,NSE,JUNIORBEES,raw_l2/trade_date=2026-07-17/exchange=NSE/symbol=JUNIORBEES/part-070039_124832-026738.parquet,real_data_sample\l2_unseen_validation\trade_date=2026-07-17\exchange=NSE\symbol=JUNIORBEES\part-070039_124832-026738.parquet,35827,downloaded,35827,
2026-07-17,NSE,JUNIORBEES,raw_l2/trade_date=2026-07-17/exchange=NSE/symbol=JUNIORBEES/part-070053_890710-026770.parquet,real_data_sample\l2_unseen_validation\trade_date=2026-07-17\exchange=NSE\symbol=JUNIORBEES\part-070053_890710-026770.parquet,35647,downloaded,35647,
2026-07-17,NSE,JUNIORBEES,raw_l2/trade_date=2026-07-17/exchange=NSE/symbol=JUNIORBEES/part-070123_371109-026834.parquet,real_data_sample\l2_unseen_validation\trade_date=2026-07-17\exchange=NSE\symbol=JUNIORBEES\part-070123_371109-026834.parquet,35489,downloaded,35489,
2026-07-17,NSE,JUNIORBEES,raw_l2/trade_date=2026-07-17/exchange=NSE/symbol=JUNIORBEES/part-070137_991126-026866.parquet,real_data_sample\l2_unseen_validation\trade_date=2026-07-17\exchange=NSE\symbol=JUNIORBEES\part-070137_991126-026866.parquet,35273,downloaded,35273,
2026-07-17,NSE,JUNIORBEES,raw_l2/trade_date=2026-07-17/exchange=NSE/symbol=JUNIORBEES/part-070108_602560-026802.parquet,real_data_sample\l2_unseen_validation\trade_date=2026-07-17\exchange=NSE\symbol=JUNIORBEES\part-070108_602560-026802.parquet,35367,downloaded,35367,
2026-07-17,NSE,JUNIORBEES,raw_l2/trade_date=2026-07-17/exchange=NSE/symbol=JUNIORBEES/part-070153_108745-026898.parquet,real_data_sample\l2_unseen_validation\trade_date=2026-07-17\exchange=NSE\symbol=JUNIORBEES\part-070153_108745-026898.parquet,35481,downloaded,35481,
2026-07-17,NSE,JUNIORBEES,raw_l2/trade_date=2026-07-17/exchange=NSE/symbol=JUNIORBEES/part-070251_677883-027026.parquet,real_data_sample\l2_unseen_validation\trade_date=2026-07-17\exchange=NSE\symbol=JUNIORBEES\part-070251_677883-027026.parquet,35209,downloaded,35209,
2026-07-17,NSE,JUNIORBEES,raw_l2/trade_date=2026-07-17/exchange=NSE/symbol=JUNIORBEES/part-070432_861892-027250.parquet,real_data_sample\l2_unseen_validation\trade_date=2026-07-17\exchange=NSE\symbol=JUNIORBEES\part-070432_861892-027250.parquet,35012,downloaded,35012,
2026-07-17,NSE,JUNIORBEES,raw_l2/trade_date=2026-07-17/exchange=NSE/symbol=JUNIORBEES/part-070237_056036-026994.parquet,real_data_sample\l2_unseen_validation\trade_date=2026-07-17\exchange=NSE\symbol=JUNIORBEES\part-070237_056036-026994.parquet,35182,downloaded,35182,
2026-07-17,NSE,JUNIORBEES,raw_l2/trade_date=2026-07-17/exchange=NSE/symbol=JUNIORBEES/part-070222_209895-026962.parquet,real_data_sample\l2_unseen_validation\trade_date=2026-07-17\exchange=NSE\symbol=JUNIORBEES\part-070222_209895-026962.parquet,34951,downloaded,34951,
2026-07-17,NSE,JUNIORBEES,raw_l2/trade_date=2026-07-17/exchange=NSE/symbol=JUNIORBEES/part-070207_414924-026930.parquet,real_data_sample\l2_unseen_validation\trade_date=2026-07-17\exchange=NSE\symbol=JUNIORBEES\part-070207_414924-026930.parquet,35125,downloaded,35125,
2026-07-17,NSE,JUNIORBEES,raw_l2/trade_date=2026-07-17/exchange=NSE/symbol=JUNIORBEES/part-070306_546797-027058.parquet,real_data_sample\l2_unseen_validation\trade_date=2026-07-17\exchange=NSE\symbol=JUNIORBEES\part-070306_546797-027058.parquet,35494,downloaded,35494,
2026-07-17,NSE,JUNIORBEES,raw_l2/trade_date=2026-07-17/exchange=NSE/symbol=JUNIORBEES/part-070545_217472-027410.parquet,real_data_sample\l2_unseen_validation\trade_date=2026-07-17\exchange=NSE\symbol=JUNIORBEES\part-070545_217472-027410.parquet,35264,downloaded,35264,
2026-07-17,NSE,JUNIORBEES,raw_l2/trade_date=2026-07-17/exchange=NSE/symbol=JUNIORBEES/part-070349_975943-027154.parquet,real_data_sample\l2_unseen_validation\trade_date=2026-07-17\exchange=NSE\symbol=JUNIORBEES\part-070349_975943-027154.parquet,35445,downloaded,35445,
2026-07-17,NSE,JUNIORBEES,raw_l2/trade_date=2026-07-17/exchange=NSE/symbol=JUNIORBEES/part-070530_824840-027378.parquet,real_data_sample\l2_unseen_validation\trade_date=2026-07-17\exchange=NSE\symbol=JUNIORBEES\part-070530_824840-027378.parquet,35353,downloaded,35353,
2026-07-17,NSE,JUNIORBEES,raw_l2/trade_date=2026-07-17/exchange=NSE/symbol=JUNIORBEES/part-070335_706226-027122.parquet,real_data_sample\l2_unseen_validation\trade_date=2026-07-17\exchange=NSE\symbol=JUNIORBEES\part-070335_706226-027122.parquet,35544,downloaded,35544,
2026-07-17,NSE,JUNIORBEES,raw_l2/trade_date=2026-07-17/exchange=NSE/symbol=JUNIORBEES/part-070418_721912-027218.parquet,real_data_sample\l2_unseen_validation\trade_date=2026-07-17\exchange=NSE\symbol=JUNIORBEES\part-070418_721912-027218.parquet,35058,downloaded,35058,
2026-07-17,NSE,JUNIORBEES,raw_l2/trade_date=2026-07-17/exchange=NSE/symbol=JUNIORBEES/part-070321_369083-027090.parquet,real_data_sample\l2_unseen_validation\trade_date=2026-07-17\exchange=NSE\symbol=JUNIORBEES\part-070321_369083-027090.parquet,35166,downloaded,35166,
2026-07-17,NSE,JUNIORBEES,raw_l2/trade_date=2026-07-17/exchange=NSE/symbol=JUNIORBEES/part-070404_516179-027186.parquet,real_data_sample\l2_unseen_validation\trade_date=2026-07-17\exchange=NSE\symbol=JUNIORBEES\part-070404_516179-027186.parquet,35554,downloaded,35554,
2026-07-17,NSE,JUNIORBEES,raw_l2/trade_date=2026-07-17/exchange=NSE/symbol=JUNIORBEES/part-070559_422430-027442.parquet,real_data_sample\l2_unseen_validation\trade_date=2026-07-17\exchange=NSE\symbol=JUNIORBEES\part-070559_422430-027442.parquet,34925,downloaded,34925,
2026-07-17,NSE,JUNIORBEES,raw_l2/trade_date=2026-07-17/exchange=NSE/symbol=JUNIORBEES/part-070447_095644-027282.parquet,real_data_sample\l2_unseen_validation\trade_date=2026-07-17\exchange=NSE\symbol=JUNIORBEES\part-070447_095644-027282.parquet,34980,downloaded,34980,
2026-07-17,NSE,JUNIORBEES,raw_l2/trade_date=2026-07-17/exchange=NSE/symbol=JUNIORBEES/part-070501_717523-027314.parquet,real_data_sample\l2_unseen_validation\trade_date=2026-07-17\exchange=NSE\symbol=JUNIORBEES\part-070501_717523-027314.parquet,34871,downloaded,34871,
2026-07-17,NSE,JUNIORBEES,raw_l2/trade_date=2026-07-17/exchange=NSE/symbol=JUNIORBEES/part-070516_303874-027346.parquet,real_data_sample\l2_unseen_validation\trade_date=2026-07-17\exchange=NSE\symbol=JUNIORBEES\part-070516_303874-027346.parquet,35119,downloaded,35119,
2026-07-17,NSE,JUNIORBEES,raw_l2/trade_date=2026-07-17/exchange=NSE/symbol=JUNIORBEES/part-070613_829562-027474.parquet,real_data_sample\l2_unseen_validation\trade_date=2026-07-17\exchange=NSE\symbol=JUNIORBEES\part-070613_829562-027474.parquet,35417,downloaded,35417,
2026-07-17,NSE,JUNIORBEES,raw_l2/trade_date=2026-07-17/exchange=NSE/symbol=JUNIORBEES/part-070628_245225-027506.parquet,real_data_sample\l2_unseen_validation\trade_date=2026-07-17\exchange=NSE\symbol=JUNIORBEES\part-070628_245225-027506.parquet,35416,downloaded,35416,
2026-07-17,NSE,JUNIORBEES,raw_l2/trade_date=2026-07-17/exchange=NSE/symbol=JUNIORBEES/part-070656_878367-027570.parquet,real_data_sample\l2_unseen_validation\trade_date=2026-07-17\exchange=NSE\symbol=JUNIORBEES\part-070656_878367-027570.parquet,35613,downloaded,35613,
2026-07-17,NSE,JUNIORBEES,raw_l2/trade_date=2026-07-17/exchange=NSE/symbol=JUNIORBEES/part-070711_158647-027602.parquet,real_data_sample\l2_unseen_validation\trade_date=2026-07-17\exchange=NSE\symbol=JUNIORBEES\part-070711_158647-027602.parquet,35445,downloaded,35445,
2026-07-17,NSE,JUNIORBEES,raw_l2/trade_date=2026-07-17/exchange=NSE/symbol=JUNIORBEES/part-070642_619658-027538.parquet,real_data_sample\l2_unseen_validation\trade_date=2026-07-17\exchange=NSE\symbol=JUNIORBEES\part-070642_619658-027538.parquet,35742,downloaded,35742,
2026-07-17,NSE,JUNIORBEES,raw_l2/trade_date=2026-07-17/exchange=NSE/symbol=JUNIORBEES/part-070739_602039-027666.parquet,real_data_sample\l2_unseen_validation\trade_date=2026-07-17\exchange=NSE\symbol=JUNIORBEES\part-070739_602039-027666.parquet,35402,downloaded,35402,
2026-07-17,NSE,JUNIORBEES,raw_l2/trade_date=2026-07-17/exchange=NSE/symbol=JUNIORBEES/part-070725_415953-027634.parquet,real_data_sample\l2_unseen_validation\trade_date=2026-07-17\exchange=NSE\symbol=JUNIORBEES\part-070725_415953-027634.parquet,35481,downloaded,35481,
2026-07-17,NSE,JUNIORBEES,raw_l2/trade_date=2026-07-17/exchange=NSE/symbol=JUNIORBEES/part-070807_809353-027730.parquet,real_data_sample\l2_unseen_validation\trade_date=2026-07-17\exchange=NSE\symbol=JUNIORBEES\part-070807_809353-027730.parquet,35571,downloaded,35571,
2026-07-17,NSE,JUNIORBEES,raw_l2/trade_date=2026-07-17/exchange=NSE/symbol=JUNIORBEES/part-070753_789003-027698.parquet,real_data_sample\l2_unseen_validation\trade_date=2026-07-17\exchange=NSE\symbol=JUNIORBEES\part-070753_789003-027698.parquet,35607,downloaded,35607,
2026-07-17,NSE,JUNIORBEES,raw_l2/trade_date=2026-07-17/exchange=NSE/symbol=JUNIORBEES/part-070905_176617-027858.parquet,real_data_sample\l2_unseen_validation\trade_date=2026-07-17\exchange=NSE\symbol=JUNIORBEES\part-070905_176617-027858.parquet,35297,downloaded,35297,
2026-07-17,NSE,JUNIORBEES,raw_l2/trade_date=2026-07-17/exchange=NSE/symbol=JUNIORBEES/part-070836_347941-027794.parquet,real_data_sample\l2_unseen_validation\trade_date=2026-07-17\exchange=NSE\symbol=JUNIORBEES\part-070836_347941-027794.parquet,35631,downloaded,35631,
2026-07-17,NSE,JUNIORBEES,raw_l2/trade_date=2026-07-17/exchange=NSE/symbol=JUNIORBEES/part-070850_649066-027826.parquet,real_data_sample\l2_unseen_validation\trade_date=2026-07-17\exchange=NSE\symbol=JUNIORBEES\part-070850_649066-027826.parquet,35373,downloaded,35373,
2026-07-17,NSE,JUNIORBEES,raw_l2/trade_date=2026-07-17/exchange=NSE/symbol=JUNIORBEES/part-070821_930774-027762.parquet,real_data_sample\l2_unseen_validation\trade_date=2026-07-17\exchange=NSE\symbol=JUNIORBEES\part-070821_930774-027762.parquet,35430,downloaded,35430,
2026-07-17,NSE,JUNIORBEES,raw_l2/trade_date=2026-07-17/exchange=NSE/symbol=JUNIORBEES/part-070948_633422-027954.parquet,real_data_sample\l2_unseen_validation\trade_date=2026-07-17\exchange=NSE\symbol=JUNIORBEES\part-070948_633422-027954.parquet,35434,downloaded,35434,
2026-07-17,NSE,JUNIORBEES,raw_l2/trade_date=2026-07-17/exchange=NSE/symbol=JUNIORBEES/part-070919_334058-027890.parquet,real_data_sample\l2_unseen_validation\trade_date=2026-07-17\exchange=NSE\symbol=JUNIORBEES\part-070919_334058-027890.parquet,35089,downloaded,35089,
2026-07-17,NSE,JUNIORBEES,raw_l2/trade_date=2026-07-17/exchange=NSE/symbol=JUNIORBEES/part-070934_062828-027922.parquet,real_data_sample\l2_unseen_validation\trade_date=2026-07-17\exchange=NSE\symbol=JUNIORBEES\part-070934_062828-027922.parquet,35569,downloaded,35569,
2026-07-17,NSE,JUNIORBEES,raw_l2/trade_date=2026-07-17/exchange=NSE/symbol=JUNIORBEES/part-071031_161187-028050.parquet,real_data_sample\l2_unseen_validation\trade_date=2026-07-17\exchange=NSE\symbol=JUNIORBEES\part-071031_161187-028050.parquet,35637,downloaded,35637,
2026-07-17,NSE,JUNIORBEES,raw_l2/trade_date=2026-07-17/exchange=NSE/symbol=JUNIORBEES/part-071002_862174-027986.parquet,real_data_sample\l2_unseen_validation\trade_date=2026-07-17\exchange=NSE\symbol=JUNIORBEES\part-071002_862174-027986.parquet,35185,downloaded,35185,
2026-07-17,NSE,JUNIORBEES,raw_l2/trade_date=2026-07-17/exchange=NSE/symbol=JUNIORBEES/part-071100_076307-028114.parquet,real_data_sample\l2_unseen_validation\trade_date=2026-07-17\exchange=NSE\symbol=JUNIORBEES\part-071100_076307-028114.parquet,35475,downloaded,35475,
2026-07-17,NSE,JUNIORBEES,raw_l2/trade_date=2026-07-17/exchange=NSE/symbol=JUNIORBEES/part-071017_069658-028018.parquet,real_data_sample\l2_unseen_validation\trade_date=2026-07-17\exchange=NSE\symbol=JUNIORBEES\part-071017_069658-028018.parquet,35771,downloaded,35771,
2026-07-17,NSE,JUNIORBEES,raw_l2/trade_date=2026-07-17/exchange=NSE/symbol=JUNIORBEES/part-071129_132159-028178.parquet,real_data_sample\l2_unseen_validation\trade_date=2026-07-17\exchange=NSE\symbol=JUNIORBEES\part-071129_132159-028178.parquet,35174,downloaded,35174,
2026-07-17,NSE,JUNIORBEES,raw_l2/trade_date=2026-07-17/exchange=NSE/symbol=JUNIORBEES/part-071114_589897-028146.parquet,real_data_sample\l2_unseen_validation\trade_date=2026-07-17\exchange=NSE\symbol=JUNIORBEES\part-071114_589897-028146.parquet,35624,downloaded,35624,
2026-07-17,NSE,JUNIORBEES,raw_l2/trade_date=2026-07-17/exchange=NSE/symbol=JUNIORBEES/part-071045_419073-028082.parquet,real_data_sample\l2_unseen_validation\trade_date=2026-07-17\exchange=NSE\symbol=JUNIORBEES\part-071045_419073-028082.parquet,35390,downloaded,35390,
2026-07-17,NSE,JUNIORBEES,raw_l2/trade_date=2026-07-17/exchange=NSE/symbol=JUNIORBEES/part-071143_783051-028210.parquet,real_data_sample\l2_unseen_validation\trade_date=2026-07-17\exchange=NSE\symbol=JUNIORBEES\part-071143_783051-028210.parquet,35257,downloaded,35257,
2026-07-17,NSE,JUNIORBEES,raw_l2/trade_date=2026-07-17/exchange=NSE/symbol=JUNIORBEES/part-071158_305927-028242.parquet,real_data_sample\l2_unseen_validation\trade_date=2026-07-17\exchange=NSE\symbol=JUNIORBEES\part-071158_305927-028242.parquet,35189,downloaded,35189,
2026-07-17,NSE,JUNIORBEES,raw_l2/trade_date=2026-07-17/exchange=NSE/symbol=JUNIORBEES/part-071255_922521-028370.parquet,real_data_sample\l2_unseen_validation\trade_date=2026-07-17\exchange=NSE\symbol=JUNIORBEES\part-071255_922521-028370.parquet,35276,downloaded,35276,
2026-07-17,NSE,JUNIORBEES,raw_l2/trade_date=2026-07-17/exchange=NSE/symbol=JUNIORBEES/part-071227_192666-028306.parquet,real_data_sample\l2_unseen_validation\trade_date=2026-07-17\exchange=NSE\symbol=JUNIORBEES\part-071227_192666-028306.parquet,35547,downloaded,35547,
2026-07-17,NSE,JUNIORBEES,raw_l2/trade_date=2026-07-17/exchange=NSE/symbol=JUNIORBEES/part-071212_653270-028274.parquet,real_data_sample\l2_unseen_validation\trade_date=2026-07-17\exchange=NSE\symbol=JUNIORBEES\part-071212_653270-028274.parquet,35422,downloaded,35422,
2026-07-17,NSE,JUNIORBEES,raw_l2/trade_date=2026-07-17/exchange=NSE/symbol=JUNIORBEES/part-071241_681054-028338.parquet,real_data_sample\l2_unseen_validation\trade_date=2026-07-17\exchange=NSE\symbol=JUNIORBEES\part-071241_681054-028338.parquet,35436,downloaded,35436,
2026-07-17,NSE,JUNIORBEES,raw_l2/trade_date=2026-07-17/exchange=NSE/symbol=JUNIORBEES/part-071310_206251-028402.parquet,real_data_sample\l2_unseen_validation\trade_date=2026-07-17\exchange=NSE\symbol=JUNIORBEES\part-071310_206251-028402.parquet,35541,downloaded,35541,
2026-07-17,NSE,JUNIORBEES,raw_l2/trade_date=2026-07-17/exchange=NSE/symbol=JUNIORBEES/part-071450_267610-028626.parquet,real_data_sample\l2_unseen_validation\trade_date=2026-07-17\exchange=NSE\symbol=JUNIORBEES\part-071450_267610-028626.parquet,34628,downloaded,34628,
2026-07-17,NSE,JUNIORBEES,raw_l2/trade_date=2026-07-17/exchange=NSE/symbol=JUNIORBEES/part-071421_668569-028562.parquet,real_data_sample\l2_unseen_validation\trade_date=2026-07-17\exchange=NSE\symbol=JUNIORBEES\part-071421_668569-028562.parquet,34698,downloaded,34698,
2026-07-17,NSE,JUNIORBEES,raw_l2/trade_date=2026-07-17/exchange=NSE/symbol=JUNIORBEES/part-071504_808065-028658.parquet,real_data_sample\l2_unseen_validation\trade_date=2026-07-17\exchange=NSE\symbol=JUNIORBEES\part-071504_808065-028658.parquet,34766,downloaded,34766,
2026-07-17,NSE,JUNIORBEES,raw_l2/trade_date=2026-07-17/exchange=NSE/symbol=JUNIORBEES/part-071435_852834-028594.parquet,real_data_sample\l2_unseen_validation\trade_date=2026-07-17\exchange=NSE\symbol=JUNIORBEES\part-071435_852834-028594.parquet,34607,downloaded,34607,
2026-07-17,NSE,JUNIORBEES,raw_l2/trade_date=2026-07-17/exchange=NSE/symbol=JUNIORBEES/part-071533_479325-028722.parquet,real_data_sample\l2_unseen_validation\trade_date=2026-07-17\exchange=NSE\symbol=JUNIORBEES\part-071533_479325-028722.parquet,35503,downloaded,35503,
2026-07-17,NSE,JUNIORBEES,raw_l2/trade_date=2026-07-17/exchange=NSE/symbol=JUNIORBEES/part-071353_165814-028498.parquet,real_data_sample\l2_unseen_validation\trade_date=2026-07-17\exchange=NSE\symbol=JUNIORBEES\part-071353_165814-028498.parquet,35451,downloaded,35451,
2026-07-17,NSE,JUNIORBEES,raw_l2/trade_date=2026-07-17/exchange=NSE/symbol=JUNIORBEES/part-071407_416380-028530.parquet,real_data_sample\l2_unseen_validation\trade_date=2026-07-17\exchange=NSE\symbol=JUNIORBEES\part-071407_416380-028530.parquet,35340,downloaded,35340,
2026-07-17,NSE,JUNIORBEES,raw_l2/trade_date=2026-07-17/exchange=NSE/symbol=JUNIORBEES/part-071338_711525-028466.parquet,real_data_sample\l2_unseen_validation\trade_date=2026-07-17\exchange=NSE\symbol=JUNIORBEES\part-071338_711525-028466.parquet,35404,downloaded,35404,
2026-07-17,NSE,JUNIORBEES,raw_l2/trade_date=2026-07-17/exchange=NSE/symbol=JUNIORBEES/part-071547_946102-028754.parquet,real_data_sample\l2_unseen_validation\trade_date=2026-07-17\exchange=NSE\symbol=JUNIORBEES\part-071547_946102-028754.parquet,35461,downloaded,35461,
2026-07-17,NSE,JUNIORBEES,raw_l2/trade_date=2026-07-17/exchange=NSE/symbol=JUNIORBEES/part-071616_642000-028818.parquet,real_data_sample\l2_unseen_validation\trade_date=2026-07-17\exchange=NSE\symbol=JUNIORBEES\part-071616_642000-028818.parquet,35302,downloaded,35302,
2026-07-17,NSE,JUNIORBEES,raw_l2/trade_date=2026-07-17/exchange=NSE/symbol=JUNIORBEES/part-071602_371404-028786.parquet,real_data_sample\l2_unseen_validation\trade_date=2026-07-17\exchange=NSE\symbol=JUNIORBEES\part-071602_371404-028786.parquet,35236,downloaded,35236,
2026-07-17,NSE,JUNIORBEES,raw_l2/trade_date=2026-07-17/exchange=NSE/symbol=JUNIORBEES/part-071324_491434-028434.parquet,real_data_sample\l2_unseen_validation\trade_date=2026-07-17\exchange=NSE\symbol=JUNIORBEES\part-071324_491434-028434.parquet,35278,downloaded,35278,
2026-07-17,NSE,JUNIORBEES,raw_l2/trade_date=2026-07-17/exchange=NSE/symbol=JUNIORBEES/part-071519_233892-028690.parquet,real_data_sample\l2_unseen_validation\trade_date=2026-07-17\exchange=NSE\symbol=JUNIORBEES\part-071519_233892-028690.parquet,34875,downloaded,34875,
2026-07-17,NSE,JUNIORBEES,raw_l2/trade_date=2026-07-17/exchange=NSE/symbol=JUNIORBEES/part-071630_872363-028850.parquet,real_data_sample\l2_unseen_validation\trade_date=2026-07-17\exchange=NSE\symbol=JUNIORBEES\part-071630_872363-028850.parquet,35017,downloaded,35017,
2026-07-17,NSE,JUNIORBEES,raw_l2/trade_date=2026-07-17/exchange=NSE/symbol=JUNIORBEES/part-071645_161290-028882.parquet,real_data_sample\l2_unseen_validation\trade_date=2026-07-17\exchange=NSE\symbol=JUNIORBEES\part-071645_161290-028882.parquet,35055,downloaded,35055,
2026-07-17,NSE,JUNIORBEES,raw_l2/trade_date=2026-07-17/exchange=NSE/symbol=JUNIORBEES/part-071713_458963-028946.parquet,real_data_sample\l2_unseen_validation\trade_date=2026-07-17\exchange=NSE\symbol=JUNIORBEES\part-071713_458963-028946.parquet,35479,downloaded,35479,
2026-07-17,NSE,JUNIORBEES,raw_l2/trade_date=2026-07-17/exchange=NSE/symbol=JUNIORBEES/part-071659_331088-028914.parquet,real_data_sample\l2_unseen_validation\trade_date=2026-07-17\exchange=NSE\symbol=JUNIORBEES\part-071659_331088-028914.parquet,35125,downloaded,35125,
2026-07-17,NSE,JUNIORBEES,raw_l2/trade_date=2026-07-17/exchange=NSE/symbol=JUNIORBEES/part-071839_394098-029138.parquet,real_data_sample\l2_unseen_validation\trade_date=2026-07-17\exchange=NSE\symbol=JUNIORBEES\part-071839_394098-029138.parquet,35020,downloaded,35020,
2026-07-17,NSE,JUNIORBEES,raw_l2/trade_date=2026-07-17/exchange=NSE/symbol=JUNIORBEES/part-071909_071206-029202.parquet,real_data_sample\l2_unseen_validation\trade_date=2026-07-17\exchange=NSE\symbol=JUNIORBEES\part-071909_071206-029202.parquet,35613,downloaded,35613,
2026-07-17,NSE,JUNIORBEES,raw_l2/trade_date=2026-07-17/exchange=NSE/symbol=JUNIORBEES/part-071937_688161-029266.parquet,real_data_sample\l2_unseen_validation\trade_date=2026-07-17\exchange=NSE\symbol=JUNIORBEES\part-071937_688161-029266.parquet,35399,downloaded,35399,
2026-07-17,NSE,JUNIORBEES,raw_l2/trade_date=2026-07-17/exchange=NSE/symbol=JUNIORBEES/part-071727_529170-028978.parquet,real_data_sample\l2_unseen_validation\trade_date=2026-07-17\exchange=NSE\symbol=JUNIORBEES\part-071727_529170-028978.parquet,34424,downloaded,34424,
2026-07-17,NSE,JUNIORBEES,raw_l2/trade_date=2026-07-17/exchange=NSE/symbol=JUNIORBEES/part-071923_359887-029234.parquet,real_data_sample\l2_unseen_validation\trade_date=2026-07-17\exchange=NSE\symbol=JUNIORBEES\part-071923_359887-029234.parquet,35190,downloaded,35190,
2026-07-17,NSE,JUNIORBEES,raw_l2/trade_date=2026-07-17/exchange=NSE/symbol=JUNIORBEES/part-071854_400477-029170.parquet,real_data_sample\l2_unseen_validation\trade_date=2026-07-17\exchange=NSE\symbol=JUNIORBEES\part-071854_400477-029170.parquet,35122,downloaded,35122,
2026-07-17,NSE,JUNIORBEES,raw_l2/trade_date=2026-07-17/exchange=NSE/symbol=JUNIORBEES/part-071951_844919-029298.parquet,real_data_sample\l2_unseen_validation\trade_date=2026-07-17\exchange=NSE\symbol=JUNIORBEES\part-071951_844919-029298.parquet,35148,downloaded,35148,
2026-07-17,NSE,JUNIORBEES,raw_l2/trade_date=2026-07-17/exchange=NSE/symbol=JUNIORBEES/part-071756_114048-029042.parquet,real_data_sample\l2_unseen_validation\trade_date=2026-07-17\exchange=NSE\symbol=JUNIORBEES\part-071756_114048-029042.parquet,34625,downloaded,34625,
2026-07-17,NSE,JUNIORBEES,raw_l2/trade_date=2026-07-17/exchange=NSE/symbol=JUNIORBEES/part-071824_916766-029106.parquet,real_data_sample\l2_unseen_validation\trade_date=2026-07-17\exchange=NSE\symbol=JUNIORBEES\part-071824_916766-029106.parquet,35236,downloaded,35236,
2026-07-17,NSE,JUNIORBEES,raw_l2/trade_date=2026-07-17/exchange=NSE/symbol=JUNIORBEES/part-072006_110974-029330.parquet,real_data_sample\l2_unseen_validation\trade_date=2026-07-17\exchange=NSE\symbol=JUNIORBEES\part-072006_110974-029330.parquet,34984,downloaded,34984,
2026-07-17,NSE,JUNIORBEES,raw_l2/trade_date=2026-07-17/exchange=NSE/symbol=JUNIORBEES/part-072034_652865-029394.parquet,real_data_sample\l2_unseen_validation\trade_date=2026-07-17\exchange=NSE\symbol=JUNIORBEES\part-072034_652865-029394.parquet,34359,downloaded,34359,
2026-07-17,NSE,JUNIORBEES,raw_l2/trade_date=2026-07-17/exchange=NSE/symbol=JUNIORBEES/part-071741_859007-029010.parquet,real_data_sample\l2_unseen_validation\trade_date=2026-07-17\exchange=NSE\symbol=JUNIORBEES\part-071741_859007-029010.parquet,34532,downloaded,34532,
2026-07-17,NSE,JUNIORBEES,raw_l2/trade_date=2026-07-17/exchange=NSE/symbol=JUNIORBEES/part-072020_415112-029362.parquet,real_data_sample\l2_unseen_validation\trade_date=2026-07-17\exchange=NSE\symbol=JUNIORBEES\part-072020_415112-029362.parquet,34998,downloaded,34998,
2026-07-17,NSE,JUNIORBEES,raw_l2/trade_date=2026-07-17/exchange=NSE/symbol=JUNIORBEES/part-071810_558259-029074.parquet,real_data_sample\l2_unseen_validation\trade_date=2026-07-17\exchange=NSE\symbol=JUNIORBEES\part-071810_558259-029074.parquet,34479,downloaded,34479,
2026-07-17,NSE,JUNIORBEES,raw_l2/trade_date=2026-07-17/exchange=NSE/symbol=JUNIORBEES/part-072103_150299-029458.parquet,real_data_sample\l2_unseen_validation\trade_date=2026-07-17\exchange=NSE\symbol=JUNIORBEES\part-072103_150299-029458.parquet,34509,downloaded,34509,
2026-07-17,NSE,JUNIORBEES,raw_l2/trade_date=2026-07-17/exchange=NSE/symbol=JUNIORBEES/part-072048_940001-029426.parquet,real_data_sample\l2_unseen_validation\trade_date=2026-07-17\exchange=NSE\symbol=JUNIORBEES\part-072048_940001-029426.parquet,34504,downloaded,34504,
2026-07-17,NSE,JUNIORBEES,raw_l2/trade_date=2026-07-17/exchange=NSE/symbol=JUNIORBEES/part-072117_325668-029490.parquet,real_data_sample\l2_unseen_validation\trade_date=2026-07-17\exchange=NSE\symbol=JUNIORBEES\part-072117_325668-029490.parquet,34733,downloaded,34733,
2026-07-17,NSE,JUNIORBEES,raw_l2/trade_date=2026-07-17/exchange=NSE/symbol=JUNIORBEES/part-072131_451567-029522.parquet,real_data_sample\l2_unseen_validation\trade_date=2026-07-17\exchange=NSE\symbol=JUNIORBEES\part-072131_451567-029522.parquet,34499,downloaded,34499,
2026-07-17,NSE,JUNIORBEES,raw_l2/trade_date=2026-07-17/exchange=NSE/symbol=JUNIORBEES/part-072242_945525-029682.parquet,real_data_sample\l2_unseen_validation\trade_date=2026-07-17\exchange=NSE\symbol=JUNIORBEES\part-072242_945525-029682.parquet,35241,downloaded,35241,
2026-07-17,NSE,JUNIORBEES,raw_l2/trade_date=2026-07-17/exchange=NSE/symbol=JUNIORBEES/part-072214_635928-029618.parquet,real_data_sample\l2_unseen_validation\trade_date=2026-07-17\exchange=NSE\symbol=JUNIORBEES\part-072214_635928-029618.parquet,34770,downloaded,34770,
2026-07-17,NSE,JUNIORBEES,raw_l2/trade_date=2026-07-17/exchange=NSE/symbol=JUNIORBEES/part-072354_445283-029842.parquet,real_data_sample\l2_unseen_validation\trade_date=2026-07-17\exchange=NSE\symbol=JUNIORBEES\part-072354_445283-029842.parquet,35053,downloaded,35053,
2026-07-17,NSE,JUNIORBEES,raw_l2/trade_date=2026-07-17/exchange=NSE/symbol=JUNIORBEES/part-072408_619108-029874.parquet,real_data_sample\l2_unseen_validation\trade_date=2026-07-17\exchange=NSE\symbol=JUNIORBEES\part-072408_619108-029874.parquet,35391,downloaded,35391,
2026-07-17,NSE,JUNIORBEES,raw_l2/trade_date=2026-07-17/exchange=NSE/symbol=JUNIORBEES/part-072145_526857-029554.parquet,real_data_sample\l2_unseen_validation\trade_date=2026-07-17\exchange=NSE\symbol=JUNIORBEES\part-072145_526857-029554.parquet,34691,downloaded,34691,
2026-07-17,NSE,JUNIORBEES,raw_l2/trade_date=2026-07-17/exchange=NSE/symbol=JUNIORBEES/part-072159_958309-029586.parquet,real_data_sample\l2_unseen_validation\trade_date=2026-07-17\exchange=NSE\symbol=JUNIORBEES\part-072159_958309-029586.parquet,34433,downloaded,34433,
2026-07-17,NSE,JUNIORBEES,raw_l2/trade_date=2026-07-17/exchange=NSE/symbol=JUNIORBEES/part-072311_493103-029746.parquet,real_data_sample\l2_unseen_validation\trade_date=2026-07-17\exchange=NSE\symbol=JUNIORBEES\part-072311_493103-029746.parquet,35033,downloaded,35033,
2026-07-17,NSE,JUNIORBEES,raw_l2/trade_date=2026-07-17/exchange=NSE/symbol=JUNIORBEES/part-072340_181373-029810.parquet,real_data_sample\l2_unseen_validation\trade_date=2026-07-17\exchange=NSE\symbol=JUNIORBEES\part-072340_181373-029810.parquet,35103,downloaded,35103,
2026-07-17,NSE,JUNIORBEES,raw_l2/trade_date=2026-07-17/exchange=NSE/symbol=JUNIORBEES/part-072422_829969-029906.parquet,real_data_sample\l2_unseen_validation\trade_date=2026-07-17\exchange=NSE\symbol=JUNIORBEES\part-072422_829969-029906.parquet,35491,downloaded,35491,
2026-07-17,NSE,JUNIORBEES,raw_l2/trade_date=2026-07-17/exchange=NSE/symbol=JUNIORBEES/part-072228_646378-029650.parquet,real_data_sample\l2_unseen_validation\trade_date=2026-07-17\exchange=NSE\symbol=JUNIORBEES\part-072228_646378-029650.parquet,35430,downloaded,35430,
2026-07-17,NSE,JUNIORBEES,raw_l2/trade_date=2026-07-17/exchange=NSE/symbol=JUNIORBEES/part-072325_767036-029778.parquet,real_data_sample\l2_unseen_validation\trade_date=2026-07-17\exchange=NSE\symbol=JUNIORBEES\part-072325_767036-029778.parquet,35118,downloaded,35118,
2026-07-17,NSE,JUNIORBEES,raw_l2/trade_date=2026-07-17/exchange=NSE/symbol=JUNIORBEES/part-072257_158472-029714.parquet,real_data_sample\l2_unseen_validation\trade_date=2026-07-17\exchange=NSE\symbol=JUNIORBEES\part-072257_158472-029714.parquet,35268,downloaded,35268,
2026-07-17,NSE,JUNIORBEES,raw_l2/trade_date=2026-07-17/exchange=NSE/symbol=JUNIORBEES/part-072548_674369-030098.parquet,real_data_sample\l2_unseen_validation\trade_date=2026-07-17\exchange=NSE\symbol=JUNIORBEES\part-072548_674369-030098.parquet,35355,downloaded,35355,
2026-07-17,NSE,JUNIORBEES,raw_l2/trade_date=2026-07-17/exchange=NSE/symbol=JUNIORBEES/part-072631_218630-030194.parquet,real_data_sample\l2_unseen_validation\trade_date=2026-07-17\exchange=NSE\symbol=JUNIORBEES\part-072631_218630-030194.parquet,34967,downloaded,34967,
2026-07-17,NSE,JUNIORBEES,raw_l2/trade_date=2026-07-17/exchange=NSE/symbol=JUNIORBEES/part-072437_175103-029938.parquet,real_data_sample\l2_unseen_validation\trade_date=2026-07-17\exchange=NSE\symbol=JUNIORBEES\part-072437_175103-029938.parquet,35513,downloaded,35513,
2026-07-17,NSE,JUNIORBEES,raw_l2/trade_date=2026-07-17/exchange=NSE/symbol=JUNIORBEES/part-072602_626380-030130.parquet,real_data_sample\l2_unseen_validation\trade_date=2026-07-17\exchange=NSE\symbol=JUNIORBEES\part-072602_626380-030130.parquet,35180,downloaded,35180,
2026-07-17,NSE,JUNIORBEES,raw_l2/trade_date=2026-07-17/exchange=NSE/symbol=JUNIORBEES/part-072616_768837-030162.parquet,real_data_sample\l2_unseen_validation\trade_date=2026-07-17\exchange=NSE\symbol=JUNIORBEES\part-072616_768837-030162.parquet,35559,downloaded,35559,
2026-07-17,NSE,JUNIORBEES,raw_l2/trade_date=2026-07-17/exchange=NSE/symbol=JUNIORBEES/part-072451_614390-029970.parquet,real_data_sample\l2_unseen_validation\trade_date=2026-07-17\exchange=NSE\symbol=JUNIORBEES\part-072451_614390-029970.parquet,35190,downloaded,35190,
2026-07-17,NSE,JUNIORBEES,raw_l2/trade_date=2026-07-17/exchange=NSE/symbol=JUNIORBEES/part-072520_142506-030034.parquet,real_data_sample\l2_unseen_validation\trade_date=2026-07-17\exchange=NSE\symbol=JUNIORBEES\part-072520_142506-030034.parquet,35351,downloaded,35351,
2026-07-17,NSE,JUNIORBEES,raw_l2/trade_date=2026-07-17/exchange=NSE/symbol=JUNIORBEES/part-072645_584776-030226.parquet,real_data_sample\l2_unseen_validation\trade_date=2026-07-17\exchange=NSE\symbol=JUNIORBEES\part-072645_584776-030226.parquet,35782,downloaded,35782,
2026-07-17,NSE,JUNIORBEES,raw_l2/trade_date=2026-07-17/exchange=NSE/symbol=JUNIORBEES/part-072534_370110-030066.parquet,real_data_sample\l2_unseen_validation\trade_date=2026-07-17\exchange=NSE\symbol=JUNIORBEES\part-072534_370110-030066.parquet,35378,downloaded,35378,
2026-07-17,NSE,JUNIORBEES,raw_l2/trade_date=2026-07-17/exchange=NSE/symbol=JUNIORBEES/part-072714_188993-030290.parquet,real_data_sample\l2_unseen_validation\trade_date=2026-07-17\exchange=NSE\symbol=JUNIORBEES\part-072714_188993-030290.parquet,35578,downloaded,35578,
2026-07-17,NSE,JUNIORBEES,raw_l2/trade_date=2026-07-17/exchange=NSE/symbol=JUNIORBEES/part-072505_975580-030002.parquet,real_data_sample\l2_unseen_validation\trade_date=2026-07-17\exchange=NSE\symbol=JUNIORBEES\part-072505_975580-030002.parquet,35609,downloaded,35609,
2026-07-17,NSE,JUNIORBEES,raw_l2/trade_date=2026-07-17/exchange=NSE/symbol=JUNIORBEES/part-072659_731024-030258.parquet,real_data_sample\l2_unseen_validation\trade_date=2026-07-17\exchange=NSE\symbol=JUNIORBEES\part-072659_731024-030258.parquet,35528,downloaded,35528,
2026-07-17,NSE,JUNIORBEES,raw_l2/trade_date=2026-07-17/exchange=NSE/symbol=JUNIORBEES/part-072728_688654-030322.parquet,real_data_sample\l2_unseen_validation\trade_date=2026-07-17\exchange=NSE\symbol=JUNIORBEES\part-072728_688654-030322.parquet,35700,downloaded,35700,
2026-07-17,NSE,JUNIORBEES,raw_l2/trade_date=2026-07-17/exchange=NSE/symbol=JUNIORBEES/part-072743_036533-030354.parquet,real_data_sample\l2_unseen_validation\trade_date=2026-07-17\exchange=NSE\symbol=JUNIORBEES\part-072743_036533-030354.parquet,35341,downloaded,35341,
2026-07-17,NSE,JUNIORBEES,raw_l2/trade_date=2026-07-17/exchange=NSE/symbol=JUNIORBEES/part-072826_383094-030450.parquet,real_data_sample\l2_unseen_validation\trade_date=2026-07-17\exchange=NSE\symbol=JUNIORBEES\part-072826_383094-030450.parquet,35457,downloaded,35457,
2026-07-17,NSE,JUNIORBEES,raw_l2/trade_date=2026-07-17/exchange=NSE/symbol=JUNIORBEES/part-072812_096363-030418.parquet,real_data_sample\l2_unseen_validation\trade_date=2026-07-17\exchange=NSE\symbol=JUNIORBEES\part-072812_096363-030418.parquet,35880,downloaded,35880,
2026-07-17,NSE,JUNIORBEES,raw_l2/trade_date=2026-07-17/exchange=NSE/symbol=JUNIORBEES/part-072757_556751-030386.parquet,real_data_sample\l2_unseen_validation\trade_date=2026-07-17\exchange=NSE\symbol=JUNIORBEES\part-072757_556751-030386.parquet,35568,downloaded,35568,
2026-07-17,NSE,JUNIORBEES,raw_l2/trade_date=2026-07-17/exchange=NSE/symbol=JUNIORBEES/part-072842_115850-030482.parquet,real_data_sample\l2_unseen_validation\trade_date=2026-07-17\exchange=NSE\symbol=JUNIORBEES\part-072842_115850-030482.parquet,35452,downloaded,35452,
2026-07-17,NSE,JUNIORBEES,raw_l2/trade_date=2026-07-17/exchange=NSE/symbol=JUNIORBEES/part-072856_755737-030514.parquet,real_data_sample\l2_unseen_validation\trade_date=2026-07-17\exchange=NSE\symbol=JUNIORBEES\part-072856_755737-030514.parquet,35586,downloaded,35586,
2026-07-17,NSE,JUNIORBEES,raw_l2/trade_date=2026-07-17/exchange=NSE/symbol=JUNIORBEES/part-072955_219146-030642.parquet,real_data_sample\l2_unseen_validation\trade_date=2026-07-17\exchange=NSE\symbol=JUNIORBEES\part-072955_219146-030642.parquet,35205,downloaded,35205,
2026-07-17,NSE,JUNIORBEES,raw_l2/trade_date=2026-07-17/exchange=NSE/symbol=JUNIORBEES/part-072911_437976-030546.parquet,real_data_sample\l2_unseen_validation\trade_date=2026-07-17\exchange=NSE\symbol=JUNIORBEES\part-072911_437976-030546.parquet,35275,downloaded,35275,
2026-07-17,NSE,JUNIORBEES,raw_l2/trade_date=2026-07-17/exchange=NSE/symbol=JUNIORBEES/part-072940_768860-030610.parquet,real_data_sample\l2_unseen_validation\trade_date=2026-07-17\exchange=NSE\symbol=JUNIORBEES\part-072940_768860-030610.parquet,35807,downloaded,35807,
2026-07-17,NSE,JUNIORBEES,raw_l2/trade_date=2026-07-17/exchange=NSE/symbol=JUNIORBEES/part-073009_521225-030674.parquet,real_data_sample\l2_unseen_validation\trade_date=2026-07-17\exchange=NSE\symbol=JUNIORBEES\part-073009_521225-030674.parquet,35289,downloaded,35289,
2026-07-17,NSE,JUNIORBEES,raw_l2/trade_date=2026-07-17/exchange=NSE/symbol=JUNIORBEES/part-073038_108589-030738.parquet,real_data_sample\l2_unseen_validation\trade_date=2026-07-17\exchange=NSE\symbol=JUNIORBEES\part-073038_108589-030738.parquet,35236,downloaded,35236,
2026-07-17,NSE,JUNIORBEES,raw_l2/trade_date=2026-07-17/exchange=NSE/symbol=JUNIORBEES/part-073107_036903-030802.parquet,real_data_sample\l2_unseen_validation\trade_date=2026-07-17\exchange=NSE\symbol=JUNIORBEES\part-073107_036903-030802.parquet,35046,downloaded,35046,
2026-07-17,NSE,JUNIORBEES,raw_l2/trade_date=2026-07-17/exchange=NSE/symbol=JUNIORBEES/part-073052_506052-030770.parquet,real_data_sample\l2_unseen_validation\trade_date=2026-07-17\exchange=NSE\symbol=JUNIORBEES\part-073052_506052-030770.parquet,34986,downloaded,34986,
2026-07-17,NSE,JUNIORBEES,raw_l2/trade_date=2026-07-17/exchange=NSE/symbol=JUNIORBEES/part-073023_827864-030706.parquet,real_data_sample\l2_unseen_validation\trade_date=2026-07-17\exchange=NSE\symbol=JUNIORBEES\part-073023_827864-030706.parquet,35145,downloaded,35145,
2026-07-17,NSE,JUNIORBEES,raw_l2/trade_date=2026-07-17/exchange=NSE/symbol=JUNIORBEES/part-072926_249893-030578.parquet,real_data_sample\l2_unseen_validation\trade_date=2026-07-17\exchange=NSE\symbol=JUNIORBEES\part-072926_249893-030578.parquet,34967,downloaded,34967,
2026-07-17,NSE,JUNIORBEES,raw_l2/trade_date=2026-07-17/exchange=NSE/symbol=JUNIORBEES/part-073135_353690-030866.parquet,real_data_sample\l2_unseen_validation\trade_date=2026-07-17\exchange=NSE\symbol=JUNIORBEES\part-073135_353690-030866.parquet,34505,downloaded,34505,
2026-07-17,NSE,JUNIORBEES,raw_l2/trade_date=2026-07-17/exchange=NSE/symbol=JUNIORBEES/part-073149_906582-030898.parquet,real_data_sample\l2_unseen_validation\trade_date=2026-07-17\exchange=NSE\symbol=JUNIORBEES\part-073149_906582-030898.parquet,34610,downloaded,34610,
2026-07-17,NSE,JUNIORBEES,raw_l2/trade_date=2026-07-17/exchange=NSE/symbol=JUNIORBEES/part-073121_350300-030834.parquet,real_data_sample\l2_unseen_validation\trade_date=2026-07-17\exchange=NSE\symbol=JUNIORBEES\part-073121_350300-030834.parquet,34559,downloaded,34559,
2026-07-17,NSE,JUNIORBEES,raw_l2/trade_date=2026-07-17/exchange=NSE/symbol=JUNIORBEES/part-073218_289402-030962.parquet,real_data_sample\l2_unseen_validation\trade_date=2026-07-17\exchange=NSE\symbol=JUNIORBEES\part-073218_289402-030962.parquet,34817,downloaded,34817,
2026-07-17,NSE,JUNIORBEES,raw_l2/trade_date=2026-07-17/exchange=NSE/symbol=JUNIORBEES/part-073204_098885-030930.parquet,real_data_sample\l2_unseen_validation\trade_date=2026-07-17\exchange=NSE\symbol=JUNIORBEES\part-073204_098885-030930.parquet,34581,downloaded,34581,
2026-07-17,NSE,JUNIORBEES,raw_l2/trade_date=2026-07-17/exchange=NSE/symbol=JUNIORBEES/part-073329_492504-031122.parquet,real_data_sample\l2_unseen_validation\trade_date=2026-07-17\exchange=NSE\symbol=JUNIORBEES\part-073329_492504-031122.parquet,35107,downloaded,35107,
2026-07-17,NSE,JUNIORBEES,raw_l2/trade_date=2026-07-17/exchange=NSE/symbol=JUNIORBEES/part-073232_448935-030994.parquet,real_data_sample\l2_unseen_validation\trade_date=2026-07-17\exchange=NSE\symbol=JUNIORBEES\part-073232_448935-030994.parquet,35292,downloaded,35292,
2026-07-17,NSE,JUNIORBEES,raw_l2/trade_date=2026-07-17/exchange=NSE/symbol=JUNIORBEES/part-073246_664774-031026.parquet,real_data_sample\l2_unseen_validation\trade_date=2026-07-17\exchange=NSE\symbol=JUNIORBEES\part-073246_664774-031026.parquet,35433,downloaded,35433,
2026-07-17,NSE,JUNIORBEES,raw_l2/trade_date=2026-07-17/exchange=NSE/symbol=JUNIORBEES/part-073300_932540-031058.parquet,real_data_sample\l2_unseen_validation\trade_date=2026-07-17\exchange=NSE\symbol=JUNIORBEES\part-073300_932540-031058.parquet,35003,downloaded,35003,
2026-07-17,NSE,JUNIORBEES,raw_l2/trade_date=2026-07-17/exchange=NSE/symbol=JUNIORBEES/part-073315_151803-031090.parquet,real_data_sample\l2_unseen_validation\trade_date=2026-07-17\exchange=NSE\symbol=JUNIORBEES\part-073315_151803-031090.parquet,35014,downloaded,35014,
2026-07-17,NSE,JUNIORBEES,raw_l2/trade_date=2026-07-17/exchange=NSE/symbol=JUNIORBEES/part-073523_358157-031378.parquet,real_data_sample\l2_unseen_validation\trade_date=2026-07-17\exchange=NSE\symbol=JUNIORBEES\part-073523_358157-031378.parquet,34239,downloaded,34239,
2026-07-17,NSE,JUNIORBEES,raw_l2/trade_date=2026-07-17/exchange=NSE/symbol=JUNIORBEES/part-073455_058148-031314.parquet,real_data_sample\l2_unseen_validation\trade_date=2026-07-17\exchange=NSE\symbol=JUNIORBEES\part-073455_058148-031314.parquet,34549,downloaded,34549,
2026-07-17,NSE,JUNIORBEES,raw_l2/trade_date=2026-07-17/exchange=NSE/symbol=JUNIORBEES/part-073509_222317-031346.parquet,real_data_sample\l2_unseen_validation\trade_date=2026-07-17\exchange=NSE\symbol=JUNIORBEES\part-073509_222317-031346.parquet,34648,downloaded,34648,
2026-07-17,NSE,JUNIORBEES,raw_l2/trade_date=2026-07-17/exchange=NSE/symbol=JUNIORBEES/part-073343_810684-031154.parquet,real_data_sample\l2_unseen_validation\trade_date=2026-07-17\exchange=NSE\symbol=JUNIORBEES\part-073343_810684-031154.parquet,35374,downloaded,35374,
2026-07-17,NSE,JUNIORBEES,raw_l2/trade_date=2026-07-17/exchange=NSE/symbol=JUNIORBEES/part-073440_746331-031282.parquet,real_data_sample\l2_unseen_validation\trade_date=2026-07-17\exchange=NSE\symbol=JUNIORBEES\part-073440_746331-031282.parquet,34319,downloaded,34319,
2026-07-17,NSE,JUNIORBEES,raw_l2/trade_date=2026-07-17/exchange=NSE/symbol=JUNIORBEES/part-073412_171751-031218.parquet,real_data_sample\l2_unseen_validation\trade_date=2026-07-17\exchange=NSE\symbol=JUNIORBEES\part-073412_171751-031218.parquet,34582,downloaded,34582,
2026-07-17,NSE,JUNIORBEES,raw_l2/trade_date=2026-07-17/exchange=NSE/symbol=JUNIORBEES/part-073537_710568-031410.parquet,real_data_sample\l2_unseen_validation\trade_date=2026-07-17\exchange=NSE\symbol=JUNIORBEES\part-073537_710568-031410.parquet,34473,downloaded,34473,
2026-07-17,NSE,JUNIORBEES,raw_l2/trade_date=2026-07-17/exchange=NSE/symbol=JUNIORBEES/part-073357_921115-031186.parquet,real_data_sample\l2_unseen_validation\trade_date=2026-07-17\exchange=NSE\symbol=JUNIORBEES\part-073357_921115-031186.parquet,34565,downloaded,34565,
2026-07-17,NSE,JUNIORBEES,raw_l2/trade_date=2026-07-17/exchange=NSE/symbol=JUNIORBEES/part-073426_406163-031250.parquet,real_data_sample\l2_unseen_validation\trade_date=2026-07-17\exchange=NSE\symbol=JUNIORBEES\part-073426_406163-031250.parquet,34701,downloaded,34701,
2026-07-17,NSE,JUNIORBEES,raw_l2/trade_date=2026-07-17/exchange=NSE/symbol=JUNIORBEES/part-073551_811230-031442.parquet,real_data_sample\l2_unseen_validation\trade_date=2026-07-17\exchange=NSE\symbol=JUNIORBEES\part-073551_811230-031442.parquet,34277,downloaded,34277,
2026-07-17,NSE,JUNIORBEES,raw_l2/trade_date=2026-07-17/exchange=NSE/symbol=JUNIORBEES/part-073648_902351-031570.parquet,real_data_sample\l2_unseen_validation\trade_date=2026-07-17\exchange=NSE\symbol=JUNIORBEES\part-073648_902351-031570.parquet,34310,downloaded,34310,
2026-07-17,NSE,JUNIORBEES,raw_l2/trade_date=2026-07-17/exchange=NSE/symbol=JUNIORBEES/part-073634_645961-031538.parquet,real_data_sample\l2_unseen_validation\trade_date=2026-07-17\exchange=NSE\symbol=JUNIORBEES\part-073634_645961-031538.parquet,34341,downloaded,34341,
2026-07-17,NSE,JUNIORBEES,raw_l2/trade_date=2026-07-17/exchange=NSE/symbol=JUNIORBEES/part-073620_264420-031506.parquet,real_data_sample\l2_unseen_validation\trade_date=2026-07-17\exchange=NSE\symbol=JUNIORBEES\part-073620_264420-031506.parquet,34513,downloaded,34513,
2026-07-17,NSE,JUNIORBEES,raw_l2/trade_date=2026-07-17/exchange=NSE/symbol=JUNIORBEES/part-073605_988747-031474.parquet,real_data_sample\l2_unseen_validation\trade_date=2026-07-17\exchange=NSE\symbol=JUNIORBEES\part-073605_988747-031474.parquet,34567,downloaded,34567,
2026-07-17,NSE,JUNIORBEES,raw_l2/trade_date=2026-07-17/exchange=NSE/symbol=JUNIORBEES/part-073731_051098-031666.parquet,real_data_sample\l2_unseen_validation\trade_date=2026-07-17\exchange=NSE\symbol=JUNIORBEES\part-073731_051098-031666.parquet,35322,downloaded,35322,
2026-07-17,NSE,JUNIORBEES,raw_l2/trade_date=2026-07-17/exchange=NSE/symbol=JUNIORBEES/part-073759_087382-031730.parquet,real_data_sample\l2_unseen_validation\trade_date=2026-07-17\exchange=NSE\symbol=JUNIORBEES\part-073759_087382-031730.parquet,35076,downloaded,35076,
2026-07-17,NSE,JUNIORBEES,raw_l2/trade_date=2026-07-17/exchange=NSE/symbol=JUNIORBEES/part-073703_081524-031602.parquet,real_data_sample\l2_unseen_validation\trade_date=2026-07-17\exchange=NSE\symbol=JUNIORBEES\part-073703_081524-031602.parquet,34589,downloaded,34589,
2026-07-17,NSE,JUNIORBEES,raw_l2/trade_date=2026-07-17/exchange=NSE/symbol=JUNIORBEES/part-073717_085437-031634.parquet,real_data_sample\l2_unseen_validation\trade_date=2026-07-17\exchange=NSE\symbol=JUNIORBEES\part-073717_085437-031634.parquet,34725,downloaded,34725,
2026-07-17,NSE,JUNIORBEES,raw_l2/trade_date=2026-07-17/exchange=NSE/symbol=JUNIORBEES/part-073827_434950-031794.parquet,real_data_sample\l2_unseen_validation\trade_date=2026-07-17\exchange=NSE\symbol=JUNIORBEES\part-073827_434950-031794.parquet,35551,downloaded,35551,
2026-07-17,NSE,JUNIORBEES,raw_l2/trade_date=2026-07-17/exchange=NSE/symbol=JUNIORBEES/part-073744_996420-031698.parquet,real_data_sample\l2_unseen_validation\trade_date=2026-07-17\exchange=NSE\symbol=JUNIORBEES\part-073744_996420-031698.parquet,35513,downloaded,35513,
2026-07-17,NSE,JUNIORBEES,raw_l2/trade_date=2026-07-17/exchange=NSE/symbol=JUNIORBEES/part-073813_257888-031762.parquet,real_data_sample\l2_unseen_validation\trade_date=2026-07-17\exchange=NSE\symbol=JUNIORBEES\part-073813_257888-031762.parquet,35364,downloaded,35364,
2026-07-17,NSE,JUNIORBEES,raw_l2/trade_date=2026-07-17/exchange=NSE/symbol=JUNIORBEES/part-073924_009890-031922.parquet,real_data_sample\l2_unseen_validation\trade_date=2026-07-17\exchange=NSE\symbol=JUNIORBEES\part-073924_009890-031922.parquet,35229,downloaded,35229,
2026-07-17,NSE,JUNIORBEES,raw_l2/trade_date=2026-07-17/exchange=NSE/symbol=JUNIORBEES/part-073841_449329-031826.parquet,real_data_sample\l2_unseen_validation\trade_date=2026-07-17\exchange=NSE\symbol=JUNIORBEES\part-073841_449329-031826.parquet,35402,downloaded,35402,
2026-07-17,NSE,JUNIORBEES,raw_l2/trade_date=2026-07-17/exchange=NSE/symbol=JUNIORBEES/part-073938_057558-031954.parquet,real_data_sample\l2_unseen_validation\trade_date=2026-07-17\exchange=NSE\symbol=JUNIORBEES\part-073938_057558-031954.parquet,34918,downloaded,34918,
2026-07-17,NSE,JUNIORBEES,raw_l2/trade_date=2026-07-17/exchange=NSE/symbol=JUNIORBEES/part-073855_614560-031858.parquet,real_data_sample\l2_unseen_validation\trade_date=2026-07-17\exchange=NSE\symbol=JUNIORBEES\part-073855_614560-031858.parquet,35317,downloaded,35317,
2026-07-17,NSE,JUNIORBEES,raw_l2/trade_date=2026-07-17/exchange=NSE/symbol=JUNIORBEES/part-073952_100917-031986.parquet,real_data_sample\l2_unseen_validation\trade_date=2026-07-17\exchange=NSE\symbol=JUNIORBEES\part-073952_100917-031986.parquet,35394,downloaded,35394,
2026-07-17,NSE,JUNIORBEES,raw_l2/trade_date=2026-07-17/exchange=NSE/symbol=JUNIORBEES/part-073910_119878-031890.parquet,real_data_sample\l2_unseen_validation\trade_date=2026-07-17\exchange=NSE\symbol=JUNIORBEES\part-073910_119878-031890.parquet,35245,downloaded,35245,
2026-07-17,NSE,JUNIORBEES,raw_l2/trade_date=2026-07-17/exchange=NSE/symbol=JUNIORBEES/part-074048_810074-032114.parquet,real_data_sample\l2_unseen_validation\trade_date=2026-07-17\exchange=NSE\symbol=JUNIORBEES\part-074048_810074-032114.parquet,34616,downloaded,34616,
2026-07-17,NSE,JUNIORBEES,raw_l2/trade_date=2026-07-17/exchange=NSE/symbol=JUNIORBEES/part-074034_585235-032082.parquet,real_data_sample\l2_unseen_validation\trade_date=2026-07-17\exchange=NSE\symbol=JUNIORBEES\part-074034_585235-032082.parquet,34588,downloaded,34588,
2026-07-17,NSE,JUNIORBEES,raw_l2/trade_date=2026-07-17/exchange=NSE/symbol=JUNIORBEES/part-074102_891437-032146.parquet,real_data_sample\l2_unseen_validation\trade_date=2026-07-17\exchange=NSE\symbol=JUNIORBEES\part-074102_891437-032146.parquet,34465,downloaded,34465,
2026-07-17,NSE,JUNIORBEES,raw_l2/trade_date=2026-07-17/exchange=NSE/symbol=JUNIORBEES/part-074020_575861-032050.parquet,real_data_sample\l2_unseen_validation\trade_date=2026-07-17\exchange=NSE\symbol=JUNIORBEES\part-074020_575861-032050.parquet,34937,downloaded,34937,
2026-07-17,NSE,JUNIORBEES,raw_l2/trade_date=2026-07-17/exchange=NSE/symbol=JUNIORBEES/part-074006_338054-032018.parquet,real_data_sample\l2_unseen_validation\trade_date=2026-07-17\exchange=NSE\symbol=JUNIORBEES\part-074006_338054-032018.parquet,35589,downloaded,35589,
2026-07-17,NSE,JUNIORBEES,raw_l2/trade_date=2026-07-17/exchange=NSE/symbol=JUNIORBEES/part-074131_067802-032210.parquet,real_data_sample\l2_unseen_validation\trade_date=2026-07-17\exchange=NSE\symbol=JUNIORBEES\part-074131_067802-032210.parquet,34477,downloaded,34477,
2026-07-17,NSE,JUNIORBEES,raw_l2/trade_date=2026-07-17/exchange=NSE/symbol=JUNIORBEES/part-065415_474189-025874.parquet,real_data_sample\l2_unseen_validation\trade_date=2026-07-17\exchange=NSE\symbol=JUNIORBEES\part-065415_474189-025874.parquet,35277,downloaded,35277,
2026-07-17,NSE,JUNIORBEES,raw_l2/trade_date=2026-07-17/exchange=NSE/symbol=JUNIORBEES/part-074255_292517-032402.parquet,real_data_sample\l2_unseen_validation\trade_date=2026-07-17\exchange=NSE\symbol=JUNIORBEES\part-074255_292517-032402.parquet,34526,downloaded,34526,
2026-07-17,NSE,JUNIORBEES,raw_l2/trade_date=2026-07-17/exchange=NSE/symbol=JUNIORBEES/part-074117_020651-032178.parquet,real_data_sample\l2_unseen_validation\trade_date=2026-07-17\exchange=NSE\symbol=JUNIORBEES\part-074117_020651-032178.parquet,34540,downloaded,34540,
2026-07-17,NSE,JUNIORBEES,raw_l2/trade_date=2026-07-17/exchange=NSE/symbol=JUNIORBEES/part-074227_202487-032338.parquet,real_data_sample\l2_unseen_validation\trade_date=2026-07-17\exchange=NSE\symbol=JUNIORBEES\part-074227_202487-032338.parquet,34471,downloaded,34471,
2026-07-17,NSE,JUNIORBEES,raw_l2/trade_date=2026-07-17/exchange=NSE/symbol=JUNIORBEES/part-074159_274961-032274.parquet,real_data_sample\l2_unseen_validation\trade_date=2026-07-17\exchange=NSE\symbol=JUNIORBEES\part-074159_274961-032274.parquet,34504,downloaded,34504,
2026-07-17,NSE,JUNIORBEES,raw_l2/trade_date=2026-07-17/exchange=NSE/symbol=JUNIORBEES/part-074145_248099-032242.parquet,real_data_sample\l2_unseen_validation\trade_date=2026-07-17\exchange=NSE\symbol=JUNIORBEES\part-074145_248099-032242.parquet,34421,downloaded,34421,
2026-07-17,NSE,JUNIORBEES,raw_l2/trade_date=2026-07-17/exchange=NSE/symbol=JUNIORBEES/part-074213_285937-032306.parquet,real_data_sample\l2_unseen_validation\trade_date=2026-07-17\exchange=NSE\symbol=JUNIORBEES\part-074213_285937-032306.parquet,34486,downloaded,34486,
2026-07-17,NSE,JUNIORBEES,raw_l2/trade_date=2026-07-17/exchange=NSE/symbol=JUNIORBEES/part-074241_232282-032370.parquet,real_data_sample\l2_unseen_validation\trade_date=2026-07-17\exchange=NSE\symbol=JUNIORBEES\part-074241_232282-032370.parquet,34634,downloaded,34634,
2026-07-17,NSE,JUNIORBEES,raw_l2/trade_date=2026-07-17/exchange=NSE/symbol=JUNIORBEES/part-074337_374917-032498.parquet,real_data_sample\l2_unseen_validation\trade_date=2026-07-17\exchange=NSE\symbol=JUNIORBEES\part-074337_374917-032498.parquet,35561,downloaded,35561,
2026-07-17,NSE,JUNIORBEES,raw_l2/trade_date=2026-07-17/exchange=NSE/symbol=JUNIORBEES/part-074323_263900-032466.parquet,real_data_sample\l2_unseen_validation\trade_date=2026-07-17\exchange=NSE\symbol=JUNIORBEES\part-074323_263900-032466.parquet,35364,downloaded,35364,
2026-07-17,NSE,JUNIORBEES,raw_l2/trade_date=2026-07-17/exchange=NSE/symbol=JUNIORBEES/part-074420_299652-032594.parquet,real_data_sample\l2_unseen_validation\trade_date=2026-07-17\exchange=NSE\symbol=JUNIORBEES\part-074420_299652-032594.parquet,35701,downloaded,35701,
2026-07-17,NSE,JUNIORBEES,raw_l2/trade_date=2026-07-17/exchange=NSE/symbol=JUNIORBEES/part-074434_314474-032626.parquet,real_data_sample\l2_unseen_validation\trade_date=2026-07-17\exchange=NSE\symbol=JUNIORBEES\part-074434_314474-032626.parquet,35521,downloaded,35521,
2026-07-17,NSE,JUNIORBEES,raw_l2/trade_date=2026-07-17/exchange=NSE/symbol=JUNIORBEES/part-074406_304584-032562.parquet,real_data_sample\l2_unseen_validation\trade_date=2026-07-17\exchange=NSE\symbol=JUNIORBEES\part-074406_304584-032562.parquet,35447,downloaded,35447,
2026-07-17,NSE,JUNIORBEES,raw_l2/trade_date=2026-07-17/exchange=NSE/symbol=JUNIORBEES/part-074351_799419-032530.parquet,real_data_sample\l2_unseen_validation\trade_date=2026-07-17\exchange=NSE\symbol=JUNIORBEES\part-074351_799419-032530.parquet,35402,downloaded,35402,
2026-07-17,NSE,JUNIORBEES,raw_l2/trade_date=2026-07-17/exchange=NSE/symbol=JUNIORBEES/part-074309_230484-032434.parquet,real_data_sample\l2_unseen_validation\trade_date=2026-07-17\exchange=NSE\symbol=JUNIORBEES\part-074309_230484-032434.parquet,34619,downloaded,34619,
2026-07-17,NSE,JUNIORBEES,raw_l2/trade_date=2026-07-17/exchange=NSE/symbol=JUNIORBEES/part-074448_262521-032658.parquet,real_data_sample\l2_unseen_validation\trade_date=2026-07-17\exchange=NSE\symbol=JUNIORBEES\part-074448_262521-032658.parquet,35466,downloaded,35466,
2026-07-17,NSE,JUNIORBEES,raw_l2/trade_date=2026-07-17/exchange=NSE/symbol=JUNIORBEES/part-074502_367540-032690.parquet,real_data_sample\l2_unseen_validation\trade_date=2026-07-17\exchange=NSE\symbol=JUNIORBEES\part-074502_367540-032690.parquet,34765,downloaded,34765,
2026-07-17,NSE,JUNIORBEES,raw_l2/trade_date=2026-07-17/exchange=NSE/symbol=JUNIORBEES/part-074558_962415-032818.parquet,real_data_sample\l2_unseen_validation\trade_date=2026-07-17\exchange=NSE\symbol=JUNIORBEES\part-074558_962415-032818.parquet,35491,downloaded,35491,
2026-07-17,NSE,JUNIORBEES,raw_l2/trade_date=2026-07-17/exchange=NSE/symbol=JUNIORBEES/part-074642_002218-032914.parquet,real_data_sample\l2_unseen_validation\trade_date=2026-07-17\exchange=NSE\symbol=JUNIORBEES\part-074642_002218-032914.parquet,35417,downloaded,35417,
2026-07-17,NSE,JUNIORBEES,raw_l2/trade_date=2026-07-17/exchange=NSE/symbol=JUNIORBEES/part-074613_454475-032850.parquet,real_data_sample\l2_unseen_validation\trade_date=2026-07-17\exchange=NSE\symbol=JUNIORBEES\part-074613_454475-032850.parquet,35268,downloaded,35268,
2026-07-17,NSE,JUNIORBEES,raw_l2/trade_date=2026-07-17/exchange=NSE/symbol=JUNIORBEES/part-074656_143899-032946.parquet,real_data_sample\l2_unseen_validation\trade_date=2026-07-17\exchange=NSE\symbol=JUNIORBEES\part-074656_143899-032946.parquet,35455,downloaded,35455,
2026-07-17,NSE,JUNIORBEES,raw_l2/trade_date=2026-07-17/exchange=NSE/symbol=JUNIORBEES/part-074627_598360-032882.parquet,real_data_sample\l2_unseen_validation\trade_date=2026-07-17\exchange=NSE\symbol=JUNIORBEES\part-074627_598360-032882.parquet,35175,downloaded,35175,
2026-07-17,NSE,JUNIORBEES,raw_l2/trade_date=2026-07-17/exchange=NSE/symbol=JUNIORBEES/part-074516_632997-032722.parquet,real_data_sample\l2_unseen_validation\trade_date=2026-07-17\exchange=NSE\symbol=JUNIORBEES\part-074516_632997-032722.parquet,35415,downloaded,35415,
2026-07-17,NSE,JUNIORBEES,raw_l2/trade_date=2026-07-17/exchange=NSE/symbol=JUNIORBEES/part-074544_800493-032786.parquet,real_data_sample\l2_unseen_validation\trade_date=2026-07-17\exchange=NSE\symbol=JUNIORBEES\part-074544_800493-032786.parquet,35212,downloaded,35212,
2026-07-17,NSE,JUNIORBEES,raw_l2/trade_date=2026-07-17/exchange=NSE/symbol=JUNIORBEES/part-074530_787623-032754.parquet,real_data_sample\l2_unseen_validation\trade_date=2026-07-17\exchange=NSE\symbol=JUNIORBEES\part-074530_787623-032754.parquet,34608,downloaded,34608,
2026-07-17,NSE,JUNIORBEES,raw_l2/trade_date=2026-07-17/exchange=NSE/symbol=JUNIORBEES/part-074710_142692-032978.parquet,real_data_sample\l2_unseen_validation\trade_date=2026-07-17\exchange=NSE\symbol=JUNIORBEES\part-074710_142692-032978.parquet,35101,downloaded,35101,
2026-07-17,NSE,JUNIORBEES,raw_l2/trade_date=2026-07-17/exchange=NSE/symbol=JUNIORBEES/part-074752_559337-033074.parquet,real_data_sample\l2_unseen_validation\trade_date=2026-07-17\exchange=NSE\symbol=JUNIORBEES\part-074752_559337-033074.parquet,35281,downloaded,35281,
2026-07-17,NSE,JUNIORBEES,raw_l2/trade_date=2026-07-17/exchange=NSE/symbol=JUNIORBEES/part-074724_463974-033010.parquet,real_data_sample\l2_unseen_validation\trade_date=2026-07-17\exchange=NSE\symbol=JUNIORBEES\part-074724_463974-033010.parquet,35295,downloaded,35295,
2026-07-17,NSE,JUNIORBEES,raw_l2/trade_date=2026-07-17/exchange=NSE/symbol=JUNIORBEES/part-075124_546102-033554.parquet,real_data_sample\l2_unseen_validation\trade_date=2026-07-17\exchange=NSE\symbol=JUNIORBEES\part-075124_546102-033554.parquet,35194,downloaded,35194,
2026-07-17,NSE,JUNIORBEES,raw_l2/trade_date=2026-07-17/exchange=NSE/symbol=JUNIORBEES/part-075056_540963-033490.parquet,real_data_sample\l2_unseen_validation\trade_date=2026-07-17\exchange=NSE\symbol=JUNIORBEES\part-075056_540963-033490.parquet,35007,downloaded,35007,
2026-07-17,NSE,JUNIORBEES,raw_l2/trade_date=2026-07-17/exchange=NSE/symbol=JUNIORBEES/part-074903_084900-033234.parquet,real_data_sample\l2_unseen_validation\trade_date=2026-07-17\exchange=NSE\symbol=JUNIORBEES\part-074903_084900-033234.parquet,35474,downloaded,35474,
2026-07-17,NSE,JUNIORBEES,raw_l2/trade_date=2026-07-17/exchange=NSE/symbol=JUNIORBEES/part-074931_237417-033298.parquet,real_data_sample\l2_unseen_validation\trade_date=2026-07-17\exchange=NSE\symbol=JUNIORBEES\part-074931_237417-033298.parquet,35601,downloaded,35601,
2026-07-17,NSE,JUNIORBEES,raw_l2/trade_date=2026-07-17/exchange=NSE/symbol=JUNIORBEES/part-074959_247890-033362.parquet,real_data_sample\l2_unseen_validation\trade_date=2026-07-17\exchange=NSE\symbol=JUNIORBEES\part-074959_247890-033362.parquet,35150,downloaded,35150,
2026-07-17,NSE,JUNIORBEES,raw_l2/trade_date=2026-07-17/exchange=NSE/symbol=JUNIORBEES/part-074738_496447-033042.parquet,real_data_sample\l2_unseen_validation\trade_date=2026-07-17\exchange=NSE\symbol=JUNIORBEES\part-074738_496447-033042.parquet,35210,downloaded,35210,
2026-07-17,NSE,JUNIORBEES,raw_l2/trade_date=2026-07-17/exchange=NSE/symbol=JUNIORBEES/part-075042_514165-033458.parquet,real_data_sample\l2_unseen_validation\trade_date=2026-07-17\exchange=NSE\symbol=JUNIORBEES\part-075042_514165-033458.parquet,35293,downloaded,35293,
2026-07-17,NSE,JUNIORBEES,raw_l2/trade_date=2026-07-17/exchange=NSE/symbol=JUNIORBEES/part-075028_037887-033426.parquet,real_data_sample\l2_unseen_validation\trade_date=2026-07-17\exchange=NSE\symbol=JUNIORBEES\part-075028_037887-033426.parquet,35055,downloaded,35055,
2026-07-17,NSE,JUNIORBEES,raw_l2/trade_date=2026-07-17/exchange=NSE/symbol=JUNIORBEES/part-075110_436376-033522.parquet,real_data_sample\l2_unseen_validation\trade_date=2026-07-17\exchange=NSE\symbol=JUNIORBEES\part-075110_436376-033522.parquet,35209,downloaded,35209,
2026-07-17,NSE,JUNIORBEES,raw_l2/trade_date=2026-07-17/exchange=NSE/symbol=JUNIORBEES/part-074945_284593-033330.parquet,real_data_sample\l2_unseen_validation\trade_date=2026-07-17\exchange=NSE\symbol=JUNIORBEES\part-074945_284593-033330.parquet,35206,downloaded,35206,
2026-07-17,NSE,JUNIORBEES,raw_l2/trade_date=2026-07-17/exchange=NSE/symbol=JUNIORBEES/part-074917_305719-033266.parquet,real_data_sample\l2_unseen_validation\trade_date=2026-07-17\exchange=NSE\symbol=JUNIORBEES\part-074917_305719-033266.parquet,35049,downloaded,35049,
2026-07-17,NSE,JUNIORBEES,raw_l2/trade_date=2026-07-17/exchange=NSE/symbol=JUNIORBEES/part-074848_868545-033202.parquet,real_data_sample\l2_unseen_validation\trade_date=2026-07-17\exchange=NSE\symbol=JUNIORBEES\part-074848_868545-033202.parquet,35150,downloaded,35150,
2026-07-17,NSE,JUNIORBEES,raw_l2/trade_date=2026-07-17/exchange=NSE/symbol=JUNIORBEES/part-075138_686540-033586.parquet,real_data_sample\l2_unseen_validation\trade_date=2026-07-17\exchange=NSE\symbol=JUNIORBEES\part-075138_686540-033586.parquet,35262,downloaded,35262,
2026-07-17,NSE,JUNIORBEES,raw_l2/trade_date=2026-07-17/exchange=NSE/symbol=JUNIORBEES/part-075153_087156-033618.parquet,real_data_sample\l2_unseen_validation\trade_date=2026-07-17\exchange=NSE\symbol=JUNIORBEES\part-075153_087156-033618.parquet,35105,downloaded,35105,
2026-07-17,NSE,JUNIORBEES,raw_l2/trade_date=2026-07-17/exchange=NSE/symbol=JUNIORBEES/part-074834_708130-033170.parquet,real_data_sample\l2_unseen_validation\trade_date=2026-07-17\exchange=NSE\symbol=JUNIORBEES\part-074834_708130-033170.parquet,35175,downloaded,35175,
2026-07-17,NSE,JUNIORBEES,raw_l2/trade_date=2026-07-17/exchange=NSE/symbol=JUNIORBEES/part-075013_294573-033394.parquet,real_data_sample\l2_unseen_validation\trade_date=2026-07-17\exchange=NSE\symbol=JUNIORBEES\part-075013_294573-033394.parquet,35390,downloaded,35390,
2026-07-17,NSE,JUNIORBEES,raw_l2/trade_date=2026-07-17/exchange=NSE/symbol=JUNIORBEES/part-074806_557143-033106.parquet,real_data_sample\l2_unseen_validation\trade_date=2026-07-17\exchange=NSE\symbol=JUNIORBEES\part-074806_557143-033106.parquet,35057,downloaded,35057,
2026-07-17,NSE,JUNIORBEES,raw_l2/trade_date=2026-07-17/exchange=NSE/symbol=JUNIORBEES/part-074820_553250-033138.parquet,real_data_sample\l2_unseen_validation\trade_date=2026-07-17\exchange=NSE\symbol=JUNIORBEES\part-074820_553250-033138.parquet,35269,downloaded,35269,
2026-07-17,NSE,JUNIORBEES,raw_l2/trade_date=2026-07-17/exchange=NSE/symbol=JUNIORBEES/part-075221_524442-033682.parquet,real_data_sample\l2_unseen_validation\trade_date=2026-07-17\exchange=NSE\symbol=JUNIORBEES\part-075221_524442-033682.parquet,34932,downloaded,34932,
2026-07-17,NSE,JUNIORBEES,raw_l2/trade_date=2026-07-17/exchange=NSE/symbol=JUNIORBEES/part-075207_354589-033650.parquet,real_data_sample\l2_unseen_validation\trade_date=2026-07-17\exchange=NSE\symbol=JUNIORBEES\part-075207_354589-033650.parquet,35236,downloaded,35236,
2026-07-17,NSE,JUNIORBEES,raw_l2/trade_date=2026-07-17/exchange=NSE/symbol=JUNIORBEES/part-075332_639282-033842.parquet,real_data_sample\l2_unseen_validation\trade_date=2026-07-17\exchange=NSE\symbol=JUNIORBEES\part-075332_639282-033842.parquet,35248,downloaded,35248,
2026-07-17,NSE,JUNIORBEES,raw_l2/trade_date=2026-07-17/exchange=NSE/symbol=JUNIORBEES/part-075249_955721-033746.parquet,real_data_sample\l2_unseen_validation\trade_date=2026-07-17\exchange=NSE\symbol=JUNIORBEES\part-075249_955721-033746.parquet,35124,downloaded,35124,
2026-07-17,NSE,JUNIORBEES,raw_l2/trade_date=2026-07-17/exchange=NSE/symbol=JUNIORBEES/part-075235_697238-033714.parquet,real_data_sample\l2_unseen_validation\trade_date=2026-07-17\exchange=NSE\symbol=JUNIORBEES\part-075235_697238-033714.parquet,34977,downloaded,34977,
2026-07-17,NSE,JUNIORBEES,raw_l2/trade_date=2026-07-17/exchange=NSE/symbol=JUNIORBEES/part-075318_578772-033810.parquet,real_data_sample\l2_unseen_validation\trade_date=2026-07-17\exchange=NSE\symbol=JUNIORBEES\part-075318_578772-033810.parquet,35007,downloaded,35007,
2026-07-17,NSE,JUNIORBEES,raw_l2/trade_date=2026-07-17/exchange=NSE/symbol=JUNIORBEES/part-075400_664065-033906.parquet,real_data_sample\l2_unseen_validation\trade_date=2026-07-17\exchange=NSE\symbol=JUNIORBEES\part-075400_664065-033906.parquet,35481,downloaded,35481,
2026-07-17,NSE,JUNIORBEES,raw_l2/trade_date=2026-07-17/exchange=NSE/symbol=JUNIORBEES/part-075304_436910-033778.parquet,real_data_sample\l2_unseen_validation\trade_date=2026-07-17\exchange=NSE\symbol=JUNIORBEES\part-075304_436910-033778.parquet,35365,downloaded,35365,
2026-07-17,NSE,JUNIORBEES,raw_l2/trade_date=2026-07-17/exchange=NSE/symbol=JUNIORBEES/part-075346_564955-033874.parquet,real_data_sample\l2_unseen_validation\trade_date=2026-07-17\exchange=NSE\symbol=JUNIORBEES\part-075346_564955-033874.parquet,35460,downloaded,35460,
2026-07-17,NSE,JUNIORBEES,raw_l2/trade_date=2026-07-17/exchange=NSE/symbol=JUNIORBEES/part-075428_789549-033970.parquet,real_data_sample\l2_unseen_validation\trade_date=2026-07-17\exchange=NSE\symbol=JUNIORBEES\part-075428_789549-033970.parquet,35470,downloaded,35470,
2026-07-17,NSE,JUNIORBEES,raw_l2/trade_date=2026-07-17/exchange=NSE/symbol=JUNIORBEES/part-075414_878101-033938.parquet,real_data_sample\l2_unseen_validation\trade_date=2026-07-17\exchange=NSE\symbol=JUNIORBEES\part-075414_878101-033938.parquet,35324,downloaded,35324,
2026-07-17,NSE,JUNIORBEES,raw_l2/trade_date=2026-07-17/exchange=NSE/symbol=JUNIORBEES/part-075442_975682-034002.parquet,real_data_sample\l2_unseen_validation\trade_date=2026-07-17\exchange=NSE\symbol=JUNIORBEES\part-075442_975682-034002.parquet,35250,downloaded,35250,
2026-07-17,NSE,JUNIORBEES,raw_l2/trade_date=2026-07-17/exchange=NSE/symbol=JUNIORBEES/part-075650_174673-034290.parquet,real_data_sample\l2_unseen_validation\trade_date=2026-07-17\exchange=NSE\symbol=JUNIORBEES\part-075650_174673-034290.parquet,35109,downloaded,35109,
2026-07-17,NSE,JUNIORBEES,raw_l2/trade_date=2026-07-17/exchange=NSE/symbol=JUNIORBEES/part-075525_393873-034098.parquet,real_data_sample\l2_unseen_validation\trade_date=2026-07-17\exchange=NSE\symbol=JUNIORBEES\part-075525_393873-034098.parquet,35082,downloaded,35082,
2026-07-17,NSE,JUNIORBEES,raw_l2/trade_date=2026-07-17/exchange=NSE/symbol=JUNIORBEES/part-075859_178985-034578.parquet,real_data_sample\l2_unseen_validation\trade_date=2026-07-17\exchange=NSE\symbol=JUNIORBEES\part-075859_178985-034578.parquet,35445,downloaded,35445,
2026-07-17,NSE,JUNIORBEES,raw_l2/trade_date=2026-07-17/exchange=NSE/symbol=JUNIORBEES/part-075607_499440-034194.parquet,real_data_sample\l2_unseen_validation\trade_date=2026-07-17\exchange=NSE\symbol=JUNIORBEES\part-075607_499440-034194.parquet,35192,downloaded,35192,
2026-07-17,NSE,JUNIORBEES,raw_l2/trade_date=2026-07-17/exchange=NSE/symbol=JUNIORBEES/part-075553_376945-034162.parquet,real_data_sample\l2_unseen_validation\trade_date=2026-07-17\exchange=NSE\symbol=JUNIORBEES\part-075553_376945-034162.parquet,35085,downloaded,35085,
2026-07-17,NSE,JUNIORBEES,raw_l2/trade_date=2026-07-17/exchange=NSE/symbol=JUNIORBEES/part-075816_419795-034482.parquet,real_data_sample\l2_unseen_validation\trade_date=2026-07-17\exchange=NSE\symbol=JUNIORBEES\part-075816_419795-034482.parquet,35259,downloaded,35259,
2026-07-17,NSE,JUNIORBEES,raw_l2/trade_date=2026-07-17/exchange=NSE/symbol=JUNIORBEES/part-075830_645403-034514.parquet,real_data_sample\l2_unseen_validation\trade_date=2026-07-17\exchange=NSE\symbol=JUNIORBEES\part-075830_645403-034514.parquet,35081,downloaded,35081,
2026-07-17,NSE,JUNIORBEES,raw_l2/trade_date=2026-07-17/exchange=NSE/symbol=JUNIORBEES/part-075539_311112-034130.parquet,real_data_sample\l2_unseen_validation\trade_date=2026-07-17\exchange=NSE\symbol=JUNIORBEES\part-075539_311112-034130.parquet,35089,downloaded,35089,
2026-07-17,NSE,JUNIORBEES,raw_l2/trade_date=2026-07-17/exchange=NSE/symbol=JUNIORBEES/part-075844_950237-034546.parquet,real_data_sample\l2_unseen_validation\trade_date=2026-07-17\exchange=NSE\symbol=JUNIORBEES\part-075844_950237-034546.parquet,35271,downloaded,35271,
2026-07-17,NSE,JUNIORBEES,raw_l2/trade_date=2026-07-17/exchange=NSE/symbol=JUNIORBEES/part-075457_270298-034034.parquet,real_data_sample\l2_unseen_validation\trade_date=2026-07-17\exchange=NSE\symbol=JUNIORBEES\part-075457_270298-034034.parquet,35183,downloaded,35183,
2026-07-17,NSE,JUNIORBEES,raw_l2/trade_date=2026-07-17/exchange=NSE/symbol=JUNIORBEES/part-075718_680768-034354.parquet,real_data_sample\l2_unseen_validation\trade_date=2026-07-17\exchange=NSE\symbol=JUNIORBEES\part-075718_680768-034354.parquet,35251,downloaded,35251,
2026-07-17,NSE,JUNIORBEES,raw_l2/trade_date=2026-07-17/exchange=NSE/symbol=JUNIORBEES/part-075511_361016-034066.parquet,real_data_sample\l2_unseen_validation\trade_date=2026-07-17\exchange=NSE\symbol=JUNIORBEES\part-075511_361016-034066.parquet,35264,downloaded,35264,
2026-07-17,NSE,JUNIORBEES,raw_l2/trade_date=2026-07-17/exchange=NSE/symbol=JUNIORBEES/part-075704_457537-034322.parquet,real_data_sample\l2_unseen_validation\trade_date=2026-07-17\exchange=NSE\symbol=JUNIORBEES\part-075704_457537-034322.parquet,34934,downloaded,34934,
2026-07-17,NSE,JUNIORBEES,raw_l2/trade_date=2026-07-17/exchange=NSE/symbol=JUNIORBEES/part-075621_666729-034226.parquet,real_data_sample\l2_unseen_validation\trade_date=2026-07-17\exchange=NSE\symbol=JUNIORBEES\part-075621_666729-034226.parquet,35445,downloaded,35445,
2026-07-17,NSE,JUNIORBEES,raw_l2/trade_date=2026-07-17/exchange=NSE/symbol=JUNIORBEES/part-075635_910000-034258.parquet,real_data_sample\l2_unseen_validation\trade_date=2026-07-17\exchange=NSE\symbol=JUNIORBEES\part-075635_910000-034258.parquet,35371,downloaded,35371,
2026-07-17,NSE,JUNIORBEES,raw_l2/trade_date=2026-07-17/exchange=NSE/symbol=JUNIORBEES/part-075913_472885-034610.parquet,real_data_sample\l2_unseen_validation\trade_date=2026-07-17\exchange=NSE\symbol=JUNIORBEES\part-075913_472885-034610.parquet,34989,downloaded,34989,
2026-07-17,NSE,JUNIORBEES,raw_l2/trade_date=2026-07-17/exchange=NSE/symbol=JUNIORBEES/part-075927_762785-034642.parquet,real_data_sample\l2_unseen_validation\trade_date=2026-07-17\exchange=NSE\symbol=JUNIORBEES\part-075927_762785-034642.parquet,35113,downloaded,35113,
2026-07-17,NSE,JUNIORBEES,raw_l2/trade_date=2026-07-17/exchange=NSE/symbol=JUNIORBEES/part-075801_705791-034450.parquet,real_data_sample\l2_unseen_validation\trade_date=2026-07-17\exchange=NSE\symbol=JUNIORBEES\part-075801_705791-034450.parquet,34973,downloaded,34973,
2026-07-17,NSE,JUNIORBEES,raw_l2/trade_date=2026-07-17/exchange=NSE/symbol=JUNIORBEES/part-080011_559639-034738.parquet,real_data_sample\l2_unseen_validation\trade_date=2026-07-17\exchange=NSE\symbol=JUNIORBEES\part-080011_559639-034738.parquet,35271,downloaded,35271,
2026-07-17,NSE,JUNIORBEES,raw_l2/trade_date=2026-07-17/exchange=NSE/symbol=JUNIORBEES/part-075733_062942-034386.parquet,real_data_sample\l2_unseen_validation\trade_date=2026-07-17\exchange=NSE\symbol=JUNIORBEES\part-075733_062942-034386.parquet,35566,downloaded,35566,
2026-07-17,NSE,JUNIORBEES,raw_l2/trade_date=2026-07-17/exchange=NSE/symbol=JUNIORBEES/part-075942_017286-034674.parquet,real_data_sample\l2_unseen_validation\trade_date=2026-07-17\exchange=NSE\symbol=JUNIORBEES\part-075942_017286-034674.parquet,35171,downloaded,35171,
2026-07-17,NSE,JUNIORBEES,raw_l2/trade_date=2026-07-17/exchange=NSE/symbol=JUNIORBEES/part-080026_184370-034770.parquet,real_data_sample\l2_unseen_validation\trade_date=2026-07-17\exchange=NSE\symbol=JUNIORBEES\part-080026_184370-034770.parquet,35098,downloaded,35098,
2026-07-17,NSE,JUNIORBEES,raw_l2/trade_date=2026-07-17/exchange=NSE/symbol=JUNIORBEES/part-080109_221733-034866.parquet,real_data_sample\l2_unseen_validation\trade_date=2026-07-17\exchange=NSE\symbol=JUNIORBEES\part-080109_221733-034866.parquet,35291,downloaded,35291,
2026-07-17,NSE,JUNIORBEES,raw_l2/trade_date=2026-07-17/exchange=NSE/symbol=JUNIORBEES/part-075747_418081-034418.parquet,real_data_sample\l2_unseen_validation\trade_date=2026-07-17\exchange=NSE\symbol=JUNIORBEES\part-075747_418081-034418.parquet,35128,downloaded,35128,
2026-07-17,NSE,JUNIORBEES,raw_l2/trade_date=2026-07-17/exchange=NSE/symbol=JUNIORBEES/part-080054_931477-034834.parquet,real_data_sample\l2_unseen_validation\trade_date=2026-07-17\exchange=NSE\symbol=JUNIORBEES\part-080054_931477-034834.parquet,35307,downloaded,35307,
2026-07-17,NSE,JUNIORBEES,raw_l2/trade_date=2026-07-17/exchange=NSE/symbol=JUNIORBEES/part-080040_401980-034802.parquet,real_data_sample\l2_unseen_validation\trade_date=2026-07-17\exchange=NSE\symbol=JUNIORBEES\part-080040_401980-034802.parquet,35029,downloaded,35029,
2026-07-17,NSE,JUNIORBEES,raw_l2/trade_date=2026-07-17/exchange=NSE/symbol=JUNIORBEES/part-080152_131944-034962.parquet,real_data_sample\l2_unseen_validation\trade_date=2026-07-17\exchange=NSE\symbol=JUNIORBEES\part-080152_131944-034962.parquet,35290,downloaded,35290,
2026-07-17,NSE,JUNIORBEES,raw_l2/trade_date=2026-07-17/exchange=NSE/symbol=JUNIORBEES/part-080137_716150-034930.parquet,real_data_sample\l2_unseen_validation\trade_date=2026-07-17\exchange=NSE\symbol=JUNIORBEES\part-080137_716150-034930.parquet,35150,downloaded,35150,
2026-07-17,NSE,JUNIORBEES,raw_l2/trade_date=2026-07-17/exchange=NSE/symbol=JUNIORBEES/part-080123_367944-034898.parquet,real_data_sample\l2_unseen_validation\trade_date=2026-07-17\exchange=NSE\symbol=JUNIORBEES\part-080123_367944-034898.parquet,35169,downloaded,35169,
2026-07-17,NSE,JUNIORBEES,raw_l2/trade_date=2026-07-17/exchange=NSE/symbol=JUNIORBEES/part-075956_574861-034706.parquet,real_data_sample\l2_unseen_validation\trade_date=2026-07-17\exchange=NSE\symbol=JUNIORBEES\part-075956_574861-034706.parquet,34960,downloaded,34960,
2026-07-17,NSE,JUNIORBEES,raw_l2/trade_date=2026-07-17/exchange=NSE/symbol=JUNIORBEES/part-080220_612012-035026.parquet,real_data_sample\l2_unseen_validation\trade_date=2026-07-17\exchange=NSE\symbol=JUNIORBEES\part-080220_612012-035026.parquet,35052,downloaded,35052,
2026-07-17,NSE,JUNIORBEES,raw_l2/trade_date=2026-07-17/exchange=NSE/symbol=JUNIORBEES/part-080206_513461-034994.parquet,real_data_sample\l2_unseen_validation\trade_date=2026-07-17\exchange=NSE\symbol=JUNIORBEES\part-080206_513461-034994.parquet,35144,downloaded,35144,
2026-07-17,NSE,JUNIORBEES,raw_l2/trade_date=2026-07-17/exchange=NSE/symbol=JUNIORBEES/part-080235_187457-035058.parquet,real_data_sample\l2_unseen_validation\trade_date=2026-07-17\exchange=NSE\symbol=JUNIORBEES\part-080235_187457-035058.parquet,35156,downloaded,35156,
2026-07-17,NSE,JUNIORBEES,raw_l2/trade_date=2026-07-17/exchange=NSE/symbol=JUNIORBEES/part-080304_172121-035122.parquet,real_data_sample\l2_unseen_validation\trade_date=2026-07-17\exchange=NSE\symbol=JUNIORBEES\part-080304_172121-035122.parquet,34991,downloaded,34991,
2026-07-17,NSE,JUNIORBEES,raw_l2/trade_date=2026-07-17/exchange=NSE/symbol=JUNIORBEES/part-080249_986826-035090.parquet,real_data_sample\l2_unseen_validation\trade_date=2026-07-17\exchange=NSE\symbol=JUNIORBEES\part-080249_986826-035090.parquet,35234,downloaded,35234,
2026-07-17,NSE,JUNIORBEES,raw_l2/trade_date=2026-07-17/exchange=NSE/symbol=JUNIORBEES/part-080332_864456-035186.parquet,real_data_sample\l2_unseen_validation\trade_date=2026-07-17\exchange=NSE\symbol=JUNIORBEES\part-080332_864456-035186.parquet,35520,downloaded,35520,
2026-07-17,NSE,JUNIORBEES,raw_l2/trade_date=2026-07-17/exchange=NSE/symbol=JUNIORBEES/part-080318_521489-035154.parquet,real_data_sample\l2_unseen_validation\trade_date=2026-07-17\exchange=NSE\symbol=JUNIORBEES\part-080318_521489-035154.parquet,35190,downloaded,35190,
2026-07-17,NSE,JUNIORBEES,raw_l2/trade_date=2026-07-17/exchange=NSE/symbol=JUNIORBEES/part-080347_475252-035218.parquet,real_data_sample\l2_unseen_validation\trade_date=2026-07-17\exchange=NSE\symbol=JUNIORBEES\part-080347_475252-035218.parquet,35242,downloaded,35242,
2026-07-17,NSE,JUNIORBEES,raw_l2/trade_date=2026-07-17/exchange=NSE/symbol=JUNIORBEES/part-080402_213197-035250.parquet,real_data_sample\l2_unseen_validation\trade_date=2026-07-17\exchange=NSE\symbol=JUNIORBEES\part-080402_213197-035250.parquet,35449,downloaded,35449,
2026-07-17,NSE,JUNIORBEES,raw_l2/trade_date=2026-07-17/exchange=NSE/symbol=JUNIORBEES/part-080517_303082-035410.parquet,real_data_sample\l2_unseen_validation\trade_date=2026-07-17\exchange=NSE\symbol=JUNIORBEES\part-080517_303082-035410.parquet,35081,downloaded,35081,
2026-07-17,NSE,JUNIORBEES,raw_l2/trade_date=2026-07-17/exchange=NSE/symbol=JUNIORBEES/part-080546_588063-035474.parquet,real_data_sample\l2_unseen_validation\trade_date=2026-07-17\exchange=NSE\symbol=JUNIORBEES\part-080546_588063-035474.parquet,35217,downloaded,35217,
2026-07-17,NSE,JUNIORBEES,raw_l2/trade_date=2026-07-17/exchange=NSE/symbol=JUNIORBEES/part-080532_432495-035442.parquet,real_data_sample\l2_unseen_validation\trade_date=2026-07-17\exchange=NSE\symbol=JUNIORBEES\part-080532_432495-035442.parquet,34805,downloaded,34805,
2026-07-17,NSE,JUNIORBEES,raw_l2/trade_date=2026-07-17/exchange=NSE/symbol=JUNIORBEES/part-080600_643018-035506.parquet,real_data_sample\l2_unseen_validation\trade_date=2026-07-17\exchange=NSE\symbol=JUNIORBEES\part-080600_643018-035506.parquet,35067,downloaded,35067,
2026-07-17,NSE,JUNIORBEES,raw_l2/trade_date=2026-07-17/exchange=NSE/symbol=JUNIORBEES/part-080416_605266-035282.parquet,real_data_sample\l2_unseen_validation\trade_date=2026-07-17\exchange=NSE\symbol=JUNIORBEES\part-080416_605266-035282.parquet,35259,downloaded,35259,
2026-07-17,NSE,JUNIORBEES,raw_l2/trade_date=2026-07-17/exchange=NSE/symbol=JUNIORBEES/part-080658_045065-035634.parquet,real_data_sample\l2_unseen_validation\trade_date=2026-07-17\exchange=NSE\symbol=JUNIORBEES\part-080658_045065-035634.parquet,34615,downloaded,34615,
2026-07-17,NSE,JUNIORBEES,raw_l2/trade_date=2026-07-17/exchange=NSE/symbol=JUNIORBEES/part-080448_195404-035346.parquet,real_data_sample\l2_unseen_validation\trade_date=2026-07-17\exchange=NSE\symbol=JUNIORBEES\part-080448_195404-035346.parquet,35567,downloaded,35567,
2026-07-17,NSE,JUNIORBEES,raw_l2/trade_date=2026-07-17/exchange=NSE/symbol=JUNIORBEES/part-080629_416637-035570.parquet,real_data_sample\l2_unseen_validation\trade_date=2026-07-17\exchange=NSE\symbol=JUNIORBEES\part-080629_416637-035570.parquet,34640,downloaded,34640,
2026-07-17,NSE,JUNIORBEES,raw_l2/trade_date=2026-07-17/exchange=NSE/symbol=JUNIORBEES/part-080432_976646-035314.parquet,real_data_sample\l2_unseen_validation\trade_date=2026-07-17\exchange=NSE\symbol=JUNIORBEES\part-080432_976646-035314.parquet,35319,downloaded,35319,
2026-07-17,NSE,JUNIORBEES,raw_l2/trade_date=2026-07-17/exchange=NSE/symbol=JUNIORBEES/part-080502_827243-035378.parquet,real_data_sample\l2_unseen_validation\trade_date=2026-07-17\exchange=NSE\symbol=JUNIORBEES\part-080502_827243-035378.parquet,35530,downloaded,35530,
2026-07-17,NSE,JUNIORBEES,raw_l2/trade_date=2026-07-17/exchange=NSE/symbol=JUNIORBEES/part-080643_822441-035602.parquet,real_data_sample\l2_unseen_validation\trade_date=2026-07-17\exchange=NSE\symbol=JUNIORBEES\part-080643_822441-035602.parquet,34575,downloaded,34575,
2026-07-17,NSE,JUNIORBEES,raw_l2/trade_date=2026-07-17/exchange=NSE/symbol=JUNIORBEES/part-080712_971651-035666.parquet,real_data_sample\l2_unseen_validation\trade_date=2026-07-17\exchange=NSE\symbol=JUNIORBEES\part-080712_971651-035666.parquet,34615,downloaded,34615,
2026-07-17,NSE,JUNIORBEES,raw_l2/trade_date=2026-07-17/exchange=NSE/symbol=JUNIORBEES/part-080614_947306-035538.parquet,real_data_sample\l2_unseen_validation\trade_date=2026-07-17\exchange=NSE\symbol=JUNIORBEES\part-080614_947306-035538.parquet,35073,downloaded,35073,
2026-07-17,NSE,JUNIORBEES,raw_l2/trade_date=2026-07-17/exchange=NSE/symbol=JUNIORBEES/part-080727_157319-035698.parquet,real_data_sample\l2_unseen_validation\trade_date=2026-07-17\exchange=NSE\symbol=JUNIORBEES\part-080727_157319-035698.parquet,35388,downloaded,35388,
2026-07-17,NSE,JUNIORBEES,raw_l2/trade_date=2026-07-17/exchange=NSE/symbol=JUNIORBEES/part-080825_502289-035826.parquet,real_data_sample\l2_unseen_validation\trade_date=2026-07-17\exchange=NSE\symbol=JUNIORBEES\part-080825_502289-035826.parquet,35186,downloaded,35186,
2026-07-17,NSE,JUNIORBEES,raw_l2/trade_date=2026-07-17/exchange=NSE/symbol=JUNIORBEES/part-080756_465484-035762.parquet,real_data_sample\l2_unseen_validation\trade_date=2026-07-17\exchange=NSE\symbol=JUNIORBEES\part-080756_465484-035762.parquet,35877,downloaded,35877,
2026-07-17,NSE,JUNIORBEES,raw_l2/trade_date=2026-07-17/exchange=NSE/symbol=JUNIORBEES/part-080909_354146-035922.parquet,real_data_sample\l2_unseen_validation\trade_date=2026-07-17\exchange=NSE\symbol=JUNIORBEES\part-080909_354146-035922.parquet,35228,downloaded,35228,
2026-07-17,NSE,JUNIORBEES,raw_l2/trade_date=2026-07-17/exchange=NSE/symbol=JUNIORBEES/part-080924_322021-035954.parquet,real_data_sample\l2_unseen_validation\trade_date=2026-07-17\exchange=NSE\symbol=JUNIORBEES\part-080924_322021-035954.parquet,35367,downloaded,35367,
2026-07-17,NSE,JUNIORBEES,raw_l2/trade_date=2026-07-17/exchange=NSE/symbol=JUNIORBEES/part-080854_879616-035890.parquet,real_data_sample\l2_unseen_validation\trade_date=2026-07-17\exchange=NSE\symbol=JUNIORBEES\part-080854_879616-035890.parquet,35224,downloaded,35224,
2026-07-17,NSE,JUNIORBEES,raw_l2/trade_date=2026-07-17/exchange=NSE/symbol=JUNIORBEES/part-080840_271868-035858.parquet,real_data_sample\l2_unseen_validation\trade_date=2026-07-17\exchange=NSE\symbol=JUNIORBEES\part-080840_271868-035858.parquet,35271,downloaded,35271,
2026-07-17,NSE,JUNIORBEES,raw_l2/trade_date=2026-07-17/exchange=NSE/symbol=JUNIORBEES/part-080741_669705-035730.parquet,real_data_sample\l2_unseen_validation\trade_date=2026-07-17\exchange=NSE\symbol=JUNIORBEES\part-080741_669705-035730.parquet,35725,downloaded,35725,
2026-07-17,NSE,JUNIORBEES,raw_l2/trade_date=2026-07-17/exchange=NSE/symbol=JUNIORBEES/part-080939_096427-035986.parquet,real_data_sample\l2_unseen_validation\trade_date=2026-07-17\exchange=NSE\symbol=JUNIORBEES\part-080939_096427-035986.parquet,35476,downloaded,35476,
2026-07-17,NSE,JUNIORBEES,raw_l2/trade_date=2026-07-17/exchange=NSE/symbol=JUNIORBEES/part-080811_187399-035794.parquet,real_data_sample\l2_unseen_validation\trade_date=2026-07-17\exchange=NSE\symbol=JUNIORBEES\part-080811_187399-035794.parquet,35525,downloaded,35525,
2026-07-17,NSE,JUNIORBEES,raw_l2/trade_date=2026-07-17/exchange=NSE/symbol=JUNIORBEES/part-081008_484280-036050.parquet,real_data_sample\l2_unseen_validation\trade_date=2026-07-17\exchange=NSE\symbol=JUNIORBEES\part-081008_484280-036050.parquet,35307,downloaded,35307,
2026-07-17,NSE,JUNIORBEES,raw_l2/trade_date=2026-07-17/exchange=NSE/symbol=JUNIORBEES/part-080953_822619-036018.parquet,real_data_sample\l2_unseen_validation\trade_date=2026-07-17\exchange=NSE\symbol=JUNIORBEES\part-080953_822619-036018.parquet,35579,downloaded,35579,
2026-07-17,NSE,JUNIORBEES,raw_l2/trade_date=2026-07-17/exchange=NSE/symbol=JUNIORBEES/part-081023_603713-036082.parquet,real_data_sample\l2_unseen_validation\trade_date=2026-07-17\exchange=NSE\symbol=JUNIORBEES\part-081023_603713-036082.parquet,35003,downloaded,35003,
2026-07-17,NSE,JUNIORBEES,raw_l2/trade_date=2026-07-17/exchange=NSE/symbol=JUNIORBEES/part-081120_833294-036210.parquet,real_data_sample\l2_unseen_validation\trade_date=2026-07-17\exchange=NSE\symbol=JUNIORBEES\part-081120_833294-036210.parquet,35362,downloaded,35362,
2026-07-17,NSE,JUNIORBEES,raw_l2/trade_date=2026-07-17/exchange=NSE/symbol=JUNIORBEES/part-081052_565078-036146.parquet,real_data_sample\l2_unseen_validation\trade_date=2026-07-17\exchange=NSE\symbol=JUNIORBEES\part-081052_565078-036146.parquet,34965,downloaded,34965,
2026-07-17,NSE,JUNIORBEES,raw_l2/trade_date=2026-07-17/exchange=NSE/symbol=JUNIORBEES/part-081038_335680-036114.parquet,real_data_sample\l2_unseen_validation\trade_date=2026-07-17\exchange=NSE\symbol=JUNIORBEES\part-081038_335680-036114.parquet,35478,downloaded,35478,
2026-07-17,NSE,JUNIORBEES,raw_l2/trade_date=2026-07-17/exchange=NSE/symbol=JUNIORBEES/part-081106_643705-036178.parquet,real_data_sample\l2_unseen_validation\trade_date=2026-07-17\exchange=NSE\symbol=JUNIORBEES\part-081106_643705-036178.parquet,35194,downloaded,35194,
2026-07-17,NSE,JUNIORBEES,raw_l2/trade_date=2026-07-17/exchange=NSE/symbol=JUNIORBEES/part-081134_780579-036242.parquet,real_data_sample\l2_unseen_validation\trade_date=2026-07-17\exchange=NSE\symbol=JUNIORBEES\part-081134_780579-036242.parquet,35495,downloaded,35495,
2026-07-17,NSE,JUNIORBEES,raw_l2/trade_date=2026-07-17/exchange=NSE/symbol=JUNIORBEES/part-081148_988330-036274.parquet,real_data_sample\l2_unseen_validation\trade_date=2026-07-17\exchange=NSE\symbol=JUNIORBEES\part-081148_988330-036274.parquet,35806,downloaded,35806,
2026-07-17,NSE,JUNIORBEES,raw_l2/trade_date=2026-07-17/exchange=NSE/symbol=JUNIORBEES/part-081203_179988-036306.parquet,real_data_sample\l2_unseen_validation\trade_date=2026-07-17\exchange=NSE\symbol=JUNIORBEES\part-081203_179988-036306.parquet,35415,downloaded,35415,
2026-07-17,NSE,JUNIORBEES,raw_l2/trade_date=2026-07-17/exchange=NSE/symbol=JUNIORBEES/part-081217_272445-036338.parquet,real_data_sample\l2_unseen_validation\trade_date=2026-07-17\exchange=NSE\symbol=JUNIORBEES\part-081217_272445-036338.parquet,35539,downloaded,35539,
2026-07-17,NSE,JUNIORBEES,raw_l2/trade_date=2026-07-17/exchange=NSE/symbol=JUNIORBEES/part-081315_164865-036466.parquet,real_data_sample\l2_unseen_validation\trade_date=2026-07-17\exchange=NSE\symbol=JUNIORBEES\part-081315_164865-036466.parquet,35425,downloaded,35425,
2026-07-17,NSE,JUNIORBEES,raw_l2/trade_date=2026-07-17/exchange=NSE/symbol=JUNIORBEES/part-081231_476310-036370.parquet,real_data_sample\l2_unseen_validation\trade_date=2026-07-17\exchange=NSE\symbol=JUNIORBEES\part-081231_476310-036370.parquet,35204,downloaded,35204,
2026-07-17,NSE,JUNIORBEES,raw_l2/trade_date=2026-07-17/exchange=NSE/symbol=JUNIORBEES/part-081329_453741-036498.parquet,real_data_sample\l2_unseen_validation\trade_date=2026-07-17\exchange=NSE\symbol=JUNIORBEES\part-081329_453741-036498.parquet,35306,downloaded,35306,
2026-07-17,NSE,JUNIORBEES,raw_l2/trade_date=2026-07-17/exchange=NSE/symbol=JUNIORBEES/part-081300_563529-036434.parquet,real_data_sample\l2_unseen_validation\trade_date=2026-07-17\exchange=NSE\symbol=JUNIORBEES\part-081300_563529-036434.parquet,34889,downloaded,34889,
2026-07-17,NSE,JUNIORBEES,raw_l2/trade_date=2026-07-17/exchange=NSE/symbol=JUNIORBEES/part-081245_926392-036402.parquet,real_data_sample\l2_unseen_validation\trade_date=2026-07-17\exchange=NSE\symbol=JUNIORBEES\part-081245_926392-036402.parquet,35279,downloaded,35279,
2026-07-17,NSE,JUNIORBEES,raw_l2/trade_date=2026-07-17/exchange=NSE/symbol=JUNIORBEES/part-081357_878053-036562.parquet,real_data_sample\l2_unseen_validation\trade_date=2026-07-17\exchange=NSE\symbol=JUNIORBEES\part-081357_878053-036562.parquet,34837,downloaded,34837,
2026-07-17,NSE,JUNIORBEES,raw_l2/trade_date=2026-07-17/exchange=NSE/symbol=JUNIORBEES/part-081343_620435-036530.parquet,real_data_sample\l2_unseen_validation\trade_date=2026-07-17\exchange=NSE\symbol=JUNIORBEES\part-081343_620435-036530.parquet,34757,downloaded,34757,
2026-07-17,NSE,JUNIORBEES,raw_l2/trade_date=2026-07-17/exchange=NSE/symbol=JUNIORBEES/part-081618_804295-036882.parquet,real_data_sample\l2_unseen_validation\trade_date=2026-07-17\exchange=NSE\symbol=JUNIORBEES\part-081618_804295-036882.parquet,35238,downloaded,35238,
2026-07-17,NSE,JUNIORBEES,raw_l2/trade_date=2026-07-17/exchange=NSE/symbol=JUNIORBEES/part-081412_213663-036594.parquet,real_data_sample\l2_unseen_validation\trade_date=2026-07-17\exchange=NSE\symbol=JUNIORBEES\part-081412_213663-036594.parquet,35112,downloaded,35112,
2026-07-17,NSE,JUNIORBEES,raw_l2/trade_date=2026-07-17/exchange=NSE/symbol=JUNIORBEES/part-081536_905860-036786.parquet,real_data_sample\l2_unseen_validation\trade_date=2026-07-17\exchange=NSE\symbol=JUNIORBEES\part-081536_905860-036786.parquet,35580,downloaded,35580,
2026-07-17,NSE,JUNIORBEES,raw_l2/trade_date=2026-07-17/exchange=NSE/symbol=JUNIORBEES/part-081508_679536-036722.parquet,real_data_sample\l2_unseen_validation\trade_date=2026-07-17\exchange=NSE\symbol=JUNIORBEES\part-081508_679536-036722.parquet,35160,downloaded,35160,
2026-07-17,NSE,JUNIORBEES,raw_l2/trade_date=2026-07-17/exchange=NSE/symbol=JUNIORBEES/part-081454_532527-036690.parquet,real_data_sample\l2_unseen_validation\trade_date=2026-07-17\exchange=NSE\symbol=JUNIORBEES\part-081454_532527-036690.parquet,35418,downloaded,35418,
2026-07-17,NSE,JUNIORBEES,raw_l2/trade_date=2026-07-17/exchange=NSE/symbol=JUNIORBEES/part-081550_784435-036818.parquet,real_data_sample\l2_unseen_validation\trade_date=2026-07-17\exchange=NSE\symbol=JUNIORBEES\part-081550_784435-036818.parquet,35343,downloaded,35343,
2026-07-17,NSE,JUNIORBEES,raw_l2/trade_date=2026-07-17/exchange=NSE/symbol=JUNIORBEES/part-081426_429963-036626.parquet,real_data_sample\l2_unseen_validation\trade_date=2026-07-17\exchange=NSE\symbol=JUNIORBEES\part-081426_429963-036626.parquet,35229,downloaded,35229,
2026-07-17,NSE,JUNIORBEES,raw_l2/trade_date=2026-07-17/exchange=NSE/symbol=JUNIORBEES/part-081440_658307-036658.parquet,real_data_sample\l2_unseen_validation\trade_date=2026-07-17\exchange=NSE\symbol=JUNIORBEES\part-081440_658307-036658.parquet,35086,downloaded,35086,
2026-07-17,NSE,JUNIORBEES,raw_l2/trade_date=2026-07-17/exchange=NSE/symbol=JUNIORBEES/part-081604_914952-036850.parquet,real_data_sample\l2_unseen_validation\trade_date=2026-07-17\exchange=NSE\symbol=JUNIORBEES\part-081604_914952-036850.parquet,35340,downloaded,35340,
2026-07-17,NSE,JUNIORBEES,raw_l2/trade_date=2026-07-17/exchange=NSE/symbol=JUNIORBEES/part-081730_136173-037042.parquet,real_data_sample\l2_unseen_validation\trade_date=2026-07-17\exchange=NSE\symbol=JUNIORBEES\part-081730_136173-037042.parquet,35509,downloaded,35509,
2026-07-17,NSE,JUNIORBEES,raw_l2/trade_date=2026-07-17/exchange=NSE/symbol=JUNIORBEES/part-081522_888358-036754.parquet,real_data_sample\l2_unseen_validation\trade_date=2026-07-17\exchange=NSE\symbol=JUNIORBEES\part-081522_888358-036754.parquet,35138,downloaded,35138,
2026-07-17,NSE,JUNIORBEES,raw_l2/trade_date=2026-07-17/exchange=NSE/symbol=JUNIORBEES/part-081646_901889-036946.parquet,real_data_sample\l2_unseen_validation\trade_date=2026-07-17\exchange=NSE\symbol=JUNIORBEES\part-081646_901889-036946.parquet,35511,downloaded,35511,
2026-07-17,NSE,JUNIORBEES,raw_l2/trade_date=2026-07-17/exchange=NSE/symbol=JUNIORBEES/part-081715_420615-037010.parquet,real_data_sample\l2_unseen_validation\trade_date=2026-07-17\exchange=NSE\symbol=JUNIORBEES\part-081715_420615-037010.parquet,35501,downloaded,35501,
2026-07-17,NSE,JUNIORBEES,raw_l2/trade_date=2026-07-17/exchange=NSE/symbol=JUNIORBEES/part-081701_106478-036978.parquet,real_data_sample\l2_unseen_validation\trade_date=2026-07-17\exchange=NSE\symbol=JUNIORBEES\part-081701_106478-036978.parquet,35461,downloaded,35461,
2026-07-17,NSE,JUNIORBEES,raw_l2/trade_date=2026-07-17/exchange=NSE/symbol=JUNIORBEES/part-081632_848617-036914.parquet,real_data_sample\l2_unseen_validation\trade_date=2026-07-17\exchange=NSE\symbol=JUNIORBEES\part-081632_848617-036914.parquet,35265,downloaded,35265,
2026-07-17,NSE,JUNIORBEES,raw_l2/trade_date=2026-07-17/exchange=NSE/symbol=JUNIORBEES/part-081758_632492-037106.parquet,real_data_sample\l2_unseen_validation\trade_date=2026-07-17\exchange=NSE\symbol=JUNIORBEES\part-081758_632492-037106.parquet,35346,downloaded,35346,
2026-07-17,NSE,JUNIORBEES,raw_l2/trade_date=2026-07-17/exchange=NSE/symbol=JUNIORBEES/part-081856_193190-037234.parquet,real_data_sample\l2_unseen_validation\trade_date=2026-07-17\exchange=NSE\symbol=JUNIORBEES\part-081856_193190-037234.parquet,35391,downloaded,35391,
2026-07-17,NSE,JUNIORBEES,raw_l2/trade_date=2026-07-17/exchange=NSE/symbol=JUNIORBEES/part-081842_143607-037202.parquet,real_data_sample\l2_unseen_validation\trade_date=2026-07-17\exchange=NSE\symbol=JUNIORBEES\part-081842_143607-037202.parquet,35479,downloaded,35479,
2026-07-17,NSE,JUNIORBEES,raw_l2/trade_date=2026-07-17/exchange=NSE/symbol=JUNIORBEES/part-081827_397574-037170.parquet,real_data_sample\l2_unseen_validation\trade_date=2026-07-17\exchange=NSE\symbol=JUNIORBEES\part-081827_397574-037170.parquet,34969,downloaded,34969,
2026-07-17,NSE,JUNIORBEES,raw_l2/trade_date=2026-07-17/exchange=NSE/symbol=JUNIORBEES/part-081910_163088-037266.parquet,real_data_sample\l2_unseen_validation\trade_date=2026-07-17\exchange=NSE\symbol=JUNIORBEES\part-081910_163088-037266.parquet,35629,downloaded,35629,
2026-07-17,NSE,JUNIORBEES,raw_l2/trade_date=2026-07-17/exchange=NSE/symbol=JUNIORBEES/part-081813_218371-037138.parquet,real_data_sample\l2_unseen_validation\trade_date=2026-07-17\exchange=NSE\symbol=JUNIORBEES\part-081813_218371-037138.parquet,35622,downloaded,35622,
2026-07-17,NSE,JUNIORBEES,raw_l2/trade_date=2026-07-17/exchange=NSE/symbol=JUNIORBEES/part-081744_325576-037074.parquet,real_data_sample\l2_unseen_validation\trade_date=2026-07-17\exchange=NSE\symbol=JUNIORBEES\part-081744_325576-037074.parquet,35556,downloaded,35556,
2026-07-17,NSE,JUNIORBEES,raw_l2/trade_date=2026-07-17/exchange=NSE/symbol=JUNIORBEES/part-081938_796078-037330.parquet,real_data_sample\l2_unseen_validation\trade_date=2026-07-17\exchange=NSE\symbol=JUNIORBEES\part-081938_796078-037330.parquet,35519,downloaded,35519,
2026-07-17,NSE,JUNIORBEES,raw_l2/trade_date=2026-07-17/exchange=NSE/symbol=JUNIORBEES/part-081924_529614-037298.parquet,real_data_sample\l2_unseen_validation\trade_date=2026-07-17\exchange=NSE\symbol=JUNIORBEES\part-081924_529614-037298.parquet,35417,downloaded,35417,
2026-07-17,NSE,JUNIORBEES,raw_l2/trade_date=2026-07-17/exchange=NSE/symbol=JUNIORBEES/part-082007_105500-037394.parquet,real_data_sample\l2_unseen_validation\trade_date=2026-07-17\exchange=NSE\symbol=JUNIORBEES\part-082007_105500-037394.parquet,35773,downloaded,35773,
2026-07-17,NSE,JUNIORBEES,raw_l2/trade_date=2026-07-17/exchange=NSE/symbol=JUNIORBEES/part-082021_464303-037426.parquet,real_data_sample\l2_unseen_validation\trade_date=2026-07-17\exchange=NSE\symbol=JUNIORBEES\part-082021_464303-037426.parquet,35714,downloaded,35714,
2026-07-17,NSE,JUNIORBEES,raw_l2/trade_date=2026-07-17/exchange=NSE/symbol=JUNIORBEES/part-081953_101985-037362.parquet,real_data_sample\l2_unseen_validation\trade_date=2026-07-17\exchange=NSE\symbol=JUNIORBEES\part-081953_101985-037362.parquet,35518,downloaded,35518,
2026-07-17,NSE,JUNIORBEES,raw_l2/trade_date=2026-07-17/exchange=NSE/symbol=JUNIORBEES/part-082035_635124-037458.parquet,real_data_sample\l2_unseen_validation\trade_date=2026-07-17\exchange=NSE\symbol=JUNIORBEES\part-082035_635124-037458.parquet,35292,downloaded,35292,
2026-07-17,NSE,JUNIORBEES,raw_l2/trade_date=2026-07-17/exchange=NSE/symbol=JUNIORBEES/part-082051_221005-037490.parquet,real_data_sample\l2_unseen_validation\trade_date=2026-07-17\exchange=NSE\symbol=JUNIORBEES\part-082051_221005-037490.parquet,35451,downloaded,35451,
2026-07-17,NSE,JUNIORBEES,raw_l2/trade_date=2026-07-17/exchange=NSE/symbol=JUNIORBEES/part-082105_511545-037522.parquet,real_data_sample\l2_unseen_validation\trade_date=2026-07-17\exchange=NSE\symbol=JUNIORBEES\part-082105_511545-037522.parquet,35515,downloaded,35515,
2026-07-17,NSE,JUNIORBEES,raw_l2/trade_date=2026-07-17/exchange=NSE/symbol=JUNIORBEES/part-082119_954656-037554.parquet,real_data_sample\l2_unseen_validation\trade_date=2026-07-17\exchange=NSE\symbol=JUNIORBEES\part-082119_954656-037554.parquet,35598,downloaded,35598,
2026-07-17,NSE,JUNIORBEES,raw_l2/trade_date=2026-07-17/exchange=NSE/symbol=JUNIORBEES/part-082134_256746-037586.parquet,real_data_sample\l2_unseen_validation\trade_date=2026-07-17\exchange=NSE\symbol=JUNIORBEES\part-082134_256746-037586.parquet,35317,downloaded,35317,
2026-07-17,NSE,JUNIORBEES,raw_l2/trade_date=2026-07-17/exchange=NSE/symbol=JUNIORBEES/part-082148_384328-037618.parquet,real_data_sample\l2_unseen_validation\trade_date=2026-07-17\exchange=NSE\symbol=JUNIORBEES\part-082148_384328-037618.parquet,35156,downloaded,35156,
2026-07-17,NSE,JUNIORBEES,raw_l2/trade_date=2026-07-17/exchange=NSE/symbol=JUNIORBEES/part-082202_698940-037650.parquet,real_data_sample\l2_unseen_validation\trade_date=2026-07-17\exchange=NSE\symbol=JUNIORBEES\part-082202_698940-037650.parquet,35355,downloaded,35355,
2026-07-17,NSE,JUNIORBEES,raw_l2/trade_date=2026-07-17/exchange=NSE/symbol=JUNIORBEES/part-082216_776481-037682.parquet,real_data_sample\l2_unseen_validation\trade_date=2026-07-17\exchange=NSE\symbol=JUNIORBEES\part-082216_776481-037682.parquet,35550,downloaded,35550,
2026-07-17,NSE,JUNIORBEES,raw_l2/trade_date=2026-07-17/exchange=NSE/symbol=JUNIORBEES/part-082230_845661-037714.parquet,real_data_sample\l2_unseen_validation\trade_date=2026-07-17\exchange=NSE\symbol=JUNIORBEES\part-082230_845661-037714.parquet,35037,downloaded,35037,
2026-07-17,NSE,JUNIORBEES,raw_l2/trade_date=2026-07-17/exchange=NSE/symbol=JUNIORBEES/part-082259_168746-037778.parquet,real_data_sample\l2_unseen_validation\trade_date=2026-07-17\exchange=NSE\symbol=JUNIORBEES\part-082259_168746-037778.parquet,35006,downloaded,35006,
2026-07-17,NSE,JUNIORBEES,raw_l2/trade_date=2026-07-17/exchange=NSE/symbol=JUNIORBEES/part-082342_020317-037874.parquet,real_data_sample\l2_unseen_validation\trade_date=2026-07-17\exchange=NSE\symbol=JUNIORBEES\part-082342_020317-037874.parquet,35453,downloaded,35453,
2026-07-17,NSE,JUNIORBEES,raw_l2/trade_date=2026-07-17/exchange=NSE/symbol=JUNIORBEES/part-082410_209621-037938.parquet,real_data_sample\l2_unseen_validation\trade_date=2026-07-17\exchange=NSE\symbol=JUNIORBEES\part-082410_209621-037938.parquet,35655,downloaded,35655,
2026-07-17,NSE,JUNIORBEES,raw_l2/trade_date=2026-07-17/exchange=NSE/symbol=JUNIORBEES/part-082328_012430-037842.parquet,real_data_sample\l2_unseen_validation\trade_date=2026-07-17\exchange=NSE\symbol=JUNIORBEES\part-082328_012430-037842.parquet,35215,downloaded,35215,
2026-07-17,NSE,JUNIORBEES,raw_l2/trade_date=2026-07-17/exchange=NSE/symbol=JUNIORBEES/part-082424_466436-037970.parquet,real_data_sample\l2_unseen_validation\trade_date=2026-07-17\exchange=NSE\symbol=JUNIORBEES\part-082424_466436-037970.parquet,35583,downloaded,35583,
2026-07-17,NSE,JUNIORBEES,raw_l2/trade_date=2026-07-17/exchange=NSE/symbol=JUNIORBEES/part-082356_121947-037906.parquet,real_data_sample\l2_unseen_validation\trade_date=2026-07-17\exchange=NSE\symbol=JUNIORBEES\part-082356_121947-037906.parquet,35352,downloaded,35352,
2026-07-17,NSE,JUNIORBEES,raw_l2/trade_date=2026-07-17/exchange=NSE/symbol=JUNIORBEES/part-082549_563703-038162.parquet,real_data_sample\l2_unseen_validation\trade_date=2026-07-17\exchange=NSE\symbol=JUNIORBEES\part-082549_563703-038162.parquet,35219,downloaded,35219,
2026-07-17,NSE,JUNIORBEES,raw_l2/trade_date=2026-07-17/exchange=NSE/symbol=JUNIORBEES/part-082313_749250-037810.parquet,real_data_sample\l2_unseen_validation\trade_date=2026-07-17\exchange=NSE\symbol=JUNIORBEES\part-082313_749250-037810.parquet,34917,downloaded,34917,
2026-07-17,NSE,JUNIORBEES,raw_l2/trade_date=2026-07-17/exchange=NSE/symbol=JUNIORBEES/part-082535_055130-038130.parquet,real_data_sample\l2_unseen_validation\trade_date=2026-07-17\exchange=NSE\symbol=JUNIORBEES\part-082535_055130-038130.parquet,34945,downloaded,34945,
2026-07-17,NSE,JUNIORBEES,raw_l2/trade_date=2026-07-17/exchange=NSE/symbol=JUNIORBEES/part-082245_107032-037746.parquet,real_data_sample\l2_unseen_validation\trade_date=2026-07-17\exchange=NSE\symbol=JUNIORBEES\part-082245_107032-037746.parquet,35213,downloaded,35213,
2026-07-17,NSE,JUNIORBEES,raw_l2/trade_date=2026-07-17/exchange=NSE/symbol=JUNIORBEES/part-082603_956005-038194.parquet,real_data_sample\l2_unseen_validation\trade_date=2026-07-17\exchange=NSE\symbol=JUNIORBEES\part-082603_956005-038194.parquet,35408,downloaded,35408,
2026-07-17,NSE,JUNIORBEES,raw_l2/trade_date=2026-07-17/exchange=NSE/symbol=JUNIORBEES/part-082618_211509-038226.parquet,real_data_sample\l2_unseen_validation\trade_date=2026-07-17\exchange=NSE\symbol=JUNIORBEES\part-082618_211509-038226.parquet,35261,downloaded,35261,
2026-07-17,NSE,JUNIORBEES,raw_l2/trade_date=2026-07-17/exchange=NSE/symbol=JUNIORBEES/part-082506_637906-038066.parquet,real_data_sample\l2_unseen_validation\trade_date=2026-07-17\exchange=NSE\symbol=JUNIORBEES\part-082506_637906-038066.parquet,35224,downloaded,35224,
2026-07-17,NSE,JUNIORBEES,raw_l2/trade_date=2026-07-17/exchange=NSE/symbol=JUNIORBEES/part-082438_359307-038002.parquet,real_data_sample\l2_unseen_validation\trade_date=2026-07-17\exchange=NSE\symbol=JUNIORBEES\part-082438_359307-038002.parquet,35482,downloaded,35482,
2026-07-17,NSE,JUNIORBEES,raw_l2/trade_date=2026-07-17/exchange=NSE/symbol=JUNIORBEES/part-082700_838213-038322.parquet,real_data_sample\l2_unseen_validation\trade_date=2026-07-17\exchange=NSE\symbol=JUNIORBEES\part-082700_838213-038322.parquet,35224,downloaded,35224,
2026-07-17,NSE,JUNIORBEES,raw_l2/trade_date=2026-07-17/exchange=NSE/symbol=JUNIORBEES/part-082520_784389-038098.parquet,real_data_sample\l2_unseen_validation\trade_date=2026-07-17\exchange=NSE\symbol=JUNIORBEES\part-082520_784389-038098.parquet,34880,downloaded,34880,
2026-07-17,NSE,JUNIORBEES,raw_l2/trade_date=2026-07-17/exchange=NSE/symbol=JUNIORBEES/part-082452_631657-038034.parquet,real_data_sample\l2_unseen_validation\trade_date=2026-07-17\exchange=NSE\symbol=JUNIORBEES\part-082452_631657-038034.parquet,35259,downloaded,35259,
2026-07-17,NSE,JUNIORBEES,raw_l2/trade_date=2026-07-17/exchange=NSE/symbol=JUNIORBEES/part-082729_359643-038386.parquet,real_data_sample\l2_unseen_validation\trade_date=2026-07-17\exchange=NSE\symbol=JUNIORBEES\part-082729_359643-038386.parquet,35607,downloaded,35607,
2026-07-17,NSE,JUNIORBEES,raw_l2/trade_date=2026-07-17/exchange=NSE/symbol=JUNIORBEES/part-082632_747334-038258.parquet,real_data_sample\l2_unseen_validation\trade_date=2026-07-17\exchange=NSE\symbol=JUNIORBEES\part-082632_747334-038258.parquet,35580,downloaded,35580,
2026-07-17,NSE,JUNIORBEES,raw_l2/trade_date=2026-07-17/exchange=NSE/symbol=JUNIORBEES/part-082646_804886-038290.parquet,real_data_sample\l2_unseen_validation\trade_date=2026-07-17\exchange=NSE\symbol=JUNIORBEES\part-082646_804886-038290.parquet,35346,downloaded,35346,
2026-07-17,NSE,JUNIORBEES,raw_l2/trade_date=2026-07-17/exchange=NSE/symbol=JUNIORBEES/part-082715_316702-038354.parquet,real_data_sample\l2_unseen_validation\trade_date=2026-07-17\exchange=NSE\symbol=JUNIORBEES\part-082715_316702-038354.parquet,35380,downloaded,35380,
2026-07-17,NSE,JUNIORBEES,raw_l2/trade_date=2026-07-17/exchange=NSE/symbol=JUNIORBEES/part-082758_000291-038450.parquet,real_data_sample\l2_unseen_validation\trade_date=2026-07-17\exchange=NSE\symbol=JUNIORBEES\part-082758_000291-038450.parquet,35370,downloaded,35370,
2026-07-17,NSE,JUNIORBEES,raw_l2/trade_date=2026-07-17/exchange=NSE/symbol=JUNIORBEES/part-082827_157778-038514.parquet,real_data_sample\l2_unseen_validation\trade_date=2026-07-17\exchange=NSE\symbol=JUNIORBEES\part-082827_157778-038514.parquet,35378,downloaded,35378,
2026-07-17,NSE,JUNIORBEES,raw_l2/trade_date=2026-07-17/exchange=NSE/symbol=JUNIORBEES/part-082812_613446-038482.parquet,real_data_sample\l2_unseen_validation\trade_date=2026-07-17\exchange=NSE\symbol=JUNIORBEES\part-082812_613446-038482.parquet,35424,downloaded,35424,
2026-07-17,NSE,JUNIORBEES,raw_l2/trade_date=2026-07-17/exchange=NSE/symbol=JUNIORBEES/part-082743_679846-038418.parquet,real_data_sample\l2_unseen_validation\trade_date=2026-07-17\exchange=NSE\symbol=JUNIORBEES\part-082743_679846-038418.parquet,35272,downloaded,35272,
2026-07-17,NSE,JUNIORBEES,raw_l2/trade_date=2026-07-17/exchange=NSE/symbol=JUNIORBEES/part-082855_983404-038578.parquet,real_data_sample\l2_unseen_validation\trade_date=2026-07-17\exchange=NSE\symbol=JUNIORBEES\part-082855_983404-038578.parquet,35436,downloaded,35436,
2026-07-17,NSE,JUNIORBEES,raw_l2/trade_date=2026-07-17/exchange=NSE/symbol=JUNIORBEES/part-082841_574950-038546.parquet,real_data_sample\l2_unseen_validation\trade_date=2026-07-17\exchange=NSE\symbol=JUNIORBEES\part-082841_574950-038546.parquet,35382,downloaded,35382,
2026-07-17,NSE,JUNIORBEES,raw_l2/trade_date=2026-07-17/exchange=NSE/symbol=JUNIORBEES/part-082925_143438-038642.parquet,real_data_sample\l2_unseen_validation\trade_date=2026-07-17\exchange=NSE\symbol=JUNIORBEES\part-082925_143438-038642.parquet,35303,downloaded,35303,
2026-07-17,NSE,JUNIORBEES,raw_l2/trade_date=2026-07-17/exchange=NSE/symbol=JUNIORBEES/part-082910_586330-038610.parquet,real_data_sample\l2_unseen_validation\trade_date=2026-07-17\exchange=NSE\symbol=JUNIORBEES\part-082910_586330-038610.parquet,35175,downloaded,35175,
2026-07-17,NSE,JUNIORBEES,raw_l2/trade_date=2026-07-17/exchange=NSE/symbol=JUNIORBEES/part-082939_548394-038674.parquet,real_data_sample\l2_unseen_validation\trade_date=2026-07-17\exchange=NSE\symbol=JUNIORBEES\part-082939_548394-038674.parquet,35429,downloaded,35429,
2026-07-17,NSE,JUNIORBEES,raw_l2/trade_date=2026-07-17/exchange=NSE/symbol=JUNIORBEES/part-083037_508458-038802.parquet,real_data_sample\l2_unseen_validation\trade_date=2026-07-17\exchange=NSE\symbol=JUNIORBEES\part-083037_508458-038802.parquet,35333,downloaded,35333,
2026-07-17,NSE,JUNIORBEES,raw_l2/trade_date=2026-07-17/exchange=NSE/symbol=JUNIORBEES/part-082954_110506-038706.parquet,real_data_sample\l2_unseen_validation\trade_date=2026-07-17\exchange=NSE\symbol=JUNIORBEES\part-082954_110506-038706.parquet,35309,downloaded,35309,
2026-07-17,NSE,JUNIORBEES,raw_l2/trade_date=2026-07-17/exchange=NSE/symbol=JUNIORBEES/part-083023_194011-038770.parquet,real_data_sample\l2_unseen_validation\trade_date=2026-07-17\exchange=NSE\symbol=JUNIORBEES\part-083023_194011-038770.parquet,35357,downloaded,35357,
2026-07-17,NSE,JUNIORBEES,raw_l2/trade_date=2026-07-17/exchange=NSE/symbol=JUNIORBEES/part-083051_949976-038834.parquet,real_data_sample\l2_unseen_validation\trade_date=2026-07-17\exchange=NSE\symbol=JUNIORBEES\part-083051_949976-038834.parquet,35460,downloaded,35460,
2026-07-17,NSE,JUNIORBEES,raw_l2/trade_date=2026-07-17/exchange=NSE/symbol=JUNIORBEES/part-083008_842038-038738.parquet,real_data_sample\l2_unseen_validation\trade_date=2026-07-17\exchange=NSE\symbol=JUNIORBEES\part-083008_842038-038738.parquet,35508,downloaded,35508,
2026-07-17,NSE,JUNIORBEES,raw_l2/trade_date=2026-07-17/exchange=NSE/symbol=JUNIORBEES/part-083121_323667-038898.parquet,real_data_sample\l2_unseen_validation\trade_date=2026-07-17\exchange=NSE\symbol=JUNIORBEES\part-083121_323667-038898.parquet,35510,downloaded,35510,
2026-07-17,NSE,JUNIORBEES,raw_l2/trade_date=2026-07-17/exchange=NSE/symbol=JUNIORBEES/part-083106_409174-038866.parquet,real_data_sample\l2_unseen_validation\trade_date=2026-07-17\exchange=NSE\symbol=JUNIORBEES\part-083106_409174-038866.parquet,35682,downloaded,35682,
2026-07-17,NSE,JUNIORBEES,raw_l2/trade_date=2026-07-17/exchange=NSE/symbol=JUNIORBEES/part-083540_932573-039474.parquet,real_data_sample\l2_unseen_validation\trade_date=2026-07-17\exchange=NSE\symbol=JUNIORBEES\part-083540_932573-039474.parquet,34510,downloaded,34510,
2026-07-17,NSE,JUNIORBEES,raw_l2/trade_date=2026-07-17/exchange=NSE/symbol=JUNIORBEES/part-083555_103475-039506.parquet,real_data_sample\l2_unseen_validation\trade_date=2026-07-17\exchange=NSE\symbol=JUNIORBEES\part-083555_103475-039506.parquet,34829,downloaded,34829,
2026-07-17,NSE,JUNIORBEES,raw_l2/trade_date=2026-07-17/exchange=NSE/symbol=JUNIORBEES/part-083443_878544-039346.parquet,real_data_sample\l2_unseen_validation\trade_date=2026-07-17\exchange=NSE\symbol=JUNIORBEES\part-083443_878544-039346.parquet,35220,downloaded,35220,
2026-07-17,NSE,JUNIORBEES,raw_l2/trade_date=2026-07-17/exchange=NSE/symbol=JUNIORBEES/part-083609_210232-039538.parquet,real_data_sample\l2_unseen_validation\trade_date=2026-07-17\exchange=NSE\symbol=JUNIORBEES\part-083609_210232-039538.parquet,35479,downloaded,35479,
2026-07-17,NSE,JUNIORBEES,raw_l2/trade_date=2026-07-17/exchange=NSE/symbol=JUNIORBEES/part-083512_641248-039410.parquet,real_data_sample\l2_unseen_validation\trade_date=2026-07-17\exchange=NSE\symbol=JUNIORBEES\part-083512_641248-039410.parquet,34579,downloaded,34579,
2026-07-17,NSE,JUNIORBEES,raw_l2/trade_date=2026-07-17/exchange=NSE/symbol=JUNIORBEES/part-083623_673089-039570.parquet,real_data_sample\l2_unseen_validation\trade_date=2026-07-17\exchange=NSE\symbol=JUNIORBEES\part-083623_673089-039570.parquet,35387,downloaded,35387,
2026-07-17,NSE,JUNIORBEES,raw_l2/trade_date=2026-07-17/exchange=NSE/symbol=JUNIORBEES/part-083248_651603-039090.parquet,real_data_sample\l2_unseen_validation\trade_date=2026-07-17\exchange=NSE\symbol=JUNIORBEES\part-083248_651603-039090.parquet,35158,downloaded,35158,
2026-07-17,NSE,JUNIORBEES,raw_l2/trade_date=2026-07-17/exchange=NSE/symbol=JUNIORBEES/part-083526_821331-039442.parquet,real_data_sample\l2_unseen_validation\trade_date=2026-07-17\exchange=NSE\symbol=JUNIORBEES\part-083526_821331-039442.parquet,35100,downloaded,35100,
2026-07-17,NSE,JUNIORBEES,raw_l2/trade_date=2026-07-17/exchange=NSE/symbol=JUNIORBEES/part-083219_451285-039026.parquet,real_data_sample\l2_unseen_validation\trade_date=2026-07-17\exchange=NSE\symbol=JUNIORBEES\part-083219_451285-039026.parquet,35195,downloaded,35195,
2026-07-17,NSE,JUNIORBEES,raw_l2/trade_date=2026-07-17/exchange=NSE/symbol=JUNIORBEES/part-083458_400442-039378.parquet,real_data_sample\l2_unseen_validation\trade_date=2026-07-17\exchange=NSE\symbol=JUNIORBEES\part-083458_400442-039378.parquet,35264,downloaded,35264,
2026-07-17,NSE,JUNIORBEES,raw_l2/trade_date=2026-07-17/exchange=NSE/symbol=JUNIORBEES/part-083150_465210-038962.parquet,real_data_sample\l2_unseen_validation\trade_date=2026-07-17\exchange=NSE\symbol=JUNIORBEES\part-083150_465210-038962.parquet,35521,downloaded,35521,
2026-07-17,NSE,JUNIORBEES,raw_l2/trade_date=2026-07-17/exchange=NSE/symbol=JUNIORBEES/part-083204_711728-038994.parquet,real_data_sample\l2_unseen_validation\trade_date=2026-07-17\exchange=NSE\symbol=JUNIORBEES\part-083204_711728-038994.parquet,35558,downloaded,35558,
2026-07-17,NSE,JUNIORBEES,raw_l2/trade_date=2026-07-17/exchange=NSE/symbol=JUNIORBEES/part-083318_003864-039154.parquet,real_data_sample\l2_unseen_validation\trade_date=2026-07-17\exchange=NSE\symbol=JUNIORBEES\part-083318_003864-039154.parquet,35743,downloaded,35743,
2026-07-17,NSE,JUNIORBEES,raw_l2/trade_date=2026-07-17/exchange=NSE/symbol=JUNIORBEES/part-083346_437679-039218.parquet,real_data_sample\l2_unseen_validation\trade_date=2026-07-17\exchange=NSE\symbol=JUNIORBEES\part-083346_437679-039218.parquet,35504,downloaded,35504,
2026-07-17,NSE,JUNIORBEES,raw_l2/trade_date=2026-07-17/exchange=NSE/symbol=JUNIORBEES/part-083401_013211-039250.parquet,real_data_sample\l2_unseen_validation\trade_date=2026-07-17\exchange=NSE\symbol=JUNIORBEES\part-083401_013211-039250.parquet,35319,downloaded,35319,
2026-07-17,NSE,JUNIORBEES,raw_l2/trade_date=2026-07-17/exchange=NSE/symbol=JUNIORBEES/part-083332_273156-039186.parquet,real_data_sample\l2_unseen_validation\trade_date=2026-07-17\exchange=NSE\symbol=JUNIORBEES\part-083332_273156-039186.parquet,35011,downloaded,35011,
2026-07-17,NSE,JUNIORBEES,raw_l2/trade_date=2026-07-17/exchange=NSE/symbol=JUNIORBEES/part-083652_208032-039634.parquet,real_data_sample\l2_unseen_validation\trade_date=2026-07-17\exchange=NSE\symbol=JUNIORBEES\part-083652_208032-039634.parquet,35619,downloaded,35619,
2026-07-17,NSE,JUNIORBEES,raw_l2/trade_date=2026-07-17/exchange=NSE/symbol=JUNIORBEES/part-083234_111138-039058.parquet,real_data_sample\l2_unseen_validation\trade_date=2026-07-17\exchange=NSE\symbol=JUNIORBEES\part-083234_111138-039058.parquet,35391,downloaded,35391,
2026-07-17,NSE,JUNIORBEES,raw_l2/trade_date=2026-07-17/exchange=NSE/symbol=JUNIORBEES/part-083303_339448-039122.parquet,real_data_sample\l2_unseen_validation\trade_date=2026-07-17\exchange=NSE\symbol=JUNIORBEES\part-083303_339448-039122.parquet,35193,downloaded,35193,
2026-07-17,NSE,JUNIORBEES,raw_l2/trade_date=2026-07-17/exchange=NSE/symbol=JUNIORBEES/part-083429_480464-039314.parquet,real_data_sample\l2_unseen_validation\trade_date=2026-07-17\exchange=NSE\symbol=JUNIORBEES\part-083429_480464-039314.parquet,35492,downloaded,35492,
2026-07-17,NSE,JUNIORBEES,raw_l2/trade_date=2026-07-17/exchange=NSE/symbol=JUNIORBEES/part-083706_332478-039666.parquet,real_data_sample\l2_unseen_validation\trade_date=2026-07-17\exchange=NSE\symbol=JUNIORBEES\part-083706_332478-039666.parquet,35640,downloaded,35640,
2026-07-17,NSE,JUNIORBEES,raw_l2/trade_date=2026-07-17/exchange=NSE/symbol=JUNIORBEES/part-083415_289843-039282.parquet,real_data_sample\l2_unseen_validation\trade_date=2026-07-17\exchange=NSE\symbol=JUNIORBEES\part-083415_289843-039282.parquet,35307,downloaded,35307,
2026-07-17,NSE,JUNIORBEES,raw_l2/trade_date=2026-07-17/exchange=NSE/symbol=JUNIORBEES/part-083637_918061-039602.parquet,real_data_sample\l2_unseen_validation\trade_date=2026-07-17\exchange=NSE\symbol=JUNIORBEES\part-083637_918061-039602.parquet,35683,downloaded,35683,
2026-07-17,NSE,JUNIORBEES,raw_l2/trade_date=2026-07-17/exchange=NSE/symbol=JUNIORBEES/part-083135_963955-038930.parquet,real_data_sample\l2_unseen_validation\trade_date=2026-07-17\exchange=NSE\symbol=JUNIORBEES\part-083135_963955-038930.parquet,35531,downloaded,35531,
2026-07-17,NSE,JUNIORBEES,raw_l2/trade_date=2026-07-17/exchange=NSE/symbol=JUNIORBEES/part-083734_651099-039730.parquet,real_data_sample\l2_unseen_validation\trade_date=2026-07-17\exchange=NSE\symbol=JUNIORBEES\part-083734_651099-039730.parquet,35461,downloaded,35461,
2026-07-17,NSE,JUNIORBEES,raw_l2/trade_date=2026-07-17/exchange=NSE/symbol=JUNIORBEES/part-083803_371277-039794.parquet,real_data_sample\l2_unseen_validation\trade_date=2026-07-17\exchange=NSE\symbol=JUNIORBEES\part-083803_371277-039794.parquet,35607,downloaded,35607,
2026-07-17,NSE,JUNIORBEES,raw_l2/trade_date=2026-07-17/exchange=NSE/symbol=JUNIORBEES/part-083720_398113-039698.parquet,real_data_sample\l2_unseen_validation\trade_date=2026-07-17\exchange=NSE\symbol=JUNIORBEES\part-083720_398113-039698.parquet,35566,downloaded,35566,
2026-07-17,NSE,JUNIORBEES,raw_l2/trade_date=2026-07-17/exchange=NSE/symbol=JUNIORBEES/part-083817_501643-039826.parquet,real_data_sample\l2_unseen_validation\trade_date=2026-07-17\exchange=NSE\symbol=JUNIORBEES\part-083817_501643-039826.parquet,35507,downloaded,35507,
2026-07-17,NSE,JUNIORBEES,raw_l2/trade_date=2026-07-17/exchange=NSE/symbol=JUNIORBEES/part-083748_932783-039762.parquet,real_data_sample\l2_unseen_validation\trade_date=2026-07-17\exchange=NSE\symbol=JUNIORBEES\part-083748_932783-039762.parquet,35482,downloaded,35482,
2026-07-17,NSE,JUNIORBEES,raw_l2/trade_date=2026-07-17/exchange=NSE/symbol=JUNIORBEES/part-083831_880390-039858.parquet,real_data_sample\l2_unseen_validation\trade_date=2026-07-17\exchange=NSE\symbol=JUNIORBEES\part-083831_880390-039858.parquet,35751,downloaded,35751,
2026-07-17,NSE,JUNIORBEES,raw_l2/trade_date=2026-07-17/exchange=NSE/symbol=JUNIORBEES/part-083846_123452-039890.parquet,real_data_sample\l2_unseen_validation\trade_date=2026-07-17\exchange=NSE\symbol=JUNIORBEES\part-083846_123452-039890.parquet,35334,downloaded,35334,
2026-07-17,NSE,JUNIORBEES,raw_l2/trade_date=2026-07-17/exchange=NSE/symbol=JUNIORBEES/part-083900_495985-039922.parquet,real_data_sample\l2_unseen_validation\trade_date=2026-07-17\exchange=NSE\symbol=JUNIORBEES\part-083900_495985-039922.parquet,35173,downloaded,35173,
2026-07-17,NSE,JUNIORBEES,raw_l2/trade_date=2026-07-17/exchange=NSE/symbol=JUNIORBEES/part-083943_519429-040018.parquet,real_data_sample\l2_unseen_validation\trade_date=2026-07-17\exchange=NSE\symbol=JUNIORBEES\part-083943_519429-040018.parquet,35569,downloaded,35569,
2026-07-17,NSE,JUNIORBEES,raw_l2/trade_date=2026-07-17/exchange=NSE/symbol=JUNIORBEES/part-083929_274483-039986.parquet,real_data_sample\l2_unseen_validation\trade_date=2026-07-17\exchange=NSE\symbol=JUNIORBEES\part-083929_274483-039986.parquet,35534,downloaded,35534,
2026-07-17,NSE,JUNIORBEES,raw_l2/trade_date=2026-07-17/exchange=NSE/symbol=JUNIORBEES/part-083914_831071-039954.parquet,real_data_sample\l2_unseen_validation\trade_date=2026-07-17\exchange=NSE\symbol=JUNIORBEES\part-083914_831071-039954.parquet,34919,downloaded,34919,
2026-07-17,NSE,JUNIORBEES,raw_l2/trade_date=2026-07-17/exchange=NSE/symbol=JUNIORBEES/part-083957_789434-040050.parquet,real_data_sample\l2_unseen_validation\trade_date=2026-07-17\exchange=NSE\symbol=JUNIORBEES\part-083957_789434-040050.parquet,35459,downloaded,35459,
2026-07-17,NSE,JUNIORBEES,raw_l2/trade_date=2026-07-17/exchange=NSE/symbol=JUNIORBEES/part-084026_374524-040114.parquet,real_data_sample\l2_unseen_validation\trade_date=2026-07-17\exchange=NSE\symbol=JUNIORBEES\part-084026_374524-040114.parquet,35179,downloaded,35179,
2026-07-17,NSE,JUNIORBEES,raw_l2/trade_date=2026-07-17/exchange=NSE/symbol=JUNIORBEES/part-084221_247807-040370.parquet,real_data_sample\l2_unseen_validation\trade_date=2026-07-17\exchange=NSE\symbol=JUNIORBEES\part-084221_247807-040370.parquet,35437,downloaded,35437,
2026-07-17,NSE,JUNIORBEES,raw_l2/trade_date=2026-07-17/exchange=NSE/symbol=JUNIORBEES/part-084235_482369-040402.parquet,real_data_sample\l2_unseen_validation\trade_date=2026-07-17\exchange=NSE\symbol=JUNIORBEES\part-084235_482369-040402.parquet,35197,downloaded,35197,
2026-07-17,NSE,JUNIORBEES,raw_l2/trade_date=2026-07-17/exchange=NSE/symbol=JUNIORBEES/part-084012_188151-040082.parquet,real_data_sample\l2_unseen_validation\trade_date=2026-07-17\exchange=NSE\symbol=JUNIORBEES\part-084012_188151-040082.parquet,35164,downloaded,35164,
2026-07-17,NSE,JUNIORBEES,raw_l2/trade_date=2026-07-17/exchange=NSE/symbol=JUNIORBEES/part-084137_993215-040274.parquet,real_data_sample\l2_unseen_validation\trade_date=2026-07-17\exchange=NSE\symbol=JUNIORBEES\part-084137_993215-040274.parquet,35616,downloaded,35616,
2026-07-17,NSE,JUNIORBEES,raw_l2/trade_date=2026-07-17/exchange=NSE/symbol=JUNIORBEES/part-084055_353911-040178.parquet,real_data_sample\l2_unseen_validation\trade_date=2026-07-17\exchange=NSE\symbol=JUNIORBEES\part-084055_353911-040178.parquet,35380,downloaded,35380,
2026-07-17,NSE,JUNIORBEES,raw_l2/trade_date=2026-07-17/exchange=NSE/symbol=JUNIORBEES/part-084206_729515-040338.parquet,real_data_sample\l2_unseen_validation\trade_date=2026-07-17\exchange=NSE\symbol=JUNIORBEES\part-084206_729515-040338.parquet,35270,downloaded,35270,
2026-07-17,NSE,JUNIORBEES,raw_l2/trade_date=2026-07-17/exchange=NSE/symbol=JUNIORBEES/part-084152_399708-040306.parquet,real_data_sample\l2_unseen_validation\trade_date=2026-07-17\exchange=NSE\symbol=JUNIORBEES\part-084152_399708-040306.parquet,35313,downloaded,35313,
2026-07-17,NSE,JUNIORBEES,raw_l2/trade_date=2026-07-17/exchange=NSE/symbol=JUNIORBEES/part-084123_541974-040242.parquet,real_data_sample\l2_unseen_validation\trade_date=2026-07-17\exchange=NSE\symbol=JUNIORBEES\part-084123_541974-040242.parquet,35246,downloaded,35246,
2026-07-17,NSE,JUNIORBEES,raw_l2/trade_date=2026-07-17/exchange=NSE/symbol=JUNIORBEES/part-084249_921986-040434.parquet,real_data_sample\l2_unseen_validation\trade_date=2026-07-17\exchange=NSE\symbol=JUNIORBEES\part-084249_921986-040434.parquet,35548,downloaded,35548,
2026-07-17,NSE,JUNIORBEES,raw_l2/trade_date=2026-07-17/exchange=NSE/symbol=JUNIORBEES/part-084040_763962-040146.parquet,real_data_sample\l2_unseen_validation\trade_date=2026-07-17\exchange=NSE\symbol=JUNIORBEES\part-084040_763962-040146.parquet,35365,downloaded,35365,
2026-07-17,NSE,JUNIORBEES,raw_l2/trade_date=2026-07-17/exchange=NSE/symbol=JUNIORBEES/part-084347_503063-040562.parquet,real_data_sample\l2_unseen_validation\trade_date=2026-07-17\exchange=NSE\symbol=JUNIORBEES\part-084347_503063-040562.parquet,35259,downloaded,35259,
2026-07-17,NSE,JUNIORBEES,raw_l2/trade_date=2026-07-17/exchange=NSE/symbol=JUNIORBEES/part-084109_361692-040210.parquet,real_data_sample\l2_unseen_validation\trade_date=2026-07-17\exchange=NSE\symbol=JUNIORBEES\part-084109_361692-040210.parquet,35392,downloaded,35392,
2026-07-17,NSE,JUNIORBEES,raw_l2/trade_date=2026-07-17/exchange=NSE/symbol=JUNIORBEES/part-084304_158461-040466.parquet,real_data_sample\l2_unseen_validation\trade_date=2026-07-17\exchange=NSE\symbol=JUNIORBEES\part-084304_158461-040466.parquet,35527,downloaded,35527,
2026-07-17,NSE,JUNIORBEES,raw_l2/trade_date=2026-07-17/exchange=NSE/symbol=JUNIORBEES/part-084333_048856-040530.parquet,real_data_sample\l2_unseen_validation\trade_date=2026-07-17\exchange=NSE\symbol=JUNIORBEES\part-084333_048856-040530.parquet,35377,downloaded,35377,
2026-07-17,NSE,JUNIORBEES,raw_l2/trade_date=2026-07-17/exchange=NSE/symbol=JUNIORBEES/part-084318_623567-040498.parquet,real_data_sample\l2_unseen_validation\trade_date=2026-07-17\exchange=NSE\symbol=JUNIORBEES\part-084318_623567-040498.parquet,35350,downloaded,35350,
2026-07-17,NSE,JUNIORBEES,raw_l2/trade_date=2026-07-17/exchange=NSE/symbol=JUNIORBEES/part-084416_425335-040626.parquet,real_data_sample\l2_unseen_validation\trade_date=2026-07-17\exchange=NSE\symbol=JUNIORBEES\part-084416_425335-040626.parquet,35410,downloaded,35410,
2026-07-17,NSE,JUNIORBEES,raw_l2/trade_date=2026-07-17/exchange=NSE/symbol=JUNIORBEES/part-084557_157714-040850.parquet,real_data_sample\l2_unseen_validation\trade_date=2026-07-17\exchange=NSE\symbol=JUNIORBEES\part-084557_157714-040850.parquet,35541,downloaded,35541,
2026-07-17,NSE,JUNIORBEES,raw_l2/trade_date=2026-07-17/exchange=NSE/symbol=JUNIORBEES/part-084625_878718-040914.parquet,real_data_sample\l2_unseen_validation\trade_date=2026-07-17\exchange=NSE\symbol=JUNIORBEES\part-084625_878718-040914.parquet,35785,downloaded,35785,
2026-07-17,NSE,JUNIORBEES,raw_l2/trade_date=2026-07-17/exchange=NSE/symbol=JUNIORBEES/part-084542_936653-040818.parquet,real_data_sample\l2_unseen_validation\trade_date=2026-07-17\exchange=NSE\symbol=JUNIORBEES\part-084542_936653-040818.parquet,35391,downloaded,35391,
2026-07-17,NSE,JUNIORBEES,raw_l2/trade_date=2026-07-17/exchange=NSE/symbol=JUNIORBEES/part-084459_630834-040722.parquet,real_data_sample\l2_unseen_validation\trade_date=2026-07-17\exchange=NSE\symbol=JUNIORBEES\part-084459_630834-040722.parquet,35690,downloaded,35690,
2026-07-17,NSE,JUNIORBEES,raw_l2/trade_date=2026-07-17/exchange=NSE/symbol=JUNIORBEES/part-084611_677799-040882.parquet,real_data_sample\l2_unseen_validation\trade_date=2026-07-17\exchange=NSE\symbol=JUNIORBEES\part-084611_677799-040882.parquet,36022,downloaded,36022,
2026-07-17,NSE,JUNIORBEES,raw_l2/trade_date=2026-07-17/exchange=NSE/symbol=JUNIORBEES/part-084402_076422-040594.parquet,real_data_sample\l2_unseen_validation\trade_date=2026-07-17\exchange=NSE\symbol=JUNIORBEES\part-084402_076422-040594.parquet,35737,downloaded,35737,
2026-07-17,NSE,JUNIORBEES,raw_l2/trade_date=2026-07-17/exchange=NSE/symbol=JUNIORBEES/part-084528_505259-040786.parquet,real_data_sample\l2_unseen_validation\trade_date=2026-07-17\exchange=NSE\symbol=JUNIORBEES\part-084528_505259-040786.parquet,35900,downloaded,35900,
2026-07-17,NSE,JUNIORBEES,raw_l2/trade_date=2026-07-17/exchange=NSE/symbol=JUNIORBEES/part-084430_866606-040658.parquet,real_data_sample\l2_unseen_validation\trade_date=2026-07-17\exchange=NSE\symbol=JUNIORBEES\part-084430_866606-040658.parquet,35512,downloaded,35512,
2026-07-17,NSE,JUNIORBEES,raw_l2/trade_date=2026-07-17/exchange=NSE/symbol=JUNIORBEES/part-084514_070526-040754.parquet,real_data_sample\l2_unseen_validation\trade_date=2026-07-17\exchange=NSE\symbol=JUNIORBEES\part-084514_070526-040754.parquet,35752,downloaded,35752,
2026-07-17,NSE,JUNIORBEES,raw_l2/trade_date=2026-07-17/exchange=NSE/symbol=JUNIORBEES/part-084445_180392-040690.parquet,real_data_sample\l2_unseen_validation\trade_date=2026-07-17\exchange=NSE\symbol=JUNIORBEES\part-084445_180392-040690.parquet,35590,downloaded,35590,
2026-07-17,NSE,JUNIORBEES,raw_l2/trade_date=2026-07-17/exchange=NSE/symbol=JUNIORBEES/part-084640_220901-040946.parquet,real_data_sample\l2_unseen_validation\trade_date=2026-07-17\exchange=NSE\symbol=JUNIORBEES\part-084640_220901-040946.parquet,35838,downloaded,35838,
2026-07-17,NSE,JUNIORBEES,raw_l2/trade_date=2026-07-17/exchange=NSE/symbol=JUNIORBEES/part-084708_641559-041010.parquet,real_data_sample\l2_unseen_validation\trade_date=2026-07-17\exchange=NSE\symbol=JUNIORBEES\part-084708_641559-041010.parquet,35688,downloaded,35688,
2026-07-17,NSE,JUNIORBEES,raw_l2/trade_date=2026-07-17/exchange=NSE/symbol=JUNIORBEES/part-084722_872808-041042.parquet,real_data_sample\l2_unseen_validation\trade_date=2026-07-17\exchange=NSE\symbol=JUNIORBEES\part-084722_872808-041042.parquet,35833,downloaded,35833,
2026-07-17,NSE,JUNIORBEES,raw_l2/trade_date=2026-07-17/exchange=NSE/symbol=JUNIORBEES/part-084654_484174-040978.parquet,real_data_sample\l2_unseen_validation\trade_date=2026-07-17\exchange=NSE\symbol=JUNIORBEES\part-084654_484174-040978.parquet,35452,downloaded,35452,
2026-07-17,NSE,JUNIORBEES,raw_l2/trade_date=2026-07-17/exchange=NSE/symbol=JUNIORBEES/part-084805_735152-041138.parquet,real_data_sample\l2_unseen_validation\trade_date=2026-07-17\exchange=NSE\symbol=JUNIORBEES\part-084805_735152-041138.parquet,35694,downloaded,35694,
2026-07-17,NSE,JUNIORBEES,raw_l2/trade_date=2026-07-17/exchange=NSE/symbol=JUNIORBEES/part-084903_261390-041266.parquet,real_data_sample\l2_unseen_validation\trade_date=2026-07-17\exchange=NSE\symbol=JUNIORBEES\part-084903_261390-041266.parquet,35859,downloaded,35859,
2026-07-17,NSE,JUNIORBEES,raw_l2/trade_date=2026-07-17/exchange=NSE/symbol=JUNIORBEES/part-084819_967476-041170.parquet,real_data_sample\l2_unseen_validation\trade_date=2026-07-17\exchange=NSE\symbol=JUNIORBEES\part-084819_967476-041170.parquet,36112,downloaded,36112,
2026-07-17,NSE,JUNIORBEES,raw_l2/trade_date=2026-07-17/exchange=NSE/symbol=JUNIORBEES/part-084834_306234-041202.parquet,real_data_sample\l2_unseen_validation\trade_date=2026-07-17\exchange=NSE\symbol=JUNIORBEES\part-084834_306234-041202.parquet,35781,downloaded,35781,
2026-07-17,NSE,JUNIORBEES,raw_l2/trade_date=2026-07-17/exchange=NSE/symbol=JUNIORBEES/part-084751_446887-041106.parquet,real_data_sample\l2_unseen_validation\trade_date=2026-07-17\exchange=NSE\symbol=JUNIORBEES\part-084751_446887-041106.parquet,35974,downloaded,35974,
2026-07-17,NSE,JUNIORBEES,raw_l2/trade_date=2026-07-17/exchange=NSE/symbol=JUNIORBEES/part-084737_104251-041074.parquet,real_data_sample\l2_unseen_validation\trade_date=2026-07-17\exchange=NSE\symbol=JUNIORBEES\part-084737_104251-041074.parquet,35751,downloaded,35751,
2026-07-17,NSE,JUNIORBEES,raw_l2/trade_date=2026-07-17/exchange=NSE/symbol=JUNIORBEES/part-084848_777238-041234.parquet,real_data_sample\l2_unseen_validation\trade_date=2026-07-17\exchange=NSE\symbol=JUNIORBEES\part-084848_777238-041234.parquet,35460,downloaded,35460,
2026-07-17,NSE,JUNIORBEES,raw_l2/trade_date=2026-07-17/exchange=NSE/symbol=JUNIORBEES/part-085016_005085-041426.parquet,real_data_sample\l2_unseen_validation\trade_date=2026-07-17\exchange=NSE\symbol=JUNIORBEES\part-085016_005085-041426.parquet,35255,downloaded,35255,
2026-07-17,NSE,JUNIORBEES,raw_l2/trade_date=2026-07-17/exchange=NSE/symbol=JUNIORBEES/part-085001_602129-041394.parquet,real_data_sample\l2_unseen_validation\trade_date=2026-07-17\exchange=NSE\symbol=JUNIORBEES\part-085001_602129-041394.parquet,35557,downloaded,35557,
2026-07-17,NSE,JUNIORBEES,raw_l2/trade_date=2026-07-17/exchange=NSE/symbol=JUNIORBEES/part-085044_586954-041490.parquet,real_data_sample\l2_unseen_validation\trade_date=2026-07-17\exchange=NSE\symbol=JUNIORBEES\part-085044_586954-041490.parquet,35234,downloaded,35234,
2026-07-17,NSE,JUNIORBEES,raw_l2/trade_date=2026-07-17/exchange=NSE/symbol=JUNIORBEES/part-084947_016141-041362.parquet,real_data_sample\l2_unseen_validation\trade_date=2026-07-17\exchange=NSE\symbol=JUNIORBEES\part-084947_016141-041362.parquet,35583,downloaded,35583,
2026-07-17,NSE,JUNIORBEES,raw_l2/trade_date=2026-07-17/exchange=NSE/symbol=JUNIORBEES/part-085030_317506-041458.parquet,real_data_sample\l2_unseen_validation\trade_date=2026-07-17\exchange=NSE\symbol=JUNIORBEES\part-085030_317506-041458.parquet,35323,downloaded,35323,
2026-07-17,NSE,JUNIORBEES,raw_l2/trade_date=2026-07-17/exchange=NSE/symbol=JUNIORBEES/part-084918_057474-041298.parquet,real_data_sample\l2_unseen_validation\trade_date=2026-07-17\exchange=NSE\symbol=JUNIORBEES\part-084918_057474-041298.parquet,35867,downloaded,35867,
2026-07-17,NSE,JUNIORBEES,raw_l2/trade_date=2026-07-17/exchange=NSE/symbol=JUNIORBEES/part-084932_437321-041330.parquet,real_data_sample\l2_unseen_validation\trade_date=2026-07-17\exchange=NSE\symbol=JUNIORBEES\part-084932_437321-041330.parquet,35727,downloaded,35727,
2026-07-17,NSE,JUNIORBEES,raw_l2/trade_date=2026-07-17/exchange=NSE/symbol=JUNIORBEES/part-085128_233063-041586.parquet,real_data_sample\l2_unseen_validation\trade_date=2026-07-17\exchange=NSE\symbol=JUNIORBEES\part-085128_233063-041586.parquet,35278,downloaded,35278,
2026-07-17,NSE,JUNIORBEES,raw_l2/trade_date=2026-07-17/exchange=NSE/symbol=JUNIORBEES/part-085355_167378-041906.parquet,real_data_sample\l2_unseen_validation\trade_date=2026-07-17\exchange=NSE\symbol=JUNIORBEES\part-085355_167378-041906.parquet,35492,downloaded,35492,
2026-07-17,NSE,JUNIORBEES,raw_l2/trade_date=2026-07-17/exchange=NSE/symbol=JUNIORBEES/part-085058_981215-041522.parquet,real_data_sample\l2_unseen_validation\trade_date=2026-07-17\exchange=NSE\symbol=JUNIORBEES\part-085058_981215-041522.parquet,35167,downloaded,35167,
2026-07-17,NSE,JUNIORBEES,raw_l2/trade_date=2026-07-17/exchange=NSE/symbol=JUNIORBEES/part-085142_626308-041618.parquet,real_data_sample\l2_unseen_validation\trade_date=2026-07-17\exchange=NSE\symbol=JUNIORBEES\part-085142_626308-041618.parquet,35526,downloaded,35526,
2026-07-17,NSE,JUNIORBEES,raw_l2/trade_date=2026-07-17/exchange=NSE/symbol=JUNIORBEES/part-085211_784055-041682.parquet,real_data_sample\l2_unseen_validation\trade_date=2026-07-17\exchange=NSE\symbol=JUNIORBEES\part-085211_784055-041682.parquet,35363,downloaded,35363,
2026-07-17,NSE,JUNIORBEES,raw_l2/trade_date=2026-07-17/exchange=NSE/symbol=JUNIORBEES/part-085241_059191-041746.parquet,real_data_sample\l2_unseen_validation\trade_date=2026-07-17\exchange=NSE\symbol=JUNIORBEES\part-085241_059191-041746.parquet,35125,downloaded,35125,
2026-07-17,NSE,JUNIORBEES,raw_l2/trade_date=2026-07-17/exchange=NSE/symbol=JUNIORBEES/part-085113_920099-041554.parquet,real_data_sample\l2_unseen_validation\trade_date=2026-07-17\exchange=NSE\symbol=JUNIORBEES\part-085113_920099-041554.parquet,35149,downloaded,35149,
2026-07-17,NSE,JUNIORBEES,raw_l2/trade_date=2026-07-17/exchange=NSE/symbol=JUNIORBEES/part-085157_050686-041650.parquet,real_data_sample\l2_unseen_validation\trade_date=2026-07-17\exchange=NSE\symbol=JUNIORBEES\part-085157_050686-041650.parquet,35571,downloaded,35571,
2026-07-17,NSE,JUNIORBEES,raw_l2/trade_date=2026-07-17/exchange=NSE/symbol=JUNIORBEES/part-085438_048730-042002.parquet,real_data_sample\l2_unseen_validation\trade_date=2026-07-17\exchange=NSE\symbol=JUNIORBEES\part-085438_048730-042002.parquet,34920,downloaded,34920,
2026-07-17,NSE,JUNIORBEES,raw_l2/trade_date=2026-07-17/exchange=NSE/symbol=JUNIORBEES/part-085226_462668-041714.parquet,real_data_sample\l2_unseen_validation\trade_date=2026-07-17\exchange=NSE\symbol=JUNIORBEES\part-085226_462668-041714.parquet,35248,downloaded,35248,
2026-07-17,NSE,JUNIORBEES,raw_l2/trade_date=2026-07-17/exchange=NSE/symbol=JUNIORBEES/part-085409_454088-041938.parquet,real_data_sample\l2_unseen_validation\trade_date=2026-07-17\exchange=NSE\symbol=JUNIORBEES\part-085409_454088-041938.parquet,35080,downloaded,35080,
2026-07-17,NSE,JUNIORBEES,raw_l2/trade_date=2026-07-17/exchange=NSE/symbol=JUNIORBEES/part-085341_031836-041874.parquet,real_data_sample\l2_unseen_validation\trade_date=2026-07-17\exchange=NSE\symbol=JUNIORBEES\part-085341_031836-041874.parquet,35734,downloaded,35734,
2026-07-17,NSE,JUNIORBEES,raw_l2/trade_date=2026-07-17/exchange=NSE/symbol=JUNIORBEES/part-085452_413374-042034.parquet,real_data_sample\l2_unseen_validation\trade_date=2026-07-17\exchange=NSE\symbol=JUNIORBEES\part-085452_413374-042034.parquet,35222,downloaded,35222,
2026-07-17,NSE,JUNIORBEES,raw_l2/trade_date=2026-07-17/exchange=NSE/symbol=JUNIORBEES/part-085255_984016-041778.parquet,real_data_sample\l2_unseen_validation\trade_date=2026-07-17\exchange=NSE\symbol=JUNIORBEES\part-085255_984016-041778.parquet,35211,downloaded,35211,
2026-07-17,NSE,JUNIORBEES,raw_l2/trade_date=2026-07-17/exchange=NSE/symbol=JUNIORBEES/part-085423_631397-041970.parquet,real_data_sample\l2_unseen_validation\trade_date=2026-07-17\exchange=NSE\symbol=JUNIORBEES\part-085423_631397-041970.parquet,34918,downloaded,34918,
2026-07-17,NSE,JUNIORBEES,raw_l2/trade_date=2026-07-17/exchange=NSE/symbol=JUNIORBEES/part-085326_063061-041842.parquet,real_data_sample\l2_unseen_validation\trade_date=2026-07-17\exchange=NSE\symbol=JUNIORBEES\part-085326_063061-041842.parquet,35408,downloaded,35408,
2026-07-17,NSE,JUNIORBEES,raw_l2/trade_date=2026-07-17/exchange=NSE/symbol=JUNIORBEES/part-085506_832136-042066.parquet,real_data_sample\l2_unseen_validation\trade_date=2026-07-17\exchange=NSE\symbol=JUNIORBEES\part-085506_832136-042066.parquet,35099,downloaded,35099,
2026-07-17,NSE,JUNIORBEES,raw_l2/trade_date=2026-07-17/exchange=NSE/symbol=JUNIORBEES/part-085310_971218-041810.parquet,real_data_sample\l2_unseen_validation\trade_date=2026-07-17\exchange=NSE\symbol=JUNIORBEES\part-085310_971218-041810.parquet,35151,downloaded,35151,
2026-07-17,NSE,JUNIORBEES,raw_l2/trade_date=2026-07-17/exchange=NSE/symbol=JUNIORBEES/part-085520_928667-042098.parquet,real_data_sample\l2_unseen_validation\trade_date=2026-07-17\exchange=NSE\symbol=JUNIORBEES\part-085520_928667-042098.parquet,34981,downloaded,34981,
2026-07-17,NSE,JUNIORBEES,raw_l2/trade_date=2026-07-17/exchange=NSE/symbol=JUNIORBEES/part-085646_311362-042290.parquet,real_data_sample\l2_unseen_validation\trade_date=2026-07-17\exchange=NSE\symbol=JUNIORBEES\part-085646_311362-042290.parquet,35574,downloaded,35574,
2026-07-17,NSE,JUNIORBEES,raw_l2/trade_date=2026-07-17/exchange=NSE/symbol=JUNIORBEES/part-085535_108664-042130.parquet,real_data_sample\l2_unseen_validation\trade_date=2026-07-17\exchange=NSE\symbol=JUNIORBEES\part-085535_108664-042130.parquet,35431,downloaded,35431,
2026-07-17,NSE,JUNIORBEES,raw_l2/trade_date=2026-07-17/exchange=NSE/symbol=JUNIORBEES/part-085617_639986-042226.parquet,real_data_sample\l2_unseen_validation\trade_date=2026-07-17\exchange=NSE\symbol=JUNIORBEES\part-085617_639986-042226.parquet,35553,downloaded,35553,
2026-07-17,NSE,JUNIORBEES,raw_l2/trade_date=2026-07-17/exchange=NSE/symbol=JUNIORBEES/part-085631_968109-042258.parquet,real_data_sample\l2_unseen_validation\trade_date=2026-07-17\exchange=NSE\symbol=JUNIORBEES\part-085631_968109-042258.parquet,35474,downloaded,35474,
2026-07-17,NSE,JUNIORBEES,raw_l2/trade_date=2026-07-17/exchange=NSE/symbol=JUNIORBEES/part-085700_424119-042322.parquet,real_data_sample\l2_unseen_validation\trade_date=2026-07-17\exchange=NSE\symbol=JUNIORBEES\part-085700_424119-042322.parquet,35456,downloaded,35456,
2026-07-17,NSE,JUNIORBEES,raw_l2/trade_date=2026-07-17/exchange=NSE/symbol=JUNIORBEES/part-085549_448302-042162.parquet,real_data_sample\l2_unseen_validation\trade_date=2026-07-17\exchange=NSE\symbol=JUNIORBEES\part-085549_448302-042162.parquet,35549,downloaded,35549,
2026-07-17,NSE,JUNIORBEES,raw_l2/trade_date=2026-07-17/exchange=NSE/symbol=JUNIORBEES/part-085757_753826-042450.parquet,real_data_sample\l2_unseen_validation\trade_date=2026-07-17\exchange=NSE\symbol=JUNIORBEES\part-085757_753826-042450.parquet,35837,downloaded,35837,
2026-07-17,NSE,JUNIORBEES,raw_l2/trade_date=2026-07-17/exchange=NSE/symbol=JUNIORBEES/part-085728_835676-042386.parquet,real_data_sample\l2_unseen_validation\trade_date=2026-07-17\exchange=NSE\symbol=JUNIORBEES\part-085728_835676-042386.parquet,35571,downloaded,35571,
2026-07-17,NSE,JUNIORBEES,raw_l2/trade_date=2026-07-17/exchange=NSE/symbol=JUNIORBEES/part-085812_172436-042482.parquet,real_data_sample\l2_unseen_validation\trade_date=2026-07-17\exchange=NSE\symbol=JUNIORBEES\part-085812_172436-042482.parquet,35653,downloaded,35653,
2026-07-17,NSE,JUNIORBEES,raw_l2/trade_date=2026-07-17/exchange=NSE/symbol=JUNIORBEES/part-085714_695656-042354.parquet,real_data_sample\l2_unseen_validation\trade_date=2026-07-17\exchange=NSE\symbol=JUNIORBEES\part-085714_695656-042354.parquet,35434,downloaded,35434,
2026-07-17,NSE,JUNIORBEES,raw_l2/trade_date=2026-07-17/exchange=NSE/symbol=JUNIORBEES/part-085603_569435-042194.parquet,real_data_sample\l2_unseen_validation\trade_date=2026-07-17\exchange=NSE\symbol=JUNIORBEES\part-085603_569435-042194.parquet,35540,downloaded,35540,
2026-07-17,NSE,JUNIORBEES,raw_l2/trade_date=2026-07-17/exchange=NSE/symbol=JUNIORBEES/part-085743_225184-042418.parquet,real_data_sample\l2_unseen_validation\trade_date=2026-07-17\exchange=NSE\symbol=JUNIORBEES\part-085743_225184-042418.parquet,35472,downloaded,35472,
2026-07-17,NSE,JUNIORBEES,raw_l2/trade_date=2026-07-17/exchange=NSE/symbol=JUNIORBEES/part-085841_022932-042546.parquet,real_data_sample\l2_unseen_validation\trade_date=2026-07-17\exchange=NSE\symbol=JUNIORBEES\part-085841_022932-042546.parquet,35536,downloaded,35536,
2026-07-17,NSE,JUNIORBEES,raw_l2/trade_date=2026-07-17/exchange=NSE/symbol=JUNIORBEES/part-085826_579271-042514.parquet,real_data_sample\l2_unseen_validation\trade_date=2026-07-17\exchange=NSE\symbol=JUNIORBEES\part-085826_579271-042514.parquet,35532,downloaded,35532,
2026-07-17,NSE,JUNIORBEES,raw_l2/trade_date=2026-07-17/exchange=NSE/symbol=JUNIORBEES/part-085855_509135-042578.parquet,real_data_sample\l2_unseen_validation\trade_date=2026-07-17\exchange=NSE\symbol=JUNIORBEES\part-085855_509135-042578.parquet,35684,downloaded,35684,
2026-07-17,NSE,JUNIORBEES,raw_l2/trade_date=2026-07-17/exchange=NSE/symbol=JUNIORBEES/part-085910_041264-042610.parquet,real_data_sample\l2_unseen_validation\trade_date=2026-07-17\exchange=NSE\symbol=JUNIORBEES\part-085910_041264-042610.parquet,35739,downloaded,35739,
2026-07-17,NSE,JUNIORBEES,raw_l2/trade_date=2026-07-17/exchange=NSE/symbol=JUNIORBEES/part-085939_442284-042674.parquet,real_data_sample\l2_unseen_validation\trade_date=2026-07-17\exchange=NSE\symbol=JUNIORBEES\part-085939_442284-042674.parquet,35538,downloaded,35538,
2026-07-17,NSE,JUNIORBEES,raw_l2/trade_date=2026-07-17/exchange=NSE/symbol=JUNIORBEES/part-090022_982282-042770.parquet,real_data_sample\l2_unseen_validation\trade_date=2026-07-17\exchange=NSE\symbol=JUNIORBEES\part-090022_982282-042770.parquet,35720,downloaded,35720,
2026-07-17,NSE,JUNIORBEES,raw_l2/trade_date=2026-07-17/exchange=NSE/symbol=JUNIORBEES/part-085954_223984-042706.parquet,real_data_sample\l2_unseen_validation\trade_date=2026-07-17\exchange=NSE\symbol=JUNIORBEES\part-085954_223984-042706.parquet,35532,downloaded,35532,
2026-07-17,NSE,JUNIORBEES,raw_l2/trade_date=2026-07-17/exchange=NSE/symbol=JUNIORBEES/part-090037_374557-042802.parquet,real_data_sample\l2_unseen_validation\trade_date=2026-07-17\exchange=NSE\symbol=JUNIORBEES\part-090037_374557-042802.parquet,35632,downloaded,35632,
2026-07-17,NSE,JUNIORBEES,raw_l2/trade_date=2026-07-17/exchange=NSE/symbol=JUNIORBEES/part-090008_660689-042738.parquet,real_data_sample\l2_unseen_validation\trade_date=2026-07-17\exchange=NSE\symbol=JUNIORBEES\part-090008_660689-042738.parquet,35724,downloaded,35724,
2026-07-17,NSE,JUNIORBEES,raw_l2/trade_date=2026-07-17/exchange=NSE/symbol=JUNIORBEES/part-090135_531484-042930.parquet,real_data_sample\l2_unseen_validation\trade_date=2026-07-17\exchange=NSE\symbol=JUNIORBEES\part-090135_531484-042930.parquet,35180,downloaded,35180,
2026-07-17,NSE,JUNIORBEES,raw_l2/trade_date=2026-07-17/exchange=NSE/symbol=JUNIORBEES/part-090121_136649-042898.parquet,real_data_sample\l2_unseen_validation\trade_date=2026-07-17\exchange=NSE\symbol=JUNIORBEES\part-090121_136649-042898.parquet,35525,downloaded,35525,
2026-07-17,NSE,JUNIORBEES,raw_l2/trade_date=2026-07-17/exchange=NSE/symbol=JUNIORBEES/part-090149_956171-042962.parquet,real_data_sample\l2_unseen_validation\trade_date=2026-07-17\exchange=NSE\symbol=JUNIORBEES\part-090149_956171-042962.parquet,35473,downloaded,35473,
2026-07-17,NSE,JUNIORBEES,raw_l2/trade_date=2026-07-17/exchange=NSE/symbol=JUNIORBEES/part-090051_953505-042834.parquet,real_data_sample\l2_unseen_validation\trade_date=2026-07-17\exchange=NSE\symbol=JUNIORBEES\part-090051_953505-042834.parquet,35649,downloaded,35649,
2026-07-17,NSE,JUNIORBEES,raw_l2/trade_date=2026-07-17/exchange=NSE/symbol=JUNIORBEES/part-085924_725966-042642.parquet,real_data_sample\l2_unseen_validation\trade_date=2026-07-17\exchange=NSE\symbol=JUNIORBEES\part-085924_725966-042642.parquet,35426,downloaded,35426,
2026-07-17,NSE,JUNIORBEES,raw_l2/trade_date=2026-07-17/exchange=NSE/symbol=JUNIORBEES/part-090232_784317-043058.parquet,real_data_sample\l2_unseen_validation\trade_date=2026-07-17\exchange=NSE\symbol=JUNIORBEES\part-090232_784317-043058.parquet,35772,downloaded,35772,
2026-07-17,NSE,JUNIORBEES,raw_l2/trade_date=2026-07-17/exchange=NSE/symbol=JUNIORBEES/part-090247_281397-043090.parquet,real_data_sample\l2_unseen_validation\trade_date=2026-07-17\exchange=NSE\symbol=JUNIORBEES\part-090247_281397-043090.parquet,35409,downloaded,35409,
2026-07-17,NSE,JUNIORBEES,raw_l2/trade_date=2026-07-17/exchange=NSE/symbol=JUNIORBEES/part-090218_354825-043026.parquet,real_data_sample\l2_unseen_validation\trade_date=2026-07-17\exchange=NSE\symbol=JUNIORBEES\part-090218_354825-043026.parquet,35372,downloaded,35372,
2026-07-17,NSE,JUNIORBEES,raw_l2/trade_date=2026-07-17/exchange=NSE/symbol=JUNIORBEES/part-090204_198293-042994.parquet,real_data_sample\l2_unseen_validation\trade_date=2026-07-17\exchange=NSE\symbol=JUNIORBEES\part-090204_198293-042994.parquet,35150,downloaded,35150,
2026-07-17,NSE,JUNIORBEES,raw_l2/trade_date=2026-07-17/exchange=NSE/symbol=JUNIORBEES/part-090106_591161-042866.parquet,real_data_sample\l2_unseen_validation\trade_date=2026-07-17\exchange=NSE\symbol=JUNIORBEES\part-090106_591161-042866.parquet,35637,downloaded,35637,
2026-07-17,NSE,JUNIORBEES,raw_l2/trade_date=2026-07-17/exchange=NSE/symbol=JUNIORBEES/part-090301_658915-043122.parquet,real_data_sample\l2_unseen_validation\trade_date=2026-07-17\exchange=NSE\symbol=JUNIORBEES\part-090301_658915-043122.parquet,35319,downloaded,35319,
2026-07-17,NSE,JUNIORBEES,raw_l2/trade_date=2026-07-17/exchange=NSE/symbol=JUNIORBEES/part-090316_049021-043154.parquet,real_data_sample\l2_unseen_validation\trade_date=2026-07-17\exchange=NSE\symbol=JUNIORBEES\part-090316_049021-043154.parquet,35356,downloaded,35356,
2026-07-17,NSE,JUNIORBEES,raw_l2/trade_date=2026-07-17/exchange=NSE/symbol=JUNIORBEES/part-090330_610196-043186.parquet,real_data_sample\l2_unseen_validation\trade_date=2026-07-17\exchange=NSE\symbol=JUNIORBEES\part-090330_610196-043186.parquet,35459,downloaded,35459,
2026-07-17,NSE,JUNIORBEES,raw_l2/trade_date=2026-07-17/exchange=NSE/symbol=JUNIORBEES/part-090345_524078-043218.parquet,real_data_sample\l2_unseen_validation\trade_date=2026-07-17\exchange=NSE\symbol=JUNIORBEES\part-090345_524078-043218.parquet,35415,downloaded,35415,
2026-07-17,NSE,JUNIORBEES,raw_l2/trade_date=2026-07-17/exchange=NSE/symbol=JUNIORBEES/part-090443_620989-043346.parquet,real_data_sample\l2_unseen_validation\trade_date=2026-07-17\exchange=NSE\symbol=JUNIORBEES\part-090443_620989-043346.parquet,35795,downloaded,35795,
2026-07-17,NSE,JUNIORBEES,raw_l2/trade_date=2026-07-17/exchange=NSE/symbol=JUNIORBEES/part-090414_406526-043282.parquet,real_data_sample\l2_unseen_validation\trade_date=2026-07-17\exchange=NSE\symbol=JUNIORBEES\part-090414_406526-043282.parquet,35537,downloaded,35537,
2026-07-17,NSE,JUNIORBEES,raw_l2/trade_date=2026-07-17/exchange=NSE/symbol=JUNIORBEES/part-090527_493971-043442.parquet,real_data_sample\l2_unseen_validation\trade_date=2026-07-17\exchange=NSE\symbol=JUNIORBEES\part-090527_493971-043442.parquet,35549,downloaded,35549,
2026-07-17,NSE,JUNIORBEES,raw_l2/trade_date=2026-07-17/exchange=NSE/symbol=JUNIORBEES/part-090458_356718-043378.parquet,real_data_sample\l2_unseen_validation\trade_date=2026-07-17\exchange=NSE\symbol=JUNIORBEES\part-090458_356718-043378.parquet,35432,downloaded,35432,
2026-07-17,NSE,JUNIORBEES,raw_l2/trade_date=2026-07-17/exchange=NSE/symbol=JUNIORBEES/part-090400_190285-043250.parquet,real_data_sample\l2_unseen_validation\trade_date=2026-07-17\exchange=NSE\symbol=JUNIORBEES\part-090400_190285-043250.parquet,35418,downloaded,35418,
2026-07-17,NSE,JUNIORBEES,raw_l2/trade_date=2026-07-17/exchange=NSE/symbol=JUNIORBEES/part-090428_802875-043314.parquet,real_data_sample\l2_unseen_validation\trade_date=2026-07-17\exchange=NSE\symbol=JUNIORBEES\part-090428_802875-043314.parquet,35611,downloaded,35611,
2026-07-17,NSE,JUNIORBEES,raw_l2/trade_date=2026-07-17/exchange=NSE/symbol=JUNIORBEES/part-090513_108144-043410.parquet,real_data_sample\l2_unseen_validation\trade_date=2026-07-17\exchange=NSE\symbol=JUNIORBEES\part-090513_108144-043410.parquet,35501,downloaded,35501,
2026-07-17,NSE,JUNIORBEES,raw_l2/trade_date=2026-07-17/exchange=NSE/symbol=JUNIORBEES/part-090610_496128-043538.parquet,real_data_sample\l2_unseen_validation\trade_date=2026-07-17\exchange=NSE\symbol=JUNIORBEES\part-090610_496128-043538.parquet,35496,downloaded,35496,
2026-07-17,NSE,JUNIORBEES,raw_l2/trade_date=2026-07-17/exchange=NSE/symbol=JUNIORBEES/part-090541_939676-043474.parquet,real_data_sample\l2_unseen_validation\trade_date=2026-07-17\exchange=NSE\symbol=JUNIORBEES\part-090541_939676-043474.parquet,35195,downloaded,35195,
2026-07-17,NSE,JUNIORBEES,raw_l2/trade_date=2026-07-17/exchange=NSE/symbol=JUNIORBEES/part-090556_154558-043506.parquet,real_data_sample\l2_unseen_validation\trade_date=2026-07-17\exchange=NSE\symbol=JUNIORBEES\part-090556_154558-043506.parquet,35191,downloaded,35191,
2026-07-17,NSE,JUNIORBEES,raw_l2/trade_date=2026-07-17/exchange=NSE/symbol=JUNIORBEES/part-090639_430616-043602.parquet,real_data_sample\l2_unseen_validation\trade_date=2026-07-17\exchange=NSE\symbol=JUNIORBEES\part-090639_430616-043602.parquet,35638,downloaded,35638,
2026-07-17,NSE,JUNIORBEES,raw_l2/trade_date=2026-07-17/exchange=NSE/symbol=JUNIORBEES/part-090708_542194-043666.parquet,real_data_sample\l2_unseen_validation\trade_date=2026-07-17\exchange=NSE\symbol=JUNIORBEES\part-090708_542194-043666.parquet,35640,downloaded,35640,
2026-07-17,NSE,JUNIORBEES,raw_l2/trade_date=2026-07-17/exchange=NSE/symbol=JUNIORBEES/part-090722_922312-043698.parquet,real_data_sample\l2_unseen_validation\trade_date=2026-07-17\exchange=NSE\symbol=JUNIORBEES\part-090722_922312-043698.parquet,35269,downloaded,35269,
2026-07-17,NSE,JUNIORBEES,raw_l2/trade_date=2026-07-17/exchange=NSE/symbol=JUNIORBEES/part-090654_001278-043634.parquet,real_data_sample\l2_unseen_validation\trade_date=2026-07-17\exchange=NSE\symbol=JUNIORBEES\part-090654_001278-043634.parquet,35673,downloaded,35673,
2026-07-17,NSE,JUNIORBEES,raw_l2/trade_date=2026-07-17/exchange=NSE/symbol=JUNIORBEES/part-090625_021497-043570.parquet,real_data_sample\l2_unseen_validation\trade_date=2026-07-17\exchange=NSE\symbol=JUNIORBEES\part-090625_021497-043570.parquet,35212,downloaded,35212,
2026-07-17,NSE,JUNIORBEES,raw_l2/trade_date=2026-07-17/exchange=NSE/symbol=JUNIORBEES/part-090850_022493-043890.parquet,real_data_sample\l2_unseen_validation\trade_date=2026-07-17\exchange=NSE\symbol=JUNIORBEES\part-090850_022493-043890.parquet,35517,downloaded,35517,
2026-07-17,NSE,JUNIORBEES,raw_l2/trade_date=2026-07-17/exchange=NSE/symbol=JUNIORBEES/part-090835_427518-043858.parquet,real_data_sample\l2_unseen_validation\trade_date=2026-07-17\exchange=NSE\symbol=JUNIORBEES\part-090835_427518-043858.parquet,35546,downloaded,35546,
2026-07-17,NSE,JUNIORBEES,raw_l2/trade_date=2026-07-17/exchange=NSE/symbol=JUNIORBEES/part-090737_167177-043730.parquet,real_data_sample\l2_unseen_validation\trade_date=2026-07-17\exchange=NSE\symbol=JUNIORBEES\part-090737_167177-043730.parquet,35314,downloaded,35314,
2026-07-17,NSE,JUNIORBEES,raw_l2/trade_date=2026-07-17/exchange=NSE/symbol=JUNIORBEES/part-090806_388073-043794.parquet,real_data_sample\l2_unseen_validation\trade_date=2026-07-17\exchange=NSE\symbol=JUNIORBEES\part-090806_388073-043794.parquet,35292,downloaded,35292,
2026-07-17,NSE,JUNIORBEES,raw_l2/trade_date=2026-07-17/exchange=NSE/symbol=JUNIORBEES/part-090934_643658-043986.parquet,real_data_sample\l2_unseen_validation\trade_date=2026-07-17\exchange=NSE\symbol=JUNIORBEES\part-090934_643658-043986.parquet,35463,downloaded,35463,
2026-07-17,NSE,JUNIORBEES,raw_l2/trade_date=2026-07-17/exchange=NSE/symbol=JUNIORBEES/part-091005_202121-044050.parquet,real_data_sample\l2_unseen_validation\trade_date=2026-07-17\exchange=NSE\symbol=JUNIORBEES\part-091005_202121-044050.parquet,35492,downloaded,35492,
2026-07-17,NSE,JUNIORBEES,raw_l2/trade_date=2026-07-17/exchange=NSE/symbol=JUNIORBEES/part-090820_760427-043826.parquet,real_data_sample\l2_unseen_validation\trade_date=2026-07-17\exchange=NSE\symbol=JUNIORBEES\part-090820_760427-043826.parquet,35521,downloaded,35521,
2026-07-17,NSE,JUNIORBEES,raw_l2/trade_date=2026-07-17/exchange=NSE/symbol=JUNIORBEES/part-091048_873932-044146.parquet,real_data_sample\l2_unseen_validation\trade_date=2026-07-17\exchange=NSE\symbol=JUNIORBEES\part-091048_873932-044146.parquet,35696,downloaded,35696,
2026-07-17,NSE,JUNIORBEES,raw_l2/trade_date=2026-07-17/exchange=NSE/symbol=JUNIORBEES/part-090919_993118-043954.parquet,real_data_sample\l2_unseen_validation\trade_date=2026-07-17\exchange=NSE\symbol=JUNIORBEES\part-090919_993118-043954.parquet,35267,downloaded,35267,
2026-07-17,NSE,JUNIORBEES,raw_l2/trade_date=2026-07-17/exchange=NSE/symbol=JUNIORBEES/part-090949_940763-044018.parquet,real_data_sample\l2_unseen_validation\trade_date=2026-07-17\exchange=NSE\symbol=JUNIORBEES\part-090949_940763-044018.parquet,35666,downloaded,35666,
2026-07-17,NSE,JUNIORBEES,raw_l2/trade_date=2026-07-17/exchange=NSE/symbol=JUNIORBEES/part-090904_919379-043922.parquet,real_data_sample\l2_unseen_validation\trade_date=2026-07-17\exchange=NSE\symbol=JUNIORBEES\part-090904_919379-043922.parquet,35200,downloaded,35200,
2026-07-17,NSE,JUNIORBEES,raw_l2/trade_date=2026-07-17/exchange=NSE/symbol=JUNIORBEES/part-091034_214579-044114.parquet,real_data_sample\l2_unseen_validation\trade_date=2026-07-17\exchange=NSE\symbol=JUNIORBEES\part-091034_214579-044114.parquet,35345,downloaded,35345,
2026-07-17,NSE,JUNIORBEES,raw_l2/trade_date=2026-07-17/exchange=NSE/symbol=JUNIORBEES/part-091019_505795-044082.parquet,real_data_sample\l2_unseen_validation\trade_date=2026-07-17\exchange=NSE\symbol=JUNIORBEES\part-091019_505795-044082.parquet,35500,downloaded,35500,
2026-07-17,NSE,JUNIORBEES,raw_l2/trade_date=2026-07-17/exchange=NSE/symbol=JUNIORBEES/part-091103_491280-044178.parquet,real_data_sample\l2_unseen_validation\trade_date=2026-07-17\exchange=NSE\symbol=JUNIORBEES\part-091103_491280-044178.parquet,35637,downloaded,35637,
2026-07-17,NSE,JUNIORBEES,raw_l2/trade_date=2026-07-17/exchange=NSE/symbol=JUNIORBEES/part-090751_466035-043762.parquet,real_data_sample\l2_unseen_validation\trade_date=2026-07-17\exchange=NSE\symbol=JUNIORBEES\part-090751_466035-043762.parquet,35388,downloaded,35388,
2026-07-17,NSE,JUNIORBEES,raw_l2/trade_date=2026-07-17/exchange=NSE/symbol=JUNIORBEES/part-091118_282368-044210.parquet,real_data_sample\l2_unseen_validation\trade_date=2026-07-17\exchange=NSE\symbol=JUNIORBEES\part-091118_282368-044210.parquet,35696,downloaded,35696,
2026-07-17,NSE,JUNIORBEES,raw_l2/trade_date=2026-07-17/exchange=NSE/symbol=JUNIORBEES/part-091133_140418-044242.parquet,real_data_sample\l2_unseen_validation\trade_date=2026-07-17\exchange=NSE\symbol=JUNIORBEES\part-091133_140418-044242.parquet,35457,downloaded,35457,
2026-07-17,NSE,JUNIORBEES,raw_l2/trade_date=2026-07-17/exchange=NSE/symbol=JUNIORBEES/part-091147_541461-044274.parquet,real_data_sample\l2_unseen_validation\trade_date=2026-07-17\exchange=NSE\symbol=JUNIORBEES\part-091147_541461-044274.parquet,35796,downloaded,35796,
2026-07-17,NSE,JUNIORBEES,raw_l2/trade_date=2026-07-17/exchange=NSE/symbol=JUNIORBEES/part-091202_137908-044306.parquet,real_data_sample\l2_unseen_validation\trade_date=2026-07-17\exchange=NSE\symbol=JUNIORBEES\part-091202_137908-044306.parquet,35806,downloaded,35806,
2026-07-17,NSE,JUNIORBEES,raw_l2/trade_date=2026-07-17/exchange=NSE/symbol=JUNIORBEES/part-091217_282165-044338.parquet,real_data_sample\l2_unseen_validation\trade_date=2026-07-17\exchange=NSE\symbol=JUNIORBEES\part-091217_282165-044338.parquet,35581,downloaded,35581,
2026-07-17,NSE,JUNIORBEES,raw_l2/trade_date=2026-07-17/exchange=NSE/symbol=JUNIORBEES/part-091232_643073-044370.parquet,real_data_sample\l2_unseen_validation\trade_date=2026-07-17\exchange=NSE\symbol=JUNIORBEES\part-091232_643073-044370.parquet,35675,downloaded,35675,
2026-07-17,NSE,JUNIORBEES,raw_l2/trade_date=2026-07-17/exchange=NSE/symbol=JUNIORBEES/part-091247_522157-044402.parquet,real_data_sample\l2_unseen_validation\trade_date=2026-07-17\exchange=NSE\symbol=JUNIORBEES\part-091247_522157-044402.parquet,35390,downloaded,35390,
2026-07-17,NSE,JUNIORBEES,raw_l2/trade_date=2026-07-17/exchange=NSE/symbol=JUNIORBEES/part-091301_902526-044434.parquet,real_data_sample\l2_unseen_validation\trade_date=2026-07-17\exchange=NSE\symbol=JUNIORBEES\part-091301_902526-044434.parquet,35250,downloaded,35250,
2026-07-17,NSE,JUNIORBEES,raw_l2/trade_date=2026-07-17/exchange=NSE/symbol=JUNIORBEES/part-091428_795328-044626.parquet,real_data_sample\l2_unseen_validation\trade_date=2026-07-17\exchange=NSE\symbol=JUNIORBEES\part-091428_795328-044626.parquet,35441,downloaded,35441,
2026-07-17,NSE,JUNIORBEES,raw_l2/trade_date=2026-07-17/exchange=NSE/symbol=JUNIORBEES/part-091443_230498-044658.parquet,real_data_sample\l2_unseen_validation\trade_date=2026-07-17\exchange=NSE\symbol=JUNIORBEES\part-091443_230498-044658.parquet,34860,downloaded,34860,
2026-07-17,NSE,JUNIORBEES,raw_l2/trade_date=2026-07-17/exchange=NSE/symbol=JUNIORBEES/part-091457_544004-044690.parquet,real_data_sample\l2_unseen_validation\trade_date=2026-07-17\exchange=NSE\symbol=JUNIORBEES\part-091457_544004-044690.parquet,34991,downloaded,34991,
2026-07-17,NSE,JUNIORBEES,raw_l2/trade_date=2026-07-17/exchange=NSE/symbol=JUNIORBEES/part-092041_647965-045458.parquet,real_data_sample\l2_unseen_validation\trade_date=2026-07-17\exchange=NSE\symbol=JUNIORBEES\part-092041_647965-045458.parquet,35575,downloaded,35575,
2026-07-17,NSE,JUNIORBEES,raw_l2/trade_date=2026-07-17/exchange=NSE/symbol=JUNIORBEES/part-091316_578028-044466.parquet,real_data_sample\l2_unseen_validation\trade_date=2026-07-17\exchange=NSE\symbol=JUNIORBEES\part-091316_578028-044466.parquet,35329,downloaded,35329,
2026-07-17,NSE,JUNIORBEES,raw_l2/trade_date=2026-07-17/exchange=NSE/symbol=JUNIORBEES/part-091555_128877-044818.parquet,real_data_sample\l2_unseen_validation\trade_date=2026-07-17\exchange=NSE\symbol=JUNIORBEES\part-091555_128877-044818.parquet,35193,downloaded,35193,
2026-07-17,NSE,JUNIORBEES,raw_l2/trade_date=2026-07-17/exchange=NSE/symbol=JUNIORBEES/part-091540_580574-044786.parquet,real_data_sample\l2_unseen_validation\trade_date=2026-07-17\exchange=NSE\symbol=JUNIORBEES\part-091540_580574-044786.parquet,35498,downloaded,35498,
2026-07-17,NSE,JUNIORBEES,raw_l2/trade_date=2026-07-17/exchange=NSE/symbol=JUNIORBEES/part-092013_090384-045394.parquet,real_data_sample\l2_unseen_validation\trade_date=2026-07-17\exchange=NSE\symbol=JUNIORBEES\part-092013_090384-045394.parquet,35541,downloaded,35541,
2026-07-17,NSE,JUNIORBEES,raw_l2/trade_date=2026-07-17/exchange=NSE/symbol=JUNIORBEES/part-091930_225587-045298.parquet,real_data_sample\l2_unseen_validation\trade_date=2026-07-17\exchange=NSE\symbol=JUNIORBEES\part-091930_225587-045298.parquet,35259,downloaded,35259,
2026-07-17,NSE,JUNIORBEES,raw_l2/trade_date=2026-07-17/exchange=NSE/symbol=JUNIORBEES/part-091345_469024-044530.parquet,real_data_sample\l2_unseen_validation\trade_date=2026-07-17\exchange=NSE\symbol=JUNIORBEES\part-091345_469024-044530.parquet,35497,downloaded,35497,
2026-07-17,NSE,JUNIORBEES,raw_l2/trade_date=2026-07-17/exchange=NSE/symbol=JUNIORBEES/part-091832_609308-045170.parquet,real_data_sample\l2_unseen_validation\trade_date=2026-07-17\exchange=NSE\symbol=JUNIORBEES\part-091832_609308-045170.parquet,35696,downloaded,35696,
2026-07-17,NSE,JUNIORBEES,raw_l2/trade_date=2026-07-17/exchange=NSE/symbol=JUNIORBEES/part-091638_447899-044914.parquet,real_data_sample\l2_unseen_validation\trade_date=2026-07-17\exchange=NSE\symbol=JUNIORBEES\part-091638_447899-044914.parquet,35309,downloaded,35309,
2026-07-17,NSE,JUNIORBEES,raw_l2/trade_date=2026-07-17/exchange=NSE/symbol=JUNIORBEES/part-091414_413888-044594.parquet,real_data_sample\l2_unseen_validation\trade_date=2026-07-17\exchange=NSE\symbol=JUNIORBEES\part-091414_413888-044594.parquet,34986,downloaded,34986,
2026-07-17,NSE,JUNIORBEES,raw_l2/trade_date=2026-07-17/exchange=NSE/symbol=JUNIORBEES/part-091846_970933-045202.parquet,real_data_sample\l2_unseen_validation\trade_date=2026-07-17\exchange=NSE\symbol=JUNIORBEES\part-091846_970933-045202.parquet,35663,downloaded,35663,
2026-07-17,NSE,JUNIORBEES,raw_l2/trade_date=2026-07-17/exchange=NSE/symbol=JUNIORBEES/part-091331_028270-044498.parquet,real_data_sample\l2_unseen_validation\trade_date=2026-07-17\exchange=NSE\symbol=JUNIORBEES\part-091331_028270-044498.parquet,35891,downloaded,35891,
2026-07-17,NSE,JUNIORBEES,raw_l2/trade_date=2026-07-17/exchange=NSE/symbol=JUNIORBEES/part-091624_266626-044882.parquet,real_data_sample\l2_unseen_validation\trade_date=2026-07-17\exchange=NSE\symbol=JUNIORBEES\part-091624_266626-044882.parquet,35587,downloaded,35587,
2026-07-17,NSE,JUNIORBEES,raw_l2/trade_date=2026-07-17/exchange=NSE/symbol=JUNIORBEES/part-091803_774289-045106.parquet,real_data_sample\l2_unseen_validation\trade_date=2026-07-17\exchange=NSE\symbol=JUNIORBEES\part-091803_774289-045106.parquet,35162,downloaded,35162,
2026-07-17,NSE,JUNIORBEES,raw_l2/trade_date=2026-07-17/exchange=NSE/symbol=JUNIORBEES/part-091609_743307-044850.parquet,real_data_sample\l2_unseen_validation\trade_date=2026-07-17\exchange=NSE\symbol=JUNIORBEES\part-091609_743307-044850.parquet,35796,downloaded,35796,
2026-07-17,NSE,JUNIORBEES,raw_l2/trade_date=2026-07-17/exchange=NSE/symbol=JUNIORBEES/part-091901_404868-045234.parquet,real_data_sample\l2_unseen_validation\trade_date=2026-07-17\exchange=NSE\symbol=JUNIORBEES\part-091901_404868-045234.parquet,35591,downloaded,35591,
2026-07-17,NSE,JUNIORBEES,raw_l2/trade_date=2026-07-17/exchange=NSE/symbol=JUNIORBEES/part-091749_388618-045074.parquet,real_data_sample\l2_unseen_validation\trade_date=2026-07-17\exchange=NSE\symbol=JUNIORBEES\part-091749_388618-045074.parquet,35098,downloaded,35098,
2026-07-17,NSE,JUNIORBEES,raw_l2/trade_date=2026-07-17/exchange=NSE/symbol=JUNIORBEES/part-091652_609082-044946.parquet,real_data_sample\l2_unseen_validation\trade_date=2026-07-17\exchange=NSE\symbol=JUNIORBEES\part-091652_609082-044946.parquet,35310,downloaded,35310,
2026-07-17,NSE,JUNIORBEES,raw_l2/trade_date=2026-07-17/exchange=NSE/symbol=JUNIORBEES/part-091706_909577-044978.parquet,real_data_sample\l2_unseen_validation\trade_date=2026-07-17\exchange=NSE\symbol=JUNIORBEES\part-091706_909577-044978.parquet,35435,downloaded,35435,
2026-07-17,NSE,JUNIORBEES,raw_l2/trade_date=2026-07-17/exchange=NSE/symbol=JUNIORBEES/part-092027_405823-045426.parquet,real_data_sample\l2_unseen_validation\trade_date=2026-07-17\exchange=NSE\symbol=JUNIORBEES\part-092027_405823-045426.parquet,35624,downloaded,35624,
2026-07-17,NSE,JUNIORBEES,raw_l2/trade_date=2026-07-17/exchange=NSE/symbol=JUNIORBEES/part-091721_097396-045010.parquet,real_data_sample\l2_unseen_validation\trade_date=2026-07-17\exchange=NSE\symbol=JUNIORBEES\part-091721_097396-045010.parquet,35631,downloaded,35631,
2026-07-17,NSE,JUNIORBEES,raw_l2/trade_date=2026-07-17/exchange=NSE/symbol=JUNIORBEES/part-091944_533580-045330.parquet,real_data_sample\l2_unseen_validation\trade_date=2026-07-17\exchange=NSE\symbol=JUNIORBEES\part-091944_533580-045330.parquet,35744,downloaded,35744,
2026-07-17,NSE,JUNIORBEES,raw_l2/trade_date=2026-07-17/exchange=NSE/symbol=JUNIORBEES/part-091526_225920-044754.parquet,real_data_sample\l2_unseen_validation\trade_date=2026-07-17\exchange=NSE\symbol=JUNIORBEES\part-091526_225920-044754.parquet,35428,downloaded,35428,
2026-07-17,NSE,JUNIORBEES,raw_l2/trade_date=2026-07-17/exchange=NSE/symbol=JUNIORBEES/part-091735_225733-045042.parquet,real_data_sample\l2_unseen_validation\trade_date=2026-07-17\exchange=NSE\symbol=JUNIORBEES\part-091735_225733-045042.parquet,35137,downloaded,35137,
2026-07-17,NSE,JUNIORBEES,raw_l2/trade_date=2026-07-17/exchange=NSE/symbol=JUNIORBEES/part-091916_022766-045266.parquet,real_data_sample\l2_unseen_validation\trade_date=2026-07-17\exchange=NSE\symbol=JUNIORBEES\part-091916_022766-045266.parquet,35680,downloaded,35680,
2026-07-17,NSE,JUNIORBEES,raw_l2/trade_date=2026-07-17/exchange=NSE/symbol=JUNIORBEES/part-091512_031113-044722.parquet,real_data_sample\l2_unseen_validation\trade_date=2026-07-17\exchange=NSE\symbol=JUNIORBEES\part-091512_031113-044722.parquet,35446,downloaded,35446,
2026-07-17,NSE,JUNIORBEES,raw_l2/trade_date=2026-07-17/exchange=NSE/symbol=JUNIORBEES/part-091818_264823-045138.parquet,real_data_sample\l2_unseen_validation\trade_date=2026-07-17\exchange=NSE\symbol=JUNIORBEES\part-091818_264823-045138.parquet,35416,downloaded,35416,
2026-07-17,NSE,JUNIORBEES,raw_l2/trade_date=2026-07-17/exchange=NSE/symbol=JUNIORBEES/part-091400_036511-044562.parquet,real_data_sample\l2_unseen_validation\trade_date=2026-07-17\exchange=NSE\symbol=JUNIORBEES\part-091400_036511-044562.parquet,35447,downloaded,35447,
2026-07-17,NSE,JUNIORBEES,raw_l2/trade_date=2026-07-17/exchange=NSE/symbol=JUNIORBEES/part-091958_754592-045362.parquet,real_data_sample\l2_unseen_validation\trade_date=2026-07-17\exchange=NSE\symbol=JUNIORBEES\part-091958_754592-045362.parquet,35679,downloaded,35679,
2026-07-17,NSE,JUNIORBEES,raw_l2/trade_date=2026-07-17/exchange=NSE/symbol=JUNIORBEES/part-092055_964980-045490.parquet,real_data_sample\l2_unseen_validation\trade_date=2026-07-17\exchange=NSE\symbol=JUNIORBEES\part-092055_964980-045490.parquet,35644,downloaded,35644,
2026-07-17,NSE,JUNIORBEES,raw_l2/trade_date=2026-07-17/exchange=NSE/symbol=JUNIORBEES/part-092139_299890-045586.parquet,real_data_sample\l2_unseen_validation\trade_date=2026-07-17\exchange=NSE\symbol=JUNIORBEES\part-092139_299890-045586.parquet,35254,downloaded,35254,
2026-07-17,NSE,JUNIORBEES,raw_l2/trade_date=2026-07-17/exchange=NSE/symbol=JUNIORBEES/part-092153_734411-045618.parquet,real_data_sample\l2_unseen_validation\trade_date=2026-07-17\exchange=NSE\symbol=JUNIORBEES\part-092153_734411-045618.parquet,35406,downloaded,35406,
2026-07-17,NSE,JUNIORBEES,raw_l2/trade_date=2026-07-17/exchange=NSE/symbol=JUNIORBEES/part-092110_407597-045522.parquet,real_data_sample\l2_unseen_validation\trade_date=2026-07-17\exchange=NSE\symbol=JUNIORBEES\part-092110_407597-045522.parquet,35553,downloaded,35553,
2026-07-17,NSE,JUNIORBEES,raw_l2/trade_date=2026-07-17/exchange=NSE/symbol=JUNIORBEES/part-092124_744537-045554.parquet,real_data_sample\l2_unseen_validation\trade_date=2026-07-17\exchange=NSE\symbol=JUNIORBEES\part-092124_744537-045554.parquet,35362,downloaded,35362,
2026-07-17,NSE,JUNIORBEES,raw_l2/trade_date=2026-07-17/exchange=NSE/symbol=JUNIORBEES/part-092236_524199-045714.parquet,real_data_sample\l2_unseen_validation\trade_date=2026-07-17\exchange=NSE\symbol=JUNIORBEES\part-092236_524199-045714.parquet,34560,downloaded,34560,
2026-07-17,NSE,JUNIORBEES,raw_l2/trade_date=2026-07-17/exchange=NSE/symbol=JUNIORBEES/part-092305_219331-045778.parquet,real_data_sample\l2_unseen_validation\trade_date=2026-07-17\exchange=NSE\symbol=JUNIORBEES\part-092305_219331-045778.parquet,34445,downloaded,34445,
2026-07-17,NSE,JUNIORBEES,raw_l2/trade_date=2026-07-17/exchange=NSE/symbol=JUNIORBEES/part-092545_412187-046130.parquet,real_data_sample\l2_unseen_validation\trade_date=2026-07-17\exchange=NSE\symbol=JUNIORBEES\part-092545_412187-046130.parquet,35295,downloaded,35295,
2026-07-17,NSE,JUNIORBEES,raw_l2/trade_date=2026-07-17/exchange=NSE/symbol=JUNIORBEES/part-092250_960340-045746.parquet,real_data_sample\l2_unseen_validation\trade_date=2026-07-17\exchange=NSE\symbol=JUNIORBEES\part-092250_960340-045746.parquet,34583,downloaded,34583,
2026-07-17,NSE,JUNIORBEES,raw_l2/trade_date=2026-07-17/exchange=NSE/symbol=JUNIORBEES/part-092644_409050-046258.parquet,real_data_sample\l2_unseen_validation\trade_date=2026-07-17\exchange=NSE\symbol=JUNIORBEES\part-092644_409050-046258.parquet,35325,downloaded,35325,
2026-07-17,NSE,JUNIORBEES,raw_l2/trade_date=2026-07-17/exchange=NSE/symbol=JUNIORBEES/part-092727_277479-046354.parquet,real_data_sample\l2_unseen_validation\trade_date=2026-07-17\exchange=NSE\symbol=JUNIORBEES\part-092727_277479-046354.parquet,35288,downloaded,35288,
2026-07-17,NSE,JUNIORBEES,raw_l2/trade_date=2026-07-17/exchange=NSE/symbol=JUNIORBEES/part-092432_694851-045970.parquet,real_data_sample\l2_unseen_validation\trade_date=2026-07-17\exchange=NSE\symbol=JUNIORBEES\part-092432_694851-045970.parquet,35340,downloaded,35340,
2026-07-17,NSE,JUNIORBEES,raw_l2/trade_date=2026-07-17/exchange=NSE/symbol=JUNIORBEES/part-092403_470899-045906.parquet,real_data_sample\l2_unseen_validation\trade_date=2026-07-17\exchange=NSE\symbol=JUNIORBEES\part-092403_470899-045906.parquet,34640,downloaded,34640,
2026-07-17,NSE,JUNIORBEES,raw_l2/trade_date=2026-07-17/exchange=NSE/symbol=JUNIORBEES/part-092516_229167-046066.parquet,real_data_sample\l2_unseen_validation\trade_date=2026-07-17\exchange=NSE\symbol=JUNIORBEES\part-092516_229167-046066.parquet,35016,downloaded,35016,
2026-07-17,NSE,JUNIORBEES,raw_l2/trade_date=2026-07-17/exchange=NSE/symbol=JUNIORBEES/part-092501_537499-046034.parquet,real_data_sample\l2_unseen_validation\trade_date=2026-07-17\exchange=NSE\symbol=JUNIORBEES\part-092501_537499-046034.parquet,35277,downloaded,35277,
2026-07-17,NSE,JUNIORBEES,raw_l2/trade_date=2026-07-17/exchange=NSE/symbol=JUNIORBEES/part-092614_748950-046194.parquet,real_data_sample\l2_unseen_validation\trade_date=2026-07-17\exchange=NSE\symbol=JUNIORBEES\part-092614_748950-046194.parquet,35481,downloaded,35481,
2026-07-17,NSE,JUNIORBEES,raw_l2/trade_date=2026-07-17/exchange=NSE/symbol=JUNIORBEES/part-092530_721986-046098.parquet,real_data_sample\l2_unseen_validation\trade_date=2026-07-17\exchange=NSE\symbol=JUNIORBEES\part-092530_721986-046098.parquet,35207,downloaded,35207,
2026-07-17,NSE,JUNIORBEES,raw_l2/trade_date=2026-07-17/exchange=NSE/symbol=JUNIORBEES/part-092349_030391-045874.parquet,real_data_sample\l2_unseen_validation\trade_date=2026-07-17\exchange=NSE\symbol=JUNIORBEES\part-092349_030391-045874.parquet,34698,downloaded,34698,
2026-07-17,NSE,JUNIORBEES,raw_l2/trade_date=2026-07-17/exchange=NSE/symbol=JUNIORBEES/part-092334_674531-045842.parquet,real_data_sample\l2_unseen_validation\trade_date=2026-07-17\exchange=NSE\symbol=JUNIORBEES\part-092334_674531-045842.parquet,34486,downloaded,34486,
2026-07-17,NSE,JUNIORBEES,raw_l2/trade_date=2026-07-17/exchange=NSE/symbol=JUNIORBEES/part-092658_665543-046290.parquet,real_data_sample\l2_unseen_validation\trade_date=2026-07-17\exchange=NSE\symbol=JUNIORBEES\part-092658_665543-046290.parquet,35124,downloaded,35124,
2026-07-17,NSE,JUNIORBEES,raw_l2/trade_date=2026-07-17/exchange=NSE/symbol=JUNIORBEES/part-092418_029818-045938.parquet,real_data_sample\l2_unseen_validation\trade_date=2026-07-17\exchange=NSE\symbol=JUNIORBEES\part-092418_029818-045938.parquet,34967,downloaded,34967,
2026-07-17,NSE,JUNIORBEES,raw_l2/trade_date=2026-07-17/exchange=NSE/symbol=JUNIORBEES/part-092825_075564-046482.parquet,real_data_sample\l2_unseen_validation\trade_date=2026-07-17\exchange=NSE\symbol=JUNIORBEES\part-092825_075564-046482.parquet,35477,downloaded,35477,
2026-07-17,NSE,JUNIORBEES,raw_l2/trade_date=2026-07-17/exchange=NSE/symbol=JUNIORBEES/part-092446_892997-046002.parquet,real_data_sample\l2_unseen_validation\trade_date=2026-07-17\exchange=NSE\symbol=JUNIORBEES\part-092446_892997-046002.parquet,35064,downloaded,35064,
2026-07-17,NSE,JUNIORBEES,raw_l2/trade_date=2026-07-17/exchange=NSE/symbol=JUNIORBEES/part-092207_923554-045650.parquet,real_data_sample\l2_unseen_validation\trade_date=2026-07-17\exchange=NSE\symbol=JUNIORBEES\part-092207_923554-045650.parquet,35701,downloaded,35701,
2026-07-17,NSE,JUNIORBEES,raw_l2/trade_date=2026-07-17/exchange=NSE/symbol=JUNIORBEES/part-092222_217490-045682.parquet,real_data_sample\l2_unseen_validation\trade_date=2026-07-17\exchange=NSE\symbol=JUNIORBEES\part-092222_217490-045682.parquet,34708,downloaded,34708,
2026-07-17,NSE,JUNIORBEES,raw_l2/trade_date=2026-07-17/exchange=NSE/symbol=JUNIORBEES/part-092741_847147-046386.parquet,real_data_sample\l2_unseen_validation\trade_date=2026-07-17\exchange=NSE\symbol=JUNIORBEES\part-092741_847147-046386.parquet,35306,downloaded,35306,
2026-07-17,NSE,JUNIORBEES,raw_l2/trade_date=2026-07-17/exchange=NSE/symbol=JUNIORBEES/part-092629_383843-046226.parquet,real_data_sample\l2_unseen_validation\trade_date=2026-07-17\exchange=NSE\symbol=JUNIORBEES\part-092629_383843-046226.parquet,35320,downloaded,35320,
2026-07-17,NSE,JUNIORBEES,raw_l2/trade_date=2026-07-17/exchange=NSE/symbol=JUNIORBEES/part-092319_972634-045810.parquet,real_data_sample\l2_unseen_validation\trade_date=2026-07-17\exchange=NSE\symbol=JUNIORBEES\part-092319_972634-045810.parquet,34478,downloaded,34478,
2026-07-17,NSE,JUNIORBEES,raw_l2/trade_date=2026-07-17/exchange=NSE/symbol=JUNIORBEES/part-092600_005331-046162.parquet,real_data_sample\l2_unseen_validation\trade_date=2026-07-17\exchange=NSE\symbol=JUNIORBEES\part-092600_005331-046162.parquet,35353,downloaded,35353,
2026-07-17,NSE,JUNIORBEES,raw_l2/trade_date=2026-07-17/exchange=NSE/symbol=JUNIORBEES/part-092810_572063-046450.parquet,real_data_sample\l2_unseen_validation\trade_date=2026-07-17\exchange=NSE\symbol=JUNIORBEES\part-092810_572063-046450.parquet,35384,downloaded,35384,
2026-07-17,NSE,JUNIORBEES,raw_l2/trade_date=2026-07-17/exchange=NSE/symbol=JUNIORBEES/part-092756_241553-046418.parquet,real_data_sample\l2_unseen_validation\trade_date=2026-07-17\exchange=NSE\symbol=JUNIORBEES\part-092756_241553-046418.parquet,35048,downloaded,35048,
2026-07-17,NSE,JUNIORBEES,raw_l2/trade_date=2026-07-17/exchange=NSE/symbol=JUNIORBEES/part-092712_955052-046322.parquet,real_data_sample\l2_unseen_validation\trade_date=2026-07-17\exchange=NSE\symbol=JUNIORBEES\part-092712_955052-046322.parquet,35123,downloaded,35123,
2026-07-17,NSE,JUNIORBEES,raw_l2/trade_date=2026-07-17/exchange=NSE/symbol=JUNIORBEES/part-092839_583934-046514.parquet,real_data_sample\l2_unseen_validation\trade_date=2026-07-17\exchange=NSE\symbol=JUNIORBEES\part-092839_583934-046514.parquet,35100,downloaded,35100,
2026-07-17,NSE,JUNIORBEES,raw_l2/trade_date=2026-07-17/exchange=NSE/symbol=JUNIORBEES/part-092853_943287-046546.parquet,real_data_sample\l2_unseen_validation\trade_date=2026-07-17\exchange=NSE\symbol=JUNIORBEES\part-092853_943287-046546.parquet,35491,downloaded,35491,
2026-07-17,NSE,JUNIORBEES,raw_l2/trade_date=2026-07-17/exchange=NSE/symbol=JUNIORBEES/part-093021_853810-046738.parquet,real_data_sample\l2_unseen_validation\trade_date=2026-07-17\exchange=NSE\symbol=JUNIORBEES\part-093021_853810-046738.parquet,35313,downloaded,35313,
2026-07-17,NSE,JUNIORBEES,raw_l2/trade_date=2026-07-17/exchange=NSE/symbol=JUNIORBEES/part-093133_531234-046898.parquet,real_data_sample\l2_unseen_validation\trade_date=2026-07-17\exchange=NSE\symbol=JUNIORBEES\part-093133_531234-046898.parquet,35570,downloaded,35570,
2026-07-17,NSE,JUNIORBEES,raw_l2/trade_date=2026-07-17/exchange=NSE/symbol=JUNIORBEES/part-093036_433350-046770.parquet,real_data_sample\l2_unseen_validation\trade_date=2026-07-17\exchange=NSE\symbol=JUNIORBEES\part-093036_433350-046770.parquet,35299,downloaded,35299,
2026-07-17,NSE,JUNIORBEES,raw_l2/trade_date=2026-07-17/exchange=NSE/symbol=JUNIORBEES/part-093050_754786-046802.parquet,real_data_sample\l2_unseen_validation\trade_date=2026-07-17\exchange=NSE\symbol=JUNIORBEES\part-093050_754786-046802.parquet,35363,downloaded,35363,
2026-07-17,NSE,JUNIORBEES,raw_l2/trade_date=2026-07-17/exchange=NSE/symbol=JUNIORBEES/part-092908_682242-046578.parquet,real_data_sample\l2_unseen_validation\trade_date=2026-07-17\exchange=NSE\symbol=JUNIORBEES\part-092908_682242-046578.parquet,35514,downloaded,35514,
2026-07-17,NSE,JUNIORBEES,raw_l2/trade_date=2026-07-17/exchange=NSE/symbol=JUNIORBEES/part-093104_930266-046834.parquet,real_data_sample\l2_unseen_validation\trade_date=2026-07-17\exchange=NSE\symbol=JUNIORBEES\part-093104_930266-046834.parquet,35469,downloaded,35469,
2026-07-17,NSE,JUNIORBEES,raw_l2/trade_date=2026-07-17/exchange=NSE/symbol=JUNIORBEES/part-093202_379963-046962.parquet,real_data_sample\l2_unseen_validation\trade_date=2026-07-17\exchange=NSE\symbol=JUNIORBEES\part-093202_379963-046962.parquet,35563,downloaded,35563,
2026-07-17,NSE,JUNIORBEES,raw_l2/trade_date=2026-07-17/exchange=NSE/symbol=JUNIORBEES/part-093244_741659-047058.parquet,real_data_sample\l2_unseen_validation\trade_date=2026-07-17\exchange=NSE\symbol=JUNIORBEES\part-093244_741659-047058.parquet,35579,downloaded,35579,
2026-07-17,NSE,JUNIORBEES,raw_l2/trade_date=2026-07-17/exchange=NSE/symbol=JUNIORBEES/part-093216_278342-046994.parquet,real_data_sample\l2_unseen_validation\trade_date=2026-07-17\exchange=NSE\symbol=JUNIORBEES\part-093216_278342-046994.parquet,35728,downloaded,35728,
2026-07-17,NSE,JUNIORBEES,raw_l2/trade_date=2026-07-17/exchange=NSE/symbol=JUNIORBEES/part-093506_263189-047378.parquet,real_data_sample\l2_unseen_validation\trade_date=2026-07-17\exchange=NSE\symbol=JUNIORBEES\part-093506_263189-047378.parquet,35408,downloaded,35408,
2026-07-17,NSE,JUNIORBEES,raw_l2/trade_date=2026-07-17/exchange=NSE/symbol=JUNIORBEES/part-093520_666381-047410.parquet,real_data_sample\l2_unseen_validation\trade_date=2026-07-17\exchange=NSE\symbol=JUNIORBEES\part-093520_666381-047410.parquet,35186,downloaded,35186,
2026-07-17,NSE,JUNIORBEES,raw_l2/trade_date=2026-07-17/exchange=NSE/symbol=JUNIORBEES/part-093423_595768-047282.parquet,real_data_sample\l2_unseen_validation\trade_date=2026-07-17\exchange=NSE\symbol=JUNIORBEES\part-093423_595768-047282.parquet,35036,downloaded,35036,
2026-07-17,NSE,JUNIORBEES,raw_l2/trade_date=2026-07-17/exchange=NSE/symbol=JUNIORBEES/part-093341_387188-047186.parquet,real_data_sample\l2_unseen_validation\trade_date=2026-07-17\exchange=NSE\symbol=JUNIORBEES\part-093341_387188-047186.parquet,34970,downloaded,34970,
2026-07-17,NSE,JUNIORBEES,raw_l2/trade_date=2026-07-17/exchange=NSE/symbol=JUNIORBEES/part-093258_828804-047090.parquet,real_data_sample\l2_unseen_validation\trade_date=2026-07-17\exchange=NSE\symbol=JUNIORBEES\part-093258_828804-047090.parquet,35687,downloaded,35687,
2026-07-17,NSE,JUNIORBEES,raw_l2/trade_date=2026-07-17/exchange=NSE/symbol=JUNIORBEES/part-093230_326193-047026.parquet,real_data_sample\l2_unseen_validation\trade_date=2026-07-17\exchange=NSE\symbol=JUNIORBEES\part-093230_326193-047026.parquet,35271,downloaded,35271,
2026-07-17,NSE,JUNIORBEES,raw_l2/trade_date=2026-07-17/exchange=NSE/symbol=JUNIORBEES/part-093119_382981-046866.parquet,real_data_sample\l2_unseen_validation\trade_date=2026-07-17\exchange=NSE\symbol=JUNIORBEES\part-093119_382981-046866.parquet,35258,downloaded,35258,
2026-07-17,NSE,JUNIORBEES,raw_l2/trade_date=2026-07-17/exchange=NSE/symbol=JUNIORBEES/part-092923_318731-046610.parquet,real_data_sample\l2_unseen_validation\trade_date=2026-07-17\exchange=NSE\symbol=JUNIORBEES\part-092923_318731-046610.parquet,35349,downloaded,35349,
2026-07-17,NSE,JUNIORBEES,raw_l2/trade_date=2026-07-17/exchange=NSE/symbol=JUNIORBEES/part-093437_684036-047314.parquet,real_data_sample\l2_unseen_validation\trade_date=2026-07-17\exchange=NSE\symbol=JUNIORBEES\part-093437_684036-047314.parquet,35421,downloaded,35421,
2026-07-17,NSE,JUNIORBEES,raw_l2/trade_date=2026-07-17/exchange=NSE/symbol=JUNIORBEES/part-093147_934761-046930.parquet,real_data_sample\l2_unseen_validation\trade_date=2026-07-17\exchange=NSE\symbol=JUNIORBEES\part-093147_934761-046930.parquet,35308,downloaded,35308,
2026-07-17,NSE,JUNIORBEES,raw_l2/trade_date=2026-07-17/exchange=NSE/symbol=JUNIORBEES/part-092937_805759-046642.parquet,real_data_sample\l2_unseen_validation\trade_date=2026-07-17\exchange=NSE\symbol=JUNIORBEES\part-092937_805759-046642.parquet,35380,downloaded,35380,
2026-07-17,NSE,JUNIORBEES,raw_l2/trade_date=2026-07-17/exchange=NSE/symbol=JUNIORBEES/part-093313_074742-047122.parquet,real_data_sample\l2_unseen_validation\trade_date=2026-07-17\exchange=NSE\symbol=JUNIORBEES\part-093313_074742-047122.parquet,35370,downloaded,35370,
2026-07-17,NSE,JUNIORBEES,raw_l2/trade_date=2026-07-17/exchange=NSE/symbol=JUNIORBEES/part-092952_513901-046674.parquet,real_data_sample\l2_unseen_validation\trade_date=2026-07-17\exchange=NSE\symbol=JUNIORBEES\part-092952_513901-046674.parquet,35444,downloaded,35444,
2026-07-17,NSE,JUNIORBEES,raw_l2/trade_date=2026-07-17/exchange=NSE/symbol=JUNIORBEES/part-093007_243574-046706.parquet,real_data_sample\l2_unseen_validation\trade_date=2026-07-17\exchange=NSE\symbol=JUNIORBEES\part-093007_243574-046706.parquet,35562,downloaded,35562,
2026-07-17,NSE,JUNIORBEES,raw_l2/trade_date=2026-07-17/exchange=NSE/symbol=JUNIORBEES/part-093549_189791-047474.parquet,real_data_sample\l2_unseen_validation\trade_date=2026-07-17\exchange=NSE\symbol=JUNIORBEES\part-093549_189791-047474.parquet,35347,downloaded,35347,
2026-07-17,NSE,JUNIORBEES,raw_l2/trade_date=2026-07-17/exchange=NSE/symbol=JUNIORBEES/part-093409_586663-047250.parquet,real_data_sample\l2_unseen_validation\trade_date=2026-07-17\exchange=NSE\symbol=JUNIORBEES\part-093409_586663-047250.parquet,35027,downloaded,35027,
2026-07-17,NSE,JUNIORBEES,raw_l2/trade_date=2026-07-17/exchange=NSE/symbol=JUNIORBEES/part-093451_883347-047346.parquet,real_data_sample\l2_unseen_validation\trade_date=2026-07-17\exchange=NSE\symbol=JUNIORBEES\part-093451_883347-047346.parquet,35272,downloaded,35272,
2026-07-17,NSE,JUNIORBEES,raw_l2/trade_date=2026-07-17/exchange=NSE/symbol=JUNIORBEES/part-093327_337755-047154.parquet,real_data_sample\l2_unseen_validation\trade_date=2026-07-17\exchange=NSE\symbol=JUNIORBEES\part-093327_337755-047154.parquet,35399,downloaded,35399,
2026-07-17,NSE,JUNIORBEES,raw_l2/trade_date=2026-07-17/exchange=NSE/symbol=JUNIORBEES/part-093603_698366-047506.parquet,real_data_sample\l2_unseen_validation\trade_date=2026-07-17\exchange=NSE\symbol=JUNIORBEES\part-093603_698366-047506.parquet,35096,downloaded,35096,
2026-07-17,NSE,JUNIORBEES,raw_l2/trade_date=2026-07-17/exchange=NSE/symbol=JUNIORBEES/part-093534_946011-047442.parquet,real_data_sample\l2_unseen_validation\trade_date=2026-07-17\exchange=NSE\symbol=JUNIORBEES\part-093534_946011-047442.parquet,35308,downloaded,35308,
2026-07-17,NSE,JUNIORBEES,raw_l2/trade_date=2026-07-17/exchange=NSE/symbol=JUNIORBEES/part-093355_508183-047218.parquet,real_data_sample\l2_unseen_validation\trade_date=2026-07-17\exchange=NSE\symbol=JUNIORBEES\part-093355_508183-047218.parquet,35297,downloaded,35297,
2026-07-17,NSE,JUNIORBEES,raw_l2/trade_date=2026-07-17/exchange=NSE/symbol=JUNIORBEES/part-093618_148858-047538.parquet,real_data_sample\l2_unseen_validation\trade_date=2026-07-17\exchange=NSE\symbol=JUNIORBEES\part-093618_148858-047538.parquet,35338,downloaded,35338,
2026-07-17,NSE,JUNIORBEES,raw_l2/trade_date=2026-07-17/exchange=NSE/symbol=JUNIORBEES/part-093632_359214-047570.parquet,real_data_sample\l2_unseen_validation\trade_date=2026-07-17\exchange=NSE\symbol=JUNIORBEES\part-093632_359214-047570.parquet,35130,downloaded,35130,
2026-07-17,NSE,JUNIORBEES,raw_l2/trade_date=2026-07-17/exchange=NSE/symbol=JUNIORBEES/part-093853_339784-047890.parquet,real_data_sample\l2_unseen_validation\trade_date=2026-07-17\exchange=NSE\symbol=JUNIORBEES\part-093853_339784-047890.parquet,35359,downloaded,35359,
2026-07-17,NSE,JUNIORBEES,raw_l2/trade_date=2026-07-17/exchange=NSE/symbol=JUNIORBEES/part-093700_549430-047634.parquet,real_data_sample\l2_unseen_validation\trade_date=2026-07-17\exchange=NSE\symbol=JUNIORBEES\part-093700_549430-047634.parquet,35289,downloaded,35289,
2026-07-17,NSE,JUNIORBEES,raw_l2/trade_date=2026-07-17/exchange=NSE/symbol=JUNIORBEES/part-093907_780143-047922.parquet,real_data_sample\l2_unseen_validation\trade_date=2026-07-17\exchange=NSE\symbol=JUNIORBEES\part-093907_780143-047922.parquet,35506,downloaded,35506,
2026-07-17,NSE,JUNIORBEES,raw_l2/trade_date=2026-07-17/exchange=NSE/symbol=JUNIORBEES/part-093714_607441-047666.parquet,real_data_sample\l2_unseen_validation\trade_date=2026-07-17\exchange=NSE\symbol=JUNIORBEES\part-093714_607441-047666.parquet,35009,downloaded,35009,
2026-07-17,NSE,JUNIORBEES,raw_l2/trade_date=2026-07-17/exchange=NSE/symbol=JUNIORBEES/part-093951_082080-048018.parquet,real_data_sample\l2_unseen_validation\trade_date=2026-07-17\exchange=NSE\symbol=JUNIORBEES\part-093951_082080-048018.parquet,35205,downloaded,35205,
2026-07-17,NSE,JUNIORBEES,raw_l2/trade_date=2026-07-17/exchange=NSE/symbol=JUNIORBEES/part-093810_738626-047794.parquet,real_data_sample\l2_unseen_validation\trade_date=2026-07-17\exchange=NSE\symbol=JUNIORBEES\part-093810_738626-047794.parquet,35555,downloaded,35555,
2026-07-17,NSE,JUNIORBEES,raw_l2/trade_date=2026-07-17/exchange=NSE/symbol=JUNIORBEES/part-093922_401471-047954.parquet,real_data_sample\l2_unseen_validation\trade_date=2026-07-17\exchange=NSE\symbol=JUNIORBEES\part-093922_401471-047954.parquet,35311,downloaded,35311,
2026-07-17,NSE,JUNIORBEES,raw_l2/trade_date=2026-07-17/exchange=NSE/symbol=JUNIORBEES/part-094005_353053-048050.parquet,real_data_sample\l2_unseen_validation\trade_date=2026-07-17\exchange=NSE\symbol=JUNIORBEES\part-094005_353053-048050.parquet,35032,downloaded,35032,
2026-07-17,NSE,JUNIORBEES,raw_l2/trade_date=2026-07-17/exchange=NSE/symbol=JUNIORBEES/part-094033_984827-048114.parquet,real_data_sample\l2_unseen_validation\trade_date=2026-07-17\exchange=NSE\symbol=JUNIORBEES\part-094033_984827-048114.parquet,35045,downloaded,35045,
2026-07-17,NSE,JUNIORBEES,raw_l2/trade_date=2026-07-17/exchange=NSE/symbol=JUNIORBEES/part-093646_514841-047602.parquet,real_data_sample\l2_unseen_validation\trade_date=2026-07-17\exchange=NSE\symbol=JUNIORBEES\part-093646_514841-047602.parquet,35169,downloaded,35169,
2026-07-17,NSE,JUNIORBEES,raw_l2/trade_date=2026-07-17/exchange=NSE/symbol=JUNIORBEES/part-093936_591302-047986.parquet,real_data_sample\l2_unseen_validation\trade_date=2026-07-17\exchange=NSE\symbol=JUNIORBEES\part-093936_591302-047986.parquet,35029,downloaded,35029,
2026-07-17,NSE,JUNIORBEES,raw_l2/trade_date=2026-07-17/exchange=NSE/symbol=JUNIORBEES/part-094116_969194-048210.parquet,real_data_sample\l2_unseen_validation\trade_date=2026-07-17\exchange=NSE\symbol=JUNIORBEES\part-094116_969194-048210.parquet,35353,downloaded,35353,
2026-07-17,NSE,JUNIORBEES,raw_l2/trade_date=2026-07-17/exchange=NSE/symbol=JUNIORBEES/part-094145_863371-048274.parquet,real_data_sample\l2_unseen_validation\trade_date=2026-07-17\exchange=NSE\symbol=JUNIORBEES\part-094145_863371-048274.parquet,35622,downloaded,35622,
2026-07-17,NSE,JUNIORBEES,raw_l2/trade_date=2026-07-17/exchange=NSE/symbol=JUNIORBEES/part-094102_557772-048178.parquet,real_data_sample\l2_unseen_validation\trade_date=2026-07-17\exchange=NSE\symbol=JUNIORBEES\part-094102_557772-048178.parquet,35593,downloaded,35593,
2026-07-17,NSE,JUNIORBEES,raw_l2/trade_date=2026-07-17/exchange=NSE/symbol=JUNIORBEES/part-094131_374387-048242.parquet,real_data_sample\l2_unseen_validation\trade_date=2026-07-17\exchange=NSE\symbol=JUNIORBEES\part-094131_374387-048242.parquet,35416,downloaded,35416,
2026-07-17,NSE,JUNIORBEES,raw_l2/trade_date=2026-07-17/exchange=NSE/symbol=JUNIORBEES/part-094229_111027-048370.parquet,real_data_sample\l2_unseen_validation\trade_date=2026-07-17\exchange=NSE\symbol=JUNIORBEES\part-094229_111027-048370.parquet,35188,downloaded,35188,
2026-07-17,NSE,JUNIORBEES,raw_l2/trade_date=2026-07-17/exchange=NSE/symbol=JUNIORBEES/part-094019_577443-048082.parquet,real_data_sample\l2_unseen_validation\trade_date=2026-07-17\exchange=NSE\symbol=JUNIORBEES\part-094019_577443-048082.parquet,35071,downloaded,35071,
2026-07-17,NSE,JUNIORBEES,raw_l2/trade_date=2026-07-17/exchange=NSE/symbol=JUNIORBEES/part-094048_217504-048146.parquet,real_data_sample\l2_unseen_validation\trade_date=2026-07-17\exchange=NSE\symbol=JUNIORBEES\part-094048_217504-048146.parquet,35468,downloaded,35468,
2026-07-17,NSE,JUNIORBEES,raw_l2/trade_date=2026-07-17/exchange=NSE/symbol=JUNIORBEES/part-093824_922784-047826.parquet,real_data_sample\l2_unseen_validation\trade_date=2026-07-17\exchange=NSE\symbol=JUNIORBEES\part-093824_922784-047826.parquet,35539,downloaded,35539,
2026-07-17,NSE,JUNIORBEES,raw_l2/trade_date=2026-07-17/exchange=NSE/symbol=JUNIORBEES/part-093742_470969-047730.parquet,real_data_sample\l2_unseen_validation\trade_date=2026-07-17\exchange=NSE\symbol=JUNIORBEES\part-093742_470969-047730.parquet,35325,downloaded,35325,
2026-07-17,NSE,JUNIORBEES,raw_l2/trade_date=2026-07-17/exchange=NSE/symbol=JUNIORBEES/part-094200_262796-048306.parquet,real_data_sample\l2_unseen_validation\trade_date=2026-07-17\exchange=NSE\symbol=JUNIORBEES\part-094200_262796-048306.parquet,35308,downloaded,35308,
2026-07-17,NSE,JUNIORBEES,raw_l2/trade_date=2026-07-17/exchange=NSE/symbol=JUNIORBEES/part-094257_594300-048434.parquet,real_data_sample\l2_unseen_validation\trade_date=2026-07-17\exchange=NSE\symbol=JUNIORBEES\part-094257_594300-048434.parquet,35326,downloaded,35326,
2026-07-17,NSE,JUNIORBEES,raw_l2/trade_date=2026-07-17/exchange=NSE/symbol=JUNIORBEES/part-093839_155336-047858.parquet,real_data_sample\l2_unseen_validation\trade_date=2026-07-17\exchange=NSE\symbol=JUNIORBEES\part-093839_155336-047858.parquet,35490,downloaded,35490,
2026-07-17,NSE,JUNIORBEES,raw_l2/trade_date=2026-07-17/exchange=NSE/symbol=JUNIORBEES/part-094340_255734-048530.parquet,real_data_sample\l2_unseen_validation\trade_date=2026-07-17\exchange=NSE\symbol=JUNIORBEES\part-094340_255734-048530.parquet,34933,downloaded,34933,
2026-07-17,NSE,JUNIORBEES,raw_l2/trade_date=2026-07-17/exchange=NSE/symbol=JUNIORBEES/part-093756_616937-047762.parquet,real_data_sample\l2_unseen_validation\trade_date=2026-07-17\exchange=NSE\symbol=JUNIORBEES\part-093756_616937-047762.parquet,35318,downloaded,35318,
2026-07-17,NSE,JUNIORBEES,raw_l2/trade_date=2026-07-17/exchange=NSE/symbol=JUNIORBEES/part-093728_447876-047698.parquet,real_data_sample\l2_unseen_validation\trade_date=2026-07-17\exchange=NSE\symbol=JUNIORBEES\part-093728_447876-047698.parquet,35104,downloaded,35104,
2026-07-17,NSE,JUNIORBEES,raw_l2/trade_date=2026-07-17/exchange=NSE/symbol=JUNIORBEES/part-094243_414955-048402.parquet,real_data_sample\l2_unseen_validation\trade_date=2026-07-17\exchange=NSE\symbol=JUNIORBEES\part-094243_414955-048402.parquet,35124,downloaded,35124,
2026-07-17,NSE,JUNIORBEES,raw_l2/trade_date=2026-07-17/exchange=NSE/symbol=JUNIORBEES/part-094311_629249-048466.parquet,real_data_sample\l2_unseen_validation\trade_date=2026-07-17\exchange=NSE\symbol=JUNIORBEES\part-094311_629249-048466.parquet,34882,downloaded,34882,
2026-07-17,NSE,JUNIORBEES,raw_l2/trade_date=2026-07-17/exchange=NSE/symbol=JUNIORBEES/part-094325_988030-048498.parquet,real_data_sample\l2_unseen_validation\trade_date=2026-07-17\exchange=NSE\symbol=JUNIORBEES\part-094325_988030-048498.parquet,34848,downloaded,34848,
2026-07-17,NSE,JUNIORBEES,raw_l2/trade_date=2026-07-17/exchange=NSE/symbol=JUNIORBEES/part-094214_653365-048338.parquet,real_data_sample\l2_unseen_validation\trade_date=2026-07-17\exchange=NSE\symbol=JUNIORBEES\part-094214_653365-048338.parquet,35081,downloaded,35081,
2026-07-17,NSE,JUNIORBEES,raw_l2/trade_date=2026-07-17/exchange=NSE/symbol=JUNIORBEES/part-094354_778176-048562.parquet,real_data_sample\l2_unseen_validation\trade_date=2026-07-17\exchange=NSE\symbol=JUNIORBEES\part-094354_778176-048562.parquet,34981,downloaded,34981,
2026-07-17,NSE,JUNIORBEES,raw_l2/trade_date=2026-07-17/exchange=NSE/symbol=JUNIORBEES/part-094409_234218-048594.parquet,real_data_sample\l2_unseen_validation\trade_date=2026-07-17\exchange=NSE\symbol=JUNIORBEES\part-094409_234218-048594.parquet,34830,downloaded,34830,
2026-07-17,NSE,JUNIORBEES,raw_l2/trade_date=2026-07-17/exchange=NSE/symbol=JUNIORBEES/part-094452_143993-048690.parquet,real_data_sample\l2_unseen_validation\trade_date=2026-07-17\exchange=NSE\symbol=JUNIORBEES\part-094452_143993-048690.parquet,34442,downloaded,34442,
2026-07-17,NSE,JUNIORBEES,raw_l2/trade_date=2026-07-17/exchange=NSE/symbol=JUNIORBEES/part-094423_498112-048626.parquet,real_data_sample\l2_unseen_validation\trade_date=2026-07-17\exchange=NSE\symbol=JUNIORBEES\part-094423_498112-048626.parquet,34377,downloaded,34377,
2026-07-17,NSE,JUNIORBEES,raw_l2/trade_date=2026-07-17/exchange=NSE/symbol=JUNIORBEES/part-094520_550272-048754.parquet,real_data_sample\l2_unseen_validation\trade_date=2026-07-17\exchange=NSE\symbol=JUNIORBEES\part-094520_550272-048754.parquet,34181,downloaded,34181,
2026-07-17,NSE,JUNIORBEES,raw_l2/trade_date=2026-07-17/exchange=NSE/symbol=JUNIORBEES/part-094437_810488-048658.parquet,real_data_sample\l2_unseen_validation\trade_date=2026-07-17\exchange=NSE\symbol=JUNIORBEES\part-094437_810488-048658.parquet,34485,downloaded,34485,
2026-07-17,NSE,JUNIORBEES,raw_l2/trade_date=2026-07-17/exchange=NSE/symbol=JUNIORBEES/part-094506_358719-048722.parquet,real_data_sample\l2_unseen_validation\trade_date=2026-07-17\exchange=NSE\symbol=JUNIORBEES\part-094506_358719-048722.parquet,34403,downloaded,34403,
2026-07-17,NSE,JUNIORBEES,raw_l2/trade_date=2026-07-17/exchange=NSE/symbol=JUNIORBEES/part-095158_473005-049650.parquet,real_data_sample\l2_unseen_validation\trade_date=2026-07-17\exchange=NSE\symbol=JUNIORBEES\part-095158_473005-049650.parquet,35270,downloaded,35270,
2026-07-17,NSE,JUNIORBEES,raw_l2/trade_date=2026-07-17/exchange=NSE/symbol=JUNIORBEES/part-095241_133642-049746.parquet,real_data_sample\l2_unseen_validation\trade_date=2026-07-17\exchange=NSE\symbol=JUNIORBEES\part-095241_133642-049746.parquet,34432,downloaded,34432,
2026-07-17,NSE,JUNIORBEES,raw_l2/trade_date=2026-07-17/exchange=NSE/symbol=JUNIORBEES/part-094839_992366-049202.parquet,real_data_sample\l2_unseen_validation\trade_date=2026-07-17\exchange=NSE\symbol=JUNIORBEES\part-094839_992366-049202.parquet,35376,downloaded,35376,
2026-07-17,NSE,JUNIORBEES,raw_l2/trade_date=2026-07-17/exchange=NSE/symbol=JUNIORBEES/part-095130_458796-049586.parquet,real_data_sample\l2_unseen_validation\trade_date=2026-07-17\exchange=NSE\symbol=JUNIORBEES\part-095130_458796-049586.parquet,35366,downloaded,35366,
2026-07-17,NSE,JUNIORBEES,raw_l2/trade_date=2026-07-17/exchange=NSE/symbol=JUNIORBEES/part-094700_188427-048978.parquet,real_data_sample\l2_unseen_validation\trade_date=2026-07-17\exchange=NSE\symbol=JUNIORBEES\part-094700_188427-048978.parquet,34526,downloaded,34526,
2026-07-17,NSE,JUNIORBEES,raw_l2/trade_date=2026-07-17/exchange=NSE/symbol=JUNIORBEES/part-095144_583340-049618.parquet,real_data_sample\l2_unseen_validation\trade_date=2026-07-17\exchange=NSE\symbol=JUNIORBEES\part-095144_583340-049618.parquet,35282,downloaded,35282,
2026-07-17,NSE,JUNIORBEES,raw_l2/trade_date=2026-07-17/exchange=NSE/symbol=JUNIORBEES/part-095048_333585-049490.parquet,real_data_sample\l2_unseen_validation\trade_date=2026-07-17\exchange=NSE\symbol=JUNIORBEES\part-095048_333585-049490.parquet,34948,downloaded,34948,
2026-07-17,NSE,JUNIORBEES,raw_l2/trade_date=2026-07-17/exchange=NSE/symbol=JUNIORBEES/part-094825_618686-049170.parquet,real_data_sample\l2_unseen_validation\trade_date=2026-07-17\exchange=NSE\symbol=JUNIORBEES\part-094825_618686-049170.parquet,35636,downloaded,35636,
2026-07-17,NSE,JUNIORBEES,raw_l2/trade_date=2026-07-17/exchange=NSE/symbol=JUNIORBEES/part-094603_419511-048850.parquet,real_data_sample\l2_unseen_validation\trade_date=2026-07-17\exchange=NSE\symbol=JUNIORBEES\part-094603_419511-048850.parquet,34373,downloaded,34373,
2026-07-17,NSE,JUNIORBEES,raw_l2/trade_date=2026-07-17/exchange=NSE/symbol=JUNIORBEES/part-095102_359551-049522.parquet,real_data_sample\l2_unseen_validation\trade_date=2026-07-17\exchange=NSE\symbol=JUNIORBEES\part-095102_359551-049522.parquet,35333,downloaded,35333,
2026-07-17,NSE,JUNIORBEES,raw_l2/trade_date=2026-07-17/exchange=NSE/symbol=JUNIORBEES/part-095255_043212-049778.parquet,real_data_sample\l2_unseen_validation\trade_date=2026-07-17\exchange=NSE\symbol=JUNIORBEES\part-095255_043212-049778.parquet,34421,downloaded,34421,
2026-07-17,NSE,JUNIORBEES,raw_l2/trade_date=2026-07-17/exchange=NSE/symbol=JUNIORBEES/part-094548_990641-048818.parquet,real_data_sample\l2_unseen_validation\trade_date=2026-07-17\exchange=NSE\symbol=JUNIORBEES\part-094548_990641-048818.parquet,34381,downloaded,34381,
2026-07-17,NSE,JUNIORBEES,raw_l2/trade_date=2026-07-17/exchange=NSE/symbol=JUNIORBEES/part-094742_954482-049074.parquet,real_data_sample\l2_unseen_validation\trade_date=2026-07-17\exchange=NSE\symbol=JUNIORBEES\part-094742_954482-049074.parquet,35577,downloaded,35577,
2026-07-17,NSE,JUNIORBEES,raw_l2/trade_date=2026-07-17/exchange=NSE/symbol=JUNIORBEES/part-094757_369028-049106.parquet,real_data_sample\l2_unseen_validation\trade_date=2026-07-17\exchange=NSE\symbol=JUNIORBEES\part-094757_369028-049106.parquet,35266,downloaded,35266,
2026-07-17,NSE,JUNIORBEES,raw_l2/trade_date=2026-07-17/exchange=NSE/symbol=JUNIORBEES/part-094534_626462-048786.parquet,real_data_sample\l2_unseen_validation\trade_date=2026-07-17\exchange=NSE\symbol=JUNIORBEES\part-094534_626462-048786.parquet,34252,downloaded,34252,
2026-07-17,NSE,JUNIORBEES,raw_l2/trade_date=2026-07-17/exchange=NSE/symbol=JUNIORBEES/part-095116_508811-049554.parquet,real_data_sample\l2_unseen_validation\trade_date=2026-07-17\exchange=NSE\symbol=JUNIORBEES\part-095116_508811-049554.parquet,34902,downloaded,34902,
2026-07-17,NSE,JUNIORBEES,raw_l2/trade_date=2026-07-17/exchange=NSE/symbol=JUNIORBEES/part-094728_653086-049042.parquet,real_data_sample\l2_unseen_validation\trade_date=2026-07-17\exchange=NSE\symbol=JUNIORBEES\part-094728_653086-049042.parquet,35595,downloaded,35595,
2026-07-17,NSE,JUNIORBEES,raw_l2/trade_date=2026-07-17/exchange=NSE/symbol=JUNIORBEES/part-095227_073062-049714.parquet,real_data_sample\l2_unseen_validation\trade_date=2026-07-17\exchange=NSE\symbol=JUNIORBEES\part-095227_073062-049714.parquet,34424,downloaded,34424,
2026-07-17,NSE,JUNIORBEES,raw_l2/trade_date=2026-07-17/exchange=NSE/symbol=JUNIORBEES/part-095034_133536-049458.parquet,real_data_sample\l2_unseen_validation\trade_date=2026-07-17\exchange=NSE\symbol=JUNIORBEES\part-095034_133536-049458.parquet,35144,downloaded,35144,
2026-07-17,NSE,JUNIORBEES,raw_l2/trade_date=2026-07-17/exchange=NSE/symbol=JUNIORBEES/part-094617_799469-048882.parquet,real_data_sample\l2_unseen_validation\trade_date=2026-07-17\exchange=NSE\symbol=JUNIORBEES\part-094617_799469-048882.parquet,34565,downloaded,34565,
2026-07-17,NSE,JUNIORBEES,raw_l2/trade_date=2026-07-17/exchange=NSE/symbol=JUNIORBEES/part-095213_050392-049682.parquet,real_data_sample\l2_unseen_validation\trade_date=2026-07-17\exchange=NSE\symbol=JUNIORBEES\part-095213_050392-049682.parquet,35019,downloaded,35019,
2026-07-17,NSE,JUNIORBEES,raw_l2/trade_date=2026-07-17/exchange=NSE/symbol=JUNIORBEES/part-094811_562365-049138.parquet,real_data_sample\l2_unseen_validation\trade_date=2026-07-17\exchange=NSE\symbol=JUNIORBEES\part-094811_562365-049138.parquet,35432,downloaded,35432,
2026-07-17,NSE,JUNIORBEES,raw_l2/trade_date=2026-07-17/exchange=NSE/symbol=JUNIORBEES/part-094646_010325-048946.parquet,real_data_sample\l2_unseen_validation\trade_date=2026-07-17\exchange=NSE\symbol=JUNIORBEES\part-094646_010325-048946.parquet,34392,downloaded,34392,
2026-07-17,NSE,JUNIORBEES,raw_l2/trade_date=2026-07-17/exchange=NSE/symbol=JUNIORBEES/part-094632_054482-048914.parquet,real_data_sample\l2_unseen_validation\trade_date=2026-07-17\exchange=NSE\symbol=JUNIORBEES\part-094632_054482-048914.parquet,34546,downloaded,34546,
2026-07-17,NSE,JUNIORBEES,raw_l2/trade_date=2026-07-17/exchange=NSE/symbol=JUNIORBEES/part-095005_564948-049394.parquet,real_data_sample\l2_unseen_validation\trade_date=2026-07-17\exchange=NSE\symbol=JUNIORBEES\part-095005_564948-049394.parquet,35330,downloaded,35330,
2026-07-17,NSE,JUNIORBEES,raw_l2/trade_date=2026-07-17/exchange=NSE/symbol=JUNIORBEES/part-094854_280039-049234.parquet,real_data_sample\l2_unseen_validation\trade_date=2026-07-17\exchange=NSE\symbol=JUNIORBEES\part-094854_280039-049234.parquet,35427,downloaded,35427,
2026-07-17,NSE,JUNIORBEES,raw_l2/trade_date=2026-07-17/exchange=NSE/symbol=JUNIORBEES/part-094908_620251-049266.parquet,real_data_sample\l2_unseen_validation\trade_date=2026-07-17\exchange=NSE\symbol=JUNIORBEES\part-094908_620251-049266.parquet,35208,downloaded,35208,
2026-07-17,NSE,JUNIORBEES,raw_l2/trade_date=2026-07-17/exchange=NSE/symbol=JUNIORBEES/part-094922_974026-049298.parquet,real_data_sample\l2_unseen_validation\trade_date=2026-07-17\exchange=NSE\symbol=JUNIORBEES\part-094922_974026-049298.parquet,35211,downloaded,35211,
2026-07-17,NSE,JUNIORBEES,raw_l2/trade_date=2026-07-17/exchange=NSE/symbol=JUNIORBEES/part-094714_426064-049010.parquet,real_data_sample\l2_unseen_validation\trade_date=2026-07-17\exchange=NSE\symbol=JUNIORBEES\part-094714_426064-049010.parquet,34499,downloaded,34499,
2026-07-17,NSE,JUNIORBEES,raw_l2/trade_date=2026-07-17/exchange=NSE/symbol=JUNIORBEES/part-095019_800097-049426.parquet,real_data_sample\l2_unseen_validation\trade_date=2026-07-17\exchange=NSE\symbol=JUNIORBEES\part-095019_800097-049426.parquet,35214,downloaded,35214,
2026-07-17,NSE,JUNIORBEES,raw_l2/trade_date=2026-07-17/exchange=NSE/symbol=JUNIORBEES/part-094951_409773-049362.parquet,real_data_sample\l2_unseen_validation\trade_date=2026-07-17\exchange=NSE\symbol=JUNIORBEES\part-094951_409773-049362.parquet,35472,downloaded,35472,
2026-07-17,NSE,JUNIORBEES,raw_l2/trade_date=2026-07-17/exchange=NSE/symbol=JUNIORBEES/part-094937_239041-049330.parquet,real_data_sample\l2_unseen_validation\trade_date=2026-07-17\exchange=NSE\symbol=JUNIORBEES\part-094937_239041-049330.parquet,35157,downloaded,35157,
2026-07-17,NSE,JUNIORBEES,raw_l2/trade_date=2026-07-17/exchange=NSE/symbol=JUNIORBEES/part-095352_293198-049906.parquet,real_data_sample\l2_unseen_validation\trade_date=2026-07-17\exchange=NSE\symbol=JUNIORBEES\part-095352_293198-049906.parquet,35285,downloaded,35285,
2026-07-17,NSE,JUNIORBEES,raw_l2/trade_date=2026-07-17/exchange=NSE/symbol=JUNIORBEES/part-095406_659339-049938.parquet,real_data_sample\l2_unseen_validation\trade_date=2026-07-17\exchange=NSE\symbol=JUNIORBEES\part-095406_659339-049938.parquet,35304,downloaded,35304,
2026-07-17,NSE,JUNIORBEES,raw_l2/trade_date=2026-07-17/exchange=NSE/symbol=JUNIORBEES/part-095309_166949-049810.parquet,real_data_sample\l2_unseen_validation\trade_date=2026-07-17\exchange=NSE\symbol=JUNIORBEES\part-095309_166949-049810.parquet,34405,downloaded,34405,
2026-07-17,NSE,JUNIORBEES,raw_l2/trade_date=2026-07-17/exchange=NSE/symbol=JUNIORBEES/part-095337_883229-049874.parquet,real_data_sample\l2_unseen_validation\trade_date=2026-07-17\exchange=NSE\symbol=JUNIORBEES\part-095337_883229-049874.parquet,35560,downloaded,35560,
2026-07-17,NSE,JUNIORBEES,raw_l2/trade_date=2026-07-17/exchange=NSE/symbol=JUNIORBEES/part-095615_695498-050226.parquet,real_data_sample\l2_unseen_validation\trade_date=2026-07-17\exchange=NSE\symbol=JUNIORBEES\part-095615_695498-050226.parquet,34241,downloaded,34241,
2026-07-17,NSE,JUNIORBEES,raw_l2/trade_date=2026-07-17/exchange=NSE/symbol=JUNIORBEES/part-095503_601021-050066.parquet,real_data_sample\l2_unseen_validation\trade_date=2026-07-17\exchange=NSE\symbol=JUNIORBEES\part-095503_601021-050066.parquet,35123,downloaded,35123,
2026-07-17,NSE,JUNIORBEES,raw_l2/trade_date=2026-07-17/exchange=NSE/symbol=JUNIORBEES/part-095811_378806-050482.parquet,real_data_sample\l2_unseen_validation\trade_date=2026-07-17\exchange=NSE\symbol=JUNIORBEES\part-095811_378806-050482.parquet,34165,downloaded,34165,
2026-07-17,NSE,JUNIORBEES,raw_l2/trade_date=2026-07-17/exchange=NSE/symbol=JUNIORBEES/part-095601_213559-050194.parquet,real_data_sample\l2_unseen_validation\trade_date=2026-07-17\exchange=NSE\symbol=JUNIORBEES\part-095601_213559-050194.parquet,34347,downloaded,34347,
2026-07-17,NSE,JUNIORBEES,raw_l2/trade_date=2026-07-17/exchange=NSE/symbol=JUNIORBEES/part-095630_062903-050258.parquet,real_data_sample\l2_unseen_validation\trade_date=2026-07-17\exchange=NSE\symbol=JUNIORBEES\part-095630_062903-050258.parquet,34490,downloaded,34490,
2026-07-17,NSE,JUNIORBEES,raw_l2/trade_date=2026-07-17/exchange=NSE/symbol=JUNIORBEES/part-095840_524967-050546.parquet,real_data_sample\l2_unseen_validation\trade_date=2026-07-17\exchange=NSE\symbol=JUNIORBEES\part-095840_524967-050546.parquet,34358,downloaded,34358,
2026-07-17,NSE,JUNIORBEES,raw_l2/trade_date=2026-07-17/exchange=NSE/symbol=JUNIORBEES/part-095546_763333-050162.parquet,real_data_sample\l2_unseen_validation\trade_date=2026-07-17\exchange=NSE\symbol=JUNIORBEES\part-095546_763333-050162.parquet,34393,downloaded,34393,
2026-07-17,NSE,JUNIORBEES,raw_l2/trade_date=2026-07-17/exchange=NSE/symbol=JUNIORBEES/part-095532_051409-050130.parquet,real_data_sample\l2_unseen_validation\trade_date=2026-07-17\exchange=NSE\symbol=JUNIORBEES\part-095532_051409-050130.parquet,34448,downloaded,34448,
2026-07-17,NSE,JUNIORBEES,raw_l2/trade_date=2026-07-17/exchange=NSE/symbol=JUNIORBEES/part-095855_043303-050578.parquet,real_data_sample\l2_unseen_validation\trade_date=2026-07-17\exchange=NSE\symbol=JUNIORBEES\part-095855_043303-050578.parquet,34251,downloaded,34251,
2026-07-17,NSE,JUNIORBEES,raw_l2/trade_date=2026-07-17/exchange=NSE/symbol=JUNIORBEES/part-095421_136735-049970.parquet,real_data_sample\l2_unseen_validation\trade_date=2026-07-17\exchange=NSE\symbol=JUNIORBEES\part-095421_136735-049970.parquet,35014,downloaded,35014,
2026-07-17,NSE,JUNIORBEES,raw_l2/trade_date=2026-07-17/exchange=NSE/symbol=JUNIORBEES/part-095825_536525-050514.parquet,real_data_sample\l2_unseen_validation\trade_date=2026-07-17\exchange=NSE\symbol=JUNIORBEES\part-095825_536525-050514.parquet,34345,downloaded,34345,
2026-07-17,NSE,JUNIORBEES,raw_l2/trade_date=2026-07-17/exchange=NSE/symbol=JUNIORBEES/part-095909_504489-050610.parquet,real_data_sample\l2_unseen_validation\trade_date=2026-07-17\exchange=NSE\symbol=JUNIORBEES\part-095909_504489-050610.parquet,34447,downloaded,34447,
2026-07-17,NSE,JUNIORBEES,raw_l2/trade_date=2026-07-17/exchange=NSE/symbol=JUNIORBEES/part-095323_385413-049842.parquet,real_data_sample\l2_unseen_validation\trade_date=2026-07-17\exchange=NSE\symbol=JUNIORBEES\part-095323_385413-049842.parquet,35377,downloaded,35377,
2026-07-17,NSE,JUNIORBEES,raw_l2/trade_date=2026-07-17/exchange=NSE/symbol=JUNIORBEES/part-095714_084823-050354.parquet,real_data_sample\l2_unseen_validation\trade_date=2026-07-17\exchange=NSE\symbol=JUNIORBEES\part-095714_084823-050354.parquet,34448,downloaded,34448,
2026-07-17,NSE,JUNIORBEES,raw_l2/trade_date=2026-07-17/exchange=NSE/symbol=JUNIORBEES/part-095952_855175-050706.parquet,real_data_sample\l2_unseen_validation\trade_date=2026-07-17\exchange=NSE\symbol=JUNIORBEES\part-095952_855175-050706.parquet,34165,downloaded,34165,
2026-07-17,NSE,JUNIORBEES,raw_l2/trade_date=2026-07-17/exchange=NSE/symbol=JUNIORBEES/part-095924_044847-050642.parquet,real_data_sample\l2_unseen_validation\trade_date=2026-07-17\exchange=NSE\symbol=JUNIORBEES\part-095924_044847-050642.parquet,34341,downloaded,34341,
2026-07-17,NSE,JUNIORBEES,raw_l2/trade_date=2026-07-17/exchange=NSE/symbol=JUNIORBEES/part-095435_125843-050002.parquet,real_data_sample\l2_unseen_validation\trade_date=2026-07-17\exchange=NSE\symbol=JUNIORBEES\part-095435_125843-050002.parquet,35007,downloaded,35007,
2026-07-17,NSE,JUNIORBEES,raw_l2/trade_date=2026-07-17/exchange=NSE/symbol=JUNIORBEES/part-095938_521054-050674.parquet,real_data_sample\l2_unseen_validation\trade_date=2026-07-17\exchange=NSE\symbol=JUNIORBEES\part-095938_521054-050674.parquet,34403,downloaded,34403,
2026-07-17,NSE,JUNIORBEES,raw_l2/trade_date=2026-07-17/exchange=NSE/symbol=JUNIORBEES/part-100007_208197-050738.parquet,real_data_sample\l2_unseen_validation\trade_date=2026-07-17\exchange=NSE\symbol=JUNIORBEES\part-100007_208197-050738.parquet,34400,downloaded,34400,
2026-07-17,NSE,JUNIORBEES,raw_l2/trade_date=2026-07-17/exchange=NSE/symbol=JUNIORBEES/part-095659_184495-050322.parquet,real_data_sample\l2_unseen_validation\trade_date=2026-07-17\exchange=NSE\symbol=JUNIORBEES\part-095659_184495-050322.parquet,34291,downloaded,34291,
2026-07-17,NSE,JUNIORBEES,raw_l2/trade_date=2026-07-17/exchange=NSE/symbol=JUNIORBEES/part-095517_685882-050098.parquet,real_data_sample\l2_unseen_validation\trade_date=2026-07-17\exchange=NSE\symbol=JUNIORBEES\part-095517_685882-050098.parquet,34980,downloaded,34980,
2026-07-17,NSE,JUNIORBEES,raw_l2/trade_date=2026-07-17/exchange=NSE/symbol=JUNIORBEES/part-095742_951142-050418.parquet,real_data_sample\l2_unseen_validation\trade_date=2026-07-17\exchange=NSE\symbol=JUNIORBEES\part-095742_951142-050418.parquet,34429,downloaded,34429,
2026-07-17,NSE,JUNIORBEES,raw_l2/trade_date=2026-07-17/exchange=NSE/symbol=JUNIORBEES/part-095757_173549-050450.parquet,real_data_sample\l2_unseen_validation\trade_date=2026-07-17\exchange=NSE\symbol=JUNIORBEES\part-095757_173549-050450.parquet,34376,downloaded,34376,
2026-07-17,NSE,JUNIORBEES,raw_l2/trade_date=2026-07-17/exchange=NSE/symbol=JUNIORBEES/part-095644_553431-050290.parquet,real_data_sample\l2_unseen_validation\trade_date=2026-07-17\exchange=NSE\symbol=JUNIORBEES\part-095644_553431-050290.parquet,34222,downloaded,34222,
2026-07-17,NSE,JUNIORBEES,raw_l2/trade_date=2026-07-17/exchange=NSE/symbol=JUNIORBEES/part-095728_541878-050386.parquet,real_data_sample\l2_unseen_validation\trade_date=2026-07-17\exchange=NSE\symbol=JUNIORBEES\part-095728_541878-050386.parquet,34345,downloaded,34345,
2026-07-17,NSE,JUNIORBEES,raw_l2/trade_date=2026-07-17/exchange=NSE/symbol=JUNIORBEES/part-100459_965556-050787.parquet,real_data_sample\l2_unseen_validation\trade_date=2026-07-17\exchange=NSE\symbol=JUNIORBEES\part-100459_965556-050787.parquet,34108,downloaded,34108,
2026-07-17,NSE,KOTAKBANK,raw_l2/trade_date=2026-07-17/exchange=NSE/symbol=KOTAKBANK/part-034503_111051-000019.parquet,real_data_sample\l2_unseen_validation\trade_date=2026-07-17\exchange=NSE\symbol=KOTAKBANK\part-034503_111051-000019.parquet,34102,downloaded,34102,
2026-07-17,NSE,JUNIORBEES,raw_l2/trade_date=2026-07-17/exchange=NSE/symbol=JUNIORBEES/part-095449_421343-050034.parquet,real_data_sample\l2_unseen_validation\trade_date=2026-07-17\exchange=NSE\symbol=JUNIORBEES\part-095449_421343-050034.parquet,35457,downloaded,35457,
2026-07-17,NSE,KOTAKBANK,raw_l2/trade_date=2026-07-17/exchange=NSE/symbol=KOTAKBANK/part-034723_408318-000339.parquet,real_data_sample\l2_unseen_validation\trade_date=2026-07-17\exchange=NSE\symbol=KOTAKBANK\part-034723_408318-000339.parquet,34965,downloaded,34965,
2026-07-17,NSE,KOTAKBANK,raw_l2/trade_date=2026-07-17/exchange=NSE/symbol=KOTAKBANK/part-034641_837494-000243.parquet,real_data_sample\l2_unseen_validation\trade_date=2026-07-17\exchange=NSE\symbol=KOTAKBANK\part-034641_837494-000243.parquet,36201,downloaded,36201,
2026-07-17,NSE,KOTAKBANK,raw_l2/trade_date=2026-07-17/exchange=NSE/symbol=KOTAKBANK/part-035120_095460-000883.parquet,real_data_sample\l2_unseen_validation\trade_date=2026-07-17\exchange=NSE\symbol=KOTAKBANK\part-035120_095460-000883.parquet,34166,downloaded,34166,
2026-07-17,NSE,KOTAKBANK,raw_l2/trade_date=2026-07-17/exchange=NSE/symbol=KOTAKBANK/part-035201_625319-000979.parquet,real_data_sample\l2_unseen_validation\trade_date=2026-07-17\exchange=NSE\symbol=KOTAKBANK\part-035201_625319-000979.parquet,34438,downloaded,34438,
2026-07-17,NSE,KOTAKBANK,raw_l2/trade_date=2026-07-17/exchange=NSE/symbol=KOTAKBANK/part-035243_341489-001075.parquet,real_data_sample\l2_unseen_validation\trade_date=2026-07-17\exchange=NSE\symbol=KOTAKBANK\part-035243_341489-001075.parquet,34717,downloaded,34717,
2026-07-17,NSE,KOTAKBANK,raw_l2/trade_date=2026-07-17/exchange=NSE/symbol=KOTAKBANK/part-035257_483512-001107.parquet,real_data_sample\l2_unseen_validation\trade_date=2026-07-17\exchange=NSE\symbol=KOTAKBANK\part-035257_483512-001107.parquet,34443,downloaded,34443,
2026-07-17,NSE,KOTAKBANK,raw_l2/trade_date=2026-07-17/exchange=NSE/symbol=KOTAKBANK/part-035311_263198-001139.parquet,real_data_sample\l2_unseen_validation\trade_date=2026-07-17\exchange=NSE\symbol=KOTAKBANK\part-035311_263198-001139.parquet,34433,downloaded,34433,
2026-07-17,NSE,KOTAKBANK,raw_l2/trade_date=2026-07-17/exchange=NSE/symbol=KOTAKBANK/part-035325_064281-001171.parquet,real_data_sample\l2_unseen_validation\trade_date=2026-07-17\exchange=NSE\symbol=KOTAKBANK\part-035325_064281-001171.parquet,34436,downloaded,34436,
2026-07-17,NSE,KOTAKBANK,raw_l2/trade_date=2026-07-17/exchange=NSE/symbol=KOTAKBANK/part-035338_994016-001203.parquet,real_data_sample\l2_unseen_validation\trade_date=2026-07-17\exchange=NSE\symbol=KOTAKBANK\part-035338_994016-001203.parquet,34608,downloaded,34608,
2026-07-17,NSE,KOTAKBANK,raw_l2/trade_date=2026-07-17/exchange=NSE/symbol=KOTAKBANK/part-035352_850733-001235.parquet,real_data_sample\l2_unseen_validation\trade_date=2026-07-17\exchange=NSE\symbol=KOTAKBANK\part-035352_850733-001235.parquet,34764,downloaded,34764,
2026-07-17,NSE,KOTAKBANK,raw_l2/trade_date=2026-07-17/exchange=NSE/symbol=KOTAKBANK/part-035406_761086-001267.parquet,real_data_sample\l2_unseen_validation\trade_date=2026-07-17\exchange=NSE\symbol=KOTAKBANK\part-035406_761086-001267.parquet,34620,downloaded,34620,
2026-07-17,NSE,KOTAKBANK,raw_l2/trade_date=2026-07-17/exchange=NSE/symbol=KOTAKBANK/part-035420_485825-001299.parquet,real_data_sample\l2_unseen_validation\trade_date=2026-07-17\exchange=NSE\symbol=KOTAKBANK\part-035420_485825-001299.parquet,34654,downloaded,34654,
2026-07-17,NSE,KOTAKBANK,raw_l2/trade_date=2026-07-17/exchange=NSE/symbol=KOTAKBANK/part-035434_377980-001331.parquet,real_data_sample\l2_unseen_validation\trade_date=2026-07-17\exchange=NSE\symbol=KOTAKBANK\part-035434_377980-001331.parquet,34153,downloaded,34153,
2026-07-17,NSE,KOTAKBANK,raw_l2/trade_date=2026-07-17/exchange=NSE/symbol=KOTAKBANK/part-035448_226013-001363.parquet,real_data_sample\l2_unseen_validation\trade_date=2026-07-17\exchange=NSE\symbol=KOTAKBANK\part-035448_226013-001363.parquet,34487,downloaded,34487,
2026-07-17,NSE,KOTAKBANK,raw_l2/trade_date=2026-07-17/exchange=NSE/symbol=KOTAKBANK/part-035502_340792-001395.parquet,real_data_sample\l2_unseen_validation\trade_date=2026-07-17\exchange=NSE\symbol=KOTAKBANK\part-035502_340792-001395.parquet,34693,downloaded,34693,
2026-07-17,NSE,KOTAKBANK,raw_l2/trade_date=2026-07-17/exchange=NSE/symbol=KOTAKBANK/part-035516_395967-001427.parquet,real_data_sample\l2_unseen_validation\trade_date=2026-07-17\exchange=NSE\symbol=KOTAKBANK\part-035516_395967-001427.parquet,34501,downloaded,34501,
2026-07-17,NSE,KOTAKBANK,raw_l2/trade_date=2026-07-17/exchange=NSE/symbol=KOTAKBANK/part-035530_397900-001459.parquet,real_data_sample\l2_unseen_validation\trade_date=2026-07-17\exchange=NSE\symbol=KOTAKBANK\part-035530_397900-001459.parquet,34490,downloaded,34490,
2026-07-17,NSE,KOTAKBANK,raw_l2/trade_date=2026-07-17/exchange=NSE/symbol=KOTAKBANK/part-035544_344887-001491.parquet,real_data_sample\l2_unseen_validation\trade_date=2026-07-17\exchange=NSE\symbol=KOTAKBANK\part-035544_344887-001491.parquet,34614,downloaded,34614,
2026-07-17,NSE,KOTAKBANK,raw_l2/trade_date=2026-07-17/exchange=NSE/symbol=KOTAKBANK/part-035558_232882-001523.parquet,real_data_sample\l2_unseen_validation\trade_date=2026-07-17\exchange=NSE\symbol=KOTAKBANK\part-035558_232882-001523.parquet,34620,downloaded,34620,
2026-07-17,NSE,KOTAKBANK,raw_l2/trade_date=2026-07-17/exchange=NSE/symbol=KOTAKBANK/part-035612_097114-001555.parquet,real_data_sample\l2_unseen_validation\trade_date=2026-07-17\exchange=NSE\symbol=KOTAKBANK\part-035612_097114-001555.parquet,34483,downloaded,34483,
2026-07-17,NSE,KOTAKBANK,raw_l2/trade_date=2026-07-17/exchange=NSE/symbol=KOTAKBANK/part-035626_289571-001587.parquet,real_data_sample\l2_unseen_validation\trade_date=2026-07-17\exchange=NSE\symbol=KOTAKBANK\part-035626_289571-001587.parquet,34501,downloaded,34501,
2026-07-17,NSE,KOTAKBANK,raw_l2/trade_date=2026-07-17/exchange=NSE/symbol=KOTAKBANK/part-035640_176408-001619.parquet,real_data_sample\l2_unseen_validation\trade_date=2026-07-17\exchange=NSE\symbol=KOTAKBANK\part-035640_176408-001619.parquet,34455,downloaded,34455,
2026-07-17,NSE,KOTAKBANK,raw_l2/trade_date=2026-07-17/exchange=NSE/symbol=KOTAKBANK/part-035654_119555-001651.parquet,real_data_sample\l2_unseen_validation\trade_date=2026-07-17\exchange=NSE\symbol=KOTAKBANK\part-035654_119555-001651.parquet,34503,downloaded,34503,
2026-07-17,NSE,KOTAKBANK,raw_l2/trade_date=2026-07-17/exchange=NSE/symbol=KOTAKBANK/part-034751_562217-000403.parquet,real_data_sample\l2_unseen_validation\trade_date=2026-07-17\exchange=NSE\symbol=KOTAKBANK\part-034751_562217-000403.parquet,34476,downloaded,34476,
2026-07-17,NSE,KOTAKBANK,raw_l2/trade_date=2026-07-17/exchange=NSE/symbol=KOTAKBANK/part-034847_285768-000531.parquet,real_data_sample\l2_unseen_validation\trade_date=2026-07-17\exchange=NSE\symbol=KOTAKBANK\part-034847_285768-000531.parquet,34524,downloaded,34524,
2026-07-17,NSE,KOTAKBANK,raw_l2/trade_date=2026-07-17/exchange=NSE/symbol=KOTAKBANK/part-034709_323760-000307.parquet,real_data_sample\l2_unseen_validation\trade_date=2026-07-17\exchange=NSE\symbol=KOTAKBANK\part-034709_323760-000307.parquet,35949,downloaded,35949,
2026-07-17,NSE,KOTAKBANK,raw_l2/trade_date=2026-07-17/exchange=NSE/symbol=KOTAKBANK/part-035707_871529-001683.parquet,real_data_sample\l2_unseen_validation\trade_date=2026-07-17\exchange=NSE\symbol=KOTAKBANK\part-035707_871529-001683.parquet,34421,downloaded,34421,
2026-07-17,NSE,KOTAKBANK,raw_l2/trade_date=2026-07-17/exchange=NSE/symbol=KOTAKBANK/part-035721_932441-001715.parquet,real_data_sample\l2_unseen_validation\trade_date=2026-07-17\exchange=NSE\symbol=KOTAKBANK\part-035721_932441-001715.parquet,34507,downloaded,34507,
2026-07-17,NSE,KOTAKBANK,raw_l2/trade_date=2026-07-17/exchange=NSE/symbol=KOTAKBANK/part-035736_061485-001747.parquet,real_data_sample\l2_unseen_validation\trade_date=2026-07-17\exchange=NSE\symbol=KOTAKBANK\part-035736_061485-001747.parquet,34753,downloaded,34753,
2026-07-17,NSE,KOTAKBANK,raw_l2/trade_date=2026-07-17/exchange=NSE/symbol=KOTAKBANK/part-034901_089225-000563.parquet,real_data_sample\l2_unseen_validation\trade_date=2026-07-17\exchange=NSE\symbol=KOTAKBANK\part-034901_089225-000563.parquet,34511,downloaded,34511,
2026-07-17,NSE,KOTAKBANK,raw_l2/trade_date=2026-07-17/exchange=NSE/symbol=KOTAKBANK/part-035750_285357-001779.parquet,real_data_sample\l2_unseen_validation\trade_date=2026-07-17\exchange=NSE\symbol=KOTAKBANK\part-035750_285357-001779.parquet,34700,downloaded,34700,
2026-07-17,NSE,KOTAKBANK,raw_l2/trade_date=2026-07-17/exchange=NSE/symbol=KOTAKBANK/part-034545_075452-000115.parquet,real_data_sample\l2_unseen_validation\trade_date=2026-07-17\exchange=NSE\symbol=KOTAKBANK\part-034545_075452-000115.parquet,36516,downloaded,36516,
2026-07-17,NSE,KOTAKBANK,raw_l2/trade_date=2026-07-17/exchange=NSE/symbol=KOTAKBANK/part-034915_162602-000595.parquet,real_data_sample\l2_unseen_validation\trade_date=2026-07-17\exchange=NSE\symbol=KOTAKBANK\part-034915_162602-000595.parquet,34486,downloaded,34486,
2026-07-17,NSE,KOTAKBANK,raw_l2/trade_date=2026-07-17/exchange=NSE/symbol=KOTAKBANK/part-035804_578327-001811.parquet,real_data_sample\l2_unseen_validation\trade_date=2026-07-17\exchange=NSE\symbol=KOTAKBANK\part-035804_578327-001811.parquet,34616,downloaded,34616,
2026-07-17,NSE,KOTAKBANK,raw_l2/trade_date=2026-07-17/exchange=NSE/symbol=KOTAKBANK/part-034819_740130-000467.parquet,real_data_sample\l2_unseen_validation\trade_date=2026-07-17\exchange=NSE\symbol=KOTAKBANK\part-034819_740130-000467.parquet,34717,downloaded,34717,
2026-07-17,NSE,KOTAKBANK,raw_l2/trade_date=2026-07-17/exchange=NSE/symbol=KOTAKBANK/part-035818_944486-001843.parquet,real_data_sample\l2_unseen_validation\trade_date=2026-07-17\exchange=NSE\symbol=KOTAKBANK\part-035818_944486-001843.parquet,34684,downloaded,34684,
2026-07-17,NSE,KOTAKBANK,raw_l2/trade_date=2026-07-17/exchange=NSE/symbol=KOTAKBANK/part-035832_929846-001875.parquet,real_data_sample\l2_unseen_validation\trade_date=2026-07-17\exchange=NSE\symbol=KOTAKBANK\part-035832_929846-001875.parquet,34482,downloaded,34482,
2026-07-17,NSE,KOTAKBANK,raw_l2/trade_date=2026-07-17/exchange=NSE/symbol=KOTAKBANK/part-034559_331194-000147.parquet,real_data_sample\l2_unseen_validation\trade_date=2026-07-17\exchange=NSE\symbol=KOTAKBANK\part-034559_331194-000147.parquet,36257,downloaded,36257,
2026-07-17,NSE,KOTAKBANK,raw_l2/trade_date=2026-07-17/exchange=NSE/symbol=KOTAKBANK/part-034943_114685-000659.parquet,real_data_sample\l2_unseen_validation\trade_date=2026-07-17\exchange=NSE\symbol=KOTAKBANK\part-034943_114685-000659.parquet,34508,downloaded,34508,
2026-07-17,NSE,KOTAKBANK,raw_l2/trade_date=2026-07-17/exchange=NSE/symbol=KOTAKBANK/part-034805_677247-000435.parquet,real_data_sample\l2_unseen_validation\trade_date=2026-07-17\exchange=NSE\symbol=KOTAKBANK\part-034805_677247-000435.parquet,34433,downloaded,34433,
2026-07-17,NSE,KOTAKBANK,raw_l2/trade_date=2026-07-17/exchange=NSE/symbol=KOTAKBANK/part-035025_102609-000755.parquet,real_data_sample\l2_unseen_validation\trade_date=2026-07-17\exchange=NSE\symbol=KOTAKBANK\part-035025_102609-000755.parquet,34171,downloaded,34171,
2026-07-17,NSE,KOTAKBANK,raw_l2/trade_date=2026-07-17/exchange=NSE/symbol=KOTAKBANK/part-035900_981399-001939.parquet,real_data_sample\l2_unseen_validation\trade_date=2026-07-17\exchange=NSE\symbol=KOTAKBANK\part-035900_981399-001939.parquet,34547,downloaded,34547,
2026-07-17,NSE,KOTAKBANK,raw_l2/trade_date=2026-07-17/exchange=NSE/symbol=KOTAKBANK/part-035846_875117-001907.parquet,real_data_sample\l2_unseen_validation\trade_date=2026-07-17\exchange=NSE\symbol=KOTAKBANK\part-035846_875117-001907.parquet,34452,downloaded,34452,
2026-07-17,NSE,KOTAKBANK,raw_l2/trade_date=2026-07-17/exchange=NSE/symbol=KOTAKBANK/part-034531_062265-000083.parquet,real_data_sample\l2_unseen_validation\trade_date=2026-07-17\exchange=NSE\symbol=KOTAKBANK\part-034531_062265-000083.parquet,36343,downloaded,36343,
2026-07-17,NSE,KOTAKBANK,raw_l2/trade_date=2026-07-17/exchange=NSE/symbol=KOTAKBANK/part-034627_369316-000211.parquet,real_data_sample\l2_unseen_validation\trade_date=2026-07-17\exchange=NSE\symbol=KOTAKBANK\part-034627_369316-000211.parquet,36354,downloaded,36354,
2026-07-17,NSE,KOTAKBANK,raw_l2/trade_date=2026-07-17/exchange=NSE/symbol=KOTAKBANK/part-034929_194864-000627.parquet,real_data_sample\l2_unseen_validation\trade_date=2026-07-17\exchange=NSE\symbol=KOTAKBANK\part-034929_194864-000627.parquet,34389,downloaded,34389,
2026-07-17,NSE,KOTAKBANK,raw_l2/trade_date=2026-07-17/exchange=NSE/symbol=KOTAKBANK/part-034737_490539-000371.parquet,real_data_sample\l2_unseen_validation\trade_date=2026-07-17\exchange=NSE\symbol=KOTAKBANK\part-034737_490539-000371.parquet,34468,downloaded,34468,
2026-07-17,NSE,KOTAKBANK,raw_l2/trade_date=2026-07-17/exchange=NSE/symbol=KOTAKBANK/part-035914_943413-001971.parquet,real_data_sample\l2_unseen_validation\trade_date=2026-07-17\exchange=NSE\symbol=KOTAKBANK\part-035914_943413-001971.parquet,34417,downloaded,34417,
2026-07-17,NSE,KOTAKBANK,raw_l2/trade_date=2026-07-17/exchange=NSE/symbol=KOTAKBANK/part-035928_824264-002003.parquet,real_data_sample\l2_unseen_validation\trade_date=2026-07-17\exchange=NSE\symbol=KOTAKBANK\part-035928_824264-002003.parquet,34495,downloaded,34495,
2026-07-17,NSE,KOTAKBANK,raw_l2/trade_date=2026-07-17/exchange=NSE/symbol=KOTAKBANK/part-035215_493501-001011.parquet,real_data_sample\l2_unseen_validation\trade_date=2026-07-17\exchange=NSE\symbol=KOTAKBANK\part-035215_493501-001011.parquet,34456,downloaded,34456,
2026-07-17,NSE,KOTAKBANK,raw_l2/trade_date=2026-07-17/exchange=NSE/symbol=KOTAKBANK/part-034655_535364-000275.parquet,real_data_sample\l2_unseen_validation\trade_date=2026-07-17\exchange=NSE\symbol=KOTAKBANK\part-034655_535364-000275.parquet,36225,downloaded,36225,
2026-07-17,NSE,KOTAKBANK,raw_l2/trade_date=2026-07-17/exchange=NSE/symbol=KOTAKBANK/part-035956_929718-002067.parquet,real_data_sample\l2_unseen_validation\trade_date=2026-07-17\exchange=NSE\symbol=KOTAKBANK\part-035956_929718-002067.parquet,34519,downloaded,34519,
2026-07-17,NSE,KOTAKBANK,raw_l2/trade_date=2026-07-17/exchange=NSE/symbol=KOTAKBANK/part-035106_273554-000851.parquet,real_data_sample\l2_unseen_validation\trade_date=2026-07-17\exchange=NSE\symbol=KOTAKBANK\part-035106_273554-000851.parquet,34687,downloaded,34687,
2026-07-17,NSE,KOTAKBANK,raw_l2/trade_date=2026-07-17/exchange=NSE/symbol=KOTAKBANK/part-035011_135047-000723.parquet,real_data_sample\l2_unseen_validation\trade_date=2026-07-17\exchange=NSE\symbol=KOTAKBANK\part-035011_135047-000723.parquet,34458,downloaded,34458,
2026-07-17,NSE,KOTAKBANK,raw_l2/trade_date=2026-07-17/exchange=NSE/symbol=KOTAKBANK/part-035942_972729-002035.parquet,real_data_sample\l2_unseen_validation\trade_date=2026-07-17\exchange=NSE\symbol=KOTAKBANK\part-035942_972729-002035.parquet,34482,downloaded,34482,
2026-07-17,NSE,KOTAKBANK,raw_l2/trade_date=2026-07-17/exchange=NSE/symbol=KOTAKBANK/part-034833_550860-000499.parquet,real_data_sample\l2_unseen_validation\trade_date=2026-07-17\exchange=NSE\symbol=KOTAKBANK\part-034833_550860-000499.parquet,34164,downloaded,34164,
2026-07-17,NSE,KOTAKBANK,raw_l2/trade_date=2026-07-17/exchange=NSE/symbol=KOTAKBANK/part-034613_399634-000179.parquet,real_data_sample\l2_unseen_validation\trade_date=2026-07-17\exchange=NSE\symbol=KOTAKBANK\part-034613_399634-000179.parquet,36291,downloaded,36291,
2026-07-17,NSE,KOTAKBANK,raw_l2/trade_date=2026-07-17/exchange=NSE/symbol=KOTAKBANK/part-040025_113812-002131.parquet,real_data_sample\l2_unseen_validation\trade_date=2026-07-17\exchange=NSE\symbol=KOTAKBANK\part-040025_113812-002131.parquet,34490,downloaded,34490,
2026-07-17,NSE,KOTAKBANK,raw_l2/trade_date=2026-07-17/exchange=NSE/symbol=KOTAKBANK/part-040011_020321-002099.parquet,real_data_sample\l2_unseen_validation\trade_date=2026-07-17\exchange=NSE\symbol=KOTAKBANK\part-040011_020321-002099.parquet,34525,downloaded,34525,
2026-07-17,NSE,KOTAKBANK,raw_l2/trade_date=2026-07-17/exchange=NSE/symbol=KOTAKBANK/part-035038_860292-000787.parquet,real_data_sample\l2_unseen_validation\trade_date=2026-07-17\exchange=NSE\symbol=KOTAKBANK\part-035038_860292-000787.parquet,34444,downloaded,34444,
2026-07-17,NSE,KOTAKBANK,raw_l2/trade_date=2026-07-17/exchange=NSE/symbol=KOTAKBANK/part-040038_996143-002163.parquet,real_data_sample\l2_unseen_validation\trade_date=2026-07-17\exchange=NSE\symbol=KOTAKBANK\part-040038_996143-002163.parquet,34697,downloaded,34697,
2026-07-17,NSE,KOTAKBANK,raw_l2/trade_date=2026-07-17/exchange=NSE/symbol=KOTAKBANK/part-034517_259716-000051.parquet,real_data_sample\l2_unseen_validation\trade_date=2026-07-17\exchange=NSE\symbol=KOTAKBANK\part-034517_259716-000051.parquet,36916,downloaded,36916,
2026-07-17,NSE,KOTAKBANK,raw_l2/trade_date=2026-07-17/exchange=NSE/symbol=KOTAKBANK/part-040106_644032-002227.parquet,real_data_sample\l2_unseen_validation\trade_date=2026-07-17\exchange=NSE\symbol=KOTAKBANK\part-040106_644032-002227.parquet,34465,downloaded,34465,
2026-07-17,NSE,KOTAKBANK,raw_l2/trade_date=2026-07-17/exchange=NSE/symbol=KOTAKBANK/part-040052_672560-002195.parquet,real_data_sample\l2_unseen_validation\trade_date=2026-07-17\exchange=NSE\symbol=KOTAKBANK\part-040052_672560-002195.parquet,34671,downloaded,34671,
2026-07-17,NSE,KOTAKBANK,raw_l2/trade_date=2026-07-17/exchange=NSE/symbol=KOTAKBANK/part-040120_476048-002259.parquet,real_data_sample\l2_unseen_validation\trade_date=2026-07-17\exchange=NSE\symbol=KOTAKBANK\part-040120_476048-002259.parquet,34609,downloaded,34609,
2026-07-17,NSE,KOTAKBANK,raw_l2/trade_date=2026-07-17/exchange=NSE/symbol=KOTAKBANK/part-040202_090987-002355.parquet,real_data_sample\l2_unseen_validation\trade_date=2026-07-17\exchange=NSE\symbol=KOTAKBANK\part-040202_090987-002355.parquet,34703,downloaded,34703,
2026-07-17,NSE,KOTAKBANK,raw_l2/trade_date=2026-07-17/exchange=NSE/symbol=KOTAKBANK/part-040148_051662-002323.parquet,real_data_sample\l2_unseen_validation\trade_date=2026-07-17\exchange=NSE\symbol=KOTAKBANK\part-040148_051662-002323.parquet,34474,downloaded,34474,
2026-07-17,NSE,KOTAKBANK,raw_l2/trade_date=2026-07-17/exchange=NSE/symbol=KOTAKBANK/part-034957_255012-000691.parquet,real_data_sample\l2_unseen_validation\trade_date=2026-07-17\exchange=NSE\symbol=KOTAKBANK\part-034957_255012-000691.parquet,34535,downloaded,34535,
2026-07-17,NSE,KOTAKBANK,raw_l2/trade_date=2026-07-17/exchange=NSE/symbol=KOTAKBANK/part-035147_638390-000947.parquet,real_data_sample\l2_unseen_validation\trade_date=2026-07-17\exchange=NSE\symbol=KOTAKBANK\part-035147_638390-000947.parquet,34641,downloaded,34641,
2026-07-17,NSE,KOTAKBANK,raw_l2/trade_date=2026-07-17/exchange=NSE/symbol=KOTAKBANK/part-040215_988346-002387.parquet,real_data_sample\l2_unseen_validation\trade_date=2026-07-17\exchange=NSE\symbol=KOTAKBANK\part-040215_988346-002387.parquet,34420,downloaded,34420,
2026-07-17,NSE,KOTAKBANK,raw_l2/trade_date=2026-07-17/exchange=NSE/symbol=KOTAKBANK/part-040244_348678-002451.parquet,real_data_sample\l2_unseen_validation\trade_date=2026-07-17\exchange=NSE\symbol=KOTAKBANK\part-040244_348678-002451.parquet,34710,downloaded,34710,
2026-07-17,NSE,KOTAKBANK,raw_l2/trade_date=2026-07-17/exchange=NSE/symbol=KOTAKBANK/part-040229_907469-002419.parquet,real_data_sample\l2_unseen_validation\trade_date=2026-07-17\exchange=NSE\symbol=KOTAKBANK\part-040229_907469-002419.parquet,34492,downloaded,34492,
2026-07-17,NSE,KOTAKBANK,raw_l2/trade_date=2026-07-17/exchange=NSE/symbol=KOTAKBANK/part-040258_679040-002483.parquet,real_data_sample\l2_unseen_validation\trade_date=2026-07-17\exchange=NSE\symbol=KOTAKBANK\part-040258_679040-002483.parquet,34515,downloaded,34515,
2026-07-17,NSE,KOTAKBANK,raw_l2/trade_date=2026-07-17/exchange=NSE/symbol=KOTAKBANK/part-035229_392989-001043.parquet,real_data_sample\l2_unseen_validation\trade_date=2026-07-17\exchange=NSE\symbol=KOTAKBANK\part-035229_392989-001043.parquet,34436,downloaded,34436,
2026-07-17,NSE,KOTAKBANK,raw_l2/trade_date=2026-07-17/exchange=NSE/symbol=KOTAKBANK/part-040313_128386-002515.parquet,real_data_sample\l2_unseen_validation\trade_date=2026-07-17\exchange=NSE\symbol=KOTAKBANK\part-040313_128386-002515.parquet,34755,downloaded,34755,
2026-07-17,NSE,KOTAKBANK,raw_l2/trade_date=2026-07-17/exchange=NSE/symbol=KOTAKBANK/part-040437_604827-002707.parquet,real_data_sample\l2_unseen_validation\trade_date=2026-07-17\exchange=NSE\symbol=KOTAKBANK\part-040437_604827-002707.parquet,34484,downloaded,34484,
2026-07-17,NSE,KOTAKBANK,raw_l2/trade_date=2026-07-17/exchange=NSE/symbol=KOTAKBANK/part-040341_516367-002579.parquet,real_data_sample\l2_unseen_validation\trade_date=2026-07-17\exchange=NSE\symbol=KOTAKBANK\part-040341_516367-002579.parquet,34648,downloaded,34648,
2026-07-17,NSE,KOTAKBANK,raw_l2/trade_date=2026-07-17/exchange=NSE/symbol=KOTAKBANK/part-040451_539242-002739.parquet,real_data_sample\l2_unseen_validation\trade_date=2026-07-17\exchange=NSE\symbol=KOTAKBANK\part-040451_539242-002739.parquet,34451,downloaded,34451,
2026-07-17,NSE,KOTAKBANK,raw_l2/trade_date=2026-07-17/exchange=NSE/symbol=KOTAKBANK/part-035052_553311-000819.parquet,real_data_sample\l2_unseen_validation\trade_date=2026-07-17\exchange=NSE\symbol=KOTAKBANK\part-035052_553311-000819.parquet,34495,downloaded,34495,
2026-07-17,NSE,KOTAKBANK,raw_l2/trade_date=2026-07-17/exchange=NSE/symbol=KOTAKBANK/part-040327_336440-002547.parquet,real_data_sample\l2_unseen_validation\trade_date=2026-07-17\exchange=NSE\symbol=KOTAKBANK\part-040327_336440-002547.parquet,34451,downloaded,34451,
2026-07-17,NSE,KOTAKBANK,raw_l2/trade_date=2026-07-17/exchange=NSE/symbol=KOTAKBANK/part-040423_686011-002675.parquet,real_data_sample\l2_unseen_validation\trade_date=2026-07-17\exchange=NSE\symbol=KOTAKBANK\part-040423_686011-002675.parquet,34507,downloaded,34507,
2026-07-17,NSE,KOTAKBANK,raw_l2/trade_date=2026-07-17/exchange=NSE/symbol=KOTAKBANK/part-040505_820266-002771.parquet,real_data_sample\l2_unseen_validation\trade_date=2026-07-17\exchange=NSE\symbol=KOTAKBANK\part-040505_820266-002771.parquet,34536,downloaded,34536,
2026-07-17,NSE,KOTAKBANK,raw_l2/trade_date=2026-07-17/exchange=NSE/symbol=KOTAKBANK/part-040409_706022-002643.parquet,real_data_sample\l2_unseen_validation\trade_date=2026-07-17\exchange=NSE\symbol=KOTAKBANK\part-040409_706022-002643.parquet,34488,downloaded,34488,
2026-07-17,NSE,KOTAKBANK,raw_l2/trade_date=2026-07-17/exchange=NSE/symbol=KOTAKBANK/part-035133_804257-000915.parquet,real_data_sample\l2_unseen_validation\trade_date=2026-07-17\exchange=NSE\symbol=KOTAKBANK\part-035133_804257-000915.parquet,34493,downloaded,34493,
2026-07-17,NSE,KOTAKBANK,raw_l2/trade_date=2026-07-17/exchange=NSE/symbol=KOTAKBANK/part-040534_047802-002835.parquet,real_data_sample\l2_unseen_validation\trade_date=2026-07-17\exchange=NSE\symbol=KOTAKBANK\part-040534_047802-002835.parquet,34681,downloaded,34681,
2026-07-17,NSE,KOTAKBANK,raw_l2/trade_date=2026-07-17/exchange=NSE/symbol=KOTAKBANK/part-040355_685740-002611.parquet,real_data_sample\l2_unseen_validation\trade_date=2026-07-17\exchange=NSE\symbol=KOTAKBANK\part-040355_685740-002611.parquet,34648,downloaded,34648,
2026-07-17,NSE,KOTAKBANK,raw_l2/trade_date=2026-07-17/exchange=NSE/symbol=KOTAKBANK/part-040643_867974-002995.parquet,real_data_sample\l2_unseen_validation\trade_date=2026-07-17\exchange=NSE\symbol=KOTAKBANK\part-040643_867974-002995.parquet,35995,downloaded,35995,
2026-07-17,NSE,KOTAKBANK,raw_l2/trade_date=2026-07-17/exchange=NSE/symbol=KOTAKBANK/part-040548_075551-002867.parquet,real_data_sample\l2_unseen_validation\trade_date=2026-07-17\exchange=NSE\symbol=KOTAKBANK\part-040548_075551-002867.parquet,34683,downloaded,34683,
2026-07-17,NSE,KOTAKBANK,raw_l2/trade_date=2026-07-17/exchange=NSE/symbol=KOTAKBANK/part-040602_206797-002899.parquet,real_data_sample\l2_unseen_validation\trade_date=2026-07-17\exchange=NSE\symbol=KOTAKBANK\part-040602_206797-002899.parquet,34723,downloaded,34723,
2026-07-17,NSE,KOTAKBANK,raw_l2/trade_date=2026-07-17/exchange=NSE/symbol=KOTAKBANK/part-040630_078179-002963.parquet,real_data_sample\l2_unseen_validation\trade_date=2026-07-17\exchange=NSE\symbol=KOTAKBANK\part-040630_078179-002963.parquet,36180,downloaded,36180,
2026-07-17,NSE,KOTAKBANK,raw_l2/trade_date=2026-07-17/exchange=NSE/symbol=KOTAKBANK/part-040657_792151-003027.parquet,real_data_sample\l2_unseen_validation\trade_date=2026-07-17\exchange=NSE\symbol=KOTAKBANK\part-040657_792151-003027.parquet,35780,downloaded,35780,
2026-07-17,NSE,KOTAKBANK,raw_l2/trade_date=2026-07-17/exchange=NSE/symbol=KOTAKBANK/part-040616_052522-002931.parquet,real_data_sample\l2_unseen_validation\trade_date=2026-07-17\exchange=NSE\symbol=KOTAKBANK\part-040616_052522-002931.parquet,35178,downloaded,35178,
2026-07-17,NSE,KOTAKBANK,raw_l2/trade_date=2026-07-17/exchange=NSE/symbol=KOTAKBANK/part-040520_083376-002803.parquet,real_data_sample\l2_unseen_validation\trade_date=2026-07-17\exchange=NSE\symbol=KOTAKBANK\part-040520_083376-002803.parquet,34530,downloaded,34530,
2026-07-17,NSE,KOTAKBANK,raw_l2/trade_date=2026-07-17/exchange=NSE/symbol=KOTAKBANK/part-040711_809604-003059.parquet,real_data_sample\l2_unseen_validation\trade_date=2026-07-17\exchange=NSE\symbol=KOTAKBANK\part-040711_809604-003059.parquet,35484,downloaded,35484,
2026-07-17,NSE,KOTAKBANK,raw_l2/trade_date=2026-07-17/exchange=NSE/symbol=KOTAKBANK/part-040725_873454-003091.parquet,real_data_sample\l2_unseen_validation\trade_date=2026-07-17\exchange=NSE\symbol=KOTAKBANK\part-040725_873454-003091.parquet,34588,downloaded,34588,
2026-07-17,NSE,KOTAKBANK,raw_l2/trade_date=2026-07-17/exchange=NSE/symbol=KOTAKBANK/part-040850_980297-003283.parquet,real_data_sample\l2_unseen_validation\trade_date=2026-07-17\exchange=NSE\symbol=KOTAKBANK\part-040850_980297-003283.parquet,34479,downloaded,34479,
2026-07-17,NSE,KOTAKBANK,raw_l2/trade_date=2026-07-17/exchange=NSE/symbol=KOTAKBANK/part-040754_106162-003155.parquet,real_data_sample\l2_unseen_validation\trade_date=2026-07-17\exchange=NSE\symbol=KOTAKBANK\part-040754_106162-003155.parquet,34657,downloaded,34657,
2026-07-17,NSE,KOTAKBANK,raw_l2/trade_date=2026-07-17/exchange=NSE/symbol=KOTAKBANK/part-040740_081722-003123.parquet,real_data_sample\l2_unseen_validation\trade_date=2026-07-17\exchange=NSE\symbol=KOTAKBANK\part-040740_081722-003123.parquet,34609,downloaded,34609,
2026-07-17,NSE,KOTAKBANK,raw_l2/trade_date=2026-07-17/exchange=NSE/symbol=KOTAKBANK/part-041346_200580-003955.parquet,real_data_sample\l2_unseen_validation\trade_date=2026-07-17\exchange=NSE\symbol=KOTAKBANK\part-041346_200580-003955.parquet,34458,downloaded,34458,
2026-07-17,NSE,KOTAKBANK,raw_l2/trade_date=2026-07-17/exchange=NSE/symbol=KOTAKBANK/part-041400_294956-003987.parquet,real_data_sample\l2_unseen_validation\trade_date=2026-07-17\exchange=NSE\symbol=KOTAKBANK\part-041400_294956-003987.parquet,34511,downloaded,34511,
2026-07-17,NSE,KOTAKBANK,raw_l2/trade_date=2026-07-17/exchange=NSE/symbol=KOTAKBANK/part-041414_367439-004019.parquet,real_data_sample\l2_unseen_validation\trade_date=2026-07-17\exchange=NSE\symbol=KOTAKBANK\part-041414_367439-004019.parquet,34532,downloaded,34532,
2026-07-17,NSE,KOTAKBANK,raw_l2/trade_date=2026-07-17/exchange=NSE/symbol=KOTAKBANK/part-041016_061099-003475.parquet,real_data_sample\l2_unseen_validation\trade_date=2026-07-17\exchange=NSE\symbol=KOTAKBANK\part-041016_061099-003475.parquet,35387,downloaded,35387,
2026-07-17,NSE,KOTAKBANK,raw_l2/trade_date=2026-07-17/exchange=NSE/symbol=KOTAKBANK/part-041428_360979-004051.parquet,real_data_sample\l2_unseen_validation\trade_date=2026-07-17\exchange=NSE\symbol=KOTAKBANK\part-041428_360979-004051.parquet,34534,downloaded,34534,
2026-07-17,NSE,KOTAKBANK,raw_l2/trade_date=2026-07-17/exchange=NSE/symbol=KOTAKBANK/part-040808_086664-003187.parquet,real_data_sample\l2_unseen_validation\trade_date=2026-07-17\exchange=NSE\symbol=KOTAKBANK\part-040808_086664-003187.parquet,34539,downloaded,34539,
2026-07-17,NSE,KOTAKBANK,raw_l2/trade_date=2026-07-17/exchange=NSE/symbol=KOTAKBANK/part-041332_155504-003923.parquet,real_data_sample\l2_unseen_validation\trade_date=2026-07-17\exchange=NSE\symbol=KOTAKBANK\part-041332_155504-003923.parquet,34685,downloaded,34685,
2026-07-17,NSE,KOTAKBANK,raw_l2/trade_date=2026-07-17/exchange=NSE/symbol=KOTAKBANK/part-041442_391594-004083.parquet,real_data_sample\l2_unseen_validation\trade_date=2026-07-17\exchange=NSE\symbol=KOTAKBANK\part-041442_391594-004083.parquet,34572,downloaded,34572,
2026-07-17,NSE,KOTAKBANK,raw_l2/trade_date=2026-07-17/exchange=NSE/symbol=KOTAKBANK/part-041002_250163-003443.parquet,real_data_sample\l2_unseen_validation\trade_date=2026-07-17\exchange=NSE\symbol=KOTAKBANK\part-041002_250163-003443.parquet,34508,downloaded,34508,
2026-07-17,NSE,KOTAKBANK,raw_l2/trade_date=2026-07-17/exchange=NSE/symbol=KOTAKBANK/part-040933_642163-003379.parquet,real_data_sample\l2_unseen_validation\trade_date=2026-07-17\exchange=NSE\symbol=KOTAKBANK\part-040933_642163-003379.parquet,34745,downloaded,34745,
2026-07-17,NSE,KOTAKBANK,raw_l2/trade_date=2026-07-17/exchange=NSE/symbol=KOTAKBANK/part-040947_896096-003411.parquet,real_data_sample\l2_unseen_validation\trade_date=2026-07-17\exchange=NSE\symbol=KOTAKBANK\part-040947_896096-003411.parquet,34685,downloaded,34685,
2026-07-17,NSE,KOTAKBANK,raw_l2/trade_date=2026-07-17/exchange=NSE/symbol=KOTAKBANK/part-041030_329987-003507.parquet,real_data_sample\l2_unseen_validation\trade_date=2026-07-17\exchange=NSE\symbol=KOTAKBANK\part-041030_329987-003507.parquet,36088,downloaded,36088,
2026-07-17,NSE,KOTAKBANK,raw_l2/trade_date=2026-07-17/exchange=NSE/symbol=KOTAKBANK/part-041112_989863-003603.parquet,real_data_sample\l2_unseen_validation\trade_date=2026-07-17\exchange=NSE\symbol=KOTAKBANK\part-041112_989863-003603.parquet,35989,downloaded,35989,
2026-07-17,NSE,KOTAKBANK,raw_l2/trade_date=2026-07-17/exchange=NSE/symbol=KOTAKBANK/part-040905_108070-003315.parquet,real_data_sample\l2_unseen_validation\trade_date=2026-07-17\exchange=NSE\symbol=KOTAKBANK\part-040905_108070-003315.parquet,34708,downloaded,34708,
2026-07-17,NSE,KOTAKBANK,raw_l2/trade_date=2026-07-17/exchange=NSE/symbol=KOTAKBANK/part-041058_875571-003571.parquet,real_data_sample\l2_unseen_validation\trade_date=2026-07-17\exchange=NSE\symbol=KOTAKBANK\part-041058_875571-003571.parquet,35921,downloaded,35921,
2026-07-17,NSE,KOTAKBANK,raw_l2/trade_date=2026-07-17/exchange=NSE/symbol=KOTAKBANK/part-041044_459756-003539.parquet,real_data_sample\l2_unseen_validation\trade_date=2026-07-17\exchange=NSE\symbol=KOTAKBANK\part-041044_459756-003539.parquet,35966,downloaded,35966,
2026-07-17,NSE,KOTAKBANK,raw_l2/trade_date=2026-07-17/exchange=NSE/symbol=KOTAKBANK/part-040836_610365-003251.parquet,real_data_sample\l2_unseen_validation\trade_date=2026-07-17\exchange=NSE\symbol=KOTAKBANK\part-040836_610365-003251.parquet,34663,downloaded,34663,
2026-07-17,NSE,KOTAKBANK,raw_l2/trade_date=2026-07-17/exchange=NSE/symbol=KOTAKBANK/part-040822_573455-003219.parquet,real_data_sample\l2_unseen_validation\trade_date=2026-07-17\exchange=NSE\symbol=KOTAKBANK\part-040822_573455-003219.parquet,34449,downloaded,34449,
2026-07-17,NSE,KOTAKBANK,raw_l2/trade_date=2026-07-17/exchange=NSE/symbol=KOTAKBANK/part-041250_349225-003827.parquet,real_data_sample\l2_unseen_validation\trade_date=2026-07-17\exchange=NSE\symbol=KOTAKBANK\part-041250_349225-003827.parquet,34595,downloaded,34595,
2026-07-17,NSE,KOTAKBANK,raw_l2/trade_date=2026-07-17/exchange=NSE/symbol=KOTAKBANK/part-041222_617064-003763.parquet,real_data_sample\l2_unseen_validation\trade_date=2026-07-17\exchange=NSE\symbol=KOTAKBANK\part-041222_617064-003763.parquet,34582,downloaded,34582,
2026-07-17,NSE,KOTAKBANK,raw_l2/trade_date=2026-07-17/exchange=NSE/symbol=KOTAKBANK/part-040919_279440-003347.parquet,real_data_sample\l2_unseen_validation\trade_date=2026-07-17\exchange=NSE\symbol=KOTAKBANK\part-040919_279440-003347.parquet,34747,downloaded,34747,
2026-07-17,NSE,KOTAKBANK,raw_l2/trade_date=2026-07-17/exchange=NSE/symbol=KOTAKBANK/part-041304_072415-003859.parquet,real_data_sample\l2_unseen_validation\trade_date=2026-07-17\exchange=NSE\symbol=KOTAKBANK\part-041304_072415-003859.parquet,34417,downloaded,34417,
2026-07-17,NSE,KOTAKBANK,raw_l2/trade_date=2026-07-17/exchange=NSE/symbol=KOTAKBANK/part-041317_991713-003891.parquet,real_data_sample\l2_unseen_validation\trade_date=2026-07-17\exchange=NSE\symbol=KOTAKBANK\part-041317_991713-003891.parquet,34596,downloaded,34596,
2026-07-17,NSE,KOTAKBANK,raw_l2/trade_date=2026-07-17/exchange=NSE/symbol=KOTAKBANK/part-041236_464797-003795.parquet,real_data_sample\l2_unseen_validation\trade_date=2026-07-17\exchange=NSE\symbol=KOTAKBANK\part-041236_464797-003795.parquet,34702,downloaded,34702,
2026-07-17,NSE,KOTAKBANK,raw_l2/trade_date=2026-07-17/exchange=NSE/symbol=KOTAKBANK/part-041126_756505-003635.parquet,real_data_sample\l2_unseen_validation\trade_date=2026-07-17\exchange=NSE\symbol=KOTAKBANK\part-041126_756505-003635.parquet,34586,downloaded,34586,
2026-07-17,NSE,KOTAKBANK,raw_l2/trade_date=2026-07-17/exchange=NSE/symbol=KOTAKBANK/part-041154_591935-003699.parquet,real_data_sample\l2_unseen_validation\trade_date=2026-07-17\exchange=NSE\symbol=KOTAKBANK\part-041154_591935-003699.parquet,34725,downloaded,34725,
2026-07-17,NSE,KOTAKBANK,raw_l2/trade_date=2026-07-17/exchange=NSE/symbol=KOTAKBANK/part-041208_702707-003731.parquet,real_data_sample\l2_unseen_validation\trade_date=2026-07-17\exchange=NSE\symbol=KOTAKBANK\part-041208_702707-003731.parquet,34659,downloaded,34659,
2026-07-17,NSE,KOTAKBANK,raw_l2/trade_date=2026-07-17/exchange=NSE/symbol=KOTAKBANK/part-041140_816660-003667.parquet,real_data_sample\l2_unseen_validation\trade_date=2026-07-17\exchange=NSE\symbol=KOTAKBANK\part-041140_816660-003667.parquet,34735,downloaded,34735,
2026-07-17,NSE,KOTAKBANK,raw_l2/trade_date=2026-07-17/exchange=NSE/symbol=KOTAKBANK/part-041456_313267-004115.parquet,real_data_sample\l2_unseen_validation\trade_date=2026-07-17\exchange=NSE\symbol=KOTAKBANK\part-041456_313267-004115.parquet,34511,downloaded,34511,
2026-07-17,NSE,KOTAKBANK,raw_l2/trade_date=2026-07-17/exchange=NSE/symbol=KOTAKBANK/part-041510_318104-004147.parquet,real_data_sample\l2_unseen_validation\trade_date=2026-07-17\exchange=NSE\symbol=KOTAKBANK\part-041510_318104-004147.parquet,34508,downloaded,34508,
2026-07-17,NSE,KOTAKBANK,raw_l2/trade_date=2026-07-17/exchange=NSE/symbol=KOTAKBANK/part-041538_032881-004211.parquet,real_data_sample\l2_unseen_validation\trade_date=2026-07-17\exchange=NSE\symbol=KOTAKBANK\part-041538_032881-004211.parquet,34543,downloaded,34543,
2026-07-17,NSE,KOTAKBANK,raw_l2/trade_date=2026-07-17/exchange=NSE/symbol=KOTAKBANK/part-041607_042701-004275.parquet,real_data_sample\l2_unseen_validation\trade_date=2026-07-17\exchange=NSE\symbol=KOTAKBANK\part-041607_042701-004275.parquet,34448,downloaded,34448,
2026-07-17,NSE,KOTAKBANK,raw_l2/trade_date=2026-07-17/exchange=NSE/symbol=KOTAKBANK/part-041524_136456-004179.parquet,real_data_sample\l2_unseen_validation\trade_date=2026-07-17\exchange=NSE\symbol=KOTAKBANK\part-041524_136456-004179.parquet,34532,downloaded,34532,
2026-07-17,NSE,KOTAKBANK,raw_l2/trade_date=2026-07-17/exchange=NSE/symbol=KOTAKBANK/part-041634_501353-004339.parquet,real_data_sample\l2_unseen_validation\trade_date=2026-07-17\exchange=NSE\symbol=KOTAKBANK\part-041634_501353-004339.parquet,34421,downloaded,34421,
2026-07-17,NSE,KOTAKBANK,raw_l2/trade_date=2026-07-17/exchange=NSE/symbol=KOTAKBANK/part-041620_834135-004307.parquet,real_data_sample\l2_unseen_validation\trade_date=2026-07-17\exchange=NSE\symbol=KOTAKBANK\part-041620_834135-004307.parquet,34710,downloaded,34710,
2026-07-17,NSE,KOTAKBANK,raw_l2/trade_date=2026-07-17/exchange=NSE/symbol=KOTAKBANK/part-041648_349127-004371.parquet,real_data_sample\l2_unseen_validation\trade_date=2026-07-17\exchange=NSE\symbol=KOTAKBANK\part-041648_349127-004371.parquet,34523,downloaded,34523,
2026-07-17,NSE,KOTAKBANK,raw_l2/trade_date=2026-07-17/exchange=NSE/symbol=KOTAKBANK/part-041715_975195-004435.parquet,real_data_sample\l2_unseen_validation\trade_date=2026-07-17\exchange=NSE\symbol=KOTAKBANK\part-041715_975195-004435.parquet,34489,downloaded,34489,
2026-07-17,NSE,KOTAKBANK,raw_l2/trade_date=2026-07-17/exchange=NSE/symbol=KOTAKBANK/part-041702_247136-004403.parquet,real_data_sample\l2_unseen_validation\trade_date=2026-07-17\exchange=NSE\symbol=KOTAKBANK\part-041702_247136-004403.parquet,34756,downloaded,34756,
2026-07-17,NSE,KOTAKBANK,raw_l2/trade_date=2026-07-17/exchange=NSE/symbol=KOTAKBANK/part-041839_345613-004627.parquet,real_data_sample\l2_unseen_validation\trade_date=2026-07-17\exchange=NSE\symbol=KOTAKBANK\part-041839_345613-004627.parquet,34494,downloaded,34494,
2026-07-17,NSE,KOTAKBANK,raw_l2/trade_date=2026-07-17/exchange=NSE/symbol=KOTAKBANK/part-042032_065053-004883.parquet,real_data_sample\l2_unseen_validation\trade_date=2026-07-17\exchange=NSE\symbol=KOTAKBANK\part-042032_065053-004883.parquet,34720,downloaded,34720,
2026-07-17,NSE,KOTAKBANK,raw_l2/trade_date=2026-07-17/exchange=NSE/symbol=KOTAKBANK/part-041907_888116-004691.parquet,real_data_sample\l2_unseen_validation\trade_date=2026-07-17\exchange=NSE\symbol=KOTAKBANK\part-041907_888116-004691.parquet,34847,downloaded,34847,
2026-07-17,NSE,KOTAKBANK,raw_l2/trade_date=2026-07-17/exchange=NSE/symbol=KOTAKBANK/part-042046_015154-004915.parquet,real_data_sample\l2_unseen_validation\trade_date=2026-07-17\exchange=NSE\symbol=KOTAKBANK\part-042046_015154-004915.parquet,34763,downloaded,34763,
2026-07-17,NSE,KOTAKBANK,raw_l2/trade_date=2026-07-17/exchange=NSE/symbol=KOTAKBANK/part-042059_730051-004947.parquet,real_data_sample\l2_unseen_validation\trade_date=2026-07-17\exchange=NSE\symbol=KOTAKBANK\part-042059_730051-004947.parquet,34460,downloaded,34460,
2026-07-17,NSE,KOTAKBANK,raw_l2/trade_date=2026-07-17/exchange=NSE/symbol=KOTAKBANK/part-041811_738598-004563.parquet,real_data_sample\l2_unseen_validation\trade_date=2026-07-17\exchange=NSE\symbol=KOTAKBANK\part-041811_738598-004563.parquet,34534,downloaded,34534,
2026-07-17,NSE,KOTAKBANK,raw_l2/trade_date=2026-07-17/exchange=NSE/symbol=KOTAKBANK/part-041553_251221-004243.parquet,real_data_sample\l2_unseen_validation\trade_date=2026-07-17\exchange=NSE\symbol=KOTAKBANK\part-041553_251221-004243.parquet,34414,downloaded,34414,
2026-07-17,NSE,KOTAKBANK,raw_l2/trade_date=2026-07-17/exchange=NSE/symbol=KOTAKBANK/part-042113_576065-004979.parquet,real_data_sample\l2_unseen_validation\trade_date=2026-07-17\exchange=NSE\symbol=KOTAKBANK\part-042113_576065-004979.parquet,34930,downloaded,34930,
2026-07-17,NSE,KOTAKBANK,raw_l2/trade_date=2026-07-17/exchange=NSE/symbol=KOTAKBANK/part-042155_609515-005075.parquet,real_data_sample\l2_unseen_validation\trade_date=2026-07-17\exchange=NSE\symbol=KOTAKBANK\part-042155_609515-005075.parquet,35645,downloaded,35645,
2026-07-17,NSE,KOTAKBANK,raw_l2/trade_date=2026-07-17/exchange=NSE/symbol=KOTAKBANK/part-042127_505458-005011.parquet,real_data_sample\l2_unseen_validation\trade_date=2026-07-17\exchange=NSE\symbol=KOTAKBANK\part-042127_505458-005011.parquet,35797,downloaded,35797,
2026-07-17,NSE,KOTAKBANK,raw_l2/trade_date=2026-07-17/exchange=NSE/symbol=KOTAKBANK/part-041950_392576-004787.parquet,real_data_sample\l2_unseen_validation\trade_date=2026-07-17\exchange=NSE\symbol=KOTAKBANK\part-041950_392576-004787.parquet,34469,downloaded,34469,
2026-07-17,NSE,KOTAKBANK,raw_l2/trade_date=2026-07-17/exchange=NSE/symbol=KOTAKBANK/part-041744_324445-004499.parquet,real_data_sample\l2_unseen_validation\trade_date=2026-07-17\exchange=NSE\symbol=KOTAKBANK\part-041744_324445-004499.parquet,34656,downloaded,34656,
2026-07-17,NSE,KOTAKBANK,raw_l2/trade_date=2026-07-17/exchange=NSE/symbol=KOTAKBANK/part-041730_423859-004467.parquet,real_data_sample\l2_unseen_validation\trade_date=2026-07-17\exchange=NSE\symbol=KOTAKBANK\part-041730_423859-004467.parquet,34662,downloaded,34662,
2026-07-17,NSE,KOTAKBANK,raw_l2/trade_date=2026-07-17/exchange=NSE/symbol=KOTAKBANK/part-041825_516666-004595.parquet,real_data_sample\l2_unseen_validation\trade_date=2026-07-17\exchange=NSE\symbol=KOTAKBANK\part-041825_516666-004595.parquet,34414,downloaded,34414,
2026-07-17,NSE,KOTAKBANK,raw_l2/trade_date=2026-07-17/exchange=NSE/symbol=KOTAKBANK/part-041758_062364-004531.parquet,real_data_sample\l2_unseen_validation\trade_date=2026-07-17\exchange=NSE\symbol=KOTAKBANK\part-041758_062364-004531.parquet,34494,downloaded,34494,
2026-07-17,NSE,KOTAKBANK,raw_l2/trade_date=2026-07-17/exchange=NSE/symbol=KOTAKBANK/part-042018_301754-004851.parquet,real_data_sample\l2_unseen_validation\trade_date=2026-07-17\exchange=NSE\symbol=KOTAKBANK\part-042018_301754-004851.parquet,34413,downloaded,34413,
2026-07-17,NSE,KOTAKBANK,raw_l2/trade_date=2026-07-17/exchange=NSE/symbol=KOTAKBANK/part-041922_270650-004723.parquet,real_data_sample\l2_unseen_validation\trade_date=2026-07-17\exchange=NSE\symbol=KOTAKBANK\part-041922_270650-004723.parquet,34653,downloaded,34653,
2026-07-17,NSE,KOTAKBANK,raw_l2/trade_date=2026-07-17/exchange=NSE/symbol=KOTAKBANK/part-041853_552940-004659.parquet,real_data_sample\l2_unseen_validation\trade_date=2026-07-17\exchange=NSE\symbol=KOTAKBANK\part-041853_552940-004659.parquet,34537,downloaded,34537,
2026-07-17,NSE,KOTAKBANK,raw_l2/trade_date=2026-07-17/exchange=NSE/symbol=KOTAKBANK/part-042004_243661-004819.parquet,real_data_sample\l2_unseen_validation\trade_date=2026-07-17\exchange=NSE\symbol=KOTAKBANK\part-042004_243661-004819.parquet,34566,downloaded,34566,
2026-07-17,NSE,KOTAKBANK,raw_l2/trade_date=2026-07-17/exchange=NSE/symbol=KOTAKBANK/part-041936_343346-004755.parquet,real_data_sample\l2_unseen_validation\trade_date=2026-07-17\exchange=NSE\symbol=KOTAKBANK\part-041936_343346-004755.parquet,34774,downloaded,34774,
2026-07-17,NSE,KOTAKBANK,raw_l2/trade_date=2026-07-17/exchange=NSE/symbol=KOTAKBANK/part-042141_608885-005043.parquet,real_data_sample\l2_unseen_validation\trade_date=2026-07-17\exchange=NSE\symbol=KOTAKBANK\part-042141_608885-005043.parquet,36217,downloaded,36217,
2026-07-17,NSE,KOTAKBANK,raw_l2/trade_date=2026-07-17/exchange=NSE/symbol=KOTAKBANK/part-042209_647540-005107.parquet,real_data_sample\l2_unseen_validation\trade_date=2026-07-17\exchange=NSE\symbol=KOTAKBANK\part-042209_647540-005107.parquet,35998,downloaded,35998,
2026-07-17,NSE,KOTAKBANK,raw_l2/trade_date=2026-07-17/exchange=NSE/symbol=KOTAKBANK/part-042237_506328-005171.parquet,real_data_sample\l2_unseen_validation\trade_date=2026-07-17\exchange=NSE\symbol=KOTAKBANK\part-042237_506328-005171.parquet,34763,downloaded,34763,
2026-07-17,NSE,KOTAKBANK,raw_l2/trade_date=2026-07-17/exchange=NSE/symbol=KOTAKBANK/part-042223_655965-005139.parquet,real_data_sample\l2_unseen_validation\trade_date=2026-07-17\exchange=NSE\symbol=KOTAKBANK\part-042223_655965-005139.parquet,34776,downloaded,34776,
2026-07-17,NSE,KOTAKBANK,raw_l2/trade_date=2026-07-17/exchange=NSE/symbol=KOTAKBANK/part-042251_325767-005203.parquet,real_data_sample\l2_unseen_validation\trade_date=2026-07-17\exchange=NSE\symbol=KOTAKBANK\part-042251_325767-005203.parquet,34535,downloaded,34535,
2026-07-17,NSE,KOTAKBANK,raw_l2/trade_date=2026-07-17/exchange=NSE/symbol=KOTAKBANK/part-042333_339275-005299.parquet,real_data_sample\l2_unseen_validation\trade_date=2026-07-17\exchange=NSE\symbol=KOTAKBANK\part-042333_339275-005299.parquet,34703,downloaded,34703,
2026-07-17,NSE,KOTAKBANK,raw_l2/trade_date=2026-07-17/exchange=NSE/symbol=KOTAKBANK/part-042305_257973-005235.parquet,real_data_sample\l2_unseen_validation\trade_date=2026-07-17\exchange=NSE\symbol=KOTAKBANK\part-042305_257973-005235.parquet,34499,downloaded,34499,
2026-07-17,NSE,KOTAKBANK,raw_l2/trade_date=2026-07-17/exchange=NSE/symbol=KOTAKBANK/part-042319_397075-005267.parquet,real_data_sample\l2_unseen_validation\trade_date=2026-07-17\exchange=NSE\symbol=KOTAKBANK\part-042319_397075-005267.parquet,34398,downloaded,34398,
2026-07-17,NSE,KOTAKBANK,raw_l2/trade_date=2026-07-17/exchange=NSE/symbol=KOTAKBANK/part-042401_292676-005363.parquet,real_data_sample\l2_unseen_validation\trade_date=2026-07-17\exchange=NSE\symbol=KOTAKBANK\part-042401_292676-005363.parquet,34738,downloaded,34738,
2026-07-17,NSE,KOTAKBANK,raw_l2/trade_date=2026-07-17/exchange=NSE/symbol=KOTAKBANK/part-042456_773047-005491.parquet,real_data_sample\l2_unseen_validation\trade_date=2026-07-17\exchange=NSE\symbol=KOTAKBANK\part-042456_773047-005491.parquet,35935,downloaded,35935,
2026-07-17,NSE,KOTAKBANK,raw_l2/trade_date=2026-07-17/exchange=NSE/symbol=KOTAKBANK/part-042443_127191-005459.parquet,real_data_sample\l2_unseen_validation\trade_date=2026-07-17\exchange=NSE\symbol=KOTAKBANK\part-042443_127191-005459.parquet,36107,downloaded,36107,
2026-07-17,NSE,KOTAKBANK,raw_l2/trade_date=2026-07-17/exchange=NSE/symbol=KOTAKBANK/part-042415_034608-005395.parquet,real_data_sample\l2_unseen_validation\trade_date=2026-07-17\exchange=NSE\symbol=KOTAKBANK\part-042415_034608-005395.parquet,35057,downloaded,35057,
2026-07-17,NSE,KOTAKBANK,raw_l2/trade_date=2026-07-17/exchange=NSE/symbol=KOTAKBANK/part-042429_110766-005427.parquet,real_data_sample\l2_unseen_validation\trade_date=2026-07-17\exchange=NSE\symbol=KOTAKBANK\part-042429_110766-005427.parquet,35908,downloaded,35908,
2026-07-17,NSE,KOTAKBANK,raw_l2/trade_date=2026-07-17/exchange=NSE/symbol=KOTAKBANK/part-042524_510428-005555.parquet,real_data_sample\l2_unseen_validation\trade_date=2026-07-17\exchange=NSE\symbol=KOTAKBANK\part-042524_510428-005555.parquet,34760,downloaded,34760,
2026-07-17,NSE,KOTAKBANK,raw_l2/trade_date=2026-07-17/exchange=NSE/symbol=KOTAKBANK/part-040134_310650-002291.parquet,real_data_sample\l2_unseen_validation\trade_date=2026-07-17\exchange=NSE\symbol=KOTAKBANK\part-040134_310650-002291.parquet,34597,downloaded,34597,
2026-07-17,NSE,KOTAKBANK,raw_l2/trade_date=2026-07-17/exchange=NSE/symbol=KOTAKBANK/part-042552_545386-005619.parquet,real_data_sample\l2_unseen_validation\trade_date=2026-07-17\exchange=NSE\symbol=KOTAKBANK\part-042552_545386-005619.parquet,34668,downloaded,34668,
2026-07-17,NSE,KOTAKBANK,raw_l2/trade_date=2026-07-17/exchange=NSE/symbol=KOTAKBANK/part-042648_900729-005747.parquet,real_data_sample\l2_unseen_validation\trade_date=2026-07-17\exchange=NSE\symbol=KOTAKBANK\part-042648_900729-005747.parquet,36015,downloaded,36015,
2026-07-17,NSE,KOTAKBANK,raw_l2/trade_date=2026-07-17/exchange=NSE/symbol=KOTAKBANK/part-042702_902072-005779.parquet,real_data_sample\l2_unseen_validation\trade_date=2026-07-17\exchange=NSE\symbol=KOTAKBANK\part-042702_902072-005779.parquet,36748,downloaded,36748,
2026-07-17,NSE,KOTAKBANK,raw_l2/trade_date=2026-07-17/exchange=NSE/symbol=KOTAKBANK/part-042510_576832-005523.parquet,real_data_sample\l2_unseen_validation\trade_date=2026-07-17\exchange=NSE\symbol=KOTAKBANK\part-042510_576832-005523.parquet,36008,downloaded,36008,
2026-07-17,NSE,KOTAKBANK,raw_l2/trade_date=2026-07-17/exchange=NSE/symbol=KOTAKBANK/part-042606_737513-005651.parquet,real_data_sample\l2_unseen_validation\trade_date=2026-07-17\exchange=NSE\symbol=KOTAKBANK\part-042606_737513-005651.parquet,34452,downloaded,34452,
2026-07-17,NSE,KOTAKBANK,raw_l2/trade_date=2026-07-17/exchange=NSE/symbol=KOTAKBANK/part-042840_352266-006003.parquet,real_data_sample\l2_unseen_validation\trade_date=2026-07-17\exchange=NSE\symbol=KOTAKBANK\part-042840_352266-006003.parquet,34842,downloaded,34842,
2026-07-17,NSE,KOTAKBANK,raw_l2/trade_date=2026-07-17/exchange=NSE/symbol=KOTAKBANK/part-042730_947260-005843.parquet,real_data_sample\l2_unseen_validation\trade_date=2026-07-17\exchange=NSE\symbol=KOTAKBANK\part-042730_947260-005843.parquet,35824,downloaded,35824,
2026-07-17,NSE,KOTAKBANK,raw_l2/trade_date=2026-07-17/exchange=NSE/symbol=KOTAKBANK/part-042620_754513-005683.parquet,real_data_sample\l2_unseen_validation\trade_date=2026-07-17\exchange=NSE\symbol=KOTAKBANK\part-042620_754513-005683.parquet,35732,downloaded,35732,
2026-07-17,NSE,KOTAKBANK,raw_l2/trade_date=2026-07-17/exchange=NSE/symbol=KOTAKBANK/part-042538_701424-005587.parquet,real_data_sample\l2_unseen_validation\trade_date=2026-07-17\exchange=NSE\symbol=KOTAKBANK\part-042538_701424-005587.parquet,34785,downloaded,34785,
2026-07-17,NSE,KOTAKBANK,raw_l2/trade_date=2026-07-17/exchange=NSE/symbol=KOTAKBANK/part-042716_882292-005811.parquet,real_data_sample\l2_unseen_validation\trade_date=2026-07-17\exchange=NSE\symbol=KOTAKBANK\part-042716_882292-005811.parquet,36042,downloaded,36042,
2026-07-17,NSE,KOTAKBANK,raw_l2/trade_date=2026-07-17/exchange=NSE/symbol=KOTAKBANK/part-042936_126104-006131.parquet,real_data_sample\l2_unseen_validation\trade_date=2026-07-17\exchange=NSE\symbol=KOTAKBANK\part-042936_126104-006131.parquet,36152,downloaded,36152,
2026-07-17,NSE,KOTAKBANK,raw_l2/trade_date=2026-07-17/exchange=NSE/symbol=KOTAKBANK/part-042634_909095-005715.parquet,real_data_sample\l2_unseen_validation\trade_date=2026-07-17\exchange=NSE\symbol=KOTAKBANK\part-042634_909095-005715.parquet,35978,downloaded,35978,
2026-07-17,NSE,KOTAKBANK,raw_l2/trade_date=2026-07-17/exchange=NSE/symbol=KOTAKBANK/part-042854_259364-006035.parquet,real_data_sample\l2_unseen_validation\trade_date=2026-07-17\exchange=NSE\symbol=KOTAKBANK\part-042854_259364-006035.parquet,34818,downloaded,34818,
2026-07-17,NSE,KOTAKBANK,raw_l2/trade_date=2026-07-17/exchange=NSE/symbol=KOTAKBANK/part-043004_136962-006195.parquet,real_data_sample\l2_unseen_validation\trade_date=2026-07-17\exchange=NSE\symbol=KOTAKBANK\part-043004_136962-006195.parquet,35563,downloaded,35563,
2026-07-17,NSE,KOTAKBANK,raw_l2/trade_date=2026-07-17/exchange=NSE/symbol=KOTAKBANK/part-042812_309193-005939.parquet,real_data_sample\l2_unseen_validation\trade_date=2026-07-17\exchange=NSE\symbol=KOTAKBANK\part-042812_309193-005939.parquet,35948,downloaded,35948,
2026-07-17,NSE,KOTAKBANK,raw_l2/trade_date=2026-07-17/exchange=NSE/symbol=KOTAKBANK/part-042347_362216-005331.parquet,real_data_sample\l2_unseen_validation\trade_date=2026-07-17\exchange=NSE\symbol=KOTAKBANK\part-042347_362216-005331.parquet,34791,downloaded,34791,
2026-07-17,NSE,KOTAKBANK,raw_l2/trade_date=2026-07-17/exchange=NSE/symbol=KOTAKBANK/part-042922_120349-006099.parquet,real_data_sample\l2_unseen_validation\trade_date=2026-07-17\exchange=NSE\symbol=KOTAKBANK\part-042922_120349-006099.parquet,35689,downloaded,35689,
2026-07-17,NSE,KOTAKBANK,raw_l2/trade_date=2026-07-17/exchange=NSE/symbol=KOTAKBANK/part-042908_192549-006067.parquet,real_data_sample\l2_unseen_validation\trade_date=2026-07-17\exchange=NSE\symbol=KOTAKBANK\part-042908_192549-006067.parquet,34826,downloaded,34826,
2026-07-17,NSE,KOTAKBANK,raw_l2/trade_date=2026-07-17/exchange=NSE/symbol=KOTAKBANK/part-042744_740205-005875.parquet,real_data_sample\l2_unseen_validation\trade_date=2026-07-17\exchange=NSE\symbol=KOTAKBANK\part-042744_740205-005875.parquet,36467,downloaded,36467,
2026-07-17,NSE,KOTAKBANK,raw_l2/trade_date=2026-07-17/exchange=NSE/symbol=KOTAKBANK/part-042826_411577-005971.parquet,real_data_sample\l2_unseen_validation\trade_date=2026-07-17\exchange=NSE\symbol=KOTAKBANK\part-042826_411577-005971.parquet,34819,downloaded,34819,
2026-07-17,NSE,KOTAKBANK,raw_l2/trade_date=2026-07-17/exchange=NSE/symbol=KOTAKBANK/part-042950_111471-006163.parquet,real_data_sample\l2_unseen_validation\trade_date=2026-07-17\exchange=NSE\symbol=KOTAKBANK\part-042950_111471-006163.parquet,35358,downloaded,35358,
2026-07-17,NSE,KOTAKBANK,raw_l2/trade_date=2026-07-17/exchange=NSE/symbol=KOTAKBANK/part-042758_507284-005907.parquet,real_data_sample\l2_unseen_validation\trade_date=2026-07-17\exchange=NSE\symbol=KOTAKBANK\part-042758_507284-005907.parquet,35668,downloaded,35668,
2026-07-17,NSE,KOTAKBANK,raw_l2/trade_date=2026-07-17/exchange=NSE/symbol=KOTAKBANK/part-043018_435792-006227.parquet,real_data_sample\l2_unseen_validation\trade_date=2026-07-17\exchange=NSE\symbol=KOTAKBANK\part-043018_435792-006227.parquet,35462,downloaded,35462,
2026-07-17,NSE,KOTAKBANK,raw_l2/trade_date=2026-07-17/exchange=NSE/symbol=KOTAKBANK/part-043046_056445-006291.parquet,real_data_sample\l2_unseen_validation\trade_date=2026-07-17\exchange=NSE\symbol=KOTAKBANK\part-043046_056445-006291.parquet,34726,downloaded,34726,
2026-07-17,NSE,KOTAKBANK,raw_l2/trade_date=2026-07-17/exchange=NSE/symbol=KOTAKBANK/part-043032_339563-006259.parquet,real_data_sample\l2_unseen_validation\trade_date=2026-07-17\exchange=NSE\symbol=KOTAKBANK\part-043032_339563-006259.parquet,34728,downloaded,34728,
2026-07-17,NSE,KOTAKBANK,raw_l2/trade_date=2026-07-17/exchange=NSE/symbol=KOTAKBANK/part-043059_781957-006323.parquet,real_data_sample\l2_unseen_validation\trade_date=2026-07-17\exchange=NSE\symbol=KOTAKBANK\part-043059_781957-006323.parquet,34446,downloaded,34446,
2026-07-17,NSE,KOTAKBANK,raw_l2/trade_date=2026-07-17/exchange=NSE/symbol=KOTAKBANK/part-043252_506749-006579.parquet,real_data_sample\l2_unseen_validation\trade_date=2026-07-17\exchange=NSE\symbol=KOTAKBANK\part-043252_506749-006579.parquet,34704,downloaded,34704,
2026-07-17,NSE,KOTAKBANK,raw_l2/trade_date=2026-07-17/exchange=NSE/symbol=KOTAKBANK/part-043210_138471-006483.parquet,real_data_sample\l2_unseen_validation\trade_date=2026-07-17\exchange=NSE\symbol=KOTAKBANK\part-043210_138471-006483.parquet,34789,downloaded,34789,
2026-07-17,NSE,KOTAKBANK,raw_l2/trade_date=2026-07-17/exchange=NSE/symbol=KOTAKBANK/part-043113_858843-006355.parquet,real_data_sample\l2_unseen_validation\trade_date=2026-07-17\exchange=NSE\symbol=KOTAKBANK\part-043113_858843-006355.parquet,34479,downloaded,34479,
2026-07-17,NSE,KOTAKBANK,raw_l2/trade_date=2026-07-17/exchange=NSE/symbol=KOTAKBANK/part-043156_076122-006451.parquet,real_data_sample\l2_unseen_validation\trade_date=2026-07-17\exchange=NSE\symbol=KOTAKBANK\part-043156_076122-006451.parquet,34434,downloaded,34434,
2026-07-17,NSE,KOTAKBANK,raw_l2/trade_date=2026-07-17/exchange=NSE/symbol=KOTAKBANK/part-043320_570661-006643.parquet,real_data_sample\l2_unseen_validation\trade_date=2026-07-17\exchange=NSE\symbol=KOTAKBANK\part-043320_570661-006643.parquet,34505,downloaded,34505,
2026-07-17,NSE,KOTAKBANK,raw_l2/trade_date=2026-07-17/exchange=NSE/symbol=KOTAKBANK/part-043306_367185-006611.parquet,real_data_sample\l2_unseen_validation\trade_date=2026-07-17\exchange=NSE\symbol=KOTAKBANK\part-043306_367185-006611.parquet,34678,downloaded,34678,
2026-07-17,NSE,KOTAKBANK,raw_l2/trade_date=2026-07-17/exchange=NSE/symbol=KOTAKBANK/part-043238_601898-006547.parquet,real_data_sample\l2_unseen_validation\trade_date=2026-07-17\exchange=NSE\symbol=KOTAKBANK\part-043238_601898-006547.parquet,34772,downloaded,34772,
2026-07-17,NSE,KOTAKBANK,raw_l2/trade_date=2026-07-17/exchange=NSE/symbol=KOTAKBANK/part-043334_632954-006675.parquet,real_data_sample\l2_unseen_validation\trade_date=2026-07-17\exchange=NSE\symbol=KOTAKBANK\part-043334_632954-006675.parquet,34742,downloaded,34742,
2026-07-17,NSE,KOTAKBANK,raw_l2/trade_date=2026-07-17/exchange=NSE/symbol=KOTAKBANK/part-043128_102169-006387.parquet,real_data_sample\l2_unseen_validation\trade_date=2026-07-17\exchange=NSE\symbol=KOTAKBANK\part-043128_102169-006387.parquet,34652,downloaded,34652,
2026-07-17,NSE,KOTAKBANK,raw_l2/trade_date=2026-07-17/exchange=NSE/symbol=KOTAKBANK/part-043430_647752-006803.parquet,real_data_sample\l2_unseen_validation\trade_date=2026-07-17\exchange=NSE\symbol=KOTAKBANK\part-043430_647752-006803.parquet,34509,downloaded,34509,
2026-07-17,NSE,KOTAKBANK,raw_l2/trade_date=2026-07-17/exchange=NSE/symbol=KOTAKBANK/part-043717_805934-007187.parquet,real_data_sample\l2_unseen_validation\trade_date=2026-07-17\exchange=NSE\symbol=KOTAKBANK\part-043717_805934-007187.parquet,35393,downloaded,35393,
2026-07-17,NSE,KOTAKBANK,raw_l2/trade_date=2026-07-17/exchange=NSE/symbol=KOTAKBANK/part-043402_554992-006739.parquet,real_data_sample\l2_unseen_validation\trade_date=2026-07-17\exchange=NSE\symbol=KOTAKBANK\part-043402_554992-006739.parquet,34691,downloaded,34691,
2026-07-17,NSE,KOTAKBANK,raw_l2/trade_date=2026-07-17/exchange=NSE/symbol=KOTAKBANK/part-043348_669852-006707.parquet,real_data_sample\l2_unseen_validation\trade_date=2026-07-17\exchange=NSE\symbol=KOTAKBANK\part-043348_669852-006707.parquet,34739,downloaded,34739,
2026-07-17,NSE,KOTAKBANK,raw_l2/trade_date=2026-07-17/exchange=NSE/symbol=KOTAKBANK/part-043621_789529-007059.parquet,real_data_sample\l2_unseen_validation\trade_date=2026-07-17\exchange=NSE\symbol=KOTAKBANK\part-043621_789529-007059.parquet,35557,downloaded,35557,
2026-07-17,NSE,KOTAKBANK,raw_l2/trade_date=2026-07-17/exchange=NSE/symbol=KOTAKBANK/part-043607_863167-007027.parquet,real_data_sample\l2_unseen_validation\trade_date=2026-07-17\exchange=NSE\symbol=KOTAKBANK\part-043607_863167-007027.parquet,34842,downloaded,34842,
2026-07-17,NSE,KOTAKBANK,raw_l2/trade_date=2026-07-17/exchange=NSE/symbol=KOTAKBANK/part-043539_863511-006963.parquet,real_data_sample\l2_unseen_validation\trade_date=2026-07-17\exchange=NSE\symbol=KOTAKBANK\part-043539_863511-006963.parquet,34982,downloaded,34982,
2026-07-17,NSE,KOTAKBANK,raw_l2/trade_date=2026-07-17/exchange=NSE/symbol=KOTAKBANK/part-043142_224193-006419.parquet,real_data_sample\l2_unseen_validation\trade_date=2026-07-17\exchange=NSE\symbol=KOTAKBANK\part-043142_224193-006419.parquet,34687,downloaded,34687,
2026-07-17,NSE,KOTAKBANK,raw_l2/trade_date=2026-07-17/exchange=NSE/symbol=KOTAKBANK/part-043745_597840-007251.parquet,real_data_sample\l2_unseen_validation\trade_date=2026-07-17\exchange=NSE\symbol=KOTAKBANK\part-043745_597840-007251.parquet,34837,downloaded,34837,
2026-07-17,NSE,KOTAKBANK,raw_l2/trade_date=2026-07-17/exchange=NSE/symbol=KOTAKBANK/part-043649_988597-007123.parquet,real_data_sample\l2_unseen_validation\trade_date=2026-07-17\exchange=NSE\symbol=KOTAKBANK\part-043649_988597-007123.parquet,36280,downloaded,36280,
2026-07-17,NSE,KOTAKBANK,raw_l2/trade_date=2026-07-17/exchange=NSE/symbol=KOTAKBANK/part-043703_916273-007155.parquet,real_data_sample\l2_unseen_validation\trade_date=2026-07-17\exchange=NSE\symbol=KOTAKBANK\part-043703_916273-007155.parquet,36503,downloaded,36503,
2026-07-17,NSE,KOTAKBANK,raw_l2/trade_date=2026-07-17/exchange=NSE/symbol=KOTAKBANK/part-043731_678803-007219.parquet,real_data_sample\l2_unseen_validation\trade_date=2026-07-17\exchange=NSE\symbol=KOTAKBANK\part-043731_678803-007219.parquet,34723,downloaded,34723,
2026-07-17,NSE,KOTAKBANK,raw_l2/trade_date=2026-07-17/exchange=NSE/symbol=KOTAKBANK/part-043553_808029-006995.parquet,real_data_sample\l2_unseen_validation\trade_date=2026-07-17\exchange=NSE\symbol=KOTAKBANK\part-043553_808029-006995.parquet,34692,downloaded,34692,
2026-07-17,NSE,KOTAKBANK,raw_l2/trade_date=2026-07-17/exchange=NSE/symbol=KOTAKBANK/part-043416_744953-006771.parquet,real_data_sample\l2_unseen_validation\trade_date=2026-07-17\exchange=NSE\symbol=KOTAKBANK\part-043416_744953-006771.parquet,34675,downloaded,34675,
2026-07-17,NSE,KOTAKBANK,raw_l2/trade_date=2026-07-17/exchange=NSE/symbol=KOTAKBANK/part-043635_804310-007091.parquet,real_data_sample\l2_unseen_validation\trade_date=2026-07-17\exchange=NSE\symbol=KOTAKBANK\part-043635_804310-007091.parquet,36361,downloaded,36361,
2026-07-17,NSE,KOTAKBANK,raw_l2/trade_date=2026-07-17/exchange=NSE/symbol=KOTAKBANK/part-043813_124487-007315.parquet,real_data_sample\l2_unseen_validation\trade_date=2026-07-17\exchange=NSE\symbol=KOTAKBANK\part-043813_124487-007315.parquet,34854,downloaded,34854,
2026-07-17,NSE,KOTAKBANK,raw_l2/trade_date=2026-07-17/exchange=NSE/symbol=KOTAKBANK/part-043224_524000-006515.parquet,real_data_sample\l2_unseen_validation\trade_date=2026-07-17\exchange=NSE\symbol=KOTAKBANK\part-043224_524000-006515.parquet,34500,downloaded,34500,
2026-07-17,NSE,KOTAKBANK,raw_l2/trade_date=2026-07-17/exchange=NSE/symbol=KOTAKBANK/part-043759_277196-007283.parquet,real_data_sample\l2_unseen_validation\trade_date=2026-07-17\exchange=NSE\symbol=KOTAKBANK\part-043759_277196-007283.parquet,34722,downloaded,34722,
2026-07-17,NSE,KOTAKBANK,raw_l2/trade_date=2026-07-17/exchange=NSE/symbol=KOTAKBANK/part-043444_598363-006835.parquet,real_data_sample\l2_unseen_validation\trade_date=2026-07-17\exchange=NSE\symbol=KOTAKBANK\part-043444_598363-006835.parquet,34790,downloaded,34790,
2026-07-17,NSE,KOTAKBANK,raw_l2/trade_date=2026-07-17/exchange=NSE/symbol=KOTAKBANK/part-043458_373586-006867.parquet,real_data_sample\l2_unseen_validation\trade_date=2026-07-17\exchange=NSE\symbol=KOTAKBANK\part-043458_373586-006867.parquet,34600,downloaded,34600,
2026-07-17,NSE,KOTAKBANK,raw_l2/trade_date=2026-07-17/exchange=NSE/symbol=KOTAKBANK/part-043526_078788-006931.parquet,real_data_sample\l2_unseen_validation\trade_date=2026-07-17\exchange=NSE\symbol=KOTAKBANK\part-043526_078788-006931.parquet,34663,downloaded,34663,
2026-07-17,NSE,KOTAKBANK,raw_l2/trade_date=2026-07-17/exchange=NSE/symbol=KOTAKBANK/part-043512_135627-006899.parquet,real_data_sample\l2_unseen_validation\trade_date=2026-07-17\exchange=NSE\symbol=KOTAKBANK\part-043512_135627-006899.parquet,34813,downloaded,34813,
2026-07-17,NSE,KOTAKBANK,raw_l2/trade_date=2026-07-17/exchange=NSE/symbol=KOTAKBANK/part-043855_903024-007411.parquet,real_data_sample\l2_unseen_validation\trade_date=2026-07-17\exchange=NSE\symbol=KOTAKBANK\part-043855_903024-007411.parquet,34602,downloaded,34602,
2026-07-17,NSE,KOTAKBANK,raw_l2/trade_date=2026-07-17/exchange=NSE/symbol=KOTAKBANK/part-043841_835590-007379.parquet,real_data_sample\l2_unseen_validation\trade_date=2026-07-17\exchange=NSE\symbol=KOTAKBANK\part-043841_835590-007379.parquet,34750,downloaded,34750,
2026-07-17,NSE,KOTAKBANK,raw_l2/trade_date=2026-07-17/exchange=NSE/symbol=KOTAKBANK/part-044126_977245-007763.parquet,real_data_sample\l2_unseen_validation\trade_date=2026-07-17\exchange=NSE\symbol=KOTAKBANK\part-044126_977245-007763.parquet,34688,downloaded,34688,
2026-07-17,NSE,KOTAKBANK,raw_l2/trade_date=2026-07-17/exchange=NSE/symbol=KOTAKBANK/part-044113_257654-007731.parquet,real_data_sample\l2_unseen_validation\trade_date=2026-07-17\exchange=NSE\symbol=KOTAKBANK\part-044113_257654-007731.parquet,34729,downloaded,34729,
2026-07-17,NSE,KOTAKBANK,raw_l2/trade_date=2026-07-17/exchange=NSE/symbol=KOTAKBANK/part-044535_708517-008339.parquet,real_data_sample\l2_unseen_validation\trade_date=2026-07-17\exchange=NSE\symbol=KOTAKBANK\part-044535_708517-008339.parquet,36027,downloaded,36027,
2026-07-17,NSE,KOTAKBANK,raw_l2/trade_date=2026-07-17/exchange=NSE/symbol=KOTAKBANK/part-044454_503435-008243.parquet,real_data_sample\l2_unseen_validation\trade_date=2026-07-17\exchange=NSE\symbol=KOTAKBANK\part-044454_503435-008243.parquet,34545,downloaded,34545,
2026-07-17,NSE,KOTAKBANK,raw_l2/trade_date=2026-07-17/exchange=NSE/symbol=KOTAKBANK/part-044317_771834-008019.parquet,real_data_sample\l2_unseen_validation\trade_date=2026-07-17\exchange=NSE\symbol=KOTAKBANK\part-044317_771834-008019.parquet,34778,downloaded,34778,
2026-07-17,NSE,KOTAKBANK,raw_l2/trade_date=2026-07-17/exchange=NSE/symbol=KOTAKBANK/part-044522_070154-008307.parquet,real_data_sample\l2_unseen_validation\trade_date=2026-07-17\exchange=NSE\symbol=KOTAKBANK\part-044522_070154-008307.parquet,36220,downloaded,36220,
2026-07-17,NSE,KOTAKBANK,raw_l2/trade_date=2026-07-17/exchange=NSE/symbol=KOTAKBANK/part-044250_078098-007955.parquet,real_data_sample\l2_unseen_validation\trade_date=2026-07-17\exchange=NSE\symbol=KOTAKBANK\part-044250_078098-007955.parquet,34673,downloaded,34673,
2026-07-17,NSE,KOTAKBANK,raw_l2/trade_date=2026-07-17/exchange=NSE/symbol=KOTAKBANK/part-044004_538756-007571.parquet,real_data_sample\l2_unseen_validation\trade_date=2026-07-17\exchange=NSE\symbol=KOTAKBANK\part-044004_538756-007571.parquet,34716,downloaded,34716,
2026-07-17,NSE,KOTAKBANK,raw_l2/trade_date=2026-07-17/exchange=NSE/symbol=KOTAKBANK/part-044426_687325-008179.parquet,real_data_sample\l2_unseen_validation\trade_date=2026-07-17\exchange=NSE\symbol=KOTAKBANK\part-044426_687325-008179.parquet,34629,downloaded,34629,
2026-07-17,NSE,KOTAKBANK,raw_l2/trade_date=2026-07-17/exchange=NSE/symbol=KOTAKBANK/part-044345_529113-008083.parquet,real_data_sample\l2_unseen_validation\trade_date=2026-07-17\exchange=NSE\symbol=KOTAKBANK\part-044345_529113-008083.parquet,34692,downloaded,34692,
2026-07-17,NSE,KOTAKBANK,raw_l2/trade_date=2026-07-17/exchange=NSE/symbol=KOTAKBANK/part-044413_052508-008147.parquet,real_data_sample\l2_unseen_validation\trade_date=2026-07-17\exchange=NSE\symbol=KOTAKBANK\part-044413_052508-008147.parquet,34699,downloaded,34699,
2026-07-17,NSE,KOTAKBANK,raw_l2/trade_date=2026-07-17/exchange=NSE/symbol=KOTAKBANK/part-044331_759964-008051.parquet,real_data_sample\l2_unseen_validation\trade_date=2026-07-17\exchange=NSE\symbol=KOTAKBANK\part-044331_759964-008051.parquet,34751,downloaded,34751,
2026-07-17,NSE,KOTAKBANK,raw_l2/trade_date=2026-07-17/exchange=NSE/symbol=KOTAKBANK/part-044303_838487-007987.parquet,real_data_sample\l2_unseen_validation\trade_date=2026-07-17\exchange=NSE\symbol=KOTAKBANK\part-044303_838487-007987.parquet,34623,downloaded,34623,
2026-07-17,NSE,KOTAKBANK,raw_l2/trade_date=2026-07-17/exchange=NSE/symbol=KOTAKBANK/part-044440_576689-008211.parquet,real_data_sample\l2_unseen_validation\trade_date=2026-07-17\exchange=NSE\symbol=KOTAKBANK\part-044440_576689-008211.parquet,34776,downloaded,34776,
2026-07-17,NSE,KOTAKBANK,raw_l2/trade_date=2026-07-17/exchange=NSE/symbol=KOTAKBANK/part-043950_796388-007539.parquet,real_data_sample\l2_unseen_validation\trade_date=2026-07-17\exchange=NSE\symbol=KOTAKBANK\part-043950_796388-007539.parquet,34743,downloaded,34743,
2026-07-17,NSE,KOTAKBANK,raw_l2/trade_date=2026-07-17/exchange=NSE/symbol=KOTAKBANK/part-044359_331021-008115.parquet,real_data_sample\l2_unseen_validation\trade_date=2026-07-17\exchange=NSE\symbol=KOTAKBANK\part-044359_331021-008115.parquet,34709,downloaded,34709,
2026-07-17,NSE,KOTAKBANK,raw_l2/trade_date=2026-07-17/exchange=NSE/symbol=KOTAKBANK/part-044549_557974-008371.parquet,real_data_sample\l2_unseen_validation\trade_date=2026-07-17\exchange=NSE\symbol=KOTAKBANK\part-044549_557974-008371.parquet,35625,downloaded,35625,
2026-07-17,NSE,KOTAKBANK,raw_l2/trade_date=2026-07-17/exchange=NSE/symbol=KOTAKBANK/part-044835_790896-008755.parquet,real_data_sample\l2_unseen_validation\trade_date=2026-07-17\exchange=NSE\symbol=KOTAKBANK\part-044835_790896-008755.parquet,34774,downloaded,34774,
2026-07-17,NSE,KOTAKBANK,raw_l2/trade_date=2026-07-17/exchange=NSE/symbol=KOTAKBANK/part-044658_798271-008531.parquet,real_data_sample\l2_unseen_validation\trade_date=2026-07-17\exchange=NSE\symbol=KOTAKBANK\part-044658_798271-008531.parquet,35708,downloaded,35708,
2026-07-17,NSE,KOTAKBANK,raw_l2/trade_date=2026-07-17/exchange=NSE/symbol=KOTAKBANK/part-044917_030926-008851.parquet,real_data_sample\l2_unseen_validation\trade_date=2026-07-17\exchange=NSE\symbol=KOTAKBANK\part-044917_030926-008851.parquet,35115,downloaded,35115,
2026-07-17,NSE,KOTAKBANK,raw_l2/trade_date=2026-07-17/exchange=NSE/symbol=KOTAKBANK/part-044603_434932-008403.parquet,real_data_sample\l2_unseen_validation\trade_date=2026-07-17\exchange=NSE\symbol=KOTAKBANK\part-044603_434932-008403.parquet,36019,downloaded,36019,
2026-07-17,NSE,KOTAKBANK,raw_l2/trade_date=2026-07-17/exchange=NSE/symbol=KOTAKBANK/part-044821_841823-008723.parquet,real_data_sample\l2_unseen_validation\trade_date=2026-07-17\exchange=NSE\symbol=KOTAKBANK\part-044821_841823-008723.parquet,34691,downloaded,34691,
2026-07-17,NSE,KOTAKBANK,raw_l2/trade_date=2026-07-17/exchange=NSE/symbol=KOTAKBANK/part-044712_528064-008563.parquet,real_data_sample\l2_unseen_validation\trade_date=2026-07-17\exchange=NSE\symbol=KOTAKBANK\part-044712_528064-008563.parquet,35889,downloaded,35889,
2026-07-17,NSE,KOTAKBANK,raw_l2/trade_date=2026-07-17/exchange=NSE/symbol=KOTAKBANK/part-044617_258925-008435.parquet,real_data_sample\l2_unseen_validation\trade_date=2026-07-17\exchange=NSE\symbol=KOTAKBANK\part-044617_258925-008435.parquet,36232,downloaded,36232,
2026-07-17,NSE,KOTAKBANK,raw_l2/trade_date=2026-07-17/exchange=NSE/symbol=KOTAKBANK/part-044631_026134-008467.parquet,real_data_sample\l2_unseen_validation\trade_date=2026-07-17\exchange=NSE\symbol=KOTAKBANK\part-044631_026134-008467.parquet,35648,downloaded,35648,
2026-07-17,NSE,KOTAKBANK,raw_l2/trade_date=2026-07-17/exchange=NSE/symbol=KOTAKBANK/part-044726_265607-008595.parquet,real_data_sample\l2_unseen_validation\trade_date=2026-07-17\exchange=NSE\symbol=KOTAKBANK\part-044726_265607-008595.parquet,34726,downloaded,34726,
2026-07-17,NSE,KOTAKBANK,raw_l2/trade_date=2026-07-17/exchange=NSE/symbol=KOTAKBANK/part-044930_771516-008883.parquet,real_data_sample\l2_unseen_validation\trade_date=2026-07-17\exchange=NSE\symbol=KOTAKBANK\part-044930_771516-008883.parquet,35493,downloaded,35493,
2026-07-17,NSE,KOTAKBANK,raw_l2/trade_date=2026-07-17/exchange=NSE/symbol=KOTAKBANK/part-044645_022814-008499.parquet,real_data_sample\l2_unseen_validation\trade_date=2026-07-17\exchange=NSE\symbol=KOTAKBANK\part-044645_022814-008499.parquet,36125,downloaded,36125,
2026-07-17,NSE,KOTAKBANK,raw_l2/trade_date=2026-07-17/exchange=NSE/symbol=KOTAKBANK/part-044849_486271-008787.parquet,real_data_sample\l2_unseen_validation\trade_date=2026-07-17\exchange=NSE\symbol=KOTAKBANK\part-044849_486271-008787.parquet,34674,downloaded,34674,
2026-07-17,NSE,KOTAKBANK,raw_l2/trade_date=2026-07-17/exchange=NSE/symbol=KOTAKBANK/part-044903_228329-008819.parquet,real_data_sample\l2_unseen_validation\trade_date=2026-07-17\exchange=NSE\symbol=KOTAKBANK\part-044903_228329-008819.parquet,34739,downloaded,34739,
2026-07-17,NSE,KOTAKBANK,raw_l2/trade_date=2026-07-17/exchange=NSE/symbol=KOTAKBANK/part-044740_332381-008627.parquet,real_data_sample\l2_unseen_validation\trade_date=2026-07-17\exchange=NSE\symbol=KOTAKBANK\part-044740_332381-008627.parquet,34712,downloaded,34712,
2026-07-17,NSE,KOTAKBANK,raw_l2/trade_date=2026-07-17/exchange=NSE/symbol=KOTAKBANK/part-044944_545316-008915.parquet,real_data_sample\l2_unseen_validation\trade_date=2026-07-17\exchange=NSE\symbol=KOTAKBANK\part-044944_545316-008915.parquet,35512,downloaded,35512,
2026-07-17,NSE,KOTAKBANK,raw_l2/trade_date=2026-07-17/exchange=NSE/symbol=KOTAKBANK/part-044754_234182-008659.parquet,real_data_sample\l2_unseen_validation\trade_date=2026-07-17\exchange=NSE\symbol=KOTAKBANK\part-044754_234182-008659.parquet,34654,downloaded,34654,
2026-07-17,NSE,KOTAKBANK,raw_l2/trade_date=2026-07-17/exchange=NSE/symbol=KOTAKBANK/part-044808_012778-008691.parquet,real_data_sample\l2_unseen_validation\trade_date=2026-07-17\exchange=NSE\symbol=KOTAKBANK\part-044808_012778-008691.parquet,34703,downloaded,34703,
2026-07-17,NSE,KOTAKBANK,raw_l2/trade_date=2026-07-17/exchange=NSE/symbol=KOTAKBANK/part-045011_944425-008979.parquet,real_data_sample\l2_unseen_validation\trade_date=2026-07-17\exchange=NSE\symbol=KOTAKBANK\part-045011_944425-008979.parquet,35581,downloaded,35581,
2026-07-17,NSE,KOTAKBANK,raw_l2/trade_date=2026-07-17/exchange=NSE/symbol=KOTAKBANK/part-044958_223163-008947.parquet,real_data_sample\l2_unseen_validation\trade_date=2026-07-17\exchange=NSE\symbol=KOTAKBANK\part-044958_223163-008947.parquet,35429,downloaded,35429,
2026-07-17,NSE,KOTAKBANK,raw_l2/trade_date=2026-07-17/exchange=NSE/symbol=KOTAKBANK/part-045025_633441-009011.parquet,real_data_sample\l2_unseen_validation\trade_date=2026-07-17\exchange=NSE\symbol=KOTAKBANK\part-045025_633441-009011.parquet,34414,downloaded,34414,
2026-07-17,NSE,KOTAKBANK,raw_l2/trade_date=2026-07-17/exchange=NSE/symbol=KOTAKBANK/part-045052_940325-009075.parquet,real_data_sample\l2_unseen_validation\trade_date=2026-07-17\exchange=NSE\symbol=KOTAKBANK\part-045052_940325-009075.parquet,34651,downloaded,34651,
2026-07-17,NSE,KOTAKBANK,raw_l2/trade_date=2026-07-17/exchange=NSE/symbol=KOTAKBANK/part-045039_247055-009043.parquet,real_data_sample\l2_unseen_validation\trade_date=2026-07-17\exchange=NSE\symbol=KOTAKBANK\part-045039_247055-009043.parquet,34731,downloaded,34731,
2026-07-17,NSE,KOTAKBANK,raw_l2/trade_date=2026-07-17/exchange=NSE/symbol=KOTAKBANK/part-045148_781070-009203.parquet,real_data_sample\l2_unseen_validation\trade_date=2026-07-17\exchange=NSE\symbol=KOTAKBANK\part-045148_781070-009203.parquet,34652,downloaded,34652,
2026-07-17,NSE,KOTAKBANK,raw_l2/trade_date=2026-07-17/exchange=NSE/symbol=KOTAKBANK/part-045134_904654-009171.parquet,real_data_sample\l2_unseen_validation\trade_date=2026-07-17\exchange=NSE\symbol=KOTAKBANK\part-045134_904654-009171.parquet,34629,downloaded,34629,
2026-07-17,NSE,KOTAKBANK,raw_l2/trade_date=2026-07-17/exchange=NSE/symbol=KOTAKBANK/part-045340_067800-009459.parquet,real_data_sample\l2_unseen_validation\trade_date=2026-07-17\exchange=NSE\symbol=KOTAKBANK\part-045340_067800-009459.parquet,34622,downloaded,34622,
2026-07-17,NSE,KOTAKBANK,raw_l2/trade_date=2026-07-17/exchange=NSE/symbol=KOTAKBANK/part-045106_964555-009107.parquet,real_data_sample\l2_unseen_validation\trade_date=2026-07-17\exchange=NSE\symbol=KOTAKBANK\part-045106_964555-009107.parquet,34682,downloaded,34682,
2026-07-17,NSE,KOTAKBANK,raw_l2/trade_date=2026-07-17/exchange=NSE/symbol=KOTAKBANK/part-045312_360380-009395.parquet,real_data_sample\l2_unseen_validation\trade_date=2026-07-17\exchange=NSE\symbol=KOTAKBANK\part-045312_360380-009395.parquet,34524,downloaded,34524,
2026-07-17,NSE,KOTAKBANK,raw_l2/trade_date=2026-07-17/exchange=NSE/symbol=KOTAKBANK/part-045354_131299-009491.parquet,real_data_sample\l2_unseen_validation\trade_date=2026-07-17\exchange=NSE\symbol=KOTAKBANK\part-045354_131299-009491.parquet,34432,downloaded,34432,
2026-07-17,NSE,KOTAKBANK,raw_l2/trade_date=2026-07-17/exchange=NSE/symbol=KOTAKBANK/part-045258_360538-009363.parquet,real_data_sample\l2_unseen_validation\trade_date=2026-07-17\exchange=NSE\symbol=KOTAKBANK\part-045258_360538-009363.parquet,34544,downloaded,34544,
2026-07-17,NSE,KOTAKBANK,raw_l2/trade_date=2026-07-17/exchange=NSE/symbol=KOTAKBANK/part-045326_320165-009427.parquet,real_data_sample\l2_unseen_validation\trade_date=2026-07-17\exchange=NSE\symbol=KOTAKBANK\part-045326_320165-009427.parquet,34591,downloaded,34591,
2026-07-17,NSE,KOTAKBANK,raw_l2/trade_date=2026-07-17/exchange=NSE/symbol=KOTAKBANK/part-045230_592125-009299.parquet,real_data_sample\l2_unseen_validation\trade_date=2026-07-17\exchange=NSE\symbol=KOTAKBANK\part-045230_592125-009299.parquet,34687,downloaded,34687,
2026-07-17,NSE,KOTAKBANK,raw_l2/trade_date=2026-07-17/exchange=NSE/symbol=KOTAKBANK/part-045121_041541-009139.parquet,real_data_sample\l2_unseen_validation\trade_date=2026-07-17\exchange=NSE\symbol=KOTAKBANK\part-045121_041541-009139.parquet,34630,downloaded,34630,
2026-07-17,NSE,KOTAKBANK,raw_l2/trade_date=2026-07-17/exchange=NSE/symbol=KOTAKBANK/part-045216_732436-009267.parquet,real_data_sample\l2_unseen_validation\trade_date=2026-07-17\exchange=NSE\symbol=KOTAKBANK\part-045216_732436-009267.parquet,34638,downloaded,34638,
2026-07-17,NSE,KOTAKBANK,raw_l2/trade_date=2026-07-17/exchange=NSE/symbol=KOTAKBANK/part-045244_307500-009331.parquet,real_data_sample\l2_unseen_validation\trade_date=2026-07-17\exchange=NSE\symbol=KOTAKBANK\part-045244_307500-009331.parquet,34684,downloaded,34684,
2026-07-17,NSE,KOTAKBANK,raw_l2/trade_date=2026-07-17/exchange=NSE/symbol=KOTAKBANK/part-045202_928115-009235.parquet,real_data_sample\l2_unseen_validation\trade_date=2026-07-17\exchange=NSE\symbol=KOTAKBANK\part-045202_928115-009235.parquet,34609,downloaded,34609,
2026-07-17,NSE,KOTAKBANK,raw_l2/trade_date=2026-07-17/exchange=NSE/symbol=KOTAKBANK/part-045450_188178-009619.parquet,real_data_sample\l2_unseen_validation\trade_date=2026-07-17\exchange=NSE\symbol=KOTAKBANK\part-045450_188178-009619.parquet,34525,downloaded,34525,
2026-07-17,NSE,KOTAKBANK,raw_l2/trade_date=2026-07-17/exchange=NSE/symbol=KOTAKBANK/part-045422_165301-009555.parquet,real_data_sample\l2_unseen_validation\trade_date=2026-07-17\exchange=NSE\symbol=KOTAKBANK\part-045422_165301-009555.parquet,34680,downloaded,34680,
2026-07-17,NSE,KOTAKBANK,raw_l2/trade_date=2026-07-17/exchange=NSE/symbol=KOTAKBANK/part-045532_371623-009715.parquet,real_data_sample\l2_unseen_validation\trade_date=2026-07-17\exchange=NSE\symbol=KOTAKBANK\part-045532_371623-009715.parquet,34761,downloaded,34761,
2026-07-17,NSE,KOTAKBANK,raw_l2/trade_date=2026-07-17/exchange=NSE/symbol=KOTAKBANK/part-045436_150862-009587.parquet,real_data_sample\l2_unseen_validation\trade_date=2026-07-17\exchange=NSE\symbol=KOTAKBANK\part-045436_150862-009587.parquet,34666,downloaded,34666,
2026-07-17,NSE,KOTAKBANK,raw_l2/trade_date=2026-07-17/exchange=NSE/symbol=KOTAKBANK/part-045408_139053-009523.parquet,real_data_sample\l2_unseen_validation\trade_date=2026-07-17\exchange=NSE\symbol=KOTAKBANK\part-045408_139053-009523.parquet,34776,downloaded,34776,
2026-07-17,NSE,KOTAKBANK,raw_l2/trade_date=2026-07-17/exchange=NSE/symbol=KOTAKBANK/part-045739_396988-010003.parquet,real_data_sample\l2_unseen_validation\trade_date=2026-07-17\exchange=NSE\symbol=KOTAKBANK\part-045739_396988-010003.parquet,34947,downloaded,34947,
2026-07-17,NSE,KOTAKBANK,raw_l2/trade_date=2026-07-17/exchange=NSE/symbol=KOTAKBANK/part-045711_264668-009939.parquet,real_data_sample\l2_unseen_validation\trade_date=2026-07-17\exchange=NSE\symbol=KOTAKBANK\part-045711_264668-009939.parquet,34727,downloaded,34727,
2026-07-17,NSE,KOTAKBANK,raw_l2/trade_date=2026-07-17/exchange=NSE/symbol=KOTAKBANK/part-045725_410431-009971.parquet,real_data_sample\l2_unseen_validation\trade_date=2026-07-17\exchange=NSE\symbol=KOTAKBANK\part-045725_410431-009971.parquet,34512,downloaded,34512,
2026-07-17,NSE,KOTAKBANK,raw_l2/trade_date=2026-07-17/exchange=NSE/symbol=KOTAKBANK/part-045753_609397-010035.parquet,real_data_sample\l2_unseen_validation\trade_date=2026-07-17\exchange=NSE\symbol=KOTAKBANK\part-045753_609397-010035.parquet,34901,downloaded,34901,
2026-07-17,NSE,KOTAKBANK,raw_l2/trade_date=2026-07-17/exchange=NSE/symbol=KOTAKBANK/part-045807_775755-010067.parquet,real_data_sample\l2_unseen_validation\trade_date=2026-07-17\exchange=NSE\symbol=KOTAKBANK\part-045807_775755-010067.parquet,34796,downloaded,34796,
2026-07-17,NSE,KOTAKBANK,raw_l2/trade_date=2026-07-17/exchange=NSE/symbol=KOTAKBANK/part-045657_050315-009907.parquet,real_data_sample\l2_unseen_validation\trade_date=2026-07-17\exchange=NSE\symbol=KOTAKBANK\part-045657_050315-009907.parquet,34569,downloaded,34569,
2026-07-17,NSE,KOTAKBANK,raw_l2/trade_date=2026-07-17/exchange=NSE/symbol=KOTAKBANK/part-045642_655581-009875.parquet,real_data_sample\l2_unseen_validation\trade_date=2026-07-17\exchange=NSE\symbol=KOTAKBANK\part-045642_655581-009875.parquet,34635,downloaded,34635,
2026-07-17,NSE,KOTAKBANK,raw_l2/trade_date=2026-07-17/exchange=NSE/symbol=KOTAKBANK/part-045628_581859-009843.parquet,real_data_sample\l2_unseen_validation\trade_date=2026-07-17\exchange=NSE\symbol=KOTAKBANK\part-045628_581859-009843.parquet,34669,downloaded,34669,
2026-07-17,NSE,KOTAKBANK,raw_l2/trade_date=2026-07-17/exchange=NSE/symbol=KOTAKBANK/part-045600_375566-009779.parquet,real_data_sample\l2_unseen_validation\trade_date=2026-07-17\exchange=NSE\symbol=KOTAKBANK\part-045600_375566-009779.parquet,34792,downloaded,34792,
2026-07-17,NSE,KOTAKBANK,raw_l2/trade_date=2026-07-17/exchange=NSE/symbol=KOTAKBANK/part-045821_778334-010099.parquet,real_data_sample\l2_unseen_validation\trade_date=2026-07-17\exchange=NSE\symbol=KOTAKBANK\part-045821_778334-010099.parquet,35949,downloaded,35949,
2026-07-17,NSE,KOTAKBANK,raw_l2/trade_date=2026-07-17/exchange=NSE/symbol=KOTAKBANK/part-045850_318273-010163.parquet,real_data_sample\l2_unseen_validation\trade_date=2026-07-17\exchange=NSE\symbol=KOTAKBANK\part-045850_318273-010163.parquet,35983,downloaded,35983,
2026-07-17,NSE,KOTAKBANK,raw_l2/trade_date=2026-07-17/exchange=NSE/symbol=KOTAKBANK/part-045835_968907-010131.parquet,real_data_sample\l2_unseen_validation\trade_date=2026-07-17\exchange=NSE\symbol=KOTAKBANK\part-045835_968907-010131.parquet,36093,downloaded,36093,
2026-07-17,NSE,KOTAKBANK,raw_l2/trade_date=2026-07-17/exchange=NSE/symbol=KOTAKBANK/part-045917_832645-010227.parquet,real_data_sample\l2_unseen_validation\trade_date=2026-07-17\exchange=NSE\symbol=KOTAKBANK\part-045917_832645-010227.parquet,35628,downloaded,35628,
2026-07-17,NSE,KOTAKBANK,raw_l2/trade_date=2026-07-17/exchange=NSE/symbol=KOTAKBANK/part-045904_010493-010195.parquet,real_data_sample\l2_unseen_validation\trade_date=2026-07-17\exchange=NSE\symbol=KOTAKBANK\part-045904_010493-010195.parquet,35797,downloaded,35797,
2026-07-17,NSE,KOTAKBANK,raw_l2/trade_date=2026-07-17/exchange=NSE/symbol=KOTAKBANK/part-045932_140518-010259.parquet,real_data_sample\l2_unseen_validation\trade_date=2026-07-17\exchange=NSE\symbol=KOTAKBANK\part-045932_140518-010259.parquet,34762,downloaded,34762,
2026-07-17,NSE,KOTAKBANK,raw_l2/trade_date=2026-07-17/exchange=NSE/symbol=KOTAKBANK/part-045946_203150-010291.parquet,real_data_sample\l2_unseen_validation\trade_date=2026-07-17\exchange=NSE\symbol=KOTAKBANK\part-045946_203150-010291.parquet,34782,downloaded,34782,
2026-07-17,NSE,KOTAKBANK,raw_l2/trade_date=2026-07-17/exchange=NSE/symbol=KOTAKBANK/part-050124_045368-010515.parquet,real_data_sample\l2_unseen_validation\trade_date=2026-07-17\exchange=NSE\symbol=KOTAKBANK\part-050124_045368-010515.parquet,35335,downloaded,35335,
2026-07-17,NSE,KOTAKBANK,raw_l2/trade_date=2026-07-17/exchange=NSE/symbol=KOTAKBANK/part-050110_107471-010483.parquet,real_data_sample\l2_unseen_validation\trade_date=2026-07-17\exchange=NSE\symbol=KOTAKBANK\part-050110_107471-010483.parquet,35517,downloaded,35517,
2026-07-17,NSE,KOTAKBANK,raw_l2/trade_date=2026-07-17/exchange=NSE/symbol=KOTAKBANK/part-050056_112374-010451.parquet,real_data_sample\l2_unseen_validation\trade_date=2026-07-17\exchange=NSE\symbol=KOTAKBANK\part-050056_112374-010451.parquet,35869,downloaded,35869,
2026-07-17,NSE,KOTAKBANK,raw_l2/trade_date=2026-07-17/exchange=NSE/symbol=KOTAKBANK/part-050028_340510-010387.parquet,real_data_sample\l2_unseen_validation\trade_date=2026-07-17\exchange=NSE\symbol=KOTAKBANK\part-050028_340510-010387.parquet,36393,downloaded,36393,
2026-07-17,NSE,KOTAKBANK,raw_l2/trade_date=2026-07-17/exchange=NSE/symbol=KOTAKBANK/part-050014_469875-010355.parquet,real_data_sample\l2_unseen_validation\trade_date=2026-07-17\exchange=NSE\symbol=KOTAKBANK\part-050014_469875-010355.parquet,35014,downloaded,35014,
2026-07-17,NSE,KOTAKBANK,raw_l2/trade_date=2026-07-17/exchange=NSE/symbol=KOTAKBANK/part-050000_604502-010323.parquet,real_data_sample\l2_unseen_validation\trade_date=2026-07-17\exchange=NSE\symbol=KOTAKBANK\part-050000_604502-010323.parquet,34814,downloaded,34814,
2026-07-17,NSE,KOTAKBANK,raw_l2/trade_date=2026-07-17/exchange=NSE/symbol=KOTAKBANK/part-050042_196721-010419.parquet,real_data_sample\l2_unseen_validation\trade_date=2026-07-17\exchange=NSE\symbol=KOTAKBANK\part-050042_196721-010419.parquet,35949,downloaded,35949,
2026-07-17,NSE,KOTAKBANK,raw_l2/trade_date=2026-07-17/exchange=NSE/symbol=KOTAKBANK/part-050137_932168-010547.parquet,real_data_sample\l2_unseen_validation\trade_date=2026-07-17\exchange=NSE\symbol=KOTAKBANK\part-050137_932168-010547.parquet,35509,downloaded,35509,
2026-07-17,NSE,KOTAKBANK,raw_l2/trade_date=2026-07-17/exchange=NSE/symbol=KOTAKBANK/part-050206_441407-010611.parquet,real_data_sample\l2_unseen_validation\trade_date=2026-07-17\exchange=NSE\symbol=KOTAKBANK\part-050206_441407-010611.parquet,35817,downloaded,35817,
2026-07-17,NSE,KOTAKBANK,raw_l2/trade_date=2026-07-17/exchange=NSE/symbol=KOTAKBANK/part-050151_994995-010579.parquet,real_data_sample\l2_unseen_validation\trade_date=2026-07-17\exchange=NSE\symbol=KOTAKBANK\part-050151_994995-010579.parquet,35432,downloaded,35432,
2026-07-17,NSE,KOTAKBANK,raw_l2/trade_date=2026-07-17/exchange=NSE/symbol=KOTAKBANK/part-050220_534371-010643.parquet,real_data_sample\l2_unseen_validation\trade_date=2026-07-17\exchange=NSE\symbol=KOTAKBANK\part-050220_534371-010643.parquet,35160,downloaded,35160,
2026-07-17,NSE,KOTAKBANK,raw_l2/trade_date=2026-07-17/exchange=NSE/symbol=KOTAKBANK/part-050234_700575-010675.parquet,real_data_sample\l2_unseen_validation\trade_date=2026-07-17\exchange=NSE\symbol=KOTAKBANK\part-050234_700575-010675.parquet,34889,downloaded,34889,
2026-07-17,NSE,KOTAKBANK,raw_l2/trade_date=2026-07-17/exchange=NSE/symbol=KOTAKBANK/part-050249_052143-010707.parquet,real_data_sample\l2_unseen_validation\trade_date=2026-07-17\exchange=NSE\symbol=KOTAKBANK\part-050249_052143-010707.parquet,35015,downloaded,35015,
2026-07-17,NSE,KOTAKBANK,raw_l2/trade_date=2026-07-17/exchange=NSE/symbol=KOTAKBANK/part-050331_686575-010803.parquet,real_data_sample\l2_unseen_validation\trade_date=2026-07-17\exchange=NSE\symbol=KOTAKBANK\part-050331_686575-010803.parquet,36229,downloaded,36229,
2026-07-17,NSE,KOTAKBANK,raw_l2/trade_date=2026-07-17/exchange=NSE/symbol=KOTAKBANK/part-050303_259673-010739.parquet,real_data_sample\l2_unseen_validation\trade_date=2026-07-17\exchange=NSE\symbol=KOTAKBANK\part-050303_259673-010739.parquet,34826,downloaded,34826,
2026-07-17,NSE,KOTAKBANK,raw_l2/trade_date=2026-07-17/exchange=NSE/symbol=KOTAKBANK/part-050317_622921-010771.parquet,real_data_sample\l2_unseen_validation\trade_date=2026-07-17\exchange=NSE\symbol=KOTAKBANK\part-050317_622921-010771.parquet,35079,downloaded,35079,
2026-07-17,NSE,KOTAKBANK,raw_l2/trade_date=2026-07-17/exchange=NSE/symbol=KOTAKBANK/part-050345_662019-010835.parquet,real_data_sample\l2_unseen_validation\trade_date=2026-07-17\exchange=NSE\symbol=KOTAKBANK\part-050345_662019-010835.parquet,36117,downloaded,36117,
2026-07-17,NSE,KOTAKBANK,raw_l2/trade_date=2026-07-17/exchange=NSE/symbol=KOTAKBANK/part-043827_685241-007347.parquet,real_data_sample\l2_unseen_validation\trade_date=2026-07-17\exchange=NSE\symbol=KOTAKBANK\part-043827_685241-007347.parquet,34821,downloaded,34821,
2026-07-17,NSE,KOTAKBANK,raw_l2/trade_date=2026-07-17/exchange=NSE/symbol=KOTAKBANK/part-050428_085019-010931.parquet,real_data_sample\l2_unseen_validation\trade_date=2026-07-17\exchange=NSE\symbol=KOTAKBANK\part-050428_085019-010931.parquet,35117,downloaded,35117,
2026-07-17,NSE,KOTAKBANK,raw_l2/trade_date=2026-07-17/exchange=NSE/symbol=KOTAKBANK/part-050442_021642-010963.parquet,real_data_sample\l2_unseen_validation\trade_date=2026-07-17\exchange=NSE\symbol=KOTAKBANK\part-050442_021642-010963.parquet,34747,downloaded,34747,
2026-07-17,NSE,KOTAKBANK,raw_l2/trade_date=2026-07-17/exchange=NSE/symbol=KOTAKBANK/part-050359_752602-010867.parquet,real_data_sample\l2_unseen_validation\trade_date=2026-07-17\exchange=NSE\symbol=KOTAKBANK\part-050359_752602-010867.parquet,35407,downloaded,35407,
2026-07-17,NSE,KOTAKBANK,raw_l2/trade_date=2026-07-17/exchange=NSE/symbol=KOTAKBANK/part-050414_057677-010899.parquet,real_data_sample\l2_unseen_validation\trade_date=2026-07-17\exchange=NSE\symbol=KOTAKBANK\part-050414_057677-010899.parquet,35638,downloaded,35638,
2026-07-17,NSE,KOTAKBANK,raw_l2/trade_date=2026-07-17/exchange=NSE/symbol=KOTAKBANK/part-044208_213671-007859.parquet,real_data_sample\l2_unseen_validation\trade_date=2026-07-17\exchange=NSE\symbol=KOTAKBANK\part-044208_213671-007859.parquet,34453,downloaded,34453,
2026-07-17,NSE,KOTAKBANK,raw_l2/trade_date=2026-07-17/exchange=NSE/symbol=KOTAKBANK/part-043909_782658-007443.parquet,real_data_sample\l2_unseen_validation\trade_date=2026-07-17\exchange=NSE\symbol=KOTAKBANK\part-043909_782658-007443.parquet,34783,downloaded,34783,
2026-07-17,NSE,KOTAKBANK,raw_l2/trade_date=2026-07-17/exchange=NSE/symbol=KOTAKBANK/part-044508_252918-008275.parquet,real_data_sample\l2_unseen_validation\trade_date=2026-07-17\exchange=NSE\symbol=KOTAKBANK\part-044508_252918-008275.parquet,34851,downloaded,34851,
2026-07-17,NSE,KOTAKBANK,raw_l2/trade_date=2026-07-17/exchange=NSE/symbol=KOTAKBANK/part-050455_858541-010995.parquet,real_data_sample\l2_unseen_validation\trade_date=2026-07-17\exchange=NSE\symbol=KOTAKBANK\part-050455_858541-010995.parquet,34888,downloaded,34888,
2026-07-17,NSE,KOTAKBANK,raw_l2/trade_date=2026-07-17/exchange=NSE/symbol=KOTAKBANK/part-044236_111462-007923.parquet,real_data_sample\l2_unseen_validation\trade_date=2026-07-17\exchange=NSE\symbol=KOTAKBANK\part-044236_111462-007923.parquet,34590,downloaded,34590,
2026-07-17,NSE,KOTAKBANK,raw_l2/trade_date=2026-07-17/exchange=NSE/symbol=KOTAKBANK/part-044140_752160-007795.parquet,real_data_sample\l2_unseen_validation\trade_date=2026-07-17\exchange=NSE\symbol=KOTAKBANK\part-044140_752160-007795.parquet,34582,downloaded,34582,
2026-07-17,NSE,KOTAKBANK,raw_l2/trade_date=2026-07-17/exchange=NSE/symbol=KOTAKBANK/part-043936_986536-007507.parquet,real_data_sample\l2_unseen_validation\trade_date=2026-07-17\exchange=NSE\symbol=KOTAKBANK\part-043936_986536-007507.parquet,34665,downloaded,34665,
2026-07-17,NSE,KOTAKBANK,raw_l2/trade_date=2026-07-17/exchange=NSE/symbol=KOTAKBANK/part-050509_935573-011027.parquet,real_data_sample\l2_unseen_validation\trade_date=2026-07-17\exchange=NSE\symbol=KOTAKBANK\part-050509_935573-011027.parquet,34738,downloaded,34738,
2026-07-17,NSE,KOTAKBANK,raw_l2/trade_date=2026-07-17/exchange=NSE/symbol=KOTAKBANK/part-044045_753660-007667.parquet,real_data_sample\l2_unseen_validation\trade_date=2026-07-17\exchange=NSE\symbol=KOTAKBANK\part-044045_753660-007667.parquet,34482,downloaded,34482,
2026-07-17,NSE,KOTAKBANK,raw_l2/trade_date=2026-07-17/exchange=NSE/symbol=KOTAKBANK/part-050523_986269-011059.parquet,real_data_sample\l2_unseen_validation\trade_date=2026-07-17\exchange=NSE\symbol=KOTAKBANK\part-050523_986269-011059.parquet,34808,downloaded,34808,
2026-07-17,NSE,KOTAKBANK,raw_l2/trade_date=2026-07-17/exchange=NSE/symbol=KOTAKBANK/part-044032_077973-007635.parquet,real_data_sample\l2_unseen_validation\trade_date=2026-07-17\exchange=NSE\symbol=KOTAKBANK\part-044032_077973-007635.parquet,34489,downloaded,34489,
2026-07-17,NSE,KOTAKBANK,raw_l2/trade_date=2026-07-17/exchange=NSE/symbol=KOTAKBANK/part-043923_432582-007475.parquet,real_data_sample\l2_unseen_validation\trade_date=2026-07-17\exchange=NSE\symbol=KOTAKBANK\part-043923_432582-007475.parquet,34691,downloaded,34691,
2026-07-17,NSE,KOTAKBANK,raw_l2/trade_date=2026-07-17/exchange=NSE/symbol=KOTAKBANK/part-044154_470744-007827.parquet,real_data_sample\l2_unseen_validation\trade_date=2026-07-17\exchange=NSE\symbol=KOTAKBANK\part-044154_470744-007827.parquet,34757,downloaded,34757,
2026-07-17,NSE,KOTAKBANK,raw_l2/trade_date=2026-07-17/exchange=NSE/symbol=KOTAKBANK/part-044018_309560-007603.parquet,real_data_sample\l2_unseen_validation\trade_date=2026-07-17\exchange=NSE\symbol=KOTAKBANK\part-044018_309560-007603.parquet,34484,downloaded,34484,
2026-07-17,NSE,KOTAKBANK,raw_l2/trade_date=2026-07-17/exchange=NSE/symbol=KOTAKBANK/part-044222_087717-007891.parquet,real_data_sample\l2_unseen_validation\trade_date=2026-07-17\exchange=NSE\symbol=KOTAKBANK\part-044222_087717-007891.parquet,34825,downloaded,34825,
2026-07-17,NSE,KOTAKBANK,raw_l2/trade_date=2026-07-17/exchange=NSE/symbol=KOTAKBANK/part-050537_828401-011091.parquet,real_data_sample\l2_unseen_validation\trade_date=2026-07-17\exchange=NSE\symbol=KOTAKBANK\part-050537_828401-011091.parquet,34484,downloaded,34484,
2026-07-17,NSE,KOTAKBANK,raw_l2/trade_date=2026-07-17/exchange=NSE/symbol=KOTAKBANK/part-044059_414935-007699.parquet,real_data_sample\l2_unseen_validation\trade_date=2026-07-17\exchange=NSE\symbol=KOTAKBANK\part-044059_414935-007699.parquet,34780,downloaded,34780,
2026-07-17,NSE,KOTAKBANK,raw_l2/trade_date=2026-07-17/exchange=NSE/symbol=KOTAKBANK/part-050551_768163-011123.parquet,real_data_sample\l2_unseen_validation\trade_date=2026-07-17\exchange=NSE\symbol=KOTAKBANK\part-050551_768163-011123.parquet,34740,downloaded,34740,
2026-07-17,NSE,KOTAKBANK,raw_l2/trade_date=2026-07-17/exchange=NSE/symbol=KOTAKBANK/part-050605_655392-011155.parquet,real_data_sample\l2_unseen_validation\trade_date=2026-07-17\exchange=NSE\symbol=KOTAKBANK\part-050605_655392-011155.parquet,34834,downloaded,34834,
2026-07-17,NSE,KOTAKBANK,raw_l2/trade_date=2026-07-17/exchange=NSE/symbol=KOTAKBANK/part-050634_929335-011219.parquet,real_data_sample\l2_unseen_validation\trade_date=2026-07-17\exchange=NSE\symbol=KOTAKBANK\part-050634_929335-011219.parquet,36471,downloaded,36471,
2026-07-17,NSE,KOTAKBANK,raw_l2/trade_date=2026-07-17/exchange=NSE/symbol=KOTAKBANK/part-050620_054152-011187.parquet,real_data_sample\l2_unseen_validation\trade_date=2026-07-17\exchange=NSE\symbol=KOTAKBANK\part-050620_054152-011187.parquet,35484,downloaded,35484,
2026-07-17,NSE,KOTAKBANK,raw_l2/trade_date=2026-07-17/exchange=NSE/symbol=KOTAKBANK/part-050649_344379-011251.parquet,real_data_sample\l2_unseen_validation\trade_date=2026-07-17\exchange=NSE\symbol=KOTAKBANK\part-050649_344379-011251.parquet,36329,downloaded,36329,
2026-07-17,NSE,KOTAKBANK,raw_l2/trade_date=2026-07-17/exchange=NSE/symbol=KOTAKBANK/part-050703_360976-011283.parquet,real_data_sample\l2_unseen_validation\trade_date=2026-07-17\exchange=NSE\symbol=KOTAKBANK\part-050703_360976-011283.parquet,36196,downloaded,36196,
2026-07-17,NSE,KOTAKBANK,raw_l2/trade_date=2026-07-17/exchange=NSE/symbol=KOTAKBANK/part-050717_555714-011315.parquet,real_data_sample\l2_unseen_validation\trade_date=2026-07-17\exchange=NSE\symbol=KOTAKBANK\part-050717_555714-011315.parquet,35689,downloaded,35689,
2026-07-17,NSE,KOTAKBANK,raw_l2/trade_date=2026-07-17/exchange=NSE/symbol=KOTAKBANK/part-050731_524397-011347.parquet,real_data_sample\l2_unseen_validation\trade_date=2026-07-17\exchange=NSE\symbol=KOTAKBANK\part-050731_524397-011347.parquet,35054,downloaded,35054,
2026-07-17,NSE,KOTAKBANK,raw_l2/trade_date=2026-07-17/exchange=NSE/symbol=KOTAKBANK/part-050759_006299-011411.parquet,real_data_sample\l2_unseen_validation\trade_date=2026-07-17\exchange=NSE\symbol=KOTAKBANK\part-050759_006299-011411.parquet,34915,downloaded,34915,
2026-07-17,NSE,KOTAKBANK,raw_l2/trade_date=2026-07-17/exchange=NSE/symbol=KOTAKBANK/part-050826_750904-011475.parquet,real_data_sample\l2_unseen_validation\trade_date=2026-07-17\exchange=NSE\symbol=KOTAKBANK\part-050826_750904-011475.parquet,35611,downloaded,35611,
2026-07-17,NSE,KOTAKBANK,raw_l2/trade_date=2026-07-17/exchange=NSE/symbol=KOTAKBANK/part-050745_213626-011379.parquet,real_data_sample\l2_unseen_validation\trade_date=2026-07-17\exchange=NSE\symbol=KOTAKBANK\part-050745_213626-011379.parquet,34746,downloaded,34746,
2026-07-17,NSE,KOTAKBANK,raw_l2/trade_date=2026-07-17/exchange=NSE/symbol=KOTAKBANK/part-050840_561098-011507.parquet,real_data_sample\l2_unseen_validation\trade_date=2026-07-17\exchange=NSE\symbol=KOTAKBANK\part-050840_561098-011507.parquet,35810,downloaded,35810,
2026-07-17,NSE,KOTAKBANK,raw_l2/trade_date=2026-07-17/exchange=NSE/symbol=KOTAKBANK/part-050854_182590-011539.parquet,real_data_sample\l2_unseen_validation\trade_date=2026-07-17\exchange=NSE\symbol=KOTAKBANK\part-050854_182590-011539.parquet,35764,downloaded,35764,
2026-07-17,NSE,KOTAKBANK,raw_l2/trade_date=2026-07-17/exchange=NSE/symbol=KOTAKBANK/part-050908_312704-011571.parquet,real_data_sample\l2_unseen_validation\trade_date=2026-07-17\exchange=NSE\symbol=KOTAKBANK\part-050908_312704-011571.parquet,35517,downloaded,35517,
2026-07-17,NSE,KOTAKBANK,raw_l2/trade_date=2026-07-17/exchange=NSE/symbol=KOTAKBANK/part-050922_028549-011603.parquet,real_data_sample\l2_unseen_validation\trade_date=2026-07-17\exchange=NSE\symbol=KOTAKBANK\part-050922_028549-011603.parquet,34918,downloaded,34918,
2026-07-17,NSE,KOTAKBANK,raw_l2/trade_date=2026-07-17/exchange=NSE/symbol=KOTAKBANK/part-050935_991415-011635.parquet,real_data_sample\l2_unseen_validation\trade_date=2026-07-17\exchange=NSE\symbol=KOTAKBANK\part-050935_991415-011635.parquet,34856,downloaded,34856,
2026-07-17,NSE,KOTAKBANK,raw_l2/trade_date=2026-07-17/exchange=NSE/symbol=KOTAKBANK/part-050949_684966-011667.parquet,real_data_sample\l2_unseen_validation\trade_date=2026-07-17\exchange=NSE\symbol=KOTAKBANK\part-050949_684966-011667.parquet,34958,downloaded,34958,
2026-07-17,NSE,KOTAKBANK,raw_l2/trade_date=2026-07-17/exchange=NSE/symbol=KOTAKBANK/part-050812_991075-011443.parquet,real_data_sample\l2_unseen_validation\trade_date=2026-07-17\exchange=NSE\symbol=KOTAKBANK\part-050812_991075-011443.parquet,34880,downloaded,34880,
2026-07-17,NSE,KOTAKBANK,raw_l2/trade_date=2026-07-17/exchange=NSE/symbol=KOTAKBANK/part-051003_721243-011699.parquet,real_data_sample\l2_unseen_validation\trade_date=2026-07-17\exchange=NSE\symbol=KOTAKBANK\part-051003_721243-011699.parquet,35022,downloaded,35022,
2026-07-17,NSE,KOTAKBANK,raw_l2/trade_date=2026-07-17/exchange=NSE/symbol=KOTAKBANK/part-051058_837758-011827.parquet,real_data_sample\l2_unseen_validation\trade_date=2026-07-17\exchange=NSE\symbol=KOTAKBANK\part-051058_837758-011827.parquet,34690,downloaded,34690,
2026-07-17,NSE,KOTAKBANK,raw_l2/trade_date=2026-07-17/exchange=NSE/symbol=KOTAKBANK/part-051154_837319-011955.parquet,real_data_sample\l2_unseen_validation\trade_date=2026-07-17\exchange=NSE\symbol=KOTAKBANK\part-051154_837319-011955.parquet,34947,downloaded,34947,
2026-07-17,NSE,KOTAKBANK,raw_l2/trade_date=2026-07-17/exchange=NSE/symbol=KOTAKBANK/part-051045_114204-011795.parquet,real_data_sample\l2_unseen_validation\trade_date=2026-07-17\exchange=NSE\symbol=KOTAKBANK\part-051045_114204-011795.parquet,34779,downloaded,34779,
2026-07-17,NSE,KOTAKBANK,raw_l2/trade_date=2026-07-17/exchange=NSE/symbol=KOTAKBANK/part-051112_752144-011859.parquet,real_data_sample\l2_unseen_validation\trade_date=2026-07-17\exchange=NSE\symbol=KOTAKBANK\part-051112_752144-011859.parquet,34891,downloaded,34891,
2026-07-17,NSE,KOTAKBANK,raw_l2/trade_date=2026-07-17/exchange=NSE/symbol=KOTAKBANK/part-051140_957827-011923.parquet,real_data_sample\l2_unseen_validation\trade_date=2026-07-17\exchange=NSE\symbol=KOTAKBANK\part-051140_957827-011923.parquet,34795,downloaded,34795,
2026-07-17,NSE,KOTAKBANK,raw_l2/trade_date=2026-07-17/exchange=NSE/symbol=KOTAKBANK/part-051126_752762-011891.parquet,real_data_sample\l2_unseen_validation\trade_date=2026-07-17\exchange=NSE\symbol=KOTAKBANK\part-051126_752762-011891.parquet,34572,downloaded,34572,
2026-07-17,NSE,KOTAKBANK,raw_l2/trade_date=2026-07-17/exchange=NSE/symbol=KOTAKBANK/part-051031_252835-011763.parquet,real_data_sample\l2_unseen_validation\trade_date=2026-07-17\exchange=NSE\symbol=KOTAKBANK\part-051031_252835-011763.parquet,34899,downloaded,34899,
2026-07-17,NSE,KOTAKBANK,raw_l2/trade_date=2026-07-17/exchange=NSE/symbol=KOTAKBANK/part-051017_433420-011731.parquet,real_data_sample\l2_unseen_validation\trade_date=2026-07-17\exchange=NSE\symbol=KOTAKBANK\part-051017_433420-011731.parquet,34696,downloaded,34696,
2026-07-17,NSE,KOTAKBANK,raw_l2/trade_date=2026-07-17/exchange=NSE/symbol=KOTAKBANK/part-051208_882100-011987.parquet,real_data_sample\l2_unseen_validation\trade_date=2026-07-17\exchange=NSE\symbol=KOTAKBANK\part-051208_882100-011987.parquet,34934,downloaded,34934,
2026-07-17,NSE,KOTAKBANK,raw_l2/trade_date=2026-07-17/exchange=NSE/symbol=KOTAKBANK/part-051222_771484-012019.parquet,real_data_sample\l2_unseen_validation\trade_date=2026-07-17\exchange=NSE\symbol=KOTAKBANK\part-051222_771484-012019.parquet,35914,downloaded,35914,
2026-07-17,NSE,KOTAKBANK,raw_l2/trade_date=2026-07-17/exchange=NSE/symbol=KOTAKBANK/part-051236_668398-012051.parquet,real_data_sample\l2_unseen_validation\trade_date=2026-07-17\exchange=NSE\symbol=KOTAKBANK\part-051236_668398-012051.parquet,35863,downloaded,35863,
2026-07-17,NSE,KOTAKBANK,raw_l2/trade_date=2026-07-17/exchange=NSE/symbol=KOTAKBANK/part-051319_203050-012147.parquet,real_data_sample\l2_unseen_validation\trade_date=2026-07-17\exchange=NSE\symbol=KOTAKBANK\part-051319_203050-012147.parquet,35452,downloaded,35452,
2026-07-17,NSE,KOTAKBANK,raw_l2/trade_date=2026-07-17/exchange=NSE/symbol=KOTAKBANK/part-051250_598801-012083.parquet,real_data_sample\l2_unseen_validation\trade_date=2026-07-17\exchange=NSE\symbol=KOTAKBANK\part-051250_598801-012083.parquet,36005,downloaded,36005,
2026-07-17,NSE,KOTAKBANK,raw_l2/trade_date=2026-07-17/exchange=NSE/symbol=KOTAKBANK/part-051348_424283-012211.parquet,real_data_sample\l2_unseen_validation\trade_date=2026-07-17\exchange=NSE\symbol=KOTAKBANK\part-051348_424283-012211.parquet,34850,downloaded,34850,
2026-07-17,NSE,KOTAKBANK,raw_l2/trade_date=2026-07-17/exchange=NSE/symbol=KOTAKBANK/part-051333_483492-012179.parquet,real_data_sample\l2_unseen_validation\trade_date=2026-07-17\exchange=NSE\symbol=KOTAKBANK\part-051333_483492-012179.parquet,34855,downloaded,34855,
2026-07-17,NSE,KOTAKBANK,raw_l2/trade_date=2026-07-17/exchange=NSE/symbol=KOTAKBANK/part-045614_388367-009811.parquet,real_data_sample\l2_unseen_validation\trade_date=2026-07-17\exchange=NSE\symbol=KOTAKBANK\part-045614_388367-009811.parquet,34477,downloaded,34477,
2026-07-17,NSE,KOTAKBANK,raw_l2/trade_date=2026-07-17/exchange=NSE/symbol=KOTAKBANK/part-051417_910610-012275.parquet,real_data_sample\l2_unseen_validation\trade_date=2026-07-17\exchange=NSE\symbol=KOTAKBANK\part-051417_910610-012275.parquet,34934,downloaded,34934,
2026-07-17,NSE,KOTAKBANK,raw_l2/trade_date=2026-07-17/exchange=NSE/symbol=KOTAKBANK/part-051403_559674-012243.parquet,real_data_sample\l2_unseen_validation\trade_date=2026-07-17\exchange=NSE\symbol=KOTAKBANK\part-051403_559674-012243.parquet,34725,downloaded,34725,
2026-07-17,NSE,KOTAKBANK,raw_l2/trade_date=2026-07-17/exchange=NSE/symbol=KOTAKBANK/part-051527_930677-012435.parquet,real_data_sample\l2_unseen_validation\trade_date=2026-07-17\exchange=NSE\symbol=KOTAKBANK\part-051527_930677-012435.parquet,34901,downloaded,34901,
2026-07-17,NSE,KOTAKBANK,raw_l2/trade_date=2026-07-17/exchange=NSE/symbol=KOTAKBANK/part-051542_005275-012467.parquet,real_data_sample\l2_unseen_validation\trade_date=2026-07-17\exchange=NSE\symbol=KOTAKBANK\part-051542_005275-012467.parquet,34774,downloaded,34774,
2026-07-17,NSE,KOTAKBANK,raw_l2/trade_date=2026-07-17/exchange=NSE/symbol=KOTAKBANK/part-051514_299673-012403.parquet,real_data_sample\l2_unseen_validation\trade_date=2026-07-17\exchange=NSE\symbol=KOTAKBANK\part-051514_299673-012403.parquet,34889,downloaded,34889,
2026-07-17,NSE,KOTAKBANK,raw_l2/trade_date=2026-07-17/exchange=NSE/symbol=KOTAKBANK/part-051432_789028-012307.parquet,real_data_sample\l2_unseen_validation\trade_date=2026-07-17\exchange=NSE\symbol=KOTAKBANK\part-051432_789028-012307.parquet,34669,downloaded,34669,
2026-07-17,NSE,KOTAKBANK,raw_l2/trade_date=2026-07-17/exchange=NSE/symbol=KOTAKBANK/part-051500_488014-012371.parquet,real_data_sample\l2_unseen_validation\trade_date=2026-07-17\exchange=NSE\symbol=KOTAKBANK\part-051500_488014-012371.parquet,35069,downloaded,35069,
2026-07-17,NSE,KOTAKBANK,raw_l2/trade_date=2026-07-17/exchange=NSE/symbol=KOTAKBANK/part-051446_548361-012339.parquet,real_data_sample\l2_unseen_validation\trade_date=2026-07-17\exchange=NSE\symbol=KOTAKBANK\part-051446_548361-012339.parquet,34813,downloaded,34813,
2026-07-17,NSE,KOTAKBANK,raw_l2/trade_date=2026-07-17/exchange=NSE/symbol=KOTAKBANK/part-051639_439009-012595.parquet,real_data_sample\l2_unseen_validation\trade_date=2026-07-17\exchange=NSE\symbol=KOTAKBANK\part-051639_439009-012595.parquet,34840,downloaded,34840,
2026-07-17,NSE,KOTAKBANK,raw_l2/trade_date=2026-07-17/exchange=NSE/symbol=KOTAKBANK/part-051556_428021-012499.parquet,real_data_sample\l2_unseen_validation\trade_date=2026-07-17\exchange=NSE\symbol=KOTAKBANK\part-051556_428021-012499.parquet,34759,downloaded,34759,
2026-07-17,NSE,KOTAKBANK,raw_l2/trade_date=2026-07-17/exchange=NSE/symbol=KOTAKBANK/part-051611_060684-012531.parquet,real_data_sample\l2_unseen_validation\trade_date=2026-07-17\exchange=NSE\symbol=KOTAKBANK\part-051611_060684-012531.parquet,34645,downloaded,34645,
2026-07-17,NSE,KOTAKBANK,raw_l2/trade_date=2026-07-17/exchange=NSE/symbol=KOTAKBANK/part-051625_208605-012563.parquet,real_data_sample\l2_unseen_validation\trade_date=2026-07-17\exchange=NSE\symbol=KOTAKBANK\part-051625_208605-012563.parquet,34924,downloaded,34924,
2026-07-17,NSE,KOTAKBANK,raw_l2/trade_date=2026-07-17/exchange=NSE/symbol=KOTAKBANK/part-051653_622289-012627.parquet,real_data_sample\l2_unseen_validation\trade_date=2026-07-17\exchange=NSE\symbol=KOTAKBANK\part-051653_622289-012627.parquet,34808,downloaded,34808,
2026-07-17,NSE,KOTAKBANK,raw_l2/trade_date=2026-07-17/exchange=NSE/symbol=KOTAKBANK/part-051804_553529-012787.parquet,real_data_sample\l2_unseen_validation\trade_date=2026-07-17\exchange=NSE\symbol=KOTAKBANK\part-051804_553529-012787.parquet,35132,downloaded,35132,
2026-07-17,NSE,KOTAKBANK,raw_l2/trade_date=2026-07-17/exchange=NSE/symbol=KOTAKBANK/part-051750_405477-012755.parquet,real_data_sample\l2_unseen_validation\trade_date=2026-07-17\exchange=NSE\symbol=KOTAKBANK\part-051750_405477-012755.parquet,34911,downloaded,34911,
2026-07-17,NSE,KOTAKBANK,raw_l2/trade_date=2026-07-17/exchange=NSE/symbol=KOTAKBANK/part-051833_303453-012851.parquet,real_data_sample\l2_unseen_validation\trade_date=2026-07-17\exchange=NSE\symbol=KOTAKBANK\part-051833_303453-012851.parquet,36654,downloaded,36654,
2026-07-17,NSE,KOTAKBANK,raw_l2/trade_date=2026-07-17/exchange=NSE/symbol=KOTAKBANK/part-051735_929639-012723.parquet,real_data_sample\l2_unseen_validation\trade_date=2026-07-17\exchange=NSE\symbol=KOTAKBANK\part-051735_929639-012723.parquet,34858,downloaded,34858,
2026-07-17,NSE,KOTAKBANK,raw_l2/trade_date=2026-07-17/exchange=NSE/symbol=KOTAKBANK/part-051818_827071-012819.parquet,real_data_sample\l2_unseen_validation\trade_date=2026-07-17\exchange=NSE\symbol=KOTAKBANK\part-051818_827071-012819.parquet,35584,downloaded,35584,
2026-07-17,NSE,KOTAKBANK,raw_l2/trade_date=2026-07-17/exchange=NSE/symbol=KOTAKBANK/part-051902_271885-012915.parquet,real_data_sample\l2_unseen_validation\trade_date=2026-07-17\exchange=NSE\symbol=KOTAKBANK\part-051902_271885-012915.parquet,36546,downloaded,36546,
2026-07-17,NSE,KOTAKBANK,raw_l2/trade_date=2026-07-17/exchange=NSE/symbol=KOTAKBANK/part-051847_430534-012883.parquet,real_data_sample\l2_unseen_validation\trade_date=2026-07-17\exchange=NSE\symbol=KOTAKBANK\part-051847_430534-012883.parquet,36271,downloaded,36271,
2026-07-17,NSE,KOTAKBANK,raw_l2/trade_date=2026-07-17/exchange=NSE/symbol=KOTAKBANK/part-051721_557489-012691.parquet,real_data_sample\l2_unseen_validation\trade_date=2026-07-17\exchange=NSE\symbol=KOTAKBANK\part-051721_557489-012691.parquet,34702,downloaded,34702,
2026-07-17,NSE,KOTAKBANK,raw_l2/trade_date=2026-07-17/exchange=NSE/symbol=KOTAKBANK/part-051707_636092-012659.parquet,real_data_sample\l2_unseen_validation\trade_date=2026-07-17\exchange=NSE\symbol=KOTAKBANK\part-051707_636092-012659.parquet,34902,downloaded,34902,
2026-07-17,NSE,KOTAKBANK,raw_l2/trade_date=2026-07-17/exchange=NSE/symbol=KOTAKBANK/part-051916_382418-012947.parquet,real_data_sample\l2_unseen_validation\trade_date=2026-07-17\exchange=NSE\symbol=KOTAKBANK\part-051916_382418-012947.parquet,36428,downloaded,36428,
2026-07-17,NSE,KOTAKBANK,raw_l2/trade_date=2026-07-17/exchange=NSE/symbol=KOTAKBANK/part-051958_080166-013043.parquet,real_data_sample\l2_unseen_validation\trade_date=2026-07-17\exchange=NSE\symbol=KOTAKBANK\part-051958_080166-013043.parquet,35940,downloaded,35940,
2026-07-17,NSE,KOTAKBANK,raw_l2/trade_date=2026-07-17/exchange=NSE/symbol=KOTAKBANK/part-051944_079257-013011.parquet,real_data_sample\l2_unseen_validation\trade_date=2026-07-17\exchange=NSE\symbol=KOTAKBANK\part-051944_079257-013011.parquet,35744,downloaded,35744,
2026-07-17,NSE,KOTAKBANK,raw_l2/trade_date=2026-07-17/exchange=NSE/symbol=KOTAKBANK/part-051930_261857-012979.parquet,real_data_sample\l2_unseen_validation\trade_date=2026-07-17\exchange=NSE\symbol=KOTAKBANK\part-051930_261857-012979.parquet,35813,downloaded,35813,
2026-07-17,NSE,KOTAKBANK,raw_l2/trade_date=2026-07-17/exchange=NSE/symbol=KOTAKBANK/part-052011_768402-013075.parquet,real_data_sample\l2_unseen_validation\trade_date=2026-07-17\exchange=NSE\symbol=KOTAKBANK\part-052011_768402-013075.parquet,36070,downloaded,36070,
2026-07-17,NSE,KOTAKBANK,raw_l2/trade_date=2026-07-17/exchange=NSE/symbol=KOTAKBANK/part-052025_488418-013107.parquet,real_data_sample\l2_unseen_validation\trade_date=2026-07-17\exchange=NSE\symbol=KOTAKBANK\part-052025_488418-013107.parquet,36689,downloaded,36689,
2026-07-17,NSE,KOTAKBANK,raw_l2/trade_date=2026-07-17/exchange=NSE/symbol=KOTAKBANK/part-052039_280997-013139.parquet,real_data_sample\l2_unseen_validation\trade_date=2026-07-17\exchange=NSE\symbol=KOTAKBANK\part-052039_280997-013139.parquet,36249,downloaded,36249,
2026-07-17,NSE,KOTAKBANK,raw_l2/trade_date=2026-07-17/exchange=NSE/symbol=KOTAKBANK/part-052053_054443-013171.parquet,real_data_sample\l2_unseen_validation\trade_date=2026-07-17\exchange=NSE\symbol=KOTAKBANK\part-052053_054443-013171.parquet,36065,downloaded,36065,
2026-07-17,NSE,KOTAKBANK,raw_l2/trade_date=2026-07-17/exchange=NSE/symbol=KOTAKBANK/part-052120_781337-013235.parquet,real_data_sample\l2_unseen_validation\trade_date=2026-07-17\exchange=NSE\symbol=KOTAKBANK\part-052120_781337-013235.parquet,35738,downloaded,35738,
2026-07-17,NSE,KOTAKBANK,raw_l2/trade_date=2026-07-17/exchange=NSE/symbol=KOTAKBANK/part-052148_567724-013299.parquet,real_data_sample\l2_unseen_validation\trade_date=2026-07-17\exchange=NSE\symbol=KOTAKBANK\part-052148_567724-013299.parquet,35775,downloaded,35775,
2026-07-17,NSE,KOTAKBANK,raw_l2/trade_date=2026-07-17/exchange=NSE/symbol=KOTAKBANK/part-052134_595955-013267.parquet,real_data_sample\l2_unseen_validation\trade_date=2026-07-17\exchange=NSE\symbol=KOTAKBANK\part-052134_595955-013267.parquet,35932,downloaded,35932,
2026-07-17,NSE,KOTAKBANK,raw_l2/trade_date=2026-07-17/exchange=NSE/symbol=KOTAKBANK/part-052202_572452-013331.parquet,real_data_sample\l2_unseen_validation\trade_date=2026-07-17\exchange=NSE\symbol=KOTAKBANK\part-052202_572452-013331.parquet,36151,downloaded,36151,
2026-07-17,NSE,KOTAKBANK,raw_l2/trade_date=2026-07-17/exchange=NSE/symbol=KOTAKBANK/part-052230_656747-013395.parquet,real_data_sample\l2_unseen_validation\trade_date=2026-07-17\exchange=NSE\symbol=KOTAKBANK\part-052230_656747-013395.parquet,34947,downloaded,34947,
2026-07-17,NSE,KOTAKBANK,raw_l2/trade_date=2026-07-17/exchange=NSE/symbol=KOTAKBANK/part-045504_306775-009651.parquet,real_data_sample\l2_unseen_validation\trade_date=2026-07-17\exchange=NSE\symbol=KOTAKBANK\part-045504_306775-009651.parquet,34664,downloaded,34664,
2026-07-17,NSE,KOTAKBANK,raw_l2/trade_date=2026-07-17/exchange=NSE/symbol=KOTAKBANK/part-052244_604880-013427.parquet,real_data_sample\l2_unseen_validation\trade_date=2026-07-17\exchange=NSE\symbol=KOTAKBANK\part-052244_604880-013427.parquet,34904,downloaded,34904,
2026-07-17,NSE,KOTAKBANK,raw_l2/trade_date=2026-07-17/exchange=NSE/symbol=KOTAKBANK/part-052106_828071-013203.parquet,real_data_sample\l2_unseen_validation\trade_date=2026-07-17\exchange=NSE\symbol=KOTAKBANK\part-052106_828071-013203.parquet,35842,downloaded,35842,
2026-07-17,NSE,KOTAKBANK,raw_l2/trade_date=2026-07-17/exchange=NSE/symbol=KOTAKBANK/part-052216_659513-013363.parquet,real_data_sample\l2_unseen_validation\trade_date=2026-07-17\exchange=NSE\symbol=KOTAKBANK\part-052216_659513-013363.parquet,35626,downloaded,35626,
2026-07-17,NSE,KOTAKBANK,raw_l2/trade_date=2026-07-17/exchange=NSE/symbol=KOTAKBANK/part-052258_626060-013459.parquet,real_data_sample\l2_unseen_validation\trade_date=2026-07-17\exchange=NSE\symbol=KOTAKBANK\part-052258_626060-013459.parquet,34900,downloaded,34900,
2026-07-17,NSE,KOTAKBANK,raw_l2/trade_date=2026-07-17/exchange=NSE/symbol=KOTAKBANK/part-052326_525489-013523.parquet,real_data_sample\l2_unseen_validation\trade_date=2026-07-17\exchange=NSE\symbol=KOTAKBANK\part-052326_525489-013523.parquet,34927,downloaded,34927,
2026-07-17,NSE,KOTAKBANK,raw_l2/trade_date=2026-07-17/exchange=NSE/symbol=KOTAKBANK/part-052312_647709-013491.parquet,real_data_sample\l2_unseen_validation\trade_date=2026-07-17\exchange=NSE\symbol=KOTAKBANK\part-052312_647709-013491.parquet,34676,downloaded,34676,
2026-07-17,NSE,KOTAKBANK,raw_l2/trade_date=2026-07-17/exchange=NSE/symbol=KOTAKBANK/part-052408_589775-013619.parquet,real_data_sample\l2_unseen_validation\trade_date=2026-07-17\exchange=NSE\symbol=KOTAKBANK\part-052408_589775-013619.parquet,34836,downloaded,34836,
2026-07-17,NSE,KOTAKBANK,raw_l2/trade_date=2026-07-17/exchange=NSE/symbol=KOTAKBANK/part-051304_511936-012115.parquet,real_data_sample\l2_unseen_validation\trade_date=2026-07-17\exchange=NSE\symbol=KOTAKBANK\part-051304_511936-012115.parquet,35845,downloaded,35845,
2026-07-17,NSE,KOTAKBANK,raw_l2/trade_date=2026-07-17/exchange=NSE/symbol=KOTAKBANK/part-052504_259547-013747.parquet,real_data_sample\l2_unseen_validation\trade_date=2026-07-17\exchange=NSE\symbol=KOTAKBANK\part-052504_259547-013747.parquet,34853,downloaded,34853,
2026-07-17,NSE,KOTAKBANK,raw_l2/trade_date=2026-07-17/exchange=NSE/symbol=KOTAKBANK/part-052340_592070-013555.parquet,real_data_sample\l2_unseen_validation\trade_date=2026-07-17\exchange=NSE\symbol=KOTAKBANK\part-052340_592070-013555.parquet,34807,downloaded,34807,
2026-07-17,NSE,KOTAKBANK,raw_l2/trade_date=2026-07-17/exchange=NSE/symbol=KOTAKBANK/part-052354_818465-013587.parquet,real_data_sample\l2_unseen_validation\trade_date=2026-07-17\exchange=NSE\symbol=KOTAKBANK\part-052354_818465-013587.parquet,34797,downloaded,34797,
2026-07-17,NSE,KOTAKBANK,raw_l2/trade_date=2026-07-17/exchange=NSE/symbol=KOTAKBANK/part-052450_386918-013715.parquet,real_data_sample\l2_unseen_validation\trade_date=2026-07-17\exchange=NSE\symbol=KOTAKBANK\part-052450_386918-013715.parquet,34802,downloaded,34802,
2026-07-17,NSE,KOTAKBANK,raw_l2/trade_date=2026-07-17/exchange=NSE/symbol=KOTAKBANK/part-052436_553193-013683.parquet,real_data_sample\l2_unseen_validation\trade_date=2026-07-17\exchange=NSE\symbol=KOTAKBANK\part-052436_553193-013683.parquet,34959,downloaded,34959,
2026-07-17,NSE,KOTAKBANK,raw_l2/trade_date=2026-07-17/exchange=NSE/symbol=KOTAKBANK/part-052422_512898-013651.parquet,real_data_sample\l2_unseen_validation\trade_date=2026-07-17\exchange=NSE\symbol=KOTAKBANK\part-052422_512898-013651.parquet,34978,downloaded,34978,
2026-07-17,NSE,KOTAKBANK,raw_l2/trade_date=2026-07-17/exchange=NSE/symbol=KOTAKBANK/part-052518_031937-013779.parquet,real_data_sample\l2_unseen_validation\trade_date=2026-07-17\exchange=NSE\symbol=KOTAKBANK\part-052518_031937-013779.parquet,35366,downloaded,35366,
2026-07-17,NSE,KOTAKBANK,raw_l2/trade_date=2026-07-17/exchange=NSE/symbol=KOTAKBANK/part-052531_953325-013811.parquet,real_data_sample\l2_unseen_validation\trade_date=2026-07-17\exchange=NSE\symbol=KOTAKBANK\part-052531_953325-013811.parquet,36008,downloaded,36008,
2026-07-17,NSE,KOTAKBANK,raw_l2/trade_date=2026-07-17/exchange=NSE/symbol=KOTAKBANK/part-052614_422685-013907.parquet,real_data_sample\l2_unseen_validation\trade_date=2026-07-17\exchange=NSE\symbol=KOTAKBANK\part-052614_422685-013907.parquet,35359,downloaded,35359,
2026-07-17,NSE,KOTAKBANK,raw_l2/trade_date=2026-07-17/exchange=NSE/symbol=KOTAKBANK/part-052546_156109-013843.parquet,real_data_sample\l2_unseen_validation\trade_date=2026-07-17\exchange=NSE\symbol=KOTAKBANK\part-052546_156109-013843.parquet,35755,downloaded,35755,
2026-07-17,NSE,KOTAKBANK,raw_l2/trade_date=2026-07-17/exchange=NSE/symbol=KOTAKBANK/part-052600_271396-013875.parquet,real_data_sample\l2_unseen_validation\trade_date=2026-07-17\exchange=NSE\symbol=KOTAKBANK\part-052600_271396-013875.parquet,35414,downloaded,35414,
2026-07-17,NSE,KOTAKBANK,raw_l2/trade_date=2026-07-17/exchange=NSE/symbol=KOTAKBANK/part-052710_925025-014035.parquet,real_data_sample\l2_unseen_validation\trade_date=2026-07-17\exchange=NSE\symbol=KOTAKBANK\part-052710_925025-014035.parquet,34805,downloaded,34805,
2026-07-17,NSE,KOTAKBANK,raw_l2/trade_date=2026-07-17/exchange=NSE/symbol=KOTAKBANK/part-045546_363199-009747.parquet,real_data_sample\l2_unseen_validation\trade_date=2026-07-17\exchange=NSE\symbol=KOTAKBANK\part-045546_363199-009747.parquet,34614,downloaded,34614,
2026-07-17,NSE,KOTAKBANK,raw_l2/trade_date=2026-07-17/exchange=NSE/symbol=KOTAKBANK/part-052628_615057-013939.parquet,real_data_sample\l2_unseen_validation\trade_date=2026-07-17\exchange=NSE\symbol=KOTAKBANK\part-052628_615057-013939.parquet,34892,downloaded,34892,
2026-07-17,NSE,KOTAKBANK,raw_l2/trade_date=2026-07-17/exchange=NSE/symbol=KOTAKBANK/part-045518_462809-009683.parquet,real_data_sample\l2_unseen_validation\trade_date=2026-07-17\exchange=NSE\symbol=KOTAKBANK\part-045518_462809-009683.parquet,34668,downloaded,34668,
2026-07-17,NSE,KOTAKBANK,raw_l2/trade_date=2026-07-17/exchange=NSE/symbol=KOTAKBANK/part-052738_833190-014099.parquet,real_data_sample\l2_unseen_validation\trade_date=2026-07-17\exchange=NSE\symbol=KOTAKBANK\part-052738_833190-014099.parquet,34845,downloaded,34845,
2026-07-17,NSE,KOTAKBANK,raw_l2/trade_date=2026-07-17/exchange=NSE/symbol=KOTAKBANK/part-052656_921932-014003.parquet,real_data_sample\l2_unseen_validation\trade_date=2026-07-17\exchange=NSE\symbol=KOTAKBANK\part-052656_921932-014003.parquet,34870,downloaded,34870,
2026-07-17,NSE,KOTAKBANK,raw_l2/trade_date=2026-07-17/exchange=NSE/symbol=KOTAKBANK/part-052642_709588-013971.parquet,real_data_sample\l2_unseen_validation\trade_date=2026-07-17\exchange=NSE\symbol=KOTAKBANK\part-052642_709588-013971.parquet,34703,downloaded,34703,
2026-07-17,NSE,KOTAKBANK,raw_l2/trade_date=2026-07-17/exchange=NSE/symbol=KOTAKBANK/part-052806_652507-014163.parquet,real_data_sample\l2_unseen_validation\trade_date=2026-07-17\exchange=NSE\symbol=KOTAKBANK\part-052806_652507-014163.parquet,34790,downloaded,34790,
2026-07-17,NSE,KOTAKBANK,raw_l2/trade_date=2026-07-17/exchange=NSE/symbol=KOTAKBANK/part-052752_813681-014131.parquet,real_data_sample\l2_unseen_validation\trade_date=2026-07-17\exchange=NSE\symbol=KOTAKBANK\part-052752_813681-014131.parquet,34618,downloaded,34618,
2026-07-17,NSE,KOTAKBANK,raw_l2/trade_date=2026-07-17/exchange=NSE/symbol=KOTAKBANK/part-052820_671399-014195.parquet,real_data_sample\l2_unseen_validation\trade_date=2026-07-17\exchange=NSE\symbol=KOTAKBANK\part-052820_671399-014195.parquet,34825,downloaded,34825,
2026-07-17,NSE,KOTAKBANK,raw_l2/trade_date=2026-07-17/exchange=NSE/symbol=KOTAKBANK/part-052724_982040-014067.parquet,real_data_sample\l2_unseen_validation\trade_date=2026-07-17\exchange=NSE\symbol=KOTAKBANK\part-052724_982040-014067.parquet,34834,downloaded,34834,
2026-07-17,NSE,KOTAKBANK,raw_l2/trade_date=2026-07-17/exchange=NSE/symbol=KOTAKBANK/part-052903_461669-014291.parquet,real_data_sample\l2_unseen_validation\trade_date=2026-07-17\exchange=NSE\symbol=KOTAKBANK\part-052903_461669-014291.parquet,34613,downloaded,34613,
2026-07-17,NSE,KOTAKBANK,raw_l2/trade_date=2026-07-17/exchange=NSE/symbol=KOTAKBANK/part-052834_984590-014227.parquet,real_data_sample\l2_unseen_validation\trade_date=2026-07-17\exchange=NSE\symbol=KOTAKBANK\part-052834_984590-014227.parquet,34757,downloaded,34757,
2026-07-17,NSE,KOTAKBANK,raw_l2/trade_date=2026-07-17/exchange=NSE/symbol=KOTAKBANK/part-052917_449485-014323.parquet,real_data_sample\l2_unseen_validation\trade_date=2026-07-17\exchange=NSE\symbol=KOTAKBANK\part-052917_449485-014323.parquet,34713,downloaded,34713,
2026-07-17,NSE,KOTAKBANK,raw_l2/trade_date=2026-07-17/exchange=NSE/symbol=KOTAKBANK/part-052849_025625-014259.parquet,real_data_sample\l2_unseen_validation\trade_date=2026-07-17\exchange=NSE\symbol=KOTAKBANK\part-052849_025625-014259.parquet,34825,downloaded,34825,
2026-07-17,NSE,KOTAKBANK,raw_l2/trade_date=2026-07-17/exchange=NSE/symbol=KOTAKBANK/part-052931_343276-014355.parquet,real_data_sample\l2_unseen_validation\trade_date=2026-07-17\exchange=NSE\symbol=KOTAKBANK\part-052931_343276-014355.parquet,34821,downloaded,34821,
2026-07-17,NSE,KOTAKBANK,raw_l2/trade_date=2026-07-17/exchange=NSE/symbol=KOTAKBANK/part-052945_371531-014387.parquet,real_data_sample\l2_unseen_validation\trade_date=2026-07-17\exchange=NSE\symbol=KOTAKBANK\part-052945_371531-014387.parquet,34932,downloaded,34932,
2026-07-17,NSE,KOTAKBANK,raw_l2/trade_date=2026-07-17/exchange=NSE/symbol=KOTAKBANK/part-052959_441219-014419.parquet,real_data_sample\l2_unseen_validation\trade_date=2026-07-17\exchange=NSE\symbol=KOTAKBANK\part-052959_441219-014419.parquet,34774,downloaded,34774,
2026-07-17,NSE,KOTAKBANK,raw_l2/trade_date=2026-07-17/exchange=NSE/symbol=KOTAKBANK/part-053139_831804-014643.parquet,real_data_sample\l2_unseen_validation\trade_date=2026-07-17\exchange=NSE\symbol=KOTAKBANK\part-053139_831804-014643.parquet,35754,downloaded,35754,
2026-07-17,NSE,KOTAKBANK,raw_l2/trade_date=2026-07-17/exchange=NSE/symbol=KOTAKBANK/part-053207_779806-014707.parquet,real_data_sample\l2_unseen_validation\trade_date=2026-07-17\exchange=NSE\symbol=KOTAKBANK\part-053207_779806-014707.parquet,35923,downloaded,35923,
2026-07-17,NSE,KOTAKBANK,raw_l2/trade_date=2026-07-17/exchange=NSE/symbol=KOTAKBANK/part-053056_955176-014547.parquet,real_data_sample\l2_unseen_validation\trade_date=2026-07-17\exchange=NSE\symbol=KOTAKBANK\part-053056_955176-014547.parquet,34842,downloaded,34842,
2026-07-17,NSE,KOTAKBANK,raw_l2/trade_date=2026-07-17/exchange=NSE/symbol=KOTAKBANK/part-053029_052568-014483.parquet,real_data_sample\l2_unseen_validation\trade_date=2026-07-17\exchange=NSE\symbol=KOTAKBANK\part-053029_052568-014483.parquet,34658,downloaded,34658,
2026-07-17,NSE,KOTAKBANK,raw_l2/trade_date=2026-07-17/exchange=NSE/symbol=KOTAKBANK/part-053125_824368-014611.parquet,real_data_sample\l2_unseen_validation\trade_date=2026-07-17\exchange=NSE\symbol=KOTAKBANK\part-053125_824368-014611.parquet,35730,downloaded,35730,
2026-07-17,NSE,KOTAKBANK,raw_l2/trade_date=2026-07-17/exchange=NSE/symbol=KOTAKBANK/part-053042_902026-014515.parquet,real_data_sample\l2_unseen_validation\trade_date=2026-07-17\exchange=NSE\symbol=KOTAKBANK\part-053042_902026-014515.parquet,34716,downloaded,34716,
2026-07-17,NSE,KOTAKBANK,raw_l2/trade_date=2026-07-17/exchange=NSE/symbol=KOTAKBANK/part-053153_526005-014675.parquet,real_data_sample\l2_unseen_validation\trade_date=2026-07-17\exchange=NSE\symbol=KOTAKBANK\part-053153_526005-014675.parquet,36420,downloaded,36420,
2026-07-17,NSE,KOTAKBANK,raw_l2/trade_date=2026-07-17/exchange=NSE/symbol=KOTAKBANK/part-053014_692858-014451.parquet,real_data_sample\l2_unseen_validation\trade_date=2026-07-17\exchange=NSE\symbol=KOTAKBANK\part-053014_692858-014451.parquet,34675,downloaded,34675,
2026-07-17,NSE,KOTAKBANK,raw_l2/trade_date=2026-07-17/exchange=NSE/symbol=KOTAKBANK/part-053235_897130-014771.parquet,real_data_sample\l2_unseen_validation\trade_date=2026-07-17\exchange=NSE\symbol=KOTAKBANK\part-053235_897130-014771.parquet,34799,downloaded,34799,
2026-07-17,NSE,KOTAKBANK,raw_l2/trade_date=2026-07-17/exchange=NSE/symbol=KOTAKBANK/part-053221_884666-014739.parquet,real_data_sample\l2_unseen_validation\trade_date=2026-07-17\exchange=NSE\symbol=KOTAKBANK\part-053221_884666-014739.parquet,35340,downloaded,35340,
2026-07-17,NSE,KOTAKBANK,raw_l2/trade_date=2026-07-17/exchange=NSE/symbol=KOTAKBANK/part-053303_933693-014835.parquet,real_data_sample\l2_unseen_validation\trade_date=2026-07-17\exchange=NSE\symbol=KOTAKBANK\part-053303_933693-014835.parquet,34846,downloaded,34846,
2026-07-17,NSE,KOTAKBANK,raw_l2/trade_date=2026-07-17/exchange=NSE/symbol=KOTAKBANK/part-053249_839641-014803.parquet,real_data_sample\l2_unseen_validation\trade_date=2026-07-17\exchange=NSE\symbol=KOTAKBANK\part-053249_839641-014803.parquet,34802,downloaded,34802,
2026-07-17,NSE,KOTAKBANK,raw_l2/trade_date=2026-07-17/exchange=NSE/symbol=KOTAKBANK/part-053111_635319-014579.parquet,real_data_sample\l2_unseen_validation\trade_date=2026-07-17\exchange=NSE\symbol=KOTAKBANK\part-053111_635319-014579.parquet,34828,downloaded,34828,
2026-07-17,NSE,KOTAKBANK,raw_l2/trade_date=2026-07-17/exchange=NSE/symbol=KOTAKBANK/part-053523_392540-015155.parquet,real_data_sample\l2_unseen_validation\trade_date=2026-07-17\exchange=NSE\symbol=KOTAKBANK\part-053523_392540-015155.parquet,34885,downloaded,34885,
2026-07-17,NSE,KOTAKBANK,raw_l2/trade_date=2026-07-17/exchange=NSE/symbol=KOTAKBANK/part-053441_776789-015059.parquet,real_data_sample\l2_unseen_validation\trade_date=2026-07-17\exchange=NSE\symbol=KOTAKBANK\part-053441_776789-015059.parquet,34877,downloaded,34877,
2026-07-17,NSE,KOTAKBANK,raw_l2/trade_date=2026-07-17/exchange=NSE/symbol=KOTAKBANK/part-053509_467461-015123.parquet,real_data_sample\l2_unseen_validation\trade_date=2026-07-17\exchange=NSE\symbol=KOTAKBANK\part-053509_467461-015123.parquet,34792,downloaded,34792,
2026-07-17,NSE,KOTAKBANK,raw_l2/trade_date=2026-07-17/exchange=NSE/symbol=KOTAKBANK/part-053428_072686-015027.parquet,real_data_sample\l2_unseen_validation\trade_date=2026-07-17\exchange=NSE\symbol=KOTAKBANK\part-053428_072686-015027.parquet,34578,downloaded,34578,
2026-07-17,NSE,KOTAKBANK,raw_l2/trade_date=2026-07-17/exchange=NSE/symbol=KOTAKBANK/part-053332_223280-014899.parquet,real_data_sample\l2_unseen_validation\trade_date=2026-07-17\exchange=NSE\symbol=KOTAKBANK\part-053332_223280-014899.parquet,35347,downloaded,35347,
2026-07-17,NSE,KOTAKBANK,raw_l2/trade_date=2026-07-17/exchange=NSE/symbol=KOTAKBANK/part-053414_242178-014995.parquet,real_data_sample\l2_unseen_validation\trade_date=2026-07-17\exchange=NSE\symbol=KOTAKBANK\part-053414_242178-014995.parquet,35234,downloaded,35234,
2026-07-17,NSE,KOTAKBANK,raw_l2/trade_date=2026-07-17/exchange=NSE/symbol=KOTAKBANK/part-053400_057586-014963.parquet,real_data_sample\l2_unseen_validation\trade_date=2026-07-17\exchange=NSE\symbol=KOTAKBANK\part-053400_057586-014963.parquet,35636,downloaded,35636,
2026-07-17,NSE,KOTAKBANK,raw_l2/trade_date=2026-07-17/exchange=NSE/symbol=KOTAKBANK/part-053537_256814-015187.parquet,real_data_sample\l2_unseen_validation\trade_date=2026-07-17\exchange=NSE\symbol=KOTAKBANK\part-053537_256814-015187.parquet,35022,downloaded,35022,
2026-07-17,NSE,KOTAKBANK,raw_l2/trade_date=2026-07-17/exchange=NSE/symbol=KOTAKBANK/part-053455_474694-015091.parquet,real_data_sample\l2_unseen_validation\trade_date=2026-07-17\exchange=NSE\symbol=KOTAKBANK\part-053455_474694-015091.parquet,34922,downloaded,34922,
2026-07-17,NSE,KOTAKBANK,raw_l2/trade_date=2026-07-17/exchange=NSE/symbol=KOTAKBANK/part-053551_093352-015219.parquet,real_data_sample\l2_unseen_validation\trade_date=2026-07-17\exchange=NSE\symbol=KOTAKBANK\part-053551_093352-015219.parquet,34783,downloaded,34783,
2026-07-17,NSE,KOTAKBANK,raw_l2/trade_date=2026-07-17/exchange=NSE/symbol=KOTAKBANK/part-053318_078505-014867.parquet,real_data_sample\l2_unseen_validation\trade_date=2026-07-17\exchange=NSE\symbol=KOTAKBANK\part-053318_078505-014867.parquet,35311,downloaded,35311,
2026-07-17,NSE,KOTAKBANK,raw_l2/trade_date=2026-07-17/exchange=NSE/symbol=KOTAKBANK/part-053618_825647-015283.parquet,real_data_sample\l2_unseen_validation\trade_date=2026-07-17\exchange=NSE\symbol=KOTAKBANK\part-053618_825647-015283.parquet,34969,downloaded,34969,
2026-07-17,NSE,KOTAKBANK,raw_l2/trade_date=2026-07-17/exchange=NSE/symbol=KOTAKBANK/part-053604_807593-015251.parquet,real_data_sample\l2_unseen_validation\trade_date=2026-07-17\exchange=NSE\symbol=KOTAKBANK\part-053604_807593-015251.parquet,34882,downloaded,34882,
2026-07-17,NSE,KOTAKBANK,raw_l2/trade_date=2026-07-17/exchange=NSE/symbol=KOTAKBANK/part-053633_088137-015315.parquet,real_data_sample\l2_unseen_validation\trade_date=2026-07-17\exchange=NSE\symbol=KOTAKBANK\part-053633_088137-015315.parquet,34863,downloaded,34863,
2026-07-17,NSE,KOTAKBANK,raw_l2/trade_date=2026-07-17/exchange=NSE/symbol=KOTAKBANK/part-053728_802534-015443.parquet,real_data_sample\l2_unseen_validation\trade_date=2026-07-17\exchange=NSE\symbol=KOTAKBANK\part-053728_802534-015443.parquet,34950,downloaded,34950,
2026-07-17,NSE,KOTAKBANK,raw_l2/trade_date=2026-07-17/exchange=NSE/symbol=KOTAKBANK/part-053647_018232-015347.parquet,real_data_sample\l2_unseen_validation\trade_date=2026-07-17\exchange=NSE\symbol=KOTAKBANK\part-053647_018232-015347.parquet,34581,downloaded,34581,
2026-07-17,NSE,KOTAKBANK,raw_l2/trade_date=2026-07-17/exchange=NSE/symbol=KOTAKBANK/part-053714_867983-015411.parquet,real_data_sample\l2_unseen_validation\trade_date=2026-07-17\exchange=NSE\symbol=KOTAKBANK\part-053714_867983-015411.parquet,34856,downloaded,34856,
2026-07-17,NSE,KOTAKBANK,raw_l2/trade_date=2026-07-17/exchange=NSE/symbol=KOTAKBANK/part-053700_871745-015379.parquet,real_data_sample\l2_unseen_validation\trade_date=2026-07-17\exchange=NSE\symbol=KOTAKBANK\part-053700_871745-015379.parquet,34785,downloaded,34785,
2026-07-17,NSE,KOTAKBANK,raw_l2/trade_date=2026-07-17/exchange=NSE/symbol=KOTAKBANK/part-053742_588391-015475.parquet,real_data_sample\l2_unseen_validation\trade_date=2026-07-17\exchange=NSE\symbol=KOTAKBANK\part-053742_588391-015475.parquet,34890,downloaded,34890,
2026-07-17,NSE,KOTAKBANK,raw_l2/trade_date=2026-07-17/exchange=NSE/symbol=KOTAKBANK/part-053824_493388-015571.parquet,real_data_sample\l2_unseen_validation\trade_date=2026-07-17\exchange=NSE\symbol=KOTAKBANK\part-053824_493388-015571.parquet,34586,downloaded,34586,
2026-07-17,NSE,KOTAKBANK,raw_l2/trade_date=2026-07-17/exchange=NSE/symbol=KOTAKBANK/part-053838_579526-015603.parquet,real_data_sample\l2_unseen_validation\trade_date=2026-07-17\exchange=NSE\symbol=KOTAKBANK\part-053838_579526-015603.parquet,34790,downloaded,34790,
2026-07-17,NSE,KOTAKBANK,raw_l2/trade_date=2026-07-17/exchange=NSE/symbol=KOTAKBANK/part-053852_531126-015635.parquet,real_data_sample\l2_unseen_validation\trade_date=2026-07-17\exchange=NSE\symbol=KOTAKBANK\part-053852_531126-015635.parquet,35117,downloaded,35117,
2026-07-17,NSE,KOTAKBANK,raw_l2/trade_date=2026-07-17/exchange=NSE/symbol=KOTAKBANK/part-053906_300939-015667.parquet,real_data_sample\l2_unseen_validation\trade_date=2026-07-17\exchange=NSE\symbol=KOTAKBANK\part-053906_300939-015667.parquet,34726,downloaded,34726,
2026-07-17,NSE,KOTAKBANK,raw_l2/trade_date=2026-07-17/exchange=NSE/symbol=KOTAKBANK/part-053756_510708-015507.parquet,real_data_sample\l2_unseen_validation\trade_date=2026-07-17\exchange=NSE\symbol=KOTAKBANK\part-053756_510708-015507.parquet,34742,downloaded,34742,
2026-07-17,NSE,KOTAKBANK,raw_l2/trade_date=2026-07-17/exchange=NSE/symbol=KOTAKBANK/part-053948_066112-015763.parquet,real_data_sample\l2_unseen_validation\trade_date=2026-07-17\exchange=NSE\symbol=KOTAKBANK\part-053948_066112-015763.parquet,34806,downloaded,34806,
2026-07-17,NSE,KOTAKBANK,raw_l2/trade_date=2026-07-17/exchange=NSE/symbol=KOTAKBANK/part-053810_347930-015539.parquet,real_data_sample\l2_unseen_validation\trade_date=2026-07-17\exchange=NSE\symbol=KOTAKBANK\part-053810_347930-015539.parquet,34870,downloaded,34870,
2026-07-17,NSE,KOTAKBANK,raw_l2/trade_date=2026-07-17/exchange=NSE/symbol=KOTAKBANK/part-054002_176392-015795.parquet,real_data_sample\l2_unseen_validation\trade_date=2026-07-17\exchange=NSE\symbol=KOTAKBANK\part-054002_176392-015795.parquet,35008,downloaded,35008,
2026-07-17,NSE,KOTAKBANK,raw_l2/trade_date=2026-07-17/exchange=NSE/symbol=KOTAKBANK/part-054057_819010-015923.parquet,real_data_sample\l2_unseen_validation\trade_date=2026-07-17\exchange=NSE\symbol=KOTAKBANK\part-054057_819010-015923.parquet,34822,downloaded,34822,
2026-07-17,NSE,KOTAKBANK,raw_l2/trade_date=2026-07-17/exchange=NSE/symbol=KOTAKBANK/part-053920_383894-015699.parquet,real_data_sample\l2_unseen_validation\trade_date=2026-07-17\exchange=NSE\symbol=KOTAKBANK\part-053920_383894-015699.parquet,34809,downloaded,34809,
2026-07-17,NSE,KOTAKBANK,raw_l2/trade_date=2026-07-17/exchange=NSE/symbol=KOTAKBANK/part-053934_310682-015731.parquet,real_data_sample\l2_unseen_validation\trade_date=2026-07-17\exchange=NSE\symbol=KOTAKBANK\part-053934_310682-015731.parquet,35158,downloaded,35158,
2026-07-17,NSE,KOTAKBANK,raw_l2/trade_date=2026-07-17/exchange=NSE/symbol=KOTAKBANK/part-054043_890628-015891.parquet,real_data_sample\l2_unseen_validation\trade_date=2026-07-17\exchange=NSE\symbol=KOTAKBANK\part-054043_890628-015891.parquet,34703,downloaded,34703,
2026-07-17,NSE,KOTAKBANK,raw_l2/trade_date=2026-07-17/exchange=NSE/symbol=KOTAKBANK/part-054111_791753-015955.parquet,real_data_sample\l2_unseen_validation\trade_date=2026-07-17\exchange=NSE\symbol=KOTAKBANK\part-054111_791753-015955.parquet,34680,downloaded,34680,
2026-07-17,NSE,KOTAKBANK,raw_l2/trade_date=2026-07-17/exchange=NSE/symbol=KOTAKBANK/part-054030_020636-015859.parquet,real_data_sample\l2_unseen_validation\trade_date=2026-07-17\exchange=NSE\symbol=KOTAKBANK\part-054030_020636-015859.parquet,34828,downloaded,34828,
2026-07-17,NSE,KOTAKBANK,raw_l2/trade_date=2026-07-17/exchange=NSE/symbol=KOTAKBANK/part-053346_087967-014931.parquet,real_data_sample\l2_unseen_validation\trade_date=2026-07-17\exchange=NSE\symbol=KOTAKBANK\part-053346_087967-014931.parquet,35681,downloaded,35681,
2026-07-17,NSE,KOTAKBANK,raw_l2/trade_date=2026-07-17/exchange=NSE/symbol=KOTAKBANK/part-054221_048335-016115.parquet,real_data_sample\l2_unseen_validation\trade_date=2026-07-17\exchange=NSE\symbol=KOTAKBANK\part-054221_048335-016115.parquet,34715,downloaded,34715,
2026-07-17,NSE,KOTAKBANK,raw_l2/trade_date=2026-07-17/exchange=NSE/symbol=KOTAKBANK/part-054125_533692-015987.parquet,real_data_sample\l2_unseen_validation\trade_date=2026-07-17\exchange=NSE\symbol=KOTAKBANK\part-054125_533692-015987.parquet,34857,downloaded,34857,
2026-07-17,NSE,KOTAKBANK,raw_l2/trade_date=2026-07-17/exchange=NSE/symbol=KOTAKBANK/part-054330_613693-016275.parquet,real_data_sample\l2_unseen_validation\trade_date=2026-07-17\exchange=NSE\symbol=KOTAKBANK\part-054330_613693-016275.parquet,34744,downloaded,34744,
2026-07-17,NSE,KOTAKBANK,raw_l2/trade_date=2026-07-17/exchange=NSE/symbol=KOTAKBANK/part-054153_094045-016051.parquet,real_data_sample\l2_unseen_validation\trade_date=2026-07-17\exchange=NSE\symbol=KOTAKBANK\part-054153_094045-016051.parquet,34714,downloaded,34714,
2026-07-17,NSE,KOTAKBANK,raw_l2/trade_date=2026-07-17/exchange=NSE/symbol=KOTAKBANK/part-054015_971002-015827.parquet,real_data_sample\l2_unseen_validation\trade_date=2026-07-17\exchange=NSE\symbol=KOTAKBANK\part-054015_971002-015827.parquet,34905,downloaded,34905,
2026-07-17,NSE,KOTAKBANK,raw_l2/trade_date=2026-07-17/exchange=NSE/symbol=KOTAKBANK/part-054344_563657-016307.parquet,real_data_sample\l2_unseen_validation\trade_date=2026-07-17\exchange=NSE\symbol=KOTAKBANK\part-054344_563657-016307.parquet,34770,downloaded,34770,
2026-07-17,NSE,KOTAKBANK,raw_l2/trade_date=2026-07-17/exchange=NSE/symbol=KOTAKBANK/part-054358_348118-016339.parquet,real_data_sample\l2_unseen_validation\trade_date=2026-07-17\exchange=NSE\symbol=KOTAKBANK\part-054358_348118-016339.parquet,34767,downloaded,34767,
2026-07-17,NSE,KOTAKBANK,raw_l2/trade_date=2026-07-17/exchange=NSE/symbol=KOTAKBANK/part-054207_073097-016083.parquet,real_data_sample\l2_unseen_validation\trade_date=2026-07-17\exchange=NSE\symbol=KOTAKBANK\part-054207_073097-016083.parquet,34710,downloaded,34710,
2026-07-17,NSE,KOTAKBANK,raw_l2/trade_date=2026-07-17/exchange=NSE/symbol=KOTAKBANK/part-054302_840964-016211.parquet,real_data_sample\l2_unseen_validation\trade_date=2026-07-17\exchange=NSE\symbol=KOTAKBANK\part-054302_840964-016211.parquet,34803,downloaded,34803,
2026-07-17,NSE,KOTAKBANK,raw_l2/trade_date=2026-07-17/exchange=NSE/symbol=KOTAKBANK/part-054234_809930-016147.parquet,real_data_sample\l2_unseen_validation\trade_date=2026-07-17\exchange=NSE\symbol=KOTAKBANK\part-054234_809930-016147.parquet,34773,downloaded,34773,
2026-07-17,NSE,KOTAKBANK,raw_l2/trade_date=2026-07-17/exchange=NSE/symbol=KOTAKBANK/part-054316_819565-016243.parquet,real_data_sample\l2_unseen_validation\trade_date=2026-07-17\exchange=NSE\symbol=KOTAKBANK\part-054316_819565-016243.parquet,34744,downloaded,34744,
2026-07-17,NSE,KOTAKBANK,raw_l2/trade_date=2026-07-17/exchange=NSE/symbol=KOTAKBANK/part-054139_303408-016019.parquet,real_data_sample\l2_unseen_validation\trade_date=2026-07-17\exchange=NSE\symbol=KOTAKBANK\part-054139_303408-016019.parquet,34574,downloaded,34574,
2026-07-17,NSE,KOTAKBANK,raw_l2/trade_date=2026-07-17/exchange=NSE/symbol=KOTAKBANK/part-054248_830570-016179.parquet,real_data_sample\l2_unseen_validation\trade_date=2026-07-17\exchange=NSE\symbol=KOTAKBANK\part-054248_830570-016179.parquet,34839,downloaded,34839,
2026-07-17,NSE,KOTAKBANK,raw_l2/trade_date=2026-07-17/exchange=NSE/symbol=KOTAKBANK/part-054412_396062-016371.parquet,real_data_sample\l2_unseen_validation\trade_date=2026-07-17\exchange=NSE\symbol=KOTAKBANK\part-054412_396062-016371.parquet,34605,downloaded,34605,
2026-07-17,NSE,KOTAKBANK,raw_l2/trade_date=2026-07-17/exchange=NSE/symbol=KOTAKBANK/part-054426_328442-016403.parquet,real_data_sample\l2_unseen_validation\trade_date=2026-07-17\exchange=NSE\symbol=KOTAKBANK\part-054426_328442-016403.parquet,34598,downloaded,34598,
2026-07-17,NSE,KOTAKBANK,raw_l2/trade_date=2026-07-17/exchange=NSE/symbol=KOTAKBANK/part-054440_077176-016435.parquet,real_data_sample\l2_unseen_validation\trade_date=2026-07-17\exchange=NSE\symbol=KOTAKBANK\part-054440_077176-016435.parquet,34611,downloaded,34611,
2026-07-17,NSE,KOTAKBANK,raw_l2/trade_date=2026-07-17/exchange=NSE/symbol=KOTAKBANK/part-054617_292836-016659.parquet,real_data_sample\l2_unseen_validation\trade_date=2026-07-17\exchange=NSE\symbol=KOTAKBANK\part-054617_292836-016659.parquet,34919,downloaded,34919,
2026-07-17,NSE,KOTAKBANK,raw_l2/trade_date=2026-07-17/exchange=NSE/symbol=KOTAKBANK/part-054535_620046-016563.parquet,real_data_sample\l2_unseen_validation\trade_date=2026-07-17\exchange=NSE\symbol=KOTAKBANK\part-054535_620046-016563.parquet,34646,downloaded,34646,
2026-07-17,NSE,KOTAKBANK,raw_l2/trade_date=2026-07-17/exchange=NSE/symbol=KOTAKBANK/part-054603_423210-016627.parquet,real_data_sample\l2_unseen_validation\trade_date=2026-07-17\exchange=NSE\symbol=KOTAKBANK\part-054603_423210-016627.parquet,34629,downloaded,34629,
2026-07-17,NSE,KOTAKBANK,raw_l2/trade_date=2026-07-17/exchange=NSE/symbol=KOTAKBANK/part-054521_772181-016531.parquet,real_data_sample\l2_unseen_validation\trade_date=2026-07-17\exchange=NSE\symbol=KOTAKBANK\part-054521_772181-016531.parquet,34844,downloaded,34844,
2026-07-17,NSE,KOTAKBANK,raw_l2/trade_date=2026-07-17/exchange=NSE/symbol=KOTAKBANK/part-054507_798247-016499.parquet,real_data_sample\l2_unseen_validation\trade_date=2026-07-17\exchange=NSE\symbol=KOTAKBANK\part-054507_798247-016499.parquet,34954,downloaded,34954,
2026-07-17,NSE,KOTAKBANK,raw_l2/trade_date=2026-07-17/exchange=NSE/symbol=KOTAKBANK/part-054454_093117-016467.parquet,real_data_sample\l2_unseen_validation\trade_date=2026-07-17\exchange=NSE\symbol=KOTAKBANK\part-054454_093117-016467.parquet,34965,downloaded,34965,
2026-07-17,NSE,KOTAKBANK,raw_l2/trade_date=2026-07-17/exchange=NSE/symbol=KOTAKBANK/part-054631_036011-016691.parquet,real_data_sample\l2_unseen_validation\trade_date=2026-07-17\exchange=NSE\symbol=KOTAKBANK\part-054631_036011-016691.parquet,34670,downloaded,34670,
2026-07-17,NSE,KOTAKBANK,raw_l2/trade_date=2026-07-17/exchange=NSE/symbol=KOTAKBANK/part-054549_597182-016595.parquet,real_data_sample\l2_unseen_validation\trade_date=2026-07-17\exchange=NSE\symbol=KOTAKBANK\part-054549_597182-016595.parquet,34755,downloaded,34755,
2026-07-17,NSE,KOTAKBANK,raw_l2/trade_date=2026-07-17/exchange=NSE/symbol=KOTAKBANK/part-054658_726954-016755.parquet,real_data_sample\l2_unseen_validation\trade_date=2026-07-17\exchange=NSE\symbol=KOTAKBANK\part-054658_726954-016755.parquet,34828,downloaded,34828,
2026-07-17,NSE,KOTAKBANK,raw_l2/trade_date=2026-07-17/exchange=NSE/symbol=KOTAKBANK/part-054755_147623-016883.parquet,real_data_sample\l2_unseen_validation\trade_date=2026-07-17\exchange=NSE\symbol=KOTAKBANK\part-054755_147623-016883.parquet,36381,downloaded,36381,
2026-07-17,NSE,KOTAKBANK,raw_l2/trade_date=2026-07-17/exchange=NSE/symbol=KOTAKBANK/part-054726_940307-016819.parquet,real_data_sample\l2_unseen_validation\trade_date=2026-07-17\exchange=NSE\symbol=KOTAKBANK\part-054726_940307-016819.parquet,35792,downloaded,35792,
2026-07-17,NSE,KOTAKBANK,raw_l2/trade_date=2026-07-17/exchange=NSE/symbol=KOTAKBANK/part-054740_990475-016851.parquet,real_data_sample\l2_unseen_validation\trade_date=2026-07-17\exchange=NSE\symbol=KOTAKBANK\part-054740_990475-016851.parquet,35602,downloaded,35602,
2026-07-17,NSE,KOTAKBANK,raw_l2/trade_date=2026-07-17/exchange=NSE/symbol=KOTAKBANK/part-055159_777913-017427.parquet,real_data_sample\l2_unseen_validation\trade_date=2026-07-17\exchange=NSE\symbol=KOTAKBANK\part-055159_777913-017427.parquet,34804,downloaded,34804,
2026-07-17,NSE,KOTAKBANK,raw_l2/trade_date=2026-07-17/exchange=NSE/symbol=KOTAKBANK/part-054823_319349-016947.parquet,real_data_sample\l2_unseen_validation\trade_date=2026-07-17\exchange=NSE\symbol=KOTAKBANK\part-054823_319349-016947.parquet,36032,downloaded,36032,
2026-07-17,NSE,KOTAKBANK,raw_l2/trade_date=2026-07-17/exchange=NSE/symbol=KOTAKBANK/part-055003_166878-017171.parquet,real_data_sample\l2_unseen_validation\trade_date=2026-07-17\exchange=NSE\symbol=KOTAKBANK\part-055003_166878-017171.parquet,34896,downloaded,34896,
2026-07-17,NSE,KOTAKBANK,raw_l2/trade_date=2026-07-17/exchange=NSE/symbol=KOTAKBANK/part-055046_284311-017267.parquet,real_data_sample\l2_unseen_validation\trade_date=2026-07-17\exchange=NSE\symbol=KOTAKBANK\part-055046_284311-017267.parquet,34830,downloaded,34830,
2026-07-17,NSE,KOTAKBANK,raw_l2/trade_date=2026-07-17/exchange=NSE/symbol=KOTAKBANK/part-054712_741589-016787.parquet,real_data_sample\l2_unseen_validation\trade_date=2026-07-17\exchange=NSE\symbol=KOTAKBANK\part-054712_741589-016787.parquet,35184,downloaded,35184,
2026-07-17,NSE,KOTAKBANK,raw_l2/trade_date=2026-07-17/exchange=NSE/symbol=KOTAKBANK/part-054809_125490-016915.parquet,real_data_sample\l2_unseen_validation\trade_date=2026-07-17\exchange=NSE\symbol=KOTAKBANK\part-054809_125490-016915.parquet,36442,downloaded,36442,
2026-07-17,NSE,KOTAKBANK,raw_l2/trade_date=2026-07-17/exchange=NSE/symbol=KOTAKBANK/part-054644_837916-016723.parquet,real_data_sample\l2_unseen_validation\trade_date=2026-07-17\exchange=NSE\symbol=KOTAKBANK\part-054644_837916-016723.parquet,34728,downloaded,34728,
2026-07-17,NSE,KOTAKBANK,raw_l2/trade_date=2026-07-17/exchange=NSE/symbol=KOTAKBANK/part-055100_789720-017299.parquet,real_data_sample\l2_unseen_validation\trade_date=2026-07-17\exchange=NSE\symbol=KOTAKBANK\part-055100_789720-017299.parquet,35021,downloaded,35021,
2026-07-17,NSE,KOTAKBANK,raw_l2/trade_date=2026-07-17/exchange=NSE/symbol=KOTAKBANK/part-055214_264030-017459.parquet,real_data_sample\l2_unseen_validation\trade_date=2026-07-17\exchange=NSE\symbol=KOTAKBANK\part-055214_264030-017459.parquet,34867,downloaded,34867,
2026-07-17,NSE,KOTAKBANK,raw_l2/trade_date=2026-07-17/exchange=NSE/symbol=KOTAKBANK/part-055031_571910-017235.parquet,real_data_sample\l2_unseen_validation\trade_date=2026-07-17\exchange=NSE\symbol=KOTAKBANK\part-055031_571910-017235.parquet,34699,downloaded,34699,
2026-07-17,NSE,KOTAKBANK,raw_l2/trade_date=2026-07-17/exchange=NSE/symbol=KOTAKBANK/part-055130_351286-017363.parquet,real_data_sample\l2_unseen_validation\trade_date=2026-07-17\exchange=NSE\symbol=KOTAKBANK\part-055130_351286-017363.parquet,34958,downloaded,34958,
2026-07-17,NSE,KOTAKBANK,raw_l2/trade_date=2026-07-17/exchange=NSE/symbol=KOTAKBANK/part-055355_607153-017683.parquet,real_data_sample\l2_unseen_validation\trade_date=2026-07-17\exchange=NSE\symbol=KOTAKBANK\part-055355_607153-017683.parquet,34581,downloaded,34581,
2026-07-17,NSE,KOTAKBANK,raw_l2/trade_date=2026-07-17/exchange=NSE/symbol=KOTAKBANK/part-054851_778665-017011.parquet,real_data_sample\l2_unseen_validation\trade_date=2026-07-17\exchange=NSE\symbol=KOTAKBANK\part-054851_778665-017011.parquet,35515,downloaded,35515,
2026-07-17,NSE,KOTAKBANK,raw_l2/trade_date=2026-07-17/exchange=NSE/symbol=KOTAKBANK/part-054905_774007-017043.parquet,real_data_sample\l2_unseen_validation\trade_date=2026-07-17\exchange=NSE\symbol=KOTAKBANK\part-054905_774007-017043.parquet,35563,downloaded,35563,
2026-07-17,NSE,KOTAKBANK,raw_l2/trade_date=2026-07-17/exchange=NSE/symbol=KOTAKBANK/part-055145_085938-017395.parquet,real_data_sample\l2_unseen_validation\trade_date=2026-07-17\exchange=NSE\symbol=KOTAKBANK\part-055145_085938-017395.parquet,34823,downloaded,34823,
2026-07-17,NSE,KOTAKBANK,raw_l2/trade_date=2026-07-17/exchange=NSE/symbol=KOTAKBANK/part-054948_569576-017139.parquet,real_data_sample\l2_unseen_validation\trade_date=2026-07-17\exchange=NSE\symbol=KOTAKBANK\part-054948_569576-017139.parquet,34952,downloaded,34952,
2026-07-17,NSE,KOTAKBANK,raw_l2/trade_date=2026-07-17/exchange=NSE/symbol=KOTAKBANK/part-055341_296432-017651.parquet,real_data_sample\l2_unseen_validation\trade_date=2026-07-17\exchange=NSE\symbol=KOTAKBANK\part-055341_296432-017651.parquet,34905,downloaded,34905,
2026-07-17,NSE,KOTAKBANK,raw_l2/trade_date=2026-07-17/exchange=NSE/symbol=KOTAKBANK/part-054837_527386-016979.parquet,real_data_sample\l2_unseen_validation\trade_date=2026-07-17\exchange=NSE\symbol=KOTAKBANK\part-054837_527386-016979.parquet,35524,downloaded,35524,
2026-07-17,NSE,KOTAKBANK,raw_l2/trade_date=2026-07-17/exchange=NSE/symbol=KOTAKBANK/part-055409_794517-017715.parquet,real_data_sample\l2_unseen_validation\trade_date=2026-07-17\exchange=NSE\symbol=KOTAKBANK\part-055409_794517-017715.parquet,34880,downloaded,34880,
2026-07-17,NSE,KOTAKBANK,raw_l2/trade_date=2026-07-17/exchange=NSE/symbol=KOTAKBANK/part-054920_033373-017075.parquet,real_data_sample\l2_unseen_validation\trade_date=2026-07-17\exchange=NSE\symbol=KOTAKBANK\part-054920_033373-017075.parquet,35316,downloaded,35316,
2026-07-17,NSE,KOTAKBANK,raw_l2/trade_date=2026-07-17/exchange=NSE/symbol=KOTAKBANK/part-054934_329598-017107.parquet,real_data_sample\l2_unseen_validation\trade_date=2026-07-17\exchange=NSE\symbol=KOTAKBANK\part-054934_329598-017107.parquet,34887,downloaded,34887,
2026-07-17,NSE,KOTAKBANK,raw_l2/trade_date=2026-07-17/exchange=NSE/symbol=KOTAKBANK/part-055326_718993-017619.parquet,real_data_sample\l2_unseen_validation\trade_date=2026-07-17\exchange=NSE\symbol=KOTAKBANK\part-055326_718993-017619.parquet,34794,downloaded,34794,
2026-07-17,NSE,KOTAKBANK,raw_l2/trade_date=2026-07-17/exchange=NSE/symbol=KOTAKBANK/part-055228_762646-017491.parquet,real_data_sample\l2_unseen_validation\trade_date=2026-07-17\exchange=NSE\symbol=KOTAKBANK\part-055228_762646-017491.parquet,34780,downloaded,34780,
2026-07-17,NSE,KOTAKBANK,raw_l2/trade_date=2026-07-17/exchange=NSE/symbol=KOTAKBANK/part-055115_295928-017331.parquet,real_data_sample\l2_unseen_validation\trade_date=2026-07-17\exchange=NSE\symbol=KOTAKBANK\part-055115_295928-017331.parquet,35003,downloaded,35003,
2026-07-17,NSE,KOTAKBANK,raw_l2/trade_date=2026-07-17/exchange=NSE/symbol=KOTAKBANK/part-055312_663474-017587.parquet,real_data_sample\l2_unseen_validation\trade_date=2026-07-17\exchange=NSE\symbol=KOTAKBANK\part-055312_663474-017587.parquet,35024,downloaded,35024,
2026-07-17,NSE,KOTAKBANK,raw_l2/trade_date=2026-07-17/exchange=NSE/symbol=KOTAKBANK/part-055017_558835-017203.parquet,real_data_sample\l2_unseen_validation\trade_date=2026-07-17\exchange=NSE\symbol=KOTAKBANK\part-055017_558835-017203.parquet,34684,downloaded,34684,
2026-07-17,NSE,KOTAKBANK,raw_l2/trade_date=2026-07-17/exchange=NSE/symbol=KOTAKBANK/part-055258_315524-017555.parquet,real_data_sample\l2_unseen_validation\trade_date=2026-07-17\exchange=NSE\symbol=KOTAKBANK\part-055258_315524-017555.parquet,34936,downloaded,34936,
2026-07-17,NSE,KOTAKBANK,raw_l2/trade_date=2026-07-17/exchange=NSE/symbol=KOTAKBANK/part-055243_695973-017523.parquet,real_data_sample\l2_unseen_validation\trade_date=2026-07-17\exchange=NSE\symbol=KOTAKBANK\part-055243_695973-017523.parquet,35031,downloaded,35031,
2026-07-17,NSE,KOTAKBANK,raw_l2/trade_date=2026-07-17/exchange=NSE/symbol=KOTAKBANK/part-055423_899810-017747.parquet,real_data_sample\l2_unseen_validation\trade_date=2026-07-17\exchange=NSE\symbol=KOTAKBANK\part-055423_899810-017747.parquet,35755,downloaded,35755,
2026-07-17,NSE,KOTAKBANK,raw_l2/trade_date=2026-07-17/exchange=NSE/symbol=KOTAKBANK/part-055437_943850-017779.parquet,real_data_sample\l2_unseen_validation\trade_date=2026-07-17\exchange=NSE\symbol=KOTAKBANK\part-055437_943850-017779.parquet,35931,downloaded,35931,
2026-07-17,NSE,KOTAKBANK,raw_l2/trade_date=2026-07-17/exchange=NSE/symbol=KOTAKBANK/part-055519_922546-017875.parquet,real_data_sample\l2_unseen_validation\trade_date=2026-07-17\exchange=NSE\symbol=KOTAKBANK\part-055519_922546-017875.parquet,35548,downloaded,35548,
2026-07-17,NSE,KOTAKBANK,raw_l2/trade_date=2026-07-17/exchange=NSE/symbol=KOTAKBANK/part-055919_496384-018419.parquet,real_data_sample\l2_unseen_validation\trade_date=2026-07-17\exchange=NSE\symbol=KOTAKBANK\part-055919_496384-018419.parquet,35015,downloaded,35015,
2026-07-17,NSE,KOTAKBANK,raw_l2/trade_date=2026-07-17/exchange=NSE/symbol=KOTAKBANK/part-055505_935299-017843.parquet,real_data_sample\l2_unseen_validation\trade_date=2026-07-17\exchange=NSE\symbol=KOTAKBANK\part-055505_935299-017843.parquet,35675,downloaded,35675,
2026-07-17,NSE,KOTAKBANK,raw_l2/trade_date=2026-07-17/exchange=NSE/symbol=KOTAKBANK/part-055533_953946-017907.parquet,real_data_sample\l2_unseen_validation\trade_date=2026-07-17\exchange=NSE\symbol=KOTAKBANK\part-055533_953946-017907.parquet,34805,downloaded,34805,
2026-07-17,NSE,KOTAKBANK,raw_l2/trade_date=2026-07-17/exchange=NSE/symbol=KOTAKBANK/part-055547_940282-017939.parquet,real_data_sample\l2_unseen_validation\trade_date=2026-07-17\exchange=NSE\symbol=KOTAKBANK\part-055547_940282-017939.parquet,34837,downloaded,34837,
2026-07-17,NSE,KOTAKBANK,raw_l2/trade_date=2026-07-17/exchange=NSE/symbol=KOTAKBANK/part-055451_941245-017811.parquet,real_data_sample\l2_unseen_validation\trade_date=2026-07-17\exchange=NSE\symbol=KOTAKBANK\part-055451_941245-017811.parquet,35894,downloaded,35894,
2026-07-17,NSE,KOTAKBANK,raw_l2/trade_date=2026-07-17/exchange=NSE/symbol=KOTAKBANK/part-055658_471714-018099.parquet,real_data_sample\l2_unseen_validation\trade_date=2026-07-17\exchange=NSE\symbol=KOTAKBANK\part-055658_471714-018099.parquet,36090,downloaded,36090,
2026-07-17,NSE,KOTAKBANK,raw_l2/trade_date=2026-07-17/exchange=NSE/symbol=KOTAKBANK/part-055851_352427-018355.parquet,real_data_sample\l2_unseen_validation\trade_date=2026-07-17\exchange=NSE\symbol=KOTAKBANK\part-055851_352427-018355.parquet,35696,downloaded,35696,
2026-07-17,NSE,KOTAKBANK,raw_l2/trade_date=2026-07-17/exchange=NSE/symbol=KOTAKBANK/part-055630_248883-018035.parquet,real_data_sample\l2_unseen_validation\trade_date=2026-07-17\exchange=NSE\symbol=KOTAKBANK\part-055630_248883-018035.parquet,35822,downloaded,35822,
2026-07-17,NSE,KOTAKBANK,raw_l2/trade_date=2026-07-17/exchange=NSE/symbol=KOTAKBANK/part-055933_706383-018451.parquet,real_data_sample\l2_unseen_validation\trade_date=2026-07-17\exchange=NSE\symbol=KOTAKBANK\part-055933_706383-018451.parquet,34868,downloaded,34868,
2026-07-17,NSE,KOTAKBANK,raw_l2/trade_date=2026-07-17/exchange=NSE/symbol=KOTAKBANK/part-060127_479380-018707.parquet,real_data_sample\l2_unseen_validation\trade_date=2026-07-17\exchange=NSE\symbol=KOTAKBANK\part-060127_479380-018707.parquet,36368,downloaded,36368,
2026-07-17,NSE,KOTAKBANK,raw_l2/trade_date=2026-07-17/exchange=NSE/symbol=KOTAKBANK/part-060141_590232-018739.parquet,real_data_sample\l2_unseen_validation\trade_date=2026-07-17\exchange=NSE\symbol=KOTAKBANK\part-060141_590232-018739.parquet,36353,downloaded,36353,
2026-07-17,NSE,KOTAKBANK,raw_l2/trade_date=2026-07-17/exchange=NSE/symbol=KOTAKBANK/part-060059_293633-018643.parquet,real_data_sample\l2_unseen_validation\trade_date=2026-07-17\exchange=NSE\symbol=KOTAKBANK\part-060059_293633-018643.parquet,35868,downloaded,35868,
2026-07-17,NSE,KOTAKBANK,raw_l2/trade_date=2026-07-17/exchange=NSE/symbol=KOTAKBANK/part-055644_433494-018067.parquet,real_data_sample\l2_unseen_validation\trade_date=2026-07-17\exchange=NSE\symbol=KOTAKBANK\part-055644_433494-018067.parquet,36007,downloaded,36007,
2026-07-17,NSE,KOTAKBANK,raw_l2/trade_date=2026-07-17/exchange=NSE/symbol=KOTAKBANK/part-055905_482914-018387.parquet,real_data_sample\l2_unseen_validation\trade_date=2026-07-17\exchange=NSE\symbol=KOTAKBANK\part-055905_482914-018387.parquet,35679,downloaded,35679,
2026-07-17,NSE,KOTAKBANK,raw_l2/trade_date=2026-07-17/exchange=NSE/symbol=KOTAKBANK/part-055712_507611-018131.parquet,real_data_sample\l2_unseen_validation\trade_date=2026-07-17\exchange=NSE\symbol=KOTAKBANK\part-055712_507611-018131.parquet,35890,downloaded,35890,
2026-07-17,NSE,KOTAKBANK,raw_l2/trade_date=2026-07-17/exchange=NSE/symbol=KOTAKBANK/part-055726_538697-018163.parquet,real_data_sample\l2_unseen_validation\trade_date=2026-07-17\exchange=NSE\symbol=KOTAKBANK\part-055726_538697-018163.parquet,36223,downloaded,36223,
2026-07-17,NSE,KOTAKBANK,raw_l2/trade_date=2026-07-17/exchange=NSE/symbol=KOTAKBANK/part-055837_043623-018323.parquet,real_data_sample\l2_unseen_validation\trade_date=2026-07-17\exchange=NSE\symbol=KOTAKBANK\part-055837_043623-018323.parquet,35925,downloaded,35925,
2026-07-17,NSE,KOTAKBANK,raw_l2/trade_date=2026-07-17/exchange=NSE/symbol=KOTAKBANK/part-060016_743041-018547.parquet,real_data_sample\l2_unseen_validation\trade_date=2026-07-17\exchange=NSE\symbol=KOTAKBANK\part-060016_743041-018547.parquet,34993,downloaded,34993,
2026-07-17,NSE,KOTAKBANK,raw_l2/trade_date=2026-07-17/exchange=NSE/symbol=KOTAKBANK/part-060113_473764-018675.parquet,real_data_sample\l2_unseen_validation\trade_date=2026-07-17\exchange=NSE\symbol=KOTAKBANK\part-060113_473764-018675.parquet,36188,downloaded,36188,
2026-07-17,NSE,KOTAKBANK,raw_l2/trade_date=2026-07-17/exchange=NSE/symbol=KOTAKBANK/part-055947_867650-018483.parquet,real_data_sample\l2_unseen_validation\trade_date=2026-07-17\exchange=NSE\symbol=KOTAKBANK\part-055947_867650-018483.parquet,34633,downloaded,34633,
2026-07-17,NSE,KOTAKBANK,raw_l2/trade_date=2026-07-17/exchange=NSE/symbol=KOTAKBANK/part-060002_561959-018515.parquet,real_data_sample\l2_unseen_validation\trade_date=2026-07-17\exchange=NSE\symbol=KOTAKBANK\part-060002_561959-018515.parquet,34880,downloaded,34880,
2026-07-17,NSE,KOTAKBANK,raw_l2/trade_date=2026-07-17/exchange=NSE/symbol=KOTAKBANK/part-060030_842854-018579.parquet,real_data_sample\l2_unseen_validation\trade_date=2026-07-17\exchange=NSE\symbol=KOTAKBANK\part-060030_842854-018579.parquet,36179,downloaded,36179,
2026-07-17,NSE,KOTAKBANK,raw_l2/trade_date=2026-07-17/exchange=NSE/symbol=KOTAKBANK/part-055602_146497-017971.parquet,real_data_sample\l2_unseen_validation\trade_date=2026-07-17\exchange=NSE\symbol=KOTAKBANK\part-055602_146497-017971.parquet,34748,downloaded,34748,
2026-07-17,NSE,KOTAKBANK,raw_l2/trade_date=2026-07-17/exchange=NSE/symbol=KOTAKBANK/part-055754_751359-018227.parquet,real_data_sample\l2_unseen_validation\trade_date=2026-07-17\exchange=NSE\symbol=KOTAKBANK\part-055754_751359-018227.parquet,36161,downloaded,36161,
2026-07-17,NSE,KOTAKBANK,raw_l2/trade_date=2026-07-17/exchange=NSE/symbol=KOTAKBANK/part-055616_205130-018003.parquet,real_data_sample\l2_unseen_validation\trade_date=2026-07-17\exchange=NSE\symbol=KOTAKBANK\part-055616_205130-018003.parquet,35275,downloaded,35275,
2026-07-17,NSE,KOTAKBANK,raw_l2/trade_date=2026-07-17/exchange=NSE/symbol=KOTAKBANK/part-055740_747921-018195.parquet,real_data_sample\l2_unseen_validation\trade_date=2026-07-17\exchange=NSE\symbol=KOTAKBANK\part-055740_747921-018195.parquet,36007,downloaded,36007,
2026-07-17,NSE,KOTAKBANK,raw_l2/trade_date=2026-07-17/exchange=NSE/symbol=KOTAKBANK/part-055822_779026-018291.parquet,real_data_sample\l2_unseen_validation\trade_date=2026-07-17\exchange=NSE\symbol=KOTAKBANK\part-055822_779026-018291.parquet,35884,downloaded,35884,
2026-07-17,NSE,KOTAKBANK,raw_l2/trade_date=2026-07-17/exchange=NSE/symbol=KOTAKBANK/part-055808_666881-018259.parquet,real_data_sample\l2_unseen_validation\trade_date=2026-07-17\exchange=NSE\symbol=KOTAKBANK\part-055808_666881-018259.parquet,35942,downloaded,35942,
2026-07-17,NSE,KOTAKBANK,raw_l2/trade_date=2026-07-17/exchange=NSE/symbol=KOTAKBANK/part-060045_069249-018611.parquet,real_data_sample\l2_unseen_validation\trade_date=2026-07-17\exchange=NSE\symbol=KOTAKBANK\part-060045_069249-018611.parquet,35705,downloaded,35705,
2026-07-17,NSE,KOTAKBANK,raw_l2/trade_date=2026-07-17/exchange=NSE/symbol=KOTAKBANK/part-060155_713681-018771.parquet,real_data_sample\l2_unseen_validation\trade_date=2026-07-17\exchange=NSE\symbol=KOTAKBANK\part-060155_713681-018771.parquet,35836,downloaded,35836,
2026-07-17,NSE,KOTAKBANK,raw_l2/trade_date=2026-07-17/exchange=NSE/symbol=KOTAKBANK/part-060402_183655-019059.parquet,real_data_sample\l2_unseen_validation\trade_date=2026-07-17\exchange=NSE\symbol=KOTAKBANK\part-060402_183655-019059.parquet,34939,downloaded,34939,
2026-07-17,NSE,KOTAKBANK,raw_l2/trade_date=2026-07-17/exchange=NSE/symbol=KOTAKBANK/part-060348_224182-019027.parquet,real_data_sample\l2_unseen_validation\trade_date=2026-07-17\exchange=NSE\symbol=KOTAKBANK\part-060348_224182-019027.parquet,34676,downloaded,34676,
2026-07-17,NSE,KOTAKBANK,raw_l2/trade_date=2026-07-17/exchange=NSE/symbol=KOTAKBANK/part-060748_047135-019571.parquet,real_data_sample\l2_unseen_validation\trade_date=2026-07-17\exchange=NSE\symbol=KOTAKBANK\part-060748_047135-019571.parquet,35776,downloaded,35776,
2026-07-17,NSE,KOTAKBANK,raw_l2/trade_date=2026-07-17/exchange=NSE/symbol=KOTAKBANK/part-060416_274616-019091.parquet,real_data_sample\l2_unseen_validation\trade_date=2026-07-17\exchange=NSE\symbol=KOTAKBANK\part-060416_274616-019091.parquet,35189,downloaded,35189,
2026-07-17,NSE,KOTAKBANK,raw_l2/trade_date=2026-07-17/exchange=NSE/symbol=KOTAKBANK/part-060901_514072-019731.parquet,real_data_sample\l2_unseen_validation\trade_date=2026-07-17\exchange=NSE\symbol=KOTAKBANK\part-060901_514072-019731.parquet,35636,downloaded,35636,
2026-07-17,NSE,KOTAKBANK,raw_l2/trade_date=2026-07-17/exchange=NSE/symbol=KOTAKBANK/part-060818_374513-019635.parquet,real_data_sample\l2_unseen_validation\trade_date=2026-07-17\exchange=NSE\symbol=KOTAKBANK\part-060818_374513-019635.parquet,36534,downloaded,36534,
2026-07-17,NSE,KOTAKBANK,raw_l2/trade_date=2026-07-17/exchange=NSE/symbol=KOTAKBANK/part-060636_927019-019411.parquet,real_data_sample\l2_unseen_validation\trade_date=2026-07-17\exchange=NSE\symbol=KOTAKBANK\part-060636_927019-019411.parquet,35924,downloaded,35924,
2026-07-17,NSE,KOTAKBANK,raw_l2/trade_date=2026-07-17/exchange=NSE/symbol=KOTAKBANK/part-060847_205949-019699.parquet,real_data_sample\l2_unseen_validation\trade_date=2026-07-17\exchange=NSE\symbol=KOTAKBANK\part-060847_205949-019699.parquet,36334,downloaded,36334,
2026-07-17,NSE,KOTAKBANK,raw_l2/trade_date=2026-07-17/exchange=NSE/symbol=KOTAKBANK/part-060930_046875-019795.parquet,real_data_sample\l2_unseen_validation\trade_date=2026-07-17\exchange=NSE\symbol=KOTAKBANK\part-060930_046875-019795.parquet,35839,downloaded,35839,
2026-07-17,NSE,KOTAKBANK,raw_l2/trade_date=2026-07-17/exchange=NSE/symbol=KOTAKBANK/part-060238_011412-018867.parquet,real_data_sample\l2_unseen_validation\trade_date=2026-07-17\exchange=NSE\symbol=KOTAKBANK\part-060238_011412-018867.parquet,34841,downloaded,34841,
2026-07-17,NSE,KOTAKBANK,raw_l2/trade_date=2026-07-17/exchange=NSE/symbol=KOTAKBANK/part-060915_498168-019763.parquet,real_data_sample\l2_unseen_validation\trade_date=2026-07-17\exchange=NSE\symbol=KOTAKBANK\part-060915_498168-019763.parquet,36268,downloaded,36268,
2026-07-17,NSE,KOTAKBANK,raw_l2/trade_date=2026-07-17/exchange=NSE/symbol=KOTAKBANK/part-060512_966882-019219.parquet,real_data_sample\l2_unseen_validation\trade_date=2026-07-17\exchange=NSE\symbol=KOTAKBANK\part-060512_966882-019219.parquet,35647,downloaded,35647,
2026-07-17,NSE,KOTAKBANK,raw_l2/trade_date=2026-07-17/exchange=NSE/symbol=KOTAKBANK/part-060444_958563-019155.parquet,real_data_sample\l2_unseen_validation\trade_date=2026-07-17\exchange=NSE\symbol=KOTAKBANK\part-060444_958563-019155.parquet,36109,downloaded,36109,
2026-07-17,NSE,KOTAKBANK,raw_l2/trade_date=2026-07-17/exchange=NSE/symbol=KOTAKBANK/part-060527_045351-019251.parquet,real_data_sample\l2_unseen_validation\trade_date=2026-07-17\exchange=NSE\symbol=KOTAKBANK\part-060527_045351-019251.parquet,34529,downloaded,34529,
2026-07-17,NSE,KOTAKBANK,raw_l2/trade_date=2026-07-17/exchange=NSE/symbol=KOTAKBANK/part-060609_124951-019347.parquet,real_data_sample\l2_unseen_validation\trade_date=2026-07-17\exchange=NSE\symbol=KOTAKBANK\part-060609_124951-019347.parquet,34805,downloaded,34805,
2026-07-17,NSE,KOTAKBANK,raw_l2/trade_date=2026-07-17/exchange=NSE/symbol=KOTAKBANK/part-060555_190064-019315.parquet,real_data_sample\l2_unseen_validation\trade_date=2026-07-17\exchange=NSE\symbol=KOTAKBANK\part-060555_190064-019315.parquet,34732,downloaded,34732,
2026-07-17,NSE,KOTAKBANK,raw_l2/trade_date=2026-07-17/exchange=NSE/symbol=KOTAKBANK/part-061139_174125-020083.parquet,real_data_sample\l2_unseen_validation\trade_date=2026-07-17\exchange=NSE\symbol=KOTAKBANK\part-061139_174125-020083.parquet,36045,downloaded,36045,
2026-07-17,NSE,KOTAKBANK,raw_l2/trade_date=2026-07-17/exchange=NSE/symbol=KOTAKBANK/part-061237_078550-020211.parquet,real_data_sample\l2_unseen_validation\trade_date=2026-07-17\exchange=NSE\symbol=KOTAKBANK\part-061237_078550-020211.parquet,36156,downloaded,36156,
2026-07-17,NSE,KOTAKBANK,raw_l2/trade_date=2026-07-17/exchange=NSE/symbol=KOTAKBANK/part-061041_578015-019955.parquet,real_data_sample\l2_unseen_validation\trade_date=2026-07-17\exchange=NSE\symbol=KOTAKBANK\part-061041_578015-019955.parquet,34876,downloaded,34876,
2026-07-17,NSE,KOTAKBANK,raw_l2/trade_date=2026-07-17/exchange=NSE/symbol=KOTAKBANK/part-060958_679945-019859.parquet,real_data_sample\l2_unseen_validation\trade_date=2026-07-17\exchange=NSE\symbol=KOTAKBANK\part-060958_679945-019859.parquet,36033,downloaded,36033,
2026-07-17,NSE,KOTAKBANK,raw_l2/trade_date=2026-07-17/exchange=NSE/symbol=KOTAKBANK/part-061110_510305-020019.parquet,real_data_sample\l2_unseen_validation\trade_date=2026-07-17\exchange=NSE\symbol=KOTAKBANK\part-061110_510305-020019.parquet,34851,downloaded,34851,
2026-07-17,NSE,KOTAKBANK,raw_l2/trade_date=2026-07-17/exchange=NSE/symbol=KOTAKBANK/part-061305_866421-020275.parquet,real_data_sample\l2_unseen_validation\trade_date=2026-07-17\exchange=NSE\symbol=KOTAKBANK\part-061305_866421-020275.parquet,35900,downloaded,35900,
2026-07-17,NSE,KOTAKBANK,raw_l2/trade_date=2026-07-17/exchange=NSE/symbol=KOTAKBANK/part-061251_404905-020243.parquet,real_data_sample\l2_unseen_validation\trade_date=2026-07-17\exchange=NSE\symbol=KOTAKBANK\part-061251_404905-020243.parquet,36163,downloaded,36163,
2026-07-17,NSE,KOTAKBANK,raw_l2/trade_date=2026-07-17/exchange=NSE/symbol=KOTAKBANK/part-061027_283272-019923.parquet,real_data_sample\l2_unseen_validation\trade_date=2026-07-17\exchange=NSE\symbol=KOTAKBANK\part-061027_283272-019923.parquet,34947,downloaded,34947,
2026-07-17,NSE,KOTAKBANK,raw_l2/trade_date=2026-07-17/exchange=NSE/symbol=KOTAKBANK/part-061124_946787-020051.parquet,real_data_sample\l2_unseen_validation\trade_date=2026-07-17\exchange=NSE\symbol=KOTAKBANK\part-061124_946787-020051.parquet,36159,downloaded,36159,
2026-07-17,NSE,KOTAKBANK,raw_l2/trade_date=2026-07-17/exchange=NSE/symbol=KOTAKBANK/part-061056_083906-019987.parquet,real_data_sample\l2_unseen_validation\trade_date=2026-07-17\exchange=NSE\symbol=KOTAKBANK\part-061056_083906-019987.parquet,34903,downloaded,34903,
2026-07-17,NSE,KOTAKBANK,raw_l2/trade_date=2026-07-17/exchange=NSE/symbol=KOTAKBANK/part-060944_435189-019827.parquet,real_data_sample\l2_unseen_validation\trade_date=2026-07-17\exchange=NSE\symbol=KOTAKBANK\part-060944_435189-019827.parquet,36103,downloaded,36103,
2026-07-17,NSE,KOTAKBANK,raw_l2/trade_date=2026-07-17/exchange=NSE/symbol=KOTAKBANK/part-061320_370872-020307.parquet,real_data_sample\l2_unseen_validation\trade_date=2026-07-17\exchange=NSE\symbol=KOTAKBANK\part-061320_370872-020307.parquet,36331,downloaded,36331,
2026-07-17,NSE,KOTAKBANK,raw_l2/trade_date=2026-07-17/exchange=NSE/symbol=KOTAKBANK/part-061153_716890-020115.parquet,real_data_sample\l2_unseen_validation\trade_date=2026-07-17\exchange=NSE\symbol=KOTAKBANK\part-061153_716890-020115.parquet,36006,downloaded,36006,
2026-07-17,NSE,KOTAKBANK,raw_l2/trade_date=2026-07-17/exchange=NSE/symbol=KOTAKBANK/part-061012_970900-019891.parquet,real_data_sample\l2_unseen_validation\trade_date=2026-07-17\exchange=NSE\symbol=KOTAKBANK\part-061012_970900-019891.parquet,35858,downloaded,35858,
2026-07-17,NSE,KOTAKBANK,raw_l2/trade_date=2026-07-17/exchange=NSE/symbol=KOTAKBANK/part-061222_619692-020179.parquet,real_data_sample\l2_unseen_validation\trade_date=2026-07-17\exchange=NSE\symbol=KOTAKBANK\part-061222_619692-020179.parquet,36408,downloaded,36408,
2026-07-17,NSE,KOTAKBANK,raw_l2/trade_date=2026-07-17/exchange=NSE/symbol=KOTAKBANK/part-061208_046402-020147.parquet,real_data_sample\l2_unseen_validation\trade_date=2026-07-17\exchange=NSE\symbol=KOTAKBANK\part-061208_046402-020147.parquet,36057,downloaded,36057,
2026-07-17,NSE,KOTAKBANK,raw_l2/trade_date=2026-07-17/exchange=NSE/symbol=KOTAKBANK/part-061334_677210-020339.parquet,real_data_sample\l2_unseen_validation\trade_date=2026-07-17\exchange=NSE\symbol=KOTAKBANK\part-061334_677210-020339.parquet,35610,downloaded,35610,
2026-07-17,NSE,KOTAKBANK,raw_l2/trade_date=2026-07-17/exchange=NSE/symbol=KOTAKBANK/part-061403_340197-020403.parquet,real_data_sample\l2_unseen_validation\trade_date=2026-07-17\exchange=NSE\symbol=KOTAKBANK\part-061403_340197-020403.parquet,35753,downloaded,35753,
2026-07-17,NSE,KOTAKBANK,raw_l2/trade_date=2026-07-17/exchange=NSE/symbol=KOTAKBANK/part-061558_368468-020659.parquet,real_data_sample\l2_unseen_validation\trade_date=2026-07-17\exchange=NSE\symbol=KOTAKBANK\part-061558_368468-020659.parquet,34927,downloaded,34927,
2026-07-17,NSE,KOTAKBANK,raw_l2/trade_date=2026-07-17/exchange=NSE/symbol=KOTAKBANK/part-061349_016965-020371.parquet,real_data_sample\l2_unseen_validation\trade_date=2026-07-17\exchange=NSE\symbol=KOTAKBANK\part-061349_016965-020371.parquet,36184,downloaded,36184,
2026-07-17,NSE,KOTAKBANK,raw_l2/trade_date=2026-07-17/exchange=NSE/symbol=KOTAKBANK/part-061529_618905-020595.parquet,real_data_sample\l2_unseen_validation\trade_date=2026-07-17\exchange=NSE\symbol=KOTAKBANK\part-061529_618905-020595.parquet,34871,downloaded,34871,
2026-07-17,NSE,KOTAKBANK,raw_l2/trade_date=2026-07-17/exchange=NSE/symbol=KOTAKBANK/part-061656_719750-020787.parquet,real_data_sample\l2_unseen_validation\trade_date=2026-07-17\exchange=NSE\symbol=KOTAKBANK\part-061656_719750-020787.parquet,34790,downloaded,34790,
2026-07-17,NSE,KOTAKBANK,raw_l2/trade_date=2026-07-17/exchange=NSE/symbol=KOTAKBANK/part-061432_038950-020467.parquet,real_data_sample\l2_unseen_validation\trade_date=2026-07-17\exchange=NSE\symbol=KOTAKBANK\part-061432_038950-020467.parquet,34816,downloaded,34816,
2026-07-17,NSE,KOTAKBANK,raw_l2/trade_date=2026-07-17/exchange=NSE/symbol=KOTAKBANK/part-061417_602805-020435.parquet,real_data_sample\l2_unseen_validation\trade_date=2026-07-17\exchange=NSE\symbol=KOTAKBANK\part-061417_602805-020435.parquet,35555,downloaded,35555,
2026-07-17,NSE,KOTAKBANK,raw_l2/trade_date=2026-07-17/exchange=NSE/symbol=KOTAKBANK/part-061446_252306-020499.parquet,real_data_sample\l2_unseen_validation\trade_date=2026-07-17\exchange=NSE\symbol=KOTAKBANK\part-061446_252306-020499.parquet,34806,downloaded,34806,
2026-07-17,NSE,KOTAKBANK,raw_l2/trade_date=2026-07-17/exchange=NSE/symbol=KOTAKBANK/part-061628_551187-020723.parquet,real_data_sample\l2_unseen_validation\trade_date=2026-07-17\exchange=NSE\symbol=KOTAKBANK\part-061628_551187-020723.parquet,34929,downloaded,34929,
2026-07-17,NSE,KOTAKBANK,raw_l2/trade_date=2026-07-17/exchange=NSE/symbol=KOTAKBANK/part-061500_646865-020531.parquet,real_data_sample\l2_unseen_validation\trade_date=2026-07-17\exchange=NSE\symbol=KOTAKBANK\part-061500_646865-020531.parquet,34878,downloaded,34878,
2026-07-17,NSE,KOTAKBANK,raw_l2/trade_date=2026-07-17/exchange=NSE/symbol=KOTAKBANK/part-061515_097382-020563.parquet,real_data_sample\l2_unseen_validation\trade_date=2026-07-17\exchange=NSE\symbol=KOTAKBANK\part-061515_097382-020563.parquet,34810,downloaded,34810,
2026-07-17,NSE,KOTAKBANK,raw_l2/trade_date=2026-07-17/exchange=NSE/symbol=KOTAKBANK/part-061710_986820-020819.parquet,real_data_sample\l2_unseen_validation\trade_date=2026-07-17\exchange=NSE\symbol=KOTAKBANK\part-061710_986820-020819.parquet,34806,downloaded,34806,
2026-07-17,NSE,KOTAKBANK,raw_l2/trade_date=2026-07-17/exchange=NSE/symbol=KOTAKBANK/part-061642_676533-020755.parquet,real_data_sample\l2_unseen_validation\trade_date=2026-07-17\exchange=NSE\symbol=KOTAKBANK\part-061642_676533-020755.parquet,34818,downloaded,34818,
2026-07-17,NSE,KOTAKBANK,raw_l2/trade_date=2026-07-17/exchange=NSE/symbol=KOTAKBANK/part-061613_458991-020691.parquet,real_data_sample\l2_unseen_validation\trade_date=2026-07-17\exchange=NSE\symbol=KOTAKBANK\part-061613_458991-020691.parquet,34702,downloaded,34702,
2026-07-17,NSE,KOTAKBANK,raw_l2/trade_date=2026-07-17/exchange=NSE/symbol=KOTAKBANK/part-061543_819822-020627.parquet,real_data_sample\l2_unseen_validation\trade_date=2026-07-17\exchange=NSE\symbol=KOTAKBANK\part-061543_819822-020627.parquet,34994,downloaded,34994,
2026-07-17,NSE,KOTAKBANK,raw_l2/trade_date=2026-07-17/exchange=NSE/symbol=KOTAKBANK/part-061725_191006-020851.parquet,real_data_sample\l2_unseen_validation\trade_date=2026-07-17\exchange=NSE\symbol=KOTAKBANK\part-061725_191006-020851.parquet,34794,downloaded,34794,
2026-07-17,NSE,KOTAKBANK,raw_l2/trade_date=2026-07-17/exchange=NSE/symbol=KOTAKBANK/part-061934_655975-021139.parquet,real_data_sample\l2_unseen_validation\trade_date=2026-07-17\exchange=NSE\symbol=KOTAKBANK\part-061934_655975-021139.parquet,34932,downloaded,34932,
2026-07-17,NSE,KOTAKBANK,raw_l2/trade_date=2026-07-17/exchange=NSE/symbol=KOTAKBANK/part-061905_767142-021075.parquet,real_data_sample\l2_unseen_validation\trade_date=2026-07-17\exchange=NSE\symbol=KOTAKBANK\part-061905_767142-021075.parquet,35969,downloaded,35969,
2026-07-17,NSE,KOTAKBANK,raw_l2/trade_date=2026-07-17/exchange=NSE/symbol=KOTAKBANK/part-061753_802787-020915.parquet,real_data_sample\l2_unseen_validation\trade_date=2026-07-17\exchange=NSE\symbol=KOTAKBANK\part-061753_802787-020915.parquet,34956,downloaded,34956,
2026-07-17,NSE,KOTAKBANK,raw_l2/trade_date=2026-07-17/exchange=NSE/symbol=KOTAKBANK/part-061822_602431-020979.parquet,real_data_sample\l2_unseen_validation\trade_date=2026-07-17\exchange=NSE\symbol=KOTAKBANK\part-061822_602431-020979.parquet,35397,downloaded,35397,
2026-07-17,NSE,KOTAKBANK,raw_l2/trade_date=2026-07-17/exchange=NSE/symbol=KOTAKBANK/part-061851_713174-021043.parquet,real_data_sample\l2_unseen_validation\trade_date=2026-07-17\exchange=NSE\symbol=KOTAKBANK\part-061851_713174-021043.parquet,35787,downloaded,35787,
2026-07-17,NSE,KOTAKBANK,raw_l2/trade_date=2026-07-17/exchange=NSE/symbol=KOTAKBANK/part-061920_228174-021107.parquet,real_data_sample\l2_unseen_validation\trade_date=2026-07-17\exchange=NSE\symbol=KOTAKBANK\part-061920_228174-021107.parquet,35619,downloaded,35619,
2026-07-17,NSE,KOTAKBANK,raw_l2/trade_date=2026-07-17/exchange=NSE/symbol=KOTAKBANK/part-061739_188070-020883.parquet,real_data_sample\l2_unseen_validation\trade_date=2026-07-17\exchange=NSE\symbol=KOTAKBANK\part-061739_188070-020883.parquet,34746,downloaded,34746,
2026-07-17,NSE,KOTAKBANK,raw_l2/trade_date=2026-07-17/exchange=NSE/symbol=KOTAKBANK/part-061808_552220-020947.parquet,real_data_sample\l2_unseen_validation\trade_date=2026-07-17\exchange=NSE\symbol=KOTAKBANK\part-061808_552220-020947.parquet,35051,downloaded,35051,
2026-07-17,NSE,KOTAKBANK,raw_l2/trade_date=2026-07-17/exchange=NSE/symbol=KOTAKBANK/part-061837_472819-021011.parquet,real_data_sample\l2_unseen_validation\trade_date=2026-07-17\exchange=NSE\symbol=KOTAKBANK\part-061837_472819-021011.parquet,35366,downloaded,35366,
2026-07-17,NSE,KOTAKBANK,raw_l2/trade_date=2026-07-17/exchange=NSE/symbol=KOTAKBANK/part-062002_993472-021203.parquet,real_data_sample\l2_unseen_validation\trade_date=2026-07-17\exchange=NSE\symbol=KOTAKBANK\part-062002_993472-021203.parquet,34973,downloaded,34973,
2026-07-17,NSE,KOTAKBANK,raw_l2/trade_date=2026-07-17/exchange=NSE/symbol=KOTAKBANK/part-061948_726698-021171.parquet,real_data_sample\l2_unseen_validation\trade_date=2026-07-17\exchange=NSE\symbol=KOTAKBANK\part-061948_726698-021171.parquet,34961,downloaded,34961,
2026-07-17,NSE,KOTAKBANK,raw_l2/trade_date=2026-07-17/exchange=NSE/symbol=KOTAKBANK/part-062031_430300-021267.parquet,real_data_sample\l2_unseen_validation\trade_date=2026-07-17\exchange=NSE\symbol=KOTAKBANK\part-062031_430300-021267.parquet,34829,downloaded,34829,
2026-07-17,NSE,KOTAKBANK,raw_l2/trade_date=2026-07-17/exchange=NSE/symbol=KOTAKBANK/part-062046_132549-021299.parquet,real_data_sample\l2_unseen_validation\trade_date=2026-07-17\exchange=NSE\symbol=KOTAKBANK\part-062046_132549-021299.parquet,34842,downloaded,34842,
2026-07-17,NSE,KOTAKBANK,raw_l2/trade_date=2026-07-17/exchange=NSE/symbol=KOTAKBANK/part-062017_158070-021235.parquet,real_data_sample\l2_unseen_validation\trade_date=2026-07-17\exchange=NSE\symbol=KOTAKBANK\part-062017_158070-021235.parquet,34986,downloaded,34986,
2026-07-17,NSE,KOTAKBANK,raw_l2/trade_date=2026-07-17/exchange=NSE/symbol=KOTAKBANK/part-062115_100402-021363.parquet,real_data_sample\l2_unseen_validation\trade_date=2026-07-17\exchange=NSE\symbol=KOTAKBANK\part-062115_100402-021363.parquet,34954,downloaded,34954,
2026-07-17,NSE,KOTAKBANK,raw_l2/trade_date=2026-07-17/exchange=NSE/symbol=KOTAKBANK/part-062100_633361-021331.parquet,real_data_sample\l2_unseen_validation\trade_date=2026-07-17\exchange=NSE\symbol=KOTAKBANK\part-062100_633361-021331.parquet,34769,downloaded,34769,
2026-07-17,NSE,KOTAKBANK,raw_l2/trade_date=2026-07-17/exchange=NSE/symbol=KOTAKBANK/part-062447_882449-021843.parquet,real_data_sample\l2_unseen_validation\trade_date=2026-07-17\exchange=NSE\symbol=KOTAKBANK\part-062447_882449-021843.parquet,36087,downloaded,36087,
2026-07-17,NSE,KOTAKBANK,raw_l2/trade_date=2026-07-17/exchange=NSE/symbol=KOTAKBANK/part-062351_448060-021715.parquet,real_data_sample\l2_unseen_validation\trade_date=2026-07-17\exchange=NSE\symbol=KOTAKBANK\part-062351_448060-021715.parquet,34707,downloaded,34707,
2026-07-17,NSE,KOTAKBANK,raw_l2/trade_date=2026-07-17/exchange=NSE/symbol=KOTAKBANK/part-062157_384580-021459.parquet,real_data_sample\l2_unseen_validation\trade_date=2026-07-17\exchange=NSE\symbol=KOTAKBANK\part-062157_384580-021459.parquet,34750,downloaded,34750,
2026-07-17,NSE,KOTAKBANK,raw_l2/trade_date=2026-07-17/exchange=NSE/symbol=KOTAKBANK/part-062211_672011-021491.parquet,real_data_sample\l2_unseen_validation\trade_date=2026-07-17\exchange=NSE\symbol=KOTAKBANK\part-062211_672011-021491.parquet,34816,downloaded,34816,
2026-07-17,NSE,KOTAKBANK,raw_l2/trade_date=2026-07-17/exchange=NSE/symbol=KOTAKBANK/part-062129_258347-021395.parquet,real_data_sample\l2_unseen_validation\trade_date=2026-07-17\exchange=NSE\symbol=KOTAKBANK\part-062129_258347-021395.parquet,34963,downloaded,34963,
2026-07-17,NSE,KOTAKBANK,raw_l2/trade_date=2026-07-17/exchange=NSE/symbol=KOTAKBANK/part-062143_142617-021427.parquet,real_data_sample\l2_unseen_validation\trade_date=2026-07-17\exchange=NSE\symbol=KOTAKBANK\part-062143_142617-021427.parquet,34932,downloaded,34932,
2026-07-17,NSE,KOTAKBANK,raw_l2/trade_date=2026-07-17/exchange=NSE/symbol=KOTAKBANK/part-062225_937738-021523.parquet,real_data_sample\l2_unseen_validation\trade_date=2026-07-17\exchange=NSE\symbol=KOTAKBANK\part-062225_937738-021523.parquet,34868,downloaded,34868,
2026-07-17,NSE,KOTAKBANK,raw_l2/trade_date=2026-07-17/exchange=NSE/symbol=KOTAKBANK/part-062240_315077-021555.parquet,real_data_sample\l2_unseen_validation\trade_date=2026-07-17\exchange=NSE\symbol=KOTAKBANK\part-062240_315077-021555.parquet,34883,downloaded,34883,
2026-07-17,NSE,KOTAKBANK,raw_l2/trade_date=2026-07-17/exchange=NSE/symbol=KOTAKBANK/part-062433_673873-021811.parquet,real_data_sample\l2_unseen_validation\trade_date=2026-07-17\exchange=NSE\symbol=KOTAKBANK\part-062433_673873-021811.parquet,35866,downloaded,35866,
2026-07-17,NSE,KOTAKBANK,raw_l2/trade_date=2026-07-17/exchange=NSE/symbol=KOTAKBANK/part-062419_641496-021779.parquet,real_data_sample\l2_unseen_validation\trade_date=2026-07-17\exchange=NSE\symbol=KOTAKBANK\part-062419_641496-021779.parquet,35270,downloaded,35270,
2026-07-17,NSE,KOTAKBANK,raw_l2/trade_date=2026-07-17/exchange=NSE/symbol=KOTAKBANK/part-062405_522928-021747.parquet,real_data_sample\l2_unseen_validation\trade_date=2026-07-17\exchange=NSE\symbol=KOTAKBANK\part-062405_522928-021747.parquet,34914,downloaded,34914,
2026-07-17,NSE,KOTAKBANK,raw_l2/trade_date=2026-07-17/exchange=NSE/symbol=KOTAKBANK/part-062254_528614-021587.parquet,real_data_sample\l2_unseen_validation\trade_date=2026-07-17\exchange=NSE\symbol=KOTAKBANK\part-062254_528614-021587.parquet,34909,downloaded,34909,
2026-07-17,NSE,KOTAKBANK,raw_l2/trade_date=2026-07-17/exchange=NSE/symbol=KOTAKBANK/part-062337_522653-021683.parquet,real_data_sample\l2_unseen_validation\trade_date=2026-07-17\exchange=NSE\symbol=KOTAKBANK\part-062337_522653-021683.parquet,34912,downloaded,34912,
2026-07-17,NSE,KOTAKBANK,raw_l2/trade_date=2026-07-17/exchange=NSE/symbol=KOTAKBANK/part-062323_230033-021651.parquet,real_data_sample\l2_unseen_validation\trade_date=2026-07-17\exchange=NSE\symbol=KOTAKBANK\part-062323_230033-021651.parquet,34995,downloaded,34995,
2026-07-17,NSE,KOTAKBANK,raw_l2/trade_date=2026-07-17/exchange=NSE/symbol=KOTAKBANK/part-062308_926260-021619.parquet,real_data_sample\l2_unseen_validation\trade_date=2026-07-17\exchange=NSE\symbol=KOTAKBANK\part-062308_926260-021619.parquet,34750,downloaded,34750,
2026-07-17,NSE,KOTAKBANK,raw_l2/trade_date=2026-07-17/exchange=NSE/symbol=KOTAKBANK/part-062502_060085-021875.parquet,real_data_sample\l2_unseen_validation\trade_date=2026-07-17\exchange=NSE\symbol=KOTAKBANK\part-062502_060085-021875.parquet,36028,downloaded,36028,
2026-07-17,NSE,KOTAKBANK,raw_l2/trade_date=2026-07-17/exchange=NSE/symbol=KOTAKBANK/part-062558_143168-022003.parquet,real_data_sample\l2_unseen_validation\trade_date=2026-07-17\exchange=NSE\symbol=KOTAKBANK\part-062558_143168-022003.parquet,36276,downloaded,36276,
2026-07-17,NSE,KOTAKBANK,raw_l2/trade_date=2026-07-17/exchange=NSE/symbol=KOTAKBANK/part-062626_218043-022067.parquet,real_data_sample\l2_unseen_validation\trade_date=2026-07-17\exchange=NSE\symbol=KOTAKBANK\part-062626_218043-022067.parquet,35002,downloaded,35002,
2026-07-17,NSE,KOTAKBANK,raw_l2/trade_date=2026-07-17/exchange=NSE/symbol=KOTAKBANK/part-062820_699061-022323.parquet,real_data_sample\l2_unseen_validation\trade_date=2026-07-17\exchange=NSE\symbol=KOTAKBANK\part-062820_699061-022323.parquet,35626,downloaded,35626,
2026-07-17,NSE,KOTAKBANK,raw_l2/trade_date=2026-07-17/exchange=NSE/symbol=KOTAKBANK/part-062806_267506-022291.parquet,real_data_sample\l2_unseen_validation\trade_date=2026-07-17\exchange=NSE\symbol=KOTAKBANK\part-062806_267506-022291.parquet,35537,downloaded,35537,
2026-07-17,NSE,KOTAKBANK,raw_l2/trade_date=2026-07-17/exchange=NSE/symbol=KOTAKBANK/part-062752_059358-022259.parquet,real_data_sample\l2_unseen_validation\trade_date=2026-07-17\exchange=NSE\symbol=KOTAKBANK\part-062752_059358-022259.parquet,35740,downloaded,35740,
2026-07-17,NSE,KOTAKBANK,raw_l2/trade_date=2026-07-17/exchange=NSE/symbol=KOTAKBANK/part-062834_614783-022355.parquet,real_data_sample\l2_unseen_validation\trade_date=2026-07-17\exchange=NSE\symbol=KOTAKBANK\part-062834_614783-022355.parquet,35748,downloaded,35748,
2026-07-17,NSE,KOTAKBANK,raw_l2/trade_date=2026-07-17/exchange=NSE/symbol=KOTAKBANK/part-062654_724707-022131.parquet,real_data_sample\l2_unseen_validation\trade_date=2026-07-17\exchange=NSE\symbol=KOTAKBANK\part-062654_724707-022131.parquet,34764,downloaded,34764,
2026-07-17,NSE,KOTAKBANK,raw_l2/trade_date=2026-07-17/exchange=NSE/symbol=KOTAKBANK/part-062612_206414-022035.parquet,real_data_sample\l2_unseen_validation\trade_date=2026-07-17\exchange=NSE\symbol=KOTAKBANK\part-062612_206414-022035.parquet,36262,downloaded,36262,
2026-07-17,NSE,KOTAKBANK,raw_l2/trade_date=2026-07-17/exchange=NSE/symbol=KOTAKBANK/part-062640_483438-022099.parquet,real_data_sample\l2_unseen_validation\trade_date=2026-07-17\exchange=NSE\symbol=KOTAKBANK\part-062640_483438-022099.parquet,34917,downloaded,34917,
2026-07-17,NSE,KOTAKBANK,raw_l2/trade_date=2026-07-17/exchange=NSE/symbol=KOTAKBANK/part-062708_985513-022163.parquet,real_data_sample\l2_unseen_validation\trade_date=2026-07-17\exchange=NSE\symbol=KOTAKBANK\part-062708_985513-022163.parquet,34969,downloaded,34969,
2026-07-17,NSE,KOTAKBANK,raw_l2/trade_date=2026-07-17/exchange=NSE/symbol=KOTAKBANK/part-062723_434517-022195.parquet,real_data_sample\l2_unseen_validation\trade_date=2026-07-17\exchange=NSE\symbol=KOTAKBANK\part-062723_434517-022195.parquet,36207,downloaded,36207,
2026-07-17,NSE,KOTAKBANK,raw_l2/trade_date=2026-07-17/exchange=NSE/symbol=KOTAKBANK/part-062516_297667-021907.parquet,real_data_sample\l2_unseen_validation\trade_date=2026-07-17\exchange=NSE\symbol=KOTAKBANK\part-062516_297667-021907.parquet,35847,downloaded,35847,
2026-07-17,NSE,KOTAKBANK,raw_l2/trade_date=2026-07-17/exchange=NSE/symbol=KOTAKBANK/part-062848_977874-022387.parquet,real_data_sample\l2_unseen_validation\trade_date=2026-07-17\exchange=NSE\symbol=KOTAKBANK\part-062848_977874-022387.parquet,35476,downloaded,35476,
2026-07-17,NSE,KOTAKBANK,raw_l2/trade_date=2026-07-17/exchange=NSE/symbol=KOTAKBANK/part-062737_756716-022227.parquet,real_data_sample\l2_unseen_validation\trade_date=2026-07-17\exchange=NSE\symbol=KOTAKBANK\part-062737_756716-022227.parquet,36098,downloaded,36098,
2026-07-17,NSE,KOTAKBANK,raw_l2/trade_date=2026-07-17/exchange=NSE/symbol=KOTAKBANK/part-062530_133944-021939.parquet,real_data_sample\l2_unseen_validation\trade_date=2026-07-17\exchange=NSE\symbol=KOTAKBANK\part-062530_133944-021939.parquet,35590,downloaded,35590,
2026-07-17,NSE,KOTAKBANK,raw_l2/trade_date=2026-07-17/exchange=NSE/symbol=KOTAKBANK/part-062544_105414-021971.parquet,real_data_sample\l2_unseen_validation\trade_date=2026-07-17\exchange=NSE\symbol=KOTAKBANK\part-062544_105414-021971.parquet,35468,downloaded,35468,
2026-07-17,NSE,KOTAKBANK,raw_l2/trade_date=2026-07-17/exchange=NSE/symbol=KOTAKBANK/part-060719_244165-019507.parquet,real_data_sample\l2_unseen_validation\trade_date=2026-07-17\exchange=NSE\symbol=KOTAKBANK\part-060719_244165-019507.parquet,35990,downloaded,35990,
2026-07-17,NSE,KOTAKBANK,raw_l2/trade_date=2026-07-17/exchange=NSE/symbol=KOTAKBANK/part-060209_696379-018803.parquet,real_data_sample\l2_unseen_validation\trade_date=2026-07-17\exchange=NSE\symbol=KOTAKBANK\part-060209_696379-018803.parquet,35749,downloaded,35749,
2026-07-17,NSE,KOTAKBANK,raw_l2/trade_date=2026-07-17/exchange=NSE/symbol=KOTAKBANK/part-060306_183442-018931.parquet,real_data_sample\l2_unseen_validation\trade_date=2026-07-17\exchange=NSE\symbol=KOTAKBANK\part-060306_183442-018931.parquet,34535,downloaded,34535,
2026-07-17,NSE,KOTAKBANK,raw_l2/trade_date=2026-07-17/exchange=NSE/symbol=KOTAKBANK/part-060705_170595-019475.parquet,real_data_sample\l2_unseen_validation\trade_date=2026-07-17\exchange=NSE\symbol=KOTAKBANK\part-060705_170595-019475.parquet,35972,downloaded,35972,
2026-07-17,NSE,KOTAKBANK,raw_l2/trade_date=2026-07-17/exchange=NSE/symbol=KOTAKBANK/part-063140_097095-022771.parquet,real_data_sample\l2_unseen_validation\trade_date=2026-07-17\exchange=NSE\symbol=KOTAKBANK\part-063140_097095-022771.parquet,34914,downloaded,34914,
2026-07-17,NSE,KOTAKBANK,raw_l2/trade_date=2026-07-17/exchange=NSE/symbol=KOTAKBANK/part-060252_060350-018899.parquet,real_data_sample\l2_unseen_validation\trade_date=2026-07-17\exchange=NSE\symbol=KOTAKBANK\part-060252_060350-018899.parquet,34666,downloaded,34666,
2026-07-17,NSE,KOTAKBANK,raw_l2/trade_date=2026-07-17/exchange=NSE/symbol=KOTAKBANK/part-060320_273603-018963.parquet,real_data_sample\l2_unseen_validation\trade_date=2026-07-17\exchange=NSE\symbol=KOTAKBANK\part-060320_273603-018963.parquet,34666,downloaded,34666,
2026-07-17,NSE,KOTAKBANK,raw_l2/trade_date=2026-07-17/exchange=NSE/symbol=KOTAKBANK/part-060334_197816-018995.parquet,real_data_sample\l2_unseen_validation\trade_date=2026-07-17\exchange=NSE\symbol=KOTAKBANK\part-060334_197816-018995.parquet,34622,downloaded,34622,
2026-07-17,NSE,KOTAKBANK,raw_l2/trade_date=2026-07-17/exchange=NSE/symbol=KOTAKBANK/part-060541_198417-019283.parquet,real_data_sample\l2_unseen_validation\trade_date=2026-07-17\exchange=NSE\symbol=KOTAKBANK\part-060541_198417-019283.parquet,34680,downloaded,34680,
2026-07-17,NSE,KOTAKBANK,raw_l2/trade_date=2026-07-17/exchange=NSE/symbol=KOTAKBANK/part-060430_661539-019123.parquet,real_data_sample\l2_unseen_validation\trade_date=2026-07-17\exchange=NSE\symbol=KOTAKBANK\part-060430_661539-019123.parquet,35550,downloaded,35550,
2026-07-17,NSE,KOTAKBANK,raw_l2/trade_date=2026-07-17/exchange=NSE/symbol=KOTAKBANK/part-060651_167445-019443.parquet,real_data_sample\l2_unseen_validation\trade_date=2026-07-17\exchange=NSE\symbol=KOTAKBANK\part-060651_167445-019443.parquet,36201,downloaded,36201,
2026-07-17,NSE,KOTAKBANK,raw_l2/trade_date=2026-07-17/exchange=NSE/symbol=KOTAKBANK/part-062916_961525-022451.parquet,real_data_sample\l2_unseen_validation\trade_date=2026-07-17\exchange=NSE\symbol=KOTAKBANK\part-062916_961525-022451.parquet,35624,downloaded,35624,
2026-07-17,NSE,KOTAKBANK,raw_l2/trade_date=2026-07-17/exchange=NSE/symbol=KOTAKBANK/part-063000_789664-022547.parquet,real_data_sample\l2_unseen_validation\trade_date=2026-07-17\exchange=NSE\symbol=KOTAKBANK\part-063000_789664-022547.parquet,34971,downloaded,34971,
2026-07-17,NSE,KOTAKBANK,raw_l2/trade_date=2026-07-17/exchange=NSE/symbol=KOTAKBANK/part-063043_484856-022643.parquet,real_data_sample\l2_unseen_validation\trade_date=2026-07-17\exchange=NSE\symbol=KOTAKBANK\part-063043_484856-022643.parquet,35726,downloaded,35726,
2026-07-17,NSE,KOTAKBANK,raw_l2/trade_date=2026-07-17/exchange=NSE/symbol=KOTAKBANK/part-062946_255410-022515.parquet,real_data_sample\l2_unseen_validation\trade_date=2026-07-17\exchange=NSE\symbol=KOTAKBANK\part-062946_255410-022515.parquet,34975,downloaded,34975,
2026-07-17,NSE,KOTAKBANK,raw_l2/trade_date=2026-07-17/exchange=NSE/symbol=KOTAKBANK/part-062932_051280-022483.parquet,real_data_sample\l2_unseen_validation\trade_date=2026-07-17\exchange=NSE\symbol=KOTAKBANK\part-062932_051280-022483.parquet,34713,downloaded,34713,
2026-07-17,NSE,KOTAKBANK,raw_l2/trade_date=2026-07-17/exchange=NSE/symbol=KOTAKBANK/part-063057_463132-022675.parquet,real_data_sample\l2_unseen_validation\trade_date=2026-07-17\exchange=NSE\symbol=KOTAKBANK\part-063057_463132-022675.parquet,35906,downloaded,35906,
2026-07-17,NSE,KOTAKBANK,raw_l2/trade_date=2026-07-17/exchange=NSE/symbol=KOTAKBANK/part-063111_807368-022707.parquet,real_data_sample\l2_unseen_validation\trade_date=2026-07-17\exchange=NSE\symbol=KOTAKBANK\part-063111_807368-022707.parquet,35869,downloaded,35869,
2026-07-17,NSE,KOTAKBANK,raw_l2/trade_date=2026-07-17/exchange=NSE/symbol=KOTAKBANK/part-063125_982339-022739.parquet,real_data_sample\l2_unseen_validation\trade_date=2026-07-17\exchange=NSE\symbol=KOTAKBANK\part-063125_982339-022739.parquet,34940,downloaded,34940,
2026-07-17,NSE,KOTAKBANK,raw_l2/trade_date=2026-07-17/exchange=NSE/symbol=KOTAKBANK/part-063029_327328-022611.parquet,real_data_sample\l2_unseen_validation\trade_date=2026-07-17\exchange=NSE\symbol=KOTAKBANK\part-063029_327328-022611.parquet,35463,downloaded,35463,
2026-07-17,NSE,KOTAKBANK,raw_l2/trade_date=2026-07-17/exchange=NSE/symbol=KOTAKBANK/part-063015_173757-022579.parquet,real_data_sample\l2_unseen_validation\trade_date=2026-07-17\exchange=NSE\symbol=KOTAKBANK\part-063015_173757-022579.parquet,35166,downloaded,35166,
2026-07-17,NSE,KOTAKBANK,raw_l2/trade_date=2026-07-17/exchange=NSE/symbol=KOTAKBANK/part-063235_889290-022899.parquet,real_data_sample\l2_unseen_validation\trade_date=2026-07-17\exchange=NSE\symbol=KOTAKBANK\part-063235_889290-022899.parquet,34869,downloaded,34869,
2026-07-17,NSE,KOTAKBANK,raw_l2/trade_date=2026-07-17/exchange=NSE/symbol=KOTAKBANK/part-060458_878340-019187.parquet,real_data_sample\l2_unseen_validation\trade_date=2026-07-17\exchange=NSE\symbol=KOTAKBANK\part-060458_878340-019187.parquet,35723,downloaded,35723,
2026-07-17,NSE,KOTAKBANK,raw_l2/trade_date=2026-07-17/exchange=NSE/symbol=KOTAKBANK/part-060832_966212-019667.parquet,real_data_sample\l2_unseen_validation\trade_date=2026-07-17\exchange=NSE\symbol=KOTAKBANK\part-060832_966212-019667.parquet,36026,downloaded,36026,
2026-07-17,NSE,KOTAKBANK,raw_l2/trade_date=2026-07-17/exchange=NSE/symbol=KOTAKBANK/part-063154_073329-022803.parquet,real_data_sample\l2_unseen_validation\trade_date=2026-07-17\exchange=NSE\symbol=KOTAKBANK\part-063154_073329-022803.parquet,34961,downloaded,34961,
2026-07-17,NSE,KOTAKBANK,raw_l2/trade_date=2026-07-17/exchange=NSE/symbol=KOTAKBANK/part-063221_847362-022867.parquet,real_data_sample\l2_unseen_validation\trade_date=2026-07-17\exchange=NSE\symbol=KOTAKBANK\part-063221_847362-022867.parquet,34973,downloaded,34973,
2026-07-17,NSE,KOTAKBANK,raw_l2/trade_date=2026-07-17/exchange=NSE/symbol=KOTAKBANK/part-063207_903757-022835.parquet,real_data_sample\l2_unseen_validation\trade_date=2026-07-17\exchange=NSE\symbol=KOTAKBANK\part-063207_903757-022835.parquet,35019,downloaded,35019,
2026-07-17,NSE,KOTAKBANK,raw_l2/trade_date=2026-07-17/exchange=NSE/symbol=KOTAKBANK/part-063249_785122-022931.parquet,real_data_sample\l2_unseen_validation\trade_date=2026-07-17\exchange=NSE\symbol=KOTAKBANK\part-063249_785122-022931.parquet,34931,downloaded,34931,
2026-07-17,NSE,KOTAKBANK,raw_l2/trade_date=2026-07-17/exchange=NSE/symbol=KOTAKBANK/part-063304_059833-022963.parquet,real_data_sample\l2_unseen_validation\trade_date=2026-07-17\exchange=NSE\symbol=KOTAKBANK\part-063304_059833-022963.parquet,34874,downloaded,34874,
2026-07-17,NSE,KOTAKBANK,raw_l2/trade_date=2026-07-17/exchange=NSE/symbol=KOTAKBANK/part-063318_393763-022995.parquet,real_data_sample\l2_unseen_validation\trade_date=2026-07-17\exchange=NSE\symbol=KOTAKBANK\part-063318_393763-022995.parquet,35400,downloaded,35400,
2026-07-17,NSE,KOTAKBANK,raw_l2/trade_date=2026-07-17/exchange=NSE/symbol=KOTAKBANK/part-063332_787439-023027.parquet,real_data_sample\l2_unseen_validation\trade_date=2026-07-17\exchange=NSE\symbol=KOTAKBANK\part-063332_787439-023027.parquet,36029,downloaded,36029,
2026-07-17,NSE,KOTAKBANK,raw_l2/trade_date=2026-07-17/exchange=NSE/symbol=KOTAKBANK/part-060223_974964-018835.parquet,real_data_sample\l2_unseen_validation\trade_date=2026-07-17\exchange=NSE\symbol=KOTAKBANK\part-060223_974964-018835.parquet,35013,downloaded,35013,
2026-07-17,NSE,KOTAKBANK,raw_l2/trade_date=2026-07-17/exchange=NSE/symbol=KOTAKBANK/part-060803_560715-019603.parquet,real_data_sample\l2_unseen_validation\trade_date=2026-07-17\exchange=NSE\symbol=KOTAKBANK\part-060803_560715-019603.parquet,36533,downloaded,36533,
2026-07-17,NSE,KOTAKBANK,raw_l2/trade_date=2026-07-17/exchange=NSE/symbol=KOTAKBANK/part-063745_026298-023603.parquet,real_data_sample\l2_unseen_validation\trade_date=2026-07-17\exchange=NSE\symbol=KOTAKBANK\part-063745_026298-023603.parquet,35756,downloaded,35756,
2026-07-17,NSE,KOTAKBANK,raw_l2/trade_date=2026-07-17/exchange=NSE/symbol=KOTAKBANK/part-063346_933432-023059.parquet,real_data_sample\l2_unseen_validation\trade_date=2026-07-17\exchange=NSE\symbol=KOTAKBANK\part-063346_933432-023059.parquet,35771,downloaded,35771,
2026-07-17,NSE,KOTAKBANK,raw_l2/trade_date=2026-07-17/exchange=NSE/symbol=KOTAKBANK/part-063400_967634-023091.parquet,real_data_sample\l2_unseen_validation\trade_date=2026-07-17\exchange=NSE\symbol=KOTAKBANK\part-063400_967634-023091.parquet,35978,downloaded,35978,
2026-07-17,NSE,KOTAKBANK,raw_l2/trade_date=2026-07-17/exchange=NSE/symbol=KOTAKBANK/part-063635_173515-023443.parquet,real_data_sample\l2_unseen_validation\trade_date=2026-07-17\exchange=NSE\symbol=KOTAKBANK\part-063635_173515-023443.parquet,35939,downloaded,35939,
2026-07-17,NSE,KOTAKBANK,raw_l2/trade_date=2026-07-17/exchange=NSE/symbol=KOTAKBANK/part-063525_561795-023283.parquet,real_data_sample\l2_unseen_validation\trade_date=2026-07-17\exchange=NSE\symbol=KOTAKBANK\part-063525_561795-023283.parquet,36083,downloaded,36083,
2026-07-17,NSE,KOTAKBANK,raw_l2/trade_date=2026-07-17/exchange=NSE/symbol=KOTAKBANK/part-063621_164861-023411.parquet,real_data_sample\l2_unseen_validation\trade_date=2026-07-17\exchange=NSE\symbol=KOTAKBANK\part-063621_164861-023411.parquet,35715,downloaded,35715,
2026-07-17,NSE,KOTAKBANK,raw_l2/trade_date=2026-07-17/exchange=NSE/symbol=KOTAKBANK/part-063553_294375-023347.parquet,real_data_sample\l2_unseen_validation\trade_date=2026-07-17\exchange=NSE\symbol=KOTAKBANK\part-063553_294375-023347.parquet,35579,downloaded,35579,
2026-07-17,NSE,KOTAKBANK,raw_l2/trade_date=2026-07-17/exchange=NSE/symbol=KOTAKBANK/part-063607_153946-023379.parquet,real_data_sample\l2_unseen_validation\trade_date=2026-07-17\exchange=NSE\symbol=KOTAKBANK\part-063607_153946-023379.parquet,36095,downloaded,36095,
2026-07-17,NSE,KOTAKBANK,raw_l2/trade_date=2026-07-17/exchange=NSE/symbol=KOTAKBANK/part-063649_179879-023475.parquet,real_data_sample\l2_unseen_validation\trade_date=2026-07-17\exchange=NSE\symbol=KOTAKBANK\part-063649_179879-023475.parquet,35717,downloaded,35717,
2026-07-17,NSE,KOTAKBANK,raw_l2/trade_date=2026-07-17/exchange=NSE/symbol=KOTAKBANK/part-063703_217034-023507.parquet,real_data_sample\l2_unseen_validation\trade_date=2026-07-17\exchange=NSE\symbol=KOTAKBANK\part-063703_217034-023507.parquet,36035,downloaded,36035,
2026-07-17,NSE,KOTAKBANK,raw_l2/trade_date=2026-07-17/exchange=NSE/symbol=KOTAKBANK/part-063539_367773-023315.parquet,real_data_sample\l2_unseen_validation\trade_date=2026-07-17\exchange=NSE\symbol=KOTAKBANK\part-063539_367773-023315.parquet,35920,downloaded,35920,
2026-07-17,NSE,KOTAKBANK,raw_l2/trade_date=2026-07-17/exchange=NSE/symbol=KOTAKBANK/part-063429_125331-023155.parquet,real_data_sample\l2_unseen_validation\trade_date=2026-07-17\exchange=NSE\symbol=KOTAKBANK\part-063429_125331-023155.parquet,34901,downloaded,34901,
2026-07-17,NSE,KOTAKBANK,raw_l2/trade_date=2026-07-17/exchange=NSE/symbol=KOTAKBANK/part-063415_093033-023123.parquet,real_data_sample\l2_unseen_validation\trade_date=2026-07-17\exchange=NSE\symbol=KOTAKBANK\part-063415_093033-023123.parquet,35726,downloaded,35726,
2026-07-17,NSE,KOTAKBANK,raw_l2/trade_date=2026-07-17/exchange=NSE/symbol=KOTAKBANK/part-063910_089892-023795.parquet,real_data_sample\l2_unseen_validation\trade_date=2026-07-17\exchange=NSE\symbol=KOTAKBANK\part-063910_089892-023795.parquet,35971,downloaded,35971,
2026-07-17,NSE,KOTAKBANK,raw_l2/trade_date=2026-07-17/exchange=NSE/symbol=KOTAKBANK/part-063924_113874-023827.parquet,real_data_sample\l2_unseen_validation\trade_date=2026-07-17\exchange=NSE\symbol=KOTAKBANK\part-063924_113874-023827.parquet,35703,downloaded,35703,
2026-07-17,NSE,KOTAKBANK,raw_l2/trade_date=2026-07-17/exchange=NSE/symbol=KOTAKBANK/part-063443_080269-023187.parquet,real_data_sample\l2_unseen_validation\trade_date=2026-07-17\exchange=NSE\symbol=KOTAKBANK\part-063443_080269-023187.parquet,35078,downloaded,35078,
2026-07-17,NSE,KOTAKBANK,raw_l2/trade_date=2026-07-17/exchange=NSE/symbol=KOTAKBANK/part-063731_040906-023571.parquet,real_data_sample\l2_unseen_validation\trade_date=2026-07-17\exchange=NSE\symbol=KOTAKBANK\part-063731_040906-023571.parquet,36004,downloaded,36004,
2026-07-17,NSE,KOTAKBANK,raw_l2/trade_date=2026-07-17/exchange=NSE/symbol=KOTAKBANK/part-063841_245677-023731.parquet,real_data_sample\l2_unseen_validation\trade_date=2026-07-17\exchange=NSE\symbol=KOTAKBANK\part-063841_245677-023731.parquet,36051,downloaded,36051,
2026-07-17,NSE,KOTAKBANK,raw_l2/trade_date=2026-07-17/exchange=NSE/symbol=KOTAKBANK/part-063511_208889-023251.parquet,real_data_sample\l2_unseen_validation\trade_date=2026-07-17\exchange=NSE\symbol=KOTAKBANK\part-063511_208889-023251.parquet,34784,downloaded,34784,
2026-07-17,NSE,KOTAKBANK,raw_l2/trade_date=2026-07-17/exchange=NSE/symbol=KOTAKBANK/part-063717_179990-023539.parquet,real_data_sample\l2_unseen_validation\trade_date=2026-07-17\exchange=NSE\symbol=KOTAKBANK\part-063717_179990-023539.parquet,36148,downloaded,36148,
2026-07-17,NSE,KOTAKBANK,raw_l2/trade_date=2026-07-17/exchange=NSE/symbol=KOTAKBANK/part-063826_982894-023699.parquet,real_data_sample\l2_unseen_validation\trade_date=2026-07-17\exchange=NSE\symbol=KOTAKBANK\part-063826_982894-023699.parquet,36346,downloaded,36346,
2026-07-17,NSE,KOTAKBANK,raw_l2/trade_date=2026-07-17/exchange=NSE/symbol=KOTAKBANK/part-063812_717802-023667.parquet,real_data_sample\l2_unseen_validation\trade_date=2026-07-17\exchange=NSE\symbol=KOTAKBANK\part-063812_717802-023667.parquet,36154,downloaded,36154,
2026-07-17,NSE,KOTAKBANK,raw_l2/trade_date=2026-07-17/exchange=NSE/symbol=KOTAKBANK/part-063938_081076-023859.parquet,real_data_sample\l2_unseen_validation\trade_date=2026-07-17\exchange=NSE\symbol=KOTAKBANK\part-063938_081076-023859.parquet,35842,downloaded,35842,
2026-07-17,NSE,KOTAKBANK,raw_l2/trade_date=2026-07-17/exchange=NSE/symbol=KOTAKBANK/part-063855_857063-023763.parquet,real_data_sample\l2_unseen_validation\trade_date=2026-07-17\exchange=NSE\symbol=KOTAKBANK\part-063855_857063-023763.parquet,35873,downloaded,35873,
2026-07-17,NSE,KOTAKBANK,raw_l2/trade_date=2026-07-17/exchange=NSE/symbol=KOTAKBANK/part-063758_846905-023635.parquet,real_data_sample\l2_unseen_validation\trade_date=2026-07-17\exchange=NSE\symbol=KOTAKBANK\part-063758_846905-023635.parquet,35481,downloaded,35481,
2026-07-17,NSE,KOTAKBANK,raw_l2/trade_date=2026-07-17/exchange=NSE/symbol=KOTAKBANK/part-063457_102969-023219.parquet,real_data_sample\l2_unseen_validation\trade_date=2026-07-17\exchange=NSE\symbol=KOTAKBANK\part-063457_102969-023219.parquet,35045,downloaded,35045,
2026-07-17,NSE,KOTAKBANK,raw_l2/trade_date=2026-07-17/exchange=NSE/symbol=KOTAKBANK/part-063952_074571-023891.parquet,real_data_sample\l2_unseen_validation\trade_date=2026-07-17\exchange=NSE\symbol=KOTAKBANK\part-063952_074571-023891.parquet,35820,downloaded,35820,
2026-07-17,NSE,KOTAKBANK,raw_l2/trade_date=2026-07-17/exchange=NSE/symbol=KOTAKBANK/part-064005_903817-023923.parquet,real_data_sample\l2_unseen_validation\trade_date=2026-07-17\exchange=NSE\symbol=KOTAKBANK\part-064005_903817-023923.parquet,35731,downloaded,35731,
2026-07-17,NSE,KOTAKBANK,raw_l2/trade_date=2026-07-17/exchange=NSE/symbol=KOTAKBANK/part-064034_091261-023987.parquet,real_data_sample\l2_unseen_validation\trade_date=2026-07-17\exchange=NSE\symbol=KOTAKBANK\part-064034_091261-023987.parquet,35995,downloaded,35995,
2026-07-17,NSE,KOTAKBANK,raw_l2/trade_date=2026-07-17/exchange=NSE/symbol=KOTAKBANK/part-064019_995033-023955.parquet,real_data_sample\l2_unseen_validation\trade_date=2026-07-17\exchange=NSE\symbol=KOTAKBANK\part-064019_995033-023955.parquet,35890,downloaded,35890,
2026-07-17,NSE,KOTAKBANK,raw_l2/trade_date=2026-07-17/exchange=NSE/symbol=KOTAKBANK/part-064048_211214-024019.parquet,real_data_sample\l2_unseen_validation\trade_date=2026-07-17\exchange=NSE\symbol=KOTAKBANK\part-064048_211214-024019.parquet,35729,downloaded,35729,
2026-07-17,NSE,KOTAKBANK,raw_l2/trade_date=2026-07-17/exchange=NSE/symbol=KOTAKBANK/part-064102_121504-024051.parquet,real_data_sample\l2_unseen_validation\trade_date=2026-07-17\exchange=NSE\symbol=KOTAKBANK\part-064102_121504-024051.parquet,35999,downloaded,35999,
2026-07-17,NSE,KOTAKBANK,raw_l2/trade_date=2026-07-17/exchange=NSE/symbol=KOTAKBANK/part-064539_552774-024691.parquet,real_data_sample\l2_unseen_validation\trade_date=2026-07-17\exchange=NSE\symbol=KOTAKBANK\part-064539_552774-024691.parquet,36014,downloaded,36014,
2026-07-17,NSE,KOTAKBANK,raw_l2/trade_date=2026-07-17/exchange=NSE/symbol=KOTAKBANK/part-064416_151727-024499.parquet,real_data_sample\l2_unseen_validation\trade_date=2026-07-17\exchange=NSE\symbol=KOTAKBANK\part-064416_151727-024499.parquet,35012,downloaded,35012,
2026-07-17,NSE,KOTAKBANK,raw_l2/trade_date=2026-07-17/exchange=NSE/symbol=KOTAKBANK/part-064129_811118-024115.parquet,real_data_sample\l2_unseen_validation\trade_date=2026-07-17\exchange=NSE\symbol=KOTAKBANK\part-064129_811118-024115.parquet,35865,downloaded,35865,
2026-07-17,NSE,KOTAKBANK,raw_l2/trade_date=2026-07-17/exchange=NSE/symbol=KOTAKBANK/part-064430_089024-024531.parquet,real_data_sample\l2_unseen_validation\trade_date=2026-07-17\exchange=NSE\symbol=KOTAKBANK\part-064430_089024-024531.parquet,36417,downloaded,36417,
2026-07-17,NSE,KOTAKBANK,raw_l2/trade_date=2026-07-17/exchange=NSE/symbol=KOTAKBANK/part-064320_566043-024371.parquet,real_data_sample\l2_unseen_validation\trade_date=2026-07-17\exchange=NSE\symbol=KOTAKBANK\part-064320_566043-024371.parquet,35038,downloaded,35038,
2026-07-17,NSE,KOTAKBANK,raw_l2/trade_date=2026-07-17/exchange=NSE/symbol=KOTAKBANK/part-064116_023430-024083.parquet,real_data_sample\l2_unseen_validation\trade_date=2026-07-17\exchange=NSE\symbol=KOTAKBANK\part-064116_023430-024083.parquet,36388,downloaded,36388,
2026-07-17,NSE,KOTAKBANK,raw_l2/trade_date=2026-07-17/exchange=NSE/symbol=KOTAKBANK/part-064525_627737-024659.parquet,real_data_sample\l2_unseen_validation\trade_date=2026-07-17\exchange=NSE\symbol=KOTAKBANK\part-064525_627737-024659.parquet,36206,downloaded,36206,
2026-07-17,NSE,KOTAKBANK,raw_l2/trade_date=2026-07-17/exchange=NSE/symbol=KOTAKBANK/part-064348_264356-024435.parquet,real_data_sample\l2_unseen_validation\trade_date=2026-07-17\exchange=NSE\symbol=KOTAKBANK\part-064348_264356-024435.parquet,35120,downloaded,35120,
2026-07-17,NSE,KOTAKBANK,raw_l2/trade_date=2026-07-17/exchange=NSE/symbol=KOTAKBANK/part-064620_798921-024787.parquet,real_data_sample\l2_unseen_validation\trade_date=2026-07-17\exchange=NSE\symbol=KOTAKBANK\part-064620_798921-024787.parquet,36247,downloaded,36247,
2026-07-17,NSE,KOTAKBANK,raw_l2/trade_date=2026-07-17/exchange=NSE/symbol=KOTAKBANK/part-064157_754026-024179.parquet,real_data_sample\l2_unseen_validation\trade_date=2026-07-17\exchange=NSE\symbol=KOTAKBANK\part-064157_754026-024179.parquet,36019,downloaded,36019,
2026-07-17,NSE,KOTAKBANK,raw_l2/trade_date=2026-07-17/exchange=NSE/symbol=KOTAKBANK/part-064253_057089-024307.parquet,real_data_sample\l2_unseen_validation\trade_date=2026-07-17\exchange=NSE\symbol=KOTAKBANK\part-064253_057089-024307.parquet,35757,downloaded,35757,
2026-07-17,NSE,KOTAKBANK,raw_l2/trade_date=2026-07-17/exchange=NSE/symbol=KOTAKBANK/part-064511_627834-024627.parquet,real_data_sample\l2_unseen_validation\trade_date=2026-07-17\exchange=NSE\symbol=KOTAKBANK\part-064511_627834-024627.parquet,36071,downloaded,36071,
2026-07-17,NSE,KOTAKBANK,raw_l2/trade_date=2026-07-17/exchange=NSE/symbol=KOTAKBANK/part-064443_754705-024563.parquet,real_data_sample\l2_unseen_validation\trade_date=2026-07-17\exchange=NSE\symbol=KOTAKBANK\part-064443_754705-024563.parquet,35875,downloaded,35875,
2026-07-17,NSE,KOTAKBANK,raw_l2/trade_date=2026-07-17/exchange=NSE/symbol=KOTAKBANK/part-064144_018172-024147.parquet,real_data_sample\l2_unseen_validation\trade_date=2026-07-17\exchange=NSE\symbol=KOTAKBANK\part-064144_018172-024147.parquet,35749,downloaded,35749,
2026-07-17,NSE,KOTAKBANK,raw_l2/trade_date=2026-07-17/exchange=NSE/symbol=KOTAKBANK/part-064402_032600-024467.parquet,real_data_sample\l2_unseen_validation\trade_date=2026-07-17\exchange=NSE\symbol=KOTAKBANK\part-064402_032600-024467.parquet,34754,downloaded,34754,
2026-07-17,NSE,KOTAKBANK,raw_l2/trade_date=2026-07-17/exchange=NSE/symbol=KOTAKBANK/part-064553_238442-024723.parquet,real_data_sample\l2_unseen_validation\trade_date=2026-07-17\exchange=NSE\symbol=KOTAKBANK\part-064553_238442-024723.parquet,36036,downloaded,36036,
2026-07-17,NSE,KOTAKBANK,raw_l2/trade_date=2026-07-17/exchange=NSE/symbol=KOTAKBANK/part-064225_594090-024243.parquet,real_data_sample\l2_unseen_validation\trade_date=2026-07-17\exchange=NSE\symbol=KOTAKBANK\part-064225_594090-024243.parquet,36002,downloaded,36002,
2026-07-17,NSE,KOTAKBANK,raw_l2/trade_date=2026-07-17/exchange=NSE/symbol=KOTAKBANK/part-064334_520030-024403.parquet,real_data_sample\l2_unseen_validation\trade_date=2026-07-17\exchange=NSE\symbol=KOTAKBANK\part-064334_520030-024403.parquet,35018,downloaded,35018,
2026-07-17,NSE,KOTAKBANK,raw_l2/trade_date=2026-07-17/exchange=NSE/symbol=KOTAKBANK/part-064634_560563-024819.parquet,real_data_sample\l2_unseen_validation\trade_date=2026-07-17\exchange=NSE\symbol=KOTAKBANK\part-064634_560563-024819.parquet,36262,downloaded,36262,
2026-07-17,NSE,KOTAKBANK,raw_l2/trade_date=2026-07-17/exchange=NSE/symbol=KOTAKBANK/part-064306_749496-024339.parquet,real_data_sample\l2_unseen_validation\trade_date=2026-07-17\exchange=NSE\symbol=KOTAKBANK\part-064306_749496-024339.parquet,35654,downloaded,35654,
2026-07-17,NSE,KOTAKBANK,raw_l2/trade_date=2026-07-17/exchange=NSE/symbol=KOTAKBANK/part-064211_573362-024211.parquet,real_data_sample\l2_unseen_validation\trade_date=2026-07-17\exchange=NSE\symbol=KOTAKBANK\part-064211_573362-024211.parquet,35709,downloaded,35709,
2026-07-17,NSE,KOTAKBANK,raw_l2/trade_date=2026-07-17/exchange=NSE/symbol=KOTAKBANK/part-064606_947517-024755.parquet,real_data_sample\l2_unseen_validation\trade_date=2026-07-17\exchange=NSE\symbol=KOTAKBANK\part-064606_947517-024755.parquet,36302,downloaded,36302,
2026-07-17,NSE,KOTAKBANK,raw_l2/trade_date=2026-07-17/exchange=NSE/symbol=KOTAKBANK/part-064239_232548-024275.parquet,real_data_sample\l2_unseen_validation\trade_date=2026-07-17\exchange=NSE\symbol=KOTAKBANK\part-064239_232548-024275.parquet,35747,downloaded,35747,
2026-07-17,NSE,KOTAKBANK,raw_l2/trade_date=2026-07-17/exchange=NSE/symbol=KOTAKBANK/part-064648_576021-024851.parquet,real_data_sample\l2_unseen_validation\trade_date=2026-07-17\exchange=NSE\symbol=KOTAKBANK\part-064648_576021-024851.parquet,36489,downloaded,36489,
2026-07-17,NSE,KOTAKBANK,raw_l2/trade_date=2026-07-17/exchange=NSE/symbol=KOTAKBANK/part-064457_558921-024595.parquet,real_data_sample\l2_unseen_validation\trade_date=2026-07-17\exchange=NSE\symbol=KOTAKBANK\part-064457_558921-024595.parquet,36018,downloaded,36018,
2026-07-17,NSE,KOTAKBANK,raw_l2/trade_date=2026-07-17/exchange=NSE/symbol=KOTAKBANK/part-064702_564023-024883.parquet,real_data_sample\l2_unseen_validation\trade_date=2026-07-17\exchange=NSE\symbol=KOTAKBANK\part-064702_564023-024883.parquet,35992,downloaded,35992,
2026-07-17,NSE,KOTAKBANK,raw_l2/trade_date=2026-07-17/exchange=NSE/symbol=KOTAKBANK/part-064716_564338-024915.parquet,real_data_sample\l2_unseen_validation\trade_date=2026-07-17\exchange=NSE\symbol=KOTAKBANK\part-064716_564338-024915.parquet,36338,downloaded,36338,
2026-07-17,NSE,KOTAKBANK,raw_l2/trade_date=2026-07-17/exchange=NSE/symbol=KOTAKBANK/part-064730_306821-024947.parquet,real_data_sample\l2_unseen_validation\trade_date=2026-07-17\exchange=NSE\symbol=KOTAKBANK\part-064730_306821-024947.parquet,36347,downloaded,36347,
2026-07-17,NSE,KOTAKBANK,raw_l2/trade_date=2026-07-17/exchange=NSE/symbol=KOTAKBANK/part-060733_539574-019539.parquet,real_data_sample\l2_unseen_validation\trade_date=2026-07-17\exchange=NSE\symbol=KOTAKBANK\part-060733_539574-019539.parquet,36086,downloaded,36086,
2026-07-17,NSE,KOTAKBANK,raw_l2/trade_date=2026-07-17/exchange=NSE/symbol=KOTAKBANK/part-064744_283267-024979.parquet,real_data_sample\l2_unseen_validation\trade_date=2026-07-17\exchange=NSE\symbol=KOTAKBANK\part-064744_283267-024979.parquet,35911,downloaded,35911,
2026-07-17,NSE,KOTAKBANK,raw_l2/trade_date=2026-07-17/exchange=NSE/symbol=KOTAKBANK/part-064935_103335-025235.parquet,real_data_sample\l2_unseen_validation\trade_date=2026-07-17\exchange=NSE\symbol=KOTAKBANK\part-064935_103335-025235.parquet,35823,downloaded,35823,
2026-07-17,NSE,KOTAKBANK,raw_l2/trade_date=2026-07-17/exchange=NSE/symbol=KOTAKBANK/part-065347_405798-025811.parquet,real_data_sample\l2_unseen_validation\trade_date=2026-07-17\exchange=NSE\symbol=KOTAKBANK\part-065347_405798-025811.parquet,36022,downloaded,36022,
2026-07-17,NSE,KOTAKBANK,raw_l2/trade_date=2026-07-17/exchange=NSE/symbol=KOTAKBANK/part-065017_038363-025331.parquet,real_data_sample\l2_unseen_validation\trade_date=2026-07-17\exchange=NSE\symbol=KOTAKBANK\part-065017_038363-025331.parquet,35732,downloaded,35732,
2026-07-17,NSE,KOTAKBANK,raw_l2/trade_date=2026-07-17/exchange=NSE/symbol=KOTAKBANK/part-065319_723693-025747.parquet,real_data_sample\l2_unseen_validation\trade_date=2026-07-17\exchange=NSE\symbol=KOTAKBANK\part-065319_723693-025747.parquet,35331,downloaded,35331,
2026-07-17,NSE,KOTAKBANK,raw_l2/trade_date=2026-07-17/exchange=NSE/symbol=KOTAKBANK/part-064949_092021-025267.parquet,real_data_sample\l2_unseen_validation\trade_date=2026-07-17\exchange=NSE\symbol=KOTAKBANK\part-064949_092021-025267.parquet,36039,downloaded,36039,
2026-07-17,NSE,KOTAKBANK,raw_l2/trade_date=2026-07-17/exchange=NSE/symbol=KOTAKBANK/part-065237_472627-025651.parquet,real_data_sample\l2_unseen_validation\trade_date=2026-07-17\exchange=NSE\symbol=KOTAKBANK\part-065237_472627-025651.parquet,35027,downloaded,35027,
2026-07-17,NSE,KOTAKBANK,raw_l2/trade_date=2026-07-17/exchange=NSE/symbol=KOTAKBANK/part-064921_280001-025203.parquet,real_data_sample\l2_unseen_validation\trade_date=2026-07-17\exchange=NSE\symbol=KOTAKBANK\part-064921_280001-025203.parquet,35544,downloaded,35544,
2026-07-17,NSE,KOTAKBANK,raw_l2/trade_date=2026-07-17/exchange=NSE/symbol=KOTAKBANK/part-065003_180793-025299.parquet,real_data_sample\l2_unseen_validation\trade_date=2026-07-17\exchange=NSE\symbol=KOTAKBANK\part-065003_180793-025299.parquet,36072,downloaded,36072,
2026-07-17,NSE,KOTAKBANK,raw_l2/trade_date=2026-07-17/exchange=NSE/symbol=KOTAKBANK/part-065209_265189-025587.parquet,real_data_sample\l2_unseen_validation\trade_date=2026-07-17\exchange=NSE\symbol=KOTAKBANK\part-065209_265189-025587.parquet,34961,downloaded,34961,
2026-07-17,NSE,KOTAKBANK,raw_l2/trade_date=2026-07-17/exchange=NSE/symbol=KOTAKBANK/part-065333_586820-025779.parquet,real_data_sample\l2_unseen_validation\trade_date=2026-07-17\exchange=NSE\symbol=KOTAKBANK\part-065333_586820-025779.parquet,35808,downloaded,35808,
2026-07-17,NSE,KOTAKBANK,raw_l2/trade_date=2026-07-17/exchange=NSE/symbol=KOTAKBANK/part-065113_041616-025459.parquet,real_data_sample\l2_unseen_validation\trade_date=2026-07-17\exchange=NSE\symbol=KOTAKBANK\part-065113_041616-025459.parquet,34769,downloaded,34769,
2026-07-17,NSE,KOTAKBANK,raw_l2/trade_date=2026-07-17/exchange=NSE/symbol=KOTAKBANK/part-065059_040006-025427.parquet,real_data_sample\l2_unseen_validation\trade_date=2026-07-17\exchange=NSE\symbol=KOTAKBANK\part-065059_040006-025427.parquet,34928,downloaded,34928,
2026-07-17,NSE,KOTAKBANK,raw_l2/trade_date=2026-07-17/exchange=NSE/symbol=KOTAKBANK/part-065044_981045-025395.parquet,real_data_sample\l2_unseen_validation\trade_date=2026-07-17\exchange=NSE\symbol=KOTAKBANK\part-065044_981045-025395.parquet,34890,downloaded,34890,
2026-07-17,NSE,KOTAKBANK,raw_l2/trade_date=2026-07-17/exchange=NSE/symbol=KOTAKBANK/part-065155_152719-025555.parquet,real_data_sample\l2_unseen_validation\trade_date=2026-07-17\exchange=NSE\symbol=KOTAKBANK\part-065155_152719-025555.parquet,34940,downloaded,34940,
2026-07-17,NSE,KOTAKBANK,raw_l2/trade_date=2026-07-17/exchange=NSE/symbol=KOTAKBANK/part-065223_420663-025619.parquet,real_data_sample\l2_unseen_validation\trade_date=2026-07-17\exchange=NSE\symbol=KOTAKBANK\part-065223_420663-025619.parquet,35062,downloaded,35062,
2026-07-17,NSE,KOTAKBANK,raw_l2/trade_date=2026-07-17/exchange=NSE/symbol=KOTAKBANK/part-065141_113457-025523.parquet,real_data_sample\l2_unseen_validation\trade_date=2026-07-17\exchange=NSE\symbol=KOTAKBANK\part-065141_113457-025523.parquet,34814,downloaded,34814,
2026-07-17,NSE,KOTAKBANK,raw_l2/trade_date=2026-07-17/exchange=NSE/symbol=KOTAKBANK/part-064758_020068-025011.parquet,real_data_sample\l2_unseen_validation\trade_date=2026-07-17\exchange=NSE\symbol=KOTAKBANK\part-064758_020068-025011.parquet,35795,downloaded,35795,
2026-07-17,NSE,KOTAKBANK,raw_l2/trade_date=2026-07-17/exchange=NSE/symbol=KOTAKBANK/part-065305_761328-025715.parquet,real_data_sample\l2_unseen_validation\trade_date=2026-07-17\exchange=NSE\symbol=KOTAKBANK\part-065305_761328-025715.parquet,34978,downloaded,34978,
2026-07-17,NSE,KOTAKBANK,raw_l2/trade_date=2026-07-17/exchange=NSE/symbol=KOTAKBANK/part-060622_924751-019379.parquet,real_data_sample\l2_unseen_validation\trade_date=2026-07-17\exchange=NSE\symbol=KOTAKBANK\part-060622_924751-019379.parquet,35541,downloaded,35541,
2026-07-17,NSE,KOTAKBANK,raw_l2/trade_date=2026-07-17/exchange=NSE/symbol=KOTAKBANK/part-065127_119067-025491.parquet,real_data_sample\l2_unseen_validation\trade_date=2026-07-17\exchange=NSE\symbol=KOTAKBANK\part-065127_119067-025491.parquet,34678,downloaded,34678,
2026-07-17,NSE,KOTAKBANK,raw_l2/trade_date=2026-07-17/exchange=NSE/symbol=KOTAKBANK/part-064907_375041-025171.parquet,real_data_sample\l2_unseen_validation\trade_date=2026-07-17\exchange=NSE\symbol=KOTAKBANK\part-064907_375041-025171.parquet,35825,downloaded,35825,
2026-07-17,NSE,KOTAKBANK,raw_l2/trade_date=2026-07-17/exchange=NSE/symbol=KOTAKBANK/part-064853_516166-025139.parquet,real_data_sample\l2_unseen_validation\trade_date=2026-07-17\exchange=NSE\symbol=KOTAKBANK\part-064853_516166-025139.parquet,35863,downloaded,35863,
2026-07-17,NSE,KOTAKBANK,raw_l2/trade_date=2026-07-17/exchange=NSE/symbol=KOTAKBANK/part-065251_660981-025683.parquet,real_data_sample\l2_unseen_validation\trade_date=2026-07-17\exchange=NSE\symbol=KOTAKBANK\part-065251_660981-025683.parquet,35145,downloaded,35145,
2026-07-17,NSE,KOTAKBANK,raw_l2/trade_date=2026-07-17/exchange=NSE/symbol=KOTAKBANK/part-065401_527265-025843.parquet,real_data_sample\l2_unseen_validation\trade_date=2026-07-17\exchange=NSE\symbol=KOTAKBANK\part-065401_527265-025843.parquet,35639,downloaded,35639,
2026-07-17,NSE,KOTAKBANK,raw_l2/trade_date=2026-07-17/exchange=NSE/symbol=KOTAKBANK/part-064812_043226-025043.parquet,real_data_sample\l2_unseen_validation\trade_date=2026-07-17\exchange=NSE\symbol=KOTAKBANK\part-064812_043226-025043.parquet,35952,downloaded,35952,
2026-07-17,NSE,KOTAKBANK,raw_l2/trade_date=2026-07-17/exchange=NSE/symbol=KOTAKBANK/part-064825_897018-025075.parquet,real_data_sample\l2_unseen_validation\trade_date=2026-07-17\exchange=NSE\symbol=KOTAKBANK\part-064825_897018-025075.parquet,35909,downloaded,35909,
2026-07-17,NSE,KOTAKBANK,raw_l2/trade_date=2026-07-17/exchange=NSE/symbol=KOTAKBANK/part-064839_763049-025107.parquet,real_data_sample\l2_unseen_validation\trade_date=2026-07-17\exchange=NSE\symbol=KOTAKBANK\part-064839_763049-025107.parquet,35837,downloaded,35837,
2026-07-17,NSE,KOTAKBANK,raw_l2/trade_date=2026-07-17/exchange=NSE/symbol=KOTAKBANK/part-065415_600295-025875.parquet,real_data_sample\l2_unseen_validation\trade_date=2026-07-17\exchange=NSE\symbol=KOTAKBANK\part-065415_600295-025875.parquet,35226,downloaded,35226,
2026-07-17,NSE,KOTAKBANK,raw_l2/trade_date=2026-07-17/exchange=NSE/symbol=KOTAKBANK/part-065030_765057-025363.parquet,real_data_sample\l2_unseen_validation\trade_date=2026-07-17\exchange=NSE\symbol=KOTAKBANK\part-065030_765057-025363.parquet,34881,downloaded,34881,
2026-07-17,NSE,KOTAKBANK,raw_l2/trade_date=2026-07-17/exchange=NSE/symbol=KOTAKBANK/part-065511_910667-026003.parquet,real_data_sample\l2_unseen_validation\trade_date=2026-07-17\exchange=NSE\symbol=KOTAKBANK\part-065511_910667-026003.parquet,34969,downloaded,34969,
2026-07-17,NSE,KOTAKBANK,raw_l2/trade_date=2026-07-17/exchange=NSE/symbol=KOTAKBANK/part-065457_799391-025971.parquet,real_data_sample\l2_unseen_validation\trade_date=2026-07-17\exchange=NSE\symbol=KOTAKBANK\part-065457_799391-025971.parquet,34800,downloaded,34800,
2026-07-17,NSE,KOTAKBANK,raw_l2/trade_date=2026-07-17/exchange=NSE/symbol=KOTAKBANK/part-065443_651537-025939.parquet,real_data_sample\l2_unseen_validation\trade_date=2026-07-17\exchange=NSE\symbol=KOTAKBANK\part-065443_651537-025939.parquet,34819,downloaded,34819,
2026-07-17,NSE,KOTAKBANK,raw_l2/trade_date=2026-07-17/exchange=NSE/symbol=KOTAKBANK/part-062902_911442-022419.parquet,real_data_sample\l2_unseen_validation\trade_date=2026-07-17\exchange=NSE\symbol=KOTAKBANK\part-062902_911442-022419.parquet,35837,downloaded,35837,
2026-07-17,NSE,KOTAKBANK,raw_l2/trade_date=2026-07-17/exchange=NSE/symbol=KOTAKBANK/part-070123_488577-026835.parquet,real_data_sample\l2_unseen_validation\trade_date=2026-07-17\exchange=NSE\symbol=KOTAKBANK\part-070123_488577-026835.parquet,34926,downloaded,34926,
2026-07-17,NSE,KOTAKBANK,raw_l2/trade_date=2026-07-17/exchange=NSE/symbol=KOTAKBANK/part-065525_928298-026035.parquet,real_data_sample\l2_unseen_validation\trade_date=2026-07-17\exchange=NSE\symbol=KOTAKBANK\part-065525_928298-026035.parquet,35856,downloaded,35856,
2026-07-17,NSE,KOTAKBANK,raw_l2/trade_date=2026-07-17/exchange=NSE/symbol=KOTAKBANK/part-070025_067864-026707.parquet,real_data_sample\l2_unseen_validation\trade_date=2026-07-17\exchange=NSE\symbol=KOTAKBANK\part-070025_067864-026707.parquet,34794,downloaded,34794,
2026-07-17,NSE,KOTAKBANK,raw_l2/trade_date=2026-07-17/exchange=NSE/symbol=KOTAKBANK/part-065608_159706-026131.parquet,real_data_sample\l2_unseen_validation\trade_date=2026-07-17\exchange=NSE\symbol=KOTAKBANK\part-065608_159706-026131.parquet,35718,downloaded,35718,
2026-07-17,NSE,KOTAKBANK,raw_l2/trade_date=2026-07-17/exchange=NSE/symbol=KOTAKBANK/part-070039_277502-026739.parquet,real_data_sample\l2_unseen_validation\trade_date=2026-07-17\exchange=NSE\symbol=KOTAKBANK\part-070039_277502-026739.parquet,34890,downloaded,34890,
2026-07-17,NSE,KOTAKBANK,raw_l2/trade_date=2026-07-17/exchange=NSE/symbol=KOTAKBANK/part-065955_849435-026643.parquet,real_data_sample\l2_unseen_validation\trade_date=2026-07-17\exchange=NSE\symbol=KOTAKBANK\part-065955_849435-026643.parquet,35114,downloaded,35114,
2026-07-17,NSE,KOTAKBANK,raw_l2/trade_date=2026-07-17/exchange=NSE/symbol=KOTAKBANK/part-065843_553715-026483.parquet,real_data_sample\l2_unseen_validation\trade_date=2026-07-17\exchange=NSE\symbol=KOTAKBANK\part-065843_553715-026483.parquet,35914,downloaded,35914,
2026-07-17,NSE,KOTAKBANK,raw_l2/trade_date=2026-07-17/exchange=NSE/symbol=KOTAKBANK/part-065814_755300-026419.parquet,real_data_sample\l2_unseen_validation\trade_date=2026-07-17\exchange=NSE\symbol=KOTAKBANK\part-065814_755300-026419.parquet,36024,downloaded,36024,
2026-07-17,NSE,KOTAKBANK,raw_l2/trade_date=2026-07-17/exchange=NSE/symbol=KOTAKBANK/part-065636_149815-026195.parquet,real_data_sample\l2_unseen_validation\trade_date=2026-07-17\exchange=NSE\symbol=KOTAKBANK\part-065636_149815-026195.parquet,34916,downloaded,34916,
2026-07-17,NSE,KOTAKBANK,raw_l2/trade_date=2026-07-17/exchange=NSE/symbol=KOTAKBANK/part-065704_093783-026259.parquet,real_data_sample\l2_unseen_validation\trade_date=2026-07-17\exchange=NSE\symbol=KOTAKBANK\part-065704_093783-026259.parquet,34921,downloaded,34921,
2026-07-17,NSE,KOTAKBANK,raw_l2/trade_date=2026-07-17/exchange=NSE/symbol=KOTAKBANK/part-065718_124866-026291.parquet,real_data_sample\l2_unseen_validation\trade_date=2026-07-17\exchange=NSE\symbol=KOTAKBANK\part-065718_124866-026291.parquet,35519,downloaded,35519,
2026-07-17,NSE,KOTAKBANK,raw_l2/trade_date=2026-07-17/exchange=NSE/symbol=KOTAKBANK/part-065800_496811-026387.parquet,real_data_sample\l2_unseen_validation\trade_date=2026-07-17\exchange=NSE\symbol=KOTAKBANK\part-065800_496811-026387.parquet,36551,downloaded,36551,
2026-07-17,NSE,KOTAKBANK,raw_l2/trade_date=2026-07-17/exchange=NSE/symbol=KOTAKBANK/part-065941_208597-026611.parquet,real_data_sample\l2_unseen_validation\trade_date=2026-07-17\exchange=NSE\symbol=KOTAKBANK\part-065941_208597-026611.parquet,34899,downloaded,34899,
2026-07-17,NSE,KOTAKBANK,raw_l2/trade_date=2026-07-17/exchange=NSE/symbol=KOTAKBANK/part-065732_290220-026323.parquet,real_data_sample\l2_unseen_validation\trade_date=2026-07-17\exchange=NSE\symbol=KOTAKBANK\part-065732_290220-026323.parquet,36191,downloaded,36191,
2026-07-17,NSE,KOTAKBANK,raw_l2/trade_date=2026-07-17/exchange=NSE/symbol=KOTAKBANK/part-065650_177282-026227.parquet,real_data_sample\l2_unseen_validation\trade_date=2026-07-17\exchange=NSE\symbol=KOTAKBANK\part-065650_177282-026227.parquet,34937,downloaded,34937,
2026-07-17,NSE,KOTAKBANK,raw_l2/trade_date=2026-07-17/exchange=NSE/symbol=KOTAKBANK/part-065554_129255-026099.parquet,real_data_sample\l2_unseen_validation\trade_date=2026-07-17\exchange=NSE\symbol=KOTAKBANK\part-065554_129255-026099.parquet,35738,downloaded,35738,
2026-07-17,NSE,KOTAKBANK,raw_l2/trade_date=2026-07-17/exchange=NSE/symbol=KOTAKBANK/part-065540_229141-026067.parquet,real_data_sample\l2_unseen_validation\trade_date=2026-07-17\exchange=NSE\symbol=KOTAKBANK\part-065540_229141-026067.parquet,36105,downloaded,36105,
2026-07-17,NSE,KOTAKBANK,raw_l2/trade_date=2026-07-17/exchange=NSE/symbol=KOTAKBANK/part-070010_581815-026675.parquet,real_data_sample\l2_unseen_validation\trade_date=2026-07-17\exchange=NSE\symbol=KOTAKBANK\part-070010_581815-026675.parquet,34915,downloaded,34915,
2026-07-17,NSE,KOTAKBANK,raw_l2/trade_date=2026-07-17/exchange=NSE/symbol=KOTAKBANK/part-065926_493365-026579.parquet,real_data_sample\l2_unseen_validation\trade_date=2026-07-17\exchange=NSE\symbol=KOTAKBANK\part-065926_493365-026579.parquet,34839,downloaded,34839,
2026-07-17,NSE,KOTAKBANK,raw_l2/trade_date=2026-07-17/exchange=NSE/symbol=KOTAKBANK/part-065622_236073-026163.parquet,real_data_sample\l2_unseen_validation\trade_date=2026-07-17\exchange=NSE\symbol=KOTAKBANK\part-065622_236073-026163.parquet,35095,downloaded,35095,
2026-07-17,NSE,KOTAKBANK,raw_l2/trade_date=2026-07-17/exchange=NSE/symbol=KOTAKBANK/part-070054_019694-026771.parquet,real_data_sample\l2_unseen_validation\trade_date=2026-07-17\exchange=NSE\symbol=KOTAKBANK\part-070054_019694-026771.parquet,34863,downloaded,34863,
2026-07-17,NSE,KOTAKBANK,raw_l2/trade_date=2026-07-17/exchange=NSE/symbol=KOTAKBANK/part-065829_147568-026451.parquet,real_data_sample\l2_unseen_validation\trade_date=2026-07-17\exchange=NSE\symbol=KOTAKBANK\part-065829_147568-026451.parquet,35906,downloaded,35906,
2026-07-17,NSE,KOTAKBANK,raw_l2/trade_date=2026-07-17/exchange=NSE/symbol=KOTAKBANK/part-070138_129172-026867.parquet,real_data_sample\l2_unseen_validation\trade_date=2026-07-17\exchange=NSE\symbol=KOTAKBANK\part-070138_129172-026867.parquet,34821,downloaded,34821,
2026-07-17,NSE,KOTAKBANK,raw_l2/trade_date=2026-07-17/exchange=NSE/symbol=KOTAKBANK/part-065857_750506-026515.parquet,real_data_sample\l2_unseen_validation\trade_date=2026-07-17\exchange=NSE\symbol=KOTAKBANK\part-065857_750506-026515.parquet,35464,downloaded,35464,
2026-07-17,NSE,KOTAKBANK,raw_l2/trade_date=2026-07-17/exchange=NSE/symbol=KOTAKBANK/part-070108_722541-026803.parquet,real_data_sample\l2_unseen_validation\trade_date=2026-07-17\exchange=NSE\symbol=KOTAKBANK\part-070108_722541-026803.parquet,34821,downloaded,34821,
2026-07-17,NSE,KOTAKBANK,raw_l2/trade_date=2026-07-17/exchange=NSE/symbol=KOTAKBANK/part-065746_268627-026355.parquet,real_data_sample\l2_unseen_validation\trade_date=2026-07-17\exchange=NSE\symbol=KOTAKBANK\part-065746_268627-026355.parquet,36021,downloaded,36021,
2026-07-17,NSE,KOTAKBANK,raw_l2/trade_date=2026-07-17/exchange=NSE/symbol=KOTAKBANK/part-070153_232075-026899.parquet,real_data_sample\l2_unseen_validation\trade_date=2026-07-17\exchange=NSE\symbol=KOTAKBANK\part-070153_232075-026899.parquet,34748,downloaded,34748,
2026-07-17,NSE,KOTAKBANK,raw_l2/trade_date=2026-07-17/exchange=NSE/symbol=KOTAKBANK/part-070207_542012-026931.parquet,real_data_sample\l2_unseen_validation\trade_date=2026-07-17\exchange=NSE\symbol=KOTAKBANK\part-070207_542012-026931.parquet,34895,downloaded,34895,
2026-07-17,NSE,KOTAKBANK,raw_l2/trade_date=2026-07-17/exchange=NSE/symbol=KOTAKBANK/part-070222_327345-026963.parquet,real_data_sample\l2_unseen_validation\trade_date=2026-07-17\exchange=NSE\symbol=KOTAKBANK\part-070222_327345-026963.parquet,34865,downloaded,34865,
2026-07-17,NSE,KOTAKBANK,raw_l2/trade_date=2026-07-17/exchange=NSE/symbol=KOTAKBANK/part-070251_854364-027027.parquet,real_data_sample\l2_unseen_validation\trade_date=2026-07-17\exchange=NSE\symbol=KOTAKBANK\part-070251_854364-027027.parquet,34891,downloaded,34891,
2026-07-17,NSE,KOTAKBANK,raw_l2/trade_date=2026-07-17/exchange=NSE/symbol=KOTAKBANK/part-070237_199761-026995.parquet,real_data_sample\l2_unseen_validation\trade_date=2026-07-17\exchange=NSE\symbol=KOTAKBANK\part-070237_199761-026995.parquet,34889,downloaded,34889,
2026-07-17,NSE,KOTAKBANK,raw_l2/trade_date=2026-07-17/exchange=NSE/symbol=KOTAKBANK/part-070335_829983-027123.parquet,real_data_sample\l2_unseen_validation\trade_date=2026-07-17\exchange=NSE\symbol=KOTAKBANK\part-070335_829983-027123.parquet,35040,downloaded,35040,
2026-07-17,NSE,KOTAKBANK,raw_l2/trade_date=2026-07-17/exchange=NSE/symbol=KOTAKBANK/part-070545_335492-027411.parquet,real_data_sample\l2_unseen_validation\trade_date=2026-07-17\exchange=NSE\symbol=KOTAKBANK\part-070545_335492-027411.parquet,34914,downloaded,34914,
2026-07-17,NSE,KOTAKBANK,raw_l2/trade_date=2026-07-17/exchange=NSE/symbol=KOTAKBANK/part-070559_589711-027443.parquet,real_data_sample\l2_unseen_validation\trade_date=2026-07-17\exchange=NSE\symbol=KOTAKBANK\part-070559_589711-027443.parquet,34962,downloaded,34962,
2026-07-17,NSE,KOTAKBANK,raw_l2/trade_date=2026-07-17/exchange=NSE/symbol=KOTAKBANK/part-070447_214371-027283.parquet,real_data_sample\l2_unseen_validation\trade_date=2026-07-17\exchange=NSE\symbol=KOTAKBANK\part-070447_214371-027283.parquet,34954,downloaded,34954,
2026-07-17,NSE,KOTAKBANK,raw_l2/trade_date=2026-07-17/exchange=NSE/symbol=KOTAKBANK/part-070306_726809-027059.parquet,real_data_sample\l2_unseen_validation\trade_date=2026-07-17\exchange=NSE\symbol=KOTAKBANK\part-070306_726809-027059.parquet,35116,downloaded,35116,
2026-07-17,NSE,KOTAKBANK,raw_l2/trade_date=2026-07-17/exchange=NSE/symbol=KOTAKBANK/part-070530_953181-027379.parquet,real_data_sample\l2_unseen_validation\trade_date=2026-07-17\exchange=NSE\symbol=KOTAKBANK\part-070530_953181-027379.parquet,34760,downloaded,34760,
2026-07-17,NSE,KOTAKBANK,raw_l2/trade_date=2026-07-17/exchange=NSE/symbol=KOTAKBANK/part-070432_973684-027251.parquet,real_data_sample\l2_unseen_validation\trade_date=2026-07-17\exchange=NSE\symbol=KOTAKBANK\part-070432_973684-027251.parquet,34749,downloaded,34749,
2026-07-17,NSE,KOTAKBANK,raw_l2/trade_date=2026-07-17/exchange=NSE/symbol=KOTAKBANK/part-065429_621135-025907.parquet,real_data_sample\l2_unseen_validation\trade_date=2026-07-17\exchange=NSE\symbol=KOTAKBANK\part-065429_621135-025907.parquet,34775,downloaded,34775,
2026-07-17,NSE,KOTAKBANK,raw_l2/trade_date=2026-07-17/exchange=NSE/symbol=KOTAKBANK/part-070501_840709-027315.parquet,real_data_sample\l2_unseen_validation\trade_date=2026-07-17\exchange=NSE\symbol=KOTAKBANK\part-070501_840709-027315.parquet,34906,downloaded,34906,
2026-07-17,NSE,KOTAKBANK,raw_l2/trade_date=2026-07-17/exchange=NSE/symbol=KOTAKBANK/part-070628_388773-027507.parquet,real_data_sample\l2_unseen_validation\trade_date=2026-07-17\exchange=NSE\symbol=KOTAKBANK\part-070628_388773-027507.parquet,36041,downloaded,36041,
2026-07-17,NSE,KOTAKBANK,raw_l2/trade_date=2026-07-17/exchange=NSE/symbol=KOTAKBANK/part-070350_107678-027155.parquet,real_data_sample\l2_unseen_validation\trade_date=2026-07-17\exchange=NSE\symbol=KOTAKBANK\part-070350_107678-027155.parquet,34838,downloaded,34838,
2026-07-17,NSE,KOTAKBANK,raw_l2/trade_date=2026-07-17/exchange=NSE/symbol=KOTAKBANK/part-070418_840434-027219.parquet,real_data_sample\l2_unseen_validation\trade_date=2026-07-17\exchange=NSE\symbol=KOTAKBANK\part-070418_840434-027219.parquet,34956,downloaded,34956,
2026-07-17,NSE,KOTAKBANK,raw_l2/trade_date=2026-07-17/exchange=NSE/symbol=KOTAKBANK/part-070656_996954-027571.parquet,real_data_sample\l2_unseen_validation\trade_date=2026-07-17\exchange=NSE\symbol=KOTAKBANK\part-070656_996954-027571.parquet,36028,downloaded,36028,
2026-07-17,NSE,KOTAKBANK,raw_l2/trade_date=2026-07-17/exchange=NSE/symbol=KOTAKBANK/part-070404_636284-027187.parquet,real_data_sample\l2_unseen_validation\trade_date=2026-07-17\exchange=NSE\symbol=KOTAKBANK\part-070404_636284-027187.parquet,34834,downloaded,34834,
2026-07-17,NSE,KOTAKBANK,raw_l2/trade_date=2026-07-17/exchange=NSE/symbol=KOTAKBANK/part-070321_509065-027091.parquet,real_data_sample\l2_unseen_validation\trade_date=2026-07-17\exchange=NSE\symbol=KOTAKBANK\part-070321_509065-027091.parquet,34918,downloaded,34918,
2026-07-17,NSE,KOTAKBANK,raw_l2/trade_date=2026-07-17/exchange=NSE/symbol=KOTAKBANK/part-070739_723786-027667.parquet,real_data_sample\l2_unseen_validation\trade_date=2026-07-17\exchange=NSE\symbol=KOTAKBANK\part-070739_723786-027667.parquet,36379,downloaded,36379,
2026-07-17,NSE,KOTAKBANK,raw_l2/trade_date=2026-07-17/exchange=NSE/symbol=KOTAKBANK/part-070836_471237-027795.parquet,real_data_sample\l2_unseen_validation\trade_date=2026-07-17\exchange=NSE\symbol=KOTAKBANK\part-070836_471237-027795.parquet,36153,downloaded,36153,
2026-07-17,NSE,KOTAKBANK,raw_l2/trade_date=2026-07-17/exchange=NSE/symbol=KOTAKBANK/part-070613_943147-027475.parquet,real_data_sample\l2_unseen_validation\trade_date=2026-07-17\exchange=NSE\symbol=KOTAKBANK\part-070613_943147-027475.parquet,35201,downloaded,35201,
2026-07-17,NSE,KOTAKBANK,raw_l2/trade_date=2026-07-17/exchange=NSE/symbol=KOTAKBANK/part-070725_546082-027635.parquet,real_data_sample\l2_unseen_validation\trade_date=2026-07-17\exchange=NSE\symbol=KOTAKBANK\part-070725_546082-027635.parquet,35640,downloaded,35640,
2026-07-17,NSE,KOTAKBANK,raw_l2/trade_date=2026-07-17/exchange=NSE/symbol=KOTAKBANK/part-070850_765560-027827.parquet,real_data_sample\l2_unseen_validation\trade_date=2026-07-17\exchange=NSE\symbol=KOTAKBANK\part-070850_765560-027827.parquet,36040,downloaded,36040,
2026-07-17,NSE,KOTAKBANK,raw_l2/trade_date=2026-07-17/exchange=NSE/symbol=KOTAKBANK/part-070934_191567-027923.parquet,real_data_sample\l2_unseen_validation\trade_date=2026-07-17\exchange=NSE\symbol=KOTAKBANK\part-070934_191567-027923.parquet,36356,downloaded,36356,
2026-07-17,NSE,KOTAKBANK,raw_l2/trade_date=2026-07-17/exchange=NSE/symbol=KOTAKBANK/part-070753_903663-027699.parquet,real_data_sample\l2_unseen_validation\trade_date=2026-07-17\exchange=NSE\symbol=KOTAKBANK\part-070753_903663-027699.parquet,36078,downloaded,36078,
2026-07-17,NSE,KOTAKBANK,raw_l2/trade_date=2026-07-17/exchange=NSE/symbol=KOTAKBANK/part-070642_779971-027539.parquet,real_data_sample\l2_unseen_validation\trade_date=2026-07-17\exchange=NSE\symbol=KOTAKBANK\part-070642_779971-027539.parquet,35979,downloaded,35979,
2026-07-17,NSE,KOTAKBANK,raw_l2/trade_date=2026-07-17/exchange=NSE/symbol=KOTAKBANK/part-070822_049759-027763.parquet,real_data_sample\l2_unseen_validation\trade_date=2026-07-17\exchange=NSE\symbol=KOTAKBANK\part-070822_049759-027763.parquet,36054,downloaded,36054,
2026-07-17,NSE,KOTAKBANK,raw_l2/trade_date=2026-07-17/exchange=NSE/symbol=KOTAKBANK/part-070807_950922-027731.parquet,real_data_sample\l2_unseen_validation\trade_date=2026-07-17\exchange=NSE\symbol=KOTAKBANK\part-070807_950922-027731.parquet,35730,downloaded,35730,
2026-07-17,NSE,KOTAKBANK,raw_l2/trade_date=2026-07-17/exchange=NSE/symbol=KOTAKBANK/part-070905_303244-027859.parquet,real_data_sample\l2_unseen_validation\trade_date=2026-07-17\exchange=NSE\symbol=KOTAKBANK\part-070905_303244-027859.parquet,35992,downloaded,35992,
2026-07-17,NSE,KOTAKBANK,raw_l2/trade_date=2026-07-17/exchange=NSE/symbol=KOTAKBANK/part-070711_300886-027603.parquet,real_data_sample\l2_unseen_validation\trade_date=2026-07-17\exchange=NSE\symbol=KOTAKBANK\part-070711_300886-027603.parquet,35953,downloaded,35953,
2026-07-17,NSE,KOTAKBANK,raw_l2/trade_date=2026-07-17/exchange=NSE/symbol=KOTAKBANK/part-070919_450192-027891.parquet,real_data_sample\l2_unseen_validation\trade_date=2026-07-17\exchange=NSE\symbol=KOTAKBANK\part-070919_450192-027891.parquet,36174,downloaded,36174,
2026-07-17,NSE,KOTAKBANK,raw_l2/trade_date=2026-07-17/exchange=NSE/symbol=KOTAKBANK/part-070948_742462-027955.parquet,real_data_sample\l2_unseen_validation\trade_date=2026-07-17\exchange=NSE\symbol=KOTAKBANK\part-070948_742462-027955.parquet,36244,downloaded,36244,
2026-07-17,NSE,KOTAKBANK,raw_l2/trade_date=2026-07-17/exchange=NSE/symbol=KOTAKBANK/part-071002_984470-027987.parquet,real_data_sample\l2_unseen_validation\trade_date=2026-07-17\exchange=NSE\symbol=KOTAKBANK\part-071002_984470-027987.parquet,35812,downloaded,35812,
2026-07-17,NSE,KOTAKBANK,raw_l2/trade_date=2026-07-17/exchange=NSE/symbol=KOTAKBANK/part-065911_981277-026547.parquet,real_data_sample\l2_unseen_validation\trade_date=2026-07-17\exchange=NSE\symbol=KOTAKBANK\part-065911_981277-026547.parquet,35739,downloaded,35739,
2026-07-17,NSE,KOTAKBANK,raw_l2/trade_date=2026-07-17/exchange=NSE/symbol=KOTAKBANK/part-071129_300489-028179.parquet,real_data_sample\l2_unseen_validation\trade_date=2026-07-17\exchange=NSE\symbol=KOTAKBANK\part-071129_300489-028179.parquet,35740,downloaded,35740,
2026-07-17,NSE,KOTAKBANK,raw_l2/trade_date=2026-07-17/exchange=NSE/symbol=KOTAKBANK/part-071143_973404-028211.parquet,real_data_sample\l2_unseen_validation\trade_date=2026-07-17\exchange=NSE\symbol=KOTAKBANK\part-071143_973404-028211.parquet,35620,downloaded,35620,
2026-07-17,NSE,KOTAKBANK,raw_l2/trade_date=2026-07-17/exchange=NSE/symbol=KOTAKBANK/part-071031_282823-028051.parquet,real_data_sample\l2_unseen_validation\trade_date=2026-07-17\exchange=NSE\symbol=KOTAKBANK\part-071031_282823-028051.parquet,36032,downloaded,36032,
2026-07-17,NSE,KOTAKBANK,raw_l2/trade_date=2026-07-17/exchange=NSE/symbol=KOTAKBANK/part-071114_712957-028147.parquet,real_data_sample\l2_unseen_validation\trade_date=2026-07-17\exchange=NSE\symbol=KOTAKBANK\part-071114_712957-028147.parquet,35624,downloaded,35624,
2026-07-17,NSE,KOTAKBANK,raw_l2/trade_date=2026-07-17/exchange=NSE/symbol=KOTAKBANK/part-071241_801436-028339.parquet,real_data_sample\l2_unseen_validation\trade_date=2026-07-17\exchange=NSE\symbol=KOTAKBANK\part-071241_801436-028339.parquet,34893,downloaded,34893,
2026-07-17,NSE,KOTAKBANK,raw_l2/trade_date=2026-07-17/exchange=NSE/symbol=KOTAKBANK/part-071100_208775-028115.parquet,real_data_sample\l2_unseen_validation\trade_date=2026-07-17\exchange=NSE\symbol=KOTAKBANK\part-071100_208775-028115.parquet,36378,downloaded,36378,
2026-07-17,NSE,KOTAKBANK,raw_l2/trade_date=2026-07-17/exchange=NSE/symbol=KOTAKBANK/part-071017_196414-028019.parquet,real_data_sample\l2_unseen_validation\trade_date=2026-07-17\exchange=NSE\symbol=KOTAKBANK\part-071017_196414-028019.parquet,36227,downloaded,36227,
2026-07-17,NSE,KOTAKBANK,raw_l2/trade_date=2026-07-17/exchange=NSE/symbol=KOTAKBANK/part-071045_567468-028083.parquet,real_data_sample\l2_unseen_validation\trade_date=2026-07-17\exchange=NSE\symbol=KOTAKBANK\part-071045_567468-028083.parquet,36042,downloaded,36042,
2026-07-17,NSE,KOTAKBANK,raw_l2/trade_date=2026-07-17/exchange=NSE/symbol=KOTAKBANK/part-071227_314591-028307.parquet,real_data_sample\l2_unseen_validation\trade_date=2026-07-17\exchange=NSE\symbol=KOTAKBANK\part-071227_314591-028307.parquet,34783,downloaded,34783,
2026-07-17,NSE,KOTAKBANK,raw_l2/trade_date=2026-07-17/exchange=NSE/symbol=KOTAKBANK/part-071212_775273-028275.parquet,real_data_sample\l2_unseen_validation\trade_date=2026-07-17\exchange=NSE\symbol=KOTAKBANK\part-071212_775273-028275.parquet,35443,downloaded,35443,
2026-07-17,NSE,KOTAKBANK,raw_l2/trade_date=2026-07-17/exchange=NSE/symbol=KOTAKBANK/part-071256_037183-028371.parquet,real_data_sample\l2_unseen_validation\trade_date=2026-07-17\exchange=NSE\symbol=KOTAKBANK\part-071256_037183-028371.parquet,34893,downloaded,34893,
2026-07-17,NSE,KOTAKBANK,raw_l2/trade_date=2026-07-17/exchange=NSE/symbol=KOTAKBANK/part-071310_326519-028403.parquet,real_data_sample\l2_unseen_validation\trade_date=2026-07-17\exchange=NSE\symbol=KOTAKBANK\part-071310_326519-028403.parquet,34725,downloaded,34725,
2026-07-17,NSE,KOTAKBANK,raw_l2/trade_date=2026-07-17/exchange=NSE/symbol=KOTAKBANK/part-071324_618702-028435.parquet,real_data_sample\l2_unseen_validation\trade_date=2026-07-17\exchange=NSE\symbol=KOTAKBANK\part-071324_618702-028435.parquet,34813,downloaded,34813,
2026-07-17,NSE,KOTAKBANK,raw_l2/trade_date=2026-07-17/exchange=NSE/symbol=KOTAKBANK/part-070516_419721-027347.parquet,real_data_sample\l2_unseen_validation\trade_date=2026-07-17\exchange=NSE\symbol=KOTAKBANK\part-070516_419721-027347.parquet,34796,downloaded,34796,
2026-07-17,NSE,KOTAKBANK,raw_l2/trade_date=2026-07-17/exchange=NSE/symbol=KOTAKBANK/part-071338_839007-028467.parquet,real_data_sample\l2_unseen_validation\trade_date=2026-07-17\exchange=NSE\symbol=KOTAKBANK\part-071338_839007-028467.parquet,34760,downloaded,34760,
2026-07-17,NSE,KOTAKBANK,raw_l2/trade_date=2026-07-17/exchange=NSE/symbol=KOTAKBANK/part-071435_970847-028595.parquet,real_data_sample\l2_unseen_validation\trade_date=2026-07-17\exchange=NSE\symbol=KOTAKBANK\part-071435_970847-028595.parquet,34928,downloaded,34928,
2026-07-17,NSE,KOTAKBANK,raw_l2/trade_date=2026-07-17/exchange=NSE/symbol=KOTAKBANK/part-071407_560834-028531.parquet,real_data_sample\l2_unseen_validation\trade_date=2026-07-17\exchange=NSE\symbol=KOTAKBANK\part-071407_560834-028531.parquet,34911,downloaded,34911,
2026-07-17,NSE,KOTAKBANK,raw_l2/trade_date=2026-07-17/exchange=NSE/symbol=KOTAKBANK/part-071450_465725-028627.parquet,real_data_sample\l2_unseen_validation\trade_date=2026-07-17\exchange=NSE\symbol=KOTAKBANK\part-071450_465725-028627.parquet,34521,downloaded,34521,
2026-07-17,NSE,KOTAKBANK,raw_l2/trade_date=2026-07-17/exchange=NSE/symbol=KOTAKBANK/part-071421_795908-028563.parquet,real_data_sample\l2_unseen_validation\trade_date=2026-07-17\exchange=NSE\symbol=KOTAKBANK\part-071421_795908-028563.parquet,34817,downloaded,34817,
2026-07-17,NSE,KOTAKBANK,raw_l2/trade_date=2026-07-17/exchange=NSE/symbol=KOTAKBANK/part-071353_279228-028499.parquet,real_data_sample\l2_unseen_validation\trade_date=2026-07-17\exchange=NSE\symbol=KOTAKBANK\part-071353_279228-028499.parquet,34828,downloaded,34828,
2026-07-17,NSE,KOTAKBANK,raw_l2/trade_date=2026-07-17/exchange=NSE/symbol=KOTAKBANK/part-071659_456001-028915.parquet,real_data_sample\l2_unseen_validation\trade_date=2026-07-17\exchange=NSE\symbol=KOTAKBANK\part-071659_456001-028915.parquet,35021,downloaded,35021,
2026-07-17,NSE,KOTAKBANK,raw_l2/trade_date=2026-07-17/exchange=NSE/symbol=KOTAKBANK/part-071158_419789-028243.parquet,real_data_sample\l2_unseen_validation\trade_date=2026-07-17\exchange=NSE\symbol=KOTAKBANK\part-071158_419789-028243.parquet,35474,downloaded,35474,
2026-07-17,NSE,KOTAKBANK,raw_l2/trade_date=2026-07-17/exchange=NSE/symbol=KOTAKBANK/part-071616_785726-028819.parquet,real_data_sample\l2_unseen_validation\trade_date=2026-07-17\exchange=NSE\symbol=KOTAKBANK\part-071616_785726-028819.parquet,34916,downloaded,34916,
2026-07-17,NSE,KOTAKBANK,raw_l2/trade_date=2026-07-17/exchange=NSE/symbol=KOTAKBANK/part-071645_287498-028883.parquet,real_data_sample\l2_unseen_validation\trade_date=2026-07-17\exchange=NSE\symbol=KOTAKBANK\part-071645_287498-028883.parquet,34975,downloaded,34975,
2026-07-17,NSE,KOTAKBANK,raw_l2/trade_date=2026-07-17/exchange=NSE/symbol=KOTAKBANK/part-071504_951269-028659.parquet,real_data_sample\l2_unseen_validation\trade_date=2026-07-17\exchange=NSE\symbol=KOTAKBANK\part-071504_951269-028659.parquet,34768,downloaded,34768,
2026-07-17,NSE,KOTAKBANK,raw_l2/trade_date=2026-07-17/exchange=NSE/symbol=KOTAKBANK/part-071854_546588-029171.parquet,real_data_sample\l2_unseen_validation\trade_date=2026-07-17\exchange=NSE\symbol=KOTAKBANK\part-071854_546588-029171.parquet,34973,downloaded,34973,
2026-07-17,NSE,KOTAKBANK,raw_l2/trade_date=2026-07-17/exchange=NSE/symbol=KOTAKBANK/part-071713_588095-028947.parquet,real_data_sample\l2_unseen_validation\trade_date=2026-07-17\exchange=NSE\symbol=KOTAKBANK\part-071713_588095-028947.parquet,34928,downloaded,34928,
2026-07-17,NSE,KOTAKBANK,raw_l2/trade_date=2026-07-17/exchange=NSE/symbol=KOTAKBANK/part-072006_242075-029331.parquet,real_data_sample\l2_unseen_validation\trade_date=2026-07-17\exchange=NSE\symbol=KOTAKBANK\part-072006_242075-029331.parquet,34840,downloaded,34840,
2026-07-17,NSE,KOTAKBANK,raw_l2/trade_date=2026-07-17/exchange=NSE/symbol=KOTAKBANK/part-072103_277034-029459.parquet,real_data_sample\l2_unseen_validation\trade_date=2026-07-17\exchange=NSE\symbol=KOTAKBANK\part-072103_277034-029459.parquet,34911,downloaded,34911,
2026-07-17,NSE,KOTAKBANK,raw_l2/trade_date=2026-07-17/exchange=NSE/symbol=KOTAKBANK/part-071839_548011-029139.parquet,real_data_sample\l2_unseen_validation\trade_date=2026-07-17\exchange=NSE\symbol=KOTAKBANK\part-071839_548011-029139.parquet,34702,downloaded,34702,
2026-07-17,NSE,KOTAKBANK,raw_l2/trade_date=2026-07-17/exchange=NSE/symbol=KOTAKBANK/part-071923_483896-029235.parquet,real_data_sample\l2_unseen_validation\trade_date=2026-07-17\exchange=NSE\symbol=KOTAKBANK\part-071923_483896-029235.parquet,34828,downloaded,34828,
2026-07-17,NSE,KOTAKBANK,raw_l2/trade_date=2026-07-17/exchange=NSE/symbol=KOTAKBANK/part-071909_189601-029203.parquet,real_data_sample\l2_unseen_validation\trade_date=2026-07-17\exchange=NSE\symbol=KOTAKBANK\part-071909_189601-029203.parquet,34973,downloaded,34973,
2026-07-17,NSE,KOTAKBANK,raw_l2/trade_date=2026-07-17/exchange=NSE/symbol=KOTAKBANK/part-071951_965312-029299.parquet,real_data_sample\l2_unseen_validation\trade_date=2026-07-17\exchange=NSE\symbol=KOTAKBANK\part-071951_965312-029299.parquet,34981,downloaded,34981,
2026-07-17,NSE,KOTAKBANK,raw_l2/trade_date=2026-07-17/exchange=NSE/symbol=KOTAKBANK/part-071533_617076-028723.parquet,real_data_sample\l2_unseen_validation\trade_date=2026-07-17\exchange=NSE\symbol=KOTAKBANK\part-071533_617076-028723.parquet,34815,downloaded,34815,
2026-07-17,NSE,KOTAKBANK,raw_l2/trade_date=2026-07-17/exchange=NSE/symbol=KOTAKBANK/part-072200_112938-029587.parquet,real_data_sample\l2_unseen_validation\trade_date=2026-07-17\exchange=NSE\symbol=KOTAKBANK\part-072200_112938-029587.parquet,35063,downloaded,35063,
2026-07-17,NSE,KOTAKBANK,raw_l2/trade_date=2026-07-17/exchange=NSE/symbol=KOTAKBANK/part-072020_541392-029363.parquet,real_data_sample\l2_unseen_validation\trade_date=2026-07-17\exchange=NSE\symbol=KOTAKBANK\part-072020_541392-029363.parquet,34675,downloaded,34675,
2026-07-17,NSE,KOTAKBANK,raw_l2/trade_date=2026-07-17/exchange=NSE/symbol=KOTAKBANK/part-071756_240765-029043.parquet,real_data_sample\l2_unseen_validation\trade_date=2026-07-17\exchange=NSE\symbol=KOTAKBANK\part-071756_240765-029043.parquet,34883,downloaded,34883,
2026-07-17,NSE,KOTAKBANK,raw_l2/trade_date=2026-07-17/exchange=NSE/symbol=KOTAKBANK/part-071937_816728-029267.parquet,real_data_sample\l2_unseen_validation\trade_date=2026-07-17\exchange=NSE\symbol=KOTAKBANK\part-071937_816728-029267.parquet,34721,downloaded,34721,
2026-07-17,NSE,KOTAKBANK,raw_l2/trade_date=2026-07-17/exchange=NSE/symbol=KOTAKBANK/part-071741_985136-029011.parquet,real_data_sample\l2_unseen_validation\trade_date=2026-07-17\exchange=NSE\symbol=KOTAKBANK\part-071741_985136-029011.parquet,34891,downloaded,34891,
2026-07-17,NSE,KOTAKBANK,raw_l2/trade_date=2026-07-17/exchange=NSE/symbol=KOTAKBANK/part-072034_797054-029395.parquet,real_data_sample\l2_unseen_validation\trade_date=2026-07-17\exchange=NSE\symbol=KOTAKBANK\part-072034_797054-029395.parquet,34837,downloaded,34837,
2026-07-17,NSE,KOTAKBANK,raw_l2/trade_date=2026-07-17/exchange=NSE/symbol=KOTAKBANK/part-072049_057678-029427.parquet,real_data_sample\l2_unseen_validation\trade_date=2026-07-17\exchange=NSE\symbol=KOTAKBANK\part-072049_057678-029427.parquet,34685,downloaded,34685,
2026-07-17,NSE,KOTAKBANK,raw_l2/trade_date=2026-07-17/exchange=NSE/symbol=KOTAKBANK/part-071825_033262-029107.parquet,real_data_sample\l2_unseen_validation\trade_date=2026-07-17\exchange=NSE\symbol=KOTAKBANK\part-071825_033262-029107.parquet,34894,downloaded,34894,
2026-07-17,NSE,KOTAKBANK,raw_l2/trade_date=2026-07-17/exchange=NSE/symbol=KOTAKBANK/part-072131_598474-029523.parquet,real_data_sample\l2_unseen_validation\trade_date=2026-07-17\exchange=NSE\symbol=KOTAKBANK\part-072131_598474-029523.parquet,34860,downloaded,34860,
2026-07-17,NSE,KOTAKBANK,raw_l2/trade_date=2026-07-17/exchange=NSE/symbol=KOTAKBANK/part-071630_992599-028851.parquet,real_data_sample\l2_unseen_validation\trade_date=2026-07-17\exchange=NSE\symbol=KOTAKBANK\part-071630_992599-028851.parquet,34870,downloaded,34870,
2026-07-17,NSE,KOTAKBANK,raw_l2/trade_date=2026-07-17/exchange=NSE/symbol=KOTAKBANK/part-071548_066255-028755.parquet,real_data_sample\l2_unseen_validation\trade_date=2026-07-17\exchange=NSE\symbol=KOTAKBANK\part-071548_066255-028755.parquet,34845,downloaded,34845,
2026-07-17,NSE,KOTAKBANK,raw_l2/trade_date=2026-07-17/exchange=NSE/symbol=KOTAKBANK/part-071602_490397-028787.parquet,real_data_sample\l2_unseen_validation\trade_date=2026-07-17\exchange=NSE\symbol=KOTAKBANK\part-071602_490397-028787.parquet,34744,downloaded,34744,
2026-07-17,NSE,KOTAKBANK,raw_l2/trade_date=2026-07-17/exchange=NSE/symbol=KOTAKBANK/part-071519_376712-028691.parquet,real_data_sample\l2_unseen_validation\trade_date=2026-07-17\exchange=NSE\symbol=KOTAKBANK\part-071519_376712-028691.parquet,34799,downloaded,34799,
2026-07-17,NSE,KOTAKBANK,raw_l2/trade_date=2026-07-17/exchange=NSE/symbol=KOTAKBANK/part-071810_691093-029075.parquet,real_data_sample\l2_unseen_validation\trade_date=2026-07-17\exchange=NSE\symbol=KOTAKBANK\part-071810_691093-029075.parquet,34754,downloaded,34754,
2026-07-17,NSE,KOTAKBANK,raw_l2/trade_date=2026-07-17/exchange=NSE/symbol=KOTAKBANK/part-072117_441178-029491.parquet,real_data_sample\l2_unseen_validation\trade_date=2026-07-17\exchange=NSE\symbol=KOTAKBANK\part-072117_441178-029491.parquet,34860,downloaded,34860,
2026-07-17,NSE,KOTAKBANK,raw_l2/trade_date=2026-07-17/exchange=NSE/symbol=KOTAKBANK/part-072214_755754-029619.parquet,real_data_sample\l2_unseen_validation\trade_date=2026-07-17\exchange=NSE\symbol=KOTAKBANK\part-072214_755754-029619.parquet,34984,downloaded,34984,
2026-07-17,NSE,KOTAKBANK,raw_l2/trade_date=2026-07-17/exchange=NSE/symbol=KOTAKBANK/part-072145_650763-029555.parquet,real_data_sample\l2_unseen_validation\trade_date=2026-07-17\exchange=NSE\symbol=KOTAKBANK\part-072145_650763-029555.parquet,34779,downloaded,34779,
2026-07-17,NSE,KOTAKBANK,raw_l2/trade_date=2026-07-17/exchange=NSE/symbol=KOTAKBANK/part-072228_770278-029651.parquet,real_data_sample\l2_unseen_validation\trade_date=2026-07-17\exchange=NSE\symbol=KOTAKBANK\part-072228_770278-029651.parquet,34955,downloaded,34955,
2026-07-17,NSE,KOTAKBANK,raw_l2/trade_date=2026-07-17/exchange=NSE/symbol=KOTAKBANK/part-072534_522555-030067.parquet,real_data_sample\l2_unseen_validation\trade_date=2026-07-17\exchange=NSE\symbol=KOTAKBANK\part-072534_522555-030067.parquet,34777,downloaded,34777,
2026-07-17,NSE,KOTAKBANK,raw_l2/trade_date=2026-07-17/exchange=NSE/symbol=KOTAKBANK/part-072422_961577-029907.parquet,real_data_sample\l2_unseen_validation\trade_date=2026-07-17\exchange=NSE\symbol=KOTAKBANK\part-072422_961577-029907.parquet,35700,downloaded,35700,
2026-07-17,NSE,KOTAKBANK,raw_l2/trade_date=2026-07-17/exchange=NSE/symbol=KOTAKBANK/part-072408_742913-029875.parquet,real_data_sample\l2_unseen_validation\trade_date=2026-07-17\exchange=NSE\symbol=KOTAKBANK\part-072408_742913-029875.parquet,34755,downloaded,34755,
2026-07-17,NSE,KOTAKBANK,raw_l2/trade_date=2026-07-17/exchange=NSE/symbol=KOTAKBANK/part-072354_567509-029843.parquet,real_data_sample\l2_unseen_validation\trade_date=2026-07-17\exchange=NSE\symbol=KOTAKBANK\part-072354_567509-029843.parquet,34939,downloaded,34939,
2026-07-17,NSE,KOTAKBANK,raw_l2/trade_date=2026-07-17/exchange=NSE/symbol=KOTAKBANK/part-072437_299634-029939.parquet,real_data_sample\l2_unseen_validation\trade_date=2026-07-17\exchange=NSE\symbol=KOTAKBANK\part-072437_299634-029939.parquet,35404,downloaded,35404,
2026-07-17,NSE,KOTAKBANK,raw_l2/trade_date=2026-07-17/exchange=NSE/symbol=KOTAKBANK/part-072451_755743-029971.parquet,real_data_sample\l2_unseen_validation\trade_date=2026-07-17\exchange=NSE\symbol=KOTAKBANK\part-072451_755743-029971.parquet,35750,downloaded,35750,
2026-07-17,NSE,KOTAKBANK,raw_l2/trade_date=2026-07-17/exchange=NSE/symbol=KOTAKBANK/part-072340_310586-029811.parquet,real_data_sample\l2_unseen_validation\trade_date=2026-07-17\exchange=NSE\symbol=KOTAKBANK\part-072340_310586-029811.parquet,34901,downloaded,34901,
2026-07-17,NSE,KOTAKBANK,raw_l2/trade_date=2026-07-17/exchange=NSE/symbol=KOTAKBANK/part-072506_117383-030003.parquet,real_data_sample\l2_unseen_validation\trade_date=2026-07-17\exchange=NSE\symbol=KOTAKBANK\part-072506_117383-030003.parquet,35692,downloaded,35692,
2026-07-17,NSE,KOTAKBANK,raw_l2/trade_date=2026-07-17/exchange=NSE/symbol=KOTAKBANK/part-072520_259083-030035.parquet,real_data_sample\l2_unseen_validation\trade_date=2026-07-17\exchange=NSE\symbol=KOTAKBANK\part-072520_259083-030035.parquet,35417,downloaded,35417,
2026-07-17,NSE,KOTAKBANK,raw_l2/trade_date=2026-07-17/exchange=NSE/symbol=KOTAKBANK/part-072311_619744-029747.parquet,real_data_sample\l2_unseen_validation\trade_date=2026-07-17\exchange=NSE\symbol=KOTAKBANK\part-072311_619744-029747.parquet,34932,downloaded,34932,
2026-07-17,NSE,KOTAKBANK,raw_l2/trade_date=2026-07-17/exchange=NSE/symbol=KOTAKBANK/part-072257_276159-029715.parquet,real_data_sample\l2_unseen_validation\trade_date=2026-07-17\exchange=NSE\symbol=KOTAKBANK\part-072257_276159-029715.parquet,34903,downloaded,34903,
2026-07-17,NSE,KOTAKBANK,raw_l2/trade_date=2026-07-17/exchange=NSE/symbol=KOTAKBANK/part-072325_907797-029779.parquet,real_data_sample\l2_unseen_validation\trade_date=2026-07-17\exchange=NSE\symbol=KOTAKBANK\part-072325_907797-029779.parquet,34969,downloaded,34969,
2026-07-17,NSE,KOTAKBANK,raw_l2/trade_date=2026-07-17/exchange=NSE/symbol=KOTAKBANK/part-071727_647535-028979.parquet,real_data_sample\l2_unseen_validation\trade_date=2026-07-17\exchange=NSE\symbol=KOTAKBANK\part-071727_647535-028979.parquet,35031,downloaded,35031,
2026-07-17,NSE,KOTAKBANK,raw_l2/trade_date=2026-07-17/exchange=NSE/symbol=KOTAKBANK/part-072926_376333-030579.parquet,real_data_sample\l2_unseen_validation\trade_date=2026-07-17\exchange=NSE\symbol=KOTAKBANK\part-072926_376333-030579.parquet,34893,downloaded,34893,
2026-07-17,NSE,KOTAKBANK,raw_l2/trade_date=2026-07-17/exchange=NSE/symbol=KOTAKBANK/part-072616_931989-030163.parquet,real_data_sample\l2_unseen_validation\trade_date=2026-07-17\exchange=NSE\symbol=KOTAKBANK\part-072616_931989-030163.parquet,34576,downloaded,34576,
2026-07-17,NSE,KOTAKBANK,raw_l2/trade_date=2026-07-17/exchange=NSE/symbol=KOTAKBANK/part-072856_883748-030515.parquet,real_data_sample\l2_unseen_validation\trade_date=2026-07-17\exchange=NSE\symbol=KOTAKBANK\part-072856_883748-030515.parquet,34977,downloaded,34977,
2026-07-17,NSE,KOTAKBANK,raw_l2/trade_date=2026-07-17/exchange=NSE/symbol=KOTAKBANK/part-072548_795613-030099.parquet,real_data_sample\l2_unseen_validation\trade_date=2026-07-17\exchange=NSE\symbol=KOTAKBANK\part-072548_795613-030099.parquet,34631,downloaded,34631,
2026-07-17,NSE,KOTAKBANK,raw_l2/trade_date=2026-07-17/exchange=NSE/symbol=KOTAKBANK/part-072631_360485-030195.parquet,real_data_sample\l2_unseen_validation\trade_date=2026-07-17\exchange=NSE\symbol=KOTAKBANK\part-072631_360485-030195.parquet,34823,downloaded,34823,
2026-07-17,NSE,KOTAKBANK,raw_l2/trade_date=2026-07-17/exchange=NSE/symbol=KOTAKBANK/part-072602_743136-030131.parquet,real_data_sample\l2_unseen_validation\trade_date=2026-07-17\exchange=NSE\symbol=KOTAKBANK\part-072602_743136-030131.parquet,34693,downloaded,34693,
2026-07-17,NSE,KOTAKBANK,raw_l2/trade_date=2026-07-17/exchange=NSE/symbol=KOTAKBANK/part-072911_570960-030547.parquet,real_data_sample\l2_unseen_validation\trade_date=2026-07-17\exchange=NSE\symbol=KOTAKBANK\part-072911_570960-030547.parquet,34760,downloaded,34760,
2026-07-17,NSE,KOTAKBANK,raw_l2/trade_date=2026-07-17/exchange=NSE/symbol=KOTAKBANK/part-072743_182684-030355.parquet,real_data_sample\l2_unseen_validation\trade_date=2026-07-17\exchange=NSE\symbol=KOTAKBANK\part-072743_182684-030355.parquet,34741,downloaded,34741,
2026-07-17,NSE,KOTAKBANK,raw_l2/trade_date=2026-07-17/exchange=NSE/symbol=KOTAKBANK/part-072728_811320-030323.parquet,real_data_sample\l2_unseen_validation\trade_date=2026-07-17\exchange=NSE\symbol=KOTAKBANK\part-072728_811320-030323.parquet,34881,downloaded,34881,
2026-07-17,NSE,KOTAKBANK,raw_l2/trade_date=2026-07-17/exchange=NSE/symbol=KOTAKBANK/part-072812_234426-030419.parquet,real_data_sample\l2_unseen_validation\trade_date=2026-07-17\exchange=NSE\symbol=KOTAKBANK\part-072812_234426-030419.parquet,34776,downloaded,34776,
2026-07-17,NSE,KOTAKBANK,raw_l2/trade_date=2026-07-17/exchange=NSE/symbol=KOTAKBANK/part-072842_253872-030483.parquet,real_data_sample\l2_unseen_validation\trade_date=2026-07-17\exchange=NSE\symbol=KOTAKBANK\part-072842_253872-030483.parquet,34854,downloaded,34854,
2026-07-17,NSE,KOTAKBANK,raw_l2/trade_date=2026-07-17/exchange=NSE/symbol=KOTAKBANK/part-072826_510303-030451.parquet,real_data_sample\l2_unseen_validation\trade_date=2026-07-17\exchange=NSE\symbol=KOTAKBANK\part-072826_510303-030451.parquet,34830,downloaded,34830,
2026-07-17,NSE,KOTAKBANK,raw_l2/trade_date=2026-07-17/exchange=NSE/symbol=KOTAKBANK/part-072757_692918-030387.parquet,real_data_sample\l2_unseen_validation\trade_date=2026-07-17\exchange=NSE\symbol=KOTAKBANK\part-072757_692918-030387.parquet,34717,downloaded,34717,
2026-07-17,NSE,KOTAKBANK,raw_l2/trade_date=2026-07-17/exchange=NSE/symbol=KOTAKBANK/part-072940_907736-030611.parquet,real_data_sample\l2_unseen_validation\trade_date=2026-07-17\exchange=NSE\symbol=KOTAKBANK\part-072940_907736-030611.parquet,34863,downloaded,34863,
2026-07-17,NSE,KOTAKBANK,raw_l2/trade_date=2026-07-17/exchange=NSE/symbol=KOTAKBANK/part-072714_354135-030291.parquet,real_data_sample\l2_unseen_validation\trade_date=2026-07-17\exchange=NSE\symbol=KOTAKBANK\part-072714_354135-030291.parquet,34899,downloaded,34899,
2026-07-17,NSE,KOTAKBANK,raw_l2/trade_date=2026-07-17/exchange=NSE/symbol=KOTAKBANK/part-072659_861709-030259.parquet,real_data_sample\l2_unseen_validation\trade_date=2026-07-17\exchange=NSE\symbol=KOTAKBANK\part-072659_861709-030259.parquet,35014,downloaded,35014,
2026-07-17,NSE,KOTAKBANK,raw_l2/trade_date=2026-07-17/exchange=NSE/symbol=KOTAKBANK/part-072645_707846-030227.parquet,real_data_sample\l2_unseen_validation\trade_date=2026-07-17\exchange=NSE\symbol=KOTAKBANK\part-072645_707846-030227.parquet,34722,downloaded,34722,
2026-07-17,NSE,KOTAKBANK,raw_l2/trade_date=2026-07-17/exchange=NSE/symbol=KOTAKBANK/part-072955_401890-030643.parquet,real_data_sample\l2_unseen_validation\trade_date=2026-07-17\exchange=NSE\symbol=KOTAKBANK\part-072955_401890-030643.parquet,34908,downloaded,34908,
2026-07-17,NSE,KOTAKBANK,raw_l2/trade_date=2026-07-17/exchange=NSE/symbol=KOTAKBANK/part-072243_106706-029683.parquet,real_data_sample\l2_unseen_validation\trade_date=2026-07-17\exchange=NSE\symbol=KOTAKBANK\part-072243_106706-029683.parquet,34916,downloaded,34916,
2026-07-17,NSE,KOTAKBANK,raw_l2/trade_date=2026-07-17/exchange=NSE/symbol=KOTAKBANK/part-073246_779431-031027.parquet,real_data_sample\l2_unseen_validation\trade_date=2026-07-17\exchange=NSE\symbol=KOTAKBANK\part-073246_779431-031027.parquet,36276,downloaded,36276,
2026-07-17,NSE,KOTAKBANK,raw_l2/trade_date=2026-07-17/exchange=NSE/symbol=KOTAKBANK/part-073052_622860-030771.parquet,real_data_sample\l2_unseen_validation\trade_date=2026-07-17\exchange=NSE\symbol=KOTAKBANK\part-073052_622860-030771.parquet,35836,downloaded,35836,
2026-07-17,NSE,KOTAKBANK,raw_l2/trade_date=2026-07-17/exchange=NSE/symbol=KOTAKBANK/part-073232_567984-030995.parquet,real_data_sample\l2_unseen_validation\trade_date=2026-07-17\exchange=NSE\symbol=KOTAKBANK\part-073232_567984-030995.parquet,36125,downloaded,36125,
2026-07-17,NSE,KOTAKBANK,raw_l2/trade_date=2026-07-17/exchange=NSE/symbol=KOTAKBANK/part-073135_500950-030867.parquet,real_data_sample\l2_unseen_validation\trade_date=2026-07-17\exchange=NSE\symbol=KOTAKBANK\part-073135_500950-030867.parquet,35969,downloaded,35969,
2026-07-17,NSE,KOTAKBANK,raw_l2/trade_date=2026-07-17/exchange=NSE/symbol=KOTAKBANK/part-073121_498132-030835.parquet,real_data_sample\l2_unseen_validation\trade_date=2026-07-17\exchange=NSE\symbol=KOTAKBANK\part-073121_498132-030835.parquet,35829,downloaded,35829,
2026-07-17,NSE,KOTAKBANK,raw_l2/trade_date=2026-07-17/exchange=NSE/symbol=KOTAKBANK/part-073301_066060-031059.parquet,real_data_sample\l2_unseen_validation\trade_date=2026-07-17\exchange=NSE\symbol=KOTAKBANK\part-073301_066060-031059.parquet,35766,downloaded,35766,
2026-07-17,NSE,KOTAKBANK,raw_l2/trade_date=2026-07-17/exchange=NSE/symbol=KOTAKBANK/part-073107_170954-030803.parquet,real_data_sample\l2_unseen_validation\trade_date=2026-07-17\exchange=NSE\symbol=KOTAKBANK\part-073107_170954-030803.parquet,35835,downloaded,35835,
2026-07-17,NSE,KOTAKBANK,raw_l2/trade_date=2026-07-17/exchange=NSE/symbol=KOTAKBANK/part-073218_408316-030963.parquet,real_data_sample\l2_unseen_validation\trade_date=2026-07-17\exchange=NSE\symbol=KOTAKBANK\part-073218_408316-030963.parquet,36042,downloaded,36042,
2026-07-17,NSE,KOTAKBANK,raw_l2/trade_date=2026-07-17/exchange=NSE/symbol=KOTAKBANK/part-073204_221691-030931.parquet,real_data_sample\l2_unseen_validation\trade_date=2026-07-17\exchange=NSE\symbol=KOTAKBANK\part-073204_221691-030931.parquet,35415,downloaded,35415,
2026-07-17,NSE,KOTAKBANK,raw_l2/trade_date=2026-07-17/exchange=NSE/symbol=KOTAKBANK/part-073009_638674-030675.parquet,real_data_sample\l2_unseen_validation\trade_date=2026-07-17\exchange=NSE\symbol=KOTAKBANK\part-073009_638674-030675.parquet,35124,downloaded,35124,
2026-07-17,NSE,KOTAKBANK,raw_l2/trade_date=2026-07-17/exchange=NSE/symbol=KOTAKBANK/part-073150_029344-030899.parquet,real_data_sample\l2_unseen_validation\trade_date=2026-07-17\exchange=NSE\symbol=KOTAKBANK\part-073150_029344-030899.parquet,36072,downloaded,36072,
2026-07-17,NSE,KOTAKBANK,raw_l2/trade_date=2026-07-17/exchange=NSE/symbol=KOTAKBANK/part-073023_946469-030707.parquet,real_data_sample\l2_unseen_validation\trade_date=2026-07-17\exchange=NSE\symbol=KOTAKBANK\part-073023_946469-030707.parquet,36066,downloaded,36066,
2026-07-17,NSE,KOTAKBANK,raw_l2/trade_date=2026-07-17/exchange=NSE/symbol=KOTAKBANK/part-073038_227313-030739.parquet,real_data_sample\l2_unseen_validation\trade_date=2026-07-17\exchange=NSE\symbol=KOTAKBANK\part-073038_227313-030739.parquet,35841,downloaded,35841,
2026-07-17,NSE,KOTAKBANK,raw_l2/trade_date=2026-07-17/exchange=NSE/symbol=KOTAKBANK/part-073649_020847-031571.parquet,real_data_sample\l2_unseen_validation\trade_date=2026-07-17\exchange=NSE\symbol=KOTAKBANK\part-073649_020847-031571.parquet,34941,downloaded,34941,
2026-07-17,NSE,KOTAKBANK,raw_l2/trade_date=2026-07-17/exchange=NSE/symbol=KOTAKBANK/part-073343_935596-031155.parquet,real_data_sample\l2_unseen_validation\trade_date=2026-07-17\exchange=NSE\symbol=KOTAKBANK\part-073343_935596-031155.parquet,35078,downloaded,35078,
2026-07-17,NSE,KOTAKBANK,raw_l2/trade_date=2026-07-17/exchange=NSE/symbol=KOTAKBANK/part-073412_298368-031219.parquet,real_data_sample\l2_unseen_validation\trade_date=2026-07-17\exchange=NSE\symbol=KOTAKBANK\part-073412_298368-031219.parquet,34750,downloaded,34750,
2026-07-17,NSE,KOTAKBANK,raw_l2/trade_date=2026-07-17/exchange=NSE/symbol=KOTAKBANK/part-073620_400383-031507.parquet,real_data_sample\l2_unseen_validation\trade_date=2026-07-17\exchange=NSE\symbol=KOTAKBANK\part-073620_400383-031507.parquet,34654,downloaded,34654,
2026-07-17,NSE,KOTAKBANK,raw_l2/trade_date=2026-07-17/exchange=NSE/symbol=KOTAKBANK/part-073426_531877-031251.parquet,real_data_sample\l2_unseen_validation\trade_date=2026-07-17\exchange=NSE\symbol=KOTAKBANK\part-073426_531877-031251.parquet,35567,downloaded,35567,
2026-07-17,NSE,KOTAKBANK,raw_l2/trade_date=2026-07-17/exchange=NSE/symbol=KOTAKBANK/part-073634_776549-031539.parquet,real_data_sample\l2_unseen_validation\trade_date=2026-07-17\exchange=NSE\symbol=KOTAKBANK\part-073634_776549-031539.parquet,34902,downloaded,34902,
2026-07-17,NSE,KOTAKBANK,raw_l2/trade_date=2026-07-17/exchange=NSE/symbol=KOTAKBANK/part-073509_343079-031347.parquet,real_data_sample\l2_unseen_validation\trade_date=2026-07-17\exchange=NSE\symbol=KOTAKBANK\part-073509_343079-031347.parquet,36293,downloaded,36293,
2026-07-17,NSE,KOTAKBANK,raw_l2/trade_date=2026-07-17/exchange=NSE/symbol=KOTAKBANK/part-073358_044761-031187.parquet,real_data_sample\l2_unseen_validation\trade_date=2026-07-17\exchange=NSE\symbol=KOTAKBANK\part-073358_044761-031187.parquet,34986,downloaded,34986,
2026-07-17,NSE,KOTAKBANK,raw_l2/trade_date=2026-07-17/exchange=NSE/symbol=KOTAKBANK/part-073440_884635-031283.parquet,real_data_sample\l2_unseen_validation\trade_date=2026-07-17\exchange=NSE\symbol=KOTAKBANK\part-073440_884635-031283.parquet,35864,downloaded,35864,
2026-07-17,NSE,KOTAKBANK,raw_l2/trade_date=2026-07-17/exchange=NSE/symbol=KOTAKBANK/part-073703_202682-031603.parquet,real_data_sample\l2_unseen_validation\trade_date=2026-07-17\exchange=NSE\symbol=KOTAKBANK\part-073703_202682-031603.parquet,34755,downloaded,34755,
2026-07-17,NSE,KOTAKBANK,raw_l2/trade_date=2026-07-17/exchange=NSE/symbol=KOTAKBANK/part-073551_935310-031443.parquet,real_data_sample\l2_unseen_validation\trade_date=2026-07-17\exchange=NSE\symbol=KOTAKBANK\part-073551_935310-031443.parquet,34925,downloaded,34925,
2026-07-17,NSE,KOTAKBANK,raw_l2/trade_date=2026-07-17/exchange=NSE/symbol=KOTAKBANK/part-073606_125663-031475.parquet,real_data_sample\l2_unseen_validation\trade_date=2026-07-17\exchange=NSE\symbol=KOTAKBANK\part-073606_125663-031475.parquet,34933,downloaded,34933,
2026-07-17,NSE,KOTAKBANK,raw_l2/trade_date=2026-07-17/exchange=NSE/symbol=KOTAKBANK/part-073455_181813-031315.parquet,real_data_sample\l2_unseen_validation\trade_date=2026-07-17\exchange=NSE\symbol=KOTAKBANK\part-073455_181813-031315.parquet,35724,downloaded,35724,
2026-07-17,NSE,KOTAKBANK,raw_l2/trade_date=2026-07-17/exchange=NSE/symbol=KOTAKBANK/part-073329_611593-031123.parquet,real_data_sample\l2_unseen_validation\trade_date=2026-07-17\exchange=NSE\symbol=KOTAKBANK\part-073329_611593-031123.parquet,34791,downloaded,34791,
2026-07-17,NSE,KOTAKBANK,raw_l2/trade_date=2026-07-17/exchange=NSE/symbol=KOTAKBANK/part-073523_480835-031379.parquet,real_data_sample\l2_unseen_validation\trade_date=2026-07-17\exchange=NSE\symbol=KOTAKBANK\part-073523_480835-031379.parquet,34921,downloaded,34921,
2026-07-17,NSE,KOTAKBANK,raw_l2/trade_date=2026-07-17/exchange=NSE/symbol=KOTAKBANK/part-073537_828761-031411.parquet,real_data_sample\l2_unseen_validation\trade_date=2026-07-17\exchange=NSE\symbol=KOTAKBANK\part-073537_828761-031411.parquet,34753,downloaded,34753,
2026-07-17,NSE,KOTAKBANK,raw_l2/trade_date=2026-07-17/exchange=NSE/symbol=KOTAKBANK/part-073717_202976-031635.parquet,real_data_sample\l2_unseen_validation\trade_date=2026-07-17\exchange=NSE\symbol=KOTAKBANK\part-073717_202976-031635.parquet,34841,downloaded,34841,
2026-07-17,NSE,KOTAKBANK,raw_l2/trade_date=2026-07-17/exchange=NSE/symbol=KOTAKBANK/part-073315_277257-031091.parquet,real_data_sample\l2_unseen_validation\trade_date=2026-07-17\exchange=NSE\symbol=KOTAKBANK\part-073315_277257-031091.parquet,35576,downloaded,35576,
2026-07-17,NSE,KOTAKBANK,raw_l2/trade_date=2026-07-17/exchange=NSE/symbol=KOTAKBANK/part-073745_125109-031699.parquet,real_data_sample\l2_unseen_validation\trade_date=2026-07-17\exchange=NSE\symbol=KOTAKBANK\part-073745_125109-031699.parquet,34777,downloaded,34777,
2026-07-17,NSE,KOTAKBANK,raw_l2/trade_date=2026-07-17/exchange=NSE/symbol=KOTAKBANK/part-074020_696054-032051.parquet,real_data_sample\l2_unseen_validation\trade_date=2026-07-17\exchange=NSE\symbol=KOTAKBANK\part-074020_696054-032051.parquet,35151,downloaded,35151,
2026-07-17,NSE,KOTAKBANK,raw_l2/trade_date=2026-07-17/exchange=NSE/symbol=KOTAKBANK/part-073952_216780-031987.parquet,real_data_sample\l2_unseen_validation\trade_date=2026-07-17\exchange=NSE\symbol=KOTAKBANK\part-073952_216780-031987.parquet,34919,downloaded,34919,
2026-07-17,NSE,KOTAKBANK,raw_l2/trade_date=2026-07-17/exchange=NSE/symbol=KOTAKBANK/part-073924_163679-031923.parquet,real_data_sample\l2_unseen_validation\trade_date=2026-07-17\exchange=NSE\symbol=KOTAKBANK\part-073924_163679-031923.parquet,34802,downloaded,34802,
2026-07-17,NSE,KOTAKBANK,raw_l2/trade_date=2026-07-17/exchange=NSE/symbol=KOTAKBANK/part-073910_235382-031891.parquet,real_data_sample\l2_unseen_validation\trade_date=2026-07-17\exchange=NSE\symbol=KOTAKBANK\part-073910_235382-031891.parquet,34757,downloaded,34757,
2026-07-17,NSE,KOTAKBANK,raw_l2/trade_date=2026-07-17/exchange=NSE/symbol=KOTAKBANK/part-073938_184965-031955.parquet,real_data_sample\l2_unseen_validation\trade_date=2026-07-17\exchange=NSE\symbol=KOTAKBANK\part-073938_184965-031955.parquet,34893,downloaded,34893,
2026-07-17,NSE,KOTAKBANK,raw_l2/trade_date=2026-07-17/exchange=NSE/symbol=KOTAKBANK/part-073855_764104-031859.parquet,real_data_sample\l2_unseen_validation\trade_date=2026-07-17\exchange=NSE\symbol=KOTAKBANK\part-073855_764104-031859.parquet,34781,downloaded,34781,
2026-07-17,NSE,KOTAKBANK,raw_l2/trade_date=2026-07-17/exchange=NSE/symbol=KOTAKBANK/part-074034_700935-032083.parquet,real_data_sample\l2_unseen_validation\trade_date=2026-07-17\exchange=NSE\symbol=KOTAKBANK\part-074034_700935-032083.parquet,35614,downloaded,35614,
2026-07-17,NSE,KOTAKBANK,raw_l2/trade_date=2026-07-17/exchange=NSE/symbol=KOTAKBANK/part-074006_471479-032019.parquet,real_data_sample\l2_unseen_validation\trade_date=2026-07-17\exchange=NSE\symbol=KOTAKBANK\part-074006_471479-032019.parquet,34985,downloaded,34985,
2026-07-17,NSE,KOTAKBANK,raw_l2/trade_date=2026-07-17/exchange=NSE/symbol=KOTAKBANK/part-073759_207375-031731.parquet,real_data_sample\l2_unseen_validation\trade_date=2026-07-17\exchange=NSE\symbol=KOTAKBANK\part-073759_207375-031731.parquet,34773,downloaded,34773,
2026-07-17,NSE,KOTAKBANK,raw_l2/trade_date=2026-07-17/exchange=NSE/symbol=KOTAKBANK/part-073813_382318-031763.parquet,real_data_sample\l2_unseen_validation\trade_date=2026-07-17\exchange=NSE\symbol=KOTAKBANK\part-073813_382318-031763.parquet,34876,downloaded,34876,
2026-07-17,NSE,KOTAKBANK,raw_l2/trade_date=2026-07-17/exchange=NSE/symbol=KOTAKBANK/part-073827_554090-031795.parquet,real_data_sample\l2_unseen_validation\trade_date=2026-07-17\exchange=NSE\symbol=KOTAKBANK\part-073827_554090-031795.parquet,34885,downloaded,34885,
2026-07-17,NSE,KOTAKBANK,raw_l2/trade_date=2026-07-17/exchange=NSE/symbol=KOTAKBANK/part-073841_578145-031827.parquet,real_data_sample\l2_unseen_validation\trade_date=2026-07-17\exchange=NSE\symbol=KOTAKBANK\part-073841_578145-031827.parquet,34980,downloaded,34980,
2026-07-17,NSE,KOTAKBANK,raw_l2/trade_date=2026-07-17/exchange=NSE/symbol=KOTAKBANK/part-074213_406911-032307.parquet,real_data_sample\l2_unseen_validation\trade_date=2026-07-17\exchange=NSE\symbol=KOTAKBANK\part-074213_406911-032307.parquet,34929,downloaded,34929,
2026-07-17,NSE,KOTAKBANK,raw_l2/trade_date=2026-07-17/exchange=NSE/symbol=KOTAKBANK/part-074434_434519-032627.parquet,real_data_sample\l2_unseen_validation\trade_date=2026-07-17\exchange=NSE\symbol=KOTAKBANK\part-074434_434519-032627.parquet,34821,downloaded,34821,
2026-07-17,NSE,KOTAKBANK,raw_l2/trade_date=2026-07-17/exchange=NSE/symbol=KOTAKBANK/part-074048_930737-032115.parquet,real_data_sample\l2_unseen_validation\trade_date=2026-07-17\exchange=NSE\symbol=KOTAKBANK\part-074048_930737-032115.parquet,35837,downloaded,35837,
2026-07-17,NSE,KOTAKBANK,raw_l2/trade_date=2026-07-17/exchange=NSE/symbol=KOTAKBANK/part-074103_008106-032147.parquet,real_data_sample\l2_unseen_validation\trade_date=2026-07-17\exchange=NSE\symbol=KOTAKBANK\part-074103_008106-032147.parquet,35666,downloaded,35666,
2026-07-17,NSE,KOTAKBANK,raw_l2/trade_date=2026-07-17/exchange=NSE/symbol=KOTAKBANK/part-074159_390997-032275.parquet,real_data_sample\l2_unseen_validation\trade_date=2026-07-17\exchange=NSE\symbol=KOTAKBANK\part-074159_390997-032275.parquet,34625,downloaded,34625,
2026-07-17,NSE,KOTAKBANK,raw_l2/trade_date=2026-07-17/exchange=NSE/symbol=KOTAKBANK/part-074448_395866-032659.parquet,real_data_sample\l2_unseen_validation\trade_date=2026-07-17\exchange=NSE\symbol=KOTAKBANK\part-074448_395866-032659.parquet,34896,downloaded,34896,
2026-07-17,NSE,KOTAKBANK,raw_l2/trade_date=2026-07-17/exchange=NSE/symbol=KOTAKBANK/part-074227_324012-032339.parquet,real_data_sample\l2_unseen_validation\trade_date=2026-07-17\exchange=NSE\symbol=KOTAKBANK\part-074227_324012-032339.parquet,34983,downloaded,34983,
2026-07-17,NSE,KOTAKBANK,raw_l2/trade_date=2026-07-17/exchange=NSE/symbol=KOTAKBANK/part-074145_378440-032243.parquet,real_data_sample\l2_unseen_validation\trade_date=2026-07-17\exchange=NSE\symbol=KOTAKBANK\part-074145_378440-032243.parquet,34934,downloaded,34934,
2026-07-17,NSE,KOTAKBANK,raw_l2/trade_date=2026-07-17/exchange=NSE/symbol=KOTAKBANK/part-074351_929538-032531.parquet,real_data_sample\l2_unseen_validation\trade_date=2026-07-17\exchange=NSE\symbol=KOTAKBANK\part-074351_929538-032531.parquet,34736,downloaded,34736,
2026-07-17,NSE,KOTAKBANK,raw_l2/trade_date=2026-07-17/exchange=NSE/symbol=KOTAKBANK/part-074131_188933-032211.parquet,real_data_sample\l2_unseen_validation\trade_date=2026-07-17\exchange=NSE\symbol=KOTAKBANK\part-074131_188933-032211.parquet,34930,downloaded,34930,
2026-07-17,NSE,KOTAKBANK,raw_l2/trade_date=2026-07-17/exchange=NSE/symbol=KOTAKBANK/part-074117_138423-032179.parquet,real_data_sample\l2_unseen_validation\trade_date=2026-07-17\exchange=NSE\symbol=KOTAKBANK\part-074117_138423-032179.parquet,35274,downloaded,35274,
2026-07-17,NSE,KOTAKBANK,raw_l2/trade_date=2026-07-17/exchange=NSE/symbol=KOTAKBANK/part-074337_500488-032499.parquet,real_data_sample\l2_unseen_validation\trade_date=2026-07-17\exchange=NSE\symbol=KOTAKBANK\part-074337_500488-032499.parquet,34742,downloaded,34742,
2026-07-17,NSE,KOTAKBANK,raw_l2/trade_date=2026-07-17/exchange=NSE/symbol=KOTAKBANK/part-074255_407679-032403.parquet,real_data_sample\l2_unseen_validation\trade_date=2026-07-17\exchange=NSE\symbol=KOTAKBANK\part-074255_407679-032403.parquet,34992,downloaded,34992,
2026-07-17,NSE,KOTAKBANK,raw_l2/trade_date=2026-07-17/exchange=NSE/symbol=KOTAKBANK/part-074420_421923-032595.parquet,real_data_sample\l2_unseen_validation\trade_date=2026-07-17\exchange=NSE\symbol=KOTAKBANK\part-074420_421923-032595.parquet,34990,downloaded,34990,
2026-07-17,NSE,KOTAKBANK,raw_l2/trade_date=2026-07-17/exchange=NSE/symbol=KOTAKBANK/part-073731_164600-031667.parquet,real_data_sample\l2_unseen_validation\trade_date=2026-07-17\exchange=NSE\symbol=KOTAKBANK\part-073731_164600-031667.parquet,34959,downloaded,34959,
2026-07-17,NSE,KOTAKBANK,raw_l2/trade_date=2026-07-17/exchange=NSE/symbol=KOTAKBANK/part-074241_352599-032371.parquet,real_data_sample\l2_unseen_validation\trade_date=2026-07-17\exchange=NSE\symbol=KOTAKBANK\part-074241_352599-032371.parquet,34894,downloaded,34894,
2026-07-17,NSE,KOTAKBANK,raw_l2/trade_date=2026-07-17/exchange=NSE/symbol=KOTAKBANK/part-074323_379795-032467.parquet,real_data_sample\l2_unseen_validation\trade_date=2026-07-17\exchange=NSE\symbol=KOTAKBANK\part-074323_379795-032467.parquet,34724,downloaded,34724,
2026-07-17,NSE,KOTAKBANK,raw_l2/trade_date=2026-07-17/exchange=NSE/symbol=KOTAKBANK/part-074406_422528-032563.parquet,real_data_sample\l2_unseen_validation\trade_date=2026-07-17\exchange=NSE\symbol=KOTAKBANK\part-074406_422528-032563.parquet,34882,downloaded,34882,
2026-07-17,NSE,KOTAKBANK,raw_l2/trade_date=2026-07-17/exchange=NSE/symbol=KOTAKBANK/part-074309_356721-032435.parquet,real_data_sample\l2_unseen_validation\trade_date=2026-07-17\exchange=NSE\symbol=KOTAKBANK\part-074309_356721-032435.parquet,34784,downloaded,34784,
2026-07-17,NSE,KOTAKBANK,raw_l2/trade_date=2026-07-17/exchange=NSE/symbol=KOTAKBANK/part-074502_509644-032691.parquet,real_data_sample\l2_unseen_validation\trade_date=2026-07-17\exchange=NSE\symbol=KOTAKBANK\part-074502_509644-032691.parquet,34889,downloaded,34889,
2026-07-17,NSE,KOTAKBANK,raw_l2/trade_date=2026-07-17/exchange=NSE/symbol=KOTAKBANK/part-074544_913846-032787.parquet,real_data_sample\l2_unseen_validation\trade_date=2026-07-17\exchange=NSE\symbol=KOTAKBANK\part-074544_913846-032787.parquet,34687,downloaded,34687,
2026-07-17,NSE,KOTAKBANK,raw_l2/trade_date=2026-07-17/exchange=NSE/symbol=KOTAKBANK/part-074516_753088-032723.parquet,real_data_sample\l2_unseen_validation\trade_date=2026-07-17\exchange=NSE\symbol=KOTAKBANK\part-074516_753088-032723.parquet,34693,downloaded,34693,
2026-07-17,NSE,KOTAKBANK,raw_l2/trade_date=2026-07-17/exchange=NSE/symbol=KOTAKBANK/part-074530_928930-032755.parquet,real_data_sample\l2_unseen_validation\trade_date=2026-07-17\exchange=NSE\symbol=KOTAKBANK\part-074530_928930-032755.parquet,34607,downloaded,34607,
2026-07-17,NSE,KOTAKBANK,raw_l2/trade_date=2026-07-17/exchange=NSE/symbol=KOTAKBANK/part-074724_598281-033011.parquet,real_data_sample\l2_unseen_validation\trade_date=2026-07-17\exchange=NSE\symbol=KOTAKBANK\part-074724_598281-033011.parquet,34684,downloaded,34684,
2026-07-17,NSE,KOTAKBANK,raw_l2/trade_date=2026-07-17/exchange=NSE/symbol=KOTAKBANK/part-074738_611903-033043.parquet,real_data_sample\l2_unseen_validation\trade_date=2026-07-17\exchange=NSE\symbol=KOTAKBANK\part-074738_611903-033043.parquet,34873,downloaded,34873,
2026-07-17,NSE,KOTAKBANK,raw_l2/trade_date=2026-07-17/exchange=NSE/symbol=KOTAKBANK/part-074710_265711-032979.parquet,real_data_sample\l2_unseen_validation\trade_date=2026-07-17\exchange=NSE\symbol=KOTAKBANK\part-074710_265711-032979.parquet,34840,downloaded,34840,
2026-07-17,NSE,KOTAKBANK,raw_l2/trade_date=2026-07-17/exchange=NSE/symbol=KOTAKBANK/part-074559_092699-032819.parquet,real_data_sample\l2_unseen_validation\trade_date=2026-07-17\exchange=NSE\symbol=KOTAKBANK\part-074559_092699-032819.parquet,34693,downloaded,34693,
2026-07-17,NSE,KOTAKBANK,raw_l2/trade_date=2026-07-17/exchange=NSE/symbol=KOTAKBANK/part-074642_129266-032915.parquet,real_data_sample\l2_unseen_validation\trade_date=2026-07-17\exchange=NSE\symbol=KOTAKBANK\part-074642_129266-032915.parquet,34920,downloaded,34920,
2026-07-17,NSE,KOTAKBANK,raw_l2/trade_date=2026-07-17/exchange=NSE/symbol=KOTAKBANK/part-074656_253680-032947.parquet,real_data_sample\l2_unseen_validation\trade_date=2026-07-17\exchange=NSE\symbol=KOTAKBANK\part-074656_253680-032947.parquet,34671,downloaded,34671,
2026-07-17,NSE,KOTAKBANK,raw_l2/trade_date=2026-07-17/exchange=NSE/symbol=KOTAKBANK/part-074627_726415-032883.parquet,real_data_sample\l2_unseen_validation\trade_date=2026-07-17\exchange=NSE\symbol=KOTAKBANK\part-074627_726415-032883.parquet,34956,downloaded,34956,
2026-07-17,NSE,KOTAKBANK,raw_l2/trade_date=2026-07-17/exchange=NSE/symbol=KOTAKBANK/part-074613_576498-032851.parquet,real_data_sample\l2_unseen_validation\trade_date=2026-07-17\exchange=NSE\symbol=KOTAKBANK\part-074613_576498-032851.parquet,34602,downloaded,34602,
2026-07-17,NSE,KOTAKBANK,raw_l2/trade_date=2026-07-17/exchange=NSE/symbol=KOTAKBANK/part-074752_675261-033075.parquet,real_data_sample\l2_unseen_validation\trade_date=2026-07-17\exchange=NSE\symbol=KOTAKBANK\part-074752_675261-033075.parquet,34819,downloaded,34819,
2026-07-17,NSE,KOTAKBANK,raw_l2/trade_date=2026-07-17/exchange=NSE/symbol=KOTAKBANK/part-074820_671242-033139.parquet,real_data_sample\l2_unseen_validation\trade_date=2026-07-17\exchange=NSE\symbol=KOTAKBANK\part-074820_671242-033139.parquet,34774,downloaded,34774,
2026-07-17,NSE,KOTAKBANK,raw_l2/trade_date=2026-07-17/exchange=NSE/symbol=KOTAKBANK/part-074806_678680-033107.parquet,real_data_sample\l2_unseen_validation\trade_date=2026-07-17\exchange=NSE\symbol=KOTAKBANK\part-074806_678680-033107.parquet,35104,downloaded,35104,
2026-07-17,NSE,KOTAKBANK,raw_l2/trade_date=2026-07-17/exchange=NSE/symbol=KOTAKBANK/part-074848_993365-033203.parquet,real_data_sample\l2_unseen_validation\trade_date=2026-07-17\exchange=NSE\symbol=KOTAKBANK\part-074848_993365-033203.parquet,34825,downloaded,34825,
2026-07-17,NSE,KOTAKBANK,raw_l2/trade_date=2026-07-17/exchange=NSE/symbol=KOTAKBANK/part-074917_418375-033267.parquet,real_data_sample\l2_unseen_validation\trade_date=2026-07-17\exchange=NSE\symbol=KOTAKBANK\part-074917_418375-033267.parquet,34881,downloaded,34881,
2026-07-17,NSE,KOTAKBANK,raw_l2/trade_date=2026-07-17/exchange=NSE/symbol=KOTAKBANK/part-074931_359715-033299.parquet,real_data_sample\l2_unseen_validation\trade_date=2026-07-17\exchange=NSE\symbol=KOTAKBANK\part-074931_359715-033299.parquet,34734,downloaded,34734,
2026-07-17,NSE,KOTAKBANK,raw_l2/trade_date=2026-07-17/exchange=NSE/symbol=KOTAKBANK/part-074903_200377-033235.parquet,real_data_sample\l2_unseen_validation\trade_date=2026-07-17\exchange=NSE\symbol=KOTAKBANK\part-074903_200377-033235.parquet,34828,downloaded,34828,
2026-07-17,NSE,KOTAKBANK,raw_l2/trade_date=2026-07-17/exchange=NSE/symbol=KOTAKBANK/part-074834_833032-033171.parquet,real_data_sample\l2_unseen_validation\trade_date=2026-07-17\exchange=NSE\symbol=KOTAKBANK\part-074834_833032-033171.parquet,34629,downloaded,34629,
2026-07-17,NSE,KOTAKBANK,raw_l2/trade_date=2026-07-17/exchange=NSE/symbol=KOTAKBANK/part-075124_680608-033555.parquet,real_data_sample\l2_unseen_validation\trade_date=2026-07-17\exchange=NSE\symbol=KOTAKBANK\part-075124_680608-033555.parquet,34818,downloaded,34818,
2026-07-17,NSE,KOTAKBANK,raw_l2/trade_date=2026-07-17/exchange=NSE/symbol=KOTAKBANK/part-074959_356739-033363.parquet,real_data_sample\l2_unseen_validation\trade_date=2026-07-17\exchange=NSE\symbol=KOTAKBANK\part-074959_356739-033363.parquet,34814,downloaded,34814,
2026-07-17,NSE,KOTAKBANK,raw_l2/trade_date=2026-07-17/exchange=NSE/symbol=KOTAKBANK/part-075235_833961-033715.parquet,real_data_sample\l2_unseen_validation\trade_date=2026-07-17\exchange=NSE\symbol=KOTAKBANK\part-075235_833961-033715.parquet,35132,downloaded,35132,
2026-07-17,NSE,KOTAKBANK,raw_l2/trade_date=2026-07-17/exchange=NSE/symbol=KOTAKBANK/part-075138_806814-033587.parquet,real_data_sample\l2_unseen_validation\trade_date=2026-07-17\exchange=NSE\symbol=KOTAKBANK\part-075138_806814-033587.parquet,34722,downloaded,34722,
2026-07-17,NSE,KOTAKBANK,raw_l2/trade_date=2026-07-17/exchange=NSE/symbol=KOTAKBANK/part-075042_624695-033459.parquet,real_data_sample\l2_unseen_validation\trade_date=2026-07-17\exchange=NSE\symbol=KOTAKBANK\part-075042_624695-033459.parquet,35098,downloaded,35098,
2026-07-17,NSE,KOTAKBANK,raw_l2/trade_date=2026-07-17/exchange=NSE/symbol=KOTAKBANK/part-075013_441491-033395.parquet,real_data_sample\l2_unseen_validation\trade_date=2026-07-17\exchange=NSE\symbol=KOTAKBANK\part-075013_441491-033395.parquet,34850,downloaded,34850,
2026-07-17,NSE,KOTAKBANK,raw_l2/trade_date=2026-07-17/exchange=NSE/symbol=KOTAKBANK/part-075110_565881-033523.parquet,real_data_sample\l2_unseen_validation\trade_date=2026-07-17\exchange=NSE\symbol=KOTAKBANK\part-075110_565881-033523.parquet,34990,downloaded,34990,
2026-07-17,NSE,KOTAKBANK,raw_l2/trade_date=2026-07-17/exchange=NSE/symbol=KOTAKBANK/part-075056_685014-033491.parquet,real_data_sample\l2_unseen_validation\trade_date=2026-07-17\exchange=NSE\symbol=KOTAKBANK\part-075056_685014-033491.parquet,35020,downloaded,35020,
2026-07-17,NSE,KOTAKBANK,raw_l2/trade_date=2026-07-17/exchange=NSE/symbol=KOTAKBANK/part-075028_176020-033427.parquet,real_data_sample\l2_unseen_validation\trade_date=2026-07-17\exchange=NSE\symbol=KOTAKBANK\part-075028_176020-033427.parquet,34956,downloaded,34956,
2026-07-17,NSE,KOTAKBANK,raw_l2/trade_date=2026-07-17/exchange=NSE/symbol=KOTAKBANK/part-075153_229058-033619.parquet,real_data_sample\l2_unseen_validation\trade_date=2026-07-17\exchange=NSE\symbol=KOTAKBANK\part-075153_229058-033619.parquet,34873,downloaded,34873,
2026-07-17,NSE,KOTAKBANK,raw_l2/trade_date=2026-07-17/exchange=NSE/symbol=KOTAKBANK/part-074945_396543-033331.parquet,real_data_sample\l2_unseen_validation\trade_date=2026-07-17\exchange=NSE\symbol=KOTAKBANK\part-074945_396543-033331.parquet,34931,downloaded,34931,
2026-07-17,NSE,KOTAKBANK,raw_l2/trade_date=2026-07-17/exchange=NSE/symbol=KOTAKBANK/part-075221_657026-033683.parquet,real_data_sample\l2_unseen_validation\trade_date=2026-07-17\exchange=NSE\symbol=KOTAKBANK\part-075221_657026-033683.parquet,34912,downloaded,34912,
2026-07-17,NSE,KOTAKBANK,raw_l2/trade_date=2026-07-17/exchange=NSE/symbol=KOTAKBANK/part-075207_476349-033651.parquet,real_data_sample\l2_unseen_validation\trade_date=2026-07-17\exchange=NSE\symbol=KOTAKBANK\part-075207_476349-033651.parquet,34980,downloaded,34980,
2026-07-17,NSE,KOTAKBANK,raw_l2/trade_date=2026-07-17/exchange=NSE/symbol=KOTAKBANK/part-075250_100548-033747.parquet,real_data_sample\l2_unseen_validation\trade_date=2026-07-17\exchange=NSE\symbol=KOTAKBANK\part-075250_100548-033747.parquet,34951,downloaded,34951,
2026-07-17,NSE,KOTAKBANK,raw_l2/trade_date=2026-07-17/exchange=NSE/symbol=KOTAKBANK/part-075318_694951-033811.parquet,real_data_sample\l2_unseen_validation\trade_date=2026-07-17\exchange=NSE\symbol=KOTAKBANK\part-075318_694951-033811.parquet,35039,downloaded,35039,
2026-07-17,NSE,KOTAKBANK,raw_l2/trade_date=2026-07-17/exchange=NSE/symbol=KOTAKBANK/part-075304_557151-033779.parquet,real_data_sample\l2_unseen_validation\trade_date=2026-07-17\exchange=NSE\symbol=KOTAKBANK\part-075304_557151-033779.parquet,35103,downloaded,35103,
2026-07-17,NSE,KOTAKBANK,raw_l2/trade_date=2026-07-17/exchange=NSE/symbol=KOTAKBANK/part-075332_760614-033843.parquet,real_data_sample\l2_unseen_validation\trade_date=2026-07-17\exchange=NSE\symbol=KOTAKBANK\part-075332_760614-033843.parquet,35896,downloaded,35896,
2026-07-17,NSE,KOTAKBANK,raw_l2/trade_date=2026-07-17/exchange=NSE/symbol=KOTAKBANK/part-075400_796392-033907.parquet,real_data_sample\l2_unseen_validation\trade_date=2026-07-17\exchange=NSE\symbol=KOTAKBANK\part-075400_796392-033907.parquet,36001,downloaded,36001,
2026-07-17,NSE,KOTAKBANK,raw_l2/trade_date=2026-07-17/exchange=NSE/symbol=KOTAKBANK/part-075346_677415-033875.parquet,real_data_sample\l2_unseen_validation\trade_date=2026-07-17\exchange=NSE\symbol=KOTAKBANK\part-075346_677415-033875.parquet,35792,downloaded,35792,
2026-07-17,NSE,KOTAKBANK,raw_l2/trade_date=2026-07-17/exchange=NSE/symbol=KOTAKBANK/part-075428_916411-033971.parquet,real_data_sample\l2_unseen_validation\trade_date=2026-07-17\exchange=NSE\symbol=KOTAKBANK\part-075428_916411-033971.parquet,34846,downloaded,34846,
2026-07-17,NSE,KOTAKBANK,raw_l2/trade_date=2026-07-17/exchange=NSE/symbol=KOTAKBANK/part-075414_998868-033939.parquet,real_data_sample\l2_unseen_validation\trade_date=2026-07-17\exchange=NSE\symbol=KOTAKBANK\part-075414_998868-033939.parquet,35653,downloaded,35653,
2026-07-17,NSE,KOTAKBANK,raw_l2/trade_date=2026-07-17/exchange=NSE/symbol=KOTAKBANK/part-075457_392420-034035.parquet,real_data_sample\l2_unseen_validation\trade_date=2026-07-17\exchange=NSE\symbol=KOTAKBANK\part-075457_392420-034035.parquet,35079,downloaded,35079,
2026-07-17,NSE,KOTAKBANK,raw_l2/trade_date=2026-07-17/exchange=NSE/symbol=KOTAKBANK/part-075443_113039-034003.parquet,real_data_sample\l2_unseen_validation\trade_date=2026-07-17\exchange=NSE\symbol=KOTAKBANK\part-075443_113039-034003.parquet,35086,downloaded,35086,
2026-07-17,NSE,KOTAKBANK,raw_l2/trade_date=2026-07-17/exchange=NSE/symbol=KOTAKBANK/part-075525_508988-034099.parquet,real_data_sample\l2_unseen_validation\trade_date=2026-07-17\exchange=NSE\symbol=KOTAKBANK\part-075525_508988-034099.parquet,36365,downloaded,36365,
2026-07-17,NSE,KOTAKBANK,raw_l2/trade_date=2026-07-17/exchange=NSE/symbol=KOTAKBANK/part-075511_473398-034067.parquet,real_data_sample\l2_unseen_validation\trade_date=2026-07-17\exchange=NSE\symbol=KOTAKBANK\part-075511_473398-034067.parquet,35004,downloaded,35004,
2026-07-17,NSE,KOTAKBANK,raw_l2/trade_date=2026-07-17/exchange=NSE/symbol=KOTAKBANK/part-075553_489395-034163.parquet,real_data_sample\l2_unseen_validation\trade_date=2026-07-17\exchange=NSE\symbol=KOTAKBANK\part-075553_489395-034163.parquet,36029,downloaded,36029,
2026-07-17,NSE,KOTAKBANK,raw_l2/trade_date=2026-07-17/exchange=NSE/symbol=KOTAKBANK/part-075539_426181-034131.parquet,real_data_sample\l2_unseen_validation\trade_date=2026-07-17\exchange=NSE\symbol=KOTAKBANK\part-075539_426181-034131.parquet,35976,downloaded,35976,
2026-07-17,NSE,KOTAKBANK,raw_l2/trade_date=2026-07-17/exchange=NSE/symbol=KOTAKBANK/part-075607_627200-034195.parquet,real_data_sample\l2_unseen_validation\trade_date=2026-07-17\exchange=NSE\symbol=KOTAKBANK\part-075607_627200-034195.parquet,36021,downloaded,36021,
2026-07-17,NSE,KOTAKBANK,raw_l2/trade_date=2026-07-17/exchange=NSE/symbol=KOTAKBANK/part-075621_782834-034227.parquet,real_data_sample\l2_unseen_validation\trade_date=2026-07-17\exchange=NSE\symbol=KOTAKBANK\part-075621_782834-034227.parquet,36253,downloaded,36253,
2026-07-17,NSE,KOTAKBANK,raw_l2/trade_date=2026-07-17/exchange=NSE/symbol=KOTAKBANK/part-075650_294391-034291.parquet,real_data_sample\l2_unseen_validation\trade_date=2026-07-17\exchange=NSE\symbol=KOTAKBANK\part-075650_294391-034291.parquet,35737,downloaded,35737,
2026-07-17,NSE,KOTAKBANK,raw_l2/trade_date=2026-07-17/exchange=NSE/symbol=KOTAKBANK/part-075636_030585-034259.parquet,real_data_sample\l2_unseen_validation\trade_date=2026-07-17\exchange=NSE\symbol=KOTAKBANK\part-075636_030585-034259.parquet,35959,downloaded,35959,
2026-07-17,NSE,KOTAKBANK,raw_l2/trade_date=2026-07-17/exchange=NSE/symbol=KOTAKBANK/part-075704_583078-034323.parquet,real_data_sample\l2_unseen_validation\trade_date=2026-07-17\exchange=NSE\symbol=KOTAKBANK\part-075704_583078-034323.parquet,35797,downloaded,35797,
2026-07-17,NSE,KOTAKBANK,raw_l2/trade_date=2026-07-17/exchange=NSE/symbol=KOTAKBANK/part-075718_804706-034355.parquet,real_data_sample\l2_unseen_validation\trade_date=2026-07-17\exchange=NSE\symbol=KOTAKBANK\part-075718_804706-034355.parquet,35286,downloaded,35286,
2026-07-17,NSE,KOTAKBANK,raw_l2/trade_date=2026-07-17/exchange=NSE/symbol=KOTAKBANK/part-075747_538702-034419.parquet,real_data_sample\l2_unseen_validation\trade_date=2026-07-17\exchange=NSE\symbol=KOTAKBANK\part-075747_538702-034419.parquet,35007,downloaded,35007,
2026-07-17,NSE,KOTAKBANK,raw_l2/trade_date=2026-07-17/exchange=NSE/symbol=KOTAKBANK/part-080026_320524-034771.parquet,real_data_sample\l2_unseen_validation\trade_date=2026-07-17\exchange=NSE\symbol=KOTAKBANK\part-080026_320524-034771.parquet,34600,downloaded,34600,
2026-07-17,NSE,KOTAKBANK,raw_l2/trade_date=2026-07-17/exchange=NSE/symbol=KOTAKBANK/part-075859_305265-034579.parquet,real_data_sample\l2_unseen_validation\trade_date=2026-07-17\exchange=NSE\symbol=KOTAKBANK\part-075859_305265-034579.parquet,34775,downloaded,34775,
2026-07-17,NSE,KOTAKBANK,raw_l2/trade_date=2026-07-17/exchange=NSE/symbol=KOTAKBANK/part-080055_048290-034835.parquet,real_data_sample\l2_unseen_validation\trade_date=2026-07-17\exchange=NSE\symbol=KOTAKBANK\part-080055_048290-034835.parquet,34951,downloaded,34951,
2026-07-17,NSE,KOTAKBANK,raw_l2/trade_date=2026-07-17/exchange=NSE/symbol=KOTAKBANK/part-075816_546692-034483.parquet,real_data_sample\l2_unseen_validation\trade_date=2026-07-17\exchange=NSE\symbol=KOTAKBANK\part-075816_546692-034483.parquet,34741,downloaded,34741,
2026-07-17,NSE,KOTAKBANK,raw_l2/trade_date=2026-07-17/exchange=NSE/symbol=KOTAKBANK/part-075733_194947-034387.parquet,real_data_sample\l2_unseen_validation\trade_date=2026-07-17\exchange=NSE\symbol=KOTAKBANK\part-075733_194947-034387.parquet,34693,downloaded,34693,
2026-07-17,NSE,KOTAKBANK,raw_l2/trade_date=2026-07-17/exchange=NSE/symbol=KOTAKBANK/part-075801_846398-034451.parquet,real_data_sample\l2_unseen_validation\trade_date=2026-07-17\exchange=NSE\symbol=KOTAKBANK\part-075801_846398-034451.parquet,34765,downloaded,34765,
2026-07-17,NSE,KOTAKBANK,raw_l2/trade_date=2026-07-17/exchange=NSE/symbol=KOTAKBANK/part-075830_778434-034515.parquet,real_data_sample\l2_unseen_validation\trade_date=2026-07-17\exchange=NSE\symbol=KOTAKBANK\part-075830_778434-034515.parquet,34883,downloaded,34883,
2026-07-17,NSE,KOTAKBANK,raw_l2/trade_date=2026-07-17/exchange=NSE/symbol=KOTAKBANK/part-080040_522720-034803.parquet,real_data_sample\l2_unseen_validation\trade_date=2026-07-17\exchange=NSE\symbol=KOTAKBANK\part-080040_522720-034803.parquet,34908,downloaded,34908,
2026-07-17,NSE,KOTAKBANK,raw_l2/trade_date=2026-07-17/exchange=NSE/symbol=KOTAKBANK/part-080109_345589-034867.parquet,real_data_sample\l2_unseen_validation\trade_date=2026-07-17\exchange=NSE\symbol=KOTAKBANK\part-080109_345589-034867.parquet,34783,downloaded,34783,
2026-07-17,NSE,KOTAKBANK,raw_l2/trade_date=2026-07-17/exchange=NSE/symbol=KOTAKBANK/part-075845_076809-034547.parquet,real_data_sample\l2_unseen_validation\trade_date=2026-07-17\exchange=NSE\symbol=KOTAKBANK\part-075845_076809-034547.parquet,34601,downloaded,34601,
2026-07-17,NSE,KOTAKBANK,raw_l2/trade_date=2026-07-17/exchange=NSE/symbol=KOTAKBANK/part-080011_693659-034739.parquet,real_data_sample\l2_unseen_validation\trade_date=2026-07-17\exchange=NSE\symbol=KOTAKBANK\part-080011_693659-034739.parquet,34611,downloaded,34611,
2026-07-17,NSE,KOTAKBANK,raw_l2/trade_date=2026-07-17/exchange=NSE/symbol=KOTAKBANK/part-075942_145122-034675.parquet,real_data_sample\l2_unseen_validation\trade_date=2026-07-17\exchange=NSE\symbol=KOTAKBANK\part-075942_145122-034675.parquet,34667,downloaded,34667,
2026-07-17,NSE,KOTAKBANK,raw_l2/trade_date=2026-07-17/exchange=NSE/symbol=KOTAKBANK/part-075913_604047-034611.parquet,real_data_sample\l2_unseen_validation\trade_date=2026-07-17\exchange=NSE\symbol=KOTAKBANK\part-075913_604047-034611.parquet,34832,downloaded,34832,
2026-07-17,NSE,KOTAKBANK,raw_l2/trade_date=2026-07-17/exchange=NSE/symbol=KOTAKBANK/part-075956_726423-034707.parquet,real_data_sample\l2_unseen_validation\trade_date=2026-07-17\exchange=NSE\symbol=KOTAKBANK\part-075956_726423-034707.parquet,34728,downloaded,34728,
2026-07-17,NSE,KOTAKBANK,raw_l2/trade_date=2026-07-17/exchange=NSE/symbol=KOTAKBANK/part-075927_883097-034643.parquet,real_data_sample\l2_unseen_validation\trade_date=2026-07-17\exchange=NSE\symbol=KOTAKBANK\part-075927_883097-034643.parquet,34834,downloaded,34834,
2026-07-17,NSE,KOTAKBANK,raw_l2/trade_date=2026-07-17/exchange=NSE/symbol=KOTAKBANK/part-080123_491354-034899.parquet,real_data_sample\l2_unseen_validation\trade_date=2026-07-17\exchange=NSE\symbol=KOTAKBANK\part-080123_491354-034899.parquet,34789,downloaded,34789,
2026-07-17,NSE,KOTAKBANK,raw_l2/trade_date=2026-07-17/exchange=NSE/symbol=KOTAKBANK/part-080152_269189-034963.parquet,real_data_sample\l2_unseen_validation\trade_date=2026-07-17\exchange=NSE\symbol=KOTAKBANK\part-080152_269189-034963.parquet,34895,downloaded,34895,
2026-07-17,NSE,KOTAKBANK,raw_l2/trade_date=2026-07-17/exchange=NSE/symbol=KOTAKBANK/part-080137_838597-034931.parquet,real_data_sample\l2_unseen_validation\trade_date=2026-07-17\exchange=NSE\symbol=KOTAKBANK\part-080137_838597-034931.parquet,35007,downloaded,35007,
2026-07-17,NSE,KOTAKBANK,raw_l2/trade_date=2026-07-17/exchange=NSE/symbol=KOTAKBANK/part-080206_636372-034995.parquet,real_data_sample\l2_unseen_validation\trade_date=2026-07-17\exchange=NSE\symbol=KOTAKBANK\part-080206_636372-034995.parquet,34949,downloaded,34949,
2026-07-17,NSE,KOTAKBANK,raw_l2/trade_date=2026-07-17/exchange=NSE/symbol=KOTAKBANK/part-080332_983978-035187.parquet,real_data_sample\l2_unseen_validation\trade_date=2026-07-17\exchange=NSE\symbol=KOTAKBANK\part-080332_983978-035187.parquet,34836,downloaded,34836,
2026-07-17,NSE,KOTAKBANK,raw_l2/trade_date=2026-07-17/exchange=NSE/symbol=KOTAKBANK/part-080416_723650-035283.parquet,real_data_sample\l2_unseen_validation\trade_date=2026-07-17\exchange=NSE\symbol=KOTAKBANK\part-080416_723650-035283.parquet,34938,downloaded,34938,
2026-07-17,NSE,KOTAKBANK,raw_l2/trade_date=2026-07-17/exchange=NSE/symbol=KOTAKBANK/part-080448_340261-035347.parquet,real_data_sample\l2_unseen_validation\trade_date=2026-07-17\exchange=NSE\symbol=KOTAKBANK\part-080448_340261-035347.parquet,34955,downloaded,34955,
2026-07-17,NSE,KOTAKBANK,raw_l2/trade_date=2026-07-17/exchange=NSE/symbol=KOTAKBANK/part-080433_124144-035315.parquet,real_data_sample\l2_unseen_validation\trade_date=2026-07-17\exchange=NSE\symbol=KOTAKBANK\part-080433_124144-035315.parquet,34980,downloaded,34980,
2026-07-17,NSE,KOTAKBANK,raw_l2/trade_date=2026-07-17/exchange=NSE/symbol=KOTAKBANK/part-080347_613565-035219.parquet,real_data_sample\l2_unseen_validation\trade_date=2026-07-17\exchange=NSE\symbol=KOTAKBANK\part-080347_613565-035219.parquet,34750,downloaded,34750,
2026-07-17,NSE,KOTAKBANK,raw_l2/trade_date=2026-07-17/exchange=NSE/symbol=KOTAKBANK/part-080402_327875-035251.parquet,real_data_sample\l2_unseen_validation\trade_date=2026-07-17\exchange=NSE\symbol=KOTAKBANK\part-080402_327875-035251.parquet,35089,downloaded,35089,
2026-07-17,NSE,KOTAKBANK,raw_l2/trade_date=2026-07-17/exchange=NSE/symbol=KOTAKBANK/part-080502_971063-035379.parquet,real_data_sample\l2_unseen_validation\trade_date=2026-07-17\exchange=NSE\symbol=KOTAKBANK\part-080502_971063-035379.parquet,34848,downloaded,34848,
2026-07-17,NSE,KOTAKBANK,raw_l2/trade_date=2026-07-17/exchange=NSE/symbol=KOTAKBANK/part-080318_652541-035155.parquet,real_data_sample\l2_unseen_validation\trade_date=2026-07-17\exchange=NSE\symbol=KOTAKBANK\part-080318_652541-035155.parquet,35536,downloaded,35536,
2026-07-17,NSE,KOTAKBANK,raw_l2/trade_date=2026-07-17/exchange=NSE/symbol=KOTAKBANK/part-080220_725760-035027.parquet,real_data_sample\l2_unseen_validation\trade_date=2026-07-17\exchange=NSE\symbol=KOTAKBANK\part-080220_725760-035027.parquet,35680,downloaded,35680,
2026-07-17,NSE,KOTAKBANK,raw_l2/trade_date=2026-07-17/exchange=NSE/symbol=KOTAKBANK/part-080250_115336-035091.parquet,real_data_sample\l2_unseen_validation\trade_date=2026-07-17\exchange=NSE\symbol=KOTAKBANK\part-080250_115336-035091.parquet,36134,downloaded,36134,
2026-07-17,NSE,KOTAKBANK,raw_l2/trade_date=2026-07-17/exchange=NSE/symbol=KOTAKBANK/part-080235_310785-035059.parquet,real_data_sample\l2_unseen_validation\trade_date=2026-07-17\exchange=NSE\symbol=KOTAKBANK\part-080235_310785-035059.parquet,35727,downloaded,35727,
2026-07-17,NSE,KOTAKBANK,raw_l2/trade_date=2026-07-17/exchange=NSE/symbol=KOTAKBANK/part-080304_298043-035123.parquet,real_data_sample\l2_unseen_validation\trade_date=2026-07-17\exchange=NSE\symbol=KOTAKBANK\part-080304_298043-035123.parquet,35897,downloaded,35897,
2026-07-17,NSE,KOTAKBANK,raw_l2/trade_date=2026-07-17/exchange=NSE/symbol=KOTAKBANK/part-080727_269297-035699.parquet,real_data_sample\l2_unseen_validation\trade_date=2026-07-17\exchange=NSE\symbol=KOTAKBANK\part-080727_269297-035699.parquet,35634,downloaded,35634,
2026-07-17,NSE,KOTAKBANK,raw_l2/trade_date=2026-07-17/exchange=NSE/symbol=KOTAKBANK/part-080713_101354-035667.parquet,real_data_sample\l2_unseen_validation\trade_date=2026-07-17\exchange=NSE\symbol=KOTAKBANK\part-080713_101354-035667.parquet,35105,downloaded,35105,
2026-07-17,NSE,KOTAKBANK,raw_l2/trade_date=2026-07-17/exchange=NSE/symbol=KOTAKBANK/part-080532_542108-035443.parquet,real_data_sample\l2_unseen_validation\trade_date=2026-07-17\exchange=NSE\symbol=KOTAKBANK\part-080532_542108-035443.parquet,34767,downloaded,34767,
2026-07-17,NSE,KOTAKBANK,raw_l2/trade_date=2026-07-17/exchange=NSE/symbol=KOTAKBANK/part-080629_534094-035571.parquet,real_data_sample\l2_unseen_validation\trade_date=2026-07-17\exchange=NSE\symbol=KOTAKBANK\part-080629_534094-035571.parquet,35017,downloaded,35017,
2026-07-17,NSE,KOTAKBANK,raw_l2/trade_date=2026-07-17/exchange=NSE/symbol=KOTAKBANK/part-080517_416456-035411.parquet,real_data_sample\l2_unseen_validation\trade_date=2026-07-17\exchange=NSE\symbol=KOTAKBANK\part-080517_416456-035411.parquet,34756,downloaded,34756,
2026-07-17,NSE,KOTAKBANK,raw_l2/trade_date=2026-07-17/exchange=NSE/symbol=KOTAKBANK/part-080600_802234-035507.parquet,real_data_sample\l2_unseen_validation\trade_date=2026-07-17\exchange=NSE\symbol=KOTAKBANK\part-080600_802234-035507.parquet,34839,downloaded,34839,
2026-07-17,NSE,KOTAKBANK,raw_l2/trade_date=2026-07-17/exchange=NSE/symbol=KOTAKBANK/part-080811_333840-035795.parquet,real_data_sample\l2_unseen_validation\trade_date=2026-07-17\exchange=NSE\symbol=KOTAKBANK\part-080811_333840-035795.parquet,35765,downloaded,35765,
2026-07-17,NSE,KOTAKBANK,raw_l2/trade_date=2026-07-17/exchange=NSE/symbol=KOTAKBANK/part-080615_101025-035539.parquet,real_data_sample\l2_unseen_validation\trade_date=2026-07-17\exchange=NSE\symbol=KOTAKBANK\part-080615_101025-035539.parquet,34796,downloaded,34796,
2026-07-17,NSE,KOTAKBANK,raw_l2/trade_date=2026-07-17/exchange=NSE/symbol=KOTAKBANK/part-080658_362530-035635.parquet,real_data_sample\l2_unseen_validation\trade_date=2026-07-17\exchange=NSE\symbol=KOTAKBANK\part-080658_362530-035635.parquet,34736,downloaded,34736,
2026-07-17,NSE,KOTAKBANK,raw_l2/trade_date=2026-07-17/exchange=NSE/symbol=KOTAKBANK/part-080546_697095-035475.parquet,real_data_sample\l2_unseen_validation\trade_date=2026-07-17\exchange=NSE\symbol=KOTAKBANK\part-080546_697095-035475.parquet,34795,downloaded,34795,
2026-07-17,NSE,KOTAKBANK,raw_l2/trade_date=2026-07-17/exchange=NSE/symbol=KOTAKBANK/part-080643_936899-035603.parquet,real_data_sample\l2_unseen_validation\trade_date=2026-07-17\exchange=NSE\symbol=KOTAKBANK\part-080643_936899-035603.parquet,34755,downloaded,34755,
2026-07-17,NSE,KOTAKBANK,raw_l2/trade_date=2026-07-17/exchange=NSE/symbol=KOTAKBANK/part-080855_034742-035891.parquet,real_data_sample\l2_unseen_validation\trade_date=2026-07-17\exchange=NSE\symbol=KOTAKBANK\part-080855_034742-035891.parquet,34989,downloaded,34989,
2026-07-17,NSE,KOTAKBANK,raw_l2/trade_date=2026-07-17/exchange=NSE/symbol=KOTAKBANK/part-080741_789002-035731.parquet,real_data_sample\l2_unseen_validation\trade_date=2026-07-17\exchange=NSE\symbol=KOTAKBANK\part-080741_789002-035731.parquet,35576,downloaded,35576,
2026-07-17,NSE,KOTAKBANK,raw_l2/trade_date=2026-07-17/exchange=NSE/symbol=KOTAKBANK/part-080909_498878-035923.parquet,real_data_sample\l2_unseen_validation\trade_date=2026-07-17\exchange=NSE\symbol=KOTAKBANK\part-080909_498878-035923.parquet,34668,downloaded,34668,
2026-07-17,NSE,KOTAKBANK,raw_l2/trade_date=2026-07-17/exchange=NSE/symbol=KOTAKBANK/part-080756_605177-035763.parquet,real_data_sample\l2_unseen_validation\trade_date=2026-07-17\exchange=NSE\symbol=KOTAKBANK\part-080756_605177-035763.parquet,35874,downloaded,35874,
2026-07-17,NSE,KOTAKBANK,raw_l2/trade_date=2026-07-17/exchange=NSE/symbol=KOTAKBANK/part-080825_626082-035827.parquet,real_data_sample\l2_unseen_validation\trade_date=2026-07-17\exchange=NSE\symbol=KOTAKBANK\part-080825_626082-035827.parquet,34938,downloaded,34938,
2026-07-17,NSE,KOTAKBANK,raw_l2/trade_date=2026-07-17/exchange=NSE/symbol=KOTAKBANK/part-080924_545589-035955.parquet,real_data_sample\l2_unseen_validation\trade_date=2026-07-17\exchange=NSE\symbol=KOTAKBANK\part-080924_545589-035955.parquet,34808,downloaded,34808,
2026-07-17,NSE,KOTAKBANK,raw_l2/trade_date=2026-07-17/exchange=NSE/symbol=KOTAKBANK/part-080840_411510-035859.parquet,real_data_sample\l2_unseen_validation\trade_date=2026-07-17\exchange=NSE\symbol=KOTAKBANK\part-080840_411510-035859.parquet,34706,downloaded,34706,
2026-07-17,NSE,KOTAKBANK,raw_l2/trade_date=2026-07-17/exchange=NSE/symbol=KOTAKBANK/part-080953_944991-036019.parquet,real_data_sample\l2_unseen_validation\trade_date=2026-07-17\exchange=NSE\symbol=KOTAKBANK\part-080953_944991-036019.parquet,35049,downloaded,35049,
2026-07-17,NSE,KOTAKBANK,raw_l2/trade_date=2026-07-17/exchange=NSE/symbol=KOTAKBANK/part-080939_220271-035987.parquet,real_data_sample\l2_unseen_validation\trade_date=2026-07-17\exchange=NSE\symbol=KOTAKBANK\part-080939_220271-035987.parquet,35130,downloaded,35130,
2026-07-17,NSE,KOTAKBANK,raw_l2/trade_date=2026-07-17/exchange=NSE/symbol=KOTAKBANK/part-081106_767704-036179.parquet,real_data_sample\l2_unseen_validation\trade_date=2026-07-17\exchange=NSE\symbol=KOTAKBANK\part-081106_767704-036179.parquet,36184,downloaded,36184,
2026-07-17,NSE,KOTAKBANK,raw_l2/trade_date=2026-07-17/exchange=NSE/symbol=KOTAKBANK/part-081038_484805-036115.parquet,real_data_sample\l2_unseen_validation\trade_date=2026-07-17\exchange=NSE\symbol=KOTAKBANK\part-081038_484805-036115.parquet,35896,downloaded,35896,
2026-07-17,NSE,KOTAKBANK,raw_l2/trade_date=2026-07-17/exchange=NSE/symbol=KOTAKBANK/part-081008_694881-036051.parquet,real_data_sample\l2_unseen_validation\trade_date=2026-07-17\exchange=NSE\symbol=KOTAKBANK\part-081008_694881-036051.parquet,34952,downloaded,34952,
2026-07-17,NSE,KOTAKBANK,raw_l2/trade_date=2026-07-17/exchange=NSE/symbol=KOTAKBANK/part-081052_677048-036147.parquet,real_data_sample\l2_unseen_validation\trade_date=2026-07-17\exchange=NSE\symbol=KOTAKBANK\part-081052_677048-036147.parquet,36072,downloaded,36072,
2026-07-17,NSE,KOTAKBANK,raw_l2/trade_date=2026-07-17/exchange=NSE/symbol=KOTAKBANK/part-081120_947308-036211.parquet,real_data_sample\l2_unseen_validation\trade_date=2026-07-17\exchange=NSE\symbol=KOTAKBANK\part-081120_947308-036211.parquet,35855,downloaded,35855,
2026-07-17,NSE,KOTAKBANK,raw_l2/trade_date=2026-07-17/exchange=NSE/symbol=KOTAKBANK/part-081149_111195-036275.parquet,real_data_sample\l2_unseen_validation\trade_date=2026-07-17\exchange=NSE\symbol=KOTAKBANK\part-081149_111195-036275.parquet,36167,downloaded,36167,
2026-07-17,NSE,KOTAKBANK,raw_l2/trade_date=2026-07-17/exchange=NSE/symbol=KOTAKBANK/part-081134_896899-036243.parquet,real_data_sample\l2_unseen_validation\trade_date=2026-07-17\exchange=NSE\symbol=KOTAKBANK\part-081134_896899-036243.parquet,36390,downloaded,36390,
2026-07-17,NSE,KOTAKBANK,raw_l2/trade_date=2026-07-17/exchange=NSE/symbol=KOTAKBANK/part-081203_292653-036307.parquet,real_data_sample\l2_unseen_validation\trade_date=2026-07-17\exchange=NSE\symbol=KOTAKBANK\part-081203_292653-036307.parquet,35977,downloaded,35977,
2026-07-17,NSE,KOTAKBANK,raw_l2/trade_date=2026-07-17/exchange=NSE/symbol=KOTAKBANK/part-081217_391857-036339.parquet,real_data_sample\l2_unseen_validation\trade_date=2026-07-17\exchange=NSE\symbol=KOTAKBANK\part-081217_391857-036339.parquet,35547,downloaded,35547,
2026-07-17,NSE,KOTAKBANK,raw_l2/trade_date=2026-07-17/exchange=NSE/symbol=KOTAKBANK/part-081246_054390-036403.parquet,real_data_sample\l2_unseen_validation\trade_date=2026-07-17\exchange=NSE\symbol=KOTAKBANK\part-081246_054390-036403.parquet,35820,downloaded,35820,
2026-07-17,NSE,KOTAKBANK,raw_l2/trade_date=2026-07-17/exchange=NSE/symbol=KOTAKBANK/part-081023_837516-036083.parquet,real_data_sample\l2_unseen_validation\trade_date=2026-07-17\exchange=NSE\symbol=KOTAKBANK\part-081023_837516-036083.parquet,35747,downloaded,35747,
2026-07-17,NSE,KOTAKBANK,raw_l2/trade_date=2026-07-17/exchange=NSE/symbol=KOTAKBANK/part-081231_619130-036371.parquet,real_data_sample\l2_unseen_validation\trade_date=2026-07-17\exchange=NSE\symbol=KOTAKBANK\part-081231_619130-036371.parquet,35896,downloaded,35896,
2026-07-17,NSE,KOTAKBANK,raw_l2/trade_date=2026-07-17/exchange=NSE/symbol=KOTAKBANK/part-081300_716799-036435.parquet,real_data_sample\l2_unseen_validation\trade_date=2026-07-17\exchange=NSE\symbol=KOTAKBANK\part-081300_716799-036435.parquet,35974,downloaded,35974,
2026-07-17,NSE,KOTAKBANK,raw_l2/trade_date=2026-07-17/exchange=NSE/symbol=KOTAKBANK/part-081358_034343-036563.parquet,real_data_sample\l2_unseen_validation\trade_date=2026-07-17\exchange=NSE\symbol=KOTAKBANK\part-081358_034343-036563.parquet,36013,downloaded,36013,
2026-07-17,NSE,KOTAKBANK,raw_l2/trade_date=2026-07-17/exchange=NSE/symbol=KOTAKBANK/part-081730_274896-037043.parquet,real_data_sample\l2_unseen_validation\trade_date=2026-07-17\exchange=NSE\symbol=KOTAKBANK\part-081730_274896-037043.parquet,35861,downloaded,35861,
2026-07-17,NSE,KOTAKBANK,raw_l2/trade_date=2026-07-17/exchange=NSE/symbol=KOTAKBANK/part-081647_013129-036947.parquet,real_data_sample\l2_unseen_validation\trade_date=2026-07-17\exchange=NSE\symbol=KOTAKBANK\part-081647_013129-036947.parquet,35740,downloaded,35740,
2026-07-17,NSE,KOTAKBANK,raw_l2/trade_date=2026-07-17/exchange=NSE/symbol=KOTAKBANK/part-081550_897475-036819.parquet,real_data_sample\l2_unseen_validation\trade_date=2026-07-17\exchange=NSE\symbol=KOTAKBANK\part-081550_897475-036819.parquet,34907,downloaded,34907,
2026-07-17,NSE,KOTAKBANK,raw_l2/trade_date=2026-07-17/exchange=NSE/symbol=KOTAKBANK/part-081632_965173-036915.parquet,real_data_sample\l2_unseen_validation\trade_date=2026-07-17\exchange=NSE\symbol=KOTAKBANK\part-081632_965173-036915.parquet,35701,downloaded,35701,
2026-07-17,NSE,KOTAKBANK,raw_l2/trade_date=2026-07-17/exchange=NSE/symbol=KOTAKBANK/part-081842_265445-037203.parquet,real_data_sample\l2_unseen_validation\trade_date=2026-07-17\exchange=NSE\symbol=KOTAKBANK\part-081842_265445-037203.parquet,34970,downloaded,34970,
2026-07-17,NSE,KOTAKBANK,raw_l2/trade_date=2026-07-17/exchange=NSE/symbol=KOTAKBANK/part-082007_241813-037395.parquet,real_data_sample\l2_unseen_validation\trade_date=2026-07-17\exchange=NSE\symbol=KOTAKBANK\part-082007_241813-037395.parquet,34954,downloaded,34954,
2026-07-17,NSE,KOTAKBANK,raw_l2/trade_date=2026-07-17/exchange=NSE/symbol=KOTAKBANK/part-081523_001583-036755.parquet,real_data_sample\l2_unseen_validation\trade_date=2026-07-17\exchange=NSE\symbol=KOTAKBANK\part-081523_001583-036755.parquet,34906,downloaded,34906,
2026-07-17,NSE,KOTAKBANK,raw_l2/trade_date=2026-07-17/exchange=NSE/symbol=KOTAKBANK/part-081938_975682-037331.parquet,real_data_sample\l2_unseen_validation\trade_date=2026-07-17\exchange=NSE\symbol=KOTAKBANK\part-081938_975682-037331.parquet,34977,downloaded,34977,
2026-07-17,NSE,KOTAKBANK,raw_l2/trade_date=2026-07-17/exchange=NSE/symbol=KOTAKBANK/part-081715_533058-037011.parquet,real_data_sample\l2_unseen_validation\trade_date=2026-07-17\exchange=NSE\symbol=KOTAKBANK\part-081715_533058-037011.parquet,36356,downloaded,36356,
2026-07-17,NSE,KOTAKBANK,raw_l2/trade_date=2026-07-17/exchange=NSE/symbol=KOTAKBANK/part-082021_588762-037427.parquet,real_data_sample\l2_unseen_validation\trade_date=2026-07-17\exchange=NSE\symbol=KOTAKBANK\part-082021_588762-037427.parquet,35748,downloaded,35748,
2026-07-17,NSE,KOTAKBANK,raw_l2/trade_date=2026-07-17/exchange=NSE/symbol=KOTAKBANK/part-081856_308320-037235.parquet,real_data_sample\l2_unseen_validation\trade_date=2026-07-17\exchange=NSE\symbol=KOTAKBANK\part-081856_308320-037235.parquet,34947,downloaded,34947,
2026-07-17,NSE,KOTAKBANK,raw_l2/trade_date=2026-07-17/exchange=NSE/symbol=KOTAKBANK/part-081953_244338-037363.parquet,real_data_sample\l2_unseen_validation\trade_date=2026-07-17\exchange=NSE\symbol=KOTAKBANK\part-081953_244338-037363.parquet,34971,downloaded,34971,
2026-07-17,NSE,KOTAKBANK,raw_l2/trade_date=2026-07-17/exchange=NSE/symbol=KOTAKBANK/part-081701_224048-036979.parquet,real_data_sample\l2_unseen_validation\trade_date=2026-07-17\exchange=NSE\symbol=KOTAKBANK\part-081701_224048-036979.parquet,35698,downloaded,35698,
2026-07-17,NSE,KOTAKBANK,raw_l2/trade_date=2026-07-17/exchange=NSE/symbol=KOTAKBANK/part-081910_281158-037267.parquet,real_data_sample\l2_unseen_validation\trade_date=2026-07-17\exchange=NSE\symbol=KOTAKBANK\part-081910_281158-037267.parquet,34870,downloaded,34870,
2026-07-17,NSE,KOTAKBANK,raw_l2/trade_date=2026-07-17/exchange=NSE/symbol=KOTAKBANK/part-081827_511995-037171.parquet,real_data_sample\l2_unseen_validation\trade_date=2026-07-17\exchange=NSE\symbol=KOTAKBANK\part-081827_511995-037171.parquet,34679,downloaded,34679,
2026-07-17,NSE,KOTAKBANK,raw_l2/trade_date=2026-07-17/exchange=NSE/symbol=KOTAKBANK/part-082035_755362-037459.parquet,real_data_sample\l2_unseen_validation\trade_date=2026-07-17\exchange=NSE\symbol=KOTAKBANK\part-082035_755362-037459.parquet,35877,downloaded,35877,
2026-07-17,NSE,KOTAKBANK,raw_l2/trade_date=2026-07-17/exchange=NSE/symbol=KOTAKBANK/part-082105_629530-037523.parquet,real_data_sample\l2_unseen_validation\trade_date=2026-07-17\exchange=NSE\symbol=KOTAKBANK\part-082105_629530-037523.parquet,35977,downloaded,35977,
2026-07-17,NSE,KOTAKBANK,raw_l2/trade_date=2026-07-17/exchange=NSE/symbol=KOTAKBANK/part-082051_371934-037491.parquet,real_data_sample\l2_unseen_validation\trade_date=2026-07-17\exchange=NSE\symbol=KOTAKBANK\part-082051_371934-037491.parquet,36064,downloaded,36064,
2026-07-17,NSE,KOTAKBANK,raw_l2/trade_date=2026-07-17/exchange=NSE/symbol=KOTAKBANK/part-082120_104517-037555.parquet,real_data_sample\l2_unseen_validation\trade_date=2026-07-17\exchange=NSE\symbol=KOTAKBANK\part-082120_104517-037555.parquet,36195,downloaded,36195,
2026-07-17,NSE,KOTAKBANK,raw_l2/trade_date=2026-07-17/exchange=NSE/symbol=KOTAKBANK/part-082134_386323-037587.parquet,real_data_sample\l2_unseen_validation\trade_date=2026-07-17\exchange=NSE\symbol=KOTAKBANK\part-082134_386323-037587.parquet,35916,downloaded,35916,
2026-07-17,NSE,KOTAKBANK,raw_l2/trade_date=2026-07-17/exchange=NSE/symbol=KOTAKBANK/part-082202_812998-037651.parquet,real_data_sample\l2_unseen_validation\trade_date=2026-07-17\exchange=NSE\symbol=KOTAKBANK\part-082202_812998-037651.parquet,35766,downloaded,35766,
2026-07-17,NSE,KOTAKBANK,raw_l2/trade_date=2026-07-17/exchange=NSE/symbol=KOTAKBANK/part-082328_132355-037843.parquet,real_data_sample\l2_unseen_validation\trade_date=2026-07-17\exchange=NSE\symbol=KOTAKBANK\part-082328_132355-037843.parquet,34972,downloaded,34972,
2026-07-17,NSE,KOTAKBANK,raw_l2/trade_date=2026-07-17/exchange=NSE/symbol=KOTAKBANK/part-082410_326219-037939.parquet,real_data_sample\l2_unseen_validation\trade_date=2026-07-17\exchange=NSE\symbol=KOTAKBANK\part-082410_326219-037939.parquet,34992,downloaded,34992,
2026-07-17,NSE,KOTAKBANK,raw_l2/trade_date=2026-07-17/exchange=NSE/symbol=KOTAKBANK/part-082342_139886-037875.parquet,real_data_sample\l2_unseen_validation\trade_date=2026-07-17\exchange=NSE\symbol=KOTAKBANK\part-082342_139886-037875.parquet,34793,downloaded,34793,
2026-07-17,NSE,KOTAKBANK,raw_l2/trade_date=2026-07-17/exchange=NSE/symbol=KOTAKBANK/part-082216_897422-037683.parquet,real_data_sample\l2_unseen_validation\trade_date=2026-07-17\exchange=NSE\symbol=KOTAKBANK\part-082216_897422-037683.parquet,35809,downloaded,35809,
2026-07-17,NSE,KOTAKBANK,raw_l2/trade_date=2026-07-17/exchange=NSE/symbol=KOTAKBANK/part-082438_469806-038003.parquet,real_data_sample\l2_unseen_validation\trade_date=2026-07-17\exchange=NSE\symbol=KOTAKBANK\part-082438_469806-038003.parquet,35785,downloaded,35785,
2026-07-17,NSE,KOTAKBANK,raw_l2/trade_date=2026-07-17/exchange=NSE/symbol=KOTAKBANK/part-082313_881595-037811.parquet,real_data_sample\l2_unseen_validation\trade_date=2026-07-17\exchange=NSE\symbol=KOTAKBANK\part-082313_881595-037811.parquet,35231,downloaded,35231,
2026-07-17,NSE,KOTAKBANK,raw_l2/trade_date=2026-07-17/exchange=NSE/symbol=KOTAKBANK/part-082259_289787-037779.parquet,real_data_sample\l2_unseen_validation\trade_date=2026-07-17\exchange=NSE\symbol=KOTAKBANK\part-082259_289787-037779.parquet,35487,downloaded,35487,
2026-07-17,NSE,KOTAKBANK,raw_l2/trade_date=2026-07-17/exchange=NSE/symbol=KOTAKBANK/part-082245_223045-037747.parquet,real_data_sample\l2_unseen_validation\trade_date=2026-07-17\exchange=NSE\symbol=KOTAKBANK\part-082245_223045-037747.parquet,35659,downloaded,35659,
2026-07-17,NSE,KOTAKBANK,raw_l2/trade_date=2026-07-17/exchange=NSE/symbol=KOTAKBANK/part-082230_967390-037715.parquet,real_data_sample\l2_unseen_validation\trade_date=2026-07-17\exchange=NSE\symbol=KOTAKBANK\part-082230_967390-037715.parquet,35632,downloaded,35632,
2026-07-17,NSE,KOTAKBANK,raw_l2/trade_date=2026-07-17/exchange=NSE/symbol=KOTAKBANK/part-082356_236281-037907.parquet,real_data_sample\l2_unseen_validation\trade_date=2026-07-17\exchange=NSE\symbol=KOTAKBANK\part-082356_236281-037907.parquet,35116,downloaded,35116,
2026-07-17,NSE,KOTAKBANK,raw_l2/trade_date=2026-07-17/exchange=NSE/symbol=KOTAKBANK/part-082148_500689-037619.parquet,real_data_sample\l2_unseen_validation\trade_date=2026-07-17\exchange=NSE\symbol=KOTAKBANK\part-082148_500689-037619.parquet,35964,downloaded,35964,
2026-07-17,NSE,KOTAKBANK,raw_l2/trade_date=2026-07-17/exchange=NSE/symbol=KOTAKBANK/part-082424_579130-037971.parquet,real_data_sample\l2_unseen_validation\trade_date=2026-07-17\exchange=NSE\symbol=KOTAKBANK\part-082424_579130-037971.parquet,35805,downloaded,35805,
2026-07-17,NSE,KOTAKBANK,raw_l2/trade_date=2026-07-17/exchange=NSE/symbol=KOTAKBANK/part-082452_748368-038035.parquet,real_data_sample\l2_unseen_validation\trade_date=2026-07-17\exchange=NSE\symbol=KOTAKBANK\part-082452_748368-038035.parquet,36033,downloaded,36033,
2026-07-17,NSE,KOTAKBANK,raw_l2/trade_date=2026-07-17/exchange=NSE/symbol=KOTAKBANK/part-082506_756146-038067.parquet,real_data_sample\l2_unseen_validation\trade_date=2026-07-17\exchange=NSE\symbol=KOTAKBANK\part-082506_756146-038067.parquet,35731,downloaded,35731,
2026-07-17,NSE,KOTAKBANK,raw_l2/trade_date=2026-07-17/exchange=NSE/symbol=KOTAKBANK/part-082520_901658-038099.parquet,real_data_sample\l2_unseen_validation\trade_date=2026-07-17\exchange=NSE\symbol=KOTAKBANK\part-082520_901658-038099.parquet,35383,downloaded,35383,
2026-07-17,NSE,KOTAKBANK,raw_l2/trade_date=2026-07-17/exchange=NSE/symbol=KOTAKBANK/part-082535_171329-038131.parquet,real_data_sample\l2_unseen_validation\trade_date=2026-07-17\exchange=NSE\symbol=KOTAKBANK\part-082535_171329-038131.parquet,35599,downloaded,35599,
2026-07-17,NSE,KOTAKBANK,raw_l2/trade_date=2026-07-17/exchange=NSE/symbol=KOTAKBANK/part-082841_701365-038547.parquet,real_data_sample\l2_unseen_validation\trade_date=2026-07-17\exchange=NSE\symbol=KOTAKBANK\part-082841_701365-038547.parquet,34785,downloaded,34785,
2026-07-17,NSE,KOTAKBANK,raw_l2/trade_date=2026-07-17/exchange=NSE/symbol=KOTAKBANK/part-082743_813391-038419.parquet,real_data_sample\l2_unseen_validation\trade_date=2026-07-17\exchange=NSE\symbol=KOTAKBANK\part-082743_813391-038419.parquet,34628,downloaded,34628,
2026-07-17,NSE,KOTAKBANK,raw_l2/trade_date=2026-07-17/exchange=NSE/symbol=KOTAKBANK/part-082827_284900-038515.parquet,real_data_sample\l2_unseen_validation\trade_date=2026-07-17\exchange=NSE\symbol=KOTAKBANK\part-082827_284900-038515.parquet,34696,downloaded,34696,
2026-07-17,NSE,KOTAKBANK,raw_l2/trade_date=2026-07-17/exchange=NSE/symbol=KOTAKBANK/part-081618_919925-036883.parquet,real_data_sample\l2_unseen_validation\trade_date=2026-07-17\exchange=NSE\symbol=KOTAKBANK\part-081618_919925-036883.parquet,35414,downloaded,35414,
2026-07-17,NSE,KOTAKBANK,raw_l2/trade_date=2026-07-17/exchange=NSE/symbol=KOTAKBANK/part-082632_864873-038259.parquet,real_data_sample\l2_unseen_validation\trade_date=2026-07-17\exchange=NSE\symbol=KOTAKBANK\part-082632_864873-038259.parquet,34843,downloaded,34843,
2026-07-17,NSE,KOTAKBANK,raw_l2/trade_date=2026-07-17/exchange=NSE/symbol=KOTAKBANK/part-082758_182607-038451.parquet,real_data_sample\l2_unseen_validation\trade_date=2026-07-17\exchange=NSE\symbol=KOTAKBANK\part-082758_182607-038451.parquet,34912,downloaded,34912,
2026-07-17,NSE,KOTAKBANK,raw_l2/trade_date=2026-07-17/exchange=NSE/symbol=KOTAKBANK/part-082604_079297-038195.parquet,real_data_sample\l2_unseen_validation\trade_date=2026-07-17\exchange=NSE\symbol=KOTAKBANK\part-082604_079297-038195.parquet,35888,downloaded,35888,
2026-07-17,NSE,KOTAKBANK,raw_l2/trade_date=2026-07-17/exchange=NSE/symbol=KOTAKBANK/part-082549_681403-038163.parquet,real_data_sample\l2_unseen_validation\trade_date=2026-07-17\exchange=NSE\symbol=KOTAKBANK\part-082549_681403-038163.parquet,35559,downloaded,35559,
2026-07-17,NSE,KOTAKBANK,raw_l2/trade_date=2026-07-17/exchange=NSE/symbol=KOTAKBANK/part-082729_503198-038387.parquet,real_data_sample\l2_unseen_validation\trade_date=2026-07-17\exchange=NSE\symbol=KOTAKBANK\part-082729_503198-038387.parquet,34636,downloaded,34636,
2026-07-17,NSE,KOTAKBANK,raw_l2/trade_date=2026-07-17/exchange=NSE/symbol=KOTAKBANK/part-082812_745117-038483.parquet,real_data_sample\l2_unseen_validation\trade_date=2026-07-17\exchange=NSE\symbol=KOTAKBANK\part-082812_745117-038483.parquet,34651,downloaded,34651,
2026-07-17,NSE,KOTAKBANK,raw_l2/trade_date=2026-07-17/exchange=NSE/symbol=KOTAKBANK/part-082618_328412-038227.parquet,real_data_sample\l2_unseen_validation\trade_date=2026-07-17\exchange=NSE\symbol=KOTAKBANK\part-082618_328412-038227.parquet,35514,downloaded,35514,
2026-07-17,NSE,KOTAKBANK,raw_l2/trade_date=2026-07-17/exchange=NSE/symbol=KOTAKBANK/part-082715_433886-038355.parquet,real_data_sample\l2_unseen_validation\trade_date=2026-07-17\exchange=NSE\symbol=KOTAKBANK\part-082715_433886-038355.parquet,34656,downloaded,34656,
2026-07-17,NSE,KOTAKBANK,raw_l2/trade_date=2026-07-17/exchange=NSE/symbol=KOTAKBANK/part-082646_923757-038291.parquet,real_data_sample\l2_unseen_validation\trade_date=2026-07-17\exchange=NSE\symbol=KOTAKBANK\part-082646_923757-038291.parquet,34777,downloaded,34777,
2026-07-17,NSE,KOTAKBANK,raw_l2/trade_date=2026-07-17/exchange=NSE/symbol=KOTAKBANK/part-082700_999109-038323.parquet,real_data_sample\l2_unseen_validation\trade_date=2026-07-17\exchange=NSE\symbol=KOTAKBANK\part-082700_999109-038323.parquet,34982,downloaded,34982,
2026-07-17,NSE,KOTAKBANK,raw_l2/trade_date=2026-07-17/exchange=NSE/symbol=KOTAKBANK/part-082856_110248-038579.parquet,real_data_sample\l2_unseen_validation\trade_date=2026-07-17\exchange=NSE\symbol=KOTAKBANK\part-082856_110248-038579.parquet,34916,downloaded,34916,
2026-07-17,NSE,KOTAKBANK,raw_l2/trade_date=2026-07-17/exchange=NSE/symbol=KOTAKBANK/part-082910_757299-038611.parquet,real_data_sample\l2_unseen_validation\trade_date=2026-07-17\exchange=NSE\symbol=KOTAKBANK\part-082910_757299-038611.parquet,34791,downloaded,34791,
2026-07-17,NSE,KOTAKBANK,raw_l2/trade_date=2026-07-17/exchange=NSE/symbol=KOTAKBANK/part-082925_272106-038643.parquet,real_data_sample\l2_unseen_validation\trade_date=2026-07-17\exchange=NSE\symbol=KOTAKBANK\part-082925_272106-038643.parquet,34954,downloaded,34954,
2026-07-17,NSE,KOTAKBANK,raw_l2/trade_date=2026-07-17/exchange=NSE/symbol=KOTAKBANK/part-082939_702218-038675.parquet,real_data_sample\l2_unseen_validation\trade_date=2026-07-17\exchange=NSE\symbol=KOTAKBANK\part-082939_702218-038675.parquet,34912,downloaded,34912,
2026-07-17,NSE,KOTAKBANK,raw_l2/trade_date=2026-07-17/exchange=NSE/symbol=KOTAKBANK/part-083008_980522-038739.parquet,real_data_sample\l2_unseen_validation\trade_date=2026-07-17\exchange=NSE\symbol=KOTAKBANK\part-083008_980522-038739.parquet,34793,downloaded,34793,
2026-07-17,NSE,KOTAKBANK,raw_l2/trade_date=2026-07-17/exchange=NSE/symbol=KOTAKBANK/part-082954_241009-038707.parquet,real_data_sample\l2_unseen_validation\trade_date=2026-07-17\exchange=NSE\symbol=KOTAKBANK\part-082954_241009-038707.parquet,34818,downloaded,34818,
2026-07-17,NSE,KOTAKBANK,raw_l2/trade_date=2026-07-17/exchange=NSE/symbol=KOTAKBANK/part-083023_327714-038771.parquet,real_data_sample\l2_unseen_validation\trade_date=2026-07-17\exchange=NSE\symbol=KOTAKBANK\part-083023_327714-038771.parquet,34838,downloaded,34838,
2026-07-17,NSE,KOTAKBANK,raw_l2/trade_date=2026-07-17/exchange=NSE/symbol=KOTAKBANK/part-083052_070017-038835.parquet,real_data_sample\l2_unseen_validation\trade_date=2026-07-17\exchange=NSE\symbol=KOTAKBANK\part-083052_070017-038835.parquet,34941,downloaded,34941,
2026-07-17,NSE,KOTAKBANK,raw_l2/trade_date=2026-07-17/exchange=NSE/symbol=KOTAKBANK/part-083121_455642-038899.parquet,real_data_sample\l2_unseen_validation\trade_date=2026-07-17\exchange=NSE\symbol=KOTAKBANK\part-083121_455642-038899.parquet,34848,downloaded,34848,
2026-07-17,NSE,KOTAKBANK,raw_l2/trade_date=2026-07-17/exchange=NSE/symbol=KOTAKBANK/part-083136_128290-038931.parquet,real_data_sample\l2_unseen_validation\trade_date=2026-07-17\exchange=NSE\symbol=KOTAKBANK\part-083136_128290-038931.parquet,34776,downloaded,34776,
2026-07-17,NSE,KOTAKBANK,raw_l2/trade_date=2026-07-17/exchange=NSE/symbol=KOTAKBANK/part-083037_647904-038803.parquet,real_data_sample\l2_unseen_validation\trade_date=2026-07-17\exchange=NSE\symbol=KOTAKBANK\part-083037_647904-038803.parquet,34847,downloaded,34847,
2026-07-17,NSE,KOTAKBANK,raw_l2/trade_date=2026-07-17/exchange=NSE/symbol=KOTAKBANK/part-083150_578610-038963.parquet,real_data_sample\l2_unseen_validation\trade_date=2026-07-17\exchange=NSE\symbol=KOTAKBANK\part-083150_578610-038963.parquet,34840,downloaded,34840,
2026-07-17,NSE,KOTAKBANK,raw_l2/trade_date=2026-07-17/exchange=NSE/symbol=KOTAKBANK/part-083219_581847-039027.parquet,real_data_sample\l2_unseen_validation\trade_date=2026-07-17\exchange=NSE\symbol=KOTAKBANK\part-083219_581847-039027.parquet,34797,downloaded,34797,
2026-07-17,NSE,KOTAKBANK,raw_l2/trade_date=2026-07-17/exchange=NSE/symbol=KOTAKBANK/part-083318_122190-039155.parquet,real_data_sample\l2_unseen_validation\trade_date=2026-07-17\exchange=NSE\symbol=KOTAKBANK\part-083318_122190-039155.parquet,34778,downloaded,34778,
2026-07-17,NSE,KOTAKBANK,raw_l2/trade_date=2026-07-17/exchange=NSE/symbol=KOTAKBANK/part-083248_878094-039091.parquet,real_data_sample\l2_unseen_validation\trade_date=2026-07-17\exchange=NSE\symbol=KOTAKBANK\part-083248_878094-039091.parquet,34833,downloaded,34833,
2026-07-17,NSE,KOTAKBANK,raw_l2/trade_date=2026-07-17/exchange=NSE/symbol=KOTAKBANK/part-083303_471150-039123.parquet,real_data_sample\l2_unseen_validation\trade_date=2026-07-17\exchange=NSE\symbol=KOTAKBANK\part-083303_471150-039123.parquet,34803,downloaded,34803,
2026-07-17,NSE,KOTAKBANK,raw_l2/trade_date=2026-07-17/exchange=NSE/symbol=KOTAKBANK/part-083332_442817-039187.parquet,real_data_sample\l2_unseen_validation\trade_date=2026-07-17\exchange=NSE\symbol=KOTAKBANK\part-083332_442817-039187.parquet,34684,downloaded,34684,
2026-07-17,NSE,KOTAKBANK,raw_l2/trade_date=2026-07-17/exchange=NSE/symbol=KOTAKBANK/part-083234_268657-039059.parquet,real_data_sample\l2_unseen_validation\trade_date=2026-07-17\exchange=NSE\symbol=KOTAKBANK\part-083234_268657-039059.parquet,34622,downloaded,34622,
2026-07-17,NSE,KOTAKBANK,raw_l2/trade_date=2026-07-17/exchange=NSE/symbol=KOTAKBANK/part-083106_532857-038867.parquet,real_data_sample\l2_unseen_validation\trade_date=2026-07-17\exchange=NSE\symbol=KOTAKBANK\part-083106_532857-038867.parquet,34866,downloaded,34866,
2026-07-17,NSE,KOTAKBANK,raw_l2/trade_date=2026-07-17/exchange=NSE/symbol=KOTAKBANK/part-083204_839456-038995.parquet,real_data_sample\l2_unseen_validation\trade_date=2026-07-17\exchange=NSE\symbol=KOTAKBANK\part-083204_839456-038995.parquet,34711,downloaded,34711,
2026-07-17,NSE,KOTAKBANK,raw_l2/trade_date=2026-07-17/exchange=NSE/symbol=KOTAKBANK/part-083346_593660-039219.parquet,real_data_sample\l2_unseen_validation\trade_date=2026-07-17\exchange=NSE\symbol=KOTAKBANK\part-083346_593660-039219.parquet,35037,downloaded,35037,
2026-07-17,NSE,KOTAKBANK,raw_l2/trade_date=2026-07-17/exchange=NSE/symbol=KOTAKBANK/part-083401_160484-039251.parquet,real_data_sample\l2_unseen_validation\trade_date=2026-07-17\exchange=NSE\symbol=KOTAKBANK\part-083401_160484-039251.parquet,34815,downloaded,34815,
2026-07-17,NSE,KOTAKBANK,raw_l2/trade_date=2026-07-17/exchange=NSE/symbol=KOTAKBANK/part-083429_606466-039315.parquet,real_data_sample\l2_unseen_validation\trade_date=2026-07-17\exchange=NSE\symbol=KOTAKBANK\part-083429_606466-039315.parquet,34959,downloaded,34959,
2026-07-17,NSE,KOTAKBANK,raw_l2/trade_date=2026-07-17/exchange=NSE/symbol=KOTAKBANK/part-083512_761509-039411.parquet,real_data_sample\l2_unseen_validation\trade_date=2026-07-17\exchange=NSE\symbol=KOTAKBANK\part-083512_761509-039411.parquet,34834,downloaded,34834,
2026-07-17,NSE,KOTAKBANK,raw_l2/trade_date=2026-07-17/exchange=NSE/symbol=KOTAKBANK/part-083415_410345-039283.parquet,real_data_sample\l2_unseen_validation\trade_date=2026-07-17\exchange=NSE\symbol=KOTAKBANK\part-083415_410345-039283.parquet,34963,downloaded,34963,
2026-07-17,NSE,KOTAKBANK,raw_l2/trade_date=2026-07-17/exchange=NSE/symbol=KOTAKBANK/part-083458_537648-039379.parquet,real_data_sample\l2_unseen_validation\trade_date=2026-07-17\exchange=NSE\symbol=KOTAKBANK\part-083458_537648-039379.parquet,34948,downloaded,34948,
2026-07-17,NSE,KOTAKBANK,raw_l2/trade_date=2026-07-17/exchange=NSE/symbol=KOTAKBANK/part-083444_070269-039347.parquet,real_data_sample\l2_unseen_validation\trade_date=2026-07-17\exchange=NSE\symbol=KOTAKBANK\part-083444_070269-039347.parquet,34947,downloaded,34947,
2026-07-17,NSE,KOTAKBANK,raw_l2/trade_date=2026-07-17/exchange=NSE/symbol=KOTAKBANK/part-083623_787788-039571.parquet,real_data_sample\l2_unseen_validation\trade_date=2026-07-17\exchange=NSE\symbol=KOTAKBANK\part-083623_787788-039571.parquet,34941,downloaded,34941,
2026-07-17,NSE,KOTAKBANK,raw_l2/trade_date=2026-07-17/exchange=NSE/symbol=KOTAKBANK/part-083609_336173-039539.parquet,real_data_sample\l2_unseen_validation\trade_date=2026-07-17\exchange=NSE\symbol=KOTAKBANK\part-083609_336173-039539.parquet,34966,downloaded,34966,
2026-07-17,NSE,KOTAKBANK,raw_l2/trade_date=2026-07-17/exchange=NSE/symbol=KOTAKBANK/part-083555_220669-039507.parquet,real_data_sample\l2_unseen_validation\trade_date=2026-07-17\exchange=NSE\symbol=KOTAKBANK\part-083555_220669-039507.parquet,34821,downloaded,34821,
2026-07-17,NSE,KOTAKBANK,raw_l2/trade_date=2026-07-17/exchange=NSE/symbol=KOTAKBANK/part-083706_445831-039667.parquet,real_data_sample\l2_unseen_validation\trade_date=2026-07-17\exchange=NSE\symbol=KOTAKBANK\part-083706_445831-039667.parquet,34922,downloaded,34922,
2026-07-17,NSE,KOTAKBANK,raw_l2/trade_date=2026-07-17/exchange=NSE/symbol=KOTAKBANK/part-083541_049492-039475.parquet,real_data_sample\l2_unseen_validation\trade_date=2026-07-17\exchange=NSE\symbol=KOTAKBANK\part-083541_049492-039475.parquet,34808,downloaded,34808,
2026-07-17,NSE,KOTAKBANK,raw_l2/trade_date=2026-07-17/exchange=NSE/symbol=KOTAKBANK/part-083638_033106-039603.parquet,real_data_sample\l2_unseen_validation\trade_date=2026-07-17\exchange=NSE\symbol=KOTAKBANK\part-083638_033106-039603.parquet,34811,downloaded,34811,
2026-07-17,NSE,KOTAKBANK,raw_l2/trade_date=2026-07-17/exchange=NSE/symbol=KOTAKBANK/part-083734_777752-039731.parquet,real_data_sample\l2_unseen_validation\trade_date=2026-07-17\exchange=NSE\symbol=KOTAKBANK\part-083734_777752-039731.parquet,34642,downloaded,34642,
2026-07-17,NSE,KOTAKBANK,raw_l2/trade_date=2026-07-17/exchange=NSE/symbol=KOTAKBANK/part-083720_518091-039699.parquet,real_data_sample\l2_unseen_validation\trade_date=2026-07-17\exchange=NSE\symbol=KOTAKBANK\part-083720_518091-039699.parquet,34685,downloaded,34685,
2026-07-17,NSE,KOTAKBANK,raw_l2/trade_date=2026-07-17/exchange=NSE/symbol=KOTAKBANK/part-083652_326479-039635.parquet,real_data_sample\l2_unseen_validation\trade_date=2026-07-17\exchange=NSE\symbol=KOTAKBANK\part-083652_326479-039635.parquet,34636,downloaded,34636,
2026-07-17,NSE,KOTAKBANK,raw_l2/trade_date=2026-07-17/exchange=NSE/symbol=KOTAKBANK/part-083803_487828-039795.parquet,real_data_sample\l2_unseen_validation\trade_date=2026-07-17\exchange=NSE\symbol=KOTAKBANK\part-083803_487828-039795.parquet,34841,downloaded,34841,
2026-07-17,NSE,KOTAKBANK,raw_l2/trade_date=2026-07-17/exchange=NSE/symbol=KOTAKBANK/part-083749_051724-039763.parquet,real_data_sample\l2_unseen_validation\trade_date=2026-07-17\exchange=NSE\symbol=KOTAKBANK\part-083749_051724-039763.parquet,34754,downloaded,34754,
2026-07-17,NSE,KOTAKBANK,raw_l2/trade_date=2026-07-17/exchange=NSE/symbol=KOTAKBANK/part-083526_934123-039443.parquet,real_data_sample\l2_unseen_validation\trade_date=2026-07-17\exchange=NSE\symbol=KOTAKBANK\part-083526_934123-039443.parquet,34885,downloaded,34885,
2026-07-17,NSE,KOTAKBANK,raw_l2/trade_date=2026-07-17/exchange=NSE/symbol=KOTAKBANK/part-083817_621284-039827.parquet,real_data_sample\l2_unseen_validation\trade_date=2026-07-17\exchange=NSE\symbol=KOTAKBANK\part-083817_621284-039827.parquet,34775,downloaded,34775,
2026-07-17,NSE,KOTAKBANK,raw_l2/trade_date=2026-07-17/exchange=NSE/symbol=KOTAKBANK/part-083846_257238-039891.parquet,real_data_sample\l2_unseen_validation\trade_date=2026-07-17\exchange=NSE\symbol=KOTAKBANK\part-083846_257238-039891.parquet,34906,downloaded,34906,
2026-07-17,NSE,KOTAKBANK,raw_l2/trade_date=2026-07-17/exchange=NSE/symbol=KOTAKBANK/part-083914_952020-039955.parquet,real_data_sample\l2_unseen_validation\trade_date=2026-07-17\exchange=NSE\symbol=KOTAKBANK\part-083914_952020-039955.parquet,35106,downloaded,35106,
2026-07-17,NSE,KOTAKBANK,raw_l2/trade_date=2026-07-17/exchange=NSE/symbol=KOTAKBANK/part-083900_646615-039923.parquet,real_data_sample\l2_unseen_validation\trade_date=2026-07-17\exchange=NSE\symbol=KOTAKBANK\part-083900_646615-039923.parquet,34895,downloaded,34895,
2026-07-17,NSE,KOTAKBANK,raw_l2/trade_date=2026-07-17/exchange=NSE/symbol=KOTAKBANK/part-083832_020274-039859.parquet,real_data_sample\l2_unseen_validation\trade_date=2026-07-17\exchange=NSE\symbol=KOTAKBANK\part-083832_020274-039859.parquet,34838,downloaded,34838,
2026-07-17,NSE,KOTAKBANK,raw_l2/trade_date=2026-07-17/exchange=NSE/symbol=KOTAKBANK/part-081813_333935-037139.parquet,real_data_sample\l2_unseen_validation\trade_date=2026-07-17\exchange=NSE\symbol=KOTAKBANK\part-081813_333935-037139.parquet,35721,downloaded,35721,
2026-07-17,NSE,KOTAKBANK,raw_l2/trade_date=2026-07-17/exchange=NSE/symbol=KOTAKBANK/part-083929_403097-039987.parquet,real_data_sample\l2_unseen_validation\trade_date=2026-07-17\exchange=NSE\symbol=KOTAKBANK\part-083929_403097-039987.parquet,35596,downloaded,35596,
2026-07-17,NSE,KOTAKBANK,raw_l2/trade_date=2026-07-17/exchange=NSE/symbol=KOTAKBANK/part-083943_648732-040019.parquet,real_data_sample\l2_unseen_validation\trade_date=2026-07-17\exchange=NSE\symbol=KOTAKBANK\part-083943_648732-040019.parquet,35721,downloaded,35721,
2026-07-17,NSE,KOTAKBANK,raw_l2/trade_date=2026-07-17/exchange=NSE/symbol=KOTAKBANK/part-083957_923596-040051.parquet,real_data_sample\l2_unseen_validation\trade_date=2026-07-17\exchange=NSE\symbol=KOTAKBANK\part-083957_923596-040051.parquet,35544,downloaded,35544,
2026-07-17,NSE,KOTAKBANK,raw_l2/trade_date=2026-07-17/exchange=NSE/symbol=KOTAKBANK/part-084012_310983-040083.parquet,real_data_sample\l2_unseen_validation\trade_date=2026-07-17\exchange=NSE\symbol=KOTAKBANK\part-084012_310983-040083.parquet,35019,downloaded,35019,
2026-07-17,NSE,KOTAKBANK,raw_l2/trade_date=2026-07-17/exchange=NSE/symbol=KOTAKBANK/part-084026_500157-040115.parquet,real_data_sample\l2_unseen_validation\trade_date=2026-07-17\exchange=NSE\symbol=KOTAKBANK\part-084026_500157-040115.parquet,34638,downloaded,34638,
2026-07-17,NSE,KOTAKBANK,raw_l2/trade_date=2026-07-17/exchange=NSE/symbol=KOTAKBANK/part-081758_753574-037107.parquet,real_data_sample\l2_unseen_validation\trade_date=2026-07-17\exchange=NSE\symbol=KOTAKBANK\part-081758_753574-037107.parquet,36036,downloaded,36036,
2026-07-17,NSE,KOTAKBANK,raw_l2/trade_date=2026-07-17/exchange=NSE/symbol=KOTAKBANK/part-084152_550228-040307.parquet,real_data_sample\l2_unseen_validation\trade_date=2026-07-17\exchange=NSE\symbol=KOTAKBANK\part-084152_550228-040307.parquet,34767,downloaded,34767,
2026-07-17,NSE,KOTAKBANK,raw_l2/trade_date=2026-07-17/exchange=NSE/symbol=KOTAKBANK/part-084138_123811-040275.parquet,real_data_sample\l2_unseen_validation\trade_date=2026-07-17\exchange=NSE\symbol=KOTAKBANK\part-084138_123811-040275.parquet,34899,downloaded,34899,
2026-07-17,NSE,KOTAKBANK,raw_l2/trade_date=2026-07-17/exchange=NSE/symbol=KOTAKBANK/part-084221_370170-040371.parquet,real_data_sample\l2_unseen_validation\trade_date=2026-07-17\exchange=NSE\symbol=KOTAKBANK\part-084221_370170-040371.parquet,34850,downloaded,34850,
2026-07-17,NSE,KOTAKBANK,raw_l2/trade_date=2026-07-17/exchange=NSE/symbol=KOTAKBANK/part-084206_877067-040339.parquet,real_data_sample\l2_unseen_validation\trade_date=2026-07-17\exchange=NSE\symbol=KOTAKBANK\part-084206_877067-040339.parquet,34580,downloaded,34580,
2026-07-17,NSE,KOTAKBANK,raw_l2/trade_date=2026-07-17/exchange=NSE/symbol=KOTAKBANK/part-084055_472908-040179.parquet,real_data_sample\l2_unseen_validation\trade_date=2026-07-17\exchange=NSE\symbol=KOTAKBANK\part-084055_472908-040179.parquet,34687,downloaded,34687,
2026-07-17,NSE,KOTAKBANK,raw_l2/trade_date=2026-07-17/exchange=NSE/symbol=KOTAKBANK/part-084123_681039-040243.parquet,real_data_sample\l2_unseen_validation\trade_date=2026-07-17\exchange=NSE\symbol=KOTAKBANK\part-084123_681039-040243.parquet,34708,downloaded,34708,
2026-07-17,NSE,KOTAKBANK,raw_l2/trade_date=2026-07-17/exchange=NSE/symbol=KOTAKBANK/part-084040_894146-040147.parquet,real_data_sample\l2_unseen_validation\trade_date=2026-07-17\exchange=NSE\symbol=KOTAKBANK\part-084040_894146-040147.parquet,34651,downloaded,34651,
2026-07-17,NSE,KOTAKBANK,raw_l2/trade_date=2026-07-17/exchange=NSE/symbol=KOTAKBANK/part-084109_485173-040211.parquet,real_data_sample\l2_unseen_validation\trade_date=2026-07-17\exchange=NSE\symbol=KOTAKBANK\part-084109_485173-040211.parquet,34914,downloaded,34914,
2026-07-17,NSE,KOTAKBANK,raw_l2/trade_date=2026-07-17/exchange=NSE/symbol=KOTAKBANK/part-081924_649760-037299.parquet,real_data_sample\l2_unseen_validation\trade_date=2026-07-17\exchange=NSE\symbol=KOTAKBANK\part-081924_649760-037299.parquet,34729,downloaded,34729,
2026-07-17,NSE,KOTAKBANK,raw_l2/trade_date=2026-07-17/exchange=NSE/symbol=KOTAKBANK/part-084235_607269-040403.parquet,real_data_sample\l2_unseen_validation\trade_date=2026-07-17\exchange=NSE\symbol=KOTAKBANK\part-084235_607269-040403.parquet,34740,downloaded,34740,
2026-07-17,NSE,KOTAKBANK,raw_l2/trade_date=2026-07-17/exchange=NSE/symbol=KOTAKBANK/part-081508_798972-036723.parquet,real_data_sample\l2_unseen_validation\trade_date=2026-07-17\exchange=NSE\symbol=KOTAKBANK\part-081508_798972-036723.parquet,35702,downloaded,35702,
2026-07-17,NSE,KOTAKBANK,raw_l2/trade_date=2026-07-17/exchange=NSE/symbol=KOTAKBANK/part-081329_576745-036499.parquet,real_data_sample\l2_unseen_validation\trade_date=2026-07-17\exchange=NSE\symbol=KOTAKBANK\part-081329_576745-036499.parquet,35652,downloaded,35652,
2026-07-17,NSE,KOTAKBANK,raw_l2/trade_date=2026-07-17/exchange=NSE/symbol=KOTAKBANK/part-081744_445452-037075.parquet,real_data_sample\l2_unseen_validation\trade_date=2026-07-17\exchange=NSE\symbol=KOTAKBANK\part-081744_445452-037075.parquet,35898,downloaded,35898,
2026-07-17,NSE,KOTAKBANK,raw_l2/trade_date=2026-07-17/exchange=NSE/symbol=KOTAKBANK/part-081440_774051-036659.parquet,real_data_sample\l2_unseen_validation\trade_date=2026-07-17\exchange=NSE\symbol=KOTAKBANK\part-081440_774051-036659.parquet,35677,downloaded,35677,
2026-07-17,NSE,KOTAKBANK,raw_l2/trade_date=2026-07-17/exchange=NSE/symbol=KOTAKBANK/part-084416_560121-040627.parquet,real_data_sample\l2_unseen_validation\trade_date=2026-07-17\exchange=NSE\symbol=KOTAKBANK\part-084416_560121-040627.parquet,34986,downloaded,34986,
2026-07-17,NSE,KOTAKBANK,raw_l2/trade_date=2026-07-17/exchange=NSE/symbol=KOTAKBANK/part-081454_647855-036691.parquet,real_data_sample\l2_unseen_validation\trade_date=2026-07-17\exchange=NSE\symbol=KOTAKBANK\part-081454_647855-036691.parquet,35870,downloaded,35870,
2026-07-17,NSE,KOTAKBANK,raw_l2/trade_date=2026-07-17/exchange=NSE/symbol=KOTAKBANK/part-084402_198374-040595.parquet,real_data_sample\l2_unseen_validation\trade_date=2026-07-17\exchange=NSE\symbol=KOTAKBANK\part-084402_198374-040595.parquet,34681,downloaded,34681,
2026-07-17,NSE,KOTAKBANK,raw_l2/trade_date=2026-07-17/exchange=NSE/symbol=KOTAKBANK/part-084318_751048-040499.parquet,real_data_sample\l2_unseen_validation\trade_date=2026-07-17\exchange=NSE\symbol=KOTAKBANK\part-084318_751048-040499.parquet,34851,downloaded,34851,
2026-07-17,NSE,KOTAKBANK,raw_l2/trade_date=2026-07-17/exchange=NSE/symbol=KOTAKBANK/part-084333_185471-040531.parquet,real_data_sample\l2_unseen_validation\trade_date=2026-07-17\exchange=NSE\symbol=KOTAKBANK\part-084333_185471-040531.parquet,34893,downloaded,34893,
2026-07-17,NSE,KOTAKBANK,raw_l2/trade_date=2026-07-17/exchange=NSE/symbol=KOTAKBANK/part-084250_079230-040435.parquet,real_data_sample\l2_unseen_validation\trade_date=2026-07-17\exchange=NSE\symbol=KOTAKBANK\part-084250_079230-040435.parquet,34915,downloaded,34915,
2026-07-17,NSE,KOTAKBANK,raw_l2/trade_date=2026-07-17/exchange=NSE/symbol=KOTAKBANK/part-084304_281661-040467.parquet,real_data_sample\l2_unseen_validation\trade_date=2026-07-17\exchange=NSE\symbol=KOTAKBANK\part-084304_281661-040467.parquet,34821,downloaded,34821,
2026-07-17,NSE,KOTAKBANK,raw_l2/trade_date=2026-07-17/exchange=NSE/symbol=KOTAKBANK/part-081605_032176-036851.parquet,real_data_sample\l2_unseen_validation\trade_date=2026-07-17\exchange=NSE\symbol=KOTAKBANK\part-081605_032176-036851.parquet,34795,downloaded,34795,
2026-07-17,NSE,KOTAKBANK,raw_l2/trade_date=2026-07-17/exchange=NSE/symbol=KOTAKBANK/part-084430_994716-040659.parquet,real_data_sample\l2_unseen_validation\trade_date=2026-07-17\exchange=NSE\symbol=KOTAKBANK\part-084430_994716-040659.parquet,34592,downloaded,34592,
2026-07-17,NSE,KOTAKBANK,raw_l2/trade_date=2026-07-17/exchange=NSE/symbol=KOTAKBANK/part-084445_308275-040691.parquet,real_data_sample\l2_unseen_validation\trade_date=2026-07-17\exchange=NSE\symbol=KOTAKBANK\part-084445_308275-040691.parquet,34795,downloaded,34795,
2026-07-17,NSE,KOTAKBANK,raw_l2/trade_date=2026-07-17/exchange=NSE/symbol=KOTAKBANK/part-081315_275414-036467.parquet,real_data_sample\l2_unseen_validation\trade_date=2026-07-17\exchange=NSE\symbol=KOTAKBANK\part-081315_275414-036467.parquet,36052,downloaded,36052,
2026-07-17,NSE,KOTAKBANK,raw_l2/trade_date=2026-07-17/exchange=NSE/symbol=KOTAKBANK/part-081412_337864-036595.parquet,real_data_sample\l2_unseen_validation\trade_date=2026-07-17\exchange=NSE\symbol=KOTAKBANK\part-081412_337864-036595.parquet,35930,downloaded,35930,
2026-07-17,NSE,KOTAKBANK,raw_l2/trade_date=2026-07-17/exchange=NSE/symbol=KOTAKBANK/part-084459_763167-040723.parquet,real_data_sample\l2_unseen_validation\trade_date=2026-07-17\exchange=NSE\symbol=KOTAKBANK\part-084459_763167-040723.parquet,34929,downloaded,34929,
2026-07-17,NSE,KOTAKBANK,raw_l2/trade_date=2026-07-17/exchange=NSE/symbol=KOTAKBANK/part-081343_736763-036531.parquet,real_data_sample\l2_unseen_validation\trade_date=2026-07-17\exchange=NSE\symbol=KOTAKBANK\part-081343_736763-036531.parquet,36053,downloaded,36053,
2026-07-17,NSE,KOTAKBANK,raw_l2/trade_date=2026-07-17/exchange=NSE/symbol=KOTAKBANK/part-084514_189122-040755.parquet,real_data_sample\l2_unseen_validation\trade_date=2026-07-17\exchange=NSE\symbol=KOTAKBANK\part-084514_189122-040755.parquet,34708,downloaded,34708,
2026-07-17,NSE,KOTAKBANK,raw_l2/trade_date=2026-07-17/exchange=NSE/symbol=KOTAKBANK/part-084557_277155-040851.parquet,real_data_sample\l2_unseen_validation\trade_date=2026-07-17\exchange=NSE\symbol=KOTAKBANK\part-084557_277155-040851.parquet,34802,downloaded,34802,
2026-07-17,NSE,KOTAKBANK,raw_l2/trade_date=2026-07-17/exchange=NSE/symbol=KOTAKBANK/part-084528_628323-040787.parquet,real_data_sample\l2_unseen_validation\trade_date=2026-07-17\exchange=NSE\symbol=KOTAKBANK\part-084528_628323-040787.parquet,34903,downloaded,34903,
2026-07-17,NSE,KOTAKBANK,raw_l2/trade_date=2026-07-17/exchange=NSE/symbol=KOTAKBANK/part-081426_546423-036627.parquet,real_data_sample\l2_unseen_validation\trade_date=2026-07-17\exchange=NSE\symbol=KOTAKBANK\part-081426_546423-036627.parquet,35629,downloaded,35629,
2026-07-17,NSE,KOTAKBANK,raw_l2/trade_date=2026-07-17/exchange=NSE/symbol=KOTAKBANK/part-084543_058758-040819.parquet,real_data_sample\l2_unseen_validation\trade_date=2026-07-17\exchange=NSE\symbol=KOTAKBANK\part-084543_058758-040819.parquet,34517,downloaded,34517,
2026-07-17,NSE,KOTAKBANK,raw_l2/trade_date=2026-07-17/exchange=NSE/symbol=KOTAKBANK/part-084625_997293-040915.parquet,real_data_sample\l2_unseen_validation\trade_date=2026-07-17\exchange=NSE\symbol=KOTAKBANK\part-084625_997293-040915.parquet,36507,downloaded,36507,
2026-07-17,NSE,KOTAKBANK,raw_l2/trade_date=2026-07-17/exchange=NSE/symbol=KOTAKBANK/part-084640_344006-040947.parquet,real_data_sample\l2_unseen_validation\trade_date=2026-07-17\exchange=NSE\symbol=KOTAKBANK\part-084640_344006-040947.parquet,36159,downloaded,36159,
2026-07-17,NSE,KOTAKBANK,raw_l2/trade_date=2026-07-17/exchange=NSE/symbol=KOTAKBANK/part-084722_989390-041043.parquet,real_data_sample\l2_unseen_validation\trade_date=2026-07-17\exchange=NSE\symbol=KOTAKBANK\part-084722_989390-041043.parquet,36351,downloaded,36351,
2026-07-17,NSE,KOTAKBANK,raw_l2/trade_date=2026-07-17/exchange=NSE/symbol=KOTAKBANK/part-084347_631604-040563.parquet,real_data_sample\l2_unseen_validation\trade_date=2026-07-17\exchange=NSE\symbol=KOTAKBANK\part-084347_631604-040563.parquet,34691,downloaded,34691,
2026-07-17,NSE,KOTAKBANK,raw_l2/trade_date=2026-07-17/exchange=NSE/symbol=KOTAKBANK/part-084654_614612-040979.parquet,real_data_sample\l2_unseen_validation\trade_date=2026-07-17\exchange=NSE\symbol=KOTAKBANK\part-084654_614612-040979.parquet,36453,downloaded,36453,
2026-07-17,NSE,KOTAKBANK,raw_l2/trade_date=2026-07-17/exchange=NSE/symbol=KOTAKBANK/part-084708_765849-041011.parquet,real_data_sample\l2_unseen_validation\trade_date=2026-07-17\exchange=NSE\symbol=KOTAKBANK\part-084708_765849-041011.parquet,36522,downloaded,36522,
2026-07-17,NSE,KOTAKBANK,raw_l2/trade_date=2026-07-17/exchange=NSE/symbol=KOTAKBANK/part-084611_799397-040883.parquet,real_data_sample\l2_unseen_validation\trade_date=2026-07-17\exchange=NSE\symbol=KOTAKBANK\part-084611_799397-040883.parquet,34511,downloaded,34511,
2026-07-17,NSE,KOTAKBANK,raw_l2/trade_date=2026-07-17/exchange=NSE/symbol=KOTAKBANK/part-084737_238321-041075.parquet,real_data_sample\l2_unseen_validation\trade_date=2026-07-17\exchange=NSE\symbol=KOTAKBANK\part-084737_238321-041075.parquet,36615,downloaded,36615,
2026-07-17,NSE,KOTAKBANK,raw_l2/trade_date=2026-07-17/exchange=NSE/symbol=KOTAKBANK/part-084751_566359-041107.parquet,real_data_sample\l2_unseen_validation\trade_date=2026-07-17\exchange=NSE\symbol=KOTAKBANK\part-084751_566359-041107.parquet,35978,downloaded,35978,
2026-07-17,NSE,KOTAKBANK,raw_l2/trade_date=2026-07-17/exchange=NSE/symbol=KOTAKBANK/part-084805_860500-041139.parquet,real_data_sample\l2_unseen_validation\trade_date=2026-07-17\exchange=NSE\symbol=KOTAKBANK\part-084805_860500-041139.parquet,36147,downloaded,36147,
2026-07-17,NSE,KOTAKBANK,raw_l2/trade_date=2026-07-17/exchange=NSE/symbol=KOTAKBANK/part-084820_088937-041171.parquet,real_data_sample\l2_unseen_validation\trade_date=2026-07-17\exchange=NSE\symbol=KOTAKBANK\part-084820_088937-041171.parquet,36174,downloaded,36174,
2026-07-17,NSE,KOTAKBANK,raw_l2/trade_date=2026-07-17/exchange=NSE/symbol=KOTAKBANK/part-081537_030518-036787.parquet,real_data_sample\l2_unseen_validation\trade_date=2026-07-17\exchange=NSE\symbol=KOTAKBANK\part-081537_030518-036787.parquet,34826,downloaded,34826,
2026-07-17,NSE,KOTAKBANK,raw_l2/trade_date=2026-07-17/exchange=NSE/symbol=KOTAKBANK/part-084834_445438-041203.parquet,real_data_sample\l2_unseen_validation\trade_date=2026-07-17\exchange=NSE\symbol=KOTAKBANK\part-084834_445438-041203.parquet,36572,downloaded,36572,
2026-07-17,NSE,KOTAKBANK,raw_l2/trade_date=2026-07-17/exchange=NSE/symbol=KOTAKBANK/part-084848_917165-041235.parquet,real_data_sample\l2_unseen_validation\trade_date=2026-07-17\exchange=NSE\symbol=KOTAKBANK\part-084848_917165-041235.parquet,36147,downloaded,36147,
2026-07-17,NSE,KOTAKBANK,raw_l2/trade_date=2026-07-17/exchange=NSE/symbol=KOTAKBANK/part-084903_381853-041267.parquet,real_data_sample\l2_unseen_validation\trade_date=2026-07-17\exchange=NSE\symbol=KOTAKBANK\part-084903_381853-041267.parquet,36109,downloaded,36109,
2026-07-17,NSE,KOTAKBANK,raw_l2/trade_date=2026-07-17/exchange=NSE/symbol=KOTAKBANK/part-084918_205413-041299.parquet,real_data_sample\l2_unseen_validation\trade_date=2026-07-17\exchange=NSE\symbol=KOTAKBANK\part-084918_205413-041299.parquet,36131,downloaded,36131,
2026-07-17,NSE,KOTAKBANK,raw_l2/trade_date=2026-07-17/exchange=NSE/symbol=KOTAKBANK/part-084932_619030-041331.parquet,real_data_sample\l2_unseen_validation\trade_date=2026-07-17\exchange=NSE\symbol=KOTAKBANK\part-084932_619030-041331.parquet,35905,downloaded,35905,
2026-07-17,NSE,KOTAKBANK,raw_l2/trade_date=2026-07-17/exchange=NSE/symbol=KOTAKBANK/part-085044_722067-041491.parquet,real_data_sample\l2_unseen_validation\trade_date=2026-07-17\exchange=NSE\symbol=KOTAKBANK\part-085044_722067-041491.parquet,36339,downloaded,36339,
2026-07-17,NSE,KOTAKBANK,raw_l2/trade_date=2026-07-17/exchange=NSE/symbol=KOTAKBANK/part-085059_173053-041523.parquet,real_data_sample\l2_unseen_validation\trade_date=2026-07-17\exchange=NSE\symbol=KOTAKBANK\part-085059_173053-041523.parquet,35741,downloaded,35741,
2026-07-17,NSE,KOTAKBANK,raw_l2/trade_date=2026-07-17/exchange=NSE/symbol=KOTAKBANK/part-085001_733557-041395.parquet,real_data_sample\l2_unseen_validation\trade_date=2026-07-17\exchange=NSE\symbol=KOTAKBANK\part-085001_733557-041395.parquet,36280,downloaded,36280,
2026-07-17,NSE,KOTAKBANK,raw_l2/trade_date=2026-07-17/exchange=NSE/symbol=KOTAKBANK/part-085030_445627-041459.parquet,real_data_sample\l2_unseen_validation\trade_date=2026-07-17\exchange=NSE\symbol=KOTAKBANK\part-085030_445627-041459.parquet,35760,downloaded,35760,
2026-07-17,NSE,KOTAKBANK,raw_l2/trade_date=2026-07-17/exchange=NSE/symbol=KOTAKBANK/part-084947_136439-041363.parquet,real_data_sample\l2_unseen_validation\trade_date=2026-07-17\exchange=NSE\symbol=KOTAKBANK\part-084947_136439-041363.parquet,35653,downloaded,35653,
2026-07-17,NSE,KOTAKBANK,raw_l2/trade_date=2026-07-17/exchange=NSE/symbol=KOTAKBANK/part-085016_130822-041427.parquet,real_data_sample\l2_unseen_validation\trade_date=2026-07-17\exchange=NSE\symbol=KOTAKBANK\part-085016_130822-041427.parquet,36725,downloaded,36725,
2026-07-17,NSE,KOTAKBANK,raw_l2/trade_date=2026-07-17/exchange=NSE/symbol=KOTAKBANK/part-085114_046693-041555.parquet,real_data_sample\l2_unseen_validation\trade_date=2026-07-17\exchange=NSE\symbol=KOTAKBANK\part-085114_046693-041555.parquet,36617,downloaded,36617,
2026-07-17,NSE,KOTAKBANK,raw_l2/trade_date=2026-07-17/exchange=NSE/symbol=KOTAKBANK/part-085128_384395-041587.parquet,real_data_sample\l2_unseen_validation\trade_date=2026-07-17\exchange=NSE\symbol=KOTAKBANK\part-085128_384395-041587.parquet,35981,downloaded,35981,
2026-07-17,NSE,KOTAKBANK,raw_l2/trade_date=2026-07-17/exchange=NSE/symbol=KOTAKBANK/part-085142_770291-041619.parquet,real_data_sample\l2_unseen_validation\trade_date=2026-07-17\exchange=NSE\symbol=KOTAKBANK\part-085142_770291-041619.parquet,36409,downloaded,36409,
2026-07-17,NSE,KOTAKBANK,raw_l2/trade_date=2026-07-17/exchange=NSE/symbol=KOTAKBANK/part-085226_624597-041715.parquet,real_data_sample\l2_unseen_validation\trade_date=2026-07-17\exchange=NSE\symbol=KOTAKBANK\part-085226_624597-041715.parquet,35733,downloaded,35733,
2026-07-17,NSE,KOTAKBANK,raw_l2/trade_date=2026-07-17/exchange=NSE/symbol=KOTAKBANK/part-085211_906929-041683.parquet,real_data_sample\l2_unseen_validation\trade_date=2026-07-17\exchange=NSE\symbol=KOTAKBANK\part-085211_906929-041683.parquet,35946,downloaded,35946,
2026-07-17,NSE,KOTAKBANK,raw_l2/trade_date=2026-07-17/exchange=NSE/symbol=KOTAKBANK/part-085157_175207-041651.parquet,real_data_sample\l2_unseen_validation\trade_date=2026-07-17\exchange=NSE\symbol=KOTAKBANK\part-085157_175207-041651.parquet,36067,downloaded,36067,
2026-07-17,NSE,KOTAKBANK,raw_l2/trade_date=2026-07-17/exchange=NSE/symbol=KOTAKBANK/part-085311_163731-041811.parquet,real_data_sample\l2_unseen_validation\trade_date=2026-07-17\exchange=NSE\symbol=KOTAKBANK\part-085311_163731-041811.parquet,36314,downloaded,36314,
2026-07-17,NSE,KOTAKBANK,raw_l2/trade_date=2026-07-17/exchange=NSE/symbol=KOTAKBANK/part-085241_183436-041747.parquet,real_data_sample\l2_unseen_validation\trade_date=2026-07-17\exchange=NSE\symbol=KOTAKBANK\part-085241_183436-041747.parquet,35759,downloaded,35759,
2026-07-17,NSE,KOTAKBANK,raw_l2/trade_date=2026-07-17/exchange=NSE/symbol=KOTAKBANK/part-085326_202846-041843.parquet,real_data_sample\l2_unseen_validation\trade_date=2026-07-17\exchange=NSE\symbol=KOTAKBANK\part-085326_202846-041843.parquet,35901,downloaded,35901,
2026-07-17,NSE,KOTAKBANK,raw_l2/trade_date=2026-07-17/exchange=NSE/symbol=KOTAKBANK/part-085256_115625-041779.parquet,real_data_sample\l2_unseen_validation\trade_date=2026-07-17\exchange=NSE\symbol=KOTAKBANK\part-085256_115625-041779.parquet,36003,downloaded,36003,
2026-07-17,NSE,KOTAKBANK,raw_l2/trade_date=2026-07-17/exchange=NSE/symbol=KOTAKBANK/part-085341_153189-041875.parquet,real_data_sample\l2_unseen_validation\trade_date=2026-07-17\exchange=NSE\symbol=KOTAKBANK\part-085341_153189-041875.parquet,36122,downloaded,36122,
2026-07-17,NSE,KOTAKBANK,raw_l2/trade_date=2026-07-17/exchange=NSE/symbol=KOTAKBANK/part-085355_288340-041907.parquet,real_data_sample\l2_unseen_validation\trade_date=2026-07-17\exchange=NSE\symbol=KOTAKBANK\part-085355_288340-041907.parquet,35713,downloaded,35713,
2026-07-17,NSE,KOTAKBANK,raw_l2/trade_date=2026-07-17/exchange=NSE/symbol=KOTAKBANK/part-085409_583177-041939.parquet,real_data_sample\l2_unseen_validation\trade_date=2026-07-17\exchange=NSE\symbol=KOTAKBANK\part-085409_583177-041939.parquet,35974,downloaded,35974,
2026-07-17,NSE,KOTAKBANK,raw_l2/trade_date=2026-07-17/exchange=NSE/symbol=KOTAKBANK/part-085535_400641-042131.parquet,real_data_sample\l2_unseen_validation\trade_date=2026-07-17\exchange=NSE\symbol=KOTAKBANK\part-085535_400641-042131.parquet,35624,downloaded,35624,
2026-07-17,NSE,KOTAKBANK,raw_l2/trade_date=2026-07-17/exchange=NSE/symbol=KOTAKBANK/part-085632_091159-042259.parquet,real_data_sample\l2_unseen_validation\trade_date=2026-07-17\exchange=NSE\symbol=KOTAKBANK\part-085632_091159-042259.parquet,36525,downloaded,36525,
2026-07-17,NSE,KOTAKBANK,raw_l2/trade_date=2026-07-17/exchange=NSE/symbol=KOTAKBANK/part-085549_566649-042163.parquet,real_data_sample\l2_unseen_validation\trade_date=2026-07-17\exchange=NSE\symbol=KOTAKBANK\part-085549_566649-042163.parquet,36662,downloaded,36662,
2026-07-17,NSE,KOTAKBANK,raw_l2/trade_date=2026-07-17/exchange=NSE/symbol=KOTAKBANK/part-085617_770313-042227.parquet,real_data_sample\l2_unseen_validation\trade_date=2026-07-17\exchange=NSE\symbol=KOTAKBANK\part-085617_770313-042227.parquet,36410,downloaded,36410,
2026-07-17,NSE,KOTAKBANK,raw_l2/trade_date=2026-07-17/exchange=NSE/symbol=KOTAKBANK/part-085521_051902-042099.parquet,real_data_sample\l2_unseen_validation\trade_date=2026-07-17\exchange=NSE\symbol=KOTAKBANK\part-085521_051902-042099.parquet,35578,downloaded,35578,
2026-07-17,NSE,KOTAKBANK,raw_l2/trade_date=2026-07-17/exchange=NSE/symbol=KOTAKBANK/part-085423_746940-041971.parquet,real_data_sample\l2_unseen_validation\trade_date=2026-07-17\exchange=NSE\symbol=KOTAKBANK\part-085423_746940-041971.parquet,34839,downloaded,34839,
2026-07-17,NSE,KOTAKBANK,raw_l2/trade_date=2026-07-17/exchange=NSE/symbol=KOTAKBANK/part-085603_679791-042195.parquet,real_data_sample\l2_unseen_validation\trade_date=2026-07-17\exchange=NSE\symbol=KOTAKBANK\part-085603_679791-042195.parquet,36641,downloaded,36641,
2026-07-17,NSE,KOTAKBANK,raw_l2/trade_date=2026-07-17/exchange=NSE/symbol=KOTAKBANK/part-085438_190770-042003.parquet,real_data_sample\l2_unseen_validation\trade_date=2026-07-17\exchange=NSE\symbol=KOTAKBANK\part-085438_190770-042003.parquet,34807,downloaded,34807,
2026-07-17,NSE,KOTAKBANK,raw_l2/trade_date=2026-07-17/exchange=NSE/symbol=KOTAKBANK/part-085646_437183-042291.parquet,real_data_sample\l2_unseen_validation\trade_date=2026-07-17\exchange=NSE\symbol=KOTAKBANK\part-085646_437183-042291.parquet,36591,downloaded,36591,
2026-07-17,NSE,KOTAKBANK,raw_l2/trade_date=2026-07-17/exchange=NSE/symbol=KOTAKBANK/part-085700_549011-042323.parquet,real_data_sample\l2_unseen_validation\trade_date=2026-07-17\exchange=NSE\symbol=KOTAKBANK\part-085700_549011-042323.parquet,36583,downloaded,36583,
2026-07-17,NSE,KOTAKBANK,raw_l2/trade_date=2026-07-17/exchange=NSE/symbol=KOTAKBANK/part-085452_543019-042035.parquet,real_data_sample\l2_unseen_validation\trade_date=2026-07-17\exchange=NSE\symbol=KOTAKBANK\part-085452_543019-042035.parquet,35141,downloaded,35141,
2026-07-17,NSE,KOTAKBANK,raw_l2/trade_date=2026-07-17/exchange=NSE/symbol=KOTAKBANK/part-085714_823483-042355.parquet,real_data_sample\l2_unseen_validation\trade_date=2026-07-17\exchange=NSE\symbol=KOTAKBANK\part-085714_823483-042355.parquet,36514,downloaded,36514,
2026-07-17,NSE,KOTAKBANK,raw_l2/trade_date=2026-07-17/exchange=NSE/symbol=KOTAKBANK/part-085506_945504-042067.parquet,real_data_sample\l2_unseen_validation\trade_date=2026-07-17\exchange=NSE\symbol=KOTAKBANK\part-085506_945504-042067.parquet,34875,downloaded,34875,
2026-07-17,NSE,KOTAKBANK,raw_l2/trade_date=2026-07-17/exchange=NSE/symbol=KOTAKBANK/part-085728_965239-042387.parquet,real_data_sample\l2_unseen_validation\trade_date=2026-07-17\exchange=NSE\symbol=KOTAKBANK\part-085728_965239-042387.parquet,36295,downloaded,36295,
2026-07-17,NSE,KOTAKBANK,raw_l2/trade_date=2026-07-17/exchange=NSE/symbol=KOTAKBANK/part-085743_420992-042419.parquet,real_data_sample\l2_unseen_validation\trade_date=2026-07-17\exchange=NSE\symbol=KOTAKBANK\part-085743_420992-042419.parquet,36432,downloaded,36432,
2026-07-17,NSE,KOTAKBANK,raw_l2/trade_date=2026-07-17/exchange=NSE/symbol=KOTAKBANK/part-085757_877146-042451.parquet,real_data_sample\l2_unseen_validation\trade_date=2026-07-17\exchange=NSE\symbol=KOTAKBANK\part-085757_877146-042451.parquet,36409,downloaded,36409,
2026-07-17,NSE,KOTAKBANK,raw_l2/trade_date=2026-07-17/exchange=NSE/symbol=KOTAKBANK/part-085812_310494-042483.parquet,real_data_sample\l2_unseen_validation\trade_date=2026-07-17\exchange=NSE\symbol=KOTAKBANK\part-085812_310494-042483.parquet,36839,downloaded,36839,
2026-07-17,NSE,KOTAKBANK,raw_l2/trade_date=2026-07-17/exchange=NSE/symbol=KOTAKBANK/part-085826_698489-042515.parquet,real_data_sample\l2_unseen_validation\trade_date=2026-07-17\exchange=NSE\symbol=KOTAKBANK\part-085826_698489-042515.parquet,36067,downloaded,36067,
2026-07-17,NSE,KOTAKBANK,raw_l2/trade_date=2026-07-17/exchange=NSE/symbol=KOTAKBANK/part-085855_641110-042579.parquet,real_data_sample\l2_unseen_validation\trade_date=2026-07-17\exchange=NSE\symbol=KOTAKBANK\part-085855_641110-042579.parquet,36476,downloaded,36476,
2026-07-17,NSE,KOTAKBANK,raw_l2/trade_date=2026-07-17/exchange=NSE/symbol=KOTAKBANK/part-085841_165968-042547.parquet,real_data_sample\l2_unseen_validation\trade_date=2026-07-17\exchange=NSE\symbol=KOTAKBANK\part-085841_165968-042547.parquet,35972,downloaded,35972,
2026-07-17,NSE,KOTAKBANK,raw_l2/trade_date=2026-07-17/exchange=NSE/symbol=KOTAKBANK/part-085924_870942-042643.parquet,real_data_sample\l2_unseen_validation\trade_date=2026-07-17\exchange=NSE\symbol=KOTAKBANK\part-085924_870942-042643.parquet,36690,downloaded,36690,
2026-07-17,NSE,KOTAKBANK,raw_l2/trade_date=2026-07-17/exchange=NSE/symbol=KOTAKBANK/part-085910_177762-042611.parquet,real_data_sample\l2_unseen_validation\trade_date=2026-07-17\exchange=NSE\symbol=KOTAKBANK\part-085910_177762-042611.parquet,36047,downloaded,36047,
2026-07-17,NSE,KOTAKBANK,raw_l2/trade_date=2026-07-17/exchange=NSE/symbol=KOTAKBANK/part-085939_573048-042675.parquet,real_data_sample\l2_unseen_validation\trade_date=2026-07-17\exchange=NSE\symbol=KOTAKBANK\part-085939_573048-042675.parquet,36124,downloaded,36124,
2026-07-17,NSE,KOTAKBANK,raw_l2/trade_date=2026-07-17/exchange=NSE/symbol=KOTAKBANK/part-085954_351540-042707.parquet,real_data_sample\l2_unseen_validation\trade_date=2026-07-17\exchange=NSE\symbol=KOTAKBANK\part-085954_351540-042707.parquet,36755,downloaded,36755,
2026-07-17,NSE,KOTAKBANK,raw_l2/trade_date=2026-07-17/exchange=NSE/symbol=KOTAKBANK/part-090023_101756-042771.parquet,real_data_sample\l2_unseen_validation\trade_date=2026-07-17\exchange=NSE\symbol=KOTAKBANK\part-090023_101756-042771.parquet,36030,downloaded,36030,
2026-07-17,NSE,KOTAKBANK,raw_l2/trade_date=2026-07-17/exchange=NSE/symbol=KOTAKBANK/part-090008_804109-042739.parquet,real_data_sample\l2_unseen_validation\trade_date=2026-07-17\exchange=NSE\symbol=KOTAKBANK\part-090008_804109-042739.parquet,36389,downloaded,36389,
2026-07-17,NSE,KOTAKBANK,raw_l2/trade_date=2026-07-17/exchange=NSE/symbol=KOTAKBANK/part-090121_261673-042899.parquet,real_data_sample\l2_unseen_validation\trade_date=2026-07-17\exchange=NSE\symbol=KOTAKBANK\part-090121_261673-042899.parquet,35145,downloaded,35145,
2026-07-17,NSE,KOTAKBANK,raw_l2/trade_date=2026-07-17/exchange=NSE/symbol=KOTAKBANK/part-090037_501241-042803.parquet,real_data_sample\l2_unseen_validation\trade_date=2026-07-17\exchange=NSE\symbol=KOTAKBANK\part-090037_501241-042803.parquet,35880,downloaded,35880,
2026-07-17,NSE,KOTAKBANK,raw_l2/trade_date=2026-07-17/exchange=NSE/symbol=KOTAKBANK/part-090052_090268-042835.parquet,real_data_sample\l2_unseen_validation\trade_date=2026-07-17\exchange=NSE\symbol=KOTAKBANK\part-090052_090268-042835.parquet,35662,downloaded,35662,
2026-07-17,NSE,KOTAKBANK,raw_l2/trade_date=2026-07-17/exchange=NSE/symbol=KOTAKBANK/part-090106_730322-042867.parquet,real_data_sample\l2_unseen_validation\trade_date=2026-07-17\exchange=NSE\symbol=KOTAKBANK\part-090106_730322-042867.parquet,35965,downloaded,35965,
2026-07-17,NSE,KOTAKBANK,raw_l2/trade_date=2026-07-17/exchange=NSE/symbol=KOTAKBANK/part-090135_656811-042931.parquet,real_data_sample\l2_unseen_validation\trade_date=2026-07-17\exchange=NSE\symbol=KOTAKBANK\part-090135_656811-042931.parquet,34653,downloaded,34653,
2026-07-17,NSE,KOTAKBANK,raw_l2/trade_date=2026-07-17/exchange=NSE/symbol=KOTAKBANK/part-090150_102191-042963.parquet,real_data_sample\l2_unseen_validation\trade_date=2026-07-17\exchange=NSE\symbol=KOTAKBANK\part-090150_102191-042963.parquet,34737,downloaded,34737,
2026-07-17,NSE,KOTAKBANK,raw_l2/trade_date=2026-07-17/exchange=NSE/symbol=KOTAKBANK/part-090204_328795-042995.parquet,real_data_sample\l2_unseen_validation\trade_date=2026-07-17\exchange=NSE\symbol=KOTAKBANK\part-090204_328795-042995.parquet,34904,downloaded,34904,
2026-07-17,NSE,KOTAKBANK,raw_l2/trade_date=2026-07-17/exchange=NSE/symbol=KOTAKBANK/part-090218_474264-043027.parquet,real_data_sample\l2_unseen_validation\trade_date=2026-07-17\exchange=NSE\symbol=KOTAKBANK\part-090218_474264-043027.parquet,34887,downloaded,34887,
2026-07-17,NSE,KOTAKBANK,raw_l2/trade_date=2026-07-17/exchange=NSE/symbol=KOTAKBANK/part-090232_911840-043059.parquet,real_data_sample\l2_unseen_validation\trade_date=2026-07-17\exchange=NSE\symbol=KOTAKBANK\part-090232_911840-043059.parquet,34767,downloaded,34767,
2026-07-17,NSE,KOTAKBANK,raw_l2/trade_date=2026-07-17/exchange=NSE/symbol=KOTAKBANK/part-090247_424049-043091.parquet,real_data_sample\l2_unseen_validation\trade_date=2026-07-17\exchange=NSE\symbol=KOTAKBANK\part-090247_424049-043091.parquet,34548,downloaded,34548,
2026-07-17,NSE,KOTAKBANK,raw_l2/trade_date=2026-07-17/exchange=NSE/symbol=KOTAKBANK/part-090301_791002-043123.parquet,real_data_sample\l2_unseen_validation\trade_date=2026-07-17\exchange=NSE\symbol=KOTAKBANK\part-090301_791002-043123.parquet,34738,downloaded,34738,
2026-07-17,NSE,KOTAKBANK,raw_l2/trade_date=2026-07-17/exchange=NSE/symbol=KOTAKBANK/part-090316_179924-043155.parquet,real_data_sample\l2_unseen_validation\trade_date=2026-07-17\exchange=NSE\symbol=KOTAKBANK\part-090316_179924-043155.parquet,35151,downloaded,35151,
2026-07-17,NSE,KOTAKBANK,raw_l2/trade_date=2026-07-17/exchange=NSE/symbol=KOTAKBANK/part-090330_743462-043187.parquet,real_data_sample\l2_unseen_validation\trade_date=2026-07-17\exchange=NSE\symbol=KOTAKBANK\part-090330_743462-043187.parquet,36008,downloaded,36008,
2026-07-17,NSE,KOTAKBANK,raw_l2/trade_date=2026-07-17/exchange=NSE/symbol=KOTAKBANK/part-090345_650527-043219.parquet,real_data_sample\l2_unseen_validation\trade_date=2026-07-17\exchange=NSE\symbol=KOTAKBANK\part-090345_650527-043219.parquet,35806,downloaded,35806,
2026-07-17,NSE,KOTAKBANK,raw_l2/trade_date=2026-07-17/exchange=NSE/symbol=KOTAKBANK/part-090542_064137-043475.parquet,real_data_sample\l2_unseen_validation\trade_date=2026-07-17\exchange=NSE\symbol=KOTAKBANK\part-090542_064137-043475.parquet,35536,downloaded,35536,
2026-07-17,NSE,KOTAKBANK,raw_l2/trade_date=2026-07-17/exchange=NSE/symbol=KOTAKBANK/part-090556_269497-043507.parquet,real_data_sample\l2_unseen_validation\trade_date=2026-07-17\exchange=NSE\symbol=KOTAKBANK\part-090556_269497-043507.parquet,35943,downloaded,35943,
2026-07-17,NSE,KOTAKBANK,raw_l2/trade_date=2026-07-17/exchange=NSE/symbol=KOTAKBANK/part-090527_621812-043443.parquet,real_data_sample\l2_unseen_validation\trade_date=2026-07-17\exchange=NSE\symbol=KOTAKBANK\part-090527_621812-043443.parquet,36283,downloaded,36283,
2026-07-17,NSE,KOTAKBANK,raw_l2/trade_date=2026-07-17/exchange=NSE/symbol=KOTAKBANK/part-090654_125924-043635.parquet,real_data_sample\l2_unseen_validation\trade_date=2026-07-17\exchange=NSE\symbol=KOTAKBANK\part-090654_125924-043635.parquet,36128,downloaded,36128,
2026-07-17,NSE,KOTAKBANK,raw_l2/trade_date=2026-07-17/exchange=NSE/symbol=KOTAKBANK/part-090443_745445-043347.parquet,real_data_sample\l2_unseen_validation\trade_date=2026-07-17\exchange=NSE\symbol=KOTAKBANK\part-090443_745445-043347.parquet,34659,downloaded,34659,
2026-07-17,NSE,KOTAKBANK,raw_l2/trade_date=2026-07-17/exchange=NSE/symbol=KOTAKBANK/part-090610_625276-043539.parquet,real_data_sample\l2_unseen_validation\trade_date=2026-07-17\exchange=NSE\symbol=KOTAKBANK\part-090610_625276-043539.parquet,36313,downloaded,36313,
2026-07-17,NSE,KOTAKBANK,raw_l2/trade_date=2026-07-17/exchange=NSE/symbol=KOTAKBANK/part-090625_181222-043571.parquet,real_data_sample\l2_unseen_validation\trade_date=2026-07-17\exchange=NSE\symbol=KOTAKBANK\part-090625_181222-043571.parquet,35683,downloaded,35683,
2026-07-17,NSE,KOTAKBANK,raw_l2/trade_date=2026-07-17/exchange=NSE/symbol=KOTAKBANK/part-090400_317340-043251.parquet,real_data_sample\l2_unseen_validation\trade_date=2026-07-17\exchange=NSE\symbol=KOTAKBANK\part-090400_317340-043251.parquet,35869,downloaded,35869,
2026-07-17,NSE,KOTAKBANK,raw_l2/trade_date=2026-07-17/exchange=NSE/symbol=KOTAKBANK/part-090820_905016-043827.parquet,real_data_sample\l2_unseen_validation\trade_date=2026-07-17\exchange=NSE\symbol=KOTAKBANK\part-090820_905016-043827.parquet,35847,downloaded,35847,
2026-07-17,NSE,KOTAKBANK,raw_l2/trade_date=2026-07-17/exchange=NSE/symbol=KOTAKBANK/part-090751_596276-043763.parquet,real_data_sample\l2_unseen_validation\trade_date=2026-07-17\exchange=NSE\symbol=KOTAKBANK\part-090751_596276-043763.parquet,35879,downloaded,35879,
2026-07-17,NSE,KOTAKBANK,raw_l2/trade_date=2026-07-17/exchange=NSE/symbol=KOTAKBANK/part-090806_516620-043795.parquet,real_data_sample\l2_unseen_validation\trade_date=2026-07-17\exchange=NSE\symbol=KOTAKBANK\part-090806_516620-043795.parquet,35844,downloaded,35844,
2026-07-17,NSE,KOTAKBANK,raw_l2/trade_date=2026-07-17/exchange=NSE/symbol=KOTAKBANK/part-090723_037300-043699.parquet,real_data_sample\l2_unseen_validation\trade_date=2026-07-17\exchange=NSE\symbol=KOTAKBANK\part-090723_037300-043699.parquet,36248,downloaded,36248,
2026-07-17,NSE,KOTAKBANK,raw_l2/trade_date=2026-07-17/exchange=NSE/symbol=KOTAKBANK/part-090513_262913-043411.parquet,real_data_sample\l2_unseen_validation\trade_date=2026-07-17\exchange=NSE\symbol=KOTAKBANK\part-090513_262913-043411.parquet,34975,downloaded,34975,
2026-07-17,NSE,KOTAKBANK,raw_l2/trade_date=2026-07-17/exchange=NSE/symbol=KOTAKBANK/part-090708_663670-043667.parquet,real_data_sample\l2_unseen_validation\trade_date=2026-07-17\exchange=NSE\symbol=KOTAKBANK\part-090708_663670-043667.parquet,35914,downloaded,35914,
2026-07-17,NSE,KOTAKBANK,raw_l2/trade_date=2026-07-17/exchange=NSE/symbol=KOTAKBANK/part-090639_576497-043603.parquet,real_data_sample\l2_unseen_validation\trade_date=2026-07-17\exchange=NSE\symbol=KOTAKBANK\part-090639_576497-043603.parquet,35940,downloaded,35940,
2026-07-17,NSE,KOTAKBANK,raw_l2/trade_date=2026-07-17/exchange=NSE/symbol=KOTAKBANK/part-090737_315953-043731.parquet,real_data_sample\l2_unseen_validation\trade_date=2026-07-17\exchange=NSE\symbol=KOTAKBANK\part-090737_315953-043731.parquet,36227,downloaded,36227,
2026-07-17,NSE,KOTAKBANK,raw_l2/trade_date=2026-07-17/exchange=NSE/symbol=KOTAKBANK/part-090458_498616-043379.parquet,real_data_sample\l2_unseen_validation\trade_date=2026-07-17\exchange=NSE\symbol=KOTAKBANK\part-090458_498616-043379.parquet,34763,downloaded,34763,
2026-07-17,NSE,KOTAKBANK,raw_l2/trade_date=2026-07-17/exchange=NSE/symbol=KOTAKBANK/part-090414_527988-043283.parquet,real_data_sample\l2_unseen_validation\trade_date=2026-07-17\exchange=NSE\symbol=KOTAKBANK\part-090414_527988-043283.parquet,35645,downloaded,35645,
2026-07-17,NSE,KOTAKBANK,raw_l2/trade_date=2026-07-17/exchange=NSE/symbol=KOTAKBANK/part-090428_948544-043315.parquet,real_data_sample\l2_unseen_validation\trade_date=2026-07-17\exchange=NSE\symbol=KOTAKBANK\part-090428_948544-043315.parquet,34672,downloaded,34672,
2026-07-17,NSE,KOTAKBANK,raw_l2/trade_date=2026-07-17/exchange=NSE/symbol=KOTAKBANK/part-090835_555585-043859.parquet,real_data_sample\l2_unseen_validation\trade_date=2026-07-17\exchange=NSE\symbol=KOTAKBANK\part-090835_555585-043859.parquet,35977,downloaded,35977,
2026-07-17,NSE,KOTAKBANK,raw_l2/trade_date=2026-07-17/exchange=NSE/symbol=KOTAKBANK/part-090850_159415-043891.parquet,real_data_sample\l2_unseen_validation\trade_date=2026-07-17\exchange=NSE\symbol=KOTAKBANK\part-090850_159415-043891.parquet,36088,downloaded,36088,
2026-07-17,NSE,KOTAKBANK,raw_l2/trade_date=2026-07-17/exchange=NSE/symbol=KOTAKBANK/part-090920_175759-043955.parquet,real_data_sample\l2_unseen_validation\trade_date=2026-07-17\exchange=NSE\symbol=KOTAKBANK\part-090920_175759-043955.parquet,35414,downloaded,35414,
2026-07-17,NSE,KOTAKBANK,raw_l2/trade_date=2026-07-17/exchange=NSE/symbol=KOTAKBANK/part-090934_781817-043987.parquet,real_data_sample\l2_unseen_validation\trade_date=2026-07-17\exchange=NSE\symbol=KOTAKBANK\part-090934_781817-043987.parquet,34614,downloaded,34614,
2026-07-17,NSE,KOTAKBANK,raw_l2/trade_date=2026-07-17/exchange=NSE/symbol=KOTAKBANK/part-090950_117598-044019.parquet,real_data_sample\l2_unseen_validation\trade_date=2026-07-17\exchange=NSE\symbol=KOTAKBANK\part-090950_117598-044019.parquet,34723,downloaded,34723,
2026-07-17,NSE,KOTAKBANK,raw_l2/trade_date=2026-07-17/exchange=NSE/symbol=KOTAKBANK/part-090905_114168-043923.parquet,real_data_sample\l2_unseen_validation\trade_date=2026-07-17\exchange=NSE\symbol=KOTAKBANK\part-090905_114168-043923.parquet,36004,downloaded,36004,
2026-07-17,NSE,KOTAKBANK,raw_l2/trade_date=2026-07-17/exchange=NSE/symbol=KOTAKBANK/part-091005_342750-044051.parquet,real_data_sample\l2_unseen_validation\trade_date=2026-07-17\exchange=NSE\symbol=KOTAKBANK\part-091005_342750-044051.parquet,34900,downloaded,34900,
2026-07-17,NSE,KOTAKBANK,raw_l2/trade_date=2026-07-17/exchange=NSE/symbol=KOTAKBANK/part-091048_995352-044147.parquet,real_data_sample\l2_unseen_validation\trade_date=2026-07-17\exchange=NSE\symbol=KOTAKBANK\part-091048_995352-044147.parquet,36196,downloaded,36196,
2026-07-17,NSE,KOTAKBANK,raw_l2/trade_date=2026-07-17/exchange=NSE/symbol=KOTAKBANK/part-091019_626754-044083.parquet,real_data_sample\l2_unseen_validation\trade_date=2026-07-17\exchange=NSE\symbol=KOTAKBANK\part-091019_626754-044083.parquet,36109,downloaded,36109,
2026-07-17,NSE,KOTAKBANK,raw_l2/trade_date=2026-07-17/exchange=NSE/symbol=KOTAKBANK/part-091034_366499-044115.parquet,real_data_sample\l2_unseen_validation\trade_date=2026-07-17\exchange=NSE\symbol=KOTAKBANK\part-091034_366499-044115.parquet,36165,downloaded,36165,
2026-07-17,NSE,KOTAKBANK,raw_l2/trade_date=2026-07-17/exchange=NSE/symbol=KOTAKBANK/part-091133_332145-044243.parquet,real_data_sample\l2_unseen_validation\trade_date=2026-07-17\exchange=NSE\symbol=KOTAKBANK\part-091133_332145-044243.parquet,35883,downloaded,35883,
2026-07-17,NSE,KOTAKBANK,raw_l2/trade_date=2026-07-17/exchange=NSE/symbol=KOTAKBANK/part-091118_423068-044211.parquet,real_data_sample\l2_unseen_validation\trade_date=2026-07-17\exchange=NSE\symbol=KOTAKBANK\part-091118_423068-044211.parquet,35858,downloaded,35858,
2026-07-17,NSE,KOTAKBANK,raw_l2/trade_date=2026-07-17/exchange=NSE/symbol=KOTAKBANK/part-091103_612054-044179.parquet,real_data_sample\l2_unseen_validation\trade_date=2026-07-17\exchange=NSE\symbol=KOTAKBANK\part-091103_612054-044179.parquet,36150,downloaded,36150,
2026-07-17,NSE,KOTAKBANK,raw_l2/trade_date=2026-07-17/exchange=NSE/symbol=KOTAKBANK/part-091147_672369-044275.parquet,real_data_sample\l2_unseen_validation\trade_date=2026-07-17\exchange=NSE\symbol=KOTAKBANK\part-091147_672369-044275.parquet,36491,downloaded,36491,
2026-07-17,NSE,KOTAKBANK,raw_l2/trade_date=2026-07-17/exchange=NSE/symbol=KOTAKBANK/part-091247_648054-044403.parquet,real_data_sample\l2_unseen_validation\trade_date=2026-07-17\exchange=NSE\symbol=KOTAKBANK\part-091247_648054-044403.parquet,36098,downloaded,36098,
2026-07-17,NSE,KOTAKBANK,raw_l2/trade_date=2026-07-17/exchange=NSE/symbol=KOTAKBANK/part-091428_925359-044627.parquet,real_data_sample\l2_unseen_validation\trade_date=2026-07-17\exchange=NSE\symbol=KOTAKBANK\part-091428_925359-044627.parquet,36298,downloaded,36298,
2026-07-17,NSE,KOTAKBANK,raw_l2/trade_date=2026-07-17/exchange=NSE/symbol=KOTAKBANK/part-091202_271100-044307.parquet,real_data_sample\l2_unseen_validation\trade_date=2026-07-17\exchange=NSE\symbol=KOTAKBANK\part-091202_271100-044307.parquet,36711,downloaded,36711,
2026-07-17,NSE,KOTAKBANK,raw_l2/trade_date=2026-07-17/exchange=NSE/symbol=KOTAKBANK/part-091217_438192-044339.parquet,real_data_sample\l2_unseen_validation\trade_date=2026-07-17\exchange=NSE\symbol=KOTAKBANK\part-091217_438192-044339.parquet,35949,downloaded,35949,
2026-07-17,NSE,KOTAKBANK,raw_l2/trade_date=2026-07-17/exchange=NSE/symbol=KOTAKBANK/part-091232_780459-044371.parquet,real_data_sample\l2_unseen_validation\trade_date=2026-07-17\exchange=NSE\symbol=KOTAKBANK\part-091232_780459-044371.parquet,36525,downloaded,36525,
2026-07-17,NSE,KOTAKBANK,raw_l2/trade_date=2026-07-17/exchange=NSE/symbol=KOTAKBANK/part-091457_706427-044691.parquet,real_data_sample\l2_unseen_validation\trade_date=2026-07-17\exchange=NSE\symbol=KOTAKBANK\part-091457_706427-044691.parquet,36229,downloaded,36229,
2026-07-17,NSE,KOTAKBANK,raw_l2/trade_date=2026-07-17/exchange=NSE/symbol=KOTAKBANK/part-091443_356363-044659.parquet,real_data_sample\l2_unseen_validation\trade_date=2026-07-17\exchange=NSE\symbol=KOTAKBANK\part-091443_356363-044659.parquet,36558,downloaded,36558,
2026-07-17,NSE,KOTAKBANK,raw_l2/trade_date=2026-07-17/exchange=NSE/symbol=KOTAKBANK/part-091345_613061-044531.parquet,real_data_sample\l2_unseen_validation\trade_date=2026-07-17\exchange=NSE\symbol=KOTAKBANK\part-091345_613061-044531.parquet,35877,downloaded,35877,
2026-07-17,NSE,KOTAKBANK,raw_l2/trade_date=2026-07-17/exchange=NSE/symbol=KOTAKBANK/part-091331_153825-044499.parquet,real_data_sample\l2_unseen_validation\trade_date=2026-07-17\exchange=NSE\symbol=KOTAKBANK\part-091331_153825-044499.parquet,36703,downloaded,36703,
2026-07-17,NSE,KOTAKBANK,raw_l2/trade_date=2026-07-17/exchange=NSE/symbol=KOTAKBANK/part-091526_352613-044755.parquet,real_data_sample\l2_unseen_validation\trade_date=2026-07-17\exchange=NSE\symbol=KOTAKBANK\part-091526_352613-044755.parquet,35897,downloaded,35897,
2026-07-17,NSE,KOTAKBANK,raw_l2/trade_date=2026-07-17/exchange=NSE/symbol=KOTAKBANK/part-091400_179615-044563.parquet,real_data_sample\l2_unseen_validation\trade_date=2026-07-17\exchange=NSE\symbol=KOTAKBANK\part-091400_179615-044563.parquet,35932,downloaded,35932,
2026-07-17,NSE,KOTAKBANK,raw_l2/trade_date=2026-07-17/exchange=NSE/symbol=KOTAKBANK/part-091414_533941-044595.parquet,real_data_sample\l2_unseen_validation\trade_date=2026-07-17\exchange=NSE\symbol=KOTAKBANK\part-091414_533941-044595.parquet,36109,downloaded,36109,
2026-07-17,NSE,KOTAKBANK,raw_l2/trade_date=2026-07-17/exchange=NSE/symbol=KOTAKBANK/part-091512_158044-044723.parquet,real_data_sample\l2_unseen_validation\trade_date=2026-07-17\exchange=NSE\symbol=KOTAKBANK\part-091512_158044-044723.parquet,36358,downloaded,36358,
2026-07-17,NSE,KOTAKBANK,raw_l2/trade_date=2026-07-17/exchange=NSE/symbol=KOTAKBANK/part-091316_698646-044467.parquet,real_data_sample\l2_unseen_validation\trade_date=2026-07-17\exchange=NSE\symbol=KOTAKBANK\part-091316_698646-044467.parquet,36169,downloaded,36169,
2026-07-17,NSE,KOTAKBANK,raw_l2/trade_date=2026-07-17/exchange=NSE/symbol=KOTAKBANK/part-091302_045202-044435.parquet,real_data_sample\l2_unseen_validation\trade_date=2026-07-17\exchange=NSE\symbol=KOTAKBANK\part-091302_045202-044435.parquet,36230,downloaded,36230,
2026-07-17,NSE,KOTAKBANK,raw_l2/trade_date=2026-07-17/exchange=NSE/symbol=KOTAKBANK/part-091609_881606-044851.parquet,real_data_sample\l2_unseen_validation\trade_date=2026-07-17\exchange=NSE\symbol=KOTAKBANK\part-091609_881606-044851.parquet,36422,downloaded,36422,
2026-07-17,NSE,KOTAKBANK,raw_l2/trade_date=2026-07-17/exchange=NSE/symbol=KOTAKBANK/part-091555_270734-044819.parquet,real_data_sample\l2_unseen_validation\trade_date=2026-07-17\exchange=NSE\symbol=KOTAKBANK\part-091555_270734-044819.parquet,36345,downloaded,36345,
2026-07-17,NSE,KOTAKBANK,raw_l2/trade_date=2026-07-17/exchange=NSE/symbol=KOTAKBANK/part-091652_741777-044947.parquet,real_data_sample\l2_unseen_validation\trade_date=2026-07-17\exchange=NSE\symbol=KOTAKBANK\part-091652_741777-044947.parquet,36122,downloaded,36122,
2026-07-17,NSE,KOTAKBANK,raw_l2/trade_date=2026-07-17/exchange=NSE/symbol=KOTAKBANK/part-091540_714072-044787.parquet,real_data_sample\l2_unseen_validation\trade_date=2026-07-17\exchange=NSE\symbol=KOTAKBANK\part-091540_714072-044787.parquet,35894,downloaded,35894,
2026-07-17,NSE,KOTAKBANK,raw_l2/trade_date=2026-07-17/exchange=NSE/symbol=KOTAKBANK/part-091638_576644-044915.parquet,real_data_sample\l2_unseen_validation\trade_date=2026-07-17\exchange=NSE\symbol=KOTAKBANK\part-091638_576644-044915.parquet,36032,downloaded,36032,
2026-07-17,NSE,KOTAKBANK,raw_l2/trade_date=2026-07-17/exchange=NSE/symbol=KOTAKBANK/part-091624_394482-044883.parquet,real_data_sample\l2_unseen_validation\trade_date=2026-07-17\exchange=NSE\symbol=KOTAKBANK\part-091624_394482-044883.parquet,36311,downloaded,36311,
2026-07-17,NSE,KOTAKBANK,raw_l2/trade_date=2026-07-17/exchange=NSE/symbol=KOTAKBANK/part-091707_039824-044979.parquet,real_data_sample\l2_unseen_validation\trade_date=2026-07-17\exchange=NSE\symbol=KOTAKBANK\part-091707_039824-044979.parquet,36624,downloaded,36624,
2026-07-17,NSE,KOTAKBANK,raw_l2/trade_date=2026-07-17/exchange=NSE/symbol=KOTAKBANK/part-091847_119980-045203.parquet,real_data_sample\l2_unseen_validation\trade_date=2026-07-17\exchange=NSE\symbol=KOTAKBANK\part-091847_119980-045203.parquet,36321,downloaded,36321,
2026-07-17,NSE,KOTAKBANK,raw_l2/trade_date=2026-07-17/exchange=NSE/symbol=KOTAKBANK/part-091818_377808-045139.parquet,real_data_sample\l2_unseen_validation\trade_date=2026-07-17\exchange=NSE\symbol=KOTAKBANK\part-091818_377808-045139.parquet,36245,downloaded,36245,
2026-07-17,NSE,KOTAKBANK,raw_l2/trade_date=2026-07-17/exchange=NSE/symbol=KOTAKBANK/part-091749_510402-045075.parquet,real_data_sample\l2_unseen_validation\trade_date=2026-07-17\exchange=NSE\symbol=KOTAKBANK\part-091749_510402-045075.parquet,36200,downloaded,36200,
2026-07-17,NSE,KOTAKBANK,raw_l2/trade_date=2026-07-17/exchange=NSE/symbol=KOTAKBANK/part-091803_907074-045107.parquet,real_data_sample\l2_unseen_validation\trade_date=2026-07-17\exchange=NSE\symbol=KOTAKBANK\part-091803_907074-045107.parquet,36198,downloaded,36198,
2026-07-17,NSE,KOTAKBANK,raw_l2/trade_date=2026-07-17/exchange=NSE/symbol=KOTAKBANK/part-091832_745089-045171.parquet,real_data_sample\l2_unseen_validation\trade_date=2026-07-17\exchange=NSE\symbol=KOTAKBANK\part-091832_745089-045171.parquet,36508,downloaded,36508,
2026-07-17,NSE,KOTAKBANK,raw_l2/trade_date=2026-07-17/exchange=NSE/symbol=KOTAKBANK/part-091721_217752-045011.parquet,real_data_sample\l2_unseen_validation\trade_date=2026-07-17\exchange=NSE\symbol=KOTAKBANK\part-091721_217752-045011.parquet,36303,downloaded,36303,
2026-07-17,NSE,KOTAKBANK,raw_l2/trade_date=2026-07-17/exchange=NSE/symbol=KOTAKBANK/part-091735_345478-045043.parquet,real_data_sample\l2_unseen_validation\trade_date=2026-07-17\exchange=NSE\symbol=KOTAKBANK\part-091735_345478-045043.parquet,35937,downloaded,35937,
2026-07-17,NSE,KOTAKBANK,raw_l2/trade_date=2026-07-17/exchange=NSE/symbol=KOTAKBANK/part-091901_541499-045235.parquet,real_data_sample\l2_unseen_validation\trade_date=2026-07-17\exchange=NSE\symbol=KOTAKBANK\part-091901_541499-045235.parquet,36777,downloaded,36777,
2026-07-17,NSE,KOTAKBANK,raw_l2/trade_date=2026-07-17/exchange=NSE/symbol=KOTAKBANK/part-091916_150349-045267.parquet,real_data_sample\l2_unseen_validation\trade_date=2026-07-17\exchange=NSE\symbol=KOTAKBANK\part-091916_150349-045267.parquet,36515,downloaded,36515,
2026-07-17,NSE,KOTAKBANK,raw_l2/trade_date=2026-07-17/exchange=NSE/symbol=KOTAKBANK/part-092041_763927-045459.parquet,real_data_sample\l2_unseen_validation\trade_date=2026-07-17\exchange=NSE\symbol=KOTAKBANK\part-092041_763927-045459.parquet,35772,downloaded,35772,
2026-07-17,NSE,KOTAKBANK,raw_l2/trade_date=2026-07-17/exchange=NSE/symbol=KOTAKBANK/part-092013_205832-045395.parquet,real_data_sample\l2_unseen_validation\trade_date=2026-07-17\exchange=NSE\symbol=KOTAKBANK\part-092013_205832-045395.parquet,35809,downloaded,35809,
2026-07-17,NSE,KOTAKBANK,raw_l2/trade_date=2026-07-17/exchange=NSE/symbol=KOTAKBANK/part-091958_895382-045363.parquet,real_data_sample\l2_unseen_validation\trade_date=2026-07-17\exchange=NSE\symbol=KOTAKBANK\part-091958_895382-045363.parquet,36151,downloaded,36151,
2026-07-17,NSE,KOTAKBANK,raw_l2/trade_date=2026-07-17/exchange=NSE/symbol=KOTAKBANK/part-091930_348864-045299.parquet,real_data_sample\l2_unseen_validation\trade_date=2026-07-17\exchange=NSE\symbol=KOTAKBANK\part-091930_348864-045299.parquet,36370,downloaded,36370,
2026-07-17,NSE,KOTAKBANK,raw_l2/trade_date=2026-07-17/exchange=NSE/symbol=KOTAKBANK/part-091944_651494-045331.parquet,real_data_sample\l2_unseen_validation\trade_date=2026-07-17\exchange=NSE\symbol=KOTAKBANK\part-091944_651494-045331.parquet,36296,downloaded,36296,
2026-07-17,NSE,KOTAKBANK,raw_l2/trade_date=2026-07-17/exchange=NSE/symbol=KOTAKBANK/part-092110_528438-045523.parquet,real_data_sample\l2_unseen_validation\trade_date=2026-07-17\exchange=NSE\symbol=KOTAKBANK\part-092110_528438-045523.parquet,36032,downloaded,36032,
2026-07-17,NSE,KOTAKBANK,raw_l2/trade_date=2026-07-17/exchange=NSE/symbol=KOTAKBANK/part-092027_545910-045427.parquet,real_data_sample\l2_unseen_validation\trade_date=2026-07-17\exchange=NSE\symbol=KOTAKBANK\part-092027_545910-045427.parquet,36362,downloaded,36362,
2026-07-17,NSE,KOTAKBANK,raw_l2/trade_date=2026-07-17/exchange=NSE/symbol=KOTAKBANK/part-092056_235314-045491.parquet,real_data_sample\l2_unseen_validation\trade_date=2026-07-17\exchange=NSE\symbol=KOTAKBANK\part-092056_235314-045491.parquet,36201,downloaded,36201,
2026-07-17,NSE,KOTAKBANK,raw_l2/trade_date=2026-07-17/exchange=NSE/symbol=KOTAKBANK/part-092447_026755-046003.parquet,real_data_sample\l2_unseen_validation\trade_date=2026-07-17\exchange=NSE\symbol=KOTAKBANK\part-092447_026755-046003.parquet,35975,downloaded,35975,
2026-07-17,NSE,KOTAKBANK,raw_l2/trade_date=2026-07-17/exchange=NSE/symbol=KOTAKBANK/part-092208_046177-045651.parquet,real_data_sample\l2_unseen_validation\trade_date=2026-07-17\exchange=NSE\symbol=KOTAKBANK\part-092208_046177-045651.parquet,36190,downloaded,36190,
2026-07-17,NSE,KOTAKBANK,raw_l2/trade_date=2026-07-17/exchange=NSE/symbol=KOTAKBANK/part-092153_852110-045619.parquet,real_data_sample\l2_unseen_validation\trade_date=2026-07-17\exchange=NSE\symbol=KOTAKBANK\part-092153_852110-045619.parquet,36224,downloaded,36224,
2026-07-17,NSE,KOTAKBANK,raw_l2/trade_date=2026-07-17/exchange=NSE/symbol=KOTAKBANK/part-092432_833440-045971.parquet,real_data_sample\l2_unseen_validation\trade_date=2026-07-17\exchange=NSE\symbol=KOTAKBANK\part-092432_833440-045971.parquet,36378,downloaded,36378,
2026-07-17,NSE,KOTAKBANK,raw_l2/trade_date=2026-07-17/exchange=NSE/symbol=KOTAKBANK/part-092222_339880-045683.parquet,real_data_sample\l2_unseen_validation\trade_date=2026-07-17\exchange=NSE\symbol=KOTAKBANK\part-092222_339880-045683.parquet,36112,downloaded,36112,
2026-07-17,NSE,KOTAKBANK,raw_l2/trade_date=2026-07-17/exchange=NSE/symbol=KOTAKBANK/part-092545_549524-046131.parquet,real_data_sample\l2_unseen_validation\trade_date=2026-07-17\exchange=NSE\symbol=KOTAKBANK\part-092545_549524-046131.parquet,36206,downloaded,36206,
2026-07-17,NSE,KOTAKBANK,raw_l2/trade_date=2026-07-17/exchange=NSE/symbol=KOTAKBANK/part-092530_884961-046099.parquet,real_data_sample\l2_unseen_validation\trade_date=2026-07-17\exchange=NSE\symbol=KOTAKBANK\part-092530_884961-046099.parquet,36054,downloaded,36054,
2026-07-17,NSE,KOTAKBANK,raw_l2/trade_date=2026-07-17/exchange=NSE/symbol=KOTAKBANK/part-092516_367146-046067.parquet,real_data_sample\l2_unseen_validation\trade_date=2026-07-17\exchange=NSE\symbol=KOTAKBANK\part-092516_367146-046067.parquet,36251,downloaded,36251,
2026-07-17,NSE,KOTAKBANK,raw_l2/trade_date=2026-07-17/exchange=NSE/symbol=KOTAKBANK/part-092501_671778-046035.parquet,real_data_sample\l2_unseen_validation\trade_date=2026-07-17\exchange=NSE\symbol=KOTAKBANK\part-092501_671778-046035.parquet,36123,downloaded,36123,
2026-07-17,NSE,KOTAKBANK,raw_l2/trade_date=2026-07-17/exchange=NSE/symbol=KOTAKBANK/part-092614_871626-046195.parquet,real_data_sample\l2_unseen_validation\trade_date=2026-07-17\exchange=NSE\symbol=KOTAKBANK\part-092614_871626-046195.parquet,36538,downloaded,36538,
2026-07-17,NSE,KOTAKBANK,raw_l2/trade_date=2026-07-17/exchange=NSE/symbol=KOTAKBANK/part-092418_152163-045939.parquet,real_data_sample\l2_unseen_validation\trade_date=2026-07-17\exchange=NSE\symbol=KOTAKBANK\part-092418_152163-045939.parquet,36105,downloaded,36105,
2026-07-17,NSE,KOTAKBANK,raw_l2/trade_date=2026-07-17/exchange=NSE/symbol=KOTAKBANK/part-092251_094651-045747.parquet,real_data_sample\l2_unseen_validation\trade_date=2026-07-17\exchange=NSE\symbol=KOTAKBANK\part-092251_094651-045747.parquet,36327,downloaded,36327,
2026-07-17,NSE,KOTAKBANK,raw_l2/trade_date=2026-07-17/exchange=NSE/symbol=KOTAKBANK/part-092236_652919-045715.parquet,real_data_sample\l2_unseen_validation\trade_date=2026-07-17\exchange=NSE\symbol=KOTAKBANK\part-092236_652919-045715.parquet,36790,downloaded,36790,
2026-07-17,NSE,KOTAKBANK,raw_l2/trade_date=2026-07-17/exchange=NSE/symbol=KOTAKBANK/part-092124_873661-045555.parquet,real_data_sample\l2_unseen_validation\trade_date=2026-07-17\exchange=NSE\symbol=KOTAKBANK\part-092124_873661-045555.parquet,36115,downloaded,36115,
2026-07-17,NSE,KOTAKBANK,raw_l2/trade_date=2026-07-17/exchange=NSE/symbol=KOTAKBANK/part-092305_346933-045779.parquet,real_data_sample\l2_unseen_validation\trade_date=2026-07-17\exchange=NSE\symbol=KOTAKBANK\part-092305_346933-045779.parquet,36469,downloaded,36469,
2026-07-17,NSE,KOTAKBANK,raw_l2/trade_date=2026-07-17/exchange=NSE/symbol=KOTAKBANK/part-092600_138838-046163.parquet,real_data_sample\l2_unseen_validation\trade_date=2026-07-17\exchange=NSE\symbol=KOTAKBANK\part-092600_138838-046163.parquet,36497,downloaded,36497,
2026-07-17,NSE,KOTAKBANK,raw_l2/trade_date=2026-07-17/exchange=NSE/symbol=KOTAKBANK/part-092349_150443-045875.parquet,real_data_sample\l2_unseen_validation\trade_date=2026-07-17\exchange=NSE\symbol=KOTAKBANK\part-092349_150443-045875.parquet,35980,downloaded,35980,
2026-07-17,NSE,KOTAKBANK,raw_l2/trade_date=2026-07-17/exchange=NSE/symbol=KOTAKBANK/part-092139_442434-045587.parquet,real_data_sample\l2_unseen_validation\trade_date=2026-07-17\exchange=NSE\symbol=KOTAKBANK\part-092139_442434-045587.parquet,35884,downloaded,35884,
2026-07-17,NSE,KOTAKBANK,raw_l2/trade_date=2026-07-17/exchange=NSE/symbol=KOTAKBANK/part-092334_805457-045843.parquet,real_data_sample\l2_unseen_validation\trade_date=2026-07-17\exchange=NSE\symbol=KOTAKBANK\part-092334_805457-045843.parquet,36444,downloaded,36444,
2026-07-17,NSE,KOTAKBANK,raw_l2/trade_date=2026-07-17/exchange=NSE/symbol=KOTAKBANK/part-092644_540700-046259.parquet,real_data_sample\l2_unseen_validation\trade_date=2026-07-17\exchange=NSE\symbol=KOTAKBANK\part-092644_540700-046259.parquet,36497,downloaded,36497,
2026-07-17,NSE,KOTAKBANK,raw_l2/trade_date=2026-07-17/exchange=NSE/symbol=KOTAKBANK/part-092658_790574-046291.parquet,real_data_sample\l2_unseen_validation\trade_date=2026-07-17\exchange=NSE\symbol=KOTAKBANK\part-092658_790574-046291.parquet,36042,downloaded,36042,
2026-07-17,NSE,KOTAKBANK,raw_l2/trade_date=2026-07-17/exchange=NSE/symbol=KOTAKBANK/part-092629_638325-046227.parquet,real_data_sample\l2_unseen_validation\trade_date=2026-07-17\exchange=NSE\symbol=KOTAKBANK\part-092629_638325-046227.parquet,36375,downloaded,36375,
2026-07-17,NSE,KOTAKBANK,raw_l2/trade_date=2026-07-17/exchange=NSE/symbol=KOTAKBANK/part-092320_108742-045811.parquet,real_data_sample\l2_unseen_validation\trade_date=2026-07-17\exchange=NSE\symbol=KOTAKBANK\part-092320_108742-045811.parquet,36201,downloaded,36201,
2026-07-17,NSE,KOTAKBANK,raw_l2/trade_date=2026-07-17/exchange=NSE/symbol=KOTAKBANK/part-092403_612850-045907.parquet,real_data_sample\l2_unseen_validation\trade_date=2026-07-17\exchange=NSE\symbol=KOTAKBANK\part-092403_612850-045907.parquet,36075,downloaded,36075,
2026-07-17,NSE,KOTAKBANK,raw_l2/trade_date=2026-07-17/exchange=NSE/symbol=KOTAKBANK/part-092727_403422-046355.parquet,real_data_sample\l2_unseen_validation\trade_date=2026-07-17\exchange=NSE\symbol=KOTAKBANK\part-092727_403422-046355.parquet,35931,downloaded,35931,
2026-07-17,NSE,KOTAKBANK,raw_l2/trade_date=2026-07-17/exchange=NSE/symbol=KOTAKBANK/part-092713_075216-046323.parquet,real_data_sample\l2_unseen_validation\trade_date=2026-07-17\exchange=NSE\symbol=KOTAKBANK\part-092713_075216-046323.parquet,35686,downloaded,35686,
2026-07-17,NSE,KOTAKBANK,raw_l2/trade_date=2026-07-17/exchange=NSE/symbol=KOTAKBANK/part-092854_102272-046547.parquet,real_data_sample\l2_unseen_validation\trade_date=2026-07-17\exchange=NSE\symbol=KOTAKBANK\part-092854_102272-046547.parquet,36479,downloaded,36479,
2026-07-17,NSE,KOTAKBANK,raw_l2/trade_date=2026-07-17/exchange=NSE/symbol=KOTAKBANK/part-092756_368435-046419.parquet,real_data_sample\l2_unseen_validation\trade_date=2026-07-17\exchange=NSE\symbol=KOTAKBANK\part-092756_368435-046419.parquet,35979,downloaded,35979,
2026-07-17,NSE,KOTAKBANK,raw_l2/trade_date=2026-07-17/exchange=NSE/symbol=KOTAKBANK/part-092741_974534-046387.parquet,real_data_sample\l2_unseen_validation\trade_date=2026-07-17\exchange=NSE\symbol=KOTAKBANK\part-092741_974534-046387.parquet,35927,downloaded,35927,
2026-07-17,NSE,KOTAKBANK,raw_l2/trade_date=2026-07-17/exchange=NSE/symbol=KOTAKBANK/part-092810_707830-046451.parquet,real_data_sample\l2_unseen_validation\trade_date=2026-07-17\exchange=NSE\symbol=KOTAKBANK\part-092810_707830-046451.parquet,35916,downloaded,35916,
2026-07-17,NSE,KOTAKBANK,raw_l2/trade_date=2026-07-17/exchange=NSE/symbol=KOTAKBANK/part-092825_199338-046483.parquet,real_data_sample\l2_unseen_validation\trade_date=2026-07-17\exchange=NSE\symbol=KOTAKBANK\part-092825_199338-046483.parquet,36101,downloaded,36101,
2026-07-17,NSE,KOTAKBANK,raw_l2/trade_date=2026-07-17/exchange=NSE/symbol=KOTAKBANK/part-092839_712362-046515.parquet,real_data_sample\l2_unseen_validation\trade_date=2026-07-17\exchange=NSE\symbol=KOTAKBANK\part-092839_712362-046515.parquet,36461,downloaded,36461,
2026-07-17,NSE,KOTAKBANK,raw_l2/trade_date=2026-07-17/exchange=NSE/symbol=KOTAKBANK/part-092908_834110-046579.parquet,real_data_sample\l2_unseen_validation\trade_date=2026-07-17\exchange=NSE\symbol=KOTAKBANK\part-092908_834110-046579.parquet,36460,downloaded,36460,
2026-07-17,NSE,KOTAKBANK,raw_l2/trade_date=2026-07-17/exchange=NSE/symbol=KOTAKBANK/part-092923_441264-046611.parquet,real_data_sample\l2_unseen_validation\trade_date=2026-07-17\exchange=NSE\symbol=KOTAKBANK\part-092923_441264-046611.parquet,35769,downloaded,35769,
2026-07-17,NSE,KOTAKBANK,raw_l2/trade_date=2026-07-17/exchange=NSE/symbol=KOTAKBANK/part-092937_949511-046643.parquet,real_data_sample\l2_unseen_validation\trade_date=2026-07-17\exchange=NSE\symbol=KOTAKBANK\part-092937_949511-046643.parquet,36539,downloaded,36539,
2026-07-17,NSE,KOTAKBANK,raw_l2/trade_date=2026-07-17/exchange=NSE/symbol=KOTAKBANK/part-092952_641950-046675.parquet,real_data_sample\l2_unseen_validation\trade_date=2026-07-17\exchange=NSE\symbol=KOTAKBANK\part-092952_641950-046675.parquet,36119,downloaded,36119,
2026-07-17,NSE,KOTAKBANK,raw_l2/trade_date=2026-07-17/exchange=NSE/symbol=KOTAKBANK/part-093036_556480-046771.parquet,real_data_sample\l2_unseen_validation\trade_date=2026-07-17\exchange=NSE\symbol=KOTAKBANK\part-093036_556480-046771.parquet,36165,downloaded,36165,
2026-07-17,NSE,KOTAKBANK,raw_l2/trade_date=2026-07-17/exchange=NSE/symbol=KOTAKBANK/part-093007_378144-046707.parquet,real_data_sample\l2_unseen_validation\trade_date=2026-07-17\exchange=NSE\symbol=KOTAKBANK\part-093007_378144-046707.parquet,35977,downloaded,35977,
2026-07-17,NSE,KOTAKBANK,raw_l2/trade_date=2026-07-17/exchange=NSE/symbol=KOTAKBANK/part-093021_997933-046739.parquet,real_data_sample\l2_unseen_validation\trade_date=2026-07-17\exchange=NSE\symbol=KOTAKBANK\part-093021_997933-046739.parquet,36500,downloaded,36500,
2026-07-17,NSE,KOTAKBANK,raw_l2/trade_date=2026-07-17/exchange=NSE/symbol=KOTAKBANK/part-093050_915536-046803.parquet,real_data_sample\l2_unseen_validation\trade_date=2026-07-17\exchange=NSE\symbol=KOTAKBANK\part-093050_915536-046803.parquet,36011,downloaded,36011,
2026-07-17,NSE,KOTAKBANK,raw_l2/trade_date=2026-07-17/exchange=NSE/symbol=KOTAKBANK/part-093148_111927-046931.parquet,real_data_sample\l2_unseen_validation\trade_date=2026-07-17\exchange=NSE\symbol=KOTAKBANK\part-093148_111927-046931.parquet,36058,downloaded,36058,
2026-07-17,NSE,KOTAKBANK,raw_l2/trade_date=2026-07-17/exchange=NSE/symbol=KOTAKBANK/part-093105_104354-046835.parquet,real_data_sample\l2_unseen_validation\trade_date=2026-07-17\exchange=NSE\symbol=KOTAKBANK\part-093105_104354-046835.parquet,36151,downloaded,36151,
2026-07-17,NSE,KOTAKBANK,raw_l2/trade_date=2026-07-17/exchange=NSE/symbol=KOTAKBANK/part-093133_662007-046899.parquet,real_data_sample\l2_unseen_validation\trade_date=2026-07-17\exchange=NSE\symbol=KOTAKBANK\part-093133_662007-046899.parquet,36186,downloaded,36186,
2026-07-17,NSE,KOTAKBANK,raw_l2/trade_date=2026-07-17/exchange=NSE/symbol=KOTAKBANK/part-093119_503047-046867.parquet,real_data_sample\l2_unseen_validation\trade_date=2026-07-17\exchange=NSE\symbol=KOTAKBANK\part-093119_503047-046867.parquet,36563,downloaded,36563,
2026-07-17,NSE,KOTAKBANK,raw_l2/trade_date=2026-07-17/exchange=NSE/symbol=KOTAKBANK/part-093230_469798-047027.parquet,real_data_sample\l2_unseen_validation\trade_date=2026-07-17\exchange=NSE\symbol=KOTAKBANK\part-093230_469798-047027.parquet,36435,downloaded,36435,
2026-07-17,NSE,KOTAKBANK,raw_l2/trade_date=2026-07-17/exchange=NSE/symbol=KOTAKBANK/part-093244_857360-047059.parquet,real_data_sample\l2_unseen_validation\trade_date=2026-07-17\exchange=NSE\symbol=KOTAKBANK\part-093244_857360-047059.parquet,36375,downloaded,36375,
2026-07-17,NSE,KOTAKBANK,raw_l2/trade_date=2026-07-17/exchange=NSE/symbol=KOTAKBANK/part-093216_400115-046995.parquet,real_data_sample\l2_unseen_validation\trade_date=2026-07-17\exchange=NSE\symbol=KOTAKBANK\part-093216_400115-046995.parquet,36095,downloaded,36095,
2026-07-17,NSE,KOTAKBANK,raw_l2/trade_date=2026-07-17/exchange=NSE/symbol=KOTAKBANK/part-093202_497586-046963.parquet,real_data_sample\l2_unseen_validation\trade_date=2026-07-17\exchange=NSE\symbol=KOTAKBANK\part-093202_497586-046963.parquet,36593,downloaded,36593,
2026-07-17,NSE,KOTAKBANK,raw_l2/trade_date=2026-07-17/exchange=NSE/symbol=KOTAKBANK/part-093258_944641-047091.parquet,real_data_sample\l2_unseen_validation\trade_date=2026-07-17\exchange=NSE\symbol=KOTAKBANK\part-093258_944641-047091.parquet,36531,downloaded,36531,
2026-07-17,NSE,KOTAKBANK,raw_l2/trade_date=2026-07-17/exchange=NSE/symbol=KOTAKBANK/part-093313_199570-047123.parquet,real_data_sample\l2_unseen_validation\trade_date=2026-07-17\exchange=NSE\symbol=KOTAKBANK\part-093313_199570-047123.parquet,35801,downloaded,35801,
2026-07-17,NSE,KOTAKBANK,raw_l2/trade_date=2026-07-17/exchange=NSE/symbol=KOTAKBANK/part-093327_460545-047155.parquet,real_data_sample\l2_unseen_validation\trade_date=2026-07-17\exchange=NSE\symbol=KOTAKBANK\part-093327_460545-047155.parquet,35709,downloaded,35709,
2026-07-17,NSE,KOTAKBANK,raw_l2/trade_date=2026-07-17/exchange=NSE/symbol=KOTAKBANK/part-093341_505178-047187.parquet,real_data_sample\l2_unseen_validation\trade_date=2026-07-17\exchange=NSE\symbol=KOTAKBANK\part-093341_505178-047187.parquet,36118,downloaded,36118,
2026-07-17,NSE,KOTAKBANK,raw_l2/trade_date=2026-07-17/exchange=NSE/symbol=KOTAKBANK/part-093646_644708-047603.parquet,real_data_sample\l2_unseen_validation\trade_date=2026-07-17\exchange=NSE\symbol=KOTAKBANK\part-093646_644708-047603.parquet,36287,downloaded,36287,
2026-07-17,NSE,KOTAKBANK,raw_l2/trade_date=2026-07-17/exchange=NSE/symbol=KOTAKBANK/part-093506_402804-047379.parquet,real_data_sample\l2_unseen_validation\trade_date=2026-07-17\exchange=NSE\symbol=KOTAKBANK\part-093506_402804-047379.parquet,36081,downloaded,36081,
2026-07-17,NSE,KOTAKBANK,raw_l2/trade_date=2026-07-17/exchange=NSE/symbol=KOTAKBANK/part-093452_003436-047347.parquet,real_data_sample\l2_unseen_validation\trade_date=2026-07-17\exchange=NSE\symbol=KOTAKBANK\part-093452_003436-047347.parquet,36130,downloaded,36130,
2026-07-17,NSE,KOTAKBANK,raw_l2/trade_date=2026-07-17/exchange=NSE/symbol=KOTAKBANK/part-093700_688319-047635.parquet,real_data_sample\l2_unseen_validation\trade_date=2026-07-17\exchange=NSE\symbol=KOTAKBANK\part-093700_688319-047635.parquet,35990,downloaded,35990,
2026-07-17,NSE,KOTAKBANK,raw_l2/trade_date=2026-07-17/exchange=NSE/symbol=KOTAKBANK/part-093618_273355-047539.parquet,real_data_sample\l2_unseen_validation\trade_date=2026-07-17\exchange=NSE\symbol=KOTAKBANK\part-093618_273355-047539.parquet,36466,downloaded,36466,
2026-07-17,NSE,KOTAKBANK,raw_l2/trade_date=2026-07-17/exchange=NSE/symbol=KOTAKBANK/part-093632_485235-047571.parquet,real_data_sample\l2_unseen_validation\trade_date=2026-07-17\exchange=NSE\symbol=KOTAKBANK\part-093632_485235-047571.parquet,36699,downloaded,36699,
2026-07-17,NSE,KOTAKBANK,raw_l2/trade_date=2026-07-17/exchange=NSE/symbol=KOTAKBANK/part-093520_790259-047411.parquet,real_data_sample\l2_unseen_validation\trade_date=2026-07-17\exchange=NSE\symbol=KOTAKBANK\part-093520_790259-047411.parquet,36436,downloaded,36436,
2026-07-17,NSE,KOTAKBANK,raw_l2/trade_date=2026-07-17/exchange=NSE/symbol=KOTAKBANK/part-093409_711514-047251.parquet,real_data_sample\l2_unseen_validation\trade_date=2026-07-17\exchange=NSE\symbol=KOTAKBANK\part-093409_711514-047251.parquet,36439,downloaded,36439,
2026-07-17,NSE,KOTAKBANK,raw_l2/trade_date=2026-07-17/exchange=NSE/symbol=KOTAKBANK/part-093355_628654-047219.parquet,real_data_sample\l2_unseen_validation\trade_date=2026-07-17\exchange=NSE\symbol=KOTAKBANK\part-093355_628654-047219.parquet,35995,downloaded,35995,
2026-07-17,NSE,KOTAKBANK,raw_l2/trade_date=2026-07-17/exchange=NSE/symbol=KOTAKBANK/part-093535_066764-047443.parquet,real_data_sample\l2_unseen_validation\trade_date=2026-07-17\exchange=NSE\symbol=KOTAKBANK\part-093535_066764-047443.parquet,36131,downloaded,36131,
2026-07-17,NSE,KOTAKBANK,raw_l2/trade_date=2026-07-17/exchange=NSE/symbol=KOTAKBANK/part-093549_313858-047475.parquet,real_data_sample\l2_unseen_validation\trade_date=2026-07-17\exchange=NSE\symbol=KOTAKBANK\part-093549_313858-047475.parquet,36142,downloaded,36142,
2026-07-17,NSE,KOTAKBANK,raw_l2/trade_date=2026-07-17/exchange=NSE/symbol=KOTAKBANK/part-093714_727342-047667.parquet,real_data_sample\l2_unseen_validation\trade_date=2026-07-17\exchange=NSE\symbol=KOTAKBANK\part-093714_727342-047667.parquet,36483,downloaded,36483,
2026-07-17,NSE,KOTAKBANK,raw_l2/trade_date=2026-07-17/exchange=NSE/symbol=KOTAKBANK/part-093603_836996-047507.parquet,real_data_sample\l2_unseen_validation\trade_date=2026-07-17\exchange=NSE\symbol=KOTAKBANK\part-093603_836996-047507.parquet,35888,downloaded,35888,
2026-07-17,NSE,KOTAKBANK,raw_l2/trade_date=2026-07-17/exchange=NSE/symbol=KOTAKBANK/part-093423_715741-047283.parquet,real_data_sample\l2_unseen_validation\trade_date=2026-07-17\exchange=NSE\symbol=KOTAKBANK\part-093423_715741-047283.parquet,36047,downloaded,36047,
2026-07-17,NSE,KOTAKBANK,raw_l2/trade_date=2026-07-17/exchange=NSE/symbol=KOTAKBANK/part-093437_822519-047315.parquet,real_data_sample\l2_unseen_validation\trade_date=2026-07-17\exchange=NSE\symbol=KOTAKBANK\part-093437_822519-047315.parquet,36051,downloaded,36051,
2026-07-17,NSE,KOTAKBANK,raw_l2/trade_date=2026-07-17/exchange=NSE/symbol=KOTAKBANK/part-093756_733252-047763.parquet,real_data_sample\l2_unseen_validation\trade_date=2026-07-17\exchange=NSE\symbol=KOTAKBANK\part-093756_733252-047763.parquet,35864,downloaded,35864,
2026-07-17,NSE,KOTAKBANK,raw_l2/trade_date=2026-07-17/exchange=NSE/symbol=KOTAKBANK/part-093728_572388-047699.parquet,real_data_sample\l2_unseen_validation\trade_date=2026-07-17\exchange=NSE\symbol=KOTAKBANK\part-093728_572388-047699.parquet,35945,downloaded,35945,
2026-07-17,NSE,KOTAKBANK,raw_l2/trade_date=2026-07-17/exchange=NSE/symbol=KOTAKBANK/part-093825_039738-047827.parquet,real_data_sample\l2_unseen_validation\trade_date=2026-07-17\exchange=NSE\symbol=KOTAKBANK\part-093825_039738-047827.parquet,36231,downloaded,36231,
2026-07-17,NSE,KOTAKBANK,raw_l2/trade_date=2026-07-17/exchange=NSE/symbol=KOTAKBANK/part-093839_283293-047859.parquet,real_data_sample\l2_unseen_validation\trade_date=2026-07-17\exchange=NSE\symbol=KOTAKBANK\part-093839_283293-047859.parquet,35924,downloaded,35924,
2026-07-17,NSE,KOTAKBANK,raw_l2/trade_date=2026-07-17/exchange=NSE/symbol=KOTAKBANK/part-093853_454357-047891.parquet,real_data_sample\l2_unseen_validation\trade_date=2026-07-17\exchange=NSE\symbol=KOTAKBANK\part-093853_454357-047891.parquet,36737,downloaded,36737,
2026-07-17,NSE,KOTAKBANK,raw_l2/trade_date=2026-07-17/exchange=NSE/symbol=KOTAKBANK/part-093922_530454-047955.parquet,real_data_sample\l2_unseen_validation\trade_date=2026-07-17\exchange=NSE\symbol=KOTAKBANK\part-093922_530454-047955.parquet,36071,downloaded,36071,
2026-07-17,NSE,KOTAKBANK,raw_l2/trade_date=2026-07-17/exchange=NSE/symbol=KOTAKBANK/part-093936_724535-047987.parquet,real_data_sample\l2_unseen_validation\trade_date=2026-07-17\exchange=NSE\symbol=KOTAKBANK\part-093936_724535-047987.parquet,36736,downloaded,36736,
2026-07-17,NSE,KOTAKBANK,raw_l2/trade_date=2026-07-17/exchange=NSE/symbol=KOTAKBANK/part-094019_699157-048083.parquet,real_data_sample\l2_unseen_validation\trade_date=2026-07-17\exchange=NSE\symbol=KOTAKBANK\part-094019_699157-048083.parquet,36129,downloaded,36129,
2026-07-17,NSE,KOTAKBANK,raw_l2/trade_date=2026-07-17/exchange=NSE/symbol=KOTAKBANK/part-093951_208729-048019.parquet,real_data_sample\l2_unseen_validation\trade_date=2026-07-17\exchange=NSE\symbol=KOTAKBANK\part-093951_208729-048019.parquet,36116,downloaded,36116,
2026-07-17,NSE,KOTAKBANK,raw_l2/trade_date=2026-07-17/exchange=NSE/symbol=KOTAKBANK/part-094005_504173-048051.parquet,real_data_sample\l2_unseen_validation\trade_date=2026-07-17\exchange=NSE\symbol=KOTAKBANK\part-094005_504173-048051.parquet,36437,downloaded,36437,
2026-07-17,NSE,KOTAKBANK,raw_l2/trade_date=2026-07-17/exchange=NSE/symbol=KOTAKBANK/part-094131_498743-048243.parquet,real_data_sample\l2_unseen_validation\trade_date=2026-07-17\exchange=NSE\symbol=KOTAKBANK\part-094131_498743-048243.parquet,36061,downloaded,36061,
2026-07-17,NSE,KOTAKBANK,raw_l2/trade_date=2026-07-17/exchange=NSE/symbol=KOTAKBANK/part-094145_991183-048275.parquet,real_data_sample\l2_unseen_validation\trade_date=2026-07-17\exchange=NSE\symbol=KOTAKBANK\part-094145_991183-048275.parquet,35890,downloaded,35890,
2026-07-17,NSE,KOTAKBANK,raw_l2/trade_date=2026-07-17/exchange=NSE/symbol=KOTAKBANK/part-094034_109007-048115.parquet,real_data_sample\l2_unseen_validation\trade_date=2026-07-17\exchange=NSE\symbol=KOTAKBANK\part-094034_109007-048115.parquet,36333,downloaded,36333,
2026-07-17,NSE,KOTAKBANK,raw_l2/trade_date=2026-07-17/exchange=NSE/symbol=KOTAKBANK/part-094102_676331-048179.parquet,real_data_sample\l2_unseen_validation\trade_date=2026-07-17\exchange=NSE\symbol=KOTAKBANK\part-094102_676331-048179.parquet,36123,downloaded,36123,
2026-07-17,NSE,KOTAKBANK,raw_l2/trade_date=2026-07-17/exchange=NSE/symbol=KOTAKBANK/part-094048_332980-048147.parquet,real_data_sample\l2_unseen_validation\trade_date=2026-07-17\exchange=NSE\symbol=KOTAKBANK\part-094048_332980-048147.parquet,35870,downloaded,35870,
2026-07-17,NSE,KOTAKBANK,raw_l2/trade_date=2026-07-17/exchange=NSE/symbol=KOTAKBANK/part-094117_107236-048211.parquet,real_data_sample\l2_unseen_validation\trade_date=2026-07-17\exchange=NSE\symbol=KOTAKBANK\part-094117_107236-048211.parquet,36482,downloaded,36482,
2026-07-17,NSE,KOTAKBANK,raw_l2/trade_date=2026-07-17/exchange=NSE/symbol=KOTAKBANK/part-094214_769821-048339.parquet,real_data_sample\l2_unseen_validation\trade_date=2026-07-17\exchange=NSE\symbol=KOTAKBANK\part-094214_769821-048339.parquet,35981,downloaded,35981,
2026-07-17,NSE,KOTAKBANK,raw_l2/trade_date=2026-07-17/exchange=NSE/symbol=KOTAKBANK/part-094200_383576-048307.parquet,real_data_sample\l2_unseen_validation\trade_date=2026-07-17\exchange=NSE\symbol=KOTAKBANK\part-094200_383576-048307.parquet,36012,downloaded,36012,
2026-07-17,NSE,KOTAKBANK,raw_l2/trade_date=2026-07-17/exchange=NSE/symbol=KOTAKBANK/part-094409_369617-048595.parquet,real_data_sample\l2_unseen_validation\trade_date=2026-07-17\exchange=NSE\symbol=KOTAKBANK\part-094409_369617-048595.parquet,34690,downloaded,34690,
2026-07-17,NSE,KOTAKBANK,raw_l2/trade_date=2026-07-17/exchange=NSE/symbol=KOTAKBANK/part-094617_940063-048883.parquet,real_data_sample\l2_unseen_validation\trade_date=2026-07-17\exchange=NSE\symbol=KOTAKBANK\part-094617_940063-048883.parquet,35914,downloaded,35914,
2026-07-17,NSE,KOTAKBANK,raw_l2/trade_date=2026-07-17/exchange=NSE/symbol=KOTAKBANK/part-094506_486713-048723.parquet,real_data_sample\l2_unseen_validation\trade_date=2026-07-17\exchange=NSE\symbol=KOTAKBANK\part-094506_486713-048723.parquet,36641,downloaded,36641,
2026-07-17,NSE,KOTAKBANK,raw_l2/trade_date=2026-07-17/exchange=NSE/symbol=KOTAKBANK/part-094340_380310-048531.parquet,real_data_sample\l2_unseen_validation\trade_date=2026-07-17\exchange=NSE\symbol=KOTAKBANK\part-094340_380310-048531.parquet,34528,downloaded,34528,
2026-07-17,NSE,KOTAKBANK,raw_l2/trade_date=2026-07-17/exchange=NSE/symbol=KOTAKBANK/part-094520_670712-048755.parquet,real_data_sample\l2_unseen_validation\trade_date=2026-07-17\exchange=NSE\symbol=KOTAKBANK\part-094520_670712-048755.parquet,36061,downloaded,36061,
2026-07-17,NSE,KOTAKBANK,raw_l2/trade_date=2026-07-17/exchange=NSE/symbol=KOTAKBANK/part-094549_122757-048819.parquet,real_data_sample\l2_unseen_validation\trade_date=2026-07-17\exchange=NSE\symbol=KOTAKBANK\part-094549_122757-048819.parquet,35953,downloaded,35953,
2026-07-17,NSE,KOTAKBANK,raw_l2/trade_date=2026-07-17/exchange=NSE/symbol=KOTAKBANK/part-094311_753447-048467.parquet,real_data_sample\l2_unseen_validation\trade_date=2026-07-17\exchange=NSE\symbol=KOTAKBANK\part-094311_753447-048467.parquet,36026,downloaded,36026,
2026-07-17,NSE,KOTAKBANK,raw_l2/trade_date=2026-07-17/exchange=NSE/symbol=KOTAKBANK/part-094646_139939-048947.parquet,real_data_sample\l2_unseen_validation\trade_date=2026-07-17\exchange=NSE\symbol=KOTAKBANK\part-094646_139939-048947.parquet,35919,downloaded,35919,
2026-07-17,NSE,KOTAKBANK,raw_l2/trade_date=2026-07-17/exchange=NSE/symbol=KOTAKBANK/part-094700_315126-048979.parquet,real_data_sample\l2_unseen_validation\trade_date=2026-07-17\exchange=NSE\symbol=KOTAKBANK\part-094700_315126-048979.parquet,35777,downloaded,35777,
2026-07-17,NSE,KOTAKBANK,raw_l2/trade_date=2026-07-17/exchange=NSE/symbol=KOTAKBANK/part-094534_785018-048787.parquet,real_data_sample\l2_unseen_validation\trade_date=2026-07-17\exchange=NSE\symbol=KOTAKBANK\part-094534_785018-048787.parquet,36141,downloaded,36141,
2026-07-17,NSE,KOTAKBANK,raw_l2/trade_date=2026-07-17/exchange=NSE/symbol=KOTAKBANK/part-094632_174683-048915.parquet,real_data_sample\l2_unseen_validation\trade_date=2026-07-17\exchange=NSE\symbol=KOTAKBANK\part-094632_174683-048915.parquet,35862,downloaded,35862,
2026-07-17,NSE,KOTAKBANK,raw_l2/trade_date=2026-07-17/exchange=NSE/symbol=KOTAKBANK/part-094714_542923-049011.parquet,real_data_sample\l2_unseen_validation\trade_date=2026-07-17\exchange=NSE\symbol=KOTAKBANK\part-094714_542923-049011.parquet,35957,downloaded,35957,
2026-07-17,NSE,KOTAKBANK,raw_l2/trade_date=2026-07-17/exchange=NSE/symbol=KOTAKBANK/part-094603_536889-048851.parquet,real_data_sample\l2_unseen_validation\trade_date=2026-07-17\exchange=NSE\symbol=KOTAKBANK\part-094603_536889-048851.parquet,35985,downloaded,35985,
2026-07-17,NSE,KOTAKBANK,raw_l2/trade_date=2026-07-17/exchange=NSE/symbol=KOTAKBANK/part-094452_280272-048691.parquet,real_data_sample\l2_unseen_validation\trade_date=2026-07-17\exchange=NSE\symbol=KOTAKBANK\part-094452_280272-048691.parquet,36322,downloaded,36322,
2026-07-17,NSE,KOTAKBANK,raw_l2/trade_date=2026-07-17/exchange=NSE/symbol=KOTAKBANK/part-094229_230010-048371.parquet,real_data_sample\l2_unseen_validation\trade_date=2026-07-17\exchange=NSE\symbol=KOTAKBANK\part-094229_230010-048371.parquet,35649,downloaded,35649,
2026-07-17,NSE,KOTAKBANK,raw_l2/trade_date=2026-07-17/exchange=NSE/symbol=KOTAKBANK/part-094423_612188-048627.parquet,real_data_sample\l2_unseen_validation\trade_date=2026-07-17\exchange=NSE\symbol=KOTAKBANK\part-094423_612188-048627.parquet,35755,downloaded,35755,
2026-07-17,NSE,KOTAKBANK,raw_l2/trade_date=2026-07-17/exchange=NSE/symbol=KOTAKBANK/part-094243_536177-048403.parquet,real_data_sample\l2_unseen_validation\trade_date=2026-07-17\exchange=NSE\symbol=KOTAKBANK\part-094243_536177-048403.parquet,35828,downloaded,35828,
2026-07-17,NSE,KOTAKBANK,raw_l2/trade_date=2026-07-17/exchange=NSE/symbol=KOTAKBANK/part-094257_712539-048435.parquet,real_data_sample\l2_unseen_validation\trade_date=2026-07-17\exchange=NSE\symbol=KOTAKBANK\part-094257_712539-048435.parquet,35957,downloaded,35957,
2026-07-17,NSE,KOTAKBANK,raw_l2/trade_date=2026-07-17/exchange=NSE/symbol=KOTAKBANK/part-094437_932963-048659.parquet,real_data_sample\l2_unseen_validation\trade_date=2026-07-17\exchange=NSE\symbol=KOTAKBANK\part-094437_932963-048659.parquet,36071,downloaded,36071,
2026-07-17,NSE,KOTAKBANK,raw_l2/trade_date=2026-07-17/exchange=NSE/symbol=KOTAKBANK/part-094354_917395-048563.parquet,real_data_sample\l2_unseen_validation\trade_date=2026-07-17\exchange=NSE\symbol=KOTAKBANK\part-094354_917395-048563.parquet,34441,downloaded,34441,
2026-07-17,NSE,KOTAKBANK,raw_l2/trade_date=2026-07-17/exchange=NSE/symbol=KOTAKBANK/part-094728_774713-049043.parquet,real_data_sample\l2_unseen_validation\trade_date=2026-07-17\exchange=NSE\symbol=KOTAKBANK\part-094728_774713-049043.parquet,34486,downloaded,34486,
2026-07-17,NSE,KOTAKBANK,raw_l2/trade_date=2026-07-17/exchange=NSE/symbol=KOTAKBANK/part-094743_093646-049075.parquet,real_data_sample\l2_unseen_validation\trade_date=2026-07-17\exchange=NSE\symbol=KOTAKBANK\part-094743_093646-049075.parquet,34474,downloaded,34474,
2026-07-17,NSE,KOTAKBANK,raw_l2/trade_date=2026-07-17/exchange=NSE/symbol=KOTAKBANK/part-094326_106477-048499.parquet,real_data_sample\l2_unseen_validation\trade_date=2026-07-17\exchange=NSE\symbol=KOTAKBANK\part-094326_106477-048499.parquet,34409,downloaded,34409,
2026-07-17,NSE,KOTAKBANK,raw_l2/trade_date=2026-07-17/exchange=NSE/symbol=KOTAKBANK/part-094757_490955-049107.parquet,real_data_sample\l2_unseen_validation\trade_date=2026-07-17\exchange=NSE\symbol=KOTAKBANK\part-094757_490955-049107.parquet,34475,downloaded,34475,
2026-07-17,NSE,KOTAKBANK,raw_l2/trade_date=2026-07-17/exchange=NSE/symbol=KOTAKBANK/part-094825_754794-049171.parquet,real_data_sample\l2_unseen_validation\trade_date=2026-07-17\exchange=NSE\symbol=KOTAKBANK\part-094825_754794-049171.parquet,36133,downloaded,36133,
2026-07-17,NSE,KOTAKBANK,raw_l2/trade_date=2026-07-17/exchange=NSE/symbol=KOTAKBANK/part-094840_109728-049203.parquet,real_data_sample\l2_unseen_validation\trade_date=2026-07-17\exchange=NSE\symbol=KOTAKBANK\part-094840_109728-049203.parquet,36348,downloaded,36348,
2026-07-17,NSE,KOTAKBANK,raw_l2/trade_date=2026-07-17/exchange=NSE/symbol=KOTAKBANK/part-094811_692685-049139.parquet,real_data_sample\l2_unseen_validation\trade_date=2026-07-17\exchange=NSE\symbol=KOTAKBANK\part-094811_692685-049139.parquet,34703,downloaded,34703,
2026-07-17,NSE,KOTAKBANK,raw_l2/trade_date=2026-07-17/exchange=NSE/symbol=KOTAKBANK/part-094854_408436-049235.parquet,real_data_sample\l2_unseen_validation\trade_date=2026-07-17\exchange=NSE\symbol=KOTAKBANK\part-094854_408436-049235.parquet,36357,downloaded,36357,
2026-07-17,NSE,KOTAKBANK,raw_l2/trade_date=2026-07-17/exchange=NSE/symbol=KOTAKBANK/part-095005_688759-049395.parquet,real_data_sample\l2_unseen_validation\trade_date=2026-07-17\exchange=NSE\symbol=KOTAKBANK\part-095005_688759-049395.parquet,36240,downloaded,36240,
2026-07-17,NSE,KOTAKBANK,raw_l2/trade_date=2026-07-17/exchange=NSE/symbol=KOTAKBANK/part-094923_096907-049299.parquet,real_data_sample\l2_unseen_validation\trade_date=2026-07-17\exchange=NSE\symbol=KOTAKBANK\part-094923_096907-049299.parquet,36620,downloaded,36620,
2026-07-17,NSE,KOTAKBANK,raw_l2/trade_date=2026-07-17/exchange=NSE/symbol=KOTAKBANK/part-094908_757634-049267.parquet,real_data_sample\l2_unseen_validation\trade_date=2026-07-17\exchange=NSE\symbol=KOTAKBANK\part-094908_757634-049267.parquet,36304,downloaded,36304,
2026-07-17,NSE,KOTAKBANK,raw_l2/trade_date=2026-07-17/exchange=NSE/symbol=KOTAKBANK/part-095019_955242-049427.parquet,real_data_sample\l2_unseen_validation\trade_date=2026-07-17\exchange=NSE\symbol=KOTAKBANK\part-095019_955242-049427.parquet,36324,downloaded,36324,
2026-07-17,NSE,KOTAKBANK,raw_l2/trade_date=2026-07-17/exchange=NSE/symbol=KOTAKBANK/part-094951_534962-049363.parquet,real_data_sample\l2_unseen_validation\trade_date=2026-07-17\exchange=NSE\symbol=KOTAKBANK\part-094951_534962-049363.parquet,35993,downloaded,35993,
2026-07-17,NSE,KOTAKBANK,raw_l2/trade_date=2026-07-17/exchange=NSE/symbol=KOTAKBANK/part-095130_589578-049587.parquet,real_data_sample\l2_unseen_validation\trade_date=2026-07-17\exchange=NSE\symbol=KOTAKBANK\part-095130_589578-049587.parquet,36518,downloaded,36518,
2026-07-17,NSE,KOTAKBANK,raw_l2/trade_date=2026-07-17/exchange=NSE/symbol=KOTAKBANK/part-095421_253702-049971.parquet,real_data_sample\l2_unseen_validation\trade_date=2026-07-17\exchange=NSE\symbol=KOTAKBANK\part-095421_253702-049971.parquet,36733,downloaded,36733,
2026-07-17,NSE,KOTAKBANK,raw_l2/trade_date=2026-07-17/exchange=NSE/symbol=KOTAKBANK/part-095158_616799-049651.parquet,real_data_sample\l2_unseen_validation\trade_date=2026-07-17\exchange=NSE\symbol=KOTAKBANK\part-095158_616799-049651.parquet,36120,downloaded,36120,
2026-07-17,NSE,KOTAKBANK,raw_l2/trade_date=2026-07-17/exchange=NSE/symbol=KOTAKBANK/part-095034_260007-049459.parquet,real_data_sample\l2_unseen_validation\trade_date=2026-07-17\exchange=NSE\symbol=KOTAKBANK\part-095034_260007-049459.parquet,36293,downloaded,36293,
2026-07-17,NSE,KOTAKBANK,raw_l2/trade_date=2026-07-17/exchange=NSE/symbol=KOTAKBANK/part-094937_381142-049331.parquet,real_data_sample\l2_unseen_validation\trade_date=2026-07-17\exchange=NSE\symbol=KOTAKBANK\part-094937_381142-049331.parquet,36302,downloaded,36302,
2026-07-17,NSE,KOTAKBANK,raw_l2/trade_date=2026-07-17/exchange=NSE/symbol=KOTAKBANK/part-095102_484779-049523.parquet,real_data_sample\l2_unseen_validation\trade_date=2026-07-17\exchange=NSE\symbol=KOTAKBANK\part-095102_484779-049523.parquet,36284,downloaded,36284,
2026-07-17,NSE,KOTAKBANK,raw_l2/trade_date=2026-07-17/exchange=NSE/symbol=KOTAKBANK/part-095406_790353-049939.parquet,real_data_sample\l2_unseen_validation\trade_date=2026-07-17\exchange=NSE\symbol=KOTAKBANK\part-095406_790353-049939.parquet,36163,downloaded,36163,
2026-07-17,NSE,KOTAKBANK,raw_l2/trade_date=2026-07-17/exchange=NSE/symbol=KOTAKBANK/part-095532_178395-050131.parquet,real_data_sample\l2_unseen_validation\trade_date=2026-07-17\exchange=NSE\symbol=KOTAKBANK\part-095532_178395-050131.parquet,36766,downloaded,36766,
2026-07-17,NSE,KOTAKBANK,raw_l2/trade_date=2026-07-17/exchange=NSE/symbol=KOTAKBANK/part-095227_197271-049715.parquet,real_data_sample\l2_unseen_validation\trade_date=2026-07-17\exchange=NSE\symbol=KOTAKBANK\part-095227_197271-049715.parquet,36030,downloaded,36030,
2026-07-17,NSE,KOTAKBANK,raw_l2/trade_date=2026-07-17/exchange=NSE/symbol=KOTAKBANK/part-095048_458920-049491.parquet,real_data_sample\l2_unseen_validation\trade_date=2026-07-17\exchange=NSE\symbol=KOTAKBANK\part-095048_458920-049491.parquet,36481,downloaded,36481,
2026-07-17,NSE,KOTAKBANK,raw_l2/trade_date=2026-07-17/exchange=NSE/symbol=KOTAKBANK/part-095338_003393-049875.parquet,real_data_sample\l2_unseen_validation\trade_date=2026-07-17\exchange=NSE\symbol=KOTAKBANK\part-095338_003393-049875.parquet,36400,downloaded,36400,
2026-07-17,NSE,KOTAKBANK,raw_l2/trade_date=2026-07-17/exchange=NSE/symbol=KOTAKBANK/part-095116_634931-049555.parquet,real_data_sample\l2_unseen_validation\trade_date=2026-07-17\exchange=NSE\symbol=KOTAKBANK\part-095116_634931-049555.parquet,36352,downloaded,36352,
2026-07-17,NSE,KOTAKBANK,raw_l2/trade_date=2026-07-17/exchange=NSE/symbol=KOTAKBANK/part-095352_416451-049907.parquet,real_data_sample\l2_unseen_validation\trade_date=2026-07-17\exchange=NSE\symbol=KOTAKBANK\part-095352_416451-049907.parquet,36079,downloaded,36079,
2026-07-17,NSE,KOTAKBANK,raw_l2/trade_date=2026-07-17/exchange=NSE/symbol=KOTAKBANK/part-095144_702680-049619.parquet,real_data_sample\l2_unseen_validation\trade_date=2026-07-17\exchange=NSE\symbol=KOTAKBANK\part-095144_702680-049619.parquet,36263,downloaded,36263,
2026-07-17,NSE,KOTAKBANK,raw_l2/trade_date=2026-07-17/exchange=NSE/symbol=KOTAKBANK/part-095213_166812-049683.parquet,real_data_sample\l2_unseen_validation\trade_date=2026-07-17\exchange=NSE\symbol=KOTAKBANK\part-095213_166812-049683.parquet,36229,downloaded,36229,
2026-07-17,NSE,KOTAKBANK,raw_l2/trade_date=2026-07-17/exchange=NSE/symbol=KOTAKBANK/part-095323_528591-049843.parquet,real_data_sample\l2_unseen_validation\trade_date=2026-07-17\exchange=NSE\symbol=KOTAKBANK\part-095323_528591-049843.parquet,36599,downloaded,36599,
2026-07-17,NSE,KOTAKBANK,raw_l2/trade_date=2026-07-17/exchange=NSE/symbol=KOTAKBANK/part-095241_272297-049747.parquet,real_data_sample\l2_unseen_validation\trade_date=2026-07-17\exchange=NSE\symbol=KOTAKBANK\part-095241_272297-049747.parquet,35902,downloaded,35902,
2026-07-17,NSE,KOTAKBANK,raw_l2/trade_date=2026-07-17/exchange=NSE/symbol=KOTAKBANK/part-095309_315675-049811.parquet,real_data_sample\l2_unseen_validation\trade_date=2026-07-17\exchange=NSE\symbol=KOTAKBANK\part-095309_315675-049811.parquet,36707,downloaded,36707,
2026-07-17,NSE,KOTAKBANK,raw_l2/trade_date=2026-07-17/exchange=NSE/symbol=KOTAKBANK/part-095255_198543-049779.parquet,real_data_sample\l2_unseen_validation\trade_date=2026-07-17\exchange=NSE\symbol=KOTAKBANK\part-095255_198543-049779.parquet,36087,downloaded,36087,
2026-07-17,NSE,KOTAKBANK,raw_l2/trade_date=2026-07-17/exchange=NSE/symbol=KOTAKBANK/part-095435_244123-050003.parquet,real_data_sample\l2_unseen_validation\trade_date=2026-07-17\exchange=NSE\symbol=KOTAKBANK\part-095435_244123-050003.parquet,36119,downloaded,36119,
2026-07-17,NSE,KOTAKBANK,raw_l2/trade_date=2026-07-17/exchange=NSE/symbol=KOTAKBANK/part-095449_558041-050035.parquet,real_data_sample\l2_unseen_validation\trade_date=2026-07-17\exchange=NSE\symbol=KOTAKBANK\part-095449_558041-050035.parquet,36306,downloaded,36306,
2026-07-17,NSE,KOTAKBANK,raw_l2/trade_date=2026-07-17/exchange=NSE/symbol=KOTAKBANK/part-095517_806143-050099.parquet,real_data_sample\l2_unseen_validation\trade_date=2026-07-17\exchange=NSE\symbol=KOTAKBANK\part-095517_806143-050099.parquet,36358,downloaded,36358,
2026-07-17,NSE,KOTAKBANK,raw_l2/trade_date=2026-07-17/exchange=NSE/symbol=KOTAKBANK/part-095503_746695-050067.parquet,real_data_sample\l2_unseen_validation\trade_date=2026-07-17\exchange=NSE\symbol=KOTAKBANK\part-095503_746695-050067.parquet,36906,downloaded,36906,
2026-07-17,NSE,KOTAKBANK,raw_l2/trade_date=2026-07-17/exchange=NSE/symbol=KOTAKBANK/part-095601_489627-050195.parquet,real_data_sample\l2_unseen_validation\trade_date=2026-07-17\exchange=NSE\symbol=KOTAKBANK\part-095601_489627-050195.parquet,36469,downloaded,36469,
2026-07-17,NSE,KOTAKBANK,raw_l2/trade_date=2026-07-17/exchange=NSE/symbol=KOTAKBANK/part-095630_226877-050259.parquet,real_data_sample\l2_unseen_validation\trade_date=2026-07-17\exchange=NSE\symbol=KOTAKBANK\part-095630_226877-050259.parquet,36384,downloaded,36384,
2026-07-17,NSE,KOTAKBANK,raw_l2/trade_date=2026-07-17/exchange=NSE/symbol=KOTAKBANK/part-095714_204384-050355.parquet,real_data_sample\l2_unseen_validation\trade_date=2026-07-17\exchange=NSE\symbol=KOTAKBANK\part-095714_204384-050355.parquet,36242,downloaded,36242,
2026-07-17,NSE,KOTAKBANK,raw_l2/trade_date=2026-07-17/exchange=NSE/symbol=KOTAKBANK/part-095728_662546-050387.parquet,real_data_sample\l2_unseen_validation\trade_date=2026-07-17\exchange=NSE\symbol=KOTAKBANK\part-095728_662546-050387.parquet,36048,downloaded,36048,
2026-07-17,NSE,KOTAKBANK,raw_l2/trade_date=2026-07-17/exchange=NSE/symbol=KOTAKBANK/part-095659_503463-050323.parquet,real_data_sample\l2_unseen_validation\trade_date=2026-07-17\exchange=NSE\symbol=KOTAKBANK\part-095659_503463-050323.parquet,36533,downloaded,36533,
2026-07-17,NSE,KOTAKBANK,raw_l2/trade_date=2026-07-17/exchange=NSE/symbol=KOTAKBANK/part-095840_653210-050547.parquet,real_data_sample\l2_unseen_validation\trade_date=2026-07-17\exchange=NSE\symbol=KOTAKBANK\part-095840_653210-050547.parquet,36447,downloaded,36447,
2026-07-17,NSE,KOTAKBANK,raw_l2/trade_date=2026-07-17/exchange=NSE/symbol=KOTAKBANK/part-100007_350560-050739.parquet,real_data_sample\l2_unseen_validation\trade_date=2026-07-17\exchange=NSE\symbol=KOTAKBANK\part-100007_350560-050739.parquet,35332,downloaded,35332,
2026-07-17,NSE,KOTAKBANK,raw_l2/trade_date=2026-07-17/exchange=NSE/symbol=KOTAKBANK/part-100128_584181-050778.parquet,real_data_sample\l2_unseen_validation\trade_date=2026-07-17\exchange=NSE\symbol=KOTAKBANK\part-100128_584181-050778.parquet,34098,downloaded,34098,
2026-07-17,NSE,KOTAKBANK,raw_l2/trade_date=2026-07-17/exchange=NSE/symbol=KOTAKBANK/part-095855_172406-050579.parquet,real_data_sample\l2_unseen_validation\trade_date=2026-07-17\exchange=NSE\symbol=KOTAKBANK\part-095855_172406-050579.parquet,36098,downloaded,36098,
2026-07-17,NSE,KOTAKBANK,raw_l2/trade_date=2026-07-17/exchange=NSE/symbol=KOTAKBANK/part-095952_978924-050707.parquet,real_data_sample\l2_unseen_validation\trade_date=2026-07-17\exchange=NSE\symbol=KOTAKBANK\part-095952_978924-050707.parquet,35895,downloaded,35895,
2026-07-17,NSE,LT,raw_l2/trade_date=2026-07-17/exchange=NSE/symbol=LT/part-034517_366174-000052.parquet,real_data_sample\l2_unseen_validation\trade_date=2026-07-17\exchange=NSE\symbol=LT\part-034517_366174-000052.parquet,36267,downloaded,36267,
2026-07-17,NSE,LT,raw_l2/trade_date=2026-07-17/exchange=NSE/symbol=LT/part-034545_223649-000116.parquet,real_data_sample\l2_unseen_validation\trade_date=2026-07-17\exchange=NSE\symbol=LT\part-034545_223649-000116.parquet,36135,downloaded,36135,
2026-07-17,NSE,LT,raw_l2/trade_date=2026-07-17/exchange=NSE/symbol=LT/part-034641_948859-000244.parquet,real_data_sample\l2_unseen_validation\trade_date=2026-07-17\exchange=NSE\symbol=LT\part-034641_948859-000244.parquet,36250,downloaded,36250,
2026-07-17,NSE,LT,raw_l2/trade_date=2026-07-17/exchange=NSE/symbol=LT/part-034627_487138-000212.parquet,real_data_sample\l2_unseen_validation\trade_date=2026-07-17\exchange=NSE\symbol=LT\part-034627_487138-000212.parquet,35883,downloaded,35883,
2026-07-17,NSE,LT,raw_l2/trade_date=2026-07-17/exchange=NSE/symbol=LT/part-034559_448502-000148.parquet,real_data_sample\l2_unseen_validation\trade_date=2026-07-17\exchange=NSE\symbol=LT\part-034559_448502-000148.parquet,36194,downloaded,36194,
2026-07-17,NSE,LT,raw_l2/trade_date=2026-07-17/exchange=NSE/symbol=LT/part-034531_173821-000084.parquet,real_data_sample\l2_unseen_validation\trade_date=2026-07-17\exchange=NSE\symbol=LT\part-034531_173821-000084.parquet,35954,downloaded,35954,
2026-07-17,NSE,LT,raw_l2/trade_date=2026-07-17/exchange=NSE/symbol=LT/part-034613_578347-000180.parquet,real_data_sample\l2_unseen_validation\trade_date=2026-07-17\exchange=NSE\symbol=LT\part-034613_578347-000180.parquet,36334,downloaded,36334,
2026-07-17,NSE,KOTAKBANK,raw_l2/trade_date=2026-07-17/exchange=NSE/symbol=KOTAKBANK/part-095924_177105-050643.parquet,real_data_sample\l2_unseen_validation\trade_date=2026-07-17\exchange=NSE\symbol=KOTAKBANK\part-095924_177105-050643.parquet,36169,downloaded,36169,
2026-07-17,NSE,KOTAKBANK,raw_l2/trade_date=2026-07-17/exchange=NSE/symbol=KOTAKBANK/part-095825_666997-050515.parquet,real_data_sample\l2_unseen_validation\trade_date=2026-07-17\exchange=NSE\symbol=KOTAKBANK\part-095825_666997-050515.parquet,36028,downloaded,36028,
2026-07-17,NSE,LT,raw_l2/trade_date=2026-07-17/exchange=NSE/symbol=LT/part-034655_669561-000276.parquet,real_data_sample\l2_unseen_validation\trade_date=2026-07-17\exchange=NSE\symbol=LT\part-034655_669561-000276.parquet,36154,downloaded,36154,
2026-07-17,NSE,LT,raw_l2/trade_date=2026-07-17/exchange=NSE/symbol=LT/part-034503_239311-000020.parquet,real_data_sample\l2_unseen_validation\trade_date=2026-07-17\exchange=NSE\symbol=LT\part-034503_239311-000020.parquet,34030,downloaded,34030,
2026-07-17,NSE,KOTAKBANK,raw_l2/trade_date=2026-07-17/exchange=NSE/symbol=KOTAKBANK/part-095757_295493-050451.parquet,real_data_sample\l2_unseen_validation\trade_date=2026-07-17\exchange=NSE\symbol=KOTAKBANK\part-095757_295493-050451.parquet,36085,downloaded,36085,
2026-07-17,NSE,KOTAKBANK,raw_l2/trade_date=2026-07-17/exchange=NSE/symbol=KOTAKBANK/part-095811_496738-050483.parquet,real_data_sample\l2_unseen_validation\trade_date=2026-07-17\exchange=NSE\symbol=KOTAKBANK\part-095811_496738-050483.parquet,36225,downloaded,36225,
2026-07-17,NSE,KOTAKBANK,raw_l2/trade_date=2026-07-17/exchange=NSE/symbol=KOTAKBANK/part-095743_079780-050419.parquet,real_data_sample\l2_unseen_validation\trade_date=2026-07-17\exchange=NSE\symbol=KOTAKBANK\part-095743_079780-050419.parquet,36077,downloaded,36077,
2026-07-17,NSE,KOTAKBANK,raw_l2/trade_date=2026-07-17/exchange=NSE/symbol=KOTAKBANK/part-095909_638039-050611.parquet,real_data_sample\l2_unseen_validation\trade_date=2026-07-17\exchange=NSE\symbol=KOTAKBANK\part-095909_638039-050611.parquet,36389,downloaded,36389,
2026-07-17,NSE,KOTAKBANK,raw_l2/trade_date=2026-07-17/exchange=NSE/symbol=KOTAKBANK/part-095938_650301-050675.parquet,real_data_sample\l2_unseen_validation\trade_date=2026-07-17\exchange=NSE\symbol=KOTAKBANK\part-095938_650301-050675.parquet,36037,downloaded,36037,
2026-07-17,NSE,LT,raw_l2/trade_date=2026-07-17/exchange=NSE/symbol=LT/part-034723_519786-000340.parquet,real_data_sample\l2_unseen_validation\trade_date=2026-07-17\exchange=NSE\symbol=LT\part-034723_519786-000340.parquet,36229,downloaded,36229,
2026-07-17,NSE,LT,raw_l2/trade_date=2026-07-17/exchange=NSE/symbol=LT/part-034709_437205-000308.parquet,real_data_sample\l2_unseen_validation\trade_date=2026-07-17\exchange=NSE\symbol=LT\part-034709_437205-000308.parquet,35884,downloaded,35884,
2026-07-17,NSE,LT,raw_l2/trade_date=2026-07-17/exchange=NSE/symbol=LT/part-034819_869750-000468.parquet,real_data_sample\l2_unseen_validation\trade_date=2026-07-17\exchange=NSE\symbol=LT\part-034819_869750-000468.parquet,36192,downloaded,36192,
2026-07-17,NSE,LT,raw_l2/trade_date=2026-07-17/exchange=NSE/symbol=LT/part-034751_667895-000404.parquet,real_data_sample\l2_unseen_validation\trade_date=2026-07-17\exchange=NSE\symbol=LT\part-034751_667895-000404.parquet,36034,downloaded,36034,
2026-07-17,NSE,LT,raw_l2/trade_date=2026-07-17/exchange=NSE/symbol=LT/part-035215_622864-001012.parquet,real_data_sample\l2_unseen_validation\trade_date=2026-07-17\exchange=NSE\symbol=LT\part-035215_622864-001012.parquet,36338,downloaded,36338,
2026-07-17,NSE,LT,raw_l2/trade_date=2026-07-17/exchange=NSE/symbol=LT/part-034833_659667-000500.parquet,real_data_sample\l2_unseen_validation\trade_date=2026-07-17\exchange=NSE\symbol=LT\part-034833_659667-000500.parquet,35857,downloaded,35857,
2026-07-17,NSE,LT,raw_l2/trade_date=2026-07-17/exchange=NSE/symbol=LT/part-034929_322839-000628.parquet,real_data_sample\l2_unseen_validation\trade_date=2026-07-17\exchange=NSE\symbol=LT\part-034929_322839-000628.parquet,36002,downloaded,36002,
2026-07-17,NSE,LT,raw_l2/trade_date=2026-07-17/exchange=NSE/symbol=LT/part-034806_048297-000436.parquet,real_data_sample\l2_unseen_validation\trade_date=2026-07-17\exchange=NSE\symbol=LT\part-034806_048297-000436.parquet,36229,downloaded,36229,
2026-07-17,NSE,LT,raw_l2/trade_date=2026-07-17/exchange=NSE/symbol=LT/part-035201_756483-000980.parquet,real_data_sample\l2_unseen_validation\trade_date=2026-07-17\exchange=NSE\symbol=LT\part-035201_756483-000980.parquet,36359,downloaded,36359,
2026-07-17,NSE,LT,raw_l2/trade_date=2026-07-17/exchange=NSE/symbol=LT/part-034847_406275-000532.parquet,real_data_sample\l2_unseen_validation\trade_date=2026-07-17\exchange=NSE\symbol=LT\part-034847_406275-000532.parquet,35918,downloaded,35918,
2026-07-17,NSE,LT,raw_l2/trade_date=2026-07-17/exchange=NSE/symbol=LT/part-035229_498986-001044.parquet,real_data_sample\l2_unseen_validation\trade_date=2026-07-17\exchange=NSE\symbol=LT\part-035229_498986-001044.parquet,35969,downloaded,35969,
2026-07-17,NSE,LT,raw_l2/trade_date=2026-07-17/exchange=NSE/symbol=LT/part-034943_233760-000660.parquet,real_data_sample\l2_unseen_validation\trade_date=2026-07-17\exchange=NSE\symbol=LT\part-034943_233760-000660.parquet,36091,downloaded,36091,
2026-07-17,NSE,LT,raw_l2/trade_date=2026-07-17/exchange=NSE/symbol=LT/part-034901_202077-000564.parquet,real_data_sample\l2_unseen_validation\trade_date=2026-07-17\exchange=NSE\symbol=LT\part-034901_202077-000564.parquet,36058,downloaded,36058,
2026-07-17,NSE,LT,raw_l2/trade_date=2026-07-17/exchange=NSE/symbol=LT/part-034737_605205-000372.parquet,real_data_sample\l2_unseen_validation\trade_date=2026-07-17\exchange=NSE\symbol=LT\part-034737_605205-000372.parquet,35758,downloaded,35758,
2026-07-17,NSE,LT,raw_l2/trade_date=2026-07-17/exchange=NSE/symbol=LT/part-035133_920926-000916.parquet,real_data_sample\l2_unseen_validation\trade_date=2026-07-17\exchange=NSE\symbol=LT\part-035133_920926-000916.parquet,35927,downloaded,35927,
2026-07-17,NSE,LT,raw_l2/trade_date=2026-07-17/exchange=NSE/symbol=LT/part-035038_967040-000788.parquet,real_data_sample\l2_unseen_validation\trade_date=2026-07-17\exchange=NSE\symbol=LT\part-035038_967040-000788.parquet,35925,downloaded,35925,
2026-07-17,NSE,LT,raw_l2/trade_date=2026-07-17/exchange=NSE/symbol=LT/part-035120_210695-000884.parquet,real_data_sample\l2_unseen_validation\trade_date=2026-07-17\exchange=NSE\symbol=LT\part-035120_210695-000884.parquet,36177,downloaded,36177,
2026-07-17,NSE,LT,raw_l2/trade_date=2026-07-17/exchange=NSE/symbol=LT/part-035311_370048-001140.parquet,real_data_sample\l2_unseen_validation\trade_date=2026-07-17\exchange=NSE\symbol=LT\part-035311_370048-001140.parquet,35767,downloaded,35767,
2026-07-17,NSE,LT,raw_l2/trade_date=2026-07-17/exchange=NSE/symbol=LT/part-035147_744558-000948.parquet,real_data_sample\l2_unseen_validation\trade_date=2026-07-17\exchange=NSE\symbol=LT\part-035147_744558-000948.parquet,36070,downloaded,36070,
2026-07-17,NSE,LT,raw_l2/trade_date=2026-07-17/exchange=NSE/symbol=LT/part-035243_448472-001076.parquet,real_data_sample\l2_unseen_validation\trade_date=2026-07-17\exchange=NSE\symbol=LT\part-035243_448472-001076.parquet,36433,downloaded,36433,
2026-07-17,NSE,LT,raw_l2/trade_date=2026-07-17/exchange=NSE/symbol=LT/part-034957_374973-000692.parquet,real_data_sample\l2_unseen_validation\trade_date=2026-07-17\exchange=NSE\symbol=LT\part-034957_374973-000692.parquet,35759,downloaded,35759,
2026-07-17,NSE,LT,raw_l2/trade_date=2026-07-17/exchange=NSE/symbol=LT/part-035257_596301-001108.parquet,real_data_sample\l2_unseen_validation\trade_date=2026-07-17\exchange=NSE\symbol=LT\part-035257_596301-001108.parquet,36379,downloaded,36379,
2026-07-17,NSE,LT,raw_l2/trade_date=2026-07-17/exchange=NSE/symbol=LT/part-035025_219203-000756.parquet,real_data_sample\l2_unseen_validation\trade_date=2026-07-17\exchange=NSE\symbol=LT\part-035025_219203-000756.parquet,36244,downloaded,36244,
2026-07-17,NSE,LT,raw_l2/trade_date=2026-07-17/exchange=NSE/symbol=LT/part-035325_173008-001172.parquet,real_data_sample\l2_unseen_validation\trade_date=2026-07-17\exchange=NSE\symbol=LT\part-035325_173008-001172.parquet,36199,downloaded,36199,
2026-07-17,NSE,LT,raw_l2/trade_date=2026-07-17/exchange=NSE/symbol=LT/part-035106_377726-000852.parquet,real_data_sample\l2_unseen_validation\trade_date=2026-07-17\exchange=NSE\symbol=LT\part-035106_377726-000852.parquet,36210,downloaded,36210,
2026-07-17,NSE,LT,raw_l2/trade_date=2026-07-17/exchange=NSE/symbol=LT/part-035011_246666-000724.parquet,real_data_sample\l2_unseen_validation\trade_date=2026-07-17\exchange=NSE\symbol=LT\part-035011_246666-000724.parquet,35955,downloaded,35955,
2026-07-17,NSE,LT,raw_l2/trade_date=2026-07-17/exchange=NSE/symbol=LT/part-035052_672454-000820.parquet,real_data_sample\l2_unseen_validation\trade_date=2026-07-17\exchange=NSE\symbol=LT\part-035052_672454-000820.parquet,36033,downloaded,36033,
2026-07-17,NSE,LT,raw_l2/trade_date=2026-07-17/exchange=NSE/symbol=LT/part-034915_277923-000596.parquet,real_data_sample\l2_unseen_validation\trade_date=2026-07-17\exchange=NSE\symbol=LT\part-034915_277923-000596.parquet,35701,downloaded,35701,
2026-07-17,NSE,KOTAKBANK,raw_l2/trade_date=2026-07-17/exchange=NSE/symbol=KOTAKBANK/part-093742_589690-047731.parquet,real_data_sample\l2_unseen_validation\trade_date=2026-07-17\exchange=NSE\symbol=KOTAKBANK\part-093742_589690-047731.parquet,36260,downloaded,36260,
2026-07-17,NSE,LT,raw_l2/trade_date=2026-07-17/exchange=NSE/symbol=LT/part-035339_110144-001204.parquet,real_data_sample\l2_unseen_validation\trade_date=2026-07-17\exchange=NSE\symbol=LT\part-035339_110144-001204.parquet,36225,downloaded,36225,
2026-07-17,NSE,LT,raw_l2/trade_date=2026-07-17/exchange=NSE/symbol=LT/part-035352_960382-001236.parquet,real_data_sample\l2_unseen_validation\trade_date=2026-07-17\exchange=NSE\symbol=LT\part-035352_960382-001236.parquet,35993,downloaded,35993,
2026-07-17,NSE,LT,raw_l2/trade_date=2026-07-17/exchange=NSE/symbol=LT/part-035420_589158-001300.parquet,real_data_sample\l2_unseen_validation\trade_date=2026-07-17\exchange=NSE\symbol=LT\part-035420_589158-001300.parquet,35691,downloaded,35691,
2026-07-17,NSE,LT,raw_l2/trade_date=2026-07-17/exchange=NSE/symbol=LT/part-035502_454764-001396.parquet,real_data_sample\l2_unseen_validation\trade_date=2026-07-17\exchange=NSE\symbol=LT\part-035502_454764-001396.parquet,35970,downloaded,35970,
2026-07-17,NSE,LT,raw_l2/trade_date=2026-07-17/exchange=NSE/symbol=LT/part-035434_489876-001332.parquet,real_data_sample\l2_unseen_validation\trade_date=2026-07-17\exchange=NSE\symbol=LT\part-035434_489876-001332.parquet,36012,downloaded,36012,
2026-07-17,NSE,LT,raw_l2/trade_date=2026-07-17/exchange=NSE/symbol=LT/part-035448_338538-001364.parquet,real_data_sample\l2_unseen_validation\trade_date=2026-07-17\exchange=NSE\symbol=LT\part-035448_338538-001364.parquet,35889,downloaded,35889,
2026-07-17,NSE,KOTAKBANK,raw_l2/trade_date=2026-07-17/exchange=NSE/symbol=KOTAKBANK/part-093907_906609-047923.parquet,real_data_sample\l2_unseen_validation\trade_date=2026-07-17\exchange=NSE\symbol=KOTAKBANK\part-093907_906609-047923.parquet,36359,downloaded,36359,
2026-07-17,NSE,LT,raw_l2/trade_date=2026-07-17/exchange=NSE/symbol=LT/part-035957_042080-002068.parquet,real_data_sample\l2_unseen_validation\trade_date=2026-07-17\exchange=NSE\symbol=LT\part-035957_042080-002068.parquet,35949,downloaded,35949,
2026-07-17,NSE,LT,raw_l2/trade_date=2026-07-17/exchange=NSE/symbol=LT/part-035833_047259-001876.parquet,real_data_sample\l2_unseen_validation\trade_date=2026-07-17\exchange=NSE\symbol=LT\part-035833_047259-001876.parquet,34418,downloaded,34418,
2026-07-17,NSE,LT,raw_l2/trade_date=2026-07-17/exchange=NSE/symbol=LT/part-035707_991598-001684.parquet,real_data_sample\l2_unseen_validation\trade_date=2026-07-17\exchange=NSE\symbol=LT\part-035707_991598-001684.parquet,34418,downloaded,34418,
2026-07-17,NSE,LT,raw_l2/trade_date=2026-07-17/exchange=NSE/symbol=LT/part-035612_237689-001556.parquet,real_data_sample\l2_unseen_validation\trade_date=2026-07-17\exchange=NSE\symbol=LT\part-035612_237689-001556.parquet,34430,downloaded,34430,
2026-07-17,NSE,LT,raw_l2/trade_date=2026-07-17/exchange=NSE/symbol=LT/part-035544_468513-001492.parquet,real_data_sample\l2_unseen_validation\trade_date=2026-07-17\exchange=NSE\symbol=LT\part-035544_468513-001492.parquet,34608,downloaded,34608,
2026-07-17,NSE,LT,raw_l2/trade_date=2026-07-17/exchange=NSE/symbol=LT/part-035640_286791-001620.parquet,real_data_sample\l2_unseen_validation\trade_date=2026-07-17\exchange=NSE\symbol=LT\part-035640_286791-001620.parquet,34391,downloaded,34391,
2026-07-17,NSE,LT,raw_l2/trade_date=2026-07-17/exchange=NSE/symbol=LT/part-035901_095861-001940.parquet,real_data_sample\l2_unseen_validation\trade_date=2026-07-17\exchange=NSE\symbol=LT\part-035901_095861-001940.parquet,34459,downloaded,34459,
2026-07-17,NSE,LT,raw_l2/trade_date=2026-07-17/exchange=NSE/symbol=LT/part-035819_083874-001844.parquet,real_data_sample\l2_unseen_validation\trade_date=2026-07-17\exchange=NSE\symbol=LT\part-035819_083874-001844.parquet,35326,downloaded,35326,
2026-07-17,NSE,LT,raw_l2/trade_date=2026-07-17/exchange=NSE/symbol=LT/part-035654_228414-001652.parquet,real_data_sample\l2_unseen_validation\trade_date=2026-07-17\exchange=NSE\symbol=LT\part-035654_228414-001652.parquet,34458,downloaded,34458,
2026-07-17,NSE,LT,raw_l2/trade_date=2026-07-17/exchange=NSE/symbol=LT/part-035846_990852-001908.parquet,real_data_sample\l2_unseen_validation\trade_date=2026-07-17\exchange=NSE\symbol=LT\part-035846_990852-001908.parquet,34446,downloaded,34446,
2026-07-17,NSE,LT,raw_l2/trade_date=2026-07-17/exchange=NSE/symbol=LT/part-035943_084034-002036.parquet,real_data_sample\l2_unseen_validation\trade_date=2026-07-17\exchange=NSE\symbol=LT\part-035943_084034-002036.parquet,36573,downloaded,36573,
2026-07-17,NSE,LT,raw_l2/trade_date=2026-07-17/exchange=NSE/symbol=LT/part-035626_402291-001588.parquet,real_data_sample\l2_unseen_validation\trade_date=2026-07-17\exchange=NSE\symbol=LT\part-035626_402291-001588.parquet,34406,downloaded,34406,
2026-07-17,NSE,LT,raw_l2/trade_date=2026-07-17/exchange=NSE/symbol=LT/part-035558_341243-001524.parquet,real_data_sample\l2_unseen_validation\trade_date=2026-07-17\exchange=NSE\symbol=LT\part-035558_341243-001524.parquet,34524,downloaded,34524,
2026-07-17,NSE,LT,raw_l2/trade_date=2026-07-17/exchange=NSE/symbol=LT/part-035722_075524-001716.parquet,real_data_sample\l2_unseen_validation\trade_date=2026-07-17\exchange=NSE\symbol=LT\part-035722_075524-001716.parquet,35723,downloaded,35723,
2026-07-17,NSE,LT,raw_l2/trade_date=2026-07-17/exchange=NSE/symbol=LT/part-035928_955157-002004.parquet,real_data_sample\l2_unseen_validation\trade_date=2026-07-17\exchange=NSE\symbol=LT\part-035928_955157-002004.parquet,36056,downloaded,36056,
2026-07-17,NSE,LT,raw_l2/trade_date=2026-07-17/exchange=NSE/symbol=LT/part-035736_185426-001748.parquet,real_data_sample\l2_unseen_validation\trade_date=2026-07-17\exchange=NSE\symbol=LT\part-035736_185426-001748.parquet,36150,downloaded,36150,
2026-07-17,NSE,LT,raw_l2/trade_date=2026-07-17/exchange=NSE/symbol=LT/part-035915_078127-001972.parquet,real_data_sample\l2_unseen_validation\trade_date=2026-07-17\exchange=NSE\symbol=LT\part-035915_078127-001972.parquet,34772,downloaded,34772,
2026-07-17,NSE,LT,raw_l2/trade_date=2026-07-17/exchange=NSE/symbol=LT/part-035804_705710-001812.parquet,real_data_sample\l2_unseen_validation\trade_date=2026-07-17\exchange=NSE\symbol=LT\part-035804_705710-001812.parquet,36057,downloaded,36057,
2026-07-17,NSE,LT,raw_l2/trade_date=2026-07-17/exchange=NSE/symbol=LT/part-035750_402946-001780.parquet,real_data_sample\l2_unseen_validation\trade_date=2026-07-17\exchange=NSE\symbol=LT\part-035750_402946-001780.parquet,35776,downloaded,35776,
2026-07-17,NSE,LT,raw_l2/trade_date=2026-07-17/exchange=NSE/symbol=LT/part-040025_230788-002132.parquet,real_data_sample\l2_unseen_validation\trade_date=2026-07-17\exchange=NSE\symbol=LT\part-040025_230788-002132.parquet,35926,downloaded,35926,
2026-07-17,NSE,LT,raw_l2/trade_date=2026-07-17/exchange=NSE/symbol=LT/part-040011_141242-002100.parquet,real_data_sample\l2_unseen_validation\trade_date=2026-07-17\exchange=NSE\symbol=LT\part-040011_141242-002100.parquet,36038,downloaded,36038,
2026-07-17,NSE,KOTAKBANK,raw_l2/trade_date=2026-07-17/exchange=NSE/symbol=KOTAKBANK/part-093810_853192-047795.parquet,real_data_sample\l2_unseen_validation\trade_date=2026-07-17\exchange=NSE\symbol=KOTAKBANK\part-093810_853192-047795.parquet,36211,downloaded,36211,
2026-07-17,NSE,LT,raw_l2/trade_date=2026-07-17/exchange=NSE/symbol=LT/part-040106_753103-002228.parquet,real_data_sample\l2_unseen_validation\trade_date=2026-07-17\exchange=NSE\symbol=LT\part-040106_753103-002228.parquet,35945,downloaded,35945,
2026-07-17,NSE,LT,raw_l2/trade_date=2026-07-17/exchange=NSE/symbol=LT/part-040052_785991-002196.parquet,real_data_sample\l2_unseen_validation\trade_date=2026-07-17\exchange=NSE\symbol=LT\part-040052_785991-002196.parquet,35793,downloaded,35793,
2026-07-17,NSE,LT,raw_l2/trade_date=2026-07-17/exchange=NSE/symbol=LT/part-040039_109623-002164.parquet,real_data_sample\l2_unseen_validation\trade_date=2026-07-17\exchange=NSE\symbol=LT\part-040039_109623-002164.parquet,35917,downloaded,35917,
2026-07-17,NSE,LT,raw_l2/trade_date=2026-07-17/exchange=NSE/symbol=LT/part-040355_809725-002612.parquet,real_data_sample\l2_unseen_validation\trade_date=2026-07-17\exchange=NSE\symbol=LT\part-040355_809725-002612.parquet,34608,downloaded,34608,
2026-07-17,NSE,LT,raw_l2/trade_date=2026-07-17/exchange=NSE/symbol=LT/part-040244_474232-002452.parquet,real_data_sample\l2_unseen_validation\trade_date=2026-07-17\exchange=NSE\symbol=LT\part-040244_474232-002452.parquet,34627,downloaded,34627,
2026-07-17,NSE,LT,raw_l2/trade_date=2026-07-17/exchange=NSE/symbol=LT/part-040230_055965-002420.parquet,real_data_sample\l2_unseen_validation\trade_date=2026-07-17\exchange=NSE\symbol=LT\part-040230_055965-002420.parquet,34424,downloaded,34424,
2026-07-17,NSE,LT,raw_l2/trade_date=2026-07-17/exchange=NSE/symbol=LT/part-040258_829201-002484.parquet,real_data_sample\l2_unseen_validation\trade_date=2026-07-17\exchange=NSE\symbol=LT\part-040258_829201-002484.parquet,34414,downloaded,34414,
2026-07-17,NSE,LT,raw_l2/trade_date=2026-07-17/exchange=NSE/symbol=LT/part-040216_105711-002388.parquet,real_data_sample\l2_unseen_validation\trade_date=2026-07-17\exchange=NSE\symbol=LT\part-040216_105711-002388.parquet,35545,downloaded,35545,
2026-07-17,NSE,LT,raw_l2/trade_date=2026-07-17/exchange=NSE/symbol=LT/part-040341_623750-002580.parquet,real_data_sample\l2_unseen_validation\trade_date=2026-07-17\exchange=NSE\symbol=LT\part-040341_623750-002580.parquet,34586,downloaded,34586,
2026-07-17,NSE,LT,raw_l2/trade_date=2026-07-17/exchange=NSE/symbol=LT/part-040313_248143-002516.parquet,real_data_sample\l2_unseen_validation\trade_date=2026-07-17\exchange=NSE\symbol=LT\part-040313_248143-002516.parquet,34633,downloaded,34633,
2026-07-17,NSE,LT,raw_l2/trade_date=2026-07-17/exchange=NSE/symbol=LT/part-040602_324075-002900.parquet,real_data_sample\l2_unseen_validation\trade_date=2026-07-17\exchange=NSE\symbol=LT\part-040602_324075-002900.parquet,34615,downloaded,34615,
2026-07-17,NSE,LT,raw_l2/trade_date=2026-07-17/exchange=NSE/symbol=LT/part-040423_798747-002676.parquet,real_data_sample\l2_unseen_validation\trade_date=2026-07-17\exchange=NSE\symbol=LT\part-040423_798747-002676.parquet,34649,downloaded,34649,
2026-07-17,NSE,LT,raw_l2/trade_date=2026-07-17/exchange=NSE/symbol=LT/part-040616_166157-002932.parquet,real_data_sample\l2_unseen_validation\trade_date=2026-07-17\exchange=NSE\symbol=LT\part-040616_166157-002932.parquet,35202,downloaded,35202,
2026-07-17,NSE,LT,raw_l2/trade_date=2026-07-17/exchange=NSE/symbol=LT/part-040451_655352-002740.parquet,real_data_sample\l2_unseen_validation\trade_date=2026-07-17\exchange=NSE\symbol=LT\part-040451_655352-002740.parquet,34478,downloaded,34478,
2026-07-17,NSE,LT,raw_l2/trade_date=2026-07-17/exchange=NSE/symbol=LT/part-040327_457033-002548.parquet,real_data_sample\l2_unseen_validation\trade_date=2026-07-17\exchange=NSE\symbol=LT\part-040327_457033-002548.parquet,34408,downloaded,34408,
2026-07-17,NSE,LT,raw_l2/trade_date=2026-07-17/exchange=NSE/symbol=LT/part-040134_419229-002292.parquet,real_data_sample\l2_unseen_validation\trade_date=2026-07-17\exchange=NSE\symbol=LT\part-040134_419229-002292.parquet,35973,downloaded,35973,
2026-07-17,NSE,LT,raw_l2/trade_date=2026-07-17/exchange=NSE/symbol=LT/part-040409_819521-002644.parquet,real_data_sample\l2_unseen_validation\trade_date=2026-07-17\exchange=NSE\symbol=LT\part-040409_819521-002644.parquet,34414,downloaded,34414,
2026-07-17,NSE,LT,raw_l2/trade_date=2026-07-17/exchange=NSE/symbol=LT/part-040505_928776-002772.parquet,real_data_sample\l2_unseen_validation\trade_date=2026-07-17\exchange=NSE\symbol=LT\part-040505_928776-002772.parquet,34432,downloaded,34432,
2026-07-17,NSE,LT,raw_l2/trade_date=2026-07-17/exchange=NSE/symbol=LT/part-040437_741728-002708.parquet,real_data_sample\l2_unseen_validation\trade_date=2026-07-17\exchange=NSE\symbol=LT\part-040437_741728-002708.parquet,34421,downloaded,34421,
2026-07-17,NSE,LT,raw_l2/trade_date=2026-07-17/exchange=NSE/symbol=LT/part-040534_166244-002836.parquet,real_data_sample\l2_unseen_validation\trade_date=2026-07-17\exchange=NSE\symbol=LT\part-040534_166244-002836.parquet,34653,downloaded,34653,
2026-07-17,NSE,LT,raw_l2/trade_date=2026-07-17/exchange=NSE/symbol=LT/part-040520_210072-002804.parquet,real_data_sample\l2_unseen_validation\trade_date=2026-07-17\exchange=NSE\symbol=LT\part-040520_210072-002804.parquet,34406,downloaded,34406,
2026-07-17,NSE,LT,raw_l2/trade_date=2026-07-17/exchange=NSE/symbol=LT/part-040548_186126-002868.parquet,real_data_sample\l2_unseen_validation\trade_date=2026-07-17\exchange=NSE\symbol=LT\part-040548_186126-002868.parquet,34610,downloaded,34610,
2026-07-17,NSE,LT,raw_l2/trade_date=2026-07-17/exchange=NSE/symbol=LT/part-040202_208361-002356.parquet,real_data_sample\l2_unseen_validation\trade_date=2026-07-17\exchange=NSE\symbol=LT\part-040202_208361-002356.parquet,35633,downloaded,35633,
2026-07-17,NSE,LT,raw_l2/trade_date=2026-07-17/exchange=NSE/symbol=LT/part-040148_166518-002324.parquet,real_data_sample\l2_unseen_validation\trade_date=2026-07-17\exchange=NSE\symbol=LT\part-040148_166518-002324.parquet,35907,downloaded,35907,
2026-07-17,NSE,LT,raw_l2/trade_date=2026-07-17/exchange=NSE/symbol=LT/part-040630_185718-002964.parquet,real_data_sample\l2_unseen_validation\trade_date=2026-07-17\exchange=NSE\symbol=LT\part-040630_185718-002964.parquet,35915,downloaded,35915,
2026-07-17,NSE,LT,raw_l2/trade_date=2026-07-17/exchange=NSE/symbol=LT/part-040120_587687-002260.parquet,real_data_sample\l2_unseen_validation\trade_date=2026-07-17\exchange=NSE\symbol=LT\part-040120_587687-002260.parquet,35932,downloaded,35932,
2026-07-17,NSE,LT,raw_l2/trade_date=2026-07-17/exchange=NSE/symbol=LT/part-040711_942542-003060.parquet,real_data_sample\l2_unseen_validation\trade_date=2026-07-17\exchange=NSE\symbol=LT\part-040711_942542-003060.parquet,36043,downloaded,36043,
2026-07-17,NSE,LT,raw_l2/trade_date=2026-07-17/exchange=NSE/symbol=LT/part-040643_977300-002996.parquet,real_data_sample\l2_unseen_validation\trade_date=2026-07-17\exchange=NSE\symbol=LT\part-040643_977300-002996.parquet,35670,downloaded,35670,
2026-07-17,NSE,LT,raw_l2/trade_date=2026-07-17/exchange=NSE/symbol=LT/part-040657_949747-003028.parquet,real_data_sample\l2_unseen_validation\trade_date=2026-07-17\exchange=NSE\symbol=LT\part-040657_949747-003028.parquet,35855,downloaded,35855,
2026-07-17,NSE,LT,raw_l2/trade_date=2026-07-17/exchange=NSE/symbol=LT/part-040726_007135-003092.parquet,real_data_sample\l2_unseen_validation\trade_date=2026-07-17\exchange=NSE\symbol=LT\part-040726_007135-003092.parquet,36050,downloaded,36050,
2026-07-17,NSE,LT,raw_l2/trade_date=2026-07-17/exchange=NSE/symbol=LT/part-041154_715937-003700.parquet,real_data_sample\l2_unseen_validation\trade_date=2026-07-17\exchange=NSE\symbol=LT\part-041154_715937-003700.parquet,36349,downloaded,36349,
2026-07-17,NSE,LT,raw_l2/trade_date=2026-07-17/exchange=NSE/symbol=LT/part-041208_820698-003732.parquet,real_data_sample\l2_unseen_validation\trade_date=2026-07-17\exchange=NSE\symbol=LT\part-041208_820698-003732.parquet,35732,downloaded,35732,
2026-07-17,NSE,LT,raw_l2/trade_date=2026-07-17/exchange=NSE/symbol=LT/part-041236_580615-003796.parquet,real_data_sample\l2_unseen_validation\trade_date=2026-07-17\exchange=NSE\symbol=LT\part-041236_580615-003796.parquet,35716,downloaded,35716,
2026-07-17,NSE,LT,raw_l2/trade_date=2026-07-17/exchange=NSE/symbol=LT/part-041222_729102-003764.parquet,real_data_sample\l2_unseen_validation\trade_date=2026-07-17\exchange=NSE\symbol=LT\part-041222_729102-003764.parquet,35814,downloaded,35814,
2026-07-17,NSE,LT,raw_l2/trade_date=2026-07-17/exchange=NSE/symbol=LT/part-040808_227103-003188.parquet,real_data_sample\l2_unseen_validation\trade_date=2026-07-17\exchange=NSE\symbol=LT\part-040808_227103-003188.parquet,35930,downloaded,35930,
2026-07-17,NSE,LT,raw_l2/trade_date=2026-07-17/exchange=NSE/symbol=LT/part-041016_169941-003476.parquet,real_data_sample\l2_unseen_validation\trade_date=2026-07-17\exchange=NSE\symbol=LT\part-041016_169941-003476.parquet,35934,downloaded,35934,
2026-07-17,NSE,LT,raw_l2/trade_date=2026-07-17/exchange=NSE/symbol=LT/part-040822_715928-003220.parquet,real_data_sample\l2_unseen_validation\trade_date=2026-07-17\exchange=NSE\symbol=LT\part-040822_715928-003220.parquet,35912,downloaded,35912,
2026-07-17,NSE,LT,raw_l2/trade_date=2026-07-17/exchange=NSE/symbol=LT/part-040919_407118-003348.parquet,real_data_sample\l2_unseen_validation\trade_date=2026-07-17\exchange=NSE\symbol=LT\part-040919_407118-003348.parquet,36008,downloaded,36008,
2026-07-17,NSE,LT,raw_l2/trade_date=2026-07-17/exchange=NSE/symbol=LT/part-041250_466342-003828.parquet,real_data_sample\l2_unseen_validation\trade_date=2026-07-17\exchange=NSE\symbol=LT\part-041250_466342-003828.parquet,35393,downloaded,35393,
2026-07-17,NSE,LT,raw_l2/trade_date=2026-07-17/exchange=NSE/symbol=LT/part-040836_720131-003252.parquet,real_data_sample\l2_unseen_validation\trade_date=2026-07-17\exchange=NSE\symbol=LT\part-040836_720131-003252.parquet,36168,downloaded,36168,
2026-07-17,NSE,LT,raw_l2/trade_date=2026-07-17/exchange=NSE/symbol=LT/part-040933_753916-003380.parquet,real_data_sample\l2_unseen_validation\trade_date=2026-07-17\exchange=NSE\symbol=LT\part-040933_753916-003380.parquet,35909,downloaded,35909,
2026-07-17,NSE,LT,raw_l2/trade_date=2026-07-17/exchange=NSE/symbol=LT/part-040905_228852-003316.parquet,real_data_sample\l2_unseen_validation\trade_date=2026-07-17\exchange=NSE\symbol=LT\part-040905_228852-003316.parquet,35839,downloaded,35839,
2026-07-17,NSE,LT,raw_l2/trade_date=2026-07-17/exchange=NSE/symbol=LT/part-041044_583082-003540.parquet,real_data_sample\l2_unseen_validation\trade_date=2026-07-17\exchange=NSE\symbol=LT\part-041044_583082-003540.parquet,36147,downloaded,36147,
2026-07-17,NSE,LT,raw_l2/trade_date=2026-07-17/exchange=NSE/symbol=LT/part-041113_148093-003604.parquet,real_data_sample\l2_unseen_validation\trade_date=2026-07-17\exchange=NSE\symbol=LT\part-041113_148093-003604.parquet,35552,downloaded,35552,
2026-07-17,NSE,LT,raw_l2/trade_date=2026-07-17/exchange=NSE/symbol=LT/part-040851_113436-003284.parquet,real_data_sample\l2_unseen_validation\trade_date=2026-07-17\exchange=NSE\symbol=LT\part-040851_113436-003284.parquet,35845,downloaded,35845,
2026-07-17,NSE,LT,raw_l2/trade_date=2026-07-17/exchange=NSE/symbol=LT/part-041002_364549-003444.parquet,real_data_sample\l2_unseen_validation\trade_date=2026-07-17\exchange=NSE\symbol=LT\part-041002_364549-003444.parquet,36026,downloaded,36026,
2026-07-17,NSE,LT,raw_l2/trade_date=2026-07-17/exchange=NSE/symbol=LT/part-040948_066278-003412.parquet,real_data_sample\l2_unseen_validation\trade_date=2026-07-17\exchange=NSE\symbol=LT\part-040948_066278-003412.parquet,36119,downloaded,36119,
2026-07-17,NSE,LT,raw_l2/trade_date=2026-07-17/exchange=NSE/symbol=LT/part-041059_008383-003572.parquet,real_data_sample\l2_unseen_validation\trade_date=2026-07-17\exchange=NSE\symbol=LT\part-041059_008383-003572.parquet,35958,downloaded,35958,
2026-07-17,NSE,LT,raw_l2/trade_date=2026-07-17/exchange=NSE/symbol=LT/part-041126_870263-003636.parquet,real_data_sample\l2_unseen_validation\trade_date=2026-07-17\exchange=NSE\symbol=LT\part-041126_870263-003636.parquet,35946,downloaded,35946,
2026-07-17,NSE,LT,raw_l2/trade_date=2026-07-17/exchange=NSE/symbol=LT/part-041030_463191-003508.parquet,real_data_sample\l2_unseen_validation\trade_date=2026-07-17\exchange=NSE\symbol=LT\part-041030_463191-003508.parquet,35879,downloaded,35879,
2026-07-17,NSE,LT,raw_l2/trade_date=2026-07-17/exchange=NSE/symbol=LT/part-041304_184193-003860.parquet,real_data_sample\l2_unseen_validation\trade_date=2026-07-17\exchange=NSE\symbol=LT\part-041304_184193-003860.parquet,35615,downloaded,35615,
2026-07-17,NSE,LT,raw_l2/trade_date=2026-07-17/exchange=NSE/symbol=LT/part-040740_193073-003124.parquet,real_data_sample\l2_unseen_validation\trade_date=2026-07-17\exchange=NSE\symbol=LT\part-040740_193073-003124.parquet,36099,downloaded,36099,
2026-07-17,NSE,LT,raw_l2/trade_date=2026-07-17/exchange=NSE/symbol=LT/part-040754_223512-003156.parquet,real_data_sample\l2_unseen_validation\trade_date=2026-07-17\exchange=NSE\symbol=LT\part-040754_223512-003156.parquet,36038,downloaded,36038,
2026-07-17,NSE,LT,raw_l2/trade_date=2026-07-17/exchange=NSE/symbol=LT/part-041318_096750-003892.parquet,real_data_sample\l2_unseen_validation\trade_date=2026-07-17\exchange=NSE\symbol=LT\part-041318_096750-003892.parquet,35212,downloaded,35212,
2026-07-17,NSE,LT,raw_l2/trade_date=2026-07-17/exchange=NSE/symbol=LT/part-041140_926295-003668.parquet,real_data_sample\l2_unseen_validation\trade_date=2026-07-17\exchange=NSE\symbol=LT\part-041140_926295-003668.parquet,35935,downloaded,35935,
2026-07-17,NSE,LT,raw_l2/trade_date=2026-07-17/exchange=NSE/symbol=LT/part-041346_317018-003956.parquet,real_data_sample\l2_unseen_validation\trade_date=2026-07-17\exchange=NSE\symbol=LT\part-041346_317018-003956.parquet,34435,downloaded,34435,
2026-07-17,NSE,LT,raw_l2/trade_date=2026-07-17/exchange=NSE/symbol=LT/part-041400_412638-003988.parquet,real_data_sample\l2_unseen_validation\trade_date=2026-07-17\exchange=NSE\symbol=LT\part-041400_412638-003988.parquet,34651,downloaded,34651,
2026-07-17,NSE,LT,raw_l2/trade_date=2026-07-17/exchange=NSE/symbol=LT/part-041414_478611-004020.parquet,real_data_sample\l2_unseen_validation\trade_date=2026-07-17\exchange=NSE\symbol=LT\part-041414_478611-004020.parquet,34822,downloaded,34822,
2026-07-17,NSE,KOTAKBANK,raw_l2/trade_date=2026-07-17/exchange=NSE/symbol=KOTAKBANK/part-095546_974278-050163.parquet,real_data_sample\l2_unseen_validation\trade_date=2026-07-17\exchange=NSE\symbol=KOTAKBANK\part-095546_974278-050163.parquet,36144,downloaded,36144,
2026-07-17,NSE,LT,raw_l2/trade_date=2026-07-17/exchange=NSE/symbol=LT/part-041332_269611-003924.parquet,real_data_sample\l2_unseen_validation\trade_date=2026-07-17\exchange=NSE\symbol=LT\part-041332_269611-003924.parquet,34665,downloaded,34665,
2026-07-17,NSE,KOTAKBANK,raw_l2/trade_date=2026-07-17/exchange=NSE/symbol=KOTAKBANK/part-095615_814904-050227.parquet,real_data_sample\l2_unseen_validation\trade_date=2026-07-17\exchange=NSE\symbol=KOTAKBANK\part-095615_814904-050227.parquet,36196,downloaded,36196,
2026-07-17,NSE,LT,raw_l2/trade_date=2026-07-17/exchange=NSE/symbol=LT/part-041607_161322-004276.parquet,real_data_sample\l2_unseen_validation\trade_date=2026-07-17\exchange=NSE\symbol=LT\part-041607_161322-004276.parquet,35604,downloaded,35604,
2026-07-17,NSE,LT,raw_l2/trade_date=2026-07-17/exchange=NSE/symbol=LT/part-041456_444591-004116.parquet,real_data_sample\l2_unseen_validation\trade_date=2026-07-17\exchange=NSE\symbol=LT\part-041456_444591-004116.parquet,35617,downloaded,35617,
2026-07-17,NSE,LT,raw_l2/trade_date=2026-07-17/exchange=NSE/symbol=LT/part-041538_141330-004212.parquet,real_data_sample\l2_unseen_validation\trade_date=2026-07-17\exchange=NSE\symbol=LT\part-041538_141330-004212.parquet,36081,downloaded,36081,
2026-07-17,NSE,LT,raw_l2/trade_date=2026-07-17/exchange=NSE/symbol=LT/part-041620_949243-004308.parquet,real_data_sample\l2_unseen_validation\trade_date=2026-07-17\exchange=NSE\symbol=LT\part-041620_949243-004308.parquet,36375,downloaded,36375,
2026-07-17,NSE,LT,raw_l2/trade_date=2026-07-17/exchange=NSE/symbol=LT/part-041524_258986-004180.parquet,real_data_sample\l2_unseen_validation\trade_date=2026-07-17\exchange=NSE\symbol=LT\part-041524_258986-004180.parquet,35701,downloaded,35701,
2026-07-17,NSE,LT,raw_l2/trade_date=2026-07-17/exchange=NSE/symbol=LT/part-041510_428154-004148.parquet,real_data_sample\l2_unseen_validation\trade_date=2026-07-17\exchange=NSE\symbol=LT\part-041510_428154-004148.parquet,35707,downloaded,35707,
2026-07-17,NSE,LT,raw_l2/trade_date=2026-07-17/exchange=NSE/symbol=LT/part-041553_360730-004244.parquet,real_data_sample\l2_unseen_validation\trade_date=2026-07-17\exchange=NSE\symbol=LT\part-041553_360730-004244.parquet,35941,downloaded,35941,
2026-07-17,NSE,LT,raw_l2/trade_date=2026-07-17/exchange=NSE/symbol=LT/part-041702_356530-004404.parquet,real_data_sample\l2_unseen_validation\trade_date=2026-07-17\exchange=NSE\symbol=LT\part-041702_356530-004404.parquet,36270,downloaded,36270,
2026-07-17,NSE,LT,raw_l2/trade_date=2026-07-17/exchange=NSE/symbol=LT/part-041716_087423-004436.parquet,real_data_sample\l2_unseen_validation\trade_date=2026-07-17\exchange=NSE\symbol=LT\part-041716_087423-004436.parquet,36026,downloaded,36026,
2026-07-17,NSE,LT,raw_l2/trade_date=2026-07-17/exchange=NSE/symbol=LT/part-041442_503602-004084.parquet,real_data_sample\l2_unseen_validation\trade_date=2026-07-17\exchange=NSE\symbol=LT\part-041442_503602-004084.parquet,35544,downloaded,35544,
2026-07-17,NSE,LT,raw_l2/trade_date=2026-07-17/exchange=NSE/symbol=LT/part-041428_472062-004052.parquet,real_data_sample\l2_unseen_validation\trade_date=2026-07-17\exchange=NSE\symbol=LT\part-041428_472062-004052.parquet,36113,downloaded,36113,
2026-07-17,NSE,LT,raw_l2/trade_date=2026-07-17/exchange=NSE/symbol=LT/part-041634_612175-004340.parquet,real_data_sample\l2_unseen_validation\trade_date=2026-07-17\exchange=NSE\symbol=LT\part-041634_612175-004340.parquet,35955,downloaded,35955,
2026-07-17,NSE,LT,raw_l2/trade_date=2026-07-17/exchange=NSE/symbol=LT/part-041853_665267-004660.parquet,real_data_sample\l2_unseen_validation\trade_date=2026-07-17\exchange=NSE\symbol=LT\part-041853_665267-004660.parquet,35552,downloaded,35552,
2026-07-17,NSE,LT,raw_l2/trade_date=2026-07-17/exchange=NSE/symbol=LT/part-041648_456726-004372.parquet,real_data_sample\l2_unseen_validation\trade_date=2026-07-17\exchange=NSE\symbol=LT\part-041648_456726-004372.parquet,35958,downloaded,35958,
2026-07-17,NSE,LT,raw_l2/trade_date=2026-07-17/exchange=NSE/symbol=LT/part-041907_999908-004692.parquet,real_data_sample\l2_unseen_validation\trade_date=2026-07-17\exchange=NSE\symbol=LT\part-041907_999908-004692.parquet,35493,downloaded,35493,
2026-07-17,NSE,LT,raw_l2/trade_date=2026-07-17/exchange=NSE/symbol=LT/part-041839_464365-004628.parquet,real_data_sample\l2_unseen_validation\trade_date=2026-07-17\exchange=NSE\symbol=LT\part-041839_464365-004628.parquet,35864,downloaded,35864,
2026-07-17,NSE,LT,raw_l2/trade_date=2026-07-17/exchange=NSE/symbol=LT/part-041811_853053-004564.parquet,real_data_sample\l2_unseen_validation\trade_date=2026-07-17\exchange=NSE\symbol=LT\part-041811_853053-004564.parquet,35773,downloaded,35773,
2026-07-17,NSE,LT,raw_l2/trade_date=2026-07-17/exchange=NSE/symbol=LT/part-041825_631693-004596.parquet,real_data_sample\l2_unseen_validation\trade_date=2026-07-17\exchange=NSE\symbol=LT\part-041825_631693-004596.parquet,35592,downloaded,35592,
2026-07-17,NSE,LT,raw_l2/trade_date=2026-07-17/exchange=NSE/symbol=LT/part-041730_538720-004468.parquet,real_data_sample\l2_unseen_validation\trade_date=2026-07-17\exchange=NSE\symbol=LT\part-041730_538720-004468.parquet,36107,downloaded,36107,
2026-07-17,NSE,LT,raw_l2/trade_date=2026-07-17/exchange=NSE/symbol=LT/part-041758_176690-004532.parquet,real_data_sample\l2_unseen_validation\trade_date=2026-07-17\exchange=NSE\symbol=LT\part-041758_176690-004532.parquet,35649,downloaded,35649,
2026-07-17,NSE,LT,raw_l2/trade_date=2026-07-17/exchange=NSE/symbol=LT/part-041922_394106-004724.parquet,real_data_sample\l2_unseen_validation\trade_date=2026-07-17\exchange=NSE\symbol=LT\part-041922_394106-004724.parquet,35114,downloaded,35114,
2026-07-17,NSE,LT,raw_l2/trade_date=2026-07-17/exchange=NSE/symbol=LT/part-041744_428818-004500.parquet,real_data_sample\l2_unseen_validation\trade_date=2026-07-17\exchange=NSE\symbol=LT\part-041744_428818-004500.parquet,35490,downloaded,35490,
2026-07-17,NSE,LT,raw_l2/trade_date=2026-07-17/exchange=NSE/symbol=LT/part-041936_458183-004756.parquet,real_data_sample\l2_unseen_validation\trade_date=2026-07-17\exchange=NSE\symbol=LT\part-041936_458183-004756.parquet,34560,downloaded,34560,
2026-07-17,NSE,LT,raw_l2/trade_date=2026-07-17/exchange=NSE/symbol=LT/part-041950_515706-004788.parquet,real_data_sample\l2_unseen_validation\trade_date=2026-07-17\exchange=NSE\symbol=LT\part-041950_515706-004788.parquet,34405,downloaded,34405,
2026-07-17,NSE,LT,raw_l2/trade_date=2026-07-17/exchange=NSE/symbol=LT/part-042018_408352-004852.parquet,real_data_sample\l2_unseen_validation\trade_date=2026-07-17\exchange=NSE\symbol=LT\part-042018_408352-004852.parquet,34505,downloaded,34505,
2026-07-17,NSE,LT,raw_l2/trade_date=2026-07-17/exchange=NSE/symbol=LT/part-042059_880367-004948.parquet,real_data_sample\l2_unseen_validation\trade_date=2026-07-17\exchange=NSE\symbol=LT\part-042059_880367-004948.parquet,34448,downloaded,34448,
2026-07-17,NSE,LT,raw_l2/trade_date=2026-07-17/exchange=NSE/symbol=LT/part-042004_359970-004820.parquet,real_data_sample\l2_unseen_validation\trade_date=2026-07-17\exchange=NSE\symbol=LT\part-042004_359970-004820.parquet,34320,downloaded,34320,
2026-07-17,NSE,LT,raw_l2/trade_date=2026-07-17/exchange=NSE/symbol=LT/part-042032_171468-004884.parquet,real_data_sample\l2_unseen_validation\trade_date=2026-07-17\exchange=NSE\symbol=LT\part-042032_171468-004884.parquet,34590,downloaded,34590,
2026-07-17,NSE,LT,raw_l2/trade_date=2026-07-17/exchange=NSE/symbol=LT/part-042046_128399-004916.parquet,real_data_sample\l2_unseen_validation\trade_date=2026-07-17\exchange=NSE\symbol=LT\part-042046_128399-004916.parquet,34602,downloaded,34602,
2026-07-17,NSE,LT,raw_l2/trade_date=2026-07-17/exchange=NSE/symbol=LT/part-042113_699002-004980.parquet,real_data_sample\l2_unseen_validation\trade_date=2026-07-17\exchange=NSE\symbol=LT\part-042113_699002-004980.parquet,34564,downloaded,34564,
2026-07-17,NSE,LT,raw_l2/trade_date=2026-07-17/exchange=NSE/symbol=LT/part-042127_612805-005012.parquet,real_data_sample\l2_unseen_validation\trade_date=2026-07-17\exchange=NSE\symbol=LT\part-042127_612805-005012.parquet,34522,downloaded,34522,
2026-07-17,NSE,LT,raw_l2/trade_date=2026-07-17/exchange=NSE/symbol=LT/part-042155_715443-005076.parquet,real_data_sample\l2_unseen_validation\trade_date=2026-07-17\exchange=NSE\symbol=LT\part-042155_715443-005076.parquet,34638,downloaded,34638,
2026-07-17,NSE,LT,raw_l2/trade_date=2026-07-17/exchange=NSE/symbol=LT/part-042141_717735-005044.parquet,real_data_sample\l2_unseen_validation\trade_date=2026-07-17\exchange=NSE\symbol=LT\part-042141_717735-005044.parquet,34438,downloaded,34438,
2026-07-17,NSE,LT,raw_l2/trade_date=2026-07-17/exchange=NSE/symbol=LT/part-042223_761947-005140.parquet,real_data_sample\l2_unseen_validation\trade_date=2026-07-17\exchange=NSE\symbol=LT\part-042223_761947-005140.parquet,34628,downloaded,34628,
2026-07-17,NSE,LT,raw_l2/trade_date=2026-07-17/exchange=NSE/symbol=LT/part-042237_618148-005172.parquet,real_data_sample\l2_unseen_validation\trade_date=2026-07-17\exchange=NSE\symbol=LT\part-042237_618148-005172.parquet,34673,downloaded,34673,
2026-07-17,NSE,LT,raw_l2/trade_date=2026-07-17/exchange=NSE/symbol=LT/part-042305_377209-005236.parquet,real_data_sample\l2_unseen_validation\trade_date=2026-07-17\exchange=NSE\symbol=LT\part-042305_377209-005236.parquet,34387,downloaded,34387,
2026-07-17,NSE,LT,raw_l2/trade_date=2026-07-17/exchange=NSE/symbol=LT/part-042319_529888-005268.parquet,real_data_sample\l2_unseen_validation\trade_date=2026-07-17\exchange=NSE\symbol=LT\part-042319_529888-005268.parquet,34714,downloaded,34714,
2026-07-17,NSE,LT,raw_l2/trade_date=2026-07-17/exchange=NSE/symbol=LT/part-042251_437340-005204.parquet,real_data_sample\l2_unseen_validation\trade_date=2026-07-17\exchange=NSE\symbol=LT\part-042251_437340-005204.parquet,34447,downloaded,34447,
2026-07-17,NSE,LT,raw_l2/trade_date=2026-07-17/exchange=NSE/symbol=LT/part-042456_884722-005492.parquet,real_data_sample\l2_unseen_validation\trade_date=2026-07-17\exchange=NSE\symbol=LT\part-042456_884722-005492.parquet,34627,downloaded,34627,
2026-07-17,NSE,LT,raw_l2/trade_date=2026-07-17/exchange=NSE/symbol=LT/part-042415_146678-005396.parquet,real_data_sample\l2_unseen_validation\trade_date=2026-07-17\exchange=NSE\symbol=LT\part-042415_146678-005396.parquet,34689,downloaded,34689,
2026-07-17,NSE,LT,raw_l2/trade_date=2026-07-17/exchange=NSE/symbol=LT/part-042401_411810-005364.parquet,real_data_sample\l2_unseen_validation\trade_date=2026-07-17\exchange=NSE\symbol=LT\part-042401_411810-005364.parquet,34575,downloaded,34575,
2026-07-17,NSE,LT,raw_l2/trade_date=2026-07-17/exchange=NSE/symbol=LT/part-042333_462235-005300.parquet,real_data_sample\l2_unseen_validation\trade_date=2026-07-17\exchange=NSE\symbol=LT\part-042333_462235-005300.parquet,34536,downloaded,34536,
2026-07-17,NSE,LT,raw_l2/trade_date=2026-07-17/exchange=NSE/symbol=LT/part-042524_632082-005556.parquet,real_data_sample\l2_unseen_validation\trade_date=2026-07-17\exchange=NSE\symbol=LT\part-042524_632082-005556.parquet,34612,downloaded,34612,
2026-07-17,NSE,LT,raw_l2/trade_date=2026-07-17/exchange=NSE/symbol=LT/part-042620_867829-005684.parquet,real_data_sample\l2_unseen_validation\trade_date=2026-07-17\exchange=NSE\symbol=LT\part-042620_867829-005684.parquet,35612,downloaded,35612,
2026-07-17,NSE,LT,raw_l2/trade_date=2026-07-17/exchange=NSE/symbol=LT/part-042606_874110-005652.parquet,real_data_sample\l2_unseen_validation\trade_date=2026-07-17\exchange=NSE\symbol=LT\part-042606_874110-005652.parquet,34414,downloaded,34414,
2026-07-17,NSE,LT,raw_l2/trade_date=2026-07-17/exchange=NSE/symbol=LT/part-042443_242991-005460.parquet,real_data_sample\l2_unseen_validation\trade_date=2026-07-17\exchange=NSE\symbol=LT\part-042443_242991-005460.parquet,34563,downloaded,34563,
2026-07-17,NSE,LT,raw_l2/trade_date=2026-07-17/exchange=NSE/symbol=LT/part-042552_660030-005620.parquet,real_data_sample\l2_unseen_validation\trade_date=2026-07-17\exchange=NSE\symbol=LT\part-042552_660030-005620.parquet,34590,downloaded,34590,
2026-07-17,NSE,LT,raw_l2/trade_date=2026-07-17/exchange=NSE/symbol=LT/part-042538_839662-005588.parquet,real_data_sample\l2_unseen_validation\trade_date=2026-07-17\exchange=NSE\symbol=LT\part-042538_839662-005588.parquet,34788,downloaded,34788,
2026-07-17,NSE,KOTAKBANK,raw_l2/trade_date=2026-07-17/exchange=NSE/symbol=KOTAKBANK/part-095644_686502-050291.parquet,real_data_sample\l2_unseen_validation\trade_date=2026-07-17\exchange=NSE\symbol=KOTAKBANK\part-095644_686502-050291.parquet,36538,downloaded,36538,
2026-07-17,NSE,LT,raw_l2/trade_date=2026-07-17/exchange=NSE/symbol=LT/part-042635_029673-005716.parquet,real_data_sample\l2_unseen_validation\trade_date=2026-07-17\exchange=NSE\symbol=LT\part-042635_029673-005716.parquet,35800,downloaded,35800,
2026-07-17,NSE,LT,raw_l2/trade_date=2026-07-17/exchange=NSE/symbol=LT/part-042649_016114-005748.parquet,real_data_sample\l2_unseen_validation\trade_date=2026-07-17\exchange=NSE\symbol=LT\part-042649_016114-005748.parquet,35768,downloaded,35768,
2026-07-17,NSE,LT,raw_l2/trade_date=2026-07-17/exchange=NSE/symbol=LT/part-042703_017008-005780.parquet,real_data_sample\l2_unseen_validation\trade_date=2026-07-17\exchange=NSE\symbol=LT\part-042703_017008-005780.parquet,35948,downloaded,35948,
2026-07-17,NSE,LT,raw_l2/trade_date=2026-07-17/exchange=NSE/symbol=LT/part-042758_626255-005908.parquet,real_data_sample\l2_unseen_validation\trade_date=2026-07-17\exchange=NSE\symbol=LT\part-042758_626255-005908.parquet,34314,downloaded,34314,
2026-07-17,NSE,LT,raw_l2/trade_date=2026-07-17/exchange=NSE/symbol=LT/part-042731_059714-005844.parquet,real_data_sample\l2_unseen_validation\trade_date=2026-07-17\exchange=NSE\symbol=LT\part-042731_059714-005844.parquet,34439,downloaded,34439,
2026-07-17,NSE,LT,raw_l2/trade_date=2026-07-17/exchange=NSE/symbol=LT/part-042744_865208-005876.parquet,real_data_sample\l2_unseen_validation\trade_date=2026-07-17\exchange=NSE\symbol=LT\part-042744_865208-005876.parquet,34578,downloaded,34578,
2026-07-17,NSE,LT,raw_l2/trade_date=2026-07-17/exchange=NSE/symbol=LT/part-042717_000707-005812.parquet,real_data_sample\l2_unseen_validation\trade_date=2026-07-17\exchange=NSE\symbol=LT\part-042717_000707-005812.parquet,35488,downloaded,35488,
2026-07-17,NSE,LT,raw_l2/trade_date=2026-07-17/exchange=NSE/symbol=LT/part-042854_367488-006036.parquet,real_data_sample\l2_unseen_validation\trade_date=2026-07-17\exchange=NSE\symbol=LT\part-042854_367488-006036.parquet,34749,downloaded,34749,
2026-07-17,NSE,LT,raw_l2/trade_date=2026-07-17/exchange=NSE/symbol=LT/part-042936_245783-006132.parquet,real_data_sample\l2_unseen_validation\trade_date=2026-07-17\exchange=NSE\symbol=LT\part-042936_245783-006132.parquet,35592,downloaded,35592,
2026-07-17,NSE,LT,raw_l2/trade_date=2026-07-17/exchange=NSE/symbol=LT/part-042812_441621-005940.parquet,real_data_sample\l2_unseen_validation\trade_date=2026-07-17\exchange=NSE\symbol=LT\part-042812_441621-005940.parquet,34502,downloaded,34502,
2026-07-17,NSE,LT,raw_l2/trade_date=2026-07-17/exchange=NSE/symbol=LT/part-042908_309333-006068.parquet,real_data_sample\l2_unseen_validation\trade_date=2026-07-17\exchange=NSE\symbol=LT\part-042908_309333-006068.parquet,34727,downloaded,34727,
2026-07-17,NSE,LT,raw_l2/trade_date=2026-07-17/exchange=NSE/symbol=LT/part-042922_239986-006100.parquet,real_data_sample\l2_unseen_validation\trade_date=2026-07-17\exchange=NSE\symbol=LT\part-042922_239986-006100.parquet,35659,downloaded,35659,
2026-07-17,NSE,LT,raw_l2/trade_date=2026-07-17/exchange=NSE/symbol=LT/part-042840_465924-006004.parquet,real_data_sample\l2_unseen_validation\trade_date=2026-07-17\exchange=NSE\symbol=LT\part-042840_465924-006004.parquet,34603,downloaded,34603,
2026-07-17,NSE,LT,raw_l2/trade_date=2026-07-17/exchange=NSE/symbol=LT/part-042826_532354-005972.parquet,real_data_sample\l2_unseen_validation\trade_date=2026-07-17\exchange=NSE\symbol=LT\part-042826_532354-005972.parquet,34560,downloaded,34560,
2026-07-17,NSE,LT,raw_l2/trade_date=2026-07-17/exchange=NSE/symbol=LT/part-035406_882161-001268.parquet,real_data_sample\l2_unseen_validation\trade_date=2026-07-17\exchange=NSE\symbol=LT\part-035406_882161-001268.parquet,36010,downloaded,36010,
2026-07-17,NSE,LT,raw_l2/trade_date=2026-07-17/exchange=NSE/symbol=LT/part-043210_264400-006484.parquet,real_data_sample\l2_unseen_validation\trade_date=2026-07-17\exchange=NSE\symbol=LT\part-043210_264400-006484.parquet,35934,downloaded,35934,
2026-07-17,NSE,LT,raw_l2/trade_date=2026-07-17/exchange=NSE/symbol=LT/part-043059_888632-006324.parquet,real_data_sample\l2_unseen_validation\trade_date=2026-07-17\exchange=NSE\symbol=LT\part-043059_888632-006324.parquet,35449,downloaded,35449,
2026-07-17,NSE,LT,raw_l2/trade_date=2026-07-17/exchange=NSE/symbol=LT/part-043004_261773-006196.parquet,real_data_sample\l2_unseen_validation\trade_date=2026-07-17\exchange=NSE\symbol=LT\part-043004_261773-006196.parquet,35473,downloaded,35473,
2026-07-17,NSE,LT,raw_l2/trade_date=2026-07-17/exchange=NSE/symbol=LT/part-043032_453497-006260.parquet,real_data_sample\l2_unseen_validation\trade_date=2026-07-17\exchange=NSE\symbol=LT\part-043032_453497-006260.parquet,35869,downloaded,35869,
2026-07-17,NSE,LT,raw_l2/trade_date=2026-07-17/exchange=NSE/symbol=LT/part-042950_221917-006164.parquet,real_data_sample\l2_unseen_validation\trade_date=2026-07-17\exchange=NSE\symbol=LT\part-042950_221917-006164.parquet,35606,downloaded,35606,
2026-07-17,NSE,LT,raw_l2/trade_date=2026-07-17/exchange=NSE/symbol=LT/part-043018_552079-006228.parquet,real_data_sample\l2_unseen_validation\trade_date=2026-07-17\exchange=NSE\symbol=LT\part-043018_552079-006228.parquet,36188,downloaded,36188,
2026-07-17,NSE,LT,raw_l2/trade_date=2026-07-17/exchange=NSE/symbol=LT/part-043334_787030-006676.parquet,real_data_sample\l2_unseen_validation\trade_date=2026-07-17\exchange=NSE\symbol=LT\part-043334_787030-006676.parquet,34700,downloaded,34700,
2026-07-17,NSE,LT,raw_l2/trade_date=2026-07-17/exchange=NSE/symbol=LT/part-043348_781274-006708.parquet,real_data_sample\l2_unseen_validation\trade_date=2026-07-17\exchange=NSE\symbol=LT\part-043348_781274-006708.parquet,34685,downloaded,34685,
2026-07-17,NSE,LT,raw_l2/trade_date=2026-07-17/exchange=NSE/symbol=LT/part-043402_666145-006740.parquet,real_data_sample\l2_unseen_validation\trade_date=2026-07-17\exchange=NSE\symbol=LT\part-043402_666145-006740.parquet,34654,downloaded,34654,
2026-07-17,NSE,LT,raw_l2/trade_date=2026-07-17/exchange=NSE/symbol=LT/part-043430_762472-006804.parquet,real_data_sample\l2_unseen_validation\trade_date=2026-07-17\exchange=NSE\symbol=LT\part-043430_762472-006804.parquet,35510,downloaded,35510,
2026-07-17,NSE,LT,raw_l2/trade_date=2026-07-17/exchange=NSE/symbol=LT/part-043416_851992-006772.parquet,real_data_sample\l2_unseen_validation\trade_date=2026-07-17\exchange=NSE\symbol=LT\part-043416_851992-006772.parquet,35175,downloaded,35175,
2026-07-17,NSE,LT,raw_l2/trade_date=2026-07-17/exchange=NSE/symbol=LT/part-043306_479369-006612.parquet,real_data_sample\l2_unseen_validation\trade_date=2026-07-17\exchange=NSE\symbol=LT\part-043306_479369-006612.parquet,34565,downloaded,34565,
2026-07-17,NSE,LT,raw_l2/trade_date=2026-07-17/exchange=NSE/symbol=LT/part-043444_704118-006836.parquet,real_data_sample\l2_unseen_validation\trade_date=2026-07-17\exchange=NSE\symbol=LT\part-043444_704118-006836.parquet,35881,downloaded,35881,
2026-07-17,NSE,LT,raw_l2/trade_date=2026-07-17/exchange=NSE/symbol=LT/part-035530_511021-001460.parquet,real_data_sample\l2_unseen_validation\trade_date=2026-07-17\exchange=NSE\symbol=LT\part-035530_511021-001460.parquet,34405,downloaded,34405,
2026-07-17,NSE,LT,raw_l2/trade_date=2026-07-17/exchange=NSE/symbol=LT/part-043526_192957-006932.parquet,real_data_sample\l2_unseen_validation\trade_date=2026-07-17\exchange=NSE\symbol=LT\part-043526_192957-006932.parquet,35522,downloaded,35522,
2026-07-17,NSE,LT,raw_l2/trade_date=2026-07-17/exchange=NSE/symbol=LT/part-043320_699579-006644.parquet,real_data_sample\l2_unseen_validation\trade_date=2026-07-17\exchange=NSE\symbol=LT\part-043320_699579-006644.parquet,34379,downloaded,34379,
2026-07-17,NSE,LT,raw_l2/trade_date=2026-07-17/exchange=NSE/symbol=LT/part-043458_493358-006868.parquet,real_data_sample\l2_unseen_validation\trade_date=2026-07-17\exchange=NSE\symbol=LT\part-043458_493358-006868.parquet,35704,downloaded,35704,
2026-07-17,NSE,LT,raw_l2/trade_date=2026-07-17/exchange=NSE/symbol=LT/part-043512_246658-006900.parquet,real_data_sample\l2_unseen_validation\trade_date=2026-07-17\exchange=NSE\symbol=LT\part-043512_246658-006900.parquet,35645,downloaded,35645,
2026-07-17,NSE,LT,raw_l2/trade_date=2026-07-17/exchange=NSE/symbol=LT/part-035516_500435-001428.parquet,real_data_sample\l2_unseen_validation\trade_date=2026-07-17\exchange=NSE\symbol=LT\part-035516_500435-001428.parquet,35648,downloaded,35648,
2026-07-17,NSE,LT,raw_l2/trade_date=2026-07-17/exchange=NSE/symbol=LT/part-043607_982551-007028.parquet,real_data_sample\l2_unseen_validation\trade_date=2026-07-17\exchange=NSE\symbol=LT\part-043607_982551-007028.parquet,36007,downloaded,36007,
2026-07-17,NSE,LT,raw_l2/trade_date=2026-07-17/exchange=NSE/symbol=LT/part-043704_030805-007156.parquet,real_data_sample\l2_unseen_validation\trade_date=2026-07-17\exchange=NSE\symbol=LT\part-043704_030805-007156.parquet,34658,downloaded,34658,
2026-07-17,NSE,LT,raw_l2/trade_date=2026-07-17/exchange=NSE/symbol=LT/part-043717_915438-007188.parquet,real_data_sample\l2_unseen_validation\trade_date=2026-07-17\exchange=NSE\symbol=LT\part-043717_915438-007188.parquet,34912,downloaded,34912,
2026-07-17,NSE,LT,raw_l2/trade_date=2026-07-17/exchange=NSE/symbol=LT/part-043650_104753-007124.parquet,real_data_sample\l2_unseen_validation\trade_date=2026-07-17\exchange=NSE\symbol=LT\part-043650_104753-007124.parquet,34606,downloaded,34606,
2026-07-17,NSE,LT,raw_l2/trade_date=2026-07-17/exchange=NSE/symbol=LT/part-043731_792915-007220.parquet,real_data_sample\l2_unseen_validation\trade_date=2026-07-17\exchange=NSE\symbol=LT\part-043731_792915-007220.parquet,35729,downloaded,35729,
2026-07-17,NSE,LT,raw_l2/trade_date=2026-07-17/exchange=NSE/symbol=LT/part-043759_386651-007284.parquet,real_data_sample\l2_unseen_validation\trade_date=2026-07-17\exchange=NSE\symbol=LT\part-043759_386651-007284.parquet,36064,downloaded,36064,
2026-07-17,NSE,LT,raw_l2/trade_date=2026-07-17/exchange=NSE/symbol=LT/part-043841_958023-007380.parquet,real_data_sample\l2_unseen_validation\trade_date=2026-07-17\exchange=NSE\symbol=LT\part-043841_958023-007380.parquet,34654,downloaded,34654,
2026-07-17,NSE,LT,raw_l2/trade_date=2026-07-17/exchange=NSE/symbol=LT/part-043745_705932-007252.parquet,real_data_sample\l2_unseen_validation\trade_date=2026-07-17\exchange=NSE\symbol=LT\part-043745_705932-007252.parquet,35899,downloaded,35899,
2026-07-17,NSE,LT,raw_l2/trade_date=2026-07-17/exchange=NSE/symbol=LT/part-043813_344420-007316.parquet,real_data_sample\l2_unseen_validation\trade_date=2026-07-17\exchange=NSE\symbol=LT\part-043813_344420-007316.parquet,35649,downloaded,35649,
2026-07-17,NSE,LT,raw_l2/trade_date=2026-07-17/exchange=NSE/symbol=LT/part-043856_016047-007412.parquet,real_data_sample\l2_unseen_validation\trade_date=2026-07-17\exchange=NSE\symbol=LT\part-043856_016047-007412.parquet,34707,downloaded,34707,
2026-07-17,NSE,LT,raw_l2/trade_date=2026-07-17/exchange=NSE/symbol=LT/part-043923_549322-007476.parquet,real_data_sample\l2_unseen_validation\trade_date=2026-07-17\exchange=NSE\symbol=LT\part-043923_549322-007476.parquet,34656,downloaded,34656,
2026-07-17,NSE,LT,raw_l2/trade_date=2026-07-17/exchange=NSE/symbol=LT/part-043827_799781-007348.parquet,real_data_sample\l2_unseen_validation\trade_date=2026-07-17\exchange=NSE\symbol=LT\part-043827_799781-007348.parquet,34594,downloaded,34594,
2026-07-17,NSE,LT,raw_l2/trade_date=2026-07-17/exchange=NSE/symbol=LT/part-043950_902210-007540.parquet,real_data_sample\l2_unseen_validation\trade_date=2026-07-17\exchange=NSE\symbol=LT\part-043950_902210-007540.parquet,34685,downloaded,34685,
2026-07-17,NSE,LT,raw_l2/trade_date=2026-07-17/exchange=NSE/symbol=LT/part-043937_102918-007508.parquet,real_data_sample\l2_unseen_validation\trade_date=2026-07-17\exchange=NSE\symbol=LT\part-043937_102918-007508.parquet,34703,downloaded,34703,
2026-07-17,NSE,LT,raw_l2/trade_date=2026-07-17/exchange=NSE/symbol=LT/part-044018_417855-007604.parquet,real_data_sample\l2_unseen_validation\trade_date=2026-07-17\exchange=NSE\symbol=LT\part-044018_417855-007604.parquet,35033,downloaded,35033,
2026-07-17,NSE,LT,raw_l2/trade_date=2026-07-17/exchange=NSE/symbol=LT/part-044004_654666-007572.parquet,real_data_sample\l2_unseen_validation\trade_date=2026-07-17\exchange=NSE\symbol=LT\part-044004_654666-007572.parquet,34621,downloaded,34621,
2026-07-17,NSE,LT,raw_l2/trade_date=2026-07-17/exchange=NSE/symbol=LT/part-044045_862796-007668.parquet,real_data_sample\l2_unseen_validation\trade_date=2026-07-17\exchange=NSE\symbol=LT\part-044045_862796-007668.parquet,35609,downloaded,35609,
2026-07-17,NSE,LT,raw_l2/trade_date=2026-07-17/exchange=NSE/symbol=LT/part-044059_538298-007700.parquet,real_data_sample\l2_unseen_validation\trade_date=2026-07-17\exchange=NSE\symbol=LT\part-044059_538298-007700.parquet,35580,downloaded,35580,
2026-07-17,NSE,LT,raw_l2/trade_date=2026-07-17/exchange=NSE/symbol=LT/part-044113_369899-007732.parquet,real_data_sample\l2_unseen_validation\trade_date=2026-07-17\exchange=NSE\symbol=LT\part-044113_369899-007732.parquet,35603,downloaded,35603,
2026-07-17,NSE,LT,raw_l2/trade_date=2026-07-17/exchange=NSE/symbol=LT/part-044154_586694-007828.parquet,real_data_sample\l2_unseen_validation\trade_date=2026-07-17\exchange=NSE\symbol=LT\part-044154_586694-007828.parquet,35882,downloaded,35882,
2026-07-17,NSE,LT,raw_l2/trade_date=2026-07-17/exchange=NSE/symbol=LT/part-044208_331205-007860.parquet,real_data_sample\l2_unseen_validation\trade_date=2026-07-17\exchange=NSE\symbol=LT\part-044208_331205-007860.parquet,35755,downloaded,35755,
2026-07-17,NSE,LT,raw_l2/trade_date=2026-07-17/exchange=NSE/symbol=LT/part-044140_859760-007796.parquet,real_data_sample\l2_unseen_validation\trade_date=2026-07-17\exchange=NSE\symbol=LT\part-044140_859760-007796.parquet,35531,downloaded,35531,
2026-07-17,NSE,LT,raw_l2/trade_date=2026-07-17/exchange=NSE/symbol=LT/part-044032_195709-007636.parquet,real_data_sample\l2_unseen_validation\trade_date=2026-07-17\exchange=NSE\symbol=LT\part-044032_195709-007636.parquet,35586,downloaded,35586,
2026-07-17,NSE,LT,raw_l2/trade_date=2026-07-17/exchange=NSE/symbol=LT/part-044127_090625-007764.parquet,real_data_sample\l2_unseen_validation\trade_date=2026-07-17\exchange=NSE\symbol=LT\part-044127_090625-007764.parquet,35526,downloaded,35526,
2026-07-17,NSE,LT,raw_l2/trade_date=2026-07-17/exchange=NSE/symbol=LT/part-044250_194797-007956.parquet,real_data_sample\l2_unseen_validation\trade_date=2026-07-17\exchange=NSE\symbol=LT\part-044250_194797-007956.parquet,36321,downloaded,36321,
2026-07-17,NSE,LT,raw_l2/trade_date=2026-07-17/exchange=NSE/symbol=LT/part-044236_223721-007924.parquet,real_data_sample\l2_unseen_validation\trade_date=2026-07-17\exchange=NSE\symbol=LT\part-044236_223721-007924.parquet,36043,downloaded,36043,
2026-07-17,NSE,LT,raw_l2/trade_date=2026-07-17/exchange=NSE/symbol=LT/part-044303_951191-007988.parquet,real_data_sample\l2_unseen_validation\trade_date=2026-07-17\exchange=NSE\symbol=LT\part-044303_951191-007988.parquet,36028,downloaded,36028,
2026-07-17,NSE,LT,raw_l2/trade_date=2026-07-17/exchange=NSE/symbol=LT/part-044317_887508-008020.parquet,real_data_sample\l2_unseen_validation\trade_date=2026-07-17\exchange=NSE\symbol=LT\part-044317_887508-008020.parquet,35846,downloaded,35846,
2026-07-17,NSE,LT,raw_l2/trade_date=2026-07-17/exchange=NSE/symbol=LT/part-044222_195548-007892.parquet,real_data_sample\l2_unseen_validation\trade_date=2026-07-17\exchange=NSE\symbol=LT\part-044222_195548-007892.parquet,36540,downloaded,36540,
2026-07-17,NSE,LT,raw_l2/trade_date=2026-07-17/exchange=NSE/symbol=LT/part-044331_878474-008052.parquet,real_data_sample\l2_unseen_validation\trade_date=2026-07-17\exchange=NSE\symbol=LT\part-044331_878474-008052.parquet,35654,downloaded,35654,
2026-07-17,NSE,LT,raw_l2/trade_date=2026-07-17/exchange=NSE/symbol=LT/part-044345_637637-008084.parquet,real_data_sample\l2_unseen_validation\trade_date=2026-07-17\exchange=NSE\symbol=LT\part-044345_637637-008084.parquet,35938,downloaded,35938,
2026-07-17,NSE,LT,raw_l2/trade_date=2026-07-17/exchange=NSE/symbol=LT/part-044359_440008-008116.parquet,real_data_sample\l2_unseen_validation\trade_date=2026-07-17\exchange=NSE\symbol=LT\part-044359_440008-008116.parquet,35971,downloaded,35971,
2026-07-17,NSE,LT,raw_l2/trade_date=2026-07-17/exchange=NSE/symbol=LT/part-044426_797115-008180.parquet,real_data_sample\l2_unseen_validation\trade_date=2026-07-17\exchange=NSE\symbol=LT\part-044426_797115-008180.parquet,35448,downloaded,35448,
2026-07-17,NSE,LT,raw_l2/trade_date=2026-07-17/exchange=NSE/symbol=LT/part-044413_173401-008148.parquet,real_data_sample\l2_unseen_validation\trade_date=2026-07-17\exchange=NSE\symbol=LT\part-044413_173401-008148.parquet,36031,downloaded,36031,
2026-07-17,NSE,LT,raw_l2/trade_date=2026-07-17/exchange=NSE/symbol=LT/part-044440_684104-008212.parquet,real_data_sample\l2_unseen_validation\trade_date=2026-07-17\exchange=NSE\symbol=LT\part-044440_684104-008212.parquet,35560,downloaded,35560,
2026-07-17,NSE,LT,raw_l2/trade_date=2026-07-17/exchange=NSE/symbol=LT/part-044508_386729-008276.parquet,real_data_sample\l2_unseen_validation\trade_date=2026-07-17\exchange=NSE\symbol=LT\part-044508_386729-008276.parquet,35688,downloaded,35688,
2026-07-17,NSE,LT,raw_l2/trade_date=2026-07-17/exchange=NSE/symbol=LT/part-044454_610334-008244.parquet,real_data_sample\l2_unseen_validation\trade_date=2026-07-17\exchange=NSE\symbol=LT\part-044454_610334-008244.parquet,35571,downloaded,35571,
2026-07-17,NSE,LT,raw_l2/trade_date=2026-07-17/exchange=NSE/symbol=LT/part-044522_183534-008308.parquet,real_data_sample\l2_unseen_validation\trade_date=2026-07-17\exchange=NSE\symbol=LT\part-044522_183534-008308.parquet,36065,downloaded,36065,
2026-07-17,NSE,LT,raw_l2/trade_date=2026-07-17/exchange=NSE/symbol=LT/part-044535_828043-008340.parquet,real_data_sample\l2_unseen_validation\trade_date=2026-07-17\exchange=NSE\symbol=LT\part-044535_828043-008340.parquet,35657,downloaded,35657,
2026-07-17,NSE,LT,raw_l2/trade_date=2026-07-17/exchange=NSE/symbol=LT/part-044549_688758-008372.parquet,real_data_sample\l2_unseen_validation\trade_date=2026-07-17\exchange=NSE\symbol=LT\part-044549_688758-008372.parquet,35862,downloaded,35862,
2026-07-17,NSE,LT,raw_l2/trade_date=2026-07-17/exchange=NSE/symbol=LT/part-044617_364402-008436.parquet,real_data_sample\l2_unseen_validation\trade_date=2026-07-17\exchange=NSE\symbol=LT\part-044617_364402-008436.parquet,36055,downloaded,36055,
2026-07-17,NSE,LT,raw_l2/trade_date=2026-07-17/exchange=NSE/symbol=LT/part-044603_549469-008404.parquet,real_data_sample\l2_unseen_validation\trade_date=2026-07-17\exchange=NSE\symbol=LT\part-044603_549469-008404.parquet,36055,downloaded,36055,
2026-07-17,NSE,LT,raw_l2/trade_date=2026-07-17/exchange=NSE/symbol=LT/part-044631_136824-008468.parquet,real_data_sample\l2_unseen_validation\trade_date=2026-07-17\exchange=NSE\symbol=LT\part-044631_136824-008468.parquet,35801,downloaded,35801,
2026-07-17,NSE,LT,raw_l2/trade_date=2026-07-17/exchange=NSE/symbol=LT/part-044645_151131-008500.parquet,real_data_sample\l2_unseen_validation\trade_date=2026-07-17\exchange=NSE\symbol=LT\part-044645_151131-008500.parquet,35671,downloaded,35671,
2026-07-17,NSE,LT,raw_l2/trade_date=2026-07-17/exchange=NSE/symbol=LT/part-044712_650254-008564.parquet,real_data_sample\l2_unseen_validation\trade_date=2026-07-17\exchange=NSE\symbol=LT\part-044712_650254-008564.parquet,35374,downloaded,35374,
2026-07-17,NSE,LT,raw_l2/trade_date=2026-07-17/exchange=NSE/symbol=LT/part-044726_371057-008596.parquet,real_data_sample\l2_unseen_validation\trade_date=2026-07-17\exchange=NSE\symbol=LT\part-044726_371057-008596.parquet,34716,downloaded,34716,
2026-07-17,NSE,LT,raw_l2/trade_date=2026-07-17/exchange=NSE/symbol=LT/part-044740_450802-008628.parquet,real_data_sample\l2_unseen_validation\trade_date=2026-07-17\exchange=NSE\symbol=LT\part-044740_450802-008628.parquet,34585,downloaded,34585,
2026-07-17,NSE,LT,raw_l2/trade_date=2026-07-17/exchange=NSE/symbol=LT/part-044658_911416-008532.parquet,real_data_sample\l2_unseen_validation\trade_date=2026-07-17\exchange=NSE\symbol=LT\part-044658_911416-008532.parquet,35400,downloaded,35400,
2026-07-17,NSE,LT,raw_l2/trade_date=2026-07-17/exchange=NSE/symbol=LT/part-044835_895863-008756.parquet,real_data_sample\l2_unseen_validation\trade_date=2026-07-17\exchange=NSE\symbol=LT\part-044835_895863-008756.parquet,34642,downloaded,34642,
2026-07-17,NSE,LT,raw_l2/trade_date=2026-07-17/exchange=NSE/symbol=LT/part-044808_127921-008692.parquet,real_data_sample\l2_unseen_validation\trade_date=2026-07-17\exchange=NSE\symbol=LT\part-044808_127921-008692.parquet,34664,downloaded,34664,
2026-07-17,NSE,LT,raw_l2/trade_date=2026-07-17/exchange=NSE/symbol=LT/part-044754_352003-008660.parquet,real_data_sample\l2_unseen_validation\trade_date=2026-07-17\exchange=NSE\symbol=LT\part-044754_352003-008660.parquet,34703,downloaded,34703,
2026-07-17,NSE,LT,raw_l2/trade_date=2026-07-17/exchange=NSE/symbol=LT/part-044821_960855-008724.parquet,real_data_sample\l2_unseen_validation\trade_date=2026-07-17\exchange=NSE\symbol=LT\part-044821_960855-008724.parquet,34648,downloaded,34648,
2026-07-17,NSE,LT,raw_l2/trade_date=2026-07-17/exchange=NSE/symbol=LT/part-044903_345438-008820.parquet,real_data_sample\l2_unseen_validation\trade_date=2026-07-17\exchange=NSE\symbol=LT\part-044903_345438-008820.parquet,34641,downloaded,34641,
2026-07-17,NSE,LT,raw_l2/trade_date=2026-07-17/exchange=NSE/symbol=LT/part-044917_143233-008852.parquet,real_data_sample\l2_unseen_validation\trade_date=2026-07-17\exchange=NSE\symbol=LT\part-044917_143233-008852.parquet,35188,downloaded,35188,
2026-07-17,NSE,LT,raw_l2/trade_date=2026-07-17/exchange=NSE/symbol=LT/part-044849_606126-008788.parquet,real_data_sample\l2_unseen_validation\trade_date=2026-07-17\exchange=NSE\symbol=LT\part-044849_606126-008788.parquet,34588,downloaded,34588,
2026-07-17,NSE,LT,raw_l2/trade_date=2026-07-17/exchange=NSE/symbol=LT/part-044930_879559-008884.parquet,real_data_sample\l2_unseen_validation\trade_date=2026-07-17\exchange=NSE\symbol=LT\part-044930_879559-008884.parquet,35962,downloaded,35962,
2026-07-17,NSE,LT,raw_l2/trade_date=2026-07-17/exchange=NSE/symbol=LT/part-044944_648791-008916.parquet,real_data_sample\l2_unseen_validation\trade_date=2026-07-17\exchange=NSE\symbol=LT\part-044944_648791-008916.parquet,36076,downloaded,36076,
2026-07-17,NSE,LT,raw_l2/trade_date=2026-07-17/exchange=NSE/symbol=LT/part-044958_351267-008948.parquet,real_data_sample\l2_unseen_validation\trade_date=2026-07-17\exchange=NSE\symbol=LT\part-044958_351267-008948.parquet,36233,downloaded,36233,
2026-07-17,NSE,LT,raw_l2/trade_date=2026-07-17/exchange=NSE/symbol=LT/part-045025_751243-009012.parquet,real_data_sample\l2_unseen_validation\trade_date=2026-07-17\exchange=NSE\symbol=LT\part-045025_751243-009012.parquet,35631,downloaded,35631,
2026-07-17,NSE,LT,raw_l2/trade_date=2026-07-17/exchange=NSE/symbol=LT/part-045012_065665-008980.parquet,real_data_sample\l2_unseen_validation\trade_date=2026-07-17\exchange=NSE\symbol=LT\part-045012_065665-008980.parquet,35682,downloaded,35682,
2026-07-17,NSE,LT,raw_l2/trade_date=2026-07-17/exchange=NSE/symbol=LT/part-045053_053288-009076.parquet,real_data_sample\l2_unseen_validation\trade_date=2026-07-17\exchange=NSE\symbol=LT\part-045053_053288-009076.parquet,36135,downloaded,36135,
2026-07-17,NSE,LT,raw_l2/trade_date=2026-07-17/exchange=NSE/symbol=LT/part-045121_154932-009140.parquet,real_data_sample\l2_unseen_validation\trade_date=2026-07-17\exchange=NSE\symbol=LT\part-045121_154932-009140.parquet,35862,downloaded,35862,
2026-07-17,NSE,LT,raw_l2/trade_date=2026-07-17/exchange=NSE/symbol=LT/part-045107_095213-009108.parquet,real_data_sample\l2_unseen_validation\trade_date=2026-07-17\exchange=NSE\symbol=LT\part-045107_095213-009108.parquet,36098,downloaded,36098,
2026-07-17,NSE,LT,raw_l2/trade_date=2026-07-17/exchange=NSE/symbol=LT/part-045039_367233-009044.parquet,real_data_sample\l2_unseen_validation\trade_date=2026-07-17\exchange=NSE\symbol=LT\part-045039_367233-009044.parquet,35760,downloaded,35760,
2026-07-17,NSE,LT,raw_l2/trade_date=2026-07-17/exchange=NSE/symbol=LT/part-042510_695766-005524.parquet,real_data_sample\l2_unseen_validation\trade_date=2026-07-17\exchange=NSE\symbol=LT\part-042510_695766-005524.parquet,34683,downloaded,34683,
2026-07-17,NSE,LT,raw_l2/trade_date=2026-07-17/exchange=NSE/symbol=LT/part-045148_896442-009204.parquet,real_data_sample\l2_unseen_validation\trade_date=2026-07-17\exchange=NSE\symbol=LT\part-045148_896442-009204.parquet,35531,downloaded,35531,
2026-07-17,NSE,LT,raw_l2/trade_date=2026-07-17/exchange=NSE/symbol=LT/part-045203_043538-009236.parquet,real_data_sample\l2_unseen_validation\trade_date=2026-07-17\exchange=NSE\symbol=LT\part-045203_043538-009236.parquet,35170,downloaded,35170,
2026-07-17,NSE,LT,raw_l2/trade_date=2026-07-17/exchange=NSE/symbol=LT/part-045135_019758-009172.parquet,real_data_sample\l2_unseen_validation\trade_date=2026-07-17\exchange=NSE\symbol=LT\part-045135_019758-009172.parquet,35781,downloaded,35781,
2026-07-17,NSE,LT,raw_l2/trade_date=2026-07-17/exchange=NSE/symbol=LT/part-045258_471951-009364.parquet,real_data_sample\l2_unseen_validation\trade_date=2026-07-17\exchange=NSE\symbol=LT\part-045258_471951-009364.parquet,36186,downloaded,36186,
2026-07-17,NSE,LT,raw_l2/trade_date=2026-07-17/exchange=NSE/symbol=LT/part-045230_702615-009300.parquet,real_data_sample\l2_unseen_validation\trade_date=2026-07-17\exchange=NSE\symbol=LT\part-045230_702615-009300.parquet,35685,downloaded,35685,
2026-07-17,NSE,LT,raw_l2/trade_date=2026-07-17/exchange=NSE/symbol=LT/part-045216_854189-009268.parquet,real_data_sample\l2_unseen_validation\trade_date=2026-07-17\exchange=NSE\symbol=LT\part-045216_854189-009268.parquet,35758,downloaded,35758,
2026-07-17,NSE,LT,raw_l2/trade_date=2026-07-17/exchange=NSE/symbol=LT/part-045244_417713-009332.parquet,real_data_sample\l2_unseen_validation\trade_date=2026-07-17\exchange=NSE\symbol=LT\part-045244_417713-009332.parquet,36167,downloaded,36167,
2026-07-17,NSE,LT,raw_l2/trade_date=2026-07-17/exchange=NSE/symbol=LT/part-042429_230183-005428.parquet,real_data_sample\l2_unseen_validation\trade_date=2026-07-17\exchange=NSE\symbol=LT\part-042429_230183-005428.parquet,34697,downloaded,34697,
2026-07-17,NSE,LT,raw_l2/trade_date=2026-07-17/exchange=NSE/symbol=LT/part-045312_477223-009396.parquet,real_data_sample\l2_unseen_validation\trade_date=2026-07-17\exchange=NSE\symbol=LT\part-045312_477223-009396.parquet,35966,downloaded,35966,
2026-07-17,NSE,LT,raw_l2/trade_date=2026-07-17/exchange=NSE/symbol=LT/part-045326_425468-009428.parquet,real_data_sample\l2_unseen_validation\trade_date=2026-07-17\exchange=NSE\symbol=LT\part-045326_425468-009428.parquet,35418,downloaded,35418,
2026-07-17,NSE,LT,raw_l2/trade_date=2026-07-17/exchange=NSE/symbol=LT/part-042209_767897-005108.parquet,real_data_sample\l2_unseen_validation\trade_date=2026-07-17\exchange=NSE\symbol=LT\part-042209_767897-005108.parquet,34671,downloaded,34671,
2026-07-17,NSE,LT,raw_l2/trade_date=2026-07-17/exchange=NSE/symbol=LT/part-045340_181383-009460.parquet,real_data_sample\l2_unseen_validation\trade_date=2026-07-17\exchange=NSE\symbol=LT\part-045340_181383-009460.parquet,35186,downloaded,35186,
2026-07-17,NSE,LT,raw_l2/trade_date=2026-07-17/exchange=NSE/symbol=LT/part-042347_483022-005332.parquet,real_data_sample\l2_unseen_validation\trade_date=2026-07-17\exchange=NSE\symbol=LT\part-042347_483022-005332.parquet,34470,downloaded,34470,
2026-07-17,NSE,LT,raw_l2/trade_date=2026-07-17/exchange=NSE/symbol=LT/part-045450_315667-009620.parquet,real_data_sample\l2_unseen_validation\trade_date=2026-07-17\exchange=NSE\symbol=LT\part-045450_315667-009620.parquet,34373,downloaded,34373,
2026-07-17,NSE,LT,raw_l2/trade_date=2026-07-17/exchange=NSE/symbol=LT/part-045354_238569-009492.parquet,real_data_sample\l2_unseen_validation\trade_date=2026-07-17\exchange=NSE\symbol=LT\part-045354_238569-009492.parquet,35702,downloaded,35702,
2026-07-17,NSE,LT,raw_l2/trade_date=2026-07-17/exchange=NSE/symbol=LT/part-045408_246826-009524.parquet,real_data_sample\l2_unseen_validation\trade_date=2026-07-17\exchange=NSE\symbol=LT\part-045408_246826-009524.parquet,36026,downloaded,36026,
2026-07-17,NSE,LT,raw_l2/trade_date=2026-07-17/exchange=NSE/symbol=LT/part-045518_588182-009684.parquet,real_data_sample\l2_unseen_validation\trade_date=2026-07-17\exchange=NSE\symbol=LT\part-045518_588182-009684.parquet,34732,downloaded,34732,
2026-07-17,NSE,LT,raw_l2/trade_date=2026-07-17/exchange=NSE/symbol=LT/part-045436_267019-009588.parquet,real_data_sample\l2_unseen_validation\trade_date=2026-07-17\exchange=NSE\symbol=LT\part-045436_267019-009588.parquet,34491,downloaded,34491,
2026-07-17,NSE,LT,raw_l2/trade_date=2026-07-17/exchange=NSE/symbol=LT/part-045504_440084-009652.parquet,real_data_sample\l2_unseen_validation\trade_date=2026-07-17\exchange=NSE\symbol=LT\part-045504_440084-009652.parquet,34621,downloaded,34621,
2026-07-17,NSE,LT,raw_l2/trade_date=2026-07-17/exchange=NSE/symbol=LT/part-045532_482828-009716.parquet,real_data_sample\l2_unseen_validation\trade_date=2026-07-17\exchange=NSE\symbol=LT\part-045532_482828-009716.parquet,34601,downloaded,34601,
2026-07-17,NSE,LT,raw_l2/trade_date=2026-07-17/exchange=NSE/symbol=LT/part-045422_284491-009556.parquet,real_data_sample\l2_unseen_validation\trade_date=2026-07-17\exchange=NSE\symbol=LT\part-045422_284491-009556.parquet,34917,downloaded,34917,
2026-07-17,NSE,LT,raw_l2/trade_date=2026-07-17/exchange=NSE/symbol=LT/part-045546_476770-009748.parquet,real_data_sample\l2_unseen_validation\trade_date=2026-07-17\exchange=NSE\symbol=LT\part-045546_476770-009748.parquet,34678,downloaded,34678,
2026-07-17,NSE,LT,raw_l2/trade_date=2026-07-17/exchange=NSE/symbol=LT/part-043252_617475-006580.parquet,real_data_sample\l2_unseen_validation\trade_date=2026-07-17\exchange=NSE\symbol=LT\part-043252_617475-006580.parquet,34544,downloaded,34544,
2026-07-17,NSE,LT,raw_l2/trade_date=2026-07-17/exchange=NSE/symbol=LT/part-045614_503069-009812.parquet,real_data_sample\l2_unseen_validation\trade_date=2026-07-17\exchange=NSE\symbol=LT\part-045614_503069-009812.parquet,34669,downloaded,34669,
2026-07-17,NSE,LT,raw_l2/trade_date=2026-07-17/exchange=NSE/symbol=LT/part-045600_500780-009780.parquet,real_data_sample\l2_unseen_validation\trade_date=2026-07-17\exchange=NSE\symbol=LT\part-045600_500780-009780.parquet,34705,downloaded,34705,
2026-07-17,NSE,LT,raw_l2/trade_date=2026-07-17/exchange=NSE/symbol=LT/part-045628_704705-009844.parquet,real_data_sample\l2_unseen_validation\trade_date=2026-07-17\exchange=NSE\symbol=LT\part-045628_704705-009844.parquet,34654,downloaded,34654,
2026-07-17,NSE,LT,raw_l2/trade_date=2026-07-17/exchange=NSE/symbol=LT/part-043238_744758-006548.parquet,real_data_sample\l2_unseen_validation\trade_date=2026-07-17\exchange=NSE\symbol=LT\part-043238_744758-006548.parquet,34644,downloaded,34644,
2026-07-17,NSE,LT,raw_l2/trade_date=2026-07-17/exchange=NSE/symbol=LT/part-045642_777437-009876.parquet,real_data_sample\l2_unseen_validation\trade_date=2026-07-17\exchange=NSE\symbol=LT\part-045642_777437-009876.parquet,34574,downloaded,34574,
2026-07-17,NSE,LT,raw_l2/trade_date=2026-07-17/exchange=NSE/symbol=LT/part-043909_896035-007444.parquet,real_data_sample\l2_unseen_validation\trade_date=2026-07-17\exchange=NSE\symbol=LT\part-043909_896035-007444.parquet,34434,downloaded,34434,
2026-07-17,NSE,LT,raw_l2/trade_date=2026-07-17/exchange=NSE/symbol=LT/part-045711_380472-009940.parquet,real_data_sample\l2_unseen_validation\trade_date=2026-07-17\exchange=NSE\symbol=LT\part-045711_380472-009940.parquet,34485,downloaded,34485,
2026-07-17,NSE,LT,raw_l2/trade_date=2026-07-17/exchange=NSE/symbol=LT/part-045657_164511-009908.parquet,real_data_sample\l2_unseen_validation\trade_date=2026-07-17\exchange=NSE\symbol=LT\part-045657_164511-009908.parquet,34699,downloaded,34699,
2026-07-17,NSE,LT,raw_l2/trade_date=2026-07-17/exchange=NSE/symbol=LT/part-045725_526905-009972.parquet,real_data_sample\l2_unseen_validation\trade_date=2026-07-17\exchange=NSE\symbol=LT\part-045725_526905-009972.parquet,34347,downloaded,34347,
2026-07-17,NSE,LT,raw_l2/trade_date=2026-07-17/exchange=NSE/symbol=LT/part-045739_516659-010004.parquet,real_data_sample\l2_unseen_validation\trade_date=2026-07-17\exchange=NSE\symbol=LT\part-045739_516659-010004.parquet,34652,downloaded,34652,
2026-07-17,NSE,LT,raw_l2/trade_date=2026-07-17/exchange=NSE/symbol=LT/part-045821_897193-010100.parquet,real_data_sample\l2_unseen_validation\trade_date=2026-07-17\exchange=NSE\symbol=LT\part-045821_897193-010100.parquet,34727,downloaded,34727,
2026-07-17,NSE,LT,raw_l2/trade_date=2026-07-17/exchange=NSE/symbol=LT/part-045807_890761-010068.parquet,real_data_sample\l2_unseen_validation\trade_date=2026-07-17\exchange=NSE\symbol=LT\part-045807_890761-010068.parquet,34715,downloaded,34715,
2026-07-17,NSE,LT,raw_l2/trade_date=2026-07-17/exchange=NSE/symbol=LT/part-045753_738894-010036.parquet,real_data_sample\l2_unseen_validation\trade_date=2026-07-17\exchange=NSE\symbol=LT\part-045753_738894-010036.parquet,34672,downloaded,34672,
2026-07-17,NSE,LT,raw_l2/trade_date=2026-07-17/exchange=NSE/symbol=LT/part-043113_974202-006356.parquet,real_data_sample\l2_unseen_validation\trade_date=2026-07-17\exchange=NSE\symbol=LT\part-043113_974202-006356.parquet,35414,downloaded,35414,
2026-07-17,NSE,LT,raw_l2/trade_date=2026-07-17/exchange=NSE/symbol=LT/part-045850_433553-010164.parquet,real_data_sample\l2_unseen_validation\trade_date=2026-07-17\exchange=NSE\symbol=LT\part-045850_433553-010164.parquet,34695,downloaded,34695,
2026-07-17,NSE,LT,raw_l2/trade_date=2026-07-17/exchange=NSE/symbol=LT/part-045836_095508-010132.parquet,real_data_sample\l2_unseen_validation\trade_date=2026-07-17\exchange=NSE\symbol=LT\part-045836_095508-010132.parquet,34635,downloaded,34635,
2026-07-17,NSE,LT,raw_l2/trade_date=2026-07-17/exchange=NSE/symbol=LT/part-050000_716843-010324.parquet,real_data_sample\l2_unseen_validation\trade_date=2026-07-17\exchange=NSE\symbol=LT\part-050000_716843-010324.parquet,34659,downloaded,34659,
2026-07-17,NSE,LT,raw_l2/trade_date=2026-07-17/exchange=NSE/symbol=LT/part-050014_587224-010356.parquet,real_data_sample\l2_unseen_validation\trade_date=2026-07-17\exchange=NSE\symbol=LT\part-050014_587224-010356.parquet,34730,downloaded,34730,
2026-07-17,NSE,LT,raw_l2/trade_date=2026-07-17/exchange=NSE/symbol=LT/part-050028_453773-010388.parquet,real_data_sample\l2_unseen_validation\trade_date=2026-07-17\exchange=NSE\symbol=LT\part-050028_453773-010388.parquet,35568,downloaded,35568,
2026-07-17,NSE,LT,raw_l2/trade_date=2026-07-17/exchange=NSE/symbol=LT/part-045904_120265-010196.parquet,real_data_sample\l2_unseen_validation\trade_date=2026-07-17\exchange=NSE\symbol=LT\part-045904_120265-010196.parquet,34903,downloaded,34903,
2026-07-17,NSE,LT,raw_l2/trade_date=2026-07-17/exchange=NSE/symbol=LT/part-050042_335360-010420.parquet,real_data_sample\l2_unseen_validation\trade_date=2026-07-17\exchange=NSE\symbol=LT\part-050042_335360-010420.parquet,35718,downloaded,35718,
2026-07-17,NSE,LT,raw_l2/trade_date=2026-07-17/exchange=NSE/symbol=LT/part-045932_259017-010260.parquet,real_data_sample\l2_unseen_validation\trade_date=2026-07-17\exchange=NSE\symbol=LT\part-045932_259017-010260.parquet,34725,downloaded,34725,
2026-07-17,NSE,LT,raw_l2/trade_date=2026-07-17/exchange=NSE/symbol=LT/part-045917_958169-010228.parquet,real_data_sample\l2_unseen_validation\trade_date=2026-07-17\exchange=NSE\symbol=LT\part-045917_958169-010228.parquet,34769,downloaded,34769,
2026-07-17,NSE,LT,raw_l2/trade_date=2026-07-17/exchange=NSE/symbol=LT/part-050124_162512-010516.parquet,real_data_sample\l2_unseen_validation\trade_date=2026-07-17\exchange=NSE\symbol=LT\part-050124_162512-010516.parquet,34960,downloaded,34960,
2026-07-17,NSE,LT,raw_l2/trade_date=2026-07-17/exchange=NSE/symbol=LT/part-050056_224419-010452.parquet,real_data_sample\l2_unseen_validation\trade_date=2026-07-17\exchange=NSE\symbol=LT\part-050056_224419-010452.parquet,35564,downloaded,35564,
2026-07-17,NSE,LT,raw_l2/trade_date=2026-07-17/exchange=NSE/symbol=LT/part-045946_343124-010292.parquet,real_data_sample\l2_unseen_validation\trade_date=2026-07-17\exchange=NSE\symbol=LT\part-045946_343124-010292.parquet,34729,downloaded,34729,
2026-07-17,NSE,LT,raw_l2/trade_date=2026-07-17/exchange=NSE/symbol=LT/part-050110_224335-010484.parquet,real_data_sample\l2_unseen_validation\trade_date=2026-07-17\exchange=NSE\symbol=LT\part-050110_224335-010484.parquet,35506,downloaded,35506,
2026-07-17,NSE,LT,raw_l2/trade_date=2026-07-17/exchange=NSE/symbol=LT/part-050138_053417-010548.parquet,real_data_sample\l2_unseen_validation\trade_date=2026-07-17\exchange=NSE\symbol=LT\part-050138_053417-010548.parquet,34731,downloaded,34731,
2026-07-17,NSE,LT,raw_l2/trade_date=2026-07-17/exchange=NSE/symbol=LT/part-050303_404655-010740.parquet,real_data_sample\l2_unseen_validation\trade_date=2026-07-17\exchange=NSE\symbol=LT\part-050303_404655-010740.parquet,35878,downloaded,35878,
2026-07-17,NSE,LT,raw_l2/trade_date=2026-07-17/exchange=NSE/symbol=LT/part-043128_220491-006388.parquet,real_data_sample\l2_unseen_validation\trade_date=2026-07-17\exchange=NSE\symbol=LT\part-043128_220491-006388.parquet,35421,downloaded,35421,
2026-07-17,NSE,LT,raw_l2/trade_date=2026-07-17/exchange=NSE/symbol=LT/part-043142_371572-006420.parquet,real_data_sample\l2_unseen_validation\trade_date=2026-07-17\exchange=NSE\symbol=LT\part-043142_371572-006420.parquet,35564,downloaded,35564,
2026-07-17,NSE,LT,raw_l2/trade_date=2026-07-17/exchange=NSE/symbol=LT/part-050345_779105-010836.parquet,real_data_sample\l2_unseen_validation\trade_date=2026-07-17\exchange=NSE\symbol=LT\part-050345_779105-010836.parquet,34659,downloaded,34659,
2026-07-17,NSE,LT,raw_l2/trade_date=2026-07-17/exchange=NSE/symbol=LT/part-050317_740959-010772.parquet,real_data_sample\l2_unseen_validation\trade_date=2026-07-17\exchange=NSE\symbol=LT\part-050317_740959-010772.parquet,35329,downloaded,35329,
2026-07-17,NSE,LT,raw_l2/trade_date=2026-07-17/exchange=NSE/symbol=LT/part-050220_643902-010644.parquet,real_data_sample\l2_unseen_validation\trade_date=2026-07-17\exchange=NSE\symbol=LT\part-050220_643902-010644.parquet,35630,downloaded,35630,
2026-07-17,NSE,LT,raw_l2/trade_date=2026-07-17/exchange=NSE/symbol=LT/part-050249_165369-010708.parquet,real_data_sample\l2_unseen_validation\trade_date=2026-07-17\exchange=NSE\symbol=LT\part-050249_165369-010708.parquet,35987,downloaded,35987,
2026-07-17,NSE,LT,raw_l2/trade_date=2026-07-17/exchange=NSE/symbol=LT/part-050206_550262-010612.parquet,real_data_sample\l2_unseen_validation\trade_date=2026-07-17\exchange=NSE\symbol=LT\part-050206_550262-010612.parquet,34721,downloaded,34721,
2026-07-17,NSE,LT,raw_l2/trade_date=2026-07-17/exchange=NSE/symbol=LT/part-050331_807822-010804.parquet,real_data_sample\l2_unseen_validation\trade_date=2026-07-17\exchange=NSE\symbol=LT\part-050331_807822-010804.parquet,34799,downloaded,34799,
2026-07-17,NSE,LT,raw_l2/trade_date=2026-07-17/exchange=NSE/symbol=LT/part-050152_121879-010580.parquet,real_data_sample\l2_unseen_validation\trade_date=2026-07-17\exchange=NSE\symbol=LT\part-050152_121879-010580.parquet,34893,downloaded,34893,
2026-07-17,NSE,LT,raw_l2/trade_date=2026-07-17/exchange=NSE/symbol=LT/part-050234_856433-010676.parquet,real_data_sample\l2_unseen_validation\trade_date=2026-07-17\exchange=NSE\symbol=LT\part-050234_856433-010676.parquet,35696,downloaded,35696,
2026-07-17,NSE,LT,raw_l2/trade_date=2026-07-17/exchange=NSE/symbol=LT/part-050359_889309-010868.parquet,real_data_sample\l2_unseen_validation\trade_date=2026-07-17\exchange=NSE\symbol=LT\part-050359_889309-010868.parquet,34641,downloaded,34641,
2026-07-17,NSE,LT,raw_l2/trade_date=2026-07-17/exchange=NSE/symbol=LT/part-050414_176734-010900.parquet,real_data_sample\l2_unseen_validation\trade_date=2026-07-17\exchange=NSE\symbol=LT\part-050414_176734-010900.parquet,35052,downloaded,35052,
2026-07-17,NSE,LT,raw_l2/trade_date=2026-07-17/exchange=NSE/symbol=LT/part-043224_636756-006516.parquet,real_data_sample\l2_unseen_validation\trade_date=2026-07-17\exchange=NSE\symbol=LT\part-043224_636756-006516.parquet,34566,downloaded,34566,
2026-07-17,NSE,LT,raw_l2/trade_date=2026-07-17/exchange=NSE/symbol=LT/part-043621_896744-007060.parquet,real_data_sample\l2_unseen_validation\trade_date=2026-07-17\exchange=NSE\symbol=LT\part-043621_896744-007060.parquet,34937,downloaded,34937,
2026-07-17,NSE,LT,raw_l2/trade_date=2026-07-17/exchange=NSE/symbol=LT/part-043046_167752-006292.parquet,real_data_sample\l2_unseen_validation\trade_date=2026-07-17\exchange=NSE\symbol=LT\part-043046_167752-006292.parquet,36023,downloaded,36023,
2026-07-17,NSE,LT,raw_l2/trade_date=2026-07-17/exchange=NSE/symbol=LT/part-050428_195871-010932.parquet,real_data_sample\l2_unseen_validation\trade_date=2026-07-17\exchange=NSE\symbol=LT\part-050428_195871-010932.parquet,35700,downloaded,35700,
2026-07-17,NSE,LT,raw_l2/trade_date=2026-07-17/exchange=NSE/symbol=LT/part-050442_135859-010964.parquet,real_data_sample\l2_unseen_validation\trade_date=2026-07-17\exchange=NSE\symbol=LT\part-050442_135859-010964.parquet,35648,downloaded,35648,
2026-07-17,NSE,LT,raw_l2/trade_date=2026-07-17/exchange=NSE/symbol=LT/part-050455_975747-010996.parquet,real_data_sample\l2_unseen_validation\trade_date=2026-07-17\exchange=NSE\symbol=LT\part-050455_975747-010996.parquet,35657,downloaded,35657,
2026-07-17,NSE,LT,raw_l2/trade_date=2026-07-17/exchange=NSE/symbol=LT/part-043539_977051-006964.parquet,real_data_sample\l2_unseen_validation\trade_date=2026-07-17\exchange=NSE\symbol=LT\part-043539_977051-006964.parquet,35691,downloaded,35691,
2026-07-17,NSE,LT,raw_l2/trade_date=2026-07-17/exchange=NSE/symbol=LT/part-050551_892412-011124.parquet,real_data_sample\l2_unseen_validation\trade_date=2026-07-17\exchange=NSE\symbol=LT\part-050551_892412-011124.parquet,34704,downloaded,34704,
2026-07-17,NSE,LT,raw_l2/trade_date=2026-07-17/exchange=NSE/symbol=LT/part-050537_937707-011092.parquet,real_data_sample\l2_unseen_validation\trade_date=2026-07-17\exchange=NSE\symbol=LT\part-050537_937707-011092.parquet,34404,downloaded,34404,
2026-07-17,NSE,LT,raw_l2/trade_date=2026-07-17/exchange=NSE/symbol=LT/part-043156_188307-006452.parquet,real_data_sample\l2_unseen_validation\trade_date=2026-07-17\exchange=NSE\symbol=LT\part-043156_188307-006452.parquet,35516,downloaded,35516,
2026-07-17,NSE,LT,raw_l2/trade_date=2026-07-17/exchange=NSE/symbol=LT/part-050620_241441-011188.parquet,real_data_sample\l2_unseen_validation\trade_date=2026-07-17\exchange=NSE\symbol=LT\part-050620_241441-011188.parquet,34742,downloaded,34742,
2026-07-17,NSE,LT,raw_l2/trade_date=2026-07-17/exchange=NSE/symbol=LT/part-050605_789198-011156.parquet,real_data_sample\l2_unseen_validation\trade_date=2026-07-17\exchange=NSE\symbol=LT\part-050605_789198-011156.parquet,34641,downloaded,34641,
2026-07-17,NSE,LT,raw_l2/trade_date=2026-07-17/exchange=NSE/symbol=LT/part-050524_096699-011060.parquet,real_data_sample\l2_unseen_validation\trade_date=2026-07-17\exchange=NSE\symbol=LT\part-050524_096699-011060.parquet,34709,downloaded,34709,
2026-07-17,NSE,LT,raw_l2/trade_date=2026-07-17/exchange=NSE/symbol=LT/part-050510_048184-011028.parquet,real_data_sample\l2_unseen_validation\trade_date=2026-07-17\exchange=NSE\symbol=LT\part-050510_048184-011028.parquet,35536,downloaded,35536,
2026-07-17,NSE,LT,raw_l2/trade_date=2026-07-17/exchange=NSE/symbol=LT/part-050717_671122-011316.parquet,real_data_sample\l2_unseen_validation\trade_date=2026-07-17\exchange=NSE\symbol=LT\part-050717_671122-011316.parquet,34905,downloaded,34905,
2026-07-17,NSE,LT,raw_l2/trade_date=2026-07-17/exchange=NSE/symbol=LT/part-050635_057582-011220.parquet,real_data_sample\l2_unseen_validation\trade_date=2026-07-17\exchange=NSE\symbol=LT\part-050635_057582-011220.parquet,34652,downloaded,34652,
2026-07-17,NSE,LT,raw_l2/trade_date=2026-07-17/exchange=NSE/symbol=LT/part-050731_640264-011348.parquet,real_data_sample\l2_unseen_validation\trade_date=2026-07-17\exchange=NSE\symbol=LT\part-050731_640264-011348.parquet,34910,downloaded,34910,
2026-07-17,NSE,LT,raw_l2/trade_date=2026-07-17/exchange=NSE/symbol=LT/part-043553_926594-006996.parquet,real_data_sample\l2_unseen_validation\trade_date=2026-07-17\exchange=NSE\symbol=LT\part-043553_926594-006996.parquet,35869,downloaded,35869,
2026-07-17,NSE,LT,raw_l2/trade_date=2026-07-17/exchange=NSE/symbol=LT/part-050703_473107-011284.parquet,real_data_sample\l2_unseen_validation\trade_date=2026-07-17\exchange=NSE\symbol=LT\part-050703_473107-011284.parquet,34886,downloaded,34886,
2026-07-17,NSE,LT,raw_l2/trade_date=2026-07-17/exchange=NSE/symbol=LT/part-050759_124433-011412.parquet,real_data_sample\l2_unseen_validation\trade_date=2026-07-17\exchange=NSE\symbol=LT\part-050759_124433-011412.parquet,34715,downloaded,34715,
2026-07-17,NSE,LT,raw_l2/trade_date=2026-07-17/exchange=NSE/symbol=LT/part-050649_462545-011252.parquet,real_data_sample\l2_unseen_validation\trade_date=2026-07-17\exchange=NSE\symbol=LT\part-050649_462545-011252.parquet,34510,downloaded,34510,
2026-07-17,NSE,LT,raw_l2/trade_date=2026-07-17/exchange=NSE/symbol=LT/part-050922_147737-011604.parquet,real_data_sample\l2_unseen_validation\trade_date=2026-07-17\exchange=NSE\symbol=LT\part-050922_147737-011604.parquet,34525,downloaded,34525,
2026-07-17,NSE,LT,raw_l2/trade_date=2026-07-17/exchange=NSE/symbol=LT/part-050949_805440-011668.parquet,real_data_sample\l2_unseen_validation\trade_date=2026-07-17\exchange=NSE\symbol=LT\part-050949_805440-011668.parquet,34842,downloaded,34842,
2026-07-17,NSE,LT,raw_l2/trade_date=2026-07-17/exchange=NSE/symbol=LT/part-050826_858645-011476.parquet,real_data_sample\l2_unseen_validation\trade_date=2026-07-17\exchange=NSE\symbol=LT\part-050826_858645-011476.parquet,34556,downloaded,34556,
2026-07-17,NSE,LT,raw_l2/trade_date=2026-07-17/exchange=NSE/symbol=LT/part-050813_101313-011444.parquet,real_data_sample\l2_unseen_validation\trade_date=2026-07-17\exchange=NSE\symbol=LT\part-050813_101313-011444.parquet,34543,downloaded,34543,
2026-07-17,NSE,LT,raw_l2/trade_date=2026-07-17/exchange=NSE/symbol=LT/part-050840_681215-011508.parquet,real_data_sample\l2_unseen_validation\trade_date=2026-07-17\exchange=NSE\symbol=LT\part-050840_681215-011508.parquet,34703,downloaded,34703,
2026-07-17,NSE,LT,raw_l2/trade_date=2026-07-17/exchange=NSE/symbol=LT/part-050936_115743-011636.parquet,real_data_sample\l2_unseen_validation\trade_date=2026-07-17\exchange=NSE\symbol=LT\part-050936_115743-011636.parquet,34750,downloaded,34750,
2026-07-17,NSE,LT,raw_l2/trade_date=2026-07-17/exchange=NSE/symbol=LT/part-050908_439554-011572.parquet,real_data_sample\l2_unseen_validation\trade_date=2026-07-17\exchange=NSE\symbol=LT\part-050908_439554-011572.parquet,34690,downloaded,34690,
2026-07-17,NSE,LT,raw_l2/trade_date=2026-07-17/exchange=NSE/symbol=LT/part-050745_326339-011380.parquet,real_data_sample\l2_unseen_validation\trade_date=2026-07-17\exchange=NSE\symbol=LT\part-050745_326339-011380.parquet,34688,downloaded,34688,
2026-07-17,NSE,LT,raw_l2/trade_date=2026-07-17/exchange=NSE/symbol=LT/part-050854_359792-011540.parquet,real_data_sample\l2_unseen_validation\trade_date=2026-07-17\exchange=NSE\symbol=LT\part-050854_359792-011540.parquet,34753,downloaded,34753,
2026-07-17,NSE,LT,raw_l2/trade_date=2026-07-17/exchange=NSE/symbol=LT/part-051031_361086-011764.parquet,real_data_sample\l2_unseen_validation\trade_date=2026-07-17\exchange=NSE\symbol=LT\part-051031_361086-011764.parquet,36022,downloaded,36022,
2026-07-17,NSE,LT,raw_l2/trade_date=2026-07-17/exchange=NSE/symbol=LT/part-043635_923143-007092.parquet,real_data_sample\l2_unseen_validation\trade_date=2026-07-17\exchange=NSE\symbol=LT\part-043635_923143-007092.parquet,34431,downloaded,34431,
2026-07-17,NSE,LT,raw_l2/trade_date=2026-07-17/exchange=NSE/symbol=LT/part-051003_826030-011700.parquet,real_data_sample\l2_unseen_validation\trade_date=2026-07-17\exchange=NSE\symbol=LT\part-051003_826030-011700.parquet,34951,downloaded,34951,
2026-07-17,NSE,LT,raw_l2/trade_date=2026-07-17/exchange=NSE/symbol=LT/part-051058_977304-011828.parquet,real_data_sample\l2_unseen_validation\trade_date=2026-07-17\exchange=NSE\symbol=LT\part-051058_977304-011828.parquet,35587,downloaded,35587,
2026-07-17,NSE,LT,raw_l2/trade_date=2026-07-17/exchange=NSE/symbol=LT/part-051017_545540-011732.parquet,real_data_sample\l2_unseen_validation\trade_date=2026-07-17\exchange=NSE\symbol=LT\part-051017_545540-011732.parquet,35113,downloaded,35113,
2026-07-17,NSE,LT,raw_l2/trade_date=2026-07-17/exchange=NSE/symbol=LT/part-051126_938419-011892.parquet,real_data_sample\l2_unseen_validation\trade_date=2026-07-17\exchange=NSE\symbol=LT\part-051126_938419-011892.parquet,35906,downloaded,35906,
2026-07-17,NSE,LT,raw_l2/trade_date=2026-07-17/exchange=NSE/symbol=LT/part-051045_224909-011796.parquet,real_data_sample\l2_unseen_validation\trade_date=2026-07-17\exchange=NSE\symbol=LT\part-051045_224909-011796.parquet,35775,downloaded,35775,
2026-07-17,NSE,LT,raw_l2/trade_date=2026-07-17/exchange=NSE/symbol=LT/part-051112_868830-011860.parquet,real_data_sample\l2_unseen_validation\trade_date=2026-07-17\exchange=NSE\symbol=LT\part-051112_868830-011860.parquet,35403,downloaded,35403,
2026-07-17,NSE,LT,raw_l2/trade_date=2026-07-17/exchange=NSE/symbol=LT/part-051141_077857-011924.parquet,real_data_sample\l2_unseen_validation\trade_date=2026-07-17\exchange=NSE\symbol=LT\part-051141_077857-011924.parquet,36210,downloaded,36210,
2026-07-17,NSE,LT,raw_l2/trade_date=2026-07-17/exchange=NSE/symbol=LT/part-051208_992571-011988.parquet,real_data_sample\l2_unseen_validation\trade_date=2026-07-17\exchange=NSE\symbol=LT\part-051208_992571-011988.parquet,36359,downloaded,36359,
2026-07-17,NSE,LT,raw_l2/trade_date=2026-07-17/exchange=NSE/symbol=LT/part-051250_704969-012084.parquet,real_data_sample\l2_unseen_validation\trade_date=2026-07-17\exchange=NSE\symbol=LT\part-051250_704969-012084.parquet,36160,downloaded,36160,
2026-07-17,NSE,LT,raw_l2/trade_date=2026-07-17/exchange=NSE/symbol=LT/part-051154_947563-011956.parquet,real_data_sample\l2_unseen_validation\trade_date=2026-07-17\exchange=NSE\symbol=LT\part-051154_947563-011956.parquet,36038,downloaded,36038,
2026-07-17,NSE,LT,raw_l2/trade_date=2026-07-17/exchange=NSE/symbol=LT/part-051236_777982-012052.parquet,real_data_sample\l2_unseen_validation\trade_date=2026-07-17\exchange=NSE\symbol=LT\part-051236_777982-012052.parquet,36059,downloaded,36059,
2026-07-17,NSE,LT,raw_l2/trade_date=2026-07-17/exchange=NSE/symbol=LT/part-051222_876329-012020.parquet,real_data_sample\l2_unseen_validation\trade_date=2026-07-17\exchange=NSE\symbol=LT\part-051222_876329-012020.parquet,36848,downloaded,36848,
2026-07-17,NSE,LT,raw_l2/trade_date=2026-07-17/exchange=NSE/symbol=LT/part-051319_332541-012148.parquet,real_data_sample\l2_unseen_validation\trade_date=2026-07-17\exchange=NSE\symbol=LT\part-051319_332541-012148.parquet,36730,downloaded,36730,
2026-07-17,NSE,LT,raw_l2/trade_date=2026-07-17/exchange=NSE/symbol=LT/part-051304_620989-012116.parquet,real_data_sample\l2_unseen_validation\trade_date=2026-07-17\exchange=NSE\symbol=LT\part-051304_620989-012116.parquet,36524,downloaded,36524,
2026-07-17,NSE,LT,raw_l2/trade_date=2026-07-17/exchange=NSE/symbol=LT/part-051333_598143-012180.parquet,real_data_sample\l2_unseen_validation\trade_date=2026-07-17\exchange=NSE\symbol=LT\part-051333_598143-012180.parquet,36465,downloaded,36465,
2026-07-17,NSE,LT,raw_l2/trade_date=2026-07-17/exchange=NSE/symbol=LT/part-051418_024403-012276.parquet,real_data_sample\l2_unseen_validation\trade_date=2026-07-17\exchange=NSE\symbol=LT\part-051418_024403-012276.parquet,36733,downloaded,36733,
2026-07-17,NSE,LT,raw_l2/trade_date=2026-07-17/exchange=NSE/symbol=LT/part-051348_542479-012212.parquet,real_data_sample\l2_unseen_validation\trade_date=2026-07-17\exchange=NSE\symbol=LT\part-051348_542479-012212.parquet,36461,downloaded,36461,
2026-07-17,NSE,LT,raw_l2/trade_date=2026-07-17/exchange=NSE/symbol=LT/part-051403_668773-012244.parquet,real_data_sample\l2_unseen_validation\trade_date=2026-07-17\exchange=NSE\symbol=LT\part-051403_668773-012244.parquet,36799,downloaded,36799,
2026-07-17,NSE,LT,raw_l2/trade_date=2026-07-17/exchange=NSE/symbol=LT/part-051446_656375-012340.parquet,real_data_sample\l2_unseen_validation\trade_date=2026-07-17\exchange=NSE\symbol=LT\part-051446_656375-012340.parquet,35943,downloaded,35943,
2026-07-17,NSE,LT,raw_l2/trade_date=2026-07-17/exchange=NSE/symbol=LT/part-051500_600388-012372.parquet,real_data_sample\l2_unseen_validation\trade_date=2026-07-17\exchange=NSE\symbol=LT\part-051500_600388-012372.parquet,35832,downloaded,35832,
2026-07-17,NSE,LT,raw_l2/trade_date=2026-07-17/exchange=NSE/symbol=LT/part-051432_894941-012308.parquet,real_data_sample\l2_unseen_validation\trade_date=2026-07-17\exchange=NSE\symbol=LT\part-051432_894941-012308.parquet,36244,downloaded,36244,
2026-07-17,NSE,LT,raw_l2/trade_date=2026-07-17/exchange=NSE/symbol=LT/part-051721_681262-012692.parquet,real_data_sample\l2_unseen_validation\trade_date=2026-07-17\exchange=NSE\symbol=LT\part-051721_681262-012692.parquet,36218,downloaded,36218,
2026-07-17,NSE,LT,raw_l2/trade_date=2026-07-17/exchange=NSE/symbol=LT/part-051611_298740-012532.parquet,real_data_sample\l2_unseen_validation\trade_date=2026-07-17\exchange=NSE\symbol=LT\part-051611_298740-012532.parquet,36283,downloaded,36283,
2026-07-17,NSE,LT,raw_l2/trade_date=2026-07-17/exchange=NSE/symbol=LT/part-051528_045830-012436.parquet,real_data_sample\l2_unseen_validation\trade_date=2026-07-17\exchange=NSE\symbol=LT\part-051528_045830-012436.parquet,36138,downloaded,36138,
2026-07-17,NSE,LT,raw_l2/trade_date=2026-07-17/exchange=NSE/symbol=LT/part-051707_778767-012660.parquet,real_data_sample\l2_unseen_validation\trade_date=2026-07-17\exchange=NSE\symbol=LT\part-051707_778767-012660.parquet,36282,downloaded,36282,
2026-07-17,NSE,LT,raw_l2/trade_date=2026-07-17/exchange=NSE/symbol=LT/part-051514_410374-012404.parquet,real_data_sample\l2_unseen_validation\trade_date=2026-07-17\exchange=NSE\symbol=LT\part-051514_410374-012404.parquet,36110,downloaded,36110,
2026-07-17,NSE,LT,raw_l2/trade_date=2026-07-17/exchange=NSE/symbol=LT/part-051639_553618-012596.parquet,real_data_sample\l2_unseen_validation\trade_date=2026-07-17\exchange=NSE\symbol=LT\part-051639_553618-012596.parquet,35329,downloaded,35329,
2026-07-17,NSE,LT,raw_l2/trade_date=2026-07-17/exchange=NSE/symbol=LT/part-051750_512334-012756.parquet,real_data_sample\l2_unseen_validation\trade_date=2026-07-17\exchange=NSE\symbol=LT\part-051750_512334-012756.parquet,35855,downloaded,35855,
2026-07-17,NSE,LT,raw_l2/trade_date=2026-07-17/exchange=NSE/symbol=LT/part-051625_324434-012564.parquet,real_data_sample\l2_unseen_validation\trade_date=2026-07-17\exchange=NSE\symbol=LT\part-051625_324434-012564.parquet,35457,downloaded,35457,
2026-07-17,NSE,LT,raw_l2/trade_date=2026-07-17/exchange=NSE/symbol=LT/part-051542_142525-012468.parquet,real_data_sample\l2_unseen_validation\trade_date=2026-07-17\exchange=NSE\symbol=LT\part-051542_142525-012468.parquet,36237,downloaded,36237,
2026-07-17,NSE,LT,raw_l2/trade_date=2026-07-17/exchange=NSE/symbol=LT/part-051556_584549-012500.parquet,real_data_sample\l2_unseen_validation\trade_date=2026-07-17\exchange=NSE\symbol=LT\part-051556_584549-012500.parquet,36400,downloaded,36400,
2026-07-17,NSE,LT,raw_l2/trade_date=2026-07-17/exchange=NSE/symbol=LT/part-051653_734093-012628.parquet,real_data_sample\l2_unseen_validation\trade_date=2026-07-17\exchange=NSE\symbol=LT\part-051653_734093-012628.parquet,35668,downloaded,35668,
2026-07-17,NSE,LT,raw_l2/trade_date=2026-07-17/exchange=NSE/symbol=LT/part-051736_048372-012724.parquet,real_data_sample\l2_unseen_validation\trade_date=2026-07-17\exchange=NSE\symbol=LT\part-051736_048372-012724.parquet,35463,downloaded,35463,
2026-07-17,NSE,LT,raw_l2/trade_date=2026-07-17/exchange=NSE/symbol=LT/part-051818_952958-012820.parquet,real_data_sample\l2_unseen_validation\trade_date=2026-07-17\exchange=NSE\symbol=LT\part-051818_952958-012820.parquet,36105,downloaded,36105,
2026-07-17,NSE,LT,raw_l2/trade_date=2026-07-17/exchange=NSE/symbol=LT/part-051833_409621-012852.parquet,real_data_sample\l2_unseen_validation\trade_date=2026-07-17\exchange=NSE\symbol=LT\part-051833_409621-012852.parquet,36063,downloaded,36063,
2026-07-17,NSE,LT,raw_l2/trade_date=2026-07-17/exchange=NSE/symbol=LT/part-051902_405418-012916.parquet,real_data_sample\l2_unseen_validation\trade_date=2026-07-17\exchange=NSE\symbol=LT\part-051902_405418-012916.parquet,35348,downloaded,35348,
2026-07-17,NSE,LT,raw_l2/trade_date=2026-07-17/exchange=NSE/symbol=LT/part-051916_500101-012948.parquet,real_data_sample\l2_unseen_validation\trade_date=2026-07-17\exchange=NSE\symbol=LT\part-051916_500101-012948.parquet,35613,downloaded,35613,
2026-07-17,NSE,LT,raw_l2/trade_date=2026-07-17/exchange=NSE/symbol=LT/part-051847_535154-012884.parquet,real_data_sample\l2_unseen_validation\trade_date=2026-07-17\exchange=NSE\symbol=LT\part-051847_535154-012884.parquet,35803,downloaded,35803,
2026-07-17,NSE,LT,raw_l2/trade_date=2026-07-17/exchange=NSE/symbol=LT/part-051804_671228-012788.parquet,real_data_sample\l2_unseen_validation\trade_date=2026-07-17\exchange=NSE\symbol=LT\part-051804_671228-012788.parquet,35458,downloaded,35458,
2026-07-17,NSE,LT,raw_l2/trade_date=2026-07-17/exchange=NSE/symbol=LT/part-051930_374983-012980.parquet,real_data_sample\l2_unseen_validation\trade_date=2026-07-17\exchange=NSE\symbol=LT\part-051930_374983-012980.parquet,34879,downloaded,34879,
2026-07-17,NSE,LT,raw_l2/trade_date=2026-07-17/exchange=NSE/symbol=LT/part-051944_192415-013012.parquet,real_data_sample\l2_unseen_validation\trade_date=2026-07-17\exchange=NSE\symbol=LT\part-051944_192415-013012.parquet,34580,downloaded,34580,
2026-07-17,NSE,LT,raw_l2/trade_date=2026-07-17/exchange=NSE/symbol=LT/part-052120_893787-013236.parquet,real_data_sample\l2_unseen_validation\trade_date=2026-07-17\exchange=NSE\symbol=LT\part-052120_893787-013236.parquet,35884,downloaded,35884,
2026-07-17,NSE,LT,raw_l2/trade_date=2026-07-17/exchange=NSE/symbol=LT/part-051958_191040-013044.parquet,real_data_sample\l2_unseen_validation\trade_date=2026-07-17\exchange=NSE\symbol=LT\part-051958_191040-013044.parquet,34736,downloaded,34736,
2026-07-17,NSE,LT,raw_l2/trade_date=2026-07-17/exchange=NSE/symbol=LT/part-052202_690208-013332.parquet,real_data_sample\l2_unseen_validation\trade_date=2026-07-17\exchange=NSE\symbol=LT\part-052202_690208-013332.parquet,36120,downloaded,36120,
2026-07-17,NSE,LT,raw_l2/trade_date=2026-07-17/exchange=NSE/symbol=LT/part-052011_877531-013076.parquet,real_data_sample\l2_unseen_validation\trade_date=2026-07-17\exchange=NSE\symbol=LT\part-052011_877531-013076.parquet,34805,downloaded,34805,
2026-07-17,NSE,LT,raw_l2/trade_date=2026-07-17/exchange=NSE/symbol=LT/part-052148_687729-013300.parquet,real_data_sample\l2_unseen_validation\trade_date=2026-07-17\exchange=NSE\symbol=LT\part-052148_687729-013300.parquet,35562,downloaded,35562,
2026-07-17,NSE,LT,raw_l2/trade_date=2026-07-17/exchange=NSE/symbol=LT/part-052106_934870-013204.parquet,real_data_sample\l2_unseen_validation\trade_date=2026-07-17\exchange=NSE\symbol=LT\part-052106_934870-013204.parquet,36257,downloaded,36257,
2026-07-17,NSE,LT,raw_l2/trade_date=2026-07-17/exchange=NSE/symbol=LT/part-052134_704355-013268.parquet,real_data_sample\l2_unseen_validation\trade_date=2026-07-17\exchange=NSE\symbol=LT\part-052134_704355-013268.parquet,36166,downloaded,36166,
2026-07-17,NSE,LT,raw_l2/trade_date=2026-07-17/exchange=NSE/symbol=LT/part-052216_828939-013364.parquet,real_data_sample\l2_unseen_validation\trade_date=2026-07-17\exchange=NSE\symbol=LT\part-052216_828939-013364.parquet,35563,downloaded,35563,
2026-07-17,NSE,LT,raw_l2/trade_date=2026-07-17/exchange=NSE/symbol=LT/part-052053_170468-013172.parquet,real_data_sample\l2_unseen_validation\trade_date=2026-07-17\exchange=NSE\symbol=LT\part-052053_170468-013172.parquet,35499,downloaded,35499,
2026-07-17,NSE,LT,raw_l2/trade_date=2026-07-17/exchange=NSE/symbol=LT/part-052025_622779-013108.parquet,real_data_sample\l2_unseen_validation\trade_date=2026-07-17\exchange=NSE\symbol=LT\part-052025_622779-013108.parquet,35816,downloaded,35816,
2026-07-17,NSE,LT,raw_l2/trade_date=2026-07-17/exchange=NSE/symbol=LT/part-052039_389478-013140.parquet,real_data_sample\l2_unseen_validation\trade_date=2026-07-17\exchange=NSE\symbol=LT\part-052039_389478-013140.parquet,35311,downloaded,35311,
2026-07-17,NSE,LT,raw_l2/trade_date=2026-07-17/exchange=NSE/symbol=LT/part-052230_768348-013396.parquet,real_data_sample\l2_unseen_validation\trade_date=2026-07-17\exchange=NSE\symbol=LT\part-052230_768348-013396.parquet,35858,downloaded,35858,
2026-07-17,NSE,LT,raw_l2/trade_date=2026-07-17/exchange=NSE/symbol=LT/part-052312_753410-013492.parquet,real_data_sample\l2_unseen_validation\trade_date=2026-07-17\exchange=NSE\symbol=LT\part-052312_753410-013492.parquet,35702,downloaded,35702,
2026-07-17,NSE,LT,raw_l2/trade_date=2026-07-17/exchange=NSE/symbol=LT/part-052244_712386-013428.parquet,real_data_sample\l2_unseen_validation\trade_date=2026-07-17\exchange=NSE\symbol=LT\part-052244_712386-013428.parquet,36021,downloaded,36021,
2026-07-17,NSE,LT,raw_l2/trade_date=2026-07-17/exchange=NSE/symbol=LT/part-052340_699239-013556.parquet,real_data_sample\l2_unseen_validation\trade_date=2026-07-17\exchange=NSE\symbol=LT\part-052340_699239-013556.parquet,35684,downloaded,35684,
2026-07-17,NSE,LT,raw_l2/trade_date=2026-07-17/exchange=NSE/symbol=LT/part-052258_747220-013460.parquet,real_data_sample\l2_unseen_validation\trade_date=2026-07-17\exchange=NSE\symbol=LT\part-052258_747220-013460.parquet,35751,downloaded,35751,
2026-07-17,NSE,LT,raw_l2/trade_date=2026-07-17/exchange=NSE/symbol=LT/part-052326_655163-013524.parquet,real_data_sample\l2_unseen_validation\trade_date=2026-07-17\exchange=NSE\symbol=LT\part-052326_655163-013524.parquet,35749,downloaded,35749,
2026-07-17,NSE,LT,raw_l2/trade_date=2026-07-17/exchange=NSE/symbol=LT/part-052408_717951-013620.parquet,real_data_sample\l2_unseen_validation\trade_date=2026-07-17\exchange=NSE\symbol=LT\part-052408_717951-013620.parquet,36116,downloaded,36116,
2026-07-17,NSE,LT,raw_l2/trade_date=2026-07-17/exchange=NSE/symbol=LT/part-052436_681495-013684.parquet,real_data_sample\l2_unseen_validation\trade_date=2026-07-17\exchange=NSE\symbol=LT\part-052436_681495-013684.parquet,36633,downloaded,36633,
2026-07-17,NSE,LT,raw_l2/trade_date=2026-07-17/exchange=NSE/symbol=LT/part-052354_928703-013588.parquet,real_data_sample\l2_unseen_validation\trade_date=2026-07-17\exchange=NSE\symbol=LT\part-052354_928703-013588.parquet,36084,downloaded,36084,
2026-07-17,NSE,LT,raw_l2/trade_date=2026-07-17/exchange=NSE/symbol=LT/part-052450_502892-013716.parquet,real_data_sample\l2_unseen_validation\trade_date=2026-07-17\exchange=NSE\symbol=LT\part-052450_502892-013716.parquet,36426,downloaded,36426,
2026-07-17,NSE,LT,raw_l2/trade_date=2026-07-17/exchange=NSE/symbol=LT/part-052422_619551-013652.parquet,real_data_sample\l2_unseen_validation\trade_date=2026-07-17\exchange=NSE\symbol=LT\part-052422_619551-013652.parquet,36431,downloaded,36431,
2026-07-17,NSE,LT,raw_l2/trade_date=2026-07-17/exchange=NSE/symbol=LT/part-052504_392017-013748.parquet,real_data_sample\l2_unseen_validation\trade_date=2026-07-17\exchange=NSE\symbol=LT\part-052504_392017-013748.parquet,35966,downloaded,35966,
2026-07-17,NSE,LT,raw_l2/trade_date=2026-07-17/exchange=NSE/symbol=LT/part-052532_151409-013812.parquet,real_data_sample\l2_unseen_validation\trade_date=2026-07-17\exchange=NSE\symbol=LT\part-052532_151409-013812.parquet,36166,downloaded,36166,
2026-07-17,NSE,LT,raw_l2/trade_date=2026-07-17/exchange=NSE/symbol=LT/part-052518_139792-013780.parquet,real_data_sample\l2_unseen_validation\trade_date=2026-07-17\exchange=NSE\symbol=LT\part-052518_139792-013780.parquet,35522,downloaded,35522,
2026-07-17,NSE,LT,raw_l2/trade_date=2026-07-17/exchange=NSE/symbol=LT/part-052600_410435-013876.parquet,real_data_sample\l2_unseen_validation\trade_date=2026-07-17\exchange=NSE\symbol=LT\part-052600_410435-013876.parquet,35733,downloaded,35733,
2026-07-17,NSE,LT,raw_l2/trade_date=2026-07-17/exchange=NSE/symbol=LT/part-052614_537596-013908.parquet,real_data_sample\l2_unseen_validation\trade_date=2026-07-17\exchange=NSE\symbol=LT\part-052614_537596-013908.parquet,36197,downloaded,36197,
2026-07-17,NSE,LT,raw_l2/trade_date=2026-07-17/exchange=NSE/symbol=LT/part-052546_268332-013844.parquet,real_data_sample\l2_unseen_validation\trade_date=2026-07-17\exchange=NSE\symbol=LT\part-052546_268332-013844.parquet,36185,downloaded,36185,
2026-07-17,NSE,LT,raw_l2/trade_date=2026-07-17/exchange=NSE/symbol=LT/part-052628_722826-013940.parquet,real_data_sample\l2_unseen_validation\trade_date=2026-07-17\exchange=NSE\symbol=LT\part-052628_722826-013940.parquet,35994,downloaded,35994,
2026-07-17,NSE,LT,raw_l2/trade_date=2026-07-17/exchange=NSE/symbol=LT/part-052642_820872-013972.parquet,real_data_sample\l2_unseen_validation\trade_date=2026-07-17\exchange=NSE\symbol=LT\part-052642_820872-013972.parquet,35536,downloaded,35536,
2026-07-17,NSE,LT,raw_l2/trade_date=2026-07-17/exchange=NSE/symbol=LT/part-052657_032133-014004.parquet,real_data_sample\l2_unseen_validation\trade_date=2026-07-17\exchange=NSE\symbol=LT\part-052657_032133-014004.parquet,35571,downloaded,35571,
2026-07-17,NSE,LT,raw_l2/trade_date=2026-07-17/exchange=NSE/symbol=LT/part-052738_950366-014100.parquet,real_data_sample\l2_unseen_validation\trade_date=2026-07-17\exchange=NSE\symbol=LT\part-052738_950366-014100.parquet,35410,downloaded,35410,
2026-07-17,NSE,LT,raw_l2/trade_date=2026-07-17/exchange=NSE/symbol=LT/part-052725_113310-014068.parquet,real_data_sample\l2_unseen_validation\trade_date=2026-07-17\exchange=NSE\symbol=LT\part-052725_113310-014068.parquet,35310,downloaded,35310,
2026-07-17,NSE,LT,raw_l2/trade_date=2026-07-17/exchange=NSE/symbol=LT/part-052711_039053-014036.parquet,real_data_sample\l2_unseen_validation\trade_date=2026-07-17\exchange=NSE\symbol=LT\part-052711_039053-014036.parquet,35516,downloaded,35516,
2026-07-17,NSE,LT,raw_l2/trade_date=2026-07-17/exchange=NSE/symbol=LT/part-052835_101800-014228.parquet,real_data_sample\l2_unseen_validation\trade_date=2026-07-17\exchange=NSE\symbol=LT\part-052835_101800-014228.parquet,34882,downloaded,34882,
2026-07-17,NSE,LT,raw_l2/trade_date=2026-07-17/exchange=NSE/symbol=LT/part-052917_566616-014324.parquet,real_data_sample\l2_unseen_validation\trade_date=2026-07-17\exchange=NSE\symbol=LT\part-052917_566616-014324.parquet,34835,downloaded,34835,
2026-07-17,NSE,LT,raw_l2/trade_date=2026-07-17/exchange=NSE/symbol=LT/part-052752_927831-014132.parquet,real_data_sample\l2_unseen_validation\trade_date=2026-07-17\exchange=NSE\symbol=LT\part-052752_927831-014132.parquet,35445,downloaded,35445,
2026-07-17,NSE,LT,raw_l2/trade_date=2026-07-17/exchange=NSE/symbol=LT/part-052903_577789-014292.parquet,real_data_sample\l2_unseen_validation\trade_date=2026-07-17\exchange=NSE\symbol=LT\part-052903_577789-014292.parquet,34917,downloaded,34917,
2026-07-17,NSE,LT,raw_l2/trade_date=2026-07-17/exchange=NSE/symbol=LT/part-052849_200993-014260.parquet,real_data_sample\l2_unseen_validation\trade_date=2026-07-17\exchange=NSE\symbol=LT\part-052849_200993-014260.parquet,34904,downloaded,34904,
2026-07-17,NSE,LT,raw_l2/trade_date=2026-07-17/exchange=NSE/symbol=LT/part-052806_765945-014164.parquet,real_data_sample\l2_unseen_validation\trade_date=2026-07-17\exchange=NSE\symbol=LT\part-052806_765945-014164.parquet,34992,downloaded,34992,
2026-07-17,NSE,LT,raw_l2/trade_date=2026-07-17/exchange=NSE/symbol=LT/part-052945_484661-014388.parquet,real_data_sample\l2_unseen_validation\trade_date=2026-07-17\exchange=NSE\symbol=LT\part-052945_484661-014388.parquet,34585,downloaded,34585,
2026-07-17,NSE,LT,raw_l2/trade_date=2026-07-17/exchange=NSE/symbol=LT/part-052820_824636-014196.parquet,real_data_sample\l2_unseen_validation\trade_date=2026-07-17\exchange=NSE\symbol=LT\part-052820_824636-014196.parquet,34595,downloaded,34595,
2026-07-17,NSE,LT,raw_l2/trade_date=2026-07-17/exchange=NSE/symbol=LT/part-052931_468379-014356.parquet,real_data_sample\l2_unseen_validation\trade_date=2026-07-17\exchange=NSE\symbol=LT\part-052931_468379-014356.parquet,34816,downloaded,34816,
2026-07-17,NSE,LT,raw_l2/trade_date=2026-07-17/exchange=NSE/symbol=LT/part-052959_554547-014420.parquet,real_data_sample\l2_unseen_validation\trade_date=2026-07-17\exchange=NSE\symbol=LT\part-052959_554547-014420.parquet,34961,downloaded,34961,
2026-07-17,NSE,LT,raw_l2/trade_date=2026-07-17/exchange=NSE/symbol=LT/part-053332_350383-014900.parquet,real_data_sample\l2_unseen_validation\trade_date=2026-07-17\exchange=NSE\symbol=LT\part-053332_350383-014900.parquet,35685,downloaded,35685,
2026-07-17,NSE,LT,raw_l2/trade_date=2026-07-17/exchange=NSE/symbol=LT/part-053029_168892-014484.parquet,real_data_sample\l2_unseen_validation\trade_date=2026-07-17\exchange=NSE\symbol=LT\part-053029_168892-014484.parquet,36165,downloaded,36165,
2026-07-17,NSE,LT,raw_l2/trade_date=2026-07-17/exchange=NSE/symbol=LT/part-053346_196452-014932.parquet,real_data_sample\l2_unseen_validation\trade_date=2026-07-17\exchange=NSE\symbol=LT\part-053346_196452-014932.parquet,35142,downloaded,35142,
2026-07-17,NSE,LT,raw_l2/trade_date=2026-07-17/exchange=NSE/symbol=LT/part-053014_822006-014452.parquet,real_data_sample\l2_unseen_validation\trade_date=2026-07-17\exchange=NSE\symbol=LT\part-053014_822006-014452.parquet,34712,downloaded,34712,
2026-07-17,NSE,LT,raw_l2/trade_date=2026-07-17/exchange=NSE/symbol=LT/part-053125_978645-014612.parquet,real_data_sample\l2_unseen_validation\trade_date=2026-07-17\exchange=NSE\symbol=LT\part-053125_978645-014612.parquet,36015,downloaded,36015,
2026-07-17,NSE,LT,raw_l2/trade_date=2026-07-17/exchange=NSE/symbol=LT/part-053153_633993-014676.parquet,real_data_sample\l2_unseen_validation\trade_date=2026-07-17\exchange=NSE\symbol=LT\part-053153_633993-014676.parquet,35661,downloaded,35661,
2026-07-17,NSE,LT,raw_l2/trade_date=2026-07-17/exchange=NSE/symbol=LT/part-053139_939917-014644.parquet,real_data_sample\l2_unseen_validation\trade_date=2026-07-17\exchange=NSE\symbol=LT\part-053139_939917-014644.parquet,36254,downloaded,36254,
2026-07-17,NSE,LT,raw_l2/trade_date=2026-07-17/exchange=NSE/symbol=LT/part-053111_745335-014580.parquet,real_data_sample\l2_unseen_validation\trade_date=2026-07-17\exchange=NSE\symbol=LT\part-053111_745335-014580.parquet,36251,downloaded,36251,
2026-07-17,NSE,LT,raw_l2/trade_date=2026-07-17/exchange=NSE/symbol=LT/part-053249_955815-014804.parquet,real_data_sample\l2_unseen_validation\trade_date=2026-07-17\exchange=NSE\symbol=LT\part-053249_955815-014804.parquet,35858,downloaded,35858,
2026-07-17,NSE,LT,raw_l2/trade_date=2026-07-17/exchange=NSE/symbol=LT/part-053304_100144-014836.parquet,real_data_sample\l2_unseen_validation\trade_date=2026-07-17\exchange=NSE\symbol=LT\part-053304_100144-014836.parquet,35772,downloaded,35772,
2026-07-17,NSE,LT,raw_l2/trade_date=2026-07-17/exchange=NSE/symbol=LT/part-053207_897585-014708.parquet,real_data_sample\l2_unseen_validation\trade_date=2026-07-17\exchange=NSE\symbol=LT\part-053207_897585-014708.parquet,35908,downloaded,35908,
2026-07-17,NSE,LT,raw_l2/trade_date=2026-07-17/exchange=NSE/symbol=LT/part-053057_088903-014548.parquet,real_data_sample\l2_unseen_validation\trade_date=2026-07-17\exchange=NSE\symbol=LT\part-053057_088903-014548.parquet,35960,downloaded,35960,
2026-07-17,NSE,LT,raw_l2/trade_date=2026-07-17/exchange=NSE/symbol=LT/part-053221_999212-014740.parquet,real_data_sample\l2_unseen_validation\trade_date=2026-07-17\exchange=NSE\symbol=LT\part-053221_999212-014740.parquet,35625,downloaded,35625,
2026-07-17,NSE,LT,raw_l2/trade_date=2026-07-17/exchange=NSE/symbol=LT/part-053318_191967-014868.parquet,real_data_sample\l2_unseen_validation\trade_date=2026-07-17\exchange=NSE\symbol=LT\part-053318_191967-014868.parquet,35730,downloaded,35730,
2026-07-17,NSE,LT,raw_l2/trade_date=2026-07-17/exchange=NSE/symbol=LT/part-053400_299972-014964.parquet,real_data_sample\l2_unseen_validation\trade_date=2026-07-17\exchange=NSE\symbol=LT\part-053400_299972-014964.parquet,35424,downloaded,35424,
2026-07-17,NSE,LT,raw_l2/trade_date=2026-07-17/exchange=NSE/symbol=LT/part-053236_015137-014772.parquet,real_data_sample\l2_unseen_validation\trade_date=2026-07-17\exchange=NSE\symbol=LT\part-053236_015137-014772.parquet,35555,downloaded,35555,
2026-07-17,NSE,LT,raw_l2/trade_date=2026-07-17/exchange=NSE/symbol=LT/part-053414_385411-014996.parquet,real_data_sample\l2_unseen_validation\trade_date=2026-07-17\exchange=NSE\symbol=LT\part-053414_385411-014996.parquet,35484,downloaded,35484,
2026-07-17,NSE,LT,raw_l2/trade_date=2026-07-17/exchange=NSE/symbol=LT/part-053441_888797-015060.parquet,real_data_sample\l2_unseen_validation\trade_date=2026-07-17\exchange=NSE\symbol=LT\part-053441_888797-015060.parquet,35672,downloaded,35672,
2026-07-17,NSE,LT,raw_l2/trade_date=2026-07-17/exchange=NSE/symbol=LT/part-053428_189210-015028.parquet,real_data_sample\l2_unseen_validation\trade_date=2026-07-17\exchange=NSE\symbol=LT\part-053428_189210-015028.parquet,35975,downloaded,35975,
2026-07-17,NSE,LT,raw_l2/trade_date=2026-07-17/exchange=NSE/symbol=LT/part-053509_586077-015124.parquet,real_data_sample\l2_unseen_validation\trade_date=2026-07-17\exchange=NSE\symbol=LT\part-053509_586077-015124.parquet,35608,downloaded,35608,
2026-07-17,NSE,LT,raw_l2/trade_date=2026-07-17/exchange=NSE/symbol=LT/part-053455_585538-015092.parquet,real_data_sample\l2_unseen_validation\trade_date=2026-07-17\exchange=NSE\symbol=LT\part-053455_585538-015092.parquet,35289,downloaded,35289,
2026-07-17,NSE,LT,raw_l2/trade_date=2026-07-17/exchange=NSE/symbol=LT/part-053523_502352-015156.parquet,real_data_sample\l2_unseen_validation\trade_date=2026-07-17\exchange=NSE\symbol=LT\part-053523_502352-015156.parquet,35299,downloaded,35299,
2026-07-17,NSE,LT,raw_l2/trade_date=2026-07-17/exchange=NSE/symbol=LT/part-053537_359544-015188.parquet,real_data_sample\l2_unseen_validation\trade_date=2026-07-17\exchange=NSE\symbol=LT\part-053537_359544-015188.parquet,35584,downloaded,35584,
2026-07-17,NSE,LT,raw_l2/trade_date=2026-07-17/exchange=NSE/symbol=LT/part-053618_984123-015284.parquet,real_data_sample\l2_unseen_validation\trade_date=2026-07-17\exchange=NSE\symbol=LT\part-053618_984123-015284.parquet,35067,downloaded,35067,
2026-07-17,NSE,LT,raw_l2/trade_date=2026-07-17/exchange=NSE/symbol=LT/part-053551_200183-015220.parquet,real_data_sample\l2_unseen_validation\trade_date=2026-07-17\exchange=NSE\symbol=LT\part-053551_200183-015220.parquet,35312,downloaded,35312,
2026-07-17,NSE,LT,raw_l2/trade_date=2026-07-17/exchange=NSE/symbol=LT/part-053633_197196-015316.parquet,real_data_sample\l2_unseen_validation\trade_date=2026-07-17\exchange=NSE\symbol=LT\part-053633_197196-015316.parquet,34753,downloaded,34753,
2026-07-17,NSE,LT,raw_l2/trade_date=2026-07-17/exchange=NSE/symbol=LT/part-053604_922272-015252.parquet,real_data_sample\l2_unseen_validation\trade_date=2026-07-17\exchange=NSE\symbol=LT\part-053604_922272-015252.parquet,35477,downloaded,35477,
2026-07-17,NSE,LT,raw_l2/trade_date=2026-07-17/exchange=NSE/symbol=LT/part-053647_131338-015348.parquet,real_data_sample\l2_unseen_validation\trade_date=2026-07-17\exchange=NSE\symbol=LT\part-053647_131338-015348.parquet,34638,downloaded,34638,
2026-07-17,NSE,LT,raw_l2/trade_date=2026-07-17/exchange=NSE/symbol=LT/part-053728_910716-015444.parquet,real_data_sample\l2_unseen_validation\trade_date=2026-07-17\exchange=NSE\symbol=LT\part-053728_910716-015444.parquet,35316,downloaded,35316,
2026-07-17,NSE,LT,raw_l2/trade_date=2026-07-17/exchange=NSE/symbol=LT/part-053043_014987-014516.parquet,real_data_sample\l2_unseen_validation\trade_date=2026-07-17\exchange=NSE\symbol=LT\part-053043_014987-014516.parquet,36167,downloaded,36167,
2026-07-17,NSE,LT,raw_l2/trade_date=2026-07-17/exchange=NSE/symbol=LT/part-053714_981415-015412.parquet,real_data_sample\l2_unseen_validation\trade_date=2026-07-17\exchange=NSE\symbol=LT\part-053714_981415-015412.parquet,34934,downloaded,34934,
2026-07-17,NSE,LT,raw_l2/trade_date=2026-07-17/exchange=NSE/symbol=LT/part-053701_027231-015380.parquet,real_data_sample\l2_unseen_validation\trade_date=2026-07-17\exchange=NSE\symbol=LT\part-053701_027231-015380.parquet,34672,downloaded,34672,
2026-07-17,NSE,LT,raw_l2/trade_date=2026-07-17/exchange=NSE/symbol=LT/part-053742_699021-015476.parquet,real_data_sample\l2_unseen_validation\trade_date=2026-07-17\exchange=NSE\symbol=LT\part-053742_699021-015476.parquet,36327,downloaded,36327,
2026-07-17,NSE,LT,raw_l2/trade_date=2026-07-17/exchange=NSE/symbol=LT/part-053756_622674-015508.parquet,real_data_sample\l2_unseen_validation\trade_date=2026-07-17\exchange=NSE\symbol=LT\part-053756_622674-015508.parquet,36120,downloaded,36120,
2026-07-17,NSE,LT,raw_l2/trade_date=2026-07-17/exchange=NSE/symbol=LT/part-054207_187532-016084.parquet,real_data_sample\l2_unseen_validation\trade_date=2026-07-17\exchange=NSE\symbol=LT\part-054207_187532-016084.parquet,34594,downloaded,34594,
2026-07-17,NSE,LT,raw_l2/trade_date=2026-07-17/exchange=NSE/symbol=LT/part-054139_407729-016020.parquet,real_data_sample\l2_unseen_validation\trade_date=2026-07-17\exchange=NSE\symbol=LT\part-054139_407729-016020.parquet,34489,downloaded,34489,
2026-07-17,NSE,LT,raw_l2/trade_date=2026-07-17/exchange=NSE/symbol=LT/part-054016_085648-015828.parquet,real_data_sample\l2_unseen_validation\trade_date=2026-07-17\exchange=NSE\symbol=LT\part-054016_085648-015828.parquet,34709,downloaded,34709,
2026-07-17,NSE,LT,raw_l2/trade_date=2026-07-17/exchange=NSE/symbol=LT/part-054221_162782-016116.parquet,real_data_sample\l2_unseen_validation\trade_date=2026-07-17\exchange=NSE\symbol=LT\part-054221_162782-016116.parquet,34621,downloaded,34621,
2026-07-17,NSE,LT,raw_l2/trade_date=2026-07-17/exchange=NSE/symbol=LT/part-053824_605908-015572.parquet,real_data_sample\l2_unseen_validation\trade_date=2026-07-17\exchange=NSE\symbol=LT\part-053824_605908-015572.parquet,35536,downloaded,35536,
2026-07-17,NSE,LT,raw_l2/trade_date=2026-07-17/exchange=NSE/symbol=LT/part-053920_492323-015700.parquet,real_data_sample\l2_unseen_validation\trade_date=2026-07-17\exchange=NSE\symbol=LT\part-053920_492323-015700.parquet,35063,downloaded,35063,
2026-07-17,NSE,LT,raw_l2/trade_date=2026-07-17/exchange=NSE/symbol=LT/part-054002_300575-015796.parquet,real_data_sample\l2_unseen_validation\trade_date=2026-07-17\exchange=NSE\symbol=LT\part-054002_300575-015796.parquet,34701,downloaded,34701,
2026-07-17,NSE,LT,raw_l2/trade_date=2026-07-17/exchange=NSE/symbol=LT/part-054153_210951-016052.parquet,real_data_sample\l2_unseen_validation\trade_date=2026-07-17\exchange=NSE\symbol=LT\part-054153_210951-016052.parquet,34739,downloaded,34739,
2026-07-17,NSE,LT,raw_l2/trade_date=2026-07-17/exchange=NSE/symbol=LT/part-054030_138063-015860.parquet,real_data_sample\l2_unseen_validation\trade_date=2026-07-17\exchange=NSE\symbol=LT\part-054030_138063-015860.parquet,34821,downloaded,34821,
2026-07-17,NSE,LT,raw_l2/trade_date=2026-07-17/exchange=NSE/symbol=LT/part-054234_917771-016148.parquet,real_data_sample\l2_unseen_validation\trade_date=2026-07-17\exchange=NSE\symbol=LT\part-054234_917771-016148.parquet,34719,downloaded,34719,
2026-07-17,NSE,LT,raw_l2/trade_date=2026-07-17/exchange=NSE/symbol=LT/part-054125_647475-015988.parquet,real_data_sample\l2_unseen_validation\trade_date=2026-07-17\exchange=NSE\symbol=LT\part-054125_647475-015988.parquet,34834,downloaded,34834,
2026-07-17,NSE,LT,raw_l2/trade_date=2026-07-17/exchange=NSE/symbol=LT/part-053852_644561-015636.parquet,real_data_sample\l2_unseen_validation\trade_date=2026-07-17\exchange=NSE\symbol=LT\part-053852_644561-015636.parquet,35625,downloaded,35625,
2026-07-17,NSE,LT,raw_l2/trade_date=2026-07-17/exchange=NSE/symbol=LT/part-053838_689731-015604.parquet,real_data_sample\l2_unseen_validation\trade_date=2026-07-17\exchange=NSE\symbol=LT\part-053838_689731-015604.parquet,35718,downloaded,35718,
2026-07-17,NSE,LT,raw_l2/trade_date=2026-07-17/exchange=NSE/symbol=LT/part-054111_904349-015956.parquet,real_data_sample\l2_unseen_validation\trade_date=2026-07-17\exchange=NSE\symbol=LT\part-054111_904349-015956.parquet,34731,downloaded,34731,
2026-07-17,NSE,LT,raw_l2/trade_date=2026-07-17/exchange=NSE/symbol=LT/part-054248_951854-016180.parquet,real_data_sample\l2_unseen_validation\trade_date=2026-07-17\exchange=NSE\symbol=LT\part-054248_951854-016180.parquet,34630,downloaded,34630,
2026-07-17,NSE,LT,raw_l2/trade_date=2026-07-17/exchange=NSE/symbol=LT/part-053810_463968-015540.parquet,real_data_sample\l2_unseen_validation\trade_date=2026-07-17\exchange=NSE\symbol=LT\part-053810_463968-015540.parquet,35702,downloaded,35702,
2026-07-17,NSE,LT,raw_l2/trade_date=2026-07-17/exchange=NSE/symbol=LT/part-053906_413355-015668.parquet,real_data_sample\l2_unseen_validation\trade_date=2026-07-17\exchange=NSE\symbol=LT\part-053906_413355-015668.parquet,35603,downloaded,35603,
2026-07-17,NSE,LT,raw_l2/trade_date=2026-07-17/exchange=NSE/symbol=LT/part-053948_197776-015764.parquet,real_data_sample\l2_unseen_validation\trade_date=2026-07-17\exchange=NSE\symbol=LT\part-053948_197776-015764.parquet,34813,downloaded,34813,
2026-07-17,NSE,LT,raw_l2/trade_date=2026-07-17/exchange=NSE/symbol=LT/part-054057_934504-015924.parquet,real_data_sample\l2_unseen_validation\trade_date=2026-07-17\exchange=NSE\symbol=LT\part-054057_934504-015924.parquet,34848,downloaded,34848,
2026-07-17,NSE,LT,raw_l2/trade_date=2026-07-17/exchange=NSE/symbol=LT/part-054044_001990-015892.parquet,real_data_sample\l2_unseen_validation\trade_date=2026-07-17\exchange=NSE\symbol=LT\part-054044_001990-015892.parquet,34673,downloaded,34673,
2026-07-17,NSE,LT,raw_l2/trade_date=2026-07-17/exchange=NSE/symbol=LT/part-053934_418378-015732.parquet,real_data_sample\l2_unseen_validation\trade_date=2026-07-17\exchange=NSE\symbol=LT\part-053934_418378-015732.parquet,34855,downloaded,34855,
2026-07-17,NSE,LT,raw_l2/trade_date=2026-07-17/exchange=NSE/symbol=LT/part-054316_927357-016244.parquet,real_data_sample\l2_unseen_validation\trade_date=2026-07-17\exchange=NSE\symbol=LT\part-054316_927357-016244.parquet,34552,downloaded,34552,
2026-07-17,NSE,LT,raw_l2/trade_date=2026-07-17/exchange=NSE/symbol=LT/part-054344_668363-016308.parquet,real_data_sample\l2_unseen_validation\trade_date=2026-07-17\exchange=NSE\symbol=LT\part-054344_668363-016308.parquet,34816,downloaded,34816,
2026-07-17,NSE,LT,raw_l2/trade_date=2026-07-17/exchange=NSE/symbol=LT/part-054358_462662-016340.parquet,real_data_sample\l2_unseen_validation\trade_date=2026-07-17\exchange=NSE\symbol=LT\part-054358_462662-016340.parquet,34632,downloaded,34632,
2026-07-17,NSE,LT,raw_l2/trade_date=2026-07-17/exchange=NSE/symbol=LT/part-054302_983568-016212.parquet,real_data_sample\l2_unseen_validation\trade_date=2026-07-17\exchange=NSE\symbol=LT\part-054302_983568-016212.parquet,34747,downloaded,34747,
2026-07-17,NSE,LT,raw_l2/trade_date=2026-07-17/exchange=NSE/symbol=LT/part-054330_719019-016276.parquet,real_data_sample\l2_unseen_validation\trade_date=2026-07-17\exchange=NSE\symbol=LT\part-054330_719019-016276.parquet,34511,downloaded,34511,
2026-07-17,NSE,LT,raw_l2/trade_date=2026-07-17/exchange=NSE/symbol=LT/part-054426_440042-016404.parquet,real_data_sample\l2_unseen_validation\trade_date=2026-07-17\exchange=NSE\symbol=LT\part-054426_440042-016404.parquet,35033,downloaded,35033,
2026-07-17,NSE,LT,raw_l2/trade_date=2026-07-17/exchange=NSE/symbol=LT/part-054412_524266-016372.parquet,real_data_sample\l2_unseen_validation\trade_date=2026-07-17\exchange=NSE\symbol=LT\part-054412_524266-016372.parquet,34458,downloaded,34458,
2026-07-17,NSE,LT,raw_l2/trade_date=2026-07-17/exchange=NSE/symbol=LT/part-054507_911961-016500.parquet,real_data_sample\l2_unseen_validation\trade_date=2026-07-17\exchange=NSE\symbol=LT\part-054507_911961-016500.parquet,34954,downloaded,34954,
2026-07-17,NSE,LT,raw_l2/trade_date=2026-07-17/exchange=NSE/symbol=LT/part-054440_211157-016436.parquet,real_data_sample\l2_unseen_validation\trade_date=2026-07-17\exchange=NSE\symbol=LT\part-054440_211157-016436.parquet,34748,downloaded,34748,
2026-07-17,NSE,LT,raw_l2/trade_date=2026-07-17/exchange=NSE/symbol=LT/part-054454_203526-016468.parquet,real_data_sample\l2_unseen_validation\trade_date=2026-07-17\exchange=NSE\symbol=LT\part-054454_203526-016468.parquet,34973,downloaded,34973,
2026-07-17,NSE,LT,raw_l2/trade_date=2026-07-17/exchange=NSE/symbol=LT/part-054535_744655-016564.parquet,real_data_sample\l2_unseen_validation\trade_date=2026-07-17\exchange=NSE\symbol=LT\part-054535_744655-016564.parquet,35613,downloaded,35613,
2026-07-17,NSE,LT,raw_l2/trade_date=2026-07-17/exchange=NSE/symbol=LT/part-054603_537007-016628.parquet,real_data_sample\l2_unseen_validation\trade_date=2026-07-17\exchange=NSE\symbol=LT\part-054603_537007-016628.parquet,36326,downloaded,36326,
2026-07-17,NSE,LT,raw_l2/trade_date=2026-07-17/exchange=NSE/symbol=LT/part-054617_403240-016660.parquet,real_data_sample\l2_unseen_validation\trade_date=2026-07-17\exchange=NSE\symbol=LT\part-054617_403240-016660.parquet,36170,downloaded,36170,
2026-07-17,NSE,LT,raw_l2/trade_date=2026-07-17/exchange=NSE/symbol=LT/part-054521_916096-016532.parquet,real_data_sample\l2_unseen_validation\trade_date=2026-07-17\exchange=NSE\symbol=LT\part-054521_916096-016532.parquet,35827,downloaded,35827,
2026-07-17,NSE,LT,raw_l2/trade_date=2026-07-17/exchange=NSE/symbol=LT/part-054549_706213-016596.parquet,real_data_sample\l2_unseen_validation\trade_date=2026-07-17\exchange=NSE\symbol=LT\part-054549_706213-016596.parquet,35905,downloaded,35905,
2026-07-17,NSE,LT,raw_l2/trade_date=2026-07-17/exchange=NSE/symbol=LT/part-054631_148825-016692.parquet,real_data_sample\l2_unseen_validation\trade_date=2026-07-17\exchange=NSE\symbol=LT\part-054631_148825-016692.parquet,36182,downloaded,36182,
2026-07-17,NSE,LT,raw_l2/trade_date=2026-07-17/exchange=NSE/symbol=LT/part-054644_948381-016724.parquet,real_data_sample\l2_unseen_validation\trade_date=2026-07-17\exchange=NSE\symbol=LT\part-054644_948381-016724.parquet,36254,downloaded,36254,
2026-07-17,NSE,LT,raw_l2/trade_date=2026-07-17/exchange=NSE/symbol=LT/part-054851_892567-017012.parquet,real_data_sample\l2_unseen_validation\trade_date=2026-07-17\exchange=NSE\symbol=LT\part-054851_892567-017012.parquet,35808,downloaded,35808,
2026-07-17,NSE,LT,raw_l2/trade_date=2026-07-17/exchange=NSE/symbol=LT/part-054658_847365-016756.parquet,real_data_sample\l2_unseen_validation\trade_date=2026-07-17\exchange=NSE\symbol=LT\part-054658_847365-016756.parquet,35682,downloaded,35682,
2026-07-17,NSE,LT,raw_l2/trade_date=2026-07-17/exchange=NSE/symbol=LT/part-054741_111976-016852.parquet,real_data_sample\l2_unseen_validation\trade_date=2026-07-17\exchange=NSE\symbol=LT\part-054741_111976-016852.parquet,35411,downloaded,35411,
2026-07-17,NSE,LT,raw_l2/trade_date=2026-07-17/exchange=NSE/symbol=LT/part-054837_665791-016980.parquet,real_data_sample\l2_unseen_validation\trade_date=2026-07-17\exchange=NSE\symbol=LT\part-054837_665791-016980.parquet,35940,downloaded,35940,
2026-07-17,NSE,LT,raw_l2/trade_date=2026-07-17/exchange=NSE/symbol=LT/part-054712_864827-016788.parquet,real_data_sample\l2_unseen_validation\trade_date=2026-07-17\exchange=NSE\symbol=LT\part-054712_864827-016788.parquet,35722,downloaded,35722,
2026-07-17,NSE,LT,raw_l2/trade_date=2026-07-17/exchange=NSE/symbol=LT/part-054727_060764-016820.parquet,real_data_sample\l2_unseen_validation\trade_date=2026-07-17\exchange=NSE\symbol=LT\part-054727_060764-016820.parquet,35575,downloaded,35575,
2026-07-17,NSE,LT,raw_l2/trade_date=2026-07-17/exchange=NSE/symbol=LT/part-054823_441521-016948.parquet,real_data_sample\l2_unseen_validation\trade_date=2026-07-17\exchange=NSE\symbol=LT\part-054823_441521-016948.parquet,35717,downloaded,35717,
2026-07-17,NSE,LT,raw_l2/trade_date=2026-07-17/exchange=NSE/symbol=LT/part-054755_269708-016884.parquet,real_data_sample\l2_unseen_validation\trade_date=2026-07-17\exchange=NSE\symbol=LT\part-054755_269708-016884.parquet,35897,downloaded,35897,
2026-07-17,NSE,LT,raw_l2/trade_date=2026-07-17/exchange=NSE/symbol=LT/part-054809_238131-016916.parquet,real_data_sample\l2_unseen_validation\trade_date=2026-07-17\exchange=NSE\symbol=LT\part-054809_238131-016916.parquet,35501,downloaded,35501,
2026-07-17,NSE,LT,raw_l2/trade_date=2026-07-17/exchange=NSE/symbol=LT/part-055214_383768-017460.parquet,real_data_sample\l2_unseen_validation\trade_date=2026-07-17\exchange=NSE\symbol=LT\part-055214_383768-017460.parquet,35984,downloaded,35984,
2026-07-17,NSE,LT,raw_l2/trade_date=2026-07-17/exchange=NSE/symbol=LT/part-055145_208938-017396.parquet,real_data_sample\l2_unseen_validation\trade_date=2026-07-17\exchange=NSE\symbol=LT\part-055145_208938-017396.parquet,36375,downloaded,36375,
2026-07-17,NSE,LT,raw_l2/trade_date=2026-07-17/exchange=NSE/symbol=LT/part-055017_672009-017204.parquet,real_data_sample\l2_unseen_validation\trade_date=2026-07-17\exchange=NSE\symbol=LT\part-055017_672009-017204.parquet,34792,downloaded,34792,
2026-07-17,NSE,LT,raw_l2/trade_date=2026-07-17/exchange=NSE/symbol=LT/part-054905_886216-017044.parquet,real_data_sample\l2_unseen_validation\trade_date=2026-07-17\exchange=NSE\symbol=LT\part-054905_886216-017044.parquet,35604,downloaded,35604,
2026-07-17,NSE,LT,raw_l2/trade_date=2026-07-17/exchange=NSE/symbol=LT/part-055130_486752-017364.parquet,real_data_sample\l2_unseen_validation\trade_date=2026-07-17\exchange=NSE\symbol=LT\part-055130_486752-017364.parquet,36139,downloaded,36139,
2026-07-17,NSE,LT,raw_l2/trade_date=2026-07-17/exchange=NSE/symbol=LT/part-055003_278356-017172.parquet,real_data_sample\l2_unseen_validation\trade_date=2026-07-17\exchange=NSE\symbol=LT\part-055003_278356-017172.parquet,34676,downloaded,34676,
2026-07-17,NSE,LT,raw_l2/trade_date=2026-07-17/exchange=NSE/symbol=LT/part-055031_699017-017236.parquet,real_data_sample\l2_unseen_validation\trade_date=2026-07-17\exchange=NSE\symbol=LT\part-055031_699017-017236.parquet,34637,downloaded,34637,
2026-07-17,NSE,LT,raw_l2/trade_date=2026-07-17/exchange=NSE/symbol=LT/part-055046_409495-017268.parquet,real_data_sample\l2_unseen_validation\trade_date=2026-07-17\exchange=NSE\symbol=LT\part-055046_409495-017268.parquet,34772,downloaded,34772,
2026-07-17,NSE,LT,raw_l2/trade_date=2026-07-17/exchange=NSE/symbol=LT/part-055100_948830-017300.parquet,real_data_sample\l2_unseen_validation\trade_date=2026-07-17\exchange=NSE\symbol=LT\part-055100_948830-017300.parquet,34918,downloaded,34918,
2026-07-17,NSE,LT,raw_l2/trade_date=2026-07-17/exchange=NSE/symbol=LT/part-054948_686474-017140.parquet,real_data_sample\l2_unseen_validation\trade_date=2026-07-17\exchange=NSE\symbol=LT\part-054948_686474-017140.parquet,34775,downloaded,34775,
2026-07-17,NSE,LT,raw_l2/trade_date=2026-07-17/exchange=NSE/symbol=LT/part-054934_474679-017108.parquet,real_data_sample\l2_unseen_validation\trade_date=2026-07-17\exchange=NSE\symbol=LT\part-054934_474679-017108.parquet,34886,downloaded,34886,
2026-07-17,NSE,LT,raw_l2/trade_date=2026-07-17/exchange=NSE/symbol=LT/part-055115_432862-017332.parquet,real_data_sample\l2_unseen_validation\trade_date=2026-07-17\exchange=NSE\symbol=LT\part-055115_432862-017332.parquet,34873,downloaded,34873,
2026-07-17,NSE,LT,raw_l2/trade_date=2026-07-17/exchange=NSE/symbol=LT/part-055228_882938-017492.parquet,real_data_sample\l2_unseen_validation\trade_date=2026-07-17\exchange=NSE\symbol=LT\part-055228_882938-017492.parquet,35728,downloaded,35728,
2026-07-17,NSE,LT,raw_l2/trade_date=2026-07-17/exchange=NSE/symbol=LT/part-055159_927159-017428.parquet,real_data_sample\l2_unseen_validation\trade_date=2026-07-17\exchange=NSE\symbol=LT\part-055159_927159-017428.parquet,35999,downloaded,35999,
2026-07-17,NSE,LT,raw_l2/trade_date=2026-07-17/exchange=NSE/symbol=LT/part-055243_837249-017524.parquet,real_data_sample\l2_unseen_validation\trade_date=2026-07-17\exchange=NSE\symbol=LT\part-055243_837249-017524.parquet,35372,downloaded,35372,
2026-07-17,NSE,LT,raw_l2/trade_date=2026-07-17/exchange=NSE/symbol=LT/part-054920_154148-017076.parquet,real_data_sample\l2_unseen_validation\trade_date=2026-07-17\exchange=NSE\symbol=LT\part-054920_154148-017076.parquet,34933,downloaded,34933,
2026-07-17,NSE,LT,raw_l2/trade_date=2026-07-17/exchange=NSE/symbol=LT/part-055258_424926-017556.parquet,real_data_sample\l2_unseen_validation\trade_date=2026-07-17\exchange=NSE\symbol=LT\part-055258_424926-017556.parquet,35164,downloaded,35164,
2026-07-17,NSE,LT,raw_l2/trade_date=2026-07-17/exchange=NSE/symbol=LT/part-055326_830473-017620.parquet,real_data_sample\l2_unseen_validation\trade_date=2026-07-17\exchange=NSE\symbol=LT\part-055326_830473-017620.parquet,35694,downloaded,35694,
2026-07-17,NSE,LT,raw_l2/trade_date=2026-07-17/exchange=NSE/symbol=LT/part-055312_795031-017588.parquet,real_data_sample\l2_unseen_validation\trade_date=2026-07-17\exchange=NSE\symbol=LT\part-055312_795031-017588.parquet,36054,downloaded,36054,
2026-07-17,NSE,LT,raw_l2/trade_date=2026-07-17/exchange=NSE/symbol=LT/part-055355_734373-017684.parquet,real_data_sample\l2_unseen_validation\trade_date=2026-07-17\exchange=NSE\symbol=LT\part-055355_734373-017684.parquet,36031,downloaded,36031,
2026-07-17,NSE,LT,raw_l2/trade_date=2026-07-17/exchange=NSE/symbol=LT/part-055341_416113-017652.parquet,real_data_sample\l2_unseen_validation\trade_date=2026-07-17\exchange=NSE\symbol=LT\part-055341_416113-017652.parquet,35800,downloaded,35800,
2026-07-17,NSE,LT,raw_l2/trade_date=2026-07-17/exchange=NSE/symbol=LT/part-055438_055997-017780.parquet,real_data_sample\l2_unseen_validation\trade_date=2026-07-17\exchange=NSE\symbol=LT\part-055438_055997-017780.parquet,36155,downloaded,36155,
2026-07-17,NSE,LT,raw_l2/trade_date=2026-07-17/exchange=NSE/symbol=LT/part-055409_914598-017716.parquet,real_data_sample\l2_unseen_validation\trade_date=2026-07-17\exchange=NSE\symbol=LT\part-055409_914598-017716.parquet,35671,downloaded,35671,
2026-07-17,NSE,LT,raw_l2/trade_date=2026-07-17/exchange=NSE/symbol=LT/part-055424_008426-017748.parquet,real_data_sample\l2_unseen_validation\trade_date=2026-07-17\exchange=NSE\symbol=LT\part-055424_008426-017748.parquet,35824,downloaded,35824,
2026-07-17,NSE,LT,raw_l2/trade_date=2026-07-17/exchange=NSE/symbol=LT/part-055919_618906-018420.parquet,real_data_sample\l2_unseen_validation\trade_date=2026-07-17\exchange=NSE\symbol=LT\part-055919_618906-018420.parquet,35665,downloaded,35665,
2026-07-17,NSE,LT,raw_l2/trade_date=2026-07-17/exchange=NSE/symbol=LT/part-055506_144517-017844.parquet,real_data_sample\l2_unseen_validation\trade_date=2026-07-17\exchange=NSE\symbol=LT\part-055506_144517-017844.parquet,36265,downloaded,36265,
2026-07-17,NSE,LT,raw_l2/trade_date=2026-07-17/exchange=NSE/symbol=LT/part-055630_374519-018036.parquet,real_data_sample\l2_unseen_validation\trade_date=2026-07-17\exchange=NSE\symbol=LT\part-055630_374519-018036.parquet,35681,downloaded,35681,
2026-07-17,NSE,LT,raw_l2/trade_date=2026-07-17/exchange=NSE/symbol=LT/part-055602_289234-017972.parquet,real_data_sample\l2_unseen_validation\trade_date=2026-07-17\exchange=NSE\symbol=LT\part-055602_289234-017972.parquet,36152,downloaded,36152,
2026-07-17,NSE,LT,raw_l2/trade_date=2026-07-17/exchange=NSE/symbol=LT/part-055548_052646-017940.parquet,real_data_sample\l2_unseen_validation\trade_date=2026-07-17\exchange=NSE\symbol=LT\part-055548_052646-017940.parquet,35688,downloaded,35688,
2026-07-17,NSE,LT,raw_l2/trade_date=2026-07-17/exchange=NSE/symbol=LT/part-055616_320161-018004.parquet,real_data_sample\l2_unseen_validation\trade_date=2026-07-17\exchange=NSE\symbol=LT\part-055616_320161-018004.parquet,36055,downloaded,36055,
2026-07-17,NSE,LT,raw_l2/trade_date=2026-07-17/exchange=NSE/symbol=LT/part-055520_032870-017876.parquet,real_data_sample\l2_unseen_validation\trade_date=2026-07-17\exchange=NSE\symbol=LT\part-055520_032870-017876.parquet,36123,downloaded,36123,
2026-07-17,NSE,LT,raw_l2/trade_date=2026-07-17/exchange=NSE/symbol=LT/part-055534_095176-017908.parquet,real_data_sample\l2_unseen_validation\trade_date=2026-07-17\exchange=NSE\symbol=LT\part-055534_095176-017908.parquet,35983,downloaded,35983,
2026-07-17,NSE,LT,raw_l2/trade_date=2026-07-17/exchange=NSE/symbol=LT/part-055837_168098-018324.parquet,real_data_sample\l2_unseen_validation\trade_date=2026-07-17\exchange=NSE\symbol=LT\part-055837_168098-018324.parquet,36248,downloaded,36248,
2026-07-17,NSE,LT,raw_l2/trade_date=2026-07-17/exchange=NSE/symbol=LT/part-060016_860908-018548.parquet,real_data_sample\l2_unseen_validation\trade_date=2026-07-17\exchange=NSE\symbol=LT\part-060016_860908-018548.parquet,36008,downloaded,36008,
2026-07-17,NSE,LT,raw_l2/trade_date=2026-07-17/exchange=NSE/symbol=LT/part-055712_630019-018132.parquet,real_data_sample\l2_unseen_validation\trade_date=2026-07-17\exchange=NSE\symbol=LT\part-055712_630019-018132.parquet,36385,downloaded,36385,
2026-07-17,NSE,LT,raw_l2/trade_date=2026-07-17/exchange=NSE/symbol=LT/part-055947_993628-018484.parquet,real_data_sample\l2_unseen_validation\trade_date=2026-07-17\exchange=NSE\symbol=LT\part-055947_993628-018484.parquet,35611,downloaded,35611,
2026-07-17,NSE,LT,raw_l2/trade_date=2026-07-17/exchange=NSE/symbol=LT/part-060002_684726-018516.parquet,real_data_sample\l2_unseen_validation\trade_date=2026-07-17\exchange=NSE\symbol=LT\part-060002_684726-018516.parquet,36176,downloaded,36176,
2026-07-17,NSE,LT,raw_l2/trade_date=2026-07-17/exchange=NSE/symbol=LT/part-060030_965645-018580.parquet,real_data_sample\l2_unseen_validation\trade_date=2026-07-17\exchange=NSE\symbol=LT\part-060030_965645-018580.parquet,35459,downloaded,35459,
2026-07-17,NSE,LT,raw_l2/trade_date=2026-07-17/exchange=NSE/symbol=LT/part-055808_787863-018260.parquet,real_data_sample\l2_unseen_validation\trade_date=2026-07-17\exchange=NSE\symbol=LT\part-055808_787863-018260.parquet,35412,downloaded,35412,
2026-07-17,NSE,LT,raw_l2/trade_date=2026-07-17/exchange=NSE/symbol=LT/part-055905_608130-018388.parquet,real_data_sample\l2_unseen_validation\trade_date=2026-07-17\exchange=NSE\symbol=LT\part-055905_608130-018388.parquet,35617,downloaded,35617,
2026-07-17,NSE,LT,raw_l2/trade_date=2026-07-17/exchange=NSE/symbol=LT/part-055452_052016-017812.parquet,real_data_sample\l2_unseen_validation\trade_date=2026-07-17\exchange=NSE\symbol=LT\part-055452_052016-017812.parquet,36347,downloaded,36347,
2026-07-17,NSE,LT,raw_l2/trade_date=2026-07-17/exchange=NSE/symbol=LT/part-060045_190975-018612.parquet,real_data_sample\l2_unseen_validation\trade_date=2026-07-17\exchange=NSE\symbol=LT\part-060045_190975-018612.parquet,35685,downloaded,35685,
2026-07-17,NSE,LT,raw_l2/trade_date=2026-07-17/exchange=NSE/symbol=LT/part-055933_829102-018452.parquet,real_data_sample\l2_unseen_validation\trade_date=2026-07-17\exchange=NSE\symbol=LT\part-055933_829102-018452.parquet,35621,downloaded,35621,
2026-07-17,NSE,LT,raw_l2/trade_date=2026-07-17/exchange=NSE/symbol=LT/part-055644_560360-018068.parquet,real_data_sample\l2_unseen_validation\trade_date=2026-07-17\exchange=NSE\symbol=LT\part-055644_560360-018068.parquet,36007,downloaded,36007,
2026-07-17,NSE,LT,raw_l2/trade_date=2026-07-17/exchange=NSE/symbol=LT/part-055822_897632-018292.parquet,real_data_sample\l2_unseen_validation\trade_date=2026-07-17\exchange=NSE\symbol=LT\part-055822_897632-018292.parquet,36029,downloaded,36029,
2026-07-17,NSE,LT,raw_l2/trade_date=2026-07-17/exchange=NSE/symbol=LT/part-060059_423270-018644.parquet,real_data_sample\l2_unseen_validation\trade_date=2026-07-17\exchange=NSE\symbol=LT\part-060059_423270-018644.parquet,36022,downloaded,36022,
2026-07-17,NSE,LT,raw_l2/trade_date=2026-07-17/exchange=NSE/symbol=LT/part-055740_868470-018196.parquet,real_data_sample\l2_unseen_validation\trade_date=2026-07-17\exchange=NSE\symbol=LT\part-055740_868470-018196.parquet,35627,downloaded,35627,
2026-07-17,NSE,LT,raw_l2/trade_date=2026-07-17/exchange=NSE/symbol=LT/part-055754_882216-018228.parquet,real_data_sample\l2_unseen_validation\trade_date=2026-07-17\exchange=NSE\symbol=LT\part-055754_882216-018228.parquet,35792,downloaded,35792,
2026-07-17,NSE,LT,raw_l2/trade_date=2026-07-17/exchange=NSE/symbol=LT/part-055851_481924-018356.parquet,real_data_sample\l2_unseen_validation\trade_date=2026-07-17\exchange=NSE\symbol=LT\part-055851_481924-018356.parquet,35848,downloaded,35848,
2026-07-17,NSE,LT,raw_l2/trade_date=2026-07-17/exchange=NSE/symbol=LT/part-055658_589401-018100.parquet,real_data_sample\l2_unseen_validation\trade_date=2026-07-17\exchange=NSE\symbol=LT\part-055658_589401-018100.parquet,35961,downloaded,35961,
2026-07-17,NSE,LT,raw_l2/trade_date=2026-07-17/exchange=NSE/symbol=LT/part-055726_665505-018164.parquet,real_data_sample\l2_unseen_validation\trade_date=2026-07-17\exchange=NSE\symbol=LT\part-055726_665505-018164.parquet,35870,downloaded,35870,
2026-07-17,NSE,LT,raw_l2/trade_date=2026-07-17/exchange=NSE/symbol=LT/part-060113_608722-018676.parquet,real_data_sample\l2_unseen_validation\trade_date=2026-07-17\exchange=NSE\symbol=LT\part-060113_608722-018676.parquet,35670,downloaded,35670,
2026-07-17,NSE,LT,raw_l2/trade_date=2026-07-17/exchange=NSE/symbol=LT/part-060127_594533-018708.parquet,real_data_sample\l2_unseen_validation\trade_date=2026-07-17\exchange=NSE\symbol=LT\part-060127_594533-018708.parquet,36119,downloaded,36119,
2026-07-17,NSE,LT,raw_l2/trade_date=2026-07-17/exchange=NSE/symbol=LT/part-060141_718608-018740.parquet,real_data_sample\l2_unseen_validation\trade_date=2026-07-17\exchange=NSE\symbol=LT\part-060141_718608-018740.parquet,35544,downloaded,35544,
2026-07-17,NSE,LT,raw_l2/trade_date=2026-07-17/exchange=NSE/symbol=LT/part-060155_821436-018772.parquet,real_data_sample\l2_unseen_validation\trade_date=2026-07-17\exchange=NSE\symbol=LT\part-060155_821436-018772.parquet,35810,downloaded,35810,
2026-07-17,NSE,LT,raw_l2/trade_date=2026-07-17/exchange=NSE/symbol=LT/part-060209_835441-018804.parquet,real_data_sample\l2_unseen_validation\trade_date=2026-07-17\exchange=NSE\symbol=LT\part-060209_835441-018804.parquet,35817,downloaded,35817,
2026-07-17,NSE,LT,raw_l2/trade_date=2026-07-17/exchange=NSE/symbol=LT/part-060238_124869-018868.parquet,real_data_sample\l2_unseen_validation\trade_date=2026-07-17\exchange=NSE\symbol=LT\part-060238_124869-018868.parquet,35616,downloaded,35616,
2026-07-17,NSE,LT,raw_l2/trade_date=2026-07-17/exchange=NSE/symbol=LT/part-060445_096971-019156.parquet,real_data_sample\l2_unseen_validation\trade_date=2026-07-17\exchange=NSE\symbol=LT\part-060445_096971-019156.parquet,34662,downloaded,34662,
2026-07-17,NSE,LT,raw_l2/trade_date=2026-07-17/exchange=NSE/symbol=LT/part-060541_328902-019284.parquet,real_data_sample\l2_unseen_validation\trade_date=2026-07-17\exchange=NSE\symbol=LT\part-060541_328902-019284.parquet,35663,downloaded,35663,
2026-07-17,NSE,LT,raw_l2/trade_date=2026-07-17/exchange=NSE/symbol=LT/part-060651_295952-019444.parquet,real_data_sample\l2_unseen_validation\trade_date=2026-07-17\exchange=NSE\symbol=LT\part-060651_295952-019444.parquet,34960,downloaded,34960,
2026-07-17,NSE,LT,raw_l2/trade_date=2026-07-17/exchange=NSE/symbol=LT/part-060306_305831-018932.parquet,real_data_sample\l2_unseen_validation\trade_date=2026-07-17\exchange=NSE\symbol=LT\part-060306_305831-018932.parquet,35545,downloaded,35545,
2026-07-17,NSE,LT,raw_l2/trade_date=2026-07-17/exchange=NSE/symbol=LT/part-060252_192671-018900.parquet,real_data_sample\l2_unseen_validation\trade_date=2026-07-17\exchange=NSE\symbol=LT\part-060252_192671-018900.parquet,36068,downloaded,36068,
2026-07-17,NSE,LT,raw_l2/trade_date=2026-07-17/exchange=NSE/symbol=LT/part-060930_199688-019796.parquet,real_data_sample\l2_unseen_validation\trade_date=2026-07-17\exchange=NSE\symbol=LT\part-060930_199688-019796.parquet,35728,downloaded,35728,
2026-07-17,NSE,LT,raw_l2/trade_date=2026-07-17/exchange=NSE/symbol=LT/part-060833_091786-019668.parquet,real_data_sample\l2_unseen_validation\trade_date=2026-07-17\exchange=NSE\symbol=LT\part-060833_091786-019668.parquet,34853,downloaded,34853,
2026-07-17,NSE,LT,raw_l2/trade_date=2026-07-17/exchange=NSE/symbol=LT/part-060748_186688-019572.parquet,real_data_sample\l2_unseen_validation\trade_date=2026-07-17\exchange=NSE\symbol=LT\part-060748_186688-019572.parquet,34770,downloaded,34770,
2026-07-17,NSE,LT,raw_l2/trade_date=2026-07-17/exchange=NSE/symbol=LT/part-060719_386767-019508.parquet,real_data_sample\l2_unseen_validation\trade_date=2026-07-17\exchange=NSE\symbol=LT\part-060719_386767-019508.parquet,34890,downloaded,34890,
2026-07-17,NSE,LT,raw_l2/trade_date=2026-07-17/exchange=NSE/symbol=LT/part-060733_648024-019540.parquet,real_data_sample\l2_unseen_validation\trade_date=2026-07-17\exchange=NSE\symbol=LT\part-060733_648024-019540.parquet,34874,downloaded,34874,
2026-07-17,NSE,LT,raw_l2/trade_date=2026-07-17/exchange=NSE/symbol=LT/part-060609_232500-019348.parquet,real_data_sample\l2_unseen_validation\trade_date=2026-07-17\exchange=NSE\symbol=LT\part-060609_232500-019348.parquet,35572,downloaded,35572,
2026-07-17,NSE,LT,raw_l2/trade_date=2026-07-17/exchange=NSE/symbol=LT/part-060224_118908-018836.parquet,real_data_sample\l2_unseen_validation\trade_date=2026-07-17\exchange=NSE\symbol=LT\part-060224_118908-018836.parquet,35713,downloaded,35713,
2026-07-17,NSE,LT,raw_l2/trade_date=2026-07-17/exchange=NSE/symbol=LT/part-060901_632543-019732.parquet,real_data_sample\l2_unseen_validation\trade_date=2026-07-17\exchange=NSE\symbol=LT\part-060901_632543-019732.parquet,34944,downloaded,34944,
2026-07-17,NSE,LT,raw_l2/trade_date=2026-07-17/exchange=NSE/symbol=LT/part-060416_397835-019092.parquet,real_data_sample\l2_unseen_validation\trade_date=2026-07-17\exchange=NSE\symbol=LT\part-060416_397835-019092.parquet,34758,downloaded,34758,
2026-07-17,NSE,LT,raw_l2/trade_date=2026-07-17/exchange=NSE/symbol=LT/part-060915_611585-019764.parquet,real_data_sample\l2_unseen_validation\trade_date=2026-07-17\exchange=NSE\symbol=LT\part-060915_611585-019764.parquet,35147,downloaded,35147,
2026-07-17,NSE,LT,raw_l2/trade_date=2026-07-17/exchange=NSE/symbol=LT/part-060623_035479-019380.parquet,real_data_sample\l2_unseen_validation\trade_date=2026-07-17\exchange=NSE\symbol=LT\part-060623_035479-019380.parquet,35105,downloaded,35105,
2026-07-17,NSE,LT,raw_l2/trade_date=2026-07-17/exchange=NSE/symbol=LT/part-060847_333310-019700.parquet,real_data_sample\l2_unseen_validation\trade_date=2026-07-17\exchange=NSE\symbol=LT\part-060847_333310-019700.parquet,34916,downloaded,34916,
2026-07-17,NSE,LT,raw_l2/trade_date=2026-07-17/exchange=NSE/symbol=LT/part-060555_300697-019316.parquet,real_data_sample\l2_unseen_validation\trade_date=2026-07-17\exchange=NSE\symbol=LT\part-060555_300697-019316.parquet,35470,downloaded,35470,
2026-07-17,NSE,LT,raw_l2/trade_date=2026-07-17/exchange=NSE/symbol=LT/part-060459_003534-019188.parquet,real_data_sample\l2_unseen_validation\trade_date=2026-07-17\exchange=NSE\symbol=LT\part-060459_003534-019188.parquet,34695,downloaded,34695,
2026-07-17,NSE,LT,raw_l2/trade_date=2026-07-17/exchange=NSE/symbol=LT/part-060402_293978-019060.parquet,real_data_sample\l2_unseen_validation\trade_date=2026-07-17\exchange=NSE\symbol=LT\part-060402_293978-019060.parquet,34672,downloaded,34672,
2026-07-17,NSE,LT,raw_l2/trade_date=2026-07-17/exchange=NSE/symbol=LT/part-060818_506302-019636.parquet,real_data_sample\l2_unseen_validation\trade_date=2026-07-17\exchange=NSE\symbol=LT\part-060818_506302-019636.parquet,34908,downloaded,34908,
2026-07-17,NSE,LT,raw_l2/trade_date=2026-07-17/exchange=NSE/symbol=LT/part-060944_553554-019828.parquet,real_data_sample\l2_unseen_validation\trade_date=2026-07-17\exchange=NSE\symbol=LT\part-060944_553554-019828.parquet,35939,downloaded,35939,
2026-07-17,NSE,LT,raw_l2/trade_date=2026-07-17/exchange=NSE/symbol=LT/part-060705_292037-019476.parquet,real_data_sample\l2_unseen_validation\trade_date=2026-07-17\exchange=NSE\symbol=LT\part-060705_292037-019476.parquet,34635,downloaded,34635,
2026-07-17,NSE,LT,raw_l2/trade_date=2026-07-17/exchange=NSE/symbol=LT/part-060803_719152-019604.parquet,real_data_sample\l2_unseen_validation\trade_date=2026-07-17\exchange=NSE\symbol=LT\part-060803_719152-019604.parquet,34823,downloaded,34823,
2026-07-17,NSE,LT,raw_l2/trade_date=2026-07-17/exchange=NSE/symbol=LT/part-060527_187895-019252.parquet,real_data_sample\l2_unseen_validation\trade_date=2026-07-17\exchange=NSE\symbol=LT\part-060527_187895-019252.parquet,35713,downloaded,35713,
2026-07-17,NSE,LT,raw_l2/trade_date=2026-07-17/exchange=NSE/symbol=LT/part-060430_786713-019124.parquet,real_data_sample\l2_unseen_validation\trade_date=2026-07-17\exchange=NSE\symbol=LT\part-060430_786713-019124.parquet,34754,downloaded,34754,
2026-07-17,NSE,LT,raw_l2/trade_date=2026-07-17/exchange=NSE/symbol=LT/part-060637_038627-019412.parquet,real_data_sample\l2_unseen_validation\trade_date=2026-07-17\exchange=NSE\symbol=LT\part-060637_038627-019412.parquet,34602,downloaded,34602,
2026-07-17,NSE,LT,raw_l2/trade_date=2026-07-17/exchange=NSE/symbol=LT/part-060334_347373-018996.parquet,real_data_sample\l2_unseen_validation\trade_date=2026-07-17\exchange=NSE\symbol=LT\part-060334_347373-018996.parquet,34547,downloaded,34547,
2026-07-17,NSE,LT,raw_l2/trade_date=2026-07-17/exchange=NSE/symbol=LT/part-060320_393924-018964.parquet,real_data_sample\l2_unseen_validation\trade_date=2026-07-17\exchange=NSE\symbol=LT\part-060320_393924-018964.parquet,35210,downloaded,35210,
2026-07-17,NSE,LT,raw_l2/trade_date=2026-07-17/exchange=NSE/symbol=LT/part-060513_084161-019220.parquet,real_data_sample\l2_unseen_validation\trade_date=2026-07-17\exchange=NSE\symbol=LT\part-060513_084161-019220.parquet,34868,downloaded,34868,
2026-07-17,NSE,LT,raw_l2/trade_date=2026-07-17/exchange=NSE/symbol=LT/part-060348_335387-019028.parquet,real_data_sample\l2_unseen_validation\trade_date=2026-07-17\exchange=NSE\symbol=LT\part-060348_335387-019028.parquet,34619,downloaded,34619,
2026-07-17,NSE,LT,raw_l2/trade_date=2026-07-17/exchange=NSE/symbol=LT/part-060958_801025-019860.parquet,real_data_sample\l2_unseen_validation\trade_date=2026-07-17\exchange=NSE\symbol=LT\part-060958_801025-019860.parquet,35399,downloaded,35399,
2026-07-17,NSE,LT,raw_l2/trade_date=2026-07-17/exchange=NSE/symbol=LT/part-061013_120491-019892.parquet,real_data_sample\l2_unseen_validation\trade_date=2026-07-17\exchange=NSE\symbol=LT\part-061013_120491-019892.parquet,36234,downloaded,36234,
2026-07-17,NSE,LT,raw_l2/trade_date=2026-07-17/exchange=NSE/symbol=LT/part-061027_403315-019924.parquet,real_data_sample\l2_unseen_validation\trade_date=2026-07-17\exchange=NSE\symbol=LT\part-061027_403315-019924.parquet,36045,downloaded,36045,
2026-07-17,NSE,LT,raw_l2/trade_date=2026-07-17/exchange=NSE/symbol=LT/part-061334_824679-020340.parquet,real_data_sample\l2_unseen_validation\trade_date=2026-07-17\exchange=NSE\symbol=LT\part-061334_824679-020340.parquet,35824,downloaded,35824,
2026-07-17,NSE,LT,raw_l2/trade_date=2026-07-17/exchange=NSE/symbol=LT/part-061305_995073-020276.parquet,real_data_sample\l2_unseen_validation\trade_date=2026-07-17\exchange=NSE\symbol=LT\part-061305_995073-020276.parquet,36362,downloaded,36362,
2026-07-17,NSE,LT,raw_l2/trade_date=2026-07-17/exchange=NSE/symbol=LT/part-061208_169666-020148.parquet,real_data_sample\l2_unseen_validation\trade_date=2026-07-17\exchange=NSE\symbol=LT\part-061208_169666-020148.parquet,36119,downloaded,36119,
2026-07-17,NSE,LT,raw_l2/trade_date=2026-07-17/exchange=NSE/symbol=LT/part-061139_301488-020084.parquet,real_data_sample\l2_unseen_validation\trade_date=2026-07-17\exchange=NSE\symbol=LT\part-061139_301488-020084.parquet,35989,downloaded,35989,
2026-07-17,NSE,LT,raw_l2/trade_date=2026-07-17/exchange=NSE/symbol=LT/part-061237_198710-020212.parquet,real_data_sample\l2_unseen_validation\trade_date=2026-07-17\exchange=NSE\symbol=LT\part-061237_198710-020212.parquet,36736,downloaded,36736,
2026-07-17,NSE,LT,raw_l2/trade_date=2026-07-17/exchange=NSE/symbol=LT/part-061041_705091-019956.parquet,real_data_sample\l2_unseen_validation\trade_date=2026-07-17\exchange=NSE\symbol=LT\part-061041_705091-019956.parquet,35987,downloaded,35987,
2026-07-17,NSE,LT,raw_l2/trade_date=2026-07-17/exchange=NSE/symbol=LT/part-061251_539743-020244.parquet,real_data_sample\l2_unseen_validation\trade_date=2026-07-17\exchange=NSE\symbol=LT\part-061251_539743-020244.parquet,36286,downloaded,36286,
2026-07-17,NSE,LT,raw_l2/trade_date=2026-07-17/exchange=NSE/symbol=LT/part-061153_864718-020116.parquet,real_data_sample\l2_unseen_validation\trade_date=2026-07-17\exchange=NSE\symbol=LT\part-061153_864718-020116.parquet,36255,downloaded,36255,
2026-07-17,NSE,LT,raw_l2/trade_date=2026-07-17/exchange=NSE/symbol=LT/part-061056_212100-019988.parquet,real_data_sample\l2_unseen_validation\trade_date=2026-07-17\exchange=NSE\symbol=LT\part-061056_212100-019988.parquet,36099,downloaded,36099,
2026-07-17,NSE,LT,raw_l2/trade_date=2026-07-17/exchange=NSE/symbol=LT/part-061222_734445-020180.parquet,real_data_sample\l2_unseen_validation\trade_date=2026-07-17\exchange=NSE\symbol=LT\part-061222_734445-020180.parquet,36588,downloaded,36588,
2026-07-17,NSE,LT,raw_l2/trade_date=2026-07-17/exchange=NSE/symbol=LT/part-061403_472136-020404.parquet,real_data_sample\l2_unseen_validation\trade_date=2026-07-17\exchange=NSE\symbol=LT\part-061403_472136-020404.parquet,35851,downloaded,35851,
2026-07-17,NSE,LT,raw_l2/trade_date=2026-07-17/exchange=NSE/symbol=LT/part-061753_935651-020916.parquet,real_data_sample\l2_unseen_validation\trade_date=2026-07-17\exchange=NSE\symbol=LT\part-061753_935651-020916.parquet,35917,downloaded,35917,
2026-07-17,NSE,LT,raw_l2/trade_date=2026-07-17/exchange=NSE/symbol=LT/part-061446_370436-020500.parquet,real_data_sample\l2_unseen_validation\trade_date=2026-07-17\exchange=NSE\symbol=LT\part-061446_370436-020500.parquet,36300,downloaded,36300,
2026-07-17,NSE,LT,raw_l2/trade_date=2026-07-17/exchange=NSE/symbol=LT/part-061739_314963-020884.parquet,real_data_sample\l2_unseen_validation\trade_date=2026-07-17\exchange=NSE\symbol=LT\part-061739_314963-020884.parquet,36049,downloaded,36049,
2026-07-17,NSE,LT,raw_l2/trade_date=2026-07-17/exchange=NSE/symbol=LT/part-061808_663404-020948.parquet,real_data_sample\l2_unseen_validation\trade_date=2026-07-17\exchange=NSE\symbol=LT\part-061808_663404-020948.parquet,35989,downloaded,35989,
2026-07-17,NSE,LT,raw_l2/trade_date=2026-07-17/exchange=NSE/symbol=LT/part-061500_776434-020532.parquet,real_data_sample\l2_unseen_validation\trade_date=2026-07-17\exchange=NSE\symbol=LT\part-061500_776434-020532.parquet,36201,downloaded,36201,
2026-07-17,NSE,LT,raw_l2/trade_date=2026-07-17/exchange=NSE/symbol=LT/part-061613_617593-020692.parquet,real_data_sample\l2_unseen_validation\trade_date=2026-07-17\exchange=NSE\symbol=LT\part-061613_617593-020692.parquet,35773,downloaded,35773,
2026-07-17,NSE,LT,raw_l2/trade_date=2026-07-17/exchange=NSE/symbol=LT/part-061515_225368-020564.parquet,real_data_sample\l2_unseen_validation\trade_date=2026-07-17\exchange=NSE\symbol=LT\part-061515_225368-020564.parquet,36044,downloaded,36044,
2026-07-17,NSE,LT,raw_l2/trade_date=2026-07-17/exchange=NSE/symbol=LT/part-061558_492705-020660.parquet,real_data_sample\l2_unseen_validation\trade_date=2026-07-17\exchange=NSE\symbol=LT\part-061558_492705-020660.parquet,36056,downloaded,36056,
2026-07-17,NSE,LT,raw_l2/trade_date=2026-07-17/exchange=NSE/symbol=LT/part-061432_155836-020468.parquet,real_data_sample\l2_unseen_validation\trade_date=2026-07-17\exchange=NSE\symbol=LT\part-061432_155836-020468.parquet,35490,downloaded,35490,
2026-07-17,NSE,LT,raw_l2/trade_date=2026-07-17/exchange=NSE/symbol=LT/part-061656_846734-020788.parquet,real_data_sample\l2_unseen_validation\trade_date=2026-07-17\exchange=NSE\symbol=LT\part-061656_846734-020788.parquet,36043,downloaded,36043,
2026-07-17,NSE,LT,raw_l2/trade_date=2026-07-17/exchange=NSE/symbol=LT/part-061642_804906-020756.parquet,real_data_sample\l2_unseen_validation\trade_date=2026-07-17\exchange=NSE\symbol=LT\part-061642_804906-020756.parquet,36284,downloaded,36284,
2026-07-17,NSE,LT,raw_l2/trade_date=2026-07-17/exchange=NSE/symbol=LT/part-061349_149056-020372.parquet,real_data_sample\l2_unseen_validation\trade_date=2026-07-17\exchange=NSE\symbol=LT\part-061349_149056-020372.parquet,35868,downloaded,35868,
2026-07-17,NSE,LT,raw_l2/trade_date=2026-07-17/exchange=NSE/symbol=LT/part-061711_158937-020820.parquet,real_data_sample\l2_unseen_validation\trade_date=2026-07-17\exchange=NSE\symbol=LT\part-061711_158937-020820.parquet,35872,downloaded,35872,
2026-07-17,NSE,LT,raw_l2/trade_date=2026-07-17/exchange=NSE/symbol=LT/part-061725_308837-020852.parquet,real_data_sample\l2_unseen_validation\trade_date=2026-07-17\exchange=NSE\symbol=LT\part-061725_308837-020852.parquet,36254,downloaded,36254,
2026-07-17,NSE,LT,raw_l2/trade_date=2026-07-17/exchange=NSE/symbol=LT/part-061417_723203-020436.parquet,real_data_sample\l2_unseen_validation\trade_date=2026-07-17\exchange=NSE\symbol=LT\part-061417_723203-020436.parquet,35877,downloaded,35877,
2026-07-17,NSE,LT,raw_l2/trade_date=2026-07-17/exchange=NSE/symbol=LT/part-061110_630042-020020.parquet,real_data_sample\l2_unseen_validation\trade_date=2026-07-17\exchange=NSE\symbol=LT\part-061110_630042-020020.parquet,36280,downloaded,36280,
2026-07-17,NSE,LT,raw_l2/trade_date=2026-07-17/exchange=NSE/symbol=LT/part-061320_488387-020308.parquet,real_data_sample\l2_unseen_validation\trade_date=2026-07-17\exchange=NSE\symbol=LT\part-061320_488387-020308.parquet,35993,downloaded,35993,
2026-07-17,NSE,LT,raw_l2/trade_date=2026-07-17/exchange=NSE/symbol=LT/part-061125_064848-020052.parquet,real_data_sample\l2_unseen_validation\trade_date=2026-07-17\exchange=NSE\symbol=LT\part-061125_064848-020052.parquet,35554,downloaded,35554,
2026-07-17,NSE,LT,raw_l2/trade_date=2026-07-17/exchange=NSE/symbol=LT/part-061529_745096-020596.parquet,real_data_sample\l2_unseen_validation\trade_date=2026-07-17\exchange=NSE\symbol=LT\part-061529_745096-020596.parquet,36058,downloaded,36058,
2026-07-17,NSE,LT,raw_l2/trade_date=2026-07-17/exchange=NSE/symbol=LT/part-061628_676169-020724.parquet,real_data_sample\l2_unseen_validation\trade_date=2026-07-17\exchange=NSE\symbol=LT\part-061628_676169-020724.parquet,35930,downloaded,35930,
2026-07-17,NSE,LT,raw_l2/trade_date=2026-07-17/exchange=NSE/symbol=LT/part-061543_947963-020628.parquet,real_data_sample\l2_unseen_validation\trade_date=2026-07-17\exchange=NSE\symbol=LT\part-061543_947963-020628.parquet,36428,downloaded,36428,
2026-07-17,NSE,LT,raw_l2/trade_date=2026-07-17/exchange=NSE/symbol=LT/part-061837_590769-021012.parquet,real_data_sample\l2_unseen_validation\trade_date=2026-07-17\exchange=NSE\symbol=LT\part-061837_590769-021012.parquet,35713,downloaded,35713,
2026-07-17,NSE,LT,raw_l2/trade_date=2026-07-17/exchange=NSE/symbol=LT/part-061822_719458-020980.parquet,real_data_sample\l2_unseen_validation\trade_date=2026-07-17\exchange=NSE\symbol=LT\part-061822_719458-020980.parquet,35440,downloaded,35440,
2026-07-17,NSE,LT,raw_l2/trade_date=2026-07-17/exchange=NSE/symbol=LT/part-062143_268279-021428.parquet,real_data_sample\l2_unseen_validation\trade_date=2026-07-17\exchange=NSE\symbol=LT\part-062143_268279-021428.parquet,35912,downloaded,35912,
2026-07-17,NSE,LT,raw_l2/trade_date=2026-07-17/exchange=NSE/symbol=LT/part-062337_641006-021684.parquet,real_data_sample\l2_unseen_validation\trade_date=2026-07-17\exchange=NSE\symbol=LT\part-062337_641006-021684.parquet,35873,downloaded,35873,
2026-07-17,NSE,LT,raw_l2/trade_date=2026-07-17/exchange=NSE/symbol=LT/part-062448_002484-021844.parquet,real_data_sample\l2_unseen_validation\trade_date=2026-07-17\exchange=NSE\symbol=LT\part-062448_002484-021844.parquet,34650,downloaded,34650,
2026-07-17,NSE,LT,raw_l2/trade_date=2026-07-17/exchange=NSE/symbol=LT/part-061851_827277-021044.parquet,real_data_sample\l2_unseen_validation\trade_date=2026-07-17\exchange=NSE\symbol=LT\part-061851_827277-021044.parquet,35918,downloaded,35918,
2026-07-17,NSE,LT,raw_l2/trade_date=2026-07-17/exchange=NSE/symbol=LT/part-062502_179577-021876.parquet,real_data_sample\l2_unseen_validation\trade_date=2026-07-17\exchange=NSE\symbol=LT\part-062502_179577-021876.parquet,34782,downloaded,34782,
2026-07-17,NSE,LT,raw_l2/trade_date=2026-07-17/exchange=NSE/symbol=LT/part-062309_064991-021620.parquet,real_data_sample\l2_unseen_validation\trade_date=2026-07-17\exchange=NSE\symbol=LT\part-062309_064991-021620.parquet,35976,downloaded,35976,
2026-07-17,NSE,LT,raw_l2/trade_date=2026-07-17/exchange=NSE/symbol=LT/part-061934_766388-021140.parquet,real_data_sample\l2_unseen_validation\trade_date=2026-07-17\exchange=NSE\symbol=LT\part-061934_766388-021140.parquet,35281,downloaded,35281,
2026-07-17,NSE,LT,raw_l2/trade_date=2026-07-17/exchange=NSE/symbol=LT/part-062323_387364-021652.parquet,real_data_sample\l2_unseen_validation\trade_date=2026-07-17\exchange=NSE\symbol=LT\part-062323_387364-021652.parquet,35602,downloaded,35602,
2026-07-17,NSE,LT,raw_l2/trade_date=2026-07-17/exchange=NSE/symbol=LT/part-062003_128055-021204.parquet,real_data_sample\l2_unseen_validation\trade_date=2026-07-17\exchange=NSE\symbol=LT\part-062003_128055-021204.parquet,35343,downloaded,35343,
2026-07-17,NSE,LT,raw_l2/trade_date=2026-07-17/exchange=NSE/symbol=LT/part-062046_266026-021300.parquet,real_data_sample\l2_unseen_validation\trade_date=2026-07-17\exchange=NSE\symbol=LT\part-062046_266026-021300.parquet,34780,downloaded,34780,
2026-07-17,NSE,LT,raw_l2/trade_date=2026-07-17/exchange=NSE/symbol=LT/part-061948_864741-021172.parquet,real_data_sample\l2_unseen_validation\trade_date=2026-07-17\exchange=NSE\symbol=LT\part-061948_864741-021172.parquet,36079,downloaded,36079,
2026-07-17,NSE,LT,raw_l2/trade_date=2026-07-17/exchange=NSE/symbol=LT/part-062129_372730-021396.parquet,real_data_sample\l2_unseen_validation\trade_date=2026-07-17\exchange=NSE\symbol=LT\part-062129_372730-021396.parquet,35643,downloaded,35643,
2026-07-17,NSE,LT,raw_l2/trade_date=2026-07-17/exchange=NSE/symbol=LT/part-062017_286539-021236.parquet,real_data_sample\l2_unseen_validation\trade_date=2026-07-17\exchange=NSE\symbol=LT\part-062017_286539-021236.parquet,35248,downloaded,35248,
2026-07-17,NSE,LT,raw_l2/trade_date=2026-07-17/exchange=NSE/symbol=LT/part-061905_884804-021076.parquet,real_data_sample\l2_unseen_validation\trade_date=2026-07-17\exchange=NSE\symbol=LT\part-061905_884804-021076.parquet,35959,downloaded,35959,
2026-07-17,NSE,LT,raw_l2/trade_date=2026-07-17/exchange=NSE/symbol=LT/part-062433_811080-021812.parquet,real_data_sample\l2_unseen_validation\trade_date=2026-07-17\exchange=NSE\symbol=LT\part-062433_811080-021812.parquet,34582,downloaded,34582,
2026-07-17,NSE,LT,raw_l2/trade_date=2026-07-17/exchange=NSE/symbol=LT/part-062031_552687-021268.parquet,real_data_sample\l2_unseen_validation\trade_date=2026-07-17\exchange=NSE\symbol=LT\part-062031_552687-021268.parquet,34668,downloaded,34668,
2026-07-17,NSE,LT,raw_l2/trade_date=2026-07-17/exchange=NSE/symbol=LT/part-061920_420182-021108.parquet,real_data_sample\l2_unseen_validation\trade_date=2026-07-17\exchange=NSE\symbol=LT\part-061920_420182-021108.parquet,35742,downloaded,35742,
2026-07-17,NSE,LT,raw_l2/trade_date=2026-07-17/exchange=NSE/symbol=LT/part-062100_755039-021332.parquet,real_data_sample\l2_unseen_validation\trade_date=2026-07-17\exchange=NSE\symbol=LT\part-062100_755039-021332.parquet,34754,downloaded,34754,
2026-07-17,NSE,LT,raw_l2/trade_date=2026-07-17/exchange=NSE/symbol=LT/part-062351_560633-021716.parquet,real_data_sample\l2_unseen_validation\trade_date=2026-07-17\exchange=NSE\symbol=LT\part-062351_560633-021716.parquet,35617,downloaded,35617,
2026-07-17,NSE,LT,raw_l2/trade_date=2026-07-17/exchange=NSE/symbol=LT/part-062516_407076-021908.parquet,real_data_sample\l2_unseen_validation\trade_date=2026-07-17\exchange=NSE\symbol=LT\part-062516_407076-021908.parquet,35196,downloaded,35196,
2026-07-17,NSE,LT,raw_l2/trade_date=2026-07-17/exchange=NSE/symbol=LT/part-062405_646019-021748.parquet,real_data_sample\l2_unseen_validation\trade_date=2026-07-17\exchange=NSE\symbol=LT\part-062405_646019-021748.parquet,35781,downloaded,35781,
2026-07-17,NSE,LT,raw_l2/trade_date=2026-07-17/exchange=NSE/symbol=LT/part-062254_656013-021588.parquet,real_data_sample\l2_unseen_validation\trade_date=2026-07-17\exchange=NSE\symbol=LT\part-062254_656013-021588.parquet,36288,downloaded,36288,
2026-07-17,NSE,LT,raw_l2/trade_date=2026-07-17/exchange=NSE/symbol=LT/part-062240_435939-021556.parquet,real_data_sample\l2_unseen_validation\trade_date=2026-07-17\exchange=NSE\symbol=LT\part-062240_435939-021556.parquet,35848,downloaded,35848,
2026-07-17,NSE,LT,raw_l2/trade_date=2026-07-17/exchange=NSE/symbol=LT/part-062544_221268-021972.parquet,real_data_sample\l2_unseen_validation\trade_date=2026-07-17\exchange=NSE\symbol=LT\part-062544_221268-021972.parquet,36212,downloaded,36212,
2026-07-17,NSE,LT,raw_l2/trade_date=2026-07-17/exchange=NSE/symbol=LT/part-062115_216012-021364.parquet,real_data_sample\l2_unseen_validation\trade_date=2026-07-17\exchange=NSE\symbol=LT\part-062115_216012-021364.parquet,35046,downloaded,35046,
2026-07-17,NSE,LT,raw_l2/trade_date=2026-07-17/exchange=NSE/symbol=LT/part-062419_795984-021780.parquet,real_data_sample\l2_unseen_validation\trade_date=2026-07-17\exchange=NSE\symbol=LT\part-062419_795984-021780.parquet,34930,downloaded,34930,
2026-07-17,NSE,LT,raw_l2/trade_date=2026-07-17/exchange=NSE/symbol=LT/part-062530_249212-021940.parquet,real_data_sample\l2_unseen_validation\trade_date=2026-07-17\exchange=NSE\symbol=LT\part-062530_249212-021940.parquet,36246,downloaded,36246,
2026-07-17,NSE,LT,raw_l2/trade_date=2026-07-17/exchange=NSE/symbol=LT/part-062211_793746-021492.parquet,real_data_sample\l2_unseen_validation\trade_date=2026-07-17\exchange=NSE\symbol=LT\part-062211_793746-021492.parquet,36209,downloaded,36209,
2026-07-17,NSE,LT,raw_l2/trade_date=2026-07-17/exchange=NSE/symbol=LT/part-062157_507877-021460.parquet,real_data_sample\l2_unseen_validation\trade_date=2026-07-17\exchange=NSE\symbol=LT\part-062157_507877-021460.parquet,35652,downloaded,35652,
2026-07-17,NSE,LT,raw_l2/trade_date=2026-07-17/exchange=NSE/symbol=LT/part-062226_076772-021524.parquet,real_data_sample\l2_unseen_validation\trade_date=2026-07-17\exchange=NSE\symbol=LT\part-062226_076772-021524.parquet,36005,downloaded,36005,
2026-07-17,NSE,LT,raw_l2/trade_date=2026-07-17/exchange=NSE/symbol=LT/part-062558_266474-022004.parquet,real_data_sample\l2_unseen_validation\trade_date=2026-07-17\exchange=NSE\symbol=LT\part-062558_266474-022004.parquet,35928,downloaded,35928,
2026-07-17,NSE,LT,raw_l2/trade_date=2026-07-17/exchange=NSE/symbol=LT/part-062612_323630-022036.parquet,real_data_sample\l2_unseen_validation\trade_date=2026-07-17\exchange=NSE\symbol=LT\part-062612_323630-022036.parquet,35752,downloaded,35752,
2026-07-17,NSE,LT,raw_l2/trade_date=2026-07-17/exchange=NSE/symbol=LT/part-063304_179442-022964.parquet,real_data_sample\l2_unseen_validation\trade_date=2026-07-17\exchange=NSE\symbol=LT\part-063304_179442-022964.parquet,35667,downloaded,35667,
2026-07-17,NSE,LT,raw_l2/trade_date=2026-07-17/exchange=NSE/symbol=LT/part-063029_440125-022612.parquet,real_data_sample\l2_unseen_validation\trade_date=2026-07-17\exchange=NSE\symbol=LT\part-063029_440125-022612.parquet,35762,downloaded,35762,
2026-07-17,NSE,LT,raw_l2/trade_date=2026-07-17/exchange=NSE/symbol=LT/part-063249_899503-022932.parquet,real_data_sample\l2_unseen_validation\trade_date=2026-07-17\exchange=NSE\symbol=LT\part-063249_899503-022932.parquet,35806,downloaded,35806,
2026-07-17,NSE,LT,raw_l2/trade_date=2026-07-17/exchange=NSE/symbol=LT/part-062834_727221-022356.parquet,real_data_sample\l2_unseen_validation\trade_date=2026-07-17\exchange=NSE\symbol=LT\part-062834_727221-022356.parquet,36189,downloaded,36189,
2026-07-17,NSE,LT,raw_l2/trade_date=2026-07-17/exchange=NSE/symbol=LT/part-062626_338037-022068.parquet,real_data_sample\l2_unseen_validation\trade_date=2026-07-17\exchange=NSE\symbol=LT\part-062626_338037-022068.parquet,35812,downloaded,35812,
2026-07-17,NSE,LT,raw_l2/trade_date=2026-07-17/exchange=NSE/symbol=LT/part-062752_182414-022260.parquet,real_data_sample\l2_unseen_validation\trade_date=2026-07-17\exchange=NSE\symbol=LT\part-062752_182414-022260.parquet,35492,downloaded,35492,
2026-07-17,NSE,LT,raw_l2/trade_date=2026-07-17/exchange=NSE/symbol=LT/part-063347_050574-023060.parquet,real_data_sample\l2_unseen_validation\trade_date=2026-07-17\exchange=NSE\symbol=LT\part-063347_050574-023060.parquet,35458,downloaded,35458,
2026-07-17,NSE,LT,raw_l2/trade_date=2026-07-17/exchange=NSE/symbol=LT/part-063208_016151-022836.parquet,real_data_sample\l2_unseen_validation\trade_date=2026-07-17\exchange=NSE\symbol=LT\part-063208_016151-022836.parquet,35612,downloaded,35612,
2026-07-17,NSE,LT,raw_l2/trade_date=2026-07-17/exchange=NSE/symbol=LT/part-063057_586634-022676.parquet,real_data_sample\l2_unseen_validation\trade_date=2026-07-17\exchange=NSE\symbol=LT\part-063057_586634-022676.parquet,35988,downloaded,35988,
2026-07-17,NSE,LT,raw_l2/trade_date=2026-07-17/exchange=NSE/symbol=LT/part-062723_545054-022196.parquet,real_data_sample\l2_unseen_validation\trade_date=2026-07-17\exchange=NSE\symbol=LT\part-062723_545054-022196.parquet,35934,downloaded,35934,
2026-07-17,NSE,LT,raw_l2/trade_date=2026-07-17/exchange=NSE/symbol=LT/part-062820_817068-022324.parquet,real_data_sample\l2_unseen_validation\trade_date=2026-07-17\exchange=NSE\symbol=LT\part-062820_817068-022324.parquet,36013,downloaded,36013,
2026-07-17,NSE,LT,raw_l2/trade_date=2026-07-17/exchange=NSE/symbol=LT/part-062849_101479-022388.parquet,real_data_sample\l2_unseen_validation\trade_date=2026-07-17\exchange=NSE\symbol=LT\part-062849_101479-022388.parquet,35876,downloaded,35876,
2026-07-17,NSE,LT,raw_l2/trade_date=2026-07-17/exchange=NSE/symbol=LT/part-062654_841768-022132.parquet,real_data_sample\l2_unseen_validation\trade_date=2026-07-17\exchange=NSE\symbol=LT\part-062654_841768-022132.parquet,35644,downloaded,35644,
2026-07-17,NSE,LT,raw_l2/trade_date=2026-07-17/exchange=NSE/symbol=LT/part-063015_311786-022580.parquet,real_data_sample\l2_unseen_validation\trade_date=2026-07-17\exchange=NSE\symbol=LT\part-063015_311786-022580.parquet,35849,downloaded,35849,
2026-07-17,NSE,LT,raw_l2/trade_date=2026-07-17/exchange=NSE/symbol=LT/part-062640_607369-022100.parquet,real_data_sample\l2_unseen_validation\trade_date=2026-07-17\exchange=NSE\symbol=LT\part-062640_607369-022100.parquet,35579,downloaded,35579,
2026-07-17,NSE,LT,raw_l2/trade_date=2026-07-17/exchange=NSE/symbol=LT/part-063332_917790-023028.parquet,real_data_sample\l2_unseen_validation\trade_date=2026-07-17\exchange=NSE\symbol=LT\part-063332_917790-023028.parquet,35443,downloaded,35443,
2026-07-17,NSE,LT,raw_l2/trade_date=2026-07-17/exchange=NSE/symbol=LT/part-063140_212849-022772.parquet,real_data_sample\l2_unseen_validation\trade_date=2026-07-17\exchange=NSE\symbol=LT\part-063140_212849-022772.parquet,36023,downloaded,36023,
2026-07-17,NSE,LT,raw_l2/trade_date=2026-07-17/exchange=NSE/symbol=LT/part-063000_959240-022548.parquet,real_data_sample\l2_unseen_validation\trade_date=2026-07-17\exchange=NSE\symbol=LT\part-063000_959240-022548.parquet,36228,downloaded,36228,
2026-07-17,NSE,LT,raw_l2/trade_date=2026-07-17/exchange=NSE/symbol=LT/part-063318_520092-022996.parquet,real_data_sample\l2_unseen_validation\trade_date=2026-07-17\exchange=NSE\symbol=LT\part-063318_520092-022996.parquet,35502,downloaded,35502,
2026-07-17,NSE,LT,raw_l2/trade_date=2026-07-17/exchange=NSE/symbol=LT/part-062709_100726-022164.parquet,real_data_sample\l2_unseen_validation\trade_date=2026-07-17\exchange=NSE\symbol=LT\part-062709_100726-022164.parquet,36055,downloaded,36055,
2026-07-17,NSE,LT,raw_l2/trade_date=2026-07-17/exchange=NSE/symbol=LT/part-062806_384158-022292.parquet,real_data_sample\l2_unseen_validation\trade_date=2026-07-17\exchange=NSE\symbol=LT\part-062806_384158-022292.parquet,35644,downloaded,35644,
2026-07-17,NSE,LT,raw_l2/trade_date=2026-07-17/exchange=NSE/symbol=LT/part-062737_887749-022228.parquet,real_data_sample\l2_unseen_validation\trade_date=2026-07-17\exchange=NSE\symbol=LT\part-062737_887749-022228.parquet,35334,downloaded,35334,
2026-07-17,NSE,LT,raw_l2/trade_date=2026-07-17/exchange=NSE/symbol=LT/part-063043_602051-022644.parquet,real_data_sample\l2_unseen_validation\trade_date=2026-07-17\exchange=NSE\symbol=LT\part-063043_602051-022644.parquet,36464,downloaded,36464,
2026-07-17,NSE,LT,raw_l2/trade_date=2026-07-17/exchange=NSE/symbol=LT/part-062903_026151-022420.parquet,real_data_sample\l2_unseen_validation\trade_date=2026-07-17\exchange=NSE\symbol=LT\part-062903_026151-022420.parquet,35611,downloaded,35611,
2026-07-17,NSE,LT,raw_l2/trade_date=2026-07-17/exchange=NSE/symbol=LT/part-063111_946324-022708.parquet,real_data_sample\l2_unseen_validation\trade_date=2026-07-17\exchange=NSE\symbol=LT\part-063111_946324-022708.parquet,36293,downloaded,36293,
2026-07-17,NSE,LT,raw_l2/trade_date=2026-07-17/exchange=NSE/symbol=LT/part-063154_182778-022804.parquet,real_data_sample\l2_unseen_validation\trade_date=2026-07-17\exchange=NSE\symbol=LT\part-063154_182778-022804.parquet,35857,downloaded,35857,
2026-07-17,NSE,LT,raw_l2/trade_date=2026-07-17/exchange=NSE/symbol=LT/part-063126_119401-022740.parquet,real_data_sample\l2_unseen_validation\trade_date=2026-07-17\exchange=NSE\symbol=LT\part-063126_119401-022740.parquet,36198,downloaded,36198,
2026-07-17,NSE,LT,raw_l2/trade_date=2026-07-17/exchange=NSE/symbol=LT/part-063221_959738-022868.parquet,real_data_sample\l2_unseen_validation\trade_date=2026-07-17\exchange=NSE\symbol=LT\part-063221_959738-022868.parquet,35653,downloaded,35653,
2026-07-17,NSE,LT,raw_l2/trade_date=2026-07-17/exchange=NSE/symbol=LT/part-063236_005241-022900.parquet,real_data_sample\l2_unseen_validation\trade_date=2026-07-17\exchange=NSE\symbol=LT\part-063236_005241-022900.parquet,35529,downloaded,35529,
2026-07-17,NSE,LT,raw_l2/trade_date=2026-07-17/exchange=NSE/symbol=LT/part-062917_091401-022452.parquet,real_data_sample\l2_unseen_validation\trade_date=2026-07-17\exchange=NSE\symbol=LT\part-062917_091401-022452.parquet,36234,downloaded,36234,
2026-07-17,NSE,LT,raw_l2/trade_date=2026-07-17/exchange=NSE/symbol=LT/part-062932_186319-022484.parquet,real_data_sample\l2_unseen_validation\trade_date=2026-07-17\exchange=NSE\symbol=LT\part-062932_186319-022484.parquet,35770,downloaded,35770,
2026-07-17,NSE,LT,raw_l2/trade_date=2026-07-17/exchange=NSE/symbol=LT/part-062946_383892-022516.parquet,real_data_sample\l2_unseen_validation\trade_date=2026-07-17\exchange=NSE\symbol=LT\part-062946_383892-022516.parquet,36409,downloaded,36409,
2026-07-17,NSE,LT,raw_l2/trade_date=2026-07-17/exchange=NSE/symbol=LT/part-063443_197497-023188.parquet,real_data_sample\l2_unseen_validation\trade_date=2026-07-17\exchange=NSE\symbol=LT\part-063443_197497-023188.parquet,35993,downloaded,35993,
2026-07-17,NSE,LT,raw_l2/trade_date=2026-07-17/exchange=NSE/symbol=LT/part-063415_216067-023124.parquet,real_data_sample\l2_unseen_validation\trade_date=2026-07-17\exchange=NSE\symbol=LT\part-063415_216067-023124.parquet,36264,downloaded,36264,
2026-07-17,NSE,LT,raw_l2/trade_date=2026-07-17/exchange=NSE/symbol=LT/part-063457_215759-023220.parquet,real_data_sample\l2_unseen_validation\trade_date=2026-07-17\exchange=NSE\symbol=LT\part-063457_215759-023220.parquet,36080,downloaded,36080,
2026-07-17,NSE,LT,raw_l2/trade_date=2026-07-17/exchange=NSE/symbol=LT/part-063429_251274-023156.parquet,real_data_sample\l2_unseen_validation\trade_date=2026-07-17\exchange=NSE\symbol=LT\part-063429_251274-023156.parquet,35704,downloaded,35704,
2026-07-17,NSE,LT,raw_l2/trade_date=2026-07-17/exchange=NSE/symbol=LT/part-063717_293233-023540.parquet,real_data_sample\l2_unseen_validation\trade_date=2026-07-17\exchange=NSE\symbol=LT\part-063717_293233-023540.parquet,35644,downloaded,35644,
2026-07-17,NSE,LT,raw_l2/trade_date=2026-07-17/exchange=NSE/symbol=LT/part-063525_685263-023284.parquet,real_data_sample\l2_unseen_validation\trade_date=2026-07-17\exchange=NSE\symbol=LT\part-063525_685263-023284.parquet,35681,downloaded,35681,
2026-07-17,NSE,LT,raw_l2/trade_date=2026-07-17/exchange=NSE/symbol=LT/part-063511_333984-023252.parquet,real_data_sample\l2_unseen_validation\trade_date=2026-07-17\exchange=NSE\symbol=LT\part-063511_333984-023252.parquet,35729,downloaded,35729,
2026-07-17,NSE,LT,raw_l2/trade_date=2026-07-17/exchange=NSE/symbol=LT/part-063553_413434-023348.parquet,real_data_sample\l2_unseen_validation\trade_date=2026-07-17\exchange=NSE\symbol=LT\part-063553_413434-023348.parquet,35289,downloaded,35289,
2026-07-17,NSE,LT,raw_l2/trade_date=2026-07-17/exchange=NSE/symbol=LT/part-063401_085166-023092.parquet,real_data_sample\l2_unseen_validation\trade_date=2026-07-17\exchange=NSE\symbol=LT\part-063401_085166-023092.parquet,35739,downloaded,35739,
2026-07-17,NSE,LT,raw_l2/trade_date=2026-07-17/exchange=NSE/symbol=LT/part-063539_478339-023316.parquet,real_data_sample\l2_unseen_validation\trade_date=2026-07-17\exchange=NSE\symbol=LT\part-063539_478339-023316.parquet,35803,downloaded,35803,
2026-07-17,NSE,LT,raw_l2/trade_date=2026-07-17/exchange=NSE/symbol=LT/part-063607_305473-023380.parquet,real_data_sample\l2_unseen_validation\trade_date=2026-07-17\exchange=NSE\symbol=LT\part-063607_305473-023380.parquet,35820,downloaded,35820,
2026-07-17,NSE,LT,raw_l2/trade_date=2026-07-17/exchange=NSE/symbol=LT/part-063649_306155-023476.parquet,real_data_sample\l2_unseen_validation\trade_date=2026-07-17\exchange=NSE\symbol=LT\part-063649_306155-023476.parquet,35769,downloaded,35769,
2026-07-17,NSE,LT,raw_l2/trade_date=2026-07-17/exchange=NSE/symbol=LT/part-063621_274488-023412.parquet,real_data_sample\l2_unseen_validation\trade_date=2026-07-17\exchange=NSE\symbol=LT\part-063621_274488-023412.parquet,35694,downloaded,35694,
2026-07-17,NSE,LT,raw_l2/trade_date=2026-07-17/exchange=NSE/symbol=LT/part-063703_334854-023508.parquet,real_data_sample\l2_unseen_validation\trade_date=2026-07-17\exchange=NSE\symbol=LT\part-063703_334854-023508.parquet,35828,downloaded,35828,
2026-07-17,NSE,LT,raw_l2/trade_date=2026-07-17/exchange=NSE/symbol=LT/part-063635_301647-023444.parquet,real_data_sample\l2_unseen_validation\trade_date=2026-07-17\exchange=NSE\symbol=LT\part-063635_301647-023444.parquet,35915,downloaded,35915,
2026-07-17,NSE,LT,raw_l2/trade_date=2026-07-17/exchange=NSE/symbol=LT/part-063745_146681-023604.parquet,real_data_sample\l2_unseen_validation\trade_date=2026-07-17\exchange=NSE\symbol=LT\part-063745_146681-023604.parquet,35781,downloaded,35781,
2026-07-17,NSE,LT,raw_l2/trade_date=2026-07-17/exchange=NSE/symbol=LT/part-063924_226087-023828.parquet,real_data_sample\l2_unseen_validation\trade_date=2026-07-17\exchange=NSE\symbol=LT\part-063924_226087-023828.parquet,35606,downloaded,35606,
2026-07-17,NSE,LT,raw_l2/trade_date=2026-07-17/exchange=NSE/symbol=LT/part-063812_837309-023668.parquet,real_data_sample\l2_unseen_validation\trade_date=2026-07-17\exchange=NSE\symbol=LT\part-063812_837309-023668.parquet,35317,downloaded,35317,
2026-07-17,NSE,LT,raw_l2/trade_date=2026-07-17/exchange=NSE/symbol=LT/part-063731_190682-023572.parquet,real_data_sample\l2_unseen_validation\trade_date=2026-07-17\exchange=NSE\symbol=LT\part-063731_190682-023572.parquet,35766,downloaded,35766,
2026-07-17,NSE,LT,raw_l2/trade_date=2026-07-17/exchange=NSE/symbol=LT/part-063855_968437-023764.parquet,real_data_sample\l2_unseen_validation\trade_date=2026-07-17\exchange=NSE\symbol=LT\part-063855_968437-023764.parquet,35941,downloaded,35941,
2026-07-17,NSE,LT,raw_l2/trade_date=2026-07-17/exchange=NSE/symbol=LT/part-063841_371985-023732.parquet,real_data_sample\l2_unseen_validation\trade_date=2026-07-17\exchange=NSE\symbol=LT\part-063841_371985-023732.parquet,35779,downloaded,35779,
2026-07-17,NSE,LT,raw_l2/trade_date=2026-07-17/exchange=NSE/symbol=LT/part-063758_956895-023636.parquet,real_data_sample\l2_unseen_validation\trade_date=2026-07-17\exchange=NSE\symbol=LT\part-063758_956895-023636.parquet,35764,downloaded,35764,
2026-07-17,NSE,LT,raw_l2/trade_date=2026-07-17/exchange=NSE/symbol=LT/part-064048_323177-024020.parquet,real_data_sample\l2_unseen_validation\trade_date=2026-07-17\exchange=NSE\symbol=LT\part-064048_323177-024020.parquet,36466,downloaded,36466,
2026-07-17,NSE,LT,raw_l2/trade_date=2026-07-17/exchange=NSE/symbol=LT/part-064102_230751-024052.parquet,real_data_sample\l2_unseen_validation\trade_date=2026-07-17\exchange=NSE\symbol=LT\part-064102_230751-024052.parquet,35896,downloaded,35896,
2026-07-17,NSE,LT,raw_l2/trade_date=2026-07-17/exchange=NSE/symbol=LT/part-063827_101923-023700.parquet,real_data_sample\l2_unseen_validation\trade_date=2026-07-17\exchange=NSE\symbol=LT\part-063827_101923-023700.parquet,36007,downloaded,36007,
2026-07-17,NSE,LT,raw_l2/trade_date=2026-07-17/exchange=NSE/symbol=LT/part-063938_198433-023860.parquet,real_data_sample\l2_unseen_validation\trade_date=2026-07-17\exchange=NSE\symbol=LT\part-063938_198433-023860.parquet,36331,downloaded,36331,
2026-07-17,NSE,LT,raw_l2/trade_date=2026-07-17/exchange=NSE/symbol=LT/part-064034_212961-023988.parquet,real_data_sample\l2_unseen_validation\trade_date=2026-07-17\exchange=NSE\symbol=LT\part-064034_212961-023988.parquet,36369,downloaded,36369,
2026-07-17,NSE,LT,raw_l2/trade_date=2026-07-17/exchange=NSE/symbol=LT/part-063910_200828-023796.parquet,real_data_sample\l2_unseen_validation\trade_date=2026-07-17\exchange=NSE\symbol=LT\part-063910_200828-023796.parquet,35558,downloaded,35558,
2026-07-17,NSE,LT,raw_l2/trade_date=2026-07-17/exchange=NSE/symbol=LT/part-064020_113156-023956.parquet,real_data_sample\l2_unseen_validation\trade_date=2026-07-17\exchange=NSE\symbol=LT\part-064020_113156-023956.parquet,35985,downloaded,35985,
2026-07-17,NSE,LT,raw_l2/trade_date=2026-07-17/exchange=NSE/symbol=LT/part-064006_021535-023924.parquet,real_data_sample\l2_unseen_validation\trade_date=2026-07-17\exchange=NSE\symbol=LT\part-064006_021535-023924.parquet,35923,downloaded,35923,
2026-07-17,NSE,LT,raw_l2/trade_date=2026-07-17/exchange=NSE/symbol=LT/part-064116_130582-024084.parquet,real_data_sample\l2_unseen_validation\trade_date=2026-07-17\exchange=NSE\symbol=LT\part-064116_130582-024084.parquet,35487,downloaded,35487,
2026-07-17,NSE,LT,raw_l2/trade_date=2026-07-17/exchange=NSE/symbol=LT/part-063952_183351-023892.parquet,real_data_sample\l2_unseen_validation\trade_date=2026-07-17\exchange=NSE\symbol=LT\part-063952_183351-023892.parquet,35930,downloaded,35930,
2026-07-17,NSE,LT,raw_l2/trade_date=2026-07-17/exchange=NSE/symbol=LT/part-064144_155367-024148.parquet,real_data_sample\l2_unseen_validation\trade_date=2026-07-17\exchange=NSE\symbol=LT\part-064144_155367-024148.parquet,35911,downloaded,35911,
2026-07-17,NSE,LT,raw_l2/trade_date=2026-07-17/exchange=NSE/symbol=LT/part-064157_863673-024180.parquet,real_data_sample\l2_unseen_validation\trade_date=2026-07-17\exchange=NSE\symbol=LT\part-064157_863673-024180.parquet,35729,downloaded,35729,
2026-07-17,NSE,LT,raw_l2/trade_date=2026-07-17/exchange=NSE/symbol=LT/part-064129_921077-024116.parquet,real_data_sample\l2_unseen_validation\trade_date=2026-07-17\exchange=NSE\symbol=LT\part-064129_921077-024116.parquet,35673,downloaded,35673,
2026-07-17,NSE,LT,raw_l2/trade_date=2026-07-17/exchange=NSE/symbol=LT/part-064253_181471-024308.parquet,real_data_sample\l2_unseen_validation\trade_date=2026-07-17\exchange=NSE\symbol=LT\part-064253_181471-024308.parquet,36237,downloaded,36237,
2026-07-17,NSE,LT,raw_l2/trade_date=2026-07-17/exchange=NSE/symbol=LT/part-064225_715081-024244.parquet,real_data_sample\l2_unseen_validation\trade_date=2026-07-17\exchange=NSE\symbol=LT\part-064225_715081-024244.parquet,35339,downloaded,35339,
2026-07-17,NSE,LT,raw_l2/trade_date=2026-07-17/exchange=NSE/symbol=LT/part-064348_398838-024436.parquet,real_data_sample\l2_unseen_validation\trade_date=2026-07-17\exchange=NSE\symbol=LT\part-064348_398838-024436.parquet,36013,downloaded,36013,
2026-07-17,NSE,LT,raw_l2/trade_date=2026-07-17/exchange=NSE/symbol=LT/part-064239_350425-024276.parquet,real_data_sample\l2_unseen_validation\trade_date=2026-07-17\exchange=NSE\symbol=LT\part-064239_350425-024276.parquet,36069,downloaded,36069,
2026-07-17,NSE,LT,raw_l2/trade_date=2026-07-17/exchange=NSE/symbol=LT/part-064416_266412-024500.parquet,real_data_sample\l2_unseen_validation\trade_date=2026-07-17\exchange=NSE\symbol=LT\part-064416_266412-024500.parquet,36208,downloaded,36208,
2026-07-17,NSE,LT,raw_l2/trade_date=2026-07-17/exchange=NSE/symbol=LT/part-064402_140724-024468.parquet,real_data_sample\l2_unseen_validation\trade_date=2026-07-17\exchange=NSE\symbol=LT\part-064402_140724-024468.parquet,36061,downloaded,36061,
2026-07-17,NSE,LT,raw_l2/trade_date=2026-07-17/exchange=NSE/symbol=LT/part-064320_678584-024372.parquet,real_data_sample\l2_unseen_validation\trade_date=2026-07-17\exchange=NSE\symbol=LT\part-064320_678584-024372.parquet,36187,downloaded,36187,
2026-07-17,NSE,LT,raw_l2/trade_date=2026-07-17/exchange=NSE/symbol=LT/part-064334_628534-024404.parquet,real_data_sample\l2_unseen_validation\trade_date=2026-07-17\exchange=NSE\symbol=LT\part-064334_628534-024404.parquet,36007,downloaded,36007,
2026-07-17,NSE,LT,raw_l2/trade_date=2026-07-17/exchange=NSE/symbol=LT/part-064430_203765-024532.parquet,real_data_sample\l2_unseen_validation\trade_date=2026-07-17\exchange=NSE\symbol=LT\part-064430_203765-024532.parquet,36262,downloaded,36262,
2026-07-17,NSE,LT,raw_l2/trade_date=2026-07-17/exchange=NSE/symbol=LT/part-064306_870315-024340.parquet,real_data_sample\l2_unseen_validation\trade_date=2026-07-17\exchange=NSE\symbol=LT\part-064306_870315-024340.parquet,35796,downloaded,35796,
2026-07-17,NSE,LT,raw_l2/trade_date=2026-07-17/exchange=NSE/symbol=LT/part-064511_741864-024628.parquet,real_data_sample\l2_unseen_validation\trade_date=2026-07-17\exchange=NSE\symbol=LT\part-064511_741864-024628.parquet,36186,downloaded,36186,
2026-07-17,NSE,LT,raw_l2/trade_date=2026-07-17/exchange=NSE/symbol=LT/part-064443_861086-024564.parquet,real_data_sample\l2_unseen_validation\trade_date=2026-07-17\exchange=NSE\symbol=LT\part-064443_861086-024564.parquet,35723,downloaded,35723,
2026-07-17,NSE,LT,raw_l2/trade_date=2026-07-17/exchange=NSE/symbol=LT/part-064211_692338-024212.parquet,real_data_sample\l2_unseen_validation\trade_date=2026-07-17\exchange=NSE\symbol=LT\part-064211_692338-024212.parquet,35574,downloaded,35574,
2026-07-17,NSE,LT,raw_l2/trade_date=2026-07-17/exchange=NSE/symbol=LT/part-064457_668473-024596.parquet,real_data_sample\l2_unseen_validation\trade_date=2026-07-17\exchange=NSE\symbol=LT\part-064457_668473-024596.parquet,35640,downloaded,35640,
2026-07-17,NSE,LT,raw_l2/trade_date=2026-07-17/exchange=NSE/symbol=LT/part-064539_658714-024692.parquet,real_data_sample\l2_unseen_validation\trade_date=2026-07-17\exchange=NSE\symbol=LT\part-064539_658714-024692.parquet,36425,downloaded,36425,
2026-07-17,NSE,LT,raw_l2/trade_date=2026-07-17/exchange=NSE/symbol=LT/part-064648_710540-024852.parquet,real_data_sample\l2_unseen_validation\trade_date=2026-07-17\exchange=NSE\symbol=LT\part-064648_710540-024852.parquet,35757,downloaded,35757,
2026-07-17,NSE,LT,raw_l2/trade_date=2026-07-17/exchange=NSE/symbol=LT/part-064634_689024-024820.parquet,real_data_sample\l2_unseen_validation\trade_date=2026-07-17\exchange=NSE\symbol=LT\part-064634_689024-024820.parquet,35751,downloaded,35751,
2026-07-17,NSE,LT,raw_l2/trade_date=2026-07-17/exchange=NSE/symbol=LT/part-064525_752310-024660.parquet,real_data_sample\l2_unseen_validation\trade_date=2026-07-17\exchange=NSE\symbol=LT\part-064525_752310-024660.parquet,36554,downloaded,36554,
2026-07-17,NSE,LT,raw_l2/trade_date=2026-07-17/exchange=NSE/symbol=LT/part-064553_356620-024724.parquet,real_data_sample\l2_unseen_validation\trade_date=2026-07-17\exchange=NSE\symbol=LT\part-064553_356620-024724.parquet,36159,downloaded,36159,
2026-07-17,NSE,LT,raw_l2/trade_date=2026-07-17/exchange=NSE/symbol=LT/part-064620_909111-024788.parquet,real_data_sample\l2_unseen_validation\trade_date=2026-07-17\exchange=NSE\symbol=LT\part-064620_909111-024788.parquet,35888,downloaded,35888,
2026-07-17,NSE,LT,raw_l2/trade_date=2026-07-17/exchange=NSE/symbol=LT/part-064607_075985-024756.parquet,real_data_sample\l2_unseen_validation\trade_date=2026-07-17\exchange=NSE\symbol=LT\part-064607_075985-024756.parquet,35925,downloaded,35925,
2026-07-17,NSE,LT,raw_l2/trade_date=2026-07-17/exchange=NSE/symbol=LT/part-064702_672096-024884.parquet,real_data_sample\l2_unseen_validation\trade_date=2026-07-17\exchange=NSE\symbol=LT\part-064702_672096-024884.parquet,36130,downloaded,36130,
2026-07-17,NSE,LT,raw_l2/trade_date=2026-07-17/exchange=NSE/symbol=LT/part-064744_403150-024980.parquet,real_data_sample\l2_unseen_validation\trade_date=2026-07-17\exchange=NSE\symbol=LT\part-064744_403150-024980.parquet,35961,downloaded,35961,
2026-07-17,NSE,LT,raw_l2/trade_date=2026-07-17/exchange=NSE/symbol=LT/part-064730_419487-024948.parquet,real_data_sample\l2_unseen_validation\trade_date=2026-07-17\exchange=NSE\symbol=LT\part-064730_419487-024948.parquet,35594,downloaded,35594,
2026-07-17,NSE,LT,raw_l2/trade_date=2026-07-17/exchange=NSE/symbol=LT/part-064839_872018-025108.parquet,real_data_sample\l2_unseen_validation\trade_date=2026-07-17\exchange=NSE\symbol=LT\part-064839_872018-025108.parquet,36259,downloaded,36259,
2026-07-17,NSE,LT,raw_l2/trade_date=2026-07-17/exchange=NSE/symbol=LT/part-064716_679445-024916.parquet,real_data_sample\l2_unseen_validation\trade_date=2026-07-17\exchange=NSE\symbol=LT\part-064716_679445-024916.parquet,36291,downloaded,36291,
2026-07-17,NSE,LT,raw_l2/trade_date=2026-07-17/exchange=NSE/symbol=LT/part-064812_152299-025044.parquet,real_data_sample\l2_unseen_validation\trade_date=2026-07-17\exchange=NSE\symbol=LT\part-064812_152299-025044.parquet,36130,downloaded,36130,
2026-07-17,NSE,LT,raw_l2/trade_date=2026-07-17/exchange=NSE/symbol=LT/part-064826_036068-025076.parquet,real_data_sample\l2_unseen_validation\trade_date=2026-07-17\exchange=NSE\symbol=LT\part-064826_036068-025076.parquet,35814,downloaded,35814,
2026-07-17,NSE,LT,raw_l2/trade_date=2026-07-17/exchange=NSE/symbol=LT/part-064758_130695-025012.parquet,real_data_sample\l2_unseen_validation\trade_date=2026-07-17\exchange=NSE\symbol=LT\part-064758_130695-025012.parquet,36287,downloaded,36287,
2026-07-17,NSE,LT,raw_l2/trade_date=2026-07-17/exchange=NSE/symbol=LT/part-064935_216468-025236.parquet,real_data_sample\l2_unseen_validation\trade_date=2026-07-17\exchange=NSE\symbol=LT\part-064935_216468-025236.parquet,35822,downloaded,35822,
2026-07-17,NSE,LT,raw_l2/trade_date=2026-07-17/exchange=NSE/symbol=LT/part-064921_406283-025204.parquet,real_data_sample\l2_unseen_validation\trade_date=2026-07-17\exchange=NSE\symbol=LT\part-064921_406283-025204.parquet,35928,downloaded,35928,
2026-07-17,NSE,LT,raw_l2/trade_date=2026-07-17/exchange=NSE/symbol=LT/part-065017_145393-025332.parquet,real_data_sample\l2_unseen_validation\trade_date=2026-07-17\exchange=NSE\symbol=LT\part-065017_145393-025332.parquet,35905,downloaded,35905,
2026-07-17,NSE,LT,raw_l2/trade_date=2026-07-17/exchange=NSE/symbol=LT/part-065003_293565-025300.parquet,real_data_sample\l2_unseen_validation\trade_date=2026-07-17\exchange=NSE\symbol=LT\part-065003_293565-025300.parquet,36088,downloaded,36088,
2026-07-17,NSE,LT,raw_l2/trade_date=2026-07-17/exchange=NSE/symbol=LT/part-065059_157892-025428.parquet,real_data_sample\l2_unseen_validation\trade_date=2026-07-17\exchange=NSE\symbol=LT\part-065059_157892-025428.parquet,36305,downloaded,36305,
2026-07-17,NSE,LT,raw_l2/trade_date=2026-07-17/exchange=NSE/symbol=LT/part-064949_200806-025268.parquet,real_data_sample\l2_unseen_validation\trade_date=2026-07-17\exchange=NSE\symbol=LT\part-064949_200806-025268.parquet,36207,downloaded,36207,
2026-07-17,NSE,LT,raw_l2/trade_date=2026-07-17/exchange=NSE/symbol=LT/part-065030_874695-025364.parquet,real_data_sample\l2_unseen_validation\trade_date=2026-07-17\exchange=NSE\symbol=LT\part-065030_874695-025364.parquet,36190,downloaded,36190,
2026-07-17,NSE,LT,raw_l2/trade_date=2026-07-17/exchange=NSE/symbol=LT/part-065155_280696-025556.parquet,real_data_sample\l2_unseen_validation\trade_date=2026-07-17\exchange=NSE\symbol=LT\part-065155_280696-025556.parquet,36072,downloaded,36072,
2026-07-17,NSE,LT,raw_l2/trade_date=2026-07-17/exchange=NSE/symbol=LT/part-065141_224404-025524.parquet,real_data_sample\l2_unseen_validation\trade_date=2026-07-17\exchange=NSE\symbol=LT\part-065141_224404-025524.parquet,36008,downloaded,36008,
2026-07-17,NSE,LT,raw_l2/trade_date=2026-07-17/exchange=NSE/symbol=LT/part-065045_103473-025396.parquet,real_data_sample\l2_unseen_validation\trade_date=2026-07-17\exchange=NSE\symbol=LT\part-065045_103473-025396.parquet,36102,downloaded,36102,
2026-07-17,NSE,LT,raw_l2/trade_date=2026-07-17/exchange=NSE/symbol=LT/part-064853_627785-025140.parquet,real_data_sample\l2_unseen_validation\trade_date=2026-07-17\exchange=NSE\symbol=LT\part-064853_627785-025140.parquet,35786,downloaded,35786,
2026-07-17,NSE,LT,raw_l2/trade_date=2026-07-17/exchange=NSE/symbol=LT/part-064907_489475-025172.parquet,real_data_sample\l2_unseen_validation\trade_date=2026-07-17\exchange=NSE\symbol=LT\part-064907_489475-025172.parquet,36105,downloaded,36105,
2026-07-17,NSE,LT,raw_l2/trade_date=2026-07-17/exchange=NSE/symbol=LT/part-065127_236677-025492.parquet,real_data_sample\l2_unseen_validation\trade_date=2026-07-17\exchange=NSE\symbol=LT\part-065127_236677-025492.parquet,35917,downloaded,35917,
2026-07-17,NSE,LT,raw_l2/trade_date=2026-07-17/exchange=NSE/symbol=LT/part-065113_182772-025460.parquet,real_data_sample\l2_unseen_validation\trade_date=2026-07-17\exchange=NSE\symbol=LT\part-065113_182772-025460.parquet,36263,downloaded,36263,
2026-07-17,NSE,LT,raw_l2/trade_date=2026-07-17/exchange=NSE/symbol=LT/part-065209_386372-025588.parquet,real_data_sample\l2_unseen_validation\trade_date=2026-07-17\exchange=NSE\symbol=LT\part-065209_386372-025588.parquet,36079,downloaded,36079,
2026-07-17,NSE,LT,raw_l2/trade_date=2026-07-17/exchange=NSE/symbol=LT/part-065333_697294-025780.parquet,real_data_sample\l2_unseen_validation\trade_date=2026-07-17\exchange=NSE\symbol=LT\part-065333_697294-025780.parquet,36174,downloaded,36174,
2026-07-17,NSE,LT,raw_l2/trade_date=2026-07-17/exchange=NSE/symbol=LT/part-065237_578649-025652.parquet,real_data_sample\l2_unseen_validation\trade_date=2026-07-17\exchange=NSE\symbol=LT\part-065237_578649-025652.parquet,36272,downloaded,36272,
2026-07-17,NSE,LT,raw_l2/trade_date=2026-07-17/exchange=NSE/symbol=LT/part-065251_835061-025684.parquet,real_data_sample\l2_unseen_validation\trade_date=2026-07-17\exchange=NSE\symbol=LT\part-065251_835061-025684.parquet,36306,downloaded,36306,
2026-07-17,NSE,LT,raw_l2/trade_date=2026-07-17/exchange=NSE/symbol=LT/part-065401_684485-025844.parquet,real_data_sample\l2_unseen_validation\trade_date=2026-07-17\exchange=NSE\symbol=LT\part-065401_684485-025844.parquet,35783,downloaded,35783,
2026-07-17,NSE,LT,raw_l2/trade_date=2026-07-17/exchange=NSE/symbol=LT/part-065319_837067-025748.parquet,real_data_sample\l2_unseen_validation\trade_date=2026-07-17\exchange=NSE\symbol=LT\part-065319_837067-025748.parquet,35681,downloaded,35681,
2026-07-17,NSE,LT,raw_l2/trade_date=2026-07-17/exchange=NSE/symbol=LT/part-065305_876990-025716.parquet,real_data_sample\l2_unseen_validation\trade_date=2026-07-17\exchange=NSE\symbol=LT\part-065305_876990-025716.parquet,36354,downloaded,36354,
2026-07-17,NSE,LT,raw_l2/trade_date=2026-07-17/exchange=NSE/symbol=LT/part-065347_517653-025812.parquet,real_data_sample\l2_unseen_validation\trade_date=2026-07-17\exchange=NSE\symbol=LT\part-065347_517653-025812.parquet,35957,downloaded,35957,
2026-07-17,NSE,LT,raw_l2/trade_date=2026-07-17/exchange=NSE/symbol=LT/part-065429_746686-025908.parquet,real_data_sample\l2_unseen_validation\trade_date=2026-07-17\exchange=NSE\symbol=LT\part-065429_746686-025908.parquet,35686,downloaded,35686,
2026-07-17,NSE,LT,raw_l2/trade_date=2026-07-17/exchange=NSE/symbol=LT/part-065223_532379-025620.parquet,real_data_sample\l2_unseen_validation\trade_date=2026-07-17\exchange=NSE\symbol=LT\part-065223_532379-025620.parquet,35721,downloaded,35721,
2026-07-17,NSE,LT,raw_l2/trade_date=2026-07-17/exchange=NSE/symbol=LT/part-065554_261584-026100.parquet,real_data_sample\l2_unseen_validation\trade_date=2026-07-17\exchange=NSE\symbol=LT\part-065554_261584-026100.parquet,35998,downloaded,35998,
2026-07-17,NSE,LT,raw_l2/trade_date=2026-07-17/exchange=NSE/symbol=LT/part-065443_770792-025940.parquet,real_data_sample\l2_unseen_validation\trade_date=2026-07-17\exchange=NSE\symbol=LT\part-065443_770792-025940.parquet,35380,downloaded,35380,
2026-07-17,NSE,LT,raw_l2/trade_date=2026-07-17/exchange=NSE/symbol=LT/part-065415_714341-025876.parquet,real_data_sample\l2_unseen_validation\trade_date=2026-07-17\exchange=NSE\symbol=LT\part-065415_714341-025876.parquet,35925,downloaded,35925,
2026-07-17,NSE,LT,raw_l2/trade_date=2026-07-17/exchange=NSE/symbol=LT/part-065457_910423-025972.parquet,real_data_sample\l2_unseen_validation\trade_date=2026-07-17\exchange=NSE\symbol=LT\part-065457_910423-025972.parquet,35958,downloaded,35958,
2026-07-17,NSE,LT,raw_l2/trade_date=2026-07-17/exchange=NSE/symbol=LT/part-065526_046149-026036.parquet,real_data_sample\l2_unseen_validation\trade_date=2026-07-17\exchange=NSE\symbol=LT\part-065526_046149-026036.parquet,35828,downloaded,35828,
2026-07-17,NSE,LT,raw_l2/trade_date=2026-07-17/exchange=NSE/symbol=LT/part-065540_348376-026068.parquet,real_data_sample\l2_unseen_validation\trade_date=2026-07-17\exchange=NSE\symbol=LT\part-065540_348376-026068.parquet,35768,downloaded,35768,
2026-07-17,NSE,LT,raw_l2/trade_date=2026-07-17/exchange=NSE/symbol=LT/part-065512_033684-026004.parquet,real_data_sample\l2_unseen_validation\trade_date=2026-07-17\exchange=NSE\symbol=LT\part-065512_033684-026004.parquet,36162,downloaded,36162,
2026-07-17,NSE,LT,raw_l2/trade_date=2026-07-17/exchange=NSE/symbol=LT/part-065608_270002-026132.parquet,real_data_sample\l2_unseen_validation\trade_date=2026-07-17\exchange=NSE\symbol=LT\part-065608_270002-026132.parquet,35921,downloaded,35921,
2026-07-17,NSE,LT,raw_l2/trade_date=2026-07-17/exchange=NSE/symbol=LT/part-065704_209637-026260.parquet,real_data_sample\l2_unseen_validation\trade_date=2026-07-17\exchange=NSE\symbol=LT\part-065704_209637-026260.parquet,35971,downloaded,35971,
2026-07-17,NSE,LT,raw_l2/trade_date=2026-07-17/exchange=NSE/symbol=LT/part-065622_350853-026164.parquet,real_data_sample\l2_unseen_validation\trade_date=2026-07-17\exchange=NSE\symbol=LT\part-065622_350853-026164.parquet,35191,downloaded,35191,
2026-07-17,NSE,LT,raw_l2/trade_date=2026-07-17/exchange=NSE/symbol=LT/part-065650_294903-026228.parquet,real_data_sample\l2_unseen_validation\trade_date=2026-07-17\exchange=NSE\symbol=LT\part-065650_294903-026228.parquet,35728,downloaded,35728,
2026-07-17,NSE,LT,raw_l2/trade_date=2026-07-17/exchange=NSE/symbol=LT/part-065636_260144-026196.parquet,real_data_sample\l2_unseen_validation\trade_date=2026-07-17\exchange=NSE\symbol=LT\part-065636_260144-026196.parquet,35600,downloaded,35600,
2026-07-17,NSE,LT,raw_l2/trade_date=2026-07-17/exchange=NSE/symbol=LT/part-065843_665843-026484.parquet,real_data_sample\l2_unseen_validation\trade_date=2026-07-17\exchange=NSE\symbol=LT\part-065843_665843-026484.parquet,35760,downloaded,35760,
2026-07-17,NSE,LT,raw_l2/trade_date=2026-07-17/exchange=NSE/symbol=LT/part-065800_621403-026388.parquet,real_data_sample\l2_unseen_validation\trade_date=2026-07-17\exchange=NSE\symbol=LT\part-065800_621403-026388.parquet,36412,downloaded,36412,
2026-07-17,NSE,LT,raw_l2/trade_date=2026-07-17/exchange=NSE/symbol=LT/part-065829_273460-026452.parquet,real_data_sample\l2_unseen_validation\trade_date=2026-07-17\exchange=NSE\symbol=LT\part-065829_273460-026452.parquet,35744,downloaded,35744,
2026-07-17,NSE,LT,raw_l2/trade_date=2026-07-17/exchange=NSE/symbol=LT/part-065718_242262-026292.parquet,real_data_sample\l2_unseen_validation\trade_date=2026-07-17\exchange=NSE\symbol=LT\part-065718_242262-026292.parquet,36084,downloaded,36084,
2026-07-17,NSE,LT,raw_l2/trade_date=2026-07-17/exchange=NSE/symbol=LT/part-065732_407997-026324.parquet,real_data_sample\l2_unseen_validation\trade_date=2026-07-17\exchange=NSE\symbol=LT\part-065732_407997-026324.parquet,35860,downloaded,35860,
2026-07-17,NSE,LT,raw_l2/trade_date=2026-07-17/exchange=NSE/symbol=LT/part-065814_876722-026420.parquet,real_data_sample\l2_unseen_validation\trade_date=2026-07-17\exchange=NSE\symbol=LT\part-065814_876722-026420.parquet,35966,downloaded,35966,
2026-07-17,NSE,LT,raw_l2/trade_date=2026-07-17/exchange=NSE/symbol=LT/part-065746_391894-026356.parquet,real_data_sample\l2_unseen_validation\trade_date=2026-07-17\exchange=NSE\symbol=LT\part-065746_391894-026356.parquet,35990,downloaded,35990,
2026-07-17,NSE,LT,raw_l2/trade_date=2026-07-17/exchange=NSE/symbol=LT/part-065857_875710-026516.parquet,real_data_sample\l2_unseen_validation\trade_date=2026-07-17\exchange=NSE\symbol=LT\part-065857_875710-026516.parquet,35695,downloaded,35695,
2026-07-17,NSE,LT,raw_l2/trade_date=2026-07-17/exchange=NSE/symbol=LT/part-070138_259847-026868.parquet,real_data_sample\l2_unseen_validation\trade_date=2026-07-17\exchange=NSE\symbol=LT\part-070138_259847-026868.parquet,35843,downloaded,35843,
2026-07-17,NSE,LT,raw_l2/trade_date=2026-07-17/exchange=NSE/symbol=LT/part-065912_098000-026548.parquet,real_data_sample\l2_unseen_validation\trade_date=2026-07-17\exchange=NSE\symbol=LT\part-065912_098000-026548.parquet,35762,downloaded,35762,
2026-07-17,NSE,LT,raw_l2/trade_date=2026-07-17/exchange=NSE/symbol=LT/part-070123_610140-026836.parquet,real_data_sample\l2_unseen_validation\trade_date=2026-07-17\exchange=NSE\symbol=LT\part-070123_610140-026836.parquet,36364,downloaded,36364,
2026-07-17,NSE,LT,raw_l2/trade_date=2026-07-17/exchange=NSE/symbol=LT/part-070010_698568-026676.parquet,real_data_sample\l2_unseen_validation\trade_date=2026-07-17\exchange=NSE\symbol=LT\part-070010_698568-026676.parquet,36239,downloaded,36239,
2026-07-17,NSE,LT,raw_l2/trade_date=2026-07-17/exchange=NSE/symbol=LT/part-065955_974741-026644.parquet,real_data_sample\l2_unseen_validation\trade_date=2026-07-17\exchange=NSE\symbol=LT\part-065955_974741-026644.parquet,36150,downloaded,36150,
2026-07-17,NSE,LT,raw_l2/trade_date=2026-07-17/exchange=NSE/symbol=LT/part-070222_467957-026964.parquet,real_data_sample\l2_unseen_validation\trade_date=2026-07-17\exchange=NSE\symbol=LT\part-070222_467957-026964.parquet,35629,downloaded,35629,
2026-07-17,NSE,LT,raw_l2/trade_date=2026-07-17/exchange=NSE/symbol=LT/part-070025_230241-026708.parquet,real_data_sample\l2_unseen_validation\trade_date=2026-07-17\exchange=NSE\symbol=LT\part-070025_230241-026708.parquet,36297,downloaded,36297,
2026-07-17,NSE,LT,raw_l2/trade_date=2026-07-17/exchange=NSE/symbol=LT/part-070054_163414-026772.parquet,real_data_sample\l2_unseen_validation\trade_date=2026-07-17\exchange=NSE\symbol=LT\part-070054_163414-026772.parquet,36390,downloaded,36390,
2026-07-17,NSE,LT,raw_l2/trade_date=2026-07-17/exchange=NSE/symbol=LT/part-070039_398792-026740.parquet,real_data_sample\l2_unseen_validation\trade_date=2026-07-17\exchange=NSE\symbol=LT\part-070039_398792-026740.parquet,35759,downloaded,35759,
2026-07-17,NSE,LT,raw_l2/trade_date=2026-07-17/exchange=NSE/symbol=LT/part-070109_081331-026804.parquet,real_data_sample\l2_unseen_validation\trade_date=2026-07-17\exchange=NSE\symbol=LT\part-070109_081331-026804.parquet,36149,downloaded,36149,
2026-07-17,NSE,LT,raw_l2/trade_date=2026-07-17/exchange=NSE/symbol=LT/part-065926_627407-026580.parquet,real_data_sample\l2_unseen_validation\trade_date=2026-07-17\exchange=NSE\symbol=LT\part-065926_627407-026580.parquet,35800,downloaded,35800,
2026-07-17,NSE,LT,raw_l2/trade_date=2026-07-17/exchange=NSE/symbol=LT/part-065941_332847-026612.parquet,real_data_sample\l2_unseen_validation\trade_date=2026-07-17\exchange=NSE\symbol=LT\part-065941_332847-026612.parquet,35956,downloaded,35956,
2026-07-17,NSE,LT,raw_l2/trade_date=2026-07-17/exchange=NSE/symbol=LT/part-070207_673770-026932.parquet,real_data_sample\l2_unseen_validation\trade_date=2026-07-17\exchange=NSE\symbol=LT\part-070207_673770-026932.parquet,35825,downloaded,35825,
2026-07-17,NSE,LT,raw_l2/trade_date=2026-07-17/exchange=NSE/symbol=LT/part-070237_312501-026996.parquet,real_data_sample\l2_unseen_validation\trade_date=2026-07-17\exchange=NSE\symbol=LT\part-070237_312501-026996.parquet,35761,downloaded,35761,
2026-07-17,NSE,LT,raw_l2/trade_date=2026-07-17/exchange=NSE/symbol=LT/part-070153_345679-026900.parquet,real_data_sample\l2_unseen_validation\trade_date=2026-07-17\exchange=NSE\symbol=LT\part-070153_345679-026900.parquet,36375,downloaded,36375,
2026-07-17,NSE,LT,raw_l2/trade_date=2026-07-17/exchange=NSE/symbol=LT/part-070251_990075-027028.parquet,real_data_sample\l2_unseen_validation\trade_date=2026-07-17\exchange=NSE\symbol=LT\part-070251_990075-027028.parquet,35772,downloaded,35772,
2026-07-17,NSE,LT,raw_l2/trade_date=2026-07-17/exchange=NSE/symbol=LT/part-070321_625417-027092.parquet,real_data_sample\l2_unseen_validation\trade_date=2026-07-17\exchange=NSE\symbol=LT\part-070321_625417-027092.parquet,35719,downloaded,35719,
2026-07-17,NSE,LT,raw_l2/trade_date=2026-07-17/exchange=NSE/symbol=LT/part-070335_956140-027124.parquet,real_data_sample\l2_unseen_validation\trade_date=2026-07-17\exchange=NSE\symbol=LT\part-070335_956140-027124.parquet,35525,downloaded,35525,
2026-07-17,NSE,LT,raw_l2/trade_date=2026-07-17/exchange=NSE/symbol=LT/part-070306_853729-027060.parquet,real_data_sample\l2_unseen_validation\trade_date=2026-07-17\exchange=NSE\symbol=LT\part-070306_853729-027060.parquet,36110,downloaded,36110,
2026-07-17,NSE,LT,raw_l2/trade_date=2026-07-17/exchange=NSE/symbol=LT/part-070350_236404-027156.parquet,real_data_sample\l2_unseen_validation\trade_date=2026-07-17\exchange=NSE\symbol=LT\part-070350_236404-027156.parquet,35583,downloaded,35583,
2026-07-17,NSE,LT,raw_l2/trade_date=2026-07-17/exchange=NSE/symbol=LT/part-070418_960460-027220.parquet,real_data_sample\l2_unseen_validation\trade_date=2026-07-17\exchange=NSE\symbol=LT\part-070418_960460-027220.parquet,35709,downloaded,35709,
2026-07-17,NSE,LT,raw_l2/trade_date=2026-07-17/exchange=NSE/symbol=LT/part-070545_484060-027412.parquet,real_data_sample\l2_unseen_validation\trade_date=2026-07-17\exchange=NSE\symbol=LT\part-070545_484060-027412.parquet,35742,downloaded,35742,
2026-07-17,NSE,LT,raw_l2/trade_date=2026-07-17/exchange=NSE/symbol=LT/part-070516_530623-027348.parquet,real_data_sample\l2_unseen_validation\trade_date=2026-07-17\exchange=NSE\symbol=LT\part-070516_530623-027348.parquet,35775,downloaded,35775,
2026-07-17,NSE,LT,raw_l2/trade_date=2026-07-17/exchange=NSE/symbol=LT/part-070404_755793-027188.parquet,real_data_sample\l2_unseen_validation\trade_date=2026-07-17\exchange=NSE\symbol=LT\part-070404_755793-027188.parquet,35501,downloaded,35501,
2026-07-17,NSE,LT,raw_l2/trade_date=2026-07-17/exchange=NSE/symbol=LT/part-070559_745983-027444.parquet,real_data_sample\l2_unseen_validation\trade_date=2026-07-17\exchange=NSE\symbol=LT\part-070559_745983-027444.parquet,35682,downloaded,35682,
2026-07-17,NSE,LT,raw_l2/trade_date=2026-07-17/exchange=NSE/symbol=LT/part-070447_342323-027284.parquet,real_data_sample\l2_unseen_validation\trade_date=2026-07-17\exchange=NSE\symbol=LT\part-070447_342323-027284.parquet,35825,downloaded,35825,
2026-07-17,NSE,LT,raw_l2/trade_date=2026-07-17/exchange=NSE/symbol=LT/part-070642_929203-027540.parquet,real_data_sample\l2_unseen_validation\trade_date=2026-07-17\exchange=NSE\symbol=LT\part-070642_929203-027540.parquet,35966,downloaded,35966,
2026-07-17,NSE,LT,raw_l2/trade_date=2026-07-17/exchange=NSE/symbol=LT/part-070531_078394-027380.parquet,real_data_sample\l2_unseen_validation\trade_date=2026-07-17\exchange=NSE\symbol=LT\part-070531_078394-027380.parquet,35956,downloaded,35956,
2026-07-17,NSE,LT,raw_l2/trade_date=2026-07-17/exchange=NSE/symbol=LT/part-070502_040009-027316.parquet,real_data_sample\l2_unseen_validation\trade_date=2026-07-17\exchange=NSE\symbol=LT\part-070502_040009-027316.parquet,35730,downloaded,35730,
2026-07-17,NSE,LT,raw_l2/trade_date=2026-07-17/exchange=NSE/symbol=LT/part-070433_090477-027252.parquet,real_data_sample\l2_unseen_validation\trade_date=2026-07-17\exchange=NSE\symbol=LT\part-070433_090477-027252.parquet,36080,downloaded,36080,
2026-07-17,NSE,LT,raw_l2/trade_date=2026-07-17/exchange=NSE/symbol=LT/part-070614_061208-027476.parquet,real_data_sample\l2_unseen_validation\trade_date=2026-07-17\exchange=NSE\symbol=LT\part-070614_061208-027476.parquet,35751,downloaded,35751,
2026-07-17,NSE,LT,raw_l2/trade_date=2026-07-17/exchange=NSE/symbol=LT/part-070628_508405-027508.parquet,real_data_sample\l2_unseen_validation\trade_date=2026-07-17\exchange=NSE\symbol=LT\part-070628_508405-027508.parquet,35460,downloaded,35460,
2026-07-17,NSE,LT,raw_l2/trade_date=2026-07-17/exchange=NSE/symbol=LT/part-070739_847327-027668.parquet,real_data_sample\l2_unseen_validation\trade_date=2026-07-17\exchange=NSE\symbol=LT\part-070739_847327-027668.parquet,36125,downloaded,36125,
2026-07-17,NSE,LT,raw_l2/trade_date=2026-07-17/exchange=NSE/symbol=LT/part-070754_019689-027700.parquet,real_data_sample\l2_unseen_validation\trade_date=2026-07-17\exchange=NSE\symbol=LT\part-070754_019689-027700.parquet,35973,downloaded,35973,
2026-07-17,NSE,LT,raw_l2/trade_date=2026-07-17/exchange=NSE/symbol=LT/part-070657_115797-027572.parquet,real_data_sample\l2_unseen_validation\trade_date=2026-07-17\exchange=NSE\symbol=LT\part-070657_115797-027572.parquet,35862,downloaded,35862,
2026-07-17,NSE,LT,raw_l2/trade_date=2026-07-17/exchange=NSE/symbol=LT/part-070822_177952-027764.parquet,real_data_sample\l2_unseen_validation\trade_date=2026-07-17\exchange=NSE\symbol=LT\part-070822_177952-027764.parquet,36001,downloaded,36001,
2026-07-17,NSE,LT,raw_l2/trade_date=2026-07-17/exchange=NSE/symbol=LT/part-070725_664471-027636.parquet,real_data_sample\l2_unseen_validation\trade_date=2026-07-17\exchange=NSE\symbol=LT\part-070725_664471-027636.parquet,35514,downloaded,35514,
2026-07-17,NSE,LT,raw_l2/trade_date=2026-07-17/exchange=NSE/symbol=LT/part-070808_061308-027732.parquet,real_data_sample\l2_unseen_validation\trade_date=2026-07-17\exchange=NSE\symbol=LT\part-070808_061308-027732.parquet,35876,downloaded,35876,
2026-07-17,NSE,LT,raw_l2/trade_date=2026-07-17/exchange=NSE/symbol=LT/part-070948_878728-027956.parquet,real_data_sample\l2_unseen_validation\trade_date=2026-07-17\exchange=NSE\symbol=LT\part-070948_878728-027956.parquet,35735,downloaded,35735,
2026-07-17,NSE,LT,raw_l2/trade_date=2026-07-17/exchange=NSE/symbol=LT/part-070836_616850-027796.parquet,real_data_sample\l2_unseen_validation\trade_date=2026-07-17\exchange=NSE\symbol=LT\part-070836_616850-027796.parquet,36164,downloaded,36164,
2026-07-17,NSE,LT,raw_l2/trade_date=2026-07-17/exchange=NSE/symbol=LT/part-071003_102500-027988.parquet,real_data_sample\l2_unseen_validation\trade_date=2026-07-17\exchange=NSE\symbol=LT\part-071003_102500-027988.parquet,35858,downloaded,35858,
2026-07-17,NSE,LT,raw_l2/trade_date=2026-07-17/exchange=NSE/symbol=LT/part-070711_422349-027604.parquet,real_data_sample\l2_unseen_validation\trade_date=2026-07-17\exchange=NSE\symbol=LT\part-070711_422349-027604.parquet,35588,downloaded,35588,
2026-07-17,NSE,LT,raw_l2/trade_date=2026-07-17/exchange=NSE/symbol=LT/part-070905_417876-027860.parquet,real_data_sample\l2_unseen_validation\trade_date=2026-07-17\exchange=NSE\symbol=LT\part-070905_417876-027860.parquet,35694,downloaded,35694,
2026-07-17,NSE,LT,raw_l2/trade_date=2026-07-17/exchange=NSE/symbol=LT/part-070919_582470-027892.parquet,real_data_sample\l2_unseen_validation\trade_date=2026-07-17\exchange=NSE\symbol=LT\part-070919_582470-027892.parquet,35928,downloaded,35928,
2026-07-17,NSE,LT,raw_l2/trade_date=2026-07-17/exchange=NSE/symbol=LT/part-070850_891356-027828.parquet,real_data_sample\l2_unseen_validation\trade_date=2026-07-17\exchange=NSE\symbol=LT\part-070850_891356-027828.parquet,36028,downloaded,36028,
2026-07-17,NSE,LT,raw_l2/trade_date=2026-07-17/exchange=NSE/symbol=LT/part-070934_336163-027924.parquet,real_data_sample\l2_unseen_validation\trade_date=2026-07-17\exchange=NSE\symbol=LT\part-070934_336163-027924.parquet,35936,downloaded,35936,
2026-07-17,NSE,LT,raw_l2/trade_date=2026-07-17/exchange=NSE/symbol=LT/part-071017_340917-028020.parquet,real_data_sample\l2_unseen_validation\trade_date=2026-07-17\exchange=NSE\symbol=LT\part-071017_340917-028020.parquet,35761,downloaded,35761,
2026-07-17,NSE,LT,raw_l2/trade_date=2026-07-17/exchange=NSE/symbol=LT/part-071212_894470-028276.parquet,real_data_sample\l2_unseen_validation\trade_date=2026-07-17\exchange=NSE\symbol=LT\part-071212_894470-028276.parquet,35728,downloaded,35728,
2026-07-17,NSE,LT,raw_l2/trade_date=2026-07-17/exchange=NSE/symbol=LT/part-071256_158174-028372.parquet,real_data_sample\l2_unseen_validation\trade_date=2026-07-17\exchange=NSE\symbol=LT\part-071256_158174-028372.parquet,35782,downloaded,35782,
2026-07-17,NSE,LT,raw_l2/trade_date=2026-07-17/exchange=NSE/symbol=LT/part-071227_433347-028308.parquet,real_data_sample\l2_unseen_validation\trade_date=2026-07-17\exchange=NSE\symbol=LT\part-071227_433347-028308.parquet,35716,downloaded,35716,
2026-07-17,NSE,LT,raw_l2/trade_date=2026-07-17/exchange=NSE/symbol=LT/part-071241_938714-028340.parquet,real_data_sample\l2_unseen_validation\trade_date=2026-07-17\exchange=NSE\symbol=LT\part-071241_938714-028340.parquet,36021,downloaded,36021,
2026-07-17,NSE,LT,raw_l2/trade_date=2026-07-17/exchange=NSE/symbol=LT/part-071031_404449-028052.parquet,real_data_sample\l2_unseen_validation\trade_date=2026-07-17\exchange=NSE\symbol=LT\part-071031_404449-028052.parquet,35925,downloaded,35925,
2026-07-17,NSE,LT,raw_l2/trade_date=2026-07-17/exchange=NSE/symbol=LT/part-071045_697835-028084.parquet,real_data_sample\l2_unseen_validation\trade_date=2026-07-17\exchange=NSE\symbol=LT\part-071045_697835-028084.parquet,35994,downloaded,35994,
2026-07-17,NSE,LT,raw_l2/trade_date=2026-07-17/exchange=NSE/symbol=LT/part-071100_338247-028116.parquet,real_data_sample\l2_unseen_validation\trade_date=2026-07-17\exchange=NSE\symbol=LT\part-071100_338247-028116.parquet,36168,downloaded,36168,
2026-07-17,NSE,LT,raw_l2/trade_date=2026-07-17/exchange=NSE/symbol=LT/part-071158_539257-028244.parquet,real_data_sample\l2_unseen_validation\trade_date=2026-07-17\exchange=NSE\symbol=LT\part-071158_539257-028244.parquet,36193,downloaded,36193,
2026-07-17,NSE,LT,raw_l2/trade_date=2026-07-17/exchange=NSE/symbol=LT/part-071129_441640-028180.parquet,real_data_sample\l2_unseen_validation\trade_date=2026-07-17\exchange=NSE\symbol=LT\part-071129_441640-028180.parquet,35879,downloaded,35879,
2026-07-17,NSE,LT,raw_l2/trade_date=2026-07-17/exchange=NSE/symbol=LT/part-071310_446826-028404.parquet,real_data_sample\l2_unseen_validation\trade_date=2026-07-17\exchange=NSE\symbol=LT\part-071310_446826-028404.parquet,35408,downloaded,35408,
2026-07-17,NSE,LT,raw_l2/trade_date=2026-07-17/exchange=NSE/symbol=LT/part-071144_121785-028212.parquet,real_data_sample\l2_unseen_validation\trade_date=2026-07-17\exchange=NSE\symbol=LT\part-071144_121785-028212.parquet,35926,downloaded,35926,
2026-07-17,NSE,LT,raw_l2/trade_date=2026-07-17/exchange=NSE/symbol=LT/part-071324_734679-028436.parquet,real_data_sample\l2_unseen_validation\trade_date=2026-07-17\exchange=NSE\symbol=LT\part-071324_734679-028436.parquet,35473,downloaded,35473,
2026-07-17,NSE,LT,raw_l2/trade_date=2026-07-17/exchange=NSE/symbol=LT/part-071114_869729-028148.parquet,real_data_sample\l2_unseen_validation\trade_date=2026-07-17\exchange=NSE\symbol=LT\part-071114_869729-028148.parquet,36010,downloaded,36010,
2026-07-17,NSE,LT,raw_l2/trade_date=2026-07-17/exchange=NSE/symbol=LT/part-071407_682406-028532.parquet,real_data_sample\l2_unseen_validation\trade_date=2026-07-17\exchange=NSE\symbol=LT\part-071407_682406-028532.parquet,35765,downloaded,35765,
2026-07-17,NSE,LT,raw_l2/trade_date=2026-07-17/exchange=NSE/symbol=LT/part-071421_910170-028564.parquet,real_data_sample\l2_unseen_validation\trade_date=2026-07-17\exchange=NSE\symbol=LT\part-071421_910170-028564.parquet,35107,downloaded,35107,
2026-07-17,NSE,LT,raw_l2/trade_date=2026-07-17/exchange=NSE/symbol=LT/part-071353_393956-028500.parquet,real_data_sample\l2_unseen_validation\trade_date=2026-07-17\exchange=NSE\symbol=LT\part-071353_393956-028500.parquet,36146,downloaded,36146,
2026-07-17,NSE,LT,raw_l2/trade_date=2026-07-17/exchange=NSE/symbol=LT/part-071338_961580-028468.parquet,real_data_sample\l2_unseen_validation\trade_date=2026-07-17\exchange=NSE\symbol=LT\part-071338_961580-028468.parquet,35168,downloaded,35168,
2026-07-17,NSE,LT,raw_l2/trade_date=2026-07-17/exchange=NSE/symbol=LT/part-071436_091216-028596.parquet,real_data_sample\l2_unseen_validation\trade_date=2026-07-17\exchange=NSE\symbol=LT\part-071436_091216-028596.parquet,34802,downloaded,34802,
2026-07-17,NSE,LT,raw_l2/trade_date=2026-07-17/exchange=NSE/symbol=LT/part-071450_604268-028628.parquet,real_data_sample\l2_unseen_validation\trade_date=2026-07-17\exchange=NSE\symbol=LT\part-071450_604268-028628.parquet,34667,downloaded,34667,
2026-07-17,NSE,LT,raw_l2/trade_date=2026-07-17/exchange=NSE/symbol=LT/part-071505_074959-028660.parquet,real_data_sample\l2_unseen_validation\trade_date=2026-07-17\exchange=NSE\symbol=LT\part-071505_074959-028660.parquet,35017,downloaded,35017,
2026-07-17,NSE,LT,raw_l2/trade_date=2026-07-17/exchange=NSE/symbol=LT/part-071659_568929-028916.parquet,real_data_sample\l2_unseen_validation\trade_date=2026-07-17\exchange=NSE\symbol=LT\part-071659_568929-028916.parquet,35781,downloaded,35781,
2026-07-17,NSE,LT,raw_l2/trade_date=2026-07-17/exchange=NSE/symbol=LT/part-071602_613438-028788.parquet,real_data_sample\l2_unseen_validation\trade_date=2026-07-17\exchange=NSE\symbol=LT\part-071602_613438-028788.parquet,36350,downloaded,36350,
2026-07-17,NSE,LT,raw_l2/trade_date=2026-07-17/exchange=NSE/symbol=LT/part-071533_795253-028724.parquet,real_data_sample\l2_unseen_validation\trade_date=2026-07-17\exchange=NSE\symbol=LT\part-071533_795253-028724.parquet,35787,downloaded,35787,
2026-07-17,NSE,LT,raw_l2/trade_date=2026-07-17/exchange=NSE/symbol=LT/part-071645_408610-028884.parquet,real_data_sample\l2_unseen_validation\trade_date=2026-07-17\exchange=NSE\symbol=LT\part-071645_408610-028884.parquet,35835,downloaded,35835,
2026-07-17,NSE,LT,raw_l2/trade_date=2026-07-17/exchange=NSE/symbol=LT/part-071616_902466-028820.parquet,real_data_sample\l2_unseen_validation\trade_date=2026-07-17\exchange=NSE\symbol=LT\part-071616_902466-028820.parquet,36012,downloaded,36012,
2026-07-17,NSE,LT,raw_l2/trade_date=2026-07-17/exchange=NSE/symbol=LT/part-071548_191433-028756.parquet,real_data_sample\l2_unseen_validation\trade_date=2026-07-17\exchange=NSE\symbol=LT\part-071548_191433-028756.parquet,35792,downloaded,35792,
2026-07-17,NSE,LT,raw_l2/trade_date=2026-07-17/exchange=NSE/symbol=LT/part-071742_107831-029012.parquet,real_data_sample\l2_unseen_validation\trade_date=2026-07-17\exchange=NSE\symbol=LT\part-071742_107831-029012.parquet,34547,downloaded,34547,
2026-07-17,NSE,LT,raw_l2/trade_date=2026-07-17/exchange=NSE/symbol=LT/part-071756_390078-029044.parquet,real_data_sample\l2_unseen_validation\trade_date=2026-07-17\exchange=NSE\symbol=LT\part-071756_390078-029044.parquet,34643,downloaded,34643,
2026-07-17,NSE,LT,raw_l2/trade_date=2026-07-17/exchange=NSE/symbol=LT/part-071631_111271-028852.parquet,real_data_sample\l2_unseen_validation\trade_date=2026-07-17\exchange=NSE\symbol=LT\part-071631_111271-028852.parquet,36102,downloaded,36102,
2026-07-17,NSE,LT,raw_l2/trade_date=2026-07-17/exchange=NSE/symbol=LT/part-071713_710334-028948.parquet,real_data_sample\l2_unseen_validation\trade_date=2026-07-17\exchange=NSE\symbol=LT\part-071713_710334-028948.parquet,35280,downloaded,35280,
2026-07-17,NSE,LT,raw_l2/trade_date=2026-07-17/exchange=NSE/symbol=LT/part-071727_764450-028980.parquet,real_data_sample\l2_unseen_validation\trade_date=2026-07-17\exchange=NSE\symbol=LT\part-071727_764450-028980.parquet,34702,downloaded,34702,
2026-07-17,NSE,LT,raw_l2/trade_date=2026-07-17/exchange=NSE/symbol=LT/part-071519_503863-028692.parquet,real_data_sample\l2_unseen_validation\trade_date=2026-07-17\exchange=NSE\symbol=LT\part-071519_503863-028692.parquet,35421,downloaded,35421,
2026-07-17,NSE,LT,raw_l2/trade_date=2026-07-17/exchange=NSE/symbol=LT/part-071854_673927-029172.parquet,real_data_sample\l2_unseen_validation\trade_date=2026-07-17\exchange=NSE\symbol=LT\part-071854_673927-029172.parquet,35049,downloaded,35049,
2026-07-17,NSE,LT,raw_l2/trade_date=2026-07-17/exchange=NSE/symbol=LT/part-071839_738493-029140.parquet,real_data_sample\l2_unseen_validation\trade_date=2026-07-17\exchange=NSE\symbol=LT\part-071839_738493-029140.parquet,34377,downloaded,34377,
2026-07-17,NSE,LT,raw_l2/trade_date=2026-07-17/exchange=NSE/symbol=LT/part-071810_834022-029076.parquet,real_data_sample\l2_unseen_validation\trade_date=2026-07-17\exchange=NSE\symbol=LT\part-071810_834022-029076.parquet,34793,downloaded,34793,
2026-07-17,NSE,LT,raw_l2/trade_date=2026-07-17/exchange=NSE/symbol=LT/part-071909_313479-029204.parquet,real_data_sample\l2_unseen_validation\trade_date=2026-07-17\exchange=NSE\symbol=LT\part-071909_313479-029204.parquet,34977,downloaded,34977,
2026-07-17,NSE,LT,raw_l2/trade_date=2026-07-17/exchange=NSE/symbol=LT/part-071923_605198-029236.parquet,real_data_sample\l2_unseen_validation\trade_date=2026-07-17\exchange=NSE\symbol=LT\part-071923_605198-029236.parquet,35541,downloaded,35541,
2026-07-17,NSE,LT,raw_l2/trade_date=2026-07-17/exchange=NSE/symbol=LT/part-071825_151047-029108.parquet,real_data_sample\l2_unseen_validation\trade_date=2026-07-17\exchange=NSE\symbol=LT\part-071825_151047-029108.parquet,34635,downloaded,34635,
2026-07-17,NSE,LT,raw_l2/trade_date=2026-07-17/exchange=NSE/symbol=LT/part-072006_366963-029332.parquet,real_data_sample\l2_unseen_validation\trade_date=2026-07-17\exchange=NSE\symbol=LT\part-072006_366963-029332.parquet,35772,downloaded,35772,
2026-07-17,NSE,LT,raw_l2/trade_date=2026-07-17/exchange=NSE/symbol=LT/part-072200_329289-029588.parquet,real_data_sample\l2_unseen_validation\trade_date=2026-07-17\exchange=NSE\symbol=LT\part-072200_329289-029588.parquet,35438,downloaded,35438,
2026-07-17,NSE,LT,raw_l2/trade_date=2026-07-17/exchange=NSE/symbol=LT/part-072145_762584-029556.parquet,real_data_sample\l2_unseen_validation\trade_date=2026-07-17\exchange=NSE\symbol=LT\part-072145_762584-029556.parquet,35728,downloaded,35728,
2026-07-17,NSE,LT,raw_l2/trade_date=2026-07-17/exchange=NSE/symbol=LT/part-072214_878816-029620.parquet,real_data_sample\l2_unseen_validation\trade_date=2026-07-17\exchange=NSE\symbol=LT\part-072214_878816-029620.parquet,35598,downloaded,35598,
2026-07-17,NSE,LT,raw_l2/trade_date=2026-07-17/exchange=NSE/symbol=LT/part-071952_082289-029300.parquet,real_data_sample\l2_unseen_validation\trade_date=2026-07-17\exchange=NSE\symbol=LT\part-071952_082289-029300.parquet,35632,downloaded,35632,
2026-07-17,NSE,LT,raw_l2/trade_date=2026-07-17/exchange=NSE/symbol=LT/part-072228_882144-029652.parquet,real_data_sample\l2_unseen_validation\trade_date=2026-07-17\exchange=NSE\symbol=LT\part-072228_882144-029652.parquet,35554,downloaded,35554,
2026-07-17,NSE,LT,raw_l2/trade_date=2026-07-17/exchange=NSE/symbol=LT/part-072034_915589-029396.parquet,real_data_sample\l2_unseen_validation\trade_date=2026-07-17\exchange=NSE\symbol=LT\part-072034_915589-029396.parquet,35382,downloaded,35382,
2026-07-17,NSE,LT,raw_l2/trade_date=2026-07-17/exchange=NSE/symbol=LT/part-072049_184049-029428.parquet,real_data_sample\l2_unseen_validation\trade_date=2026-07-17\exchange=NSE\symbol=LT\part-072049_184049-029428.parquet,35592,downloaded,35592,
2026-07-17,NSE,LT,raw_l2/trade_date=2026-07-17/exchange=NSE/symbol=LT/part-072117_559152-029492.parquet,real_data_sample\l2_unseen_validation\trade_date=2026-07-17\exchange=NSE\symbol=LT\part-072117_559152-029492.parquet,35904,downloaded,35904,
2026-07-17,NSE,LT,raw_l2/trade_date=2026-07-17/exchange=NSE/symbol=LT/part-072131_741737-029524.parquet,real_data_sample\l2_unseen_validation\trade_date=2026-07-17\exchange=NSE\symbol=LT\part-072131_741737-029524.parquet,35856,downloaded,35856,
2026-07-17,NSE,LT,raw_l2/trade_date=2026-07-17/exchange=NSE/symbol=LT/part-071937_942020-029268.parquet,real_data_sample\l2_unseen_validation\trade_date=2026-07-17\exchange=NSE\symbol=LT\part-071937_942020-029268.parquet,35951,downloaded,35951,
2026-07-17,NSE,LT,raw_l2/trade_date=2026-07-17/exchange=NSE/symbol=LT/part-072020_663549-029364.parquet,real_data_sample\l2_unseen_validation\trade_date=2026-07-17\exchange=NSE\symbol=LT\part-072020_663549-029364.parquet,35888,downloaded,35888,
2026-07-17,NSE,LT,raw_l2/trade_date=2026-07-17/exchange=NSE/symbol=LT/part-072103_417661-029460.parquet,real_data_sample\l2_unseen_validation\trade_date=2026-07-17\exchange=NSE\symbol=LT\part-072103_417661-029460.parquet,36001,downloaded,36001,
2026-07-17,NSE,LT,raw_l2/trade_date=2026-07-17/exchange=NSE/symbol=LT/part-072243_234364-029684.parquet,real_data_sample\l2_unseen_validation\trade_date=2026-07-17\exchange=NSE\symbol=LT\part-072243_234364-029684.parquet,35725,downloaded,35725,
2026-07-17,NSE,LT,raw_l2/trade_date=2026-07-17/exchange=NSE/symbol=LT/part-072257_412711-029716.parquet,real_data_sample\l2_unseen_validation\trade_date=2026-07-17\exchange=NSE\symbol=LT\part-072257_412711-029716.parquet,35435,downloaded,35435,
2026-07-17,NSE,LT,raw_l2/trade_date=2026-07-17/exchange=NSE/symbol=LT/part-072340_432002-029812.parquet,real_data_sample\l2_unseen_validation\trade_date=2026-07-17\exchange=NSE\symbol=LT\part-072340_432002-029812.parquet,35782,downloaded,35782,
2026-07-17,NSE,LT,raw_l2/trade_date=2026-07-17/exchange=NSE/symbol=LT/part-072326_047980-029780.parquet,real_data_sample\l2_unseen_validation\trade_date=2026-07-17\exchange=NSE\symbol=LT\part-072326_047980-029780.parquet,35360,downloaded,35360,
2026-07-17,NSE,LT,raw_l2/trade_date=2026-07-17/exchange=NSE/symbol=LT/part-072311_746807-029748.parquet,real_data_sample\l2_unseen_validation\trade_date=2026-07-17\exchange=NSE\symbol=LT\part-072311_746807-029748.parquet,35134,downloaded,35134,
2026-07-17,NSE,LT,raw_l2/trade_date=2026-07-17/exchange=NSE/symbol=LT/part-072423_089133-029908.parquet,real_data_sample\l2_unseen_validation\trade_date=2026-07-17\exchange=NSE\symbol=LT\part-072423_089133-029908.parquet,35922,downloaded,35922,
2026-07-17,NSE,LT,raw_l2/trade_date=2026-07-17/exchange=NSE/symbol=LT/part-072354_697111-029844.parquet,real_data_sample\l2_unseen_validation\trade_date=2026-07-17\exchange=NSE\symbol=LT\part-072354_697111-029844.parquet,36193,downloaded,36193,
2026-07-17,NSE,LT,raw_l2/trade_date=2026-07-17/exchange=NSE/symbol=LT/part-072408_865614-029876.parquet,real_data_sample\l2_unseen_validation\trade_date=2026-07-17\exchange=NSE\symbol=LT\part-072408_865614-029876.parquet,35567,downloaded,35567,
2026-07-17,NSE,LT,raw_l2/trade_date=2026-07-17/exchange=NSE/symbol=LT/part-072437_456861-029940.parquet,real_data_sample\l2_unseen_validation\trade_date=2026-07-17\exchange=NSE\symbol=LT\part-072437_456861-029940.parquet,35773,downloaded,35773,
2026-07-17,NSE,LT,raw_l2/trade_date=2026-07-17/exchange=NSE/symbol=LT/part-072451_902430-029972.parquet,real_data_sample\l2_unseen_validation\trade_date=2026-07-17\exchange=NSE\symbol=LT\part-072451_902430-029972.parquet,35624,downloaded,35624,
2026-07-17,NSE,LT,raw_l2/trade_date=2026-07-17/exchange=NSE/symbol=LT/part-072506_237696-030004.parquet,real_data_sample\l2_unseen_validation\trade_date=2026-07-17\exchange=NSE\symbol=LT\part-072506_237696-030004.parquet,35662,downloaded,35662,
2026-07-17,NSE,LT,raw_l2/trade_date=2026-07-17/exchange=NSE/symbol=LT/part-072520_376473-030036.parquet,real_data_sample\l2_unseen_validation\trade_date=2026-07-17\exchange=NSE\symbol=LT\part-072520_376473-030036.parquet,35120,downloaded,35120,
2026-07-17,NSE,LT,raw_l2/trade_date=2026-07-17/exchange=NSE/symbol=LT/part-072534_653957-030068.parquet,real_data_sample\l2_unseen_validation\trade_date=2026-07-17\exchange=NSE\symbol=LT\part-072534_653957-030068.parquet,34967,downloaded,34967,
2026-07-17,NSE,LT,raw_l2/trade_date=2026-07-17/exchange=NSE/symbol=LT/part-073009_779953-030676.parquet,real_data_sample\l2_unseen_validation\trade_date=2026-07-17\exchange=NSE\symbol=LT\part-073009_779953-030676.parquet,36174,downloaded,36174,
2026-07-17,NSE,LT,raw_l2/trade_date=2026-07-17/exchange=NSE/symbol=LT/part-072728_929199-030324.parquet,real_data_sample\l2_unseen_validation\trade_date=2026-07-17\exchange=NSE\symbol=LT\part-072728_929199-030324.parquet,34910,downloaded,34910,
2026-07-17,NSE,LT,raw_l2/trade_date=2026-07-17/exchange=NSE/symbol=LT/part-072602_851492-030132.parquet,real_data_sample\l2_unseen_validation\trade_date=2026-07-17\exchange=NSE\symbol=LT\part-072602_851492-030132.parquet,34858,downloaded,34858,
2026-07-17,NSE,LT,raw_l2/trade_date=2026-07-17/exchange=NSE/symbol=LT/part-072941_049454-030612.parquet,real_data_sample\l2_unseen_validation\trade_date=2026-07-17\exchange=NSE\symbol=LT\part-072941_049454-030612.parquet,35392,downloaded,35392,
2026-07-17,NSE,LT,raw_l2/trade_date=2026-07-17/exchange=NSE/symbol=LT/part-073038_350318-030740.parquet,real_data_sample\l2_unseen_validation\trade_date=2026-07-17\exchange=NSE\symbol=LT\part-073038_350318-030740.parquet,36276,downloaded,36276,
2026-07-17,NSE,LT,raw_l2/trade_date=2026-07-17/exchange=NSE/symbol=LT/part-073024_068954-030708.parquet,real_data_sample\l2_unseen_validation\trade_date=2026-07-17\exchange=NSE\symbol=LT\part-073024_068954-030708.parquet,35880,downloaded,35880,
2026-07-17,NSE,LT,raw_l2/trade_date=2026-07-17/exchange=NSE/symbol=LT/part-073218_528492-030964.parquet,real_data_sample\l2_unseen_validation\trade_date=2026-07-17\exchange=NSE\symbol=LT\part-073218_528492-030964.parquet,35887,downloaded,35887,
2026-07-17,NSE,LT,raw_l2/trade_date=2026-07-17/exchange=NSE/symbol=LT/part-073121_625122-030836.parquet,real_data_sample\l2_unseen_validation\trade_date=2026-07-17\exchange=NSE\symbol=LT\part-073121_625122-030836.parquet,35868,downloaded,35868,
2026-07-17,NSE,LT,raw_l2/trade_date=2026-07-17/exchange=NSE/symbol=LT/part-073052_739377-030772.parquet,real_data_sample\l2_unseen_validation\trade_date=2026-07-17\exchange=NSE\symbol=LT\part-073052_739377-030772.parquet,36071,downloaded,36071,
2026-07-17,NSE,LT,raw_l2/trade_date=2026-07-17/exchange=NSE/symbol=LT/part-073135_676159-030868.parquet,real_data_sample\l2_unseen_validation\trade_date=2026-07-17\exchange=NSE\symbol=LT\part-073135_676159-030868.parquet,35828,downloaded,35828,
2026-07-17,NSE,LT,raw_l2/trade_date=2026-07-17/exchange=NSE/symbol=LT/part-073204_391553-030932.parquet,real_data_sample\l2_unseen_validation\trade_date=2026-07-17\exchange=NSE\symbol=LT\part-073204_391553-030932.parquet,35413,downloaded,35413,
2026-07-17,NSE,LT,raw_l2/trade_date=2026-07-17/exchange=NSE/symbol=LT/part-073150_156563-030900.parquet,real_data_sample\l2_unseen_validation\trade_date=2026-07-17\exchange=NSE\symbol=LT\part-073150_156563-030900.parquet,35646,downloaded,35646,
2026-07-17,NSE,LT,raw_l2/trade_date=2026-07-17/exchange=NSE/symbol=LT/part-073107_290516-030804.parquet,real_data_sample\l2_unseen_validation\trade_date=2026-07-17\exchange=NSE\symbol=LT\part-073107_290516-030804.parquet,36326,downloaded,36326,
2026-07-17,NSE,LT,raw_l2/trade_date=2026-07-17/exchange=NSE/symbol=LT/part-073315_393012-031092.parquet,real_data_sample\l2_unseen_validation\trade_date=2026-07-17\exchange=NSE\symbol=LT\part-073315_393012-031092.parquet,35518,downloaded,35518,
2026-07-17,NSE,LT,raw_l2/trade_date=2026-07-17/exchange=NSE/symbol=LT/part-073246_895994-031028.parquet,real_data_sample\l2_unseen_validation\trade_date=2026-07-17\exchange=NSE\symbol=LT\part-073246_895994-031028.parquet,35766,downloaded,35766,
2026-07-17,NSE,LT,raw_l2/trade_date=2026-07-17/exchange=NSE/symbol=LT/part-073232_701509-030996.parquet,real_data_sample\l2_unseen_validation\trade_date=2026-07-17\exchange=NSE\symbol=LT\part-073232_701509-030996.parquet,35928,downloaded,35928,
2026-07-17,NSE,LT,raw_l2/trade_date=2026-07-17/exchange=NSE/symbol=LT/part-073301_188351-031060.parquet,real_data_sample\l2_unseen_validation\trade_date=2026-07-17\exchange=NSE\symbol=LT\part-073301_188351-031060.parquet,35819,downloaded,35819,
2026-07-17,NSE,LT,raw_l2/trade_date=2026-07-17/exchange=NSE/symbol=LT/part-073344_061249-031156.parquet,real_data_sample\l2_unseen_validation\trade_date=2026-07-17\exchange=NSE\symbol=LT\part-073344_061249-031156.parquet,35107,downloaded,35107,
2026-07-17,NSE,LT,raw_l2/trade_date=2026-07-17/exchange=NSE/symbol=LT/part-073358_172439-031188.parquet,real_data_sample\l2_unseen_validation\trade_date=2026-07-17\exchange=NSE\symbol=LT\part-073358_172439-031188.parquet,34913,downloaded,34913,
2026-07-17,NSE,LT,raw_l2/trade_date=2026-07-17/exchange=NSE/symbol=LT/part-073441_019715-031284.parquet,real_data_sample\l2_unseen_validation\trade_date=2026-07-17\exchange=NSE\symbol=LT\part-073441_019715-031284.parquet,34602,downloaded,34602,
2026-07-17,NSE,LT,raw_l2/trade_date=2026-07-17/exchange=NSE/symbol=LT/part-073426_648970-031252.parquet,real_data_sample\l2_unseen_validation\trade_date=2026-07-17\exchange=NSE\symbol=LT\part-073426_648970-031252.parquet,34702,downloaded,34702,
2026-07-17,NSE,LT,raw_l2/trade_date=2026-07-17/exchange=NSE/symbol=LT/part-073412_419253-031220.parquet,real_data_sample\l2_unseen_validation\trade_date=2026-07-17\exchange=NSE\symbol=LT\part-073412_419253-031220.parquet,34641,downloaded,34641,
2026-07-17,NSE,LT,raw_l2/trade_date=2026-07-17/exchange=NSE/symbol=LT/part-073455_305799-031316.parquet,real_data_sample\l2_unseen_validation\trade_date=2026-07-17\exchange=NSE\symbol=LT\part-073455_305799-031316.parquet,34644,downloaded,34644,
2026-07-17,NSE,LT,raw_l2/trade_date=2026-07-17/exchange=NSE/symbol=LT/part-073509_460435-031348.parquet,real_data_sample\l2_unseen_validation\trade_date=2026-07-17\exchange=NSE\symbol=LT\part-073509_460435-031348.parquet,34877,downloaded,34877,
2026-07-17,NSE,LT,raw_l2/trade_date=2026-07-17/exchange=NSE/symbol=LT/part-073523_622274-031380.parquet,real_data_sample\l2_unseen_validation\trade_date=2026-07-17\exchange=NSE\symbol=LT\part-073523_622274-031380.parquet,34740,downloaded,34740,
2026-07-17,NSE,LT,raw_l2/trade_date=2026-07-17/exchange=NSE/symbol=LT/part-073537_947489-031412.parquet,real_data_sample\l2_unseen_validation\trade_date=2026-07-17\exchange=NSE\symbol=LT\part-073537_947489-031412.parquet,34731,downloaded,34731,
2026-07-17,NSE,LT,raw_l2/trade_date=2026-07-17/exchange=NSE/symbol=LT/part-073606_263974-031476.parquet,real_data_sample\l2_unseen_validation\trade_date=2026-07-17\exchange=NSE\symbol=LT\part-073606_263974-031476.parquet,35041,downloaded,35041,
2026-07-17,NSE,LT,raw_l2/trade_date=2026-07-17/exchange=NSE/symbol=LT/part-073620_523323-031508.parquet,real_data_sample\l2_unseen_validation\trade_date=2026-07-17\exchange=NSE\symbol=LT\part-073620_523323-031508.parquet,35414,downloaded,35414,
2026-07-17,NSE,LT,raw_l2/trade_date=2026-07-17/exchange=NSE/symbol=LT/part-073649_141721-031572.parquet,real_data_sample\l2_unseen_validation\trade_date=2026-07-17\exchange=NSE\symbol=LT\part-073649_141721-031572.parquet,35693,downloaded,35693,
2026-07-17,NSE,LT,raw_l2/trade_date=2026-07-17/exchange=NSE/symbol=LT/part-073703_319234-031604.parquet,real_data_sample\l2_unseen_validation\trade_date=2026-07-17\exchange=NSE\symbol=LT\part-073703_319234-031604.parquet,35599,downloaded,35599,
2026-07-17,NSE,LT,raw_l2/trade_date=2026-07-17/exchange=NSE/symbol=LT/part-073552_048137-031444.parquet,real_data_sample\l2_unseen_validation\trade_date=2026-07-17\exchange=NSE\symbol=LT\part-073552_048137-031444.parquet,34999,downloaded,34999,
2026-07-17,NSE,LT,raw_l2/trade_date=2026-07-17/exchange=NSE/symbol=LT/part-073717_321647-031636.parquet,real_data_sample\l2_unseen_validation\trade_date=2026-07-17\exchange=NSE\symbol=LT\part-073717_321647-031636.parquet,35838,downloaded,35838,
2026-07-17,NSE,LT,raw_l2/trade_date=2026-07-17/exchange=NSE/symbol=LT/part-073329_727653-031124.parquet,real_data_sample\l2_unseen_validation\trade_date=2026-07-17\exchange=NSE\symbol=LT\part-073329_727653-031124.parquet,34728,downloaded,34728,
2026-07-17,NSE,LT,raw_l2/trade_date=2026-07-17/exchange=NSE/symbol=LT/part-073634_897797-031540.parquet,real_data_sample\l2_unseen_validation\trade_date=2026-07-17\exchange=NSE\symbol=LT\part-073634_897797-031540.parquet,35699,downloaded,35699,
2026-07-17,NSE,LT,raw_l2/trade_date=2026-07-17/exchange=NSE/symbol=LT/part-073731_347398-031668.parquet,real_data_sample\l2_unseen_validation\trade_date=2026-07-17\exchange=NSE\symbol=LT\part-073731_347398-031668.parquet,35650,downloaded,35650,
2026-07-17,NSE,LT,raw_l2/trade_date=2026-07-17/exchange=NSE/symbol=LT/part-073745_239038-031700.parquet,real_data_sample\l2_unseen_validation\trade_date=2026-07-17\exchange=NSE\symbol=LT\part-073745_239038-031700.parquet,35864,downloaded,35864,
2026-07-17,NSE,LT,raw_l2/trade_date=2026-07-17/exchange=NSE/symbol=LT/part-073952_345606-031988.parquet,real_data_sample\l2_unseen_validation\trade_date=2026-07-17\exchange=NSE\symbol=LT\part-073952_345606-031988.parquet,35281,downloaded,35281,
2026-07-17,NSE,LT,raw_l2/trade_date=2026-07-17/exchange=NSE/symbol=LT/part-074006_603567-032020.parquet,real_data_sample\l2_unseen_validation\trade_date=2026-07-17\exchange=NSE\symbol=LT\part-074006_603567-032020.parquet,35722,downloaded,35722,
2026-07-17,NSE,LT,raw_l2/trade_date=2026-07-17/exchange=NSE/symbol=LT/part-073855_900624-031860.parquet,real_data_sample\l2_unseen_validation\trade_date=2026-07-17\exchange=NSE\symbol=LT\part-073855_900624-031860.parquet,34840,downloaded,34840,
2026-07-17,NSE,LT,raw_l2/trade_date=2026-07-17/exchange=NSE/symbol=LT/part-073910_350026-031892.parquet,real_data_sample\l2_unseen_validation\trade_date=2026-07-17\exchange=NSE\symbol=LT\part-073910_350026-031892.parquet,34994,downloaded,34994,
2026-07-17,NSE,LT,raw_l2/trade_date=2026-07-17/exchange=NSE/symbol=LT/part-073924_279785-031924.parquet,real_data_sample\l2_unseen_validation\trade_date=2026-07-17\exchange=NSE\symbol=LT\part-073924_279785-031924.parquet,35815,downloaded,35815,
2026-07-17,NSE,LT,raw_l2/trade_date=2026-07-17/exchange=NSE/symbol=LT/part-073759_337221-031732.parquet,real_data_sample\l2_unseen_validation\trade_date=2026-07-17\exchange=NSE\symbol=LT\part-073759_337221-031732.parquet,35974,downloaded,35974,
2026-07-17,NSE,LT,raw_l2/trade_date=2026-07-17/exchange=NSE/symbol=LT/part-073813_493280-031764.parquet,real_data_sample\l2_unseen_validation\trade_date=2026-07-17\exchange=NSE\symbol=LT\part-073813_493280-031764.parquet,35660,downloaded,35660,
2026-07-17,NSE,LT,raw_l2/trade_date=2026-07-17/exchange=NSE/symbol=LT/part-074034_818252-032084.parquet,real_data_sample\l2_unseen_validation\trade_date=2026-07-17\exchange=NSE\symbol=LT\part-074034_818252-032084.parquet,36197,downloaded,36197,
2026-07-17,NSE,LT,raw_l2/trade_date=2026-07-17/exchange=NSE/symbol=LT/part-073938_328921-031956.parquet,real_data_sample\l2_unseen_validation\trade_date=2026-07-17\exchange=NSE\symbol=LT\part-073938_328921-031956.parquet,35853,downloaded,35853,
2026-07-17,NSE,LT,raw_l2/trade_date=2026-07-17/exchange=NSE/symbol=LT/part-073841_695529-031828.parquet,real_data_sample\l2_unseen_validation\trade_date=2026-07-17\exchange=NSE\symbol=LT\part-073841_695529-031828.parquet,34968,downloaded,34968,
2026-07-17,NSE,LT,raw_l2/trade_date=2026-07-17/exchange=NSE/symbol=LT/part-074020_819949-032052.parquet,real_data_sample\l2_unseen_validation\trade_date=2026-07-17\exchange=NSE\symbol=LT\part-074020_819949-032052.parquet,36022,downloaded,36022,
2026-07-17,NSE,LT,raw_l2/trade_date=2026-07-17/exchange=NSE/symbol=LT/part-074049_059598-032116.parquet,real_data_sample\l2_unseen_validation\trade_date=2026-07-17\exchange=NSE\symbol=LT\part-074049_059598-032116.parquet,35549,downloaded,35549,
2026-07-17,NSE,LT,raw_l2/trade_date=2026-07-17/exchange=NSE/symbol=LT/part-074117_253732-032180.parquet,real_data_sample\l2_unseen_validation\trade_date=2026-07-17\exchange=NSE\symbol=LT\part-074117_253732-032180.parquet,35588,downloaded,35588,
2026-07-17,NSE,LT,raw_l2/trade_date=2026-07-17/exchange=NSE/symbol=LT/part-074103_123637-032148.parquet,real_data_sample\l2_unseen_validation\trade_date=2026-07-17\exchange=NSE\symbol=LT\part-074103_123637-032148.parquet,35731,downloaded,35731,
2026-07-17,NSE,LT,raw_l2/trade_date=2026-07-17/exchange=NSE/symbol=LT/part-073827_674089-031796.parquet,real_data_sample\l2_unseen_validation\trade_date=2026-07-17\exchange=NSE\symbol=LT\part-073827_674089-031796.parquet,34939,downloaded,34939,
2026-07-17,NSE,LT,raw_l2/trade_date=2026-07-17/exchange=NSE/symbol=LT/part-074131_321179-032212.parquet,real_data_sample\l2_unseen_validation\trade_date=2026-07-17\exchange=NSE\symbol=LT\part-074131_321179-032212.parquet,35664,downloaded,35664,
2026-07-17,NSE,LT,raw_l2/trade_date=2026-07-17/exchange=NSE/symbol=LT/part-074145_492372-032244.parquet,real_data_sample\l2_unseen_validation\trade_date=2026-07-17\exchange=NSE\symbol=LT\part-074145_492372-032244.parquet,35748,downloaded,35748,
2026-07-17,NSE,LT,raw_l2/trade_date=2026-07-17/exchange=NSE/symbol=LT/part-074448_513113-032660.parquet,real_data_sample\l2_unseen_validation\trade_date=2026-07-17\exchange=NSE\symbol=LT\part-074448_513113-032660.parquet,34978,downloaded,34978,
2026-07-17,NSE,LT,raw_l2/trade_date=2026-07-17/exchange=NSE/symbol=LT/part-074309_467977-032436.parquet,real_data_sample\l2_unseen_validation\trade_date=2026-07-17\exchange=NSE\symbol=LT\part-074309_467977-032436.parquet,36165,downloaded,36165,
2026-07-17,NSE,LT,raw_l2/trade_date=2026-07-17/exchange=NSE/symbol=LT/part-074159_539008-032276.parquet,real_data_sample\l2_unseen_validation\trade_date=2026-07-17\exchange=NSE\symbol=LT\part-074159_539008-032276.parquet,35308,downloaded,35308,
2026-07-17,NSE,LT,raw_l2/trade_date=2026-07-17/exchange=NSE/symbol=LT/part-074406_558515-032564.parquet,real_data_sample\l2_unseen_validation\trade_date=2026-07-17\exchange=NSE\symbol=LT\part-074406_558515-032564.parquet,35780,downloaded,35780,
2026-07-17,NSE,LT,raw_l2/trade_date=2026-07-17/exchange=NSE/symbol=LT/part-074227_432650-032340.parquet,real_data_sample\l2_unseen_validation\trade_date=2026-07-17\exchange=NSE\symbol=LT\part-074227_432650-032340.parquet,35863,downloaded,35863,
2026-07-17,NSE,LT,raw_l2/trade_date=2026-07-17/exchange=NSE/symbol=LT/part-074213_543843-032308.parquet,real_data_sample\l2_unseen_validation\trade_date=2026-07-17\exchange=NSE\symbol=LT\part-074213_543843-032308.parquet,35619,downloaded,35619,
2026-07-17,NSE,LT,raw_l2/trade_date=2026-07-17/exchange=NSE/symbol=LT/part-074255_531204-032404.parquet,real_data_sample\l2_unseen_validation\trade_date=2026-07-17\exchange=NSE\symbol=LT\part-074255_531204-032404.parquet,35620,downloaded,35620,
2026-07-17,NSE,LT,raw_l2/trade_date=2026-07-17/exchange=NSE/symbol=LT/part-074323_501342-032468.parquet,real_data_sample\l2_unseen_validation\trade_date=2026-07-17\exchange=NSE\symbol=LT\part-074323_501342-032468.parquet,35792,downloaded,35792,
2026-07-17,NSE,LT,raw_l2/trade_date=2026-07-17/exchange=NSE/symbol=LT/part-074420_534272-032596.parquet,real_data_sample\l2_unseen_validation\trade_date=2026-07-17\exchange=NSE\symbol=LT\part-074420_534272-032596.parquet,35350,downloaded,35350,
2026-07-17,NSE,LT,raw_l2/trade_date=2026-07-17/exchange=NSE/symbol=LT/part-074337_635752-032500.parquet,real_data_sample\l2_unseen_validation\trade_date=2026-07-17\exchange=NSE\symbol=LT\part-074337_635752-032500.parquet,35590,downloaded,35590,
2026-07-17,NSE,LT,raw_l2/trade_date=2026-07-17/exchange=NSE/symbol=LT/part-074434_552421-032628.parquet,real_data_sample\l2_unseen_validation\trade_date=2026-07-17\exchange=NSE\symbol=LT\part-074434_552421-032628.parquet,34833,downloaded,34833,
2026-07-17,NSE,LT,raw_l2/trade_date=2026-07-17/exchange=NSE/symbol=LT/part-074502_682989-032692.parquet,real_data_sample\l2_unseen_validation\trade_date=2026-07-17\exchange=NSE\symbol=LT\part-074502_682989-032692.parquet,34970,downloaded,34970,
2026-07-17,NSE,LT,raw_l2/trade_date=2026-07-17/exchange=NSE/symbol=LT/part-074352_073349-032532.parquet,real_data_sample\l2_unseen_validation\trade_date=2026-07-17\exchange=NSE\symbol=LT\part-074352_073349-032532.parquet,35427,downloaded,35427,
2026-07-17,NSE,LT,raw_l2/trade_date=2026-07-17/exchange=NSE/symbol=LT/part-074516_919929-032724.parquet,real_data_sample\l2_unseen_validation\trade_date=2026-07-17\exchange=NSE\symbol=LT\part-074516_919929-032724.parquet,35408,downloaded,35408,
2026-07-17,NSE,LT,raw_l2/trade_date=2026-07-17/exchange=NSE/symbol=LT/part-074241_465642-032372.parquet,real_data_sample\l2_unseen_validation\trade_date=2026-07-17\exchange=NSE\symbol=LT\part-074241_465642-032372.parquet,35903,downloaded,35903,
2026-07-17,NSE,LT,raw_l2/trade_date=2026-07-17/exchange=NSE/symbol=LT/part-074531_049032-032756.parquet,real_data_sample\l2_unseen_validation\trade_date=2026-07-17\exchange=NSE\symbol=LT\part-074531_049032-032756.parquet,35771,downloaded,35771,
2026-07-17,NSE,LT,raw_l2/trade_date=2026-07-17/exchange=NSE/symbol=LT/part-074545_035597-032788.parquet,real_data_sample\l2_unseen_validation\trade_date=2026-07-17\exchange=NSE\symbol=LT\part-074545_035597-032788.parquet,36047,downloaded,36047,
2026-07-17,NSE,LT,raw_l2/trade_date=2026-07-17/exchange=NSE/symbol=LT/part-074642_272904-032916.parquet,real_data_sample\l2_unseen_validation\trade_date=2026-07-17\exchange=NSE\symbol=LT\part-074642_272904-032916.parquet,35938,downloaded,35938,
2026-07-17,NSE,LT,raw_l2/trade_date=2026-07-17/exchange=NSE/symbol=LT/part-074931_469712-033300.parquet,real_data_sample\l2_unseen_validation\trade_date=2026-07-17\exchange=NSE\symbol=LT\part-074931_469712-033300.parquet,34600,downloaded,34600,
2026-07-17,NSE,LT,raw_l2/trade_date=2026-07-17/exchange=NSE/symbol=LT/part-074738_733288-033044.parquet,real_data_sample\l2_unseen_validation\trade_date=2026-07-17\exchange=NSE\symbol=LT\part-074738_733288-033044.parquet,34899,downloaded,34899,
2026-07-17,NSE,LT,raw_l2/trade_date=2026-07-17/exchange=NSE/symbol=LT/part-074752_813860-033076.parquet,real_data_sample\l2_unseen_validation\trade_date=2026-07-17\exchange=NSE\symbol=LT\part-074752_813860-033076.parquet,35439,downloaded,35439,
2026-07-17,NSE,LT,raw_l2/trade_date=2026-07-17/exchange=NSE/symbol=LT/part-074710_401045-032980.parquet,real_data_sample\l2_unseen_validation\trade_date=2026-07-17\exchange=NSE\symbol=LT\part-074710_401045-032980.parquet,35620,downloaded,35620,
2026-07-17,NSE,LT,raw_l2/trade_date=2026-07-17/exchange=NSE/symbol=LT/part-074806_798486-033108.parquet,real_data_sample\l2_unseen_validation\trade_date=2026-07-17\exchange=NSE\symbol=LT\part-074806_798486-033108.parquet,35448,downloaded,35448,
2026-07-17,NSE,LT,raw_l2/trade_date=2026-07-17/exchange=NSE/symbol=LT/part-074849_120752-033204.parquet,real_data_sample\l2_unseen_validation\trade_date=2026-07-17\exchange=NSE\symbol=LT\part-074849_120752-033204.parquet,34583,downloaded,34583,
2026-07-17,NSE,LT,raw_l2/trade_date=2026-07-17/exchange=NSE/symbol=LT/part-074724_713518-033012.parquet,real_data_sample\l2_unseen_validation\trade_date=2026-07-17\exchange=NSE\symbol=LT\part-074724_713518-033012.parquet,35730,downloaded,35730,
2026-07-17,NSE,LT,raw_l2/trade_date=2026-07-17/exchange=NSE/symbol=LT/part-074834_949007-033172.parquet,real_data_sample\l2_unseen_validation\trade_date=2026-07-17\exchange=NSE\symbol=LT\part-074834_949007-033172.parquet,34759,downloaded,34759,
2026-07-17,NSE,LT,raw_l2/trade_date=2026-07-17/exchange=NSE/symbol=LT/part-074820_792326-033140.parquet,real_data_sample\l2_unseen_validation\trade_date=2026-07-17\exchange=NSE\symbol=LT\part-074820_792326-033140.parquet,35040,downloaded,35040,
2026-07-17,NSE,LT,raw_l2/trade_date=2026-07-17/exchange=NSE/symbol=LT/part-074559_237204-032820.parquet,real_data_sample\l2_unseen_validation\trade_date=2026-07-17\exchange=NSE\symbol=LT\part-074559_237204-032820.parquet,36160,downloaded,36160,
2026-07-17,NSE,LT,raw_l2/trade_date=2026-07-17/exchange=NSE/symbol=LT/part-074656_369492-032948.parquet,real_data_sample\l2_unseen_validation\trade_date=2026-07-17\exchange=NSE\symbol=LT\part-074656_369492-032948.parquet,35536,downloaded,35536,
2026-07-17,NSE,LT,raw_l2/trade_date=2026-07-17/exchange=NSE/symbol=LT/part-074627_852045-032884.parquet,real_data_sample\l2_unseen_validation\trade_date=2026-07-17\exchange=NSE\symbol=LT\part-074627_852045-032884.parquet,35941,downloaded,35941,
2026-07-17,NSE,LT,raw_l2/trade_date=2026-07-17/exchange=NSE/symbol=LT/part-074613_693386-032852.parquet,real_data_sample\l2_unseen_validation\trade_date=2026-07-17\exchange=NSE\symbol=LT\part-074613_693386-032852.parquet,35832,downloaded,35832,
2026-07-17,NSE,LT,raw_l2/trade_date=2026-07-17/exchange=NSE/symbol=LT/part-074917_536484-033268.parquet,real_data_sample\l2_unseen_validation\trade_date=2026-07-17\exchange=NSE\symbol=LT\part-074917_536484-033268.parquet,34871,downloaded,34871,
2026-07-17,NSE,LT,raw_l2/trade_date=2026-07-17/exchange=NSE/symbol=LT/part-074903_318925-033236.parquet,real_data_sample\l2_unseen_validation\trade_date=2026-07-17\exchange=NSE\symbol=LT\part-074903_318925-033236.parquet,34668,downloaded,34668,
2026-07-17,NSE,LT,raw_l2/trade_date=2026-07-17/exchange=NSE/symbol=LT/part-074945_507324-033332.parquet,real_data_sample\l2_unseen_validation\trade_date=2026-07-17\exchange=NSE\symbol=LT\part-074945_507324-033332.parquet,34939,downloaded,34939,
2026-07-17,NSE,LT,raw_l2/trade_date=2026-07-17/exchange=NSE/symbol=LT/part-072812_367516-030420.parquet,real_data_sample\l2_unseen_validation\trade_date=2026-07-17\exchange=NSE\symbol=LT\part-072812_367516-030420.parquet,34843,downloaded,34843,
2026-07-17,NSE,LT,raw_l2/trade_date=2026-07-17/exchange=NSE/symbol=LT/part-072617_069891-030164.parquet,real_data_sample\l2_unseen_validation\trade_date=2026-07-17\exchange=NSE\symbol=LT\part-072617_069891-030164.parquet,35204,downloaded,35204,
2026-07-17,NSE,LT,raw_l2/trade_date=2026-07-17/exchange=NSE/symbol=LT/part-072659_999546-030260.parquet,real_data_sample\l2_unseen_validation\trade_date=2026-07-17\exchange=NSE\symbol=LT\part-072659_999546-030260.parquet,35630,downloaded,35630,
2026-07-17,NSE,LT,raw_l2/trade_date=2026-07-17/exchange=NSE/symbol=LT/part-072842_403068-030484.parquet,real_data_sample\l2_unseen_validation\trade_date=2026-07-17\exchange=NSE\symbol=LT\part-072842_403068-030484.parquet,34949,downloaded,34949,
2026-07-17,NSE,LT,raw_l2/trade_date=2026-07-17/exchange=NSE/symbol=LT/part-072548_912028-030100.parquet,real_data_sample\l2_unseen_validation\trade_date=2026-07-17\exchange=NSE\symbol=LT\part-072548_912028-030100.parquet,34602,downloaded,34602,
2026-07-17,NSE,LT,raw_l2/trade_date=2026-07-17/exchange=NSE/symbol=LT/part-075221_771373-033684.parquet,real_data_sample\l2_unseen_validation\trade_date=2026-07-17\exchange=NSE\symbol=LT\part-075221_771373-033684.parquet,35977,downloaded,35977,
2026-07-17,NSE,LT,raw_l2/trade_date=2026-07-17/exchange=NSE/symbol=LT/part-074959_468547-033364.parquet,real_data_sample\l2_unseen_validation\trade_date=2026-07-17\exchange=NSE\symbol=LT\part-074959_468547-033364.parquet,34991,downloaded,34991,
2026-07-17,NSE,LT,raw_l2/trade_date=2026-07-17/exchange=NSE/symbol=LT/part-075250_241666-033748.parquet,real_data_sample\l2_unseen_validation\trade_date=2026-07-17\exchange=NSE\symbol=LT\part-075250_241666-033748.parquet,35641,downloaded,35641,
2026-07-17,NSE,LT,raw_l2/trade_date=2026-07-17/exchange=NSE/symbol=LT/part-075235_944740-033716.parquet,real_data_sample\l2_unseen_validation\trade_date=2026-07-17\exchange=NSE\symbol=LT\part-075235_944740-033716.parquet,35811,downloaded,35811,
2026-07-17,NSE,LT,raw_l2/trade_date=2026-07-17/exchange=NSE/symbol=LT/part-075013_563234-033396.parquet,real_data_sample\l2_unseen_validation\trade_date=2026-07-17\exchange=NSE\symbol=LT\part-075013_563234-033396.parquet,34943,downloaded,34943,
2026-07-17,NSE,LT,raw_l2/trade_date=2026-07-17/exchange=NSE/symbol=LT/part-075207_671796-033652.parquet,real_data_sample\l2_unseen_validation\trade_date=2026-07-17\exchange=NSE\symbol=LT\part-075207_671796-033652.parquet,36177,downloaded,36177,
2026-07-17,NSE,LT,raw_l2/trade_date=2026-07-17/exchange=NSE/symbol=LT/part-075124_805912-033556.parquet,real_data_sample\l2_unseen_validation\trade_date=2026-07-17\exchange=NSE\symbol=LT\part-075124_805912-033556.parquet,36318,downloaded,36318,
2026-07-17,NSE,LT,raw_l2/trade_date=2026-07-17/exchange=NSE/symbol=LT/part-075110_678361-033524.parquet,real_data_sample\l2_unseen_validation\trade_date=2026-07-17\exchange=NSE\symbol=LT\part-075110_678361-033524.parquet,36184,downloaded,36184,
2026-07-17,NSE,LT,raw_l2/trade_date=2026-07-17/exchange=NSE/symbol=LT/part-075028_309154-033428.parquet,real_data_sample\l2_unseen_validation\trade_date=2026-07-17\exchange=NSE\symbol=LT\part-075028_309154-033428.parquet,36275,downloaded,36275,
2026-07-17,NSE,LT,raw_l2/trade_date=2026-07-17/exchange=NSE/symbol=LT/part-075138_931564-033588.parquet,real_data_sample\l2_unseen_validation\trade_date=2026-07-17\exchange=NSE\symbol=LT\part-075138_931564-033588.parquet,35860,downloaded,35860,
2026-07-17,NSE,LT,raw_l2/trade_date=2026-07-17/exchange=NSE/symbol=LT/part-072857_011598-030516.parquet,real_data_sample\l2_unseen_validation\trade_date=2026-07-17\exchange=NSE\symbol=LT\part-072857_011598-030516.parquet,35197,downloaded,35197,
2026-07-17,NSE,LT,raw_l2/trade_date=2026-07-17/exchange=NSE/symbol=LT/part-072826_644918-030452.parquet,real_data_sample\l2_unseen_validation\trade_date=2026-07-17\exchange=NSE\symbol=LT\part-072826_644918-030452.parquet,34837,downloaded,34837,
2026-07-17,NSE,LT,raw_l2/trade_date=2026-07-17/exchange=NSE/symbol=LT/part-075304_670790-033780.parquet,real_data_sample\l2_unseen_validation\trade_date=2026-07-17\exchange=NSE\symbol=LT\part-075304_670790-033780.parquet,35593,downloaded,35593,
2026-07-17,NSE,LT,raw_l2/trade_date=2026-07-17/exchange=NSE/symbol=LT/part-075346_800835-033876.parquet,real_data_sample\l2_unseen_validation\trade_date=2026-07-17\exchange=NSE\symbol=LT\part-075346_800835-033876.parquet,35566,downloaded,35566,
2026-07-17,NSE,LT,raw_l2/trade_date=2026-07-17/exchange=NSE/symbol=LT/part-072743_304186-030356.parquet,real_data_sample\l2_unseen_validation\trade_date=2026-07-17\exchange=NSE\symbol=LT\part-072743_304186-030356.parquet,34658,downloaded,34658,
2026-07-17,NSE,LT,raw_l2/trade_date=2026-07-17/exchange=NSE/symbol=LT/part-075318_815264-033812.parquet,real_data_sample\l2_unseen_validation\trade_date=2026-07-17\exchange=NSE\symbol=LT\part-075318_815264-033812.parquet,35639,downloaded,35639,
2026-07-17,NSE,LT,raw_l2/trade_date=2026-07-17/exchange=NSE/symbol=LT/part-075332_903669-033844.parquet,real_data_sample\l2_unseen_validation\trade_date=2026-07-17\exchange=NSE\symbol=LT\part-075332_903669-033844.parquet,35651,downloaded,35651,
2026-07-17,NSE,LT,raw_l2/trade_date=2026-07-17/exchange=NSE/symbol=LT/part-072757_816053-030388.parquet,real_data_sample\l2_unseen_validation\trade_date=2026-07-17\exchange=NSE\symbol=LT\part-072757_816053-030388.parquet,34879,downloaded,34879,
2026-07-17,NSE,LT,raw_l2/trade_date=2026-07-17/exchange=NSE/symbol=LT/part-072955_544187-030644.parquet,real_data_sample\l2_unseen_validation\trade_date=2026-07-17\exchange=NSE\symbol=LT\part-072955_544187-030644.parquet,35727,downloaded,35727,
2026-07-17,NSE,LT,raw_l2/trade_date=2026-07-17/exchange=NSE/symbol=LT/part-075415_116330-033940.parquet,real_data_sample\l2_unseen_validation\trade_date=2026-07-17\exchange=NSE\symbol=LT\part-075415_116330-033940.parquet,35855,downloaded,35855,
2026-07-17,NSE,LT,raw_l2/trade_date=2026-07-17/exchange=NSE/symbol=LT/part-075443_263741-034004.parquet,real_data_sample\l2_unseen_validation\trade_date=2026-07-17\exchange=NSE\symbol=LT\part-075443_263741-034004.parquet,36090,downloaded,36090,
2026-07-17,NSE,LT,raw_l2/trade_date=2026-07-17/exchange=NSE/symbol=LT/part-075457_514695-034036.parquet,real_data_sample\l2_unseen_validation\trade_date=2026-07-17\exchange=NSE\symbol=LT\part-075457_514695-034036.parquet,35967,downloaded,35967,
2026-07-17,NSE,LT,raw_l2/trade_date=2026-07-17/exchange=NSE/symbol=LT/part-075429_038435-033972.parquet,real_data_sample\l2_unseen_validation\trade_date=2026-07-17\exchange=NSE\symbol=LT\part-075429_038435-033972.parquet,35810,downloaded,35810,
2026-07-17,NSE,LT,raw_l2/trade_date=2026-07-17/exchange=NSE/symbol=LT/part-075511_591490-034068.parquet,real_data_sample\l2_unseen_validation\trade_date=2026-07-17\exchange=NSE\symbol=LT\part-075511_591490-034068.parquet,35969,downloaded,35969,
2026-07-17,NSE,LT,raw_l2/trade_date=2026-07-17/exchange=NSE/symbol=LT/part-075525_625757-034100.parquet,real_data_sample\l2_unseen_validation\trade_date=2026-07-17\exchange=NSE\symbol=LT\part-075525_625757-034100.parquet,35513,downloaded,35513,
2026-07-17,NSE,LT,raw_l2/trade_date=2026-07-17/exchange=NSE/symbol=LT/part-075400_921656-033908.parquet,real_data_sample\l2_unseen_validation\trade_date=2026-07-17\exchange=NSE\symbol=LT\part-075400_921656-033908.parquet,36142,downloaded,36142,
2026-07-17,NSE,LT,raw_l2/trade_date=2026-07-17/exchange=NSE/symbol=LT/part-072926_503410-030580.parquet,real_data_sample\l2_unseen_validation\trade_date=2026-07-17\exchange=NSE\symbol=LT\part-072926_503410-030580.parquet,35354,downloaded,35354,
2026-07-17,NSE,LT,raw_l2/trade_date=2026-07-17/exchange=NSE/symbol=LT/part-075816_673173-034484.parquet,real_data_sample\l2_unseen_validation\trade_date=2026-07-17\exchange=NSE\symbol=LT\part-075816_673173-034484.parquet,36016,downloaded,36016,
2026-07-17,NSE,LT,raw_l2/trade_date=2026-07-17/exchange=NSE/symbol=LT/part-075830_903738-034516.parquet,real_data_sample\l2_unseen_validation\trade_date=2026-07-17\exchange=NSE\symbol=LT\part-075830_903738-034516.parquet,35750,downloaded,35750,
2026-07-17,NSE,LT,raw_l2/trade_date=2026-07-17/exchange=NSE/symbol=LT/part-075845_198219-034548.parquet,real_data_sample\l2_unseen_validation\trade_date=2026-07-17\exchange=NSE\symbol=LT\part-075845_198219-034548.parquet,35728,downloaded,35728,
2026-07-17,NSE,LT,raw_l2/trade_date=2026-07-17/exchange=NSE/symbol=LT/part-072911_694631-030548.parquet,real_data_sample\l2_unseen_validation\trade_date=2026-07-17\exchange=NSE\symbol=LT\part-072911_694631-030548.parquet,34753,downloaded,34753,
2026-07-17,NSE,LT,raw_l2/trade_date=2026-07-17/exchange=NSE/symbol=LT/part-075539_539523-034132.parquet,real_data_sample\l2_unseen_validation\trade_date=2026-07-17\exchange=NSE\symbol=LT\part-075539_539523-034132.parquet,35599,downloaded,35599,
2026-07-17,NSE,LT,raw_l2/trade_date=2026-07-17/exchange=NSE/symbol=LT/part-075553_631647-034164.parquet,real_data_sample\l2_unseen_validation\trade_date=2026-07-17\exchange=NSE\symbol=LT\part-075553_631647-034164.parquet,35570,downloaded,35570,
2026-07-17,NSE,LT,raw_l2/trade_date=2026-07-17/exchange=NSE/symbol=LT/part-075747_688868-034420.parquet,real_data_sample\l2_unseen_validation\trade_date=2026-07-17\exchange=NSE\symbol=LT\part-075747_688868-034420.parquet,36186,downloaded,36186,
2026-07-17,NSE,LT,raw_l2/trade_date=2026-07-17/exchange=NSE/symbol=LT/part-075733_318771-034388.parquet,real_data_sample\l2_unseen_validation\trade_date=2026-07-17\exchange=NSE\symbol=LT\part-075733_318771-034388.parquet,35874,downloaded,35874,
2026-07-17,NSE,LT,raw_l2/trade_date=2026-07-17/exchange=NSE/symbol=LT/part-075801_965622-034452.parquet,real_data_sample\l2_unseen_validation\trade_date=2026-07-17\exchange=NSE\symbol=LT\part-075801_965622-034452.parquet,35936,downloaded,35936,
2026-07-17,NSE,LT,raw_l2/trade_date=2026-07-17/exchange=NSE/symbol=LT/part-075607_744893-034196.parquet,real_data_sample\l2_unseen_validation\trade_date=2026-07-17\exchange=NSE\symbol=LT\part-075607_744893-034196.parquet,35881,downloaded,35881,
2026-07-17,NSE,LT,raw_l2/trade_date=2026-07-17/exchange=NSE/symbol=LT/part-075704_708724-034324.parquet,real_data_sample\l2_unseen_validation\trade_date=2026-07-17\exchange=NSE\symbol=LT\part-075704_708724-034324.parquet,35707,downloaded,35707,
2026-07-17,NSE,LT,raw_l2/trade_date=2026-07-17/exchange=NSE/symbol=LT/part-075636_150120-034260.parquet,real_data_sample\l2_unseen_validation\trade_date=2026-07-17\exchange=NSE\symbol=LT\part-075636_150120-034260.parquet,35749,downloaded,35749,
2026-07-17,NSE,LT,raw_l2/trade_date=2026-07-17/exchange=NSE/symbol=LT/part-075718_941637-034356.parquet,real_data_sample\l2_unseen_validation\trade_date=2026-07-17\exchange=NSE\symbol=LT\part-075718_941637-034356.parquet,35935,downloaded,35935,
2026-07-17,NSE,LT,raw_l2/trade_date=2026-07-17/exchange=NSE/symbol=LT/part-072645_824827-030228.parquet,real_data_sample\l2_unseen_validation\trade_date=2026-07-17\exchange=NSE\symbol=LT\part-072645_824827-030228.parquet,35215,downloaded,35215,
2026-07-17,NSE,LT,raw_l2/trade_date=2026-07-17/exchange=NSE/symbol=LT/part-075650_435319-034292.parquet,real_data_sample\l2_unseen_validation\trade_date=2026-07-17\exchange=NSE\symbol=LT\part-075650_435319-034292.parquet,35725,downloaded,35725,
2026-07-17,NSE,LT,raw_l2/trade_date=2026-07-17/exchange=NSE/symbol=LT/part-075621_901223-034228.parquet,real_data_sample\l2_unseen_validation\trade_date=2026-07-17\exchange=NSE\symbol=LT\part-075621_901223-034228.parquet,36102,downloaded,36102,
2026-07-17,NSE,LT,raw_l2/trade_date=2026-07-17/exchange=NSE/symbol=LT/part-075859_438688-034580.parquet,real_data_sample\l2_unseen_validation\trade_date=2026-07-17\exchange=NSE\symbol=LT\part-075859_438688-034580.parquet,35855,downloaded,35855,
2026-07-17,NSE,LT,raw_l2/trade_date=2026-07-17/exchange=NSE/symbol=LT/part-075942_271804-034676.parquet,real_data_sample\l2_unseen_validation\trade_date=2026-07-17\exchange=NSE\symbol=LT\part-075942_271804-034676.parquet,35141,downloaded,35141,
2026-07-17,NSE,LT,raw_l2/trade_date=2026-07-17/exchange=NSE/symbol=LT/part-075928_000831-034644.parquet,real_data_sample\l2_unseen_validation\trade_date=2026-07-17\exchange=NSE\symbol=LT\part-075928_000831-034644.parquet,34890,downloaded,34890,
2026-07-17,NSE,LT,raw_l2/trade_date=2026-07-17/exchange=NSE/symbol=LT/part-075956_868758-034708.parquet,real_data_sample\l2_unseen_validation\trade_date=2026-07-17\exchange=NSE\symbol=LT\part-075956_868758-034708.parquet,35509,downloaded,35509,
2026-07-17,NSE,LT,raw_l2/trade_date=2026-07-17/exchange=NSE/symbol=LT/part-080026_446583-034772.parquet,real_data_sample\l2_unseen_validation\trade_date=2026-07-17\exchange=NSE\symbol=LT\part-080026_446583-034772.parquet,35763,downloaded,35763,
2026-07-17,NSE,LT,raw_l2/trade_date=2026-07-17/exchange=NSE/symbol=LT/part-080055_221983-034836.parquet,real_data_sample\l2_unseen_validation\trade_date=2026-07-17\exchange=NSE\symbol=LT\part-080055_221983-034836.parquet,35739,downloaded,35739,
2026-07-17,NSE,LT,raw_l2/trade_date=2026-07-17/exchange=NSE/symbol=LT/part-080011_835636-034740.parquet,real_data_sample\l2_unseen_validation\trade_date=2026-07-17\exchange=NSE\symbol=LT\part-080011_835636-034740.parquet,36014,downloaded,36014,
2026-07-17,NSE,LT,raw_l2/trade_date=2026-07-17/exchange=NSE/symbol=LT/part-080109_476562-034868.parquet,real_data_sample\l2_unseen_validation\trade_date=2026-07-17\exchange=NSE\symbol=LT\part-080109_476562-034868.parquet,35383,downloaded,35383,
2026-07-17,NSE,LT,raw_l2/trade_date=2026-07-17/exchange=NSE/symbol=LT/part-080123_614838-034900.parquet,real_data_sample\l2_unseen_validation\trade_date=2026-07-17\exchange=NSE\symbol=LT\part-080123_614838-034900.parquet,35736,downloaded,35736,
2026-07-17,NSE,LT,raw_l2/trade_date=2026-07-17/exchange=NSE/symbol=LT/part-080152_409275-034964.parquet,real_data_sample\l2_unseen_validation\trade_date=2026-07-17\exchange=NSE\symbol=LT\part-080152_409275-034964.parquet,35605,downloaded,35605,
2026-07-17,NSE,LT,raw_l2/trade_date=2026-07-17/exchange=NSE/symbol=LT/part-080137_962387-034932.parquet,real_data_sample\l2_unseen_validation\trade_date=2026-07-17\exchange=NSE\symbol=LT\part-080137_962387-034932.parquet,35565,downloaded,35565,
2026-07-17,NSE,LT,raw_l2/trade_date=2026-07-17/exchange=NSE/symbol=LT/part-080448_469065-035348.parquet,real_data_sample\l2_unseen_validation\trade_date=2026-07-17\exchange=NSE\symbol=LT\part-080448_469065-035348.parquet,35786,downloaded,35786,
2026-07-17,NSE,LT,raw_l2/trade_date=2026-07-17/exchange=NSE/symbol=LT/part-080250_246603-035092.parquet,real_data_sample\l2_unseen_validation\trade_date=2026-07-17\exchange=NSE\symbol=LT\part-080250_246603-035092.parquet,35752,downloaded,35752,
2026-07-17,NSE,LT,raw_l2/trade_date=2026-07-17/exchange=NSE/symbol=LT/part-080347_801475-035220.parquet,real_data_sample\l2_unseen_validation\trade_date=2026-07-17\exchange=NSE\symbol=LT\part-080347_801475-035220.parquet,35591,downloaded,35591,
2026-07-17,NSE,LT,raw_l2/trade_date=2026-07-17/exchange=NSE/symbol=LT/part-080532_663820-035444.parquet,real_data_sample\l2_unseen_validation\trade_date=2026-07-17\exchange=NSE\symbol=LT\part-080532_663820-035444.parquet,34942,downloaded,34942,
2026-07-17,NSE,LT,raw_l2/trade_date=2026-07-17/exchange=NSE/symbol=LT/part-080318_774523-035156.parquet,real_data_sample\l2_unseen_validation\trade_date=2026-07-17\exchange=NSE\symbol=LT\part-080318_774523-035156.parquet,35384,downloaded,35384,
2026-07-17,NSE,LT,raw_l2/trade_date=2026-07-17/exchange=NSE/symbol=LT/part-080546_819532-035476.parquet,real_data_sample\l2_unseen_validation\trade_date=2026-07-17\exchange=NSE\symbol=LT\part-080546_819532-035476.parquet,34692,downloaded,34692,
2026-07-17,NSE,LT,raw_l2/trade_date=2026-07-17/exchange=NSE/symbol=LT/part-080600_947127-035508.parquet,real_data_sample\l2_unseen_validation\trade_date=2026-07-17\exchange=NSE\symbol=LT\part-080600_947127-035508.parquet,34777,downloaded,34777,
2026-07-17,NSE,LT,raw_l2/trade_date=2026-07-17/exchange=NSE/symbol=LT/part-080615_219610-035540.parquet,real_data_sample\l2_unseen_validation\trade_date=2026-07-17\exchange=NSE\symbol=LT\part-080615_219610-035540.parquet,35148,downloaded,35148,
2026-07-17,NSE,LT,raw_l2/trade_date=2026-07-17/exchange=NSE/symbol=LT/part-080629_650438-035572.parquet,real_data_sample\l2_unseen_validation\trade_date=2026-07-17\exchange=NSE\symbol=LT\part-080629_650438-035572.parquet,35843,downloaded,35843,
2026-07-17,NSE,LT,raw_l2/trade_date=2026-07-17/exchange=NSE/symbol=LT/part-080644_054414-035604.parquet,real_data_sample\l2_unseen_validation\trade_date=2026-07-17\exchange=NSE\symbol=LT\part-080644_054414-035604.parquet,35981,downloaded,35981,
2026-07-17,NSE,LT,raw_l2/trade_date=2026-07-17/exchange=NSE/symbol=LT/part-080713_236421-035668.parquet,real_data_sample\l2_unseen_validation\trade_date=2026-07-17\exchange=NSE\symbol=LT\part-080713_236421-035668.parquet,36046,downloaded,36046,
2026-07-17,NSE,LT,raw_l2/trade_date=2026-07-17/exchange=NSE/symbol=LT/part-080727_380645-035700.parquet,real_data_sample\l2_unseen_validation\trade_date=2026-07-17\exchange=NSE\symbol=LT\part-080727_380645-035700.parquet,36332,downloaded,36332,
2026-07-17,NSE,LT,raw_l2/trade_date=2026-07-17/exchange=NSE/symbol=LT/part-080756_729287-035764.parquet,real_data_sample\l2_unseen_validation\trade_date=2026-07-17\exchange=NSE\symbol=LT\part-080756_729287-035764.parquet,35699,downloaded,35699,
2026-07-17,NSE,LT,raw_l2/trade_date=2026-07-17/exchange=NSE/symbol=LT/part-080658_479199-035636.parquet,real_data_sample\l2_unseen_validation\trade_date=2026-07-17\exchange=NSE\symbol=LT\part-080658_479199-035636.parquet,35947,downloaded,35947,
2026-07-17,NSE,LT,raw_l2/trade_date=2026-07-17/exchange=NSE/symbol=LT/part-080741_907962-035732.parquet,real_data_sample\l2_unseen_validation\trade_date=2026-07-17\exchange=NSE\symbol=LT\part-080741_907962-035732.parquet,35640,downloaded,35640,
2026-07-17,NSE,LT,raw_l2/trade_date=2026-07-17/exchange=NSE/symbol=LT/part-080825_825395-035828.parquet,real_data_sample\l2_unseen_validation\trade_date=2026-07-17\exchange=NSE\symbol=LT\part-080825_825395-035828.parquet,35106,downloaded,35106,
2026-07-17,NSE,LT,raw_l2/trade_date=2026-07-17/exchange=NSE/symbol=LT/part-080939_341867-035988.parquet,real_data_sample\l2_unseen_validation\trade_date=2026-07-17\exchange=NSE\symbol=LT\part-080939_341867-035988.parquet,35223,downloaded,35223,
2026-07-17,NSE,LT,raw_l2/trade_date=2026-07-17/exchange=NSE/symbol=LT/part-080924_773641-035956.parquet,real_data_sample\l2_unseen_validation\trade_date=2026-07-17\exchange=NSE\symbol=LT\part-080924_773641-035956.parquet,34915,downloaded,34915,
2026-07-17,NSE,LT,raw_l2/trade_date=2026-07-17/exchange=NSE/symbol=LT/part-080954_096017-036020.parquet,real_data_sample\l2_unseen_validation\trade_date=2026-07-17\exchange=NSE\symbol=LT\part-080954_096017-036020.parquet,35036,downloaded,35036,
2026-07-17,NSE,LT,raw_l2/trade_date=2026-07-17/exchange=NSE/symbol=LT/part-080840_588361-035860.parquet,real_data_sample\l2_unseen_validation\trade_date=2026-07-17\exchange=NSE\symbol=LT\part-080840_588361-035860.parquet,35167,downloaded,35167,
2026-07-17,NSE,LT,raw_l2/trade_date=2026-07-17/exchange=NSE/symbol=LT/part-080909_608556-035924.parquet,real_data_sample\l2_unseen_validation\trade_date=2026-07-17\exchange=NSE\symbol=LT\part-080909_608556-035924.parquet,35127,downloaded,35127,
2026-07-17,NSE,LT,raw_l2/trade_date=2026-07-17/exchange=NSE/symbol=LT/part-080811_495761-035796.parquet,real_data_sample\l2_unseen_validation\trade_date=2026-07-17\exchange=NSE\symbol=LT\part-080811_495761-035796.parquet,35414,downloaded,35414,
2026-07-17,NSE,LT,raw_l2/trade_date=2026-07-17/exchange=NSE/symbol=LT/part-080855_197454-035892.parquet,real_data_sample\l2_unseen_validation\trade_date=2026-07-17\exchange=NSE\symbol=LT\part-080855_197454-035892.parquet,35153,downloaded,35153,
2026-07-17,NSE,LT,raw_l2/trade_date=2026-07-17/exchange=NSE/symbol=LT/part-081008_947376-036052.parquet,real_data_sample\l2_unseen_validation\trade_date=2026-07-17\exchange=NSE\symbol=LT\part-081008_947376-036052.parquet,35032,downloaded,35032,
2026-07-17,NSE,LT,raw_l2/trade_date=2026-07-17/exchange=NSE/symbol=LT/part-081024_032637-036084.parquet,real_data_sample\l2_unseen_validation\trade_date=2026-07-17\exchange=NSE\symbol=LT\part-081024_032637-036084.parquet,35747,downloaded,35747,
2026-07-17,NSE,LT,raw_l2/trade_date=2026-07-17/exchange=NSE/symbol=LT/part-081038_595993-036116.parquet,real_data_sample\l2_unseen_validation\trade_date=2026-07-17\exchange=NSE\symbol=LT\part-081038_595993-036116.parquet,36104,downloaded,36104,
2026-07-17,NSE,LT,raw_l2/trade_date=2026-07-17/exchange=NSE/symbol=LT/part-081217_505540-036340.parquet,real_data_sample\l2_unseen_validation\trade_date=2026-07-17\exchange=NSE\symbol=LT\part-081217_505540-036340.parquet,35822,downloaded,35822,
2026-07-17,NSE,LT,raw_l2/trade_date=2026-07-17/exchange=NSE/symbol=LT/part-081246_170256-036404.parquet,real_data_sample\l2_unseen_validation\trade_date=2026-07-17\exchange=NSE\symbol=LT\part-081246_170256-036404.parquet,36012,downloaded,36012,
2026-07-17,NSE,LT,raw_l2/trade_date=2026-07-17/exchange=NSE/symbol=LT/part-081231_736336-036372.parquet,real_data_sample\l2_unseen_validation\trade_date=2026-07-17\exchange=NSE\symbol=LT\part-081231_736336-036372.parquet,35577,downloaded,35577,
2026-07-17,NSE,LT,raw_l2/trade_date=2026-07-17/exchange=NSE/symbol=LT/part-081135_015405-036244.parquet,real_data_sample\l2_unseen_validation\trade_date=2026-07-17\exchange=NSE\symbol=LT\part-081135_015405-036244.parquet,35926,downloaded,35926,
2026-07-17,NSE,LT,raw_l2/trade_date=2026-07-17/exchange=NSE/symbol=LT/part-081106_886268-036180.parquet,real_data_sample\l2_unseen_validation\trade_date=2026-07-17\exchange=NSE\symbol=LT\part-081106_886268-036180.parquet,36201,downloaded,36201,
2026-07-17,NSE,LT,raw_l2/trade_date=2026-07-17/exchange=NSE/symbol=LT/part-081343_874797-036532.parquet,real_data_sample\l2_unseen_validation\trade_date=2026-07-17\exchange=NSE\symbol=LT\part-081343_874797-036532.parquet,35471,downloaded,35471,
2026-07-17,NSE,LT,raw_l2/trade_date=2026-07-17/exchange=NSE/symbol=LT/part-081121_060408-036212.parquet,real_data_sample\l2_unseen_validation\trade_date=2026-07-17\exchange=NSE\symbol=LT\part-081121_060408-036212.parquet,36245,downloaded,36245,
2026-07-17,NSE,LT,raw_l2/trade_date=2026-07-17/exchange=NSE/symbol=LT/part-081203_403771-036308.parquet,real_data_sample\l2_unseen_validation\trade_date=2026-07-17\exchange=NSE\symbol=LT\part-081203_403771-036308.parquet,35816,downloaded,35816,
2026-07-17,NSE,LT,raw_l2/trade_date=2026-07-17/exchange=NSE/symbol=LT/part-081412_460458-036596.parquet,real_data_sample\l2_unseen_validation\trade_date=2026-07-17\exchange=NSE\symbol=LT\part-081412_460458-036596.parquet,35317,downloaded,35317,
2026-07-17,NSE,LT,raw_l2/trade_date=2026-07-17/exchange=NSE/symbol=LT/part-072631_483902-030196.parquet,real_data_sample\l2_unseen_validation\trade_date=2026-07-17\exchange=NSE\symbol=LT\part-072631_483902-030196.parquet,35623,downloaded,35623,
2026-07-17,NSE,LT,raw_l2/trade_date=2026-07-17/exchange=NSE/symbol=LT/part-081300_833699-036436.parquet,real_data_sample\l2_unseen_validation\trade_date=2026-07-17\exchange=NSE\symbol=LT\part-081300_833699-036436.parquet,36150,downloaded,36150,
2026-07-17,NSE,LT,raw_l2/trade_date=2026-07-17/exchange=NSE/symbol=LT/part-081149_222347-036276.parquet,real_data_sample\l2_unseen_validation\trade_date=2026-07-17\exchange=NSE\symbol=LT\part-081149_222347-036276.parquet,35812,downloaded,35812,
2026-07-17,NSE,LT,raw_l2/trade_date=2026-07-17/exchange=NSE/symbol=LT/part-081358_156037-036564.parquet,real_data_sample\l2_unseen_validation\trade_date=2026-07-17\exchange=NSE\symbol=LT\part-081358_156037-036564.parquet,35766,downloaded,35766,
2026-07-17,NSE,LT,raw_l2/trade_date=2026-07-17/exchange=NSE/symbol=LT/part-081329_693563-036500.parquet,real_data_sample\l2_unseen_validation\trade_date=2026-07-17\exchange=NSE\symbol=LT\part-081329_693563-036500.parquet,35469,downloaded,35469,
2026-07-17,NSE,LT,raw_l2/trade_date=2026-07-17/exchange=NSE/symbol=LT/part-081052_815149-036148.parquet,real_data_sample\l2_unseen_validation\trade_date=2026-07-17\exchange=NSE\symbol=LT\part-081052_815149-036148.parquet,36511,downloaded,36511,
2026-07-17,NSE,LT,raw_l2/trade_date=2026-07-17/exchange=NSE/symbol=LT/part-081315_417529-036468.parquet,real_data_sample\l2_unseen_validation\trade_date=2026-07-17\exchange=NSE\symbol=LT\part-081315_417529-036468.parquet,35306,downloaded,35306,
2026-07-17,NSE,LT,raw_l2/trade_date=2026-07-17/exchange=NSE/symbol=LT/part-081440_895662-036660.parquet,real_data_sample\l2_unseen_validation\trade_date=2026-07-17\exchange=NSE\symbol=LT\part-081440_895662-036660.parquet,34815,downloaded,34815,
2026-07-17,NSE,LT,raw_l2/trade_date=2026-07-17/exchange=NSE/symbol=LT/part-081454_760398-036692.parquet,real_data_sample\l2_unseen_validation\trade_date=2026-07-17\exchange=NSE\symbol=LT\part-081454_760398-036692.parquet,34801,downloaded,34801,
2026-07-17,NSE,LT,raw_l2/trade_date=2026-07-17/exchange=NSE/symbol=LT/part-075056_814586-033492.parquet,real_data_sample\l2_unseen_validation\trade_date=2026-07-17\exchange=NSE\symbol=LT\part-075056_814586-033492.parquet,35899,downloaded,35899,
2026-07-17,NSE,LT,raw_l2/trade_date=2026-07-17/exchange=NSE/symbol=LT/part-081426_674892-036628.parquet,real_data_sample\l2_unseen_validation\trade_date=2026-07-17\exchange=NSE\symbol=LT\part-081426_674892-036628.parquet,34765,downloaded,34765,
2026-07-17,NSE,LT,raw_l2/trade_date=2026-07-17/exchange=NSE/symbol=LT/part-081619_057562-036884.parquet,real_data_sample\l2_unseen_validation\trade_date=2026-07-17\exchange=NSE\symbol=LT\part-081619_057562-036884.parquet,34546,downloaded,34546,
2026-07-17,NSE,LT,raw_l2/trade_date=2026-07-17/exchange=NSE/symbol=LT/part-081537_148429-036788.parquet,real_data_sample\l2_unseen_validation\trade_date=2026-07-17\exchange=NSE\symbol=LT\part-081537_148429-036788.parquet,34613,downloaded,34613,
2026-07-17,NSE,LT,raw_l2/trade_date=2026-07-17/exchange=NSE/symbol=LT/part-081605_163871-036852.parquet,real_data_sample\l2_unseen_validation\trade_date=2026-07-17\exchange=NSE\symbol=LT\part-081605_163871-036852.parquet,34876,downloaded,34876,
2026-07-17,NSE,LT,raw_l2/trade_date=2026-07-17/exchange=NSE/symbol=LT/part-075153_346408-033620.parquet,real_data_sample\l2_unseen_validation\trade_date=2026-07-17\exchange=NSE\symbol=LT\part-075153_346408-033620.parquet,36309,downloaded,36309,
2026-07-17,NSE,LT,raw_l2/trade_date=2026-07-17/exchange=NSE/symbol=LT/part-075042_740003-033460.parquet,real_data_sample\l2_unseen_validation\trade_date=2026-07-17\exchange=NSE\symbol=LT\part-075042_740003-033460.parquet,36186,downloaded,36186,
2026-07-17,NSE,LT,raw_l2/trade_date=2026-07-17/exchange=NSE/symbol=LT/part-081647_150070-036948.parquet,real_data_sample\l2_unseen_validation\trade_date=2026-07-17\exchange=NSE\symbol=LT\part-081647_150070-036948.parquet,34850,downloaded,34850,
2026-07-17,NSE,LT,raw_l2/trade_date=2026-07-17/exchange=NSE/symbol=LT/part-081715_653978-037012.parquet,real_data_sample\l2_unseen_validation\trade_date=2026-07-17\exchange=NSE\symbol=LT\part-081715_653978-037012.parquet,35004,downloaded,35004,
2026-07-17,NSE,LT,raw_l2/trade_date=2026-07-17/exchange=NSE/symbol=LT/part-072714_476641-030292.parquet,real_data_sample\l2_unseen_validation\trade_date=2026-07-17\exchange=NSE\symbol=LT\part-072714_476641-030292.parquet,35344,downloaded,35344,
2026-07-17,NSE,LT,raw_l2/trade_date=2026-07-17/exchange=NSE/symbol=LT/part-081508_917898-036724.parquet,real_data_sample\l2_unseen_validation\trade_date=2026-07-17\exchange=NSE\symbol=LT\part-081508_917898-036724.parquet,34750,downloaded,34750,
2026-07-17,NSE,LT,raw_l2/trade_date=2026-07-17/exchange=NSE/symbol=LT/part-081744_560563-037076.parquet,real_data_sample\l2_unseen_validation\trade_date=2026-07-17\exchange=NSE\symbol=LT\part-081744_560563-037076.parquet,35889,downloaded,35889,
2026-07-17,NSE,LT,raw_l2/trade_date=2026-07-17/exchange=NSE/symbol=LT/part-081701_345014-036980.parquet,real_data_sample\l2_unseen_validation\trade_date=2026-07-17\exchange=NSE\symbol=LT\part-081701_345014-036980.parquet,34904,downloaded,34904,
2026-07-17,NSE,LT,raw_l2/trade_date=2026-07-17/exchange=NSE/symbol=LT/part-081730_404773-037044.parquet,real_data_sample\l2_unseen_validation\trade_date=2026-07-17\exchange=NSE\symbol=LT\part-081730_404773-037044.parquet,35769,downloaded,35769,
2026-07-17,NSE,LT,raw_l2/trade_date=2026-07-17/exchange=NSE/symbol=LT/part-081758_870255-037108.parquet,real_data_sample\l2_unseen_validation\trade_date=2026-07-17\exchange=NSE\symbol=LT\part-081758_870255-037108.parquet,35986,downloaded,35986,
2026-07-17,NSE,LT,raw_l2/trade_date=2026-07-17/exchange=NSE/symbol=LT/part-081551_016064-036820.parquet,real_data_sample\l2_unseen_validation\trade_date=2026-07-17\exchange=NSE\symbol=LT\part-081551_016064-036820.parquet,34868,downloaded,34868,
2026-07-17,NSE,LT,raw_l2/trade_date=2026-07-17/exchange=NSE/symbol=LT/part-081523_138298-036756.parquet,real_data_sample\l2_unseen_validation\trade_date=2026-07-17\exchange=NSE\symbol=LT\part-081523_138298-036756.parquet,34913,downloaded,34913,
2026-07-17,NSE,LT,raw_l2/trade_date=2026-07-17/exchange=NSE/symbol=LT/part-075913_724044-034612.parquet,real_data_sample\l2_unseen_validation\trade_date=2026-07-17\exchange=NSE\symbol=LT\part-075913_724044-034612.parquet,35525,downloaded,35525,
2026-07-17,NSE,LT,raw_l2/trade_date=2026-07-17/exchange=NSE/symbol=LT/part-081813_454754-037140.parquet,real_data_sample\l2_unseen_validation\trade_date=2026-07-17\exchange=NSE\symbol=LT\part-081813_454754-037140.parquet,35834,downloaded,35834,
2026-07-17,NSE,LT,raw_l2/trade_date=2026-07-17/exchange=NSE/symbol=LT/part-081856_424081-037236.parquet,real_data_sample\l2_unseen_validation\trade_date=2026-07-17\exchange=NSE\symbol=LT\part-081856_424081-037236.parquet,35616,downloaded,35616,
2026-07-17,NSE,LT,raw_l2/trade_date=2026-07-17/exchange=NSE/symbol=LT/part-082217_036405-037684.parquet,real_data_sample\l2_unseen_validation\trade_date=2026-07-17\exchange=NSE\symbol=LT\part-082217_036405-037684.parquet,35676,downloaded,35676,
2026-07-17,NSE,LT,raw_l2/trade_date=2026-07-17/exchange=NSE/symbol=LT/part-081827_629924-037172.parquet,real_data_sample\l2_unseen_validation\trade_date=2026-07-17\exchange=NSE\symbol=LT\part-081827_629924-037172.parquet,35634,downloaded,35634,
2026-07-17,NSE,LT,raw_l2/trade_date=2026-07-17/exchange=NSE/symbol=LT/part-081910_401650-037268.parquet,real_data_sample\l2_unseen_validation\trade_date=2026-07-17\exchange=NSE\symbol=LT\part-081910_401650-037268.parquet,35477,downloaded,35477,
2026-07-17,NSE,LT,raw_l2/trade_date=2026-07-17/exchange=NSE/symbol=LT/part-082105_749892-037524.parquet,real_data_sample\l2_unseen_validation\trade_date=2026-07-17\exchange=NSE\symbol=LT\part-082105_749892-037524.parquet,35261,downloaded,35261,
2026-07-17,NSE,LT,raw_l2/trade_date=2026-07-17/exchange=NSE/symbol=LT/part-082231_110331-037716.parquet,real_data_sample\l2_unseen_validation\trade_date=2026-07-17\exchange=NSE\symbol=LT\part-082231_110331-037716.parquet,36040,downloaded,36040,
2026-07-17,NSE,LT,raw_l2/trade_date=2026-07-17/exchange=NSE/symbol=LT/part-082134_508313-037588.parquet,real_data_sample\l2_unseen_validation\trade_date=2026-07-17\exchange=NSE\symbol=LT\part-082134_508313-037588.parquet,36018,downloaded,36018,
2026-07-17,NSE,LT,raw_l2/trade_date=2026-07-17/exchange=NSE/symbol=LT/part-082035_918716-037460.parquet,real_data_sample\l2_unseen_validation\trade_date=2026-07-17\exchange=NSE\symbol=LT\part-082035_918716-037460.parquet,35689,downloaded,35689,
2026-07-17,NSE,LT,raw_l2/trade_date=2026-07-17/exchange=NSE/symbol=LT/part-082120_224288-037556.parquet,real_data_sample\l2_unseen_validation\trade_date=2026-07-17\exchange=NSE\symbol=LT\part-082120_224288-037556.parquet,35907,downloaded,35907,
2026-07-17,NSE,LT,raw_l2/trade_date=2026-07-17/exchange=NSE/symbol=LT/part-082148_615469-037620.parquet,real_data_sample\l2_unseen_validation\trade_date=2026-07-17\exchange=NSE\symbol=LT\part-082148_615469-037620.parquet,36288,downloaded,36288,
2026-07-17,NSE,LT,raw_l2/trade_date=2026-07-17/exchange=NSE/symbol=LT/part-082202_945565-037652.parquet,real_data_sample\l2_unseen_validation\trade_date=2026-07-17\exchange=NSE\symbol=LT\part-082202_945565-037652.parquet,35741,downloaded,35741,
2026-07-17,NSE,LT,raw_l2/trade_date=2026-07-17/exchange=NSE/symbol=LT/part-081924_763210-037300.parquet,real_data_sample\l2_unseen_validation\trade_date=2026-07-17\exchange=NSE\symbol=LT\part-081924_763210-037300.parquet,34953,downloaded,34953,
2026-07-17,NSE,LT,raw_l2/trade_date=2026-07-17/exchange=NSE/symbol=LT/part-082021_715597-037428.parquet,real_data_sample\l2_unseen_validation\trade_date=2026-07-17\exchange=NSE\symbol=LT\part-082021_715597-037428.parquet,35554,downloaded,35554,
2026-07-17,NSE,LT,raw_l2/trade_date=2026-07-17/exchange=NSE/symbol=LT/part-081939_130823-037332.parquet,real_data_sample\l2_unseen_validation\trade_date=2026-07-17\exchange=NSE\symbol=LT\part-081939_130823-037332.parquet,34941,downloaded,34941,
2026-07-17,NSE,LT,raw_l2/trade_date=2026-07-17/exchange=NSE/symbol=LT/part-081633_103867-036916.parquet,real_data_sample\l2_unseen_validation\trade_date=2026-07-17\exchange=NSE\symbol=LT\part-081633_103867-036916.parquet,34910,downloaded,34910,
2026-07-17,NSE,LT,raw_l2/trade_date=2026-07-17/exchange=NSE/symbol=LT/part-082245_337028-037748.parquet,real_data_sample\l2_unseen_validation\trade_date=2026-07-17\exchange=NSE\symbol=LT\part-082245_337028-037748.parquet,35933,downloaded,35933,
2026-07-17,NSE,LT,raw_l2/trade_date=2026-07-17/exchange=NSE/symbol=LT/part-080040_643974-034804.parquet,real_data_sample\l2_unseen_validation\trade_date=2026-07-17\exchange=NSE\symbol=LT\part-080040_643974-034804.parquet,36282,downloaded,36282,
2026-07-17,NSE,LT,raw_l2/trade_date=2026-07-17/exchange=NSE/symbol=LT/part-080333_104593-035188.parquet,real_data_sample\l2_unseen_validation\trade_date=2026-07-17\exchange=NSE\symbol=LT\part-080333_104593-035188.parquet,35362,downloaded,35362,
2026-07-17,NSE,LT,raw_l2/trade_date=2026-07-17/exchange=NSE/symbol=LT/part-082259_458306-037780.parquet,real_data_sample\l2_unseen_validation\trade_date=2026-07-17\exchange=NSE\symbol=LT\part-082259_458306-037780.parquet,35892,downloaded,35892,
2026-07-17,NSE,LT,raw_l2/trade_date=2026-07-17/exchange=NSE/symbol=LT/part-080402_439821-035252.parquet,real_data_sample\l2_unseen_validation\trade_date=2026-07-17\exchange=NSE\symbol=LT\part-080402_439821-035252.parquet,35769,downloaded,35769,
2026-07-17,NSE,LT,raw_l2/trade_date=2026-07-17/exchange=NSE/symbol=LT/part-080206_765328-034996.parquet,real_data_sample\l2_unseen_validation\trade_date=2026-07-17\exchange=NSE\symbol=LT\part-080206_765328-034996.parquet,35614,downloaded,35614,
2026-07-17,NSE,LT,raw_l2/trade_date=2026-07-17/exchange=NSE/symbol=LT/part-082314_060421-037812.parquet,real_data_sample\l2_unseen_validation\trade_date=2026-07-17\exchange=NSE\symbol=LT\part-082314_060421-037812.parquet,35884,downloaded,35884,
2026-07-17,NSE,LT,raw_l2/trade_date=2026-07-17/exchange=NSE/symbol=LT/part-082342_251807-037876.parquet,real_data_sample\l2_unseen_validation\trade_date=2026-07-17\exchange=NSE\symbol=LT\part-082342_251807-037876.parquet,35852,downloaded,35852,
2026-07-17,NSE,LT,raw_l2/trade_date=2026-07-17/exchange=NSE/symbol=LT/part-081842_384380-037204.parquet,real_data_sample\l2_unseen_validation\trade_date=2026-07-17\exchange=NSE\symbol=LT\part-081842_384380-037204.parquet,35929,downloaded,35929,
2026-07-17,NSE,LT,raw_l2/trade_date=2026-07-17/exchange=NSE/symbol=LT/part-080433_265439-035316.parquet,real_data_sample\l2_unseen_validation\trade_date=2026-07-17\exchange=NSE\symbol=LT\part-080433_265439-035316.parquet,35527,downloaded,35527,
2026-07-17,NSE,LT,raw_l2/trade_date=2026-07-17/exchange=NSE/symbol=LT/part-082438_632769-038004.parquet,real_data_sample\l2_unseen_validation\trade_date=2026-07-17\exchange=NSE\symbol=LT\part-082438_632769-038004.parquet,35874,downloaded,35874,
2026-07-17,NSE,LT,raw_l2/trade_date=2026-07-17/exchange=NSE/symbol=LT/part-081953_365826-037364.parquet,real_data_sample\l2_unseen_validation\trade_date=2026-07-17\exchange=NSE\symbol=LT\part-081953_365826-037364.parquet,34919,downloaded,34919,
2026-07-17,NSE,LT,raw_l2/trade_date=2026-07-17/exchange=NSE/symbol=LT/part-082328_249892-037844.parquet,real_data_sample\l2_unseen_validation\trade_date=2026-07-17\exchange=NSE\symbol=LT\part-082328_249892-037844.parquet,36060,downloaded,36060,
2026-07-17,NSE,LT,raw_l2/trade_date=2026-07-17/exchange=NSE/symbol=LT/part-082604_205282-038196.parquet,real_data_sample\l2_unseen_validation\trade_date=2026-07-17\exchange=NSE\symbol=LT\part-082604_205282-038196.parquet,35927,downloaded,35927,
2026-07-17,NSE,LT,raw_l2/trade_date=2026-07-17/exchange=NSE/symbol=LT/part-082549_823965-038164.parquet,real_data_sample\l2_unseen_validation\trade_date=2026-07-17\exchange=NSE\symbol=LT\part-082549_823965-038164.parquet,36157,downloaded,36157,
2026-07-17,NSE,LT,raw_l2/trade_date=2026-07-17/exchange=NSE/symbol=LT/part-082632_974235-038260.parquet,real_data_sample\l2_unseen_validation\trade_date=2026-07-17\exchange=NSE\symbol=LT\part-082632_974235-038260.parquet,35872,downloaded,35872,
2026-07-17,NSE,LT,raw_l2/trade_date=2026-07-17/exchange=NSE/symbol=LT/part-082618_472797-038228.parquet,real_data_sample\l2_unseen_validation\trade_date=2026-07-17\exchange=NSE\symbol=LT\part-082618_472797-038228.parquet,35743,downloaded,35743,
2026-07-17,NSE,LT,raw_l2/trade_date=2026-07-17/exchange=NSE/symbol=LT/part-080304_441464-035124.parquet,real_data_sample\l2_unseen_validation\trade_date=2026-07-17\exchange=NSE\symbol=LT\part-080304_441464-035124.parquet,35541,downloaded,35541,
2026-07-17,NSE,LT,raw_l2/trade_date=2026-07-17/exchange=NSE/symbol=LT/part-082506_901505-038068.parquet,real_data_sample\l2_unseen_validation\trade_date=2026-07-17\exchange=NSE\symbol=LT\part-082506_901505-038068.parquet,36032,downloaded,36032,
2026-07-17,NSE,LT,raw_l2/trade_date=2026-07-17/exchange=NSE/symbol=LT/part-082452_864710-038036.parquet,real_data_sample\l2_unseen_validation\trade_date=2026-07-17\exchange=NSE\symbol=LT\part-082452_864710-038036.parquet,36024,downloaded,36024,
2026-07-17,NSE,LT,raw_l2/trade_date=2026-07-17/exchange=NSE/symbol=LT/part-082410_445903-037940.parquet,real_data_sample\l2_unseen_validation\trade_date=2026-07-17\exchange=NSE\symbol=LT\part-082410_445903-037940.parquet,36041,downloaded,36041,
2026-07-17,NSE,LT,raw_l2/trade_date=2026-07-17/exchange=NSE/symbol=LT/part-082521_014797-038100.parquet,real_data_sample\l2_unseen_validation\trade_date=2026-07-17\exchange=NSE\symbol=LT\part-082521_014797-038100.parquet,36063,downloaded,36063,
2026-07-17,NSE,LT,raw_l2/trade_date=2026-07-17/exchange=NSE/symbol=LT/part-082424_703594-037972.parquet,real_data_sample\l2_unseen_validation\trade_date=2026-07-17\exchange=NSE\symbol=LT\part-082424_703594-037972.parquet,35863,downloaded,35863,
2026-07-17,NSE,LT,raw_l2/trade_date=2026-07-17/exchange=NSE/symbol=LT/part-082356_347746-037908.parquet,real_data_sample\l2_unseen_validation\trade_date=2026-07-17\exchange=NSE\symbol=LT\part-082356_347746-037908.parquet,35431,downloaded,35431,
2026-07-17,NSE,LT,raw_l2/trade_date=2026-07-17/exchange=NSE/symbol=LT/part-082647_073348-038292.parquet,real_data_sample\l2_unseen_validation\trade_date=2026-07-17\exchange=NSE\symbol=LT\part-082647_073348-038292.parquet,36350,downloaded,36350,
2026-07-17,NSE,LT,raw_l2/trade_date=2026-07-17/exchange=NSE/symbol=LT/part-082535_288010-038132.parquet,real_data_sample\l2_unseen_validation\trade_date=2026-07-17\exchange=NSE\symbol=LT\part-082535_288010-038132.parquet,36275,downloaded,36275,
2026-07-17,NSE,LT,raw_l2/trade_date=2026-07-17/exchange=NSE/symbol=LT/part-080235_486457-035060.parquet,real_data_sample\l2_unseen_validation\trade_date=2026-07-17\exchange=NSE\symbol=LT\part-080235_486457-035060.parquet,35764,downloaded,35764,
2026-07-17,NSE,LT,raw_l2/trade_date=2026-07-17/exchange=NSE/symbol=LT/part-080503_153821-035380.parquet,real_data_sample\l2_unseen_validation\trade_date=2026-07-17\exchange=NSE\symbol=LT\part-080503_153821-035380.parquet,35561,downloaded,35561,
2026-07-17,NSE,LT,raw_l2/trade_date=2026-07-17/exchange=NSE/symbol=LT/part-080220_845611-035028.parquet,real_data_sample\l2_unseen_validation\trade_date=2026-07-17\exchange=NSE\symbol=LT\part-080220_845611-035028.parquet,36398,downloaded,36398,
2026-07-17,NSE,LT,raw_l2/trade_date=2026-07-17/exchange=NSE/symbol=LT/part-082701_129069-038324.parquet,real_data_sample\l2_unseen_validation\trade_date=2026-07-17\exchange=NSE\symbol=LT\part-082701_129069-038324.parquet,35878,downloaded,35878,
2026-07-17,NSE,LT,raw_l2/trade_date=2026-07-17/exchange=NSE/symbol=LT/part-082729_628722-038388.parquet,real_data_sample\l2_unseen_validation\trade_date=2026-07-17\exchange=NSE\symbol=LT\part-082729_628722-038388.parquet,36241,downloaded,36241,
2026-07-17,NSE,LT,raw_l2/trade_date=2026-07-17/exchange=NSE/symbol=LT/part-082812_876738-038484.parquet,real_data_sample\l2_unseen_validation\trade_date=2026-07-17\exchange=NSE\symbol=LT\part-082812_876738-038484.parquet,36330,downloaded,36330,
2026-07-17,NSE,LT,raw_l2/trade_date=2026-07-17/exchange=NSE/symbol=LT/part-080517_534827-035412.parquet,real_data_sample\l2_unseen_validation\trade_date=2026-07-17\exchange=NSE\symbol=LT\part-080517_534827-035412.parquet,35122,downloaded,35122,
2026-07-17,NSE,LT,raw_l2/trade_date=2026-07-17/exchange=NSE/symbol=LT/part-082910_891087-038612.parquet,real_data_sample\l2_unseen_validation\trade_date=2026-07-17\exchange=NSE\symbol=LT\part-082910_891087-038612.parquet,35799,downloaded,35799,
2026-07-17,NSE,LT,raw_l2/trade_date=2026-07-17/exchange=NSE/symbol=LT/part-082841_832881-038548.parquet,real_data_sample\l2_unseen_validation\trade_date=2026-07-17\exchange=NSE\symbol=LT\part-082841_832881-038548.parquet,36179,downloaded,36179,
2026-07-17,NSE,LT,raw_l2/trade_date=2026-07-17/exchange=NSE/symbol=LT/part-082758_302981-038452.parquet,real_data_sample\l2_unseen_validation\trade_date=2026-07-17\exchange=NSE\symbol=LT\part-082758_302981-038452.parquet,36309,downloaded,36309,
2026-07-17,NSE,LT,raw_l2/trade_date=2026-07-17/exchange=NSE/symbol=LT/part-082827_415130-038516.parquet,real_data_sample\l2_unseen_validation\trade_date=2026-07-17\exchange=NSE\symbol=LT\part-082827_415130-038516.parquet,36282,downloaded,36282,
2026-07-17,NSE,LT,raw_l2/trade_date=2026-07-17/exchange=NSE/symbol=LT/part-082939_826468-038676.parquet,real_data_sample\l2_unseen_validation\trade_date=2026-07-17\exchange=NSE\symbol=LT\part-082939_826468-038676.parquet,35790,downloaded,35790,
2026-07-17,NSE,LT,raw_l2/trade_date=2026-07-17/exchange=NSE/symbol=LT/part-082925_398900-038644.parquet,real_data_sample\l2_unseen_validation\trade_date=2026-07-17\exchange=NSE\symbol=LT\part-082925_398900-038644.parquet,35969,downloaded,35969,
2026-07-17,NSE,LT,raw_l2/trade_date=2026-07-17/exchange=NSE/symbol=LT/part-080416_847531-035284.parquet,real_data_sample\l2_unseen_validation\trade_date=2026-07-17\exchange=NSE\symbol=LT\part-080416_847531-035284.parquet,35598,downloaded,35598,
2026-07-17,NSE,LT,raw_l2/trade_date=2026-07-17/exchange=NSE/symbol=LT/part-083009_121795-038740.parquet,real_data_sample\l2_unseen_validation\trade_date=2026-07-17\exchange=NSE\symbol=LT\part-083009_121795-038740.parquet,36272,downloaded,36272,
2026-07-17,NSE,LT,raw_l2/trade_date=2026-07-17/exchange=NSE/symbol=LT/part-082954_373342-038708.parquet,real_data_sample\l2_unseen_validation\trade_date=2026-07-17\exchange=NSE\symbol=LT\part-082954_373342-038708.parquet,35990,downloaded,35990,
2026-07-17,NSE,LT,raw_l2/trade_date=2026-07-17/exchange=NSE/symbol=LT/part-083136_276812-038932.parquet,real_data_sample\l2_unseen_validation\trade_date=2026-07-17\exchange=NSE\symbol=LT\part-083136_276812-038932.parquet,35060,downloaded,35060,
2026-07-17,NSE,LT,raw_l2/trade_date=2026-07-17/exchange=NSE/symbol=LT/part-083219_712087-039028.parquet,real_data_sample\l2_unseen_validation\trade_date=2026-07-17\exchange=NSE\symbol=LT\part-083219_712087-039028.parquet,35501,downloaded,35501,
2026-07-17,NSE,LT,raw_l2/trade_date=2026-07-17/exchange=NSE/symbol=LT/part-083204_960922-038996.parquet,real_data_sample\l2_unseen_validation\trade_date=2026-07-17\exchange=NSE\symbol=LT\part-083204_960922-038996.parquet,34701,downloaded,34701,
2026-07-17,NSE,LT,raw_l2/trade_date=2026-07-17/exchange=NSE/symbol=LT/part-083234_401683-039060.parquet,real_data_sample\l2_unseen_validation\trade_date=2026-07-17\exchange=NSE\symbol=LT\part-083234_401683-039060.parquet,36080,downloaded,36080,
2026-07-17,NSE,LT,raw_l2/trade_date=2026-07-17/exchange=NSE/symbol=LT/part-083332_565384-039188.parquet,real_data_sample\l2_unseen_validation\trade_date=2026-07-17\exchange=NSE\symbol=LT\part-083332_565384-039188.parquet,35828,downloaded,35828,
2026-07-17,NSE,LT,raw_l2/trade_date=2026-07-17/exchange=NSE/symbol=LT/part-083106_653808-038868.parquet,real_data_sample\l2_unseen_validation\trade_date=2026-07-17\exchange=NSE\symbol=LT\part-083106_653808-038868.parquet,36242,downloaded,36242,
2026-07-17,NSE,LT,raw_l2/trade_date=2026-07-17/exchange=NSE/symbol=LT/part-083052_193417-038836.parquet,real_data_sample\l2_unseen_validation\trade_date=2026-07-17\exchange=NSE\symbol=LT\part-083052_193417-038836.parquet,36258,downloaded,36258,
2026-07-17,NSE,LT,raw_l2/trade_date=2026-07-17/exchange=NSE/symbol=LT/part-083121_582767-038900.parquet,real_data_sample\l2_unseen_validation\trade_date=2026-07-17\exchange=NSE\symbol=LT\part-083121_582767-038900.parquet,35330,downloaded,35330,
2026-07-17,NSE,LT,raw_l2/trade_date=2026-07-17/exchange=NSE/symbol=LT/part-083037_774540-038804.parquet,real_data_sample\l2_unseen_validation\trade_date=2026-07-17\exchange=NSE\symbol=LT\part-083037_774540-038804.parquet,35858,downloaded,35858,
2026-07-17,NSE,LT,raw_l2/trade_date=2026-07-17/exchange=NSE/symbol=LT/part-083150_694546-038964.parquet,real_data_sample\l2_unseen_validation\trade_date=2026-07-17\exchange=NSE\symbol=LT\part-083150_694546-038964.parquet,34918,downloaded,34918,
2026-07-17,NSE,LT,raw_l2/trade_date=2026-07-17/exchange=NSE/symbol=LT/part-083023_474594-038772.parquet,real_data_sample\l2_unseen_validation\trade_date=2026-07-17\exchange=NSE\symbol=LT\part-083023_474594-038772.parquet,35876,downloaded,35876,
2026-07-17,NSE,LT,raw_l2/trade_date=2026-07-17/exchange=NSE/symbol=LT/part-083249_029528-039092.parquet,real_data_sample\l2_unseen_validation\trade_date=2026-07-17\exchange=NSE\symbol=LT\part-083249_029528-039092.parquet,35622,downloaded,35622,
2026-07-17,NSE,LT,raw_l2/trade_date=2026-07-17/exchange=NSE/symbol=LT/part-082743_944040-038420.parquet,real_data_sample\l2_unseen_validation\trade_date=2026-07-17\exchange=NSE\symbol=LT\part-082743_944040-038420.parquet,36178,downloaded,36178,
2026-07-17,NSE,LT,raw_l2/trade_date=2026-07-17/exchange=NSE/symbol=LT/part-082715_572100-038356.parquet,real_data_sample\l2_unseen_validation\trade_date=2026-07-17\exchange=NSE\symbol=LT\part-082715_572100-038356.parquet,36455,downloaded,36455,
2026-07-17,NSE,LT,raw_l2/trade_date=2026-07-17/exchange=NSE/symbol=LT/part-083346_742001-039220.parquet,real_data_sample\l2_unseen_validation\trade_date=2026-07-17\exchange=NSE\symbol=LT\part-083346_742001-039220.parquet,36258,downloaded,36258,
2026-07-17,NSE,LT,raw_l2/trade_date=2026-07-17/exchange=NSE/symbol=LT/part-083401_279497-039252.parquet,real_data_sample\l2_unseen_validation\trade_date=2026-07-17\exchange=NSE\symbol=LT\part-083401_279497-039252.parquet,35982,downloaded,35982,
2026-07-17,NSE,LT,raw_l2/trade_date=2026-07-17/exchange=NSE/symbol=LT/part-083415_537602-039284.parquet,real_data_sample\l2_unseen_validation\trade_date=2026-07-17\exchange=NSE\symbol=LT\part-083415_537602-039284.parquet,35971,downloaded,35971,
2026-07-17,NSE,LT,raw_l2/trade_date=2026-07-17/exchange=NSE/symbol=LT/part-083429_729093-039316.parquet,real_data_sample\l2_unseen_validation\trade_date=2026-07-17\exchange=NSE\symbol=LT\part-083429_729093-039316.parquet,35931,downloaded,35931,
2026-07-17,NSE,LT,raw_l2/trade_date=2026-07-17/exchange=NSE/symbol=LT/part-084041_017741-040148.parquet,real_data_sample\l2_unseen_validation\trade_date=2026-07-17\exchange=NSE\symbol=LT\part-084041_017741-040148.parquet,35971,downloaded,35971,
2026-07-17,NSE,LT,raw_l2/trade_date=2026-07-17/exchange=NSE/symbol=LT/part-082856_237137-038580.parquet,real_data_sample\l2_unseen_validation\trade_date=2026-07-17\exchange=NSE\symbol=LT\part-082856_237137-038580.parquet,36167,downloaded,36167,
2026-07-17,NSE,LT,raw_l2/trade_date=2026-07-17/exchange=NSE/symbol=LT/part-083303_584488-039124.parquet,real_data_sample\l2_unseen_validation\trade_date=2026-07-17\exchange=NSE\symbol=LT\part-083303_584488-039124.parquet,36638,downloaded,36638,
2026-07-17,NSE,LT,raw_l2/trade_date=2026-07-17/exchange=NSE/symbol=LT/part-083318_248822-039156.parquet,real_data_sample\l2_unseen_validation\trade_date=2026-07-17\exchange=NSE\symbol=LT\part-083318_248822-039156.parquet,36258,downloaded,36258,
2026-07-17,NSE,LT,raw_l2/trade_date=2026-07-17/exchange=NSE/symbol=LT/part-083943_768271-040020.parquet,real_data_sample\l2_unseen_validation\trade_date=2026-07-17\exchange=NSE\symbol=LT\part-083943_768271-040020.parquet,35759,downloaded,35759,
2026-07-17,NSE,LT,raw_l2/trade_date=2026-07-17/exchange=NSE/symbol=LT/part-084026_619033-040116.parquet,real_data_sample\l2_unseen_validation\trade_date=2026-07-17\exchange=NSE\symbol=LT\part-084026_619033-040116.parquet,36146,downloaded,36146,
2026-07-17,NSE,LT,raw_l2/trade_date=2026-07-17/exchange=NSE/symbol=LT/part-083958_043682-040052.parquet,real_data_sample\l2_unseen_validation\trade_date=2026-07-17\exchange=NSE\symbol=LT\part-083958_043682-040052.parquet,35838,downloaded,35838,
2026-07-17,NSE,LT,raw_l2/trade_date=2026-07-17/exchange=NSE/symbol=LT/part-083527_065553-039444.parquet,real_data_sample\l2_unseen_validation\trade_date=2026-07-17\exchange=NSE\symbol=LT\part-083527_065553-039444.parquet,35710,downloaded,35710,
2026-07-17,NSE,LT,raw_l2/trade_date=2026-07-17/exchange=NSE/symbol=LT/part-084012_430645-040084.parquet,real_data_sample\l2_unseen_validation\trade_date=2026-07-17\exchange=NSE\symbol=LT\part-084012_430645-040084.parquet,35669,downloaded,35669,
2026-07-17,NSE,LT,raw_l2/trade_date=2026-07-17/exchange=NSE/symbol=LT/part-083720_642514-039700.parquet,real_data_sample\l2_unseen_validation\trade_date=2026-07-17\exchange=NSE\symbol=LT\part-083720_642514-039700.parquet,35561,downloaded,35561,
2026-07-17,NSE,LT,raw_l2/trade_date=2026-07-17/exchange=NSE/symbol=LT/part-083846_381750-039892.parquet,real_data_sample\l2_unseen_validation\trade_date=2026-07-17\exchange=NSE\symbol=LT\part-083846_381750-039892.parquet,35880,downloaded,35880,
2026-07-17,NSE,LT,raw_l2/trade_date=2026-07-17/exchange=NSE/symbol=LT/part-083652_447541-039636.parquet,real_data_sample\l2_unseen_validation\trade_date=2026-07-17\exchange=NSE\symbol=LT\part-083652_447541-039636.parquet,34935,downloaded,34935,
2026-07-17,NSE,LT,raw_l2/trade_date=2026-07-17/exchange=NSE/symbol=LT/part-083706_562238-039668.parquet,real_data_sample\l2_unseen_validation\trade_date=2026-07-17\exchange=NSE\symbol=LT\part-083706_562238-039668.parquet,35013,downloaded,35013,
2026-07-17,NSE,LT,raw_l2/trade_date=2026-07-17/exchange=NSE/symbol=LT/part-083458_677162-039380.parquet,real_data_sample\l2_unseen_validation\trade_date=2026-07-17\exchange=NSE\symbol=LT\part-083458_677162-039380.parquet,36028,downloaded,36028,
2026-07-17,NSE,LT,raw_l2/trade_date=2026-07-17/exchange=NSE/symbol=LT/part-083638_151346-039604.parquet,real_data_sample\l2_unseen_validation\trade_date=2026-07-17\exchange=NSE\symbol=LT\part-083638_151346-039604.parquet,34975,downloaded,34975,
2026-07-17,NSE,LT,raw_l2/trade_date=2026-07-17/exchange=NSE/symbol=LT/part-084055_599674-040180.parquet,real_data_sample\l2_unseen_validation\trade_date=2026-07-17\exchange=NSE\symbol=LT\part-084055_599674-040180.parquet,35860,downloaded,35860,
2026-07-17,NSE,LT,raw_l2/trade_date=2026-07-17/exchange=NSE/symbol=LT/part-083512_884414-039412.parquet,real_data_sample\l2_unseen_validation\trade_date=2026-07-17\exchange=NSE\symbol=LT\part-083512_884414-039412.parquet,35960,downloaded,35960,
2026-07-17,NSE,LT,raw_l2/trade_date=2026-07-17/exchange=NSE/symbol=LT/part-083444_197531-039348.parquet,real_data_sample\l2_unseen_validation\trade_date=2026-07-17\exchange=NSE\symbol=LT\part-083444_197531-039348.parquet,35985,downloaded,35985,
2026-07-17,NSE,LT,raw_l2/trade_date=2026-07-17/exchange=NSE/symbol=LT/part-083555_340011-039508.parquet,real_data_sample\l2_unseen_validation\trade_date=2026-07-17\exchange=NSE\symbol=LT\part-083555_340011-039508.parquet,35910,downloaded,35910,
2026-07-17,NSE,LT,raw_l2/trade_date=2026-07-17/exchange=NSE/symbol=LT/part-083915_075264-039956.parquet,real_data_sample\l2_unseen_validation\trade_date=2026-07-17\exchange=NSE\symbol=LT\part-083915_075264-039956.parquet,35937,downloaded,35937,
2026-07-17,NSE,LT,raw_l2/trade_date=2026-07-17/exchange=NSE/symbol=LT/part-083623_902533-039572.parquet,real_data_sample\l2_unseen_validation\trade_date=2026-07-17\exchange=NSE\symbol=LT\part-083623_902533-039572.parquet,35058,downloaded,35058,
2026-07-17,NSE,LT,raw_l2/trade_date=2026-07-17/exchange=NSE/symbol=LT/part-083541_171103-039476.parquet,real_data_sample\l2_unseen_validation\trade_date=2026-07-17\exchange=NSE\symbol=LT\part-083541_171103-039476.parquet,35034,downloaded,35034,
2026-07-17,NSE,LT,raw_l2/trade_date=2026-07-17/exchange=NSE/symbol=LT/part-083929_552660-039988.parquet,real_data_sample\l2_unseen_validation\trade_date=2026-07-17\exchange=NSE\symbol=LT\part-083929_552660-039988.parquet,35991,downloaded,35991,
2026-07-17,NSE,LT,raw_l2/trade_date=2026-07-17/exchange=NSE/symbol=LT/part-083900_764381-039924.parquet,real_data_sample\l2_unseen_validation\trade_date=2026-07-17\exchange=NSE\symbol=LT\part-083900_764381-039924.parquet,35675,downloaded,35675,
2026-07-17,NSE,LT,raw_l2/trade_date=2026-07-17/exchange=NSE/symbol=LT/part-083734_920861-039732.parquet,real_data_sample\l2_unseen_validation\trade_date=2026-07-17\exchange=NSE\symbol=LT\part-083734_920861-039732.parquet,35737,downloaded,35737,
2026-07-17,NSE,LT,raw_l2/trade_date=2026-07-17/exchange=NSE/symbol=LT/part-083817_749227-039828.parquet,real_data_sample\l2_unseen_validation\trade_date=2026-07-17\exchange=NSE\symbol=LT\part-083817_749227-039828.parquet,35638,downloaded,35638,
2026-07-17,NSE,LT,raw_l2/trade_date=2026-07-17/exchange=NSE/symbol=LT/part-083832_151403-039860.parquet,real_data_sample\l2_unseen_validation\trade_date=2026-07-17\exchange=NSE\symbol=LT\part-083832_151403-039860.parquet,35582,downloaded,35582,
2026-07-17,NSE,LT,raw_l2/trade_date=2026-07-17/exchange=NSE/symbol=LT/part-083803_605617-039796.parquet,real_data_sample\l2_unseen_validation\trade_date=2026-07-17\exchange=NSE\symbol=LT\part-083803_605617-039796.parquet,35867,downloaded,35867,
2026-07-17,NSE,LT,raw_l2/trade_date=2026-07-17/exchange=NSE/symbol=LT/part-083749_176919-039764.parquet,real_data_sample\l2_unseen_validation\trade_date=2026-07-17\exchange=NSE\symbol=LT\part-083749_176919-039764.parquet,36001,downloaded,36001,
2026-07-17,NSE,LT,raw_l2/trade_date=2026-07-17/exchange=NSE/symbol=LT/part-084109_608330-040212.parquet,real_data_sample\l2_unseen_validation\trade_date=2026-07-17\exchange=NSE\symbol=LT\part-084109_608330-040212.parquet,35877,downloaded,35877,
2026-07-17,NSE,LT,raw_l2/trade_date=2026-07-17/exchange=NSE/symbol=LT/part-084250_218025-040436.parquet,real_data_sample\l2_unseen_validation\trade_date=2026-07-17\exchange=NSE\symbol=LT\part-084250_218025-040436.parquet,35928,downloaded,35928,
2026-07-17,NSE,LT,raw_l2/trade_date=2026-07-17/exchange=NSE/symbol=LT/part-084708_888677-041012.parquet,real_data_sample\l2_unseen_validation\trade_date=2026-07-17\exchange=NSE\symbol=LT\part-084708_888677-041012.parquet,35964,downloaded,35964,
2026-07-17,NSE,LT,raw_l2/trade_date=2026-07-17/exchange=NSE/symbol=LT/part-084654_736676-040980.parquet,real_data_sample\l2_unseen_validation\trade_date=2026-07-17\exchange=NSE\symbol=LT\part-084654_736676-040980.parquet,36295,downloaded,36295,
2026-07-17,NSE,LT,raw_l2/trade_date=2026-07-17/exchange=NSE/symbol=LT/part-082007_377732-037396.parquet,real_data_sample\l2_unseen_validation\trade_date=2026-07-17\exchange=NSE\symbol=LT\part-082007_377732-037396.parquet,34751,downloaded,34751,
2026-07-17,NSE,LT,raw_l2/trade_date=2026-07-17/exchange=NSE/symbol=LT/part-084221_488727-040372.parquet,real_data_sample\l2_unseen_validation\trade_date=2026-07-17\exchange=NSE\symbol=LT\part-084221_488727-040372.parquet,35737,downloaded,35737,
2026-07-17,NSE,LT,raw_l2/trade_date=2026-07-17/exchange=NSE/symbol=LT/part-084723_118125-041044.parquet,real_data_sample\l2_unseen_validation\trade_date=2026-07-17\exchange=NSE\symbol=LT\part-084723_118125-041044.parquet,36243,downloaded,36243,
2026-07-17,NSE,LT,raw_l2/trade_date=2026-07-17/exchange=NSE/symbol=LT/part-084318_871790-040500.parquet,real_data_sample\l2_unseen_validation\trade_date=2026-07-17\exchange=NSE\symbol=LT\part-084318_871790-040500.parquet,36180,downloaded,36180,
2026-07-17,NSE,LT,raw_l2/trade_date=2026-07-17/exchange=NSE/symbol=LT/part-084235_741586-040404.parquet,real_data_sample\l2_unseen_validation\trade_date=2026-07-17\exchange=NSE\symbol=LT\part-084235_741586-040404.parquet,36185,downloaded,36185,
2026-07-17,NSE,LT,raw_l2/trade_date=2026-07-17/exchange=NSE/symbol=LT/part-084557_397245-040852.parquet,real_data_sample\l2_unseen_validation\trade_date=2026-07-17\exchange=NSE\symbol=LT\part-084557_397245-040852.parquet,36462,downloaded,36462,
2026-07-17,NSE,LT,raw_l2/trade_date=2026-07-17/exchange=NSE/symbol=LT/part-084138_259509-040276.parquet,real_data_sample\l2_unseen_validation\trade_date=2026-07-17\exchange=NSE\symbol=LT\part-084138_259509-040276.parquet,35829,downloaded,35829,
2026-07-17,NSE,LT,raw_l2/trade_date=2026-07-17/exchange=NSE/symbol=LT/part-084304_402081-040468.parquet,real_data_sample\l2_unseen_validation\trade_date=2026-07-17\exchange=NSE\symbol=LT\part-084304_402081-040468.parquet,35818,downloaded,35818,
2026-07-17,NSE,LT,raw_l2/trade_date=2026-07-17/exchange=NSE/symbol=LT/part-084751_680847-041108.parquet,real_data_sample\l2_unseen_validation\trade_date=2026-07-17\exchange=NSE\symbol=LT\part-084751_680847-041108.parquet,36124,downloaded,36124,
2026-07-17,NSE,LT,raw_l2/trade_date=2026-07-17/exchange=NSE/symbol=LT/part-084333_314656-040532.parquet,real_data_sample\l2_unseen_validation\trade_date=2026-07-17\exchange=NSE\symbol=LT\part-084333_314656-040532.parquet,36201,downloaded,36201,
2026-07-17,NSE,LT,raw_l2/trade_date=2026-07-17/exchange=NSE/symbol=LT/part-084347_752048-040564.parquet,real_data_sample\l2_unseen_validation\trade_date=2026-07-17\exchange=NSE\symbol=LT\part-084347_752048-040564.parquet,36030,downloaded,36030,
2026-07-17,NSE,LT,raw_l2/trade_date=2026-07-17/exchange=NSE/symbol=LT/part-084207_006147-040340.parquet,real_data_sample\l2_unseen_validation\trade_date=2026-07-17\exchange=NSE\symbol=LT\part-084207_006147-040340.parquet,36107,downloaded,36107,
2026-07-17,NSE,LT,raw_l2/trade_date=2026-07-17/exchange=NSE/symbol=LT/part-084611_937064-040884.parquet,real_data_sample\l2_unseen_validation\trade_date=2026-07-17\exchange=NSE\symbol=LT\part-084611_937064-040884.parquet,36681,downloaded,36681,
2026-07-17,NSE,LT,raw_l2/trade_date=2026-07-17/exchange=NSE/symbol=LT/part-084445_434023-040692.parquet,real_data_sample\l2_unseen_validation\trade_date=2026-07-17\exchange=NSE\symbol=LT\part-084445_434023-040692.parquet,35496,downloaded,35496,
2026-07-17,NSE,LT,raw_l2/trade_date=2026-07-17/exchange=NSE/symbol=LT/part-084402_318782-040596.parquet,real_data_sample\l2_unseen_validation\trade_date=2026-07-17\exchange=NSE\symbol=LT\part-084402_318782-040596.parquet,36362,downloaded,36362,
2026-07-17,NSE,LT,raw_l2/trade_date=2026-07-17/exchange=NSE/symbol=LT/part-084152_684401-040308.parquet,real_data_sample\l2_unseen_validation\trade_date=2026-07-17\exchange=NSE\symbol=LT\part-084152_684401-040308.parquet,35890,downloaded,35890,
2026-07-17,NSE,LT,raw_l2/trade_date=2026-07-17/exchange=NSE/symbol=LT/part-084123_858678-040244.parquet,real_data_sample\l2_unseen_validation\trade_date=2026-07-17\exchange=NSE\symbol=LT\part-084123_858678-040244.parquet,35316,downloaded,35316,
2026-07-17,NSE,LT,raw_l2/trade_date=2026-07-17/exchange=NSE/symbol=LT/part-084514_312548-040756.parquet,real_data_sample\l2_unseen_validation\trade_date=2026-07-17\exchange=NSE\symbol=LT\part-084514_312548-040756.parquet,35436,downloaded,35436,
2026-07-17,NSE,LT,raw_l2/trade_date=2026-07-17/exchange=NSE/symbol=LT/part-084528_758356-040788.parquet,real_data_sample\l2_unseen_validation\trade_date=2026-07-17\exchange=NSE\symbol=LT\part-084528_758356-040788.parquet,36162,downloaded,36162,
2026-07-17,NSE,LT,raw_l2/trade_date=2026-07-17/exchange=NSE/symbol=LT/part-084431_118632-040660.parquet,real_data_sample\l2_unseen_validation\trade_date=2026-07-17\exchange=NSE\symbol=LT\part-084431_118632-040660.parquet,35939,downloaded,35939,
2026-07-17,NSE,LT,raw_l2/trade_date=2026-07-17/exchange=NSE/symbol=LT/part-084543_180607-040820.parquet,real_data_sample\l2_unseen_validation\trade_date=2026-07-17\exchange=NSE\symbol=LT\part-084543_180607-040820.parquet,36755,downloaded,36755,
2026-07-17,NSE,LT,raw_l2/trade_date=2026-07-17/exchange=NSE/symbol=LT/part-084459_880858-040724.parquet,real_data_sample\l2_unseen_validation\trade_date=2026-07-17\exchange=NSE\symbol=LT\part-084459_880858-040724.parquet,35983,downloaded,35983,
2026-07-17,NSE,LT,raw_l2/trade_date=2026-07-17/exchange=NSE/symbol=LT/part-084737_372869-041076.parquet,real_data_sample\l2_unseen_validation\trade_date=2026-07-17\exchange=NSE\symbol=LT\part-084737_372869-041076.parquet,36117,downloaded,36117,
2026-07-17,NSE,LT,raw_l2/trade_date=2026-07-17/exchange=NSE/symbol=LT/part-084416_692849-040628.parquet,real_data_sample\l2_unseen_validation\trade_date=2026-07-17\exchange=NSE\symbol=LT\part-084416_692849-040628.parquet,36434,downloaded,36434,
2026-07-17,NSE,LT,raw_l2/trade_date=2026-07-17/exchange=NSE/symbol=LT/part-084626_115953-040916.parquet,real_data_sample\l2_unseen_validation\trade_date=2026-07-17\exchange=NSE\symbol=LT\part-084626_115953-040916.parquet,36234,downloaded,36234,
2026-07-17,NSE,LT,raw_l2/trade_date=2026-07-17/exchange=NSE/symbol=LT/part-084640_469002-040948.parquet,real_data_sample\l2_unseen_validation\trade_date=2026-07-17\exchange=NSE\symbol=LT\part-084640_469002-040948.parquet,36273,downloaded,36273,
2026-07-17,NSE,LT,raw_l2/trade_date=2026-07-17/exchange=NSE/symbol=LT/part-084805_991154-041140.parquet,real_data_sample\l2_unseen_validation\trade_date=2026-07-17\exchange=NSE\symbol=LT\part-084805_991154-041140.parquet,36124,downloaded,36124,
2026-07-17,NSE,LT,raw_l2/trade_date=2026-07-17/exchange=NSE/symbol=LT/part-083609_551200-039540.parquet,real_data_sample\l2_unseen_validation\trade_date=2026-07-17\exchange=NSE\symbol=LT\part-083609_551200-039540.parquet,36120,downloaded,36120,
2026-07-17,NSE,LT,raw_l2/trade_date=2026-07-17/exchange=NSE/symbol=LT/part-084820_208428-041172.parquet,real_data_sample\l2_unseen_validation\trade_date=2026-07-17\exchange=NSE\symbol=LT\part-084820_208428-041172.parquet,36032,downloaded,36032,
2026-07-17,NSE,LT,raw_l2/trade_date=2026-07-17/exchange=NSE/symbol=LT/part-084849_070269-041236.parquet,real_data_sample\l2_unseen_validation\trade_date=2026-07-17\exchange=NSE\symbol=LT\part-084849_070269-041236.parquet,36289,downloaded,36289,
2026-07-17,NSE,LT,raw_l2/trade_date=2026-07-17/exchange=NSE/symbol=LT/part-085114_185249-041556.parquet,real_data_sample\l2_unseen_validation\trade_date=2026-07-17\exchange=NSE\symbol=LT\part-085114_185249-041556.parquet,35742,downloaded,35742,
2026-07-17,NSE,LT,raw_l2/trade_date=2026-07-17/exchange=NSE/symbol=LT/part-084834_568356-041204.parquet,real_data_sample\l2_unseen_validation\trade_date=2026-07-17\exchange=NSE\symbol=LT\part-084834_568356-041204.parquet,36389,downloaded,36389,
2026-07-17,NSE,LT,raw_l2/trade_date=2026-07-17/exchange=NSE/symbol=LT/part-085016_253535-041428.parquet,real_data_sample\l2_unseen_validation\trade_date=2026-07-17\exchange=NSE\symbol=LT\part-085016_253535-041428.parquet,36183,downloaded,36183,
2026-07-17,NSE,LT,raw_l2/trade_date=2026-07-17/exchange=NSE/symbol=LT/part-085001_865607-041396.parquet,real_data_sample\l2_unseen_validation\trade_date=2026-07-17\exchange=NSE\symbol=LT\part-085001_865607-041396.parquet,36060,downloaded,36060,
2026-07-17,NSE,LT,raw_l2/trade_date=2026-07-17/exchange=NSE/symbol=LT/part-085521_175879-042100.parquet,real_data_sample\l2_unseen_validation\trade_date=2026-07-17\exchange=NSE\symbol=LT\part-085521_175879-042100.parquet,35797,downloaded,35797,
2026-07-17,NSE,LT,raw_l2/trade_date=2026-07-17/exchange=NSE/symbol=LT/part-085030_566480-041460.parquet,real_data_sample\l2_unseen_validation\trade_date=2026-07-17\exchange=NSE\symbol=LT\part-085030_566480-041460.parquet,35473,downloaded,35473,
2026-07-17,NSE,LT,raw_l2/trade_date=2026-07-17/exchange=NSE/symbol=LT/part-084947_265854-041364.parquet,real_data_sample\l2_unseen_validation\trade_date=2026-07-17\exchange=NSE\symbol=LT\part-084947_265854-041364.parquet,36091,downloaded,36091,
2026-07-17,NSE,LT,raw_l2/trade_date=2026-07-17/exchange=NSE/symbol=LT/part-085409_705485-041940.parquet,real_data_sample\l2_unseen_validation\trade_date=2026-07-17\exchange=NSE\symbol=LT\part-085409_705485-041940.parquet,34835,downloaded,34835,
2026-07-17,NSE,LT,raw_l2/trade_date=2026-07-17/exchange=NSE/symbol=LT/part-085423_871407-041972.parquet,real_data_sample\l2_unseen_validation\trade_date=2026-07-17\exchange=NSE\symbol=LT\part-085423_871407-041972.parquet,35593,downloaded,35593,
2026-07-17,NSE,LT,raw_l2/trade_date=2026-07-17/exchange=NSE/symbol=LT/part-085438_312404-042004.parquet,real_data_sample\l2_unseen_validation\trade_date=2026-07-17\exchange=NSE\symbol=LT\part-085438_312404-042004.parquet,35978,downloaded,35978,
2026-07-17,NSE,LT,raw_l2/trade_date=2026-07-17/exchange=NSE/symbol=LT/part-085341_277307-041876.parquet,real_data_sample\l2_unseen_validation\trade_date=2026-07-17\exchange=NSE\symbol=LT\part-085341_277307-041876.parquet,34858,downloaded,34858,
2026-07-17,NSE,LT,raw_l2/trade_date=2026-07-17/exchange=NSE/symbol=LT/part-085326_332166-041844.parquet,real_data_sample\l2_unseen_validation\trade_date=2026-07-17\exchange=NSE\symbol=LT\part-085326_332166-041844.parquet,34651,downloaded,34651,
2026-07-17,NSE,LT,raw_l2/trade_date=2026-07-17/exchange=NSE/symbol=LT/part-085311_341013-041812.parquet,real_data_sample\l2_unseen_validation\trade_date=2026-07-17\exchange=NSE\symbol=LT\part-085311_341013-041812.parquet,35608,downloaded,35608,
2026-07-17,NSE,LT,raw_l2/trade_date=2026-07-17/exchange=NSE/symbol=LT/part-085059_302332-041524.parquet,real_data_sample\l2_unseen_validation\trade_date=2026-07-17\exchange=NSE\symbol=LT\part-085059_302332-041524.parquet,35879,downloaded,35879,
2026-07-17,NSE,LT,raw_l2/trade_date=2026-07-17/exchange=NSE/symbol=LT/part-085044_849614-041492.parquet,real_data_sample\l2_unseen_validation\trade_date=2026-07-17\exchange=NSE\symbol=LT\part-085044_849614-041492.parquet,35287,downloaded,35287,
2026-07-17,NSE,LT,raw_l2/trade_date=2026-07-17/exchange=NSE/symbol=LT/part-085212_051901-041684.parquet,real_data_sample\l2_unseen_validation\trade_date=2026-07-17\exchange=NSE\symbol=LT\part-085212_051901-041684.parquet,34779,downloaded,34779,
2026-07-17,NSE,LT,raw_l2/trade_date=2026-07-17/exchange=NSE/symbol=LT/part-084918_334260-041300.parquet,real_data_sample\l2_unseen_validation\trade_date=2026-07-17\exchange=NSE\symbol=LT\part-084918_334260-041300.parquet,36314,downloaded,36314,
2026-07-17,NSE,LT,raw_l2/trade_date=2026-07-17/exchange=NSE/symbol=LT/part-085507_066350-042068.parquet,real_data_sample\l2_unseen_validation\trade_date=2026-07-17\exchange=NSE\symbol=LT\part-085507_066350-042068.parquet,35530,downloaded,35530,
2026-07-17,NSE,LT,raw_l2/trade_date=2026-07-17/exchange=NSE/symbol=LT/part-085241_326779-041748.parquet,real_data_sample\l2_unseen_validation\trade_date=2026-07-17\exchange=NSE\symbol=LT\part-085241_326779-041748.parquet,36207,downloaded,36207,
2026-07-17,NSE,LT,raw_l2/trade_date=2026-07-17/exchange=NSE/symbol=LT/part-085355_409086-041908.parquet,real_data_sample\l2_unseen_validation\trade_date=2026-07-17\exchange=NSE\symbol=LT\part-085355_409086-041908.parquet,34816,downloaded,34816,
2026-07-17,NSE,LT,raw_l2/trade_date=2026-07-17/exchange=NSE/symbol=LT/part-084932_747070-041332.parquet,real_data_sample\l2_unseen_validation\trade_date=2026-07-17\exchange=NSE\symbol=LT\part-084932_747070-041332.parquet,36018,downloaded,36018,
2026-07-17,NSE,LT,raw_l2/trade_date=2026-07-17/exchange=NSE/symbol=LT/part-085128_509621-041588.parquet,real_data_sample\l2_unseen_validation\trade_date=2026-07-17\exchange=NSE\symbol=LT\part-085128_509621-041588.parquet,34544,downloaded,34544,
2026-07-17,NSE,LT,raw_l2/trade_date=2026-07-17/exchange=NSE/symbol=LT/part-085142_901860-041620.parquet,real_data_sample\l2_unseen_validation\trade_date=2026-07-17\exchange=NSE\symbol=LT\part-085142_901860-041620.parquet,34693,downloaded,34693,
2026-07-17,NSE,LT,raw_l2/trade_date=2026-07-17/exchange=NSE/symbol=LT/part-085256_248278-041780.parquet,real_data_sample\l2_unseen_validation\trade_date=2026-07-17\exchange=NSE\symbol=LT\part-085256_248278-041780.parquet,36022,downloaded,36022,
2026-07-17,NSE,LT,raw_l2/trade_date=2026-07-17/exchange=NSE/symbol=LT/part-085157_359074-041652.parquet,real_data_sample\l2_unseen_validation\trade_date=2026-07-17\exchange=NSE\symbol=LT\part-085157_359074-041652.parquet,34605,downloaded,34605,
2026-07-17,NSE,LT,raw_l2/trade_date=2026-07-17/exchange=NSE/symbol=LT/part-085226_796859-041716.parquet,real_data_sample\l2_unseen_validation\trade_date=2026-07-17\exchange=NSE\symbol=LT\part-085226_796859-041716.parquet,35770,downloaded,35770,
2026-07-17,NSE,LT,raw_l2/trade_date=2026-07-17/exchange=NSE/symbol=LT/part-085452_673887-042036.parquet,real_data_sample\l2_unseen_validation\trade_date=2026-07-17\exchange=NSE\symbol=LT\part-085452_673887-042036.parquet,36049,downloaded,36049,
2026-07-17,NSE,LT,raw_l2/trade_date=2026-07-17/exchange=NSE/symbol=LT/part-085549_695970-042164.parquet,real_data_sample\l2_unseen_validation\trade_date=2026-07-17\exchange=NSE\symbol=LT\part-085549_695970-042164.parquet,35498,downloaded,35498,
2026-07-17,NSE,LT,raw_l2/trade_date=2026-07-17/exchange=NSE/symbol=LT/part-085535_523298-042132.parquet,real_data_sample\l2_unseen_validation\trade_date=2026-07-17\exchange=NSE\symbol=LT\part-085535_523298-042132.parquet,35654,downloaded,35654,
2026-07-17,NSE,LT,raw_l2/trade_date=2026-07-17/exchange=NSE/symbol=LT/part-085714_944293-042356.parquet,real_data_sample\l2_unseen_validation\trade_date=2026-07-17\exchange=NSE\symbol=LT\part-085714_944293-042356.parquet,34696,downloaded,34696,
2026-07-17,NSE,LT,raw_l2/trade_date=2026-07-17/exchange=NSE/symbol=LT/part-085603_795558-042196.parquet,real_data_sample\l2_unseen_validation\trade_date=2026-07-17\exchange=NSE\symbol=LT\part-085603_795558-042196.parquet,35611,downloaded,35611,
2026-07-17,NSE,LT,raw_l2/trade_date=2026-07-17/exchange=NSE/symbol=LT/part-090008_935539-042740.parquet,real_data_sample\l2_unseen_validation\trade_date=2026-07-17\exchange=NSE\symbol=LT\part-090008_935539-042740.parquet,35991,downloaded,35991,
2026-07-17,NSE,LT,raw_l2/trade_date=2026-07-17/exchange=NSE/symbol=LT/part-085743_553827-042420.parquet,real_data_sample\l2_unseen_validation\trade_date=2026-07-17\exchange=NSE\symbol=LT\part-085743_553827-042420.parquet,34999,downloaded,34999,
2026-07-17,NSE,LT,raw_l2/trade_date=2026-07-17/exchange=NSE/symbol=LT/part-085617_890059-042228.parquet,real_data_sample\l2_unseen_validation\trade_date=2026-07-17\exchange=NSE\symbol=LT\part-085617_890059-042228.parquet,34775,downloaded,34775,
2026-07-17,NSE,LT,raw_l2/trade_date=2026-07-17/exchange=NSE/symbol=LT/part-085632_208401-042260.parquet,real_data_sample\l2_unseen_validation\trade_date=2026-07-17\exchange=NSE\symbol=LT\part-085632_208401-042260.parquet,34589,downloaded,34589,
2026-07-17,NSE,LT,raw_l2/trade_date=2026-07-17/exchange=NSE/symbol=LT/part-085646_572417-042292.parquet,real_data_sample\l2_unseen_validation\trade_date=2026-07-17\exchange=NSE\symbol=LT\part-085646_572417-042292.parquet,34747,downloaded,34747,
2026-07-17,NSE,LT,raw_l2/trade_date=2026-07-17/exchange=NSE/symbol=LT/part-085939_704077-042676.parquet,real_data_sample\l2_unseen_validation\trade_date=2026-07-17\exchange=NSE\symbol=LT\part-085939_704077-042676.parquet,35820,downloaded,35820,
2026-07-17,NSE,LT,raw_l2/trade_date=2026-07-17/exchange=NSE/symbol=LT/part-085758_008936-042452.parquet,real_data_sample\l2_unseen_validation\trade_date=2026-07-17\exchange=NSE\symbol=LT\part-085758_008936-042452.parquet,34984,downloaded,34984,
2026-07-17,NSE,LT,raw_l2/trade_date=2026-07-17/exchange=NSE/symbol=LT/part-085729_098058-042388.parquet,real_data_sample\l2_unseen_validation\trade_date=2026-07-17\exchange=NSE\symbol=LT\part-085729_098058-042388.parquet,34662,downloaded,34662,
2026-07-17,NSE,LT,raw_l2/trade_date=2026-07-17/exchange=NSE/symbol=LT/part-085925_024083-042644.parquet,real_data_sample\l2_unseen_validation\trade_date=2026-07-17\exchange=NSE\symbol=LT\part-085925_024083-042644.parquet,36042,downloaded,36042,
2026-07-17,NSE,LT,raw_l2/trade_date=2026-07-17/exchange=NSE/symbol=LT/part-090037_627641-042804.parquet,real_data_sample\l2_unseen_validation\trade_date=2026-07-17\exchange=NSE\symbol=LT\part-090037_627641-042804.parquet,35857,downloaded,35857,
2026-07-17,NSE,LT,raw_l2/trade_date=2026-07-17/exchange=NSE/symbol=LT/part-085954_478548-042708.parquet,real_data_sample\l2_unseen_validation\trade_date=2026-07-17\exchange=NSE\symbol=LT\part-085954_478548-042708.parquet,35973,downloaded,35973,
2026-07-17,NSE,LT,raw_l2/trade_date=2026-07-17/exchange=NSE/symbol=LT/part-090023_248989-042772.parquet,real_data_sample\l2_unseen_validation\trade_date=2026-07-17\exchange=NSE\symbol=LT\part-090023_248989-042772.parquet,35631,downloaded,35631,
2026-07-17,NSE,LT,raw_l2/trade_date=2026-07-17/exchange=NSE/symbol=LT/part-090135_782174-042932.parquet,real_data_sample\l2_unseen_validation\trade_date=2026-07-17\exchange=NSE\symbol=LT\part-090135_782174-042932.parquet,35905,downloaded,35905,
2026-07-17,NSE,LT,raw_l2/trade_date=2026-07-17/exchange=NSE/symbol=LT/part-090121_388301-042900.parquet,real_data_sample\l2_unseen_validation\trade_date=2026-07-17\exchange=NSE\symbol=LT\part-090121_388301-042900.parquet,35696,downloaded,35696,
2026-07-17,NSE,LT,raw_l2/trade_date=2026-07-17/exchange=NSE/symbol=LT/part-090106_862042-042868.parquet,real_data_sample\l2_unseen_validation\trade_date=2026-07-17\exchange=NSE\symbol=LT\part-090106_862042-042868.parquet,36236,downloaded,36236,
2026-07-17,NSE,LT,raw_l2/trade_date=2026-07-17/exchange=NSE/symbol=LT/part-085910_304062-042612.parquet,real_data_sample\l2_unseen_validation\trade_date=2026-07-17\exchange=NSE\symbol=LT\part-085910_304062-042612.parquet,35683,downloaded,35683,
2026-07-17,NSE,LT,raw_l2/trade_date=2026-07-17/exchange=NSE/symbol=LT/part-085700_671942-042324.parquet,real_data_sample\l2_unseen_validation\trade_date=2026-07-17\exchange=NSE\symbol=LT\part-085700_671942-042324.parquet,34606,downloaded,34606,
2026-07-17,NSE,LT,raw_l2/trade_date=2026-07-17/exchange=NSE/symbol=LT/part-090218_609151-043028.parquet,real_data_sample\l2_unseen_validation\trade_date=2026-07-17\exchange=NSE\symbol=LT\part-090218_609151-043028.parquet,35786,downloaded,35786,
2026-07-17,NSE,LT,raw_l2/trade_date=2026-07-17/exchange=NSE/symbol=LT/part-085826_825757-042516.parquet,real_data_sample\l2_unseen_validation\trade_date=2026-07-17\exchange=NSE\symbol=LT\part-085826_825757-042516.parquet,36280,downloaded,36280,
2026-07-17,NSE,LT,raw_l2/trade_date=2026-07-17/exchange=NSE/symbol=LT/part-090150_248618-042964.parquet,real_data_sample\l2_unseen_validation\trade_date=2026-07-17\exchange=NSE\symbol=LT\part-090150_248618-042964.parquet,35928,downloaded,35928,
2026-07-17,NSE,LT,raw_l2/trade_date=2026-07-17/exchange=NSE/symbol=LT/part-085812_434155-042484.parquet,real_data_sample\l2_unseen_validation\trade_date=2026-07-17\exchange=NSE\symbol=LT\part-085812_434155-042484.parquet,34580,downloaded,34580,
2026-07-17,NSE,LT,raw_l2/trade_date=2026-07-17/exchange=NSE/symbol=LT/part-090204_450176-042996.parquet,real_data_sample\l2_unseen_validation\trade_date=2026-07-17\exchange=NSE\symbol=LT\part-090204_450176-042996.parquet,35815,downloaded,35815,
2026-07-17,NSE,LT,raw_l2/trade_date=2026-07-17/exchange=NSE/symbol=LT/part-090052_214971-042836.parquet,real_data_sample\l2_unseen_validation\trade_date=2026-07-17\exchange=NSE\symbol=LT\part-090052_214971-042836.parquet,36158,downloaded,36158,
2026-07-17,NSE,LT,raw_l2/trade_date=2026-07-17/exchange=NSE/symbol=LT/part-090233_037402-043060.parquet,real_data_sample\l2_unseen_validation\trade_date=2026-07-17\exchange=NSE\symbol=LT\part-090233_037402-043060.parquet,36026,downloaded,36026,
2026-07-17,NSE,LT,raw_l2/trade_date=2026-07-17/exchange=NSE/symbol=LT/part-085841_296361-042548.parquet,real_data_sample\l2_unseen_validation\trade_date=2026-07-17\exchange=NSE\symbol=LT\part-085841_296361-042548.parquet,36048,downloaded,36048,
2026-07-17,NSE,LT,raw_l2/trade_date=2026-07-17/exchange=NSE/symbol=LT/part-085855_777820-042580.parquet,real_data_sample\l2_unseen_validation\trade_date=2026-07-17\exchange=NSE\symbol=LT\part-085855_777820-042580.parquet,35096,downloaded,35096,
2026-07-17,NSE,LT,raw_l2/trade_date=2026-07-17/exchange=NSE/symbol=LT/part-090247_549234-043092.parquet,real_data_sample\l2_unseen_validation\trade_date=2026-07-17\exchange=NSE\symbol=LT\part-090247_549234-043092.parquet,35649,downloaded,35649,
2026-07-17,NSE,LT,raw_l2/trade_date=2026-07-17/exchange=NSE/symbol=LT/part-090316_306913-043156.parquet,real_data_sample\l2_unseen_validation\trade_date=2026-07-17\exchange=NSE\symbol=LT\part-090316_306913-043156.parquet,35675,downloaded,35675,
2026-07-17,NSE,LT,raw_l2/trade_date=2026-07-17/exchange=NSE/symbol=LT/part-090301_917057-043124.parquet,real_data_sample\l2_unseen_validation\trade_date=2026-07-17\exchange=NSE\symbol=LT\part-090301_917057-043124.parquet,35385,downloaded,35385,
2026-07-17,NSE,LT,raw_l2/trade_date=2026-07-17/exchange=NSE/symbol=LT/part-090330_878156-043188.parquet,real_data_sample\l2_unseen_validation\trade_date=2026-07-17\exchange=NSE\symbol=LT\part-090330_878156-043188.parquet,34809,downloaded,34809,
2026-07-17,NSE,LT,raw_l2/trade_date=2026-07-17/exchange=NSE/symbol=LT/part-090345_799666-043220.parquet,real_data_sample\l2_unseen_validation\trade_date=2026-07-17\exchange=NSE\symbol=LT\part-090345_799666-043220.parquet,34776,downloaded,34776,
2026-07-17,NSE,LT,raw_l2/trade_date=2026-07-17/exchange=NSE/symbol=LT/part-090429_099873-043316.parquet,real_data_sample\l2_unseen_validation\trade_date=2026-07-17\exchange=NSE\symbol=LT\part-090429_099873-043316.parquet,36187,downloaded,36187,
2026-07-17,NSE,LT,raw_l2/trade_date=2026-07-17/exchange=NSE/symbol=LT/part-090414_665985-043284.parquet,real_data_sample\l2_unseen_validation\trade_date=2026-07-17\exchange=NSE\symbol=LT\part-090414_665985-043284.parquet,34816,downloaded,34816,
2026-07-17,NSE,LT,raw_l2/trade_date=2026-07-17/exchange=NSE/symbol=LT/part-090458_624371-043380.parquet,real_data_sample\l2_unseen_validation\trade_date=2026-07-17\exchange=NSE\symbol=LT\part-090458_624371-043380.parquet,36048,downloaded,36048,
2026-07-17,NSE,LT,raw_l2/trade_date=2026-07-17/exchange=NSE/symbol=LT/part-090639_732158-043604.parquet,real_data_sample\l2_unseen_validation\trade_date=2026-07-17\exchange=NSE\symbol=LT\part-090639_732158-043604.parquet,35625,downloaded,35625,
2026-07-17,NSE,LT,raw_l2/trade_date=2026-07-17/exchange=NSE/symbol=LT/part-090400_441330-043252.parquet,real_data_sample\l2_unseen_validation\trade_date=2026-07-17\exchange=NSE\symbol=LT\part-090400_441330-043252.parquet,34707,downloaded,34707,
2026-07-17,NSE,LT,raw_l2/trade_date=2026-07-17/exchange=NSE/symbol=LT/part-090513_391766-043412.parquet,real_data_sample\l2_unseen_validation\trade_date=2026-07-17\exchange=NSE\symbol=LT\part-090513_391766-043412.parquet,36197,downloaded,36197,
2026-07-17,NSE,LT,raw_l2/trade_date=2026-07-17/exchange=NSE/symbol=LT/part-090443_906600-043348.parquet,real_data_sample\l2_unseen_validation\trade_date=2026-07-17\exchange=NSE\symbol=LT\part-090443_906600-043348.parquet,36115,downloaded,36115,
2026-07-17,NSE,LT,raw_l2/trade_date=2026-07-17/exchange=NSE/symbol=LT/part-090527_749844-043444.parquet,real_data_sample\l2_unseen_validation\trade_date=2026-07-17\exchange=NSE\symbol=LT\part-090527_749844-043444.parquet,35895,downloaded,35895,
2026-07-17,NSE,LT,raw_l2/trade_date=2026-07-17/exchange=NSE/symbol=LT/part-090542_203819-043476.parquet,real_data_sample\l2_unseen_validation\trade_date=2026-07-17\exchange=NSE\symbol=LT\part-090542_203819-043476.parquet,35738,downloaded,35738,
2026-07-17,NSE,LT,raw_l2/trade_date=2026-07-17/exchange=NSE/symbol=LT/part-090625_333592-043572.parquet,real_data_sample\l2_unseen_validation\trade_date=2026-07-17\exchange=NSE\symbol=LT\part-090625_333592-043572.parquet,36366,downloaded,36366,
2026-07-17,NSE,LT,raw_l2/trade_date=2026-07-17/exchange=NSE/symbol=LT/part-090610_761463-043540.parquet,real_data_sample\l2_unseen_validation\trade_date=2026-07-17\exchange=NSE\symbol=LT\part-090610_761463-043540.parquet,35830,downloaded,35830,
2026-07-17,NSE,LT,raw_l2/trade_date=2026-07-17/exchange=NSE/symbol=LT/part-090556_400592-043508.parquet,real_data_sample\l2_unseen_validation\trade_date=2026-07-17\exchange=NSE\symbol=LT\part-090556_400592-043508.parquet,35590,downloaded,35590,
2026-07-17,NSE,LT,raw_l2/trade_date=2026-07-17/exchange=NSE/symbol=LT/part-090751_757546-043764.parquet,real_data_sample\l2_unseen_validation\trade_date=2026-07-17\exchange=NSE\symbol=LT\part-090751_757546-043764.parquet,35783,downloaded,35783,
2026-07-17,NSE,LT,raw_l2/trade_date=2026-07-17/exchange=NSE/symbol=LT/part-090654_244423-043636.parquet,real_data_sample\l2_unseen_validation\trade_date=2026-07-17\exchange=NSE\symbol=LT\part-090654_244423-043636.parquet,36036,downloaded,36036,
2026-07-17,NSE,LT,raw_l2/trade_date=2026-07-17/exchange=NSE/symbol=LT/part-090850_310767-043892.parquet,real_data_sample\l2_unseen_validation\trade_date=2026-07-17\exchange=NSE\symbol=LT\part-090850_310767-043892.parquet,35855,downloaded,35855,
2026-07-17,NSE,LT,raw_l2/trade_date=2026-07-17/exchange=NSE/symbol=LT/part-090737_430370-043732.parquet,real_data_sample\l2_unseen_validation\trade_date=2026-07-17\exchange=NSE\symbol=LT\part-090737_430370-043732.parquet,35688,downloaded,35688,
2026-07-17,NSE,LT,raw_l2/trade_date=2026-07-17/exchange=NSE/symbol=LT/part-090934_946279-043988.parquet,real_data_sample\l2_unseen_validation\trade_date=2026-07-17\exchange=NSE\symbol=LT\part-090934_946279-043988.parquet,35298,downloaded,35298,
2026-07-17,NSE,LT,raw_l2/trade_date=2026-07-17/exchange=NSE/symbol=LT/part-090723_163962-043700.parquet,real_data_sample\l2_unseen_validation\trade_date=2026-07-17\exchange=NSE\symbol=LT\part-090723_163962-043700.parquet,36378,downloaded,36378,
2026-07-17,NSE,LT,raw_l2/trade_date=2026-07-17/exchange=NSE/symbol=LT/part-090835_725894-043860.parquet,real_data_sample\l2_unseen_validation\trade_date=2026-07-17\exchange=NSE\symbol=LT\part-090835_725894-043860.parquet,36158,downloaded,36158,
2026-07-17,NSE,LT,raw_l2/trade_date=2026-07-17/exchange=NSE/symbol=LT/part-090708_801247-043668.parquet,real_data_sample\l2_unseen_validation\trade_date=2026-07-17\exchange=NSE\symbol=LT\part-090708_801247-043668.parquet,35699,downloaded,35699,
2026-07-17,NSE,LT,raw_l2/trade_date=2026-07-17/exchange=NSE/symbol=LT/part-090806_638689-043796.parquet,real_data_sample\l2_unseen_validation\trade_date=2026-07-17\exchange=NSE\symbol=LT\part-090806_638689-043796.parquet,36487,downloaded,36487,
2026-07-17,NSE,LT,raw_l2/trade_date=2026-07-17/exchange=NSE/symbol=LT/part-090821_047100-043828.parquet,real_data_sample\l2_unseen_validation\trade_date=2026-07-17\exchange=NSE\symbol=LT\part-090821_047100-043828.parquet,36248,downloaded,36248,
2026-07-17,NSE,LT,raw_l2/trade_date=2026-07-17/exchange=NSE/symbol=LT/part-091019_748358-044084.parquet,real_data_sample\l2_unseen_validation\trade_date=2026-07-17\exchange=NSE\symbol=LT\part-091019_748358-044084.parquet,35263,downloaded,35263,
2026-07-17,NSE,LT,raw_l2/trade_date=2026-07-17/exchange=NSE/symbol=LT/part-091034_496414-044116.parquet,real_data_sample\l2_unseen_validation\trade_date=2026-07-17\exchange=NSE\symbol=LT\part-091034_496414-044116.parquet,34714,downloaded,34714,
2026-07-17,NSE,LT,raw_l2/trade_date=2026-07-17/exchange=NSE/symbol=LT/part-090920_350921-043956.parquet,real_data_sample\l2_unseen_validation\trade_date=2026-07-17\exchange=NSE\symbol=LT\part-090920_350921-043956.parquet,35994,downloaded,35994,
2026-07-17,NSE,LT,raw_l2/trade_date=2026-07-17/exchange=NSE/symbol=LT/part-090905_252178-043924.parquet,real_data_sample\l2_unseen_validation\trade_date=2026-07-17\exchange=NSE\symbol=LT\part-090905_252178-043924.parquet,36237,downloaded,36237,
2026-07-17,NSE,LT,raw_l2/trade_date=2026-07-17/exchange=NSE/symbol=LT/part-090950_246864-044020.parquet,real_data_sample\l2_unseen_validation\trade_date=2026-07-17\exchange=NSE\symbol=LT\part-090950_246864-044020.parquet,35821,downloaded,35821,
2026-07-17,NSE,LT,raw_l2/trade_date=2026-07-17/exchange=NSE/symbol=LT/part-091005_513797-044052.parquet,real_data_sample\l2_unseen_validation\trade_date=2026-07-17\exchange=NSE\symbol=LT\part-091005_513797-044052.parquet,36017,downloaded,36017,
2026-07-17,NSE,LT,raw_l2/trade_date=2026-07-17/exchange=NSE/symbol=LT/part-091049_132701-044148.parquet,real_data_sample\l2_unseen_validation\trade_date=2026-07-17\exchange=NSE\symbol=LT\part-091049_132701-044148.parquet,34673,downloaded,34673,
2026-07-17,NSE,LT,raw_l2/trade_date=2026-07-17/exchange=NSE/symbol=LT/part-091133_447686-044244.parquet,real_data_sample\l2_unseen_validation\trade_date=2026-07-17\exchange=NSE\symbol=LT\part-091133_447686-044244.parquet,34598,downloaded,34598,
2026-07-17,NSE,LT,raw_l2/trade_date=2026-07-17/exchange=NSE/symbol=LT/part-091247_770505-044404.parquet,real_data_sample\l2_unseen_validation\trade_date=2026-07-17\exchange=NSE\symbol=LT\part-091247_770505-044404.parquet,35975,downloaded,35975,
2026-07-17,NSE,LT,raw_l2/trade_date=2026-07-17/exchange=NSE/symbol=LT/part-091147_796712-044276.parquet,real_data_sample\l2_unseen_validation\trade_date=2026-07-17\exchange=NSE\symbol=LT\part-091147_796712-044276.parquet,34607,downloaded,34607,
2026-07-17,NSE,LT,raw_l2/trade_date=2026-07-17/exchange=NSE/symbol=LT/part-082051_490788-037492.parquet,real_data_sample\l2_unseen_validation\trade_date=2026-07-17\exchange=NSE\symbol=LT\part-082051_490788-037492.parquet,35678,downloaded,35678,
2026-07-17,NSE,LT,raw_l2/trade_date=2026-07-17/exchange=NSE/symbol=LT/part-091345_743090-044532.parquet,real_data_sample\l2_unseen_validation\trade_date=2026-07-17\exchange=NSE\symbol=LT\part-091345_743090-044532.parquet,34649,downloaded,34649,
2026-07-17,NSE,LT,raw_l2/trade_date=2026-07-17/exchange=NSE/symbol=LT/part-091232_922082-044372.parquet,real_data_sample\l2_unseen_validation\trade_date=2026-07-17\exchange=NSE\symbol=LT\part-091232_922082-044372.parquet,36240,downloaded,36240,
2026-07-17,NSE,LT,raw_l2/trade_date=2026-07-17/exchange=NSE/symbol=LT/part-091118_633001-044212.parquet,real_data_sample\l2_unseen_validation\trade_date=2026-07-17\exchange=NSE\symbol=LT\part-091118_633001-044212.parquet,34680,downloaded,34680,
2026-07-17,NSE,LT,raw_l2/trade_date=2026-07-17/exchange=NSE/symbol=LT/part-091202_410046-044308.parquet,real_data_sample\l2_unseen_validation\trade_date=2026-07-17\exchange=NSE\symbol=LT\part-091202_410046-044308.parquet,34650,downloaded,34650,
2026-07-17,NSE,LT,raw_l2/trade_date=2026-07-17/exchange=NSE/symbol=LT/part-091217_605275-044340.parquet,real_data_sample\l2_unseen_validation\trade_date=2026-07-17\exchange=NSE\symbol=LT\part-091217_605275-044340.parquet,35338,downloaded,35338,
2026-07-17,NSE,LT,raw_l2/trade_date=2026-07-17/exchange=NSE/symbol=LT/part-091103_746639-044180.parquet,real_data_sample\l2_unseen_validation\trade_date=2026-07-17\exchange=NSE\symbol=LT\part-091103_746639-044180.parquet,34748,downloaded,34748,
2026-07-17,NSE,LT,raw_l2/trade_date=2026-07-17/exchange=NSE/symbol=LT/part-091331_277620-044500.parquet,real_data_sample\l2_unseen_validation\trade_date=2026-07-17\exchange=NSE\symbol=LT\part-091331_277620-044500.parquet,34608,downloaded,34608,
2026-07-17,NSE,LT,raw_l2/trade_date=2026-07-17/exchange=NSE/symbol=LT/part-091400_312901-044564.parquet,real_data_sample\l2_unseen_validation\trade_date=2026-07-17\exchange=NSE\symbol=LT\part-091400_312901-044564.parquet,34732,downloaded,34732,
2026-07-17,NSE,LT,raw_l2/trade_date=2026-07-17/exchange=NSE/symbol=LT/part-091316_867902-044468.parquet,real_data_sample\l2_unseen_validation\trade_date=2026-07-17\exchange=NSE\symbol=LT\part-091316_867902-044468.parquet,35365,downloaded,35365,
2026-07-17,NSE,LT,raw_l2/trade_date=2026-07-17/exchange=NSE/symbol=LT/part-091302_192569-044436.parquet,real_data_sample\l2_unseen_validation\trade_date=2026-07-17\exchange=NSE\symbol=LT\part-091302_192569-044436.parquet,35998,downloaded,35998,
2026-07-17,NSE,LT,raw_l2/trade_date=2026-07-17/exchange=NSE/symbol=LT/part-091638_704137-044916.parquet,real_data_sample\l2_unseen_validation\trade_date=2026-07-17\exchange=NSE\symbol=LT\part-091638_704137-044916.parquet,36173,downloaded,36173,
2026-07-17,NSE,LT,raw_l2/trade_date=2026-07-17/exchange=NSE/symbol=LT/part-091429_075504-044628.parquet,real_data_sample\l2_unseen_validation\trade_date=2026-07-17\exchange=NSE\symbol=LT\part-091429_075504-044628.parquet,34539,downloaded,34539,
2026-07-17,NSE,LT,raw_l2/trade_date=2026-07-17/exchange=NSE/symbol=LT/part-091749_643267-045076.parquet,real_data_sample\l2_unseen_validation\trade_date=2026-07-17\exchange=NSE\symbol=LT\part-091749_643267-045076.parquet,35582,downloaded,35582,
2026-07-17,NSE,LT,raw_l2/trade_date=2026-07-17/exchange=NSE/symbol=LT/part-091457_832933-044692.parquet,real_data_sample\l2_unseen_validation\trade_date=2026-07-17\exchange=NSE\symbol=LT\part-091457_832933-044692.parquet,34650,downloaded,34650,
2026-07-17,NSE,LT,raw_l2/trade_date=2026-07-17/exchange=NSE/symbol=LT/part-091555_472078-044820.parquet,real_data_sample\l2_unseen_validation\trade_date=2026-07-17\exchange=NSE\symbol=LT\part-091555_472078-044820.parquet,36077,downloaded,36077,
2026-07-17,NSE,LT,raw_l2/trade_date=2026-07-17/exchange=NSE/symbol=LT/part-091624_513042-044884.parquet,real_data_sample\l2_unseen_validation\trade_date=2026-07-17\exchange=NSE\symbol=LT\part-091624_513042-044884.parquet,35971,downloaded,35971,
2026-07-17,NSE,LT,raw_l2/trade_date=2026-07-17/exchange=NSE/symbol=LT/part-091610_009485-044852.parquet,real_data_sample\l2_unseen_validation\trade_date=2026-07-17\exchange=NSE\symbol=LT\part-091610_009485-044852.parquet,36165,downloaded,36165,
2026-07-17,NSE,LT,raw_l2/trade_date=2026-07-17/exchange=NSE/symbol=LT/part-091652_911214-044948.parquet,real_data_sample\l2_unseen_validation\trade_date=2026-07-17\exchange=NSE\symbol=LT\part-091652_911214-044948.parquet,35831,downloaded,35831,
2026-07-17,NSE,LT,raw_l2/trade_date=2026-07-17/exchange=NSE/symbol=LT/part-091540_847457-044788.parquet,real_data_sample\l2_unseen_validation\trade_date=2026-07-17\exchange=NSE\symbol=LT\part-091540_847457-044788.parquet,36154,downloaded,36154,
2026-07-17,NSE,LT,raw_l2/trade_date=2026-07-17/exchange=NSE/symbol=LT/part-091804_038340-045108.parquet,real_data_sample\l2_unseen_validation\trade_date=2026-07-17\exchange=NSE\symbol=LT\part-091804_038340-045108.parquet,35869,downloaded,35869,
2026-07-17,NSE,LT,raw_l2/trade_date=2026-07-17/exchange=NSE/symbol=LT/part-091512_287432-044724.parquet,real_data_sample\l2_unseen_validation\trade_date=2026-07-17\exchange=NSE\symbol=LT\part-091512_287432-044724.parquet,34734,downloaded,34734,
2026-07-17,NSE,LT,raw_l2/trade_date=2026-07-17/exchange=NSE/symbol=LT/part-091721_345147-045012.parquet,real_data_sample\l2_unseen_validation\trade_date=2026-07-17\exchange=NSE\symbol=LT\part-091721_345147-045012.parquet,35693,downloaded,35693,
2026-07-17,NSE,LT,raw_l2/trade_date=2026-07-17/exchange=NSE/symbol=LT/part-091707_158671-044980.parquet,real_data_sample\l2_unseen_validation\trade_date=2026-07-17\exchange=NSE\symbol=LT\part-091707_158671-044980.parquet,35374,downloaded,35374,
2026-07-17,NSE,LT,raw_l2/trade_date=2026-07-17/exchange=NSE/symbol=LT/part-091735_460674-045044.parquet,real_data_sample\l2_unseen_validation\trade_date=2026-07-17\exchange=NSE\symbol=LT\part-091735_460674-045044.parquet,35744,downloaded,35744,
2026-07-17,NSE,LT,raw_l2/trade_date=2026-07-17/exchange=NSE/symbol=LT/part-091526_482969-044756.parquet,real_data_sample\l2_unseen_validation\trade_date=2026-07-17\exchange=NSE\symbol=LT\part-091526_482969-044756.parquet,35856,downloaded,35856,
2026-07-17,NSE,LT,raw_l2/trade_date=2026-07-17/exchange=NSE/symbol=LT/part-091443_485164-044660.parquet,real_data_sample\l2_unseen_validation\trade_date=2026-07-17\exchange=NSE\symbol=LT\part-091443_485164-044660.parquet,34695,downloaded,34695,
2026-07-17,NSE,LT,raw_l2/trade_date=2026-07-17/exchange=NSE/symbol=LT/part-091414_661190-044596.parquet,real_data_sample\l2_unseen_validation\trade_date=2026-07-17\exchange=NSE\symbol=LT\part-091414_661190-044596.parquet,34825,downloaded,34825,
2026-07-17,NSE,LT,raw_l2/trade_date=2026-07-17/exchange=NSE/symbol=LT/part-084903_532427-041268.parquet,real_data_sample\l2_unseen_validation\trade_date=2026-07-17\exchange=NSE\symbol=LT\part-084903_532427-041268.parquet,36001,downloaded,36001,
2026-07-17,NSE,LT,raw_l2/trade_date=2026-07-17/exchange=NSE/symbol=LT/part-091832_884406-045172.parquet,real_data_sample\l2_unseen_validation\trade_date=2026-07-17\exchange=NSE\symbol=LT\part-091832_884406-045172.parquet,34680,downloaded,34680,
2026-07-17,NSE,LT,raw_l2/trade_date=2026-07-17/exchange=NSE/symbol=LT/part-091818_523156-045140.parquet,real_data_sample\l2_unseen_validation\trade_date=2026-07-17\exchange=NSE\symbol=LT\part-091818_523156-045140.parquet,35199,downloaded,35199,
2026-07-17,NSE,LT,raw_l2/trade_date=2026-07-17/exchange=NSE/symbol=LT/part-091847_257270-045204.parquet,real_data_sample\l2_unseen_validation\trade_date=2026-07-17\exchange=NSE\symbol=LT\part-091847_257270-045204.parquet,34727,downloaded,34727,
2026-07-17,NSE,LT,raw_l2/trade_date=2026-07-17/exchange=NSE/symbol=LT/part-091944_773293-045332.parquet,real_data_sample\l2_unseen_validation\trade_date=2026-07-17\exchange=NSE\symbol=LT\part-091944_773293-045332.parquet,35821,downloaded,35821,
2026-07-17,NSE,LT,raw_l2/trade_date=2026-07-17/exchange=NSE/symbol=LT/part-091916_288774-045268.parquet,real_data_sample\l2_unseen_validation\trade_date=2026-07-17\exchange=NSE\symbol=LT\part-091916_288774-045268.parquet,34922,downloaded,34922,
2026-07-17,NSE,LT,raw_l2/trade_date=2026-07-17/exchange=NSE/symbol=LT/part-091959_022594-045364.parquet,real_data_sample\l2_unseen_validation\trade_date=2026-07-17\exchange=NSE\symbol=LT\part-091959_022594-045364.parquet,35776,downloaded,35776,
2026-07-17,NSE,LT,raw_l2/trade_date=2026-07-17/exchange=NSE/symbol=LT/part-091930_477246-045300.parquet,real_data_sample\l2_unseen_validation\trade_date=2026-07-17\exchange=NSE\symbol=LT\part-091930_477246-045300.parquet,36116,downloaded,36116,
2026-07-17,NSE,LT,raw_l2/trade_date=2026-07-17/exchange=NSE/symbol=LT/part-092013_351373-045396.parquet,real_data_sample\l2_unseen_validation\trade_date=2026-07-17\exchange=NSE\symbol=LT\part-092013_351373-045396.parquet,35843,downloaded,35843,
2026-07-17,NSE,LT,raw_l2/trade_date=2026-07-17/exchange=NSE/symbol=LT/part-092027_681995-045428.parquet,real_data_sample\l2_unseen_validation\trade_date=2026-07-17\exchange=NSE\symbol=LT\part-092027_681995-045428.parquet,34481,downloaded,34481,
2026-07-17,NSE,LT,raw_l2/trade_date=2026-07-17/exchange=NSE/symbol=LT/part-092056_379998-045492.parquet,real_data_sample\l2_unseen_validation\trade_date=2026-07-17\exchange=NSE\symbol=LT\part-092056_379998-045492.parquet,34543,downloaded,34543,
2026-07-17,NSE,LT,raw_l2/trade_date=2026-07-17/exchange=NSE/symbol=LT/part-092110_655293-045524.parquet,real_data_sample\l2_unseen_validation\trade_date=2026-07-17\exchange=NSE\symbol=LT\part-092110_655293-045524.parquet,34713,downloaded,34713,
2026-07-17,NSE,LT,raw_l2/trade_date=2026-07-17/exchange=NSE/symbol=LT/part-092041_889521-045460.parquet,real_data_sample\l2_unseen_validation\trade_date=2026-07-17\exchange=NSE\symbol=LT\part-092041_889521-045460.parquet,34602,downloaded,34602,
2026-07-17,NSE,LT,raw_l2/trade_date=2026-07-17/exchange=NSE/symbol=LT/part-092125_005681-045556.parquet,real_data_sample\l2_unseen_validation\trade_date=2026-07-17\exchange=NSE\symbol=LT\part-092125_005681-045556.parquet,34358,downloaded,34358,
2026-07-17,NSE,LT,raw_l2/trade_date=2026-07-17/exchange=NSE/symbol=LT/part-092139_602141-045588.parquet,real_data_sample\l2_unseen_validation\trade_date=2026-07-17\exchange=NSE\symbol=LT\part-092139_602141-045588.parquet,34601,downloaded,34601,
2026-07-17,NSE,LT,raw_l2/trade_date=2026-07-17/exchange=NSE/symbol=LT/part-092208_189622-045652.parquet,real_data_sample\l2_unseen_validation\trade_date=2026-07-17\exchange=NSE\symbol=LT\part-092208_189622-045652.parquet,34596,downloaded,34596,
2026-07-17,NSE,LT,raw_l2/trade_date=2026-07-17/exchange=NSE/symbol=LT/part-092305_481128-045780.parquet,real_data_sample\l2_unseen_validation\trade_date=2026-07-17\exchange=NSE\symbol=LT\part-092305_481128-045780.parquet,34582,downloaded,34582,
2026-07-17,NSE,LT,raw_l2/trade_date=2026-07-17/exchange=NSE/symbol=LT/part-092251_228090-045748.parquet,real_data_sample\l2_unseen_validation\trade_date=2026-07-17\exchange=NSE\symbol=LT\part-092251_228090-045748.parquet,34589,downloaded,34589,
2026-07-17,NSE,LT,raw_l2/trade_date=2026-07-17/exchange=NSE/symbol=LT/part-092222_468894-045684.parquet,real_data_sample\l2_unseen_validation\trade_date=2026-07-17\exchange=NSE\symbol=LT\part-092222_468894-045684.parquet,34635,downloaded,34635,
2026-07-17,NSE,LT,raw_l2/trade_date=2026-07-17/exchange=NSE/symbol=LT/part-092236_781209-045716.parquet,real_data_sample\l2_unseen_validation\trade_date=2026-07-17\exchange=NSE\symbol=LT\part-092236_781209-045716.parquet,34606,downloaded,34606,
2026-07-17,NSE,LT,raw_l2/trade_date=2026-07-17/exchange=NSE/symbol=LT/part-092418_273089-045940.parquet,real_data_sample\l2_unseen_validation\trade_date=2026-07-17\exchange=NSE\symbol=LT\part-092418_273089-045940.parquet,35119,downloaded,35119,
2026-07-17,NSE,LT,raw_l2/trade_date=2026-07-17/exchange=NSE/symbol=LT/part-092153_982754-045620.parquet,real_data_sample\l2_unseen_validation\trade_date=2026-07-17\exchange=NSE\symbol=LT\part-092153_982754-045620.parquet,34572,downloaded,34572,
2026-07-17,NSE,LT,raw_l2/trade_date=2026-07-17/exchange=NSE/symbol=LT/part-092349_270006-045876.parquet,real_data_sample\l2_unseen_validation\trade_date=2026-07-17\exchange=NSE\symbol=LT\part-092349_270006-045876.parquet,34729,downloaded,34729,
2026-07-17,NSE,LT,raw_l2/trade_date=2026-07-17/exchange=NSE/symbol=LT/part-092501_810268-046036.parquet,real_data_sample\l2_unseen_validation\trade_date=2026-07-17\exchange=NSE\symbol=LT\part-092501_810268-046036.parquet,35790,downloaded,35790,
2026-07-17,NSE,LT,raw_l2/trade_date=2026-07-17/exchange=NSE/symbol=LT/part-092403_752461-045908.parquet,real_data_sample\l2_unseen_validation\trade_date=2026-07-17\exchange=NSE\symbol=LT\part-092403_752461-045908.parquet,34739,downloaded,34739,
2026-07-17,NSE,LT,raw_l2/trade_date=2026-07-17/exchange=NSE/symbol=LT/part-092432_957766-045972.parquet,real_data_sample\l2_unseen_validation\trade_date=2026-07-17\exchange=NSE\symbol=LT\part-092432_957766-045972.parquet,35646,downloaded,35646,
2026-07-17,NSE,LT,raw_l2/trade_date=2026-07-17/exchange=NSE/symbol=LT/part-092320_237060-045812.parquet,real_data_sample\l2_unseen_validation\trade_date=2026-07-17\exchange=NSE\symbol=LT\part-092320_237060-045812.parquet,34560,downloaded,34560,
2026-07-17,NSE,LT,raw_l2/trade_date=2026-07-17/exchange=NSE/symbol=LT/part-092447_161786-046004.parquet,real_data_sample\l2_unseen_validation\trade_date=2026-07-17\exchange=NSE\symbol=LT\part-092447_161786-046004.parquet,36089,downloaded,36089,
2026-07-17,NSE,LT,raw_l2/trade_date=2026-07-17/exchange=NSE/symbol=LT/part-092334_931231-045844.parquet,real_data_sample\l2_unseen_validation\trade_date=2026-07-17\exchange=NSE\symbol=LT\part-092334_931231-045844.parquet,34732,downloaded,34732,
2026-07-17,NSE,LT,raw_l2/trade_date=2026-07-17/exchange=NSE/symbol=LT/part-092531_011440-046100.parquet,real_data_sample\l2_unseen_validation\trade_date=2026-07-17\exchange=NSE\symbol=LT\part-092531_011440-046100.parquet,36300,downloaded,36300,
2026-07-17,NSE,LT,raw_l2/trade_date=2026-07-17/exchange=NSE/symbol=LT/part-092614_995525-046196.parquet,real_data_sample\l2_unseen_validation\trade_date=2026-07-17\exchange=NSE\symbol=LT\part-092614_995525-046196.parquet,36522,downloaded,36522,
2026-07-17,NSE,LT,raw_l2/trade_date=2026-07-17/exchange=NSE/symbol=LT/part-092516_497034-046068.parquet,real_data_sample\l2_unseen_validation\trade_date=2026-07-17\exchange=NSE\symbol=LT\part-092516_497034-046068.parquet,35912,downloaded,35912,
2026-07-17,NSE,LT,raw_l2/trade_date=2026-07-17/exchange=NSE/symbol=LT/part-092644_686491-046260.parquet,real_data_sample\l2_unseen_validation\trade_date=2026-07-17\exchange=NSE\symbol=LT\part-092644_686491-046260.parquet,36466,downloaded,36466,
2026-07-17,NSE,LT,raw_l2/trade_date=2026-07-17/exchange=NSE/symbol=LT/part-092629_826212-046228.parquet,real_data_sample\l2_unseen_validation\trade_date=2026-07-17\exchange=NSE\symbol=LT\part-092629_826212-046228.parquet,36455,downloaded,36455,
2026-07-17,NSE,LT,raw_l2/trade_date=2026-07-17/exchange=NSE/symbol=LT/part-092600_260340-046164.parquet,real_data_sample\l2_unseen_validation\trade_date=2026-07-17\exchange=NSE\symbol=LT\part-092600_260340-046164.parquet,36060,downloaded,36060,
2026-07-17,NSE,LT,raw_l2/trade_date=2026-07-17/exchange=NSE/symbol=LT/part-092756_500511-046420.parquet,real_data_sample\l2_unseen_validation\trade_date=2026-07-17\exchange=NSE\symbol=LT\part-092756_500511-046420.parquet,35462,downloaded,35462,
2026-07-17,NSE,LT,raw_l2/trade_date=2026-07-17/exchange=NSE/symbol=LT/part-092742_134525-046388.parquet,real_data_sample\l2_unseen_validation\trade_date=2026-07-17\exchange=NSE\symbol=LT\part-092742_134525-046388.parquet,35571,downloaded,35571,
2026-07-17,NSE,LT,raw_l2/trade_date=2026-07-17/exchange=NSE/symbol=LT/part-092713_200037-046324.parquet,real_data_sample\l2_unseen_validation\trade_date=2026-07-17\exchange=NSE\symbol=LT\part-092713_200037-046324.parquet,35776,downloaded,35776,
2026-07-17,NSE,LT,raw_l2/trade_date=2026-07-17/exchange=NSE/symbol=LT/part-092658_924411-046292.parquet,real_data_sample\l2_unseen_validation\trade_date=2026-07-17\exchange=NSE\symbol=LT\part-092658_924411-046292.parquet,36126,downloaded,36126,
2026-07-17,NSE,LT,raw_l2/trade_date=2026-07-17/exchange=NSE/symbol=LT/part-092727_532633-046356.parquet,real_data_sample\l2_unseen_validation\trade_date=2026-07-17\exchange=NSE\symbol=LT\part-092727_532633-046356.parquet,35654,downloaded,35654,
2026-07-17,NSE,LT,raw_l2/trade_date=2026-07-17/exchange=NSE/symbol=LT/part-092810_830779-046452.parquet,real_data_sample\l2_unseen_validation\trade_date=2026-07-17\exchange=NSE\symbol=LT\part-092810_830779-046452.parquet,36073,downloaded,36073,
2026-07-17,NSE,LT,raw_l2/trade_date=2026-07-17/exchange=NSE/symbol=LT/part-092825_324342-046484.parquet,real_data_sample\l2_unseen_validation\trade_date=2026-07-17\exchange=NSE\symbol=LT\part-092825_324342-046484.parquet,35821,downloaded,35821,
2026-07-17,NSE,LT,raw_l2/trade_date=2026-07-17/exchange=NSE/symbol=LT/part-092839_842124-046516.parquet,real_data_sample\l2_unseen_validation\trade_date=2026-07-17\exchange=NSE\symbol=LT\part-092839_842124-046516.parquet,36051,downloaded,36051,
2026-07-17,NSE,LT,raw_l2/trade_date=2026-07-17/exchange=NSE/symbol=LT/part-092854_239543-046548.parquet,real_data_sample\l2_unseen_validation\trade_date=2026-07-17\exchange=NSE\symbol=LT\part-092854_239543-046548.parquet,36066,downloaded,36066,
2026-07-17,NSE,LT,raw_l2/trade_date=2026-07-17/exchange=NSE/symbol=LT/part-092908_970913-046580.parquet,real_data_sample\l2_unseen_validation\trade_date=2026-07-17\exchange=NSE\symbol=LT\part-092908_970913-046580.parquet,35922,downloaded,35922,
2026-07-17,NSE,LT,raw_l2/trade_date=2026-07-17/exchange=NSE/symbol=LT/part-092923_568469-046612.parquet,real_data_sample\l2_unseen_validation\trade_date=2026-07-17\exchange=NSE\symbol=LT\part-092923_568469-046612.parquet,34941,downloaded,34941,
2026-07-17,NSE,LT,raw_l2/trade_date=2026-07-17/exchange=NSE/symbol=LT/part-092952_768313-046676.parquet,real_data_sample\l2_unseen_validation\trade_date=2026-07-17\exchange=NSE\symbol=LT\part-092952_768313-046676.parquet,34618,downloaded,34618,
2026-07-17,NSE,LT,raw_l2/trade_date=2026-07-17/exchange=NSE/symbol=LT/part-092938_078700-046644.parquet,real_data_sample\l2_unseen_validation\trade_date=2026-07-17\exchange=NSE\symbol=LT\part-092938_078700-046644.parquet,34790,downloaded,34790,
2026-07-17,NSE,LT,raw_l2/trade_date=2026-07-17/exchange=NSE/symbol=LT/part-093007_516060-046708.parquet,real_data_sample\l2_unseen_validation\trade_date=2026-07-17\exchange=NSE\symbol=LT\part-093007_516060-046708.parquet,34667,downloaded,34667,
2026-07-17,NSE,LT,raw_l2/trade_date=2026-07-17/exchange=NSE/symbol=LT/part-093051_040553-046804.parquet,real_data_sample\l2_unseen_validation\trade_date=2026-07-17\exchange=NSE\symbol=LT\part-093051_040553-046804.parquet,34453,downloaded,34453,
2026-07-17,NSE,LT,raw_l2/trade_date=2026-07-17/exchange=NSE/symbol=LT/part-093022_119580-046740.parquet,real_data_sample\l2_unseen_validation\trade_date=2026-07-17\exchange=NSE\symbol=LT\part-093022_119580-046740.parquet,34411,downloaded,34411,
2026-07-17,NSE,LT,raw_l2/trade_date=2026-07-17/exchange=NSE/symbol=LT/part-093133_797342-046900.parquet,real_data_sample\l2_unseen_validation\trade_date=2026-07-17\exchange=NSE\symbol=LT\part-093133_797342-046900.parquet,35663,downloaded,35663,
2026-07-17,NSE,LT,raw_l2/trade_date=2026-07-17/exchange=NSE/symbol=LT/part-093119_628659-046868.parquet,real_data_sample\l2_unseen_validation\trade_date=2026-07-17\exchange=NSE\symbol=LT\part-093119_628659-046868.parquet,35382,downloaded,35382,
2026-07-17,NSE,LT,raw_l2/trade_date=2026-07-17/exchange=NSE/symbol=LT/part-093202_627756-046964.parquet,real_data_sample\l2_unseen_validation\trade_date=2026-07-17\exchange=NSE\symbol=LT\part-093202_627756-046964.parquet,35799,downloaded,35799,
2026-07-17,NSE,LT,raw_l2/trade_date=2026-07-17/exchange=NSE/symbol=LT/part-093230_617809-047028.parquet,real_data_sample\l2_unseen_validation\trade_date=2026-07-17\exchange=NSE\symbol=LT\part-093230_617809-047028.parquet,35679,downloaded,35679,
2026-07-17,NSE,LT,raw_l2/trade_date=2026-07-17/exchange=NSE/symbol=LT/part-093105_233051-046836.parquet,real_data_sample\l2_unseen_validation\trade_date=2026-07-17\exchange=NSE\symbol=LT\part-093105_233051-046836.parquet,34689,downloaded,34689,
2026-07-17,NSE,LT,raw_l2/trade_date=2026-07-17/exchange=NSE/symbol=LT/part-093216_521464-046996.parquet,real_data_sample\l2_unseen_validation\trade_date=2026-07-17\exchange=NSE\symbol=LT\part-093216_521464-046996.parquet,36197,downloaded,36197,
2026-07-17,NSE,LT,raw_l2/trade_date=2026-07-17/exchange=NSE/symbol=LT/part-093036_679245-046772.parquet,real_data_sample\l2_unseen_validation\trade_date=2026-07-17\exchange=NSE\symbol=LT\part-093036_679245-046772.parquet,34677,downloaded,34677,
2026-07-17,NSE,LT,raw_l2/trade_date=2026-07-17/exchange=NSE/symbol=LT/part-093148_236709-046932.parquet,real_data_sample\l2_unseen_validation\trade_date=2026-07-17\exchange=NSE\symbol=LT\part-093148_236709-046932.parquet,35914,downloaded,35914,
2026-07-17,NSE,LT,raw_l2/trade_date=2026-07-17/exchange=NSE/symbol=LT/part-093355_762205-047220.parquet,real_data_sample\l2_unseen_validation\trade_date=2026-07-17\exchange=NSE\symbol=LT\part-093355_762205-047220.parquet,34483,downloaded,34483,
2026-07-17,NSE,LT,raw_l2/trade_date=2026-07-17/exchange=NSE/symbol=LT/part-093313_323338-047124.parquet,real_data_sample\l2_unseen_validation\trade_date=2026-07-17\exchange=NSE\symbol=LT\part-093313_323338-047124.parquet,35673,downloaded,35673,
2026-07-17,NSE,LT,raw_l2/trade_date=2026-07-17/exchange=NSE/symbol=LT/part-093409_833184-047252.parquet,real_data_sample\l2_unseen_validation\trade_date=2026-07-17\exchange=NSE\symbol=LT\part-093409_833184-047252.parquet,34572,downloaded,34572,
2026-07-17,NSE,LT,raw_l2/trade_date=2026-07-17/exchange=NSE/symbol=LT/part-093259_062221-047092.parquet,real_data_sample\l2_unseen_validation\trade_date=2026-07-17\exchange=NSE\symbol=LT\part-093259_062221-047092.parquet,35764,downloaded,35764,
2026-07-17,NSE,LT,raw_l2/trade_date=2026-07-17/exchange=NSE/symbol=LT/part-093341_649866-047188.parquet,real_data_sample\l2_unseen_validation\trade_date=2026-07-17\exchange=NSE\symbol=LT\part-093341_649866-047188.parquet,34384,downloaded,34384,
2026-07-17,NSE,LT,raw_l2/trade_date=2026-07-17/exchange=NSE/symbol=LT/part-093423_853228-047284.parquet,real_data_sample\l2_unseen_validation\trade_date=2026-07-17\exchange=NSE\symbol=LT\part-093423_853228-047284.parquet,34621,downloaded,34621,
2026-07-17,NSE,LT,raw_l2/trade_date=2026-07-17/exchange=NSE/symbol=LT/part-093327_579616-047156.parquet,real_data_sample\l2_unseen_validation\trade_date=2026-07-17\exchange=NSE\symbol=LT\part-093327_579616-047156.parquet,34626,downloaded,34626,
2026-07-17,NSE,LT,raw_l2/trade_date=2026-07-17/exchange=NSE/symbol=LT/part-093535_190264-047444.parquet,real_data_sample\l2_unseen_validation\trade_date=2026-07-17\exchange=NSE\symbol=LT\part-093535_190264-047444.parquet,34309,downloaded,34309,
2026-07-17,NSE,LT,raw_l2/trade_date=2026-07-17/exchange=NSE/symbol=LT/part-093244_974602-047060.parquet,real_data_sample\l2_unseen_validation\trade_date=2026-07-17\exchange=NSE\symbol=LT\part-093244_974602-047060.parquet,35802,downloaded,35802,
2026-07-17,NSE,LT,raw_l2/trade_date=2026-07-17/exchange=NSE/symbol=LT/part-093506_543968-047380.parquet,real_data_sample\l2_unseen_validation\trade_date=2026-07-17\exchange=NSE\symbol=LT\part-093506_543968-047380.parquet,34513,downloaded,34513,
2026-07-17,NSE,LT,raw_l2/trade_date=2026-07-17/exchange=NSE/symbol=LT/part-093437_947162-047316.parquet,real_data_sample\l2_unseen_validation\trade_date=2026-07-17\exchange=NSE\symbol=LT\part-093437_947162-047316.parquet,34308,downloaded,34308,
2026-07-17,NSE,LT,raw_l2/trade_date=2026-07-17/exchange=NSE/symbol=LT/part-093520_909882-047412.parquet,real_data_sample\l2_unseen_validation\trade_date=2026-07-17\exchange=NSE\symbol=LT\part-093520_909882-047412.parquet,34434,downloaded,34434,
2026-07-17,NSE,LT,raw_l2/trade_date=2026-07-17/exchange=NSE/symbol=LT/part-093452_127488-047348.parquet,real_data_sample\l2_unseen_validation\trade_date=2026-07-17\exchange=NSE\symbol=LT\part-093452_127488-047348.parquet,34771,downloaded,34771,
2026-07-17,NSE,LT,raw_l2/trade_date=2026-07-17/exchange=NSE/symbol=LT/part-093603_971913-047508.parquet,real_data_sample\l2_unseen_validation\trade_date=2026-07-17\exchange=NSE\symbol=LT\part-093603_971913-047508.parquet,34635,downloaded,34635,
2026-07-17,NSE,LT,raw_l2/trade_date=2026-07-17/exchange=NSE/symbol=LT/part-093549_451127-047476.parquet,real_data_sample\l2_unseen_validation\trade_date=2026-07-17\exchange=NSE\symbol=LT\part-093549_451127-047476.parquet,34634,downloaded,34634,
2026-07-17,NSE,LT,raw_l2/trade_date=2026-07-17/exchange=NSE/symbol=LT/part-093618_395922-047540.parquet,real_data_sample\l2_unseen_validation\trade_date=2026-07-17\exchange=NSE\symbol=LT\part-093618_395922-047540.parquet,34660,downloaded,34660,
2026-07-17,NSE,LT,raw_l2/trade_date=2026-07-17/exchange=NSE/symbol=LT/part-093632_603370-047572.parquet,real_data_sample\l2_unseen_validation\trade_date=2026-07-17\exchange=NSE\symbol=LT\part-093632_603370-047572.parquet,34541,downloaded,34541,
2026-07-17,NSE,LT,raw_l2/trade_date=2026-07-17/exchange=NSE/symbol=LT/part-093714_848581-047668.parquet,real_data_sample\l2_unseen_validation\trade_date=2026-07-17\exchange=NSE\symbol=LT\part-093714_848581-047668.parquet,34432,downloaded,34432,
2026-07-17,NSE,LT,raw_l2/trade_date=2026-07-17/exchange=NSE/symbol=LT/part-093700_813703-047636.parquet,real_data_sample\l2_unseen_validation\trade_date=2026-07-17\exchange=NSE\symbol=LT\part-093700_813703-047636.parquet,34676,downloaded,34676,
2026-07-17,NSE,LT,raw_l2/trade_date=2026-07-17/exchange=NSE/symbol=LT/part-093646_769158-047604.parquet,real_data_sample\l2_unseen_validation\trade_date=2026-07-17\exchange=NSE\symbol=LT\part-093646_769158-047604.parquet,34600,downloaded,34600,
2026-07-17,NSE,LT,raw_l2/trade_date=2026-07-17/exchange=NSE/symbol=LT/part-093853_578923-047892.parquet,real_data_sample\l2_unseen_validation\trade_date=2026-07-17\exchange=NSE\symbol=LT\part-093853_578923-047892.parquet,35524,downloaded,35524,
2026-07-17,NSE,LT,raw_l2/trade_date=2026-07-17/exchange=NSE/symbol=LT/part-093825_164334-047828.parquet,real_data_sample\l2_unseen_validation\trade_date=2026-07-17\exchange=NSE\symbol=LT\part-093825_164334-047828.parquet,35526,downloaded,35526,
2026-07-17,NSE,LT,raw_l2/trade_date=2026-07-17/exchange=NSE/symbol=LT/part-093810_974108-047796.parquet,real_data_sample\l2_unseen_validation\trade_date=2026-07-17\exchange=NSE\symbol=LT\part-093810_974108-047796.parquet,34657,downloaded,34657,
2026-07-17,NSE,LT,raw_l2/trade_date=2026-07-17/exchange=NSE/symbol=LT/part-093839_412495-047860.parquet,real_data_sample\l2_unseen_validation\trade_date=2026-07-17\exchange=NSE\symbol=LT\part-093839_412495-047860.parquet,35584,downloaded,35584,
2026-07-17,NSE,LT,raw_l2/trade_date=2026-07-17/exchange=NSE/symbol=LT/part-093728_698133-047700.parquet,real_data_sample\l2_unseen_validation\trade_date=2026-07-17\exchange=NSE\symbol=LT\part-093728_698133-047700.parquet,34672,downloaded,34672,
2026-07-17,NSE,LT,raw_l2/trade_date=2026-07-17/exchange=NSE/symbol=LT/part-093742_711168-047732.parquet,real_data_sample\l2_unseen_validation\trade_date=2026-07-17\exchange=NSE\symbol=LT\part-093742_711168-047732.parquet,34614,downloaded,34614,
2026-07-17,NSE,LT,raw_l2/trade_date=2026-07-17/exchange=NSE/symbol=LT/part-093756_848555-047764.parquet,real_data_sample\l2_unseen_validation\trade_date=2026-07-17\exchange=NSE\symbol=LT\part-093756_848555-047764.parquet,34397,downloaded,34397,
2026-07-17,NSE,LT,raw_l2/trade_date=2026-07-17/exchange=NSE/symbol=LT/part-093951_355132-048020.parquet,real_data_sample\l2_unseen_validation\trade_date=2026-07-17\exchange=NSE\symbol=LT\part-093951_355132-048020.parquet,35506,downloaded,35506,
2026-07-17,NSE,LT,raw_l2/trade_date=2026-07-17/exchange=NSE/symbol=LT/part-092545_674379-046132.parquet,real_data_sample\l2_unseen_validation\trade_date=2026-07-17\exchange=NSE\symbol=LT\part-092545_674379-046132.parquet,36214,downloaded,36214,
2026-07-17,NSE,LT,raw_l2/trade_date=2026-07-17/exchange=NSE/symbol=LT/part-094005_627777-048052.parquet,real_data_sample\l2_unseen_validation\trade_date=2026-07-17\exchange=NSE\symbol=LT\part-094005_627777-048052.parquet,35526,downloaded,35526,
2026-07-17,NSE,LT,raw_l2/trade_date=2026-07-17/exchange=NSE/symbol=LT/part-094034_225814-048116.parquet,real_data_sample\l2_unseen_validation\trade_date=2026-07-17\exchange=NSE\symbol=LT\part-094034_225814-048116.parquet,34426,downloaded,34426,
2026-07-17,NSE,LT,raw_l2/trade_date=2026-07-17/exchange=NSE/symbol=LT/part-094102_802482-048180.parquet,real_data_sample\l2_unseen_validation\trade_date=2026-07-17\exchange=NSE\symbol=LT\part-094102_802482-048180.parquet,34442,downloaded,34442,
2026-07-17,NSE,LT,raw_l2/trade_date=2026-07-17/exchange=NSE/symbol=LT/part-094117_234426-048212.parquet,real_data_sample\l2_unseen_validation\trade_date=2026-07-17\exchange=NSE\symbol=LT\part-094117_234426-048212.parquet,35207,downloaded,35207,
2026-07-17,NSE,LT,raw_l2/trade_date=2026-07-17/exchange=NSE/symbol=LT/part-094048_458523-048148.parquet,real_data_sample\l2_unseen_validation\trade_date=2026-07-17\exchange=NSE\symbol=LT\part-094048_458523-048148.parquet,34461,downloaded,34461,
2026-07-17,NSE,LT,raw_l2/trade_date=2026-07-17/exchange=NSE/symbol=LT/part-094019_821605-048084.parquet,real_data_sample\l2_unseen_validation\trade_date=2026-07-17\exchange=NSE\symbol=LT\part-094019_821605-048084.parquet,34875,downloaded,34875,
2026-07-17,NSE,LT,raw_l2/trade_date=2026-07-17/exchange=NSE/symbol=LT/part-094131_655683-048244.parquet,real_data_sample\l2_unseen_validation\trade_date=2026-07-17\exchange=NSE\symbol=LT\part-094131_655683-048244.parquet,35941,downloaded,35941,
2026-07-17,NSE,LT,raw_l2/trade_date=2026-07-17/exchange=NSE/symbol=LT/part-093908_031156-047924.parquet,real_data_sample\l2_unseen_validation\trade_date=2026-07-17\exchange=NSE\symbol=LT\part-093908_031156-047924.parquet,35720,downloaded,35720,
2026-07-17,NSE,LT,raw_l2/trade_date=2026-07-17/exchange=NSE/symbol=LT/part-093936_864099-047988.parquet,real_data_sample\l2_unseen_validation\trade_date=2026-07-17\exchange=NSE\symbol=LT\part-093936_864099-047988.parquet,36149,downloaded,36149,
2026-07-17,NSE,LT,raw_l2/trade_date=2026-07-17/exchange=NSE/symbol=LT/part-094214_892786-048340.parquet,real_data_sample\l2_unseen_validation\trade_date=2026-07-17\exchange=NSE\symbol=LT\part-094214_892786-048340.parquet,35830,downloaded,35830,
2026-07-17,NSE,LT,raw_l2/trade_date=2026-07-17/exchange=NSE/symbol=LT/part-094326_231091-048500.parquet,real_data_sample\l2_unseen_validation\trade_date=2026-07-17\exchange=NSE\symbol=LT\part-094326_231091-048500.parquet,35893,downloaded,35893,
2026-07-17,NSE,LT,raw_l2/trade_date=2026-07-17/exchange=NSE/symbol=LT/part-094146_114472-048276.parquet,real_data_sample\l2_unseen_validation\trade_date=2026-07-17\exchange=NSE\symbol=LT\part-094146_114472-048276.parquet,36076,downloaded,36076,
2026-07-17,NSE,LT,raw_l2/trade_date=2026-07-17/exchange=NSE/symbol=LT/part-094229_350298-048372.parquet,real_data_sample\l2_unseen_validation\trade_date=2026-07-17\exchange=NSE\symbol=LT\part-094229_350298-048372.parquet,35709,downloaded,35709,
2026-07-17,NSE,LT,raw_l2/trade_date=2026-07-17/exchange=NSE/symbol=LT/part-094200_504904-048308.parquet,real_data_sample\l2_unseen_validation\trade_date=2026-07-17\exchange=NSE\symbol=LT\part-094200_504904-048308.parquet,35891,downloaded,35891,
2026-07-17,NSE,LT,raw_l2/trade_date=2026-07-17/exchange=NSE/symbol=LT/part-093922_666981-047956.parquet,real_data_sample\l2_unseen_validation\trade_date=2026-07-17\exchange=NSE\symbol=LT\part-093922_666981-047956.parquet,35840,downloaded,35840,
2026-07-17,NSE,LT,raw_l2/trade_date=2026-07-17/exchange=NSE/symbol=LT/part-094243_664694-048404.parquet,real_data_sample\l2_unseen_validation\trade_date=2026-07-17\exchange=NSE\symbol=LT\part-094243_664694-048404.parquet,35813,downloaded,35813,
2026-07-17,NSE,LT,raw_l2/trade_date=2026-07-17/exchange=NSE/symbol=LT/part-094355_042842-048564.parquet,real_data_sample\l2_unseen_validation\trade_date=2026-07-17\exchange=NSE\symbol=LT\part-094355_042842-048564.parquet,35782,downloaded,35782,
2026-07-17,NSE,LT,raw_l2/trade_date=2026-07-17/exchange=NSE/symbol=LT/part-094340_504131-048532.parquet,real_data_sample\l2_unseen_validation\trade_date=2026-07-17\exchange=NSE\symbol=LT\part-094340_504131-048532.parquet,35388,downloaded,35388,
2026-07-17,NSE,LT,raw_l2/trade_date=2026-07-17/exchange=NSE/symbol=LT/part-094409_516969-048596.parquet,real_data_sample\l2_unseen_validation\trade_date=2026-07-17\exchange=NSE\symbol=LT\part-094409_516969-048596.parquet,35562,downloaded,35562,
2026-07-17,NSE,LT,raw_l2/trade_date=2026-07-17/exchange=NSE/symbol=LT/part-091901_709054-045236.parquet,real_data_sample\l2_unseen_validation\trade_date=2026-07-17\exchange=NSE\symbol=LT\part-091901_709054-045236.parquet,34664,downloaded,34664,
2026-07-17,NSE,LT,raw_l2/trade_date=2026-07-17/exchange=NSE/symbol=LT/part-094257_833490-048436.parquet,real_data_sample\l2_unseen_validation\trade_date=2026-07-17\exchange=NSE\symbol=LT\part-094257_833490-048436.parquet,36118,downloaded,36118,
2026-07-17,NSE,LT,raw_l2/trade_date=2026-07-17/exchange=NSE/symbol=LT/part-094311_881024-048468.parquet,real_data_sample\l2_unseen_validation\trade_date=2026-07-17\exchange=NSE\symbol=LT\part-094311_881024-048468.parquet,35636,downloaded,35636,
2026-07-17,NSE,LT,raw_l2/trade_date=2026-07-17/exchange=NSE/symbol=LT/part-094423_751675-048628.parquet,real_data_sample\l2_unseen_validation\trade_date=2026-07-17\exchange=NSE\symbol=LT\part-094423_751675-048628.parquet,36117,downloaded,36117,
2026-07-17,NSE,LT,raw_l2/trade_date=2026-07-17/exchange=NSE/symbol=LT/part-094438_058818-048660.parquet,real_data_sample\l2_unseen_validation\trade_date=2026-07-17\exchange=NSE\symbol=LT\part-094438_058818-048660.parquet,35983,downloaded,35983,
2026-07-17,NSE,LT,raw_l2/trade_date=2026-07-17/exchange=NSE/symbol=LT/part-094520_810579-048756.parquet,real_data_sample\l2_unseen_validation\trade_date=2026-07-17\exchange=NSE\symbol=LT\part-094520_810579-048756.parquet,34866,downloaded,34866,
2026-07-17,NSE,LT,raw_l2/trade_date=2026-07-17/exchange=NSE/symbol=LT/part-094549_248343-048820.parquet,real_data_sample\l2_unseen_validation\trade_date=2026-07-17\exchange=NSE\symbol=LT\part-094549_248343-048820.parquet,34399,downloaded,34399,
2026-07-17,NSE,LT,raw_l2/trade_date=2026-07-17/exchange=NSE/symbol=LT/part-094506_633345-048724.parquet,real_data_sample\l2_unseen_validation\trade_date=2026-07-17\exchange=NSE\symbol=LT\part-094506_633345-048724.parquet,35543,downloaded,35543,
2026-07-17,NSE,LT,raw_l2/trade_date=2026-07-17/exchange=NSE/symbol=LT/part-094452_404136-048692.parquet,real_data_sample\l2_unseen_validation\trade_date=2026-07-17\exchange=NSE\symbol=LT\part-094452_404136-048692.parquet,35777,downloaded,35777,
2026-07-17,NSE,LT,raw_l2/trade_date=2026-07-17/exchange=NSE/symbol=LT/part-094618_059713-048884.parquet,real_data_sample\l2_unseen_validation\trade_date=2026-07-17\exchange=NSE\symbol=LT\part-094618_059713-048884.parquet,34396,downloaded,34396,
2026-07-17,NSE,LT,raw_l2/trade_date=2026-07-17/exchange=NSE/symbol=LT/part-094700_457081-048980.parquet,real_data_sample\l2_unseen_validation\trade_date=2026-07-17\exchange=NSE\symbol=LT\part-094700_457081-048980.parquet,34372,downloaded,34372,
2026-07-17,NSE,LT,raw_l2/trade_date=2026-07-17/exchange=NSE/symbol=LT/part-094646_268788-048948.parquet,real_data_sample\l2_unseen_validation\trade_date=2026-07-17\exchange=NSE\symbol=LT\part-094646_268788-048948.parquet,34355,downloaded,34355,
2026-07-17,NSE,LT,raw_l2/trade_date=2026-07-17/exchange=NSE/symbol=LT/part-094714_664348-049012.parquet,real_data_sample\l2_unseen_validation\trade_date=2026-07-17\exchange=NSE\symbol=LT\part-094714_664348-049012.parquet,34391,downloaded,34391,
2026-07-17,NSE,LT,raw_l2/trade_date=2026-07-17/exchange=NSE/symbol=LT/part-094757_614549-049108.parquet,real_data_sample\l2_unseen_validation\trade_date=2026-07-17\exchange=NSE\symbol=LT\part-094757_614549-049108.parquet,34333,downloaded,34333,
2026-07-17,NSE,LT,raw_l2/trade_date=2026-07-17/exchange=NSE/symbol=LT/part-094534_901254-048788.parquet,real_data_sample\l2_unseen_validation\trade_date=2026-07-17\exchange=NSE\symbol=LT\part-094534_901254-048788.parquet,34376,downloaded,34376,
2026-07-17,NSE,LT,raw_l2/trade_date=2026-07-17/exchange=NSE/symbol=LT/part-094728_892874-049044.parquet,real_data_sample\l2_unseen_validation\trade_date=2026-07-17\exchange=NSE\symbol=LT\part-094728_892874-049044.parquet,34362,downloaded,34362,
2026-07-17,NSE,LT,raw_l2/trade_date=2026-07-17/exchange=NSE/symbol=LT/part-094743_223307-049076.parquet,real_data_sample\l2_unseen_validation\trade_date=2026-07-17\exchange=NSE\symbol=LT\part-094743_223307-049076.parquet,34322,downloaded,34322,
2026-07-17,NSE,LT,raw_l2/trade_date=2026-07-17/exchange=NSE/symbol=LT/part-094603_655983-048852.parquet,real_data_sample\l2_unseen_validation\trade_date=2026-07-17\exchange=NSE\symbol=LT\part-094603_655983-048852.parquet,34284,downloaded,34284,
2026-07-17,NSE,LT,raw_l2/trade_date=2026-07-17/exchange=NSE/symbol=LT/part-095048_581686-049492.parquet,real_data_sample\l2_unseen_validation\trade_date=2026-07-17\exchange=NSE\symbol=LT\part-095048_581686-049492.parquet,34394,downloaded,34394,
2026-07-17,NSE,LT,raw_l2/trade_date=2026-07-17/exchange=NSE/symbol=LT/part-094908_877327-049268.parquet,real_data_sample\l2_unseen_validation\trade_date=2026-07-17\exchange=NSE\symbol=LT\part-094908_877327-049268.parquet,34330,downloaded,34330,
2026-07-17,NSE,LT,raw_l2/trade_date=2026-07-17/exchange=NSE/symbol=LT/part-094923_216256-049300.parquet,real_data_sample\l2_unseen_validation\trade_date=2026-07-17\exchange=NSE\symbol=LT\part-094923_216256-049300.parquet,34357,downloaded,34357,
2026-07-17,NSE,LT,raw_l2/trade_date=2026-07-17/exchange=NSE/symbol=LT/part-094854_561697-049236.parquet,real_data_sample\l2_unseen_validation\trade_date=2026-07-17\exchange=NSE\symbol=LT\part-094854_561697-049236.parquet,34590,downloaded,34590,
2026-07-17,NSE,LT,raw_l2/trade_date=2026-07-17/exchange=NSE/symbol=LT/part-095130_709548-049588.parquet,real_data_sample\l2_unseen_validation\trade_date=2026-07-17\exchange=NSE\symbol=LT\part-095130_709548-049588.parquet,34430,downloaded,34430,
2026-07-17,NSE,LT,raw_l2/trade_date=2026-07-17/exchange=NSE/symbol=LT/part-095102_608966-049524.parquet,real_data_sample\l2_unseen_validation\trade_date=2026-07-17\exchange=NSE\symbol=LT\part-095102_608966-049524.parquet,34391,downloaded,34391,
2026-07-17,NSE,LT,raw_l2/trade_date=2026-07-17/exchange=NSE/symbol=LT/part-095020_081555-049428.parquet,real_data_sample\l2_unseen_validation\trade_date=2026-07-17\exchange=NSE\symbol=LT\part-095020_081555-049428.parquet,34388,downloaded,34388,
2026-07-17,NSE,LT,raw_l2/trade_date=2026-07-17/exchange=NSE/symbol=LT/part-094825_871969-049172.parquet,real_data_sample\l2_unseen_validation\trade_date=2026-07-17\exchange=NSE\symbol=LT\part-094825_871969-049172.parquet,34399,downloaded,34399,
2026-07-17,NSE,LT,raw_l2/trade_date=2026-07-17/exchange=NSE/symbol=LT/part-094937_512510-049332.parquet,real_data_sample\l2_unseen_validation\trade_date=2026-07-17\exchange=NSE\symbol=LT\part-094937_512510-049332.parquet,34527,downloaded,34527,
2026-07-17,NSE,LT,raw_l2/trade_date=2026-07-17/exchange=NSE/symbol=LT/part-094951_656432-049364.parquet,real_data_sample\l2_unseen_validation\trade_date=2026-07-17\exchange=NSE\symbol=LT\part-094951_656432-049364.parquet,34553,downloaded,34553,
2026-07-17,NSE,LT,raw_l2/trade_date=2026-07-17/exchange=NSE/symbol=LT/part-095034_383838-049460.parquet,real_data_sample\l2_unseen_validation\trade_date=2026-07-17\exchange=NSE\symbol=LT\part-095034_383838-049460.parquet,34246,downloaded,34246,
2026-07-17,NSE,LT,raw_l2/trade_date=2026-07-17/exchange=NSE/symbol=LT/part-094840_227624-049204.parquet,real_data_sample\l2_unseen_validation\trade_date=2026-07-17\exchange=NSE\symbol=LT\part-094840_227624-049204.parquet,34417,downloaded,34417,
2026-07-17,NSE,LT,raw_l2/trade_date=2026-07-17/exchange=NSE/symbol=LT/part-095144_821716-049620.parquet,real_data_sample\l2_unseen_validation\trade_date=2026-07-17\exchange=NSE\symbol=LT\part-095144_821716-049620.parquet,34609,downloaded,34609,
2026-07-17,NSE,LT,raw_l2/trade_date=2026-07-17/exchange=NSE/symbol=LT/part-095213_292918-049684.parquet,real_data_sample\l2_unseen_validation\trade_date=2026-07-17\exchange=NSE\symbol=LT\part-095213_292918-049684.parquet,34376,downloaded,34376,
2026-07-17,NSE,LT,raw_l2/trade_date=2026-07-17/exchange=NSE/symbol=LT/part-095241_393792-049748.parquet,real_data_sample\l2_unseen_validation\trade_date=2026-07-17\exchange=NSE\symbol=LT\part-095241_393792-049748.parquet,34396,downloaded,34396,
2026-07-17,NSE,LT,raw_l2/trade_date=2026-07-17/exchange=NSE/symbol=LT/part-095005_816854-049396.parquet,real_data_sample\l2_unseen_validation\trade_date=2026-07-17\exchange=NSE\symbol=LT\part-095005_816854-049396.parquet,34619,downloaded,34619,
2026-07-17,NSE,LT,raw_l2/trade_date=2026-07-17/exchange=NSE/symbol=LT/part-095158_760303-049652.parquet,real_data_sample\l2_unseen_validation\trade_date=2026-07-17\exchange=NSE\symbol=LT\part-095158_760303-049652.parquet,34452,downloaded,34452,
2026-07-17,NSE,LT,raw_l2/trade_date=2026-07-17/exchange=NSE/symbol=LT/part-095227_319393-049716.parquet,real_data_sample\l2_unseen_validation\trade_date=2026-07-17\exchange=NSE\symbol=LT\part-095227_319393-049716.parquet,34428,downloaded,34428,
2026-07-17,NSE,LT,raw_l2/trade_date=2026-07-17/exchange=NSE/symbol=LT/part-094811_826050-049140.parquet,real_data_sample\l2_unseen_validation\trade_date=2026-07-17\exchange=NSE\symbol=LT\part-094811_826050-049140.parquet,34627,downloaded,34627,
2026-07-17,NSE,LT,raw_l2/trade_date=2026-07-17/exchange=NSE/symbol=LT/part-094632_300408-048916.parquet,real_data_sample\l2_unseen_validation\trade_date=2026-07-17\exchange=NSE\symbol=LT\part-094632_300408-048916.parquet,34414,downloaded,34414,
2026-07-17,NSE,LT,raw_l2/trade_date=2026-07-17/exchange=NSE/symbol=LT/part-095406_947350-049940.parquet,real_data_sample\l2_unseen_validation\trade_date=2026-07-17\exchange=NSE\symbol=LT\part-095406_947350-049940.parquet,34434,downloaded,34434,
2026-07-17,NSE,LT,raw_l2/trade_date=2026-07-17/exchange=NSE/symbol=LT/part-095338_129293-049876.parquet,real_data_sample\l2_unseen_validation\trade_date=2026-07-17\exchange=NSE\symbol=LT\part-095338_129293-049876.parquet,34377,downloaded,34377,
2026-07-17,NSE,LT,raw_l2/trade_date=2026-07-17/exchange=NSE/symbol=LT/part-095352_540961-049908.parquet,real_data_sample\l2_unseen_validation\trade_date=2026-07-17\exchange=NSE\symbol=LT\part-095352_540961-049908.parquet,34625,downloaded,34625,
2026-07-17,NSE,LT,raw_l2/trade_date=2026-07-17/exchange=NSE/symbol=LT/part-095309_441443-049812.parquet,real_data_sample\l2_unseen_validation\trade_date=2026-07-17\exchange=NSE\symbol=LT\part-095309_441443-049812.parquet,34338,downloaded,34338,
2026-07-17,NSE,LT,raw_l2/trade_date=2026-07-17/exchange=NSE/symbol=LT/part-095323_647317-049844.parquet,real_data_sample\l2_unseen_validation\trade_date=2026-07-17\exchange=NSE\symbol=LT\part-095323_647317-049844.parquet,34415,downloaded,34415,
2026-07-17,NSE,LT,raw_l2/trade_date=2026-07-17/exchange=NSE/symbol=LT/part-095255_340362-049780.parquet,real_data_sample\l2_unseen_validation\trade_date=2026-07-17\exchange=NSE\symbol=LT\part-095255_340362-049780.parquet,34358,downloaded,34358,
2026-07-17,NSE,LT,raw_l2/trade_date=2026-07-17/exchange=NSE/symbol=LT/part-095435_367714-050004.parquet,real_data_sample\l2_unseen_validation\trade_date=2026-07-17\exchange=NSE\symbol=LT\part-095435_367714-050004.parquet,34386,downloaded,34386,
2026-07-17,NSE,LT,raw_l2/trade_date=2026-07-17/exchange=NSE/symbol=LT/part-095503_868293-050068.parquet,real_data_sample\l2_unseen_validation\trade_date=2026-07-17\exchange=NSE\symbol=LT\part-095503_868293-050068.parquet,34449,downloaded,34449,
2026-07-17,NSE,LT,raw_l2/trade_date=2026-07-17/exchange=NSE/symbol=LT/part-095449_696922-050036.parquet,real_data_sample\l2_unseen_validation\trade_date=2026-07-17\exchange=NSE\symbol=LT\part-095449_696922-050036.parquet,34517,downloaded,34517,
2026-07-17,NSE,LT,raw_l2/trade_date=2026-07-17/exchange=NSE/symbol=LT/part-095517_933348-050100.parquet,real_data_sample\l2_unseen_validation\trade_date=2026-07-17\exchange=NSE\symbol=LT\part-095517_933348-050100.parquet,34393,downloaded,34393,
2026-07-17,NSE,LT,raw_l2/trade_date=2026-07-17/exchange=NSE/symbol=LT/part-095421_375132-049972.parquet,real_data_sample\l2_unseen_validation\trade_date=2026-07-17\exchange=NSE\symbol=LT\part-095421_375132-049972.parquet,34396,downloaded,34396,
2026-07-17,NSE,LT,raw_l2/trade_date=2026-07-17/exchange=NSE/symbol=LT/part-095547_093729-050164.parquet,real_data_sample\l2_unseen_validation\trade_date=2026-07-17\exchange=NSE\symbol=LT\part-095547_093729-050164.parquet,34649,downloaded,34649,
2026-07-17,NSE,LT,raw_l2/trade_date=2026-07-17/exchange=NSE/symbol=LT/part-095601_612490-050196.parquet,real_data_sample\l2_unseen_validation\trade_date=2026-07-17\exchange=NSE\symbol=LT\part-095601_612490-050196.parquet,34389,downloaded,34389,
2026-07-17,NSE,LT,raw_l2/trade_date=2026-07-17/exchange=NSE/symbol=LT/part-095840_781341-050548.parquet,real_data_sample\l2_unseen_validation\trade_date=2026-07-17\exchange=NSE\symbol=LT\part-095840_781341-050548.parquet,34324,downloaded,34324,
2026-07-17,NSE,LT,raw_l2/trade_date=2026-07-17/exchange=NSE/symbol=LT/part-095615_932839-050228.parquet,real_data_sample\l2_unseen_validation\trade_date=2026-07-17\exchange=NSE\symbol=LT\part-095615_932839-050228.parquet,34501,downloaded,34501,
2026-07-17,NSE,LT,raw_l2/trade_date=2026-07-17/exchange=NSE/symbol=LT/part-095644_804905-050292.parquet,real_data_sample\l2_unseen_validation\trade_date=2026-07-17\exchange=NSE\symbol=LT\part-095644_804905-050292.parquet,34426,downloaded,34426,
2026-07-17,NSE,LT,raw_l2/trade_date=2026-07-17/exchange=NSE/symbol=LT/part-095757_419551-050452.parquet,real_data_sample\l2_unseen_validation\trade_date=2026-07-17\exchange=NSE\symbol=LT\part-095757_419551-050452.parquet,34081,downloaded,34081,
2026-07-17,NSE,LT,raw_l2/trade_date=2026-07-17/exchange=NSE/symbol=LT/part-095659_640270-050324.parquet,real_data_sample\l2_unseen_validation\trade_date=2026-07-17\exchange=NSE\symbol=LT\part-095659_640270-050324.parquet,34611,downloaded,34611,
2026-07-17,NSE,LT,raw_l2/trade_date=2026-07-17/exchange=NSE/symbol=LT/part-095743_199955-050420.parquet,real_data_sample\l2_unseen_validation\trade_date=2026-07-17\exchange=NSE\symbol=LT\part-095743_199955-050420.parquet,34420,downloaded,34420,
2026-07-17,NSE,LT,raw_l2/trade_date=2026-07-17/exchange=NSE/symbol=LT/part-095532_343278-050132.parquet,real_data_sample\l2_unseen_validation\trade_date=2026-07-17\exchange=NSE\symbol=LT\part-095532_343278-050132.parquet,34323,downloaded,34323,
2026-07-17,NSE,LT,raw_l2/trade_date=2026-07-17/exchange=NSE/symbol=LT/part-095714_344465-050356.parquet,real_data_sample\l2_unseen_validation\trade_date=2026-07-17\exchange=NSE\symbol=LT\part-095714_344465-050356.parquet,34395,downloaded,34395,
2026-07-17,NSE,LT,raw_l2/trade_date=2026-07-17/exchange=NSE/symbol=LT/part-095630_360254-050260.parquet,real_data_sample\l2_unseen_validation\trade_date=2026-07-17\exchange=NSE\symbol=LT\part-095630_360254-050260.parquet,34292,downloaded,34292,
2026-07-17,NSE,LT,raw_l2/trade_date=2026-07-17/exchange=NSE/symbol=LT/part-095728_806310-050388.parquet,real_data_sample\l2_unseen_validation\trade_date=2026-07-17\exchange=NSE\symbol=LT\part-095728_806310-050388.parquet,34541,downloaded,34541,
2026-07-17,NSE,LT,raw_l2/trade_date=2026-07-17/exchange=NSE/symbol=LT/part-095825_796534-050516.parquet,real_data_sample\l2_unseen_validation\trade_date=2026-07-17\exchange=NSE\symbol=LT\part-095825_796534-050516.parquet,34658,downloaded,34658,
2026-07-17,NSE,LT,raw_l2/trade_date=2026-07-17/exchange=NSE/symbol=LT/part-100128_702226-050779.parquet,real_data_sample\l2_unseen_validation\trade_date=2026-07-17\exchange=NSE\symbol=LT\part-100128_702226-050779.parquet,34026,downloaded,34026,
2026-07-17,NSE,LT,raw_l2/trade_date=2026-07-17/exchange=NSE/symbol=LT/part-100113_986070-050759.parquet,real_data_sample\l2_unseen_validation\trade_date=2026-07-17\exchange=NSE\symbol=LT\part-100113_986070-050759.parquet,34026,downloaded,34026,
2026-07-17,NSE,LT,raw_l2/trade_date=2026-07-17/exchange=NSE/symbol=LT/part-095855_298462-050580.parquet,real_data_sample\l2_unseen_validation\trade_date=2026-07-17\exchange=NSE\symbol=LT\part-095855_298462-050580.parquet,34324,downloaded,34324,
2026-07-17,NSE,LT,raw_l2/trade_date=2026-07-17/exchange=NSE/symbol=LT/part-095811_611005-050484.parquet,real_data_sample\l2_unseen_validation\trade_date=2026-07-17\exchange=NSE\symbol=LT\part-095811_611005-050484.parquet,34403,downloaded,34403,
2026-07-17,NSE,M&M,raw_l2/trade_date=2026-07-17/exchange=NSE/symbol=M&M/part-034503_396808-000021.parquet,real_data_sample\l2_unseen_validation\trade_date=2026-07-17\exchange=NSE\symbol=M&M\part-034503_396808-000021.parquet,34040,downloaded,34040,
2026-07-17,NSE,LT,raw_l2/trade_date=2026-07-17/exchange=NSE/symbol=LT/part-095116_756068-049556.parquet,real_data_sample\l2_unseen_validation\trade_date=2026-07-17\exchange=NSE\symbol=LT\part-095116_756068-049556.parquet,34099,downloaded,34099,
2026-07-17,NSE,LT,raw_l2/trade_date=2026-07-17/exchange=NSE/symbol=LT/part-095953_103801-050708.parquet,real_data_sample\l2_unseen_validation\trade_date=2026-07-17\exchange=NSE\symbol=LT\part-095953_103801-050708.parquet,34413,downloaded,34413,
2026-07-17,NSE,M&M,raw_l2/trade_date=2026-07-17/exchange=NSE/symbol=M&M/part-034531_283121-000085.parquet,real_data_sample\l2_unseen_validation\trade_date=2026-07-17\exchange=NSE\symbol=M&M\part-034531_283121-000085.parquet,36229,downloaded,36229,
2026-07-17,NSE,LT,raw_l2/trade_date=2026-07-17/exchange=NSE/symbol=LT/part-095924_309131-050644.parquet,real_data_sample\l2_unseen_validation\trade_date=2026-07-17\exchange=NSE\symbol=LT\part-095924_309131-050644.parquet,34331,downloaded,34331,
2026-07-17,NSE,LT,raw_l2/trade_date=2026-07-17/exchange=NSE/symbol=LT/part-095938_777246-050676.parquet,real_data_sample\l2_unseen_validation\trade_date=2026-07-17\exchange=NSE\symbol=LT\part-095938_777246-050676.parquet,34414,downloaded,34414,
2026-07-17,NSE,LT,raw_l2/trade_date=2026-07-17/exchange=NSE/symbol=LT/part-095909_768436-050612.parquet,real_data_sample\l2_unseen_validation\trade_date=2026-07-17\exchange=NSE\symbol=LT\part-095909_768436-050612.parquet,34383,downloaded,34383,
2026-07-17,NSE,M&M,raw_l2/trade_date=2026-07-17/exchange=NSE/symbol=M&M/part-034545_329685-000117.parquet,real_data_sample\l2_unseen_validation\trade_date=2026-07-17\exchange=NSE\symbol=M&M\part-034545_329685-000117.parquet,36229,downloaded,36229,
2026-07-17,NSE,M&M,raw_l2/trade_date=2026-07-17/exchange=NSE/symbol=M&M/part-034517_484136-000053.parquet,real_data_sample\l2_unseen_validation\trade_date=2026-07-17\exchange=NSE\symbol=M&M\part-034517_484136-000053.parquet,36503,downloaded,36503,
2026-07-17,NSE,M&M,raw_l2/trade_date=2026-07-17/exchange=NSE/symbol=M&M/part-034655_794524-000277.parquet,real_data_sample\l2_unseen_validation\trade_date=2026-07-17\exchange=NSE\symbol=M&M\part-034655_794524-000277.parquet,36116,downloaded,36116,
2026-07-17,NSE,M&M,raw_l2/trade_date=2026-07-17/exchange=NSE/symbol=M&M/part-034627_591443-000213.parquet,real_data_sample\l2_unseen_validation\trade_date=2026-07-17\exchange=NSE\symbol=M&M\part-034627_591443-000213.parquet,36360,downloaded,36360,
2026-07-17,NSE,M&M,raw_l2/trade_date=2026-07-17/exchange=NSE/symbol=M&M/part-034613_689269-000181.parquet,real_data_sample\l2_unseen_validation\trade_date=2026-07-17\exchange=NSE\symbol=M&M\part-034613_689269-000181.parquet,36090,downloaded,36090,
2026-07-17,NSE,M&M,raw_l2/trade_date=2026-07-17/exchange=NSE/symbol=M&M/part-034559_567353-000149.parquet,real_data_sample\l2_unseen_validation\trade_date=2026-07-17\exchange=NSE\symbol=M&M\part-034559_567353-000149.parquet,36401,downloaded,36401,
2026-07-17,NSE,M&M,raw_l2/trade_date=2026-07-17/exchange=NSE/symbol=M&M/part-034642_056879-000245.parquet,real_data_sample\l2_unseen_validation\trade_date=2026-07-17\exchange=NSE\symbol=M&M\part-034642_056879-000245.parquet,36475,downloaded,36475,
2026-07-17,NSE,M&M,raw_l2/trade_date=2026-07-17/exchange=NSE/symbol=M&M/part-034709_577360-000309.parquet,real_data_sample\l2_unseen_validation\trade_date=2026-07-17\exchange=NSE\symbol=M&M\part-034709_577360-000309.parquet,36114,downloaded,36114,
2026-07-17,NSE,M&M,raw_l2/trade_date=2026-07-17/exchange=NSE/symbol=M&M/part-034723_646223-000341.parquet,real_data_sample\l2_unseen_validation\trade_date=2026-07-17\exchange=NSE\symbol=M&M\part-034723_646223-000341.parquet,36281,downloaded,36281,
2026-07-17,NSE,M&M,raw_l2/trade_date=2026-07-17/exchange=NSE/symbol=M&M/part-035325_287313-001173.parquet,real_data_sample\l2_unseen_validation\trade_date=2026-07-17\exchange=NSE\symbol=M&M\part-035325_287313-001173.parquet,36319,downloaded,36319,
2026-07-17,NSE,M&M,raw_l2/trade_date=2026-07-17/exchange=NSE/symbol=M&M/part-035339_215435-001205.parquet,real_data_sample\l2_unseen_validation\trade_date=2026-07-17\exchange=NSE\symbol=M&M\part-035339_215435-001205.parquet,36099,downloaded,36099,
2026-07-17,NSE,LT,raw_l2/trade_date=2026-07-17/exchange=NSE/symbol=LT/part-100007_484593-050740.parquet,real_data_sample\l2_unseen_validation\trade_date=2026-07-17\exchange=NSE\symbol=LT\part-100007_484593-050740.parquet,34331,downloaded,34331,
2026-07-17,NSE,M&M,raw_l2/trade_date=2026-07-17/exchange=NSE/symbol=M&M/part-034751_802108-000405.parquet,real_data_sample\l2_unseen_validation\trade_date=2026-07-17\exchange=NSE\symbol=M&M\part-034751_802108-000405.parquet,36531,downloaded,36531,
2026-07-17,NSE,M&M,raw_l2/trade_date=2026-07-17/exchange=NSE/symbol=M&M/part-034806_248051-000437.parquet,real_data_sample\l2_unseen_validation\trade_date=2026-07-17\exchange=NSE\symbol=M&M\part-034806_248051-000437.parquet,36339,downloaded,36339,
2026-07-17,NSE,M&M,raw_l2/trade_date=2026-07-17/exchange=NSE/symbol=M&M/part-034737_760824-000373.parquet,real_data_sample\l2_unseen_validation\trade_date=2026-07-17\exchange=NSE\symbol=M&M\part-034737_760824-000373.parquet,36288,downloaded,36288,
2026-07-17,NSE,M&M,raw_l2/trade_date=2026-07-17/exchange=NSE/symbol=M&M/part-035215_736759-001013.parquet,real_data_sample\l2_unseen_validation\trade_date=2026-07-17\exchange=NSE\symbol=M&M\part-035215_736759-001013.parquet,36129,downloaded,36129,
2026-07-17,NSE,M&M,raw_l2/trade_date=2026-07-17/exchange=NSE/symbol=M&M/part-035243_563627-001077.parquet,real_data_sample\l2_unseen_validation\trade_date=2026-07-17\exchange=NSE\symbol=M&M\part-035243_563627-001077.parquet,36120,downloaded,36120,
2026-07-17,NSE,M&M,raw_l2/trade_date=2026-07-17/exchange=NSE/symbol=M&M/part-035257_701020-001109.parquet,real_data_sample\l2_unseen_validation\trade_date=2026-07-17\exchange=NSE\symbol=M&M\part-035257_701020-001109.parquet,36491,downloaded,36491,
2026-07-17,NSE,M&M,raw_l2/trade_date=2026-07-17/exchange=NSE/symbol=M&M/part-034901_314558-000565.parquet,real_data_sample\l2_unseen_validation\trade_date=2026-07-17\exchange=NSE\symbol=M&M\part-034901_314558-000565.parquet,36327,downloaded,36327,
2026-07-17,NSE,M&M,raw_l2/trade_date=2026-07-17/exchange=NSE/symbol=M&M/part-035353_067930-001237.parquet,real_data_sample\l2_unseen_validation\trade_date=2026-07-17\exchange=NSE\symbol=M&M\part-035353_067930-001237.parquet,36320,downloaded,36320,
2026-07-17,NSE,M&M,raw_l2/trade_date=2026-07-17/exchange=NSE/symbol=M&M/part-034819_990828-000469.parquet,real_data_sample\l2_unseen_validation\trade_date=2026-07-17\exchange=NSE\symbol=M&M\part-034819_990828-000469.parquet,36387,downloaded,36387,
2026-07-17,NSE,M&M,raw_l2/trade_date=2026-07-17/exchange=NSE/symbol=M&M/part-034847_532617-000533.parquet,real_data_sample\l2_unseen_validation\trade_date=2026-07-17\exchange=NSE\symbol=M&M\part-034847_532617-000533.parquet,36269,downloaded,36269,
2026-07-17,NSE,M&M,raw_l2/trade_date=2026-07-17/exchange=NSE/symbol=M&M/part-035407_005502-001269.parquet,real_data_sample\l2_unseen_validation\trade_date=2026-07-17\exchange=NSE\symbol=M&M\part-035407_005502-001269.parquet,36400,downloaded,36400,
2026-07-17,NSE,M&M,raw_l2/trade_date=2026-07-17/exchange=NSE/symbol=M&M/part-035311_483509-001141.parquet,real_data_sample\l2_unseen_validation\trade_date=2026-07-17\exchange=NSE\symbol=M&M\part-035311_483509-001141.parquet,36247,downloaded,36247,
2026-07-17,NSE,M&M,raw_l2/trade_date=2026-07-17/exchange=NSE/symbol=M&M/part-035147_855046-000949.parquet,real_data_sample\l2_unseen_validation\trade_date=2026-07-17\exchange=NSE\symbol=M&M\part-035147_855046-000949.parquet,36477,downloaded,36477,
2026-07-17,NSE,M&M,raw_l2/trade_date=2026-07-17/exchange=NSE/symbol=M&M/part-035134_026812-000917.parquet,real_data_sample\l2_unseen_validation\trade_date=2026-07-17\exchange=NSE\symbol=M&M\part-035134_026812-000917.parquet,36389,downloaded,36389,
2026-07-17,NSE,M&M,raw_l2/trade_date=2026-07-17/exchange=NSE/symbol=M&M/part-034929_437513-000629.parquet,real_data_sample\l2_unseen_validation\trade_date=2026-07-17\exchange=NSE\symbol=M&M\part-034929_437513-000629.parquet,36221,downloaded,36221,
2026-07-17,NSE,M&M,raw_l2/trade_date=2026-07-17/exchange=NSE/symbol=M&M/part-034833_776973-000501.parquet,real_data_sample\l2_unseen_validation\trade_date=2026-07-17\exchange=NSE\symbol=M&M\part-034833_776973-000501.parquet,36287,downloaded,36287,
2026-07-17,NSE,M&M,raw_l2/trade_date=2026-07-17/exchange=NSE/symbol=M&M/part-034943_345282-000661.parquet,real_data_sample\l2_unseen_validation\trade_date=2026-07-17\exchange=NSE\symbol=M&M\part-034943_345282-000661.parquet,36249,downloaded,36249,
2026-07-17,NSE,M&M,raw_l2/trade_date=2026-07-17/exchange=NSE/symbol=M&M/part-035229_607762-001045.parquet,real_data_sample\l2_unseen_validation\trade_date=2026-07-17\exchange=NSE\symbol=M&M\part-035229_607762-001045.parquet,36235,downloaded,36235,
2026-07-17,NSE,M&M,raw_l2/trade_date=2026-07-17/exchange=NSE/symbol=M&M/part-034915_403004-000597.parquet,real_data_sample\l2_unseen_validation\trade_date=2026-07-17\exchange=NSE\symbol=M&M\part-034915_403004-000597.parquet,36351,downloaded,36351,
2026-07-17,NSE,M&M,raw_l2/trade_date=2026-07-17/exchange=NSE/symbol=M&M/part-035052_787280-000821.parquet,real_data_sample\l2_unseen_validation\trade_date=2026-07-17\exchange=NSE\symbol=M&M\part-035052_787280-000821.parquet,36634,downloaded,36634,
2026-07-17,NSE,M&M,raw_l2/trade_date=2026-07-17/exchange=NSE/symbol=M&M/part-035420_693341-001301.parquet,real_data_sample\l2_unseen_validation\trade_date=2026-07-17\exchange=NSE\symbol=M&M\part-035420_693341-001301.parquet,36174,downloaded,36174,
2026-07-17,NSE,M&M,raw_l2/trade_date=2026-07-17/exchange=NSE/symbol=M&M/part-035201_878589-000981.parquet,real_data_sample\l2_unseen_validation\trade_date=2026-07-17\exchange=NSE\symbol=M&M\part-035201_878589-000981.parquet,36701,downloaded,36701,
2026-07-17,NSE,M&M,raw_l2/trade_date=2026-07-17/exchange=NSE/symbol=M&M/part-034957_490311-000693.parquet,real_data_sample\l2_unseen_validation\trade_date=2026-07-17\exchange=NSE\symbol=M&M\part-034957_490311-000693.parquet,36491,downloaded,36491,
2026-07-17,NSE,M&M,raw_l2/trade_date=2026-07-17/exchange=NSE/symbol=M&M/part-035025_326729-000757.parquet,real_data_sample\l2_unseen_validation\trade_date=2026-07-17\exchange=NSE\symbol=M&M\part-035025_326729-000757.parquet,36490,downloaded,36490,
2026-07-17,NSE,M&M,raw_l2/trade_date=2026-07-17/exchange=NSE/symbol=M&M/part-035011_364942-000725.parquet,real_data_sample\l2_unseen_validation\trade_date=2026-07-17\exchange=NSE\symbol=M&M\part-035011_364942-000725.parquet,36206,downloaded,36206,
2026-07-17,NSE,M&M,raw_l2/trade_date=2026-07-17/exchange=NSE/symbol=M&M/part-035039_077299-000789.parquet,real_data_sample\l2_unseen_validation\trade_date=2026-07-17\exchange=NSE\symbol=M&M\part-035039_077299-000789.parquet,36349,downloaded,36349,
2026-07-17,NSE,M&M,raw_l2/trade_date=2026-07-17/exchange=NSE/symbol=M&M/part-035106_492857-000853.parquet,real_data_sample\l2_unseen_validation\trade_date=2026-07-17\exchange=NSE\symbol=M&M\part-035106_492857-000853.parquet,36331,downloaded,36331,
2026-07-17,NSE,M&M,raw_l2/trade_date=2026-07-17/exchange=NSE/symbol=M&M/part-035558_464530-001525.parquet,real_data_sample\l2_unseen_validation\trade_date=2026-07-17\exchange=NSE\symbol=M&M\part-035558_464530-001525.parquet,36115,downloaded,36115,
2026-07-17,NSE,M&M,raw_l2/trade_date=2026-07-17/exchange=NSE/symbol=M&M/part-035654_337885-001653.parquet,real_data_sample\l2_unseen_validation\trade_date=2026-07-17\exchange=NSE\symbol=M&M\part-035654_337885-001653.parquet,36269,downloaded,36269,
2026-07-17,NSE,M&M,raw_l2/trade_date=2026-07-17/exchange=NSE/symbol=M&M/part-035530_621488-001461.parquet,real_data_sample\l2_unseen_validation\trade_date=2026-07-17\exchange=NSE\symbol=M&M\part-035530_621488-001461.parquet,36061,downloaded,36061,
2026-07-17,NSE,M&M,raw_l2/trade_date=2026-07-17/exchange=NSE/symbol=M&M/part-040011_262209-002101.parquet,real_data_sample\l2_unseen_validation\trade_date=2026-07-17\exchange=NSE\symbol=M&M\part-040011_262209-002101.parquet,36125,downloaded,36125,
2026-07-17,NSE,M&M,raw_l2/trade_date=2026-07-17/exchange=NSE/symbol=M&M/part-040052_892983-002197.parquet,real_data_sample\l2_unseen_validation\trade_date=2026-07-17\exchange=NSE\symbol=M&M\part-040052_892983-002197.parquet,36058,downloaded,36058,
2026-07-17,NSE,M&M,raw_l2/trade_date=2026-07-17/exchange=NSE/symbol=M&M/part-040106_866812-002229.parquet,real_data_sample\l2_unseen_validation\trade_date=2026-07-17\exchange=NSE\symbol=M&M\part-040106_866812-002229.parquet,36069,downloaded,36069,
2026-07-17,NSE,M&M,raw_l2/trade_date=2026-07-17/exchange=NSE/symbol=M&M/part-040134_533106-002293.parquet,real_data_sample\l2_unseen_validation\trade_date=2026-07-17\exchange=NSE\symbol=M&M\part-040134_533106-002293.parquet,35825,downloaded,35825,
2026-07-17,NSE,M&M,raw_l2/trade_date=2026-07-17/exchange=NSE/symbol=M&M/part-040025_351401-002133.parquet,real_data_sample\l2_unseen_validation\trade_date=2026-07-17\exchange=NSE\symbol=M&M\part-040025_351401-002133.parquet,36125,downloaded,36125,
2026-07-17,NSE,M&M,raw_l2/trade_date=2026-07-17/exchange=NSE/symbol=M&M/part-035901_210885-001941.parquet,real_data_sample\l2_unseen_validation\trade_date=2026-07-17\exchange=NSE\symbol=M&M\part-035901_210885-001941.parquet,36368,downloaded,36368,
2026-07-17,NSE,M&M,raw_l2/trade_date=2026-07-17/exchange=NSE/symbol=M&M/part-035120_322513-000885.parquet,real_data_sample\l2_unseen_validation\trade_date=2026-07-17\exchange=NSE\symbol=M&M\part-035120_322513-000885.parquet,36522,downloaded,36522,
2026-07-17,NSE,M&M,raw_l2/trade_date=2026-07-17/exchange=NSE/symbol=M&M/part-035915_197966-001973.parquet,real_data_sample\l2_unseen_validation\trade_date=2026-07-17\exchange=NSE\symbol=M&M\part-035915_197966-001973.parquet,36024,downloaded,36024,
2026-07-17,NSE,M&M,raw_l2/trade_date=2026-07-17/exchange=NSE/symbol=M&M/part-040120_697482-002261.parquet,real_data_sample\l2_unseen_validation\trade_date=2026-07-17\exchange=NSE\symbol=M&M\part-040120_697482-002261.parquet,35951,downloaded,35951,
2026-07-17,NSE,M&M,raw_l2/trade_date=2026-07-17/exchange=NSE/symbol=M&M/part-035833_170747-001877.parquet,real_data_sample\l2_unseen_validation\trade_date=2026-07-17\exchange=NSE\symbol=M&M\part-035833_170747-001877.parquet,36144,downloaded,36144,
2026-07-17,NSE,M&M,raw_l2/trade_date=2026-07-17/exchange=NSE/symbol=M&M/part-035957_181459-002069.parquet,real_data_sample\l2_unseen_validation\trade_date=2026-07-17\exchange=NSE\symbol=M&M\part-035957_181459-002069.parquet,36238,downloaded,36238,
2026-07-17,NSE,M&M,raw_l2/trade_date=2026-07-17/exchange=NSE/symbol=M&M/part-040039_216634-002165.parquet,real_data_sample\l2_unseen_validation\trade_date=2026-07-17\exchange=NSE\symbol=M&M\part-040039_216634-002165.parquet,36220,downloaded,36220,
2026-07-17,NSE,M&M,raw_l2/trade_date=2026-07-17/exchange=NSE/symbol=M&M/part-035847_109625-001909.parquet,real_data_sample\l2_unseen_validation\trade_date=2026-07-17\exchange=NSE\symbol=M&M\part-035847_109625-001909.parquet,36208,downloaded,36208,
2026-07-17,NSE,M&M,raw_l2/trade_date=2026-07-17/exchange=NSE/symbol=M&M/part-035943_193204-002037.parquet,real_data_sample\l2_unseen_validation\trade_date=2026-07-17\exchange=NSE\symbol=M&M\part-035943_193204-002037.parquet,36199,downloaded,36199,
2026-07-17,NSE,M&M,raw_l2/trade_date=2026-07-17/exchange=NSE/symbol=M&M/part-035819_197132-001845.parquet,real_data_sample\l2_unseen_validation\trade_date=2026-07-17\exchange=NSE\symbol=M&M\part-035819_197132-001845.parquet,36502,downloaded,36502,
2026-07-17,NSE,M&M,raw_l2/trade_date=2026-07-17/exchange=NSE/symbol=M&M/part-035929_069590-002005.parquet,real_data_sample\l2_unseen_validation\trade_date=2026-07-17\exchange=NSE\symbol=M&M\part-035929_069590-002005.parquet,36302,downloaded,36302,
2026-07-17,NSE,M&M,raw_l2/trade_date=2026-07-17/exchange=NSE/symbol=M&M/part-040148_274457-002325.parquet,real_data_sample\l2_unseen_validation\trade_date=2026-07-17\exchange=NSE\symbol=M&M\part-040148_274457-002325.parquet,36089,downloaded,36089,
2026-07-17,NSE,M&M,raw_l2/trade_date=2026-07-17/exchange=NSE/symbol=M&M/part-040202_345346-002357.parquet,real_data_sample\l2_unseen_validation\trade_date=2026-07-17\exchange=NSE\symbol=M&M\part-040202_345346-002357.parquet,36009,downloaded,36009,
2026-07-17,NSE,M&M,raw_l2/trade_date=2026-07-17/exchange=NSE/symbol=M&M/part-040216_215559-002389.parquet,real_data_sample\l2_unseen_validation\trade_date=2026-07-17\exchange=NSE\symbol=M&M\part-040216_215559-002389.parquet,36064,downloaded,36064,
2026-07-17,NSE,M&M,raw_l2/trade_date=2026-07-17/exchange=NSE/symbol=M&M/part-040230_194962-002421.parquet,real_data_sample\l2_unseen_validation\trade_date=2026-07-17\exchange=NSE\symbol=M&M\part-040230_194962-002421.parquet,36624,downloaded,36624,
2026-07-17,NSE,M&M,raw_l2/trade_date=2026-07-17/exchange=NSE/symbol=M&M/part-040244_619108-002453.parquet,real_data_sample\l2_unseen_validation\trade_date=2026-07-17\exchange=NSE\symbol=M&M\part-040244_619108-002453.parquet,36024,downloaded,36024,
2026-07-17,NSE,M&M,raw_l2/trade_date=2026-07-17/exchange=NSE/symbol=M&M/part-040259_004761-002485.parquet,real_data_sample\l2_unseen_validation\trade_date=2026-07-17\exchange=NSE\symbol=M&M\part-040259_004761-002485.parquet,36001,downloaded,36001,
2026-07-17,NSE,M&M,raw_l2/trade_date=2026-07-17/exchange=NSE/symbol=M&M/part-040313_404863-002517.parquet,real_data_sample\l2_unseen_validation\trade_date=2026-07-17\exchange=NSE\symbol=M&M\part-040313_404863-002517.parquet,36147,downloaded,36147,
2026-07-17,NSE,M&M,raw_l2/trade_date=2026-07-17/exchange=NSE/symbol=M&M/part-040341_756620-002581.parquet,real_data_sample\l2_unseen_validation\trade_date=2026-07-17\exchange=NSE\symbol=M&M\part-040341_756620-002581.parquet,35679,downloaded,35679,
2026-07-17,NSE,M&M,raw_l2/trade_date=2026-07-17/exchange=NSE/symbol=M&M/part-040548_297837-002869.parquet,real_data_sample\l2_unseen_validation\trade_date=2026-07-17\exchange=NSE\symbol=M&M\part-040548_297837-002869.parquet,35902,downloaded,35902,
2026-07-17,NSE,M&M,raw_l2/trade_date=2026-07-17/exchange=NSE/symbol=M&M/part-040437_868537-002709.parquet,real_data_sample\l2_unseen_validation\trade_date=2026-07-17\exchange=NSE\symbol=M&M\part-040437_868537-002709.parquet,34400,downloaded,34400,
2026-07-17,NSE,M&M,raw_l2/trade_date=2026-07-17/exchange=NSE/symbol=M&M/part-040327_578002-002549.parquet,real_data_sample\l2_unseen_validation\trade_date=2026-07-17\exchange=NSE\symbol=M&M\part-040327_578002-002549.parquet,35761,downloaded,35761,
2026-07-17,NSE,M&M,raw_l2/trade_date=2026-07-17/exchange=NSE/symbol=M&M/part-040423_920177-002677.parquet,real_data_sample\l2_unseen_validation\trade_date=2026-07-17\exchange=NSE\symbol=M&M\part-040423_920177-002677.parquet,34660,downloaded,34660,
2026-07-17,NSE,M&M,raw_l2/trade_date=2026-07-17/exchange=NSE/symbol=M&M/part-040520_331579-002805.parquet,real_data_sample\l2_unseen_validation\trade_date=2026-07-17\exchange=NSE\symbol=M&M\part-040520_331579-002805.parquet,35383,downloaded,35383,
2026-07-17,NSE,M&M,raw_l2/trade_date=2026-07-17/exchange=NSE/symbol=M&M/part-040451_768488-002741.parquet,real_data_sample\l2_unseen_validation\trade_date=2026-07-17\exchange=NSE\symbol=M&M\part-040451_768488-002741.parquet,34453,downloaded,34453,
2026-07-17,NSE,M&M,raw_l2/trade_date=2026-07-17/exchange=NSE/symbol=M&M/part-040506_055914-002773.parquet,real_data_sample\l2_unseen_validation\trade_date=2026-07-17\exchange=NSE\symbol=M&M\part-040506_055914-002773.parquet,34474,downloaded,34474,
2026-07-17,NSE,M&M,raw_l2/trade_date=2026-07-17/exchange=NSE/symbol=M&M/part-040409_966960-002645.parquet,real_data_sample\l2_unseen_validation\trade_date=2026-07-17\exchange=NSE\symbol=M&M\part-040409_966960-002645.parquet,35962,downloaded,35962,
2026-07-17,NSE,M&M,raw_l2/trade_date=2026-07-17/exchange=NSE/symbol=M&M/part-040534_310447-002837.parquet,real_data_sample\l2_unseen_validation\trade_date=2026-07-17\exchange=NSE\symbol=M&M\part-040534_310447-002837.parquet,36044,downloaded,36044,
2026-07-17,NSE,M&M,raw_l2/trade_date=2026-07-17/exchange=NSE/symbol=M&M/part-040602_443792-002901.parquet,real_data_sample\l2_unseen_validation\trade_date=2026-07-17\exchange=NSE\symbol=M&M\part-040602_443792-002901.parquet,36155,downloaded,36155,
2026-07-17,NSE,M&M,raw_l2/trade_date=2026-07-17/exchange=NSE/symbol=M&M/part-040616_286234-002933.parquet,real_data_sample\l2_unseen_validation\trade_date=2026-07-17\exchange=NSE\symbol=M&M\part-040616_286234-002933.parquet,35971,downloaded,35971,
2026-07-17,NSE,M&M,raw_l2/trade_date=2026-07-17/exchange=NSE/symbol=M&M/part-040644_083708-002997.parquet,real_data_sample\l2_unseen_validation\trade_date=2026-07-17\exchange=NSE\symbol=M&M\part-040644_083708-002997.parquet,36112,downloaded,36112,
2026-07-17,NSE,M&M,raw_l2/trade_date=2026-07-17/exchange=NSE/symbol=M&M/part-040630_294002-002965.parquet,real_data_sample\l2_unseen_validation\trade_date=2026-07-17\exchange=NSE\symbol=M&M\part-040630_294002-002965.parquet,35957,downloaded,35957,
2026-07-17,NSE,M&M,raw_l2/trade_date=2026-07-17/exchange=NSE/symbol=M&M/part-040658_062932-003029.parquet,real_data_sample\l2_unseen_validation\trade_date=2026-07-17\exchange=NSE\symbol=M&M\part-040658_062932-003029.parquet,35466,downloaded,35466,
2026-07-17,NSE,M&M,raw_l2/trade_date=2026-07-17/exchange=NSE/symbol=M&M/part-040712_078927-003061.parquet,real_data_sample\l2_unseen_validation\trade_date=2026-07-17\exchange=NSE\symbol=M&M\part-040712_078927-003061.parquet,36238,downloaded,36238,
2026-07-17,NSE,M&M,raw_l2/trade_date=2026-07-17/exchange=NSE/symbol=M&M/part-040726_120838-003093.parquet,real_data_sample\l2_unseen_validation\trade_date=2026-07-17\exchange=NSE\symbol=M&M\part-040726_120838-003093.parquet,35690,downloaded,35690,
2026-07-17,NSE,M&M,raw_l2/trade_date=2026-07-17/exchange=NSE/symbol=M&M/part-041044_746915-003541.parquet,real_data_sample\l2_unseen_validation\trade_date=2026-07-17\exchange=NSE\symbol=M&M\part-041044_746915-003541.parquet,35547,downloaded,35547,
2026-07-17,NSE,M&M,raw_l2/trade_date=2026-07-17/exchange=NSE/symbol=M&M/part-040754_335298-003157.parquet,real_data_sample\l2_unseen_validation\trade_date=2026-07-17\exchange=NSE\symbol=M&M\part-040754_335298-003157.parquet,35571,downloaded,35571,
2026-07-17,NSE,M&M,raw_l2/trade_date=2026-07-17/exchange=NSE/symbol=M&M/part-041030_622397-003509.parquet,real_data_sample\l2_unseen_validation\trade_date=2026-07-17\exchange=NSE\symbol=M&M\part-041030_622397-003509.parquet,35932,downloaded,35932,
2026-07-17,NSE,M&M,raw_l2/trade_date=2026-07-17/exchange=NSE/symbol=M&M/part-040355_923435-002613.parquet,real_data_sample\l2_unseen_validation\trade_date=2026-07-17\exchange=NSE\symbol=M&M\part-040355_923435-002613.parquet,35588,downloaded,35588,
2026-07-17,NSE,M&M,raw_l2/trade_date=2026-07-17/exchange=NSE/symbol=M&M/part-040948_180888-003413.parquet,real_data_sample\l2_unseen_validation\trade_date=2026-07-17\exchange=NSE\symbol=M&M\part-040948_180888-003413.parquet,34670,downloaded,34670,
2026-07-17,NSE,M&M,raw_l2/trade_date=2026-07-17/exchange=NSE/symbol=M&M/part-040822_850529-003221.parquet,real_data_sample\l2_unseen_validation\trade_date=2026-07-17\exchange=NSE\symbol=M&M\part-040822_850529-003221.parquet,35854,downloaded,35854,
2026-07-17,NSE,M&M,raw_l2/trade_date=2026-07-17/exchange=NSE/symbol=M&M/part-041002_486830-003445.parquet,real_data_sample\l2_unseen_validation\trade_date=2026-07-17\exchange=NSE\symbol=M&M\part-041002_486830-003445.parquet,34436,downloaded,34436,
2026-07-17,NSE,M&M,raw_l2/trade_date=2026-07-17/exchange=NSE/symbol=M&M/part-041059_132255-003573.parquet,real_data_sample\l2_unseen_validation\trade_date=2026-07-17\exchange=NSE\symbol=M&M\part-041059_132255-003573.parquet,35710,downloaded,35710,
2026-07-17,NSE,M&M,raw_l2/trade_date=2026-07-17/exchange=NSE/symbol=M&M/part-040851_257992-003285.parquet,real_data_sample\l2_unseen_validation\trade_date=2026-07-17\exchange=NSE\symbol=M&M\part-040851_257992-003285.parquet,35618,downloaded,35618,
2026-07-17,NSE,M&M,raw_l2/trade_date=2026-07-17/exchange=NSE/symbol=M&M/part-040808_340753-003189.parquet,real_data_sample\l2_unseen_validation\trade_date=2026-07-17\exchange=NSE\symbol=M&M\part-040808_340753-003189.parquet,35774,downloaded,35774,
2026-07-17,NSE,M&M,raw_l2/trade_date=2026-07-17/exchange=NSE/symbol=M&M/part-040836_854142-003253.parquet,real_data_sample\l2_unseen_validation\trade_date=2026-07-17\exchange=NSE\symbol=M&M\part-040836_854142-003253.parquet,35598,downloaded,35598,
2026-07-17,NSE,M&M,raw_l2/trade_date=2026-07-17/exchange=NSE/symbol=M&M/part-040905_365049-003317.parquet,real_data_sample\l2_unseen_validation\trade_date=2026-07-17\exchange=NSE\symbol=M&M\part-040905_365049-003317.parquet,35885,downloaded,35885,
2026-07-17,NSE,M&M,raw_l2/trade_date=2026-07-17/exchange=NSE/symbol=M&M/part-040740_300287-003125.parquet,real_data_sample\l2_unseen_validation\trade_date=2026-07-17\exchange=NSE\symbol=M&M\part-040740_300287-003125.parquet,35917,downloaded,35917,
2026-07-17,NSE,M&M,raw_l2/trade_date=2026-07-17/exchange=NSE/symbol=M&M/part-041113_254005-003605.parquet,real_data_sample\l2_unseen_validation\trade_date=2026-07-17\exchange=NSE\symbol=M&M\part-041113_254005-003605.parquet,35808,downloaded,35808,
2026-07-17,NSE,M&M,raw_l2/trade_date=2026-07-17/exchange=NSE/symbol=M&M/part-040919_514498-003349.parquet,real_data_sample\l2_unseen_validation\trade_date=2026-07-17\exchange=NSE\symbol=M&M\part-040919_514498-003349.parquet,35180,downloaded,35180,
2026-07-17,NSE,M&M,raw_l2/trade_date=2026-07-17/exchange=NSE/symbol=M&M/part-041016_277893-003477.parquet,real_data_sample\l2_unseen_validation\trade_date=2026-07-17\exchange=NSE\symbol=M&M\part-041016_277893-003477.parquet,35071,downloaded,35071,
2026-07-17,NSE,M&M,raw_l2/trade_date=2026-07-17/exchange=NSE/symbol=M&M/part-040933_875360-003381.parquet,real_data_sample\l2_unseen_validation\trade_date=2026-07-17\exchange=NSE\symbol=M&M\part-040933_875360-003381.parquet,34640,downloaded,34640,
2026-07-17,NSE,M&M,raw_l2/trade_date=2026-07-17/exchange=NSE/symbol=M&M/part-041141_048808-003669.parquet,real_data_sample\l2_unseen_validation\trade_date=2026-07-17\exchange=NSE\symbol=M&M\part-041141_048808-003669.parquet,34660,downloaded,34660,
2026-07-17,NSE,M&M,raw_l2/trade_date=2026-07-17/exchange=NSE/symbol=M&M/part-041126_977636-003637.parquet,real_data_sample\l2_unseen_validation\trade_date=2026-07-17\exchange=NSE\symbol=M&M\part-041126_977636-003637.parquet,34620,downloaded,34620,
2026-07-17,NSE,M&M,raw_l2/trade_date=2026-07-17/exchange=NSE/symbol=M&M/part-041222_851457-003765.parquet,real_data_sample\l2_unseen_validation\trade_date=2026-07-17\exchange=NSE\symbol=M&M\part-041222_851457-003765.parquet,35455,downloaded,35455,
2026-07-17,NSE,M&M,raw_l2/trade_date=2026-07-17/exchange=NSE/symbol=M&M/part-041400_578290-003989.parquet,real_data_sample\l2_unseen_validation\trade_date=2026-07-17\exchange=NSE\symbol=M&M\part-041400_578290-003989.parquet,35303,downloaded,35303,
2026-07-17,NSE,M&M,raw_l2/trade_date=2026-07-17/exchange=NSE/symbol=M&M/part-041332_383878-003925.parquet,real_data_sample\l2_unseen_validation\trade_date=2026-07-17\exchange=NSE\symbol=M&M\part-041332_383878-003925.parquet,35889,downloaded,35889,
2026-07-17,NSE,M&M,raw_l2/trade_date=2026-07-17/exchange=NSE/symbol=M&M/part-041414_594212-004021.parquet,real_data_sample\l2_unseen_validation\trade_date=2026-07-17\exchange=NSE\symbol=M&M\part-041414_594212-004021.parquet,35576,downloaded,35576,
2026-07-17,NSE,M&M,raw_l2/trade_date=2026-07-17/exchange=NSE/symbol=M&M/part-041346_436445-003957.parquet,real_data_sample\l2_unseen_validation\trade_date=2026-07-17\exchange=NSE\symbol=M&M\part-041346_436445-003957.parquet,35380,downloaded,35380,
2026-07-17,NSE,M&M,raw_l2/trade_date=2026-07-17/exchange=NSE/symbol=M&M/part-041553_471505-004245.parquet,real_data_sample\l2_unseen_validation\trade_date=2026-07-17\exchange=NSE\symbol=M&M\part-041553_471505-004245.parquet,35281,downloaded,35281,
2026-07-17,NSE,M&M,raw_l2/trade_date=2026-07-17/exchange=NSE/symbol=M&M/part-041154_834732-003701.parquet,real_data_sample\l2_unseen_validation\trade_date=2026-07-17\exchange=NSE\symbol=M&M\part-041154_834732-003701.parquet,34682,downloaded,34682,
2026-07-17,NSE,M&M,raw_l2/trade_date=2026-07-17/exchange=NSE/symbol=M&M/part-041208_933079-003733.parquet,real_data_sample\l2_unseen_validation\trade_date=2026-07-17\exchange=NSE\symbol=M&M\part-041208_933079-003733.parquet,34557,downloaded,34557,
2026-07-17,NSE,M&M,raw_l2/trade_date=2026-07-17/exchange=NSE/symbol=M&M/part-041607_274989-004277.parquet,real_data_sample\l2_unseen_validation\trade_date=2026-07-17\exchange=NSE\symbol=M&M\part-041607_274989-004277.parquet,35467,downloaded,35467,
2026-07-17,NSE,M&M,raw_l2/trade_date=2026-07-17/exchange=NSE/symbol=M&M/part-041304_304456-003861.parquet,real_data_sample\l2_unseen_validation\trade_date=2026-07-17\exchange=NSE\symbol=M&M\part-041304_304456-003861.parquet,35622,downloaded,35622,
2026-07-17,NSE,M&M,raw_l2/trade_date=2026-07-17/exchange=NSE/symbol=M&M/part-041538_257135-004213.parquet,real_data_sample\l2_unseen_validation\trade_date=2026-07-17\exchange=NSE\symbol=M&M\part-041538_257135-004213.parquet,35544,downloaded,35544,
2026-07-17,NSE,M&M,raw_l2/trade_date=2026-07-17/exchange=NSE/symbol=M&M/part-041456_553474-004117.parquet,real_data_sample\l2_unseen_validation\trade_date=2026-07-17\exchange=NSE\symbol=M&M\part-041456_553474-004117.parquet,34455,downloaded,34455,
2026-07-17,NSE,M&M,raw_l2/trade_date=2026-07-17/exchange=NSE/symbol=M&M/part-041236_694276-003797.parquet,real_data_sample\l2_unseen_validation\trade_date=2026-07-17\exchange=NSE\symbol=M&M\part-041236_694276-003797.parquet,35864,downloaded,35864,
2026-07-17,NSE,M&M,raw_l2/trade_date=2026-07-17/exchange=NSE/symbol=M&M/part-041250_573643-003829.parquet,real_data_sample\l2_unseen_validation\trade_date=2026-07-17\exchange=NSE\symbol=M&M\part-041250_573643-003829.parquet,35900,downloaded,35900,
2026-07-17,NSE,M&M,raw_l2/trade_date=2026-07-17/exchange=NSE/symbol=M&M/part-041318_208820-003893.parquet,real_data_sample\l2_unseen_validation\trade_date=2026-07-17\exchange=NSE\symbol=M&M\part-041318_208820-003893.parquet,35852,downloaded,35852,
2026-07-17,NSE,M&M,raw_l2/trade_date=2026-07-17/exchange=NSE/symbol=M&M/part-041510_545434-004149.parquet,real_data_sample\l2_unseen_validation\trade_date=2026-07-17\exchange=NSE\symbol=M&M\part-041510_545434-004149.parquet,34678,downloaded,34678,
2026-07-17,NSE,M&M,raw_l2/trade_date=2026-07-17/exchange=NSE/symbol=M&M/part-041524_367644-004181.parquet,real_data_sample\l2_unseen_validation\trade_date=2026-07-17\exchange=NSE\symbol=M&M\part-041524_367644-004181.parquet,35651,downloaded,35651,
2026-07-17,NSE,M&M,raw_l2/trade_date=2026-07-17/exchange=NSE/symbol=M&M/part-041442_620360-004085.parquet,real_data_sample\l2_unseen_validation\trade_date=2026-07-17\exchange=NSE\symbol=M&M\part-041442_620360-004085.parquet,34430,downloaded,34430,
2026-07-17,NSE,M&M,raw_l2/trade_date=2026-07-17/exchange=NSE/symbol=M&M/part-041428_583566-004053.parquet,real_data_sample\l2_unseen_validation\trade_date=2026-07-17\exchange=NSE\symbol=M&M\part-041428_583566-004053.parquet,34498,downloaded,34498,
2026-07-17,NSE,M&M,raw_l2/trade_date=2026-07-17/exchange=NSE/symbol=M&M/part-041634_717684-004341.parquet,real_data_sample\l2_unseen_validation\trade_date=2026-07-17\exchange=NSE\symbol=M&M\part-041634_717684-004341.parquet,34481,downloaded,34481,
2026-07-17,NSE,M&M,raw_l2/trade_date=2026-07-17/exchange=NSE/symbol=M&M/part-041621_057326-004309.parquet,real_data_sample\l2_unseen_validation\trade_date=2026-07-17\exchange=NSE\symbol=M&M\part-041621_057326-004309.parquet,35077,downloaded,35077,
2026-07-17,NSE,M&M,raw_l2/trade_date=2026-07-17/exchange=NSE/symbol=M&M/part-041853_875547-004661.parquet,real_data_sample\l2_unseen_validation\trade_date=2026-07-17\exchange=NSE\symbol=M&M\part-041853_875547-004661.parquet,35620,downloaded,35620,
2026-07-17,NSE,M&M,raw_l2/trade_date=2026-07-17/exchange=NSE/symbol=M&M/part-041648_573878-004373.parquet,real_data_sample\l2_unseen_validation\trade_date=2026-07-17\exchange=NSE\symbol=M&M\part-041648_573878-004373.parquet,34430,downloaded,34430,
2026-07-17,NSE,M&M,raw_l2/trade_date=2026-07-17/exchange=NSE/symbol=M&M/part-041811_963384-004565.parquet,real_data_sample\l2_unseen_validation\trade_date=2026-07-17\exchange=NSE\symbol=M&M\part-041811_963384-004565.parquet,34631,downloaded,34631,
2026-07-17,NSE,M&M,raw_l2/trade_date=2026-07-17/exchange=NSE/symbol=M&M/part-042018_514349-004853.parquet,real_data_sample\l2_unseen_validation\trade_date=2026-07-17\exchange=NSE\symbol=M&M\part-042018_514349-004853.parquet,35279,downloaded,35279,
2026-07-17,NSE,M&M,raw_l2/trade_date=2026-07-17/exchange=NSE/symbol=M&M/part-041716_193514-004437.parquet,real_data_sample\l2_unseen_validation\trade_date=2026-07-17\exchange=NSE\symbol=M&M\part-041716_193514-004437.parquet,34521,downloaded,34521,
2026-07-17,NSE,M&M,raw_l2/trade_date=2026-07-17/exchange=NSE/symbol=M&M/part-041702_467476-004405.parquet,real_data_sample\l2_unseen_validation\trade_date=2026-07-17\exchange=NSE\symbol=M&M\part-041702_467476-004405.parquet,34555,downloaded,34555,
2026-07-17,NSE,M&M,raw_l2/trade_date=2026-07-17/exchange=NSE/symbol=M&M/part-041758_296078-004533.parquet,real_data_sample\l2_unseen_validation\trade_date=2026-07-17\exchange=NSE\symbol=M&M\part-041758_296078-004533.parquet,34644,downloaded,34644,
2026-07-17,NSE,M&M,raw_l2/trade_date=2026-07-17/exchange=NSE/symbol=M&M/part-041730_674953-004469.parquet,real_data_sample\l2_unseen_validation\trade_date=2026-07-17\exchange=NSE\symbol=M&M\part-041730_674953-004469.parquet,34656,downloaded,34656,
2026-07-17,NSE,M&M,raw_l2/trade_date=2026-07-17/exchange=NSE/symbol=M&M/part-041825_741576-004597.parquet,real_data_sample\l2_unseen_validation\trade_date=2026-07-17\exchange=NSE\symbol=M&M\part-041825_741576-004597.parquet,35530,downloaded,35530,
2026-07-17,NSE,M&M,raw_l2/trade_date=2026-07-17/exchange=NSE/symbol=M&M/part-041922_510241-004725.parquet,real_data_sample\l2_unseen_validation\trade_date=2026-07-17\exchange=NSE\symbol=M&M\part-041922_510241-004725.parquet,34860,downloaded,34860,
2026-07-17,NSE,M&M,raw_l2/trade_date=2026-07-17/exchange=NSE/symbol=M&M/part-041744_566191-004501.parquet,real_data_sample\l2_unseen_validation\trade_date=2026-07-17\exchange=NSE\symbol=M&M\part-041744_566191-004501.parquet,34612,downloaded,34612,
2026-07-17,NSE,M&M,raw_l2/trade_date=2026-07-17/exchange=NSE/symbol=M&M/part-041908_118857-004693.parquet,real_data_sample\l2_unseen_validation\trade_date=2026-07-17\exchange=NSE\symbol=M&M\part-041908_118857-004693.parquet,35893,downloaded,35893,
2026-07-17,NSE,M&M,raw_l2/trade_date=2026-07-17/exchange=NSE/symbol=M&M/part-042032_277981-004885.parquet,real_data_sample\l2_unseen_validation\trade_date=2026-07-17\exchange=NSE\symbol=M&M\part-042032_277981-004885.parquet,35940,downloaded,35940,
2026-07-17,NSE,M&M,raw_l2/trade_date=2026-07-17/exchange=NSE/symbol=M&M/part-041839_576188-004629.parquet,real_data_sample\l2_unseen_validation\trade_date=2026-07-17\exchange=NSE\symbol=M&M\part-041839_576188-004629.parquet,35366,downloaded,35366,
2026-07-17,NSE,M&M,raw_l2/trade_date=2026-07-17/exchange=NSE/symbol=M&M/part-042004_477374-004821.parquet,real_data_sample\l2_unseen_validation\trade_date=2026-07-17\exchange=NSE\symbol=M&M\part-042004_477374-004821.parquet,34486,downloaded,34486,
2026-07-17,NSE,M&M,raw_l2/trade_date=2026-07-17/exchange=NSE/symbol=M&M/part-041950_627345-004789.parquet,real_data_sample\l2_unseen_validation\trade_date=2026-07-17\exchange=NSE\symbol=M&M\part-041950_627345-004789.parquet,34487,downloaded,34487,
2026-07-17,NSE,M&M,raw_l2/trade_date=2026-07-17/exchange=NSE/symbol=M&M/part-041936_586488-004757.parquet,real_data_sample\l2_unseen_validation\trade_date=2026-07-17\exchange=NSE\symbol=M&M\part-041936_586488-004757.parquet,34626,downloaded,34626,
2026-07-17,NSE,M&M,raw_l2/trade_date=2026-07-17/exchange=NSE/symbol=M&M/part-035750_518211-001781.parquet,real_data_sample\l2_unseen_validation\trade_date=2026-07-17\exchange=NSE\symbol=M&M\part-035750_518211-001781.parquet,36121,downloaded,36121,
2026-07-17,NSE,M&M,raw_l2/trade_date=2026-07-17/exchange=NSE/symbol=M&M/part-042059_991166-004949.parquet,real_data_sample\l2_unseen_validation\trade_date=2026-07-17\exchange=NSE\symbol=M&M\part-042059_991166-004949.parquet,35947,downloaded,35947,
2026-07-17,NSE,M&M,raw_l2/trade_date=2026-07-17/exchange=NSE/symbol=M&M/part-042046_238066-004917.parquet,real_data_sample\l2_unseen_validation\trade_date=2026-07-17\exchange=NSE\symbol=M&M\part-042046_238066-004917.parquet,35997,downloaded,35997,
2026-07-17,NSE,M&M,raw_l2/trade_date=2026-07-17/exchange=NSE/symbol=M&M/part-042113_811473-004981.parquet,real_data_sample\l2_unseen_validation\trade_date=2026-07-17\exchange=NSE\symbol=M&M\part-042113_811473-004981.parquet,35561,downloaded,35561,
2026-07-17,NSE,M&M,raw_l2/trade_date=2026-07-17/exchange=NSE/symbol=M&M/part-035804_859704-001813.parquet,real_data_sample\l2_unseen_validation\trade_date=2026-07-17\exchange=NSE\symbol=M&M\part-035804_859704-001813.parquet,36544,downloaded,36544,
2026-07-17,NSE,M&M,raw_l2/trade_date=2026-07-17/exchange=NSE/symbol=M&M/part-035502_570076-001397.parquet,real_data_sample\l2_unseen_validation\trade_date=2026-07-17\exchange=NSE\symbol=M&M\part-035502_570076-001397.parquet,36180,downloaded,36180,
2026-07-17,NSE,M&M,raw_l2/trade_date=2026-07-17/exchange=NSE/symbol=M&M/part-035448_443792-001365.parquet,real_data_sample\l2_unseen_validation\trade_date=2026-07-17\exchange=NSE\symbol=M&M\part-035448_443792-001365.parquet,36048,downloaded,36048,
2026-07-17,NSE,M&M,raw_l2/trade_date=2026-07-17/exchange=NSE/symbol=M&M/part-042127_735678-005013.parquet,real_data_sample\l2_unseen_validation\trade_date=2026-07-17\exchange=NSE\symbol=M&M\part-042127_735678-005013.parquet,35322,downloaded,35322,
2026-07-17,NSE,M&M,raw_l2/trade_date=2026-07-17/exchange=NSE/symbol=M&M/part-035626_511774-001589.parquet,real_data_sample\l2_unseen_validation\trade_date=2026-07-17\exchange=NSE\symbol=M&M\part-035626_511774-001589.parquet,36427,downloaded,36427,
2026-07-17,NSE,M&M,raw_l2/trade_date=2026-07-17/exchange=NSE/symbol=M&M/part-042141_832290-005045.parquet,real_data_sample\l2_unseen_validation\trade_date=2026-07-17\exchange=NSE\symbol=M&M\part-042141_832290-005045.parquet,34902,downloaded,34902,
2026-07-17,NSE,M&M,raw_l2/trade_date=2026-07-17/exchange=NSE/symbol=M&M/part-042155_829187-005077.parquet,real_data_sample\l2_unseen_validation\trade_date=2026-07-17\exchange=NSE\symbol=M&M\part-042155_829187-005077.parquet,35300,downloaded,35300,
2026-07-17,NSE,M&M,raw_l2/trade_date=2026-07-17/exchange=NSE/symbol=M&M/part-042401_526999-005365.parquet,real_data_sample\l2_unseen_validation\trade_date=2026-07-17\exchange=NSE\symbol=M&M\part-042401_526999-005365.parquet,34718,downloaded,34718,
2026-07-17,NSE,M&M,raw_l2/trade_date=2026-07-17/exchange=NSE/symbol=M&M/part-042223_879955-005141.parquet,real_data_sample\l2_unseen_validation\trade_date=2026-07-17\exchange=NSE\symbol=M&M\part-042223_879955-005141.parquet,34945,downloaded,34945,
2026-07-17,NSE,M&M,raw_l2/trade_date=2026-07-17/exchange=NSE/symbol=M&M/part-042209_886449-005109.parquet,real_data_sample\l2_unseen_validation\trade_date=2026-07-17\exchange=NSE\symbol=M&M\part-042209_886449-005109.parquet,35976,downloaded,35976,
2026-07-17,NSE,M&M,raw_l2/trade_date=2026-07-17/exchange=NSE/symbol=M&M/part-042457_000353-005493.parquet,real_data_sample\l2_unseen_validation\trade_date=2026-07-17\exchange=NSE\symbol=M&M\part-042457_000353-005493.parquet,34611,downloaded,34611,
2026-07-17,NSE,M&M,raw_l2/trade_date=2026-07-17/exchange=NSE/symbol=M&M/part-035708_144163-001685.parquet,real_data_sample\l2_unseen_validation\trade_date=2026-07-17\exchange=NSE\symbol=M&M\part-035708_144163-001685.parquet,36392,downloaded,36392,
2026-07-17,NSE,M&M,raw_l2/trade_date=2026-07-17/exchange=NSE/symbol=M&M/part-042251_556398-005205.parquet,real_data_sample\l2_unseen_validation\trade_date=2026-07-17\exchange=NSE\symbol=M&M\part-042251_556398-005205.parquet,34413,downloaded,34413,
2026-07-17,NSE,M&M,raw_l2/trade_date=2026-07-17/exchange=NSE/symbol=M&M/part-042333_569197-005301.parquet,real_data_sample\l2_unseen_validation\trade_date=2026-07-17\exchange=NSE\symbol=M&M\part-042333_569197-005301.parquet,34506,downloaded,34506,
2026-07-17,NSE,M&M,raw_l2/trade_date=2026-07-17/exchange=NSE/symbol=M&M/part-042415_267670-005397.parquet,real_data_sample\l2_unseen_validation\trade_date=2026-07-17\exchange=NSE\symbol=M&M\part-042415_267670-005397.parquet,34440,downloaded,34440,
2026-07-17,NSE,M&M,raw_l2/trade_date=2026-07-17/exchange=NSE/symbol=M&M/part-042510_813182-005525.parquet,real_data_sample\l2_unseen_validation\trade_date=2026-07-17\exchange=NSE\symbol=M&M\part-042510_813182-005525.parquet,34613,downloaded,34613,
2026-07-17,NSE,M&M,raw_l2/trade_date=2026-07-17/exchange=NSE/symbol=M&M/part-042429_344146-005429.parquet,real_data_sample\l2_unseen_validation\trade_date=2026-07-17\exchange=NSE\symbol=M&M\part-042429_344146-005429.parquet,34709,downloaded,34709,
2026-07-17,NSE,M&M,raw_l2/trade_date=2026-07-17/exchange=NSE/symbol=M&M/part-042443_350999-005461.parquet,real_data_sample\l2_unseen_validation\trade_date=2026-07-17\exchange=NSE\symbol=M&M\part-042443_350999-005461.parquet,34662,downloaded,34662,
2026-07-17,NSE,M&M,raw_l2/trade_date=2026-07-17/exchange=NSE/symbol=M&M/part-042524_752989-005557.parquet,real_data_sample\l2_unseen_validation\trade_date=2026-07-17\exchange=NSE\symbol=M&M\part-042524_752989-005557.parquet,35691,downloaded,35691,
2026-07-17,NSE,M&M,raw_l2/trade_date=2026-07-17/exchange=NSE/symbol=M&M/part-042237_724695-005173.parquet,real_data_sample\l2_unseen_validation\trade_date=2026-07-17\exchange=NSE\symbol=M&M\part-042237_724695-005173.parquet,34660,downloaded,34660,
2026-07-17,NSE,M&M,raw_l2/trade_date=2026-07-17/exchange=NSE/symbol=M&M/part-042347_606174-005333.parquet,real_data_sample\l2_unseen_validation\trade_date=2026-07-17\exchange=NSE\symbol=M&M\part-042347_606174-005333.parquet,34672,downloaded,34672,
2026-07-17,NSE,M&M,raw_l2/trade_date=2026-07-17/exchange=NSE/symbol=M&M/part-042305_490427-005237.parquet,real_data_sample\l2_unseen_validation\trade_date=2026-07-17\exchange=NSE\symbol=M&M\part-042305_490427-005237.parquet,34432,downloaded,34432,
2026-07-17,NSE,M&M,raw_l2/trade_date=2026-07-17/exchange=NSE/symbol=M&M/part-035640_394912-001621.parquet,real_data_sample\l2_unseen_validation\trade_date=2026-07-17\exchange=NSE\symbol=M&M\part-035640_394912-001621.parquet,35970,downloaded,35970,
2026-07-17,NSE,M&M,raw_l2/trade_date=2026-07-17/exchange=NSE/symbol=M&M/part-042319_651079-005269.parquet,real_data_sample\l2_unseen_validation\trade_date=2026-07-17\exchange=NSE\symbol=M&M\part-042319_651079-005269.parquet,34350,downloaded,34350,
2026-07-17,NSE,M&M,raw_l2/trade_date=2026-07-17/exchange=NSE/symbol=M&M/part-042538_946923-005589.parquet,real_data_sample\l2_unseen_validation\trade_date=2026-07-17\exchange=NSE\symbol=M&M\part-042538_946923-005589.parquet,35506,downloaded,35506,
2026-07-17,NSE,M&M,raw_l2/trade_date=2026-07-17/exchange=NSE/symbol=M&M/part-035434_610243-001333.parquet,real_data_sample\l2_unseen_validation\trade_date=2026-07-17\exchange=NSE\symbol=M&M\part-035434_610243-001333.parquet,36190,downloaded,36190,
2026-07-17,NSE,M&M,raw_l2/trade_date=2026-07-17/exchange=NSE/symbol=M&M/part-042552_770615-005621.parquet,real_data_sample\l2_unseen_validation\trade_date=2026-07-17\exchange=NSE\symbol=M&M\part-042552_770615-005621.parquet,35552,downloaded,35552,
2026-07-17,NSE,M&M,raw_l2/trade_date=2026-07-17/exchange=NSE/symbol=M&M/part-035516_608888-001429.parquet,real_data_sample\l2_unseen_validation\trade_date=2026-07-17\exchange=NSE\symbol=M&M\part-035516_608888-001429.parquet,36251,downloaded,36251,
2026-07-17,NSE,M&M,raw_l2/trade_date=2026-07-17/exchange=NSE/symbol=M&M/part-035722_194203-001717.parquet,real_data_sample\l2_unseen_validation\trade_date=2026-07-17\exchange=NSE\symbol=M&M\part-035722_194203-001717.parquet,36325,downloaded,36325,
2026-07-17,NSE,M&M,raw_l2/trade_date=2026-07-17/exchange=NSE/symbol=M&M/part-035544_576187-001493.parquet,real_data_sample\l2_unseen_validation\trade_date=2026-07-17\exchange=NSE\symbol=M&M\part-035544_576187-001493.parquet,36182,downloaded,36182,
2026-07-17,NSE,M&M,raw_l2/trade_date=2026-07-17/exchange=NSE/symbol=M&M/part-035736_300421-001749.parquet,real_data_sample\l2_unseen_validation\trade_date=2026-07-17\exchange=NSE\symbol=M&M\part-035736_300421-001749.parquet,36258,downloaded,36258,
2026-07-17,NSE,M&M,raw_l2/trade_date=2026-07-17/exchange=NSE/symbol=M&M/part-042649_132817-005749.parquet,real_data_sample\l2_unseen_validation\trade_date=2026-07-17\exchange=NSE\symbol=M&M\part-042649_132817-005749.parquet,35455,downloaded,35455,
2026-07-17,NSE,M&M,raw_l2/trade_date=2026-07-17/exchange=NSE/symbol=M&M/part-042635_148421-005717.parquet,real_data_sample\l2_unseen_validation\trade_date=2026-07-17\exchange=NSE\symbol=M&M\part-042635_148421-005717.parquet,35556,downloaded,35556,
2026-07-17,NSE,M&M,raw_l2/trade_date=2026-07-17/exchange=NSE/symbol=M&M/part-042840_583217-006005.parquet,real_data_sample\l2_unseen_validation\trade_date=2026-07-17\exchange=NSE\symbol=M&M\part-042840_583217-006005.parquet,34656,downloaded,34656,
2026-07-17,NSE,M&M,raw_l2/trade_date=2026-07-17/exchange=NSE/symbol=M&M/part-042731_178943-005845.parquet,real_data_sample\l2_unseen_validation\trade_date=2026-07-17\exchange=NSE\symbol=M&M\part-042731_178943-005845.parquet,34442,downloaded,34442,
2026-07-17,NSE,M&M,raw_l2/trade_date=2026-07-17/exchange=NSE/symbol=M&M/part-043032_563906-006261.parquet,real_data_sample\l2_unseen_validation\trade_date=2026-07-17\exchange=NSE\symbol=M&M\part-043032_563906-006261.parquet,34680,downloaded,34680,
2026-07-17,NSE,M&M,raw_l2/trade_date=2026-07-17/exchange=NSE/symbol=M&M/part-042908_421847-006069.parquet,real_data_sample\l2_unseen_validation\trade_date=2026-07-17\exchange=NSE\symbol=M&M\part-042908_421847-006069.parquet,34783,downloaded,34783,
2026-07-17,NSE,M&M,raw_l2/trade_date=2026-07-17/exchange=NSE/symbol=M&M/part-043004_378094-006197.parquet,real_data_sample\l2_unseen_validation\trade_date=2026-07-17\exchange=NSE\symbol=M&M\part-043004_378094-006197.parquet,35462,downloaded,35462,
2026-07-17,NSE,M&M,raw_l2/trade_date=2026-07-17/exchange=NSE/symbol=M&M/part-043142_499659-006421.parquet,real_data_sample\l2_unseen_validation\trade_date=2026-07-17\exchange=NSE\symbol=M&M\part-043142_499659-006421.parquet,35919,downloaded,35919,
2026-07-17,NSE,M&M,raw_l2/trade_date=2026-07-17/exchange=NSE/symbol=M&M/part-042950_332343-006165.parquet,real_data_sample\l2_unseen_validation\trade_date=2026-07-17\exchange=NSE\symbol=M&M\part-042950_332343-006165.parquet,35294,downloaded,35294,
2026-07-17,NSE,M&M,raw_l2/trade_date=2026-07-17/exchange=NSE/symbol=M&M/part-042812_571165-005941.parquet,real_data_sample\l2_unseen_validation\trade_date=2026-07-17\exchange=NSE\symbol=M&M\part-042812_571165-005941.parquet,34528,downloaded,34528,
2026-07-17,NSE,M&M,raw_l2/trade_date=2026-07-17/exchange=NSE/symbol=M&M/part-042744_975816-005877.parquet,real_data_sample\l2_unseen_validation\trade_date=2026-07-17\exchange=NSE\symbol=M&M\part-042744_975816-005877.parquet,34656,downloaded,34656,
2026-07-17,NSE,M&M,raw_l2/trade_date=2026-07-17/exchange=NSE/symbol=M&M/part-042922_363546-006101.parquet,real_data_sample\l2_unseen_validation\trade_date=2026-07-17\exchange=NSE\symbol=M&M\part-042922_363546-006101.parquet,35477,downloaded,35477,
2026-07-17,NSE,M&M,raw_l2/trade_date=2026-07-17/exchange=NSE/symbol=M&M/part-043046_273721-006293.parquet,real_data_sample\l2_unseen_validation\trade_date=2026-07-17\exchange=NSE\symbol=M&M\part-043046_273721-006293.parquet,34512,downloaded,34512,
2026-07-17,NSE,M&M,raw_l2/trade_date=2026-07-17/exchange=NSE/symbol=M&M/part-043059_994488-006325.parquet,real_data_sample\l2_unseen_validation\trade_date=2026-07-17\exchange=NSE\symbol=M&M\part-043059_994488-006325.parquet,34490,downloaded,34490,
2026-07-17,NSE,M&M,raw_l2/trade_date=2026-07-17/exchange=NSE/symbol=M&M/part-042826_647281-005973.parquet,real_data_sample\l2_unseen_validation\trade_date=2026-07-17\exchange=NSE\symbol=M&M\part-042826_647281-005973.parquet,34584,downloaded,34584,
2026-07-17,NSE,M&M,raw_l2/trade_date=2026-07-17/exchange=NSE/symbol=M&M/part-043114_096902-006357.parquet,real_data_sample\l2_unseen_validation\trade_date=2026-07-17\exchange=NSE\symbol=M&M\part-043114_096902-006357.parquet,34847,downloaded,34847,
2026-07-17,NSE,M&M,raw_l2/trade_date=2026-07-17/exchange=NSE/symbol=M&M/part-043128_348186-006389.parquet,real_data_sample\l2_unseen_validation\trade_date=2026-07-17\exchange=NSE\symbol=M&M\part-043128_348186-006389.parquet,35633,downloaded,35633,
2026-07-17,NSE,M&M,raw_l2/trade_date=2026-07-17/exchange=NSE/symbol=M&M/part-043210_400932-006485.parquet,real_data_sample\l2_unseen_validation\trade_date=2026-07-17\exchange=NSE\symbol=M&M\part-043210_400932-006485.parquet,35873,downloaded,35873,
2026-07-17,NSE,M&M,raw_l2/trade_date=2026-07-17/exchange=NSE/symbol=M&M/part-035612_347936-001557.parquet,real_data_sample\l2_unseen_validation\trade_date=2026-07-17\exchange=NSE\symbol=M&M\part-035612_347936-001557.parquet,36620,downloaded,36620,
2026-07-17,NSE,M&M,raw_l2/trade_date=2026-07-17/exchange=NSE/symbol=M&M/part-043320_811441-006645.parquet,real_data_sample\l2_unseen_validation\trade_date=2026-07-17\exchange=NSE\symbol=M&M\part-043320_811441-006645.parquet,35554,downloaded,35554,
2026-07-17,NSE,M&M,raw_l2/trade_date=2026-07-17/exchange=NSE/symbol=M&M/part-043156_299872-006453.parquet,real_data_sample\l2_unseen_validation\trade_date=2026-07-17\exchange=NSE\symbol=M&M\part-043156_299872-006453.parquet,36065,downloaded,36065,
2026-07-17,NSE,M&M,raw_l2/trade_date=2026-07-17/exchange=NSE/symbol=M&M/part-043238_859143-006549.parquet,real_data_sample\l2_unseen_validation\trade_date=2026-07-17\exchange=NSE\symbol=M&M\part-043238_859143-006549.parquet,35456,downloaded,35456,
2026-07-17,NSE,M&M,raw_l2/trade_date=2026-07-17/exchange=NSE/symbol=M&M/part-043252_725323-006581.parquet,real_data_sample\l2_unseen_validation\trade_date=2026-07-17\exchange=NSE\symbol=M&M\part-043252_725323-006581.parquet,35842,downloaded,35842,
2026-07-17,NSE,M&M,raw_l2/trade_date=2026-07-17/exchange=NSE/symbol=M&M/part-043306_622075-006613.parquet,real_data_sample\l2_unseen_validation\trade_date=2026-07-17\exchange=NSE\symbol=M&M\part-043306_622075-006613.parquet,35293,downloaded,35293,
2026-07-17,NSE,M&M,raw_l2/trade_date=2026-07-17/exchange=NSE/symbol=M&M/part-042703_135224-005781.parquet,real_data_sample\l2_unseen_validation\trade_date=2026-07-17\exchange=NSE\symbol=M&M\part-042703_135224-005781.parquet,35373,downloaded,35373,
2026-07-17,NSE,M&M,raw_l2/trade_date=2026-07-17/exchange=NSE/symbol=M&M/part-043334_899304-006677.parquet,real_data_sample\l2_unseen_validation\trade_date=2026-07-17\exchange=NSE\symbol=M&M\part-043334_899304-006677.parquet,35524,downloaded,35524,
2026-07-17,NSE,M&M,raw_l2/trade_date=2026-07-17/exchange=NSE/symbol=M&M/part-043348_896606-006709.parquet,real_data_sample\l2_unseen_validation\trade_date=2026-07-17\exchange=NSE\symbol=M&M\part-043348_896606-006709.parquet,35932,downloaded,35932,
2026-07-17,NSE,M&M,raw_l2/trade_date=2026-07-17/exchange=NSE/symbol=M&M/part-043402_780862-006741.parquet,real_data_sample\l2_unseen_validation\trade_date=2026-07-17\exchange=NSE\symbol=M&M\part-043402_780862-006741.parquet,35616,downloaded,35616,
2026-07-17,NSE,M&M,raw_l2/trade_date=2026-07-17/exchange=NSE/symbol=M&M/part-043416_956823-006773.parquet,real_data_sample\l2_unseen_validation\trade_date=2026-07-17\exchange=NSE\symbol=M&M\part-043416_956823-006773.parquet,35179,downloaded,35179,
2026-07-17,NSE,M&M,raw_l2/trade_date=2026-07-17/exchange=NSE/symbol=M&M/part-043458_622465-006869.parquet,real_data_sample\l2_unseen_validation\trade_date=2026-07-17\exchange=NSE\symbol=M&M\part-043458_622465-006869.parquet,34590,downloaded,34590,
2026-07-17,NSE,M&M,raw_l2/trade_date=2026-07-17/exchange=NSE/symbol=M&M/part-043526_331514-006933.parquet,real_data_sample\l2_unseen_validation\trade_date=2026-07-17\exchange=NSE\symbol=M&M\part-043526_331514-006933.parquet,34563,downloaded,34563,
2026-07-17,NSE,M&M,raw_l2/trade_date=2026-07-17/exchange=NSE/symbol=M&M/part-043650_226679-007125.parquet,real_data_sample\l2_unseen_validation\trade_date=2026-07-17\exchange=NSE\symbol=M&M\part-043650_226679-007125.parquet,35870,downloaded,35870,
2026-07-17,NSE,M&M,raw_l2/trade_date=2026-07-17/exchange=NSE/symbol=M&M/part-043430_884757-006805.parquet,real_data_sample\l2_unseen_validation\trade_date=2026-07-17\exchange=NSE\symbol=M&M\part-043430_884757-006805.parquet,34328,downloaded,34328,
2026-07-17,NSE,M&M,raw_l2/trade_date=2026-07-17/exchange=NSE/symbol=M&M/part-043704_146317-007157.parquet,real_data_sample\l2_unseen_validation\trade_date=2026-07-17\exchange=NSE\symbol=M&M\part-043704_146317-007157.parquet,36000,downloaded,36000,
2026-07-17,NSE,M&M,raw_l2/trade_date=2026-07-17/exchange=NSE/symbol=M&M/part-043540_095803-006965.parquet,real_data_sample\l2_unseen_validation\trade_date=2026-07-17\exchange=NSE\symbol=M&M\part-043540_095803-006965.parquet,34676,downloaded,34676,
2026-07-17,NSE,M&M,raw_l2/trade_date=2026-07-17/exchange=NSE/symbol=M&M/part-043636_038378-007093.parquet,real_data_sample\l2_unseen_validation\trade_date=2026-07-17\exchange=NSE\symbol=M&M\part-043636_038378-007093.parquet,35592,downloaded,35592,
2026-07-17,NSE,M&M,raw_l2/trade_date=2026-07-17/exchange=NSE/symbol=M&M/part-043718_021758-007189.parquet,real_data_sample\l2_unseen_validation\trade_date=2026-07-17\exchange=NSE\symbol=M&M\part-043718_021758-007189.parquet,35769,downloaded,35769,
2026-07-17,NSE,M&M,raw_l2/trade_date=2026-07-17/exchange=NSE/symbol=M&M/part-043512_362929-006901.parquet,real_data_sample\l2_unseen_validation\trade_date=2026-07-17\exchange=NSE\symbol=M&M\part-043512_362929-006901.parquet,34682,downloaded,34682,
2026-07-17,NSE,M&M,raw_l2/trade_date=2026-07-17/exchange=NSE/symbol=M&M/part-043444_815377-006837.parquet,real_data_sample\l2_unseen_validation\trade_date=2026-07-17\exchange=NSE\symbol=M&M\part-043444_815377-006837.parquet,34650,downloaded,34650,
2026-07-17,NSE,M&M,raw_l2/trade_date=2026-07-17/exchange=NSE/symbol=M&M/part-043622_008807-007061.parquet,real_data_sample\l2_unseen_validation\trade_date=2026-07-17\exchange=NSE\symbol=M&M\part-043622_008807-007061.parquet,35148,downloaded,35148,
2026-07-17,NSE,M&M,raw_l2/trade_date=2026-07-17/exchange=NSE/symbol=M&M/part-043554_035520-006997.parquet,real_data_sample\l2_unseen_validation\trade_date=2026-07-17\exchange=NSE\symbol=M&M\part-043554_035520-006997.parquet,34674,downloaded,34674,
2026-07-17,NSE,M&M,raw_l2/trade_date=2026-07-17/exchange=NSE/symbol=M&M/part-043608_101542-007029.parquet,real_data_sample\l2_unseen_validation\trade_date=2026-07-17\exchange=NSE\symbol=M&M\part-043608_101542-007029.parquet,34571,downloaded,34571,
2026-07-17,NSE,M&M,raw_l2/trade_date=2026-07-17/exchange=NSE/symbol=M&M/part-043745_814304-007253.parquet,real_data_sample\l2_unseen_validation\trade_date=2026-07-17\exchange=NSE\symbol=M&M\part-043745_814304-007253.parquet,35887,downloaded,35887,
2026-07-17,NSE,M&M,raw_l2/trade_date=2026-07-17/exchange=NSE/symbol=M&M/part-043759_492680-007285.parquet,real_data_sample\l2_unseen_validation\trade_date=2026-07-17\exchange=NSE\symbol=M&M\part-043759_492680-007285.parquet,35861,downloaded,35861,
2026-07-17,NSE,M&M,raw_l2/trade_date=2026-07-17/exchange=NSE/symbol=M&M/part-043224_748342-006517.parquet,real_data_sample\l2_unseen_validation\trade_date=2026-07-17\exchange=NSE\symbol=M&M\part-043224_748342-006517.parquet,35865,downloaded,35865,
2026-07-17,NSE,M&M,raw_l2/trade_date=2026-07-17/exchange=NSE/symbol=M&M/part-043813_530151-007317.parquet,real_data_sample\l2_unseen_validation\trade_date=2026-07-17\exchange=NSE\symbol=M&M\part-043813_530151-007317.parquet,35918,downloaded,35918,
2026-07-17,NSE,M&M,raw_l2/trade_date=2026-07-17/exchange=NSE/symbol=M&M/part-043842_067866-007381.parquet,real_data_sample\l2_unseen_validation\trade_date=2026-07-17\exchange=NSE\symbol=M&M\part-043842_067866-007381.parquet,35703,downloaded,35703,
2026-07-17,NSE,M&M,raw_l2/trade_date=2026-07-17/exchange=NSE/symbol=M&M/part-043731_916096-007221.parquet,real_data_sample\l2_unseen_validation\trade_date=2026-07-17\exchange=NSE\symbol=M&M\part-043731_916096-007221.parquet,35875,downloaded,35875,
2026-07-17,NSE,M&M,raw_l2/trade_date=2026-07-17/exchange=NSE/symbol=M&M/part-043827_926128-007349.parquet,real_data_sample\l2_unseen_validation\trade_date=2026-07-17\exchange=NSE\symbol=M&M\part-043827_926128-007349.parquet,35771,downloaded,35771,
2026-07-17,NSE,M&M,raw_l2/trade_date=2026-07-17/exchange=NSE/symbol=M&M/part-043951_005495-007541.parquet,real_data_sample\l2_unseen_validation\trade_date=2026-07-17\exchange=NSE\symbol=M&M\part-043951_005495-007541.parquet,34408,downloaded,34408,
2026-07-17,NSE,M&M,raw_l2/trade_date=2026-07-17/exchange=NSE/symbol=M&M/part-043937_205360-007509.parquet,real_data_sample\l2_unseen_validation\trade_date=2026-07-17\exchange=NSE\symbol=M&M\part-043937_205360-007509.parquet,34671,downloaded,34671,
2026-07-17,NSE,M&M,raw_l2/trade_date=2026-07-17/exchange=NSE/symbol=M&M/part-043910_011423-007445.parquet,real_data_sample\l2_unseen_validation\trade_date=2026-07-17\exchange=NSE\symbol=M&M\part-043910_011423-007445.parquet,35582,downloaded,35582,
2026-07-17,NSE,M&M,raw_l2/trade_date=2026-07-17/exchange=NSE/symbol=M&M/part-043923_656700-007477.parquet,real_data_sample\l2_unseen_validation\trade_date=2026-07-17\exchange=NSE\symbol=M&M\part-043923_656700-007477.parquet,34476,downloaded,34476,
2026-07-17,NSE,M&M,raw_l2/trade_date=2026-07-17/exchange=NSE/symbol=M&M/part-043856_126383-007413.parquet,real_data_sample\l2_unseen_validation\trade_date=2026-07-17\exchange=NSE\symbol=M&M\part-043856_126383-007413.parquet,35209,downloaded,35209,
2026-07-17,NSE,M&M,raw_l2/trade_date=2026-07-17/exchange=NSE/symbol=M&M/part-044004_756073-007573.parquet,real_data_sample\l2_unseen_validation\trade_date=2026-07-17\exchange=NSE\symbol=M&M\part-044004_756073-007573.parquet,34767,downloaded,34767,
2026-07-17,NSE,M&M,raw_l2/trade_date=2026-07-17/exchange=NSE/symbol=M&M/part-044018_525850-007605.parquet,real_data_sample\l2_unseen_validation\trade_date=2026-07-17\exchange=NSE\symbol=M&M\part-044018_525850-007605.parquet,35212,downloaded,35212,
2026-07-17,NSE,M&M,raw_l2/trade_date=2026-07-17/exchange=NSE/symbol=M&M/part-044045_976088-007669.parquet,real_data_sample\l2_unseen_validation\trade_date=2026-07-17\exchange=NSE\symbol=M&M\part-044045_976088-007669.parquet,35141,downloaded,35141,
2026-07-17,NSE,M&M,raw_l2/trade_date=2026-07-17/exchange=NSE/symbol=M&M/part-044059_669750-007701.parquet,real_data_sample\l2_unseen_validation\trade_date=2026-07-17\exchange=NSE\symbol=M&M\part-044059_669750-007701.parquet,35876,downloaded,35876,
2026-07-17,NSE,M&M,raw_l2/trade_date=2026-07-17/exchange=NSE/symbol=M&M/part-044113_472554-007733.parquet,real_data_sample\l2_unseen_validation\trade_date=2026-07-17\exchange=NSE\symbol=M&M\part-044113_472554-007733.parquet,35803,downloaded,35803,
2026-07-17,NSE,M&M,raw_l2/trade_date=2026-07-17/exchange=NSE/symbol=M&M/part-044032_304686-007637.parquet,real_data_sample\l2_unseen_validation\trade_date=2026-07-17\exchange=NSE\symbol=M&M\part-044032_304686-007637.parquet,35540,downloaded,35540,
2026-07-17,NSE,M&M,raw_l2/trade_date=2026-07-17/exchange=NSE/symbol=M&M/part-044140_973205-007797.parquet,real_data_sample\l2_unseen_validation\trade_date=2026-07-17\exchange=NSE\symbol=M&M\part-044140_973205-007797.parquet,35621,downloaded,35621,
2026-07-17,NSE,M&M,raw_l2/trade_date=2026-07-17/exchange=NSE/symbol=M&M/part-044304_237540-007989.parquet,real_data_sample\l2_unseen_validation\trade_date=2026-07-17\exchange=NSE\symbol=M&M\part-044304_237540-007989.parquet,35671,downloaded,35671,
2026-07-17,NSE,M&M,raw_l2/trade_date=2026-07-17/exchange=NSE/symbol=M&M/part-044222_306877-007893.parquet,real_data_sample\l2_unseen_validation\trade_date=2026-07-17\exchange=NSE\symbol=M&M\part-044222_306877-007893.parquet,35875,downloaded,35875,
2026-07-17,NSE,M&M,raw_l2/trade_date=2026-07-17/exchange=NSE/symbol=M&M/part-044318_007150-008021.parquet,real_data_sample\l2_unseen_validation\trade_date=2026-07-17\exchange=NSE\symbol=M&M\part-044318_007150-008021.parquet,35975,downloaded,35975,
2026-07-17,NSE,M&M,raw_l2/trade_date=2026-07-17/exchange=NSE/symbol=M&M/part-044250_319007-007957.parquet,real_data_sample\l2_unseen_validation\trade_date=2026-07-17\exchange=NSE\symbol=M&M\part-044250_319007-007957.parquet,35922,downloaded,35922,
2026-07-17,NSE,M&M,raw_l2/trade_date=2026-07-17/exchange=NSE/symbol=M&M/part-044236_356900-007925.parquet,real_data_sample\l2_unseen_validation\trade_date=2026-07-17\exchange=NSE\symbol=M&M\part-044236_356900-007925.parquet,35971,downloaded,35971,
2026-07-17,NSE,M&M,raw_l2/trade_date=2026-07-17/exchange=NSE/symbol=M&M/part-044154_692766-007829.parquet,real_data_sample\l2_unseen_validation\trade_date=2026-07-17\exchange=NSE\symbol=M&M\part-044154_692766-007829.parquet,35719,downloaded,35719,
2026-07-17,NSE,M&M,raw_l2/trade_date=2026-07-17/exchange=NSE/symbol=M&M/part-044208_463811-007861.parquet,real_data_sample\l2_unseen_validation\trade_date=2026-07-17\exchange=NSE\symbol=M&M\part-044208_463811-007861.parquet,35681,downloaded,35681,
2026-07-17,NSE,M&M,raw_l2/trade_date=2026-07-17/exchange=NSE/symbol=M&M/part-044413_284147-008149.parquet,real_data_sample\l2_unseen_validation\trade_date=2026-07-17\exchange=NSE\symbol=M&M\part-044413_284147-008149.parquet,35990,downloaded,35990,
2026-07-17,NSE,M&M,raw_l2/trade_date=2026-07-17/exchange=NSE/symbol=M&M/part-044127_198985-007765.parquet,real_data_sample\l2_unseen_validation\trade_date=2026-07-17\exchange=NSE\symbol=M&M\part-044127_198985-007765.parquet,35724,downloaded,35724,
2026-07-17,NSE,M&M,raw_l2/trade_date=2026-07-17/exchange=NSE/symbol=M&M/part-044345_747818-008085.parquet,real_data_sample\l2_unseen_validation\trade_date=2026-07-17\exchange=NSE\symbol=M&M\part-044345_747818-008085.parquet,35937,downloaded,35937,
2026-07-17,NSE,M&M,raw_l2/trade_date=2026-07-17/exchange=NSE/symbol=M&M/part-044426_906592-008181.parquet,real_data_sample\l2_unseen_validation\trade_date=2026-07-17\exchange=NSE\symbol=M&M\part-044426_906592-008181.parquet,35564,downloaded,35564,
2026-07-17,NSE,M&M,raw_l2/trade_date=2026-07-17/exchange=NSE/symbol=M&M/part-044359_545764-008117.parquet,real_data_sample\l2_unseen_validation\trade_date=2026-07-17\exchange=NSE\symbol=M&M\part-044359_545764-008117.parquet,35792,downloaded,35792,
2026-07-17,NSE,M&M,raw_l2/trade_date=2026-07-17/exchange=NSE/symbol=M&M/part-044508_498509-008277.parquet,real_data_sample\l2_unseen_validation\trade_date=2026-07-17\exchange=NSE\symbol=M&M\part-044508_498509-008277.parquet,35592,downloaded,35592,
2026-07-17,NSE,M&M,raw_l2/trade_date=2026-07-17/exchange=NSE/symbol=M&M/part-044454_743921-008245.parquet,real_data_sample\l2_unseen_validation\trade_date=2026-07-17\exchange=NSE\symbol=M&M\part-044454_743921-008245.parquet,35531,downloaded,35531,
2026-07-17,NSE,M&M,raw_l2/trade_date=2026-07-17/exchange=NSE/symbol=M&M/part-044522_298304-008309.parquet,real_data_sample\l2_unseen_validation\trade_date=2026-07-17\exchange=NSE\symbol=M&M\part-044522_298304-008309.parquet,35442,downloaded,35442,
2026-07-17,NSE,M&M,raw_l2/trade_date=2026-07-17/exchange=NSE/symbol=M&M/part-044535_937467-008341.parquet,real_data_sample\l2_unseen_validation\trade_date=2026-07-17\exchange=NSE\symbol=M&M\part-044535_937467-008341.parquet,35313,downloaded,35313,
2026-07-17,NSE,M&M,raw_l2/trade_date=2026-07-17/exchange=NSE/symbol=M&M/part-044440_796887-008213.parquet,real_data_sample\l2_unseen_validation\trade_date=2026-07-17\exchange=NSE\symbol=M&M\part-044440_796887-008213.parquet,35926,downloaded,35926,
2026-07-17,NSE,M&M,raw_l2/trade_date=2026-07-17/exchange=NSE/symbol=M&M/part-044549_797477-008373.parquet,real_data_sample\l2_unseen_validation\trade_date=2026-07-17\exchange=NSE\symbol=M&M\part-044549_797477-008373.parquet,35664,downloaded,35664,
2026-07-17,NSE,M&M,raw_l2/trade_date=2026-07-17/exchange=NSE/symbol=M&M/part-044603_670802-008405.parquet,real_data_sample\l2_unseen_validation\trade_date=2026-07-17\exchange=NSE\symbol=M&M\part-044603_670802-008405.parquet,35827,downloaded,35827,
2026-07-17,NSE,M&M,raw_l2/trade_date=2026-07-17/exchange=NSE/symbol=M&M/part-044617_471833-008437.parquet,real_data_sample\l2_unseen_validation\trade_date=2026-07-17\exchange=NSE\symbol=M&M\part-044617_471833-008437.parquet,35031,downloaded,35031,
2026-07-17,NSE,M&M,raw_l2/trade_date=2026-07-17/exchange=NSE/symbol=M&M/part-044645_264484-008501.parquet,real_data_sample\l2_unseen_validation\trade_date=2026-07-17\exchange=NSE\symbol=M&M\part-044645_264484-008501.parquet,34716,downloaded,34716,
2026-07-17,NSE,M&M,raw_l2/trade_date=2026-07-17/exchange=NSE/symbol=M&M/part-044659_022091-008533.parquet,real_data_sample\l2_unseen_validation\trade_date=2026-07-17\exchange=NSE\symbol=M&M\part-044659_022091-008533.parquet,34675,downloaded,34675,
2026-07-17,NSE,M&M,raw_l2/trade_date=2026-07-17/exchange=NSE/symbol=M&M/part-044631_245003-008469.parquet,real_data_sample\l2_unseen_validation\trade_date=2026-07-17\exchange=NSE\symbol=M&M\part-044631_245003-008469.parquet,34636,downloaded,34636,
2026-07-17,NSE,M&M,raw_l2/trade_date=2026-07-17/exchange=NSE/symbol=M&M/part-044712_759427-008565.parquet,real_data_sample\l2_unseen_validation\trade_date=2026-07-17\exchange=NSE\symbol=M&M\part-044712_759427-008565.parquet,34663,downloaded,34663,
2026-07-17,NSE,M&M,raw_l2/trade_date=2026-07-17/exchange=NSE/symbol=M&M/part-044331_992452-008053.parquet,real_data_sample\l2_unseen_validation\trade_date=2026-07-17\exchange=NSE\symbol=M&M\part-044331_992452-008053.parquet,35551,downloaded,35551,
2026-07-17,NSE,M&M,raw_l2/trade_date=2026-07-17/exchange=NSE/symbol=M&M/part-044726_481606-008597.parquet,real_data_sample\l2_unseen_validation\trade_date=2026-07-17\exchange=NSE\symbol=M&M\part-044726_481606-008597.parquet,35532,downloaded,35532,
2026-07-17,NSE,M&M,raw_l2/trade_date=2026-07-17/exchange=NSE/symbol=M&M/part-044754_464734-008661.parquet,real_data_sample\l2_unseen_validation\trade_date=2026-07-17\exchange=NSE\symbol=M&M\part-044754_464734-008661.parquet,35603,downloaded,35603,
2026-07-17,NSE,M&M,raw_l2/trade_date=2026-07-17/exchange=NSE/symbol=M&M/part-044903_458977-008821.parquet,real_data_sample\l2_unseen_validation\trade_date=2026-07-17\exchange=NSE\symbol=M&M\part-044903_458977-008821.parquet,34653,downloaded,34653,
2026-07-17,NSE,M&M,raw_l2/trade_date=2026-07-17/exchange=NSE/symbol=M&M/part-044740_568419-008629.parquet,real_data_sample\l2_unseen_validation\trade_date=2026-07-17\exchange=NSE\symbol=M&M\part-044740_568419-008629.parquet,35646,downloaded,35646,
2026-07-17,NSE,M&M,raw_l2/trade_date=2026-07-17/exchange=NSE/symbol=M&M/part-044930_985444-008885.parquet,real_data_sample\l2_unseen_validation\trade_date=2026-07-17\exchange=NSE\symbol=M&M\part-044930_985444-008885.parquet,35872,downloaded,35872,
2026-07-17,NSE,M&M,raw_l2/trade_date=2026-07-17/exchange=NSE/symbol=M&M/part-044849_712974-008789.parquet,real_data_sample\l2_unseen_validation\trade_date=2026-07-17\exchange=NSE\symbol=M&M\part-044849_712974-008789.parquet,34769,downloaded,34769,
2026-07-17,NSE,M&M,raw_l2/trade_date=2026-07-17/exchange=NSE/symbol=M&M/part-044822_075249-008725.parquet,real_data_sample\l2_unseen_validation\trade_date=2026-07-17\exchange=NSE\symbol=M&M\part-044822_075249-008725.parquet,35001,downloaded,35001,
2026-07-17,NSE,M&M,raw_l2/trade_date=2026-07-17/exchange=NSE/symbol=M&M/part-044808_235643-008693.parquet,real_data_sample\l2_unseen_validation\trade_date=2026-07-17\exchange=NSE\symbol=M&M\part-044808_235643-008693.parquet,35355,downloaded,35355,
2026-07-17,NSE,M&M,raw_l2/trade_date=2026-07-17/exchange=NSE/symbol=M&M/part-044944_756995-008917.parquet,real_data_sample\l2_unseen_validation\trade_date=2026-07-17\exchange=NSE\symbol=M&M\part-044944_756995-008917.parquet,35784,downloaded,35784,
2026-07-17,NSE,M&M,raw_l2/trade_date=2026-07-17/exchange=NSE/symbol=M&M/part-044917_248389-008853.parquet,real_data_sample\l2_unseen_validation\trade_date=2026-07-17\exchange=NSE\symbol=M&M\part-044917_248389-008853.parquet,35142,downloaded,35142,
2026-07-17,NSE,M&M,raw_l2/trade_date=2026-07-17/exchange=NSE/symbol=M&M/part-044836_006883-008757.parquet,real_data_sample\l2_unseen_validation\trade_date=2026-07-17\exchange=NSE\symbol=M&M\part-044836_006883-008757.parquet,34664,downloaded,34664,
2026-07-17,NSE,M&M,raw_l2/trade_date=2026-07-17/exchange=NSE/symbol=M&M/part-044958_463972-008949.parquet,real_data_sample\l2_unseen_validation\trade_date=2026-07-17\exchange=NSE\symbol=M&M\part-044958_463972-008949.parquet,35788,downloaded,35788,
2026-07-17,NSE,M&M,raw_l2/trade_date=2026-07-17/exchange=NSE/symbol=M&M/part-045012_190886-008981.parquet,real_data_sample\l2_unseen_validation\trade_date=2026-07-17\exchange=NSE\symbol=M&M\part-045012_190886-008981.parquet,35315,downloaded,35315,
2026-07-17,NSE,M&M,raw_l2/trade_date=2026-07-17/exchange=NSE/symbol=M&M/part-045025_856126-009013.parquet,real_data_sample\l2_unseen_validation\trade_date=2026-07-17\exchange=NSE\symbol=M&M\part-045025_856126-009013.parquet,34656,downloaded,34656,
2026-07-17,NSE,M&M,raw_l2/trade_date=2026-07-17/exchange=NSE/symbol=M&M/part-045039_474781-009045.parquet,real_data_sample\l2_unseen_validation\trade_date=2026-07-17\exchange=NSE\symbol=M&M\part-045039_474781-009045.parquet,34513,downloaded,34513,
2026-07-17,NSE,M&M,raw_l2/trade_date=2026-07-17/exchange=NSE/symbol=M&M/part-045121_265404-009141.parquet,real_data_sample\l2_unseen_validation\trade_date=2026-07-17\exchange=NSE\symbol=M&M\part-045121_265404-009141.parquet,35495,downloaded,35495,
2026-07-17,NSE,M&M,raw_l2/trade_date=2026-07-17/exchange=NSE/symbol=M&M/part-045135_134712-009173.parquet,real_data_sample\l2_unseen_validation\trade_date=2026-07-17\exchange=NSE\symbol=M&M\part-045135_134712-009173.parquet,35387,downloaded,35387,
2026-07-17,NSE,M&M,raw_l2/trade_date=2026-07-17/exchange=NSE/symbol=M&M/part-045053_180174-009077.parquet,real_data_sample\l2_unseen_validation\trade_date=2026-07-17\exchange=NSE\symbol=M&M\part-045053_180174-009077.parquet,34754,downloaded,34754,
2026-07-17,NSE,M&M,raw_l2/trade_date=2026-07-17/exchange=NSE/symbol=M&M/part-045107_213441-009109.parquet,real_data_sample\l2_unseen_validation\trade_date=2026-07-17\exchange=NSE\symbol=M&M\part-045107_213441-009109.parquet,34648,downloaded,34648,
2026-07-17,NSE,M&M,raw_l2/trade_date=2026-07-17/exchange=NSE/symbol=M&M/part-045149_007437-009205.parquet,real_data_sample\l2_unseen_validation\trade_date=2026-07-17\exchange=NSE\symbol=M&M\part-045149_007437-009205.parquet,35801,downloaded,35801,
2026-07-17,NSE,M&M,raw_l2/trade_date=2026-07-17/exchange=NSE/symbol=M&M/part-045216_960495-009269.parquet,real_data_sample\l2_unseen_validation\trade_date=2026-07-17\exchange=NSE\symbol=M&M\part-045216_960495-009269.parquet,35447,downloaded,35447,
2026-07-17,NSE,M&M,raw_l2/trade_date=2026-07-17/exchange=NSE/symbol=M&M/part-045244_579691-009333.parquet,real_data_sample\l2_unseen_validation\trade_date=2026-07-17\exchange=NSE\symbol=M&M\part-045244_579691-009333.parquet,35432,downloaded,35432,
2026-07-17,NSE,M&M,raw_l2/trade_date=2026-07-17/exchange=NSE/symbol=M&M/part-045312_590914-009397.parquet,real_data_sample\l2_unseen_validation\trade_date=2026-07-17\exchange=NSE\symbol=M&M\part-045312_590914-009397.parquet,35447,downloaded,35447,
2026-07-17,NSE,M&M,raw_l2/trade_date=2026-07-17/exchange=NSE/symbol=M&M/part-045230_812087-009301.parquet,real_data_sample\l2_unseen_validation\trade_date=2026-07-17\exchange=NSE\symbol=M&M\part-045230_812087-009301.parquet,35740,downloaded,35740,
2026-07-17,NSE,M&M,raw_l2/trade_date=2026-07-17/exchange=NSE/symbol=M&M/part-045203_154252-009237.parquet,real_data_sample\l2_unseen_validation\trade_date=2026-07-17\exchange=NSE\symbol=M&M\part-045203_154252-009237.parquet,35973,downloaded,35973,
2026-07-17,NSE,M&M,raw_l2/trade_date=2026-07-17/exchange=NSE/symbol=M&M/part-045408_350736-009525.parquet,real_data_sample\l2_unseen_validation\trade_date=2026-07-17\exchange=NSE\symbol=M&M\part-045408_350736-009525.parquet,34668,downloaded,34668,
2026-07-17,NSE,M&M,raw_l2/trade_date=2026-07-17/exchange=NSE/symbol=M&M/part-045326_531237-009429.parquet,real_data_sample\l2_unseen_validation\trade_date=2026-07-17\exchange=NSE\symbol=M&M\part-045326_531237-009429.parquet,34620,downloaded,34620,
2026-07-17,NSE,M&M,raw_l2/trade_date=2026-07-17/exchange=NSE/symbol=M&M/part-045340_311953-009461.parquet,real_data_sample\l2_unseen_validation\trade_date=2026-07-17\exchange=NSE\symbol=M&M\part-045340_311953-009461.parquet,34563,downloaded,34563,
2026-07-17,NSE,M&M,raw_l2/trade_date=2026-07-17/exchange=NSE/symbol=M&M/part-045354_359680-009493.parquet,real_data_sample\l2_unseen_validation\trade_date=2026-07-17\exchange=NSE\symbol=M&M\part-045354_359680-009493.parquet,34360,downloaded,34360,
2026-07-17,NSE,M&M,raw_l2/trade_date=2026-07-17/exchange=NSE/symbol=M&M/part-045422_396779-009557.parquet,real_data_sample\l2_unseen_validation\trade_date=2026-07-17\exchange=NSE\symbol=M&M\part-045422_396779-009557.parquet,34627,downloaded,34627,
2026-07-17,NSE,M&M,raw_l2/trade_date=2026-07-17/exchange=NSE/symbol=M&M/part-045436_389795-009589.parquet,real_data_sample\l2_unseen_validation\trade_date=2026-07-17\exchange=NSE\symbol=M&M\part-045436_389795-009589.parquet,34634,downloaded,34634,
2026-07-17,NSE,M&M,raw_l2/trade_date=2026-07-17/exchange=NSE/symbol=M&M/part-045614_616600-009813.parquet,real_data_sample\l2_unseen_validation\trade_date=2026-07-17\exchange=NSE\symbol=M&M\part-045614_616600-009813.parquet,34691,downloaded,34691,
2026-07-17,NSE,M&M,raw_l2/trade_date=2026-07-17/exchange=NSE/symbol=M&M/part-045642_891877-009877.parquet,real_data_sample\l2_unseen_validation\trade_date=2026-07-17\exchange=NSE\symbol=M&M\part-045642_891877-009877.parquet,34613,downloaded,34613,
2026-07-17,NSE,M&M,raw_l2/trade_date=2026-07-17/exchange=NSE/symbol=M&M/part-045711_495381-009941.parquet,real_data_sample\l2_unseen_validation\trade_date=2026-07-17\exchange=NSE\symbol=M&M\part-045711_495381-009941.parquet,34640,downloaded,34640,
2026-07-17,NSE,M&M,raw_l2/trade_date=2026-07-17/exchange=NSE/symbol=M&M/part-045739_643580-010005.parquet,real_data_sample\l2_unseen_validation\trade_date=2026-07-17\exchange=NSE\symbol=M&M\part-045739_643580-010005.parquet,34666,downloaded,34666,
2026-07-17,NSE,M&M,raw_l2/trade_date=2026-07-17/exchange=NSE/symbol=M&M/part-045546_592502-009749.parquet,real_data_sample\l2_unseen_validation\trade_date=2026-07-17\exchange=NSE\symbol=M&M\part-045546_592502-009749.parquet,34635,downloaded,34635,
2026-07-17,NSE,M&M,raw_l2/trade_date=2026-07-17/exchange=NSE/symbol=M&M/part-045450_433620-009621.parquet,real_data_sample\l2_unseen_validation\trade_date=2026-07-17\exchange=NSE\symbol=M&M\part-045450_433620-009621.parquet,34657,downloaded,34657,
2026-07-17,NSE,M&M,raw_l2/trade_date=2026-07-17/exchange=NSE/symbol=M&M/part-045504_710093-009653.parquet,real_data_sample\l2_unseen_validation\trade_date=2026-07-17\exchange=NSE\symbol=M&M\part-045504_710093-009653.parquet,34535,downloaded,34535,
2026-07-17,NSE,M&M,raw_l2/trade_date=2026-07-17/exchange=NSE/symbol=M&M/part-045657_280117-009909.parquet,real_data_sample\l2_unseen_validation\trade_date=2026-07-17\exchange=NSE\symbol=M&M\part-045657_280117-009909.parquet,34617,downloaded,34617,
2026-07-17,NSE,M&M,raw_l2/trade_date=2026-07-17/exchange=NSE/symbol=M&M/part-045725_644439-009973.parquet,real_data_sample\l2_unseen_validation\trade_date=2026-07-17\exchange=NSE\symbol=M&M\part-045725_644439-009973.parquet,34415,downloaded,34415,
2026-07-17,NSE,M&M,raw_l2/trade_date=2026-07-17/exchange=NSE/symbol=M&M/part-045628_845227-009845.parquet,real_data_sample\l2_unseen_validation\trade_date=2026-07-17\exchange=NSE\symbol=M&M\part-045628_845227-009845.parquet,34572,downloaded,34572,
2026-07-17,NSE,M&M,raw_l2/trade_date=2026-07-17/exchange=NSE/symbol=M&M/part-045600_619831-009781.parquet,real_data_sample\l2_unseen_validation\trade_date=2026-07-17\exchange=NSE\symbol=M&M\part-045600_619831-009781.parquet,34791,downloaded,34791,
2026-07-17,NSE,M&M,raw_l2/trade_date=2026-07-17/exchange=NSE/symbol=M&M/part-045518_708807-009685.parquet,real_data_sample\l2_unseen_validation\trade_date=2026-07-17\exchange=NSE\symbol=M&M\part-045518_708807-009685.parquet,34493,downloaded,34493,
2026-07-17,NSE,M&M,raw_l2/trade_date=2026-07-17/exchange=NSE/symbol=M&M/part-045532_597416-009717.parquet,real_data_sample\l2_unseen_validation\trade_date=2026-07-17\exchange=NSE\symbol=M&M\part-045532_597416-009717.parquet,34558,downloaded,34558,
2026-07-17,NSE,M&M,raw_l2/trade_date=2026-07-17/exchange=NSE/symbol=M&M/part-045258_584292-009365.parquet,real_data_sample\l2_unseen_validation\trade_date=2026-07-17\exchange=NSE\symbol=M&M\part-045258_584292-009365.parquet,35774,downloaded,35774,
2026-07-17,NSE,M&M,raw_l2/trade_date=2026-07-17/exchange=NSE/symbol=M&M/part-045808_010136-010069.parquet,real_data_sample\l2_unseen_validation\trade_date=2026-07-17\exchange=NSE\symbol=M&M\part-045808_010136-010069.parquet,34721,downloaded,34721,
2026-07-17,NSE,M&M,raw_l2/trade_date=2026-07-17/exchange=NSE/symbol=M&M/part-045753_886269-010037.parquet,real_data_sample\l2_unseen_validation\trade_date=2026-07-17\exchange=NSE\symbol=M&M\part-045753_886269-010037.parquet,34757,downloaded,34757,
2026-07-17,NSE,M&M,raw_l2/trade_date=2026-07-17/exchange=NSE/symbol=M&M/part-045822_021735-010101.parquet,real_data_sample\l2_unseen_validation\trade_date=2026-07-17\exchange=NSE\symbol=M&M\part-045822_021735-010101.parquet,34866,downloaded,34866,
2026-07-17,NSE,M&M,raw_l2/trade_date=2026-07-17/exchange=NSE/symbol=M&M/part-042936_413145-006133.parquet,real_data_sample\l2_unseen_validation\trade_date=2026-07-17\exchange=NSE\symbol=M&M\part-042936_413145-006133.parquet,35719,downloaded,35719,
2026-07-17,NSE,M&M,raw_l2/trade_date=2026-07-17/exchange=NSE/symbol=M&M/part-045850_553560-010165.parquet,real_data_sample\l2_unseen_validation\trade_date=2026-07-17\exchange=NSE\symbol=M&M\part-045850_553560-010165.parquet,34626,downloaded,34626,
2026-07-17,NSE,M&M,raw_l2/trade_date=2026-07-17/exchange=NSE/symbol=M&M/part-042854_470251-006037.parquet,real_data_sample\l2_unseen_validation\trade_date=2026-07-17\exchange=NSE\symbol=M&M\part-042854_470251-006037.parquet,34548,downloaded,34548,
2026-07-17,NSE,M&M,raw_l2/trade_date=2026-07-17/exchange=NSE/symbol=M&M/part-045836_222106-010133.parquet,real_data_sample\l2_unseen_validation\trade_date=2026-07-17\exchange=NSE\symbol=M&M\part-045836_222106-010133.parquet,34622,downloaded,34622,
2026-07-17,NSE,M&M,raw_l2/trade_date=2026-07-17/exchange=NSE/symbol=M&M/part-045904_229644-010197.parquet,real_data_sample\l2_unseen_validation\trade_date=2026-07-17\exchange=NSE\symbol=M&M\part-045904_229644-010197.parquet,34687,downloaded,34687,
2026-07-17,NSE,M&M,raw_l2/trade_date=2026-07-17/exchange=NSE/symbol=M&M/part-043018_661630-006229.parquet,real_data_sample\l2_unseen_validation\trade_date=2026-07-17\exchange=NSE\symbol=M&M\part-043018_661630-006229.parquet,35292,downloaded,35292,
2026-07-17,NSE,M&M,raw_l2/trade_date=2026-07-17/exchange=NSE/symbol=M&M/part-045918_075338-010229.parquet,real_data_sample\l2_unseen_validation\trade_date=2026-07-17\exchange=NSE\symbol=M&M\part-045918_075338-010229.parquet,34852,downloaded,34852,
2026-07-17,NSE,M&M,raw_l2/trade_date=2026-07-17/exchange=NSE/symbol=M&M/part-042758_736669-005909.parquet,real_data_sample\l2_unseen_validation\trade_date=2026-07-17\exchange=NSE\symbol=M&M\part-042758_736669-005909.parquet,34441,downloaded,34441,
2026-07-17,NSE,M&M,raw_l2/trade_date=2026-07-17/exchange=NSE/symbol=M&M/part-045932_404068-010261.parquet,real_data_sample\l2_unseen_validation\trade_date=2026-07-17\exchange=NSE\symbol=M&M\part-045932_404068-010261.parquet,34579,downloaded,34579,
2026-07-17,NSE,M&M,raw_l2/trade_date=2026-07-17/exchange=NSE/symbol=M&M/part-045946_538871-010293.parquet,real_data_sample\l2_unseen_validation\trade_date=2026-07-17\exchange=NSE\symbol=M&M\part-045946_538871-010293.parquet,34616,downloaded,34616,
2026-07-17,NSE,M&M,raw_l2/trade_date=2026-07-17/exchange=NSE/symbol=M&M/part-050000_830878-010325.parquet,real_data_sample\l2_unseen_validation\trade_date=2026-07-17\exchange=NSE\symbol=M&M\part-050000_830878-010325.parquet,34523,downloaded,34523,
2026-07-17,NSE,M&M,raw_l2/trade_date=2026-07-17/exchange=NSE/symbol=M&M/part-050028_561516-010389.parquet,real_data_sample\l2_unseen_validation\trade_date=2026-07-17\exchange=NSE\symbol=M&M\part-050028_561516-010389.parquet,35771,downloaded,35771,
2026-07-17,NSE,M&M,raw_l2/trade_date=2026-07-17/exchange=NSE/symbol=M&M/part-050014_694581-010357.parquet,real_data_sample\l2_unseen_validation\trade_date=2026-07-17\exchange=NSE\symbol=M&M\part-050014_694581-010357.parquet,35163,downloaded,35163,
2026-07-17,NSE,M&M,raw_l2/trade_date=2026-07-17/exchange=NSE/symbol=M&M/part-042717_117916-005813.parquet,real_data_sample\l2_unseen_validation\trade_date=2026-07-17\exchange=NSE\symbol=M&M\part-042717_117916-005813.parquet,35102,downloaded,35102,
2026-07-17,NSE,M&M,raw_l2/trade_date=2026-07-17/exchange=NSE/symbol=M&M/part-050042_453964-010421.parquet,real_data_sample\l2_unseen_validation\trade_date=2026-07-17\exchange=NSE\symbol=M&M\part-050042_453964-010421.parquet,35557,downloaded,35557,
2026-07-17,NSE,M&M,raw_l2/trade_date=2026-07-17/exchange=NSE/symbol=M&M/part-050234_986356-010677.parquet,real_data_sample\l2_unseen_validation\trade_date=2026-07-17\exchange=NSE\symbol=M&M\part-050234_986356-010677.parquet,34707,downloaded,34707,
2026-07-17,NSE,M&M,raw_l2/trade_date=2026-07-17/exchange=NSE/symbol=M&M/part-050110_335099-010485.parquet,real_data_sample\l2_unseen_validation\trade_date=2026-07-17\exchange=NSE\symbol=M&M\part-050110_335099-010485.parquet,35615,downloaded,35615,
2026-07-17,NSE,M&M,raw_l2/trade_date=2026-07-17/exchange=NSE/symbol=M&M/part-050124_274912-010517.parquet,real_data_sample\l2_unseen_validation\trade_date=2026-07-17\exchange=NSE\symbol=M&M\part-050124_274912-010517.parquet,34960,downloaded,34960,
2026-07-17,NSE,M&M,raw_l2/trade_date=2026-07-17/exchange=NSE/symbol=M&M/part-050152_245513-010581.parquet,real_data_sample\l2_unseen_validation\trade_date=2026-07-17\exchange=NSE\symbol=M&M\part-050152_245513-010581.parquet,34663,downloaded,34663,
2026-07-17,NSE,M&M,raw_l2/trade_date=2026-07-17/exchange=NSE/symbol=M&M/part-050220_755270-010645.parquet,real_data_sample\l2_unseen_validation\trade_date=2026-07-17\exchange=NSE\symbol=M&M\part-050220_755270-010645.parquet,34616,downloaded,34616,
2026-07-17,NSE,M&M,raw_l2/trade_date=2026-07-17/exchange=NSE/symbol=M&M/part-050138_187253-010549.parquet,real_data_sample\l2_unseen_validation\trade_date=2026-07-17\exchange=NSE\symbol=M&M\part-050138_187253-010549.parquet,34676,downloaded,34676,
2026-07-17,NSE,M&M,raw_l2/trade_date=2026-07-17/exchange=NSE/symbol=M&M/part-050206_663573-010613.parquet,real_data_sample\l2_unseen_validation\trade_date=2026-07-17\exchange=NSE\symbol=M&M\part-050206_663573-010613.parquet,35031,downloaded,35031,
2026-07-17,NSE,M&M,raw_l2/trade_date=2026-07-17/exchange=NSE/symbol=M&M/part-050249_283194-010709.parquet,real_data_sample\l2_unseen_validation\trade_date=2026-07-17\exchange=NSE\symbol=M&M\part-050249_283194-010709.parquet,35005,downloaded,35005,
2026-07-17,NSE,M&M,raw_l2/trade_date=2026-07-17/exchange=NSE/symbol=M&M/part-050303_517564-010741.parquet,real_data_sample\l2_unseen_validation\trade_date=2026-07-17\exchange=NSE\symbol=M&M\part-050303_517564-010741.parquet,34757,downloaded,34757,
2026-07-17,NSE,M&M,raw_l2/trade_date=2026-07-17/exchange=NSE/symbol=M&M/part-050317_866746-010773.parquet,real_data_sample\l2_unseen_validation\trade_date=2026-07-17\exchange=NSE\symbol=M&M\part-050317_866746-010773.parquet,35041,downloaded,35041,
2026-07-17,NSE,M&M,raw_l2/trade_date=2026-07-17/exchange=NSE/symbol=M&M/part-050345_912059-010837.parquet,real_data_sample\l2_unseen_validation\trade_date=2026-07-17\exchange=NSE\symbol=M&M\part-050345_912059-010837.parquet,35771,downloaded,35771,
2026-07-17,NSE,M&M,raw_l2/trade_date=2026-07-17/exchange=NSE/symbol=M&M/part-050056_333834-010453.parquet,real_data_sample\l2_unseen_validation\trade_date=2026-07-17\exchange=NSE\symbol=M&M\part-050056_333834-010453.parquet,35644,downloaded,35644,
2026-07-17,NSE,M&M,raw_l2/trade_date=2026-07-17/exchange=NSE/symbol=M&M/part-050400_026250-010869.parquet,real_data_sample\l2_unseen_validation\trade_date=2026-07-17\exchange=NSE\symbol=M&M\part-050400_026250-010869.parquet,35882,downloaded,35882,
2026-07-17,NSE,M&M,raw_l2/trade_date=2026-07-17/exchange=NSE/symbol=M&M/part-050414_293727-010901.parquet,real_data_sample\l2_unseen_validation\trade_date=2026-07-17\exchange=NSE\symbol=M&M\part-050414_293727-010901.parquet,35370,downloaded,35370,
2026-07-17,NSE,M&M,raw_l2/trade_date=2026-07-17/exchange=NSE/symbol=M&M/part-050510_172742-011029.parquet,real_data_sample\l2_unseen_validation\trade_date=2026-07-17\exchange=NSE\symbol=M&M\part-050510_172742-011029.parquet,35834,downloaded,35834,
2026-07-17,NSE,M&M,raw_l2/trade_date=2026-07-17/exchange=NSE/symbol=M&M/part-050428_312410-010933.parquet,real_data_sample\l2_unseen_validation\trade_date=2026-07-17\exchange=NSE\symbol=M&M\part-050428_312410-010933.parquet,35156,downloaded,35156,
2026-07-17,NSE,M&M,raw_l2/trade_date=2026-07-17/exchange=NSE/symbol=M&M/part-050456_092786-010997.parquet,real_data_sample\l2_unseen_validation\trade_date=2026-07-17\exchange=NSE\symbol=M&M\part-050456_092786-010997.parquet,35601,downloaded,35601,
2026-07-17,NSE,M&M,raw_l2/trade_date=2026-07-17/exchange=NSE/symbol=M&M/part-050442_253643-010965.parquet,real_data_sample\l2_unseen_validation\trade_date=2026-07-17\exchange=NSE\symbol=M&M\part-050442_253643-010965.parquet,35562,downloaded,35562,
2026-07-17,NSE,M&M,raw_l2/trade_date=2026-07-17/exchange=NSE/symbol=M&M/part-050524_209748-011061.parquet,real_data_sample\l2_unseen_validation\trade_date=2026-07-17\exchange=NSE\symbol=M&M\part-050524_209748-011061.parquet,35932,downloaded,35932,
2026-07-17,NSE,M&M,raw_l2/trade_date=2026-07-17/exchange=NSE/symbol=M&M/part-050538_048005-011093.parquet,real_data_sample\l2_unseen_validation\trade_date=2026-07-17\exchange=NSE\symbol=M&M\part-050538_048005-011093.parquet,35921,downloaded,35921,
2026-07-17,NSE,M&M,raw_l2/trade_date=2026-07-17/exchange=NSE/symbol=M&M/part-050552_009583-011125.parquet,real_data_sample\l2_unseen_validation\trade_date=2026-07-17\exchange=NSE\symbol=M&M\part-050552_009583-011125.parquet,35854,downloaded,35854,
2026-07-17,NSE,M&M,raw_l2/trade_date=2026-07-17/exchange=NSE/symbol=M&M/part-050606_036014-011157.parquet,real_data_sample\l2_unseen_validation\trade_date=2026-07-17\exchange=NSE\symbol=M&M\part-050606_036014-011157.parquet,35639,downloaded,35639,
2026-07-17,NSE,M&M,raw_l2/trade_date=2026-07-17/exchange=NSE/symbol=M&M/part-050620_412720-011189.parquet,real_data_sample\l2_unseen_validation\trade_date=2026-07-17\exchange=NSE\symbol=M&M\part-050620_412720-011189.parquet,35565,downloaded,35565,
2026-07-17,NSE,M&M,raw_l2/trade_date=2026-07-17/exchange=NSE/symbol=M&M/part-051059_093183-011829.parquet,real_data_sample\l2_unseen_validation\trade_date=2026-07-17\exchange=NSE\symbol=M&M\part-051059_093183-011829.parquet,35819,downloaded,35819,
2026-07-17,NSE,M&M,raw_l2/trade_date=2026-07-17/exchange=NSE/symbol=M&M/part-050745_462043-011381.parquet,real_data_sample\l2_unseen_validation\trade_date=2026-07-17\exchange=NSE\symbol=M&M\part-050745_462043-011381.parquet,35504,downloaded,35504,
2026-07-17,NSE,M&M,raw_l2/trade_date=2026-07-17/exchange=NSE/symbol=M&M/part-050703_582718-011285.parquet,real_data_sample\l2_unseen_validation\trade_date=2026-07-17\exchange=NSE\symbol=M&M\part-050703_582718-011285.parquet,36006,downloaded,36006,
2026-07-17,NSE,M&M,raw_l2/trade_date=2026-07-17/exchange=NSE/symbol=M&M/part-050936_220340-011637.parquet,real_data_sample\l2_unseen_validation\trade_date=2026-07-17\exchange=NSE\symbol=M&M\part-050936_220340-011637.parquet,34664,downloaded,34664,
2026-07-17,NSE,M&M,raw_l2/trade_date=2026-07-17/exchange=NSE/symbol=M&M/part-051236_888193-012053.parquet,real_data_sample\l2_unseen_validation\trade_date=2026-07-17\exchange=NSE\symbol=M&M\part-051236_888193-012053.parquet,34503,downloaded,34503,
2026-07-17,NSE,M&M,raw_l2/trade_date=2026-07-17/exchange=NSE/symbol=M&M/part-050922_287647-011605.parquet,real_data_sample\l2_unseen_validation\trade_date=2026-07-17\exchange=NSE\symbol=M&M\part-050922_287647-011605.parquet,34821,downloaded,34821,
2026-07-17,NSE,M&M,raw_l2/trade_date=2026-07-17/exchange=NSE/symbol=M&M/part-050759_258840-011413.parquet,real_data_sample\l2_unseen_validation\trade_date=2026-07-17\exchange=NSE\symbol=M&M\part-050759_258840-011413.parquet,35796,downloaded,35796,
2026-07-17,NSE,M&M,raw_l2/trade_date=2026-07-17/exchange=NSE/symbol=M&M/part-051017_650025-011733.parquet,real_data_sample\l2_unseen_validation\trade_date=2026-07-17\exchange=NSE\symbol=M&M\part-051017_650025-011733.parquet,35134,downloaded,35134,
2026-07-17,NSE,M&M,raw_l2/trade_date=2026-07-17/exchange=NSE/symbol=M&M/part-051045_334325-011797.parquet,real_data_sample\l2_unseen_validation\trade_date=2026-07-17\exchange=NSE\symbol=M&M\part-051045_334325-011797.parquet,35291,downloaded,35291,
2026-07-17,NSE,M&M,raw_l2/trade_date=2026-07-17/exchange=NSE/symbol=M&M/part-051155_074707-011957.parquet,real_data_sample\l2_unseen_validation\trade_date=2026-07-17\exchange=NSE\symbol=M&M\part-051155_074707-011957.parquet,35024,downloaded,35024,
2026-07-17,NSE,M&M,raw_l2/trade_date=2026-07-17/exchange=NSE/symbol=M&M/part-051209_099276-011989.parquet,real_data_sample\l2_unseen_validation\trade_date=2026-07-17\exchange=NSE\symbol=M&M\part-051209_099276-011989.parquet,35176,downloaded,35176,
2026-07-17,NSE,M&M,raw_l2/trade_date=2026-07-17/exchange=NSE/symbol=M&M/part-050813_206117-011445.parquet,real_data_sample\l2_unseen_validation\trade_date=2026-07-17\exchange=NSE\symbol=M&M\part-050813_206117-011445.parquet,35993,downloaded,35993,
2026-07-17,NSE,M&M,raw_l2/trade_date=2026-07-17/exchange=NSE/symbol=M&M/part-051141_201067-011925.parquet,real_data_sample\l2_unseen_validation\trade_date=2026-07-17\exchange=NSE\symbol=M&M\part-051141_201067-011925.parquet,35377,downloaded,35377,
2026-07-17,NSE,M&M,raw_l2/trade_date=2026-07-17/exchange=NSE/symbol=M&M/part-050840_789800-011509.parquet,real_data_sample\l2_unseen_validation\trade_date=2026-07-17\exchange=NSE\symbol=M&M\part-050840_789800-011509.parquet,35292,downloaded,35292,
2026-07-17,NSE,M&M,raw_l2/trade_date=2026-07-17/exchange=NSE/symbol=M&M/part-050635_190490-011221.parquet,real_data_sample\l2_unseen_validation\trade_date=2026-07-17\exchange=NSE\symbol=M&M\part-050635_190490-011221.parquet,35601,downloaded,35601,
2026-07-17,NSE,M&M,raw_l2/trade_date=2026-07-17/exchange=NSE/symbol=M&M/part-050949_918422-011669.parquet,real_data_sample\l2_unseen_validation\trade_date=2026-07-17\exchange=NSE\symbol=M&M\part-050949_918422-011669.parquet,34823,downloaded,34823,
2026-07-17,NSE,M&M,raw_l2/trade_date=2026-07-17/exchange=NSE/symbol=M&M/part-051112_989508-011861.parquet,real_data_sample\l2_unseen_validation\trade_date=2026-07-17\exchange=NSE\symbol=M&M\part-051112_989508-011861.parquet,35439,downloaded,35439,
2026-07-17,NSE,M&M,raw_l2/trade_date=2026-07-17/exchange=NSE/symbol=M&M/part-050826_967681-011477.parquet,real_data_sample\l2_unseen_validation\trade_date=2026-07-17\exchange=NSE\symbol=M&M\part-050826_967681-011477.parquet,35521,downloaded,35521,
2026-07-17,NSE,M&M,raw_l2/trade_date=2026-07-17/exchange=NSE/symbol=M&M/part-051127_050189-011893.parquet,real_data_sample\l2_unseen_validation\trade_date=2026-07-17\exchange=NSE\symbol=M&M\part-051127_050189-011893.parquet,35688,downloaded,35688,
2026-07-17,NSE,M&M,raw_l2/trade_date=2026-07-17/exchange=NSE/symbol=M&M/part-050854_467380-011541.parquet,real_data_sample\l2_unseen_validation\trade_date=2026-07-17\exchange=NSE\symbol=M&M\part-050854_467380-011541.parquet,35099,downloaded,35099,
2026-07-17,NSE,M&M,raw_l2/trade_date=2026-07-17/exchange=NSE/symbol=M&M/part-051250_852974-012085.parquet,real_data_sample\l2_unseen_validation\trade_date=2026-07-17\exchange=NSE\symbol=M&M\part-051250_852974-012085.parquet,34565,downloaded,34565,
2026-07-17,NSE,M&M,raw_l2/trade_date=2026-07-17/exchange=NSE/symbol=M&M/part-051222_986264-012021.parquet,real_data_sample\l2_unseen_validation\trade_date=2026-07-17\exchange=NSE\symbol=M&M\part-051222_986264-012021.parquet,34820,downloaded,34820,
2026-07-17,NSE,M&M,raw_l2/trade_date=2026-07-17/exchange=NSE/symbol=M&M/part-050908_549476-011573.parquet,real_data_sample\l2_unseen_validation\trade_date=2026-07-17\exchange=NSE\symbol=M&M\part-050908_549476-011573.parquet,35253,downloaded,35253,
2026-07-17,NSE,M&M,raw_l2/trade_date=2026-07-17/exchange=NSE/symbol=M&M/part-050649_594508-011253.parquet,real_data_sample\l2_unseen_validation\trade_date=2026-07-17\exchange=NSE\symbol=M&M\part-050649_594508-011253.parquet,36115,downloaded,36115,
2026-07-17,NSE,M&M,raw_l2/trade_date=2026-07-17/exchange=NSE/symbol=M&M/part-050717_794930-011317.parquet,real_data_sample\l2_unseen_validation\trade_date=2026-07-17\exchange=NSE\symbol=M&M\part-050717_794930-011317.parquet,35874,downloaded,35874,
2026-07-17,NSE,M&M,raw_l2/trade_date=2026-07-17/exchange=NSE/symbol=M&M/part-051031_473046-011765.parquet,real_data_sample\l2_unseen_validation\trade_date=2026-07-17\exchange=NSE\symbol=M&M\part-051031_473046-011765.parquet,35544,downloaded,35544,
2026-07-17,NSE,M&M,raw_l2/trade_date=2026-07-17/exchange=NSE/symbol=M&M/part-051003_935089-011701.parquet,real_data_sample\l2_unseen_validation\trade_date=2026-07-17\exchange=NSE\symbol=M&M\part-051003_935089-011701.parquet,34441,downloaded,34441,
2026-07-17,NSE,M&M,raw_l2/trade_date=2026-07-17/exchange=NSE/symbol=M&M/part-051304_732818-012117.parquet,real_data_sample\l2_unseen_validation\trade_date=2026-07-17\exchange=NSE\symbol=M&M\part-051304_732818-012117.parquet,34569,downloaded,34569,
2026-07-17,NSE,M&M,raw_l2/trade_date=2026-07-17/exchange=NSE/symbol=M&M/part-051500_719459-012373.parquet,real_data_sample\l2_unseen_validation\trade_date=2026-07-17\exchange=NSE\symbol=M&M\part-051500_719459-012373.parquet,35821,downloaded,35821,
2026-07-17,NSE,M&M,raw_l2/trade_date=2026-07-17/exchange=NSE/symbol=M&M/part-051319_446525-012149.parquet,real_data_sample\l2_unseen_validation\trade_date=2026-07-17\exchange=NSE\symbol=M&M\part-051319_446525-012149.parquet,34619,downloaded,34619,
2026-07-17,NSE,M&M,raw_l2/trade_date=2026-07-17/exchange=NSE/symbol=M&M/part-051333_713113-012181.parquet,real_data_sample\l2_unseen_validation\trade_date=2026-07-17\exchange=NSE\symbol=M&M\part-051333_713113-012181.parquet,34757,downloaded,34757,
2026-07-17,NSE,M&M,raw_l2/trade_date=2026-07-17/exchange=NSE/symbol=M&M/part-050331_929846-010805.parquet,real_data_sample\l2_unseen_validation\trade_date=2026-07-17\exchange=NSE\symbol=M&M\part-050331_929846-010805.parquet,35507,downloaded,35507,
2026-07-17,NSE,M&M,raw_l2/trade_date=2026-07-17/exchange=NSE/symbol=M&M/part-051348_649761-012213.parquet,real_data_sample\l2_unseen_validation\trade_date=2026-07-17\exchange=NSE\symbol=M&M\part-051348_649761-012213.parquet,34794,downloaded,34794,
2026-07-17,NSE,M&M,raw_l2/trade_date=2026-07-17/exchange=NSE/symbol=M&M/part-051556_694635-012501.parquet,real_data_sample\l2_unseen_validation\trade_date=2026-07-17\exchange=NSE\symbol=M&M\part-051556_694635-012501.parquet,35501,downloaded,35501,
2026-07-17,NSE,M&M,raw_l2/trade_date=2026-07-17/exchange=NSE/symbol=M&M/part-051514_529715-012405.parquet,real_data_sample\l2_unseen_validation\trade_date=2026-07-17\exchange=NSE\symbol=M&M\part-051514_529715-012405.parquet,36056,downloaded,36056,
2026-07-17,NSE,M&M,raw_l2/trade_date=2026-07-17/exchange=NSE/symbol=M&M/part-051721_813496-012693.parquet,real_data_sample\l2_unseen_validation\trade_date=2026-07-17\exchange=NSE\symbol=M&M\part-051721_813496-012693.parquet,35028,downloaded,35028,
2026-07-17,NSE,M&M,raw_l2/trade_date=2026-07-17/exchange=NSE/symbol=M&M/part-051819_104407-012821.parquet,real_data_sample\l2_unseen_validation\trade_date=2026-07-17\exchange=NSE\symbol=M&M\part-051819_104407-012821.parquet,34467,downloaded,34467,
2026-07-17,NSE,M&M,raw_l2/trade_date=2026-07-17/exchange=NSE/symbol=M&M/part-051916_669739-012949.parquet,real_data_sample\l2_unseen_validation\trade_date=2026-07-17\exchange=NSE\symbol=M&M\part-051916_669739-012949.parquet,34597,downloaded,34597,
2026-07-17,NSE,M&M,raw_l2/trade_date=2026-07-17/exchange=NSE/symbol=M&M/part-051403_785655-012245.parquet,real_data_sample\l2_unseen_validation\trade_date=2026-07-17\exchange=NSE\symbol=M&M\part-051403_785655-012245.parquet,34719,downloaded,34719,
2026-07-17,NSE,M&M,raw_l2/trade_date=2026-07-17/exchange=NSE/symbol=M&M/part-051418_149730-012277.parquet,real_data_sample\l2_unseen_validation\trade_date=2026-07-17\exchange=NSE\symbol=M&M\part-051418_149730-012277.parquet,35275,downloaded,35275,
2026-07-17,NSE,M&M,raw_l2/trade_date=2026-07-17/exchange=NSE/symbol=M&M/part-051804_790970-012789.parquet,real_data_sample\l2_unseen_validation\trade_date=2026-07-17\exchange=NSE\symbol=M&M\part-051804_790970-012789.parquet,34683,downloaded,34683,
2026-07-17,NSE,M&M,raw_l2/trade_date=2026-07-17/exchange=NSE/symbol=M&M/part-051433_006917-012309.parquet,real_data_sample\l2_unseen_validation\trade_date=2026-07-17\exchange=NSE\symbol=M&M\part-051433_006917-012309.parquet,35877,downloaded,35877,
2026-07-17,NSE,M&M,raw_l2/trade_date=2026-07-17/exchange=NSE/symbol=M&M/part-051446_767998-012341.parquet,real_data_sample\l2_unseen_validation\trade_date=2026-07-17\exchange=NSE\symbol=M&M\part-051446_767998-012341.parquet,35835,downloaded,35835,
2026-07-17,NSE,M&M,raw_l2/trade_date=2026-07-17/exchange=NSE/symbol=M&M/part-051736_175394-012725.parquet,real_data_sample\l2_unseen_validation\trade_date=2026-07-17\exchange=NSE\symbol=M&M\part-051736_175394-012725.parquet,34648,downloaded,34648,
2026-07-17,NSE,M&M,raw_l2/trade_date=2026-07-17/exchange=NSE/symbol=M&M/part-051542_274207-012469.parquet,real_data_sample\l2_unseen_validation\trade_date=2026-07-17\exchange=NSE\symbol=M&M\part-051542_274207-012469.parquet,35637,downloaded,35637,
2026-07-17,NSE,M&M,raw_l2/trade_date=2026-07-17/exchange=NSE/symbol=M&M/part-051639_675077-012597.parquet,real_data_sample\l2_unseen_validation\trade_date=2026-07-17\exchange=NSE\symbol=M&M\part-051639_675077-012597.parquet,35498,downloaded,35498,
2026-07-17,NSE,M&M,raw_l2/trade_date=2026-07-17/exchange=NSE/symbol=M&M/part-051944_299997-013013.parquet,real_data_sample\l2_unseen_validation\trade_date=2026-07-17\exchange=NSE\symbol=M&M\part-051944_299997-013013.parquet,34527,downloaded,34527,
2026-07-17,NSE,M&M,raw_l2/trade_date=2026-07-17/exchange=NSE/symbol=M&M/part-051930_491101-012981.parquet,real_data_sample\l2_unseen_validation\trade_date=2026-07-17\exchange=NSE\symbol=M&M\part-051930_491101-012981.parquet,34573,downloaded,34573,
2026-07-17,NSE,M&M,raw_l2/trade_date=2026-07-17/exchange=NSE/symbol=M&M/part-051902_521005-012917.parquet,real_data_sample\l2_unseen_validation\trade_date=2026-07-17\exchange=NSE\symbol=M&M\part-051902_521005-012917.parquet,34700,downloaded,34700,
2026-07-17,NSE,M&M,raw_l2/trade_date=2026-07-17/exchange=NSE/symbol=M&M/part-051611_419284-012533.parquet,real_data_sample\l2_unseen_validation\trade_date=2026-07-17\exchange=NSE\symbol=M&M\part-051611_419284-012533.parquet,35731,downloaded,35731,
2026-07-17,NSE,M&M,raw_l2/trade_date=2026-07-17/exchange=NSE/symbol=M&M/part-051528_154531-012437.parquet,real_data_sample\l2_unseen_validation\trade_date=2026-07-17\exchange=NSE\symbol=M&M\part-051528_154531-012437.parquet,35745,downloaded,35745,
2026-07-17,NSE,M&M,raw_l2/trade_date=2026-07-17/exchange=NSE/symbol=M&M/part-051833_520898-012853.parquet,real_data_sample\l2_unseen_validation\trade_date=2026-07-17\exchange=NSE\symbol=M&M\part-051833_520898-012853.parquet,34714,downloaded,34714,
2026-07-17,NSE,M&M,raw_l2/trade_date=2026-07-17/exchange=NSE/symbol=M&M/part-051847_647690-012885.parquet,real_data_sample\l2_unseen_validation\trade_date=2026-07-17\exchange=NSE\symbol=M&M\part-051847_647690-012885.parquet,34438,downloaded,34438,
2026-07-17,NSE,M&M,raw_l2/trade_date=2026-07-17/exchange=NSE/symbol=M&M/part-051653_843773-012629.parquet,real_data_sample\l2_unseen_validation\trade_date=2026-07-17\exchange=NSE\symbol=M&M\part-051653_843773-012629.parquet,35218,downloaded,35218,
2026-07-17,NSE,M&M,raw_l2/trade_date=2026-07-17/exchange=NSE/symbol=M&M/part-051625_432689-012565.parquet,real_data_sample\l2_unseen_validation\trade_date=2026-07-17\exchange=NSE\symbol=M&M\part-051625_432689-012565.parquet,35604,downloaded,35604,
2026-07-17,NSE,M&M,raw_l2/trade_date=2026-07-17/exchange=NSE/symbol=M&M/part-051707_887083-012661.parquet,real_data_sample\l2_unseen_validation\trade_date=2026-07-17\exchange=NSE\symbol=M&M\part-051707_887083-012661.parquet,35527,downloaded,35527,
2026-07-17,NSE,M&M,raw_l2/trade_date=2026-07-17/exchange=NSE/symbol=M&M/part-051750_619424-012757.parquet,real_data_sample\l2_unseen_validation\trade_date=2026-07-17\exchange=NSE\symbol=M&M\part-051750_619424-012757.parquet,34535,downloaded,34535,
2026-07-17,NSE,M&M,raw_l2/trade_date=2026-07-17/exchange=NSE/symbol=M&M/part-050731_746853-011349.parquet,real_data_sample\l2_unseen_validation\trade_date=2026-07-17\exchange=NSE\symbol=M&M\part-050731_746853-011349.parquet,35794,downloaded,35794,
2026-07-17,NSE,M&M,raw_l2/trade_date=2026-07-17/exchange=NSE/symbol=M&M/part-051958_307163-013045.parquet,real_data_sample\l2_unseen_validation\trade_date=2026-07-17\exchange=NSE\symbol=M&M\part-051958_307163-013045.parquet,34407,downloaded,34407,
2026-07-17,NSE,M&M,raw_l2/trade_date=2026-07-17/exchange=NSE/symbol=M&M/part-052025_725835-013109.parquet,real_data_sample\l2_unseen_validation\trade_date=2026-07-17\exchange=NSE\symbol=M&M\part-052025_725835-013109.parquet,34764,downloaded,34764,
2026-07-17,NSE,M&M,raw_l2/trade_date=2026-07-17/exchange=NSE/symbol=M&M/part-052121_009770-013237.parquet,real_data_sample\l2_unseen_validation\trade_date=2026-07-17\exchange=NSE\symbol=M&M\part-052121_009770-013237.parquet,34710,downloaded,34710,
2026-07-17,NSE,M&M,raw_l2/trade_date=2026-07-17/exchange=NSE/symbol=M&M/part-052011_998430-013077.parquet,real_data_sample\l2_unseen_validation\trade_date=2026-07-17\exchange=NSE\symbol=M&M\part-052011_998430-013077.parquet,34710,downloaded,34710,
2026-07-17,NSE,M&M,raw_l2/trade_date=2026-07-17/exchange=NSE/symbol=M&M/part-052053_293694-013173.parquet,real_data_sample\l2_unseen_validation\trade_date=2026-07-17\exchange=NSE\symbol=M&M\part-052053_293694-013173.parquet,34633,downloaded,34633,
2026-07-17,NSE,M&M,raw_l2/trade_date=2026-07-17/exchange=NSE/symbol=M&M/part-052107_041322-013205.parquet,real_data_sample\l2_unseen_validation\trade_date=2026-07-17\exchange=NSE\symbol=M&M\part-052107_041322-013205.parquet,34707,downloaded,34707,
2026-07-17,NSE,M&M,raw_l2/trade_date=2026-07-17/exchange=NSE/symbol=M&M/part-052216_940387-013365.parquet,real_data_sample\l2_unseen_validation\trade_date=2026-07-17\exchange=NSE\symbol=M&M\part-052216_940387-013365.parquet,34769,downloaded,34769,
2026-07-17,NSE,M&M,raw_l2/trade_date=2026-07-17/exchange=NSE/symbol=M&M/part-052450_610518-013717.parquet,real_data_sample\l2_unseen_validation\trade_date=2026-07-17\exchange=NSE\symbol=M&M\part-052450_610518-013717.parquet,34642,downloaded,34642,
2026-07-17,NSE,M&M,raw_l2/trade_date=2026-07-17/exchange=NSE/symbol=M&M/part-052148_799535-013301.parquet,real_data_sample\l2_unseen_validation\trade_date=2026-07-17\exchange=NSE\symbol=M&M\part-052148_799535-013301.parquet,34608,downloaded,34608,
2026-07-17,NSE,M&M,raw_l2/trade_date=2026-07-17/exchange=NSE/symbol=M&M/part-052244_821369-013429.parquet,real_data_sample\l2_unseen_validation\trade_date=2026-07-17\exchange=NSE\symbol=M&M\part-052244_821369-013429.parquet,34659,downloaded,34659,
2026-07-17,NSE,M&M,raw_l2/trade_date=2026-07-17/exchange=NSE/symbol=M&M/part-052230_884507-013397.parquet,real_data_sample\l2_unseen_validation\trade_date=2026-07-17\exchange=NSE\symbol=M&M\part-052230_884507-013397.parquet,34644,downloaded,34644,
2026-07-17,NSE,M&M,raw_l2/trade_date=2026-07-17/exchange=NSE/symbol=M&M/part-052312_860159-013493.parquet,real_data_sample\l2_unseen_validation\trade_date=2026-07-17\exchange=NSE\symbol=M&M\part-052312_860159-013493.parquet,34925,downloaded,34925,
2026-07-17,NSE,M&M,raw_l2/trade_date=2026-07-17/exchange=NSE/symbol=M&M/part-052202_801323-013333.parquet,real_data_sample\l2_unseen_validation\trade_date=2026-07-17\exchange=NSE\symbol=M&M\part-052202_801323-013333.parquet,34490,downloaded,34490,
2026-07-17,NSE,M&M,raw_l2/trade_date=2026-07-17/exchange=NSE/symbol=M&M/part-052134_817663-013269.parquet,real_data_sample\l2_unseen_validation\trade_date=2026-07-17\exchange=NSE\symbol=M&M\part-052134_817663-013269.parquet,34685,downloaded,34685,
2026-07-17,NSE,M&M,raw_l2/trade_date=2026-07-17/exchange=NSE/symbol=M&M/part-042606_987259-005653.parquet,real_data_sample\l2_unseen_validation\trade_date=2026-07-17\exchange=NSE\symbol=M&M\part-042606_987259-005653.parquet,35883,downloaded,35883,
2026-07-17,NSE,M&M,raw_l2/trade_date=2026-07-17/exchange=NSE/symbol=M&M/part-052504_502766-013749.parquet,real_data_sample\l2_unseen_validation\trade_date=2026-07-17\exchange=NSE\symbol=M&M\part-052504_502766-013749.parquet,34657,downloaded,34657,
2026-07-17,NSE,M&M,raw_l2/trade_date=2026-07-17/exchange=NSE/symbol=M&M/part-052258_851453-013461.parquet,real_data_sample\l2_unseen_validation\trade_date=2026-07-17\exchange=NSE\symbol=M&M\part-052258_851453-013461.parquet,34763,downloaded,34763,
2026-07-17,NSE,M&M,raw_l2/trade_date=2026-07-17/exchange=NSE/symbol=M&M/part-052422_721558-013653.parquet,real_data_sample\l2_unseen_validation\trade_date=2026-07-17\exchange=NSE\symbol=M&M\part-052422_721558-013653.parquet,34854,downloaded,34854,
2026-07-17,NSE,M&M,raw_l2/trade_date=2026-07-17/exchange=NSE/symbol=M&M/part-052436_800142-013685.parquet,real_data_sample\l2_unseen_validation\trade_date=2026-07-17\exchange=NSE\symbol=M&M\part-052436_800142-013685.parquet,35041,downloaded,35041,
2026-07-17,NSE,M&M,raw_l2/trade_date=2026-07-17/exchange=NSE/symbol=M&M/part-052518_247996-013781.parquet,real_data_sample\l2_unseen_validation\trade_date=2026-07-17\exchange=NSE\symbol=M&M\part-052518_247996-013781.parquet,35213,downloaded,35213,
2026-07-17,NSE,M&M,raw_l2/trade_date=2026-07-17/exchange=NSE/symbol=M&M/part-052628_845735-013941.parquet,real_data_sample\l2_unseen_validation\trade_date=2026-07-17\exchange=NSE\symbol=M&M\part-052628_845735-013941.parquet,36146,downloaded,36146,
2026-07-17,NSE,M&M,raw_l2/trade_date=2026-07-17/exchange=NSE/symbol=M&M/part-052340_846387-013557.parquet,real_data_sample\l2_unseen_validation\trade_date=2026-07-17\exchange=NSE\symbol=M&M\part-052340_846387-013557.parquet,35532,downloaded,35532,
2026-07-17,NSE,M&M,raw_l2/trade_date=2026-07-17/exchange=NSE/symbol=M&M/part-052600_533635-013877.parquet,real_data_sample\l2_unseen_validation\trade_date=2026-07-17\exchange=NSE\symbol=M&M\part-052600_533635-013877.parquet,35132,downloaded,35132,
2026-07-17,NSE,M&M,raw_l2/trade_date=2026-07-17/exchange=NSE/symbol=M&M/part-052614_652650-013909.parquet,real_data_sample\l2_unseen_validation\trade_date=2026-07-17\exchange=NSE\symbol=M&M\part-052614_652650-013909.parquet,35633,downloaded,35633,
2026-07-17,NSE,M&M,raw_l2/trade_date=2026-07-17/exchange=NSE/symbol=M&M/part-052532_291407-013813.parquet,real_data_sample\l2_unseen_validation\trade_date=2026-07-17\exchange=NSE\symbol=M&M\part-052532_291407-013813.parquet,35903,downloaded,35903,
2026-07-17,NSE,M&M,raw_l2/trade_date=2026-07-17/exchange=NSE/symbol=M&M/part-052546_389044-013845.parquet,real_data_sample\l2_unseen_validation\trade_date=2026-07-17\exchange=NSE\symbol=M&M\part-052546_389044-013845.parquet,35678,downloaded,35678,
2026-07-17,NSE,M&M,raw_l2/trade_date=2026-07-17/exchange=NSE/symbol=M&M/part-052408_868151-013621.parquet,real_data_sample\l2_unseen_validation\trade_date=2026-07-17\exchange=NSE\symbol=M&M\part-052408_868151-013621.parquet,35537,downloaded,35537,
2026-07-17,NSE,M&M,raw_l2/trade_date=2026-07-17/exchange=NSE/symbol=M&M/part-052355_045699-013589.parquet,real_data_sample\l2_unseen_validation\trade_date=2026-07-17\exchange=NSE\symbol=M&M\part-052355_045699-013589.parquet,35483,downloaded,35483,
2026-07-17,NSE,M&M,raw_l2/trade_date=2026-07-17/exchange=NSE/symbol=M&M/part-052326_764998-013525.parquet,real_data_sample\l2_unseen_validation\trade_date=2026-07-17\exchange=NSE\symbol=M&M\part-052326_764998-013525.parquet,35562,downloaded,35562,
2026-07-17,NSE,M&M,raw_l2/trade_date=2026-07-17/exchange=NSE/symbol=M&M/part-042620_983260-005685.parquet,real_data_sample\l2_unseen_validation\trade_date=2026-07-17\exchange=NSE\symbol=M&M\part-042620_983260-005685.parquet,35362,downloaded,35362,
2026-07-17,NSE,M&M,raw_l2/trade_date=2026-07-17/exchange=NSE/symbol=M&M/part-052657_145575-014005.parquet,real_data_sample\l2_unseen_validation\trade_date=2026-07-17\exchange=NSE\symbol=M&M\part-052657_145575-014005.parquet,35419,downloaded,35419,
2026-07-17,NSE,M&M,raw_l2/trade_date=2026-07-17/exchange=NSE/symbol=M&M/part-052739_075495-014101.parquet,real_data_sample\l2_unseen_validation\trade_date=2026-07-17\exchange=NSE\symbol=M&M\part-052739_075495-014101.parquet,35504,downloaded,35504,
2026-07-17,NSE,M&M,raw_l2/trade_date=2026-07-17/exchange=NSE/symbol=M&M/part-052711_152752-014037.parquet,real_data_sample\l2_unseen_validation\trade_date=2026-07-17\exchange=NSE\symbol=M&M\part-052711_152752-014037.parquet,35393,downloaded,35393,
2026-07-17,NSE,M&M,raw_l2/trade_date=2026-07-17/exchange=NSE/symbol=M&M/part-052725_225506-014069.parquet,real_data_sample\l2_unseen_validation\trade_date=2026-07-17\exchange=NSE\symbol=M&M\part-052725_225506-014069.parquet,35742,downloaded,35742,
2026-07-17,NSE,M&M,raw_l2/trade_date=2026-07-17/exchange=NSE/symbol=M&M/part-052753_045361-014133.parquet,real_data_sample\l2_unseen_validation\trade_date=2026-07-17\exchange=NSE\symbol=M&M\part-052753_045361-014133.parquet,35950,downloaded,35950,
2026-07-17,NSE,M&M,raw_l2/trade_date=2026-07-17/exchange=NSE/symbol=M&M/part-052806_882812-014165.parquet,real_data_sample\l2_unseen_validation\trade_date=2026-07-17\exchange=NSE\symbol=M&M\part-052806_882812-014165.parquet,35680,downloaded,35680,
2026-07-17,NSE,M&M,raw_l2/trade_date=2026-07-17/exchange=NSE/symbol=M&M/part-052642_945568-013973.parquet,real_data_sample\l2_unseen_validation\trade_date=2026-07-17\exchange=NSE\symbol=M&M\part-052642_945568-013973.parquet,35466,downloaded,35466,
2026-07-17,NSE,M&M,raw_l2/trade_date=2026-07-17/exchange=NSE/symbol=M&M/part-052931_580008-014357.parquet,real_data_sample\l2_unseen_validation\trade_date=2026-07-17\exchange=NSE\symbol=M&M\part-052931_580008-014357.parquet,34710,downloaded,34710,
2026-07-17,NSE,M&M,raw_l2/trade_date=2026-07-17/exchange=NSE/symbol=M&M/part-053043_142044-014517.parquet,real_data_sample\l2_unseen_validation\trade_date=2026-07-17\exchange=NSE\symbol=M&M\part-053043_142044-014517.parquet,34577,downloaded,34577,
2026-07-17,NSE,M&M,raw_l2/trade_date=2026-07-17/exchange=NSE/symbol=M&M/part-052945_610771-014389.parquet,real_data_sample\l2_unseen_validation\trade_date=2026-07-17\exchange=NSE\symbol=M&M\part-052945_610771-014389.parquet,34483,downloaded,34483,
2026-07-17,NSE,M&M,raw_l2/trade_date=2026-07-17/exchange=NSE/symbol=M&M/part-053029_285952-014485.parquet,real_data_sample\l2_unseen_validation\trade_date=2026-07-17\exchange=NSE\symbol=M&M\part-053029_285952-014485.parquet,34512,downloaded,34512,
2026-07-17,NSE,M&M,raw_l2/trade_date=2026-07-17/exchange=NSE/symbol=M&M/part-052959_680013-014421.parquet,real_data_sample\l2_unseen_validation\trade_date=2026-07-17\exchange=NSE\symbol=M&M\part-052959_680013-014421.parquet,34653,downloaded,34653,
2026-07-17,NSE,M&M,raw_l2/trade_date=2026-07-17/exchange=NSE/symbol=M&M/part-053400_414475-014965.parquet,real_data_sample\l2_unseen_validation\trade_date=2026-07-17\exchange=NSE\symbol=M&M\part-053400_414475-014965.parquet,35585,downloaded,35585,
2026-07-17,NSE,M&M,raw_l2/trade_date=2026-07-17/exchange=NSE/symbol=M&M/part-052849_464998-014261.parquet,real_data_sample\l2_unseen_validation\trade_date=2026-07-17\exchange=NSE\symbol=M&M\part-052849_464998-014261.parquet,35545,downloaded,35545,
2026-07-17,NSE,M&M,raw_l2/trade_date=2026-07-17/exchange=NSE/symbol=M&M/part-052903_691890-014293.parquet,real_data_sample\l2_unseen_validation\trade_date=2026-07-17\exchange=NSE\symbol=M&M\part-052903_691890-014293.parquet,35775,downloaded,35775,
2026-07-17,NSE,M&M,raw_l2/trade_date=2026-07-17/exchange=NSE/symbol=M&M/part-052835_231253-014229.parquet,real_data_sample\l2_unseen_validation\trade_date=2026-07-17\exchange=NSE\symbol=M&M\part-052835_231253-014229.parquet,35215,downloaded,35215,
2026-07-17,NSE,M&M,raw_l2/trade_date=2026-07-17/exchange=NSE/symbol=M&M/part-052917_684666-014325.parquet,real_data_sample\l2_unseen_validation\trade_date=2026-07-17\exchange=NSE\symbol=M&M\part-052917_684666-014325.parquet,35028,downloaded,35028,
2026-07-17,NSE,M&M,raw_l2/trade_date=2026-07-17/exchange=NSE/symbol=M&M/part-053140_055704-014645.parquet,real_data_sample\l2_unseen_validation\trade_date=2026-07-17\exchange=NSE\symbol=M&M\part-053140_055704-014645.parquet,35521,downloaded,35521,
2026-07-17,NSE,M&M,raw_l2/trade_date=2026-07-17/exchange=NSE/symbol=M&M/part-053332_465005-014901.parquet,real_data_sample\l2_unseen_validation\trade_date=2026-07-17\exchange=NSE\symbol=M&M\part-053332_465005-014901.parquet,35142,downloaded,35142,
2026-07-17,NSE,M&M,raw_l2/trade_date=2026-07-17/exchange=NSE/symbol=M&M/part-053111_873593-014581.parquet,real_data_sample\l2_unseen_validation\trade_date=2026-07-17\exchange=NSE\symbol=M&M\part-053111_873593-014581.parquet,34651,downloaded,34651,
2026-07-17,NSE,M&M,raw_l2/trade_date=2026-07-17/exchange=NSE/symbol=M&M/part-053057_196049-014549.parquet,real_data_sample\l2_unseen_validation\trade_date=2026-07-17\exchange=NSE\symbol=M&M\part-053057_196049-014549.parquet,34786,downloaded,34786,
2026-07-17,NSE,M&M,raw_l2/trade_date=2026-07-17/exchange=NSE/symbol=M&M/part-053153_742043-014677.parquet,real_data_sample\l2_unseen_validation\trade_date=2026-07-17\exchange=NSE\symbol=M&M\part-053153_742043-014677.parquet,35457,downloaded,35457,
2026-07-17,NSE,M&M,raw_l2/trade_date=2026-07-17/exchange=NSE/symbol=M&M/part-052820_936257-014197.parquet,real_data_sample\l2_unseen_validation\trade_date=2026-07-17\exchange=NSE\symbol=M&M\part-052820_936257-014197.parquet,35062,downloaded,35062,
2026-07-17,NSE,M&M,raw_l2/trade_date=2026-07-17/exchange=NSE/symbol=M&M/part-053126_093066-014613.parquet,real_data_sample\l2_unseen_validation\trade_date=2026-07-17\exchange=NSE\symbol=M&M\part-053126_093066-014613.parquet,35479,downloaded,35479,
2026-07-17,NSE,M&M,raw_l2/trade_date=2026-07-17/exchange=NSE/symbol=M&M/part-053208_030465-014709.parquet,real_data_sample\l2_unseen_validation\trade_date=2026-07-17\exchange=NSE\symbol=M&M\part-053208_030465-014709.parquet,35131,downloaded,35131,
2026-07-17,NSE,M&M,raw_l2/trade_date=2026-07-17/exchange=NSE/symbol=M&M/part-053250_087600-014805.parquet,real_data_sample\l2_unseen_validation\trade_date=2026-07-17\exchange=NSE\symbol=M&M\part-053250_087600-014805.parquet,35705,downloaded,35705,
2026-07-17,NSE,M&M,raw_l2/trade_date=2026-07-17/exchange=NSE/symbol=M&M/part-053236_134528-014773.parquet,real_data_sample\l2_unseen_validation\trade_date=2026-07-17\exchange=NSE\symbol=M&M\part-053236_134528-014773.parquet,35790,downloaded,35790,
2026-07-17,NSE,M&M,raw_l2/trade_date=2026-07-17/exchange=NSE/symbol=M&M/part-053428_311077-015029.parquet,real_data_sample\l2_unseen_validation\trade_date=2026-07-17\exchange=NSE\symbol=M&M\part-053428_311077-015029.parquet,35352,downloaded,35352,
2026-07-17,NSE,M&M,raw_l2/trade_date=2026-07-17/exchange=NSE/symbol=M&M/part-053414_493384-014997.parquet,real_data_sample\l2_unseen_validation\trade_date=2026-07-17\exchange=NSE\symbol=M&M\part-053414_493384-014997.parquet,35724,downloaded,35724,
2026-07-17,NSE,M&M,raw_l2/trade_date=2026-07-17/exchange=NSE/symbol=M&M/part-053442_026498-015061.parquet,real_data_sample\l2_unseen_validation\trade_date=2026-07-17\exchange=NSE\symbol=M&M\part-053442_026498-015061.parquet,35098,downloaded,35098,
2026-07-17,NSE,M&M,raw_l2/trade_date=2026-07-17/exchange=NSE/symbol=M&M/part-053304_222685-014837.parquet,real_data_sample\l2_unseen_validation\trade_date=2026-07-17\exchange=NSE\symbol=M&M\part-053304_222685-014837.parquet,35556,downloaded,35556,
2026-07-17,NSE,M&M,raw_l2/trade_date=2026-07-17/exchange=NSE/symbol=M&M/part-053222_111100-014741.parquet,real_data_sample\l2_unseen_validation\trade_date=2026-07-17\exchange=NSE\symbol=M&M\part-053222_111100-014741.parquet,35784,downloaded,35784,
2026-07-17,NSE,M&M,raw_l2/trade_date=2026-07-17/exchange=NSE/symbol=M&M/part-053318_308147-014869.parquet,real_data_sample\l2_unseen_validation\trade_date=2026-07-17\exchange=NSE\symbol=M&M\part-053318_308147-014869.parquet,35269,downloaded,35269,
2026-07-17,NSE,M&M,raw_l2/trade_date=2026-07-17/exchange=NSE/symbol=M&M/part-052039_508947-013141.parquet,real_data_sample\l2_unseen_validation\trade_date=2026-07-17\exchange=NSE\symbol=M&M\part-052039_508947-013141.parquet,34328,downloaded,34328,
2026-07-17,NSE,M&M,raw_l2/trade_date=2026-07-17/exchange=NSE/symbol=M&M/part-053509_694302-015125.parquet,real_data_sample\l2_unseen_validation\trade_date=2026-07-17\exchange=NSE\symbol=M&M\part-053509_694302-015125.parquet,35436,downloaded,35436,
2026-07-17,NSE,M&M,raw_l2/trade_date=2026-07-17/exchange=NSE/symbol=M&M/part-053455_696688-015093.parquet,real_data_sample\l2_unseen_validation\trade_date=2026-07-17\exchange=NSE\symbol=M&M\part-053455_696688-015093.parquet,35467,downloaded,35467,
2026-07-17,NSE,M&M,raw_l2/trade_date=2026-07-17/exchange=NSE/symbol=M&M/part-053346_311166-014933.parquet,real_data_sample\l2_unseen_validation\trade_date=2026-07-17\exchange=NSE\symbol=M&M\part-053346_311166-014933.parquet,35280,downloaded,35280,
2026-07-17,NSE,M&M,raw_l2/trade_date=2026-07-17/exchange=NSE/symbol=M&M/part-053523_610039-015157.parquet,real_data_sample\l2_unseen_validation\trade_date=2026-07-17\exchange=NSE\symbol=M&M\part-053523_610039-015157.parquet,34704,downloaded,34704,
2026-07-17,NSE,M&M,raw_l2/trade_date=2026-07-17/exchange=NSE/symbol=M&M/part-053537_467638-015189.parquet,real_data_sample\l2_unseen_validation\trade_date=2026-07-17\exchange=NSE\symbol=M&M\part-053537_467638-015189.parquet,34767,downloaded,34767,
2026-07-17,NSE,M&M,raw_l2/trade_date=2026-07-17/exchange=NSE/symbol=M&M/part-053014_929898-014453.parquet,real_data_sample\l2_unseen_validation\trade_date=2026-07-17\exchange=NSE\symbol=M&M\part-053014_929898-014453.parquet,34615,downloaded,34615,
2026-07-17,NSE,M&M,raw_l2/trade_date=2026-07-17/exchange=NSE/symbol=M&M/part-053729_018670-015445.parquet,real_data_sample\l2_unseen_validation\trade_date=2026-07-17\exchange=NSE\symbol=M&M\part-053729_018670-015445.parquet,35676,downloaded,35676,
2026-07-17,NSE,M&M,raw_l2/trade_date=2026-07-17/exchange=NSE/symbol=M&M/part-053742_810295-015477.parquet,real_data_sample\l2_unseen_validation\trade_date=2026-07-17\exchange=NSE\symbol=M&M\part-053742_810295-015477.parquet,35431,downloaded,35431,
2026-07-17,NSE,M&M,raw_l2/trade_date=2026-07-17/exchange=NSE/symbol=M&M/part-053810_574414-015541.parquet,real_data_sample\l2_unseen_validation\trade_date=2026-07-17\exchange=NSE\symbol=M&M\part-053810_574414-015541.parquet,36118,downloaded,36118,
2026-07-17,NSE,M&M,raw_l2/trade_date=2026-07-17/exchange=NSE/symbol=M&M/part-053756_732670-015509.parquet,real_data_sample\l2_unseen_validation\trade_date=2026-07-17\exchange=NSE\symbol=M&M\part-053756_732670-015509.parquet,35116,downloaded,35116,
2026-07-17,NSE,M&M,raw_l2/trade_date=2026-07-17/exchange=NSE/symbol=M&M/part-053852_762316-015637.parquet,real_data_sample\l2_unseen_validation\trade_date=2026-07-17\exchange=NSE\symbol=M&M\part-053852_762316-015637.parquet,35502,downloaded,35502,
2026-07-17,NSE,M&M,raw_l2/trade_date=2026-07-17/exchange=NSE/symbol=M&M/part-053906_524565-015669.parquet,real_data_sample\l2_unseen_validation\trade_date=2026-07-17\exchange=NSE\symbol=M&M\part-053906_524565-015669.parquet,35419,downloaded,35419,
2026-07-17,NSE,M&M,raw_l2/trade_date=2026-07-17/exchange=NSE/symbol=M&M/part-053647_247934-015349.parquet,real_data_sample\l2_unseen_validation\trade_date=2026-07-17\exchange=NSE\symbol=M&M\part-053647_247934-015349.parquet,34661,downloaded,34661,
2026-07-17,NSE,M&M,raw_l2/trade_date=2026-07-17/exchange=NSE/symbol=M&M/part-053701_165833-015381.parquet,real_data_sample\l2_unseen_validation\trade_date=2026-07-17\exchange=NSE\symbol=M&M\part-053701_165833-015381.parquet,34581,downloaded,34581,
2026-07-17,NSE,M&M,raw_l2/trade_date=2026-07-17/exchange=NSE/symbol=M&M/part-053824_718400-015573.parquet,real_data_sample\l2_unseen_validation\trade_date=2026-07-17\exchange=NSE\symbol=M&M\part-053824_718400-015573.parquet,35410,downloaded,35410,
2026-07-17,NSE,M&M,raw_l2/trade_date=2026-07-17/exchange=NSE/symbol=M&M/part-053633_317513-015317.parquet,real_data_sample\l2_unseen_validation\trade_date=2026-07-17\exchange=NSE\symbol=M&M\part-053633_317513-015317.parquet,34847,downloaded,34847,
2026-07-17,NSE,M&M,raw_l2/trade_date=2026-07-17/exchange=NSE/symbol=M&M/part-053838_808824-015605.parquet,real_data_sample\l2_unseen_validation\trade_date=2026-07-17\exchange=NSE\symbol=M&M\part-053838_808824-015605.parquet,35288,downloaded,35288,
2026-07-17,NSE,M&M,raw_l2/trade_date=2026-07-17/exchange=NSE/symbol=M&M/part-053619_091174-015285.parquet,real_data_sample\l2_unseen_validation\trade_date=2026-07-17\exchange=NSE\symbol=M&M\part-053619_091174-015285.parquet,34672,downloaded,34672,
2026-07-17,NSE,M&M,raw_l2/trade_date=2026-07-17/exchange=NSE/symbol=M&M/part-053605_038514-015253.parquet,real_data_sample\l2_unseen_validation\trade_date=2026-07-17\exchange=NSE\symbol=M&M\part-053605_038514-015253.parquet,34720,downloaded,34720,
2026-07-17,NSE,M&M,raw_l2/trade_date=2026-07-17/exchange=NSE/symbol=M&M/part-053715_098100-015413.parquet,real_data_sample\l2_unseen_validation\trade_date=2026-07-17\exchange=NSE\symbol=M&M\part-053715_098100-015413.parquet,34853,downloaded,34853,
2026-07-17,NSE,M&M,raw_l2/trade_date=2026-07-17/exchange=NSE/symbol=M&M/part-053551_307512-015221.parquet,real_data_sample\l2_unseen_validation\trade_date=2026-07-17\exchange=NSE\symbol=M&M\part-053551_307512-015221.parquet,34665,downloaded,34665,
2026-07-17,NSE,M&M,raw_l2/trade_date=2026-07-17/exchange=NSE/symbol=M&M/part-054440_325844-016437.parquet,real_data_sample\l2_unseen_validation\trade_date=2026-07-17\exchange=NSE\symbol=M&M\part-054440_325844-016437.parquet,34508,downloaded,34508,
2026-07-17,NSE,M&M,raw_l2/trade_date=2026-07-17/exchange=NSE/symbol=M&M/part-054249_061266-016181.parquet,real_data_sample\l2_unseen_validation\trade_date=2026-07-17\exchange=NSE\symbol=M&M\part-054249_061266-016181.parquet,34447,downloaded,34447,
2026-07-17,NSE,M&M,raw_l2/trade_date=2026-07-17/exchange=NSE/symbol=M&M/part-054454_310434-016469.parquet,real_data_sample\l2_unseen_validation\trade_date=2026-07-17\exchange=NSE\symbol=M&M\part-054454_310434-016469.parquet,34622,downloaded,34622,
2026-07-17,NSE,M&M,raw_l2/trade_date=2026-07-17/exchange=NSE/symbol=M&M/part-054030_250929-015861.parquet,real_data_sample\l2_unseen_validation\trade_date=2026-07-17\exchange=NSE\symbol=M&M\part-054030_250929-015861.parquet,34762,downloaded,34762,
2026-07-17,NSE,M&M,raw_l2/trade_date=2026-07-17/exchange=NSE/symbol=M&M/part-054016_197454-015829.parquet,real_data_sample\l2_unseen_validation\trade_date=2026-07-17\exchange=NSE\symbol=M&M\part-054016_197454-015829.parquet,35255,downloaded,35255,
2026-07-17,NSE,M&M,raw_l2/trade_date=2026-07-17/exchange=NSE/symbol=M&M/part-054317_039796-016245.parquet,real_data_sample\l2_unseen_validation\trade_date=2026-07-17\exchange=NSE\symbol=M&M\part-054317_039796-016245.parquet,34753,downloaded,34753,
2026-07-17,NSE,M&M,raw_l2/trade_date=2026-07-17/exchange=NSE/symbol=M&M/part-054235_039754-016149.parquet,real_data_sample\l2_unseen_validation\trade_date=2026-07-17\exchange=NSE\symbol=M&M\part-054235_039754-016149.parquet,34468,downloaded,34468,
2026-07-17,NSE,M&M,raw_l2/trade_date=2026-07-17/exchange=NSE/symbol=M&M/part-054344_773660-016309.parquet,real_data_sample\l2_unseen_validation\trade_date=2026-07-17\exchange=NSE\symbol=M&M\part-054344_773660-016309.parquet,34673,downloaded,34673,
2026-07-17,NSE,M&M,raw_l2/trade_date=2026-07-17/exchange=NSE/symbol=M&M/part-054412_634009-016373.parquet,real_data_sample\l2_unseen_validation\trade_date=2026-07-17\exchange=NSE\symbol=M&M\part-054412_634009-016373.parquet,34593,downloaded,34593,
2026-07-17,NSE,M&M,raw_l2/trade_date=2026-07-17/exchange=NSE/symbol=M&M/part-054426_560308-016405.parquet,real_data_sample\l2_unseen_validation\trade_date=2026-07-17\exchange=NSE\symbol=M&M\part-054426_560308-016405.parquet,34582,downloaded,34582,
2026-07-17,NSE,M&M,raw_l2/trade_date=2026-07-17/exchange=NSE/symbol=M&M/part-054058_061211-015925.parquet,real_data_sample\l2_unseen_validation\trade_date=2026-07-17\exchange=NSE\symbol=M&M\part-054058_061211-015925.parquet,34485,downloaded,34485,
2026-07-17,NSE,M&M,raw_l2/trade_date=2026-07-17/exchange=NSE/symbol=M&M/part-054044_125005-015893.parquet,real_data_sample\l2_unseen_validation\trade_date=2026-07-17\exchange=NSE\symbol=M&M\part-054044_125005-015893.parquet,34635,downloaded,34635,
2026-07-17,NSE,M&M,raw_l2/trade_date=2026-07-17/exchange=NSE/symbol=M&M/part-053934_525105-015733.parquet,real_data_sample\l2_unseen_validation\trade_date=2026-07-17\exchange=NSE\symbol=M&M\part-053934_525105-015733.parquet,35266,downloaded,35266,
2026-07-17,NSE,M&M,raw_l2/trade_date=2026-07-17/exchange=NSE/symbol=M&M/part-054522_029684-016533.parquet,real_data_sample\l2_unseen_validation\trade_date=2026-07-17\exchange=NSE\symbol=M&M\part-054522_029684-016533.parquet,34524,downloaded,34524,
2026-07-17,NSE,M&M,raw_l2/trade_date=2026-07-17/exchange=NSE/symbol=M&M/part-054330_861711-016277.parquet,real_data_sample\l2_unseen_validation\trade_date=2026-07-17\exchange=NSE\symbol=M&M\part-054330_861711-016277.parquet,34484,downloaded,34484,
2026-07-17,NSE,M&M,raw_l2/trade_date=2026-07-17/exchange=NSE/symbol=M&M/part-054112_010827-015957.parquet,real_data_sample\l2_unseen_validation\trade_date=2026-07-17\exchange=NSE\symbol=M&M\part-054112_010827-015957.parquet,34605,downloaded,34605,
2026-07-17,NSE,M&M,raw_l2/trade_date=2026-07-17/exchange=NSE/symbol=M&M/part-053948_312034-015765.parquet,real_data_sample\l2_unseen_validation\trade_date=2026-07-17\exchange=NSE\symbol=M&M\part-053948_312034-015765.parquet,34948,downloaded,34948,
2026-07-17,NSE,M&M,raw_l2/trade_date=2026-07-17/exchange=NSE/symbol=M&M/part-054153_335508-016053.parquet,real_data_sample\l2_unseen_validation\trade_date=2026-07-17\exchange=NSE\symbol=M&M\part-054153_335508-016053.parquet,34688,downloaded,34688,
2026-07-17,NSE,M&M,raw_l2/trade_date=2026-07-17/exchange=NSE/symbol=M&M/part-054358_571583-016341.parquet,real_data_sample\l2_unseen_validation\trade_date=2026-07-17\exchange=NSE\symbol=M&M\part-054358_571583-016341.parquet,34451,downloaded,34451,
2026-07-17,NSE,M&M,raw_l2/trade_date=2026-07-17/exchange=NSE/symbol=M&M/part-054125_757252-015989.parquet,real_data_sample\l2_unseen_validation\trade_date=2026-07-17\exchange=NSE\symbol=M&M\part-054125_757252-015989.parquet,34722,downloaded,34722,
2026-07-17,NSE,M&M,raw_l2/trade_date=2026-07-17/exchange=NSE/symbol=M&M/part-054207_319617-016085.parquet,real_data_sample\l2_unseen_validation\trade_date=2026-07-17\exchange=NSE\symbol=M&M\part-054207_319617-016085.parquet,34573,downloaded,34573,
2026-07-17,NSE,M&M,raw_l2/trade_date=2026-07-17/exchange=NSE/symbol=M&M/part-054002_416019-015797.parquet,real_data_sample\l2_unseen_validation\trade_date=2026-07-17\exchange=NSE\symbol=M&M\part-054002_416019-015797.parquet,35360,downloaded,35360,
2026-07-17,NSE,M&M,raw_l2/trade_date=2026-07-17/exchange=NSE/symbol=M&M/part-053920_599591-015701.parquet,real_data_sample\l2_unseen_validation\trade_date=2026-07-17\exchange=NSE\symbol=M&M\part-053920_599591-015701.parquet,35275,downloaded,35275,
2026-07-17,NSE,M&M,raw_l2/trade_date=2026-07-17/exchange=NSE/symbol=M&M/part-054549_821673-016597.parquet,real_data_sample\l2_unseen_validation\trade_date=2026-07-17\exchange=NSE\symbol=M&M\part-054549_821673-016597.parquet,34560,downloaded,34560,
2026-07-17,NSE,M&M,raw_l2/trade_date=2026-07-17/exchange=NSE/symbol=M&M/part-054631_255408-016693.parquet,real_data_sample\l2_unseen_validation\trade_date=2026-07-17\exchange=NSE\symbol=M&M\part-054631_255408-016693.parquet,34558,downloaded,34558,
2026-07-17,NSE,M&M,raw_l2/trade_date=2026-07-17/exchange=NSE/symbol=M&M/part-054603_650638-016629.parquet,real_data_sample\l2_unseen_validation\trade_date=2026-07-17\exchange=NSE\symbol=M&M\part-054603_650638-016629.parquet,34717,downloaded,34717,
2026-07-17,NSE,M&M,raw_l2/trade_date=2026-07-17/exchange=NSE/symbol=M&M/part-054508_039807-016501.parquet,real_data_sample\l2_unseen_validation\trade_date=2026-07-17\exchange=NSE\symbol=M&M\part-054508_039807-016501.parquet,34606,downloaded,34606,
2026-07-17,NSE,M&M,raw_l2/trade_date=2026-07-17/exchange=NSE/symbol=M&M/part-054617_519539-016661.parquet,real_data_sample\l2_unseen_validation\trade_date=2026-07-17\exchange=NSE\symbol=M&M\part-054617_519539-016661.parquet,34604,downloaded,34604,
2026-07-17,NSE,M&M,raw_l2/trade_date=2026-07-17/exchange=NSE/symbol=M&M/part-054535_854492-016565.parquet,real_data_sample\l2_unseen_validation\trade_date=2026-07-17\exchange=NSE\symbol=M&M\part-054535_854492-016565.parquet,34632,downloaded,34632,
2026-07-17,NSE,M&M,raw_l2/trade_date=2026-07-17/exchange=NSE/symbol=M&M/part-054221_277762-016117.parquet,real_data_sample\l2_unseen_validation\trade_date=2026-07-17\exchange=NSE\symbol=M&M\part-054221_277762-016117.parquet,34760,downloaded,34760,
2026-07-17,NSE,M&M,raw_l2/trade_date=2026-07-17/exchange=NSE/symbol=M&M/part-054303_099306-016213.parquet,real_data_sample\l2_unseen_validation\trade_date=2026-07-17\exchange=NSE\symbol=M&M\part-054303_099306-016213.parquet,34568,downloaded,34568,
2026-07-17,NSE,M&M,raw_l2/trade_date=2026-07-17/exchange=NSE/symbol=M&M/part-055130_617511-017365.parquet,real_data_sample\l2_unseen_validation\trade_date=2026-07-17\exchange=NSE\symbol=M&M\part-055130_617511-017365.parquet,34909,downloaded,34909,
2026-07-17,NSE,M&M,raw_l2/trade_date=2026-07-17/exchange=NSE/symbol=M&M/part-054645_061941-016725.parquet,real_data_sample\l2_unseen_validation\trade_date=2026-07-17\exchange=NSE\symbol=M&M\part-054645_061941-016725.parquet,34470,downloaded,34470,
2026-07-17,NSE,M&M,raw_l2/trade_date=2026-07-17/exchange=NSE/symbol=M&M/part-055229_003517-017493.parquet,real_data_sample\l2_unseen_validation\trade_date=2026-07-17\exchange=NSE\symbol=M&M\part-055229_003517-017493.parquet,35677,downloaded,35677,
2026-07-17,NSE,M&M,raw_l2/trade_date=2026-07-17/exchange=NSE/symbol=M&M/part-055003_540827-017173.parquet,real_data_sample\l2_unseen_validation\trade_date=2026-07-17\exchange=NSE\symbol=M&M\part-055003_540827-017173.parquet,34581,downloaded,34581,
2026-07-17,NSE,M&M,raw_l2/trade_date=2026-07-17/exchange=NSE/symbol=M&M/part-054852_011973-017013.parquet,real_data_sample\l2_unseen_validation\trade_date=2026-07-17\exchange=NSE\symbol=M&M\part-054852_011973-017013.parquet,34737,downloaded,34737,
2026-07-17,NSE,M&M,raw_l2/trade_date=2026-07-17/exchange=NSE/symbol=M&M/part-054906_002802-017045.parquet,real_data_sample\l2_unseen_validation\trade_date=2026-07-17\exchange=NSE\symbol=M&M\part-054906_002802-017045.parquet,34799,downloaded,34799,
2026-07-17,NSE,M&M,raw_l2/trade_date=2026-07-17/exchange=NSE/symbol=M&M/part-054948_804462-017141.parquet,real_data_sample\l2_unseen_validation\trade_date=2026-07-17\exchange=NSE\symbol=M&M\part-054948_804462-017141.parquet,34616,downloaded,34616,
2026-07-17,NSE,M&M,raw_l2/trade_date=2026-07-17/exchange=NSE/symbol=M&M/part-054934_599944-017109.parquet,real_data_sample\l2_unseen_validation\trade_date=2026-07-17\exchange=NSE\symbol=M&M\part-054934_599944-017109.parquet,34922,downloaded,34922,
2026-07-17,NSE,M&M,raw_l2/trade_date=2026-07-17/exchange=NSE/symbol=M&M/part-054837_796092-016981.parquet,real_data_sample\l2_unseen_validation\trade_date=2026-07-17\exchange=NSE\symbol=M&M\part-054837_796092-016981.parquet,34458,downloaded,34458,
2026-07-17,NSE,M&M,raw_l2/trade_date=2026-07-17/exchange=NSE/symbol=M&M/part-054712_982468-016789.parquet,real_data_sample\l2_unseen_validation\trade_date=2026-07-17\exchange=NSE\symbol=M&M\part-054712_982468-016789.parquet,34546,downloaded,34546,
2026-07-17,NSE,M&M,raw_l2/trade_date=2026-07-17/exchange=NSE/symbol=M&M/part-055214_500649-017461.parquet,real_data_sample\l2_unseen_validation\trade_date=2026-07-17\exchange=NSE\symbol=M&M\part-055214_500649-017461.parquet,35029,downloaded,35029,
2026-07-17,NSE,M&M,raw_l2/trade_date=2026-07-17/exchange=NSE/symbol=M&M/part-054741_253268-016853.parquet,real_data_sample\l2_unseen_validation\trade_date=2026-07-17\exchange=NSE\symbol=M&M\part-054741_253268-016853.parquet,34625,downloaded,34625,
2026-07-17,NSE,M&M,raw_l2/trade_date=2026-07-17/exchange=NSE/symbol=M&M/part-054755_416714-016885.parquet,real_data_sample\l2_unseen_validation\trade_date=2026-07-17\exchange=NSE\symbol=M&M\part-054755_416714-016885.parquet,34575,downloaded,34575,
2026-07-17,NSE,M&M,raw_l2/trade_date=2026-07-17/exchange=NSE/symbol=M&M/part-054920_303603-017077.parquet,real_data_sample\l2_unseen_validation\trade_date=2026-07-17\exchange=NSE\symbol=M&M\part-054920_303603-017077.parquet,34780,downloaded,34780,
2026-07-17,NSE,M&M,raw_l2/trade_date=2026-07-17/exchange=NSE/symbol=M&M/part-054727_174887-016821.parquet,real_data_sample\l2_unseen_validation\trade_date=2026-07-17\exchange=NSE\symbol=M&M\part-054727_174887-016821.parquet,34713,downloaded,34713,
2026-07-17,NSE,M&M,raw_l2/trade_date=2026-07-17/exchange=NSE/symbol=M&M/part-055046_570202-017269.parquet,real_data_sample\l2_unseen_validation\trade_date=2026-07-17\exchange=NSE\symbol=M&M\part-055046_570202-017269.parquet,34721,downloaded,34721,
2026-07-17,NSE,M&M,raw_l2/trade_date=2026-07-17/exchange=NSE/symbol=M&M/part-054658_958243-016757.parquet,real_data_sample\l2_unseen_validation\trade_date=2026-07-17\exchange=NSE\symbol=M&M\part-054658_958243-016757.parquet,34691,downloaded,34691,
2026-07-17,NSE,M&M,raw_l2/trade_date=2026-07-17/exchange=NSE/symbol=M&M/part-054809_353301-016917.parquet,real_data_sample\l2_unseen_validation\trade_date=2026-07-17\exchange=NSE\symbol=M&M\part-054809_353301-016917.parquet,34384,downloaded,34384,
2026-07-17,NSE,M&M,raw_l2/trade_date=2026-07-17/exchange=NSE/symbol=M&M/part-055243_983319-017525.parquet,real_data_sample\l2_unseen_validation\trade_date=2026-07-17\exchange=NSE\symbol=M&M\part-055243_983319-017525.parquet,35105,downloaded,35105,
2026-07-17,NSE,M&M,raw_l2/trade_date=2026-07-17/exchange=NSE/symbol=M&M/part-055101_163271-017301.parquet,real_data_sample\l2_unseen_validation\trade_date=2026-07-17\exchange=NSE\symbol=M&M\part-055101_163271-017301.parquet,34654,downloaded,34654,
2026-07-17,NSE,M&M,raw_l2/trade_date=2026-07-17/exchange=NSE/symbol=M&M/part-055312_914314-017589.parquet,real_data_sample\l2_unseen_validation\trade_date=2026-07-17\exchange=NSE\symbol=M&M\part-055312_914314-017589.parquet,35825,downloaded,35825,
2026-07-17,NSE,M&M,raw_l2/trade_date=2026-07-17/exchange=NSE/symbol=M&M/part-055115_565532-017333.parquet,real_data_sample\l2_unseen_validation\trade_date=2026-07-17\exchange=NSE\symbol=M&M\part-055115_565532-017333.parquet,34886,downloaded,34886,
2026-07-17,NSE,M&M,raw_l2/trade_date=2026-07-17/exchange=NSE/symbol=M&M/part-055017_787692-017205.parquet,real_data_sample\l2_unseen_validation\trade_date=2026-07-17\exchange=NSE\symbol=M&M\part-055017_787692-017205.parquet,34492,downloaded,34492,
2026-07-17,NSE,M&M,raw_l2/trade_date=2026-07-17/exchange=NSE/symbol=M&M/part-054823_580081-016949.parquet,real_data_sample\l2_unseen_validation\trade_date=2026-07-17\exchange=NSE\symbol=M&M\part-054823_580081-016949.parquet,34534,downloaded,34534,
2026-07-17,NSE,M&M,raw_l2/trade_date=2026-07-17/exchange=NSE/symbol=M&M/part-055145_342763-017397.parquet,real_data_sample\l2_unseen_validation\trade_date=2026-07-17\exchange=NSE\symbol=M&M\part-055145_342763-017397.parquet,34495,downloaded,34495,
2026-07-17,NSE,M&M,raw_l2/trade_date=2026-07-17/exchange=NSE/symbol=M&M/part-055031_953875-017237.parquet,real_data_sample\l2_unseen_validation\trade_date=2026-07-17\exchange=NSE\symbol=M&M\part-055031_953875-017237.parquet,34464,downloaded,34464,
2026-07-17,NSE,M&M,raw_l2/trade_date=2026-07-17/exchange=NSE/symbol=M&M/part-055200_136672-017429.parquet,real_data_sample\l2_unseen_validation\trade_date=2026-07-17\exchange=NSE\symbol=M&M\part-055200_136672-017429.parquet,34684,downloaded,34684,
2026-07-17,NSE,M&M,raw_l2/trade_date=2026-07-17/exchange=NSE/symbol=M&M/part-055258_541465-017557.parquet,real_data_sample\l2_unseen_validation\trade_date=2026-07-17\exchange=NSE\symbol=M&M\part-055258_541465-017557.parquet,35198,downloaded,35198,
2026-07-17,NSE,M&M,raw_l2/trade_date=2026-07-17/exchange=NSE/symbol=M&M/part-055326_944704-017621.parquet,real_data_sample\l2_unseen_validation\trade_date=2026-07-17\exchange=NSE\symbol=M&M\part-055326_944704-017621.parquet,35691,downloaded,35691,
2026-07-17,NSE,M&M,raw_l2/trade_date=2026-07-17/exchange=NSE/symbol=M&M/part-054139_517323-016021.parquet,real_data_sample\l2_unseen_validation\trade_date=2026-07-17\exchange=NSE\symbol=M&M\part-054139_517323-016021.parquet,34581,downloaded,34581,
2026-07-17,NSE,M&M,raw_l2/trade_date=2026-07-17/exchange=NSE/symbol=M&M/part-055424_127783-017749.parquet,real_data_sample\l2_unseen_validation\trade_date=2026-07-17\exchange=NSE\symbol=M&M\part-055424_127783-017749.parquet,35534,downloaded,35534,
2026-07-17,NSE,M&M,raw_l2/trade_date=2026-07-17/exchange=NSE/symbol=M&M/part-055438_168356-017781.parquet,real_data_sample\l2_unseen_validation\trade_date=2026-07-17\exchange=NSE\symbol=M&M\part-055438_168356-017781.parquet,35262,downloaded,35262,
2026-07-17,NSE,M&M,raw_l2/trade_date=2026-07-17/exchange=NSE/symbol=M&M/part-055520_157559-017877.parquet,real_data_sample\l2_unseen_validation\trade_date=2026-07-17\exchange=NSE\symbol=M&M\part-055520_157559-017877.parquet,35378,downloaded,35378,
2026-07-17,NSE,M&M,raw_l2/trade_date=2026-07-17/exchange=NSE/symbol=M&M/part-055754_996600-018229.parquet,real_data_sample\l2_unseen_validation\trade_date=2026-07-17\exchange=NSE\symbol=M&M\part-055754_996600-018229.parquet,34644,downloaded,34644,
2026-07-17,NSE,M&M,raw_l2/trade_date=2026-07-17/exchange=NSE/symbol=M&M/part-055851_599414-018357.parquet,real_data_sample\l2_unseen_validation\trade_date=2026-07-17\exchange=NSE\symbol=M&M\part-055851_599414-018357.parquet,34775,downloaded,34775,
2026-07-17,NSE,M&M,raw_l2/trade_date=2026-07-17/exchange=NSE/symbol=M&M/part-055808_937444-018261.parquet,real_data_sample\l2_unseen_validation\trade_date=2026-07-17\exchange=NSE\symbol=M&M\part-055808_937444-018261.parquet,34652,downloaded,34652,
2026-07-17,NSE,M&M,raw_l2/trade_date=2026-07-17/exchange=NSE/symbol=M&M/part-055919_735509-018421.parquet,real_data_sample\l2_unseen_validation\trade_date=2026-07-17\exchange=NSE\symbol=M&M\part-055919_735509-018421.parquet,34638,downloaded,34638,
2026-07-17,NSE,M&M,raw_l2/trade_date=2026-07-17/exchange=NSE/symbol=M&M/part-055740_980738-018197.parquet,real_data_sample\l2_unseen_validation\trade_date=2026-07-17\exchange=NSE\symbol=M&M\part-055740_980738-018197.parquet,34629,downloaded,34629,
2026-07-17,NSE,M&M,raw_l2/trade_date=2026-07-17/exchange=NSE/symbol=M&M/part-055823_031321-018293.parquet,real_data_sample\l2_unseen_validation\trade_date=2026-07-17\exchange=NSE\symbol=M&M\part-055823_031321-018293.parquet,34753,downloaded,34753,
2026-07-17,NSE,M&M,raw_l2/trade_date=2026-07-17/exchange=NSE/symbol=M&M/part-055726_795417-018165.parquet,real_data_sample\l2_unseen_validation\trade_date=2026-07-17\exchange=NSE\symbol=M&M\part-055726_795417-018165.parquet,34661,downloaded,34661,
2026-07-17,NSE,M&M,raw_l2/trade_date=2026-07-17/exchange=NSE/symbol=M&M/part-055658_708663-018101.parquet,real_data_sample\l2_unseen_validation\trade_date=2026-07-17\exchange=NSE\symbol=M&M\part-055658_708663-018101.parquet,35235,downloaded,35235,
2026-07-17,NSE,M&M,raw_l2/trade_date=2026-07-17/exchange=NSE/symbol=M&M/part-060045_312454-018613.parquet,real_data_sample\l2_unseen_validation\trade_date=2026-07-17\exchange=NSE\symbol=M&M\part-060045_312454-018613.parquet,35023,downloaded,35023,
2026-07-17,NSE,M&M,raw_l2/trade_date=2026-07-17/exchange=NSE/symbol=M&M/part-055712_754510-018133.parquet,real_data_sample\l2_unseen_validation\trade_date=2026-07-17\exchange=NSE\symbol=M&M\part-055712_754510-018133.parquet,35363,downloaded,35363,
2026-07-17,NSE,M&M,raw_l2/trade_date=2026-07-17/exchange=NSE/symbol=M&M/part-055837_292123-018325.parquet,real_data_sample\l2_unseen_validation\trade_date=2026-07-17\exchange=NSE\symbol=M&M\part-055837_292123-018325.parquet,34834,downloaded,34834,
2026-07-17,NSE,M&M,raw_l2/trade_date=2026-07-17/exchange=NSE/symbol=M&M/part-055905_724527-018389.parquet,real_data_sample\l2_unseen_validation\trade_date=2026-07-17\exchange=NSE\symbol=M&M\part-055905_724527-018389.parquet,34695,downloaded,34695,
2026-07-17,NSE,M&M,raw_l2/trade_date=2026-07-17/exchange=NSE/symbol=M&M/part-055933_947546-018453.parquet,real_data_sample\l2_unseen_validation\trade_date=2026-07-17\exchange=NSE\symbol=M&M\part-055933_947546-018453.parquet,34578,downloaded,34578,
2026-07-17,NSE,M&M,raw_l2/trade_date=2026-07-17/exchange=NSE/symbol=M&M/part-055948_125502-018485.parquet,real_data_sample\l2_unseen_validation\trade_date=2026-07-17\exchange=NSE\symbol=M&M\part-055948_125502-018485.parquet,34577,downloaded,34577,
2026-07-17,NSE,M&M,raw_l2/trade_date=2026-07-17/exchange=NSE/symbol=M&M/part-060002_816802-018517.parquet,real_data_sample\l2_unseen_validation\trade_date=2026-07-17\exchange=NSE\symbol=M&M\part-060002_816802-018517.parquet,34574,downloaded,34574,
2026-07-17,NSE,M&M,raw_l2/trade_date=2026-07-17/exchange=NSE/symbol=M&M/part-060016_991272-018549.parquet,real_data_sample\l2_unseen_validation\trade_date=2026-07-17\exchange=NSE\symbol=M&M\part-060016_991272-018549.parquet,34755,downloaded,34755,
2026-07-17,NSE,M&M,raw_l2/trade_date=2026-07-17/exchange=NSE/symbol=M&M/part-060031_086930-018581.parquet,real_data_sample\l2_unseen_validation\trade_date=2026-07-17\exchange=NSE\symbol=M&M\part-060031_086930-018581.parquet,35586,downloaded,35586,
2026-07-17,NSE,M&M,raw_l2/trade_date=2026-07-17/exchange=NSE/symbol=M&M/part-055355_852733-017685.parquet,real_data_sample\l2_unseen_validation\trade_date=2026-07-17\exchange=NSE\symbol=M&M\part-055355_852733-017685.parquet,35797,downloaded,35797,
2026-07-17,NSE,M&M,raw_l2/trade_date=2026-07-17/exchange=NSE/symbol=M&M/part-055341_527298-017653.parquet,real_data_sample\l2_unseen_validation\trade_date=2026-07-17\exchange=NSE\symbol=M&M\part-055341_527298-017653.parquet,35371,downloaded,35371,
2026-07-17,NSE,M&M,raw_l2/trade_date=2026-07-17/exchange=NSE/symbol=M&M/part-060113_726509-018677.parquet,real_data_sample\l2_unseen_validation\trade_date=2026-07-17\exchange=NSE\symbol=M&M\part-060113_726509-018677.parquet,35445,downloaded,35445,
2026-07-17,NSE,M&M,raw_l2/trade_date=2026-07-17/exchange=NSE/symbol=M&M/part-060127_715206-018709.parquet,real_data_sample\l2_unseen_validation\trade_date=2026-07-17\exchange=NSE\symbol=M&M\part-060127_715206-018709.parquet,34694,downloaded,34694,
2026-07-17,NSE,M&M,raw_l2/trade_date=2026-07-17/exchange=NSE/symbol=M&M/part-060141_869696-018741.parquet,real_data_sample\l2_unseen_validation\trade_date=2026-07-17\exchange=NSE\symbol=M&M\part-060141_869696-018741.parquet,34528,downloaded,34528,
2026-07-17,NSE,M&M,raw_l2/trade_date=2026-07-17/exchange=NSE/symbol=M&M/part-060155_937269-018773.parquet,real_data_sample\l2_unseen_validation\trade_date=2026-07-17\exchange=NSE\symbol=M&M\part-060155_937269-018773.parquet,34860,downloaded,34860,
2026-07-17,NSE,M&M,raw_l2/trade_date=2026-07-17/exchange=NSE/symbol=M&M/part-060224_235651-018837.parquet,real_data_sample\l2_unseen_validation\trade_date=2026-07-17\exchange=NSE\symbol=M&M\part-060224_235651-018837.parquet,34817,downloaded,34817,
2026-07-17,NSE,M&M,raw_l2/trade_date=2026-07-17/exchange=NSE/symbol=M&M/part-060210_049922-018805.parquet,real_data_sample\l2_unseen_validation\trade_date=2026-07-17\exchange=NSE\symbol=M&M\part-060210_049922-018805.parquet,34760,downloaded,34760,
2026-07-17,NSE,M&M,raw_l2/trade_date=2026-07-17/exchange=NSE/symbol=M&M/part-060306_422937-018933.parquet,real_data_sample\l2_unseen_validation\trade_date=2026-07-17\exchange=NSE\symbol=M&M\part-060306_422937-018933.parquet,34586,downloaded,34586,
2026-07-17,NSE,M&M,raw_l2/trade_date=2026-07-17/exchange=NSE/symbol=M&M/part-060320_511293-018965.parquet,real_data_sample\l2_unseen_validation\trade_date=2026-07-17\exchange=NSE\symbol=M&M\part-060320_511293-018965.parquet,34608,downloaded,34608,
2026-07-17,NSE,M&M,raw_l2/trade_date=2026-07-17/exchange=NSE/symbol=M&M/part-060334_484861-018997.parquet,real_data_sample\l2_unseen_validation\trade_date=2026-07-17\exchange=NSE\symbol=M&M\part-060334_484861-018997.parquet,34448,downloaded,34448,
2026-07-17,NSE,M&M,raw_l2/trade_date=2026-07-17/exchange=NSE/symbol=M&M/part-060252_316395-018901.parquet,real_data_sample\l2_unseen_validation\trade_date=2026-07-17\exchange=NSE\symbol=M&M\part-060252_316395-018901.parquet,34660,downloaded,34660,
2026-07-17,NSE,M&M,raw_l2/trade_date=2026-07-17/exchange=NSE/symbol=M&M/part-060238_244310-018869.parquet,real_data_sample\l2_unseen_validation\trade_date=2026-07-17\exchange=NSE\symbol=M&M\part-060238_244310-018869.parquet,34803,downloaded,34803,
2026-07-17,NSE,M&M,raw_l2/trade_date=2026-07-17/exchange=NSE/symbol=M&M/part-060402_403394-019061.parquet,real_data_sample\l2_unseen_validation\trade_date=2026-07-17\exchange=NSE\symbol=M&M\part-060402_403394-019061.parquet,34731,downloaded,34731,
2026-07-17,NSE,M&M,raw_l2/trade_date=2026-07-17/exchange=NSE/symbol=M&M/part-060445_214736-019157.parquet,real_data_sample\l2_unseen_validation\trade_date=2026-07-17\exchange=NSE\symbol=M&M\part-060445_214736-019157.parquet,34712,downloaded,34712,
2026-07-17,NSE,M&M,raw_l2/trade_date=2026-07-17/exchange=NSE/symbol=M&M/part-060513_198091-019221.parquet,real_data_sample\l2_unseen_validation\trade_date=2026-07-17\exchange=NSE\symbol=M&M\part-060513_198091-019221.parquet,34639,downloaded,34639,
2026-07-17,NSE,M&M,raw_l2/trade_date=2026-07-17/exchange=NSE/symbol=M&M/part-060416_515608-019093.parquet,real_data_sample\l2_unseen_validation\trade_date=2026-07-17\exchange=NSE\symbol=M&M\part-060416_515608-019093.parquet,34529,downloaded,34529,
2026-07-17,NSE,M&M,raw_l2/trade_date=2026-07-17/exchange=NSE/symbol=M&M/part-060430_904332-019125.parquet,real_data_sample\l2_unseen_validation\trade_date=2026-07-17\exchange=NSE\symbol=M&M\part-060430_904332-019125.parquet,34550,downloaded,34550,
2026-07-17,NSE,M&M,raw_l2/trade_date=2026-07-17/exchange=NSE/symbol=M&M/part-060348_452190-019029.parquet,real_data_sample\l2_unseen_validation\trade_date=2026-07-17\exchange=NSE\symbol=M&M\part-060348_452190-019029.parquet,34424,downloaded,34424,
2026-07-17,NSE,M&M,raw_l2/trade_date=2026-07-17/exchange=NSE/symbol=M&M/part-060541_442599-019285.parquet,real_data_sample\l2_unseen_validation\trade_date=2026-07-17\exchange=NSE\symbol=M&M\part-060541_442599-019285.parquet,34634,downloaded,34634,
2026-07-17,NSE,M&M,raw_l2/trade_date=2026-07-17/exchange=NSE/symbol=M&M/part-060527_298215-019253.parquet,real_data_sample\l2_unseen_validation\trade_date=2026-07-17\exchange=NSE\symbol=M&M\part-060527_298215-019253.parquet,34669,downloaded,34669,
2026-07-17,NSE,M&M,raw_l2/trade_date=2026-07-17/exchange=NSE/symbol=M&M/part-060459_125256-019189.parquet,real_data_sample\l2_unseen_validation\trade_date=2026-07-17\exchange=NSE\symbol=M&M\part-060459_125256-019189.parquet,34828,downloaded,34828,
2026-07-17,NSE,M&M,raw_l2/trade_date=2026-07-17/exchange=NSE/symbol=M&M/part-060059_550189-018645.parquet,real_data_sample\l2_unseen_validation\trade_date=2026-07-17\exchange=NSE\symbol=M&M\part-060059_550189-018645.parquet,35184,downloaded,35184,
2026-07-17,NSE,M&M,raw_l2/trade_date=2026-07-17/exchange=NSE/symbol=M&M/part-060623_151240-019381.parquet,real_data_sample\l2_unseen_validation\trade_date=2026-07-17\exchange=NSE\symbol=M&M\part-060623_151240-019381.parquet,34445,downloaded,34445,
2026-07-17,NSE,M&M,raw_l2/trade_date=2026-07-17/exchange=NSE/symbol=M&M/part-060637_155158-019413.parquet,real_data_sample\l2_unseen_validation\trade_date=2026-07-17\exchange=NSE\symbol=M&M\part-060637_155158-019413.parquet,34553,downloaded,34553,
2026-07-17,NSE,M&M,raw_l2/trade_date=2026-07-17/exchange=NSE/symbol=M&M/part-060705_404892-019477.parquet,real_data_sample\l2_unseen_validation\trade_date=2026-07-17\exchange=NSE\symbol=M&M\part-060705_404892-019477.parquet,34470,downloaded,34470,
2026-07-17,NSE,M&M,raw_l2/trade_date=2026-07-17/exchange=NSE/symbol=M&M/part-060719_501021-019509.parquet,real_data_sample\l2_unseen_validation\trade_date=2026-07-17\exchange=NSE\symbol=M&M\part-060719_501021-019509.parquet,35394,downloaded,35394,
2026-07-17,NSE,M&M,raw_l2/trade_date=2026-07-17/exchange=NSE/symbol=M&M/part-060651_408493-019445.parquet,real_data_sample\l2_unseen_validation\trade_date=2026-07-17\exchange=NSE\symbol=M&M\part-060651_408493-019445.parquet,34532,downloaded,34532,
2026-07-17,NSE,M&M,raw_l2/trade_date=2026-07-17/exchange=NSE/symbol=M&M/part-060555_411578-019317.parquet,real_data_sample\l2_unseen_validation\trade_date=2026-07-17\exchange=NSE\symbol=M&M\part-060555_411578-019317.parquet,34618,downloaded,34618,
2026-07-17,NSE,M&M,raw_l2/trade_date=2026-07-17/exchange=NSE/symbol=M&M/part-060609_346959-019349.parquet,real_data_sample\l2_unseen_validation\trade_date=2026-07-17\exchange=NSE\symbol=M&M\part-060609_346959-019349.parquet,34768,downloaded,34768,
2026-07-17,NSE,M&M,raw_l2/trade_date=2026-07-17/exchange=NSE/symbol=M&M/part-061125_185543-020053.parquet,real_data_sample\l2_unseen_validation\trade_date=2026-07-17\exchange=NSE\symbol=M&M\part-061125_185543-020053.parquet,34816,downloaded,34816,
2026-07-17,NSE,M&M,raw_l2/trade_date=2026-07-17/exchange=NSE/symbol=M&M/part-061041_827321-019957.parquet,real_data_sample\l2_unseen_validation\trade_date=2026-07-17\exchange=NSE\symbol=M&M\part-061041_827321-019957.parquet,34580,downloaded,34580,
2026-07-17,NSE,M&M,raw_l2/trade_date=2026-07-17/exchange=NSE/symbol=M&M/part-061027_556037-019925.parquet,real_data_sample\l2_unseen_validation\trade_date=2026-07-17\exchange=NSE\symbol=M&M\part-061027_556037-019925.parquet,34665,downloaded,34665,
2026-07-17,NSE,M&M,raw_l2/trade_date=2026-07-17/exchange=NSE/symbol=M&M/part-061013_270546-019893.parquet,real_data_sample\l2_unseen_validation\trade_date=2026-07-17\exchange=NSE\symbol=M&M\part-061013_270546-019893.parquet,35792,downloaded,35792,
2026-07-17,NSE,M&M,raw_l2/trade_date=2026-07-17/exchange=NSE/symbol=M&M/part-061208_290607-020149.parquet,real_data_sample\l2_unseen_validation\trade_date=2026-07-17\exchange=NSE\symbol=M&M\part-061208_290607-020149.parquet,34580,downloaded,34580,
2026-07-17,NSE,M&M,raw_l2/trade_date=2026-07-17/exchange=NSE/symbol=M&M/part-061154_012511-020117.parquet,real_data_sample\l2_unseen_validation\trade_date=2026-07-17\exchange=NSE\symbol=M&M\part-061154_012511-020117.parquet,34667,downloaded,34667,
2026-07-17,NSE,M&M,raw_l2/trade_date=2026-07-17/exchange=NSE/symbol=M&M/part-061222_881809-020181.parquet,real_data_sample\l2_unseen_validation\trade_date=2026-07-17\exchange=NSE\symbol=M&M\part-061222_881809-020181.parquet,35604,downloaded,35604,
2026-07-17,NSE,M&M,raw_l2/trade_date=2026-07-17/exchange=NSE/symbol=M&M/part-061306_123899-020277.parquet,real_data_sample\l2_unseen_validation\trade_date=2026-07-17\exchange=NSE\symbol=M&M\part-061306_123899-020277.parquet,35362,downloaded,35362,
2026-07-17,NSE,M&M,raw_l2/trade_date=2026-07-17/exchange=NSE/symbol=M&M/part-061403_603584-020405.parquet,real_data_sample\l2_unseen_validation\trade_date=2026-07-17\exchange=NSE\symbol=M&M\part-061403_603584-020405.parquet,35306,downloaded,35306,
2026-07-17,NSE,M&M,raw_l2/trade_date=2026-07-17/exchange=NSE/symbol=M&M/part-061417_886242-020437.parquet,real_data_sample\l2_unseen_validation\trade_date=2026-07-17\exchange=NSE\symbol=M&M\part-061417_886242-020437.parquet,35720,downloaded,35720,
2026-07-17,NSE,M&M,raw_l2/trade_date=2026-07-17/exchange=NSE/symbol=M&M/part-061432_275362-020469.parquet,real_data_sample\l2_unseen_validation\trade_date=2026-07-17\exchange=NSE\symbol=M&M\part-061432_275362-020469.parquet,35521,downloaded,35521,
2026-07-17,NSE,M&M,raw_l2/trade_date=2026-07-17/exchange=NSE/symbol=M&M/part-061334_965010-020341.parquet,real_data_sample\l2_unseen_validation\trade_date=2026-07-17\exchange=NSE\symbol=M&M\part-061334_965010-020341.parquet,35584,downloaded,35584,
2026-07-17,NSE,M&M,raw_l2/trade_date=2026-07-17/exchange=NSE/symbol=M&M/part-061349_271626-020373.parquet,real_data_sample\l2_unseen_validation\trade_date=2026-07-17\exchange=NSE\symbol=M&M\part-061349_271626-020373.parquet,35426,downloaded,35426,
2026-07-17,NSE,M&M,raw_l2/trade_date=2026-07-17/exchange=NSE/symbol=M&M/part-061320_647531-020309.parquet,real_data_sample\l2_unseen_validation\trade_date=2026-07-17\exchange=NSE\symbol=M&M\part-061320_647531-020309.parquet,35541,downloaded,35541,
2026-07-17,NSE,M&M,raw_l2/trade_date=2026-07-17/exchange=NSE/symbol=M&M/part-061446_490219-020501.parquet,real_data_sample\l2_unseen_validation\trade_date=2026-07-17\exchange=NSE\symbol=M&M\part-061446_490219-020501.parquet,35660,downloaded,35660,
2026-07-17,NSE,M&M,raw_l2/trade_date=2026-07-17/exchange=NSE/symbol=M&M/part-061237_355829-020213.parquet,real_data_sample\l2_unseen_validation\trade_date=2026-07-17\exchange=NSE\symbol=M&M\part-061237_355829-020213.parquet,35401,downloaded,35401,
2026-07-17,NSE,M&M,raw_l2/trade_date=2026-07-17/exchange=NSE/symbol=M&M/part-061251_662081-020245.parquet,real_data_sample\l2_unseen_validation\trade_date=2026-07-17\exchange=NSE\symbol=M&M\part-061251_662081-020245.parquet,35257,downloaded,35257,
2026-07-17,NSE,M&M,raw_l2/trade_date=2026-07-17/exchange=NSE/symbol=M&M/part-061500_903593-020533.parquet,real_data_sample\l2_unseen_validation\trade_date=2026-07-17\exchange=NSE\symbol=M&M\part-061500_903593-020533.parquet,35540,downloaded,35540,
2026-07-17,NSE,M&M,raw_l2/trade_date=2026-07-17/exchange=NSE/symbol=M&M/part-061515_355094-020565.parquet,real_data_sample\l2_unseen_validation\trade_date=2026-07-17\exchange=NSE\symbol=M&M\part-061515_355094-020565.parquet,35501,downloaded,35501,
2026-07-17,NSE,M&M,raw_l2/trade_date=2026-07-17/exchange=NSE/symbol=M&M/part-061529_875666-020597.parquet,real_data_sample\l2_unseen_validation\trade_date=2026-07-17\exchange=NSE\symbol=M&M\part-061529_875666-020597.parquet,35382,downloaded,35382,
2026-07-17,NSE,M&M,raw_l2/trade_date=2026-07-17/exchange=NSE/symbol=M&M/part-061544_071695-020629.parquet,real_data_sample\l2_unseen_validation\trade_date=2026-07-17\exchange=NSE\symbol=M&M\part-061544_071695-020629.parquet,35875,downloaded,35875,
2026-07-17,NSE,M&M,raw_l2/trade_date=2026-07-17/exchange=NSE/symbol=M&M/part-061558_628104-020661.parquet,real_data_sample\l2_unseen_validation\trade_date=2026-07-17\exchange=NSE\symbol=M&M\part-061558_628104-020661.parquet,35375,downloaded,35375,
2026-07-17,NSE,M&M,raw_l2/trade_date=2026-07-17/exchange=NSE/symbol=M&M/part-061613_821019-020693.parquet,real_data_sample\l2_unseen_validation\trade_date=2026-07-17\exchange=NSE\symbol=M&M\part-061613_821019-020693.parquet,35719,downloaded,35719,
2026-07-17,NSE,M&M,raw_l2/trade_date=2026-07-17/exchange=NSE/symbol=M&M/part-061628_801144-020725.parquet,real_data_sample\l2_unseen_validation\trade_date=2026-07-17\exchange=NSE\symbol=M&M\part-061628_801144-020725.parquet,35399,downloaded,35399,
2026-07-17,NSE,M&M,raw_l2/trade_date=2026-07-17/exchange=NSE/symbol=M&M/part-061725_426388-020853.parquet,real_data_sample\l2_unseen_validation\trade_date=2026-07-17\exchange=NSE\symbol=M&M\part-061725_426388-020853.parquet,35626,downloaded,35626,
2026-07-17,NSE,M&M,raw_l2/trade_date=2026-07-17/exchange=NSE/symbol=M&M/part-061711_278325-020821.parquet,real_data_sample\l2_unseen_validation\trade_date=2026-07-17\exchange=NSE\symbol=M&M\part-061711_278325-020821.parquet,35869,downloaded,35869,
2026-07-17,NSE,M&M,raw_l2/trade_date=2026-07-17/exchange=NSE/symbol=M&M/part-061739_424439-020885.parquet,real_data_sample\l2_unseen_validation\trade_date=2026-07-17\exchange=NSE\symbol=M&M\part-061739_424439-020885.parquet,35479,downloaded,35479,
2026-07-17,NSE,M&M,raw_l2/trade_date=2026-07-17/exchange=NSE/symbol=M&M/part-061754_054135-020917.parquet,real_data_sample\l2_unseen_validation\trade_date=2026-07-17\exchange=NSE\symbol=M&M\part-061754_054135-020917.parquet,35700,downloaded,35700,
2026-07-17,NSE,M&M,raw_l2/trade_date=2026-07-17/exchange=NSE/symbol=M&M/part-061822_847137-020981.parquet,real_data_sample\l2_unseen_validation\trade_date=2026-07-17\exchange=NSE\symbol=M&M\part-061822_847137-020981.parquet,35430,downloaded,35430,
2026-07-17,NSE,M&M,raw_l2/trade_date=2026-07-17/exchange=NSE/symbol=M&M/part-061808_775259-020949.parquet,real_data_sample\l2_unseen_validation\trade_date=2026-07-17\exchange=NSE\symbol=M&M\part-061808_775259-020949.parquet,35310,downloaded,35310,
2026-07-17,NSE,M&M,raw_l2/trade_date=2026-07-17/exchange=NSE/symbol=M&M/part-061642_926391-020757.parquet,real_data_sample\l2_unseen_validation\trade_date=2026-07-17\exchange=NSE\symbol=M&M\part-061642_926391-020757.parquet,35271,downloaded,35271,
2026-07-17,NSE,M&M,raw_l2/trade_date=2026-07-17/exchange=NSE/symbol=M&M/part-061837_708633-021013.parquet,real_data_sample\l2_unseen_validation\trade_date=2026-07-17\exchange=NSE\symbol=M&M\part-061837_708633-021013.parquet,35861,downloaded,35861,
2026-07-17,NSE,M&M,raw_l2/trade_date=2026-07-17/exchange=NSE/symbol=M&M/part-061656_968404-020789.parquet,real_data_sample\l2_unseen_validation\trade_date=2026-07-17\exchange=NSE\symbol=M&M\part-061656_968404-020789.parquet,35354,downloaded,35354,
2026-07-17,NSE,M&M,raw_l2/trade_date=2026-07-17/exchange=NSE/symbol=M&M/part-055616_438039-018005.parquet,real_data_sample\l2_unseen_validation\trade_date=2026-07-17\exchange=NSE\symbol=M&M\part-055616_438039-018005.parquet,35857,downloaded,35857,
2026-07-17,NSE,M&M,raw_l2/trade_date=2026-07-17/exchange=NSE/symbol=M&M/part-055506_295556-017845.parquet,real_data_sample\l2_unseen_validation\trade_date=2026-07-17\exchange=NSE\symbol=M&M\part-055506_295556-017845.parquet,35770,downloaded,35770,
2026-07-17,NSE,M&M,raw_l2/trade_date=2026-07-17/exchange=NSE/symbol=M&M/part-055452_165927-017813.parquet,real_data_sample\l2_unseen_validation\trade_date=2026-07-17\exchange=NSE\symbol=M&M\part-055452_165927-017813.parquet,35469,downloaded,35469,
2026-07-17,NSE,M&M,raw_l2/trade_date=2026-07-17/exchange=NSE/symbol=M&M/part-055644_690048-018069.parquet,real_data_sample\l2_unseen_validation\trade_date=2026-07-17\exchange=NSE\symbol=M&M\part-055644_690048-018069.parquet,35656,downloaded,35656,
2026-07-17,NSE,M&M,raw_l2/trade_date=2026-07-17/exchange=NSE/symbol=M&M/part-055602_411082-017973.parquet,real_data_sample\l2_unseen_validation\trade_date=2026-07-17\exchange=NSE\symbol=M&M\part-055602_411082-017973.parquet,35455,downloaded,35455,
2026-07-17,NSE,M&M,raw_l2/trade_date=2026-07-17/exchange=NSE/symbol=M&M/part-055630_501731-018037.parquet,real_data_sample\l2_unseen_validation\trade_date=2026-07-17\exchange=NSE\symbol=M&M\part-055630_501731-018037.parquet,35517,downloaded,35517,
2026-07-17,NSE,M&M,raw_l2/trade_date=2026-07-17/exchange=NSE/symbol=M&M/part-055548_173391-017941.parquet,real_data_sample\l2_unseen_validation\trade_date=2026-07-17\exchange=NSE\symbol=M&M\part-055548_173391-017941.parquet,35813,downloaded,35813,
2026-07-17,NSE,M&M,raw_l2/trade_date=2026-07-17/exchange=NSE/symbol=M&M/part-055534_202034-017909.parquet,real_data_sample\l2_unseen_validation\trade_date=2026-07-17\exchange=NSE\symbol=M&M\part-055534_202034-017909.parquet,35613,downloaded,35613,
2026-07-17,NSE,M&M,raw_l2/trade_date=2026-07-17/exchange=NSE/symbol=M&M/part-061906_015260-021077.parquet,real_data_sample\l2_unseen_validation\trade_date=2026-07-17\exchange=NSE\symbol=M&M\part-061906_015260-021077.parquet,35093,downloaded,35093,
2026-07-17,NSE,M&M,raw_l2/trade_date=2026-07-17/exchange=NSE/symbol=M&M/part-061851_948793-021045.parquet,real_data_sample\l2_unseen_validation\trade_date=2026-07-17\exchange=NSE\symbol=M&M\part-061851_948793-021045.parquet,35721,downloaded,35721,
2026-07-17,NSE,M&M,raw_l2/trade_date=2026-07-17/exchange=NSE/symbol=M&M/part-061920_568417-021109.parquet,real_data_sample\l2_unseen_validation\trade_date=2026-07-17\exchange=NSE\symbol=M&M\part-061920_568417-021109.parquet,34938,downloaded,34938,
2026-07-17,NSE,M&M,raw_l2/trade_date=2026-07-17/exchange=NSE/symbol=M&M/part-061934_885933-021141.parquet,real_data_sample\l2_unseen_validation\trade_date=2026-07-17\exchange=NSE\symbol=M&M\part-061934_885933-021141.parquet,34748,downloaded,34748,
2026-07-17,NSE,M&M,raw_l2/trade_date=2026-07-17/exchange=NSE/symbol=M&M/part-062031_681375-021269.parquet,real_data_sample\l2_unseen_validation\trade_date=2026-07-17\exchange=NSE\symbol=M&M\part-062031_681375-021269.parquet,34778,downloaded,34778,
2026-07-17,NSE,M&M,raw_l2/trade_date=2026-07-17/exchange=NSE/symbol=M&M/part-061948_989125-021173.parquet,real_data_sample\l2_unseen_validation\trade_date=2026-07-17\exchange=NSE\symbol=M&M\part-061948_989125-021173.parquet,34577,downloaded,34577,
2026-07-17,NSE,M&M,raw_l2/trade_date=2026-07-17/exchange=NSE/symbol=M&M/part-062017_406290-021237.parquet,real_data_sample\l2_unseen_validation\trade_date=2026-07-17\exchange=NSE\symbol=M&M\part-062017_406290-021237.parquet,34787,downloaded,34787,
2026-07-17,NSE,M&M,raw_l2/trade_date=2026-07-17/exchange=NSE/symbol=M&M/part-062003_250852-021205.parquet,real_data_sample\l2_unseen_validation\trade_date=2026-07-17\exchange=NSE\symbol=M&M\part-062003_250852-021205.parquet,34616,downloaded,34616,
2026-07-17,NSE,M&M,raw_l2/trade_date=2026-07-17/exchange=NSE/symbol=M&M/part-062100_879825-021333.parquet,real_data_sample\l2_unseen_validation\trade_date=2026-07-17\exchange=NSE\symbol=M&M\part-062100_879825-021333.parquet,34553,downloaded,34553,
2026-07-17,NSE,M&M,raw_l2/trade_date=2026-07-17/exchange=NSE/symbol=M&M/part-062115_340123-021365.parquet,real_data_sample\l2_unseen_validation\trade_date=2026-07-17\exchange=NSE\symbol=M&M\part-062115_340123-021365.parquet,34896,downloaded,34896,
2026-07-17,NSE,M&M,raw_l2/trade_date=2026-07-17/exchange=NSE/symbol=M&M/part-062143_387763-021429.parquet,real_data_sample\l2_unseen_validation\trade_date=2026-07-17\exchange=NSE\symbol=M&M\part-062143_387763-021429.parquet,35240,downloaded,35240,
2026-07-17,NSE,M&M,raw_l2/trade_date=2026-07-17/exchange=NSE/symbol=M&M/part-062129_485197-021397.parquet,real_data_sample\l2_unseen_validation\trade_date=2026-07-17\exchange=NSE\symbol=M&M\part-062129_485197-021397.parquet,35261,downloaded,35261,
2026-07-17,NSE,M&M,raw_l2/trade_date=2026-07-17/exchange=NSE/symbol=M&M/part-062157_634386-021461.parquet,real_data_sample\l2_unseen_validation\trade_date=2026-07-17\exchange=NSE\symbol=M&M\part-062157_634386-021461.parquet,35119,downloaded,35119,
2026-07-17,NSE,M&M,raw_l2/trade_date=2026-07-17/exchange=NSE/symbol=M&M/part-062226_197145-021525.parquet,real_data_sample\l2_unseen_validation\trade_date=2026-07-17\exchange=NSE\symbol=M&M\part-062226_197145-021525.parquet,34757,downloaded,34757,
2026-07-17,NSE,M&M,raw_l2/trade_date=2026-07-17/exchange=NSE/symbol=M&M/part-062211_919642-021493.parquet,real_data_sample\l2_unseen_validation\trade_date=2026-07-17\exchange=NSE\symbol=M&M\part-062211_919642-021493.parquet,35426,downloaded,35426,
2026-07-17,NSE,M&M,raw_l2/trade_date=2026-07-17/exchange=NSE/symbol=M&M/part-062240_553441-021557.parquet,real_data_sample\l2_unseen_validation\trade_date=2026-07-17\exchange=NSE\symbol=M&M\part-062240_553441-021557.parquet,34481,downloaded,34481,
2026-07-17,NSE,M&M,raw_l2/trade_date=2026-07-17/exchange=NSE/symbol=M&M/part-062254_781319-021589.parquet,real_data_sample\l2_unseen_validation\trade_date=2026-07-17\exchange=NSE\symbol=M&M\part-062254_781319-021589.parquet,34554,downloaded,34554,
2026-07-17,NSE,M&M,raw_l2/trade_date=2026-07-17/exchange=NSE/symbol=M&M/part-062309_194414-021621.parquet,real_data_sample\l2_unseen_validation\trade_date=2026-07-17\exchange=NSE\symbol=M&M\part-062309_194414-021621.parquet,34512,downloaded,34512,
2026-07-17,NSE,M&M,raw_l2/trade_date=2026-07-17/exchange=NSE/symbol=M&M/part-062323_520482-021653.parquet,real_data_sample\l2_unseen_validation\trade_date=2026-07-17\exchange=NSE\symbol=M&M\part-062323_520482-021653.parquet,34569,downloaded,34569,
2026-07-17,NSE,M&M,raw_l2/trade_date=2026-07-17/exchange=NSE/symbol=M&M/part-062046_395190-021301.parquet,real_data_sample\l2_unseen_validation\trade_date=2026-07-17\exchange=NSE\symbol=M&M\part-062046_395190-021301.parquet,34804,downloaded,34804,
2026-07-17,NSE,M&M,raw_l2/trade_date=2026-07-17/exchange=NSE/symbol=M&M/part-062351_684052-021717.parquet,real_data_sample\l2_unseen_validation\trade_date=2026-07-17\exchange=NSE\symbol=M&M\part-062351_684052-021717.parquet,34535,downloaded,34535,
2026-07-17,NSE,M&M,raw_l2/trade_date=2026-07-17/exchange=NSE/symbol=M&M/part-062419_920386-021781.parquet,real_data_sample\l2_unseen_validation\trade_date=2026-07-17\exchange=NSE\symbol=M&M\part-062419_920386-021781.parquet,34811,downloaded,34811,
2026-07-17,NSE,M&M,raw_l2/trade_date=2026-07-17/exchange=NSE/symbol=M&M/part-062448_115879-021845.parquet,real_data_sample\l2_unseen_validation\trade_date=2026-07-17\exchange=NSE\symbol=M&M\part-062448_115879-021845.parquet,34672,downloaded,34672,
2026-07-17,NSE,M&M,raw_l2/trade_date=2026-07-17/exchange=NSE/symbol=M&M/part-062405_770148-021749.parquet,real_data_sample\l2_unseen_validation\trade_date=2026-07-17\exchange=NSE\symbol=M&M\part-062405_770148-021749.parquet,34666,downloaded,34666,
2026-07-17,NSE,M&M,raw_l2/trade_date=2026-07-17/exchange=NSE/symbol=M&M/part-062433_925838-021813.parquet,real_data_sample\l2_unseen_validation\trade_date=2026-07-17\exchange=NSE\symbol=M&M\part-062433_925838-021813.parquet,34585,downloaded,34585,
2026-07-17,NSE,M&M,raw_l2/trade_date=2026-07-17/exchange=NSE/symbol=M&M/part-062502_329281-021877.parquet,real_data_sample\l2_unseen_validation\trade_date=2026-07-17\exchange=NSE\symbol=M&M\part-062502_329281-021877.parquet,34589,downloaded,34589,
2026-07-17,NSE,M&M,raw_l2/trade_date=2026-07-17/exchange=NSE/symbol=M&M/part-062337_757691-021685.parquet,real_data_sample\l2_unseen_validation\trade_date=2026-07-17\exchange=NSE\symbol=M&M\part-062337_757691-021685.parquet,34796,downloaded,34796,
2026-07-17,NSE,M&M,raw_l2/trade_date=2026-07-17/exchange=NSE/symbol=M&M/part-062544_337991-021973.parquet,real_data_sample\l2_unseen_validation\trade_date=2026-07-17\exchange=NSE\symbol=M&M\part-062544_337991-021973.parquet,34605,downloaded,34605,
2026-07-17,NSE,M&M,raw_l2/trade_date=2026-07-17/exchange=NSE/symbol=M&M/part-062516_522149-021909.parquet,real_data_sample\l2_unseen_validation\trade_date=2026-07-17\exchange=NSE\symbol=M&M\part-062516_522149-021909.parquet,34591,downloaded,34591,
2026-07-17,NSE,M&M,raw_l2/trade_date=2026-07-17/exchange=NSE/symbol=M&M/part-062530_357514-021941.parquet,real_data_sample\l2_unseen_validation\trade_date=2026-07-17\exchange=NSE\symbol=M&M\part-062530_357514-021941.parquet,34669,downloaded,34669,
2026-07-17,NSE,M&M,raw_l2/trade_date=2026-07-17/exchange=NSE/symbol=M&M/part-062558_393317-022005.parquet,real_data_sample\l2_unseen_validation\trade_date=2026-07-17\exchange=NSE\symbol=M&M\part-062558_393317-022005.parquet,34725,downloaded,34725,
2026-07-17,NSE,M&M,raw_l2/trade_date=2026-07-17/exchange=NSE/symbol=M&M/part-062612_443728-022037.parquet,real_data_sample\l2_unseen_validation\trade_date=2026-07-17\exchange=NSE\symbol=M&M\part-062612_443728-022037.parquet,34705,downloaded,34705,
2026-07-17,NSE,M&M,raw_l2/trade_date=2026-07-17/exchange=NSE/symbol=M&M/part-055410_044180-017717.parquet,real_data_sample\l2_unseen_validation\trade_date=2026-07-17\exchange=NSE\symbol=M&M\part-055410_044180-017717.parquet,35696,downloaded,35696,
2026-07-17,NSE,M&M,raw_l2/trade_date=2026-07-17/exchange=NSE/symbol=M&M/part-062640_725038-022101.parquet,real_data_sample\l2_unseen_validation\trade_date=2026-07-17\exchange=NSE\symbol=M&M\part-062640_725038-022101.parquet,35568,downloaded,35568,
2026-07-17,NSE,M&M,raw_l2/trade_date=2026-07-17/exchange=NSE/symbol=M&M/part-062626_462808-022069.parquet,real_data_sample\l2_unseen_validation\trade_date=2026-07-17\exchange=NSE\symbol=M&M\part-062626_462808-022069.parquet,35512,downloaded,35512,
2026-07-17,NSE,M&M,raw_l2/trade_date=2026-07-17/exchange=NSE/symbol=M&M/part-062654_962606-022133.parquet,real_data_sample\l2_unseen_validation\trade_date=2026-07-17\exchange=NSE\symbol=M&M\part-062654_962606-022133.parquet,35772,downloaded,35772,
2026-07-17,NSE,M&M,raw_l2/trade_date=2026-07-17/exchange=NSE/symbol=M&M/part-062738_019441-022229.parquet,real_data_sample\l2_unseen_validation\trade_date=2026-07-17\exchange=NSE\symbol=M&M\part-062738_019441-022229.parquet,35509,downloaded,35509,
2026-07-17,NSE,M&M,raw_l2/trade_date=2026-07-17/exchange=NSE/symbol=M&M/part-062709_267442-022165.parquet,real_data_sample\l2_unseen_validation\trade_date=2026-07-17\exchange=NSE\symbol=M&M\part-062709_267442-022165.parquet,35498,downloaded,35498,
2026-07-17,NSE,M&M,raw_l2/trade_date=2026-07-17/exchange=NSE/symbol=M&M/part-062723_657877-022197.parquet,real_data_sample\l2_unseen_validation\trade_date=2026-07-17\exchange=NSE\symbol=M&M\part-062723_657877-022197.parquet,35600,downloaded,35600,
2026-07-17,NSE,M&M,raw_l2/trade_date=2026-07-17/exchange=NSE/symbol=M&M/part-061110_742844-020021.parquet,real_data_sample\l2_unseen_validation\trade_date=2026-07-17\exchange=NSE\symbol=M&M\part-061110_742844-020021.parquet,34703,downloaded,34703,
2026-07-17,NSE,M&M,raw_l2/trade_date=2026-07-17/exchange=NSE/symbol=M&M/part-062752_299981-022261.parquet,real_data_sample\l2_unseen_validation\trade_date=2026-07-17\exchange=NSE\symbol=M&M\part-062752_299981-022261.parquet,35338,downloaded,35338,
2026-07-17,NSE,M&M,raw_l2/trade_date=2026-07-17/exchange=NSE/symbol=M&M/part-062806_501668-022293.parquet,real_data_sample\l2_unseen_validation\trade_date=2026-07-17\exchange=NSE\symbol=M&M\part-062806_501668-022293.parquet,35380,downloaded,35380,
2026-07-17,NSE,M&M,raw_l2/trade_date=2026-07-17/exchange=NSE/symbol=M&M/part-062849_221664-022389.parquet,real_data_sample\l2_unseen_validation\trade_date=2026-07-17\exchange=NSE\symbol=M&M\part-062849_221664-022389.parquet,35679,downloaded,35679,
2026-07-17,NSE,M&M,raw_l2/trade_date=2026-07-17/exchange=NSE/symbol=M&M/part-060915_735726-019765.parquet,real_data_sample\l2_unseen_validation\trade_date=2026-07-17\exchange=NSE\symbol=M&M\part-060915_735726-019765.parquet,35200,downloaded,35200,
2026-07-17,NSE,M&M,raw_l2/trade_date=2026-07-17/exchange=NSE/symbol=M&M/part-060818_655050-019637.parquet,real_data_sample\l2_unseen_validation\trade_date=2026-07-17\exchange=NSE\symbol=M&M\part-060818_655050-019637.parquet,35596,downloaded,35596,
2026-07-17,NSE,M&M,raw_l2/trade_date=2026-07-17/exchange=NSE/symbol=M&M/part-060733_779180-019541.parquet,real_data_sample\l2_unseen_validation\trade_date=2026-07-17\exchange=NSE\symbol=M&M\part-060733_779180-019541.parquet,35782,downloaded,35782,
2026-07-17,NSE,M&M,raw_l2/trade_date=2026-07-17/exchange=NSE/symbol=M&M/part-060748_309039-019573.parquet,real_data_sample\l2_unseen_validation\trade_date=2026-07-17\exchange=NSE\symbol=M&M\part-060748_309039-019573.parquet,35663,downloaded,35663,
2026-07-17,NSE,M&M,raw_l2/trade_date=2026-07-17/exchange=NSE/symbol=M&M/part-060958_971420-019861.parquet,real_data_sample\l2_unseen_validation\trade_date=2026-07-17\exchange=NSE\symbol=M&M\part-060958_971420-019861.parquet,35440,downloaded,35440,
2026-07-17,NSE,M&M,raw_l2/trade_date=2026-07-17/exchange=NSE/symbol=M&M/part-060833_216991-019669.parquet,real_data_sample\l2_unseen_validation\trade_date=2026-07-17\exchange=NSE\symbol=M&M\part-060833_216991-019669.parquet,34779,downloaded,34779,
2026-07-17,NSE,M&M,raw_l2/trade_date=2026-07-17/exchange=NSE/symbol=M&M/part-061139_475376-020085.parquet,real_data_sample\l2_unseen_validation\trade_date=2026-07-17\exchange=NSE\symbol=M&M\part-061139_475376-020085.parquet,34686,downloaded,34686,
2026-07-17,NSE,M&M,raw_l2/trade_date=2026-07-17/exchange=NSE/symbol=M&M/part-063112_082632-022709.parquet,real_data_sample\l2_unseen_validation\trade_date=2026-07-17\exchange=NSE\symbol=M&M\part-063112_082632-022709.parquet,34719,downloaded,34719,
2026-07-17,NSE,M&M,raw_l2/trade_date=2026-07-17/exchange=NSE/symbol=M&M/part-060930_348743-019797.parquet,real_data_sample\l2_unseen_validation\trade_date=2026-07-17\exchange=NSE\symbol=M&M\part-060930_348743-019797.parquet,35603,downloaded,35603,
2026-07-17,NSE,M&M,raw_l2/trade_date=2026-07-17/exchange=NSE/symbol=M&M/part-063001_103443-022549.parquet,real_data_sample\l2_unseen_validation\trade_date=2026-07-17\exchange=NSE\symbol=M&M\part-063001_103443-022549.parquet,35370,downloaded,35370,
2026-07-17,NSE,M&M,raw_l2/trade_date=2026-07-17/exchange=NSE/symbol=M&M/part-062834_841123-022357.parquet,real_data_sample\l2_unseen_validation\trade_date=2026-07-17\exchange=NSE\symbol=M&M\part-062834_841123-022357.parquet,35122,downloaded,35122,
2026-07-17,NSE,M&M,raw_l2/trade_date=2026-07-17/exchange=NSE/symbol=M&M/part-062932_323099-022485.parquet,real_data_sample\l2_unseen_validation\trade_date=2026-07-17\exchange=NSE\symbol=M&M\part-062932_323099-022485.parquet,35269,downloaded,35269,
2026-07-17,NSE,M&M,raw_l2/trade_date=2026-07-17/exchange=NSE/symbol=M&M/part-063043_718890-022645.parquet,real_data_sample\l2_unseen_validation\trade_date=2026-07-17\exchange=NSE\symbol=M&M\part-063043_718890-022645.parquet,34848,downloaded,34848,
2026-07-17,NSE,M&M,raw_l2/trade_date=2026-07-17/exchange=NSE/symbol=M&M/part-063015_439896-022581.parquet,real_data_sample\l2_unseen_validation\trade_date=2026-07-17\exchange=NSE\symbol=M&M\part-063015_439896-022581.parquet,35538,downloaded,35538,
2026-07-17,NSE,M&M,raw_l2/trade_date=2026-07-17/exchange=NSE/symbol=M&M/part-063126_276142-022741.parquet,real_data_sample\l2_unseen_validation\trade_date=2026-07-17\exchange=NSE\symbol=M&M\part-063126_276142-022741.parquet,35302,downloaded,35302,
2026-07-17,NSE,M&M,raw_l2/trade_date=2026-07-17/exchange=NSE/symbol=M&M/part-062820_941151-022325.parquet,real_data_sample\l2_unseen_validation\trade_date=2026-07-17\exchange=NSE\symbol=M&M\part-062820_941151-022325.parquet,35780,downloaded,35780,
2026-07-17,NSE,M&M,raw_l2/trade_date=2026-07-17/exchange=NSE/symbol=M&M/part-060803_975593-019605.parquet,real_data_sample\l2_unseen_validation\trade_date=2026-07-17\exchange=NSE\symbol=M&M\part-060803_975593-019605.parquet,35427,downloaded,35427,
2026-07-17,NSE,M&M,raw_l2/trade_date=2026-07-17/exchange=NSE/symbol=M&M/part-062917_207540-022453.parquet,real_data_sample\l2_unseen_validation\trade_date=2026-07-17\exchange=NSE\symbol=M&M\part-062917_207540-022453.parquet,35642,downloaded,35642,
2026-07-17,NSE,M&M,raw_l2/trade_date=2026-07-17/exchange=NSE/symbol=M&M/part-063057_728289-022677.parquet,real_data_sample\l2_unseen_validation\trade_date=2026-07-17\exchange=NSE\symbol=M&M\part-063057_728289-022677.parquet,34880,downloaded,34880,
2026-07-17,NSE,M&M,raw_l2/trade_date=2026-07-17/exchange=NSE/symbol=M&M/part-062903_149180-022421.parquet,real_data_sample\l2_unseen_validation\trade_date=2026-07-17\exchange=NSE\symbol=M&M\part-062903_149180-022421.parquet,35465,downloaded,35465,
2026-07-17,NSE,M&M,raw_l2/trade_date=2026-07-17/exchange=NSE/symbol=M&M/part-063140_332942-022773.parquet,real_data_sample\l2_unseen_validation\trade_date=2026-07-17\exchange=NSE\symbol=M&M\part-063140_332942-022773.parquet,35518,downloaded,35518,
2026-07-17,NSE,M&M,raw_l2/trade_date=2026-07-17/exchange=NSE/symbol=M&M/part-062946_511412-022517.parquet,real_data_sample\l2_unseen_validation\trade_date=2026-07-17\exchange=NSE\symbol=M&M\part-062946_511412-022517.parquet,35835,downloaded,35835,
2026-07-17,NSE,M&M,raw_l2/trade_date=2026-07-17/exchange=NSE/symbol=M&M/part-063154_293430-022805.parquet,real_data_sample\l2_unseen_validation\trade_date=2026-07-17\exchange=NSE\symbol=M&M\part-063154_293430-022805.parquet,35601,downloaded,35601,
2026-07-17,NSE,M&M,raw_l2/trade_date=2026-07-17/exchange=NSE/symbol=M&M/part-063236_139767-022901.parquet,real_data_sample\l2_unseen_validation\trade_date=2026-07-17\exchange=NSE\symbol=M&M\part-063236_139767-022901.parquet,35586,downloaded,35586,
2026-07-17,NSE,M&M,raw_l2/trade_date=2026-07-17/exchange=NSE/symbol=M&M/part-060847_459187-019701.parquet,real_data_sample\l2_unseen_validation\trade_date=2026-07-17\exchange=NSE\symbol=M&M\part-060847_459187-019701.parquet,34859,downloaded,34859,
2026-07-17,NSE,M&M,raw_l2/trade_date=2026-07-17/exchange=NSE/symbol=M&M/part-063222_096607-022869.parquet,real_data_sample\l2_unseen_validation\trade_date=2026-07-17\exchange=NSE\symbol=M&M\part-063222_096607-022869.parquet,35386,downloaded,35386,
2026-07-17,NSE,M&M,raw_l2/trade_date=2026-07-17/exchange=NSE/symbol=M&M/part-060901_782335-019733.parquet,real_data_sample\l2_unseen_validation\trade_date=2026-07-17\exchange=NSE\symbol=M&M\part-060901_782335-019733.parquet,34883,downloaded,34883,
2026-07-17,NSE,M&M,raw_l2/trade_date=2026-07-17/exchange=NSE/symbol=M&M/part-063250_020772-022933.parquet,real_data_sample\l2_unseen_validation\trade_date=2026-07-17\exchange=NSE\symbol=M&M\part-063250_020772-022933.parquet,35197,downloaded,35197,
2026-07-17,NSE,M&M,raw_l2/trade_date=2026-07-17/exchange=NSE/symbol=M&M/part-063304_306047-022965.parquet,real_data_sample\l2_unseen_validation\trade_date=2026-07-17\exchange=NSE\symbol=M&M\part-063304_306047-022965.parquet,35159,downloaded,35159,
2026-07-17,NSE,M&M,raw_l2/trade_date=2026-07-17/exchange=NSE/symbol=M&M/part-063318_647466-022997.parquet,real_data_sample\l2_unseen_validation\trade_date=2026-07-17\exchange=NSE\symbol=M&M\part-063318_647466-022997.parquet,35071,downloaded,35071,
2026-07-17,NSE,M&M,raw_l2/trade_date=2026-07-17/exchange=NSE/symbol=M&M/part-061056_343888-019989.parquet,real_data_sample\l2_unseen_validation\trade_date=2026-07-17\exchange=NSE\symbol=M&M\part-061056_343888-019989.parquet,34540,downloaded,34540,
2026-07-17,NSE,M&M,raw_l2/trade_date=2026-07-17/exchange=NSE/symbol=M&M/part-063333_030922-023029.parquet,real_data_sample\l2_unseen_validation\trade_date=2026-07-17\exchange=NSE\symbol=M&M\part-063333_030922-023029.parquet,34826,downloaded,34826,
2026-07-17,NSE,M&M,raw_l2/trade_date=2026-07-17/exchange=NSE/symbol=M&M/part-060944_666928-019829.parquet,real_data_sample\l2_unseen_validation\trade_date=2026-07-17\exchange=NSE\symbol=M&M\part-060944_666928-019829.parquet,35287,downloaded,35287,
2026-07-17,NSE,M&M,raw_l2/trade_date=2026-07-17/exchange=NSE/symbol=M&M/part-063401_200858-023093.parquet,real_data_sample\l2_unseen_validation\trade_date=2026-07-17\exchange=NSE\symbol=M&M\part-063401_200858-023093.parquet,34757,downloaded,34757,
2026-07-17,NSE,M&M,raw_l2/trade_date=2026-07-17/exchange=NSE/symbol=M&M/part-063347_169592-023061.parquet,real_data_sample\l2_unseen_validation\trade_date=2026-07-17\exchange=NSE\symbol=M&M\part-063347_169592-023061.parquet,34947,downloaded,34947,
2026-07-17,NSE,M&M,raw_l2/trade_date=2026-07-17/exchange=NSE/symbol=M&M/part-063429_367583-023157.parquet,real_data_sample\l2_unseen_validation\trade_date=2026-07-17\exchange=NSE\symbol=M&M\part-063429_367583-023157.parquet,35284,downloaded,35284,
2026-07-17,NSE,M&M,raw_l2/trade_date=2026-07-17/exchange=NSE/symbol=M&M/part-063415_332654-023125.parquet,real_data_sample\l2_unseen_validation\trade_date=2026-07-17\exchange=NSE\symbol=M&M\part-063415_332654-023125.parquet,35093,downloaded,35093,
2026-07-17,NSE,M&M,raw_l2/trade_date=2026-07-17/exchange=NSE/symbol=M&M/part-063029_551254-022613.parquet,real_data_sample\l2_unseen_validation\trade_date=2026-07-17\exchange=NSE\symbol=M&M\part-063029_551254-022613.parquet,34694,downloaded,34694,
2026-07-17,NSE,M&M,raw_l2/trade_date=2026-07-17/exchange=NSE/symbol=M&M/part-063703_450466-023509.parquet,real_data_sample\l2_unseen_validation\trade_date=2026-07-17\exchange=NSE\symbol=M&M\part-063703_450466-023509.parquet,35206,downloaded,35206,
2026-07-17,NSE,M&M,raw_l2/trade_date=2026-07-17/exchange=NSE/symbol=M&M/part-063856_080884-023765.parquet,real_data_sample\l2_unseen_validation\trade_date=2026-07-17\exchange=NSE\symbol=M&M\part-063856_080884-023765.parquet,35604,downloaded,35604,
2026-07-17,NSE,M&M,raw_l2/trade_date=2026-07-17/exchange=NSE/symbol=M&M/part-063443_314759-023189.parquet,real_data_sample\l2_unseen_validation\trade_date=2026-07-17\exchange=NSE\symbol=M&M\part-063443_314759-023189.parquet,35478,downloaded,35478,
2026-07-17,NSE,M&M,raw_l2/trade_date=2026-07-17/exchange=NSE/symbol=M&M/part-063621_394712-023413.parquet,real_data_sample\l2_unseen_validation\trade_date=2026-07-17\exchange=NSE\symbol=M&M\part-063621_394712-023413.parquet,35488,downloaded,35488,
2026-07-17,NSE,M&M,raw_l2/trade_date=2026-07-17/exchange=NSE/symbol=M&M/part-063539_585477-023317.parquet,real_data_sample\l2_unseen_validation\trade_date=2026-07-17\exchange=NSE\symbol=M&M\part-063539_585477-023317.parquet,35786,downloaded,35786,
2026-07-17,NSE,M&M,raw_l2/trade_date=2026-07-17/exchange=NSE/symbol=M&M/part-063812_962826-023669.parquet,real_data_sample\l2_unseen_validation\trade_date=2026-07-17\exchange=NSE\symbol=M&M\part-063812_962826-023669.parquet,35464,downloaded,35464,
2026-07-17,NSE,M&M,raw_l2/trade_date=2026-07-17/exchange=NSE/symbol=M&M/part-063553_522093-023349.parquet,real_data_sample\l2_unseen_validation\trade_date=2026-07-17\exchange=NSE\symbol=M&M\part-063553_522093-023349.parquet,35719,downloaded,35719,
2026-07-17,NSE,M&M,raw_l2/trade_date=2026-07-17/exchange=NSE/symbol=M&M/part-063717_409877-023541.parquet,real_data_sample\l2_unseen_validation\trade_date=2026-07-17\exchange=NSE\symbol=M&M\part-063717_409877-023541.parquet,35387,downloaded,35387,
2026-07-17,NSE,M&M,raw_l2/trade_date=2026-07-17/exchange=NSE/symbol=M&M/part-063827_231985-023701.parquet,real_data_sample\l2_unseen_validation\trade_date=2026-07-17\exchange=NSE\symbol=M&M\part-063827_231985-023701.parquet,35512,downloaded,35512,
2026-07-17,NSE,M&M,raw_l2/trade_date=2026-07-17/exchange=NSE/symbol=M&M/part-063511_449576-023253.parquet,real_data_sample\l2_unseen_validation\trade_date=2026-07-17\exchange=NSE\symbol=M&M\part-063511_449576-023253.parquet,35212,downloaded,35212,
2026-07-17,NSE,M&M,raw_l2/trade_date=2026-07-17/exchange=NSE/symbol=M&M/part-063745_263629-023605.parquet,real_data_sample\l2_unseen_validation\trade_date=2026-07-17\exchange=NSE\symbol=M&M\part-063745_263629-023605.parquet,35346,downloaded,35346,
2026-07-17,NSE,M&M,raw_l2/trade_date=2026-07-17/exchange=NSE/symbol=M&M/part-063841_497088-023733.parquet,real_data_sample\l2_unseen_validation\trade_date=2026-07-17\exchange=NSE\symbol=M&M\part-063841_497088-023733.parquet,35656,downloaded,35656,
2026-07-17,NSE,M&M,raw_l2/trade_date=2026-07-17/exchange=NSE/symbol=M&M/part-063607_416505-023381.parquet,real_data_sample\l2_unseen_validation\trade_date=2026-07-17\exchange=NSE\symbol=M&M\part-063607_416505-023381.parquet,35692,downloaded,35692,
2026-07-17,NSE,M&M,raw_l2/trade_date=2026-07-17/exchange=NSE/symbol=M&M/part-063649_421386-023477.parquet,real_data_sample\l2_unseen_validation\trade_date=2026-07-17\exchange=NSE\symbol=M&M\part-063649_421386-023477.parquet,35464,downloaded,35464,
2026-07-17,NSE,M&M,raw_l2/trade_date=2026-07-17/exchange=NSE/symbol=M&M/part-063731_304289-023573.parquet,real_data_sample\l2_unseen_validation\trade_date=2026-07-17\exchange=NSE\symbol=M&M\part-063731_304289-023573.parquet,35653,downloaded,35653,
2026-07-17,NSE,M&M,raw_l2/trade_date=2026-07-17/exchange=NSE/symbol=M&M/part-063759_073367-023637.parquet,real_data_sample\l2_unseen_validation\trade_date=2026-07-17\exchange=NSE\symbol=M&M\part-063759_073367-023637.parquet,35401,downloaded,35401,
2026-07-17,NSE,M&M,raw_l2/trade_date=2026-07-17/exchange=NSE/symbol=M&M/part-063924_345368-023829.parquet,real_data_sample\l2_unseen_validation\trade_date=2026-07-17\exchange=NSE\symbol=M&M\part-063924_345368-023829.parquet,35766,downloaded,35766,
2026-07-17,NSE,M&M,raw_l2/trade_date=2026-07-17/exchange=NSE/symbol=M&M/part-063457_324559-023221.parquet,real_data_sample\l2_unseen_validation\trade_date=2026-07-17\exchange=NSE\symbol=M&M\part-063457_324559-023221.parquet,35219,downloaded,35219,
2026-07-17,NSE,M&M,raw_l2/trade_date=2026-07-17/exchange=NSE/symbol=M&M/part-063635_434292-023445.parquet,real_data_sample\l2_unseen_validation\trade_date=2026-07-17\exchange=NSE\symbol=M&M\part-063635_434292-023445.parquet,35703,downloaded,35703,
2026-07-17,NSE,M&M,raw_l2/trade_date=2026-07-17/exchange=NSE/symbol=M&M/part-063910_340522-023797.parquet,real_data_sample\l2_unseen_validation\trade_date=2026-07-17\exchange=NSE\symbol=M&M\part-063910_340522-023797.parquet,35658,downloaded,35658,
2026-07-17,NSE,M&M,raw_l2/trade_date=2026-07-17/exchange=NSE/symbol=M&M/part-063952_307794-023893.parquet,real_data_sample\l2_unseen_validation\trade_date=2026-07-17\exchange=NSE\symbol=M&M\part-063952_307794-023893.parquet,35517,downloaded,35517,
2026-07-17,NSE,M&M,raw_l2/trade_date=2026-07-17/exchange=NSE/symbol=M&M/part-064006_134305-023925.parquet,real_data_sample\l2_unseen_validation\trade_date=2026-07-17\exchange=NSE\symbol=M&M\part-064006_134305-023925.parquet,35258,downloaded,35258,
2026-07-17,NSE,M&M,raw_l2/trade_date=2026-07-17/exchange=NSE/symbol=M&M/part-063938_312349-023861.parquet,real_data_sample\l2_unseen_validation\trade_date=2026-07-17\exchange=NSE\symbol=M&M\part-063938_312349-023861.parquet,35863,downloaded,35863,
2026-07-17,NSE,M&M,raw_l2/trade_date=2026-07-17/exchange=NSE/symbol=M&M/part-064034_333917-023989.parquet,real_data_sample\l2_unseen_validation\trade_date=2026-07-17\exchange=NSE\symbol=M&M\part-064034_333917-023989.parquet,34753,downloaded,34753,
2026-07-17,NSE,M&M,raw_l2/trade_date=2026-07-17/exchange=NSE/symbol=M&M/part-064048_436572-024021.parquet,real_data_sample\l2_unseen_validation\trade_date=2026-07-17\exchange=NSE\symbol=M&M\part-064048_436572-024021.parquet,34665,downloaded,34665,
2026-07-17,NSE,M&M,raw_l2/trade_date=2026-07-17/exchange=NSE/symbol=M&M/part-064102_373648-024053.parquet,real_data_sample\l2_unseen_validation\trade_date=2026-07-17\exchange=NSE\symbol=M&M\part-064102_373648-024053.parquet,34675,downloaded,34675,
2026-07-17,NSE,M&M,raw_l2/trade_date=2026-07-17/exchange=NSE/symbol=M&M/part-064116_242168-024085.parquet,real_data_sample\l2_unseen_validation\trade_date=2026-07-17\exchange=NSE\symbol=M&M\part-064116_242168-024085.parquet,34683,downloaded,34683,
2026-07-17,NSE,M&M,raw_l2/trade_date=2026-07-17/exchange=NSE/symbol=M&M/part-064130_028982-024117.parquet,real_data_sample\l2_unseen_validation\trade_date=2026-07-17\exchange=NSE\symbol=M&M\part-064130_028982-024117.parquet,34687,downloaded,34687,
2026-07-17,NSE,M&M,raw_l2/trade_date=2026-07-17/exchange=NSE/symbol=M&M/part-064020_235649-023957.parquet,real_data_sample\l2_unseen_validation\trade_date=2026-07-17\exchange=NSE\symbol=M&M\part-064020_235649-023957.parquet,34875,downloaded,34875,
2026-07-17,NSE,M&M,raw_l2/trade_date=2026-07-17/exchange=NSE/symbol=M&M/part-063208_145340-022837.parquet,real_data_sample\l2_unseen_validation\trade_date=2026-07-17\exchange=NSE\symbol=M&M\part-063208_145340-022837.parquet,36026,downloaded,36026,
2026-07-17,NSE,M&M,raw_l2/trade_date=2026-07-17/exchange=NSE/symbol=M&M/part-064144_267229-024149.parquet,real_data_sample\l2_unseen_validation\trade_date=2026-07-17\exchange=NSE\symbol=M&M\part-064144_267229-024149.parquet,34769,downloaded,34769,
2026-07-17,NSE,M&M,raw_l2/trade_date=2026-07-17/exchange=NSE/symbol=M&M/part-064239_463615-024277.parquet,real_data_sample\l2_unseen_validation\trade_date=2026-07-17\exchange=NSE\symbol=M&M\part-064239_463615-024277.parquet,35457,downloaded,35457,
2026-07-17,NSE,M&M,raw_l2/trade_date=2026-07-17/exchange=NSE/symbol=M&M/part-064211_806416-024213.parquet,real_data_sample\l2_unseen_validation\trade_date=2026-07-17\exchange=NSE\symbol=M&M\part-064211_806416-024213.parquet,34767,downloaded,34767,
2026-07-17,NSE,M&M,raw_l2/trade_date=2026-07-17/exchange=NSE/symbol=M&M/part-064457_773392-024597.parquet,real_data_sample\l2_unseen_validation\trade_date=2026-07-17\exchange=NSE\symbol=M&M\part-064457_773392-024597.parquet,35648,downloaded,35648,
2026-07-17,NSE,M&M,raw_l2/trade_date=2026-07-17/exchange=NSE/symbol=M&M/part-064539_773235-024693.parquet,real_data_sample\l2_unseen_validation\trade_date=2026-07-17\exchange=NSE\symbol=M&M\part-064539_773235-024693.parquet,35070,downloaded,35070,
2026-07-17,NSE,M&M,raw_l2/trade_date=2026-07-17/exchange=NSE/symbol=M&M/part-064525_860588-024661.parquet,real_data_sample\l2_unseen_validation\trade_date=2026-07-17\exchange=NSE\symbol=M&M\part-064525_860588-024661.parquet,35670,downloaded,35670,
2026-07-17,NSE,M&M,raw_l2/trade_date=2026-07-17/exchange=NSE/symbol=M&M/part-064157_972875-024181.parquet,real_data_sample\l2_unseen_validation\trade_date=2026-07-17\exchange=NSE\symbol=M&M\part-064157_972875-024181.parquet,34783,downloaded,34783,
2026-07-17,NSE,M&M,raw_l2/trade_date=2026-07-17/exchange=NSE/symbol=M&M/part-064306_983322-024341.parquet,real_data_sample\l2_unseen_validation\trade_date=2026-07-17\exchange=NSE\symbol=M&M\part-064306_983322-024341.parquet,35277,downloaded,35277,
2026-07-17,NSE,M&M,raw_l2/trade_date=2026-07-17/exchange=NSE/symbol=M&M/part-064416_382290-024501.parquet,real_data_sample\l2_unseen_validation\trade_date=2026-07-17\exchange=NSE\symbol=M&M\part-064416_382290-024501.parquet,34805,downloaded,34805,
2026-07-17,NSE,M&M,raw_l2/trade_date=2026-07-17/exchange=NSE/symbol=M&M/part-064320_791489-024373.parquet,real_data_sample\l2_unseen_validation\trade_date=2026-07-17\exchange=NSE\symbol=M&M\part-064320_791489-024373.parquet,34826,downloaded,34826,
2026-07-17,NSE,M&M,raw_l2/trade_date=2026-07-17/exchange=NSE/symbol=M&M/part-064253_293013-024309.parquet,real_data_sample\l2_unseen_validation\trade_date=2026-07-17\exchange=NSE\symbol=M&M\part-064253_293013-024309.parquet,35452,downloaded,35452,
2026-07-17,NSE,M&M,raw_l2/trade_date=2026-07-17/exchange=NSE/symbol=M&M/part-064225_826803-024245.parquet,real_data_sample\l2_unseen_validation\trade_date=2026-07-17\exchange=NSE\symbol=M&M\part-064225_826803-024245.parquet,35410,downloaded,35410,
2026-07-17,NSE,M&M,raw_l2/trade_date=2026-07-17/exchange=NSE/symbol=M&M/part-064402_255636-024469.parquet,real_data_sample\l2_unseen_validation\trade_date=2026-07-17\exchange=NSE\symbol=M&M\part-064402_255636-024469.parquet,34623,downloaded,34623,
2026-07-17,NSE,M&M,raw_l2/trade_date=2026-07-17/exchange=NSE/symbol=M&M/part-064716_785502-024917.parquet,real_data_sample\l2_unseen_validation\trade_date=2026-07-17\exchange=NSE\symbol=M&M\part-064716_785502-024917.parquet,35058,downloaded,35058,
2026-07-17,NSE,M&M,raw_l2/trade_date=2026-07-17/exchange=NSE/symbol=M&M/part-064744_515526-024981.parquet,real_data_sample\l2_unseen_validation\trade_date=2026-07-17\exchange=NSE\symbol=M&M\part-064744_515526-024981.parquet,34831,downloaded,34831,
2026-07-17,NSE,M&M,raw_l2/trade_date=2026-07-17/exchange=NSE/symbol=M&M/part-064348_515653-024437.parquet,real_data_sample\l2_unseen_validation\trade_date=2026-07-17\exchange=NSE\symbol=M&M\part-064348_515653-024437.parquet,34782,downloaded,34782,
2026-07-17,NSE,M&M,raw_l2/trade_date=2026-07-17/exchange=NSE/symbol=M&M/part-064730_529759-024949.parquet,real_data_sample\l2_unseen_validation\trade_date=2026-07-17\exchange=NSE\symbol=M&M\part-064730_529759-024949.parquet,34859,downloaded,34859,
2026-07-17,NSE,M&M,raw_l2/trade_date=2026-07-17/exchange=NSE/symbol=M&M/part-064334_740351-024405.parquet,real_data_sample\l2_unseen_validation\trade_date=2026-07-17\exchange=NSE\symbol=M&M\part-064334_740351-024405.parquet,34713,downloaded,34713,
2026-07-17,NSE,M&M,raw_l2/trade_date=2026-07-17/exchange=NSE/symbol=M&M/part-064430_312890-024533.parquet,real_data_sample\l2_unseen_validation\trade_date=2026-07-17\exchange=NSE\symbol=M&M\part-064430_312890-024533.parquet,36111,downloaded,36111,
2026-07-17,NSE,M&M,raw_l2/trade_date=2026-07-17/exchange=NSE/symbol=M&M/part-064621_017409-024789.parquet,real_data_sample\l2_unseen_validation\trade_date=2026-07-17\exchange=NSE\symbol=M&M\part-064621_017409-024789.parquet,35525,downloaded,35525,
2026-07-17,NSE,M&M,raw_l2/trade_date=2026-07-17/exchange=NSE/symbol=M&M/part-064634_836100-024821.parquet,real_data_sample\l2_unseen_validation\trade_date=2026-07-17\exchange=NSE\symbol=M&M\part-064634_836100-024821.parquet,35453,downloaded,35453,
2026-07-17,NSE,M&M,raw_l2/trade_date=2026-07-17/exchange=NSE/symbol=M&M/part-064443_968024-024565.parquet,real_data_sample\l2_unseen_validation\trade_date=2026-07-17\exchange=NSE\symbol=M&M\part-064443_968024-024565.parquet,35460,downloaded,35460,
2026-07-17,NSE,M&M,raw_l2/trade_date=2026-07-17/exchange=NSE/symbol=M&M/part-064702_787067-024885.parquet,real_data_sample\l2_unseen_validation\trade_date=2026-07-17\exchange=NSE\symbol=M&M\part-064702_787067-024885.parquet,35355,downloaded,35355,
2026-07-17,NSE,M&M,raw_l2/trade_date=2026-07-17/exchange=NSE/symbol=M&M/part-064511_864809-024629.parquet,real_data_sample\l2_unseen_validation\trade_date=2026-07-17\exchange=NSE\symbol=M&M\part-064511_864809-024629.parquet,35331,downloaded,35331,
2026-07-17,NSE,M&M,raw_l2/trade_date=2026-07-17/exchange=NSE/symbol=M&M/part-064758_244305-025013.parquet,real_data_sample\l2_unseen_validation\trade_date=2026-07-17\exchange=NSE\symbol=M&M\part-064758_244305-025013.parquet,34578,downloaded,34578,
2026-07-17,NSE,M&M,raw_l2/trade_date=2026-07-17/exchange=NSE/symbol=M&M/part-064812_261921-025045.parquet,real_data_sample\l2_unseen_validation\trade_date=2026-07-17\exchange=NSE\symbol=M&M\part-064812_261921-025045.parquet,34561,downloaded,34561,
2026-07-17,NSE,M&M,raw_l2/trade_date=2026-07-17/exchange=NSE/symbol=M&M/part-064607_179658-024757.parquet,real_data_sample\l2_unseen_validation\trade_date=2026-07-17\exchange=NSE\symbol=M&M\part-064607_179658-024757.parquet,35643,downloaded,35643,
2026-07-17,NSE,M&M,raw_l2/trade_date=2026-07-17/exchange=NSE/symbol=M&M/part-064648_821629-024853.parquet,real_data_sample\l2_unseen_validation\trade_date=2026-07-17\exchange=NSE\symbol=M&M\part-064648_821629-024853.parquet,35496,downloaded,35496,
2026-07-17,NSE,M&M,raw_l2/trade_date=2026-07-17/exchange=NSE/symbol=M&M/part-064553_463478-024725.parquet,real_data_sample\l2_unseen_validation\trade_date=2026-07-17\exchange=NSE\symbol=M&M\part-064553_463478-024725.parquet,35710,downloaded,35710,
2026-07-17,NSE,M&M,raw_l2/trade_date=2026-07-17/exchange=NSE/symbol=M&M/part-064853_739241-025141.parquet,real_data_sample\l2_unseen_validation\trade_date=2026-07-17\exchange=NSE\symbol=M&M\part-064853_739241-025141.parquet,34874,downloaded,34874,
2026-07-17,NSE,M&M,raw_l2/trade_date=2026-07-17/exchange=NSE/symbol=M&M/part-064826_149186-025077.parquet,real_data_sample\l2_unseen_validation\trade_date=2026-07-17\exchange=NSE\symbol=M&M\part-064826_149186-025077.parquet,34591,downloaded,34591,
2026-07-17,NSE,M&M,raw_l2/trade_date=2026-07-17/exchange=NSE/symbol=M&M/part-064907_608181-025173.parquet,real_data_sample\l2_unseen_validation\trade_date=2026-07-17\exchange=NSE\symbol=M&M\part-064907_608181-025173.parquet,34886,downloaded,34886,
2026-07-17,NSE,M&M,raw_l2/trade_date=2026-07-17/exchange=NSE/symbol=M&M/part-064921_522072-025205.parquet,real_data_sample\l2_unseen_validation\trade_date=2026-07-17\exchange=NSE\symbol=M&M\part-064921_522072-025205.parquet,35506,downloaded,35506,
2026-07-17,NSE,M&M,raw_l2/trade_date=2026-07-17/exchange=NSE/symbol=M&M/part-064935_325924-025237.parquet,real_data_sample\l2_unseen_validation\trade_date=2026-07-17\exchange=NSE\symbol=M&M\part-064935_325924-025237.parquet,35362,downloaded,35362,
2026-07-17,NSE,M&M,raw_l2/trade_date=2026-07-17/exchange=NSE/symbol=M&M/part-064949_322770-025269.parquet,real_data_sample\l2_unseen_validation\trade_date=2026-07-17\exchange=NSE\symbol=M&M\part-064949_322770-025269.parquet,35281,downloaded,35281,
2026-07-17,NSE,M&M,raw_l2/trade_date=2026-07-17/exchange=NSE/symbol=M&M/part-065003_409053-025301.parquet,real_data_sample\l2_unseen_validation\trade_date=2026-07-17\exchange=NSE\symbol=M&M\part-065003_409053-025301.parquet,35623,downloaded,35623,
2026-07-17,NSE,M&M,raw_l2/trade_date=2026-07-17/exchange=NSE/symbol=M&M/part-065113_319653-025461.parquet,real_data_sample\l2_unseen_validation\trade_date=2026-07-17\exchange=NSE\symbol=M&M\part-065113_319653-025461.parquet,35149,downloaded,35149,
2026-07-17,NSE,M&M,raw_l2/trade_date=2026-07-17/exchange=NSE/symbol=M&M/part-065127_351699-025493.parquet,real_data_sample\l2_unseen_validation\trade_date=2026-07-17\exchange=NSE\symbol=M&M\part-065127_351699-025493.parquet,34606,downloaded,34606,
2026-07-17,NSE,M&M,raw_l2/trade_date=2026-07-17/exchange=NSE/symbol=M&M/part-065223_646379-025621.parquet,real_data_sample\l2_unseen_validation\trade_date=2026-07-17\exchange=NSE\symbol=M&M\part-065223_646379-025621.parquet,34748,downloaded,34748,
2026-07-17,NSE,M&M,raw_l2/trade_date=2026-07-17/exchange=NSE/symbol=M&M/part-065209_529573-025589.parquet,real_data_sample\l2_unseen_validation\trade_date=2026-07-17\exchange=NSE\symbol=M&M\part-065209_529573-025589.parquet,34703,downloaded,34703,
2026-07-17,NSE,M&M,raw_l2/trade_date=2026-07-17/exchange=NSE/symbol=M&M/part-065141_333244-025525.parquet,real_data_sample\l2_unseen_validation\trade_date=2026-07-17\exchange=NSE\symbol=M&M\part-065141_333244-025525.parquet,34684,downloaded,34684,
2026-07-17,NSE,M&M,raw_l2/trade_date=2026-07-17/exchange=NSE/symbol=M&M/part-065155_391080-025557.parquet,real_data_sample\l2_unseen_validation\trade_date=2026-07-17\exchange=NSE\symbol=M&M\part-065155_391080-025557.parquet,34671,downloaded,34671,
2026-07-17,NSE,M&M,raw_l2/trade_date=2026-07-17/exchange=NSE/symbol=M&M/part-065429_881525-025909.parquet,real_data_sample\l2_unseen_validation\trade_date=2026-07-17\exchange=NSE\symbol=M&M\part-065429_881525-025909.parquet,34655,downloaded,34655,
2026-07-17,NSE,M&M,raw_l2/trade_date=2026-07-17/exchange=NSE/symbol=M&M/part-065017_255075-025333.parquet,real_data_sample\l2_unseen_validation\trade_date=2026-07-17\exchange=NSE\symbol=M&M\part-065017_255075-025333.parquet,35079,downloaded,35079,
2026-07-17,NSE,M&M,raw_l2/trade_date=2026-07-17/exchange=NSE/symbol=M&M/part-065030_992883-025365.parquet,real_data_sample\l2_unseen_validation\trade_date=2026-07-17\exchange=NSE\symbol=M&M\part-065030_992883-025365.parquet,35053,downloaded,35053,
2026-07-17,NSE,M&M,raw_l2/trade_date=2026-07-17/exchange=NSE/symbol=M&M/part-065305_995633-025717.parquet,real_data_sample\l2_unseen_validation\trade_date=2026-07-17\exchange=NSE\symbol=M&M\part-065305_995633-025717.parquet,34677,downloaded,34677,
2026-07-17,NSE,M&M,raw_l2/trade_date=2026-07-17/exchange=NSE/symbol=M&M/part-065045_238084-025397.parquet,real_data_sample\l2_unseen_validation\trade_date=2026-07-17\exchange=NSE\symbol=M&M\part-065045_238084-025397.parquet,35279,downloaded,35279,
2026-07-17,NSE,M&M,raw_l2/trade_date=2026-07-17/exchange=NSE/symbol=M&M/part-065059_269492-025429.parquet,real_data_sample\l2_unseen_validation\trade_date=2026-07-17\exchange=NSE\symbol=M&M\part-065059_269492-025429.parquet,35256,downloaded,35256,
2026-07-17,NSE,M&M,raw_l2/trade_date=2026-07-17/exchange=NSE/symbol=M&M/part-065237_689482-025653.parquet,real_data_sample\l2_unseen_validation\trade_date=2026-07-17\exchange=NSE\symbol=M&M\part-065237_689482-025653.parquet,34668,downloaded,34668,
2026-07-17,NSE,M&M,raw_l2/trade_date=2026-07-17/exchange=NSE/symbol=M&M/part-065251_948021-025685.parquet,real_data_sample\l2_unseen_validation\trade_date=2026-07-17\exchange=NSE\symbol=M&M\part-065251_948021-025685.parquet,34836,downloaded,34836,
2026-07-17,NSE,M&M,raw_l2/trade_date=2026-07-17/exchange=NSE/symbol=M&M/part-065415_825816-025877.parquet,real_data_sample\l2_unseen_validation\trade_date=2026-07-17\exchange=NSE\symbol=M&M\part-065415_825816-025877.parquet,34740,downloaded,34740,
2026-07-17,NSE,M&M,raw_l2/trade_date=2026-07-17/exchange=NSE/symbol=M&M/part-065540_463775-026069.parquet,real_data_sample\l2_unseen_validation\trade_date=2026-07-17\exchange=NSE\symbol=M&M\part-065540_463775-026069.parquet,35428,downloaded,35428,
2026-07-17,NSE,M&M,raw_l2/trade_date=2026-07-17/exchange=NSE/symbol=M&M/part-065554_379803-026101.parquet,real_data_sample\l2_unseen_validation\trade_date=2026-07-17\exchange=NSE\symbol=M&M\part-065554_379803-026101.parquet,35321,downloaded,35321,
2026-07-17,NSE,M&M,raw_l2/trade_date=2026-07-17/exchange=NSE/symbol=M&M/part-065512_143671-026005.parquet,real_data_sample\l2_unseen_validation\trade_date=2026-07-17\exchange=NSE\symbol=M&M\part-065512_143671-026005.parquet,34745,downloaded,34745,
2026-07-17,NSE,M&M,raw_l2/trade_date=2026-07-17/exchange=NSE/symbol=M&M/part-065526_179466-026037.parquet,real_data_sample\l2_unseen_validation\trade_date=2026-07-17\exchange=NSE\symbol=M&M\part-065526_179466-026037.parquet,35679,downloaded,35679,
2026-07-17,NSE,M&M,raw_l2/trade_date=2026-07-17/exchange=NSE/symbol=M&M/part-065443_882681-025941.parquet,real_data_sample\l2_unseen_validation\trade_date=2026-07-17\exchange=NSE\symbol=M&M\part-065443_882681-025941.parquet,34631,downloaded,34631,
2026-07-17,NSE,M&M,raw_l2/trade_date=2026-07-17/exchange=NSE/symbol=M&M/part-065458_074881-025973.parquet,real_data_sample\l2_unseen_validation\trade_date=2026-07-17\exchange=NSE\symbol=M&M\part-065458_074881-025973.parquet,34627,downloaded,34627,
2026-07-17,NSE,M&M,raw_l2/trade_date=2026-07-17/exchange=NSE/symbol=M&M/part-065333_810853-025781.parquet,real_data_sample\l2_unseen_validation\trade_date=2026-07-17\exchange=NSE\symbol=M&M\part-065333_810853-025781.parquet,34789,downloaded,34789,
2026-07-17,NSE,M&M,raw_l2/trade_date=2026-07-17/exchange=NSE/symbol=M&M/part-065401_801786-025845.parquet,real_data_sample\l2_unseen_validation\trade_date=2026-07-17\exchange=NSE\symbol=M&M\part-065401_801786-025845.parquet,34728,downloaded,34728,
2026-07-17,NSE,M&M,raw_l2/trade_date=2026-07-17/exchange=NSE/symbol=M&M/part-065347_625477-025813.parquet,real_data_sample\l2_unseen_validation\trade_date=2026-07-17\exchange=NSE\symbol=M&M\part-065347_625477-025813.parquet,34620,downloaded,34620,
2026-07-17,NSE,M&M,raw_l2/trade_date=2026-07-17/exchange=NSE/symbol=M&M/part-065319_955272-025749.parquet,real_data_sample\l2_unseen_validation\trade_date=2026-07-17\exchange=NSE\symbol=M&M\part-065319_955272-025749.parquet,34545,downloaded,34545,
2026-07-17,NSE,M&M,raw_l2/trade_date=2026-07-17/exchange=NSE/symbol=M&M/part-065608_392686-026133.parquet,real_data_sample\l2_unseen_validation\trade_date=2026-07-17\exchange=NSE\symbol=M&M\part-065608_392686-026133.parquet,35205,downloaded,35205,
2026-07-17,NSE,M&M,raw_l2/trade_date=2026-07-17/exchange=NSE/symbol=M&M/part-064839_983684-025109.parquet,real_data_sample\l2_unseen_validation\trade_date=2026-07-17\exchange=NSE\symbol=M&M\part-064839_983684-025109.parquet,34654,downloaded,34654,
2026-07-17,NSE,M&M,raw_l2/trade_date=2026-07-17/exchange=NSE/symbol=M&M/part-070222_603994-026965.parquet,real_data_sample\l2_unseen_validation\trade_date=2026-07-17\exchange=NSE\symbol=M&M\part-070222_603994-026965.parquet,34748,downloaded,34748,
2026-07-17,NSE,M&M,raw_l2/trade_date=2026-07-17/exchange=NSE/symbol=M&M/part-065622_464764-026165.parquet,real_data_sample\l2_unseen_validation\trade_date=2026-07-17\exchange=NSE\symbol=M&M\part-065622_464764-026165.parquet,35228,downloaded,35228,
2026-07-17,NSE,M&M,raw_l2/trade_date=2026-07-17/exchange=NSE/symbol=M&M/part-065732_521723-026325.parquet,real_data_sample\l2_unseen_validation\trade_date=2026-07-17\exchange=NSE\symbol=M&M\part-065732_521723-026325.parquet,34981,downloaded,34981,
2026-07-17,NSE,M&M,raw_l2/trade_date=2026-07-17/exchange=NSE/symbol=M&M/part-065718_360443-026293.parquet,real_data_sample\l2_unseen_validation\trade_date=2026-07-17\exchange=NSE\symbol=M&M\part-065718_360443-026293.parquet,35440,downloaded,35440,
2026-07-17,NSE,M&M,raw_l2/trade_date=2026-07-17/exchange=NSE/symbol=M&M/part-065636_402289-026197.parquet,real_data_sample\l2_unseen_validation\trade_date=2026-07-17\exchange=NSE\symbol=M&M\part-065636_402289-026197.parquet,35148,downloaded,35148,
2026-07-17,NSE,M&M,raw_l2/trade_date=2026-07-17/exchange=NSE/symbol=M&M/part-065912_216687-026549.parquet,real_data_sample\l2_unseen_validation\trade_date=2026-07-17\exchange=NSE\symbol=M&M\part-065912_216687-026549.parquet,35098,downloaded,35098,
2026-07-17,NSE,M&M,raw_l2/trade_date=2026-07-17/exchange=NSE/symbol=M&M/part-070237_452320-026997.parquet,real_data_sample\l2_unseen_validation\trade_date=2026-07-17\exchange=NSE\symbol=M&M\part-070237_452320-026997.parquet,34607,downloaded,34607,
2026-07-17,NSE,M&M,raw_l2/trade_date=2026-07-17/exchange=NSE/symbol=M&M/part-065650_410964-026229.parquet,real_data_sample\l2_unseen_validation\trade_date=2026-07-17\exchange=NSE\symbol=M&M\part-065650_410964-026229.parquet,35550,downloaded,35550,
2026-07-17,NSE,M&M,raw_l2/trade_date=2026-07-17/exchange=NSE/symbol=M&M/part-065858_023849-026517.parquet,real_data_sample\l2_unseen_validation\trade_date=2026-07-17\exchange=NSE\symbol=M&M\part-065858_023849-026517.parquet,35531,downloaded,35531,
2026-07-17,NSE,M&M,raw_l2/trade_date=2026-07-17/exchange=NSE/symbol=M&M/part-070025_346278-026709.parquet,real_data_sample\l2_unseen_validation\trade_date=2026-07-17\exchange=NSE\symbol=M&M\part-070025_346278-026709.parquet,34559,downloaded,34559,
2026-07-17,NSE,M&M,raw_l2/trade_date=2026-07-17/exchange=NSE/symbol=M&M/part-065814_996344-026421.parquet,real_data_sample\l2_unseen_validation\trade_date=2026-07-17\exchange=NSE\symbol=M&M\part-065814_996344-026421.parquet,35317,downloaded,35317,
2026-07-17,NSE,M&M,raw_l2/trade_date=2026-07-17/exchange=NSE/symbol=M&M/part-065704_341207-026261.parquet,real_data_sample\l2_unseen_validation\trade_date=2026-07-17\exchange=NSE\symbol=M&M\part-065704_341207-026261.parquet,35555,downloaded,35555,
2026-07-17,NSE,M&M,raw_l2/trade_date=2026-07-17/exchange=NSE/symbol=M&M/part-070054_283778-026773.parquet,real_data_sample\l2_unseen_validation\trade_date=2026-07-17\exchange=NSE\symbol=M&M\part-070054_283778-026773.parquet,34847,downloaded,34847,
2026-07-17,NSE,M&M,raw_l2/trade_date=2026-07-17/exchange=NSE/symbol=M&M/part-065829_393883-026453.parquet,real_data_sample\l2_unseen_validation\trade_date=2026-07-17\exchange=NSE\symbol=M&M\part-065829_393883-026453.parquet,35299,downloaded,35299,
2026-07-17,NSE,M&M,raw_l2/trade_date=2026-07-17/exchange=NSE/symbol=M&M/part-065941_463990-026613.parquet,real_data_sample\l2_unseen_validation\trade_date=2026-07-17\exchange=NSE\symbol=M&M\part-065941_463990-026613.parquet,34430,downloaded,34430,
2026-07-17,NSE,M&M,raw_l2/trade_date=2026-07-17/exchange=NSE/symbol=M&M/part-065800_740967-026389.parquet,real_data_sample\l2_unseen_validation\trade_date=2026-07-17\exchange=NSE\symbol=M&M\part-065800_740967-026389.parquet,35779,downloaded,35779,
2026-07-17,NSE,M&M,raw_l2/trade_date=2026-07-17/exchange=NSE/symbol=M&M/part-065956_103609-026645.parquet,real_data_sample\l2_unseen_validation\trade_date=2026-07-17\exchange=NSE\symbol=M&M\part-065956_103609-026645.parquet,34677,downloaded,34677,
2026-07-17,NSE,M&M,raw_l2/trade_date=2026-07-17/exchange=NSE/symbol=M&M/part-070109_197308-026805.parquet,real_data_sample\l2_unseen_validation\trade_date=2026-07-17\exchange=NSE\symbol=M&M\part-070109_197308-026805.parquet,34746,downloaded,34746,
2026-07-17,NSE,M&M,raw_l2/trade_date=2026-07-17/exchange=NSE/symbol=M&M/part-070010_824265-026677.parquet,real_data_sample\l2_unseen_validation\trade_date=2026-07-17\exchange=NSE\symbol=M&M\part-070010_824265-026677.parquet,34559,downloaded,34559,
2026-07-17,NSE,M&M,raw_l2/trade_date=2026-07-17/exchange=NSE/symbol=M&M/part-065926_816152-026581.parquet,real_data_sample\l2_unseen_validation\trade_date=2026-07-17\exchange=NSE\symbol=M&M\part-065926_816152-026581.parquet,34679,downloaded,34679,
2026-07-17,NSE,M&M,raw_l2/trade_date=2026-07-17/exchange=NSE/symbol=M&M/part-065843_778672-026485.parquet,real_data_sample\l2_unseen_validation\trade_date=2026-07-17\exchange=NSE\symbol=M&M\part-065843_778672-026485.parquet,35226,downloaded,35226,
2026-07-17,NSE,M&M,raw_l2/trade_date=2026-07-17/exchange=NSE/symbol=M&M/part-070039_662123-026741.parquet,real_data_sample\l2_unseen_validation\trade_date=2026-07-17\exchange=NSE\symbol=M&M\part-070039_662123-026741.parquet,34738,downloaded,34738,
2026-07-17,NSE,M&M,raw_l2/trade_date=2026-07-17/exchange=NSE/symbol=M&M/part-070123_809731-026837.parquet,real_data_sample\l2_unseen_validation\trade_date=2026-07-17\exchange=NSE\symbol=M&M\part-070123_809731-026837.parquet,34602,downloaded,34602,
2026-07-17,NSE,M&M,raw_l2/trade_date=2026-07-17/exchange=NSE/symbol=M&M/part-070252_194814-027029.parquet,real_data_sample\l2_unseen_validation\trade_date=2026-07-17\exchange=NSE\symbol=M&M\part-070252_194814-027029.parquet,34786,downloaded,34786,
2026-07-17,NSE,M&M,raw_l2/trade_date=2026-07-17/exchange=NSE/symbol=M&M/part-070307_056940-027061.parquet,real_data_sample\l2_unseen_validation\trade_date=2026-07-17\exchange=NSE\symbol=M&M\part-070307_056940-027061.parquet,35013,downloaded,35013,
2026-07-17,NSE,M&M,raw_l2/trade_date=2026-07-17/exchange=NSE/symbol=M&M/part-065746_516034-026357.parquet,real_data_sample\l2_unseen_validation\trade_date=2026-07-17\exchange=NSE\symbol=M&M\part-065746_516034-026357.parquet,35214,downloaded,35214,
2026-07-17,NSE,M&M,raw_l2/trade_date=2026-07-17/exchange=NSE/symbol=M&M/part-070153_508538-026901.parquet,real_data_sample\l2_unseen_validation\trade_date=2026-07-17\exchange=NSE\symbol=M&M\part-070153_508538-026901.parquet,34807,downloaded,34807,
2026-07-17,NSE,M&M,raw_l2/trade_date=2026-07-17/exchange=NSE/symbol=M&M/part-070207_805800-026933.parquet,real_data_sample\l2_unseen_validation\trade_date=2026-07-17\exchange=NSE\symbol=M&M\part-070207_805800-026933.parquet,34582,downloaded,34582,
2026-07-17,NSE,M&M,raw_l2/trade_date=2026-07-17/exchange=NSE/symbol=M&M/part-070138_392379-026869.parquet,real_data_sample\l2_unseen_validation\trade_date=2026-07-17\exchange=NSE\symbol=M&M\part-070138_392379-026869.parquet,34605,downloaded,34605,
2026-07-17,NSE,M&M,raw_l2/trade_date=2026-07-17/exchange=NSE/symbol=M&M/part-070321_795569-027093.parquet,real_data_sample\l2_unseen_validation\trade_date=2026-07-17\exchange=NSE\symbol=M&M\part-070321_795569-027093.parquet,35842,downloaded,35842,
2026-07-17,NSE,M&M,raw_l2/trade_date=2026-07-17/exchange=NSE/symbol=M&M/part-070531_207885-027381.parquet,real_data_sample\l2_unseen_validation\trade_date=2026-07-17\exchange=NSE\symbol=M&M\part-070531_207885-027381.parquet,35156,downloaded,35156,
2026-07-17,NSE,M&M,raw_l2/trade_date=2026-07-17/exchange=NSE/symbol=M&M/part-070739_963862-027669.parquet,real_data_sample\l2_unseen_validation\trade_date=2026-07-17\exchange=NSE\symbol=M&M\part-070739_963862-027669.parquet,34634,downloaded,34634,
2026-07-17,NSE,M&M,raw_l2/trade_date=2026-07-17/exchange=NSE/symbol=M&M/part-070350_383032-027157.parquet,real_data_sample\l2_unseen_validation\trade_date=2026-07-17\exchange=NSE\symbol=M&M\part-070350_383032-027157.parquet,35540,downloaded,35540,
2026-07-17,NSE,M&M,raw_l2/trade_date=2026-07-17/exchange=NSE/symbol=M&M/part-070754_135651-027701.parquet,real_data_sample\l2_unseen_validation\trade_date=2026-07-17\exchange=NSE\symbol=M&M\part-070754_135651-027701.parquet,34757,downloaded,34757,
2026-07-17,NSE,M&M,raw_l2/trade_date=2026-07-17/exchange=NSE/symbol=M&M/part-070545_618865-027413.parquet,real_data_sample\l2_unseen_validation\trade_date=2026-07-17\exchange=NSE\symbol=M&M\part-070545_618865-027413.parquet,35233,downloaded,35233,
2026-07-17,NSE,M&M,raw_l2/trade_date=2026-07-17/exchange=NSE/symbol=M&M/part-070559_870623-027445.parquet,real_data_sample\l2_unseen_validation\trade_date=2026-07-17\exchange=NSE\symbol=M&M\part-070559_870623-027445.parquet,34958,downloaded,34958,
2026-07-17,NSE,M&M,raw_l2/trade_date=2026-07-17/exchange=NSE/symbol=M&M/part-070836_773031-027797.parquet,real_data_sample\l2_unseen_validation\trade_date=2026-07-17\exchange=NSE\symbol=M&M\part-070836_773031-027797.parquet,34574,downloaded,34574,
2026-07-17,NSE,M&M,raw_l2/trade_date=2026-07-17/exchange=NSE/symbol=M&M/part-070419_086421-027221.parquet,real_data_sample\l2_unseen_validation\trade_date=2026-07-17\exchange=NSE\symbol=M&M\part-070419_086421-027221.parquet,35755,downloaded,35755,
2026-07-17,NSE,M&M,raw_l2/trade_date=2026-07-17/exchange=NSE/symbol=M&M/part-070725_794220-027637.parquet,real_data_sample\l2_unseen_validation\trade_date=2026-07-17\exchange=NSE\symbol=M&M\part-070725_794220-027637.parquet,34466,downloaded,34466,
2026-07-17,NSE,M&M,raw_l2/trade_date=2026-07-17/exchange=NSE/symbol=M&M/part-070404_871251-027189.parquet,real_data_sample\l2_unseen_validation\trade_date=2026-07-17\exchange=NSE\symbol=M&M\part-070404_871251-027189.parquet,35465,downloaded,35465,
2026-07-17,NSE,M&M,raw_l2/trade_date=2026-07-17/exchange=NSE/symbol=M&M/part-070614_233069-027477.parquet,real_data_sample\l2_unseen_validation\trade_date=2026-07-17\exchange=NSE\symbol=M&M\part-070614_233069-027477.parquet,35388,downloaded,35388,
2026-07-17,NSE,M&M,raw_l2/trade_date=2026-07-17/exchange=NSE/symbol=M&M/part-070447_457768-027285.parquet,real_data_sample\l2_unseen_validation\trade_date=2026-07-17\exchange=NSE\symbol=M&M\part-070447_457768-027285.parquet,34978,downloaded,34978,
2026-07-17,NSE,M&M,raw_l2/trade_date=2026-07-17/exchange=NSE/symbol=M&M/part-070502_185630-027317.parquet,real_data_sample\l2_unseen_validation\trade_date=2026-07-17\exchange=NSE\symbol=M&M\part-070502_185630-027317.parquet,35130,downloaded,35130,
2026-07-17,NSE,M&M,raw_l2/trade_date=2026-07-17/exchange=NSE/symbol=M&M/part-070948_992676-027957.parquet,real_data_sample\l2_unseen_validation\trade_date=2026-07-17\exchange=NSE\symbol=M&M\part-070948_992676-027957.parquet,35700,downloaded,35700,
2026-07-17,NSE,M&M,raw_l2/trade_date=2026-07-17/exchange=NSE/symbol=M&M/part-070628_640675-027509.parquet,real_data_sample\l2_unseen_validation\trade_date=2026-07-17\exchange=NSE\symbol=M&M\part-070628_640675-027509.parquet,34655,downloaded,34655,
2026-07-17,NSE,M&M,raw_l2/trade_date=2026-07-17/exchange=NSE/symbol=M&M/part-070433_210571-027253.parquet,real_data_sample\l2_unseen_validation\trade_date=2026-07-17\exchange=NSE\symbol=M&M\part-070433_210571-027253.parquet,35512,downloaded,35512,
2026-07-17,NSE,M&M,raw_l2/trade_date=2026-07-17/exchange=NSE/symbol=M&M/part-070919_701589-027893.parquet,real_data_sample\l2_unseen_validation\trade_date=2026-07-17\exchange=NSE\symbol=M&M\part-070919_701589-027893.parquet,35346,downloaded,35346,
2026-07-17,NSE,M&M,raw_l2/trade_date=2026-07-17/exchange=NSE/symbol=M&M/part-071003_241019-027989.parquet,real_data_sample\l2_unseen_validation\trade_date=2026-07-17\exchange=NSE\symbol=M&M\part-071003_241019-027989.parquet,35518,downloaded,35518,
2026-07-17,NSE,M&M,raw_l2/trade_date=2026-07-17/exchange=NSE/symbol=M&M/part-070643_037790-027541.parquet,real_data_sample\l2_unseen_validation\trade_date=2026-07-17\exchange=NSE\symbol=M&M\part-070643_037790-027541.parquet,34899,downloaded,34899,
2026-07-17,NSE,M&M,raw_l2/trade_date=2026-07-17/exchange=NSE/symbol=M&M/part-070822_291908-027765.parquet,real_data_sample\l2_unseen_validation\trade_date=2026-07-17\exchange=NSE\symbol=M&M\part-070822_291908-027765.parquet,34467,downloaded,34467,
2026-07-17,NSE,M&M,raw_l2/trade_date=2026-07-17/exchange=NSE/symbol=M&M/part-070711_547931-027605.parquet,real_data_sample\l2_unseen_validation\trade_date=2026-07-17\exchange=NSE\symbol=M&M\part-070711_547931-027605.parquet,34722,downloaded,34722,
2026-07-17,NSE,M&M,raw_l2/trade_date=2026-07-17/exchange=NSE/symbol=M&M/part-071031_519472-028053.parquet,real_data_sample\l2_unseen_validation\trade_date=2026-07-17\exchange=NSE\symbol=M&M\part-071031_519472-028053.parquet,35437,downloaded,35437,
2026-07-17,NSE,M&M,raw_l2/trade_date=2026-07-17/exchange=NSE/symbol=M&M/part-070516_642084-027349.parquet,real_data_sample\l2_unseen_validation\trade_date=2026-07-17\exchange=NSE\symbol=M&M\part-070516_642084-027349.parquet,35340,downloaded,35340,
2026-07-17,NSE,M&M,raw_l2/trade_date=2026-07-17/exchange=NSE/symbol=M&M/part-070657_241237-027573.parquet,real_data_sample\l2_unseen_validation\trade_date=2026-07-17\exchange=NSE\symbol=M&M\part-070657_241237-027573.parquet,34745,downloaded,34745,
2026-07-17,NSE,M&M,raw_l2/trade_date=2026-07-17/exchange=NSE/symbol=M&M/part-070851_017287-027829.parquet,real_data_sample\l2_unseen_validation\trade_date=2026-07-17\exchange=NSE\symbol=M&M\part-070851_017287-027829.parquet,34934,downloaded,34934,
2026-07-17,NSE,M&M,raw_l2/trade_date=2026-07-17/exchange=NSE/symbol=M&M/part-070934_453916-027925.parquet,real_data_sample\l2_unseen_validation\trade_date=2026-07-17\exchange=NSE\symbol=M&M\part-070934_453916-027925.parquet,35517,downloaded,35517,
2026-07-17,NSE,M&M,raw_l2/trade_date=2026-07-17/exchange=NSE/symbol=M&M/part-070905_541461-027861.parquet,real_data_sample\l2_unseen_validation\trade_date=2026-07-17\exchange=NSE\symbol=M&M\part-070905_541461-027861.parquet,34754,downloaded,34754,
2026-07-17,NSE,M&M,raw_l2/trade_date=2026-07-17/exchange=NSE/symbol=M&M/part-071017_454449-028021.parquet,real_data_sample\l2_unseen_validation\trade_date=2026-07-17\exchange=NSE\symbol=M&M\part-071017_454449-028021.parquet,35681,downloaded,35681,
2026-07-17,NSE,M&M,raw_l2/trade_date=2026-07-17/exchange=NSE/symbol=M&M/part-070808_172892-027733.parquet,real_data_sample\l2_unseen_validation\trade_date=2026-07-17\exchange=NSE\symbol=M&M\part-070808_172892-027733.parquet,34539,downloaded,34539,
2026-07-17,NSE,M&M,raw_l2/trade_date=2026-07-17/exchange=NSE/symbol=M&M/part-071045_884089-028085.parquet,real_data_sample\l2_unseen_validation\trade_date=2026-07-17\exchange=NSE\symbol=M&M\part-071045_884089-028085.parquet,35535,downloaded,35535,
2026-07-17,NSE,M&M,raw_l2/trade_date=2026-07-17/exchange=NSE/symbol=M&M/part-063525_801702-023285.parquet,real_data_sample\l2_unseen_validation\trade_date=2026-07-17\exchange=NSE\symbol=M&M\part-063525_801702-023285.parquet,35820,downloaded,35820,
2026-07-17,NSE,M&M,raw_l2/trade_date=2026-07-17/exchange=NSE/symbol=M&M/part-070336_098487-027125.parquet,real_data_sample\l2_unseen_validation\trade_date=2026-07-17\exchange=NSE\symbol=M&M\part-070336_098487-027125.parquet,35532,downloaded,35532,
2026-07-17,NSE,M&M,raw_l2/trade_date=2026-07-17/exchange=NSE/symbol=M&M/part-071100_457773-028117.parquet,real_data_sample\l2_unseen_validation\trade_date=2026-07-17\exchange=NSE\symbol=M&M\part-071100_457773-028117.parquet,35744,downloaded,35744,
2026-07-17,NSE,M&M,raw_l2/trade_date=2026-07-17/exchange=NSE/symbol=M&M/part-071158_650847-028245.parquet,real_data_sample\l2_unseen_validation\trade_date=2026-07-17\exchange=NSE\symbol=M&M\part-071158_650847-028245.parquet,35667,downloaded,35667,
2026-07-17,NSE,M&M,raw_l2/trade_date=2026-07-17/exchange=NSE/symbol=M&M/part-071114_992239-028149.parquet,real_data_sample\l2_unseen_validation\trade_date=2026-07-17\exchange=NSE\symbol=M&M\part-071114_992239-028149.parquet,36036,downloaded,36036,
2026-07-17,NSE,M&M,raw_l2/trade_date=2026-07-17/exchange=NSE/symbol=M&M/part-071129_564285-028181.parquet,real_data_sample\l2_unseen_validation\trade_date=2026-07-17\exchange=NSE\symbol=M&M\part-071129_564285-028181.parquet,35352,downloaded,35352,
2026-07-17,NSE,M&M,raw_l2/trade_date=2026-07-17/exchange=NSE/symbol=M&M/part-071227_563070-028309.parquet,real_data_sample\l2_unseen_validation\trade_date=2026-07-17\exchange=NSE\symbol=M&M\part-071227_563070-028309.parquet,35421,downloaded,35421,
2026-07-17,NSE,M&M,raw_l2/trade_date=2026-07-17/exchange=NSE/symbol=M&M/part-071213_040898-028277.parquet,real_data_sample\l2_unseen_validation\trade_date=2026-07-17\exchange=NSE\symbol=M&M\part-071213_040898-028277.parquet,35601,downloaded,35601,
2026-07-17,NSE,M&M,raw_l2/trade_date=2026-07-17/exchange=NSE/symbol=M&M/part-071144_240300-028213.parquet,real_data_sample\l2_unseen_validation\trade_date=2026-07-17\exchange=NSE\symbol=M&M\part-071144_240300-028213.parquet,36119,downloaded,36119,
2026-07-17,NSE,M&M,raw_l2/trade_date=2026-07-17/exchange=NSE/symbol=M&M/part-071617_019785-028821.parquet,real_data_sample\l2_unseen_validation\trade_date=2026-07-17\exchange=NSE\symbol=M&M\part-071617_019785-028821.parquet,34963,downloaded,34963,
2026-07-17,NSE,M&M,raw_l2/trade_date=2026-07-17/exchange=NSE/symbol=M&M/part-071339_123800-028469.parquet,real_data_sample\l2_unseen_validation\trade_date=2026-07-17\exchange=NSE\symbol=M&M\part-071339_123800-028469.parquet,34647,downloaded,34647,
2026-07-17,NSE,M&M,raw_l2/trade_date=2026-07-17/exchange=NSE/symbol=M&M/part-071256_273427-028373.parquet,real_data_sample\l2_unseen_validation\trade_date=2026-07-17\exchange=NSE\symbol=M&M\part-071256_273427-028373.parquet,35181,downloaded,35181,
2026-07-17,NSE,M&M,raw_l2/trade_date=2026-07-17/exchange=NSE/symbol=M&M/part-071548_329179-028757.parquet,real_data_sample\l2_unseen_validation\trade_date=2026-07-17\exchange=NSE\symbol=M&M\part-071548_329179-028757.parquet,34624,downloaded,34624,
2026-07-17,NSE,M&M,raw_l2/trade_date=2026-07-17/exchange=NSE/symbol=M&M/part-071659_695983-028917.parquet,real_data_sample\l2_unseen_validation\trade_date=2026-07-17\exchange=NSE\symbol=M&M\part-071659_695983-028917.parquet,35470,downloaded,35470,
2026-07-17,NSE,M&M,raw_l2/trade_date=2026-07-17/exchange=NSE/symbol=M&M/part-071242_065315-028341.parquet,real_data_sample\l2_unseen_validation\trade_date=2026-07-17\exchange=NSE\symbol=M&M\part-071242_065315-028341.parquet,35434,downloaded,35434,
2026-07-17,NSE,M&M,raw_l2/trade_date=2026-07-17/exchange=NSE/symbol=M&M/part-071353_533902-028501.parquet,real_data_sample\l2_unseen_validation\trade_date=2026-07-17\exchange=NSE\symbol=M&M\part-071353_533902-028501.parquet,34651,downloaded,34651,
2026-07-17,NSE,M&M,raw_l2/trade_date=2026-07-17/exchange=NSE/symbol=M&M/part-071631_246401-028853.parquet,real_data_sample\l2_unseen_validation\trade_date=2026-07-17\exchange=NSE\symbol=M&M\part-071631_246401-028853.parquet,35535,downloaded,35535,
2026-07-17,NSE,M&M,raw_l2/trade_date=2026-07-17/exchange=NSE/symbol=M&M/part-071310_621886-028405.parquet,real_data_sample\l2_unseen_validation\trade_date=2026-07-17\exchange=NSE\symbol=M&M\part-071310_621886-028405.parquet,35499,downloaded,35499,
2026-07-17,NSE,M&M,raw_l2/trade_date=2026-07-17/exchange=NSE/symbol=M&M/part-071324_851590-028437.parquet,real_data_sample\l2_unseen_validation\trade_date=2026-07-17\exchange=NSE\symbol=M&M\part-071324_851590-028437.parquet,34578,downloaded,34578,
2026-07-17,NSE,M&M,raw_l2/trade_date=2026-07-17/exchange=NSE/symbol=M&M/part-071533_917723-028725.parquet,real_data_sample\l2_unseen_validation\trade_date=2026-07-17\exchange=NSE\symbol=M&M\part-071533_917723-028725.parquet,34688,downloaded,34688,
2026-07-17,NSE,M&M,raw_l2/trade_date=2026-07-17/exchange=NSE/symbol=M&M/part-071407_830757-028533.parquet,real_data_sample\l2_unseen_validation\trade_date=2026-07-17\exchange=NSE\symbol=M&M\part-071407_830757-028533.parquet,34647,downloaded,34647,
2026-07-17,NSE,M&M,raw_l2/trade_date=2026-07-17/exchange=NSE/symbol=M&M/part-071602_730634-028789.parquet,real_data_sample\l2_unseen_validation\trade_date=2026-07-17\exchange=NSE\symbol=M&M\part-071602_730634-028789.parquet,34661,downloaded,34661,
2026-07-17,NSE,M&M,raw_l2/trade_date=2026-07-17/exchange=NSE/symbol=M&M/part-071422_026991-028565.parquet,real_data_sample\l2_unseen_validation\trade_date=2026-07-17\exchange=NSE\symbol=M&M\part-071422_026991-028565.parquet,34531,downloaded,34531,
2026-07-17,NSE,M&M,raw_l2/trade_date=2026-07-17/exchange=NSE/symbol=M&M/part-071727_946229-028981.parquet,real_data_sample\l2_unseen_validation\trade_date=2026-07-17\exchange=NSE\symbol=M&M\part-071727_946229-028981.parquet,35534,downloaded,35534,
2026-07-17,NSE,M&M,raw_l2/trade_date=2026-07-17/exchange=NSE/symbol=M&M/part-071645_532642-028885.parquet,real_data_sample\l2_unseen_validation\trade_date=2026-07-17\exchange=NSE\symbol=M&M\part-071645_532642-028885.parquet,35309,downloaded,35309,
2026-07-17,NSE,M&M,raw_l2/trade_date=2026-07-17/exchange=NSE/symbol=M&M/part-071436_235712-028597.parquet,real_data_sample\l2_unseen_validation\trade_date=2026-07-17\exchange=NSE\symbol=M&M\part-071436_235712-028597.parquet,34648,downloaded,34648,
2026-07-17,NSE,M&M,raw_l2/trade_date=2026-07-17/exchange=NSE/symbol=M&M/part-071713_832560-028949.parquet,real_data_sample\l2_unseen_validation\trade_date=2026-07-17\exchange=NSE\symbol=M&M\part-071713_832560-028949.parquet,35425,downloaded,35425,
2026-07-17,NSE,M&M,raw_l2/trade_date=2026-07-17/exchange=NSE/symbol=M&M/part-071519_618161-028693.parquet,real_data_sample\l2_unseen_validation\trade_date=2026-07-17\exchange=NSE\symbol=M&M\part-071519_618161-028693.parquet,34558,downloaded,34558,
2026-07-17,NSE,M&M,raw_l2/trade_date=2026-07-17/exchange=NSE/symbol=M&M/part-071505_225469-028661.parquet,real_data_sample\l2_unseen_validation\trade_date=2026-07-17\exchange=NSE\symbol=M&M\part-071505_225469-028661.parquet,34540,downloaded,34540,
2026-07-17,NSE,M&M,raw_l2/trade_date=2026-07-17/exchange=NSE/symbol=M&M/part-071450_730323-028629.parquet,real_data_sample\l2_unseen_validation\trade_date=2026-07-17\exchange=NSE\symbol=M&M\part-071450_730323-028629.parquet,34497,downloaded,34497,
2026-07-17,NSE,M&M,raw_l2/trade_date=2026-07-17/exchange=NSE/symbol=M&M/part-071756_514433-029045.parquet,real_data_sample\l2_unseen_validation\trade_date=2026-07-17\exchange=NSE\symbol=M&M\part-071756_514433-029045.parquet,35726,downloaded,35726,
2026-07-17,NSE,M&M,raw_l2/trade_date=2026-07-17/exchange=NSE/symbol=M&M/part-071742_235340-029013.parquet,real_data_sample\l2_unseen_validation\trade_date=2026-07-17\exchange=NSE\symbol=M&M\part-071742_235340-029013.parquet,35835,downloaded,35835,
2026-07-17,NSE,M&M,raw_l2/trade_date=2026-07-17/exchange=NSE/symbol=M&M/part-071810_976989-029077.parquet,real_data_sample\l2_unseen_validation\trade_date=2026-07-17\exchange=NSE\symbol=M&M\part-071810_976989-029077.parquet,35754,downloaded,35754,
2026-07-17,NSE,M&M,raw_l2/trade_date=2026-07-17/exchange=NSE/symbol=M&M/part-071938_060798-029269.parquet,real_data_sample\l2_unseen_validation\trade_date=2026-07-17\exchange=NSE\symbol=M&M\part-071938_060798-029269.parquet,35780,downloaded,35780,
2026-07-17,NSE,M&M,raw_l2/trade_date=2026-07-17/exchange=NSE/symbol=M&M/part-072006_519938-029333.parquet,real_data_sample\l2_unseen_validation\trade_date=2026-07-17\exchange=NSE\symbol=M&M\part-072006_519938-029333.parquet,35368,downloaded,35368,
2026-07-17,NSE,M&M,raw_l2/trade_date=2026-07-17/exchange=NSE/symbol=M&M/part-071909_428124-029205.parquet,real_data_sample\l2_unseen_validation\trade_date=2026-07-17\exchange=NSE\symbol=M&M\part-071909_428124-029205.parquet,35803,downloaded,35803,
2026-07-17,NSE,M&M,raw_l2/trade_date=2026-07-17/exchange=NSE/symbol=M&M/part-071952_200871-029301.parquet,real_data_sample\l2_unseen_validation\trade_date=2026-07-17\exchange=NSE\symbol=M&M\part-071952_200871-029301.parquet,35563,downloaded,35563,
2026-07-17,NSE,M&M,raw_l2/trade_date=2026-07-17/exchange=NSE/symbol=M&M/part-071923_719135-029237.parquet,real_data_sample\l2_unseen_validation\trade_date=2026-07-17\exchange=NSE\symbol=M&M\part-071923_719135-029237.parquet,35162,downloaded,35162,
2026-07-17,NSE,M&M,raw_l2/trade_date=2026-07-17/exchange=NSE/symbol=M&M/part-071854_892347-029173.parquet,real_data_sample\l2_unseen_validation\trade_date=2026-07-17\exchange=NSE\symbol=M&M\part-071854_892347-029173.parquet,35620,downloaded,35620,
2026-07-17,NSE,M&M,raw_l2/trade_date=2026-07-17/exchange=NSE/symbol=M&M/part-071839_896820-029141.parquet,real_data_sample\l2_unseen_validation\trade_date=2026-07-17\exchange=NSE\symbol=M&M\part-071839_896820-029141.parquet,35644,downloaded,35644,
2026-07-17,NSE,M&M,raw_l2/trade_date=2026-07-17/exchange=NSE/symbol=M&M/part-072020_785050-029365.parquet,real_data_sample\l2_unseen_validation\trade_date=2026-07-17\exchange=NSE\symbol=M&M\part-072020_785050-029365.parquet,35547,downloaded,35547,
2026-07-17,NSE,M&M,raw_l2/trade_date=2026-07-17/exchange=NSE/symbol=M&M/part-072035_046649-029397.parquet,real_data_sample\l2_unseen_validation\trade_date=2026-07-17\exchange=NSE\symbol=M&M\part-072035_046649-029397.parquet,35224,downloaded,35224,
2026-07-17,NSE,M&M,raw_l2/trade_date=2026-07-17/exchange=NSE/symbol=M&M/part-072103_546262-029461.parquet,real_data_sample\l2_unseen_validation\trade_date=2026-07-17\exchange=NSE\symbol=M&M\part-072103_546262-029461.parquet,35754,downloaded,35754,
2026-07-17,NSE,M&M,raw_l2/trade_date=2026-07-17/exchange=NSE/symbol=M&M/part-072049_310126-029429.parquet,real_data_sample\l2_unseen_validation\trade_date=2026-07-17\exchange=NSE\symbol=M&M\part-072049_310126-029429.parquet,35368,downloaded,35368,
2026-07-17,NSE,M&M,raw_l2/trade_date=2026-07-17/exchange=NSE/symbol=M&M/part-072520_495721-030037.parquet,real_data_sample\l2_unseen_validation\trade_date=2026-07-17\exchange=NSE\symbol=M&M\part-072520_495721-030037.parquet,35096,downloaded,35096,
2026-07-17,NSE,M&M,raw_l2/trade_date=2026-07-17/exchange=NSE/symbol=M&M/part-072117_677065-029493.parquet,real_data_sample\l2_unseen_validation\trade_date=2026-07-17\exchange=NSE\symbol=M&M\part-072117_677065-029493.parquet,35649,downloaded,35649,
2026-07-17,NSE,M&M,raw_l2/trade_date=2026-07-17/exchange=NSE/symbol=M&M/part-072214_994651-029621.parquet,real_data_sample\l2_unseen_validation\trade_date=2026-07-17\exchange=NSE\symbol=M&M\part-072214_994651-029621.parquet,36000,downloaded,36000,
2026-07-17,NSE,M&M,raw_l2/trade_date=2026-07-17/exchange=NSE/symbol=M&M/part-072131_896307-029525.parquet,real_data_sample\l2_unseen_validation\trade_date=2026-07-17\exchange=NSE\symbol=M&M\part-072131_896307-029525.parquet,35108,downloaded,35108,
2026-07-17,NSE,M&M,raw_l2/trade_date=2026-07-17/exchange=NSE/symbol=M&M/part-072409_020402-029877.parquet,real_data_sample\l2_unseen_validation\trade_date=2026-07-17\exchange=NSE\symbol=M&M\part-072409_020402-029877.parquet,35235,downloaded,35235,
2026-07-17,NSE,M&M,raw_l2/trade_date=2026-07-17/exchange=NSE/symbol=M&M/part-072145_877088-029557.parquet,real_data_sample\l2_unseen_validation\trade_date=2026-07-17\exchange=NSE\symbol=M&M\part-072145_877088-029557.parquet,35624,downloaded,35624,
2026-07-17,NSE,M&M,raw_l2/trade_date=2026-07-17/exchange=NSE/symbol=M&M/part-072437_588195-029941.parquet,real_data_sample\l2_unseen_validation\trade_date=2026-07-17\exchange=NSE\symbol=M&M\part-072437_588195-029941.parquet,35558,downloaded,35558,
2026-07-17,NSE,M&M,raw_l2/trade_date=2026-07-17/exchange=NSE/symbol=M&M/part-072257_540318-029717.parquet,real_data_sample\l2_unseen_validation\trade_date=2026-07-17\exchange=NSE\symbol=M&M\part-072257_540318-029717.parquet,35029,downloaded,35029,
2026-07-17,NSE,M&M,raw_l2/trade_date=2026-07-17/exchange=NSE/symbol=M&M/part-072452_035445-029973.parquet,real_data_sample\l2_unseen_validation\trade_date=2026-07-17\exchange=NSE\symbol=M&M\part-072452_035445-029973.parquet,35196,downloaded,35196,
2026-07-17,NSE,M&M,raw_l2/trade_date=2026-07-17/exchange=NSE/symbol=M&M/part-072506_353235-030005.parquet,real_data_sample\l2_unseen_validation\trade_date=2026-07-17\exchange=NSE\symbol=M&M\part-072506_353235-030005.parquet,35237,downloaded,35237,
2026-07-17,NSE,M&M,raw_l2/trade_date=2026-07-17/exchange=NSE/symbol=M&M/part-072229_017737-029653.parquet,real_data_sample\l2_unseen_validation\trade_date=2026-07-17\exchange=NSE\symbol=M&M\part-072229_017737-029653.parquet,35667,downloaded,35667,
2026-07-17,NSE,M&M,raw_l2/trade_date=2026-07-17/exchange=NSE/symbol=M&M/part-072326_184360-029781.parquet,real_data_sample\l2_unseen_validation\trade_date=2026-07-17\exchange=NSE\symbol=M&M\part-072326_184360-029781.parquet,35851,downloaded,35851,
2026-07-17,NSE,M&M,raw_l2/trade_date=2026-07-17/exchange=NSE/symbol=M&M/part-072200_514215-029589.parquet,real_data_sample\l2_unseen_validation\trade_date=2026-07-17\exchange=NSE\symbol=M&M\part-072200_514215-029589.parquet,35581,downloaded,35581,
2026-07-17,NSE,M&M,raw_l2/trade_date=2026-07-17/exchange=NSE/symbol=M&M/part-072311_870019-029749.parquet,real_data_sample\l2_unseen_validation\trade_date=2026-07-17\exchange=NSE\symbol=M&M\part-072311_870019-029749.parquet,35112,downloaded,35112,
2026-07-17,NSE,M&M,raw_l2/trade_date=2026-07-17/exchange=NSE/symbol=M&M/part-072534_771740-030069.parquet,real_data_sample\l2_unseen_validation\trade_date=2026-07-17\exchange=NSE\symbol=M&M\part-072534_771740-030069.parquet,34835,downloaded,34835,
2026-07-17,NSE,M&M,raw_l2/trade_date=2026-07-17/exchange=NSE/symbol=M&M/part-072340_555570-029813.parquet,real_data_sample\l2_unseen_validation\trade_date=2026-07-17\exchange=NSE\symbol=M&M\part-072340_555570-029813.parquet,35559,downloaded,35559,
2026-07-17,NSE,M&M,raw_l2/trade_date=2026-07-17/exchange=NSE/symbol=M&M/part-072423_207899-029909.parquet,real_data_sample\l2_unseen_validation\trade_date=2026-07-17\exchange=NSE\symbol=M&M\part-072423_207899-029909.parquet,35904,downloaded,35904,
2026-07-17,NSE,M&M,raw_l2/trade_date=2026-07-17/exchange=NSE/symbol=M&M/part-072354_819278-029845.parquet,real_data_sample\l2_unseen_validation\trade_date=2026-07-17\exchange=NSE\symbol=M&M\part-072354_819278-029845.parquet,35628,downloaded,35628,
2026-07-17,NSE,M&M,raw_l2/trade_date=2026-07-17/exchange=NSE/symbol=M&M/part-072549_026313-030101.parquet,real_data_sample\l2_unseen_validation\trade_date=2026-07-17\exchange=NSE\symbol=M&M\part-072549_026313-030101.parquet,34976,downloaded,34976,
2026-07-17,NSE,M&M,raw_l2/trade_date=2026-07-17/exchange=NSE/symbol=M&M/part-072243_350637-029685.parquet,real_data_sample\l2_unseen_validation\trade_date=2026-07-17\exchange=NSE\symbol=M&M\part-072243_350637-029685.parquet,35161,downloaded,35161,
2026-07-17,NSE,M&M,raw_l2/trade_date=2026-07-17/exchange=NSE/symbol=M&M/part-072631_623712-030197.parquet,real_data_sample\l2_unseen_validation\trade_date=2026-07-17\exchange=NSE\symbol=M&M\part-072631_623712-030197.parquet,35180,downloaded,35180,
2026-07-17,NSE,M&M,raw_l2/trade_date=2026-07-17/exchange=NSE/symbol=M&M/part-072645_946673-030229.parquet,real_data_sample\l2_unseen_validation\trade_date=2026-07-17\exchange=NSE\symbol=M&M\part-072645_946673-030229.parquet,35368,downloaded,35368,
2026-07-17,NSE,M&M,raw_l2/trade_date=2026-07-17/exchange=NSE/symbol=M&M/part-072700_130834-030261.parquet,real_data_sample\l2_unseen_validation\trade_date=2026-07-17\exchange=NSE\symbol=M&M\part-072700_130834-030261.parquet,35565,downloaded,35565,
2026-07-17,NSE,M&M,raw_l2/trade_date=2026-07-17/exchange=NSE/symbol=M&M/part-072602_960361-030133.parquet,real_data_sample\l2_unseen_validation\trade_date=2026-07-17\exchange=NSE\symbol=M&M\part-072602_960361-030133.parquet,34669,downloaded,34669,
2026-07-17,NSE,M&M,raw_l2/trade_date=2026-07-17/exchange=NSE/symbol=M&M/part-072729_054109-030325.parquet,real_data_sample\l2_unseen_validation\trade_date=2026-07-17\exchange=NSE\symbol=M&M\part-072729_054109-030325.parquet,35797,downloaded,35797,
2026-07-17,NSE,M&M,raw_l2/trade_date=2026-07-17/exchange=NSE/symbol=M&M/part-072714_608163-030293.parquet,real_data_sample\l2_unseen_validation\trade_date=2026-07-17\exchange=NSE\symbol=M&M\part-072714_608163-030293.parquet,35284,downloaded,35284,
2026-07-17,NSE,M&M,raw_l2/trade_date=2026-07-17/exchange=NSE/symbol=M&M/part-072617_180896-030165.parquet,real_data_sample\l2_unseen_validation\trade_date=2026-07-17\exchange=NSE\symbol=M&M\part-072617_180896-030165.parquet,34947,downloaded,34947,
2026-07-17,NSE,M&M,raw_l2/trade_date=2026-07-17/exchange=NSE/symbol=M&M/part-071825_272628-029109.parquet,real_data_sample\l2_unseen_validation\trade_date=2026-07-17\exchange=NSE\symbol=M&M\part-071825_272628-029109.parquet,35558,downloaded,35558,
2026-07-17,NSE,M&M,raw_l2/trade_date=2026-07-17/exchange=NSE/symbol=M&M/part-072743_422539-030357.parquet,real_data_sample\l2_unseen_validation\trade_date=2026-07-17\exchange=NSE\symbol=M&M\part-072743_422539-030357.parquet,35366,downloaded,35366,
2026-07-17,NSE,M&M,raw_l2/trade_date=2026-07-17/exchange=NSE/symbol=M&M/part-072757_949632-030389.parquet,real_data_sample\l2_unseen_validation\trade_date=2026-07-17\exchange=NSE\symbol=M&M\part-072757_949632-030389.parquet,35315,downloaded,35315,
2026-07-17,NSE,M&M,raw_l2/trade_date=2026-07-17/exchange=NSE/symbol=M&M/part-072812_500113-030421.parquet,real_data_sample\l2_unseen_validation\trade_date=2026-07-17\exchange=NSE\symbol=M&M\part-072812_500113-030421.parquet,35233,downloaded,35233,
2026-07-17,NSE,M&M,raw_l2/trade_date=2026-07-17/exchange=NSE/symbol=M&M/part-072842_559996-030485.parquet,real_data_sample\l2_unseen_validation\trade_date=2026-07-17\exchange=NSE\symbol=M&M\part-072842_559996-030485.parquet,34659,downloaded,34659,
2026-07-17,NSE,M&M,raw_l2/trade_date=2026-07-17/exchange=NSE/symbol=M&M/part-072941_212932-030613.parquet,real_data_sample\l2_unseen_validation\trade_date=2026-07-17\exchange=NSE\symbol=M&M\part-072941_212932-030613.parquet,35186,downloaded,35186,
2026-07-17,NSE,M&M,raw_l2/trade_date=2026-07-17/exchange=NSE/symbol=M&M/part-072955_657334-030645.parquet,real_data_sample\l2_unseen_validation\trade_date=2026-07-17\exchange=NSE\symbol=M&M\part-072955_657334-030645.parquet,35207,downloaded,35207,
2026-07-17,NSE,M&M,raw_l2/trade_date=2026-07-17/exchange=NSE/symbol=M&M/part-073009_897578-030677.parquet,real_data_sample\l2_unseen_validation\trade_date=2026-07-17\exchange=NSE\symbol=M&M\part-073009_897578-030677.parquet,34996,downloaded,34996,
2026-07-17,NSE,M&M,raw_l2/trade_date=2026-07-17/exchange=NSE/symbol=M&M/part-073301_304718-031061.parquet,real_data_sample\l2_unseen_validation\trade_date=2026-07-17\exchange=NSE\symbol=M&M\part-073301_304718-031061.parquet,34582,downloaded,34582,
2026-07-17,NSE,M&M,raw_l2/trade_date=2026-07-17/exchange=NSE/symbol=M&M/part-072911_836844-030549.parquet,real_data_sample\l2_unseen_validation\trade_date=2026-07-17\exchange=NSE\symbol=M&M\part-072911_836844-030549.parquet,34527,downloaded,34527,
2026-07-17,NSE,M&M,raw_l2/trade_date=2026-07-17/exchange=NSE/symbol=M&M/part-073204_510906-030933.parquet,real_data_sample\l2_unseen_validation\trade_date=2026-07-17\exchange=NSE\symbol=M&M\part-073204_510906-030933.parquet,34490,downloaded,34490,
2026-07-17,NSE,M&M,raw_l2/trade_date=2026-07-17/exchange=NSE/symbol=M&M/part-073121_736177-030837.parquet,real_data_sample\l2_unseen_validation\trade_date=2026-07-17\exchange=NSE\symbol=M&M\part-073121_736177-030837.parquet,34813,downloaded,34813,
2026-07-17,NSE,M&M,raw_l2/trade_date=2026-07-17/exchange=NSE/symbol=M&M/part-073150_271153-030901.parquet,real_data_sample\l2_unseen_validation\trade_date=2026-07-17\exchange=NSE\symbol=M&M\part-073150_271153-030901.parquet,34660,downloaded,34660,
2026-07-17,NSE,M&M,raw_l2/trade_date=2026-07-17/exchange=NSE/symbol=M&M/part-073107_429119-030805.parquet,real_data_sample\l2_unseen_validation\trade_date=2026-07-17\exchange=NSE\symbol=M&M\part-073107_429119-030805.parquet,34381,downloaded,34381,
2026-07-17,NSE,M&M,raw_l2/trade_date=2026-07-17/exchange=NSE/symbol=M&M/part-073038_496596-030741.parquet,real_data_sample\l2_unseen_validation\trade_date=2026-07-17\exchange=NSE\symbol=M&M\part-073038_496596-030741.parquet,34574,downloaded,34574,
2026-07-17,NSE,M&M,raw_l2/trade_date=2026-07-17/exchange=NSE/symbol=M&M/part-073135_814119-030869.parquet,real_data_sample\l2_unseen_validation\trade_date=2026-07-17\exchange=NSE\symbol=M&M\part-073135_814119-030869.parquet,34604,downloaded,34604,
2026-07-17,NSE,M&M,raw_l2/trade_date=2026-07-17/exchange=NSE/symbol=M&M/part-073052_856123-030773.parquet,real_data_sample\l2_unseen_validation\trade_date=2026-07-17\exchange=NSE\symbol=M&M\part-073052_856123-030773.parquet,34525,downloaded,34525,
2026-07-17,NSE,M&M,raw_l2/trade_date=2026-07-17/exchange=NSE/symbol=M&M/part-072926_633206-030581.parquet,real_data_sample\l2_unseen_validation\trade_date=2026-07-17\exchange=NSE\symbol=M&M\part-072926_633206-030581.parquet,35027,downloaded,35027,
2026-07-17,NSE,M&M,raw_l2/trade_date=2026-07-17/exchange=NSE/symbol=M&M/part-073024_195994-030709.parquet,real_data_sample\l2_unseen_validation\trade_date=2026-07-17\exchange=NSE\symbol=M&M\part-073024_195994-030709.parquet,34530,downloaded,34530,
2026-07-17,NSE,M&M,raw_l2/trade_date=2026-07-17/exchange=NSE/symbol=M&M/part-072826_773154-030453.parquet,real_data_sample\l2_unseen_validation\trade_date=2026-07-17\exchange=NSE\symbol=M&M\part-072826_773154-030453.parquet,34616,downloaded,34616,
2026-07-17,NSE,M&M,raw_l2/trade_date=2026-07-17/exchange=NSE/symbol=M&M/part-072857_148766-030517.parquet,real_data_sample\l2_unseen_validation\trade_date=2026-07-17\exchange=NSE\symbol=M&M\part-072857_148766-030517.parquet,34682,downloaded,34682,
2026-07-17,NSE,M&M,raw_l2/trade_date=2026-07-17/exchange=NSE/symbol=M&M/part-073218_644103-030965.parquet,real_data_sample\l2_unseen_validation\trade_date=2026-07-17\exchange=NSE\symbol=M&M\part-073218_644103-030965.parquet,34764,downloaded,34764,
2026-07-17,NSE,M&M,raw_l2/trade_date=2026-07-17/exchange=NSE/symbol=M&M/part-073232_844402-030997.parquet,real_data_sample\l2_unseen_validation\trade_date=2026-07-17\exchange=NSE\symbol=M&M\part-073232_844402-030997.parquet,34588,downloaded,34588,
2026-07-17,NSE,M&M,raw_l2/trade_date=2026-07-17/exchange=NSE/symbol=M&M/part-073247_032357-031029.parquet,real_data_sample\l2_unseen_validation\trade_date=2026-07-17\exchange=NSE\symbol=M&M\part-073247_032357-031029.parquet,34908,downloaded,34908,
2026-07-17,NSE,M&M,raw_l2/trade_date=2026-07-17/exchange=NSE/symbol=M&M/part-073315_521189-031093.parquet,real_data_sample\l2_unseen_validation\trade_date=2026-07-17\exchange=NSE\symbol=M&M\part-073315_521189-031093.parquet,34971,downloaded,34971,
2026-07-17,NSE,M&M,raw_l2/trade_date=2026-07-17/exchange=NSE/symbol=M&M/part-073523_744134-031381.parquet,real_data_sample\l2_unseen_validation\trade_date=2026-07-17\exchange=NSE\symbol=M&M\part-073523_744134-031381.parquet,35600,downloaded,35600,
2026-07-17,NSE,M&M,raw_l2/trade_date=2026-07-17/exchange=NSE/symbol=M&M/part-073329_848447-031125.parquet,real_data_sample\l2_unseen_validation\trade_date=2026-07-17\exchange=NSE\symbol=M&M\part-073329_848447-031125.parquet,34745,downloaded,34745,
2026-07-17,NSE,M&M,raw_l2/trade_date=2026-07-17/exchange=NSE/symbol=M&M/part-073455_423035-031317.parquet,real_data_sample\l2_unseen_validation\trade_date=2026-07-17\exchange=NSE\symbol=M&M\part-073455_423035-031317.parquet,35648,downloaded,35648,
2026-07-17,NSE,M&M,raw_l2/trade_date=2026-07-17/exchange=NSE/symbol=M&M/part-073358_292536-031189.parquet,real_data_sample\l2_unseen_validation\trade_date=2026-07-17\exchange=NSE\symbol=M&M\part-073358_292536-031189.parquet,34967,downloaded,34967,
2026-07-17,NSE,M&M,raw_l2/trade_date=2026-07-17/exchange=NSE/symbol=M&M/part-073344_178708-031157.parquet,real_data_sample\l2_unseen_validation\trade_date=2026-07-17\exchange=NSE\symbol=M&M\part-073344_178708-031157.parquet,35053,downloaded,35053,
2026-07-17,NSE,M&M,raw_l2/trade_date=2026-07-17/exchange=NSE/symbol=M&M/part-073426_766351-031253.parquet,real_data_sample\l2_unseen_validation\trade_date=2026-07-17\exchange=NSE\symbol=M&M\part-073426_766351-031253.parquet,35594,downloaded,35594,
2026-07-17,NSE,M&M,raw_l2/trade_date=2026-07-17/exchange=NSE/symbol=M&M/part-073441_156392-031285.parquet,real_data_sample\l2_unseen_validation\trade_date=2026-07-17\exchange=NSE\symbol=M&M\part-073441_156392-031285.parquet,35164,downloaded,35164,
2026-07-17,NSE,M&M,raw_l2/trade_date=2026-07-17/exchange=NSE/symbol=M&M/part-073412_539705-031221.parquet,real_data_sample\l2_unseen_validation\trade_date=2026-07-17\exchange=NSE\symbol=M&M\part-073412_539705-031221.parquet,34912,downloaded,34912,
2026-07-17,NSE,M&M,raw_l2/trade_date=2026-07-17/exchange=NSE/symbol=M&M/part-073538_070043-031413.parquet,real_data_sample\l2_unseen_validation\trade_date=2026-07-17\exchange=NSE\symbol=M&M\part-073538_070043-031413.parquet,35241,downloaded,35241,
2026-07-17,NSE,M&M,raw_l2/trade_date=2026-07-17/exchange=NSE/symbol=M&M/part-073552_176658-031445.parquet,real_data_sample\l2_unseen_validation\trade_date=2026-07-17\exchange=NSE\symbol=M&M\part-073552_176658-031445.parquet,35894,downloaded,35894,
2026-07-17,NSE,M&M,raw_l2/trade_date=2026-07-17/exchange=NSE/symbol=M&M/part-073606_389010-031477.parquet,real_data_sample\l2_unseen_validation\trade_date=2026-07-17\exchange=NSE\symbol=M&M\part-073606_389010-031477.parquet,35350,downloaded,35350,
2026-07-17,NSE,M&M,raw_l2/trade_date=2026-07-17/exchange=NSE/symbol=M&M/part-073620_644825-031509.parquet,real_data_sample\l2_unseen_validation\trade_date=2026-07-17\exchange=NSE\symbol=M&M\part-073620_644825-031509.parquet,35507,downloaded,35507,
2026-07-17,NSE,M&M,raw_l2/trade_date=2026-07-17/exchange=NSE/symbol=M&M/part-073649_263951-031573.parquet,real_data_sample\l2_unseen_validation\trade_date=2026-07-17\exchange=NSE\symbol=M&M\part-073649_263951-031573.parquet,35339,downloaded,35339,
2026-07-17,NSE,M&M,raw_l2/trade_date=2026-07-17/exchange=NSE/symbol=M&M/part-073635_020572-031541.parquet,real_data_sample\l2_unseen_validation\trade_date=2026-07-17\exchange=NSE\symbol=M&M\part-073635_020572-031541.parquet,35486,downloaded,35486,
2026-07-17,NSE,M&M,raw_l2/trade_date=2026-07-17/exchange=NSE/symbol=M&M/part-073703_438616-031605.parquet,real_data_sample\l2_unseen_validation\trade_date=2026-07-17\exchange=NSE\symbol=M&M\part-073703_438616-031605.parquet,35258,downloaded,35258,
2026-07-17,NSE,M&M,raw_l2/trade_date=2026-07-17/exchange=NSE/symbol=M&M/part-073509_586787-031349.parquet,real_data_sample\l2_unseen_validation\trade_date=2026-07-17\exchange=NSE\symbol=M&M\part-073509_586787-031349.parquet,35726,downloaded,35726,
2026-07-17,NSE,M&M,raw_l2/trade_date=2026-07-17/exchange=NSE/symbol=M&M/part-074117_370655-032181.parquet,real_data_sample\l2_unseen_validation\trade_date=2026-07-17\exchange=NSE\symbol=M&M\part-074117_370655-032181.parquet,34753,downloaded,34753,
2026-07-17,NSE,M&M,raw_l2/trade_date=2026-07-17/exchange=NSE/symbol=M&M/part-074255_694199-032405.parquet,real_data_sample\l2_unseen_validation\trade_date=2026-07-17\exchange=NSE\symbol=M&M\part-074255_694199-032405.parquet,35429,downloaded,35429,
2026-07-17,NSE,M&M,raw_l2/trade_date=2026-07-17/exchange=NSE/symbol=M&M/part-073827_801743-031797.parquet,real_data_sample\l2_unseen_validation\trade_date=2026-07-17\exchange=NSE\symbol=M&M\part-073827_801743-031797.parquet,34883,downloaded,34883,
2026-07-17,NSE,M&M,raw_l2/trade_date=2026-07-17/exchange=NSE/symbol=M&M/part-074103_237700-032149.parquet,real_data_sample\l2_unseen_validation\trade_date=2026-07-17\exchange=NSE\symbol=M&M\part-074103_237700-032149.parquet,34799,downloaded,34799,
2026-07-17,NSE,M&M,raw_l2/trade_date=2026-07-17/exchange=NSE/symbol=M&M/part-074145_609657-032245.parquet,real_data_sample\l2_unseen_validation\trade_date=2026-07-17\exchange=NSE\symbol=M&M\part-074145_609657-032245.parquet,34784,downloaded,34784,
2026-07-17,NSE,M&M,raw_l2/trade_date=2026-07-17/exchange=NSE/symbol=M&M/part-073717_440468-031637.parquet,real_data_sample\l2_unseen_validation\trade_date=2026-07-17\exchange=NSE\symbol=M&M\part-073717_440468-031637.parquet,34993,downloaded,34993,
2026-07-17,NSE,M&M,raw_l2/trade_date=2026-07-17/exchange=NSE/symbol=M&M/part-073841_809004-031829.parquet,real_data_sample\l2_unseen_validation\trade_date=2026-07-17\exchange=NSE\symbol=M&M\part-073841_809004-031829.parquet,34935,downloaded,34935,
2026-07-17,NSE,M&M,raw_l2/trade_date=2026-07-17/exchange=NSE/symbol=M&M/part-073745_375820-031701.parquet,real_data_sample\l2_unseen_validation\trade_date=2026-07-17\exchange=NSE\symbol=M&M\part-073745_375820-031701.parquet,34492,downloaded,34492,
2026-07-17,NSE,M&M,raw_l2/trade_date=2026-07-17/exchange=NSE/symbol=M&M/part-073924_395735-031925.parquet,real_data_sample\l2_unseen_validation\trade_date=2026-07-17\exchange=NSE\symbol=M&M\part-073924_395735-031925.parquet,35388,downloaded,35388,
2026-07-17,NSE,M&M,raw_l2/trade_date=2026-07-17/exchange=NSE/symbol=M&M/part-074309_587307-032437.parquet,real_data_sample\l2_unseen_validation\trade_date=2026-07-17\exchange=NSE\symbol=M&M\part-074309_587307-032437.parquet,35360,downloaded,35360,
2026-07-17,NSE,M&M,raw_l2/trade_date=2026-07-17/exchange=NSE/symbol=M&M/part-074131_436449-032213.parquet,real_data_sample\l2_unseen_validation\trade_date=2026-07-17\exchange=NSE\symbol=M&M\part-074131_436449-032213.parquet,34666,downloaded,34666,
2026-07-17,NSE,M&M,raw_l2/trade_date=2026-07-17/exchange=NSE/symbol=M&M/part-073731_460644-031669.parquet,real_data_sample\l2_unseen_validation\trade_date=2026-07-17\exchange=NSE\symbol=M&M\part-073731_460644-031669.parquet,34662,downloaded,34662,
2026-07-17,NSE,M&M,raw_l2/trade_date=2026-07-17/exchange=NSE/symbol=M&M/part-073938_449269-031957.parquet,real_data_sample\l2_unseen_validation\trade_date=2026-07-17\exchange=NSE\symbol=M&M\part-073938_449269-031957.parquet,35394,downloaded,35394,
2026-07-17,NSE,M&M,raw_l2/trade_date=2026-07-17/exchange=NSE/symbol=M&M/part-074227_544916-032341.parquet,real_data_sample\l2_unseen_validation\trade_date=2026-07-17\exchange=NSE\symbol=M&M\part-074227_544916-032341.parquet,35177,downloaded,35177,
2026-07-17,NSE,M&M,raw_l2/trade_date=2026-07-17/exchange=NSE/symbol=M&M/part-074213_662688-032309.parquet,real_data_sample\l2_unseen_validation\trade_date=2026-07-17\exchange=NSE\symbol=M&M\part-074213_662688-032309.parquet,34832,downloaded,34832,
2026-07-17,NSE,M&M,raw_l2/trade_date=2026-07-17/exchange=NSE/symbol=M&M/part-073813_607540-031765.parquet,real_data_sample\l2_unseen_validation\trade_date=2026-07-17\exchange=NSE\symbol=M&M\part-073813_607540-031765.parquet,34909,downloaded,34909,
2026-07-17,NSE,M&M,raw_l2/trade_date=2026-07-17/exchange=NSE/symbol=M&M/part-074159_650610-032277.parquet,real_data_sample\l2_unseen_validation\trade_date=2026-07-17\exchange=NSE\symbol=M&M\part-074159_650610-032277.parquet,34459,downloaded,34459,
2026-07-17,NSE,M&M,raw_l2/trade_date=2026-07-17/exchange=NSE/symbol=M&M/part-074006_719959-032021.parquet,real_data_sample\l2_unseen_validation\trade_date=2026-07-17\exchange=NSE\symbol=M&M\part-074006_719959-032021.parquet,35689,downloaded,35689,
2026-07-17,NSE,M&M,raw_l2/trade_date=2026-07-17/exchange=NSE/symbol=M&M/part-074049_186548-032117.parquet,real_data_sample\l2_unseen_validation\trade_date=2026-07-17\exchange=NSE\symbol=M&M\part-074049_186548-032117.parquet,34805,downloaded,34805,
2026-07-17,NSE,M&M,raw_l2/trade_date=2026-07-17/exchange=NSE/symbol=M&M/part-073856_051181-031861.parquet,real_data_sample\l2_unseen_validation\trade_date=2026-07-17\exchange=NSE\symbol=M&M\part-073856_051181-031861.parquet,34718,downloaded,34718,
2026-07-17,NSE,M&M,raw_l2/trade_date=2026-07-17/exchange=NSE/symbol=M&M/part-074034_930881-032085.parquet,real_data_sample\l2_unseen_validation\trade_date=2026-07-17\exchange=NSE\symbol=M&M\part-074034_930881-032085.parquet,34625,downloaded,34625,
2026-07-17,NSE,M&M,raw_l2/trade_date=2026-07-17/exchange=NSE/symbol=M&M/part-073759_466157-031733.parquet,real_data_sample\l2_unseen_validation\trade_date=2026-07-17\exchange=NSE\symbol=M&M\part-073759_466157-031733.parquet,34899,downloaded,34899,
2026-07-17,NSE,M&M,raw_l2/trade_date=2026-07-17/exchange=NSE/symbol=M&M/part-073910_461889-031893.parquet,real_data_sample\l2_unseen_validation\trade_date=2026-07-17\exchange=NSE\symbol=M&M\part-073910_461889-031893.parquet,34675,downloaded,34675,
2026-07-17,NSE,M&M,raw_l2/trade_date=2026-07-17/exchange=NSE/symbol=M&M/part-074241_601648-032373.parquet,real_data_sample\l2_unseen_validation\trade_date=2026-07-17\exchange=NSE\symbol=M&M\part-074241_601648-032373.parquet,34990,downloaded,34990,
2026-07-17,NSE,M&M,raw_l2/trade_date=2026-07-17/exchange=NSE/symbol=M&M/part-073952_468854-031989.parquet,real_data_sample\l2_unseen_validation\trade_date=2026-07-17\exchange=NSE\symbol=M&M\part-073952_468854-031989.parquet,35558,downloaded,35558,
2026-07-17,NSE,M&M,raw_l2/trade_date=2026-07-17/exchange=NSE/symbol=M&M/part-074020_937148-032053.parquet,real_data_sample\l2_unseen_validation\trade_date=2026-07-17\exchange=NSE\symbol=M&M\part-074020_937148-032053.parquet,34707,downloaded,34707,
2026-07-17,NSE,M&M,raw_l2/trade_date=2026-07-17/exchange=NSE/symbol=M&M/part-074323_614637-032469.parquet,real_data_sample\l2_unseen_validation\trade_date=2026-07-17\exchange=NSE\symbol=M&M\part-074323_614637-032469.parquet,34835,downloaded,34835,
2026-07-17,NSE,M&M,raw_l2/trade_date=2026-07-17/exchange=NSE/symbol=M&M/part-074337_753094-032501.parquet,real_data_sample\l2_unseen_validation\trade_date=2026-07-17\exchange=NSE\symbol=M&M\part-074337_753094-032501.parquet,34798,downloaded,34798,
2026-07-17,NSE,M&M,raw_l2/trade_date=2026-07-17/exchange=NSE/symbol=M&M/part-074352_266392-032533.parquet,real_data_sample\l2_unseen_validation\trade_date=2026-07-17\exchange=NSE\symbol=M&M\part-074352_266392-032533.parquet,34716,downloaded,34716,
2026-07-17,NSE,M&M,raw_l2/trade_date=2026-07-17/exchange=NSE/symbol=M&M/part-074420_649123-032597.parquet,real_data_sample\l2_unseen_validation\trade_date=2026-07-17\exchange=NSE\symbol=M&M\part-074420_649123-032597.parquet,34874,downloaded,34874,
2026-07-17,NSE,M&M,raw_l2/trade_date=2026-07-17/exchange=NSE/symbol=M&M/part-074406_674507-032565.parquet,real_data_sample\l2_unseen_validation\trade_date=2026-07-17\exchange=NSE\symbol=M&M\part-074406_674507-032565.parquet,34597,downloaded,34597,
2026-07-17,NSE,M&M,raw_l2/trade_date=2026-07-17/exchange=NSE/symbol=M&M/part-074448_622918-032661.parquet,real_data_sample\l2_unseen_validation\trade_date=2026-07-17\exchange=NSE\symbol=M&M\part-074448_622918-032661.parquet,34730,downloaded,34730,
2026-07-17,NSE,M&M,raw_l2/trade_date=2026-07-17/exchange=NSE/symbol=M&M/part-075056_949397-033493.parquet,real_data_sample\l2_unseen_validation\trade_date=2026-07-17\exchange=NSE\symbol=M&M\part-075056_949397-033493.parquet,35198,downloaded,35198,
2026-07-17,NSE,M&M,raw_l2/trade_date=2026-07-17/exchange=NSE/symbol=M&M/part-074545_161519-032789.parquet,real_data_sample\l2_unseen_validation\trade_date=2026-07-17\exchange=NSE\symbol=M&M\part-074545_161519-032789.parquet,36007,downloaded,36007,
2026-07-17,NSE,M&M,raw_l2/trade_date=2026-07-17/exchange=NSE/symbol=M&M/part-074502_805567-032693.parquet,real_data_sample\l2_unseen_validation\trade_date=2026-07-17\exchange=NSE\symbol=M&M\part-074502_805567-032693.parquet,34568,downloaded,34568,
2026-07-17,NSE,M&M,raw_l2/trade_date=2026-07-17/exchange=NSE/symbol=M&M/part-074806_915691-033109.parquet,real_data_sample\l2_unseen_validation\trade_date=2026-07-17\exchange=NSE\symbol=M&M\part-074806_915691-033109.parquet,34821,downloaded,34821,
2026-07-17,NSE,M&M,raw_l2/trade_date=2026-07-17/exchange=NSE/symbol=M&M/part-074835_076150-033173.parquet,real_data_sample\l2_unseen_validation\trade_date=2026-07-17\exchange=NSE\symbol=M&M\part-074835_076150-033173.parquet,34834,downloaded,34834,
2026-07-17,NSE,M&M,raw_l2/trade_date=2026-07-17/exchange=NSE/symbol=M&M/part-074752_932190-033077.parquet,real_data_sample\l2_unseen_validation\trade_date=2026-07-17\exchange=NSE\symbol=M&M\part-074752_932190-033077.parquet,34626,downloaded,34626,
2026-07-17,NSE,M&M,raw_l2/trade_date=2026-07-17/exchange=NSE/symbol=M&M/part-074959_580756-033365.parquet,real_data_sample\l2_unseen_validation\trade_date=2026-07-17\exchange=NSE\symbol=M&M\part-074959_580756-033365.parquet,35955,downloaded,35955,
2026-07-17,NSE,M&M,raw_l2/trade_date=2026-07-17/exchange=NSE/symbol=M&M/part-074820_906239-033141.parquet,real_data_sample\l2_unseen_validation\trade_date=2026-07-17\exchange=NSE\symbol=M&M\part-074820_906239-033141.parquet,34758,downloaded,34758,
2026-07-17,NSE,M&M,raw_l2/trade_date=2026-07-17/exchange=NSE/symbol=M&M/part-074917_665781-033269.parquet,real_data_sample\l2_unseen_validation\trade_date=2026-07-17\exchange=NSE\symbol=M&M\part-074917_665781-033269.parquet,35060,downloaded,35060,
2026-07-17,NSE,M&M,raw_l2/trade_date=2026-07-17/exchange=NSE/symbol=M&M/part-074738_849441-033045.parquet,real_data_sample\l2_unseen_validation\trade_date=2026-07-17\exchange=NSE\symbol=M&M\part-074738_849441-033045.parquet,34465,downloaded,34465,
2026-07-17,NSE,M&M,raw_l2/trade_date=2026-07-17/exchange=NSE/symbol=M&M/part-074627_970482-032885.parquet,real_data_sample\l2_unseen_validation\trade_date=2026-07-17\exchange=NSE\symbol=M&M\part-074627_970482-032885.parquet,35106,downloaded,35106,
2026-07-17,NSE,M&M,raw_l2/trade_date=2026-07-17/exchange=NSE/symbol=M&M/part-075013_681761-033397.parquet,real_data_sample\l2_unseen_validation\trade_date=2026-07-17\exchange=NSE\symbol=M&M\part-075013_681761-033397.parquet,35360,downloaded,35360,
2026-07-17,NSE,M&M,raw_l2/trade_date=2026-07-17/exchange=NSE/symbol=M&M/part-075110_799258-033525.parquet,real_data_sample\l2_unseen_validation\trade_date=2026-07-17\exchange=NSE\symbol=M&M\part-075110_799258-033525.parquet,35499,downloaded,35499,
2026-07-17,NSE,M&M,raw_l2/trade_date=2026-07-17/exchange=NSE/symbol=M&M/part-074710_524292-032981.parquet,real_data_sample\l2_unseen_validation\trade_date=2026-07-17\exchange=NSE\symbol=M&M\part-074710_524292-032981.parquet,35357,downloaded,35357,
2026-07-17,NSE,M&M,raw_l2/trade_date=2026-07-17/exchange=NSE/symbol=M&M/part-074642_405469-032917.parquet,real_data_sample\l2_unseen_validation\trade_date=2026-07-17\exchange=NSE\symbol=M&M\part-074642_405469-032917.parquet,35656,downloaded,35656,
2026-07-17,NSE,M&M,raw_l2/trade_date=2026-07-17/exchange=NSE/symbol=M&M/part-075028_449183-033429.parquet,real_data_sample\l2_unseen_validation\trade_date=2026-07-17\exchange=NSE\symbol=M&M\part-075028_449183-033429.parquet,35606,downloaded,35606,
2026-07-17,NSE,M&M,raw_l2/trade_date=2026-07-17/exchange=NSE/symbol=M&M/part-074656_490360-032949.parquet,real_data_sample\l2_unseen_validation\trade_date=2026-07-17\exchange=NSE\symbol=M&M\part-074656_490360-032949.parquet,35578,downloaded,35578,
2026-07-17,NSE,M&M,raw_l2/trade_date=2026-07-17/exchange=NSE/symbol=M&M/part-074903_441770-033237.parquet,real_data_sample\l2_unseen_validation\trade_date=2026-07-17\exchange=NSE\symbol=M&M\part-074903_441770-033237.parquet,34884,downloaded,34884,
2026-07-17,NSE,M&M,raw_l2/trade_date=2026-07-17/exchange=NSE/symbol=M&M/part-074945_626806-033333.parquet,real_data_sample\l2_unseen_validation\trade_date=2026-07-17\exchange=NSE\symbol=M&M\part-074945_626806-033333.parquet,36160,downloaded,36160,
2026-07-17,NSE,M&M,raw_l2/trade_date=2026-07-17/exchange=NSE/symbol=M&M/part-074531_175949-032757.parquet,real_data_sample\l2_unseen_validation\trade_date=2026-07-17\exchange=NSE\symbol=M&M\part-074531_175949-032757.parquet,35085,downloaded,35085,
2026-07-17,NSE,M&M,raw_l2/trade_date=2026-07-17/exchange=NSE/symbol=M&M/part-074517_049298-032725.parquet,real_data_sample\l2_unseen_validation\trade_date=2026-07-17\exchange=NSE\symbol=M&M\part-074517_049298-032725.parquet,34748,downloaded,34748,
2026-07-17,NSE,M&M,raw_l2/trade_date=2026-07-17/exchange=NSE/symbol=M&M/part-074559_360463-032821.parquet,real_data_sample\l2_unseen_validation\trade_date=2026-07-17\exchange=NSE\symbol=M&M\part-074559_360463-032821.parquet,35784,downloaded,35784,
2026-07-17,NSE,M&M,raw_l2/trade_date=2026-07-17/exchange=NSE/symbol=M&M/part-074849_242647-033205.parquet,real_data_sample\l2_unseen_validation\trade_date=2026-07-17\exchange=NSE\symbol=M&M\part-074849_242647-033205.parquet,35059,downloaded,35059,
2026-07-17,NSE,M&M,raw_l2/trade_date=2026-07-17/exchange=NSE/symbol=M&M/part-074613_849915-032853.parquet,real_data_sample\l2_unseen_validation\trade_date=2026-07-17\exchange=NSE\symbol=M&M\part-074613_849915-032853.parquet,35630,downloaded,35630,
2026-07-17,NSE,M&M,raw_l2/trade_date=2026-07-17/exchange=NSE/symbol=M&M/part-074931_589254-033301.parquet,real_data_sample\l2_unseen_validation\trade_date=2026-07-17\exchange=NSE\symbol=M&M\part-074931_589254-033301.parquet,36348,downloaded,36348,
2026-07-17,NSE,M&M,raw_l2/trade_date=2026-07-17/exchange=NSE/symbol=M&M/part-075042_859355-033461.parquet,real_data_sample\l2_unseen_validation\trade_date=2026-07-17\exchange=NSE\symbol=M&M\part-075042_859355-033461.parquet,35608,downloaded,35608,
2026-07-17,NSE,M&M,raw_l2/trade_date=2026-07-17/exchange=NSE/symbol=M&M/part-075139_047005-033589.parquet,real_data_sample\l2_unseen_validation\trade_date=2026-07-17\exchange=NSE\symbol=M&M\part-075139_047005-033589.parquet,34687,downloaded,34687,
2026-07-17,NSE,M&M,raw_l2/trade_date=2026-07-17/exchange=NSE/symbol=M&M/part-075124_925616-033557.parquet,real_data_sample\l2_unseen_validation\trade_date=2026-07-17\exchange=NSE\symbol=M&M\part-075124_925616-033557.parquet,34938,downloaded,34938,
2026-07-17,NSE,M&M,raw_l2/trade_date=2026-07-17/exchange=NSE/symbol=M&M/part-074724_823304-033013.parquet,real_data_sample\l2_unseen_validation\trade_date=2026-07-17\exchange=NSE\symbol=M&M\part-074724_823304-033013.parquet,34468,downloaded,34468,
2026-07-17,NSE,M&M,raw_l2/trade_date=2026-07-17/exchange=NSE/symbol=M&M/part-075153_462097-033621.parquet,real_data_sample\l2_unseen_validation\trade_date=2026-07-17\exchange=NSE\symbol=M&M\part-075153_462097-033621.parquet,34972,downloaded,34972,
2026-07-17,NSE,M&M,raw_l2/trade_date=2026-07-17/exchange=NSE/symbol=M&M/part-075221_884341-033685.parquet,real_data_sample\l2_unseen_validation\trade_date=2026-07-17\exchange=NSE\symbol=M&M\part-075221_884341-033685.parquet,34815,downloaded,34815,
2026-07-17,NSE,M&M,raw_l2/trade_date=2026-07-17/exchange=NSE/symbol=M&M/part-075250_388073-033749.parquet,real_data_sample\l2_unseen_validation\trade_date=2026-07-17\exchange=NSE\symbol=M&M\part-075250_388073-033749.parquet,34819,downloaded,34819,
2026-07-17,NSE,M&M,raw_l2/trade_date=2026-07-17/exchange=NSE/symbol=M&M/part-075236_059757-033717.parquet,real_data_sample\l2_unseen_validation\trade_date=2026-07-17\exchange=NSE\symbol=M&M\part-075236_059757-033717.parquet,34921,downloaded,34921,
2026-07-17,NSE,M&M,raw_l2/trade_date=2026-07-17/exchange=NSE/symbol=M&M/part-075207_794886-033653.parquet,real_data_sample\l2_unseen_validation\trade_date=2026-07-17\exchange=NSE\symbol=M&M\part-075207_794886-033653.parquet,34993,downloaded,34993,
2026-07-17,NSE,M&M,raw_l2/trade_date=2026-07-17/exchange=NSE/symbol=M&M/part-075304_812329-033781.parquet,real_data_sample\l2_unseen_validation\trade_date=2026-07-17\exchange=NSE\symbol=M&M\part-075304_812329-033781.parquet,35096,downloaded,35096,
2026-07-17,NSE,M&M,raw_l2/trade_date=2026-07-17/exchange=NSE/symbol=M&M/part-074434_668336-032629.parquet,real_data_sample\l2_unseen_validation\trade_date=2026-07-17\exchange=NSE\symbol=M&M\part-074434_668336-032629.parquet,34909,downloaded,34909,
2026-07-17,NSE,M&M,raw_l2/trade_date=2026-07-17/exchange=NSE/symbol=M&M/part-075443_386682-034005.parquet,real_data_sample\l2_unseen_validation\trade_date=2026-07-17\exchange=NSE\symbol=M&M\part-075443_386682-034005.parquet,34682,downloaded,34682,
2026-07-17,NSE,M&M,raw_l2/trade_date=2026-07-17/exchange=NSE/symbol=M&M/part-075333_020905-033845.parquet,real_data_sample\l2_unseen_validation\trade_date=2026-07-17\exchange=NSE\symbol=M&M\part-075333_020905-033845.parquet,34705,downloaded,34705,
2026-07-17,NSE,M&M,raw_l2/trade_date=2026-07-17/exchange=NSE/symbol=M&M/part-075457_635248-034037.parquet,real_data_sample\l2_unseen_validation\trade_date=2026-07-17\exchange=NSE\symbol=M&M\part-075457_635248-034037.parquet,34893,downloaded,34893,
2026-07-17,NSE,M&M,raw_l2/trade_date=2026-07-17/exchange=NSE/symbol=M&M/part-075719_068444-034357.parquet,real_data_sample\l2_unseen_validation\trade_date=2026-07-17\exchange=NSE\symbol=M&M\part-075719_068444-034357.parquet,34882,downloaded,34882,
2026-07-17,NSE,M&M,raw_l2/trade_date=2026-07-17/exchange=NSE/symbol=M&M/part-075913_850134-034613.parquet,real_data_sample\l2_unseen_validation\trade_date=2026-07-17\exchange=NSE\symbol=M&M\part-075913_850134-034613.parquet,34782,downloaded,34782,
2026-07-17,NSE,M&M,raw_l2/trade_date=2026-07-17/exchange=NSE/symbol=M&M/part-075650_557380-034293.parquet,real_data_sample\l2_unseen_validation\trade_date=2026-07-17\exchange=NSE\symbol=M&M\part-075650_557380-034293.parquet,34816,downloaded,34816,
2026-07-17,NSE,M&M,raw_l2/trade_date=2026-07-17/exchange=NSE/symbol=M&M/part-075415_231421-033941.parquet,real_data_sample\l2_unseen_validation\trade_date=2026-07-17\exchange=NSE\symbol=M&M\part-075415_231421-033941.parquet,34817,downloaded,34817,
2026-07-17,NSE,M&M,raw_l2/trade_date=2026-07-17/exchange=NSE/symbol=M&M/part-075429_155423-033973.parquet,real_data_sample\l2_unseen_validation\trade_date=2026-07-17\exchange=NSE\symbol=M&M\part-075429_155423-033973.parquet,34690,downloaded,34690,
2026-07-17,NSE,M&M,raw_l2/trade_date=2026-07-17/exchange=NSE/symbol=M&M/part-075401_049076-033909.parquet,real_data_sample\l2_unseen_validation\trade_date=2026-07-17\exchange=NSE\symbol=M&M\part-075401_049076-033909.parquet,34653,downloaded,34653,
2026-07-17,NSE,M&M,raw_l2/trade_date=2026-07-17/exchange=NSE/symbol=M&M/part-075607_864166-034197.parquet,real_data_sample\l2_unseen_validation\trade_date=2026-07-17\exchange=NSE\symbol=M&M\part-075607_864166-034197.parquet,36239,downloaded,36239,
2026-07-17,NSE,M&M,raw_l2/trade_date=2026-07-17/exchange=NSE/symbol=M&M/part-075511_703407-034069.parquet,real_data_sample\l2_unseen_validation\trade_date=2026-07-17\exchange=NSE\symbol=M&M\part-075511_703407-034069.parquet,34736,downloaded,34736,
2026-07-17,NSE,M&M,raw_l2/trade_date=2026-07-17/exchange=NSE/symbol=M&M/part-075318_935303-033813.parquet,real_data_sample\l2_unseen_validation\trade_date=2026-07-17\exchange=NSE\symbol=M&M\part-075318_935303-033813.parquet,34846,downloaded,34846,
2026-07-17,NSE,M&M,raw_l2/trade_date=2026-07-17/exchange=NSE/symbol=M&M/part-075747_816370-034421.parquet,real_data_sample\l2_unseen_validation\trade_date=2026-07-17\exchange=NSE\symbol=M&M\part-075747_816370-034421.parquet,34972,downloaded,34972,
2026-07-17,NSE,M&M,raw_l2/trade_date=2026-07-17/exchange=NSE/symbol=M&M/part-075539_669154-034133.parquet,real_data_sample\l2_unseen_validation\trade_date=2026-07-17\exchange=NSE\symbol=M&M\part-075539_669154-034133.parquet,35390,downloaded,35390,
2026-07-17,NSE,M&M,raw_l2/trade_date=2026-07-17/exchange=NSE/symbol=M&M/part-075845_326755-034549.parquet,real_data_sample\l2_unseen_validation\trade_date=2026-07-17\exchange=NSE\symbol=M&M\part-075845_326755-034549.parquet,34569,downloaded,34569,
2026-07-17,NSE,M&M,raw_l2/trade_date=2026-07-17/exchange=NSE/symbol=M&M/part-075346_924558-033877.parquet,real_data_sample\l2_unseen_validation\trade_date=2026-07-17\exchange=NSE\symbol=M&M\part-075346_924558-033877.parquet,34942,downloaded,34942,
2026-07-17,NSE,M&M,raw_l2/trade_date=2026-07-17/exchange=NSE/symbol=M&M/part-075831_026878-034517.parquet,real_data_sample\l2_unseen_validation\trade_date=2026-07-17\exchange=NSE\symbol=M&M\part-075831_026878-034517.parquet,34865,downloaded,34865,
2026-07-17,NSE,M&M,raw_l2/trade_date=2026-07-17/exchange=NSE/symbol=M&M/part-075636_298915-034261.parquet,real_data_sample\l2_unseen_validation\trade_date=2026-07-17\exchange=NSE\symbol=M&M\part-075636_298915-034261.parquet,34834,downloaded,34834,
2026-07-17,NSE,M&M,raw_l2/trade_date=2026-07-17/exchange=NSE/symbol=M&M/part-075622_016874-034229.parquet,real_data_sample\l2_unseen_validation\trade_date=2026-07-17\exchange=NSE\symbol=M&M\part-075622_016874-034229.parquet,34862,downloaded,34862,
2026-07-17,NSE,M&M,raw_l2/trade_date=2026-07-17/exchange=NSE/symbol=M&M/part-075704_827610-034325.parquet,real_data_sample\l2_unseen_validation\trade_date=2026-07-17\exchange=NSE\symbol=M&M\part-075704_827610-034325.parquet,34868,downloaded,34868,
2026-07-17,NSE,M&M,raw_l2/trade_date=2026-07-17/exchange=NSE/symbol=M&M/part-075733_577529-034389.parquet,real_data_sample\l2_unseen_validation\trade_date=2026-07-17\exchange=NSE\symbol=M&M\part-075733_577529-034389.parquet,34501,downloaded,34501,
2026-07-17,NSE,M&M,raw_l2/trade_date=2026-07-17/exchange=NSE/symbol=M&M/part-075553_749639-034165.parquet,real_data_sample\l2_unseen_validation\trade_date=2026-07-17\exchange=NSE\symbol=M&M\part-075553_749639-034165.parquet,35011,downloaded,35011,
2026-07-17,NSE,M&M,raw_l2/trade_date=2026-07-17/exchange=NSE/symbol=M&M/part-075525_742527-034101.parquet,real_data_sample\l2_unseen_validation\trade_date=2026-07-17\exchange=NSE\symbol=M&M\part-075525_742527-034101.parquet,35211,downloaded,35211,
2026-07-17,NSE,M&M,raw_l2/trade_date=2026-07-17/exchange=NSE/symbol=M&M/part-075859_564647-034581.parquet,real_data_sample\l2_unseen_validation\trade_date=2026-07-17\exchange=NSE\symbol=M&M\part-075859_564647-034581.parquet,34493,downloaded,34493,
2026-07-17,NSE,M&M,raw_l2/trade_date=2026-07-17/exchange=NSE/symbol=M&M/part-075928_122478-034645.parquet,real_data_sample\l2_unseen_validation\trade_date=2026-07-17\exchange=NSE\symbol=M&M\part-075928_122478-034645.parquet,34771,downloaded,34771,
2026-07-17,NSE,M&M,raw_l2/trade_date=2026-07-17/exchange=NSE/symbol=M&M/part-075816_800319-034485.parquet,real_data_sample\l2_unseen_validation\trade_date=2026-07-17\exchange=NSE\symbol=M&M\part-075816_800319-034485.parquet,34729,downloaded,34729,
2026-07-17,NSE,M&M,raw_l2/trade_date=2026-07-17/exchange=NSE/symbol=M&M/part-075802_090777-034453.parquet,real_data_sample\l2_unseen_validation\trade_date=2026-07-17\exchange=NSE\symbol=M&M\part-075802_090777-034453.parquet,34774,downloaded,34774,
2026-07-17,NSE,M&M,raw_l2/trade_date=2026-07-17/exchange=NSE/symbol=M&M/part-075942_396807-034677.parquet,real_data_sample\l2_unseen_validation\trade_date=2026-07-17\exchange=NSE\symbol=M&M\part-075942_396807-034677.parquet,34631,downloaded,34631,
2026-07-17,NSE,M&M,raw_l2/trade_date=2026-07-17/exchange=NSE/symbol=M&M/part-080011_967263-034741.parquet,real_data_sample\l2_unseen_validation\trade_date=2026-07-17\exchange=NSE\symbol=M&M\part-080011_967263-034741.parquet,34672,downloaded,34672,
2026-07-17,NSE,M&M,raw_l2/trade_date=2026-07-17/exchange=NSE/symbol=M&M/part-075957_021389-034709.parquet,real_data_sample\l2_unseen_validation\trade_date=2026-07-17\exchange=NSE\symbol=M&M\part-075957_021389-034709.parquet,34680,downloaded,34680,
2026-07-17,NSE,M&M,raw_l2/trade_date=2026-07-17/exchange=NSE/symbol=M&M/part-080026_570636-034773.parquet,real_data_sample\l2_unseen_validation\trade_date=2026-07-17\exchange=NSE\symbol=M&M\part-080026_570636-034773.parquet,34796,downloaded,34796,
2026-07-17,NSE,M&M,raw_l2/trade_date=2026-07-17/exchange=NSE/symbol=M&M/part-080138_083414-034933.parquet,real_data_sample\l2_unseen_validation\trade_date=2026-07-17\exchange=NSE\symbol=M&M\part-080138_083414-034933.parquet,34964,downloaded,34964,
2026-07-17,NSE,M&M,raw_l2/trade_date=2026-07-17/exchange=NSE/symbol=M&M/part-080055_343861-034837.parquet,real_data_sample\l2_unseen_validation\trade_date=2026-07-17\exchange=NSE\symbol=M&M\part-080055_343861-034837.parquet,34857,downloaded,34857,
2026-07-17,NSE,M&M,raw_l2/trade_date=2026-07-17/exchange=NSE/symbol=M&M/part-080318_894969-035157.parquet,real_data_sample\l2_unseen_validation\trade_date=2026-07-17\exchange=NSE\symbol=M&M\part-080318_894969-035157.parquet,35304,downloaded,35304,
2026-07-17,NSE,M&M,raw_l2/trade_date=2026-07-17/exchange=NSE/symbol=M&M/part-080402_557859-035253.parquet,real_data_sample\l2_unseen_validation\trade_date=2026-07-17\exchange=NSE\symbol=M&M\part-080402_557859-035253.parquet,34946,downloaded,34946,
2026-07-17,NSE,M&M,raw_l2/trade_date=2026-07-17/exchange=NSE/symbol=M&M/part-080448_634894-035349.parquet,real_data_sample\l2_unseen_validation\trade_date=2026-07-17\exchange=NSE\symbol=M&M\part-080448_634894-035349.parquet,35010,downloaded,35010,
2026-07-17,NSE,M&M,raw_l2/trade_date=2026-07-17/exchange=NSE/symbol=M&M/part-080433_490405-035317.parquet,real_data_sample\l2_unseen_validation\trade_date=2026-07-17\exchange=NSE\symbol=M&M\part-080433_490405-035317.parquet,34916,downloaded,34916,
2026-07-17,NSE,M&M,raw_l2/trade_date=2026-07-17/exchange=NSE/symbol=M&M/part-080532_780328-035445.parquet,real_data_sample\l2_unseen_validation\trade_date=2026-07-17\exchange=NSE\symbol=M&M\part-080532_780328-035445.parquet,34734,downloaded,34734,
2026-07-17,NSE,M&M,raw_l2/trade_date=2026-07-17/exchange=NSE/symbol=M&M/part-080416_972822-035285.parquet,real_data_sample\l2_unseen_validation\trade_date=2026-07-17\exchange=NSE\symbol=M&M\part-080416_972822-035285.parquet,35034,downloaded,35034,
2026-07-17,NSE,M&M,raw_l2/trade_date=2026-07-17/exchange=NSE/symbol=M&M/part-080756_909845-035765.parquet,real_data_sample\l2_unseen_validation\trade_date=2026-07-17\exchange=NSE\symbol=M&M\part-080756_909845-035765.parquet,34845,downloaded,34845,
2026-07-17,NSE,M&M,raw_l2/trade_date=2026-07-17/exchange=NSE/symbol=M&M/part-080727_548023-035701.parquet,real_data_sample\l2_unseen_validation\trade_date=2026-07-17\exchange=NSE\symbol=M&M\part-080727_548023-035701.parquet,34694,downloaded,34694,
2026-07-17,NSE,M&M,raw_l2/trade_date=2026-07-17/exchange=NSE/symbol=M&M/part-080517_651027-035413.parquet,real_data_sample\l2_unseen_validation\trade_date=2026-07-17\exchange=NSE\symbol=M&M\part-080517_651027-035413.parquet,34835,downloaded,34835,
2026-07-17,NSE,M&M,raw_l2/trade_date=2026-07-17/exchange=NSE/symbol=M&M/part-080546_929563-035477.parquet,real_data_sample\l2_unseen_validation\trade_date=2026-07-17\exchange=NSE\symbol=M&M\part-080546_929563-035477.parquet,34953,downloaded,34953,
2026-07-17,NSE,M&M,raw_l2/trade_date=2026-07-17/exchange=NSE/symbol=M&M/part-080742_073651-035733.parquet,real_data_sample\l2_unseen_validation\trade_date=2026-07-17\exchange=NSE\symbol=M&M\part-080742_073651-035733.parquet,34815,downloaded,34815,
2026-07-17,NSE,M&M,raw_l2/trade_date=2026-07-17/exchange=NSE/symbol=M&M/part-080811_615726-035797.parquet,real_data_sample\l2_unseen_validation\trade_date=2026-07-17\exchange=NSE\symbol=M&M\part-080811_615726-035797.parquet,34742,downloaded,34742,
2026-07-17,NSE,M&M,raw_l2/trade_date=2026-07-17/exchange=NSE/symbol=M&M/part-080601_074802-035509.parquet,real_data_sample\l2_unseen_validation\trade_date=2026-07-17\exchange=NSE\symbol=M&M\part-080601_074802-035509.parquet,34666,downloaded,34666,
2026-07-17,NSE,M&M,raw_l2/trade_date=2026-07-17/exchange=NSE/symbol=M&M/part-080644_175887-035605.parquet,real_data_sample\l2_unseen_validation\trade_date=2026-07-17\exchange=NSE\symbol=M&M\part-080644_175887-035605.parquet,34816,downloaded,34816,
2026-07-17,NSE,M&M,raw_l2/trade_date=2026-07-17/exchange=NSE/symbol=M&M/part-080503_270541-035381.parquet,real_data_sample\l2_unseen_validation\trade_date=2026-07-17\exchange=NSE\symbol=M&M\part-080503_270541-035381.parquet,34795,downloaded,34795,
2026-07-17,NSE,M&M,raw_l2/trade_date=2026-07-17/exchange=NSE/symbol=M&M/part-080629_781407-035573.parquet,real_data_sample\l2_unseen_validation\trade_date=2026-07-17\exchange=NSE\symbol=M&M\part-080629_781407-035573.parquet,34653,downloaded,34653,
2026-07-17,NSE,M&M,raw_l2/trade_date=2026-07-17/exchange=NSE/symbol=M&M/part-080658_601640-035637.parquet,real_data_sample\l2_unseen_validation\trade_date=2026-07-17\exchange=NSE\symbol=M&M\part-080658_601640-035637.parquet,34833,downloaded,34833,
2026-07-17,NSE,M&M,raw_l2/trade_date=2026-07-17/exchange=NSE/symbol=M&M/part-080615_332606-035541.parquet,real_data_sample\l2_unseen_validation\trade_date=2026-07-17\exchange=NSE\symbol=M&M\part-080615_332606-035541.parquet,34916,downloaded,34916,
2026-07-17,NSE,M&M,raw_l2/trade_date=2026-07-17/exchange=NSE/symbol=M&M/part-080713_364947-035669.parquet,real_data_sample\l2_unseen_validation\trade_date=2026-07-17\exchange=NSE\symbol=M&M\part-080713_364947-035669.parquet,34866,downloaded,34866,
2026-07-17,NSE,M&M,raw_l2/trade_date=2026-07-17/exchange=NSE/symbol=M&M/part-080825_988292-035829.parquet,real_data_sample\l2_unseen_validation\trade_date=2026-07-17\exchange=NSE\symbol=M&M\part-080825_988292-035829.parquet,34812,downloaded,34812,
2026-07-17,NSE,M&M,raw_l2/trade_date=2026-07-17/exchange=NSE/symbol=M&M/part-080840_713970-035861.parquet,real_data_sample\l2_unseen_validation\trade_date=2026-07-17\exchange=NSE\symbol=M&M\part-080840_713970-035861.parquet,34616,downloaded,34616,
2026-07-17,NSE,M&M,raw_l2/trade_date=2026-07-17/exchange=NSE/symbol=M&M/part-080855_314517-035893.parquet,real_data_sample\l2_unseen_validation\trade_date=2026-07-17\exchange=NSE\symbol=M&M\part-080855_314517-035893.parquet,34970,downloaded,34970,
2026-07-17,NSE,M&M,raw_l2/trade_date=2026-07-17/exchange=NSE/symbol=M&M/part-080909_715982-035925.parquet,real_data_sample\l2_unseen_validation\trade_date=2026-07-17\exchange=NSE\symbol=M&M\part-080909_715982-035925.parquet,34842,downloaded,34842,
2026-07-17,NSE,M&M,raw_l2/trade_date=2026-07-17/exchange=NSE/symbol=M&M/part-081038_712932-036117.parquet,real_data_sample\l2_unseen_validation\trade_date=2026-07-17\exchange=NSE\symbol=M&M\part-081038_712932-036117.parquet,34955,downloaded,34955,
2026-07-17,NSE,M&M,raw_l2/trade_date=2026-07-17/exchange=NSE/symbol=M&M/part-081024_211716-036085.parquet,real_data_sample\l2_unseen_validation\trade_date=2026-07-17\exchange=NSE\symbol=M&M\part-081024_211716-036085.parquet,34902,downloaded,34902,
2026-07-17,NSE,M&M,raw_l2/trade_date=2026-07-17/exchange=NSE/symbol=M&M/part-081121_179999-036213.parquet,real_data_sample\l2_unseen_validation\trade_date=2026-07-17\exchange=NSE\symbol=M&M\part-081121_179999-036213.parquet,35528,downloaded,35528,
2026-07-17,NSE,M&M,raw_l2/trade_date=2026-07-17/exchange=NSE/symbol=M&M/part-081149_340524-036277.parquet,real_data_sample\l2_unseen_validation\trade_date=2026-07-17\exchange=NSE\symbol=M&M\part-081149_340524-036277.parquet,35491,downloaded,35491,
2026-07-17,NSE,M&M,raw_l2/trade_date=2026-07-17/exchange=NSE/symbol=M&M/part-081231_894752-036373.parquet,real_data_sample\l2_unseen_validation\trade_date=2026-07-17\exchange=NSE\symbol=M&M\part-081231_894752-036373.parquet,35355,downloaded,35355,
2026-07-17,NSE,M&M,raw_l2/trade_date=2026-07-17/exchange=NSE/symbol=M&M/part-081217_617986-036341.parquet,real_data_sample\l2_unseen_validation\trade_date=2026-07-17\exchange=NSE\symbol=M&M\part-081217_617986-036341.parquet,35815,downloaded,35815,
2026-07-17,NSE,M&M,raw_l2/trade_date=2026-07-17/exchange=NSE/symbol=M&M/part-081203_555727-036309.parquet,real_data_sample\l2_unseen_validation\trade_date=2026-07-17\exchange=NSE\symbol=M&M\part-081203_555727-036309.parquet,35544,downloaded,35544,
2026-07-17,NSE,M&M,raw_l2/trade_date=2026-07-17/exchange=NSE/symbol=M&M/part-081300_990153-036437.parquet,real_data_sample\l2_unseen_validation\trade_date=2026-07-17\exchange=NSE\symbol=M&M\part-081300_990153-036437.parquet,35638,downloaded,35638,
2026-07-17,NSE,M&M,raw_l2/trade_date=2026-07-17/exchange=NSE/symbol=M&M/part-081052_934235-036149.parquet,real_data_sample\l2_unseen_validation\trade_date=2026-07-17\exchange=NSE\symbol=M&M\part-081052_934235-036149.parquet,34863,downloaded,34863,
2026-07-17,NSE,M&M,raw_l2/trade_date=2026-07-17/exchange=NSE/symbol=M&M/part-081135_127699-036245.parquet,real_data_sample\l2_unseen_validation\trade_date=2026-07-17\exchange=NSE\symbol=M&M\part-081135_127699-036245.parquet,35872,downloaded,35872,
2026-07-17,NSE,M&M,raw_l2/trade_date=2026-07-17/exchange=NSE/symbol=M&M/part-080924_917388-035957.parquet,real_data_sample\l2_unseen_validation\trade_date=2026-07-17\exchange=NSE\symbol=M&M\part-080924_917388-035957.parquet,34782,downloaded,34782,
2026-07-17,NSE,M&M,raw_l2/trade_date=2026-07-17/exchange=NSE/symbol=M&M/part-081246_288606-036405.parquet,real_data_sample\l2_unseen_validation\trade_date=2026-07-17\exchange=NSE\symbol=M&M\part-081246_288606-036405.parquet,35813,downloaded,35813,
2026-07-17,NSE,M&M,raw_l2/trade_date=2026-07-17/exchange=NSE/symbol=M&M/part-081009_098624-036053.parquet,real_data_sample\l2_unseen_validation\trade_date=2026-07-17\exchange=NSE\symbol=M&M\part-081009_098624-036053.parquet,34957,downloaded,34957,
2026-07-17,NSE,M&M,raw_l2/trade_date=2026-07-17/exchange=NSE/symbol=M&M/part-080939_499305-035989.parquet,real_data_sample\l2_unseen_validation\trade_date=2026-07-17\exchange=NSE\symbol=M&M\part-080939_499305-035989.parquet,34978,downloaded,34978,
2026-07-17,NSE,M&M,raw_l2/trade_date=2026-07-17/exchange=NSE/symbol=M&M/part-080954_211582-036021.parquet,real_data_sample\l2_unseen_validation\trade_date=2026-07-17\exchange=NSE\symbol=M&M\part-080954_211582-036021.parquet,34946,downloaded,34946,
2026-07-17,NSE,M&M,raw_l2/trade_date=2026-07-17/exchange=NSE/symbol=M&M/part-081106_999256-036181.parquet,real_data_sample\l2_unseen_validation\trade_date=2026-07-17\exchange=NSE\symbol=M&M\part-081106_999256-036181.parquet,34693,downloaded,34693,
2026-07-17,NSE,M&M,raw_l2/trade_date=2026-07-17/exchange=NSE/symbol=M&M/part-081315_538380-036469.parquet,real_data_sample\l2_unseen_validation\trade_date=2026-07-17\exchange=NSE\symbol=M&M\part-081315_538380-036469.parquet,35163,downloaded,35163,
2026-07-17,NSE,M&M,raw_l2/trade_date=2026-07-17/exchange=NSE/symbol=M&M/part-081358_272286-036565.parquet,real_data_sample\l2_unseen_validation\trade_date=2026-07-17\exchange=NSE\symbol=M&M\part-081358_272286-036565.parquet,34978,downloaded,34978,
2026-07-17,NSE,M&M,raw_l2/trade_date=2026-07-17/exchange=NSE/symbol=M&M/part-081344_000284-036533.parquet,real_data_sample\l2_unseen_validation\trade_date=2026-07-17\exchange=NSE\symbol=M&M\part-081344_000284-036533.parquet,34672,downloaded,34672,
2026-07-17,NSE,M&M,raw_l2/trade_date=2026-07-17/exchange=NSE/symbol=M&M/part-081329_803503-036501.parquet,real_data_sample\l2_unseen_validation\trade_date=2026-07-17\exchange=NSE\symbol=M&M\part-081329_803503-036501.parquet,34839,downloaded,34839,
2026-07-17,NSE,M&M,raw_l2/trade_date=2026-07-17/exchange=NSE/symbol=M&M/part-081412_588928-036597.parquet,real_data_sample\l2_unseen_validation\trade_date=2026-07-17\exchange=NSE\symbol=M&M\part-081412_588928-036597.parquet,34675,downloaded,34675,
2026-07-17,NSE,M&M,raw_l2/trade_date=2026-07-17/exchange=NSE/symbol=M&M/part-081454_872781-036693.parquet,real_data_sample\l2_unseen_validation\trade_date=2026-07-17\exchange=NSE\symbol=M&M\part-081454_872781-036693.parquet,35081,downloaded,35081,
2026-07-17,NSE,M&M,raw_l2/trade_date=2026-07-17/exchange=NSE/symbol=M&M/part-081441_011747-036661.parquet,real_data_sample\l2_unseen_validation\trade_date=2026-07-17\exchange=NSE\symbol=M&M\part-081441_011747-036661.parquet,35822,downloaded,35822,
2026-07-17,NSE,M&M,raw_l2/trade_date=2026-07-17/exchange=NSE/symbol=M&M/part-081426_792291-036629.parquet,real_data_sample\l2_unseen_validation\trade_date=2026-07-17\exchange=NSE\symbol=M&M\part-081426_792291-036629.parquet,35806,downloaded,35806,
2026-07-17,NSE,M&M,raw_l2/trade_date=2026-07-17/exchange=NSE/symbol=M&M/part-081551_148492-036821.parquet,real_data_sample\l2_unseen_validation\trade_date=2026-07-17\exchange=NSE\symbol=M&M\part-081551_148492-036821.parquet,35687,downloaded,35687,
2026-07-17,NSE,M&M,raw_l2/trade_date=2026-07-17/exchange=NSE/symbol=M&M/part-081633_226862-036917.parquet,real_data_sample\l2_unseen_validation\trade_date=2026-07-17\exchange=NSE\symbol=M&M\part-081633_226862-036917.parquet,35103,downloaded,35103,
2026-07-17,NSE,M&M,raw_l2/trade_date=2026-07-17/exchange=NSE/symbol=M&M/part-081647_302942-036949.parquet,real_data_sample\l2_unseen_validation\trade_date=2026-07-17\exchange=NSE\symbol=M&M\part-081647_302942-036949.parquet,35966,downloaded,35966,
2026-07-17,NSE,M&M,raw_l2/trade_date=2026-07-17/exchange=NSE/symbol=M&M/part-081715_768407-037013.parquet,real_data_sample\l2_unseen_validation\trade_date=2026-07-17\exchange=NSE\symbol=M&M\part-081715_768407-037013.parquet,35900,downloaded,35900,
2026-07-17,NSE,M&M,raw_l2/trade_date=2026-07-17/exchange=NSE/symbol=M&M/part-081537_264290-036789.parquet,real_data_sample\l2_unseen_validation\trade_date=2026-07-17\exchange=NSE\symbol=M&M\part-081537_264290-036789.parquet,35185,downloaded,35185,
2026-07-17,NSE,M&M,raw_l2/trade_date=2026-07-17/exchange=NSE/symbol=M&M/part-081619_185926-036885.parquet,real_data_sample\l2_unseen_validation\trade_date=2026-07-17\exchange=NSE\symbol=M&M\part-081619_185926-036885.parquet,35327,downloaded,35327,
2026-07-17,NSE,M&M,raw_l2/trade_date=2026-07-17/exchange=NSE/symbol=M&M/part-081605_284693-036853.parquet,real_data_sample\l2_unseen_validation\trade_date=2026-07-17\exchange=NSE\symbol=M&M\part-081605_284693-036853.parquet,35738,downloaded,35738,
2026-07-17,NSE,M&M,raw_l2/trade_date=2026-07-17/exchange=NSE/symbol=M&M/part-081701_458868-036981.parquet,real_data_sample\l2_unseen_validation\trade_date=2026-07-17\exchange=NSE\symbol=M&M\part-081701_458868-036981.parquet,35946,downloaded,35946,
2026-07-17,NSE,M&M,raw_l2/trade_date=2026-07-17/exchange=NSE/symbol=M&M/part-081509_037149-036725.parquet,real_data_sample\l2_unseen_validation\trade_date=2026-07-17\exchange=NSE\symbol=M&M\part-081509_037149-036725.parquet,35630,downloaded,35630,
2026-07-17,NSE,M&M,raw_l2/trade_date=2026-07-17/exchange=NSE/symbol=M&M/part-081744_673770-037077.parquet,real_data_sample\l2_unseen_validation\trade_date=2026-07-17\exchange=NSE\symbol=M&M\part-081744_673770-037077.parquet,35948,downloaded,35948,
2026-07-17,NSE,M&M,raw_l2/trade_date=2026-07-17/exchange=NSE/symbol=M&M/part-081730_527635-037045.parquet,real_data_sample\l2_unseen_validation\trade_date=2026-07-17\exchange=NSE\symbol=M&M\part-081730_527635-037045.parquet,36194,downloaded,36194,
2026-07-17,NSE,M&M,raw_l2/trade_date=2026-07-17/exchange=NSE/symbol=M&M/part-081759_000728-037109.parquet,real_data_sample\l2_unseen_validation\trade_date=2026-07-17\exchange=NSE\symbol=M&M\part-081759_000728-037109.parquet,35765,downloaded,35765,
2026-07-17,NSE,M&M,raw_l2/trade_date=2026-07-17/exchange=NSE/symbol=M&M/part-081813_573818-037141.parquet,real_data_sample\l2_unseen_validation\trade_date=2026-07-17\exchange=NSE\symbol=M&M\part-081813_573818-037141.parquet,36411,downloaded,36411,
2026-07-17,NSE,M&M,raw_l2/trade_date=2026-07-17/exchange=NSE/symbol=M&M/part-081523_256925-036757.parquet,real_data_sample\l2_unseen_validation\trade_date=2026-07-17\exchange=NSE\symbol=M&M\part-081523_256925-036757.parquet,36233,downloaded,36233,
2026-07-17,NSE,M&M,raw_l2/trade_date=2026-07-17/exchange=NSE/symbol=M&M/part-081827_746429-037173.parquet,real_data_sample\l2_unseen_validation\trade_date=2026-07-17\exchange=NSE\symbol=M&M\part-081827_746429-037173.parquet,36129,downloaded,36129,
2026-07-17,NSE,M&M,raw_l2/trade_date=2026-07-17/exchange=NSE/symbol=M&M/part-081842_508995-037205.parquet,real_data_sample\l2_unseen_validation\trade_date=2026-07-17\exchange=NSE\symbol=M&M\part-081842_508995-037205.parquet,36028,downloaded,36028,
2026-07-17,NSE,M&M,raw_l2/trade_date=2026-07-17/exchange=NSE/symbol=M&M/part-081856_538157-037237.parquet,real_data_sample\l2_unseen_validation\trade_date=2026-07-17\exchange=NSE\symbol=M&M\part-081856_538157-037237.parquet,35618,downloaded,35618,
2026-07-17,NSE,M&M,raw_l2/trade_date=2026-07-17/exchange=NSE/symbol=M&M/part-081910_520471-037269.parquet,real_data_sample\l2_unseen_validation\trade_date=2026-07-17\exchange=NSE\symbol=M&M\part-081910_520471-037269.parquet,35931,downloaded,35931,
2026-07-17,NSE,M&M,raw_l2/trade_date=2026-07-17/exchange=NSE/symbol=M&M/part-081924_881784-037301.parquet,real_data_sample\l2_unseen_validation\trade_date=2026-07-17\exchange=NSE\symbol=M&M\part-081924_881784-037301.parquet,35921,downloaded,35921,
2026-07-17,NSE,M&M,raw_l2/trade_date=2026-07-17/exchange=NSE/symbol=M&M/part-081939_245011-037333.parquet,real_data_sample\l2_unseen_validation\trade_date=2026-07-17\exchange=NSE\symbol=M&M\part-081939_245011-037333.parquet,36302,downloaded,36302,
2026-07-17,NSE,M&M,raw_l2/trade_date=2026-07-17/exchange=NSE/symbol=M&M/part-081953_484583-037365.parquet,real_data_sample\l2_unseen_validation\trade_date=2026-07-17\exchange=NSE\symbol=M&M\part-081953_484583-037365.parquet,35612,downloaded,35612,
2026-07-17,NSE,M&M,raw_l2/trade_date=2026-07-17/exchange=NSE/symbol=M&M/part-082007_491210-037397.parquet,real_data_sample\l2_unseen_validation\trade_date=2026-07-17\exchange=NSE\symbol=M&M\part-082007_491210-037397.parquet,35582,downloaded,35582,
2026-07-17,NSE,M&M,raw_l2/trade_date=2026-07-17/exchange=NSE/symbol=M&M/part-082021_837028-037429.parquet,real_data_sample\l2_unseen_validation\trade_date=2026-07-17\exchange=NSE\symbol=M&M\part-082021_837028-037429.parquet,36592,downloaded,36592,
2026-07-17,NSE,M&M,raw_l2/trade_date=2026-07-17/exchange=NSE/symbol=M&M/part-082036_035709-037461.parquet,real_data_sample\l2_unseen_validation\trade_date=2026-07-17\exchange=NSE\symbol=M&M\part-082036_035709-037461.parquet,35664,downloaded,35664,
2026-07-17,NSE,M&M,raw_l2/trade_date=2026-07-17/exchange=NSE/symbol=M&M/part-082051_618082-037493.parquet,real_data_sample\l2_unseen_validation\trade_date=2026-07-17\exchange=NSE\symbol=M&M\part-082051_618082-037493.parquet,36162,downloaded,36162,
2026-07-17,NSE,M&M,raw_l2/trade_date=2026-07-17/exchange=NSE/symbol=M&M/part-082217_147401-037685.parquet,real_data_sample\l2_unseen_validation\trade_date=2026-07-17\exchange=NSE\symbol=M&M\part-082217_147401-037685.parquet,35365,downloaded,35365,
2026-07-17,NSE,M&M,raw_l2/trade_date=2026-07-17/exchange=NSE/symbol=M&M/part-082134_670926-037589.parquet,real_data_sample\l2_unseen_validation\trade_date=2026-07-17\exchange=NSE\symbol=M&M\part-082134_670926-037589.parquet,36138,downloaded,36138,
2026-07-17,NSE,M&M,raw_l2/trade_date=2026-07-17/exchange=NSE/symbol=M&M/part-082105_900502-037525.parquet,real_data_sample\l2_unseen_validation\trade_date=2026-07-17\exchange=NSE\symbol=M&M\part-082105_900502-037525.parquet,35967,downloaded,35967,
2026-07-17,NSE,M&M,raw_l2/trade_date=2026-07-17/exchange=NSE/symbol=M&M/part-082120_339874-037557.parquet,real_data_sample\l2_unseen_validation\trade_date=2026-07-17\exchange=NSE\symbol=M&M\part-082120_339874-037557.parquet,36364,downloaded,36364,
2026-07-17,NSE,M&M,raw_l2/trade_date=2026-07-17/exchange=NSE/symbol=M&M/part-082148_777343-037621.parquet,real_data_sample\l2_unseen_validation\trade_date=2026-07-17\exchange=NSE\symbol=M&M\part-082148_777343-037621.parquet,35797,downloaded,35797,
2026-07-17,NSE,M&M,raw_l2/trade_date=2026-07-17/exchange=NSE/symbol=M&M/part-082231_231581-037717.parquet,real_data_sample\l2_unseen_validation\trade_date=2026-07-17\exchange=NSE\symbol=M&M\part-082231_231581-037717.parquet,35971,downloaded,35971,
2026-07-17,NSE,M&M,raw_l2/trade_date=2026-07-17/exchange=NSE/symbol=M&M/part-082203_059282-037653.parquet,real_data_sample\l2_unseen_validation\trade_date=2026-07-17\exchange=NSE\symbol=M&M\part-082203_059282-037653.parquet,36200,downloaded,36200,
2026-07-17,NSE,M&M,raw_l2/trade_date=2026-07-17/exchange=NSE/symbol=M&M/part-082314_181165-037813.parquet,real_data_sample\l2_unseen_validation\trade_date=2026-07-17\exchange=NSE\symbol=M&M\part-082314_181165-037813.parquet,36040,downloaded,36040,
2026-07-17,NSE,M&M,raw_l2/trade_date=2026-07-17/exchange=NSE/symbol=M&M/part-082245_453475-037749.parquet,real_data_sample\l2_unseen_validation\trade_date=2026-07-17\exchange=NSE\symbol=M&M\part-082245_453475-037749.parquet,35809,downloaded,35809,
2026-07-17,NSE,M&M,raw_l2/trade_date=2026-07-17/exchange=NSE/symbol=M&M/part-082410_565751-037941.parquet,real_data_sample\l2_unseen_validation\trade_date=2026-07-17\exchange=NSE\symbol=M&M\part-082410_565751-037941.parquet,35532,downloaded,35532,
2026-07-17,NSE,M&M,raw_l2/trade_date=2026-07-17/exchange=NSE/symbol=M&M/part-082356_468122-037909.parquet,real_data_sample\l2_unseen_validation\trade_date=2026-07-17\exchange=NSE\symbol=M&M\part-082356_468122-037909.parquet,35117,downloaded,35117,
2026-07-17,NSE,M&M,raw_l2/trade_date=2026-07-17/exchange=NSE/symbol=M&M/part-082342_380843-037877.parquet,real_data_sample\l2_unseen_validation\trade_date=2026-07-17\exchange=NSE\symbol=M&M\part-082342_380843-037877.parquet,35361,downloaded,35361,
2026-07-17,NSE,M&M,raw_l2/trade_date=2026-07-17/exchange=NSE/symbol=M&M/part-082328_366797-037845.parquet,real_data_sample\l2_unseen_validation\trade_date=2026-07-17\exchange=NSE\symbol=M&M\part-082328_366797-037845.parquet,35519,downloaded,35519,
2026-07-17,NSE,M&M,raw_l2/trade_date=2026-07-17/exchange=NSE/symbol=M&M/part-082259_576608-037781.parquet,real_data_sample\l2_unseen_validation\trade_date=2026-07-17\exchange=NSE\symbol=M&M\part-082259_576608-037781.parquet,35594,downloaded,35594,
2026-07-17,NSE,M&M,raw_l2/trade_date=2026-07-17/exchange=NSE/symbol=M&M/part-082438_744709-038005.parquet,real_data_sample\l2_unseen_validation\trade_date=2026-07-17\exchange=NSE\symbol=M&M\part-082438_744709-038005.parquet,34979,downloaded,34979,
2026-07-17,NSE,M&M,raw_l2/trade_date=2026-07-17/exchange=NSE/symbol=M&M/part-082452_980365-038037.parquet,real_data_sample\l2_unseen_validation\trade_date=2026-07-17\exchange=NSE\symbol=M&M\part-082452_980365-038037.parquet,34882,downloaded,34882,
2026-07-17,NSE,M&M,raw_l2/trade_date=2026-07-17/exchange=NSE/symbol=M&M/part-082507_023796-038069.parquet,real_data_sample\l2_unseen_validation\trade_date=2026-07-17\exchange=NSE\symbol=M&M\part-082507_023796-038069.parquet,34589,downloaded,34589,
2026-07-17,NSE,M&M,raw_l2/trade_date=2026-07-17/exchange=NSE/symbol=M&M/part-082521_137120-038101.parquet,real_data_sample\l2_unseen_validation\trade_date=2026-07-17\exchange=NSE\symbol=M&M\part-082521_137120-038101.parquet,34917,downloaded,34917,
2026-07-17,NSE,M&M,raw_l2/trade_date=2026-07-17/exchange=NSE/symbol=M&M/part-082424_814805-037973.parquet,real_data_sample\l2_unseen_validation\trade_date=2026-07-17\exchange=NSE\symbol=M&M\part-082424_814805-037973.parquet,34524,downloaded,34524,
2026-07-17,NSE,M&M,raw_l2/trade_date=2026-07-17/exchange=NSE/symbol=M&M/part-082535_402871-038133.parquet,real_data_sample\l2_unseen_validation\trade_date=2026-07-17\exchange=NSE\symbol=M&M\part-082535_402871-038133.parquet,34910,downloaded,34910,
2026-07-17,NSE,M&M,raw_l2/trade_date=2026-07-17/exchange=NSE/symbol=M&M/part-082549_940632-038165.parquet,real_data_sample\l2_unseen_validation\trade_date=2026-07-17\exchange=NSE\symbol=M&M\part-082549_940632-038165.parquet,34445,downloaded,34445,
2026-07-17,NSE,M&M,raw_l2/trade_date=2026-07-17/exchange=NSE/symbol=M&M/part-082604_334596-038197.parquet,real_data_sample\l2_unseen_validation\trade_date=2026-07-17\exchange=NSE\symbol=M&M\part-082604_334596-038197.parquet,34826,downloaded,34826,
2026-07-17,NSE,M&M,raw_l2/trade_date=2026-07-17/exchange=NSE/symbol=M&M/part-082618_612293-038229.parquet,real_data_sample\l2_unseen_validation\trade_date=2026-07-17\exchange=NSE\symbol=M&M\part-082618_612293-038229.parquet,34937,downloaded,34937,
2026-07-17,NSE,M&M,raw_l2/trade_date=2026-07-17/exchange=NSE/symbol=M&M/part-082715_692961-038357.parquet,real_data_sample\l2_unseen_validation\trade_date=2026-07-17\exchange=NSE\symbol=M&M\part-082715_692961-038357.parquet,34959,downloaded,34959,
2026-07-17,NSE,M&M,raw_l2/trade_date=2026-07-17/exchange=NSE/symbol=M&M/part-082647_184954-038293.parquet,real_data_sample\l2_unseen_validation\trade_date=2026-07-17\exchange=NSE\symbol=M&M\part-082647_184954-038293.parquet,34806,downloaded,34806,
2026-07-17,NSE,M&M,raw_l2/trade_date=2026-07-17/exchange=NSE/symbol=M&M/part-082633_103411-038261.parquet,real_data_sample\l2_unseen_validation\trade_date=2026-07-17\exchange=NSE\symbol=M&M\part-082633_103411-038261.parquet,34666,downloaded,34666,
2026-07-17,NSE,M&M,raw_l2/trade_date=2026-07-17/exchange=NSE/symbol=M&M/part-082729_748687-038389.parquet,real_data_sample\l2_unseen_validation\trade_date=2026-07-17\exchange=NSE\symbol=M&M\part-082729_748687-038389.parquet,34650,downloaded,34650,
2026-07-17,NSE,M&M,raw_l2/trade_date=2026-07-17/exchange=NSE/symbol=M&M/part-082701_272280-038325.parquet,real_data_sample\l2_unseen_validation\trade_date=2026-07-17\exchange=NSE\symbol=M&M\part-082701_272280-038325.parquet,34619,downloaded,34619,
2026-07-17,NSE,M&M,raw_l2/trade_date=2026-07-17/exchange=NSE/symbol=M&M/part-082841_950569-038549.parquet,real_data_sample\l2_unseen_validation\trade_date=2026-07-17\exchange=NSE\symbol=M&M\part-082841_950569-038549.parquet,34762,downloaded,34762,
2026-07-17,NSE,M&M,raw_l2/trade_date=2026-07-17/exchange=NSE/symbol=M&M/part-082813_007267-038485.parquet,real_data_sample\l2_unseen_validation\trade_date=2026-07-17\exchange=NSE\symbol=M&M\part-082813_007267-038485.parquet,34714,downloaded,34714,
2026-07-17,NSE,M&M,raw_l2/trade_date=2026-07-17/exchange=NSE/symbol=M&M/part-082744_064619-038421.parquet,real_data_sample\l2_unseen_validation\trade_date=2026-07-17\exchange=NSE\symbol=M&M\part-082744_064619-038421.parquet,34730,downloaded,34730,
2026-07-17,NSE,M&M,raw_l2/trade_date=2026-07-17/exchange=NSE/symbol=M&M/part-082856_367782-038581.parquet,real_data_sample\l2_unseen_validation\trade_date=2026-07-17\exchange=NSE\symbol=M&M\part-082856_367782-038581.parquet,34968,downloaded,34968,
2026-07-17,NSE,M&M,raw_l2/trade_date=2026-07-17/exchange=NSE/symbol=M&M/part-082827_544789-038517.parquet,real_data_sample\l2_unseen_validation\trade_date=2026-07-17\exchange=NSE\symbol=M&M\part-082827_544789-038517.parquet,34689,downloaded,34689,
2026-07-17,NSE,M&M,raw_l2/trade_date=2026-07-17/exchange=NSE/symbol=M&M/part-082758_426233-038453.parquet,real_data_sample\l2_unseen_validation\trade_date=2026-07-17\exchange=NSE\symbol=M&M\part-082758_426233-038453.parquet,34794,downloaded,34794,
2026-07-17,NSE,M&M,raw_l2/trade_date=2026-07-17/exchange=NSE/symbol=M&M/part-082954_517563-038709.parquet,real_data_sample\l2_unseen_validation\trade_date=2026-07-17\exchange=NSE\symbol=M&M\part-082954_517563-038709.parquet,34754,downloaded,34754,
2026-07-17,NSE,M&M,raw_l2/trade_date=2026-07-17/exchange=NSE/symbol=M&M/part-082939_953831-038677.parquet,real_data_sample\l2_unseen_validation\trade_date=2026-07-17\exchange=NSE\symbol=M&M\part-082939_953831-038677.parquet,34801,downloaded,34801,
2026-07-17,NSE,M&M,raw_l2/trade_date=2026-07-17/exchange=NSE/symbol=M&M/part-082911_018633-038613.parquet,real_data_sample\l2_unseen_validation\trade_date=2026-07-17\exchange=NSE\symbol=M&M\part-082911_018633-038613.parquet,34725,downloaded,34725,
2026-07-17,NSE,M&M,raw_l2/trade_date=2026-07-17/exchange=NSE/symbol=M&M/part-083009_249921-038741.parquet,real_data_sample\l2_unseen_validation\trade_date=2026-07-17\exchange=NSE\symbol=M&M\part-083009_249921-038741.parquet,34884,downloaded,34884,
2026-07-17,NSE,M&M,raw_l2/trade_date=2026-07-17/exchange=NSE/symbol=M&M/part-082925_532423-038645.parquet,real_data_sample\l2_unseen_validation\trade_date=2026-07-17\exchange=NSE\symbol=M&M\part-082925_532423-038645.parquet,34636,downloaded,34636,
2026-07-17,NSE,M&M,raw_l2/trade_date=2026-07-17/exchange=NSE/symbol=M&M/part-083023_601646-038773.parquet,real_data_sample\l2_unseen_validation\trade_date=2026-07-17\exchange=NSE\symbol=M&M\part-083023_601646-038773.parquet,34868,downloaded,34868,
2026-07-17,NSE,M&M,raw_l2/trade_date=2026-07-17/exchange=NSE/symbol=M&M/part-083037_943716-038805.parquet,real_data_sample\l2_unseen_validation\trade_date=2026-07-17\exchange=NSE\symbol=M&M\part-083037_943716-038805.parquet,34788,downloaded,34788,
2026-07-17,NSE,M&M,raw_l2/trade_date=2026-07-17/exchange=NSE/symbol=M&M/part-083052_315858-038837.parquet,real_data_sample\l2_unseen_validation\trade_date=2026-07-17\exchange=NSE\symbol=M&M\part-083052_315858-038837.parquet,34840,downloaded,34840,
2026-07-17,NSE,M&M,raw_l2/trade_date=2026-07-17/exchange=NSE/symbol=M&M/part-083106_772327-038869.parquet,real_data_sample\l2_unseen_validation\trade_date=2026-07-17\exchange=NSE\symbol=M&M\part-083106_772327-038869.parquet,34765,downloaded,34765,
2026-07-17,NSE,M&M,raw_l2/trade_date=2026-07-17/exchange=NSE/symbol=M&M/part-083136_418064-038933.parquet,real_data_sample\l2_unseen_validation\trade_date=2026-07-17\exchange=NSE\symbol=M&M\part-083136_418064-038933.parquet,35553,downloaded,35553,
2026-07-17,NSE,M&M,raw_l2/trade_date=2026-07-17/exchange=NSE/symbol=M&M/part-083219_843089-039029.parquet,real_data_sample\l2_unseen_validation\trade_date=2026-07-17\exchange=NSE\symbol=M&M\part-083219_843089-039029.parquet,34941,downloaded,34941,
2026-07-17,NSE,M&M,raw_l2/trade_date=2026-07-17/exchange=NSE/symbol=M&M/part-083150_815936-038965.parquet,real_data_sample\l2_unseen_validation\trade_date=2026-07-17\exchange=NSE\symbol=M&M\part-083150_815936-038965.parquet,35716,downloaded,35716,
2026-07-17,NSE,M&M,raw_l2/trade_date=2026-07-17/exchange=NSE/symbol=M&M/part-083234_527468-039061.parquet,real_data_sample\l2_unseen_validation\trade_date=2026-07-17\exchange=NSE\symbol=M&M\part-083234_527468-039061.parquet,34994,downloaded,34994,
2026-07-17,NSE,M&M,raw_l2/trade_date=2026-07-17/exchange=NSE/symbol=M&M/part-083121_709602-038901.parquet,real_data_sample\l2_unseen_validation\trade_date=2026-07-17\exchange=NSE\symbol=M&M\part-083121_709602-038901.parquet,35699,downloaded,35699,
2026-07-17,NSE,M&M,raw_l2/trade_date=2026-07-17/exchange=NSE/symbol=M&M/part-083205_081340-038997.parquet,real_data_sample\l2_unseen_validation\trade_date=2026-07-17\exchange=NSE\symbol=M&M\part-083205_081340-038997.parquet,35411,downloaded,35411,
2026-07-17,NSE,M&M,raw_l2/trade_date=2026-07-17/exchange=NSE/symbol=M&M/part-083303_744997-039125.parquet,real_data_sample\l2_unseen_validation\trade_date=2026-07-17\exchange=NSE\symbol=M&M\part-083303_744997-039125.parquet,34788,downloaded,34788,
2026-07-17,NSE,M&M,raw_l2/trade_date=2026-07-17/exchange=NSE/symbol=M&M/part-083249_151672-039093.parquet,real_data_sample\l2_unseen_validation\trade_date=2026-07-17\exchange=NSE\symbol=M&M\part-083249_151672-039093.parquet,34722,downloaded,34722,
2026-07-17,NSE,M&M,raw_l2/trade_date=2026-07-17/exchange=NSE/symbol=M&M/part-083318_371692-039157.parquet,real_data_sample\l2_unseen_validation\trade_date=2026-07-17\exchange=NSE\symbol=M&M\part-083318_371692-039157.parquet,35380,downloaded,35380,
2026-07-17,NSE,M&M,raw_l2/trade_date=2026-07-17/exchange=NSE/symbol=M&M/part-080333_246797-035189.parquet,real_data_sample\l2_unseen_validation\trade_date=2026-07-17\exchange=NSE\symbol=M&M\part-080333_246797-035189.parquet,34800,downloaded,34800,
2026-07-17,NSE,M&M,raw_l2/trade_date=2026-07-17/exchange=NSE/symbol=M&M/part-083415_654567-039285.parquet,real_data_sample\l2_unseen_validation\trade_date=2026-07-17\exchange=NSE\symbol=M&M\part-083415_654567-039285.parquet,34950,downloaded,34950,
2026-07-17,NSE,M&M,raw_l2/trade_date=2026-07-17/exchange=NSE/symbol=M&M/part-083332_690224-039189.parquet,real_data_sample\l2_unseen_validation\trade_date=2026-07-17\exchange=NSE\symbol=M&M\part-083332_690224-039189.parquet,35610,downloaded,35610,
2026-07-17,NSE,M&M,raw_l2/trade_date=2026-07-17/exchange=NSE/symbol=M&M/part-083458_813495-039381.parquet,real_data_sample\l2_unseen_validation\trade_date=2026-07-17\exchange=NSE\symbol=M&M\part-083458_813495-039381.parquet,34835,downloaded,34835,
2026-07-17,NSE,M&M,raw_l2/trade_date=2026-07-17/exchange=NSE/symbol=M&M/part-083346_867571-039221.parquet,real_data_sample\l2_unseen_validation\trade_date=2026-07-17\exchange=NSE\symbol=M&M\part-083346_867571-039221.parquet,35872,downloaded,35872,
2026-07-17,NSE,M&M,raw_l2/trade_date=2026-07-17/exchange=NSE/symbol=M&M/part-083429_884414-039317.parquet,real_data_sample\l2_unseen_validation\trade_date=2026-07-17\exchange=NSE\symbol=M&M\part-083429_884414-039317.parquet,34713,downloaded,34713,
2026-07-17,NSE,M&M,raw_l2/trade_date=2026-07-17/exchange=NSE/symbol=M&M/part-080152_534802-034965.parquet,real_data_sample\l2_unseen_validation\trade_date=2026-07-17\exchange=NSE\symbol=M&M\part-080152_534802-034965.parquet,34967,downloaded,34967,
2026-07-17,NSE,M&M,raw_l2/trade_date=2026-07-17/exchange=NSE/symbol=M&M/part-083401_428066-039253.parquet,real_data_sample\l2_unseen_validation\trade_date=2026-07-17\exchange=NSE\symbol=M&M\part-083401_428066-039253.parquet,35364,downloaded,35364,
2026-07-17,NSE,M&M,raw_l2/trade_date=2026-07-17/exchange=NSE/symbol=M&M/part-083513_012058-039413.parquet,real_data_sample\l2_unseen_validation\trade_date=2026-07-17\exchange=NSE\symbol=M&M\part-083513_012058-039413.parquet,34639,downloaded,34639,
2026-07-17,NSE,M&M,raw_l2/trade_date=2026-07-17/exchange=NSE/symbol=M&M/part-083527_184382-039445.parquet,real_data_sample\l2_unseen_validation\trade_date=2026-07-17\exchange=NSE\symbol=M&M\part-083527_184382-039445.parquet,34870,downloaded,34870,
2026-07-17,NSE,M&M,raw_l2/trade_date=2026-07-17/exchange=NSE/symbol=M&M/part-083444_349674-039349.parquet,real_data_sample\l2_unseen_validation\trade_date=2026-07-17\exchange=NSE\symbol=M&M\part-083444_349674-039349.parquet,34758,downloaded,34758,
2026-07-17,NSE,M&M,raw_l2/trade_date=2026-07-17/exchange=NSE/symbol=M&M/part-080206_896595-034997.parquet,real_data_sample\l2_unseen_validation\trade_date=2026-07-17\exchange=NSE\symbol=M&M\part-080206_896595-034997.parquet,34913,downloaded,34913,
2026-07-17,NSE,M&M,raw_l2/trade_date=2026-07-17/exchange=NSE/symbol=M&M/part-083541_285665-039477.parquet,real_data_sample\l2_unseen_validation\trade_date=2026-07-17\exchange=NSE\symbol=M&M\part-083541_285665-039477.parquet,34737,downloaded,34737,
2026-07-17,NSE,M&M,raw_l2/trade_date=2026-07-17/exchange=NSE/symbol=M&M/part-080109_608961-034869.parquet,real_data_sample\l2_unseen_validation\trade_date=2026-07-17\exchange=NSE\symbol=M&M\part-080109_608961-034869.parquet,34787,downloaded,34787,
2026-07-17,NSE,M&M,raw_l2/trade_date=2026-07-17/exchange=NSE/symbol=M&M/part-083555_464432-039509.parquet,real_data_sample\l2_unseen_validation\trade_date=2026-07-17\exchange=NSE\symbol=M&M\part-083555_464432-039509.parquet,35005,downloaded,35005,
2026-07-17,NSE,M&M,raw_l2/trade_date=2026-07-17/exchange=NSE/symbol=M&M/part-080250_363143-035093.parquet,real_data_sample\l2_unseen_validation\trade_date=2026-07-17\exchange=NSE\symbol=M&M\part-080250_363143-035093.parquet,35268,downloaded,35268,
2026-07-17,NSE,M&M,raw_l2/trade_date=2026-07-17/exchange=NSE/symbol=M&M/part-080040_763166-034805.parquet,real_data_sample\l2_unseen_validation\trade_date=2026-07-17\exchange=NSE\symbol=M&M\part-080040_763166-034805.parquet,34576,downloaded,34576,
2026-07-17,NSE,M&M,raw_l2/trade_date=2026-07-17/exchange=NSE/symbol=M&M/part-083609_678174-039541.parquet,real_data_sample\l2_unseen_validation\trade_date=2026-07-17\exchange=NSE\symbol=M&M\part-083609_678174-039541.parquet,34822,downloaded,34822,
2026-07-17,NSE,M&M,raw_l2/trade_date=2026-07-17/exchange=NSE/symbol=M&M/part-083638_266696-039605.parquet,real_data_sample\l2_unseen_validation\trade_date=2026-07-17\exchange=NSE\symbol=M&M\part-083638_266696-039605.parquet,35529,downloaded,35529,
2026-07-17,NSE,M&M,raw_l2/trade_date=2026-07-17/exchange=NSE/symbol=M&M/part-083624_023881-039573.parquet,real_data_sample\l2_unseen_validation\trade_date=2026-07-17\exchange=NSE\symbol=M&M\part-083624_023881-039573.parquet,35487,downloaded,35487,
2026-07-17,NSE,M&M,raw_l2/trade_date=2026-07-17/exchange=NSE/symbol=M&M/part-080220_970705-035029.parquet,real_data_sample\l2_unseen_validation\trade_date=2026-07-17\exchange=NSE\symbol=M&M\part-080220_970705-035029.parquet,35470,downloaded,35470,
2026-07-17,NSE,M&M,raw_l2/trade_date=2026-07-17/exchange=NSE/symbol=M&M/part-083652_583624-039637.parquet,real_data_sample\l2_unseen_validation\trade_date=2026-07-17\exchange=NSE\symbol=M&M\part-083652_583624-039637.parquet,35550,downloaded,35550,
2026-07-17,NSE,M&M,raw_l2/trade_date=2026-07-17/exchange=NSE/symbol=M&M/part-080347_933011-035221.parquet,real_data_sample\l2_unseen_validation\trade_date=2026-07-17\exchange=NSE\symbol=M&M\part-080347_933011-035221.parquet,34933,downloaded,34933,
2026-07-17,NSE,M&M,raw_l2/trade_date=2026-07-17/exchange=NSE/symbol=M&M/part-083706_672151-039669.parquet,real_data_sample\l2_unseen_validation\trade_date=2026-07-17\exchange=NSE\symbol=M&M\part-083706_672151-039669.parquet,36009,downloaded,36009,
2026-07-17,NSE,M&M,raw_l2/trade_date=2026-07-17/exchange=NSE/symbol=M&M/part-083720_784854-039701.parquet,real_data_sample\l2_unseen_validation\trade_date=2026-07-17\exchange=NSE\symbol=M&M\part-083720_784854-039701.parquet,34945,downloaded,34945,
2026-07-17,NSE,M&M,raw_l2/trade_date=2026-07-17/exchange=NSE/symbol=M&M/part-083749_299453-039765.parquet,real_data_sample\l2_unseen_validation\trade_date=2026-07-17\exchange=NSE\symbol=M&M\part-083749_299453-039765.parquet,34606,downloaded,34606,
2026-07-17,NSE,M&M,raw_l2/trade_date=2026-07-17/exchange=NSE/symbol=M&M/part-083817_866358-039829.parquet,real_data_sample\l2_unseen_validation\trade_date=2026-07-17\exchange=NSE\symbol=M&M\part-083817_866358-039829.parquet,34518,downloaded,34518,
2026-07-17,NSE,M&M,raw_l2/trade_date=2026-07-17/exchange=NSE/symbol=M&M/part-080235_598543-035061.parquet,real_data_sample\l2_unseen_validation\trade_date=2026-07-17\exchange=NSE\symbol=M&M\part-080235_598543-035061.parquet,35543,downloaded,35543,
2026-07-17,NSE,M&M,raw_l2/trade_date=2026-07-17/exchange=NSE/symbol=M&M/part-083803_724408-039797.parquet,real_data_sample\l2_unseen_validation\trade_date=2026-07-17\exchange=NSE\symbol=M&M\part-083803_724408-039797.parquet,34511,downloaded,34511,
2026-07-17,NSE,M&M,raw_l2/trade_date=2026-07-17/exchange=NSE/symbol=M&M/part-080304_569658-035125.parquet,real_data_sample\l2_unseen_validation\trade_date=2026-07-17\exchange=NSE\symbol=M&M\part-080304_569658-035125.parquet,35453,downloaded,35453,
2026-07-17,NSE,M&M,raw_l2/trade_date=2026-07-17/exchange=NSE/symbol=M&M/part-083846_538414-039893.parquet,real_data_sample\l2_unseen_validation\trade_date=2026-07-17\exchange=NSE\symbol=M&M\part-083846_538414-039893.parquet,35005,downloaded,35005,
2026-07-17,NSE,M&M,raw_l2/trade_date=2026-07-17/exchange=NSE/symbol=M&M/part-080123_745601-034901.parquet,real_data_sample\l2_unseen_validation\trade_date=2026-07-17\exchange=NSE\symbol=M&M\part-080123_745601-034901.parquet,34841,downloaded,34841,
2026-07-17,NSE,M&M,raw_l2/trade_date=2026-07-17/exchange=NSE/symbol=M&M/part-083735_060864-039733.parquet,real_data_sample\l2_unseen_validation\trade_date=2026-07-17\exchange=NSE\symbol=M&M\part-083735_060864-039733.parquet,34658,downloaded,34658,
2026-07-17,NSE,M&M,raw_l2/trade_date=2026-07-17/exchange=NSE/symbol=M&M/part-083832_294543-039861.parquet,real_data_sample\l2_unseen_validation\trade_date=2026-07-17\exchange=NSE\symbol=M&M\part-083832_294543-039861.parquet,34756,downloaded,34756,
2026-07-17,NSE,M&M,raw_l2/trade_date=2026-07-17/exchange=NSE/symbol=M&M/part-083900_887985-039925.parquet,real_data_sample\l2_unseen_validation\trade_date=2026-07-17\exchange=NSE\symbol=M&M\part-083900_887985-039925.parquet,34806,downloaded,34806,
2026-07-17,NSE,M&M,raw_l2/trade_date=2026-07-17/exchange=NSE/symbol=M&M/part-083929_681913-039989.parquet,real_data_sample\l2_unseen_validation\trade_date=2026-07-17\exchange=NSE\symbol=M&M\part-083929_681913-039989.parquet,35697,downloaded,35697,
2026-07-17,NSE,M&M,raw_l2/trade_date=2026-07-17/exchange=NSE/symbol=M&M/part-083915_216904-039957.parquet,real_data_sample\l2_unseen_validation\trade_date=2026-07-17\exchange=NSE\symbol=M&M\part-083915_216904-039957.parquet,34840,downloaded,34840,
2026-07-17,NSE,M&M,raw_l2/trade_date=2026-07-17/exchange=NSE/symbol=M&M/part-083943_890242-040021.parquet,real_data_sample\l2_unseen_validation\trade_date=2026-07-17\exchange=NSE\symbol=M&M\part-083943_890242-040021.parquet,35360,downloaded,35360,
2026-07-17,NSE,M&M,raw_l2/trade_date=2026-07-17/exchange=NSE/symbol=M&M/part-084026_737002-040117.parquet,real_data_sample\l2_unseen_validation\trade_date=2026-07-17\exchange=NSE\symbol=M&M\part-084026_737002-040117.parquet,34712,downloaded,34712,
2026-07-17,NSE,M&M,raw_l2/trade_date=2026-07-17/exchange=NSE/symbol=M&M/part-083958_202361-040053.parquet,real_data_sample\l2_unseen_validation\trade_date=2026-07-17\exchange=NSE\symbol=M&M\part-083958_202361-040053.parquet,35527,downloaded,35527,
2026-07-17,NSE,M&M,raw_l2/trade_date=2026-07-17/exchange=NSE/symbol=M&M/part-084041_153927-040149.parquet,real_data_sample\l2_unseen_validation\trade_date=2026-07-17\exchange=NSE\symbol=M&M\part-084041_153927-040149.parquet,34754,downloaded,34754,
2026-07-17,NSE,M&M,raw_l2/trade_date=2026-07-17/exchange=NSE/symbol=M&M/part-084012_553744-040085.parquet,real_data_sample\l2_unseen_validation\trade_date=2026-07-17\exchange=NSE\symbol=M&M\part-084012_553744-040085.parquet,35791,downloaded,35791,
2026-07-17,NSE,M&M,raw_l2/trade_date=2026-07-17/exchange=NSE/symbol=M&M/part-084055_722178-040181.parquet,real_data_sample\l2_unseen_validation\trade_date=2026-07-17\exchange=NSE\symbol=M&M\part-084055_722178-040181.parquet,34610,downloaded,34610,
2026-07-17,NSE,M&M,raw_l2/trade_date=2026-07-17/exchange=NSE/symbol=M&M/part-084109_729605-040213.parquet,real_data_sample\l2_unseen_validation\trade_date=2026-07-17\exchange=NSE\symbol=M&M\part-084109_729605-040213.parquet,34631,downloaded,34631,
2026-07-17,NSE,M&M,raw_l2/trade_date=2026-07-17/exchange=NSE/symbol=M&M/part-084123_987988-040245.parquet,real_data_sample\l2_unseen_validation\trade_date=2026-07-17\exchange=NSE\symbol=M&M\part-084123_987988-040245.parquet,34888,downloaded,34888,
2026-07-17,NSE,M&M,raw_l2/trade_date=2026-07-17/exchange=NSE/symbol=M&M/part-084138_412339-040277.parquet,real_data_sample\l2_unseen_validation\trade_date=2026-07-17\exchange=NSE\symbol=M&M\part-084138_412339-040277.parquet,34964,downloaded,34964,
2026-07-17,NSE,M&M,raw_l2/trade_date=2026-07-17/exchange=NSE/symbol=M&M/part-084152_799311-040309.parquet,real_data_sample\l2_unseen_validation\trade_date=2026-07-17\exchange=NSE\symbol=M&M\part-084152_799311-040309.parquet,34953,downloaded,34953,
2026-07-17,NSE,M&M,raw_l2/trade_date=2026-07-17/exchange=NSE/symbol=M&M/part-084207_131996-040341.parquet,real_data_sample\l2_unseen_validation\trade_date=2026-07-17\exchange=NSE\symbol=M&M\part-084207_131996-040341.parquet,34700,downloaded,34700,
2026-07-17,NSE,M&M,raw_l2/trade_date=2026-07-17/exchange=NSE/symbol=M&M/part-084304_520698-040469.parquet,real_data_sample\l2_unseen_validation\trade_date=2026-07-17\exchange=NSE\symbol=M&M\part-084304_520698-040469.parquet,35442,downloaded,35442,
2026-07-17,NSE,M&M,raw_l2/trade_date=2026-07-17/exchange=NSE/symbol=M&M/part-084235_889660-040405.parquet,real_data_sample\l2_unseen_validation\trade_date=2026-07-17\exchange=NSE\symbol=M&M\part-084235_889660-040405.parquet,35921,downloaded,35921,
2026-07-17,NSE,M&M,raw_l2/trade_date=2026-07-17/exchange=NSE/symbol=M&M/part-084250_348709-040437.parquet,real_data_sample\l2_unseen_validation\trade_date=2026-07-17\exchange=NSE\symbol=M&M\part-084250_348709-040437.parquet,35682,downloaded,35682,
2026-07-17,NSE,M&M,raw_l2/trade_date=2026-07-17/exchange=NSE/symbol=M&M/part-084333_445530-040533.parquet,real_data_sample\l2_unseen_validation\trade_date=2026-07-17\exchange=NSE\symbol=M&M\part-084333_445530-040533.parquet,34646,downloaded,34646,
2026-07-17,NSE,M&M,raw_l2/trade_date=2026-07-17/exchange=NSE/symbol=M&M/part-084318_991987-040501.parquet,real_data_sample\l2_unseen_validation\trade_date=2026-07-17\exchange=NSE\symbol=M&M\part-084318_991987-040501.parquet,35101,downloaded,35101,
2026-07-17,NSE,M&M,raw_l2/trade_date=2026-07-17/exchange=NSE/symbol=M&M/part-084347_876734-040565.parquet,real_data_sample\l2_unseen_validation\trade_date=2026-07-17\exchange=NSE\symbol=M&M\part-084347_876734-040565.parquet,34783,downloaded,34783,
2026-07-17,NSE,M&M,raw_l2/trade_date=2026-07-17/exchange=NSE/symbol=M&M/part-084543_304247-040821.parquet,real_data_sample\l2_unseen_validation\trade_date=2026-07-17\exchange=NSE\symbol=M&M\part-084543_304247-040821.parquet,36423,downloaded,36423,
2026-07-17,NSE,M&M,raw_l2/trade_date=2026-07-17/exchange=NSE/symbol=M&M/part-084416_823809-040629.parquet,real_data_sample\l2_unseen_validation\trade_date=2026-07-17\exchange=NSE\symbol=M&M\part-084416_823809-040629.parquet,34717,downloaded,34717,
2026-07-17,NSE,M&M,raw_l2/trade_date=2026-07-17/exchange=NSE/symbol=M&M/part-084557_521926-040853.parquet,real_data_sample\l2_unseen_validation\trade_date=2026-07-17\exchange=NSE\symbol=M&M\part-084557_521926-040853.parquet,36100,downloaded,36100,
2026-07-17,NSE,M&M,raw_l2/trade_date=2026-07-17/exchange=NSE/symbol=M&M/part-084626_244114-040917.parquet,real_data_sample\l2_unseen_validation\trade_date=2026-07-17\exchange=NSE\symbol=M&M\part-084626_244114-040917.parquet,36216,downloaded,36216,
2026-07-17,NSE,M&M,raw_l2/trade_date=2026-07-17/exchange=NSE/symbol=M&M/part-084445_557406-040693.parquet,real_data_sample\l2_unseen_validation\trade_date=2026-07-17\exchange=NSE\symbol=M&M\part-084445_557406-040693.parquet,34658,downloaded,34658,
2026-07-17,NSE,M&M,raw_l2/trade_date=2026-07-17/exchange=NSE/symbol=M&M/part-084612_058270-040885.parquet,real_data_sample\l2_unseen_validation\trade_date=2026-07-17\exchange=NSE\symbol=M&M\part-084612_058270-040885.parquet,36720,downloaded,36720,
2026-07-17,NSE,M&M,raw_l2/trade_date=2026-07-17/exchange=NSE/symbol=M&M/part-084431_242891-040661.parquet,real_data_sample\l2_unseen_validation\trade_date=2026-07-17\exchange=NSE\symbol=M&M\part-084431_242891-040661.parquet,34524,downloaded,34524,
2026-07-17,NSE,M&M,raw_l2/trade_date=2026-07-17/exchange=NSE/symbol=M&M/part-084640_612425-040949.parquet,real_data_sample\l2_unseen_validation\trade_date=2026-07-17\exchange=NSE\symbol=M&M\part-084640_612425-040949.parquet,35959,downloaded,35959,
2026-07-17,NSE,M&M,raw_l2/trade_date=2026-07-17/exchange=NSE/symbol=M&M/part-084514_435754-040757.parquet,real_data_sample\l2_unseen_validation\trade_date=2026-07-17\exchange=NSE\symbol=M&M\part-084514_435754-040757.parquet,35104,downloaded,35104,
2026-07-17,NSE,M&M,raw_l2/trade_date=2026-07-17/exchange=NSE/symbol=M&M/part-084500_018174-040725.parquet,real_data_sample\l2_unseen_validation\trade_date=2026-07-17\exchange=NSE\symbol=M&M\part-084500_018174-040725.parquet,34980,downloaded,34980,
2026-07-17,NSE,M&M,raw_l2/trade_date=2026-07-17/exchange=NSE/symbol=M&M/part-084528_879980-040789.parquet,real_data_sample\l2_unseen_validation\trade_date=2026-07-17\exchange=NSE\symbol=M&M\part-084528_879980-040789.parquet,36411,downloaded,36411,
2026-07-17,NSE,M&M,raw_l2/trade_date=2026-07-17/exchange=NSE/symbol=M&M/part-084654_865126-040981.parquet,real_data_sample\l2_unseen_validation\trade_date=2026-07-17\exchange=NSE\symbol=M&M\part-084654_865126-040981.parquet,35929,downloaded,35929,
2026-07-17,NSE,M&M,raw_l2/trade_date=2026-07-17/exchange=NSE/symbol=M&M/part-084723_246108-041045.parquet,real_data_sample\l2_unseen_validation\trade_date=2026-07-17\exchange=NSE\symbol=M&M\part-084723_246108-041045.parquet,36366,downloaded,36366,
2026-07-17,NSE,M&M,raw_l2/trade_date=2026-07-17/exchange=NSE/symbol=M&M/part-084806_117350-041141.parquet,real_data_sample\l2_unseen_validation\trade_date=2026-07-17\exchange=NSE\symbol=M&M\part-084806_117350-041141.parquet,35916,downloaded,35916,
2026-07-17,NSE,M&M,raw_l2/trade_date=2026-07-17/exchange=NSE/symbol=M&M/part-084709_049642-041013.parquet,real_data_sample\l2_unseen_validation\trade_date=2026-07-17\exchange=NSE\symbol=M&M\part-084709_049642-041013.parquet,35875,downloaded,35875,
2026-07-17,NSE,M&M,raw_l2/trade_date=2026-07-17/exchange=NSE/symbol=M&M/part-084751_797377-041109.parquet,real_data_sample\l2_unseen_validation\trade_date=2026-07-17\exchange=NSE\symbol=M&M\part-084751_797377-041109.parquet,36073,downloaded,36073,
2026-07-17,NSE,M&M,raw_l2/trade_date=2026-07-17/exchange=NSE/symbol=M&M/part-084402_443174-040597.parquet,real_data_sample\l2_unseen_validation\trade_date=2026-07-17\exchange=NSE\symbol=M&M\part-084402_443174-040597.parquet,34612,downloaded,34612,
2026-07-17,NSE,M&M,raw_l2/trade_date=2026-07-17/exchange=NSE/symbol=M&M/part-084737_490647-041077.parquet,real_data_sample\l2_unseen_validation\trade_date=2026-07-17\exchange=NSE\symbol=M&M\part-084737_490647-041077.parquet,36287,downloaded,36287,
2026-07-17,NSE,M&M,raw_l2/trade_date=2026-07-17/exchange=NSE/symbol=M&M/part-084834_692185-041205.parquet,real_data_sample\l2_unseen_validation\trade_date=2026-07-17\exchange=NSE\symbol=M&M\part-084834_692185-041205.parquet,36083,downloaded,36083,
2026-07-17,NSE,M&M,raw_l2/trade_date=2026-07-17/exchange=NSE/symbol=M&M/part-084820_328023-041173.parquet,real_data_sample\l2_unseen_validation\trade_date=2026-07-17\exchange=NSE\symbol=M&M\part-084820_328023-041173.parquet,36081,downloaded,36081,
2026-07-17,NSE,M&M,raw_l2/trade_date=2026-07-17/exchange=NSE/symbol=M&M/part-084903_653030-041269.parquet,real_data_sample\l2_unseen_validation\trade_date=2026-07-17\exchange=NSE\symbol=M&M\part-084903_653030-041269.parquet,35902,downloaded,35902,
2026-07-17,NSE,M&M,raw_l2/trade_date=2026-07-17/exchange=NSE/symbol=M&M/part-084849_206010-041237.parquet,real_data_sample\l2_unseen_validation\trade_date=2026-07-17\exchange=NSE\symbol=M&M\part-084849_206010-041237.parquet,36037,downloaded,36037,
2026-07-17,NSE,M&M,raw_l2/trade_date=2026-07-17/exchange=NSE/symbol=M&M/part-084918_532669-041301.parquet,real_data_sample\l2_unseen_validation\trade_date=2026-07-17\exchange=NSE\symbol=M&M\part-084918_532669-041301.parquet,36055,downloaded,36055,
2026-07-17,NSE,M&M,raw_l2/trade_date=2026-07-17/exchange=NSE/symbol=M&M/part-084221_613304-040373.parquet,real_data_sample\l2_unseen_validation\trade_date=2026-07-17\exchange=NSE\symbol=M&M\part-084221_613304-040373.parquet,35710,downloaded,35710,
2026-07-17,NSE,M&M,raw_l2/trade_date=2026-07-17/exchange=NSE/symbol=M&M/part-084932_869469-041333.parquet,real_data_sample\l2_unseen_validation\trade_date=2026-07-17\exchange=NSE\symbol=M&M\part-084932_869469-041333.parquet,35893,downloaded,35893,
2026-07-17,NSE,M&M,raw_l2/trade_date=2026-07-17/exchange=NSE/symbol=M&M/part-085001_989854-041397.parquet,real_data_sample\l2_unseen_validation\trade_date=2026-07-17\exchange=NSE\symbol=M&M\part-085001_989854-041397.parquet,36289,downloaded,36289,
2026-07-17,NSE,M&M,raw_l2/trade_date=2026-07-17/exchange=NSE/symbol=M&M/part-084947_392954-041365.parquet,real_data_sample\l2_unseen_validation\trade_date=2026-07-17\exchange=NSE\symbol=M&M\part-084947_392954-041365.parquet,35573,downloaded,35573,
2026-07-17,NSE,M&M,raw_l2/trade_date=2026-07-17/exchange=NSE/symbol=M&M/part-085114_316626-041557.parquet,real_data_sample\l2_unseen_validation\trade_date=2026-07-17\exchange=NSE\symbol=M&M\part-085114_316626-041557.parquet,35603,downloaded,35603,
2026-07-17,NSE,M&M,raw_l2/trade_date=2026-07-17/exchange=NSE/symbol=M&M/part-085016_379468-041429.parquet,real_data_sample\l2_unseen_validation\trade_date=2026-07-17\exchange=NSE\symbol=M&M\part-085016_379468-041429.parquet,35959,downloaded,35959,
2026-07-17,NSE,M&M,raw_l2/trade_date=2026-07-17/exchange=NSE/symbol=M&M/part-085059_454702-041525.parquet,real_data_sample\l2_unseen_validation\trade_date=2026-07-17\exchange=NSE\symbol=M&M\part-085059_454702-041525.parquet,35709,downloaded,35709,
2026-07-17,NSE,M&M,raw_l2/trade_date=2026-07-17/exchange=NSE/symbol=M&M/part-085030_685160-041461.parquet,real_data_sample\l2_unseen_validation\trade_date=2026-07-17\exchange=NSE\symbol=M&M\part-085030_685160-041461.parquet,35616,downloaded,35616,
2026-07-17,NSE,M&M,raw_l2/trade_date=2026-07-17/exchange=NSE/symbol=M&M/part-085044_980100-041493.parquet,real_data_sample\l2_unseen_validation\trade_date=2026-07-17\exchange=NSE\symbol=M&M\part-085044_980100-041493.parquet,35720,downloaded,35720,
2026-07-17,NSE,M&M,raw_l2/trade_date=2026-07-17/exchange=NSE/symbol=M&M/part-085409_822202-041941.parquet,real_data_sample\l2_unseen_validation\trade_date=2026-07-17\exchange=NSE\symbol=M&M\part-085409_822202-041941.parquet,35571,downloaded,35571,
2026-07-17,NSE,M&M,raw_l2/trade_date=2026-07-17/exchange=NSE/symbol=M&M/part-085256_399271-041781.parquet,real_data_sample\l2_unseen_validation\trade_date=2026-07-17\exchange=NSE\symbol=M&M\part-085256_399271-041781.parquet,35545,downloaded,35545,
2026-07-17,NSE,M&M,raw_l2/trade_date=2026-07-17/exchange=NSE/symbol=M&M/part-085424_000393-041973.parquet,real_data_sample\l2_unseen_validation\trade_date=2026-07-17\exchange=NSE\symbol=M&M\part-085424_000393-041973.parquet,35536,downloaded,35536,
2026-07-17,NSE,M&M,raw_l2/trade_date=2026-07-17/exchange=NSE/symbol=M&M/part-085438_469101-042005.parquet,real_data_sample\l2_unseen_validation\trade_date=2026-07-17\exchange=NSE\symbol=M&M\part-085438_469101-042005.parquet,35929,downloaded,35929,
2026-07-17,NSE,M&M,raw_l2/trade_date=2026-07-17/exchange=NSE/symbol=M&M/part-085507_192718-042069.parquet,real_data_sample\l2_unseen_validation\trade_date=2026-07-17\exchange=NSE\symbol=M&M\part-085507_192718-042069.parquet,35807,downloaded,35807,
2026-07-17,NSE,M&M,raw_l2/trade_date=2026-07-17/exchange=NSE/symbol=M&M/part-085326_462234-041845.parquet,real_data_sample\l2_unseen_validation\trade_date=2026-07-17\exchange=NSE\symbol=M&M\part-085326_462234-041845.parquet,36204,downloaded,36204,
2026-07-17,NSE,M&M,raw_l2/trade_date=2026-07-17/exchange=NSE/symbol=M&M/part-085355_530683-041909.parquet,real_data_sample\l2_unseen_validation\trade_date=2026-07-17\exchange=NSE\symbol=M&M\part-085355_530683-041909.parquet,35204,downloaded,35204,
2026-07-17,NSE,M&M,raw_l2/trade_date=2026-07-17/exchange=NSE/symbol=M&M/part-085311_473987-041813.parquet,real_data_sample\l2_unseen_validation\trade_date=2026-07-17\exchange=NSE\symbol=M&M\part-085311_473987-041813.parquet,35667,downloaded,35667,
2026-07-17,NSE,M&M,raw_l2/trade_date=2026-07-17/exchange=NSE/symbol=M&M/part-085452_803169-042037.parquet,real_data_sample\l2_unseen_validation\trade_date=2026-07-17\exchange=NSE\symbol=M&M\part-085452_803169-042037.parquet,35897,downloaded,35897,
2026-07-17,NSE,M&M,raw_l2/trade_date=2026-07-17/exchange=NSE/symbol=M&M/part-085341_395773-041877.parquet,real_data_sample\l2_unseen_validation\trade_date=2026-07-17\exchange=NSE\symbol=M&M\part-085341_395773-041877.parquet,35768,downloaded,35768,
2026-07-17,NSE,M&M,raw_l2/trade_date=2026-07-17/exchange=NSE/symbol=M&M/part-085128_639967-041589.parquet,real_data_sample\l2_unseen_validation\trade_date=2026-07-17\exchange=NSE\symbol=M&M\part-085128_639967-041589.parquet,34645,downloaded,34645,
2026-07-17,NSE,M&M,raw_l2/trade_date=2026-07-17/exchange=NSE/symbol=M&M/part-085535_645383-042133.parquet,real_data_sample\l2_unseen_validation\trade_date=2026-07-17\exchange=NSE\symbol=M&M\part-085535_645383-042133.parquet,35989,downloaded,35989,
2026-07-17,NSE,M&M,raw_l2/trade_date=2026-07-17/exchange=NSE/symbol=M&M/part-085521_297153-042101.parquet,real_data_sample\l2_unseen_validation\trade_date=2026-07-17\exchange=NSE\symbol=M&M\part-085521_297153-042101.parquet,35723,downloaded,35723,
2026-07-17,NSE,M&M,raw_l2/trade_date=2026-07-17/exchange=NSE/symbol=M&M/part-085157_560165-041653.parquet,real_data_sample\l2_unseen_validation\trade_date=2026-07-17\exchange=NSE\symbol=M&M\part-085157_560165-041653.parquet,34480,downloaded,34480,
2026-07-17,NSE,M&M,raw_l2/trade_date=2026-07-17/exchange=NSE/symbol=M&M/part-085603_905888-042197.parquet,real_data_sample\l2_unseen_validation\trade_date=2026-07-17\exchange=NSE\symbol=M&M\part-085603_905888-042197.parquet,35709,downloaded,35709,
2026-07-17,NSE,M&M,raw_l2/trade_date=2026-07-17/exchange=NSE/symbol=M&M/part-085143_032762-041621.parquet,real_data_sample\l2_unseen_validation\trade_date=2026-07-17\exchange=NSE\symbol=M&M\part-085143_032762-041621.parquet,34797,downloaded,34797,
2026-07-17,NSE,M&M,raw_l2/trade_date=2026-07-17/exchange=NSE/symbol=M&M/part-085212_174978-041685.parquet,real_data_sample\l2_unseen_validation\trade_date=2026-07-17\exchange=NSE\symbol=M&M\part-085212_174978-041685.parquet,34812,downloaded,34812,
2026-07-17,NSE,M&M,raw_l2/trade_date=2026-07-17/exchange=NSE/symbol=M&M/part-085241_489872-041749.parquet,real_data_sample\l2_unseen_validation\trade_date=2026-07-17\exchange=NSE\symbol=M&M\part-085241_489872-041749.parquet,35833,downloaded,35833,
2026-07-17,NSE,M&M,raw_l2/trade_date=2026-07-17/exchange=NSE/symbol=M&M/part-085618_004421-042229.parquet,real_data_sample\l2_unseen_validation\trade_date=2026-07-17\exchange=NSE\symbol=M&M\part-085618_004421-042229.parquet,35461,downloaded,35461,
2026-07-17,NSE,M&M,raw_l2/trade_date=2026-07-17/exchange=NSE/symbol=M&M/part-085226_920483-041717.parquet,real_data_sample\l2_unseen_validation\trade_date=2026-07-17\exchange=NSE\symbol=M&M\part-085226_920483-041717.parquet,35870,downloaded,35870,
2026-07-17,NSE,M&M,raw_l2/trade_date=2026-07-17/exchange=NSE/symbol=M&M/part-085549_829444-042165.parquet,real_data_sample\l2_unseen_validation\trade_date=2026-07-17\exchange=NSE\symbol=M&M\part-085549_829444-042165.parquet,35686,downloaded,35686,
2026-07-17,NSE,M&M,raw_l2/trade_date=2026-07-17/exchange=NSE/symbol=M&M/part-085632_329711-042261.parquet,real_data_sample\l2_unseen_validation\trade_date=2026-07-17\exchange=NSE\symbol=M&M\part-085632_329711-042261.parquet,35954,downloaded,35954,
2026-07-17,NSE,M&M,raw_l2/trade_date=2026-07-17/exchange=NSE/symbol=M&M/part-085646_743506-042293.parquet,real_data_sample\l2_unseen_validation\trade_date=2026-07-17\exchange=NSE\symbol=M&M\part-085646_743506-042293.parquet,36089,downloaded,36089,
2026-07-17,NSE,M&M,raw_l2/trade_date=2026-07-17/exchange=NSE/symbol=M&M/part-085715_061478-042357.parquet,real_data_sample\l2_unseen_validation\trade_date=2026-07-17\exchange=NSE\symbol=M&M\part-085715_061478-042357.parquet,35491,downloaded,35491,
2026-07-17,NSE,M&M,raw_l2/trade_date=2026-07-17/exchange=NSE/symbol=M&M/part-085729_226663-042389.parquet,real_data_sample\l2_unseen_validation\trade_date=2026-07-17\exchange=NSE\symbol=M&M\part-085729_226663-042389.parquet,34688,downloaded,34688,
2026-07-17,NSE,M&M,raw_l2/trade_date=2026-07-17/exchange=NSE/symbol=M&M/part-085743_681552-042421.parquet,real_data_sample\l2_unseen_validation\trade_date=2026-07-17\exchange=NSE\symbol=M&M\part-085743_681552-042421.parquet,34466,downloaded,34466,
2026-07-17,NSE,M&M,raw_l2/trade_date=2026-07-17/exchange=NSE/symbol=M&M/part-085826_956620-042517.parquet,real_data_sample\l2_unseen_validation\trade_date=2026-07-17\exchange=NSE\symbol=M&M\part-085826_956620-042517.parquet,34685,downloaded,34685,
2026-07-17,NSE,M&M,raw_l2/trade_date=2026-07-17/exchange=NSE/symbol=M&M/part-085855_909000-042581.parquet,real_data_sample\l2_unseen_validation\trade_date=2026-07-17\exchange=NSE\symbol=M&M\part-085855_909000-042581.parquet,34555,downloaded,34555,
2026-07-17,NSE,M&M,raw_l2/trade_date=2026-07-17/exchange=NSE/symbol=M&M/part-085812_565981-042485.parquet,real_data_sample\l2_unseen_validation\trade_date=2026-07-17\exchange=NSE\symbol=M&M\part-085812_565981-042485.parquet,34647,downloaded,34647,
2026-07-17,NSE,M&M,raw_l2/trade_date=2026-07-17/exchange=NSE/symbol=M&M/part-085758_130035-042453.parquet,real_data_sample\l2_unseen_validation\trade_date=2026-07-17\exchange=NSE\symbol=M&M\part-085758_130035-042453.parquet,34672,downloaded,34672,
2026-07-17,NSE,M&M,raw_l2/trade_date=2026-07-17/exchange=NSE/symbol=M&M/part-085841_421066-042549.parquet,real_data_sample\l2_unseen_validation\trade_date=2026-07-17\exchange=NSE\symbol=M&M\part-085841_421066-042549.parquet,34800,downloaded,34800,
2026-07-17,NSE,M&M,raw_l2/trade_date=2026-07-17/exchange=NSE/symbol=M&M/part-090135_922018-042933.parquet,real_data_sample\l2_unseen_validation\trade_date=2026-07-17\exchange=NSE\symbol=M&M\part-090135_922018-042933.parquet,34552,downloaded,34552,
2026-07-17,NSE,M&M,raw_l2/trade_date=2026-07-17/exchange=NSE/symbol=M&M/part-085939_834614-042677.parquet,real_data_sample\l2_unseen_validation\trade_date=2026-07-17\exchange=NSE\symbol=M&M\part-085939_834614-042677.parquet,35123,downloaded,35123,
2026-07-17,NSE,M&M,raw_l2/trade_date=2026-07-17/exchange=NSE/symbol=M&M/part-085925_194520-042645.parquet,real_data_sample\l2_unseen_validation\trade_date=2026-07-17\exchange=NSE\symbol=M&M\part-085925_194520-042645.parquet,35645,downloaded,35645,
2026-07-17,NSE,M&M,raw_l2/trade_date=2026-07-17/exchange=NSE/symbol=M&M/part-085910_437740-042613.parquet,real_data_sample\l2_unseen_validation\trade_date=2026-07-17\exchange=NSE\symbol=M&M\part-085910_437740-042613.parquet,34601,downloaded,34601,
2026-07-17,NSE,M&M,raw_l2/trade_date=2026-07-17/exchange=NSE/symbol=M&M/part-090150_368317-042965.parquet,real_data_sample\l2_unseen_validation\trade_date=2026-07-17\exchange=NSE\symbol=M&M\part-090150_368317-042965.parquet,34693,downloaded,34693,
2026-07-17,NSE,M&M,raw_l2/trade_date=2026-07-17/exchange=NSE/symbol=M&M/part-090009_060667-042741.parquet,real_data_sample\l2_unseen_validation\trade_date=2026-07-17\exchange=NSE\symbol=M&M\part-090009_060667-042741.parquet,35567,downloaded,35567,
2026-07-17,NSE,M&M,raw_l2/trade_date=2026-07-17/exchange=NSE/symbol=M&M/part-085954_606352-042709.parquet,real_data_sample\l2_unseen_validation\trade_date=2026-07-17\exchange=NSE\symbol=M&M\part-085954_606352-042709.parquet,35910,downloaded,35910,
2026-07-17,NSE,M&M,raw_l2/trade_date=2026-07-17/exchange=NSE/symbol=M&M/part-090121_515943-042901.parquet,real_data_sample\l2_unseen_validation\trade_date=2026-07-17\exchange=NSE\symbol=M&M\part-090121_515943-042901.parquet,34590,downloaded,34590,
2026-07-17,NSE,M&M,raw_l2/trade_date=2026-07-17/exchange=NSE/symbol=M&M/part-090023_383597-042773.parquet,real_data_sample\l2_unseen_validation\trade_date=2026-07-17\exchange=NSE\symbol=M&M\part-090023_383597-042773.parquet,34940,downloaded,34940,
2026-07-17,NSE,M&M,raw_l2/trade_date=2026-07-17/exchange=NSE/symbol=M&M/part-090106_987424-042869.parquet,real_data_sample\l2_unseen_validation\trade_date=2026-07-17\exchange=NSE\symbol=M&M\part-090106_987424-042869.parquet,34686,downloaded,34686,
2026-07-17,NSE,M&M,raw_l2/trade_date=2026-07-17/exchange=NSE/symbol=M&M/part-090037_762936-042805.parquet,real_data_sample\l2_unseen_validation\trade_date=2026-07-17\exchange=NSE\symbol=M&M\part-090037_762936-042805.parquet,34605,downloaded,34605,
2026-07-17,NSE,M&M,raw_l2/trade_date=2026-07-17/exchange=NSE/symbol=M&M/part-090052_346142-042837.parquet,real_data_sample\l2_unseen_validation\trade_date=2026-07-17\exchange=NSE\symbol=M&M\part-090052_346142-042837.parquet,34623,downloaded,34623,
2026-07-17,NSE,M&M,raw_l2/trade_date=2026-07-17/exchange=NSE/symbol=M&M/part-085700_827521-042325.parquet,real_data_sample\l2_unseen_validation\trade_date=2026-07-17\exchange=NSE\symbol=M&M\part-085700_827521-042325.parquet,35244,downloaded,35244,
2026-07-17,NSE,M&M,raw_l2/trade_date=2026-07-17/exchange=NSE/symbol=M&M/part-090429_235433-043317.parquet,real_data_sample\l2_unseen_validation\trade_date=2026-07-17\exchange=NSE\symbol=M&M\part-090429_235433-043317.parquet,34682,downloaded,34682,
2026-07-17,NSE,M&M,raw_l2/trade_date=2026-07-17/exchange=NSE/symbol=M&M/part-090444_028343-043349.parquet,real_data_sample\l2_unseen_validation\trade_date=2026-07-17\exchange=NSE\symbol=M&M\part-090444_028343-043349.parquet,34670,downloaded,34670,
2026-07-17,NSE,M&M,raw_l2/trade_date=2026-07-17/exchange=NSE/symbol=M&M/part-090218_733295-043029.parquet,real_data_sample\l2_unseen_validation\trade_date=2026-07-17\exchange=NSE\symbol=M&M\part-090218_733295-043029.parquet,35065,downloaded,35065,
2026-07-17,NSE,M&M,raw_l2/trade_date=2026-07-17/exchange=NSE/symbol=M&M/part-090247_676707-043093.parquet,real_data_sample\l2_unseen_validation\trade_date=2026-07-17\exchange=NSE\symbol=M&M\part-090247_676707-043093.parquet,36215,downloaded,36215,
2026-07-17,NSE,M&M,raw_l2/trade_date=2026-07-17/exchange=NSE/symbol=M&M/part-090414_796180-043285.parquet,real_data_sample\l2_unseen_validation\trade_date=2026-07-17\exchange=NSE\symbol=M&M\part-090414_796180-043285.parquet,35622,downloaded,35622,
2026-07-17,NSE,M&M,raw_l2/trade_date=2026-07-17/exchange=NSE/symbol=M&M/part-090458_746981-043381.parquet,real_data_sample\l2_unseen_validation\trade_date=2026-07-17\exchange=NSE\symbol=M&M\part-090458_746981-043381.parquet,34657,downloaded,34657,
2026-07-17,NSE,M&M,raw_l2/trade_date=2026-07-17/exchange=NSE/symbol=M&M/part-090527_873638-043445.parquet,real_data_sample\l2_unseen_validation\trade_date=2026-07-17\exchange=NSE\symbol=M&M\part-090527_873638-043445.parquet,34627,downloaded,34627,
2026-07-17,NSE,M&M,raw_l2/trade_date=2026-07-17/exchange=NSE/symbol=M&M/part-090233_159440-043061.parquet,real_data_sample\l2_unseen_validation\trade_date=2026-07-17\exchange=NSE\symbol=M&M\part-090233_159440-043061.parquet,35682,downloaded,35682,
2026-07-17,NSE,M&M,raw_l2/trade_date=2026-07-17/exchange=NSE/symbol=M&M/part-090513_515534-043413.parquet,real_data_sample\l2_unseen_validation\trade_date=2026-07-17\exchange=NSE\symbol=M&M\part-090513_515534-043413.parquet,34651,downloaded,34651,
2026-07-17,NSE,M&M,raw_l2/trade_date=2026-07-17/exchange=NSE/symbol=M&M/part-090302_043140-043125.parquet,real_data_sample\l2_unseen_validation\trade_date=2026-07-17\exchange=NSE\symbol=M&M\part-090302_043140-043125.parquet,36081,downloaded,36081,
2026-07-17,NSE,M&M,raw_l2/trade_date=2026-07-17/exchange=NSE/symbol=M&M/part-090345_935714-043221.parquet,real_data_sample\l2_unseen_validation\trade_date=2026-07-17\exchange=NSE\symbol=M&M\part-090345_935714-043221.parquet,35530,downloaded,35530,
2026-07-17,NSE,M&M,raw_l2/trade_date=2026-07-17/exchange=NSE/symbol=M&M/part-090331_010756-043189.parquet,real_data_sample\l2_unseen_validation\trade_date=2026-07-17\exchange=NSE\symbol=M&M\part-090331_010756-043189.parquet,35701,downloaded,35701,
2026-07-17,NSE,M&M,raw_l2/trade_date=2026-07-17/exchange=NSE/symbol=M&M/part-090400_573612-043253.parquet,real_data_sample\l2_unseen_validation\trade_date=2026-07-17\exchange=NSE\symbol=M&M\part-090400_573612-043253.parquet,35045,downloaded,35045,
2026-07-17,NSE,M&M,raw_l2/trade_date=2026-07-17/exchange=NSE/symbol=M&M/part-090556_536753-043509.parquet,real_data_sample\l2_unseen_validation\trade_date=2026-07-17\exchange=NSE\symbol=M&M\part-090556_536753-043509.parquet,34806,downloaded,34806,
2026-07-17,NSE,M&M,raw_l2/trade_date=2026-07-17/exchange=NSE/symbol=M&M/part-090204_573001-042997.parquet,real_data_sample\l2_unseen_validation\trade_date=2026-07-17\exchange=NSE\symbol=M&M\part-090204_573001-042997.parquet,35018,downloaded,35018,
2026-07-17,NSE,M&M,raw_l2/trade_date=2026-07-17/exchange=NSE/symbol=M&M/part-090316_426900-043157.parquet,real_data_sample\l2_unseen_validation\trade_date=2026-07-17\exchange=NSE\symbol=M&M\part-090316_426900-043157.parquet,35793,downloaded,35793,
2026-07-17,NSE,M&M,raw_l2/trade_date=2026-07-17/exchange=NSE/symbol=M&M/part-090610_915894-043541.parquet,real_data_sample\l2_unseen_validation\trade_date=2026-07-17\exchange=NSE\symbol=M&M\part-090610_915894-043541.parquet,34832,downloaded,34832,
2026-07-17,NSE,M&M,raw_l2/trade_date=2026-07-17/exchange=NSE/symbol=M&M/part-090625_453319-043573.parquet,real_data_sample\l2_unseen_validation\trade_date=2026-07-17\exchange=NSE\symbol=M&M\part-090625_453319-043573.parquet,35923,downloaded,35923,
2026-07-17,NSE,M&M,raw_l2/trade_date=2026-07-17/exchange=NSE/symbol=M&M/part-090542_323222-043477.parquet,real_data_sample\l2_unseen_validation\trade_date=2026-07-17\exchange=NSE\symbol=M&M\part-090542_323222-043477.parquet,34448,downloaded,34448,
2026-07-17,NSE,M&M,raw_l2/trade_date=2026-07-17/exchange=NSE/symbol=M&M/part-090708_924177-043669.parquet,real_data_sample\l2_unseen_validation\trade_date=2026-07-17\exchange=NSE\symbol=M&M\part-090708_924177-043669.parquet,35616,downloaded,35616,
2026-07-17,NSE,M&M,raw_l2/trade_date=2026-07-17/exchange=NSE/symbol=M&M/part-090639_880624-043605.parquet,real_data_sample\l2_unseen_validation\trade_date=2026-07-17\exchange=NSE\symbol=M&M\part-090639_880624-043605.parquet,35837,downloaded,35837,
2026-07-17,NSE,M&M,raw_l2/trade_date=2026-07-17/exchange=NSE/symbol=M&M/part-090723_309991-043701.parquet,real_data_sample\l2_unseen_validation\trade_date=2026-07-17\exchange=NSE\symbol=M&M\part-090723_309991-043701.parquet,35593,downloaded,35593,
2026-07-17,NSE,M&M,raw_l2/trade_date=2026-07-17/exchange=NSE/symbol=M&M/part-090654_368803-043637.parquet,real_data_sample\l2_unseen_validation\trade_date=2026-07-17\exchange=NSE\symbol=M&M\part-090654_368803-043637.parquet,35974,downloaded,35974,
2026-07-17,NSE,M&M,raw_l2/trade_date=2026-07-17/exchange=NSE/symbol=M&M/part-090737_548498-043733.parquet,real_data_sample\l2_unseen_validation\trade_date=2026-07-17\exchange=NSE\symbol=M&M\part-090737_548498-043733.parquet,35239,downloaded,35239,
2026-07-17,NSE,M&M,raw_l2/trade_date=2026-07-17/exchange=NSE/symbol=M&M/part-090835_858531-043861.parquet,real_data_sample\l2_unseen_validation\trade_date=2026-07-17\exchange=NSE\symbol=M&M\part-090835_858531-043861.parquet,34743,downloaded,34743,
2026-07-17,NSE,M&M,raw_l2/trade_date=2026-07-17/exchange=NSE/symbol=M&M/part-090751_888432-043765.parquet,real_data_sample\l2_unseen_validation\trade_date=2026-07-17\exchange=NSE\symbol=M&M\part-090751_888432-043765.parquet,35642,downloaded,35642,
2026-07-17,NSE,M&M,raw_l2/trade_date=2026-07-17/exchange=NSE/symbol=M&M/part-090821_193381-043829.parquet,real_data_sample\l2_unseen_validation\trade_date=2026-07-17\exchange=NSE\symbol=M&M\part-090821_193381-043829.parquet,34918,downloaded,34918,
2026-07-17,NSE,M&M,raw_l2/trade_date=2026-07-17/exchange=NSE/symbol=M&M/part-090806_767111-043797.parquet,real_data_sample\l2_unseen_validation\trade_date=2026-07-17\exchange=NSE\symbol=M&M\part-090806_767111-043797.parquet,35593,downloaded,35593,
2026-07-17,NSE,M&M,raw_l2/trade_date=2026-07-17/exchange=NSE/symbol=M&M/part-090850_439850-043893.parquet,real_data_sample\l2_unseen_validation\trade_date=2026-07-17\exchange=NSE\symbol=M&M\part-090850_439850-043893.parquet,34789,downloaded,34789,
2026-07-17,NSE,M&M,raw_l2/trade_date=2026-07-17/exchange=NSE/symbol=M&M/part-091049_250706-044149.parquet,real_data_sample\l2_unseen_validation\trade_date=2026-07-17\exchange=NSE\symbol=M&M\part-091049_250706-044149.parquet,34654,downloaded,34654,
2026-07-17,NSE,M&M,raw_l2/trade_date=2026-07-17/exchange=NSE/symbol=M&M/part-090950_372735-044021.parquet,real_data_sample\l2_unseen_validation\trade_date=2026-07-17\exchange=NSE\symbol=M&M\part-090950_372735-044021.parquet,35139,downloaded,35139,
2026-07-17,NSE,M&M,raw_l2/trade_date=2026-07-17/exchange=NSE/symbol=M&M/part-091118_765340-044213.parquet,real_data_sample\l2_unseen_validation\trade_date=2026-07-17\exchange=NSE\symbol=M&M\part-091118_765340-044213.parquet,35184,downloaded,35184,
2026-07-17,NSE,M&M,raw_l2/trade_date=2026-07-17/exchange=NSE/symbol=M&M/part-090905_391650-043925.parquet,real_data_sample\l2_unseen_validation\trade_date=2026-07-17\exchange=NSE\symbol=M&M\part-090905_391650-043925.parquet,34739,downloaded,34739,
2026-07-17,NSE,M&M,raw_l2/trade_date=2026-07-17/exchange=NSE/symbol=M&M/part-091034_647887-044117.parquet,real_data_sample\l2_unseen_validation\trade_date=2026-07-17\exchange=NSE\symbol=M&M\part-091034_647887-044117.parquet,34640,downloaded,34640,
2026-07-17,NSE,M&M,raw_l2/trade_date=2026-07-17/exchange=NSE/symbol=M&M/part-091147_958070-044277.parquet,real_data_sample\l2_unseen_validation\trade_date=2026-07-17\exchange=NSE\symbol=M&M\part-091147_958070-044277.parquet,35554,downloaded,35554,
2026-07-17,NSE,M&M,raw_l2/trade_date=2026-07-17/exchange=NSE/symbol=M&M/part-090920_512839-043957.parquet,real_data_sample\l2_unseen_validation\trade_date=2026-07-17\exchange=NSE\symbol=M&M\part-090920_512839-043957.parquet,35329,downloaded,35329,
2026-07-17,NSE,M&M,raw_l2/trade_date=2026-07-17/exchange=NSE/symbol=M&M/part-091345_869766-044533.parquet,real_data_sample\l2_unseen_validation\trade_date=2026-07-17\exchange=NSE\symbol=M&M\part-091345_869766-044533.parquet,35772,downloaded,35772,
2026-07-17,NSE,M&M,raw_l2/trade_date=2026-07-17/exchange=NSE/symbol=M&M/part-091217_778902-044341.parquet,real_data_sample\l2_unseen_validation\trade_date=2026-07-17\exchange=NSE\symbol=M&M\part-091217_778902-044341.parquet,35598,downloaded,35598,
2026-07-17,NSE,M&M,raw_l2/trade_date=2026-07-17/exchange=NSE/symbol=M&M/part-091302_331345-044437.parquet,real_data_sample\l2_unseen_validation\trade_date=2026-07-17\exchange=NSE\symbol=M&M\part-091302_331345-044437.parquet,35165,downloaded,35165,
2026-07-17,NSE,M&M,raw_l2/trade_date=2026-07-17/exchange=NSE/symbol=M&M/part-091202_563802-044309.parquet,real_data_sample\l2_unseen_validation\trade_date=2026-07-17\exchange=NSE\symbol=M&M\part-091202_563802-044309.parquet,35736,downloaded,35736,
2026-07-17,NSE,M&M,raw_l2/trade_date=2026-07-17/exchange=NSE/symbol=M&M/part-091331_412694-044501.parquet,real_data_sample\l2_unseen_validation\trade_date=2026-07-17\exchange=NSE\symbol=M&M\part-091331_412694-044501.parquet,36182,downloaded,36182,
2026-07-17,NSE,M&M,raw_l2/trade_date=2026-07-17/exchange=NSE/symbol=M&M/part-091005_644051-044053.parquet,real_data_sample\l2_unseen_validation\trade_date=2026-07-17\exchange=NSE\symbol=M&M\part-091005_644051-044053.parquet,35263,downloaded,35263,
2026-07-17,NSE,M&M,raw_l2/trade_date=2026-07-17/exchange=NSE/symbol=M&M/part-091019_869822-044085.parquet,real_data_sample\l2_unseen_validation\trade_date=2026-07-17\exchange=NSE\symbol=M&M\part-091019_869822-044085.parquet,35043,downloaded,35043,
2026-07-17,NSE,M&M,raw_l2/trade_date=2026-07-17/exchange=NSE/symbol=M&M/part-091233_123464-044373.parquet,real_data_sample\l2_unseen_validation\trade_date=2026-07-17\exchange=NSE\symbol=M&M\part-091233_123464-044373.parquet,36313,downloaded,36313,
2026-07-17,NSE,M&M,raw_l2/trade_date=2026-07-17/exchange=NSE/symbol=M&M/part-091133_594124-044245.parquet,real_data_sample\l2_unseen_validation\trade_date=2026-07-17\exchange=NSE\symbol=M&M\part-091133_594124-044245.parquet,35359,downloaded,35359,
2026-07-17,NSE,M&M,raw_l2/trade_date=2026-07-17/exchange=NSE/symbol=M&M/part-091103_873320-044181.parquet,real_data_sample\l2_unseen_validation\trade_date=2026-07-17\exchange=NSE\symbol=M&M\part-091103_873320-044181.parquet,34638,downloaded,34638,
2026-07-17,NSE,M&M,raw_l2/trade_date=2026-07-17/exchange=NSE/symbol=M&M/part-091247_908173-044405.parquet,real_data_sample\l2_unseen_validation\trade_date=2026-07-17\exchange=NSE\symbol=M&M\part-091247_908173-044405.parquet,35717,downloaded,35717,
2026-07-17,NSE,M&M,raw_l2/trade_date=2026-07-17/exchange=NSE/symbol=M&M/part-091400_450932-044565.parquet,real_data_sample\l2_unseen_validation\trade_date=2026-07-17\exchange=NSE\symbol=M&M\part-091400_450932-044565.parquet,35305,downloaded,35305,
2026-07-17,NSE,M&M,raw_l2/trade_date=2026-07-17/exchange=NSE/symbol=M&M/part-091414_782556-044597.parquet,real_data_sample\l2_unseen_validation\trade_date=2026-07-17\exchange=NSE\symbol=M&M\part-091414_782556-044597.parquet,35179,downloaded,35179,
2026-07-17,NSE,M&M,raw_l2/trade_date=2026-07-17/exchange=NSE/symbol=M&M/part-091316_992645-044469.parquet,real_data_sample\l2_unseen_validation\trade_date=2026-07-17\exchange=NSE\symbol=M&M\part-091316_992645-044469.parquet,36117,downloaded,36117,
2026-07-17,NSE,M&M,raw_l2/trade_date=2026-07-17/exchange=NSE/symbol=M&M/part-091443_606722-044661.parquet,real_data_sample\l2_unseen_validation\trade_date=2026-07-17\exchange=NSE\symbol=M&M\part-091443_606722-044661.parquet,35878,downloaded,35878,
2026-07-17,NSE,M&M,raw_l2/trade_date=2026-07-17/exchange=NSE/symbol=M&M/part-091457_970039-044693.parquet,real_data_sample\l2_unseen_validation\trade_date=2026-07-17\exchange=NSE\symbol=M&M\part-091457_970039-044693.parquet,35840,downloaded,35840,
2026-07-17,NSE,M&M,raw_l2/trade_date=2026-07-17/exchange=NSE/symbol=M&M/part-091540_974354-044789.parquet,real_data_sample\l2_unseen_validation\trade_date=2026-07-17\exchange=NSE\symbol=M&M\part-091540_974354-044789.parquet,35491,downloaded,35491,
2026-07-17,NSE,M&M,raw_l2/trade_date=2026-07-17/exchange=NSE/symbol=M&M/part-091526_637560-044757.parquet,real_data_sample\l2_unseen_validation\trade_date=2026-07-17\exchange=NSE\symbol=M&M\part-091526_637560-044757.parquet,35640,downloaded,35640,
2026-07-17,NSE,M&M,raw_l2/trade_date=2026-07-17/exchange=NSE/symbol=M&M/part-091555_637760-044821.parquet,real_data_sample\l2_unseen_validation\trade_date=2026-07-17\exchange=NSE\symbol=M&M\part-091555_637760-044821.parquet,35651,downloaded,35651,
2026-07-17,NSE,M&M,raw_l2/trade_date=2026-07-17/exchange=NSE/symbol=M&M/part-091429_195792-044629.parquet,real_data_sample\l2_unseen_validation\trade_date=2026-07-17\exchange=NSE\symbol=M&M\part-091429_195792-044629.parquet,35419,downloaded,35419,
2026-07-17,NSE,M&M,raw_l2/trade_date=2026-07-17/exchange=NSE/symbol=M&M/part-091512_411576-044725.parquet,real_data_sample\l2_unseen_validation\trade_date=2026-07-17\exchange=NSE\symbol=M&M\part-091512_411576-044725.parquet,35808,downloaded,35808,
2026-07-17,NSE,M&M,raw_l2/trade_date=2026-07-17/exchange=NSE/symbol=M&M/part-091624_636725-044885.parquet,real_data_sample\l2_unseen_validation\trade_date=2026-07-17\exchange=NSE\symbol=M&M\part-091624_636725-044885.parquet,36027,downloaded,36027,
2026-07-17,NSE,M&M,raw_l2/trade_date=2026-07-17/exchange=NSE/symbol=M&M/part-091610_147742-044853.parquet,real_data_sample\l2_unseen_validation\trade_date=2026-07-17\exchange=NSE\symbol=M&M\part-091610_147742-044853.parquet,35880,downloaded,35880,
2026-07-17,NSE,M&M,raw_l2/trade_date=2026-07-17/exchange=NSE/symbol=M&M/part-091653_039105-044949.parquet,real_data_sample\l2_unseen_validation\trade_date=2026-07-17\exchange=NSE\symbol=M&M\part-091653_039105-044949.parquet,35874,downloaded,35874,
2026-07-17,NSE,M&M,raw_l2/trade_date=2026-07-17/exchange=NSE/symbol=M&M/part-091638_828626-044917.parquet,real_data_sample\l2_unseen_validation\trade_date=2026-07-17\exchange=NSE\symbol=M&M\part-091638_828626-044917.parquet,35680,downloaded,35680,
2026-07-17,NSE,M&M,raw_l2/trade_date=2026-07-17/exchange=NSE/symbol=M&M/part-091707_278274-044981.parquet,real_data_sample\l2_unseen_validation\trade_date=2026-07-17\exchange=NSE\symbol=M&M\part-091707_278274-044981.parquet,35625,downloaded,35625,
2026-07-17,NSE,M&M,raw_l2/trade_date=2026-07-17/exchange=NSE/symbol=M&M/part-090935_086579-043989.parquet,real_data_sample\l2_unseen_validation\trade_date=2026-07-17\exchange=NSE\symbol=M&M\part-090935_086579-043989.parquet,36150,downloaded,36150,
2026-07-17,NSE,M&M,raw_l2/trade_date=2026-07-17/exchange=NSE/symbol=M&M/part-091901_829230-045237.parquet,real_data_sample\l2_unseen_validation\trade_date=2026-07-17\exchange=NSE\symbol=M&M\part-091901_829230-045237.parquet,36072,downloaded,36072,
2026-07-17,NSE,M&M,raw_l2/trade_date=2026-07-17/exchange=NSE/symbol=M&M/part-091749_769368-045077.parquet,real_data_sample\l2_unseen_validation\trade_date=2026-07-17\exchange=NSE\symbol=M&M\part-091749_769368-045077.parquet,35973,downloaded,35973,
2026-07-17,NSE,M&M,raw_l2/trade_date=2026-07-17/exchange=NSE/symbol=M&M/part-091721_463854-045013.parquet,real_data_sample\l2_unseen_validation\trade_date=2026-07-17\exchange=NSE\symbol=M&M\part-091721_463854-045013.parquet,36166,downloaded,36166,
2026-07-17,NSE,M&M,raw_l2/trade_date=2026-07-17/exchange=NSE/symbol=M&M/part-091847_388954-045205.parquet,real_data_sample\l2_unseen_validation\trade_date=2026-07-17\exchange=NSE\symbol=M&M\part-091847_388954-045205.parquet,35867,downloaded,35867,
2026-07-17,NSE,M&M,raw_l2/trade_date=2026-07-17/exchange=NSE/symbol=M&M/part-091804_235279-045109.parquet,real_data_sample\l2_unseen_validation\trade_date=2026-07-17\exchange=NSE\symbol=M&M\part-091804_235279-045109.parquet,35655,downloaded,35655,
2026-07-17,NSE,M&M,raw_l2/trade_date=2026-07-17/exchange=NSE/symbol=M&M/part-091930_611145-045301.parquet,real_data_sample\l2_unseen_validation\trade_date=2026-07-17\exchange=NSE\symbol=M&M\part-091930_611145-045301.parquet,35864,downloaded,35864,
2026-07-17,NSE,M&M,raw_l2/trade_date=2026-07-17/exchange=NSE/symbol=M&M/part-091833_023824-045173.parquet,real_data_sample\l2_unseen_validation\trade_date=2026-07-17\exchange=NSE\symbol=M&M\part-091833_023824-045173.parquet,35614,downloaded,35614,
2026-07-17,NSE,M&M,raw_l2/trade_date=2026-07-17/exchange=NSE/symbol=M&M/part-091944_892466-045333.parquet,real_data_sample\l2_unseen_validation\trade_date=2026-07-17\exchange=NSE\symbol=M&M\part-091944_892466-045333.parquet,35894,downloaded,35894,
2026-07-17,NSE,M&M,raw_l2/trade_date=2026-07-17/exchange=NSE/symbol=M&M/part-091818_654796-045141.parquet,real_data_sample\l2_unseen_validation\trade_date=2026-07-17\exchange=NSE\symbol=M&M\part-091818_654796-045141.parquet,35917,downloaded,35917,
2026-07-17,NSE,M&M,raw_l2/trade_date=2026-07-17/exchange=NSE/symbol=M&M/part-092013_471826-045397.parquet,real_data_sample\l2_unseen_validation\trade_date=2026-07-17\exchange=NSE\symbol=M&M\part-092013_471826-045397.parquet,35723,downloaded,35723,
2026-07-17,NSE,M&M,raw_l2/trade_date=2026-07-17/exchange=NSE/symbol=M&M/part-091959_173117-045365.parquet,real_data_sample\l2_unseen_validation\trade_date=2026-07-17\exchange=NSE\symbol=M&M\part-091959_173117-045365.parquet,35864,downloaded,35864,
2026-07-17,NSE,M&M,raw_l2/trade_date=2026-07-17/exchange=NSE/symbol=M&M/part-092027_798948-045429.parquet,real_data_sample\l2_unseen_validation\trade_date=2026-07-17\exchange=NSE\symbol=M&M\part-092027_798948-045429.parquet,35972,downloaded,35972,
2026-07-17,NSE,M&M,raw_l2/trade_date=2026-07-17/exchange=NSE/symbol=M&M/part-091916_416669-045269.parquet,real_data_sample\l2_unseen_validation\trade_date=2026-07-17\exchange=NSE\symbol=M&M\part-091916_416669-045269.parquet,35903,downloaded,35903,
2026-07-17,NSE,M&M,raw_l2/trade_date=2026-07-17/exchange=NSE/symbol=M&M/part-092110_775457-045525.parquet,real_data_sample\l2_unseen_validation\trade_date=2026-07-17\exchange=NSE\symbol=M&M\part-092110_775457-045525.parquet,35608,downloaded,35608,
2026-07-17,NSE,M&M,raw_l2/trade_date=2026-07-17/exchange=NSE/symbol=M&M/part-092042_014785-045461.parquet,real_data_sample\l2_unseen_validation\trade_date=2026-07-17\exchange=NSE\symbol=M&M\part-092042_014785-045461.parquet,35788,downloaded,35788,
2026-07-17,NSE,M&M,raw_l2/trade_date=2026-07-17/exchange=NSE/symbol=M&M/part-091735_577858-045045.parquet,real_data_sample\l2_unseen_validation\trade_date=2026-07-17\exchange=NSE\symbol=M&M\part-091735_577858-045045.parquet,35748,downloaded,35748,
2026-07-17,NSE,M&M,raw_l2/trade_date=2026-07-17/exchange=NSE/symbol=M&M/part-092125_144812-045557.parquet,real_data_sample\l2_unseen_validation\trade_date=2026-07-17\exchange=NSE\symbol=M&M\part-092125_144812-045557.parquet,36064,downloaded,36064,
2026-07-17,NSE,M&M,raw_l2/trade_date=2026-07-17/exchange=NSE/symbol=M&M/part-092056_509348-045493.parquet,real_data_sample\l2_unseen_validation\trade_date=2026-07-17\exchange=NSE\symbol=M&M\part-092056_509348-045493.parquet,35635,downloaded,35635,
2026-07-17,NSE,M&M,raw_l2/trade_date=2026-07-17/exchange=NSE/symbol=M&M/part-092208_319628-045653.parquet,real_data_sample\l2_unseen_validation\trade_date=2026-07-17\exchange=NSE\symbol=M&M\part-092208_319628-045653.parquet,35512,downloaded,35512,
2026-07-17,NSE,M&M,raw_l2/trade_date=2026-07-17/exchange=NSE/symbol=M&M/part-092154_104801-045621.parquet,real_data_sample\l2_unseen_validation\trade_date=2026-07-17\exchange=NSE\symbol=M&M\part-092154_104801-045621.parquet,35974,downloaded,35974,
2026-07-17,NSE,M&M,raw_l2/trade_date=2026-07-17/exchange=NSE/symbol=M&M/part-092418_395630-045941.parquet,real_data_sample\l2_unseen_validation\trade_date=2026-07-17\exchange=NSE\symbol=M&M\part-092418_395630-045941.parquet,35035,downloaded,35035,
2026-07-17,NSE,M&M,raw_l2/trade_date=2026-07-17/exchange=NSE/symbol=M&M/part-092320_366328-045813.parquet,real_data_sample\l2_unseen_validation\trade_date=2026-07-17\exchange=NSE\symbol=M&M\part-092320_366328-045813.parquet,34595,downloaded,34595,
2026-07-17,NSE,M&M,raw_l2/trade_date=2026-07-17/exchange=NSE/symbol=M&M/part-092433_077335-045973.parquet,real_data_sample\l2_unseen_validation\trade_date=2026-07-17\exchange=NSE\symbol=M&M\part-092433_077335-045973.parquet,35816,downloaded,35816,
2026-07-17,NSE,M&M,raw_l2/trade_date=2026-07-17/exchange=NSE/symbol=M&M/part-092335_056126-045845.parquet,real_data_sample\l2_unseen_validation\trade_date=2026-07-17\exchange=NSE\symbol=M&M\part-092335_056126-045845.parquet,34780,downloaded,34780,
2026-07-17,NSE,M&M,raw_l2/trade_date=2026-07-17/exchange=NSE/symbol=M&M/part-092236_908729-045717.parquet,real_data_sample\l2_unseen_validation\trade_date=2026-07-17\exchange=NSE\symbol=M&M\part-092236_908729-045717.parquet,35516,downloaded,35516,
2026-07-17,NSE,M&M,raw_l2/trade_date=2026-07-17/exchange=NSE/symbol=M&M/part-092305_604123-045781.parquet,real_data_sample\l2_unseen_validation\trade_date=2026-07-17\exchange=NSE\symbol=M&M\part-092305_604123-045781.parquet,34921,downloaded,34921,
2026-07-17,NSE,M&M,raw_l2/trade_date=2026-07-17/exchange=NSE/symbol=M&M/part-092349_390097-045877.parquet,real_data_sample\l2_unseen_validation\trade_date=2026-07-17\exchange=NSE\symbol=M&M\part-092349_390097-045877.parquet,34585,downloaded,34585,
2026-07-17,NSE,M&M,raw_l2/trade_date=2026-07-17/exchange=NSE/symbol=M&M/part-092139_754847-045589.parquet,real_data_sample\l2_unseen_validation\trade_date=2026-07-17\exchange=NSE\symbol=M&M\part-092139_754847-045589.parquet,35940,downloaded,35940,
2026-07-17,NSE,M&M,raw_l2/trade_date=2026-07-17/exchange=NSE/symbol=M&M/part-092403_873872-045909.parquet,real_data_sample\l2_unseen_validation\trade_date=2026-07-17\exchange=NSE\symbol=M&M\part-092403_873872-045909.parquet,34726,downloaded,34726,
2026-07-17,NSE,M&M,raw_l2/trade_date=2026-07-17/exchange=NSE/symbol=M&M/part-092251_359362-045749.parquet,real_data_sample\l2_unseen_validation\trade_date=2026-07-17\exchange=NSE\symbol=M&M\part-092251_359362-045749.parquet,35405,downloaded,35405,
2026-07-17,NSE,M&M,raw_l2/trade_date=2026-07-17/exchange=NSE/symbol=M&M/part-092222_592920-045685.parquet,real_data_sample\l2_unseen_validation\trade_date=2026-07-17\exchange=NSE\symbol=M&M\part-092222_592920-045685.parquet,35663,downloaded,35663,
2026-07-17,NSE,M&M,raw_l2/trade_date=2026-07-17/exchange=NSE/symbol=M&M/part-092825_486606-046485.parquet,real_data_sample\l2_unseen_validation\trade_date=2026-07-17\exchange=NSE\symbol=M&M\part-092825_486606-046485.parquet,34608,downloaded,34608,
2026-07-17,NSE,M&M,raw_l2/trade_date=2026-07-17/exchange=NSE/symbol=M&M/part-092727_808788-046357.parquet,real_data_sample\l2_unseen_validation\trade_date=2026-07-17\exchange=NSE\symbol=M&M\part-092727_808788-046357.parquet,35852,downloaded,35852,
2026-07-17,NSE,M&M,raw_l2/trade_date=2026-07-17/exchange=NSE/symbol=M&M/part-092756_637068-046421.parquet,real_data_sample\l2_unseen_validation\trade_date=2026-07-17\exchange=NSE\symbol=M&M\part-092756_637068-046421.parquet,35716,downloaded,35716,
2026-07-17,NSE,M&M,raw_l2/trade_date=2026-07-17/exchange=NSE/symbol=M&M/part-092839_972864-046517.parquet,real_data_sample\l2_unseen_validation\trade_date=2026-07-17\exchange=NSE\symbol=M&M\part-092839_972864-046517.parquet,34597,downloaded,34597,
2026-07-17,NSE,M&M,raw_l2/trade_date=2026-07-17/exchange=NSE/symbol=M&M/part-092516_634102-046069.parquet,real_data_sample\l2_unseen_validation\trade_date=2026-07-17\exchange=NSE\symbol=M&M\part-092516_634102-046069.parquet,35525,downloaded,35525,
2026-07-17,NSE,M&M,raw_l2/trade_date=2026-07-17/exchange=NSE/symbol=M&M/part-092531_139705-046101.parquet,real_data_sample\l2_unseen_validation\trade_date=2026-07-17\exchange=NSE\symbol=M&M\part-092531_139705-046101.parquet,35679,downloaded,35679,
2026-07-17,NSE,M&M,raw_l2/trade_date=2026-07-17/exchange=NSE/symbol=M&M/part-092600_393464-046165.parquet,real_data_sample\l2_unseen_validation\trade_date=2026-07-17\exchange=NSE\symbol=M&M\part-092600_393464-046165.parquet,35801,downloaded,35801,
2026-07-17,NSE,M&M,raw_l2/trade_date=2026-07-17/exchange=NSE/symbol=M&M/part-092659_048362-046293.parquet,real_data_sample\l2_unseen_validation\trade_date=2026-07-17\exchange=NSE\symbol=M&M\part-092659_048362-046293.parquet,35603,downloaded,35603,
2026-07-17,NSE,M&M,raw_l2/trade_date=2026-07-17/exchange=NSE/symbol=M&M/part-092854_364645-046549.parquet,real_data_sample\l2_unseen_validation\trade_date=2026-07-17\exchange=NSE\symbol=M&M\part-092854_364645-046549.parquet,34590,downloaded,34590,
2026-07-17,NSE,M&M,raw_l2/trade_date=2026-07-17/exchange=NSE/symbol=M&M/part-092545_806747-046133.parquet,real_data_sample\l2_unseen_validation\trade_date=2026-07-17\exchange=NSE\symbol=M&M\part-092545_806747-046133.parquet,35489,downloaded,35489,
2026-07-17,NSE,M&M,raw_l2/trade_date=2026-07-17/exchange=NSE/symbol=M&M/part-092501_945691-046037.parquet,real_data_sample\l2_unseen_validation\trade_date=2026-07-17\exchange=NSE\symbol=M&M\part-092501_945691-046037.parquet,35817,downloaded,35817,
2026-07-17,NSE,M&M,raw_l2/trade_date=2026-07-17/exchange=NSE/symbol=M&M/part-092713_337764-046325.parquet,real_data_sample\l2_unseen_validation\trade_date=2026-07-17\exchange=NSE\symbol=M&M\part-092713_337764-046325.parquet,36099,downloaded,36099,
2026-07-17,NSE,M&M,raw_l2/trade_date=2026-07-17/exchange=NSE/symbol=M&M/part-092742_259071-046389.parquet,real_data_sample\l2_unseen_validation\trade_date=2026-07-17\exchange=NSE\symbol=M&M\part-092742_259071-046389.parquet,35563,downloaded,35563,
2026-07-17,NSE,M&M,raw_l2/trade_date=2026-07-17/exchange=NSE/symbol=M&M/part-092810_955976-046453.parquet,real_data_sample\l2_unseen_validation\trade_date=2026-07-17\exchange=NSE\symbol=M&M\part-092810_955976-046453.parquet,35450,downloaded,35450,
2026-07-17,NSE,M&M,raw_l2/trade_date=2026-07-17/exchange=NSE/symbol=M&M/part-092909_107645-046581.parquet,real_data_sample\l2_unseen_validation\trade_date=2026-07-17\exchange=NSE\symbol=M&M\part-092909_107645-046581.parquet,34592,downloaded,34592,
2026-07-17,NSE,M&M,raw_l2/trade_date=2026-07-17/exchange=NSE/symbol=M&M/part-092615_119657-046197.parquet,real_data_sample\l2_unseen_validation\trade_date=2026-07-17\exchange=NSE\symbol=M&M\part-092615_119657-046197.parquet,35904,downloaded,35904,
2026-07-17,NSE,M&M,raw_l2/trade_date=2026-07-17/exchange=NSE/symbol=M&M/part-092923_695974-046613.parquet,real_data_sample\l2_unseen_validation\trade_date=2026-07-17\exchange=NSE\symbol=M&M\part-092923_695974-046613.parquet,34590,downloaded,34590,
2026-07-17,NSE,M&M,raw_l2/trade_date=2026-07-17/exchange=NSE/symbol=M&M/part-092630_048121-046229.parquet,real_data_sample\l2_unseen_validation\trade_date=2026-07-17\exchange=NSE\symbol=M&M\part-092630_048121-046229.parquet,35640,downloaded,35640,
2026-07-17,NSE,M&M,raw_l2/trade_date=2026-07-17/exchange=NSE/symbol=M&M/part-092952_888391-046677.parquet,real_data_sample\l2_unseen_validation\trade_date=2026-07-17\exchange=NSE\symbol=M&M\part-092952_888391-046677.parquet,34645,downloaded,34645,
2026-07-17,NSE,M&M,raw_l2/trade_date=2026-07-17/exchange=NSE/symbol=M&M/part-093007_651516-046709.parquet,real_data_sample\l2_unseen_validation\trade_date=2026-07-17\exchange=NSE\symbol=M&M\part-093007_651516-046709.parquet,34858,downloaded,34858,
2026-07-17,NSE,M&M,raw_l2/trade_date=2026-07-17/exchange=NSE/symbol=M&M/part-092644_803446-046261.parquet,real_data_sample\l2_unseen_validation\trade_date=2026-07-17\exchange=NSE\symbol=M&M\part-092644_803446-046261.parquet,35700,downloaded,35700,
2026-07-17,NSE,M&M,raw_l2/trade_date=2026-07-17/exchange=NSE/symbol=M&M/part-093036_799339-046773.parquet,real_data_sample\l2_unseen_validation\trade_date=2026-07-17\exchange=NSE\symbol=M&M\part-093036_799339-046773.parquet,36363,downloaded,36363,
2026-07-17,NSE,M&M,raw_l2/trade_date=2026-07-17/exchange=NSE/symbol=M&M/part-093022_242532-046741.parquet,real_data_sample\l2_unseen_validation\trade_date=2026-07-17\exchange=NSE\symbol=M&M\part-093022_242532-046741.parquet,35509,downloaded,35509,
2026-07-17,NSE,M&M,raw_l2/trade_date=2026-07-17/exchange=NSE/symbol=M&M/part-093051_164381-046805.parquet,real_data_sample\l2_unseen_validation\trade_date=2026-07-17\exchange=NSE\symbol=M&M\part-093051_164381-046805.parquet,35935,downloaded,35935,
2026-07-17,NSE,M&M,raw_l2/trade_date=2026-07-17/exchange=NSE/symbol=M&M/part-092938_234165-046645.parquet,real_data_sample\l2_unseen_validation\trade_date=2026-07-17\exchange=NSE\symbol=M&M\part-092938_234165-046645.parquet,34846,downloaded,34846,
2026-07-17,NSE,M&M,raw_l2/trade_date=2026-07-17/exchange=NSE/symbol=M&M/part-093105_359720-046837.parquet,real_data_sample\l2_unseen_validation\trade_date=2026-07-17\exchange=NSE\symbol=M&M\part-093105_359720-046837.parquet,35778,downloaded,35778,
2026-07-17,NSE,M&M,raw_l2/trade_date=2026-07-17/exchange=NSE/symbol=M&M/part-093202_741243-046965.parquet,real_data_sample\l2_unseen_validation\trade_date=2026-07-17\exchange=NSE\symbol=M&M\part-093202_741243-046965.parquet,36162,downloaded,36162,
2026-07-17,NSE,M&M,raw_l2/trade_date=2026-07-17/exchange=NSE/symbol=M&M/part-093148_366353-046933.parquet,real_data_sample\l2_unseen_validation\trade_date=2026-07-17\exchange=NSE\symbol=M&M\part-093148_366353-046933.parquet,35476,downloaded,35476,
2026-07-17,NSE,M&M,raw_l2/trade_date=2026-07-17/exchange=NSE/symbol=M&M/part-093133_925191-046901.parquet,real_data_sample\l2_unseen_validation\trade_date=2026-07-17\exchange=NSE\symbol=M&M\part-093133_925191-046901.parquet,36031,downloaded,36031,
2026-07-17,NSE,M&M,raw_l2/trade_date=2026-07-17/exchange=NSE/symbol=M&M/part-093119_747180-046869.parquet,real_data_sample\l2_unseen_validation\trade_date=2026-07-17\exchange=NSE\symbol=M&M\part-093119_747180-046869.parquet,35786,downloaded,35786,
2026-07-17,NSE,M&M,raw_l2/trade_date=2026-07-17/exchange=NSE/symbol=M&M/part-093216_638927-046997.parquet,real_data_sample\l2_unseen_validation\trade_date=2026-07-17\exchange=NSE\symbol=M&M\part-093216_638927-046997.parquet,36640,downloaded,36640,
2026-07-17,NSE,M&M,raw_l2/trade_date=2026-07-17/exchange=NSE/symbol=M&M/part-093230_750749-047029.parquet,real_data_sample\l2_unseen_validation\trade_date=2026-07-17\exchange=NSE\symbol=M&M\part-093230_750749-047029.parquet,36105,downloaded,36105,
2026-07-17,NSE,M&M,raw_l2/trade_date=2026-07-17/exchange=NSE/symbol=M&M/part-093245_111720-047061.parquet,real_data_sample\l2_unseen_validation\trade_date=2026-07-17\exchange=NSE\symbol=M&M\part-093245_111720-047061.parquet,36087,downloaded,36087,
2026-07-17,NSE,M&M,raw_l2/trade_date=2026-07-17/exchange=NSE/symbol=M&M/part-093506_672420-047381.parquet,real_data_sample\l2_unseen_validation\trade_date=2026-07-17\exchange=NSE\symbol=M&M\part-093506_672420-047381.parquet,35616,downloaded,35616,
2026-07-17,NSE,M&M,raw_l2/trade_date=2026-07-17/exchange=NSE/symbol=M&M/part-093259_176378-047093.parquet,real_data_sample\l2_unseen_validation\trade_date=2026-07-17\exchange=NSE\symbol=M&M\part-093259_176378-047093.parquet,35756,downloaded,35756,
2026-07-17,NSE,M&M,raw_l2/trade_date=2026-07-17/exchange=NSE/symbol=M&M/part-093409_952754-047253.parquet,real_data_sample\l2_unseen_validation\trade_date=2026-07-17\exchange=NSE\symbol=M&M\part-093409_952754-047253.parquet,36321,downloaded,36321,
2026-07-17,NSE,M&M,raw_l2/trade_date=2026-07-17/exchange=NSE/symbol=M&M/part-093452_250850-047349.parquet,real_data_sample\l2_unseen_validation\trade_date=2026-07-17\exchange=NSE\symbol=M&M\part-093452_250850-047349.parquet,35903,downloaded,35903,
2026-07-17,NSE,M&M,raw_l2/trade_date=2026-07-17/exchange=NSE/symbol=M&M/part-092447_311642-046005.parquet,real_data_sample\l2_unseen_validation\trade_date=2026-07-17\exchange=NSE\symbol=M&M\part-092447_311642-046005.parquet,35976,downloaded,35976,
2026-07-17,NSE,M&M,raw_l2/trade_date=2026-07-17/exchange=NSE/symbol=M&M/part-093313_450824-047125.parquet,real_data_sample\l2_unseen_validation\trade_date=2026-07-17\exchange=NSE\symbol=M&M\part-093313_450824-047125.parquet,35541,downloaded,35541,
2026-07-17,NSE,M&M,raw_l2/trade_date=2026-07-17/exchange=NSE/symbol=M&M/part-093355_879245-047221.parquet,real_data_sample\l2_unseen_validation\trade_date=2026-07-17\exchange=NSE\symbol=M&M\part-093355_879245-047221.parquet,35641,downloaded,35641,
2026-07-17,NSE,M&M,raw_l2/trade_date=2026-07-17/exchange=NSE/symbol=M&M/part-093438_069458-047317.parquet,real_data_sample\l2_unseen_validation\trade_date=2026-07-17\exchange=NSE\symbol=M&M\part-093438_069458-047317.parquet,36172,downloaded,36172,
2026-07-17,NSE,M&M,raw_l2/trade_date=2026-07-17/exchange=NSE/symbol=M&M/part-093535_312401-047445.parquet,real_data_sample\l2_unseen_validation\trade_date=2026-07-17\exchange=NSE\symbol=M&M\part-093535_312401-047445.parquet,35763,downloaded,35763,
2026-07-17,NSE,M&M,raw_l2/trade_date=2026-07-17/exchange=NSE/symbol=M&M/part-093521_040955-047413.parquet,real_data_sample\l2_unseen_validation\trade_date=2026-07-17\exchange=NSE\symbol=M&M\part-093521_040955-047413.parquet,35608,downloaded,35608,
2026-07-17,NSE,M&M,raw_l2/trade_date=2026-07-17/exchange=NSE/symbol=M&M/part-093423_975469-047285.parquet,real_data_sample\l2_unseen_validation\trade_date=2026-07-17\exchange=NSE\symbol=M&M\part-093423_975469-047285.parquet,36317,downloaded,36317,
2026-07-17,NSE,M&M,raw_l2/trade_date=2026-07-17/exchange=NSE/symbol=M&M/part-093714_967512-047669.parquet,real_data_sample\l2_unseen_validation\trade_date=2026-07-17\exchange=NSE\symbol=M&M\part-093714_967512-047669.parquet,35976,downloaded,35976,
2026-07-17,NSE,M&M,raw_l2/trade_date=2026-07-17/exchange=NSE/symbol=M&M/part-093700_931353-047637.parquet,real_data_sample\l2_unseen_validation\trade_date=2026-07-17\exchange=NSE\symbol=M&M\part-093700_931353-047637.parquet,35864,downloaded,35864,
2026-07-17,NSE,M&M,raw_l2/trade_date=2026-07-17/exchange=NSE/symbol=M&M/part-093549_574138-047477.parquet,real_data_sample\l2_unseen_validation\trade_date=2026-07-17\exchange=NSE\symbol=M&M\part-093549_574138-047477.parquet,35790,downloaded,35790,
2026-07-17,NSE,M&M,raw_l2/trade_date=2026-07-17/exchange=NSE/symbol=M&M/part-093742_830276-047733.parquet,real_data_sample\l2_unseen_validation\trade_date=2026-07-17\exchange=NSE\symbol=M&M\part-093742_830276-047733.parquet,35645,downloaded,35645,
2026-07-17,NSE,M&M,raw_l2/trade_date=2026-07-17/exchange=NSE/symbol=M&M/part-093632_727315-047573.parquet,real_data_sample\l2_unseen_validation\trade_date=2026-07-17\exchange=NSE\symbol=M&M\part-093632_727315-047573.parquet,35276,downloaded,35276,
2026-07-17,NSE,M&M,raw_l2/trade_date=2026-07-17/exchange=NSE/symbol=M&M/part-093811_092048-047797.parquet,real_data_sample\l2_unseen_validation\trade_date=2026-07-17\exchange=NSE\symbol=M&M\part-093811_092048-047797.parquet,36055,downloaded,36055,
2026-07-17,NSE,M&M,raw_l2/trade_date=2026-07-17/exchange=NSE/symbol=M&M/part-093327_714801-047157.parquet,real_data_sample\l2_unseen_validation\trade_date=2026-07-17\exchange=NSE\symbol=M&M\part-093327_714801-047157.parquet,35714,downloaded,35714,
2026-07-17,NSE,M&M,raw_l2/trade_date=2026-07-17/exchange=NSE/symbol=M&M/part-093341_775527-047189.parquet,real_data_sample\l2_unseen_validation\trade_date=2026-07-17\exchange=NSE\symbol=M&M\part-093341_775527-047189.parquet,35950,downloaded,35950,
2026-07-17,NSE,M&M,raw_l2/trade_date=2026-07-17/exchange=NSE/symbol=M&M/part-093618_538447-047541.parquet,real_data_sample\l2_unseen_validation\trade_date=2026-07-17\exchange=NSE\symbol=M&M\part-093618_538447-047541.parquet,36129,downloaded,36129,
2026-07-17,NSE,M&M,raw_l2/trade_date=2026-07-17/exchange=NSE/symbol=M&M/part-093646_886872-047605.parquet,real_data_sample\l2_unseen_validation\trade_date=2026-07-17\exchange=NSE\symbol=M&M\part-093646_886872-047605.parquet,35603,downloaded,35603,
2026-07-17,NSE,M&M,raw_l2/trade_date=2026-07-17/exchange=NSE/symbol=M&M/part-093839_550044-047861.parquet,real_data_sample\l2_unseen_validation\trade_date=2026-07-17\exchange=NSE\symbol=M&M\part-093839_550044-047861.parquet,35518,downloaded,35518,
2026-07-17,NSE,M&M,raw_l2/trade_date=2026-07-17/exchange=NSE/symbol=M&M/part-093756_975725-047765.parquet,real_data_sample\l2_unseen_validation\trade_date=2026-07-17\exchange=NSE\symbol=M&M\part-093756_975725-047765.parquet,35733,downloaded,35733,
2026-07-17,NSE,M&M,raw_l2/trade_date=2026-07-17/exchange=NSE/symbol=M&M/part-093922_789782-047957.parquet,real_data_sample\l2_unseen_validation\trade_date=2026-07-17\exchange=NSE\symbol=M&M\part-093922_789782-047957.parquet,34929,downloaded,34929,
2026-07-17,NSE,M&M,raw_l2/trade_date=2026-07-17/exchange=NSE/symbol=M&M/part-093728_814841-047701.parquet,real_data_sample\l2_unseen_validation\trade_date=2026-07-17\exchange=NSE\symbol=M&M\part-093728_814841-047701.parquet,35903,downloaded,35903,
2026-07-17,NSE,M&M,raw_l2/trade_date=2026-07-17/exchange=NSE/symbol=M&M/part-093908_313831-047925.parquet,real_data_sample\l2_unseen_validation\trade_date=2026-07-17\exchange=NSE\symbol=M&M\part-093908_313831-047925.parquet,35625,downloaded,35625,
2026-07-17,NSE,M&M,raw_l2/trade_date=2026-07-17/exchange=NSE/symbol=M&M/part-093825_279315-047829.parquet,real_data_sample\l2_unseen_validation\trade_date=2026-07-17\exchange=NSE\symbol=M&M\part-093825_279315-047829.parquet,35435,downloaded,35435,
2026-07-17,NSE,M&M,raw_l2/trade_date=2026-07-17/exchange=NSE/symbol=M&M/part-093853_704314-047893.parquet,real_data_sample\l2_unseen_validation\trade_date=2026-07-17\exchange=NSE\symbol=M&M\part-093853_704314-047893.parquet,36018,downloaded,36018,
2026-07-17,NSE,M&M,raw_l2/trade_date=2026-07-17/exchange=NSE/symbol=M&M/part-093604_106527-047509.parquet,real_data_sample\l2_unseen_validation\trade_date=2026-07-17\exchange=NSE\symbol=M&M\part-093604_106527-047509.parquet,35954,downloaded,35954,
2026-07-17,NSE,M&M,raw_l2/trade_date=2026-07-17/exchange=NSE/symbol=M&M/part-093936_981657-047989.parquet,real_data_sample\l2_unseen_validation\trade_date=2026-07-17\exchange=NSE\symbol=M&M\part-093936_981657-047989.parquet,34630,downloaded,34630,
2026-07-17,NSE,M&M,raw_l2/trade_date=2026-07-17/exchange=NSE/symbol=M&M/part-094005_748434-048053.parquet,real_data_sample\l2_unseen_validation\trade_date=2026-07-17\exchange=NSE\symbol=M&M\part-094005_748434-048053.parquet,34438,downloaded,34438,
2026-07-17,NSE,M&M,raw_l2/trade_date=2026-07-17/exchange=NSE/symbol=M&M/part-093951_504175-048021.parquet,real_data_sample\l2_unseen_validation\trade_date=2026-07-17\exchange=NSE\symbol=M&M\part-093951_504175-048021.parquet,34578,downloaded,34578,
2026-07-17,NSE,M&M,raw_l2/trade_date=2026-07-17/exchange=NSE/symbol=M&M/part-094257_949825-048437.parquet,real_data_sample\l2_unseen_validation\trade_date=2026-07-17\exchange=NSE\symbol=M&M\part-094257_949825-048437.parquet,34579,downloaded,34579,
2026-07-17,NSE,M&M,raw_l2/trade_date=2026-07-17/exchange=NSE/symbol=M&M/part-094102_936614-048181.parquet,real_data_sample\l2_unseen_validation\trade_date=2026-07-17\exchange=NSE\symbol=M&M\part-094102_936614-048181.parquet,34467,downloaded,34467,
2026-07-17,NSE,M&M,raw_l2/trade_date=2026-07-17/exchange=NSE/symbol=M&M/part-094019_943826-048085.parquet,real_data_sample\l2_unseen_validation\trade_date=2026-07-17\exchange=NSE\symbol=M&M\part-094019_943826-048085.parquet,34487,downloaded,34487,
2026-07-17,NSE,M&M,raw_l2/trade_date=2026-07-17/exchange=NSE/symbol=M&M/part-094034_345481-048117.parquet,real_data_sample\l2_unseen_validation\trade_date=2026-07-17\exchange=NSE\symbol=M&M\part-094034_345481-048117.parquet,34430,downloaded,34430,
2026-07-17,NSE,M&M,raw_l2/trade_date=2026-07-17/exchange=NSE/symbol=M&M/part-094312_023200-048469.parquet,real_data_sample\l2_unseen_validation\trade_date=2026-07-17\exchange=NSE\symbol=M&M\part-094312_023200-048469.parquet,34357,downloaded,34357,
2026-07-17,NSE,M&M,raw_l2/trade_date=2026-07-17/exchange=NSE/symbol=M&M/part-094506_763024-048725.parquet,real_data_sample\l2_unseen_validation\trade_date=2026-07-17\exchange=NSE\symbol=M&M\part-094506_763024-048725.parquet,34450,downloaded,34450,
2026-07-17,NSE,M&M,raw_l2/trade_date=2026-07-17/exchange=NSE/symbol=M&M/part-094215_018979-048341.parquet,real_data_sample\l2_unseen_validation\trade_date=2026-07-17\exchange=NSE\symbol=M&M\part-094215_018979-048341.parquet,34511,downloaded,34511,
2026-07-17,NSE,M&M,raw_l2/trade_date=2026-07-17/exchange=NSE/symbol=M&M/part-094200_653935-048309.parquet,real_data_sample\l2_unseen_validation\trade_date=2026-07-17\exchange=NSE\symbol=M&M\part-094200_653935-048309.parquet,34396,downloaded,34396,
2026-07-17,NSE,M&M,raw_l2/trade_date=2026-07-17/exchange=NSE/symbol=M&M/part-094340_651807-048533.parquet,real_data_sample\l2_unseen_validation\trade_date=2026-07-17\exchange=NSE\symbol=M&M\part-094340_651807-048533.parquet,34413,downloaded,34413,
2026-07-17,NSE,M&M,raw_l2/trade_date=2026-07-17/exchange=NSE/symbol=M&M/part-094423_903296-048629.parquet,real_data_sample\l2_unseen_validation\trade_date=2026-07-17\exchange=NSE\symbol=M&M\part-094423_903296-048629.parquet,34493,downloaded,34493,
2026-07-17,NSE,M&M,raw_l2/trade_date=2026-07-17/exchange=NSE/symbol=M&M/part-094409_650367-048597.parquet,real_data_sample\l2_unseen_validation\trade_date=2026-07-17\exchange=NSE\symbol=M&M\part-094409_650367-048597.parquet,34580,downloaded,34580,
2026-07-17,NSE,M&M,raw_l2/trade_date=2026-07-17/exchange=NSE/symbol=M&M/part-094452_528650-048693.parquet,real_data_sample\l2_unseen_validation\trade_date=2026-07-17\exchange=NSE\symbol=M&M\part-094452_528650-048693.parquet,34596,downloaded,34596,
2026-07-17,NSE,M&M,raw_l2/trade_date=2026-07-17/exchange=NSE/symbol=M&M/part-094048_583950-048149.parquet,real_data_sample\l2_unseen_validation\trade_date=2026-07-17\exchange=NSE\symbol=M&M\part-094048_583950-048149.parquet,34676,downloaded,34676,
2026-07-17,NSE,M&M,raw_l2/trade_date=2026-07-17/exchange=NSE/symbol=M&M/part-094131_781042-048245.parquet,real_data_sample\l2_unseen_validation\trade_date=2026-07-17\exchange=NSE\symbol=M&M\part-094131_781042-048245.parquet,34666,downloaded,34666,
2026-07-17,NSE,M&M,raw_l2/trade_date=2026-07-17/exchange=NSE/symbol=M&M/part-094326_353610-048501.parquet,real_data_sample\l2_unseen_validation\trade_date=2026-07-17\exchange=NSE\symbol=M&M\part-094326_353610-048501.parquet,34460,downloaded,34460,
2026-07-17,NSE,M&M,raw_l2/trade_date=2026-07-17/exchange=NSE/symbol=M&M/part-094146_236778-048277.parquet,real_data_sample\l2_unseen_validation\trade_date=2026-07-17\exchange=NSE\symbol=M&M\part-094146_236778-048277.parquet,34583,downloaded,34583,
2026-07-17,NSE,M&M,raw_l2/trade_date=2026-07-17/exchange=NSE/symbol=M&M/part-094229_471424-048373.parquet,real_data_sample\l2_unseen_validation\trade_date=2026-07-17\exchange=NSE\symbol=M&M\part-094229_471424-048373.parquet,34677,downloaded,34677,
2026-07-17,NSE,M&M,raw_l2/trade_date=2026-07-17/exchange=NSE/symbol=M&M/part-094520_929886-048757.parquet,real_data_sample\l2_unseen_validation\trade_date=2026-07-17\exchange=NSE\symbol=M&M\part-094520_929886-048757.parquet,34462,downloaded,34462,
2026-07-17,NSE,M&M,raw_l2/trade_date=2026-07-17/exchange=NSE/symbol=M&M/part-094355_180125-048565.parquet,real_data_sample\l2_unseen_validation\trade_date=2026-07-17\exchange=NSE\symbol=M&M\part-094355_180125-048565.parquet,34382,downloaded,34382,
2026-07-17,NSE,M&M,raw_l2/trade_date=2026-07-17/exchange=NSE/symbol=M&M/part-094243_792342-048405.parquet,real_data_sample\l2_unseen_validation\trade_date=2026-07-17\exchange=NSE\symbol=M&M\part-094243_792342-048405.parquet,34491,downloaded,34491,
2026-07-17,NSE,M&M,raw_l2/trade_date=2026-07-17/exchange=NSE/symbol=M&M/part-094646_382628-048949.parquet,real_data_sample\l2_unseen_validation\trade_date=2026-07-17\exchange=NSE\symbol=M&M\part-094646_382628-048949.parquet,35930,downloaded,35930,
2026-07-17,NSE,M&M,raw_l2/trade_date=2026-07-17/exchange=NSE/symbol=M&M/part-094549_399656-048821.parquet,real_data_sample\l2_unseen_validation\trade_date=2026-07-17\exchange=NSE\symbol=M&M\part-094549_399656-048821.parquet,34342,downloaded,34342,
2026-07-17,NSE,M&M,raw_l2/trade_date=2026-07-17/exchange=NSE/symbol=M&M/part-094438_195788-048661.parquet,real_data_sample\l2_unseen_validation\trade_date=2026-07-17\exchange=NSE\symbol=M&M\part-094438_195788-048661.parquet,34486,downloaded,34486,
2026-07-17,NSE,M&M,raw_l2/trade_date=2026-07-17/exchange=NSE/symbol=M&M/part-094603_778244-048853.parquet,real_data_sample\l2_unseen_validation\trade_date=2026-07-17\exchange=NSE\symbol=M&M\part-094603_778244-048853.parquet,34413,downloaded,34413,
2026-07-17,NSE,M&M,raw_l2/trade_date=2026-07-17/exchange=NSE/symbol=M&M/part-094743_349926-049077.parquet,real_data_sample\l2_unseen_validation\trade_date=2026-07-17\exchange=NSE\symbol=M&M\part-094743_349926-049077.parquet,34395,downloaded,34395,
2026-07-17,NSE,M&M,raw_l2/trade_date=2026-07-17/exchange=NSE/symbol=M&M/part-094535_025343-048789.parquet,real_data_sample\l2_unseen_validation\trade_date=2026-07-17\exchange=NSE\symbol=M&M\part-094535_025343-048789.parquet,34380,downloaded,34380,
2026-07-17,NSE,M&M,raw_l2/trade_date=2026-07-17/exchange=NSE/symbol=M&M/part-094729_021749-049045.parquet,real_data_sample\l2_unseen_validation\trade_date=2026-07-17\exchange=NSE\symbol=M&M\part-094729_021749-049045.parquet,34437,downloaded,34437,
2026-07-17,NSE,M&M,raw_l2/trade_date=2026-07-17/exchange=NSE/symbol=M&M/part-094700_586968-048981.parquet,real_data_sample\l2_unseen_validation\trade_date=2026-07-17\exchange=NSE\symbol=M&M\part-094700_586968-048981.parquet,36058,downloaded,36058,
2026-07-17,NSE,M&M,raw_l2/trade_date=2026-07-17/exchange=NSE/symbol=M&M/part-094618_186016-048885.parquet,real_data_sample\l2_unseen_validation\trade_date=2026-07-17\exchange=NSE\symbol=M&M\part-094618_186016-048885.parquet,35270,downloaded,35270,
2026-07-17,NSE,M&M,raw_l2/trade_date=2026-07-17/exchange=NSE/symbol=M&M/part-094632_437131-048917.parquet,real_data_sample\l2_unseen_validation\trade_date=2026-07-17\exchange=NSE\symbol=M&M\part-094632_437131-048917.parquet,35804,downloaded,35804,
2026-07-17,NSE,M&M,raw_l2/trade_date=2026-07-17/exchange=NSE/symbol=M&M/part-094714_786802-049013.parquet,real_data_sample\l2_unseen_validation\trade_date=2026-07-17\exchange=NSE\symbol=M&M\part-094714_786802-049013.parquet,35723,downloaded,35723,
2026-07-17,NSE,M&M,raw_l2/trade_date=2026-07-17/exchange=NSE/symbol=M&M/part-094811_936800-049141.parquet,real_data_sample\l2_unseen_validation\trade_date=2026-07-17\exchange=NSE\symbol=M&M\part-094811_936800-049141.parquet,34692,downloaded,34692,
2026-07-17,NSE,M&M,raw_l2/trade_date=2026-07-17/exchange=NSE/symbol=M&M/part-094117_368788-048213.parquet,real_data_sample\l2_unseen_validation\trade_date=2026-07-17\exchange=NSE\symbol=M&M\part-094117_368788-048213.parquet,34441,downloaded,34441,
2026-07-17,NSE,M&M,raw_l2/trade_date=2026-07-17/exchange=NSE/symbol=M&M/part-094757_734658-049109.parquet,real_data_sample\l2_unseen_validation\trade_date=2026-07-17\exchange=NSE\symbol=M&M\part-094757_734658-049109.parquet,34345,downloaded,34345,
2026-07-17,NSE,M&M,raw_l2/trade_date=2026-07-17/exchange=NSE/symbol=M&M/part-095020_214140-049429.parquet,real_data_sample\l2_unseen_validation\trade_date=2026-07-17\exchange=NSE\symbol=M&M\part-095020_214140-049429.parquet,34366,downloaded,34366,
2026-07-17,NSE,M&M,raw_l2/trade_date=2026-07-17/exchange=NSE/symbol=M&M/part-094825_991766-049173.parquet,real_data_sample\l2_unseen_validation\trade_date=2026-07-17\exchange=NSE\symbol=M&M\part-094825_991766-049173.parquet,34375,downloaded,34375,
2026-07-17,NSE,M&M,raw_l2/trade_date=2026-07-17/exchange=NSE/symbol=M&M/part-095048_713406-049493.parquet,real_data_sample\l2_unseen_validation\trade_date=2026-07-17\exchange=NSE\symbol=M&M\part-095048_713406-049493.parquet,34419,downloaded,34419,
2026-07-17,NSE,M&M,raw_l2/trade_date=2026-07-17/exchange=NSE/symbol=M&M/part-095338_254201-049877.parquet,real_data_sample\l2_unseen_validation\trade_date=2026-07-17\exchange=NSE\symbol=M&M\part-095338_254201-049877.parquet,34421,downloaded,34421,
2026-07-17,NSE,M&M,raw_l2/trade_date=2026-07-17/exchange=NSE/symbol=M&M/part-095158_889828-049653.parquet,real_data_sample\l2_unseen_validation\trade_date=2026-07-17\exchange=NSE\symbol=M&M\part-095158_889828-049653.parquet,34450,downloaded,34450,
2026-07-17,NSE,M&M,raw_l2/trade_date=2026-07-17/exchange=NSE/symbol=M&M/part-094951_780192-049365.parquet,real_data_sample\l2_unseen_validation\trade_date=2026-07-17\exchange=NSE\symbol=M&M\part-094951_780192-049365.parquet,34401,downloaded,34401,
2026-07-17,NSE,M&M,raw_l2/trade_date=2026-07-17/exchange=NSE/symbol=M&M/part-095241_533368-049749.parquet,real_data_sample\l2_unseen_validation\trade_date=2026-07-17\exchange=NSE\symbol=M&M\part-095241_533368-049749.parquet,34576,downloaded,34576,
2026-07-17,NSE,M&M,raw_l2/trade_date=2026-07-17/exchange=NSE/symbol=M&M/part-095503_987256-050069.parquet,real_data_sample\l2_unseen_validation\trade_date=2026-07-17\exchange=NSE\symbol=M&M\part-095503_987256-050069.parquet,34414,downloaded,34414,
2026-07-17,NSE,M&M,raw_l2/trade_date=2026-07-17/exchange=NSE/symbol=M&M/part-095005_948198-049397.parquet,real_data_sample\l2_unseen_validation\trade_date=2026-07-17\exchange=NSE\symbol=M&M\part-095005_948198-049397.parquet,34533,downloaded,34533,
2026-07-17,NSE,M&M,raw_l2/trade_date=2026-07-17/exchange=NSE/symbol=M&M/part-095130_827445-049589.parquet,real_data_sample\l2_unseen_validation\trade_date=2026-07-17\exchange=NSE\symbol=M&M\part-095130_827445-049589.parquet,34409,downloaded,34409,
2026-07-17,NSE,M&M,raw_l2/trade_date=2026-07-17/exchange=NSE/symbol=M&M/part-094840_345181-049205.parquet,real_data_sample\l2_unseen_validation\trade_date=2026-07-17\exchange=NSE\symbol=M&M\part-094840_345181-049205.parquet,34471,downloaded,34471,
2026-07-17,NSE,M&M,raw_l2/trade_date=2026-07-17/exchange=NSE/symbol=M&M/part-095449_824684-050037.parquet,real_data_sample\l2_unseen_validation\trade_date=2026-07-17\exchange=NSE\symbol=M&M\part-095449_824684-050037.parquet,34553,downloaded,34553,
2026-07-17,NSE,M&M,raw_l2/trade_date=2026-07-17/exchange=NSE/symbol=M&M/part-095352_672983-049909.parquet,real_data_sample\l2_unseen_validation\trade_date=2026-07-17\exchange=NSE\symbol=M&M\part-095352_672983-049909.parquet,34584,downloaded,34584,
2026-07-17,NSE,M&M,raw_l2/trade_date=2026-07-17/exchange=NSE/symbol=M&M/part-095034_507798-049461.parquet,real_data_sample\l2_unseen_validation\trade_date=2026-07-17\exchange=NSE\symbol=M&M\part-095034_507798-049461.parquet,34405,downloaded,34405,
2026-07-17,NSE,M&M,raw_l2/trade_date=2026-07-17/exchange=NSE/symbol=M&M/part-094909_001865-049269.parquet,real_data_sample\l2_unseen_validation\trade_date=2026-07-17\exchange=NSE\symbol=M&M\part-094909_001865-049269.parquet,34438,downloaded,34438,
2026-07-17,NSE,M&M,raw_l2/trade_date=2026-07-17/exchange=NSE/symbol=M&M/part-095407_091459-049941.parquet,real_data_sample\l2_unseen_validation\trade_date=2026-07-17\exchange=NSE\symbol=M&M\part-095407_091459-049941.parquet,34368,downloaded,34368,
2026-07-17,NSE,M&M,raw_l2/trade_date=2026-07-17/exchange=NSE/symbol=M&M/part-095213_421702-049685.parquet,real_data_sample\l2_unseen_validation\trade_date=2026-07-17\exchange=NSE\symbol=M&M\part-095213_421702-049685.parquet,34397,downloaded,34397,
2026-07-17,NSE,M&M,raw_l2/trade_date=2026-07-17/exchange=NSE/symbol=M&M/part-094854_694192-049237.parquet,real_data_sample\l2_unseen_validation\trade_date=2026-07-17\exchange=NSE\symbol=M&M\part-094854_694192-049237.parquet,34497,downloaded,34497,
2026-07-17,NSE,M&M,raw_l2/trade_date=2026-07-17/exchange=NSE/symbol=M&M/part-095144_948655-049621.parquet,real_data_sample\l2_unseen_validation\trade_date=2026-07-17\exchange=NSE\symbol=M&M\part-095144_948655-049621.parquet,34529,downloaded,34529,
2026-07-17,NSE,M&M,raw_l2/trade_date=2026-07-17/exchange=NSE/symbol=M&M/part-095102_727121-049525.parquet,real_data_sample\l2_unseen_validation\trade_date=2026-07-17\exchange=NSE\symbol=M&M\part-095102_727121-049525.parquet,34339,downloaded,34339,
2026-07-17,NSE,M&M,raw_l2/trade_date=2026-07-17/exchange=NSE/symbol=M&M/part-094923_335915-049301.parquet,real_data_sample\l2_unseen_validation\trade_date=2026-07-17\exchange=NSE\symbol=M&M\part-094923_335915-049301.parquet,34684,downloaded,34684,
2026-07-17,NSE,M&M,raw_l2/trade_date=2026-07-17/exchange=NSE/symbol=M&M/part-094937_636895-049333.parquet,real_data_sample\l2_unseen_validation\trade_date=2026-07-17\exchange=NSE\symbol=M&M\part-094937_636895-049333.parquet,34580,downloaded,34580,
2026-07-17,NSE,M&M,raw_l2/trade_date=2026-07-17/exchange=NSE/symbol=M&M/part-095227_452024-049717.parquet,real_data_sample\l2_unseen_validation\trade_date=2026-07-17\exchange=NSE\symbol=M&M\part-095227_452024-049717.parquet,34381,downloaded,34381,
2026-07-17,NSE,M&M,raw_l2/trade_date=2026-07-17/exchange=NSE/symbol=M&M/part-095435_520716-050005.parquet,real_data_sample\l2_unseen_validation\trade_date=2026-07-17\exchange=NSE\symbol=M&M\part-095435_520716-050005.parquet,34418,downloaded,34418,
2026-07-17,NSE,M&M,raw_l2/trade_date=2026-07-17/exchange=NSE/symbol=M&M/part-095323_774103-049845.parquet,real_data_sample\l2_unseen_validation\trade_date=2026-07-17\exchange=NSE\symbol=M&M\part-095323_774103-049845.parquet,34418,downloaded,34418,
2026-07-17,NSE,M&M,raw_l2/trade_date=2026-07-17/exchange=NSE/symbol=M&M/part-095309_577860-049813.parquet,real_data_sample\l2_unseen_validation\trade_date=2026-07-17\exchange=NSE\symbol=M&M\part-095309_577860-049813.parquet,34420,downloaded,34420,
2026-07-17,NSE,M&M,raw_l2/trade_date=2026-07-17/exchange=NSE/symbol=M&M/part-095421_493584-049973.parquet,real_data_sample\l2_unseen_validation\trade_date=2026-07-17\exchange=NSE\symbol=M&M\part-095421_493584-049973.parquet,34440,downloaded,34440,
2026-07-17,NSE,M&M,raw_l2/trade_date=2026-07-17/exchange=NSE/symbol=M&M/part-095255_455952-049781.parquet,real_data_sample\l2_unseen_validation\trade_date=2026-07-17\exchange=NSE\symbol=M&M\part-095255_455952-049781.parquet,34406,downloaded,34406,
2026-07-17,NSE,M&M,raw_l2/trade_date=2026-07-17/exchange=NSE/symbol=M&M/part-095116_888684-049557.parquet,real_data_sample\l2_unseen_validation\trade_date=2026-07-17\exchange=NSE\symbol=M&M\part-095116_888684-049557.parquet,34361,downloaded,34361,
2026-07-17,NSE,M&M,raw_l2/trade_date=2026-07-17/exchange=NSE/symbol=M&M/part-095547_215261-050165.parquet,real_data_sample\l2_unseen_validation\trade_date=2026-07-17\exchange=NSE\symbol=M&M\part-095547_215261-050165.parquet,34653,downloaded,34653,
2026-07-17,NSE,M&M,raw_l2/trade_date=2026-07-17/exchange=NSE/symbol=M&M/part-095518_048957-050101.parquet,real_data_sample\l2_unseen_validation\trade_date=2026-07-17\exchange=NSE\symbol=M&M\part-095518_048957-050101.parquet,34526,downloaded,34526,
2026-07-17,NSE,M&M,raw_l2/trade_date=2026-07-17/exchange=NSE/symbol=M&M/part-095714_552468-050357.parquet,real_data_sample\l2_unseen_validation\trade_date=2026-07-17\exchange=NSE\symbol=M&M\part-095714_552468-050357.parquet,34429,downloaded,34429,
2026-07-17,NSE,M&M,raw_l2/trade_date=2026-07-17/exchange=NSE/symbol=M&M/part-095743_321315-050421.parquet,real_data_sample\l2_unseen_validation\trade_date=2026-07-17\exchange=NSE\symbol=M&M\part-095743_321315-050421.parquet,34398,downloaded,34398,
2026-07-17,NSE,M&M,raw_l2/trade_date=2026-07-17/exchange=NSE/symbol=M&M/part-095757_554690-050453.parquet,real_data_sample\l2_unseen_validation\trade_date=2026-07-17\exchange=NSE\symbol=M&M\part-095757_554690-050453.parquet,34036,downloaded,34036,
2026-07-17,NSE,M&M,raw_l2/trade_date=2026-07-17/exchange=NSE/symbol=M&M/part-095953_226388-050709.parquet,real_data_sample\l2_unseen_validation\trade_date=2026-07-17\exchange=NSE\symbol=M&M\part-095953_226388-050709.parquet,35377,downloaded,35377,
2026-07-17,NSE,MARUTI,raw_l2/trade_date=2026-07-17/exchange=NSE/symbol=MARUTI/part-034723_755580-000342.parquet,real_data_sample\l2_unseen_validation\trade_date=2026-07-17\exchange=NSE\symbol=MARUTI\part-034723_755580-000342.parquet,35928,downloaded,35928,
2026-07-17,NSE,MARUTI,raw_l2/trade_date=2026-07-17/exchange=NSE/symbol=MARUTI/part-034655_925775-000278.parquet,real_data_sample\l2_unseen_validation\trade_date=2026-07-17\exchange=NSE\symbol=MARUTI\part-034655_925775-000278.parquet,36125,downloaded,36125,
2026-07-17,NSE,MARUTI,raw_l2/trade_date=2026-07-17/exchange=NSE/symbol=MARUTI/part-034531_392377-000086.parquet,real_data_sample\l2_unseen_validation\trade_date=2026-07-17\exchange=NSE\symbol=MARUTI\part-034531_392377-000086.parquet,36000,downloaded,36000,
2026-07-17,NSE,MARUTI,raw_l2/trade_date=2026-07-17/exchange=NSE/symbol=MARUTI/part-034517_597255-000054.parquet,real_data_sample\l2_unseen_validation\trade_date=2026-07-17\exchange=NSE\symbol=MARUTI\part-034517_597255-000054.parquet,36341,downloaded,36341,
2026-07-17,NSE,MARUTI,raw_l2/trade_date=2026-07-17/exchange=NSE/symbol=MARUTI/part-034642_162829-000246.parquet,real_data_sample\l2_unseen_validation\trade_date=2026-07-17\exchange=NSE\symbol=MARUTI\part-034642_162829-000246.parquet,36154,downloaded,36154,
2026-07-17,NSE,MARUTI,raw_l2/trade_date=2026-07-17/exchange=NSE/symbol=MARUTI/part-034737_878475-000374.parquet,real_data_sample\l2_unseen_validation\trade_date=2026-07-17\exchange=NSE\symbol=MARUTI\part-034737_878475-000374.parquet,35819,downloaded,35819,
2026-07-17,NSE,M&M,raw_l2/trade_date=2026-07-17/exchange=NSE/symbol=M&M/part-100128_821776-050780.parquet,real_data_sample\l2_unseen_validation\trade_date=2026-07-17\exchange=NSE\symbol=M&M\part-100128_821776-050780.parquet,34036,downloaded,34036,
2026-07-17,NSE,MARUTI,raw_l2/trade_date=2026-07-17/exchange=NSE/symbol=MARUTI/part-034613_799175-000182.parquet,real_data_sample\l2_unseen_validation\trade_date=2026-07-17\exchange=NSE\symbol=MARUTI\part-034613_799175-000182.parquet,36014,downloaded,36014,
2026-07-17,NSE,MARUTI,raw_l2/trade_date=2026-07-17/exchange=NSE/symbol=MARUTI/part-034545_456695-000118.parquet,real_data_sample\l2_unseen_validation\trade_date=2026-07-17\exchange=NSE\symbol=MARUTI\part-034545_456695-000118.parquet,36154,downloaded,36154,
2026-07-17,NSE,MARUTI,raw_l2/trade_date=2026-07-17/exchange=NSE/symbol=MARUTI/part-034559_684304-000150.parquet,real_data_sample\l2_unseen_validation\trade_date=2026-07-17\exchange=NSE\symbol=MARUTI\part-034559_684304-000150.parquet,35949,downloaded,35949,
2026-07-17,NSE,MARUTI,raw_l2/trade_date=2026-07-17/exchange=NSE/symbol=MARUTI/part-034503_533012-000022.parquet,real_data_sample\l2_unseen_validation\trade_date=2026-07-17\exchange=NSE\symbol=MARUTI\part-034503_533012-000022.parquet,34072,downloaded,34072,
2026-07-17,NSE,M&M,raw_l2/trade_date=2026-07-17/exchange=NSE/symbol=M&M/part-095938_908828-050677.parquet,real_data_sample\l2_unseen_validation\trade_date=2026-07-17\exchange=NSE\symbol=M&M\part-095938_908828-050677.parquet,35799,downloaded,35799,
2026-07-17,NSE,MARUTI,raw_l2/trade_date=2026-07-17/exchange=NSE/symbol=MARUTI/part-034627_704549-000214.parquet,real_data_sample\l2_unseen_validation\trade_date=2026-07-17\exchange=NSE\symbol=MARUTI\part-034627_704549-000214.parquet,35730,downloaded,35730,
2026-07-17,NSE,MARUTI,raw_l2/trade_date=2026-07-17/exchange=NSE/symbol=MARUTI/part-034709_689604-000310.parquet,real_data_sample\l2_unseen_validation\trade_date=2026-07-17\exchange=NSE\symbol=MARUTI\part-034709_689604-000310.parquet,35698,downloaded,35698,
2026-07-17,NSE,MARUTI,raw_l2/trade_date=2026-07-17/exchange=NSE/symbol=MARUTI/part-035025_436269-000758.parquet,real_data_sample\l2_unseen_validation\trade_date=2026-07-17\exchange=NSE\symbol=MARUTI\part-035025_436269-000758.parquet,34477,downloaded,34477,
2026-07-17,NSE,MARUTI,raw_l2/trade_date=2026-07-17/exchange=NSE/symbol=MARUTI/part-034806_358925-000438.parquet,real_data_sample\l2_unseen_validation\trade_date=2026-07-17\exchange=NSE\symbol=MARUTI\part-034806_358925-000438.parquet,36001,downloaded,36001,
2026-07-17,NSE,MARUTI,raw_l2/trade_date=2026-07-17/exchange=NSE/symbol=MARUTI/part-034943_454553-000662.parquet,real_data_sample\l2_unseen_validation\trade_date=2026-07-17\exchange=NSE\symbol=MARUTI\part-034943_454553-000662.parquet,34491,downloaded,34491,
2026-07-17,NSE,MARUTI,raw_l2/trade_date=2026-07-17/exchange=NSE/symbol=MARUTI/part-035147_962302-000950.parquet,real_data_sample\l2_unseen_validation\trade_date=2026-07-17\exchange=NSE\symbol=MARUTI\part-035147_962302-000950.parquet,34646,downloaded,34646,
2026-07-17,NSE,MARUTI,raw_l2/trade_date=2026-07-17/exchange=NSE/symbol=MARUTI/part-035202_000433-000982.parquet,real_data_sample\l2_unseen_validation\trade_date=2026-07-17\exchange=NSE\symbol=MARUTI\part-035202_000433-000982.parquet,34649,downloaded,34649,
2026-07-17,NSE,MARUTI,raw_l2/trade_date=2026-07-17/exchange=NSE/symbol=MARUTI/part-035215_868909-001014.parquet,real_data_sample\l2_unseen_validation\trade_date=2026-07-17\exchange=NSE\symbol=MARUTI\part-035215_868909-001014.parquet,34115,downloaded,34115,
2026-07-17,NSE,MARUTI,raw_l2/trade_date=2026-07-17/exchange=NSE/symbol=MARUTI/part-035229_722132-001046.parquet,real_data_sample\l2_unseen_validation\trade_date=2026-07-17\exchange=NSE\symbol=MARUTI\part-035229_722132-001046.parquet,34425,downloaded,34425,
2026-07-17,NSE,MARUTI,raw_l2/trade_date=2026-07-17/exchange=NSE/symbol=MARUTI/part-035243_672390-001078.parquet,real_data_sample\l2_unseen_validation\trade_date=2026-07-17\exchange=NSE\symbol=MARUTI\part-035243_672390-001078.parquet,34462,downloaded,34462,
2026-07-17,NSE,M&M,raw_l2/trade_date=2026-07-17/exchange=NSE/symbol=M&M/part-095532_475796-050133.parquet,real_data_sample\l2_unseen_validation\trade_date=2026-07-17\exchange=NSE\symbol=M&M\part-095532_475796-050133.parquet,34438,downloaded,34438,
2026-07-17,NSE,MARUTI,raw_l2/trade_date=2026-07-17/exchange=NSE/symbol=MARUTI/part-035257_809307-001110.parquet,real_data_sample\l2_unseen_validation\trade_date=2026-07-17\exchange=NSE\symbol=MARUTI\part-035257_809307-001110.parquet,34444,downloaded,34444,
2026-07-17,NSE,MARUTI,raw_l2/trade_date=2026-07-17/exchange=NSE/symbol=MARUTI/part-035311_593783-001142.parquet,real_data_sample\l2_unseen_validation\trade_date=2026-07-17\exchange=NSE\symbol=MARUTI\part-035311_593783-001142.parquet,34461,downloaded,34461,
2026-07-17,NSE,MARUTI,raw_l2/trade_date=2026-07-17/exchange=NSE/symbol=MARUTI/part-035325_411539-001174.parquet,real_data_sample\l2_unseen_validation\trade_date=2026-07-17\exchange=NSE\symbol=MARUTI\part-035325_411539-001174.parquet,34465,downloaded,34465,
2026-07-17,NSE,MARUTI,raw_l2/trade_date=2026-07-17/exchange=NSE/symbol=MARUTI/part-035339_329766-001206.parquet,real_data_sample\l2_unseen_validation\trade_date=2026-07-17\exchange=NSE\symbol=MARUTI\part-035339_329766-001206.parquet,34461,downloaded,34461,
2026-07-17,NSE,MARUTI,raw_l2/trade_date=2026-07-17/exchange=NSE/symbol=MARUTI/part-035407_118028-001270.parquet,real_data_sample\l2_unseen_validation\trade_date=2026-07-17\exchange=NSE\symbol=MARUTI\part-035407_118028-001270.parquet,34449,downloaded,34449,
2026-07-17,NSE,MARUTI,raw_l2/trade_date=2026-07-17/exchange=NSE/symbol=MARUTI/part-035420_803177-001302.parquet,real_data_sample\l2_unseen_validation\trade_date=2026-07-17\exchange=NSE\symbol=MARUTI\part-035420_803177-001302.parquet,35253,downloaded,35253,
2026-07-17,NSE,MARUTI,raw_l2/trade_date=2026-07-17/exchange=NSE/symbol=MARUTI/part-035434_721650-001334.parquet,real_data_sample\l2_unseen_validation\trade_date=2026-07-17\exchange=NSE\symbol=MARUTI\part-035434_721650-001334.parquet,35786,downloaded,35786,
2026-07-17,NSE,MARUTI,raw_l2/trade_date=2026-07-17/exchange=NSE/symbol=MARUTI/part-035448_555970-001366.parquet,real_data_sample\l2_unseen_validation\trade_date=2026-07-17\exchange=NSE\symbol=MARUTI\part-035448_555970-001366.parquet,35690,downloaded,35690,
2026-07-17,NSE,MARUTI,raw_l2/trade_date=2026-07-17/exchange=NSE/symbol=MARUTI/part-035353_196824-001238.parquet,real_data_sample\l2_unseen_validation\trade_date=2026-07-17\exchange=NSE\symbol=MARUTI\part-035353_196824-001238.parquet,34656,downloaded,34656,
2026-07-17,NSE,MARUTI,raw_l2/trade_date=2026-07-17/exchange=NSE/symbol=MARUTI/part-035502_686171-001398.parquet,real_data_sample\l2_unseen_validation\trade_date=2026-07-17\exchange=NSE\symbol=MARUTI\part-035502_686171-001398.parquet,35607,downloaded,35607,
2026-07-17,NSE,MARUTI,raw_l2/trade_date=2026-07-17/exchange=NSE/symbol=MARUTI/part-035516_713516-001430.parquet,real_data_sample\l2_unseen_validation\trade_date=2026-07-17\exchange=NSE\symbol=MARUTI\part-035516_713516-001430.parquet,35484,downloaded,35484,
2026-07-17,NSE,MARUTI,raw_l2/trade_date=2026-07-17/exchange=NSE/symbol=MARUTI/part-035530_732331-001462.parquet,real_data_sample\l2_unseen_validation\trade_date=2026-07-17\exchange=NSE\symbol=MARUTI\part-035530_732331-001462.parquet,34447,downloaded,34447,
2026-07-17,NSE,MARUTI,raw_l2/trade_date=2026-07-17/exchange=NSE/symbol=MARUTI/part-035544_695895-001494.parquet,real_data_sample\l2_unseen_validation\trade_date=2026-07-17\exchange=NSE\symbol=MARUTI\part-035544_695895-001494.parquet,34471,downloaded,34471,
2026-07-17,NSE,MARUTI,raw_l2/trade_date=2026-07-17/exchange=NSE/symbol=MARUTI/part-035612_458153-001558.parquet,real_data_sample\l2_unseen_validation\trade_date=2026-07-17\exchange=NSE\symbol=MARUTI\part-035612_458153-001558.parquet,34454,downloaded,34454,
2026-07-17,NSE,MARUTI,raw_l2/trade_date=2026-07-17/exchange=NSE/symbol=MARUTI/part-035626_620957-001590.parquet,real_data_sample\l2_unseen_validation\trade_date=2026-07-17\exchange=NSE\symbol=MARUTI\part-035626_620957-001590.parquet,36056,downloaded,36056,
2026-07-17,NSE,M&M,raw_l2/trade_date=2026-07-17/exchange=NSE/symbol=M&M/part-095616_050937-050229.parquet,real_data_sample\l2_unseen_validation\trade_date=2026-07-17\exchange=NSE\symbol=M&M\part-095616_050937-050229.parquet,34634,downloaded,34634,
2026-07-17,NSE,M&M,raw_l2/trade_date=2026-07-17/exchange=NSE/symbol=M&M/part-095909_902848-050613.parquet,real_data_sample\l2_unseen_validation\trade_date=2026-07-17\exchange=NSE\symbol=M&M\part-095909_902848-050613.parquet,34420,downloaded,34420,
2026-07-17,NSE,M&M,raw_l2/trade_date=2026-07-17/exchange=NSE/symbol=M&M/part-100007_627968-050741.parquet,real_data_sample\l2_unseen_validation\trade_date=2026-07-17\exchange=NSE\symbol=M&M\part-100007_627968-050741.parquet,35403,downloaded,35403,
2026-07-17,NSE,M&M,raw_l2/trade_date=2026-07-17/exchange=NSE/symbol=M&M/part-095924_444431-050645.parquet,real_data_sample\l2_unseen_validation\trade_date=2026-07-17\exchange=NSE\symbol=M&M\part-095924_444431-050645.parquet,35545,downloaded,35545,
2026-07-17,NSE,M&M,raw_l2/trade_date=2026-07-17/exchange=NSE/symbol=M&M/part-095659_796269-050325.parquet,real_data_sample\l2_unseen_validation\trade_date=2026-07-17\exchange=NSE\symbol=M&M\part-095659_796269-050325.parquet,34418,downloaded,34418,
2026-07-17,NSE,M&M,raw_l2/trade_date=2026-07-17/exchange=NSE/symbol=M&M/part-095728_934689-050389.parquet,real_data_sample\l2_unseen_validation\trade_date=2026-07-17\exchange=NSE\symbol=M&M\part-095728_934689-050389.parquet,34687,downloaded,34687,
2026-07-17,NSE,M&M,raw_l2/trade_date=2026-07-17/exchange=NSE/symbol=M&M/part-095601_737591-050197.parquet,real_data_sample\l2_unseen_validation\trade_date=2026-07-17\exchange=NSE\symbol=M&M\part-095601_737591-050197.parquet,34390,downloaded,34390,
2026-07-17,NSE,M&M,raw_l2/trade_date=2026-07-17/exchange=NSE/symbol=M&M/part-095840_916055-050549.parquet,real_data_sample\l2_unseen_validation\trade_date=2026-07-17\exchange=NSE\symbol=M&M\part-095840_916055-050549.parquet,34351,downloaded,34351,
2026-07-17,NSE,MARUTI,raw_l2/trade_date=2026-07-17/exchange=NSE/symbol=MARUTI/part-035640_505582-001622.parquet,real_data_sample\l2_unseen_validation\trade_date=2026-07-17\exchange=NSE\symbol=MARUTI\part-035640_505582-001622.parquet,35352,downloaded,35352,
2026-07-17,NSE,M&M,raw_l2/trade_date=2026-07-17/exchange=NSE/symbol=M&M/part-095644_933727-050293.parquet,real_data_sample\l2_unseen_validation\trade_date=2026-07-17\exchange=NSE\symbol=M&M\part-095644_933727-050293.parquet,34573,downloaded,34573,
2026-07-17,NSE,MARUTI,raw_l2/trade_date=2026-07-17/exchange=NSE/symbol=MARUTI/part-035558_582424-001526.parquet,real_data_sample\l2_unseen_validation\trade_date=2026-07-17\exchange=NSE\symbol=MARUTI\part-035558_582424-001526.parquet,34714,downloaded,34714,
2026-07-17,NSE,MARUTI,raw_l2/trade_date=2026-07-17/exchange=NSE/symbol=MARUTI/part-035654_449294-001654.parquet,real_data_sample\l2_unseen_validation\trade_date=2026-07-17\exchange=NSE\symbol=MARUTI\part-035654_449294-001654.parquet,36013,downloaded,36013,
2026-07-17,NSE,MARUTI,raw_l2/trade_date=2026-07-17/exchange=NSE/symbol=MARUTI/part-035708_272575-001686.parquet,real_data_sample\l2_unseen_validation\trade_date=2026-07-17\exchange=NSE\symbol=MARUTI\part-035708_272575-001686.parquet,35672,downloaded,35672,
2026-07-17,NSE,M&M,raw_l2/trade_date=2026-07-17/exchange=NSE/symbol=M&M/part-095630_482676-050261.parquet,real_data_sample\l2_unseen_validation\trade_date=2026-07-17\exchange=NSE\symbol=M&M\part-095630_482676-050261.parquet,34310,downloaded,34310,
2026-07-17,NSE,M&M,raw_l2/trade_date=2026-07-17/exchange=NSE/symbol=M&M/part-095855_433942-050581.parquet,real_data_sample\l2_unseen_validation\trade_date=2026-07-17\exchange=NSE\symbol=M&M\part-095855_433942-050581.parquet,34357,downloaded,34357,
2026-07-17,NSE,MARUTI,raw_l2/trade_date=2026-07-17/exchange=NSE/symbol=MARUTI/part-035722_346750-001718.parquet,real_data_sample\l2_unseen_validation\trade_date=2026-07-17\exchange=NSE\symbol=MARUTI\part-035722_346750-001718.parquet,35808,downloaded,35808,
2026-07-17,NSE,M&M,raw_l2/trade_date=2026-07-17/exchange=NSE/symbol=M&M/part-095811_727471-050485.parquet,real_data_sample\l2_unseen_validation\trade_date=2026-07-17\exchange=NSE\symbol=M&M\part-095811_727471-050485.parquet,34404,downloaded,34404,
2026-07-17,NSE,MARUTI,raw_l2/trade_date=2026-07-17/exchange=NSE/symbol=MARUTI/part-035736_409560-001750.parquet,real_data_sample\l2_unseen_validation\trade_date=2026-07-17\exchange=NSE\symbol=MARUTI\part-035736_409560-001750.parquet,35723,downloaded,35723,
2026-07-17,NSE,MARUTI,raw_l2/trade_date=2026-07-17/exchange=NSE/symbol=MARUTI/part-035819_304382-001846.parquet,real_data_sample\l2_unseen_validation\trade_date=2026-07-17\exchange=NSE\symbol=MARUTI\part-035819_304382-001846.parquet,35919,downloaded,35919,
2026-07-17,NSE,MARUTI,raw_l2/trade_date=2026-07-17/exchange=NSE/symbol=MARUTI/part-035833_327677-001878.parquet,real_data_sample\l2_unseen_validation\trade_date=2026-07-17\exchange=NSE\symbol=MARUTI\part-035833_327677-001878.parquet,35682,downloaded,35682,
2026-07-17,NSE,MARUTI,raw_l2/trade_date=2026-07-17/exchange=NSE/symbol=MARUTI/part-035750_637070-001782.parquet,real_data_sample\l2_unseen_validation\trade_date=2026-07-17\exchange=NSE\symbol=MARUTI\part-035750_637070-001782.parquet,35805,downloaded,35805,
2026-07-17,NSE,MARUTI,raw_l2/trade_date=2026-07-17/exchange=NSE/symbol=MARUTI/part-035915_315540-001974.parquet,real_data_sample\l2_unseen_validation\trade_date=2026-07-17\exchange=NSE\symbol=MARUTI\part-035915_315540-001974.parquet,35846,downloaded,35846,
2026-07-17,NSE,MARUTI,raw_l2/trade_date=2026-07-17/exchange=NSE/symbol=MARUTI/part-035847_224458-001910.parquet,real_data_sample\l2_unseen_validation\trade_date=2026-07-17\exchange=NSE\symbol=MARUTI\part-035847_224458-001910.parquet,35937,downloaded,35937,
2026-07-17,NSE,MARUTI,raw_l2/trade_date=2026-07-17/exchange=NSE/symbol=MARUTI/part-035804_995078-001814.parquet,real_data_sample\l2_unseen_validation\trade_date=2026-07-17\exchange=NSE\symbol=MARUTI\part-035804_995078-001814.parquet,35940,downloaded,35940,
2026-07-17,NSE,MARUTI,raw_l2/trade_date=2026-07-17/exchange=NSE/symbol=MARUTI/part-035929_184362-002006.parquet,real_data_sample\l2_unseen_validation\trade_date=2026-07-17\exchange=NSE\symbol=MARUTI\part-035929_184362-002006.parquet,35951,downloaded,35951,
2026-07-17,NSE,MARUTI,raw_l2/trade_date=2026-07-17/exchange=NSE/symbol=MARUTI/part-035943_304421-002038.parquet,real_data_sample\l2_unseen_validation\trade_date=2026-07-17\exchange=NSE\symbol=MARUTI\part-035943_304421-002038.parquet,35361,downloaded,35361,
2026-07-17,NSE,MARUTI,raw_l2/trade_date=2026-07-17/exchange=NSE/symbol=MARUTI/part-034847_640873-000534.parquet,real_data_sample\l2_unseen_validation\trade_date=2026-07-17\exchange=NSE\symbol=MARUTI\part-034847_640873-000534.parquet,35823,downloaded,35823,
2026-07-17,NSE,MARUTI,raw_l2/trade_date=2026-07-17/exchange=NSE/symbol=MARUTI/part-034820_105693-000470.parquet,real_data_sample\l2_unseen_validation\trade_date=2026-07-17\exchange=NSE\symbol=MARUTI\part-034820_105693-000470.parquet,35854,downloaded,35854,
2026-07-17,NSE,MARUTI,raw_l2/trade_date=2026-07-17/exchange=NSE/symbol=MARUTI/part-040039_322477-002166.parquet,real_data_sample\l2_unseen_validation\trade_date=2026-07-17\exchange=NSE\symbol=MARUTI\part-040039_322477-002166.parquet,34666,downloaded,34666,
2026-07-17,NSE,MARUTI,raw_l2/trade_date=2026-07-17/exchange=NSE/symbol=MARUTI/part-040025_476400-002134.parquet,real_data_sample\l2_unseen_validation\trade_date=2026-07-17\exchange=NSE\symbol=MARUTI\part-040025_476400-002134.parquet,34614,downloaded,34614,
2026-07-17,NSE,MARUTI,raw_l2/trade_date=2026-07-17/exchange=NSE/symbol=MARUTI/part-040011_388841-002102.parquet,real_data_sample\l2_unseen_validation\trade_date=2026-07-17\exchange=NSE\symbol=MARUTI\part-040011_388841-002102.parquet,35584,downloaded,35584,
2026-07-17,NSE,MARUTI,raw_l2/trade_date=2026-07-17/exchange=NSE/symbol=MARUTI/part-034901_428872-000566.parquet,real_data_sample\l2_unseen_validation\trade_date=2026-07-17\exchange=NSE\symbol=MARUTI\part-034901_428872-000566.parquet,35735,downloaded,35735,
2026-07-17,NSE,MARUTI,raw_l2/trade_date=2026-07-17/exchange=NSE/symbol=MARUTI/part-035106_602231-000854.parquet,real_data_sample\l2_unseen_validation\trade_date=2026-07-17\exchange=NSE\symbol=MARUTI\part-035106_602231-000854.parquet,34688,downloaded,34688,
2026-07-17,NSE,MARUTI,raw_l2/trade_date=2026-07-17/exchange=NSE/symbol=MARUTI/part-040053_000500-002198.parquet,real_data_sample\l2_unseen_validation\trade_date=2026-07-17\exchange=NSE\symbol=MARUTI\part-040053_000500-002198.parquet,34449,downloaded,34449,
2026-07-17,NSE,MARUTI,raw_l2/trade_date=2026-07-17/exchange=NSE/symbol=MARUTI/part-035120_430009-000886.parquet,real_data_sample\l2_unseen_validation\trade_date=2026-07-17\exchange=NSE\symbol=MARUTI\part-035120_430009-000886.parquet,34333,downloaded,34333,
2026-07-17,NSE,MARUTI,raw_l2/trade_date=2026-07-17/exchange=NSE/symbol=MARUTI/part-034915_534806-000598.parquet,real_data_sample\l2_unseen_validation\trade_date=2026-07-17\exchange=NSE\symbol=MARUTI\part-034915_534806-000598.parquet,35681,downloaded,35681,
2026-07-17,NSE,MARUTI,raw_l2/trade_date=2026-07-17/exchange=NSE/symbol=MARUTI/part-040106_973080-002230.parquet,real_data_sample\l2_unseen_validation\trade_date=2026-07-17\exchange=NSE\symbol=MARUTI\part-040106_973080-002230.parquet,34468,downloaded,34468,
2026-07-17,NSE,M&M,raw_l2/trade_date=2026-07-17/exchange=NSE/symbol=M&M/part-095825_932303-050517.parquet,real_data_sample\l2_unseen_validation\trade_date=2026-07-17\exchange=NSE\symbol=M&M\part-095825_932303-050517.parquet,34625,downloaded,34625,
2026-07-17,NSE,MARUTI,raw_l2/trade_date=2026-07-17/exchange=NSE/symbol=MARUTI/part-040134_642279-002294.parquet,real_data_sample\l2_unseen_validation\trade_date=2026-07-17\exchange=NSE\symbol=MARUTI\part-040134_642279-002294.parquet,34607,downloaded,34607,
2026-07-17,NSE,MARUTI,raw_l2/trade_date=2026-07-17/exchange=NSE/symbol=MARUTI/part-035901_333453-001942.parquet,real_data_sample\l2_unseen_validation\trade_date=2026-07-17\exchange=NSE\symbol=MARUTI\part-035901_333453-001942.parquet,35753,downloaded,35753,
2026-07-17,NSE,MARUTI,raw_l2/trade_date=2026-07-17/exchange=NSE/symbol=MARUTI/part-035134_133664-000918.parquet,real_data_sample\l2_unseen_validation\trade_date=2026-07-17\exchange=NSE\symbol=MARUTI\part-035134_133664-000918.parquet,34691,downloaded,34691,
2026-07-17,NSE,MARUTI,raw_l2/trade_date=2026-07-17/exchange=NSE/symbol=MARUTI/part-034833_888512-000502.parquet,real_data_sample\l2_unseen_validation\trade_date=2026-07-17\exchange=NSE\symbol=MARUTI\part-034833_888512-000502.parquet,35704,downloaded,35704,
2026-07-17,NSE,MARUTI,raw_l2/trade_date=2026-07-17/exchange=NSE/symbol=MARUTI/part-040259_183369-002486.parquet,real_data_sample\l2_unseen_validation\trade_date=2026-07-17\exchange=NSE\symbol=MARUTI\part-040259_183369-002486.parquet,34375,downloaded,34375,
2026-07-17,NSE,MARUTI,raw_l2/trade_date=2026-07-17/exchange=NSE/symbol=MARUTI/part-040202_470735-002358.parquet,real_data_sample\l2_unseen_validation\trade_date=2026-07-17\exchange=NSE\symbol=MARUTI\part-040202_470735-002358.parquet,34458,downloaded,34458,
2026-07-17,NSE,MARUTI,raw_l2/trade_date=2026-07-17/exchange=NSE/symbol=MARUTI/part-040244_725794-002454.parquet,real_data_sample\l2_unseen_validation\trade_date=2026-07-17\exchange=NSE\symbol=MARUTI\part-040244_725794-002454.parquet,34588,downloaded,34588,
2026-07-17,NSE,MARUTI,raw_l2/trade_date=2026-07-17/exchange=NSE/symbol=MARUTI/part-035052_892609-000822.parquet,real_data_sample\l2_unseen_validation\trade_date=2026-07-17\exchange=NSE\symbol=MARUTI\part-035052_892609-000822.parquet,34404,downloaded,34404,
2026-07-17,NSE,MARUTI,raw_l2/trade_date=2026-07-17/exchange=NSE/symbol=MARUTI/part-035039_190531-000790.parquet,real_data_sample\l2_unseen_validation\trade_date=2026-07-17\exchange=NSE\symbol=MARUTI\part-035039_190531-000790.parquet,34452,downloaded,34452,
2026-07-17,NSE,MARUTI,raw_l2/trade_date=2026-07-17/exchange=NSE/symbol=MARUTI/part-040148_422613-002326.parquet,real_data_sample\l2_unseen_validation\trade_date=2026-07-17\exchange=NSE\symbol=MARUTI\part-040148_422613-002326.parquet,34475,downloaded,34475,
2026-07-17,NSE,MARUTI,raw_l2/trade_date=2026-07-17/exchange=NSE/symbol=MARUTI/part-034957_619547-000694.parquet,real_data_sample\l2_unseen_validation\trade_date=2026-07-17\exchange=NSE\symbol=MARUTI\part-034957_619547-000694.parquet,34451,downloaded,34451,
2026-07-17,NSE,MARUTI,raw_l2/trade_date=2026-07-17/exchange=NSE/symbol=MARUTI/part-040230_303853-002422.parquet,real_data_sample\l2_unseen_validation\trade_date=2026-07-17\exchange=NSE\symbol=MARUTI\part-040230_303853-002422.parquet,34465,downloaded,34465,
2026-07-17,NSE,MARUTI,raw_l2/trade_date=2026-07-17/exchange=NSE/symbol=MARUTI/part-040216_326096-002390.parquet,real_data_sample\l2_unseen_validation\trade_date=2026-07-17\exchange=NSE\symbol=MARUTI\part-040216_326096-002390.parquet,34477,downloaded,34477,
2026-07-17,NSE,MARUTI,raw_l2/trade_date=2026-07-17/exchange=NSE/symbol=MARUTI/part-035957_295564-002070.parquet,real_data_sample\l2_unseen_validation\trade_date=2026-07-17\exchange=NSE\symbol=MARUTI\part-035957_295564-002070.parquet,35518,downloaded,35518,
2026-07-17,NSE,MARUTI,raw_l2/trade_date=2026-07-17/exchange=NSE/symbol=MARUTI/part-034929_548806-000630.parquet,real_data_sample\l2_unseen_validation\trade_date=2026-07-17\exchange=NSE\symbol=MARUTI\part-034929_548806-000630.parquet,34414,downloaded,34414,
2026-07-17,NSE,MARUTI,raw_l2/trade_date=2026-07-17/exchange=NSE/symbol=MARUTI/part-040327_691307-002550.parquet,real_data_sample\l2_unseen_validation\trade_date=2026-07-17\exchange=NSE\symbol=MARUTI\part-040327_691307-002550.parquet,34502,downloaded,34502,
2026-07-17,NSE,MARUTI,raw_l2/trade_date=2026-07-17/exchange=NSE/symbol=MARUTI/part-035011_483519-000726.parquet,real_data_sample\l2_unseen_validation\trade_date=2026-07-17\exchange=NSE\symbol=MARUTI\part-035011_483519-000726.parquet,34471,downloaded,34471,
2026-07-17,NSE,MARUTI,raw_l2/trade_date=2026-07-17/exchange=NSE/symbol=MARUTI/part-040313_515116-002518.parquet,real_data_sample\l2_unseen_validation\trade_date=2026-07-17\exchange=NSE\symbol=MARUTI\part-040313_515116-002518.parquet,34488,downloaded,34488,
2026-07-17,NSE,MARUTI,raw_l2/trade_date=2026-07-17/exchange=NSE/symbol=MARUTI/part-040341_874579-002582.parquet,real_data_sample\l2_unseen_validation\trade_date=2026-07-17\exchange=NSE\symbol=MARUTI\part-040341_874579-002582.parquet,34569,downloaded,34569,
2026-07-17,NSE,MARUTI,raw_l2/trade_date=2026-07-17/exchange=NSE/symbol=MARUTI/part-040356_054905-002614.parquet,real_data_sample\l2_unseen_validation\trade_date=2026-07-17\exchange=NSE\symbol=MARUTI\part-040356_054905-002614.parquet,34612,downloaded,34612,
2026-07-17,NSE,MARUTI,raw_l2/trade_date=2026-07-17/exchange=NSE/symbol=MARUTI/part-040410_078081-002646.parquet,real_data_sample\l2_unseen_validation\trade_date=2026-07-17\exchange=NSE\symbol=MARUTI\part-040410_078081-002646.parquet,34447,downloaded,34447,
2026-07-17,NSE,MARUTI,raw_l2/trade_date=2026-07-17/exchange=NSE/symbol=MARUTI/part-040520_442203-002806.parquet,real_data_sample\l2_unseen_validation\trade_date=2026-07-17\exchange=NSE\symbol=MARUTI\part-040520_442203-002806.parquet,35206,downloaded,35206,
2026-07-17,NSE,MARUTI,raw_l2/trade_date=2026-07-17/exchange=NSE/symbol=MARUTI/part-040120_815738-002262.parquet,real_data_sample\l2_unseen_validation\trade_date=2026-07-17\exchange=NSE\symbol=MARUTI\part-040120_815738-002262.parquet,34640,downloaded,34640,
2026-07-17,NSE,MARUTI,raw_l2/trade_date=2026-07-17/exchange=NSE/symbol=MARUTI/part-040534_457522-002838.parquet,real_data_sample\l2_unseen_validation\trade_date=2026-07-17\exchange=NSE\symbol=MARUTI\part-040534_457522-002838.parquet,35521,downloaded,35521,
2026-07-17,NSE,MARUTI,raw_l2/trade_date=2026-07-17/exchange=NSE/symbol=MARUTI/part-040616_410060-002934.parquet,real_data_sample\l2_unseen_validation\trade_date=2026-07-17\exchange=NSE\symbol=MARUTI\part-040616_410060-002934.parquet,35630,downloaded,35630,
2026-07-17,NSE,MARUTI,raw_l2/trade_date=2026-07-17/exchange=NSE/symbol=MARUTI/part-040424_047697-002678.parquet,real_data_sample\l2_unseen_validation\trade_date=2026-07-17\exchange=NSE\symbol=MARUTI\part-040424_047697-002678.parquet,34450,downloaded,34450,
2026-07-17,NSE,MARUTI,raw_l2/trade_date=2026-07-17/exchange=NSE/symbol=MARUTI/part-040602_571856-002902.parquet,real_data_sample\l2_unseen_validation\trade_date=2026-07-17\exchange=NSE\symbol=MARUTI\part-040602_571856-002902.parquet,35549,downloaded,35549,
2026-07-17,NSE,MARUTI,raw_l2/trade_date=2026-07-17/exchange=NSE/symbol=MARUTI/part-034751_934413-000406.parquet,real_data_sample\l2_unseen_validation\trade_date=2026-07-17\exchange=NSE\symbol=MARUTI\part-034751_934413-000406.parquet,35851,downloaded,35851,
2026-07-17,NSE,MARUTI,raw_l2/trade_date=2026-07-17/exchange=NSE/symbol=MARUTI/part-040451_901276-002742.parquet,real_data_sample\l2_unseen_validation\trade_date=2026-07-17\exchange=NSE\symbol=MARUTI\part-040451_901276-002742.parquet,34503,downloaded,34503,
2026-07-17,NSE,MARUTI,raw_l2/trade_date=2026-07-17/exchange=NSE/symbol=MARUTI/part-040548_403695-002870.parquet,real_data_sample\l2_unseen_validation\trade_date=2026-07-17\exchange=NSE\symbol=MARUTI\part-040548_403695-002870.parquet,35121,downloaded,35121,
2026-07-17,NSE,MARUTI,raw_l2/trade_date=2026-07-17/exchange=NSE/symbol=MARUTI/part-040437_988910-002710.parquet,real_data_sample\l2_unseen_validation\trade_date=2026-07-17\exchange=NSE\symbol=MARUTI\part-040437_988910-002710.parquet,34518,downloaded,34518,
2026-07-17,NSE,MARUTI,raw_l2/trade_date=2026-07-17/exchange=NSE/symbol=MARUTI/part-040506_183385-002774.parquet,real_data_sample\l2_unseen_validation\trade_date=2026-07-17\exchange=NSE\symbol=MARUTI\part-040506_183385-002774.parquet,34450,downloaded,34450,
2026-07-17,NSE,MARUTI,raw_l2/trade_date=2026-07-17/exchange=NSE/symbol=MARUTI/part-040630_408377-002966.parquet,real_data_sample\l2_unseen_validation\trade_date=2026-07-17\exchange=NSE\symbol=MARUTI\part-040630_408377-002966.parquet,34696,downloaded,34696,
2026-07-17,NSE,MARUTI,raw_l2/trade_date=2026-07-17/exchange=NSE/symbol=MARUTI/part-040644_194184-002998.parquet,real_data_sample\l2_unseen_validation\trade_date=2026-07-17\exchange=NSE\symbol=MARUTI\part-040644_194184-002998.parquet,34659,downloaded,34659,
2026-07-17,NSE,MARUTI,raw_l2/trade_date=2026-07-17/exchange=NSE/symbol=MARUTI/part-040726_229487-003094.parquet,real_data_sample\l2_unseen_validation\trade_date=2026-07-17\exchange=NSE\symbol=MARUTI\part-040726_229487-003094.parquet,35440,downloaded,35440,
2026-07-17,NSE,MARUTI,raw_l2/trade_date=2026-07-17/exchange=NSE/symbol=MARUTI/part-040740_428005-003126.parquet,real_data_sample\l2_unseen_validation\trade_date=2026-07-17\exchange=NSE\symbol=MARUTI\part-040740_428005-003126.parquet,35498,downloaded,35498,
2026-07-17,NSE,MARUTI,raw_l2/trade_date=2026-07-17/exchange=NSE/symbol=MARUTI/part-040905_485434-003318.parquet,real_data_sample\l2_unseen_validation\trade_date=2026-07-17\exchange=NSE\symbol=MARUTI\part-040905_485434-003318.parquet,34713,downloaded,34713,
2026-07-17,NSE,MARUTI,raw_l2/trade_date=2026-07-17/exchange=NSE/symbol=MARUTI/part-040836_989370-003254.parquet,real_data_sample\l2_unseen_validation\trade_date=2026-07-17\exchange=NSE\symbol=MARUTI\part-040836_989370-003254.parquet,34731,downloaded,34731,
2026-07-17,NSE,MARUTI,raw_l2/trade_date=2026-07-17/exchange=NSE/symbol=MARUTI/part-040754_442441-003158.parquet,real_data_sample\l2_unseen_validation\trade_date=2026-07-17\exchange=NSE\symbol=MARUTI\part-040754_442441-003158.parquet,35456,downloaded,35456,
2026-07-17,NSE,MARUTI,raw_l2/trade_date=2026-07-17/exchange=NSE/symbol=MARUTI/part-040919_638941-003350.parquet,real_data_sample\l2_unseen_validation\trade_date=2026-07-17\exchange=NSE\symbol=MARUTI\part-040919_638941-003350.parquet,35109,downloaded,35109,
2026-07-17,NSE,MARUTI,raw_l2/trade_date=2026-07-17/exchange=NSE/symbol=MARUTI/part-040658_172044-003030.parquet,real_data_sample\l2_unseen_validation\trade_date=2026-07-17\exchange=NSE\symbol=MARUTI\part-040658_172044-003030.parquet,34656,downloaded,34656,
2026-07-17,NSE,MARUTI,raw_l2/trade_date=2026-07-17/exchange=NSE/symbol=MARUTI/part-040712_186782-003062.parquet,real_data_sample\l2_unseen_validation\trade_date=2026-07-17\exchange=NSE\symbol=MARUTI\part-040712_186782-003062.parquet,34606,downloaded,34606,
2026-07-17,NSE,MARUTI,raw_l2/trade_date=2026-07-17/exchange=NSE/symbol=MARUTI/part-041002_603549-003446.parquet,real_data_sample\l2_unseen_validation\trade_date=2026-07-17\exchange=NSE\symbol=MARUTI\part-041002_603549-003446.parquet,35594,downloaded,35594,
2026-07-17,NSE,MARUTI,raw_l2/trade_date=2026-07-17/exchange=NSE/symbol=MARUTI/part-040808_473151-003190.parquet,real_data_sample\l2_unseen_validation\trade_date=2026-07-17\exchange=NSE\symbol=MARUTI\part-040808_473151-003190.parquet,35384,downloaded,35384,
2026-07-17,NSE,MARUTI,raw_l2/trade_date=2026-07-17/exchange=NSE/symbol=MARUTI/part-040948_332389-003414.parquet,real_data_sample\l2_unseen_validation\trade_date=2026-07-17\exchange=NSE\symbol=MARUTI\part-040948_332389-003414.parquet,36188,downloaded,36188,
2026-07-17,NSE,MARUTI,raw_l2/trade_date=2026-07-17/exchange=NSE/symbol=MARUTI/part-040851_404379-003286.parquet,real_data_sample\l2_unseen_validation\trade_date=2026-07-17\exchange=NSE\symbol=MARUTI\part-040851_404379-003286.parquet,34461,downloaded,34461,
2026-07-17,NSE,MARUTI,raw_l2/trade_date=2026-07-17/exchange=NSE/symbol=MARUTI/part-040822_990164-003222.parquet,real_data_sample\l2_unseen_validation\trade_date=2026-07-17\exchange=NSE\symbol=MARUTI\part-040822_990164-003222.parquet,34731,downloaded,34731,
2026-07-17,NSE,MARUTI,raw_l2/trade_date=2026-07-17/exchange=NSE/symbol=MARUTI/part-041016_405152-003478.parquet,real_data_sample\l2_unseen_validation\trade_date=2026-07-17\exchange=NSE\symbol=MARUTI\part-041016_405152-003478.parquet,35503,downloaded,35503,
2026-07-17,NSE,MARUTI,raw_l2/trade_date=2026-07-17/exchange=NSE/symbol=MARUTI/part-041030_731643-003510.parquet,real_data_sample\l2_unseen_validation\trade_date=2026-07-17\exchange=NSE\symbol=MARUTI\part-041030_731643-003510.parquet,35442,downloaded,35442,
2026-07-17,NSE,MARUTI,raw_l2/trade_date=2026-07-17/exchange=NSE/symbol=MARUTI/part-041059_247592-003574.parquet,real_data_sample\l2_unseen_validation\trade_date=2026-07-17\exchange=NSE\symbol=MARUTI\part-041059_247592-003574.parquet,35588,downloaded,35588,
2026-07-17,NSE,MARUTI,raw_l2/trade_date=2026-07-17/exchange=NSE/symbol=MARUTI/part-041113_381206-003606.parquet,real_data_sample\l2_unseen_validation\trade_date=2026-07-17\exchange=NSE\symbol=MARUTI\part-041113_381206-003606.parquet,35781,downloaded,35781,
2026-07-17,NSE,MARUTI,raw_l2/trade_date=2026-07-17/exchange=NSE/symbol=MARUTI/part-041127_116789-003638.parquet,real_data_sample\l2_unseen_validation\trade_date=2026-07-17\exchange=NSE\symbol=MARUTI\part-041127_116789-003638.parquet,35495,downloaded,35495,
2026-07-17,NSE,MARUTI,raw_l2/trade_date=2026-07-17/exchange=NSE/symbol=MARUTI/part-041154_939198-003702.parquet,real_data_sample\l2_unseen_validation\trade_date=2026-07-17\exchange=NSE\symbol=MARUTI\part-041154_939198-003702.parquet,35171,downloaded,35171,
2026-07-17,NSE,MARUTI,raw_l2/trade_date=2026-07-17/exchange=NSE/symbol=MARUTI/part-041222_956979-003766.parquet,real_data_sample\l2_unseen_validation\trade_date=2026-07-17\exchange=NSE\symbol=MARUTI\part-041222_956979-003766.parquet,34743,downloaded,34743,
2026-07-17,NSE,MARUTI,raw_l2/trade_date=2026-07-17/exchange=NSE/symbol=MARUTI/part-041209_072562-003734.parquet,real_data_sample\l2_unseen_validation\trade_date=2026-07-17\exchange=NSE\symbol=MARUTI\part-041209_072562-003734.parquet,35153,downloaded,35153,
2026-07-17,NSE,MARUTI,raw_l2/trade_date=2026-07-17/exchange=NSE/symbol=MARUTI/part-041318_364036-003894.parquet,real_data_sample\l2_unseen_validation\trade_date=2026-07-17\exchange=NSE\symbol=MARUTI\part-041318_364036-003894.parquet,34985,downloaded,34985,
2026-07-17,NSE,MARUTI,raw_l2/trade_date=2026-07-17/exchange=NSE/symbol=MARUTI/part-041236_834315-003798.parquet,real_data_sample\l2_unseen_validation\trade_date=2026-07-17\exchange=NSE\symbol=MARUTI\part-041236_834315-003798.parquet,34496,downloaded,34496,
2026-07-17,NSE,MARUTI,raw_l2/trade_date=2026-07-17/exchange=NSE/symbol=MARUTI/part-041304_440197-003862.parquet,real_data_sample\l2_unseen_validation\trade_date=2026-07-17\exchange=NSE\symbol=MARUTI\part-041304_440197-003862.parquet,34347,downloaded,34347,
2026-07-17,NSE,MARUTI,raw_l2/trade_date=2026-07-17/exchange=NSE/symbol=MARUTI/part-041346_549167-003958.parquet,real_data_sample\l2_unseen_validation\trade_date=2026-07-17\exchange=NSE\symbol=MARUTI\part-041346_549167-003958.parquet,35876,downloaded,35876,
2026-07-17,NSE,MARUTI,raw_l2/trade_date=2026-07-17/exchange=NSE/symbol=MARUTI/part-041332_504029-003926.parquet,real_data_sample\l2_unseen_validation\trade_date=2026-07-17\exchange=NSE\symbol=MARUTI\part-041332_504029-003926.parquet,35894,downloaded,35894,
2026-07-17,NSE,MARUTI,raw_l2/trade_date=2026-07-17/exchange=NSE/symbol=MARUTI/part-041414_704420-004022.parquet,real_data_sample\l2_unseen_validation\trade_date=2026-07-17\exchange=NSE\symbol=MARUTI\part-041414_704420-004022.parquet,35884,downloaded,35884,
2026-07-17,NSE,MARUTI,raw_l2/trade_date=2026-07-17/exchange=NSE/symbol=MARUTI/part-041400_692484-003990.parquet,real_data_sample\l2_unseen_validation\trade_date=2026-07-17\exchange=NSE\symbol=MARUTI\part-041400_692484-003990.parquet,35362,downloaded,35362,
2026-07-17,NSE,MARUTI,raw_l2/trade_date=2026-07-17/exchange=NSE/symbol=MARUTI/part-040934_047569-003382.parquet,real_data_sample\l2_unseen_validation\trade_date=2026-07-17\exchange=NSE\symbol=MARUTI\part-040934_047569-003382.parquet,35579,downloaded,35579,
2026-07-17,NSE,MARUTI,raw_l2/trade_date=2026-07-17/exchange=NSE/symbol=MARUTI/part-041442_740037-004086.parquet,real_data_sample\l2_unseen_validation\trade_date=2026-07-17\exchange=NSE\symbol=MARUTI\part-041442_740037-004086.parquet,35598,downloaded,35598,
2026-07-17,NSE,MARUTI,raw_l2/trade_date=2026-07-17/exchange=NSE/symbol=MARUTI/part-041538_376416-004214.parquet,real_data_sample\l2_unseen_validation\trade_date=2026-07-17\exchange=NSE\symbol=MARUTI\part-041538_376416-004214.parquet,35314,downloaded,35314,
2026-07-17,NSE,MARUTI,raw_l2/trade_date=2026-07-17/exchange=NSE/symbol=MARUTI/part-041648_683329-004374.parquet,real_data_sample\l2_unseen_validation\trade_date=2026-07-17\exchange=NSE\symbol=MARUTI\part-041648_683329-004374.parquet,35170,downloaded,35170,
2026-07-17,NSE,MARUTI,raw_l2/trade_date=2026-07-17/exchange=NSE/symbol=MARUTI/part-041621_170616-004310.parquet,real_data_sample\l2_unseen_validation\trade_date=2026-07-17\exchange=NSE\symbol=MARUTI\part-041621_170616-004310.parquet,35314,downloaded,35314,
2026-07-17,NSE,MARUTI,raw_l2/trade_date=2026-07-17/exchange=NSE/symbol=MARUTI/part-041607_382644-004278.parquet,real_data_sample\l2_unseen_validation\trade_date=2026-07-17\exchange=NSE\symbol=MARUTI\part-041607_382644-004278.parquet,35240,downloaded,35240,
2026-07-17,NSE,MARUTI,raw_l2/trade_date=2026-07-17/exchange=NSE/symbol=MARUTI/part-041553_580412-004246.parquet,real_data_sample\l2_unseen_validation\trade_date=2026-07-17\exchange=NSE\symbol=MARUTI\part-041553_580412-004246.parquet,35676,downloaded,35676,
2026-07-17,NSE,MARUTI,raw_l2/trade_date=2026-07-17/exchange=NSE/symbol=MARUTI/part-041744_672873-004502.parquet,real_data_sample\l2_unseen_validation\trade_date=2026-07-17\exchange=NSE\symbol=MARUTI\part-041744_672873-004502.parquet,34659,downloaded,34659,
2026-07-17,NSE,MARUTI,raw_l2/trade_date=2026-07-17/exchange=NSE/symbol=MARUTI/part-041456_664775-004118.parquet,real_data_sample\l2_unseen_validation\trade_date=2026-07-17\exchange=NSE\symbol=MARUTI\part-041456_664775-004118.parquet,35685,downloaded,35685,
2026-07-17,NSE,MARUTI,raw_l2/trade_date=2026-07-17/exchange=NSE/symbol=MARUTI/part-041524_478808-004182.parquet,real_data_sample\l2_unseen_validation\trade_date=2026-07-17\exchange=NSE\symbol=MARUTI\part-041524_478808-004182.parquet,35279,downloaded,35279,
2026-07-17,NSE,MARUTI,raw_l2/trade_date=2026-07-17/exchange=NSE/symbol=MARUTI/part-041428_689740-004054.parquet,real_data_sample\l2_unseen_validation\trade_date=2026-07-17\exchange=NSE\symbol=MARUTI\part-041428_689740-004054.parquet,35799,downloaded,35799,
2026-07-17,NSE,MARUTI,raw_l2/trade_date=2026-07-17/exchange=NSE/symbol=MARUTI/part-041510_656325-004150.parquet,real_data_sample\l2_unseen_validation\trade_date=2026-07-17\exchange=NSE\symbol=MARUTI\part-041510_656325-004150.parquet,35289,downloaded,35289,
2026-07-17,NSE,MARUTI,raw_l2/trade_date=2026-07-17/exchange=NSE/symbol=MARUTI/part-041634_825141-004342.parquet,real_data_sample\l2_unseen_validation\trade_date=2026-07-17\exchange=NSE\symbol=MARUTI\part-041634_825141-004342.parquet,35348,downloaded,35348,
2026-07-17,NSE,MARUTI,raw_l2/trade_date=2026-07-17/exchange=NSE/symbol=MARUTI/part-041702_572372-004406.parquet,real_data_sample\l2_unseen_validation\trade_date=2026-07-17\exchange=NSE\symbol=MARUTI\part-041702_572372-004406.parquet,35439,downloaded,35439,
2026-07-17,NSE,MARUTI,raw_l2/trade_date=2026-07-17/exchange=NSE/symbol=MARUTI/part-041730_781794-004470.parquet,real_data_sample\l2_unseen_validation\trade_date=2026-07-17\exchange=NSE\symbol=MARUTI\part-041730_781794-004470.parquet,34583,downloaded,34583,
2026-07-17,NSE,MARUTI,raw_l2/trade_date=2026-07-17/exchange=NSE/symbol=MARUTI/part-041716_307195-004438.parquet,real_data_sample\l2_unseen_validation\trade_date=2026-07-17\exchange=NSE\symbol=MARUTI\part-041716_307195-004438.parquet,35010,downloaded,35010,
2026-07-17,NSE,MARUTI,raw_l2/trade_date=2026-07-17/exchange=NSE/symbol=MARUTI/part-041758_412424-004534.parquet,real_data_sample\l2_unseen_validation\trade_date=2026-07-17\exchange=NSE\symbol=MARUTI\part-041758_412424-004534.parquet,34485,downloaded,34485,
2026-07-17,NSE,MARUTI,raw_l2/trade_date=2026-07-17/exchange=NSE/symbol=MARUTI/part-041812_069594-004566.parquet,real_data_sample\l2_unseen_validation\trade_date=2026-07-17\exchange=NSE\symbol=MARUTI\part-041812_069594-004566.parquet,34650,downloaded,34650,
2026-07-17,NSE,MARUTI,raw_l2/trade_date=2026-07-17/exchange=NSE/symbol=MARUTI/part-041141_162316-003670.parquet,real_data_sample\l2_unseen_validation\trade_date=2026-07-17\exchange=NSE\symbol=MARUTI\part-041141_162316-003670.parquet,35341,downloaded,35341,
2026-07-17,NSE,MARUTI,raw_l2/trade_date=2026-07-17/exchange=NSE/symbol=MARUTI/part-041250_685342-003830.parquet,real_data_sample\l2_unseen_validation\trade_date=2026-07-17\exchange=NSE\symbol=MARUTI\part-041250_685342-003830.parquet,34638,downloaded,34638,
2026-07-17,NSE,MARUTI,raw_l2/trade_date=2026-07-17/exchange=NSE/symbol=MARUTI/part-041936_692960-004758.parquet,real_data_sample\l2_unseen_validation\trade_date=2026-07-17\exchange=NSE\symbol=MARUTI\part-041936_692960-004758.parquet,34681,downloaded,34681,
2026-07-17,NSE,MARUTI,raw_l2/trade_date=2026-07-17/exchange=NSE/symbol=MARUTI/part-041950_737426-004790.parquet,real_data_sample\l2_unseen_validation\trade_date=2026-07-17\exchange=NSE\symbol=MARUTI\part-041950_737426-004790.parquet,34489,downloaded,34489,
2026-07-17,NSE,MARUTI,raw_l2/trade_date=2026-07-17/exchange=NSE/symbol=MARUTI/part-041839_717402-004630.parquet,real_data_sample\l2_unseen_validation\trade_date=2026-07-17\exchange=NSE\symbol=MARUTI\part-041839_717402-004630.parquet,34338,downloaded,34338,
2026-07-17,NSE,MARUTI,raw_l2/trade_date=2026-07-17/exchange=NSE/symbol=MARUTI/part-041854_005955-004662.parquet,real_data_sample\l2_unseen_validation\trade_date=2026-07-17\exchange=NSE\symbol=MARUTI\part-041854_005955-004662.parquet,34510,downloaded,34510,
2026-07-17,NSE,MARUTI,raw_l2/trade_date=2026-07-17/exchange=NSE/symbol=MARUTI/part-042004_592280-004822.parquet,real_data_sample\l2_unseen_validation\trade_date=2026-07-17\exchange=NSE\symbol=MARUTI\part-042004_592280-004822.parquet,34295,downloaded,34295,
2026-07-17,NSE,MARUTI,raw_l2/trade_date=2026-07-17/exchange=NSE/symbol=MARUTI/part-041908_230549-004694.parquet,real_data_sample\l2_unseen_validation\trade_date=2026-07-17\exchange=NSE\symbol=MARUTI\part-041908_230549-004694.parquet,34655,downloaded,34655,
2026-07-17,NSE,MARUTI,raw_l2/trade_date=2026-07-17/exchange=NSE/symbol=MARUTI/part-041825_854825-004598.parquet,real_data_sample\l2_unseen_validation\trade_date=2026-07-17\exchange=NSE\symbol=MARUTI\part-041825_854825-004598.parquet,34670,downloaded,34670,
2026-07-17,NSE,MARUTI,raw_l2/trade_date=2026-07-17/exchange=NSE/symbol=MARUTI/part-042018_622000-004854.parquet,real_data_sample\l2_unseen_validation\trade_date=2026-07-17\exchange=NSE\symbol=MARUTI\part-042018_622000-004854.parquet,35271,downloaded,35271,
2026-07-17,NSE,MARUTI,raw_l2/trade_date=2026-07-17/exchange=NSE/symbol=MARUTI/part-041922_629853-004726.parquet,real_data_sample\l2_unseen_validation\trade_date=2026-07-17\exchange=NSE\symbol=MARUTI\part-041922_629853-004726.parquet,34656,downloaded,34656,
2026-07-17,NSE,MARUTI,raw_l2/trade_date=2026-07-17/exchange=NSE/symbol=MARUTI/part-042457_112883-005494.parquet,real_data_sample\l2_unseen_validation\trade_date=2026-07-17\exchange=NSE\symbol=MARUTI\part-042457_112883-005494.parquet,34668,downloaded,34668,
2026-07-17,NSE,MARUTI,raw_l2/trade_date=2026-07-17/exchange=NSE/symbol=MARUTI/part-042319_759161-005270.parquet,real_data_sample\l2_unseen_validation\trade_date=2026-07-17\exchange=NSE\symbol=MARUTI\part-042319_759161-005270.parquet,35554,downloaded,35554,
2026-07-17,NSE,MARUTI,raw_l2/trade_date=2026-07-17/exchange=NSE/symbol=MARUTI/part-042251_674721-005206.parquet,real_data_sample\l2_unseen_validation\trade_date=2026-07-17\exchange=NSE\symbol=MARUTI\part-042251_674721-005206.parquet,35409,downloaded,35409,
2026-07-17,NSE,MARUTI,raw_l2/trade_date=2026-07-17/exchange=NSE/symbol=MARUTI/part-042443_456775-005462.parquet,real_data_sample\l2_unseen_validation\trade_date=2026-07-17\exchange=NSE\symbol=MARUTI\part-042443_456775-005462.parquet,34636,downloaded,34636,
2026-07-17,NSE,MARUTI,raw_l2/trade_date=2026-07-17/exchange=NSE/symbol=MARUTI/part-042210_003321-005110.parquet,real_data_sample\l2_unseen_validation\trade_date=2026-07-17\exchange=NSE\symbol=MARUTI\part-042210_003321-005110.parquet,34736,downloaded,34736,
2026-07-17,NSE,MARUTI,raw_l2/trade_date=2026-07-17/exchange=NSE/symbol=MARUTI/part-042305_610230-005238.parquet,real_data_sample\l2_unseen_validation\trade_date=2026-07-17\exchange=NSE\symbol=MARUTI\part-042305_610230-005238.parquet,34980,downloaded,34980,
2026-07-17,NSE,MARUTI,raw_l2/trade_date=2026-07-17/exchange=NSE/symbol=MARUTI/part-042401_640968-005366.parquet,real_data_sample\l2_unseen_validation\trade_date=2026-07-17\exchange=NSE\symbol=MARUTI\part-042401_640968-005366.parquet,35557,downloaded,35557,
2026-07-17,NSE,MARUTI,raw_l2/trade_date=2026-07-17/exchange=NSE/symbol=MARUTI/part-042155_944004-005078.parquet,real_data_sample\l2_unseen_validation\trade_date=2026-07-17\exchange=NSE\symbol=MARUTI\part-042155_944004-005078.parquet,34584,downloaded,34584,
2026-07-17,NSE,MARUTI,raw_l2/trade_date=2026-07-17/exchange=NSE/symbol=MARUTI/part-042333_677200-005302.parquet,real_data_sample\l2_unseen_validation\trade_date=2026-07-17\exchange=NSE\symbol=MARUTI\part-042333_677200-005302.parquet,35124,downloaded,35124,
2026-07-17,NSE,MARUTI,raw_l2/trade_date=2026-07-17/exchange=NSE/symbol=MARUTI/part-042237_844587-005174.parquet,real_data_sample\l2_unseen_validation\trade_date=2026-07-17\exchange=NSE\symbol=MARUTI\part-042237_844587-005174.parquet,35068,downloaded,35068,
2026-07-17,NSE,MARUTI,raw_l2/trade_date=2026-07-17/exchange=NSE/symbol=MARUTI/part-042141_951767-005046.parquet,real_data_sample\l2_unseen_validation\trade_date=2026-07-17\exchange=NSE\symbol=MARUTI\part-042141_951767-005046.parquet,34361,downloaded,34361,
2026-07-17,NSE,MARUTI,raw_l2/trade_date=2026-07-17/exchange=NSE/symbol=MARUTI/part-042415_382361-005398.parquet,real_data_sample\l2_unseen_validation\trade_date=2026-07-17\exchange=NSE\symbol=MARUTI\part-042415_382361-005398.parquet,35076,downloaded,35076,
2026-07-17,NSE,MARUTI,raw_l2/trade_date=2026-07-17/exchange=NSE/symbol=MARUTI/part-042429_451082-005430.parquet,real_data_sample\l2_unseen_validation\trade_date=2026-07-17\exchange=NSE\symbol=MARUTI\part-042429_451082-005430.parquet,34389,downloaded,34389,
2026-07-17,NSE,MARUTI,raw_l2/trade_date=2026-07-17/exchange=NSE/symbol=MARUTI/part-042223_985134-005142.parquet,real_data_sample\l2_unseen_validation\trade_date=2026-07-17\exchange=NSE\symbol=MARUTI\part-042223_985134-005142.parquet,35167,downloaded,35167,
2026-07-17,NSE,MARUTI,raw_l2/trade_date=2026-07-17/exchange=NSE/symbol=MARUTI/part-042347_724307-005334.parquet,real_data_sample\l2_unseen_validation\trade_date=2026-07-17\exchange=NSE\symbol=MARUTI\part-042347_724307-005334.parquet,35426,downloaded,35426,
2026-07-17,NSE,MARUTI,raw_l2/trade_date=2026-07-17/exchange=NSE/symbol=MARUTI/part-042113_921375-004982.parquet,real_data_sample\l2_unseen_validation\trade_date=2026-07-17\exchange=NSE\symbol=MARUTI\part-042113_921375-004982.parquet,35066,downloaded,35066,
2026-07-17,NSE,MARUTI,raw_l2/trade_date=2026-07-17/exchange=NSE/symbol=MARUTI/part-041044_876656-003542.parquet,real_data_sample\l2_unseen_validation\trade_date=2026-07-17\exchange=NSE\symbol=MARUTI\part-041044_876656-003542.parquet,35797,downloaded,35797,
2026-07-17,NSE,MARUTI,raw_l2/trade_date=2026-07-17/exchange=NSE/symbol=MARUTI/part-042046_346244-004918.parquet,real_data_sample\l2_unseen_validation\trade_date=2026-07-17\exchange=NSE\symbol=MARUTI\part-042046_346244-004918.parquet,35328,downloaded,35328,
2026-07-17,NSE,MARUTI,raw_l2/trade_date=2026-07-17/exchange=NSE/symbol=MARUTI/part-042032_383670-004886.parquet,real_data_sample\l2_unseen_validation\trade_date=2026-07-17\exchange=NSE\symbol=MARUTI\part-042032_383670-004886.parquet,34828,downloaded,34828,
2026-07-17,NSE,MARUTI,raw_l2/trade_date=2026-07-17/exchange=NSE/symbol=MARUTI/part-042127_846264-005014.parquet,real_data_sample\l2_unseen_validation\trade_date=2026-07-17\exchange=NSE\symbol=MARUTI\part-042127_846264-005014.parquet,34439,downloaded,34439,
2026-07-17,NSE,MARUTI,raw_l2/trade_date=2026-07-17/exchange=NSE/symbol=MARUTI/part-042703_254142-005782.parquet,real_data_sample\l2_unseen_validation\trade_date=2026-07-17\exchange=NSE\symbol=MARUTI\part-042703_254142-005782.parquet,35564,downloaded,35564,
2026-07-17,NSE,MARUTI,raw_l2/trade_date=2026-07-17/exchange=NSE/symbol=MARUTI/part-042621_112714-005686.parquet,real_data_sample\l2_unseen_validation\trade_date=2026-07-17\exchange=NSE\symbol=MARUTI\part-042621_112714-005686.parquet,35367,downloaded,35367,
2026-07-17,NSE,MARUTI,raw_l2/trade_date=2026-07-17/exchange=NSE/symbol=MARUTI/part-042607_106710-005654.parquet,real_data_sample\l2_unseen_validation\trade_date=2026-07-17\exchange=NSE\symbol=MARUTI\part-042607_106710-005654.parquet,35343,downloaded,35343,
2026-07-17,NSE,MARUTI,raw_l2/trade_date=2026-07-17/exchange=NSE/symbol=MARUTI/part-042539_058917-005590.parquet,real_data_sample\l2_unseen_validation\trade_date=2026-07-17\exchange=NSE\symbol=MARUTI\part-042539_058917-005590.parquet,35263,downloaded,35263,
2026-07-17,NSE,MARUTI,raw_l2/trade_date=2026-07-17/exchange=NSE/symbol=MARUTI/part-042649_251807-005750.parquet,real_data_sample\l2_unseen_validation\trade_date=2026-07-17\exchange=NSE\symbol=MARUTI\part-042649_251807-005750.parquet,35452,downloaded,35452,
2026-07-17,NSE,MARUTI,raw_l2/trade_date=2026-07-17/exchange=NSE/symbol=MARUTI/part-042731_297699-005846.parquet,real_data_sample\l2_unseen_validation\trade_date=2026-07-17\exchange=NSE\symbol=MARUTI\part-042731_297699-005846.parquet,34514,downloaded,34514,
2026-07-17,NSE,MARUTI,raw_l2/trade_date=2026-07-17/exchange=NSE/symbol=MARUTI/part-042635_258790-005718.parquet,real_data_sample\l2_unseen_validation\trade_date=2026-07-17\exchange=NSE\symbol=MARUTI\part-042635_258790-005718.parquet,35198,downloaded,35198,
2026-07-17,NSE,MARUTI,raw_l2/trade_date=2026-07-17/exchange=NSE/symbol=MARUTI/part-042717_231550-005814.parquet,real_data_sample\l2_unseen_validation\trade_date=2026-07-17\exchange=NSE\symbol=MARUTI\part-042717_231550-005814.parquet,35364,downloaded,35364,
2026-07-17,NSE,MARUTI,raw_l2/trade_date=2026-07-17/exchange=NSE/symbol=MARUTI/part-042552_902047-005622.parquet,real_data_sample\l2_unseen_validation\trade_date=2026-07-17\exchange=NSE\symbol=MARUTI\part-042552_902047-005622.parquet,35752,downloaded,35752,
2026-07-17,NSE,MARUTI,raw_l2/trade_date=2026-07-17/exchange=NSE/symbol=MARUTI/part-042100_120706-004950.parquet,real_data_sample\l2_unseen_validation\trade_date=2026-07-17\exchange=NSE\symbol=MARUTI\part-042100_120706-004950.parquet,35427,downloaded,35427,
2026-07-17,NSE,MARUTI,raw_l2/trade_date=2026-07-17/exchange=NSE/symbol=MARUTI/part-042758_844818-005910.parquet,real_data_sample\l2_unseen_validation\trade_date=2026-07-17\exchange=NSE\symbol=MARUTI\part-042758_844818-005910.parquet,34375,downloaded,34375,
2026-07-17,NSE,MARUTI,raw_l2/trade_date=2026-07-17/exchange=NSE/symbol=MARUTI/part-042745_084330-005878.parquet,real_data_sample\l2_unseen_validation\trade_date=2026-07-17\exchange=NSE\symbol=MARUTI\part-042745_084330-005878.parquet,34485,downloaded,34485,
2026-07-17,NSE,MARUTI,raw_l2/trade_date=2026-07-17/exchange=NSE/symbol=MARUTI/part-043004_494418-006198.parquet,real_data_sample\l2_unseen_validation\trade_date=2026-07-17\exchange=NSE\symbol=MARUTI\part-043004_494418-006198.parquet,35347,downloaded,35347,
2026-07-17,NSE,MARUTI,raw_l2/trade_date=2026-07-17/exchange=NSE/symbol=MARUTI/part-042936_553577-006134.parquet,real_data_sample\l2_unseen_validation\trade_date=2026-07-17\exchange=NSE\symbol=MARUTI\part-042936_553577-006134.parquet,35406,downloaded,35406,
2026-07-17,NSE,MARUTI,raw_l2/trade_date=2026-07-17/exchange=NSE/symbol=MARUTI/part-042812_681538-005942.parquet,real_data_sample\l2_unseen_validation\trade_date=2026-07-17\exchange=NSE\symbol=MARUTI\part-042812_681538-005942.parquet,34721,downloaded,34721,
2026-07-17,NSE,MARUTI,raw_l2/trade_date=2026-07-17/exchange=NSE/symbol=MARUTI/part-042826_763913-005974.parquet,real_data_sample\l2_unseen_validation\trade_date=2026-07-17\exchange=NSE\symbol=MARUTI\part-042826_763913-005974.parquet,35476,downloaded,35476,
2026-07-17,NSE,MARUTI,raw_l2/trade_date=2026-07-17/exchange=NSE/symbol=MARUTI/part-042950_462241-006166.parquet,real_data_sample\l2_unseen_validation\trade_date=2026-07-17\exchange=NSE\symbol=MARUTI\part-042950_462241-006166.parquet,35305,downloaded,35305,
2026-07-17,NSE,MARUTI,raw_l2/trade_date=2026-07-17/exchange=NSE/symbol=MARUTI/part-042908_534787-006070.parquet,real_data_sample\l2_unseen_validation\trade_date=2026-07-17\exchange=NSE\symbol=MARUTI\part-042908_534787-006070.parquet,35117,downloaded,35117,
2026-07-17,NSE,MARUTI,raw_l2/trade_date=2026-07-17/exchange=NSE/symbol=MARUTI/part-042922_480697-006102.parquet,real_data_sample\l2_unseen_validation\trade_date=2026-07-17\exchange=NSE\symbol=MARUTI\part-042922_480697-006102.parquet,35736,downloaded,35736,
2026-07-17,NSE,MARUTI,raw_l2/trade_date=2026-07-17/exchange=NSE/symbol=MARUTI/part-042854_580834-006038.parquet,real_data_sample\l2_unseen_validation\trade_date=2026-07-17\exchange=NSE\symbol=MARUTI\part-042854_580834-006038.parquet,35255,downloaded,35255,
2026-07-17,NSE,MARUTI,raw_l2/trade_date=2026-07-17/exchange=NSE/symbol=MARUTI/part-042840_700150-006006.parquet,real_data_sample\l2_unseen_validation\trade_date=2026-07-17\exchange=NSE\symbol=MARUTI\part-042840_700150-006006.parquet,35588,downloaded,35588,
2026-07-17,NSE,MARUTI,raw_l2/trade_date=2026-07-17/exchange=NSE/symbol=MARUTI/part-043156_413365-006454.parquet,real_data_sample\l2_unseen_validation\trade_date=2026-07-17\exchange=NSE\symbol=MARUTI\part-043156_413365-006454.parquet,35533,downloaded,35533,
2026-07-17,NSE,MARUTI,raw_l2/trade_date=2026-07-17/exchange=NSE/symbol=MARUTI/part-042524_879407-005558.parquet,real_data_sample\l2_unseen_validation\trade_date=2026-07-17\exchange=NSE\symbol=MARUTI\part-042524_879407-005558.parquet,35369,downloaded,35369,
2026-07-17,NSE,MARUTI,raw_l2/trade_date=2026-07-17/exchange=NSE/symbol=MARUTI/part-042510_921453-005526.parquet,real_data_sample\l2_unseen_validation\trade_date=2026-07-17\exchange=NSE\symbol=MARUTI\part-042510_921453-005526.parquet,34693,downloaded,34693,
2026-07-17,NSE,MARUTI,raw_l2/trade_date=2026-07-17/exchange=NSE/symbol=MARUTI/part-043306_735201-006614.parquet,real_data_sample\l2_unseen_validation\trade_date=2026-07-17\exchange=NSE\symbol=MARUTI\part-043306_735201-006614.parquet,35549,downloaded,35549,
2026-07-17,NSE,MARUTI,raw_l2/trade_date=2026-07-17/exchange=NSE/symbol=MARUTI/part-043320_948245-006646.parquet,real_data_sample\l2_unseen_validation\trade_date=2026-07-17\exchange=NSE\symbol=MARUTI\part-043320_948245-006646.parquet,35628,downloaded,35628,
2026-07-17,NSE,MARUTI,raw_l2/trade_date=2026-07-17/exchange=NSE/symbol=MARUTI/part-043114_217445-006358.parquet,real_data_sample\l2_unseen_validation\trade_date=2026-07-17\exchange=NSE\symbol=MARUTI\part-043114_217445-006358.parquet,35515,downloaded,35515,
2026-07-17,NSE,MARUTI,raw_l2/trade_date=2026-07-17/exchange=NSE/symbol=MARUTI/part-043224_857850-006518.parquet,real_data_sample\l2_unseen_validation\trade_date=2026-07-17\exchange=NSE\symbol=MARUTI\part-043224_857850-006518.parquet,35654,downloaded,35654,
2026-07-17,NSE,MARUTI,raw_l2/trade_date=2026-07-17/exchange=NSE/symbol=MARUTI/part-043252_842028-006582.parquet,real_data_sample\l2_unseen_validation\trade_date=2026-07-17\exchange=NSE\symbol=MARUTI\part-043252_842028-006582.parquet,35357,downloaded,35357,
2026-07-17,NSE,MARUTI,raw_l2/trade_date=2026-07-17/exchange=NSE/symbol=MARUTI/part-043238_970118-006550.parquet,real_data_sample\l2_unseen_validation\trade_date=2026-07-17\exchange=NSE\symbol=MARUTI\part-043238_970118-006550.parquet,35386,downloaded,35386,
2026-07-17,NSE,MARUTI,raw_l2/trade_date=2026-07-17/exchange=NSE/symbol=MARUTI/part-043032_686072-006262.parquet,real_data_sample\l2_unseen_validation\trade_date=2026-07-17\exchange=NSE\symbol=MARUTI\part-043032_686072-006262.parquet,35490,downloaded,35490,
2026-07-17,NSE,MARUTI,raw_l2/trade_date=2026-07-17/exchange=NSE/symbol=MARUTI/part-043210_509043-006486.parquet,real_data_sample\l2_unseen_validation\trade_date=2026-07-17\exchange=NSE\symbol=MARUTI\part-043210_509043-006486.parquet,35427,downloaded,35427,
2026-07-17,NSE,MARUTI,raw_l2/trade_date=2026-07-17/exchange=NSE/symbol=MARUTI/part-043142_618123-006422.parquet,real_data_sample\l2_unseen_validation\trade_date=2026-07-17\exchange=NSE\symbol=MARUTI\part-043142_618123-006422.parquet,35676,downloaded,35676,
2026-07-17,NSE,MARUTI,raw_l2/trade_date=2026-07-17/exchange=NSE/symbol=MARUTI/part-043128_501219-006390.parquet,real_data_sample\l2_unseen_validation\trade_date=2026-07-17\exchange=NSE\symbol=MARUTI\part-043128_501219-006390.parquet,35165,downloaded,35165,
2026-07-17,NSE,MARUTI,raw_l2/trade_date=2026-07-17/exchange=NSE/symbol=MARUTI/part-043335_024575-006678.parquet,real_data_sample\l2_unseen_validation\trade_date=2026-07-17\exchange=NSE\symbol=MARUTI\part-043335_024575-006678.parquet,35150,downloaded,35150,
2026-07-17,NSE,MARUTI,raw_l2/trade_date=2026-07-17/exchange=NSE/symbol=MARUTI/part-043349_006500-006710.parquet,real_data_sample\l2_unseen_validation\trade_date=2026-07-17\exchange=NSE\symbol=MARUTI\part-043349_006500-006710.parquet,35258,downloaded,35258,
2026-07-17,NSE,MARUTI,raw_l2/trade_date=2026-07-17/exchange=NSE/symbol=MARUTI/part-043100_115406-006326.parquet,real_data_sample\l2_unseen_validation\trade_date=2026-07-17\exchange=NSE\symbol=MARUTI\part-043100_115406-006326.parquet,35558,downloaded,35558,
2026-07-17,NSE,MARUTI,raw_l2/trade_date=2026-07-17/exchange=NSE/symbol=MARUTI/part-043417_068942-006774.parquet,real_data_sample\l2_unseen_validation\trade_date=2026-07-17\exchange=NSE\symbol=MARUTI\part-043417_068942-006774.parquet,35025,downloaded,35025,
2026-07-17,NSE,MARUTI,raw_l2/trade_date=2026-07-17/exchange=NSE/symbol=MARUTI/part-043018_779231-006230.parquet,real_data_sample\l2_unseen_validation\trade_date=2026-07-17\exchange=NSE\symbol=MARUTI\part-043018_779231-006230.parquet,35624,downloaded,35624,
2026-07-17,NSE,MARUTI,raw_l2/trade_date=2026-07-17/exchange=NSE/symbol=MARUTI/part-043046_382808-006294.parquet,real_data_sample\l2_unseen_validation\trade_date=2026-07-17\exchange=NSE\symbol=MARUTI\part-043046_382808-006294.parquet,35279,downloaded,35279,
2026-07-17,NSE,MARUTI,raw_l2/trade_date=2026-07-17/exchange=NSE/symbol=MARUTI/part-043402_895210-006742.parquet,real_data_sample\l2_unseen_validation\trade_date=2026-07-17\exchange=NSE\symbol=MARUTI\part-043402_895210-006742.parquet,35536,downloaded,35536,
2026-07-17,NSE,MARUTI,raw_l2/trade_date=2026-07-17/exchange=NSE/symbol=MARUTI/part-043444_922181-006838.parquet,real_data_sample\l2_unseen_validation\trade_date=2026-07-17\exchange=NSE\symbol=MARUTI\part-043444_922181-006838.parquet,34682,downloaded,34682,
2026-07-17,NSE,MARUTI,raw_l2/trade_date=2026-07-17/exchange=NSE/symbol=MARUTI/part-043458_730095-006870.parquet,real_data_sample\l2_unseen_validation\trade_date=2026-07-17\exchange=NSE\symbol=MARUTI\part-043458_730095-006870.parquet,34661,downloaded,34661,
2026-07-17,NSE,MARUTI,raw_l2/trade_date=2026-07-17/exchange=NSE/symbol=MARUTI/part-043526_454530-006934.parquet,real_data_sample\l2_unseen_validation\trade_date=2026-07-17\exchange=NSE\symbol=MARUTI\part-043526_454530-006934.parquet,35351,downloaded,35351,
2026-07-17,NSE,MARUTI,raw_l2/trade_date=2026-07-17/exchange=NSE/symbol=MARUTI/part-043512_482173-006902.parquet,real_data_sample\l2_unseen_validation\trade_date=2026-07-17\exchange=NSE\symbol=MARUTI\part-043512_482173-006902.parquet,34482,downloaded,34482,
2026-07-17,NSE,MARUTI,raw_l2/trade_date=2026-07-17/exchange=NSE/symbol=MARUTI/part-043554_149144-006998.parquet,real_data_sample\l2_unseen_validation\trade_date=2026-07-17\exchange=NSE\symbol=MARUTI\part-043554_149144-006998.parquet,35537,downloaded,35537,
2026-07-17,NSE,MARUTI,raw_l2/trade_date=2026-07-17/exchange=NSE/symbol=MARUTI/part-043540_221820-006966.parquet,real_data_sample\l2_unseen_validation\trade_date=2026-07-17\exchange=NSE\symbol=MARUTI\part-043540_221820-006966.parquet,35627,downloaded,35627,
2026-07-17,NSE,MARUTI,raw_l2/trade_date=2026-07-17/exchange=NSE/symbol=MARUTI/part-043608_215097-007030.parquet,real_data_sample\l2_unseen_validation\trade_date=2026-07-17\exchange=NSE\symbol=MARUTI\part-043608_215097-007030.parquet,35393,downloaded,35393,
2026-07-17,NSE,MARUTI,raw_l2/trade_date=2026-07-17/exchange=NSE/symbol=MARUTI/part-043636_153287-007094.parquet,real_data_sample\l2_unseen_validation\trade_date=2026-07-17\exchange=NSE\symbol=MARUTI\part-043636_153287-007094.parquet,35501,downloaded,35501,
2026-07-17,NSE,MARUTI,raw_l2/trade_date=2026-07-17/exchange=NSE/symbol=MARUTI/part-043622_125231-007062.parquet,real_data_sample\l2_unseen_validation\trade_date=2026-07-17\exchange=NSE\symbol=MARUTI\part-043622_125231-007062.parquet,35352,downloaded,35352,
2026-07-17,NSE,MARUTI,raw_l2/trade_date=2026-07-17/exchange=NSE/symbol=MARUTI/part-043650_335104-007126.parquet,real_data_sample\l2_unseen_validation\trade_date=2026-07-17\exchange=NSE\symbol=MARUTI\part-043650_335104-007126.parquet,35314,downloaded,35314,
2026-07-17,NSE,MARUTI,raw_l2/trade_date=2026-07-17/exchange=NSE/symbol=MARUTI/part-043718_154119-007190.parquet,real_data_sample\l2_unseen_validation\trade_date=2026-07-17\exchange=NSE\symbol=MARUTI\part-043718_154119-007190.parquet,35350,downloaded,35350,
2026-07-17,NSE,MARUTI,raw_l2/trade_date=2026-07-17/exchange=NSE/symbol=MARUTI/part-043704_261753-007158.parquet,real_data_sample\l2_unseen_validation\trade_date=2026-07-17\exchange=NSE\symbol=MARUTI\part-043704_261753-007158.parquet,35601,downloaded,35601,
2026-07-17,NSE,MARUTI,raw_l2/trade_date=2026-07-17/exchange=NSE/symbol=MARUTI/part-043910_125721-007446.parquet,real_data_sample\l2_unseen_validation\trade_date=2026-07-17\exchange=NSE\symbol=MARUTI\part-043910_125721-007446.parquet,35706,downloaded,35706,
2026-07-17,NSE,MARUTI,raw_l2/trade_date=2026-07-17/exchange=NSE/symbol=MARUTI/part-043842_186460-007382.parquet,real_data_sample\l2_unseen_validation\trade_date=2026-07-17\exchange=NSE\symbol=MARUTI\part-043842_186460-007382.parquet,35610,downloaded,35610,
2026-07-17,NSE,MARUTI,raw_l2/trade_date=2026-07-17/exchange=NSE/symbol=MARUTI/part-044004_865067-007574.parquet,real_data_sample\l2_unseen_validation\trade_date=2026-07-17\exchange=NSE\symbol=MARUTI\part-044004_865067-007574.parquet,35315,downloaded,35315,
2026-07-17,NSE,MARUTI,raw_l2/trade_date=2026-07-17/exchange=NSE/symbol=MARUTI/part-043937_320109-007510.parquet,real_data_sample\l2_unseen_validation\trade_date=2026-07-17\exchange=NSE\symbol=MARUTI\part-043937_320109-007510.parquet,35261,downloaded,35261,
2026-07-17,NSE,MARUTI,raw_l2/trade_date=2026-07-17/exchange=NSE/symbol=MARUTI/part-043856_241823-007414.parquet,real_data_sample\l2_unseen_validation\trade_date=2026-07-17\exchange=NSE\symbol=MARUTI\part-043856_241823-007414.parquet,35253,downloaded,35253,
2026-07-17,NSE,MARUTI,raw_l2/trade_date=2026-07-17/exchange=NSE/symbol=MARUTI/part-043923_760477-007478.parquet,real_data_sample\l2_unseen_validation\trade_date=2026-07-17\exchange=NSE\symbol=MARUTI\part-043923_760477-007478.parquet,35193,downloaded,35193,
2026-07-17,NSE,MARUTI,raw_l2/trade_date=2026-07-17/exchange=NSE/symbol=MARUTI/part-044018_670301-007606.parquet,real_data_sample\l2_unseen_validation\trade_date=2026-07-17\exchange=NSE\symbol=MARUTI\part-044018_670301-007606.parquet,35222,downloaded,35222,
2026-07-17,NSE,MARUTI,raw_l2/trade_date=2026-07-17/exchange=NSE/symbol=MARUTI/part-043951_111223-007542.parquet,real_data_sample\l2_unseen_validation\trade_date=2026-07-17\exchange=NSE\symbol=MARUTI\part-043951_111223-007542.parquet,35198,downloaded,35198,
2026-07-17,NSE,MARUTI,raw_l2/trade_date=2026-07-17/exchange=NSE/symbol=MARUTI/part-044032_406671-007638.parquet,real_data_sample\l2_unseen_validation\trade_date=2026-07-17\exchange=NSE\symbol=MARUTI\part-044032_406671-007638.parquet,35547,downloaded,35547,
2026-07-17,NSE,MARUTI,raw_l2/trade_date=2026-07-17/exchange=NSE/symbol=MARUTI/part-044059_777723-007702.parquet,real_data_sample\l2_unseen_validation\trade_date=2026-07-17\exchange=NSE\symbol=MARUTI\part-044059_777723-007702.parquet,35667,downloaded,35667,
2026-07-17,NSE,MARUTI,raw_l2/trade_date=2026-07-17/exchange=NSE/symbol=MARUTI/part-044046_083051-007670.parquet,real_data_sample\l2_unseen_validation\trade_date=2026-07-17\exchange=NSE\symbol=MARUTI\part-044046_083051-007670.parquet,35880,downloaded,35880,
2026-07-17,NSE,MARUTI,raw_l2/trade_date=2026-07-17/exchange=NSE/symbol=MARUTI/part-044127_307428-007766.parquet,real_data_sample\l2_unseen_validation\trade_date=2026-07-17\exchange=NSE\symbol=MARUTI\part-044127_307428-007766.parquet,35171,downloaded,35171,
2026-07-17,NSE,MARUTI,raw_l2/trade_date=2026-07-17/exchange=NSE/symbol=MARUTI/part-043813_738835-007318.parquet,real_data_sample\l2_unseen_validation\trade_date=2026-07-17\exchange=NSE\symbol=MARUTI\part-043813_738835-007318.parquet,35455,downloaded,35455,
2026-07-17,NSE,MARUTI,raw_l2/trade_date=2026-07-17/exchange=NSE/symbol=MARUTI/part-044141_085289-007798.parquet,real_data_sample\l2_unseen_validation\trade_date=2026-07-17\exchange=NSE\symbol=MARUTI\part-044141_085289-007798.parquet,35384,downloaded,35384,
2026-07-17,NSE,MARUTI,raw_l2/trade_date=2026-07-17/exchange=NSE/symbol=MARUTI/part-043759_609747-007286.parquet,real_data_sample\l2_unseen_validation\trade_date=2026-07-17\exchange=NSE\symbol=MARUTI\part-043759_609747-007286.parquet,35671,downloaded,35671,
2026-07-17,NSE,MARUTI,raw_l2/trade_date=2026-07-17/exchange=NSE/symbol=MARUTI/part-044113_579038-007734.parquet,real_data_sample\l2_unseen_validation\trade_date=2026-07-17\exchange=NSE\symbol=MARUTI\part-044113_579038-007734.parquet,35525,downloaded,35525,
2026-07-17,NSE,MARUTI,raw_l2/trade_date=2026-07-17/exchange=NSE/symbol=MARUTI/part-043430_993707-006806.parquet,real_data_sample\l2_unseen_validation\trade_date=2026-07-17\exchange=NSE\symbol=MARUTI\part-043430_993707-006806.parquet,34351,downloaded,34351,
2026-07-17,NSE,MARUTI,raw_l2/trade_date=2026-07-17/exchange=NSE/symbol=MARUTI/part-044208_575025-007862.parquet,real_data_sample\l2_unseen_validation\trade_date=2026-07-17\exchange=NSE\symbol=MARUTI\part-044208_575025-007862.parquet,35461,downloaded,35461,
2026-07-17,NSE,MARUTI,raw_l2/trade_date=2026-07-17/exchange=NSE/symbol=MARUTI/part-043828_041083-007350.parquet,real_data_sample\l2_unseen_validation\trade_date=2026-07-17\exchange=NSE\symbol=MARUTI\part-043828_041083-007350.parquet,35653,downloaded,35653,
2026-07-17,NSE,MARUTI,raw_l2/trade_date=2026-07-17/exchange=NSE/symbol=MARUTI/part-044154_800773-007830.parquet,real_data_sample\l2_unseen_validation\trade_date=2026-07-17\exchange=NSE\symbol=MARUTI\part-044154_800773-007830.parquet,35402,downloaded,35402,
2026-07-17,NSE,MARUTI,raw_l2/trade_date=2026-07-17/exchange=NSE/symbol=MARUTI/part-044236_465089-007926.parquet,real_data_sample\l2_unseen_validation\trade_date=2026-07-17\exchange=NSE\symbol=MARUTI\part-044236_465089-007926.parquet,34631,downloaded,34631,
2026-07-17,NSE,MARUTI,raw_l2/trade_date=2026-07-17/exchange=NSE/symbol=MARUTI/part-044304_354867-007990.parquet,real_data_sample\l2_unseen_validation\trade_date=2026-07-17\exchange=NSE\symbol=MARUTI\part-044304_354867-007990.parquet,34568,downloaded,34568,
2026-07-17,NSE,MARUTI,raw_l2/trade_date=2026-07-17/exchange=NSE/symbol=MARUTI/part-044332_110664-008054.parquet,real_data_sample\l2_unseen_validation\trade_date=2026-07-17\exchange=NSE\symbol=MARUTI\part-044332_110664-008054.parquet,35327,downloaded,35327,
2026-07-17,NSE,MARUTI,raw_l2/trade_date=2026-07-17/exchange=NSE/symbol=MARUTI/part-044413_397881-008150.parquet,real_data_sample\l2_unseen_validation\trade_date=2026-07-17\exchange=NSE\symbol=MARUTI\part-044413_397881-008150.parquet,35506,downloaded,35506,
2026-07-17,NSE,MARUTI,raw_l2/trade_date=2026-07-17/exchange=NSE/symbol=MARUTI/part-044318_117398-008022.parquet,real_data_sample\l2_unseen_validation\trade_date=2026-07-17\exchange=NSE\symbol=MARUTI\part-044318_117398-008022.parquet,35133,downloaded,35133,
2026-07-17,NSE,MARUTI,raw_l2/trade_date=2026-07-17/exchange=NSE/symbol=MARUTI/part-044250_428546-007958.parquet,real_data_sample\l2_unseen_validation\trade_date=2026-07-17\exchange=NSE\symbol=MARUTI\part-044250_428546-007958.parquet,34421,downloaded,34421,
2026-07-17,NSE,MARUTI,raw_l2/trade_date=2026-07-17/exchange=NSE/symbol=MARUTI/part-044345_861566-008086.parquet,real_data_sample\l2_unseen_validation\trade_date=2026-07-17\exchange=NSE\symbol=MARUTI\part-044345_861566-008086.parquet,35077,downloaded,35077,
2026-07-17,NSE,MARUTI,raw_l2/trade_date=2026-07-17/exchange=NSE/symbol=MARUTI/part-044359_652734-008118.parquet,real_data_sample\l2_unseen_validation\trade_date=2026-07-17\exchange=NSE\symbol=MARUTI\part-044359_652734-008118.parquet,35559,downloaded,35559,
2026-07-17,NSE,MARUTI,raw_l2/trade_date=2026-07-17/exchange=NSE/symbol=MARUTI/part-044222_415497-007894.parquet,real_data_sample\l2_unseen_validation\trade_date=2026-07-17\exchange=NSE\symbol=MARUTI\part-044222_415497-007894.parquet,34643,downloaded,34643,
2026-07-17,NSE,MARUTI,raw_l2/trade_date=2026-07-17/exchange=NSE/symbol=MARUTI/part-044440_901539-008214.parquet,real_data_sample\l2_unseen_validation\trade_date=2026-07-17\exchange=NSE\symbol=MARUTI\part-044440_901539-008214.parquet,35130,downloaded,35130,
2026-07-17,NSE,MARUTI,raw_l2/trade_date=2026-07-17/exchange=NSE/symbol=MARUTI/part-044427_024499-008182.parquet,real_data_sample\l2_unseen_validation\trade_date=2026-07-17\exchange=NSE\symbol=MARUTI\part-044427_024499-008182.parquet,35372,downloaded,35372,
2026-07-17,NSE,MARUTI,raw_l2/trade_date=2026-07-17/exchange=NSE/symbol=MARUTI/part-044454_858872-008246.parquet,real_data_sample\l2_unseen_validation\trade_date=2026-07-17\exchange=NSE\symbol=MARUTI\part-044454_858872-008246.parquet,35384,downloaded,35384,
2026-07-17,NSE,MARUTI,raw_l2/trade_date=2026-07-17/exchange=NSE/symbol=MARUTI/part-043732_042108-007222.parquet,real_data_sample\l2_unseen_validation\trade_date=2026-07-17\exchange=NSE\symbol=MARUTI\part-043732_042108-007222.parquet,35438,downloaded,35438,
2026-07-17,NSE,MARUTI,raw_l2/trade_date=2026-07-17/exchange=NSE/symbol=MARUTI/part-043745_919864-007254.parquet,real_data_sample\l2_unseen_validation\trade_date=2026-07-17\exchange=NSE\symbol=MARUTI\part-043745_919864-007254.parquet,35439,downloaded,35439,
2026-07-17,NSE,MARUTI,raw_l2/trade_date=2026-07-17/exchange=NSE/symbol=MARUTI/part-044836_114012-008758.parquet,real_data_sample\l2_unseen_validation\trade_date=2026-07-17\exchange=NSE\symbol=MARUTI\part-044836_114012-008758.parquet,34673,downloaded,34673,
2026-07-17,NSE,MARUTI,raw_l2/trade_date=2026-07-17/exchange=NSE/symbol=MARUTI/part-044931_097029-008886.parquet,real_data_sample\l2_unseen_validation\trade_date=2026-07-17\exchange=NSE\symbol=MARUTI\part-044931_097029-008886.parquet,35184,downloaded,35184,
2026-07-17,NSE,MARUTI,raw_l2/trade_date=2026-07-17/exchange=NSE/symbol=MARUTI/part-044944_868757-008918.parquet,real_data_sample\l2_unseen_validation\trade_date=2026-07-17\exchange=NSE\symbol=MARUTI\part-044944_868757-008918.parquet,35428,downloaded,35428,
2026-07-17,NSE,MARUTI,raw_l2/trade_date=2026-07-17/exchange=NSE/symbol=MARUTI/part-044726_607775-008598.parquet,real_data_sample\l2_unseen_validation\trade_date=2026-07-17\exchange=NSE\symbol=MARUTI\part-044726_607775-008598.parquet,34518,downloaded,34518,
2026-07-17,NSE,MARUTI,raw_l2/trade_date=2026-07-17/exchange=NSE/symbol=MARUTI/part-045039_590772-009046.parquet,real_data_sample\l2_unseen_validation\trade_date=2026-07-17\exchange=NSE\symbol=MARUTI\part-045039_590772-009046.parquet,35130,downloaded,35130,
2026-07-17,NSE,MARUTI,raw_l2/trade_date=2026-07-17/exchange=NSE/symbol=MARUTI/part-044712_877434-008566.parquet,real_data_sample\l2_unseen_validation\trade_date=2026-07-17\exchange=NSE\symbol=MARUTI\part-044712_877434-008566.parquet,34440,downloaded,34440,
2026-07-17,NSE,MARUTI,raw_l2/trade_date=2026-07-17/exchange=NSE/symbol=MARUTI/part-044754_574472-008662.parquet,real_data_sample\l2_unseen_validation\trade_date=2026-07-17\exchange=NSE\symbol=MARUTI\part-044754_574472-008662.parquet,34622,downloaded,34622,
2026-07-17,NSE,MARUTI,raw_l2/trade_date=2026-07-17/exchange=NSE/symbol=MARUTI/part-044617_593251-008438.parquet,real_data_sample\l2_unseen_validation\trade_date=2026-07-17\exchange=NSE\symbol=MARUTI\part-044617_593251-008438.parquet,34639,downloaded,34639,
2026-07-17,NSE,MARUTI,raw_l2/trade_date=2026-07-17/exchange=NSE/symbol=MARUTI/part-044508_615271-008278.parquet,real_data_sample\l2_unseen_validation\trade_date=2026-07-17\exchange=NSE\symbol=MARUTI\part-044508_615271-008278.parquet,35274,downloaded,35274,
2026-07-17,NSE,MARUTI,raw_l2/trade_date=2026-07-17/exchange=NSE/symbol=MARUTI/part-044849_831168-008790.parquet,real_data_sample\l2_unseen_validation\trade_date=2026-07-17\exchange=NSE\symbol=MARUTI\part-044849_831168-008790.parquet,34552,downloaded,34552,
2026-07-17,NSE,MARUTI,raw_l2/trade_date=2026-07-17/exchange=NSE/symbol=MARUTI/part-045053_289104-009078.parquet,real_data_sample\l2_unseen_validation\trade_date=2026-07-17\exchange=NSE\symbol=MARUTI\part-045053_289104-009078.parquet,35364,downloaded,35364,
2026-07-17,NSE,MARUTI,raw_l2/trade_date=2026-07-17/exchange=NSE/symbol=MARUTI/part-045012_317701-008982.parquet,real_data_sample\l2_unseen_validation\trade_date=2026-07-17\exchange=NSE\symbol=MARUTI\part-045012_317701-008982.parquet,35284,downloaded,35284,
2026-07-17,NSE,MARUTI,raw_l2/trade_date=2026-07-17/exchange=NSE/symbol=MARUTI/part-045135_262982-009174.parquet,real_data_sample\l2_unseen_validation\trade_date=2026-07-17\exchange=NSE\symbol=MARUTI\part-045135_262982-009174.parquet,34813,downloaded,34813,
2026-07-17,NSE,MARUTI,raw_l2/trade_date=2026-07-17/exchange=NSE/symbol=MARUTI/part-044645_384192-008502.parquet,real_data_sample\l2_unseen_validation\trade_date=2026-07-17\exchange=NSE\symbol=MARUTI\part-044645_384192-008502.parquet,34495,downloaded,34495,
2026-07-17,NSE,MARUTI,raw_l2/trade_date=2026-07-17/exchange=NSE/symbol=MARUTI/part-045107_321519-009110.parquet,real_data_sample\l2_unseen_validation\trade_date=2026-07-17\exchange=NSE\symbol=MARUTI\part-045107_321519-009110.parquet,35461,downloaded,35461,
2026-07-17,NSE,MARUTI,raw_l2/trade_date=2026-07-17/exchange=NSE/symbol=MARUTI/part-044522_413179-008310.parquet,real_data_sample\l2_unseen_validation\trade_date=2026-07-17\exchange=NSE\symbol=MARUTI\part-044522_413179-008310.parquet,34760,downloaded,34760,
2026-07-17,NSE,MARUTI,raw_l2/trade_date=2026-07-17/exchange=NSE/symbol=MARUTI/part-045121_376566-009142.parquet,real_data_sample\l2_unseen_validation\trade_date=2026-07-17\exchange=NSE\symbol=MARUTI\part-045121_376566-009142.parquet,35056,downloaded,35056,
2026-07-17,NSE,MARUTI,raw_l2/trade_date=2026-07-17/exchange=NSE/symbol=MARUTI/part-044903_567435-008822.parquet,real_data_sample\l2_unseen_validation\trade_date=2026-07-17\exchange=NSE\symbol=MARUTI\part-044903_567435-008822.parquet,34481,downloaded,34481,
2026-07-17,NSE,MARUTI,raw_l2/trade_date=2026-07-17/exchange=NSE/symbol=MARUTI/part-044917_362359-008854.parquet,real_data_sample\l2_unseen_validation\trade_date=2026-07-17\exchange=NSE\symbol=MARUTI\part-044917_362359-008854.parquet,34625,downloaded,34625,
2026-07-17,NSE,MARUTI,raw_l2/trade_date=2026-07-17/exchange=NSE/symbol=MARUTI/part-044536_046964-008342.parquet,real_data_sample\l2_unseen_validation\trade_date=2026-07-17\exchange=NSE\symbol=MARUTI\part-044536_046964-008342.parquet,34582,downloaded,34582,
2026-07-17,NSE,MARUTI,raw_l2/trade_date=2026-07-17/exchange=NSE/symbol=MARUTI/part-044631_350283-008470.parquet,real_data_sample\l2_unseen_validation\trade_date=2026-07-17\exchange=NSE\symbol=MARUTI\part-044631_350283-008470.parquet,34624,downloaded,34624,
2026-07-17,NSE,MARUTI,raw_l2/trade_date=2026-07-17/exchange=NSE/symbol=MARUTI/part-044808_340301-008694.parquet,real_data_sample\l2_unseen_validation\trade_date=2026-07-17\exchange=NSE\symbol=MARUTI\part-044808_340301-008694.parquet,34620,downloaded,34620,
2026-07-17,NSE,MARUTI,raw_l2/trade_date=2026-07-17/exchange=NSE/symbol=MARUTI/part-044549_906171-008374.parquet,real_data_sample\l2_unseen_validation\trade_date=2026-07-17\exchange=NSE\symbol=MARUTI\part-044549_906171-008374.parquet,34453,downloaded,34453,
2026-07-17,NSE,MARUTI,raw_l2/trade_date=2026-07-17/exchange=NSE/symbol=MARUTI/part-044958_579795-008950.parquet,real_data_sample\l2_unseen_validation\trade_date=2026-07-17\exchange=NSE\symbol=MARUTI\part-044958_579795-008950.parquet,35338,downloaded,35338,
2026-07-17,NSE,MARUTI,raw_l2/trade_date=2026-07-17/exchange=NSE/symbol=MARUTI/part-044603_785590-008406.parquet,real_data_sample\l2_unseen_validation\trade_date=2026-07-17\exchange=NSE\symbol=MARUTI\part-044603_785590-008406.parquet,34468,downloaded,34468,
2026-07-17,NSE,MARUTI,raw_l2/trade_date=2026-07-17/exchange=NSE/symbol=MARUTI/part-045025_970563-009014.parquet,real_data_sample\l2_unseen_validation\trade_date=2026-07-17\exchange=NSE\symbol=MARUTI\part-045025_970563-009014.parquet,35353,downloaded,35353,
2026-07-17,NSE,MARUTI,raw_l2/trade_date=2026-07-17/exchange=NSE/symbol=MARUTI/part-045149_114225-009206.parquet,real_data_sample\l2_unseen_validation\trade_date=2026-07-17\exchange=NSE\symbol=MARUTI\part-045149_114225-009206.parquet,34857,downloaded,34857,
2026-07-17,NSE,MARUTI,raw_l2/trade_date=2026-07-17/exchange=NSE/symbol=MARUTI/part-044740_681136-008630.parquet,real_data_sample\l2_unseen_validation\trade_date=2026-07-17\exchange=NSE\symbol=MARUTI\part-044740_681136-008630.parquet,34642,downloaded,34642,
2026-07-17,NSE,MARUTI,raw_l2/trade_date=2026-07-17/exchange=NSE/symbol=MARUTI/part-044659_139612-008534.parquet,real_data_sample\l2_unseen_validation\trade_date=2026-07-17\exchange=NSE\symbol=MARUTI\part-044659_139612-008534.parquet,34505,downloaded,34505,
2026-07-17,NSE,MARUTI,raw_l2/trade_date=2026-07-17/exchange=NSE/symbol=MARUTI/part-044822_192097-008726.parquet,real_data_sample\l2_unseen_validation\trade_date=2026-07-17\exchange=NSE\symbol=MARUTI\part-044822_192097-008726.parquet,34731,downloaded,34731,
2026-07-17,NSE,MARUTI,raw_l2/trade_date=2026-07-17/exchange=NSE/symbol=MARUTI/part-045546_705636-009750.parquet,real_data_sample\l2_unseen_validation\trade_date=2026-07-17\exchange=NSE\symbol=MARUTI\part-045546_705636-009750.parquet,35026,downloaded,35026,
2026-07-17,NSE,MARUTI,raw_l2/trade_date=2026-07-17/exchange=NSE/symbol=MARUTI/part-045244_698002-009334.parquet,real_data_sample\l2_unseen_validation\trade_date=2026-07-17\exchange=NSE\symbol=MARUTI\part-045244_698002-009334.parquet,34518,downloaded,34518,
2026-07-17,NSE,MARUTI,raw_l2/trade_date=2026-07-17/exchange=NSE/symbol=MARUTI/part-045753_997556-010038.parquet,real_data_sample\l2_unseen_validation\trade_date=2026-07-17\exchange=NSE\symbol=MARUTI\part-045753_997556-010038.parquet,34684,downloaded,34684,
2026-07-17,NSE,MARUTI,raw_l2/trade_date=2026-07-17/exchange=NSE/symbol=MARUTI/part-045643_295163-009878.parquet,real_data_sample\l2_unseen_validation\trade_date=2026-07-17\exchange=NSE\symbol=MARUTI\part-045643_295163-009878.parquet,34520,downloaded,34520,
2026-07-17,NSE,MARUTI,raw_l2/trade_date=2026-07-17/exchange=NSE/symbol=MARUTI/part-045725_760848-009974.parquet,real_data_sample\l2_unseen_validation\trade_date=2026-07-17\exchange=NSE\symbol=MARUTI\part-045725_760848-009974.parquet,34295,downloaded,34295,
2026-07-17,NSE,MARUTI,raw_l2/trade_date=2026-07-17/exchange=NSE/symbol=MARUTI/part-045657_396953-009910.parquet,real_data_sample\l2_unseen_validation\trade_date=2026-07-17\exchange=NSE\symbol=MARUTI\part-045657_396953-009910.parquet,34550,downloaded,34550,
2026-07-17,NSE,MARUTI,raw_l2/trade_date=2026-07-17/exchange=NSE/symbol=MARUTI/part-045808_156297-010070.parquet,real_data_sample\l2_unseen_validation\trade_date=2026-07-17\exchange=NSE\symbol=MARUTI\part-045808_156297-010070.parquet,34350,downloaded,34350,
2026-07-17,NSE,MARUTI,raw_l2/trade_date=2026-07-17/exchange=NSE/symbol=MARUTI/part-045711_622475-009942.parquet,real_data_sample\l2_unseen_validation\trade_date=2026-07-17\exchange=NSE\symbol=MARUTI\part-045711_622475-009942.parquet,34606,downloaded,34606,
2026-07-17,NSE,MARUTI,raw_l2/trade_date=2026-07-17/exchange=NSE/symbol=MARUTI/part-045904_336525-010198.parquet,real_data_sample\l2_unseen_validation\trade_date=2026-07-17\exchange=NSE\symbol=MARUTI\part-045904_336525-010198.parquet,34611,downloaded,34611,
2026-07-17,NSE,MARUTI,raw_l2/trade_date=2026-07-17/exchange=NSE/symbol=MARUTI/part-045836_341788-010134.parquet,real_data_sample\l2_unseen_validation\trade_date=2026-07-17\exchange=NSE\symbol=MARUTI\part-045836_341788-010134.parquet,34587,downloaded,34587,
2026-07-17,NSE,MARUTI,raw_l2/trade_date=2026-07-17/exchange=NSE/symbol=MARUTI/part-045739_763442-010006.parquet,real_data_sample\l2_unseen_validation\trade_date=2026-07-17\exchange=NSE\symbol=MARUTI\part-045739_763442-010006.parquet,34387,downloaded,34387,
2026-07-17,NSE,MARUTI,raw_l2/trade_date=2026-07-17/exchange=NSE/symbol=MARUTI/part-045822_140341-010102.parquet,real_data_sample\l2_unseen_validation\trade_date=2026-07-17\exchange=NSE\symbol=MARUTI\part-045822_140341-010102.parquet,34459,downloaded,34459,
2026-07-17,NSE,MARUTI,raw_l2/trade_date=2026-07-17/exchange=NSE/symbol=MARUTI/part-045850_666185-010166.parquet,real_data_sample\l2_unseen_validation\trade_date=2026-07-17\exchange=NSE\symbol=MARUTI\part-045850_666185-010166.parquet,34723,downloaded,34723,
2026-07-17,NSE,MARUTI,raw_l2/trade_date=2026-07-17/exchange=NSE/symbol=MARUTI/part-045946_648459-010294.parquet,real_data_sample\l2_unseen_validation\trade_date=2026-07-17\exchange=NSE\symbol=MARUTI\part-045946_648459-010294.parquet,34486,downloaded,34486,
2026-07-17,NSE,MARUTI,raw_l2/trade_date=2026-07-17/exchange=NSE/symbol=MARUTI/part-045932_517064-010262.parquet,real_data_sample\l2_unseen_validation\trade_date=2026-07-17\exchange=NSE\symbol=MARUTI\part-045932_517064-010262.parquet,34290,downloaded,34290,
2026-07-17,NSE,MARUTI,raw_l2/trade_date=2026-07-17/exchange=NSE/symbol=MARUTI/part-050000_947719-010326.parquet,real_data_sample\l2_unseen_validation\trade_date=2026-07-17\exchange=NSE\symbol=MARUTI\part-050000_947719-010326.parquet,34511,downloaded,34511,
2026-07-17,NSE,MARUTI,raw_l2/trade_date=2026-07-17/exchange=NSE/symbol=MARUTI/part-050138_314074-010550.parquet,real_data_sample\l2_unseen_validation\trade_date=2026-07-17\exchange=NSE\symbol=MARUTI\part-050138_314074-010550.parquet,35108,downloaded,35108,
2026-07-17,NSE,MARUTI,raw_l2/trade_date=2026-07-17/exchange=NSE/symbol=MARUTI/part-050014_812650-010358.parquet,real_data_sample\l2_unseen_validation\trade_date=2026-07-17\exchange=NSE\symbol=MARUTI\part-050014_812650-010358.parquet,34964,downloaded,34964,
2026-07-17,NSE,MARUTI,raw_l2/trade_date=2026-07-17/exchange=NSE/symbol=MARUTI/part-050056_481447-010454.parquet,real_data_sample\l2_unseen_validation\trade_date=2026-07-17\exchange=NSE\symbol=MARUTI\part-050056_481447-010454.parquet,35320,downloaded,35320,
2026-07-17,NSE,MARUTI,raw_l2/trade_date=2026-07-17/exchange=NSE/symbol=MARUTI/part-050042_565089-010422.parquet,real_data_sample\l2_unseen_validation\trade_date=2026-07-17\exchange=NSE\symbol=MARUTI\part-050042_565089-010422.parquet,35040,downloaded,35040,
2026-07-17,NSE,MARUTI,raw_l2/trade_date=2026-07-17/exchange=NSE/symbol=MARUTI/part-050152_360329-010582.parquet,real_data_sample\l2_unseen_validation\trade_date=2026-07-17\exchange=NSE\symbol=MARUTI\part-050152_360329-010582.parquet,35176,downloaded,35176,
2026-07-17,NSE,MARUTI,raw_l2/trade_date=2026-07-17/exchange=NSE/symbol=MARUTI/part-050028_672144-010390.parquet,real_data_sample\l2_unseen_validation\trade_date=2026-07-17\exchange=NSE\symbol=MARUTI\part-050028_672144-010390.parquet,35929,downloaded,35929,
2026-07-17,NSE,MARUTI,raw_l2/trade_date=2026-07-17/exchange=NSE/symbol=MARUTI/part-050206_775938-010614.parquet,real_data_sample\l2_unseen_validation\trade_date=2026-07-17\exchange=NSE\symbol=MARUTI\part-050206_775938-010614.parquet,35582,downloaded,35582,
2026-07-17,NSE,MARUTI,raw_l2/trade_date=2026-07-17/exchange=NSE/symbol=MARUTI/part-050220_866235-010646.parquet,real_data_sample\l2_unseen_validation\trade_date=2026-07-17\exchange=NSE\symbol=MARUTI\part-050220_866235-010646.parquet,35666,downloaded,35666,
2026-07-17,NSE,MARUTI,raw_l2/trade_date=2026-07-17/exchange=NSE/symbol=MARUTI/part-050124_383209-010518.parquet,real_data_sample\l2_unseen_validation\trade_date=2026-07-17\exchange=NSE\symbol=MARUTI\part-050124_383209-010518.parquet,35371,downloaded,35371,
2026-07-17,NSE,MARUTI,raw_l2/trade_date=2026-07-17/exchange=NSE/symbol=MARUTI/part-050110_442216-010486.parquet,real_data_sample\l2_unseen_validation\trade_date=2026-07-17\exchange=NSE\symbol=MARUTI\part-050110_442216-010486.parquet,35554,downloaded,35554,
2026-07-17,NSE,MARUTI,raw_l2/trade_date=2026-07-17/exchange=NSE/symbol=MARUTI/part-050235_137057-010678.parquet,real_data_sample\l2_unseen_validation\trade_date=2026-07-17\exchange=NSE\symbol=MARUTI\part-050235_137057-010678.parquet,35329,downloaded,35329,
2026-07-17,NSE,MARUTI,raw_l2/trade_date=2026-07-17/exchange=NSE/symbol=MARUTI/part-050249_405558-010710.parquet,real_data_sample\l2_unseen_validation\trade_date=2026-07-17\exchange=NSE\symbol=MARUTI\part-050249_405558-010710.parquet,35573,downloaded,35573,
2026-07-17,NSE,MARUTI,raw_l2/trade_date=2026-07-17/exchange=NSE/symbol=MARUTI/part-045918_192320-010230.parquet,real_data_sample\l2_unseen_validation\trade_date=2026-07-17\exchange=NSE\symbol=MARUTI\part-045918_192320-010230.parquet,34612,downloaded,34612,
2026-07-17,NSE,MARUTI,raw_l2/trade_date=2026-07-17/exchange=NSE/symbol=MARUTI/part-050303_635879-010742.parquet,real_data_sample\l2_unseen_validation\trade_date=2026-07-17\exchange=NSE\symbol=MARUTI\part-050303_635879-010742.parquet,35619,downloaded,35619,
2026-07-17,NSE,MARUTI,raw_l2/trade_date=2026-07-17/exchange=NSE/symbol=MARUTI/part-050400_152853-010870.parquet,real_data_sample\l2_unseen_validation\trade_date=2026-07-17\exchange=NSE\symbol=MARUTI\part-050400_152853-010870.parquet,35688,downloaded,35688,
2026-07-17,NSE,MARUTI,raw_l2/trade_date=2026-07-17/exchange=NSE/symbol=MARUTI/part-050346_028331-010838.parquet,real_data_sample\l2_unseen_validation\trade_date=2026-07-17\exchange=NSE\symbol=MARUTI\part-050346_028331-010838.parquet,35447,downloaded,35447,
2026-07-17,NSE,MARUTI,raw_l2/trade_date=2026-07-17/exchange=NSE/symbol=MARUTI/part-050317_998288-010774.parquet,real_data_sample\l2_unseen_validation\trade_date=2026-07-17\exchange=NSE\symbol=MARUTI\part-050317_998288-010774.parquet,35371,downloaded,35371,
2026-07-17,NSE,MARUTI,raw_l2/trade_date=2026-07-17/exchange=NSE/symbol=MARUTI/part-050414_415041-010902.parquet,real_data_sample\l2_unseen_validation\trade_date=2026-07-17\exchange=NSE\symbol=MARUTI\part-050414_415041-010902.parquet,35354,downloaded,35354,
2026-07-17,NSE,MARUTI,raw_l2/trade_date=2026-07-17/exchange=NSE/symbol=MARUTI/part-050332_053189-010806.parquet,real_data_sample\l2_unseen_validation\trade_date=2026-07-17\exchange=NSE\symbol=MARUTI\part-050332_053189-010806.parquet,35689,downloaded,35689,
2026-07-17,NSE,MARUTI,raw_l2/trade_date=2026-07-17/exchange=NSE/symbol=MARUTI/part-050442_399371-010966.parquet,real_data_sample\l2_unseen_validation\trade_date=2026-07-17\exchange=NSE\symbol=MARUTI\part-050442_399371-010966.parquet,34998,downloaded,34998,
2026-07-17,NSE,MARUTI,raw_l2/trade_date=2026-07-17/exchange=NSE/symbol=MARUTI/part-050428_435122-010934.parquet,real_data_sample\l2_unseen_validation\trade_date=2026-07-17\exchange=NSE\symbol=MARUTI\part-050428_435122-010934.parquet,35291,downloaded,35291,
2026-07-17,NSE,MARUTI,raw_l2/trade_date=2026-07-17/exchange=NSE/symbol=MARUTI/part-050524_360066-011062.parquet,real_data_sample\l2_unseen_validation\trade_date=2026-07-17\exchange=NSE\symbol=MARUTI\part-050524_360066-011062.parquet,35256,downloaded,35256,
2026-07-17,NSE,MARUTI,raw_l2/trade_date=2026-07-17/exchange=NSE/symbol=MARUTI/part-050456_207758-010998.parquet,real_data_sample\l2_unseen_validation\trade_date=2026-07-17\exchange=NSE\symbol=MARUTI\part-050456_207758-010998.parquet,35070,downloaded,35070,
2026-07-17,NSE,MARUTI,raw_l2/trade_date=2026-07-17/exchange=NSE/symbol=MARUTI/part-050510_292481-011030.parquet,real_data_sample\l2_unseen_validation\trade_date=2026-07-17\exchange=NSE\symbol=MARUTI\part-050510_292481-011030.parquet,35093,downloaded,35093,
2026-07-17,NSE,MARUTI,raw_l2/trade_date=2026-07-17/exchange=NSE/symbol=MARUTI/part-050538_162242-011094.parquet,real_data_sample\l2_unseen_validation\trade_date=2026-07-17\exchange=NSE\symbol=MARUTI\part-050538_162242-011094.parquet,35196,downloaded,35196,
2026-07-17,NSE,MARUTI,raw_l2/trade_date=2026-07-17/exchange=NSE/symbol=MARUTI/part-050552_142331-011126.parquet,real_data_sample\l2_unseen_validation\trade_date=2026-07-17\exchange=NSE\symbol=MARUTI\part-050552_142331-011126.parquet,35518,downloaded,35518,
2026-07-17,NSE,MARUTI,raw_l2/trade_date=2026-07-17/exchange=NSE/symbol=MARUTI/part-050620_588748-011190.parquet,real_data_sample\l2_unseen_validation\trade_date=2026-07-17\exchange=NSE\symbol=MARUTI\part-050620_588748-011190.parquet,35307,downloaded,35307,
2026-07-17,NSE,MARUTI,raw_l2/trade_date=2026-07-17/exchange=NSE/symbol=MARUTI/part-050635_344266-011222.parquet,real_data_sample\l2_unseen_validation\trade_date=2026-07-17\exchange=NSE\symbol=MARUTI\part-050635_344266-011222.parquet,35352,downloaded,35352,
2026-07-17,NSE,MARUTI,raw_l2/trade_date=2026-07-17/exchange=NSE/symbol=MARUTI/part-050649_717410-011254.parquet,real_data_sample\l2_unseen_validation\trade_date=2026-07-17\exchange=NSE\symbol=MARUTI\part-050649_717410-011254.parquet,35266,downloaded,35266,
2026-07-17,NSE,MARUTI,raw_l2/trade_date=2026-07-17/exchange=NSE/symbol=MARUTI/part-050745_661918-011382.parquet,real_data_sample\l2_unseen_validation\trade_date=2026-07-17\exchange=NSE\symbol=MARUTI\part-050745_661918-011382.parquet,34510,downloaded,34510,
2026-07-17,NSE,MARUTI,raw_l2/trade_date=2026-07-17/exchange=NSE/symbol=MARUTI/part-050731_859315-011350.parquet,real_data_sample\l2_unseen_validation\trade_date=2026-07-17\exchange=NSE\symbol=MARUTI\part-050731_859315-011350.parquet,34608,downloaded,34608,
2026-07-17,NSE,MARUTI,raw_l2/trade_date=2026-07-17/exchange=NSE/symbol=MARUTI/part-050703_696025-011286.parquet,real_data_sample\l2_unseen_validation\trade_date=2026-07-17\exchange=NSE\symbol=MARUTI\part-050703_696025-011286.parquet,35609,downloaded,35609,
2026-07-17,NSE,MARUTI,raw_l2/trade_date=2026-07-17/exchange=NSE/symbol=MARUTI/part-050717_919558-011318.parquet,real_data_sample\l2_unseen_validation\trade_date=2026-07-17\exchange=NSE\symbol=MARUTI\part-050717_919558-011318.parquet,35142,downloaded,35142,
2026-07-17,NSE,MARUTI,raw_l2/trade_date=2026-07-17/exchange=NSE/symbol=MARUTI/part-050759_385778-011414.parquet,real_data_sample\l2_unseen_validation\trade_date=2026-07-17\exchange=NSE\symbol=MARUTI\part-050759_385778-011414.parquet,34733,downloaded,34733,
2026-07-17,NSE,MARUTI,raw_l2/trade_date=2026-07-17/exchange=NSE/symbol=MARUTI/part-050813_318761-011446.parquet,real_data_sample\l2_unseen_validation\trade_date=2026-07-17\exchange=NSE\symbol=MARUTI\part-050813_318761-011446.parquet,34870,downloaded,34870,
2026-07-17,NSE,MARUTI,raw_l2/trade_date=2026-07-17/exchange=NSE/symbol=MARUTI/part-050827_085875-011478.parquet,real_data_sample\l2_unseen_validation\trade_date=2026-07-17\exchange=NSE\symbol=MARUTI\part-050827_085875-011478.parquet,35438,downloaded,35438,
2026-07-17,NSE,MARUTI,raw_l2/trade_date=2026-07-17/exchange=NSE/symbol=MARUTI/part-050840_901933-011510.parquet,real_data_sample\l2_unseen_validation\trade_date=2026-07-17\exchange=NSE\symbol=MARUTI\part-050840_901933-011510.parquet,35242,downloaded,35242,
2026-07-17,NSE,MARUTI,raw_l2/trade_date=2026-07-17/exchange=NSE/symbol=MARUTI/part-050606_166677-011158.parquet,real_data_sample\l2_unseen_validation\trade_date=2026-07-17\exchange=NSE\symbol=MARUTI\part-050606_166677-011158.parquet,35597,downloaded,35597,
2026-07-17,NSE,MARUTI,raw_l2/trade_date=2026-07-17/exchange=NSE/symbol=MARUTI/part-045217_073808-009270.parquet,real_data_sample\l2_unseen_validation\trade_date=2026-07-17\exchange=NSE\symbol=MARUTI\part-045217_073808-009270.parquet,34574,downloaded,34574,
2026-07-17,NSE,MARUTI,raw_l2/trade_date=2026-07-17/exchange=NSE/symbol=MARUTI/part-050922_425074-011606.parquet,real_data_sample\l2_unseen_validation\trade_date=2026-07-17\exchange=NSE\symbol=MARUTI\part-050922_425074-011606.parquet,35633,downloaded,35633,
2026-07-17,NSE,MARUTI,raw_l2/trade_date=2026-07-17/exchange=NSE/symbol=MARUTI/part-050854_607564-011542.parquet,real_data_sample\l2_unseen_validation\trade_date=2026-07-17\exchange=NSE\symbol=MARUTI\part-050854_607564-011542.parquet,35321,downloaded,35321,
2026-07-17,NSE,MARUTI,raw_l2/trade_date=2026-07-17/exchange=NSE/symbol=MARUTI/part-050908_651908-011574.parquet,real_data_sample\l2_unseen_validation\trade_date=2026-07-17\exchange=NSE\symbol=MARUTI\part-050908_651908-011574.parquet,35128,downloaded,35128,
2026-07-17,NSE,MARUTI,raw_l2/trade_date=2026-07-17/exchange=NSE/symbol=MARUTI/part-050936_319352-011638.parquet,real_data_sample\l2_unseen_validation\trade_date=2026-07-17\exchange=NSE\symbol=MARUTI\part-050936_319352-011638.parquet,35639,downloaded,35639,
2026-07-17,NSE,MARUTI,raw_l2/trade_date=2026-07-17/exchange=NSE/symbol=MARUTI/part-050950_020912-011670.parquet,real_data_sample\l2_unseen_validation\trade_date=2026-07-17\exchange=NSE\symbol=MARUTI\part-050950_020912-011670.parquet,35729,downloaded,35729,
2026-07-17,NSE,MARUTI,raw_l2/trade_date=2026-07-17/exchange=NSE/symbol=MARUTI/part-051004_039158-011702.parquet,real_data_sample\l2_unseen_validation\trade_date=2026-07-17\exchange=NSE\symbol=MARUTI\part-051004_039158-011702.parquet,34787,downloaded,34787,
2026-07-17,NSE,MARUTI,raw_l2/trade_date=2026-07-17/exchange=NSE/symbol=MARUTI/part-051017_754512-011734.parquet,real_data_sample\l2_unseen_validation\trade_date=2026-07-17\exchange=NSE\symbol=MARUTI\part-051017_754512-011734.parquet,35147,downloaded,35147,
2026-07-17,NSE,MARUTI,raw_l2/trade_date=2026-07-17/exchange=NSE/symbol=MARUTI/part-051031_582543-011766.parquet,real_data_sample\l2_unseen_validation\trade_date=2026-07-17\exchange=NSE\symbol=MARUTI\part-051031_582543-011766.parquet,34924,downloaded,34924,
2026-07-17,NSE,MARUTI,raw_l2/trade_date=2026-07-17/exchange=NSE/symbol=MARUTI/part-051045_479797-011798.parquet,real_data_sample\l2_unseen_validation\trade_date=2026-07-17\exchange=NSE\symbol=MARUTI\part-051045_479797-011798.parquet,35158,downloaded,35158,
2026-07-17,NSE,MARUTI,raw_l2/trade_date=2026-07-17/exchange=NSE/symbol=MARUTI/part-051059_215919-011830.parquet,real_data_sample\l2_unseen_validation\trade_date=2026-07-17\exchange=NSE\symbol=MARUTI\part-051059_215919-011830.parquet,35075,downloaded,35075,
2026-07-17,NSE,MARUTI,raw_l2/trade_date=2026-07-17/exchange=NSE/symbol=MARUTI/part-051113_099250-011862.parquet,real_data_sample\l2_unseen_validation\trade_date=2026-07-17\exchange=NSE\symbol=MARUTI\part-051113_099250-011862.parquet,35488,downloaded,35488,
2026-07-17,NSE,MARUTI,raw_l2/trade_date=2026-07-17/exchange=NSE/symbol=MARUTI/part-051141_319206-011926.parquet,real_data_sample\l2_unseen_validation\trade_date=2026-07-17\exchange=NSE\symbol=MARUTI\part-051141_319206-011926.parquet,34490,downloaded,34490,
2026-07-17,NSE,MARUTI,raw_l2/trade_date=2026-07-17/exchange=NSE/symbol=MARUTI/part-051127_168454-011894.parquet,real_data_sample\l2_unseen_validation\trade_date=2026-07-17\exchange=NSE\symbol=MARUTI\part-051127_168454-011894.parquet,34475,downloaded,34475,
2026-07-17,NSE,MARUTI,raw_l2/trade_date=2026-07-17/exchange=NSE/symbol=MARUTI/part-051223_094882-012022.parquet,real_data_sample\l2_unseen_validation\trade_date=2026-07-17\exchange=NSE\symbol=MARUTI\part-051223_094882-012022.parquet,34617,downloaded,34617,
2026-07-17,NSE,MARUTI,raw_l2/trade_date=2026-07-17/exchange=NSE/symbol=MARUTI/part-051236_999811-012054.parquet,real_data_sample\l2_unseen_validation\trade_date=2026-07-17\exchange=NSE\symbol=MARUTI\part-051236_999811-012054.parquet,34539,downloaded,34539,
2026-07-17,NSE,MARUTI,raw_l2/trade_date=2026-07-17/exchange=NSE/symbol=MARUTI/part-051250_988077-012086.parquet,real_data_sample\l2_unseen_validation\trade_date=2026-07-17\exchange=NSE\symbol=MARUTI\part-051250_988077-012086.parquet,34604,downloaded,34604,
2026-07-17,NSE,MARUTI,raw_l2/trade_date=2026-07-17/exchange=NSE/symbol=MARUTI/part-051304_843710-012118.parquet,real_data_sample\l2_unseen_validation\trade_date=2026-07-17\exchange=NSE\symbol=MARUTI\part-051304_843710-012118.parquet,34549,downloaded,34549,
2026-07-17,NSE,MARUTI,raw_l2/trade_date=2026-07-17/exchange=NSE/symbol=MARUTI/part-051319_576295-012150.parquet,real_data_sample\l2_unseen_validation\trade_date=2026-07-17\exchange=NSE\symbol=MARUTI\part-051319_576295-012150.parquet,34662,downloaded,34662,
2026-07-17,NSE,MARUTI,raw_l2/trade_date=2026-07-17/exchange=NSE/symbol=MARUTI/part-051348_769933-012214.parquet,real_data_sample\l2_unseen_validation\trade_date=2026-07-17\exchange=NSE\symbol=MARUTI\part-051348_769933-012214.parquet,34757,downloaded,34757,
2026-07-17,NSE,MARUTI,raw_l2/trade_date=2026-07-17/exchange=NSE/symbol=MARUTI/part-051418_291313-012278.parquet,real_data_sample\l2_unseen_validation\trade_date=2026-07-17\exchange=NSE\symbol=MARUTI\part-051418_291313-012278.parquet,35187,downloaded,35187,
2026-07-17,NSE,MARUTI,raw_l2/trade_date=2026-07-17/exchange=NSE/symbol=MARUTI/part-051433_128843-012310.parquet,real_data_sample\l2_unseen_validation\trade_date=2026-07-17\exchange=NSE\symbol=MARUTI\part-051433_128843-012310.parquet,35908,downloaded,35908,
2026-07-17,NSE,MARUTI,raw_l2/trade_date=2026-07-17/exchange=NSE/symbol=MARUTI/part-051528_261865-012438.parquet,real_data_sample\l2_unseen_validation\trade_date=2026-07-17\exchange=NSE\symbol=MARUTI\part-051528_261865-012438.parquet,35559,downloaded,35559,
2026-07-17,NSE,MARUTI,raw_l2/trade_date=2026-07-17/exchange=NSE/symbol=MARUTI/part-051446_876769-012342.parquet,real_data_sample\l2_unseen_validation\trade_date=2026-07-17\exchange=NSE\symbol=MARUTI\part-051446_876769-012342.parquet,35291,downloaded,35291,
2026-07-17,NSE,MARUTI,raw_l2/trade_date=2026-07-17/exchange=NSE/symbol=MARUTI/part-051209_206486-011990.parquet,real_data_sample\l2_unseen_validation\trade_date=2026-07-17\exchange=NSE\symbol=MARUTI\part-051209_206486-011990.parquet,34479,downloaded,34479,
2026-07-17,NSE,MARUTI,raw_l2/trade_date=2026-07-17/exchange=NSE/symbol=MARUTI/part-051403_899400-012246.parquet,real_data_sample\l2_unseen_validation\trade_date=2026-07-17\exchange=NSE\symbol=MARUTI\part-051403_899400-012246.parquet,34704,downloaded,34704,
2026-07-17,NSE,MARUTI,raw_l2/trade_date=2026-07-17/exchange=NSE/symbol=MARUTI/part-051155_180132-011958.parquet,real_data_sample\l2_unseen_validation\trade_date=2026-07-17\exchange=NSE\symbol=MARUTI\part-051155_180132-011958.parquet,34615,downloaded,34615,
2026-07-17,NSE,MARUTI,raw_l2/trade_date=2026-07-17/exchange=NSE/symbol=MARUTI/part-051556_853841-012502.parquet,real_data_sample\l2_unseen_validation\trade_date=2026-07-17\exchange=NSE\symbol=MARUTI\part-051556_853841-012502.parquet,35558,downloaded,35558,
2026-07-17,NSE,MARUTI,raw_l2/trade_date=2026-07-17/exchange=NSE/symbol=MARUTI/part-051333_893104-012182.parquet,real_data_sample\l2_unseen_validation\trade_date=2026-07-17\exchange=NSE\symbol=MARUTI\part-051333_893104-012182.parquet,34671,downloaded,34671,
2026-07-17,NSE,MARUTI,raw_l2/trade_date=2026-07-17/exchange=NSE/symbol=MARUTI/part-051542_413401-012470.parquet,real_data_sample\l2_unseen_validation\trade_date=2026-07-17\exchange=NSE\symbol=MARUTI\part-051542_413401-012470.parquet,35533,downloaded,35533,
2026-07-17,NSE,MARUTI,raw_l2/trade_date=2026-07-17/exchange=NSE/symbol=MARUTI/part-051500_834429-012374.parquet,real_data_sample\l2_unseen_validation\trade_date=2026-07-17\exchange=NSE\symbol=MARUTI\part-051500_834429-012374.parquet,35777,downloaded,35777,
2026-07-17,NSE,MARUTI,raw_l2/trade_date=2026-07-17/exchange=NSE/symbol=MARUTI/part-045450_549985-009622.parquet,real_data_sample\l2_unseen_validation\trade_date=2026-07-17\exchange=NSE\symbol=MARUTI\part-045450_549985-009622.parquet,34582,downloaded,34582,
2026-07-17,NSE,MARUTI,raw_l2/trade_date=2026-07-17/exchange=NSE/symbol=MARUTI/part-045326_648782-009430.parquet,real_data_sample\l2_unseen_validation\trade_date=2026-07-17\exchange=NSE\symbol=MARUTI\part-045326_648782-009430.parquet,34428,downloaded,34428,
2026-07-17,NSE,MARUTI,raw_l2/trade_date=2026-07-17/exchange=NSE/symbol=MARUTI/part-051514_636415-012406.parquet,real_data_sample\l2_unseen_validation\trade_date=2026-07-17\exchange=NSE\symbol=MARUTI\part-051514_636415-012406.parquet,35652,downloaded,35652,
2026-07-17,NSE,MARUTI,raw_l2/trade_date=2026-07-17/exchange=NSE/symbol=MARUTI/part-051611_531804-012534.parquet,real_data_sample\l2_unseen_validation\trade_date=2026-07-17\exchange=NSE\symbol=MARUTI\part-051611_531804-012534.parquet,35657,downloaded,35657,
2026-07-17,NSE,MARUTI,raw_l2/trade_date=2026-07-17/exchange=NSE/symbol=MARUTI/part-045258_727476-009366.parquet,real_data_sample\l2_unseen_validation\trade_date=2026-07-17\exchange=NSE\symbol=MARUTI\part-045258_727476-009366.parquet,34499,downloaded,34499,
2026-07-17,NSE,MARUTI,raw_l2/trade_date=2026-07-17/exchange=NSE/symbol=MARUTI/part-045614_728024-009814.parquet,real_data_sample\l2_unseen_validation\trade_date=2026-07-17\exchange=NSE\symbol=MARUTI\part-045614_728024-009814.parquet,34817,downloaded,34817,
2026-07-17,NSE,MARUTI,raw_l2/trade_date=2026-07-17/exchange=NSE/symbol=MARUTI/part-051625_613398-012566.parquet,real_data_sample\l2_unseen_validation\trade_date=2026-07-17\exchange=NSE\symbol=MARUTI\part-051625_613398-012566.parquet,35611,downloaded,35611,
2026-07-17,NSE,MARUTI,raw_l2/trade_date=2026-07-17/exchange=NSE/symbol=MARUTI/part-051639_810734-012598.parquet,real_data_sample\l2_unseen_validation\trade_date=2026-07-17\exchange=NSE\symbol=MARUTI\part-051639_810734-012598.parquet,35269,downloaded,35269,
2026-07-17,NSE,MARUTI,raw_l2/trade_date=2026-07-17/exchange=NSE/symbol=MARUTI/part-051721_923297-012694.parquet,real_data_sample\l2_unseen_validation\trade_date=2026-07-17\exchange=NSE\symbol=MARUTI\part-051721_923297-012694.parquet,34637,downloaded,34637,
2026-07-17,NSE,MARUTI,raw_l2/trade_date=2026-07-17/exchange=NSE/symbol=MARUTI/part-051653_993521-012630.parquet,real_data_sample\l2_unseen_validation\trade_date=2026-07-17\exchange=NSE\symbol=MARUTI\part-051653_993521-012630.parquet,35167,downloaded,35167,
2026-07-17,NSE,MARUTI,raw_l2/trade_date=2026-07-17/exchange=NSE/symbol=MARUTI/part-045422_518011-009558.parquet,real_data_sample\l2_unseen_validation\trade_date=2026-07-17\exchange=NSE\symbol=MARUTI\part-045422_518011-009558.parquet,34691,downloaded,34691,
2026-07-17,NSE,MARUTI,raw_l2/trade_date=2026-07-17/exchange=NSE/symbol=MARUTI/part-045230_919133-009302.parquet,real_data_sample\l2_unseen_validation\trade_date=2026-07-17\exchange=NSE\symbol=MARUTI\part-045230_919133-009302.parquet,34554,downloaded,34554,
2026-07-17,NSE,MARUTI,raw_l2/trade_date=2026-07-17/exchange=NSE/symbol=MARUTI/part-051707_995865-012662.parquet,real_data_sample\l2_unseen_validation\trade_date=2026-07-17\exchange=NSE\symbol=MARUTI\part-051707_995865-012662.parquet,35408,downloaded,35408,
2026-07-17,NSE,MARUTI,raw_l2/trade_date=2026-07-17/exchange=NSE/symbol=MARUTI/part-045354_466943-009494.parquet,real_data_sample\l2_unseen_validation\trade_date=2026-07-17\exchange=NSE\symbol=MARUTI\part-045354_466943-009494.parquet,34328,downloaded,34328,
2026-07-17,NSE,MARUTI,raw_l2/trade_date=2026-07-17/exchange=NSE/symbol=MARUTI/part-045628_999212-009846.parquet,real_data_sample\l2_unseen_validation\trade_date=2026-07-17\exchange=NSE\symbol=MARUTI\part-045628_999212-009846.parquet,34545,downloaded,34545,
2026-07-17,NSE,MARUTI,raw_l2/trade_date=2026-07-17/exchange=NSE/symbol=MARUTI/part-045203_272984-009238.parquet,real_data_sample\l2_unseen_validation\trade_date=2026-07-17\exchange=NSE\symbol=MARUTI\part-045203_272984-009238.parquet,34923,downloaded,34923,
2026-07-17,NSE,MARUTI,raw_l2/trade_date=2026-07-17/exchange=NSE/symbol=MARUTI/part-045518_816733-009686.parquet,real_data_sample\l2_unseen_validation\trade_date=2026-07-17\exchange=NSE\symbol=MARUTI\part-045518_816733-009686.parquet,34736,downloaded,34736,
2026-07-17,NSE,MARUTI,raw_l2/trade_date=2026-07-17/exchange=NSE/symbol=MARUTI/part-045436_509455-009590.parquet,real_data_sample\l2_unseen_validation\trade_date=2026-07-17\exchange=NSE\symbol=MARUTI\part-045436_509455-009590.parquet,34501,downloaded,34501,
2026-07-17,NSE,MARUTI,raw_l2/trade_date=2026-07-17/exchange=NSE/symbol=MARUTI/part-045312_704319-009398.parquet,real_data_sample\l2_unseen_validation\trade_date=2026-07-17\exchange=NSE\symbol=MARUTI\part-045312_704319-009398.parquet,34681,downloaded,34681,
2026-07-17,NSE,MARUTI,raw_l2/trade_date=2026-07-17/exchange=NSE/symbol=MARUTI/part-045504_839694-009654.parquet,real_data_sample\l2_unseen_validation\trade_date=2026-07-17\exchange=NSE\symbol=MARUTI\part-045504_839694-009654.parquet,34501,downloaded,34501,
2026-07-17,NSE,MARUTI,raw_l2/trade_date=2026-07-17/exchange=NSE/symbol=MARUTI/part-045600_736402-009782.parquet,real_data_sample\l2_unseen_validation\trade_date=2026-07-17\exchange=NSE\symbol=MARUTI\part-045600_736402-009782.parquet,34991,downloaded,34991,
2026-07-17,NSE,MARUTI,raw_l2/trade_date=2026-07-17/exchange=NSE/symbol=MARUTI/part-051944_418538-013014.parquet,real_data_sample\l2_unseen_validation\trade_date=2026-07-17\exchange=NSE\symbol=MARUTI\part-051944_418538-013014.parquet,34474,downloaded,34474,
2026-07-17,NSE,MARUTI,raw_l2/trade_date=2026-07-17/exchange=NSE/symbol=MARUTI/part-051804_902528-012790.parquet,real_data_sample\l2_unseen_validation\trade_date=2026-07-17\exchange=NSE\symbol=MARUTI\part-051804_902528-012790.parquet,34807,downloaded,34807,
2026-07-17,NSE,MARUTI,raw_l2/trade_date=2026-07-17/exchange=NSE/symbol=MARUTI/part-045532_710508-009718.parquet,real_data_sample\l2_unseen_validation\trade_date=2026-07-17\exchange=NSE\symbol=MARUTI\part-045532_710508-009718.parquet,34663,downloaded,34663,
2026-07-17,NSE,MARUTI,raw_l2/trade_date=2026-07-17/exchange=NSE/symbol=MARUTI/part-051902_669319-012918.parquet,real_data_sample\l2_unseen_validation\trade_date=2026-07-17\exchange=NSE\symbol=MARUTI\part-051902_669319-012918.parquet,34775,downloaded,34775,
2026-07-17,NSE,MARUTI,raw_l2/trade_date=2026-07-17/exchange=NSE/symbol=MARUTI/part-051916_785419-012950.parquet,real_data_sample\l2_unseen_validation\trade_date=2026-07-17\exchange=NSE\symbol=MARUTI\part-051916_785419-012950.parquet,34715,downloaded,34715,
2026-07-17,NSE,MARUTI,raw_l2/trade_date=2026-07-17/exchange=NSE/symbol=MARUTI/part-051736_288640-012726.parquet,real_data_sample\l2_unseen_validation\trade_date=2026-07-17\exchange=NSE\symbol=MARUTI\part-051736_288640-012726.parquet,34279,downloaded,34279,
2026-07-17,NSE,MARUTI,raw_l2/trade_date=2026-07-17/exchange=NSE/symbol=MARUTI/part-051833_640833-012854.parquet,real_data_sample\l2_unseen_validation\trade_date=2026-07-17\exchange=NSE\symbol=MARUTI\part-051833_640833-012854.parquet,34570,downloaded,34570,
2026-07-17,NSE,MARUTI,raw_l2/trade_date=2026-07-17/exchange=NSE/symbol=MARUTI/part-051958_421453-013046.parquet,real_data_sample\l2_unseen_validation\trade_date=2026-07-17\exchange=NSE\symbol=MARUTI\part-051958_421453-013046.parquet,34511,downloaded,34511,
2026-07-17,NSE,MARUTI,raw_l2/trade_date=2026-07-17/exchange=NSE/symbol=MARUTI/part-052012_106783-013078.parquet,real_data_sample\l2_unseen_validation\trade_date=2026-07-17\exchange=NSE\symbol=MARUTI\part-052012_106783-013078.parquet,34612,downloaded,34612,
2026-07-17,NSE,MARUTI,raw_l2/trade_date=2026-07-17/exchange=NSE/symbol=MARUTI/part-052025_833531-013110.parquet,real_data_sample\l2_unseen_validation\trade_date=2026-07-17\exchange=NSE\symbol=MARUTI\part-052025_833531-013110.parquet,35507,downloaded,35507,
2026-07-17,NSE,MARUTI,raw_l2/trade_date=2026-07-17/exchange=NSE/symbol=MARUTI/part-052039_635151-013142.parquet,real_data_sample\l2_unseen_validation\trade_date=2026-07-17\exchange=NSE\symbol=MARUTI\part-052039_635151-013142.parquet,34967,downloaded,34967,
2026-07-17,NSE,MARUTI,raw_l2/trade_date=2026-07-17/exchange=NSE/symbol=MARUTI/part-051847_783378-012886.parquet,real_data_sample\l2_unseen_validation\trade_date=2026-07-17\exchange=NSE\symbol=MARUTI\part-051847_783378-012886.parquet,34426,downloaded,34426,
2026-07-17,NSE,MARUTI,raw_l2/trade_date=2026-07-17/exchange=NSE/symbol=MARUTI/part-052053_404059-013174.parquet,real_data_sample\l2_unseen_validation\trade_date=2026-07-17\exchange=NSE\symbol=MARUTI\part-052053_404059-013174.parquet,34988,downloaded,34988,
2026-07-17,NSE,MARUTI,raw_l2/trade_date=2026-07-17/exchange=NSE/symbol=MARUTI/part-052107_156370-013206.parquet,real_data_sample\l2_unseen_validation\trade_date=2026-07-17\exchange=NSE\symbol=MARUTI\part-052107_156370-013206.parquet,35250,downloaded,35250,
2026-07-17,NSE,MARUTI,raw_l2/trade_date=2026-07-17/exchange=NSE/symbol=MARUTI/part-052121_119530-013238.parquet,real_data_sample\l2_unseen_validation\trade_date=2026-07-17\exchange=NSE\symbol=MARUTI\part-052121_119530-013238.parquet,35238,downloaded,35238,
2026-07-17,NSE,MARUTI,raw_l2/trade_date=2026-07-17/exchange=NSE/symbol=MARUTI/part-045340_431028-009462.parquet,real_data_sample\l2_unseen_validation\trade_date=2026-07-17\exchange=NSE\symbol=MARUTI\part-045340_431028-009462.parquet,34513,downloaded,34513,
2026-07-17,NSE,MARUTI,raw_l2/trade_date=2026-07-17/exchange=NSE/symbol=MARUTI/part-052202_934765-013334.parquet,real_data_sample\l2_unseen_validation\trade_date=2026-07-17\exchange=NSE\symbol=MARUTI\part-052202_934765-013334.parquet,35278,downloaded,35278,
2026-07-17,NSE,MARUTI,raw_l2/trade_date=2026-07-17/exchange=NSE/symbol=MARUTI/part-052148_942634-013302.parquet,real_data_sample\l2_unseen_validation\trade_date=2026-07-17\exchange=NSE\symbol=MARUTI\part-052148_942634-013302.parquet,35053,downloaded,35053,
2026-07-17,NSE,MARUTI,raw_l2/trade_date=2026-07-17/exchange=NSE/symbol=MARUTI/part-052134_921664-013270.parquet,real_data_sample\l2_unseen_validation\trade_date=2026-07-17\exchange=NSE\symbol=MARUTI\part-052134_921664-013270.parquet,35225,downloaded,35225,
2026-07-17,NSE,MARUTI,raw_l2/trade_date=2026-07-17/exchange=NSE/symbol=MARUTI/part-051819_230972-012822.parquet,real_data_sample\l2_unseen_validation\trade_date=2026-07-17\exchange=NSE\symbol=MARUTI\part-051819_230972-012822.parquet,34516,downloaded,34516,
2026-07-17,NSE,MARUTI,raw_l2/trade_date=2026-07-17/exchange=NSE/symbol=MARUTI/part-052326_881633-013526.parquet,real_data_sample\l2_unseen_validation\trade_date=2026-07-17\exchange=NSE\symbol=MARUTI\part-052326_881633-013526.parquet,35094,downloaded,35094,
2026-07-17,NSE,MARUTI,raw_l2/trade_date=2026-07-17/exchange=NSE/symbol=MARUTI/part-052244_927705-013430.parquet,real_data_sample\l2_unseen_validation\trade_date=2026-07-17\exchange=NSE\symbol=MARUTI\part-052244_927705-013430.parquet,34512,downloaded,34512,
2026-07-17,NSE,MARUTI,raw_l2/trade_date=2026-07-17/exchange=NSE/symbol=MARUTI/part-052217_058825-013366.parquet,real_data_sample\l2_unseen_validation\trade_date=2026-07-17\exchange=NSE\symbol=MARUTI\part-052217_058825-013366.parquet,34637,downloaded,34637,
2026-07-17,NSE,MARUTI,raw_l2/trade_date=2026-07-17/exchange=NSE/symbol=MARUTI/part-052231_001608-013398.parquet,real_data_sample\l2_unseen_validation\trade_date=2026-07-17\exchange=NSE\symbol=MARUTI\part-052231_001608-013398.parquet,34516,downloaded,34516,
2026-07-17,NSE,MARUTI,raw_l2/trade_date=2026-07-17/exchange=NSE/symbol=MARUTI/part-052408_980627-013622.parquet,real_data_sample\l2_unseen_validation\trade_date=2026-07-17\exchange=NSE\symbol=MARUTI\part-052408_980627-013622.parquet,35457,downloaded,35457,
2026-07-17,NSE,MARUTI,raw_l2/trade_date=2026-07-17/exchange=NSE/symbol=MARUTI/part-045408_458417-009526.parquet,real_data_sample\l2_unseen_validation\trade_date=2026-07-17\exchange=NSE\symbol=MARUTI\part-045408_458417-009526.parquet,34521,downloaded,34521,
2026-07-17,NSE,MARUTI,raw_l2/trade_date=2026-07-17/exchange=NSE/symbol=MARUTI/part-051930_610670-012982.parquet,real_data_sample\l2_unseen_validation\trade_date=2026-07-17\exchange=NSE\symbol=MARUTI\part-051930_610670-012982.parquet,34671,downloaded,34671,
2026-07-17,NSE,MARUTI,raw_l2/trade_date=2026-07-17/exchange=NSE/symbol=MARUTI/part-052355_152679-013590.parquet,real_data_sample\l2_unseen_validation\trade_date=2026-07-17\exchange=NSE\symbol=MARUTI\part-052355_152679-013590.parquet,34829,downloaded,34829,
2026-07-17,NSE,MARUTI,raw_l2/trade_date=2026-07-17/exchange=NSE/symbol=MARUTI/part-052340_999752-013558.parquet,real_data_sample\l2_unseen_validation\trade_date=2026-07-17\exchange=NSE\symbol=MARUTI\part-052340_999752-013558.parquet,35376,downloaded,35376,
2026-07-17,NSE,MARUTI,raw_l2/trade_date=2026-07-17/exchange=NSE/symbol=MARUTI/part-052312_969668-013494.parquet,real_data_sample\l2_unseen_validation\trade_date=2026-07-17\exchange=NSE\symbol=MARUTI\part-052312_969668-013494.parquet,34687,downloaded,34687,
2026-07-17,NSE,MARUTI,raw_l2/trade_date=2026-07-17/exchange=NSE/symbol=MARUTI/part-052436_918178-013686.parquet,real_data_sample\l2_unseen_validation\trade_date=2026-07-17\exchange=NSE\symbol=MARUTI\part-052436_918178-013686.parquet,35292,downloaded,35292,
2026-07-17,NSE,MARUTI,raw_l2/trade_date=2026-07-17/exchange=NSE/symbol=MARUTI/part-051750_870734-012758.parquet,real_data_sample\l2_unseen_validation\trade_date=2026-07-17\exchange=NSE\symbol=MARUTI\part-051750_870734-012758.parquet,34573,downloaded,34573,
2026-07-17,NSE,MARUTI,raw_l2/trade_date=2026-07-17/exchange=NSE/symbol=MARUTI/part-052504_608843-013750.parquet,real_data_sample\l2_unseen_validation\trade_date=2026-07-17\exchange=NSE\symbol=MARUTI\part-052504_608843-013750.parquet,35915,downloaded,35915,
2026-07-17,NSE,MARUTI,raw_l2/trade_date=2026-07-17/exchange=NSE/symbol=MARUTI/part-052422_883912-013654.parquet,real_data_sample\l2_unseen_validation\trade_date=2026-07-17\exchange=NSE\symbol=MARUTI\part-052422_883912-013654.parquet,35219,downloaded,35219,
2026-07-17,NSE,MARUTI,raw_l2/trade_date=2026-07-17/exchange=NSE/symbol=MARUTI/part-052546_508608-013846.parquet,real_data_sample\l2_unseen_validation\trade_date=2026-07-17\exchange=NSE\symbol=MARUTI\part-052546_508608-013846.parquet,35734,downloaded,35734,
2026-07-17,NSE,MARUTI,raw_l2/trade_date=2026-07-17/exchange=NSE/symbol=MARUTI/part-052532_425326-013814.parquet,real_data_sample\l2_unseen_validation\trade_date=2026-07-17\exchange=NSE\symbol=MARUTI\part-052532_425326-013814.parquet,35957,downloaded,35957,
2026-07-17,NSE,MARUTI,raw_l2/trade_date=2026-07-17/exchange=NSE/symbol=MARUTI/part-052518_359196-013782.parquet,real_data_sample\l2_unseen_validation\trade_date=2026-07-17\exchange=NSE\symbol=MARUTI\part-052518_359196-013782.parquet,35555,downloaded,35555,
2026-07-17,NSE,MARUTI,raw_l2/trade_date=2026-07-17/exchange=NSE/symbol=MARUTI/part-052657_263216-014006.parquet,real_data_sample\l2_unseen_validation\trade_date=2026-07-17\exchange=NSE\symbol=MARUTI\part-052657_263216-014006.parquet,35363,downloaded,35363,
2026-07-17,NSE,MARUTI,raw_l2/trade_date=2026-07-17/exchange=NSE/symbol=MARUTI/part-052628_968345-013942.parquet,real_data_sample\l2_unseen_validation\trade_date=2026-07-17\exchange=NSE\symbol=MARUTI\part-052628_968345-013942.parquet,35395,downloaded,35395,
2026-07-17,NSE,MARUTI,raw_l2/trade_date=2026-07-17/exchange=NSE/symbol=MARUTI/part-052643_059545-013974.parquet,real_data_sample\l2_unseen_validation\trade_date=2026-07-17\exchange=NSE\symbol=MARUTI\part-052643_059545-013974.parquet,34895,downloaded,34895,
2026-07-17,NSE,MARUTI,raw_l2/trade_date=2026-07-17/exchange=NSE/symbol=MARUTI/part-052614_765072-013910.parquet,real_data_sample\l2_unseen_validation\trade_date=2026-07-17\exchange=NSE\symbol=MARUTI\part-052614_765072-013910.parquet,35166,downloaded,35166,
2026-07-17,NSE,MARUTI,raw_l2/trade_date=2026-07-17/exchange=NSE/symbol=MARUTI/part-052711_313021-014038.parquet,real_data_sample\l2_unseen_validation\trade_date=2026-07-17\exchange=NSE\symbol=MARUTI\part-052711_313021-014038.parquet,34856,downloaded,34856,
2026-07-17,NSE,MARUTI,raw_l2/trade_date=2026-07-17/exchange=NSE/symbol=MARUTI/part-052450_724060-013718.parquet,real_data_sample\l2_unseen_validation\trade_date=2026-07-17\exchange=NSE\symbol=MARUTI\part-052450_724060-013718.parquet,35665,downloaded,35665,
2026-07-17,NSE,MARUTI,raw_l2/trade_date=2026-07-17/exchange=NSE/symbol=MARUTI/part-052600_651400-013878.parquet,real_data_sample\l2_unseen_validation\trade_date=2026-07-17\exchange=NSE\symbol=MARUTI\part-052600_651400-013878.parquet,35230,downloaded,35230,
2026-07-17,NSE,MARUTI,raw_l2/trade_date=2026-07-17/exchange=NSE/symbol=MARUTI/part-052739_196468-014102.parquet,real_data_sample\l2_unseen_validation\trade_date=2026-07-17\exchange=NSE\symbol=MARUTI\part-052739_196468-014102.parquet,34840,downloaded,34840,
2026-07-17,NSE,MARUTI,raw_l2/trade_date=2026-07-17/exchange=NSE/symbol=MARUTI/part-052725_335393-014070.parquet,real_data_sample\l2_unseen_validation\trade_date=2026-07-17\exchange=NSE\symbol=MARUTI\part-052725_335393-014070.parquet,34456,downloaded,34456,
2026-07-17,NSE,MARUTI,raw_l2/trade_date=2026-07-17/exchange=NSE/symbol=MARUTI/part-052753_156863-014134.parquet,real_data_sample\l2_unseen_validation\trade_date=2026-07-17\exchange=NSE\symbol=MARUTI\part-052753_156863-014134.parquet,34522,downloaded,34522,
2026-07-17,NSE,MARUTI,raw_l2/trade_date=2026-07-17/exchange=NSE/symbol=MARUTI/part-052821_065250-014198.parquet,real_data_sample\l2_unseen_validation\trade_date=2026-07-17\exchange=NSE\symbol=MARUTI\part-052821_065250-014198.parquet,34613,downloaded,34613,
2026-07-17,NSE,MARUTI,raw_l2/trade_date=2026-07-17/exchange=NSE/symbol=MARUTI/part-052807_004807-014166.parquet,real_data_sample\l2_unseen_validation\trade_date=2026-07-17\exchange=NSE\symbol=MARUTI\part-052807_004807-014166.parquet,34402,downloaded,34402,
2026-07-17,NSE,MARUTI,raw_l2/trade_date=2026-07-17/exchange=NSE/symbol=MARUTI/part-052835_348404-014230.parquet,real_data_sample\l2_unseen_validation\trade_date=2026-07-17\exchange=NSE\symbol=MARUTI\part-052835_348404-014230.parquet,34543,downloaded,34543,
2026-07-17,NSE,MARUTI,raw_l2/trade_date=2026-07-17/exchange=NSE/symbol=MARUTI/part-052849_594219-014262.parquet,real_data_sample\l2_unseen_validation\trade_date=2026-07-17\exchange=NSE\symbol=MARUTI\part-052849_594219-014262.parquet,34397,downloaded,34397,
2026-07-17,NSE,MARUTI,raw_l2/trade_date=2026-07-17/exchange=NSE/symbol=MARUTI/part-052258_967615-013462.parquet,real_data_sample\l2_unseen_validation\trade_date=2026-07-17\exchange=NSE\symbol=MARUTI\part-052258_967615-013462.parquet,34522,downloaded,34522,
2026-07-17,NSE,MARUTI,raw_l2/trade_date=2026-07-17/exchange=NSE/symbol=MARUTI/part-052917_799566-014326.parquet,real_data_sample\l2_unseen_validation\trade_date=2026-07-17\exchange=NSE\symbol=MARUTI\part-052917_799566-014326.parquet,34564,downloaded,34564,
2026-07-17,NSE,MARUTI,raw_l2/trade_date=2026-07-17/exchange=NSE/symbol=MARUTI/part-053208_143392-014710.parquet,real_data_sample\l2_unseen_validation\trade_date=2026-07-17\exchange=NSE\symbol=MARUTI\part-053208_143392-014710.parquet,34801,downloaded,34801,
2026-07-17,NSE,MARUTI,raw_l2/trade_date=2026-07-17/exchange=NSE/symbol=MARUTI/part-053222_232508-014742.parquet,real_data_sample\l2_unseen_validation\trade_date=2026-07-17\exchange=NSE\symbol=MARUTI\part-053222_232508-014742.parquet,35299,downloaded,35299,
2026-07-17,NSE,MARUTI,raw_l2/trade_date=2026-07-17/exchange=NSE/symbol=MARUTI/part-053057_311629-014550.parquet,real_data_sample\l2_unseen_validation\trade_date=2026-07-17\exchange=NSE\symbol=MARUTI\part-053057_311629-014550.parquet,34614,downloaded,34614,
2026-07-17,NSE,MARUTI,raw_l2/trade_date=2026-07-17/exchange=NSE/symbol=MARUTI/part-053236_266629-014774.parquet,real_data_sample\l2_unseen_validation\trade_date=2026-07-17\exchange=NSE\symbol=MARUTI\part-053236_266629-014774.parquet,35305,downloaded,35305,
2026-07-17,NSE,MARUTI,raw_l2/trade_date=2026-07-17/exchange=NSE/symbol=MARUTI/part-053043_276535-014518.parquet,real_data_sample\l2_unseen_validation\trade_date=2026-07-17\exchange=NSE\symbol=MARUTI\part-053043_276535-014518.parquet,34531,downloaded,34531,
2026-07-17,NSE,MARUTI,raw_l2/trade_date=2026-07-17/exchange=NSE/symbol=MARUTI/part-053015_082358-014454.parquet,real_data_sample\l2_unseen_validation\trade_date=2026-07-17\exchange=NSE\symbol=MARUTI\part-053015_082358-014454.parquet,34407,downloaded,34407,
2026-07-17,NSE,MARUTI,raw_l2/trade_date=2026-07-17/exchange=NSE/symbol=MARUTI/part-052945_727360-014390.parquet,real_data_sample\l2_unseen_validation\trade_date=2026-07-17\exchange=NSE\symbol=MARUTI\part-052945_727360-014390.parquet,34643,downloaded,34643,
2026-07-17,NSE,MARUTI,raw_l2/trade_date=2026-07-17/exchange=NSE/symbol=MARUTI/part-053346_422035-014934.parquet,real_data_sample\l2_unseen_validation\trade_date=2026-07-17\exchange=NSE\symbol=MARUTI\part-053346_422035-014934.parquet,34388,downloaded,34388,
2026-07-17,NSE,MARUTI,raw_l2/trade_date=2026-07-17/exchange=NSE/symbol=MARUTI/part-052903_810111-014294.parquet,real_data_sample\l2_unseen_validation\trade_date=2026-07-17\exchange=NSE\symbol=MARUTI\part-052903_810111-014294.parquet,34755,downloaded,34755,
2026-07-17,NSE,MARUTI,raw_l2/trade_date=2026-07-17/exchange=NSE/symbol=MARUTI/part-052931_708837-014358.parquet,real_data_sample\l2_unseen_validation\trade_date=2026-07-17\exchange=NSE\symbol=MARUTI\part-052931_708837-014358.parquet,34473,downloaded,34473,
2026-07-17,NSE,MARUTI,raw_l2/trade_date=2026-07-17/exchange=NSE/symbol=MARUTI/part-052959_787678-014422.parquet,real_data_sample\l2_unseen_validation\trade_date=2026-07-17\exchange=NSE\symbol=MARUTI\part-052959_787678-014422.parquet,34235,downloaded,34235,
2026-07-17,NSE,MARUTI,raw_l2/trade_date=2026-07-17/exchange=NSE/symbol=MARUTI/part-053153_859449-014678.parquet,real_data_sample\l2_unseen_validation\trade_date=2026-07-17\exchange=NSE\symbol=MARUTI\part-053153_859449-014678.parquet,34710,downloaded,34710,
2026-07-17,NSE,MARUTI,raw_l2/trade_date=2026-07-17/exchange=NSE/symbol=MARUTI/part-053111_989751-014582.parquet,real_data_sample\l2_unseen_validation\trade_date=2026-07-17\exchange=NSE\symbol=MARUTI\part-053111_989751-014582.parquet,34601,downloaded,34601,
2026-07-17,NSE,MARUTI,raw_l2/trade_date=2026-07-17/exchange=NSE/symbol=MARUTI/part-053414_615503-014998.parquet,real_data_sample\l2_unseen_validation\trade_date=2026-07-17\exchange=NSE\symbol=MARUTI\part-053414_615503-014998.parquet,34439,downloaded,34439,
2026-07-17,NSE,MARUTI,raw_l2/trade_date=2026-07-17/exchange=NSE/symbol=MARUTI/part-053332_574106-014902.parquet,real_data_sample\l2_unseen_validation\trade_date=2026-07-17\exchange=NSE\symbol=MARUTI\part-053332_574106-014902.parquet,34589,downloaded,34589,
2026-07-17,NSE,MARUTI,raw_l2/trade_date=2026-07-17/exchange=NSE/symbol=MARUTI/part-053126_205761-014614.parquet,real_data_sample\l2_unseen_validation\trade_date=2026-07-17\exchange=NSE\symbol=MARUTI\part-053126_205761-014614.parquet,34674,downloaded,34674,
2026-07-17,NSE,MARUTI,raw_l2/trade_date=2026-07-17/exchange=NSE/symbol=MARUTI/part-053400_537612-014966.parquet,real_data_sample\l2_unseen_validation\trade_date=2026-07-17\exchange=NSE\symbol=MARUTI\part-053400_537612-014966.parquet,34701,downloaded,34701,
2026-07-17,NSE,MARUTI,raw_l2/trade_date=2026-07-17/exchange=NSE/symbol=MARUTI/part-053250_216687-014806.parquet,real_data_sample\l2_unseen_validation\trade_date=2026-07-17\exchange=NSE\symbol=MARUTI\part-053250_216687-014806.parquet,35114,downloaded,35114,
2026-07-17,NSE,MARUTI,raw_l2/trade_date=2026-07-17/exchange=NSE/symbol=MARUTI/part-053442_142181-015062.parquet,real_data_sample\l2_unseen_validation\trade_date=2026-07-17\exchange=NSE\symbol=MARUTI\part-053442_142181-015062.parquet,34640,downloaded,34640,
2026-07-17,NSE,MARUTI,raw_l2/trade_date=2026-07-17/exchange=NSE/symbol=MARUTI/part-053318_420032-014870.parquet,real_data_sample\l2_unseen_validation\trade_date=2026-07-17\exchange=NSE\symbol=MARUTI\part-053318_420032-014870.parquet,34952,downloaded,34952,
2026-07-17,NSE,MARUTI,raw_l2/trade_date=2026-07-17/exchange=NSE/symbol=MARUTI/part-053455_802549-015094.parquet,real_data_sample\l2_unseen_validation\trade_date=2026-07-17\exchange=NSE\symbol=MARUTI\part-053455_802549-015094.parquet,34458,downloaded,34458,
2026-07-17,NSE,MARUTI,raw_l2/trade_date=2026-07-17/exchange=NSE/symbol=MARUTI/part-053509_819415-015126.parquet,real_data_sample\l2_unseen_validation\trade_date=2026-07-17\exchange=NSE\symbol=MARUTI\part-053509_819415-015126.parquet,34568,downloaded,34568,
2026-07-17,NSE,MARUTI,raw_l2/trade_date=2026-07-17/exchange=NSE/symbol=MARUTI/part-053523_718267-015158.parquet,real_data_sample\l2_unseen_validation\trade_date=2026-07-17\exchange=NSE\symbol=MARUTI\part-053523_718267-015158.parquet,34591,downloaded,34591,
2026-07-17,NSE,MARUTI,raw_l2/trade_date=2026-07-17/exchange=NSE/symbol=MARUTI/part-053304_341101-014838.parquet,real_data_sample\l2_unseen_validation\trade_date=2026-07-17\exchange=NSE\symbol=MARUTI\part-053304_341101-014838.parquet,35592,downloaded,35592,
2026-07-17,NSE,MARUTI,raw_l2/trade_date=2026-07-17/exchange=NSE/symbol=MARUTI/part-053428_417456-015030.parquet,real_data_sample\l2_unseen_validation\trade_date=2026-07-17\exchange=NSE\symbol=MARUTI\part-053428_417456-015030.parquet,34561,downloaded,34561,
2026-07-17,NSE,MARUTI,raw_l2/trade_date=2026-07-17/exchange=NSE/symbol=MARUTI/part-053537_586294-015190.parquet,real_data_sample\l2_unseen_validation\trade_date=2026-07-17\exchange=NSE\symbol=MARUTI\part-053537_586294-015190.parquet,34585,downloaded,34585,
2026-07-17,NSE,MARUTI,raw_l2/trade_date=2026-07-17/exchange=NSE/symbol=MARUTI/part-053551_413717-015222.parquet,real_data_sample\l2_unseen_validation\trade_date=2026-07-17\exchange=NSE\symbol=MARUTI\part-053551_413717-015222.parquet,34479,downloaded,34479,
2026-07-17,NSE,MARUTI,raw_l2/trade_date=2026-07-17/exchange=NSE/symbol=MARUTI/part-053605_158724-015254.parquet,real_data_sample\l2_unseen_validation\trade_date=2026-07-17\exchange=NSE\symbol=MARUTI\part-053605_158724-015254.parquet,34493,downloaded,34493,
2026-07-17,NSE,MARUTI,raw_l2/trade_date=2026-07-17/exchange=NSE/symbol=MARUTI/part-053029_413137-014486.parquet,real_data_sample\l2_unseen_validation\trade_date=2026-07-17\exchange=NSE\symbol=MARUTI\part-053029_413137-014486.parquet,34593,downloaded,34593,
2026-07-17,NSE,MARUTI,raw_l2/trade_date=2026-07-17/exchange=NSE/symbol=MARUTI/part-053633_431096-015318.parquet,real_data_sample\l2_unseen_validation\trade_date=2026-07-17\exchange=NSE\symbol=MARUTI\part-053633_431096-015318.parquet,34646,downloaded,34646,
2026-07-17,NSE,MARUTI,raw_l2/trade_date=2026-07-17/exchange=NSE/symbol=MARUTI/part-053140_177721-014646.parquet,real_data_sample\l2_unseen_validation\trade_date=2026-07-17\exchange=NSE\symbol=MARUTI\part-053140_177721-014646.parquet,34762,downloaded,34762,
2026-07-17,NSE,MARUTI,raw_l2/trade_date=2026-07-17/exchange=NSE/symbol=MARUTI/part-053647_354452-015350.parquet,real_data_sample\l2_unseen_validation\trade_date=2026-07-17\exchange=NSE\symbol=MARUTI\part-053647_354452-015350.parquet,34364,downloaded,34364,
2026-07-17,NSE,MARUTI,raw_l2/trade_date=2026-07-17/exchange=NSE/symbol=MARUTI/part-053715_234118-015414.parquet,real_data_sample\l2_unseen_validation\trade_date=2026-07-17\exchange=NSE\symbol=MARUTI\part-053715_234118-015414.parquet,34704,downloaded,34704,
2026-07-17,NSE,MARUTI,raw_l2/trade_date=2026-07-17/exchange=NSE/symbol=MARUTI/part-053756_846087-015510.parquet,real_data_sample\l2_unseen_validation\trade_date=2026-07-17\exchange=NSE\symbol=MARUTI\part-053756_846087-015510.parquet,34651,downloaded,34651,
2026-07-17,NSE,MARUTI,raw_l2/trade_date=2026-07-17/exchange=NSE/symbol=MARUTI/part-053729_130030-015446.parquet,real_data_sample\l2_unseen_validation\trade_date=2026-07-17\exchange=NSE\symbol=MARUTI\part-053729_130030-015446.parquet,34764,downloaded,34764,
2026-07-17,NSE,MARUTI,raw_l2/trade_date=2026-07-17/exchange=NSE/symbol=MARUTI/part-053906_637919-015670.parquet,real_data_sample\l2_unseen_validation\trade_date=2026-07-17\exchange=NSE\symbol=MARUTI\part-053906_637919-015670.parquet,34319,downloaded,34319,
2026-07-17,NSE,MARUTI,raw_l2/trade_date=2026-07-17/exchange=NSE/symbol=MARUTI/part-053838_924548-015606.parquet,real_data_sample\l2_unseen_validation\trade_date=2026-07-17\exchange=NSE\symbol=MARUTI\part-053838_924548-015606.parquet,34603,downloaded,34603,
2026-07-17,NSE,MARUTI,raw_l2/trade_date=2026-07-17/exchange=NSE/symbol=MARUTI/part-053810_711344-015542.parquet,real_data_sample\l2_unseen_validation\trade_date=2026-07-17\exchange=NSE\symbol=MARUTI\part-053810_711344-015542.parquet,34456,downloaded,34456,
2026-07-17,NSE,MARUTI,raw_l2/trade_date=2026-07-17/exchange=NSE/symbol=MARUTI/part-053920_710562-015702.parquet,real_data_sample\l2_unseen_validation\trade_date=2026-07-17\exchange=NSE\symbol=MARUTI\part-053920_710562-015702.parquet,34634,downloaded,34634,
2026-07-17,NSE,MARUTI,raw_l2/trade_date=2026-07-17/exchange=NSE/symbol=MARUTI/part-053934_635756-015734.parquet,real_data_sample\l2_unseen_validation\trade_date=2026-07-17\exchange=NSE\symbol=MARUTI\part-053934_635756-015734.parquet,34566,downloaded,34566,
2026-07-17,NSE,MARUTI,raw_l2/trade_date=2026-07-17/exchange=NSE/symbol=MARUTI/part-053824_829211-015574.parquet,real_data_sample\l2_unseen_validation\trade_date=2026-07-17\exchange=NSE\symbol=MARUTI\part-053824_829211-015574.parquet,34560,downloaded,34560,
2026-07-17,NSE,MARUTI,raw_l2/trade_date=2026-07-17/exchange=NSE/symbol=MARUTI/part-053742_918459-015478.parquet,real_data_sample\l2_unseen_validation\trade_date=2026-07-17\exchange=NSE\symbol=MARUTI\part-053742_918459-015478.parquet,34924,downloaded,34924,
2026-07-17,NSE,MARUTI,raw_l2/trade_date=2026-07-17/exchange=NSE/symbol=MARUTI/part-053852_872322-015638.parquet,real_data_sample\l2_unseen_validation\trade_date=2026-07-17\exchange=NSE\symbol=MARUTI\part-053852_872322-015638.parquet,34700,downloaded,34700,
2026-07-17,NSE,MARUTI,raw_l2/trade_date=2026-07-17/exchange=NSE/symbol=MARUTI/part-053701_286209-015382.parquet,real_data_sample\l2_unseen_validation\trade_date=2026-07-17\exchange=NSE\symbol=MARUTI\part-053701_286209-015382.parquet,34343,downloaded,34343,
2026-07-17,NSE,MARUTI,raw_l2/trade_date=2026-07-17/exchange=NSE/symbol=MARUTI/part-053948_423105-015766.parquet,real_data_sample\l2_unseen_validation\trade_date=2026-07-17\exchange=NSE\symbol=MARUTI\part-053948_423105-015766.parquet,34659,downloaded,34659,
2026-07-17,NSE,MARUTI,raw_l2/trade_date=2026-07-17/exchange=NSE/symbol=MARUTI/part-053619_206739-015286.parquet,real_data_sample\l2_unseen_validation\trade_date=2026-07-17\exchange=NSE\symbol=MARUTI\part-053619_206739-015286.parquet,34453,downloaded,34453,
2026-07-17,NSE,MARUTI,raw_l2/trade_date=2026-07-17/exchange=NSE/symbol=MARUTI/part-054112_118107-015958.parquet,real_data_sample\l2_unseen_validation\trade_date=2026-07-17\exchange=NSE\symbol=MARUTI\part-054112_118107-015958.parquet,34428,downloaded,34428,
2026-07-17,NSE,MARUTI,raw_l2/trade_date=2026-07-17/exchange=NSE/symbol=MARUTI/part-054330_975577-016278.parquet,real_data_sample\l2_unseen_validation\trade_date=2026-07-17\exchange=NSE\symbol=MARUTI\part-054330_975577-016278.parquet,34457,downloaded,34457,
2026-07-17,NSE,MARUTI,raw_l2/trade_date=2026-07-17/exchange=NSE/symbol=MARUTI/part-054358_705201-016342.parquet,real_data_sample\l2_unseen_validation\trade_date=2026-07-17\exchange=NSE\symbol=MARUTI\part-054358_705201-016342.parquet,34508,downloaded,34508,
2026-07-17,NSE,MARUTI,raw_l2/trade_date=2026-07-17/exchange=NSE/symbol=MARUTI/part-054535_967277-016566.parquet,real_data_sample\l2_unseen_validation\trade_date=2026-07-17\exchange=NSE\symbol=MARUTI\part-054535_967277-016566.parquet,34518,downloaded,34518,
2026-07-17,NSE,MARUTI,raw_l2/trade_date=2026-07-17/exchange=NSE/symbol=MARUTI/part-054002_536321-015798.parquet,real_data_sample\l2_unseen_validation\trade_date=2026-07-17\exchange=NSE\symbol=MARUTI\part-054002_536321-015798.parquet,34497,downloaded,34497,
2026-07-17,NSE,MARUTI,raw_l2/trade_date=2026-07-17/exchange=NSE/symbol=MARUTI/part-054016_312366-015830.parquet,real_data_sample\l2_unseen_validation\trade_date=2026-07-17\exchange=NSE\symbol=MARUTI\part-054016_312366-015830.parquet,34451,downloaded,34451,
2026-07-17,NSE,MARUTI,raw_l2/trade_date=2026-07-17/exchange=NSE/symbol=MARUTI/part-054426_667201-016406.parquet,real_data_sample\l2_unseen_validation\trade_date=2026-07-17\exchange=NSE\symbol=MARUTI\part-054426_667201-016406.parquet,35130,downloaded,35130,
2026-07-17,NSE,MARUTI,raw_l2/trade_date=2026-07-17/exchange=NSE/symbol=MARUTI/part-054522_140015-016534.parquet,real_data_sample\l2_unseen_validation\trade_date=2026-07-17\exchange=NSE\symbol=MARUTI\part-054522_140015-016534.parquet,34744,downloaded,34744,
2026-07-17,NSE,MARUTI,raw_l2/trade_date=2026-07-17/exchange=NSE/symbol=MARUTI/part-054508_152524-016502.parquet,real_data_sample\l2_unseen_validation\trade_date=2026-07-17\exchange=NSE\symbol=MARUTI\part-054508_152524-016502.parquet,34872,downloaded,34872,
2026-07-17,NSE,MARUTI,raw_l2/trade_date=2026-07-17/exchange=NSE/symbol=MARUTI/part-054454_425877-016470.parquet,real_data_sample\l2_unseen_validation\trade_date=2026-07-17\exchange=NSE\symbol=MARUTI\part-054454_425877-016470.parquet,35131,downloaded,35131,
2026-07-17,NSE,MARUTI,raw_l2/trade_date=2026-07-17/exchange=NSE/symbol=MARUTI/part-054440_436885-016438.parquet,real_data_sample\l2_unseen_validation\trade_date=2026-07-17\exchange=NSE\symbol=MARUTI\part-054440_436885-016438.parquet,34834,downloaded,34834,
2026-07-17,NSE,MARUTI,raw_l2/trade_date=2026-07-17/exchange=NSE/symbol=MARUTI/part-054603_760702-016630.parquet,real_data_sample\l2_unseen_validation\trade_date=2026-07-17\exchange=NSE\symbol=MARUTI\part-054603_760702-016630.parquet,34648,downloaded,34648,
2026-07-17,NSE,MARUTI,raw_l2/trade_date=2026-07-17/exchange=NSE/symbol=MARUTI/part-054549_941832-016598.parquet,real_data_sample\l2_unseen_validation\trade_date=2026-07-17\exchange=NSE\symbol=MARUTI\part-054549_941832-016598.parquet,34715,downloaded,34715,
2026-07-17,NSE,MARUTI,raw_l2/trade_date=2026-07-17/exchange=NSE/symbol=MARUTI/part-054030_368323-015862.parquet,real_data_sample\l2_unseen_validation\trade_date=2026-07-17\exchange=NSE\symbol=MARUTI\part-054030_368323-015862.parquet,34678,downloaded,34678,
2026-07-17,NSE,MARUTI,raw_l2/trade_date=2026-07-17/exchange=NSE/symbol=MARUTI/part-054412_740377-016374.parquet,real_data_sample\l2_unseen_validation\trade_date=2026-07-17\exchange=NSE\symbol=MARUTI\part-054412_740377-016374.parquet,34605,downloaded,34605,
2026-07-17,NSE,MARUTI,raw_l2/trade_date=2026-07-17/exchange=NSE/symbol=MARUTI/part-054153_444930-016054.parquet,real_data_sample\l2_unseen_validation\trade_date=2026-07-17\exchange=NSE\symbol=MARUTI\part-054153_444930-016054.parquet,34481,downloaded,34481,
2026-07-17,NSE,MARUTI,raw_l2/trade_date=2026-07-17/exchange=NSE/symbol=MARUTI/part-054235_153300-016150.parquet,real_data_sample\l2_unseen_validation\trade_date=2026-07-17\exchange=NSE\symbol=MARUTI\part-054235_153300-016150.parquet,34341,downloaded,34341,
2026-07-17,NSE,MARUTI,raw_l2/trade_date=2026-07-17/exchange=NSE/symbol=MARUTI/part-054617_636999-016662.parquet,real_data_sample\l2_unseen_validation\trade_date=2026-07-17\exchange=NSE\symbol=MARUTI\part-054617_636999-016662.parquet,34720,downloaded,34720,
2026-07-17,NSE,MARUTI,raw_l2/trade_date=2026-07-17/exchange=NSE/symbol=MARUTI/part-054221_394357-016118.parquet,real_data_sample\l2_unseen_validation\trade_date=2026-07-17\exchange=NSE\symbol=MARUTI\part-054221_394357-016118.parquet,34713,downloaded,34713,
2026-07-17,NSE,MARUTI,raw_l2/trade_date=2026-07-17/exchange=NSE/symbol=MARUTI/part-054125_862818-015990.parquet,real_data_sample\l2_unseen_validation\trade_date=2026-07-17\exchange=NSE\symbol=MARUTI\part-054125_862818-015990.parquet,34503,downloaded,34503,
2026-07-17,NSE,MARUTI,raw_l2/trade_date=2026-07-17/exchange=NSE/symbol=MARUTI/part-054044_265007-015894.parquet,real_data_sample\l2_unseen_validation\trade_date=2026-07-17\exchange=NSE\symbol=MARUTI\part-054044_265007-015894.parquet,34635,downloaded,34635,
2026-07-17,NSE,MARUTI,raw_l2/trade_date=2026-07-17/exchange=NSE/symbol=MARUTI/part-054303_219566-016214.parquet,real_data_sample\l2_unseen_validation\trade_date=2026-07-17\exchange=NSE\symbol=MARUTI\part-054303_219566-016214.parquet,34523,downloaded,34523,
2026-07-17,NSE,MARUTI,raw_l2/trade_date=2026-07-17/exchange=NSE/symbol=MARUTI/part-054249_171881-016182.parquet,real_data_sample\l2_unseen_validation\trade_date=2026-07-17\exchange=NSE\symbol=MARUTI\part-054249_171881-016182.parquet,34454,downloaded,34454,
2026-07-17,NSE,MARUTI,raw_l2/trade_date=2026-07-17/exchange=NSE/symbol=MARUTI/part-054139_632728-016022.parquet,real_data_sample\l2_unseen_validation\trade_date=2026-07-17\exchange=NSE\symbol=MARUTI\part-054139_632728-016022.parquet,34685,downloaded,34685,
2026-07-17,NSE,MARUTI,raw_l2/trade_date=2026-07-17/exchange=NSE/symbol=MARUTI/part-054645_178948-016726.parquet,real_data_sample\l2_unseen_validation\trade_date=2026-07-17\exchange=NSE\symbol=MARUTI\part-054645_178948-016726.parquet,34583,downloaded,34583,
2026-07-17,NSE,MARUTI,raw_l2/trade_date=2026-07-17/exchange=NSE/symbol=MARUTI/part-054659_066358-016758.parquet,real_data_sample\l2_unseen_validation\trade_date=2026-07-17\exchange=NSE\symbol=MARUTI\part-054659_066358-016758.parquet,34547,downloaded,34547,
2026-07-17,NSE,MARUTI,raw_l2/trade_date=2026-07-17/exchange=NSE/symbol=MARUTI/part-054631_369503-016694.parquet,real_data_sample\l2_unseen_validation\trade_date=2026-07-17\exchange=NSE\symbol=MARUTI\part-054631_369503-016694.parquet,34662,downloaded,34662,
2026-07-17,NSE,MARUTI,raw_l2/trade_date=2026-07-17/exchange=NSE/symbol=MARUTI/part-054207_427182-016086.parquet,real_data_sample\l2_unseen_validation\trade_date=2026-07-17\exchange=NSE\symbol=MARUTI\part-054207_427182-016086.parquet,34425,downloaded,34425,
2026-07-17,NSE,MARUTI,raw_l2/trade_date=2026-07-17/exchange=NSE/symbol=MARUTI/part-054741_382040-016854.parquet,real_data_sample\l2_unseen_validation\trade_date=2026-07-17\exchange=NSE\symbol=MARUTI\part-054741_382040-016854.parquet,34944,downloaded,34944,
2026-07-17,NSE,MARUTI,raw_l2/trade_date=2026-07-17/exchange=NSE/symbol=MARUTI/part-054727_296901-016822.parquet,real_data_sample\l2_unseen_validation\trade_date=2026-07-17\exchange=NSE\symbol=MARUTI\part-054727_296901-016822.parquet,35305,downloaded,35305,
2026-07-17,NSE,MARUTI,raw_l2/trade_date=2026-07-17/exchange=NSE/symbol=MARUTI/part-054852_129304-017014.parquet,real_data_sample\l2_unseen_validation\trade_date=2026-07-17\exchange=NSE\symbol=MARUTI\part-054852_129304-017014.parquet,34661,downloaded,34661,
2026-07-17,NSE,MARUTI,raw_l2/trade_date=2026-07-17/exchange=NSE/symbol=MARUTI/part-054809_495886-016918.parquet,real_data_sample\l2_unseen_validation\trade_date=2026-07-17\exchange=NSE\symbol=MARUTI\part-054809_495886-016918.parquet,35244,downloaded,35244,
2026-07-17,NSE,MARUTI,raw_l2/trade_date=2026-07-17/exchange=NSE/symbol=MARUTI/part-054823_732900-016950.parquet,real_data_sample\l2_unseen_validation\trade_date=2026-07-17\exchange=NSE\symbol=MARUTI\part-054823_732900-016950.parquet,34461,downloaded,34461,
2026-07-17,NSE,MARUTI,raw_l2/trade_date=2026-07-17/exchange=NSE/symbol=MARUTI/part-054906_144810-017046.parquet,real_data_sample\l2_unseen_validation\trade_date=2026-07-17\exchange=NSE\symbol=MARUTI\part-054906_144810-017046.parquet,34684,downloaded,34684,
2026-07-17,NSE,MARUTI,raw_l2/trade_date=2026-07-17/exchange=NSE/symbol=MARUTI/part-054837_919907-016982.parquet,real_data_sample\l2_unseen_validation\trade_date=2026-07-17\exchange=NSE\symbol=MARUTI\part-054837_919907-016982.parquet,34352,downloaded,34352,
2026-07-17,NSE,MARUTI,raw_l2/trade_date=2026-07-17/exchange=NSE/symbol=MARUTI/part-054755_524667-016886.parquet,real_data_sample\l2_unseen_validation\trade_date=2026-07-17\exchange=NSE\symbol=MARUTI\part-054755_524667-016886.parquet,34908,downloaded,34908,
2026-07-17,NSE,MARUTI,raw_l2/trade_date=2026-07-17/exchange=NSE/symbol=MARUTI/part-054058_180353-015926.parquet,real_data_sample\l2_unseen_validation\trade_date=2026-07-17\exchange=NSE\symbol=MARUTI\part-054058_180353-015926.parquet,34430,downloaded,34430,
2026-07-17,NSE,MARUTI,raw_l2/trade_date=2026-07-17/exchange=NSE/symbol=MARUTI/part-054317_149338-016246.parquet,real_data_sample\l2_unseen_validation\trade_date=2026-07-17\exchange=NSE\symbol=MARUTI\part-054317_149338-016246.parquet,34342,downloaded,34342,
2026-07-17,NSE,MARUTI,raw_l2/trade_date=2026-07-17/exchange=NSE/symbol=MARUTI/part-054344_879186-016310.parquet,real_data_sample\l2_unseen_validation\trade_date=2026-07-17\exchange=NSE\symbol=MARUTI\part-054344_879186-016310.parquet,34689,downloaded,34689,
2026-07-17,NSE,MARUTI,raw_l2/trade_date=2026-07-17/exchange=NSE/symbol=MARUTI/part-054934_712619-017110.parquet,real_data_sample\l2_unseen_validation\trade_date=2026-07-17\exchange=NSE\symbol=MARUTI\part-054934_712619-017110.parquet,34711,downloaded,34711,
2026-07-17,NSE,MARUTI,raw_l2/trade_date=2026-07-17/exchange=NSE/symbol=MARUTI/part-055003_672008-017174.parquet,real_data_sample\l2_unseen_validation\trade_date=2026-07-17\exchange=NSE\symbol=MARUTI\part-055003_672008-017174.parquet,34438,downloaded,34438,
2026-07-17,NSE,MARUTI,raw_l2/trade_date=2026-07-17/exchange=NSE/symbol=MARUTI/part-055229_125638-017494.parquet,real_data_sample\l2_unseen_validation\trade_date=2026-07-17\exchange=NSE\symbol=MARUTI\part-055229_125638-017494.parquet,34493,downloaded,34493,
2026-07-17,NSE,MARUTI,raw_l2/trade_date=2026-07-17/exchange=NSE/symbol=MARUTI/part-054948_925666-017142.parquet,real_data_sample\l2_unseen_validation\trade_date=2026-07-17\exchange=NSE\symbol=MARUTI\part-054948_925666-017142.parquet,34598,downloaded,34598,
2026-07-17,NSE,MARUTI,raw_l2/trade_date=2026-07-17/exchange=NSE/symbol=MARUTI/part-055130_832177-017366.parquet,real_data_sample\l2_unseen_validation\trade_date=2026-07-17\exchange=NSE\symbol=MARUTI\part-055130_832177-017366.parquet,34614,downloaded,34614,
2026-07-17,NSE,MARUTI,raw_l2/trade_date=2026-07-17/exchange=NSE/symbol=MARUTI/part-055356_001826-017686.parquet,real_data_sample\l2_unseen_validation\trade_date=2026-07-17\exchange=NSE\symbol=MARUTI\part-055356_001826-017686.parquet,34784,downloaded,34784,
2026-07-17,NSE,MARUTI,raw_l2/trade_date=2026-07-17/exchange=NSE/symbol=MARUTI/part-054920_424692-017078.parquet,real_data_sample\l2_unseen_validation\trade_date=2026-07-17\exchange=NSE\symbol=MARUTI\part-054920_424692-017078.parquet,34769,downloaded,34769,
2026-07-17,NSE,MARUTI,raw_l2/trade_date=2026-07-17/exchange=NSE/symbol=MARUTI/part-055017_908977-017206.parquet,real_data_sample\l2_unseen_validation\trade_date=2026-07-17\exchange=NSE\symbol=MARUTI\part-055017_908977-017206.parquet,34888,downloaded,34888,
2026-07-17,NSE,MARUTI,raw_l2/trade_date=2026-07-17/exchange=NSE/symbol=MARUTI/part-055327_057181-017622.parquet,real_data_sample\l2_unseen_validation\trade_date=2026-07-17\exchange=NSE\symbol=MARUTI\part-055327_057181-017622.parquet,34706,downloaded,34706,
2026-07-17,NSE,MARUTI,raw_l2/trade_date=2026-07-17/exchange=NSE/symbol=MARUTI/part-055200_253962-017430.parquet,real_data_sample\l2_unseen_validation\trade_date=2026-07-17\exchange=NSE\symbol=MARUTI\part-055200_253962-017430.parquet,34494,downloaded,34494,
2026-07-17,NSE,MARUTI,raw_l2/trade_date=2026-07-17/exchange=NSE/symbol=MARUTI/part-055145_455287-017398.parquet,real_data_sample\l2_unseen_validation\trade_date=2026-07-17\exchange=NSE\symbol=MARUTI\part-055145_455287-017398.parquet,34752,downloaded,34752,
2026-07-17,NSE,MARUTI,raw_l2/trade_date=2026-07-17/exchange=NSE/symbol=MARUTI/part-055313_038289-017590.parquet,real_data_sample\l2_unseen_validation\trade_date=2026-07-17\exchange=NSE\symbol=MARUTI\part-055313_038289-017590.parquet,34759,downloaded,34759,
2026-07-17,NSE,MARUTI,raw_l2/trade_date=2026-07-17/exchange=NSE/symbol=MARUTI/part-055244_117724-017526.parquet,real_data_sample\l2_unseen_validation\trade_date=2026-07-17\exchange=NSE\symbol=MARUTI\part-055244_117724-017526.parquet,34567,downloaded,34567,
2026-07-17,NSE,MARUTI,raw_l2/trade_date=2026-07-17/exchange=NSE/symbol=MARUTI/part-055258_661829-017558.parquet,real_data_sample\l2_unseen_validation\trade_date=2026-07-17\exchange=NSE\symbol=MARUTI\part-055258_661829-017558.parquet,34695,downloaded,34695,
2026-07-17,NSE,MARUTI,raw_l2/trade_date=2026-07-17/exchange=NSE/symbol=MARUTI/part-055101_291044-017302.parquet,real_data_sample\l2_unseen_validation\trade_date=2026-07-17\exchange=NSE\symbol=MARUTI\part-055101_291044-017302.parquet,35318,downloaded,35318,
2026-07-17,NSE,MARUTI,raw_l2/trade_date=2026-07-17/exchange=NSE/symbol=MARUTI/part-055115_694980-017334.parquet,real_data_sample\l2_unseen_validation\trade_date=2026-07-17\exchange=NSE\symbol=MARUTI\part-055115_694980-017334.parquet,35192,downloaded,35192,
2026-07-17,NSE,MARUTI,raw_l2/trade_date=2026-07-17/exchange=NSE/symbol=MARUTI/part-055046_684594-017270.parquet,real_data_sample\l2_unseen_validation\trade_date=2026-07-17\exchange=NSE\symbol=MARUTI\part-055046_684594-017270.parquet,35026,downloaded,35026,
2026-07-17,NSE,MARUTI,raw_l2/trade_date=2026-07-17/exchange=NSE/symbol=MARUTI/part-055032_074289-017238.parquet,real_data_sample\l2_unseen_validation\trade_date=2026-07-17\exchange=NSE\symbol=MARUTI\part-055032_074289-017238.parquet,35411,downloaded,35411,
2026-07-17,NSE,MARUTI,raw_l2/trade_date=2026-07-17/exchange=NSE/symbol=MARUTI/part-055214_615480-017462.parquet,real_data_sample\l2_unseen_validation\trade_date=2026-07-17\exchange=NSE\symbol=MARUTI\part-055214_615480-017462.parquet,34418,downloaded,34418,
2026-07-17,NSE,MARUTI,raw_l2/trade_date=2026-07-17/exchange=NSE/symbol=MARUTI/part-055341_655704-017654.parquet,real_data_sample\l2_unseen_validation\trade_date=2026-07-17\exchange=NSE\symbol=MARUTI\part-055341_655704-017654.parquet,34620,downloaded,34620,
2026-07-17,NSE,MARUTI,raw_l2/trade_date=2026-07-17/exchange=NSE/symbol=MARUTI/part-054713_104414-016790.parquet,real_data_sample\l2_unseen_validation\trade_date=2026-07-17\exchange=NSE\symbol=MARUTI\part-054713_104414-016790.parquet,34747,downloaded,34747,
2026-07-17,NSE,MARUTI,raw_l2/trade_date=2026-07-17/exchange=NSE/symbol=MARUTI/part-055410_164450-017718.parquet,real_data_sample\l2_unseen_validation\trade_date=2026-07-17\exchange=NSE\symbol=MARUTI\part-055410_164450-017718.parquet,34694,downloaded,34694,
2026-07-17,NSE,MARUTI,raw_l2/trade_date=2026-07-17/exchange=NSE/symbol=MARUTI/part-055424_237106-017750.parquet,real_data_sample\l2_unseen_validation\trade_date=2026-07-17\exchange=NSE\symbol=MARUTI\part-055424_237106-017750.parquet,35244,downloaded,35244,
2026-07-17,NSE,MARUTI,raw_l2/trade_date=2026-07-17/exchange=NSE/symbol=MARUTI/part-055438_278603-017782.parquet,real_data_sample\l2_unseen_validation\trade_date=2026-07-17\exchange=NSE\symbol=MARUTI\part-055438_278603-017782.parquet,35315,downloaded,35315,
2026-07-17,NSE,MARUTI,raw_l2/trade_date=2026-07-17/exchange=NSE/symbol=MARUTI/part-055520_309805-017878.parquet,real_data_sample\l2_unseen_validation\trade_date=2026-07-17\exchange=NSE\symbol=MARUTI\part-055520_309805-017878.parquet,35365,downloaded,35365,
2026-07-17,NSE,MARUTI,raw_l2/trade_date=2026-07-17/exchange=NSE/symbol=MARUTI/part-055534_341908-017910.parquet,real_data_sample\l2_unseen_validation\trade_date=2026-07-17\exchange=NSE\symbol=MARUTI\part-055534_341908-017910.parquet,35331,downloaded,35331,
2026-07-17,NSE,MARUTI,raw_l2/trade_date=2026-07-17/exchange=NSE/symbol=MARUTI/part-055548_285351-017942.parquet,real_data_sample\l2_unseen_validation\trade_date=2026-07-17\exchange=NSE\symbol=MARUTI\part-055548_285351-017942.parquet,35235,downloaded,35235,
2026-07-17,NSE,MARUTI,raw_l2/trade_date=2026-07-17/exchange=NSE/symbol=MARUTI/part-055506_412796-017846.parquet,real_data_sample\l2_unseen_validation\trade_date=2026-07-17\exchange=NSE\symbol=MARUTI\part-055506_412796-017846.parquet,35318,downloaded,35318,
2026-07-17,NSE,MARUTI,raw_l2/trade_date=2026-07-17/exchange=NSE/symbol=MARUTI/part-055452_276756-017814.parquet,real_data_sample\l2_unseen_validation\trade_date=2026-07-17\exchange=NSE\symbol=MARUTI\part-055452_276756-017814.parquet,35307,downloaded,35307,
2026-07-17,NSE,MARUTI,raw_l2/trade_date=2026-07-17/exchange=NSE/symbol=MARUTI/part-055644_811074-018070.parquet,real_data_sample\l2_unseen_validation\trade_date=2026-07-17\exchange=NSE\symbol=MARUTI\part-055644_811074-018070.parquet,34628,downloaded,34628,
2026-07-17,NSE,MARUTI,raw_l2/trade_date=2026-07-17/exchange=NSE/symbol=MARUTI/part-055726_916140-018166.parquet,real_data_sample\l2_unseen_validation\trade_date=2026-07-17\exchange=NSE\symbol=MARUTI\part-055726_916140-018166.parquet,34622,downloaded,34622,
2026-07-17,NSE,MARUTI,raw_l2/trade_date=2026-07-17/exchange=NSE/symbol=MARUTI/part-055712_873480-018134.parquet,real_data_sample\l2_unseen_validation\trade_date=2026-07-17\exchange=NSE\symbol=MARUTI\part-055712_873480-018134.parquet,34622,downloaded,34622,
2026-07-17,NSE,MARUTI,raw_l2/trade_date=2026-07-17/exchange=NSE/symbol=MARUTI/part-055658_841120-018102.parquet,real_data_sample\l2_unseen_validation\trade_date=2026-07-17\exchange=NSE\symbol=MARUTI\part-055658_841120-018102.parquet,34565,downloaded,34565,
2026-07-17,NSE,MARUTI,raw_l2/trade_date=2026-07-17/exchange=NSE/symbol=MARUTI/part-055851_720786-018358.parquet,real_data_sample\l2_unseen_validation\trade_date=2026-07-17\exchange=NSE\symbol=MARUTI\part-055851_720786-018358.parquet,34617,downloaded,34617,
2026-07-17,NSE,MARUTI,raw_l2/trade_date=2026-07-17/exchange=NSE/symbol=MARUTI/part-055837_417502-018326.parquet,real_data_sample\l2_unseen_validation\trade_date=2026-07-17\exchange=NSE\symbol=MARUTI\part-055837_417502-018326.parquet,34746,downloaded,34746,
2026-07-17,NSE,MARUTI,raw_l2/trade_date=2026-07-17/exchange=NSE/symbol=MARUTI/part-055809_075367-018262.parquet,real_data_sample\l2_unseen_validation\trade_date=2026-07-17\exchange=NSE\symbol=MARUTI\part-055809_075367-018262.parquet,34491,downloaded,34491,
2026-07-17,NSE,MARUTI,raw_l2/trade_date=2026-07-17/exchange=NSE/symbol=MARUTI/part-055755_111981-018230.parquet,real_data_sample\l2_unseen_validation\trade_date=2026-07-17\exchange=NSE\symbol=MARUTI\part-055755_111981-018230.parquet,34563,downloaded,34563,
2026-07-17,NSE,MARUTI,raw_l2/trade_date=2026-07-17/exchange=NSE/symbol=MARUTI/part-055741_104612-018198.parquet,real_data_sample\l2_unseen_validation\trade_date=2026-07-17\exchange=NSE\symbol=MARUTI\part-055741_104612-018198.parquet,34594,downloaded,34594,
2026-07-17,NSE,MARUTI,raw_l2/trade_date=2026-07-17/exchange=NSE/symbol=MARUTI/part-055823_156810-018294.parquet,real_data_sample\l2_unseen_validation\trade_date=2026-07-17\exchange=NSE\symbol=MARUTI\part-055823_156810-018294.parquet,34824,downloaded,34824,
2026-07-17,NSE,MARUTI,raw_l2/trade_date=2026-07-17/exchange=NSE/symbol=MARUTI/part-055919_892812-018422.parquet,real_data_sample\l2_unseen_validation\trade_date=2026-07-17\exchange=NSE\symbol=MARUTI\part-055919_892812-018422.parquet,34679,downloaded,34679,
2026-07-17,NSE,MARUTI,raw_l2/trade_date=2026-07-17/exchange=NSE/symbol=MARUTI/part-060002_942522-018518.parquet,real_data_sample\l2_unseen_validation\trade_date=2026-07-17\exchange=NSE\symbol=MARUTI\part-060002_942522-018518.parquet,34745,downloaded,34745,
2026-07-17,NSE,MARUTI,raw_l2/trade_date=2026-07-17/exchange=NSE/symbol=MARUTI/part-055934_071824-018454.parquet,real_data_sample\l2_unseen_validation\trade_date=2026-07-17\exchange=NSE\symbol=MARUTI\part-055934_071824-018454.parquet,34418,downloaded,34418,
2026-07-17,NSE,MARUTI,raw_l2/trade_date=2026-07-17/exchange=NSE/symbol=MARUTI/part-060045_432054-018614.parquet,real_data_sample\l2_unseen_validation\trade_date=2026-07-17\exchange=NSE\symbol=MARUTI\part-060045_432054-018614.parquet,35310,downloaded,35310,
2026-07-17,NSE,MARUTI,raw_l2/trade_date=2026-07-17/exchange=NSE/symbol=MARUTI/part-060031_208813-018582.parquet,real_data_sample\l2_unseen_validation\trade_date=2026-07-17\exchange=NSE\symbol=MARUTI\part-060031_208813-018582.parquet,35616,downloaded,35616,
2026-07-17,NSE,MARUTI,raw_l2/trade_date=2026-07-17/exchange=NSE/symbol=MARUTI/part-055905_854145-018390.parquet,real_data_sample\l2_unseen_validation\trade_date=2026-07-17\exchange=NSE\symbol=MARUTI\part-055905_854145-018390.parquet,34665,downloaded,34665,
2026-07-17,NSE,MARUTI,raw_l2/trade_date=2026-07-17/exchange=NSE/symbol=MARUTI/part-060017_111619-018550.parquet,real_data_sample\l2_unseen_validation\trade_date=2026-07-17\exchange=NSE\symbol=MARUTI\part-060017_111619-018550.parquet,34927,downloaded,34927,
2026-07-17,NSE,MARUTI,raw_l2/trade_date=2026-07-17/exchange=NSE/symbol=MARUTI/part-060059_714402-018646.parquet,real_data_sample\l2_unseen_validation\trade_date=2026-07-17\exchange=NSE\symbol=MARUTI\part-060059_714402-018646.parquet,35764,downloaded,35764,
2026-07-17,NSE,MARUTI,raw_l2/trade_date=2026-07-17/exchange=NSE/symbol=MARUTI/part-055948_254448-018486.parquet,real_data_sample\l2_unseen_validation\trade_date=2026-07-17\exchange=NSE\symbol=MARUTI\part-055948_254448-018486.parquet,34650,downloaded,34650,
2026-07-17,NSE,MARUTI,raw_l2/trade_date=2026-07-17/exchange=NSE/symbol=MARUTI/part-060113_844328-018678.parquet,real_data_sample\l2_unseen_validation\trade_date=2026-07-17\exchange=NSE\symbol=MARUTI\part-060113_844328-018678.parquet,35355,downloaded,35355,
2026-07-17,NSE,MARUTI,raw_l2/trade_date=2026-07-17/exchange=NSE/symbol=MARUTI/part-060141_989094-018742.parquet,real_data_sample\l2_unseen_validation\trade_date=2026-07-17\exchange=NSE\symbol=MARUTI\part-060141_989094-018742.parquet,35522,downloaded,35522,
2026-07-17,NSE,MARUTI,raw_l2/trade_date=2026-07-17/exchange=NSE/symbol=MARUTI/part-060156_050021-018774.parquet,real_data_sample\l2_unseen_validation\trade_date=2026-07-17\exchange=NSE\symbol=MARUTI\part-060156_050021-018774.parquet,35333,downloaded,35333,
2026-07-17,NSE,MARUTI,raw_l2/trade_date=2026-07-17/exchange=NSE/symbol=MARUTI/part-060238_356956-018870.parquet,real_data_sample\l2_unseen_validation\trade_date=2026-07-17\exchange=NSE\symbol=MARUTI\part-060238_356956-018870.parquet,34621,downloaded,34621,
2026-07-17,NSE,MARUTI,raw_l2/trade_date=2026-07-17/exchange=NSE/symbol=MARUTI/part-060210_175446-018806.parquet,real_data_sample\l2_unseen_validation\trade_date=2026-07-17\exchange=NSE\symbol=MARUTI\part-060210_175446-018806.parquet,35025,downloaded,35025,
2026-07-17,NSE,MARUTI,raw_l2/trade_date=2026-07-17/exchange=NSE/symbol=MARUTI/part-060224_363738-018838.parquet,real_data_sample\l2_unseen_validation\trade_date=2026-07-17\exchange=NSE\symbol=MARUTI\part-060224_363738-018838.parquet,34924,downloaded,34924,
2026-07-17,NSE,MARUTI,raw_l2/trade_date=2026-07-17/exchange=NSE/symbol=MARUTI/part-060252_430251-018902.parquet,real_data_sample\l2_unseen_validation\trade_date=2026-07-17\exchange=NSE\symbol=MARUTI\part-060252_430251-018902.parquet,34547,downloaded,34547,
2026-07-17,NSE,MARUTI,raw_l2/trade_date=2026-07-17/exchange=NSE/symbol=MARUTI/part-060306_557061-018934.parquet,real_data_sample\l2_unseen_validation\trade_date=2026-07-17\exchange=NSE\symbol=MARUTI\part-060306_557061-018934.parquet,34580,downloaded,34580,
2026-07-17,NSE,MARUTI,raw_l2/trade_date=2026-07-17/exchange=NSE/symbol=MARUTI/part-060320_627681-018966.parquet,real_data_sample\l2_unseen_validation\trade_date=2026-07-17\exchange=NSE\symbol=MARUTI\part-060320_627681-018966.parquet,34696,downloaded,34696,
2026-07-17,NSE,MARUTI,raw_l2/trade_date=2026-07-17/exchange=NSE/symbol=MARUTI/part-055630_619455-018038.parquet,real_data_sample\l2_unseen_validation\trade_date=2026-07-17\exchange=NSE\symbol=MARUTI\part-055630_619455-018038.parquet,34623,downloaded,34623,
2026-07-17,NSE,MARUTI,raw_l2/trade_date=2026-07-17/exchange=NSE/symbol=MARUTI/part-060402_512278-019062.parquet,real_data_sample\l2_unseen_validation\trade_date=2026-07-17\exchange=NSE\symbol=MARUTI\part-060402_512278-019062.parquet,34780,downloaded,34780,
2026-07-17,NSE,MARUTI,raw_l2/trade_date=2026-07-17/exchange=NSE/symbol=MARUTI/part-060348_564970-019030.parquet,real_data_sample\l2_unseen_validation\trade_date=2026-07-17\exchange=NSE\symbol=MARUTI\part-060348_564970-019030.parquet,34714,downloaded,34714,
2026-07-17,NSE,MARUTI,raw_l2/trade_date=2026-07-17/exchange=NSE/symbol=MARUTI/part-060459_242340-019190.parquet,real_data_sample\l2_unseen_validation\trade_date=2026-07-17\exchange=NSE\symbol=MARUTI\part-060459_242340-019190.parquet,35195,downloaded,35195,
2026-07-17,NSE,MARUTI,raw_l2/trade_date=2026-07-17/exchange=NSE/symbol=MARUTI/part-060416_626735-019094.parquet,real_data_sample\l2_unseen_validation\trade_date=2026-07-17\exchange=NSE\symbol=MARUTI\part-060416_626735-019094.parquet,34826,downloaded,34826,
2026-07-17,NSE,MARUTI,raw_l2/trade_date=2026-07-17/exchange=NSE/symbol=MARUTI/part-060445_331817-019158.parquet,real_data_sample\l2_unseen_validation\trade_date=2026-07-17\exchange=NSE\symbol=MARUTI\part-060445_331817-019158.parquet,35288,downloaded,35288,
2026-07-17,NSE,MARUTI,raw_l2/trade_date=2026-07-17/exchange=NSE/symbol=MARUTI/part-060431_044657-019126.parquet,real_data_sample\l2_unseen_validation\trade_date=2026-07-17\exchange=NSE\symbol=MARUTI\part-060431_044657-019126.parquet,35314,downloaded,35314,
2026-07-17,NSE,MARUTI,raw_l2/trade_date=2026-07-17/exchange=NSE/symbol=MARUTI/part-060541_566570-019286.parquet,real_data_sample\l2_unseen_validation\trade_date=2026-07-17\exchange=NSE\symbol=MARUTI\part-060541_566570-019286.parquet,35561,downloaded,35561,
2026-07-17,NSE,MARUTI,raw_l2/trade_date=2026-07-17/exchange=NSE/symbol=MARUTI/part-060555_532321-019318.parquet,real_data_sample\l2_unseen_validation\trade_date=2026-07-17\exchange=NSE\symbol=MARUTI\part-060555_532321-019318.parquet,35287,downloaded,35287,
2026-07-17,NSE,MARUTI,raw_l2/trade_date=2026-07-17/exchange=NSE/symbol=MARUTI/part-060513_317228-019222.parquet,real_data_sample\l2_unseen_validation\trade_date=2026-07-17\exchange=NSE\symbol=MARUTI\part-060513_317228-019222.parquet,35534,downloaded,35534,
2026-07-17,NSE,MARUTI,raw_l2/trade_date=2026-07-17/exchange=NSE/symbol=MARUTI/part-060527_409884-019254.parquet,real_data_sample\l2_unseen_validation\trade_date=2026-07-17\exchange=NSE\symbol=MARUTI\part-060527_409884-019254.parquet,35228,downloaded,35228,
2026-07-17,NSE,MARUTI,raw_l2/trade_date=2026-07-17/exchange=NSE/symbol=MARUTI/part-060334_610337-018998.parquet,real_data_sample\l2_unseen_validation\trade_date=2026-07-17\exchange=NSE\symbol=MARUTI\part-060334_610337-018998.parquet,34515,downloaded,34515,
2026-07-17,NSE,MARUTI,raw_l2/trade_date=2026-07-17/exchange=NSE/symbol=MARUTI/part-055602_533796-017974.parquet,real_data_sample\l2_unseen_validation\trade_date=2026-07-17\exchange=NSE\symbol=MARUTI\part-055602_533796-017974.parquet,35130,downloaded,35130,
2026-07-17,NSE,MARUTI,raw_l2/trade_date=2026-07-17/exchange=NSE/symbol=MARUTI/part-060609_461049-019350.parquet,real_data_sample\l2_unseen_validation\trade_date=2026-07-17\exchange=NSE\symbol=MARUTI\part-060609_461049-019350.parquet,35496,downloaded,35496,
2026-07-17,NSE,MARUTI,raw_l2/trade_date=2026-07-17/exchange=NSE/symbol=MARUTI/part-060623_265072-019382.parquet,real_data_sample\l2_unseen_validation\trade_date=2026-07-17\exchange=NSE\symbol=MARUTI\part-060623_265072-019382.parquet,35390,downloaded,35390,
2026-07-17,NSE,MARUTI,raw_l2/trade_date=2026-07-17/exchange=NSE/symbol=MARUTI/part-060637_270332-019414.parquet,real_data_sample\l2_unseen_validation\trade_date=2026-07-17\exchange=NSE\symbol=MARUTI\part-060637_270332-019414.parquet,35333,downloaded,35333,
2026-07-17,NSE,MARUTI,raw_l2/trade_date=2026-07-17/exchange=NSE/symbol=MARUTI/part-060127_829701-018710.parquet,real_data_sample\l2_unseen_validation\trade_date=2026-07-17\exchange=NSE\symbol=MARUTI\part-060127_829701-018710.parquet,35503,downloaded,35503,
2026-07-17,NSE,MARUTI,raw_l2/trade_date=2026-07-17/exchange=NSE/symbol=MARUTI/part-060748_449409-019574.parquet,real_data_sample\l2_unseen_validation\trade_date=2026-07-17\exchange=NSE\symbol=MARUTI\part-060748_449409-019574.parquet,34404,downloaded,34404,
2026-07-17,NSE,MARUTI,raw_l2/trade_date=2026-07-17/exchange=NSE/symbol=MARUTI/part-060719_618682-019510.parquet,real_data_sample\l2_unseen_validation\trade_date=2026-07-17\exchange=NSE\symbol=MARUTI\part-060719_618682-019510.parquet,34894,downloaded,34894,
2026-07-17,NSE,MARUTI,raw_l2/trade_date=2026-07-17/exchange=NSE/symbol=MARUTI/part-060651_523850-019446.parquet,real_data_sample\l2_unseen_validation\trade_date=2026-07-17\exchange=NSE\symbol=MARUTI\part-060651_523850-019446.parquet,35568,downloaded,35568,
2026-07-17,NSE,MARUTI,raw_l2/trade_date=2026-07-17/exchange=NSE/symbol=MARUTI/part-060833_339046-019670.parquet,real_data_sample\l2_unseen_validation\trade_date=2026-07-17\exchange=NSE\symbol=MARUTI\part-060833_339046-019670.parquet,34643,downloaded,34643,
2026-07-17,NSE,MARUTI,raw_l2/trade_date=2026-07-17/exchange=NSE/symbol=MARUTI/part-060705_517249-019478.parquet,real_data_sample\l2_unseen_validation\trade_date=2026-07-17\exchange=NSE\symbol=MARUTI\part-060705_517249-019478.parquet,35196,downloaded,35196,
2026-07-17,NSE,MARUTI,raw_l2/trade_date=2026-07-17/exchange=NSE/symbol=MARUTI/part-060733_888345-019542.parquet,real_data_sample\l2_unseen_validation\trade_date=2026-07-17\exchange=NSE\symbol=MARUTI\part-060733_888345-019542.parquet,34491,downloaded,34491,
2026-07-17,NSE,MARUTI,raw_l2/trade_date=2026-07-17/exchange=NSE/symbol=MARUTI/part-060818_834806-019638.parquet,real_data_sample\l2_unseen_validation\trade_date=2026-07-17\exchange=NSE\symbol=MARUTI\part-060818_834806-019638.parquet,34607,downloaded,34607,
2026-07-17,NSE,MARUTI,raw_l2/trade_date=2026-07-17/exchange=NSE/symbol=MARUTI/part-060804_222460-019606.parquet,real_data_sample\l2_unseen_validation\trade_date=2026-07-17\exchange=NSE\symbol=MARUTI\part-060804_222460-019606.parquet,34545,downloaded,34545,
2026-07-17,NSE,MARUTI,raw_l2/trade_date=2026-07-17/exchange=NSE/symbol=MARUTI/part-055616_553204-018006.parquet,real_data_sample\l2_unseen_validation\trade_date=2026-07-17\exchange=NSE\symbol=MARUTI\part-055616_553204-018006.parquet,34959,downloaded,34959,
2026-07-17,NSE,MARUTI,raw_l2/trade_date=2026-07-17/exchange=NSE/symbol=MARUTI/part-060901_903197-019734.parquet,real_data_sample\l2_unseen_validation\trade_date=2026-07-17\exchange=NSE\symbol=MARUTI\part-060901_903197-019734.parquet,34733,downloaded,34733,
2026-07-17,NSE,MARUTI,raw_l2/trade_date=2026-07-17/exchange=NSE/symbol=MARUTI/part-060847_608163-019702.parquet,real_data_sample\l2_unseen_validation\trade_date=2026-07-17\exchange=NSE\symbol=MARUTI\part-060847_608163-019702.parquet,34601,downloaded,34601,
2026-07-17,NSE,MARUTI,raw_l2/trade_date=2026-07-17/exchange=NSE/symbol=MARUTI/part-060915_863197-019766.parquet,real_data_sample\l2_unseen_validation\trade_date=2026-07-17\exchange=NSE\symbol=MARUTI\part-060915_863197-019766.parquet,34498,downloaded,34498,
2026-07-17,NSE,MARUTI,raw_l2/trade_date=2026-07-17/exchange=NSE/symbol=MARUTI/part-060944_781070-019830.parquet,real_data_sample\l2_unseen_validation\trade_date=2026-07-17\exchange=NSE\symbol=MARUTI\part-060944_781070-019830.parquet,34689,downloaded,34689,
2026-07-17,NSE,MARUTI,raw_l2/trade_date=2026-07-17/exchange=NSE/symbol=MARUTI/part-060959_091916-019862.parquet,real_data_sample\l2_unseen_validation\trade_date=2026-07-17\exchange=NSE\symbol=MARUTI\part-060959_091916-019862.parquet,34575,downloaded,34575,
2026-07-17,NSE,MARUTI,raw_l2/trade_date=2026-07-17/exchange=NSE/symbol=MARUTI/part-060930_500854-019798.parquet,real_data_sample\l2_unseen_validation\trade_date=2026-07-17\exchange=NSE\symbol=MARUTI\part-060930_500854-019798.parquet,34710,downloaded,34710,
2026-07-17,NSE,MARUTI,raw_l2/trade_date=2026-07-17/exchange=NSE/symbol=MARUTI/part-061027_706581-019926.parquet,real_data_sample\l2_unseen_validation\trade_date=2026-07-17\exchange=NSE\symbol=MARUTI\part-061027_706581-019926.parquet,35173,downloaded,35173,
2026-07-17,NSE,MARUTI,raw_l2/trade_date=2026-07-17/exchange=NSE/symbol=MARUTI/part-061056_469634-019990.parquet,real_data_sample\l2_unseen_validation\trade_date=2026-07-17\exchange=NSE\symbol=MARUTI\part-061056_469634-019990.parquet,35132,downloaded,35132,
2026-07-17,NSE,MARUTI,raw_l2/trade_date=2026-07-17/exchange=NSE/symbol=MARUTI/part-061251_814287-020246.parquet,real_data_sample\l2_unseen_validation\trade_date=2026-07-17\exchange=NSE\symbol=MARUTI\part-061251_814287-020246.parquet,34588,downloaded,34588,
2026-07-17,NSE,MARUTI,raw_l2/trade_date=2026-07-17/exchange=NSE/symbol=MARUTI/part-061041_946428-019958.parquet,real_data_sample\l2_unseen_validation\trade_date=2026-07-17\exchange=NSE\symbol=MARUTI\part-061041_946428-019958.parquet,35584,downloaded,35584,
2026-07-17,NSE,MARUTI,raw_l2/trade_date=2026-07-17/exchange=NSE/symbol=MARUTI/part-061110_863986-020022.parquet,real_data_sample\l2_unseen_validation\trade_date=2026-07-17\exchange=NSE\symbol=MARUTI\part-061110_863986-020022.parquet,35356,downloaded,35356,
2026-07-17,NSE,MARUTI,raw_l2/trade_date=2026-07-17/exchange=NSE/symbol=MARUTI/part-061154_152687-020118.parquet,real_data_sample\l2_unseen_validation\trade_date=2026-07-17\exchange=NSE\symbol=MARUTI\part-061154_152687-020118.parquet,35486,downloaded,35486,
2026-07-17,NSE,MARUTI,raw_l2/trade_date=2026-07-17/exchange=NSE/symbol=MARUTI/part-061208_427078-020150.parquet,real_data_sample\l2_unseen_validation\trade_date=2026-07-17\exchange=NSE\symbol=MARUTI\part-061208_427078-020150.parquet,35065,downloaded,35065,
2026-07-17,NSE,MARUTI,raw_l2/trade_date=2026-07-17/exchange=NSE/symbol=MARUTI/part-061223_002909-020182.parquet,real_data_sample\l2_unseen_validation\trade_date=2026-07-17\exchange=NSE\symbol=MARUTI\part-061223_002909-020182.parquet,34836,downloaded,34836,
2026-07-17,NSE,MARUTI,raw_l2/trade_date=2026-07-17/exchange=NSE/symbol=MARUTI/part-061237_479181-020214.parquet,real_data_sample\l2_unseen_validation\trade_date=2026-07-17\exchange=NSE\symbol=MARUTI\part-061237_479181-020214.parquet,34642,downloaded,34642,
2026-07-17,NSE,MARUTI,raw_l2/trade_date=2026-07-17/exchange=NSE/symbol=MARUTI/part-061125_314598-020054.parquet,real_data_sample\l2_unseen_validation\trade_date=2026-07-17\exchange=NSE\symbol=MARUTI\part-061125_314598-020054.parquet,35249,downloaded,35249,
2026-07-17,NSE,MARUTI,raw_l2/trade_date=2026-07-17/exchange=NSE/symbol=MARUTI/part-061139_607593-020086.parquet,real_data_sample\l2_unseen_validation\trade_date=2026-07-17\exchange=NSE\symbol=MARUTI\part-061139_607593-020086.parquet,35205,downloaded,35205,
2026-07-17,NSE,MARUTI,raw_l2/trade_date=2026-07-17/exchange=NSE/symbol=MARUTI/part-061320_777457-020310.parquet,real_data_sample\l2_unseen_validation\trade_date=2026-07-17\exchange=NSE\symbol=MARUTI\part-061320_777457-020310.parquet,34635,downloaded,34635,
2026-07-17,NSE,MARUTI,raw_l2/trade_date=2026-07-17/exchange=NSE/symbol=MARUTI/part-061335_092469-020342.parquet,real_data_sample\l2_unseen_validation\trade_date=2026-07-17\exchange=NSE\symbol=MARUTI\part-061335_092469-020342.parquet,34574,downloaded,34574,
2026-07-17,NSE,MARUTI,raw_l2/trade_date=2026-07-17/exchange=NSE/symbol=MARUTI/part-061349_410702-020374.parquet,real_data_sample\l2_unseen_validation\trade_date=2026-07-17\exchange=NSE\symbol=MARUTI\part-061349_410702-020374.parquet,34634,downloaded,34634,
2026-07-17,NSE,MARUTI,raw_l2/trade_date=2026-07-17/exchange=NSE/symbol=MARUTI/part-061432_408788-020470.parquet,real_data_sample\l2_unseen_validation\trade_date=2026-07-17\exchange=NSE\symbol=MARUTI\part-061432_408788-020470.parquet,35297,downloaded,35297,
2026-07-17,NSE,MARUTI,raw_l2/trade_date=2026-07-17/exchange=NSE/symbol=MARUTI/part-061501_028803-020534.parquet,real_data_sample\l2_unseen_validation\trade_date=2026-07-17\exchange=NSE\symbol=MARUTI\part-061501_028803-020534.parquet,34883,downloaded,34883,
2026-07-17,NSE,MARUTI,raw_l2/trade_date=2026-07-17/exchange=NSE/symbol=MARUTI/part-061418_024497-020438.parquet,real_data_sample\l2_unseen_validation\trade_date=2026-07-17\exchange=NSE\symbol=MARUTI\part-061418_024497-020438.parquet,35072,downloaded,35072,
2026-07-17,NSE,MARUTI,raw_l2/trade_date=2026-07-17/exchange=NSE/symbol=MARUTI/part-061446_606692-020502.parquet,real_data_sample\l2_unseen_validation\trade_date=2026-07-17\exchange=NSE\symbol=MARUTI\part-061446_606692-020502.parquet,35159,downloaded,35159,
2026-07-17,NSE,MARUTI,raw_l2/trade_date=2026-07-17/exchange=NSE/symbol=MARUTI/part-061544_194525-020630.parquet,real_data_sample\l2_unseen_validation\trade_date=2026-07-17\exchange=NSE\symbol=MARUTI\part-061544_194525-020630.parquet,34747,downloaded,34747,
2026-07-17,NSE,MARUTI,raw_l2/trade_date=2026-07-17/exchange=NSE/symbol=MARUTI/part-061515_475748-020566.parquet,real_data_sample\l2_unseen_validation\trade_date=2026-07-17\exchange=NSE\symbol=MARUTI\part-061515_475748-020566.parquet,35062,downloaded,35062,
2026-07-17,NSE,MARUTI,raw_l2/trade_date=2026-07-17/exchange=NSE/symbol=MARUTI/part-061558_770602-020662.parquet,real_data_sample\l2_unseen_validation\trade_date=2026-07-17\exchange=NSE\symbol=MARUTI\part-061558_770602-020662.parquet,34602,downloaded,34602,
2026-07-17,NSE,MARUTI,raw_l2/trade_date=2026-07-17/exchange=NSE/symbol=MARUTI/part-061530_011559-020598.parquet,real_data_sample\l2_unseen_validation\trade_date=2026-07-17\exchange=NSE\symbol=MARUTI\part-061530_011559-020598.parquet,34543,downloaded,34543,
2026-07-17,NSE,MARUTI,raw_l2/trade_date=2026-07-17/exchange=NSE/symbol=MARUTI/part-061628_933269-020726.parquet,real_data_sample\l2_unseen_validation\trade_date=2026-07-17\exchange=NSE\symbol=MARUTI\part-061628_933269-020726.parquet,35472,downloaded,35472,
2026-07-17,NSE,MARUTI,raw_l2/trade_date=2026-07-17/exchange=NSE/symbol=MARUTI/part-061643_037175-020758.parquet,real_data_sample\l2_unseen_validation\trade_date=2026-07-17\exchange=NSE\symbol=MARUTI\part-061643_037175-020758.parquet,35365,downloaded,35365,
2026-07-17,NSE,MARUTI,raw_l2/trade_date=2026-07-17/exchange=NSE/symbol=MARUTI/part-061657_114321-020790.parquet,real_data_sample\l2_unseen_validation\trade_date=2026-07-17\exchange=NSE\symbol=MARUTI\part-061657_114321-020790.parquet,35278,downloaded,35278,
2026-07-17,NSE,MARUTI,raw_l2/trade_date=2026-07-17/exchange=NSE/symbol=MARUTI/part-061403_724168-020406.parquet,real_data_sample\l2_unseen_validation\trade_date=2026-07-17\exchange=NSE\symbol=MARUTI\part-061403_724168-020406.parquet,34543,downloaded,34543,
2026-07-17,NSE,MARUTI,raw_l2/trade_date=2026-07-17/exchange=NSE/symbol=MARUTI/part-061614_024408-020694.parquet,real_data_sample\l2_unseen_validation\trade_date=2026-07-17\exchange=NSE\symbol=MARUTI\part-061614_024408-020694.parquet,34764,downloaded,34764,
2026-07-17,NSE,MARUTI,raw_l2/trade_date=2026-07-17/exchange=NSE/symbol=MARUTI/part-061725_540721-020854.parquet,real_data_sample\l2_unseen_validation\trade_date=2026-07-17\exchange=NSE\symbol=MARUTI\part-061725_540721-020854.parquet,35268,downloaded,35268,
2026-07-17,NSE,MARUTI,raw_l2/trade_date=2026-07-17/exchange=NSE/symbol=MARUTI/part-061013_386316-019894.parquet,real_data_sample\l2_unseen_validation\trade_date=2026-07-17\exchange=NSE\symbol=MARUTI\part-061013_386316-019894.parquet,34658,downloaded,34658,
2026-07-17,NSE,MARUTI,raw_l2/trade_date=2026-07-17/exchange=NSE/symbol=MARUTI/part-062212_060105-021494.parquet,real_data_sample\l2_unseen_validation\trade_date=2026-07-17\exchange=NSE\symbol=MARUTI\part-062212_060105-021494.parquet,34863,downloaded,34863,
2026-07-17,NSE,MARUTI,raw_l2/trade_date=2026-07-17/exchange=NSE/symbol=MARUTI/part-062129_598242-021398.parquet,real_data_sample\l2_unseen_validation\trade_date=2026-07-17\exchange=NSE\symbol=MARUTI\part-062129_598242-021398.parquet,34543,downloaded,34543,
2026-07-17,NSE,MARUTI,raw_l2/trade_date=2026-07-17/exchange=NSE/symbol=MARUTI/part-061711_414424-020822.parquet,real_data_sample\l2_unseen_validation\trade_date=2026-07-17\exchange=NSE\symbol=MARUTI\part-061711_414424-020822.parquet,35374,downloaded,35374,
2026-07-17,NSE,MARUTI,raw_l2/trade_date=2026-07-17/exchange=NSE/symbol=MARUTI/part-062115_487640-021366.parquet,real_data_sample\l2_unseen_validation\trade_date=2026-07-17\exchange=NSE\symbol=MARUTI\part-062115_487640-021366.parquet,34729,downloaded,34729,
2026-07-17,NSE,MARUTI,raw_l2/trade_date=2026-07-17/exchange=NSE/symbol=MARUTI/part-062323_648055-021654.parquet,real_data_sample\l2_unseen_validation\trade_date=2026-07-17\exchange=NSE\symbol=MARUTI\part-062323_648055-021654.parquet,34467,downloaded,34467,
2026-07-17,NSE,MARUTI,raw_l2/trade_date=2026-07-17/exchange=NSE/symbol=MARUTI/part-061739_544003-020886.parquet,real_data_sample\l2_unseen_validation\trade_date=2026-07-17\exchange=NSE\symbol=MARUTI\part-061739_544003-020886.parquet,35239,downloaded,35239,
2026-07-17,NSE,MARUTI,raw_l2/trade_date=2026-07-17/exchange=NSE/symbol=MARUTI/part-062143_503563-021430.parquet,real_data_sample\l2_unseen_validation\trade_date=2026-07-17\exchange=NSE\symbol=MARUTI\part-062143_503563-021430.parquet,34594,downloaded,34594,
2026-07-17,NSE,MARUTI,raw_l2/trade_date=2026-07-17/exchange=NSE/symbol=MARUTI/part-062309_351776-021622.parquet,real_data_sample\l2_unseen_validation\trade_date=2026-07-17\exchange=NSE\symbol=MARUTI\part-062309_351776-021622.parquet,34321,downloaded,34321,
2026-07-17,NSE,MARUTI,raw_l2/trade_date=2026-07-17/exchange=NSE/symbol=MARUTI/part-061822_970209-020982.parquet,real_data_sample\l2_unseen_validation\trade_date=2026-07-17\exchange=NSE\symbol=MARUTI\part-061822_970209-020982.parquet,34549,downloaded,34549,
2026-07-17,NSE,MARUTI,raw_l2/trade_date=2026-07-17/exchange=NSE/symbol=MARUTI/part-062157_776559-021462.parquet,real_data_sample\l2_unseen_validation\trade_date=2026-07-17\exchange=NSE\symbol=MARUTI\part-062157_776559-021462.parquet,34390,downloaded,34390,
2026-07-17,NSE,MARUTI,raw_l2/trade_date=2026-07-17/exchange=NSE/symbol=MARUTI/part-061808_886623-020950.parquet,real_data_sample\l2_unseen_validation\trade_date=2026-07-17\exchange=NSE\symbol=MARUTI\part-061808_886623-020950.parquet,35107,downloaded,35107,
2026-07-17,NSE,MARUTI,raw_l2/trade_date=2026-07-17/exchange=NSE/symbol=MARUTI/part-062031_815457-021270.parquet,real_data_sample\l2_unseen_validation\trade_date=2026-07-17\exchange=NSE\symbol=MARUTI\part-062031_815457-021270.parquet,35054,downloaded,35054,
2026-07-17,NSE,MARUTI,raw_l2/trade_date=2026-07-17/exchange=NSE/symbol=MARUTI/part-062101_009835-021334.parquet,real_data_sample\l2_unseen_validation\trade_date=2026-07-17\exchange=NSE\symbol=MARUTI\part-062101_009835-021334.parquet,35267,downloaded,35267,
2026-07-17,NSE,MARUTI,raw_l2/trade_date=2026-07-17/exchange=NSE/symbol=MARUTI/part-062337_872651-021686.parquet,real_data_sample\l2_unseen_validation\trade_date=2026-07-17\exchange=NSE\symbol=MARUTI\part-062337_872651-021686.parquet,34613,downloaded,34613,
2026-07-17,NSE,MARUTI,raw_l2/trade_date=2026-07-17/exchange=NSE/symbol=MARUTI/part-061754_168662-020918.parquet,real_data_sample\l2_unseen_validation\trade_date=2026-07-17\exchange=NSE\symbol=MARUTI\part-061754_168662-020918.parquet,35080,downloaded,35080,
2026-07-17,NSE,MARUTI,raw_l2/trade_date=2026-07-17/exchange=NSE/symbol=MARUTI/part-061837_825393-021014.parquet,real_data_sample\l2_unseen_validation\trade_date=2026-07-17\exchange=NSE\symbol=MARUTI\part-061837_825393-021014.parquet,34504,downloaded,34504,
2026-07-17,NSE,MARUTI,raw_l2/trade_date=2026-07-17/exchange=NSE/symbol=MARUTI/part-061920_714445-021110.parquet,real_data_sample\l2_unseen_validation\trade_date=2026-07-17\exchange=NSE\symbol=MARUTI\part-061920_714445-021110.parquet,34555,downloaded,34555,
2026-07-17,NSE,MARUTI,raw_l2/trade_date=2026-07-17/exchange=NSE/symbol=MARUTI/part-062240_673923-021558.parquet,real_data_sample\l2_unseen_validation\trade_date=2026-07-17\exchange=NSE\symbol=MARUTI\part-062240_673923-021558.parquet,34653,downloaded,34653,
2026-07-17,NSE,MARUTI,raw_l2/trade_date=2026-07-17/exchange=NSE/symbol=MARUTI/part-061906_130828-021078.parquet,real_data_sample\l2_unseen_validation\trade_date=2026-07-17\exchange=NSE\symbol=MARUTI\part-061906_130828-021078.parquet,34637,downloaded,34637,
2026-07-17,NSE,MARUTI,raw_l2/trade_date=2026-07-17/exchange=NSE/symbol=MARUTI/part-062003_389072-021206.parquet,real_data_sample\l2_unseen_validation\trade_date=2026-07-17\exchange=NSE\symbol=MARUTI\part-062003_389072-021206.parquet,34405,downloaded,34405,
2026-07-17,NSE,MARUTI,raw_l2/trade_date=2026-07-17/exchange=NSE/symbol=MARUTI/part-062017_525375-021238.parquet,real_data_sample\l2_unseen_validation\trade_date=2026-07-17\exchange=NSE\symbol=MARUTI\part-062017_525375-021238.parquet,34798,downloaded,34798,
2026-07-17,NSE,MARUTI,raw_l2/trade_date=2026-07-17/exchange=NSE/symbol=MARUTI/part-062226_317529-021526.parquet,real_data_sample\l2_unseen_validation\trade_date=2026-07-17\exchange=NSE\symbol=MARUTI\part-062226_317529-021526.parquet,34697,downloaded,34697,
2026-07-17,NSE,MARUTI,raw_l2/trade_date=2026-07-17/exchange=NSE/symbol=MARUTI/part-061852_078959-021046.parquet,real_data_sample\l2_unseen_validation\trade_date=2026-07-17\exchange=NSE\symbol=MARUTI\part-061852_078959-021046.parquet,34531,downloaded,34531,
2026-07-17,NSE,MARUTI,raw_l2/trade_date=2026-07-17/exchange=NSE/symbol=MARUTI/part-062254_908881-021590.parquet,real_data_sample\l2_unseen_validation\trade_date=2026-07-17\exchange=NSE\symbol=MARUTI\part-062254_908881-021590.parquet,34689,downloaded,34689,
2026-07-17,NSE,MARUTI,raw_l2/trade_date=2026-07-17/exchange=NSE/symbol=MARUTI/part-061935_000867-021142.parquet,real_data_sample\l2_unseen_validation\trade_date=2026-07-17\exchange=NSE\symbol=MARUTI\part-061935_000867-021142.parquet,34484,downloaded,34484,
2026-07-17,NSE,MARUTI,raw_l2/trade_date=2026-07-17/exchange=NSE/symbol=MARUTI/part-062046_559867-021302.parquet,real_data_sample\l2_unseen_validation\trade_date=2026-07-17\exchange=NSE\symbol=MARUTI\part-062046_559867-021302.parquet,35311,downloaded,35311,
2026-07-17,NSE,MARUTI,raw_l2/trade_date=2026-07-17/exchange=NSE/symbol=MARUTI/part-061949_111789-021174.parquet,real_data_sample\l2_unseen_validation\trade_date=2026-07-17\exchange=NSE\symbol=MARUTI\part-061949_111789-021174.parquet,34734,downloaded,34734,
2026-07-17,NSE,MARUTI,raw_l2/trade_date=2026-07-17/exchange=NSE/symbol=MARUTI/part-062544_454367-021974.parquet,real_data_sample\l2_unseen_validation\trade_date=2026-07-17\exchange=NSE\symbol=MARUTI\part-062544_454367-021974.parquet,34697,downloaded,34697,
2026-07-17,NSE,MARUTI,raw_l2/trade_date=2026-07-17/exchange=NSE/symbol=MARUTI/part-062723_807203-022198.parquet,real_data_sample\l2_unseen_validation\trade_date=2026-07-17\exchange=NSE\symbol=MARUTI\part-062723_807203-022198.parquet,34739,downloaded,34739,
2026-07-17,NSE,MARUTI,raw_l2/trade_date=2026-07-17/exchange=NSE/symbol=MARUTI/part-062530_468472-021942.parquet,real_data_sample\l2_unseen_validation\trade_date=2026-07-17\exchange=NSE\symbol=MARUTI\part-062530_468472-021942.parquet,34498,downloaded,34498,
2026-07-17,NSE,MARUTI,raw_l2/trade_date=2026-07-17/exchange=NSE/symbol=MARUTI/part-062752_410628-022262.parquet,real_data_sample\l2_unseen_validation\trade_date=2026-07-17\exchange=NSE\symbol=MARUTI\part-062752_410628-022262.parquet,34626,downloaded,34626,
2026-07-17,NSE,MARUTI,raw_l2/trade_date=2026-07-17/exchange=NSE/symbol=MARUTI/part-062655_090446-022134.parquet,real_data_sample\l2_unseen_validation\trade_date=2026-07-17\exchange=NSE\symbol=MARUTI\part-062655_090446-022134.parquet,34410,downloaded,34410,
2026-07-17,NSE,MARUTI,raw_l2/trade_date=2026-07-17/exchange=NSE/symbol=MARUTI/part-062516_634274-021910.parquet,real_data_sample\l2_unseen_validation\trade_date=2026-07-17\exchange=NSE\symbol=MARUTI\part-062516_634274-021910.parquet,34676,downloaded,34676,
2026-07-17,NSE,MARUTI,raw_l2/trade_date=2026-07-17/exchange=NSE/symbol=MARUTI/part-062709_383161-022166.parquet,real_data_sample\l2_unseen_validation\trade_date=2026-07-17\exchange=NSE\symbol=MARUTI\part-062709_383161-022166.parquet,34614,downloaded,34614,
2026-07-17,NSE,MARUTI,raw_l2/trade_date=2026-07-17/exchange=NSE/symbol=MARUTI/part-062834_957957-022358.parquet,real_data_sample\l2_unseen_validation\trade_date=2026-07-17\exchange=NSE\symbol=MARUTI\part-062834_957957-022358.parquet,35294,downloaded,35294,
2026-07-17,NSE,MARUTI,raw_l2/trade_date=2026-07-17/exchange=NSE/symbol=MARUTI/part-062448_229534-021846.parquet,real_data_sample\l2_unseen_validation\trade_date=2026-07-17\exchange=NSE\symbol=MARUTI\part-062448_229534-021846.parquet,34487,downloaded,34487,
2026-07-17,NSE,MARUTI,raw_l2/trade_date=2026-07-17/exchange=NSE/symbol=MARUTI/part-062821_068126-022326.parquet,real_data_sample\l2_unseen_validation\trade_date=2026-07-17\exchange=NSE\symbol=MARUTI\part-062821_068126-022326.parquet,35247,downloaded,35247,
2026-07-17,NSE,MARUTI,raw_l2/trade_date=2026-07-17/exchange=NSE/symbol=MARUTI/part-062420_036127-021782.parquet,real_data_sample\l2_unseen_validation\trade_date=2026-07-17\exchange=NSE\symbol=MARUTI\part-062420_036127-021782.parquet,34677,downloaded,34677,
2026-07-17,NSE,MARUTI,raw_l2/trade_date=2026-07-17/exchange=NSE/symbol=MARUTI/part-062903_264883-022422.parquet,real_data_sample\l2_unseen_validation\trade_date=2026-07-17\exchange=NSE\symbol=MARUTI\part-062903_264883-022422.parquet,35436,downloaded,35436,
2026-07-17,NSE,MARUTI,raw_l2/trade_date=2026-07-17/exchange=NSE/symbol=MARUTI/part-062932_440583-022486.parquet,real_data_sample\l2_unseen_validation\trade_date=2026-07-17\exchange=NSE\symbol=MARUTI\part-062932_440583-022486.parquet,34528,downloaded,34528,
2026-07-17,NSE,MARUTI,raw_l2/trade_date=2026-07-17/exchange=NSE/symbol=MARUTI/part-063001_275198-022550.parquet,real_data_sample\l2_unseen_validation\trade_date=2026-07-17\exchange=NSE\symbol=MARUTI\part-063001_275198-022550.parquet,34602,downloaded,34602,
2026-07-17,NSE,MARUTI,raw_l2/trade_date=2026-07-17/exchange=NSE/symbol=MARUTI/part-062502_453522-021878.parquet,real_data_sample\l2_unseen_validation\trade_date=2026-07-17\exchange=NSE\symbol=MARUTI\part-062502_453522-021878.parquet,34610,downloaded,34610,
2026-07-17,NSE,MARUTI,raw_l2/trade_date=2026-07-17/exchange=NSE/symbol=MARUTI/part-062806_615426-022294.parquet,real_data_sample\l2_unseen_validation\trade_date=2026-07-17\exchange=NSE\symbol=MARUTI\part-062806_615426-022294.parquet,34673,downloaded,34673,
2026-07-17,NSE,MARUTI,raw_l2/trade_date=2026-07-17/exchange=NSE/symbol=MARUTI/part-062640_844284-022102.parquet,real_data_sample\l2_unseen_validation\trade_date=2026-07-17\exchange=NSE\symbol=MARUTI\part-062640_844284-022102.parquet,34520,downloaded,34520,
2026-07-17,NSE,MARUTI,raw_l2/trade_date=2026-07-17/exchange=NSE/symbol=MARUTI/part-063029_668429-022614.parquet,real_data_sample\l2_unseen_validation\trade_date=2026-07-17\exchange=NSE\symbol=MARUTI\part-063029_668429-022614.parquet,34763,downloaded,34763,
2026-07-17,NSE,MARUTI,raw_l2/trade_date=2026-07-17/exchange=NSE/symbol=MARUTI/part-062738_156760-022230.parquet,real_data_sample\l2_unseen_validation\trade_date=2026-07-17\exchange=NSE\symbol=MARUTI\part-062738_156760-022230.parquet,34740,downloaded,34740,
2026-07-17,NSE,MARUTI,raw_l2/trade_date=2026-07-17/exchange=NSE/symbol=MARUTI/part-063043_860099-022646.parquet,real_data_sample\l2_unseen_validation\trade_date=2026-07-17\exchange=NSE\symbol=MARUTI\part-063043_860099-022646.parquet,34628,downloaded,34628,
2026-07-17,NSE,MARUTI,raw_l2/trade_date=2026-07-17/exchange=NSE/symbol=MARUTI/part-061306_269738-020278.parquet,real_data_sample\l2_unseen_validation\trade_date=2026-07-17\exchange=NSE\symbol=MARUTI\part-061306_269738-020278.parquet,34524,downloaded,34524,
2026-07-17,NSE,MARUTI,raw_l2/trade_date=2026-07-17/exchange=NSE/symbol=MARUTI/part-063057_847600-022678.parquet,real_data_sample\l2_unseen_validation\trade_date=2026-07-17\exchange=NSE\symbol=MARUTI\part-063057_847600-022678.parquet,34841,downloaded,34841,
2026-07-17,NSE,MARUTI,raw_l2/trade_date=2026-07-17/exchange=NSE/symbol=MARUTI/part-062626_581829-022070.parquet,real_data_sample\l2_unseen_validation\trade_date=2026-07-17\exchange=NSE\symbol=MARUTI\part-062626_581829-022070.parquet,34617,downloaded,34617,
2026-07-17,NSE,MARUTI,raw_l2/trade_date=2026-07-17/exchange=NSE/symbol=MARUTI/part-062612_565425-022038.parquet,real_data_sample\l2_unseen_validation\trade_date=2026-07-17\exchange=NSE\symbol=MARUTI\part-062612_565425-022038.parquet,34611,downloaded,34611,
2026-07-17,NSE,MARUTI,raw_l2/trade_date=2026-07-17/exchange=NSE/symbol=MARUTI/part-062558_508681-022006.parquet,real_data_sample\l2_unseen_validation\trade_date=2026-07-17\exchange=NSE\symbol=MARUTI\part-062558_508681-022006.parquet,34559,downloaded,34559,
2026-07-17,NSE,MARUTI,raw_l2/trade_date=2026-07-17/exchange=NSE/symbol=MARUTI/part-063015_557823-022582.parquet,real_data_sample\l2_unseen_validation\trade_date=2026-07-17\exchange=NSE\symbol=MARUTI\part-063015_557823-022582.parquet,34709,downloaded,34709,
2026-07-17,NSE,MARUTI,raw_l2/trade_date=2026-07-17/exchange=NSE/symbol=MARUTI/part-062849_338182-022390.parquet,real_data_sample\l2_unseen_validation\trade_date=2026-07-17\exchange=NSE\symbol=MARUTI\part-062849_338182-022390.parquet,35414,downloaded,35414,
2026-07-17,NSE,MARUTI,raw_l2/trade_date=2026-07-17/exchange=NSE/symbol=MARUTI/part-062946_643512-022518.parquet,real_data_sample\l2_unseen_validation\trade_date=2026-07-17\exchange=NSE\symbol=MARUTI\part-062946_643512-022518.parquet,34377,downloaded,34377,
2026-07-17,NSE,MARUTI,raw_l2/trade_date=2026-07-17/exchange=NSE/symbol=MARUTI/part-063112_200590-022710.parquet,real_data_sample\l2_unseen_validation\trade_date=2026-07-17\exchange=NSE\symbol=MARUTI\part-063112_200590-022710.parquet,34638,downloaded,34638,
2026-07-17,NSE,MARUTI,raw_l2/trade_date=2026-07-17/exchange=NSE/symbol=MARUTI/part-063126_392589-022742.parquet,real_data_sample\l2_unseen_validation\trade_date=2026-07-17\exchange=NSE\symbol=MARUTI\part-063126_392589-022742.parquet,35008,downloaded,35008,
2026-07-17,NSE,MARUTI,raw_l2/trade_date=2026-07-17/exchange=NSE/symbol=MARUTI/part-063140_446565-022774.parquet,real_data_sample\l2_unseen_validation\trade_date=2026-07-17\exchange=NSE\symbol=MARUTI\part-063140_446565-022774.parquet,34888,downloaded,34888,
2026-07-17,NSE,MARUTI,raw_l2/trade_date=2026-07-17/exchange=NSE/symbol=MARUTI/part-062351_807704-021718.parquet,real_data_sample\l2_unseen_validation\trade_date=2026-07-17\exchange=NSE\symbol=MARUTI\part-062351_807704-021718.parquet,34570,downloaded,34570,
2026-07-17,NSE,MARUTI,raw_l2/trade_date=2026-07-17/exchange=NSE/symbol=MARUTI/part-062405_903909-021750.parquet,real_data_sample\l2_unseen_validation\trade_date=2026-07-17\exchange=NSE\symbol=MARUTI\part-062405_903909-021750.parquet,34503,downloaded,34503,
2026-07-17,NSE,MARUTI,raw_l2/trade_date=2026-07-17/exchange=NSE/symbol=MARUTI/part-063304_416449-022966.parquet,real_data_sample\l2_unseen_validation\trade_date=2026-07-17\exchange=NSE\symbol=MARUTI\part-063304_416449-022966.parquet,34687,downloaded,34687,
2026-07-17,NSE,MARUTI,raw_l2/trade_date=2026-07-17/exchange=NSE/symbol=MARUTI/part-063333_144866-023030.parquet,real_data_sample\l2_unseen_validation\trade_date=2026-07-17\exchange=NSE\symbol=MARUTI\part-063333_144866-023030.parquet,34702,downloaded,34702,
2026-07-17,NSE,MARUTI,raw_l2/trade_date=2026-07-17/exchange=NSE/symbol=MARUTI/part-063154_423417-022806.parquet,real_data_sample\l2_unseen_validation\trade_date=2026-07-17\exchange=NSE\symbol=MARUTI\part-063154_423417-022806.parquet,35068,downloaded,35068,
2026-07-17,NSE,MARUTI,raw_l2/trade_date=2026-07-17/exchange=NSE/symbol=MARUTI/part-063457_438868-023222.parquet,real_data_sample\l2_unseen_validation\trade_date=2026-07-17\exchange=NSE\symbol=MARUTI\part-063457_438868-023222.parquet,34754,downloaded,34754,
2026-07-17,NSE,MARUTI,raw_l2/trade_date=2026-07-17/exchange=NSE/symbol=MARUTI/part-063318_771123-022998.parquet,real_data_sample\l2_unseen_validation\trade_date=2026-07-17\exchange=NSE\symbol=MARUTI\part-063318_771123-022998.parquet,34512,downloaded,34512,
2026-07-17,NSE,MARUTI,raw_l2/trade_date=2026-07-17/exchange=NSE/symbol=MARUTI/part-063635_568070-023446.parquet,real_data_sample\l2_unseen_validation\trade_date=2026-07-17\exchange=NSE\symbol=MARUTI\part-063635_568070-023446.parquet,34560,downloaded,34560,
2026-07-17,NSE,MARUTI,raw_l2/trade_date=2026-07-17/exchange=NSE/symbol=MARUTI/part-063429_483012-023158.parquet,real_data_sample\l2_unseen_validation\trade_date=2026-07-17\exchange=NSE\symbol=MARUTI\part-063429_483012-023158.parquet,34668,downloaded,34668,
2026-07-17,NSE,MARUTI,raw_l2/trade_date=2026-07-17/exchange=NSE/symbol=MARUTI/part-063621_518157-023414.parquet,real_data_sample\l2_unseen_validation\trade_date=2026-07-17\exchange=NSE\symbol=MARUTI\part-063621_518157-023414.parquet,34639,downloaded,34639,
2026-07-17,NSE,MARUTI,raw_l2/trade_date=2026-07-17/exchange=NSE/symbol=MARUTI/part-063415_467991-023126.parquet,real_data_sample\l2_unseen_validation\trade_date=2026-07-17\exchange=NSE\symbol=MARUTI\part-063415_467991-023126.parquet,34632,downloaded,34632,
2026-07-17,NSE,MARUTI,raw_l2/trade_date=2026-07-17/exchange=NSE/symbol=MARUTI/part-063347_293912-023062.parquet,real_data_sample\l2_unseen_validation\trade_date=2026-07-17\exchange=NSE\symbol=MARUTI\part-063347_293912-023062.parquet,34618,downloaded,34618,
2026-07-17,NSE,MARUTI,raw_l2/trade_date=2026-07-17/exchange=NSE/symbol=MARUTI/part-063607_529043-023382.parquet,real_data_sample\l2_unseen_validation\trade_date=2026-07-17\exchange=NSE\symbol=MARUTI\part-063607_529043-023382.parquet,34807,downloaded,34807,
2026-07-17,NSE,MARUTI,raw_l2/trade_date=2026-07-17/exchange=NSE/symbol=MARUTI/part-063208_288379-022838.parquet,real_data_sample\l2_unseen_validation\trade_date=2026-07-17\exchange=NSE\symbol=MARUTI\part-063208_288379-022838.parquet,35336,downloaded,35336,
2026-07-17,NSE,MARUTI,raw_l2/trade_date=2026-07-17/exchange=NSE/symbol=MARUTI/part-063649_541560-023478.parquet,real_data_sample\l2_unseen_validation\trade_date=2026-07-17\exchange=NSE\symbol=MARUTI\part-063649_541560-023478.parquet,34563,downloaded,34563,
2026-07-17,NSE,MARUTI,raw_l2/trade_date=2026-07-17/exchange=NSE/symbol=MARUTI/part-063401_325977-023094.parquet,real_data_sample\l2_unseen_validation\trade_date=2026-07-17\exchange=NSE\symbol=MARUTI\part-063401_325977-023094.parquet,34498,downloaded,34498,
2026-07-17,NSE,MARUTI,raw_l2/trade_date=2026-07-17/exchange=NSE/symbol=MARUTI/part-063539_698164-023318.parquet,real_data_sample\l2_unseen_validation\trade_date=2026-07-17\exchange=NSE\symbol=MARUTI\part-063539_698164-023318.parquet,34661,downloaded,34661,
2026-07-17,NSE,MARUTI,raw_l2/trade_date=2026-07-17/exchange=NSE/symbol=MARUTI/part-063443_426655-023190.parquet,real_data_sample\l2_unseen_validation\trade_date=2026-07-17\exchange=NSE\symbol=MARUTI\part-063443_426655-023190.parquet,34614,downloaded,34614,
2026-07-17,NSE,MARUTI,raw_l2/trade_date=2026-07-17/exchange=NSE/symbol=MARUTI/part-063511_566265-023254.parquet,real_data_sample\l2_unseen_validation\trade_date=2026-07-17\exchange=NSE\symbol=MARUTI\part-063511_566265-023254.parquet,34706,downloaded,34706,
2026-07-17,NSE,MARUTI,raw_l2/trade_date=2026-07-17/exchange=NSE/symbol=MARUTI/part-063250_143732-022934.parquet,real_data_sample\l2_unseen_validation\trade_date=2026-07-17\exchange=NSE\symbol=MARUTI\part-063250_143732-022934.parquet,34612,downloaded,34612,
2026-07-17,NSE,MARUTI,raw_l2/trade_date=2026-07-17/exchange=NSE/symbol=MARUTI/part-063236_252600-022902.parquet,real_data_sample\l2_unseen_validation\trade_date=2026-07-17\exchange=NSE\symbol=MARUTI\part-063236_252600-022902.parquet,34572,downloaded,34572,
2026-07-17,NSE,MARUTI,raw_l2/trade_date=2026-07-17/exchange=NSE/symbol=MARUTI/part-063222_226656-022870.parquet,real_data_sample\l2_unseen_validation\trade_date=2026-07-17\exchange=NSE\symbol=MARUTI\part-063222_226656-022870.parquet,34942,downloaded,34942,
2026-07-17,NSE,MARUTI,raw_l2/trade_date=2026-07-17/exchange=NSE/symbol=MARUTI/part-063703_562429-023510.parquet,real_data_sample\l2_unseen_validation\trade_date=2026-07-17\exchange=NSE\symbol=MARUTI\part-063703_562429-023510.parquet,34622,downloaded,34622,
2026-07-17,NSE,MARUTI,raw_l2/trade_date=2026-07-17/exchange=NSE/symbol=MARUTI/part-063525_919904-023286.parquet,real_data_sample\l2_unseen_validation\trade_date=2026-07-17\exchange=NSE\symbol=MARUTI\part-063525_919904-023286.parquet,34625,downloaded,34625,
2026-07-17,NSE,MARUTI,raw_l2/trade_date=2026-07-17/exchange=NSE/symbol=MARUTI/part-063717_520179-023542.parquet,real_data_sample\l2_unseen_validation\trade_date=2026-07-17\exchange=NSE\symbol=MARUTI\part-063717_520179-023542.parquet,34846,downloaded,34846,
2026-07-17,NSE,MARUTI,raw_l2/trade_date=2026-07-17/exchange=NSE/symbol=MARUTI/part-063731_417922-023574.parquet,real_data_sample\l2_unseen_validation\trade_date=2026-07-17\exchange=NSE\symbol=MARUTI\part-063731_417922-023574.parquet,34660,downloaded,34660,
2026-07-17,NSE,MARUTI,raw_l2/trade_date=2026-07-17/exchange=NSE/symbol=MARUTI/part-062917_339699-022454.parquet,real_data_sample\l2_unseen_validation\trade_date=2026-07-17\exchange=NSE\symbol=MARUTI\part-062917_339699-022454.parquet,34893,downloaded,34893,
2026-07-17,NSE,MARUTI,raw_l2/trade_date=2026-07-17/exchange=NSE/symbol=MARUTI/part-063759_188307-023638.parquet,real_data_sample\l2_unseen_validation\trade_date=2026-07-17\exchange=NSE\symbol=MARUTI\part-063759_188307-023638.parquet,34745,downloaded,34745,
2026-07-17,NSE,MARUTI,raw_l2/trade_date=2026-07-17/exchange=NSE/symbol=MARUTI/part-063745_375384-023606.parquet,real_data_sample\l2_unseen_validation\trade_date=2026-07-17\exchange=NSE\symbol=MARUTI\part-063745_375384-023606.parquet,34944,downloaded,34944,
2026-07-17,NSE,MARUTI,raw_l2/trade_date=2026-07-17/exchange=NSE/symbol=MARUTI/part-063813_082489-023670.parquet,real_data_sample\l2_unseen_validation\trade_date=2026-07-17\exchange=NSE\symbol=MARUTI\part-063813_082489-023670.parquet,35084,downloaded,35084,
2026-07-17,NSE,MARUTI,raw_l2/trade_date=2026-07-17/exchange=NSE/symbol=MARUTI/part-063856_198138-023766.parquet,real_data_sample\l2_unseen_validation\trade_date=2026-07-17\exchange=NSE\symbol=MARUTI\part-063856_198138-023766.parquet,34988,downloaded,34988,
2026-07-17,NSE,MARUTI,raw_l2/trade_date=2026-07-17/exchange=NSE/symbol=MARUTI/part-062434_042494-021814.parquet,real_data_sample\l2_unseen_validation\trade_date=2026-07-17\exchange=NSE\symbol=MARUTI\part-062434_042494-021814.parquet,34765,downloaded,34765,
2026-07-17,NSE,MARUTI,raw_l2/trade_date=2026-07-17/exchange=NSE/symbol=MARUTI/part-064144_377772-024150.parquet,real_data_sample\l2_unseen_validation\trade_date=2026-07-17\exchange=NSE\symbol=MARUTI\part-064144_377772-024150.parquet,35315,downloaded,35315,
2026-07-17,NSE,MARUTI,raw_l2/trade_date=2026-07-17/exchange=NSE/symbol=MARUTI/part-064034_444163-023990.parquet,real_data_sample\l2_unseen_validation\trade_date=2026-07-17\exchange=NSE\symbol=MARUTI\part-064034_444163-023990.parquet,34437,downloaded,34437,
2026-07-17,NSE,MARUTI,raw_l2/trade_date=2026-07-17/exchange=NSE/symbol=MARUTI/part-064457_878706-024598.parquet,real_data_sample\l2_unseen_validation\trade_date=2026-07-17\exchange=NSE\symbol=MARUTI\part-064457_878706-024598.parquet,34556,downloaded,34556,
2026-07-17,NSE,MARUTI,raw_l2/trade_date=2026-07-17/exchange=NSE/symbol=MARUTI/part-064130_145456-024118.parquet,real_data_sample\l2_unseen_validation\trade_date=2026-07-17\exchange=NSE\symbol=MARUTI\part-064130_145456-024118.parquet,35343,downloaded,35343,
2026-07-17,NSE,MARUTI,raw_l2/trade_date=2026-07-17/exchange=NSE/symbol=MARUTI/part-064048_546394-024022.parquet,real_data_sample\l2_unseen_validation\trade_date=2026-07-17\exchange=NSE\symbol=MARUTI\part-064048_546394-024022.parquet,34677,downloaded,34677,
2026-07-17,NSE,MARUTI,raw_l2/trade_date=2026-07-17/exchange=NSE/symbol=MARUTI/part-064225_941407-024246.parquet,real_data_sample\l2_unseen_validation\trade_date=2026-07-17\exchange=NSE\symbol=MARUTI\part-064225_941407-024246.parquet,34589,downloaded,34589,
2026-07-17,NSE,MARUTI,raw_l2/trade_date=2026-07-17/exchange=NSE/symbol=MARUTI/part-063924_455910-023830.parquet,real_data_sample\l2_unseen_validation\trade_date=2026-07-17\exchange=NSE\symbol=MARUTI\part-063924_455910-023830.parquet,35283,downloaded,35283,
2026-07-17,NSE,MARUTI,raw_l2/trade_date=2026-07-17/exchange=NSE/symbol=MARUTI/part-064307_089217-024342.parquet,real_data_sample\l2_unseen_validation\trade_date=2026-07-17\exchange=NSE\symbol=MARUTI\part-064307_089217-024342.parquet,34541,downloaded,34541,
2026-07-17,NSE,MARUTI,raw_l2/trade_date=2026-07-17/exchange=NSE/symbol=MARUTI/part-064006_246234-023926.parquet,real_data_sample\l2_unseen_validation\trade_date=2026-07-17\exchange=NSE\symbol=MARUTI\part-064006_246234-023926.parquet,34957,downloaded,34957,
2026-07-17,NSE,MARUTI,raw_l2/trade_date=2026-07-17/exchange=NSE/symbol=MARUTI/part-064253_403554-024310.parquet,real_data_sample\l2_unseen_validation\trade_date=2026-07-17\exchange=NSE\symbol=MARUTI\part-064253_403554-024310.parquet,34612,downloaded,34612,
2026-07-17,NSE,MARUTI,raw_l2/trade_date=2026-07-17/exchange=NSE/symbol=MARUTI/part-064239_575027-024278.parquet,real_data_sample\l2_unseen_validation\trade_date=2026-07-17\exchange=NSE\symbol=MARUTI\part-064239_575027-024278.parquet,34562,downloaded,34562,
2026-07-17,NSE,MARUTI,raw_l2/trade_date=2026-07-17/exchange=NSE/symbol=MARUTI/part-064102_481153-024054.parquet,real_data_sample\l2_unseen_validation\trade_date=2026-07-17\exchange=NSE\symbol=MARUTI\part-064102_481153-024054.parquet,34611,downloaded,34611,
2026-07-17,NSE,MARUTI,raw_l2/trade_date=2026-07-17/exchange=NSE/symbol=MARUTI/part-063952_415677-023894.parquet,real_data_sample\l2_unseen_validation\trade_date=2026-07-17\exchange=NSE\symbol=MARUTI\part-063952_415677-023894.parquet,35125,downloaded,35125,
2026-07-17,NSE,MARUTI,raw_l2/trade_date=2026-07-17/exchange=NSE/symbol=MARUTI/part-064402_377726-024470.parquet,real_data_sample\l2_unseen_validation\trade_date=2026-07-17\exchange=NSE\symbol=MARUTI\part-064402_377726-024470.parquet,34369,downloaded,34369,
2026-07-17,NSE,MARUTI,raw_l2/trade_date=2026-07-17/exchange=NSE/symbol=MARUTI/part-064444_080967-024566.parquet,real_data_sample\l2_unseen_validation\trade_date=2026-07-17\exchange=NSE\symbol=MARUTI\part-064444_080967-024566.parquet,34713,downloaded,34713,
2026-07-17,NSE,MARUTI,raw_l2/trade_date=2026-07-17/exchange=NSE/symbol=MARUTI/part-064116_352610-024086.parquet,real_data_sample\l2_unseen_validation\trade_date=2026-07-17\exchange=NSE\symbol=MARUTI\part-064116_352610-024086.parquet,34698,downloaded,34698,
2026-07-17,NSE,MARUTI,raw_l2/trade_date=2026-07-17/exchange=NSE/symbol=MARUTI/part-064211_916312-024214.parquet,real_data_sample\l2_unseen_validation\trade_date=2026-07-17\exchange=NSE\symbol=MARUTI\part-064211_916312-024214.parquet,35336,downloaded,35336,
2026-07-17,NSE,MARUTI,raw_l2/trade_date=2026-07-17/exchange=NSE/symbol=MARUTI/part-064430_422467-024534.parquet,real_data_sample\l2_unseen_validation\trade_date=2026-07-17\exchange=NSE\symbol=MARUTI\part-064430_422467-024534.parquet,34477,downloaded,34477,
2026-07-17,NSE,MARUTI,raw_l2/trade_date=2026-07-17/exchange=NSE/symbol=MARUTI/part-064416_494870-024502.parquet,real_data_sample\l2_unseen_validation\trade_date=2026-07-17\exchange=NSE\symbol=MARUTI\part-064416_494870-024502.parquet,34572,downloaded,34572,
2026-07-17,NSE,MARUTI,raw_l2/trade_date=2026-07-17/exchange=NSE/symbol=MARUTI/part-064348_626063-024438.parquet,real_data_sample\l2_unseen_validation\trade_date=2026-07-17\exchange=NSE\symbol=MARUTI\part-064348_626063-024438.parquet,34599,downloaded,34599,
2026-07-17,NSE,MARUTI,raw_l2/trade_date=2026-07-17/exchange=NSE/symbol=MARUTI/part-064334_847443-024406.parquet,real_data_sample\l2_unseen_validation\trade_date=2026-07-17\exchange=NSE\symbol=MARUTI\part-064334_847443-024406.parquet,34599,downloaded,34599,
2026-07-17,NSE,MARUTI,raw_l2/trade_date=2026-07-17/exchange=NSE/symbol=MARUTI/part-063553_635474-023350.parquet,real_data_sample\l2_unseen_validation\trade_date=2026-07-17\exchange=NSE\symbol=MARUTI\part-063553_635474-023350.parquet,34648,downloaded,34648,
2026-07-17,NSE,MARUTI,raw_l2/trade_date=2026-07-17/exchange=NSE/symbol=MARUTI/part-063827_352839-023702.parquet,real_data_sample\l2_unseen_validation\trade_date=2026-07-17\exchange=NSE\symbol=MARUTI\part-063827_352839-023702.parquet,35291,downloaded,35291,
2026-07-17,NSE,MARUTI,raw_l2/trade_date=2026-07-17/exchange=NSE/symbol=MARUTI/part-064621_131273-024790.parquet,real_data_sample\l2_unseen_validation\trade_date=2026-07-17\exchange=NSE\symbol=MARUTI\part-064621_131273-024790.parquet,34819,downloaded,34819,
2026-07-17,NSE,MARUTI,raw_l2/trade_date=2026-07-17/exchange=NSE/symbol=MARUTI/part-064525_971347-024662.parquet,real_data_sample\l2_unseen_validation\trade_date=2026-07-17\exchange=NSE\symbol=MARUTI\part-064525_971347-024662.parquet,35304,downloaded,35304,
2026-07-17,NSE,MARUTI,raw_l2/trade_date=2026-07-17/exchange=NSE/symbol=MARUTI/part-064730_638069-024950.parquet,real_data_sample\l2_unseen_validation\trade_date=2026-07-17\exchange=NSE\symbol=MARUTI\part-064730_638069-024950.parquet,35455,downloaded,35455,
2026-07-17,NSE,MARUTI,raw_l2/trade_date=2026-07-17/exchange=NSE/symbol=MARUTI/part-064607_309438-024758.parquet,real_data_sample\l2_unseen_validation\trade_date=2026-07-17\exchange=NSE\symbol=MARUTI\part-064607_309438-024758.parquet,34969,downloaded,34969,
2026-07-17,NSE,MARUTI,raw_l2/trade_date=2026-07-17/exchange=NSE/symbol=MARUTI/part-064716_894387-024918.parquet,real_data_sample\l2_unseen_validation\trade_date=2026-07-17\exchange=NSE\symbol=MARUTI\part-064716_894387-024918.parquet,34959,downloaded,34959,
2026-07-17,NSE,MARUTI,raw_l2/trade_date=2026-07-17/exchange=NSE/symbol=MARUTI/part-064553_570563-024726.parquet,real_data_sample\l2_unseen_validation\trade_date=2026-07-17\exchange=NSE\symbol=MARUTI\part-064553_570563-024726.parquet,34855,downloaded,34855,
2026-07-17,NSE,MARUTI,raw_l2/trade_date=2026-07-17/exchange=NSE/symbol=MARUTI/part-064744_643375-024982.parquet,real_data_sample\l2_unseen_validation\trade_date=2026-07-17\exchange=NSE\symbol=MARUTI\part-064744_643375-024982.parquet,34748,downloaded,34748,
2026-07-17,NSE,MARUTI,raw_l2/trade_date=2026-07-17/exchange=NSE/symbol=MARUTI/part-064935_438717-025238.parquet,real_data_sample\l2_unseen_validation\trade_date=2026-07-17\exchange=NSE\symbol=MARUTI\part-064935_438717-025238.parquet,35440,downloaded,35440,
2026-07-17,NSE,MARUTI,raw_l2/trade_date=2026-07-17/exchange=NSE/symbol=MARUTI/part-064758_352446-025014.parquet,real_data_sample\l2_unseen_validation\trade_date=2026-07-17\exchange=NSE\symbol=MARUTI\part-064758_352446-025014.parquet,34942,downloaded,34942,
2026-07-17,NSE,MARUTI,raw_l2/trade_date=2026-07-17/exchange=NSE/symbol=MARUTI/part-064921_637346-025206.parquet,real_data_sample\l2_unseen_validation\trade_date=2026-07-17\exchange=NSE\symbol=MARUTI\part-064921_637346-025206.parquet,35482,downloaded,35482,
2026-07-17,NSE,MARUTI,raw_l2/trade_date=2026-07-17/exchange=NSE/symbol=MARUTI/part-064634_953019-024822.parquet,real_data_sample\l2_unseen_validation\trade_date=2026-07-17\exchange=NSE\symbol=MARUTI\part-064634_953019-024822.parquet,34747,downloaded,34747,
2026-07-17,NSE,MARUTI,raw_l2/trade_date=2026-07-17/exchange=NSE/symbol=MARUTI/part-065017_367231-025334.parquet,real_data_sample\l2_unseen_validation\trade_date=2026-07-17\exchange=NSE\symbol=MARUTI\part-065017_367231-025334.parquet,35070,downloaded,35070,
2026-07-17,NSE,MARUTI,raw_l2/trade_date=2026-07-17/exchange=NSE/symbol=MARUTI/part-064907_720492-025174.parquet,real_data_sample\l2_unseen_validation\trade_date=2026-07-17\exchange=NSE\symbol=MARUTI\part-064907_720492-025174.parquet,34963,downloaded,34963,
2026-07-17,NSE,MARUTI,raw_l2/trade_date=2026-07-17/exchange=NSE/symbol=MARUTI/part-065003_521688-025302.parquet,real_data_sample\l2_unseen_validation\trade_date=2026-07-17\exchange=NSE\symbol=MARUTI\part-065003_521688-025302.parquet,35182,downloaded,35182,
2026-07-17,NSE,MARUTI,raw_l2/trade_date=2026-07-17/exchange=NSE/symbol=MARUTI/part-064949_442607-025270.parquet,real_data_sample\l2_unseen_validation\trade_date=2026-07-17\exchange=NSE\symbol=MARUTI\part-064949_442607-025270.parquet,35277,downloaded,35277,
2026-07-17,NSE,MARUTI,raw_l2/trade_date=2026-07-17/exchange=NSE/symbol=MARUTI/part-064702_907666-024886.parquet,real_data_sample\l2_unseen_validation\trade_date=2026-07-17\exchange=NSE\symbol=MARUTI\part-064702_907666-024886.parquet,34605,downloaded,34605,
2026-07-17,NSE,MARUTI,raw_l2/trade_date=2026-07-17/exchange=NSE/symbol=MARUTI/part-064840_097714-025110.parquet,real_data_sample\l2_unseen_validation\trade_date=2026-07-17\exchange=NSE\symbol=MARUTI\part-064840_097714-025110.parquet,34586,downloaded,34586,
2026-07-17,NSE,MARUTI,raw_l2/trade_date=2026-07-17/exchange=NSE/symbol=MARUTI/part-064812_373701-025046.parquet,real_data_sample\l2_unseen_validation\trade_date=2026-07-17\exchange=NSE\symbol=MARUTI\part-064812_373701-025046.parquet,34622,downloaded,34622,
2026-07-17,NSE,MARUTI,raw_l2/trade_date=2026-07-17/exchange=NSE/symbol=MARUTI/part-064853_845450-025142.parquet,real_data_sample\l2_unseen_validation\trade_date=2026-07-17\exchange=NSE\symbol=MARUTI\part-064853_845450-025142.parquet,34651,downloaded,34651,
2026-07-17,NSE,MARUTI,raw_l2/trade_date=2026-07-17/exchange=NSE/symbol=MARUTI/part-065031_124406-025366.parquet,real_data_sample\l2_unseen_validation\trade_date=2026-07-17\exchange=NSE\symbol=MARUTI\part-065031_124406-025366.parquet,35302,downloaded,35302,
2026-07-17,NSE,MARUTI,raw_l2/trade_date=2026-07-17/exchange=NSE/symbol=MARUTI/part-064826_267207-025078.parquet,real_data_sample\l2_unseen_validation\trade_date=2026-07-17\exchange=NSE\symbol=MARUTI\part-064826_267207-025078.parquet,34598,downloaded,34598,
2026-07-17,NSE,MARUTI,raw_l2/trade_date=2026-07-17/exchange=NSE/symbol=MARUTI/part-064648_945445-024854.parquet,real_data_sample\l2_unseen_validation\trade_date=2026-07-17\exchange=NSE\symbol=MARUTI\part-064648_945445-024854.parquet,34652,downloaded,34652,
2026-07-17,NSE,MARUTI,raw_l2/trade_date=2026-07-17/exchange=NSE/symbol=MARUTI/part-065113_464395-025462.parquet,real_data_sample\l2_unseen_validation\trade_date=2026-07-17\exchange=NSE\symbol=MARUTI\part-065113_464395-025462.parquet,35474,downloaded,35474,
2026-07-17,NSE,MARUTI,raw_l2/trade_date=2026-07-17/exchange=NSE/symbol=MARUTI/part-065430_000965-025910.parquet,real_data_sample\l2_unseen_validation\trade_date=2026-07-17\exchange=NSE\symbol=MARUTI\part-065430_000965-025910.parquet,34719,downloaded,34719,
2026-07-17,NSE,MARUTI,raw_l2/trade_date=2026-07-17/exchange=NSE/symbol=MARUTI/part-065458_185564-025974.parquet,real_data_sample\l2_unseen_validation\trade_date=2026-07-17\exchange=NSE\symbol=MARUTI\part-065458_185564-025974.parquet,34607,downloaded,34607,
2026-07-17,NSE,MARUTI,raw_l2/trade_date=2026-07-17/exchange=NSE/symbol=MARUTI/part-065444_021348-025942.parquet,real_data_sample\l2_unseen_validation\trade_date=2026-07-17\exchange=NSE\symbol=MARUTI\part-065444_021348-025942.parquet,34729,downloaded,34729,
2026-07-17,NSE,MARUTI,raw_l2/trade_date=2026-07-17/exchange=NSE/symbol=MARUTI/part-065223_766968-025622.parquet,real_data_sample\l2_unseen_validation\trade_date=2026-07-17\exchange=NSE\symbol=MARUTI\part-065223_766968-025622.parquet,34690,downloaded,34690,
2026-07-17,NSE,MARUTI,raw_l2/trade_date=2026-07-17/exchange=NSE/symbol=MARUTI/part-065237_801281-025654.parquet,real_data_sample\l2_unseen_validation\trade_date=2026-07-17\exchange=NSE\symbol=MARUTI\part-065237_801281-025654.parquet,34427,downloaded,34427,
2026-07-17,NSE,MARUTI,raw_l2/trade_date=2026-07-17/exchange=NSE/symbol=MARUTI/part-065401_911818-025846.parquet,real_data_sample\l2_unseen_validation\trade_date=2026-07-17\exchange=NSE\symbol=MARUTI\part-065401_911818-025846.parquet,35280,downloaded,35280,
2026-07-17,NSE,MARUTI,raw_l2/trade_date=2026-07-17/exchange=NSE/symbol=MARUTI/part-065347_734584-025814.parquet,real_data_sample\l2_unseen_validation\trade_date=2026-07-17\exchange=NSE\symbol=MARUTI\part-065347_734584-025814.parquet,34921,downloaded,34921,
2026-07-17,NSE,MARUTI,raw_l2/trade_date=2026-07-17/exchange=NSE/symbol=MARUTI/part-065306_114351-025718.parquet,real_data_sample\l2_unseen_validation\trade_date=2026-07-17\exchange=NSE\symbol=MARUTI\part-065306_114351-025718.parquet,34868,downloaded,34868,
2026-07-17,NSE,MARUTI,raw_l2/trade_date=2026-07-17/exchange=NSE/symbol=MARUTI/part-065252_060022-025686.parquet,real_data_sample\l2_unseen_validation\trade_date=2026-07-17\exchange=NSE\symbol=MARUTI\part-065252_060022-025686.parquet,35019,downloaded,35019,
2026-07-17,NSE,MARUTI,raw_l2/trade_date=2026-07-17/exchange=NSE/symbol=MARUTI/part-065320_100773-025750.parquet,real_data_sample\l2_unseen_validation\trade_date=2026-07-17\exchange=NSE\symbol=MARUTI\part-065320_100773-025750.parquet,35011,downloaded,35011,
2026-07-17,NSE,MARUTI,raw_l2/trade_date=2026-07-17/exchange=NSE/symbol=MARUTI/part-065415_954054-025878.parquet,real_data_sample\l2_unseen_validation\trade_date=2026-07-17\exchange=NSE\symbol=MARUTI\part-065415_954054-025878.parquet,35091,downloaded,35091,
2026-07-17,NSE,MARUTI,raw_l2/trade_date=2026-07-17/exchange=NSE/symbol=MARUTI/part-065608_520618-026134.parquet,real_data_sample\l2_unseen_validation\trade_date=2026-07-17\exchange=NSE\symbol=MARUTI\part-065608_520618-026134.parquet,34562,downloaded,34562,
2026-07-17,NSE,MARUTI,raw_l2/trade_date=2026-07-17/exchange=NSE/symbol=MARUTI/part-065540_577731-026070.parquet,real_data_sample\l2_unseen_validation\trade_date=2026-07-17\exchange=NSE\symbol=MARUTI\part-065540_577731-026070.parquet,34799,downloaded,34799,
2026-07-17,NSE,MARUTI,raw_l2/trade_date=2026-07-17/exchange=NSE/symbol=MARUTI/part-065333_922192-025782.parquet,real_data_sample\l2_unseen_validation\trade_date=2026-07-17\exchange=NSE\symbol=MARUTI\part-065333_922192-025782.parquet,34920,downloaded,34920,
2026-07-17,NSE,MARUTI,raw_l2/trade_date=2026-07-17/exchange=NSE/symbol=MARUTI/part-065554_489636-026102.parquet,real_data_sample\l2_unseen_validation\trade_date=2026-07-17\exchange=NSE\symbol=MARUTI\part-065554_489636-026102.parquet,34783,downloaded,34783,
2026-07-17,NSE,MARUTI,raw_l2/trade_date=2026-07-17/exchange=NSE/symbol=MARUTI/part-065526_291706-026038.parquet,real_data_sample\l2_unseen_validation\trade_date=2026-07-17\exchange=NSE\symbol=MARUTI\part-065526_291706-026038.parquet,34437,downloaded,34437,
2026-07-17,NSE,MARUTI,raw_l2/trade_date=2026-07-17/exchange=NSE/symbol=MARUTI/part-065512_261841-026006.parquet,real_data_sample\l2_unseen_validation\trade_date=2026-07-17\exchange=NSE\symbol=MARUTI\part-065512_261841-026006.parquet,34659,downloaded,34659,
2026-07-17,NSE,MARUTI,raw_l2/trade_date=2026-07-17/exchange=NSE/symbol=MARUTI/part-065209_651264-025590.parquet,real_data_sample\l2_unseen_validation\trade_date=2026-07-17\exchange=NSE\symbol=MARUTI\part-065209_651264-025590.parquet,35037,downloaded,35037,
2026-07-17,NSE,MARUTI,raw_l2/trade_date=2026-07-17/exchange=NSE/symbol=MARUTI/part-065141_454020-025526.parquet,real_data_sample\l2_unseen_validation\trade_date=2026-07-17\exchange=NSE\symbol=MARUTI\part-065141_454020-025526.parquet,34867,downloaded,34867,
2026-07-17,NSE,MARUTI,raw_l2/trade_date=2026-07-17/exchange=NSE/symbol=MARUTI/part-065155_502108-025558.parquet,real_data_sample\l2_unseen_validation\trade_date=2026-07-17\exchange=NSE\symbol=MARUTI\part-065155_502108-025558.parquet,35091,downloaded,35091,
2026-07-17,NSE,MARUTI,raw_l2/trade_date=2026-07-17/exchange=NSE/symbol=MARUTI/part-065127_466765-025494.parquet,real_data_sample\l2_unseen_validation\trade_date=2026-07-17\exchange=NSE\symbol=MARUTI\part-065127_466765-025494.parquet,35376,downloaded,35376,
2026-07-17,NSE,MARUTI,raw_l2/trade_date=2026-07-17/exchange=NSE/symbol=MARUTI/part-065045_360367-025398.parquet,real_data_sample\l2_unseen_validation\trade_date=2026-07-17\exchange=NSE\symbol=MARUTI\part-065045_360367-025398.parquet,34972,downloaded,34972,
2026-07-17,NSE,MARUTI,raw_l2/trade_date=2026-07-17/exchange=NSE/symbol=MARUTI/part-065059_378429-025430.parquet,real_data_sample\l2_unseen_validation\trade_date=2026-07-17\exchange=NSE\symbol=MARUTI\part-065059_378429-025430.parquet,35318,downloaded,35318,
2026-07-17,NSE,MARUTI,raw_l2/trade_date=2026-07-17/exchange=NSE/symbol=MARUTI/part-064539_893423-024694.parquet,real_data_sample\l2_unseen_validation\trade_date=2026-07-17\exchange=NSE\symbol=MARUTI\part-064539_893423-024694.parquet,35194,downloaded,35194,
2026-07-17,NSE,MARUTI,raw_l2/trade_date=2026-07-17/exchange=NSE/symbol=MARUTI/part-065815_113307-026422.parquet,real_data_sample\l2_unseen_validation\trade_date=2026-07-17\exchange=NSE\symbol=MARUTI\part-065815_113307-026422.parquet,34784,downloaded,34784,
2026-07-17,NSE,MARUTI,raw_l2/trade_date=2026-07-17/exchange=NSE/symbol=MARUTI/part-070123_927438-026838.parquet,real_data_sample\l2_unseen_validation\trade_date=2026-07-17\exchange=NSE\symbol=MARUTI\part-070123_927438-026838.parquet,34409,downloaded,34409,
2026-07-17,NSE,MARUTI,raw_l2/trade_date=2026-07-17/exchange=NSE/symbol=MARUTI/part-065622_581078-026166.parquet,real_data_sample\l2_unseen_validation\trade_date=2026-07-17\exchange=NSE\symbol=MARUTI\part-065622_581078-026166.parquet,34605,downloaded,34605,
2026-07-17,NSE,MARUTI,raw_l2/trade_date=2026-07-17/exchange=NSE/symbol=MARUTI/part-065732_636050-026326.parquet,real_data_sample\l2_unseen_validation\trade_date=2026-07-17\exchange=NSE\symbol=MARUTI\part-065732_636050-026326.parquet,35073,downloaded,35073,
2026-07-17,NSE,MARUTI,raw_l2/trade_date=2026-07-17/exchange=NSE/symbol=MARUTI/part-070109_312926-026806.parquet,real_data_sample\l2_unseen_validation\trade_date=2026-07-17\exchange=NSE\symbol=MARUTI\part-070109_312926-026806.parquet,35117,downloaded,35117,
2026-07-17,NSE,MARUTI,raw_l2/trade_date=2026-07-17/exchange=NSE/symbol=MARUTI/part-065718_476549-026294.parquet,real_data_sample\l2_unseen_validation\trade_date=2026-07-17\exchange=NSE\symbol=MARUTI\part-065718_476549-026294.parquet,34885,downloaded,34885,
2026-07-17,NSE,MARUTI,raw_l2/trade_date=2026-07-17/exchange=NSE/symbol=MARUTI/part-065800_854731-026390.parquet,real_data_sample\l2_unseen_validation\trade_date=2026-07-17\exchange=NSE\symbol=MARUTI\part-065800_854731-026390.parquet,35348,downloaded,35348,
2026-07-17,NSE,MARUTI,raw_l2/trade_date=2026-07-17/exchange=NSE/symbol=MARUTI/part-070054_411620-026774.parquet,real_data_sample\l2_unseen_validation\trade_date=2026-07-17\exchange=NSE\symbol=MARUTI\part-070054_411620-026774.parquet,34833,downloaded,34833,
2026-07-17,NSE,MARUTI,raw_l2/trade_date=2026-07-17/exchange=NSE/symbol=MARUTI/part-065704_462022-026262.parquet,real_data_sample\l2_unseen_validation\trade_date=2026-07-17\exchange=NSE\symbol=MARUTI\part-065704_462022-026262.parquet,34794,downloaded,34794,
2026-07-17,NSE,MARUTI,raw_l2/trade_date=2026-07-17/exchange=NSE/symbol=MARUTI/part-065941_623134-026614.parquet,real_data_sample\l2_unseen_validation\trade_date=2026-07-17\exchange=NSE\symbol=MARUTI\part-065941_623134-026614.parquet,34643,downloaded,34643,
2026-07-17,NSE,MARUTI,raw_l2/trade_date=2026-07-17/exchange=NSE/symbol=MARUTI/part-070039_786134-026742.parquet,real_data_sample\l2_unseen_validation\trade_date=2026-07-17\exchange=NSE\symbol=MARUTI\part-070039_786134-026742.parquet,35107,downloaded,35107,
2026-07-17,NSE,MARUTI,raw_l2/trade_date=2026-07-17/exchange=NSE/symbol=MARUTI/part-065746_652064-026358.parquet,real_data_sample\l2_unseen_validation\trade_date=2026-07-17\exchange=NSE\symbol=MARUTI\part-065746_652064-026358.parquet,34981,downloaded,34981,
2026-07-17,NSE,MARUTI,raw_l2/trade_date=2026-07-17/exchange=NSE/symbol=MARUTI/part-065636_522781-026198.parquet,real_data_sample\l2_unseen_validation\trade_date=2026-07-17\exchange=NSE\symbol=MARUTI\part-065636_522781-026198.parquet,34530,downloaded,34530,
2026-07-17,NSE,MARUTI,raw_l2/trade_date=2026-07-17/exchange=NSE/symbol=MARUTI/part-065956_231567-026646.parquet,real_data_sample\l2_unseen_validation\trade_date=2026-07-17\exchange=NSE\symbol=MARUTI\part-065956_231567-026646.parquet,34716,downloaded,34716,
2026-07-17,NSE,MARUTI,raw_l2/trade_date=2026-07-17/exchange=NSE/symbol=MARUTI/part-065650_529573-026230.parquet,real_data_sample\l2_unseen_validation\trade_date=2026-07-17\exchange=NSE\symbol=MARUTI\part-065650_529573-026230.parquet,34762,downloaded,34762,
2026-07-17,NSE,MARUTI,raw_l2/trade_date=2026-07-17/exchange=NSE/symbol=MARUTI/part-065912_339398-026550.parquet,real_data_sample\l2_unseen_validation\trade_date=2026-07-17\exchange=NSE\symbol=MARUTI\part-065912_339398-026550.parquet,34838,downloaded,34838,
2026-07-17,NSE,MARUTI,raw_l2/trade_date=2026-07-17/exchange=NSE/symbol=MARUTI/part-065858_170663-026518.parquet,real_data_sample\l2_unseen_validation\trade_date=2026-07-17\exchange=NSE\symbol=MARUTI\part-065858_170663-026518.parquet,34754,downloaded,34754,
2026-07-17,NSE,MARUTI,raw_l2/trade_date=2026-07-17/exchange=NSE/symbol=MARUTI/part-065843_899096-026486.parquet,real_data_sample\l2_unseen_validation\trade_date=2026-07-17\exchange=NSE\symbol=MARUTI\part-065843_899096-026486.parquet,34711,downloaded,34711,
2026-07-17,NSE,MARUTI,raw_l2/trade_date=2026-07-17/exchange=NSE/symbol=MARUTI/part-065829_520948-026454.parquet,real_data_sample\l2_unseen_validation\trade_date=2026-07-17\exchange=NSE\symbol=MARUTI\part-065829_520948-026454.parquet,34637,downloaded,34637,
2026-07-17,NSE,MARUTI,raw_l2/trade_date=2026-07-17/exchange=NSE/symbol=MARUTI/part-065926_941355-026582.parquet,real_data_sample\l2_unseen_validation\trade_date=2026-07-17\exchange=NSE\symbol=MARUTI\part-065926_941355-026582.parquet,34509,downloaded,34509,
2026-07-17,NSE,MARUTI,raw_l2/trade_date=2026-07-17/exchange=NSE/symbol=MARUTI/part-070010_948350-026678.parquet,real_data_sample\l2_unseen_validation\trade_date=2026-07-17\exchange=NSE\symbol=MARUTI\part-070010_948350-026678.parquet,34543,downloaded,34543,
2026-07-17,NSE,MARUTI,raw_l2/trade_date=2026-07-17/exchange=NSE/symbol=MARUTI/part-070025_470239-026710.parquet,real_data_sample\l2_unseen_validation\trade_date=2026-07-17\exchange=NSE\symbol=MARUTI\part-070025_470239-026710.parquet,35191,downloaded,35191,
2026-07-17,NSE,MARUTI,raw_l2/trade_date=2026-07-17/exchange=NSE/symbol=MARUTI/part-070222_880607-026966.parquet,real_data_sample\l2_unseen_validation\trade_date=2026-07-17\exchange=NSE\symbol=MARUTI\part-070222_880607-026966.parquet,34658,downloaded,34658,
2026-07-17,NSE,MARUTI,raw_l2/trade_date=2026-07-17/exchange=NSE/symbol=MARUTI/part-070404_997029-027190.parquet,real_data_sample\l2_unseen_validation\trade_date=2026-07-17\exchange=NSE\symbol=MARUTI\part-070404_997029-027190.parquet,34564,downloaded,34564,
2026-07-17,NSE,MARUTI,raw_l2/trade_date=2026-07-17/exchange=NSE/symbol=MARUTI/part-070419_208935-027222.parquet,real_data_sample\l2_unseen_validation\trade_date=2026-07-17\exchange=NSE\symbol=MARUTI\part-070419_208935-027222.parquet,34420,downloaded,34420,
2026-07-17,NSE,MARUTI,raw_l2/trade_date=2026-07-17/exchange=NSE/symbol=MARUTI/part-070321_916686-027094.parquet,real_data_sample\l2_unseen_validation\trade_date=2026-07-17\exchange=NSE\symbol=MARUTI\part-070321_916686-027094.parquet,34561,downloaded,34561,
2026-07-17,NSE,MARUTI,raw_l2/trade_date=2026-07-17/exchange=NSE/symbol=MARUTI/part-070447_606890-027286.parquet,real_data_sample\l2_unseen_validation\trade_date=2026-07-17\exchange=NSE\symbol=MARUTI\part-070447_606890-027286.parquet,34535,downloaded,34535,
2026-07-17,NSE,MARUTI,raw_l2/trade_date=2026-07-17/exchange=NSE/symbol=MARUTI/part-070336_216024-027126.parquet,real_data_sample\l2_unseen_validation\trade_date=2026-07-17\exchange=NSE\symbol=MARUTI\part-070336_216024-027126.parquet,34306,downloaded,34306,
2026-07-17,NSE,MARUTI,raw_l2/trade_date=2026-07-17/exchange=NSE/symbol=MARUTI/part-070350_515371-027158.parquet,real_data_sample\l2_unseen_validation\trade_date=2026-07-17\exchange=NSE\symbol=MARUTI\part-070350_515371-027158.parquet,34675,downloaded,34675,
2026-07-17,NSE,MARUTI,raw_l2/trade_date=2026-07-17/exchange=NSE/symbol=MARUTI/part-070516_772642-027350.parquet,real_data_sample\l2_unseen_validation\trade_date=2026-07-17\exchange=NSE\symbol=MARUTI\part-070516_772642-027350.parquet,34665,downloaded,34665,
2026-07-17,NSE,MARUTI,raw_l2/trade_date=2026-07-17/exchange=NSE/symbol=MARUTI/part-070502_335607-027318.parquet,real_data_sample\l2_unseen_validation\trade_date=2026-07-17\exchange=NSE\symbol=MARUTI\part-070502_335607-027318.parquet,34435,downloaded,34435,
2026-07-17,NSE,MARUTI,raw_l2/trade_date=2026-07-17/exchange=NSE/symbol=MARUTI/part-070433_323411-027254.parquet,real_data_sample\l2_unseen_validation\trade_date=2026-07-17\exchange=NSE\symbol=MARUTI\part-070433_323411-027254.parquet,34568,downloaded,34568,
2026-07-17,NSE,MARUTI,raw_l2/trade_date=2026-07-17/exchange=NSE/symbol=MARUTI/part-070559_989004-027446.parquet,real_data_sample\l2_unseen_validation\trade_date=2026-07-17\exchange=NSE\symbol=MARUTI\part-070559_989004-027446.parquet,34600,downloaded,34600,
2026-07-17,NSE,MARUTI,raw_l2/trade_date=2026-07-17/exchange=NSE/symbol=MARUTI/part-070545_745512-027414.parquet,real_data_sample\l2_unseen_validation\trade_date=2026-07-17\exchange=NSE\symbol=MARUTI\part-070545_745512-027414.parquet,34416,downloaded,34416,
2026-07-17,NSE,MARUTI,raw_l2/trade_date=2026-07-17/exchange=NSE/symbol=MARUTI/part-070237_577144-026998.parquet,real_data_sample\l2_unseen_validation\trade_date=2026-07-17\exchange=NSE\symbol=MARUTI\part-070237_577144-026998.parquet,34619,downloaded,34619,
2026-07-17,NSE,MARUTI,raw_l2/trade_date=2026-07-17/exchange=NSE/symbol=MARUTI/part-070252_338639-027030.parquet,real_data_sample\l2_unseen_validation\trade_date=2026-07-17\exchange=NSE\symbol=MARUTI\part-070252_338639-027030.parquet,34432,downloaded,34432,
2026-07-17,NSE,MARUTI,raw_l2/trade_date=2026-07-17/exchange=NSE/symbol=MARUTI/part-070531_350493-027382.parquet,real_data_sample\l2_unseen_validation\trade_date=2026-07-17\exchange=NSE\symbol=MARUTI\part-070531_350493-027382.parquet,34478,downloaded,34478,
2026-07-17,NSE,MARUTI,raw_l2/trade_date=2026-07-17/exchange=NSE/symbol=MARUTI/part-070643_147754-027542.parquet,real_data_sample\l2_unseen_validation\trade_date=2026-07-17\exchange=NSE\symbol=MARUTI\part-070643_147754-027542.parquet,34409,downloaded,34409,
2026-07-17,NSE,MARUTI,raw_l2/trade_date=2026-07-17/exchange=NSE/symbol=MARUTI/part-070307_177866-027062.parquet,real_data_sample\l2_unseen_validation\trade_date=2026-07-17\exchange=NSE\symbol=MARUTI\part-070307_177866-027062.parquet,34679,downloaded,34679,
2026-07-17,NSE,MARUTI,raw_l2/trade_date=2026-07-17/exchange=NSE/symbol=MARUTI/part-070657_368329-027574.parquet,real_data_sample\l2_unseen_validation\trade_date=2026-07-17\exchange=NSE\symbol=MARUTI\part-070657_368329-027574.parquet,34553,downloaded,34553,
2026-07-17,NSE,MARUTI,raw_l2/trade_date=2026-07-17/exchange=NSE/symbol=MARUTI/part-070628_772047-027510.parquet,real_data_sample\l2_unseen_validation\trade_date=2026-07-17\exchange=NSE\symbol=MARUTI\part-070628_772047-027510.parquet,34275,downloaded,34275,
2026-07-17,NSE,MARUTI,raw_l2/trade_date=2026-07-17/exchange=NSE/symbol=MARUTI/part-070614_369835-027478.parquet,real_data_sample\l2_unseen_validation\trade_date=2026-07-17\exchange=NSE\symbol=MARUTI\part-070614_369835-027478.parquet,34487,downloaded,34487,
2026-07-17,NSE,MARUTI,raw_l2/trade_date=2026-07-17/exchange=NSE/symbol=MARUTI/part-070711_661912-027606.parquet,real_data_sample\l2_unseen_validation\trade_date=2026-07-17\exchange=NSE\symbol=MARUTI\part-070711_661912-027606.parquet,34356,downloaded,34356,
2026-07-17,NSE,MARUTI,raw_l2/trade_date=2026-07-17/exchange=NSE/symbol=MARUTI/part-070725_915380-027638.parquet,real_data_sample\l2_unseen_validation\trade_date=2026-07-17\exchange=NSE\symbol=MARUTI\part-070725_915380-027638.parquet,34288,downloaded,34288,
2026-07-17,NSE,MARUTI,raw_l2/trade_date=2026-07-17/exchange=NSE/symbol=MARUTI/part-070138_514357-026870.parquet,real_data_sample\l2_unseen_validation\trade_date=2026-07-17\exchange=NSE\symbol=MARUTI\part-070138_514357-026870.parquet,34562,downloaded,34562,
2026-07-17,NSE,MARUTI,raw_l2/trade_date=2026-07-17/exchange=NSE/symbol=MARUTI/part-070153_616544-026902.parquet,real_data_sample\l2_unseen_validation\trade_date=2026-07-17\exchange=NSE\symbol=MARUTI\part-070153_616544-026902.parquet,34519,downloaded,34519,
2026-07-17,NSE,MARUTI,raw_l2/trade_date=2026-07-17/exchange=NSE/symbol=MARUTI/part-071100_591132-028118.parquet,real_data_sample\l2_unseen_validation\trade_date=2026-07-17\exchange=NSE\symbol=MARUTI\part-071100_591132-028118.parquet,34666,downloaded,34666,
2026-07-17,NSE,MARUTI,raw_l2/trade_date=2026-07-17/exchange=NSE/symbol=MARUTI/part-071227_691761-028310.parquet,real_data_sample\l2_unseen_validation\trade_date=2026-07-17\exchange=NSE\symbol=MARUTI\part-071227_691761-028310.parquet,35299,downloaded,35299,
2026-07-17,NSE,MARUTI,raw_l2/trade_date=2026-07-17/exchange=NSE/symbol=MARUTI/part-070949_139072-027958.parquet,real_data_sample\l2_unseen_validation\trade_date=2026-07-17\exchange=NSE\symbol=MARUTI\part-070949_139072-027958.parquet,34488,downloaded,34488,
2026-07-17,NSE,MARUTI,raw_l2/trade_date=2026-07-17/exchange=NSE/symbol=MARUTI/part-071242_191845-028342.parquet,real_data_sample\l2_unseen_validation\trade_date=2026-07-17\exchange=NSE\symbol=MARUTI\part-071242_191845-028342.parquet,35023,downloaded,35023,
2026-07-17,NSE,MARUTI,raw_l2/trade_date=2026-07-17/exchange=NSE/symbol=MARUTI/part-071017_580703-028022.parquet,real_data_sample\l2_unseen_validation\trade_date=2026-07-17\exchange=NSE\symbol=MARUTI\part-071017_580703-028022.parquet,34653,downloaded,34653,
2026-07-17,NSE,MARUTI,raw_l2/trade_date=2026-07-17/exchange=NSE/symbol=MARUTI/part-071158_779606-028246.parquet,real_data_sample\l2_unseen_validation\trade_date=2026-07-17\exchange=NSE\symbol=MARUTI\part-071158_779606-028246.parquet,34909,downloaded,34909,
2026-07-17,NSE,MARUTI,raw_l2/trade_date=2026-07-17/exchange=NSE/symbol=MARUTI/part-071129_687012-028182.parquet,real_data_sample\l2_unseen_validation\trade_date=2026-07-17\exchange=NSE\symbol=MARUTI\part-071129_687012-028182.parquet,35981,downloaded,35981,
2026-07-17,NSE,MARUTI,raw_l2/trade_date=2026-07-17/exchange=NSE/symbol=MARUTI/part-071213_203373-028278.parquet,real_data_sample\l2_unseen_validation\trade_date=2026-07-17\exchange=NSE\symbol=MARUTI\part-071213_203373-028278.parquet,35363,downloaded,35363,
2026-07-17,NSE,MARUTI,raw_l2/trade_date=2026-07-17/exchange=NSE/symbol=MARUTI/part-071144_398445-028214.parquet,real_data_sample\l2_unseen_validation\trade_date=2026-07-17\exchange=NSE\symbol=MARUTI\part-071144_398445-028214.parquet,35991,downloaded,35991,
2026-07-17,NSE,MARUTI,raw_l2/trade_date=2026-07-17/exchange=NSE/symbol=MARUTI/part-063910_466133-023798.parquet,real_data_sample\l2_unseen_validation\trade_date=2026-07-17\exchange=NSE\symbol=MARUTI\part-063910_466133-023798.parquet,35773,downloaded,35773,
2026-07-17,NSE,MARUTI,raw_l2/trade_date=2026-07-17/exchange=NSE/symbol=MARUTI/part-064020_354245-023958.parquet,real_data_sample\l2_unseen_validation\trade_date=2026-07-17\exchange=NSE\symbol=MARUTI\part-064020_354245-023958.parquet,34748,downloaded,34748,
2026-07-17,NSE,MARUTI,raw_l2/trade_date=2026-07-17/exchange=NSE/symbol=MARUTI/part-063938_429599-023862.parquet,real_data_sample\l2_unseen_validation\trade_date=2026-07-17\exchange=NSE\symbol=MARUTI\part-063938_429599-023862.parquet,35247,downloaded,35247,
2026-07-17,NSE,MARUTI,raw_l2/trade_date=2026-07-17/exchange=NSE/symbol=MARUTI/part-064320_916036-024374.parquet,real_data_sample\l2_unseen_validation\trade_date=2026-07-17\exchange=NSE\symbol=MARUTI\part-064320_916036-024374.parquet,34576,downloaded,34576,
2026-07-17,NSE,MARUTI,raw_l2/trade_date=2026-07-17/exchange=NSE/symbol=MARUTI/part-063841_619969-023734.parquet,real_data_sample\l2_unseen_validation\trade_date=2026-07-17\exchange=NSE\symbol=MARUTI\part-063841_619969-023734.parquet,35659,downloaded,35659,
2026-07-17,NSE,MARUTI,raw_l2/trade_date=2026-07-17/exchange=NSE/symbol=MARUTI/part-064158_082579-024182.parquet,real_data_sample\l2_unseen_validation\trade_date=2026-07-17\exchange=NSE\symbol=MARUTI\part-064158_082579-024182.parquet,35431,downloaded,35431,
2026-07-17,NSE,MARUTI,raw_l2/trade_date=2026-07-17/exchange=NSE/symbol=MARUTI/part-071310_739539-028406.parquet,real_data_sample\l2_unseen_validation\trade_date=2026-07-17\exchange=NSE\symbol=MARUTI\part-071310_739539-028406.parquet,35411,downloaded,35411,
2026-07-17,NSE,MARUTI,raw_l2/trade_date=2026-07-17/exchange=NSE/symbol=MARUTI/part-071353_654345-028502.parquet,real_data_sample\l2_unseen_validation\trade_date=2026-07-17\exchange=NSE\symbol=MARUTI\part-071353_654345-028502.parquet,35092,downloaded,35092,
2026-07-17,NSE,MARUTI,raw_l2/trade_date=2026-07-17/exchange=NSE/symbol=MARUTI/part-071422_157336-028566.parquet,real_data_sample\l2_unseen_validation\trade_date=2026-07-17\exchange=NSE\symbol=MARUTI\part-071422_157336-028566.parquet,35101,downloaded,35101,
2026-07-17,NSE,MARUTI,raw_l2/trade_date=2026-07-17/exchange=NSE/symbol=MARUTI/part-071324_968641-028438.parquet,real_data_sample\l2_unseen_validation\trade_date=2026-07-17\exchange=NSE\symbol=MARUTI\part-071324_968641-028438.parquet,35043,downloaded,35043,
2026-07-17,NSE,MARUTI,raw_l2/trade_date=2026-07-17/exchange=NSE/symbol=MARUTI/part-071450_857049-028630.parquet,real_data_sample\l2_unseen_validation\trade_date=2026-07-17\exchange=NSE\symbol=MARUTI\part-071450_857049-028630.parquet,35030,downloaded,35030,
2026-07-17,NSE,MARUTI,raw_l2/trade_date=2026-07-17/exchange=NSE/symbol=MARUTI/part-071407_960375-028534.parquet,real_data_sample\l2_unseen_validation\trade_date=2026-07-17\exchange=NSE\symbol=MARUTI\part-071407_960375-028534.parquet,35432,downloaded,35432,
2026-07-17,NSE,MARUTI,raw_l2/trade_date=2026-07-17/exchange=NSE/symbol=MARUTI/part-071339_258160-028470.parquet,real_data_sample\l2_unseen_validation\trade_date=2026-07-17\exchange=NSE\symbol=MARUTI\part-071339_258160-028470.parquet,35007,downloaded,35007,
2026-07-17,NSE,MARUTI,raw_l2/trade_date=2026-07-17/exchange=NSE/symbol=MARUTI/part-071505_343050-028662.parquet,real_data_sample\l2_unseen_validation\trade_date=2026-07-17\exchange=NSE\symbol=MARUTI\part-071505_343050-028662.parquet,35210,downloaded,35210,
2026-07-17,NSE,MARUTI,raw_l2/trade_date=2026-07-17/exchange=NSE/symbol=MARUTI/part-071436_403933-028598.parquet,real_data_sample\l2_unseen_validation\trade_date=2026-07-17\exchange=NSE\symbol=MARUTI\part-071436_403933-028598.parquet,35237,downloaded,35237,
2026-07-17,NSE,MARUTI,raw_l2/trade_date=2026-07-17/exchange=NSE/symbol=MARUTI/part-071519_821790-028694.parquet,real_data_sample\l2_unseen_validation\trade_date=2026-07-17\exchange=NSE\symbol=MARUTI\part-071519_821790-028694.parquet,35342,downloaded,35342,
2026-07-17,NSE,MARUTI,raw_l2/trade_date=2026-07-17/exchange=NSE/symbol=MARUTI/part-071256_390569-028374.parquet,real_data_sample\l2_unseen_validation\trade_date=2026-07-17\exchange=NSE\symbol=MARUTI\part-071256_390569-028374.parquet,34945,downloaded,34945,
2026-07-17,NSE,MARUTI,raw_l2/trade_date=2026-07-17/exchange=NSE/symbol=MARUTI/part-064511_977557-024630.parquet,real_data_sample\l2_unseen_validation\trade_date=2026-07-17\exchange=NSE\symbol=MARUTI\part-064511_977557-024630.parquet,34532,downloaded,34532,
2026-07-17,NSE,MARUTI,raw_l2/trade_date=2026-07-17/exchange=NSE/symbol=MARUTI/part-071617_144081-028822.parquet,real_data_sample\l2_unseen_validation\trade_date=2026-07-17\exchange=NSE\symbol=MARUTI\part-071617_144081-028822.parquet,35173,downloaded,35173,
2026-07-17,NSE,MARUTI,raw_l2/trade_date=2026-07-17/exchange=NSE/symbol=MARUTI/part-071728_067051-028982.parquet,real_data_sample\l2_unseen_validation\trade_date=2026-07-17\exchange=NSE\symbol=MARUTI\part-071728_067051-028982.parquet,35014,downloaded,35014,
2026-07-17,NSE,MARUTI,raw_l2/trade_date=2026-07-17/exchange=NSE/symbol=MARUTI/part-071756_633247-029046.parquet,real_data_sample\l2_unseen_validation\trade_date=2026-07-17\exchange=NSE\symbol=MARUTI\part-071756_633247-029046.parquet,35213,downloaded,35213,
2026-07-17,NSE,MARUTI,raw_l2/trade_date=2026-07-17/exchange=NSE/symbol=MARUTI/part-071742_370595-029014.parquet,real_data_sample\l2_unseen_validation\trade_date=2026-07-17\exchange=NSE\symbol=MARUTI\part-071742_370595-029014.parquet,35478,downloaded,35478,
2026-07-17,NSE,MARUTI,raw_l2/trade_date=2026-07-17/exchange=NSE/symbol=MARUTI/part-071602_850086-028790.parquet,real_data_sample\l2_unseen_validation\trade_date=2026-07-17\exchange=NSE\symbol=MARUTI\part-071602_850086-028790.parquet,34933,downloaded,34933,
2026-07-17,NSE,MARUTI,raw_l2/trade_date=2026-07-17/exchange=NSE/symbol=MARUTI/part-071534_066332-028726.parquet,real_data_sample\l2_unseen_validation\trade_date=2026-07-17\exchange=NSE\symbol=MARUTI\part-071534_066332-028726.parquet,35532,downloaded,35532,
2026-07-17,NSE,MARUTI,raw_l2/trade_date=2026-07-17/exchange=NSE/symbol=MARUTI/part-071825_421923-029110.parquet,real_data_sample\l2_unseen_validation\trade_date=2026-07-17\exchange=NSE\symbol=MARUTI\part-071825_421923-029110.parquet,35281,downloaded,35281,
2026-07-17,NSE,MARUTI,raw_l2/trade_date=2026-07-17/exchange=NSE/symbol=MARUTI/part-071548_457907-028758.parquet,real_data_sample\l2_unseen_validation\trade_date=2026-07-17\exchange=NSE\symbol=MARUTI\part-071548_457907-028758.parquet,35232,downloaded,35232,
2026-07-17,NSE,MARUTI,raw_l2/trade_date=2026-07-17/exchange=NSE/symbol=MARUTI/part-071855_077958-029174.parquet,real_data_sample\l2_unseen_validation\trade_date=2026-07-17\exchange=NSE\symbol=MARUTI\part-071855_077958-029174.parquet,35148,downloaded,35148,
2026-07-17,NSE,MARUTI,raw_l2/trade_date=2026-07-17/exchange=NSE/symbol=MARUTI/part-071840_049682-029142.parquet,real_data_sample\l2_unseen_validation\trade_date=2026-07-17\exchange=NSE\symbol=MARUTI\part-071840_049682-029142.parquet,35307,downloaded,35307,
2026-07-17,NSE,MARUTI,raw_l2/trade_date=2026-07-17/exchange=NSE/symbol=MARUTI/part-071909_542676-029206.parquet,real_data_sample\l2_unseen_validation\trade_date=2026-07-17\exchange=NSE\symbol=MARUTI\part-071909_542676-029206.parquet,35181,downloaded,35181,
2026-07-17,NSE,MARUTI,raw_l2/trade_date=2026-07-17/exchange=NSE/symbol=MARUTI/part-071811_101983-029078.parquet,real_data_sample\l2_unseen_validation\trade_date=2026-07-17\exchange=NSE\symbol=MARUTI\part-071811_101983-029078.parquet,34806,downloaded,34806,
2026-07-17,NSE,MARUTI,raw_l2/trade_date=2026-07-17/exchange=NSE/symbol=MARUTI/part-071659_808911-028918.parquet,real_data_sample\l2_unseen_validation\trade_date=2026-07-17\exchange=NSE\symbol=MARUTI\part-071659_808911-028918.parquet,35072,downloaded,35072,
2026-07-17,NSE,MARUTI,raw_l2/trade_date=2026-07-17/exchange=NSE/symbol=MARUTI/part-071713_950611-028950.parquet,real_data_sample\l2_unseen_validation\trade_date=2026-07-17\exchange=NSE\symbol=MARUTI\part-071713_950611-028950.parquet,35272,downloaded,35272,
2026-07-17,NSE,MARUTI,raw_l2/trade_date=2026-07-17/exchange=NSE/symbol=MARUTI/part-071645_653124-028886.parquet,real_data_sample\l2_unseen_validation\trade_date=2026-07-17\exchange=NSE\symbol=MARUTI\part-071645_653124-028886.parquet,34874,downloaded,34874,
2026-07-17,NSE,MARUTI,raw_l2/trade_date=2026-07-17/exchange=NSE/symbol=MARUTI/part-071938_184644-029270.parquet,real_data_sample\l2_unseen_validation\trade_date=2026-07-17\exchange=NSE\symbol=MARUTI\part-071938_184644-029270.parquet,35278,downloaded,35278,
2026-07-17,NSE,MARUTI,raw_l2/trade_date=2026-07-17/exchange=NSE/symbol=MARUTI/part-071923_844845-029238.parquet,real_data_sample\l2_unseen_validation\trade_date=2026-07-17\exchange=NSE\symbol=MARUTI\part-071923_844845-029238.parquet,35259,downloaded,35259,
2026-07-17,NSE,MARUTI,raw_l2/trade_date=2026-07-17/exchange=NSE/symbol=MARUTI/part-071952_328675-029302.parquet,real_data_sample\l2_unseen_validation\trade_date=2026-07-17\exchange=NSE\symbol=MARUTI\part-071952_328675-029302.parquet,35089,downloaded,35089,
2026-07-17,NSE,MARUTI,raw_l2/trade_date=2026-07-17/exchange=NSE/symbol=MARUTI/part-072229_137961-029654.parquet,real_data_sample\l2_unseen_validation\trade_date=2026-07-17\exchange=NSE\symbol=MARUTI\part-072229_137961-029654.parquet,34782,downloaded,34782,
2026-07-17,NSE,MARUTI,raw_l2/trade_date=2026-07-17/exchange=NSE/symbol=MARUTI/part-072145_996564-029558.parquet,real_data_sample\l2_unseen_validation\trade_date=2026-07-17\exchange=NSE\symbol=MARUTI\part-072145_996564-029558.parquet,35075,downloaded,35075,
2026-07-17,NSE,MARUTI,raw_l2/trade_date=2026-07-17/exchange=NSE/symbol=MARUTI/part-072006_646989-029334.parquet,real_data_sample\l2_unseen_validation\trade_date=2026-07-17\exchange=NSE\symbol=MARUTI\part-072006_646989-029334.parquet,35183,downloaded,35183,
2026-07-17,NSE,MARUTI,raw_l2/trade_date=2026-07-17/exchange=NSE/symbol=MARUTI/part-072049_427729-029430.parquet,real_data_sample\l2_unseen_validation\trade_date=2026-07-17\exchange=NSE\symbol=MARUTI\part-072049_427729-029430.parquet,35276,downloaded,35276,
2026-07-17,NSE,MARUTI,raw_l2/trade_date=2026-07-17/exchange=NSE/symbol=MARUTI/part-072200_800886-029590.parquet,real_data_sample\l2_unseen_validation\trade_date=2026-07-17\exchange=NSE\symbol=MARUTI\part-072200_800886-029590.parquet,34863,downloaded,34863,
2026-07-17,NSE,MARUTI,raw_l2/trade_date=2026-07-17/exchange=NSE/symbol=MARUTI/part-072103_668568-029462.parquet,real_data_sample\l2_unseen_validation\trade_date=2026-07-17\exchange=NSE\symbol=MARUTI\part-072103_668568-029462.parquet,34897,downloaded,34897,
2026-07-17,NSE,MARUTI,raw_l2/trade_date=2026-07-17/exchange=NSE/symbol=MARUTI/part-072020_914877-029366.parquet,real_data_sample\l2_unseen_validation\trade_date=2026-07-17\exchange=NSE\symbol=MARUTI\part-072020_914877-029366.parquet,35103,downloaded,35103,
2026-07-17,NSE,MARUTI,raw_l2/trade_date=2026-07-17/exchange=NSE/symbol=MARUTI/part-072132_020669-029526.parquet,real_data_sample\l2_unseen_validation\trade_date=2026-07-17\exchange=NSE\symbol=MARUTI\part-072132_020669-029526.parquet,35047,downloaded,35047,
2026-07-17,NSE,MARUTI,raw_l2/trade_date=2026-07-17/exchange=NSE/symbol=MARUTI/part-072215_136295-029622.parquet,real_data_sample\l2_unseen_validation\trade_date=2026-07-17\exchange=NSE\symbol=MARUTI\part-072215_136295-029622.parquet,35053,downloaded,35053,
2026-07-17,NSE,MARUTI,raw_l2/trade_date=2026-07-17/exchange=NSE/symbol=MARUTI/part-072257_659823-029718.parquet,real_data_sample\l2_unseen_validation\trade_date=2026-07-17\exchange=NSE\symbol=MARUTI\part-072257_659823-029718.parquet,34477,downloaded,34477,
2026-07-17,NSE,MARUTI,raw_l2/trade_date=2026-07-17/exchange=NSE/symbol=MARUTI/part-072243_465051-029686.parquet,real_data_sample\l2_unseen_validation\trade_date=2026-07-17\exchange=NSE\symbol=MARUTI\part-072243_465051-029686.parquet,34243,downloaded,34243,
2026-07-17,NSE,MARUTI,raw_l2/trade_date=2026-07-17/exchange=NSE/symbol=MARUTI/part-072117_799019-029494.parquet,real_data_sample\l2_unseen_validation\trade_date=2026-07-17\exchange=NSE\symbol=MARUTI\part-072117_799019-029494.parquet,34988,downloaded,34988,
2026-07-17,NSE,MARUTI,raw_l2/trade_date=2026-07-17/exchange=NSE/symbol=MARUTI/part-072311_990654-029750.parquet,real_data_sample\l2_unseen_validation\trade_date=2026-07-17\exchange=NSE\symbol=MARUTI\part-072311_990654-029750.parquet,34859,downloaded,34859,
2026-07-17,NSE,MARUTI,raw_l2/trade_date=2026-07-17/exchange=NSE/symbol=MARUTI/part-072035_169825-029398.parquet,real_data_sample\l2_unseen_validation\trade_date=2026-07-17\exchange=NSE\symbol=MARUTI\part-072035_169825-029398.parquet,35443,downloaded,35443,
2026-07-17,NSE,MARUTI,raw_l2/trade_date=2026-07-17/exchange=NSE/symbol=MARUTI/part-072326_308578-029782.parquet,real_data_sample\l2_unseen_validation\trade_date=2026-07-17\exchange=NSE\symbol=MARUTI\part-072326_308578-029782.parquet,34991,downloaded,34991,
2026-07-17,NSE,MARUTI,raw_l2/trade_date=2026-07-17/exchange=NSE/symbol=MARUTI/part-072354_946640-029846.parquet,real_data_sample\l2_unseen_validation\trade_date=2026-07-17\exchange=NSE\symbol=MARUTI\part-072354_946640-029846.parquet,34594,downloaded,34594,
2026-07-17,NSE,MARUTI,raw_l2/trade_date=2026-07-17/exchange=NSE/symbol=MARUTI/part-072409_141142-029878.parquet,real_data_sample\l2_unseen_validation\trade_date=2026-07-17\exchange=NSE\symbol=MARUTI\part-072409_141142-029878.parquet,34458,downloaded,34458,
2026-07-17,NSE,MARUTI,raw_l2/trade_date=2026-07-17/exchange=NSE/symbol=MARUTI/part-071631_375797-028854.parquet,real_data_sample\l2_unseen_validation\trade_date=2026-07-17\exchange=NSE\symbol=MARUTI\part-071631_375797-028854.parquet,34870,downloaded,34870,
2026-07-17,NSE,MARUTI,raw_l2/trade_date=2026-07-17/exchange=NSE/symbol=MARUTI/part-072437_723228-029942.parquet,real_data_sample\l2_unseen_validation\trade_date=2026-07-17\exchange=NSE\symbol=MARUTI\part-072437_723228-029942.parquet,34953,downloaded,34953,
2026-07-17,NSE,MARUTI,raw_l2/trade_date=2026-07-17/exchange=NSE/symbol=MARUTI/part-070207_929966-026934.parquet,real_data_sample\l2_unseen_validation\trade_date=2026-07-17\exchange=NSE\symbol=MARUTI\part-070207_929966-026934.parquet,34742,downloaded,34742,
2026-07-17,NSE,MARUTI,raw_l2/trade_date=2026-07-17/exchange=NSE/symbol=MARUTI/part-072534_894698-030070.parquet,real_data_sample\l2_unseen_validation\trade_date=2026-07-17\exchange=NSE\symbol=MARUTI\part-072534_894698-030070.parquet,35112,downloaded,35112,
2026-07-17,NSE,MARUTI,raw_l2/trade_date=2026-07-17/exchange=NSE/symbol=MARUTI/part-072700_251403-030262.parquet,real_data_sample\l2_unseen_validation\trade_date=2026-07-17\exchange=NSE\symbol=MARUTI\part-072700_251403-030262.parquet,35447,downloaded,35447,
2026-07-17,NSE,MARUTI,raw_l2/trade_date=2026-07-17/exchange=NSE/symbol=MARUTI/part-072506_477655-030006.parquet,real_data_sample\l2_unseen_validation\trade_date=2026-07-17\exchange=NSE\symbol=MARUTI\part-072506_477655-030006.parquet,35276,downloaded,35276,
2026-07-17,NSE,MARUTI,raw_l2/trade_date=2026-07-17/exchange=NSE/symbol=MARUTI/part-072452_179341-029974.parquet,real_data_sample\l2_unseen_validation\trade_date=2026-07-17\exchange=NSE\symbol=MARUTI\part-072452_179341-029974.parquet,34846,downloaded,34846,
2026-07-17,NSE,MARUTI,raw_l2/trade_date=2026-07-17/exchange=NSE/symbol=MARUTI/part-072603_089636-030134.parquet,real_data_sample\l2_unseen_validation\trade_date=2026-07-17\exchange=NSE\symbol=MARUTI\part-072603_089636-030134.parquet,35547,downloaded,35547,
2026-07-17,NSE,MARUTI,raw_l2/trade_date=2026-07-17/exchange=NSE/symbol=MARUTI/part-072714_746950-030294.parquet,real_data_sample\l2_unseen_validation\trade_date=2026-07-17\exchange=NSE\symbol=MARUTI\part-072714_746950-030294.parquet,35158,downloaded,35158,
2026-07-17,NSE,MARUTI,raw_l2/trade_date=2026-07-17/exchange=NSE/symbol=MARUTI/part-072646_065568-030230.parquet,real_data_sample\l2_unseen_validation\trade_date=2026-07-17\exchange=NSE\symbol=MARUTI\part-072646_065568-030230.parquet,35128,downloaded,35128,
2026-07-17,NSE,MARUTI,raw_l2/trade_date=2026-07-17/exchange=NSE/symbol=MARUTI/part-072631_762149-030198.parquet,real_data_sample\l2_unseen_validation\trade_date=2026-07-17\exchange=NSE\symbol=MARUTI\part-072631_762149-030198.parquet,34570,downloaded,34570,
2026-07-17,NSE,MARUTI,raw_l2/trade_date=2026-07-17/exchange=NSE/symbol=MARUTI/part-072617_298744-030166.parquet,real_data_sample\l2_unseen_validation\trade_date=2026-07-17\exchange=NSE\symbol=MARUTI\part-072617_298744-030166.parquet,34866,downloaded,34866,
2026-07-17,NSE,MARUTI,raw_l2/trade_date=2026-07-17/exchange=NSE/symbol=MARUTI/part-072549_148398-030102.parquet,real_data_sample\l2_unseen_validation\trade_date=2026-07-17\exchange=NSE\symbol=MARUTI\part-072549_148398-030102.parquet,34823,downloaded,34823,
2026-07-17,NSE,MARUTI,raw_l2/trade_date=2026-07-17/exchange=NSE/symbol=MARUTI/part-072423_342453-029910.parquet,real_data_sample\l2_unseen_validation\trade_date=2026-07-17\exchange=NSE\symbol=MARUTI\part-072423_342453-029910.parquet,35212,downloaded,35212,
2026-07-17,NSE,MARUTI,raw_l2/trade_date=2026-07-17/exchange=NSE/symbol=MARUTI/part-072520_619306-030038.parquet,real_data_sample\l2_unseen_validation\trade_date=2026-07-17\exchange=NSE\symbol=MARUTI\part-072520_619306-030038.parquet,35168,downloaded,35168,
2026-07-17,NSE,MARUTI,raw_l2/trade_date=2026-07-17/exchange=NSE/symbol=MARUTI/part-072340_673986-029814.parquet,real_data_sample\l2_unseen_validation\trade_date=2026-07-17\exchange=NSE\symbol=MARUTI\part-072340_673986-029814.parquet,34677,downloaded,34677,
2026-07-17,NSE,MARUTI,raw_l2/trade_date=2026-07-17/exchange=NSE/symbol=MARUTI/part-072729_179458-030326.parquet,real_data_sample\l2_unseen_validation\trade_date=2026-07-17\exchange=NSE\symbol=MARUTI\part-072729_179458-030326.parquet,35508,downloaded,35508,
2026-07-17,NSE,MARUTI,raw_l2/trade_date=2026-07-17/exchange=NSE/symbol=MARUTI/part-072743_545981-030358.parquet,real_data_sample\l2_unseen_validation\trade_date=2026-07-17\exchange=NSE\symbol=MARUTI\part-072743_545981-030358.parquet,35453,downloaded,35453,
2026-07-17,NSE,MARUTI,raw_l2/trade_date=2026-07-17/exchange=NSE/symbol=MARUTI/part-072758_100005-030390.parquet,real_data_sample\l2_unseen_validation\trade_date=2026-07-17\exchange=NSE\symbol=MARUTI\part-072758_100005-030390.parquet,35099,downloaded,35099,
2026-07-17,NSE,MARUTI,raw_l2/trade_date=2026-07-17/exchange=NSE/symbol=MARUTI/part-072826_892300-030454.parquet,real_data_sample\l2_unseen_validation\trade_date=2026-07-17\exchange=NSE\symbol=MARUTI\part-072826_892300-030454.parquet,35007,downloaded,35007,
2026-07-17,NSE,MARUTI,raw_l2/trade_date=2026-07-17/exchange=NSE/symbol=MARUTI/part-072941_335881-030614.parquet,real_data_sample\l2_unseen_validation\trade_date=2026-07-17\exchange=NSE\symbol=MARUTI\part-072941_335881-030614.parquet,35193,downloaded,35193,
2026-07-17,NSE,MARUTI,raw_l2/trade_date=2026-07-17/exchange=NSE/symbol=MARUTI/part-072911_986908-030550.parquet,real_data_sample\l2_unseen_validation\trade_date=2026-07-17\exchange=NSE\symbol=MARUTI\part-072911_986908-030550.parquet,35268,downloaded,35268,
2026-07-17,NSE,MARUTI,raw_l2/trade_date=2026-07-17/exchange=NSE/symbol=MARUTI/part-073010_016128-030678.parquet,real_data_sample\l2_unseen_validation\trade_date=2026-07-17\exchange=NSE\symbol=MARUTI\part-073010_016128-030678.parquet,35172,downloaded,35172,
2026-07-17,NSE,MARUTI,raw_l2/trade_date=2026-07-17/exchange=NSE/symbol=MARUTI/part-072857_285073-030518.parquet,real_data_sample\l2_unseen_validation\trade_date=2026-07-17\exchange=NSE\symbol=MARUTI\part-072857_285073-030518.parquet,35310,downloaded,35310,
2026-07-17,NSE,MARUTI,raw_l2/trade_date=2026-07-17/exchange=NSE/symbol=MARUTI/part-073135_942975-030870.parquet,real_data_sample\l2_unseen_validation\trade_date=2026-07-17\exchange=NSE\symbol=MARUTI\part-073135_942975-030870.parquet,35190,downloaded,35190,
2026-07-17,NSE,MARUTI,raw_l2/trade_date=2026-07-17/exchange=NSE/symbol=MARUTI/part-072955_777760-030646.parquet,real_data_sample\l2_unseen_validation\trade_date=2026-07-17\exchange=NSE\symbol=MARUTI\part-072955_777760-030646.parquet,35427,downloaded,35427,
2026-07-17,NSE,MARUTI,raw_l2/trade_date=2026-07-17/exchange=NSE/symbol=MARUTI/part-073038_625824-030742.parquet,real_data_sample\l2_unseen_validation\trade_date=2026-07-17\exchange=NSE\symbol=MARUTI\part-073038_625824-030742.parquet,35198,downloaded,35198,
2026-07-17,NSE,MARUTI,raw_l2/trade_date=2026-07-17/exchange=NSE/symbol=MARUTI/part-073107_555158-030806.parquet,real_data_sample\l2_unseen_validation\trade_date=2026-07-17\exchange=NSE\symbol=MARUTI\part-073107_555158-030806.parquet,35551,downloaded,35551,
2026-07-17,NSE,MARUTI,raw_l2/trade_date=2026-07-17/exchange=NSE/symbol=MARUTI/part-073024_312791-030710.parquet,real_data_sample\l2_unseen_validation\trade_date=2026-07-17\exchange=NSE\symbol=MARUTI\part-073024_312791-030710.parquet,35452,downloaded,35452,
2026-07-17,NSE,MARUTI,raw_l2/trade_date=2026-07-17/exchange=NSE/symbol=MARUTI/part-073053_021034-030774.parquet,real_data_sample\l2_unseen_validation\trade_date=2026-07-17\exchange=NSE\symbol=MARUTI\part-073053_021034-030774.parquet,35304,downloaded,35304,
2026-07-17,NSE,MARUTI,raw_l2/trade_date=2026-07-17/exchange=NSE/symbol=MARUTI/part-073121_856904-030838.parquet,real_data_sample\l2_unseen_validation\trade_date=2026-07-17\exchange=NSE\symbol=MARUTI\part-073121_856904-030838.parquet,35400,downloaded,35400,
2026-07-17,NSE,MARUTI,raw_l2/trade_date=2026-07-17/exchange=NSE/symbol=MARUTI/part-073204_625450-030934.parquet,real_data_sample\l2_unseen_validation\trade_date=2026-07-17\exchange=NSE\symbol=MARUTI\part-073204_625450-030934.parquet,35182,downloaded,35182,
2026-07-17,NSE,MARUTI,raw_l2/trade_date=2026-07-17/exchange=NSE/symbol=MARUTI/part-072926_757617-030582.parquet,real_data_sample\l2_unseen_validation\trade_date=2026-07-17\exchange=NSE\symbol=MARUTI\part-072926_757617-030582.parquet,35007,downloaded,35007,
2026-07-17,NSE,MARUTI,raw_l2/trade_date=2026-07-17/exchange=NSE/symbol=MARUTI/part-071031_639752-028054.parquet,real_data_sample\l2_unseen_validation\trade_date=2026-07-17\exchange=NSE\symbol=MARUTI\part-071031_639752-028054.parquet,34838,downloaded,34838,
2026-07-17,NSE,MARUTI,raw_l2/trade_date=2026-07-17/exchange=NSE/symbol=MARUTI/part-070822_412163-027766.parquet,real_data_sample\l2_unseen_validation\trade_date=2026-07-17\exchange=NSE\symbol=MARUTI\part-070822_412163-027766.parquet,34436,downloaded,34436,
2026-07-17,NSE,MARUTI,raw_l2/trade_date=2026-07-17/exchange=NSE/symbol=MARUTI/part-070740_095095-027670.parquet,real_data_sample\l2_unseen_validation\trade_date=2026-07-17\exchange=NSE\symbol=MARUTI\part-070740_095095-027670.parquet,34509,downloaded,34509,
2026-07-17,NSE,MARUTI,raw_l2/trade_date=2026-07-17/exchange=NSE/symbol=MARUTI/part-073218_765058-030966.parquet,real_data_sample\l2_unseen_validation\trade_date=2026-07-17\exchange=NSE\symbol=MARUTI\part-073218_765058-030966.parquet,35338,downloaded,35338,
2026-07-17,NSE,MARUTI,raw_l2/trade_date=2026-07-17/exchange=NSE/symbol=MARUTI/part-070851_146885-027830.parquet,real_data_sample\l2_unseen_validation\trade_date=2026-07-17\exchange=NSE\symbol=MARUTI\part-070851_146885-027830.parquet,34687,downloaded,34687,
2026-07-17,NSE,MARUTI,raw_l2/trade_date=2026-07-17/exchange=NSE/symbol=MARUTI/part-070754_245281-027702.parquet,real_data_sample\l2_unseen_validation\trade_date=2026-07-17\exchange=NSE\symbol=MARUTI\part-070754_245281-027702.parquet,34426,downloaded,34426,
2026-07-17,NSE,MARUTI,raw_l2/trade_date=2026-07-17/exchange=NSE/symbol=MARUTI/part-070808_291220-027734.parquet,real_data_sample\l2_unseen_validation\trade_date=2026-07-17\exchange=NSE\symbol=MARUTI\part-070808_291220-027734.parquet,34257,downloaded,34257,
2026-07-17,NSE,MARUTI,raw_l2/trade_date=2026-07-17/exchange=NSE/symbol=MARUTI/part-073232_968661-030998.parquet,real_data_sample\l2_unseen_validation\trade_date=2026-07-17\exchange=NSE\symbol=MARUTI\part-073232_968661-030998.parquet,35401,downloaded,35401,
2026-07-17,NSE,MARUTI,raw_l2/trade_date=2026-07-17/exchange=NSE/symbol=MARUTI/part-071046_033136-028086.parquet,real_data_sample\l2_unseen_validation\trade_date=2026-07-17\exchange=NSE\symbol=MARUTI\part-071046_033136-028086.parquet,34782,downloaded,34782,
2026-07-17,NSE,MARUTI,raw_l2/trade_date=2026-07-17/exchange=NSE/symbol=MARUTI/part-071003_357569-027990.parquet,real_data_sample\l2_unseen_validation\trade_date=2026-07-17\exchange=NSE\symbol=MARUTI\part-071003_357569-027990.parquet,34816,downloaded,34816,
2026-07-17,NSE,MARUTI,raw_l2/trade_date=2026-07-17/exchange=NSE/symbol=MARUTI/part-070836_886226-027798.parquet,real_data_sample\l2_unseen_validation\trade_date=2026-07-17\exchange=NSE\symbol=MARUTI\part-070836_886226-027798.parquet,34595,downloaded,34595,
2026-07-17,NSE,MARUTI,raw_l2/trade_date=2026-07-17/exchange=NSE/symbol=MARUTI/part-070934_579087-027926.parquet,real_data_sample\l2_unseen_validation\trade_date=2026-07-17\exchange=NSE\symbol=MARUTI\part-070934_579087-027926.parquet,34602,downloaded,34602,
2026-07-17,NSE,MARUTI,raw_l2/trade_date=2026-07-17/exchange=NSE/symbol=MARUTI/part-070905_655682-027862.parquet,real_data_sample\l2_unseen_validation\trade_date=2026-07-17\exchange=NSE\symbol=MARUTI\part-070905_655682-027862.parquet,34537,downloaded,34537,
2026-07-17,NSE,MARUTI,raw_l2/trade_date=2026-07-17/exchange=NSE/symbol=MARUTI/part-070919_846812-027894.parquet,real_data_sample\l2_unseen_validation\trade_date=2026-07-17\exchange=NSE\symbol=MARUTI\part-070919_846812-027894.parquet,34659,downloaded,34659,
2026-07-17,NSE,MARUTI,raw_l2/trade_date=2026-07-17/exchange=NSE/symbol=MARUTI/part-073247_155691-031030.parquet,real_data_sample\l2_unseen_validation\trade_date=2026-07-17\exchange=NSE\symbol=MARUTI\part-073247_155691-031030.parquet,35411,downloaded,35411,
2026-07-17,NSE,MARUTI,raw_l2/trade_date=2026-07-17/exchange=NSE/symbol=MARUTI/part-071115_132332-028150.parquet,real_data_sample\l2_unseen_validation\trade_date=2026-07-17\exchange=NSE\symbol=MARUTI\part-071115_132332-028150.parquet,35113,downloaded,35113,
2026-07-17,NSE,MARUTI,raw_l2/trade_date=2026-07-17/exchange=NSE/symbol=MARUTI/part-073301_455078-031062.parquet,real_data_sample\l2_unseen_validation\trade_date=2026-07-17\exchange=NSE\symbol=MARUTI\part-073301_455078-031062.parquet,35324,downloaded,35324,
2026-07-17,NSE,MARUTI,raw_l2/trade_date=2026-07-17/exchange=NSE/symbol=MARUTI/part-073150_395045-030902.parquet,real_data_sample\l2_unseen_validation\trade_date=2026-07-17\exchange=NSE\symbol=MARUTI\part-073150_395045-030902.parquet,35622,downloaded,35622,
2026-07-17,NSE,MARUTI,raw_l2/trade_date=2026-07-17/exchange=NSE/symbol=MARUTI/part-073315_637825-031094.parquet,real_data_sample\l2_unseen_validation\trade_date=2026-07-17\exchange=NSE\symbol=MARUTI\part-073315_637825-031094.parquet,35095,downloaded,35095,
2026-07-17,NSE,MARUTI,raw_l2/trade_date=2026-07-17/exchange=NSE/symbol=MARUTI/part-073330_014123-031126.parquet,real_data_sample\l2_unseen_validation\trade_date=2026-07-17\exchange=NSE\symbol=MARUTI\part-073330_014123-031126.parquet,35367,downloaded,35367,
2026-07-17,NSE,MARUTI,raw_l2/trade_date=2026-07-17/exchange=NSE/symbol=MARUTI/part-073358_411087-031190.parquet,real_data_sample\l2_unseen_validation\trade_date=2026-07-17\exchange=NSE\symbol=MARUTI\part-073358_411087-031190.parquet,35392,downloaded,35392,
2026-07-17,NSE,MARUTI,raw_l2/trade_date=2026-07-17/exchange=NSE/symbol=MARUTI/part-073426_895493-031254.parquet,real_data_sample\l2_unseen_validation\trade_date=2026-07-17\exchange=NSE\symbol=MARUTI\part-073426_895493-031254.parquet,35189,downloaded,35189,
2026-07-17,NSE,MARUTI,raw_l2/trade_date=2026-07-17/exchange=NSE/symbol=MARUTI/part-073344_299047-031158.parquet,real_data_sample\l2_unseen_validation\trade_date=2026-07-17\exchange=NSE\symbol=MARUTI\part-073344_299047-031158.parquet,35558,downloaded,35558,
2026-07-17,NSE,MARUTI,raw_l2/trade_date=2026-07-17/exchange=NSE/symbol=MARUTI/part-073441_300174-031286.parquet,real_data_sample\l2_unseen_validation\trade_date=2026-07-17\exchange=NSE\symbol=MARUTI\part-073441_300174-031286.parquet,34942,downloaded,34942,
2026-07-17,NSE,MARUTI,raw_l2/trade_date=2026-07-17/exchange=NSE/symbol=MARUTI/part-073412_659961-031222.parquet,real_data_sample\l2_unseen_validation\trade_date=2026-07-17\exchange=NSE\symbol=MARUTI\part-073412_659961-031222.parquet,35232,downloaded,35232,
2026-07-17,NSE,MARUTI,raw_l2/trade_date=2026-07-17/exchange=NSE/symbol=MARUTI/part-073606_519025-031478.parquet,real_data_sample\l2_unseen_validation\trade_date=2026-07-17\exchange=NSE\symbol=MARUTI\part-073606_519025-031478.parquet,34492,downloaded,34492,
2026-07-17,NSE,MARUTI,raw_l2/trade_date=2026-07-17/exchange=NSE/symbol=MARUTI/part-073538_196849-031414.parquet,real_data_sample\l2_unseen_validation\trade_date=2026-07-17\exchange=NSE\symbol=MARUTI\part-073538_196849-031414.parquet,34548,downloaded,34548,
2026-07-17,NSE,MARUTI,raw_l2/trade_date=2026-07-17/exchange=NSE/symbol=MARUTI/part-073509_714104-031350.parquet,real_data_sample\l2_unseen_validation\trade_date=2026-07-17\exchange=NSE\symbol=MARUTI\part-073509_714104-031350.parquet,35128,downloaded,35128,
2026-07-17,NSE,MARUTI,raw_l2/trade_date=2026-07-17/exchange=NSE/symbol=MARUTI/part-073552_295692-031446.parquet,real_data_sample\l2_unseen_validation\trade_date=2026-07-17\exchange=NSE\symbol=MARUTI\part-073552_295692-031446.parquet,34787,downloaded,34787,
2026-07-17,NSE,MARUTI,raw_l2/trade_date=2026-07-17/exchange=NSE/symbol=MARUTI/part-073455_549032-031318.parquet,real_data_sample\l2_unseen_validation\trade_date=2026-07-17\exchange=NSE\symbol=MARUTI\part-073455_549032-031318.parquet,34817,downloaded,34817,
2026-07-17,NSE,MARUTI,raw_l2/trade_date=2026-07-17/exchange=NSE/symbol=MARUTI/part-073523_866976-031382.parquet,real_data_sample\l2_unseen_validation\trade_date=2026-07-17\exchange=NSE\symbol=MARUTI\part-073523_866976-031382.parquet,34737,downloaded,34737,
2026-07-17,NSE,MARUTI,raw_l2/trade_date=2026-07-17/exchange=NSE/symbol=MARUTI/part-073620_785607-031510.parquet,real_data_sample\l2_unseen_validation\trade_date=2026-07-17\exchange=NSE\symbol=MARUTI\part-073620_785607-031510.parquet,34664,downloaded,34664,
2026-07-17,NSE,MARUTI,raw_l2/trade_date=2026-07-17/exchange=NSE/symbol=MARUTI/part-073635_143450-031542.parquet,real_data_sample\l2_unseen_validation\trade_date=2026-07-17\exchange=NSE\symbol=MARUTI\part-073635_143450-031542.parquet,34687,downloaded,34687,
2026-07-17,NSE,MARUTI,raw_l2/trade_date=2026-07-17/exchange=NSE/symbol=MARUTI/part-074006_839484-032022.parquet,real_data_sample\l2_unseen_validation\trade_date=2026-07-17\exchange=NSE\symbol=MARUTI\part-074006_839484-032022.parquet,34573,downloaded,34573,
2026-07-17,NSE,MARUTI,raw_l2/trade_date=2026-07-17/exchange=NSE/symbol=MARUTI/part-072812_629664-030422.parquet,real_data_sample\l2_unseen_validation\trade_date=2026-07-17\exchange=NSE\symbol=MARUTI\part-072812_629664-030422.parquet,35147,downloaded,35147,
2026-07-17,NSE,MARUTI,raw_l2/trade_date=2026-07-17/exchange=NSE/symbol=MARUTI/part-073952_587102-031990.parquet,real_data_sample\l2_unseen_validation\trade_date=2026-07-17\exchange=NSE\symbol=MARUTI\part-073952_587102-031990.parquet,34384,downloaded,34384,
2026-07-17,NSE,MARUTI,raw_l2/trade_date=2026-07-17/exchange=NSE/symbol=MARUTI/part-074021_054352-032054.parquet,real_data_sample\l2_unseen_validation\trade_date=2026-07-17\exchange=NSE\symbol=MARUTI\part-074021_054352-032054.parquet,34413,downloaded,34413,
2026-07-17,NSE,MARUTI,raw_l2/trade_date=2026-07-17/exchange=NSE/symbol=MARUTI/part-072842_755350-030486.parquet,real_data_sample\l2_unseen_validation\trade_date=2026-07-17\exchange=NSE\symbol=MARUTI\part-072842_755350-030486.parquet,35249,downloaded,35249,
2026-07-17,NSE,MARUTI,raw_l2/trade_date=2026-07-17/exchange=NSE/symbol=MARUTI/part-074103_406986-032150.parquet,real_data_sample\l2_unseen_validation\trade_date=2026-07-17\exchange=NSE\symbol=MARUTI\part-074103_406986-032150.parquet,34592,downloaded,34592,
2026-07-17,NSE,MARUTI,raw_l2/trade_date=2026-07-17/exchange=NSE/symbol=MARUTI/part-074159_773158-032278.parquet,real_data_sample\l2_unseen_validation\trade_date=2026-07-17\exchange=NSE\symbol=MARUTI\part-074159_773158-032278.parquet,35141,downloaded,35141,
2026-07-17,NSE,MARUTI,raw_l2/trade_date=2026-07-17/exchange=NSE/symbol=MARUTI/part-074049_304021-032118.parquet,real_data_sample\l2_unseen_validation\trade_date=2026-07-17\exchange=NSE\symbol=MARUTI\part-074049_304021-032118.parquet,34882,downloaded,34882,
2026-07-17,NSE,MARUTI,raw_l2/trade_date=2026-07-17/exchange=NSE/symbol=MARUTI/part-074035_046396-032086.parquet,real_data_sample\l2_unseen_validation\trade_date=2026-07-17\exchange=NSE\symbol=MARUTI\part-074035_046396-032086.parquet,34461,downloaded,34461,
2026-07-17,NSE,MARUTI,raw_l2/trade_date=2026-07-17/exchange=NSE/symbol=MARUTI/part-073924_518301-031926.parquet,real_data_sample\l2_unseen_validation\trade_date=2026-07-17\exchange=NSE\symbol=MARUTI\part-073924_518301-031926.parquet,34520,downloaded,34520,
2026-07-17,NSE,MARUTI,raw_l2/trade_date=2026-07-17/exchange=NSE/symbol=MARUTI/part-073649_389102-031574.parquet,real_data_sample\l2_unseen_validation\trade_date=2026-07-17\exchange=NSE\symbol=MARUTI\part-073649_389102-031574.parquet,34774,downloaded,34774,
2026-07-17,NSE,MARUTI,raw_l2/trade_date=2026-07-17/exchange=NSE/symbol=MARUTI/part-074131_559454-032214.parquet,real_data_sample\l2_unseen_validation\trade_date=2026-07-17\exchange=NSE\symbol=MARUTI\part-074131_559454-032214.parquet,34763,downloaded,34763,
2026-07-17,NSE,MARUTI,raw_l2/trade_date=2026-07-17/exchange=NSE/symbol=MARUTI/part-074145_728429-032246.parquet,real_data_sample\l2_unseen_validation\trade_date=2026-07-17\exchange=NSE\symbol=MARUTI\part-074145_728429-032246.parquet,34930,downloaded,34930,
2026-07-17,NSE,MARUTI,raw_l2/trade_date=2026-07-17/exchange=NSE/symbol=MARUTI/part-074117_521138-032182.parquet,real_data_sample\l2_unseen_validation\trade_date=2026-07-17\exchange=NSE\symbol=MARUTI\part-074117_521138-032182.parquet,34597,downloaded,34597,
2026-07-17,NSE,MARUTI,raw_l2/trade_date=2026-07-17/exchange=NSE/symbol=MARUTI/part-073745_494913-031702.parquet,real_data_sample\l2_unseen_validation\trade_date=2026-07-17\exchange=NSE\symbol=MARUTI\part-073745_494913-031702.parquet,34799,downloaded,34799,
2026-07-17,NSE,MARUTI,raw_l2/trade_date=2026-07-17/exchange=NSE/symbol=MARUTI/part-074323_728769-032470.parquet,real_data_sample\l2_unseen_validation\trade_date=2026-07-17\exchange=NSE\symbol=MARUTI\part-074323_728769-032470.parquet,35007,downloaded,35007,
2026-07-17,NSE,MARUTI,raw_l2/trade_date=2026-07-17/exchange=NSE/symbol=MARUTI/part-074337_896384-032502.parquet,real_data_sample\l2_unseen_validation\trade_date=2026-07-17\exchange=NSE\symbol=MARUTI\part-074337_896384-032502.parquet,35274,downloaded,35274,
2026-07-17,NSE,MARUTI,raw_l2/trade_date=2026-07-17/exchange=NSE/symbol=MARUTI/part-074213_776908-032310.parquet,real_data_sample\l2_unseen_validation\trade_date=2026-07-17\exchange=NSE\symbol=MARUTI\part-074213_776908-032310.parquet,34970,downloaded,34970,
2026-07-17,NSE,MARUTI,raw_l2/trade_date=2026-07-17/exchange=NSE/symbol=MARUTI/part-074309_703307-032438.parquet,real_data_sample\l2_unseen_validation\trade_date=2026-07-17\exchange=NSE\symbol=MARUTI\part-074309_703307-032438.parquet,34633,downloaded,34633,
2026-07-17,NSE,MARUTI,raw_l2/trade_date=2026-07-17/exchange=NSE/symbol=MARUTI/part-074227_655815-032342.parquet,real_data_sample\l2_unseen_validation\trade_date=2026-07-17\exchange=NSE\symbol=MARUTI\part-074227_655815-032342.parquet,34480,downloaded,34480,
2026-07-17,NSE,MARUTI,raw_l2/trade_date=2026-07-17/exchange=NSE/symbol=MARUTI/part-074241_720351-032374.parquet,real_data_sample\l2_unseen_validation\trade_date=2026-07-17\exchange=NSE\symbol=MARUTI\part-074241_720351-032374.parquet,34515,downloaded,34515,
2026-07-17,NSE,MARUTI,raw_l2/trade_date=2026-07-17/exchange=NSE/symbol=MARUTI/part-074255_825702-032406.parquet,real_data_sample\l2_unseen_validation\trade_date=2026-07-17\exchange=NSE\symbol=MARUTI\part-074255_825702-032406.parquet,35048,downloaded,35048,
2026-07-17,NSE,MARUTI,raw_l2/trade_date=2026-07-17/exchange=NSE/symbol=MARUTI/part-074352_394538-032534.parquet,real_data_sample\l2_unseen_validation\trade_date=2026-07-17\exchange=NSE\symbol=MARUTI\part-074352_394538-032534.parquet,34999,downloaded,34999,
2026-07-17,NSE,MARUTI,raw_l2/trade_date=2026-07-17/exchange=NSE/symbol=MARUTI/part-074531_293451-032758.parquet,real_data_sample\l2_unseen_validation\trade_date=2026-07-17\exchange=NSE\symbol=MARUTI\part-074531_293451-032758.parquet,35227,downloaded,35227,
2026-07-17,NSE,MARUTI,raw_l2/trade_date=2026-07-17/exchange=NSE/symbol=MARUTI/part-074628_101094-032886.parquet,real_data_sample\l2_unseen_validation\trade_date=2026-07-17\exchange=NSE\symbol=MARUTI\part-074628_101094-032886.parquet,35446,downloaded,35446,
2026-07-17,NSE,MARUTI,raw_l2/trade_date=2026-07-17/exchange=NSE/symbol=MARUTI/part-074502_953617-032694.parquet,real_data_sample\l2_unseen_validation\trade_date=2026-07-17\exchange=NSE\symbol=MARUTI\part-074502_953617-032694.parquet,34999,downloaded,34999,
2026-07-17,NSE,MARUTI,raw_l2/trade_date=2026-07-17/exchange=NSE/symbol=MARUTI/part-074559_503288-032822.parquet,real_data_sample\l2_unseen_validation\trade_date=2026-07-17\exchange=NSE\symbol=MARUTI\part-074559_503288-032822.parquet,35254,downloaded,35254,
2026-07-17,NSE,MARUTI,raw_l2/trade_date=2026-07-17/exchange=NSE/symbol=MARUTI/part-074656_600765-032950.parquet,real_data_sample\l2_unseen_validation\trade_date=2026-07-17\exchange=NSE\symbol=MARUTI\part-074656_600765-032950.parquet,35140,downloaded,35140,
2026-07-17,NSE,MARUTI,raw_l2/trade_date=2026-07-17/exchange=NSE/symbol=MARUTI/part-074517_192622-032726.parquet,real_data_sample\l2_unseen_validation\trade_date=2026-07-17\exchange=NSE\symbol=MARUTI\part-074517_192622-032726.parquet,35145,downloaded,35145,
2026-07-17,NSE,MARUTI,raw_l2/trade_date=2026-07-17/exchange=NSE/symbol=MARUTI/part-074613_970161-032854.parquet,real_data_sample\l2_unseen_validation\trade_date=2026-07-17\exchange=NSE\symbol=MARUTI\part-074613_970161-032854.parquet,35344,downloaded,35344,
2026-07-17,NSE,MARUTI,raw_l2/trade_date=2026-07-17/exchange=NSE/symbol=MARUTI/part-074420_766094-032598.parquet,real_data_sample\l2_unseen_validation\trade_date=2026-07-17\exchange=NSE\symbol=MARUTI\part-074420_766094-032598.parquet,35070,downloaded,35070,
2026-07-17,NSE,MARUTI,raw_l2/trade_date=2026-07-17/exchange=NSE/symbol=MARUTI/part-074545_277555-032790.parquet,real_data_sample\l2_unseen_validation\trade_date=2026-07-17\exchange=NSE\symbol=MARUTI\part-074545_277555-032790.parquet,35539,downloaded,35539,
2026-07-17,NSE,MARUTI,raw_l2/trade_date=2026-07-17/exchange=NSE/symbol=MARUTI/part-074710_644738-032982.parquet,real_data_sample\l2_unseen_validation\trade_date=2026-07-17\exchange=NSE\symbol=MARUTI\part-074710_644738-032982.parquet,34983,downloaded,34983,
2026-07-17,NSE,MARUTI,raw_l2/trade_date=2026-07-17/exchange=NSE/symbol=MARUTI/part-074642_537660-032918.parquet,real_data_sample\l2_unseen_validation\trade_date=2026-07-17\exchange=NSE\symbol=MARUTI\part-074642_537660-032918.parquet,35161,downloaded,35161,
2026-07-17,NSE,MARUTI,raw_l2/trade_date=2026-07-17/exchange=NSE/symbol=MARUTI/part-074434_807477-032630.parquet,real_data_sample\l2_unseen_validation\trade_date=2026-07-17\exchange=NSE\symbol=MARUTI\part-074434_807477-032630.parquet,35324,downloaded,35324,
2026-07-17,NSE,MARUTI,raw_l2/trade_date=2026-07-17/exchange=NSE/symbol=MARUTI/part-074738_967067-033046.parquet,real_data_sample\l2_unseen_validation\trade_date=2026-07-17\exchange=NSE\symbol=MARUTI\part-074738_967067-033046.parquet,35373,downloaded,35373,
2026-07-17,NSE,MARUTI,raw_l2/trade_date=2026-07-17/exchange=NSE/symbol=MARUTI/part-074753_045522-033078.parquet,real_data_sample\l2_unseen_validation\trade_date=2026-07-17\exchange=NSE\symbol=MARUTI\part-074753_045522-033078.parquet,35341,downloaded,35341,
2026-07-17,NSE,MARUTI,raw_l2/trade_date=2026-07-17/exchange=NSE/symbol=MARUTI/part-074724_935754-033014.parquet,real_data_sample\l2_unseen_validation\trade_date=2026-07-17\exchange=NSE\symbol=MARUTI\part-074724_935754-033014.parquet,35196,downloaded,35196,
2026-07-17,NSE,MARUTI,raw_l2/trade_date=2026-07-17/exchange=NSE/symbol=MARUTI/part-074821_032301-033142.parquet,real_data_sample\l2_unseen_validation\trade_date=2026-07-17\exchange=NSE\symbol=MARUTI\part-074821_032301-033142.parquet,35162,downloaded,35162,
2026-07-17,NSE,MARUTI,raw_l2/trade_date=2026-07-17/exchange=NSE/symbol=MARUTI/part-074835_202854-033174.parquet,real_data_sample\l2_unseen_validation\trade_date=2026-07-17\exchange=NSE\symbol=MARUTI\part-074835_202854-033174.parquet,34938,downloaded,34938,
2026-07-17,NSE,MARUTI,raw_l2/trade_date=2026-07-17/exchange=NSE/symbol=MARUTI/part-074849_364002-033206.parquet,real_data_sample\l2_unseen_validation\trade_date=2026-07-17\exchange=NSE\symbol=MARUTI\part-074849_364002-033206.parquet,35077,downloaded,35077,
2026-07-17,NSE,MARUTI,raw_l2/trade_date=2026-07-17/exchange=NSE/symbol=MARUTI/part-074807_045145-033110.parquet,real_data_sample\l2_unseen_validation\trade_date=2026-07-17\exchange=NSE\symbol=MARUTI\part-074807_045145-033110.parquet,34985,downloaded,34985,
2026-07-17,NSE,MARUTI,raw_l2/trade_date=2026-07-17/exchange=NSE/symbol=MARUTI/part-074903_555721-033238.parquet,real_data_sample\l2_unseen_validation\trade_date=2026-07-17\exchange=NSE\symbol=MARUTI\part-074903_555721-033238.parquet,35605,downloaded,35605,
2026-07-17,NSE,MARUTI,raw_l2/trade_date=2026-07-17/exchange=NSE/symbol=MARUTI/part-073813_743233-031766.parquet,real_data_sample\l2_unseen_validation\trade_date=2026-07-17\exchange=NSE\symbol=MARUTI\part-073813_743233-031766.parquet,34678,downloaded,34678,
2026-07-17,NSE,MARUTI,raw_l2/trade_date=2026-07-17/exchange=NSE/symbol=MARUTI/part-073703_549839-031606.parquet,real_data_sample\l2_unseen_validation\trade_date=2026-07-17\exchange=NSE\symbol=MARUTI\part-073703_549839-031606.parquet,34637,downloaded,34637,
2026-07-17,NSE,MARUTI,raw_l2/trade_date=2026-07-17/exchange=NSE/symbol=MARUTI/part-073731_577340-031670.parquet,real_data_sample\l2_unseen_validation\trade_date=2026-07-17\exchange=NSE\symbol=MARUTI\part-073731_577340-031670.parquet,34789,downloaded,34789,
2026-07-17,NSE,MARUTI,raw_l2/trade_date=2026-07-17/exchange=NSE/symbol=MARUTI/part-073841_922407-031830.parquet,real_data_sample\l2_unseen_validation\trade_date=2026-07-17\exchange=NSE\symbol=MARUTI\part-073841_922407-031830.parquet,34539,downloaded,34539,
2026-07-17,NSE,MARUTI,raw_l2/trade_date=2026-07-17/exchange=NSE/symbol=MARUTI/part-073827_921338-031798.parquet,real_data_sample\l2_unseen_validation\trade_date=2026-07-17\exchange=NSE\symbol=MARUTI\part-073827_921338-031798.parquet,34614,downloaded,34614,
2026-07-17,NSE,MARUTI,raw_l2/trade_date=2026-07-17/exchange=NSE/symbol=MARUTI/part-073717_576522-031638.parquet,real_data_sample\l2_unseen_validation\trade_date=2026-07-17\exchange=NSE\symbol=MARUTI\part-073717_576522-031638.parquet,34539,downloaded,34539,
2026-07-17,NSE,MARUTI,raw_l2/trade_date=2026-07-17/exchange=NSE/symbol=MARUTI/part-073759_584714-031734.parquet,real_data_sample\l2_unseen_validation\trade_date=2026-07-17\exchange=NSE\symbol=MARUTI\part-073759_584714-031734.parquet,34506,downloaded,34506,
2026-07-17,NSE,MARUTI,raw_l2/trade_date=2026-07-17/exchange=NSE/symbol=MARUTI/part-073910_583884-031894.parquet,real_data_sample\l2_unseen_validation\trade_date=2026-07-17\exchange=NSE\symbol=MARUTI\part-073910_583884-031894.parquet,34679,downloaded,34679,
2026-07-17,NSE,MARUTI,raw_l2/trade_date=2026-07-17/exchange=NSE/symbol=MARUTI/part-075139_175111-033590.parquet,real_data_sample\l2_unseen_validation\trade_date=2026-07-17\exchange=NSE\symbol=MARUTI\part-075139_175111-033590.parquet,35483,downloaded,35483,
2026-07-17,NSE,MARUTI,raw_l2/trade_date=2026-07-17/exchange=NSE/symbol=MARUTI/part-074959_694685-033366.parquet,real_data_sample\l2_unseen_validation\trade_date=2026-07-17\exchange=NSE\symbol=MARUTI\part-074959_694685-033366.parquet,35223,downloaded,35223,
2026-07-17,NSE,MARUTI,raw_l2/trade_date=2026-07-17/exchange=NSE/symbol=MARUTI/part-075028_599968-033430.parquet,real_data_sample\l2_unseen_validation\trade_date=2026-07-17\exchange=NSE\symbol=MARUTI\part-075028_599968-033430.parquet,34914,downloaded,34914,
2026-07-17,NSE,MARUTI,raw_l2/trade_date=2026-07-17/exchange=NSE/symbol=MARUTI/part-075057_077821-033494.parquet,real_data_sample\l2_unseen_validation\trade_date=2026-07-17\exchange=NSE\symbol=MARUTI\part-075057_077821-033494.parquet,35273,downloaded,35273,
2026-07-17,NSE,MARUTI,raw_l2/trade_date=2026-07-17/exchange=NSE/symbol=MARUTI/part-075042_977045-033462.parquet,real_data_sample\l2_unseen_validation\trade_date=2026-07-17\exchange=NSE\symbol=MARUTI\part-075042_977045-033462.parquet,35067,downloaded,35067,
2026-07-17,NSE,MARUTI,raw_l2/trade_date=2026-07-17/exchange=NSE/symbol=MARUTI/part-075013_812106-033398.parquet,real_data_sample\l2_unseen_validation\trade_date=2026-07-17\exchange=NSE\symbol=MARUTI\part-075013_812106-033398.parquet,35329,downloaded,35329,
2026-07-17,NSE,MARUTI,raw_l2/trade_date=2026-07-17/exchange=NSE/symbol=MARUTI/part-075347_039504-033878.parquet,real_data_sample\l2_unseen_validation\trade_date=2026-07-17\exchange=NSE\symbol=MARUTI\part-075347_039504-033878.parquet,35524,downloaded,35524,
2026-07-17,NSE,MARUTI,raw_l2/trade_date=2026-07-17/exchange=NSE/symbol=MARUTI/part-075304_922793-033782.parquet,real_data_sample\l2_unseen_validation\trade_date=2026-07-17\exchange=NSE\symbol=MARUTI\part-075304_922793-033782.parquet,34967,downloaded,34967,
2026-07-17,NSE,MARUTI,raw_l2/trade_date=2026-07-17/exchange=NSE/symbol=MARUTI/part-075319_056568-033814.parquet,real_data_sample\l2_unseen_validation\trade_date=2026-07-17\exchange=NSE\symbol=MARUTI\part-075319_056568-033814.parquet,34733,downloaded,34733,
2026-07-17,NSE,MARUTI,raw_l2/trade_date=2026-07-17/exchange=NSE/symbol=MARUTI/part-075333_141994-033846.parquet,real_data_sample\l2_unseen_validation\trade_date=2026-07-17\exchange=NSE\symbol=MARUTI\part-075333_141994-033846.parquet,34981,downloaded,34981,
2026-07-17,NSE,MARUTI,raw_l2/trade_date=2026-07-17/exchange=NSE/symbol=MARUTI/part-075457_753158-034038.parquet,real_data_sample\l2_unseen_validation\trade_date=2026-07-17\exchange=NSE\symbol=MARUTI\part-075457_753158-034038.parquet,35353,downloaded,35353,
2026-07-17,NSE,MARUTI,raw_l2/trade_date=2026-07-17/exchange=NSE/symbol=MARUTI/part-075525_853662-034102.parquet,real_data_sample\l2_unseen_validation\trade_date=2026-07-17\exchange=NSE\symbol=MARUTI\part-075525_853662-034102.parquet,35487,downloaded,35487,
2026-07-17,NSE,MARUTI,raw_l2/trade_date=2026-07-17/exchange=NSE/symbol=MARUTI/part-075429_270235-033974.parquet,real_data_sample\l2_unseen_validation\trade_date=2026-07-17\exchange=NSE\symbol=MARUTI\part-075429_270235-033974.parquet,34981,downloaded,34981,
2026-07-17,NSE,MARUTI,raw_l2/trade_date=2026-07-17/exchange=NSE/symbol=MARUTI/part-075401_171849-033910.parquet,real_data_sample\l2_unseen_validation\trade_date=2026-07-17\exchange=NSE\symbol=MARUTI\part-075401_171849-033910.parquet,35232,downloaded,35232,
2026-07-17,NSE,MARUTI,raw_l2/trade_date=2026-07-17/exchange=NSE/symbol=MARUTI/part-075415_345868-033942.parquet,real_data_sample\l2_unseen_validation\trade_date=2026-07-17\exchange=NSE\symbol=MARUTI\part-075415_345868-033942.parquet,35033,downloaded,35033,
2026-07-17,NSE,MARUTI,raw_l2/trade_date=2026-07-17/exchange=NSE/symbol=MARUTI/part-074448_735815-032662.parquet,real_data_sample\l2_unseen_validation\trade_date=2026-07-17\exchange=NSE\symbol=MARUTI\part-074448_735815-032662.parquet,35090,downloaded,35090,
2026-07-17,NSE,MARUTI,raw_l2/trade_date=2026-07-17/exchange=NSE/symbol=MARUTI/part-074406_799579-032566.parquet,real_data_sample\l2_unseen_validation\trade_date=2026-07-17\exchange=NSE\symbol=MARUTI\part-074406_799579-032566.parquet,35050,downloaded,35050,
2026-07-17,NSE,MARUTI,raw_l2/trade_date=2026-07-17/exchange=NSE/symbol=MARUTI/part-075650_673013-034294.parquet,real_data_sample\l2_unseen_validation\trade_date=2026-07-17\exchange=NSE\symbol=MARUTI\part-075650_673013-034294.parquet,35445,downloaded,35445,
2026-07-17,NSE,MARUTI,raw_l2/trade_date=2026-07-17/exchange=NSE/symbol=MARUTI/part-075636_418715-034262.parquet,real_data_sample\l2_unseen_validation\trade_date=2026-07-17\exchange=NSE\symbol=MARUTI\part-075636_418715-034262.parquet,35088,downloaded,35088,
2026-07-17,NSE,MARUTI,raw_l2/trade_date=2026-07-17/exchange=NSE/symbol=MARUTI/part-075607_988134-034198.parquet,real_data_sample\l2_unseen_validation\trade_date=2026-07-17\exchange=NSE\symbol=MARUTI\part-075607_988134-034198.parquet,34947,downloaded,34947,
2026-07-17,NSE,MARUTI,raw_l2/trade_date=2026-07-17/exchange=NSE/symbol=MARUTI/part-075622_168318-034230.parquet,real_data_sample\l2_unseen_validation\trade_date=2026-07-17\exchange=NSE\symbol=MARUTI\part-075622_168318-034230.parquet,35198,downloaded,35198,
2026-07-17,NSE,MARUTI,raw_l2/trade_date=2026-07-17/exchange=NSE/symbol=MARUTI/part-075719_195618-034358.parquet,real_data_sample\l2_unseen_validation\trade_date=2026-07-17\exchange=NSE\symbol=MARUTI\part-075719_195618-034358.parquet,35467,downloaded,35467,
2026-07-17,NSE,MARUTI,raw_l2/trade_date=2026-07-17/exchange=NSE/symbol=MARUTI/part-075553_868635-034166.parquet,real_data_sample\l2_unseen_validation\trade_date=2026-07-17\exchange=NSE\symbol=MARUTI\part-075553_868635-034166.parquet,34974,downloaded,34974,
2026-07-17,NSE,MARUTI,raw_l2/trade_date=2026-07-17/exchange=NSE/symbol=MARUTI/part-075704_952980-034326.parquet,real_data_sample\l2_unseen_validation\trade_date=2026-07-17\exchange=NSE\symbol=MARUTI\part-075704_952980-034326.parquet,35403,downloaded,35403,
2026-07-17,NSE,MARUTI,raw_l2/trade_date=2026-07-17/exchange=NSE/symbol=MARUTI/part-075802_226474-034454.parquet,real_data_sample\l2_unseen_validation\trade_date=2026-07-17\exchange=NSE\symbol=MARUTI\part-075802_226474-034454.parquet,35337,downloaded,35337,
2026-07-17,NSE,MARUTI,raw_l2/trade_date=2026-07-17/exchange=NSE/symbol=MARUTI/part-075747_941864-034422.parquet,real_data_sample\l2_unseen_validation\trade_date=2026-07-17\exchange=NSE\symbol=MARUTI\part-075747_941864-034422.parquet,35074,downloaded,35074,
2026-07-17,NSE,MARUTI,raw_l2/trade_date=2026-07-17/exchange=NSE/symbol=MARUTI/part-075733_702302-034390.parquet,real_data_sample\l2_unseen_validation\trade_date=2026-07-17\exchange=NSE\symbol=MARUTI\part-075733_702302-034390.parquet,35420,downloaded,35420,
2026-07-17,NSE,MARUTI,raw_l2/trade_date=2026-07-17/exchange=NSE/symbol=MARUTI/part-073938_561297-031958.parquet,real_data_sample\l2_unseen_validation\trade_date=2026-07-17\exchange=NSE\symbol=MARUTI\part-073938_561297-031958.parquet,34617,downloaded,34617,
2026-07-17,NSE,MARUTI,raw_l2/trade_date=2026-07-17/exchange=NSE/symbol=MARUTI/part-075443_500185-034006.parquet,real_data_sample\l2_unseen_validation\trade_date=2026-07-17\exchange=NSE\symbol=MARUTI\part-075443_500185-034006.parquet,35499,downloaded,35499,
2026-07-17,NSE,MARUTI,raw_l2/trade_date=2026-07-17/exchange=NSE/symbol=MARUTI/part-075511_839492-034070.parquet,real_data_sample\l2_unseen_validation\trade_date=2026-07-17\exchange=NSE\symbol=MARUTI\part-075511_839492-034070.parquet,34775,downloaded,34775,
2026-07-17,NSE,MARUTI,raw_l2/trade_date=2026-07-17/exchange=NSE/symbol=MARUTI/part-075831_151754-034518.parquet,real_data_sample\l2_unseen_validation\trade_date=2026-07-17\exchange=NSE\symbol=MARUTI\part-075831_151754-034518.parquet,34692,downloaded,34692,
2026-07-17,NSE,MARUTI,raw_l2/trade_date=2026-07-17/exchange=NSE/symbol=MARUTI/part-075816_940954-034486.parquet,real_data_sample\l2_unseen_validation\trade_date=2026-07-17\exchange=NSE\symbol=MARUTI\part-075816_940954-034486.parquet,34868,downloaded,34868,
2026-07-17,NSE,MARUTI,raw_l2/trade_date=2026-07-17/exchange=NSE/symbol=MARUTI/part-075845_453822-034550.parquet,real_data_sample\l2_unseen_validation\trade_date=2026-07-17\exchange=NSE\symbol=MARUTI\part-075845_453822-034550.parquet,34689,downloaded,34689,
2026-07-17,NSE,MARUTI,raw_l2/trade_date=2026-07-17/exchange=NSE/symbol=MARUTI/part-075913_970355-034614.parquet,real_data_sample\l2_unseen_validation\trade_date=2026-07-17\exchange=NSE\symbol=MARUTI\part-075913_970355-034614.parquet,34638,downloaded,34638,
2026-07-17,NSE,MARUTI,raw_l2/trade_date=2026-07-17/exchange=NSE/symbol=MARUTI/part-075539_787316-034134.parquet,real_data_sample\l2_unseen_validation\trade_date=2026-07-17\exchange=NSE\symbol=MARUTI\part-075539_787316-034134.parquet,35675,downloaded,35675,
2026-07-17,NSE,MARUTI,raw_l2/trade_date=2026-07-17/exchange=NSE/symbol=MARUTI/part-080055_466169-034838.parquet,real_data_sample\l2_unseen_validation\trade_date=2026-07-17\exchange=NSE\symbol=MARUTI\part-080055_466169-034838.parquet,34808,downloaded,34808,
2026-07-17,NSE,MARUTI,raw_l2/trade_date=2026-07-17/exchange=NSE/symbol=MARUTI/part-075859_696377-034582.parquet,real_data_sample\l2_unseen_validation\trade_date=2026-07-17\exchange=NSE\symbol=MARUTI\part-075859_696377-034582.parquet,34507,downloaded,34507,
2026-07-17,NSE,MARUTI,raw_l2/trade_date=2026-07-17/exchange=NSE/symbol=MARUTI/part-075957_186468-034710.parquet,real_data_sample\l2_unseen_validation\trade_date=2026-07-17\exchange=NSE\symbol=MARUTI\part-075957_186468-034710.parquet,34657,downloaded,34657,
2026-07-17,NSE,MARUTI,raw_l2/trade_date=2026-07-17/exchange=NSE/symbol=MARUTI/part-080012_091330-034742.parquet,real_data_sample\l2_unseen_validation\trade_date=2026-07-17\exchange=NSE\symbol=MARUTI\part-080012_091330-034742.parquet,34722,downloaded,34722,
2026-07-17,NSE,MARUTI,raw_l2/trade_date=2026-07-17/exchange=NSE/symbol=MARUTI/part-080026_716850-034774.parquet,real_data_sample\l2_unseen_validation\trade_date=2026-07-17\exchange=NSE\symbol=MARUTI\part-080026_716850-034774.parquet,34793,downloaded,34793,
2026-07-17,NSE,MARUTI,raw_l2/trade_date=2026-07-17/exchange=NSE/symbol=MARUTI/part-080040_886604-034806.parquet,real_data_sample\l2_unseen_validation\trade_date=2026-07-17\exchange=NSE\symbol=MARUTI\part-080040_886604-034806.parquet,34567,downloaded,34567,
2026-07-17,NSE,MARUTI,raw_l2/trade_date=2026-07-17/exchange=NSE/symbol=MARUTI/part-080123_867847-034902.parquet,real_data_sample\l2_unseen_validation\trade_date=2026-07-17\exchange=NSE\symbol=MARUTI\part-080123_867847-034902.parquet,35183,downloaded,35183,
2026-07-17,NSE,MARUTI,raw_l2/trade_date=2026-07-17/exchange=NSE/symbol=MARUTI/part-080109_730464-034870.parquet,real_data_sample\l2_unseen_validation\trade_date=2026-07-17\exchange=NSE\symbol=MARUTI\part-080109_730464-034870.parquet,34687,downloaded,34687,
2026-07-17,NSE,MARUTI,raw_l2/trade_date=2026-07-17/exchange=NSE/symbol=MARUTI/part-080138_216629-034934.parquet,real_data_sample\l2_unseen_validation\trade_date=2026-07-17\exchange=NSE\symbol=MARUTI\part-080138_216629-034934.parquet,35432,downloaded,35432,
2026-07-17,NSE,MARUTI,raw_l2/trade_date=2026-07-17/exchange=NSE/symbol=MARUTI/part-080152_655728-034966.parquet,real_data_sample\l2_unseen_validation\trade_date=2026-07-17\exchange=NSE\symbol=MARUTI\part-080152_655728-034966.parquet,35465,downloaded,35465,
2026-07-17,NSE,MARUTI,raw_l2/trade_date=2026-07-17/exchange=NSE/symbol=MARUTI/part-080207_021047-034998.parquet,real_data_sample\l2_unseen_validation\trade_date=2026-07-17\exchange=NSE\symbol=MARUTI\part-080207_021047-034998.parquet,35451,downloaded,35451,
2026-07-17,NSE,MARUTI,raw_l2/trade_date=2026-07-17/exchange=NSE/symbol=MARUTI/part-080221_095832-035030.parquet,real_data_sample\l2_unseen_validation\trade_date=2026-07-17\exchange=NSE\symbol=MARUTI\part-080221_095832-035030.parquet,35157,downloaded,35157,
2026-07-17,NSE,MARUTI,raw_l2/trade_date=2026-07-17/exchange=NSE/symbol=MARUTI/part-080304_721775-035126.parquet,real_data_sample\l2_unseen_validation\trade_date=2026-07-17\exchange=NSE\symbol=MARUTI\part-080304_721775-035126.parquet,35414,downloaded,35414,
2026-07-17,NSE,MARUTI,raw_l2/trade_date=2026-07-17/exchange=NSE/symbol=MARUTI/part-080532_922521-035446.parquet,real_data_sample\l2_unseen_validation\trade_date=2026-07-17\exchange=NSE\symbol=MARUTI\part-080532_922521-035446.parquet,35396,downloaded,35396,
2026-07-17,NSE,MARUTI,raw_l2/trade_date=2026-07-17/exchange=NSE/symbol=MARUTI/part-080319_022511-035158.parquet,real_data_sample\l2_unseen_validation\trade_date=2026-07-17\exchange=NSE\symbol=MARUTI\part-080319_022511-035158.parquet,35512,downloaded,35512,
2026-07-17,NSE,MARUTI,raw_l2/trade_date=2026-07-17/exchange=NSE/symbol=MARUTI/part-080417_089084-035286.parquet,real_data_sample\l2_unseen_validation\trade_date=2026-07-17\exchange=NSE\symbol=MARUTI\part-080417_089084-035286.parquet,35659,downloaded,35659,
2026-07-17,NSE,MARUTI,raw_l2/trade_date=2026-07-17/exchange=NSE/symbol=MARUTI/part-080348_089494-035222.parquet,real_data_sample\l2_unseen_validation\trade_date=2026-07-17\exchange=NSE\symbol=MARUTI\part-080348_089494-035222.parquet,35529,downloaded,35529,
2026-07-17,NSE,MARUTI,raw_l2/trade_date=2026-07-17/exchange=NSE/symbol=MARUTI/part-080547_045894-035478.parquet,real_data_sample\l2_unseen_validation\trade_date=2026-07-17\exchange=NSE\symbol=MARUTI\part-080547_045894-035478.parquet,35602,downloaded,35602,
2026-07-17,NSE,MARUTI,raw_l2/trade_date=2026-07-17/exchange=NSE/symbol=MARUTI/part-080433_748959-035318.parquet,real_data_sample\l2_unseen_validation\trade_date=2026-07-17\exchange=NSE\symbol=MARUTI\part-080433_748959-035318.parquet,35010,downloaded,35010,
2026-07-17,NSE,MARUTI,raw_l2/trade_date=2026-07-17/exchange=NSE/symbol=MARUTI/part-080615_452541-035542.parquet,real_data_sample\l2_unseen_validation\trade_date=2026-07-17\exchange=NSE\symbol=MARUTI\part-080615_452541-035542.parquet,34958,downloaded,34958,
2026-07-17,NSE,MARUTI,raw_l2/trade_date=2026-07-17/exchange=NSE/symbol=MARUTI/part-080333_362577-035190.parquet,real_data_sample\l2_unseen_validation\trade_date=2026-07-17\exchange=NSE\symbol=MARUTI\part-080333_362577-035190.parquet,35409,downloaded,35409,
2026-07-17,NSE,MARUTI,raw_l2/trade_date=2026-07-17/exchange=NSE/symbol=MARUTI/part-080235_818694-035062.parquet,real_data_sample\l2_unseen_validation\trade_date=2026-07-17\exchange=NSE\symbol=MARUTI\part-080235_818694-035062.parquet,35172,downloaded,35172,
2026-07-17,NSE,MARUTI,raw_l2/trade_date=2026-07-17/exchange=NSE/symbol=MARUTI/part-080448_757925-035350.parquet,real_data_sample\l2_unseen_validation\trade_date=2026-07-17\exchange=NSE\symbol=MARUTI\part-080448_757925-035350.parquet,35445,downloaded,35445,
2026-07-17,NSE,MARUTI,raw_l2/trade_date=2026-07-17/exchange=NSE/symbol=MARUTI/part-080503_410048-035382.parquet,real_data_sample\l2_unseen_validation\trade_date=2026-07-17\exchange=NSE\symbol=MARUTI\part-080503_410048-035382.parquet,35318,downloaded,35318,
2026-07-17,NSE,MARUTI,raw_l2/trade_date=2026-07-17/exchange=NSE/symbol=MARUTI/part-080601_227931-035510.parquet,real_data_sample\l2_unseen_validation\trade_date=2026-07-17\exchange=NSE\symbol=MARUTI\part-080601_227931-035510.parquet,35173,downloaded,35173,
2026-07-17,NSE,MARUTI,raw_l2/trade_date=2026-07-17/exchange=NSE/symbol=MARUTI/part-080250_480625-035094.parquet,real_data_sample\l2_unseen_validation\trade_date=2026-07-17\exchange=NSE\symbol=MARUTI\part-080250_480625-035094.parquet,35209,downloaded,35209,
2026-07-17,NSE,MARUTI,raw_l2/trade_date=2026-07-17/exchange=NSE/symbol=MARUTI/part-080517_768991-035414.parquet,real_data_sample\l2_unseen_validation\trade_date=2026-07-17\exchange=NSE\symbol=MARUTI\part-080517_768991-035414.parquet,35094,downloaded,35094,
2026-07-17,NSE,MARUTI,raw_l2/trade_date=2026-07-17/exchange=NSE/symbol=MARUTI/part-073856_223726-031862.parquet,real_data_sample\l2_unseen_validation\trade_date=2026-07-17\exchange=NSE\symbol=MARUTI\part-073856_223726-031862.parquet,34602,downloaded,34602,
2026-07-17,NSE,MARUTI,raw_l2/trade_date=2026-07-17/exchange=NSE/symbol=MARUTI/part-080629_921970-035574.parquet,real_data_sample\l2_unseen_validation\trade_date=2026-07-17\exchange=NSE\symbol=MARUTI\part-080629_921970-035574.parquet,35106,downloaded,35106,
2026-07-17,NSE,MARUTI,raw_l2/trade_date=2026-07-17/exchange=NSE/symbol=MARUTI/part-080644_295977-035606.parquet,real_data_sample\l2_unseen_validation\trade_date=2026-07-17\exchange=NSE\symbol=MARUTI\part-080644_295977-035606.parquet,35399,downloaded,35399,
2026-07-17,NSE,MARUTI,raw_l2/trade_date=2026-07-17/exchange=NSE/symbol=MARUTI/part-080658_717828-035638.parquet,real_data_sample\l2_unseen_validation\trade_date=2026-07-17\exchange=NSE\symbol=MARUTI\part-080658_717828-035638.parquet,35110,downloaded,35110,
2026-07-17,NSE,MARUTI,raw_l2/trade_date=2026-07-17/exchange=NSE/symbol=MARUTI/part-075942_522866-034678.parquet,real_data_sample\l2_unseen_validation\trade_date=2026-07-17\exchange=NSE\symbol=MARUTI\part-075942_522866-034678.parquet,34567,downloaded,34567,
2026-07-17,NSE,MARUTI,raw_l2/trade_date=2026-07-17/exchange=NSE/symbol=MARUTI/part-075928_243782-034646.parquet,real_data_sample\l2_unseen_validation\trade_date=2026-07-17\exchange=NSE\symbol=MARUTI\part-075928_243782-034646.parquet,34762,downloaded,34762,
2026-07-17,NSE,MARUTI,raw_l2/trade_date=2026-07-17/exchange=NSE/symbol=MARUTI/part-080757_070513-035766.parquet,real_data_sample\l2_unseen_validation\trade_date=2026-07-17\exchange=NSE\symbol=MARUTI\part-080757_070513-035766.parquet,35182,downloaded,35182,
2026-07-17,NSE,MARUTI,raw_l2/trade_date=2026-07-17/exchange=NSE/symbol=MARUTI/part-080713_547595-035670.parquet,real_data_sample\l2_unseen_validation\trade_date=2026-07-17\exchange=NSE\symbol=MARUTI\part-080713_547595-035670.parquet,35346,downloaded,35346,
2026-07-17,NSE,MARUTI,raw_l2/trade_date=2026-07-17/exchange=NSE/symbol=MARUTI/part-080742_193703-035734.parquet,real_data_sample\l2_unseen_validation\trade_date=2026-07-17\exchange=NSE\symbol=MARUTI\part-080742_193703-035734.parquet,35136,downloaded,35136,
2026-07-17,NSE,MARUTI,raw_l2/trade_date=2026-07-17/exchange=NSE/symbol=MARUTI/part-080727_660779-035702.parquet,real_data_sample\l2_unseen_validation\trade_date=2026-07-17\exchange=NSE\symbol=MARUTI\part-080727_660779-035702.parquet,35310,downloaded,35310,
2026-07-17,NSE,MARUTI,raw_l2/trade_date=2026-07-17/exchange=NSE/symbol=MARUTI/part-075221_999523-033686.parquet,real_data_sample\l2_unseen_validation\trade_date=2026-07-17\exchange=NSE\symbol=MARUTI\part-075221_999523-033686.parquet,34891,downloaded,34891,
2026-07-17,NSE,MARUTI,raw_l2/trade_date=2026-07-17/exchange=NSE/symbol=MARUTI/part-080402_735774-035254.parquet,real_data_sample\l2_unseen_validation\trade_date=2026-07-17\exchange=NSE\symbol=MARUTI\part-080402_735774-035254.parquet,35307,downloaded,35307,
2026-07-17,NSE,MARUTI,raw_l2/trade_date=2026-07-17/exchange=NSE/symbol=MARUTI/part-081038_827010-036118.parquet,real_data_sample\l2_unseen_validation\trade_date=2026-07-17\exchange=NSE\symbol=MARUTI\part-081038_827010-036118.parquet,35602,downloaded,35602,
2026-07-17,NSE,MARUTI,raw_l2/trade_date=2026-07-17/exchange=NSE/symbol=MARUTI/part-080840_836189-035862.parquet,real_data_sample\l2_unseen_validation\trade_date=2026-07-17\exchange=NSE\symbol=MARUTI\part-080840_836189-035862.parquet,35550,downloaded,35550,
2026-07-17,NSE,MARUTI,raw_l2/trade_date=2026-07-17/exchange=NSE/symbol=MARUTI/part-080811_735458-035798.parquet,real_data_sample\l2_unseen_validation\trade_date=2026-07-17\exchange=NSE\symbol=MARUTI\part-080811_735458-035798.parquet,35269,downloaded,35269,
2026-07-17,NSE,MARUTI,raw_l2/trade_date=2026-07-17/exchange=NSE/symbol=MARUTI/part-081107_158228-036182.parquet,real_data_sample\l2_unseen_validation\trade_date=2026-07-17\exchange=NSE\symbol=MARUTI\part-081107_158228-036182.parquet,35196,downloaded,35196,
2026-07-17,NSE,MARUTI,raw_l2/trade_date=2026-07-17/exchange=NSE/symbol=MARUTI/part-080855_457914-035894.parquet,real_data_sample\l2_unseen_validation\trade_date=2026-07-17\exchange=NSE\symbol=MARUTI\part-080855_457914-035894.parquet,35214,downloaded,35214,
2026-07-17,NSE,MARUTI,raw_l2/trade_date=2026-07-17/exchange=NSE/symbol=MARUTI/part-080909_860673-035926.parquet,real_data_sample\l2_unseen_validation\trade_date=2026-07-17\exchange=NSE\symbol=MARUTI\part-080909_860673-035926.parquet,35177,downloaded,35177,
2026-07-17,NSE,MARUTI,raw_l2/trade_date=2026-07-17/exchange=NSE/symbol=MARUTI/part-080826_117783-035830.parquet,real_data_sample\l2_unseen_validation\trade_date=2026-07-17\exchange=NSE\symbol=MARUTI\part-080826_117783-035830.parquet,35291,downloaded,35291,
2026-07-17,NSE,MARUTI,raw_l2/trade_date=2026-07-17/exchange=NSE/symbol=MARUTI/part-080939_641972-035990.parquet,real_data_sample\l2_unseen_validation\trade_date=2026-07-17\exchange=NSE\symbol=MARUTI\part-080939_641972-035990.parquet,35194,downloaded,35194,
2026-07-17,NSE,MARUTI,raw_l2/trade_date=2026-07-17/exchange=NSE/symbol=MARUTI/part-080954_337230-036022.parquet,real_data_sample\l2_unseen_validation\trade_date=2026-07-17\exchange=NSE\symbol=MARUTI\part-080954_337230-036022.parquet,34929,downloaded,34929,
2026-07-17,NSE,MARUTI,raw_l2/trade_date=2026-07-17/exchange=NSE/symbol=MARUTI/part-081009_220808-036054.parquet,real_data_sample\l2_unseen_validation\trade_date=2026-07-17\exchange=NSE\symbol=MARUTI\part-081009_220808-036054.parquet,35165,downloaded,35165,
2026-07-17,NSE,MARUTI,raw_l2/trade_date=2026-07-17/exchange=NSE/symbol=MARUTI/part-081135_245104-036246.parquet,real_data_sample\l2_unseen_validation\trade_date=2026-07-17\exchange=NSE\symbol=MARUTI\part-081135_245104-036246.parquet,35730,downloaded,35730,
2026-07-17,NSE,MARUTI,raw_l2/trade_date=2026-07-17/exchange=NSE/symbol=MARUTI/part-081121_294251-036214.parquet,real_data_sample\l2_unseen_validation\trade_date=2026-07-17\exchange=NSE\symbol=MARUTI\part-081121_294251-036214.parquet,35266,downloaded,35266,
2026-07-17,NSE,MARUTI,raw_l2/trade_date=2026-07-17/exchange=NSE/symbol=MARUTI/part-081217_730320-036342.parquet,real_data_sample\l2_unseen_validation\trade_date=2026-07-17\exchange=NSE\symbol=MARUTI\part-081217_730320-036342.parquet,35285,downloaded,35285,
2026-07-17,NSE,MARUTI,raw_l2/trade_date=2026-07-17/exchange=NSE/symbol=MARUTI/part-081246_411557-036406.parquet,real_data_sample\l2_unseen_validation\trade_date=2026-07-17\exchange=NSE\symbol=MARUTI\part-081246_411557-036406.parquet,35185,downloaded,35185,
2026-07-17,NSE,MARUTI,raw_l2/trade_date=2026-07-17/exchange=NSE/symbol=MARUTI/part-081301_124295-036438.parquet,real_data_sample\l2_unseen_validation\trade_date=2026-07-17\exchange=NSE\symbol=MARUTI\part-081301_124295-036438.parquet,35285,downloaded,35285,
2026-07-17,NSE,MARUTI,raw_l2/trade_date=2026-07-17/exchange=NSE/symbol=MARUTI/part-081232_014453-036374.parquet,real_data_sample\l2_unseen_validation\trade_date=2026-07-17\exchange=NSE\symbol=MARUTI\part-081232_014453-036374.parquet,35350,downloaded,35350,
2026-07-17,NSE,MARUTI,raw_l2/trade_date=2026-07-17/exchange=NSE/symbol=MARUTI/part-081315_710257-036470.parquet,real_data_sample\l2_unseen_validation\trade_date=2026-07-17\exchange=NSE\symbol=MARUTI\part-081315_710257-036470.parquet,35253,downloaded,35253,
2026-07-17,NSE,MARUTI,raw_l2/trade_date=2026-07-17/exchange=NSE/symbol=MARUTI/part-081024_381730-036086.parquet,real_data_sample\l2_unseen_validation\trade_date=2026-07-17\exchange=NSE\symbol=MARUTI\part-081024_381730-036086.parquet,35453,downloaded,35453,
2026-07-17,NSE,MARUTI,raw_l2/trade_date=2026-07-17/exchange=NSE/symbol=MARUTI/part-081358_412278-036566.parquet,real_data_sample\l2_unseen_validation\trade_date=2026-07-17\exchange=NSE\symbol=MARUTI\part-081358_412278-036566.parquet,35065,downloaded,35065,
2026-07-17,NSE,MARUTI,raw_l2/trade_date=2026-07-17/exchange=NSE/symbol=MARUTI/part-081344_126448-036534.parquet,real_data_sample\l2_unseen_validation\trade_date=2026-07-17\exchange=NSE\symbol=MARUTI\part-081344_126448-036534.parquet,35044,downloaded,35044,
2026-07-17,NSE,MARUTI,raw_l2/trade_date=2026-07-17/exchange=NSE/symbol=MARUTI/part-081454_984076-036694.parquet,real_data_sample\l2_unseen_validation\trade_date=2026-07-17\exchange=NSE\symbol=MARUTI\part-081454_984076-036694.parquet,35436,downloaded,35436,
2026-07-17,NSE,MARUTI,raw_l2/trade_date=2026-07-17/exchange=NSE/symbol=MARUTI/part-081412_710300-036598.parquet,real_data_sample\l2_unseen_validation\trade_date=2026-07-17\exchange=NSE\symbol=MARUTI\part-081412_710300-036598.parquet,35042,downloaded,35042,
2026-07-17,NSE,MARUTI,raw_l2/trade_date=2026-07-17/exchange=NSE/symbol=MARUTI/part-081441_140452-036662.parquet,real_data_sample\l2_unseen_validation\trade_date=2026-07-17\exchange=NSE\symbol=MARUTI\part-081441_140452-036662.parquet,35371,downloaded,35371,
2026-07-17,NSE,MARUTI,raw_l2/trade_date=2026-07-17/exchange=NSE/symbol=MARUTI/part-081523_374609-036758.parquet,real_data_sample\l2_unseen_validation\trade_date=2026-07-17\exchange=NSE\symbol=MARUTI\part-081523_374609-036758.parquet,34779,downloaded,34779,
2026-07-17,NSE,MARUTI,raw_l2/trade_date=2026-07-17/exchange=NSE/symbol=MARUTI/part-081053_080082-036150.parquet,real_data_sample\l2_unseen_validation\trade_date=2026-07-17\exchange=NSE\symbol=MARUTI\part-081053_080082-036150.parquet,35366,downloaded,35366,
2026-07-17,NSE,MARUTI,raw_l2/trade_date=2026-07-17/exchange=NSE/symbol=MARUTI/part-080925_103554-035958.parquet,real_data_sample\l2_unseen_validation\trade_date=2026-07-17\exchange=NSE\symbol=MARUTI\part-080925_103554-035958.parquet,35252,downloaded,35252,
2026-07-17,NSE,MARUTI,raw_l2/trade_date=2026-07-17/exchange=NSE/symbol=MARUTI/part-081537_380587-036790.parquet,real_data_sample\l2_unseen_validation\trade_date=2026-07-17\exchange=NSE\symbol=MARUTI\part-081537_380587-036790.parquet,35028,downloaded,35028,
2026-07-17,NSE,MARUTI,raw_l2/trade_date=2026-07-17/exchange=NSE/symbol=MARUTI/part-081509_153452-036726.parquet,real_data_sample\l2_unseen_validation\trade_date=2026-07-17\exchange=NSE\symbol=MARUTI\part-081509_153452-036726.parquet,35076,downloaded,35076,
2026-07-17,NSE,MARUTI,raw_l2/trade_date=2026-07-17/exchange=NSE/symbol=MARUTI/part-081426_924644-036630.parquet,real_data_sample\l2_unseen_validation\trade_date=2026-07-17\exchange=NSE\symbol=MARUTI\part-081426_924644-036630.parquet,35265,downloaded,35265,
2026-07-17,NSE,MARUTI,raw_l2/trade_date=2026-07-17/exchange=NSE/symbol=MARUTI/part-081605_396688-036854.parquet,real_data_sample\l2_unseen_validation\trade_date=2026-07-17\exchange=NSE\symbol=MARUTI\part-081605_396688-036854.parquet,34841,downloaded,34841,
2026-07-17,NSE,MARUTI,raw_l2/trade_date=2026-07-17/exchange=NSE/symbol=MARUTI/part-081619_300024-036886.parquet,real_data_sample\l2_unseen_validation\trade_date=2026-07-17\exchange=NSE\symbol=MARUTI\part-081619_300024-036886.parquet,35460,downloaded,35460,
2026-07-17,NSE,MARUTI,raw_l2/trade_date=2026-07-17/exchange=NSE/symbol=MARUTI/part-081551_259232-036822.parquet,real_data_sample\l2_unseen_validation\trade_date=2026-07-17\exchange=NSE\symbol=MARUTI\part-081551_259232-036822.parquet,35102,downloaded,35102,
2026-07-17,NSE,MARUTI,raw_l2/trade_date=2026-07-17/exchange=NSE/symbol=MARUTI/part-081329_915094-036502.parquet,real_data_sample\l2_unseen_validation\trade_date=2026-07-17\exchange=NSE\symbol=MARUTI\part-081329_915094-036502.parquet,35289,downloaded,35289,
2026-07-17,NSE,MARUTI,raw_l2/trade_date=2026-07-17/exchange=NSE/symbol=MARUTI/part-081633_337356-036918.parquet,real_data_sample\l2_unseen_validation\trade_date=2026-07-17\exchange=NSE\symbol=MARUTI\part-081633_337356-036918.parquet,34932,downloaded,34932,
2026-07-17,NSE,MARUTI,raw_l2/trade_date=2026-07-17/exchange=NSE/symbol=MARUTI/part-081730_663890-037046.parquet,real_data_sample\l2_unseen_validation\trade_date=2026-07-17\exchange=NSE\symbol=MARUTI\part-081730_663890-037046.parquet,35219,downloaded,35219,
2026-07-17,NSE,MARUTI,raw_l2/trade_date=2026-07-17/exchange=NSE/symbol=MARUTI/part-081715_886238-037014.parquet,real_data_sample\l2_unseen_validation\trade_date=2026-07-17\exchange=NSE\symbol=MARUTI\part-081715_886238-037014.parquet,35260,downloaded,35260,
2026-07-17,NSE,MARUTI,raw_l2/trade_date=2026-07-17/exchange=NSE/symbol=MARUTI/part-075125_060572-033558.parquet,real_data_sample\l2_unseen_validation\trade_date=2026-07-17\exchange=NSE\symbol=MARUTI\part-075125_060572-033558.parquet,35315,downloaded,35315,
2026-07-17,NSE,MARUTI,raw_l2/trade_date=2026-07-17/exchange=NSE/symbol=MARUTI/part-081701_574633-036982.parquet,real_data_sample\l2_unseen_validation\trade_date=2026-07-17\exchange=NSE\symbol=MARUTI\part-081701_574633-036982.parquet,35520,downloaded,35520,
2026-07-17,NSE,MARUTI,raw_l2/trade_date=2026-07-17/exchange=NSE/symbol=MARUTI/part-081647_419453-036950.parquet,real_data_sample\l2_unseen_validation\trade_date=2026-07-17\exchange=NSE\symbol=MARUTI\part-081647_419453-036950.parquet,35330,downloaded,35330,
2026-07-17,NSE,MARUTI,raw_l2/trade_date=2026-07-17/exchange=NSE/symbol=MARUTI/part-074945_738033-033334.parquet,real_data_sample\l2_unseen_validation\trade_date=2026-07-17\exchange=NSE\symbol=MARUTI\part-074945_738033-033334.parquet,35393,downloaded,35393,
2026-07-17,NSE,MARUTI,raw_l2/trade_date=2026-07-17/exchange=NSE/symbol=MARUTI/part-081910_647809-037270.parquet,real_data_sample\l2_unseen_validation\trade_date=2026-07-17\exchange=NSE\symbol=MARUTI\part-081910_647809-037270.parquet,35064,downloaded,35064,
2026-07-17,NSE,MARUTI,raw_l2/trade_date=2026-07-17/exchange=NSE/symbol=MARUTI/part-081813_689140-037142.parquet,real_data_sample\l2_unseen_validation\trade_date=2026-07-17\exchange=NSE\symbol=MARUTI\part-081813_689140-037142.parquet,35297,downloaded,35297,
2026-07-17,NSE,MARUTI,raw_l2/trade_date=2026-07-17/exchange=NSE/symbol=MARUTI/part-081759_120140-037110.parquet,real_data_sample\l2_unseen_validation\trade_date=2026-07-17\exchange=NSE\symbol=MARUTI\part-081759_120140-037110.parquet,35014,downloaded,35014,
2026-07-17,NSE,MARUTI,raw_l2/trade_date=2026-07-17/exchange=NSE/symbol=MARUTI/part-081953_602613-037366.parquet,real_data_sample\l2_unseen_validation\trade_date=2026-07-17\exchange=NSE\symbol=MARUTI\part-081953_602613-037366.parquet,35106,downloaded,35106,
2026-07-17,NSE,MARUTI,raw_l2/trade_date=2026-07-17/exchange=NSE/symbol=MARUTI/part-082007_602790-037398.parquet,real_data_sample\l2_unseen_validation\trade_date=2026-07-17\exchange=NSE\symbol=MARUTI\part-082007_602790-037398.parquet,35533,downloaded,35533,
2026-07-17,NSE,MARUTI,raw_l2/trade_date=2026-07-17/exchange=NSE/symbol=MARUTI/part-081842_624689-037206.parquet,real_data_sample\l2_unseen_validation\trade_date=2026-07-17\exchange=NSE\symbol=MARUTI\part-081842_624689-037206.parquet,34925,downloaded,34925,
2026-07-17,NSE,MARUTI,raw_l2/trade_date=2026-07-17/exchange=NSE/symbol=MARUTI/part-082021_982610-037430.parquet,real_data_sample\l2_unseen_validation\trade_date=2026-07-17\exchange=NSE\symbol=MARUTI\part-082021_982610-037430.parquet,35486,downloaded,35486,
2026-07-17,NSE,MARUTI,raw_l2/trade_date=2026-07-17/exchange=NSE/symbol=MARUTI/part-081827_865501-037174.parquet,real_data_sample\l2_unseen_validation\trade_date=2026-07-17\exchange=NSE\symbol=MARUTI\part-081827_865501-037174.parquet,34935,downloaded,34935,
2026-07-17,NSE,MARUTI,raw_l2/trade_date=2026-07-17/exchange=NSE/symbol=MARUTI/part-081203_673440-036310.parquet,real_data_sample\l2_unseen_validation\trade_date=2026-07-17\exchange=NSE\symbol=MARUTI\part-081203_673440-036310.parquet,35173,downloaded,35173,
2026-07-17,NSE,MARUTI,raw_l2/trade_date=2026-07-17/exchange=NSE/symbol=MARUTI/part-081856_650168-037238.parquet,real_data_sample\l2_unseen_validation\trade_date=2026-07-17\exchange=NSE\symbol=MARUTI\part-081856_650168-037238.parquet,35528,downloaded,35528,
2026-07-17,NSE,MARUTI,raw_l2/trade_date=2026-07-17/exchange=NSE/symbol=MARUTI/part-082036_160795-037462.parquet,real_data_sample\l2_unseen_validation\trade_date=2026-07-17\exchange=NSE\symbol=MARUTI\part-082036_160795-037462.parquet,35431,downloaded,35431,
2026-07-17,NSE,MARUTI,raw_l2/trade_date=2026-07-17/exchange=NSE/symbol=MARUTI/part-082051_740961-037494.parquet,real_data_sample\l2_unseen_validation\trade_date=2026-07-17\exchange=NSE\symbol=MARUTI\part-082051_740961-037494.parquet,35335,downloaded,35335,
2026-07-17,NSE,MARUTI,raw_l2/trade_date=2026-07-17/exchange=NSE/symbol=MARUTI/part-081149_465783-036278.parquet,real_data_sample\l2_unseen_validation\trade_date=2026-07-17\exchange=NSE\symbol=MARUTI\part-081149_465783-036278.parquet,35351,downloaded,35351,
2026-07-17,NSE,MARUTI,raw_l2/trade_date=2026-07-17/exchange=NSE/symbol=MARUTI/part-082106_067464-037526.parquet,real_data_sample\l2_unseen_validation\trade_date=2026-07-17\exchange=NSE\symbol=MARUTI\part-082106_067464-037526.parquet,35753,downloaded,35753,
2026-07-17,NSE,MARUTI,raw_l2/trade_date=2026-07-17/exchange=NSE/symbol=MARUTI/part-075110_920682-033526.parquet,real_data_sample\l2_unseen_validation\trade_date=2026-07-17\exchange=NSE\symbol=MARUTI\part-075110_920682-033526.parquet,35274,downloaded,35274,
2026-07-17,NSE,MARUTI,raw_l2/trade_date=2026-07-17/exchange=NSE/symbol=MARUTI/part-075236_171745-033718.parquet,real_data_sample\l2_unseen_validation\trade_date=2026-07-17\exchange=NSE\symbol=MARUTI\part-075236_171745-033718.parquet,34568,downloaded,34568,
2026-07-17,NSE,MARUTI,raw_l2/trade_date=2026-07-17/exchange=NSE/symbol=MARUTI/part-081744_790282-037078.parquet,real_data_sample\l2_unseen_validation\trade_date=2026-07-17\exchange=NSE\symbol=MARUTI\part-081744_790282-037078.parquet,35043,downloaded,35043,
2026-07-17,NSE,MARUTI,raw_l2/trade_date=2026-07-17/exchange=NSE/symbol=MARUTI/part-074931_704338-033302.parquet,real_data_sample\l2_unseen_validation\trade_date=2026-07-17\exchange=NSE\symbol=MARUTI\part-074931_704338-033302.parquet,35114,downloaded,35114,
2026-07-17,NSE,MARUTI,raw_l2/trade_date=2026-07-17/exchange=NSE/symbol=MARUTI/part-082245_567653-037750.parquet,real_data_sample\l2_unseen_validation\trade_date=2026-07-17\exchange=NSE\symbol=MARUTI\part-082245_567653-037750.parquet,35469,downloaded,35469,
2026-07-17,NSE,MARUTI,raw_l2/trade_date=2026-07-17/exchange=NSE/symbol=MARUTI/part-075207_912128-033654.parquet,real_data_sample\l2_unseen_validation\trade_date=2026-07-17\exchange=NSE\symbol=MARUTI\part-075207_912128-033654.parquet,34944,downloaded,34944,
2026-07-17,NSE,MARUTI,raw_l2/trade_date=2026-07-17/exchange=NSE/symbol=MARUTI/part-082148_893935-037622.parquet,real_data_sample\l2_unseen_validation\trade_date=2026-07-17\exchange=NSE\symbol=MARUTI\part-082148_893935-037622.parquet,35664,downloaded,35664,
2026-07-17,NSE,MARUTI,raw_l2/trade_date=2026-07-17/exchange=NSE/symbol=MARUTI/part-082134_844666-037590.parquet,real_data_sample\l2_unseen_validation\trade_date=2026-07-17\exchange=NSE\symbol=MARUTI\part-082134_844666-037590.parquet,35469,downloaded,35469,
2026-07-17,NSE,MARUTI,raw_l2/trade_date=2026-07-17/exchange=NSE/symbol=MARUTI/part-082231_393500-037718.parquet,real_data_sample\l2_unseen_validation\trade_date=2026-07-17\exchange=NSE\symbol=MARUTI\part-082231_393500-037718.parquet,35644,downloaded,35644,
2026-07-17,NSE,MARUTI,raw_l2/trade_date=2026-07-17/exchange=NSE/symbol=MARUTI/part-081939_361217-037334.parquet,real_data_sample\l2_unseen_validation\trade_date=2026-07-17\exchange=NSE\symbol=MARUTI\part-081939_361217-037334.parquet,35210,downloaded,35210,
2026-07-17,NSE,MARUTI,raw_l2/trade_date=2026-07-17/exchange=NSE/symbol=MARUTI/part-074917_804177-033270.parquet,real_data_sample\l2_unseen_validation\trade_date=2026-07-17\exchange=NSE\symbol=MARUTI\part-074917_804177-033270.parquet,35469,downloaded,35469,
2026-07-17,NSE,MARUTI,raw_l2/trade_date=2026-07-17/exchange=NSE/symbol=MARUTI/part-082203_172916-037654.parquet,real_data_sample\l2_unseen_validation\trade_date=2026-07-17\exchange=NSE\symbol=MARUTI\part-082203_172916-037654.parquet,35794,downloaded,35794,
2026-07-17,NSE,MARUTI,raw_l2/trade_date=2026-07-17/exchange=NSE/symbol=MARUTI/part-082217_256279-037686.parquet,real_data_sample\l2_unseen_validation\trade_date=2026-07-17\exchange=NSE\symbol=MARUTI\part-082217_256279-037686.parquet,35562,downloaded,35562,
2026-07-17,NSE,MARUTI,raw_l2/trade_date=2026-07-17/exchange=NSE/symbol=MARUTI/part-082259_694671-037782.parquet,real_data_sample\l2_unseen_validation\trade_date=2026-07-17\exchange=NSE\symbol=MARUTI\part-082259_694671-037782.parquet,35515,downloaded,35515,
2026-07-17,NSE,MARUTI,raw_l2/trade_date=2026-07-17/exchange=NSE/symbol=MARUTI/part-081925_008091-037302.parquet,real_data_sample\l2_unseen_validation\trade_date=2026-07-17\exchange=NSE\symbol=MARUTI\part-081925_008091-037302.parquet,35035,downloaded,35035,
2026-07-17,NSE,MARUTI,raw_l2/trade_date=2026-07-17/exchange=NSE/symbol=MARUTI/part-082314_343919-037814.parquet,real_data_sample\l2_unseen_validation\trade_date=2026-07-17\exchange=NSE\symbol=MARUTI\part-082314_343919-037814.parquet,35417,downloaded,35417,
2026-07-17,NSE,MARUTI,raw_l2/trade_date=2026-07-17/exchange=NSE/symbol=MARUTI/part-075250_614651-033750.parquet,real_data_sample\l2_unseen_validation\trade_date=2026-07-17\exchange=NSE\symbol=MARUTI\part-075250_614651-033750.parquet,34719,downloaded,34719,
2026-07-17,NSE,MARUTI,raw_l2/trade_date=2026-07-17/exchange=NSE/symbol=MARUTI/part-082328_479812-037846.parquet,real_data_sample\l2_unseen_validation\trade_date=2026-07-17\exchange=NSE\symbol=MARUTI\part-082328_479812-037846.parquet,35685,downloaded,35685,
2026-07-17,NSE,MARUTI,raw_l2/trade_date=2026-07-17/exchange=NSE/symbol=MARUTI/part-082356_583671-037910.parquet,real_data_sample\l2_unseen_validation\trade_date=2026-07-17\exchange=NSE\symbol=MARUTI\part-082356_583671-037910.parquet,35204,downloaded,35204,
2026-07-17,NSE,MARUTI,raw_l2/trade_date=2026-07-17/exchange=NSE/symbol=MARUTI/part-075153_597669-033622.parquet,real_data_sample\l2_unseen_validation\trade_date=2026-07-17\exchange=NSE\symbol=MARUTI\part-075153_597669-033622.parquet,35431,downloaded,35431,
2026-07-17,NSE,MARUTI,raw_l2/trade_date=2026-07-17/exchange=NSE/symbol=MARUTI/part-082342_495242-037878.parquet,real_data_sample\l2_unseen_validation\trade_date=2026-07-17\exchange=NSE\symbol=MARUTI\part-082342_495242-037878.parquet,35487,downloaded,35487,
2026-07-17,NSE,MARUTI,raw_l2/trade_date=2026-07-17/exchange=NSE/symbol=MARUTI/part-082424_931382-037974.parquet,real_data_sample\l2_unseen_validation\trade_date=2026-07-17\exchange=NSE\symbol=MARUTI\part-082424_931382-037974.parquet,34760,downloaded,34760,
2026-07-17,NSE,MARUTI,raw_l2/trade_date=2026-07-17/exchange=NSE/symbol=MARUTI/part-082453_093122-038038.parquet,real_data_sample\l2_unseen_validation\trade_date=2026-07-17\exchange=NSE\symbol=MARUTI\part-082453_093122-038038.parquet,35393,downloaded,35393,
2026-07-17,NSE,MARUTI,raw_l2/trade_date=2026-07-17/exchange=NSE/symbol=MARUTI/part-082438_860901-038006.parquet,real_data_sample\l2_unseen_validation\trade_date=2026-07-17\exchange=NSE\symbol=MARUTI\part-082438_860901-038006.parquet,35161,downloaded,35161,
2026-07-17,NSE,MARUTI,raw_l2/trade_date=2026-07-17/exchange=NSE/symbol=MARUTI/part-082521_267358-038102.parquet,real_data_sample\l2_unseen_validation\trade_date=2026-07-17\exchange=NSE\symbol=MARUTI\part-082521_267358-038102.parquet,34591,downloaded,34591,
2026-07-17,NSE,MARUTI,raw_l2/trade_date=2026-07-17/exchange=NSE/symbol=MARUTI/part-082120_454334-037558.parquet,real_data_sample\l2_unseen_validation\trade_date=2026-07-17\exchange=NSE\symbol=MARUTI\part-082120_454334-037558.parquet,35837,downloaded,35837,
2026-07-17,NSE,MARUTI,raw_l2/trade_date=2026-07-17/exchange=NSE/symbol=MARUTI/part-082410_683660-037942.parquet,real_data_sample\l2_unseen_validation\trade_date=2026-07-17\exchange=NSE\symbol=MARUTI\part-082410_683660-037942.parquet,34941,downloaded,34941,
2026-07-17,NSE,MARUTI,raw_l2/trade_date=2026-07-17/exchange=NSE/symbol=MARUTI/part-082535_519923-038134.parquet,real_data_sample\l2_unseen_validation\trade_date=2026-07-17\exchange=NSE\symbol=MARUTI\part-082535_519923-038134.parquet,34488,downloaded,34488,
2026-07-17,NSE,MARUTI,raw_l2/trade_date=2026-07-17/exchange=NSE/symbol=MARUTI/part-082550_064614-038166.parquet,real_data_sample\l2_unseen_validation\trade_date=2026-07-17\exchange=NSE\symbol=MARUTI\part-082550_064614-038166.parquet,34659,downloaded,34659,
2026-07-17,NSE,MARUTI,raw_l2/trade_date=2026-07-17/exchange=NSE/symbol=MARUTI/part-082647_357350-038294.parquet,real_data_sample\l2_unseen_validation\trade_date=2026-07-17\exchange=NSE\symbol=MARUTI\part-082647_357350-038294.parquet,34781,downloaded,34781,
2026-07-17,NSE,MARUTI,raw_l2/trade_date=2026-07-17/exchange=NSE/symbol=MARUTI/part-082618_733319-038230.parquet,real_data_sample\l2_unseen_validation\trade_date=2026-07-17\exchange=NSE\symbol=MARUTI\part-082618_733319-038230.parquet,34758,downloaded,34758,
2026-07-17,NSE,MARUTI,raw_l2/trade_date=2026-07-17/exchange=NSE/symbol=MARUTI/part-082633_328905-038262.parquet,real_data_sample\l2_unseen_validation\trade_date=2026-07-17\exchange=NSE\symbol=MARUTI\part-082633_328905-038262.parquet,34462,downloaded,34462,
2026-07-17,NSE,MARUTI,raw_l2/trade_date=2026-07-17/exchange=NSE/symbol=MARUTI/part-082715_844276-038358.parquet,real_data_sample\l2_unseen_validation\trade_date=2026-07-17\exchange=NSE\symbol=MARUTI\part-082715_844276-038358.parquet,34522,downloaded,34522,
2026-07-17,NSE,MARUTI,raw_l2/trade_date=2026-07-17/exchange=NSE/symbol=MARUTI/part-082729_898440-038390.parquet,real_data_sample\l2_unseen_validation\trade_date=2026-07-17\exchange=NSE\symbol=MARUTI\part-082729_898440-038390.parquet,35000,downloaded,35000,
2026-07-17,NSE,MARUTI,raw_l2/trade_date=2026-07-17/exchange=NSE/symbol=MARUTI/part-082813_139029-038486.parquet,real_data_sample\l2_unseen_validation\trade_date=2026-07-17\exchange=NSE\symbol=MARUTI\part-082813_139029-038486.parquet,35411,downloaded,35411,
2026-07-17,NSE,MARUTI,raw_l2/trade_date=2026-07-17/exchange=NSE/symbol=MARUTI/part-082856_514889-038582.parquet,real_data_sample\l2_unseen_validation\trade_date=2026-07-17\exchange=NSE\symbol=MARUTI\part-082856_514889-038582.parquet,35323,downloaded,35323,
2026-07-17,NSE,MARUTI,raw_l2/trade_date=2026-07-17/exchange=NSE/symbol=MARUTI/part-082911_145938-038614.parquet,real_data_sample\l2_unseen_validation\trade_date=2026-07-17\exchange=NSE\symbol=MARUTI\part-082911_145938-038614.parquet,35364,downloaded,35364,
2026-07-17,NSE,MARUTI,raw_l2/trade_date=2026-07-17/exchange=NSE/symbol=MARUTI/part-082842_075376-038550.parquet,real_data_sample\l2_unseen_validation\trade_date=2026-07-17\exchange=NSE\symbol=MARUTI\part-082842_075376-038550.parquet,35569,downloaded,35569,
2026-07-17,NSE,MARUTI,raw_l2/trade_date=2026-07-17/exchange=NSE/symbol=MARUTI/part-082744_187788-038422.parquet,real_data_sample\l2_unseen_validation\trade_date=2026-07-17\exchange=NSE\symbol=MARUTI\part-082744_187788-038422.parquet,35224,downloaded,35224,
2026-07-17,NSE,MARUTI,raw_l2/trade_date=2026-07-17/exchange=NSE/symbol=MARUTI/part-082758_596437-038454.parquet,real_data_sample\l2_unseen_validation\trade_date=2026-07-17\exchange=NSE\symbol=MARUTI\part-082758_596437-038454.parquet,34909,downloaded,34909,
2026-07-17,NSE,MARUTI,raw_l2/trade_date=2026-07-17/exchange=NSE/symbol=MARUTI/part-082827_673114-038518.parquet,real_data_sample\l2_unseen_validation\trade_date=2026-07-17\exchange=NSE\symbol=MARUTI\part-082827_673114-038518.parquet,35604,downloaded,35604,
2026-07-17,NSE,MARUTI,raw_l2/trade_date=2026-07-17/exchange=NSE/symbol=MARUTI/part-082940_100507-038678.parquet,real_data_sample\l2_unseen_validation\trade_date=2026-07-17\exchange=NSE\symbol=MARUTI\part-082940_100507-038678.parquet,34977,downloaded,34977,
2026-07-17,NSE,MARUTI,raw_l2/trade_date=2026-07-17/exchange=NSE/symbol=MARUTI/part-083009_386028-038742.parquet,real_data_sample\l2_unseen_validation\trade_date=2026-07-17\exchange=NSE\symbol=MARUTI\part-083009_386028-038742.parquet,35566,downloaded,35566,
2026-07-17,NSE,MARUTI,raw_l2/trade_date=2026-07-17/exchange=NSE/symbol=MARUTI/part-082925_653787-038646.parquet,real_data_sample\l2_unseen_validation\trade_date=2026-07-17\exchange=NSE\symbol=MARUTI\part-082925_653787-038646.parquet,35360,downloaded,35360,
2026-07-17,NSE,MARUTI,raw_l2/trade_date=2026-07-17/exchange=NSE/symbol=MARUTI/part-083023_750104-038774.parquet,real_data_sample\l2_unseen_validation\trade_date=2026-07-17\exchange=NSE\symbol=MARUTI\part-083023_750104-038774.parquet,34680,downloaded,34680,
2026-07-17,NSE,MARUTI,raw_l2/trade_date=2026-07-17/exchange=NSE/symbol=MARUTI/part-083052_443137-038838.parquet,real_data_sample\l2_unseen_validation\trade_date=2026-07-17\exchange=NSE\symbol=MARUTI\part-083052_443137-038838.parquet,34378,downloaded,34378,
2026-07-17,NSE,MARUTI,raw_l2/trade_date=2026-07-17/exchange=NSE/symbol=MARUTI/part-083121_839066-038902.parquet,real_data_sample\l2_unseen_validation\trade_date=2026-07-17\exchange=NSE\symbol=MARUTI\part-083121_839066-038902.parquet,34670,downloaded,34670,
2026-07-17,NSE,MARUTI,raw_l2/trade_date=2026-07-17/exchange=NSE/symbol=MARUTI/part-083136_564056-038934.parquet,real_data_sample\l2_unseen_validation\trade_date=2026-07-17\exchange=NSE\symbol=MARUTI\part-083136_564056-038934.parquet,34674,downloaded,34674,
2026-07-17,NSE,MARUTI,raw_l2/trade_date=2026-07-17/exchange=NSE/symbol=MARUTI/part-083106_899221-038870.parquet,real_data_sample\l2_unseen_validation\trade_date=2026-07-17\exchange=NSE\symbol=MARUTI\part-083106_899221-038870.parquet,34407,downloaded,34407,
2026-07-17,NSE,MARUTI,raw_l2/trade_date=2026-07-17/exchange=NSE/symbol=MARUTI/part-083038_068837-038806.parquet,real_data_sample\l2_unseen_validation\trade_date=2026-07-17\exchange=NSE\symbol=MARUTI\part-083038_068837-038806.parquet,34572,downloaded,34572,
2026-07-17,NSE,MARUTI,raw_l2/trade_date=2026-07-17/exchange=NSE/symbol=MARUTI/part-083150_936718-038966.parquet,real_data_sample\l2_unseen_validation\trade_date=2026-07-17\exchange=NSE\symbol=MARUTI\part-083150_936718-038966.parquet,34562,downloaded,34562,
2026-07-17,NSE,MARUTI,raw_l2/trade_date=2026-07-17/exchange=NSE/symbol=MARUTI/part-083205_245215-038998.parquet,real_data_sample\l2_unseen_validation\trade_date=2026-07-17\exchange=NSE\symbol=MARUTI\part-083205_245215-038998.parquet,34399,downloaded,34399,
2026-07-17,NSE,MARUTI,raw_l2/trade_date=2026-07-17/exchange=NSE/symbol=MARUTI/part-082604_462281-038198.parquet,real_data_sample\l2_unseen_validation\trade_date=2026-07-17\exchange=NSE\symbol=MARUTI\part-082604_462281-038198.parquet,34572,downloaded,34572,
2026-07-17,NSE,MARUTI,raw_l2/trade_date=2026-07-17/exchange=NSE/symbol=MARUTI/part-083219_967927-039030.parquet,real_data_sample\l2_unseen_validation\trade_date=2026-07-17\exchange=NSE\symbol=MARUTI\part-083219_967927-039030.parquet,34634,downloaded,34634,
2026-07-17,NSE,MARUTI,raw_l2/trade_date=2026-07-17/exchange=NSE/symbol=MARUTI/part-083249_310005-039094.parquet,real_data_sample\l2_unseen_validation\trade_date=2026-07-17\exchange=NSE\symbol=MARUTI\part-083249_310005-039094.parquet,34441,downloaded,34441,
2026-07-17,NSE,MARUTI,raw_l2/trade_date=2026-07-17/exchange=NSE/symbol=MARUTI/part-083303_861231-039126.parquet,real_data_sample\l2_unseen_validation\trade_date=2026-07-17\exchange=NSE\symbol=MARUTI\part-083303_861231-039126.parquet,34705,downloaded,34705,
2026-07-17,NSE,MARUTI,raw_l2/trade_date=2026-07-17/exchange=NSE/symbol=MARUTI/part-083332_813099-039190.parquet,real_data_sample\l2_unseen_validation\trade_date=2026-07-17\exchange=NSE\symbol=MARUTI\part-083332_813099-039190.parquet,34538,downloaded,34538,
2026-07-17,NSE,MARUTI,raw_l2/trade_date=2026-07-17/exchange=NSE/symbol=MARUTI/part-082701_394203-038326.parquet,real_data_sample\l2_unseen_validation\trade_date=2026-07-17\exchange=NSE\symbol=MARUTI\part-082701_394203-038326.parquet,34587,downloaded,34587,
2026-07-17,NSE,MARUTI,raw_l2/trade_date=2026-07-17/exchange=NSE/symbol=MARUTI/part-083318_491513-039158.parquet,real_data_sample\l2_unseen_validation\trade_date=2026-07-17\exchange=NSE\symbol=MARUTI\part-083318_491513-039158.parquet,34530,downloaded,34530,
2026-07-17,NSE,MARUTI,raw_l2/trade_date=2026-07-17/exchange=NSE/symbol=MARUTI/part-083346_998052-039222.parquet,real_data_sample\l2_unseen_validation\trade_date=2026-07-17\exchange=NSE\symbol=MARUTI\part-083346_998052-039222.parquet,34678,downloaded,34678,
2026-07-17,NSE,MARUTI,raw_l2/trade_date=2026-07-17/exchange=NSE/symbol=MARUTI/part-083401_545722-039254.parquet,real_data_sample\l2_unseen_validation\trade_date=2026-07-17\exchange=NSE\symbol=MARUTI\part-083401_545722-039254.parquet,34586,downloaded,34586,
2026-07-17,NSE,MARUTI,raw_l2/trade_date=2026-07-17/exchange=NSE/symbol=MARUTI/part-083430_026558-039318.parquet,real_data_sample\l2_unseen_validation\trade_date=2026-07-17\exchange=NSE\symbol=MARUTI\part-083430_026558-039318.parquet,34792,downloaded,34792,
2026-07-17,NSE,MARUTI,raw_l2/trade_date=2026-07-17/exchange=NSE/symbol=MARUTI/part-083415_771418-039286.parquet,real_data_sample\l2_unseen_validation\trade_date=2026-07-17\exchange=NSE\symbol=MARUTI\part-083415_771418-039286.parquet,34717,downloaded,34717,
2026-07-17,NSE,MARUTI,raw_l2/trade_date=2026-07-17/exchange=NSE/symbol=MARUTI/part-083444_477180-039350.parquet,real_data_sample\l2_unseen_validation\trade_date=2026-07-17\exchange=NSE\symbol=MARUTI\part-083444_477180-039350.parquet,35013,downloaded,35013,
2026-07-17,NSE,MARUTI,raw_l2/trade_date=2026-07-17/exchange=NSE/symbol=MARUTI/part-083513_171346-039414.parquet,real_data_sample\l2_unseen_validation\trade_date=2026-07-17\exchange=NSE\symbol=MARUTI\part-083513_171346-039414.parquet,35061,downloaded,35061,
2026-07-17,NSE,MARUTI,raw_l2/trade_date=2026-07-17/exchange=NSE/symbol=MARUTI/part-083458_950644-039382.parquet,real_data_sample\l2_unseen_validation\trade_date=2026-07-17\exchange=NSE\symbol=MARUTI\part-083458_950644-039382.parquet,34881,downloaded,34881,
2026-07-17,NSE,MARUTI,raw_l2/trade_date=2026-07-17/exchange=NSE/symbol=MARUTI/part-083555_585133-039510.parquet,real_data_sample\l2_unseen_validation\trade_date=2026-07-17\exchange=NSE\symbol=MARUTI\part-083555_585133-039510.parquet,35555,downloaded,35555,
2026-07-17,NSE,MARUTI,raw_l2/trade_date=2026-07-17/exchange=NSE/symbol=MARUTI/part-083541_398473-039478.parquet,real_data_sample\l2_unseen_validation\trade_date=2026-07-17\exchange=NSE\symbol=MARUTI\part-083541_398473-039478.parquet,35075,downloaded,35075,
2026-07-17,NSE,MARUTI,raw_l2/trade_date=2026-07-17/exchange=NSE/symbol=MARUTI/part-083527_299437-039446.parquet,real_data_sample\l2_unseen_validation\trade_date=2026-07-17\exchange=NSE\symbol=MARUTI\part-083527_299437-039446.parquet,35513,downloaded,35513,
2026-07-17,NSE,MARUTI,raw_l2/trade_date=2026-07-17/exchange=NSE/symbol=MARUTI/part-083609_818763-039542.parquet,real_data_sample\l2_unseen_validation\trade_date=2026-07-17\exchange=NSE\symbol=MARUTI\part-083609_818763-039542.parquet,35589,downloaded,35589,
2026-07-17,NSE,MARUTI,raw_l2/trade_date=2026-07-17/exchange=NSE/symbol=MARUTI/part-082954_641045-038710.parquet,real_data_sample\l2_unseen_validation\trade_date=2026-07-17\exchange=NSE\symbol=MARUTI\part-082954_641045-038710.parquet,35258,downloaded,35258,
2026-07-17,NSE,MARUTI,raw_l2/trade_date=2026-07-17/exchange=NSE/symbol=MARUTI/part-083624_140323-039574.parquet,real_data_sample\l2_unseen_validation\trade_date=2026-07-17\exchange=NSE\symbol=MARUTI\part-083624_140323-039574.parquet,35408,downloaded,35408,
2026-07-17,NSE,MARUTI,raw_l2/trade_date=2026-07-17/exchange=NSE/symbol=MARUTI/part-082507_149002-038070.parquet,real_data_sample\l2_unseen_validation\trade_date=2026-07-17\exchange=NSE\symbol=MARUTI\part-082507_149002-038070.parquet,35020,downloaded,35020,
2026-07-17,NSE,MARUTI,raw_l2/trade_date=2026-07-17/exchange=NSE/symbol=MARUTI/part-083638_409504-039606.parquet,real_data_sample\l2_unseen_validation\trade_date=2026-07-17\exchange=NSE\symbol=MARUTI\part-083638_409504-039606.parquet,34718,downloaded,34718,
2026-07-17,NSE,MARUTI,raw_l2/trade_date=2026-07-17/exchange=NSE/symbol=MARUTI/part-083706_787750-039670.parquet,real_data_sample\l2_unseen_validation\trade_date=2026-07-17\exchange=NSE\symbol=MARUTI\part-083706_787750-039670.parquet,35335,downloaded,35335,
2026-07-17,NSE,MARUTI,raw_l2/trade_date=2026-07-17/exchange=NSE/symbol=MARUTI/part-083652_706703-039638.parquet,real_data_sample\l2_unseen_validation\trade_date=2026-07-17\exchange=NSE\symbol=MARUTI\part-083652_706703-039638.parquet,35446,downloaded,35446,
2026-07-17,NSE,MARUTI,raw_l2/trade_date=2026-07-17/exchange=NSE/symbol=MARUTI/part-083720_962993-039702.parquet,real_data_sample\l2_unseen_validation\trade_date=2026-07-17\exchange=NSE\symbol=MARUTI\part-083720_962993-039702.parquet,34874,downloaded,34874,
2026-07-17,NSE,MARUTI,raw_l2/trade_date=2026-07-17/exchange=NSE/symbol=MARUTI/part-083749_453826-039766.parquet,real_data_sample\l2_unseen_validation\trade_date=2026-07-17\exchange=NSE\symbol=MARUTI\part-083749_453826-039766.parquet,35133,downloaded,35133,
2026-07-17,NSE,MARUTI,raw_l2/trade_date=2026-07-17/exchange=NSE/symbol=MARUTI/part-083803_844737-039798.parquet,real_data_sample\l2_unseen_validation\trade_date=2026-07-17\exchange=NSE\symbol=MARUTI\part-083803_844737-039798.parquet,35218,downloaded,35218,
2026-07-17,NSE,MARUTI,raw_l2/trade_date=2026-07-17/exchange=NSE/symbol=MARUTI/part-083735_185623-039734.parquet,real_data_sample\l2_unseen_validation\trade_date=2026-07-17\exchange=NSE\symbol=MARUTI\part-083735_185623-039734.parquet,35008,downloaded,35008,
2026-07-17,NSE,MARUTI,raw_l2/trade_date=2026-07-17/exchange=NSE/symbol=MARUTI/part-083832_446474-039862.parquet,real_data_sample\l2_unseen_validation\trade_date=2026-07-17\exchange=NSE\symbol=MARUTI\part-083832_446474-039862.parquet,35784,downloaded,35784,
2026-07-17,NSE,MARUTI,raw_l2/trade_date=2026-07-17/exchange=NSE/symbol=MARUTI/part-083818_022870-039830.parquet,real_data_sample\l2_unseen_validation\trade_date=2026-07-17\exchange=NSE\symbol=MARUTI\part-083818_022870-039830.parquet,35551,downloaded,35551,
2026-07-17,NSE,MARUTI,raw_l2/trade_date=2026-07-17/exchange=NSE/symbol=MARUTI/part-083234_674971-039062.parquet,real_data_sample\l2_unseen_validation\trade_date=2026-07-17\exchange=NSE\symbol=MARUTI\part-083234_674971-039062.parquet,34667,downloaded,34667,
2026-07-17,NSE,MARUTI,raw_l2/trade_date=2026-07-17/exchange=NSE/symbol=MARUTI/part-083929_864777-039990.parquet,real_data_sample\l2_unseen_validation\trade_date=2026-07-17\exchange=NSE\symbol=MARUTI\part-083929_864777-039990.parquet,35522,downloaded,35522,
2026-07-17,NSE,MARUTI,raw_l2/trade_date=2026-07-17/exchange=NSE/symbol=MARUTI/part-083846_658205-039894.parquet,real_data_sample\l2_unseen_validation\trade_date=2026-07-17\exchange=NSE\symbol=MARUTI\part-083846_658205-039894.parquet,35205,downloaded,35205,
2026-07-17,NSE,MARUTI,raw_l2/trade_date=2026-07-17/exchange=NSE/symbol=MARUTI/part-083915_336751-039958.parquet,real_data_sample\l2_unseen_validation\trade_date=2026-07-17\exchange=NSE\symbol=MARUTI\part-083915_336751-039958.parquet,35156,downloaded,35156,
2026-07-17,NSE,MARUTI,raw_l2/trade_date=2026-07-17/exchange=NSE/symbol=MARUTI/part-083958_327009-040054.parquet,real_data_sample\l2_unseen_validation\trade_date=2026-07-17\exchange=NSE\symbol=MARUTI\part-083958_327009-040054.parquet,35237,downloaded,35237,
2026-07-17,NSE,MARUTI,raw_l2/trade_date=2026-07-17/exchange=NSE/symbol=MARUTI/part-083944_011698-040022.parquet,real_data_sample\l2_unseen_validation\trade_date=2026-07-17\exchange=NSE\symbol=MARUTI\part-083944_011698-040022.parquet,35223,downloaded,35223,
2026-07-17,NSE,MARUTI,raw_l2/trade_date=2026-07-17/exchange=NSE/symbol=MARUTI/part-084026_860568-040118.parquet,real_data_sample\l2_unseen_validation\trade_date=2026-07-17\exchange=NSE\symbol=MARUTI\part-084026_860568-040118.parquet,35053,downloaded,35053,
2026-07-17,NSE,MARUTI,raw_l2/trade_date=2026-07-17/exchange=NSE/symbol=MARUTI/part-084055_860828-040182.parquet,real_data_sample\l2_unseen_validation\trade_date=2026-07-17\exchange=NSE\symbol=MARUTI\part-084055_860828-040182.parquet,35329,downloaded,35329,
2026-07-17,NSE,MARUTI,raw_l2/trade_date=2026-07-17/exchange=NSE/symbol=MARUTI/part-084041_273726-040150.parquet,real_data_sample\l2_unseen_validation\trade_date=2026-07-17\exchange=NSE\symbol=MARUTI\part-084041_273726-040150.parquet,35182,downloaded,35182,
2026-07-17,NSE,MARUTI,raw_l2/trade_date=2026-07-17/exchange=NSE/symbol=MARUTI/part-084109_853988-040214.parquet,real_data_sample\l2_unseen_validation\trade_date=2026-07-17\exchange=NSE\symbol=MARUTI\part-084109_853988-040214.parquet,35051,downloaded,35051,
2026-07-17,NSE,MARUTI,raw_l2/trade_date=2026-07-17/exchange=NSE/symbol=MARUTI/part-084124_117661-040246.parquet,real_data_sample\l2_unseen_validation\trade_date=2026-07-17\exchange=NSE\symbol=MARUTI\part-084124_117661-040246.parquet,35232,downloaded,35232,
2026-07-17,NSE,MARUTI,raw_l2/trade_date=2026-07-17/exchange=NSE/symbol=MARUTI/part-083901_053766-039926.parquet,real_data_sample\l2_unseen_validation\trade_date=2026-07-17\exchange=NSE\symbol=MARUTI\part-083901_053766-039926.parquet,35029,downloaded,35029,
2026-07-17,NSE,MARUTI,raw_l2/trade_date=2026-07-17/exchange=NSE/symbol=MARUTI/part-084250_509224-040438.parquet,real_data_sample\l2_unseen_validation\trade_date=2026-07-17\exchange=NSE\symbol=MARUTI\part-084250_509224-040438.parquet,34617,downloaded,34617,
2026-07-17,NSE,MARUTI,raw_l2/trade_date=2026-07-17/exchange=NSE/symbol=MARUTI/part-084402_564729-040598.parquet,real_data_sample\l2_unseen_validation\trade_date=2026-07-17\exchange=NSE\symbol=MARUTI\part-084402_564729-040598.parquet,35088,downloaded,35088,
2026-07-17,NSE,MARUTI,raw_l2/trade_date=2026-07-17/exchange=NSE/symbol=MARUTI/part-084152_946941-040310.parquet,real_data_sample\l2_unseen_validation\trade_date=2026-07-17\exchange=NSE\symbol=MARUTI\part-084152_946941-040310.parquet,35106,downloaded,35106,
2026-07-17,NSE,MARUTI,raw_l2/trade_date=2026-07-17/exchange=NSE/symbol=MARUTI/part-084445_729613-040694.parquet,real_data_sample\l2_unseen_validation\trade_date=2026-07-17\exchange=NSE\symbol=MARUTI\part-084445_729613-040694.parquet,34900,downloaded,34900,
2026-07-17,NSE,MARUTI,raw_l2/trade_date=2026-07-17/exchange=NSE/symbol=MARUTI/part-084557_654606-040854.parquet,real_data_sample\l2_unseen_validation\trade_date=2026-07-17\exchange=NSE\symbol=MARUTI\part-084557_654606-040854.parquet,35468,downloaded,35468,
2026-07-17,NSE,MARUTI,raw_l2/trade_date=2026-07-17/exchange=NSE/symbol=MARUTI/part-084207_269816-040342.parquet,real_data_sample\l2_unseen_validation\trade_date=2026-07-17\exchange=NSE\symbol=MARUTI\part-084207_269816-040342.parquet,34517,downloaded,34517,
2026-07-17,NSE,MARUTI,raw_l2/trade_date=2026-07-17/exchange=NSE/symbol=MARUTI/part-084416_947353-040630.parquet,real_data_sample\l2_unseen_validation\trade_date=2026-07-17\exchange=NSE\symbol=MARUTI\part-084416_947353-040630.parquet,34943,downloaded,34943,
2026-07-17,NSE,MARUTI,raw_l2/trade_date=2026-07-17/exchange=NSE/symbol=MARUTI/part-084138_536507-040278.parquet,real_data_sample\l2_unseen_validation\trade_date=2026-07-17\exchange=NSE\symbol=MARUTI\part-084138_536507-040278.parquet,35364,downloaded,35364,
2026-07-17,NSE,MARUTI,raw_l2/trade_date=2026-07-17/exchange=NSE/symbol=MARUTI/part-084221_743299-040374.parquet,real_data_sample\l2_unseen_validation\trade_date=2026-07-17\exchange=NSE\symbol=MARUTI\part-084221_743299-040374.parquet,34548,downloaded,34548,
2026-07-17,NSE,MARUTI,raw_l2/trade_date=2026-07-17/exchange=NSE/symbol=MARUTI/part-084431_439236-040662.parquet,real_data_sample\l2_unseen_validation\trade_date=2026-07-17\exchange=NSE\symbol=MARUTI\part-084431_439236-040662.parquet,35012,downloaded,35012,
2026-07-17,NSE,MARUTI,raw_l2/trade_date=2026-07-17/exchange=NSE/symbol=MARUTI/part-084514_552952-040758.parquet,real_data_sample\l2_unseen_validation\trade_date=2026-07-17\exchange=NSE\symbol=MARUTI\part-084514_552952-040758.parquet,35394,downloaded,35394,
2026-07-17,NSE,MARUTI,raw_l2/trade_date=2026-07-17/exchange=NSE/symbol=MARUTI/part-084236_010400-040406.parquet,real_data_sample\l2_unseen_validation\trade_date=2026-07-17\exchange=NSE\symbol=MARUTI\part-084236_010400-040406.parquet,34492,downloaded,34492,
2026-07-17,NSE,MARUTI,raw_l2/trade_date=2026-07-17/exchange=NSE/symbol=MARUTI/part-084500_197945-040726.parquet,real_data_sample\l2_unseen_validation\trade_date=2026-07-17\exchange=NSE\symbol=MARUTI\part-084500_197945-040726.parquet,35257,downloaded,35257,
2026-07-17,NSE,MARUTI,raw_l2/trade_date=2026-07-17/exchange=NSE/symbol=MARUTI/part-084304_639030-040470.parquet,real_data_sample\l2_unseen_validation\trade_date=2026-07-17\exchange=NSE\symbol=MARUTI\part-084304_639030-040470.parquet,34753,downloaded,34753,
2026-07-17,NSE,MARUTI,raw_l2/trade_date=2026-07-17/exchange=NSE/symbol=MARUTI/part-084333_604628-040534.parquet,real_data_sample\l2_unseen_validation\trade_date=2026-07-17\exchange=NSE\symbol=MARUTI\part-084333_604628-040534.parquet,35481,downloaded,35481,
2026-07-17,NSE,MARUTI,raw_l2/trade_date=2026-07-17/exchange=NSE/symbol=MARUTI/part-084543_426479-040822.parquet,real_data_sample\l2_unseen_validation\trade_date=2026-07-17\exchange=NSE\symbol=MARUTI\part-084543_426479-040822.parquet,35897,downloaded,35897,
2026-07-17,NSE,MARUTI,raw_l2/trade_date=2026-07-17/exchange=NSE/symbol=MARUTI/part-084012_699486-040086.parquet,real_data_sample\l2_unseen_validation\trade_date=2026-07-17\exchange=NSE\symbol=MARUTI\part-084012_699486-040086.parquet,35249,downloaded,35249,
2026-07-17,NSE,MARUTI,raw_l2/trade_date=2026-07-17/exchange=NSE/symbol=MARUTI/part-084626_375850-040918.parquet,real_data_sample\l2_unseen_validation\trade_date=2026-07-17\exchange=NSE\symbol=MARUTI\part-084626_375850-040918.parquet,35942,downloaded,35942,
2026-07-17,NSE,MARUTI,raw_l2/trade_date=2026-07-17/exchange=NSE/symbol=MARUTI/part-084640_734602-040950.parquet,real_data_sample\l2_unseen_validation\trade_date=2026-07-17\exchange=NSE\symbol=MARUTI\part-084640_734602-040950.parquet,35852,downloaded,35852,
2026-07-17,NSE,MARUTI,raw_l2/trade_date=2026-07-17/exchange=NSE/symbol=MARUTI/part-084529_040029-040790.parquet,real_data_sample\l2_unseen_validation\trade_date=2026-07-17\exchange=NSE\symbol=MARUTI\part-084529_040029-040790.parquet,35336,downloaded,35336,
2026-07-17,NSE,MARUTI,raw_l2/trade_date=2026-07-17/exchange=NSE/symbol=MARUTI/part-084709_176039-041014.parquet,real_data_sample\l2_unseen_validation\trade_date=2026-07-17\exchange=NSE\symbol=MARUTI\part-084709_176039-041014.parquet,35889,downloaded,35889,
2026-07-17,NSE,MARUTI,raw_l2/trade_date=2026-07-17/exchange=NSE/symbol=MARUTI/part-084654_987349-040982.parquet,real_data_sample\l2_unseen_validation\trade_date=2026-07-17\exchange=NSE\symbol=MARUTI\part-084654_987349-040982.parquet,36264,downloaded,36264,
2026-07-17,NSE,MARUTI,raw_l2/trade_date=2026-07-17/exchange=NSE/symbol=MARUTI/part-084723_362890-041046.parquet,real_data_sample\l2_unseen_validation\trade_date=2026-07-17\exchange=NSE\symbol=MARUTI\part-084723_362890-041046.parquet,35779,downloaded,35779,
2026-07-17,NSE,MARUTI,raw_l2/trade_date=2026-07-17/exchange=NSE/symbol=MARUTI/part-084751_925790-041110.parquet,real_data_sample\l2_unseen_validation\trade_date=2026-07-17\exchange=NSE\symbol=MARUTI\part-084751_925790-041110.parquet,35718,downloaded,35718,
2026-07-17,NSE,MARUTI,raw_l2/trade_date=2026-07-17/exchange=NSE/symbol=MARUTI/part-084737_619296-041078.parquet,real_data_sample\l2_unseen_validation\trade_date=2026-07-17\exchange=NSE\symbol=MARUTI\part-084737_619296-041078.parquet,35856,downloaded,35856,
2026-07-17,NSE,MARUTI,raw_l2/trade_date=2026-07-17/exchange=NSE/symbol=MARUTI/part-084806_244668-041142.parquet,real_data_sample\l2_unseen_validation\trade_date=2026-07-17\exchange=NSE\symbol=MARUTI\part-084806_244668-041142.parquet,35539,downloaded,35539,
2026-07-17,NSE,MARUTI,raw_l2/trade_date=2026-07-17/exchange=NSE/symbol=MARUTI/part-084947_514632-041366.parquet,real_data_sample\l2_unseen_validation\trade_date=2026-07-17\exchange=NSE\symbol=MARUTI\part-084947_514632-041366.parquet,35410,downloaded,35410,
2026-07-17,NSE,MARUTI,raw_l2/trade_date=2026-07-17/exchange=NSE/symbol=MARUTI/part-085016_554114-041430.parquet,real_data_sample\l2_unseen_validation\trade_date=2026-07-17\exchange=NSE\symbol=MARUTI\part-085016_554114-041430.parquet,35357,downloaded,35357,
2026-07-17,NSE,MARUTI,raw_l2/trade_date=2026-07-17/exchange=NSE/symbol=MARUTI/part-084612_188059-040886.parquet,real_data_sample\l2_unseen_validation\trade_date=2026-07-17\exchange=NSE\symbol=MARUTI\part-084612_188059-040886.parquet,36412,downloaded,36412,
2026-07-17,NSE,MARUTI,raw_l2/trade_date=2026-07-17/exchange=NSE/symbol=MARUTI/part-084347_994635-040566.parquet,real_data_sample\l2_unseen_validation\trade_date=2026-07-17\exchange=NSE\symbol=MARUTI\part-084347_994635-040566.parquet,35021,downloaded,35021,
2026-07-17,NSE,MARUTI,raw_l2/trade_date=2026-07-17/exchange=NSE/symbol=MARUTI/part-085212_302864-041686.parquet,real_data_sample\l2_unseen_validation\trade_date=2026-07-17\exchange=NSE\symbol=MARUTI\part-085212_302864-041686.parquet,35375,downloaded,35375,
2026-07-17,NSE,MARUTI,raw_l2/trade_date=2026-07-17/exchange=NSE/symbol=MARUTI/part-084918_679871-041302.parquet,real_data_sample\l2_unseen_validation\trade_date=2026-07-17\exchange=NSE\symbol=MARUTI\part-084918_679871-041302.parquet,35499,downloaded,35499,
2026-07-17,NSE,MARUTI,raw_l2/trade_date=2026-07-17/exchange=NSE/symbol=MARUTI/part-085114_457648-041558.parquet,real_data_sample\l2_unseen_validation\trade_date=2026-07-17\exchange=NSE\symbol=MARUTI\part-085114_457648-041558.parquet,35650,downloaded,35650,
2026-07-17,NSE,MARUTI,raw_l2/trade_date=2026-07-17/exchange=NSE/symbol=MARUTI/part-085128_761758-041590.parquet,real_data_sample\l2_unseen_validation\trade_date=2026-07-17\exchange=NSE\symbol=MARUTI\part-085128_761758-041590.parquet,35478,downloaded,35478,
2026-07-17,NSE,MARUTI,raw_l2/trade_date=2026-07-17/exchange=NSE/symbol=MARUTI/part-084319_124433-040502.parquet,real_data_sample\l2_unseen_validation\trade_date=2026-07-17\exchange=NSE\symbol=MARUTI\part-084319_124433-040502.parquet,34997,downloaded,34997,
2026-07-17,NSE,MARUTI,raw_l2/trade_date=2026-07-17/exchange=NSE/symbol=MARUTI/part-084834_840352-041206.parquet,real_data_sample\l2_unseen_validation\trade_date=2026-07-17\exchange=NSE\symbol=MARUTI\part-084834_840352-041206.parquet,35387,downloaded,35387,
2026-07-17,NSE,MARUTI,raw_l2/trade_date=2026-07-17/exchange=NSE/symbol=MARUTI/part-085045_110130-041494.parquet,real_data_sample\l2_unseen_validation\trade_date=2026-07-17\exchange=NSE\symbol=MARUTI\part-085045_110130-041494.parquet,35341,downloaded,35341,
2026-07-17,NSE,MARUTI,raw_l2/trade_date=2026-07-17/exchange=NSE/symbol=MARUTI/part-085241_618624-041750.parquet,real_data_sample\l2_unseen_validation\trade_date=2026-07-17\exchange=NSE\symbol=MARUTI\part-085241_618624-041750.parquet,35366,downloaded,35366,
2026-07-17,NSE,MARUTI,raw_l2/trade_date=2026-07-17/exchange=NSE/symbol=MARUTI/part-085227_068163-041718.parquet,real_data_sample\l2_unseen_validation\trade_date=2026-07-17\exchange=NSE\symbol=MARUTI\part-085227_068163-041718.parquet,35152,downloaded,35152,
2026-07-17,NSE,MARUTI,raw_l2/trade_date=2026-07-17/exchange=NSE/symbol=MARUTI/part-084820_455498-041174.parquet,real_data_sample\l2_unseen_validation\trade_date=2026-07-17\exchange=NSE\symbol=MARUTI\part-084820_455498-041174.parquet,35760,downloaded,35760,
2026-07-17,NSE,MARUTI,raw_l2/trade_date=2026-07-17/exchange=NSE/symbol=MARUTI/part-085311_602785-041814.parquet,real_data_sample\l2_unseen_validation\trade_date=2026-07-17\exchange=NSE\symbol=MARUTI\part-085311_602785-041814.parquet,35597,downloaded,35597,
2026-07-17,NSE,MARUTI,raw_l2/trade_date=2026-07-17/exchange=NSE/symbol=MARUTI/part-085355_651555-041910.parquet,real_data_sample\l2_unseen_validation\trade_date=2026-07-17\exchange=NSE\symbol=MARUTI\part-085355_651555-041910.parquet,35458,downloaded,35458,
2026-07-17,NSE,MARUTI,raw_l2/trade_date=2026-07-17/exchange=NSE/symbol=MARUTI/part-085143_192847-041622.parquet,real_data_sample\l2_unseen_validation\trade_date=2026-07-17\exchange=NSE\symbol=MARUTI\part-085143_192847-041622.parquet,35724,downloaded,35724,
2026-07-17,NSE,MARUTI,raw_l2/trade_date=2026-07-17/exchange=NSE/symbol=MARUTI/part-085341_523562-041878.parquet,real_data_sample\l2_unseen_validation\trade_date=2026-07-17\exchange=NSE\symbol=MARUTI\part-085341_523562-041878.parquet,35447,downloaded,35447,
2026-07-17,NSE,MARUTI,raw_l2/trade_date=2026-07-17/exchange=NSE/symbol=MARUTI/part-085059_581097-041526.parquet,real_data_sample\l2_unseen_validation\trade_date=2026-07-17\exchange=NSE\symbol=MARUTI\part-085059_581097-041526.parquet,35217,downloaded,35217,
2026-07-17,NSE,MARUTI,raw_l2/trade_date=2026-07-17/exchange=NSE/symbol=MARUTI/part-085157_690616-041654.parquet,real_data_sample\l2_unseen_validation\trade_date=2026-07-17\exchange=NSE\symbol=MARUTI\part-085157_690616-041654.parquet,35234,downloaded,35234,
2026-07-17,NSE,MARUTI,raw_l2/trade_date=2026-07-17/exchange=NSE/symbol=MARUTI/part-085256_536049-041782.parquet,real_data_sample\l2_unseen_validation\trade_date=2026-07-17\exchange=NSE\symbol=MARUTI\part-085256_536049-041782.parquet,35578,downloaded,35578,
2026-07-17,NSE,MARUTI,raw_l2/trade_date=2026-07-17/exchange=NSE/symbol=MARUTI/part-084903_801577-041270.parquet,real_data_sample\l2_unseen_validation\trade_date=2026-07-17\exchange=NSE\symbol=MARUTI\part-084903_801577-041270.parquet,35532,downloaded,35532,
2026-07-17,NSE,MARUTI,raw_l2/trade_date=2026-07-17/exchange=NSE/symbol=MARUTI/part-085409_965411-041942.parquet,real_data_sample\l2_unseen_validation\trade_date=2026-07-17\exchange=NSE\symbol=MARUTI\part-085409_965411-041942.parquet,35109,downloaded,35109,
2026-07-17,NSE,MARUTI,raw_l2/trade_date=2026-07-17/exchange=NSE/symbol=MARUTI/part-084933_016730-041334.parquet,real_data_sample\l2_unseen_validation\trade_date=2026-07-17\exchange=NSE\symbol=MARUTI\part-084933_016730-041334.parquet,35333,downloaded,35333,
2026-07-17,NSE,MARUTI,raw_l2/trade_date=2026-07-17/exchange=NSE/symbol=MARUTI/part-085326_579971-041846.parquet,real_data_sample\l2_unseen_validation\trade_date=2026-07-17\exchange=NSE\symbol=MARUTI\part-085326_579971-041846.parquet,35335,downloaded,35335,
2026-07-17,NSE,MARUTI,raw_l2/trade_date=2026-07-17/exchange=NSE/symbol=MARUTI/part-085002_119717-041398.parquet,real_data_sample\l2_unseen_validation\trade_date=2026-07-17\exchange=NSE\symbol=MARUTI\part-085002_119717-041398.parquet,35738,downloaded,35738,
2026-07-17,NSE,MARUTI,raw_l2/trade_date=2026-07-17/exchange=NSE/symbol=MARUTI/part-085424_125787-041974.parquet,real_data_sample\l2_unseen_validation\trade_date=2026-07-17\exchange=NSE\symbol=MARUTI\part-085424_125787-041974.parquet,35222,downloaded,35222,
2026-07-17,NSE,MARUTI,raw_l2/trade_date=2026-07-17/exchange=NSE/symbol=MARUTI/part-085030_812178-041462.parquet,real_data_sample\l2_unseen_validation\trade_date=2026-07-17\exchange=NSE\symbol=MARUTI\part-085030_812178-041462.parquet,35276,downloaded,35276,
2026-07-17,NSE,MARUTI,raw_l2/trade_date=2026-07-17/exchange=NSE/symbol=MARUTI/part-085438_590969-042006.parquet,real_data_sample\l2_unseen_validation\trade_date=2026-07-17\exchange=NSE\symbol=MARUTI\part-085438_590969-042006.parquet,35571,downloaded,35571,
2026-07-17,NSE,MARUTI,raw_l2/trade_date=2026-07-17/exchange=NSE/symbol=MARUTI/part-085507_318426-042070.parquet,real_data_sample\l2_unseen_validation\trade_date=2026-07-17\exchange=NSE\symbol=MARUTI\part-085507_318426-042070.parquet,35195,downloaded,35195,
2026-07-17,NSE,MARUTI,raw_l2/trade_date=2026-07-17/exchange=NSE/symbol=MARUTI/part-085452_928154-042038.parquet,real_data_sample\l2_unseen_validation\trade_date=2026-07-17\exchange=NSE\symbol=MARUTI\part-085452_928154-042038.parquet,35407,downloaded,35407,
2026-07-17,NSE,MARUTI,raw_l2/trade_date=2026-07-17/exchange=NSE/symbol=MARUTI/part-085743_806300-042422.parquet,real_data_sample\l2_unseen_validation\trade_date=2026-07-17\exchange=NSE\symbol=MARUTI\part-085743_806300-042422.parquet,35337,downloaded,35337,
2026-07-17,NSE,MARUTI,raw_l2/trade_date=2026-07-17/exchange=NSE/symbol=MARUTI/part-084849_357519-041238.parquet,real_data_sample\l2_unseen_validation\trade_date=2026-07-17\exchange=NSE\symbol=MARUTI\part-084849_357519-041238.parquet,35675,downloaded,35675,
2026-07-17,NSE,MARUTI,raw_l2/trade_date=2026-07-17/exchange=NSE/symbol=MARUTI/part-085521_414854-042102.parquet,real_data_sample\l2_unseen_validation\trade_date=2026-07-17\exchange=NSE\symbol=MARUTI\part-085521_414854-042102.parquet,35205,downloaded,35205,
2026-07-17,NSE,MARUTI,raw_l2/trade_date=2026-07-17/exchange=NSE/symbol=MARUTI/part-085535_759138-042134.parquet,real_data_sample\l2_unseen_validation\trade_date=2026-07-17\exchange=NSE\symbol=MARUTI\part-085535_759138-042134.parquet,35221,downloaded,35221,
2026-07-17,NSE,MARUTI,raw_l2/trade_date=2026-07-17/exchange=NSE/symbol=MARUTI/part-085910_571148-042614.parquet,real_data_sample\l2_unseen_validation\trade_date=2026-07-17\exchange=NSE\symbol=MARUTI\part-085910_571148-042614.parquet,35728,downloaded,35728,
2026-07-17,NSE,MARUTI,raw_l2/trade_date=2026-07-17/exchange=NSE/symbol=MARUTI/part-085939_968687-042678.parquet,real_data_sample\l2_unseen_validation\trade_date=2026-07-17\exchange=NSE\symbol=MARUTI\part-085939_968687-042678.parquet,35429,downloaded,35429,
2026-07-17,NSE,MARUTI,raw_l2/trade_date=2026-07-17/exchange=NSE/symbol=MARUTI/part-090023_508042-042774.parquet,real_data_sample\l2_unseen_validation\trade_date=2026-07-17\exchange=NSE\symbol=MARUTI\part-090023_508042-042774.parquet,35524,downloaded,35524,
2026-07-17,NSE,MARUTI,raw_l2/trade_date=2026-07-17/exchange=NSE/symbol=MARUTI/part-090009_188892-042742.parquet,real_data_sample\l2_unseen_validation\trade_date=2026-07-17\exchange=NSE\symbol=MARUTI\part-090009_188892-042742.parquet,35636,downloaded,35636,
2026-07-17,NSE,MARUTI,raw_l2/trade_date=2026-07-17/exchange=NSE/symbol=MARUTI/part-085925_372921-042646.parquet,real_data_sample\l2_unseen_validation\trade_date=2026-07-17\exchange=NSE\symbol=MARUTI\part-085925_372921-042646.parquet,35472,downloaded,35472,
2026-07-17,NSE,MARUTI,raw_l2/trade_date=2026-07-17/exchange=NSE/symbol=MARUTI/part-085700_946999-042326.parquet,real_data_sample\l2_unseen_validation\trade_date=2026-07-17\exchange=NSE\symbol=MARUTI\part-085700_946999-042326.parquet,35139,downloaded,35139,
2026-07-17,NSE,MARUTI,raw_l2/trade_date=2026-07-17/exchange=NSE/symbol=MARUTI/part-085729_348039-042390.parquet,real_data_sample\l2_unseen_validation\trade_date=2026-07-17\exchange=NSE\symbol=MARUTI\part-085729_348039-042390.parquet,35553,downloaded,35553,
2026-07-17,NSE,MARUTI,raw_l2/trade_date=2026-07-17/exchange=NSE/symbol=MARUTI/part-085954_731242-042710.parquet,real_data_sample\l2_unseen_validation\trade_date=2026-07-17\exchange=NSE\symbol=MARUTI\part-085954_731242-042710.parquet,35924,downloaded,35924,
2026-07-17,NSE,MARUTI,raw_l2/trade_date=2026-07-17/exchange=NSE/symbol=MARUTI/part-090204_710882-042998.parquet,real_data_sample\l2_unseen_validation\trade_date=2026-07-17\exchange=NSE\symbol=MARUTI\part-090204_710882-042998.parquet,35178,downloaded,35178,
2026-07-17,NSE,MARUTI,raw_l2/trade_date=2026-07-17/exchange=NSE/symbol=MARUTI/part-085632_454565-042262.parquet,real_data_sample\l2_unseen_validation\trade_date=2026-07-17\exchange=NSE\symbol=MARUTI\part-085632_454565-042262.parquet,35608,downloaded,35608,
2026-07-17,NSE,MARUTI,raw_l2/trade_date=2026-07-17/exchange=NSE/symbol=MARUTI/part-090052_498535-042838.parquet,real_data_sample\l2_unseen_validation\trade_date=2026-07-17\exchange=NSE\symbol=MARUTI\part-090052_498535-042838.parquet,35410,downloaded,35410,
2026-07-17,NSE,MARUTI,raw_l2/trade_date=2026-07-17/exchange=NSE/symbol=MARUTI/part-085618_127936-042230.parquet,real_data_sample\l2_unseen_validation\trade_date=2026-07-17\exchange=NSE\symbol=MARUTI\part-085618_127936-042230.parquet,35198,downloaded,35198,
2026-07-17,NSE,MARUTI,raw_l2/trade_date=2026-07-17/exchange=NSE/symbol=MARUTI/part-085856_042788-042582.parquet,real_data_sample\l2_unseen_validation\trade_date=2026-07-17\exchange=NSE\symbol=MARUTI\part-085856_042788-042582.parquet,35454,downloaded,35454,
2026-07-17,NSE,MARUTI,raw_l2/trade_date=2026-07-17/exchange=NSE/symbol=MARUTI/part-085812_700422-042486.parquet,real_data_sample\l2_unseen_validation\trade_date=2026-07-17\exchange=NSE\symbol=MARUTI\part-085812_700422-042486.parquet,35210,downloaded,35210,
2026-07-17,NSE,MARUTI,raw_l2/trade_date=2026-07-17/exchange=NSE/symbol=MARUTI/part-085646_890336-042294.parquet,real_data_sample\l2_unseen_validation\trade_date=2026-07-17\exchange=NSE\symbol=MARUTI\part-085646_890336-042294.parquet,35420,downloaded,35420,
2026-07-17,NSE,MARUTI,raw_l2/trade_date=2026-07-17/exchange=NSE/symbol=MARUTI/part-085827_085749-042518.parquet,real_data_sample\l2_unseen_validation\trade_date=2026-07-17\exchange=NSE\symbol=MARUTI\part-085827_085749-042518.parquet,35272,downloaded,35272,
2026-07-17,NSE,MARUTI,raw_l2/trade_date=2026-07-17/exchange=NSE/symbol=MARUTI/part-085841_548371-042550.parquet,real_data_sample\l2_unseen_validation\trade_date=2026-07-17\exchange=NSE\symbol=MARUTI\part-085841_548371-042550.parquet,35172,downloaded,35172,
2026-07-17,NSE,MARUTI,raw_l2/trade_date=2026-07-17/exchange=NSE/symbol=MARUTI/part-090107_137723-042870.parquet,real_data_sample\l2_unseen_validation\trade_date=2026-07-17\exchange=NSE\symbol=MARUTI\part-090107_137723-042870.parquet,35471,downloaded,35471,
2026-07-17,NSE,MARUTI,raw_l2/trade_date=2026-07-17/exchange=NSE/symbol=MARUTI/part-090121_646950-042902.parquet,real_data_sample\l2_unseen_validation\trade_date=2026-07-17\exchange=NSE\symbol=MARUTI\part-090121_646950-042902.parquet,35350,downloaded,35350,
2026-07-17,NSE,MARUTI,raw_l2/trade_date=2026-07-17/exchange=NSE/symbol=MARUTI/part-090150_497560-042966.parquet,real_data_sample\l2_unseen_validation\trade_date=2026-07-17\exchange=NSE\symbol=MARUTI\part-090150_497560-042966.parquet,35478,downloaded,35478,
2026-07-17,NSE,MARUTI,raw_l2/trade_date=2026-07-17/exchange=NSE/symbol=MARUTI/part-085758_284720-042454.parquet,real_data_sample\l2_unseen_validation\trade_date=2026-07-17\exchange=NSE\symbol=MARUTI\part-085758_284720-042454.parquet,35386,downloaded,35386,
2026-07-17,NSE,MARUTI,raw_l2/trade_date=2026-07-17/exchange=NSE/symbol=MARUTI/part-090136_045720-042934.parquet,real_data_sample\l2_unseen_validation\trade_date=2026-07-17\exchange=NSE\symbol=MARUTI\part-090136_045720-042934.parquet,35345,downloaded,35345,
2026-07-17,NSE,MARUTI,raw_l2/trade_date=2026-07-17/exchange=NSE/symbol=MARUTI/part-090037_916515-042806.parquet,real_data_sample\l2_unseen_validation\trade_date=2026-07-17\exchange=NSE\symbol=MARUTI\part-090037_916515-042806.parquet,35390,downloaded,35390,
2026-07-17,NSE,MARUTI,raw_l2/trade_date=2026-07-17/exchange=NSE/symbol=MARUTI/part-090233_285052-043062.parquet,real_data_sample\l2_unseen_validation\trade_date=2026-07-17\exchange=NSE\symbol=MARUTI\part-090233_285052-043062.parquet,35500,downloaded,35500,
2026-07-17,NSE,MARUTI,raw_l2/trade_date=2026-07-17/exchange=NSE/symbol=MARUTI/part-090218_861752-043030.parquet,real_data_sample\l2_unseen_validation\trade_date=2026-07-17\exchange=NSE\symbol=MARUTI\part-090218_861752-043030.parquet,35299,downloaded,35299,
2026-07-17,NSE,MARUTI,raw_l2/trade_date=2026-07-17/exchange=NSE/symbol=MARUTI/part-085604_033256-042198.parquet,real_data_sample\l2_unseen_validation\trade_date=2026-07-17\exchange=NSE\symbol=MARUTI\part-085604_033256-042198.parquet,34988,downloaded,34988,
2026-07-17,NSE,MARUTI,raw_l2/trade_date=2026-07-17/exchange=NSE/symbol=MARUTI/part-090247_801008-043094.parquet,real_data_sample\l2_unseen_validation\trade_date=2026-07-17\exchange=NSE\symbol=MARUTI\part-090247_801008-043094.parquet,35439,downloaded,35439,
2026-07-17,NSE,MARUTI,raw_l2/trade_date=2026-07-17/exchange=NSE/symbol=MARUTI/part-090331_142129-043190.parquet,real_data_sample\l2_unseen_validation\trade_date=2026-07-17\exchange=NSE\symbol=MARUTI\part-090331_142129-043190.parquet,35529,downloaded,35529,
2026-07-17,NSE,MARUTI,raw_l2/trade_date=2026-07-17/exchange=NSE/symbol=MARUTI/part-090346_081304-043222.parquet,real_data_sample\l2_unseen_validation\trade_date=2026-07-17\exchange=NSE\symbol=MARUTI\part-090346_081304-043222.parquet,35712,downloaded,35712,
2026-07-17,NSE,MARUTI,raw_l2/trade_date=2026-07-17/exchange=NSE/symbol=MARUTI/part-090316_547285-043158.parquet,real_data_sample\l2_unseen_validation\trade_date=2026-07-17\exchange=NSE\symbol=MARUTI\part-090316_547285-043158.parquet,35372,downloaded,35372,
2026-07-17,NSE,MARUTI,raw_l2/trade_date=2026-07-17/exchange=NSE/symbol=MARUTI/part-090302_166891-043126.parquet,real_data_sample\l2_unseen_validation\trade_date=2026-07-17\exchange=NSE\symbol=MARUTI\part-090302_166891-043126.parquet,35099,downloaded,35099,
2026-07-17,NSE,MARUTI,raw_l2/trade_date=2026-07-17/exchange=NSE/symbol=MARUTI/part-090400_703964-043254.parquet,real_data_sample\l2_unseen_validation\trade_date=2026-07-17\exchange=NSE\symbol=MARUTI\part-090400_703964-043254.parquet,35880,downloaded,35880,
2026-07-17,NSE,MARUTI,raw_l2/trade_date=2026-07-17/exchange=NSE/symbol=MARUTI/part-085549_951733-042166.parquet,real_data_sample\l2_unseen_validation\trade_date=2026-07-17\exchange=NSE\symbol=MARUTI\part-085549_951733-042166.parquet,35322,downloaded,35322,
2026-07-17,NSE,MARUTI,raw_l2/trade_date=2026-07-17/exchange=NSE/symbol=MARUTI/part-090723_432624-043702.parquet,real_data_sample\l2_unseen_validation\trade_date=2026-07-17\exchange=NSE\symbol=MARUTI\part-090723_432624-043702.parquet,35163,downloaded,35163,
2026-07-17,NSE,MARUTI,raw_l2/trade_date=2026-07-17/exchange=NSE/symbol=MARUTI/part-090429_377445-043318.parquet,real_data_sample\l2_unseen_validation\trade_date=2026-07-17\exchange=NSE\symbol=MARUTI\part-090429_377445-043318.parquet,35359,downloaded,35359,
2026-07-17,NSE,MARUTI,raw_l2/trade_date=2026-07-17/exchange=NSE/symbol=MARUTI/part-090414_913288-043286.parquet,real_data_sample\l2_unseen_validation\trade_date=2026-07-17\exchange=NSE\symbol=MARUTI\part-090414_913288-043286.parquet,35608,downloaded,35608,
2026-07-17,NSE,MARUTI,raw_l2/trade_date=2026-07-17/exchange=NSE/symbol=MARUTI/part-090737_672983-043734.parquet,real_data_sample\l2_unseen_validation\trade_date=2026-07-17\exchange=NSE\symbol=MARUTI\part-090737_672983-043734.parquet,35121,downloaded,35121,
2026-07-17,NSE,MARUTI,raw_l2/trade_date=2026-07-17/exchange=NSE/symbol=MARUTI/part-090835_992028-043862.parquet,real_data_sample\l2_unseen_validation\trade_date=2026-07-17\exchange=NSE\symbol=MARUTI\part-090835_992028-043862.parquet,35224,downloaded,35224,
2026-07-17,NSE,MARUTI,raw_l2/trade_date=2026-07-17/exchange=NSE/symbol=MARUTI/part-085715_189820-042358.parquet,real_data_sample\l2_unseen_validation\trade_date=2026-07-17\exchange=NSE\symbol=MARUTI\part-085715_189820-042358.parquet,35511,downloaded,35511,
2026-07-17,NSE,MARUTI,raw_l2/trade_date=2026-07-17/exchange=NSE/symbol=MARUTI/part-090709_043811-043670.parquet,real_data_sample\l2_unseen_validation\trade_date=2026-07-17\exchange=NSE\symbol=MARUTI\part-090709_043811-043670.parquet,35145,downloaded,35145,
2026-07-17,NSE,MARUTI,raw_l2/trade_date=2026-07-17/exchange=NSE/symbol=MARUTI/part-090513_673089-043414.parquet,real_data_sample\l2_unseen_validation\trade_date=2026-07-17\exchange=NSE\symbol=MARUTI\part-090513_673089-043414.parquet,35145,downloaded,35145,
2026-07-17,NSE,MARUTI,raw_l2/trade_date=2026-07-17/exchange=NSE/symbol=MARUTI/part-090527_999576-043446.parquet,real_data_sample\l2_unseen_validation\trade_date=2026-07-17\exchange=NSE\symbol=MARUTI\part-090527_999576-043446.parquet,35221,downloaded,35221,
2026-07-17,NSE,MARUTI,raw_l2/trade_date=2026-07-17/exchange=NSE/symbol=MARUTI/part-090640_027918-043606.parquet,real_data_sample\l2_unseen_validation\trade_date=2026-07-17\exchange=NSE\symbol=MARUTI\part-090640_027918-043606.parquet,35508,downloaded,35508,
2026-07-17,NSE,MARUTI,raw_l2/trade_date=2026-07-17/exchange=NSE/symbol=MARUTI/part-090444_186985-043350.parquet,real_data_sample\l2_unseen_validation\trade_date=2026-07-17\exchange=NSE\symbol=MARUTI\part-090444_186985-043350.parquet,35178,downloaded,35178,
2026-07-17,NSE,MARUTI,raw_l2/trade_date=2026-07-17/exchange=NSE/symbol=MARUTI/part-090821_322027-043830.parquet,real_data_sample\l2_unseen_validation\trade_date=2026-07-17\exchange=NSE\symbol=MARUTI\part-090821_322027-043830.parquet,35372,downloaded,35372,
2026-07-17,NSE,MARUTI,raw_l2/trade_date=2026-07-17/exchange=NSE/symbol=MARUTI/part-090458_897377-043382.parquet,real_data_sample\l2_unseen_validation\trade_date=2026-07-17\exchange=NSE\symbol=MARUTI\part-090458_897377-043382.parquet,35183,downloaded,35183,
2026-07-17,NSE,MARUTI,raw_l2/trade_date=2026-07-17/exchange=NSE/symbol=MARUTI/part-090654_488401-043638.parquet,real_data_sample\l2_unseen_validation\trade_date=2026-07-17\exchange=NSE\symbol=MARUTI\part-090654_488401-043638.parquet,35190,downloaded,35190,
2026-07-17,NSE,MARUTI,raw_l2/trade_date=2026-07-17/exchange=NSE/symbol=MARUTI/part-090806_901543-043798.parquet,real_data_sample\l2_unseen_validation\trade_date=2026-07-17\exchange=NSE\symbol=MARUTI\part-090806_901543-043798.parquet,35439,downloaded,35439,
2026-07-17,NSE,MARUTI,raw_l2/trade_date=2026-07-17/exchange=NSE/symbol=MARUTI/part-090850_592080-043894.parquet,real_data_sample\l2_unseen_validation\trade_date=2026-07-17\exchange=NSE\symbol=MARUTI\part-090850_592080-043894.parquet,35213,downloaded,35213,
2026-07-17,NSE,MARUTI,raw_l2/trade_date=2026-07-17/exchange=NSE/symbol=MARUTI/part-090556_653235-043510.parquet,real_data_sample\l2_unseen_validation\trade_date=2026-07-17\exchange=NSE\symbol=MARUTI\part-090556_653235-043510.parquet,35554,downloaded,35554,
2026-07-17,NSE,MARUTI,raw_l2/trade_date=2026-07-17/exchange=NSE/symbol=MARUTI/part-090752_012795-043766.parquet,real_data_sample\l2_unseen_validation\trade_date=2026-07-17\exchange=NSE\symbol=MARUTI\part-090752_012795-043766.parquet,35287,downloaded,35287,
2026-07-17,NSE,MARUTI,raw_l2/trade_date=2026-07-17/exchange=NSE/symbol=MARUTI/part-090611_032614-043542.parquet,real_data_sample\l2_unseen_validation\trade_date=2026-07-17\exchange=NSE\symbol=MARUTI\part-090611_032614-043542.parquet,35269,downloaded,35269,
2026-07-17,NSE,MARUTI,raw_l2/trade_date=2026-07-17/exchange=NSE/symbol=MARUTI/part-090920_653358-043958.parquet,real_data_sample\l2_unseen_validation\trade_date=2026-07-17\exchange=NSE\symbol=MARUTI\part-090920_653358-043958.parquet,34999,downloaded,34999,
2026-07-17,NSE,MARUTI,raw_l2/trade_date=2026-07-17/exchange=NSE/symbol=MARUTI/part-090935_225557-043990.parquet,real_data_sample\l2_unseen_validation\trade_date=2026-07-17\exchange=NSE\symbol=MARUTI\part-090935_225557-043990.parquet,34561,downloaded,34561,
2026-07-17,NSE,MARUTI,raw_l2/trade_date=2026-07-17/exchange=NSE/symbol=MARUTI/part-090542_453857-043478.parquet,real_data_sample\l2_unseen_validation\trade_date=2026-07-17\exchange=NSE\symbol=MARUTI\part-090542_453857-043478.parquet,35141,downloaded,35141,
2026-07-17,NSE,MARUTI,raw_l2/trade_date=2026-07-17/exchange=NSE/symbol=MARUTI/part-090905_528930-043926.parquet,real_data_sample\l2_unseen_validation\trade_date=2026-07-17\exchange=NSE\symbol=MARUTI\part-090905_528930-043926.parquet,35105,downloaded,35105,
2026-07-17,NSE,MARUTI,raw_l2/trade_date=2026-07-17/exchange=NSE/symbol=MARUTI/part-090625_574186-043574.parquet,real_data_sample\l2_unseen_validation\trade_date=2026-07-17\exchange=NSE\symbol=MARUTI\part-090625_574186-043574.parquet,35551,downloaded,35551,
2026-07-17,NSE,MARUTI,raw_l2/trade_date=2026-07-17/exchange=NSE/symbol=MARUTI/part-091005_801925-044054.parquet,real_data_sample\l2_unseen_validation\trade_date=2026-07-17\exchange=NSE\symbol=MARUTI\part-091005_801925-044054.parquet,34553,downloaded,34553,
2026-07-17,NSE,MARUTI,raw_l2/trade_date=2026-07-17/exchange=NSE/symbol=MARUTI/part-091020_065606-044086.parquet,real_data_sample\l2_unseen_validation\trade_date=2026-07-17\exchange=NSE\symbol=MARUTI\part-091020_065606-044086.parquet,35301,downloaded,35301,
2026-07-17,NSE,MARUTI,raw_l2/trade_date=2026-07-17/exchange=NSE/symbol=MARUTI/part-091034_787771-044118.parquet,real_data_sample\l2_unseen_validation\trade_date=2026-07-17\exchange=NSE\symbol=MARUTI\part-091034_787771-044118.parquet,35418,downloaded,35418,
2026-07-17,NSE,MARUTI,raw_l2/trade_date=2026-07-17/exchange=NSE/symbol=MARUTI/part-091049_436849-044150.parquet,real_data_sample\l2_unseen_validation\trade_date=2026-07-17\exchange=NSE\symbol=MARUTI\part-091049_436849-044150.parquet,35230,downloaded,35230,
2026-07-17,NSE,MARUTI,raw_l2/trade_date=2026-07-17/exchange=NSE/symbol=MARUTI/part-091104_001008-044182.parquet,real_data_sample\l2_unseen_validation\trade_date=2026-07-17\exchange=NSE\symbol=MARUTI\part-091104_001008-044182.parquet,35161,downloaded,35161,
2026-07-17,NSE,MARUTI,raw_l2/trade_date=2026-07-17/exchange=NSE/symbol=MARUTI/part-091735_698153-045046.parquet,real_data_sample\l2_unseen_validation\trade_date=2026-07-17\exchange=NSE\symbol=MARUTI\part-091735_698153-045046.parquet,35252,downloaded,35252,
2026-07-17,NSE,MARUTI,raw_l2/trade_date=2026-07-17/exchange=NSE/symbol=MARUTI/part-091148_090196-044278.parquet,real_data_sample\l2_unseen_validation\trade_date=2026-07-17\exchange=NSE\symbol=MARUTI\part-091148_090196-044278.parquet,36004,downloaded,36004,
2026-07-17,NSE,MARUTI,raw_l2/trade_date=2026-07-17/exchange=NSE/symbol=MARUTI/part-091118_914985-044214.parquet,real_data_sample\l2_unseen_validation\trade_date=2026-07-17\exchange=NSE\symbol=MARUTI\part-091118_914985-044214.parquet,35058,downloaded,35058,
2026-07-17,NSE,MARUTI,raw_l2/trade_date=2026-07-17/exchange=NSE/symbol=MARUTI/part-091749_887249-045078.parquet,real_data_sample\l2_unseen_validation\trade_date=2026-07-17\exchange=NSE\symbol=MARUTI\part-091749_887249-045078.parquet,35350,downloaded,35350,
2026-07-17,NSE,MARUTI,raw_l2/trade_date=2026-07-17/exchange=NSE/symbol=MARUTI/part-091721_585419-045014.parquet,real_data_sample\l2_unseen_validation\trade_date=2026-07-17\exchange=NSE\symbol=MARUTI\part-091721_585419-045014.parquet,35388,downloaded,35388,
2026-07-17,NSE,MARUTI,raw_l2/trade_date=2026-07-17/exchange=NSE/symbol=MARUTI/part-090950_512649-044022.parquet,real_data_sample\l2_unseen_validation\trade_date=2026-07-17\exchange=NSE\symbol=MARUTI\part-090950_512649-044022.parquet,34655,downloaded,34655,
2026-07-17,NSE,MARUTI,raw_l2/trade_date=2026-07-17/exchange=NSE/symbol=MARUTI/part-091541_109033-044790.parquet,real_data_sample\l2_unseen_validation\trade_date=2026-07-17\exchange=NSE\symbol=MARUTI\part-091541_109033-044790.parquet,35490,downloaded,35490,
2026-07-17,NSE,MARUTI,raw_l2/trade_date=2026-07-17/exchange=NSE/symbol=MARUTI/part-091804_373175-045110.parquet,real_data_sample\l2_unseen_validation\trade_date=2026-07-17\exchange=NSE\symbol=MARUTI\part-091804_373175-045110.parquet,35385,downloaded,35385,
2026-07-17,NSE,MARUTI,raw_l2/trade_date=2026-07-17/exchange=NSE/symbol=MARUTI/part-091133_737882-044246.parquet,real_data_sample\l2_unseen_validation\trade_date=2026-07-17\exchange=NSE\symbol=MARUTI\part-091133_737882-044246.parquet,35440,downloaded,35440,
2026-07-17,NSE,MARUTI,raw_l2/trade_date=2026-07-17/exchange=NSE/symbol=MARUTI/part-091248_037169-044406.parquet,real_data_sample\l2_unseen_validation\trade_date=2026-07-17\exchange=NSE\symbol=MARUTI\part-091248_037169-044406.parquet,35430,downloaded,35430,
2026-07-17,NSE,MARUTI,raw_l2/trade_date=2026-07-17/exchange=NSE/symbol=MARUTI/part-091233_416031-044374.parquet,real_data_sample\l2_unseen_validation\trade_date=2026-07-17\exchange=NSE\symbol=MARUTI\part-091233_416031-044374.parquet,35458,downloaded,35458,
2026-07-17,NSE,MARUTI,raw_l2/trade_date=2026-07-17/exchange=NSE/symbol=MARUTI/part-091443_734079-044662.parquet,real_data_sample\l2_unseen_validation\trade_date=2026-07-17\exchange=NSE\symbol=MARUTI\part-091443_734079-044662.parquet,35358,downloaded,35358,
2026-07-17,NSE,MARUTI,raw_l2/trade_date=2026-07-17/exchange=NSE/symbol=MARUTI/part-091331_563044-044502.parquet,real_data_sample\l2_unseen_validation\trade_date=2026-07-17\exchange=NSE\symbol=MARUTI\part-091331_563044-044502.parquet,35461,downloaded,35461,
2026-07-17,NSE,MARUTI,raw_l2/trade_date=2026-07-17/exchange=NSE/symbol=MARUTI/part-091707_452528-044982.parquet,real_data_sample\l2_unseen_validation\trade_date=2026-07-17\exchange=NSE\symbol=MARUTI\part-091707_452528-044982.parquet,35271,downloaded,35271,
2026-07-17,NSE,MARUTI,raw_l2/trade_date=2026-07-17/exchange=NSE/symbol=MARUTI/part-091346_001389-044534.parquet,real_data_sample\l2_unseen_validation\trade_date=2026-07-17\exchange=NSE\symbol=MARUTI\part-091346_001389-044534.parquet,35736,downloaded,35736,
2026-07-17,NSE,MARUTI,raw_l2/trade_date=2026-07-17/exchange=NSE/symbol=MARUTI/part-091414_905553-044598.parquet,real_data_sample\l2_unseen_validation\trade_date=2026-07-17\exchange=NSE\symbol=MARUTI\part-091414_905553-044598.parquet,35526,downloaded,35526,
2026-07-17,NSE,MARUTI,raw_l2/trade_date=2026-07-17/exchange=NSE/symbol=MARUTI/part-091458_102825-044694.parquet,real_data_sample\l2_unseen_validation\trade_date=2026-07-17\exchange=NSE\symbol=MARUTI\part-091458_102825-044694.parquet,35702,downloaded,35702,
2026-07-17,NSE,MARUTI,raw_l2/trade_date=2026-07-17/exchange=NSE/symbol=MARUTI/part-091512_561271-044726.parquet,real_data_sample\l2_unseen_validation\trade_date=2026-07-17\exchange=NSE\symbol=MARUTI\part-091512_561271-044726.parquet,35336,downloaded,35336,
2026-07-17,NSE,MARUTI,raw_l2/trade_date=2026-07-17/exchange=NSE/symbol=MARUTI/part-091400_581364-044566.parquet,real_data_sample\l2_unseen_validation\trade_date=2026-07-17\exchange=NSE\symbol=MARUTI\part-091400_581364-044566.parquet,35485,downloaded,35485,
2026-07-17,NSE,MARUTI,raw_l2/trade_date=2026-07-17/exchange=NSE/symbol=MARUTI/part-091429_323972-044630.parquet,real_data_sample\l2_unseen_validation\trade_date=2026-07-17\exchange=NSE\symbol=MARUTI\part-091429_323972-044630.parquet,35211,downloaded,35211,
2026-07-17,NSE,MARUTI,raw_l2/trade_date=2026-07-17/exchange=NSE/symbol=MARUTI/part-091555_781606-044822.parquet,real_data_sample\l2_unseen_validation\trade_date=2026-07-17\exchange=NSE\symbol=MARUTI\part-091555_781606-044822.parquet,35362,downloaded,35362,
2026-07-17,NSE,MARUTI,raw_l2/trade_date=2026-07-17/exchange=NSE/symbol=MARUTI/part-091610_284712-044854.parquet,real_data_sample\l2_unseen_validation\trade_date=2026-07-17\exchange=NSE\symbol=MARUTI\part-091610_284712-044854.parquet,35537,downloaded,35537,
2026-07-17,NSE,MARUTI,raw_l2/trade_date=2026-07-17/exchange=NSE/symbol=MARUTI/part-091317_130464-044470.parquet,real_data_sample\l2_unseen_validation\trade_date=2026-07-17\exchange=NSE\symbol=MARUTI\part-091317_130464-044470.parquet,35531,downloaded,35531,
2026-07-17,NSE,MARUTI,raw_l2/trade_date=2026-07-17/exchange=NSE/symbol=MARUTI/part-091202_719694-044310.parquet,real_data_sample\l2_unseen_validation\trade_date=2026-07-17\exchange=NSE\symbol=MARUTI\part-091202_719694-044310.parquet,35477,downloaded,35477,
2026-07-17,NSE,MARUTI,raw_l2/trade_date=2026-07-17/exchange=NSE/symbol=MARUTI/part-091217_934635-044342.parquet,real_data_sample\l2_unseen_validation\trade_date=2026-07-17\exchange=NSE\symbol=MARUTI\part-091217_934635-044342.parquet,35555,downloaded,35555,
2026-07-17,NSE,MARUTI,raw_l2/trade_date=2026-07-17/exchange=NSE/symbol=MARUTI/part-091624_770980-044886.parquet,real_data_sample\l2_unseen_validation\trade_date=2026-07-17\exchange=NSE\symbol=MARUTI\part-091624_770980-044886.parquet,35454,downloaded,35454,
2026-07-17,NSE,MARUTI,raw_l2/trade_date=2026-07-17/exchange=NSE/symbol=MARUTI/part-091818_789225-045142.parquet,real_data_sample\l2_unseen_validation\trade_date=2026-07-17\exchange=NSE\symbol=MARUTI\part-091818_789225-045142.parquet,35294,downloaded,35294,
2026-07-17,NSE,MARUTI,raw_l2/trade_date=2026-07-17/exchange=NSE/symbol=MARUTI/part-091638_960890-044918.parquet,real_data_sample\l2_unseen_validation\trade_date=2026-07-17\exchange=NSE\symbol=MARUTI\part-091638_960890-044918.parquet,35581,downloaded,35581,
2026-07-17,NSE,MARUTI,raw_l2/trade_date=2026-07-17/exchange=NSE/symbol=MARUTI/part-091526_758699-044758.parquet,real_data_sample\l2_unseen_validation\trade_date=2026-07-17\exchange=NSE\symbol=MARUTI\part-091526_758699-044758.parquet,35440,downloaded,35440,
2026-07-17,NSE,MARUTI,raw_l2/trade_date=2026-07-17/exchange=NSE/symbol=MARUTI/part-091833_204977-045174.parquet,real_data_sample\l2_unseen_validation\trade_date=2026-07-17\exchange=NSE\symbol=MARUTI\part-091833_204977-045174.parquet,35368,downloaded,35368,
2026-07-17,NSE,MARUTI,raw_l2/trade_date=2026-07-17/exchange=NSE/symbol=MARUTI/part-091653_171159-044950.parquet,real_data_sample\l2_unseen_validation\trade_date=2026-07-17\exchange=NSE\symbol=MARUTI\part-091653_171159-044950.parquet,35458,downloaded,35458,
2026-07-17,NSE,MARUTI,raw_l2/trade_date=2026-07-17/exchange=NSE/symbol=MARUTI/part-091847_531255-045206.parquet,real_data_sample\l2_unseen_validation\trade_date=2026-07-17\exchange=NSE\symbol=MARUTI\part-091847_531255-045206.parquet,35400,downloaded,35400,
2026-07-17,NSE,MARUTI,raw_l2/trade_date=2026-07-17/exchange=NSE/symbol=MARUTI/part-091945_023950-045334.parquet,real_data_sample\l2_unseen_validation\trade_date=2026-07-17\exchange=NSE\symbol=MARUTI\part-091945_023950-045334.parquet,35645,downloaded,35645,
2026-07-17,NSE,MARUTI,raw_l2/trade_date=2026-07-17/exchange=NSE/symbol=MARUTI/part-092502_087716-046038.parquet,real_data_sample\l2_unseen_validation\trade_date=2026-07-17\exchange=NSE\symbol=MARUTI\part-092502_087716-046038.parquet,35608,downloaded,35608,
2026-07-17,NSE,MARUTI,raw_l2/trade_date=2026-07-17/exchange=NSE/symbol=MARUTI/part-091916_543763-045270.parquet,real_data_sample\l2_unseen_validation\trade_date=2026-07-17\exchange=NSE\symbol=MARUTI\part-091916_543763-045270.parquet,35435,downloaded,35435,
2026-07-17,NSE,MARUTI,raw_l2/trade_date=2026-07-17/exchange=NSE/symbol=MARUTI/part-091901_973261-045238.parquet,real_data_sample\l2_unseen_validation\trade_date=2026-07-17\exchange=NSE\symbol=MARUTI\part-091901_973261-045238.parquet,35452,downloaded,35452,
2026-07-17,NSE,MARUTI,raw_l2/trade_date=2026-07-17/exchange=NSE/symbol=MARUTI/part-092349_526305-045878.parquet,real_data_sample\l2_unseen_validation\trade_date=2026-07-17\exchange=NSE\symbol=MARUTI\part-092349_526305-045878.parquet,35325,downloaded,35325,
2026-07-17,NSE,MARUTI,raw_l2/trade_date=2026-07-17/exchange=NSE/symbol=MARUTI/part-091930_733798-045302.parquet,real_data_sample\l2_unseen_validation\trade_date=2026-07-17\exchange=NSE\symbol=MARUTI\part-091930_733798-045302.parquet,35473,downloaded,35473,
2026-07-17,NSE,MARUTI,raw_l2/trade_date=2026-07-17/exchange=NSE/symbol=MARUTI/part-092418_520981-045942.parquet,real_data_sample\l2_unseen_validation\trade_date=2026-07-17\exchange=NSE\symbol=MARUTI\part-092418_520981-045942.parquet,35406,downloaded,35406,
2026-07-17,NSE,MARUTI,raw_l2/trade_date=2026-07-17/exchange=NSE/symbol=MARUTI/part-092545_927716-046134.parquet,real_data_sample\l2_unseen_validation\trade_date=2026-07-17\exchange=NSE\symbol=MARUTI\part-092545_927716-046134.parquet,35384,downloaded,35384,
2026-07-17,NSE,MARUTI,raw_l2/trade_date=2026-07-17/exchange=NSE/symbol=MARUTI/part-092305_727464-045782.parquet,real_data_sample\l2_unseen_validation\trade_date=2026-07-17\exchange=NSE\symbol=MARUTI\part-092305_727464-045782.parquet,35394,downloaded,35394,
2026-07-17,NSE,MARUTI,raw_l2/trade_date=2026-07-17/exchange=NSE/symbol=MARUTI/part-092208_443838-045654.parquet,real_data_sample\l2_unseen_validation\trade_date=2026-07-17\exchange=NSE\symbol=MARUTI\part-092208_443838-045654.parquet,35500,downloaded,35500,
2026-07-17,NSE,MARUTI,raw_l2/trade_date=2026-07-17/exchange=NSE/symbol=MARUTI/part-092139_913837-045590.parquet,real_data_sample\l2_unseen_validation\trade_date=2026-07-17\exchange=NSE\symbol=MARUTI\part-092139_913837-045590.parquet,35328,downloaded,35328,
2026-07-17,NSE,MARUTI,raw_l2/trade_date=2026-07-17/exchange=NSE/symbol=MARUTI/part-092222_717838-045686.parquet,real_data_sample\l2_unseen_validation\trade_date=2026-07-17\exchange=NSE\symbol=MARUTI\part-092222_717838-045686.parquet,35523,downloaded,35523,
2026-07-17,NSE,MARUTI,raw_l2/trade_date=2026-07-17/exchange=NSE/symbol=MARUTI/part-092237_042302-045718.parquet,real_data_sample\l2_unseen_validation\trade_date=2026-07-17\exchange=NSE\symbol=MARUTI\part-092237_042302-045718.parquet,35571,downloaded,35571,
2026-07-17,NSE,MARUTI,raw_l2/trade_date=2026-07-17/exchange=NSE/symbol=MARUTI/part-091302_480896-044438.parquet,real_data_sample\l2_unseen_validation\trade_date=2026-07-17\exchange=NSE\symbol=MARUTI\part-091302_480896-044438.parquet,35214,downloaded,35214,
2026-07-17,NSE,MARUTI,raw_l2/trade_date=2026-07-17/exchange=NSE/symbol=MARUTI/part-091959_299476-045366.parquet,real_data_sample\l2_unseen_validation\trade_date=2026-07-17\exchange=NSE\symbol=MARUTI\part-091959_299476-045366.parquet,35391,downloaded,35391,
2026-07-17,NSE,MARUTI,raw_l2/trade_date=2026-07-17/exchange=NSE/symbol=MARUTI/part-092600_525864-046166.parquet,real_data_sample\l2_unseen_validation\trade_date=2026-07-17\exchange=NSE\symbol=MARUTI\part-092600_525864-046166.parquet,35547,downloaded,35547,
2026-07-17,NSE,MARUTI,raw_l2/trade_date=2026-07-17/exchange=NSE/symbol=MARUTI/part-092027_929003-045430.parquet,real_data_sample\l2_unseen_validation\trade_date=2026-07-17\exchange=NSE\symbol=MARUTI\part-092027_929003-045430.parquet,35574,downloaded,35574,
2026-07-17,NSE,MARUTI,raw_l2/trade_date=2026-07-17/exchange=NSE/symbol=MARUTI/part-092042_136995-045462.parquet,real_data_sample\l2_unseen_validation\trade_date=2026-07-17\exchange=NSE\symbol=MARUTI\part-092042_136995-045462.parquet,35643,downloaded,35643,
2026-07-17,NSE,MARUTI,raw_l2/trade_date=2026-07-17/exchange=NSE/symbol=MARUTI/part-092013_626555-045398.parquet,real_data_sample\l2_unseen_validation\trade_date=2026-07-17\exchange=NSE\symbol=MARUTI\part-092013_626555-045398.parquet,35404,downloaded,35404,
2026-07-17,NSE,MARUTI,raw_l2/trade_date=2026-07-17/exchange=NSE/symbol=MARUTI/part-092251_490709-045750.parquet,real_data_sample\l2_unseen_validation\trade_date=2026-07-17\exchange=NSE\symbol=MARUTI\part-092251_490709-045750.parquet,35383,downloaded,35383,
2026-07-17,NSE,MARUTI,raw_l2/trade_date=2026-07-17/exchange=NSE/symbol=MARUTI/part-092531_265346-046102.parquet,real_data_sample\l2_unseen_validation\trade_date=2026-07-17\exchange=NSE\symbol=MARUTI\part-092531_265346-046102.parquet,35436,downloaded,35436,
2026-07-17,NSE,MARUTI,raw_l2/trade_date=2026-07-17/exchange=NSE/symbol=MARUTI/part-092320_499308-045814.parquet,real_data_sample\l2_unseen_validation\trade_date=2026-07-17\exchange=NSE\symbol=MARUTI\part-092320_499308-045814.parquet,35417,downloaded,35417,
2026-07-17,NSE,MARUTI,raw_l2/trade_date=2026-07-17/exchange=NSE/symbol=MARUTI/part-092125_267714-045558.parquet,real_data_sample\l2_unseen_validation\trade_date=2026-07-17\exchange=NSE\symbol=MARUTI\part-092125_267714-045558.parquet,35335,downloaded,35335,
2026-07-17,NSE,MARUTI,raw_l2/trade_date=2026-07-17/exchange=NSE/symbol=MARUTI/part-092110_890702-045526.parquet,real_data_sample\l2_unseen_validation\trade_date=2026-07-17\exchange=NSE\symbol=MARUTI\part-092110_890702-045526.parquet,35498,downloaded,35498,
2026-07-17,NSE,MARUTI,raw_l2/trade_date=2026-07-17/exchange=NSE/symbol=MARUTI/part-092403_998707-045910.parquet,real_data_sample\l2_unseen_validation\trade_date=2026-07-17\exchange=NSE\symbol=MARUTI\part-092403_998707-045910.parquet,35782,downloaded,35782,
2026-07-17,NSE,MARUTI,raw_l2/trade_date=2026-07-17/exchange=NSE/symbol=MARUTI/part-092516_767220-046070.parquet,real_data_sample\l2_unseen_validation\trade_date=2026-07-17\exchange=NSE\symbol=MARUTI\part-092516_767220-046070.parquet,35723,downloaded,35723,
2026-07-17,NSE,MARUTI,raw_l2/trade_date=2026-07-17/exchange=NSE/symbol=MARUTI/part-092154_230607-045622.parquet,real_data_sample\l2_unseen_validation\trade_date=2026-07-17\exchange=NSE\symbol=MARUTI\part-092154_230607-045622.parquet,35652,downloaded,35652,
2026-07-17,NSE,MARUTI,raw_l2/trade_date=2026-07-17/exchange=NSE/symbol=MARUTI/part-092056_631840-045494.parquet,real_data_sample\l2_unseen_validation\trade_date=2026-07-17\exchange=NSE\symbol=MARUTI\part-092056_631840-045494.parquet,35579,downloaded,35579,
2026-07-17,NSE,MARUTI,raw_l2/trade_date=2026-07-17/exchange=NSE/symbol=MARUTI/part-092433_234079-045974.parquet,real_data_sample\l2_unseen_validation\trade_date=2026-07-17\exchange=NSE\symbol=MARUTI\part-092433_234079-045974.parquet,35574,downloaded,35574,
2026-07-17,NSE,MARUTI,raw_l2/trade_date=2026-07-17/exchange=NSE/symbol=MARUTI/part-092335_182966-045846.parquet,real_data_sample\l2_unseen_validation\trade_date=2026-07-17\exchange=NSE\symbol=MARUTI\part-092335_182966-045846.parquet,35282,downloaded,35282,
2026-07-17,NSE,MARUTI,raw_l2/trade_date=2026-07-17/exchange=NSE/symbol=MARUTI/part-092447_464687-046006.parquet,real_data_sample\l2_unseen_validation\trade_date=2026-07-17\exchange=NSE\symbol=MARUTI\part-092447_464687-046006.parquet,35420,downloaded,35420,
2026-07-17,NSE,MARUTI,raw_l2/trade_date=2026-07-17/exchange=NSE/symbol=MARUTI/part-092615_287049-046198.parquet,real_data_sample\l2_unseen_validation\trade_date=2026-07-17\exchange=NSE\symbol=MARUTI\part-092615_287049-046198.parquet,35622,downloaded,35622,
2026-07-17,NSE,MARUTI,raw_l2/trade_date=2026-07-17/exchange=NSE/symbol=MARUTI/part-093356_010419-047222.parquet,real_data_sample\l2_unseen_validation\trade_date=2026-07-17\exchange=NSE\symbol=MARUTI\part-093356_010419-047222.parquet,35046,downloaded,35046,
2026-07-17,NSE,MARUTI,raw_l2/trade_date=2026-07-17/exchange=NSE/symbol=MARUTI/part-092727_934773-046358.parquet,real_data_sample\l2_unseen_validation\trade_date=2026-07-17\exchange=NSE\symbol=MARUTI\part-092727_934773-046358.parquet,35513,downloaded,35513,
2026-07-17,NSE,MARUTI,raw_l2/trade_date=2026-07-17/exchange=NSE/symbol=MARUTI/part-092630_262778-046230.parquet,real_data_sample\l2_unseen_validation\trade_date=2026-07-17\exchange=NSE\symbol=MARUTI\part-092630_262778-046230.parquet,35464,downloaded,35464,
2026-07-17,NSE,MARUTI,raw_l2/trade_date=2026-07-17/exchange=NSE/symbol=MARUTI/part-092713_492805-046326.parquet,real_data_sample\l2_unseen_validation\trade_date=2026-07-17\exchange=NSE\symbol=MARUTI\part-092713_492805-046326.parquet,35185,downloaded,35185,
2026-07-17,NSE,MARUTI,raw_l2/trade_date=2026-07-17/exchange=NSE/symbol=MARUTI/part-092644_924567-046262.parquet,real_data_sample\l2_unseen_validation\trade_date=2026-07-17\exchange=NSE\symbol=MARUTI\part-092644_924567-046262.parquet,35555,downloaded,35555,
2026-07-17,NSE,MARUTI,raw_l2/trade_date=2026-07-17/exchange=NSE/symbol=MARUTI/part-092825_620157-046486.parquet,real_data_sample\l2_unseen_validation\trade_date=2026-07-17\exchange=NSE\symbol=MARUTI\part-092825_620157-046486.parquet,35397,downloaded,35397,
2026-07-17,NSE,MARUTI,raw_l2/trade_date=2026-07-17/exchange=NSE/symbol=MARUTI/part-092742_396404-046390.parquet,real_data_sample\l2_unseen_validation\trade_date=2026-07-17\exchange=NSE\symbol=MARUTI\part-092742_396404-046390.parquet,35616,downloaded,35616,
2026-07-17,NSE,MARUTI,raw_l2/trade_date=2026-07-17/exchange=NSE/symbol=MARUTI/part-093022_374748-046742.parquet,real_data_sample\l2_unseen_validation\trade_date=2026-07-17\exchange=NSE\symbol=MARUTI\part-093022_374748-046742.parquet,35777,downloaded,35777,
2026-07-17,NSE,MARUTI,raw_l2/trade_date=2026-07-17/exchange=NSE/symbol=MARUTI/part-092923_826560-046614.parquet,real_data_sample\l2_unseen_validation\trade_date=2026-07-17\exchange=NSE\symbol=MARUTI\part-092923_826560-046614.parquet,35408,downloaded,35408,
2026-07-17,NSE,MARUTI,raw_l2/trade_date=2026-07-17/exchange=NSE/symbol=MARUTI/part-092840_109077-046518.parquet,real_data_sample\l2_unseen_validation\trade_date=2026-07-17\exchange=NSE\symbol=MARUTI\part-092840_109077-046518.parquet,35462,downloaded,35462,
2026-07-17,NSE,MARUTI,raw_l2/trade_date=2026-07-17/exchange=NSE/symbol=MARUTI/part-092756_784078-046422.parquet,real_data_sample\l2_unseen_validation\trade_date=2026-07-17\exchange=NSE\symbol=MARUTI\part-092756_784078-046422.parquet,35469,downloaded,35469,
2026-07-17,NSE,MARUTI,raw_l2/trade_date=2026-07-17/exchange=NSE/symbol=MARUTI/part-093134_077954-046902.parquet,real_data_sample\l2_unseen_validation\trade_date=2026-07-17\exchange=NSE\symbol=MARUTI\part-093134_077954-046902.parquet,35365,downloaded,35365,
2026-07-17,NSE,MARUTI,raw_l2/trade_date=2026-07-17/exchange=NSE/symbol=MARUTI/part-093051_279366-046806.parquet,real_data_sample\l2_unseen_validation\trade_date=2026-07-17\exchange=NSE\symbol=MARUTI\part-093051_279366-046806.parquet,35652,downloaded,35652,
2026-07-17,NSE,MARUTI,raw_l2/trade_date=2026-07-17/exchange=NSE/symbol=MARUTI/part-093202_860084-046966.parquet,real_data_sample\l2_unseen_validation\trade_date=2026-07-17\exchange=NSE\symbol=MARUTI\part-093202_860084-046966.parquet,35510,downloaded,35510,
2026-07-17,NSE,MARUTI,raw_l2/trade_date=2026-07-17/exchange=NSE/symbol=MARUTI/part-092953_024274-046678.parquet,real_data_sample\l2_unseen_validation\trade_date=2026-07-17\exchange=NSE\symbol=MARUTI\part-092953_024274-046678.parquet,35543,downloaded,35543,
2026-07-17,NSE,MARUTI,raw_l2/trade_date=2026-07-17/exchange=NSE/symbol=MARUTI/part-093105_488588-046838.parquet,real_data_sample\l2_unseen_validation\trade_date=2026-07-17\exchange=NSE\symbol=MARUTI\part-093105_488588-046838.parquet,35367,downloaded,35367,
2026-07-17,NSE,MARUTI,raw_l2/trade_date=2026-07-17/exchange=NSE/symbol=MARUTI/part-093007_815995-046710.parquet,real_data_sample\l2_unseen_validation\trade_date=2026-07-17\exchange=NSE\symbol=MARUTI\part-093007_815995-046710.parquet,35286,downloaded,35286,
2026-07-17,NSE,MARUTI,raw_l2/trade_date=2026-07-17/exchange=NSE/symbol=MARUTI/part-093036_916336-046774.parquet,real_data_sample\l2_unseen_validation\trade_date=2026-07-17\exchange=NSE\symbol=MARUTI\part-093036_916336-046774.parquet,35605,downloaded,35605,
2026-07-17,NSE,MARUTI,raw_l2/trade_date=2026-07-17/exchange=NSE/symbol=MARUTI/part-093259_296553-047094.parquet,real_data_sample\l2_unseen_validation\trade_date=2026-07-17\exchange=NSE\symbol=MARUTI\part-093259_296553-047094.parquet,35370,downloaded,35370,
2026-07-17,NSE,MARUTI,raw_l2/trade_date=2026-07-17/exchange=NSE/symbol=MARUTI/part-092659_176524-046294.parquet,real_data_sample\l2_unseen_validation\trade_date=2026-07-17\exchange=NSE\symbol=MARUTI\part-092659_176524-046294.parquet,35251,downloaded,35251,
2026-07-17,NSE,MARUTI,raw_l2/trade_date=2026-07-17/exchange=NSE/symbol=MARUTI/part-093119_861806-046870.parquet,real_data_sample\l2_unseen_validation\trade_date=2026-07-17\exchange=NSE\symbol=MARUTI\part-093119_861806-046870.parquet,35301,downloaded,35301,
2026-07-17,NSE,MARUTI,raw_l2/trade_date=2026-07-17/exchange=NSE/symbol=MARUTI/part-093313_588375-047126.parquet,real_data_sample\l2_unseen_validation\trade_date=2026-07-17\exchange=NSE\symbol=MARUTI\part-093313_588375-047126.parquet,35406,downloaded,35406,
2026-07-17,NSE,MARUTI,raw_l2/trade_date=2026-07-17/exchange=NSE/symbol=MARUTI/part-092811_095436-046454.parquet,real_data_sample\l2_unseen_validation\trade_date=2026-07-17\exchange=NSE\symbol=MARUTI\part-092811_095436-046454.parquet,35583,downloaded,35583,
2026-07-17,NSE,MARUTI,raw_l2/trade_date=2026-07-17/exchange=NSE/symbol=MARUTI/part-093148_496312-046934.parquet,real_data_sample\l2_unseen_validation\trade_date=2026-07-17\exchange=NSE\symbol=MARUTI\part-093148_496312-046934.parquet,35226,downloaded,35226,
2026-07-17,NSE,MARUTI,raw_l2/trade_date=2026-07-17/exchange=NSE/symbol=MARUTI/part-092854_503997-046550.parquet,real_data_sample\l2_unseen_validation\trade_date=2026-07-17\exchange=NSE\symbol=MARUTI\part-092854_503997-046550.parquet,35260,downloaded,35260,
2026-07-17,NSE,MARUTI,raw_l2/trade_date=2026-07-17/exchange=NSE/symbol=MARUTI/part-092909_275011-046582.parquet,real_data_sample\l2_unseen_validation\trade_date=2026-07-17\exchange=NSE\symbol=MARUTI\part-092909_275011-046582.parquet,35408,downloaded,35408,
2026-07-17,NSE,MARUTI,raw_l2/trade_date=2026-07-17/exchange=NSE/symbol=MARUTI/part-093216_767072-046998.parquet,real_data_sample\l2_unseen_validation\trade_date=2026-07-17\exchange=NSE\symbol=MARUTI\part-093216_767072-046998.parquet,35768,downloaded,35768,
2026-07-17,NSE,MARUTI,raw_l2/trade_date=2026-07-17/exchange=NSE/symbol=MARUTI/part-093230_880531-047030.parquet,real_data_sample\l2_unseen_validation\trade_date=2026-07-17\exchange=NSE\symbol=MARUTI\part-093230_880531-047030.parquet,35678,downloaded,35678,
2026-07-17,NSE,MARUTI,raw_l2/trade_date=2026-07-17/exchange=NSE/symbol=MARUTI/part-093245_223761-047062.parquet,real_data_sample\l2_unseen_validation\trade_date=2026-07-17\exchange=NSE\symbol=MARUTI\part-093245_223761-047062.parquet,35186,downloaded,35186,
2026-07-17,NSE,MARUTI,raw_l2/trade_date=2026-07-17/exchange=NSE/symbol=MARUTI/part-093327_831784-047158.parquet,real_data_sample\l2_unseen_validation\trade_date=2026-07-17\exchange=NSE\symbol=MARUTI\part-093327_831784-047158.parquet,35541,downloaded,35541,
2026-07-17,NSE,MARUTI,raw_l2/trade_date=2026-07-17/exchange=NSE/symbol=MARUTI/part-093341_901022-047190.parquet,real_data_sample\l2_unseen_validation\trade_date=2026-07-17\exchange=NSE\symbol=MARUTI\part-093341_901022-047190.parquet,35187,downloaded,35187,
2026-07-17,NSE,MARUTI,raw_l2/trade_date=2026-07-17/exchange=NSE/symbol=MARUTI/part-093410_089412-047254.parquet,real_data_sample\l2_unseen_validation\trade_date=2026-07-17\exchange=NSE\symbol=MARUTI\part-093410_089412-047254.parquet,35464,downloaded,35464,
2026-07-17,NSE,MARUTI,raw_l2/trade_date=2026-07-17/exchange=NSE/symbol=MARUTI/part-093535_435032-047446.parquet,real_data_sample\l2_unseen_validation\trade_date=2026-07-17\exchange=NSE\symbol=MARUTI\part-093535_435032-047446.parquet,34319,downloaded,34319,
2026-07-17,NSE,MARUTI,raw_l2/trade_date=2026-07-17/exchange=NSE/symbol=MARUTI/part-093521_169652-047414.parquet,real_data_sample\l2_unseen_validation\trade_date=2026-07-17\exchange=NSE\symbol=MARUTI\part-093521_169652-047414.parquet,34445,downloaded,34445,
2026-07-17,NSE,MARUTI,raw_l2/trade_date=2026-07-17/exchange=NSE/symbol=MARUTI/part-093424_093459-047286.parquet,real_data_sample\l2_unseen_validation\trade_date=2026-07-17\exchange=NSE\symbol=MARUTI\part-093424_093459-047286.parquet,34510,downloaded,34510,
2026-07-17,NSE,MARUTI,raw_l2/trade_date=2026-07-17/exchange=NSE/symbol=MARUTI/part-093438_196423-047318.parquet,real_data_sample\l2_unseen_validation\trade_date=2026-07-17\exchange=NSE\symbol=MARUTI\part-093438_196423-047318.parquet,34335,downloaded,34335,
2026-07-17,NSE,MARUTI,raw_l2/trade_date=2026-07-17/exchange=NSE/symbol=MARUTI/part-093452_368621-047350.parquet,real_data_sample\l2_unseen_validation\trade_date=2026-07-17\exchange=NSE\symbol=MARUTI\part-093452_368621-047350.parquet,34528,downloaded,34528,
2026-07-17,NSE,MARUTI,raw_l2/trade_date=2026-07-17/exchange=NSE/symbol=MARUTI/part-093506_806020-047382.parquet,real_data_sample\l2_unseen_validation\trade_date=2026-07-17\exchange=NSE\symbol=MARUTI\part-093506_806020-047382.parquet,34347,downloaded,34347,
2026-07-17,NSE,MARUTI,raw_l2/trade_date=2026-07-17/exchange=NSE/symbol=MARUTI/part-093549_696699-047478.parquet,real_data_sample\l2_unseen_validation\trade_date=2026-07-17\exchange=NSE\symbol=MARUTI\part-093549_696699-047478.parquet,34421,downloaded,34421,
2026-07-17,NSE,MARUTI,raw_l2/trade_date=2026-07-17/exchange=NSE/symbol=MARUTI/part-093604_238862-047510.parquet,real_data_sample\l2_unseen_validation\trade_date=2026-07-17\exchange=NSE\symbol=MARUTI\part-093604_238862-047510.parquet,34332,downloaded,34332,
2026-07-17,NSE,MARUTI,raw_l2/trade_date=2026-07-17/exchange=NSE/symbol=MARUTI/part-093839_704179-047862.parquet,real_data_sample\l2_unseen_validation\trade_date=2026-07-17\exchange=NSE\symbol=MARUTI\part-093839_704179-047862.parquet,34653,downloaded,34653,
2026-07-17,NSE,MARUTI,raw_l2/trade_date=2026-07-17/exchange=NSE/symbol=MARUTI/part-093701_052969-047638.parquet,real_data_sample\l2_unseen_validation\trade_date=2026-07-17\exchange=NSE\symbol=MARUTI\part-093701_052969-047638.parquet,34617,downloaded,34617,
2026-07-17,NSE,MARUTI,raw_l2/trade_date=2026-07-17/exchange=NSE/symbol=MARUTI/part-094005_886997-048054.parquet,real_data_sample\l2_unseen_validation\trade_date=2026-07-17\exchange=NSE\symbol=MARUTI\part-094005_886997-048054.parquet,34292,downloaded,34292,
2026-07-17,NSE,MARUTI,raw_l2/trade_date=2026-07-17/exchange=NSE/symbol=MARUTI/part-093715_094082-047670.parquet,real_data_sample\l2_unseen_validation\trade_date=2026-07-17\exchange=NSE\symbol=MARUTI\part-093715_094082-047670.parquet,34373,downloaded,34373,
2026-07-17,NSE,MARUTI,raw_l2/trade_date=2026-07-17/exchange=NSE/symbol=MARUTI/part-092938_412001-046646.parquet,real_data_sample\l2_unseen_validation\trade_date=2026-07-17\exchange=NSE\symbol=MARUTI\part-092938_412001-046646.parquet,35486,downloaded,35486,
2026-07-17,NSE,MARUTI,raw_l2/trade_date=2026-07-17/exchange=NSE/symbol=MARUTI/part-093647_005789-047606.parquet,real_data_sample\l2_unseen_validation\trade_date=2026-07-17\exchange=NSE\symbol=MARUTI\part-093647_005789-047606.parquet,34444,downloaded,34444,
2026-07-17,NSE,MARUTI,raw_l2/trade_date=2026-07-17/exchange=NSE/symbol=MARUTI/part-093632_846770-047574.parquet,real_data_sample\l2_unseen_validation\trade_date=2026-07-17\exchange=NSE\symbol=MARUTI\part-093632_846770-047574.parquet,34141,downloaded,34141,
2026-07-17,NSE,MARUTI,raw_l2/trade_date=2026-07-17/exchange=NSE/symbol=MARUTI/part-093618_671744-047542.parquet,real_data_sample\l2_unseen_validation\trade_date=2026-07-17\exchange=NSE\symbol=MARUTI\part-093618_671744-047542.parquet,34486,downloaded,34486,
2026-07-17,NSE,MARUTI,raw_l2/trade_date=2026-07-17/exchange=NSE/symbol=MARUTI/part-093922_920517-047958.parquet,real_data_sample\l2_unseen_validation\trade_date=2026-07-17\exchange=NSE\symbol=MARUTI\part-093922_920517-047958.parquet,34425,downloaded,34425,
2026-07-17,NSE,MARUTI,raw_l2/trade_date=2026-07-17/exchange=NSE/symbol=MARUTI/part-093908_443423-047926.parquet,real_data_sample\l2_unseen_validation\trade_date=2026-07-17\exchange=NSE\symbol=MARUTI\part-093908_443423-047926.parquet,34576,downloaded,34576,
2026-07-17,NSE,MARUTI,raw_l2/trade_date=2026-07-17/exchange=NSE/symbol=MARUTI/part-093951_634443-048022.parquet,real_data_sample\l2_unseen_validation\trade_date=2026-07-17\exchange=NSE\symbol=MARUTI\part-093951_634443-048022.parquet,34374,downloaded,34374,
2026-07-17,NSE,MARUTI,raw_l2/trade_date=2026-07-17/exchange=NSE/symbol=MARUTI/part-093811_208914-047798.parquet,real_data_sample\l2_unseen_validation\trade_date=2026-07-17\exchange=NSE\symbol=MARUTI\part-093811_208914-047798.parquet,34610,downloaded,34610,
2026-07-17,NSE,MARUTI,raw_l2/trade_date=2026-07-17/exchange=NSE/symbol=MARUTI/part-093742_944432-047734.parquet,real_data_sample\l2_unseen_validation\trade_date=2026-07-17\exchange=NSE\symbol=MARUTI\part-093742_944432-047734.parquet,34490,downloaded,34490,
2026-07-17,NSE,MARUTI,raw_l2/trade_date=2026-07-17/exchange=NSE/symbol=MARUTI/part-093937_134533-047990.parquet,real_data_sample\l2_unseen_validation\trade_date=2026-07-17\exchange=NSE\symbol=MARUTI\part-093937_134533-047990.parquet,34503,downloaded,34503,
2026-07-17,NSE,MARUTI,raw_l2/trade_date=2026-07-17/exchange=NSE/symbol=MARUTI/part-094048_714081-048150.parquet,real_data_sample\l2_unseen_validation\trade_date=2026-07-17\exchange=NSE\symbol=MARUTI\part-094048_714081-048150.parquet,34375,downloaded,34375,
2026-07-17,NSE,MARUTI,raw_l2/trade_date=2026-07-17/exchange=NSE/symbol=MARUTI/part-093825_392706-047830.parquet,real_data_sample\l2_unseen_validation\trade_date=2026-07-17\exchange=NSE\symbol=MARUTI\part-093825_392706-047830.parquet,34373,downloaded,34373,
2026-07-17,NSE,MARUTI,raw_l2/trade_date=2026-07-17/exchange=NSE/symbol=MARUTI/part-094020_069050-048086.parquet,real_data_sample\l2_unseen_validation\trade_date=2026-07-17\exchange=NSE\symbol=MARUTI\part-094020_069050-048086.parquet,34317,downloaded,34317,
2026-07-17,NSE,MARUTI,raw_l2/trade_date=2026-07-17/exchange=NSE/symbol=MARUTI/part-093757_104860-047766.parquet,real_data_sample\l2_unseen_validation\trade_date=2026-07-17\exchange=NSE\symbol=MARUTI\part-093757_104860-047766.parquet,34321,downloaded,34321,
2026-07-17,NSE,MARUTI,raw_l2/trade_date=2026-07-17/exchange=NSE/symbol=MARUTI/part-093853_836341-047894.parquet,real_data_sample\l2_unseen_validation\trade_date=2026-07-17\exchange=NSE\symbol=MARUTI\part-093853_836341-047894.parquet,34435,downloaded,34435,
2026-07-17,NSE,MARUTI,raw_l2/trade_date=2026-07-17/exchange=NSE/symbol=MARUTI/part-093728_924528-047702.parquet,real_data_sample\l2_unseen_validation\trade_date=2026-07-17\exchange=NSE\symbol=MARUTI\part-093728_924528-047702.parquet,34474,downloaded,34474,
2026-07-17,NSE,MARUTI,raw_l2/trade_date=2026-07-17/exchange=NSE/symbol=MARUTI/part-094034_465537-048118.parquet,real_data_sample\l2_unseen_validation\trade_date=2026-07-17\exchange=NSE\symbol=MARUTI\part-094034_465537-048118.parquet,34304,downloaded,34304,
2026-07-17,NSE,MARUTI,raw_l2/trade_date=2026-07-17/exchange=NSE/symbol=MARUTI/part-094117_499868-048214.parquet,real_data_sample\l2_unseen_validation\trade_date=2026-07-17\exchange=NSE\symbol=MARUTI\part-094117_499868-048214.parquet,34374,downloaded,34374,
2026-07-17,NSE,MARUTI,raw_l2/trade_date=2026-07-17/exchange=NSE/symbol=MARUTI/part-094103_070362-048182.parquet,real_data_sample\l2_unseen_validation\trade_date=2026-07-17\exchange=NSE\symbol=MARUTI\part-094103_070362-048182.parquet,34356,downloaded,34356,
2026-07-17,NSE,MARUTI,raw_l2/trade_date=2026-07-17/exchange=NSE/symbol=MARUTI/part-094131_903960-048246.parquet,real_data_sample\l2_unseen_validation\trade_date=2026-07-17\exchange=NSE\symbol=MARUTI\part-094131_903960-048246.parquet,34463,downloaded,34463,
2026-07-17,NSE,MARUTI,raw_l2/trade_date=2026-07-17/exchange=NSE/symbol=MARUTI/part-094215_175566-048342.parquet,real_data_sample\l2_unseen_validation\trade_date=2026-07-17\exchange=NSE\symbol=MARUTI\part-094215_175566-048342.parquet,34837,downloaded,34837,
2026-07-17,NSE,MARUTI,raw_l2/trade_date=2026-07-17/exchange=NSE/symbol=MARUTI/part-094243_919418-048406.parquet,real_data_sample\l2_unseen_validation\trade_date=2026-07-17\exchange=NSE\symbol=MARUTI\part-094243_919418-048406.parquet,35352,downloaded,35352,
2026-07-17,NSE,MARUTI,raw_l2/trade_date=2026-07-17/exchange=NSE/symbol=MARUTI/part-094229_608536-048374.parquet,real_data_sample\l2_unseen_validation\trade_date=2026-07-17\exchange=NSE\symbol=MARUTI\part-094229_608536-048374.parquet,35239,downloaded,35239,
2026-07-17,NSE,MARUTI,raw_l2/trade_date=2026-07-17/exchange=NSE/symbol=MARUTI/part-094146_369446-048278.parquet,real_data_sample\l2_unseen_validation\trade_date=2026-07-17\exchange=NSE\symbol=MARUTI\part-094146_369446-048278.parquet,34403,downloaded,34403,
2026-07-17,NSE,MARUTI,raw_l2/trade_date=2026-07-17/exchange=NSE/symbol=MARUTI/part-094200_807874-048310.parquet,real_data_sample\l2_unseen_validation\trade_date=2026-07-17\exchange=NSE\symbol=MARUTI\part-094200_807874-048310.parquet,34383,downloaded,34383,
2026-07-17,NSE,MARUTI,raw_l2/trade_date=2026-07-17/exchange=NSE/symbol=MARUTI/part-094258_080544-048438.parquet,real_data_sample\l2_unseen_validation\trade_date=2026-07-17\exchange=NSE\symbol=MARUTI\part-094258_080544-048438.parquet,35211,downloaded,35211,
2026-07-17,NSE,MARUTI,raw_l2/trade_date=2026-07-17/exchange=NSE/symbol=MARUTI/part-094312_166024-048470.parquet,real_data_sample\l2_unseen_validation\trade_date=2026-07-17\exchange=NSE\symbol=MARUTI\part-094312_166024-048470.parquet,35185,downloaded,35185,
2026-07-17,NSE,MARUTI,raw_l2/trade_date=2026-07-17/exchange=NSE/symbol=MARUTI/part-094326_478085-048502.parquet,real_data_sample\l2_unseen_validation\trade_date=2026-07-17\exchange=NSE\symbol=MARUTI\part-094326_478085-048502.parquet,34460,downloaded,34460,
2026-07-17,NSE,MARUTI,raw_l2/trade_date=2026-07-17/exchange=NSE/symbol=MARUTI/part-094340_784301-048534.parquet,real_data_sample\l2_unseen_validation\trade_date=2026-07-17\exchange=NSE\symbol=MARUTI\part-094340_784301-048534.parquet,34350,downloaded,34350,
2026-07-17,NSE,MARUTI,raw_l2/trade_date=2026-07-17/exchange=NSE/symbol=MARUTI/part-094409_780878-048598.parquet,real_data_sample\l2_unseen_validation\trade_date=2026-07-17\exchange=NSE\symbol=MARUTI\part-094409_780878-048598.parquet,34476,downloaded,34476,
2026-07-17,NSE,MARUTI,raw_l2/trade_date=2026-07-17/exchange=NSE/symbol=MARUTI/part-094355_309393-048566.parquet,real_data_sample\l2_unseen_validation\trade_date=2026-07-17\exchange=NSE\symbol=MARUTI\part-094355_309393-048566.parquet,34284,downloaded,34284,
2026-07-17,NSE,MARUTI,raw_l2/trade_date=2026-07-17/exchange=NSE/symbol=MARUTI/part-094424_028587-048630.parquet,real_data_sample\l2_unseen_validation\trade_date=2026-07-17\exchange=NSE\symbol=MARUTI\part-094424_028587-048630.parquet,35067,downloaded,35067,
2026-07-17,NSE,MARUTI,raw_l2/trade_date=2026-07-17/exchange=NSE/symbol=MARUTI/part-094603_889771-048854.parquet,real_data_sample\l2_unseen_validation\trade_date=2026-07-17\exchange=NSE\symbol=MARUTI\part-094603_889771-048854.parquet,35627,downloaded,35627,
2026-07-17,NSE,MARUTI,raw_l2/trade_date=2026-07-17/exchange=NSE/symbol=MARUTI/part-095006_080404-049398.parquet,real_data_sample\l2_unseen_validation\trade_date=2026-07-17\exchange=NSE\symbol=MARUTI\part-095006_080404-049398.parquet,34522,downloaded,34522,
2026-07-17,NSE,MARUTI,raw_l2/trade_date=2026-07-17/exchange=NSE/symbol=MARUTI/part-094951_906784-049366.parquet,real_data_sample\l2_unseen_validation\trade_date=2026-07-17\exchange=NSE\symbol=MARUTI\part-094951_906784-049366.parquet,34377,downloaded,34377,
2026-07-17,NSE,MARUTI,raw_l2/trade_date=2026-07-17/exchange=NSE/symbol=MARUTI/part-094521_056351-048758.parquet,real_data_sample\l2_unseen_validation\trade_date=2026-07-17\exchange=NSE\symbol=MARUTI\part-094521_056351-048758.parquet,35126,downloaded,35126,
2026-07-17,NSE,MARUTI,raw_l2/trade_date=2026-07-17/exchange=NSE/symbol=MARUTI/part-095048_837422-049494.parquet,real_data_sample\l2_unseen_validation\trade_date=2026-07-17\exchange=NSE\symbol=MARUTI\part-095048_837422-049494.parquet,34334,downloaded,34334,
2026-07-17,NSE,MARUTI,raw_l2/trade_date=2026-07-17/exchange=NSE/symbol=MARUTI/part-094535_156386-048790.parquet,real_data_sample\l2_unseen_validation\trade_date=2026-07-17\exchange=NSE\symbol=MARUTI\part-094535_156386-048790.parquet,35406,downloaded,35406,
2026-07-17,NSE,MARUTI,raw_l2/trade_date=2026-07-17/exchange=NSE/symbol=MARUTI/part-095020_342626-049430.parquet,real_data_sample\l2_unseen_validation\trade_date=2026-07-17\exchange=NSE\symbol=MARUTI\part-095020_342626-049430.parquet,34294,downloaded,34294,
2026-07-17,NSE,MARUTI,raw_l2/trade_date=2026-07-17/exchange=NSE/symbol=MARUTI/part-094729_146242-049046.parquet,real_data_sample\l2_unseen_validation\trade_date=2026-07-17\exchange=NSE\symbol=MARUTI\part-094729_146242-049046.parquet,34403,downloaded,34403,
2026-07-17,NSE,MARUTI,raw_l2/trade_date=2026-07-17/exchange=NSE/symbol=MARUTI/part-094646_505086-048950.parquet,real_data_sample\l2_unseen_validation\trade_date=2026-07-17\exchange=NSE\symbol=MARUTI\part-094646_505086-048950.parquet,34383,downloaded,34383,
2026-07-17,NSE,MARUTI,raw_l2/trade_date=2026-07-17/exchange=NSE/symbol=MARUTI/part-094618_346521-048886.parquet,real_data_sample\l2_unseen_validation\trade_date=2026-07-17\exchange=NSE\symbol=MARUTI\part-094618_346521-048886.parquet,35006,downloaded,35006,
2026-07-17,NSE,MARUTI,raw_l2/trade_date=2026-07-17/exchange=NSE/symbol=MARUTI/part-094937_755945-049334.parquet,real_data_sample\l2_unseen_validation\trade_date=2026-07-17\exchange=NSE\symbol=MARUTI\part-094937_755945-049334.parquet,34479,downloaded,34479,
2026-07-17,NSE,MARUTI,raw_l2/trade_date=2026-07-17/exchange=NSE/symbol=MARUTI/part-094743_480033-049078.parquet,real_data_sample\l2_unseen_validation\trade_date=2026-07-17\exchange=NSE\symbol=MARUTI\part-094743_480033-049078.parquet,34411,downloaded,34411,
2026-07-17,NSE,MARUTI,raw_l2/trade_date=2026-07-17/exchange=NSE/symbol=MARUTI/part-094549_522508-048822.parquet,real_data_sample\l2_unseen_validation\trade_date=2026-07-17\exchange=NSE\symbol=MARUTI\part-094549_522508-048822.parquet,35639,downloaded,35639,
2026-07-17,NSE,MARUTI,raw_l2/trade_date=2026-07-17/exchange=NSE/symbol=MARUTI/part-094909_121482-049270.parquet,real_data_sample\l2_unseen_validation\trade_date=2026-07-17\exchange=NSE\symbol=MARUTI\part-094909_121482-049270.parquet,34403,downloaded,34403,
2026-07-17,NSE,MARUTI,raw_l2/trade_date=2026-07-17/exchange=NSE/symbol=MARUTI/part-094700_731249-048982.parquet,real_data_sample\l2_unseen_validation\trade_date=2026-07-17\exchange=NSE\symbol=MARUTI\part-094700_731249-048982.parquet,34480,downloaded,34480,
2026-07-17,NSE,MARUTI,raw_l2/trade_date=2026-07-17/exchange=NSE/symbol=MARUTI/part-095102_864894-049526.parquet,real_data_sample\l2_unseen_validation\trade_date=2026-07-17\exchange=NSE\symbol=MARUTI\part-095102_864894-049526.parquet,34294,downloaded,34294,
2026-07-17,NSE,MARUTI,raw_l2/trade_date=2026-07-17/exchange=NSE/symbol=MARUTI/part-094840_458259-049206.parquet,real_data_sample\l2_unseen_validation\trade_date=2026-07-17\exchange=NSE\symbol=MARUTI\part-094840_458259-049206.parquet,34523,downloaded,34523,
2026-07-17,NSE,MARUTI,raw_l2/trade_date=2026-07-17/exchange=NSE/symbol=MARUTI/part-094826_108744-049174.parquet,real_data_sample\l2_unseen_validation\trade_date=2026-07-17\exchange=NSE\symbol=MARUTI\part-094826_108744-049174.parquet,34332,downloaded,34332,
2026-07-17,NSE,MARUTI,raw_l2/trade_date=2026-07-17/exchange=NSE/symbol=MARUTI/part-094923_457449-049302.parquet,real_data_sample\l2_unseen_validation\trade_date=2026-07-17\exchange=NSE\symbol=MARUTI\part-094923_457449-049302.parquet,34592,downloaded,34592,
2026-07-17,NSE,MARUTI,raw_l2/trade_date=2026-07-17/exchange=NSE/symbol=MARUTI/part-094854_809760-049238.parquet,real_data_sample\l2_unseen_validation\trade_date=2026-07-17\exchange=NSE\symbol=MARUTI\part-094854_809760-049238.parquet,34573,downloaded,34573,
2026-07-17,NSE,MARUTI,raw_l2/trade_date=2026-07-17/exchange=NSE/symbol=MARUTI/part-094632_568054-048918.parquet,real_data_sample\l2_unseen_validation\trade_date=2026-07-17\exchange=NSE\symbol=MARUTI\part-094632_568054-048918.parquet,34329,downloaded,34329,
2026-07-17,NSE,MARUTI,raw_l2/trade_date=2026-07-17/exchange=NSE/symbol=MARUTI/part-095034_647238-049462.parquet,real_data_sample\l2_unseen_validation\trade_date=2026-07-17\exchange=NSE\symbol=MARUTI\part-095034_647238-049462.parquet,34328,downloaded,34328,
2026-07-17,NSE,MARUTI,raw_l2/trade_date=2026-07-17/exchange=NSE/symbol=MARUTI/part-095117_009650-049558.parquet,real_data_sample\l2_unseen_validation\trade_date=2026-07-17\exchange=NSE\symbol=MARUTI\part-095117_009650-049558.parquet,34326,downloaded,34326,
2026-07-17,NSE,MARUTI,raw_l2/trade_date=2026-07-17/exchange=NSE/symbol=MARUTI/part-094506_884950-048726.parquet,real_data_sample\l2_unseen_validation\trade_date=2026-07-17\exchange=NSE\symbol=MARUTI\part-094506_884950-048726.parquet,35553,downloaded,35553,
2026-07-17,NSE,MARUTI,raw_l2/trade_date=2026-07-17/exchange=NSE/symbol=MARUTI/part-094452_655522-048694.parquet,real_data_sample\l2_unseen_validation\trade_date=2026-07-17\exchange=NSE\symbol=MARUTI\part-094452_655522-048694.parquet,35260,downloaded,35260,
2026-07-17,NSE,MARUTI,raw_l2/trade_date=2026-07-17/exchange=NSE/symbol=MARUTI/part-095145_071719-049622.parquet,real_data_sample\l2_unseen_validation\trade_date=2026-07-17\exchange=NSE\symbol=MARUTI\part-095145_071719-049622.parquet,34417,downloaded,34417,
2026-07-17,NSE,MARUTI,raw_l2/trade_date=2026-07-17/exchange=NSE/symbol=MARUTI/part-094714_914335-049014.parquet,real_data_sample\l2_unseen_validation\trade_date=2026-07-17\exchange=NSE\symbol=MARUTI\part-094714_914335-049014.parquet,34501,downloaded,34501,
2026-07-17,NSE,MARUTI,raw_l2/trade_date=2026-07-17/exchange=NSE/symbol=MARUTI/part-094812_049580-049142.parquet,real_data_sample\l2_unseen_validation\trade_date=2026-07-17\exchange=NSE\symbol=MARUTI\part-094812_049580-049142.parquet,34582,downloaded,34582,
2026-07-17,NSE,MARUTI,raw_l2/trade_date=2026-07-17/exchange=NSE/symbol=MARUTI/part-095130_952418-049590.parquet,real_data_sample\l2_unseen_validation\trade_date=2026-07-17\exchange=NSE\symbol=MARUTI\part-095130_952418-049590.parquet,34342,downloaded,34342,
2026-07-17,NSE,MARUTI,raw_l2/trade_date=2026-07-17/exchange=NSE/symbol=MARUTI/part-094757_873399-049110.parquet,real_data_sample\l2_unseen_validation\trade_date=2026-07-17\exchange=NSE\symbol=MARUTI\part-094757_873399-049110.parquet,34341,downloaded,34341,
2026-07-17,NSE,MARUTI,raw_l2/trade_date=2026-07-17/exchange=NSE/symbol=MARUTI/part-094438_321699-048662.parquet,real_data_sample\l2_unseen_validation\trade_date=2026-07-17\exchange=NSE\symbol=MARUTI\part-094438_321699-048662.parquet,35381,downloaded,35381,
2026-07-17,NSE,MARUTI,raw_l2/trade_date=2026-07-17/exchange=NSE/symbol=MARUTI/part-095159_040489-049654.parquet,real_data_sample\l2_unseen_validation\trade_date=2026-07-17\exchange=NSE\symbol=MARUTI\part-095159_040489-049654.parquet,34352,downloaded,34352,
2026-07-17,NSE,MARUTI,raw_l2/trade_date=2026-07-17/exchange=NSE/symbol=MARUTI/part-095213_564782-049686.parquet,real_data_sample\l2_unseen_validation\trade_date=2026-07-17\exchange=NSE\symbol=MARUTI\part-095213_564782-049686.parquet,34333,downloaded,34333,
2026-07-17,NSE,MARUTI,raw_l2/trade_date=2026-07-17/exchange=NSE/symbol=MARUTI/part-095227_567334-049718.parquet,real_data_sample\l2_unseen_validation\trade_date=2026-07-17\exchange=NSE\symbol=MARUTI\part-095227_567334-049718.parquet,34305,downloaded,34305,
2026-07-17,NSE,MARUTI,raw_l2/trade_date=2026-07-17/exchange=NSE/symbol=MARUTI/part-095518_168819-050102.parquet,real_data_sample\l2_unseen_validation\trade_date=2026-07-17\exchange=NSE\symbol=MARUTI\part-095518_168819-050102.parquet,34653,downloaded,34653,
2026-07-17,NSE,MARUTI,raw_l2/trade_date=2026-07-17/exchange=NSE/symbol=MARUTI/part-095241_660299-049750.parquet,real_data_sample\l2_unseen_validation\trade_date=2026-07-17\exchange=NSE\symbol=MARUTI\part-095241_660299-049750.parquet,34464,downloaded,34464,
2026-07-17,NSE,MARUTI,raw_l2/trade_date=2026-07-17/exchange=NSE/symbol=MARUTI/part-095714_672705-050358.parquet,real_data_sample\l2_unseen_validation\trade_date=2026-07-17\exchange=NSE\symbol=MARUTI\part-095714_672705-050358.parquet,34390,downloaded,34390,
2026-07-17,NSE,MARUTI,raw_l2/trade_date=2026-07-17/exchange=NSE/symbol=MARUTI/part-095338_373239-049878.parquet,real_data_sample\l2_unseen_validation\trade_date=2026-07-17\exchange=NSE\symbol=MARUTI\part-095338_373239-049878.parquet,34326,downloaded,34326,
2026-07-17,NSE,MARUTI,raw_l2/trade_date=2026-07-17/exchange=NSE/symbol=MARUTI/part-095435_640470-050006.parquet,real_data_sample\l2_unseen_validation\trade_date=2026-07-17\exchange=NSE\symbol=MARUTI\part-095435_640470-050006.parquet,34309,downloaded,34309,
2026-07-17,NSE,MARUTI,raw_l2/trade_date=2026-07-17/exchange=NSE/symbol=MARUTI/part-095504_107836-050070.parquet,real_data_sample\l2_unseen_validation\trade_date=2026-07-17\exchange=NSE\symbol=MARUTI\part-095504_107836-050070.parquet,34299,downloaded,34299,
2026-07-17,NSE,MARUTI,raw_l2/trade_date=2026-07-17/exchange=NSE/symbol=MARUTI/part-095743_441533-050422.parquet,real_data_sample\l2_unseen_validation\trade_date=2026-07-17\exchange=NSE\symbol=MARUTI\part-095743_441533-050422.parquet,34357,downloaded,34357,
2026-07-17,NSE,MARUTI,raw_l2/trade_date=2026-07-17/exchange=NSE/symbol=MARUTI/part-095811_849210-050486.parquet,real_data_sample\l2_unseen_validation\trade_date=2026-07-17\exchange=NSE\symbol=MARUTI\part-095811_849210-050486.parquet,34372,downloaded,34372,
2026-07-17,NSE,MARUTI,raw_l2/trade_date=2026-07-17/exchange=NSE/symbol=MARUTI/part-095309_699958-049814.parquet,real_data_sample\l2_unseen_validation\trade_date=2026-07-17\exchange=NSE\symbol=MARUTI\part-095309_699958-049814.parquet,34375,downloaded,34375,
2026-07-17,NSE,MARUTI,raw_l2/trade_date=2026-07-17/exchange=NSE/symbol=MARUTI/part-095407_225860-049942.parquet,real_data_sample\l2_unseen_validation\trade_date=2026-07-17\exchange=NSE\symbol=MARUTI\part-095407_225860-049942.parquet,34360,downloaded,34360,
2026-07-17,NSE,MARUTI,raw_l2/trade_date=2026-07-17/exchange=NSE/symbol=MARUTI/part-095255_575773-049782.parquet,real_data_sample\l2_unseen_validation\trade_date=2026-07-17\exchange=NSE\symbol=MARUTI\part-095255_575773-049782.parquet,34456,downloaded,34456,
2026-07-17,NSE,MARUTI,raw_l2/trade_date=2026-07-17/exchange=NSE/symbol=MARUTI/part-095352_798662-049910.parquet,real_data_sample\l2_unseen_validation\trade_date=2026-07-17\exchange=NSE\symbol=MARUTI\part-095352_798662-049910.parquet,34493,downloaded,34493,
2026-07-17,NSE,MARUTI,raw_l2/trade_date=2026-07-17/exchange=NSE/symbol=MARUTI/part-095757_671304-050454.parquet,real_data_sample\l2_unseen_validation\trade_date=2026-07-17\exchange=NSE\symbol=MARUTI\part-095757_671304-050454.parquet,34068,downloaded,34068,
2026-07-17,NSE,MARUTI,raw_l2/trade_date=2026-07-17/exchange=NSE/symbol=MARUTI/part-095826_142901-050518.parquet,real_data_sample\l2_unseen_validation\trade_date=2026-07-17\exchange=NSE\symbol=MARUTI\part-095826_142901-050518.parquet,34627,downloaded,34627,
2026-07-17,NSE,MARUTI,raw_l2/trade_date=2026-07-17/exchange=NSE/symbol=MARUTI/part-095729_067932-050390.parquet,real_data_sample\l2_unseen_validation\trade_date=2026-07-17\exchange=NSE\symbol=MARUTI\part-095729_067932-050390.parquet,34540,downloaded,34540,
2026-07-17,NSE,MARUTI,raw_l2/trade_date=2026-07-17/exchange=NSE/symbol=MARUTI/part-095449_947593-050038.parquet,real_data_sample\l2_unseen_validation\trade_date=2026-07-17\exchange=NSE\symbol=MARUTI\part-095449_947593-050038.parquet,34424,downloaded,34424,
2026-07-17,NSE,MARUTI,raw_l2/trade_date=2026-07-17/exchange=NSE/symbol=MARUTI/part-095630_606122-050262.parquet,real_data_sample\l2_unseen_validation\trade_date=2026-07-17\exchange=NSE\symbol=MARUTI\part-095630_606122-050262.parquet,34342,downloaded,34342,
2026-07-17,NSE,MARUTI,raw_l2/trade_date=2026-07-17/exchange=NSE/symbol=MARUTI/part-095659_945622-050326.parquet,real_data_sample\l2_unseen_validation\trade_date=2026-07-17\exchange=NSE\symbol=MARUTI\part-095659_945622-050326.parquet,34353,downloaded,34353,
2026-07-17,NSE,MARUTI,raw_l2/trade_date=2026-07-17/exchange=NSE/symbol=MARUTI/part-095421_614086-049974.parquet,real_data_sample\l2_unseen_validation\trade_date=2026-07-17\exchange=NSE\symbol=MARUTI\part-095421_614086-049974.parquet,34390,downloaded,34390,
2026-07-17,NSE,MARUTI,raw_l2/trade_date=2026-07-17/exchange=NSE/symbol=MARUTI/part-095841_048922-050550.parquet,real_data_sample\l2_unseen_validation\trade_date=2026-07-17\exchange=NSE\symbol=MARUTI\part-095841_048922-050550.parquet,34399,downloaded,34399,
2026-07-17,NSE,MARUTI,raw_l2/trade_date=2026-07-17/exchange=NSE/symbol=MARUTI/part-095547_342220-050166.parquet,real_data_sample\l2_unseen_validation\trade_date=2026-07-17\exchange=NSE\symbol=MARUTI\part-095547_342220-050166.parquet,34605,downloaded,34605,
2026-07-17,NSE,MARUTI,raw_l2/trade_date=2026-07-17/exchange=NSE/symbol=MARUTI/part-095323_917961-049846.parquet,real_data_sample\l2_unseen_validation\trade_date=2026-07-17\exchange=NSE\symbol=MARUTI\part-095323_917961-049846.parquet,34353,downloaded,34353,
2026-07-17,NSE,MARUTI,raw_l2/trade_date=2026-07-17/exchange=NSE/symbol=MARUTI/part-095616_179803-050230.parquet,real_data_sample\l2_unseen_validation\trade_date=2026-07-17\exchange=NSE\symbol=MARUTI\part-095616_179803-050230.parquet,34598,downloaded,34598,
2026-07-17,NSE,MARUTI,raw_l2/trade_date=2026-07-17/exchange=NSE/symbol=MARUTI/part-095855_564266-050582.parquet,real_data_sample\l2_unseen_validation\trade_date=2026-07-17\exchange=NSE\symbol=MARUTI\part-095855_564266-050582.parquet,34325,downloaded,34325,
2026-07-17,NSE,MARUTI,raw_l2/trade_date=2026-07-17/exchange=NSE/symbol=MARUTI/part-095910_033109-050614.parquet,real_data_sample\l2_unseen_validation\trade_date=2026-07-17\exchange=NSE\symbol=MARUTI\part-095910_033109-050614.parquet,34449,downloaded,34449,
2026-07-17,NSE,MARUTI,raw_l2/trade_date=2026-07-17/exchange=NSE/symbol=MARUTI/part-095601_861890-050198.parquet,real_data_sample\l2_unseen_validation\trade_date=2026-07-17\exchange=NSE\symbol=MARUTI\part-095601_861890-050198.parquet,34374,downloaded,34374,
2026-07-17,NSE,MARUTI,raw_l2/trade_date=2026-07-17/exchange=NSE/symbol=MARUTI/part-095532_613223-050134.parquet,real_data_sample\l2_unseen_validation\trade_date=2026-07-17\exchange=NSE\symbol=MARUTI\part-095532_613223-050134.parquet,34279,downloaded,34279,
2026-07-17,NSE,MARUTI,raw_l2/trade_date=2026-07-17/exchange=NSE/symbol=MARUTI/part-095645_063289-050294.parquet,real_data_sample\l2_unseen_validation\trade_date=2026-07-17\exchange=NSE\symbol=MARUTI\part-095645_063289-050294.parquet,34458,downloaded,34458,
2026-07-17,NSE,MARUTI,raw_l2/trade_date=2026-07-17/exchange=NSE/symbol=MARUTI/part-095939_037865-050678.parquet,real_data_sample\l2_unseen_validation\trade_date=2026-07-17\exchange=NSE\symbol=MARUTI\part-095939_037865-050678.parquet,35705,downloaded,35705,
2026-07-17,NSE,MARUTI,raw_l2/trade_date=2026-07-17/exchange=NSE/symbol=MARUTI/part-100007_751764-050742.parquet,real_data_sample\l2_unseen_validation\trade_date=2026-07-17\exchange=NSE\symbol=MARUTI\part-100007_751764-050742.parquet,34903,downloaded,34903,
2026-07-17,NSE,MARUTI,raw_l2/trade_date=2026-07-17/exchange=NSE/symbol=MARUTI/part-095953_351968-050710.parquet,real_data_sample\l2_unseen_validation\trade_date=2026-07-17\exchange=NSE\symbol=MARUTI\part-095953_351968-050710.parquet,35162,downloaded,35162,
2026-07-17,NSE,NESTLEIND,raw_l2/trade_date=2026-07-17/exchange=NSE/symbol=NESTLEIND/part-034503_655593-000023.parquet,real_data_sample\l2_unseen_validation\trade_date=2026-07-17\exchange=NSE\symbol=NESTLEIND\part-034503_655593-000023.parquet,34102,downloaded,34102,
2026-07-17,NSE,NESTLEIND,raw_l2/trade_date=2026-07-17/exchange=NSE/symbol=NESTLEIND/part-034531_505053-000087.parquet,real_data_sample\l2_unseen_validation\trade_date=2026-07-17\exchange=NSE\symbol=NESTLEIND\part-034531_505053-000087.parquet,34497,downloaded,34497,
2026-07-17,NSE,NESTLEIND,raw_l2/trade_date=2026-07-17/exchange=NSE/symbol=NESTLEIND/part-034559_814326-000151.parquet,real_data_sample\l2_unseen_validation\trade_date=2026-07-17\exchange=NSE\symbol=NESTLEIND\part-034559_814326-000151.parquet,34401,downloaded,34401,
2026-07-17,NSE,NESTLEIND,raw_l2/trade_date=2026-07-17/exchange=NSE/symbol=NESTLEIND/part-034545_571546-000119.parquet,real_data_sample\l2_unseen_validation\trade_date=2026-07-17\exchange=NSE\symbol=NESTLEIND\part-034545_571546-000119.parquet,34491,downloaded,34491,
2026-07-17,NSE,NESTLEIND,raw_l2/trade_date=2026-07-17/exchange=NSE/symbol=NESTLEIND/part-034517_699714-000055.parquet,real_data_sample\l2_unseen_validation\trade_date=2026-07-17\exchange=NSE\symbol=NESTLEIND\part-034517_699714-000055.parquet,34225,downloaded,34225,
2026-07-17,NSE,MARUTI,raw_l2/trade_date=2026-07-17/exchange=NSE/symbol=MARUTI/part-100128_944738-050781.parquet,real_data_sample\l2_unseen_validation\trade_date=2026-07-17\exchange=NSE\symbol=MARUTI\part-100128_944738-050781.parquet,34068,downloaded,34068,
2026-07-17,NSE,NESTLEIND,raw_l2/trade_date=2026-07-17/exchange=NSE/symbol=NESTLEIND/part-034613_915453-000183.parquet,real_data_sample\l2_unseen_validation\trade_date=2026-07-17\exchange=NSE\symbol=NESTLEIND\part-034613_915453-000183.parquet,34791,downloaded,34791,
2026-07-17,NSE,NESTLEIND,raw_l2/trade_date=2026-07-17/exchange=NSE/symbol=NESTLEIND/part-034642_275372-000247.parquet,real_data_sample\l2_unseen_validation\trade_date=2026-07-17\exchange=NSE\symbol=NESTLEIND\part-034642_275372-000247.parquet,35501,downloaded,35501,
2026-07-17,NSE,NESTLEIND,raw_l2/trade_date=2026-07-17/exchange=NSE/symbol=NESTLEIND/part-034656_033728-000279.parquet,real_data_sample\l2_unseen_validation\trade_date=2026-07-17\exchange=NSE\symbol=NESTLEIND\part-034656_033728-000279.parquet,35882,downloaded,35882,
2026-07-17,NSE,NESTLEIND,raw_l2/trade_date=2026-07-17/exchange=NSE/symbol=NESTLEIND/part-035134_241877-000919.parquet,real_data_sample\l2_unseen_validation\trade_date=2026-07-17\exchange=NSE\symbol=NESTLEIND\part-035134_241877-000919.parquet,34700,downloaded,34700,
2026-07-17,NSE,NESTLEIND,raw_l2/trade_date=2026-07-17/exchange=NSE/symbol=NESTLEIND/part-034834_005734-000503.parquet,real_data_sample\l2_unseen_validation\trade_date=2026-07-17\exchange=NSE\symbol=NESTLEIND\part-034834_005734-000503.parquet,34140,downloaded,34140,
2026-07-17,NSE,NESTLEIND,raw_l2/trade_date=2026-07-17/exchange=NSE/symbol=NESTLEIND/part-035148_078719-000951.parquet,real_data_sample\l2_unseen_validation\trade_date=2026-07-17\exchange=NSE\symbol=NESTLEIND\part-035148_078719-000951.parquet,34688,downloaded,34688,
2026-07-17,NSE,NESTLEIND,raw_l2/trade_date=2026-07-17/exchange=NSE/symbol=NESTLEIND/part-034806_479623-000439.parquet,real_data_sample\l2_unseen_validation\trade_date=2026-07-17\exchange=NSE\symbol=NESTLEIND\part-034806_479623-000439.parquet,34372,downloaded,34372,
2026-07-17,NSE,NESTLEIND,raw_l2/trade_date=2026-07-17/exchange=NSE/symbol=NESTLEIND/part-034723_866914-000343.parquet,real_data_sample\l2_unseen_validation\trade_date=2026-07-17\exchange=NSE\symbol=NESTLEIND\part-034723_866914-000343.parquet,34640,downloaded,34640,
2026-07-17,NSE,NESTLEIND,raw_l2/trade_date=2026-07-17/exchange=NSE/symbol=NESTLEIND/part-034847_749096-000535.parquet,real_data_sample\l2_unseen_validation\trade_date=2026-07-17\exchange=NSE\symbol=NESTLEIND\part-034847_749096-000535.parquet,34497,downloaded,34497,
2026-07-17,NSE,MARUTI,raw_l2/trade_date=2026-07-17/exchange=NSE/symbol=MARUTI/part-095924_566656-050646.parquet,real_data_sample\l2_unseen_validation\trade_date=2026-07-17\exchange=NSE\symbol=MARUTI\part-095924_566656-050646.parquet,35328,downloaded,35328,
2026-07-17,NSE,NESTLEIND,raw_l2/trade_date=2026-07-17/exchange=NSE/symbol=NESTLEIND/part-034738_001096-000375.parquet,real_data_sample\l2_unseen_validation\trade_date=2026-07-17\exchange=NSE\symbol=NESTLEIND\part-034738_001096-000375.parquet,34439,downloaded,34439,
2026-07-17,NSE,NESTLEIND,raw_l2/trade_date=2026-07-17/exchange=NSE/symbol=NESTLEIND/part-034901_548367-000567.parquet,real_data_sample\l2_unseen_validation\trade_date=2026-07-17\exchange=NSE\symbol=NESTLEIND\part-034901_548367-000567.parquet,34481,downloaded,34481,
2026-07-17,NSE,NESTLEIND,raw_l2/trade_date=2026-07-17/exchange=NSE/symbol=NESTLEIND/part-034915_659133-000599.parquet,real_data_sample\l2_unseen_validation\trade_date=2026-07-17\exchange=NSE\symbol=NESTLEIND\part-034915_659133-000599.parquet,34480,downloaded,34480,
2026-07-17,NSE,NESTLEIND,raw_l2/trade_date=2026-07-17/exchange=NSE/symbol=NESTLEIND/part-034709_813933-000311.parquet,real_data_sample\l2_unseen_validation\trade_date=2026-07-17\exchange=NSE\symbol=NESTLEIND\part-034709_813933-000311.parquet,35536,downloaded,35536,
2026-07-17,NSE,NESTLEIND,raw_l2/trade_date=2026-07-17/exchange=NSE/symbol=NESTLEIND/part-034820_214188-000471.parquet,real_data_sample\l2_unseen_validation\trade_date=2026-07-17\exchange=NSE\symbol=NESTLEIND\part-034820_214188-000471.parquet,34616,downloaded,34616,
2026-07-17,NSE,NESTLEIND,raw_l2/trade_date=2026-07-17/exchange=NSE/symbol=NESTLEIND/part-035053_001041-000823.parquet,real_data_sample\l2_unseen_validation\trade_date=2026-07-17\exchange=NSE\symbol=NESTLEIND\part-035053_001041-000823.parquet,34483,downloaded,34483,
2026-07-17,NSE,NESTLEIND,raw_l2/trade_date=2026-07-17/exchange=NSE/symbol=NESTLEIND/part-034752_048478-000407.parquet,real_data_sample\l2_unseen_validation\trade_date=2026-07-17\exchange=NSE\symbol=NESTLEIND\part-034752_048478-000407.parquet,34477,downloaded,34477,
2026-07-17,NSE,NESTLEIND,raw_l2/trade_date=2026-07-17/exchange=NSE/symbol=NESTLEIND/part-035106_725132-000855.parquet,real_data_sample\l2_unseen_validation\trade_date=2026-07-17\exchange=NSE\symbol=NESTLEIND\part-035106_725132-000855.parquet,34747,downloaded,34747,
2026-07-17,NSE,NESTLEIND,raw_l2/trade_date=2026-07-17/exchange=NSE/symbol=NESTLEIND/part-035039_302278-000791.parquet,real_data_sample\l2_unseen_validation\trade_date=2026-07-17\exchange=NSE\symbol=NESTLEIND\part-035039_302278-000791.parquet,34514,downloaded,34514,
2026-07-17,NSE,NESTLEIND,raw_l2/trade_date=2026-07-17/exchange=NSE/symbol=NESTLEIND/part-035011_590650-000727.parquet,real_data_sample\l2_unseen_validation\trade_date=2026-07-17\exchange=NSE\symbol=NESTLEIND\part-035011_590650-000727.parquet,34495,downloaded,34495,
2026-07-17,NSE,NESTLEIND,raw_l2/trade_date=2026-07-17/exchange=NSE/symbol=NESTLEIND/part-034627_811368-000215.parquet,real_data_sample\l2_unseen_validation\trade_date=2026-07-17\exchange=NSE\symbol=NESTLEIND\part-034627_811368-000215.parquet,35872,downloaded,35872,
2026-07-17,NSE,NESTLEIND,raw_l2/trade_date=2026-07-17/exchange=NSE/symbol=NESTLEIND/part-034943_571341-000663.parquet,real_data_sample\l2_unseen_validation\trade_date=2026-07-17\exchange=NSE\symbol=NESTLEIND\part-034943_571341-000663.parquet,34468,downloaded,34468,
2026-07-17,NSE,NESTLEIND,raw_l2/trade_date=2026-07-17/exchange=NSE/symbol=NESTLEIND/part-034929_680343-000631.parquet,real_data_sample\l2_unseen_validation\trade_date=2026-07-17\exchange=NSE\symbol=NESTLEIND\part-034929_680343-000631.parquet,34453,downloaded,34453,
2026-07-17,NSE,NESTLEIND,raw_l2/trade_date=2026-07-17/exchange=NSE/symbol=NESTLEIND/part-035025_548450-000759.parquet,real_data_sample\l2_unseen_validation\trade_date=2026-07-17\exchange=NSE\symbol=NESTLEIND\part-035025_548450-000759.parquet,34473,downloaded,34473,
2026-07-17,NSE,NESTLEIND,raw_l2/trade_date=2026-07-17/exchange=NSE/symbol=NESTLEIND/part-034957_740324-000695.parquet,real_data_sample\l2_unseen_validation\trade_date=2026-07-17\exchange=NSE\symbol=NESTLEIND\part-034957_740324-000695.parquet,34492,downloaded,34492,
2026-07-17,NSE,NESTLEIND,raw_l2/trade_date=2026-07-17/exchange=NSE/symbol=NESTLEIND/part-035120_538685-000887.parquet,real_data_sample\l2_unseen_validation\trade_date=2026-07-17\exchange=NSE\symbol=NESTLEIND\part-035120_538685-000887.parquet,34395,downloaded,34395,
2026-07-17,NSE,NESTLEIND,raw_l2/trade_date=2026-07-17/exchange=NSE/symbol=NESTLEIND/part-035202_140421-000983.parquet,real_data_sample\l2_unseen_validation\trade_date=2026-07-17\exchange=NSE\symbol=NESTLEIND\part-035202_140421-000983.parquet,34646,downloaded,34646,
2026-07-17,NSE,NESTLEIND,raw_l2/trade_date=2026-07-17/exchange=NSE/symbol=NESTLEIND/part-035215_976698-001015.parquet,real_data_sample\l2_unseen_validation\trade_date=2026-07-17\exchange=NSE\symbol=NESTLEIND\part-035215_976698-001015.parquet,34145,downloaded,34145,
2026-07-17,NSE,NESTLEIND,raw_l2/trade_date=2026-07-17/exchange=NSE/symbol=NESTLEIND/part-035243_800550-001079.parquet,real_data_sample\l2_unseen_validation\trade_date=2026-07-17\exchange=NSE\symbol=NESTLEIND\part-035243_800550-001079.parquet,34492,downloaded,34492,
2026-07-17,NSE,NESTLEIND,raw_l2/trade_date=2026-07-17/exchange=NSE/symbol=NESTLEIND/part-035229_827934-001047.parquet,real_data_sample\l2_unseen_validation\trade_date=2026-07-17\exchange=NSE\symbol=NESTLEIND\part-035229_827934-001047.parquet,34412,downloaded,34412,
2026-07-17,NSE,NESTLEIND,raw_l2/trade_date=2026-07-17/exchange=NSE/symbol=NESTLEIND/part-035257_929023-001111.parquet,real_data_sample\l2_unseen_validation\trade_date=2026-07-17\exchange=NSE\symbol=NESTLEIND\part-035257_929023-001111.parquet,34434,downloaded,34434,
2026-07-17,NSE,NESTLEIND,raw_l2/trade_date=2026-07-17/exchange=NSE/symbol=NESTLEIND/part-035311_699718-001143.parquet,real_data_sample\l2_unseen_validation\trade_date=2026-07-17\exchange=NSE\symbol=NESTLEIND\part-035311_699718-001143.parquet,34380,downloaded,34380,
2026-07-17,NSE,NESTLEIND,raw_l2/trade_date=2026-07-17/exchange=NSE/symbol=NESTLEIND/part-035434_831102-001335.parquet,real_data_sample\l2_unseen_validation\trade_date=2026-07-17\exchange=NSE\symbol=NESTLEIND\part-035434_831102-001335.parquet,34470,downloaded,34470,
2026-07-17,NSE,NESTLEIND,raw_l2/trade_date=2026-07-17/exchange=NSE/symbol=NESTLEIND/part-035516_836287-001431.parquet,real_data_sample\l2_unseen_validation\trade_date=2026-07-17\exchange=NSE\symbol=NESTLEIND\part-035516_836287-001431.parquet,34476,downloaded,34476,
2026-07-17,NSE,NESTLEIND,raw_l2/trade_date=2026-07-17/exchange=NSE/symbol=NESTLEIND/part-035833_447569-001879.parquet,real_data_sample\l2_unseen_validation\trade_date=2026-07-17\exchange=NSE\symbol=NESTLEIND\part-035833_447569-001879.parquet,34412,downloaded,34412,
2026-07-17,NSE,NESTLEIND,raw_l2/trade_date=2026-07-17/exchange=NSE/symbol=NESTLEIND/part-035819_419872-001847.parquet,real_data_sample\l2_unseen_validation\trade_date=2026-07-17\exchange=NSE\symbol=NESTLEIND\part-035819_419872-001847.parquet,35119,downloaded,35119,
2026-07-17,NSE,NESTLEIND,raw_l2/trade_date=2026-07-17/exchange=NSE/symbol=NESTLEIND/part-035558_696401-001527.parquet,real_data_sample\l2_unseen_validation\trade_date=2026-07-17\exchange=NSE\symbol=NESTLEIND\part-035558_696401-001527.parquet,34463,downloaded,34463,
2026-07-17,NSE,NESTLEIND,raw_l2/trade_date=2026-07-17/exchange=NSE/symbol=NESTLEIND/part-035915_455528-001975.parquet,real_data_sample\l2_unseen_validation\trade_date=2026-07-17\exchange=NSE\symbol=NESTLEIND\part-035915_455528-001975.parquet,34418,downloaded,34418,
2026-07-17,NSE,NESTLEIND,raw_l2/trade_date=2026-07-17/exchange=NSE/symbol=NESTLEIND/part-035805_141942-001815.parquet,real_data_sample\l2_unseen_validation\trade_date=2026-07-17\exchange=NSE\symbol=NESTLEIND\part-035805_141942-001815.parquet,35343,downloaded,35343,
2026-07-17,NSE,NESTLEIND,raw_l2/trade_date=2026-07-17/exchange=NSE/symbol=NESTLEIND/part-035847_394081-001911.parquet,real_data_sample\l2_unseen_validation\trade_date=2026-07-17\exchange=NSE\symbol=NESTLEIND\part-035847_394081-001911.parquet,34475,downloaded,34475,
2026-07-17,NSE,NESTLEIND,raw_l2/trade_date=2026-07-17/exchange=NSE/symbol=NESTLEIND/part-035736_527701-001751.parquet,real_data_sample\l2_unseen_validation\trade_date=2026-07-17\exchange=NSE\symbol=NESTLEIND\part-035736_527701-001751.parquet,36120,downloaded,36120,
2026-07-17,NSE,NESTLEIND,raw_l2/trade_date=2026-07-17/exchange=NSE/symbol=NESTLEIND/part-035420_907567-001303.parquet,real_data_sample\l2_unseen_validation\trade_date=2026-07-17\exchange=NSE\symbol=NESTLEIND\part-035420_907567-001303.parquet,34476,downloaded,34476,
2026-07-17,NSE,NESTLEIND,raw_l2/trade_date=2026-07-17/exchange=NSE/symbol=NESTLEIND/part-035901_445600-001943.parquet,real_data_sample\l2_unseen_validation\trade_date=2026-07-17\exchange=NSE\symbol=NESTLEIND\part-035901_445600-001943.parquet,34478,downloaded,34478,
2026-07-17,NSE,NESTLEIND,raw_l2/trade_date=2026-07-17/exchange=NSE/symbol=NESTLEIND/part-035943_419752-002039.parquet,real_data_sample\l2_unseen_validation\trade_date=2026-07-17\exchange=NSE\symbol=NESTLEIND\part-035943_419752-002039.parquet,34510,downloaded,34510,
2026-07-17,NSE,NESTLEIND,raw_l2/trade_date=2026-07-17/exchange=NSE/symbol=NESTLEIND/part-040025_602862-002135.parquet,real_data_sample\l2_unseen_validation\trade_date=2026-07-17\exchange=NSE\symbol=NESTLEIND\part-040025_602862-002135.parquet,34463,downloaded,34463,
2026-07-17,NSE,NESTLEIND,raw_l2/trade_date=2026-07-17/exchange=NSE/symbol=NESTLEIND/part-040011_503476-002103.parquet,real_data_sample\l2_unseen_validation\trade_date=2026-07-17\exchange=NSE\symbol=NESTLEIND\part-040011_503476-002103.parquet,34477,downloaded,34477,
2026-07-17,NSE,NESTLEIND,raw_l2/trade_date=2026-07-17/exchange=NSE/symbol=NESTLEIND/part-035722_461945-001719.parquet,real_data_sample\l2_unseen_validation\trade_date=2026-07-17\exchange=NSE\symbol=NESTLEIND\part-035722_461945-001719.parquet,35632,downloaded,35632,
2026-07-17,NSE,NESTLEIND,raw_l2/trade_date=2026-07-17/exchange=NSE/symbol=NESTLEIND/part-035750_759886-001783.parquet,real_data_sample\l2_unseen_validation\trade_date=2026-07-17\exchange=NSE\symbol=NESTLEIND\part-035750_759886-001783.parquet,35504,downloaded,35504,
2026-07-17,NSE,NESTLEIND,raw_l2/trade_date=2026-07-17/exchange=NSE/symbol=NESTLEIND/part-035929_312105-002007.parquet,real_data_sample\l2_unseen_validation\trade_date=2026-07-17\exchange=NSE\symbol=NESTLEIND\part-035929_312105-002007.parquet,34406,downloaded,34406,
2026-07-17,NSE,NESTLEIND,raw_l2/trade_date=2026-07-17/exchange=NSE/symbol=NESTLEIND/part-035957_408064-002071.parquet,real_data_sample\l2_unseen_validation\trade_date=2026-07-17\exchange=NSE\symbol=NESTLEIND\part-035957_408064-002071.parquet,34522,downloaded,34522,
2026-07-17,NSE,NESTLEIND,raw_l2/trade_date=2026-07-17/exchange=NSE/symbol=NESTLEIND/part-040039_435339-002167.parquet,real_data_sample\l2_unseen_validation\trade_date=2026-07-17\exchange=NSE\symbol=NESTLEIND\part-040039_435339-002167.parquet,34681,downloaded,34681,
2026-07-17,NSE,NESTLEIND,raw_l2/trade_date=2026-07-17/exchange=NSE/symbol=NESTLEIND/part-040452_013332-002743.parquet,real_data_sample\l2_unseen_validation\trade_date=2026-07-17\exchange=NSE\symbol=NESTLEIND\part-040452_013332-002743.parquet,34543,downloaded,34543,
2026-07-17,NSE,NESTLEIND,raw_l2/trade_date=2026-07-17/exchange=NSE/symbol=NESTLEIND/part-040053_118404-002199.parquet,real_data_sample\l2_unseen_validation\trade_date=2026-07-17\exchange=NSE\symbol=NESTLEIND\part-040053_118404-002199.parquet,34596,downloaded,34596,
2026-07-17,NSE,NESTLEIND,raw_l2/trade_date=2026-07-17/exchange=NSE/symbol=NESTLEIND/part-040438_097505-002711.parquet,real_data_sample\l2_unseen_validation\trade_date=2026-07-17\exchange=NSE\symbol=NESTLEIND\part-040438_097505-002711.parquet,34524,downloaded,34524,
2026-07-17,NSE,NESTLEIND,raw_l2/trade_date=2026-07-17/exchange=NSE/symbol=NESTLEIND/part-040134_752721-002295.parquet,real_data_sample\l2_unseen_validation\trade_date=2026-07-17\exchange=NSE\symbol=NESTLEIND\part-040134_752721-002295.parquet,34647,downloaded,34647,
2026-07-17,NSE,NESTLEIND,raw_l2/trade_date=2026-07-17/exchange=NSE/symbol=NESTLEIND/part-040148_528561-002327.parquet,real_data_sample\l2_unseen_validation\trade_date=2026-07-17\exchange=NSE\symbol=NESTLEIND\part-040148_528561-002327.parquet,34455,downloaded,34455,
2026-07-17,NSE,NESTLEIND,raw_l2/trade_date=2026-07-17/exchange=NSE/symbol=NESTLEIND/part-040107_083990-002231.parquet,real_data_sample\l2_unseen_validation\trade_date=2026-07-17\exchange=NSE\symbol=NESTLEIND\part-040107_083990-002231.parquet,34511,downloaded,34511,
2026-07-17,NSE,NESTLEIND,raw_l2/trade_date=2026-07-17/exchange=NSE/symbol=NESTLEIND/part-040424_166640-002679.parquet,real_data_sample\l2_unseen_validation\trade_date=2026-07-17\exchange=NSE\symbol=NESTLEIND\part-040424_166640-002679.parquet,34444,downloaded,34444,
2026-07-17,NSE,NESTLEIND,raw_l2/trade_date=2026-07-17/exchange=NSE/symbol=NESTLEIND/part-040120_929751-002263.parquet,real_data_sample\l2_unseen_validation\trade_date=2026-07-17\exchange=NSE\symbol=NESTLEIND\part-040120_929751-002263.parquet,34673,downloaded,34673,
2026-07-17,NSE,NESTLEIND,raw_l2/trade_date=2026-07-17/exchange=NSE/symbol=NESTLEIND/part-040506_289824-002775.parquet,real_data_sample\l2_unseen_validation\trade_date=2026-07-17\exchange=NSE\symbol=NESTLEIND\part-040506_289824-002775.parquet,34349,downloaded,34349,
2026-07-17,NSE,NESTLEIND,raw_l2/trade_date=2026-07-17/exchange=NSE/symbol=NESTLEIND/part-040259_333806-002487.parquet,real_data_sample\l2_unseen_validation\trade_date=2026-07-17\exchange=NSE\symbol=NESTLEIND\part-040259_333806-002487.parquet,35705,downloaded,35705,
2026-07-17,NSE,NESTLEIND,raw_l2/trade_date=2026-07-17/exchange=NSE/symbol=NESTLEIND/part-040341_980759-002583.parquet,real_data_sample\l2_unseen_validation\trade_date=2026-07-17\exchange=NSE\symbol=NESTLEIND\part-040341_980759-002583.parquet,34607,downloaded,34607,
2026-07-17,NSE,NESTLEIND,raw_l2/trade_date=2026-07-17/exchange=NSE/symbol=NESTLEIND/part-040202_590603-002359.parquet,real_data_sample\l2_unseen_validation\trade_date=2026-07-17\exchange=NSE\symbol=NESTLEIND\part-040202_590603-002359.parquet,34454,downloaded,34454,
2026-07-17,NSE,NESTLEIND,raw_l2/trade_date=2026-07-17/exchange=NSE/symbol=NESTLEIND/part-040356_164537-002615.parquet,real_data_sample\l2_unseen_validation\trade_date=2026-07-17\exchange=NSE\symbol=NESTLEIND\part-040356_164537-002615.parquet,34613,downloaded,34613,
2026-07-17,NSE,NESTLEIND,raw_l2/trade_date=2026-07-17/exchange=NSE/symbol=NESTLEIND/part-040327_807124-002551.parquet,real_data_sample\l2_unseen_validation\trade_date=2026-07-17\exchange=NSE\symbol=NESTLEIND\part-040327_807124-002551.parquet,34423,downloaded,34423,
2026-07-17,NSE,NESTLEIND,raw_l2/trade_date=2026-07-17/exchange=NSE/symbol=NESTLEIND/part-040410_200200-002647.parquet,real_data_sample\l2_unseen_validation\trade_date=2026-07-17\exchange=NSE\symbol=NESTLEIND\part-040410_200200-002647.parquet,34396,downloaded,34396,
2026-07-17,NSE,NESTLEIND,raw_l2/trade_date=2026-07-17/exchange=NSE/symbol=NESTLEIND/part-040230_422538-002423.parquet,real_data_sample\l2_unseen_validation\trade_date=2026-07-17\exchange=NSE\symbol=NESTLEIND\part-040230_422538-002423.parquet,35213,downloaded,35213,
2026-07-17,NSE,NESTLEIND,raw_l2/trade_date=2026-07-17/exchange=NSE/symbol=NESTLEIND/part-040216_436542-002391.parquet,real_data_sample\l2_unseen_validation\trade_date=2026-07-17\exchange=NSE\symbol=NESTLEIND\part-040216_436542-002391.parquet,34834,downloaded,34834,
2026-07-17,NSE,NESTLEIND,raw_l2/trade_date=2026-07-17/exchange=NSE/symbol=NESTLEIND/part-040244_842675-002455.parquet,real_data_sample\l2_unseen_validation\trade_date=2026-07-17\exchange=NSE\symbol=NESTLEIND\part-040244_842675-002455.parquet,35079,downloaded,35079,
2026-07-17,NSE,NESTLEIND,raw_l2/trade_date=2026-07-17/exchange=NSE/symbol=NESTLEIND/part-040313_648558-002519.parquet,real_data_sample\l2_unseen_validation\trade_date=2026-07-17\exchange=NSE\symbol=NESTLEIND\part-040313_648558-002519.parquet,35565,downloaded,35565,
2026-07-17,NSE,NESTLEIND,raw_l2/trade_date=2026-07-17/exchange=NSE/symbol=NESTLEIND/part-040658_278172-003031.parquet,real_data_sample\l2_unseen_validation\trade_date=2026-07-17\exchange=NSE\symbol=NESTLEIND\part-040658_278172-003031.parquet,34451,downloaded,34451,
2026-07-17,NSE,NESTLEIND,raw_l2/trade_date=2026-07-17/exchange=NSE/symbol=NESTLEIND/part-040712_308792-003063.parquet,real_data_sample\l2_unseen_validation\trade_date=2026-07-17\exchange=NSE\symbol=NESTLEIND\part-040712_308792-003063.parquet,34590,downloaded,34590,
2026-07-17,NSE,NESTLEIND,raw_l2/trade_date=2026-07-17/exchange=NSE/symbol=NESTLEIND/part-040851_560064-003287.parquet,real_data_sample\l2_unseen_validation\trade_date=2026-07-17\exchange=NSE\symbol=NESTLEIND\part-040851_560064-003287.parquet,34466,downloaded,34466,
2026-07-17,NSE,NESTLEIND,raw_l2/trade_date=2026-07-17/exchange=NSE/symbol=NESTLEIND/part-040837_144776-003255.parquet,real_data_sample\l2_unseen_validation\trade_date=2026-07-17\exchange=NSE\symbol=NESTLEIND\part-040837_144776-003255.parquet,34693,downloaded,34693,
2026-07-17,NSE,NESTLEIND,raw_l2/trade_date=2026-07-17/exchange=NSE/symbol=NESTLEIND/part-040919_758602-003351.parquet,real_data_sample\l2_unseen_validation\trade_date=2026-07-17\exchange=NSE\symbol=NESTLEIND\part-040919_758602-003351.parquet,34600,downloaded,34600,
2026-07-17,NSE,NESTLEIND,raw_l2/trade_date=2026-07-17/exchange=NSE/symbol=NESTLEIND/part-040934_222356-003383.parquet,real_data_sample\l2_unseen_validation\trade_date=2026-07-17\exchange=NSE\symbol=NESTLEIND\part-040934_222356-003383.parquet,34668,downloaded,34668,
2026-07-17,NSE,NESTLEIND,raw_l2/trade_date=2026-07-17/exchange=NSE/symbol=NESTLEIND/part-040726_338734-003095.parquet,real_data_sample\l2_unseen_validation\trade_date=2026-07-17\exchange=NSE\symbol=NESTLEIND\part-040726_338734-003095.parquet,34685,downloaded,34685,
2026-07-17,NSE,NESTLEIND,raw_l2/trade_date=2026-07-17/exchange=NSE/symbol=NESTLEIND/part-040808_588947-003191.parquet,real_data_sample\l2_unseen_validation\trade_date=2026-07-17\exchange=NSE\symbol=NESTLEIND\part-040808_588947-003191.parquet,34479,downloaded,34479,
2026-07-17,NSE,NESTLEIND,raw_l2/trade_date=2026-07-17/exchange=NSE/symbol=NESTLEIND/part-040740_545293-003127.parquet,real_data_sample\l2_unseen_validation\trade_date=2026-07-17\exchange=NSE\symbol=NESTLEIND\part-040740_545293-003127.parquet,34636,downloaded,34636,
2026-07-17,NSE,NESTLEIND,raw_l2/trade_date=2026-07-17/exchange=NSE/symbol=NESTLEIND/part-040948_445061-003415.parquet,real_data_sample\l2_unseen_validation\trade_date=2026-07-17\exchange=NSE\symbol=NESTLEIND\part-040948_445061-003415.parquet,34749,downloaded,34749,
2026-07-17,NSE,NESTLEIND,raw_l2/trade_date=2026-07-17/exchange=NSE/symbol=NESTLEIND/part-041002_711416-003447.parquet,real_data_sample\l2_unseen_validation\trade_date=2026-07-17\exchange=NSE\symbol=NESTLEIND\part-041002_711416-003447.parquet,34457,downloaded,34457,
2026-07-17,NSE,NESTLEIND,raw_l2/trade_date=2026-07-17/exchange=NSE/symbol=NESTLEIND/part-041016_517853-003479.parquet,real_data_sample\l2_unseen_validation\trade_date=2026-07-17\exchange=NSE\symbol=NESTLEIND\part-041016_517853-003479.parquet,34460,downloaded,34460,
2026-07-17,NSE,NESTLEIND,raw_l2/trade_date=2026-07-17/exchange=NSE/symbol=NESTLEIND/part-041113_493135-003607.parquet,real_data_sample\l2_unseen_validation\trade_date=2026-07-17\exchange=NSE\symbol=NESTLEIND\part-041113_493135-003607.parquet,34762,downloaded,34762,
2026-07-17,NSE,NESTLEIND,raw_l2/trade_date=2026-07-17/exchange=NSE/symbol=NESTLEIND/part-041044_979715-003543.parquet,real_data_sample\l2_unseen_validation\trade_date=2026-07-17\exchange=NSE\symbol=NESTLEIND\part-041044_979715-003543.parquet,34467,downloaded,34467,
2026-07-17,NSE,NESTLEIND,raw_l2/trade_date=2026-07-17/exchange=NSE/symbol=NESTLEIND/part-041030_842043-003511.parquet,real_data_sample\l2_unseen_validation\trade_date=2026-07-17\exchange=NSE\symbol=NESTLEIND\part-041030_842043-003511.parquet,34447,downloaded,34447,
2026-07-17,NSE,NESTLEIND,raw_l2/trade_date=2026-07-17/exchange=NSE/symbol=NESTLEIND/part-041127_225081-003639.parquet,real_data_sample\l2_unseen_validation\trade_date=2026-07-17\exchange=NSE\symbol=NESTLEIND\part-041127_225081-003639.parquet,34620,downloaded,34620,
2026-07-17,NSE,NESTLEIND,raw_l2/trade_date=2026-07-17/exchange=NSE/symbol=NESTLEIND/part-041059_354630-003575.parquet,real_data_sample\l2_unseen_validation\trade_date=2026-07-17\exchange=NSE\symbol=NESTLEIND\part-041059_354630-003575.parquet,34502,downloaded,34502,
2026-07-17,NSE,NESTLEIND,raw_l2/trade_date=2026-07-17/exchange=NSE/symbol=NESTLEIND/part-041141_275304-003671.parquet,real_data_sample\l2_unseen_validation\trade_date=2026-07-17\exchange=NSE\symbol=NESTLEIND\part-041141_275304-003671.parquet,34600,downloaded,34600,
2026-07-17,NSE,NESTLEIND,raw_l2/trade_date=2026-07-17/exchange=NSE/symbol=NESTLEIND/part-041209_190022-003735.parquet,real_data_sample\l2_unseen_validation\trade_date=2026-07-17\exchange=NSE\symbol=NESTLEIND\part-041209_190022-003735.parquet,34682,downloaded,34682,
2026-07-17,NSE,NESTLEIND,raw_l2/trade_date=2026-07-17/exchange=NSE/symbol=NESTLEIND/part-041223_073862-003767.parquet,real_data_sample\l2_unseen_validation\trade_date=2026-07-17\exchange=NSE\symbol=NESTLEIND\part-041223_073862-003767.parquet,34639,downloaded,34639,
2026-07-17,NSE,NESTLEIND,raw_l2/trade_date=2026-07-17/exchange=NSE/symbol=NESTLEIND/part-041155_048094-003703.parquet,real_data_sample\l2_unseen_validation\trade_date=2026-07-17\exchange=NSE\symbol=NESTLEIND\part-041155_048094-003703.parquet,34732,downloaded,34732,
2026-07-17,NSE,NESTLEIND,raw_l2/trade_date=2026-07-17/exchange=NSE/symbol=NESTLEIND/part-041318_489680-003895.parquet,real_data_sample\l2_unseen_validation\trade_date=2026-07-17\exchange=NSE\symbol=NESTLEIND\part-041318_489680-003895.parquet,34647,downloaded,34647,
2026-07-17,NSE,NESTLEIND,raw_l2/trade_date=2026-07-17/exchange=NSE/symbol=NESTLEIND/part-041236_954650-003799.parquet,real_data_sample\l2_unseen_validation\trade_date=2026-07-17\exchange=NSE\symbol=NESTLEIND\part-041236_954650-003799.parquet,34593,downloaded,34593,
2026-07-17,NSE,NESTLEIND,raw_l2/trade_date=2026-07-17/exchange=NSE/symbol=NESTLEIND/part-041304_552450-003863.parquet,real_data_sample\l2_unseen_validation\trade_date=2026-07-17\exchange=NSE\symbol=NESTLEIND\part-041304_552450-003863.parquet,34474,downloaded,34474,
2026-07-17,NSE,NESTLEIND,raw_l2/trade_date=2026-07-17/exchange=NSE/symbol=NESTLEIND/part-041346_661987-003959.parquet,real_data_sample\l2_unseen_validation\trade_date=2026-07-17\exchange=NSE\symbol=NESTLEIND\part-041346_661987-003959.parquet,34500,downloaded,34500,
2026-07-17,NSE,NESTLEIND,raw_l2/trade_date=2026-07-17/exchange=NSE/symbol=NESTLEIND/part-041250_792625-003831.parquet,real_data_sample\l2_unseen_validation\trade_date=2026-07-17\exchange=NSE\symbol=NESTLEIND\part-041250_792625-003831.parquet,34544,downloaded,34544,
2026-07-17,NSE,NESTLEIND,raw_l2/trade_date=2026-07-17/exchange=NSE/symbol=NESTLEIND/part-041332_614285-003927.parquet,real_data_sample\l2_unseen_validation\trade_date=2026-07-17\exchange=NSE\symbol=NESTLEIND\part-041332_614285-003927.parquet,34656,downloaded,34656,
2026-07-17,NSE,NESTLEIND,raw_l2/trade_date=2026-07-17/exchange=NSE/symbol=NESTLEIND/part-035339_449509-001207.parquet,real_data_sample\l2_unseen_validation\trade_date=2026-07-17\exchange=NSE\symbol=NESTLEIND\part-035339_449509-001207.parquet,34620,downloaded,34620,
2026-07-17,NSE,NESTLEIND,raw_l2/trade_date=2026-07-17/exchange=NSE/symbol=NESTLEIND/part-041400_807548-003991.parquet,real_data_sample\l2_unseen_validation\trade_date=2026-07-17\exchange=NSE\symbol=NESTLEIND\part-041400_807548-003991.parquet,34719,downloaded,34719,
2026-07-17,NSE,NESTLEIND,raw_l2/trade_date=2026-07-17/exchange=NSE/symbol=NESTLEIND/part-035407_226762-001271.parquet,real_data_sample\l2_unseen_validation\trade_date=2026-07-17\exchange=NSE\symbol=NESTLEIND\part-035407_226762-001271.parquet,34464,downloaded,34464,
2026-07-17,NSE,NESTLEIND,raw_l2/trade_date=2026-07-17/exchange=NSE/symbol=NESTLEIND/part-041442_860284-004087.parquet,real_data_sample\l2_unseen_validation\trade_date=2026-07-17\exchange=NSE\symbol=NESTLEIND\part-041442_860284-004087.parquet,34375,downloaded,34375,
2026-07-17,NSE,NESTLEIND,raw_l2/trade_date=2026-07-17/exchange=NSE/symbol=NESTLEIND/part-035325_519694-001175.parquet,real_data_sample\l2_unseen_validation\trade_date=2026-07-17\exchange=NSE\symbol=NESTLEIND\part-035325_519694-001175.parquet,34437,downloaded,34437,
2026-07-17,NSE,NESTLEIND,raw_l2/trade_date=2026-07-17/exchange=NSE/symbol=NESTLEIND/part-041414_828569-004023.parquet,real_data_sample\l2_unseen_validation\trade_date=2026-07-17\exchange=NSE\symbol=NESTLEIND\part-041414_828569-004023.parquet,34386,downloaded,34386,
2026-07-17,NSE,NESTLEIND,raw_l2/trade_date=2026-07-17/exchange=NSE/symbol=NESTLEIND/part-041456_775984-004119.parquet,real_data_sample\l2_unseen_validation\trade_date=2026-07-17\exchange=NSE\symbol=NESTLEIND\part-041456_775984-004119.parquet,34443,downloaded,34443,
2026-07-17,NSE,NESTLEIND,raw_l2/trade_date=2026-07-17/exchange=NSE/symbol=NESTLEIND/part-041524_587410-004183.parquet,real_data_sample\l2_unseen_validation\trade_date=2026-07-17\exchange=NSE\symbol=NESTLEIND\part-041524_587410-004183.parquet,34513,downloaded,34513,
2026-07-17,NSE,NESTLEIND,raw_l2/trade_date=2026-07-17/exchange=NSE/symbol=NESTLEIND/part-041428_803378-004055.parquet,real_data_sample\l2_unseen_validation\trade_date=2026-07-17\exchange=NSE\symbol=NESTLEIND\part-041428_803378-004055.parquet,34413,downloaded,34413,
2026-07-17,NSE,NESTLEIND,raw_l2/trade_date=2026-07-17/exchange=NSE/symbol=NESTLEIND/part-041510_765764-004151.parquet,real_data_sample\l2_unseen_validation\trade_date=2026-07-17\exchange=NSE\symbol=NESTLEIND\part-041510_765764-004151.parquet,34652,downloaded,34652,
2026-07-17,NSE,NESTLEIND,raw_l2/trade_date=2026-07-17/exchange=NSE/symbol=NESTLEIND/part-041538_573999-004215.parquet,real_data_sample\l2_unseen_validation\trade_date=2026-07-17\exchange=NSE\symbol=NESTLEIND\part-041538_573999-004215.parquet,34483,downloaded,34483,
2026-07-17,NSE,NESTLEIND,raw_l2/trade_date=2026-07-17/exchange=NSE/symbol=NESTLEIND/part-041553_698162-004247.parquet,real_data_sample\l2_unseen_validation\trade_date=2026-07-17\exchange=NSE\symbol=NESTLEIND\part-041553_698162-004247.parquet,34315,downloaded,34315,
2026-07-17,NSE,NESTLEIND,raw_l2/trade_date=2026-07-17/exchange=NSE/symbol=NESTLEIND/part-041607_498280-004279.parquet,real_data_sample\l2_unseen_validation\trade_date=2026-07-17\exchange=NSE\symbol=NESTLEIND\part-041607_498280-004279.parquet,34230,downloaded,34230,
2026-07-17,NSE,NESTLEIND,raw_l2/trade_date=2026-07-17/exchange=NSE/symbol=NESTLEIND/part-041621_280450-004311.parquet,real_data_sample\l2_unseen_validation\trade_date=2026-07-17\exchange=NSE\symbol=NESTLEIND\part-041621_280450-004311.parquet,34650,downloaded,34650,
2026-07-17,NSE,NESTLEIND,raw_l2/trade_date=2026-07-17/exchange=NSE/symbol=NESTLEIND/part-035448_663514-001367.parquet,real_data_sample\l2_unseen_validation\trade_date=2026-07-17\exchange=NSE\symbol=NESTLEIND\part-035448_663514-001367.parquet,34404,downloaded,34404,
2026-07-17,NSE,NESTLEIND,raw_l2/trade_date=2026-07-17/exchange=NSE/symbol=NESTLEIND/part-041634_930127-004343.parquet,real_data_sample\l2_unseen_validation\trade_date=2026-07-17\exchange=NSE\symbol=NESTLEIND\part-041634_930127-004343.parquet,34447,downloaded,34447,
2026-07-17,NSE,NESTLEIND,raw_l2/trade_date=2026-07-17/exchange=NSE/symbol=NESTLEIND/part-035708_385879-001687.parquet,real_data_sample\l2_unseen_validation\trade_date=2026-07-17\exchange=NSE\symbol=NESTLEIND\part-035708_385879-001687.parquet,34507,downloaded,34507,
2026-07-17,NSE,NESTLEIND,raw_l2/trade_date=2026-07-17/exchange=NSE/symbol=NESTLEIND/part-041648_793366-004375.parquet,real_data_sample\l2_unseen_validation\trade_date=2026-07-17\exchange=NSE\symbol=NESTLEIND\part-041648_793366-004375.parquet,34532,downloaded,34532,
2026-07-17,NSE,NESTLEIND,raw_l2/trade_date=2026-07-17/exchange=NSE/symbol=NESTLEIND/part-041702_676352-004407.parquet,real_data_sample\l2_unseen_validation\trade_date=2026-07-17\exchange=NSE\symbol=NESTLEIND\part-041702_676352-004407.parquet,34717,downloaded,34717,
2026-07-17,NSE,NESTLEIND,raw_l2/trade_date=2026-07-17/exchange=NSE/symbol=NESTLEIND/part-035640_613175-001623.parquet,real_data_sample\l2_unseen_validation\trade_date=2026-07-17\exchange=NSE\symbol=NESTLEIND\part-035640_613175-001623.parquet,34511,downloaded,34511,
2026-07-17,NSE,NESTLEIND,raw_l2/trade_date=2026-07-17/exchange=NSE/symbol=NESTLEIND/part-035353_318931-001239.parquet,real_data_sample\l2_unseen_validation\trade_date=2026-07-17\exchange=NSE\symbol=NESTLEIND\part-035353_318931-001239.parquet,34672,downloaded,34672,
2026-07-17,NSE,NESTLEIND,raw_l2/trade_date=2026-07-17/exchange=NSE/symbol=NESTLEIND/part-035502_789739-001399.parquet,real_data_sample\l2_unseen_validation\trade_date=2026-07-17\exchange=NSE\symbol=NESTLEIND\part-035502_789739-001399.parquet,34457,downloaded,34457,
2026-07-17,NSE,NESTLEIND,raw_l2/trade_date=2026-07-17/exchange=NSE/symbol=NESTLEIND/part-041716_415728-004439.parquet,real_data_sample\l2_unseen_validation\trade_date=2026-07-17\exchange=NSE\symbol=NESTLEIND\part-041716_415728-004439.parquet,34483,downloaded,34483,
2026-07-17,NSE,NESTLEIND,raw_l2/trade_date=2026-07-17/exchange=NSE/symbol=NESTLEIND/part-041758_527940-004535.parquet,real_data_sample\l2_unseen_validation\trade_date=2026-07-17\exchange=NSE\symbol=NESTLEIND\part-041758_527940-004535.parquet,34549,downloaded,34549,
2026-07-17,NSE,NESTLEIND,raw_l2/trade_date=2026-07-17/exchange=NSE/symbol=NESTLEIND/part-035626_732281-001591.parquet,real_data_sample\l2_unseen_validation\trade_date=2026-07-17\exchange=NSE\symbol=NESTLEIND\part-035626_732281-001591.parquet,34427,downloaded,34427,
2026-07-17,NSE,NESTLEIND,raw_l2/trade_date=2026-07-17/exchange=NSE/symbol=NESTLEIND/part-041730_895722-004471.parquet,real_data_sample\l2_unseen_validation\trade_date=2026-07-17\exchange=NSE\symbol=NESTLEIND\part-041730_895722-004471.parquet,34651,downloaded,34651,
2026-07-17,NSE,NESTLEIND,raw_l2/trade_date=2026-07-17/exchange=NSE/symbol=NESTLEIND/part-041744_779658-004503.parquet,real_data_sample\l2_unseen_validation\trade_date=2026-07-17\exchange=NSE\symbol=NESTLEIND\part-041744_779658-004503.parquet,34740,downloaded,34740,
2026-07-17,NSE,NESTLEIND,raw_l2/trade_date=2026-07-17/exchange=NSE/symbol=NESTLEIND/part-041812_179731-004567.parquet,real_data_sample\l2_unseen_validation\trade_date=2026-07-17\exchange=NSE\symbol=NESTLEIND\part-041812_179731-004567.parquet,34717,downloaded,34717,
2026-07-17,NSE,NESTLEIND,raw_l2/trade_date=2026-07-17/exchange=NSE/symbol=NESTLEIND/part-041825_960647-004599.parquet,real_data_sample\l2_unseen_validation\trade_date=2026-07-17\exchange=NSE\symbol=NESTLEIND\part-041825_960647-004599.parquet,34672,downloaded,34672,
2026-07-17,NSE,NESTLEIND,raw_l2/trade_date=2026-07-17/exchange=NSE/symbol=NESTLEIND/part-041854_131474-004663.parquet,real_data_sample\l2_unseen_validation\trade_date=2026-07-17\exchange=NSE\symbol=NESTLEIND\part-041854_131474-004663.parquet,34371,downloaded,34371,
2026-07-17,NSE,NESTLEIND,raw_l2/trade_date=2026-07-17/exchange=NSE/symbol=NESTLEIND/part-041839_825356-004631.parquet,real_data_sample\l2_unseen_validation\trade_date=2026-07-17\exchange=NSE\symbol=NESTLEIND\part-041839_825356-004631.parquet,34446,downloaded,34446,
2026-07-17,NSE,NESTLEIND,raw_l2/trade_date=2026-07-17/exchange=NSE/symbol=NESTLEIND/part-041908_348936-004695.parquet,real_data_sample\l2_unseen_validation\trade_date=2026-07-17\exchange=NSE\symbol=NESTLEIND\part-041908_348936-004695.parquet,34708,downloaded,34708,
2026-07-17,NSE,NESTLEIND,raw_l2/trade_date=2026-07-17/exchange=NSE/symbol=NESTLEIND/part-041922_754863-004727.parquet,real_data_sample\l2_unseen_validation\trade_date=2026-07-17\exchange=NSE\symbol=NESTLEIND\part-041922_754863-004727.parquet,34616,downloaded,34616,
2026-07-17,NSE,NESTLEIND,raw_l2/trade_date=2026-07-17/exchange=NSE/symbol=NESTLEIND/part-041936_806836-004759.parquet,real_data_sample\l2_unseen_validation\trade_date=2026-07-17\exchange=NSE\symbol=NESTLEIND\part-041936_806836-004759.parquet,34606,downloaded,34606,
2026-07-17,NSE,NESTLEIND,raw_l2/trade_date=2026-07-17/exchange=NSE/symbol=NESTLEIND/part-042004_765144-004823.parquet,real_data_sample\l2_unseen_validation\trade_date=2026-07-17\exchange=NSE\symbol=NESTLEIND\part-042004_765144-004823.parquet,34425,downloaded,34425,
2026-07-17,NSE,NESTLEIND,raw_l2/trade_date=2026-07-17/exchange=NSE/symbol=NESTLEIND/part-041950_852932-004791.parquet,real_data_sample\l2_unseen_validation\trade_date=2026-07-17\exchange=NSE\symbol=NESTLEIND\part-041950_852932-004791.parquet,34494,downloaded,34494,
2026-07-17,NSE,NESTLEIND,raw_l2/trade_date=2026-07-17/exchange=NSE/symbol=NESTLEIND/part-042100_227270-004951.parquet,real_data_sample\l2_unseen_validation\trade_date=2026-07-17\exchange=NSE\symbol=NESTLEIND\part-042100_227270-004951.parquet,34422,downloaded,34422,
2026-07-17,NSE,NESTLEIND,raw_l2/trade_date=2026-07-17/exchange=NSE/symbol=NESTLEIND/part-042046_456010-004919.parquet,real_data_sample\l2_unseen_validation\trade_date=2026-07-17\exchange=NSE\symbol=NESTLEIND\part-042046_456010-004919.parquet,34637,downloaded,34637,
2026-07-17,NSE,NESTLEIND,raw_l2/trade_date=2026-07-17/exchange=NSE/symbol=NESTLEIND/part-042018_768860-004855.parquet,real_data_sample\l2_unseen_validation\trade_date=2026-07-17\exchange=NSE\symbol=NESTLEIND\part-042018_768860-004855.parquet,34384,downloaded,34384,
2026-07-17,NSE,NESTLEIND,raw_l2/trade_date=2026-07-17/exchange=NSE/symbol=NESTLEIND/part-042032_501021-004887.parquet,real_data_sample\l2_unseen_validation\trade_date=2026-07-17\exchange=NSE\symbol=NESTLEIND\part-042032_501021-004887.parquet,34707,downloaded,34707,
2026-07-17,NSE,NESTLEIND,raw_l2/trade_date=2026-07-17/exchange=NSE/symbol=NESTLEIND/part-042114_027976-004983.parquet,real_data_sample\l2_unseen_validation\trade_date=2026-07-17\exchange=NSE\symbol=NESTLEIND\part-042114_027976-004983.parquet,34489,downloaded,34489,
2026-07-17,NSE,NESTLEIND,raw_l2/trade_date=2026-07-17/exchange=NSE/symbol=NESTLEIND/part-042127_954886-005015.parquet,real_data_sample\l2_unseen_validation\trade_date=2026-07-17\exchange=NSE\symbol=NESTLEIND\part-042127_954886-005015.parquet,34498,downloaded,34498,
2026-07-17,NSE,NESTLEIND,raw_l2/trade_date=2026-07-17/exchange=NSE/symbol=NESTLEIND/part-042210_117681-005111.parquet,real_data_sample\l2_unseen_validation\trade_date=2026-07-17\exchange=NSE\symbol=NESTLEIND\part-042210_117681-005111.parquet,34356,downloaded,34356,
2026-07-17,NSE,NESTLEIND,raw_l2/trade_date=2026-07-17/exchange=NSE/symbol=NESTLEIND/part-042156_053416-005079.parquet,real_data_sample\l2_unseen_validation\trade_date=2026-07-17\exchange=NSE\symbol=NESTLEIND\part-042156_053416-005079.parquet,34555,downloaded,34555,
2026-07-17,NSE,NESTLEIND,raw_l2/trade_date=2026-07-17/exchange=NSE/symbol=NESTLEIND/part-042142_063601-005047.parquet,real_data_sample\l2_unseen_validation\trade_date=2026-07-17\exchange=NSE\symbol=NESTLEIND\part-042142_063601-005047.parquet,34391,downloaded,34391,
2026-07-17,NSE,NESTLEIND,raw_l2/trade_date=2026-07-17/exchange=NSE/symbol=NESTLEIND/part-042224_094294-005143.parquet,real_data_sample\l2_unseen_validation\trade_date=2026-07-17\exchange=NSE\symbol=NESTLEIND\part-042224_094294-005143.parquet,34448,downloaded,34448,
2026-07-17,NSE,NESTLEIND,raw_l2/trade_date=2026-07-17/exchange=NSE/symbol=NESTLEIND/part-042319_877608-005271.parquet,real_data_sample\l2_unseen_validation\trade_date=2026-07-17\exchange=NSE\symbol=NESTLEIND\part-042319_877608-005271.parquet,34515,downloaded,34515,
2026-07-17,NSE,NESTLEIND,raw_l2/trade_date=2026-07-17/exchange=NSE/symbol=NESTLEIND/part-042251_781984-005207.parquet,real_data_sample\l2_unseen_validation\trade_date=2026-07-17\exchange=NSE\symbol=NESTLEIND\part-042251_781984-005207.parquet,34291,downloaded,34291,
2026-07-17,NSE,NESTLEIND,raw_l2/trade_date=2026-07-17/exchange=NSE/symbol=NESTLEIND/part-042305_742941-005239.parquet,real_data_sample\l2_unseen_validation\trade_date=2026-07-17\exchange=NSE\symbol=NESTLEIND\part-042305_742941-005239.parquet,34407,downloaded,34407,
2026-07-17,NSE,NESTLEIND,raw_l2/trade_date=2026-07-17/exchange=NSE/symbol=NESTLEIND/part-042237_951337-005175.parquet,real_data_sample\l2_unseen_validation\trade_date=2026-07-17\exchange=NSE\symbol=NESTLEIND\part-042237_951337-005175.parquet,34603,downloaded,34603,
2026-07-17,NSE,NESTLEIND,raw_l2/trade_date=2026-07-17/exchange=NSE/symbol=NESTLEIND/part-042333_795704-005303.parquet,real_data_sample\l2_unseen_validation\trade_date=2026-07-17\exchange=NSE\symbol=NESTLEIND\part-042333_795704-005303.parquet,34687,downloaded,34687,
2026-07-17,NSE,NESTLEIND,raw_l2/trade_date=2026-07-17/exchange=NSE/symbol=NESTLEIND/part-042347_855657-005335.parquet,real_data_sample\l2_unseen_validation\trade_date=2026-07-17\exchange=NSE\symbol=NESTLEIND\part-042347_855657-005335.parquet,34597,downloaded,34597,
2026-07-17,NSE,NESTLEIND,raw_l2/trade_date=2026-07-17/exchange=NSE/symbol=NESTLEIND/part-042401_752972-005367.parquet,real_data_sample\l2_unseen_validation\trade_date=2026-07-17\exchange=NSE\symbol=NESTLEIND\part-042401_752972-005367.parquet,34558,downloaded,34558,
2026-07-17,NSE,NESTLEIND,raw_l2/trade_date=2026-07-17/exchange=NSE/symbol=NESTLEIND/part-035544_824738-001495.parquet,real_data_sample\l2_unseen_validation\trade_date=2026-07-17\exchange=NSE\symbol=NESTLEIND\part-035544_824738-001495.parquet,34462,downloaded,34462,
2026-07-17,NSE,NESTLEIND,raw_l2/trade_date=2026-07-17/exchange=NSE/symbol=NESTLEIND/part-042457_218739-005495.parquet,real_data_sample\l2_unseen_validation\trade_date=2026-07-17\exchange=NSE\symbol=NESTLEIND\part-042457_218739-005495.parquet,34460,downloaded,34460,
2026-07-17,NSE,NESTLEIND,raw_l2/trade_date=2026-07-17/exchange=NSE/symbol=NESTLEIND/part-042443_570622-005463.parquet,real_data_sample\l2_unseen_validation\trade_date=2026-07-17\exchange=NSE\symbol=NESTLEIND\part-042443_570622-005463.parquet,34448,downloaded,34448,
2026-07-17,NSE,NESTLEIND,raw_l2/trade_date=2026-07-17/exchange=NSE/symbol=NESTLEIND/part-042429_599153-005431.parquet,real_data_sample\l2_unseen_validation\trade_date=2026-07-17\exchange=NSE\symbol=NESTLEIND\part-042429_599153-005431.parquet,34447,downloaded,34447,
2026-07-17,NSE,NESTLEIND,raw_l2/trade_date=2026-07-17/exchange=NSE/symbol=NESTLEIND/part-042415_493517-005399.parquet,real_data_sample\l2_unseen_validation\trade_date=2026-07-17\exchange=NSE\symbol=NESTLEIND\part-042415_493517-005399.parquet,34404,downloaded,34404,
2026-07-17,NSE,NESTLEIND,raw_l2/trade_date=2026-07-17/exchange=NSE/symbol=NESTLEIND/part-035530_845133-001463.parquet,real_data_sample\l2_unseen_validation\trade_date=2026-07-17\exchange=NSE\symbol=NESTLEIND\part-035530_845133-001463.parquet,34485,downloaded,34485,
2026-07-17,NSE,NESTLEIND,raw_l2/trade_date=2026-07-17/exchange=NSE/symbol=NESTLEIND/part-035654_560472-001655.parquet,real_data_sample\l2_unseen_validation\trade_date=2026-07-17\exchange=NSE\symbol=NESTLEIND\part-035654_560472-001655.parquet,34533,downloaded,34533,
2026-07-17,NSE,NESTLEIND,raw_l2/trade_date=2026-07-17/exchange=NSE/symbol=NESTLEIND/part-042607_226438-005655.parquet,real_data_sample\l2_unseen_validation\trade_date=2026-07-17\exchange=NSE\symbol=NESTLEIND\part-042607_226438-005655.parquet,34798,downloaded,34798,
2026-07-17,NSE,NESTLEIND,raw_l2/trade_date=2026-07-17/exchange=NSE/symbol=NESTLEIND/part-035612_570824-001559.parquet,real_data_sample\l2_unseen_validation\trade_date=2026-07-17\exchange=NSE\symbol=NESTLEIND\part-035612_570824-001559.parquet,34486,downloaded,34486,
2026-07-17,NSE,NESTLEIND,raw_l2/trade_date=2026-07-17/exchange=NSE/symbol=NESTLEIND/part-042553_049124-005623.parquet,real_data_sample\l2_unseen_validation\trade_date=2026-07-17\exchange=NSE\symbol=NESTLEIND\part-042553_049124-005623.parquet,34427,downloaded,34427,
2026-07-17,NSE,NESTLEIND,raw_l2/trade_date=2026-07-17/exchange=NSE/symbol=NESTLEIND/part-042539_173869-005591.parquet,real_data_sample\l2_unseen_validation\trade_date=2026-07-17\exchange=NSE\symbol=NESTLEIND\part-042539_173869-005591.parquet,34676,downloaded,34676,
2026-07-17,NSE,NESTLEIND,raw_l2/trade_date=2026-07-17/exchange=NSE/symbol=NESTLEIND/part-042621_233505-005687.parquet,real_data_sample\l2_unseen_validation\trade_date=2026-07-17\exchange=NSE\symbol=NESTLEIND\part-042621_233505-005687.parquet,34670,downloaded,34670,
2026-07-17,NSE,NESTLEIND,raw_l2/trade_date=2026-07-17/exchange=NSE/symbol=NESTLEIND/part-040548_512563-002871.parquet,real_data_sample\l2_unseen_validation\trade_date=2026-07-17\exchange=NSE\symbol=NESTLEIND\part-040548_512563-002871.parquet,34525,downloaded,34525,
2026-07-17,NSE,NESTLEIND,raw_l2/trade_date=2026-07-17/exchange=NSE/symbol=NESTLEIND/part-042524_990687-005559.parquet,real_data_sample\l2_unseen_validation\trade_date=2026-07-17\exchange=NSE\symbol=NESTLEIND\part-042524_990687-005559.parquet,34581,downloaded,34581,
2026-07-17,NSE,NESTLEIND,raw_l2/trade_date=2026-07-17/exchange=NSE/symbol=NESTLEIND/part-042511_033492-005527.parquet,real_data_sample\l2_unseen_validation\trade_date=2026-07-17\exchange=NSE\symbol=NESTLEIND\part-042511_033492-005527.parquet,34495,downloaded,34495,
2026-07-17,NSE,NESTLEIND,raw_l2/trade_date=2026-07-17/exchange=NSE/symbol=NESTLEIND/part-042649_367375-005751.parquet,real_data_sample\l2_unseen_validation\trade_date=2026-07-17\exchange=NSE\symbol=NESTLEIND\part-042649_367375-005751.parquet,34692,downloaded,34692,
2026-07-17,NSE,NESTLEIND,raw_l2/trade_date=2026-07-17/exchange=NSE/symbol=NESTLEIND/part-040534_583057-002839.parquet,real_data_sample\l2_unseen_validation\trade_date=2026-07-17\exchange=NSE\symbol=NESTLEIND\part-040534_583057-002839.parquet,34502,downloaded,34502,
2026-07-17,NSE,NESTLEIND,raw_l2/trade_date=2026-07-17/exchange=NSE/symbol=NESTLEIND/part-042635_373690-005719.parquet,real_data_sample\l2_unseen_validation\trade_date=2026-07-17\exchange=NSE\symbol=NESTLEIND\part-042635_373690-005719.parquet,34482,downloaded,34482,
2026-07-17,NSE,NESTLEIND,raw_l2/trade_date=2026-07-17/exchange=NSE/symbol=NESTLEIND/part-040520_547572-002807.parquet,real_data_sample\l2_unseen_validation\trade_date=2026-07-17\exchange=NSE\symbol=NESTLEIND\part-040520_547572-002807.parquet,34429,downloaded,34429,
2026-07-17,NSE,NESTLEIND,raw_l2/trade_date=2026-07-17/exchange=NSE/symbol=NESTLEIND/part-042703_376964-005783.parquet,real_data_sample\l2_unseen_validation\trade_date=2026-07-17\exchange=NSE\symbol=NESTLEIND\part-042703_376964-005783.parquet,34280,downloaded,34280,
2026-07-17,NSE,NESTLEIND,raw_l2/trade_date=2026-07-17/exchange=NSE/symbol=NESTLEIND/part-042745_192613-005879.parquet,real_data_sample\l2_unseen_validation\trade_date=2026-07-17\exchange=NSE\symbol=NESTLEIND\part-042745_192613-005879.parquet,34407,downloaded,34407,
2026-07-17,NSE,NESTLEIND,raw_l2/trade_date=2026-07-17/exchange=NSE/symbol=NESTLEIND/part-042758_955557-005911.parquet,real_data_sample\l2_unseen_validation\trade_date=2026-07-17\exchange=NSE\symbol=NESTLEIND\part-042758_955557-005911.parquet,34422,downloaded,34422,
2026-07-17,NSE,NESTLEIND,raw_l2/trade_date=2026-07-17/exchange=NSE/symbol=NESTLEIND/part-042731_410447-005847.parquet,real_data_sample\l2_unseen_validation\trade_date=2026-07-17\exchange=NSE\symbol=NESTLEIND\part-042731_410447-005847.parquet,34502,downloaded,34502,
2026-07-17,NSE,NESTLEIND,raw_l2/trade_date=2026-07-17/exchange=NSE/symbol=NESTLEIND/part-040905_596145-003319.parquet,real_data_sample\l2_unseen_validation\trade_date=2026-07-17\exchange=NSE\symbol=NESTLEIND\part-040905_596145-003319.parquet,34581,downloaded,34581,
2026-07-17,NSE,NESTLEIND,raw_l2/trade_date=2026-07-17/exchange=NSE/symbol=NESTLEIND/part-042717_346325-005815.parquet,real_data_sample\l2_unseen_validation\trade_date=2026-07-17\exchange=NSE\symbol=NESTLEIND\part-042717_346325-005815.parquet,34422,downloaded,34422,
2026-07-17,NSE,NESTLEIND,raw_l2/trade_date=2026-07-17/exchange=NSE/symbol=NESTLEIND/part-042812_808785-005943.parquet,real_data_sample\l2_unseen_validation\trade_date=2026-07-17\exchange=NSE\symbol=NESTLEIND\part-042812_808785-005943.parquet,34604,downloaded,34604,
2026-07-17,NSE,NESTLEIND,raw_l2/trade_date=2026-07-17/exchange=NSE/symbol=NESTLEIND/part-040823_148087-003223.parquet,real_data_sample\l2_unseen_validation\trade_date=2026-07-17\exchange=NSE\symbol=NESTLEIND\part-040823_148087-003223.parquet,34480,downloaded,34480,
2026-07-17,NSE,NESTLEIND,raw_l2/trade_date=2026-07-17/exchange=NSE/symbol=NESTLEIND/part-042854_697434-006039.parquet,real_data_sample\l2_unseen_validation\trade_date=2026-07-17\exchange=NSE\symbol=NESTLEIND\part-042854_697434-006039.parquet,34413,downloaded,34413,
2026-07-17,NSE,NESTLEIND,raw_l2/trade_date=2026-07-17/exchange=NSE/symbol=NESTLEIND/part-042840_828829-006007.parquet,real_data_sample\l2_unseen_validation\trade_date=2026-07-17\exchange=NSE\symbol=NESTLEIND\part-042840_828829-006007.parquet,34658,downloaded,34658,
2026-07-17,NSE,NESTLEIND,raw_l2/trade_date=2026-07-17/exchange=NSE/symbol=NESTLEIND/part-043032_799885-006263.parquet,real_data_sample\l2_unseen_validation\trade_date=2026-07-17\exchange=NSE\symbol=NESTLEIND\part-043032_799885-006263.parquet,34517,downloaded,34517,
2026-07-17,NSE,NESTLEIND,raw_l2/trade_date=2026-07-17/exchange=NSE/symbol=NESTLEIND/part-043004_604522-006199.parquet,real_data_sample\l2_unseen_validation\trade_date=2026-07-17\exchange=NSE\symbol=NESTLEIND\part-043004_604522-006199.parquet,34490,downloaded,34490,
2026-07-17,NSE,NESTLEIND,raw_l2/trade_date=2026-07-17/exchange=NSE/symbol=NESTLEIND/part-042908_644475-006071.parquet,real_data_sample\l2_unseen_validation\trade_date=2026-07-17\exchange=NSE\symbol=NESTLEIND\part-042908_644475-006071.parquet,34770,downloaded,34770,
2026-07-17,NSE,NESTLEIND,raw_l2/trade_date=2026-07-17/exchange=NSE/symbol=NESTLEIND/part-043018_887895-006231.parquet,real_data_sample\l2_unseen_validation\trade_date=2026-07-17\exchange=NSE\symbol=NESTLEIND\part-043018_887895-006231.parquet,34598,downloaded,34598,
2026-07-17,NSE,NESTLEIND,raw_l2/trade_date=2026-07-17/exchange=NSE/symbol=NESTLEIND/part-043046_492565-006295.parquet,real_data_sample\l2_unseen_validation\trade_date=2026-07-17\exchange=NSE\symbol=NESTLEIND\part-043046_492565-006295.parquet,34602,downloaded,34602,
2026-07-17,NSE,NESTLEIND,raw_l2/trade_date=2026-07-17/exchange=NSE/symbol=NESTLEIND/part-042922_608343-006103.parquet,real_data_sample\l2_unseen_validation\trade_date=2026-07-17\exchange=NSE\symbol=NESTLEIND\part-042922_608343-006103.parquet,34581,downloaded,34581,
2026-07-17,NSE,NESTLEIND,raw_l2/trade_date=2026-07-17/exchange=NSE/symbol=NESTLEIND/part-042950_586041-006167.parquet,real_data_sample\l2_unseen_validation\trade_date=2026-07-17\exchange=NSE\symbol=NESTLEIND\part-042950_586041-006167.parquet,34415,downloaded,34415,
2026-07-17,NSE,NESTLEIND,raw_l2/trade_date=2026-07-17/exchange=NSE/symbol=NESTLEIND/part-040616_518890-002935.parquet,real_data_sample\l2_unseen_validation\trade_date=2026-07-17\exchange=NSE\symbol=NESTLEIND\part-040616_518890-002935.parquet,34629,downloaded,34629,
2026-07-17,NSE,NESTLEIND,raw_l2/trade_date=2026-07-17/exchange=NSE/symbol=NESTLEIND/part-040630_521358-002967.parquet,real_data_sample\l2_unseen_validation\trade_date=2026-07-17\exchange=NSE\symbol=NESTLEIND\part-040630_521358-002967.parquet,34575,downloaded,34575,
2026-07-17,NSE,NESTLEIND,raw_l2/trade_date=2026-07-17/exchange=NSE/symbol=NESTLEIND/part-043114_338865-006359.parquet,real_data_sample\l2_unseen_validation\trade_date=2026-07-17\exchange=NSE\symbol=NESTLEIND\part-043114_338865-006359.parquet,34562,downloaded,34562,
2026-07-17,NSE,NESTLEIND,raw_l2/trade_date=2026-07-17/exchange=NSE/symbol=NESTLEIND/part-043100_266891-006327.parquet,real_data_sample\l2_unseen_validation\trade_date=2026-07-17\exchange=NSE\symbol=NESTLEIND\part-043100_266891-006327.parquet,34509,downloaded,34509,
2026-07-17,NSE,NESTLEIND,raw_l2/trade_date=2026-07-17/exchange=NSE/symbol=NESTLEIND/part-040644_311515-002999.parquet,real_data_sample\l2_unseen_validation\trade_date=2026-07-17\exchange=NSE\symbol=NESTLEIND\part-040644_311515-002999.parquet,34580,downloaded,34580,
2026-07-17,NSE,NESTLEIND,raw_l2/trade_date=2026-07-17/exchange=NSE/symbol=NESTLEIND/part-040754_555756-003159.parquet,real_data_sample\l2_unseen_validation\trade_date=2026-07-17\exchange=NSE\symbol=NESTLEIND\part-040754_555756-003159.parquet,34625,downloaded,34625,
2026-07-17,NSE,NESTLEIND,raw_l2/trade_date=2026-07-17/exchange=NSE/symbol=NESTLEIND/part-043142_741108-006423.parquet,real_data_sample\l2_unseen_validation\trade_date=2026-07-17\exchange=NSE\symbol=NESTLEIND\part-043142_741108-006423.parquet,34523,downloaded,34523,
2026-07-17,NSE,NESTLEIND,raw_l2/trade_date=2026-07-17/exchange=NSE/symbol=NESTLEIND/part-043128_610707-006391.parquet,real_data_sample\l2_unseen_validation\trade_date=2026-07-17\exchange=NSE\symbol=NESTLEIND\part-043128_610707-006391.parquet,34615,downloaded,34615,
2026-07-17,NSE,NESTLEIND,raw_l2/trade_date=2026-07-17/exchange=NSE/symbol=NESTLEIND/part-040602_695991-002903.parquet,real_data_sample\l2_unseen_validation\trade_date=2026-07-17\exchange=NSE\symbol=NESTLEIND\part-040602_695991-002903.parquet,34588,downloaded,34588,
2026-07-17,NSE,NESTLEIND,raw_l2/trade_date=2026-07-17/exchange=NSE/symbol=NESTLEIND/part-043156_534305-006455.parquet,real_data_sample\l2_unseen_validation\trade_date=2026-07-17\exchange=NSE\symbol=NESTLEIND\part-043156_534305-006455.parquet,34448,downloaded,34448,
2026-07-17,NSE,NESTLEIND,raw_l2/trade_date=2026-07-17/exchange=NSE/symbol=NESTLEIND/part-043210_640901-006487.parquet,real_data_sample\l2_unseen_validation\trade_date=2026-07-17\exchange=NSE\symbol=NESTLEIND\part-043210_640901-006487.parquet,34650,downloaded,34650,
2026-07-17,NSE,NESTLEIND,raw_l2/trade_date=2026-07-17/exchange=NSE/symbol=NESTLEIND/part-043239_094393-006551.parquet,real_data_sample\l2_unseen_validation\trade_date=2026-07-17\exchange=NSE\symbol=NESTLEIND\part-043239_094393-006551.parquet,34702,downloaded,34702,
2026-07-17,NSE,NESTLEIND,raw_l2/trade_date=2026-07-17/exchange=NSE/symbol=NESTLEIND/part-043252_947173-006583.parquet,real_data_sample\l2_unseen_validation\trade_date=2026-07-17\exchange=NSE\symbol=NESTLEIND\part-043252_947173-006583.parquet,34714,downloaded,34714,
2026-07-17,NSE,NESTLEIND,raw_l2/trade_date=2026-07-17/exchange=NSE/symbol=NESTLEIND/part-043225_001406-006519.parquet,real_data_sample\l2_unseen_validation\trade_date=2026-07-17\exchange=NSE\symbol=NESTLEIND\part-043225_001406-006519.parquet,34540,downloaded,34540,
2026-07-17,NSE,NESTLEIND,raw_l2/trade_date=2026-07-17/exchange=NSE/symbol=NESTLEIND/part-043306_844998-006615.parquet,real_data_sample\l2_unseen_validation\trade_date=2026-07-17\exchange=NSE\symbol=NESTLEIND\part-043306_844998-006615.parquet,34507,downloaded,34507,
2026-07-17,NSE,NESTLEIND,raw_l2/trade_date=2026-07-17/exchange=NSE/symbol=NESTLEIND/part-043321_072099-006647.parquet,real_data_sample\l2_unseen_validation\trade_date=2026-07-17\exchange=NSE\symbol=NESTLEIND\part-043321_072099-006647.parquet,34441,downloaded,34441,
2026-07-17,NSE,NESTLEIND,raw_l2/trade_date=2026-07-17/exchange=NSE/symbol=NESTLEIND/part-043349_135214-006711.parquet,real_data_sample\l2_unseen_validation\trade_date=2026-07-17\exchange=NSE\symbol=NESTLEIND\part-043349_135214-006711.parquet,34587,downloaded,34587,
2026-07-17,NSE,NESTLEIND,raw_l2/trade_date=2026-07-17/exchange=NSE/symbol=NESTLEIND/part-043417_175137-006775.parquet,real_data_sample\l2_unseen_validation\trade_date=2026-07-17\exchange=NSE\symbol=NESTLEIND\part-043417_175137-006775.parquet,34359,downloaded,34359,
2026-07-17,NSE,NESTLEIND,raw_l2/trade_date=2026-07-17/exchange=NSE/symbol=NESTLEIND/part-043335_147876-006679.parquet,real_data_sample\l2_unseen_validation\trade_date=2026-07-17\exchange=NSE\symbol=NESTLEIND\part-043335_147876-006679.parquet,34671,downloaded,34671,
2026-07-17,NSE,NESTLEIND,raw_l2/trade_date=2026-07-17/exchange=NSE/symbol=NESTLEIND/part-043403_008421-006743.parquet,real_data_sample\l2_unseen_validation\trade_date=2026-07-17\exchange=NSE\symbol=NESTLEIND\part-043403_008421-006743.parquet,34721,downloaded,34721,
2026-07-17,NSE,NESTLEIND,raw_l2/trade_date=2026-07-17/exchange=NSE/symbol=NESTLEIND/part-043431_109483-006807.parquet,real_data_sample\l2_unseen_validation\trade_date=2026-07-17\exchange=NSE\symbol=NESTLEIND\part-043431_109483-006807.parquet,34461,downloaded,34461,
2026-07-17,NSE,NESTLEIND,raw_l2/trade_date=2026-07-17/exchange=NSE/symbol=NESTLEIND/part-043445_031679-006839.parquet,real_data_sample\l2_unseen_validation\trade_date=2026-07-17\exchange=NSE\symbol=NESTLEIND\part-043445_031679-006839.parquet,34579,downloaded,34579,
2026-07-17,NSE,NESTLEIND,raw_l2/trade_date=2026-07-17/exchange=NSE/symbol=NESTLEIND/part-042826_879247-005975.parquet,real_data_sample\l2_unseen_validation\trade_date=2026-07-17\exchange=NSE\symbol=NESTLEIND\part-042826_879247-005975.parquet,34502,downloaded,34502,
2026-07-17,NSE,NESTLEIND,raw_l2/trade_date=2026-07-17/exchange=NSE/symbol=NESTLEIND/part-043458_835129-006871.parquet,real_data_sample\l2_unseen_validation\trade_date=2026-07-17\exchange=NSE\symbol=NESTLEIND\part-043458_835129-006871.parquet,34602,downloaded,34602,
2026-07-17,NSE,NESTLEIND,raw_l2/trade_date=2026-07-17/exchange=NSE/symbol=NESTLEIND/part-043608_333721-007031.parquet,real_data_sample\l2_unseen_validation\trade_date=2026-07-17\exchange=NSE\symbol=NESTLEIND\part-043608_333721-007031.parquet,34542,downloaded,34542,
2026-07-17,NSE,NESTLEIND,raw_l2/trade_date=2026-07-17/exchange=NSE/symbol=NESTLEIND/part-043540_348841-006967.parquet,real_data_sample\l2_unseen_validation\trade_date=2026-07-17\exchange=NSE\symbol=NESTLEIND\part-043540_348841-006967.parquet,34532,downloaded,34532,
2026-07-17,NSE,NESTLEIND,raw_l2/trade_date=2026-07-17/exchange=NSE/symbol=NESTLEIND/part-043704_376303-007159.parquet,real_data_sample\l2_unseen_validation\trade_date=2026-07-17\exchange=NSE\symbol=NESTLEIND\part-043704_376303-007159.parquet,34835,downloaded,34835,
2026-07-17,NSE,NESTLEIND,raw_l2/trade_date=2026-07-17/exchange=NSE/symbol=NESTLEIND/part-043746_025351-007255.parquet,real_data_sample\l2_unseen_validation\trade_date=2026-07-17\exchange=NSE\symbol=NESTLEIND\part-043746_025351-007255.parquet,34770,downloaded,34770,
2026-07-17,NSE,NESTLEIND,raw_l2/trade_date=2026-07-17/exchange=NSE/symbol=NESTLEIND/part-043636_264402-007095.parquet,real_data_sample\l2_unseen_validation\trade_date=2026-07-17\exchange=NSE\symbol=NESTLEIND\part-043636_264402-007095.parquet,34332,downloaded,34332,
2026-07-17,NSE,NESTLEIND,raw_l2/trade_date=2026-07-17/exchange=NSE/symbol=NESTLEIND/part-043554_260114-006999.parquet,real_data_sample\l2_unseen_validation\trade_date=2026-07-17\exchange=NSE\symbol=NESTLEIND\part-043554_260114-006999.parquet,34644,downloaded,34644,
2026-07-17,NSE,NESTLEIND,raw_l2/trade_date=2026-07-17/exchange=NSE/symbol=NESTLEIND/part-043526_566822-006935.parquet,real_data_sample\l2_unseen_validation\trade_date=2026-07-17\exchange=NSE\symbol=NESTLEIND\part-043526_566822-006935.parquet,34634,downloaded,34634,
2026-07-17,NSE,NESTLEIND,raw_l2/trade_date=2026-07-17/exchange=NSE/symbol=NESTLEIND/part-043718_258565-007191.parquet,real_data_sample\l2_unseen_validation\trade_date=2026-07-17\exchange=NSE\symbol=NESTLEIND\part-043718_258565-007191.parquet,34607,downloaded,34607,
2026-07-17,NSE,NESTLEIND,raw_l2/trade_date=2026-07-17/exchange=NSE/symbol=NESTLEIND/part-043813_895318-007319.parquet,real_data_sample\l2_unseen_validation\trade_date=2026-07-17\exchange=NSE\symbol=NESTLEIND\part-043813_895318-007319.parquet,34575,downloaded,34575,
2026-07-17,NSE,NESTLEIND,raw_l2/trade_date=2026-07-17/exchange=NSE/symbol=NESTLEIND/part-042936_662619-006135.parquet,real_data_sample\l2_unseen_validation\trade_date=2026-07-17\exchange=NSE\symbol=NESTLEIND\part-042936_662619-006135.parquet,34682,downloaded,34682,
2026-07-17,NSE,NESTLEIND,raw_l2/trade_date=2026-07-17/exchange=NSE/symbol=NESTLEIND/part-043622_238633-007063.parquet,real_data_sample\l2_unseen_validation\trade_date=2026-07-17\exchange=NSE\symbol=NESTLEIND\part-043622_238633-007063.parquet,34591,downloaded,34591,
2026-07-17,NSE,NESTLEIND,raw_l2/trade_date=2026-07-17/exchange=NSE/symbol=NESTLEIND/part-043650_478751-007127.parquet,real_data_sample\l2_unseen_validation\trade_date=2026-07-17\exchange=NSE\symbol=NESTLEIND\part-043650_478751-007127.parquet,34590,downloaded,34590,
2026-07-17,NSE,NESTLEIND,raw_l2/trade_date=2026-07-17/exchange=NSE/symbol=NESTLEIND/part-043759_722712-007287.parquet,real_data_sample\l2_unseen_validation\trade_date=2026-07-17\exchange=NSE\symbol=NESTLEIND\part-043759_722712-007287.parquet,34793,downloaded,34793,
2026-07-17,NSE,NESTLEIND,raw_l2/trade_date=2026-07-17/exchange=NSE/symbol=NESTLEIND/part-043732_157142-007223.parquet,real_data_sample\l2_unseen_validation\trade_date=2026-07-17\exchange=NSE\symbol=NESTLEIND\part-043732_157142-007223.parquet,34720,downloaded,34720,
2026-07-17,NSE,NESTLEIND,raw_l2/trade_date=2026-07-17/exchange=NSE/symbol=NESTLEIND/part-043842_304597-007383.parquet,real_data_sample\l2_unseen_validation\trade_date=2026-07-17\exchange=NSE\symbol=NESTLEIND\part-043842_304597-007383.parquet,34669,downloaded,34669,
2026-07-17,NSE,NESTLEIND,raw_l2/trade_date=2026-07-17/exchange=NSE/symbol=NESTLEIND/part-043910_234732-007447.parquet,real_data_sample\l2_unseen_validation\trade_date=2026-07-17\exchange=NSE\symbol=NESTLEIND\part-043910_234732-007447.parquet,34723,downloaded,34723,
2026-07-17,NSE,NESTLEIND,raw_l2/trade_date=2026-07-17/exchange=NSE/symbol=NESTLEIND/part-043828_156964-007351.parquet,real_data_sample\l2_unseen_validation\trade_date=2026-07-17\exchange=NSE\symbol=NESTLEIND\part-043828_156964-007351.parquet,34727,downloaded,34727,
2026-07-17,NSE,NESTLEIND,raw_l2/trade_date=2026-07-17/exchange=NSE/symbol=NESTLEIND/part-043937_428411-007511.parquet,real_data_sample\l2_unseen_validation\trade_date=2026-07-17\exchange=NSE\symbol=NESTLEIND\part-043937_428411-007511.parquet,34563,downloaded,34563,
2026-07-17,NSE,NESTLEIND,raw_l2/trade_date=2026-07-17/exchange=NSE/symbol=NESTLEIND/part-043923_863434-007479.parquet,real_data_sample\l2_unseen_validation\trade_date=2026-07-17\exchange=NSE\symbol=NESTLEIND\part-043923_863434-007479.parquet,34700,downloaded,34700,
2026-07-17,NSE,NESTLEIND,raw_l2/trade_date=2026-07-17/exchange=NSE/symbol=NESTLEIND/part-043512_588504-006903.parquet,real_data_sample\l2_unseen_validation\trade_date=2026-07-17\exchange=NSE\symbol=NESTLEIND\part-043512_588504-006903.parquet,34671,downloaded,34671,
2026-07-17,NSE,NESTLEIND,raw_l2/trade_date=2026-07-17/exchange=NSE/symbol=NESTLEIND/part-044018_781661-007607.parquet,real_data_sample\l2_unseen_validation\trade_date=2026-07-17\exchange=NSE\symbol=NESTLEIND\part-044018_781661-007607.parquet,34555,downloaded,34555,
2026-07-17,NSE,NESTLEIND,raw_l2/trade_date=2026-07-17/exchange=NSE/symbol=NESTLEIND/part-044004_987119-007575.parquet,real_data_sample\l2_unseen_validation\trade_date=2026-07-17\exchange=NSE\symbol=NESTLEIND\part-044004_987119-007575.parquet,34555,downloaded,34555,
2026-07-17,NSE,NESTLEIND,raw_l2/trade_date=2026-07-17/exchange=NSE/symbol=NESTLEIND/part-043951_215087-007543.parquet,real_data_sample\l2_unseen_validation\trade_date=2026-07-17\exchange=NSE\symbol=NESTLEIND\part-043951_215087-007543.parquet,34367,downloaded,34367,
2026-07-17,NSE,NESTLEIND,raw_l2/trade_date=2026-07-17/exchange=NSE/symbol=NESTLEIND/part-044046_198436-007671.parquet,real_data_sample\l2_unseen_validation\trade_date=2026-07-17\exchange=NSE\symbol=NESTLEIND\part-044046_198436-007671.parquet,34443,downloaded,34443,
2026-07-17,NSE,NESTLEIND,raw_l2/trade_date=2026-07-17/exchange=NSE/symbol=NESTLEIND/part-043856_360165-007415.parquet,real_data_sample\l2_unseen_validation\trade_date=2026-07-17\exchange=NSE\symbol=NESTLEIND\part-043856_360165-007415.parquet,34549,downloaded,34549,
2026-07-17,NSE,NESTLEIND,raw_l2/trade_date=2026-07-17/exchange=NSE/symbol=NESTLEIND/part-044032_518414-007639.parquet,real_data_sample\l2_unseen_validation\trade_date=2026-07-17\exchange=NSE\symbol=NESTLEIND\part-044032_518414-007639.parquet,34647,downloaded,34647,
2026-07-17,NSE,NESTLEIND,raw_l2/trade_date=2026-07-17/exchange=NSE/symbol=NESTLEIND/part-044113_684148-007735.parquet,real_data_sample\l2_unseen_validation\trade_date=2026-07-17\exchange=NSE\symbol=NESTLEIND\part-044113_684148-007735.parquet,34565,downloaded,34565,
2026-07-17,NSE,NESTLEIND,raw_l2/trade_date=2026-07-17/exchange=NSE/symbol=NESTLEIND/part-044059_892473-007703.parquet,real_data_sample\l2_unseen_validation\trade_date=2026-07-17\exchange=NSE\symbol=NESTLEIND\part-044059_892473-007703.parquet,34621,downloaded,34621,
2026-07-17,NSE,NESTLEIND,raw_l2/trade_date=2026-07-17/exchange=NSE/symbol=NESTLEIND/part-044127_421032-007767.parquet,real_data_sample\l2_unseen_validation\trade_date=2026-07-17\exchange=NSE\symbol=NESTLEIND\part-044127_421032-007767.parquet,34320,downloaded,34320,
2026-07-17,NSE,NESTLEIND,raw_l2/trade_date=2026-07-17/exchange=NSE/symbol=NESTLEIND/part-044141_191303-007799.parquet,real_data_sample\l2_unseen_validation\trade_date=2026-07-17\exchange=NSE\symbol=NESTLEIND\part-044141_191303-007799.parquet,34593,downloaded,34593,
2026-07-17,NSE,NESTLEIND,raw_l2/trade_date=2026-07-17/exchange=NSE/symbol=NESTLEIND/part-044154_907899-007831.parquet,real_data_sample\l2_unseen_validation\trade_date=2026-07-17\exchange=NSE\symbol=NESTLEIND\part-044154_907899-007831.parquet,34553,downloaded,34553,
2026-07-17,NSE,NESTLEIND,raw_l2/trade_date=2026-07-17/exchange=NSE/symbol=NESTLEIND/part-044222_539181-007895.parquet,real_data_sample\l2_unseen_validation\trade_date=2026-07-17\exchange=NSE\symbol=NESTLEIND\part-044222_539181-007895.parquet,34385,downloaded,34385,
2026-07-17,NSE,NESTLEIND,raw_l2/trade_date=2026-07-17/exchange=NSE/symbol=NESTLEIND/part-044208_701542-007863.parquet,real_data_sample\l2_unseen_validation\trade_date=2026-07-17\exchange=NSE\symbol=NESTLEIND\part-044208_701542-007863.parquet,34278,downloaded,34278,
2026-07-17,NSE,NESTLEIND,raw_l2/trade_date=2026-07-17/exchange=NSE/symbol=NESTLEIND/part-044617_703773-008439.parquet,real_data_sample\l2_unseen_validation\trade_date=2026-07-17\exchange=NSE\symbol=NESTLEIND\part-044617_703773-008439.parquet,34667,downloaded,34667,
2026-07-17,NSE,NESTLEIND,raw_l2/trade_date=2026-07-17/exchange=NSE/symbol=NESTLEIND/part-044631_465540-008471.parquet,real_data_sample\l2_unseen_validation\trade_date=2026-07-17\exchange=NSE\symbol=NESTLEIND\part-044631_465540-008471.parquet,34574,downloaded,34574,
2026-07-17,NSE,NESTLEIND,raw_l2/trade_date=2026-07-17/exchange=NSE/symbol=NESTLEIND/part-044236_568338-007927.parquet,real_data_sample\l2_unseen_validation\trade_date=2026-07-17\exchange=NSE\symbol=NESTLEIND\part-044236_568338-007927.parquet,34576,downloaded,34576,
2026-07-17,NSE,NESTLEIND,raw_l2/trade_date=2026-07-17/exchange=NSE/symbol=NESTLEIND/part-044550_011971-008375.parquet,real_data_sample\l2_unseen_validation\trade_date=2026-07-17\exchange=NSE\symbol=NESTLEIND\part-044550_011971-008375.parquet,34712,downloaded,34712,
2026-07-17,NSE,NESTLEIND,raw_l2/trade_date=2026-07-17/exchange=NSE/symbol=NESTLEIND/part-044345_969111-008087.parquet,real_data_sample\l2_unseen_validation\trade_date=2026-07-17\exchange=NSE\symbol=NESTLEIND\part-044345_969111-008087.parquet,34539,downloaded,34539,
2026-07-17,NSE,NESTLEIND,raw_l2/trade_date=2026-07-17/exchange=NSE/symbol=NESTLEIND/part-044359_766061-008119.parquet,real_data_sample\l2_unseen_validation\trade_date=2026-07-17\exchange=NSE\symbol=NESTLEIND\part-044359_766061-008119.parquet,34518,downloaded,34518,
2026-07-17,NSE,NESTLEIND,raw_l2/trade_date=2026-07-17/exchange=NSE/symbol=NESTLEIND/part-044645_498818-008503.parquet,real_data_sample\l2_unseen_validation\trade_date=2026-07-17\exchange=NSE\symbol=NESTLEIND\part-044645_498818-008503.parquet,34598,downloaded,34598,
2026-07-17,NSE,NESTLEIND,raw_l2/trade_date=2026-07-17/exchange=NSE/symbol=NESTLEIND/part-044413_509755-008151.parquet,real_data_sample\l2_unseen_validation\trade_date=2026-07-17\exchange=NSE\symbol=NESTLEIND\part-044413_509755-008151.parquet,34640,downloaded,34640,
2026-07-17,NSE,NESTLEIND,raw_l2/trade_date=2026-07-17/exchange=NSE/symbol=NESTLEIND/part-044332_233922-008055.parquet,real_data_sample\l2_unseen_validation\trade_date=2026-07-17\exchange=NSE\symbol=NESTLEIND\part-044332_233922-008055.parquet,34432,downloaded,34432,
2026-07-17,NSE,NESTLEIND,raw_l2/trade_date=2026-07-17/exchange=NSE/symbol=NESTLEIND/part-044304_468377-007991.parquet,real_data_sample\l2_unseen_validation\trade_date=2026-07-17\exchange=NSE\symbol=NESTLEIND\part-044304_468377-007991.parquet,34507,downloaded,34507,
2026-07-17,NSE,NESTLEIND,raw_l2/trade_date=2026-07-17/exchange=NSE/symbol=NESTLEIND/part-044441_012912-008215.parquet,real_data_sample\l2_unseen_validation\trade_date=2026-07-17\exchange=NSE\symbol=NESTLEIND\part-044441_012912-008215.parquet,34685,downloaded,34685,
2026-07-17,NSE,NESTLEIND,raw_l2/trade_date=2026-07-17/exchange=NSE/symbol=NESTLEIND/part-044603_896618-008407.parquet,real_data_sample\l2_unseen_validation\trade_date=2026-07-17\exchange=NSE\symbol=NESTLEIND\part-044603_896618-008407.parquet,34513,downloaded,34513,
2026-07-17,NSE,NESTLEIND,raw_l2/trade_date=2026-07-17/exchange=NSE/symbol=NESTLEIND/part-044659_246937-008535.parquet,real_data_sample\l2_unseen_validation\trade_date=2026-07-17\exchange=NSE\symbol=NESTLEIND\part-044659_246937-008535.parquet,34611,downloaded,34611,
2026-07-17,NSE,NESTLEIND,raw_l2/trade_date=2026-07-17/exchange=NSE/symbol=NESTLEIND/part-044250_535305-007959.parquet,real_data_sample\l2_unseen_validation\trade_date=2026-07-17\exchange=NSE\symbol=NESTLEIND\part-044250_535305-007959.parquet,34413,downloaded,34413,
2026-07-17,NSE,NESTLEIND,raw_l2/trade_date=2026-07-17/exchange=NSE/symbol=NESTLEIND/part-044536_157432-008343.parquet,real_data_sample\l2_unseen_validation\trade_date=2026-07-17\exchange=NSE\symbol=NESTLEIND\part-044536_157432-008343.parquet,34540,downloaded,34540,
2026-07-17,NSE,NESTLEIND,raw_l2/trade_date=2026-07-17/exchange=NSE/symbol=NESTLEIND/part-044712_986902-008567.parquet,real_data_sample\l2_unseen_validation\trade_date=2026-07-17\exchange=NSE\symbol=NESTLEIND\part-044712_986902-008567.parquet,34771,downloaded,34771,
2026-07-17,NSE,NESTLEIND,raw_l2/trade_date=2026-07-17/exchange=NSE/symbol=NESTLEIND/part-044318_226534-008023.parquet,real_data_sample\l2_unseen_validation\trade_date=2026-07-17\exchange=NSE\symbol=NESTLEIND\part-044318_226534-008023.parquet,34549,downloaded,34549,
2026-07-17,NSE,NESTLEIND,raw_l2/trade_date=2026-07-17/exchange=NSE/symbol=NESTLEIND/part-044508_725344-008279.parquet,real_data_sample\l2_unseen_validation\trade_date=2026-07-17\exchange=NSE\symbol=NESTLEIND\part-044508_725344-008279.parquet,34733,downloaded,34733,
2026-07-17,NSE,NESTLEIND,raw_l2/trade_date=2026-07-17/exchange=NSE/symbol=NESTLEIND/part-044454_974490-008247.parquet,real_data_sample\l2_unseen_validation\trade_date=2026-07-17\exchange=NSE\symbol=NESTLEIND\part-044454_974490-008247.parquet,34488,downloaded,34488,
2026-07-17,NSE,NESTLEIND,raw_l2/trade_date=2026-07-17/exchange=NSE/symbol=NESTLEIND/part-044522_521948-008311.parquet,real_data_sample\l2_unseen_validation\trade_date=2026-07-17\exchange=NSE\symbol=NESTLEIND\part-044522_521948-008311.parquet,34603,downloaded,34603,
2026-07-17,NSE,NESTLEIND,raw_l2/trade_date=2026-07-17/exchange=NSE/symbol=NESTLEIND/part-044726_723354-008599.parquet,real_data_sample\l2_unseen_validation\trade_date=2026-07-17\exchange=NSE\symbol=NESTLEIND\part-044726_723354-008599.parquet,34697,downloaded,34697,
2026-07-17,NSE,NESTLEIND,raw_l2/trade_date=2026-07-17/exchange=NSE/symbol=NESTLEIND/part-044740_794219-008631.parquet,real_data_sample\l2_unseen_validation\trade_date=2026-07-17\exchange=NSE\symbol=NESTLEIND\part-044740_794219-008631.parquet,34500,downloaded,34500,
2026-07-17,NSE,NESTLEIND,raw_l2/trade_date=2026-07-17/exchange=NSE/symbol=NESTLEIND/part-044754_693413-008663.parquet,real_data_sample\l2_unseen_validation\trade_date=2026-07-17\exchange=NSE\symbol=NESTLEIND\part-044754_693413-008663.parquet,34588,downloaded,34588,
2026-07-17,NSE,NESTLEIND,raw_l2/trade_date=2026-07-17/exchange=NSE/symbol=NESTLEIND/part-044808_449488-008695.parquet,real_data_sample\l2_unseen_validation\trade_date=2026-07-17\exchange=NSE\symbol=NESTLEIND\part-044808_449488-008695.parquet,34470,downloaded,34470,
2026-07-17,NSE,NESTLEIND,raw_l2/trade_date=2026-07-17/exchange=NSE/symbol=NESTLEIND/part-044849_939261-008791.parquet,real_data_sample\l2_unseen_validation\trade_date=2026-07-17\exchange=NSE\symbol=NESTLEIND\part-044849_939261-008791.parquet,34518,downloaded,34518,
2026-07-17,NSE,NESTLEIND,raw_l2/trade_date=2026-07-17/exchange=NSE/symbol=NESTLEIND/part-044822_308554-008727.parquet,real_data_sample\l2_unseen_validation\trade_date=2026-07-17\exchange=NSE\symbol=NESTLEIND\part-044822_308554-008727.parquet,34425,downloaded,34425,
2026-07-17,NSE,NESTLEIND,raw_l2/trade_date=2026-07-17/exchange=NSE/symbol=NESTLEIND/part-044836_219557-008759.parquet,real_data_sample\l2_unseen_validation\trade_date=2026-07-17\exchange=NSE\symbol=NESTLEIND\part-044836_219557-008759.parquet,34433,downloaded,34433,
2026-07-17,NSE,NESTLEIND,raw_l2/trade_date=2026-07-17/exchange=NSE/symbol=NESTLEIND/part-044903_672380-008823.parquet,real_data_sample\l2_unseen_validation\trade_date=2026-07-17\exchange=NSE\symbol=NESTLEIND\part-044903_672380-008823.parquet,34708,downloaded,34708,
2026-07-17,NSE,NESTLEIND,raw_l2/trade_date=2026-07-17/exchange=NSE/symbol=NESTLEIND/part-044944_968708-008919.parquet,real_data_sample\l2_unseen_validation\trade_date=2026-07-17\exchange=NSE\symbol=NESTLEIND\part-044944_968708-008919.parquet,34345,downloaded,34345,
2026-07-17,NSE,NESTLEIND,raw_l2/trade_date=2026-07-17/exchange=NSE/symbol=NESTLEIND/part-044917_471276-008855.parquet,real_data_sample\l2_unseen_validation\trade_date=2026-07-17\exchange=NSE\symbol=NESTLEIND\part-044917_471276-008855.parquet,34277,downloaded,34277,
2026-07-17,NSE,NESTLEIND,raw_l2/trade_date=2026-07-17/exchange=NSE/symbol=NESTLEIND/part-044931_202460-008887.parquet,real_data_sample\l2_unseen_validation\trade_date=2026-07-17\exchange=NSE\symbol=NESTLEIND\part-044931_202460-008887.parquet,34619,downloaded,34619,
2026-07-17,NSE,NESTLEIND,raw_l2/trade_date=2026-07-17/exchange=NSE/symbol=NESTLEIND/part-045039_697149-009047.parquet,real_data_sample\l2_unseen_validation\trade_date=2026-07-17\exchange=NSE\symbol=NESTLEIND\part-045039_697149-009047.parquet,34483,downloaded,34483,
2026-07-17,NSE,NESTLEIND,raw_l2/trade_date=2026-07-17/exchange=NSE/symbol=NESTLEIND/part-044427_137805-008183.parquet,real_data_sample\l2_unseen_validation\trade_date=2026-07-17\exchange=NSE\symbol=NESTLEIND\part-044427_137805-008183.parquet,34651,downloaded,34651,
2026-07-17,NSE,NESTLEIND,raw_l2/trade_date=2026-07-17/exchange=NSE/symbol=NESTLEIND/part-045053_394651-009079.parquet,real_data_sample\l2_unseen_validation\trade_date=2026-07-17\exchange=NSE\symbol=NESTLEIND\part-045053_394651-009079.parquet,34455,downloaded,34455,
2026-07-17,NSE,NESTLEIND,raw_l2/trade_date=2026-07-17/exchange=NSE/symbol=NESTLEIND/part-045012_427686-008983.parquet,real_data_sample\l2_unseen_validation\trade_date=2026-07-17\exchange=NSE\symbol=NESTLEIND\part-045012_427686-008983.parquet,34489,downloaded,34489,
2026-07-17,NSE,NESTLEIND,raw_l2/trade_date=2026-07-17/exchange=NSE/symbol=NESTLEIND/part-045121_499155-009143.parquet,real_data_sample\l2_unseen_validation\trade_date=2026-07-17\exchange=NSE\symbol=NESTLEIND\part-045121_499155-009143.parquet,34604,downloaded,34604,
2026-07-17,NSE,NESTLEIND,raw_l2/trade_date=2026-07-17/exchange=NSE/symbol=NESTLEIND/part-044958_689521-008951.parquet,real_data_sample\l2_unseen_validation\trade_date=2026-07-17\exchange=NSE\symbol=NESTLEIND\part-044958_689521-008951.parquet,34374,downloaded,34374,
2026-07-17,NSE,NESTLEIND,raw_l2/trade_date=2026-07-17/exchange=NSE/symbol=NESTLEIND/part-045312_820123-009399.parquet,real_data_sample\l2_unseen_validation\trade_date=2026-07-17\exchange=NSE\symbol=NESTLEIND\part-045312_820123-009399.parquet,34319,downloaded,34319,
2026-07-17,NSE,NESTLEIND,raw_l2/trade_date=2026-07-17/exchange=NSE/symbol=NESTLEIND/part-045026_077270-009015.parquet,real_data_sample\l2_unseen_validation\trade_date=2026-07-17\exchange=NSE\symbol=NESTLEIND\part-045026_077270-009015.parquet,34402,downloaded,34402,
2026-07-17,NSE,NESTLEIND,raw_l2/trade_date=2026-07-17/exchange=NSE/symbol=NESTLEIND/part-045408_569167-009527.parquet,real_data_sample\l2_unseen_validation\trade_date=2026-07-17\exchange=NSE\symbol=NESTLEIND\part-045408_569167-009527.parquet,34526,downloaded,34526,
2026-07-17,NSE,NESTLEIND,raw_l2/trade_date=2026-07-17/exchange=NSE/symbol=NESTLEIND/part-045149_217331-009207.parquet,real_data_sample\l2_unseen_validation\trade_date=2026-07-17\exchange=NSE\symbol=NESTLEIND\part-045149_217331-009207.parquet,34673,downloaded,34673,
2026-07-17,NSE,NESTLEIND,raw_l2/trade_date=2026-07-17/exchange=NSE/symbol=NESTLEIND/part-045422_632528-009559.parquet,real_data_sample\l2_unseen_validation\trade_date=2026-07-17\exchange=NSE\symbol=NESTLEIND\part-045422_632528-009559.parquet,34471,downloaded,34471,
2026-07-17,NSE,NESTLEIND,raw_l2/trade_date=2026-07-17/exchange=NSE/symbol=NESTLEIND/part-045326_760575-009431.parquet,real_data_sample\l2_unseen_validation\trade_date=2026-07-17\exchange=NSE\symbol=NESTLEIND\part-045326_760575-009431.parquet,34291,downloaded,34291,
2026-07-17,NSE,NESTLEIND,raw_l2/trade_date=2026-07-17/exchange=NSE/symbol=NESTLEIND/part-045354_577515-009495.parquet,real_data_sample\l2_unseen_validation\trade_date=2026-07-17\exchange=NSE\symbol=NESTLEIND\part-045354_577515-009495.parquet,34451,downloaded,34451,
2026-07-17,NSE,NESTLEIND,raw_l2/trade_date=2026-07-17/exchange=NSE/symbol=NESTLEIND/part-045244_824788-009335.parquet,real_data_sample\l2_unseen_validation\trade_date=2026-07-17\exchange=NSE\symbol=NESTLEIND\part-045244_824788-009335.parquet,34406,downloaded,34406,
2026-07-17,NSE,NESTLEIND,raw_l2/trade_date=2026-07-17/exchange=NSE/symbol=NESTLEIND/part-045258_846433-009367.parquet,real_data_sample\l2_unseen_validation\trade_date=2026-07-17\exchange=NSE\symbol=NESTLEIND\part-045258_846433-009367.parquet,34623,downloaded,34623,
2026-07-17,NSE,NESTLEIND,raw_l2/trade_date=2026-07-17/exchange=NSE/symbol=NESTLEIND/part-045504_965643-009655.parquet,real_data_sample\l2_unseen_validation\trade_date=2026-07-17\exchange=NSE\symbol=NESTLEIND\part-045504_965643-009655.parquet,34473,downloaded,34473,
2026-07-17,NSE,NESTLEIND,raw_l2/trade_date=2026-07-17/exchange=NSE/symbol=NESTLEIND/part-045107_432427-009111.parquet,real_data_sample\l2_unseen_validation\trade_date=2026-07-17\exchange=NSE\symbol=NESTLEIND\part-045107_432427-009111.parquet,34250,downloaded,34250,
2026-07-17,NSE,NESTLEIND,raw_l2/trade_date=2026-07-17/exchange=NSE/symbol=NESTLEIND/part-045135_379217-009175.parquet,real_data_sample\l2_unseen_validation\trade_date=2026-07-17\exchange=NSE\symbol=NESTLEIND\part-045135_379217-009175.parquet,34558,downloaded,34558,
2026-07-17,NSE,NESTLEIND,raw_l2/trade_date=2026-07-17/exchange=NSE/symbol=NESTLEIND/part-045203_384669-009239.parquet,real_data_sample\l2_unseen_validation\trade_date=2026-07-17\exchange=NSE\symbol=NESTLEIND\part-045203_384669-009239.parquet,34497,downloaded,34497,
2026-07-17,NSE,NESTLEIND,raw_l2/trade_date=2026-07-17/exchange=NSE/symbol=NESTLEIND/part-045340_571658-009463.parquet,real_data_sample\l2_unseen_validation\trade_date=2026-07-17\exchange=NSE\symbol=NESTLEIND\part-045340_571658-009463.parquet,34394,downloaded,34394,
2026-07-17,NSE,NESTLEIND,raw_l2/trade_date=2026-07-17/exchange=NSE/symbol=NESTLEIND/part-045217_180078-009271.parquet,real_data_sample\l2_unseen_validation\trade_date=2026-07-17\exchange=NSE\symbol=NESTLEIND\part-045217_180078-009271.parquet,34506,downloaded,34506,
2026-07-17,NSE,NESTLEIND,raw_l2/trade_date=2026-07-17/exchange=NSE/symbol=NESTLEIND/part-045450_679477-009623.parquet,real_data_sample\l2_unseen_validation\trade_date=2026-07-17\exchange=NSE\symbol=NESTLEIND\part-045450_679477-009623.parquet,34505,downloaded,34505,
2026-07-17,NSE,NESTLEIND,raw_l2/trade_date=2026-07-17/exchange=NSE/symbol=NESTLEIND/part-045436_622377-009591.parquet,real_data_sample\l2_unseen_validation\trade_date=2026-07-17\exchange=NSE\symbol=NESTLEIND\part-045436_622377-009591.parquet,34349,downloaded,34349,
2026-07-17,NSE,NESTLEIND,raw_l2/trade_date=2026-07-17/exchange=NSE/symbol=NESTLEIND/part-045231_032714-009303.parquet,real_data_sample\l2_unseen_validation\trade_date=2026-07-17\exchange=NSE\symbol=NESTLEIND\part-045231_032714-009303.parquet,34509,downloaded,34509,
2026-07-17,NSE,NESTLEIND,raw_l2/trade_date=2026-07-17/exchange=NSE/symbol=NESTLEIND/part-045518_926732-009687.parquet,real_data_sample\l2_unseen_validation\trade_date=2026-07-17\exchange=NSE\symbol=NESTLEIND\part-045518_926732-009687.parquet,34596,downloaded,34596,
2026-07-17,NSE,NESTLEIND,raw_l2/trade_date=2026-07-17/exchange=NSE/symbol=NESTLEIND/part-045532_830228-009719.parquet,real_data_sample\l2_unseen_validation\trade_date=2026-07-17\exchange=NSE\symbol=NESTLEIND\part-045532_830228-009719.parquet,34664,downloaded,34664,
2026-07-17,NSE,NESTLEIND,raw_l2/trade_date=2026-07-17/exchange=NSE/symbol=NESTLEIND/part-045614_837945-009815.parquet,real_data_sample\l2_unseen_validation\trade_date=2026-07-17\exchange=NSE\symbol=NESTLEIND\part-045614_837945-009815.parquet,34367,downloaded,34367,
2026-07-17,NSE,NESTLEIND,raw_l2/trade_date=2026-07-17/exchange=NSE/symbol=NESTLEIND/part-045546_817328-009751.parquet,real_data_sample\l2_unseen_validation\trade_date=2026-07-17\exchange=NSE\symbol=NESTLEIND\part-045546_817328-009751.parquet,34338,downloaded,34338,
2026-07-17,NSE,NESTLEIND,raw_l2/trade_date=2026-07-17/exchange=NSE/symbol=NESTLEIND/part-045600_851065-009783.parquet,real_data_sample\l2_unseen_validation\trade_date=2026-07-17\exchange=NSE\symbol=NESTLEIND\part-045600_851065-009783.parquet,34746,downloaded,34746,
2026-07-17,NSE,NESTLEIND,raw_l2/trade_date=2026-07-17/exchange=NSE/symbol=NESTLEIND/part-045643_407888-009879.parquet,real_data_sample\l2_unseen_validation\trade_date=2026-07-17\exchange=NSE\symbol=NESTLEIND\part-045643_407888-009879.parquet,34394,downloaded,34394,
2026-07-17,NSE,NESTLEIND,raw_l2/trade_date=2026-07-17/exchange=NSE/symbol=NESTLEIND/part-045657_507440-009911.parquet,real_data_sample\l2_unseen_validation\trade_date=2026-07-17\exchange=NSE\symbol=NESTLEIND\part-045657_507440-009911.parquet,34528,downloaded,34528,
2026-07-17,NSE,NESTLEIND,raw_l2/trade_date=2026-07-17/exchange=NSE/symbol=NESTLEIND/part-045711_775014-009943.parquet,real_data_sample\l2_unseen_validation\trade_date=2026-07-17\exchange=NSE\symbol=NESTLEIND\part-045711_775014-009943.parquet,34607,downloaded,34607,
2026-07-17,NSE,NESTLEIND,raw_l2/trade_date=2026-07-17/exchange=NSE/symbol=NESTLEIND/part-045629_119873-009847.parquet,real_data_sample\l2_unseen_validation\trade_date=2026-07-17\exchange=NSE\symbol=NESTLEIND\part-045629_119873-009847.parquet,34539,downloaded,34539,
2026-07-17,NSE,NESTLEIND,raw_l2/trade_date=2026-07-17/exchange=NSE/symbol=NESTLEIND/part-045754_114712-010039.parquet,real_data_sample\l2_unseen_validation\trade_date=2026-07-17\exchange=NSE\symbol=NESTLEIND\part-045754_114712-010039.parquet,34954,downloaded,34954,
2026-07-17,NSE,NESTLEIND,raw_l2/trade_date=2026-07-17/exchange=NSE/symbol=NESTLEIND/part-045739_877325-010007.parquet,real_data_sample\l2_unseen_validation\trade_date=2026-07-17\exchange=NSE\symbol=NESTLEIND\part-045739_877325-010007.parquet,34631,downloaded,34631,
2026-07-17,NSE,NESTLEIND,raw_l2/trade_date=2026-07-17/exchange=NSE/symbol=NESTLEIND/part-045808_278525-010071.parquet,real_data_sample\l2_unseen_validation\trade_date=2026-07-17\exchange=NSE\symbol=NESTLEIND\part-045808_278525-010071.parquet,34554,downloaded,34554,
2026-07-17,NSE,NESTLEIND,raw_l2/trade_date=2026-07-17/exchange=NSE/symbol=NESTLEIND/part-050056_592390-010455.parquet,real_data_sample\l2_unseen_validation\trade_date=2026-07-17\exchange=NSE\symbol=NESTLEIND\part-050056_592390-010455.parquet,34702,downloaded,34702,
2026-07-17,NSE,NESTLEIND,raw_l2/trade_date=2026-07-17/exchange=NSE/symbol=NESTLEIND/part-050524_467958-011063.parquet,real_data_sample\l2_unseen_validation\trade_date=2026-07-17\exchange=NSE\symbol=NESTLEIND\part-050524_467958-011063.parquet,34756,downloaded,34756,
2026-07-17,NSE,NESTLEIND,raw_l2/trade_date=2026-07-17/exchange=NSE/symbol=NESTLEIND/part-050124_490750-010519.parquet,real_data_sample\l2_unseen_validation\trade_date=2026-07-17\exchange=NSE\symbol=NESTLEIND\part-050124_490750-010519.parquet,34815,downloaded,34815,
2026-07-17,NSE,NESTLEIND,raw_l2/trade_date=2026-07-17/exchange=NSE/symbol=NESTLEIND/part-050001_073377-010327.parquet,real_data_sample\l2_unseen_validation\trade_date=2026-07-17\exchange=NSE\symbol=NESTLEIND\part-050001_073377-010327.parquet,34539,downloaded,34539,
2026-07-17,NSE,NESTLEIND,raw_l2/trade_date=2026-07-17/exchange=NSE/symbol=NESTLEIND/part-050152_489913-010583.parquet,real_data_sample\l2_unseen_validation\trade_date=2026-07-17\exchange=NSE\symbol=NESTLEIND\part-050152_489913-010583.parquet,34689,downloaded,34689,
2026-07-17,NSE,NESTLEIND,raw_l2/trade_date=2026-07-17/exchange=NSE/symbol=NESTLEIND/part-050510_430044-011031.parquet,real_data_sample\l2_unseen_validation\trade_date=2026-07-17\exchange=NSE\symbol=NESTLEIND\part-050510_430044-011031.parquet,34507,downloaded,34507,
2026-07-17,NSE,NESTLEIND,raw_l2/trade_date=2026-07-17/exchange=NSE/symbol=NESTLEIND/part-050442_509308-010967.parquet,real_data_sample\l2_unseen_validation\trade_date=2026-07-17\exchange=NSE\symbol=NESTLEIND\part-050442_509308-010967.parquet,34550,downloaded,34550,
2026-07-17,NSE,NESTLEIND,raw_l2/trade_date=2026-07-17/exchange=NSE/symbol=NESTLEIND/part-050400_266179-010871.parquet,real_data_sample\l2_unseen_validation\trade_date=2026-07-17\exchange=NSE\symbol=NESTLEIND\part-050400_266179-010871.parquet,34547,downloaded,34547,
2026-07-17,NSE,NESTLEIND,raw_l2/trade_date=2026-07-17/exchange=NSE/symbol=NESTLEIND/part-050456_326295-010999.parquet,real_data_sample\l2_unseen_validation\trade_date=2026-07-17\exchange=NSE\symbol=NESTLEIND\part-050456_326295-010999.parquet,34698,downloaded,34698,
2026-07-17,NSE,NESTLEIND,raw_l2/trade_date=2026-07-17/exchange=NSE/symbol=NESTLEIND/part-045725_873486-009975.parquet,real_data_sample\l2_unseen_validation\trade_date=2026-07-17\exchange=NSE\symbol=NESTLEIND\part-045725_873486-009975.parquet,34445,downloaded,34445,
2026-07-17,NSE,NESTLEIND,raw_l2/trade_date=2026-07-17/exchange=NSE/symbol=NESTLEIND/part-050249_539786-010711.parquet,real_data_sample\l2_unseen_validation\trade_date=2026-07-17\exchange=NSE\symbol=NESTLEIND\part-050249_539786-010711.parquet,34741,downloaded,34741,
2026-07-17,NSE,NESTLEIND,raw_l2/trade_date=2026-07-17/exchange=NSE/symbol=NESTLEIND/part-050428_545217-010935.parquet,real_data_sample\l2_unseen_validation\trade_date=2026-07-17\exchange=NSE\symbol=NESTLEIND\part-050428_545217-010935.parquet,34699,downloaded,34699,
2026-07-17,NSE,NESTLEIND,raw_l2/trade_date=2026-07-17/exchange=NSE/symbol=NESTLEIND/part-050303_763942-010743.parquet,real_data_sample\l2_unseen_validation\trade_date=2026-07-17\exchange=NSE\symbol=NESTLEIND\part-050303_763942-010743.parquet,34387,downloaded,34387,
2026-07-17,NSE,NESTLEIND,raw_l2/trade_date=2026-07-17/exchange=NSE/symbol=NESTLEIND/part-050318_114154-010775.parquet,real_data_sample\l2_unseen_validation\trade_date=2026-07-17\exchange=NSE\symbol=NESTLEIND\part-050318_114154-010775.parquet,34412,downloaded,34412,
2026-07-17,NSE,NESTLEIND,raw_l2/trade_date=2026-07-17/exchange=NSE/symbol=NESTLEIND/part-050138_426031-010551.parquet,real_data_sample\l2_unseen_validation\trade_date=2026-07-17\exchange=NSE\symbol=NESTLEIND\part-050138_426031-010551.parquet,34709,downloaded,34709,
2026-07-17,NSE,NESTLEIND,raw_l2/trade_date=2026-07-17/exchange=NSE/symbol=NESTLEIND/part-050110_554511-010487.parquet,real_data_sample\l2_unseen_validation\trade_date=2026-07-17\exchange=NSE\symbol=NESTLEIND\part-050110_554511-010487.parquet,34559,downloaded,34559,
2026-07-17,NSE,NESTLEIND,raw_l2/trade_date=2026-07-17/exchange=NSE/symbol=NESTLEIND/part-050042_682207-010423.parquet,real_data_sample\l2_unseen_validation\trade_date=2026-07-17\exchange=NSE\symbol=NESTLEIND\part-050042_682207-010423.parquet,34632,downloaded,34632,
2026-07-17,NSE,NESTLEIND,raw_l2/trade_date=2026-07-17/exchange=NSE/symbol=NESTLEIND/part-050220_975337-010647.parquet,real_data_sample\l2_unseen_validation\trade_date=2026-07-17\exchange=NSE\symbol=NESTLEIND\part-050220_975337-010647.parquet,34569,downloaded,34569,
2026-07-17,NSE,NESTLEIND,raw_l2/trade_date=2026-07-17/exchange=NSE/symbol=NESTLEIND/part-050346_150368-010839.parquet,real_data_sample\l2_unseen_validation\trade_date=2026-07-17\exchange=NSE\symbol=NESTLEIND\part-050346_150368-010839.parquet,34529,downloaded,34529,
2026-07-17,NSE,NESTLEIND,raw_l2/trade_date=2026-07-17/exchange=NSE/symbol=NESTLEIND/part-050332_174641-010807.parquet,real_data_sample\l2_unseen_validation\trade_date=2026-07-17\exchange=NSE\symbol=NESTLEIND\part-050332_174641-010807.parquet,34380,downloaded,34380,
2026-07-17,NSE,NESTLEIND,raw_l2/trade_date=2026-07-17/exchange=NSE/symbol=NESTLEIND/part-050014_923348-010359.parquet,real_data_sample\l2_unseen_validation\trade_date=2026-07-17\exchange=NSE\symbol=NESTLEIND\part-050014_923348-010359.parquet,34799,downloaded,34799,
2026-07-17,NSE,NESTLEIND,raw_l2/trade_date=2026-07-17/exchange=NSE/symbol=NESTLEIND/part-045918_301355-010231.parquet,real_data_sample\l2_unseen_validation\trade_date=2026-07-17\exchange=NSE\symbol=NESTLEIND\part-045918_301355-010231.parquet,34877,downloaded,34877,
2026-07-17,NSE,NESTLEIND,raw_l2/trade_date=2026-07-17/exchange=NSE/symbol=NESTLEIND/part-050414_555965-010903.parquet,real_data_sample\l2_unseen_validation\trade_date=2026-07-17\exchange=NSE\symbol=NESTLEIND\part-050414_555965-010903.parquet,34475,downloaded,34475,
2026-07-17,NSE,NESTLEIND,raw_l2/trade_date=2026-07-17/exchange=NSE/symbol=NESTLEIND/part-045822_267413-010103.parquet,real_data_sample\l2_unseen_validation\trade_date=2026-07-17\exchange=NSE\symbol=NESTLEIND\part-045822_267413-010103.parquet,34679,downloaded,34679,
2026-07-17,NSE,NESTLEIND,raw_l2/trade_date=2026-07-17/exchange=NSE/symbol=NESTLEIND/part-045904_457101-010199.parquet,real_data_sample\l2_unseen_validation\trade_date=2026-07-17\exchange=NSE\symbol=NESTLEIND\part-045904_457101-010199.parquet,34409,downloaded,34409,
2026-07-17,NSE,NESTLEIND,raw_l2/trade_date=2026-07-17/exchange=NSE/symbol=NESTLEIND/part-045932_669222-010263.parquet,real_data_sample\l2_unseen_validation\trade_date=2026-07-17\exchange=NSE\symbol=NESTLEIND\part-045932_669222-010263.parquet,34432,downloaded,34432,
2026-07-17,NSE,NESTLEIND,raw_l2/trade_date=2026-07-17/exchange=NSE/symbol=NESTLEIND/part-045946_763237-010295.parquet,real_data_sample\l2_unseen_validation\trade_date=2026-07-17\exchange=NSE\symbol=NESTLEIND\part-045946_763237-010295.parquet,34628,downloaded,34628,
2026-07-17,NSE,NESTLEIND,raw_l2/trade_date=2026-07-17/exchange=NSE/symbol=NESTLEIND/part-045836_454402-010135.parquet,real_data_sample\l2_unseen_validation\trade_date=2026-07-17\exchange=NSE\symbol=NESTLEIND\part-045836_454402-010135.parquet,34363,downloaded,34363,
2026-07-17,NSE,NESTLEIND,raw_l2/trade_date=2026-07-17/exchange=NSE/symbol=NESTLEIND/part-045850_778200-010167.parquet,real_data_sample\l2_unseen_validation\trade_date=2026-07-17\exchange=NSE\symbol=NESTLEIND\part-045850_778200-010167.parquet,34550,downloaded,34550,
2026-07-17,NSE,NESTLEIND,raw_l2/trade_date=2026-07-17/exchange=NSE/symbol=NESTLEIND/part-050028_783101-010391.parquet,real_data_sample\l2_unseen_validation\trade_date=2026-07-17\exchange=NSE\symbol=NESTLEIND\part-050028_783101-010391.parquet,34624,downloaded,34624,
2026-07-17,NSE,NESTLEIND,raw_l2/trade_date=2026-07-17/exchange=NSE/symbol=NESTLEIND/part-050552_251925-011127.parquet,real_data_sample\l2_unseen_validation\trade_date=2026-07-17\exchange=NSE\symbol=NESTLEIND\part-050552_251925-011127.parquet,34647,downloaded,34647,
2026-07-17,NSE,NESTLEIND,raw_l2/trade_date=2026-07-17/exchange=NSE/symbol=NESTLEIND/part-050649_821432-011255.parquet,real_data_sample\l2_unseen_validation\trade_date=2026-07-17\exchange=NSE\symbol=NESTLEIND\part-050649_821432-011255.parquet,34504,downloaded,34504,
2026-07-17,NSE,NESTLEIND,raw_l2/trade_date=2026-07-17/exchange=NSE/symbol=NESTLEIND/part-050620_720916-011191.parquet,real_data_sample\l2_unseen_validation\trade_date=2026-07-17\exchange=NSE\symbol=NESTLEIND\part-050620_720916-011191.parquet,34589,downloaded,34589,
2026-07-17,NSE,NESTLEIND,raw_l2/trade_date=2026-07-17/exchange=NSE/symbol=NESTLEIND/part-050606_290549-011159.parquet,real_data_sample\l2_unseen_validation\trade_date=2026-07-17\exchange=NSE\symbol=NESTLEIND\part-050606_290549-011159.parquet,34446,downloaded,34446,
2026-07-17,NSE,NESTLEIND,raw_l2/trade_date=2026-07-17/exchange=NSE/symbol=NESTLEIND/part-051031_695528-011767.parquet,real_data_sample\l2_unseen_validation\trade_date=2026-07-17\exchange=NSE\symbol=NESTLEIND\part-051031_695528-011767.parquet,34843,downloaded,34843,
2026-07-17,NSE,NESTLEIND,raw_l2/trade_date=2026-07-17/exchange=NSE/symbol=NESTLEIND/part-050854_726131-011543.parquet,real_data_sample\l2_unseen_validation\trade_date=2026-07-17\exchange=NSE\symbol=NESTLEIND\part-050854_726131-011543.parquet,34674,downloaded,34674,
2026-07-17,NSE,NESTLEIND,raw_l2/trade_date=2026-07-17/exchange=NSE/symbol=NESTLEIND/part-050718_038081-011319.parquet,real_data_sample\l2_unseen_validation\trade_date=2026-07-17\exchange=NSE\symbol=NESTLEIND\part-050718_038081-011319.parquet,34744,downloaded,34744,
2026-07-17,NSE,NESTLEIND,raw_l2/trade_date=2026-07-17/exchange=NSE/symbol=NESTLEIND/part-051004_147786-011703.parquet,real_data_sample\l2_unseen_validation\trade_date=2026-07-17\exchange=NSE\symbol=NESTLEIND\part-051004_147786-011703.parquet,34300,downloaded,34300,
2026-07-17,NSE,NESTLEIND,raw_l2/trade_date=2026-07-17/exchange=NSE/symbol=NESTLEIND/part-051017_855233-011735.parquet,real_data_sample\l2_unseen_validation\trade_date=2026-07-17\exchange=NSE\symbol=NESTLEIND\part-051017_855233-011735.parquet,34580,downloaded,34580,
2026-07-17,NSE,NESTLEIND,raw_l2/trade_date=2026-07-17/exchange=NSE/symbol=NESTLEIND/part-051209_321936-011991.parquet,real_data_sample\l2_unseen_validation\trade_date=2026-07-17\exchange=NSE\symbol=NESTLEIND\part-051209_321936-011991.parquet,34527,downloaded,34527,
2026-07-17,NSE,NESTLEIND,raw_l2/trade_date=2026-07-17/exchange=NSE/symbol=NESTLEIND/part-050950_134698-011671.parquet,real_data_sample\l2_unseen_validation\trade_date=2026-07-17\exchange=NSE\symbol=NESTLEIND\part-050950_134698-011671.parquet,34689,downloaded,34689,
2026-07-17,NSE,NESTLEIND,raw_l2/trade_date=2026-07-17/exchange=NSE/symbol=NESTLEIND/part-050908_766182-011575.parquet,real_data_sample\l2_unseen_validation\trade_date=2026-07-17\exchange=NSE\symbol=NESTLEIND\part-050908_766182-011575.parquet,34585,downloaded,34585,
2026-07-17,NSE,NESTLEIND,raw_l2/trade_date=2026-07-17/exchange=NSE/symbol=NESTLEIND/part-051141_432466-011927.parquet,real_data_sample\l2_unseen_validation\trade_date=2026-07-17\exchange=NSE\symbol=NESTLEIND\part-051141_432466-011927.parquet,34588,downloaded,34588,
2026-07-17,NSE,NESTLEIND,raw_l2/trade_date=2026-07-17/exchange=NSE/symbol=NESTLEIND/part-051223_228368-012023.parquet,real_data_sample\l2_unseen_validation\trade_date=2026-07-17\exchange=NSE\symbol=NESTLEIND\part-051223_228368-012023.parquet,34712,downloaded,34712,
2026-07-17,NSE,NESTLEIND,raw_l2/trade_date=2026-07-17/exchange=NSE/symbol=NESTLEIND/part-051113_206303-011863.parquet,real_data_sample\l2_unseen_validation\trade_date=2026-07-17\exchange=NSE\symbol=NESTLEIND\part-051113_206303-011863.parquet,34817,downloaded,34817,
2026-07-17,NSE,NESTLEIND,raw_l2/trade_date=2026-07-17/exchange=NSE/symbol=NESTLEIND/part-051251_100651-012087.parquet,real_data_sample\l2_unseen_validation\trade_date=2026-07-17\exchange=NSE\symbol=NESTLEIND\part-051251_100651-012087.parquet,34518,downloaded,34518,
2026-07-17,NSE,NESTLEIND,raw_l2/trade_date=2026-07-17/exchange=NSE/symbol=NESTLEIND/part-051319_685560-012151.parquet,real_data_sample\l2_unseen_validation\trade_date=2026-07-17\exchange=NSE\symbol=NESTLEIND\part-051319_685560-012151.parquet,34824,downloaded,34824,
2026-07-17,NSE,NESTLEIND,raw_l2/trade_date=2026-07-17/exchange=NSE/symbol=NESTLEIND/part-051334_011403-012183.parquet,real_data_sample\l2_unseen_validation\trade_date=2026-07-17\exchange=NSE\symbol=NESTLEIND\part-051334_011403-012183.parquet,34493,downloaded,34493,
2026-07-17,NSE,NESTLEIND,raw_l2/trade_date=2026-07-17/exchange=NSE/symbol=NESTLEIND/part-051304_953814-012119.parquet,real_data_sample\l2_unseen_validation\trade_date=2026-07-17\exchange=NSE\symbol=NESTLEIND\part-051304_953814-012119.parquet,34737,downloaded,34737,
2026-07-17,NSE,NESTLEIND,raw_l2/trade_date=2026-07-17/exchange=NSE/symbol=NESTLEIND/part-051433_246434-012311.parquet,real_data_sample\l2_unseen_validation\trade_date=2026-07-17\exchange=NSE\symbol=NESTLEIND\part-051433_246434-012311.parquet,34561,downloaded,34561,
2026-07-17,NSE,NESTLEIND,raw_l2/trade_date=2026-07-17/exchange=NSE/symbol=NESTLEIND/part-051237_120545-012055.parquet,real_data_sample\l2_unseen_validation\trade_date=2026-07-17\exchange=NSE\symbol=NESTLEIND\part-051237_120545-012055.parquet,34574,downloaded,34574,
2026-07-17,NSE,NESTLEIND,raw_l2/trade_date=2026-07-17/exchange=NSE/symbol=NESTLEIND/part-051556_980782-012503.parquet,real_data_sample\l2_unseen_validation\trade_date=2026-07-17\exchange=NSE\symbol=NESTLEIND\part-051556_980782-012503.parquet,34740,downloaded,34740,
2026-07-17,NSE,NESTLEIND,raw_l2/trade_date=2026-07-17/exchange=NSE/symbol=NESTLEIND/part-051542_538555-012471.parquet,real_data_sample\l2_unseen_validation\trade_date=2026-07-17\exchange=NSE\symbol=NESTLEIND\part-051542_538555-012471.parquet,34784,downloaded,34784,
2026-07-17,NSE,NESTLEIND,raw_l2/trade_date=2026-07-17/exchange=NSE/symbol=NESTLEIND/part-051348_891900-012215.parquet,real_data_sample\l2_unseen_validation\trade_date=2026-07-17\exchange=NSE\symbol=NESTLEIND\part-051348_891900-012215.parquet,34597,downloaded,34597,
2026-07-17,NSE,NESTLEIND,raw_l2/trade_date=2026-07-17/exchange=NSE/symbol=NESTLEIND/part-051447_037946-012343.parquet,real_data_sample\l2_unseen_validation\trade_date=2026-07-17\exchange=NSE\symbol=NESTLEIND\part-051447_037946-012343.parquet,34614,downloaded,34614,
2026-07-17,NSE,NESTLEIND,raw_l2/trade_date=2026-07-17/exchange=NSE/symbol=NESTLEIND/part-051500_948035-012375.parquet,real_data_sample\l2_unseen_validation\trade_date=2026-07-17\exchange=NSE\symbol=NESTLEIND\part-051500_948035-012375.parquet,34685,downloaded,34685,
2026-07-17,NSE,NESTLEIND,raw_l2/trade_date=2026-07-17/exchange=NSE/symbol=NESTLEIND/part-051514_738425-012407.parquet,real_data_sample\l2_unseen_validation\trade_date=2026-07-17\exchange=NSE\symbol=NESTLEIND\part-051514_738425-012407.parquet,34595,downloaded,34595,
2026-07-17,NSE,NESTLEIND,raw_l2/trade_date=2026-07-17/exchange=NSE/symbol=NESTLEIND/part-051404_007502-012247.parquet,real_data_sample\l2_unseen_validation\trade_date=2026-07-17\exchange=NSE\symbol=NESTLEIND\part-051404_007502-012247.parquet,34706,downloaded,34706,
2026-07-17,NSE,NESTLEIND,raw_l2/trade_date=2026-07-17/exchange=NSE/symbol=NESTLEIND/part-051528_372389-012439.parquet,real_data_sample\l2_unseen_validation\trade_date=2026-07-17\exchange=NSE\symbol=NESTLEIND\part-051528_372389-012439.parquet,34623,downloaded,34623,
2026-07-17,NSE,NESTLEIND,raw_l2/trade_date=2026-07-17/exchange=NSE/symbol=NESTLEIND/part-051418_400386-012279.parquet,real_data_sample\l2_unseen_validation\trade_date=2026-07-17\exchange=NSE\symbol=NESTLEIND\part-051418_400386-012279.parquet,34615,downloaded,34615,
2026-07-17,NSE,NESTLEIND,raw_l2/trade_date=2026-07-17/exchange=NSE/symbol=NESTLEIND/part-051611_675766-012535.parquet,real_data_sample\l2_unseen_validation\trade_date=2026-07-17\exchange=NSE\symbol=NESTLEIND\part-051611_675766-012535.parquet,34536,downloaded,34536,
2026-07-17,NSE,NESTLEIND,raw_l2/trade_date=2026-07-17/exchange=NSE/symbol=NESTLEIND/part-051625_725919-012567.parquet,real_data_sample\l2_unseen_validation\trade_date=2026-07-17\exchange=NSE\symbol=NESTLEIND\part-051625_725919-012567.parquet,34729,downloaded,34729,
2026-07-17,NSE,NESTLEIND,raw_l2/trade_date=2026-07-17/exchange=NSE/symbol=NESTLEIND/part-051708_112456-012663.parquet,real_data_sample\l2_unseen_validation\trade_date=2026-07-17\exchange=NSE\symbol=NESTLEIND\part-051708_112456-012663.parquet,34764,downloaded,34764,
2026-07-17,NSE,NESTLEIND,raw_l2/trade_date=2026-07-17/exchange=NSE/symbol=NESTLEIND/part-051639_921180-012599.parquet,real_data_sample\l2_unseen_validation\trade_date=2026-07-17\exchange=NSE\symbol=NESTLEIND\part-051639_921180-012599.parquet,34641,downloaded,34641,
2026-07-17,NSE,NESTLEIND,raw_l2/trade_date=2026-07-17/exchange=NSE/symbol=NESTLEIND/part-051654_103161-012631.parquet,real_data_sample\l2_unseen_validation\trade_date=2026-07-17\exchange=NSE\symbol=NESTLEIND\part-051654_103161-012631.parquet,34627,downloaded,34627,
2026-07-17,NSE,NESTLEIND,raw_l2/trade_date=2026-07-17/exchange=NSE/symbol=NESTLEIND/part-051722_037164-012695.parquet,real_data_sample\l2_unseen_validation\trade_date=2026-07-17\exchange=NSE\symbol=NESTLEIND\part-051722_037164-012695.parquet,34679,downloaded,34679,
2026-07-17,NSE,NESTLEIND,raw_l2/trade_date=2026-07-17/exchange=NSE/symbol=NESTLEIND/part-051902_790731-012919.parquet,real_data_sample\l2_unseen_validation\trade_date=2026-07-17\exchange=NSE\symbol=NESTLEIND\part-051902_790731-012919.parquet,34577,downloaded,34577,
2026-07-17,NSE,NESTLEIND,raw_l2/trade_date=2026-07-17/exchange=NSE/symbol=NESTLEIND/part-051819_408605-012823.parquet,real_data_sample\l2_unseen_validation\trade_date=2026-07-17\exchange=NSE\symbol=NESTLEIND\part-051819_408605-012823.parquet,34540,downloaded,34540,
2026-07-17,NSE,NESTLEIND,raw_l2/trade_date=2026-07-17/exchange=NSE/symbol=NESTLEIND/part-051847_951625-012887.parquet,real_data_sample\l2_unseen_validation\trade_date=2026-07-17\exchange=NSE\symbol=NESTLEIND\part-051847_951625-012887.parquet,34720,downloaded,34720,
2026-07-17,NSE,NESTLEIND,raw_l2/trade_date=2026-07-17/exchange=NSE/symbol=NESTLEIND/part-051916_895516-012951.parquet,real_data_sample\l2_unseen_validation\trade_date=2026-07-17\exchange=NSE\symbol=NESTLEIND\part-051916_895516-012951.parquet,34835,downloaded,34835,
2026-07-17,NSE,NESTLEIND,raw_l2/trade_date=2026-07-17/exchange=NSE/symbol=NESTLEIND/part-051833_753136-012855.parquet,real_data_sample\l2_unseen_validation\trade_date=2026-07-17\exchange=NSE\symbol=NESTLEIND\part-051833_753136-012855.parquet,34861,downloaded,34861,
2026-07-17,NSE,NESTLEIND,raw_l2/trade_date=2026-07-17/exchange=NSE/symbol=NESTLEIND/part-051805_016107-012791.parquet,real_data_sample\l2_unseen_validation\trade_date=2026-07-17\exchange=NSE\symbol=NESTLEIND\part-051805_016107-012791.parquet,34656,downloaded,34656,
2026-07-17,NSE,NESTLEIND,raw_l2/trade_date=2026-07-17/exchange=NSE/symbol=NESTLEIND/part-051930_723027-012983.parquet,real_data_sample\l2_unseen_validation\trade_date=2026-07-17\exchange=NSE\symbol=NESTLEIND\part-051930_723027-012983.parquet,34626,downloaded,34626,
2026-07-17,NSE,NESTLEIND,raw_l2/trade_date=2026-07-17/exchange=NSE/symbol=NESTLEIND/part-051750_980680-012759.parquet,real_data_sample\l2_unseen_validation\trade_date=2026-07-17\exchange=NSE\symbol=NESTLEIND\part-051750_980680-012759.parquet,34810,downloaded,34810,
2026-07-17,NSE,NESTLEIND,raw_l2/trade_date=2026-07-17/exchange=NSE/symbol=NESTLEIND/part-051736_441199-012727.parquet,real_data_sample\l2_unseen_validation\trade_date=2026-07-17\exchange=NSE\symbol=NESTLEIND\part-051736_441199-012727.parquet,34805,downloaded,34805,
2026-07-17,NSE,NESTLEIND,raw_l2/trade_date=2026-07-17/exchange=NSE/symbol=NESTLEIND/part-051944_531426-013015.parquet,real_data_sample\l2_unseen_validation\trade_date=2026-07-17\exchange=NSE\symbol=NESTLEIND\part-051944_531426-013015.parquet,34647,downloaded,34647,
2026-07-17,NSE,NESTLEIND,raw_l2/trade_date=2026-07-17/exchange=NSE/symbol=NESTLEIND/part-051958_529446-013047.parquet,real_data_sample\l2_unseen_validation\trade_date=2026-07-17\exchange=NSE\symbol=NESTLEIND\part-051958_529446-013047.parquet,34570,downloaded,34570,
2026-07-17,NSE,NESTLEIND,raw_l2/trade_date=2026-07-17/exchange=NSE/symbol=NESTLEIND/part-052012_229746-013079.parquet,real_data_sample\l2_unseen_validation\trade_date=2026-07-17\exchange=NSE\symbol=NESTLEIND\part-052012_229746-013079.parquet,34665,downloaded,34665,
2026-07-17,NSE,NESTLEIND,raw_l2/trade_date=2026-07-17/exchange=NSE/symbol=NESTLEIND/part-052025_943841-013111.parquet,real_data_sample\l2_unseen_validation\trade_date=2026-07-17\exchange=NSE\symbol=NESTLEIND\part-052025_943841-013111.parquet,34677,downloaded,34677,
2026-07-17,NSE,NESTLEIND,raw_l2/trade_date=2026-07-17/exchange=NSE/symbol=NESTLEIND/part-052039_752523-013143.parquet,real_data_sample\l2_unseen_validation\trade_date=2026-07-17\exchange=NSE\symbol=NESTLEIND\part-052039_752523-013143.parquet,34439,downloaded,34439,
2026-07-17,NSE,NESTLEIND,raw_l2/trade_date=2026-07-17/exchange=NSE/symbol=NESTLEIND/part-052053_535711-013175.parquet,real_data_sample\l2_unseen_validation\trade_date=2026-07-17\exchange=NSE\symbol=NESTLEIND\part-052053_535711-013175.parquet,34640,downloaded,34640,
2026-07-17,NSE,NESTLEIND,raw_l2/trade_date=2026-07-17/exchange=NSE/symbol=NESTLEIND/part-052121_244923-013239.parquet,real_data_sample\l2_unseen_validation\trade_date=2026-07-17\exchange=NSE\symbol=NESTLEIND\part-052121_244923-013239.parquet,34849,downloaded,34849,
2026-07-17,NSE,NESTLEIND,raw_l2/trade_date=2026-07-17/exchange=NSE/symbol=NESTLEIND/part-052149_050203-013303.parquet,real_data_sample\l2_unseen_validation\trade_date=2026-07-17\exchange=NSE\symbol=NESTLEIND\part-052149_050203-013303.parquet,34529,downloaded,34529,
2026-07-17,NSE,NESTLEIND,raw_l2/trade_date=2026-07-17/exchange=NSE/symbol=NESTLEIND/part-052107_278843-013207.parquet,real_data_sample\l2_unseen_validation\trade_date=2026-07-17\exchange=NSE\symbol=NESTLEIND\part-052107_278843-013207.parquet,34417,downloaded,34417,
2026-07-17,NSE,NESTLEIND,raw_l2/trade_date=2026-07-17/exchange=NSE/symbol=NESTLEIND/part-052135_030085-013271.parquet,real_data_sample\l2_unseen_validation\trade_date=2026-07-17\exchange=NSE\symbol=NESTLEIND\part-052135_030085-013271.parquet,34583,downloaded,34583,
2026-07-17,NSE,NESTLEIND,raw_l2/trade_date=2026-07-17/exchange=NSE/symbol=NESTLEIND/part-052203_047730-013335.parquet,real_data_sample\l2_unseen_validation\trade_date=2026-07-17\exchange=NSE\symbol=NESTLEIND\part-052203_047730-013335.parquet,34456,downloaded,34456,
2026-07-17,NSE,NESTLEIND,raw_l2/trade_date=2026-07-17/exchange=NSE/symbol=NESTLEIND/part-052217_171815-013367.parquet,real_data_sample\l2_unseen_validation\trade_date=2026-07-17\exchange=NSE\symbol=NESTLEIND\part-052217_171815-013367.parquet,34788,downloaded,34788,
2026-07-17,NSE,NESTLEIND,raw_l2/trade_date=2026-07-17/exchange=NSE/symbol=NESTLEIND/part-052245_040744-013431.parquet,real_data_sample\l2_unseen_validation\trade_date=2026-07-17\exchange=NSE\symbol=NESTLEIND\part-052245_040744-013431.parquet,34692,downloaded,34692,
2026-07-17,NSE,NESTLEIND,raw_l2/trade_date=2026-07-17/exchange=NSE/symbol=NESTLEIND/part-052231_110231-013399.parquet,real_data_sample\l2_unseen_validation\trade_date=2026-07-17\exchange=NSE\symbol=NESTLEIND\part-052231_110231-013399.parquet,34622,downloaded,34622,
2026-07-17,NSE,NESTLEIND,raw_l2/trade_date=2026-07-17/exchange=NSE/symbol=NESTLEIND/part-052259_078735-013463.parquet,real_data_sample\l2_unseen_validation\trade_date=2026-07-17\exchange=NSE\symbol=NESTLEIND\part-052259_078735-013463.parquet,34675,downloaded,34675,
2026-07-17,NSE,NESTLEIND,raw_l2/trade_date=2026-07-17/exchange=NSE/symbol=NESTLEIND/part-052313_104621-013495.parquet,real_data_sample\l2_unseen_validation\trade_date=2026-07-17\exchange=NSE\symbol=NESTLEIND\part-052313_104621-013495.parquet,34659,downloaded,34659,
2026-07-17,NSE,NESTLEIND,raw_l2/trade_date=2026-07-17/exchange=NSE/symbol=NESTLEIND/part-052341_111922-013559.parquet,real_data_sample\l2_unseen_validation\trade_date=2026-07-17\exchange=NSE\symbol=NESTLEIND\part-052341_111922-013559.parquet,34781,downloaded,34781,
2026-07-17,NSE,NESTLEIND,raw_l2/trade_date=2026-07-17/exchange=NSE/symbol=NESTLEIND/part-052326_987072-013527.parquet,real_data_sample\l2_unseen_validation\trade_date=2026-07-17\exchange=NSE\symbol=NESTLEIND\part-052326_987072-013527.parquet,34864,downloaded,34864,
2026-07-17,NSE,NESTLEIND,raw_l2/trade_date=2026-07-17/exchange=NSE/symbol=NESTLEIND/part-052423_005984-013655.parquet,real_data_sample\l2_unseen_validation\trade_date=2026-07-17\exchange=NSE\symbol=NESTLEIND\part-052423_005984-013655.parquet,34827,downloaded,34827,
2026-07-17,NSE,NESTLEIND,raw_l2/trade_date=2026-07-17/exchange=NSE/symbol=NESTLEIND/part-052355_260510-013591.parquet,real_data_sample\l2_unseen_validation\trade_date=2026-07-17\exchange=NSE\symbol=NESTLEIND\part-052355_260510-013591.parquet,34749,downloaded,34749,
2026-07-17,NSE,NESTLEIND,raw_l2/trade_date=2026-07-17/exchange=NSE/symbol=NESTLEIND/part-052409_089895-013623.parquet,real_data_sample\l2_unseen_validation\trade_date=2026-07-17\exchange=NSE\symbol=NESTLEIND\part-052409_089895-013623.parquet,34557,downloaded,34557,
2026-07-17,NSE,NESTLEIND,raw_l2/trade_date=2026-07-17/exchange=NSE/symbol=NESTLEIND/part-052437_044749-013687.parquet,real_data_sample\l2_unseen_validation\trade_date=2026-07-17\exchange=NSE\symbol=NESTLEIND\part-052437_044749-013687.parquet,34752,downloaded,34752,
2026-07-17,NSE,NESTLEIND,raw_l2/trade_date=2026-07-17/exchange=NSE/symbol=NESTLEIND/part-050235_269304-010679.parquet,real_data_sample\l2_unseen_validation\trade_date=2026-07-17\exchange=NSE\symbol=NESTLEIND\part-050235_269304-010679.parquet,34492,downloaded,34492,
2026-07-17,NSE,NESTLEIND,raw_l2/trade_date=2026-07-17/exchange=NSE/symbol=NESTLEIND/part-052450_840125-013719.parquet,real_data_sample\l2_unseen_validation\trade_date=2026-07-17\exchange=NSE\symbol=NESTLEIND\part-052450_840125-013719.parquet,34718,downloaded,34718,
2026-07-17,NSE,NESTLEIND,raw_l2/trade_date=2026-07-17/exchange=NSE/symbol=NESTLEIND/part-052504_712708-013751.parquet,real_data_sample\l2_unseen_validation\trade_date=2026-07-17\exchange=NSE\symbol=NESTLEIND\part-052504_712708-013751.parquet,34630,downloaded,34630,
2026-07-17,NSE,NESTLEIND,raw_l2/trade_date=2026-07-17/exchange=NSE/symbol=NESTLEIND/part-052518_467377-013783.parquet,real_data_sample\l2_unseen_validation\trade_date=2026-07-17\exchange=NSE\symbol=NESTLEIND\part-052518_467377-013783.parquet,34667,downloaded,34667,
2026-07-17,NSE,NESTLEIND,raw_l2/trade_date=2026-07-17/exchange=NSE/symbol=NESTLEIND/part-052532_536562-013815.parquet,real_data_sample\l2_unseen_validation\trade_date=2026-07-17\exchange=NSE\symbol=NESTLEIND\part-052532_536562-013815.parquet,34704,downloaded,34704,
2026-07-17,NSE,NESTLEIND,raw_l2/trade_date=2026-07-17/exchange=NSE/symbol=NESTLEIND/part-052546_624490-013847.parquet,real_data_sample\l2_unseen_validation\trade_date=2026-07-17\exchange=NSE\symbol=NESTLEIND\part-052546_624490-013847.parquet,34842,downloaded,34842,
2026-07-17,NSE,NESTLEIND,raw_l2/trade_date=2026-07-17/exchange=NSE/symbol=NESTLEIND/part-052600_762404-013879.parquet,real_data_sample\l2_unseen_validation\trade_date=2026-07-17\exchange=NSE\symbol=NESTLEIND\part-052600_762404-013879.parquet,34830,downloaded,34830,
2026-07-17,NSE,NESTLEIND,raw_l2/trade_date=2026-07-17/exchange=NSE/symbol=NESTLEIND/part-052629_105473-013943.parquet,real_data_sample\l2_unseen_validation\trade_date=2026-07-17\exchange=NSE\symbol=NESTLEIND\part-052629_105473-013943.parquet,34951,downloaded,34951,
2026-07-17,NSE,NESTLEIND,raw_l2/trade_date=2026-07-17/exchange=NSE/symbol=NESTLEIND/part-052614_879368-013911.parquet,real_data_sample\l2_unseen_validation\trade_date=2026-07-17\exchange=NSE\symbol=NESTLEIND\part-052614_879368-013911.parquet,34771,downloaded,34771,
2026-07-17,NSE,NESTLEIND,raw_l2/trade_date=2026-07-17/exchange=NSE/symbol=NESTLEIND/part-052643_182176-013975.parquet,real_data_sample\l2_unseen_validation\trade_date=2026-07-17\exchange=NSE\symbol=NESTLEIND\part-052643_182176-013975.parquet,34711,downloaded,34711,
2026-07-17,NSE,NESTLEIND,raw_l2/trade_date=2026-07-17/exchange=NSE/symbol=NESTLEIND/part-052657_384469-014007.parquet,real_data_sample\l2_unseen_validation\trade_date=2026-07-17\exchange=NSE\symbol=NESTLEIND\part-052657_384469-014007.parquet,34840,downloaded,34840,
2026-07-17,NSE,NESTLEIND,raw_l2/trade_date=2026-07-17/exchange=NSE/symbol=NESTLEIND/part-052725_448457-014071.parquet,real_data_sample\l2_unseen_validation\trade_date=2026-07-17\exchange=NSE\symbol=NESTLEIND\part-052725_448457-014071.parquet,34661,downloaded,34661,
2026-07-17,NSE,NESTLEIND,raw_l2/trade_date=2026-07-17/exchange=NSE/symbol=NESTLEIND/part-052711_426749-014039.parquet,real_data_sample\l2_unseen_validation\trade_date=2026-07-17\exchange=NSE\symbol=NESTLEIND\part-052711_426749-014039.parquet,34838,downloaded,34838,
2026-07-17,NSE,NESTLEIND,raw_l2/trade_date=2026-07-17/exchange=NSE/symbol=NESTLEIND/part-052739_312014-014103.parquet,real_data_sample\l2_unseen_validation\trade_date=2026-07-17\exchange=NSE\symbol=NESTLEIND\part-052739_312014-014103.parquet,34715,downloaded,34715,
2026-07-17,NSE,NESTLEIND,raw_l2/trade_date=2026-07-17/exchange=NSE/symbol=NESTLEIND/part-052807_140415-014167.parquet,real_data_sample\l2_unseen_validation\trade_date=2026-07-17\exchange=NSE\symbol=NESTLEIND\part-052807_140415-014167.parquet,34606,downloaded,34606,
2026-07-17,NSE,NESTLEIND,raw_l2/trade_date=2026-07-17/exchange=NSE/symbol=NESTLEIND/part-052753_266760-014135.parquet,real_data_sample\l2_unseen_validation\trade_date=2026-07-17\exchange=NSE\symbol=NESTLEIND\part-052753_266760-014135.parquet,34540,downloaded,34540,
2026-07-17,NSE,NESTLEIND,raw_l2/trade_date=2026-07-17/exchange=NSE/symbol=NESTLEIND/part-052849_714596-014263.parquet,real_data_sample\l2_unseen_validation\trade_date=2026-07-17\exchange=NSE\symbol=NESTLEIND\part-052849_714596-014263.parquet,34522,downloaded,34522,
2026-07-17,NSE,NESTLEIND,raw_l2/trade_date=2026-07-17/exchange=NSE/symbol=NESTLEIND/part-052903_924416-014295.parquet,real_data_sample\l2_unseen_validation\trade_date=2026-07-17\exchange=NSE\symbol=NESTLEIND\part-052903_924416-014295.parquet,34639,downloaded,34639,
2026-07-17,NSE,NESTLEIND,raw_l2/trade_date=2026-07-17/exchange=NSE/symbol=NESTLEIND/part-052835_460115-014231.parquet,real_data_sample\l2_unseen_validation\trade_date=2026-07-17\exchange=NSE\symbol=NESTLEIND\part-052835_460115-014231.parquet,34626,downloaded,34626,
2026-07-17,NSE,NESTLEIND,raw_l2/trade_date=2026-07-17/exchange=NSE/symbol=NESTLEIND/part-052931_824402-014359.parquet,real_data_sample\l2_unseen_validation\trade_date=2026-07-17\exchange=NSE\symbol=NESTLEIND\part-052931_824402-014359.parquet,34540,downloaded,34540,
2026-07-17,NSE,NESTLEIND,raw_l2/trade_date=2026-07-17/exchange=NSE/symbol=NESTLEIND/part-052917_911546-014327.parquet,real_data_sample\l2_unseen_validation\trade_date=2026-07-17\exchange=NSE\symbol=NESTLEIND\part-052917_911546-014327.parquet,34517,downloaded,34517,
2026-07-17,NSE,NESTLEIND,raw_l2/trade_date=2026-07-17/exchange=NSE/symbol=NESTLEIND/part-052945_845670-014391.parquet,real_data_sample\l2_unseen_validation\trade_date=2026-07-17\exchange=NSE\symbol=NESTLEIND\part-052945_845670-014391.parquet,34438,downloaded,34438,
2026-07-17,NSE,NESTLEIND,raw_l2/trade_date=2026-07-17/exchange=NSE/symbol=NESTLEIND/part-050206_898145-010615.parquet,real_data_sample\l2_unseen_validation\trade_date=2026-07-17\exchange=NSE\symbol=NESTLEIND\part-050206_898145-010615.parquet,34776,downloaded,34776,
2026-07-17,NSE,NESTLEIND,raw_l2/trade_date=2026-07-17/exchange=NSE/symbol=NESTLEIND/part-052959_901671-014423.parquet,real_data_sample\l2_unseen_validation\trade_date=2026-07-17\exchange=NSE\symbol=NESTLEIND\part-052959_901671-014423.parquet,34450,downloaded,34450,
2026-07-17,NSE,NESTLEIND,raw_l2/trade_date=2026-07-17/exchange=NSE/symbol=NESTLEIND/part-053029_520191-014487.parquet,real_data_sample\l2_unseen_validation\trade_date=2026-07-17\exchange=NSE\symbol=NESTLEIND\part-053029_520191-014487.parquet,34786,downloaded,34786,
2026-07-17,NSE,NESTLEIND,raw_l2/trade_date=2026-07-17/exchange=NSE/symbol=NESTLEIND/part-053015_190595-014455.parquet,real_data_sample\l2_unseen_validation\trade_date=2026-07-17\exchange=NSE\symbol=NESTLEIND\part-053015_190595-014455.parquet,34440,downloaded,34440,
2026-07-17,NSE,NESTLEIND,raw_l2/trade_date=2026-07-17/exchange=NSE/symbol=NESTLEIND/part-053043_400017-014519.parquet,real_data_sample\l2_unseen_validation\trade_date=2026-07-17\exchange=NSE\symbol=NESTLEIND\part-053043_400017-014519.parquet,34558,downloaded,34558,
2026-07-17,NSE,NESTLEIND,raw_l2/trade_date=2026-07-17/exchange=NSE/symbol=NESTLEIND/part-053057_422395-014551.parquet,real_data_sample\l2_unseen_validation\trade_date=2026-07-17\exchange=NSE\symbol=NESTLEIND\part-053057_422395-014551.parquet,34722,downloaded,34722,
2026-07-17,NSE,NESTLEIND,raw_l2/trade_date=2026-07-17/exchange=NSE/symbol=NESTLEIND/part-053126_327512-014615.parquet,real_data_sample\l2_unseen_validation\trade_date=2026-07-17\exchange=NSE\symbol=NESTLEIND\part-053126_327512-014615.parquet,34785,downloaded,34785,
2026-07-17,NSE,NESTLEIND,raw_l2/trade_date=2026-07-17/exchange=NSE/symbol=NESTLEIND/part-053154_117431-014679.parquet,real_data_sample\l2_unseen_validation\trade_date=2026-07-17\exchange=NSE\symbol=NESTLEIND\part-053154_117431-014679.parquet,34544,downloaded,34544,
2026-07-17,NSE,NESTLEIND,raw_l2/trade_date=2026-07-17/exchange=NSE/symbol=NESTLEIND/part-053112_139750-014583.parquet,real_data_sample\l2_unseen_validation\trade_date=2026-07-17\exchange=NSE\symbol=NESTLEIND\part-053112_139750-014583.parquet,34576,downloaded,34576,
2026-07-17,NSE,NESTLEIND,raw_l2/trade_date=2026-07-17/exchange=NSE/symbol=NESTLEIND/part-053140_296677-014647.parquet,real_data_sample\l2_unseen_validation\trade_date=2026-07-17\exchange=NSE\symbol=NESTLEIND\part-053140_296677-014647.parquet,34830,downloaded,34830,
2026-07-17,NSE,NESTLEIND,raw_l2/trade_date=2026-07-17/exchange=NSE/symbol=NESTLEIND/part-053222_359639-014743.parquet,real_data_sample\l2_unseen_validation\trade_date=2026-07-17\exchange=NSE\symbol=NESTLEIND\part-053222_359639-014743.parquet,34766,downloaded,34766,
2026-07-17,NSE,NESTLEIND,raw_l2/trade_date=2026-07-17/exchange=NSE/symbol=NESTLEIND/part-051059_323887-011831.parquet,real_data_sample\l2_unseen_validation\trade_date=2026-07-17\exchange=NSE\symbol=NESTLEIND\part-051059_323887-011831.parquet,34549,downloaded,34549,
2026-07-17,NSE,NESTLEIND,raw_l2/trade_date=2026-07-17/exchange=NSE/symbol=NESTLEIND/part-053236_377308-014775.parquet,real_data_sample\l2_unseen_validation\trade_date=2026-07-17\exchange=NSE\symbol=NESTLEIND\part-053236_377308-014775.parquet,34632,downloaded,34632,
2026-07-17,NSE,NESTLEIND,raw_l2/trade_date=2026-07-17/exchange=NSE/symbol=NESTLEIND/part-050538_275899-011095.parquet,real_data_sample\l2_unseen_validation\trade_date=2026-07-17\exchange=NSE\symbol=NESTLEIND\part-050538_275899-011095.parquet,34381,downloaded,34381,
2026-07-17,NSE,NESTLEIND,raw_l2/trade_date=2026-07-17/exchange=NSE/symbol=NESTLEIND/part-050759_505545-011415.parquet,real_data_sample\l2_unseen_validation\trade_date=2026-07-17\exchange=NSE\symbol=NESTLEIND\part-050759_505545-011415.parquet,34697,downloaded,34697,
2026-07-17,NSE,NESTLEIND,raw_l2/trade_date=2026-07-17/exchange=NSE/symbol=NESTLEIND/part-050813_431969-011447.parquet,real_data_sample\l2_unseen_validation\trade_date=2026-07-17\exchange=NSE\symbol=NESTLEIND\part-050813_431969-011447.parquet,34712,downloaded,34712,
2026-07-17,NSE,NESTLEIND,raw_l2/trade_date=2026-07-17/exchange=NSE/symbol=NESTLEIND/part-050922_605392-011607.parquet,real_data_sample\l2_unseen_validation\trade_date=2026-07-17\exchange=NSE\symbol=NESTLEIND\part-050922_605392-011607.parquet,34479,downloaded,34479,
2026-07-17,NSE,NESTLEIND,raw_l2/trade_date=2026-07-17/exchange=NSE/symbol=NESTLEIND/part-053400_647298-014967.parquet,real_data_sample\l2_unseen_validation\trade_date=2026-07-17\exchange=NSE\symbol=NESTLEIND\part-053400_647298-014967.parquet,34417,downloaded,34417,
2026-07-17,NSE,NESTLEIND,raw_l2/trade_date=2026-07-17/exchange=NSE/symbol=NESTLEIND/part-053346_532809-014935.parquet,real_data_sample\l2_unseen_validation\trade_date=2026-07-17\exchange=NSE\symbol=NESTLEIND\part-053346_532809-014935.parquet,34473,downloaded,34473,
2026-07-17,NSE,NESTLEIND,raw_l2/trade_date=2026-07-17/exchange=NSE/symbol=NESTLEIND/part-053318_550193-014871.parquet,real_data_sample\l2_unseen_validation\trade_date=2026-07-17\exchange=NSE\symbol=NESTLEIND\part-053318_550193-014871.parquet,34393,downloaded,34393,
2026-07-17,NSE,NESTLEIND,raw_l2/trade_date=2026-07-17/exchange=NSE/symbol=NESTLEIND/part-053208_261540-014711.parquet,real_data_sample\l2_unseen_validation\trade_date=2026-07-17\exchange=NSE\symbol=NESTLEIND\part-053208_261540-014711.parquet,34715,downloaded,34715,
2026-07-17,NSE,NESTLEIND,raw_l2/trade_date=2026-07-17/exchange=NSE/symbol=NESTLEIND/part-053250_351556-014807.parquet,real_data_sample\l2_unseen_validation\trade_date=2026-07-17\exchange=NSE\symbol=NESTLEIND\part-053250_351556-014807.parquet,34627,downloaded,34627,
2026-07-17,NSE,NESTLEIND,raw_l2/trade_date=2026-07-17/exchange=NSE/symbol=NESTLEIND/part-053304_452002-014839.parquet,real_data_sample\l2_unseen_validation\trade_date=2026-07-17\exchange=NSE\symbol=NESTLEIND\part-053304_452002-014839.parquet,34619,downloaded,34619,
2026-07-17,NSE,NESTLEIND,raw_l2/trade_date=2026-07-17/exchange=NSE/symbol=NESTLEIND/part-050745_774728-011383.parquet,real_data_sample\l2_unseen_validation\trade_date=2026-07-17\exchange=NSE\symbol=NESTLEIND\part-050745_774728-011383.parquet,34682,downloaded,34682,
2026-07-17,NSE,NESTLEIND,raw_l2/trade_date=2026-07-17/exchange=NSE/symbol=NESTLEIND/part-050827_208318-011479.parquet,real_data_sample\l2_unseen_validation\trade_date=2026-07-17\exchange=NSE\symbol=NESTLEIND\part-050827_208318-011479.parquet,34581,downloaded,34581,
2026-07-17,NSE,NESTLEIND,raw_l2/trade_date=2026-07-17/exchange=NSE/symbol=NESTLEIND/part-053428_526529-015031.parquet,real_data_sample\l2_unseen_validation\trade_date=2026-07-17\exchange=NSE\symbol=NESTLEIND\part-053428_526529-015031.parquet,34627,downloaded,34627,
2026-07-17,NSE,NESTLEIND,raw_l2/trade_date=2026-07-17/exchange=NSE/symbol=NESTLEIND/part-053414_723231-014999.parquet,real_data_sample\l2_unseen_validation\trade_date=2026-07-17\exchange=NSE\symbol=NESTLEIND\part-053414_723231-014999.parquet,34606,downloaded,34606,
2026-07-17,NSE,NESTLEIND,raw_l2/trade_date=2026-07-17/exchange=NSE/symbol=NESTLEIND/part-050731_978255-011351.parquet,real_data_sample\l2_unseen_validation\trade_date=2026-07-17\exchange=NSE\symbol=NESTLEIND\part-050731_978255-011351.parquet,34471,downloaded,34471,
2026-07-17,NSE,NESTLEIND,raw_l2/trade_date=2026-07-17/exchange=NSE/symbol=NESTLEIND/part-051045_589216-011799.parquet,real_data_sample\l2_unseen_validation\trade_date=2026-07-17\exchange=NSE\symbol=NESTLEIND\part-051045_589216-011799.parquet,34710,downloaded,34710,
2026-07-17,NSE,NESTLEIND,raw_l2/trade_date=2026-07-17/exchange=NSE/symbol=NESTLEIND/part-050703_840638-011287.parquet,real_data_sample\l2_unseen_validation\trade_date=2026-07-17\exchange=NSE\symbol=NESTLEIND\part-050703_840638-011287.parquet,34697,downloaded,34697,
2026-07-17,NSE,NESTLEIND,raw_l2/trade_date=2026-07-17/exchange=NSE/symbol=NESTLEIND/part-053442_265603-015063.parquet,real_data_sample\l2_unseen_validation\trade_date=2026-07-17\exchange=NSE\symbol=NESTLEIND\part-053442_265603-015063.parquet,34693,downloaded,34693,
2026-07-17,NSE,NESTLEIND,raw_l2/trade_date=2026-07-17/exchange=NSE/symbol=NESTLEIND/part-050841_010581-011511.parquet,real_data_sample\l2_unseen_validation\trade_date=2026-07-17\exchange=NSE\symbol=NESTLEIND\part-050841_010581-011511.parquet,34678,downloaded,34678,
2026-07-17,NSE,NESTLEIND,raw_l2/trade_date=2026-07-17/exchange=NSE/symbol=NESTLEIND/part-053455_911341-015095.parquet,real_data_sample\l2_unseen_validation\trade_date=2026-07-17\exchange=NSE\symbol=NESTLEIND\part-053455_911341-015095.parquet,34493,downloaded,34493,
2026-07-17,NSE,NESTLEIND,raw_l2/trade_date=2026-07-17/exchange=NSE/symbol=NESTLEIND/part-053509_955861-015127.parquet,real_data_sample\l2_unseen_validation\trade_date=2026-07-17\exchange=NSE\symbol=NESTLEIND\part-053509_955861-015127.parquet,34705,downloaded,34705,
2026-07-17,NSE,NESTLEIND,raw_l2/trade_date=2026-07-17/exchange=NSE/symbol=NESTLEIND/part-053523_835206-015159.parquet,real_data_sample\l2_unseen_validation\trade_date=2026-07-17\exchange=NSE\symbol=NESTLEIND\part-053523_835206-015159.parquet,34669,downloaded,34669,
2026-07-17,NSE,NESTLEIND,raw_l2/trade_date=2026-07-17/exchange=NSE/symbol=NESTLEIND/part-052821_182046-014199.parquet,real_data_sample\l2_unseen_validation\trade_date=2026-07-17\exchange=NSE\symbol=NESTLEIND\part-052821_182046-014199.parquet,34557,downloaded,34557,
2026-07-17,NSE,NESTLEIND,raw_l2/trade_date=2026-07-17/exchange=NSE/symbol=NESTLEIND/part-053537_697855-015191.parquet,real_data_sample\l2_unseen_validation\trade_date=2026-07-17\exchange=NSE\symbol=NESTLEIND\part-053537_697855-015191.parquet,34752,downloaded,34752,
2026-07-17,NSE,NESTLEIND,raw_l2/trade_date=2026-07-17/exchange=NSE/symbol=NESTLEIND/part-053619_321604-015287.parquet,real_data_sample\l2_unseen_validation\trade_date=2026-07-17\exchange=NSE\symbol=NESTLEIND\part-053619_321604-015287.parquet,34361,downloaded,34361,
2026-07-17,NSE,NESTLEIND,raw_l2/trade_date=2026-07-17/exchange=NSE/symbol=NESTLEIND/part-051127_300950-011895.parquet,real_data_sample\l2_unseen_validation\trade_date=2026-07-17\exchange=NSE\symbol=NESTLEIND\part-051127_300950-011895.parquet,34470,downloaded,34470,
2026-07-17,NSE,NESTLEIND,raw_l2/trade_date=2026-07-17/exchange=NSE/symbol=NESTLEIND/part-053605_271282-015255.parquet,real_data_sample\l2_unseen_validation\trade_date=2026-07-17\exchange=NSE\symbol=NESTLEIND\part-053605_271282-015255.parquet,34631,downloaded,34631,
2026-07-17,NSE,NESTLEIND,raw_l2/trade_date=2026-07-17/exchange=NSE/symbol=NESTLEIND/part-053647_465730-015351.parquet,real_data_sample\l2_unseen_validation\trade_date=2026-07-17\exchange=NSE\symbol=NESTLEIND\part-053647_465730-015351.parquet,34689,downloaded,34689,
2026-07-17,NSE,NESTLEIND,raw_l2/trade_date=2026-07-17/exchange=NSE/symbol=NESTLEIND/part-053551_573296-015223.parquet,real_data_sample\l2_unseen_validation\trade_date=2026-07-17\exchange=NSE\symbol=NESTLEIND\part-053551_573296-015223.parquet,34707,downloaded,34707,
2026-07-17,NSE,NESTLEIND,raw_l2/trade_date=2026-07-17/exchange=NSE/symbol=NESTLEIND/part-051155_293590-011959.parquet,real_data_sample\l2_unseen_validation\trade_date=2026-07-17\exchange=NSE\symbol=NESTLEIND\part-051155_293590-011959.parquet,34567,downloaded,34567,
2026-07-17,NSE,NESTLEIND,raw_l2/trade_date=2026-07-17/exchange=NSE/symbol=NESTLEIND/part-053633_535806-015319.parquet,real_data_sample\l2_unseen_validation\trade_date=2026-07-17\exchange=NSE\symbol=NESTLEIND\part-053633_535806-015319.parquet,34926,downloaded,34926,
2026-07-17,NSE,NESTLEIND,raw_l2/trade_date=2026-07-17/exchange=NSE/symbol=NESTLEIND/part-053729_240660-015447.parquet,real_data_sample\l2_unseen_validation\trade_date=2026-07-17\exchange=NSE\symbol=NESTLEIND\part-053729_240660-015447.parquet,34974,downloaded,34974,
2026-07-17,NSE,NESTLEIND,raw_l2/trade_date=2026-07-17/exchange=NSE/symbol=NESTLEIND/part-053701_400095-015383.parquet,real_data_sample\l2_unseen_validation\trade_date=2026-07-17\exchange=NSE\symbol=NESTLEIND\part-053701_400095-015383.parquet,34745,downloaded,34745,
2026-07-17,NSE,NESTLEIND,raw_l2/trade_date=2026-07-17/exchange=NSE/symbol=NESTLEIND/part-053743_051996-015479.parquet,real_data_sample\l2_unseen_validation\trade_date=2026-07-17\exchange=NSE\symbol=NESTLEIND\part-053743_051996-015479.parquet,34776,downloaded,34776,
2026-07-17,NSE,NESTLEIND,raw_l2/trade_date=2026-07-17/exchange=NSE/symbol=NESTLEIND/part-053715_350641-015415.parquet,real_data_sample\l2_unseen_validation\trade_date=2026-07-17\exchange=NSE\symbol=NESTLEIND\part-053715_350641-015415.parquet,34597,downloaded,34597,
2026-07-17,NSE,NESTLEIND,raw_l2/trade_date=2026-07-17/exchange=NSE/symbol=NESTLEIND/part-050936_430460-011639.parquet,real_data_sample\l2_unseen_validation\trade_date=2026-07-17\exchange=NSE\symbol=NESTLEIND\part-050936_430460-011639.parquet,34572,downloaded,34572,
2026-07-17,NSE,NESTLEIND,raw_l2/trade_date=2026-07-17/exchange=NSE/symbol=NESTLEIND/part-053824_936368-015575.parquet,real_data_sample\l2_unseen_validation\trade_date=2026-07-17\exchange=NSE\symbol=NESTLEIND\part-053824_936368-015575.parquet,34828,downloaded,34828,
2026-07-17,NSE,NESTLEIND,raw_l2/trade_date=2026-07-17/exchange=NSE/symbol=NESTLEIND/part-053810_829811-015543.parquet,real_data_sample\l2_unseen_validation\trade_date=2026-07-17\exchange=NSE\symbol=NESTLEIND\part-053810_829811-015543.parquet,34409,downloaded,34409,
2026-07-17,NSE,NESTLEIND,raw_l2/trade_date=2026-07-17/exchange=NSE/symbol=NESTLEIND/part-053839_056122-015607.parquet,real_data_sample\l2_unseen_validation\trade_date=2026-07-17\exchange=NSE\symbol=NESTLEIND\part-053839_056122-015607.parquet,34635,downloaded,34635,
2026-07-17,NSE,NESTLEIND,raw_l2/trade_date=2026-07-17/exchange=NSE/symbol=NESTLEIND/part-053756_972693-015511.parquet,real_data_sample\l2_unseen_validation\trade_date=2026-07-17\exchange=NSE\symbol=NESTLEIND\part-053756_972693-015511.parquet,34698,downloaded,34698,
2026-07-17,NSE,NESTLEIND,raw_l2/trade_date=2026-07-17/exchange=NSE/symbol=NESTLEIND/part-053906_746452-015671.parquet,real_data_sample\l2_unseen_validation\trade_date=2026-07-17\exchange=NSE\symbol=NESTLEIND\part-053906_746452-015671.parquet,34639,downloaded,34639,
2026-07-17,NSE,NESTLEIND,raw_l2/trade_date=2026-07-17/exchange=NSE/symbol=NESTLEIND/part-054030_481790-015863.parquet,real_data_sample\l2_unseen_validation\trade_date=2026-07-17\exchange=NSE\symbol=NESTLEIND\part-054030_481790-015863.parquet,34792,downloaded,34792,
2026-07-17,NSE,NESTLEIND,raw_l2/trade_date=2026-07-17/exchange=NSE/symbol=NESTLEIND/part-053920_817530-015703.parquet,real_data_sample\l2_unseen_validation\trade_date=2026-07-17\exchange=NSE\symbol=NESTLEIND\part-053920_817530-015703.parquet,34620,downloaded,34620,
2026-07-17,NSE,NESTLEIND,raw_l2/trade_date=2026-07-17/exchange=NSE/symbol=NESTLEIND/part-050635_539317-011223.parquet,real_data_sample\l2_unseen_validation\trade_date=2026-07-17\exchange=NSE\symbol=NESTLEIND\part-050635_539317-011223.parquet,34570,downloaded,34570,
2026-07-17,NSE,NESTLEIND,raw_l2/trade_date=2026-07-17/exchange=NSE/symbol=NESTLEIND/part-053948_534745-015767.parquet,real_data_sample\l2_unseen_validation\trade_date=2026-07-17\exchange=NSE\symbol=NESTLEIND\part-053948_534745-015767.parquet,34718,downloaded,34718,
2026-07-17,NSE,NESTLEIND,raw_l2/trade_date=2026-07-17/exchange=NSE/symbol=NESTLEIND/part-053934_744111-015735.parquet,real_data_sample\l2_unseen_validation\trade_date=2026-07-17\exchange=NSE\symbol=NESTLEIND\part-053934_744111-015735.parquet,34835,downloaded,34835,
2026-07-17,NSE,NESTLEIND,raw_l2/trade_date=2026-07-17/exchange=NSE/symbol=NESTLEIND/part-054002_667805-015799.parquet,real_data_sample\l2_unseen_validation\trade_date=2026-07-17\exchange=NSE\symbol=NESTLEIND\part-054002_667805-015799.parquet,34634,downloaded,34634,
2026-07-17,NSE,NESTLEIND,raw_l2/trade_date=2026-07-17/exchange=NSE/symbol=NESTLEIND/part-054016_423042-015831.parquet,real_data_sample\l2_unseen_validation\trade_date=2026-07-17\exchange=NSE\symbol=NESTLEIND\part-054016_423042-015831.parquet,34689,downloaded,34689,
2026-07-17,NSE,NESTLEIND,raw_l2/trade_date=2026-07-17/exchange=NSE/symbol=NESTLEIND/part-054331_086473-016279.parquet,real_data_sample\l2_unseen_validation\trade_date=2026-07-17\exchange=NSE\symbol=NESTLEIND\part-054331_086473-016279.parquet,34540,downloaded,34540,
2026-07-17,NSE,NESTLEIND,raw_l2/trade_date=2026-07-17/exchange=NSE/symbol=NESTLEIND/part-054125_978387-015991.parquet,real_data_sample\l2_unseen_validation\trade_date=2026-07-17\exchange=NSE\symbol=NESTLEIND\part-054125_978387-015991.parquet,34643,downloaded,34643,
2026-07-17,NSE,NESTLEIND,raw_l2/trade_date=2026-07-17/exchange=NSE/symbol=NESTLEIND/part-054235_268426-016151.parquet,real_data_sample\l2_unseen_validation\trade_date=2026-07-17\exchange=NSE\symbol=NESTLEIND\part-054235_268426-016151.parquet,34586,downloaded,34586,
2026-07-17,NSE,NESTLEIND,raw_l2/trade_date=2026-07-17/exchange=NSE/symbol=NESTLEIND/part-054207_534961-016087.parquet,real_data_sample\l2_unseen_validation\trade_date=2026-07-17\exchange=NSE\symbol=NESTLEIND\part-054207_534961-016087.parquet,34315,downloaded,34315,
2026-07-17,NSE,NESTLEIND,raw_l2/trade_date=2026-07-17/exchange=NSE/symbol=NESTLEIND/part-054249_318512-016183.parquet,real_data_sample\l2_unseen_validation\trade_date=2026-07-17\exchange=NSE\symbol=NESTLEIND\part-054249_318512-016183.parquet,34456,downloaded,34456,
2026-07-17,NSE,NESTLEIND,raw_l2/trade_date=2026-07-17/exchange=NSE/symbol=NESTLEIND/part-054317_260985-016247.parquet,real_data_sample\l2_unseen_validation\trade_date=2026-07-17\exchange=NSE\symbol=NESTLEIND\part-054317_260985-016247.parquet,34610,downloaded,34610,
2026-07-17,NSE,NESTLEIND,raw_l2/trade_date=2026-07-17/exchange=NSE/symbol=NESTLEIND/part-054112_224360-015959.parquet,real_data_sample\l2_unseen_validation\trade_date=2026-07-17\exchange=NSE\symbol=NESTLEIND\part-054112_224360-015959.parquet,34640,downloaded,34640,
2026-07-17,NSE,NESTLEIND,raw_l2/trade_date=2026-07-17/exchange=NSE/symbol=NESTLEIND/part-054303_329470-016215.parquet,real_data_sample\l2_unseen_validation\trade_date=2026-07-17\exchange=NSE\symbol=NESTLEIND\part-054303_329470-016215.parquet,34902,downloaded,34902,
2026-07-17,NSE,NESTLEIND,raw_l2/trade_date=2026-07-17/exchange=NSE/symbol=NESTLEIND/part-054153_557561-016055.parquet,real_data_sample\l2_unseen_validation\trade_date=2026-07-17\exchange=NSE\symbol=NESTLEIND\part-054153_557561-016055.parquet,34774,downloaded,34774,
2026-07-17,NSE,NESTLEIND,raw_l2/trade_date=2026-07-17/exchange=NSE/symbol=NESTLEIND/part-054344_988170-016311.parquet,real_data_sample\l2_unseen_validation\trade_date=2026-07-17\exchange=NSE\symbol=NESTLEIND\part-054344_988170-016311.parquet,34656,downloaded,34656,
2026-07-17,NSE,NESTLEIND,raw_l2/trade_date=2026-07-17/exchange=NSE/symbol=NESTLEIND/part-054221_502700-016119.parquet,real_data_sample\l2_unseen_validation\trade_date=2026-07-17\exchange=NSE\symbol=NESTLEIND\part-054221_502700-016119.parquet,34607,downloaded,34607,
2026-07-17,NSE,NESTLEIND,raw_l2/trade_date=2026-07-17/exchange=NSE/symbol=NESTLEIND/part-054058_294335-015927.parquet,real_data_sample\l2_unseen_validation\trade_date=2026-07-17\exchange=NSE\symbol=NESTLEIND\part-054058_294335-015927.parquet,34584,downloaded,34584,
2026-07-17,NSE,NESTLEIND,raw_l2/trade_date=2026-07-17/exchange=NSE/symbol=NESTLEIND/part-054358_824434-016343.parquet,real_data_sample\l2_unseen_validation\trade_date=2026-07-17\exchange=NSE\symbol=NESTLEIND\part-054358_824434-016343.parquet,34616,downloaded,34616,
2026-07-17,NSE,NESTLEIND,raw_l2/trade_date=2026-07-17/exchange=NSE/symbol=NESTLEIND/part-054426_772694-016407.parquet,real_data_sample\l2_unseen_validation\trade_date=2026-07-17\exchange=NSE\symbol=NESTLEIND\part-054426_772694-016407.parquet,34643,downloaded,34643,
2026-07-17,NSE,NESTLEIND,raw_l2/trade_date=2026-07-17/exchange=NSE/symbol=NESTLEIND/part-054440_547031-016439.parquet,real_data_sample\l2_unseen_validation\trade_date=2026-07-17\exchange=NSE\symbol=NESTLEIND\part-054440_547031-016439.parquet,34662,downloaded,34662,
2026-07-17,NSE,NESTLEIND,raw_l2/trade_date=2026-07-17/exchange=NSE/symbol=NESTLEIND/part-054044_378370-015895.parquet,real_data_sample\l2_unseen_validation\trade_date=2026-07-17\exchange=NSE\symbol=NESTLEIND\part-054044_378370-015895.parquet,34544,downloaded,34544,
2026-07-17,NSE,NESTLEIND,raw_l2/trade_date=2026-07-17/exchange=NSE/symbol=NESTLEIND/part-054412_855246-016375.parquet,real_data_sample\l2_unseen_validation\trade_date=2026-07-17\exchange=NSE\symbol=NESTLEIND\part-054412_855246-016375.parquet,34770,downloaded,34770,
2026-07-17,NSE,NESTLEIND,raw_l2/trade_date=2026-07-17/exchange=NSE/symbol=NESTLEIND/part-054550_049204-016599.parquet,real_data_sample\l2_unseen_validation\trade_date=2026-07-17\exchange=NSE\symbol=NESTLEIND\part-054550_049204-016599.parquet,34743,downloaded,34743,
2026-07-17,NSE,NESTLEIND,raw_l2/trade_date=2026-07-17/exchange=NSE/symbol=NESTLEIND/part-054508_285034-016503.parquet,real_data_sample\l2_unseen_validation\trade_date=2026-07-17\exchange=NSE\symbol=NESTLEIND\part-054508_285034-016503.parquet,34673,downloaded,34673,
2026-07-17,NSE,NESTLEIND,raw_l2/trade_date=2026-07-17/exchange=NSE/symbol=NESTLEIND/part-054454_535115-016471.parquet,real_data_sample\l2_unseen_validation\trade_date=2026-07-17\exchange=NSE\symbol=NESTLEIND\part-054454_535115-016471.parquet,34682,downloaded,34682,
2026-07-17,NSE,NESTLEIND,raw_l2/trade_date=2026-07-17/exchange=NSE/symbol=NESTLEIND/part-054522_250228-016535.parquet,real_data_sample\l2_unseen_validation\trade_date=2026-07-17\exchange=NSE\symbol=NESTLEIND\part-054522_250228-016535.parquet,34962,downloaded,34962,
2026-07-17,NSE,NESTLEIND,raw_l2/trade_date=2026-07-17/exchange=NSE/symbol=NESTLEIND/part-054603_870114-016631.parquet,real_data_sample\l2_unseen_validation\trade_date=2026-07-17\exchange=NSE\symbol=NESTLEIND\part-054603_870114-016631.parquet,34846,downloaded,34846,
2026-07-17,NSE,NESTLEIND,raw_l2/trade_date=2026-07-17/exchange=NSE/symbol=NESTLEIND/part-054536_078422-016567.parquet,real_data_sample\l2_unseen_validation\trade_date=2026-07-17\exchange=NSE\symbol=NESTLEIND\part-054536_078422-016567.parquet,34737,downloaded,34737,
2026-07-17,NSE,NESTLEIND,raw_l2/trade_date=2026-07-17/exchange=NSE/symbol=NESTLEIND/part-054617_749233-016663.parquet,real_data_sample\l2_unseen_validation\trade_date=2026-07-17\exchange=NSE\symbol=NESTLEIND\part-054617_749233-016663.parquet,34772,downloaded,34772,
2026-07-17,NSE,NESTLEIND,raw_l2/trade_date=2026-07-17/exchange=NSE/symbol=NESTLEIND/part-054645_286710-016727.parquet,real_data_sample\l2_unseen_validation\trade_date=2026-07-17\exchange=NSE\symbol=NESTLEIND\part-054645_286710-016727.parquet,34779,downloaded,34779,
2026-07-17,NSE,NESTLEIND,raw_l2/trade_date=2026-07-17/exchange=NSE/symbol=NESTLEIND/part-054631_477461-016695.parquet,real_data_sample\l2_unseen_validation\trade_date=2026-07-17\exchange=NSE\symbol=NESTLEIND\part-054631_477461-016695.parquet,34643,downloaded,34643,
2026-07-17,NSE,NESTLEIND,raw_l2/trade_date=2026-07-17/exchange=NSE/symbol=NESTLEIND/part-054713_233277-016791.parquet,real_data_sample\l2_unseen_validation\trade_date=2026-07-17\exchange=NSE\symbol=NESTLEIND\part-054713_233277-016791.parquet,34768,downloaded,34768,
2026-07-17,NSE,NESTLEIND,raw_l2/trade_date=2026-07-17/exchange=NSE/symbol=NESTLEIND/part-054727_424390-016823.parquet,real_data_sample\l2_unseen_validation\trade_date=2026-07-17\exchange=NSE\symbol=NESTLEIND\part-054727_424390-016823.parquet,35446,downloaded,35446,
2026-07-17,NSE,NESTLEIND,raw_l2/trade_date=2026-07-17/exchange=NSE/symbol=NESTLEIND/part-054755_633169-016887.parquet,real_data_sample\l2_unseen_validation\trade_date=2026-07-17\exchange=NSE\symbol=NESTLEIND\part-054755_633169-016887.parquet,35152,downloaded,35152,
2026-07-17,NSE,NESTLEIND,raw_l2/trade_date=2026-07-17/exchange=NSE/symbol=NESTLEIND/part-054659_177164-016759.parquet,real_data_sample\l2_unseen_validation\trade_date=2026-07-17\exchange=NSE\symbol=NESTLEIND\part-054659_177164-016759.parquet,34740,downloaded,34740,
2026-07-17,NSE,NESTLEIND,raw_l2/trade_date=2026-07-17/exchange=NSE/symbol=NESTLEIND/part-054809_633630-016919.parquet,real_data_sample\l2_unseen_validation\trade_date=2026-07-17\exchange=NSE\symbol=NESTLEIND\part-054809_633630-016919.parquet,35590,downloaded,35590,
2026-07-17,NSE,NESTLEIND,raw_l2/trade_date=2026-07-17/exchange=NSE/symbol=NESTLEIND/part-054838_038693-016983.parquet,real_data_sample\l2_unseen_validation\trade_date=2026-07-17\exchange=NSE\symbol=NESTLEIND\part-054838_038693-016983.parquet,34720,downloaded,34720,
2026-07-17,NSE,NESTLEIND,raw_l2/trade_date=2026-07-17/exchange=NSE/symbol=NESTLEIND/part-054823_856873-016951.parquet,real_data_sample\l2_unseen_validation\trade_date=2026-07-17\exchange=NSE\symbol=NESTLEIND\part-054823_856873-016951.parquet,34846,downloaded,34846,
2026-07-17,NSE,NESTLEIND,raw_l2/trade_date=2026-07-17/exchange=NSE/symbol=NESTLEIND/part-054741_504293-016855.parquet,real_data_sample\l2_unseen_validation\trade_date=2026-07-17\exchange=NSE\symbol=NESTLEIND\part-054741_504293-016855.parquet,35411,downloaded,35411,
2026-07-17,NSE,NESTLEIND,raw_l2/trade_date=2026-07-17/exchange=NSE/symbol=NESTLEIND/part-054934_852143-017111.parquet,real_data_sample\l2_unseen_validation\trade_date=2026-07-17\exchange=NSE\symbol=NESTLEIND\part-054934_852143-017111.parquet,34675,downloaded,34675,
2026-07-17,NSE,NESTLEIND,raw_l2/trade_date=2026-07-17/exchange=NSE/symbol=NESTLEIND/part-054906_258142-017047.parquet,real_data_sample\l2_unseen_validation\trade_date=2026-07-17\exchange=NSE\symbol=NESTLEIND\part-054906_258142-017047.parquet,34804,downloaded,34804,
2026-07-17,NSE,NESTLEIND,raw_l2/trade_date=2026-07-17/exchange=NSE/symbol=NESTLEIND/part-054852_240298-017015.parquet,real_data_sample\l2_unseen_validation\trade_date=2026-07-17\exchange=NSE\symbol=NESTLEIND\part-054852_240298-017015.parquet,34913,downloaded,34913,
2026-07-17,NSE,NESTLEIND,raw_l2/trade_date=2026-07-17/exchange=NSE/symbol=NESTLEIND/part-054920_543760-017079.parquet,real_data_sample\l2_unseen_validation\trade_date=2026-07-17\exchange=NSE\symbol=NESTLEIND\part-054920_543760-017079.parquet,34646,downloaded,34646,
2026-07-17,NSE,NESTLEIND,raw_l2/trade_date=2026-07-17/exchange=NSE/symbol=NESTLEIND/part-055003_847086-017175.parquet,real_data_sample\l2_unseen_validation\trade_date=2026-07-17\exchange=NSE\symbol=NESTLEIND\part-055003_847086-017175.parquet,34632,downloaded,34632,
2026-07-17,NSE,NESTLEIND,raw_l2/trade_date=2026-07-17/exchange=NSE/symbol=NESTLEIND/part-055046_805104-017271.parquet,real_data_sample\l2_unseen_validation\trade_date=2026-07-17\exchange=NSE\symbol=NESTLEIND\part-055046_805104-017271.parquet,34673,downloaded,34673,
2026-07-17,NSE,NESTLEIND,raw_l2/trade_date=2026-07-17/exchange=NSE/symbol=NESTLEIND/part-055032_198539-017239.parquet,real_data_sample\l2_unseen_validation\trade_date=2026-07-17\exchange=NSE\symbol=NESTLEIND\part-055032_198539-017239.parquet,34522,downloaded,34522,
2026-07-17,NSE,NESTLEIND,raw_l2/trade_date=2026-07-17/exchange=NSE/symbol=NESTLEIND/part-053852_979484-015639.parquet,real_data_sample\l2_unseen_validation\trade_date=2026-07-17\exchange=NSE\symbol=NESTLEIND\part-053852_979484-015639.parquet,34800,downloaded,34800,
2026-07-17,NSE,NESTLEIND,raw_l2/trade_date=2026-07-17/exchange=NSE/symbol=NESTLEIND/part-054949_109578-017143.parquet,real_data_sample\l2_unseen_validation\trade_date=2026-07-17\exchange=NSE\symbol=NESTLEIND\part-054949_109578-017143.parquet,34542,downloaded,34542,
2026-07-17,NSE,NESTLEIND,raw_l2/trade_date=2026-07-17/exchange=NSE/symbol=NESTLEIND/part-055101_419289-017303.parquet,real_data_sample\l2_unseen_validation\trade_date=2026-07-17\exchange=NSE\symbol=NESTLEIND\part-055101_419289-017303.parquet,34565,downloaded,34565,
2026-07-17,NSE,NESTLEIND,raw_l2/trade_date=2026-07-17/exchange=NSE/symbol=NESTLEIND/part-055018_021866-017207.parquet,real_data_sample\l2_unseen_validation\trade_date=2026-07-17\exchange=NSE\symbol=NESTLEIND\part-055018_021866-017207.parquet,34696,downloaded,34696,
2026-07-17,NSE,NESTLEIND,raw_l2/trade_date=2026-07-17/exchange=NSE/symbol=NESTLEIND/part-055145_578354-017399.parquet,real_data_sample\l2_unseen_validation\trade_date=2026-07-17\exchange=NSE\symbol=NESTLEIND\part-055145_578354-017399.parquet,34635,downloaded,34635,
2026-07-17,NSE,NESTLEIND,raw_l2/trade_date=2026-07-17/exchange=NSE/symbol=NESTLEIND/part-055520_424390-017879.parquet,real_data_sample\l2_unseen_validation\trade_date=2026-07-17\exchange=NSE\symbol=NESTLEIND\part-055520_424390-017879.parquet,34846,downloaded,34846,
2026-07-17,NSE,NESTLEIND,raw_l2/trade_date=2026-07-17/exchange=NSE/symbol=NESTLEIND/part-055200_385435-017431.parquet,real_data_sample\l2_unseen_validation\trade_date=2026-07-17\exchange=NSE\symbol=NESTLEIND\part-055200_385435-017431.parquet,34519,downloaded,34519,
2026-07-17,NSE,NESTLEIND,raw_l2/trade_date=2026-07-17/exchange=NSE/symbol=NESTLEIND/part-055452_398344-017815.parquet,real_data_sample\l2_unseen_validation\trade_date=2026-07-17\exchange=NSE\symbol=NESTLEIND\part-055452_398344-017815.parquet,34772,downloaded,34772,
2026-07-17,NSE,NESTLEIND,raw_l2/trade_date=2026-07-17/exchange=NSE/symbol=NESTLEIND/part-055341_806756-017655.parquet,real_data_sample\l2_unseen_validation\trade_date=2026-07-17\exchange=NSE\symbol=NESTLEIND\part-055341_806756-017655.parquet,34770,downloaded,34770,
2026-07-17,NSE,NESTLEIND,raw_l2/trade_date=2026-07-17/exchange=NSE/symbol=NESTLEIND/part-055130_952418-017367.parquet,real_data_sample\l2_unseen_validation\trade_date=2026-07-17\exchange=NSE\symbol=NESTLEIND\part-055130_952418-017367.parquet,34859,downloaded,34859,
2026-07-17,NSE,NESTLEIND,raw_l2/trade_date=2026-07-17/exchange=NSE/symbol=NESTLEIND/part-055506_533893-017847.parquet,real_data_sample\l2_unseen_validation\trade_date=2026-07-17\exchange=NSE\symbol=NESTLEIND\part-055506_533893-017847.parquet,34780,downloaded,34780,
2026-07-17,NSE,NESTLEIND,raw_l2/trade_date=2026-07-17/exchange=NSE/symbol=NESTLEIND/part-055229_286008-017495.parquet,real_data_sample\l2_unseen_validation\trade_date=2026-07-17\exchange=NSE\symbol=NESTLEIND\part-055229_286008-017495.parquet,34771,downloaded,34771,
2026-07-17,NSE,NESTLEIND,raw_l2/trade_date=2026-07-17/exchange=NSE/symbol=NESTLEIND/part-055356_116629-017687.parquet,real_data_sample\l2_unseen_validation\trade_date=2026-07-17\exchange=NSE\symbol=NESTLEIND\part-055356_116629-017687.parquet,34660,downloaded,34660,
2026-07-17,NSE,NESTLEIND,raw_l2/trade_date=2026-07-17/exchange=NSE/symbol=NESTLEIND/part-055410_280837-017719.parquet,real_data_sample\l2_unseen_validation\trade_date=2026-07-17\exchange=NSE\symbol=NESTLEIND\part-055410_280837-017719.parquet,34724,downloaded,34724,
2026-07-17,NSE,NESTLEIND,raw_l2/trade_date=2026-07-17/exchange=NSE/symbol=NESTLEIND/part-055327_174212-017623.parquet,real_data_sample\l2_unseen_validation\trade_date=2026-07-17\exchange=NSE\symbol=NESTLEIND\part-055327_174212-017623.parquet,34806,downloaded,34806,
2026-07-17,NSE,NESTLEIND,raw_l2/trade_date=2026-07-17/exchange=NSE/symbol=NESTLEIND/part-055424_363703-017751.parquet,real_data_sample\l2_unseen_validation\trade_date=2026-07-17\exchange=NSE\symbol=NESTLEIND\part-055424_363703-017751.parquet,34654,downloaded,34654,
2026-07-17,NSE,NESTLEIND,raw_l2/trade_date=2026-07-17/exchange=NSE/symbol=NESTLEIND/part-055244_239511-017527.parquet,real_data_sample\l2_unseen_validation\trade_date=2026-07-17\exchange=NSE\symbol=NESTLEIND\part-055244_239511-017527.parquet,34777,downloaded,34777,
2026-07-17,NSE,NESTLEIND,raw_l2/trade_date=2026-07-17/exchange=NSE/symbol=NESTLEIND/part-055258_776375-017559.parquet,real_data_sample\l2_unseen_validation\trade_date=2026-07-17\exchange=NSE\symbol=NESTLEIND\part-055258_776375-017559.parquet,34891,downloaded,34891,
2026-07-17,NSE,NESTLEIND,raw_l2/trade_date=2026-07-17/exchange=NSE/symbol=NESTLEIND/part-055534_468691-017911.parquet,real_data_sample\l2_unseen_validation\trade_date=2026-07-17\exchange=NSE\symbol=NESTLEIND\part-055534_468691-017911.parquet,34755,downloaded,34755,
2026-07-17,NSE,NESTLEIND,raw_l2/trade_date=2026-07-17/exchange=NSE/symbol=NESTLEIND/part-055214_749534-017463.parquet,real_data_sample\l2_unseen_validation\trade_date=2026-07-17\exchange=NSE\symbol=NESTLEIND\part-055214_749534-017463.parquet,34505,downloaded,34505,
2026-07-17,NSE,NESTLEIND,raw_l2/trade_date=2026-07-17/exchange=NSE/symbol=NESTLEIND/part-055313_193395-017591.parquet,real_data_sample\l2_unseen_validation\trade_date=2026-07-17\exchange=NSE\symbol=NESTLEIND\part-055313_193395-017591.parquet,34843,downloaded,34843,
2026-07-17,NSE,NESTLEIND,raw_l2/trade_date=2026-07-17/exchange=NSE/symbol=NESTLEIND/part-055438_390607-017783.parquet,real_data_sample\l2_unseen_validation\trade_date=2026-07-17\exchange=NSE\symbol=NESTLEIND\part-055438_390607-017783.parquet,34670,downloaded,34670,
2026-07-17,NSE,NESTLEIND,raw_l2/trade_date=2026-07-17/exchange=NSE/symbol=NESTLEIND/part-055602_651677-017975.parquet,real_data_sample\l2_unseen_validation\trade_date=2026-07-17\exchange=NSE\symbol=NESTLEIND\part-055602_651677-017975.parquet,34492,downloaded,34492,
2026-07-17,NSE,NESTLEIND,raw_l2/trade_date=2026-07-17/exchange=NSE/symbol=NESTLEIND/part-055548_410461-017943.parquet,real_data_sample\l2_unseen_validation\trade_date=2026-07-17\exchange=NSE\symbol=NESTLEIND\part-055548_410461-017943.parquet,34665,downloaded,34665,
2026-07-17,NSE,NESTLEIND,raw_l2/trade_date=2026-07-17/exchange=NSE/symbol=NESTLEIND/part-055616_671460-018007.parquet,real_data_sample\l2_unseen_validation\trade_date=2026-07-17\exchange=NSE\symbol=NESTLEIND\part-055616_671460-018007.parquet,34711,downloaded,34711,
2026-07-17,NSE,NESTLEIND,raw_l2/trade_date=2026-07-17/exchange=NSE/symbol=NESTLEIND/part-055658_962081-018103.parquet,real_data_sample\l2_unseen_validation\trade_date=2026-07-17\exchange=NSE\symbol=NESTLEIND\part-055658_962081-018103.parquet,34800,downloaded,34800,
2026-07-17,NSE,NESTLEIND,raw_l2/trade_date=2026-07-17/exchange=NSE/symbol=NESTLEIND/part-055630_740548-018039.parquet,real_data_sample\l2_unseen_validation\trade_date=2026-07-17\exchange=NSE\symbol=NESTLEIND\part-055630_740548-018039.parquet,34924,downloaded,34924,
2026-07-17,NSE,NESTLEIND,raw_l2/trade_date=2026-07-17/exchange=NSE/symbol=NESTLEIND/part-055644_941342-018071.parquet,real_data_sample\l2_unseen_validation\trade_date=2026-07-17\exchange=NSE\symbol=NESTLEIND\part-055644_941342-018071.parquet,34756,downloaded,34756,
2026-07-17,NSE,NESTLEIND,raw_l2/trade_date=2026-07-17/exchange=NSE/symbol=NESTLEIND/part-055115_819220-017335.parquet,real_data_sample\l2_unseen_validation\trade_date=2026-07-17\exchange=NSE\symbol=NESTLEIND\part-055115_819220-017335.parquet,34806,downloaded,34806,
2026-07-17,NSE,NESTLEIND,raw_l2/trade_date=2026-07-17/exchange=NSE/symbol=NESTLEIND/part-055905_989101-018391.parquet,real_data_sample\l2_unseen_validation\trade_date=2026-07-17\exchange=NSE\symbol=NESTLEIND\part-055905_989101-018391.parquet,34616,downloaded,34616,
2026-07-17,NSE,NESTLEIND,raw_l2/trade_date=2026-07-17/exchange=NSE/symbol=NESTLEIND/part-055948_391422-018487.parquet,real_data_sample\l2_unseen_validation\trade_date=2026-07-17\exchange=NSE\symbol=NESTLEIND\part-055948_391422-018487.parquet,34691,downloaded,34691,
2026-07-17,NSE,NESTLEIND,raw_l2/trade_date=2026-07-17/exchange=NSE/symbol=NESTLEIND/part-055934_190357-018455.parquet,real_data_sample\l2_unseen_validation\trade_date=2026-07-17\exchange=NSE\symbol=NESTLEIND\part-055934_190357-018455.parquet,34665,downloaded,34665,
2026-07-17,NSE,NESTLEIND,raw_l2/trade_date=2026-07-17/exchange=NSE/symbol=NESTLEIND/part-060017_228306-018551.parquet,real_data_sample\l2_unseen_validation\trade_date=2026-07-17\exchange=NSE\symbol=NESTLEIND\part-060017_228306-018551.parquet,34525,downloaded,34525,
2026-07-17,NSE,NESTLEIND,raw_l2/trade_date=2026-07-17/exchange=NSE/symbol=NESTLEIND/part-060045_552948-018615.parquet,real_data_sample\l2_unseen_validation\trade_date=2026-07-17\exchange=NSE\symbol=NESTLEIND\part-060045_552948-018615.parquet,34833,downloaded,34833,
2026-07-17,NSE,NESTLEIND,raw_l2/trade_date=2026-07-17/exchange=NSE/symbol=NESTLEIND/part-060031_337230-018583.parquet,real_data_sample\l2_unseen_validation\trade_date=2026-07-17\exchange=NSE\symbol=NESTLEIND\part-060031_337230-018583.parquet,34571,downloaded,34571,
2026-07-17,NSE,NESTLEIND,raw_l2/trade_date=2026-07-17/exchange=NSE/symbol=NESTLEIND/part-055837_535319-018327.parquet,real_data_sample\l2_unseen_validation\trade_date=2026-07-17\exchange=NSE\symbol=NESTLEIND\part-055837_535319-018327.parquet,34897,downloaded,34897,
2026-07-17,NSE,NESTLEIND,raw_l2/trade_date=2026-07-17/exchange=NSE/symbol=NESTLEIND/part-055851_831159-018359.parquet,real_data_sample\l2_unseen_validation\trade_date=2026-07-17\exchange=NSE\symbol=NESTLEIND\part-055851_831159-018359.parquet,34910,downloaded,34910,
2026-07-17,NSE,NESTLEIND,raw_l2/trade_date=2026-07-17/exchange=NSE/symbol=NESTLEIND/part-060003_074703-018519.parquet,real_data_sample\l2_unseen_validation\trade_date=2026-07-17\exchange=NSE\symbol=NESTLEIND\part-060003_074703-018519.parquet,34567,downloaded,34567,
2026-07-17,NSE,NESTLEIND,raw_l2/trade_date=2026-07-17/exchange=NSE/symbol=NESTLEIND/part-054139_743255-016023.parquet,real_data_sample\l2_unseen_validation\trade_date=2026-07-17\exchange=NSE\symbol=NESTLEIND\part-054139_743255-016023.parquet,34662,downloaded,34662,
2026-07-17,NSE,NESTLEIND,raw_l2/trade_date=2026-07-17/exchange=NSE/symbol=NESTLEIND/part-060059_832125-018647.parquet,real_data_sample\l2_unseen_validation\trade_date=2026-07-17\exchange=NSE\symbol=NESTLEIND\part-060059_832125-018647.parquet,34680,downloaded,34680,
2026-07-17,NSE,NESTLEIND,raw_l2/trade_date=2026-07-17/exchange=NSE/symbol=NESTLEIND/part-055741_220081-018199.parquet,real_data_sample\l2_unseen_validation\trade_date=2026-07-17\exchange=NSE\symbol=NESTLEIND\part-055741_220081-018199.parquet,34713,downloaded,34713,
2026-07-17,NSE,NESTLEIND,raw_l2/trade_date=2026-07-17/exchange=NSE/symbol=NESTLEIND/part-060113_955406-018679.parquet,real_data_sample\l2_unseen_validation\trade_date=2026-07-17\exchange=NSE\symbol=NESTLEIND\part-060113_955406-018679.parquet,34776,downloaded,34776,
2026-07-17,NSE,NESTLEIND,raw_l2/trade_date=2026-07-17/exchange=NSE/symbol=NESTLEIND/part-060142_116712-018743.parquet,real_data_sample\l2_unseen_validation\trade_date=2026-07-17\exchange=NSE\symbol=NESTLEIND\part-060142_116712-018743.parquet,34665,downloaded,34665,
2026-07-17,NSE,NESTLEIND,raw_l2/trade_date=2026-07-17/exchange=NSE/symbol=NESTLEIND/part-055712_990558-018135.parquet,real_data_sample\l2_unseen_validation\trade_date=2026-07-17\exchange=NSE\symbol=NESTLEIND\part-055712_990558-018135.parquet,34767,downloaded,34767,
2026-07-17,NSE,NESTLEIND,raw_l2/trade_date=2026-07-17/exchange=NSE/symbol=NESTLEIND/part-060210_305065-018807.parquet,real_data_sample\l2_unseen_validation\trade_date=2026-07-17\exchange=NSE\symbol=NESTLEIND\part-060210_305065-018807.parquet,34961,downloaded,34961,
2026-07-17,NSE,NESTLEIND,raw_l2/trade_date=2026-07-17/exchange=NSE/symbol=NESTLEIND/part-060127_945150-018711.parquet,real_data_sample\l2_unseen_validation\trade_date=2026-07-17\exchange=NSE\symbol=NESTLEIND\part-060127_945150-018711.parquet,34614,downloaded,34614,
2026-07-17,NSE,NESTLEIND,raw_l2/trade_date=2026-07-17/exchange=NSE/symbol=NESTLEIND/part-055920_016662-018423.parquet,real_data_sample\l2_unseen_validation\trade_date=2026-07-17\exchange=NSE\symbol=NESTLEIND\part-055920_016662-018423.parquet,34789,downloaded,34789,
2026-07-17,NSE,NESTLEIND,raw_l2/trade_date=2026-07-17/exchange=NSE/symbol=NESTLEIND/part-055823_273988-018295.parquet,real_data_sample\l2_unseen_validation\trade_date=2026-07-17\exchange=NSE\symbol=NESTLEIND\part-055823_273988-018295.parquet,34870,downloaded,34870,
2026-07-17,NSE,NESTLEIND,raw_l2/trade_date=2026-07-17/exchange=NSE/symbol=NESTLEIND/part-055809_197656-018263.parquet,real_data_sample\l2_unseen_validation\trade_date=2026-07-17\exchange=NSE\symbol=NESTLEIND\part-055809_197656-018263.parquet,34724,downloaded,34724,
2026-07-17,NSE,NESTLEIND,raw_l2/trade_date=2026-07-17/exchange=NSE/symbol=NESTLEIND/part-060156_167522-018775.parquet,real_data_sample\l2_unseen_validation\trade_date=2026-07-17\exchange=NSE\symbol=NESTLEIND\part-060156_167522-018775.parquet,34768,downloaded,34768,
2026-07-17,NSE,NESTLEIND,raw_l2/trade_date=2026-07-17/exchange=NSE/symbol=NESTLEIND/part-060224_473699-018839.parquet,real_data_sample\l2_unseen_validation\trade_date=2026-07-17\exchange=NSE\symbol=NESTLEIND\part-060224_473699-018839.parquet,34934,downloaded,34934,
2026-07-17,NSE,NESTLEIND,raw_l2/trade_date=2026-07-17/exchange=NSE/symbol=NESTLEIND/part-055755_247094-018231.parquet,real_data_sample\l2_unseen_validation\trade_date=2026-07-17\exchange=NSE\symbol=NESTLEIND\part-055755_247094-018231.parquet,34709,downloaded,34709,
2026-07-17,NSE,NESTLEIND,raw_l2/trade_date=2026-07-17/exchange=NSE/symbol=NESTLEIND/part-060320_743875-018967.parquet,real_data_sample\l2_unseen_validation\trade_date=2026-07-17\exchange=NSE\symbol=NESTLEIND\part-060320_743875-018967.parquet,34888,downloaded,34888,
2026-07-17,NSE,NESTLEIND,raw_l2/trade_date=2026-07-17/exchange=NSE/symbol=NESTLEIND/part-060306_670654-018935.parquet,real_data_sample\l2_unseen_validation\trade_date=2026-07-17\exchange=NSE\symbol=NESTLEIND\part-060306_670654-018935.parquet,34738,downloaded,34738,
2026-07-17,NSE,NESTLEIND,raw_l2/trade_date=2026-07-17/exchange=NSE/symbol=NESTLEIND/part-060238_475146-018871.parquet,real_data_sample\l2_unseen_validation\trade_date=2026-07-17\exchange=NSE\symbol=NESTLEIND\part-060238_475146-018871.parquet,34834,downloaded,34834,
2026-07-17,NSE,NESTLEIND,raw_l2/trade_date=2026-07-17/exchange=NSE/symbol=NESTLEIND/part-060252_551586-018903.parquet,real_data_sample\l2_unseen_validation\trade_date=2026-07-17\exchange=NSE\symbol=NESTLEIND\part-060252_551586-018903.parquet,34699,downloaded,34699,
2026-07-17,NSE,NESTLEIND,raw_l2/trade_date=2026-07-17/exchange=NSE/symbol=NESTLEIND/part-060334_723645-018999.parquet,real_data_sample\l2_unseen_validation\trade_date=2026-07-17\exchange=NSE\symbol=NESTLEIND\part-060334_723645-018999.parquet,34628,downloaded,34628,
2026-07-17,NSE,NESTLEIND,raw_l2/trade_date=2026-07-17/exchange=NSE/symbol=NESTLEIND/part-060348_678845-019031.parquet,real_data_sample\l2_unseen_validation\trade_date=2026-07-17\exchange=NSE\symbol=NESTLEIND\part-060348_678845-019031.parquet,34737,downloaded,34737,
2026-07-17,NSE,NESTLEIND,raw_l2/trade_date=2026-07-17/exchange=NSE/symbol=NESTLEIND/part-053332_694124-014903.parquet,real_data_sample\l2_unseen_validation\trade_date=2026-07-17\exchange=NSE\symbol=NESTLEIND\part-053332_694124-014903.parquet,34559,downloaded,34559,
2026-07-17,NSE,NESTLEIND,raw_l2/trade_date=2026-07-17/exchange=NSE/symbol=NESTLEIND/part-060416_776502-019095.parquet,real_data_sample\l2_unseen_validation\trade_date=2026-07-17\exchange=NSE\symbol=NESTLEIND\part-060416_776502-019095.parquet,34585,downloaded,34585,
2026-07-17,NSE,NESTLEIND,raw_l2/trade_date=2026-07-17/exchange=NSE/symbol=NESTLEIND/part-060431_179309-019127.parquet,real_data_sample\l2_unseen_validation\trade_date=2026-07-17\exchange=NSE\symbol=NESTLEIND\part-060431_179309-019127.parquet,34630,downloaded,34630,
2026-07-17,NSE,NESTLEIND,raw_l2/trade_date=2026-07-17/exchange=NSE/symbol=NESTLEIND/part-060445_453366-019159.parquet,real_data_sample\l2_unseen_validation\trade_date=2026-07-17\exchange=NSE\symbol=NESTLEIND\part-060445_453366-019159.parquet,34632,downloaded,34632,
2026-07-17,NSE,NESTLEIND,raw_l2/trade_date=2026-07-17/exchange=NSE/symbol=NESTLEIND/part-060459_364043-019191.parquet,real_data_sample\l2_unseen_validation\trade_date=2026-07-17\exchange=NSE\symbol=NESTLEIND\part-060459_364043-019191.parquet,34577,downloaded,34577,
2026-07-17,NSE,NESTLEIND,raw_l2/trade_date=2026-07-17/exchange=NSE/symbol=NESTLEIND/part-060541_677503-019287.parquet,real_data_sample\l2_unseen_validation\trade_date=2026-07-17\exchange=NSE\symbol=NESTLEIND\part-060541_677503-019287.parquet,34581,downloaded,34581,
2026-07-17,NSE,NESTLEIND,raw_l2/trade_date=2026-07-17/exchange=NSE/symbol=NESTLEIND/part-060651_663383-019447.parquet,real_data_sample\l2_unseen_validation\trade_date=2026-07-17\exchange=NSE\symbol=NESTLEIND\part-060651_663383-019447.parquet,34753,downloaded,34753,
2026-07-17,NSE,NESTLEIND,raw_l2/trade_date=2026-07-17/exchange=NSE/symbol=NESTLEIND/part-060513_444420-019223.parquet,real_data_sample\l2_unseen_validation\trade_date=2026-07-17\exchange=NSE\symbol=NESTLEIND\part-060513_444420-019223.parquet,34660,downloaded,34660,
2026-07-17,NSE,NESTLEIND,raw_l2/trade_date=2026-07-17/exchange=NSE/symbol=NESTLEIND/part-060748_594926-019575.parquet,real_data_sample\l2_unseen_validation\trade_date=2026-07-17\exchange=NSE\symbol=NESTLEIND\part-060748_594926-019575.parquet,34612,downloaded,34612,
2026-07-17,NSE,NESTLEIND,raw_l2/trade_date=2026-07-17/exchange=NSE/symbol=NESTLEIND/part-060705_632399-019479.parquet,real_data_sample\l2_unseen_validation\trade_date=2026-07-17\exchange=NSE\symbol=NESTLEIND\part-060705_632399-019479.parquet,34524,downloaded,34524,
2026-07-17,NSE,NESTLEIND,raw_l2/trade_date=2026-07-17/exchange=NSE/symbol=NESTLEIND/part-060719_747372-019511.parquet,real_data_sample\l2_unseen_validation\trade_date=2026-07-17\exchange=NSE\symbol=NESTLEIND\part-060719_747372-019511.parquet,34631,downloaded,34631,
2026-07-17,NSE,NESTLEIND,raw_l2/trade_date=2026-07-17/exchange=NSE/symbol=NESTLEIND/part-060734_008328-019543.parquet,real_data_sample\l2_unseen_validation\trade_date=2026-07-17\exchange=NSE\symbol=NESTLEIND\part-060734_008328-019543.parquet,34547,downloaded,34547,
2026-07-17,NSE,NESTLEIND,raw_l2/trade_date=2026-07-17/exchange=NSE/symbol=NESTLEIND/part-060833_467115-019671.parquet,real_data_sample\l2_unseen_validation\trade_date=2026-07-17\exchange=NSE\symbol=NESTLEIND\part-060833_467115-019671.parquet,34772,downloaded,34772,
2026-07-17,NSE,NESTLEIND,raw_l2/trade_date=2026-07-17/exchange=NSE/symbol=NESTLEIND/part-060804_377724-019607.parquet,real_data_sample\l2_unseen_validation\trade_date=2026-07-17\exchange=NSE\symbol=NESTLEIND\part-060804_377724-019607.parquet,34604,downloaded,34604,
2026-07-17,NSE,NESTLEIND,raw_l2/trade_date=2026-07-17/exchange=NSE/symbol=NESTLEIND/part-060555_646941-019319.parquet,real_data_sample\l2_unseen_validation\trade_date=2026-07-17\exchange=NSE\symbol=NESTLEIND\part-060555_646941-019319.parquet,34567,downloaded,34567,
2026-07-17,NSE,NESTLEIND,raw_l2/trade_date=2026-07-17/exchange=NSE/symbol=NESTLEIND/part-060944_894466-019831.parquet,real_data_sample\l2_unseen_validation\trade_date=2026-07-17\exchange=NSE\symbol=NESTLEIND\part-060944_894466-019831.parquet,34752,downloaded,34752,
2026-07-17,NSE,NESTLEIND,raw_l2/trade_date=2026-07-17/exchange=NSE/symbol=NESTLEIND/part-060637_387325-019415.parquet,real_data_sample\l2_unseen_validation\trade_date=2026-07-17\exchange=NSE\symbol=NESTLEIND\part-060637_387325-019415.parquet,34469,downloaded,34469,
2026-07-17,NSE,NESTLEIND,raw_l2/trade_date=2026-07-17/exchange=NSE/symbol=NESTLEIND/part-060818_959515-019639.parquet,real_data_sample\l2_unseen_validation\trade_date=2026-07-17\exchange=NSE\symbol=NESTLEIND\part-060818_959515-019639.parquet,34668,downloaded,34668,
2026-07-17,NSE,NESTLEIND,raw_l2/trade_date=2026-07-17/exchange=NSE/symbol=NESTLEIND/part-060527_574732-019255.parquet,real_data_sample\l2_unseen_validation\trade_date=2026-07-17\exchange=NSE\symbol=NESTLEIND\part-060527_574732-019255.parquet,34593,downloaded,34593,
2026-07-17,NSE,NESTLEIND,raw_l2/trade_date=2026-07-17/exchange=NSE/symbol=NESTLEIND/part-060930_644080-019799.parquet,real_data_sample\l2_unseen_validation\trade_date=2026-07-17\exchange=NSE\symbol=NESTLEIND\part-060930_644080-019799.parquet,34791,downloaded,34791,
2026-07-17,NSE,NESTLEIND,raw_l2/trade_date=2026-07-17/exchange=NSE/symbol=NESTLEIND/part-060847_723568-019703.parquet,real_data_sample\l2_unseen_validation\trade_date=2026-07-17\exchange=NSE\symbol=NESTLEIND\part-060847_723568-019703.parquet,34863,downloaded,34863,
2026-07-17,NSE,NESTLEIND,raw_l2/trade_date=2026-07-17/exchange=NSE/symbol=NESTLEIND/part-060609_567490-019351.parquet,real_data_sample\l2_unseen_validation\trade_date=2026-07-17\exchange=NSE\symbol=NESTLEIND\part-060609_567490-019351.parquet,34634,downloaded,34634,
2026-07-17,NSE,NESTLEIND,raw_l2/trade_date=2026-07-17/exchange=NSE/symbol=NESTLEIND/part-060902_015969-019735.parquet,real_data_sample\l2_unseen_validation\trade_date=2026-07-17\exchange=NSE\symbol=NESTLEIND\part-060902_015969-019735.parquet,34869,downloaded,34869,
2026-07-17,NSE,NESTLEIND,raw_l2/trade_date=2026-07-17/exchange=NSE/symbol=NESTLEIND/part-061027_847825-019927.parquet,real_data_sample\l2_unseen_validation\trade_date=2026-07-17\exchange=NSE\symbol=NESTLEIND\part-061027_847825-019927.parquet,34910,downloaded,34910,
2026-07-17,NSE,NESTLEIND,raw_l2/trade_date=2026-07-17/exchange=NSE/symbol=NESTLEIND/part-061013_581185-019895.parquet,real_data_sample\l2_unseen_validation\trade_date=2026-07-17\exchange=NSE\symbol=NESTLEIND\part-061013_581185-019895.parquet,34610,downloaded,34610,
2026-07-17,NSE,NESTLEIND,raw_l2/trade_date=2026-07-17/exchange=NSE/symbol=NESTLEIND/part-060959_234111-019863.parquet,real_data_sample\l2_unseen_validation\trade_date=2026-07-17\exchange=NSE\symbol=NESTLEIND\part-060959_234111-019863.parquet,34562,downloaded,34562,
2026-07-17,NSE,NESTLEIND,raw_l2/trade_date=2026-07-17/exchange=NSE/symbol=NESTLEIND/part-061042_133993-019959.parquet,real_data_sample\l2_unseen_validation\trade_date=2026-07-17\exchange=NSE\symbol=NESTLEIND\part-061042_133993-019959.parquet,34721,downloaded,34721,
2026-07-17,NSE,NESTLEIND,raw_l2/trade_date=2026-07-17/exchange=NSE/symbol=NESTLEIND/part-060916_034219-019767.parquet,real_data_sample\l2_unseen_validation\trade_date=2026-07-17\exchange=NSE\symbol=NESTLEIND\part-060916_034219-019767.parquet,34675,downloaded,34675,
2026-07-17,NSE,NESTLEIND,raw_l2/trade_date=2026-07-17/exchange=NSE/symbol=NESTLEIND/part-061056_632103-019991.parquet,real_data_sample\l2_unseen_validation\trade_date=2026-07-17\exchange=NSE\symbol=NESTLEIND\part-061056_632103-019991.parquet,34531,downloaded,34531,
2026-07-17,NSE,NESTLEIND,raw_l2/trade_date=2026-07-17/exchange=NSE/symbol=NESTLEIND/part-060402_621264-019063.parquet,real_data_sample\l2_unseen_validation\trade_date=2026-07-17\exchange=NSE\symbol=NESTLEIND\part-060402_621264-019063.parquet,34595,downloaded,34595,
2026-07-17,NSE,NESTLEIND,raw_l2/trade_date=2026-07-17/exchange=NSE/symbol=NESTLEIND/part-061125_430529-020055.parquet,real_data_sample\l2_unseen_validation\trade_date=2026-07-17\exchange=NSE\symbol=NESTLEIND\part-061125_430529-020055.parquet,34594,downloaded,34594,
2026-07-17,NSE,NESTLEIND,raw_l2/trade_date=2026-07-17/exchange=NSE/symbol=NESTLEIND/part-061139_772649-020087.parquet,real_data_sample\l2_unseen_validation\trade_date=2026-07-17\exchange=NSE\symbol=NESTLEIND\part-061139_772649-020087.parquet,34693,downloaded,34693,
2026-07-17,NSE,NESTLEIND,raw_l2/trade_date=2026-07-17/exchange=NSE/symbol=NESTLEIND/part-061154_291554-020119.parquet,real_data_sample\l2_unseen_validation\trade_date=2026-07-17\exchange=NSE\symbol=NESTLEIND\part-061154_291554-020119.parquet,34590,downloaded,34590,
2026-07-17,NSE,NESTLEIND,raw_l2/trade_date=2026-07-17/exchange=NSE/symbol=NESTLEIND/part-061251_943008-020247.parquet,real_data_sample\l2_unseen_validation\trade_date=2026-07-17\exchange=NSE\symbol=NESTLEIND\part-061251_943008-020247.parquet,34736,downloaded,34736,
2026-07-17,NSE,NESTLEIND,raw_l2/trade_date=2026-07-17/exchange=NSE/symbol=NESTLEIND/part-061320_897784-020311.parquet,real_data_sample\l2_unseen_validation\trade_date=2026-07-17\exchange=NSE\symbol=NESTLEIND\part-061320_897784-020311.parquet,34734,downloaded,34734,
2026-07-17,NSE,NESTLEIND,raw_l2/trade_date=2026-07-17/exchange=NSE/symbol=NESTLEIND/part-061237_601771-020215.parquet,real_data_sample\l2_unseen_validation\trade_date=2026-07-17\exchange=NSE\symbol=NESTLEIND\part-061237_601771-020215.parquet,34678,downloaded,34678,
2026-07-17,NSE,NESTLEIND,raw_l2/trade_date=2026-07-17/exchange=NSE/symbol=NESTLEIND/part-061446_754738-020503.parquet,real_data_sample\l2_unseen_validation\trade_date=2026-07-17\exchange=NSE\symbol=NESTLEIND\part-061446_754738-020503.parquet,34648,downloaded,34648,
2026-07-17,NSE,NESTLEIND,raw_l2/trade_date=2026-07-17/exchange=NSE/symbol=NESTLEIND/part-061306_387590-020279.parquet,real_data_sample\l2_unseen_validation\trade_date=2026-07-17\exchange=NSE\symbol=NESTLEIND\part-061306_387590-020279.parquet,34771,downloaded,34771,
2026-07-17,NSE,NESTLEIND,raw_l2/trade_date=2026-07-17/exchange=NSE/symbol=NESTLEIND/part-061335_224924-020343.parquet,real_data_sample\l2_unseen_validation\trade_date=2026-07-17\exchange=NSE\symbol=NESTLEIND\part-061335_224924-020343.parquet,34812,downloaded,34812,
2026-07-17,NSE,NESTLEIND,raw_l2/trade_date=2026-07-17/exchange=NSE/symbol=NESTLEIND/part-061208_559852-020151.parquet,real_data_sample\l2_unseen_validation\trade_date=2026-07-17\exchange=NSE\symbol=NESTLEIND\part-061208_559852-020151.parquet,34647,downloaded,34647,
2026-07-17,NSE,NESTLEIND,raw_l2/trade_date=2026-07-17/exchange=NSE/symbol=NESTLEIND/part-061223_128857-020183.parquet,real_data_sample\l2_unseen_validation\trade_date=2026-07-17\exchange=NSE\symbol=NESTLEIND\part-061223_128857-020183.parquet,34780,downloaded,34780,
2026-07-17,NSE,NESTLEIND,raw_l2/trade_date=2026-07-17/exchange=NSE/symbol=NESTLEIND/part-061501_164637-020535.parquet,real_data_sample\l2_unseen_validation\trade_date=2026-07-17\exchange=NSE\symbol=NESTLEIND\part-061501_164637-020535.parquet,34846,downloaded,34846,
2026-07-17,NSE,NESTLEIND,raw_l2/trade_date=2026-07-17/exchange=NSE/symbol=NESTLEIND/part-061403_839714-020407.parquet,real_data_sample\l2_unseen_validation\trade_date=2026-07-17\exchange=NSE\symbol=NESTLEIND\part-061403_839714-020407.parquet,34771,downloaded,34771,
2026-07-17,NSE,NESTLEIND,raw_l2/trade_date=2026-07-17/exchange=NSE/symbol=NESTLEIND/part-061558_904098-020663.parquet,real_data_sample\l2_unseen_validation\trade_date=2026-07-17\exchange=NSE\symbol=NESTLEIND\part-061558_904098-020663.parquet,35011,downloaded,35011,
2026-07-17,NSE,NESTLEIND,raw_l2/trade_date=2026-07-17/exchange=NSE/symbol=NESTLEIND/part-061530_136820-020599.parquet,real_data_sample\l2_unseen_validation\trade_date=2026-07-17\exchange=NSE\symbol=NESTLEIND\part-061530_136820-020599.parquet,34788,downloaded,34788,
2026-07-17,NSE,NESTLEIND,raw_l2/trade_date=2026-07-17/exchange=NSE/symbol=NESTLEIND/part-061515_596591-020567.parquet,real_data_sample\l2_unseen_validation\trade_date=2026-07-17\exchange=NSE\symbol=NESTLEIND\part-061515_596591-020567.parquet,34688,downloaded,34688,
2026-07-17,NSE,NESTLEIND,raw_l2/trade_date=2026-07-17/exchange=NSE/symbol=NESTLEIND/part-061754_280392-020919.parquet,real_data_sample\l2_unseen_validation\trade_date=2026-07-17\exchange=NSE\symbol=NESTLEIND\part-061754_280392-020919.parquet,34633,downloaded,34633,
2026-07-17,NSE,NESTLEIND,raw_l2/trade_date=2026-07-17/exchange=NSE/symbol=NESTLEIND/part-061432_526382-020471.parquet,real_data_sample\l2_unseen_validation\trade_date=2026-07-17\exchange=NSE\symbol=NESTLEIND\part-061432_526382-020471.parquet,34573,downloaded,34573,
2026-07-17,NSE,NESTLEIND,raw_l2/trade_date=2026-07-17/exchange=NSE/symbol=NESTLEIND/part-061349_530761-020375.parquet,real_data_sample\l2_unseen_validation\trade_date=2026-07-17\exchange=NSE\symbol=NESTLEIND\part-061349_530761-020375.parquet,34745,downloaded,34745,
2026-07-17,NSE,NESTLEIND,raw_l2/trade_date=2026-07-17/exchange=NSE/symbol=NESTLEIND/part-061614_231586-020695.parquet,real_data_sample\l2_unseen_validation\trade_date=2026-07-17\exchange=NSE\symbol=NESTLEIND\part-061614_231586-020695.parquet,34673,downloaded,34673,
2026-07-17,NSE,NESTLEIND,raw_l2/trade_date=2026-07-17/exchange=NSE/symbol=NESTLEIND/part-061629_056071-020727.parquet,real_data_sample\l2_unseen_validation\trade_date=2026-07-17\exchange=NSE\symbol=NESTLEIND\part-061629_056071-020727.parquet,34873,downloaded,34873,
2026-07-17,NSE,NESTLEIND,raw_l2/trade_date=2026-07-17/exchange=NSE/symbol=NESTLEIND/part-061418_142456-020439.parquet,real_data_sample\l2_unseen_validation\trade_date=2026-07-17\exchange=NSE\symbol=NESTLEIND\part-061418_142456-020439.parquet,34631,downloaded,34631,
2026-07-17,NSE,NESTLEIND,raw_l2/trade_date=2026-07-17/exchange=NSE/symbol=NESTLEIND/part-061544_336182-020631.parquet,real_data_sample\l2_unseen_validation\trade_date=2026-07-17\exchange=NSE\symbol=NESTLEIND\part-061544_336182-020631.parquet,34878,downloaded,34878,
2026-07-17,NSE,NESTLEIND,raw_l2/trade_date=2026-07-17/exchange=NSE/symbol=NESTLEIND/part-061643_160745-020759.parquet,real_data_sample\l2_unseen_validation\trade_date=2026-07-17\exchange=NSE\symbol=NESTLEIND\part-061643_160745-020759.parquet,34645,downloaded,34645,
2026-07-17,NSE,NESTLEIND,raw_l2/trade_date=2026-07-17/exchange=NSE/symbol=NESTLEIND/part-061725_656700-020855.parquet,real_data_sample\l2_unseen_validation\trade_date=2026-07-17\exchange=NSE\symbol=NESTLEIND\part-061725_656700-020855.parquet,34740,downloaded,34740,
2026-07-17,NSE,NESTLEIND,raw_l2/trade_date=2026-07-17/exchange=NSE/symbol=NESTLEIND/part-061657_240679-020791.parquet,real_data_sample\l2_unseen_validation\trade_date=2026-07-17\exchange=NSE\symbol=NESTLEIND\part-061657_240679-020791.parquet,34568,downloaded,34568,
2026-07-17,NSE,NESTLEIND,raw_l2/trade_date=2026-07-17/exchange=NSE/symbol=NESTLEIND/part-061711_526675-020823.parquet,real_data_sample\l2_unseen_validation\trade_date=2026-07-17\exchange=NSE\symbol=NESTLEIND\part-061711_526675-020823.parquet,34765,downloaded,34765,
2026-07-17,NSE,NESTLEIND,raw_l2/trade_date=2026-07-17/exchange=NSE/symbol=NESTLEIND/part-061739_664392-020887.parquet,real_data_sample\l2_unseen_validation\trade_date=2026-07-17\exchange=NSE\symbol=NESTLEIND\part-061739_664392-020887.parquet,34590,downloaded,34590,
2026-07-17,NSE,NESTLEIND,raw_l2/trade_date=2026-07-17/exchange=NSE/symbol=NESTLEIND/part-061823_119718-020983.parquet,real_data_sample\l2_unseen_validation\trade_date=2026-07-17\exchange=NSE\symbol=NESTLEIND\part-061823_119718-020983.parquet,34669,downloaded,34669,
2026-07-17,NSE,NESTLEIND,raw_l2/trade_date=2026-07-17/exchange=NSE/symbol=NESTLEIND/part-061837_944940-021015.parquet,real_data_sample\l2_unseen_validation\trade_date=2026-07-17\exchange=NSE\symbol=NESTLEIND\part-061837_944940-021015.parquet,34662,downloaded,34662,
2026-07-17,NSE,NESTLEIND,raw_l2/trade_date=2026-07-17/exchange=NSE/symbol=NESTLEIND/part-061920_871425-021111.parquet,real_data_sample\l2_unseen_validation\trade_date=2026-07-17\exchange=NSE\symbol=NESTLEIND\part-061920_871425-021111.parquet,34737,downloaded,34737,
2026-07-17,NSE,NESTLEIND,raw_l2/trade_date=2026-07-17/exchange=NSE/symbol=NESTLEIND/part-061949_227518-021175.parquet,real_data_sample\l2_unseen_validation\trade_date=2026-07-17\exchange=NSE\symbol=NESTLEIND\part-061949_227518-021175.parquet,34647,downloaded,34647,
2026-07-17,NSE,NESTLEIND,raw_l2/trade_date=2026-07-17/exchange=NSE/symbol=NESTLEIND/part-061852_199116-021047.parquet,real_data_sample\l2_unseen_validation\trade_date=2026-07-17\exchange=NSE\symbol=NESTLEIND\part-061852_199116-021047.parquet,34862,downloaded,34862,
2026-07-17,NSE,NESTLEIND,raw_l2/trade_date=2026-07-17/exchange=NSE/symbol=NESTLEIND/part-061906_286509-021079.parquet,real_data_sample\l2_unseen_validation\trade_date=2026-07-17\exchange=NSE\symbol=NESTLEIND\part-061906_286509-021079.parquet,34626,downloaded,34626,
2026-07-17,NSE,NESTLEIND,raw_l2/trade_date=2026-07-17/exchange=NSE/symbol=NESTLEIND/part-055727_036118-018167.parquet,real_data_sample\l2_unseen_validation\trade_date=2026-07-17\exchange=NSE\symbol=NESTLEIND\part-055727_036118-018167.parquet,34623,downloaded,34623,
2026-07-17,NSE,NESTLEIND,raw_l2/trade_date=2026-07-17/exchange=NSE/symbol=NESTLEIND/part-061935_116660-021143.parquet,real_data_sample\l2_unseen_validation\trade_date=2026-07-17\exchange=NSE\symbol=NESTLEIND\part-061935_116660-021143.parquet,34402,downloaded,34402,
2026-07-17,NSE,NESTLEIND,raw_l2/trade_date=2026-07-17/exchange=NSE/symbol=NESTLEIND/part-062003_506087-021207.parquet,real_data_sample\l2_unseen_validation\trade_date=2026-07-17\exchange=NSE\symbol=NESTLEIND\part-062003_506087-021207.parquet,34686,downloaded,34686,
2026-07-17,NSE,NESTLEIND,raw_l2/trade_date=2026-07-17/exchange=NSE/symbol=NESTLEIND/part-062046_706840-021303.parquet,real_data_sample\l2_unseen_validation\trade_date=2026-07-17\exchange=NSE\symbol=NESTLEIND\part-062046_706840-021303.parquet,34481,downloaded,34481,
2026-07-17,NSE,NESTLEIND,raw_l2/trade_date=2026-07-17/exchange=NSE/symbol=NESTLEIND/part-062017_646452-021239.parquet,real_data_sample\l2_unseen_validation\trade_date=2026-07-17\exchange=NSE\symbol=NESTLEIND\part-062017_646452-021239.parquet,34552,downloaded,34552,
2026-07-17,NSE,NESTLEIND,raw_l2/trade_date=2026-07-17/exchange=NSE/symbol=NESTLEIND/part-062031_946345-021271.parquet,real_data_sample\l2_unseen_validation\trade_date=2026-07-17\exchange=NSE\symbol=NESTLEIND\part-062031_946345-021271.parquet,34555,downloaded,34555,
2026-07-17,NSE,NESTLEIND,raw_l2/trade_date=2026-07-17/exchange=NSE/symbol=NESTLEIND/part-061110_991728-020023.parquet,real_data_sample\l2_unseen_validation\trade_date=2026-07-17\exchange=NSE\symbol=NESTLEIND\part-061110_991728-020023.parquet,34810,downloaded,34810,
2026-07-17,NSE,NESTLEIND,raw_l2/trade_date=2026-07-17/exchange=NSE/symbol=NESTLEIND/part-062115_603242-021367.parquet,real_data_sample\l2_unseen_validation\trade_date=2026-07-17\exchange=NSE\symbol=NESTLEIND\part-062115_603242-021367.parquet,34626,downloaded,34626,
2026-07-17,NSE,NESTLEIND,raw_l2/trade_date=2026-07-17/exchange=NSE/symbol=NESTLEIND/part-062101_202839-021335.parquet,real_data_sample\l2_unseen_validation\trade_date=2026-07-17\exchange=NSE\symbol=NESTLEIND\part-062101_202839-021335.parquet,34468,downloaded,34468,
2026-07-17,NSE,NESTLEIND,raw_l2/trade_date=2026-07-17/exchange=NSE/symbol=NESTLEIND/part-062226_454626-021527.parquet,real_data_sample\l2_unseen_validation\trade_date=2026-07-17\exchange=NSE\symbol=NESTLEIND\part-062226_454626-021527.parquet,36528,downloaded,36528,
2026-07-17,NSE,NESTLEIND,raw_l2/trade_date=2026-07-17/exchange=NSE/symbol=NESTLEIND/part-062351_927024-021719.parquet,real_data_sample\l2_unseen_validation\trade_date=2026-07-17\exchange=NSE\symbol=NESTLEIND\part-062351_927024-021719.parquet,34956,downloaded,34956,
2026-07-17,NSE,NESTLEIND,raw_l2/trade_date=2026-07-17/exchange=NSE/symbol=NESTLEIND/part-062309_477026-021623.parquet,real_data_sample\l2_unseen_validation\trade_date=2026-07-17\exchange=NSE\symbol=NESTLEIND\part-062309_477026-021623.parquet,35694,downloaded,35694,
2026-07-17,NSE,NESTLEIND,raw_l2/trade_date=2026-07-17/exchange=NSE/symbol=NESTLEIND/part-062323_768780-021655.parquet,real_data_sample\l2_unseen_validation\trade_date=2026-07-17\exchange=NSE\symbol=NESTLEIND\part-062323_768780-021655.parquet,35522,downloaded,35522,
2026-07-17,NSE,NESTLEIND,raw_l2/trade_date=2026-07-17/exchange=NSE/symbol=NESTLEIND/part-062240_789295-021559.parquet,real_data_sample\l2_unseen_validation\trade_date=2026-07-17\exchange=NSE\symbol=NESTLEIND\part-062240_789295-021559.parquet,35615,downloaded,35615,
2026-07-17,NSE,NESTLEIND,raw_l2/trade_date=2026-07-17/exchange=NSE/symbol=NESTLEIND/part-062212_198832-021495.parquet,real_data_sample\l2_unseen_validation\trade_date=2026-07-17\exchange=NSE\symbol=NESTLEIND\part-062212_198832-021495.parquet,34881,downloaded,34881,
2026-07-17,NSE,NESTLEIND,raw_l2/trade_date=2026-07-17/exchange=NSE/symbol=NESTLEIND/part-062157_896708-021463.parquet,real_data_sample\l2_unseen_validation\trade_date=2026-07-17\exchange=NSE\symbol=NESTLEIND\part-062157_896708-021463.parquet,34790,downloaded,34790,
2026-07-17,NSE,NESTLEIND,raw_l2/trade_date=2026-07-17/exchange=NSE/symbol=NESTLEIND/part-062434_160387-021815.parquet,real_data_sample\l2_unseen_validation\trade_date=2026-07-17\exchange=NSE\symbol=NESTLEIND\part-062434_160387-021815.parquet,34679,downloaded,34679,
2026-07-17,NSE,NESTLEIND,raw_l2/trade_date=2026-07-17/exchange=NSE/symbol=NESTLEIND/part-062337_987232-021687.parquet,real_data_sample\l2_unseen_validation\trade_date=2026-07-17\exchange=NSE\symbol=NESTLEIND\part-062337_987232-021687.parquet,35229,downloaded,35229,
2026-07-17,NSE,NESTLEIND,raw_l2/trade_date=2026-07-17/exchange=NSE/symbol=NESTLEIND/part-062255_030693-021591.parquet,real_data_sample\l2_unseen_validation\trade_date=2026-07-17\exchange=NSE\symbol=NESTLEIND\part-062255_030693-021591.parquet,35405,downloaded,35405,
2026-07-17,NSE,NESTLEIND,raw_l2/trade_date=2026-07-17/exchange=NSE/symbol=NESTLEIND/part-062420_159957-021783.parquet,real_data_sample\l2_unseen_validation\trade_date=2026-07-17\exchange=NSE\symbol=NESTLEIND\part-062420_159957-021783.parquet,34758,downloaded,34758,
2026-07-17,NSE,NESTLEIND,raw_l2/trade_date=2026-07-17/exchange=NSE/symbol=NESTLEIND/part-062143_620431-021431.parquet,real_data_sample\l2_unseen_validation\trade_date=2026-07-17\exchange=NSE\symbol=NESTLEIND\part-062143_620431-021431.parquet,34838,downloaded,34838,
2026-07-17,NSE,NESTLEIND,raw_l2/trade_date=2026-07-17/exchange=NSE/symbol=NESTLEIND/part-062406_018908-021751.parquet,real_data_sample\l2_unseen_validation\trade_date=2026-07-17\exchange=NSE\symbol=NESTLEIND\part-062406_018908-021751.parquet,35394,downloaded,35394,
2026-07-17,NSE,NESTLEIND,raw_l2/trade_date=2026-07-17/exchange=NSE/symbol=NESTLEIND/part-061809_000101-020951.parquet,real_data_sample\l2_unseen_validation\trade_date=2026-07-17\exchange=NSE\symbol=NESTLEIND\part-061809_000101-020951.parquet,34800,downloaded,34800,
2026-07-17,NSE,NESTLEIND,raw_l2/trade_date=2026-07-17/exchange=NSE/symbol=NESTLEIND/part-062129_710736-021399.parquet,real_data_sample\l2_unseen_validation\trade_date=2026-07-17\exchange=NSE\symbol=NESTLEIND\part-062129_710736-021399.parquet,35051,downloaded,35051,
2026-07-17,NSE,NESTLEIND,raw_l2/trade_date=2026-07-17/exchange=NSE/symbol=NESTLEIND/part-062502_590811-021879.parquet,real_data_sample\l2_unseen_validation\trade_date=2026-07-17\exchange=NSE\symbol=NESTLEIND\part-062502_590811-021879.parquet,34652,downloaded,34652,
2026-07-17,NSE,NESTLEIND,raw_l2/trade_date=2026-07-17/exchange=NSE/symbol=NESTLEIND/part-062448_345761-021847.parquet,real_data_sample\l2_unseen_validation\trade_date=2026-07-17\exchange=NSE\symbol=NESTLEIND\part-062448_345761-021847.parquet,34597,downloaded,34597,
2026-07-17,NSE,NESTLEIND,raw_l2/trade_date=2026-07-17/exchange=NSE/symbol=NESTLEIND/part-062516_744914-021911.parquet,real_data_sample\l2_unseen_validation\trade_date=2026-07-17\exchange=NSE\symbol=NESTLEIND\part-062516_744914-021911.parquet,34604,downloaded,34604,
2026-07-17,NSE,NESTLEIND,raw_l2/trade_date=2026-07-17/exchange=NSE/symbol=NESTLEIND/part-062530_601846-021943.parquet,real_data_sample\l2_unseen_validation\trade_date=2026-07-17\exchange=NSE\symbol=NESTLEIND\part-062530_601846-021943.parquet,34701,downloaded,34701,
2026-07-17,NSE,NESTLEIND,raw_l2/trade_date=2026-07-17/exchange=NSE/symbol=NESTLEIND/part-062544_562000-021975.parquet,real_data_sample\l2_unseen_validation\trade_date=2026-07-17\exchange=NSE\symbol=NESTLEIND\part-062544_562000-021975.parquet,34746,downloaded,34746,
2026-07-17,NSE,NESTLEIND,raw_l2/trade_date=2026-07-17/exchange=NSE/symbol=NESTLEIND/part-062612_680273-022039.parquet,real_data_sample\l2_unseen_validation\trade_date=2026-07-17\exchange=NSE\symbol=NESTLEIND\part-062612_680273-022039.parquet,34638,downloaded,34638,
2026-07-17,NSE,NESTLEIND,raw_l2/trade_date=2026-07-17/exchange=NSE/symbol=NESTLEIND/part-062558_629581-022007.parquet,real_data_sample\l2_unseen_validation\trade_date=2026-07-17\exchange=NSE\symbol=NESTLEIND\part-062558_629581-022007.parquet,34569,downloaded,34569,
2026-07-17,NSE,NESTLEIND,raw_l2/trade_date=2026-07-17/exchange=NSE/symbol=NESTLEIND/part-062640_971591-022103.parquet,real_data_sample\l2_unseen_validation\trade_date=2026-07-17\exchange=NSE\symbol=NESTLEIND\part-062640_971591-022103.parquet,34597,downloaded,34597,
2026-07-17,NSE,NESTLEIND,raw_l2/trade_date=2026-07-17/exchange=NSE/symbol=NESTLEIND/part-062655_208018-022135.parquet,real_data_sample\l2_unseen_validation\trade_date=2026-07-17\exchange=NSE\symbol=NESTLEIND\part-062655_208018-022135.parquet,34502,downloaded,34502,
2026-07-17,NSE,NESTLEIND,raw_l2/trade_date=2026-07-17/exchange=NSE/symbol=NESTLEIND/part-063304_529585-022967.parquet,real_data_sample\l2_unseen_validation\trade_date=2026-07-17\exchange=NSE\symbol=NESTLEIND\part-063304_529585-022967.parquet,34635,downloaded,34635,
2026-07-17,NSE,NESTLEIND,raw_l2/trade_date=2026-07-17/exchange=NSE/symbol=NESTLEIND/part-060623_372953-019383.parquet,real_data_sample\l2_unseen_validation\trade_date=2026-07-17\exchange=NSE\symbol=NESTLEIND\part-060623_372953-019383.parquet,34486,downloaded,34486,
2026-07-17,NSE,NESTLEIND,raw_l2/trade_date=2026-07-17/exchange=NSE/symbol=NESTLEIND/part-063250_260610-022935.parquet,real_data_sample\l2_unseen_validation\trade_date=2026-07-17\exchange=NSE\symbol=NESTLEIND\part-063250_260610-022935.parquet,34833,downloaded,34833,
2026-07-17,NSE,NESTLEIND,raw_l2/trade_date=2026-07-17/exchange=NSE/symbol=NESTLEIND/part-062709_502005-022167.parquet,real_data_sample\l2_unseen_validation\trade_date=2026-07-17\exchange=NSE\symbol=NESTLEIND\part-062709_502005-022167.parquet,34763,downloaded,34763,
2026-07-17,NSE,NESTLEIND,raw_l2/trade_date=2026-07-17/exchange=NSE/symbol=NESTLEIND/part-063154_543996-022807.parquet,real_data_sample\l2_unseen_validation\trade_date=2026-07-17\exchange=NSE\symbol=NESTLEIND\part-063154_543996-022807.parquet,35146,downloaded,35146,
2026-07-17,NSE,NESTLEIND,raw_l2/trade_date=2026-07-17/exchange=NSE/symbol=NESTLEIND/part-063015_679747-022583.parquet,real_data_sample\l2_unseen_validation\trade_date=2026-07-17\exchange=NSE\symbol=NESTLEIND\part-063015_679747-022583.parquet,34662,downloaded,34662,
2026-07-17,NSE,NESTLEIND,raw_l2/trade_date=2026-07-17/exchange=NSE/symbol=NESTLEIND/part-063208_408664-022839.parquet,real_data_sample\l2_unseen_validation\trade_date=2026-07-17\exchange=NSE\symbol=NESTLEIND\part-063208_408664-022839.parquet,35654,downloaded,35654,
2026-07-17,NSE,NESTLEIND,raw_l2/trade_date=2026-07-17/exchange=NSE/symbol=NESTLEIND/part-062738_309430-022231.parquet,real_data_sample\l2_unseen_validation\trade_date=2026-07-17\exchange=NSE\symbol=NESTLEIND\part-062738_309430-022231.parquet,34672,downloaded,34672,
2026-07-17,NSE,NESTLEIND,raw_l2/trade_date=2026-07-17/exchange=NSE/symbol=NESTLEIND/part-063236_372351-022903.parquet,real_data_sample\l2_unseen_validation\trade_date=2026-07-17\exchange=NSE\symbol=NESTLEIND\part-063236_372351-022903.parquet,34623,downloaded,34623,
2026-07-17,NSE,NESTLEIND,raw_l2/trade_date=2026-07-17/exchange=NSE/symbol=NESTLEIND/part-062932_557668-022487.parquet,real_data_sample\l2_unseen_validation\trade_date=2026-07-17\exchange=NSE\symbol=NESTLEIND\part-062932_557668-022487.parquet,34624,downloaded,34624,
2026-07-17,NSE,NESTLEIND,raw_l2/trade_date=2026-07-17/exchange=NSE/symbol=NESTLEIND/part-063112_328363-022711.parquet,real_data_sample\l2_unseen_validation\trade_date=2026-07-17\exchange=NSE\symbol=NESTLEIND\part-063112_328363-022711.parquet,34771,downloaded,34771,
2026-07-17,NSE,NESTLEIND,raw_l2/trade_date=2026-07-17/exchange=NSE/symbol=NESTLEIND/part-063347_407184-023063.parquet,real_data_sample\l2_unseen_validation\trade_date=2026-07-17\exchange=NSE\symbol=NESTLEIND\part-063347_407184-023063.parquet,34500,downloaded,34500,
2026-07-17,NSE,NESTLEIND,raw_l2/trade_date=2026-07-17/exchange=NSE/symbol=NESTLEIND/part-063057_969772-022679.parquet,real_data_sample\l2_unseen_validation\trade_date=2026-07-17\exchange=NSE\symbol=NESTLEIND\part-063057_969772-022679.parquet,34710,downloaded,34710,
2026-07-17,NSE,NESTLEIND,raw_l2/trade_date=2026-07-17/exchange=NSE/symbol=NESTLEIND/part-063001_451326-022551.parquet,real_data_sample\l2_unseen_validation\trade_date=2026-07-17\exchange=NSE\symbol=NESTLEIND\part-063001_451326-022551.parquet,34587,downloaded,34587,
2026-07-17,NSE,NESTLEIND,raw_l2/trade_date=2026-07-17/exchange=NSE/symbol=NESTLEIND/part-063333_264553-023031.parquet,real_data_sample\l2_unseen_validation\trade_date=2026-07-17\exchange=NSE\symbol=NESTLEIND\part-063333_264553-023031.parquet,34703,downloaded,34703,
2026-07-17,NSE,NESTLEIND,raw_l2/trade_date=2026-07-17/exchange=NSE/symbol=NESTLEIND/part-063126_533001-022743.parquet,real_data_sample\l2_unseen_validation\trade_date=2026-07-17\exchange=NSE\symbol=NESTLEIND\part-063126_533001-022743.parquet,35413,downloaded,35413,
2026-07-17,NSE,NESTLEIND,raw_l2/trade_date=2026-07-17/exchange=NSE/symbol=NESTLEIND/part-062806_746559-022295.parquet,real_data_sample\l2_unseen_validation\trade_date=2026-07-17\exchange=NSE\symbol=NESTLEIND\part-062806_746559-022295.parquet,34646,downloaded,34646,
2026-07-17,NSE,NESTLEIND,raw_l2/trade_date=2026-07-17/exchange=NSE/symbol=NESTLEIND/part-062917_463020-022455.parquet,real_data_sample\l2_unseen_validation\trade_date=2026-07-17\exchange=NSE\symbol=NESTLEIND\part-062917_463020-022455.parquet,34660,downloaded,34660,
2026-07-17,NSE,NESTLEIND,raw_l2/trade_date=2026-07-17/exchange=NSE/symbol=NESTLEIND/part-062946_761437-022519.parquet,real_data_sample\l2_unseen_validation\trade_date=2026-07-17\exchange=NSE\symbol=NESTLEIND\part-062946_761437-022519.parquet,34864,downloaded,34864,
2026-07-17,NSE,NESTLEIND,raw_l2/trade_date=2026-07-17/exchange=NSE/symbol=NESTLEIND/part-062903_386060-022423.parquet,real_data_sample\l2_unseen_validation\trade_date=2026-07-17\exchange=NSE\symbol=NESTLEIND\part-062903_386060-022423.parquet,34602,downloaded,34602,
2026-07-17,NSE,NESTLEIND,raw_l2/trade_date=2026-07-17/exchange=NSE/symbol=NESTLEIND/part-063222_346480-022871.parquet,real_data_sample\l2_unseen_validation\trade_date=2026-07-17\exchange=NSE\symbol=NESTLEIND\part-063222_346480-022871.parquet,34872,downloaded,34872,
2026-07-17,NSE,NESTLEIND,raw_l2/trade_date=2026-07-17/exchange=NSE/symbol=NESTLEIND/part-062723_954947-022199.parquet,real_data_sample\l2_unseen_validation\trade_date=2026-07-17\exchange=NSE\symbol=NESTLEIND\part-062723_954947-022199.parquet,34935,downloaded,34935,
2026-07-17,NSE,NESTLEIND,raw_l2/trade_date=2026-07-17/exchange=NSE/symbol=NESTLEIND/part-062821_193462-022327.parquet,real_data_sample\l2_unseen_validation\trade_date=2026-07-17\exchange=NSE\symbol=NESTLEIND\part-062821_193462-022327.parquet,34762,downloaded,34762,
2026-07-17,NSE,NESTLEIND,raw_l2/trade_date=2026-07-17/exchange=NSE/symbol=NESTLEIND/part-062849_467648-022391.parquet,real_data_sample\l2_unseen_validation\trade_date=2026-07-17\exchange=NSE\symbol=NESTLEIND\part-062849_467648-022391.parquet,34725,downloaded,34725,
2026-07-17,NSE,NESTLEIND,raw_l2/trade_date=2026-07-17/exchange=NSE/symbol=NESTLEIND/part-062835_071627-022359.parquet,real_data_sample\l2_unseen_validation\trade_date=2026-07-17\exchange=NSE\symbol=NESTLEIND\part-062835_071627-022359.parquet,34673,downloaded,34673,
2026-07-17,NSE,NESTLEIND,raw_l2/trade_date=2026-07-17/exchange=NSE/symbol=NESTLEIND/part-063029_788591-022615.parquet,real_data_sample\l2_unseen_validation\trade_date=2026-07-17\exchange=NSE\symbol=NESTLEIND\part-063029_788591-022615.parquet,34639,downloaded,34639,
2026-07-17,NSE,NESTLEIND,raw_l2/trade_date=2026-07-17/exchange=NSE/symbol=NESTLEIND/part-063043_972774-022647.parquet,real_data_sample\l2_unseen_validation\trade_date=2026-07-17\exchange=NSE\symbol=NESTLEIND\part-063043_972774-022647.parquet,34910,downloaded,34910,
2026-07-17,NSE,NESTLEIND,raw_l2/trade_date=2026-07-17/exchange=NSE/symbol=NESTLEIND/part-063415_590605-023127.parquet,real_data_sample\l2_unseen_validation\trade_date=2026-07-17\exchange=NSE\symbol=NESTLEIND\part-063415_590605-023127.parquet,34711,downloaded,34711,
2026-07-17,NSE,NESTLEIND,raw_l2/trade_date=2026-07-17/exchange=NSE/symbol=NESTLEIND/part-062752_529493-022263.parquet,real_data_sample\l2_unseen_validation\trade_date=2026-07-17\exchange=NSE\symbol=NESTLEIND\part-062752_529493-022263.parquet,34529,downloaded,34529,
2026-07-17,NSE,NESTLEIND,raw_l2/trade_date=2026-07-17/exchange=NSE/symbol=NESTLEIND/part-063401_454258-023095.parquet,real_data_sample\l2_unseen_validation\trade_date=2026-07-17\exchange=NSE\symbol=NESTLEIND\part-063401_454258-023095.parquet,34636,downloaded,34636,
2026-07-17,NSE,NESTLEIND,raw_l2/trade_date=2026-07-17/exchange=NSE/symbol=NESTLEIND/part-063443_552552-023191.parquet,real_data_sample\l2_unseen_validation\trade_date=2026-07-17\exchange=NSE\symbol=NESTLEIND\part-063443_552552-023191.parquet,34764,downloaded,34764,
2026-07-17,NSE,NESTLEIND,raw_l2/trade_date=2026-07-17/exchange=NSE/symbol=NESTLEIND/part-063457_552799-023223.parquet,real_data_sample\l2_unseen_validation\trade_date=2026-07-17\exchange=NSE\symbol=NESTLEIND\part-063457_552799-023223.parquet,34595,downloaded,34595,
2026-07-17,NSE,NESTLEIND,raw_l2/trade_date=2026-07-17/exchange=NSE/symbol=NESTLEIND/part-063526_031447-023287.parquet,real_data_sample\l2_unseen_validation\trade_date=2026-07-17\exchange=NSE\symbol=NESTLEIND\part-063526_031447-023287.parquet,34602,downloaded,34602,
2026-07-17,NSE,NESTLEIND,raw_l2/trade_date=2026-07-17/exchange=NSE/symbol=NESTLEIND/part-063511_682858-023255.parquet,real_data_sample\l2_unseen_validation\trade_date=2026-07-17\exchange=NSE\symbol=NESTLEIND\part-063511_682858-023255.parquet,34687,downloaded,34687,
2026-07-17,NSE,NESTLEIND,raw_l2/trade_date=2026-07-17/exchange=NSE/symbol=NESTLEIND/part-063318_898431-022999.parquet,real_data_sample\l2_unseen_validation\trade_date=2026-07-17\exchange=NSE\symbol=NESTLEIND\part-063318_898431-022999.parquet,34776,downloaded,34776,
2026-07-17,NSE,NESTLEIND,raw_l2/trade_date=2026-07-17/exchange=NSE/symbol=NESTLEIND/part-063140_558357-022775.parquet,real_data_sample\l2_unseen_validation\trade_date=2026-07-17\exchange=NSE\symbol=NESTLEIND\part-063140_558357-022775.parquet,35125,downloaded,35125,
2026-07-17,NSE,NESTLEIND,raw_l2/trade_date=2026-07-17/exchange=NSE/symbol=NESTLEIND/part-063952_555398-023895.parquet,real_data_sample\l2_unseen_validation\trade_date=2026-07-17\exchange=NSE\symbol=NESTLEIND\part-063952_555398-023895.parquet,34590,downloaded,34590,
2026-07-17,NSE,NESTLEIND,raw_l2/trade_date=2026-07-17/exchange=NSE/symbol=NESTLEIND/part-063703_677749-023511.parquet,real_data_sample\l2_unseen_validation\trade_date=2026-07-17\exchange=NSE\symbol=NESTLEIND\part-063703_677749-023511.parquet,34807,downloaded,34807,
2026-07-17,NSE,NESTLEIND,raw_l2/trade_date=2026-07-17/exchange=NSE/symbol=NESTLEIND/part-062626_705884-022071.parquet,real_data_sample\l2_unseen_validation\trade_date=2026-07-17\exchange=NSE\symbol=NESTLEIND\part-062626_705884-022071.parquet,34747,downloaded,34747,
2026-07-17,NSE,NESTLEIND,raw_l2/trade_date=2026-07-17/exchange=NSE/symbol=NESTLEIND/part-063759_305679-023639.parquet,real_data_sample\l2_unseen_validation\trade_date=2026-07-17\exchange=NSE\symbol=NESTLEIND\part-063759_305679-023639.parquet,34668,downloaded,34668,
2026-07-17,NSE,NESTLEIND,raw_l2/trade_date=2026-07-17/exchange=NSE/symbol=NESTLEIND/part-063553_741462-023351.parquet,real_data_sample\l2_unseen_validation\trade_date=2026-07-17\exchange=NSE\symbol=NESTLEIND\part-063553_741462-023351.parquet,34511,downloaded,34511,
2026-07-17,NSE,NESTLEIND,raw_l2/trade_date=2026-07-17/exchange=NSE/symbol=NESTLEIND/part-063649_663675-023479.parquet,real_data_sample\l2_unseen_validation\trade_date=2026-07-17\exchange=NSE\symbol=NESTLEIND\part-063649_663675-023479.parquet,34632,downloaded,34632,
2026-07-17,NSE,NESTLEIND,raw_l2/trade_date=2026-07-17/exchange=NSE/symbol=NESTLEIND/part-063924_565677-023831.parquet,real_data_sample\l2_unseen_validation\trade_date=2026-07-17\exchange=NSE\symbol=NESTLEIND\part-063924_565677-023831.parquet,34712,downloaded,34712,
2026-07-17,NSE,NESTLEIND,raw_l2/trade_date=2026-07-17/exchange=NSE/symbol=NESTLEIND/part-063910_581690-023799.parquet,real_data_sample\l2_unseen_validation\trade_date=2026-07-17\exchange=NSE\symbol=NESTLEIND\part-063910_581690-023799.parquet,34745,downloaded,34745,
2026-07-17,NSE,NESTLEIND,raw_l2/trade_date=2026-07-17/exchange=NSE/symbol=NESTLEIND/part-063621_640749-023415.parquet,real_data_sample\l2_unseen_validation\trade_date=2026-07-17\exchange=NSE\symbol=NESTLEIND\part-063621_640749-023415.parquet,34635,downloaded,34635,
2026-07-17,NSE,NESTLEIND,raw_l2/trade_date=2026-07-17/exchange=NSE/symbol=NESTLEIND/part-063539_807586-023319.parquet,real_data_sample\l2_unseen_validation\trade_date=2026-07-17\exchange=NSE\symbol=NESTLEIND\part-063539_807586-023319.parquet,34551,downloaded,34551,
2026-07-17,NSE,NESTLEIND,raw_l2/trade_date=2026-07-17/exchange=NSE/symbol=NESTLEIND/part-063717_633997-023543.parquet,real_data_sample\l2_unseen_validation\trade_date=2026-07-17\exchange=NSE\symbol=NESTLEIND\part-063717_633997-023543.parquet,34849,downloaded,34849,
2026-07-17,NSE,NESTLEIND,raw_l2/trade_date=2026-07-17/exchange=NSE/symbol=NESTLEIND/part-063813_209311-023671.parquet,real_data_sample\l2_unseen_validation\trade_date=2026-07-17\exchange=NSE\symbol=NESTLEIND\part-063813_209311-023671.parquet,34664,downloaded,34664,
2026-07-17,NSE,NESTLEIND,raw_l2/trade_date=2026-07-17/exchange=NSE/symbol=NESTLEIND/part-063827_474470-023703.parquet,real_data_sample\l2_unseen_validation\trade_date=2026-07-17\exchange=NSE\symbol=NESTLEIND\part-063827_474470-023703.parquet,34450,downloaded,34450,
2026-07-17,NSE,NESTLEIND,raw_l2/trade_date=2026-07-17/exchange=NSE/symbol=NESTLEIND/part-063745_487927-023607.parquet,real_data_sample\l2_unseen_validation\trade_date=2026-07-17\exchange=NSE\symbol=NESTLEIND\part-063745_487927-023607.parquet,34689,downloaded,34689,
2026-07-17,NSE,NESTLEIND,raw_l2/trade_date=2026-07-17/exchange=NSE/symbol=NESTLEIND/part-063856_314902-023767.parquet,real_data_sample\l2_unseen_validation\trade_date=2026-07-17\exchange=NSE\symbol=NESTLEIND\part-063856_314902-023767.parquet,34737,downloaded,34737,
2026-07-17,NSE,NESTLEIND,raw_l2/trade_date=2026-07-17/exchange=NSE/symbol=NESTLEIND/part-063607_650751-023383.parquet,real_data_sample\l2_unseen_validation\trade_date=2026-07-17\exchange=NSE\symbol=NESTLEIND\part-063607_650751-023383.parquet,34898,downloaded,34898,
2026-07-17,NSE,NESTLEIND,raw_l2/trade_date=2026-07-17/exchange=NSE/symbol=NESTLEIND/part-063938_537644-023863.parquet,real_data_sample\l2_unseen_validation\trade_date=2026-07-17\exchange=NSE\symbol=NESTLEIND\part-063938_537644-023863.parquet,34706,downloaded,34706,
2026-07-17,NSE,NESTLEIND,raw_l2/trade_date=2026-07-17/exchange=NSE/symbol=NESTLEIND/part-064020_475881-023959.parquet,real_data_sample\l2_unseen_validation\trade_date=2026-07-17\exchange=NSE\symbol=NESTLEIND\part-064020_475881-023959.parquet,34581,downloaded,34581,
2026-07-17,NSE,NESTLEIND,raw_l2/trade_date=2026-07-17/exchange=NSE/symbol=NESTLEIND/part-063731_530487-023575.parquet,real_data_sample\l2_unseen_validation\trade_date=2026-07-17\exchange=NSE\symbol=NESTLEIND\part-063731_530487-023575.parquet,34816,downloaded,34816,
2026-07-17,NSE,NESTLEIND,raw_l2/trade_date=2026-07-17/exchange=NSE/symbol=NESTLEIND/part-063841_739608-023735.parquet,real_data_sample\l2_unseen_validation\trade_date=2026-07-17\exchange=NSE\symbol=NESTLEIND\part-063841_739608-023735.parquet,34682,downloaded,34682,
2026-07-17,NSE,NESTLEIND,raw_l2/trade_date=2026-07-17/exchange=NSE/symbol=NESTLEIND/part-064006_355935-023927.parquet,real_data_sample\l2_unseen_validation\trade_date=2026-07-17\exchange=NSE\symbol=NESTLEIND\part-064006_355935-023927.parquet,34546,downloaded,34546,
2026-07-17,NSE,NESTLEIND,raw_l2/trade_date=2026-07-17/exchange=NSE/symbol=NESTLEIND/part-063635_681656-023447.parquet,real_data_sample\l2_unseen_validation\trade_date=2026-07-17\exchange=NSE\symbol=NESTLEIND\part-063635_681656-023447.parquet,34502,downloaded,34502,
2026-07-17,NSE,NESTLEIND,raw_l2/trade_date=2026-07-17/exchange=NSE/symbol=NESTLEIND/part-064034_559630-023991.parquet,real_data_sample\l2_unseen_validation\trade_date=2026-07-17\exchange=NSE\symbol=NESTLEIND\part-064034_559630-023991.parquet,34576,downloaded,34576,
2026-07-17,NSE,NESTLEIND,raw_l2/trade_date=2026-07-17/exchange=NSE/symbol=NESTLEIND/part-064102_587969-024055.parquet,real_data_sample\l2_unseen_validation\trade_date=2026-07-17\exchange=NSE\symbol=NESTLEIND\part-064102_587969-024055.parquet,34553,downloaded,34553,
2026-07-17,NSE,NESTLEIND,raw_l2/trade_date=2026-07-17/exchange=NSE/symbol=NESTLEIND/part-064116_463372-024087.parquet,real_data_sample\l2_unseen_validation\trade_date=2026-07-17\exchange=NSE\symbol=NESTLEIND\part-064116_463372-024087.parquet,34592,downloaded,34592,
2026-07-17,NSE,NESTLEIND,raw_l2/trade_date=2026-07-17/exchange=NSE/symbol=NESTLEIND/part-064144_482523-024151.parquet,real_data_sample\l2_unseen_validation\trade_date=2026-07-17\exchange=NSE\symbol=NESTLEIND\part-064144_482523-024151.parquet,34936,downloaded,34936,
2026-07-17,NSE,NESTLEIND,raw_l2/trade_date=2026-07-17/exchange=NSE/symbol=NESTLEIND/part-064130_257194-024119.parquet,real_data_sample\l2_unseen_validation\trade_date=2026-07-17\exchange=NSE\symbol=NESTLEIND\part-064130_257194-024119.parquet,34832,downloaded,34832,
2026-07-17,NSE,NESTLEIND,raw_l2/trade_date=2026-07-17/exchange=NSE/symbol=NESTLEIND/part-064158_193782-024183.parquet,real_data_sample\l2_unseen_validation\trade_date=2026-07-17\exchange=NSE\symbol=NESTLEIND\part-064158_193782-024183.parquet,34661,downloaded,34661,
2026-07-17,NSE,NESTLEIND,raw_l2/trade_date=2026-07-17/exchange=NSE/symbol=NESTLEIND/part-064212_028683-024215.parquet,real_data_sample\l2_unseen_validation\trade_date=2026-07-17\exchange=NSE\symbol=NESTLEIND\part-064212_028683-024215.parquet,34680,downloaded,34680,
2026-07-17,NSE,NESTLEIND,raw_l2/trade_date=2026-07-17/exchange=NSE/symbol=NESTLEIND/part-064226_048047-024247.parquet,real_data_sample\l2_unseen_validation\trade_date=2026-07-17\exchange=NSE\symbol=NESTLEIND\part-064226_048047-024247.parquet,34726,downloaded,34726,
2026-07-17,NSE,NESTLEIND,raw_l2/trade_date=2026-07-17/exchange=NSE/symbol=NESTLEIND/part-064239_698317-024279.parquet,real_data_sample\l2_unseen_validation\trade_date=2026-07-17\exchange=NSE\symbol=NESTLEIND\part-064239_698317-024279.parquet,34536,downloaded,34536,
2026-07-17,NSE,NESTLEIND,raw_l2/trade_date=2026-07-17/exchange=NSE/symbol=NESTLEIND/part-064253_519520-024311.parquet,real_data_sample\l2_unseen_validation\trade_date=2026-07-17\exchange=NSE\symbol=NESTLEIND\part-064253_519520-024311.parquet,34560,downloaded,34560,
2026-07-17,NSE,NESTLEIND,raw_l2/trade_date=2026-07-17/exchange=NSE/symbol=NESTLEIND/part-064430_529259-024535.parquet,real_data_sample\l2_unseen_validation\trade_date=2026-07-17\exchange=NSE\symbol=NESTLEIND\part-064430_529259-024535.parquet,34522,downloaded,34522,
2026-07-17,NSE,NESTLEIND,raw_l2/trade_date=2026-07-17/exchange=NSE/symbol=NESTLEIND/part-064348_745181-024439.parquet,real_data_sample\l2_unseen_validation\trade_date=2026-07-17\exchange=NSE\symbol=NESTLEIND\part-064348_745181-024439.parquet,34508,downloaded,34508,
2026-07-17,NSE,NESTLEIND,raw_l2/trade_date=2026-07-17/exchange=NSE/symbol=NESTLEIND/part-064321_052991-024375.parquet,real_data_sample\l2_unseen_validation\trade_date=2026-07-17\exchange=NSE\symbol=NESTLEIND\part-064321_052991-024375.parquet,34733,downloaded,34733,
2026-07-17,NSE,NESTLEIND,raw_l2/trade_date=2026-07-17/exchange=NSE/symbol=NESTLEIND/part-064334_965653-024407.parquet,real_data_sample\l2_unseen_validation\trade_date=2026-07-17\exchange=NSE\symbol=NESTLEIND\part-064334_965653-024407.parquet,34757,downloaded,34757,
2026-07-17,NSE,NESTLEIND,raw_l2/trade_date=2026-07-17/exchange=NSE/symbol=NESTLEIND/part-064457_989480-024599.parquet,real_data_sample\l2_unseen_validation\trade_date=2026-07-17\exchange=NSE\symbol=NESTLEIND\part-064457_989480-024599.parquet,34806,downloaded,34806,
2026-07-17,NSE,NESTLEIND,raw_l2/trade_date=2026-07-17/exchange=NSE/symbol=NESTLEIND/part-064730_745746-024951.parquet,real_data_sample\l2_unseen_validation\trade_date=2026-07-17\exchange=NSE\symbol=NESTLEIND\part-064730_745746-024951.parquet,34723,downloaded,34723,
2026-07-17,NSE,NESTLEIND,raw_l2/trade_date=2026-07-17/exchange=NSE/symbol=NESTLEIND/part-064402_485550-024471.parquet,real_data_sample\l2_unseen_validation\trade_date=2026-07-17\exchange=NSE\symbol=NESTLEIND\part-064402_485550-024471.parquet,34448,downloaded,34448,
2026-07-17,NSE,NESTLEIND,raw_l2/trade_date=2026-07-17/exchange=NSE/symbol=NESTLEIND/part-064540_008260-024695.parquet,real_data_sample\l2_unseen_validation\trade_date=2026-07-17\exchange=NSE\symbol=NESTLEIND\part-064540_008260-024695.parquet,34736,downloaded,34736,
2026-07-17,NSE,NESTLEIND,raw_l2/trade_date=2026-07-17/exchange=NSE/symbol=NESTLEIND/part-064416_610979-024503.parquet,real_data_sample\l2_unseen_validation\trade_date=2026-07-17\exchange=NSE\symbol=NESTLEIND\part-064416_610979-024503.parquet,34585,downloaded,34585,
2026-07-17,NSE,NESTLEIND,raw_l2/trade_date=2026-07-17/exchange=NSE/symbol=NESTLEIND/part-064621_252994-024791.parquet,real_data_sample\l2_unseen_validation\trade_date=2026-07-17\exchange=NSE\symbol=NESTLEIND\part-064621_252994-024791.parquet,34658,downloaded,34658,
2026-07-17,NSE,NESTLEIND,raw_l2/trade_date=2026-07-17/exchange=NSE/symbol=NESTLEIND/part-064607_430388-024759.parquet,real_data_sample\l2_unseen_validation\trade_date=2026-07-17\exchange=NSE\symbol=NESTLEIND\part-064607_430388-024759.parquet,34647,downloaded,34647,
2026-07-17,NSE,NESTLEIND,raw_l2/trade_date=2026-07-17/exchange=NSE/symbol=NESTLEIND/part-064512_090528-024631.parquet,real_data_sample\l2_unseen_validation\trade_date=2026-07-17\exchange=NSE\symbol=NESTLEIND\part-064512_090528-024631.parquet,34673,downloaded,34673,
2026-07-17,NSE,NESTLEIND,raw_l2/trade_date=2026-07-17/exchange=NSE/symbol=NESTLEIND/part-064526_083480-024663.parquet,real_data_sample\l2_unseen_validation\trade_date=2026-07-17\exchange=NSE\symbol=NESTLEIND\part-064526_083480-024663.parquet,34602,downloaded,34602,
2026-07-17,NSE,NESTLEIND,raw_l2/trade_date=2026-07-17/exchange=NSE/symbol=NESTLEIND/part-064744_757779-024983.parquet,real_data_sample\l2_unseen_validation\trade_date=2026-07-17\exchange=NSE\symbol=NESTLEIND\part-064744_757779-024983.parquet,34589,downloaded,34589,
2026-07-17,NSE,NESTLEIND,raw_l2/trade_date=2026-07-17/exchange=NSE/symbol=NESTLEIND/part-064444_186112-024567.parquet,real_data_sample\l2_unseen_validation\trade_date=2026-07-17\exchange=NSE\symbol=NESTLEIND\part-064444_186112-024567.parquet,34703,downloaded,34703,
2026-07-17,NSE,NESTLEIND,raw_l2/trade_date=2026-07-17/exchange=NSE/symbol=NESTLEIND/part-064553_679915-024727.parquet,real_data_sample\l2_unseen_validation\trade_date=2026-07-17\exchange=NSE\symbol=NESTLEIND\part-064553_679915-024727.parquet,34617,downloaded,34617,
2026-07-17,NSE,NESTLEIND,raw_l2/trade_date=2026-07-17/exchange=NSE/symbol=NESTLEIND/part-064717_006461-024919.parquet,real_data_sample\l2_unseen_validation\trade_date=2026-07-17\exchange=NSE\symbol=NESTLEIND\part-064717_006461-024919.parquet,34895,downloaded,34895,
2026-07-17,NSE,NESTLEIND,raw_l2/trade_date=2026-07-17/exchange=NSE/symbol=NESTLEIND/part-064635_082142-024823.parquet,real_data_sample\l2_unseen_validation\trade_date=2026-07-17\exchange=NSE\symbol=NESTLEIND\part-064635_082142-024823.parquet,34940,downloaded,34940,
2026-07-17,NSE,NESTLEIND,raw_l2/trade_date=2026-07-17/exchange=NSE/symbol=NESTLEIND/part-064758_467156-025015.parquet,real_data_sample\l2_unseen_validation\trade_date=2026-07-17\exchange=NSE\symbol=NESTLEIND\part-064758_467156-025015.parquet,34640,downloaded,34640,
2026-07-17,NSE,NESTLEIND,raw_l2/trade_date=2026-07-17/exchange=NSE/symbol=NESTLEIND/part-064649_064083-024855.parquet,real_data_sample\l2_unseen_validation\trade_date=2026-07-17\exchange=NSE\symbol=NESTLEIND\part-064649_064083-024855.parquet,34608,downloaded,34608,
2026-07-17,NSE,NESTLEIND,raw_l2/trade_date=2026-07-17/exchange=NSE/symbol=NESTLEIND/part-064048_660425-024023.parquet,real_data_sample\l2_unseen_validation\trade_date=2026-07-17\exchange=NSE\symbol=NESTLEIND\part-064048_660425-024023.parquet,34516,downloaded,34516,
2026-07-17,NSE,NESTLEIND,raw_l2/trade_date=2026-07-17/exchange=NSE/symbol=NESTLEIND/part-064703_035878-024887.parquet,real_data_sample\l2_unseen_validation\trade_date=2026-07-17\exchange=NSE\symbol=NESTLEIND\part-064703_035878-024887.parquet,34626,downloaded,34626,
2026-07-17,NSE,NESTLEIND,raw_l2/trade_date=2026-07-17/exchange=NSE/symbol=NESTLEIND/part-064840_210080-025111.parquet,real_data_sample\l2_unseen_validation\trade_date=2026-07-17\exchange=NSE\symbol=NESTLEIND\part-064840_210080-025111.parquet,34597,downloaded,34597,
2026-07-17,NSE,NESTLEIND,raw_l2/trade_date=2026-07-17/exchange=NSE/symbol=NESTLEIND/part-064826_389922-025079.parquet,real_data_sample\l2_unseen_validation\trade_date=2026-07-17\exchange=NSE\symbol=NESTLEIND\part-064826_389922-025079.parquet,34636,downloaded,34636,
2026-07-17,NSE,NESTLEIND,raw_l2/trade_date=2026-07-17/exchange=NSE/symbol=NESTLEIND/part-064812_501558-025047.parquet,real_data_sample\l2_unseen_validation\trade_date=2026-07-17\exchange=NSE\symbol=NESTLEIND\part-064812_501558-025047.parquet,34639,downloaded,34639,
2026-07-17,NSE,NESTLEIND,raw_l2/trade_date=2026-07-17/exchange=NSE/symbol=NESTLEIND/part-064853_950895-025143.parquet,real_data_sample\l2_unseen_validation\trade_date=2026-07-17\exchange=NSE\symbol=NESTLEIND\part-064853_950895-025143.parquet,34767,downloaded,34767,
2026-07-17,NSE,NESTLEIND,raw_l2/trade_date=2026-07-17/exchange=NSE/symbol=NESTLEIND/part-064907_838974-025175.parquet,real_data_sample\l2_unseen_validation\trade_date=2026-07-17\exchange=NSE\symbol=NESTLEIND\part-064907_838974-025175.parquet,34623,downloaded,34623,
2026-07-17,NSE,NESTLEIND,raw_l2/trade_date=2026-07-17/exchange=NSE/symbol=NESTLEIND/part-065031_296722-025367.parquet,real_data_sample\l2_unseen_validation\trade_date=2026-07-17\exchange=NSE\symbol=NESTLEIND\part-065031_296722-025367.parquet,34589,downloaded,34589,
2026-07-17,NSE,NESTLEIND,raw_l2/trade_date=2026-07-17/exchange=NSE/symbol=NESTLEIND/part-065017_501470-025335.parquet,real_data_sample\l2_unseen_validation\trade_date=2026-07-17\exchange=NSE\symbol=NESTLEIND\part-065017_501470-025335.parquet,34571,downloaded,34571,
2026-07-17,NSE,NESTLEIND,raw_l2/trade_date=2026-07-17/exchange=NSE/symbol=NESTLEIND/part-064935_548068-025239.parquet,real_data_sample\l2_unseen_validation\trade_date=2026-07-17\exchange=NSE\symbol=NESTLEIND\part-064935_548068-025239.parquet,34690,downloaded,34690,
2026-07-17,NSE,NESTLEIND,raw_l2/trade_date=2026-07-17/exchange=NSE/symbol=NESTLEIND/part-064949_565161-025271.parquet,real_data_sample\l2_unseen_validation\trade_date=2026-07-17\exchange=NSE\symbol=NESTLEIND\part-064949_565161-025271.parquet,34483,downloaded,34483,
2026-07-17,NSE,NESTLEIND,raw_l2/trade_date=2026-07-17/exchange=NSE/symbol=NESTLEIND/part-064921_751908-025207.parquet,real_data_sample\l2_unseen_validation\trade_date=2026-07-17\exchange=NSE\symbol=NESTLEIND\part-064921_751908-025207.parquet,34628,downloaded,34628,
2026-07-17,NSE,NESTLEIND,raw_l2/trade_date=2026-07-17/exchange=NSE/symbol=NESTLEIND/part-065003_638009-025303.parquet,real_data_sample\l2_unseen_validation\trade_date=2026-07-17\exchange=NSE\symbol=NESTLEIND\part-065003_638009-025303.parquet,34412,downloaded,34412,
2026-07-17,NSE,NESTLEIND,raw_l2/trade_date=2026-07-17/exchange=NSE/symbol=NESTLEIND/part-065045_487704-025399.parquet,real_data_sample\l2_unseen_validation\trade_date=2026-07-17\exchange=NSE\symbol=NESTLEIND\part-065045_487704-025399.parquet,34441,downloaded,34441,
2026-07-17,NSE,NESTLEIND,raw_l2/trade_date=2026-07-17/exchange=NSE/symbol=NESTLEIND/part-065306_224394-025719.parquet,real_data_sample\l2_unseen_validation\trade_date=2026-07-17\exchange=NSE\symbol=NESTLEIND\part-065306_224394-025719.parquet,34607,downloaded,34607,
2026-07-17,NSE,NESTLEIND,raw_l2/trade_date=2026-07-17/exchange=NSE/symbol=NESTLEIND/part-065059_491180-025431.parquet,real_data_sample\l2_unseen_validation\trade_date=2026-07-17\exchange=NSE\symbol=NESTLEIND\part-065059_491180-025431.parquet,34673,downloaded,34673,
2026-07-17,NSE,NESTLEIND,raw_l2/trade_date=2026-07-17/exchange=NSE/symbol=NESTLEIND/part-065113_581701-025463.parquet,real_data_sample\l2_unseen_validation\trade_date=2026-07-17\exchange=NSE\symbol=NESTLEIND\part-065113_581701-025463.parquet,34732,downloaded,34732,
2026-07-17,NSE,NESTLEIND,raw_l2/trade_date=2026-07-17/exchange=NSE/symbol=NESTLEIND/part-065127_619532-025495.parquet,real_data_sample\l2_unseen_validation\trade_date=2026-07-17\exchange=NSE\symbol=NESTLEIND\part-065127_619532-025495.parquet,34626,downloaded,34626,
2026-07-17,NSE,NESTLEIND,raw_l2/trade_date=2026-07-17/exchange=NSE/symbol=NESTLEIND/part-065155_617982-025559.parquet,real_data_sample\l2_unseen_validation\trade_date=2026-07-17\exchange=NSE\symbol=NESTLEIND\part-065155_617982-025559.parquet,34754,downloaded,34754,
2026-07-17,NSE,NESTLEIND,raw_l2/trade_date=2026-07-17/exchange=NSE/symbol=NESTLEIND/part-065209_766126-025591.parquet,real_data_sample\l2_unseen_validation\trade_date=2026-07-17\exchange=NSE\symbol=NESTLEIND\part-065209_766126-025591.parquet,34784,downloaded,34784,
2026-07-17,NSE,NESTLEIND,raw_l2/trade_date=2026-07-17/exchange=NSE/symbol=NESTLEIND/part-065223_879437-025623.parquet,real_data_sample\l2_unseen_validation\trade_date=2026-07-17\exchange=NSE\symbol=NESTLEIND\part-065223_879437-025623.parquet,34688,downloaded,34688,
2026-07-17,NSE,NESTLEIND,raw_l2/trade_date=2026-07-17/exchange=NSE/symbol=NESTLEIND/part-065416_068945-025879.parquet,real_data_sample\l2_unseen_validation\trade_date=2026-07-17\exchange=NSE\symbol=NESTLEIND\part-065416_068945-025879.parquet,34576,downloaded,34576,
2026-07-17,NSE,NESTLEIND,raw_l2/trade_date=2026-07-17/exchange=NSE/symbol=NESTLEIND/part-065252_199065-025687.parquet,real_data_sample\l2_unseen_validation\trade_date=2026-07-17\exchange=NSE\symbol=NESTLEIND\part-065252_199065-025687.parquet,34741,downloaded,34741,
2026-07-17,NSE,NESTLEIND,raw_l2/trade_date=2026-07-17/exchange=NSE/symbol=NESTLEIND/part-065141_563412-025527.parquet,real_data_sample\l2_unseen_validation\trade_date=2026-07-17\exchange=NSE\symbol=NESTLEIND\part-065141_563412-025527.parquet,34718,downloaded,34718,
2026-07-17,NSE,NESTLEIND,raw_l2/trade_date=2026-07-17/exchange=NSE/symbol=NESTLEIND/part-065237_924278-025655.parquet,real_data_sample\l2_unseen_validation\trade_date=2026-07-17\exchange=NSE\symbol=NESTLEIND\part-065237_924278-025655.parquet,34558,downloaded,34558,
2026-07-17,NSE,NESTLEIND,raw_l2/trade_date=2026-07-17/exchange=NSE/symbol=NESTLEIND/part-065320_216284-025751.parquet,real_data_sample\l2_unseen_validation\trade_date=2026-07-17\exchange=NSE\symbol=NESTLEIND\part-065320_216284-025751.parquet,34693,downloaded,34693,
2026-07-17,NSE,NESTLEIND,raw_l2/trade_date=2026-07-17/exchange=NSE/symbol=NESTLEIND/part-065512_376599-026007.parquet,real_data_sample\l2_unseen_validation\trade_date=2026-07-17\exchange=NSE\symbol=NESTLEIND\part-065512_376599-026007.parquet,34848,downloaded,34848,
2026-07-17,NSE,NESTLEIND,raw_l2/trade_date=2026-07-17/exchange=NSE/symbol=NESTLEIND/part-065430_146351-025911.parquet,real_data_sample\l2_unseen_validation\trade_date=2026-07-17\exchange=NSE\symbol=NESTLEIND\part-065430_146351-025911.parquet,34520,downloaded,34520,
2026-07-17,NSE,NESTLEIND,raw_l2/trade_date=2026-07-17/exchange=NSE/symbol=NESTLEIND/part-065458_307723-025975.parquet,real_data_sample\l2_unseen_validation\trade_date=2026-07-17\exchange=NSE\symbol=NESTLEIND\part-065458_307723-025975.parquet,34669,downloaded,34669,
2026-07-17,NSE,NESTLEIND,raw_l2/trade_date=2026-07-17/exchange=NSE/symbol=NESTLEIND/part-065526_406572-026039.parquet,real_data_sample\l2_unseen_validation\trade_date=2026-07-17\exchange=NSE\symbol=NESTLEIND\part-065526_406572-026039.parquet,34574,downloaded,34574,
2026-07-17,NSE,NESTLEIND,raw_l2/trade_date=2026-07-17/exchange=NSE/symbol=NESTLEIND/part-065540_692309-026071.parquet,real_data_sample\l2_unseen_validation\trade_date=2026-07-17\exchange=NSE\symbol=NESTLEIND\part-065540_692309-026071.parquet,34660,downloaded,34660,
2026-07-17,NSE,NESTLEIND,raw_l2/trade_date=2026-07-17/exchange=NSE/symbol=NESTLEIND/part-065554_601744-026103.parquet,real_data_sample\l2_unseen_validation\trade_date=2026-07-17\exchange=NSE\symbol=NESTLEIND\part-065554_601744-026103.parquet,34662,downloaded,34662,
2026-07-17,NSE,NESTLEIND,raw_l2/trade_date=2026-07-17/exchange=NSE/symbol=NESTLEIND/part-065608_637550-026135.parquet,real_data_sample\l2_unseen_validation\trade_date=2026-07-17\exchange=NSE\symbol=NESTLEIND\part-065608_637550-026135.parquet,34495,downloaded,34495,
2026-07-17,NSE,NESTLEIND,raw_l2/trade_date=2026-07-17/exchange=NSE/symbol=NESTLEIND/part-065334_037527-025783.parquet,real_data_sample\l2_unseen_validation\trade_date=2026-07-17\exchange=NSE\symbol=NESTLEIND\part-065334_037527-025783.parquet,34622,downloaded,34622,
2026-07-17,NSE,NESTLEIND,raw_l2/trade_date=2026-07-17/exchange=NSE/symbol=NESTLEIND/part-065347_845578-025815.parquet,real_data_sample\l2_unseen_validation\trade_date=2026-07-17\exchange=NSE\symbol=NESTLEIND\part-065347_845578-025815.parquet,34802,downloaded,34802,
2026-07-17,NSE,NESTLEIND,raw_l2/trade_date=2026-07-17/exchange=NSE/symbol=NESTLEIND/part-064307_201322-024343.parquet,real_data_sample\l2_unseen_validation\trade_date=2026-07-17\exchange=NSE\symbol=NESTLEIND\part-064307_201322-024343.parquet,34670,downloaded,34670,
2026-07-17,NSE,NESTLEIND,raw_l2/trade_date=2026-07-17/exchange=NSE/symbol=NESTLEIND/part-065402_042979-025847.parquet,real_data_sample\l2_unseen_validation\trade_date=2026-07-17\exchange=NSE\symbol=NESTLEIND\part-065402_042979-025847.parquet,34657,downloaded,34657,
2026-07-17,NSE,NESTLEIND,raw_l2/trade_date=2026-07-17/exchange=NSE/symbol=NESTLEIND/part-065636_637106-026199.parquet,real_data_sample\l2_unseen_validation\trade_date=2026-07-17\exchange=NSE\symbol=NESTLEIND\part-065636_637106-026199.parquet,34578,downloaded,34578,
2026-07-17,NSE,NESTLEIND,raw_l2/trade_date=2026-07-17/exchange=NSE/symbol=NESTLEIND/part-065622_695025-026167.parquet,real_data_sample\l2_unseen_validation\trade_date=2026-07-17\exchange=NSE\symbol=NESTLEIND\part-065622_695025-026167.parquet,34627,downloaded,34627,
2026-07-17,NSE,NESTLEIND,raw_l2/trade_date=2026-07-17/exchange=NSE/symbol=NESTLEIND/part-065650_649640-026231.parquet,real_data_sample\l2_unseen_validation\trade_date=2026-07-17\exchange=NSE\symbol=NESTLEIND\part-065650_649640-026231.parquet,34483,downloaded,34483,
2026-07-17,NSE,NESTLEIND,raw_l2/trade_date=2026-07-17/exchange=NSE/symbol=NESTLEIND/part-065704_595722-026263.parquet,real_data_sample\l2_unseen_validation\trade_date=2026-07-17\exchange=NSE\symbol=NESTLEIND\part-065704_595722-026263.parquet,34680,downloaded,34680,
2026-07-17,NSE,NESTLEIND,raw_l2/trade_date=2026-07-17/exchange=NSE/symbol=NESTLEIND/part-065800_974618-026391.parquet,real_data_sample\l2_unseen_validation\trade_date=2026-07-17\exchange=NSE\symbol=NESTLEIND\part-065800_974618-026391.parquet,34630,downloaded,34630,
2026-07-17,NSE,NESTLEIND,raw_l2/trade_date=2026-07-17/exchange=NSE/symbol=NESTLEIND/part-065746_773796-026359.parquet,real_data_sample\l2_unseen_validation\trade_date=2026-07-17\exchange=NSE\symbol=NESTLEIND\part-065746_773796-026359.parquet,34589,downloaded,34589,
2026-07-17,NSE,NESTLEIND,raw_l2/trade_date=2026-07-17/exchange=NSE/symbol=NESTLEIND/part-065732_751436-026327.parquet,real_data_sample\l2_unseen_validation\trade_date=2026-07-17\exchange=NSE\symbol=NESTLEIND\part-065732_751436-026327.parquet,34705,downloaded,34705,
2026-07-17,NSE,NESTLEIND,raw_l2/trade_date=2026-07-17/exchange=NSE/symbol=NESTLEIND/part-065844_023016-026487.parquet,real_data_sample\l2_unseen_validation\trade_date=2026-07-17\exchange=NSE\symbol=NESTLEIND\part-065844_023016-026487.parquet,34683,downloaded,34683,
2026-07-17,NSE,NESTLEIND,raw_l2/trade_date=2026-07-17/exchange=NSE/symbol=NESTLEIND/part-065718_606629-026295.parquet,real_data_sample\l2_unseen_validation\trade_date=2026-07-17\exchange=NSE\symbol=NESTLEIND\part-065718_606629-026295.parquet,34723,downloaded,34723,
2026-07-17,NSE,NESTLEIND,raw_l2/trade_date=2026-07-17/exchange=NSE/symbol=NESTLEIND/part-065829_689324-026455.parquet,real_data_sample\l2_unseen_validation\trade_date=2026-07-17\exchange=NSE\symbol=NESTLEIND\part-065829_689324-026455.parquet,34656,downloaded,34656,
2026-07-17,NSE,NESTLEIND,raw_l2/trade_date=2026-07-17/exchange=NSE/symbol=NESTLEIND/part-065815_236573-026423.parquet,real_data_sample\l2_unseen_validation\trade_date=2026-07-17\exchange=NSE\symbol=NESTLEIND\part-065815_236573-026423.parquet,34614,downloaded,34614,
2026-07-17,NSE,NESTLEIND,raw_l2/trade_date=2026-07-17/exchange=NSE/symbol=NESTLEIND/part-065912_459706-026551.parquet,real_data_sample\l2_unseen_validation\trade_date=2026-07-17\exchange=NSE\symbol=NESTLEIND\part-065912_459706-026551.parquet,34591,downloaded,34591,
2026-07-17,NSE,NESTLEIND,raw_l2/trade_date=2026-07-17/exchange=NSE/symbol=NESTLEIND/part-065858_298659-026519.parquet,real_data_sample\l2_unseen_validation\trade_date=2026-07-17\exchange=NSE\symbol=NESTLEIND\part-065858_298659-026519.parquet,34870,downloaded,34870,
2026-07-17,NSE,NESTLEIND,raw_l2/trade_date=2026-07-17/exchange=NSE/symbol=NESTLEIND/part-065927_071226-026583.parquet,real_data_sample\l2_unseen_validation\trade_date=2026-07-17\exchange=NSE\symbol=NESTLEIND\part-065927_071226-026583.parquet,34548,downloaded,34548,
2026-07-17,NSE,NESTLEIND,raw_l2/trade_date=2026-07-17/exchange=NSE/symbol=NESTLEIND/part-065941_743952-026615.parquet,real_data_sample\l2_unseen_validation\trade_date=2026-07-17\exchange=NSE\symbol=NESTLEIND\part-065941_743952-026615.parquet,34635,downloaded,34635,
2026-07-17,NSE,NESTLEIND,raw_l2/trade_date=2026-07-17/exchange=NSE/symbol=NESTLEIND/part-070025_586691-026711.parquet,real_data_sample\l2_unseen_validation\trade_date=2026-07-17\exchange=NSE\symbol=NESTLEIND\part-070025_586691-026711.parquet,34481,downloaded,34481,
2026-07-17,NSE,NESTLEIND,raw_l2/trade_date=2026-07-17/exchange=NSE/symbol=NESTLEIND/part-070039_901978-026743.parquet,real_data_sample\l2_unseen_validation\trade_date=2026-07-17\exchange=NSE\symbol=NESTLEIND\part-070039_901978-026743.parquet,34783,downloaded,34783,
2026-07-17,NSE,NESTLEIND,raw_l2/trade_date=2026-07-17/exchange=NSE/symbol=NESTLEIND/part-065956_405704-026647.parquet,real_data_sample\l2_unseen_validation\trade_date=2026-07-17\exchange=NSE\symbol=NESTLEIND\part-065956_405704-026647.parquet,34726,downloaded,34726,
2026-07-17,NSE,NESTLEIND,raw_l2/trade_date=2026-07-17/exchange=NSE/symbol=NESTLEIND/part-070011_102598-026679.parquet,real_data_sample\l2_unseen_validation\trade_date=2026-07-17\exchange=NSE\symbol=NESTLEIND\part-070011_102598-026679.parquet,34749,downloaded,34749,
2026-07-17,NSE,NESTLEIND,raw_l2/trade_date=2026-07-17/exchange=NSE/symbol=NESTLEIND/part-070054_541552-026775.parquet,real_data_sample\l2_unseen_validation\trade_date=2026-07-17\exchange=NSE\symbol=NESTLEIND\part-070054_541552-026775.parquet,34681,downloaded,34681,
2026-07-17,NSE,NESTLEIND,raw_l2/trade_date=2026-07-17/exchange=NSE/symbol=NESTLEIND/part-070124_041051-026839.parquet,real_data_sample\l2_unseen_validation\trade_date=2026-07-17\exchange=NSE\symbol=NESTLEIND\part-070124_041051-026839.parquet,34658,downloaded,34658,
2026-07-17,NSE,NESTLEIND,raw_l2/trade_date=2026-07-17/exchange=NSE/symbol=NESTLEIND/part-070139_133430-026871.parquet,real_data_sample\l2_unseen_validation\trade_date=2026-07-17\exchange=NSE\symbol=NESTLEIND\part-070139_133430-026871.parquet,34602,downloaded,34602,
2026-07-17,NSE,NESTLEIND,raw_l2/trade_date=2026-07-17/exchange=NSE/symbol=NESTLEIND/part-070109_432142-026807.parquet,real_data_sample\l2_unseen_validation\trade_date=2026-07-17\exchange=NSE\symbol=NESTLEIND\part-070109_432142-026807.parquet,34495,downloaded,34495,
2026-07-17,NSE,NESTLEIND,raw_l2/trade_date=2026-07-17/exchange=NSE/symbol=NESTLEIND/part-070153_731851-026903.parquet,real_data_sample\l2_unseen_validation\trade_date=2026-07-17\exchange=NSE\symbol=NESTLEIND\part-070153_731851-026903.parquet,34737,downloaded,34737,
2026-07-17,NSE,NESTLEIND,raw_l2/trade_date=2026-07-17/exchange=NSE/symbol=NESTLEIND/part-070208_140335-026935.parquet,real_data_sample\l2_unseen_validation\trade_date=2026-07-17\exchange=NSE\symbol=NESTLEIND\part-070208_140335-026935.parquet,34700,downloaded,34700,
2026-07-17,NSE,NESTLEIND,raw_l2/trade_date=2026-07-17/exchange=NSE/symbol=NESTLEIND/part-070222_996865-026967.parquet,real_data_sample\l2_unseen_validation\trade_date=2026-07-17\exchange=NSE\symbol=NESTLEIND\part-070222_996865-026967.parquet,34945,downloaded,34945,
2026-07-17,NSE,NESTLEIND,raw_l2/trade_date=2026-07-17/exchange=NSE/symbol=NESTLEIND/part-070237_687770-026999.parquet,real_data_sample\l2_unseen_validation\trade_date=2026-07-17\exchange=NSE\symbol=NESTLEIND\part-070237_687770-026999.parquet,34700,downloaded,34700,
2026-07-17,NSE,NESTLEIND,raw_l2/trade_date=2026-07-17/exchange=NSE/symbol=NESTLEIND/part-070336_333905-027127.parquet,real_data_sample\l2_unseen_validation\trade_date=2026-07-17\exchange=NSE\symbol=NESTLEIND\part-070336_333905-027127.parquet,34781,downloaded,34781,
2026-07-17,NSE,NESTLEIND,raw_l2/trade_date=2026-07-17/exchange=NSE/symbol=NESTLEIND/part-063429_608970-023159.parquet,real_data_sample\l2_unseen_validation\trade_date=2026-07-17\exchange=NSE\symbol=NESTLEIND\part-063429_608970-023159.parquet,34588,downloaded,34588,
2026-07-17,NSE,NESTLEIND,raw_l2/trade_date=2026-07-17/exchange=NSE/symbol=NESTLEIND/part-070405_119656-027191.parquet,real_data_sample\l2_unseen_validation\trade_date=2026-07-17\exchange=NSE\symbol=NESTLEIND\part-070405_119656-027191.parquet,34711,downloaded,34711,
2026-07-17,NSE,NESTLEIND,raw_l2/trade_date=2026-07-17/exchange=NSE/symbol=NESTLEIND/part-070252_519773-027031.parquet,real_data_sample\l2_unseen_validation\trade_date=2026-07-17\exchange=NSE\symbol=NESTLEIND\part-070252_519773-027031.parquet,34548,downloaded,34548,
2026-07-17,NSE,NESTLEIND,raw_l2/trade_date=2026-07-17/exchange=NSE/symbol=NESTLEIND/part-070322_038505-027095.parquet,real_data_sample\l2_unseen_validation\trade_date=2026-07-17\exchange=NSE\symbol=NESTLEIND\part-070322_038505-027095.parquet,34633,downloaded,34633,
2026-07-17,NSE,NESTLEIND,raw_l2/trade_date=2026-07-17/exchange=NSE/symbol=NESTLEIND/part-070350_646478-027159.parquet,real_data_sample\l2_unseen_validation\trade_date=2026-07-17\exchange=NSE\symbol=NESTLEIND\part-070350_646478-027159.parquet,34681,downloaded,34681,
2026-07-17,NSE,NESTLEIND,raw_l2/trade_date=2026-07-17/exchange=NSE/symbol=NESTLEIND/part-070433_500264-027255.parquet,real_data_sample\l2_unseen_validation\trade_date=2026-07-17\exchange=NSE\symbol=NESTLEIND\part-070433_500264-027255.parquet,35003,downloaded,35003,
2026-07-17,NSE,NESTLEIND,raw_l2/trade_date=2026-07-17/exchange=NSE/symbol=NESTLEIND/part-065444_136469-025943.parquet,real_data_sample\l2_unseen_validation\trade_date=2026-07-17\exchange=NSE\symbol=NESTLEIND\part-065444_136469-025943.parquet,34825,downloaded,34825,
2026-07-17,NSE,NESTLEIND,raw_l2/trade_date=2026-07-17/exchange=NSE/symbol=NESTLEIND/part-070726_030496-027639.parquet,real_data_sample\l2_unseen_validation\trade_date=2026-07-17\exchange=NSE\symbol=NESTLEIND\part-070726_030496-027639.parquet,34577,downloaded,34577,
2026-07-17,NSE,NESTLEIND,raw_l2/trade_date=2026-07-17/exchange=NSE/symbol=NESTLEIND/part-070419_324805-027223.parquet,real_data_sample\l2_unseen_validation\trade_date=2026-07-17\exchange=NSE\symbol=NESTLEIND\part-070419_324805-027223.parquet,34534,downloaded,34534,
2026-07-17,NSE,NESTLEIND,raw_l2/trade_date=2026-07-17/exchange=NSE/symbol=NESTLEIND/part-070502_449280-027319.parquet,real_data_sample\l2_unseen_validation\trade_date=2026-07-17\exchange=NSE\symbol=NESTLEIND\part-070502_449280-027319.parquet,34469,downloaded,34469,
2026-07-17,NSE,NESTLEIND,raw_l2/trade_date=2026-07-17/exchange=NSE/symbol=NESTLEIND/part-070516_893649-027351.parquet,real_data_sample\l2_unseen_validation\trade_date=2026-07-17\exchange=NSE\symbol=NESTLEIND\part-070516_893649-027351.parquet,34594,downloaded,34594,
2026-07-17,NSE,NESTLEIND,raw_l2/trade_date=2026-07-17/exchange=NSE/symbol=NESTLEIND/part-070657_494008-027575.parquet,real_data_sample\l2_unseen_validation\trade_date=2026-07-17\exchange=NSE\symbol=NESTLEIND\part-070657_494008-027575.parquet,34662,downloaded,34662,
2026-07-17,NSE,NESTLEIND,raw_l2/trade_date=2026-07-17/exchange=NSE/symbol=NESTLEIND/part-070740_225667-027671.parquet,real_data_sample\l2_unseen_validation\trade_date=2026-07-17\exchange=NSE\symbol=NESTLEIND\part-070740_225667-027671.parquet,34769,downloaded,34769,
2026-07-17,NSE,NESTLEIND,raw_l2/trade_date=2026-07-17/exchange=NSE/symbol=NESTLEIND/part-070545_873908-027415.parquet,real_data_sample\l2_unseen_validation\trade_date=2026-07-17\exchange=NSE\symbol=NESTLEIND\part-070545_873908-027415.parquet,34605,downloaded,34605,
2026-07-17,NSE,NESTLEIND,raw_l2/trade_date=2026-07-17/exchange=NSE/symbol=NESTLEIND/part-070447_727868-027287.parquet,real_data_sample\l2_unseen_validation\trade_date=2026-07-17\exchange=NSE\symbol=NESTLEIND\part-070447_727868-027287.parquet,34743,downloaded,34743,
2026-07-17,NSE,NESTLEIND,raw_l2/trade_date=2026-07-17/exchange=NSE/symbol=NESTLEIND/part-070531_554488-027383.parquet,real_data_sample\l2_unseen_validation\trade_date=2026-07-17\exchange=NSE\symbol=NESTLEIND\part-070531_554488-027383.parquet,34511,downloaded,34511,
2026-07-17,NSE,NESTLEIND,raw_l2/trade_date=2026-07-17/exchange=NSE/symbol=NESTLEIND/part-070614_489881-027479.parquet,real_data_sample\l2_unseen_validation\trade_date=2026-07-17\exchange=NSE\symbol=NESTLEIND\part-070614_489881-027479.parquet,34646,downloaded,34646,
2026-07-17,NSE,NESTLEIND,raw_l2/trade_date=2026-07-17/exchange=NSE/symbol=NESTLEIND/part-070643_269851-027543.parquet,real_data_sample\l2_unseen_validation\trade_date=2026-07-17\exchange=NSE\symbol=NESTLEIND\part-070643_269851-027543.parquet,34841,downloaded,34841,
2026-07-17,NSE,NESTLEIND,raw_l2/trade_date=2026-07-17/exchange=NSE/symbol=NESTLEIND/part-070600_162555-027447.parquet,real_data_sample\l2_unseen_validation\trade_date=2026-07-17\exchange=NSE\symbol=NESTLEIND\part-070600_162555-027447.parquet,34559,downloaded,34559,
2026-07-17,NSE,NESTLEIND,raw_l2/trade_date=2026-07-17/exchange=NSE/symbol=NESTLEIND/part-070934_712073-027927.parquet,real_data_sample\l2_unseen_validation\trade_date=2026-07-17\exchange=NSE\symbol=NESTLEIND\part-070934_712073-027927.parquet,34792,downloaded,34792,
2026-07-17,NSE,NESTLEIND,raw_l2/trade_date=2026-07-17/exchange=NSE/symbol=NESTLEIND/part-070628_898718-027511.parquet,real_data_sample\l2_unseen_validation\trade_date=2026-07-17\exchange=NSE\symbol=NESTLEIND\part-070628_898718-027511.parquet,34578,downloaded,34578,
2026-07-17,NSE,NESTLEIND,raw_l2/trade_date=2026-07-17/exchange=NSE/symbol=NESTLEIND/part-070711_778668-027607.parquet,real_data_sample\l2_unseen_validation\trade_date=2026-07-17\exchange=NSE\symbol=NESTLEIND\part-070711_778668-027607.parquet,34849,downloaded,34849,
2026-07-17,NSE,NESTLEIND,raw_l2/trade_date=2026-07-17/exchange=NSE/symbol=NESTLEIND/part-070837_008622-027799.parquet,real_data_sample\l2_unseen_validation\trade_date=2026-07-17\exchange=NSE\symbol=NESTLEIND\part-070837_008622-027799.parquet,34645,downloaded,34645,
2026-07-17,NSE,NESTLEIND,raw_l2/trade_date=2026-07-17/exchange=NSE/symbol=NESTLEIND/part-070754_362085-027703.parquet,real_data_sample\l2_unseen_validation\trade_date=2026-07-17\exchange=NSE\symbol=NESTLEIND\part-070754_362085-027703.parquet,34764,downloaded,34764,
2026-07-17,NSE,NESTLEIND,raw_l2/trade_date=2026-07-17/exchange=NSE/symbol=NESTLEIND/part-070808_418459-027735.parquet,real_data_sample\l2_unseen_validation\trade_date=2026-07-17\exchange=NSE\symbol=NESTLEIND\part-070808_418459-027735.parquet,34590,downloaded,34590,
2026-07-17,NSE,NESTLEIND,raw_l2/trade_date=2026-07-17/exchange=NSE/symbol=NESTLEIND/part-070905_774030-027863.parquet,real_data_sample\l2_unseen_validation\trade_date=2026-07-17\exchange=NSE\symbol=NESTLEIND\part-070905_774030-027863.parquet,34589,downloaded,34589,
2026-07-17,NSE,NESTLEIND,raw_l2/trade_date=2026-07-17/exchange=NSE/symbol=NESTLEIND/part-070851_264443-027831.parquet,real_data_sample\l2_unseen_validation\trade_date=2026-07-17\exchange=NSE\symbol=NESTLEIND\part-070851_264443-027831.parquet,34574,downloaded,34574,
2026-07-17,NSE,NESTLEIND,raw_l2/trade_date=2026-07-17/exchange=NSE/symbol=NESTLEIND/part-070919_961348-027895.parquet,real_data_sample\l2_unseen_validation\trade_date=2026-07-17\exchange=NSE\symbol=NESTLEIND\part-070919_961348-027895.parquet,34749,downloaded,34749,
2026-07-17,NSE,NESTLEIND,raw_l2/trade_date=2026-07-17/exchange=NSE/symbol=NESTLEIND/part-070822_527176-027767.parquet,real_data_sample\l2_unseen_validation\trade_date=2026-07-17\exchange=NSE\symbol=NESTLEIND\part-070822_527176-027767.parquet,34539,downloaded,34539,
2026-07-17,NSE,NESTLEIND,raw_l2/trade_date=2026-07-17/exchange=NSE/symbol=NESTLEIND/part-070949_261054-027959.parquet,real_data_sample\l2_unseen_validation\trade_date=2026-07-17\exchange=NSE\symbol=NESTLEIND\part-070949_261054-027959.parquet,34501,downloaded,34501,
2026-07-17,NSE,NESTLEIND,raw_l2/trade_date=2026-07-17/exchange=NSE/symbol=NESTLEIND/part-071003_509134-027991.parquet,real_data_sample\l2_unseen_validation\trade_date=2026-07-17\exchange=NSE\symbol=NESTLEIND\part-071003_509134-027991.parquet,34980,downloaded,34980,
2026-07-17,NSE,NESTLEIND,raw_l2/trade_date=2026-07-17/exchange=NSE/symbol=NESTLEIND/part-070307_463202-027063.parquet,real_data_sample\l2_unseen_validation\trade_date=2026-07-17\exchange=NSE\symbol=NESTLEIND\part-070307_463202-027063.parquet,34686,downloaded,34686,
2026-07-17,NSE,NESTLEIND,raw_l2/trade_date=2026-07-17/exchange=NSE/symbol=NESTLEIND/part-071100_733086-028119.parquet,real_data_sample\l2_unseen_validation\trade_date=2026-07-17\exchange=NSE\symbol=NESTLEIND\part-071100_733086-028119.parquet,34787,downloaded,34787,
2026-07-17,NSE,NESTLEIND,raw_l2/trade_date=2026-07-17/exchange=NSE/symbol=NESTLEIND/part-071046_209531-028087.parquet,real_data_sample\l2_unseen_validation\trade_date=2026-07-17\exchange=NSE\symbol=NESTLEIND\part-071046_209531-028087.parquet,34882,downloaded,34882,
2026-07-17,NSE,NESTLEIND,raw_l2/trade_date=2026-07-17/exchange=NSE/symbol=NESTLEIND/part-071031_766209-028055.parquet,real_data_sample\l2_unseen_validation\trade_date=2026-07-17\exchange=NSE\symbol=NESTLEIND\part-071031_766209-028055.parquet,34770,downloaded,34770,
2026-07-17,NSE,NESTLEIND,raw_l2/trade_date=2026-07-17/exchange=NSE/symbol=NESTLEIND/part-071115_252565-028151.parquet,real_data_sample\l2_unseen_validation\trade_date=2026-07-17\exchange=NSE\symbol=NESTLEIND\part-071115_252565-028151.parquet,34695,downloaded,34695,
2026-07-17,NSE,NESTLEIND,raw_l2/trade_date=2026-07-17/exchange=NSE/symbol=NESTLEIND/part-071158_896106-028247.parquet,real_data_sample\l2_unseen_validation\trade_date=2026-07-17\exchange=NSE\symbol=NESTLEIND\part-071158_896106-028247.parquet,34751,downloaded,34751,
2026-07-17,NSE,NESTLEIND,raw_l2/trade_date=2026-07-17/exchange=NSE/symbol=NESTLEIND/part-071129_873259-028183.parquet,real_data_sample\l2_unseen_validation\trade_date=2026-07-17\exchange=NSE\symbol=NESTLEIND\part-071129_873259-028183.parquet,34980,downloaded,34980,
2026-07-17,NSE,NESTLEIND,raw_l2/trade_date=2026-07-17/exchange=NSE/symbol=NESTLEIND/part-071422_316359-028567.parquet,real_data_sample\l2_unseen_validation\trade_date=2026-07-17\exchange=NSE\symbol=NESTLEIND\part-071422_316359-028567.parquet,35464,downloaded,35464,
2026-07-17,NSE,NESTLEIND,raw_l2/trade_date=2026-07-17/exchange=NSE/symbol=NESTLEIND/part-071325_087166-028439.parquet,real_data_sample\l2_unseen_validation\trade_date=2026-07-17\exchange=NSE\symbol=NESTLEIND\part-071325_087166-028439.parquet,35967,downloaded,35967,
2026-07-17,NSE,NESTLEIND,raw_l2/trade_date=2026-07-17/exchange=NSE/symbol=NESTLEIND/part-071617_264421-028823.parquet,real_data_sample\l2_unseen_validation\trade_date=2026-07-17\exchange=NSE\symbol=NESTLEIND\part-071617_264421-028823.parquet,34845,downloaded,34845,
2026-07-17,NSE,NESTLEIND,raw_l2/trade_date=2026-07-17/exchange=NSE/symbol=NESTLEIND/part-071227_806554-028311.parquet,real_data_sample\l2_unseen_validation\trade_date=2026-07-17\exchange=NSE\symbol=NESTLEIND\part-071227_806554-028311.parquet,34840,downloaded,34840,
2026-07-17,NSE,NESTLEIND,raw_l2/trade_date=2026-07-17/exchange=NSE/symbol=NESTLEIND/part-071602_970040-028791.parquet,real_data_sample\l2_unseen_validation\trade_date=2026-07-17\exchange=NSE\symbol=NESTLEIND\part-071602_970040-028791.parquet,35106,downloaded,35106,
2026-07-17,NSE,NESTLEIND,raw_l2/trade_date=2026-07-17/exchange=NSE/symbol=NESTLEIND/part-071339_379767-028471.parquet,real_data_sample\l2_unseen_validation\trade_date=2026-07-17\exchange=NSE\symbol=NESTLEIND\part-071339_379767-028471.parquet,35939,downloaded,35939,
2026-07-17,NSE,NESTLEIND,raw_l2/trade_date=2026-07-17/exchange=NSE/symbol=NESTLEIND/part-071534_192384-028727.parquet,real_data_sample\l2_unseen_validation\trade_date=2026-07-17\exchange=NSE\symbol=NESTLEIND\part-071534_192384-028727.parquet,34973,downloaded,34973,
2026-07-17,NSE,NESTLEIND,raw_l2/trade_date=2026-07-17/exchange=NSE/symbol=NESTLEIND/part-071256_537975-028375.parquet,real_data_sample\l2_unseen_validation\trade_date=2026-07-17\exchange=NSE\symbol=NESTLEIND\part-071256_537975-028375.parquet,34681,downloaded,34681,
2026-07-17,NSE,NESTLEIND,raw_l2/trade_date=2026-07-17/exchange=NSE/symbol=NESTLEIND/part-071353_773721-028503.parquet,real_data_sample\l2_unseen_validation\trade_date=2026-07-17\exchange=NSE\symbol=NESTLEIND\part-071353_773721-028503.parquet,36047,downloaded,36047,
2026-07-17,NSE,NESTLEIND,raw_l2/trade_date=2026-07-17/exchange=NSE/symbol=NESTLEIND/part-071728_188152-028983.parquet,real_data_sample\l2_unseen_validation\trade_date=2026-07-17\exchange=NSE\symbol=NESTLEIND\part-071728_188152-028983.parquet,34904,downloaded,34904,
2026-07-17,NSE,NESTLEIND,raw_l2/trade_date=2026-07-17/exchange=NSE/symbol=NESTLEIND/part-071408_083099-028535.parquet,real_data_sample\l2_unseen_validation\trade_date=2026-07-17\exchange=NSE\symbol=NESTLEIND\part-071408_083099-028535.parquet,35284,downloaded,35284,
2026-07-17,NSE,NESTLEIND,raw_l2/trade_date=2026-07-17/exchange=NSE/symbol=NESTLEIND/part-071213_324525-028279.parquet,real_data_sample\l2_unseen_validation\trade_date=2026-07-17\exchange=NSE\symbol=NESTLEIND\part-071213_324525-028279.parquet,34849,downloaded,34849,
2026-07-17,NSE,NESTLEIND,raw_l2/trade_date=2026-07-17/exchange=NSE/symbol=NESTLEIND/part-071310_858678-028407.parquet,real_data_sample\l2_unseen_validation\trade_date=2026-07-17\exchange=NSE\symbol=NESTLEIND\part-071310_858678-028407.parquet,34774,downloaded,34774,
2026-07-17,NSE,NESTLEIND,raw_l2/trade_date=2026-07-17/exchange=NSE/symbol=NESTLEIND/part-071548_581227-028759.parquet,real_data_sample\l2_unseen_validation\trade_date=2026-07-17\exchange=NSE\symbol=NESTLEIND\part-071548_581227-028759.parquet,34656,downloaded,34656,
2026-07-17,NSE,NESTLEIND,raw_l2/trade_date=2026-07-17/exchange=NSE/symbol=NESTLEIND/part-071505_460377-028663.parquet,real_data_sample\l2_unseen_validation\trade_date=2026-07-17\exchange=NSE\symbol=NESTLEIND\part-071505_460377-028663.parquet,35363,downloaded,35363,
2026-07-17,NSE,NESTLEIND,raw_l2/trade_date=2026-07-17/exchange=NSE/symbol=NESTLEIND/part-071645_771093-028887.parquet,real_data_sample\l2_unseen_validation\trade_date=2026-07-17\exchange=NSE\symbol=NESTLEIND\part-071645_771093-028887.parquet,34639,downloaded,34639,
2026-07-17,NSE,NESTLEIND,raw_l2/trade_date=2026-07-17/exchange=NSE/symbol=NESTLEIND/part-071242_317744-028343.parquet,real_data_sample\l2_unseen_validation\trade_date=2026-07-17\exchange=NSE\symbol=NESTLEIND\part-071242_317744-028343.parquet,35020,downloaded,35020,
2026-07-17,NSE,NESTLEIND,raw_l2/trade_date=2026-07-17/exchange=NSE/symbol=NESTLEIND/part-071519_946941-028695.parquet,real_data_sample\l2_unseen_validation\trade_date=2026-07-17\exchange=NSE\symbol=NESTLEIND\part-071519_946941-028695.parquet,35118,downloaded,35118,
2026-07-17,NSE,NESTLEIND,raw_l2/trade_date=2026-07-17/exchange=NSE/symbol=NESTLEIND/part-071436_521542-028599.parquet,real_data_sample\l2_unseen_validation\trade_date=2026-07-17\exchange=NSE\symbol=NESTLEIND\part-071436_521542-028599.parquet,35190,downloaded,35190,
2026-07-17,NSE,NESTLEIND,raw_l2/trade_date=2026-07-17/exchange=NSE/symbol=NESTLEIND/part-071659_928428-028919.parquet,real_data_sample\l2_unseen_validation\trade_date=2026-07-17\exchange=NSE\symbol=NESTLEIND\part-071659_928428-028919.parquet,34797,downloaded,34797,
2026-07-17,NSE,NESTLEIND,raw_l2/trade_date=2026-07-17/exchange=NSE/symbol=NESTLEIND/part-071450_983357-028631.parquet,real_data_sample\l2_unseen_validation\trade_date=2026-07-17\exchange=NSE\symbol=NESTLEIND\part-071450_983357-028631.parquet,34958,downloaded,34958,
2026-07-17,NSE,NESTLEIND,raw_l2/trade_date=2026-07-17/exchange=NSE/symbol=NESTLEIND/part-071631_495158-028855.parquet,real_data_sample\l2_unseen_validation\trade_date=2026-07-17\exchange=NSE\symbol=NESTLEIND\part-071631_495158-028855.parquet,34529,downloaded,34529,
2026-07-17,NSE,NESTLEIND,raw_l2/trade_date=2026-07-17/exchange=NSE/symbol=NESTLEIND/part-071714_085053-028951.parquet,real_data_sample\l2_unseen_validation\trade_date=2026-07-17\exchange=NSE\symbol=NESTLEIND\part-071714_085053-028951.parquet,34755,downloaded,34755,
2026-07-17,NSE,NESTLEIND,raw_l2/trade_date=2026-07-17/exchange=NSE/symbol=NESTLEIND/part-071756_749243-029047.parquet,real_data_sample\l2_unseen_validation\trade_date=2026-07-17\exchange=NSE\symbol=NESTLEIND\part-071756_749243-029047.parquet,34778,downloaded,34778,
2026-07-17,NSE,NESTLEIND,raw_l2/trade_date=2026-07-17/exchange=NSE/symbol=NESTLEIND/part-071811_237757-029079.parquet,real_data_sample\l2_unseen_validation\trade_date=2026-07-17\exchange=NSE\symbol=NESTLEIND\part-071811_237757-029079.parquet,34919,downloaded,34919,
2026-07-17,NSE,NESTLEIND,raw_l2/trade_date=2026-07-17/exchange=NSE/symbol=NESTLEIND/part-071825_533772-029111.parquet,real_data_sample\l2_unseen_validation\trade_date=2026-07-17\exchange=NSE\symbol=NESTLEIND\part-071825_533772-029111.parquet,34880,downloaded,34880,
2026-07-17,NSE,NESTLEIND,raw_l2/trade_date=2026-07-17/exchange=NSE/symbol=NESTLEIND/part-071840_253226-029143.parquet,real_data_sample\l2_unseen_validation\trade_date=2026-07-17\exchange=NSE\symbol=NESTLEIND\part-071840_253226-029143.parquet,34845,downloaded,34845,
2026-07-17,NSE,NESTLEIND,raw_l2/trade_date=2026-07-17/exchange=NSE/symbol=NESTLEIND/part-071855_224564-029175.parquet,real_data_sample\l2_unseen_validation\trade_date=2026-07-17\exchange=NSE\symbol=NESTLEIND\part-071855_224564-029175.parquet,34711,downloaded,34711,
2026-07-17,NSE,NESTLEIND,raw_l2/trade_date=2026-07-17/exchange=NSE/symbol=NESTLEIND/part-071909_667850-029207.parquet,real_data_sample\l2_unseen_validation\trade_date=2026-07-17\exchange=NSE\symbol=NESTLEIND\part-071909_667850-029207.parquet,34705,downloaded,34705,
2026-07-17,NSE,NESTLEIND,raw_l2/trade_date=2026-07-17/exchange=NSE/symbol=NESTLEIND/part-071952_454222-029303.parquet,real_data_sample\l2_unseen_validation\trade_date=2026-07-17\exchange=NSE\symbol=NESTLEIND\part-071952_454222-029303.parquet,34753,downloaded,34753,
2026-07-17,NSE,NESTLEIND,raw_l2/trade_date=2026-07-17/exchange=NSE/symbol=NESTLEIND/part-071923_971875-029239.parquet,real_data_sample\l2_unseen_validation\trade_date=2026-07-17\exchange=NSE\symbol=NESTLEIND\part-071923_971875-029239.parquet,34880,downloaded,34880,
2026-07-17,NSE,NESTLEIND,raw_l2/trade_date=2026-07-17/exchange=NSE/symbol=NESTLEIND/part-072006_791866-029335.parquet,real_data_sample\l2_unseen_validation\trade_date=2026-07-17\exchange=NSE\symbol=NESTLEIND\part-072006_791866-029335.parquet,34867,downloaded,34867,
2026-07-17,NSE,NESTLEIND,raw_l2/trade_date=2026-07-17/exchange=NSE/symbol=NESTLEIND/part-072243_595092-029687.parquet,real_data_sample\l2_unseen_validation\trade_date=2026-07-17\exchange=NSE\symbol=NESTLEIND\part-072243_595092-029687.parquet,35287,downloaded,35287,
2026-07-17,NSE,NESTLEIND,raw_l2/trade_date=2026-07-17/exchange=NSE/symbol=NESTLEIND/part-072021_069531-029367.parquet,real_data_sample\l2_unseen_validation\trade_date=2026-07-17\exchange=NSE\symbol=NESTLEIND\part-072021_069531-029367.parquet,34638,downloaded,34638,
2026-07-17,NSE,NESTLEIND,raw_l2/trade_date=2026-07-17/exchange=NSE/symbol=NESTLEIND/part-071938_313585-029271.parquet,real_data_sample\l2_unseen_validation\trade_date=2026-07-17\exchange=NSE\symbol=NESTLEIND\part-071938_313585-029271.parquet,34953,downloaded,34953,
2026-07-17,NSE,NESTLEIND,raw_l2/trade_date=2026-07-17/exchange=NSE/symbol=NESTLEIND/part-072409_252780-029879.parquet,real_data_sample\l2_unseen_validation\trade_date=2026-07-17\exchange=NSE\symbol=NESTLEIND\part-072409_252780-029879.parquet,34641,downloaded,34641,
2026-07-17,NSE,NESTLEIND,raw_l2/trade_date=2026-07-17/exchange=NSE/symbol=NESTLEIND/part-072146_112949-029559.parquet,real_data_sample\l2_unseen_validation\trade_date=2026-07-17\exchange=NSE\symbol=NESTLEIND\part-072146_112949-029559.parquet,35260,downloaded,35260,
2026-07-17,NSE,NESTLEIND,raw_l2/trade_date=2026-07-17/exchange=NSE/symbol=NESTLEIND/part-072229_321090-029655.parquet,real_data_sample\l2_unseen_validation\trade_date=2026-07-17\exchange=NSE\symbol=NESTLEIND\part-072229_321090-029655.parquet,35172,downloaded,35172,
2026-07-17,NSE,NESTLEIND,raw_l2/trade_date=2026-07-17/exchange=NSE/symbol=NESTLEIND/part-072103_789148-029463.parquet,real_data_sample\l2_unseen_validation\trade_date=2026-07-17\exchange=NSE\symbol=NESTLEIND\part-072103_789148-029463.parquet,34564,downloaded,34564,
2026-07-17,NSE,NESTLEIND,raw_l2/trade_date=2026-07-17/exchange=NSE/symbol=NESTLEIND/part-072340_802098-029815.parquet,real_data_sample\l2_unseen_validation\trade_date=2026-07-17\exchange=NSE\symbol=NESTLEIND\part-072340_802098-029815.parquet,35013,downloaded,35013,
2026-07-17,NSE,NESTLEIND,raw_l2/trade_date=2026-07-17/exchange=NSE/symbol=NESTLEIND/part-072049_540403-029431.parquet,real_data_sample\l2_unseen_validation\trade_date=2026-07-17\exchange=NSE\symbol=NESTLEIND\part-072049_540403-029431.parquet,34548,downloaded,34548,
2026-07-17,NSE,NESTLEIND,raw_l2/trade_date=2026-07-17/exchange=NSE/symbol=NESTLEIND/part-072423_470347-029911.parquet,real_data_sample\l2_unseen_validation\trade_date=2026-07-17\exchange=NSE\symbol=NESTLEIND\part-072423_470347-029911.parquet,34844,downloaded,34844,
2026-07-17,NSE,NESTLEIND,raw_l2/trade_date=2026-07-17/exchange=NSE/symbol=NESTLEIND/part-072132_145976-029527.parquet,real_data_sample\l2_unseen_validation\trade_date=2026-07-17\exchange=NSE\symbol=NESTLEIND\part-072132_145976-029527.parquet,35520,downloaded,35520,
2026-07-17,NSE,NESTLEIND,raw_l2/trade_date=2026-07-17/exchange=NSE/symbol=NESTLEIND/part-072355_064318-029847.parquet,real_data_sample\l2_unseen_validation\trade_date=2026-07-17\exchange=NSE\symbol=NESTLEIND\part-072355_064318-029847.parquet,34841,downloaded,34841,
2026-07-17,NSE,NESTLEIND,raw_l2/trade_date=2026-07-17/exchange=NSE/symbol=NESTLEIND/part-072257_787423-029719.parquet,real_data_sample\l2_unseen_validation\trade_date=2026-07-17\exchange=NSE\symbol=NESTLEIND\part-072257_787423-029719.parquet,35467,downloaded,35467,
2026-07-17,NSE,NESTLEIND,raw_l2/trade_date=2026-07-17/exchange=NSE/symbol=NESTLEIND/part-072326_463897-029783.parquet,real_data_sample\l2_unseen_validation\trade_date=2026-07-17\exchange=NSE\symbol=NESTLEIND\part-072326_463897-029783.parquet,34910,downloaded,34910,
2026-07-17,NSE,NESTLEIND,raw_l2/trade_date=2026-07-17/exchange=NSE/symbol=NESTLEIND/part-072035_287204-029399.parquet,real_data_sample\l2_unseen_validation\trade_date=2026-07-17\exchange=NSE\symbol=NESTLEIND\part-072035_287204-029399.parquet,34661,downloaded,34661,
2026-07-17,NSE,NESTLEIND,raw_l2/trade_date=2026-07-17/exchange=NSE/symbol=NESTLEIND/part-072117_923695-029495.parquet,real_data_sample\l2_unseen_validation\trade_date=2026-07-17\exchange=NSE\symbol=NESTLEIND\part-072117_923695-029495.parquet,35270,downloaded,35270,
2026-07-17,NSE,NESTLEIND,raw_l2/trade_date=2026-07-17/exchange=NSE/symbol=NESTLEIND/part-072312_118978-029751.parquet,real_data_sample\l2_unseen_validation\trade_date=2026-07-17\exchange=NSE\symbol=NESTLEIND\part-072312_118978-029751.parquet,35296,downloaded,35296,
2026-07-17,NSE,NESTLEIND,raw_l2/trade_date=2026-07-17/exchange=NSE/symbol=NESTLEIND/part-072215_267230-029623.parquet,real_data_sample\l2_unseen_validation\trade_date=2026-07-17\exchange=NSE\symbol=NESTLEIND\part-072215_267230-029623.parquet,35488,downloaded,35488,
2026-07-17,NSE,NESTLEIND,raw_l2/trade_date=2026-07-17/exchange=NSE/symbol=NESTLEIND/part-072200_971103-029591.parquet,real_data_sample\l2_unseen_validation\trade_date=2026-07-17\exchange=NSE\symbol=NESTLEIND\part-072200_971103-029591.parquet,35486,downloaded,35486,
2026-07-17,NSE,NESTLEIND,raw_l2/trade_date=2026-07-17/exchange=NSE/symbol=NESTLEIND/part-071742_487299-029015.parquet,real_data_sample\l2_unseen_validation\trade_date=2026-07-17\exchange=NSE\symbol=NESTLEIND\part-071742_487299-029015.parquet,34584,downloaded,34584,
2026-07-17,NSE,NESTLEIND,raw_l2/trade_date=2026-07-17/exchange=NSE/symbol=NESTLEIND/part-072437_849047-029943.parquet,real_data_sample\l2_unseen_validation\trade_date=2026-07-17\exchange=NSE\symbol=NESTLEIND\part-072437_849047-029943.parquet,34763,downloaded,34763,
2026-07-17,NSE,NESTLEIND,raw_l2/trade_date=2026-07-17/exchange=NSE/symbol=NESTLEIND/part-072535_013290-030071.parquet,real_data_sample\l2_unseen_validation\trade_date=2026-07-17\exchange=NSE\symbol=NESTLEIND\part-072535_013290-030071.parquet,35790,downloaded,35790,
2026-07-17,NSE,NESTLEIND,raw_l2/trade_date=2026-07-17/exchange=NSE/symbol=NESTLEIND/part-072520_750883-030039.parquet,real_data_sample\l2_unseen_validation\trade_date=2026-07-17\exchange=NSE\symbol=NESTLEIND\part-072520_750883-030039.parquet,35252,downloaded,35252,
2026-07-17,NSE,NESTLEIND,raw_l2/trade_date=2026-07-17/exchange=NSE/symbol=NESTLEIND/part-072452_350649-029975.parquet,real_data_sample\l2_unseen_validation\trade_date=2026-07-17\exchange=NSE\symbol=NESTLEIND\part-072452_350649-029975.parquet,34701,downloaded,34701,
2026-07-17,NSE,NESTLEIND,raw_l2/trade_date=2026-07-17/exchange=NSE/symbol=NESTLEIND/part-072506_597702-030007.parquet,real_data_sample\l2_unseen_validation\trade_date=2026-07-17\exchange=NSE\symbol=NESTLEIND\part-072506_597702-030007.parquet,35046,downloaded,35046,
2026-07-17,NSE,NESTLEIND,raw_l2/trade_date=2026-07-17/exchange=NSE/symbol=NESTLEIND/part-072549_263117-030103.parquet,real_data_sample\l2_unseen_validation\trade_date=2026-07-17\exchange=NSE\symbol=NESTLEIND\part-072549_263117-030103.parquet,35147,downloaded,35147,
2026-07-17,NSE,NESTLEIND,raw_l2/trade_date=2026-07-17/exchange=NSE/symbol=NESTLEIND/part-072603_215045-030135.parquet,real_data_sample\l2_unseen_validation\trade_date=2026-07-17\exchange=NSE\symbol=NESTLEIND\part-072603_215045-030135.parquet,35053,downloaded,35053,
2026-07-17,NSE,NESTLEIND,raw_l2/trade_date=2026-07-17/exchange=NSE/symbol=NESTLEIND/part-071144_547908-028215.parquet,real_data_sample\l2_unseen_validation\trade_date=2026-07-17\exchange=NSE\symbol=NESTLEIND\part-071144_547908-028215.parquet,34815,downloaded,34815,
2026-07-17,NSE,NESTLEIND,raw_l2/trade_date=2026-07-17/exchange=NSE/symbol=NESTLEIND/part-072631_901290-030199.parquet,real_data_sample\l2_unseen_validation\trade_date=2026-07-17\exchange=NSE\symbol=NESTLEIND\part-072631_901290-030199.parquet,34735,downloaded,34735,
2026-07-17,NSE,NESTLEIND,raw_l2/trade_date=2026-07-17/exchange=NSE/symbol=NESTLEIND/part-072617_420359-030167.parquet,real_data_sample\l2_unseen_validation\trade_date=2026-07-17\exchange=NSE\symbol=NESTLEIND\part-072617_420359-030167.parquet,34515,downloaded,34515,
2026-07-17,NSE,NESTLEIND,raw_l2/trade_date=2026-07-17/exchange=NSE/symbol=NESTLEIND/part-073204_791166-030935.parquet,real_data_sample\l2_unseen_validation\trade_date=2026-07-17\exchange=NSE\symbol=NESTLEIND\part-073204_791166-030935.parquet,34675,downloaded,34675,
2026-07-17,NSE,NESTLEIND,raw_l2/trade_date=2026-07-17/exchange=NSE/symbol=NESTLEIND/part-072743_667514-030359.parquet,real_data_sample\l2_unseen_validation\trade_date=2026-07-17\exchange=NSE\symbol=NESTLEIND\part-072743_667514-030359.parquet,34639,downloaded,34639,
2026-07-17,NSE,NESTLEIND,raw_l2/trade_date=2026-07-17/exchange=NSE/symbol=NESTLEIND/part-073053_148754-030775.parquet,real_data_sample\l2_unseen_validation\trade_date=2026-07-17\exchange=NSE\symbol=NESTLEIND\part-073053_148754-030775.parquet,34686,downloaded,34686,
2026-07-17,NSE,NESTLEIND,raw_l2/trade_date=2026-07-17/exchange=NSE/symbol=NESTLEIND/part-072857_424397-030519.parquet,real_data_sample\l2_unseen_validation\trade_date=2026-07-17\exchange=NSE\symbol=NESTLEIND\part-072857_424397-030519.parquet,34857,downloaded,34857,
2026-07-17,NSE,NESTLEIND,raw_l2/trade_date=2026-07-17/exchange=NSE/symbol=NESTLEIND/part-073136_118254-030871.parquet,real_data_sample\l2_unseen_validation\trade_date=2026-07-17\exchange=NSE\symbol=NESTLEIND\part-073136_118254-030871.parquet,34675,downloaded,34675,
2026-07-17,NSE,NESTLEIND,raw_l2/trade_date=2026-07-17/exchange=NSE/symbol=NESTLEIND/part-072912_139517-030551.parquet,real_data_sample\l2_unseen_validation\trade_date=2026-07-17\exchange=NSE\symbol=NESTLEIND\part-072912_139517-030551.parquet,34583,downloaded,34583,
2026-07-17,NSE,NESTLEIND,raw_l2/trade_date=2026-07-17/exchange=NSE/symbol=NESTLEIND/part-072842_916547-030487.parquet,real_data_sample\l2_unseen_validation\trade_date=2026-07-17\exchange=NSE\symbol=NESTLEIND\part-072842_916547-030487.parquet,34629,downloaded,34629,
2026-07-17,NSE,NESTLEIND,raw_l2/trade_date=2026-07-17/exchange=NSE/symbol=NESTLEIND/part-072646_184512-030231.parquet,real_data_sample\l2_unseen_validation\trade_date=2026-07-17\exchange=NSE\symbol=NESTLEIND\part-072646_184512-030231.parquet,34602,downloaded,34602,
2026-07-17,NSE,NESTLEIND,raw_l2/trade_date=2026-07-17/exchange=NSE/symbol=NESTLEIND/part-072812_765342-030423.parquet,real_data_sample\l2_unseen_validation\trade_date=2026-07-17\exchange=NSE\symbol=NESTLEIND\part-072812_765342-030423.parquet,34750,downloaded,34750,
2026-07-17,NSE,NESTLEIND,raw_l2/trade_date=2026-07-17/exchange=NSE/symbol=NESTLEIND/part-072700_375835-030263.parquet,real_data_sample\l2_unseen_validation\trade_date=2026-07-17\exchange=NSE\symbol=NESTLEIND\part-072700_375835-030263.parquet,34978,downloaded,34978,
2026-07-17,NSE,NESTLEIND,raw_l2/trade_date=2026-07-17/exchange=NSE/symbol=NESTLEIND/part-072714_869977-030295.parquet,real_data_sample\l2_unseen_validation\trade_date=2026-07-17\exchange=NSE\symbol=NESTLEIND\part-072714_869977-030295.parquet,34644,downloaded,34644,
2026-07-17,NSE,NESTLEIND,raw_l2/trade_date=2026-07-17/exchange=NSE/symbol=NESTLEIND/part-073315_760582-031095.parquet,real_data_sample\l2_unseen_validation\trade_date=2026-07-17\exchange=NSE\symbol=NESTLEIND\part-073315_760582-031095.parquet,35200,downloaded,35200,
2026-07-17,NSE,NESTLEIND,raw_l2/trade_date=2026-07-17/exchange=NSE/symbol=NESTLEIND/part-073150_511957-030903.parquet,real_data_sample\l2_unseen_validation\trade_date=2026-07-17\exchange=NSE\symbol=NESTLEIND\part-073150_511957-030903.parquet,34446,downloaded,34446,
2026-07-17,NSE,NESTLEIND,raw_l2/trade_date=2026-07-17/exchange=NSE/symbol=NESTLEIND/part-072729_301758-030327.parquet,real_data_sample\l2_unseen_validation\trade_date=2026-07-17\exchange=NSE\symbol=NESTLEIND\part-072729_301758-030327.parquet,34829,downloaded,34829,
2026-07-17,NSE,NESTLEIND,raw_l2/trade_date=2026-07-17/exchange=NSE/symbol=NESTLEIND/part-073024_433784-030711.parquet,real_data_sample\l2_unseen_validation\trade_date=2026-07-17\exchange=NSE\symbol=NESTLEIND\part-073024_433784-030711.parquet,34901,downloaded,34901,
2026-07-17,NSE,NESTLEIND,raw_l2/trade_date=2026-07-17/exchange=NSE/symbol=NESTLEIND/part-073301_625570-031063.parquet,real_data_sample\l2_unseen_validation\trade_date=2026-07-17\exchange=NSE\symbol=NESTLEIND\part-073301_625570-031063.parquet,35641,downloaded,35641,
2026-07-17,NSE,NESTLEIND,raw_l2/trade_date=2026-07-17/exchange=NSE/symbol=NESTLEIND/part-073010_138357-030679.parquet,real_data_sample\l2_unseen_validation\trade_date=2026-07-17\exchange=NSE\symbol=NESTLEIND\part-073010_138357-030679.parquet,34806,downloaded,34806,
2026-07-17,NSE,NESTLEIND,raw_l2/trade_date=2026-07-17/exchange=NSE/symbol=NESTLEIND/part-072955_919594-030647.parquet,real_data_sample\l2_unseen_validation\trade_date=2026-07-17\exchange=NSE\symbol=NESTLEIND\part-072955_919594-030647.parquet,34691,downloaded,34691,
2026-07-17,NSE,NESTLEIND,raw_l2/trade_date=2026-07-17/exchange=NSE/symbol=NESTLEIND/part-073038_763408-030743.parquet,real_data_sample\l2_unseen_validation\trade_date=2026-07-17\exchange=NSE\symbol=NESTLEIND\part-073038_763408-030743.parquet,34637,downloaded,34637,
2026-07-17,NSE,NESTLEIND,raw_l2/trade_date=2026-07-17/exchange=NSE/symbol=NESTLEIND/part-072941_467228-030615.parquet,real_data_sample\l2_unseen_validation\trade_date=2026-07-17\exchange=NSE\symbol=NESTLEIND\part-072941_467228-030615.parquet,34679,downloaded,34679,
2026-07-17,NSE,NESTLEIND,raw_l2/trade_date=2026-07-17/exchange=NSE/symbol=NESTLEIND/part-073247_322640-031031.parquet,real_data_sample\l2_unseen_validation\trade_date=2026-07-17\exchange=NSE\symbol=NESTLEIND\part-073247_322640-031031.parquet,35653,downloaded,35653,
2026-07-17,NSE,NESTLEIND,raw_l2/trade_date=2026-07-17/exchange=NSE/symbol=NESTLEIND/part-073233_089015-030999.parquet,real_data_sample\l2_unseen_validation\trade_date=2026-07-17\exchange=NSE\symbol=NESTLEIND\part-073233_089015-030999.parquet,35442,downloaded,35442,
2026-07-17,NSE,NESTLEIND,raw_l2/trade_date=2026-07-17/exchange=NSE/symbol=NESTLEIND/part-073358_536373-031191.parquet,real_data_sample\l2_unseen_validation\trade_date=2026-07-17\exchange=NSE\symbol=NESTLEIND\part-073358_536373-031191.parquet,35297,downloaded,35297,
2026-07-17,NSE,NESTLEIND,raw_l2/trade_date=2026-07-17/exchange=NSE/symbol=NESTLEIND/part-073344_417019-031159.parquet,real_data_sample\l2_unseen_validation\trade_date=2026-07-17\exchange=NSE\symbol=NESTLEIND\part-073344_417019-031159.parquet,35369,downloaded,35369,
2026-07-17,NSE,NESTLEIND,raw_l2/trade_date=2026-07-17/exchange=NSE/symbol=NESTLEIND/part-073412_813608-031223.parquet,real_data_sample\l2_unseen_validation\trade_date=2026-07-17\exchange=NSE\symbol=NESTLEIND\part-073412_813608-031223.parquet,35376,downloaded,35376,
2026-07-17,NSE,NESTLEIND,raw_l2/trade_date=2026-07-17/exchange=NSE/symbol=NESTLEIND/part-073427_016035-031255.parquet,real_data_sample\l2_unseen_validation\trade_date=2026-07-17\exchange=NSE\symbol=NESTLEIND\part-073427_016035-031255.parquet,35445,downloaded,35445,
2026-07-17,NSE,NESTLEIND,raw_l2/trade_date=2026-07-17/exchange=NSE/symbol=NESTLEIND/part-073441_442437-031287.parquet,real_data_sample\l2_unseen_validation\trade_date=2026-07-17\exchange=NSE\symbol=NESTLEIND\part-073441_442437-031287.parquet,35707,downloaded,35707,
2026-07-17,NSE,NESTLEIND,raw_l2/trade_date=2026-07-17/exchange=NSE/symbol=NESTLEIND/part-073455_664673-031319.parquet,real_data_sample\l2_unseen_validation\trade_date=2026-07-17\exchange=NSE\symbol=NESTLEIND\part-073455_664673-031319.parquet,35585,downloaded,35585,
2026-07-17,NSE,NESTLEIND,raw_l2/trade_date=2026-07-17/exchange=NSE/symbol=NESTLEIND/part-073523_992746-031383.parquet,real_data_sample\l2_unseen_validation\trade_date=2026-07-17\exchange=NSE\symbol=NESTLEIND\part-073523_992746-031383.parquet,35763,downloaded,35763,
2026-07-17,NSE,NESTLEIND,raw_l2/trade_date=2026-07-17/exchange=NSE/symbol=NESTLEIND/part-073538_315431-031415.parquet,real_data_sample\l2_unseen_validation\trade_date=2026-07-17\exchange=NSE\symbol=NESTLEIND\part-073538_315431-031415.parquet,35615,downloaded,35615,
2026-07-17,NSE,NESTLEIND,raw_l2/trade_date=2026-07-17/exchange=NSE/symbol=NESTLEIND/part-073509_841350-031351.parquet,real_data_sample\l2_unseen_validation\trade_date=2026-07-17\exchange=NSE\symbol=NESTLEIND\part-073509_841350-031351.parquet,35642,downloaded,35642,
2026-07-17,NSE,NESTLEIND,raw_l2/trade_date=2026-07-17/exchange=NSE/symbol=NESTLEIND/part-073552_409649-031447.parquet,real_data_sample\l2_unseen_validation\trade_date=2026-07-17\exchange=NSE\symbol=NESTLEIND\part-073552_409649-031447.parquet,35525,downloaded,35525,
2026-07-17,NSE,NESTLEIND,raw_l2/trade_date=2026-07-17/exchange=NSE/symbol=NESTLEIND/part-073620_904033-031511.parquet,real_data_sample\l2_unseen_validation\trade_date=2026-07-17\exchange=NSE\symbol=NESTLEIND\part-073620_904033-031511.parquet,35487,downloaded,35487,
2026-07-17,NSE,NESTLEIND,raw_l2/trade_date=2026-07-17/exchange=NSE/symbol=NESTLEIND/part-073635_293494-031543.parquet,real_data_sample\l2_unseen_validation\trade_date=2026-07-17\exchange=NSE\symbol=NESTLEIND\part-073635_293494-031543.parquet,34858,downloaded,34858,
2026-07-17,NSE,NESTLEIND,raw_l2/trade_date=2026-07-17/exchange=NSE/symbol=NESTLEIND/part-073606_644441-031479.parquet,real_data_sample\l2_unseen_validation\trade_date=2026-07-17\exchange=NSE\symbol=NESTLEIND\part-073606_644441-031479.parquet,35594,downloaded,35594,
2026-07-17,NSE,NESTLEIND,raw_l2/trade_date=2026-07-17/exchange=NSE/symbol=NESTLEIND/part-073649_508340-031575.parquet,real_data_sample\l2_unseen_validation\trade_date=2026-07-17\exchange=NSE\symbol=NESTLEIND\part-073649_508340-031575.parquet,35137,downloaded,35137,
2026-07-17,NSE,NESTLEIND,raw_l2/trade_date=2026-07-17/exchange=NSE/symbol=NESTLEIND/part-073731_701806-031671.parquet,real_data_sample\l2_unseen_validation\trade_date=2026-07-17\exchange=NSE\symbol=NESTLEIND\part-073731_701806-031671.parquet,35061,downloaded,35061,
2026-07-17,NSE,NESTLEIND,raw_l2/trade_date=2026-07-17/exchange=NSE/symbol=NESTLEIND/part-073717_691578-031639.parquet,real_data_sample\l2_unseen_validation\trade_date=2026-07-17\exchange=NSE\symbol=NESTLEIND\part-073717_691578-031639.parquet,34691,downloaded,34691,
2026-07-17,NSE,NESTLEIND,raw_l2/trade_date=2026-07-17/exchange=NSE/symbol=NESTLEIND/part-073703_668963-031607.parquet,real_data_sample\l2_unseen_validation\trade_date=2026-07-17\exchange=NSE\symbol=NESTLEIND\part-073703_668963-031607.parquet,34866,downloaded,34866,
2026-07-17,NSE,NESTLEIND,raw_l2/trade_date=2026-07-17/exchange=NSE/symbol=NESTLEIND/part-073745_609381-031703.parquet,real_data_sample\l2_unseen_validation\trade_date=2026-07-17\exchange=NSE\symbol=NESTLEIND\part-073745_609381-031703.parquet,34750,downloaded,34750,
2026-07-17,NSE,NESTLEIND,raw_l2/trade_date=2026-07-17/exchange=NSE/symbol=NESTLEIND/part-073759_705456-031735.parquet,real_data_sample\l2_unseen_validation\trade_date=2026-07-17\exchange=NSE\symbol=NESTLEIND\part-073759_705456-031735.parquet,34692,downloaded,34692,
2026-07-17,NSE,NESTLEIND,raw_l2/trade_date=2026-07-17/exchange=NSE/symbol=NESTLEIND/part-073813_858662-031767.parquet,real_data_sample\l2_unseen_validation\trade_date=2026-07-17\exchange=NSE\symbol=NESTLEIND\part-073813_858662-031767.parquet,34716,downloaded,34716,
2026-07-17,NSE,NESTLEIND,raw_l2/trade_date=2026-07-17/exchange=NSE/symbol=NESTLEIND/part-073828_062438-031799.parquet,real_data_sample\l2_unseen_validation\trade_date=2026-07-17\exchange=NSE\symbol=NESTLEIND\part-073828_062438-031799.parquet,34967,downloaded,34967,
2026-07-17,NSE,NESTLEIND,raw_l2/trade_date=2026-07-17/exchange=NSE/symbol=NESTLEIND/part-073842_035304-031831.parquet,real_data_sample\l2_unseen_validation\trade_date=2026-07-17\exchange=NSE\symbol=NESTLEIND\part-073842_035304-031831.parquet,35137,downloaded,35137,
2026-07-17,NSE,NESTLEIND,raw_l2/trade_date=2026-07-17/exchange=NSE/symbol=NESTLEIND/part-073856_363261-031863.parquet,real_data_sample\l2_unseen_validation\trade_date=2026-07-17\exchange=NSE\symbol=NESTLEIND\part-073856_363261-031863.parquet,34861,downloaded,34861,
2026-07-17,NSE,NESTLEIND,raw_l2/trade_date=2026-07-17/exchange=NSE/symbol=NESTLEIND/part-074006_957614-032023.parquet,real_data_sample\l2_unseen_validation\trade_date=2026-07-17\exchange=NSE\symbol=NESTLEIND\part-074006_957614-032023.parquet,34500,downloaded,34500,
2026-07-17,NSE,NESTLEIND,raw_l2/trade_date=2026-07-17/exchange=NSE/symbol=NESTLEIND/part-073924_633832-031927.parquet,real_data_sample\l2_unseen_validation\trade_date=2026-07-17\exchange=NSE\symbol=NESTLEIND\part-073924_633832-031927.parquet,34630,downloaded,34630,
2026-07-17,NSE,NESTLEIND,raw_l2/trade_date=2026-07-17/exchange=NSE/symbol=NESTLEIND/part-073938_687850-031959.parquet,real_data_sample\l2_unseen_validation\trade_date=2026-07-17\exchange=NSE\symbol=NESTLEIND\part-073938_687850-031959.parquet,35016,downloaded,35016,
2026-07-17,NSE,NESTLEIND,raw_l2/trade_date=2026-07-17/exchange=NSE/symbol=NESTLEIND/part-074227_767953-032343.parquet,real_data_sample\l2_unseen_validation\trade_date=2026-07-17\exchange=NSE\symbol=NESTLEIND\part-074227_767953-032343.parquet,34674,downloaded,34674,
2026-07-17,NSE,NESTLEIND,raw_l2/trade_date=2026-07-17/exchange=NSE/symbol=NESTLEIND/part-073952_699425-031991.parquet,real_data_sample\l2_unseen_validation\trade_date=2026-07-17\exchange=NSE\symbol=NESTLEIND\part-073952_699425-031991.parquet,34490,downloaded,34490,
2026-07-17,NSE,NESTLEIND,raw_l2/trade_date=2026-07-17/exchange=NSE/symbol=NESTLEIND/part-074145_852523-032247.parquet,real_data_sample\l2_unseen_validation\trade_date=2026-07-17\exchange=NSE\symbol=NESTLEIND\part-074145_852523-032247.parquet,34656,downloaded,34656,
2026-07-17,NSE,NESTLEIND,raw_l2/trade_date=2026-07-17/exchange=NSE/symbol=NESTLEIND/part-074159_886249-032279.parquet,real_data_sample\l2_unseen_validation\trade_date=2026-07-17\exchange=NSE\symbol=NESTLEIND\part-074159_886249-032279.parquet,34556,downloaded,34556,
2026-07-17,NSE,NESTLEIND,raw_l2/trade_date=2026-07-17/exchange=NSE/symbol=NESTLEIND/part-074049_439493-032119.parquet,real_data_sample\l2_unseen_validation\trade_date=2026-07-17\exchange=NSE\symbol=NESTLEIND\part-074049_439493-032119.parquet,34601,downloaded,34601,
2026-07-17,NSE,NESTLEIND,raw_l2/trade_date=2026-07-17/exchange=NSE/symbol=NESTLEIND/part-074021_169893-032055.parquet,real_data_sample\l2_unseen_validation\trade_date=2026-07-17\exchange=NSE\symbol=NESTLEIND\part-074021_169893-032055.parquet,34438,downloaded,34438,
2026-07-17,NSE,NESTLEIND,raw_l2/trade_date=2026-07-17/exchange=NSE/symbol=NESTLEIND/part-074035_168114-032087.parquet,real_data_sample\l2_unseen_validation\trade_date=2026-07-17\exchange=NSE\symbol=NESTLEIND\part-074035_168114-032087.parquet,34557,downloaded,34557,
2026-07-17,NSE,NESTLEIND,raw_l2/trade_date=2026-07-17/exchange=NSE/symbol=NESTLEIND/part-074117_656121-032183.parquet,real_data_sample\l2_unseen_validation\trade_date=2026-07-17\exchange=NSE\symbol=NESTLEIND\part-074117_656121-032183.parquet,34416,downloaded,34416,
2026-07-17,NSE,NESTLEIND,raw_l2/trade_date=2026-07-17/exchange=NSE/symbol=NESTLEIND/part-074131_681581-032215.parquet,real_data_sample\l2_unseen_validation\trade_date=2026-07-17\exchange=NSE\symbol=NESTLEIND\part-074131_681581-032215.parquet,34494,downloaded,34494,
2026-07-17,NSE,NESTLEIND,raw_l2/trade_date=2026-07-17/exchange=NSE/symbol=NESTLEIND/part-074103_521207-032151.parquet,real_data_sample\l2_unseen_validation\trade_date=2026-07-17\exchange=NSE\symbol=NESTLEIND\part-074103_521207-032151.parquet,34690,downloaded,34690,
2026-07-17,NSE,NESTLEIND,raw_l2/trade_date=2026-07-17/exchange=NSE/symbol=NESTLEIND/part-074213_890628-032311.parquet,real_data_sample\l2_unseen_validation\trade_date=2026-07-17\exchange=NSE\symbol=NESTLEIND\part-074213_890628-032311.parquet,34839,downloaded,34839,
2026-07-17,NSE,NESTLEIND,raw_l2/trade_date=2026-07-17/exchange=NSE/symbol=NESTLEIND/part-073910_700718-031895.parquet,real_data_sample\l2_unseen_validation\trade_date=2026-07-17\exchange=NSE\symbol=NESTLEIND\part-073910_700718-031895.parquet,35364,downloaded,35364,
2026-07-17,NSE,NESTLEIND,raw_l2/trade_date=2026-07-17/exchange=NSE/symbol=NESTLEIND/part-074241_834327-032375.parquet,real_data_sample\l2_unseen_validation\trade_date=2026-07-17\exchange=NSE\symbol=NESTLEIND\part-074241_834327-032375.parquet,34585,downloaded,34585,
2026-07-17,NSE,NESTLEIND,raw_l2/trade_date=2026-07-17/exchange=NSE/symbol=NESTLEIND/part-074255_940164-032407.parquet,real_data_sample\l2_unseen_validation\trade_date=2026-07-17\exchange=NSE\symbol=NESTLEIND\part-074255_940164-032407.parquet,34825,downloaded,34825,
2026-07-17,NSE,NESTLEIND,raw_l2/trade_date=2026-07-17/exchange=NSE/symbol=NESTLEIND/part-074323_852925-032471.parquet,real_data_sample\l2_unseen_validation\trade_date=2026-07-17\exchange=NSE\symbol=NESTLEIND\part-074323_852925-032471.parquet,34429,downloaded,34429,
2026-07-17,NSE,NESTLEIND,raw_l2/trade_date=2026-07-17/exchange=NSE/symbol=NESTLEIND/part-074309_819662-032439.parquet,real_data_sample\l2_unseen_validation\trade_date=2026-07-17\exchange=NSE\symbol=NESTLEIND\part-074309_819662-032439.parquet,34701,downloaded,34701,
2026-07-17,NSE,NESTLEIND,raw_l2/trade_date=2026-07-17/exchange=NSE/symbol=NESTLEIND/part-074338_049684-032503.parquet,real_data_sample\l2_unseen_validation\trade_date=2026-07-17\exchange=NSE\symbol=NESTLEIND\part-074338_049684-032503.parquet,34626,downloaded,34626,
2026-07-17,NSE,NESTLEIND,raw_l2/trade_date=2026-07-17/exchange=NSE/symbol=NESTLEIND/part-074352_537210-032535.parquet,real_data_sample\l2_unseen_validation\trade_date=2026-07-17\exchange=NSE\symbol=NESTLEIND\part-074352_537210-032535.parquet,34546,downloaded,34546,
2026-07-17,NSE,NESTLEIND,raw_l2/trade_date=2026-07-17/exchange=NSE/symbol=NESTLEIND/part-074406_918558-032567.parquet,real_data_sample\l2_unseen_validation\trade_date=2026-07-17\exchange=NSE\symbol=NESTLEIND\part-074406_918558-032567.parquet,34724,downloaded,34724,
2026-07-17,NSE,NESTLEIND,raw_l2/trade_date=2026-07-17/exchange=NSE/symbol=NESTLEIND/part-074420_890553-032599.parquet,real_data_sample\l2_unseen_validation\trade_date=2026-07-17\exchange=NSE\symbol=NESTLEIND\part-074420_890553-032599.parquet,34775,downloaded,34775,
2026-07-17,NSE,NESTLEIND,raw_l2/trade_date=2026-07-17/exchange=NSE/symbol=NESTLEIND/part-073330_153178-031127.parquet,real_data_sample\l2_unseen_validation\trade_date=2026-07-17\exchange=NSE\symbol=NESTLEIND\part-073330_153178-031127.parquet,35934,downloaded,35934,
2026-07-17,NSE,NESTLEIND,raw_l2/trade_date=2026-07-17/exchange=NSE/symbol=NESTLEIND/part-074434_928034-032631.parquet,real_data_sample\l2_unseen_validation\trade_date=2026-07-17\exchange=NSE\symbol=NESTLEIND\part-074434_928034-032631.parquet,34701,downloaded,34701,
2026-07-17,NSE,NESTLEIND,raw_l2/trade_date=2026-07-17/exchange=NSE/symbol=NESTLEIND/part-074531_416098-032759.parquet,real_data_sample\l2_unseen_validation\trade_date=2026-07-17\exchange=NSE\symbol=NESTLEIND\part-074531_416098-032759.parquet,34535,downloaded,34535,
2026-07-17,NSE,NESTLEIND,raw_l2/trade_date=2026-07-17/exchange=NSE/symbol=NESTLEIND/part-074503_080564-032695.parquet,real_data_sample\l2_unseen_validation\trade_date=2026-07-17\exchange=NSE\symbol=NESTLEIND\part-074503_080564-032695.parquet,34567,downloaded,34567,
2026-07-17,NSE,NESTLEIND,raw_l2/trade_date=2026-07-17/exchange=NSE/symbol=NESTLEIND/part-074545_396956-032791.parquet,real_data_sample\l2_unseen_validation\trade_date=2026-07-17\exchange=NSE\symbol=NESTLEIND\part-074545_396956-032791.parquet,34684,downloaded,34684,
2026-07-17,NSE,NESTLEIND,raw_l2/trade_date=2026-07-17/exchange=NSE/symbol=NESTLEIND/part-074448_846032-032663.parquet,real_data_sample\l2_unseen_validation\trade_date=2026-07-17\exchange=NSE\symbol=NESTLEIND\part-074448_846032-032663.parquet,34615,downloaded,34615,
2026-07-17,NSE,NESTLEIND,raw_l2/trade_date=2026-07-17/exchange=NSE/symbol=NESTLEIND/part-074517_309335-032727.parquet,real_data_sample\l2_unseen_validation\trade_date=2026-07-17\exchange=NSE\symbol=NESTLEIND\part-074517_309335-032727.parquet,34767,downloaded,34767,
2026-07-17,NSE,NESTLEIND,raw_l2/trade_date=2026-07-17/exchange=NSE/symbol=NESTLEIND/part-073121_982570-030839.parquet,real_data_sample\l2_unseen_validation\trade_date=2026-07-17\exchange=NSE\symbol=NESTLEIND\part-073121_982570-030839.parquet,34882,downloaded,34882,
2026-07-17,NSE,NESTLEIND,raw_l2/trade_date=2026-07-17/exchange=NSE/symbol=NESTLEIND/part-074656_709221-032951.parquet,real_data_sample\l2_unseen_validation\trade_date=2026-07-17\exchange=NSE\symbol=NESTLEIND\part-074656_709221-032951.parquet,34869,downloaded,34869,
2026-07-17,NSE,NESTLEIND,raw_l2/trade_date=2026-07-17/exchange=NSE/symbol=NESTLEIND/part-074559_623922-032823.parquet,real_data_sample\l2_unseen_validation\trade_date=2026-07-17\exchange=NSE\symbol=NESTLEIND\part-074559_623922-032823.parquet,34727,downloaded,34727,
2026-07-17,NSE,NESTLEIND,raw_l2/trade_date=2026-07-17/exchange=NSE/symbol=NESTLEIND/part-074614_110818-032855.parquet,real_data_sample\l2_unseen_validation\trade_date=2026-07-17\exchange=NSE\symbol=NESTLEIND\part-074614_110818-032855.parquet,34775,downloaded,34775,
2026-07-17,NSE,NESTLEIND,raw_l2/trade_date=2026-07-17/exchange=NSE/symbol=NESTLEIND/part-074739_089247-033047.parquet,real_data_sample\l2_unseen_validation\trade_date=2026-07-17\exchange=NSE\symbol=NESTLEIND\part-074739_089247-033047.parquet,34768,downloaded,34768,
2026-07-17,NSE,NESTLEIND,raw_l2/trade_date=2026-07-17/exchange=NSE/symbol=NESTLEIND/part-074642_660692-032919.parquet,real_data_sample\l2_unseen_validation\trade_date=2026-07-17\exchange=NSE\symbol=NESTLEIND\part-074642_660692-032919.parquet,34573,downloaded,34573,
2026-07-17,NSE,NESTLEIND,raw_l2/trade_date=2026-07-17/exchange=NSE/symbol=NESTLEIND/part-074710_771297-032983.parquet,real_data_sample\l2_unseen_validation\trade_date=2026-07-17\exchange=NSE\symbol=NESTLEIND\part-074710_771297-032983.parquet,34972,downloaded,34972,
2026-07-17,NSE,NESTLEIND,raw_l2/trade_date=2026-07-17/exchange=NSE/symbol=NESTLEIND/part-074753_164407-033079.parquet,real_data_sample\l2_unseen_validation\trade_date=2026-07-17\exchange=NSE\symbol=NESTLEIND\part-074753_164407-033079.parquet,34569,downloaded,34569,
2026-07-17,NSE,NESTLEIND,raw_l2/trade_date=2026-07-17/exchange=NSE/symbol=NESTLEIND/part-074835_313185-033175.parquet,real_data_sample\l2_unseen_validation\trade_date=2026-07-17\exchange=NSE\symbol=NESTLEIND\part-074835_313185-033175.parquet,34594,downloaded,34594,
2026-07-17,NSE,NESTLEIND,raw_l2/trade_date=2026-07-17/exchange=NSE/symbol=NESTLEIND/part-074821_144995-033143.parquet,real_data_sample\l2_unseen_validation\trade_date=2026-07-17\exchange=NSE\symbol=NESTLEIND\part-074821_144995-033143.parquet,34743,downloaded,34743,
2026-07-17,NSE,NESTLEIND,raw_l2/trade_date=2026-07-17/exchange=NSE/symbol=NESTLEIND/part-074725_049307-033015.parquet,real_data_sample\l2_unseen_validation\trade_date=2026-07-17\exchange=NSE\symbol=NESTLEIND\part-074725_049307-033015.parquet,34682,downloaded,34682,
2026-07-17,NSE,NESTLEIND,raw_l2/trade_date=2026-07-17/exchange=NSE/symbol=NESTLEIND/part-074849_479740-033207.parquet,real_data_sample\l2_unseen_validation\trade_date=2026-07-17\exchange=NSE\symbol=NESTLEIND\part-074849_479740-033207.parquet,34899,downloaded,34899,
2026-07-17,NSE,NESTLEIND,raw_l2/trade_date=2026-07-17/exchange=NSE/symbol=NESTLEIND/part-074628_231171-032887.parquet,real_data_sample\l2_unseen_validation\trade_date=2026-07-17\exchange=NSE\symbol=NESTLEIND\part-074628_231171-032887.parquet,34654,downloaded,34654,
2026-07-17,NSE,NESTLEIND,raw_l2/trade_date=2026-07-17/exchange=NSE/symbol=NESTLEIND/part-074917_918520-033271.parquet,real_data_sample\l2_unseen_validation\trade_date=2026-07-17\exchange=NSE\symbol=NESTLEIND\part-074917_918520-033271.parquet,34666,downloaded,34666,
2026-07-17,NSE,NESTLEIND,raw_l2/trade_date=2026-07-17/exchange=NSE/symbol=NESTLEIND/part-074903_673033-033239.parquet,real_data_sample\l2_unseen_validation\trade_date=2026-07-17\exchange=NSE\symbol=NESTLEIND\part-074903_673033-033239.parquet,34920,downloaded,34920,
2026-07-17,NSE,NESTLEIND,raw_l2/trade_date=2026-07-17/exchange=NSE/symbol=NESTLEIND/part-074931_819814-033303.parquet,real_data_sample\l2_unseen_validation\trade_date=2026-07-17\exchange=NSE\symbol=NESTLEIND\part-074931_819814-033303.parquet,34500,downloaded,34500,
2026-07-17,NSE,NESTLEIND,raw_l2/trade_date=2026-07-17/exchange=NSE/symbol=NESTLEIND/part-074945_858524-033335.parquet,real_data_sample\l2_unseen_validation\trade_date=2026-07-17\exchange=NSE\symbol=NESTLEIND\part-074945_858524-033335.parquet,34472,downloaded,34472,
2026-07-17,NSE,NESTLEIND,raw_l2/trade_date=2026-07-17/exchange=NSE/symbol=NESTLEIND/part-074807_167569-033111.parquet,real_data_sample\l2_unseen_validation\trade_date=2026-07-17\exchange=NSE\symbol=NESTLEIND\part-074807_167569-033111.parquet,35139,downloaded,35139,
2026-07-17,NSE,NESTLEIND,raw_l2/trade_date=2026-07-17/exchange=NSE/symbol=NESTLEIND/part-074959_813118-033367.parquet,real_data_sample\l2_unseen_validation\trade_date=2026-07-17\exchange=NSE\symbol=NESTLEIND\part-074959_813118-033367.parquet,34654,downloaded,34654,
2026-07-17,NSE,NESTLEIND,raw_l2/trade_date=2026-07-17/exchange=NSE/symbol=NESTLEIND/part-075028_729721-033431.parquet,real_data_sample\l2_unseen_validation\trade_date=2026-07-17\exchange=NSE\symbol=NESTLEIND\part-075028_729721-033431.parquet,34746,downloaded,34746,
2026-07-17,NSE,NESTLEIND,raw_l2/trade_date=2026-07-17/exchange=NSE/symbol=NESTLEIND/part-075057_193065-033495.parquet,real_data_sample\l2_unseen_validation\trade_date=2026-07-17\exchange=NSE\symbol=NESTLEIND\part-075057_193065-033495.parquet,34541,downloaded,34541,
2026-07-17,NSE,NESTLEIND,raw_l2/trade_date=2026-07-17/exchange=NSE/symbol=NESTLEIND/part-075043_096158-033463.parquet,real_data_sample\l2_unseen_validation\trade_date=2026-07-17\exchange=NSE\symbol=NESTLEIND\part-075043_096158-033463.parquet,34475,downloaded,34475,
2026-07-17,NSE,NESTLEIND,raw_l2/trade_date=2026-07-17/exchange=NSE/symbol=NESTLEIND/part-075222_118749-033687.parquet,real_data_sample\l2_unseen_validation\trade_date=2026-07-17\exchange=NSE\symbol=NESTLEIND\part-075222_118749-033687.parquet,34666,downloaded,34666,
2026-07-17,NSE,NESTLEIND,raw_l2/trade_date=2026-07-17/exchange=NSE/symbol=NESTLEIND/part-075208_031668-033655.parquet,real_data_sample\l2_unseen_validation\trade_date=2026-07-17\exchange=NSE\symbol=NESTLEIND\part-075208_031668-033655.parquet,34863,downloaded,34863,
2026-07-17,NSE,NESTLEIND,raw_l2/trade_date=2026-07-17/exchange=NSE/symbol=NESTLEIND/part-075250_778106-033751.parquet,real_data_sample\l2_unseen_validation\trade_date=2026-07-17\exchange=NSE\symbol=NESTLEIND\part-075250_778106-033751.parquet,34549,downloaded,34549,
2026-07-17,NSE,NESTLEIND,raw_l2/trade_date=2026-07-17/exchange=NSE/symbol=NESTLEIND/part-075429_393952-033975.parquet,real_data_sample\l2_unseen_validation\trade_date=2026-07-17\exchange=NSE\symbol=NESTLEIND\part-075429_393952-033975.parquet,34698,downloaded,34698,
2026-07-17,NSE,NESTLEIND,raw_l2/trade_date=2026-07-17/exchange=NSE/symbol=NESTLEIND/part-075415_465152-033943.parquet,real_data_sample\l2_unseen_validation\trade_date=2026-07-17\exchange=NSE\symbol=NESTLEIND\part-075415_465152-033943.parquet,34741,downloaded,34741,
2026-07-17,NSE,NESTLEIND,raw_l2/trade_date=2026-07-17/exchange=NSE/symbol=NESTLEIND/part-075443_630281-034007.parquet,real_data_sample\l2_unseen_validation\trade_date=2026-07-17\exchange=NSE\symbol=NESTLEIND\part-075443_630281-034007.parquet,34787,downloaded,34787,
2026-07-17,NSE,NESTLEIND,raw_l2/trade_date=2026-07-17/exchange=NSE/symbol=NESTLEIND/part-075347_162061-033879.parquet,real_data_sample\l2_unseen_validation\trade_date=2026-07-17\exchange=NSE\symbol=NESTLEIND\part-075347_162061-033879.parquet,34989,downloaded,34989,
2026-07-17,NSE,NESTLEIND,raw_l2/trade_date=2026-07-17/exchange=NSE/symbol=NESTLEIND/part-075236_286014-033719.parquet,real_data_sample\l2_unseen_validation\trade_date=2026-07-17\exchange=NSE\symbol=NESTLEIND\part-075236_286014-033719.parquet,34527,downloaded,34527,
2026-07-17,NSE,NESTLEIND,raw_l2/trade_date=2026-07-17/exchange=NSE/symbol=NESTLEIND/part-075457_885495-034039.parquet,real_data_sample\l2_unseen_validation\trade_date=2026-07-17\exchange=NSE\symbol=NESTLEIND\part-075457_885495-034039.parquet,34735,downloaded,34735,
2026-07-17,NSE,NESTLEIND,raw_l2/trade_date=2026-07-17/exchange=NSE/symbol=NESTLEIND/part-075111_036547-033527.parquet,real_data_sample\l2_unseen_validation\trade_date=2026-07-17\exchange=NSE\symbol=NESTLEIND\part-075111_036547-033527.parquet,34594,downloaded,34594,
2026-07-17,NSE,NESTLEIND,raw_l2/trade_date=2026-07-17/exchange=NSE/symbol=NESTLEIND/part-075125_182141-033559.parquet,real_data_sample\l2_unseen_validation\trade_date=2026-07-17\exchange=NSE\symbol=NESTLEIND\part-075125_182141-033559.parquet,34750,downloaded,34750,
2026-07-17,NSE,NESTLEIND,raw_l2/trade_date=2026-07-17/exchange=NSE/symbol=NESTLEIND/part-075139_292484-033591.parquet,real_data_sample\l2_unseen_validation\trade_date=2026-07-17\exchange=NSE\symbol=NESTLEIND\part-075139_292484-033591.parquet,34932,downloaded,34932,
2026-07-17,NSE,NESTLEIND,raw_l2/trade_date=2026-07-17/exchange=NSE/symbol=NESTLEIND/part-075319_184405-033815.parquet,real_data_sample\l2_unseen_validation\trade_date=2026-07-17\exchange=NSE\symbol=NESTLEIND\part-075319_184405-033815.parquet,34422,downloaded,34422,
2026-07-17,NSE,NESTLEIND,raw_l2/trade_date=2026-07-17/exchange=NSE/symbol=NESTLEIND/part-075401_311238-033911.parquet,real_data_sample\l2_unseen_validation\trade_date=2026-07-17\exchange=NSE\symbol=NESTLEIND\part-075401_311238-033911.parquet,34648,downloaded,34648,
2026-07-17,NSE,NESTLEIND,raw_l2/trade_date=2026-07-17/exchange=NSE/symbol=NESTLEIND/part-075305_048435-033783.parquet,real_data_sample\l2_unseen_validation\trade_date=2026-07-17\exchange=NSE\symbol=NESTLEIND\part-075305_048435-033783.parquet,34732,downloaded,34732,
2026-07-17,NSE,NESTLEIND,raw_l2/trade_date=2026-07-17/exchange=NSE/symbol=NESTLEIND/part-075525_969672-034103.parquet,real_data_sample\l2_unseen_validation\trade_date=2026-07-17\exchange=NSE\symbol=NESTLEIND\part-075525_969672-034103.parquet,34767,downloaded,34767,
2026-07-17,NSE,NESTLEIND,raw_l2/trade_date=2026-07-17/exchange=NSE/symbol=NESTLEIND/part-075511_957995-034071.parquet,real_data_sample\l2_unseen_validation\trade_date=2026-07-17\exchange=NSE\symbol=NESTLEIND\part-075511_957995-034071.parquet,34776,downloaded,34776,
2026-07-17,NSE,NESTLEIND,raw_l2/trade_date=2026-07-17/exchange=NSE/symbol=NESTLEIND/part-075333_280494-033847.parquet,real_data_sample\l2_unseen_validation\trade_date=2026-07-17\exchange=NSE\symbol=NESTLEIND\part-075333_280494-033847.parquet,34628,downloaded,34628,
2026-07-17,NSE,NESTLEIND,raw_l2/trade_date=2026-07-17/exchange=NSE/symbol=NESTLEIND/part-075539_900115-034135.parquet,real_data_sample\l2_unseen_validation\trade_date=2026-07-17\exchange=NSE\symbol=NESTLEIND\part-075539_900115-034135.parquet,34663,downloaded,34663,
2026-07-17,NSE,NESTLEIND,raw_l2/trade_date=2026-07-17/exchange=NSE/symbol=NESTLEIND/part-075608_112005-034199.parquet,real_data_sample\l2_unseen_validation\trade_date=2026-07-17\exchange=NSE\symbol=NESTLEIND\part-075608_112005-034199.parquet,34590,downloaded,34590,
2026-07-17,NSE,NESTLEIND,raw_l2/trade_date=2026-07-17/exchange=NSE/symbol=NESTLEIND/part-075553_991535-034167.parquet,real_data_sample\l2_unseen_validation\trade_date=2026-07-17\exchange=NSE\symbol=NESTLEIND\part-075553_991535-034167.parquet,34565,downloaded,34565,
2026-07-17,NSE,NESTLEIND,raw_l2/trade_date=2026-07-17/exchange=NSE/symbol=NESTLEIND/part-075622_290158-034231.parquet,real_data_sample\l2_unseen_validation\trade_date=2026-07-17\exchange=NSE\symbol=NESTLEIND\part-075622_290158-034231.parquet,34645,downloaded,34645,
2026-07-17,NSE,NESTLEIND,raw_l2/trade_date=2026-07-17/exchange=NSE/symbol=NESTLEIND/part-075636_544382-034263.parquet,real_data_sample\l2_unseen_validation\trade_date=2026-07-17\exchange=NSE\symbol=NESTLEIND\part-075636_544382-034263.parquet,34710,downloaded,34710,
2026-07-17,NSE,NESTLEIND,raw_l2/trade_date=2026-07-17/exchange=NSE/symbol=NESTLEIND/part-075650_791449-034295.parquet,real_data_sample\l2_unseen_validation\trade_date=2026-07-17\exchange=NSE\symbol=NESTLEIND\part-075650_791449-034295.parquet,34615,downloaded,34615,
2026-07-17,NSE,NESTLEIND,raw_l2/trade_date=2026-07-17/exchange=NSE/symbol=NESTLEIND/part-072827_023564-030455.parquet,real_data_sample\l2_unseen_validation\trade_date=2026-07-17\exchange=NSE\symbol=NESTLEIND\part-072827_023564-030455.parquet,34872,downloaded,34872,
2026-07-17,NSE,NESTLEIND,raw_l2/trade_date=2026-07-17/exchange=NSE/symbol=NESTLEIND/part-075719_324568-034359.parquet,real_data_sample\l2_unseen_validation\trade_date=2026-07-17\exchange=NSE\symbol=NESTLEIND\part-075719_324568-034359.parquet,34701,downloaded,34701,
2026-07-17,NSE,NESTLEIND,raw_l2/trade_date=2026-07-17/exchange=NSE/symbol=NESTLEIND/part-075802_367547-034455.parquet,real_data_sample\l2_unseen_validation\trade_date=2026-07-17\exchange=NSE\symbol=NESTLEIND\part-075802_367547-034455.parquet,34794,downloaded,34794,
2026-07-17,NSE,NESTLEIND,raw_l2/trade_date=2026-07-17/exchange=NSE/symbol=NESTLEIND/part-075013_926820-033399.parquet,real_data_sample\l2_unseen_validation\trade_date=2026-07-17\exchange=NSE\symbol=NESTLEIND\part-075013_926820-033399.parquet,34555,downloaded,34555,
2026-07-17,NSE,NESTLEIND,raw_l2/trade_date=2026-07-17/exchange=NSE/symbol=NESTLEIND/part-075957_336635-034711.parquet,real_data_sample\l2_unseen_validation\trade_date=2026-07-17\exchange=NSE\symbol=NESTLEIND\part-075957_336635-034711.parquet,34769,downloaded,34769,
2026-07-17,NSE,NESTLEIND,raw_l2/trade_date=2026-07-17/exchange=NSE/symbol=NESTLEIND/part-080026_839965-034775.parquet,real_data_sample\l2_unseen_validation\trade_date=2026-07-17\exchange=NSE\symbol=NESTLEIND\part-080026_839965-034775.parquet,34688,downloaded,34688,
2026-07-17,NSE,NESTLEIND,raw_l2/trade_date=2026-07-17/exchange=NSE/symbol=NESTLEIND/part-073107_688550-030807.parquet,real_data_sample\l2_unseen_validation\trade_date=2026-07-17\exchange=NSE\symbol=NESTLEIND\part-073107_688550-030807.parquet,34697,downloaded,34697,
2026-07-17,NSE,NESTLEIND,raw_l2/trade_date=2026-07-17/exchange=NSE/symbol=NESTLEIND/part-080012_227605-034743.parquet,real_data_sample\l2_unseen_validation\trade_date=2026-07-17\exchange=NSE\symbol=NESTLEIND\part-080012_227605-034743.parquet,34482,downloaded,34482,
2026-07-17,NSE,NESTLEIND,raw_l2/trade_date=2026-07-17/exchange=NSE/symbol=NESTLEIND/part-080041_031775-034807.parquet,real_data_sample\l2_unseen_validation\trade_date=2026-07-17\exchange=NSE\symbol=NESTLEIND\part-080041_031775-034807.parquet,34571,downloaded,34571,
2026-07-17,NSE,NESTLEIND,raw_l2/trade_date=2026-07-17/exchange=NSE/symbol=NESTLEIND/part-075845_585933-034551.parquet,real_data_sample\l2_unseen_validation\trade_date=2026-07-17\exchange=NSE\symbol=NESTLEIND\part-075845_585933-034551.parquet,34723,downloaded,34723,
2026-07-17,NSE,NESTLEIND,raw_l2/trade_date=2026-07-17/exchange=NSE/symbol=NESTLEIND/part-075831_276776-034519.parquet,real_data_sample\l2_unseen_validation\trade_date=2026-07-17\exchange=NSE\symbol=NESTLEIND\part-075831_276776-034519.parquet,34549,downloaded,34549,
2026-07-17,NSE,NESTLEIND,raw_l2/trade_date=2026-07-17/exchange=NSE/symbol=NESTLEIND/part-075928_362400-034647.parquet,real_data_sample\l2_unseen_validation\trade_date=2026-07-17\exchange=NSE\symbol=NESTLEIND\part-075928_362400-034647.parquet,34618,downloaded,34618,
2026-07-17,NSE,NESTLEIND,raw_l2/trade_date=2026-07-17/exchange=NSE/symbol=NESTLEIND/part-075817_070520-034487.parquet,real_data_sample\l2_unseen_validation\trade_date=2026-07-17\exchange=NSE\symbol=NESTLEIND\part-075817_070520-034487.parquet,34827,downloaded,34827,
2026-07-17,NSE,NESTLEIND,raw_l2/trade_date=2026-07-17/exchange=NSE/symbol=NESTLEIND/part-075859_821924-034583.parquet,real_data_sample\l2_unseen_validation\trade_date=2026-07-17\exchange=NSE\symbol=NESTLEIND\part-075859_821924-034583.parquet,34617,downloaded,34617,
2026-07-17,NSE,NESTLEIND,raw_l2/trade_date=2026-07-17/exchange=NSE/symbol=NESTLEIND/part-080055_590502-034839.parquet,real_data_sample\l2_unseen_validation\trade_date=2026-07-17\exchange=NSE\symbol=NESTLEIND\part-080055_590502-034839.parquet,34723,downloaded,34723,
2026-07-17,NSE,NESTLEIND,raw_l2/trade_date=2026-07-17/exchange=NSE/symbol=NESTLEIND/part-080124_011878-034903.parquet,real_data_sample\l2_unseen_validation\trade_date=2026-07-17\exchange=NSE\symbol=NESTLEIND\part-080124_011878-034903.parquet,34855,downloaded,34855,
2026-07-17,NSE,NESTLEIND,raw_l2/trade_date=2026-07-17/exchange=NSE/symbol=NESTLEIND/part-080109_848015-034871.parquet,real_data_sample\l2_unseen_validation\trade_date=2026-07-17\exchange=NSE\symbol=NESTLEIND\part-080109_848015-034871.parquet,34433,downloaded,34433,
2026-07-17,NSE,NESTLEIND,raw_l2/trade_date=2026-07-17/exchange=NSE/symbol=NESTLEIND/part-080138_331160-034935.parquet,real_data_sample\l2_unseen_validation\trade_date=2026-07-17\exchange=NSE\symbol=NESTLEIND\part-080138_331160-034935.parquet,34552,downloaded,34552,
2026-07-17,NSE,NESTLEIND,raw_l2/trade_date=2026-07-17/exchange=NSE/symbol=NESTLEIND/part-080235_967637-035063.parquet,real_data_sample\l2_unseen_validation\trade_date=2026-07-17\exchange=NSE\symbol=NESTLEIND\part-080235_967637-035063.parquet,34603,downloaded,34603,
2026-07-17,NSE,NESTLEIND,raw_l2/trade_date=2026-07-17/exchange=NSE/symbol=NESTLEIND/part-080221_212330-035031.parquet,real_data_sample\l2_unseen_validation\trade_date=2026-07-17\exchange=NSE\symbol=NESTLEIND\part-080221_212330-035031.parquet,34552,downloaded,34552,
2026-07-17,NSE,NESTLEIND,raw_l2/trade_date=2026-07-17/exchange=NSE/symbol=NESTLEIND/part-080152_789335-034967.parquet,real_data_sample\l2_unseen_validation\trade_date=2026-07-17\exchange=NSE\symbol=NESTLEIND\part-080152_789335-034967.parquet,34568,downloaded,34568,
2026-07-17,NSE,NESTLEIND,raw_l2/trade_date=2026-07-17/exchange=NSE/symbol=NESTLEIND/part-080207_154279-034999.parquet,real_data_sample\l2_unseen_validation\trade_date=2026-07-17\exchange=NSE\symbol=NESTLEIND\part-080207_154279-034999.parquet,34735,downloaded,34735,
2026-07-17,NSE,NESTLEIND,raw_l2/trade_date=2026-07-17/exchange=NSE/symbol=NESTLEIND/part-080250_602942-035095.parquet,real_data_sample\l2_unseen_validation\trade_date=2026-07-17\exchange=NSE\symbol=NESTLEIND\part-080250_602942-035095.parquet,34380,downloaded,34380,
2026-07-17,NSE,NESTLEIND,raw_l2/trade_date=2026-07-17/exchange=NSE/symbol=NESTLEIND/part-072926_891853-030583.parquet,real_data_sample\l2_unseen_validation\trade_date=2026-07-17\exchange=NSE\symbol=NESTLEIND\part-072926_891853-030583.parquet,34530,downloaded,34530,
2026-07-17,NSE,NESTLEIND,raw_l2/trade_date=2026-07-17/exchange=NSE/symbol=NESTLEIND/part-080319_141934-035159.parquet,real_data_sample\l2_unseen_validation\trade_date=2026-07-17\exchange=NSE\symbol=NESTLEIND\part-080319_141934-035159.parquet,34707,downloaded,34707,
2026-07-17,NSE,NESTLEIND,raw_l2/trade_date=2026-07-17/exchange=NSE/symbol=NESTLEIND/part-080304_837573-035127.parquet,real_data_sample\l2_unseen_validation\trade_date=2026-07-17\exchange=NSE\symbol=NESTLEIND\part-080304_837573-035127.parquet,34870,downloaded,34870,
2026-07-17,NSE,NESTLEIND,raw_l2/trade_date=2026-07-17/exchange=NSE/symbol=NESTLEIND/part-080713_683283-035671.parquet,real_data_sample\l2_unseen_validation\trade_date=2026-07-17\exchange=NSE\symbol=NESTLEIND\part-080713_683283-035671.parquet,34525,downloaded,34525,
2026-07-17,NSE,NESTLEIND,raw_l2/trade_date=2026-07-17/exchange=NSE/symbol=NESTLEIND/part-080840_981077-035863.parquet,real_data_sample\l2_unseen_validation\trade_date=2026-07-17\exchange=NSE\symbol=NESTLEIND\part-080840_981077-035863.parquet,34386,downloaded,34386,
2026-07-17,NSE,NESTLEIND,raw_l2/trade_date=2026-07-17/exchange=NSE/symbol=NESTLEIND/part-080826_241622-035831.parquet,real_data_sample\l2_unseen_validation\trade_date=2026-07-17\exchange=NSE\symbol=NESTLEIND\part-080826_241622-035831.parquet,34579,downloaded,34579,
2026-07-17,NSE,NESTLEIND,raw_l2/trade_date=2026-07-17/exchange=NSE/symbol=NESTLEIND/part-080533_039541-035447.parquet,real_data_sample\l2_unseen_validation\trade_date=2026-07-17\exchange=NSE\symbol=NESTLEIND\part-080533_039541-035447.parquet,34794,downloaded,34794,
2026-07-17,NSE,NESTLEIND,raw_l2/trade_date=2026-07-17/exchange=NSE/symbol=NESTLEIND/part-080811_887565-035799.parquet,real_data_sample\l2_unseen_validation\trade_date=2026-07-17\exchange=NSE\symbol=NESTLEIND\part-080811_887565-035799.parquet,34640,downloaded,34640,
2026-07-17,NSE,NESTLEIND,raw_l2/trade_date=2026-07-17/exchange=NSE/symbol=NESTLEIND/part-080855_616093-035895.parquet,real_data_sample\l2_unseen_validation\trade_date=2026-07-17\exchange=NSE\symbol=NESTLEIND\part-080855_616093-035895.parquet,34616,downloaded,34616,
2026-07-17,NSE,NESTLEIND,raw_l2/trade_date=2026-07-17/exchange=NSE/symbol=NESTLEIND/part-080547_169486-035479.parquet,real_data_sample\l2_unseen_validation\trade_date=2026-07-17\exchange=NSE\symbol=NESTLEIND\part-080547_169486-035479.parquet,34729,downloaded,34729,
2026-07-17,NSE,NESTLEIND,raw_l2/trade_date=2026-07-17/exchange=NSE/symbol=NESTLEIND/part-080348_227961-035223.parquet,real_data_sample\l2_unseen_validation\trade_date=2026-07-17\exchange=NSE\symbol=NESTLEIND\part-080348_227961-035223.parquet,34463,downloaded,34463,
2026-07-17,NSE,NESTLEIND,raw_l2/trade_date=2026-07-17/exchange=NSE/symbol=NESTLEIND/part-080517_892000-035415.parquet,real_data_sample\l2_unseen_validation\trade_date=2026-07-17\exchange=NSE\symbol=NESTLEIND\part-080517_892000-035415.parquet,34727,downloaded,34727,
2026-07-17,NSE,NESTLEIND,raw_l2/trade_date=2026-07-17/exchange=NSE/symbol=NESTLEIND/part-080402_864897-035255.parquet,real_data_sample\l2_unseen_validation\trade_date=2026-07-17\exchange=NSE\symbol=NESTLEIND\part-080402_864897-035255.parquet,34803,downloaded,34803,
2026-07-17,NSE,NESTLEIND,raw_l2/trade_date=2026-07-17/exchange=NSE/symbol=NESTLEIND/part-080727_833114-035703.parquet,real_data_sample\l2_unseen_validation\trade_date=2026-07-17\exchange=NSE\symbol=NESTLEIND\part-080727_833114-035703.parquet,34508,downloaded,34508,
2026-07-17,NSE,NESTLEIND,raw_l2/trade_date=2026-07-17/exchange=NSE/symbol=NESTLEIND/part-080644_416667-035607.parquet,real_data_sample\l2_unseen_validation\trade_date=2026-07-17\exchange=NSE\symbol=NESTLEIND\part-080644_416667-035607.parquet,34642,downloaded,34642,
2026-07-17,NSE,NESTLEIND,raw_l2/trade_date=2026-07-17/exchange=NSE/symbol=NESTLEIND/part-080630_091880-035575.parquet,real_data_sample\l2_unseen_validation\trade_date=2026-07-17\exchange=NSE\symbol=NESTLEIND\part-080630_091880-035575.parquet,34751,downloaded,34751,
2026-07-17,NSE,NESTLEIND,raw_l2/trade_date=2026-07-17/exchange=NSE/symbol=NESTLEIND/part-080615_571929-035543.parquet,real_data_sample\l2_unseen_validation\trade_date=2026-07-17\exchange=NSE\symbol=NESTLEIND\part-080615_571929-035543.parquet,34773,downloaded,34773,
2026-07-17,NSE,NESTLEIND,raw_l2/trade_date=2026-07-17/exchange=NSE/symbol=NESTLEIND/part-080503_526915-035383.parquet,real_data_sample\l2_unseen_validation\trade_date=2026-07-17\exchange=NSE\symbol=NESTLEIND\part-080503_526915-035383.parquet,34757,downloaded,34757,
2026-07-17,NSE,NESTLEIND,raw_l2/trade_date=2026-07-17/exchange=NSE/symbol=NESTLEIND/part-080448_891836-035351.parquet,real_data_sample\l2_unseen_validation\trade_date=2026-07-17\exchange=NSE\symbol=NESTLEIND\part-080448_891836-035351.parquet,34834,downloaded,34834,
2026-07-17,NSE,NESTLEIND,raw_l2/trade_date=2026-07-17/exchange=NSE/symbol=NESTLEIND/part-080601_344664-035511.parquet,real_data_sample\l2_unseen_validation\trade_date=2026-07-17\exchange=NSE\symbol=NESTLEIND\part-080601_344664-035511.parquet,34629,downloaded,34629,
2026-07-17,NSE,NESTLEIND,raw_l2/trade_date=2026-07-17/exchange=NSE/symbol=NESTLEIND/part-080433_939985-035319.parquet,real_data_sample\l2_unseen_validation\trade_date=2026-07-17\exchange=NSE\symbol=NESTLEIND\part-080433_939985-035319.parquet,34809,downloaded,34809,
2026-07-17,NSE,NESTLEIND,raw_l2/trade_date=2026-07-17/exchange=NSE/symbol=NESTLEIND/part-080658_880269-035639.parquet,real_data_sample\l2_unseen_validation\trade_date=2026-07-17\exchange=NSE\symbol=NESTLEIND\part-080658_880269-035639.parquet,34594,downloaded,34594,
2026-07-17,NSE,NESTLEIND,raw_l2/trade_date=2026-07-17/exchange=NSE/symbol=NESTLEIND/part-080757_195827-035767.parquet,real_data_sample\l2_unseen_validation\trade_date=2026-07-17\exchange=NSE\symbol=NESTLEIND\part-080757_195827-035767.parquet,34712,downloaded,34712,
2026-07-17,NSE,NESTLEIND,raw_l2/trade_date=2026-07-17/exchange=NSE/symbol=NESTLEIND/part-080742_346337-035735.parquet,real_data_sample\l2_unseen_validation\trade_date=2026-07-17\exchange=NSE\symbol=NESTLEIND\part-080742_346337-035735.parquet,34694,downloaded,34694,
2026-07-17,NSE,NESTLEIND,raw_l2/trade_date=2026-07-17/exchange=NSE/symbol=NESTLEIND/part-080910_027467-035927.parquet,real_data_sample\l2_unseen_validation\trade_date=2026-07-17\exchange=NSE\symbol=NESTLEIND\part-080910_027467-035927.parquet,34498,downloaded,34498,
2026-07-17,NSE,NESTLEIND,raw_l2/trade_date=2026-07-17/exchange=NSE/symbol=NESTLEIND/part-081135_358324-036247.parquet,real_data_sample\l2_unseen_validation\trade_date=2026-07-17\exchange=NSE\symbol=NESTLEIND\part-081135_358324-036247.parquet,34972,downloaded,34972,
2026-07-17,NSE,NESTLEIND,raw_l2/trade_date=2026-07-17/exchange=NSE/symbol=NESTLEIND/part-071017_721720-028023.parquet,real_data_sample\l2_unseen_validation\trade_date=2026-07-17\exchange=NSE\symbol=NESTLEIND\part-071017_721720-028023.parquet,34800,downloaded,34800,
2026-07-17,NSE,NESTLEIND,raw_l2/trade_date=2026-07-17/exchange=NSE/symbol=NESTLEIND/part-081246_532620-036407.parquet,real_data_sample\l2_unseen_validation\trade_date=2026-07-17\exchange=NSE\symbol=NESTLEIND\part-081246_532620-036407.parquet,35735,downloaded,35735,
2026-07-17,NSE,NESTLEIND,raw_l2/trade_date=2026-07-17/exchange=NSE/symbol=NESTLEIND/part-081038_978487-036119.parquet,real_data_sample\l2_unseen_validation\trade_date=2026-07-17\exchange=NSE\symbol=NESTLEIND\part-081038_978487-036119.parquet,34748,downloaded,34748,
2026-07-17,NSE,NESTLEIND,raw_l2/trade_date=2026-07-17/exchange=NSE/symbol=NESTLEIND/part-080954_449988-036023.parquet,real_data_sample\l2_unseen_validation\trade_date=2026-07-17\exchange=NSE\symbol=NESTLEIND\part-080954_449988-036023.parquet,34577,downloaded,34577,
2026-07-17,NSE,NESTLEIND,raw_l2/trade_date=2026-07-17/exchange=NSE/symbol=NESTLEIND/part-081121_406703-036215.parquet,real_data_sample\l2_unseen_validation\trade_date=2026-07-17\exchange=NSE\symbol=NESTLEIND\part-081121_406703-036215.parquet,34494,downloaded,34494,
2026-07-17,NSE,NESTLEIND,raw_l2/trade_date=2026-07-17/exchange=NSE/symbol=NESTLEIND/part-081232_135665-036375.parquet,real_data_sample\l2_unseen_validation\trade_date=2026-07-17\exchange=NSE\symbol=NESTLEIND\part-081232_135665-036375.parquet,35384,downloaded,35384,
2026-07-17,NSE,NESTLEIND,raw_l2/trade_date=2026-07-17/exchange=NSE/symbol=NESTLEIND/part-081301_315329-036439.parquet,real_data_sample\l2_unseen_validation\trade_date=2026-07-17\exchange=NSE\symbol=NESTLEIND\part-081301_315329-036439.parquet,35203,downloaded,35203,
2026-07-17,NSE,NESTLEIND,raw_l2/trade_date=2026-07-17/exchange=NSE/symbol=NESTLEIND/part-080939_843814-035991.parquet,real_data_sample\l2_unseen_validation\trade_date=2026-07-17\exchange=NSE\symbol=NESTLEIND\part-080939_843814-035991.parquet,34589,downloaded,34589,
2026-07-17,NSE,NESTLEIND,raw_l2/trade_date=2026-07-17/exchange=NSE/symbol=NESTLEIND/part-080925_228255-035959.parquet,real_data_sample\l2_unseen_validation\trade_date=2026-07-17\exchange=NSE\symbol=NESTLEIND\part-080925_228255-035959.parquet,34850,downloaded,34850,
2026-07-17,NSE,NESTLEIND,raw_l2/trade_date=2026-07-17/exchange=NSE/symbol=NESTLEIND/part-081009_463942-036055.parquet,real_data_sample\l2_unseen_validation\trade_date=2026-07-17\exchange=NSE\symbol=NESTLEIND\part-081009_463942-036055.parquet,34538,downloaded,34538,
2026-07-17,NSE,NESTLEIND,raw_l2/trade_date=2026-07-17/exchange=NSE/symbol=NESTLEIND/part-081217_846057-036343.parquet,real_data_sample\l2_unseen_validation\trade_date=2026-07-17\exchange=NSE\symbol=NESTLEIND\part-081217_846057-036343.parquet,35061,downloaded,35061,
2026-07-17,NSE,NESTLEIND,raw_l2/trade_date=2026-07-17/exchange=NSE/symbol=NESTLEIND/part-081149_582565-036279.parquet,real_data_sample\l2_unseen_validation\trade_date=2026-07-17\exchange=NSE\symbol=NESTLEIND\part-081149_582565-036279.parquet,34824,downloaded,34824,
2026-07-17,NSE,NESTLEIND,raw_l2/trade_date=2026-07-17/exchange=NSE/symbol=NESTLEIND/part-081203_808744-036311.parquet,real_data_sample\l2_unseen_validation\trade_date=2026-07-17\exchange=NSE\symbol=NESTLEIND\part-081203_808744-036311.parquet,34607,downloaded,34607,
2026-07-17,NSE,NESTLEIND,raw_l2/trade_date=2026-07-17/exchange=NSE/symbol=NESTLEIND/part-081024_544062-036087.parquet,real_data_sample\l2_unseen_validation\trade_date=2026-07-17\exchange=NSE\symbol=NESTLEIND\part-081024_544062-036087.parquet,34760,downloaded,34760,
2026-07-17,NSE,NESTLEIND,raw_l2/trade_date=2026-07-17/exchange=NSE/symbol=NESTLEIND/part-081315_837856-036471.parquet,real_data_sample\l2_unseen_validation\trade_date=2026-07-17\exchange=NSE\symbol=NESTLEIND\part-081315_837856-036471.parquet,34807,downloaded,34807,
2026-07-17,NSE,NESTLEIND,raw_l2/trade_date=2026-07-17/exchange=NSE/symbol=NESTLEIND/part-081053_196521-036151.parquet,real_data_sample\l2_unseen_validation\trade_date=2026-07-17\exchange=NSE\symbol=NESTLEIND\part-081053_196521-036151.parquet,34641,downloaded,34641,
2026-07-17,NSE,NESTLEIND,raw_l2/trade_date=2026-07-17/exchange=NSE/symbol=NESTLEIND/part-081107_277496-036183.parquet,real_data_sample\l2_unseen_validation\trade_date=2026-07-17\exchange=NSE\symbol=NESTLEIND\part-081107_277496-036183.parquet,34583,downloaded,34583,
2026-07-17,NSE,NESTLEIND,raw_l2/trade_date=2026-07-17/exchange=NSE/symbol=NESTLEIND/part-081344_247115-036535.parquet,real_data_sample\l2_unseen_validation\trade_date=2026-07-17\exchange=NSE\symbol=NESTLEIND\part-081344_247115-036535.parquet,34650,downloaded,34650,
2026-07-17,NSE,NESTLEIND,raw_l2/trade_date=2026-07-17/exchange=NSE/symbol=NESTLEIND/part-081358_605039-036567.parquet,real_data_sample\l2_unseen_validation\trade_date=2026-07-17\exchange=NSE\symbol=NESTLEIND\part-081358_605039-036567.parquet,34550,downloaded,34550,
2026-07-17,NSE,NESTLEIND,raw_l2/trade_date=2026-07-17/exchange=NSE/symbol=NESTLEIND/part-081330_032515-036503.parquet,real_data_sample\l2_unseen_validation\trade_date=2026-07-17\exchange=NSE\symbol=NESTLEIND\part-081330_032515-036503.parquet,34843,downloaded,34843,
2026-07-17,NSE,NESTLEIND,raw_l2/trade_date=2026-07-17/exchange=NSE/symbol=NESTLEIND/part-081412_846222-036599.parquet,real_data_sample\l2_unseen_validation\trade_date=2026-07-17\exchange=NSE\symbol=NESTLEIND\part-081412_846222-036599.parquet,34578,downloaded,34578,
2026-07-17,NSE,NESTLEIND,raw_l2/trade_date=2026-07-17/exchange=NSE/symbol=NESTLEIND/part-080333_480956-035191.parquet,real_data_sample\l2_unseen_validation\trade_date=2026-07-17\exchange=NSE\symbol=NESTLEIND\part-080333_480956-035191.parquet,34750,downloaded,34750,
2026-07-17,NSE,NESTLEIND,raw_l2/trade_date=2026-07-17/exchange=NSE/symbol=NESTLEIND/part-081427_040892-036631.parquet,real_data_sample\l2_unseen_validation\trade_date=2026-07-17\exchange=NSE\symbol=NESTLEIND\part-081427_040892-036631.parquet,34704,downloaded,34704,
2026-07-17,NSE,NESTLEIND,raw_l2/trade_date=2026-07-17/exchange=NSE/symbol=NESTLEIND/part-081455_141536-036695.parquet,real_data_sample\l2_unseen_validation\trade_date=2026-07-17\exchange=NSE\symbol=NESTLEIND\part-081455_141536-036695.parquet,35000,downloaded,35000,
2026-07-17,NSE,NESTLEIND,raw_l2/trade_date=2026-07-17/exchange=NSE/symbol=NESTLEIND/part-081619_411214-036887.parquet,real_data_sample\l2_unseen_validation\trade_date=2026-07-17\exchange=NSE\symbol=NESTLEIND\part-081619_411214-036887.parquet,35109,downloaded,35109,
2026-07-17,NSE,NESTLEIND,raw_l2/trade_date=2026-07-17/exchange=NSE/symbol=NESTLEIND/part-075153_720015-033623.parquet,real_data_sample\l2_unseen_validation\trade_date=2026-07-17\exchange=NSE\symbol=NESTLEIND\part-075153_720015-033623.parquet,34708,downloaded,34708,
2026-07-17,NSE,NESTLEIND,raw_l2/trade_date=2026-07-17/exchange=NSE/symbol=NESTLEIND/part-080417_220029-035287.parquet,real_data_sample\l2_unseen_validation\trade_date=2026-07-17\exchange=NSE\symbol=NESTLEIND\part-080417_220029-035287.parquet,34918,downloaded,34918,
2026-07-17,NSE,NESTLEIND,raw_l2/trade_date=2026-07-17/exchange=NSE/symbol=NESTLEIND/part-081605_508795-036855.parquet,real_data_sample\l2_unseen_validation\trade_date=2026-07-17\exchange=NSE\symbol=NESTLEIND\part-081605_508795-036855.parquet,35245,downloaded,35245,
2026-07-17,NSE,NESTLEIND,raw_l2/trade_date=2026-07-17/exchange=NSE/symbol=NESTLEIND/part-081537_493777-036791.parquet,real_data_sample\l2_unseen_validation\trade_date=2026-07-17\exchange=NSE\symbol=NESTLEIND\part-081537_493777-036791.parquet,35269,downloaded,35269,
2026-07-17,NSE,NESTLEIND,raw_l2/trade_date=2026-07-17/exchange=NSE/symbol=NESTLEIND/part-081551_374392-036823.parquet,real_data_sample\l2_unseen_validation\trade_date=2026-07-17\exchange=NSE\symbol=NESTLEIND\part-081551_374392-036823.parquet,35025,downloaded,35025,
2026-07-17,NSE,NESTLEIND,raw_l2/trade_date=2026-07-17/exchange=NSE/symbol=NESTLEIND/part-081509_281014-036727.parquet,real_data_sample\l2_unseen_validation\trade_date=2026-07-17\exchange=NSE\symbol=NESTLEIND\part-081509_281014-036727.parquet,34746,downloaded,34746,
2026-07-17,NSE,NESTLEIND,raw_l2/trade_date=2026-07-17/exchange=NSE/symbol=NESTLEIND/part-081523_489014-036759.parquet,real_data_sample\l2_unseen_validation\trade_date=2026-07-17\exchange=NSE\symbol=NESTLEIND\part-081523_489014-036759.parquet,35609,downloaded,35609,
2026-07-17,NSE,NESTLEIND,raw_l2/trade_date=2026-07-17/exchange=NSE/symbol=NESTLEIND/part-081633_469131-036919.parquet,real_data_sample\l2_unseen_validation\trade_date=2026-07-17\exchange=NSE\symbol=NESTLEIND\part-081633_469131-036919.parquet,35317,downloaded,35317,
2026-07-17,NSE,NESTLEIND,raw_l2/trade_date=2026-07-17/exchange=NSE/symbol=NESTLEIND/part-081759_251306-037111.parquet,real_data_sample\l2_unseen_validation\trade_date=2026-07-17\exchange=NSE\symbol=NESTLEIND\part-081759_251306-037111.parquet,35235,downloaded,35235,
2026-07-17,NSE,NESTLEIND,raw_l2/trade_date=2026-07-17/exchange=NSE/symbol=NESTLEIND/part-081647_585203-036951.parquet,real_data_sample\l2_unseen_validation\trade_date=2026-07-17\exchange=NSE\symbol=NESTLEIND\part-081647_585203-036951.parquet,35284,downloaded,35284,
2026-07-17,NSE,NESTLEIND,raw_l2/trade_date=2026-07-17/exchange=NSE/symbol=NESTLEIND/part-081730_805610-037047.parquet,real_data_sample\l2_unseen_validation\trade_date=2026-07-17\exchange=NSE\symbol=NESTLEIND\part-081730_805610-037047.parquet,35534,downloaded,35534,
2026-07-17,NSE,NESTLEIND,raw_l2/trade_date=2026-07-17/exchange=NSE/symbol=NESTLEIND/part-081744_908520-037079.parquet,real_data_sample\l2_unseen_validation\trade_date=2026-07-17\exchange=NSE\symbol=NESTLEIND\part-081744_908520-037079.parquet,34849,downloaded,34849,
2026-07-17,NSE,NESTLEIND,raw_l2/trade_date=2026-07-17/exchange=NSE/symbol=NESTLEIND/part-081716_007197-037015.parquet,real_data_sample\l2_unseen_validation\trade_date=2026-07-17\exchange=NSE\symbol=NESTLEIND\part-081716_007197-037015.parquet,35734,downloaded,35734,
2026-07-17,NSE,NESTLEIND,raw_l2/trade_date=2026-07-17/exchange=NSE/symbol=NESTLEIND/part-072758_234512-030391.parquet,real_data_sample\l2_unseen_validation\trade_date=2026-07-17\exchange=NSE\symbol=NESTLEIND\part-072758_234512-030391.parquet,34750,downloaded,34750,
2026-07-17,NSE,NESTLEIND,raw_l2/trade_date=2026-07-17/exchange=NSE/symbol=NESTLEIND/part-081925_127126-037303.parquet,real_data_sample\l2_unseen_validation\trade_date=2026-07-17\exchange=NSE\symbol=NESTLEIND\part-081925_127126-037303.parquet,35216,downloaded,35216,
2026-07-17,NSE,NESTLEIND,raw_l2/trade_date=2026-07-17/exchange=NSE/symbol=NESTLEIND/part-081701_687970-036983.parquet,real_data_sample\l2_unseen_validation\trade_date=2026-07-17\exchange=NSE\symbol=NESTLEIND\part-081701_687970-036983.parquet,35414,downloaded,35414,
2026-07-17,NSE,NESTLEIND,raw_l2/trade_date=2026-07-17/exchange=NSE/symbol=NESTLEIND/part-081856_764193-037239.parquet,real_data_sample\l2_unseen_validation\trade_date=2026-07-17\exchange=NSE\symbol=NESTLEIND\part-081856_764193-037239.parquet,35449,downloaded,35449,
2026-07-17,NSE,NESTLEIND,raw_l2/trade_date=2026-07-17/exchange=NSE/symbol=NESTLEIND/part-081828_018536-037175.parquet,real_data_sample\l2_unseen_validation\trade_date=2026-07-17\exchange=NSE\symbol=NESTLEIND\part-081828_018536-037175.parquet,35056,downloaded,35056,
2026-07-17,NSE,NESTLEIND,raw_l2/trade_date=2026-07-17/exchange=NSE/symbol=NESTLEIND/part-081813_816097-037143.parquet,real_data_sample\l2_unseen_validation\trade_date=2026-07-17\exchange=NSE\symbol=NESTLEIND\part-081813_816097-037143.parquet,35282,downloaded,35282,
2026-07-17,NSE,NESTLEIND,raw_l2/trade_date=2026-07-17/exchange=NSE/symbol=NESTLEIND/part-081842_751289-037207.parquet,real_data_sample\l2_unseen_validation\trade_date=2026-07-17\exchange=NSE\symbol=NESTLEIND\part-081842_751289-037207.parquet,35339,downloaded,35339,
2026-07-17,NSE,NESTLEIND,raw_l2/trade_date=2026-07-17/exchange=NSE/symbol=NESTLEIND/part-081910_770147-037271.parquet,real_data_sample\l2_unseen_validation\trade_date=2026-07-17\exchange=NSE\symbol=NESTLEIND\part-081910_770147-037271.parquet,35395,downloaded,35395,
2026-07-17,NSE,NESTLEIND,raw_l2/trade_date=2026-07-17/exchange=NSE/symbol=NESTLEIND/part-073218_897483-030967.parquet,real_data_sample\l2_unseen_validation\trade_date=2026-07-17\exchange=NSE\symbol=NESTLEIND\part-073218_897483-030967.parquet,35295,downloaded,35295,
2026-07-17,NSE,NESTLEIND,raw_l2/trade_date=2026-07-17/exchange=NSE/symbol=NESTLEIND/part-081953_720732-037367.parquet,real_data_sample\l2_unseen_validation\trade_date=2026-07-17\exchange=NSE\symbol=NESTLEIND\part-081953_720732-037367.parquet,34907,downloaded,34907,
2026-07-17,NSE,NESTLEIND,raw_l2/trade_date=2026-07-17/exchange=NSE/symbol=NESTLEIND/part-082007_716899-037399.parquet,real_data_sample\l2_unseen_validation\trade_date=2026-07-17\exchange=NSE\symbol=NESTLEIND\part-082007_716899-037399.parquet,35561,downloaded,35561,
2026-07-17,NSE,NESTLEIND,raw_l2/trade_date=2026-07-17/exchange=NSE/symbol=NESTLEIND/part-082022_136657-037431.parquet,real_data_sample\l2_unseen_validation\trade_date=2026-07-17\exchange=NSE\symbol=NESTLEIND\part-082022_136657-037431.parquet,35227,downloaded,35227,
2026-07-17,NSE,NESTLEIND,raw_l2/trade_date=2026-07-17/exchange=NSE/symbol=NESTLEIND/part-082120_601202-037559.parquet,real_data_sample\l2_unseen_validation\trade_date=2026-07-17\exchange=NSE\symbol=NESTLEIND\part-082120_601202-037559.parquet,35622,downloaded,35622,
2026-07-17,NSE,NESTLEIND,raw_l2/trade_date=2026-07-17/exchange=NSE/symbol=NESTLEIND/part-082106_191910-037527.parquet,real_data_sample\l2_unseen_validation\trade_date=2026-07-17\exchange=NSE\symbol=NESTLEIND\part-082106_191910-037527.parquet,35605,downloaded,35605,
2026-07-17,NSE,NESTLEIND,raw_l2/trade_date=2026-07-17/exchange=NSE/symbol=NESTLEIND/part-082245_700435-037751.parquet,real_data_sample\l2_unseen_validation\trade_date=2026-07-17\exchange=NSE\symbol=NESTLEIND\part-082245_700435-037751.parquet,34706,downloaded,34706,
2026-07-17,NSE,NESTLEIND,raw_l2/trade_date=2026-07-17/exchange=NSE/symbol=NESTLEIND/part-082314_465300-037815.parquet,real_data_sample\l2_unseen_validation\trade_date=2026-07-17\exchange=NSE\symbol=NESTLEIND\part-082314_465300-037815.parquet,34861,downloaded,34861,
2026-07-17,NSE,NESTLEIND,raw_l2/trade_date=2026-07-17/exchange=NSE/symbol=NESTLEIND/part-082259_811542-037783.parquet,real_data_sample\l2_unseen_validation\trade_date=2026-07-17\exchange=NSE\symbol=NESTLEIND\part-082259_811542-037783.parquet,34588,downloaded,34588,
2026-07-17,NSE,NESTLEIND,raw_l2/trade_date=2026-07-17/exchange=NSE/symbol=NESTLEIND/part-082217_368052-037687.parquet,real_data_sample\l2_unseen_validation\trade_date=2026-07-17\exchange=NSE\symbol=NESTLEIND\part-082217_368052-037687.parquet,35235,downloaded,35235,
2026-07-17,NSE,NESTLEIND,raw_l2/trade_date=2026-07-17/exchange=NSE/symbol=NESTLEIND/part-082134_969089-037591.parquet,real_data_sample\l2_unseen_validation\trade_date=2026-07-17\exchange=NSE\symbol=NESTLEIND\part-082134_969089-037591.parquet,35335,downloaded,35335,
2026-07-17,NSE,NESTLEIND,raw_l2/trade_date=2026-07-17/exchange=NSE/symbol=NESTLEIND/part-082203_292705-037655.parquet,real_data_sample\l2_unseen_validation\trade_date=2026-07-17\exchange=NSE\symbol=NESTLEIND\part-082203_292705-037655.parquet,35440,downloaded,35440,
2026-07-17,NSE,NESTLEIND,raw_l2/trade_date=2026-07-17/exchange=NSE/symbol=NESTLEIND/part-082231_519069-037719.parquet,real_data_sample\l2_unseen_validation\trade_date=2026-07-17\exchange=NSE\symbol=NESTLEIND\part-082231_519069-037719.parquet,34660,downloaded,34660,
2026-07-17,NSE,NESTLEIND,raw_l2/trade_date=2026-07-17/exchange=NSE/symbol=NESTLEIND/part-082149_012882-037623.parquet,real_data_sample\l2_unseen_validation\trade_date=2026-07-17\exchange=NSE\symbol=NESTLEIND\part-082149_012882-037623.parquet,35316,downloaded,35316,
2026-07-17,NSE,NESTLEIND,raw_l2/trade_date=2026-07-17/exchange=NSE/symbol=NESTLEIND/part-082328_598734-037847.parquet,real_data_sample\l2_unseen_validation\trade_date=2026-07-17\exchange=NSE\symbol=NESTLEIND\part-082328_598734-037847.parquet,35295,downloaded,35295,
2026-07-17,NSE,NESTLEIND,raw_l2/trade_date=2026-07-17/exchange=NSE/symbol=NESTLEIND/part-075748_094903-034423.parquet,real_data_sample\l2_unseen_validation\trade_date=2026-07-17\exchange=NSE\symbol=NESTLEIND\part-075748_094903-034423.parquet,34569,downloaded,34569,
2026-07-17,NSE,NESTLEIND,raw_l2/trade_date=2026-07-17/exchange=NSE/symbol=NESTLEIND/part-082439_027614-038007.parquet,real_data_sample\l2_unseen_validation\trade_date=2026-07-17\exchange=NSE\symbol=NESTLEIND\part-082439_027614-038007.parquet,35489,downloaded,35489,
2026-07-17,NSE,NESTLEIND,raw_l2/trade_date=2026-07-17/exchange=NSE/symbol=NESTLEIND/part-082453_205089-038039.parquet,real_data_sample\l2_unseen_validation\trade_date=2026-07-17\exchange=NSE\symbol=NESTLEIND\part-082453_205089-038039.parquet,35227,downloaded,35227,
2026-07-17,NSE,NESTLEIND,raw_l2/trade_date=2026-07-17/exchange=NSE/symbol=NESTLEIND/part-082356_694248-037911.parquet,real_data_sample\l2_unseen_validation\trade_date=2026-07-17\exchange=NSE\symbol=NESTLEIND\part-082356_694248-037911.parquet,35731,downloaded,35731,
2026-07-17,NSE,NESTLEIND,raw_l2/trade_date=2026-07-17/exchange=NSE/symbol=NESTLEIND/part-082425_047383-037975.parquet,real_data_sample\l2_unseen_validation\trade_date=2026-07-17\exchange=NSE\symbol=NESTLEIND\part-082425_047383-037975.parquet,35326,downloaded,35326,
2026-07-17,NSE,NESTLEIND,raw_l2/trade_date=2026-07-17/exchange=NSE/symbol=NESTLEIND/part-082521_384413-038103.parquet,real_data_sample\l2_unseen_validation\trade_date=2026-07-17\exchange=NSE\symbol=NESTLEIND\part-082521_384413-038103.parquet,35215,downloaded,35215,
2026-07-17,NSE,NESTLEIND,raw_l2/trade_date=2026-07-17/exchange=NSE/symbol=NESTLEIND/part-082507_263845-038071.parquet,real_data_sample\l2_unseen_validation\trade_date=2026-07-17\exchange=NSE\symbol=NESTLEIND\part-082507_263845-038071.parquet,35585,downloaded,35585,
2026-07-17,NSE,NESTLEIND,raw_l2/trade_date=2026-07-17/exchange=NSE/symbol=NESTLEIND/part-075705_080603-034327.parquet,real_data_sample\l2_unseen_validation\trade_date=2026-07-17\exchange=NSE\symbol=NESTLEIND\part-075705_080603-034327.parquet,34599,downloaded,34599,
2026-07-17,NSE,NESTLEIND,raw_l2/trade_date=2026-07-17/exchange=NSE/symbol=NESTLEIND/part-081939_479209-037335.parquet,real_data_sample\l2_unseen_validation\trade_date=2026-07-17\exchange=NSE\symbol=NESTLEIND\part-081939_479209-037335.parquet,35314,downloaded,35314,
2026-07-17,NSE,NESTLEIND,raw_l2/trade_date=2026-07-17/exchange=NSE/symbol=NESTLEIND/part-082410_816310-037943.parquet,real_data_sample\l2_unseen_validation\trade_date=2026-07-17\exchange=NSE\symbol=NESTLEIND\part-082410_816310-037943.parquet,35601,downloaded,35601,
2026-07-17,NSE,NESTLEIND,raw_l2/trade_date=2026-07-17/exchange=NSE/symbol=NESTLEIND/part-082550_183593-038167.parquet,real_data_sample\l2_unseen_validation\trade_date=2026-07-17\exchange=NSE\symbol=NESTLEIND\part-082550_183593-038167.parquet,35281,downloaded,35281,
2026-07-17,NSE,NESTLEIND,raw_l2/trade_date=2026-07-17/exchange=NSE/symbol=NESTLEIND/part-075914_124839-034615.parquet,real_data_sample\l2_unseen_validation\trade_date=2026-07-17\exchange=NSE\symbol=NESTLEIND\part-075914_124839-034615.parquet,34748,downloaded,34748,
2026-07-17,NSE,NESTLEIND,raw_l2/trade_date=2026-07-17/exchange=NSE/symbol=NESTLEIND/part-082604_586587-038199.parquet,real_data_sample\l2_unseen_validation\trade_date=2026-07-17\exchange=NSE\symbol=NESTLEIND\part-082604_586587-038199.parquet,35313,downloaded,35313,
2026-07-17,NSE,NESTLEIND,raw_l2/trade_date=2026-07-17/exchange=NSE/symbol=NESTLEIND/part-082618_858276-038231.parquet,real_data_sample\l2_unseen_validation\trade_date=2026-07-17\exchange=NSE\symbol=NESTLEIND\part-082618_858276-038231.parquet,35288,downloaded,35288,
2026-07-17,NSE,NESTLEIND,raw_l2/trade_date=2026-07-17/exchange=NSE/symbol=NESTLEIND/part-075942_650134-034679.parquet,real_data_sample\l2_unseen_validation\trade_date=2026-07-17\exchange=NSE\symbol=NESTLEIND\part-075942_650134-034679.parquet,34492,downloaded,34492,
2026-07-17,NSE,NESTLEIND,raw_l2/trade_date=2026-07-17/exchange=NSE/symbol=NESTLEIND/part-082701_512421-038327.parquet,real_data_sample\l2_unseen_validation\trade_date=2026-07-17\exchange=NSE\symbol=NESTLEIND\part-082701_512421-038327.parquet,35263,downloaded,35263,
2026-07-17,NSE,NESTLEIND,raw_l2/trade_date=2026-07-17/exchange=NSE/symbol=NESTLEIND/part-082744_335461-038423.parquet,real_data_sample\l2_unseen_validation\trade_date=2026-07-17\exchange=NSE\symbol=NESTLEIND\part-082744_335461-038423.parquet,35547,downloaded,35547,
2026-07-17,NSE,NESTLEIND,raw_l2/trade_date=2026-07-17/exchange=NSE/symbol=NESTLEIND/part-082633_453031-038263.parquet,real_data_sample\l2_unseen_validation\trade_date=2026-07-17\exchange=NSE\symbol=NESTLEIND\part-082633_453031-038263.parquet,35579,downloaded,35579,
2026-07-17,NSE,NESTLEIND,raw_l2/trade_date=2026-07-17/exchange=NSE/symbol=NESTLEIND/part-082715_976447-038359.parquet,real_data_sample\l2_unseen_validation\trade_date=2026-07-17\exchange=NSE\symbol=NESTLEIND\part-082715_976447-038359.parquet,35437,downloaded,35437,
2026-07-17,NSE,NESTLEIND,raw_l2/trade_date=2026-07-17/exchange=NSE/symbol=NESTLEIND/part-082647_497857-038295.parquet,real_data_sample\l2_unseen_validation\trade_date=2026-07-17\exchange=NSE\symbol=NESTLEIND\part-082647_497857-038295.parquet,35317,downloaded,35317,
2026-07-17,NSE,NESTLEIND,raw_l2/trade_date=2026-07-17/exchange=NSE/symbol=NESTLEIND/part-082036_395775-037463.parquet,real_data_sample\l2_unseen_validation\trade_date=2026-07-17\exchange=NSE\symbol=NESTLEIND\part-082036_395775-037463.parquet,35363,downloaded,35363,
2026-07-17,NSE,NESTLEIND,raw_l2/trade_date=2026-07-17/exchange=NSE/symbol=NESTLEIND/part-082730_019988-038391.parquet,real_data_sample\l2_unseen_validation\trade_date=2026-07-17\exchange=NSE\symbol=NESTLEIND\part-082730_019988-038391.parquet,35138,downloaded,35138,
2026-07-17,NSE,NESTLEIND,raw_l2/trade_date=2026-07-17/exchange=NSE/symbol=NESTLEIND/part-082758_734344-038455.parquet,real_data_sample\l2_unseen_validation\trade_date=2026-07-17\exchange=NSE\symbol=NESTLEIND\part-082758_734344-038455.parquet,35284,downloaded,35284,
2026-07-17,NSE,NESTLEIND,raw_l2/trade_date=2026-07-17/exchange=NSE/symbol=NESTLEIND/part-082827_843361-038519.parquet,real_data_sample\l2_unseen_validation\trade_date=2026-07-17\exchange=NSE\symbol=NESTLEIND\part-082827_843361-038519.parquet,35306,downloaded,35306,
2026-07-17,NSE,NESTLEIND,raw_l2/trade_date=2026-07-17/exchange=NSE/symbol=NESTLEIND/part-082842_216581-038551.parquet,real_data_sample\l2_unseen_validation\trade_date=2026-07-17\exchange=NSE\symbol=NESTLEIND\part-082842_216581-038551.parquet,35200,downloaded,35200,
2026-07-17,NSE,NESTLEIND,raw_l2/trade_date=2026-07-17/exchange=NSE/symbol=NESTLEIND/part-082856_649065-038583.parquet,real_data_sample\l2_unseen_validation\trade_date=2026-07-17\exchange=NSE\symbol=NESTLEIND\part-082856_649065-038583.parquet,35160,downloaded,35160,
2026-07-17,NSE,NESTLEIND,raw_l2/trade_date=2026-07-17/exchange=NSE/symbol=NESTLEIND/part-082813_271309-038487.parquet,real_data_sample\l2_unseen_validation\trade_date=2026-07-17\exchange=NSE\symbol=NESTLEIND\part-082813_271309-038487.parquet,35498,downloaded,35498,
2026-07-17,NSE,NESTLEIND,raw_l2/trade_date=2026-07-17/exchange=NSE/symbol=NESTLEIND/part-075733_841254-034391.parquet,real_data_sample\l2_unseen_validation\trade_date=2026-07-17\exchange=NSE\symbol=NESTLEIND\part-075733_841254-034391.parquet,34444,downloaded,34444,
2026-07-17,NSE,NESTLEIND,raw_l2/trade_date=2026-07-17/exchange=NSE/symbol=NESTLEIND/part-082925_783153-038647.parquet,real_data_sample\l2_unseen_validation\trade_date=2026-07-17\exchange=NSE\symbol=NESTLEIND\part-082925_783153-038647.parquet,35195,downloaded,35195,
2026-07-17,NSE,NESTLEIND,raw_l2/trade_date=2026-07-17/exchange=NSE/symbol=NESTLEIND/part-082940_235913-038679.parquet,real_data_sample\l2_unseen_validation\trade_date=2026-07-17\exchange=NSE\symbol=NESTLEIND\part-082940_235913-038679.parquet,34913,downloaded,34913,
2026-07-17,NSE,NESTLEIND,raw_l2/trade_date=2026-07-17/exchange=NSE/symbol=NESTLEIND/part-082954_765339-038711.parquet,real_data_sample\l2_unseen_validation\trade_date=2026-07-17\exchange=NSE\symbol=NESTLEIND\part-082954_765339-038711.parquet,35267,downloaded,35267,
2026-07-17,NSE,NESTLEIND,raw_l2/trade_date=2026-07-17/exchange=NSE/symbol=NESTLEIND/part-083009_527896-038743.parquet,real_data_sample\l2_unseen_validation\trade_date=2026-07-17\exchange=NSE\symbol=NESTLEIND\part-083009_527896-038743.parquet,35993,downloaded,35993,
2026-07-17,NSE,NESTLEIND,raw_l2/trade_date=2026-07-17/exchange=NSE/symbol=NESTLEIND/part-082342_621165-037879.parquet,real_data_sample\l2_unseen_validation\trade_date=2026-07-17\exchange=NSE\symbol=NESTLEIND\part-082342_621165-037879.parquet,35453,downloaded,35453,
2026-07-17,NSE,NESTLEIND,raw_l2/trade_date=2026-07-17/exchange=NSE/symbol=NESTLEIND/part-083052_567756-038839.parquet,real_data_sample\l2_unseen_validation\trade_date=2026-07-17\exchange=NSE\symbol=NESTLEIND\part-083052_567756-038839.parquet,35489,downloaded,35489,
2026-07-17,NSE,NESTLEIND,raw_l2/trade_date=2026-07-17/exchange=NSE/symbol=NESTLEIND/part-083038_236002-038807.parquet,real_data_sample\l2_unseen_validation\trade_date=2026-07-17\exchange=NSE\symbol=NESTLEIND\part-083038_236002-038807.parquet,35472,downloaded,35472,
2026-07-17,NSE,NESTLEIND,raw_l2/trade_date=2026-07-17/exchange=NSE/symbol=NESTLEIND/part-083121_953887-038903.parquet,real_data_sample\l2_unseen_validation\trade_date=2026-07-17\exchange=NSE\symbol=NESTLEIND\part-083121_953887-038903.parquet,35030,downloaded,35030,
2026-07-17,NSE,NESTLEIND,raw_l2/trade_date=2026-07-17/exchange=NSE/symbol=NESTLEIND/part-083023_872718-038775.parquet,real_data_sample\l2_unseen_validation\trade_date=2026-07-17\exchange=NSE\symbol=NESTLEIND\part-083023_872718-038775.parquet,35220,downloaded,35220,
2026-07-17,NSE,NESTLEIND,raw_l2/trade_date=2026-07-17/exchange=NSE/symbol=NESTLEIND/part-083151_061235-038967.parquet,real_data_sample\l2_unseen_validation\trade_date=2026-07-17\exchange=NSE\symbol=NESTLEIND\part-083151_061235-038967.parquet,35086,downloaded,35086,
2026-07-17,NSE,NESTLEIND,raw_l2/trade_date=2026-07-17/exchange=NSE/symbol=NESTLEIND/part-083136_688328-038935.parquet,real_data_sample\l2_unseen_validation\trade_date=2026-07-17\exchange=NSE\symbol=NESTLEIND\part-083136_688328-038935.parquet,34943,downloaded,34943,
2026-07-17,NSE,NESTLEIND,raw_l2/trade_date=2026-07-17/exchange=NSE/symbol=NESTLEIND/part-082051_859989-037495.parquet,real_data_sample\l2_unseen_validation\trade_date=2026-07-17\exchange=NSE\symbol=NESTLEIND\part-082051_859989-037495.parquet,35643,downloaded,35643,
2026-07-17,NSE,NESTLEIND,raw_l2/trade_date=2026-07-17/exchange=NSE/symbol=NESTLEIND/part-083205_383158-038999.parquet,real_data_sample\l2_unseen_validation\trade_date=2026-07-17\exchange=NSE\symbol=NESTLEIND\part-083205_383158-038999.parquet,35108,downloaded,35108,
2026-07-17,NSE,NESTLEIND,raw_l2/trade_date=2026-07-17/exchange=NSE/symbol=NESTLEIND/part-083234_808164-039063.parquet,real_data_sample\l2_unseen_validation\trade_date=2026-07-17\exchange=NSE\symbol=NESTLEIND\part-083234_808164-039063.parquet,34664,downloaded,34664,
2026-07-17,NSE,NESTLEIND,raw_l2/trade_date=2026-07-17/exchange=NSE/symbol=NESTLEIND/part-083220_128351-039031.parquet,real_data_sample\l2_unseen_validation\trade_date=2026-07-17\exchange=NSE\symbol=NESTLEIND\part-083220_128351-039031.parquet,34865,downloaded,34865,
2026-07-17,NSE,NESTLEIND,raw_l2/trade_date=2026-07-17/exchange=NSE/symbol=NESTLEIND/part-083303_981347-039127.parquet,real_data_sample\l2_unseen_validation\trade_date=2026-07-17\exchange=NSE\symbol=NESTLEIND\part-083303_981347-039127.parquet,34654,downloaded,34654,
2026-07-17,NSE,NESTLEIND,raw_l2/trade_date=2026-07-17/exchange=NSE/symbol=NESTLEIND/part-083249_447494-039095.parquet,real_data_sample\l2_unseen_validation\trade_date=2026-07-17\exchange=NSE\symbol=NESTLEIND\part-083249_447494-039095.parquet,34465,downloaded,34465,
2026-07-17,NSE,NESTLEIND,raw_l2/trade_date=2026-07-17/exchange=NSE/symbol=NESTLEIND/part-083318_612986-039159.parquet,real_data_sample\l2_unseen_validation\trade_date=2026-07-17\exchange=NSE\symbol=NESTLEIND\part-083318_612986-039159.parquet,34559,downloaded,34559,
2026-07-17,NSE,NESTLEIND,raw_l2/trade_date=2026-07-17/exchange=NSE/symbol=NESTLEIND/part-082911_272457-038615.parquet,real_data_sample\l2_unseen_validation\trade_date=2026-07-17\exchange=NSE\symbol=NESTLEIND\part-082911_272457-038615.parquet,35303,downloaded,35303,
2026-07-17,NSE,NESTLEIND,raw_l2/trade_date=2026-07-17/exchange=NSE/symbol=NESTLEIND/part-083444_605792-039351.parquet,real_data_sample\l2_unseen_validation\trade_date=2026-07-17\exchange=NSE\symbol=NESTLEIND\part-083444_605792-039351.parquet,34750,downloaded,34750,
2026-07-17,NSE,NESTLEIND,raw_l2/trade_date=2026-07-17/exchange=NSE/symbol=NESTLEIND/part-083624_263862-039575.parquet,real_data_sample\l2_unseen_validation\trade_date=2026-07-17\exchange=NSE\symbol=NESTLEIND\part-083624_263862-039575.parquet,34942,downloaded,34942,
2026-07-17,NSE,NESTLEIND,raw_l2/trade_date=2026-07-17/exchange=NSE/symbol=NESTLEIND/part-083430_166497-039319.parquet,real_data_sample\l2_unseen_validation\trade_date=2026-07-17\exchange=NSE\symbol=NESTLEIND\part-083430_166497-039319.parquet,34880,downloaded,34880,
2026-07-17,NSE,NESTLEIND,raw_l2/trade_date=2026-07-17/exchange=NSE/symbol=NESTLEIND/part-083332_936345-039191.parquet,real_data_sample\l2_unseen_validation\trade_date=2026-07-17\exchange=NSE\symbol=NESTLEIND\part-083332_936345-039191.parquet,34544,downloaded,34544,
2026-07-17,NSE,NESTLEIND,raw_l2/trade_date=2026-07-17/exchange=NSE/symbol=NESTLEIND/part-083347_123160-039223.parquet,real_data_sample\l2_unseen_validation\trade_date=2026-07-17\exchange=NSE\symbol=NESTLEIND\part-083347_123160-039223.parquet,34620,downloaded,34620,
2026-07-17,NSE,NESTLEIND,raw_l2/trade_date=2026-07-17/exchange=NSE/symbol=NESTLEIND/part-083415_890421-039287.parquet,real_data_sample\l2_unseen_validation\trade_date=2026-07-17\exchange=NSE\symbol=NESTLEIND\part-083415_890421-039287.parquet,34883,downloaded,34883,
2026-07-17,NSE,NESTLEIND,raw_l2/trade_date=2026-07-17/exchange=NSE/symbol=NESTLEIND/part-083555_702888-039511.parquet,real_data_sample\l2_unseen_validation\trade_date=2026-07-17\exchange=NSE\symbol=NESTLEIND\part-083555_702888-039511.parquet,35452,downloaded,35452,
2026-07-17,NSE,NESTLEIND,raw_l2/trade_date=2026-07-17/exchange=NSE/symbol=NESTLEIND/part-083609_966641-039543.parquet,real_data_sample\l2_unseen_validation\trade_date=2026-07-17\exchange=NSE\symbol=NESTLEIND\part-083609_966641-039543.parquet,35137,downloaded,35137,
2026-07-17,NSE,NESTLEIND,raw_l2/trade_date=2026-07-17/exchange=NSE/symbol=NESTLEIND/part-083541_508467-039479.parquet,real_data_sample\l2_unseen_validation\trade_date=2026-07-17\exchange=NSE\symbol=NESTLEIND\part-083541_508467-039479.parquet,35393,downloaded,35393,
2026-07-17,NSE,NESTLEIND,raw_l2/trade_date=2026-07-17/exchange=NSE/symbol=NESTLEIND/part-083527_452945-039447.parquet,real_data_sample\l2_unseen_validation\trade_date=2026-07-17\exchange=NSE\symbol=NESTLEIND\part-083527_452945-039447.parquet,35252,downloaded,35252,
2026-07-17,NSE,NESTLEIND,raw_l2/trade_date=2026-07-17/exchange=NSE/symbol=NESTLEIND/part-083459_082738-039383.parquet,real_data_sample\l2_unseen_validation\trade_date=2026-07-17\exchange=NSE\symbol=NESTLEIND\part-083459_082738-039383.parquet,34860,downloaded,34860,
2026-07-17,NSE,NESTLEIND,raw_l2/trade_date=2026-07-17/exchange=NSE/symbol=NESTLEIND/part-083513_321863-039415.parquet,real_data_sample\l2_unseen_validation\trade_date=2026-07-17\exchange=NSE\symbol=NESTLEIND\part-083513_321863-039415.parquet,34994,downloaded,34994,
2026-07-17,NSE,NESTLEIND,raw_l2/trade_date=2026-07-17/exchange=NSE/symbol=NESTLEIND/part-083652_828807-039639.parquet,real_data_sample\l2_unseen_validation\trade_date=2026-07-17\exchange=NSE\symbol=NESTLEIND\part-083652_828807-039639.parquet,34512,downloaded,34512,
2026-07-17,NSE,NESTLEIND,raw_l2/trade_date=2026-07-17/exchange=NSE/symbol=NESTLEIND/part-083107_024893-038871.parquet,real_data_sample\l2_unseen_validation\trade_date=2026-07-17\exchange=NSE\symbol=NESTLEIND\part-083107_024893-038871.parquet,35093,downloaded,35093,
2026-07-17,NSE,NESTLEIND,raw_l2/trade_date=2026-07-17/exchange=NSE/symbol=NESTLEIND/part-083638_528712-039607.parquet,real_data_sample\l2_unseen_validation\trade_date=2026-07-17\exchange=NSE\symbol=NESTLEIND\part-083638_528712-039607.parquet,34565,downloaded,34565,
2026-07-17,NSE,NESTLEIND,raw_l2/trade_date=2026-07-17/exchange=NSE/symbol=NESTLEIND/part-083706_900961-039671.parquet,real_data_sample\l2_unseen_validation\trade_date=2026-07-17\exchange=NSE\symbol=NESTLEIND\part-083706_900961-039671.parquet,34758,downloaded,34758,
2026-07-17,NSE,NESTLEIND,raw_l2/trade_date=2026-07-17/exchange=NSE/symbol=NESTLEIND/part-083721_109752-039703.parquet,real_data_sample\l2_unseen_validation\trade_date=2026-07-17\exchange=NSE\symbol=NESTLEIND\part-083721_109752-039703.parquet,34550,downloaded,34550,
2026-07-17,NSE,NESTLEIND,raw_l2/trade_date=2026-07-17/exchange=NSE/symbol=NESTLEIND/part-083803_968427-039799.parquet,real_data_sample\l2_unseen_validation\trade_date=2026-07-17\exchange=NSE\symbol=NESTLEIND\part-083803_968427-039799.parquet,34817,downloaded,34817,
2026-07-17,NSE,NESTLEIND,raw_l2/trade_date=2026-07-17/exchange=NSE/symbol=NESTLEIND/part-083818_147171-039831.parquet,real_data_sample\l2_unseen_validation\trade_date=2026-07-17\exchange=NSE\symbol=NESTLEIND\part-083818_147171-039831.parquet,34884,downloaded,34884,
2026-07-17,NSE,NESTLEIND,raw_l2/trade_date=2026-07-17/exchange=NSE/symbol=NESTLEIND/part-083735_301867-039735.parquet,real_data_sample\l2_unseen_validation\trade_date=2026-07-17\exchange=NSE\symbol=NESTLEIND\part-083735_301867-039735.parquet,34544,downloaded,34544,
2026-07-17,NSE,NESTLEIND,raw_l2/trade_date=2026-07-17/exchange=NSE/symbol=NESTLEIND/part-083846_777626-039895.parquet,real_data_sample\l2_unseen_validation\trade_date=2026-07-17\exchange=NSE\symbol=NESTLEIND\part-083846_777626-039895.parquet,34763,downloaded,34763,
2026-07-17,NSE,NESTLEIND,raw_l2/trade_date=2026-07-17/exchange=NSE/symbol=NESTLEIND/part-083901_192080-039927.parquet,real_data_sample\l2_unseen_validation\trade_date=2026-07-17\exchange=NSE\symbol=NESTLEIND\part-083901_192080-039927.parquet,34567,downloaded,34567,
2026-07-17,NSE,NESTLEIND,raw_l2/trade_date=2026-07-17/exchange=NSE/symbol=NESTLEIND/part-083749_569975-039767.parquet,real_data_sample\l2_unseen_validation\trade_date=2026-07-17\exchange=NSE\symbol=NESTLEIND\part-083749_569975-039767.parquet,34511,downloaded,34511,
2026-07-17,NSE,NESTLEIND,raw_l2/trade_date=2026-07-17/exchange=NSE/symbol=NESTLEIND/part-083944_133473-040023.parquet,real_data_sample\l2_unseen_validation\trade_date=2026-07-17\exchange=NSE\symbol=NESTLEIND\part-083944_133473-040023.parquet,34582,downloaded,34582,
2026-07-17,NSE,NESTLEIND,raw_l2/trade_date=2026-07-17/exchange=NSE/symbol=NESTLEIND/part-083930_000512-039991.parquet,real_data_sample\l2_unseen_validation\trade_date=2026-07-17\exchange=NSE\symbol=NESTLEIND\part-083930_000512-039991.parquet,34610,downloaded,34610,
2026-07-17,NSE,NESTLEIND,raw_l2/trade_date=2026-07-17/exchange=NSE/symbol=NESTLEIND/part-083915_493504-039959.parquet,real_data_sample\l2_unseen_validation\trade_date=2026-07-17\exchange=NSE\symbol=NESTLEIND\part-083915_493504-039959.parquet,34636,downloaded,34636,
2026-07-17,NSE,NESTLEIND,raw_l2/trade_date=2026-07-17/exchange=NSE/symbol=NESTLEIND/part-083958_451704-040055.parquet,real_data_sample\l2_unseen_validation\trade_date=2026-07-17\exchange=NSE\symbol=NESTLEIND\part-083958_451704-040055.parquet,34641,downloaded,34641,
2026-07-17,NSE,NESTLEIND,raw_l2/trade_date=2026-07-17/exchange=NSE/symbol=NESTLEIND/part-084012_839329-040087.parquet,real_data_sample\l2_unseen_validation\trade_date=2026-07-17\exchange=NSE\symbol=NESTLEIND\part-084012_839329-040087.parquet,34441,downloaded,34441,
2026-07-17,NSE,NESTLEIND,raw_l2/trade_date=2026-07-17/exchange=NSE/symbol=NESTLEIND/part-083401_672923-039255.parquet,real_data_sample\l2_unseen_validation\trade_date=2026-07-17\exchange=NSE\symbol=NESTLEIND\part-083401_672923-039255.parquet,34715,downloaded,34715,
2026-07-17,NSE,NESTLEIND,raw_l2/trade_date=2026-07-17/exchange=NSE/symbol=NESTLEIND/part-084041_398303-040151.parquet,real_data_sample\l2_unseen_validation\trade_date=2026-07-17\exchange=NSE\symbol=NESTLEIND\part-084041_398303-040151.parquet,34712,downloaded,34712,
2026-07-17,NSE,NESTLEIND,raw_l2/trade_date=2026-07-17/exchange=NSE/symbol=NESTLEIND/part-084543_547598-040823.parquet,real_data_sample\l2_unseen_validation\trade_date=2026-07-17\exchange=NSE\symbol=NESTLEIND\part-084543_547598-040823.parquet,34535,downloaded,34535,
2026-07-17,NSE,NESTLEIND,raw_l2/trade_date=2026-07-17/exchange=NSE/symbol=NESTLEIND/part-084138_688362-040279.parquet,real_data_sample\l2_unseen_validation\trade_date=2026-07-17\exchange=NSE\symbol=NESTLEIND\part-084138_688362-040279.parquet,34873,downloaded,34873,
2026-07-17,NSE,NESTLEIND,raw_l2/trade_date=2026-07-17/exchange=NSE/symbol=NESTLEIND/part-084153_087361-040311.parquet,real_data_sample\l2_unseen_validation\trade_date=2026-07-17\exchange=NSE\symbol=NESTLEIND\part-084153_087361-040311.parquet,34971,downloaded,34971,
2026-07-17,NSE,NESTLEIND,raw_l2/trade_date=2026-07-17/exchange=NSE/symbol=NESTLEIND/part-084417_094574-040631.parquet,real_data_sample\l2_unseen_validation\trade_date=2026-07-17\exchange=NSE\symbol=NESTLEIND\part-084417_094574-040631.parquet,34783,downloaded,34783,
2026-07-17,NSE,NESTLEIND,raw_l2/trade_date=2026-07-17/exchange=NSE/symbol=NESTLEIND/part-084529_167264-040791.parquet,real_data_sample\l2_unseen_validation\trade_date=2026-07-17\exchange=NSE\symbol=NESTLEIND\part-084529_167264-040791.parquet,34663,downloaded,34663,
2026-07-17,NSE,NESTLEIND,raw_l2/trade_date=2026-07-17/exchange=NSE/symbol=NESTLEIND/part-084348_141652-040567.parquet,real_data_sample\l2_unseen_validation\trade_date=2026-07-17\exchange=NSE\symbol=NESTLEIND\part-084348_141652-040567.parquet,34925,downloaded,34925,
2026-07-17,NSE,NESTLEIND,raw_l2/trade_date=2026-07-17/exchange=NSE/symbol=NESTLEIND/part-084319_242010-040503.parquet,real_data_sample\l2_unseen_validation\trade_date=2026-07-17\exchange=NSE\symbol=NESTLEIND\part-084319_242010-040503.parquet,34743,downloaded,34743,
2026-07-17,NSE,NESTLEIND,raw_l2/trade_date=2026-07-17/exchange=NSE/symbol=NESTLEIND/part-084236_138183-040407.parquet,real_data_sample\l2_unseen_validation\trade_date=2026-07-17\exchange=NSE\symbol=NESTLEIND\part-084236_138183-040407.parquet,34547,downloaded,34547,
2026-07-17,NSE,NESTLEIND,raw_l2/trade_date=2026-07-17/exchange=NSE/symbol=NESTLEIND/part-084304_777793-040471.parquet,real_data_sample\l2_unseen_validation\trade_date=2026-07-17\exchange=NSE\symbol=NESTLEIND\part-084304_777793-040471.parquet,34809,downloaded,34809,
2026-07-17,NSE,NESTLEIND,raw_l2/trade_date=2026-07-17/exchange=NSE/symbol=NESTLEIND/part-084221_868884-040375.parquet,real_data_sample\l2_unseen_validation\trade_date=2026-07-17\exchange=NSE\symbol=NESTLEIND\part-084221_868884-040375.parquet,34784,downloaded,34784,
2026-07-17,NSE,NESTLEIND,raw_l2/trade_date=2026-07-17/exchange=NSE/symbol=NESTLEIND/part-084514_669517-040759.parquet,real_data_sample\l2_unseen_validation\trade_date=2026-07-17\exchange=NSE\symbol=NESTLEIND\part-084514_669517-040759.parquet,35116,downloaded,35116,
2026-07-17,NSE,NESTLEIND,raw_l2/trade_date=2026-07-17/exchange=NSE/symbol=NESTLEIND/part-084500_316438-040727.parquet,real_data_sample\l2_unseen_validation\trade_date=2026-07-17\exchange=NSE\symbol=NESTLEIND\part-084500_316438-040727.parquet,35153,downloaded,35153,
2026-07-17,NSE,NESTLEIND,raw_l2/trade_date=2026-07-17/exchange=NSE/symbol=NESTLEIND/part-084207_405646-040343.parquet,real_data_sample\l2_unseen_validation\trade_date=2026-07-17\exchange=NSE\symbol=NESTLEIND\part-084207_405646-040343.parquet,34730,downloaded,34730,
2026-07-17,NSE,NESTLEIND,raw_l2/trade_date=2026-07-17/exchange=NSE/symbol=NESTLEIND/part-084626_528546-040919.parquet,real_data_sample\l2_unseen_validation\trade_date=2026-07-17\exchange=NSE\symbol=NESTLEIND\part-084626_528546-040919.parquet,36277,downloaded,36277,
2026-07-17,NSE,NESTLEIND,raw_l2/trade_date=2026-07-17/exchange=NSE/symbol=NESTLEIND/part-084640_864266-040951.parquet,real_data_sample\l2_unseen_validation\trade_date=2026-07-17\exchange=NSE\symbol=NESTLEIND\part-084640_864266-040951.parquet,36117,downloaded,36117,
2026-07-17,NSE,NESTLEIND,raw_l2/trade_date=2026-07-17/exchange=NSE/symbol=NESTLEIND/part-084655_113145-040983.parquet,real_data_sample\l2_unseen_validation\trade_date=2026-07-17\exchange=NSE\symbol=NESTLEIND\part-084655_113145-040983.parquet,36156,downloaded,36156,
2026-07-17,NSE,NESTLEIND,raw_l2/trade_date=2026-07-17/exchange=NSE/symbol=NESTLEIND/part-084723_485256-041047.parquet,real_data_sample\l2_unseen_validation\trade_date=2026-07-17\exchange=NSE\symbol=NESTLEIND\part-084723_485256-041047.parquet,36140,downloaded,36140,
2026-07-17,NSE,NESTLEIND,raw_l2/trade_date=2026-07-17/exchange=NSE/symbol=NESTLEIND/part-082535_679118-038135.parquet,real_data_sample\l2_unseen_validation\trade_date=2026-07-17\exchange=NSE\symbol=NESTLEIND\part-082535_679118-038135.parquet,35260,downloaded,35260,
2026-07-17,NSE,NESTLEIND,raw_l2/trade_date=2026-07-17/exchange=NSE/symbol=NESTLEIND/part-084918_807755-041303.parquet,real_data_sample\l2_unseen_validation\trade_date=2026-07-17\exchange=NSE\symbol=NESTLEIND\part-084918_807755-041303.parquet,34785,downloaded,34785,
2026-07-17,NSE,NESTLEIND,raw_l2/trade_date=2026-07-17/exchange=NSE/symbol=NESTLEIND/part-084834_992900-041207.parquet,real_data_sample\l2_unseen_validation\trade_date=2026-07-17\exchange=NSE\symbol=NESTLEIND\part-084834_992900-041207.parquet,34829,downloaded,34829,
2026-07-17,NSE,NESTLEIND,raw_l2/trade_date=2026-07-17/exchange=NSE/symbol=NESTLEIND/part-084806_369127-041143.parquet,real_data_sample\l2_unseen_validation\trade_date=2026-07-17\exchange=NSE\symbol=NESTLEIND\part-084806_369127-041143.parquet,35501,downloaded,35501,
2026-07-17,NSE,NESTLEIND,raw_l2/trade_date=2026-07-17/exchange=NSE/symbol=NESTLEIND/part-084752_059910-041111.parquet,real_data_sample\l2_unseen_validation\trade_date=2026-07-17\exchange=NSE\symbol=NESTLEIND\part-084752_059910-041111.parquet,35327,downloaded,35327,
2026-07-17,NSE,NESTLEIND,raw_l2/trade_date=2026-07-17/exchange=NSE/symbol=NESTLEIND/part-084947_638782-041367.parquet,real_data_sample\l2_unseen_validation\trade_date=2026-07-17\exchange=NSE\symbol=NESTLEIND\part-084947_638782-041367.parquet,34706,downloaded,34706,
2026-07-17,NSE,NESTLEIND,raw_l2/trade_date=2026-07-17/exchange=NSE/symbol=NESTLEIND/part-085045_236851-041495.parquet,real_data_sample\l2_unseen_validation\trade_date=2026-07-17\exchange=NSE\symbol=NESTLEIND\part-085045_236851-041495.parquet,34572,downloaded,34572,
2026-07-17,NSE,NESTLEIND,raw_l2/trade_date=2026-07-17/exchange=NSE/symbol=NESTLEIND/part-084903_928421-041271.parquet,real_data_sample\l2_unseen_validation\trade_date=2026-07-17\exchange=NSE\symbol=NESTLEIND\part-084903_928421-041271.parquet,34672,downloaded,34672,
2026-07-17,NSE,NESTLEIND,raw_l2/trade_date=2026-07-17/exchange=NSE/symbol=NESTLEIND/part-085002_247375-041399.parquet,real_data_sample\l2_unseen_validation\trade_date=2026-07-17\exchange=NSE\symbol=NESTLEIND\part-085002_247375-041399.parquet,34914,downloaded,34914,
2026-07-17,NSE,NESTLEIND,raw_l2/trade_date=2026-07-17/exchange=NSE/symbol=NESTLEIND/part-084737_737000-041079.parquet,real_data_sample\l2_unseen_validation\trade_date=2026-07-17\exchange=NSE\symbol=NESTLEIND\part-084737_737000-041079.parquet,36158,downloaded,36158,
2026-07-17,NSE,NESTLEIND,raw_l2/trade_date=2026-07-17/exchange=NSE/symbol=NESTLEIND/part-085030_935683-041463.parquet,real_data_sample\l2_unseen_validation\trade_date=2026-07-17\exchange=NSE\symbol=NESTLEIND\part-085030_935683-041463.parquet,34944,downloaded,34944,
2026-07-17,NSE,NESTLEIND,raw_l2/trade_date=2026-07-17/exchange=NSE/symbol=NESTLEIND/part-085114_588198-041559.parquet,real_data_sample\l2_unseen_validation\trade_date=2026-07-17\exchange=NSE\symbol=NESTLEIND\part-085114_588198-041559.parquet,34702,downloaded,34702,
2026-07-17,NSE,NESTLEIND,raw_l2/trade_date=2026-07-17/exchange=NSE/symbol=NESTLEIND/part-084820_576527-041175.parquet,real_data_sample\l2_unseen_validation\trade_date=2026-07-17\exchange=NSE\symbol=NESTLEIND\part-084820_576527-041175.parquet,35143,downloaded,35143,
2026-07-17,NSE,NESTLEIND,raw_l2/trade_date=2026-07-17/exchange=NSE/symbol=NESTLEIND/part-085016_674762-041431.parquet,real_data_sample\l2_unseen_validation\trade_date=2026-07-17\exchange=NSE\symbol=NESTLEIND\part-085016_674762-041431.parquet,34626,downloaded,34626,
2026-07-17,NSE,NESTLEIND,raw_l2/trade_date=2026-07-17/exchange=NSE/symbol=NESTLEIND/part-085059_733045-041527.parquet,real_data_sample\l2_unseen_validation\trade_date=2026-07-17\exchange=NSE\symbol=NESTLEIND\part-085059_733045-041527.parquet,34668,downloaded,34668,
2026-07-17,NSE,NESTLEIND,raw_l2/trade_date=2026-07-17/exchange=NSE/symbol=NESTLEIND/part-084933_137034-041335.parquet,real_data_sample\l2_unseen_validation\trade_date=2026-07-17\exchange=NSE\symbol=NESTLEIND\part-084933_137034-041335.parquet,34759,downloaded,34759,
2026-07-17,NSE,NESTLEIND,raw_l2/trade_date=2026-07-17/exchange=NSE/symbol=NESTLEIND/part-084849_477487-041239.parquet,real_data_sample\l2_unseen_validation\trade_date=2026-07-17\exchange=NSE\symbol=NESTLEIND\part-084849_477487-041239.parquet,34620,downloaded,34620,
2026-07-17,NSE,NESTLEIND,raw_l2/trade_date=2026-07-17/exchange=NSE/symbol=NESTLEIND/part-085128_886698-041591.parquet,real_data_sample\l2_unseen_validation\trade_date=2026-07-17\exchange=NSE\symbol=NESTLEIND\part-085128_886698-041591.parquet,34616,downloaded,34616,
2026-07-17,NSE,NESTLEIND,raw_l2/trade_date=2026-07-17/exchange=NSE/symbol=NESTLEIND/part-085311_724331-041815.parquet,real_data_sample\l2_unseen_validation\trade_date=2026-07-17\exchange=NSE\symbol=NESTLEIND\part-085311_724331-041815.parquet,34754,downloaded,34754,
2026-07-17,NSE,NESTLEIND,raw_l2/trade_date=2026-07-17/exchange=NSE/symbol=NESTLEIND/part-084709_313167-041015.parquet,real_data_sample\l2_unseen_validation\trade_date=2026-07-17\exchange=NSE\symbol=NESTLEIND\part-084709_313167-041015.parquet,36237,downloaded,36237,
2026-07-17,NSE,NESTLEIND,raw_l2/trade_date=2026-07-17/exchange=NSE/symbol=NESTLEIND/part-085507_438169-042071.parquet,real_data_sample\l2_unseen_validation\trade_date=2026-07-17\exchange=NSE\symbol=NESTLEIND\part-085507_438169-042071.parquet,34789,downloaded,34789,
2026-07-17,NSE,NESTLEIND,raw_l2/trade_date=2026-07-17/exchange=NSE/symbol=NESTLEIND/part-085326_716128-041847.parquet,real_data_sample\l2_unseen_validation\trade_date=2026-07-17\exchange=NSE\symbol=NESTLEIND\part-085326_716128-041847.parquet,34711,downloaded,34711,
2026-07-17,NSE,NESTLEIND,raw_l2/trade_date=2026-07-17/exchange=NSE/symbol=NESTLEIND/part-085355_781109-041911.parquet,real_data_sample\l2_unseen_validation\trade_date=2026-07-17\exchange=NSE\symbol=NESTLEIND\part-085355_781109-041911.parquet,34815,downloaded,34815,
2026-07-17,NSE,NESTLEIND,raw_l2/trade_date=2026-07-17/exchange=NSE/symbol=NESTLEIND/part-085341_656035-041879.parquet,real_data_sample\l2_unseen_validation\trade_date=2026-07-17\exchange=NSE\symbol=NESTLEIND\part-085341_656035-041879.parquet,34879,downloaded,34879,
2026-07-17,NSE,NESTLEIND,raw_l2/trade_date=2026-07-17/exchange=NSE/symbol=NESTLEIND/part-085256_707024-041783.parquet,real_data_sample\l2_unseen_validation\trade_date=2026-07-17\exchange=NSE\symbol=NESTLEIND\part-085256_707024-041783.parquet,34736,downloaded,34736,
2026-07-17,NSE,NESTLEIND,raw_l2/trade_date=2026-07-17/exchange=NSE/symbol=NESTLEIND/part-085424_251942-041975.parquet,real_data_sample\l2_unseen_validation\trade_date=2026-07-17\exchange=NSE\symbol=NESTLEIND\part-085424_251942-041975.parquet,34655,downloaded,34655,
2026-07-17,NSE,NESTLEIND,raw_l2/trade_date=2026-07-17/exchange=NSE/symbol=NESTLEIND/part-085453_051523-042039.parquet,real_data_sample\l2_unseen_validation\trade_date=2026-07-17\exchange=NSE\symbol=NESTLEIND\part-085453_051523-042039.parquet,34651,downloaded,34651,
2026-07-17,NSE,NESTLEIND,raw_l2/trade_date=2026-07-17/exchange=NSE/symbol=NESTLEIND/part-085521_543919-042103.parquet,real_data_sample\l2_unseen_validation\trade_date=2026-07-17\exchange=NSE\symbol=NESTLEIND\part-085521_543919-042103.parquet,34732,downloaded,34732,
2026-07-17,NSE,NESTLEIND,raw_l2/trade_date=2026-07-17/exchange=NSE/symbol=NESTLEIND/part-085535_872873-042135.parquet,real_data_sample\l2_unseen_validation\trade_date=2026-07-17\exchange=NSE\symbol=NESTLEIND\part-085535_872873-042135.parquet,34561,downloaded,34561,
2026-07-17,NSE,NESTLEIND,raw_l2/trade_date=2026-07-17/exchange=NSE/symbol=NESTLEIND/part-085212_422339-041687.parquet,real_data_sample\l2_unseen_validation\trade_date=2026-07-17\exchange=NSE\symbol=NESTLEIND\part-085212_422339-041687.parquet,34858,downloaded,34858,
2026-07-17,NSE,NESTLEIND,raw_l2/trade_date=2026-07-17/exchange=NSE/symbol=NESTLEIND/part-085157_829019-041655.parquet,real_data_sample\l2_unseen_validation\trade_date=2026-07-17\exchange=NSE\symbol=NESTLEIND\part-085157_829019-041655.parquet,34444,downloaded,34444,
2026-07-17,NSE,NESTLEIND,raw_l2/trade_date=2026-07-17/exchange=NSE/symbol=NESTLEIND/part-085227_240736-041719.parquet,real_data_sample\l2_unseen_validation\trade_date=2026-07-17\exchange=NSE\symbol=NESTLEIND\part-085227_240736-041719.parquet,34843,downloaded,34843,
2026-07-17,NSE,NESTLEIND,raw_l2/trade_date=2026-07-17/exchange=NSE/symbol=NESTLEIND/part-085241_749732-041751.parquet,real_data_sample\l2_unseen_validation\trade_date=2026-07-17\exchange=NSE\symbol=NESTLEIND\part-085241_749732-041751.parquet,34681,downloaded,34681,
2026-07-17,NSE,NESTLEIND,raw_l2/trade_date=2026-07-17/exchange=NSE/symbol=NESTLEIND/part-085410_094463-041943.parquet,real_data_sample\l2_unseen_validation\trade_date=2026-07-17\exchange=NSE\symbol=NESTLEIND\part-085410_094463-041943.parquet,34698,downloaded,34698,
2026-07-17,NSE,NESTLEIND,raw_l2/trade_date=2026-07-17/exchange=NSE/symbol=NESTLEIND/part-085438_729947-042007.parquet,real_data_sample\l2_unseen_validation\trade_date=2026-07-17\exchange=NSE\symbol=NESTLEIND\part-085438_729947-042007.parquet,34735,downloaded,34735,
2026-07-17,NSE,NESTLEIND,raw_l2/trade_date=2026-07-17/exchange=NSE/symbol=NESTLEIND/part-085550_074381-042167.parquet,real_data_sample\l2_unseen_validation\trade_date=2026-07-17\exchange=NSE\symbol=NESTLEIND\part-085550_074381-042167.parquet,34793,downloaded,34793,
2026-07-17,NSE,NESTLEIND,raw_l2/trade_date=2026-07-17/exchange=NSE/symbol=NESTLEIND/part-085604_147442-042199.parquet,real_data_sample\l2_unseen_validation\trade_date=2026-07-17\exchange=NSE\symbol=NESTLEIND\part-085604_147442-042199.parquet,34756,downloaded,34756,
2026-07-17,NSE,NESTLEIND,raw_l2/trade_date=2026-07-17/exchange=NSE/symbol=NESTLEIND/part-085647_014164-042295.parquet,real_data_sample\l2_unseen_validation\trade_date=2026-07-17\exchange=NSE\symbol=NESTLEIND\part-085647_014164-042295.parquet,34672,downloaded,34672,
2026-07-17,NSE,NESTLEIND,raw_l2/trade_date=2026-07-17/exchange=NSE/symbol=NESTLEIND/part-085715_307041-042359.parquet,real_data_sample\l2_unseen_validation\trade_date=2026-07-17\exchange=NSE\symbol=NESTLEIND\part-085715_307041-042359.parquet,34769,downloaded,34769,
2026-07-17,NSE,NESTLEIND,raw_l2/trade_date=2026-07-17/exchange=NSE/symbol=NESTLEIND/part-085729_469593-042391.parquet,real_data_sample\l2_unseen_validation\trade_date=2026-07-17\exchange=NSE\symbol=NESTLEIND\part-085729_469593-042391.parquet,34629,downloaded,34629,
2026-07-17,NSE,NESTLEIND,raw_l2/trade_date=2026-07-17/exchange=NSE/symbol=NESTLEIND/part-085701_068052-042327.parquet,real_data_sample\l2_unseen_validation\trade_date=2026-07-17\exchange=NSE\symbol=NESTLEIND\part-085701_068052-042327.parquet,34800,downloaded,34800,
2026-07-17,NSE,NESTLEIND,raw_l2/trade_date=2026-07-17/exchange=NSE/symbol=NESTLEIND/part-085743_927880-042423.parquet,real_data_sample\l2_unseen_validation\trade_date=2026-07-17\exchange=NSE\symbol=NESTLEIND\part-085743_927880-042423.parquet,34629,downloaded,34629,
2026-07-17,NSE,NESTLEIND,raw_l2/trade_date=2026-07-17/exchange=NSE/symbol=NESTLEIND/part-085632_579208-042263.parquet,real_data_sample\l2_unseen_validation\trade_date=2026-07-17\exchange=NSE\symbol=NESTLEIND\part-085632_579208-042263.parquet,34691,downloaded,34691,
2026-07-17,NSE,NESTLEIND,raw_l2/trade_date=2026-07-17/exchange=NSE/symbol=NESTLEIND/part-085910_698166-042615.parquet,real_data_sample\l2_unseen_validation\trade_date=2026-07-17\exchange=NSE\symbol=NESTLEIND\part-085910_698166-042615.parquet,34741,downloaded,34741,
2026-07-17,NSE,NESTLEIND,raw_l2/trade_date=2026-07-17/exchange=NSE/symbol=NESTLEIND/part-085841_666587-042551.parquet,real_data_sample\l2_unseen_validation\trade_date=2026-07-17\exchange=NSE\symbol=NESTLEIND\part-085841_666587-042551.parquet,34527,downloaded,34527,
2026-07-17,NSE,NESTLEIND,raw_l2/trade_date=2026-07-17/exchange=NSE/symbol=NESTLEIND/part-085827_251436-042519.parquet,real_data_sample\l2_unseen_validation\trade_date=2026-07-17\exchange=NSE\symbol=NESTLEIND\part-085827_251436-042519.parquet,34637,downloaded,34637,
2026-07-17,NSE,NESTLEIND,raw_l2/trade_date=2026-07-17/exchange=NSE/symbol=NESTLEIND/part-085758_410883-042455.parquet,real_data_sample\l2_unseen_validation\trade_date=2026-07-17\exchange=NSE\symbol=NESTLEIND\part-085758_410883-042455.parquet,34533,downloaded,34533,
2026-07-17,NSE,NESTLEIND,raw_l2/trade_date=2026-07-17/exchange=NSE/symbol=NESTLEIND/part-085954_870468-042711.parquet,real_data_sample\l2_unseen_validation\trade_date=2026-07-17\exchange=NSE\symbol=NESTLEIND\part-085954_870468-042711.parquet,34729,downloaded,34729,
2026-07-17,NSE,NESTLEIND,raw_l2/trade_date=2026-07-17/exchange=NSE/symbol=NESTLEIND/part-085812_828813-042487.parquet,real_data_sample\l2_unseen_validation\trade_date=2026-07-17\exchange=NSE\symbol=NESTLEIND\part-085812_828813-042487.parquet,34642,downloaded,34642,
2026-07-17,NSE,NESTLEIND,raw_l2/trade_date=2026-07-17/exchange=NSE/symbol=NESTLEIND/part-085856_198585-042583.parquet,real_data_sample\l2_unseen_validation\trade_date=2026-07-17\exchange=NSE\symbol=NESTLEIND\part-085856_198585-042583.parquet,34608,downloaded,34608,
2026-07-17,NSE,NESTLEIND,raw_l2/trade_date=2026-07-17/exchange=NSE/symbol=NESTLEIND/part-085940_122588-042679.parquet,real_data_sample\l2_unseen_validation\trade_date=2026-07-17\exchange=NSE\symbol=NESTLEIND\part-085940_122588-042679.parquet,34674,downloaded,34674,
2026-07-17,NSE,NESTLEIND,raw_l2/trade_date=2026-07-17/exchange=NSE/symbol=NESTLEIND/part-085925_514319-042647.parquet,real_data_sample\l2_unseen_validation\trade_date=2026-07-17\exchange=NSE\symbol=NESTLEIND\part-085925_514319-042647.parquet,34912,downloaded,34912,
2026-07-17,NSE,NESTLEIND,raw_l2/trade_date=2026-07-17/exchange=NSE/symbol=NESTLEIND/part-090009_327786-042743.parquet,real_data_sample\l2_unseen_validation\trade_date=2026-07-17\exchange=NSE\symbol=NESTLEIND\part-090009_327786-042743.parquet,34885,downloaded,34885,
2026-07-17,NSE,NESTLEIND,raw_l2/trade_date=2026-07-17/exchange=NSE/symbol=NESTLEIND/part-090023_629614-042775.parquet,real_data_sample\l2_unseen_validation\trade_date=2026-07-17\exchange=NSE\symbol=NESTLEIND\part-090023_629614-042775.parquet,34727,downloaded,34727,
2026-07-17,NSE,NESTLEIND,raw_l2/trade_date=2026-07-17/exchange=NSE/symbol=NESTLEIND/part-090038_052660-042807.parquet,real_data_sample\l2_unseen_validation\trade_date=2026-07-17\exchange=NSE\symbol=NESTLEIND\part-090038_052660-042807.parquet,34775,downloaded,34775,
2026-07-17,NSE,NESTLEIND,raw_l2/trade_date=2026-07-17/exchange=NSE/symbol=NESTLEIND/part-085618_250861-042231.parquet,real_data_sample\l2_unseen_validation\trade_date=2026-07-17\exchange=NSE\symbol=NESTLEIND\part-085618_250861-042231.parquet,34802,downloaded,34802,
2026-07-17,NSE,NESTLEIND,raw_l2/trade_date=2026-07-17/exchange=NSE/symbol=NESTLEIND/part-085143_331867-041623.parquet,real_data_sample\l2_unseen_validation\trade_date=2026-07-17\exchange=NSE\symbol=NESTLEIND\part-085143_331867-041623.parquet,34726,downloaded,34726,
2026-07-17,NSE,NESTLEIND,raw_l2/trade_date=2026-07-17/exchange=NSE/symbol=NESTLEIND/part-090136_173703-042935.parquet,real_data_sample\l2_unseen_validation\trade_date=2026-07-17\exchange=NSE\symbol=NESTLEIND\part-090136_173703-042935.parquet,34451,downloaded,34451,
2026-07-17,NSE,NESTLEIND,raw_l2/trade_date=2026-07-17/exchange=NSE/symbol=NESTLEIND/part-090150_618656-042967.parquet,real_data_sample\l2_unseen_validation\trade_date=2026-07-17\exchange=NSE\symbol=NESTLEIND\part-090150_618656-042967.parquet,34450,downloaded,34450,
2026-07-17,NSE,NESTLEIND,raw_l2/trade_date=2026-07-17/exchange=NSE/symbol=NESTLEIND/part-090219_001953-043031.parquet,real_data_sample\l2_unseen_validation\trade_date=2026-07-17\exchange=NSE\symbol=NESTLEIND\part-090219_001953-043031.parquet,34420,downloaded,34420,
2026-07-17,NSE,NESTLEIND,raw_l2/trade_date=2026-07-17/exchange=NSE/symbol=NESTLEIND/part-090052_695266-042839.parquet,real_data_sample\l2_unseen_validation\trade_date=2026-07-17\exchange=NSE\symbol=NESTLEIND\part-090052_695266-042839.parquet,34623,downloaded,34623,
2026-07-17,NSE,NESTLEIND,raw_l2/trade_date=2026-07-17/exchange=NSE/symbol=NESTLEIND/part-090204_852535-042999.parquet,real_data_sample\l2_unseen_validation\trade_date=2026-07-17\exchange=NSE\symbol=NESTLEIND\part-090204_852535-042999.parquet,34574,downloaded,34574,
2026-07-17,NSE,NESTLEIND,raw_l2/trade_date=2026-07-17/exchange=NSE/symbol=NESTLEIND/part-090121_790320-042903.parquet,real_data_sample\l2_unseen_validation\trade_date=2026-07-17\exchange=NSE\symbol=NESTLEIND\part-090121_790320-042903.parquet,34460,downloaded,34460,
2026-07-17,NSE,NESTLEIND,raw_l2/trade_date=2026-07-17/exchange=NSE/symbol=NESTLEIND/part-090107_253353-042871.parquet,real_data_sample\l2_unseen_validation\trade_date=2026-07-17\exchange=NSE\symbol=NESTLEIND\part-090107_253353-042871.parquet,34616,downloaded,34616,
2026-07-17,NSE,NESTLEIND,raw_l2/trade_date=2026-07-17/exchange=NSE/symbol=NESTLEIND/part-081441_264809-036663.parquet,real_data_sample\l2_unseen_validation\trade_date=2026-07-17\exchange=NSE\symbol=NESTLEIND\part-081441_264809-036663.parquet,34624,downloaded,34624,
2026-07-17,NSE,NESTLEIND,raw_l2/trade_date=2026-07-17/exchange=NSE/symbol=NESTLEIND/part-090233_406087-043063.parquet,real_data_sample\l2_unseen_validation\trade_date=2026-07-17\exchange=NSE\symbol=NESTLEIND\part-090233_406087-043063.parquet,34429,downloaded,34429,
2026-07-17,NSE,NESTLEIND,raw_l2/trade_date=2026-07-17/exchange=NSE/symbol=NESTLEIND/part-090247_926191-043095.parquet,real_data_sample\l2_unseen_validation\trade_date=2026-07-17\exchange=NSE\symbol=NESTLEIND\part-090247_926191-043095.parquet,34471,downloaded,34471,
2026-07-17,NSE,NESTLEIND,raw_l2/trade_date=2026-07-17/exchange=NSE/symbol=NESTLEIND/part-090415_046631-043287.parquet,real_data_sample\l2_unseen_validation\trade_date=2026-07-17\exchange=NSE\symbol=NESTLEIND\part-090415_046631-043287.parquet,34577,downloaded,34577,
2026-07-17,NSE,NESTLEIND,raw_l2/trade_date=2026-07-17/exchange=NSE/symbol=NESTLEIND/part-090346_212672-043223.parquet,real_data_sample\l2_unseen_validation\trade_date=2026-07-17\exchange=NSE\symbol=NESTLEIND\part-090346_212672-043223.parquet,34819,downloaded,34819,
2026-07-17,NSE,NESTLEIND,raw_l2/trade_date=2026-07-17/exchange=NSE/symbol=NESTLEIND/part-090302_298756-043127.parquet,real_data_sample\l2_unseen_validation\trade_date=2026-07-17\exchange=NSE\symbol=NESTLEIND\part-090302_298756-043127.parquet,34507,downloaded,34507,
2026-07-17,NSE,NESTLEIND,raw_l2/trade_date=2026-07-17/exchange=NSE/symbol=NESTLEIND/part-090331_296464-043191.parquet,real_data_sample\l2_unseen_validation\trade_date=2026-07-17\exchange=NSE\symbol=NESTLEIND\part-090331_296464-043191.parquet,34692,downloaded,34692,
2026-07-17,NSE,NESTLEIND,raw_l2/trade_date=2026-07-17/exchange=NSE/symbol=NESTLEIND/part-090400_847617-043255.parquet,real_data_sample\l2_unseen_validation\trade_date=2026-07-17\exchange=NSE\symbol=NESTLEIND\part-090400_847617-043255.parquet,34685,downloaded,34685,
2026-07-17,NSE,NESTLEIND,raw_l2/trade_date=2026-07-17/exchange=NSE/symbol=NESTLEIND/part-084250_634398-040439.parquet,real_data_sample\l2_unseen_validation\trade_date=2026-07-17\exchange=NSE\symbol=NESTLEIND\part-084250_634398-040439.parquet,34818,downloaded,34818,
2026-07-17,NSE,NESTLEIND,raw_l2/trade_date=2026-07-17/exchange=NSE/symbol=NESTLEIND/part-090316_684459-043159.parquet,real_data_sample\l2_unseen_validation\trade_date=2026-07-17\exchange=NSE\symbol=NESTLEIND\part-090316_684459-043159.parquet,34467,downloaded,34467,
2026-07-17,NSE,NESTLEIND,raw_l2/trade_date=2026-07-17/exchange=NSE/symbol=NESTLEIND/part-090429_536512-043319.parquet,real_data_sample\l2_unseen_validation\trade_date=2026-07-17\exchange=NSE\symbol=NESTLEIND\part-090429_536512-043319.parquet,34433,downloaded,34433,
2026-07-17,NSE,NESTLEIND,raw_l2/trade_date=2026-07-17/exchange=NSE/symbol=NESTLEIND/part-083832_566074-039863.parquet,real_data_sample\l2_unseen_validation\trade_date=2026-07-17\exchange=NSE\symbol=NESTLEIND\part-083832_566074-039863.parquet,34626,downloaded,34626,
2026-07-17,NSE,NESTLEIND,raw_l2/trade_date=2026-07-17/exchange=NSE/symbol=NESTLEIND/part-090528_129012-043447.parquet,real_data_sample\l2_unseen_validation\trade_date=2026-07-17\exchange=NSE\symbol=NESTLEIND\part-090528_129012-043447.parquet,34502,downloaded,34502,
2026-07-17,NSE,NESTLEIND,raw_l2/trade_date=2026-07-17/exchange=NSE/symbol=NESTLEIND/part-090542_577814-043479.parquet,real_data_sample\l2_unseen_validation\trade_date=2026-07-17\exchange=NSE\symbol=NESTLEIND\part-090542_577814-043479.parquet,34439,downloaded,34439,
2026-07-17,NSE,NESTLEIND,raw_l2/trade_date=2026-07-17/exchange=NSE/symbol=NESTLEIND/part-090444_336694-043351.parquet,real_data_sample\l2_unseen_validation\trade_date=2026-07-17\exchange=NSE\symbol=NESTLEIND\part-090444_336694-043351.parquet,34395,downloaded,34395,
2026-07-17,NSE,NESTLEIND,raw_l2/trade_date=2026-07-17/exchange=NSE/symbol=NESTLEIND/part-090625_698295-043575.parquet,real_data_sample\l2_unseen_validation\trade_date=2026-07-17\exchange=NSE\symbol=NESTLEIND\part-090625_698295-043575.parquet,34639,downloaded,34639,
2026-07-17,NSE,NESTLEIND,raw_l2/trade_date=2026-07-17/exchange=NSE/symbol=NESTLEIND/part-090611_157613-043543.parquet,real_data_sample\l2_unseen_validation\trade_date=2026-07-17\exchange=NSE\symbol=NESTLEIND\part-090611_157613-043543.parquet,34506,downloaded,34506,
2026-07-17,NSE,NESTLEIND,raw_l2/trade_date=2026-07-17/exchange=NSE/symbol=NESTLEIND/part-090640_157658-043607.parquet,real_data_sample\l2_unseen_validation\trade_date=2026-07-17\exchange=NSE\symbol=NESTLEIND\part-090640_157658-043607.parquet,34593,downloaded,34593,
2026-07-17,NSE,NESTLEIND,raw_l2/trade_date=2026-07-17/exchange=NSE/symbol=NESTLEIND/part-090556_776460-043511.parquet,real_data_sample\l2_unseen_validation\trade_date=2026-07-17\exchange=NSE\symbol=NESTLEIND\part-090556_776460-043511.parquet,34465,downloaded,34465,
2026-07-17,NSE,NESTLEIND,raw_l2/trade_date=2026-07-17/exchange=NSE/symbol=NESTLEIND/part-090654_624986-043639.parquet,real_data_sample\l2_unseen_validation\trade_date=2026-07-17\exchange=NSE\symbol=NESTLEIND\part-090654_624986-043639.parquet,34808,downloaded,34808,
2026-07-17,NSE,NESTLEIND,raw_l2/trade_date=2026-07-17/exchange=NSE/symbol=NESTLEIND/part-090752_146464-043767.parquet,real_data_sample\l2_unseen_validation\trade_date=2026-07-17\exchange=NSE\symbol=NESTLEIND\part-090752_146464-043767.parquet,34709,downloaded,34709,
2026-07-17,NSE,NESTLEIND,raw_l2/trade_date=2026-07-17/exchange=NSE/symbol=NESTLEIND/part-090737_800881-043735.parquet,real_data_sample\l2_unseen_validation\trade_date=2026-07-17\exchange=NSE\symbol=NESTLEIND\part-090737_800881-043735.parquet,34874,downloaded,34874,
2026-07-17,NSE,NESTLEIND,raw_l2/trade_date=2026-07-17/exchange=NSE/symbol=NESTLEIND/part-090836_155699-043863.parquet,real_data_sample\l2_unseen_validation\trade_date=2026-07-17\exchange=NSE\symbol=NESTLEIND\part-090836_155699-043863.parquet,34582,downloaded,34582,
2026-07-17,NSE,NESTLEIND,raw_l2/trade_date=2026-07-17/exchange=NSE/symbol=NESTLEIND/part-090723_562030-043703.parquet,real_data_sample\l2_unseen_validation\trade_date=2026-07-17\exchange=NSE\symbol=NESTLEIND\part-090723_562030-043703.parquet,34689,downloaded,34689,
2026-07-17,NSE,NESTLEIND,raw_l2/trade_date=2026-07-17/exchange=NSE/symbol=NESTLEIND/part-090850_718411-043895.parquet,real_data_sample\l2_unseen_validation\trade_date=2026-07-17\exchange=NSE\symbol=NESTLEIND\part-090850_718411-043895.parquet,34643,downloaded,34643,
2026-07-17,NSE,NESTLEIND,raw_l2/trade_date=2026-07-17/exchange=NSE/symbol=NESTLEIND/part-084402_682782-040599.parquet,real_data_sample\l2_unseen_validation\trade_date=2026-07-17\exchange=NSE\symbol=NESTLEIND\part-084402_682782-040599.parquet,34590,downloaded,34590,
2026-07-17,NSE,NESTLEIND,raw_l2/trade_date=2026-07-17/exchange=NSE/symbol=NESTLEIND/part-090935_362490-043991.parquet,real_data_sample\l2_unseen_validation\trade_date=2026-07-17\exchange=NSE\symbol=NESTLEIND\part-090935_362490-043991.parquet,34708,downloaded,34708,
2026-07-17,NSE,NESTLEIND,raw_l2/trade_date=2026-07-17/exchange=NSE/symbol=NESTLEIND/part-090807_034059-043799.parquet,real_data_sample\l2_unseen_validation\trade_date=2026-07-17\exchange=NSE\symbol=NESTLEIND\part-090807_034059-043799.parquet,34668,downloaded,34668,
2026-07-17,NSE,NESTLEIND,raw_l2/trade_date=2026-07-17/exchange=NSE/symbol=NESTLEIND/part-090821_437924-043831.parquet,real_data_sample\l2_unseen_validation\trade_date=2026-07-17\exchange=NSE\symbol=NESTLEIND\part-090821_437924-043831.parquet,34681,downloaded,34681,
2026-07-17,NSE,NESTLEIND,raw_l2/trade_date=2026-07-17/exchange=NSE/symbol=NESTLEIND/part-090905_654329-043927.parquet,real_data_sample\l2_unseen_validation\trade_date=2026-07-17\exchange=NSE\symbol=NESTLEIND\part-090905_654329-043927.parquet,34739,downloaded,34739,
2026-07-17,NSE,NESTLEIND,raw_l2/trade_date=2026-07-17/exchange=NSE/symbol=NESTLEIND/part-090920_823550-043959.parquet,real_data_sample\l2_unseen_validation\trade_date=2026-07-17\exchange=NSE\symbol=NESTLEIND\part-090920_823550-043959.parquet,34710,downloaded,34710,
2026-07-17,NSE,NESTLEIND,raw_l2/trade_date=2026-07-17/exchange=NSE/symbol=NESTLEIND/part-091020_223911-044087.parquet,real_data_sample\l2_unseen_validation\trade_date=2026-07-17\exchange=NSE\symbol=NESTLEIND\part-091020_223911-044087.parquet,34740,downloaded,34740,
2026-07-17,NSE,NESTLEIND,raw_l2/trade_date=2026-07-17/exchange=NSE/symbol=NESTLEIND/part-084445_870394-040695.parquet,real_data_sample\l2_unseen_validation\trade_date=2026-07-17\exchange=NSE\symbol=NESTLEIND\part-084445_870394-040695.parquet,34901,downloaded,34901,
2026-07-17,NSE,NESTLEIND,raw_l2/trade_date=2026-07-17/exchange=NSE/symbol=NESTLEIND/part-084557_779197-040855.parquet,real_data_sample\l2_unseen_validation\trade_date=2026-07-17\exchange=NSE\symbol=NESTLEIND\part-084557_779197-040855.parquet,34772,downloaded,34772,
2026-07-17,NSE,NESTLEIND,raw_l2/trade_date=2026-07-17/exchange=NSE/symbol=NESTLEIND/part-084431_589680-040663.parquet,real_data_sample\l2_unseen_validation\trade_date=2026-07-17\exchange=NSE\symbol=NESTLEIND\part-084431_589680-040663.parquet,35434,downloaded,35434,
2026-07-17,NSE,NESTLEIND,raw_l2/trade_date=2026-07-17/exchange=NSE/symbol=NESTLEIND/part-091005_931535-044055.parquet,real_data_sample\l2_unseen_validation\trade_date=2026-07-17\exchange=NSE\symbol=NESTLEIND\part-091005_931535-044055.parquet,34634,downloaded,34634,
2026-07-17,NSE,NESTLEIND,raw_l2/trade_date=2026-07-17/exchange=NSE/symbol=NESTLEIND/part-084333_726176-040535.parquet,real_data_sample\l2_unseen_validation\trade_date=2026-07-17\exchange=NSE\symbol=NESTLEIND\part-084333_726176-040535.parquet,35076,downloaded,35076,
2026-07-17,NSE,NESTLEIND,raw_l2/trade_date=2026-07-17/exchange=NSE/symbol=NESTLEIND/part-084026_976782-040119.parquet,real_data_sample\l2_unseen_validation\trade_date=2026-07-17\exchange=NSE\symbol=NESTLEIND\part-084026_976782-040119.parquet,34764,downloaded,34764,
2026-07-17,NSE,NESTLEIND,raw_l2/trade_date=2026-07-17/exchange=NSE/symbol=NESTLEIND/part-084612_332923-040887.parquet,real_data_sample\l2_unseen_validation\trade_date=2026-07-17\exchange=NSE\symbol=NESTLEIND\part-084612_332923-040887.parquet,34508,downloaded,34508,
2026-07-17,NSE,NESTLEIND,raw_l2/trade_date=2026-07-17/exchange=NSE/symbol=NESTLEIND/part-091133_859677-044247.parquet,real_data_sample\l2_unseen_validation\trade_date=2026-07-17\exchange=NSE\symbol=NESTLEIND\part-091133_859677-044247.parquet,34785,downloaded,34785,
2026-07-17,NSE,NESTLEIND,raw_l2/trade_date=2026-07-17/exchange=NSE/symbol=NESTLEIND/part-091034_931209-044119.parquet,real_data_sample\l2_unseen_validation\trade_date=2026-07-17\exchange=NSE\symbol=NESTLEIND\part-091034_931209-044119.parquet,34760,downloaded,34760,
2026-07-17,NSE,NESTLEIND,raw_l2/trade_date=2026-07-17/exchange=NSE/symbol=NESTLEIND/part-091148_228644-044279.parquet,real_data_sample\l2_unseen_validation\trade_date=2026-07-17\exchange=NSE\symbol=NESTLEIND\part-091148_228644-044279.parquet,34666,downloaded,34666,
2026-07-17,NSE,NESTLEIND,raw_l2/trade_date=2026-07-17/exchange=NSE/symbol=NESTLEIND/part-091049_579568-044151.parquet,real_data_sample\l2_unseen_validation\trade_date=2026-07-17\exchange=NSE\symbol=NESTLEIND\part-091049_579568-044151.parquet,34514,downloaded,34514,
2026-07-17,NSE,NESTLEIND,raw_l2/trade_date=2026-07-17/exchange=NSE/symbol=NESTLEIND/part-090459_080467-043383.parquet,real_data_sample\l2_unseen_validation\trade_date=2026-07-17\exchange=NSE\symbol=NESTLEIND\part-090459_080467-043383.parquet,34567,downloaded,34567,
2026-07-17,NSE,NESTLEIND,raw_l2/trade_date=2026-07-17/exchange=NSE/symbol=NESTLEIND/part-091119_037071-044215.parquet,real_data_sample\l2_unseen_validation\trade_date=2026-07-17\exchange=NSE\symbol=NESTLEIND\part-091119_037071-044215.parquet,34632,downloaded,34632,
2026-07-17,NSE,NESTLEIND,raw_l2/trade_date=2026-07-17/exchange=NSE/symbol=NESTLEIND/part-091104_132424-044183.parquet,real_data_sample\l2_unseen_validation\trade_date=2026-07-17\exchange=NSE\symbol=NESTLEIND\part-091104_132424-044183.parquet,34671,downloaded,34671,
2026-07-17,NSE,NESTLEIND,raw_l2/trade_date=2026-07-17/exchange=NSE/symbol=NESTLEIND/part-084055_977739-040183.parquet,real_data_sample\l2_unseen_validation\trade_date=2026-07-17\exchange=NSE\symbol=NESTLEIND\part-084055_977739-040183.parquet,34597,downloaded,34597,
2026-07-17,NSE,NESTLEIND,raw_l2/trade_date=2026-07-17/exchange=NSE/symbol=NESTLEIND/part-084109_980545-040215.parquet,real_data_sample\l2_unseen_validation\trade_date=2026-07-17\exchange=NSE\symbol=NESTLEIND\part-084109_980545-040215.parquet,34629,downloaded,34629,
2026-07-17,NSE,NESTLEIND,raw_l2/trade_date=2026-07-17/exchange=NSE/symbol=NESTLEIND/part-091202_853255-044311.parquet,real_data_sample\l2_unseen_validation\trade_date=2026-07-17\exchange=NSE\symbol=NESTLEIND\part-091202_853255-044311.parquet,34700,downloaded,34700,
2026-07-17,NSE,NESTLEIND,raw_l2/trade_date=2026-07-17/exchange=NSE/symbol=NESTLEIND/part-084124_244928-040247.parquet,real_data_sample\l2_unseen_validation\trade_date=2026-07-17\exchange=NSE\symbol=NESTLEIND\part-084124_244928-040247.parquet,34799,downloaded,34799,
2026-07-17,NSE,NESTLEIND,raw_l2/trade_date=2026-07-17/exchange=NSE/symbol=NESTLEIND/part-091233_556472-044375.parquet,real_data_sample\l2_unseen_validation\trade_date=2026-07-17\exchange=NSE\symbol=NESTLEIND\part-091233_556472-044375.parquet,34654,downloaded,34654,
2026-07-17,NSE,NESTLEIND,raw_l2/trade_date=2026-07-17/exchange=NSE/symbol=NESTLEIND/part-091248_158038-044407.parquet,real_data_sample\l2_unseen_validation\trade_date=2026-07-17\exchange=NSE\symbol=NESTLEIND\part-091248_158038-044407.parquet,34816,downloaded,34816,
2026-07-17,NSE,NESTLEIND,raw_l2/trade_date=2026-07-17/exchange=NSE/symbol=NESTLEIND/part-091302_625941-044439.parquet,real_data_sample\l2_unseen_validation\trade_date=2026-07-17\exchange=NSE\symbol=NESTLEIND\part-091302_625941-044439.parquet,34833,downloaded,34833,
2026-07-17,NSE,NESTLEIND,raw_l2/trade_date=2026-07-17/exchange=NSE/symbol=NESTLEIND/part-091317_264671-044471.parquet,real_data_sample\l2_unseen_validation\trade_date=2026-07-17\exchange=NSE\symbol=NESTLEIND\part-091317_264671-044471.parquet,34654,downloaded,34654,
2026-07-17,NSE,NESTLEIND,raw_l2/trade_date=2026-07-17/exchange=NSE/symbol=NESTLEIND/part-091346_141021-044535.parquet,real_data_sample\l2_unseen_validation\trade_date=2026-07-17\exchange=NSE\symbol=NESTLEIND\part-091346_141021-044535.parquet,34876,downloaded,34876,
2026-07-17,NSE,NESTLEIND,raw_l2/trade_date=2026-07-17/exchange=NSE/symbol=NESTLEIND/part-091331_690835-044503.parquet,real_data_sample\l2_unseen_validation\trade_date=2026-07-17\exchange=NSE\symbol=NESTLEIND\part-091331_690835-044503.parquet,34490,downloaded,34490,
2026-07-17,NSE,NESTLEIND,raw_l2/trade_date=2026-07-17/exchange=NSE/symbol=NESTLEIND/part-091218_107324-044343.parquet,real_data_sample\l2_unseen_validation\trade_date=2026-07-17\exchange=NSE\symbol=NESTLEIND\part-091218_107324-044343.parquet,34773,downloaded,34773,
2026-07-17,NSE,NESTLEIND,raw_l2/trade_date=2026-07-17/exchange=NSE/symbol=NESTLEIND/part-091415_030804-044599.parquet,real_data_sample\l2_unseen_validation\trade_date=2026-07-17\exchange=NSE\symbol=NESTLEIND\part-091415_030804-044599.parquet,34893,downloaded,34893,
2026-07-17,NSE,NESTLEIND,raw_l2/trade_date=2026-07-17/exchange=NSE/symbol=NESTLEIND/part-091443_859118-044663.parquet,real_data_sample\l2_unseen_validation\trade_date=2026-07-17\exchange=NSE\symbol=NESTLEIND\part-091443_859118-044663.parquet,35693,downloaded,35693,
2026-07-17,NSE,NESTLEIND,raw_l2/trade_date=2026-07-17/exchange=NSE/symbol=NESTLEIND/part-091400_722351-044567.parquet,real_data_sample\l2_unseen_validation\trade_date=2026-07-17\exchange=NSE\symbol=NESTLEIND\part-091400_722351-044567.parquet,34906,downloaded,34906,
2026-07-17,NSE,NESTLEIND,raw_l2/trade_date=2026-07-17/exchange=NSE/symbol=NESTLEIND/part-090513_800119-043415.parquet,real_data_sample\l2_unseen_validation\trade_date=2026-07-17\exchange=NSE\symbol=NESTLEIND\part-090513_800119-043415.parquet,34437,downloaded,34437,
2026-07-17,NSE,NESTLEIND,raw_l2/trade_date=2026-07-17/exchange=NSE/symbol=NESTLEIND/part-091429_455899-044631.parquet,real_data_sample\l2_unseen_validation\trade_date=2026-07-17\exchange=NSE\symbol=NESTLEIND\part-091429_455899-044631.parquet,35917,downloaded,35917,
2026-07-17,NSE,NESTLEIND,raw_l2/trade_date=2026-07-17/exchange=NSE/symbol=NESTLEIND/part-091458_260764-044695.parquet,real_data_sample\l2_unseen_validation\trade_date=2026-07-17\exchange=NSE\symbol=NESTLEIND\part-091458_260764-044695.parquet,35695,downloaded,35695,
2026-07-17,NSE,NESTLEIND,raw_l2/trade_date=2026-07-17/exchange=NSE/symbol=NESTLEIND/part-091512_684955-044727.parquet,real_data_sample\l2_unseen_validation\trade_date=2026-07-17\exchange=NSE\symbol=NESTLEIND\part-091512_684955-044727.parquet,35537,downloaded,35537,
2026-07-17,NSE,NESTLEIND,raw_l2/trade_date=2026-07-17/exchange=NSE/symbol=NESTLEIND/part-091624_892501-044887.parquet,real_data_sample\l2_unseen_validation\trade_date=2026-07-17\exchange=NSE\symbol=NESTLEIND\part-091624_892501-044887.parquet,35479,downloaded,35479,
2026-07-17,NSE,NESTLEIND,raw_l2/trade_date=2026-07-17/exchange=NSE/symbol=NESTLEIND/part-091541_230078-044791.parquet,real_data_sample\l2_unseen_validation\trade_date=2026-07-17\exchange=NSE\symbol=NESTLEIND\part-091541_230078-044791.parquet,34690,downloaded,34690,
2026-07-17,NSE,NESTLEIND,raw_l2/trade_date=2026-07-17/exchange=NSE/symbol=NESTLEIND/part-091639_110892-044919.parquet,real_data_sample\l2_unseen_validation\trade_date=2026-07-17\exchange=NSE\symbol=NESTLEIND\part-091639_110892-044919.parquet,36298,downloaded,36298,
2026-07-17,NSE,NESTLEIND,raw_l2/trade_date=2026-07-17/exchange=NSE/symbol=NESTLEIND/part-091653_290656-044951.parquet,real_data_sample\l2_unseen_validation\trade_date=2026-07-17\exchange=NSE\symbol=NESTLEIND\part-091653_290656-044951.parquet,35276,downloaded,35276,
2026-07-17,NSE,NESTLEIND,raw_l2/trade_date=2026-07-17/exchange=NSE/symbol=NESTLEIND/part-091610_413976-044855.parquet,real_data_sample\l2_unseen_validation\trade_date=2026-07-17\exchange=NSE\symbol=NESTLEIND\part-091610_413976-044855.parquet,34644,downloaded,34644,
2026-07-17,NSE,NESTLEIND,raw_l2/trade_date=2026-07-17/exchange=NSE/symbol=NESTLEIND/part-091721_700636-045015.parquet,real_data_sample\l2_unseen_validation\trade_date=2026-07-17\exchange=NSE\symbol=NESTLEIND\part-091721_700636-045015.parquet,35343,downloaded,35343,
2026-07-17,NSE,NESTLEIND,raw_l2/trade_date=2026-07-17/exchange=NSE/symbol=NESTLEIND/part-091750_011107-045079.parquet,real_data_sample\l2_unseen_validation\trade_date=2026-07-17\exchange=NSE\symbol=NESTLEIND\part-091750_011107-045079.parquet,34800,downloaded,34800,
2026-07-17,NSE,NESTLEIND,raw_l2/trade_date=2026-07-17/exchange=NSE/symbol=NESTLEIND/part-091847_657491-045207.parquet,real_data_sample\l2_unseen_validation\trade_date=2026-07-17\exchange=NSE\symbol=NESTLEIND\part-091847_657491-045207.parquet,35590,downloaded,35590,
2026-07-17,NSE,NESTLEIND,raw_l2/trade_date=2026-07-17/exchange=NSE/symbol=NESTLEIND/part-091804_525727-045111.parquet,real_data_sample\l2_unseen_validation\trade_date=2026-07-17\exchange=NSE\symbol=NESTLEIND\part-091804_525727-045111.parquet,34648,downloaded,34648,
2026-07-17,NSE,NESTLEIND,raw_l2/trade_date=2026-07-17/exchange=NSE/symbol=NESTLEIND/part-091818_949340-045143.parquet,real_data_sample\l2_unseen_validation\trade_date=2026-07-17\exchange=NSE\symbol=NESTLEIND\part-091818_949340-045143.parquet,34978,downloaded,34978,
2026-07-17,NSE,NESTLEIND,raw_l2/trade_date=2026-07-17/exchange=NSE/symbol=NESTLEIND/part-091833_340004-045175.parquet,real_data_sample\l2_unseen_validation\trade_date=2026-07-17\exchange=NSE\symbol=NESTLEIND\part-091833_340004-045175.parquet,35464,downloaded,35464,
2026-07-17,NSE,NESTLEIND,raw_l2/trade_date=2026-07-17/exchange=NSE/symbol=NESTLEIND/part-091707_569653-044983.parquet,real_data_sample\l2_unseen_validation\trade_date=2026-07-17\exchange=NSE\symbol=NESTLEIND\part-091707_569653-044983.parquet,35223,downloaded,35223,
2026-07-17,NSE,NESTLEIND,raw_l2/trade_date=2026-07-17/exchange=NSE/symbol=NESTLEIND/part-091902_121221-045239.parquet,real_data_sample\l2_unseen_validation\trade_date=2026-07-17\exchange=NSE\symbol=NESTLEIND\part-091902_121221-045239.parquet,35481,downloaded,35481,
2026-07-17,NSE,NESTLEIND,raw_l2/trade_date=2026-07-17/exchange=NSE/symbol=NESTLEIND/part-091916_677551-045271.parquet,real_data_sample\l2_unseen_validation\trade_date=2026-07-17\exchange=NSE\symbol=NESTLEIND\part-091916_677551-045271.parquet,35622,downloaded,35622,
2026-07-17,NSE,NESTLEIND,raw_l2/trade_date=2026-07-17/exchange=NSE/symbol=NESTLEIND/part-091959_422100-045367.parquet,real_data_sample\l2_unseen_validation\trade_date=2026-07-17\exchange=NSE\symbol=NESTLEIND\part-091959_422100-045367.parquet,35445,downloaded,35445,
2026-07-17,NSE,NESTLEIND,raw_l2/trade_date=2026-07-17/exchange=NSE/symbol=NESTLEIND/part-091945_141468-045335.parquet,real_data_sample\l2_unseen_validation\trade_date=2026-07-17\exchange=NSE\symbol=NESTLEIND\part-091945_141468-045335.parquet,35877,downloaded,35877,
2026-07-17,NSE,NESTLEIND,raw_l2/trade_date=2026-07-17/exchange=NSE/symbol=NESTLEIND/part-090950_638549-044023.parquet,real_data_sample\l2_unseen_validation\trade_date=2026-07-17\exchange=NSE\symbol=NESTLEIND\part-090950_638549-044023.parquet,34708,downloaded,34708,
2026-07-17,NSE,NESTLEIND,raw_l2/trade_date=2026-07-17/exchange=NSE/symbol=NESTLEIND/part-091930_859627-045303.parquet,real_data_sample\l2_unseen_validation\trade_date=2026-07-17\exchange=NSE\symbol=NESTLEIND\part-091930_859627-045303.parquet,36203,downloaded,36203,
2026-07-17,NSE,NESTLEIND,raw_l2/trade_date=2026-07-17/exchange=NSE/symbol=NESTLEIND/part-092028_091028-045431.parquet,real_data_sample\l2_unseen_validation\trade_date=2026-07-17\exchange=NSE\symbol=NESTLEIND\part-092028_091028-045431.parquet,35924,downloaded,35924,
2026-07-17,NSE,NESTLEIND,raw_l2/trade_date=2026-07-17/exchange=NSE/symbol=NESTLEIND/part-092013_744710-045399.parquet,real_data_sample\l2_unseen_validation\trade_date=2026-07-17\exchange=NSE\symbol=NESTLEIND\part-092013_744710-045399.parquet,35301,downloaded,35301,
2026-07-17,NSE,NESTLEIND,raw_l2/trade_date=2026-07-17/exchange=NSE/symbol=NESTLEIND/part-091526_879686-044759.parquet,real_data_sample\l2_unseen_validation\trade_date=2026-07-17\exchange=NSE\symbol=NESTLEIND\part-091526_879686-044759.parquet,34778,downloaded,34778,
2026-07-17,NSE,NESTLEIND,raw_l2/trade_date=2026-07-17/exchange=NSE/symbol=NESTLEIND/part-092111_013738-045527.parquet,real_data_sample\l2_unseen_validation\trade_date=2026-07-17\exchange=NSE\symbol=NESTLEIND\part-092111_013738-045527.parquet,35451,downloaded,35451,
2026-07-17,NSE,NESTLEIND,raw_l2/trade_date=2026-07-17/exchange=NSE/symbol=NESTLEIND/part-092042_271073-045463.parquet,real_data_sample\l2_unseen_validation\trade_date=2026-07-17\exchange=NSE\symbol=NESTLEIND\part-092042_271073-045463.parquet,35453,downloaded,35453,
2026-07-17,NSE,NESTLEIND,raw_l2/trade_date=2026-07-17/exchange=NSE/symbol=NESTLEIND/part-092208_573220-045655.parquet,real_data_sample\l2_unseen_validation\trade_date=2026-07-17\exchange=NSE\symbol=NESTLEIND\part-092208_573220-045655.parquet,34749,downloaded,34749,
2026-07-17,NSE,NESTLEIND,raw_l2/trade_date=2026-07-17/exchange=NSE/symbol=NESTLEIND/part-092154_352806-045623.parquet,real_data_sample\l2_unseen_validation\trade_date=2026-07-17\exchange=NSE\symbol=NESTLEIND\part-092154_352806-045623.parquet,34876,downloaded,34876,
2026-07-17,NSE,NESTLEIND,raw_l2/trade_date=2026-07-17/exchange=NSE/symbol=NESTLEIND/part-092056_747894-045495.parquet,real_data_sample\l2_unseen_validation\trade_date=2026-07-17\exchange=NSE\symbol=NESTLEIND\part-092056_747894-045495.parquet,35992,downloaded,35992,
2026-07-17,NSE,NESTLEIND,raw_l2/trade_date=2026-07-17/exchange=NSE/symbol=NESTLEIND/part-092125_394048-045559.parquet,real_data_sample\l2_unseen_validation\trade_date=2026-07-17\exchange=NSE\symbol=NESTLEIND\part-092125_394048-045559.parquet,34788,downloaded,34788,
2026-07-17,NSE,NESTLEIND,raw_l2/trade_date=2026-07-17/exchange=NSE/symbol=NESTLEIND/part-092418_643076-045943.parquet,real_data_sample\l2_unseen_validation\trade_date=2026-07-17\exchange=NSE\symbol=NESTLEIND\part-092418_643076-045943.parquet,34734,downloaded,34734,
2026-07-17,NSE,NESTLEIND,raw_l2/trade_date=2026-07-17/exchange=NSE/symbol=NESTLEIND/part-091555_923152-044823.parquet,real_data_sample\l2_unseen_validation\trade_date=2026-07-17\exchange=NSE\symbol=NESTLEIND\part-091555_923152-044823.parquet,34704,downloaded,34704,
2026-07-17,NSE,NESTLEIND,raw_l2/trade_date=2026-07-17/exchange=NSE/symbol=NESTLEIND/part-092305_880770-045783.parquet,real_data_sample\l2_unseen_validation\trade_date=2026-07-17\exchange=NSE\symbol=NESTLEIND\part-092305_880770-045783.parquet,34657,downloaded,34657,
2026-07-17,NSE,NESTLEIND,raw_l2/trade_date=2026-07-17/exchange=NSE/symbol=NESTLEIND/part-092447_615367-046007.parquet,real_data_sample\l2_unseen_validation\trade_date=2026-07-17\exchange=NSE\symbol=NESTLEIND\part-092447_615367-046007.parquet,34708,downloaded,34708,
2026-07-17,NSE,NESTLEIND,raw_l2/trade_date=2026-07-17/exchange=NSE/symbol=NESTLEIND/part-092433_364095-045975.parquet,real_data_sample\l2_unseen_validation\trade_date=2026-07-17\exchange=NSE\symbol=NESTLEIND\part-092433_364095-045975.parquet,34709,downloaded,34709,
2026-07-17,NSE,NESTLEIND,raw_l2/trade_date=2026-07-17/exchange=NSE/symbol=NESTLEIND/part-092531_390826-046103.parquet,real_data_sample\l2_unseen_validation\trade_date=2026-07-17\exchange=NSE\symbol=NESTLEIND\part-092531_390826-046103.parquet,34716,downloaded,34716,
2026-07-17,NSE,NESTLEIND,raw_l2/trade_date=2026-07-17/exchange=NSE/symbol=NESTLEIND/part-092502_249620-046039.parquet,real_data_sample\l2_unseen_validation\trade_date=2026-07-17\exchange=NSE\symbol=NESTLEIND\part-092502_249620-046039.parquet,34748,downloaded,34748,
2026-07-17,NSE,NESTLEIND,raw_l2/trade_date=2026-07-17/exchange=NSE/symbol=NESTLEIND/part-092516_899918-046071.parquet,real_data_sample\l2_unseen_validation\trade_date=2026-07-17\exchange=NSE\symbol=NESTLEIND\part-092516_899918-046071.parquet,34706,downloaded,34706,
2026-07-17,NSE,NESTLEIND,raw_l2/trade_date=2026-07-17/exchange=NSE/symbol=NESTLEIND/part-092222_835795-045687.parquet,real_data_sample\l2_unseen_validation\trade_date=2026-07-17\exchange=NSE\symbol=NESTLEIND\part-092222_835795-045687.parquet,34822,downloaded,34822,
2026-07-17,NSE,NESTLEIND,raw_l2/trade_date=2026-07-17/exchange=NSE/symbol=NESTLEIND/part-092349_654593-045879.parquet,real_data_sample\l2_unseen_validation\trade_date=2026-07-17\exchange=NSE\symbol=NESTLEIND\part-092349_654593-045879.parquet,34626,downloaded,34626,
2026-07-17,NSE,NESTLEIND,raw_l2/trade_date=2026-07-17/exchange=NSE/symbol=NESTLEIND/part-092335_311453-045847.parquet,real_data_sample\l2_unseen_validation\trade_date=2026-07-17\exchange=NSE\symbol=NESTLEIND\part-092335_311453-045847.parquet,34696,downloaded,34696,
2026-07-17,NSE,NESTLEIND,raw_l2/trade_date=2026-07-17/exchange=NSE/symbol=NESTLEIND/part-092237_164492-045719.parquet,real_data_sample\l2_unseen_validation\trade_date=2026-07-17\exchange=NSE\symbol=NESTLEIND\part-092237_164492-045719.parquet,34663,downloaded,34663,
2026-07-17,NSE,NESTLEIND,raw_l2/trade_date=2026-07-17/exchange=NSE/symbol=NESTLEIND/part-092546_051634-046135.parquet,real_data_sample\l2_unseen_validation\trade_date=2026-07-17\exchange=NSE\symbol=NESTLEIND\part-092546_051634-046135.parquet,34626,downloaded,34626,
2026-07-17,NSE,NESTLEIND,raw_l2/trade_date=2026-07-17/exchange=NSE/symbol=NESTLEIND/part-092251_622719-045751.parquet,real_data_sample\l2_unseen_validation\trade_date=2026-07-17\exchange=NSE\symbol=NESTLEIND\part-092251_622719-045751.parquet,34609,downloaded,34609,
2026-07-17,NSE,NESTLEIND,raw_l2/trade_date=2026-07-17/exchange=NSE/symbol=NESTLEIND/part-092320_627225-045815.parquet,real_data_sample\l2_unseen_validation\trade_date=2026-07-17\exchange=NSE\symbol=NESTLEIND\part-092320_627225-045815.parquet,34639,downloaded,34639,
2026-07-17,NSE,NESTLEIND,raw_l2/trade_date=2026-07-17/exchange=NSE/symbol=NESTLEIND/part-090709_172456-043671.parquet,real_data_sample\l2_unseen_validation\trade_date=2026-07-17\exchange=NSE\symbol=NESTLEIND\part-090709_172456-043671.parquet,34813,downloaded,34813,
2026-07-17,NSE,NESTLEIND,raw_l2/trade_date=2026-07-17/exchange=NSE/symbol=NESTLEIND/part-091735_825238-045047.parquet,real_data_sample\l2_unseen_validation\trade_date=2026-07-17\exchange=NSE\symbol=NESTLEIND\part-091735_825238-045047.parquet,34703,downloaded,34703,
2026-07-17,NSE,NESTLEIND,raw_l2/trade_date=2026-07-17/exchange=NSE/symbol=NESTLEIND/part-092600_645645-046167.parquet,real_data_sample\l2_unseen_validation\trade_date=2026-07-17\exchange=NSE\symbol=NESTLEIND\part-092600_645645-046167.parquet,34711,downloaded,34711,
2026-07-17,NSE,NESTLEIND,raw_l2/trade_date=2026-07-17/exchange=NSE/symbol=NESTLEIND/part-092404_157963-045911.parquet,real_data_sample\l2_unseen_validation\trade_date=2026-07-17\exchange=NSE\symbol=NESTLEIND\part-092404_157963-045911.parquet,34877,downloaded,34877,
2026-07-17,NSE,NESTLEIND,raw_l2/trade_date=2026-07-17/exchange=NSE/symbol=NESTLEIND/part-092615_412783-046199.parquet,real_data_sample\l2_unseen_validation\trade_date=2026-07-17\exchange=NSE\symbol=NESTLEIND\part-092615_412783-046199.parquet,34920,downloaded,34920,
2026-07-17,NSE,NESTLEIND,raw_l2/trade_date=2026-07-17/exchange=NSE/symbol=NESTLEIND/part-092645_052860-046263.parquet,real_data_sample\l2_unseen_validation\trade_date=2026-07-17\exchange=NSE\symbol=NESTLEIND\part-092645_052860-046263.parquet,34816,downloaded,34816,
2026-07-17,NSE,NESTLEIND,raw_l2/trade_date=2026-07-17/exchange=NSE/symbol=NESTLEIND/part-092659_306691-046295.parquet,real_data_sample\l2_unseen_validation\trade_date=2026-07-17\exchange=NSE\symbol=NESTLEIND\part-092659_306691-046295.parquet,34642,downloaded,34642,
2026-07-17,NSE,NESTLEIND,raw_l2/trade_date=2026-07-17/exchange=NSE/symbol=NESTLEIND/part-092713_617884-046327.parquet,real_data_sample\l2_unseen_validation\trade_date=2026-07-17\exchange=NSE\symbol=NESTLEIND\part-092713_617884-046327.parquet,34649,downloaded,34649,
2026-07-17,NSE,NESTLEIND,raw_l2/trade_date=2026-07-17/exchange=NSE/symbol=NESTLEIND/part-092140_060478-045591.parquet,real_data_sample\l2_unseen_validation\trade_date=2026-07-17\exchange=NSE\symbol=NESTLEIND\part-092140_060478-045591.parquet,34646,downloaded,34646,
2026-07-17,NSE,NESTLEIND,raw_l2/trade_date=2026-07-17/exchange=NSE/symbol=NESTLEIND/part-092742_514432-046391.parquet,real_data_sample\l2_unseen_validation\trade_date=2026-07-17\exchange=NSE\symbol=NESTLEIND\part-092742_514432-046391.parquet,34456,downloaded,34456,
2026-07-17,NSE,NESTLEIND,raw_l2/trade_date=2026-07-17/exchange=NSE/symbol=NESTLEIND/part-092811_229706-046455.parquet,real_data_sample\l2_unseen_validation\trade_date=2026-07-17\exchange=NSE\symbol=NESTLEIND\part-092811_229706-046455.parquet,34618,downloaded,34618,
2026-07-17,NSE,NESTLEIND,raw_l2/trade_date=2026-07-17/exchange=NSE/symbol=NESTLEIND/part-092825_757943-046487.parquet,real_data_sample\l2_unseen_validation\trade_date=2026-07-17\exchange=NSE\symbol=NESTLEIND\part-092825_757943-046487.parquet,34461,downloaded,34461,
2026-07-17,NSE,NESTLEIND,raw_l2/trade_date=2026-07-17/exchange=NSE/symbol=NESTLEIND/part-092840_236165-046519.parquet,real_data_sample\l2_unseen_validation\trade_date=2026-07-17\exchange=NSE\symbol=NESTLEIND\part-092840_236165-046519.parquet,34612,downloaded,34612,
2026-07-17,NSE,NESTLEIND,raw_l2/trade_date=2026-07-17/exchange=NSE/symbol=NESTLEIND/part-092756_909236-046423.parquet,real_data_sample\l2_unseen_validation\trade_date=2026-07-17\exchange=NSE\symbol=NESTLEIND\part-092756_909236-046423.parquet,34679,downloaded,34679,
2026-07-17,NSE,NESTLEIND,raw_l2/trade_date=2026-07-17/exchange=NSE/symbol=NESTLEIND/part-092909_452986-046583.parquet,real_data_sample\l2_unseen_validation\trade_date=2026-07-17\exchange=NSE\symbol=NESTLEIND\part-092909_452986-046583.parquet,34943,downloaded,34943,
2026-07-17,NSE,NESTLEIND,raw_l2/trade_date=2026-07-17/exchange=NSE/symbol=NESTLEIND/part-092854_638515-046551.parquet,real_data_sample\l2_unseen_validation\trade_date=2026-07-17\exchange=NSE\symbol=NESTLEIND\part-092854_638515-046551.parquet,34760,downloaded,34760,
2026-07-17,NSE,NESTLEIND,raw_l2/trade_date=2026-07-17/exchange=NSE/symbol=NESTLEIND/part-092953_155205-046679.parquet,real_data_sample\l2_unseen_validation\trade_date=2026-07-17\exchange=NSE\symbol=NESTLEIND\part-092953_155205-046679.parquet,34626,downloaded,34626,
2026-07-17,NSE,NESTLEIND,raw_l2/trade_date=2026-07-17/exchange=NSE/symbol=NESTLEIND/part-093037_044864-046775.parquet,real_data_sample\l2_unseen_validation\trade_date=2026-07-17\exchange=NSE\symbol=NESTLEIND\part-093037_044864-046775.parquet,34728,downloaded,34728,
2026-07-17,NSE,NESTLEIND,raw_l2/trade_date=2026-07-17/exchange=NSE/symbol=NESTLEIND/part-093134_209690-046903.parquet,real_data_sample\l2_unseen_validation\trade_date=2026-07-17\exchange=NSE\symbol=NESTLEIND\part-093134_209690-046903.parquet,35669,downloaded,35669,
2026-07-17,NSE,NESTLEIND,raw_l2/trade_date=2026-07-17/exchange=NSE/symbol=NESTLEIND/part-093022_501336-046743.parquet,real_data_sample\l2_unseen_validation\trade_date=2026-07-17\exchange=NSE\symbol=NESTLEIND\part-093022_501336-046743.parquet,34519,downloaded,34519,
2026-07-17,NSE,NESTLEIND,raw_l2/trade_date=2026-07-17/exchange=NSE/symbol=NESTLEIND/part-093051_400144-046807.parquet,real_data_sample\l2_unseen_validation\trade_date=2026-07-17\exchange=NSE\symbol=NESTLEIND\part-093051_400144-046807.parquet,34516,downloaded,34516,
2026-07-17,NSE,NESTLEIND,raw_l2/trade_date=2026-07-17/exchange=NSE/symbol=NESTLEIND/part-093148_650173-046935.parquet,real_data_sample\l2_unseen_validation\trade_date=2026-07-17\exchange=NSE\symbol=NESTLEIND\part-093148_650173-046935.parquet,35401,downloaded,35401,
2026-07-17,NSE,NESTLEIND,raw_l2/trade_date=2026-07-17/exchange=NSE/symbol=NESTLEIND/part-093105_614360-046839.parquet,real_data_sample\l2_unseen_validation\trade_date=2026-07-17\exchange=NSE\symbol=NESTLEIND\part-093105_614360-046839.parquet,34509,downloaded,34509,
2026-07-17,NSE,NESTLEIND,raw_l2/trade_date=2026-07-17/exchange=NSE/symbol=NESTLEIND/part-093119_982163-046871.parquet,real_data_sample\l2_unseen_validation\trade_date=2026-07-17\exchange=NSE\symbol=NESTLEIND\part-093119_982163-046871.parquet,35511,downloaded,35511,
2026-07-17,NSE,NESTLEIND,raw_l2/trade_date=2026-07-17/exchange=NSE/symbol=NESTLEIND/part-092728_066817-046359.parquet,real_data_sample\l2_unseen_validation\trade_date=2026-07-17\exchange=NSE\symbol=NESTLEIND\part-092728_066817-046359.parquet,34776,downloaded,34776,
2026-07-17,NSE,NESTLEIND,raw_l2/trade_date=2026-07-17/exchange=NSE/symbol=NESTLEIND/part-092938_562727-046647.parquet,real_data_sample\l2_unseen_validation\trade_date=2026-07-17\exchange=NSE\symbol=NESTLEIND\part-092938_562727-046647.parquet,34821,downloaded,34821,
2026-07-17,NSE,NESTLEIND,raw_l2/trade_date=2026-07-17/exchange=NSE/symbol=NESTLEIND/part-093313_719156-047127.parquet,real_data_sample\l2_unseen_validation\trade_date=2026-07-17\exchange=NSE\symbol=NESTLEIND\part-093313_719156-047127.parquet,34749,downloaded,34749,
2026-07-17,NSE,NESTLEIND,raw_l2/trade_date=2026-07-17/exchange=NSE/symbol=NESTLEIND/part-093007_950152-046711.parquet,real_data_sample\l2_unseen_validation\trade_date=2026-07-17\exchange=NSE\symbol=NESTLEIND\part-093007_950152-046711.parquet,34809,downloaded,34809,
2026-07-17,NSE,NESTLEIND,raw_l2/trade_date=2026-07-17/exchange=NSE/symbol=NESTLEIND/part-093202_986144-046967.parquet,real_data_sample\l2_unseen_validation\trade_date=2026-07-17\exchange=NSE\symbol=NESTLEIND\part-093202_986144-046967.parquet,35727,downloaded,35727,
2026-07-17,NSE,NESTLEIND,raw_l2/trade_date=2026-07-17/exchange=NSE/symbol=NESTLEIND/part-093216_900517-046999.parquet,real_data_sample\l2_unseen_validation\trade_date=2026-07-17\exchange=NSE\symbol=NESTLEIND\part-093216_900517-046999.parquet,35685,downloaded,35685,
2026-07-17,NSE,NESTLEIND,raw_l2/trade_date=2026-07-17/exchange=NSE/symbol=NESTLEIND/part-093410_208386-047255.parquet,real_data_sample\l2_unseen_validation\trade_date=2026-07-17\exchange=NSE\symbol=NESTLEIND\part-093410_208386-047255.parquet,34764,downloaded,34764,
2026-07-17,NSE,NESTLEIND,raw_l2/trade_date=2026-07-17/exchange=NSE/symbol=NESTLEIND/part-093230_999905-047031.parquet,real_data_sample\l2_unseen_validation\trade_date=2026-07-17\exchange=NSE\symbol=NESTLEIND\part-093230_999905-047031.parquet,34549,downloaded,34549,
2026-07-17,NSE,NESTLEIND,raw_l2/trade_date=2026-07-17/exchange=NSE/symbol=NESTLEIND/part-093327_949642-047159.parquet,real_data_sample\l2_unseen_validation\trade_date=2026-07-17\exchange=NSE\symbol=NESTLEIND\part-093327_949642-047159.parquet,34691,downloaded,34691,
2026-07-17,NSE,NESTLEIND,raw_l2/trade_date=2026-07-17/exchange=NSE/symbol=NESTLEIND/part-093342_029102-047191.parquet,real_data_sample\l2_unseen_validation\trade_date=2026-07-17\exchange=NSE\symbol=NESTLEIND\part-093342_029102-047191.parquet,34402,downloaded,34402,
2026-07-17,NSE,NESTLEIND,raw_l2/trade_date=2026-07-17/exchange=NSE/symbol=NESTLEIND/part-093356_140795-047223.parquet,real_data_sample\l2_unseen_validation\trade_date=2026-07-17\exchange=NSE\symbol=NESTLEIND\part-093356_140795-047223.parquet,34606,downloaded,34606,
2026-07-17,NSE,NESTLEIND,raw_l2/trade_date=2026-07-17/exchange=NSE/symbol=NESTLEIND/part-093424_206192-047287.parquet,real_data_sample\l2_unseen_validation\trade_date=2026-07-17\exchange=NSE\symbol=NESTLEIND\part-093424_206192-047287.parquet,34682,downloaded,34682,
2026-07-17,NSE,NESTLEIND,raw_l2/trade_date=2026-07-17/exchange=NSE/symbol=NESTLEIND/part-093506_941778-047383.parquet,real_data_sample\l2_unseen_validation\trade_date=2026-07-17\exchange=NSE\symbol=NESTLEIND\part-093506_941778-047383.parquet,34376,downloaded,34376,
2026-07-17,NSE,NESTLEIND,raw_l2/trade_date=2026-07-17/exchange=NSE/symbol=NESTLEIND/part-093604_364147-047511.parquet,real_data_sample\l2_unseen_validation\trade_date=2026-07-17\exchange=NSE\symbol=NESTLEIND\part-093604_364147-047511.parquet,34565,downloaded,34565,
2026-07-17,NSE,NESTLEIND,raw_l2/trade_date=2026-07-17/exchange=NSE/symbol=NESTLEIND/part-093452_482893-047351.parquet,real_data_sample\l2_unseen_validation\trade_date=2026-07-17\exchange=NSE\symbol=NESTLEIND\part-093452_482893-047351.parquet,34680,downloaded,34680,
2026-07-17,NSE,NESTLEIND,raw_l2/trade_date=2026-07-17/exchange=NSE/symbol=NESTLEIND/part-093535_555676-047447.parquet,real_data_sample\l2_unseen_validation\trade_date=2026-07-17\exchange=NSE\symbol=NESTLEIND\part-093535_555676-047447.parquet,34443,downloaded,34443,
2026-07-17,NSE,NESTLEIND,raw_l2/trade_date=2026-07-17/exchange=NSE/symbol=NESTLEIND/part-093549_836340-047479.parquet,real_data_sample\l2_unseen_validation\trade_date=2026-07-17\exchange=NSE\symbol=NESTLEIND\part-093549_836340-047479.parquet,34577,downloaded,34577,
2026-07-17,NSE,NESTLEIND,raw_l2/trade_date=2026-07-17/exchange=NSE/symbol=NESTLEIND/part-093521_292068-047415.parquet,real_data_sample\l2_unseen_validation\trade_date=2026-07-17\exchange=NSE\symbol=NESTLEIND\part-093521_292068-047415.parquet,34548,downloaded,34548,
2026-07-17,NSE,NESTLEIND,raw_l2/trade_date=2026-07-17/exchange=NSE/symbol=NESTLEIND/part-093618_794331-047543.parquet,real_data_sample\l2_unseen_validation\trade_date=2026-07-17\exchange=NSE\symbol=NESTLEIND\part-093618_794331-047543.parquet,35090,downloaded,35090,
2026-07-17,NSE,NESTLEIND,raw_l2/trade_date=2026-07-17/exchange=NSE/symbol=NESTLEIND/part-092923_957178-046615.parquet,real_data_sample\l2_unseen_validation\trade_date=2026-07-17\exchange=NSE\symbol=NESTLEIND\part-092923_957178-046615.parquet,34705,downloaded,34705,
2026-07-17,NSE,NESTLEIND,raw_l2/trade_date=2026-07-17/exchange=NSE/symbol=NESTLEIND/part-093757_221453-047767.parquet,real_data_sample\l2_unseen_validation\trade_date=2026-07-17\exchange=NSE\symbol=NESTLEIND\part-093757_221453-047767.parquet,35552,downloaded,35552,
2026-07-17,NSE,NESTLEIND,raw_l2/trade_date=2026-07-17/exchange=NSE/symbol=NESTLEIND/part-092630_486270-046231.parquet,real_data_sample\l2_unseen_validation\trade_date=2026-07-17\exchange=NSE\symbol=NESTLEIND\part-092630_486270-046231.parquet,34652,downloaded,34652,
2026-07-17,NSE,NESTLEIND,raw_l2/trade_date=2026-07-17/exchange=NSE/symbol=NESTLEIND/part-093259_415133-047095.parquet,real_data_sample\l2_unseen_validation\trade_date=2026-07-17\exchange=NSE\symbol=NESTLEIND\part-093259_415133-047095.parquet,34551,downloaded,34551,
2026-07-17,NSE,NESTLEIND,raw_l2/trade_date=2026-07-17/exchange=NSE/symbol=NESTLEIND/part-093438_340473-047319.parquet,real_data_sample\l2_unseen_validation\trade_date=2026-07-17\exchange=NSE\symbol=NESTLEIND\part-093438_340473-047319.parquet,34413,downloaded,34413,
2026-07-17,NSE,NESTLEIND,raw_l2/trade_date=2026-07-17/exchange=NSE/symbol=NESTLEIND/part-093811_326862-047799.parquet,real_data_sample\l2_unseen_validation\trade_date=2026-07-17\exchange=NSE\symbol=NESTLEIND\part-093811_326862-047799.parquet,35636,downloaded,35636,
2026-07-17,NSE,NESTLEIND,raw_l2/trade_date=2026-07-17/exchange=NSE/symbol=NESTLEIND/part-093923_071348-047959.parquet,real_data_sample\l2_unseen_validation\trade_date=2026-07-17\exchange=NSE\symbol=NESTLEIND\part-093923_071348-047959.parquet,35630,downloaded,35630,
2026-07-17,NSE,NESTLEIND,raw_l2/trade_date=2026-07-17/exchange=NSE/symbol=NESTLEIND/part-093951_760902-048023.parquet,real_data_sample\l2_unseen_validation\trade_date=2026-07-17\exchange=NSE\symbol=NESTLEIND\part-093951_760902-048023.parquet,35710,downloaded,35710,
2026-07-17,NSE,NESTLEIND,raw_l2/trade_date=2026-07-17/exchange=NSE/symbol=NESTLEIND/part-094006_001040-048055.parquet,real_data_sample\l2_unseen_validation\trade_date=2026-07-17\exchange=NSE\symbol=NESTLEIND\part-094006_001040-048055.parquet,35913,downloaded,35913,
2026-07-17,NSE,NESTLEIND,raw_l2/trade_date=2026-07-17/exchange=NSE/symbol=NESTLEIND/part-093839_832199-047863.parquet,real_data_sample\l2_unseen_validation\trade_date=2026-07-17\exchange=NSE\symbol=NESTLEIND\part-093839_832199-047863.parquet,35611,downloaded,35611,
2026-07-17,NSE,NESTLEIND,raw_l2/trade_date=2026-07-17/exchange=NSE/symbol=NESTLEIND/part-093853_961681-047895.parquet,real_data_sample\l2_unseen_validation\trade_date=2026-07-17\exchange=NSE\symbol=NESTLEIND\part-093853_961681-047895.parquet,35536,downloaded,35536,
2026-07-17,NSE,NESTLEIND,raw_l2/trade_date=2026-07-17/exchange=NSE/symbol=NESTLEIND/part-093701_181520-047639.parquet,real_data_sample\l2_unseen_validation\trade_date=2026-07-17\exchange=NSE\symbol=NESTLEIND\part-093701_181520-047639.parquet,35399,downloaded,35399,
2026-07-17,NSE,NESTLEIND,raw_l2/trade_date=2026-07-17/exchange=NSE/symbol=NESTLEIND/part-093937_279834-047991.parquet,real_data_sample\l2_unseen_validation\trade_date=2026-07-17\exchange=NSE\symbol=NESTLEIND\part-093937_279834-047991.parquet,35772,downloaded,35772,
2026-07-17,NSE,NESTLEIND,raw_l2/trade_date=2026-07-17/exchange=NSE/symbol=NESTLEIND/part-093715_213094-047671.parquet,real_data_sample\l2_unseen_validation\trade_date=2026-07-17\exchange=NSE\symbol=NESTLEIND\part-093715_213094-047671.parquet,35704,downloaded,35704,
2026-07-17,NSE,NESTLEIND,raw_l2/trade_date=2026-07-17/exchange=NSE/symbol=NESTLEIND/part-093632_978771-047575.parquet,real_data_sample\l2_unseen_validation\trade_date=2026-07-17\exchange=NSE\symbol=NESTLEIND\part-093632_978771-047575.parquet,35967,downloaded,35967,
2026-07-17,NSE,NESTLEIND,raw_l2/trade_date=2026-07-17/exchange=NSE/symbol=NESTLEIND/part-093647_131943-047607.parquet,real_data_sample\l2_unseen_validation\trade_date=2026-07-17\exchange=NSE\symbol=NESTLEIND\part-093647_131943-047607.parquet,35677,downloaded,35677,
2026-07-17,NSE,NESTLEIND,raw_l2/trade_date=2026-07-17/exchange=NSE/symbol=NESTLEIND/part-093908_588164-047927.parquet,real_data_sample\l2_unseen_validation\trade_date=2026-07-17\exchange=NSE\symbol=NESTLEIND\part-093908_588164-047927.parquet,35590,downloaded,35590,
2026-07-17,NSE,NESTLEIND,raw_l2/trade_date=2026-07-17/exchange=NSE/symbol=NESTLEIND/part-094103_222113-048183.parquet,real_data_sample\l2_unseen_validation\trade_date=2026-07-17\exchange=NSE\symbol=NESTLEIND\part-094103_222113-048183.parquet,35829,downloaded,35829,
2026-07-17,NSE,NESTLEIND,raw_l2/trade_date=2026-07-17/exchange=NSE/symbol=NESTLEIND/part-094034_579473-048119.parquet,real_data_sample\l2_unseen_validation\trade_date=2026-07-17\exchange=NSE\symbol=NESTLEIND\part-094034_579473-048119.parquet,35669,downloaded,35669,
2026-07-17,NSE,NESTLEIND,raw_l2/trade_date=2026-07-17/exchange=NSE/symbol=NESTLEIND/part-094117_622747-048215.parquet,real_data_sample\l2_unseen_validation\trade_date=2026-07-17\exchange=NSE\symbol=NESTLEIND\part-094117_622747-048215.parquet,36014,downloaded,36014,
2026-07-17,NSE,NESTLEIND,raw_l2/trade_date=2026-07-17/exchange=NSE/symbol=NESTLEIND/part-093729_046691-047703.parquet,real_data_sample\l2_unseen_validation\trade_date=2026-07-17\exchange=NSE\symbol=NESTLEIND\part-093729_046691-047703.parquet,35426,downloaded,35426,
2026-07-17,NSE,NESTLEIND,raw_l2/trade_date=2026-07-17/exchange=NSE/symbol=NESTLEIND/part-093743_069050-047735.parquet,real_data_sample\l2_unseen_validation\trade_date=2026-07-17\exchange=NSE\symbol=NESTLEIND\part-093743_069050-047735.parquet,35607,downloaded,35607,
2026-07-17,NSE,NESTLEIND,raw_l2/trade_date=2026-07-17/exchange=NSE/symbol=NESTLEIND/part-094048_835284-048151.parquet,real_data_sample\l2_unseen_validation\trade_date=2026-07-17\exchange=NSE\symbol=NESTLEIND\part-094048_835284-048151.parquet,35762,downloaded,35762,
2026-07-17,NSE,NESTLEIND,raw_l2/trade_date=2026-07-17/exchange=NSE/symbol=NESTLEIND/part-094020_187980-048087.parquet,real_data_sample\l2_unseen_validation\trade_date=2026-07-17\exchange=NSE\symbol=NESTLEIND\part-094020_187980-048087.parquet,35657,downloaded,35657,
2026-07-17,NSE,NESTLEIND,raw_l2/trade_date=2026-07-17/exchange=NSE/symbol=NESTLEIND/part-094132_031332-048247.parquet,real_data_sample\l2_unseen_validation\trade_date=2026-07-17\exchange=NSE\symbol=NESTLEIND\part-094132_031332-048247.parquet,35774,downloaded,35774,
2026-07-17,NSE,NESTLEIND,raw_l2/trade_date=2026-07-17/exchange=NSE/symbol=NESTLEIND/part-094200_921978-048311.parquet,real_data_sample\l2_unseen_validation\trade_date=2026-07-17\exchange=NSE\symbol=NESTLEIND\part-094200_921978-048311.parquet,35892,downloaded,35892,
2026-07-17,NSE,NESTLEIND,raw_l2/trade_date=2026-07-17/exchange=NSE/symbol=NESTLEIND/part-094229_739358-048375.parquet,real_data_sample\l2_unseen_validation\trade_date=2026-07-17\exchange=NSE\symbol=NESTLEIND\part-094229_739358-048375.parquet,34648,downloaded,34648,
2026-07-17,NSE,NESTLEIND,raw_l2/trade_date=2026-07-17/exchange=NSE/symbol=NESTLEIND/part-094146_495997-048279.parquet,real_data_sample\l2_unseen_validation\trade_date=2026-07-17\exchange=NSE\symbol=NESTLEIND\part-094146_495997-048279.parquet,35788,downloaded,35788,
2026-07-17,NSE,NESTLEIND,raw_l2/trade_date=2026-07-17/exchange=NSE/symbol=NESTLEIND/part-094215_297791-048343.parquet,real_data_sample\l2_unseen_validation\trade_date=2026-07-17\exchange=NSE\symbol=NESTLEIND\part-094215_297791-048343.parquet,35751,downloaded,35751,
2026-07-17,NSE,NESTLEIND,raw_l2/trade_date=2026-07-17/exchange=NSE/symbol=NESTLEIND/part-094244_041792-048407.parquet,real_data_sample\l2_unseen_validation\trade_date=2026-07-17\exchange=NSE\symbol=NESTLEIND\part-094244_041792-048407.parquet,34611,downloaded,34611,
2026-07-17,NSE,NESTLEIND,raw_l2/trade_date=2026-07-17/exchange=NSE/symbol=NESTLEIND/part-094312_290650-048471.parquet,real_data_sample\l2_unseen_validation\trade_date=2026-07-17\exchange=NSE\symbol=NESTLEIND\part-094312_290650-048471.parquet,34505,downloaded,34505,
2026-07-17,NSE,NESTLEIND,raw_l2/trade_date=2026-07-17/exchange=NSE/symbol=NESTLEIND/part-094355_449305-048567.parquet,real_data_sample\l2_unseen_validation\trade_date=2026-07-17\exchange=NSE\symbol=NESTLEIND\part-094355_449305-048567.parquet,36219,downloaded,36219,
2026-07-17,NSE,NESTLEIND,raw_l2/trade_date=2026-07-17/exchange=NSE/symbol=NESTLEIND/part-093825_535052-047831.parquet,real_data_sample\l2_unseen_validation\trade_date=2026-07-17\exchange=NSE\symbol=NESTLEIND\part-093825_535052-047831.parquet,35756,downloaded,35756,
2026-07-17,NSE,NESTLEIND,raw_l2/trade_date=2026-07-17/exchange=NSE/symbol=NESTLEIND/part-094521_178010-048759.parquet,real_data_sample\l2_unseen_validation\trade_date=2026-07-17\exchange=NSE\symbol=NESTLEIND\part-094521_178010-048759.parquet,35090,downloaded,35090,
2026-07-17,NSE,NESTLEIND,raw_l2/trade_date=2026-07-17/exchange=NSE/symbol=NESTLEIND/part-094729_286622-049047.parquet,real_data_sample\l2_unseen_validation\trade_date=2026-07-17\exchange=NSE\symbol=NESTLEIND\part-094729_286622-049047.parquet,34493,downloaded,34493,
2026-07-17,NSE,NESTLEIND,raw_l2/trade_date=2026-07-17/exchange=NSE/symbol=NESTLEIND/part-094618_489862-048887.parquet,real_data_sample\l2_unseen_validation\trade_date=2026-07-17\exchange=NSE\symbol=NESTLEIND\part-094618_489862-048887.parquet,34509,downloaded,34509,
2026-07-17,NSE,NESTLEIND,raw_l2/trade_date=2026-07-17/exchange=NSE/symbol=NESTLEIND/part-094409_905034-048599.parquet,real_data_sample\l2_unseen_validation\trade_date=2026-07-17\exchange=NSE\symbol=NESTLEIND\part-094409_905034-048599.parquet,36428,downloaded,36428,
2026-07-17,NSE,NESTLEIND,raw_l2/trade_date=2026-07-17/exchange=NSE/symbol=NESTLEIND/part-094535_278229-048791.parquet,real_data_sample\l2_unseen_validation\trade_date=2026-07-17\exchange=NSE\symbol=NESTLEIND\part-094535_278229-048791.parquet,34511,downloaded,34511,
2026-07-17,NSE,NESTLEIND,raw_l2/trade_date=2026-07-17/exchange=NSE/symbol=NESTLEIND/part-094758_008761-049111.parquet,real_data_sample\l2_unseen_validation\trade_date=2026-07-17\exchange=NSE\symbol=NESTLEIND\part-094758_008761-049111.parquet,34463,downloaded,34463,
2026-07-17,NSE,NESTLEIND,raw_l2/trade_date=2026-07-17/exchange=NSE/symbol=NESTLEIND/part-094632_690685-048919.parquet,real_data_sample\l2_unseen_validation\trade_date=2026-07-17\exchange=NSE\symbol=NESTLEIND\part-094632_690685-048919.parquet,34455,downloaded,34455,
2026-07-17,NSE,NESTLEIND,raw_l2/trade_date=2026-07-17/exchange=NSE/symbol=NESTLEIND/part-093245_339511-047063.parquet,real_data_sample\l2_unseen_validation\trade_date=2026-07-17\exchange=NSE\symbol=NESTLEIND\part-093245_339511-047063.parquet,34487,downloaded,34487,
2026-07-17,NSE,NESTLEIND,raw_l2/trade_date=2026-07-17/exchange=NSE/symbol=NESTLEIND/part-094604_011919-048855.parquet,real_data_sample\l2_unseen_validation\trade_date=2026-07-17\exchange=NSE\symbol=NESTLEIND\part-094604_011919-048855.parquet,34440,downloaded,34440,
2026-07-17,NSE,NESTLEIND,raw_l2/trade_date=2026-07-17/exchange=NSE/symbol=NESTLEIND/part-094646_626752-048951.parquet,real_data_sample\l2_unseen_validation\trade_date=2026-07-17\exchange=NSE\symbol=NESTLEIND\part-094646_626752-048951.parquet,34519,downloaded,34519,
2026-07-17,NSE,NESTLEIND,raw_l2/trade_date=2026-07-17/exchange=NSE/symbol=NESTLEIND/part-094743_607335-049079.parquet,real_data_sample\l2_unseen_validation\trade_date=2026-07-17\exchange=NSE\symbol=NESTLEIND\part-094743_607335-049079.parquet,34512,downloaded,34512,
2026-07-17,NSE,NESTLEIND,raw_l2/trade_date=2026-07-17/exchange=NSE/symbol=NESTLEIND/part-094549_643821-048823.parquet,real_data_sample\l2_unseen_validation\trade_date=2026-07-17\exchange=NSE\symbol=NESTLEIND\part-094549_643821-048823.parquet,34494,downloaded,34494,
2026-07-17,NSE,NESTLEIND,raw_l2/trade_date=2026-07-17/exchange=NSE/symbol=NESTLEIND/part-094700_859867-048983.parquet,real_data_sample\l2_unseen_validation\trade_date=2026-07-17\exchange=NSE\symbol=NESTLEIND\part-094700_859867-048983.parquet,34420,downloaded,34420,
2026-07-17,NSE,NESTLEIND,raw_l2/trade_date=2026-07-17/exchange=NSE/symbol=NESTLEIND/part-094507_004008-048727.parquet,real_data_sample\l2_unseen_validation\trade_date=2026-07-17\exchange=NSE\symbol=NESTLEIND\part-094507_004008-048727.parquet,35845,downloaded,35845,
2026-07-17,NSE,NESTLEIND,raw_l2/trade_date=2026-07-17/exchange=NSE/symbol=NESTLEIND/part-094826_229547-049175.parquet,real_data_sample\l2_unseen_validation\trade_date=2026-07-17\exchange=NSE\symbol=NESTLEIND\part-094826_229547-049175.parquet,35940,downloaded,35940,
2026-07-17,NSE,NESTLEIND,raw_l2/trade_date=2026-07-17/exchange=NSE/symbol=NESTLEIND/part-094424_148396-048631.parquet,real_data_sample\l2_unseen_validation\trade_date=2026-07-17\exchange=NSE\symbol=NESTLEIND\part-094424_148396-048631.parquet,36301,downloaded,36301,
2026-07-17,NSE,NESTLEIND,raw_l2/trade_date=2026-07-17/exchange=NSE/symbol=NESTLEIND/part-094812_187487-049143.parquet,real_data_sample\l2_unseen_validation\trade_date=2026-07-17\exchange=NSE\symbol=NESTLEIND\part-094812_187487-049143.parquet,34722,downloaded,34722,
2026-07-17,NSE,NESTLEIND,raw_l2/trade_date=2026-07-17/exchange=NSE/symbol=NESTLEIND/part-094840_586758-049207.parquet,real_data_sample\l2_unseen_validation\trade_date=2026-07-17\exchange=NSE\symbol=NESTLEIND\part-094840_586758-049207.parquet,35319,downloaded,35319,
2026-07-17,NSE,NESTLEIND,raw_l2/trade_date=2026-07-17/exchange=NSE/symbol=NESTLEIND/part-094715_038312-049015.parquet,real_data_sample\l2_unseen_validation\trade_date=2026-07-17\exchange=NSE\symbol=NESTLEIND\part-094715_038312-049015.parquet,34686,downloaded,34686,
2026-07-17,NSE,NESTLEIND,raw_l2/trade_date=2026-07-17/exchange=NSE/symbol=NESTLEIND/part-094438_456456-048663.parquet,real_data_sample\l2_unseen_validation\trade_date=2026-07-17\exchange=NSE\symbol=NESTLEIND\part-094438_456456-048663.parquet,36336,downloaded,36336,
2026-07-17,NSE,NESTLEIND,raw_l2/trade_date=2026-07-17/exchange=NSE/symbol=NESTLEIND/part-094452_773595-048695.parquet,real_data_sample\l2_unseen_validation\trade_date=2026-07-17\exchange=NSE\symbol=NESTLEIND\part-094452_773595-048695.parquet,35904,downloaded,35904,
2026-07-17,NSE,NESTLEIND,raw_l2/trade_date=2026-07-17/exchange=NSE/symbol=NESTLEIND/part-094854_937987-049239.parquet,real_data_sample\l2_unseen_validation\trade_date=2026-07-17\exchange=NSE\symbol=NESTLEIND\part-094854_937987-049239.parquet,35705,downloaded,35705,
2026-07-17,NSE,NESTLEIND,raw_l2/trade_date=2026-07-17/exchange=NSE/symbol=NESTLEIND/part-094909_242709-049271.parquet,real_data_sample\l2_unseen_validation\trade_date=2026-07-17\exchange=NSE\symbol=NESTLEIND\part-094909_242709-049271.parquet,35927,downloaded,35927,
2026-07-17,NSE,NESTLEIND,raw_l2/trade_date=2026-07-17/exchange=NSE/symbol=NESTLEIND/part-094923_595877-049303.parquet,real_data_sample\l2_unseen_validation\trade_date=2026-07-17\exchange=NSE\symbol=NESTLEIND\part-094923_595877-049303.parquet,35082,downloaded,35082,
2026-07-17,NSE,NESTLEIND,raw_l2/trade_date=2026-07-17/exchange=NSE/symbol=NESTLEIND/part-094937_883511-049335.parquet,real_data_sample\l2_unseen_validation\trade_date=2026-07-17\exchange=NSE\symbol=NESTLEIND\part-094937_883511-049335.parquet,34598,downloaded,34598,
2026-07-17,NSE,NESTLEIND,raw_l2/trade_date=2026-07-17/exchange=NSE/symbol=NESTLEIND/part-094952_039404-049367.parquet,real_data_sample\l2_unseen_validation\trade_date=2026-07-17\exchange=NSE\symbol=NESTLEIND\part-094952_039404-049367.parquet,34466,downloaded,34466,
2026-07-17,NSE,NESTLEIND,raw_l2/trade_date=2026-07-17/exchange=NSE/symbol=NESTLEIND/part-094340_919818-048535.parquet,real_data_sample\l2_unseen_validation\trade_date=2026-07-17\exchange=NSE\symbol=NESTLEIND\part-094340_919818-048535.parquet,35669,downloaded,35669,
2026-07-17,NSE,NESTLEIND,raw_l2/trade_date=2026-07-17/exchange=NSE/symbol=NESTLEIND/part-094258_196758-048439.parquet,real_data_sample\l2_unseen_validation\trade_date=2026-07-17\exchange=NSE\symbol=NESTLEIND\part-094258_196758-048439.parquet,34670,downloaded,34670,
2026-07-17,NSE,NESTLEIND,raw_l2/trade_date=2026-07-17/exchange=NSE/symbol=NESTLEIND/part-095006_203085-049399.parquet,real_data_sample\l2_unseen_validation\trade_date=2026-07-17\exchange=NSE\symbol=NESTLEIND\part-095006_203085-049399.parquet,34667,downloaded,34667,
2026-07-17,NSE,NESTLEIND,raw_l2/trade_date=2026-07-17/exchange=NSE/symbol=NESTLEIND/part-095020_462126-049431.parquet,real_data_sample\l2_unseen_validation\trade_date=2026-07-17\exchange=NSE\symbol=NESTLEIND\part-095020_462126-049431.parquet,34478,downloaded,34478,
2026-07-17,NSE,NESTLEIND,raw_l2/trade_date=2026-07-17/exchange=NSE/symbol=NESTLEIND/part-095048_952302-049495.parquet,real_data_sample\l2_unseen_validation\trade_date=2026-07-17\exchange=NSE\symbol=NESTLEIND\part-095048_952302-049495.parquet,34494,downloaded,34494,
2026-07-17,NSE,NESTLEIND,raw_l2/trade_date=2026-07-17/exchange=NSE/symbol=NESTLEIND/part-095159_179182-049655.parquet,real_data_sample\l2_unseen_validation\trade_date=2026-07-17\exchange=NSE\symbol=NESTLEIND\part-095159_179182-049655.parquet,34497,downloaded,34497,
2026-07-17,NSE,NESTLEIND,raw_l2/trade_date=2026-07-17/exchange=NSE/symbol=NESTLEIND/part-095324_041530-049847.parquet,real_data_sample\l2_unseen_validation\trade_date=2026-07-17\exchange=NSE\symbol=NESTLEIND\part-095324_041530-049847.parquet,34466,downloaded,34466,
2026-07-17,NSE,NESTLEIND,raw_l2/trade_date=2026-07-17/exchange=NSE/symbol=NESTLEIND/part-095102_980399-049527.parquet,real_data_sample\l2_unseen_validation\trade_date=2026-07-17\exchange=NSE\symbol=NESTLEIND\part-095102_980399-049527.parquet,34430,downloaded,34430,
2026-07-17,NSE,NESTLEIND,raw_l2/trade_date=2026-07-17/exchange=NSE/symbol=NESTLEIND/part-095131_079522-049591.parquet,real_data_sample\l2_unseen_validation\trade_date=2026-07-17\exchange=NSE\symbol=NESTLEIND\part-095131_079522-049591.parquet,34478,downloaded,34478,
2026-07-17,NSE,NESTLEIND,raw_l2/trade_date=2026-07-17/exchange=NSE/symbol=NESTLEIND/part-095145_196457-049623.parquet,real_data_sample\l2_unseen_validation\trade_date=2026-07-17\exchange=NSE\symbol=NESTLEIND\part-095145_196457-049623.parquet,34673,downloaded,34673,
2026-07-17,NSE,NESTLEIND,raw_l2/trade_date=2026-07-17/exchange=NSE/symbol=NESTLEIND/part-095117_139776-049559.parquet,real_data_sample\l2_unseen_validation\trade_date=2026-07-17\exchange=NSE\symbol=NESTLEIND\part-095117_139776-049559.parquet,34444,downloaded,34444,
2026-07-17,NSE,NESTLEIND,raw_l2/trade_date=2026-07-17/exchange=NSE/symbol=NESTLEIND/part-095241_773770-049751.parquet,real_data_sample\l2_unseen_validation\trade_date=2026-07-17\exchange=NSE\symbol=NESTLEIND\part-095241_773770-049751.parquet,34689,downloaded,34689,
2026-07-17,NSE,NESTLEIND,raw_l2/trade_date=2026-07-17/exchange=NSE/symbol=NESTLEIND/part-095450_071796-050039.parquet,real_data_sample\l2_unseen_validation\trade_date=2026-07-17\exchange=NSE\symbol=NESTLEIND\part-095450_071796-050039.parquet,34685,downloaded,34685,
2026-07-17,NSE,NESTLEIND,raw_l2/trade_date=2026-07-17/exchange=NSE/symbol=NESTLEIND/part-095255_715188-049783.parquet,real_data_sample\l2_unseen_validation\trade_date=2026-07-17\exchange=NSE\symbol=NESTLEIND\part-095255_715188-049783.parquet,34520,downloaded,34520,
2026-07-17,NSE,NESTLEIND,raw_l2/trade_date=2026-07-17/exchange=NSE/symbol=NESTLEIND/part-095504_228699-050071.parquet,real_data_sample\l2_unseen_validation\trade_date=2026-07-17\exchange=NSE\symbol=NESTLEIND\part-095504_228699-050071.parquet,34425,downloaded,34425,
2026-07-17,NSE,NESTLEIND,raw_l2/trade_date=2026-07-17/exchange=NSE/symbol=NESTLEIND/part-095518_286782-050103.parquet,real_data_sample\l2_unseen_validation\trade_date=2026-07-17\exchange=NSE\symbol=NESTLEIND\part-095518_286782-050103.parquet,34656,downloaded,34656,
2026-07-17,NSE,NESTLEIND,raw_l2/trade_date=2026-07-17/exchange=NSE/symbol=NESTLEIND/part-095616_302580-050231.parquet,real_data_sample\l2_unseen_validation\trade_date=2026-07-17\exchange=NSE\symbol=NESTLEIND\part-095616_302580-050231.parquet,34658,downloaded,34658,
2026-07-17,NSE,NESTLEIND,raw_l2/trade_date=2026-07-17/exchange=NSE/symbol=NESTLEIND/part-095547_504568-050167.parquet,real_data_sample\l2_unseen_validation\trade_date=2026-07-17\exchange=NSE\symbol=NESTLEIND\part-095547_504568-050167.parquet,34680,downloaded,34680,
2026-07-17,NSE,NESTLEIND,raw_l2/trade_date=2026-07-17/exchange=NSE/symbol=NESTLEIND/part-095213_687626-049687.parquet,real_data_sample\l2_unseen_validation\trade_date=2026-07-17\exchange=NSE\symbol=NESTLEIND\part-095213_687626-049687.parquet,34424,downloaded,34424,
2026-07-17,NSE,NESTLEIND,raw_l2/trade_date=2026-07-17/exchange=NSE/symbol=NESTLEIND/part-095601_988991-050199.parquet,real_data_sample\l2_unseen_validation\trade_date=2026-07-17\exchange=NSE\symbol=NESTLEIND\part-095601_988991-050199.parquet,34430,downloaded,34430,
2026-07-17,NSE,NESTLEIND,raw_l2/trade_date=2026-07-17/exchange=NSE/symbol=NESTLEIND/part-095352_923949-049911.parquet,real_data_sample\l2_unseen_validation\trade_date=2026-07-17\exchange=NSE\symbol=NESTLEIND\part-095352_923949-049911.parquet,34735,downloaded,34735,
2026-07-17,NSE,NESTLEIND,raw_l2/trade_date=2026-07-17/exchange=NSE/symbol=NESTLEIND/part-095338_500809-049879.parquet,real_data_sample\l2_unseen_validation\trade_date=2026-07-17\exchange=NSE\symbol=NESTLEIND\part-095338_500809-049879.parquet,34459,downloaded,34459,
2026-07-17,NSE,NESTLEIND,raw_l2/trade_date=2026-07-17/exchange=NSE/symbol=NESTLEIND/part-095407_369012-049943.parquet,real_data_sample\l2_unseen_validation\trade_date=2026-07-17\exchange=NSE\symbol=NESTLEIND\part-095407_369012-049943.parquet,34494,downloaded,34494,
2026-07-17,NSE,NESTLEIND,raw_l2/trade_date=2026-07-17/exchange=NSE/symbol=NESTLEIND/part-095421_735243-049975.parquet,real_data_sample\l2_unseen_validation\trade_date=2026-07-17\exchange=NSE\symbol=NESTLEIND\part-095421_735243-049975.parquet,34460,downloaded,34460,
2026-07-17,NSE,NESTLEIND,raw_l2/trade_date=2026-07-17/exchange=NSE/symbol=NESTLEIND/part-095532_746965-050135.parquet,real_data_sample\l2_unseen_validation\trade_date=2026-07-17\exchange=NSE\symbol=NESTLEIND\part-095532_746965-050135.parquet,34461,downloaded,34461,
2026-07-17,NSE,NESTLEIND,raw_l2/trade_date=2026-07-17/exchange=NSE/symbol=NESTLEIND/part-095645_210005-050295.parquet,real_data_sample\l2_unseen_validation\trade_date=2026-07-17\exchange=NSE\symbol=NESTLEIND\part-095645_210005-050295.parquet,34648,downloaded,34648,
2026-07-17,NSE,NESTLEIND,raw_l2/trade_date=2026-07-17/exchange=NSE/symbol=NESTLEIND/part-095309_825870-049815.parquet,real_data_sample\l2_unseen_validation\trade_date=2026-07-17\exchange=NSE\symbol=NESTLEIND\part-095309_825870-049815.parquet,34484,downloaded,34484,
2026-07-17,NSE,NESTLEIND,raw_l2/trade_date=2026-07-17/exchange=NSE/symbol=NESTLEIND/part-095630_738056-050263.parquet,real_data_sample\l2_unseen_validation\trade_date=2026-07-17\exchange=NSE\symbol=NESTLEIND\part-095630_738056-050263.parquet,34486,downloaded,34486,
2026-07-17,NSE,NESTLEIND,raw_l2/trade_date=2026-07-17/exchange=NSE/symbol=NESTLEIND/part-095729_195061-050391.parquet,real_data_sample\l2_unseen_validation\trade_date=2026-07-17\exchange=NSE\symbol=NESTLEIND\part-095729_195061-050391.parquet,36020,downloaded,36020,
2026-07-17,NSE,NESTLEIND,raw_l2/trade_date=2026-07-17/exchange=NSE/symbol=NESTLEIND/part-095435_760823-050007.parquet,real_data_sample\l2_unseen_validation\trade_date=2026-07-17\exchange=NSE\symbol=NESTLEIND\part-095435_760823-050007.parquet,34473,downloaded,34473,
2026-07-17,NSE,NESTLEIND,raw_l2/trade_date=2026-07-17/exchange=NSE/symbol=NESTLEIND/part-094326_602775-048503.parquet,real_data_sample\l2_unseen_validation\trade_date=2026-07-17\exchange=NSE\symbol=NESTLEIND\part-094326_602775-048503.parquet,35735,downloaded,35735,
2026-07-17,NSE,NESTLEIND,raw_l2/trade_date=2026-07-17/exchange=NSE/symbol=NESTLEIND/part-095743_566971-050423.parquet,real_data_sample\l2_unseen_validation\trade_date=2026-07-17\exchange=NSE\symbol=NESTLEIND\part-095743_566971-050423.parquet,36330,downloaded,36330,
2026-07-17,NSE,NESTLEIND,raw_l2/trade_date=2026-07-17/exchange=NSE/symbol=NESTLEIND/part-095811_979172-050487.parquet,real_data_sample\l2_unseen_validation\trade_date=2026-07-17\exchange=NSE\symbol=NESTLEIND\part-095811_979172-050487.parquet,35194,downloaded,35194,
2026-07-17,NSE,NESTLEIND,raw_l2/trade_date=2026-07-17/exchange=NSE/symbol=NESTLEIND/part-095910_173716-050615.parquet,real_data_sample\l2_unseen_validation\trade_date=2026-07-17\exchange=NSE\symbol=NESTLEIND\part-095910_173716-050615.parquet,36155,downloaded,36155,
2026-07-17,NSE,NESTLEIND,raw_l2/trade_date=2026-07-17/exchange=NSE/symbol=NESTLEIND/part-095757_791069-050455.parquet,real_data_sample\l2_unseen_validation\trade_date=2026-07-17\exchange=NSE\symbol=NESTLEIND\part-095757_791069-050455.parquet,35907,downloaded,35907,
2026-07-17,NSE,NESTLEIND,raw_l2/trade_date=2026-07-17/exchange=NSE/symbol=NESTLEIND/part-095855_691837-050583.parquet,real_data_sample\l2_unseen_validation\trade_date=2026-07-17\exchange=NSE\symbol=NESTLEIND\part-095855_691837-050583.parquet,35604,downloaded,35604,
2026-07-17,NSE,NESTLEIND,raw_l2/trade_date=2026-07-17/exchange=NSE/symbol=NESTLEIND/part-095826_284878-050519.parquet,real_data_sample\l2_unseen_validation\trade_date=2026-07-17\exchange=NSE\symbol=NESTLEIND\part-095826_284878-050519.parquet,35113,downloaded,35113,
2026-07-17,NSE,NESTLEIND,raw_l2/trade_date=2026-07-17/exchange=NSE/symbol=NESTLEIND/part-095924_700926-050647.parquet,real_data_sample\l2_unseen_validation\trade_date=2026-07-17\exchange=NSE\symbol=NESTLEIND\part-095924_700926-050647.parquet,35844,downloaded,35844,
2026-07-17,NSE,NESTLEIND,raw_l2/trade_date=2026-07-17/exchange=NSE/symbol=NESTLEIND/part-095939_160592-050679.parquet,real_data_sample\l2_unseen_validation\trade_date=2026-07-17\exchange=NSE\symbol=NESTLEIND\part-095939_160592-050679.parquet,35655,downloaded,35655,
2026-07-17,NSE,NESTLEIND,raw_l2/trade_date=2026-07-17/exchange=NSE/symbol=NESTLEIND/part-095841_184197-050551.parquet,real_data_sample\l2_unseen_validation\trade_date=2026-07-17\exchange=NSE\symbol=NESTLEIND\part-095841_184197-050551.parquet,35992,downloaded,35992,
2026-07-17,NSE,NESTLEIND,raw_l2/trade_date=2026-07-17/exchange=NSE/symbol=NESTLEIND/part-095714_795635-050359.parquet,real_data_sample\l2_unseen_validation\trade_date=2026-07-17\exchange=NSE\symbol=NESTLEIND\part-095714_795635-050359.parquet,34669,downloaded,34669,
2026-07-17,NSE,NESTLEIND,raw_l2/trade_date=2026-07-17/exchange=NSE/symbol=NESTLEIND/part-095034_796142-049463.parquet,real_data_sample\l2_unseen_validation\trade_date=2026-07-17\exchange=NSE\symbol=NESTLEIND\part-095034_796142-049463.parquet,34477,downloaded,34477,
2026-07-17,NSE,NIFTYBEES,raw_l2/trade_date=2026-07-17/exchange=NSE/symbol=NIFTYBEES/part-034656_147335-000280.parquet,real_data_sample\l2_unseen_validation\trade_date=2026-07-17\exchange=NSE\symbol=NIFTYBEES\part-034656_147335-000280.parquet,35776,downloaded,35776,
2026-07-17,NSE,NESTLEIND,raw_l2/trade_date=2026-07-17/exchange=NSE/symbol=NESTLEIND/part-095700_090368-050327.parquet,real_data_sample\l2_unseen_validation\trade_date=2026-07-17\exchange=NSE\symbol=NESTLEIND\part-095700_090368-050327.parquet,34700,downloaded,34700,
2026-07-17,NSE,NESTLEIND,raw_l2/trade_date=2026-07-17/exchange=NSE/symbol=NESTLEIND/part-100114_114035-050760.parquet,real_data_sample\l2_unseen_validation\trade_date=2026-07-17\exchange=NSE\symbol=NESTLEIND\part-100114_114035-050760.parquet,34098,downloaded,34098,
2026-07-17,NSE,NIFTYBEES,raw_l2/trade_date=2026-07-17/exchange=NSE/symbol=NIFTYBEES/part-034614_034131-000184.parquet,real_data_sample\l2_unseen_validation\trade_date=2026-07-17\exchange=NSE\symbol=NIFTYBEES\part-034614_034131-000184.parquet,34488,downloaded,34488,
2026-07-17,NSE,NESTLEIND,raw_l2/trade_date=2026-07-17/exchange=NSE/symbol=NESTLEIND/part-095953_484871-050711.parquet,real_data_sample\l2_unseen_validation\trade_date=2026-07-17\exchange=NSE\symbol=NESTLEIND\part-095953_484871-050711.parquet,35471,downloaded,35471,
2026-07-17,NSE,NIFTYBEES,raw_l2/trade_date=2026-07-17/exchange=NSE/symbol=NIFTYBEES/part-034627_940950-000216.parquet,real_data_sample\l2_unseen_validation\trade_date=2026-07-17\exchange=NSE\symbol=NIFTYBEES\part-034627_940950-000216.parquet,35937,downloaded,35937,
2026-07-17,NSE,NIFTYBEES,raw_l2/trade_date=2026-07-17/exchange=NSE/symbol=NIFTYBEES/part-034806_595466-000440.parquet,real_data_sample\l2_unseen_validation\trade_date=2026-07-17\exchange=NSE\symbol=NIFTYBEES\part-034806_595466-000440.parquet,34448,downloaded,34448,
2026-07-17,NSE,NIFTYBEES,raw_l2/trade_date=2026-07-17/exchange=NSE/symbol=NIFTYBEES/part-034642_383541-000248.parquet,real_data_sample\l2_unseen_validation\trade_date=2026-07-17\exchange=NSE\symbol=NIFTYBEES\part-034642_383541-000248.parquet,35862,downloaded,35862,
2026-07-17,NSE,NIFTYBEES,raw_l2/trade_date=2026-07-17/exchange=NSE/symbol=NIFTYBEES/part-034738_118438-000376.parquet,real_data_sample\l2_unseen_validation\trade_date=2026-07-17\exchange=NSE\symbol=NIFTYBEES\part-034738_118438-000376.parquet,34402,downloaded,34402,
2026-07-17,NSE,NIFTYBEES,raw_l2/trade_date=2026-07-17/exchange=NSE/symbol=NIFTYBEES/part-034531_614730-000088.parquet,real_data_sample\l2_unseen_validation\trade_date=2026-07-17\exchange=NSE\symbol=NIFTYBEES\part-034531_614730-000088.parquet,34441,downloaded,34441,
2026-07-17,NSE,NESTLEIND,raw_l2/trade_date=2026-07-17/exchange=NSE/symbol=NESTLEIND/part-100007_869770-050743.parquet,real_data_sample\l2_unseen_validation\trade_date=2026-07-17\exchange=NSE\symbol=NESTLEIND\part-100007_869770-050743.parquet,34902,downloaded,34902,
2026-07-17,NSE,NIFTYBEES,raw_l2/trade_date=2026-07-17/exchange=NSE/symbol=NIFTYBEES/part-034517_810203-000056.parquet,real_data_sample\l2_unseen_validation\trade_date=2026-07-17\exchange=NSE\symbol=NIFTYBEES\part-034517_810203-000056.parquet,34472,downloaded,34472,
2026-07-17,NSE,NIFTYBEES,raw_l2/trade_date=2026-07-17/exchange=NSE/symbol=NIFTYBEES/part-034545_722523-000120.parquet,real_data_sample\l2_unseen_validation\trade_date=2026-07-17\exchange=NSE\symbol=NIFTYBEES\part-034545_722523-000120.parquet,34164,downloaded,34164,
2026-07-17,NSE,NIFTYBEES,raw_l2/trade_date=2026-07-17/exchange=NSE/symbol=NIFTYBEES/part-034847_868561-000536.parquet,real_data_sample\l2_unseen_validation\trade_date=2026-07-17\exchange=NSE\symbol=NIFTYBEES\part-034847_868561-000536.parquet,34171,downloaded,34171,
2026-07-17,NSE,NIFTYBEES,raw_l2/trade_date=2026-07-17/exchange=NSE/symbol=NIFTYBEES/part-034723_991447-000344.parquet,real_data_sample\l2_unseen_validation\trade_date=2026-07-17\exchange=NSE\symbol=NIFTYBEES\part-034723_991447-000344.parquet,34663,downloaded,34663,
2026-07-17,NSE,NIFTYBEES,raw_l2/trade_date=2026-07-17/exchange=NSE/symbol=NIFTYBEES/part-034559_922141-000152.parquet,real_data_sample\l2_unseen_validation\trade_date=2026-07-17\exchange=NSE\symbol=NIFTYBEES\part-034559_922141-000152.parquet,34688,downloaded,34688,
2026-07-17,NSE,NIFTYBEES,raw_l2/trade_date=2026-07-17/exchange=NSE/symbol=NIFTYBEES/part-034820_329799-000472.parquet,real_data_sample\l2_unseen_validation\trade_date=2026-07-17\exchange=NSE\symbol=NIFTYBEES\part-034820_329799-000472.parquet,34476,downloaded,34476,
2026-07-17,NSE,NIFTYBEES,raw_l2/trade_date=2026-07-17/exchange=NSE/symbol=NIFTYBEES/part-034752_173987-000408.parquet,real_data_sample\l2_unseen_validation\trade_date=2026-07-17\exchange=NSE\symbol=NIFTYBEES\part-034752_173987-000408.parquet,34449,downloaded,34449,
2026-07-17,NSE,NIFTYBEES,raw_l2/trade_date=2026-07-17/exchange=NSE/symbol=NIFTYBEES/part-034503_781996-000024.parquet,real_data_sample\l2_unseen_validation\trade_date=2026-07-17\exchange=NSE\symbol=NIFTYBEES\part-034503_781996-000024.parquet,34006,downloaded,34006,
2026-07-17,NSE,NIFTYBEES,raw_l2/trade_date=2026-07-17/exchange=NSE/symbol=NIFTYBEES/part-034709_936126-000312.parquet,real_data_sample\l2_unseen_validation\trade_date=2026-07-17\exchange=NSE\symbol=NIFTYBEES\part-034709_936126-000312.parquet,36247,downloaded,36247,
2026-07-17,NSE,NIFTYBEES,raw_l2/trade_date=2026-07-17/exchange=NSE/symbol=NIFTYBEES/part-034901_700326-000568.parquet,real_data_sample\l2_unseen_validation\trade_date=2026-07-17\exchange=NSE\symbol=NIFTYBEES\part-034901_700326-000568.parquet,34446,downloaded,34446,
2026-07-17,NSE,NIFTYBEES,raw_l2/trade_date=2026-07-17/exchange=NSE/symbol=NIFTYBEES/part-034929_790549-000632.parquet,real_data_sample\l2_unseen_validation\trade_date=2026-07-17\exchange=NSE\symbol=NIFTYBEES\part-034929_790549-000632.parquet,34259,downloaded,34259,
2026-07-17,NSE,NIFTYBEES,raw_l2/trade_date=2026-07-17/exchange=NSE/symbol=NIFTYBEES/part-034943_698181-000664.parquet,real_data_sample\l2_unseen_validation\trade_date=2026-07-17\exchange=NSE\symbol=NIFTYBEES\part-034943_698181-000664.parquet,34148,downloaded,34148,
2026-07-17,NSE,NIFTYBEES,raw_l2/trade_date=2026-07-17/exchange=NSE/symbol=NIFTYBEES/part-034915_771869-000600.parquet,real_data_sample\l2_unseen_validation\trade_date=2026-07-17\exchange=NSE\symbol=NIFTYBEES\part-034915_771869-000600.parquet,34419,downloaded,34419,
2026-07-17,NSE,NIFTYBEES,raw_l2/trade_date=2026-07-17/exchange=NSE/symbol=NIFTYBEES/part-035039_427501-000792.parquet,real_data_sample\l2_unseen_validation\trade_date=2026-07-17\exchange=NSE\symbol=NIFTYBEES\part-035039_427501-000792.parquet,34395,downloaded,34395,
2026-07-17,NSE,NIFTYBEES,raw_l2/trade_date=2026-07-17/exchange=NSE/symbol=NIFTYBEES/part-034957_877099-000696.parquet,real_data_sample\l2_unseen_validation\trade_date=2026-07-17\exchange=NSE\symbol=NIFTYBEES\part-034957_877099-000696.parquet,34501,downloaded,34501,
2026-07-17,NSE,NESTLEIND,raw_l2/trade_date=2026-07-17/exchange=NSE/symbol=NESTLEIND/part-095227_692387-049719.parquet,real_data_sample\l2_unseen_validation\trade_date=2026-07-17\exchange=NSE\symbol=NESTLEIND\part-095227_692387-049719.parquet,34494,downloaded,34494,
2026-07-17,NSE,NIFTYBEES,raw_l2/trade_date=2026-07-17/exchange=NSE/symbol=NIFTYBEES/part-035011_697471-000728.parquet,real_data_sample\l2_unseen_validation\trade_date=2026-07-17\exchange=NSE\symbol=NIFTYBEES\part-035011_697471-000728.parquet,34448,downloaded,34448,
2026-07-17,NSE,NIFTYBEES,raw_l2/trade_date=2026-07-17/exchange=NSE/symbol=NIFTYBEES/part-035025_652334-000760.parquet,real_data_sample\l2_unseen_validation\trade_date=2026-07-17\exchange=NSE\symbol=NIFTYBEES\part-035025_652334-000760.parquet,34402,downloaded,34402,
2026-07-17,NSE,NIFTYBEES,raw_l2/trade_date=2026-07-17/exchange=NSE/symbol=NIFTYBEES/part-035353_429395-001240.parquet,real_data_sample\l2_unseen_validation\trade_date=2026-07-17\exchange=NSE\symbol=NIFTYBEES\part-035353_429395-001240.parquet,34375,downloaded,34375,
2026-07-17,NSE,NIFTYBEES,raw_l2/trade_date=2026-07-17/exchange=NSE/symbol=NIFTYBEES/part-035339_562693-001208.parquet,real_data_sample\l2_unseen_validation\trade_date=2026-07-17\exchange=NSE\symbol=NIFTYBEES\part-035339_562693-001208.parquet,34505,downloaded,34505,
2026-07-17,NSE,NIFTYBEES,raw_l2/trade_date=2026-07-17/exchange=NSE/symbol=NIFTYBEES/part-035421_011579-001304.parquet,real_data_sample\l2_unseen_validation\trade_date=2026-07-17\exchange=NSE\symbol=NIFTYBEES\part-035421_011579-001304.parquet,34425,downloaded,34425,
2026-07-17,NSE,NIFTYBEES,raw_l2/trade_date=2026-07-17/exchange=NSE/symbol=NIFTYBEES/part-035530_958804-001464.parquet,real_data_sample\l2_unseen_validation\trade_date=2026-07-17\exchange=NSE\symbol=NIFTYBEES\part-035530_958804-001464.parquet,34490,downloaded,34490,
2026-07-17,NSE,NIFTYBEES,raw_l2/trade_date=2026-07-17/exchange=NSE/symbol=NIFTYBEES/part-035407_335840-001272.parquet,real_data_sample\l2_unseen_validation\trade_date=2026-07-17\exchange=NSE\symbol=NIFTYBEES\part-035407_335840-001272.parquet,34410,downloaded,34410,
2026-07-17,NSE,NIFTYBEES,raw_l2/trade_date=2026-07-17/exchange=NSE/symbol=NIFTYBEES/part-035148_195102-000952.parquet,real_data_sample\l2_unseen_validation\trade_date=2026-07-17\exchange=NSE\symbol=NIFTYBEES\part-035148_195102-000952.parquet,34420,downloaded,34420,
2026-07-17,NSE,NIFTYBEES,raw_l2/trade_date=2026-07-17/exchange=NSE/symbol=NIFTYBEES/part-035120_651913-000888.parquet,real_data_sample\l2_unseen_validation\trade_date=2026-07-17\exchange=NSE\symbol=NIFTYBEES\part-035120_651913-000888.parquet,34625,downloaded,34625,
2026-07-17,NSE,NIFTYBEES,raw_l2/trade_date=2026-07-17/exchange=NSE/symbol=NIFTYBEES/part-035202_251007-000984.parquet,real_data_sample\l2_unseen_validation\trade_date=2026-07-17\exchange=NSE\symbol=NIFTYBEES\part-035202_251007-000984.parquet,34618,downloaded,34618,
2026-07-17,NSE,NIFTYBEES,raw_l2/trade_date=2026-07-17/exchange=NSE/symbol=NIFTYBEES/part-035544_954049-001496.parquet,real_data_sample\l2_unseen_validation\trade_date=2026-07-17\exchange=NSE\symbol=NIFTYBEES\part-035544_954049-001496.parquet,34534,downloaded,34534,
2026-07-17,NSE,NIFTYBEES,raw_l2/trade_date=2026-07-17/exchange=NSE/symbol=NIFTYBEES/part-035448_774832-001368.parquet,real_data_sample\l2_unseen_validation\trade_date=2026-07-17\exchange=NSE\symbol=NIFTYBEES\part-035448_774832-001368.parquet,34643,downloaded,34643,
2026-07-17,NSE,NIFTYBEES,raw_l2/trade_date=2026-07-17/exchange=NSE/symbol=NIFTYBEES/part-035434_941435-001336.parquet,real_data_sample\l2_unseen_validation\trade_date=2026-07-17\exchange=NSE\symbol=NIFTYBEES\part-035434_941435-001336.parquet,34396,downloaded,34396,
2026-07-17,NSE,NIFTYBEES,raw_l2/trade_date=2026-07-17/exchange=NSE/symbol=NIFTYBEES/part-035311_822400-001144.parquet,real_data_sample\l2_unseen_validation\trade_date=2026-07-17\exchange=NSE\symbol=NIFTYBEES\part-035311_822400-001144.parquet,34407,downloaded,34407,
2026-07-17,NSE,NIFTYBEES,raw_l2/trade_date=2026-07-17/exchange=NSE/symbol=NIFTYBEES/part-035325_684338-001176.parquet,real_data_sample\l2_unseen_validation\trade_date=2026-07-17\exchange=NSE\symbol=NIFTYBEES\part-035325_684338-001176.parquet,34381,downloaded,34381,
2026-07-17,NSE,NIFTYBEES,raw_l2/trade_date=2026-07-17/exchange=NSE/symbol=NIFTYBEES/part-035216_098133-001016.parquet,real_data_sample\l2_unseen_validation\trade_date=2026-07-17\exchange=NSE\symbol=NIFTYBEES\part-035216_098133-001016.parquet,34390,downloaded,34390,
2026-07-17,NSE,NIFTYBEES,raw_l2/trade_date=2026-07-17/exchange=NSE/symbol=NIFTYBEES/part-035243_916306-001080.parquet,real_data_sample\l2_unseen_validation\trade_date=2026-07-17\exchange=NSE\symbol=NIFTYBEES\part-035243_916306-001080.parquet,34153,downloaded,34153,
2026-07-17,NSE,NIFTYBEES,raw_l2/trade_date=2026-07-17/exchange=NSE/symbol=NIFTYBEES/part-035502_900433-001400.parquet,real_data_sample\l2_unseen_validation\trade_date=2026-07-17\exchange=NSE\symbol=NIFTYBEES\part-035502_900433-001400.parquet,34161,downloaded,34161,
2026-07-17,NSE,NIFTYBEES,raw_l2/trade_date=2026-07-17/exchange=NSE/symbol=NIFTYBEES/part-035229_985948-001048.parquet,real_data_sample\l2_unseen_validation\trade_date=2026-07-17\exchange=NSE\symbol=NIFTYBEES\part-035229_985948-001048.parquet,34522,downloaded,34522,
2026-07-17,NSE,NIFTYBEES,raw_l2/trade_date=2026-07-17/exchange=NSE/symbol=NIFTYBEES/part-035516_951438-001432.parquet,real_data_sample\l2_unseen_validation\trade_date=2026-07-17\exchange=NSE\symbol=NIFTYBEES\part-035516_951438-001432.parquet,34405,downloaded,34405,
2026-07-17,NSE,NIFTYBEES,raw_l2/trade_date=2026-07-17/exchange=NSE/symbol=NIFTYBEES/part-035258_038214-001112.parquet,real_data_sample\l2_unseen_validation\trade_date=2026-07-17\exchange=NSE\symbol=NIFTYBEES\part-035258_038214-001112.parquet,34604,downloaded,34604,
2026-07-17,NSE,NIFTYBEES,raw_l2/trade_date=2026-07-17/exchange=NSE/symbol=NIFTYBEES/part-035558_811663-001528.parquet,real_data_sample\l2_unseen_validation\trade_date=2026-07-17\exchange=NSE\symbol=NIFTYBEES\part-035558_811663-001528.parquet,34592,downloaded,34592,
2026-07-17,NSE,NIFTYBEES,raw_l2/trade_date=2026-07-17/exchange=NSE/symbol=NIFTYBEES/part-035612_680824-001560.parquet,real_data_sample\l2_unseen_validation\trade_date=2026-07-17\exchange=NSE\symbol=NIFTYBEES\part-035612_680824-001560.parquet,34495,downloaded,34495,
2026-07-17,NSE,NIFTYBEES,raw_l2/trade_date=2026-07-17/exchange=NSE/symbol=NIFTYBEES/part-035053_128793-000824.parquet,real_data_sample\l2_unseen_validation\trade_date=2026-07-17\exchange=NSE\symbol=NIFTYBEES\part-035053_128793-000824.parquet,34506,downloaded,34506,
2026-07-17,NSE,NIFTYBEES,raw_l2/trade_date=2026-07-17/exchange=NSE/symbol=NIFTYBEES/part-035626_841854-001592.parquet,real_data_sample\l2_unseen_validation\trade_date=2026-07-17\exchange=NSE\symbol=NIFTYBEES\part-035626_841854-001592.parquet,34604,downloaded,34604,
2026-07-17,NSE,NIFTYBEES,raw_l2/trade_date=2026-07-17/exchange=NSE/symbol=NIFTYBEES/part-035640_740993-001624.parquet,real_data_sample\l2_unseen_validation\trade_date=2026-07-17\exchange=NSE\symbol=NIFTYBEES\part-035640_740993-001624.parquet,34489,downloaded,34489,
2026-07-17,NSE,NIFTYBEES,raw_l2/trade_date=2026-07-17/exchange=NSE/symbol=NIFTYBEES/part-035654_675068-001656.parquet,real_data_sample\l2_unseen_validation\trade_date=2026-07-17\exchange=NSE\symbol=NIFTYBEES\part-035654_675068-001656.parquet,34409,downloaded,34409,
2026-07-17,NSE,NIFTYBEES,raw_l2/trade_date=2026-07-17/exchange=NSE/symbol=NIFTYBEES/part-035708_501089-001688.parquet,real_data_sample\l2_unseen_validation\trade_date=2026-07-17\exchange=NSE\symbol=NIFTYBEES\part-035708_501089-001688.parquet,34391,downloaded,34391,
2026-07-17,NSE,NIFTYBEES,raw_l2/trade_date=2026-07-17/exchange=NSE/symbol=NIFTYBEES/part-035736_642046-001752.parquet,real_data_sample\l2_unseen_validation\trade_date=2026-07-17\exchange=NSE\symbol=NIFTYBEES\part-035736_642046-001752.parquet,34557,downloaded,34557,
2026-07-17,NSE,NIFTYBEES,raw_l2/trade_date=2026-07-17/exchange=NSE/symbol=NIFTYBEES/part-034834_119711-000504.parquet,real_data_sample\l2_unseen_validation\trade_date=2026-07-17\exchange=NSE\symbol=NIFTYBEES\part-034834_119711-000504.parquet,34453,downloaded,34453,
2026-07-17,NSE,NIFTYBEES,raw_l2/trade_date=2026-07-17/exchange=NSE/symbol=NIFTYBEES/part-035106_830791-000856.parquet,real_data_sample\l2_unseen_validation\trade_date=2026-07-17\exchange=NSE\symbol=NIFTYBEES\part-035106_830791-000856.parquet,34426,downloaded,34426,
2026-07-17,NSE,NIFTYBEES,raw_l2/trade_date=2026-07-17/exchange=NSE/symbol=NIFTYBEES/part-035750_876333-001784.parquet,real_data_sample\l2_unseen_validation\trade_date=2026-07-17\exchange=NSE\symbol=NIFTYBEES\part-035750_876333-001784.parquet,34447,downloaded,34447,
2026-07-17,NSE,NIFTYBEES,raw_l2/trade_date=2026-07-17/exchange=NSE/symbol=NIFTYBEES/part-035805_269198-001816.parquet,real_data_sample\l2_unseen_validation\trade_date=2026-07-17\exchange=NSE\symbol=NIFTYBEES\part-035805_269198-001816.parquet,34410,downloaded,34410,
2026-07-17,NSE,NIFTYBEES,raw_l2/trade_date=2026-07-17/exchange=NSE/symbol=NIFTYBEES/part-035833_561524-001880.parquet,real_data_sample\l2_unseen_validation\trade_date=2026-07-17\exchange=NSE\symbol=NIFTYBEES\part-035833_561524-001880.parquet,34618,downloaded,34618,
2026-07-17,NSE,NIFTYBEES,raw_l2/trade_date=2026-07-17/exchange=NSE/symbol=NIFTYBEES/part-035819_535047-001848.parquet,real_data_sample\l2_unseen_validation\trade_date=2026-07-17\exchange=NSE\symbol=NIFTYBEES\part-035819_535047-001848.parquet,34388,downloaded,34388,
2026-07-17,NSE,NIFTYBEES,raw_l2/trade_date=2026-07-17/exchange=NSE/symbol=NIFTYBEES/part-035847_519228-001912.parquet,real_data_sample\l2_unseen_validation\trade_date=2026-07-17\exchange=NSE\symbol=NIFTYBEES\part-035847_519228-001912.parquet,34682,downloaded,34682,
2026-07-17,NSE,NIFTYBEES,raw_l2/trade_date=2026-07-17/exchange=NSE/symbol=NIFTYBEES/part-035901_556153-001944.parquet,real_data_sample\l2_unseen_validation\trade_date=2026-07-17\exchange=NSE\symbol=NIFTYBEES\part-035901_556153-001944.parquet,34450,downloaded,34450,
2026-07-17,NSE,NIFTYBEES,raw_l2/trade_date=2026-07-17/exchange=NSE/symbol=NIFTYBEES/part-035943_530339-002040.parquet,real_data_sample\l2_unseen_validation\trade_date=2026-07-17\exchange=NSE\symbol=NIFTYBEES\part-035943_530339-002040.parquet,34397,downloaded,34397,
2026-07-17,NSE,NIFTYBEES,raw_l2/trade_date=2026-07-17/exchange=NSE/symbol=NIFTYBEES/part-035929_446616-002008.parquet,real_data_sample\l2_unseen_validation\trade_date=2026-07-17\exchange=NSE\symbol=NIFTYBEES\part-035929_446616-002008.parquet,34613,downloaded,34613,
2026-07-17,NSE,NIFTYBEES,raw_l2/trade_date=2026-07-17/exchange=NSE/symbol=NIFTYBEES/part-035915_569492-001976.parquet,real_data_sample\l2_unseen_validation\trade_date=2026-07-17\exchange=NSE\symbol=NIFTYBEES\part-035915_569492-001976.parquet,34533,downloaded,34533,
2026-07-17,NSE,NIFTYBEES,raw_l2/trade_date=2026-07-17/exchange=NSE/symbol=NIFTYBEES/part-035134_349175-000920.parquet,real_data_sample\l2_unseen_validation\trade_date=2026-07-17\exchange=NSE\symbol=NIFTYBEES\part-035134_349175-000920.parquet,34423,downloaded,34423,
2026-07-17,NSE,NIFTYBEES,raw_l2/trade_date=2026-07-17/exchange=NSE/symbol=NIFTYBEES/part-035957_520320-002072.parquet,real_data_sample\l2_unseen_validation\trade_date=2026-07-17\exchange=NSE\symbol=NIFTYBEES\part-035957_520320-002072.parquet,34558,downloaded,34558,
2026-07-17,NSE,NIFTYBEES,raw_l2/trade_date=2026-07-17/exchange=NSE/symbol=NIFTYBEES/part-040342_100001-002584.parquet,real_data_sample\l2_unseen_validation\trade_date=2026-07-17\exchange=NSE\symbol=NIFTYBEES\part-040342_100001-002584.parquet,34498,downloaded,34498,
2026-07-17,NSE,NIFTYBEES,raw_l2/trade_date=2026-07-17/exchange=NSE/symbol=NIFTYBEES/part-040356_275414-002616.parquet,real_data_sample\l2_unseen_validation\trade_date=2026-07-17\exchange=NSE\symbol=NIFTYBEES\part-040356_275414-002616.parquet,34373,downloaded,34373,
2026-07-17,NSE,NIFTYBEES,raw_l2/trade_date=2026-07-17/exchange=NSE/symbol=NIFTYBEES/part-040230_598913-002424.parquet,real_data_sample\l2_unseen_validation\trade_date=2026-07-17\exchange=NSE\symbol=NIFTYBEES\part-040230_598913-002424.parquet,34413,downloaded,34413,
2026-07-17,NSE,NIFTYBEES,raw_l2/trade_date=2026-07-17/exchange=NSE/symbol=NIFTYBEES/part-040327_920904-002552.parquet,real_data_sample\l2_unseen_validation\trade_date=2026-07-17\exchange=NSE\symbol=NIFTYBEES\part-040327_920904-002552.parquet,34480,downloaded,34480,
2026-07-17,NSE,NIFTYBEES,raw_l2/trade_date=2026-07-17/exchange=NSE/symbol=NIFTYBEES/part-040410_324513-002648.parquet,real_data_sample\l2_unseen_validation\trade_date=2026-07-17\exchange=NSE\symbol=NIFTYBEES\part-040410_324513-002648.parquet,34589,downloaded,34589,
2026-07-17,NSE,NIFTYBEES,raw_l2/trade_date=2026-07-17/exchange=NSE/symbol=NIFTYBEES/part-040107_196151-002232.parquet,real_data_sample\l2_unseen_validation\trade_date=2026-07-17\exchange=NSE\symbol=NIFTYBEES\part-040107_196151-002232.parquet,34451,downloaded,34451,
2026-07-17,NSE,NIFTYBEES,raw_l2/trade_date=2026-07-17/exchange=NSE/symbol=NIFTYBEES/part-040506_401173-002776.parquet,real_data_sample\l2_unseen_validation\trade_date=2026-07-17\exchange=NSE\symbol=NIFTYBEES\part-040506_401173-002776.parquet,34714,downloaded,34714,
2026-07-17,NSE,NIFTYBEES,raw_l2/trade_date=2026-07-17/exchange=NSE/symbol=NIFTYBEES/part-040011_617420-002104.parquet,real_data_sample\l2_unseen_validation\trade_date=2026-07-17\exchange=NSE\symbol=NIFTYBEES\part-040011_617420-002104.parquet,34751,downloaded,34751,
2026-07-17,NSE,NIFTYBEES,raw_l2/trade_date=2026-07-17/exchange=NSE/symbol=NIFTYBEES/part-040452_125123-002744.parquet,real_data_sample\l2_unseen_validation\trade_date=2026-07-17\exchange=NSE\symbol=NIFTYBEES\part-040452_125123-002744.parquet,34425,downloaded,34425,
2026-07-17,NSE,NIFTYBEES,raw_l2/trade_date=2026-07-17/exchange=NSE/symbol=NIFTYBEES/part-040053_238617-002200.parquet,real_data_sample\l2_unseen_validation\trade_date=2026-07-17\exchange=NSE\symbol=NIFTYBEES\part-040053_238617-002200.parquet,34337,downloaded,34337,
2026-07-17,NSE,NIFTYBEES,raw_l2/trade_date=2026-07-17/exchange=NSE/symbol=NIFTYBEES/part-040548_665559-002872.parquet,real_data_sample\l2_unseen_validation\trade_date=2026-07-17\exchange=NSE\symbol=NIFTYBEES\part-040548_665559-002872.parquet,35629,downloaded,35629,
2026-07-17,NSE,NIFTYBEES,raw_l2/trade_date=2026-07-17/exchange=NSE/symbol=NIFTYBEES/part-040313_769699-002520.parquet,real_data_sample\l2_unseen_validation\trade_date=2026-07-17\exchange=NSE\symbol=NIFTYBEES\part-040313_769699-002520.parquet,34696,downloaded,34696,
2026-07-17,NSE,NIFTYBEES,raw_l2/trade_date=2026-07-17/exchange=NSE/symbol=NIFTYBEES/part-040244_966491-002456.parquet,real_data_sample\l2_unseen_validation\trade_date=2026-07-17\exchange=NSE\symbol=NIFTYBEES\part-040244_966491-002456.parquet,34620,downloaded,34620,
2026-07-17,NSE,NIFTYBEES,raw_l2/trade_date=2026-07-17/exchange=NSE/symbol=NIFTYBEES/part-040121_041515-002264.parquet,real_data_sample\l2_unseen_validation\trade_date=2026-07-17\exchange=NSE\symbol=NIFTYBEES\part-040121_041515-002264.parquet,35126,downloaded,35126,
2026-07-17,NSE,NIFTYBEES,raw_l2/trade_date=2026-07-17/exchange=NSE/symbol=NIFTYBEES/part-040039_549151-002168.parquet,real_data_sample\l2_unseen_validation\trade_date=2026-07-17\exchange=NSE\symbol=NIFTYBEES\part-040039_549151-002168.parquet,34431,downloaded,34431,
2026-07-17,NSE,NIFTYBEES,raw_l2/trade_date=2026-07-17/exchange=NSE/symbol=NIFTYBEES/part-040216_554703-002392.parquet,real_data_sample\l2_unseen_validation\trade_date=2026-07-17\exchange=NSE\symbol=NIFTYBEES\part-040216_554703-002392.parquet,35409,downloaded,35409,
2026-07-17,NSE,NIFTYBEES,raw_l2/trade_date=2026-07-17/exchange=NSE/symbol=NIFTYBEES/part-040148_644420-002328.parquet,real_data_sample\l2_unseen_validation\trade_date=2026-07-17\exchange=NSE\symbol=NIFTYBEES\part-040148_644420-002328.parquet,35843,downloaded,35843,
2026-07-17,NSE,NIFTYBEES,raw_l2/trade_date=2026-07-17/exchange=NSE/symbol=NIFTYBEES/part-040025_711550-002136.parquet,real_data_sample\l2_unseen_validation\trade_date=2026-07-17\exchange=NSE\symbol=NIFTYBEES\part-040025_711550-002136.parquet,34357,downloaded,34357,
2026-07-17,NSE,NIFTYBEES,raw_l2/trade_date=2026-07-17/exchange=NSE/symbol=NIFTYBEES/part-040134_859882-002296.parquet,real_data_sample\l2_unseen_validation\trade_date=2026-07-17\exchange=NSE\symbol=NIFTYBEES\part-040134_859882-002296.parquet,35595,downloaded,35595,
2026-07-17,NSE,NIFTYBEES,raw_l2/trade_date=2026-07-17/exchange=NSE/symbol=NIFTYBEES/part-040520_683345-002808.parquet,real_data_sample\l2_unseen_validation\trade_date=2026-07-17\exchange=NSE\symbol=NIFTYBEES\part-040520_683345-002808.parquet,35377,downloaded,35377,
2026-07-17,NSE,NIFTYBEES,raw_l2/trade_date=2026-07-17/exchange=NSE/symbol=NIFTYBEES/part-040616_625133-002936.parquet,real_data_sample\l2_unseen_validation\trade_date=2026-07-17\exchange=NSE\symbol=NIFTYBEES\part-040616_625133-002936.parquet,35585,downloaded,35585,
2026-07-17,NSE,NIFTYBEES,raw_l2/trade_date=2026-07-17/exchange=NSE/symbol=NIFTYBEES/part-040202_701724-002360.parquet,real_data_sample\l2_unseen_validation\trade_date=2026-07-17\exchange=NSE\symbol=NIFTYBEES\part-040202_701724-002360.parquet,35564,downloaded,35564,
2026-07-17,NSE,NIFTYBEES,raw_l2/trade_date=2026-07-17/exchange=NSE/symbol=NIFTYBEES/part-040534_704271-002840.parquet,real_data_sample\l2_unseen_validation\trade_date=2026-07-17\exchange=NSE\symbol=NIFTYBEES\part-040534_704271-002840.parquet,35837,downloaded,35837,
2026-07-17,NSE,NIFTYBEES,raw_l2/trade_date=2026-07-17/exchange=NSE/symbol=NIFTYBEES/part-040602_809061-002904.parquet,real_data_sample\l2_unseen_validation\trade_date=2026-07-17\exchange=NSE\symbol=NIFTYBEES\part-040602_809061-002904.parquet,35847,downloaded,35847,
2026-07-17,NSE,NIFTYBEES,raw_l2/trade_date=2026-07-17/exchange=NSE/symbol=NIFTYBEES/part-040644_440283-003000.parquet,real_data_sample\l2_unseen_validation\trade_date=2026-07-17\exchange=NSE\symbol=NIFTYBEES\part-040644_440283-003000.parquet,34607,downloaded,34607,
2026-07-17,NSE,NIFTYBEES,raw_l2/trade_date=2026-07-17/exchange=NSE/symbol=NIFTYBEES/part-040630_631344-002968.parquet,real_data_sample\l2_unseen_validation\trade_date=2026-07-17\exchange=NSE\symbol=NIFTYBEES\part-040630_631344-002968.parquet,34384,downloaded,34384,
2026-07-17,NSE,NIFTYBEES,raw_l2/trade_date=2026-07-17/exchange=NSE/symbol=NIFTYBEES/part-040712_461263-003064.parquet,real_data_sample\l2_unseen_validation\trade_date=2026-07-17\exchange=NSE\symbol=NIFTYBEES\part-040712_461263-003064.parquet,34655,downloaded,34655,
2026-07-17,NSE,NIFTYBEES,raw_l2/trade_date=2026-07-17/exchange=NSE/symbol=NIFTYBEES/part-040438_231515-002712.parquet,real_data_sample\l2_unseen_validation\trade_date=2026-07-17\exchange=NSE\symbol=NIFTYBEES\part-040438_231515-002712.parquet,34690,downloaded,34690,
2026-07-17,NSE,NIFTYBEES,raw_l2/trade_date=2026-07-17/exchange=NSE/symbol=NIFTYBEES/part-040740_690776-003128.parquet,real_data_sample\l2_unseen_validation\trade_date=2026-07-17\exchange=NSE\symbol=NIFTYBEES\part-040740_690776-003128.parquet,34613,downloaded,34613,
2026-07-17,NSE,NIFTYBEES,raw_l2/trade_date=2026-07-17/exchange=NSE/symbol=NIFTYBEES/part-040726_454805-003096.parquet,real_data_sample\l2_unseen_validation\trade_date=2026-07-17\exchange=NSE\symbol=NIFTYBEES\part-040726_454805-003096.parquet,34407,downloaded,34407,
2026-07-17,NSE,NIFTYBEES,raw_l2/trade_date=2026-07-17/exchange=NSE/symbol=NIFTYBEES/part-040754_674192-003160.parquet,real_data_sample\l2_unseen_validation\trade_date=2026-07-17\exchange=NSE\symbol=NIFTYBEES\part-040754_674192-003160.parquet,34487,downloaded,34487,
2026-07-17,NSE,NIFTYBEES,raw_l2/trade_date=2026-07-17/exchange=NSE/symbol=NIFTYBEES/part-040259_512886-002488.parquet,real_data_sample\l2_unseen_validation\trade_date=2026-07-17\exchange=NSE\symbol=NIFTYBEES\part-040259_512886-002488.parquet,34527,downloaded,34527,
2026-07-17,NSE,NIFTYBEES,raw_l2/trade_date=2026-07-17/exchange=NSE/symbol=NIFTYBEES/part-040424_284193-002680.parquet,real_data_sample\l2_unseen_validation\trade_date=2026-07-17\exchange=NSE\symbol=NIFTYBEES\part-040424_284193-002680.parquet,34709,downloaded,34709,
2026-07-17,NSE,NIFTYBEES,raw_l2/trade_date=2026-07-17/exchange=NSE/symbol=NIFTYBEES/part-035722_576863-001720.parquet,real_data_sample\l2_unseen_validation\trade_date=2026-07-17\exchange=NSE\symbol=NIFTYBEES\part-035722_576863-001720.parquet,34458,downloaded,34458,
2026-07-17,NSE,NIFTYBEES,raw_l2/trade_date=2026-07-17/exchange=NSE/symbol=NIFTYBEES/part-040823_260924-003224.parquet,real_data_sample\l2_unseen_validation\trade_date=2026-07-17\exchange=NSE\symbol=NIFTYBEES\part-040823_260924-003224.parquet,34527,downloaded,34527,
2026-07-17,NSE,NIFTYBEES,raw_l2/trade_date=2026-07-17/exchange=NSE/symbol=NIFTYBEES/part-040837_256137-003256.parquet,real_data_sample\l2_unseen_validation\trade_date=2026-07-17\exchange=NSE\symbol=NIFTYBEES\part-040837_256137-003256.parquet,34659,downloaded,34659,
2026-07-17,NSE,NIFTYBEES,raw_l2/trade_date=2026-07-17/exchange=NSE/symbol=NIFTYBEES/part-040851_737741-003288.parquet,real_data_sample\l2_unseen_validation\trade_date=2026-07-17\exchange=NSE\symbol=NIFTYBEES\part-040851_737741-003288.parquet,34655,downloaded,34655,
2026-07-17,NSE,NIFTYBEES,raw_l2/trade_date=2026-07-17/exchange=NSE/symbol=NIFTYBEES/part-040919_880771-003352.parquet,real_data_sample\l2_unseen_validation\trade_date=2026-07-17\exchange=NSE\symbol=NIFTYBEES\part-040919_880771-003352.parquet,34409,downloaded,34409,
2026-07-17,NSE,NIFTYBEES,raw_l2/trade_date=2026-07-17/exchange=NSE/symbol=NIFTYBEES/part-040658_400960-003032.parquet,real_data_sample\l2_unseen_validation\trade_date=2026-07-17\exchange=NSE\symbol=NIFTYBEES\part-040658_400960-003032.parquet,34421,downloaded,34421,
2026-07-17,NSE,NIFTYBEES,raw_l2/trade_date=2026-07-17/exchange=NSE/symbol=NIFTYBEES/part-041002_822029-003448.parquet,real_data_sample\l2_unseen_validation\trade_date=2026-07-17\exchange=NSE\symbol=NIFTYBEES\part-041002_822029-003448.parquet,34372,downloaded,34372,
2026-07-17,NSE,NIFTYBEES,raw_l2/trade_date=2026-07-17/exchange=NSE/symbol=NIFTYBEES/part-040808_709131-003192.parquet,real_data_sample\l2_unseen_validation\trade_date=2026-07-17\exchange=NSE\symbol=NIFTYBEES\part-040808_709131-003192.parquet,34402,downloaded,34402,
2026-07-17,NSE,NIFTYBEES,raw_l2/trade_date=2026-07-17/exchange=NSE/symbol=NIFTYBEES/part-040905_723439-003320.parquet,real_data_sample\l2_unseen_validation\trade_date=2026-07-17\exchange=NSE\symbol=NIFTYBEES\part-040905_723439-003320.parquet,34564,downloaded,34564,
2026-07-17,NSE,NIFTYBEES,raw_l2/trade_date=2026-07-17/exchange=NSE/symbol=NIFTYBEES/part-041045_086543-003544.parquet,real_data_sample\l2_unseen_validation\trade_date=2026-07-17\exchange=NSE\symbol=NIFTYBEES\part-041045_086543-003544.parquet,35532,downloaded,35532,
2026-07-17,NSE,NIFTYBEES,raw_l2/trade_date=2026-07-17/exchange=NSE/symbol=NIFTYBEES/part-041209_305780-003736.parquet,real_data_sample\l2_unseen_validation\trade_date=2026-07-17\exchange=NSE\symbol=NIFTYBEES\part-041209_305780-003736.parquet,35486,downloaded,35486,
2026-07-17,NSE,NIFTYBEES,raw_l2/trade_date=2026-07-17/exchange=NSE/symbol=NIFTYBEES/part-041030_952528-003512.parquet,real_data_sample\l2_unseen_validation\trade_date=2026-07-17\exchange=NSE\symbol=NIFTYBEES\part-041030_952528-003512.parquet,35652,downloaded,35652,
2026-07-17,NSE,NIFTYBEES,raw_l2/trade_date=2026-07-17/exchange=NSE/symbol=NIFTYBEES/part-041155_192876-003704.parquet,real_data_sample\l2_unseen_validation\trade_date=2026-07-17\exchange=NSE\symbol=NIFTYBEES\part-041155_192876-003704.parquet,35401,downloaded,35401,
2026-07-17,NSE,NIFTYBEES,raw_l2/trade_date=2026-07-17/exchange=NSE/symbol=NIFTYBEES/part-041059_476130-003576.parquet,real_data_sample\l2_unseen_validation\trade_date=2026-07-17\exchange=NSE\symbol=NIFTYBEES\part-041059_476130-003576.parquet,35334,downloaded,35334,
2026-07-17,NSE,NIFTYBEES,raw_l2/trade_date=2026-07-17/exchange=NSE/symbol=NIFTYBEES/part-041127_340954-003640.parquet,real_data_sample\l2_unseen_validation\trade_date=2026-07-17\exchange=NSE\symbol=NIFTYBEES\part-041127_340954-003640.parquet,35159,downloaded,35159,
2026-07-17,NSE,NIFTYBEES,raw_l2/trade_date=2026-07-17/exchange=NSE/symbol=NIFTYBEES/part-041332_732039-003928.parquet,real_data_sample\l2_unseen_validation\trade_date=2026-07-17\exchange=NSE\symbol=NIFTYBEES\part-041332_732039-003928.parquet,34602,downloaded,34602,
2026-07-17,NSE,NIFTYBEES,raw_l2/trade_date=2026-07-17/exchange=NSE/symbol=NIFTYBEES/part-041113_605479-003608.parquet,real_data_sample\l2_unseen_validation\trade_date=2026-07-17\exchange=NSE\symbol=NIFTYBEES\part-041113_605479-003608.parquet,35276,downloaded,35276,
2026-07-17,NSE,NIFTYBEES,raw_l2/trade_date=2026-07-17/exchange=NSE/symbol=NIFTYBEES/part-040948_646127-003416.parquet,real_data_sample\l2_unseen_validation\trade_date=2026-07-17\exchange=NSE\symbol=NIFTYBEES\part-040948_646127-003416.parquet,34706,downloaded,34706,
2026-07-17,NSE,NIFTYBEES,raw_l2/trade_date=2026-07-17/exchange=NSE/symbol=NIFTYBEES/part-041141_436721-003672.parquet,real_data_sample\l2_unseen_validation\trade_date=2026-07-17\exchange=NSE\symbol=NIFTYBEES\part-041141_436721-003672.parquet,35131,downloaded,35131,
2026-07-17,NSE,NIFTYBEES,raw_l2/trade_date=2026-07-17/exchange=NSE/symbol=NIFTYBEES/part-041250_904473-003832.parquet,real_data_sample\l2_unseen_validation\trade_date=2026-07-17\exchange=NSE\symbol=NIFTYBEES\part-041250_904473-003832.parquet,34366,downloaded,34366,
2026-07-17,NSE,NIFTYBEES,raw_l2/trade_date=2026-07-17/exchange=NSE/symbol=NIFTYBEES/part-041223_188990-003768.parquet,real_data_sample\l2_unseen_validation\trade_date=2026-07-17\exchange=NSE\symbol=NIFTYBEES\part-041223_188990-003768.parquet,34715,downloaded,34715,
2026-07-17,NSE,NIFTYBEES,raw_l2/trade_date=2026-07-17/exchange=NSE/symbol=NIFTYBEES/part-041318_599437-003896.parquet,real_data_sample\l2_unseen_validation\trade_date=2026-07-17\exchange=NSE\symbol=NIFTYBEES\part-041318_599437-003896.parquet,34550,downloaded,34550,
2026-07-17,NSE,NIFTYBEES,raw_l2/trade_date=2026-07-17/exchange=NSE/symbol=NIFTYBEES/part-041304_662831-003864.parquet,real_data_sample\l2_unseen_validation\trade_date=2026-07-17\exchange=NSE\symbol=NIFTYBEES\part-041304_662831-003864.parquet,34371,downloaded,34371,
2026-07-17,NSE,NIFTYBEES,raw_l2/trade_date=2026-07-17/exchange=NSE/symbol=NIFTYBEES/part-041016_631111-003480.parquet,real_data_sample\l2_unseen_validation\trade_date=2026-07-17\exchange=NSE\symbol=NIFTYBEES\part-041016_631111-003480.parquet,35018,downloaded,35018,
2026-07-17,NSE,NIFTYBEES,raw_l2/trade_date=2026-07-17/exchange=NSE/symbol=NIFTYBEES/part-041237_069866-003800.parquet,real_data_sample\l2_unseen_validation\trade_date=2026-07-17\exchange=NSE\symbol=NIFTYBEES\part-041237_069866-003800.parquet,34634,downloaded,34634,
2026-07-17,NSE,NIFTYBEES,raw_l2/trade_date=2026-07-17/exchange=NSE/symbol=NIFTYBEES/part-040934_373962-003384.parquet,real_data_sample\l2_unseen_validation\trade_date=2026-07-17\exchange=NSE\symbol=NIFTYBEES\part-040934_373962-003384.parquet,34373,downloaded,34373,
2026-07-17,NSE,NIFTYBEES,raw_l2/trade_date=2026-07-17/exchange=NSE/symbol=NIFTYBEES/part-041346_792571-003960.parquet,real_data_sample\l2_unseen_validation\trade_date=2026-07-17\exchange=NSE\symbol=NIFTYBEES\part-041346_792571-003960.parquet,34605,downloaded,34605,
2026-07-17,NSE,NIFTYBEES,raw_l2/trade_date=2026-07-17/exchange=NSE/symbol=NIFTYBEES/part-041414_989385-004024.parquet,real_data_sample\l2_unseen_validation\trade_date=2026-07-17\exchange=NSE\symbol=NIFTYBEES\part-041414_989385-004024.parquet,35020,downloaded,35020,
2026-07-17,NSE,NIFTYBEES,raw_l2/trade_date=2026-07-17/exchange=NSE/symbol=NIFTYBEES/part-041428_916984-004056.parquet,real_data_sample\l2_unseen_validation\trade_date=2026-07-17\exchange=NSE\symbol=NIFTYBEES\part-041428_916984-004056.parquet,35876,downloaded,35876,
2026-07-17,NSE,NIFTYBEES,raw_l2/trade_date=2026-07-17/exchange=NSE/symbol=NIFTYBEES/part-041400_924690-003992.parquet,real_data_sample\l2_unseen_validation\trade_date=2026-07-17\exchange=NSE\symbol=NIFTYBEES\part-041400_924690-003992.parquet,34634,downloaded,34634,
2026-07-17,NSE,NIFTYBEES,raw_l2/trade_date=2026-07-17/exchange=NSE/symbol=NIFTYBEES/part-041538_732127-004216.parquet,real_data_sample\l2_unseen_validation\trade_date=2026-07-17\exchange=NSE\symbol=NIFTYBEES\part-041538_732127-004216.parquet,35737,downloaded,35737,
2026-07-17,NSE,NIFTYBEES,raw_l2/trade_date=2026-07-17/exchange=NSE/symbol=NIFTYBEES/part-041524_695066-004184.parquet,real_data_sample\l2_unseen_validation\trade_date=2026-07-17\exchange=NSE\symbol=NIFTYBEES\part-041524_695066-004184.parquet,36001,downloaded,36001,
2026-07-17,NSE,NIFTYBEES,raw_l2/trade_date=2026-07-17/exchange=NSE/symbol=NIFTYBEES/part-041553_848608-004248.parquet,real_data_sample\l2_unseen_validation\trade_date=2026-07-17\exchange=NSE\symbol=NIFTYBEES\part-041553_848608-004248.parquet,35576,downloaded,35576,
2026-07-17,NSE,NIFTYBEES,raw_l2/trade_date=2026-07-17/exchange=NSE/symbol=NIFTYBEES/part-042128_065474-005016.parquet,real_data_sample\l2_unseen_validation\trade_date=2026-07-17\exchange=NSE\symbol=NIFTYBEES\part-042128_065474-005016.parquet,35973,downloaded,35973,
2026-07-17,NSE,NIFTYBEES,raw_l2/trade_date=2026-07-17/exchange=NSE/symbol=NIFTYBEES/part-042032_610370-004888.parquet,real_data_sample\l2_unseen_validation\trade_date=2026-07-17\exchange=NSE\symbol=NIFTYBEES\part-042032_610370-004888.parquet,34649,downloaded,34649,
2026-07-17,NSE,NIFTYBEES,raw_l2/trade_date=2026-07-17/exchange=NSE/symbol=NIFTYBEES/part-041442_979975-004088.parquet,real_data_sample\l2_unseen_validation\trade_date=2026-07-17\exchange=NSE\symbol=NIFTYBEES\part-041442_979975-004088.parquet,35476,downloaded,35476,
2026-07-17,NSE,NIFTYBEES,raw_l2/trade_date=2026-07-17/exchange=NSE/symbol=NIFTYBEES/part-041744_886833-004504.parquet,real_data_sample\l2_unseen_validation\trade_date=2026-07-17\exchange=NSE\symbol=NIFTYBEES\part-041744_886833-004504.parquet,35891,downloaded,35891,
2026-07-17,NSE,NIFTYBEES,raw_l2/trade_date=2026-07-17/exchange=NSE/symbol=NIFTYBEES/part-041950_968057-004792.parquet,real_data_sample\l2_unseen_validation\trade_date=2026-07-17\exchange=NSE\symbol=NIFTYBEES\part-041950_968057-004792.parquet,35286,downloaded,35286,
2026-07-17,NSE,NIFTYBEES,raw_l2/trade_date=2026-07-17/exchange=NSE/symbol=NIFTYBEES/part-041922_867829-004728.parquet,real_data_sample\l2_unseen_validation\trade_date=2026-07-17\exchange=NSE\symbol=NIFTYBEES\part-041922_867829-004728.parquet,35499,downloaded,35499,
2026-07-17,NSE,NIFTYBEES,raw_l2/trade_date=2026-07-17/exchange=NSE/symbol=NIFTYBEES/part-041731_008401-004472.parquet,real_data_sample\l2_unseen_validation\trade_date=2026-07-17\exchange=NSE\symbol=NIFTYBEES\part-041731_008401-004472.parquet,35571,downloaded,35571,
2026-07-17,NSE,NIFTYBEES,raw_l2/trade_date=2026-07-17/exchange=NSE/symbol=NIFTYBEES/part-041456_890383-004120.parquet,real_data_sample\l2_unseen_validation\trade_date=2026-07-17\exchange=NSE\symbol=NIFTYBEES\part-041456_890383-004120.parquet,35753,downloaded,35753,
2026-07-17,NSE,NIFTYBEES,raw_l2/trade_date=2026-07-17/exchange=NSE/symbol=NIFTYBEES/part-041758_641016-004536.parquet,real_data_sample\l2_unseen_validation\trade_date=2026-07-17\exchange=NSE\symbol=NIFTYBEES\part-041758_641016-004536.parquet,35844,downloaded,35844,
2026-07-17,NSE,NIFTYBEES,raw_l2/trade_date=2026-07-17/exchange=NSE/symbol=NIFTYBEES/part-041826_067876-004600.parquet,real_data_sample\l2_unseen_validation\trade_date=2026-07-17\exchange=NSE\symbol=NIFTYBEES\part-041826_067876-004600.parquet,35859,downloaded,35859,
2026-07-17,NSE,NIFTYBEES,raw_l2/trade_date=2026-07-17/exchange=NSE/symbol=NIFTYBEES/part-041812_291796-004568.parquet,real_data_sample\l2_unseen_validation\trade_date=2026-07-17\exchange=NSE\symbol=NIFTYBEES\part-041812_291796-004568.parquet,35830,downloaded,35830,
2026-07-17,NSE,NIFTYBEES,raw_l2/trade_date=2026-07-17/exchange=NSE/symbol=NIFTYBEES/part-042210_229848-005112.parquet,real_data_sample\l2_unseen_validation\trade_date=2026-07-17\exchange=NSE\symbol=NIFTYBEES\part-042210_229848-005112.parquet,36145,downloaded,36145,
2026-07-17,NSE,NIFTYBEES,raw_l2/trade_date=2026-07-17/exchange=NSE/symbol=NIFTYBEES/part-041648_911809-004376.parquet,real_data_sample\l2_unseen_validation\trade_date=2026-07-17\exchange=NSE\symbol=NIFTYBEES\part-041648_911809-004376.parquet,34711,downloaded,34711,
2026-07-17,NSE,NIFTYBEES,raw_l2/trade_date=2026-07-17/exchange=NSE/symbol=NIFTYBEES/part-041635_037354-004344.parquet,real_data_sample\l2_unseen_validation\trade_date=2026-07-17\exchange=NSE\symbol=NIFTYBEES\part-041635_037354-004344.parquet,34631,downloaded,34631,
2026-07-17,NSE,NIFTYBEES,raw_l2/trade_date=2026-07-17/exchange=NSE/symbol=NIFTYBEES/part-041716_518337-004440.parquet,real_data_sample\l2_unseen_validation\trade_date=2026-07-17\exchange=NSE\symbol=NIFTYBEES\part-041716_518337-004440.parquet,34822,downloaded,34822,
2026-07-17,NSE,NIFTYBEES,raw_l2/trade_date=2026-07-17/exchange=NSE/symbol=NIFTYBEES/part-042224_209814-005144.parquet,real_data_sample\l2_unseen_validation\trade_date=2026-07-17\exchange=NSE\symbol=NIFTYBEES\part-042224_209814-005144.parquet,35615,downloaded,35615,
2026-07-17,NSE,NIFTYBEES,raw_l2/trade_date=2026-07-17/exchange=NSE/symbol=NIFTYBEES/part-041702_784429-004408.parquet,real_data_sample\l2_unseen_validation\trade_date=2026-07-17\exchange=NSE\symbol=NIFTYBEES\part-041702_784429-004408.parquet,34278,downloaded,34278,
2026-07-17,NSE,NIFTYBEES,raw_l2/trade_date=2026-07-17/exchange=NSE/symbol=NIFTYBEES/part-042238_105801-005176.parquet,real_data_sample\l2_unseen_validation\trade_date=2026-07-17\exchange=NSE\symbol=NIFTYBEES\part-042238_105801-005176.parquet,35333,downloaded,35333,
2026-07-17,NSE,NIFTYBEES,raw_l2/trade_date=2026-07-17/exchange=NSE/symbol=NIFTYBEES/part-042333_929557-005304.parquet,real_data_sample\l2_unseen_validation\trade_date=2026-07-17\exchange=NSE\symbol=NIFTYBEES\part-042333_929557-005304.parquet,34636,downloaded,34636,
2026-07-17,NSE,NIFTYBEES,raw_l2/trade_date=2026-07-17/exchange=NSE/symbol=NIFTYBEES/part-042415_618340-005400.parquet,real_data_sample\l2_unseen_validation\trade_date=2026-07-17\exchange=NSE\symbol=NIFTYBEES\part-042415_618340-005400.parquet,35072,downloaded,35072,
2026-07-17,NSE,NIFTYBEES,raw_l2/trade_date=2026-07-17/exchange=NSE/symbol=NIFTYBEES/part-041510_871453-004152.parquet,real_data_sample\l2_unseen_validation\trade_date=2026-07-17\exchange=NSE\symbol=NIFTYBEES\part-041510_871453-004152.parquet,35635,downloaded,35635,
2026-07-17,NSE,NIFTYBEES,raw_l2/trade_date=2026-07-17/exchange=NSE/symbol=NIFTYBEES/part-042401_865308-005368.parquet,real_data_sample\l2_unseen_validation\trade_date=2026-07-17\exchange=NSE\symbol=NIFTYBEES\part-042401_865308-005368.parquet,34544,downloaded,34544,
2026-07-17,NSE,NIFTYBEES,raw_l2/trade_date=2026-07-17/exchange=NSE/symbol=NIFTYBEES/part-042635_494584-005720.parquet,real_data_sample\l2_unseen_validation\trade_date=2026-07-17\exchange=NSE\symbol=NIFTYBEES\part-042635_494584-005720.parquet,34627,downloaded,34627,
2026-07-17,NSE,NIFTYBEES,raw_l2/trade_date=2026-07-17/exchange=NSE/symbol=NIFTYBEES/part-042347_971992-005336.parquet,real_data_sample\l2_unseen_validation\trade_date=2026-07-17\exchange=NSE\symbol=NIFTYBEES\part-042347_971992-005336.parquet,34585,downloaded,34585,
2026-07-17,NSE,NIFTYBEES,raw_l2/trade_date=2026-07-17/exchange=NSE/symbol=NIFTYBEES/part-042305_864272-005240.parquet,real_data_sample\l2_unseen_validation\trade_date=2026-07-17\exchange=NSE\symbol=NIFTYBEES\part-042305_864272-005240.parquet,35322,downloaded,35322,
2026-07-17,NSE,NIFTYBEES,raw_l2/trade_date=2026-07-17/exchange=NSE/symbol=NIFTYBEES/part-042649_483317-005752.parquet,real_data_sample\l2_unseen_validation\trade_date=2026-07-17\exchange=NSE\symbol=NIFTYBEES\part-042649_483317-005752.parquet,34598,downloaded,34598,
2026-07-17,NSE,NIFTYBEES,raw_l2/trade_date=2026-07-17/exchange=NSE/symbol=NIFTYBEES/part-041936_922378-004760.parquet,real_data_sample\l2_unseen_validation\trade_date=2026-07-17\exchange=NSE\symbol=NIFTYBEES\part-041936_922378-004760.parquet,35511,downloaded,35511,
2026-07-17,NSE,NIFTYBEES,raw_l2/trade_date=2026-07-17/exchange=NSE/symbol=NIFTYBEES/part-042251_896542-005208.parquet,real_data_sample\l2_unseen_validation\trade_date=2026-07-17\exchange=NSE\symbol=NIFTYBEES\part-042251_896542-005208.parquet,35473,downloaded,35473,
2026-07-17,NSE,NIFTYBEES,raw_l2/trade_date=2026-07-17/exchange=NSE/symbol=NIFTYBEES/part-042525_143481-005560.parquet,real_data_sample\l2_unseen_validation\trade_date=2026-07-17\exchange=NSE\symbol=NIFTYBEES\part-042525_143481-005560.parquet,35698,downloaded,35698,
2026-07-17,NSE,NIFTYBEES,raw_l2/trade_date=2026-07-17/exchange=NSE/symbol=NIFTYBEES/part-042553_162785-005624.parquet,real_data_sample\l2_unseen_validation\trade_date=2026-07-17\exchange=NSE\symbol=NIFTYBEES\part-042553_162785-005624.parquet,35584,downloaded,35584,
2026-07-17,NSE,NIFTYBEES,raw_l2/trade_date=2026-07-17/exchange=NSE/symbol=NIFTYBEES/part-042319_993619-005272.parquet,real_data_sample\l2_unseen_validation\trade_date=2026-07-17\exchange=NSE\symbol=NIFTYBEES\part-042319_993619-005272.parquet,35067,downloaded,35067,
2026-07-17,NSE,NIFTYBEES,raw_l2/trade_date=2026-07-17/exchange=NSE/symbol=NIFTYBEES/part-042621_354559-005688.parquet,real_data_sample\l2_unseen_validation\trade_date=2026-07-17\exchange=NSE\symbol=NIFTYBEES\part-042621_354559-005688.parquet,35043,downloaded,35043,
2026-07-17,NSE,NIFTYBEES,raw_l2/trade_date=2026-07-17/exchange=NSE/symbol=NIFTYBEES/part-042539_286487-005592.parquet,real_data_sample\l2_unseen_validation\trade_date=2026-07-17\exchange=NSE\symbol=NIFTYBEES\part-042539_286487-005592.parquet,35414,downloaded,35414,
2026-07-17,NSE,NIFTYBEES,raw_l2/trade_date=2026-07-17/exchange=NSE/symbol=NIFTYBEES/part-042443_684520-005464.parquet,real_data_sample\l2_unseen_validation\trade_date=2026-07-17\exchange=NSE\symbol=NIFTYBEES\part-042443_684520-005464.parquet,35617,downloaded,35617,
2026-07-17,NSE,NIFTYBEES,raw_l2/trade_date=2026-07-17/exchange=NSE/symbol=NIFTYBEES/part-042457_326624-005496.parquet,real_data_sample\l2_unseen_validation\trade_date=2026-07-17\exchange=NSE\symbol=NIFTYBEES\part-042457_326624-005496.parquet,35682,downloaded,35682,
2026-07-17,NSE,NIFTYBEES,raw_l2/trade_date=2026-07-17/exchange=NSE/symbol=NIFTYBEES/part-042511_151782-005528.parquet,real_data_sample\l2_unseen_validation\trade_date=2026-07-17\exchange=NSE\symbol=NIFTYBEES\part-042511_151782-005528.parquet,35604,downloaded,35604,
2026-07-17,NSE,NIFTYBEES,raw_l2/trade_date=2026-07-17/exchange=NSE/symbol=NIFTYBEES/part-042607_354941-005656.parquet,real_data_sample\l2_unseen_validation\trade_date=2026-07-17\exchange=NSE\symbol=NIFTYBEES\part-042607_354941-005656.parquet,35472,downloaded,35472,
2026-07-17,NSE,NIFTYBEES,raw_l2/trade_date=2026-07-17/exchange=NSE/symbol=NIFTYBEES/part-042429_710661-005432.parquet,real_data_sample\l2_unseen_validation\trade_date=2026-07-17\exchange=NSE\symbol=NIFTYBEES\part-042429_710661-005432.parquet,35251,downloaded,35251,
2026-07-17,NSE,NIFTYBEES,raw_l2/trade_date=2026-07-17/exchange=NSE/symbol=NIFTYBEES/part-042703_521810-005784.parquet,real_data_sample\l2_unseen_validation\trade_date=2026-07-17\exchange=NSE\symbol=NIFTYBEES\part-042703_521810-005784.parquet,34530,downloaded,34530,
2026-07-17,NSE,NIFTYBEES,raw_l2/trade_date=2026-07-17/exchange=NSE/symbol=NIFTYBEES/part-042717_460196-005816.parquet,real_data_sample\l2_unseen_validation\trade_date=2026-07-17\exchange=NSE\symbol=NIFTYBEES\part-042717_460196-005816.parquet,34464,downloaded,34464,
2026-07-17,NSE,NIFTYBEES,raw_l2/trade_date=2026-07-17/exchange=NSE/symbol=NIFTYBEES/part-042759_069663-005912.parquet,real_data_sample\l2_unseen_validation\trade_date=2026-07-17\exchange=NSE\symbol=NIFTYBEES\part-042759_069663-005912.parquet,34688,downloaded,34688,
2026-07-17,NSE,NIFTYBEES,raw_l2/trade_date=2026-07-17/exchange=NSE/symbol=NIFTYBEES/part-042745_307892-005880.parquet,real_data_sample\l2_unseen_validation\trade_date=2026-07-17\exchange=NSE\symbol=NIFTYBEES\part-042745_307892-005880.parquet,34641,downloaded,34641,
2026-07-17,NSE,NIFTYBEES,raw_l2/trade_date=2026-07-17/exchange=NSE/symbol=NIFTYBEES/part-042826_989861-005976.parquet,real_data_sample\l2_unseen_validation\trade_date=2026-07-17\exchange=NSE\symbol=NIFTYBEES\part-042826_989861-005976.parquet,36077,downloaded,36077,
2026-07-17,NSE,NIFTYBEES,raw_l2/trade_date=2026-07-17/exchange=NSE/symbol=NIFTYBEES/part-042854_845955-006040.parquet,real_data_sample\l2_unseen_validation\trade_date=2026-07-17\exchange=NSE\symbol=NIFTYBEES\part-042854_845955-006040.parquet,35618,downloaded,35618,
2026-07-17,NSE,NIFTYBEES,raw_l2/trade_date=2026-07-17/exchange=NSE/symbol=NIFTYBEES/part-042922_731228-006104.parquet,real_data_sample\l2_unseen_validation\trade_date=2026-07-17\exchange=NSE\symbol=NIFTYBEES\part-042922_731228-006104.parquet,35532,downloaded,35532,
2026-07-17,NSE,NIFTYBEES,raw_l2/trade_date=2026-07-17/exchange=NSE/symbol=NIFTYBEES/part-042840_938091-006008.parquet,real_data_sample\l2_unseen_validation\trade_date=2026-07-17\exchange=NSE\symbol=NIFTYBEES\part-042840_938091-006008.parquet,35748,downloaded,35748,
2026-07-17,NSE,NIFTYBEES,raw_l2/trade_date=2026-07-17/exchange=NSE/symbol=NIFTYBEES/part-042908_765701-006072.parquet,real_data_sample\l2_unseen_validation\trade_date=2026-07-17\exchange=NSE\symbol=NIFTYBEES\part-042908_765701-006072.parquet,35513,downloaded,35513,
2026-07-17,NSE,NIFTYBEES,raw_l2/trade_date=2026-07-17/exchange=NSE/symbol=NIFTYBEES/part-043128_731628-006392.parquet,real_data_sample\l2_unseen_validation\trade_date=2026-07-17\exchange=NSE\symbol=NIFTYBEES\part-043128_731628-006392.parquet,35902,downloaded,35902,
2026-07-17,NSE,NIFTYBEES,raw_l2/trade_date=2026-07-17/exchange=NSE/symbol=NIFTYBEES/part-043114_458544-006360.parquet,real_data_sample\l2_unseen_validation\trade_date=2026-07-17\exchange=NSE\symbol=NIFTYBEES\part-043114_458544-006360.parquet,34783,downloaded,34783,
2026-07-17,NSE,NIFTYBEES,raw_l2/trade_date=2026-07-17/exchange=NSE/symbol=NIFTYBEES/part-043046_606579-006296.parquet,real_data_sample\l2_unseen_validation\trade_date=2026-07-17\exchange=NSE\symbol=NIFTYBEES\part-043046_606579-006296.parquet,34486,downloaded,34486,
2026-07-17,NSE,NIFTYBEES,raw_l2/trade_date=2026-07-17/exchange=NSE/symbol=NIFTYBEES/part-042950_703977-006168.parquet,real_data_sample\l2_unseen_validation\trade_date=2026-07-17\exchange=NSE\symbol=NIFTYBEES\part-042950_703977-006168.parquet,35566,downloaded,35566,
2026-07-17,NSE,NIFTYBEES,raw_l2/trade_date=2026-07-17/exchange=NSE/symbol=NIFTYBEES/part-043019_001590-006232.parquet,real_data_sample\l2_unseen_validation\trade_date=2026-07-17\exchange=NSE\symbol=NIFTYBEES\part-043019_001590-006232.parquet,35471,downloaded,35471,
2026-07-17,NSE,NIFTYBEES,raw_l2/trade_date=2026-07-17/exchange=NSE/symbol=NIFTYBEES/part-042936_773874-006136.parquet,real_data_sample\l2_unseen_validation\trade_date=2026-07-17\exchange=NSE\symbol=NIFTYBEES\part-042936_773874-006136.parquet,35465,downloaded,35465,
2026-07-17,NSE,NIFTYBEES,raw_l2/trade_date=2026-07-17/exchange=NSE/symbol=NIFTYBEES/part-043100_385294-006328.parquet,real_data_sample\l2_unseen_validation\trade_date=2026-07-17\exchange=NSE\symbol=NIFTYBEES\part-043100_385294-006328.parquet,34683,downloaded,34683,
2026-07-17,NSE,NIFTYBEES,raw_l2/trade_date=2026-07-17/exchange=NSE/symbol=NIFTYBEES/part-043032_905049-006264.parquet,real_data_sample\l2_unseen_validation\trade_date=2026-07-17\exchange=NSE\symbol=NIFTYBEES\part-043032_905049-006264.parquet,34561,downloaded,34561,
2026-07-17,NSE,NIFTYBEES,raw_l2/trade_date=2026-07-17/exchange=NSE/symbol=NIFTYBEES/part-043004_718592-006200.parquet,real_data_sample\l2_unseen_validation\trade_date=2026-07-17\exchange=NSE\symbol=NIFTYBEES\part-043004_718592-006200.parquet,35392,downloaded,35392,
2026-07-17,NSE,NIFTYBEES,raw_l2/trade_date=2026-07-17/exchange=NSE/symbol=NIFTYBEES/part-043142_860080-006424.parquet,real_data_sample\l2_unseen_validation\trade_date=2026-07-17\exchange=NSE\symbol=NIFTYBEES\part-043142_860080-006424.parquet,35877,downloaded,35877,
2026-07-17,NSE,NIFTYBEES,raw_l2/trade_date=2026-07-17/exchange=NSE/symbol=NIFTYBEES/part-043156_648905-006456.parquet,real_data_sample\l2_unseen_validation\trade_date=2026-07-17\exchange=NSE\symbol=NIFTYBEES\part-043156_648905-006456.parquet,35545,downloaded,35545,
2026-07-17,NSE,NIFTYBEES,raw_l2/trade_date=2026-07-17/exchange=NSE/symbol=NIFTYBEES/part-042731_523604-005848.parquet,real_data_sample\l2_unseen_validation\trade_date=2026-07-17\exchange=NSE\symbol=NIFTYBEES\part-042731_523604-005848.parquet,34722,downloaded,34722,
2026-07-17,NSE,NIFTYBEES,raw_l2/trade_date=2026-07-17/exchange=NSE/symbol=NIFTYBEES/part-043239_209277-006552.parquet,real_data_sample\l2_unseen_validation\trade_date=2026-07-17\exchange=NSE\symbol=NIFTYBEES\part-043239_209277-006552.parquet,35079,downloaded,35079,
2026-07-17,NSE,NIFTYBEES,raw_l2/trade_date=2026-07-17/exchange=NSE/symbol=NIFTYBEES/part-043225_147666-006520.parquet,real_data_sample\l2_unseen_validation\trade_date=2026-07-17\exchange=NSE\symbol=NIFTYBEES\part-043225_147666-006520.parquet,35042,downloaded,35042,
2026-07-17,NSE,NIFTYBEES,raw_l2/trade_date=2026-07-17/exchange=NSE/symbol=NIFTYBEES/part-043210_781505-006488.parquet,real_data_sample\l2_unseen_validation\trade_date=2026-07-17\exchange=NSE\symbol=NIFTYBEES\part-043210_781505-006488.parquet,35770,downloaded,35770,
2026-07-17,NSE,NIFTYBEES,raw_l2/trade_date=2026-07-17/exchange=NSE/symbol=NIFTYBEES/part-043253_088054-006584.parquet,real_data_sample\l2_unseen_validation\trade_date=2026-07-17\exchange=NSE\symbol=NIFTYBEES\part-043253_088054-006584.parquet,35517,downloaded,35517,
2026-07-17,NSE,NIFTYBEES,raw_l2/trade_date=2026-07-17/exchange=NSE/symbol=NIFTYBEES/part-043608_452042-007032.parquet,real_data_sample\l2_unseen_validation\trade_date=2026-07-17\exchange=NSE\symbol=NIFTYBEES\part-043608_452042-007032.parquet,35964,downloaded,35964,
2026-07-17,NSE,NIFTYBEES,raw_l2/trade_date=2026-07-17/exchange=NSE/symbol=NIFTYBEES/part-043458_951470-006872.parquet,real_data_sample\l2_unseen_validation\trade_date=2026-07-17\exchange=NSE\symbol=NIFTYBEES\part-043458_951470-006872.parquet,35055,downloaded,35055,
2026-07-17,NSE,NIFTYBEES,raw_l2/trade_date=2026-07-17/exchange=NSE/symbol=NIFTYBEES/part-043335_260593-006680.parquet,real_data_sample\l2_unseen_validation\trade_date=2026-07-17\exchange=NSE\symbol=NIFTYBEES\part-043335_260593-006680.parquet,35479,downloaded,35479,
2026-07-17,NSE,NIFTYBEES,raw_l2/trade_date=2026-07-17/exchange=NSE/symbol=NIFTYBEES/part-043512_697976-006904.parquet,real_data_sample\l2_unseen_validation\trade_date=2026-07-17\exchange=NSE\symbol=NIFTYBEES\part-043512_697976-006904.parquet,35090,downloaded,35090,
2026-07-17,NSE,NIFTYBEES,raw_l2/trade_date=2026-07-17/exchange=NSE/symbol=NIFTYBEES/part-043445_142682-006840.parquet,real_data_sample\l2_unseen_validation\trade_date=2026-07-17\exchange=NSE\symbol=NIFTYBEES\part-043445_142682-006840.parquet,35373,downloaded,35373,
2026-07-17,NSE,NIFTYBEES,raw_l2/trade_date=2026-07-17/exchange=NSE/symbol=NIFTYBEES/part-043321_188413-006648.parquet,real_data_sample\l2_unseen_validation\trade_date=2026-07-17\exchange=NSE\symbol=NIFTYBEES\part-043321_188413-006648.parquet,35757,downloaded,35757,
2026-07-17,NSE,NIFTYBEES,raw_l2/trade_date=2026-07-17/exchange=NSE/symbol=NIFTYBEES/part-043526_676159-006936.parquet,real_data_sample\l2_unseen_validation\trade_date=2026-07-17\exchange=NSE\symbol=NIFTYBEES\part-043526_676159-006936.parquet,35100,downloaded,35100,
2026-07-17,NSE,NIFTYBEES,raw_l2/trade_date=2026-07-17/exchange=NSE/symbol=NIFTYBEES/part-043306_964656-006616.parquet,real_data_sample\l2_unseen_validation\trade_date=2026-07-17\exchange=NSE\symbol=NIFTYBEES\part-043306_964656-006616.parquet,35294,downloaded,35294,
2026-07-17,NSE,NIFTYBEES,raw_l2/trade_date=2026-07-17/exchange=NSE/symbol=NIFTYBEES/part-043554_370633-007000.parquet,real_data_sample\l2_unseen_validation\trade_date=2026-07-17\exchange=NSE\symbol=NIFTYBEES\part-043554_370633-007000.parquet,35226,downloaded,35226,
2026-07-17,NSE,NIFTYBEES,raw_l2/trade_date=2026-07-17/exchange=NSE/symbol=NIFTYBEES/part-043431_236330-006808.parquet,real_data_sample\l2_unseen_validation\trade_date=2026-07-17\exchange=NSE\symbol=NIFTYBEES\part-043431_236330-006808.parquet,35234,downloaded,35234,
2026-07-17,NSE,NIFTYBEES,raw_l2/trade_date=2026-07-17/exchange=NSE/symbol=NIFTYBEES/part-043540_460092-006968.parquet,real_data_sample\l2_unseen_validation\trade_date=2026-07-17\exchange=NSE\symbol=NIFTYBEES\part-043540_460092-006968.parquet,35234,downloaded,35234,
2026-07-17,NSE,NIFTYBEES,raw_l2/trade_date=2026-07-17/exchange=NSE/symbol=NIFTYBEES/part-043349_249468-006712.parquet,real_data_sample\l2_unseen_validation\trade_date=2026-07-17\exchange=NSE\symbol=NIFTYBEES\part-043349_249468-006712.parquet,35603,downloaded,35603,
2026-07-17,NSE,NIFTYBEES,raw_l2/trade_date=2026-07-17/exchange=NSE/symbol=NIFTYBEES/part-043403_121203-006744.parquet,real_data_sample\l2_unseen_validation\trade_date=2026-07-17\exchange=NSE\symbol=NIFTYBEES\part-043403_121203-006744.parquet,35488,downloaded,35488,
2026-07-17,NSE,NIFTYBEES,raw_l2/trade_date=2026-07-17/exchange=NSE/symbol=NIFTYBEES/part-043417_283430-006776.parquet,real_data_sample\l2_unseen_validation\trade_date=2026-07-17\exchange=NSE\symbol=NIFTYBEES\part-043417_283430-006776.parquet,35467,downloaded,35467,
2026-07-17,NSE,NIFTYBEES,raw_l2/trade_date=2026-07-17/exchange=NSE/symbol=NIFTYBEES/part-043636_380835-007096.parquet,real_data_sample\l2_unseen_validation\trade_date=2026-07-17\exchange=NSE\symbol=NIFTYBEES\part-043636_380835-007096.parquet,34639,downloaded,34639,
2026-07-17,NSE,NIFTYBEES,raw_l2/trade_date=2026-07-17/exchange=NSE/symbol=NIFTYBEES/part-043650_591002-007128.parquet,real_data_sample\l2_unseen_validation\trade_date=2026-07-17\exchange=NSE\symbol=NIFTYBEES\part-043650_591002-007128.parquet,34663,downloaded,34663,
2026-07-17,NSE,NIFTYBEES,raw_l2/trade_date=2026-07-17/exchange=NSE/symbol=NIFTYBEES/part-043718_364672-007192.parquet,real_data_sample\l2_unseen_validation\trade_date=2026-07-17\exchange=NSE\symbol=NIFTYBEES\part-043718_364672-007192.parquet,35012,downloaded,35012,
2026-07-17,NSE,NIFTYBEES,raw_l2/trade_date=2026-07-17/exchange=NSE/symbol=NIFTYBEES/part-043704_496323-007160.parquet,real_data_sample\l2_unseen_validation\trade_date=2026-07-17\exchange=NSE\symbol=NIFTYBEES\part-043704_496323-007160.parquet,34674,downloaded,34674,
2026-07-17,NSE,NIFTYBEES,raw_l2/trade_date=2026-07-17/exchange=NSE/symbol=NIFTYBEES/part-043910_340368-007448.parquet,real_data_sample\l2_unseen_validation\trade_date=2026-07-17\exchange=NSE\symbol=NIFTYBEES\part-043910_340368-007448.parquet,34455,downloaded,34455,
2026-07-17,NSE,NIFTYBEES,raw_l2/trade_date=2026-07-17/exchange=NSE/symbol=NIFTYBEES/part-043923_970404-007480.parquet,real_data_sample\l2_unseen_validation\trade_date=2026-07-17\exchange=NSE\symbol=NIFTYBEES\part-043923_970404-007480.parquet,36125,downloaded,36125,
2026-07-17,NSE,NIFTYBEES,raw_l2/trade_date=2026-07-17/exchange=NSE/symbol=NIFTYBEES/part-043951_322590-007544.parquet,real_data_sample\l2_unseen_validation\trade_date=2026-07-17\exchange=NSE\symbol=NIFTYBEES\part-043951_322590-007544.parquet,35462,downloaded,35462,
2026-07-17,NSE,NIFTYBEES,raw_l2/trade_date=2026-07-17/exchange=NSE/symbol=NIFTYBEES/part-043622_346136-007064.parquet,real_data_sample\l2_unseen_validation\trade_date=2026-07-17\exchange=NSE\symbol=NIFTYBEES\part-043622_346136-007064.parquet,35218,downloaded,35218,
2026-07-17,NSE,NIFTYBEES,raw_l2/trade_date=2026-07-17/exchange=NSE/symbol=NIFTYBEES/part-044018_897789-007608.parquet,real_data_sample\l2_unseen_validation\trade_date=2026-07-17\exchange=NSE\symbol=NIFTYBEES\part-044018_897789-007608.parquet,35062,downloaded,35062,
2026-07-17,NSE,NIFTYBEES,raw_l2/trade_date=2026-07-17/exchange=NSE/symbol=NIFTYBEES/part-044005_096956-007576.parquet,real_data_sample\l2_unseen_validation\trade_date=2026-07-17\exchange=NSE\symbol=NIFTYBEES\part-044005_096956-007576.parquet,35154,downloaded,35154,
2026-07-17,NSE,NIFTYBEES,raw_l2/trade_date=2026-07-17/exchange=NSE/symbol=NIFTYBEES/part-043732_279910-007224.parquet,real_data_sample\l2_unseen_validation\trade_date=2026-07-17\exchange=NSE\symbol=NIFTYBEES\part-043732_279910-007224.parquet,35578,downloaded,35578,
2026-07-17,NSE,NIFTYBEES,raw_l2/trade_date=2026-07-17/exchange=NSE/symbol=NIFTYBEES/part-043842_410732-007384.parquet,real_data_sample\l2_unseen_validation\trade_date=2026-07-17\exchange=NSE\symbol=NIFTYBEES\part-043842_410732-007384.parquet,34653,downloaded,34653,
2026-07-17,NSE,NIFTYBEES,raw_l2/trade_date=2026-07-17/exchange=NSE/symbol=NIFTYBEES/part-043746_138225-007256.parquet,real_data_sample\l2_unseen_validation\trade_date=2026-07-17\exchange=NSE\symbol=NIFTYBEES\part-043746_138225-007256.parquet,36063,downloaded,36063,
2026-07-17,NSE,NIFTYBEES,raw_l2/trade_date=2026-07-17/exchange=NSE/symbol=NIFTYBEES/part-044032_631225-007640.parquet,real_data_sample\l2_unseen_validation\trade_date=2026-07-17\exchange=NSE\symbol=NIFTYBEES\part-044032_631225-007640.parquet,34483,downloaded,34483,
2026-07-17,NSE,NIFTYBEES,raw_l2/trade_date=2026-07-17/exchange=NSE/symbol=NIFTYBEES/part-043759_838894-007288.parquet,real_data_sample\l2_unseen_validation\trade_date=2026-07-17\exchange=NSE\symbol=NIFTYBEES\part-043759_838894-007288.parquet,36211,downloaded,36211,
2026-07-17,NSE,NIFTYBEES,raw_l2/trade_date=2026-07-17/exchange=NSE/symbol=NIFTYBEES/part-043828_265327-007352.parquet,real_data_sample\l2_unseen_validation\trade_date=2026-07-17\exchange=NSE\symbol=NIFTYBEES\part-043828_265327-007352.parquet,34627,downloaded,34627,
2026-07-17,NSE,NIFTYBEES,raw_l2/trade_date=2026-07-17/exchange=NSE/symbol=NIFTYBEES/part-043814_112378-007320.parquet,real_data_sample\l2_unseen_validation\trade_date=2026-07-17\exchange=NSE\symbol=NIFTYBEES\part-043814_112378-007320.parquet,35697,downloaded,35697,
2026-07-17,NSE,NIFTYBEES,raw_l2/trade_date=2026-07-17/exchange=NSE/symbol=NIFTYBEES/part-043856_490118-007416.parquet,real_data_sample\l2_unseen_validation\trade_date=2026-07-17\exchange=NSE\symbol=NIFTYBEES\part-043856_490118-007416.parquet,34463,downloaded,34463,
2026-07-17,NSE,NIFTYBEES,raw_l2/trade_date=2026-07-17/exchange=NSE/symbol=NIFTYBEES/part-043937_538434-007512.parquet,real_data_sample\l2_unseen_validation\trade_date=2026-07-17\exchange=NSE\symbol=NIFTYBEES\part-043937_538434-007512.parquet,35759,downloaded,35759,
2026-07-17,NSE,NIFTYBEES,raw_l2/trade_date=2026-07-17/exchange=NSE/symbol=NIFTYBEES/part-044046_301252-007672.parquet,real_data_sample\l2_unseen_validation\trade_date=2026-07-17\exchange=NSE\symbol=NIFTYBEES\part-044046_301252-007672.parquet,34647,downloaded,34647,
2026-07-17,NSE,NIFTYBEES,raw_l2/trade_date=2026-07-17/exchange=NSE/symbol=NIFTYBEES/part-044113_792292-007736.parquet,real_data_sample\l2_unseen_validation\trade_date=2026-07-17\exchange=NSE\symbol=NIFTYBEES\part-044113_792292-007736.parquet,34679,downloaded,34679,
2026-07-17,NSE,NIFTYBEES,raw_l2/trade_date=2026-07-17/exchange=NSE/symbol=NIFTYBEES/part-044059_999157-007704.parquet,real_data_sample\l2_unseen_validation\trade_date=2026-07-17\exchange=NSE\symbol=NIFTYBEES\part-044059_999157-007704.parquet,34622,downloaded,34622,
2026-07-17,NSE,NIFTYBEES,raw_l2/trade_date=2026-07-17/exchange=NSE/symbol=NIFTYBEES/part-044127_532682-007768.parquet,real_data_sample\l2_unseen_validation\trade_date=2026-07-17\exchange=NSE\symbol=NIFTYBEES\part-044127_532682-007768.parquet,34626,downloaded,34626,
2026-07-17,NSE,NIFTYBEES,raw_l2/trade_date=2026-07-17/exchange=NSE/symbol=NIFTYBEES/part-044141_307060-007800.parquet,real_data_sample\l2_unseen_validation\trade_date=2026-07-17\exchange=NSE\symbol=NIFTYBEES\part-044141_307060-007800.parquet,34428,downloaded,34428,
2026-07-17,NSE,NIFTYBEES,raw_l2/trade_date=2026-07-17/exchange=NSE/symbol=NIFTYBEES/part-044413_629861-008152.parquet,real_data_sample\l2_unseen_validation\trade_date=2026-07-17\exchange=NSE\symbol=NIFTYBEES\part-044413_629861-008152.parquet,35200,downloaded,35200,
2026-07-17,NSE,NIFTYBEES,raw_l2/trade_date=2026-07-17/exchange=NSE/symbol=NIFTYBEES/part-044304_593475-007992.parquet,real_data_sample\l2_unseen_validation\trade_date=2026-07-17\exchange=NSE\symbol=NIFTYBEES\part-044304_593475-007992.parquet,34746,downloaded,34746,
2026-07-17,NSE,NIFTYBEES,raw_l2/trade_date=2026-07-17/exchange=NSE/symbol=NIFTYBEES/part-044318_338069-008024.parquet,real_data_sample\l2_unseen_validation\trade_date=2026-07-17\exchange=NSE\symbol=NIFTYBEES\part-044318_338069-008024.parquet,35210,downloaded,35210,
2026-07-17,NSE,NIFTYBEES,raw_l2/trade_date=2026-07-17/exchange=NSE/symbol=NIFTYBEES/part-044332_346826-008056.parquet,real_data_sample\l2_unseen_validation\trade_date=2026-07-17\exchange=NSE\symbol=NIFTYBEES\part-044332_346826-008056.parquet,35349,downloaded,35349,
2026-07-17,NSE,NIFTYBEES,raw_l2/trade_date=2026-07-17/exchange=NSE/symbol=NIFTYBEES/part-044250_651051-007960.parquet,real_data_sample\l2_unseen_validation\trade_date=2026-07-17\exchange=NSE\symbol=NIFTYBEES\part-044250_651051-007960.parquet,34648,downloaded,34648,
2026-07-17,NSE,NIFTYBEES,raw_l2/trade_date=2026-07-17/exchange=NSE/symbol=NIFTYBEES/part-044208_844716-007864.parquet,real_data_sample\l2_unseen_validation\trade_date=2026-07-17\exchange=NSE\symbol=NIFTYBEES\part-044208_844716-007864.parquet,34564,downloaded,34564,
2026-07-17,NSE,NIFTYBEES,raw_l2/trade_date=2026-07-17/exchange=NSE/symbol=NIFTYBEES/part-044359_897371-008120.parquet,real_data_sample\l2_unseen_validation\trade_date=2026-07-17\exchange=NSE\symbol=NIFTYBEES\part-044359_897371-008120.parquet,35241,downloaded,35241,
2026-07-17,NSE,NIFTYBEES,raw_l2/trade_date=2026-07-17/exchange=NSE/symbol=NIFTYBEES/part-044441_184384-008216.parquet,real_data_sample\l2_unseen_validation\trade_date=2026-07-17\exchange=NSE\symbol=NIFTYBEES\part-044441_184384-008216.parquet,35966,downloaded,35966,
2026-07-17,NSE,NIFTYBEES,raw_l2/trade_date=2026-07-17/exchange=NSE/symbol=NIFTYBEES/part-044155_017640-007832.parquet,real_data_sample\l2_unseen_validation\trade_date=2026-07-17\exchange=NSE\symbol=NIFTYBEES\part-044155_017640-007832.parquet,34714,downloaded,34714,
2026-07-17,NSE,NIFTYBEES,raw_l2/trade_date=2026-07-17/exchange=NSE/symbol=NIFTYBEES/part-044346_078231-008088.parquet,real_data_sample\l2_unseen_validation\trade_date=2026-07-17\exchange=NSE\symbol=NIFTYBEES\part-044346_078231-008088.parquet,35621,downloaded,35621,
2026-07-17,NSE,NIFTYBEES,raw_l2/trade_date=2026-07-17/exchange=NSE/symbol=NIFTYBEES/part-044427_242373-008184.parquet,real_data_sample\l2_unseen_validation\trade_date=2026-07-17\exchange=NSE\symbol=NIFTYBEES\part-044427_242373-008184.parquet,35103,downloaded,35103,
2026-07-17,NSE,NIFTYBEES,raw_l2/trade_date=2026-07-17/exchange=NSE/symbol=NIFTYBEES/part-044236_676752-007928.parquet,real_data_sample\l2_unseen_validation\trade_date=2026-07-17\exchange=NSE\symbol=NIFTYBEES\part-044236_676752-007928.parquet,34641,downloaded,34641,
2026-07-17,NSE,NIFTYBEES,raw_l2/trade_date=2026-07-17/exchange=NSE/symbol=NIFTYBEES/part-044455_081050-008248.parquet,real_data_sample\l2_unseen_validation\trade_date=2026-07-17\exchange=NSE\symbol=NIFTYBEES\part-044455_081050-008248.parquet,35609,downloaded,35609,
2026-07-17,NSE,NIFTYBEES,raw_l2/trade_date=2026-07-17/exchange=NSE/symbol=NIFTYBEES/part-044508_861275-008280.parquet,real_data_sample\l2_unseen_validation\trade_date=2026-07-17\exchange=NSE\symbol=NIFTYBEES\part-044508_861275-008280.parquet,35447,downloaded,35447,
2026-07-17,NSE,NIFTYBEES,raw_l2/trade_date=2026-07-17/exchange=NSE/symbol=NIFTYBEES/part-042114_137380-004984.parquet,real_data_sample\l2_unseen_validation\trade_date=2026-07-17\exchange=NSE\symbol=NIFTYBEES\part-042114_137380-004984.parquet,34686,downloaded,34686,
2026-07-17,NSE,NIFTYBEES,raw_l2/trade_date=2026-07-17/exchange=NSE/symbol=NIFTYBEES/part-041621_392574-004312.parquet,real_data_sample\l2_unseen_validation\trade_date=2026-07-17\exchange=NSE\symbol=NIFTYBEES\part-041621_392574-004312.parquet,35130,downloaded,35130,
2026-07-17,NSE,NIFTYBEES,raw_l2/trade_date=2026-07-17/exchange=NSE/symbol=NIFTYBEES/part-044550_125116-008376.parquet,real_data_sample\l2_unseen_validation\trade_date=2026-07-17\exchange=NSE\symbol=NIFTYBEES\part-044550_125116-008376.parquet,35372,downloaded,35372,
2026-07-17,NSE,NIFTYBEES,raw_l2/trade_date=2026-07-17/exchange=NSE/symbol=NIFTYBEES/part-041854_290015-004664.parquet,real_data_sample\l2_unseen_validation\trade_date=2026-07-17\exchange=NSE\symbol=NIFTYBEES\part-041854_290015-004664.parquet,35997,downloaded,35997,
2026-07-17,NSE,NIFTYBEES,raw_l2/trade_date=2026-07-17/exchange=NSE/symbol=NIFTYBEES/part-041908_472552-004696.parquet,real_data_sample\l2_unseen_validation\trade_date=2026-07-17\exchange=NSE\symbol=NIFTYBEES\part-041908_472552-004696.parquet,35535,downloaded,35535,
2026-07-17,NSE,NIFTYBEES,raw_l2/trade_date=2026-07-17/exchange=NSE/symbol=NIFTYBEES/part-042142_178481-005048.parquet,real_data_sample\l2_unseen_validation\trade_date=2026-07-17\exchange=NSE\symbol=NIFTYBEES\part-042142_178481-005048.parquet,36111,downloaded,36111,
2026-07-17,NSE,NIFTYBEES,raw_l2/trade_date=2026-07-17/exchange=NSE/symbol=NIFTYBEES/part-042004_872920-004824.parquet,real_data_sample\l2_unseen_validation\trade_date=2026-07-17\exchange=NSE\symbol=NIFTYBEES\part-042004_872920-004824.parquet,35557,downloaded,35557,
2026-07-17,NSE,NIFTYBEES,raw_l2/trade_date=2026-07-17/exchange=NSE/symbol=NIFTYBEES/part-042018_885240-004856.parquet,real_data_sample\l2_unseen_validation\trade_date=2026-07-17\exchange=NSE\symbol=NIFTYBEES\part-042018_885240-004856.parquet,35077,downloaded,35077,
2026-07-17,NSE,NIFTYBEES,raw_l2/trade_date=2026-07-17/exchange=NSE/symbol=NIFTYBEES/part-042046_565801-004920.parquet,real_data_sample\l2_unseen_validation\trade_date=2026-07-17\exchange=NSE\symbol=NIFTYBEES\part-042046_565801-004920.parquet,34619,downloaded,34619,
2026-07-17,NSE,NIFTYBEES,raw_l2/trade_date=2026-07-17/exchange=NSE/symbol=NIFTYBEES/part-044522_636648-008312.parquet,real_data_sample\l2_unseen_validation\trade_date=2026-07-17\exchange=NSE\symbol=NIFTYBEES\part-044522_636648-008312.parquet,35371,downloaded,35371,
2026-07-17,NSE,NIFTYBEES,raw_l2/trade_date=2026-07-17/exchange=NSE/symbol=NIFTYBEES/part-044536_269407-008344.parquet,real_data_sample\l2_unseen_validation\trade_date=2026-07-17\exchange=NSE\symbol=NIFTYBEES\part-044536_269407-008344.parquet,35323,downloaded,35323,
2026-07-17,NSE,NIFTYBEES,raw_l2/trade_date=2026-07-17/exchange=NSE/symbol=NIFTYBEES/part-044604_018164-008408.parquet,real_data_sample\l2_unseen_validation\trade_date=2026-07-17\exchange=NSE\symbol=NIFTYBEES\part-044604_018164-008408.parquet,35303,downloaded,35303,
2026-07-17,NSE,NIFTYBEES,raw_l2/trade_date=2026-07-17/exchange=NSE/symbol=NIFTYBEES/part-042156_183024-005080.parquet,real_data_sample\l2_unseen_validation\trade_date=2026-07-17\exchange=NSE\symbol=NIFTYBEES\part-042156_183024-005080.parquet,35684,downloaded,35684,
2026-07-17,NSE,NIFTYBEES,raw_l2/trade_date=2026-07-17/exchange=NSE/symbol=NIFTYBEES/part-041607_611806-004280.parquet,real_data_sample\l2_unseen_validation\trade_date=2026-07-17\exchange=NSE\symbol=NIFTYBEES\part-041607_611806-004280.parquet,35505,downloaded,35505,
2026-07-17,NSE,NIFTYBEES,raw_l2/trade_date=2026-07-17/exchange=NSE/symbol=NIFTYBEES/part-041839_933499-004632.parquet,real_data_sample\l2_unseen_validation\trade_date=2026-07-17\exchange=NSE\symbol=NIFTYBEES\part-041839_933499-004632.parquet,35967,downloaded,35967,
2026-07-17,NSE,NIFTYBEES,raw_l2/trade_date=2026-07-17/exchange=NSE/symbol=NIFTYBEES/part-042100_336362-004952.parquet,real_data_sample\l2_unseen_validation\trade_date=2026-07-17\exchange=NSE\symbol=NIFTYBEES\part-042100_336362-004952.parquet,34625,downloaded,34625,
2026-07-17,NSE,NIFTYBEES,raw_l2/trade_date=2026-07-17/exchange=NSE/symbol=NIFTYBEES/part-044617_812127-008440.parquet,real_data_sample\l2_unseen_validation\trade_date=2026-07-17\exchange=NSE\symbol=NIFTYBEES\part-044617_812127-008440.parquet,35440,downloaded,35440,
2026-07-17,NSE,NIFTYBEES,raw_l2/trade_date=2026-07-17/exchange=NSE/symbol=NIFTYBEES/part-044713_115789-008568.parquet,real_data_sample\l2_unseen_validation\trade_date=2026-07-17\exchange=NSE\symbol=NIFTYBEES\part-044713_115789-008568.parquet,35436,downloaded,35436,
2026-07-17,NSE,NIFTYBEES,raw_l2/trade_date=2026-07-17/exchange=NSE/symbol=NIFTYBEES/part-044222_649483-007896.parquet,real_data_sample\l2_unseen_validation\trade_date=2026-07-17\exchange=NSE\symbol=NIFTYBEES\part-044222_649483-007896.parquet,34625,downloaded,34625,
2026-07-17,NSE,NIFTYBEES,raw_l2/trade_date=2026-07-17/exchange=NSE/symbol=NIFTYBEES/part-044808_559595-008696.parquet,real_data_sample\l2_unseen_validation\trade_date=2026-07-17\exchange=NSE\symbol=NIFTYBEES\part-044808_559595-008696.parquet,35434,downloaded,35434,
2026-07-17,NSE,NIFTYBEES,raw_l2/trade_date=2026-07-17/exchange=NSE/symbol=NIFTYBEES/part-044740_909968-008632.parquet,real_data_sample\l2_unseen_validation\trade_date=2026-07-17\exchange=NSE\symbol=NIFTYBEES\part-044740_909968-008632.parquet,35260,downloaded,35260,
2026-07-17,NSE,NIFTYBEES,raw_l2/trade_date=2026-07-17/exchange=NSE/symbol=NIFTYBEES/part-044726_835453-008600.parquet,real_data_sample\l2_unseen_validation\trade_date=2026-07-17\exchange=NSE\symbol=NIFTYBEES\part-044726_835453-008600.parquet,35357,downloaded,35357,
2026-07-17,NSE,NIFTYBEES,raw_l2/trade_date=2026-07-17/exchange=NSE/symbol=NIFTYBEES/part-044903_778918-008824.parquet,real_data_sample\l2_unseen_validation\trade_date=2026-07-17\exchange=NSE\symbol=NIFTYBEES\part-044903_778918-008824.parquet,36201,downloaded,36201,
2026-07-17,NSE,NIFTYBEES,raw_l2/trade_date=2026-07-17/exchange=NSE/symbol=NIFTYBEES/part-044659_361376-008536.parquet,real_data_sample\l2_unseen_validation\trade_date=2026-07-17\exchange=NSE\symbol=NIFTYBEES\part-044659_361376-008536.parquet,35295,downloaded,35295,
2026-07-17,NSE,NIFTYBEES,raw_l2/trade_date=2026-07-17/exchange=NSE/symbol=NIFTYBEES/part-044836_325632-008760.parquet,real_data_sample\l2_unseen_validation\trade_date=2026-07-17\exchange=NSE\symbol=NIFTYBEES\part-044836_325632-008760.parquet,35738,downloaded,35738,
2026-07-17,NSE,NIFTYBEES,raw_l2/trade_date=2026-07-17/exchange=NSE/symbol=NIFTYBEES/part-044917_588169-008856.parquet,real_data_sample\l2_unseen_validation\trade_date=2026-07-17\exchange=NSE\symbol=NIFTYBEES\part-044917_588169-008856.parquet,35243,downloaded,35243,
2026-07-17,NSE,NIFTYBEES,raw_l2/trade_date=2026-07-17/exchange=NSE/symbol=NIFTYBEES/part-044822_421265-008728.parquet,real_data_sample\l2_unseen_validation\trade_date=2026-07-17\exchange=NSE\symbol=NIFTYBEES\part-044822_421265-008728.parquet,35907,downloaded,35907,
2026-07-17,NSE,NIFTYBEES,raw_l2/trade_date=2026-07-17/exchange=NSE/symbol=NIFTYBEES/part-044631_581302-008472.parquet,real_data_sample\l2_unseen_validation\trade_date=2026-07-17\exchange=NSE\symbol=NIFTYBEES\part-044631_581302-008472.parquet,35870,downloaded,35870,
2026-07-17,NSE,NIFTYBEES,raw_l2/trade_date=2026-07-17/exchange=NSE/symbol=NIFTYBEES/part-044850_066310-008792.parquet,real_data_sample\l2_unseen_validation\trade_date=2026-07-17\exchange=NSE\symbol=NIFTYBEES\part-044850_066310-008792.parquet,35830,downloaded,35830,
2026-07-17,NSE,NIFTYBEES,raw_l2/trade_date=2026-07-17/exchange=NSE/symbol=NIFTYBEES/part-044645_616467-008504.parquet,real_data_sample\l2_unseen_validation\trade_date=2026-07-17\exchange=NSE\symbol=NIFTYBEES\part-044645_616467-008504.parquet,35493,downloaded,35493,
2026-07-17,NSE,NIFTYBEES,raw_l2/trade_date=2026-07-17/exchange=NSE/symbol=NIFTYBEES/part-044754_799683-008664.parquet,real_data_sample\l2_unseen_validation\trade_date=2026-07-17\exchange=NSE\symbol=NIFTYBEES\part-044754_799683-008664.parquet,35340,downloaded,35340,
2026-07-17,NSE,NIFTYBEES,raw_l2/trade_date=2026-07-17/exchange=NSE/symbol=NIFTYBEES/part-045012_545320-008984.parquet,real_data_sample\l2_unseen_validation\trade_date=2026-07-17\exchange=NSE\symbol=NIFTYBEES\part-045012_545320-008984.parquet,35814,downloaded,35814,
2026-07-17,NSE,NIFTYBEES,raw_l2/trade_date=2026-07-17/exchange=NSE/symbol=NIFTYBEES/part-045121_607331-009144.parquet,real_data_sample\l2_unseen_validation\trade_date=2026-07-17\exchange=NSE\symbol=NIFTYBEES\part-045121_607331-009144.parquet,34900,downloaded,34900,
2026-07-17,NSE,NIFTYBEES,raw_l2/trade_date=2026-07-17/exchange=NSE/symbol=NIFTYBEES/part-045026_183988-009016.parquet,real_data_sample\l2_unseen_validation\trade_date=2026-07-17\exchange=NSE\symbol=NIFTYBEES\part-045026_183988-009016.parquet,35632,downloaded,35632,
2026-07-17,NSE,NIFTYBEES,raw_l2/trade_date=2026-07-17/exchange=NSE/symbol=NIFTYBEES/part-045039_806736-009048.parquet,real_data_sample\l2_unseen_validation\trade_date=2026-07-17\exchange=NSE\symbol=NIFTYBEES\part-045039_806736-009048.parquet,36031,downloaded,36031,
2026-07-17,NSE,NIFTYBEES,raw_l2/trade_date=2026-07-17/exchange=NSE/symbol=NIFTYBEES/part-044958_803273-008952.parquet,real_data_sample\l2_unseen_validation\trade_date=2026-07-17\exchange=NSE\symbol=NIFTYBEES\part-044958_803273-008952.parquet,36032,downloaded,36032,
2026-07-17,NSE,NIFTYBEES,raw_l2/trade_date=2026-07-17/exchange=NSE/symbol=NIFTYBEES/part-045053_500711-009080.parquet,real_data_sample\l2_unseen_validation\trade_date=2026-07-17\exchange=NSE\symbol=NIFTYBEES\part-045053_500711-009080.parquet,35426,downloaded,35426,
2026-07-17,NSE,NIFTYBEES,raw_l2/trade_date=2026-07-17/exchange=NSE/symbol=NIFTYBEES/part-045107_541644-009112.parquet,real_data_sample\l2_unseen_validation\trade_date=2026-07-17\exchange=NSE\symbol=NIFTYBEES\part-045107_541644-009112.parquet,35663,downloaded,35663,
2026-07-17,NSE,NIFTYBEES,raw_l2/trade_date=2026-07-17/exchange=NSE/symbol=NIFTYBEES/part-045203_500959-009240.parquet,real_data_sample\l2_unseen_validation\trade_date=2026-07-17\exchange=NSE\symbol=NIFTYBEES\part-045203_500959-009240.parquet,34589,downloaded,34589,
2026-07-17,NSE,NIFTYBEES,raw_l2/trade_date=2026-07-17/exchange=NSE/symbol=NIFTYBEES/part-045135_497968-009176.parquet,real_data_sample\l2_unseen_validation\trade_date=2026-07-17\exchange=NSE\symbol=NIFTYBEES\part-045135_497968-009176.parquet,34673,downloaded,34673,
2026-07-17,NSE,NIFTYBEES,raw_l2/trade_date=2026-07-17/exchange=NSE/symbol=NIFTYBEES/part-045149_452124-009208.parquet,real_data_sample\l2_unseen_validation\trade_date=2026-07-17\exchange=NSE\symbol=NIFTYBEES\part-045149_452124-009208.parquet,34685,downloaded,34685,
2026-07-17,NSE,NIFTYBEES,raw_l2/trade_date=2026-07-17/exchange=NSE/symbol=NIFTYBEES/part-045217_293257-009272.parquet,real_data_sample\l2_unseen_validation\trade_date=2026-07-17\exchange=NSE\symbol=NIFTYBEES\part-045217_293257-009272.parquet,34752,downloaded,34752,
2026-07-17,NSE,NIFTYBEES,raw_l2/trade_date=2026-07-17/exchange=NSE/symbol=NIFTYBEES/part-045408_685150-009528.parquet,real_data_sample\l2_unseen_validation\trade_date=2026-07-17\exchange=NSE\symbol=NIFTYBEES\part-045408_685150-009528.parquet,35926,downloaded,35926,
2026-07-17,NSE,NIFTYBEES,raw_l2/trade_date=2026-07-17/exchange=NSE/symbol=NIFTYBEES/part-045436_737208-009592.parquet,real_data_sample\l2_unseen_validation\trade_date=2026-07-17\exchange=NSE\symbol=NIFTYBEES\part-045436_737208-009592.parquet,35434,downloaded,35434,
2026-07-17,NSE,NIFTYBEES,raw_l2/trade_date=2026-07-17/exchange=NSE/symbol=NIFTYBEES/part-045326_868436-009432.parquet,real_data_sample\l2_unseen_validation\trade_date=2026-07-17\exchange=NSE\symbol=NIFTYBEES\part-045326_868436-009432.parquet,35503,downloaded,35503,
2026-07-17,NSE,NIFTYBEES,raw_l2/trade_date=2026-07-17/exchange=NSE/symbol=NIFTYBEES/part-045258_959471-009368.parquet,real_data_sample\l2_unseen_validation\trade_date=2026-07-17\exchange=NSE\symbol=NIFTYBEES\part-045258_959471-009368.parquet,34707,downloaded,34707,
2026-07-17,NSE,NIFTYBEES,raw_l2/trade_date=2026-07-17/exchange=NSE/symbol=NIFTYBEES/part-044931_316835-008888.parquet,real_data_sample\l2_unseen_validation\trade_date=2026-07-17\exchange=NSE\symbol=NIFTYBEES\part-044931_316835-008888.parquet,35669,downloaded,35669,
2026-07-17,NSE,NIFTYBEES,raw_l2/trade_date=2026-07-17/exchange=NSE/symbol=NIFTYBEES/part-045450_807006-009624.parquet,real_data_sample\l2_unseen_validation\trade_date=2026-07-17\exchange=NSE\symbol=NIFTYBEES\part-045450_807006-009624.parquet,35561,downloaded,35561,
2026-07-17,NSE,NIFTYBEES,raw_l2/trade_date=2026-07-17/exchange=NSE/symbol=NIFTYBEES/part-045354_713678-009496.parquet,real_data_sample\l2_unseen_validation\trade_date=2026-07-17\exchange=NSE\symbol=NIFTYBEES\part-045354_713678-009496.parquet,35555,downloaded,35555,
2026-07-17,NSE,NIFTYBEES,raw_l2/trade_date=2026-07-17/exchange=NSE/symbol=NIFTYBEES/part-045505_093402-009656.parquet,real_data_sample\l2_unseen_validation\trade_date=2026-07-17\exchange=NSE\symbol=NIFTYBEES\part-045505_093402-009656.parquet,35281,downloaded,35281,
2026-07-17,NSE,NIFTYBEES,raw_l2/trade_date=2026-07-17/exchange=NSE/symbol=NIFTYBEES/part-045422_744574-009560.parquet,real_data_sample\l2_unseen_validation\trade_date=2026-07-17\exchange=NSE\symbol=NIFTYBEES\part-045422_744574-009560.parquet,35488,downloaded,35488,
2026-07-17,NSE,NIFTYBEES,raw_l2/trade_date=2026-07-17/exchange=NSE/symbol=NIFTYBEES/part-045519_034209-009688.parquet,real_data_sample\l2_unseen_validation\trade_date=2026-07-17\exchange=NSE\symbol=NIFTYBEES\part-045519_034209-009688.parquet,35196,downloaded,35196,
2026-07-17,NSE,NIFTYBEES,raw_l2/trade_date=2026-07-17/exchange=NSE/symbol=NIFTYBEES/part-045546_924021-009752.parquet,real_data_sample\l2_unseen_validation\trade_date=2026-07-17\exchange=NSE\symbol=NIFTYBEES\part-045546_924021-009752.parquet,34617,downloaded,34617,
2026-07-17,NSE,NIFTYBEES,raw_l2/trade_date=2026-07-17/exchange=NSE/symbol=NIFTYBEES/part-045312_941704-009400.parquet,real_data_sample\l2_unseen_validation\trade_date=2026-07-17\exchange=NSE\symbol=NIFTYBEES\part-045312_941704-009400.parquet,34740,downloaded,34740,
2026-07-17,NSE,NIFTYBEES,raw_l2/trade_date=2026-07-17/exchange=NSE/symbol=NIFTYBEES/part-045614_948816-009816.parquet,real_data_sample\l2_unseen_validation\trade_date=2026-07-17\exchange=NSE\symbol=NIFTYBEES\part-045614_948816-009816.parquet,34703,downloaded,34703,
2026-07-17,NSE,NIFTYBEES,raw_l2/trade_date=2026-07-17/exchange=NSE/symbol=NIFTYBEES/part-045600_965712-009784.parquet,real_data_sample\l2_unseen_validation\trade_date=2026-07-17\exchange=NSE\symbol=NIFTYBEES\part-045600_965712-009784.parquet,34736,downloaded,34736,
2026-07-17,NSE,NIFTYBEES,raw_l2/trade_date=2026-07-17/exchange=NSE/symbol=NIFTYBEES/part-045532_938169-009720.parquet,real_data_sample\l2_unseen_validation\trade_date=2026-07-17\exchange=NSE\symbol=NIFTYBEES\part-045532_938169-009720.parquet,34604,downloaded,34604,
2026-07-17,NSE,NIFTYBEES,raw_l2/trade_date=2026-07-17/exchange=NSE/symbol=NIFTYBEES/part-045231_144055-009304.parquet,real_data_sample\l2_unseen_validation\trade_date=2026-07-17\exchange=NSE\symbol=NIFTYBEES\part-045231_144055-009304.parquet,34675,downloaded,34675,
2026-07-17,NSE,NIFTYBEES,raw_l2/trade_date=2026-07-17/exchange=NSE/symbol=NIFTYBEES/part-042812_922450-005944.parquet,real_data_sample\l2_unseen_validation\trade_date=2026-07-17\exchange=NSE\symbol=NIFTYBEES\part-042812_922450-005944.parquet,34693,downloaded,34693,
2026-07-17,NSE,NIFTYBEES,raw_l2/trade_date=2026-07-17/exchange=NSE/symbol=NIFTYBEES/part-045244_946358-009336.parquet,real_data_sample\l2_unseen_validation\trade_date=2026-07-17\exchange=NSE\symbol=NIFTYBEES\part-045244_946358-009336.parquet,34624,downloaded,34624,
2026-07-17,NSE,NIFTYBEES,raw_l2/trade_date=2026-07-17/exchange=NSE/symbol=NIFTYBEES/part-045629_246934-009848.parquet,real_data_sample\l2_unseen_validation\trade_date=2026-07-17\exchange=NSE\symbol=NIFTYBEES\part-045629_246934-009848.parquet,35774,downloaded,35774,
2026-07-17,NSE,NIFTYBEES,raw_l2/trade_date=2026-07-17/exchange=NSE/symbol=NIFTYBEES/part-045643_711160-009880.parquet,real_data_sample\l2_unseen_validation\trade_date=2026-07-17\exchange=NSE\symbol=NIFTYBEES\part-045643_711160-009880.parquet,35298,downloaded,35298,
2026-07-17,NSE,NIFTYBEES,raw_l2/trade_date=2026-07-17/exchange=NSE/symbol=NIFTYBEES/part-045822_386972-010104.parquet,real_data_sample\l2_unseen_validation\trade_date=2026-07-17\exchange=NSE\symbol=NIFTYBEES\part-045822_386972-010104.parquet,35531,downloaded,35531,
2026-07-17,NSE,NIFTYBEES,raw_l2/trade_date=2026-07-17/exchange=NSE/symbol=NIFTYBEES/part-045711_888916-009944.parquet,real_data_sample\l2_unseen_validation\trade_date=2026-07-17\exchange=NSE\symbol=NIFTYBEES\part-045711_888916-009944.parquet,35388,downloaded,35388,
2026-07-17,NSE,NIFTYBEES,raw_l2/trade_date=2026-07-17/exchange=NSE/symbol=NIFTYBEES/part-045808_403350-010072.parquet,real_data_sample\l2_unseen_validation\trade_date=2026-07-17\exchange=NSE\symbol=NIFTYBEES\part-045808_403350-010072.parquet,35551,downloaded,35551,
2026-07-17,NSE,NIFTYBEES,raw_l2/trade_date=2026-07-17/exchange=NSE/symbol=NIFTYBEES/part-045836_584651-010136.parquet,real_data_sample\l2_unseen_validation\trade_date=2026-07-17\exchange=NSE\symbol=NIFTYBEES\part-045836_584651-010136.parquet,35535,downloaded,35535,
2026-07-17,NSE,NIFTYBEES,raw_l2/trade_date=2026-07-17/exchange=NSE/symbol=NIFTYBEES/part-045725_999044-009976.parquet,real_data_sample\l2_unseen_validation\trade_date=2026-07-17\exchange=NSE\symbol=NIFTYBEES\part-045725_999044-009976.parquet,35338,downloaded,35338,
2026-07-17,NSE,NIFTYBEES,raw_l2/trade_date=2026-07-17/exchange=NSE/symbol=NIFTYBEES/part-045754_225479-010040.parquet,real_data_sample\l2_unseen_validation\trade_date=2026-07-17\exchange=NSE\symbol=NIFTYBEES\part-045754_225479-010040.parquet,35457,downloaded,35457,
2026-07-17,NSE,NIFTYBEES,raw_l2/trade_date=2026-07-17/exchange=NSE/symbol=NIFTYBEES/part-045657_613772-009912.parquet,real_data_sample\l2_unseen_validation\trade_date=2026-07-17\exchange=NSE\symbol=NIFTYBEES\part-045657_613772-009912.parquet,35556,downloaded,35556,
2026-07-17,NSE,NIFTYBEES,raw_l2/trade_date=2026-07-17/exchange=NSE/symbol=NIFTYBEES/part-045739_989700-010008.parquet,real_data_sample\l2_unseen_validation\trade_date=2026-07-17\exchange=NSE\symbol=NIFTYBEES\part-045739_989700-010008.parquet,35480,downloaded,35480,
2026-07-17,NSE,NIFTYBEES,raw_l2/trade_date=2026-07-17/exchange=NSE/symbol=NIFTYBEES/part-045904_588549-010200.parquet,real_data_sample\l2_unseen_validation\trade_date=2026-07-17\exchange=NSE\symbol=NIFTYBEES\part-045904_588549-010200.parquet,35564,downloaded,35564,
2026-07-17,NSE,NIFTYBEES,raw_l2/trade_date=2026-07-17/exchange=NSE/symbol=NIFTYBEES/part-045850_888939-010168.parquet,real_data_sample\l2_unseen_validation\trade_date=2026-07-17\exchange=NSE\symbol=NIFTYBEES\part-045850_888939-010168.parquet,35870,downloaded,35870,
2026-07-17,NSE,NIFTYBEES,raw_l2/trade_date=2026-07-17/exchange=NSE/symbol=NIFTYBEES/part-050124_600796-010520.parquet,real_data_sample\l2_unseen_validation\trade_date=2026-07-17\exchange=NSE\symbol=NIFTYBEES\part-050124_600796-010520.parquet,34872,downloaded,34872,
2026-07-17,NSE,NIFTYBEES,raw_l2/trade_date=2026-07-17/exchange=NSE/symbol=NIFTYBEES/part-044945_106543-008920.parquet,real_data_sample\l2_unseen_validation\trade_date=2026-07-17\exchange=NSE\symbol=NIFTYBEES\part-044945_106543-008920.parquet,35632,downloaded,35632,
2026-07-17,NSE,NIFTYBEES,raw_l2/trade_date=2026-07-17/exchange=NSE/symbol=NIFTYBEES/part-050249_649212-010712.parquet,real_data_sample\l2_unseen_validation\trade_date=2026-07-17\exchange=NSE\symbol=NIFTYBEES\part-050249_649212-010712.parquet,35652,downloaded,35652,
2026-07-17,NSE,NIFTYBEES,raw_l2/trade_date=2026-07-17/exchange=NSE/symbol=NIFTYBEES/part-050028_898502-010392.parquet,real_data_sample\l2_unseen_validation\trade_date=2026-07-17\exchange=NSE\symbol=NIFTYBEES\part-050028_898502-010392.parquet,35158,downloaded,35158,
2026-07-17,NSE,NIFTYBEES,raw_l2/trade_date=2026-07-17/exchange=NSE/symbol=NIFTYBEES/part-045932_786590-010264.parquet,real_data_sample\l2_unseen_validation\trade_date=2026-07-17\exchange=NSE\symbol=NIFTYBEES\part-045932_786590-010264.parquet,35304,downloaded,35304,
2026-07-17,NSE,NIFTYBEES,raw_l2/trade_date=2026-07-17/exchange=NSE/symbol=NIFTYBEES/part-050207_010017-010616.parquet,real_data_sample\l2_unseen_validation\trade_date=2026-07-17\exchange=NSE\symbol=NIFTYBEES\part-050207_010017-010616.parquet,34829,downloaded,34829,
2026-07-17,NSE,NIFTYBEES,raw_l2/trade_date=2026-07-17/exchange=NSE/symbol=NIFTYBEES/part-050056_709099-010456.parquet,real_data_sample\l2_unseen_validation\trade_date=2026-07-17\exchange=NSE\symbol=NIFTYBEES\part-050056_709099-010456.parquet,35610,downloaded,35610,
2026-07-17,NSE,NIFTYBEES,raw_l2/trade_date=2026-07-17/exchange=NSE/symbol=NIFTYBEES/part-045918_410591-010232.parquet,real_data_sample\l2_unseen_validation\trade_date=2026-07-17\exchange=NSE\symbol=NIFTYBEES\part-045918_410591-010232.parquet,35542,downloaded,35542,
2026-07-17,NSE,NIFTYBEES,raw_l2/trade_date=2026-07-17/exchange=NSE/symbol=NIFTYBEES/part-045946_879548-010296.parquet,real_data_sample\l2_unseen_validation\trade_date=2026-07-17\exchange=NSE\symbol=NIFTYBEES\part-045946_879548-010296.parquet,35507,downloaded,35507,
2026-07-17,NSE,NIFTYBEES,raw_l2/trade_date=2026-07-17/exchange=NSE/symbol=NIFTYBEES/part-050235_418314-010680.parquet,real_data_sample\l2_unseen_validation\trade_date=2026-07-17\exchange=NSE\symbol=NIFTYBEES\part-050235_418314-010680.parquet,35232,downloaded,35232,
2026-07-17,NSE,NIFTYBEES,raw_l2/trade_date=2026-07-17/exchange=NSE/symbol=NIFTYBEES/part-050318_228455-010776.parquet,real_data_sample\l2_unseen_validation\trade_date=2026-07-17\exchange=NSE\symbol=NIFTYBEES\part-050318_228455-010776.parquet,35655,downloaded,35655,
2026-07-17,NSE,NIFTYBEES,raw_l2/trade_date=2026-07-17/exchange=NSE/symbol=NIFTYBEES/part-050400_380726-010872.parquet,real_data_sample\l2_unseen_validation\trade_date=2026-07-17\exchange=NSE\symbol=NIFTYBEES\part-050400_380726-010872.parquet,35478,downloaded,35478,
2026-07-17,NSE,NIFTYBEES,raw_l2/trade_date=2026-07-17/exchange=NSE/symbol=NIFTYBEES/part-050221_082750-010648.parquet,real_data_sample\l2_unseen_validation\trade_date=2026-07-17\exchange=NSE\symbol=NIFTYBEES\part-050221_082750-010648.parquet,35264,downloaded,35264,
2026-07-17,NSE,NIFTYBEES,raw_l2/trade_date=2026-07-17/exchange=NSE/symbol=NIFTYBEES/part-050042_796709-010424.parquet,real_data_sample\l2_unseen_validation\trade_date=2026-07-17\exchange=NSE\symbol=NIFTYBEES\part-050042_796709-010424.parquet,35375,downloaded,35375,
2026-07-17,NSE,NIFTYBEES,raw_l2/trade_date=2026-07-17/exchange=NSE/symbol=NIFTYBEES/part-050303_886870-010744.parquet,real_data_sample\l2_unseen_validation\trade_date=2026-07-17\exchange=NSE\symbol=NIFTYBEES\part-050303_886870-010744.parquet,35309,downloaded,35309,
2026-07-17,NSE,NIFTYBEES,raw_l2/trade_date=2026-07-17/exchange=NSE/symbol=NIFTYBEES/part-050332_294728-010808.parquet,real_data_sample\l2_unseen_validation\trade_date=2026-07-17\exchange=NSE\symbol=NIFTYBEES\part-050332_294728-010808.parquet,35588,downloaded,35588,
2026-07-17,NSE,NIFTYBEES,raw_l2/trade_date=2026-07-17/exchange=NSE/symbol=NIFTYBEES/part-050428_665651-010936.parquet,real_data_sample\l2_unseen_validation\trade_date=2026-07-17\exchange=NSE\symbol=NIFTYBEES\part-050428_665651-010936.parquet,35719,downloaded,35719,
2026-07-17,NSE,NIFTYBEES,raw_l2/trade_date=2026-07-17/exchange=NSE/symbol=NIFTYBEES/part-050456_441484-011000.parquet,real_data_sample\l2_unseen_validation\trade_date=2026-07-17\exchange=NSE\symbol=NIFTYBEES\part-050456_441484-011000.parquet,35048,downloaded,35048,
2026-07-17,NSE,NIFTYBEES,raw_l2/trade_date=2026-07-17/exchange=NSE/symbol=NIFTYBEES/part-050346_270436-010840.parquet,real_data_sample\l2_unseen_validation\trade_date=2026-07-17\exchange=NSE\symbol=NIFTYBEES\part-050346_270436-010840.parquet,35851,downloaded,35851,
2026-07-17,NSE,NIFTYBEES,raw_l2/trade_date=2026-07-17/exchange=NSE/symbol=NIFTYBEES/part-050552_375109-011128.parquet,real_data_sample\l2_unseen_validation\trade_date=2026-07-17\exchange=NSE\symbol=NIFTYBEES\part-050552_375109-011128.parquet,35911,downloaded,35911,
2026-07-17,NSE,NIFTYBEES,raw_l2/trade_date=2026-07-17/exchange=NSE/symbol=NIFTYBEES/part-050414_705136-010904.parquet,real_data_sample\l2_unseen_validation\trade_date=2026-07-17\exchange=NSE\symbol=NIFTYBEES\part-050414_705136-010904.parquet,35439,downloaded,35439,
2026-07-17,NSE,NIFTYBEES,raw_l2/trade_date=2026-07-17/exchange=NSE/symbol=NIFTYBEES/part-050442_621024-010968.parquet,real_data_sample\l2_unseen_validation\trade_date=2026-07-17\exchange=NSE\symbol=NIFTYBEES\part-050442_621024-010968.parquet,35419,downloaded,35419,
2026-07-17,NSE,NIFTYBEES,raw_l2/trade_date=2026-07-17/exchange=NSE/symbol=NIFTYBEES/part-050510_545736-011032.parquet,real_data_sample\l2_unseen_validation\trade_date=2026-07-17\exchange=NSE\symbol=NIFTYBEES\part-050510_545736-011032.parquet,35441,downloaded,35441,
2026-07-17,NSE,NIFTYBEES,raw_l2/trade_date=2026-07-17/exchange=NSE/symbol=NIFTYBEES/part-050538_385574-011096.parquet,real_data_sample\l2_unseen_validation\trade_date=2026-07-17\exchange=NSE\symbol=NIFTYBEES\part-050538_385574-011096.parquet,35836,downloaded,35836,
2026-07-17,NSE,NIFTYBEES,raw_l2/trade_date=2026-07-17/exchange=NSE/symbol=NIFTYBEES/part-050524_585451-011064.parquet,real_data_sample\l2_unseen_validation\trade_date=2026-07-17\exchange=NSE\symbol=NIFTYBEES\part-050524_585451-011064.parquet,35682,downloaded,35682,
2026-07-17,NSE,NIFTYBEES,raw_l2/trade_date=2026-07-17/exchange=NSE/symbol=NIFTYBEES/part-050606_443694-011160.parquet,real_data_sample\l2_unseen_validation\trade_date=2026-07-17\exchange=NSE\symbol=NIFTYBEES\part-050606_443694-011160.parquet,35839,downloaded,35839,
2026-07-17,NSE,NIFTYBEES,raw_l2/trade_date=2026-07-17/exchange=NSE/symbol=NIFTYBEES/part-050015_033029-010360.parquet,real_data_sample\l2_unseen_validation\trade_date=2026-07-17\exchange=NSE\symbol=NIFTYBEES\part-050015_033029-010360.parquet,35854,downloaded,35854,
2026-07-17,NSE,NIFTYBEES,raw_l2/trade_date=2026-07-17/exchange=NSE/symbol=NIFTYBEES/part-050922_713091-011608.parquet,real_data_sample\l2_unseen_validation\trade_date=2026-07-17\exchange=NSE\symbol=NIFTYBEES\part-050922_713091-011608.parquet,34731,downloaded,34731,
2026-07-17,NSE,NIFTYBEES,raw_l2/trade_date=2026-07-17/exchange=NSE/symbol=NIFTYBEES/part-051017_959170-011736.parquet,real_data_sample\l2_unseen_validation\trade_date=2026-07-17\exchange=NSE\symbol=NIFTYBEES\part-051017_959170-011736.parquet,34493,downloaded,34493,
2026-07-17,NSE,NIFTYBEES,raw_l2/trade_date=2026-07-17/exchange=NSE/symbol=NIFTYBEES/part-051059_429802-011832.parquet,real_data_sample\l2_unseen_validation\trade_date=2026-07-17\exchange=NSE\symbol=NIFTYBEES\part-051059_429802-011832.parquet,34747,downloaded,34747,
2026-07-17,NSE,NIFTYBEES,raw_l2/trade_date=2026-07-17/exchange=NSE/symbol=NIFTYBEES/part-051045_712294-011800.parquet,real_data_sample\l2_unseen_validation\trade_date=2026-07-17\exchange=NSE\symbol=NIFTYBEES\part-051045_712294-011800.parquet,34525,downloaded,34525,
2026-07-17,NSE,NIFTYBEES,raw_l2/trade_date=2026-07-17/exchange=NSE/symbol=NIFTYBEES/part-050759_631219-011416.parquet,real_data_sample\l2_unseen_validation\trade_date=2026-07-17\exchange=NSE\symbol=NIFTYBEES\part-050759_631219-011416.parquet,35362,downloaded,35362,
2026-07-17,NSE,NIFTYBEES,raw_l2/trade_date=2026-07-17/exchange=NSE/symbol=NIFTYBEES/part-051113_339911-011864.parquet,real_data_sample\l2_unseen_validation\trade_date=2026-07-17\exchange=NSE\symbol=NIFTYBEES\part-051113_339911-011864.parquet,34647,downloaded,34647,
2026-07-17,NSE,NIFTYBEES,raw_l2/trade_date=2026-07-17/exchange=NSE/symbol=NIFTYBEES/part-051004_257870-011704.parquet,real_data_sample\l2_unseen_validation\trade_date=2026-07-17\exchange=NSE\symbol=NIFTYBEES\part-051004_257870-011704.parquet,34535,downloaded,34535,
2026-07-17,NSE,NIFTYBEES,raw_l2/trade_date=2026-07-17/exchange=NSE/symbol=NIFTYBEES/part-050732_093705-011352.parquet,real_data_sample\l2_unseen_validation\trade_date=2026-07-17\exchange=NSE\symbol=NIFTYBEES\part-050732_093705-011352.parquet,35261,downloaded,35261,
2026-07-17,NSE,NIFTYBEES,raw_l2/trade_date=2026-07-17/exchange=NSE/symbol=NIFTYBEES/part-050950_242717-011672.parquet,real_data_sample\l2_unseen_validation\trade_date=2026-07-17\exchange=NSE\symbol=NIFTYBEES\part-050950_242717-011672.parquet,34463,downloaded,34463,
2026-07-17,NSE,NIFTYBEES,raw_l2/trade_date=2026-07-17/exchange=NSE/symbol=NIFTYBEES/part-050908_870991-011576.parquet,real_data_sample\l2_unseen_validation\trade_date=2026-07-17\exchange=NSE\symbol=NIFTYBEES\part-050908_870991-011576.parquet,35397,downloaded,35397,
2026-07-17,NSE,NIFTYBEES,raw_l2/trade_date=2026-07-17/exchange=NSE/symbol=NIFTYBEES/part-050841_119012-011512.parquet,real_data_sample\l2_unseen_validation\trade_date=2026-07-17\exchange=NSE\symbol=NIFTYBEES\part-050841_119012-011512.parquet,35108,downloaded,35108,
2026-07-17,NSE,NIFTYBEES,raw_l2/trade_date=2026-07-17/exchange=NSE/symbol=NIFTYBEES/part-050620_941198-011192.parquet,real_data_sample\l2_unseen_validation\trade_date=2026-07-17\exchange=NSE\symbol=NIFTYBEES\part-050620_941198-011192.parquet,35497,downloaded,35497,
2026-07-17,NSE,NIFTYBEES,raw_l2/trade_date=2026-07-17/exchange=NSE/symbol=NIFTYBEES/part-051141_539709-011928.parquet,real_data_sample\l2_unseen_validation\trade_date=2026-07-17\exchange=NSE\symbol=NIFTYBEES\part-051141_539709-011928.parquet,34763,downloaded,34763,
2026-07-17,NSE,NIFTYBEES,raw_l2/trade_date=2026-07-17/exchange=NSE/symbol=NIFTYBEES/part-051127_413421-011896.parquet,real_data_sample\l2_unseen_validation\trade_date=2026-07-17\exchange=NSE\symbol=NIFTYBEES\part-051127_413421-011896.parquet,34511,downloaded,34511,
2026-07-17,NSE,NIFTYBEES,raw_l2/trade_date=2026-07-17/exchange=NSE/symbol=NIFTYBEES/part-050703_947577-011288.parquet,real_data_sample\l2_unseen_validation\trade_date=2026-07-17\exchange=NSE\symbol=NIFTYBEES\part-050703_947577-011288.parquet,35789,downloaded,35789,
2026-07-17,NSE,NIFTYBEES,raw_l2/trade_date=2026-07-17/exchange=NSE/symbol=NIFTYBEES/part-051031_839050-011768.parquet,real_data_sample\l2_unseen_validation\trade_date=2026-07-17\exchange=NSE\symbol=NIFTYBEES\part-051031_839050-011768.parquet,34445,downloaded,34445,
2026-07-17,NSE,NIFTYBEES,raw_l2/trade_date=2026-07-17/exchange=NSE/symbol=NIFTYBEES/part-050745_882438-011384.parquet,real_data_sample\l2_unseen_validation\trade_date=2026-07-17\exchange=NSE\symbol=NIFTYBEES\part-050745_882438-011384.parquet,35259,downloaded,35259,
2026-07-17,NSE,NIFTYBEES,raw_l2/trade_date=2026-07-17/exchange=NSE/symbol=NIFTYBEES/part-050854_836181-011544.parquet,real_data_sample\l2_unseen_validation\trade_date=2026-07-17\exchange=NSE\symbol=NIFTYBEES\part-050854_836181-011544.parquet,35394,downloaded,35394,
2026-07-17,NSE,NIFTYBEES,raw_l2/trade_date=2026-07-17/exchange=NSE/symbol=NIFTYBEES/part-050827_316829-011480.parquet,real_data_sample\l2_unseen_validation\trade_date=2026-07-17\exchange=NSE\symbol=NIFTYBEES\part-050827_316829-011480.parquet,35315,downloaded,35315,
2026-07-17,NSE,NIFTYBEES,raw_l2/trade_date=2026-07-17/exchange=NSE/symbol=NIFTYBEES/part-050936_539216-011640.parquet,real_data_sample\l2_unseen_validation\trade_date=2026-07-17\exchange=NSE\symbol=NIFTYBEES\part-050936_539216-011640.parquet,34569,downloaded,34569,
2026-07-17,NSE,NIFTYBEES,raw_l2/trade_date=2026-07-17/exchange=NSE/symbol=NIFTYBEES/part-050813_539624-011448.parquet,real_data_sample\l2_unseen_validation\trade_date=2026-07-17\exchange=NSE\symbol=NIFTYBEES\part-050813_539624-011448.parquet,35622,downloaded,35622,
2026-07-17,NSE,NIFTYBEES,raw_l2/trade_date=2026-07-17/exchange=NSE/symbol=NIFTYBEES/part-051155_426074-011960.parquet,real_data_sample\l2_unseen_validation\trade_date=2026-07-17\exchange=NSE\symbol=NIFTYBEES\part-051155_426074-011960.parquet,34729,downloaded,34729,
2026-07-17,NSE,NIFTYBEES,raw_l2/trade_date=2026-07-17/exchange=NSE/symbol=NIFTYBEES/part-050718_172463-011320.parquet,real_data_sample\l2_unseen_validation\trade_date=2026-07-17\exchange=NSE\symbol=NIFTYBEES\part-050718_172463-011320.parquet,35527,downloaded,35527,
2026-07-17,NSE,NIFTYBEES,raw_l2/trade_date=2026-07-17/exchange=NSE/symbol=NIFTYBEES/part-050649_935801-011256.parquet,real_data_sample\l2_unseen_validation\trade_date=2026-07-17\exchange=NSE\symbol=NIFTYBEES\part-050649_935801-011256.parquet,35273,downloaded,35273,
2026-07-17,NSE,NIFTYBEES,raw_l2/trade_date=2026-07-17/exchange=NSE/symbol=NIFTYBEES/part-051209_432625-011992.parquet,real_data_sample\l2_unseen_validation\trade_date=2026-07-17\exchange=NSE\symbol=NIFTYBEES\part-051209_432625-011992.parquet,34746,downloaded,34746,
2026-07-17,NSE,NIFTYBEES,raw_l2/trade_date=2026-07-17/exchange=NSE/symbol=NIFTYBEES/part-045340_677056-009464.parquet,real_data_sample\l2_unseen_validation\trade_date=2026-07-17\exchange=NSE\symbol=NIFTYBEES\part-045340_677056-009464.parquet,35593,downloaded,35593,
2026-07-17,NSE,NIFTYBEES,raw_l2/trade_date=2026-07-17/exchange=NSE/symbol=NIFTYBEES/part-051223_335777-012024.parquet,real_data_sample\l2_unseen_validation\trade_date=2026-07-17\exchange=NSE\symbol=NIFTYBEES\part-051223_335777-012024.parquet,34581,downloaded,34581,
2026-07-17,NSE,NIFTYBEES,raw_l2/trade_date=2026-07-17/exchange=NSE/symbol=NIFTYBEES/part-051237_237685-012056.parquet,real_data_sample\l2_unseen_validation\trade_date=2026-07-17\exchange=NSE\symbol=NIFTYBEES\part-051237_237685-012056.parquet,34476,downloaded,34476,
2026-07-17,NSE,NIFTYBEES,raw_l2/trade_date=2026-07-17/exchange=NSE/symbol=NIFTYBEES/part-051251_217173-012088.parquet,real_data_sample\l2_unseen_validation\trade_date=2026-07-17\exchange=NSE\symbol=NIFTYBEES\part-051251_217173-012088.parquet,34470,downloaded,34470,
2026-07-17,NSE,NIFTYBEES,raw_l2/trade_date=2026-07-17/exchange=NSE/symbol=NIFTYBEES/part-051334_216325-012184.parquet,real_data_sample\l2_unseen_validation\trade_date=2026-07-17\exchange=NSE\symbol=NIFTYBEES\part-051334_216325-012184.parquet,34780,downloaded,34780,
2026-07-17,NSE,NIFTYBEES,raw_l2/trade_date=2026-07-17/exchange=NSE/symbol=NIFTYBEES/part-051349_238511-012216.parquet,real_data_sample\l2_unseen_validation\trade_date=2026-07-17\exchange=NSE\symbol=NIFTYBEES\part-051349_238511-012216.parquet,34786,downloaded,34786,
2026-07-17,NSE,NIFTYBEES,raw_l2/trade_date=2026-07-17/exchange=NSE/symbol=NIFTYBEES/part-051640_046887-012600.parquet,real_data_sample\l2_unseen_validation\trade_date=2026-07-17\exchange=NSE\symbol=NIFTYBEES\part-051640_046887-012600.parquet,35845,downloaded,35845,
2026-07-17,NSE,NIFTYBEES,raw_l2/trade_date=2026-07-17/exchange=NSE/symbol=NIFTYBEES/part-051404_128603-012248.parquet,real_data_sample\l2_unseen_validation\trade_date=2026-07-17\exchange=NSE\symbol=NIFTYBEES\part-051404_128603-012248.parquet,34965,downloaded,34965,
2026-07-17,NSE,NIFTYBEES,raw_l2/trade_date=2026-07-17/exchange=NSE/symbol=NIFTYBEES/part-051418_518363-012280.parquet,real_data_sample\l2_unseen_validation\trade_date=2026-07-17\exchange=NSE\symbol=NIFTYBEES\part-051418_518363-012280.parquet,34725,downloaded,34725,
2026-07-17,NSE,NIFTYBEES,raw_l2/trade_date=2026-07-17/exchange=NSE/symbol=NIFTYBEES/part-051654_221095-012632.parquet,real_data_sample\l2_unseen_validation\trade_date=2026-07-17\exchange=NSE\symbol=NIFTYBEES\part-051654_221095-012632.parquet,35445,downloaded,35445,
2026-07-17,NSE,NIFTYBEES,raw_l2/trade_date=2026-07-17/exchange=NSE/symbol=NIFTYBEES/part-051305_060039-012120.parquet,real_data_sample\l2_unseen_validation\trade_date=2026-07-17\exchange=NSE\symbol=NIFTYBEES\part-051305_060039-012120.parquet,34524,downloaded,34524,
2026-07-17,NSE,NIFTYBEES,raw_l2/trade_date=2026-07-17/exchange=NSE/symbol=NIFTYBEES/part-051433_359273-012312.parquet,real_data_sample\l2_unseen_validation\trade_date=2026-07-17\exchange=NSE\symbol=NIFTYBEES\part-051433_359273-012312.parquet,34791,downloaded,34791,
2026-07-17,NSE,NIFTYBEES,raw_l2/trade_date=2026-07-17/exchange=NSE/symbol=NIFTYBEES/part-051722_151086-012696.parquet,real_data_sample\l2_unseen_validation\trade_date=2026-07-17\exchange=NSE\symbol=NIFTYBEES\part-051722_151086-012696.parquet,35574,downloaded,35574,
2026-07-17,NSE,NIFTYBEES,raw_l2/trade_date=2026-07-17/exchange=NSE/symbol=NIFTYBEES/part-051751_113295-012760.parquet,real_data_sample\l2_unseen_validation\trade_date=2026-07-17\exchange=NSE\symbol=NIFTYBEES\part-051751_113295-012760.parquet,35664,downloaded,35664,
2026-07-17,NSE,NIFTYBEES,raw_l2/trade_date=2026-07-17/exchange=NSE/symbol=NIFTYBEES/part-051805_150029-012792.parquet,real_data_sample\l2_unseen_validation\trade_date=2026-07-17\exchange=NSE\symbol=NIFTYBEES\part-051805_150029-012792.parquet,35458,downloaded,35458,
2026-07-17,NSE,NIFTYBEES,raw_l2/trade_date=2026-07-17/exchange=NSE/symbol=NIFTYBEES/part-051625_834144-012568.parquet,real_data_sample\l2_unseen_validation\trade_date=2026-07-17\exchange=NSE\symbol=NIFTYBEES\part-051625_834144-012568.parquet,35307,downloaded,35307,
2026-07-17,NSE,NIFTYBEES,raw_l2/trade_date=2026-07-17/exchange=NSE/symbol=NIFTYBEES/part-051557_104511-012504.parquet,real_data_sample\l2_unseen_validation\trade_date=2026-07-17\exchange=NSE\symbol=NIFTYBEES\part-051557_104511-012504.parquet,34663,downloaded,34663,
2026-07-17,NSE,NIFTYBEES,raw_l2/trade_date=2026-07-17/exchange=NSE/symbol=NIFTYBEES/part-051514_863841-012408.parquet,real_data_sample\l2_unseen_validation\trade_date=2026-07-17\exchange=NSE\symbol=NIFTYBEES\part-051514_863841-012408.parquet,34885,downloaded,34885,
2026-07-17,NSE,NIFTYBEES,raw_l2/trade_date=2026-07-17/exchange=NSE/symbol=NIFTYBEES/part-051501_062287-012376.parquet,real_data_sample\l2_unseen_validation\trade_date=2026-07-17\exchange=NSE\symbol=NIFTYBEES\part-051501_062287-012376.parquet,34866,downloaded,34866,
2026-07-17,NSE,NIFTYBEES,raw_l2/trade_date=2026-07-17/exchange=NSE/symbol=NIFTYBEES/part-051736_566398-012728.parquet,real_data_sample\l2_unseen_validation\trade_date=2026-07-17\exchange=NSE\symbol=NIFTYBEES\part-051736_566398-012728.parquet,35403,downloaded,35403,
2026-07-17,NSE,NIFTYBEES,raw_l2/trade_date=2026-07-17/exchange=NSE/symbol=NIFTYBEES/part-051542_682515-012472.parquet,real_data_sample\l2_unseen_validation\trade_date=2026-07-17\exchange=NSE\symbol=NIFTYBEES\part-051542_682515-012472.parquet,34577,downloaded,34577,
2026-07-17,NSE,NIFTYBEES,raw_l2/trade_date=2026-07-17/exchange=NSE/symbol=NIFTYBEES/part-051447_153172-012344.parquet,real_data_sample\l2_unseen_validation\trade_date=2026-07-17\exchange=NSE\symbol=NIFTYBEES\part-051447_153172-012344.parquet,34586,downloaded,34586,
2026-07-17,NSE,NIFTYBEES,raw_l2/trade_date=2026-07-17/exchange=NSE/symbol=NIFTYBEES/part-051528_489138-012440.parquet,real_data_sample\l2_unseen_validation\trade_date=2026-07-17\exchange=NSE\symbol=NIFTYBEES\part-051528_489138-012440.parquet,35001,downloaded,35001,
2026-07-17,NSE,NIFTYBEES,raw_l2/trade_date=2026-07-17/exchange=NSE/symbol=NIFTYBEES/part-051819_609058-012824.parquet,real_data_sample\l2_unseen_validation\trade_date=2026-07-17\exchange=NSE\symbol=NIFTYBEES\part-051819_609058-012824.parquet,34886,downloaded,34886,
2026-07-17,NSE,NIFTYBEES,raw_l2/trade_date=2026-07-17/exchange=NSE/symbol=NIFTYBEES/part-051708_221196-012664.parquet,real_data_sample\l2_unseen_validation\trade_date=2026-07-17\exchange=NSE\symbol=NIFTYBEES\part-051708_221196-012664.parquet,35306,downloaded,35306,
2026-07-17,NSE,NIFTYBEES,raw_l2/trade_date=2026-07-17/exchange=NSE/symbol=NIFTYBEES/part-051319_835296-012152.parquet,real_data_sample\l2_unseen_validation\trade_date=2026-07-17\exchange=NSE\symbol=NIFTYBEES\part-051319_835296-012152.parquet,34620,downloaded,34620,
2026-07-17,NSE,NIFTYBEES,raw_l2/trade_date=2026-07-17/exchange=NSE/symbol=NIFTYBEES/part-051611_795427-012536.parquet,real_data_sample\l2_unseen_validation\trade_date=2026-07-17\exchange=NSE\symbol=NIFTYBEES\part-051611_795427-012536.parquet,34774,downloaded,34774,
2026-07-17,NSE,NIFTYBEES,raw_l2/trade_date=2026-07-17/exchange=NSE/symbol=NIFTYBEES/part-051930_844572-012984.parquet,real_data_sample\l2_unseen_validation\trade_date=2026-07-17\exchange=NSE\symbol=NIFTYBEES\part-051930_844572-012984.parquet,34539,downloaded,34539,
2026-07-17,NSE,NIFTYBEES,raw_l2/trade_date=2026-07-17/exchange=NSE/symbol=NIFTYBEES/part-051917_008366-012952.parquet,real_data_sample\l2_unseen_validation\trade_date=2026-07-17\exchange=NSE\symbol=NIFTYBEES\part-051917_008366-012952.parquet,34585,downloaded,34585,
2026-07-17,NSE,NIFTYBEES,raw_l2/trade_date=2026-07-17/exchange=NSE/symbol=NIFTYBEES/part-051903_001591-012920.parquet,real_data_sample\l2_unseen_validation\trade_date=2026-07-17\exchange=NSE\symbol=NIFTYBEES\part-051903_001591-012920.parquet,34756,downloaded,34756,
2026-07-17,NSE,NIFTYBEES,raw_l2/trade_date=2026-07-17/exchange=NSE/symbol=NIFTYBEES/part-051958_691041-013048.parquet,real_data_sample\l2_unseen_validation\trade_date=2026-07-17\exchange=NSE\symbol=NIFTYBEES\part-051958_691041-013048.parquet,34467,downloaded,34467,
2026-07-17,NSE,NIFTYBEES,raw_l2/trade_date=2026-07-17/exchange=NSE/symbol=NIFTYBEES/part-052053_643986-013176.parquet,real_data_sample\l2_unseen_validation\trade_date=2026-07-17\exchange=NSE\symbol=NIFTYBEES\part-052053_643986-013176.parquet,34609,downloaded,34609,
2026-07-17,NSE,NIFTYBEES,raw_l2/trade_date=2026-07-17/exchange=NSE/symbol=NIFTYBEES/part-052121_367946-013240.parquet,real_data_sample\l2_unseen_validation\trade_date=2026-07-17\exchange=NSE\symbol=NIFTYBEES\part-052121_367946-013240.parquet,34917,downloaded,34917,
2026-07-17,NSE,NIFTYBEES,raw_l2/trade_date=2026-07-17/exchange=NSE/symbol=NIFTYBEES/part-052026_060801-013112.parquet,real_data_sample\l2_unseen_validation\trade_date=2026-07-17\exchange=NSE\symbol=NIFTYBEES\part-052026_060801-013112.parquet,34474,downloaded,34474,
2026-07-17,NSE,NIFTYBEES,raw_l2/trade_date=2026-07-17/exchange=NSE/symbol=NIFTYBEES/part-052012_339710-013080.parquet,real_data_sample\l2_unseen_validation\trade_date=2026-07-17\exchange=NSE\symbol=NIFTYBEES\part-052012_339710-013080.parquet,34399,downloaded,34399,
2026-07-17,NSE,NIFTYBEES,raw_l2/trade_date=2026-07-17/exchange=NSE/symbol=NIFTYBEES/part-051944_661819-013016.parquet,real_data_sample\l2_unseen_validation\trade_date=2026-07-17\exchange=NSE\symbol=NIFTYBEES\part-051944_661819-013016.parquet,34539,downloaded,34539,
2026-07-17,NSE,NIFTYBEES,raw_l2/trade_date=2026-07-17/exchange=NSE/symbol=NIFTYBEES/part-050110_671839-010488.parquet,real_data_sample\l2_unseen_validation\trade_date=2026-07-17\exchange=NSE\symbol=NIFTYBEES\part-050110_671839-010488.parquet,35724,downloaded,35724,
2026-07-17,NSE,NIFTYBEES,raw_l2/trade_date=2026-07-17/exchange=NSE/symbol=NIFTYBEES/part-052231_229616-013400.parquet,real_data_sample\l2_unseen_validation\trade_date=2026-07-17\exchange=NSE\symbol=NIFTYBEES\part-052231_229616-013400.parquet,34631,downloaded,34631,
2026-07-17,NSE,NIFTYBEES,raw_l2/trade_date=2026-07-17/exchange=NSE/symbol=NIFTYBEES/part-052423_121916-013656.parquet,real_data_sample\l2_unseen_validation\trade_date=2026-07-17\exchange=NSE\symbol=NIFTYBEES\part-052423_121916-013656.parquet,34660,downloaded,34660,
2026-07-17,NSE,NIFTYBEES,raw_l2/trade_date=2026-07-17/exchange=NSE/symbol=NIFTYBEES/part-052341_244759-013560.parquet,real_data_sample\l2_unseen_validation\trade_date=2026-07-17\exchange=NSE\symbol=NIFTYBEES\part-052341_244759-013560.parquet,34844,downloaded,34844,
2026-07-17,NSE,NIFTYBEES,raw_l2/trade_date=2026-07-17/exchange=NSE/symbol=NIFTYBEES/part-052217_283615-013368.parquet,real_data_sample\l2_unseen_validation\trade_date=2026-07-17\exchange=NSE\symbol=NIFTYBEES\part-052217_283615-013368.parquet,34571,downloaded,34571,
2026-07-17,NSE,NIFTYBEES,raw_l2/trade_date=2026-07-17/exchange=NSE/symbol=NIFTYBEES/part-052107_390625-013208.parquet,real_data_sample\l2_unseen_validation\trade_date=2026-07-17\exchange=NSE\symbol=NIFTYBEES\part-052107_390625-013208.parquet,34589,downloaded,34589,
2026-07-17,NSE,NIFTYBEES,raw_l2/trade_date=2026-07-17/exchange=NSE/symbol=NIFTYBEES/part-052327_106195-013528.parquet,real_data_sample\l2_unseen_validation\trade_date=2026-07-17\exchange=NSE\symbol=NIFTYBEES\part-052327_106195-013528.parquet,34542,downloaded,34542,
2026-07-17,NSE,NIFTYBEES,raw_l2/trade_date=2026-07-17/exchange=NSE/symbol=NIFTYBEES/part-052039_861483-013144.parquet,real_data_sample\l2_unseen_validation\trade_date=2026-07-17\exchange=NSE\symbol=NIFTYBEES\part-052039_861483-013144.parquet,34620,downloaded,34620,
2026-07-17,NSE,NIFTYBEES,raw_l2/trade_date=2026-07-17/exchange=NSE/symbol=NIFTYBEES/part-051833_859732-012856.parquet,real_data_sample\l2_unseen_validation\trade_date=2026-07-17\exchange=NSE\symbol=NIFTYBEES\part-051833_859732-012856.parquet,34682,downloaded,34682,
2026-07-17,NSE,NIFTYBEES,raw_l2/trade_date=2026-07-17/exchange=NSE/symbol=NIFTYBEES/part-052313_215851-013496.parquet,real_data_sample\l2_unseen_validation\trade_date=2026-07-17\exchange=NSE\symbol=NIFTYBEES\part-052313_215851-013496.parquet,34755,downloaded,34755,
2026-07-17,NSE,NIFTYBEES,raw_l2/trade_date=2026-07-17/exchange=NSE/symbol=NIFTYBEES/part-052409_196142-013624.parquet,real_data_sample\l2_unseen_validation\trade_date=2026-07-17\exchange=NSE\symbol=NIFTYBEES\part-052409_196142-013624.parquet,34637,downloaded,34637,
2026-07-17,NSE,NIFTYBEES,raw_l2/trade_date=2026-07-17/exchange=NSE/symbol=NIFTYBEES/part-052245_153273-013432.parquet,real_data_sample\l2_unseen_validation\trade_date=2026-07-17\exchange=NSE\symbol=NIFTYBEES\part-052245_153273-013432.parquet,34837,downloaded,34837,
2026-07-17,NSE,NIFTYBEES,raw_l2/trade_date=2026-07-17/exchange=NSE/symbol=NIFTYBEES/part-052135_148135-013272.parquet,real_data_sample\l2_unseen_validation\trade_date=2026-07-17\exchange=NSE\symbol=NIFTYBEES\part-052135_148135-013272.parquet,34521,downloaded,34521,
2026-07-17,NSE,NIFTYBEES,raw_l2/trade_date=2026-07-17/exchange=NSE/symbol=NIFTYBEES/part-052437_152705-013688.parquet,real_data_sample\l2_unseen_validation\trade_date=2026-07-17\exchange=NSE\symbol=NIFTYBEES\part-052437_152705-013688.parquet,34582,downloaded,34582,
2026-07-17,NSE,NIFTYBEES,raw_l2/trade_date=2026-07-17/exchange=NSE/symbol=NIFTYBEES/part-052259_197430-013464.parquet,real_data_sample\l2_unseen_validation\trade_date=2026-07-17\exchange=NSE\symbol=NIFTYBEES\part-052259_197430-013464.parquet,34950,downloaded,34950,
2026-07-17,NSE,NIFTYBEES,raw_l2/trade_date=2026-07-17/exchange=NSE/symbol=NIFTYBEES/part-052355_371551-013592.parquet,real_data_sample\l2_unseen_validation\trade_date=2026-07-17\exchange=NSE\symbol=NIFTYBEES\part-052355_371551-013592.parquet,34808,downloaded,34808,
2026-07-17,NSE,NIFTYBEES,raw_l2/trade_date=2026-07-17/exchange=NSE/symbol=NIFTYBEES/part-052149_166619-013304.parquet,real_data_sample\l2_unseen_validation\trade_date=2026-07-17\exchange=NSE\symbol=NIFTYBEES\part-052149_166619-013304.parquet,34690,downloaded,34690,
2026-07-17,NSE,NIFTYBEES,raw_l2/trade_date=2026-07-17/exchange=NSE/symbol=NIFTYBEES/part-052203_169238-013336.parquet,real_data_sample\l2_unseen_validation\trade_date=2026-07-17\exchange=NSE\symbol=NIFTYBEES\part-052203_169238-013336.parquet,34708,downloaded,34708,
2026-07-17,NSE,NIFTYBEES,raw_l2/trade_date=2026-07-17/exchange=NSE/symbol=NIFTYBEES/part-051848_077322-012888.parquet,real_data_sample\l2_unseen_validation\trade_date=2026-07-17\exchange=NSE\symbol=NIFTYBEES\part-051848_077322-012888.parquet,34483,downloaded,34483,
2026-07-17,NSE,NIFTYBEES,raw_l2/trade_date=2026-07-17/exchange=NSE/symbol=NIFTYBEES/part-050635_675795-011224.parquet,real_data_sample\l2_unseen_validation\trade_date=2026-07-17\exchange=NSE\symbol=NIFTYBEES\part-050635_675795-011224.parquet,35544,downloaded,35544,
2026-07-17,NSE,NIFTYBEES,raw_l2/trade_date=2026-07-17/exchange=NSE/symbol=NIFTYBEES/part-052450_946829-013720.parquet,real_data_sample\l2_unseen_validation\trade_date=2026-07-17\exchange=NSE\symbol=NIFTYBEES\part-052450_946829-013720.parquet,34731,downloaded,34731,
2026-07-17,NSE,NIFTYBEES,raw_l2/trade_date=2026-07-17/exchange=NSE/symbol=NIFTYBEES/part-052504_830031-013752.parquet,real_data_sample\l2_unseen_validation\trade_date=2026-07-17\exchange=NSE\symbol=NIFTYBEES\part-052504_830031-013752.parquet,34508,downloaded,34508,
2026-07-17,NSE,NIFTYBEES,raw_l2/trade_date=2026-07-17/exchange=NSE/symbol=NIFTYBEES/part-052518_581920-013784.parquet,real_data_sample\l2_unseen_validation\trade_date=2026-07-17\exchange=NSE\symbol=NIFTYBEES\part-052518_581920-013784.parquet,35055,downloaded,35055,
2026-07-17,NSE,NIFTYBEES,raw_l2/trade_date=2026-07-17/exchange=NSE/symbol=NIFTYBEES/part-052532_648270-013816.parquet,real_data_sample\l2_unseen_validation\trade_date=2026-07-17\exchange=NSE\symbol=NIFTYBEES\part-052532_648270-013816.parquet,35190,downloaded,35190,
2026-07-17,NSE,NIFTYBEES,raw_l2/trade_date=2026-07-17/exchange=NSE/symbol=NIFTYBEES/part-052600_883718-013880.parquet,real_data_sample\l2_unseen_validation\trade_date=2026-07-17\exchange=NSE\symbol=NIFTYBEES\part-052600_883718-013880.parquet,35087,downloaded,35087,
2026-07-17,NSE,NIFTYBEES,raw_l2/trade_date=2026-07-17/exchange=NSE/symbol=NIFTYBEES/part-052945_971333-014392.parquet,real_data_sample\l2_unseen_validation\trade_date=2026-07-17\exchange=NSE\symbol=NIFTYBEES\part-052945_971333-014392.parquet,34697,downloaded,34697,
2026-07-17,NSE,NIFTYBEES,raw_l2/trade_date=2026-07-17/exchange=NSE/symbol=NIFTYBEES/part-052546_772919-013848.parquet,real_data_sample\l2_unseen_validation\trade_date=2026-07-17\exchange=NSE\symbol=NIFTYBEES\part-052546_772919-013848.parquet,35443,downloaded,35443,
2026-07-17,NSE,NIFTYBEES,raw_l2/trade_date=2026-07-17/exchange=NSE/symbol=NIFTYBEES/part-053015_320397-014456.parquet,real_data_sample\l2_unseen_validation\trade_date=2026-07-17\exchange=NSE\symbol=NIFTYBEES\part-053015_320397-014456.parquet,34556,downloaded,34556,
2026-07-17,NSE,NIFTYBEES,raw_l2/trade_date=2026-07-17/exchange=NSE/symbol=NIFTYBEES/part-052931_942349-014360.parquet,real_data_sample\l2_unseen_validation\trade_date=2026-07-17\exchange=NSE\symbol=NIFTYBEES\part-052931_942349-014360.parquet,34838,downloaded,34838,
2026-07-17,NSE,NIFTYBEES,raw_l2/trade_date=2026-07-17/exchange=NSE/symbol=NIFTYBEES/part-052711_540936-014040.parquet,real_data_sample\l2_unseen_validation\trade_date=2026-07-17\exchange=NSE\symbol=NIFTYBEES\part-052711_540936-014040.parquet,35816,downloaded,35816,
2026-07-17,NSE,NIFTYBEES,raw_l2/trade_date=2026-07-17/exchange=NSE/symbol=NIFTYBEES/part-052614_996565-013912.parquet,real_data_sample\l2_unseen_validation\trade_date=2026-07-17\exchange=NSE\symbol=NIFTYBEES\part-052614_996565-013912.parquet,35304,downloaded,35304,
2026-07-17,NSE,NIFTYBEES,raw_l2/trade_date=2026-07-17/exchange=NSE/symbol=NIFTYBEES/part-052753_395291-014136.parquet,real_data_sample\l2_unseen_validation\trade_date=2026-07-17\exchange=NSE\symbol=NIFTYBEES\part-052753_395291-014136.parquet,34634,downloaded,34634,
2026-07-17,NSE,NIFTYBEES,raw_l2/trade_date=2026-07-17/exchange=NSE/symbol=NIFTYBEES/part-052725_561851-014072.parquet,real_data_sample\l2_unseen_validation\trade_date=2026-07-17\exchange=NSE\symbol=NIFTYBEES\part-052725_561851-014072.parquet,34764,downloaded,34764,
2026-07-17,NSE,NIFTYBEES,raw_l2/trade_date=2026-07-17/exchange=NSE/symbol=NIFTYBEES/part-052629_241408-013944.parquet,real_data_sample\l2_unseen_validation\trade_date=2026-07-17\exchange=NSE\symbol=NIFTYBEES\part-052629_241408-013944.parquet,35221,downloaded,35221,
2026-07-17,NSE,NIFTYBEES,raw_l2/trade_date=2026-07-17/exchange=NSE/symbol=NIFTYBEES/part-052643_321812-013976.parquet,real_data_sample\l2_unseen_validation\trade_date=2026-07-17\exchange=NSE\symbol=NIFTYBEES\part-052643_321812-013976.parquet,35381,downloaded,35381,
2026-07-17,NSE,NIFTYBEES,raw_l2/trade_date=2026-07-17/exchange=NSE/symbol=NIFTYBEES/part-052657_497785-014008.parquet,real_data_sample\l2_unseen_validation\trade_date=2026-07-17\exchange=NSE\symbol=NIFTYBEES\part-052657_497785-014008.parquet,35121,downloaded,35121,
2026-07-17,NSE,NIFTYBEES,raw_l2/trade_date=2026-07-17/exchange=NSE/symbol=NIFTYBEES/part-052807_263854-014168.parquet,real_data_sample\l2_unseen_validation\trade_date=2026-07-17\exchange=NSE\symbol=NIFTYBEES\part-052807_263854-014168.parquet,34746,downloaded,34746,
2026-07-17,NSE,NIFTYBEES,raw_l2/trade_date=2026-07-17/exchange=NSE/symbol=NIFTYBEES/part-052821_378205-014200.parquet,real_data_sample\l2_unseen_validation\trade_date=2026-07-17\exchange=NSE\symbol=NIFTYBEES\part-052821_378205-014200.parquet,34684,downloaded,34684,
2026-07-17,NSE,NIFTYBEES,raw_l2/trade_date=2026-07-17/exchange=NSE/symbol=NIFTYBEES/part-053043_521638-014520.parquet,real_data_sample\l2_unseen_validation\trade_date=2026-07-17\exchange=NSE\symbol=NIFTYBEES\part-053043_521638-014520.parquet,34636,downloaded,34636,
2026-07-17,NSE,NIFTYBEES,raw_l2/trade_date=2026-07-17/exchange=NSE/symbol=NIFTYBEES/part-053000_026215-014424.parquet,real_data_sample\l2_unseen_validation\trade_date=2026-07-17\exchange=NSE\symbol=NIFTYBEES\part-053000_026215-014424.parquet,34603,downloaded,34603,
2026-07-17,NSE,NIFTYBEES,raw_l2/trade_date=2026-07-17/exchange=NSE/symbol=NIFTYBEES/part-052835_575978-014232.parquet,real_data_sample\l2_unseen_validation\trade_date=2026-07-17\exchange=NSE\symbol=NIFTYBEES\part-052835_575978-014232.parquet,34822,downloaded,34822,
2026-07-17,NSE,NIFTYBEES,raw_l2/trade_date=2026-07-17/exchange=NSE/symbol=NIFTYBEES/part-053057_533851-014552.parquet,real_data_sample\l2_unseen_validation\trade_date=2026-07-17\exchange=NSE\symbol=NIFTYBEES\part-053057_533851-014552.parquet,34717,downloaded,34717,
2026-07-17,NSE,NIFTYBEES,raw_l2/trade_date=2026-07-17/exchange=NSE/symbol=NIFTYBEES/part-053029_640063-014488.parquet,real_data_sample\l2_unseen_validation\trade_date=2026-07-17\exchange=NSE\symbol=NIFTYBEES\part-053029_640063-014488.parquet,34686,downloaded,34686,
2026-07-17,NSE,NIFTYBEES,raw_l2/trade_date=2026-07-17/exchange=NSE/symbol=NIFTYBEES/part-052739_455682-014104.parquet,real_data_sample\l2_unseen_validation\trade_date=2026-07-17\exchange=NSE\symbol=NIFTYBEES\part-052739_455682-014104.parquet,34596,downloaded,34596,
2026-07-17,NSE,NIFTYBEES,raw_l2/trade_date=2026-07-17/exchange=NSE/symbol=NIFTYBEES/part-052918_031431-014328.parquet,real_data_sample\l2_unseen_validation\trade_date=2026-07-17\exchange=NSE\symbol=NIFTYBEES\part-052918_031431-014328.parquet,34682,downloaded,34682,
2026-07-17,NSE,NIFTYBEES,raw_l2/trade_date=2026-07-17/exchange=NSE/symbol=NIFTYBEES/part-053140_410225-014648.parquet,real_data_sample\l2_unseen_validation\trade_date=2026-07-17\exchange=NSE\symbol=NIFTYBEES\part-053140_410225-014648.parquet,34614,downloaded,34614,
2026-07-17,NSE,NIFTYBEES,raw_l2/trade_date=2026-07-17/exchange=NSE/symbol=NIFTYBEES/part-052904_051656-014296.parquet,real_data_sample\l2_unseen_validation\trade_date=2026-07-17\exchange=NSE\symbol=NIFTYBEES\part-052904_051656-014296.parquet,34923,downloaded,34923,
2026-07-17,NSE,NIFTYBEES,raw_l2/trade_date=2026-07-17/exchange=NSE/symbol=NIFTYBEES/part-053154_229081-014680.parquet,real_data_sample\l2_unseen_validation\trade_date=2026-07-17\exchange=NSE\symbol=NIFTYBEES\part-053154_229081-014680.parquet,34617,downloaded,34617,
2026-07-17,NSE,NIFTYBEES,raw_l2/trade_date=2026-07-17/exchange=NSE/symbol=NIFTYBEES/part-053208_375940-014712.parquet,real_data_sample\l2_unseen_validation\trade_date=2026-07-17\exchange=NSE\symbol=NIFTYBEES\part-053208_375940-014712.parquet,34769,downloaded,34769,
2026-07-17,NSE,NIFTYBEES,raw_l2/trade_date=2026-07-17/exchange=NSE/symbol=NIFTYBEES/part-053222_474376-014744.parquet,real_data_sample\l2_unseen_validation\trade_date=2026-07-17\exchange=NSE\symbol=NIFTYBEES\part-053222_474376-014744.parquet,34693,downloaded,34693,
2026-07-17,NSE,NIFTYBEES,raw_l2/trade_date=2026-07-17/exchange=NSE/symbol=NIFTYBEES/part-053825_070537-015576.parquet,real_data_sample\l2_unseen_validation\trade_date=2026-07-17\exchange=NSE\symbol=NIFTYBEES\part-053825_070537-015576.parquet,34973,downloaded,34973,
2026-07-17,NSE,NIFTYBEES,raw_l2/trade_date=2026-07-17/exchange=NSE/symbol=NIFTYBEES/part-053112_254558-014584.parquet,real_data_sample\l2_unseen_validation\trade_date=2026-07-17\exchange=NSE\symbol=NIFTYBEES\part-053112_254558-014584.parquet,34778,downloaded,34778,
2026-07-17,NSE,NIFTYBEES,raw_l2/trade_date=2026-07-17/exchange=NSE/symbol=NIFTYBEES/part-050152_621960-010584.parquet,real_data_sample\l2_unseen_validation\trade_date=2026-07-17\exchange=NSE\symbol=NIFTYBEES\part-050152_621960-010584.parquet,34659,downloaded,34659,
2026-07-17,NSE,NIFTYBEES,raw_l2/trade_date=2026-07-17/exchange=NSE/symbol=NIFTYBEES/part-053304_612417-014840.parquet,real_data_sample\l2_unseen_validation\trade_date=2026-07-17\exchange=NSE\symbol=NIFTYBEES\part-053304_612417-014840.parquet,34708,downloaded,34708,
2026-07-17,NSE,NIFTYBEES,raw_l2/trade_date=2026-07-17/exchange=NSE/symbol=NIFTYBEES/part-053810_938113-015544.parquet,real_data_sample\l2_unseen_validation\trade_date=2026-07-17\exchange=NSE\symbol=NIFTYBEES\part-053810_938113-015544.parquet,35409,downloaded,35409,
2026-07-17,NSE,NIFTYBEES,raw_l2/trade_date=2026-07-17/exchange=NSE/symbol=NIFTYBEES/part-053250_468902-014808.parquet,real_data_sample\l2_unseen_validation\trade_date=2026-07-17\exchange=NSE\symbol=NIFTYBEES\part-053250_468902-014808.parquet,34759,downloaded,34759,
2026-07-17,NSE,NIFTYBEES,raw_l2/trade_date=2026-07-17/exchange=NSE/symbol=NIFTYBEES/part-050001_199472-010328.parquet,real_data_sample\l2_unseen_validation\trade_date=2026-07-17\exchange=NSE\symbol=NIFTYBEES\part-050001_199472-010328.parquet,35806,downloaded,35806,
2026-07-17,NSE,NIFTYBEES,raw_l2/trade_date=2026-07-17/exchange=NSE/symbol=NIFTYBEES/part-053428_632143-015032.parquet,real_data_sample\l2_unseen_validation\trade_date=2026-07-17\exchange=NSE\symbol=NIFTYBEES\part-053428_632143-015032.parquet,35685,downloaded,35685,
2026-07-17,NSE,NIFTYBEES,raw_l2/trade_date=2026-07-17/exchange=NSE/symbol=NIFTYBEES/part-053743_162210-015480.parquet,real_data_sample\l2_unseen_validation\trade_date=2026-07-17\exchange=NSE\symbol=NIFTYBEES\part-053743_162210-015480.parquet,35783,downloaded,35783,
2026-07-17,NSE,NIFTYBEES,raw_l2/trade_date=2026-07-17/exchange=NSE/symbol=NIFTYBEES/part-053729_353783-015448.parquet,real_data_sample\l2_unseen_validation\trade_date=2026-07-17\exchange=NSE\symbol=NIFTYBEES\part-053729_353783-015448.parquet,35489,downloaded,35489,
2026-07-17,NSE,NIFTYBEES,raw_l2/trade_date=2026-07-17/exchange=NSE/symbol=NIFTYBEES/part-053236_488251-014776.parquet,real_data_sample\l2_unseen_validation\trade_date=2026-07-17\exchange=NSE\symbol=NIFTYBEES\part-053236_488251-014776.parquet,34904,downloaded,34904,
2026-07-17,NSE,NIFTYBEES,raw_l2/trade_date=2026-07-17/exchange=NSE/symbol=NIFTYBEES/part-053456_017091-015096.parquet,real_data_sample\l2_unseen_validation\trade_date=2026-07-17\exchange=NSE\symbol=NIFTYBEES\part-053456_017091-015096.parquet,35452,downloaded,35452,
2026-07-17,NSE,NIFTYBEES,raw_l2/trade_date=2026-07-17/exchange=NSE/symbol=NIFTYBEES/part-053332_810260-014904.parquet,real_data_sample\l2_unseen_validation\trade_date=2026-07-17\exchange=NSE\symbol=NIFTYBEES\part-053332_810260-014904.parquet,34710,downloaded,34710,
2026-07-17,NSE,NIFTYBEES,raw_l2/trade_date=2026-07-17/exchange=NSE/symbol=NIFTYBEES/part-053523_941772-015160.parquet,real_data_sample\l2_unseen_validation\trade_date=2026-07-17\exchange=NSE\symbol=NIFTYBEES\part-053523_941772-015160.parquet,34926,downloaded,34926,
2026-07-17,NSE,NIFTYBEES,raw_l2/trade_date=2026-07-17/exchange=NSE/symbol=NIFTYBEES/part-053442_391968-015064.parquet,real_data_sample\l2_unseen_validation\trade_date=2026-07-17\exchange=NSE\symbol=NIFTYBEES\part-053442_391968-015064.parquet,35346,downloaded,35346,
2026-07-17,NSE,NIFTYBEES,raw_l2/trade_date=2026-07-17/exchange=NSE/symbol=NIFTYBEES/part-053537_802924-015192.parquet,real_data_sample\l2_unseen_validation\trade_date=2026-07-17\exchange=NSE\symbol=NIFTYBEES\part-053537_802924-015192.parquet,34627,downloaded,34627,
2026-07-17,NSE,NIFTYBEES,raw_l2/trade_date=2026-07-17/exchange=NSE/symbol=NIFTYBEES/part-053551_679885-015224.parquet,real_data_sample\l2_unseen_validation\trade_date=2026-07-17\exchange=NSE\symbol=NIFTYBEES\part-053551_679885-015224.parquet,34648,downloaded,34648,
2026-07-17,NSE,NIFTYBEES,raw_l2/trade_date=2026-07-17/exchange=NSE/symbol=NIFTYBEES/part-053510_077950-015128.parquet,real_data_sample\l2_unseen_validation\trade_date=2026-07-17\exchange=NSE\symbol=NIFTYBEES\part-053510_077950-015128.parquet,35481,downloaded,35481,
2026-07-17,NSE,NIFTYBEES,raw_l2/trade_date=2026-07-17/exchange=NSE/symbol=NIFTYBEES/part-053400_802103-014968.parquet,real_data_sample\l2_unseen_validation\trade_date=2026-07-17\exchange=NSE\symbol=NIFTYBEES\part-053400_802103-014968.parquet,34874,downloaded,34874,
2026-07-17,NSE,NIFTYBEES,raw_l2/trade_date=2026-07-17/exchange=NSE/symbol=NIFTYBEES/part-053414_835180-015000.parquet,real_data_sample\l2_unseen_validation\trade_date=2026-07-17\exchange=NSE\symbol=NIFTYBEES\part-053414_835180-015000.parquet,34921,downloaded,34921,
2026-07-17,NSE,NIFTYBEES,raw_l2/trade_date=2026-07-17/exchange=NSE/symbol=NIFTYBEES/part-053346_640157-014936.parquet,real_data_sample\l2_unseen_validation\trade_date=2026-07-17\exchange=NSE\symbol=NIFTYBEES\part-053346_640157-014936.parquet,34886,downloaded,34886,
2026-07-17,NSE,NIFTYBEES,raw_l2/trade_date=2026-07-17/exchange=NSE/symbol=NIFTYBEES/part-053318_677322-014872.parquet,real_data_sample\l2_unseen_validation\trade_date=2026-07-17\exchange=NSE\symbol=NIFTYBEES\part-053318_677322-014872.parquet,34719,downloaded,34719,
2026-07-17,NSE,NIFTYBEES,raw_l2/trade_date=2026-07-17/exchange=NSE/symbol=NIFTYBEES/part-053647_590325-015352.parquet,real_data_sample\l2_unseen_validation\trade_date=2026-07-17\exchange=NSE\symbol=NIFTYBEES\part-053647_590325-015352.parquet,35711,downloaded,35711,
2026-07-17,NSE,NIFTYBEES,raw_l2/trade_date=2026-07-17/exchange=NSE/symbol=NIFTYBEES/part-053701_520598-015384.parquet,real_data_sample\l2_unseen_validation\trade_date=2026-07-17\exchange=NSE\symbol=NIFTYBEES\part-053701_520598-015384.parquet,35201,downloaded,35201,
2026-07-17,NSE,NIFTYBEES,raw_l2/trade_date=2026-07-17/exchange=NSE/symbol=NIFTYBEES/part-053757_091454-015512.parquet,real_data_sample\l2_unseen_validation\trade_date=2026-07-17\exchange=NSE\symbol=NIFTYBEES\part-053757_091454-015512.parquet,35421,downloaded,35421,
2026-07-17,NSE,NIFTYBEES,raw_l2/trade_date=2026-07-17/exchange=NSE/symbol=NIFTYBEES/part-053605_387430-015256.parquet,real_data_sample\l2_unseen_validation\trade_date=2026-07-17\exchange=NSE\symbol=NIFTYBEES\part-053605_387430-015256.parquet,34851,downloaded,34851,
2026-07-17,NSE,NIFTYBEES,raw_l2/trade_date=2026-07-17/exchange=NSE/symbol=NIFTYBEES/part-053619_430730-015288.parquet,real_data_sample\l2_unseen_validation\trade_date=2026-07-17\exchange=NSE\symbol=NIFTYBEES\part-053619_430730-015288.parquet,34995,downloaded,34995,
2026-07-17,NSE,NIFTYBEES,raw_l2/trade_date=2026-07-17/exchange=NSE/symbol=NIFTYBEES/part-053715_469230-015416.parquet,real_data_sample\l2_unseen_validation\trade_date=2026-07-17\exchange=NSE\symbol=NIFTYBEES\part-053715_469230-015416.parquet,35332,downloaded,35332,
2026-07-17,NSE,NIFTYBEES,raw_l2/trade_date=2026-07-17/exchange=NSE/symbol=NIFTYBEES/part-053633_646257-015320.parquet,real_data_sample\l2_unseen_validation\trade_date=2026-07-17\exchange=NSE\symbol=NIFTYBEES\part-053633_646257-015320.parquet,35625,downloaded,35625,
2026-07-17,NSE,NIFTYBEES,raw_l2/trade_date=2026-07-17/exchange=NSE/symbol=NIFTYBEES/part-053839_184776-015608.parquet,real_data_sample\l2_unseen_validation\trade_date=2026-07-17\exchange=NSE\symbol=NIFTYBEES\part-053839_184776-015608.parquet,34821,downloaded,34821,
2026-07-17,NSE,NIFTYBEES,raw_l2/trade_date=2026-07-17/exchange=NSE/symbol=NIFTYBEES/part-054044_492850-015896.parquet,real_data_sample\l2_unseen_validation\trade_date=2026-07-17\exchange=NSE\symbol=NIFTYBEES\part-054044_492850-015896.parquet,34862,downloaded,34862,
2026-07-17,NSE,NIFTYBEES,raw_l2/trade_date=2026-07-17/exchange=NSE/symbol=NIFTYBEES/part-050138_546056-010552.parquet,real_data_sample\l2_unseen_validation\trade_date=2026-07-17\exchange=NSE\symbol=NIFTYBEES\part-050138_546056-010552.parquet,34942,downloaded,34942,
2026-07-17,NSE,NIFTYBEES,raw_l2/trade_date=2026-07-17/exchange=NSE/symbol=NIFTYBEES/part-053934_875435-015736.parquet,real_data_sample\l2_unseen_validation\trade_date=2026-07-17\exchange=NSE\symbol=NIFTYBEES\part-053934_875435-015736.parquet,35535,downloaded,35535,
2026-07-17,NSE,NIFTYBEES,raw_l2/trade_date=2026-07-17/exchange=NSE/symbol=NIFTYBEES/part-053948_655995-015768.parquet,real_data_sample\l2_unseen_validation\trade_date=2026-07-17\exchange=NSE\symbol=NIFTYBEES\part-053948_655995-015768.parquet,35611,downloaded,35611,
2026-07-17,NSE,NIFTYBEES,raw_l2/trade_date=2026-07-17/exchange=NSE/symbol=NIFTYBEES/part-054112_329047-015960.parquet,real_data_sample\l2_unseen_validation\trade_date=2026-07-17\exchange=NSE\symbol=NIFTYBEES\part-054112_329047-015960.parquet,34663,downloaded,34663,
2026-07-17,NSE,NIFTYBEES,raw_l2/trade_date=2026-07-17/exchange=NSE/symbol=NIFTYBEES/part-053920_931450-015704.parquet,real_data_sample\l2_unseen_validation\trade_date=2026-07-17\exchange=NSE\symbol=NIFTYBEES\part-053920_931450-015704.parquet,35313,downloaded,35313,
2026-07-17,NSE,NIFTYBEES,raw_l2/trade_date=2026-07-17/exchange=NSE/symbol=NIFTYBEES/part-054126_091182-015992.parquet,real_data_sample\l2_unseen_validation\trade_date=2026-07-17\exchange=NSE\symbol=NIFTYBEES\part-054126_091182-015992.parquet,35266,downloaded,35266,
2026-07-17,NSE,NIFTYBEES,raw_l2/trade_date=2026-07-17/exchange=NSE/symbol=NIFTYBEES/part-054030_599240-015864.parquet,real_data_sample\l2_unseen_validation\trade_date=2026-07-17\exchange=NSE\symbol=NIFTYBEES\part-054030_599240-015864.parquet,34823,downloaded,34823,
2026-07-17,NSE,NIFTYBEES,raw_l2/trade_date=2026-07-17/exchange=NSE/symbol=NIFTYBEES/part-052849_859083-014264.parquet,real_data_sample\l2_unseen_validation\trade_date=2026-07-17\exchange=NSE\symbol=NIFTYBEES\part-052849_859083-014264.parquet,34880,downloaded,34880,
2026-07-17,NSE,NIFTYBEES,raw_l2/trade_date=2026-07-17/exchange=NSE/symbol=NIFTYBEES/part-054016_542211-015832.parquet,real_data_sample\l2_unseen_validation\trade_date=2026-07-17\exchange=NSE\symbol=NIFTYBEES\part-054016_542211-015832.parquet,35074,downloaded,35074,
2026-07-17,NSE,NIFTYBEES,raw_l2/trade_date=2026-07-17/exchange=NSE/symbol=NIFTYBEES/part-054002_802636-015800.parquet,real_data_sample\l2_unseen_validation\trade_date=2026-07-17\exchange=NSE\symbol=NIFTYBEES\part-054002_802636-015800.parquet,35248,downloaded,35248,
2026-07-17,NSE,NIFTYBEES,raw_l2/trade_date=2026-07-17/exchange=NSE/symbol=NIFTYBEES/part-054454_639826-016472.parquet,real_data_sample\l2_unseen_validation\trade_date=2026-07-17\exchange=NSE\symbol=NIFTYBEES\part-054454_639826-016472.parquet,34809,downloaded,34809,
2026-07-17,NSE,NIFTYBEES,raw_l2/trade_date=2026-07-17/exchange=NSE/symbol=NIFTYBEES/part-054508_392415-016504.parquet,real_data_sample\l2_unseen_validation\trade_date=2026-07-17\exchange=NSE\symbol=NIFTYBEES\part-054508_392415-016504.parquet,34637,downloaded,34637,
2026-07-17,NSE,NIFTYBEES,raw_l2/trade_date=2026-07-17/exchange=NSE/symbol=NIFTYBEES/part-054058_431804-015928.parquet,real_data_sample\l2_unseen_validation\trade_date=2026-07-17\exchange=NSE\symbol=NIFTYBEES\part-054058_431804-015928.parquet,34886,downloaded,34886,
2026-07-17,NSE,NIFTYBEES,raw_l2/trade_date=2026-07-17/exchange=NSE/symbol=NIFTYBEES/part-054426_881672-016408.parquet,real_data_sample\l2_unseen_validation\trade_date=2026-07-17\exchange=NSE\symbol=NIFTYBEES\part-054426_881672-016408.parquet,34746,downloaded,34746,
2026-07-17,NSE,NIFTYBEES,raw_l2/trade_date=2026-07-17/exchange=NSE/symbol=NIFTYBEES/part-054440_653790-016440.parquet,real_data_sample\l2_unseen_validation\trade_date=2026-07-17\exchange=NSE\symbol=NIFTYBEES\part-054440_653790-016440.parquet,34816,downloaded,34816,
2026-07-17,NSE,NIFTYBEES,raw_l2/trade_date=2026-07-17/exchange=NSE/symbol=NIFTYBEES/part-053853_092815-015640.parquet,real_data_sample\l2_unseen_validation\trade_date=2026-07-17\exchange=NSE\symbol=NIFTYBEES\part-053853_092815-015640.parquet,34772,downloaded,34772,
2026-07-17,NSE,NIFTYBEES,raw_l2/trade_date=2026-07-17/exchange=NSE/symbol=NIFTYBEES/part-053906_871536-015672.parquet,real_data_sample\l2_unseen_validation\trade_date=2026-07-17\exchange=NSE\symbol=NIFTYBEES\part-053906_871536-015672.parquet,34599,downloaded,34599,
2026-07-17,NSE,NIFTYBEES,raw_l2/trade_date=2026-07-17/exchange=NSE/symbol=NIFTYBEES/part-054645_406480-016728.parquet,real_data_sample\l2_unseen_validation\trade_date=2026-07-17\exchange=NSE\symbol=NIFTYBEES\part-054645_406480-016728.parquet,35296,downloaded,35296,
2026-07-17,NSE,NIFTYBEES,raw_l2/trade_date=2026-07-17/exchange=NSE/symbol=NIFTYBEES/part-054522_357960-016536.parquet,real_data_sample\l2_unseen_validation\trade_date=2026-07-17\exchange=NSE\symbol=NIFTYBEES\part-054522_357960-016536.parquet,34628,downloaded,34628,
2026-07-17,NSE,NIFTYBEES,raw_l2/trade_date=2026-07-17/exchange=NSE/symbol=NIFTYBEES/part-054713_356405-016792.parquet,real_data_sample\l2_unseen_validation\trade_date=2026-07-17\exchange=NSE\symbol=NIFTYBEES\part-054713_356405-016792.parquet,35377,downloaded,35377,
2026-07-17,NSE,NIFTYBEES,raw_l2/trade_date=2026-07-17/exchange=NSE/symbol=NIFTYBEES/part-054741_626607-016856.parquet,real_data_sample\l2_unseen_validation\trade_date=2026-07-17\exchange=NSE\symbol=NIFTYBEES\part-054741_626607-016856.parquet,34630,downloaded,34630,
2026-07-17,NSE,NIFTYBEES,raw_l2/trade_date=2026-07-17/exchange=NSE/symbol=NIFTYBEES/part-054631_594058-016696.parquet,real_data_sample\l2_unseen_validation\trade_date=2026-07-17\exchange=NSE\symbol=NIFTYBEES\part-054631_594058-016696.parquet,34962,downloaded,34962,
2026-07-17,NSE,NIFTYBEES,raw_l2/trade_date=2026-07-17/exchange=NSE/symbol=NIFTYBEES/part-054659_286294-016760.parquet,real_data_sample\l2_unseen_validation\trade_date=2026-07-17\exchange=NSE\symbol=NIFTYBEES\part-054659_286294-016760.parquet,35313,downloaded,35313,
2026-07-17,NSE,NIFTYBEES,raw_l2/trade_date=2026-07-17/exchange=NSE/symbol=NIFTYBEES/part-054617_863261-016664.parquet,real_data_sample\l2_unseen_validation\trade_date=2026-07-17\exchange=NSE\symbol=NIFTYBEES\part-054617_863261-016664.parquet,34885,downloaded,34885,
2026-07-17,NSE,NIFTYBEES,raw_l2/trade_date=2026-07-17/exchange=NSE/symbol=NIFTYBEES/part-054603_984423-016632.parquet,real_data_sample\l2_unseen_validation\trade_date=2026-07-17\exchange=NSE\symbol=NIFTYBEES\part-054603_984423-016632.parquet,34586,downloaded,34586,
2026-07-17,NSE,NIFTYBEES,raw_l2/trade_date=2026-07-17/exchange=NSE/symbol=NIFTYBEES/part-054358_969381-016344.parquet,real_data_sample\l2_unseen_validation\trade_date=2026-07-17\exchange=NSE\symbol=NIFTYBEES\part-054358_969381-016344.parquet,34501,downloaded,34501,
2026-07-17,NSE,NIFTYBEES,raw_l2/trade_date=2026-07-17/exchange=NSE/symbol=NIFTYBEES/part-054303_450172-016216.parquet,real_data_sample\l2_unseen_validation\trade_date=2026-07-17\exchange=NSE\symbol=NIFTYBEES\part-054303_450172-016216.parquet,34499,downloaded,34499,
2026-07-17,NSE,NIFTYBEES,raw_l2/trade_date=2026-07-17/exchange=NSE/symbol=NIFTYBEES/part-054755_749731-016888.parquet,real_data_sample\l2_unseen_validation\trade_date=2026-07-17\exchange=NSE\symbol=NIFTYBEES\part-054755_749731-016888.parquet,34648,downloaded,34648,
2026-07-17,NSE,NIFTYBEES,raw_l2/trade_date=2026-07-17/exchange=NSE/symbol=NIFTYBEES/part-054536_186647-016568.parquet,real_data_sample\l2_unseen_validation\trade_date=2026-07-17\exchange=NSE\symbol=NIFTYBEES\part-054536_186647-016568.parquet,34806,downloaded,34806,
2026-07-17,NSE,NIFTYBEES,raw_l2/trade_date=2026-07-17/exchange=NSE/symbol=NIFTYBEES/part-054838_156067-016984.parquet,real_data_sample\l2_unseen_validation\trade_date=2026-07-17\exchange=NSE\symbol=NIFTYBEES\part-054838_156067-016984.parquet,35405,downloaded,35405,
2026-07-17,NSE,NIFTYBEES,raw_l2/trade_date=2026-07-17/exchange=NSE/symbol=NIFTYBEES/part-054823_983151-016952.parquet,real_data_sample\l2_unseen_validation\trade_date=2026-07-17\exchange=NSE\symbol=NIFTYBEES\part-054823_983151-016952.parquet,35372,downloaded,35372,
2026-07-17,NSE,NIFTYBEES,raw_l2/trade_date=2026-07-17/exchange=NSE/symbol=NIFTYBEES/part-054317_369052-016248.parquet,real_data_sample\l2_unseen_validation\trade_date=2026-07-17\exchange=NSE\symbol=NIFTYBEES\part-054317_369052-016248.parquet,34740,downloaded,34740,
2026-07-17,NSE,NIFTYBEES,raw_l2/trade_date=2026-07-17/exchange=NSE/symbol=NIFTYBEES/part-054809_755563-016920.parquet,real_data_sample\l2_unseen_validation\trade_date=2026-07-17\exchange=NSE\symbol=NIFTYBEES\part-054809_755563-016920.parquet,34613,downloaded,34613,
2026-07-17,NSE,NIFTYBEES,raw_l2/trade_date=2026-07-17/exchange=NSE/symbol=NIFTYBEES/part-054852_359118-017016.parquet,real_data_sample\l2_unseen_validation\trade_date=2026-07-17\exchange=NSE\symbol=NIFTYBEES\part-054852_359118-017016.parquet,35346,downloaded,35346,
2026-07-17,NSE,NIFTYBEES,raw_l2/trade_date=2026-07-17/exchange=NSE/symbol=NIFTYBEES/part-054906_374119-017048.parquet,real_data_sample\l2_unseen_validation\trade_date=2026-07-17\exchange=NSE\symbol=NIFTYBEES\part-054906_374119-017048.parquet,35028,downloaded,35028,
2026-07-17,NSE,NIFTYBEES,raw_l2/trade_date=2026-07-17/exchange=NSE/symbol=NIFTYBEES/part-054331_196871-016280.parquet,real_data_sample\l2_unseen_validation\trade_date=2026-07-17\exchange=NSE\symbol=NIFTYBEES\part-054331_196871-016280.parquet,34529,downloaded,34529,
2026-07-17,NSE,NIFTYBEES,raw_l2/trade_date=2026-07-17/exchange=NSE/symbol=NIFTYBEES/part-054139_849696-016024.parquet,real_data_sample\l2_unseen_validation\trade_date=2026-07-17\exchange=NSE\symbol=NIFTYBEES\part-054139_849696-016024.parquet,35794,downloaded,35794,
2026-07-17,NSE,NIFTYBEES,raw_l2/trade_date=2026-07-17/exchange=NSE/symbol=NIFTYBEES/part-054207_642500-016088.parquet,real_data_sample\l2_unseen_validation\trade_date=2026-07-17\exchange=NSE\symbol=NIFTYBEES\part-054207_642500-016088.parquet,35132,downloaded,35132,
2026-07-17,NSE,NIFTYBEES,raw_l2/trade_date=2026-07-17/exchange=NSE/symbol=NIFTYBEES/part-054412_961948-016376.parquet,real_data_sample\l2_unseen_validation\trade_date=2026-07-17\exchange=NSE\symbol=NIFTYBEES\part-054412_961948-016376.parquet,34687,downloaded,34687,
2026-07-17,NSE,NIFTYBEES,raw_l2/trade_date=2026-07-17/exchange=NSE/symbol=NIFTYBEES/part-054153_674675-016056.parquet,real_data_sample\l2_unseen_validation\trade_date=2026-07-17\exchange=NSE\symbol=NIFTYBEES\part-054153_674675-016056.parquet,35474,downloaded,35474,
2026-07-17,NSE,NIFTYBEES,raw_l2/trade_date=2026-07-17/exchange=NSE/symbol=NIFTYBEES/part-054235_382497-016152.parquet,real_data_sample\l2_unseen_validation\trade_date=2026-07-17\exchange=NSE\symbol=NIFTYBEES\part-054235_382497-016152.parquet,34684,downloaded,34684,
2026-07-17,NSE,NIFTYBEES,raw_l2/trade_date=2026-07-17/exchange=NSE/symbol=NIFTYBEES/part-054221_620154-016120.parquet,real_data_sample\l2_unseen_validation\trade_date=2026-07-17\exchange=NSE\symbol=NIFTYBEES\part-054221_620154-016120.parquet,34820,downloaded,34820,
2026-07-17,NSE,NIFTYBEES,raw_l2/trade_date=2026-07-17/exchange=NSE/symbol=NIFTYBEES/part-054345_099807-016312.parquet,real_data_sample\l2_unseen_validation\trade_date=2026-07-17\exchange=NSE\symbol=NIFTYBEES\part-054345_099807-016312.parquet,34779,downloaded,34779,
2026-07-17,NSE,NIFTYBEES,raw_l2/trade_date=2026-07-17/exchange=NSE/symbol=NIFTYBEES/part-054249_425943-016184.parquet,real_data_sample\l2_unseen_validation\trade_date=2026-07-17\exchange=NSE\symbol=NIFTYBEES\part-054249_425943-016184.parquet,34597,downloaded,34597,
2026-07-17,NSE,NIFTYBEES,raw_l2/trade_date=2026-07-17/exchange=NSE/symbol=NIFTYBEES/part-055229_412024-017496.parquet,real_data_sample\l2_unseen_validation\trade_date=2026-07-17\exchange=NSE\symbol=NIFTYBEES\part-055229_412024-017496.parquet,34857,downloaded,34857,
2026-07-17,NSE,NIFTYBEES,raw_l2/trade_date=2026-07-17/exchange=NSE/symbol=NIFTYBEES/part-055003_967633-017176.parquet,real_data_sample\l2_unseen_validation\trade_date=2026-07-17\exchange=NSE\symbol=NIFTYBEES\part-055003_967633-017176.parquet,34642,downloaded,34642,
2026-07-17,NSE,NIFTYBEES,raw_l2/trade_date=2026-07-17/exchange=NSE/symbol=NIFTYBEES/part-055214_899237-017464.parquet,real_data_sample\l2_unseen_validation\trade_date=2026-07-17\exchange=NSE\symbol=NIFTYBEES\part-055214_899237-017464.parquet,35005,downloaded,35005,
2026-07-17,NSE,NIFTYBEES,raw_l2/trade_date=2026-07-17/exchange=NSE/symbol=NIFTYBEES/part-055145_694029-017400.parquet,real_data_sample\l2_unseen_validation\trade_date=2026-07-17\exchange=NSE\symbol=NIFTYBEES\part-055145_694029-017400.parquet,34699,downloaded,34699,
2026-07-17,NSE,NIFTYBEES,raw_l2/trade_date=2026-07-17/exchange=NSE/symbol=NIFTYBEES/part-055341_929741-017656.parquet,real_data_sample\l2_unseen_validation\trade_date=2026-07-17\exchange=NSE\symbol=NIFTYBEES\part-055341_929741-017656.parquet,34704,downloaded,34704,
2026-07-17,NSE,NIFTYBEES,raw_l2/trade_date=2026-07-17/exchange=NSE/symbol=NIFTYBEES/part-055410_427034-017720.parquet,real_data_sample\l2_unseen_validation\trade_date=2026-07-17\exchange=NSE\symbol=NIFTYBEES\part-055410_427034-017720.parquet,34770,downloaded,34770,
2026-07-17,NSE,NIFTYBEES,raw_l2/trade_date=2026-07-17/exchange=NSE/symbol=NIFTYBEES/part-055258_899045-017560.parquet,real_data_sample\l2_unseen_validation\trade_date=2026-07-17\exchange=NSE\symbol=NIFTYBEES\part-055258_899045-017560.parquet,34744,downloaded,34744,
2026-07-17,NSE,NIFTYBEES,raw_l2/trade_date=2026-07-17/exchange=NSE/symbol=NIFTYBEES/part-055424_479797-017752.parquet,real_data_sample\l2_unseen_validation\trade_date=2026-07-17\exchange=NSE\symbol=NIFTYBEES\part-055424_479797-017752.parquet,34515,downloaded,34515,
2026-07-17,NSE,NIFTYBEES,raw_l2/trade_date=2026-07-17/exchange=NSE/symbol=NIFTYBEES/part-055356_227877-017688.parquet,real_data_sample\l2_unseen_validation\trade_date=2026-07-17\exchange=NSE\symbol=NIFTYBEES\part-055356_227877-017688.parquet,34691,downloaded,34691,
2026-07-17,NSE,NIFTYBEES,raw_l2/trade_date=2026-07-17/exchange=NSE/symbol=NIFTYBEES/part-055327_300308-017624.parquet,real_data_sample\l2_unseen_validation\trade_date=2026-07-17\exchange=NSE\symbol=NIFTYBEES\part-055327_300308-017624.parquet,34708,downloaded,34708,
2026-07-17,NSE,NIFTYBEES,raw_l2/trade_date=2026-07-17/exchange=NSE/symbol=NIFTYBEES/part-055506_650466-017848.parquet,real_data_sample\l2_unseen_validation\trade_date=2026-07-17\exchange=NSE\symbol=NIFTYBEES\part-055506_650466-017848.parquet,34701,downloaded,34701,
2026-07-17,NSE,NIFTYBEES,raw_l2/trade_date=2026-07-17/exchange=NSE/symbol=NIFTYBEES/part-055452_513579-017816.parquet,real_data_sample\l2_unseen_validation\trade_date=2026-07-17\exchange=NSE\symbol=NIFTYBEES\part-055452_513579-017816.parquet,34890,downloaded,34890,
2026-07-17,NSE,NIFTYBEES,raw_l2/trade_date=2026-07-17/exchange=NSE/symbol=NIFTYBEES/part-055520_540621-017880.parquet,real_data_sample\l2_unseen_validation\trade_date=2026-07-17\exchange=NSE\symbol=NIFTYBEES\part-055520_540621-017880.parquet,34698,downloaded,34698,
2026-07-17,NSE,NIFTYBEES,raw_l2/trade_date=2026-07-17/exchange=NSE/symbol=NIFTYBEES/part-054920_666843-017080.parquet,real_data_sample\l2_unseen_validation\trade_date=2026-07-17\exchange=NSE\symbol=NIFTYBEES\part-054920_666843-017080.parquet,34813,downloaded,34813,
2026-07-17,NSE,NIFTYBEES,raw_l2/trade_date=2026-07-17/exchange=NSE/symbol=NIFTYBEES/part-055438_506270-017784.parquet,real_data_sample\l2_unseen_validation\trade_date=2026-07-17\exchange=NSE\symbol=NIFTYBEES\part-055438_506270-017784.parquet,34755,downloaded,34755,
2026-07-17,NSE,NIFTYBEES,raw_l2/trade_date=2026-07-17/exchange=NSE/symbol=NIFTYBEES/part-055534_581368-017912.parquet,real_data_sample\l2_unseen_validation\trade_date=2026-07-17\exchange=NSE\symbol=NIFTYBEES\part-055534_581368-017912.parquet,34723,downloaded,34723,
2026-07-17,NSE,NIFTYBEES,raw_l2/trade_date=2026-07-17/exchange=NSE/symbol=NIFTYBEES/part-055602_769719-017976.parquet,real_data_sample\l2_unseen_validation\trade_date=2026-07-17\exchange=NSE\symbol=NIFTYBEES\part-055602_769719-017976.parquet,34622,downloaded,34622,
2026-07-17,NSE,NIFTYBEES,raw_l2/trade_date=2026-07-17/exchange=NSE/symbol=NIFTYBEES/part-055548_526468-017944.parquet,real_data_sample\l2_unseen_validation\trade_date=2026-07-17\exchange=NSE\symbol=NIFTYBEES\part-055548_526468-017944.parquet,34645,downloaded,34645,
2026-07-17,NSE,NIFTYBEES,raw_l2/trade_date=2026-07-17/exchange=NSE/symbol=NIFTYBEES/part-055630_872733-018040.parquet,real_data_sample\l2_unseen_validation\trade_date=2026-07-17\exchange=NSE\symbol=NIFTYBEES\part-055630_872733-018040.parquet,35137,downloaded,35137,
2026-07-17,NSE,NIFTYBEES,raw_l2/trade_date=2026-07-17/exchange=NSE/symbol=NIFTYBEES/part-055616_793174-018008.parquet,real_data_sample\l2_unseen_validation\trade_date=2026-07-17\exchange=NSE\symbol=NIFTYBEES\part-055616_793174-018008.parquet,35018,downloaded,35018,
2026-07-17,NSE,NIFTYBEES,raw_l2/trade_date=2026-07-17/exchange=NSE/symbol=NIFTYBEES/part-055645_065434-018072.parquet,real_data_sample\l2_unseen_validation\trade_date=2026-07-17\exchange=NSE\symbol=NIFTYBEES\part-055645_065434-018072.parquet,35140,downloaded,35140,
2026-07-17,NSE,NIFTYBEES,raw_l2/trade_date=2026-07-17/exchange=NSE/symbol=NIFTYBEES/part-055727_164571-018168.parquet,real_data_sample\l2_unseen_validation\trade_date=2026-07-17\exchange=NSE\symbol=NIFTYBEES\part-055727_164571-018168.parquet,35509,downloaded,35509,
2026-07-17,NSE,NIFTYBEES,raw_l2/trade_date=2026-07-17/exchange=NSE/symbol=NIFTYBEES/part-055659_090952-018104.parquet,real_data_sample\l2_unseen_validation\trade_date=2026-07-17\exchange=NSE\symbol=NIFTYBEES\part-055659_090952-018104.parquet,35291,downloaded,35291,
2026-07-17,NSE,NIFTYBEES,raw_l2/trade_date=2026-07-17/exchange=NSE/symbol=NIFTYBEES/part-055755_369993-018232.parquet,real_data_sample\l2_unseen_validation\trade_date=2026-07-17\exchange=NSE\symbol=NIFTYBEES\part-055755_369993-018232.parquet,35103,downloaded,35103,
2026-07-17,NSE,NIFTYBEES,raw_l2/trade_date=2026-07-17/exchange=NSE/symbol=NIFTYBEES/part-055741_338677-018200.parquet,real_data_sample\l2_unseen_validation\trade_date=2026-07-17\exchange=NSE\symbol=NIFTYBEES\part-055741_338677-018200.parquet,35341,downloaded,35341,
2026-07-17,NSE,NIFTYBEES,raw_l2/trade_date=2026-07-17/exchange=NSE/symbol=NIFTYBEES/part-055906_111631-018392.parquet,real_data_sample\l2_unseen_validation\trade_date=2026-07-17\exchange=NSE\symbol=NIFTYBEES\part-055906_111631-018392.parquet,34745,downloaded,34745,
2026-07-17,NSE,NIFTYBEES,raw_l2/trade_date=2026-07-17/exchange=NSE/symbol=NIFTYBEES/part-055851_974438-018360.parquet,real_data_sample\l2_unseen_validation\trade_date=2026-07-17\exchange=NSE\symbol=NIFTYBEES\part-055851_974438-018360.parquet,34678,downloaded,34678,
2026-07-17,NSE,NIFTYBEES,raw_l2/trade_date=2026-07-17/exchange=NSE/symbol=NIFTYBEES/part-055837_662398-018328.parquet,real_data_sample\l2_unseen_validation\trade_date=2026-07-17\exchange=NSE\symbol=NIFTYBEES\part-055837_662398-018328.parquet,34713,downloaded,34713,
2026-07-17,NSE,NIFTYBEES,raw_l2/trade_date=2026-07-17/exchange=NSE/symbol=NIFTYBEES/part-055713_119584-018136.parquet,real_data_sample\l2_unseen_validation\trade_date=2026-07-17\exchange=NSE\symbol=NIFTYBEES\part-055713_119584-018136.parquet,35584,downloaded,35584,
2026-07-17,NSE,NIFTYBEES,raw_l2/trade_date=2026-07-17/exchange=NSE/symbol=NIFTYBEES/part-055809_315319-018264.parquet,real_data_sample\l2_unseen_validation\trade_date=2026-07-17\exchange=NSE\symbol=NIFTYBEES\part-055809_315319-018264.parquet,35057,downloaded,35057,
2026-07-17,NSE,NIFTYBEES,raw_l2/trade_date=2026-07-17/exchange=NSE/symbol=NIFTYBEES/part-055823_415192-018296.parquet,real_data_sample\l2_unseen_validation\trade_date=2026-07-17\exchange=NSE\symbol=NIFTYBEES\part-055823_415192-018296.parquet,34933,downloaded,34933,
2026-07-17,NSE,NIFTYBEES,raw_l2/trade_date=2026-07-17/exchange=NSE/symbol=NIFTYBEES/part-060003_200916-018520.parquet,real_data_sample\l2_unseen_validation\trade_date=2026-07-17\exchange=NSE\symbol=NIFTYBEES\part-060003_200916-018520.parquet,35371,downloaded,35371,
2026-07-17,NSE,NIFTYBEES,raw_l2/trade_date=2026-07-17/exchange=NSE/symbol=NIFTYBEES/part-055948_516181-018488.parquet,real_data_sample\l2_unseen_validation\trade_date=2026-07-17\exchange=NSE\symbol=NIFTYBEES\part-055948_516181-018488.parquet,35390,downloaded,35390,
2026-07-17,NSE,NIFTYBEES,raw_l2/trade_date=2026-07-17/exchange=NSE/symbol=NIFTYBEES/part-055934_335512-018456.parquet,real_data_sample\l2_unseen_validation\trade_date=2026-07-17\exchange=NSE\symbol=NIFTYBEES\part-055934_335512-018456.parquet,35348,downloaded,35348,
2026-07-17,NSE,NIFTYBEES,raw_l2/trade_date=2026-07-17/exchange=NSE/symbol=NIFTYBEES/part-053126_433267-014616.parquet,real_data_sample\l2_unseen_validation\trade_date=2026-07-17\exchange=NSE\symbol=NIFTYBEES\part-053126_433267-014616.parquet,34571,downloaded,34571,
2026-07-17,NSE,NIFTYBEES,raw_l2/trade_date=2026-07-17/exchange=NSE/symbol=NIFTYBEES/part-060017_348854-018552.parquet,real_data_sample\l2_unseen_validation\trade_date=2026-07-17\exchange=NSE\symbol=NIFTYBEES\part-060017_348854-018552.parquet,35049,downloaded,35049,
2026-07-17,NSE,NIFTYBEES,raw_l2/trade_date=2026-07-17/exchange=NSE/symbol=NIFTYBEES/part-060031_466954-018584.parquet,real_data_sample\l2_unseen_validation\trade_date=2026-07-17\exchange=NSE\symbol=NIFTYBEES\part-060031_466954-018584.parquet,34784,downloaded,34784,
2026-07-17,NSE,NIFTYBEES,raw_l2/trade_date=2026-07-17/exchange=NSE/symbol=NIFTYBEES/part-060045_669617-018616.parquet,real_data_sample\l2_unseen_validation\trade_date=2026-07-17\exchange=NSE\symbol=NIFTYBEES\part-060045_669617-018616.parquet,34770,downloaded,34770,
2026-07-17,NSE,NIFTYBEES,raw_l2/trade_date=2026-07-17/exchange=NSE/symbol=NIFTYBEES/part-060059_942127-018648.parquet,real_data_sample\l2_unseen_validation\trade_date=2026-07-17\exchange=NSE\symbol=NIFTYBEES\part-060059_942127-018648.parquet,34718,downloaded,34718,
2026-07-17,NSE,NIFTYBEES,raw_l2/trade_date=2026-07-17/exchange=NSE/symbol=NIFTYBEES/part-060114_069708-018680.parquet,real_data_sample\l2_unseen_validation\trade_date=2026-07-17\exchange=NSE\symbol=NIFTYBEES\part-060114_069708-018680.parquet,34461,downloaded,34461,
2026-07-17,NSE,NIFTYBEES,raw_l2/trade_date=2026-07-17/exchange=NSE/symbol=NIFTYBEES/part-060128_065300-018712.parquet,real_data_sample\l2_unseen_validation\trade_date=2026-07-17\exchange=NSE\symbol=NIFTYBEES\part-060128_065300-018712.parquet,34787,downloaded,34787,
2026-07-17,NSE,NIFTYBEES,raw_l2/trade_date=2026-07-17/exchange=NSE/symbol=NIFTYBEES/part-055920_147715-018424.parquet,real_data_sample\l2_unseen_validation\trade_date=2026-07-17\exchange=NSE\symbol=NIFTYBEES\part-055920_147715-018424.parquet,34862,downloaded,34862,
2026-07-17,NSE,NIFTYBEES,raw_l2/trade_date=2026-07-17/exchange=NSE/symbol=NIFTYBEES/part-060334_842228-019000.parquet,real_data_sample\l2_unseen_validation\trade_date=2026-07-17\exchange=NSE\symbol=NIFTYBEES\part-060334_842228-019000.parquet,34695,downloaded,34695,
2026-07-17,NSE,NIFTYBEES,raw_l2/trade_date=2026-07-17/exchange=NSE/symbol=NIFTYBEES/part-060224_589136-018840.parquet,real_data_sample\l2_unseen_validation\trade_date=2026-07-17\exchange=NSE\symbol=NIFTYBEES\part-060224_589136-018840.parquet,35086,downloaded,35086,
2026-07-17,NSE,NIFTYBEES,raw_l2/trade_date=2026-07-17/exchange=NSE/symbol=NIFTYBEES/part-060210_419315-018808.parquet,real_data_sample\l2_unseen_validation\trade_date=2026-07-17\exchange=NSE\symbol=NIFTYBEES\part-060210_419315-018808.parquet,34697,downloaded,34697,
2026-07-17,NSE,NIFTYBEES,raw_l2/trade_date=2026-07-17/exchange=NSE/symbol=NIFTYBEES/part-060238_586387-018872.parquet,real_data_sample\l2_unseen_validation\trade_date=2026-07-17\exchange=NSE\symbol=NIFTYBEES\part-060238_586387-018872.parquet,35293,downloaded,35293,
2026-07-17,NSE,NIFTYBEES,raw_l2/trade_date=2026-07-17/exchange=NSE/symbol=NIFTYBEES/part-060142_237890-018744.parquet,real_data_sample\l2_unseen_validation\trade_date=2026-07-17\exchange=NSE\symbol=NIFTYBEES\part-060142_237890-018744.parquet,34609,downloaded,34609,
2026-07-17,NSE,NIFTYBEES,raw_l2/trade_date=2026-07-17/exchange=NSE/symbol=NIFTYBEES/part-060156_316301-018776.parquet,real_data_sample\l2_unseen_validation\trade_date=2026-07-17\exchange=NSE\symbol=NIFTYBEES\part-060156_316301-018776.parquet,34568,downloaded,34568,
2026-07-17,NSE,NIFTYBEES,raw_l2/trade_date=2026-07-17/exchange=NSE/symbol=NIFTYBEES/part-060445_565807-019160.parquet,real_data_sample\l2_unseen_validation\trade_date=2026-07-17\exchange=NSE\symbol=NIFTYBEES\part-060445_565807-019160.parquet,34787,downloaded,34787,
2026-07-17,NSE,NIFTYBEES,raw_l2/trade_date=2026-07-17/exchange=NSE/symbol=NIFTYBEES/part-060459_481802-019192.parquet,real_data_sample\l2_unseen_validation\trade_date=2026-07-17\exchange=NSE\symbol=NIFTYBEES\part-060459_481802-019192.parquet,34653,downloaded,34653,
2026-07-17,NSE,NIFTYBEES,raw_l2/trade_date=2026-07-17/exchange=NSE/symbol=NIFTYBEES/part-060252_689415-018904.parquet,real_data_sample\l2_unseen_validation\trade_date=2026-07-17\exchange=NSE\symbol=NIFTYBEES\part-060252_689415-018904.parquet,35208,downloaded,35208,
2026-07-17,NSE,NIFTYBEES,raw_l2/trade_date=2026-07-17/exchange=NSE/symbol=NIFTYBEES/part-060306_782360-018936.parquet,real_data_sample\l2_unseen_validation\trade_date=2026-07-17\exchange=NSE\symbol=NIFTYBEES\part-060306_782360-018936.parquet,35429,downloaded,35429,
2026-07-17,NSE,NIFTYBEES,raw_l2/trade_date=2026-07-17/exchange=NSE/symbol=NIFTYBEES/part-060348_789993-019032.parquet,real_data_sample\l2_unseen_validation\trade_date=2026-07-17\exchange=NSE\symbol=NIFTYBEES\part-060348_789993-019032.parquet,34643,downloaded,34643,
2026-07-17,NSE,NIFTYBEES,raw_l2/trade_date=2026-07-17/exchange=NSE/symbol=NIFTYBEES/part-060402_734620-019064.parquet,real_data_sample\l2_unseen_validation\trade_date=2026-07-17\exchange=NSE\symbol=NIFTYBEES\part-060402_734620-019064.parquet,34680,downloaded,34680,
2026-07-17,NSE,NIFTYBEES,raw_l2/trade_date=2026-07-17/exchange=NSE/symbol=NIFTYBEES/part-060320_860793-018968.parquet,real_data_sample\l2_unseen_validation\trade_date=2026-07-17\exchange=NSE\symbol=NIFTYBEES\part-060320_860793-018968.parquet,34769,downloaded,34769,
2026-07-17,NSE,NIFTYBEES,raw_l2/trade_date=2026-07-17/exchange=NSE/symbol=NIFTYBEES/part-060431_303579-019128.parquet,real_data_sample\l2_unseen_validation\trade_date=2026-07-17\exchange=NSE\symbol=NIFTYBEES\part-060431_303579-019128.parquet,34741,downloaded,34741,
2026-07-17,NSE,NIFTYBEES,raw_l2/trade_date=2026-07-17/exchange=NSE/symbol=NIFTYBEES/part-060513_571518-019224.parquet,real_data_sample\l2_unseen_validation\trade_date=2026-07-17\exchange=NSE\symbol=NIFTYBEES\part-060513_571518-019224.parquet,34702,downloaded,34702,
2026-07-17,NSE,NIFTYBEES,raw_l2/trade_date=2026-07-17/exchange=NSE/symbol=NIFTYBEES/part-060527_706257-019256.parquet,real_data_sample\l2_unseen_validation\trade_date=2026-07-17\exchange=NSE\symbol=NIFTYBEES\part-060527_706257-019256.parquet,36004,downloaded,36004,
2026-07-17,NSE,NIFTYBEES,raw_l2/trade_date=2026-07-17/exchange=NSE/symbol=NIFTYBEES/part-060541_796436-019288.parquet,real_data_sample\l2_unseen_validation\trade_date=2026-07-17\exchange=NSE\symbol=NIFTYBEES\part-060541_796436-019288.parquet,35660,downloaded,35660,
2026-07-17,NSE,NIFTYBEES,raw_l2/trade_date=2026-07-17/exchange=NSE/symbol=NIFTYBEES/part-060930_822646-019800.parquet,real_data_sample\l2_unseen_validation\trade_date=2026-07-17\exchange=NSE\symbol=NIFTYBEES\part-060930_822646-019800.parquet,34688,downloaded,34688,
2026-07-17,NSE,NIFTYBEES,raw_l2/trade_date=2026-07-17/exchange=NSE/symbol=NIFTYBEES/part-060847_846384-019704.parquet,real_data_sample\l2_unseen_validation\trade_date=2026-07-17\exchange=NSE\symbol=NIFTYBEES\part-060847_846384-019704.parquet,34924,downloaded,34924,
2026-07-17,NSE,NIFTYBEES,raw_l2/trade_date=2026-07-17/exchange=NSE/symbol=NIFTYBEES/part-060623_483368-019384.parquet,real_data_sample\l2_unseen_validation\trade_date=2026-07-17\exchange=NSE\symbol=NIFTYBEES\part-060623_483368-019384.parquet,35625,downloaded,35625,
2026-07-17,NSE,NIFTYBEES,raw_l2/trade_date=2026-07-17/exchange=NSE/symbol=NIFTYBEES/part-060637_516033-019416.parquet,real_data_sample\l2_unseen_validation\trade_date=2026-07-17\exchange=NSE\symbol=NIFTYBEES\part-060637_516033-019416.parquet,35444,downloaded,35444,
2026-07-17,NSE,NIFTYBEES,raw_l2/trade_date=2026-07-17/exchange=NSE/symbol=NIFTYBEES/part-060945_042082-019832.parquet,real_data_sample\l2_unseen_validation\trade_date=2026-07-17\exchange=NSE\symbol=NIFTYBEES\part-060945_042082-019832.parquet,34507,downloaded,34507,
2026-07-17,NSE,NIFTYBEES,raw_l2/trade_date=2026-07-17/exchange=NSE/symbol=NIFTYBEES/part-060719_865755-019512.parquet,real_data_sample\l2_unseen_validation\trade_date=2026-07-17\exchange=NSE\symbol=NIFTYBEES\part-060719_865755-019512.parquet,34782,downloaded,34782,
2026-07-17,NSE,NIFTYBEES,raw_l2/trade_date=2026-07-17/exchange=NSE/symbol=NIFTYBEES/part-060609_676978-019352.parquet,real_data_sample\l2_unseen_validation\trade_date=2026-07-17\exchange=NSE\symbol=NIFTYBEES\part-060609_676978-019352.parquet,35423,downloaded,35423,
2026-07-17,NSE,NIFTYBEES,raw_l2/trade_date=2026-07-17/exchange=NSE/symbol=NIFTYBEES/part-060916_149100-019768.parquet,real_data_sample\l2_unseen_validation\trade_date=2026-07-17\exchange=NSE\symbol=NIFTYBEES\part-060916_149100-019768.parquet,34881,downloaded,34881,
2026-07-17,NSE,NIFTYBEES,raw_l2/trade_date=2026-07-17/exchange=NSE/symbol=NIFTYBEES/part-060902_128001-019736.parquet,real_data_sample\l2_unseen_validation\trade_date=2026-07-17\exchange=NSE\symbol=NIFTYBEES\part-060902_128001-019736.parquet,34816,downloaded,34816,
2026-07-17,NSE,NIFTYBEES,raw_l2/trade_date=2026-07-17/exchange=NSE/symbol=NIFTYBEES/part-060734_122351-019544.parquet,real_data_sample\l2_unseen_validation\trade_date=2026-07-17\exchange=NSE\symbol=NIFTYBEES\part-060734_122351-019544.parquet,34622,downloaded,34622,
2026-07-17,NSE,NIFTYBEES,raw_l2/trade_date=2026-07-17/exchange=NSE/symbol=NIFTYBEES/part-060833_653078-019672.parquet,real_data_sample\l2_unseen_validation\trade_date=2026-07-17\exchange=NSE\symbol=NIFTYBEES\part-060833_653078-019672.parquet,34749,downloaded,34749,
2026-07-17,NSE,NIFTYBEES,raw_l2/trade_date=2026-07-17/exchange=NSE/symbol=NIFTYBEES/part-060748_713009-019576.parquet,real_data_sample\l2_unseen_validation\trade_date=2026-07-17\exchange=NSE\symbol=NIFTYBEES\part-060748_713009-019576.parquet,34504,downloaded,34504,
2026-07-17,NSE,NIFTYBEES,raw_l2/trade_date=2026-07-17/exchange=NSE/symbol=NIFTYBEES/part-060959_369939-019864.parquet,real_data_sample\l2_unseen_validation\trade_date=2026-07-17\exchange=NSE\symbol=NIFTYBEES\part-060959_369939-019864.parquet,34550,downloaded,34550,
2026-07-17,NSE,NIFTYBEES,raw_l2/trade_date=2026-07-17/exchange=NSE/symbol=NIFTYBEES/part-060705_742689-019480.parquet,real_data_sample\l2_unseen_validation\trade_date=2026-07-17\exchange=NSE\symbol=NIFTYBEES\part-060705_742689-019480.parquet,35336,downloaded,35336,
2026-07-17,NSE,NIFTYBEES,raw_l2/trade_date=2026-07-17/exchange=NSE/symbol=NIFTYBEES/part-060651_791723-019448.parquet,real_data_sample\l2_unseen_validation\trade_date=2026-07-17\exchange=NSE\symbol=NIFTYBEES\part-060651_791723-019448.parquet,35662,downloaded,35662,
2026-07-17,NSE,NIFTYBEES,raw_l2/trade_date=2026-07-17/exchange=NSE/symbol=NIFTYBEES/part-060804_590160-019608.parquet,real_data_sample\l2_unseen_validation\trade_date=2026-07-17\exchange=NSE\symbol=NIFTYBEES\part-060804_590160-019608.parquet,34867,downloaded,34867,
2026-07-17,NSE,NIFTYBEES,raw_l2/trade_date=2026-07-17/exchange=NSE/symbol=NIFTYBEES/part-060819_120436-019640.parquet,real_data_sample\l2_unseen_validation\trade_date=2026-07-17\exchange=NSE\symbol=NIFTYBEES\part-060819_120436-019640.parquet,34934,downloaded,34934,
2026-07-17,NSE,NIFTYBEES,raw_l2/trade_date=2026-07-17/exchange=NSE/symbol=NIFTYBEES/part-060555_786644-019320.parquet,real_data_sample\l2_unseen_validation\trade_date=2026-07-17\exchange=NSE\symbol=NIFTYBEES\part-060555_786644-019320.parquet,35599,downloaded,35599,
2026-07-17,NSE,NIFTYBEES,raw_l2/trade_date=2026-07-17/exchange=NSE/symbol=NIFTYBEES/part-061252_081353-020248.parquet,real_data_sample\l2_unseen_validation\trade_date=2026-07-17\exchange=NSE\symbol=NIFTYBEES\part-061252_081353-020248.parquet,35193,downloaded,35193,
2026-07-17,NSE,NIFTYBEES,raw_l2/trade_date=2026-07-17/exchange=NSE/symbol=NIFTYBEES/part-061139_889014-020088.parquet,real_data_sample\l2_unseen_validation\trade_date=2026-07-17\exchange=NSE\symbol=NIFTYBEES\part-061139_889014-020088.parquet,35056,downloaded,35056,
2026-07-17,NSE,NIFTYBEES,raw_l2/trade_date=2026-07-17/exchange=NSE/symbol=NIFTYBEES/part-061042_295923-019960.parquet,real_data_sample\l2_unseen_validation\trade_date=2026-07-17\exchange=NSE\symbol=NIFTYBEES\part-061042_295923-019960.parquet,34625,downloaded,34625,
2026-07-17,NSE,NIFTYBEES,raw_l2/trade_date=2026-07-17/exchange=NSE/symbol=NIFTYBEES/part-061306_531464-020280.parquet,real_data_sample\l2_unseen_validation\trade_date=2026-07-17\exchange=NSE\symbol=NIFTYBEES\part-061306_531464-020280.parquet,35432,downloaded,35432,
2026-07-17,NSE,NIFTYBEES,raw_l2/trade_date=2026-07-17/exchange=NSE/symbol=NIFTYBEES/part-061056_801264-019992.parquet,real_data_sample\l2_unseen_validation\trade_date=2026-07-17\exchange=NSE\symbol=NIFTYBEES\part-061056_801264-019992.parquet,34642,downloaded,34642,
2026-07-17,NSE,NIFTYBEES,raw_l2/trade_date=2026-07-17/exchange=NSE/symbol=NIFTYBEES/part-061223_263699-020184.parquet,real_data_sample\l2_unseen_validation\trade_date=2026-07-17\exchange=NSE\symbol=NIFTYBEES\part-061223_263699-020184.parquet,35434,downloaded,35434,
2026-07-17,NSE,NIFTYBEES,raw_l2/trade_date=2026-07-17/exchange=NSE/symbol=NIFTYBEES/part-061013_698598-019896.parquet,real_data_sample\l2_unseen_validation\trade_date=2026-07-17\exchange=NSE\symbol=NIFTYBEES\part-061013_698598-019896.parquet,34995,downloaded,34995,
2026-07-17,NSE,NIFTYBEES,raw_l2/trade_date=2026-07-17/exchange=NSE/symbol=NIFTYBEES/part-061111_111677-020024.parquet,real_data_sample\l2_unseen_validation\trade_date=2026-07-17\exchange=NSE\symbol=NIFTYBEES\part-061111_111677-020024.parquet,34596,downloaded,34596,
2026-07-17,NSE,NIFTYBEES,raw_l2/trade_date=2026-07-17/exchange=NSE/symbol=NIFTYBEES/part-061321_028971-020312.parquet,real_data_sample\l2_unseen_validation\trade_date=2026-07-17\exchange=NSE\symbol=NIFTYBEES\part-061321_028971-020312.parquet,34824,downloaded,34824,
2026-07-17,NSE,NIFTYBEES,raw_l2/trade_date=2026-07-17/exchange=NSE/symbol=NIFTYBEES/part-061027_966930-019928.parquet,real_data_sample\l2_unseen_validation\trade_date=2026-07-17\exchange=NSE\symbol=NIFTYBEES\part-061027_966930-019928.parquet,34844,downloaded,34844,
2026-07-17,NSE,NIFTYBEES,raw_l2/trade_date=2026-07-17/exchange=NSE/symbol=NIFTYBEES/part-061335_397120-020344.parquet,real_data_sample\l2_unseen_validation\trade_date=2026-07-17\exchange=NSE\symbol=NIFTYBEES\part-061335_397120-020344.parquet,34545,downloaded,34545,
2026-07-17,NSE,NIFTYBEES,raw_l2/trade_date=2026-07-17/exchange=NSE/symbol=NIFTYBEES/part-061125_554321-020056.parquet,real_data_sample\l2_unseen_validation\trade_date=2026-07-17\exchange=NSE\symbol=NIFTYBEES\part-061125_554321-020056.parquet,34566,downloaded,34566,
2026-07-17,NSE,NIFTYBEES,raw_l2/trade_date=2026-07-17/exchange=NSE/symbol=NIFTYBEES/part-061349_646112-020376.parquet,real_data_sample\l2_unseen_validation\trade_date=2026-07-17\exchange=NSE\symbol=NIFTYBEES\part-061349_646112-020376.parquet,34966,downloaded,34966,
2026-07-17,NSE,NIFTYBEES,raw_l2/trade_date=2026-07-17/exchange=NSE/symbol=NIFTYBEES/part-061237_723226-020216.parquet,real_data_sample\l2_unseen_validation\trade_date=2026-07-17\exchange=NSE\symbol=NIFTYBEES\part-061237_723226-020216.parquet,35623,downloaded,35623,
2026-07-17,NSE,NIFTYBEES,raw_l2/trade_date=2026-07-17/exchange=NSE/symbol=NIFTYBEES/part-061403_966039-020408.parquet,real_data_sample\l2_unseen_validation\trade_date=2026-07-17\exchange=NSE\symbol=NIFTYBEES\part-061403_966039-020408.parquet,34555,downloaded,34555,
2026-07-17,NSE,NIFTYBEES,raw_l2/trade_date=2026-07-17/exchange=NSE/symbol=NIFTYBEES/part-061154_424108-020120.parquet,real_data_sample\l2_unseen_validation\trade_date=2026-07-17\exchange=NSE\symbol=NIFTYBEES\part-061154_424108-020120.parquet,34653,downloaded,34653,
2026-07-17,NSE,NIFTYBEES,raw_l2/trade_date=2026-07-17/exchange=NSE/symbol=NIFTYBEES/part-061208_684946-020152.parquet,real_data_sample\l2_unseen_validation\trade_date=2026-07-17\exchange=NSE\symbol=NIFTYBEES\part-061208_684946-020152.parquet,34718,downloaded,34718,
2026-07-17,NSE,NIFTYBEES,raw_l2/trade_date=2026-07-17/exchange=NSE/symbol=NIFTYBEES/part-060416_901250-019096.parquet,real_data_sample\l2_unseen_validation\trade_date=2026-07-17\exchange=NSE\symbol=NIFTYBEES\part-060416_901250-019096.parquet,34706,downloaded,34706,
2026-07-17,NSE,NIFTYBEES,raw_l2/trade_date=2026-07-17/exchange=NSE/symbol=NIFTYBEES/part-054550_164277-016600.parquet,real_data_sample\l2_unseen_validation\trade_date=2026-07-17\exchange=NSE\symbol=NIFTYBEES\part-054550_164277-016600.parquet,34600,downloaded,34600,
2026-07-17,NSE,NIFTYBEES,raw_l2/trade_date=2026-07-17/exchange=NSE/symbol=NIFTYBEES/part-055244_402451-017528.parquet,real_data_sample\l2_unseen_validation\trade_date=2026-07-17\exchange=NSE\symbol=NIFTYBEES\part-055244_402451-017528.parquet,34686,downloaded,34686,
2026-07-17,NSE,NIFTYBEES,raw_l2/trade_date=2026-07-17/exchange=NSE/symbol=NIFTYBEES/part-061432_643950-020472.parquet,real_data_sample\l2_unseen_validation\trade_date=2026-07-17\exchange=NSE\symbol=NIFTYBEES\part-061432_643950-020472.parquet,34655,downloaded,34655,
2026-07-17,NSE,NIFTYBEES,raw_l2/trade_date=2026-07-17/exchange=NSE/symbol=NIFTYBEES/part-061544_467245-020632.parquet,real_data_sample\l2_unseen_validation\trade_date=2026-07-17\exchange=NSE\symbol=NIFTYBEES\part-061544_467245-020632.parquet,35433,downloaded,35433,
2026-07-17,NSE,NIFTYBEES,raw_l2/trade_date=2026-07-17/exchange=NSE/symbol=NIFTYBEES/part-061530_265428-020600.parquet,real_data_sample\l2_unseen_validation\trade_date=2026-07-17\exchange=NSE\symbol=NIFTYBEES\part-061530_265428-020600.parquet,35229,downloaded,35229,
2026-07-17,NSE,NIFTYBEES,raw_l2/trade_date=2026-07-17/exchange=NSE/symbol=NIFTYBEES/part-055313_325972-017592.parquet,real_data_sample\l2_unseen_validation\trade_date=2026-07-17\exchange=NSE\symbol=NIFTYBEES\part-055313_325972-017592.parquet,34670,downloaded,34670,
2026-07-17,NSE,NIFTYBEES,raw_l2/trade_date=2026-07-17/exchange=NSE/symbol=NIFTYBEES/part-055131_069565-017368.parquet,real_data_sample\l2_unseen_validation\trade_date=2026-07-17\exchange=NSE\symbol=NIFTYBEES\part-055131_069565-017368.parquet,34695,downloaded,34695,
2026-07-17,NSE,NIFTYBEES,raw_l2/trade_date=2026-07-17/exchange=NSE/symbol=NIFTYBEES/part-061501_304160-020536.parquet,real_data_sample\l2_unseen_validation\trade_date=2026-07-17\exchange=NSE\symbol=NIFTYBEES\part-061501_304160-020536.parquet,34860,downloaded,34860,
2026-07-17,NSE,NIFTYBEES,raw_l2/trade_date=2026-07-17/exchange=NSE/symbol=NIFTYBEES/part-054727_553768-016824.parquet,real_data_sample\l2_unseen_validation\trade_date=2026-07-17\exchange=NSE\symbol=NIFTYBEES\part-054727_553768-016824.parquet,34586,downloaded,34586,
2026-07-17,NSE,NIFTYBEES,raw_l2/trade_date=2026-07-17/exchange=NSE/symbol=NIFTYBEES/part-061515_721743-020568.parquet,real_data_sample\l2_unseen_validation\trade_date=2026-07-17\exchange=NSE\symbol=NIFTYBEES\part-061515_721743-020568.parquet,34861,downloaded,34861,
2026-07-17,NSE,NIFTYBEES,raw_l2/trade_date=2026-07-17/exchange=NSE/symbol=NIFTYBEES/part-061446_873646-020504.parquet,real_data_sample\l2_unseen_validation\trade_date=2026-07-17\exchange=NSE\symbol=NIFTYBEES\part-061446_873646-020504.parquet,34683,downloaded,34683,
2026-07-17,NSE,NIFTYBEES,raw_l2/trade_date=2026-07-17/exchange=NSE/symbol=NIFTYBEES/part-061614_388370-020696.parquet,real_data_sample\l2_unseen_validation\trade_date=2026-07-17\exchange=NSE\symbol=NIFTYBEES\part-061614_388370-020696.parquet,35203,downloaded,35203,
2026-07-17,NSE,NIFTYBEES,raw_l2/trade_date=2026-07-17/exchange=NSE/symbol=NIFTYBEES/part-061629_205130-020728.parquet,real_data_sample\l2_unseen_validation\trade_date=2026-07-17\exchange=NSE\symbol=NIFTYBEES\part-061629_205130-020728.parquet,35490,downloaded,35490,
2026-07-17,NSE,NIFTYBEES,raw_l2/trade_date=2026-07-17/exchange=NSE/symbol=NIFTYBEES/part-061559_026209-020664.parquet,real_data_sample\l2_unseen_validation\trade_date=2026-07-17\exchange=NSE\symbol=NIFTYBEES\part-061559_026209-020664.parquet,35495,downloaded,35495,
2026-07-17,NSE,NIFTYBEES,raw_l2/trade_date=2026-07-17/exchange=NSE/symbol=NIFTYBEES/part-061643_291215-020760.parquet,real_data_sample\l2_unseen_validation\trade_date=2026-07-17\exchange=NSE\symbol=NIFTYBEES\part-061643_291215-020760.parquet,35715,downloaded,35715,
2026-07-17,NSE,NIFTYBEES,raw_l2/trade_date=2026-07-17/exchange=NSE/symbol=NIFTYBEES/part-061657_363821-020792.parquet,real_data_sample\l2_unseen_validation\trade_date=2026-07-17\exchange=NSE\symbol=NIFTYBEES\part-061657_363821-020792.parquet,35688,downloaded,35688,
2026-07-17,NSE,NIFTYBEES,raw_l2/trade_date=2026-07-17/exchange=NSE/symbol=NIFTYBEES/part-061739_784820-020888.parquet,real_data_sample\l2_unseen_validation\trade_date=2026-07-17\exchange=NSE\symbol=NIFTYBEES\part-061739_784820-020888.parquet,34650,downloaded,34650,
2026-07-17,NSE,NIFTYBEES,raw_l2/trade_date=2026-07-17/exchange=NSE/symbol=NIFTYBEES/part-061725_769391-020856.parquet,real_data_sample\l2_unseen_validation\trade_date=2026-07-17\exchange=NSE\symbol=NIFTYBEES\part-061725_769391-020856.parquet,34973,downloaded,34973,
2026-07-17,NSE,NIFTYBEES,raw_l2/trade_date=2026-07-17/exchange=NSE/symbol=NIFTYBEES/part-061754_416327-020920.parquet,real_data_sample\l2_unseen_validation\trade_date=2026-07-17\exchange=NSE\symbol=NIFTYBEES\part-061754_416327-020920.parquet,34656,downloaded,34656,
2026-07-17,NSE,NIFTYBEES,raw_l2/trade_date=2026-07-17/exchange=NSE/symbol=NIFTYBEES/part-061809_111540-020952.parquet,real_data_sample\l2_unseen_validation\trade_date=2026-07-17\exchange=NSE\symbol=NIFTYBEES\part-061809_111540-020952.parquet,34520,downloaded,34520,
2026-07-17,NSE,NIFTYBEES,raw_l2/trade_date=2026-07-17/exchange=NSE/symbol=NIFTYBEES/part-061711_646883-020824.parquet,real_data_sample\l2_unseen_validation\trade_date=2026-07-17\exchange=NSE\symbol=NIFTYBEES\part-061711_646883-020824.parquet,35483,downloaded,35483,
2026-07-17,NSE,NIFTYBEES,raw_l2/trade_date=2026-07-17/exchange=NSE/symbol=NIFTYBEES/part-061823_243689-020984.parquet,real_data_sample\l2_unseen_validation\trade_date=2026-07-17\exchange=NSE\symbol=NIFTYBEES\part-061823_243689-020984.parquet,34571,downloaded,34571,
2026-07-17,NSE,NIFTYBEES,raw_l2/trade_date=2026-07-17/exchange=NSE/symbol=NIFTYBEES/part-055116_022015-017336.parquet,real_data_sample\l2_unseen_validation\trade_date=2026-07-17\exchange=NSE\symbol=NIFTYBEES\part-055116_022015-017336.parquet,34576,downloaded,34576,
2026-07-17,NSE,NIFTYBEES,raw_l2/trade_date=2026-07-17/exchange=NSE/symbol=NIFTYBEES/part-055018_154747-017208.parquet,real_data_sample\l2_unseen_validation\trade_date=2026-07-17\exchange=NSE\symbol=NIFTYBEES\part-055018_154747-017208.parquet,34704,downloaded,34704,
2026-07-17,NSE,NIFTYBEES,raw_l2/trade_date=2026-07-17/exchange=NSE/symbol=NIFTYBEES/part-055032_341744-017240.parquet,real_data_sample\l2_unseen_validation\trade_date=2026-07-17\exchange=NSE\symbol=NIFTYBEES\part-055032_341744-017240.parquet,34706,downloaded,34706,
2026-07-17,NSE,NIFTYBEES,raw_l2/trade_date=2026-07-17/exchange=NSE/symbol=NIFTYBEES/part-061418_277603-020440.parquet,real_data_sample\l2_unseen_validation\trade_date=2026-07-17\exchange=NSE\symbol=NIFTYBEES\part-061418_277603-020440.parquet,34690,downloaded,34690,
2026-07-17,NSE,NIFTYBEES,raw_l2/trade_date=2026-07-17/exchange=NSE/symbol=NIFTYBEES/part-054949_228605-017144.parquet,real_data_sample\l2_unseen_validation\trade_date=2026-07-17\exchange=NSE\symbol=NIFTYBEES\part-054949_228605-017144.parquet,34703,downloaded,34703,
2026-07-17,NSE,NIFTYBEES,raw_l2/trade_date=2026-07-17/exchange=NSE/symbol=NIFTYBEES/part-054934_988745-017112.parquet,real_data_sample\l2_unseen_validation\trade_date=2026-07-17\exchange=NSE\symbol=NIFTYBEES\part-054934_988745-017112.parquet,34740,downloaded,34740,
2026-07-17,NSE,NIFTYBEES,raw_l2/trade_date=2026-07-17/exchange=NSE/symbol=NIFTYBEES/part-055200_516254-017432.parquet,real_data_sample\l2_unseen_validation\trade_date=2026-07-17\exchange=NSE\symbol=NIFTYBEES\part-055200_516254-017432.parquet,34599,downloaded,34599,
2026-07-17,NSE,NIFTYBEES,raw_l2/trade_date=2026-07-17/exchange=NSE/symbol=NIFTYBEES/part-061935_231705-021144.parquet,real_data_sample\l2_unseen_validation\trade_date=2026-07-17\exchange=NSE\symbol=NIFTYBEES\part-061935_231705-021144.parquet,34667,downloaded,34667,
2026-07-17,NSE,NIFTYBEES,raw_l2/trade_date=2026-07-17/exchange=NSE/symbol=NIFTYBEES/part-055101_611338-017304.parquet,real_data_sample\l2_unseen_validation\trade_date=2026-07-17\exchange=NSE\symbol=NIFTYBEES\part-055101_611338-017304.parquet,34574,downloaded,34574,
2026-07-17,NSE,NIFTYBEES,raw_l2/trade_date=2026-07-17/exchange=NSE/symbol=NIFTYBEES/part-061949_347330-021176.parquet,real_data_sample\l2_unseen_validation\trade_date=2026-07-17\exchange=NSE\symbol=NIFTYBEES\part-061949_347330-021176.parquet,34600,downloaded,34600,
2026-07-17,NSE,NIFTYBEES,raw_l2/trade_date=2026-07-17/exchange=NSE/symbol=NIFTYBEES/part-061921_032370-021112.parquet,real_data_sample\l2_unseen_validation\trade_date=2026-07-17\exchange=NSE\symbol=NIFTYBEES\part-061921_032370-021112.parquet,34494,downloaded,34494,
2026-07-17,NSE,NIFTYBEES,raw_l2/trade_date=2026-07-17/exchange=NSE/symbol=NIFTYBEES/part-061906_413255-021080.parquet,real_data_sample\l2_unseen_validation\trade_date=2026-07-17\exchange=NSE\symbol=NIFTYBEES\part-061906_413255-021080.parquet,34505,downloaded,34505,
2026-07-17,NSE,NIFTYBEES,raw_l2/trade_date=2026-07-17/exchange=NSE/symbol=NIFTYBEES/part-055046_933663-017272.parquet,real_data_sample\l2_unseen_validation\trade_date=2026-07-17\exchange=NSE\symbol=NIFTYBEES\part-055046_933663-017272.parquet,34412,downloaded,34412,
2026-07-17,NSE,NIFTYBEES,raw_l2/trade_date=2026-07-17/exchange=NSE/symbol=NIFTYBEES/part-062143_735317-021432.parquet,real_data_sample\l2_unseen_validation\trade_date=2026-07-17\exchange=NSE\symbol=NIFTYBEES\part-062143_735317-021432.parquet,34772,downloaded,34772,
2026-07-17,NSE,NIFTYBEES,raw_l2/trade_date=2026-07-17/exchange=NSE/symbol=NIFTYBEES/part-062115_724462-021368.parquet,real_data_sample\l2_unseen_validation\trade_date=2026-07-17\exchange=NSE\symbol=NIFTYBEES\part-062115_724462-021368.parquet,34653,downloaded,34653,
2026-07-17,NSE,NIFTYBEES,raw_l2/trade_date=2026-07-17/exchange=NSE/symbol=NIFTYBEES/part-062226_572800-021528.parquet,real_data_sample\l2_unseen_validation\trade_date=2026-07-17\exchange=NSE\symbol=NIFTYBEES\part-062226_572800-021528.parquet,34589,downloaded,34589,
2026-07-17,NSE,NIFTYBEES,raw_l2/trade_date=2026-07-17/exchange=NSE/symbol=NIFTYBEES/part-062129_824784-021400.parquet,real_data_sample\l2_unseen_validation\trade_date=2026-07-17\exchange=NSE\symbol=NIFTYBEES\part-062129_824784-021400.parquet,34763,downloaded,34763,
2026-07-17,NSE,NIFTYBEES,raw_l2/trade_date=2026-07-17/exchange=NSE/symbol=NIFTYBEES/part-062158_026157-021464.parquet,real_data_sample\l2_unseen_validation\trade_date=2026-07-17\exchange=NSE\symbol=NIFTYBEES\part-062158_026157-021464.parquet,34522,downloaded,34522,
2026-07-17,NSE,NIFTYBEES,raw_l2/trade_date=2026-07-17/exchange=NSE/symbol=NIFTYBEES/part-062101_358623-021336.parquet,real_data_sample\l2_unseen_validation\trade_date=2026-07-17\exchange=NSE\symbol=NIFTYBEES\part-062101_358623-021336.parquet,34643,downloaded,34643,
2026-07-17,NSE,NIFTYBEES,raw_l2/trade_date=2026-07-17/exchange=NSE/symbol=NIFTYBEES/part-062240_937645-021560.parquet,real_data_sample\l2_unseen_validation\trade_date=2026-07-17\exchange=NSE\symbol=NIFTYBEES\part-062240_937645-021560.parquet,34440,downloaded,34440,
2026-07-17,NSE,NIFTYBEES,raw_l2/trade_date=2026-07-17/exchange=NSE/symbol=NIFTYBEES/part-062212_329930-021496.parquet,real_data_sample\l2_unseen_validation\trade_date=2026-07-17\exchange=NSE\symbol=NIFTYBEES\part-062212_329930-021496.parquet,34797,downloaded,34797,
2026-07-17,NSE,NIFTYBEES,raw_l2/trade_date=2026-07-17/exchange=NSE/symbol=NIFTYBEES/part-062420_283192-021784.parquet,real_data_sample\l2_unseen_validation\trade_date=2026-07-17\exchange=NSE\symbol=NIFTYBEES\part-062420_283192-021784.parquet,35234,downloaded,35234,
2026-07-17,NSE,NIFTYBEES,raw_l2/trade_date=2026-07-17/exchange=NSE/symbol=NIFTYBEES/part-062406_137286-021752.parquet,real_data_sample\l2_unseen_validation\trade_date=2026-07-17\exchange=NSE\symbol=NIFTYBEES\part-062406_137286-021752.parquet,34766,downloaded,34766,
2026-07-17,NSE,NIFTYBEES,raw_l2/trade_date=2026-07-17/exchange=NSE/symbol=NIFTYBEES/part-062338_103707-021688.parquet,real_data_sample\l2_unseen_validation\trade_date=2026-07-17\exchange=NSE\symbol=NIFTYBEES\part-062338_103707-021688.parquet,34788,downloaded,34788,
2026-07-17,NSE,NIFTYBEES,raw_l2/trade_date=2026-07-17/exchange=NSE/symbol=NIFTYBEES/part-062003_632795-021208.parquet,real_data_sample\l2_unseen_validation\trade_date=2026-07-17\exchange=NSE\symbol=NIFTYBEES\part-062003_632795-021208.parquet,34601,downloaded,34601,
2026-07-17,NSE,NIFTYBEES,raw_l2/trade_date=2026-07-17/exchange=NSE/symbol=NIFTYBEES/part-062255_158251-021592.parquet,real_data_sample\l2_unseen_validation\trade_date=2026-07-17\exchange=NSE\symbol=NIFTYBEES\part-062255_158251-021592.parquet,34450,downloaded,34450,
2026-07-17,NSE,NIFTYBEES,raw_l2/trade_date=2026-07-17/exchange=NSE/symbol=NIFTYBEES/part-062017_764756-021240.parquet,real_data_sample\l2_unseen_validation\trade_date=2026-07-17\exchange=NSE\symbol=NIFTYBEES\part-062017_764756-021240.parquet,34610,downloaded,34610,
2026-07-17,NSE,NIFTYBEES,raw_l2/trade_date=2026-07-17/exchange=NSE/symbol=NIFTYBEES/part-062032_082451-021272.parquet,real_data_sample\l2_unseen_validation\trade_date=2026-07-17\exchange=NSE\symbol=NIFTYBEES\part-062032_082451-021272.parquet,34664,downloaded,34664,
2026-07-17,NSE,NIFTYBEES,raw_l2/trade_date=2026-07-17/exchange=NSE/symbol=NIFTYBEES/part-062309_608833-021624.parquet,real_data_sample\l2_unseen_validation\trade_date=2026-07-17\exchange=NSE\symbol=NIFTYBEES\part-062309_608833-021624.parquet,34924,downloaded,34924,
2026-07-17,NSE,NIFTYBEES,raw_l2/trade_date=2026-07-17/exchange=NSE/symbol=NIFTYBEES/part-062323_885673-021656.parquet,real_data_sample\l2_unseen_validation\trade_date=2026-07-17\exchange=NSE\symbol=NIFTYBEES\part-062323_885673-021656.parquet,35064,downloaded,35064,
2026-07-17,NSE,NIFTYBEES,raw_l2/trade_date=2026-07-17/exchange=NSE/symbol=NIFTYBEES/part-062352_042954-021720.parquet,real_data_sample\l2_unseen_validation\trade_date=2026-07-17\exchange=NSE\symbol=NIFTYBEES\part-062352_042954-021720.parquet,34627,downloaded,34627,
2026-07-17,NSE,NIFTYBEES,raw_l2/trade_date=2026-07-17/exchange=NSE/symbol=NIFTYBEES/part-062448_469107-021848.parquet,real_data_sample\l2_unseen_validation\trade_date=2026-07-17\exchange=NSE\symbol=NIFTYBEES\part-062448_469107-021848.parquet,34902,downloaded,34902,
2026-07-17,NSE,NIFTYBEES,raw_l2/trade_date=2026-07-17/exchange=NSE/symbol=NIFTYBEES/part-062502_712417-021880.parquet,real_data_sample\l2_unseen_validation\trade_date=2026-07-17\exchange=NSE\symbol=NIFTYBEES\part-062502_712417-021880.parquet,35394,downloaded,35394,
2026-07-17,NSE,NIFTYBEES,raw_l2/trade_date=2026-07-17/exchange=NSE/symbol=NIFTYBEES/part-062434_279063-021816.parquet,real_data_sample\l2_unseen_validation\trade_date=2026-07-17\exchange=NSE\symbol=NIFTYBEES\part-062434_279063-021816.parquet,35404,downloaded,35404,
2026-07-17,NSE,NIFTYBEES,raw_l2/trade_date=2026-07-17/exchange=NSE/symbol=NIFTYBEES/part-062544_670138-021976.parquet,real_data_sample\l2_unseen_validation\trade_date=2026-07-17\exchange=NSE\symbol=NIFTYBEES\part-062544_670138-021976.parquet,34737,downloaded,34737,
2026-07-17,NSE,NIFTYBEES,raw_l2/trade_date=2026-07-17/exchange=NSE/symbol=NIFTYBEES/part-062530_711773-021944.parquet,real_data_sample\l2_unseen_validation\trade_date=2026-07-17\exchange=NSE\symbol=NIFTYBEES\part-062530_711773-021944.parquet,34634,downloaded,34634,
2026-07-17,NSE,NIFTYBEES,raw_l2/trade_date=2026-07-17/exchange=NSE/symbol=NIFTYBEES/part-062558_748281-022008.parquet,real_data_sample\l2_unseen_validation\trade_date=2026-07-17\exchange=NSE\symbol=NIFTYBEES\part-062558_748281-022008.parquet,34749,downloaded,34749,
2026-07-17,NSE,NIFTYBEES,raw_l2/trade_date=2026-07-17/exchange=NSE/symbol=NIFTYBEES/part-061838_065184-021016.parquet,real_data_sample\l2_unseen_validation\trade_date=2026-07-17\exchange=NSE\symbol=NIFTYBEES\part-061838_065184-021016.parquet,34507,downloaded,34507,
2026-07-17,NSE,NIFTYBEES,raw_l2/trade_date=2026-07-17/exchange=NSE/symbol=NIFTYBEES/part-062655_322230-022136.parquet,real_data_sample\l2_unseen_validation\trade_date=2026-07-17\exchange=NSE\symbol=NIFTYBEES\part-062655_322230-022136.parquet,34806,downloaded,34806,
2026-07-17,NSE,NIFTYBEES,raw_l2/trade_date=2026-07-17/exchange=NSE/symbol=NIFTYBEES/part-062626_828651-022072.parquet,real_data_sample\l2_unseen_validation\trade_date=2026-07-17\exchange=NSE\symbol=NIFTYBEES\part-062626_828651-022072.parquet,34850,downloaded,34850,
2026-07-17,NSE,NIFTYBEES,raw_l2/trade_date=2026-07-17/exchange=NSE/symbol=NIFTYBEES/part-063015_834959-022584.parquet,real_data_sample\l2_unseen_validation\trade_date=2026-07-17\exchange=NSE\symbol=NIFTYBEES\part-063015_834959-022584.parquet,34708,downloaded,34708,
2026-07-17,NSE,NIFTYBEES,raw_l2/trade_date=2026-07-17/exchange=NSE/symbol=NIFTYBEES/part-062917_590407-022456.parquet,real_data_sample\l2_unseen_validation\trade_date=2026-07-17\exchange=NSE\symbol=NIFTYBEES\part-062917_590407-022456.parquet,34560,downloaded,34560,
2026-07-17,NSE,NIFTYBEES,raw_l2/trade_date=2026-07-17/exchange=NSE/symbol=NIFTYBEES/part-062641_100551-022104.parquet,real_data_sample\l2_unseen_validation\trade_date=2026-07-17\exchange=NSE\symbol=NIFTYBEES\part-062641_100551-022104.parquet,34907,downloaded,34907,
2026-07-17,NSE,NIFTYBEES,raw_l2/trade_date=2026-07-17/exchange=NSE/symbol=NIFTYBEES/part-062946_905326-022520.parquet,real_data_sample\l2_unseen_validation\trade_date=2026-07-17\exchange=NSE\symbol=NIFTYBEES\part-062946_905326-022520.parquet,35120,downloaded,35120,
2026-07-17,NSE,NIFTYBEES,raw_l2/trade_date=2026-07-17/exchange=NSE/symbol=NIFTYBEES/part-063029_908337-022616.parquet,real_data_sample\l2_unseen_validation\trade_date=2026-07-17\exchange=NSE\symbol=NIFTYBEES\part-063029_908337-022616.parquet,34765,downloaded,34765,
2026-07-17,NSE,NIFTYBEES,raw_l2/trade_date=2026-07-17/exchange=NSE/symbol=NIFTYBEES/part-063001_594066-022552.parquet,real_data_sample\l2_unseen_validation\trade_date=2026-07-17\exchange=NSE\symbol=NIFTYBEES\part-063001_594066-022552.parquet,34688,downloaded,34688,
2026-07-17,NSE,NIFTYBEES,raw_l2/trade_date=2026-07-17/exchange=NSE/symbol=NIFTYBEES/part-062738_427832-022232.parquet,real_data_sample\l2_unseen_validation\trade_date=2026-07-17\exchange=NSE\symbol=NIFTYBEES\part-062738_427832-022232.parquet,34737,downloaded,34737,
2026-07-17,NSE,NIFTYBEES,raw_l2/trade_date=2026-07-17/exchange=NSE/symbol=NIFTYBEES/part-062849_588886-022392.parquet,real_data_sample\l2_unseen_validation\trade_date=2026-07-17\exchange=NSE\symbol=NIFTYBEES\part-062849_588886-022392.parquet,34894,downloaded,34894,
2026-07-17,NSE,NIFTYBEES,raw_l2/trade_date=2026-07-17/exchange=NSE/symbol=NIFTYBEES/part-062903_498665-022424.parquet,real_data_sample\l2_unseen_validation\trade_date=2026-07-17\exchange=NSE\symbol=NIFTYBEES\part-062903_498665-022424.parquet,34739,downloaded,34739,
2026-07-17,NSE,NIFTYBEES,raw_l2/trade_date=2026-07-17/exchange=NSE/symbol=NIFTYBEES/part-062835_183057-022360.parquet,real_data_sample\l2_unseen_validation\trade_date=2026-07-17\exchange=NSE\symbol=NIFTYBEES\part-062835_183057-022360.parquet,34750,downloaded,34750,
2026-07-17,NSE,NIFTYBEES,raw_l2/trade_date=2026-07-17/exchange=NSE/symbol=NIFTYBEES/part-062821_317032-022328.parquet,real_data_sample\l2_unseen_validation\trade_date=2026-07-17\exchange=NSE\symbol=NIFTYBEES\part-062821_317032-022328.parquet,34799,downloaded,34799,
2026-07-17,NSE,NIFTYBEES,raw_l2/trade_date=2026-07-17/exchange=NSE/symbol=NIFTYBEES/part-062932_671874-022488.parquet,real_data_sample\l2_unseen_validation\trade_date=2026-07-17\exchange=NSE\symbol=NIFTYBEES\part-062932_671874-022488.parquet,34526,downloaded,34526,
2026-07-17,NSE,NIFTYBEES,raw_l2/trade_date=2026-07-17/exchange=NSE/symbol=NIFTYBEES/part-062724_071837-022200.parquet,real_data_sample\l2_unseen_validation\trade_date=2026-07-17\exchange=NSE\symbol=NIFTYBEES\part-062724_071837-022200.parquet,34825,downloaded,34825,
2026-07-17,NSE,NIFTYBEES,raw_l2/trade_date=2026-07-17/exchange=NSE/symbol=NIFTYBEES/part-062806_863651-022296.parquet,real_data_sample\l2_unseen_validation\trade_date=2026-07-17\exchange=NSE\symbol=NIFTYBEES\part-062806_863651-022296.parquet,34688,downloaded,34688,
2026-07-17,NSE,NIFTYBEES,raw_l2/trade_date=2026-07-17/exchange=NSE/symbol=NIFTYBEES/part-062612_805471-022040.parquet,real_data_sample\l2_unseen_validation\trade_date=2026-07-17\exchange=NSE\symbol=NIFTYBEES\part-062612_805471-022040.parquet,34874,downloaded,34874,
2026-07-17,NSE,NIFTYBEES,raw_l2/trade_date=2026-07-17/exchange=NSE/symbol=NIFTYBEES/part-062709_638240-022168.parquet,real_data_sample\l2_unseen_validation\trade_date=2026-07-17\exchange=NSE\symbol=NIFTYBEES\part-062709_638240-022168.parquet,34706,downloaded,34706,
2026-07-17,NSE,NIFTYBEES,raw_l2/trade_date=2026-07-17/exchange=NSE/symbol=NIFTYBEES/part-063044_084434-022648.parquet,real_data_sample\l2_unseen_validation\trade_date=2026-07-17\exchange=NSE\symbol=NIFTYBEES\part-063044_084434-022648.parquet,34737,downloaded,34737,
2026-07-17,NSE,NIFTYBEES,raw_l2/trade_date=2026-07-17/exchange=NSE/symbol=NIFTYBEES/part-063058_083875-022680.parquet,real_data_sample\l2_unseen_validation\trade_date=2026-07-17\exchange=NSE\symbol=NIFTYBEES\part-063058_083875-022680.parquet,34864,downloaded,34864,
2026-07-17,NSE,NIFTYBEES,raw_l2/trade_date=2026-07-17/exchange=NSE/symbol=NIFTYBEES/part-062752_652357-022264.parquet,real_data_sample\l2_unseen_validation\trade_date=2026-07-17\exchange=NSE\symbol=NIFTYBEES\part-062752_652357-022264.parquet,34606,downloaded,34606,
2026-07-17,NSE,NIFTYBEES,raw_l2/trade_date=2026-07-17/exchange=NSE/symbol=NIFTYBEES/part-063140_668315-022776.parquet,real_data_sample\l2_unseen_validation\trade_date=2026-07-17\exchange=NSE\symbol=NIFTYBEES\part-063140_668315-022776.parquet,35841,downloaded,35841,
2026-07-17,NSE,NIFTYBEES,raw_l2/trade_date=2026-07-17/exchange=NSE/symbol=NIFTYBEES/part-063112_449193-022712.parquet,real_data_sample\l2_unseen_validation\trade_date=2026-07-17\exchange=NSE\symbol=NIFTYBEES\part-063112_449193-022712.parquet,34699,downloaded,34699,
2026-07-17,NSE,NIFTYBEES,raw_l2/trade_date=2026-07-17/exchange=NSE/symbol=NIFTYBEES/part-062516_856034-021912.parquet,real_data_sample\l2_unseen_validation\trade_date=2026-07-17\exchange=NSE\symbol=NIFTYBEES\part-062516_856034-021912.parquet,35118,downloaded,35118,
2026-07-17,NSE,NIFTYBEES,raw_l2/trade_date=2026-07-17/exchange=NSE/symbol=NIFTYBEES/part-063126_661372-022744.parquet,real_data_sample\l2_unseen_validation\trade_date=2026-07-17\exchange=NSE\symbol=NIFTYBEES\part-063126_661372-022744.parquet,35605,downloaded,35605,
2026-07-17,NSE,NIFTYBEES,raw_l2/trade_date=2026-07-17/exchange=NSE/symbol=NIFTYBEES/part-063154_656642-022808.parquet,real_data_sample\l2_unseen_validation\trade_date=2026-07-17\exchange=NSE\symbol=NIFTYBEES\part-063154_656642-022808.parquet,36277,downloaded,36277,
2026-07-17,NSE,NIFTYBEES,raw_l2/trade_date=2026-07-17/exchange=NSE/symbol=NIFTYBEES/part-063208_527158-022840.parquet,real_data_sample\l2_unseen_validation\trade_date=2026-07-17\exchange=NSE\symbol=NIFTYBEES\part-063208_527158-022840.parquet,35989,downloaded,35989,
2026-07-17,NSE,NIFTYBEES,raw_l2/trade_date=2026-07-17/exchange=NSE/symbol=NIFTYBEES/part-063236_486338-022904.parquet,real_data_sample\l2_unseen_validation\trade_date=2026-07-17\exchange=NSE\symbol=NIFTYBEES\part-063236_486338-022904.parquet,35721,downloaded,35721,
2026-07-17,NSE,NIFTYBEES,raw_l2/trade_date=2026-07-17/exchange=NSE/symbol=NIFTYBEES/part-063222_465711-022872.parquet,real_data_sample\l2_unseen_validation\trade_date=2026-07-17\exchange=NSE\symbol=NIFTYBEES\part-063222_465711-022872.parquet,35379,downloaded,35379,
2026-07-17,NSE,NIFTYBEES,raw_l2/trade_date=2026-07-17/exchange=NSE/symbol=NIFTYBEES/part-063304_660655-022968.parquet,real_data_sample\l2_unseen_validation\trade_date=2026-07-17\exchange=NSE\symbol=NIFTYBEES\part-063304_660655-022968.parquet,35535,downloaded,35535,
2026-07-17,NSE,NIFTYBEES,raw_l2/trade_date=2026-07-17/exchange=NSE/symbol=NIFTYBEES/part-063319_024009-023000.parquet,real_data_sample\l2_unseen_validation\trade_date=2026-07-17\exchange=NSE\symbol=NIFTYBEES\part-063319_024009-023000.parquet,35678,downloaded,35678,
2026-07-17,NSE,NIFTYBEES,raw_l2/trade_date=2026-07-17/exchange=NSE/symbol=NIFTYBEES/part-063333_383416-023032.parquet,real_data_sample\l2_unseen_validation\trade_date=2026-07-17\exchange=NSE\symbol=NIFTYBEES\part-063333_383416-023032.parquet,36080,downloaded,36080,
2026-07-17,NSE,NIFTYBEES,raw_l2/trade_date=2026-07-17/exchange=NSE/symbol=NIFTYBEES/part-063910_695195-023800.parquet,real_data_sample\l2_unseen_validation\trade_date=2026-07-17\exchange=NSE\symbol=NIFTYBEES\part-063910_695195-023800.parquet,34986,downloaded,34986,
2026-07-17,NSE,NIFTYBEES,raw_l2/trade_date=2026-07-17/exchange=NSE/symbol=NIFTYBEES/part-063415_703964-023128.parquet,real_data_sample\l2_unseen_validation\trade_date=2026-07-17\exchange=NSE\symbol=NIFTYBEES\part-063415_703964-023128.parquet,35886,downloaded,35886,
2026-07-17,NSE,NIFTYBEES,raw_l2/trade_date=2026-07-17/exchange=NSE/symbol=NIFTYBEES/part-063347_520926-023064.parquet,real_data_sample\l2_unseen_validation\trade_date=2026-07-17\exchange=NSE\symbol=NIFTYBEES\part-063347_520926-023064.parquet,35430,downloaded,35430,
2026-07-17,NSE,NIFTYBEES,raw_l2/trade_date=2026-07-17/exchange=NSE/symbol=NIFTYBEES/part-062046_839279-021304.parquet,real_data_sample\l2_unseen_validation\trade_date=2026-07-17\exchange=NSE\symbol=NIFTYBEES\part-062046_839279-021304.parquet,34476,downloaded,34476,
2026-07-17,NSE,NIFTYBEES,raw_l2/trade_date=2026-07-17/exchange=NSE/symbol=NIFTYBEES/part-063856_665862-023768.parquet,real_data_sample\l2_unseen_validation\trade_date=2026-07-17\exchange=NSE\symbol=NIFTYBEES\part-063856_665862-023768.parquet,34641,downloaded,34641,
2026-07-17,NSE,NIFTYBEES,raw_l2/trade_date=2026-07-17/exchange=NSE/symbol=NIFTYBEES/part-063703_789447-023512.parquet,real_data_sample\l2_unseen_validation\trade_date=2026-07-17\exchange=NSE\symbol=NIFTYBEES\part-063703_789447-023512.parquet,35627,downloaded,35627,
2026-07-17,NSE,NIFTYBEES,raw_l2/trade_date=2026-07-17/exchange=NSE/symbol=NIFTYBEES/part-063759_418970-023640.parquet,real_data_sample\l2_unseen_validation\trade_date=2026-07-17\exchange=NSE\symbol=NIFTYBEES\part-063759_418970-023640.parquet,35371,downloaded,35371,
2026-07-17,NSE,NIFTYBEES,raw_l2/trade_date=2026-07-17/exchange=NSE/symbol=NIFTYBEES/part-063429_732885-023160.parquet,real_data_sample\l2_unseen_validation\trade_date=2026-07-17\exchange=NSE\symbol=NIFTYBEES\part-063429_732885-023160.parquet,35783,downloaded,35783,
2026-07-17,NSE,NIFTYBEES,raw_l2/trade_date=2026-07-17/exchange=NSE/symbol=NIFTYBEES/part-063621_755059-023416.parquet,real_data_sample\l2_unseen_validation\trade_date=2026-07-17\exchange=NSE\symbol=NIFTYBEES\part-063621_755059-023416.parquet,35118,downloaded,35118,
2026-07-17,NSE,NIFTYBEES,raw_l2/trade_date=2026-07-17/exchange=NSE/symbol=NIFTYBEES/part-063457_665718-023224.parquet,real_data_sample\l2_unseen_validation\trade_date=2026-07-17\exchange=NSE\symbol=NIFTYBEES\part-063457_665718-023224.parquet,35629,downloaded,35629,
2026-07-17,NSE,NIFTYBEES,raw_l2/trade_date=2026-07-17/exchange=NSE/symbol=NIFTYBEES/part-063526_147890-023288.parquet,real_data_sample\l2_unseen_validation\trade_date=2026-07-17\exchange=NSE\symbol=NIFTYBEES\part-063526_147890-023288.parquet,34919,downloaded,34919,
2026-07-17,NSE,NIFTYBEES,raw_l2/trade_date=2026-07-17/exchange=NSE/symbol=NIFTYBEES/part-063841_857794-023736.parquet,real_data_sample\l2_unseen_validation\trade_date=2026-07-17\exchange=NSE\symbol=NIFTYBEES\part-063841_857794-023736.parquet,34780,downloaded,34780,
2026-07-17,NSE,NIFTYBEES,raw_l2/trade_date=2026-07-17/exchange=NSE/symbol=NIFTYBEES/part-063401_580885-023096.parquet,real_data_sample\l2_unseen_validation\trade_date=2026-07-17\exchange=NSE\symbol=NIFTYBEES\part-063401_580885-023096.parquet,35835,downloaded,35835,
2026-07-17,NSE,NIFTYBEES,raw_l2/trade_date=2026-07-17/exchange=NSE/symbol=NIFTYBEES/part-063938_647645-023864.parquet,real_data_sample\l2_unseen_validation\trade_date=2026-07-17\exchange=NSE\symbol=NIFTYBEES\part-063938_647645-023864.parquet,35635,downloaded,35635,
2026-07-17,NSE,NIFTYBEES,raw_l2/trade_date=2026-07-17/exchange=NSE/symbol=NIFTYBEES/part-063745_623585-023608.parquet,real_data_sample\l2_unseen_validation\trade_date=2026-07-17\exchange=NSE\symbol=NIFTYBEES\part-063745_623585-023608.parquet,35567,downloaded,35567,
2026-07-17,NSE,NIFTYBEES,raw_l2/trade_date=2026-07-17/exchange=NSE/symbol=NIFTYBEES/part-063511_792763-023256.parquet,real_data_sample\l2_unseen_validation\trade_date=2026-07-17\exchange=NSE\symbol=NIFTYBEES\part-063511_792763-023256.parquet,36003,downloaded,36003,
2026-07-17,NSE,NIFTYBEES,raw_l2/trade_date=2026-07-17/exchange=NSE/symbol=NIFTYBEES/part-063539_917137-023320.parquet,real_data_sample\l2_unseen_validation\trade_date=2026-07-17\exchange=NSE\symbol=NIFTYBEES\part-063539_917137-023320.parquet,34704,downloaded,34704,
2026-07-17,NSE,NIFTYBEES,raw_l2/trade_date=2026-07-17/exchange=NSE/symbol=NIFTYBEES/part-063649_778557-023480.parquet,real_data_sample\l2_unseen_validation\trade_date=2026-07-17\exchange=NSE\symbol=NIFTYBEES\part-063649_778557-023480.parquet,36213,downloaded,36213,
2026-07-17,NSE,NIFTYBEES,raw_l2/trade_date=2026-07-17/exchange=NSE/symbol=NIFTYBEES/part-063635_795367-023448.parquet,real_data_sample\l2_unseen_validation\trade_date=2026-07-17\exchange=NSE\symbol=NIFTYBEES\part-063635_795367-023448.parquet,35715,downloaded,35715,
2026-07-17,NSE,NIFTYBEES,raw_l2/trade_date=2026-07-17/exchange=NSE/symbol=NIFTYBEES/part-063553_851835-023352.parquet,real_data_sample\l2_unseen_validation\trade_date=2026-07-17\exchange=NSE\symbol=NIFTYBEES\part-063553_851835-023352.parquet,34752,downloaded,34752,
2026-07-17,NSE,NIFTYBEES,raw_l2/trade_date=2026-07-17/exchange=NSE/symbol=NIFTYBEES/part-063924_685028-023832.parquet,real_data_sample\l2_unseen_validation\trade_date=2026-07-17\exchange=NSE\symbol=NIFTYBEES\part-063924_685028-023832.parquet,35789,downloaded,35789,
2026-07-17,NSE,NIFTYBEES,raw_l2/trade_date=2026-07-17/exchange=NSE/symbol=NIFTYBEES/part-063717_761793-023544.parquet,real_data_sample\l2_unseen_validation\trade_date=2026-07-17\exchange=NSE\symbol=NIFTYBEES\part-063717_761793-023544.parquet,35722,downloaded,35722,
2026-07-17,NSE,NIFTYBEES,raw_l2/trade_date=2026-07-17/exchange=NSE/symbol=NIFTYBEES/part-063731_642956-023576.parquet,real_data_sample\l2_unseen_validation\trade_date=2026-07-17\exchange=NSE\symbol=NIFTYBEES\part-063731_642956-023576.parquet,35623,downloaded,35623,
2026-07-17,NSE,NIFTYBEES,raw_l2/trade_date=2026-07-17/exchange=NSE/symbol=NIFTYBEES/part-063813_336949-023672.parquet,real_data_sample\l2_unseen_validation\trade_date=2026-07-17\exchange=NSE\symbol=NIFTYBEES\part-063813_336949-023672.parquet,35335,downloaded,35335,
2026-07-17,NSE,NIFTYBEES,raw_l2/trade_date=2026-07-17/exchange=NSE/symbol=NIFTYBEES/part-063607_760859-023384.parquet,real_data_sample\l2_unseen_validation\trade_date=2026-07-17\exchange=NSE\symbol=NIFTYBEES\part-063607_760859-023384.parquet,34761,downloaded,34761,
2026-07-17,NSE,NIFTYBEES,raw_l2/trade_date=2026-07-17/exchange=NSE/symbol=NIFTYBEES/part-063443_666927-023192.parquet,real_data_sample\l2_unseen_validation\trade_date=2026-07-17\exchange=NSE\symbol=NIFTYBEES\part-063443_666927-023192.parquet,35494,downloaded,35494,
2026-07-17,NSE,NIFTYBEES,raw_l2/trade_date=2026-07-17/exchange=NSE/symbol=NIFTYBEES/part-063250_388953-022936.parquet,real_data_sample\l2_unseen_validation\trade_date=2026-07-17\exchange=NSE\symbol=NIFTYBEES\part-063250_388953-022936.parquet,35848,downloaded,35848,
2026-07-17,NSE,NIFTYBEES,raw_l2/trade_date=2026-07-17/exchange=NSE/symbol=NIFTYBEES/part-063952_665868-023896.parquet,real_data_sample\l2_unseen_validation\trade_date=2026-07-17\exchange=NSE\symbol=NIFTYBEES\part-063952_665868-023896.parquet,35305,downloaded,35305,
2026-07-17,NSE,NIFTYBEES,raw_l2/trade_date=2026-07-17/exchange=NSE/symbol=NIFTYBEES/part-061852_314725-021048.parquet,real_data_sample\l2_unseen_validation\trade_date=2026-07-17\exchange=NSE\symbol=NIFTYBEES\part-061852_314725-021048.parquet,34710,downloaded,34710,
2026-07-17,NSE,NIFTYBEES,raw_l2/trade_date=2026-07-17/exchange=NSE/symbol=NIFTYBEES/part-064006_467956-023928.parquet,real_data_sample\l2_unseen_validation\trade_date=2026-07-17\exchange=NSE\symbol=NIFTYBEES\part-064006_467956-023928.parquet,35083,downloaded,35083,
2026-07-17,NSE,NIFTYBEES,raw_l2/trade_date=2026-07-17/exchange=NSE/symbol=NIFTYBEES/part-064158_305512-024184.parquet,real_data_sample\l2_unseen_validation\trade_date=2026-07-17\exchange=NSE\symbol=NIFTYBEES\part-064158_305512-024184.parquet,35067,downloaded,35067,
2026-07-17,NSE,NIFTYBEES,raw_l2/trade_date=2026-07-17/exchange=NSE/symbol=NIFTYBEES/part-064130_363869-024120.parquet,real_data_sample\l2_unseen_validation\trade_date=2026-07-17\exchange=NSE\symbol=NIFTYBEES\part-064130_363869-024120.parquet,35060,downloaded,35060,
2026-07-17,NSE,NIFTYBEES,raw_l2/trade_date=2026-07-17/exchange=NSE/symbol=NIFTYBEES/part-064144_592075-024152.parquet,real_data_sample\l2_unseen_validation\trade_date=2026-07-17\exchange=NSE\symbol=NIFTYBEES\part-064144_592075-024152.parquet,34914,downloaded,34914,
2026-07-17,NSE,NIFTYBEES,raw_l2/trade_date=2026-07-17/exchange=NSE/symbol=NIFTYBEES/part-064307_314337-024344.parquet,real_data_sample\l2_unseen_validation\trade_date=2026-07-17\exchange=NSE\symbol=NIFTYBEES\part-064307_314337-024344.parquet,35294,downloaded,35294,
2026-07-17,NSE,NIFTYBEES,raw_l2/trade_date=2026-07-17/exchange=NSE/symbol=NIFTYBEES/part-064212_176440-024216.parquet,real_data_sample\l2_unseen_validation\trade_date=2026-07-17\exchange=NSE\symbol=NIFTYBEES\part-064212_176440-024216.parquet,35019,downloaded,35019,
2026-07-17,NSE,NIFTYBEES,raw_l2/trade_date=2026-07-17/exchange=NSE/symbol=NIFTYBEES/part-064430_639794-024536.parquet,real_data_sample\l2_unseen_validation\trade_date=2026-07-17\exchange=NSE\symbol=NIFTYBEES\part-064430_639794-024536.parquet,34642,downloaded,34642,
2026-07-17,NSE,NIFTYBEES,raw_l2/trade_date=2026-07-17/exchange=NSE/symbol=NIFTYBEES/part-064335_074364-024408.parquet,real_data_sample\l2_unseen_validation\trade_date=2026-07-17\exchange=NSE\symbol=NIFTYBEES\part-064335_074364-024408.parquet,34661,downloaded,34661,
2026-07-17,NSE,NIFTYBEES,raw_l2/trade_date=2026-07-17/exchange=NSE/symbol=NIFTYBEES/part-064512_213026-024632.parquet,real_data_sample\l2_unseen_validation\trade_date=2026-07-17\exchange=NSE\symbol=NIFTYBEES\part-064512_213026-024632.parquet,34675,downloaded,34675,
2026-07-17,NSE,NIFTYBEES,raw_l2/trade_date=2026-07-17/exchange=NSE/symbol=NIFTYBEES/part-064239_810190-024280.parquet,real_data_sample\l2_unseen_validation\trade_date=2026-07-17\exchange=NSE\symbol=NIFTYBEES\part-064239_810190-024280.parquet,35534,downloaded,35534,
2026-07-17,NSE,NIFTYBEES,raw_l2/trade_date=2026-07-17/exchange=NSE/symbol=NIFTYBEES/part-064253_630584-024312.parquet,real_data_sample\l2_unseen_validation\trade_date=2026-07-17\exchange=NSE\symbol=NIFTYBEES\part-064253_630584-024312.parquet,35527,downloaded,35527,
2026-07-17,NSE,NIFTYBEES,raw_l2/trade_date=2026-07-17/exchange=NSE/symbol=NIFTYBEES/part-064348_853725-024440.parquet,real_data_sample\l2_unseen_validation\trade_date=2026-07-17\exchange=NSE\symbol=NIFTYBEES\part-064348_853725-024440.parquet,34667,downloaded,34667,
2026-07-17,NSE,NIFTYBEES,raw_l2/trade_date=2026-07-17/exchange=NSE/symbol=NIFTYBEES/part-064321_166004-024376.parquet,real_data_sample\l2_unseen_validation\trade_date=2026-07-17\exchange=NSE\symbol=NIFTYBEES\part-064321_166004-024376.parquet,34777,downloaded,34777,
2026-07-17,NSE,NIFTYBEES,raw_l2/trade_date=2026-07-17/exchange=NSE/symbol=NIFTYBEES/part-064226_158536-024248.parquet,real_data_sample\l2_unseen_validation\trade_date=2026-07-17\exchange=NSE\symbol=NIFTYBEES\part-064226_158536-024248.parquet,35121,downloaded,35121,
2026-07-17,NSE,NIFTYBEES,raw_l2/trade_date=2026-07-17/exchange=NSE/symbol=NIFTYBEES/part-064444_295261-024568.parquet,real_data_sample\l2_unseen_validation\trade_date=2026-07-17\exchange=NSE\symbol=NIFTYBEES\part-064444_295261-024568.parquet,34813,downloaded,34813,
2026-07-17,NSE,NIFTYBEES,raw_l2/trade_date=2026-07-17/exchange=NSE/symbol=NIFTYBEES/part-064416_722531-024504.parquet,real_data_sample\l2_unseen_validation\trade_date=2026-07-17\exchange=NSE\symbol=NIFTYBEES\part-064416_722531-024504.parquet,34745,downloaded,34745,
2026-07-17,NSE,NIFTYBEES,raw_l2/trade_date=2026-07-17/exchange=NSE/symbol=NIFTYBEES/part-064402_593244-024472.parquet,real_data_sample\l2_unseen_validation\trade_date=2026-07-17\exchange=NSE\symbol=NIFTYBEES\part-064402_593244-024472.parquet,34602,downloaded,34602,
2026-07-17,NSE,NIFTYBEES,raw_l2/trade_date=2026-07-17/exchange=NSE/symbol=NIFTYBEES/part-064458_125217-024600.parquet,real_data_sample\l2_unseen_validation\trade_date=2026-07-17\exchange=NSE\symbol=NIFTYBEES\part-064458_125217-024600.parquet,34767,downloaded,34767,
2026-07-17,NSE,NIFTYBEES,raw_l2/trade_date=2026-07-17/exchange=NSE/symbol=NIFTYBEES/part-064526_201487-024664.parquet,real_data_sample\l2_unseen_validation\trade_date=2026-07-17\exchange=NSE\symbol=NIFTYBEES\part-064526_201487-024664.parquet,35109,downloaded,35109,
2026-07-17,NSE,NIFTYBEES,raw_l2/trade_date=2026-07-17/exchange=NSE/symbol=NIFTYBEES/part-064034_683497-023992.parquet,real_data_sample\l2_unseen_validation\trade_date=2026-07-17\exchange=NSE\symbol=NIFTYBEES\part-064034_683497-023992.parquet,34550,downloaded,34550,
2026-07-17,NSE,NIFTYBEES,raw_l2/trade_date=2026-07-17/exchange=NSE/symbol=NIFTYBEES/part-064621_363639-024792.parquet,real_data_sample\l2_unseen_validation\trade_date=2026-07-17\exchange=NSE\symbol=NIFTYBEES\part-064621_363639-024792.parquet,35183,downloaded,35183,
2026-07-17,NSE,NIFTYBEES,raw_l2/trade_date=2026-07-17/exchange=NSE/symbol=NIFTYBEES/part-064607_554841-024760.parquet,real_data_sample\l2_unseen_validation\trade_date=2026-07-17\exchange=NSE\symbol=NIFTYBEES\part-064607_554841-024760.parquet,35602,downloaded,35602,
2026-07-17,NSE,NIFTYBEES,raw_l2/trade_date=2026-07-17/exchange=NSE/symbol=NIFTYBEES/part-064540_120935-024696.parquet,real_data_sample\l2_unseen_validation\trade_date=2026-07-17\exchange=NSE\symbol=NIFTYBEES\part-064540_120935-024696.parquet,35100,downloaded,35100,
2026-07-17,NSE,NIFTYBEES,raw_l2/trade_date=2026-07-17/exchange=NSE/symbol=NIFTYBEES/part-064048_797066-024024.parquet,real_data_sample\l2_unseen_validation\trade_date=2026-07-17\exchange=NSE\symbol=NIFTYBEES\part-064048_797066-024024.parquet,34730,downloaded,34730,
2026-07-17,NSE,NIFTYBEES,raw_l2/trade_date=2026-07-17/exchange=NSE/symbol=NIFTYBEES/part-064020_586160-023960.parquet,real_data_sample\l2_unseen_validation\trade_date=2026-07-17\exchange=NSE\symbol=NIFTYBEES\part-064020_586160-023960.parquet,34996,downloaded,34996,
2026-07-17,NSE,NIFTYBEES,raw_l2/trade_date=2026-07-17/exchange=NSE/symbol=NIFTYBEES/part-064553_821813-024728.parquet,real_data_sample\l2_unseen_validation\trade_date=2026-07-17\exchange=NSE\symbol=NIFTYBEES\part-064553_821813-024728.parquet,35330,downloaded,35330,
2026-07-17,NSE,NIFTYBEES,raw_l2/trade_date=2026-07-17/exchange=NSE/symbol=NIFTYBEES/part-064649_172695-024856.parquet,real_data_sample\l2_unseen_validation\trade_date=2026-07-17\exchange=NSE\symbol=NIFTYBEES\part-064649_172695-024856.parquet,35879,downloaded,35879,
2026-07-17,NSE,NIFTYBEES,raw_l2/trade_date=2026-07-17/exchange=NSE/symbol=NIFTYBEES/part-064102_699566-024056.parquet,real_data_sample\l2_unseen_validation\trade_date=2026-07-17\exchange=NSE\symbol=NIFTYBEES\part-064102_699566-024056.parquet,34726,downloaded,34726,
2026-07-17,NSE,NIFTYBEES,raw_l2/trade_date=2026-07-17/exchange=NSE/symbol=NIFTYBEES/part-063827_623648-023704.parquet,real_data_sample\l2_unseen_validation\trade_date=2026-07-17\exchange=NSE\symbol=NIFTYBEES\part-063827_623648-023704.parquet,34767,downloaded,34767,
2026-07-17,NSE,NIFTYBEES,raw_l2/trade_date=2026-07-17/exchange=NSE/symbol=NIFTYBEES/part-064812_609465-025048.parquet,real_data_sample\l2_unseen_validation\trade_date=2026-07-17\exchange=NSE\symbol=NIFTYBEES\part-064812_609465-025048.parquet,34778,downloaded,34778,
2026-07-17,NSE,NIFTYBEES,raw_l2/trade_date=2026-07-17/exchange=NSE/symbol=NIFTYBEES/part-064840_348521-025112.parquet,real_data_sample\l2_unseen_validation\trade_date=2026-07-17\exchange=NSE\symbol=NIFTYBEES\part-064840_348521-025112.parquet,35697,downloaded,35697,
2026-07-17,NSE,NIFTYBEES,raw_l2/trade_date=2026-07-17/exchange=NSE/symbol=NIFTYBEES/part-065209_876768-025592.parquet,real_data_sample\l2_unseen_validation\trade_date=2026-07-17\exchange=NSE\symbol=NIFTYBEES\part-065209_876768-025592.parquet,35185,downloaded,35185,
2026-07-17,NSE,NIFTYBEES,raw_l2/trade_date=2026-07-17/exchange=NSE/symbol=NIFTYBEES/part-065127_765874-025496.parquet,real_data_sample\l2_unseen_validation\trade_date=2026-07-17\exchange=NSE\symbol=NIFTYBEES\part-065127_765874-025496.parquet,34899,downloaded,34899,
2026-07-17,NSE,NIFTYBEES,raw_l2/trade_date=2026-07-17/exchange=NSE/symbol=NIFTYBEES/part-065238_040914-025656.parquet,real_data_sample\l2_unseen_validation\trade_date=2026-07-17\exchange=NSE\symbol=NIFTYBEES\part-065238_040914-025656.parquet,35697,downloaded,35697,
2026-07-17,NSE,NIFTYBEES,raw_l2/trade_date=2026-07-17/exchange=NSE/symbol=NIFTYBEES/part-065223_987017-025624.parquet,real_data_sample\l2_unseen_validation\trade_date=2026-07-17\exchange=NSE\symbol=NIFTYBEES\part-065223_987017-025624.parquet,35841,downloaded,35841,
2026-07-17,NSE,NIFTYBEES,raw_l2/trade_date=2026-07-17/exchange=NSE/symbol=NIFTYBEES/part-065252_323450-025688.parquet,real_data_sample\l2_unseen_validation\trade_date=2026-07-17\exchange=NSE\symbol=NIFTYBEES\part-065252_323450-025688.parquet,35659,downloaded,35659,
2026-07-17,NSE,NIFTYBEES,raw_l2/trade_date=2026-07-17/exchange=NSE/symbol=NIFTYBEES/part-065155_742220-025560.parquet,real_data_sample\l2_unseen_validation\trade_date=2026-07-17\exchange=NSE\symbol=NIFTYBEES\part-065155_742220-025560.parquet,35312,downloaded,35312,
2026-07-17,NSE,NIFTYBEES,raw_l2/trade_date=2026-07-17/exchange=NSE/symbol=NIFTYBEES/part-064949_681636-025272.parquet,real_data_sample\l2_unseen_validation\trade_date=2026-07-17\exchange=NSE\symbol=NIFTYBEES\part-064949_681636-025272.parquet,35378,downloaded,35378,
2026-07-17,NSE,NIFTYBEES,raw_l2/trade_date=2026-07-17/exchange=NSE/symbol=NIFTYBEES/part-065306_344655-025720.parquet,real_data_sample\l2_unseen_validation\trade_date=2026-07-17\exchange=NSE\symbol=NIFTYBEES\part-065306_344655-025720.parquet,35707,downloaded,35707,
2026-07-17,NSE,NIFTYBEES,raw_l2/trade_date=2026-07-17/exchange=NSE/symbol=NIFTYBEES/part-065003_747729-025304.parquet,real_data_sample\l2_unseen_validation\trade_date=2026-07-17\exchange=NSE\symbol=NIFTYBEES\part-065003_747729-025304.parquet,34998,downloaded,34998,
2026-07-17,NSE,NIFTYBEES,raw_l2/trade_date=2026-07-17/exchange=NSE/symbol=NIFTYBEES/part-065402_158687-025848.parquet,real_data_sample\l2_unseen_validation\trade_date=2026-07-17\exchange=NSE\symbol=NIFTYBEES\part-065402_158687-025848.parquet,35381,downloaded,35381,
2026-07-17,NSE,NIFTYBEES,raw_l2/trade_date=2026-07-17/exchange=NSE/symbol=NIFTYBEES/part-064703_160141-024888.parquet,real_data_sample\l2_unseen_validation\trade_date=2026-07-17\exchange=NSE\symbol=NIFTYBEES\part-064703_160141-024888.parquet,35510,downloaded,35510,
2026-07-17,NSE,NIFTYBEES,raw_l2/trade_date=2026-07-17/exchange=NSE/symbol=NIFTYBEES/part-065416_179791-025880.parquet,real_data_sample\l2_unseen_validation\trade_date=2026-07-17\exchange=NSE\symbol=NIFTYBEES\part-065416_179791-025880.parquet,35505,downloaded,35505,
2026-07-17,NSE,NIFTYBEES,raw_l2/trade_date=2026-07-17/exchange=NSE/symbol=NIFTYBEES/part-065458_421498-025976.parquet,real_data_sample\l2_unseen_validation\trade_date=2026-07-17\exchange=NSE\symbol=NIFTYBEES\part-065458_421498-025976.parquet,35243,downloaded,35243,
2026-07-17,NSE,NIFTYBEES,raw_l2/trade_date=2026-07-17/exchange=NSE/symbol=NIFTYBEES/part-065444_245430-025944.parquet,real_data_sample\l2_unseen_validation\trade_date=2026-07-17\exchange=NSE\symbol=NIFTYBEES\part-065444_245430-025944.parquet,35122,downloaded,35122,
2026-07-17,NSE,NIFTYBEES,raw_l2/trade_date=2026-07-17/exchange=NSE/symbol=NIFTYBEES/part-065430_266031-025912.parquet,real_data_sample\l2_unseen_validation\trade_date=2026-07-17\exchange=NSE\symbol=NIFTYBEES\part-065430_266031-025912.parquet,35451,downloaded,35451,
2026-07-17,NSE,NIFTYBEES,raw_l2/trade_date=2026-07-17/exchange=NSE/symbol=NIFTYBEES/part-065512_508031-026008.parquet,real_data_sample\l2_unseen_validation\trade_date=2026-07-17\exchange=NSE\symbol=NIFTYBEES\part-065512_508031-026008.parquet,35091,downloaded,35091,
2026-07-17,NSE,NIFTYBEES,raw_l2/trade_date=2026-07-17/exchange=NSE/symbol=NIFTYBEES/part-065622_834979-026168.parquet,real_data_sample\l2_unseen_validation\trade_date=2026-07-17\exchange=NSE\symbol=NIFTYBEES\part-065622_834979-026168.parquet,35410,downloaded,35410,
2026-07-17,NSE,NIFTYBEES,raw_l2/trade_date=2026-07-17/exchange=NSE/symbol=NIFTYBEES/part-065526_522860-026040.parquet,real_data_sample\l2_unseen_validation\trade_date=2026-07-17\exchange=NSE\symbol=NIFTYBEES\part-065526_522860-026040.parquet,35450,downloaded,35450,
2026-07-17,NSE,NIFTYBEES,raw_l2/trade_date=2026-07-17/exchange=NSE/symbol=NIFTYBEES/part-065554_716504-026104.parquet,real_data_sample\l2_unseen_validation\trade_date=2026-07-17\exchange=NSE\symbol=NIFTYBEES\part-065554_716504-026104.parquet,35624,downloaded,35624,
2026-07-17,NSE,NIFTYBEES,raw_l2/trade_date=2026-07-17/exchange=NSE/symbol=NIFTYBEES/part-065540_805464-026072.parquet,real_data_sample\l2_unseen_validation\trade_date=2026-07-17\exchange=NSE\symbol=NIFTYBEES\part-065540_805464-026072.parquet,35149,downloaded,35149,
2026-07-17,NSE,NIFTYBEES,raw_l2/trade_date=2026-07-17/exchange=NSE/symbol=NIFTYBEES/part-065608_755348-026136.parquet,real_data_sample\l2_unseen_validation\trade_date=2026-07-17\exchange=NSE\symbol=NIFTYBEES\part-065608_755348-026136.parquet,35334,downloaded,35334,
2026-07-17,NSE,NIFTYBEES,raw_l2/trade_date=2026-07-17/exchange=NSE/symbol=NIFTYBEES/part-065636_746643-026200.parquet,real_data_sample\l2_unseen_validation\trade_date=2026-07-17\exchange=NSE\symbol=NIFTYBEES\part-065636_746643-026200.parquet,35553,downloaded,35553,
2026-07-17,NSE,NIFTYBEES,raw_l2/trade_date=2026-07-17/exchange=NSE/symbol=NIFTYBEES/part-065704_715122-026264.parquet,real_data_sample\l2_unseen_validation\trade_date=2026-07-17\exchange=NSE\symbol=NIFTYBEES\part-065704_715122-026264.parquet,35610,downloaded,35610,
2026-07-17,NSE,NIFTYBEES,raw_l2/trade_date=2026-07-17/exchange=NSE/symbol=NIFTYBEES/part-065718_726425-026296.parquet,real_data_sample\l2_unseen_validation\trade_date=2026-07-17\exchange=NSE\symbol=NIFTYBEES\part-065718_726425-026296.parquet,35294,downloaded,35294,
2026-07-17,NSE,NIFTYBEES,raw_l2/trade_date=2026-07-17/exchange=NSE/symbol=NIFTYBEES/part-065815_368322-026424.parquet,real_data_sample\l2_unseen_validation\trade_date=2026-07-17\exchange=NSE\symbol=NIFTYBEES\part-065815_368322-026424.parquet,35312,downloaded,35312,
2026-07-17,NSE,NIFTYBEES,raw_l2/trade_date=2026-07-17/exchange=NSE/symbol=NIFTYBEES/part-065746_893904-026360.parquet,real_data_sample\l2_unseen_validation\trade_date=2026-07-17\exchange=NSE\symbol=NIFTYBEES\part-065746_893904-026360.parquet,35240,downloaded,35240,
2026-07-17,NSE,NIFTYBEES,raw_l2/trade_date=2026-07-17/exchange=NSE/symbol=NIFTYBEES/part-065347_956729-025816.parquet,real_data_sample\l2_unseen_validation\trade_date=2026-07-17\exchange=NSE\symbol=NIFTYBEES\part-065347_956729-025816.parquet,35167,downloaded,35167,
2026-07-17,NSE,NIFTYBEES,raw_l2/trade_date=2026-07-17/exchange=NSE/symbol=NIFTYBEES/part-065801_093217-026392.parquet,real_data_sample\l2_unseen_validation\trade_date=2026-07-17\exchange=NSE\symbol=NIFTYBEES\part-065801_093217-026392.parquet,35575,downloaded,35575,
2026-07-17,NSE,NIFTYBEES,raw_l2/trade_date=2026-07-17/exchange=NSE/symbol=NIFTYBEES/part-065732_874049-026328.parquet,real_data_sample\l2_unseen_validation\trade_date=2026-07-17\exchange=NSE\symbol=NIFTYBEES\part-065732_874049-026328.parquet,35133,downloaded,35133,
2026-07-17,NSE,NIFTYBEES,raw_l2/trade_date=2026-07-17/exchange=NSE/symbol=NIFTYBEES/part-065829_827960-026456.parquet,real_data_sample\l2_unseen_validation\trade_date=2026-07-17\exchange=NSE\symbol=NIFTYBEES\part-065829_827960-026456.parquet,35473,downloaded,35473,
2026-07-17,NSE,NIFTYBEES,raw_l2/trade_date=2026-07-17/exchange=NSE/symbol=NIFTYBEES/part-065844_147002-026488.parquet,real_data_sample\l2_unseen_validation\trade_date=2026-07-17\exchange=NSE\symbol=NIFTYBEES\part-065844_147002-026488.parquet,35090,downloaded,35090,
2026-07-17,NSE,NIFTYBEES,raw_l2/trade_date=2026-07-17/exchange=NSE/symbol=NIFTYBEES/part-065858_423824-026520.parquet,real_data_sample\l2_unseen_validation\trade_date=2026-07-17\exchange=NSE\symbol=NIFTYBEES\part-065858_423824-026520.parquet,34903,downloaded,34903,
2026-07-17,NSE,NIFTYBEES,raw_l2/trade_date=2026-07-17/exchange=NSE/symbol=NIFTYBEES/part-065912_579791-026552.parquet,real_data_sample\l2_unseen_validation\trade_date=2026-07-17\exchange=NSE\symbol=NIFTYBEES\part-065912_579791-026552.parquet,35329,downloaded,35329,
2026-07-17,NSE,NIFTYBEES,raw_l2/trade_date=2026-07-17/exchange=NSE/symbol=NIFTYBEES/part-065650_772191-026232.parquet,real_data_sample\l2_unseen_validation\trade_date=2026-07-17\exchange=NSE\symbol=NIFTYBEES\part-065650_772191-026232.parquet,35401,downloaded,35401,
2026-07-17,NSE,NIFTYBEES,raw_l2/trade_date=2026-07-17/exchange=NSE/symbol=NIFTYBEES/part-065941_885401-026616.parquet,real_data_sample\l2_unseen_validation\trade_date=2026-07-17\exchange=NSE\symbol=NIFTYBEES\part-065941_885401-026616.parquet,35449,downloaded,35449,
2026-07-17,NSE,NIFTYBEES,raw_l2/trade_date=2026-07-17/exchange=NSE/symbol=NIFTYBEES/part-065927_196414-026584.parquet,real_data_sample\l2_unseen_validation\trade_date=2026-07-17\exchange=NSE\symbol=NIFTYBEES\part-065927_196414-026584.parquet,35546,downloaded,35546,
2026-07-17,NSE,NIFTYBEES,raw_l2/trade_date=2026-07-17/exchange=NSE/symbol=NIFTYBEES/part-065956_540018-026648.parquet,real_data_sample\l2_unseen_validation\trade_date=2026-07-17\exchange=NSE\symbol=NIFTYBEES\part-065956_540018-026648.parquet,35166,downloaded,35166,
2026-07-17,NSE,NIFTYBEES,raw_l2/trade_date=2026-07-17/exchange=NSE/symbol=NIFTYBEES/part-070124_164638-026840.parquet,real_data_sample\l2_unseen_validation\trade_date=2026-07-17\exchange=NSE\symbol=NIFTYBEES\part-070124_164638-026840.parquet,35376,downloaded,35376,
2026-07-17,NSE,NIFTYBEES,raw_l2/trade_date=2026-07-17/exchange=NSE/symbol=NIFTYBEES/part-070011_219738-026680.parquet,real_data_sample\l2_unseen_validation\trade_date=2026-07-17\exchange=NSE\symbol=NIFTYBEES\part-070011_219738-026680.parquet,35671,downloaded,35671,
2026-07-17,NSE,NIFTYBEES,raw_l2/trade_date=2026-07-17/exchange=NSE/symbol=NIFTYBEES/part-070054_666101-026776.parquet,real_data_sample\l2_unseen_validation\trade_date=2026-07-17\exchange=NSE\symbol=NIFTYBEES\part-070054_666101-026776.parquet,34662,downloaded,34662,
2026-07-17,NSE,NIFTYBEES,raw_l2/trade_date=2026-07-17/exchange=NSE/symbol=NIFTYBEES/part-070109_563826-026808.parquet,real_data_sample\l2_unseen_validation\trade_date=2026-07-17\exchange=NSE\symbol=NIFTYBEES\part-070109_563826-026808.parquet,34940,downloaded,34940,
2026-07-17,NSE,NIFTYBEES,raw_l2/trade_date=2026-07-17/exchange=NSE/symbol=NIFTYBEES/part-070025_702321-026712.parquet,real_data_sample\l2_unseen_validation\trade_date=2026-07-17\exchange=NSE\symbol=NIFTYBEES\part-070025_702321-026712.parquet,34844,downloaded,34844,
2026-07-17,NSE,NIFTYBEES,raw_l2/trade_date=2026-07-17/exchange=NSE/symbol=NIFTYBEES/part-070139_270616-026872.parquet,real_data_sample\l2_unseen_validation\trade_date=2026-07-17\exchange=NSE\symbol=NIFTYBEES\part-070139_270616-026872.parquet,35400,downloaded,35400,
2026-07-17,NSE,NIFTYBEES,raw_l2/trade_date=2026-07-17/exchange=NSE/symbol=NIFTYBEES/part-070153_855637-026904.parquet,real_data_sample\l2_unseen_validation\trade_date=2026-07-17\exchange=NSE\symbol=NIFTYBEES\part-070153_855637-026904.parquet,35569,downloaded,35569,
2026-07-17,NSE,NIFTYBEES,raw_l2/trade_date=2026-07-17/exchange=NSE/symbol=NIFTYBEES/part-070208_296683-026936.parquet,real_data_sample\l2_unseen_validation\trade_date=2026-07-17\exchange=NSE\symbol=NIFTYBEES\part-070208_296683-026936.parquet,35086,downloaded,35086,
2026-07-17,NSE,NIFTYBEES,raw_l2/trade_date=2026-07-17/exchange=NSE/symbol=NIFTYBEES/part-070040_086881-026744.parquet,real_data_sample\l2_unseen_validation\trade_date=2026-07-17\exchange=NSE\symbol=NIFTYBEES\part-070040_086881-026744.parquet,34735,downloaded,34735,
2026-07-17,NSE,NIFTYBEES,raw_l2/trade_date=2026-07-17/exchange=NSE/symbol=NIFTYBEES/part-070252_714720-027032.parquet,real_data_sample\l2_unseen_validation\trade_date=2026-07-17\exchange=NSE\symbol=NIFTYBEES\part-070252_714720-027032.parquet,35240,downloaded,35240,
2026-07-17,NSE,NIFTYBEES,raw_l2/trade_date=2026-07-17/exchange=NSE/symbol=NIFTYBEES/part-070237_827519-027000.parquet,real_data_sample\l2_unseen_validation\trade_date=2026-07-17\exchange=NSE\symbol=NIFTYBEES\part-070237_827519-027000.parquet,35379,downloaded,35379,
2026-07-17,NSE,NIFTYBEES,raw_l2/trade_date=2026-07-17/exchange=NSE/symbol=NIFTYBEES/part-070322_170727-027096.parquet,real_data_sample\l2_unseen_validation\trade_date=2026-07-17\exchange=NSE\symbol=NIFTYBEES\part-070322_170727-027096.parquet,34898,downloaded,34898,
2026-07-17,NSE,NIFTYBEES,raw_l2/trade_date=2026-07-17/exchange=NSE/symbol=NIFTYBEES/part-070307_581187-027064.parquet,real_data_sample\l2_unseen_validation\trade_date=2026-07-17\exchange=NSE\symbol=NIFTYBEES\part-070307_581187-027064.parquet,35411,downloaded,35411,
2026-07-17,NSE,NIFTYBEES,raw_l2/trade_date=2026-07-17/exchange=NSE/symbol=NIFTYBEES/part-070336_472445-027128.parquet,real_data_sample\l2_unseen_validation\trade_date=2026-07-17\exchange=NSE\symbol=NIFTYBEES\part-070336_472445-027128.parquet,34795,downloaded,34795,
2026-07-17,NSE,NIFTYBEES,raw_l2/trade_date=2026-07-17/exchange=NSE/symbol=NIFTYBEES/part-070433_620669-027256.parquet,real_data_sample\l2_unseen_validation\trade_date=2026-07-17\exchange=NSE\symbol=NIFTYBEES\part-070433_620669-027256.parquet,35326,downloaded,35326,
2026-07-17,NSE,NIFTYBEES,raw_l2/trade_date=2026-07-17/exchange=NSE/symbol=NIFTYBEES/part-070419_446679-027224.parquet,real_data_sample\l2_unseen_validation\trade_date=2026-07-17\exchange=NSE\symbol=NIFTYBEES\part-070419_446679-027224.parquet,34786,downloaded,34786,
2026-07-17,NSE,NIFTYBEES,raw_l2/trade_date=2026-07-17/exchange=NSE/symbol=NIFTYBEES/part-070223_158596-026968.parquet,real_data_sample\l2_unseen_validation\trade_date=2026-07-17\exchange=NSE\symbol=NIFTYBEES\part-070223_158596-026968.parquet,35234,downloaded,35234,
2026-07-17,NSE,NIFTYBEES,raw_l2/trade_date=2026-07-17/exchange=NSE/symbol=NIFTYBEES/part-070405_236261-027192.parquet,real_data_sample\l2_unseen_validation\trade_date=2026-07-17\exchange=NSE\symbol=NIFTYBEES\part-070405_236261-027192.parquet,34955,downloaded,34955,
2026-07-17,NSE,NIFTYBEES,raw_l2/trade_date=2026-07-17/exchange=NSE/symbol=NIFTYBEES/part-070350_766711-027160.parquet,real_data_sample\l2_unseen_validation\trade_date=2026-07-17\exchange=NSE\symbol=NIFTYBEES\part-070350_766711-027160.parquet,34454,downloaded,34454,
2026-07-17,NSE,NIFTYBEES,raw_l2/trade_date=2026-07-17/exchange=NSE/symbol=NIFTYBEES/part-070447_877059-027288.parquet,real_data_sample\l2_unseen_validation\trade_date=2026-07-17\exchange=NSE\symbol=NIFTYBEES\part-070447_877059-027288.parquet,35284,downloaded,35284,
2026-07-17,NSE,NIFTYBEES,raw_l2/trade_date=2026-07-17/exchange=NSE/symbol=NIFTYBEES/part-064635_207827-024824.parquet,real_data_sample\l2_unseen_validation\trade_date=2026-07-17\exchange=NSE\symbol=NIFTYBEES\part-064635_207827-024824.parquet,35336,downloaded,35336,
2026-07-17,NSE,NIFTYBEES,raw_l2/trade_date=2026-07-17/exchange=NSE/symbol=NIFTYBEES/part-070502_565519-027320.parquet,real_data_sample\l2_unseen_validation\trade_date=2026-07-17\exchange=NSE\symbol=NIFTYBEES\part-070502_565519-027320.parquet,35567,downloaded,35567,
2026-07-17,NSE,NIFTYBEES,raw_l2/trade_date=2026-07-17/exchange=NSE/symbol=NIFTYBEES/part-070531_682827-027384.parquet,real_data_sample\l2_unseen_validation\trade_date=2026-07-17\exchange=NSE\symbol=NIFTYBEES\part-070531_682827-027384.parquet,35709,downloaded,35709,
2026-07-17,NSE,NIFTYBEES,raw_l2/trade_date=2026-07-17/exchange=NSE/symbol=NIFTYBEES/part-070545_990474-027416.parquet,real_data_sample\l2_unseen_validation\trade_date=2026-07-17\exchange=NSE\symbol=NIFTYBEES\part-070545_990474-027416.parquet,35307,downloaded,35307,
2026-07-17,NSE,NIFTYBEES,raw_l2/trade_date=2026-07-17/exchange=NSE/symbol=NIFTYBEES/part-070600_324327-027448.parquet,real_data_sample\l2_unseen_validation\trade_date=2026-07-17\exchange=NSE\symbol=NIFTYBEES\part-070600_324327-027448.parquet,35470,downloaded,35470,
2026-07-17,NSE,NIFTYBEES,raw_l2/trade_date=2026-07-17/exchange=NSE/symbol=NIFTYBEES/part-070614_608958-027480.parquet,real_data_sample\l2_unseen_validation\trade_date=2026-07-17\exchange=NSE\symbol=NIFTYBEES\part-070614_608958-027480.parquet,35349,downloaded,35349,
2026-07-17,NSE,NIFTYBEES,raw_l2/trade_date=2026-07-17/exchange=NSE/symbol=NIFTYBEES/part-070629_035558-027512.parquet,real_data_sample\l2_unseen_validation\trade_date=2026-07-17\exchange=NSE\symbol=NIFTYBEES\part-070629_035558-027512.parquet,35629,downloaded,35629,
2026-07-17,NSE,NIFTYBEES,raw_l2/trade_date=2026-07-17/exchange=NSE/symbol=NIFTYBEES/part-070643_399060-027544.parquet,real_data_sample\l2_unseen_validation\trade_date=2026-07-17\exchange=NSE\symbol=NIFTYBEES\part-070643_399060-027544.parquet,35196,downloaded,35196,
2026-07-17,NSE,NIFTYBEES,raw_l2/trade_date=2026-07-17/exchange=NSE/symbol=NIFTYBEES/part-070711_894016-027608.parquet,real_data_sample\l2_unseen_validation\trade_date=2026-07-17\exchange=NSE\symbol=NIFTYBEES\part-070711_894016-027608.parquet,35157,downloaded,35157,
2026-07-17,NSE,NIFTYBEES,raw_l2/trade_date=2026-07-17/exchange=NSE/symbol=NIFTYBEES/part-070657_635425-027576.parquet,real_data_sample\l2_unseen_validation\trade_date=2026-07-17\exchange=NSE\symbol=NIFTYBEES\part-070657_635425-027576.parquet,35405,downloaded,35405,
2026-07-17,NSE,NIFTYBEES,raw_l2/trade_date=2026-07-17/exchange=NSE/symbol=NIFTYBEES/part-070754_476774-027704.parquet,real_data_sample\l2_unseen_validation\trade_date=2026-07-17\exchange=NSE\symbol=NIFTYBEES\part-070754_476774-027704.parquet,34739,downloaded,34739,
2026-07-17,NSE,NIFTYBEES,raw_l2/trade_date=2026-07-17/exchange=NSE/symbol=NIFTYBEES/part-070726_146119-027640.parquet,real_data_sample\l2_unseen_validation\trade_date=2026-07-17\exchange=NSE\symbol=NIFTYBEES\part-070726_146119-027640.parquet,34697,downloaded,34697,
2026-07-17,NSE,NIFTYBEES,raw_l2/trade_date=2026-07-17/exchange=NSE/symbol=NIFTYBEES/part-070740_359945-027672.parquet,real_data_sample\l2_unseen_validation\trade_date=2026-07-17\exchange=NSE\symbol=NIFTYBEES\part-070740_359945-027672.parquet,34598,downloaded,34598,
2026-07-17,NSE,NIFTYBEES,raw_l2/trade_date=2026-07-17/exchange=NSE/symbol=NIFTYBEES/part-070822_642591-027768.parquet,real_data_sample\l2_unseen_validation\trade_date=2026-07-17\exchange=NSE\symbol=NIFTYBEES\part-070822_642591-027768.parquet,34608,downloaded,34608,
2026-07-17,NSE,NIFTYBEES,raw_l2/trade_date=2026-07-17/exchange=NSE/symbol=NIFTYBEES/part-070517_037289-027352.parquet,real_data_sample\l2_unseen_validation\trade_date=2026-07-17\exchange=NSE\symbol=NIFTYBEES\part-070517_037289-027352.parquet,35618,downloaded,35618,
2026-07-17,NSE,NIFTYBEES,raw_l2/trade_date=2026-07-17/exchange=NSE/symbol=NIFTYBEES/part-070837_130815-027800.parquet,real_data_sample\l2_unseen_validation\trade_date=2026-07-17\exchange=NSE\symbol=NIFTYBEES\part-070837_130815-027800.parquet,34777,downloaded,34777,
2026-07-17,NSE,NIFTYBEES,raw_l2/trade_date=2026-07-17/exchange=NSE/symbol=NIFTYBEES/part-070851_391572-027832.parquet,real_data_sample\l2_unseen_validation\trade_date=2026-07-17\exchange=NSE\symbol=NIFTYBEES\part-070851_391572-027832.parquet,34616,downloaded,34616,
2026-07-17,NSE,NIFTYBEES,raw_l2/trade_date=2026-07-17/exchange=NSE/symbol=NIFTYBEES/part-070905_900888-027864.parquet,real_data_sample\l2_unseen_validation\trade_date=2026-07-17\exchange=NSE\symbol=NIFTYBEES\part-070905_900888-027864.parquet,34696,downloaded,34696,
2026-07-17,NSE,NIFTYBEES,raw_l2/trade_date=2026-07-17/exchange=NSE/symbol=NIFTYBEES/part-065141_695790-025528.parquet,real_data_sample\l2_unseen_validation\trade_date=2026-07-17\exchange=NSE\symbol=NIFTYBEES\part-065141_695790-025528.parquet,35088,downloaded,35088,
2026-07-17,NSE,NIFTYBEES,raw_l2/trade_date=2026-07-17/exchange=NSE/symbol=NIFTYBEES/part-070920_138537-027896.parquet,real_data_sample\l2_unseen_validation\trade_date=2026-07-17\exchange=NSE\symbol=NIFTYBEES\part-070920_138537-027896.parquet,35465,downloaded,35465,
2026-07-17,NSE,NIFTYBEES,raw_l2/trade_date=2026-07-17/exchange=NSE/symbol=NIFTYBEES/part-064116_569980-024088.parquet,real_data_sample\l2_unseen_validation\trade_date=2026-07-17\exchange=NSE\symbol=NIFTYBEES\part-064116_569980-024088.parquet,34951,downloaded,34951,
2026-07-17,NSE,NIFTYBEES,raw_l2/trade_date=2026-07-17/exchange=NSE/symbol=NIFTYBEES/part-070934_836326-027928.parquet,real_data_sample\l2_unseen_validation\trade_date=2026-07-17\exchange=NSE\symbol=NIFTYBEES\part-070934_836326-027928.parquet,35579,downloaded,35579,
2026-07-17,NSE,NIFTYBEES,raw_l2/trade_date=2026-07-17/exchange=NSE/symbol=NIFTYBEES/part-071003_623109-027992.parquet,real_data_sample\l2_unseen_validation\trade_date=2026-07-17\exchange=NSE\symbol=NIFTYBEES\part-071003_623109-027992.parquet,35482,downloaded,35482,
2026-07-17,NSE,NIFTYBEES,raw_l2/trade_date=2026-07-17/exchange=NSE/symbol=NIFTYBEES/part-064854_065736-025144.parquet,real_data_sample\l2_unseen_validation\trade_date=2026-07-17\exchange=NSE\symbol=NIFTYBEES\part-064854_065736-025144.parquet,35405,downloaded,35405,
2026-07-17,NSE,NIFTYBEES,raw_l2/trade_date=2026-07-17/exchange=NSE/symbol=NIFTYBEES/part-070949_415736-027960.parquet,real_data_sample\l2_unseen_validation\trade_date=2026-07-17\exchange=NSE\symbol=NIFTYBEES\part-070949_415736-027960.parquet,35214,downloaded,35214,
2026-07-17,NSE,NIFTYBEES,raw_l2/trade_date=2026-07-17/exchange=NSE/symbol=NIFTYBEES/part-064935_697828-025240.parquet,real_data_sample\l2_unseen_validation\trade_date=2026-07-17\exchange=NSE\symbol=NIFTYBEES\part-064935_697828-025240.parquet,35317,downloaded,35317,
2026-07-17,NSE,NIFTYBEES,raw_l2/trade_date=2026-07-17/exchange=NSE/symbol=NIFTYBEES/part-071017_847003-028024.parquet,real_data_sample\l2_unseen_validation\trade_date=2026-07-17\exchange=NSE\symbol=NIFTYBEES\part-071017_847003-028024.parquet,35649,downloaded,35649,
2026-07-17,NSE,NIFTYBEES,raw_l2/trade_date=2026-07-17/exchange=NSE/symbol=NIFTYBEES/part-065031_423222-025368.parquet,real_data_sample\l2_unseen_validation\trade_date=2026-07-17\exchange=NSE\symbol=NIFTYBEES\part-065031_423222-025368.parquet,35179,downloaded,35179,
2026-07-17,NSE,NIFTYBEES,raw_l2/trade_date=2026-07-17/exchange=NSE/symbol=NIFTYBEES/part-065059_595886-025432.parquet,real_data_sample\l2_unseen_validation\trade_date=2026-07-17\exchange=NSE\symbol=NIFTYBEES\part-065059_595886-025432.parquet,35146,downloaded,35146,
2026-07-17,NSE,NIFTYBEES,raw_l2/trade_date=2026-07-17/exchange=NSE/symbol=NIFTYBEES/part-071031_880927-028056.parquet,real_data_sample\l2_unseen_validation\trade_date=2026-07-17\exchange=NSE\symbol=NIFTYBEES\part-071031_880927-028056.parquet,35752,downloaded,35752,
2026-07-17,NSE,NIFTYBEES,raw_l2/trade_date=2026-07-17/exchange=NSE/symbol=NIFTYBEES/part-065334_152105-025784.parquet,real_data_sample\l2_unseen_validation\trade_date=2026-07-17\exchange=NSE\symbol=NIFTYBEES\part-065334_152105-025784.parquet,35446,downloaded,35446,
2026-07-17,NSE,NIFTYBEES,raw_l2/trade_date=2026-07-17/exchange=NSE/symbol=NIFTYBEES/part-064921_865960-025208.parquet,real_data_sample\l2_unseen_validation\trade_date=2026-07-17\exchange=NSE\symbol=NIFTYBEES\part-064921_865960-025208.parquet,35348,downloaded,35348,
2026-07-17,NSE,NIFTYBEES,raw_l2/trade_date=2026-07-17/exchange=NSE/symbol=NIFTYBEES/part-065320_340049-025752.parquet,real_data_sample\l2_unseen_validation\trade_date=2026-07-17\exchange=NSE\symbol=NIFTYBEES\part-065320_340049-025752.parquet,35543,downloaded,35543,
2026-07-17,NSE,NIFTYBEES,raw_l2/trade_date=2026-07-17/exchange=NSE/symbol=NIFTYBEES/part-071046_337976-028088.parquet,real_data_sample\l2_unseen_validation\trade_date=2026-07-17\exchange=NSE\symbol=NIFTYBEES\part-071046_337976-028088.parquet,35164,downloaded,35164,
2026-07-17,NSE,NIFTYBEES,raw_l2/trade_date=2026-07-17/exchange=NSE/symbol=NIFTYBEES/part-064744_868449-024984.parquet,real_data_sample\l2_unseen_validation\trade_date=2026-07-17\exchange=NSE\symbol=NIFTYBEES\part-064744_868449-024984.parquet,34578,downloaded,34578,
2026-07-17,NSE,NIFTYBEES,raw_l2/trade_date=2026-07-17/exchange=NSE/symbol=NIFTYBEES/part-064758_590006-025016.parquet,real_data_sample\l2_unseen_validation\trade_date=2026-07-17\exchange=NSE\symbol=NIFTYBEES\part-064758_590006-025016.parquet,34813,downloaded,34813,
2026-07-17,NSE,NIFTYBEES,raw_l2/trade_date=2026-07-17/exchange=NSE/symbol=NIFTYBEES/part-065017_609446-025336.parquet,real_data_sample\l2_unseen_validation\trade_date=2026-07-17\exchange=NSE\symbol=NIFTYBEES\part-065017_609446-025336.parquet,35225,downloaded,35225,
2026-07-17,NSE,NIFTYBEES,raw_l2/trade_date=2026-07-17/exchange=NSE/symbol=NIFTYBEES/part-070808_543948-027736.parquet,real_data_sample\l2_unseen_validation\trade_date=2026-07-17\exchange=NSE\symbol=NIFTYBEES\part-070808_543948-027736.parquet,34627,downloaded,34627,
2026-07-17,NSE,NIFTYBEES,raw_l2/trade_date=2026-07-17/exchange=NSE/symbol=NIFTYBEES/part-064826_502310-025080.parquet,real_data_sample\l2_unseen_validation\trade_date=2026-07-17\exchange=NSE\symbol=NIFTYBEES\part-064826_502310-025080.parquet,35120,downloaded,35120,
2026-07-17,NSE,NIFTYBEES,raw_l2/trade_date=2026-07-17/exchange=NSE/symbol=NIFTYBEES/part-064730_854181-024952.parquet,real_data_sample\l2_unseen_validation\trade_date=2026-07-17\exchange=NSE\symbol=NIFTYBEES\part-064730_854181-024952.parquet,34742,downloaded,34742,
2026-07-17,NSE,NIFTYBEES,raw_l2/trade_date=2026-07-17/exchange=NSE/symbol=NIFTYBEES/part-065045_598198-025400.parquet,real_data_sample\l2_unseen_validation\trade_date=2026-07-17\exchange=NSE\symbol=NIFTYBEES\part-065045_598198-025400.parquet,35743,downloaded,35743,
2026-07-17,NSE,NIFTYBEES,raw_l2/trade_date=2026-07-17/exchange=NSE/symbol=NIFTYBEES/part-064907_952382-025176.parquet,real_data_sample\l2_unseen_validation\trade_date=2026-07-17\exchange=NSE\symbol=NIFTYBEES\part-064907_952382-025176.parquet,35348,downloaded,35348,
2026-07-17,NSE,NIFTYBEES,raw_l2/trade_date=2026-07-17/exchange=NSE/symbol=NIFTYBEES/part-071100_883520-028120.parquet,real_data_sample\l2_unseen_validation\trade_date=2026-07-17\exchange=NSE\symbol=NIFTYBEES\part-071100_883520-028120.parquet,35739,downloaded,35739,
2026-07-17,NSE,NIFTYBEES,raw_l2/trade_date=2026-07-17/exchange=NSE/symbol=NIFTYBEES/part-064717_132161-024920.parquet,real_data_sample\l2_unseen_validation\trade_date=2026-07-17\exchange=NSE\symbol=NIFTYBEES\part-064717_132161-024920.parquet,35123,downloaded,35123,
2026-07-17,NSE,NIFTYBEES,raw_l2/trade_date=2026-07-17/exchange=NSE/symbol=NIFTYBEES/part-071115_396134-028152.parquet,real_data_sample\l2_unseen_validation\trade_date=2026-07-17\exchange=NSE\symbol=NIFTYBEES\part-071115_396134-028152.parquet,35862,downloaded,35862,
2026-07-17,NSE,NIFTYBEES,raw_l2/trade_date=2026-07-17/exchange=NSE/symbol=NIFTYBEES/part-065113_696114-025464.parquet,real_data_sample\l2_unseen_validation\trade_date=2026-07-17\exchange=NSE\symbol=NIFTYBEES\part-065113_696114-025464.parquet,35370,downloaded,35370,
2026-07-17,NSE,NIFTYBEES,raw_l2/trade_date=2026-07-17/exchange=NSE/symbol=NIFTYBEES/part-071227_929404-028312.parquet,real_data_sample\l2_unseen_validation\trade_date=2026-07-17\exchange=NSE\symbol=NIFTYBEES\part-071227_929404-028312.parquet,35099,downloaded,35099,
2026-07-17,NSE,NIFTYBEES,raw_l2/trade_date=2026-07-17/exchange=NSE/symbol=NIFTYBEES/part-071242_459039-028344.parquet,real_data_sample\l2_unseen_validation\trade_date=2026-07-17\exchange=NSE\symbol=NIFTYBEES\part-071242_459039-028344.parquet,35353,downloaded,35353,
2026-07-17,NSE,NIFTYBEES,raw_l2/trade_date=2026-07-17/exchange=NSE/symbol=NIFTYBEES/part-071144_662297-028216.parquet,real_data_sample\l2_unseen_validation\trade_date=2026-07-17\exchange=NSE\symbol=NIFTYBEES\part-071144_662297-028216.parquet,35703,downloaded,35703,
2026-07-17,NSE,NIFTYBEES,raw_l2/trade_date=2026-07-17/exchange=NSE/symbol=NIFTYBEES/part-071159_026658-028248.parquet,real_data_sample\l2_unseen_validation\trade_date=2026-07-17\exchange=NSE\symbol=NIFTYBEES\part-071159_026658-028248.parquet,35726,downloaded,35726,
2026-07-17,NSE,NIFTYBEES,raw_l2/trade_date=2026-07-17/exchange=NSE/symbol=NIFTYBEES/part-071213_440424-028280.parquet,real_data_sample\l2_unseen_validation\trade_date=2026-07-17\exchange=NSE\symbol=NIFTYBEES\part-071213_440424-028280.parquet,35448,downloaded,35448,
2026-07-17,NSE,NIFTYBEES,raw_l2/trade_date=2026-07-17/exchange=NSE/symbol=NIFTYBEES/part-071310_981064-028408.parquet,real_data_sample\l2_unseen_validation\trade_date=2026-07-17\exchange=NSE\symbol=NIFTYBEES\part-071310_981064-028408.parquet,35299,downloaded,35299,
2026-07-17,NSE,NIFTYBEES,raw_l2/trade_date=2026-07-17/exchange=NSE/symbol=NIFTYBEES/part-071325_201257-028440.parquet,real_data_sample\l2_unseen_validation\trade_date=2026-07-17\exchange=NSE\symbol=NIFTYBEES\part-071325_201257-028440.parquet,35128,downloaded,35128,
2026-07-17,NSE,NIFTYBEES,raw_l2/trade_date=2026-07-17/exchange=NSE/symbol=NIFTYBEES/part-071339_498616-028472.parquet,real_data_sample\l2_unseen_validation\trade_date=2026-07-17\exchange=NSE\symbol=NIFTYBEES\part-071339_498616-028472.parquet,35016,downloaded,35016,
2026-07-17,NSE,NIFTYBEES,raw_l2/trade_date=2026-07-17/exchange=NSE/symbol=NIFTYBEES/part-071422_441554-028568.parquet,real_data_sample\l2_unseen_validation\trade_date=2026-07-17\exchange=NSE\symbol=NIFTYBEES\part-071422_441554-028568.parquet,35301,downloaded,35301,
2026-07-17,NSE,NIFTYBEES,raw_l2/trade_date=2026-07-17/exchange=NSE/symbol=NIFTYBEES/part-071408_214115-028536.parquet,real_data_sample\l2_unseen_validation\trade_date=2026-07-17\exchange=NSE\symbol=NIFTYBEES\part-071408_214115-028536.parquet,35420,downloaded,35420,
2026-07-17,NSE,NIFTYBEES,raw_l2/trade_date=2026-07-17/exchange=NSE/symbol=NIFTYBEES/part-071353_897199-028504.parquet,real_data_sample\l2_unseen_validation\trade_date=2026-07-17\exchange=NSE\symbol=NIFTYBEES\part-071353_897199-028504.parquet,35749,downloaded,35749,
2026-07-17,NSE,NIFTYBEES,raw_l2/trade_date=2026-07-17/exchange=NSE/symbol=NIFTYBEES/part-071520_086797-028696.parquet,real_data_sample\l2_unseen_validation\trade_date=2026-07-17\exchange=NSE\symbol=NIFTYBEES\part-071520_086797-028696.parquet,35631,downloaded,35631,
2026-07-17,NSE,NIFTYBEES,raw_l2/trade_date=2026-07-17/exchange=NSE/symbol=NIFTYBEES/part-071436_642725-028600.parquet,real_data_sample\l2_unseen_validation\trade_date=2026-07-17\exchange=NSE\symbol=NIFTYBEES\part-071436_642725-028600.parquet,35513,downloaded,35513,
2026-07-17,NSE,NIFTYBEES,raw_l2/trade_date=2026-07-17/exchange=NSE/symbol=NIFTYBEES/part-071451_126900-028632.parquet,real_data_sample\l2_unseen_validation\trade_date=2026-07-17\exchange=NSE\symbol=NIFTYBEES\part-071451_126900-028632.parquet,35439,downloaded,35439,
2026-07-17,NSE,NIFTYBEES,raw_l2/trade_date=2026-07-17/exchange=NSE/symbol=NIFTYBEES/part-071631_617061-028856.parquet,real_data_sample\l2_unseen_validation\trade_date=2026-07-17\exchange=NSE\symbol=NIFTYBEES\part-071631_617061-028856.parquet,35334,downloaded,35334,
2026-07-17,NSE,NIFTYBEES,raw_l2/trade_date=2026-07-17/exchange=NSE/symbol=NIFTYBEES/part-071505_584580-028664.parquet,real_data_sample\l2_unseen_validation\trade_date=2026-07-17\exchange=NSE\symbol=NIFTYBEES\part-071505_584580-028664.parquet,35848,downloaded,35848,
2026-07-17,NSE,NIFTYBEES,raw_l2/trade_date=2026-07-17/exchange=NSE/symbol=NIFTYBEES/part-071714_231983-028952.parquet,real_data_sample\l2_unseen_validation\trade_date=2026-07-17\exchange=NSE\symbol=NIFTYBEES\part-071714_231983-028952.parquet,35132,downloaded,35132,
2026-07-17,NSE,NIFTYBEES,raw_l2/trade_date=2026-07-17/exchange=NSE/symbol=NIFTYBEES/part-071728_313202-028984.parquet,real_data_sample\l2_unseen_validation\trade_date=2026-07-17\exchange=NSE\symbol=NIFTYBEES\part-071728_313202-028984.parquet,35003,downloaded,35003,
2026-07-17,NSE,NIFTYBEES,raw_l2/trade_date=2026-07-17/exchange=NSE/symbol=NIFTYBEES/part-071534_324644-028728.parquet,real_data_sample\l2_unseen_validation\trade_date=2026-07-17\exchange=NSE\symbol=NIFTYBEES\part-071534_324644-028728.parquet,35230,downloaded,35230,
2026-07-17,NSE,NIFTYBEES,raw_l2/trade_date=2026-07-17/exchange=NSE/symbol=NIFTYBEES/part-071756_868835-029048.parquet,real_data_sample\l2_unseen_validation\trade_date=2026-07-17\exchange=NSE\symbol=NIFTYBEES\part-071756_868835-029048.parquet,34952,downloaded,34952,
2026-07-17,NSE,NIFTYBEES,raw_l2/trade_date=2026-07-17/exchange=NSE/symbol=NIFTYBEES/part-071603_118319-028792.parquet,real_data_sample\l2_unseen_validation\trade_date=2026-07-17\exchange=NSE\symbol=NIFTYBEES\part-071603_118319-028792.parquet,35463,downloaded,35463,
2026-07-17,NSE,NIFTYBEES,raw_l2/trade_date=2026-07-17/exchange=NSE/symbol=NIFTYBEES/part-071742_606121-029016.parquet,real_data_sample\l2_unseen_validation\trade_date=2026-07-17\exchange=NSE\symbol=NIFTYBEES\part-071742_606121-029016.parquet,35281,downloaded,35281,
2026-07-17,NSE,NIFTYBEES,raw_l2/trade_date=2026-07-17/exchange=NSE/symbol=NIFTYBEES/part-071645_893123-028888.parquet,real_data_sample\l2_unseen_validation\trade_date=2026-07-17\exchange=NSE\symbol=NIFTYBEES\part-071645_893123-028888.parquet,35013,downloaded,35013,
2026-07-17,NSE,NIFTYBEES,raw_l2/trade_date=2026-07-17/exchange=NSE/symbol=NIFTYBEES/part-071130_013899-028184.parquet,real_data_sample\l2_unseen_validation\trade_date=2026-07-17\exchange=NSE\symbol=NIFTYBEES\part-071130_013899-028184.parquet,35796,downloaded,35796,
2026-07-17,NSE,NIFTYBEES,raw_l2/trade_date=2026-07-17/exchange=NSE/symbol=NIFTYBEES/part-071825_652634-029112.parquet,real_data_sample\l2_unseen_validation\trade_date=2026-07-17\exchange=NSE\symbol=NIFTYBEES\part-071825_652634-029112.parquet,35335,downloaded,35335,
2026-07-17,NSE,NIFTYBEES,raw_l2/trade_date=2026-07-17/exchange=NSE/symbol=NIFTYBEES/part-071811_375065-029080.parquet,real_data_sample\l2_unseen_validation\trade_date=2026-07-17\exchange=NSE\symbol=NIFTYBEES\part-071811_375065-029080.parquet,34826,downloaded,34826,
2026-07-17,NSE,NIFTYBEES,raw_l2/trade_date=2026-07-17/exchange=NSE/symbol=NIFTYBEES/part-071909_794303-029208.parquet,real_data_sample\l2_unseen_validation\trade_date=2026-07-17\exchange=NSE\symbol=NIFTYBEES\part-071909_794303-029208.parquet,35866,downloaded,35866,
2026-07-17,NSE,NIFTYBEES,raw_l2/trade_date=2026-07-17/exchange=NSE/symbol=NIFTYBEES/part-071855_355490-029176.parquet,real_data_sample\l2_unseen_validation\trade_date=2026-07-17\exchange=NSE\symbol=NIFTYBEES\part-071855_355490-029176.parquet,35373,downloaded,35373,
2026-07-17,NSE,NIFTYBEES,raw_l2/trade_date=2026-07-17/exchange=NSE/symbol=NIFTYBEES/part-071840_376305-029144.parquet,real_data_sample\l2_unseen_validation\trade_date=2026-07-17\exchange=NSE\symbol=NIFTYBEES\part-071840_376305-029144.parquet,35029,downloaded,35029,
2026-07-17,NSE,NIFTYBEES,raw_l2/trade_date=2026-07-17/exchange=NSE/symbol=NIFTYBEES/part-071924_127887-029240.parquet,real_data_sample\l2_unseen_validation\trade_date=2026-07-17\exchange=NSE\symbol=NIFTYBEES\part-071924_127887-029240.parquet,35013,downloaded,35013,
2026-07-17,NSE,NIFTYBEES,raw_l2/trade_date=2026-07-17/exchange=NSE/symbol=NIFTYBEES/part-071938_444522-029272.parquet,real_data_sample\l2_unseen_validation\trade_date=2026-07-17\exchange=NSE\symbol=NIFTYBEES\part-071938_444522-029272.parquet,35776,downloaded,35776,
2026-07-17,NSE,NIFTYBEES,raw_l2/trade_date=2026-07-17/exchange=NSE/symbol=NIFTYBEES/part-071952_572073-029304.parquet,real_data_sample\l2_unseen_validation\trade_date=2026-07-17\exchange=NSE\symbol=NIFTYBEES\part-071952_572073-029304.parquet,35182,downloaded,35182,
2026-07-17,NSE,NIFTYBEES,raw_l2/trade_date=2026-07-17/exchange=NSE/symbol=NIFTYBEES/part-071617_381316-028824.parquet,real_data_sample\l2_unseen_validation\trade_date=2026-07-17\exchange=NSE\symbol=NIFTYBEES\part-071617_381316-028824.parquet,35436,downloaded,35436,
2026-07-17,NSE,NIFTYBEES,raw_l2/trade_date=2026-07-17/exchange=NSE/symbol=NIFTYBEES/part-071548_770990-028760.parquet,real_data_sample\l2_unseen_validation\trade_date=2026-07-17\exchange=NSE\symbol=NIFTYBEES\part-071548_770990-028760.parquet,35019,downloaded,35019,
2026-07-17,NSE,NIFTYBEES,raw_l2/trade_date=2026-07-17/exchange=NSE/symbol=NIFTYBEES/part-072049_662058-029432.parquet,real_data_sample\l2_unseen_validation\trade_date=2026-07-17\exchange=NSE\symbol=NIFTYBEES\part-072049_662058-029432.parquet,35520,downloaded,35520,
2026-07-17,NSE,NIFTYBEES,raw_l2/trade_date=2026-07-17/exchange=NSE/symbol=NIFTYBEES/part-072118_046419-029496.parquet,real_data_sample\l2_unseen_validation\trade_date=2026-07-17\exchange=NSE\symbol=NIFTYBEES\part-072118_046419-029496.parquet,35304,downloaded,35304,
2026-07-17,NSE,NIFTYBEES,raw_l2/trade_date=2026-07-17/exchange=NSE/symbol=NIFTYBEES/part-072035_404331-029400.parquet,real_data_sample\l2_unseen_validation\trade_date=2026-07-17\exchange=NSE\symbol=NIFTYBEES\part-072035_404331-029400.parquet,35438,downloaded,35438,
2026-07-17,NSE,NIFTYBEES,raw_l2/trade_date=2026-07-17/exchange=NSE/symbol=NIFTYBEES/part-072229_440556-029656.parquet,real_data_sample\l2_unseen_validation\trade_date=2026-07-17\exchange=NSE\symbol=NIFTYBEES\part-072229_440556-029656.parquet,34691,downloaded,34691,
2026-07-17,NSE,NIFTYBEES,raw_l2/trade_date=2026-07-17/exchange=NSE/symbol=NIFTYBEES/part-072201_127984-029592.parquet,real_data_sample\l2_unseen_validation\trade_date=2026-07-17\exchange=NSE\symbol=NIFTYBEES\part-072201_127984-029592.parquet,34892,downloaded,34892,
2026-07-17,NSE,NIFTYBEES,raw_l2/trade_date=2026-07-17/exchange=NSE/symbol=NIFTYBEES/part-072132_279093-029528.parquet,real_data_sample\l2_unseen_validation\trade_date=2026-07-17\exchange=NSE\symbol=NIFTYBEES\part-072132_279093-029528.parquet,34560,downloaded,34560,
2026-07-17,NSE,NIFTYBEES,raw_l2/trade_date=2026-07-17/exchange=NSE/symbol=NIFTYBEES/part-072146_229512-029560.parquet,real_data_sample\l2_unseen_validation\trade_date=2026-07-17\exchange=NSE\symbol=NIFTYBEES\part-072146_229512-029560.parquet,34590,downloaded,34590,
2026-07-17,NSE,NIFTYBEES,raw_l2/trade_date=2026-07-17/exchange=NSE/symbol=NIFTYBEES/part-072103_956624-029464.parquet,real_data_sample\l2_unseen_validation\trade_date=2026-07-17\exchange=NSE\symbol=NIFTYBEES\part-072103_956624-029464.parquet,35002,downloaded,35002,
2026-07-17,NSE,NIFTYBEES,raw_l2/trade_date=2026-07-17/exchange=NSE/symbol=NIFTYBEES/part-072215_392036-029624.parquet,real_data_sample\l2_unseen_validation\trade_date=2026-07-17\exchange=NSE\symbol=NIFTYBEES\part-072215_392036-029624.parquet,34865,downloaded,34865,
2026-07-17,NSE,NIFTYBEES,raw_l2/trade_date=2026-07-17/exchange=NSE/symbol=NIFTYBEES/part-072006_921650-029336.parquet,real_data_sample\l2_unseen_validation\trade_date=2026-07-17\exchange=NSE\symbol=NIFTYBEES\part-072006_921650-029336.parquet,34889,downloaded,34889,
2026-07-17,NSE,NIFTYBEES,raw_l2/trade_date=2026-07-17/exchange=NSE/symbol=NIFTYBEES/part-072021_198629-029368.parquet,real_data_sample\l2_unseen_validation\trade_date=2026-07-17\exchange=NSE\symbol=NIFTYBEES\part-072021_198629-029368.parquet,35188,downloaded,35188,
2026-07-17,NSE,NIFTYBEES,raw_l2/trade_date=2026-07-17/exchange=NSE/symbol=NIFTYBEES/part-071700_046442-028920.parquet,real_data_sample\l2_unseen_validation\trade_date=2026-07-17\exchange=NSE\symbol=NIFTYBEES\part-071700_046442-028920.parquet,35314,downloaded,35314,
2026-07-17,NSE,NIFTYBEES,raw_l2/trade_date=2026-07-17/exchange=NSE/symbol=NIFTYBEES/part-072312_241229-029752.parquet,real_data_sample\l2_unseen_validation\trade_date=2026-07-17\exchange=NSE\symbol=NIFTYBEES\part-072312_241229-029752.parquet,34785,downloaded,34785,
2026-07-17,NSE,NIFTYBEES,raw_l2/trade_date=2026-07-17/exchange=NSE/symbol=NIFTYBEES/part-072520_873665-030040.parquet,real_data_sample\l2_unseen_validation\trade_date=2026-07-17\exchange=NSE\symbol=NIFTYBEES\part-072520_873665-030040.parquet,35515,downloaded,35515,
2026-07-17,NSE,NIFTYBEES,raw_l2/trade_date=2026-07-17/exchange=NSE/symbol=NIFTYBEES/part-072423_589293-029912.parquet,real_data_sample\l2_unseen_validation\trade_date=2026-07-17\exchange=NSE\symbol=NIFTYBEES\part-072423_589293-029912.parquet,35065,downloaded,35065,
2026-07-17,NSE,NIFTYBEES,raw_l2/trade_date=2026-07-17/exchange=NSE/symbol=NIFTYBEES/part-072409_376942-029880.parquet,real_data_sample\l2_unseen_validation\trade_date=2026-07-17\exchange=NSE\symbol=NIFTYBEES\part-072409_376942-029880.parquet,34707,downloaded,34707,
2026-07-17,NSE,NIFTYBEES,raw_l2/trade_date=2026-07-17/exchange=NSE/symbol=NIFTYBEES/part-072340_935771-029816.parquet,real_data_sample\l2_unseen_validation\trade_date=2026-07-17\exchange=NSE\symbol=NIFTYBEES\part-072340_935771-029816.parquet,34955,downloaded,34955,
2026-07-17,NSE,NIFTYBEES,raw_l2/trade_date=2026-07-17/exchange=NSE/symbol=NIFTYBEES/part-072257_928798-029720.parquet,real_data_sample\l2_unseen_validation\trade_date=2026-07-17\exchange=NSE\symbol=NIFTYBEES\part-072257_928798-029720.parquet,34815,downloaded,34815,
2026-07-17,NSE,NIFTYBEES,raw_l2/trade_date=2026-07-17/exchange=NSE/symbol=NIFTYBEES/part-072452_484391-029976.parquet,real_data_sample\l2_unseen_validation\trade_date=2026-07-17\exchange=NSE\symbol=NIFTYBEES\part-072452_484391-029976.parquet,35202,downloaded,35202,
2026-07-17,NSE,NIFTYBEES,raw_l2/trade_date=2026-07-17/exchange=NSE/symbol=NIFTYBEES/part-072326_628521-029784.parquet,real_data_sample\l2_unseen_validation\trade_date=2026-07-17\exchange=NSE\symbol=NIFTYBEES\part-072326_628521-029784.parquet,34986,downloaded,34986,
2026-07-17,NSE,NIFTYBEES,raw_l2/trade_date=2026-07-17/exchange=NSE/symbol=NIFTYBEES/part-072243_733904-029688.parquet,real_data_sample\l2_unseen_validation\trade_date=2026-07-17\exchange=NSE\symbol=NIFTYBEES\part-072243_733904-029688.parquet,34727,downloaded,34727,
2026-07-17,NSE,NIFTYBEES,raw_l2/trade_date=2026-07-17/exchange=NSE/symbol=NIFTYBEES/part-072355_186618-029848.parquet,real_data_sample\l2_unseen_validation\trade_date=2026-07-17\exchange=NSE\symbol=NIFTYBEES\part-072355_186618-029848.parquet,35012,downloaded,35012,
2026-07-17,NSE,NIFTYBEES,raw_l2/trade_date=2026-07-17/exchange=NSE/symbol=NIFTYBEES/part-072535_127823-030072.parquet,real_data_sample\l2_unseen_validation\trade_date=2026-07-17\exchange=NSE\symbol=NIFTYBEES\part-072535_127823-030072.parquet,35579,downloaded,35579,
2026-07-17,NSE,NIFTYBEES,raw_l2/trade_date=2026-07-17/exchange=NSE/symbol=NIFTYBEES/part-072506_722054-030008.parquet,real_data_sample\l2_unseen_validation\trade_date=2026-07-17\exchange=NSE\symbol=NIFTYBEES\part-072506_722054-030008.parquet,35600,downloaded,35600,
2026-07-17,NSE,NIFTYBEES,raw_l2/trade_date=2026-07-17/exchange=NSE/symbol=NIFTYBEES/part-072603_351124-030136.parquet,real_data_sample\l2_unseen_validation\trade_date=2026-07-17\exchange=NSE\symbol=NIFTYBEES\part-072603_351124-030136.parquet,35339,downloaded,35339,
2026-07-17,NSE,NIFTYBEES,raw_l2/trade_date=2026-07-17/exchange=NSE/symbol=NIFTYBEES/part-072549_377223-030104.parquet,real_data_sample\l2_unseen_validation\trade_date=2026-07-17\exchange=NSE\symbol=NIFTYBEES\part-072549_377223-030104.parquet,35249,downloaded,35249,
2026-07-17,NSE,NIFTYBEES,raw_l2/trade_date=2026-07-17/exchange=NSE/symbol=NIFTYBEES/part-072617_535818-030168.parquet,real_data_sample\l2_unseen_validation\trade_date=2026-07-17\exchange=NSE\symbol=NIFTYBEES\part-072617_535818-030168.parquet,34778,downloaded,34778,
2026-07-17,NSE,NIFTYBEES,raw_l2/trade_date=2026-07-17/exchange=NSE/symbol=NIFTYBEES/part-072632_044854-030200.parquet,real_data_sample\l2_unseen_validation\trade_date=2026-07-17\exchange=NSE\symbol=NIFTYBEES\part-072632_044854-030200.parquet,35305,downloaded,35305,
2026-07-17,NSE,NIFTYBEES,raw_l2/trade_date=2026-07-17/exchange=NSE/symbol=NIFTYBEES/part-072743_800791-030360.parquet,real_data_sample\l2_unseen_validation\trade_date=2026-07-17\exchange=NSE\symbol=NIFTYBEES\part-072743_800791-030360.parquet,35268,downloaded,35268,
2026-07-17,NSE,NIFTYBEES,raw_l2/trade_date=2026-07-17/exchange=NSE/symbol=NIFTYBEES/part-072758_388332-030392.parquet,real_data_sample\l2_unseen_validation\trade_date=2026-07-17\exchange=NSE\symbol=NIFTYBEES\part-072758_388332-030392.parquet,35189,downloaded,35189,
2026-07-17,NSE,NIFTYBEES,raw_l2/trade_date=2026-07-17/exchange=NSE/symbol=NIFTYBEES/part-072729_423121-030328.parquet,real_data_sample\l2_unseen_validation\trade_date=2026-07-17\exchange=NSE\symbol=NIFTYBEES\part-072729_423121-030328.parquet,35502,downloaded,35502,
2026-07-17,NSE,NIFTYBEES,raw_l2/trade_date=2026-07-17/exchange=NSE/symbol=NIFTYBEES/part-072843_087376-030488.parquet,real_data_sample\l2_unseen_validation\trade_date=2026-07-17\exchange=NSE\symbol=NIFTYBEES\part-072843_087376-030488.parquet,35381,downloaded,35381,
2026-07-17,NSE,NIFTYBEES,raw_l2/trade_date=2026-07-17/exchange=NSE/symbol=NIFTYBEES/part-072715_007827-030296.parquet,real_data_sample\l2_unseen_validation\trade_date=2026-07-17\exchange=NSE\symbol=NIFTYBEES\part-072715_007827-030296.parquet,35080,downloaded,35080,
2026-07-17,NSE,NIFTYBEES,raw_l2/trade_date=2026-07-17/exchange=NSE/symbol=NIFTYBEES/part-072812_914460-030424.parquet,real_data_sample\l2_unseen_validation\trade_date=2026-07-17\exchange=NSE\symbol=NIFTYBEES\part-072812_914460-030424.parquet,35061,downloaded,35061,
2026-07-17,NSE,NIFTYBEES,raw_l2/trade_date=2026-07-17/exchange=NSE/symbol=NIFTYBEES/part-072912_267151-030552.parquet,real_data_sample\l2_unseen_validation\trade_date=2026-07-17\exchange=NSE\symbol=NIFTYBEES\part-072912_267151-030552.parquet,35051,downloaded,35051,
2026-07-17,NSE,NIFTYBEES,raw_l2/trade_date=2026-07-17/exchange=NSE/symbol=NIFTYBEES/part-072857_586901-030520.parquet,real_data_sample\l2_unseen_validation\trade_date=2026-07-17\exchange=NSE\symbol=NIFTYBEES\part-072857_586901-030520.parquet,35209,downloaded,35209,
2026-07-17,NSE,NIFTYBEES,raw_l2/trade_date=2026-07-17/exchange=NSE/symbol=NIFTYBEES/part-072827_156322-030456.parquet,real_data_sample\l2_unseen_validation\trade_date=2026-07-17\exchange=NSE\symbol=NIFTYBEES\part-072827_156322-030456.parquet,35064,downloaded,35064,
2026-07-17,NSE,NIFTYBEES,raw_l2/trade_date=2026-07-17/exchange=NSE/symbol=NIFTYBEES/part-072437_972311-029944.parquet,real_data_sample\l2_unseen_validation\trade_date=2026-07-17\exchange=NSE\symbol=NIFTYBEES\part-072437_972311-029944.parquet,35220,downloaded,35220,
2026-07-17,NSE,NIFTYBEES,raw_l2/trade_date=2026-07-17/exchange=NSE/symbol=NIFTYBEES/part-072927_029649-030584.parquet,real_data_sample\l2_unseen_validation\trade_date=2026-07-17\exchange=NSE\symbol=NIFTYBEES\part-072927_029649-030584.parquet,35444,downloaded,35444,
2026-07-17,NSE,NIFTYBEES,raw_l2/trade_date=2026-07-17/exchange=NSE/symbol=NIFTYBEES/part-073010_346921-030680.parquet,real_data_sample\l2_unseen_validation\trade_date=2026-07-17\exchange=NSE\symbol=NIFTYBEES\part-073010_346921-030680.parquet,35416,downloaded,35416,
2026-07-17,NSE,NIFTYBEES,raw_l2/trade_date=2026-07-17/exchange=NSE/symbol=NIFTYBEES/part-073024_556499-030712.parquet,real_data_sample\l2_unseen_validation\trade_date=2026-07-17\exchange=NSE\symbol=NIFTYBEES\part-073024_556499-030712.parquet,35155,downloaded,35155,
2026-07-17,NSE,NIFTYBEES,raw_l2/trade_date=2026-07-17/exchange=NSE/symbol=NIFTYBEES/part-073301_744410-031064.parquet,real_data_sample\l2_unseen_validation\trade_date=2026-07-17\exchange=NSE\symbol=NIFTYBEES\part-073301_744410-031064.parquet,34778,downloaded,34778,
2026-07-17,NSE,NIFTYBEES,raw_l2/trade_date=2026-07-17/exchange=NSE/symbol=NIFTYBEES/part-072941_608300-030616.parquet,real_data_sample\l2_unseen_validation\trade_date=2026-07-17\exchange=NSE\symbol=NIFTYBEES\part-072941_608300-030616.parquet,35635,downloaded,35635,
2026-07-17,NSE,NIFTYBEES,raw_l2/trade_date=2026-07-17/exchange=NSE/symbol=NIFTYBEES/part-073038_884577-030744.parquet,real_data_sample\l2_unseen_validation\trade_date=2026-07-17\exchange=NSE\symbol=NIFTYBEES\part-073038_884577-030744.parquet,35390,downloaded,35390,
2026-07-17,NSE,NIFTYBEES,raw_l2/trade_date=2026-07-17/exchange=NSE/symbol=NIFTYBEES/part-073330_281572-031128.parquet,real_data_sample\l2_unseen_validation\trade_date=2026-07-17\exchange=NSE\symbol=NIFTYBEES\part-073330_281572-031128.parquet,34469,downloaded,34469,
2026-07-17,NSE,NIFTYBEES,raw_l2/trade_date=2026-07-17/exchange=NSE/symbol=NIFTYBEES/part-073122_102221-030840.parquet,real_data_sample\l2_unseen_validation\trade_date=2026-07-17\exchange=NSE\symbol=NIFTYBEES\part-073122_102221-030840.parquet,35682,downloaded,35682,
2026-07-17,NSE,NIFTYBEES,raw_l2/trade_date=2026-07-17/exchange=NSE/symbol=NIFTYBEES/part-073136_271011-030872.parquet,real_data_sample\l2_unseen_validation\trade_date=2026-07-17\exchange=NSE\symbol=NIFTYBEES\part-073136_271011-030872.parquet,35505,downloaded,35505,
2026-07-17,NSE,NIFTYBEES,raw_l2/trade_date=2026-07-17/exchange=NSE/symbol=NIFTYBEES/part-073247_448039-031032.parquet,real_data_sample\l2_unseen_validation\trade_date=2026-07-17\exchange=NSE\symbol=NIFTYBEES\part-073247_448039-031032.parquet,34643,downloaded,34643,
2026-07-17,NSE,NIFTYBEES,raw_l2/trade_date=2026-07-17/exchange=NSE/symbol=NIFTYBEES/part-073150_626095-030904.parquet,real_data_sample\l2_unseen_validation\trade_date=2026-07-17\exchange=NSE\symbol=NIFTYBEES\part-073150_626095-030904.parquet,35055,downloaded,35055,
2026-07-17,NSE,NIFTYBEES,raw_l2/trade_date=2026-07-17/exchange=NSE/symbol=NIFTYBEES/part-073219_016403-030968.parquet,real_data_sample\l2_unseen_validation\trade_date=2026-07-17\exchange=NSE\symbol=NIFTYBEES\part-073219_016403-030968.parquet,35209,downloaded,35209,
2026-07-17,NSE,NIFTYBEES,raw_l2/trade_date=2026-07-17/exchange=NSE/symbol=NIFTYBEES/part-073315_875170-031096.parquet,real_data_sample\l2_unseen_validation\trade_date=2026-07-17\exchange=NSE\symbol=NIFTYBEES\part-073315_875170-031096.parquet,34643,downloaded,34643,
2026-07-17,NSE,NIFTYBEES,raw_l2/trade_date=2026-07-17/exchange=NSE/symbol=NIFTYBEES/part-073204_916918-030936.parquet,real_data_sample\l2_unseen_validation\trade_date=2026-07-17\exchange=NSE\symbol=NIFTYBEES\part-073204_916918-030936.parquet,34940,downloaded,34940,
2026-07-17,NSE,NIFTYBEES,raw_l2/trade_date=2026-07-17/exchange=NSE/symbol=NIFTYBEES/part-073053_279058-030776.parquet,real_data_sample\l2_unseen_validation\trade_date=2026-07-17\exchange=NSE\symbol=NIFTYBEES\part-073053_279058-030776.parquet,35141,downloaded,35141,
2026-07-17,NSE,NIFTYBEES,raw_l2/trade_date=2026-07-17/exchange=NSE/symbol=NIFTYBEES/part-073233_214415-031000.parquet,real_data_sample\l2_unseen_validation\trade_date=2026-07-17\exchange=NSE\symbol=NIFTYBEES\part-073233_214415-031000.parquet,34813,downloaded,34813,
2026-07-17,NSE,NIFTYBEES,raw_l2/trade_date=2026-07-17/exchange=NSE/symbol=NIFTYBEES/part-073107_802209-030808.parquet,real_data_sample\l2_unseen_validation\trade_date=2026-07-17\exchange=NSE\symbol=NIFTYBEES\part-073107_802209-030808.parquet,35367,downloaded,35367,
2026-07-17,NSE,NIFTYBEES,raw_l2/trade_date=2026-07-17/exchange=NSE/symbol=NIFTYBEES/part-073344_540381-031160.parquet,real_data_sample\l2_unseen_validation\trade_date=2026-07-17\exchange=NSE\symbol=NIFTYBEES\part-073344_540381-031160.parquet,34604,downloaded,34604,
2026-07-17,NSE,NIFTYBEES,raw_l2/trade_date=2026-07-17/exchange=NSE/symbol=NIFTYBEES/part-072646_319932-030232.parquet,real_data_sample\l2_unseen_validation\trade_date=2026-07-17\exchange=NSE\symbol=NIFTYBEES\part-072646_319932-030232.parquet,35580,downloaded,35580,
2026-07-17,NSE,NIFTYBEES,raw_l2/trade_date=2026-07-17/exchange=NSE/symbol=NIFTYBEES/part-072700_624610-030264.parquet,real_data_sample\l2_unseen_validation\trade_date=2026-07-17\exchange=NSE\symbol=NIFTYBEES\part-072700_624610-030264.parquet,35276,downloaded,35276,
2026-07-17,NSE,NIFTYBEES,raw_l2/trade_date=2026-07-17/exchange=NSE/symbol=NIFTYBEES/part-073358_678426-031192.parquet,real_data_sample\l2_unseen_validation\trade_date=2026-07-17\exchange=NSE\symbol=NIFTYBEES\part-073358_678426-031192.parquet,34616,downloaded,34616,
2026-07-17,NSE,NIFTYBEES,raw_l2/trade_date=2026-07-17/exchange=NSE/symbol=NIFTYBEES/part-073427_143599-031256.parquet,real_data_sample\l2_unseen_validation\trade_date=2026-07-17\exchange=NSE\symbol=NIFTYBEES\part-073427_143599-031256.parquet,34654,downloaded,34654,
2026-07-17,NSE,NIFTYBEES,raw_l2/trade_date=2026-07-17/exchange=NSE/symbol=NIFTYBEES/part-073412_935767-031224.parquet,real_data_sample\l2_unseen_validation\trade_date=2026-07-17\exchange=NSE\symbol=NIFTYBEES\part-073412_935767-031224.parquet,34519,downloaded,34519,
2026-07-17,NSE,NIFTYBEES,raw_l2/trade_date=2026-07-17/exchange=NSE/symbol=NIFTYBEES/part-073441_586935-031288.parquet,real_data_sample\l2_unseen_validation\trade_date=2026-07-17\exchange=NSE\symbol=NIFTYBEES\part-073441_586935-031288.parquet,34834,downloaded,34834,
2026-07-17,NSE,NIFTYBEES,raw_l2/trade_date=2026-07-17/exchange=NSE/symbol=NIFTYBEES/part-073455_785181-031320.parquet,real_data_sample\l2_unseen_validation\trade_date=2026-07-17\exchange=NSE\symbol=NIFTYBEES\part-073455_785181-031320.parquet,34758,downloaded,34758,
2026-07-17,NSE,NIFTYBEES,raw_l2/trade_date=2026-07-17/exchange=NSE/symbol=NIFTYBEES/part-073524_138307-031384.parquet,real_data_sample\l2_unseen_validation\trade_date=2026-07-17\exchange=NSE\symbol=NIFTYBEES\part-073524_138307-031384.parquet,34570,downloaded,34570,
2026-07-17,NSE,NIFTYBEES,raw_l2/trade_date=2026-07-17/exchange=NSE/symbol=NIFTYBEES/part-073509_962033-031352.parquet,real_data_sample\l2_unseen_validation\trade_date=2026-07-17\exchange=NSE\symbol=NIFTYBEES\part-073509_962033-031352.parquet,34565,downloaded,34565,
2026-07-17,NSE,NIFTYBEES,raw_l2/trade_date=2026-07-17/exchange=NSE/symbol=NIFTYBEES/part-073552_530214-031448.parquet,real_data_sample\l2_unseen_validation\trade_date=2026-07-17\exchange=NSE\symbol=NIFTYBEES\part-073552_530214-031448.parquet,34732,downloaded,34732,
2026-07-17,NSE,NIFTYBEES,raw_l2/trade_date=2026-07-17/exchange=NSE/symbol=NIFTYBEES/part-073538_430001-031416.parquet,real_data_sample\l2_unseen_validation\trade_date=2026-07-17\exchange=NSE\symbol=NIFTYBEES\part-073538_430001-031416.parquet,34700,downloaded,34700,
2026-07-17,NSE,NIFTYBEES,raw_l2/trade_date=2026-07-17/exchange=NSE/symbol=NIFTYBEES/part-073621_058886-031512.parquet,real_data_sample\l2_unseen_validation\trade_date=2026-07-17\exchange=NSE\symbol=NIFTYBEES\part-073621_058886-031512.parquet,34651,downloaded,34651,
2026-07-17,NSE,NIFTYBEES,raw_l2/trade_date=2026-07-17/exchange=NSE/symbol=NIFTYBEES/part-073649_634841-031576.parquet,real_data_sample\l2_unseen_validation\trade_date=2026-07-17\exchange=NSE\symbol=NIFTYBEES\part-073649_634841-031576.parquet,34781,downloaded,34781,
2026-07-17,NSE,NIFTYBEES,raw_l2/trade_date=2026-07-17/exchange=NSE/symbol=NIFTYBEES/part-072956_040057-030648.parquet,real_data_sample\l2_unseen_validation\trade_date=2026-07-17\exchange=NSE\symbol=NIFTYBEES\part-072956_040057-030648.parquet,35595,downloaded,35595,
2026-07-17,NSE,NIFTYBEES,raw_l2/trade_date=2026-07-17/exchange=NSE/symbol=NIFTYBEES/part-073731_822651-031672.parquet,real_data_sample\l2_unseen_validation\trade_date=2026-07-17\exchange=NSE\symbol=NIFTYBEES\part-073731_822651-031672.parquet,35584,downloaded,35584,
2026-07-17,NSE,NIFTYBEES,raw_l2/trade_date=2026-07-17/exchange=NSE/symbol=NIFTYBEES/part-071256_657234-028376.parquet,real_data_sample\l2_unseen_validation\trade_date=2026-07-17\exchange=NSE\symbol=NIFTYBEES\part-071256_657234-028376.parquet,35424,downloaded,35424,
2026-07-17,NSE,NIFTYBEES,raw_l2/trade_date=2026-07-17/exchange=NSE/symbol=NIFTYBEES/part-073717_806425-031640.parquet,real_data_sample\l2_unseen_validation\trade_date=2026-07-17\exchange=NSE\symbol=NIFTYBEES\part-073717_806425-031640.parquet,34754,downloaded,34754,
2026-07-17,NSE,NIFTYBEES,raw_l2/trade_date=2026-07-17/exchange=NSE/symbol=NIFTYBEES/part-073745_721602-031704.parquet,real_data_sample\l2_unseen_validation\trade_date=2026-07-17\exchange=NSE\symbol=NIFTYBEES\part-073745_721602-031704.parquet,35643,downloaded,35643,
2026-07-17,NSE,NIFTYBEES,raw_l2/trade_date=2026-07-17/exchange=NSE/symbol=NIFTYBEES/part-073635_414170-031544.parquet,real_data_sample\l2_unseen_validation\trade_date=2026-07-17\exchange=NSE\symbol=NIFTYBEES\part-073635_414170-031544.parquet,34557,downloaded,34557,
2026-07-17,NSE,NIFTYBEES,raw_l2/trade_date=2026-07-17/exchange=NSE/symbol=NIFTYBEES/part-073703_793829-031608.parquet,real_data_sample\l2_unseen_validation\trade_date=2026-07-17\exchange=NSE\symbol=NIFTYBEES\part-073703_793829-031608.parquet,34616,downloaded,34616,
2026-07-17,NSE,NIFTYBEES,raw_l2/trade_date=2026-07-17/exchange=NSE/symbol=NIFTYBEES/part-074007_084286-032024.parquet,real_data_sample\l2_unseen_validation\trade_date=2026-07-17\exchange=NSE\symbol=NIFTYBEES\part-074007_084286-032024.parquet,35186,downloaded,35186,
2026-07-17,NSE,NIFTYBEES,raw_l2/trade_date=2026-07-17/exchange=NSE/symbol=NIFTYBEES/part-074200_004864-032280.parquet,real_data_sample\l2_unseen_validation\trade_date=2026-07-17\exchange=NSE\symbol=NIFTYBEES\part-074200_004864-032280.parquet,35503,downloaded,35503,
2026-07-17,NSE,NIFTYBEES,raw_l2/trade_date=2026-07-17/exchange=NSE/symbol=NIFTYBEES/part-074103_640148-032152.parquet,real_data_sample\l2_unseen_validation\trade_date=2026-07-17\exchange=NSE\symbol=NIFTYBEES\part-074103_640148-032152.parquet,35250,downloaded,35250,
2026-07-17,NSE,NIFTYBEES,raw_l2/trade_date=2026-07-17/exchange=NSE/symbol=NIFTYBEES/part-074117_791550-032184.parquet,real_data_sample\l2_unseen_validation\trade_date=2026-07-17\exchange=NSE\symbol=NIFTYBEES\part-074117_791550-032184.parquet,34981,downloaded,34981,
2026-07-17,NSE,NIFTYBEES,raw_l2/trade_date=2026-07-17/exchange=NSE/symbol=NIFTYBEES/part-074227_884573-032344.parquet,real_data_sample\l2_unseen_validation\trade_date=2026-07-17\exchange=NSE\symbol=NIFTYBEES\part-074227_884573-032344.parquet,35370,downloaded,35370,
2026-07-17,NSE,NIFTYBEES,raw_l2/trade_date=2026-07-17/exchange=NSE/symbol=NIFTYBEES/part-074131_817652-032216.parquet,real_data_sample\l2_unseen_validation\trade_date=2026-07-17\exchange=NSE\symbol=NIFTYBEES\part-074131_817652-032216.parquet,35474,downloaded,35474,
2026-07-17,NSE,NIFTYBEES,raw_l2/trade_date=2026-07-17/exchange=NSE/symbol=NIFTYBEES/part-074241_960504-032376.parquet,real_data_sample\l2_unseen_validation\trade_date=2026-07-17\exchange=NSE\symbol=NIFTYBEES\part-074241_960504-032376.parquet,35209,downloaded,35209,
2026-07-17,NSE,NIFTYBEES,raw_l2/trade_date=2026-07-17/exchange=NSE/symbol=NIFTYBEES/part-074145_970106-032248.parquet,real_data_sample\l2_unseen_validation\trade_date=2026-07-17\exchange=NSE\symbol=NIFTYBEES\part-074145_970106-032248.parquet,35228,downloaded,35228,
2026-07-17,NSE,NIFTYBEES,raw_l2/trade_date=2026-07-17/exchange=NSE/symbol=NIFTYBEES/part-074256_058459-032408.parquet,real_data_sample\l2_unseen_validation\trade_date=2026-07-17\exchange=NSE\symbol=NIFTYBEES\part-074256_058459-032408.parquet,35149,downloaded,35149,
2026-07-17,NSE,NIFTYBEES,raw_l2/trade_date=2026-07-17/exchange=NSE/symbol=NIFTYBEES/part-074214_022303-032312.parquet,real_data_sample\l2_unseen_validation\trade_date=2026-07-17\exchange=NSE\symbol=NIFTYBEES\part-074214_022303-032312.parquet,35401,downloaded,35401,
2026-07-17,NSE,NIFTYBEES,raw_l2/trade_date=2026-07-17/exchange=NSE/symbol=NIFTYBEES/part-074309_929148-032440.parquet,real_data_sample\l2_unseen_validation\trade_date=2026-07-17\exchange=NSE\symbol=NIFTYBEES\part-074309_929148-032440.parquet,35462,downloaded,35462,
2026-07-17,NSE,NIFTYBEES,raw_l2/trade_date=2026-07-17/exchange=NSE/symbol=NIFTYBEES/part-074323_974259-032472.parquet,real_data_sample\l2_unseen_validation\trade_date=2026-07-17\exchange=NSE\symbol=NIFTYBEES\part-074323_974259-032472.parquet,35170,downloaded,35170,
2026-07-17,NSE,NIFTYBEES,raw_l2/trade_date=2026-07-17/exchange=NSE/symbol=NIFTYBEES/part-073606_778015-031480.parquet,real_data_sample\l2_unseen_validation\trade_date=2026-07-17\exchange=NSE\symbol=NIFTYBEES\part-073606_778015-031480.parquet,34822,downloaded,34822,
2026-07-17,NSE,NIFTYBEES,raw_l2/trade_date=2026-07-17/exchange=NSE/symbol=NIFTYBEES/part-074435_045986-032632.parquet,real_data_sample\l2_unseen_validation\trade_date=2026-07-17\exchange=NSE\symbol=NIFTYBEES\part-074435_045986-032632.parquet,34662,downloaded,34662,
2026-07-17,NSE,NIFTYBEES,raw_l2/trade_date=2026-07-17/exchange=NSE/symbol=NIFTYBEES/part-074352_691593-032536.parquet,real_data_sample\l2_unseen_validation\trade_date=2026-07-17\exchange=NSE\symbol=NIFTYBEES\part-074352_691593-032536.parquet,35208,downloaded,35208,
2026-07-17,NSE,NIFTYBEES,raw_l2/trade_date=2026-07-17/exchange=NSE/symbol=NIFTYBEES/part-074503_202856-032696.parquet,real_data_sample\l2_unseen_validation\trade_date=2026-07-17\exchange=NSE\symbol=NIFTYBEES\part-074503_202856-032696.parquet,34743,downloaded,34743,
2026-07-17,NSE,NIFTYBEES,raw_l2/trade_date=2026-07-17/exchange=NSE/symbol=NIFTYBEES/part-074448_964791-032664.parquet,real_data_sample\l2_unseen_validation\trade_date=2026-07-17\exchange=NSE\symbol=NIFTYBEES\part-074448_964791-032664.parquet,34882,downloaded,34882,
2026-07-17,NSE,NIFTYBEES,raw_l2/trade_date=2026-07-17/exchange=NSE/symbol=NIFTYBEES/part-074517_437087-032728.parquet,real_data_sample\l2_unseen_validation\trade_date=2026-07-17\exchange=NSE\symbol=NIFTYBEES\part-074517_437087-032728.parquet,34965,downloaded,34965,
2026-07-17,NSE,NIFTYBEES,raw_l2/trade_date=2026-07-17/exchange=NSE/symbol=NIFTYBEES/part-074421_016068-032600.parquet,real_data_sample\l2_unseen_validation\trade_date=2026-07-17\exchange=NSE\symbol=NIFTYBEES\part-074421_016068-032600.parquet,35028,downloaded,35028,
2026-07-17,NSE,NIFTYBEES,raw_l2/trade_date=2026-07-17/exchange=NSE/symbol=NIFTYBEES/part-074035_337003-032088.parquet,real_data_sample\l2_unseen_validation\trade_date=2026-07-17\exchange=NSE\symbol=NIFTYBEES\part-074035_337003-032088.parquet,35154,downloaded,35154,
2026-07-17,NSE,NIFTYBEES,raw_l2/trade_date=2026-07-17/exchange=NSE/symbol=NIFTYBEES/part-074049_577928-032120.parquet,real_data_sample\l2_unseen_validation\trade_date=2026-07-17\exchange=NSE\symbol=NIFTYBEES\part-074049_577928-032120.parquet,35075,downloaded,35075,
2026-07-17,NSE,NIFTYBEES,raw_l2/trade_date=2026-07-17/exchange=NSE/symbol=NIFTYBEES/part-074545_509812-032792.parquet,real_data_sample\l2_unseen_validation\trade_date=2026-07-17\exchange=NSE\symbol=NIFTYBEES\part-074545_509812-032792.parquet,35666,downloaded,35666,
2026-07-17,NSE,NIFTYBEES,raw_l2/trade_date=2026-07-17/exchange=NSE/symbol=NIFTYBEES/part-074531_536627-032760.parquet,real_data_sample\l2_unseen_validation\trade_date=2026-07-17\exchange=NSE\symbol=NIFTYBEES\part-074531_536627-032760.parquet,35069,downloaded,35069,
2026-07-17,NSE,NIFTYBEES,raw_l2/trade_date=2026-07-17/exchange=NSE/symbol=NIFTYBEES/part-074559_768373-032824.parquet,real_data_sample\l2_unseen_validation\trade_date=2026-07-17\exchange=NSE\symbol=NIFTYBEES\part-074559_768373-032824.parquet,35742,downloaded,35742,
2026-07-17,NSE,NIFTYBEES,raw_l2/trade_date=2026-07-17/exchange=NSE/symbol=NIFTYBEES/part-074614_230251-032856.parquet,real_data_sample\l2_unseen_validation\trade_date=2026-07-17\exchange=NSE\symbol=NIFTYBEES\part-074614_230251-032856.parquet,35352,downloaded,35352,
2026-07-17,NSE,NIFTYBEES,raw_l2/trade_date=2026-07-17/exchange=NSE/symbol=NIFTYBEES/part-073759_826432-031736.parquet,real_data_sample\l2_unseen_validation\trade_date=2026-07-17\exchange=NSE\symbol=NIFTYBEES\part-073759_826432-031736.parquet,35048,downloaded,35048,
2026-07-17,NSE,NIFTYBEES,raw_l2/trade_date=2026-07-17/exchange=NSE/symbol=NIFTYBEES/part-073842_156563-031832.parquet,real_data_sample\l2_unseen_validation\trade_date=2026-07-17\exchange=NSE\symbol=NIFTYBEES\part-073842_156563-031832.parquet,34570,downloaded,34570,
2026-07-17,NSE,NIFTYBEES,raw_l2/trade_date=2026-07-17/exchange=NSE/symbol=NIFTYBEES/part-073828_186597-031800.parquet,real_data_sample\l2_unseen_validation\trade_date=2026-07-17\exchange=NSE\symbol=NIFTYBEES\part-073828_186597-031800.parquet,34997,downloaded,34997,
2026-07-17,NSE,NIFTYBEES,raw_l2/trade_date=2026-07-17/exchange=NSE/symbol=NIFTYBEES/part-073813_975100-031768.parquet,real_data_sample\l2_unseen_validation\trade_date=2026-07-17\exchange=NSE\symbol=NIFTYBEES\part-073813_975100-031768.parquet,35080,downloaded,35080,
2026-07-17,NSE,NIFTYBEES,raw_l2/trade_date=2026-07-17/exchange=NSE/symbol=NIFTYBEES/part-074642_797042-032920.parquet,real_data_sample\l2_unseen_validation\trade_date=2026-07-17\exchange=NSE\symbol=NIFTYBEES\part-074642_797042-032920.parquet,35541,downloaded,35541,
2026-07-17,NSE,NIFTYBEES,raw_l2/trade_date=2026-07-17/exchange=NSE/symbol=NIFTYBEES/part-074656_856089-032952.parquet,real_data_sample\l2_unseen_validation\trade_date=2026-07-17\exchange=NSE\symbol=NIFTYBEES\part-074656_856089-032952.parquet,35438,downloaded,35438,
2026-07-17,NSE,NIFTYBEES,raw_l2/trade_date=2026-07-17/exchange=NSE/symbol=NIFTYBEES/part-074725_188466-033016.parquet,real_data_sample\l2_unseen_validation\trade_date=2026-07-17\exchange=NSE\symbol=NIFTYBEES\part-074725_188466-033016.parquet,35544,downloaded,35544,
2026-07-17,NSE,NIFTYBEES,raw_l2/trade_date=2026-07-17/exchange=NSE/symbol=NIFTYBEES/part-074628_362543-032888.parquet,real_data_sample\l2_unseen_validation\trade_date=2026-07-17\exchange=NSE\symbol=NIFTYBEES\part-074628_362543-032888.parquet,35257,downloaded,35257,
2026-07-17,NSE,NIFTYBEES,raw_l2/trade_date=2026-07-17/exchange=NSE/symbol=NIFTYBEES/part-073910_817783-031896.parquet,real_data_sample\l2_unseen_validation\trade_date=2026-07-17\exchange=NSE\symbol=NIFTYBEES\part-073910_817783-031896.parquet,34750,downloaded,34750,
2026-07-17,NSE,NIFTYBEES,raw_l2/trade_date=2026-07-17/exchange=NSE/symbol=NIFTYBEES/part-074710_896148-032984.parquet,real_data_sample\l2_unseen_validation\trade_date=2026-07-17\exchange=NSE\symbol=NIFTYBEES\part-074710_896148-032984.parquet,35591,downloaded,35591,
2026-07-17,NSE,NIFTYBEES,raw_l2/trade_date=2026-07-17/exchange=NSE/symbol=NIFTYBEES/part-074021_282739-032056.parquet,real_data_sample\l2_unseen_validation\trade_date=2026-07-17\exchange=NSE\symbol=NIFTYBEES\part-074021_282739-032056.parquet,35213,downloaded,35213,
2026-07-17,NSE,NIFTYBEES,raw_l2/trade_date=2026-07-17/exchange=NSE/symbol=NIFTYBEES/part-074753_278569-033080.parquet,real_data_sample\l2_unseen_validation\trade_date=2026-07-17\exchange=NSE\symbol=NIFTYBEES\part-074753_278569-033080.parquet,35395,downloaded,35395,
2026-07-17,NSE,NIFTYBEES,raw_l2/trade_date=2026-07-17/exchange=NSE/symbol=NIFTYBEES/part-074739_205417-033048.parquet,real_data_sample\l2_unseen_validation\trade_date=2026-07-17\exchange=NSE\symbol=NIFTYBEES\part-074739_205417-033048.parquet,35462,downloaded,35462,
2026-07-17,NSE,NIFTYBEES,raw_l2/trade_date=2026-07-17/exchange=NSE/symbol=NIFTYBEES/part-073924_749360-031928.parquet,real_data_sample\l2_unseen_validation\trade_date=2026-07-17\exchange=NSE\symbol=NIFTYBEES\part-073924_749360-031928.parquet,35181,downloaded,35181,
2026-07-17,NSE,NIFTYBEES,raw_l2/trade_date=2026-07-17/exchange=NSE/symbol=NIFTYBEES/part-074338_178379-032504.parquet,real_data_sample\l2_unseen_validation\trade_date=2026-07-17\exchange=NSE\symbol=NIFTYBEES\part-074338_178379-032504.parquet,35237,downloaded,35237,
2026-07-17,NSE,NIFTYBEES,raw_l2/trade_date=2026-07-17/exchange=NSE/symbol=NIFTYBEES/part-074835_481302-033176.parquet,real_data_sample\l2_unseen_validation\trade_date=2026-07-17\exchange=NSE\symbol=NIFTYBEES\part-074835_481302-033176.parquet,34795,downloaded,34795,
2026-07-17,NSE,NIFTYBEES,raw_l2/trade_date=2026-07-17/exchange=NSE/symbol=NIFTYBEES/part-074821_277753-033144.parquet,real_data_sample\l2_unseen_validation\trade_date=2026-07-17\exchange=NSE\symbol=NIFTYBEES\part-074821_277753-033144.parquet,34922,downloaded,34922,
2026-07-17,NSE,NIFTYBEES,raw_l2/trade_date=2026-07-17/exchange=NSE/symbol=NIFTYBEES/part-073856_497679-031864.parquet,real_data_sample\l2_unseen_validation\trade_date=2026-07-17\exchange=NSE\symbol=NIFTYBEES\part-073856_497679-031864.parquet,34636,downloaded,34636,
2026-07-17,NSE,NIFTYBEES,raw_l2/trade_date=2026-07-17/exchange=NSE/symbol=NIFTYBEES/part-073938_803578-031960.parquet,real_data_sample\l2_unseen_validation\trade_date=2026-07-17\exchange=NSE\symbol=NIFTYBEES\part-073938_803578-031960.parquet,35359,downloaded,35359,
2026-07-17,NSE,NIFTYBEES,raw_l2/trade_date=2026-07-17/exchange=NSE/symbol=NIFTYBEES/part-073952_841723-031992.parquet,real_data_sample\l2_unseen_validation\trade_date=2026-07-17\exchange=NSE\symbol=NIFTYBEES\part-073952_841723-031992.parquet,35360,downloaded,35360,
2026-07-17,NSE,NIFTYBEES,raw_l2/trade_date=2026-07-17/exchange=NSE/symbol=NIFTYBEES/part-074849_608323-033208.parquet,real_data_sample\l2_unseen_validation\trade_date=2026-07-17\exchange=NSE\symbol=NIFTYBEES\part-074849_608323-033208.parquet,34802,downloaded,34802,
2026-07-17,NSE,NIFTYBEES,raw_l2/trade_date=2026-07-17/exchange=NSE/symbol=NIFTYBEES/part-074903_782934-033240.parquet,real_data_sample\l2_unseen_validation\trade_date=2026-07-17\exchange=NSE\symbol=NIFTYBEES\part-074903_782934-033240.parquet,34728,downloaded,34728,
2026-07-17,NSE,NIFTYBEES,raw_l2/trade_date=2026-07-17/exchange=NSE/symbol=NIFTYBEES/part-074931_935896-033304.parquet,real_data_sample\l2_unseen_validation\trade_date=2026-07-17\exchange=NSE\symbol=NIFTYBEES\part-074931_935896-033304.parquet,35351,downloaded,35351,
2026-07-17,NSE,NIFTYBEES,raw_l2/trade_date=2026-07-17/exchange=NSE/symbol=NIFTYBEES/part-074918_038329-033272.parquet,real_data_sample\l2_unseen_validation\trade_date=2026-07-17\exchange=NSE\symbol=NIFTYBEES\part-074918_038329-033272.parquet,35047,downloaded,35047,
2026-07-17,NSE,NIFTYBEES,raw_l2/trade_date=2026-07-17/exchange=NSE/symbol=NIFTYBEES/part-075014_045706-033400.parquet,real_data_sample\l2_unseen_validation\trade_date=2026-07-17\exchange=NSE\symbol=NIFTYBEES\part-075014_045706-033400.parquet,35274,downloaded,35274,
2026-07-17,NSE,NIFTYBEES,raw_l2/trade_date=2026-07-17/exchange=NSE/symbol=NIFTYBEES/part-074945_992791-033336.parquet,real_data_sample\l2_unseen_validation\trade_date=2026-07-17\exchange=NSE\symbol=NIFTYBEES\part-074945_992791-033336.parquet,35075,downloaded,35075,
2026-07-17,NSE,NIFTYBEES,raw_l2/trade_date=2026-07-17/exchange=NSE/symbol=NIFTYBEES/part-075028_877868-033432.parquet,real_data_sample\l2_unseen_validation\trade_date=2026-07-17\exchange=NSE\symbol=NIFTYBEES\part-075028_877868-033432.parquet,35275,downloaded,35275,
2026-07-17,NSE,NIFTYBEES,raw_l2/trade_date=2026-07-17/exchange=NSE/symbol=NIFTYBEES/part-075111_149457-033528.parquet,real_data_sample\l2_unseen_validation\trade_date=2026-07-17\exchange=NSE\symbol=NIFTYBEES\part-075111_149457-033528.parquet,35335,downloaded,35335,
2026-07-17,NSE,NIFTYBEES,raw_l2/trade_date=2026-07-17/exchange=NSE/symbol=NIFTYBEES/part-075043_210971-033464.parquet,real_data_sample\l2_unseen_validation\trade_date=2026-07-17\exchange=NSE\symbol=NIFTYBEES\part-075043_210971-033464.parquet,35582,downloaded,35582,
2026-07-17,NSE,NIFTYBEES,raw_l2/trade_date=2026-07-17/exchange=NSE/symbol=NIFTYBEES/part-075057_309668-033496.parquet,real_data_sample\l2_unseen_validation\trade_date=2026-07-17\exchange=NSE\symbol=NIFTYBEES\part-075057_309668-033496.parquet,35506,downloaded,35506,
2026-07-17,NSE,NIFTYBEES,raw_l2/trade_date=2026-07-17/exchange=NSE/symbol=NIFTYBEES/part-075153_866071-033624.parquet,real_data_sample\l2_unseen_validation\trade_date=2026-07-17\exchange=NSE\symbol=NIFTYBEES\part-075153_866071-033624.parquet,34656,downloaded,34656,
2026-07-17,NSE,NIFTYBEES,raw_l2/trade_date=2026-07-17/exchange=NSE/symbol=NIFTYBEES/part-075347_283679-033880.parquet,real_data_sample\l2_unseen_validation\trade_date=2026-07-17\exchange=NSE\symbol=NIFTYBEES\part-075347_283679-033880.parquet,34951,downloaded,34951,
2026-07-17,NSE,NIFTYBEES,raw_l2/trade_date=2026-07-17/exchange=NSE/symbol=NIFTYBEES/part-075125_316707-033560.parquet,real_data_sample\l2_unseen_validation\trade_date=2026-07-17\exchange=NSE\symbol=NIFTYBEES\part-075125_316707-033560.parquet,34655,downloaded,34655,
2026-07-17,NSE,NIFTYBEES,raw_l2/trade_date=2026-07-17/exchange=NSE/symbol=NIFTYBEES/part-074807_292700-033112.parquet,real_data_sample\l2_unseen_validation\trade_date=2026-07-17\exchange=NSE\symbol=NIFTYBEES\part-074807_292700-033112.parquet,35245,downloaded,35245,
2026-07-17,NSE,NIFTYBEES,raw_l2/trade_date=2026-07-17/exchange=NSE/symbol=NIFTYBEES/part-075401_434412-033912.parquet,real_data_sample\l2_unseen_validation\trade_date=2026-07-17\exchange=NSE\symbol=NIFTYBEES\part-075401_434412-033912.parquet,34906,downloaded,34906,
2026-07-17,NSE,NIFTYBEES,raw_l2/trade_date=2026-07-17/exchange=NSE/symbol=NIFTYBEES/part-075139_402056-033592.parquet,real_data_sample\l2_unseen_validation\trade_date=2026-07-17\exchange=NSE\symbol=NIFTYBEES\part-075139_402056-033592.parquet,34628,downloaded,34628,
2026-07-17,NSE,NIFTYBEES,raw_l2/trade_date=2026-07-17/exchange=NSE/symbol=NIFTYBEES/part-075333_396473-033848.parquet,real_data_sample\l2_unseen_validation\trade_date=2026-07-17\exchange=NSE\symbol=NIFTYBEES\part-075333_396473-033848.parquet,34952,downloaded,34952,
2026-07-17,NSE,NIFTYBEES,raw_l2/trade_date=2026-07-17/exchange=NSE/symbol=NIFTYBEES/part-075222_237738-033688.parquet,real_data_sample\l2_unseen_validation\trade_date=2026-07-17\exchange=NSE\symbol=NIFTYBEES\part-075222_237738-033688.parquet,35189,downloaded,35189,
2026-07-17,NSE,NIFTYBEES,raw_l2/trade_date=2026-07-17/exchange=NSE/symbol=NIFTYBEES/part-075305_203085-033784.parquet,real_data_sample\l2_unseen_validation\trade_date=2026-07-17\exchange=NSE\symbol=NIFTYBEES\part-075305_203085-033784.parquet,35398,downloaded,35398,
2026-07-17,NSE,NIFTYBEES,raw_l2/trade_date=2026-07-17/exchange=NSE/symbol=NIFTYBEES/part-075250_925611-033752.parquet,real_data_sample\l2_unseen_validation\trade_date=2026-07-17\exchange=NSE\symbol=NIFTYBEES\part-075250_925611-033752.parquet,35246,downloaded,35246,
2026-07-17,NSE,NIFTYBEES,raw_l2/trade_date=2026-07-17/exchange=NSE/symbol=NIFTYBEES/part-075415_580389-033944.parquet,real_data_sample\l2_unseen_validation\trade_date=2026-07-17\exchange=NSE\symbol=NIFTYBEES\part-075415_580389-033944.parquet,34803,downloaded,34803,
2026-07-17,NSE,NIFTYBEES,raw_l2/trade_date=2026-07-17/exchange=NSE/symbol=NIFTYBEES/part-075236_407131-033720.parquet,real_data_sample\l2_unseen_validation\trade_date=2026-07-17\exchange=NSE\symbol=NIFTYBEES\part-075236_407131-033720.parquet,34996,downloaded,34996,
2026-07-17,NSE,NIFTYBEES,raw_l2/trade_date=2026-07-17/exchange=NSE/symbol=NIFTYBEES/part-075208_152660-033656.parquet,real_data_sample\l2_unseen_validation\trade_date=2026-07-17\exchange=NSE\symbol=NIFTYBEES\part-075208_152660-033656.parquet,34605,downloaded,34605,
2026-07-17,NSE,NIFTYBEES,raw_l2/trade_date=2026-07-17/exchange=NSE/symbol=NIFTYBEES/part-075319_300453-033816.parquet,real_data_sample\l2_unseen_validation\trade_date=2026-07-17\exchange=NSE\symbol=NIFTYBEES\part-075319_300453-033816.parquet,34846,downloaded,34846,
2026-07-17,NSE,NIFTYBEES,raw_l2/trade_date=2026-07-17/exchange=NSE/symbol=NIFTYBEES/part-075608_233168-034200.parquet,real_data_sample\l2_unseen_validation\trade_date=2026-07-17\exchange=NSE\symbol=NIFTYBEES\part-075608_233168-034200.parquet,35776,downloaded,35776,
2026-07-17,NSE,NIFTYBEES,raw_l2/trade_date=2026-07-17/exchange=NSE/symbol=NIFTYBEES/part-075443_748443-034008.parquet,real_data_sample\l2_unseen_validation\trade_date=2026-07-17\exchange=NSE\symbol=NIFTYBEES\part-075443_748443-034008.parquet,35458,downloaded,35458,
2026-07-17,NSE,NIFTYBEES,raw_l2/trade_date=2026-07-17/exchange=NSE/symbol=NIFTYBEES/part-075554_107567-034168.parquet,real_data_sample\l2_unseen_validation\trade_date=2026-07-17\exchange=NSE\symbol=NIFTYBEES\part-075554_107567-034168.parquet,35126,downloaded,35126,
2026-07-17,NSE,NIFTYBEES,raw_l2/trade_date=2026-07-17/exchange=NSE/symbol=NIFTYBEES/part-075622_428377-034232.parquet,real_data_sample\l2_unseen_validation\trade_date=2026-07-17\exchange=NSE\symbol=NIFTYBEES\part-075622_428377-034232.parquet,35596,downloaded,35596,
2026-07-17,NSE,NIFTYBEES,raw_l2/trade_date=2026-07-17/exchange=NSE/symbol=NIFTYBEES/part-075636_683605-034264.parquet,real_data_sample\l2_unseen_validation\trade_date=2026-07-17\exchange=NSE\symbol=NIFTYBEES\part-075636_683605-034264.parquet,35159,downloaded,35159,
2026-07-17,NSE,NIFTYBEES,raw_l2/trade_date=2026-07-17/exchange=NSE/symbol=NIFTYBEES/part-075458_021758-034040.parquet,real_data_sample\l2_unseen_validation\trade_date=2026-07-17\exchange=NSE\symbol=NIFTYBEES\part-075458_021758-034040.parquet,35633,downloaded,35633,
2026-07-17,NSE,NIFTYBEES,raw_l2/trade_date=2026-07-17/exchange=NSE/symbol=NIFTYBEES/part-074407_034310-032568.parquet,real_data_sample\l2_unseen_validation\trade_date=2026-07-17\exchange=NSE\symbol=NIFTYBEES\part-074407_034310-032568.parquet,35142,downloaded,35142,
2026-07-17,NSE,NIFTYBEES,raw_l2/trade_date=2026-07-17/exchange=NSE/symbol=NIFTYBEES/part-074959_933009-033368.parquet,real_data_sample\l2_unseen_validation\trade_date=2026-07-17\exchange=NSE\symbol=NIFTYBEES\part-074959_933009-033368.parquet,35454,downloaded,35454,
2026-07-17,NSE,NIFTYBEES,raw_l2/trade_date=2026-07-17/exchange=NSE/symbol=NIFTYBEES/part-075526_089380-034104.parquet,real_data_sample\l2_unseen_validation\trade_date=2026-07-17\exchange=NSE\symbol=NIFTYBEES\part-075526_089380-034104.parquet,35205,downloaded,35205,
2026-07-17,NSE,NIFTYBEES,raw_l2/trade_date=2026-07-17/exchange=NSE/symbol=NIFTYBEES/part-075650_913255-034296.parquet,real_data_sample\l2_unseen_validation\trade_date=2026-07-17\exchange=NSE\symbol=NIFTYBEES\part-075650_913255-034296.parquet,35303,downloaded,35303,
2026-07-17,NSE,NIFTYBEES,raw_l2/trade_date=2026-07-17/exchange=NSE/symbol=NIFTYBEES/part-075540_017857-034136.parquet,real_data_sample\l2_unseen_validation\trade_date=2026-07-17\exchange=NSE\symbol=NIFTYBEES\part-075540_017857-034136.parquet,35381,downloaded,35381,
2026-07-17,NSE,NIFTYBEES,raw_l2/trade_date=2026-07-17/exchange=NSE/symbol=NIFTYBEES/part-075512_085073-034072.parquet,real_data_sample\l2_unseen_validation\trade_date=2026-07-17\exchange=NSE\symbol=NIFTYBEES\part-075512_085073-034072.parquet,35265,downloaded,35265,
2026-07-17,NSE,NIFTYBEES,raw_l2/trade_date=2026-07-17/exchange=NSE/symbol=NIFTYBEES/part-075705_236254-034328.parquet,real_data_sample\l2_unseen_validation\trade_date=2026-07-17\exchange=NSE\symbol=NIFTYBEES\part-075705_236254-034328.parquet,35222,downloaded,35222,
2026-07-17,NSE,NIFTYBEES,raw_l2/trade_date=2026-07-17/exchange=NSE/symbol=NIFTYBEES/part-075733_977267-034392.parquet,real_data_sample\l2_unseen_validation\trade_date=2026-07-17\exchange=NSE\symbol=NIFTYBEES\part-075733_977267-034392.parquet,35565,downloaded,35565,
2026-07-17,NSE,NIFTYBEES,raw_l2/trade_date=2026-07-17/exchange=NSE/symbol=NIFTYBEES/part-075719_449598-034360.parquet,real_data_sample\l2_unseen_validation\trade_date=2026-07-17\exchange=NSE\symbol=NIFTYBEES\part-075719_449598-034360.parquet,35371,downloaded,35371,
2026-07-17,NSE,NIFTYBEES,raw_l2/trade_date=2026-07-17/exchange=NSE/symbol=NIFTYBEES/part-075748_250834-034424.parquet,real_data_sample\l2_unseen_validation\trade_date=2026-07-17\exchange=NSE\symbol=NIFTYBEES\part-075748_250834-034424.parquet,35186,downloaded,35186,
2026-07-17,NSE,NIFTYBEES,raw_l2/trade_date=2026-07-17/exchange=NSE/symbol=NIFTYBEES/part-075802_504391-034456.parquet,real_data_sample\l2_unseen_validation\trade_date=2026-07-17\exchange=NSE\symbol=NIFTYBEES\part-075802_504391-034456.parquet,35222,downloaded,35222,
2026-07-17,NSE,NIFTYBEES,raw_l2/trade_date=2026-07-17/exchange=NSE/symbol=NIFTYBEES/part-075831_402912-034520.parquet,real_data_sample\l2_unseen_validation\trade_date=2026-07-17\exchange=NSE\symbol=NIFTYBEES\part-075831_402912-034520.parquet,35384,downloaded,35384,
2026-07-17,NSE,NIFTYBEES,raw_l2/trade_date=2026-07-17/exchange=NSE/symbol=NIFTYBEES/part-075817_249393-034488.parquet,real_data_sample\l2_unseen_validation\trade_date=2026-07-17\exchange=NSE\symbol=NIFTYBEES\part-075817_249393-034488.parquet,35235,downloaded,35235,
2026-07-17,NSE,NIFTYBEES,raw_l2/trade_date=2026-07-17/exchange=NSE/symbol=NIFTYBEES/part-075429_508793-033976.parquet,real_data_sample\l2_unseen_validation\trade_date=2026-07-17\exchange=NSE\symbol=NIFTYBEES\part-075429_508793-033976.parquet,35258,downloaded,35258,
2026-07-17,NSE,NIFTYBEES,raw_l2/trade_date=2026-07-17/exchange=NSE/symbol=NIFTYBEES/part-075845_704410-034552.parquet,real_data_sample\l2_unseen_validation\trade_date=2026-07-17\exchange=NSE\symbol=NIFTYBEES\part-075845_704410-034552.parquet,35045,downloaded,35045,
2026-07-17,NSE,NIFTYBEES,raw_l2/trade_date=2026-07-17/exchange=NSE/symbol=NIFTYBEES/part-075942_778977-034680.parquet,real_data_sample\l2_unseen_validation\trade_date=2026-07-17\exchange=NSE\symbol=NIFTYBEES\part-075942_778977-034680.parquet,35299,downloaded,35299,
2026-07-17,NSE,NIFTYBEES,raw_l2/trade_date=2026-07-17/exchange=NSE/symbol=NIFTYBEES/part-075957_578655-034712.parquet,real_data_sample\l2_unseen_validation\trade_date=2026-07-17\exchange=NSE\symbol=NIFTYBEES\part-075957_578655-034712.parquet,35232,downloaded,35232,
2026-07-17,NSE,NIFTYBEES,raw_l2/trade_date=2026-07-17/exchange=NSE/symbol=NIFTYBEES/part-075914_250318-034616.parquet,real_data_sample\l2_unseen_validation\trade_date=2026-07-17\exchange=NSE\symbol=NIFTYBEES\part-075914_250318-034616.parquet,35495,downloaded,35495,
2026-07-17,NSE,NIFTYBEES,raw_l2/trade_date=2026-07-17/exchange=NSE/symbol=NIFTYBEES/part-080109_982271-034872.parquet,real_data_sample\l2_unseen_validation\trade_date=2026-07-17\exchange=NSE\symbol=NIFTYBEES\part-080109_982271-034872.parquet,35310,downloaded,35310,
2026-07-17,NSE,NIFTYBEES,raw_l2/trade_date=2026-07-17/exchange=NSE/symbol=NIFTYBEES/part-080124_129764-034904.parquet,real_data_sample\l2_unseen_validation\trade_date=2026-07-17\exchange=NSE\symbol=NIFTYBEES\part-080124_129764-034904.parquet,35095,downloaded,35095,
2026-07-17,NSE,NIFTYBEES,raw_l2/trade_date=2026-07-17/exchange=NSE/symbol=NIFTYBEES/part-080207_281397-035000.parquet,real_data_sample\l2_unseen_validation\trade_date=2026-07-17\exchange=NSE\symbol=NIFTYBEES\part-080207_281397-035000.parquet,34828,downloaded,34828,
2026-07-17,NSE,NIFTYBEES,raw_l2/trade_date=2026-07-17/exchange=NSE/symbol=NIFTYBEES/part-080152_923843-034968.parquet,real_data_sample\l2_unseen_validation\trade_date=2026-07-17\exchange=NSE\symbol=NIFTYBEES\part-080152_923843-034968.parquet,34749,downloaded,34749,
2026-07-17,NSE,NIFTYBEES,raw_l2/trade_date=2026-07-17/exchange=NSE/symbol=NIFTYBEES/part-075928_483041-034648.parquet,real_data_sample\l2_unseen_validation\trade_date=2026-07-17\exchange=NSE\symbol=NIFTYBEES\part-075928_483041-034648.parquet,35475,downloaded,35475,
2026-07-17,NSE,NIFTYBEES,raw_l2/trade_date=2026-07-17/exchange=NSE/symbol=NIFTYBEES/part-080138_440563-034936.parquet,real_data_sample\l2_unseen_validation\trade_date=2026-07-17\exchange=NSE\symbol=NIFTYBEES\part-080138_440563-034936.parquet,34650,downloaded,34650,
2026-07-17,NSE,NIFTYBEES,raw_l2/trade_date=2026-07-17/exchange=NSE/symbol=NIFTYBEES/part-080026_971990-034776.parquet,real_data_sample\l2_unseen_validation\trade_date=2026-07-17\exchange=NSE\symbol=NIFTYBEES\part-080026_971990-034776.parquet,35435,downloaded,35435,
2026-07-17,NSE,NIFTYBEES,raw_l2/trade_date=2026-07-17/exchange=NSE/symbol=NIFTYBEES/part-080041_179162-034808.parquet,real_data_sample\l2_unseen_validation\trade_date=2026-07-17\exchange=NSE\symbol=NIFTYBEES\part-080041_179162-034808.parquet,35031,downloaded,35031,
2026-07-17,NSE,NIFTYBEES,raw_l2/trade_date=2026-07-17/exchange=NSE/symbol=NIFTYBEES/part-080250_738545-035096.parquet,real_data_sample\l2_unseen_validation\trade_date=2026-07-17\exchange=NSE\symbol=NIFTYBEES\part-080250_738545-035096.parquet,35459,downloaded,35459,
2026-07-17,NSE,NIFTYBEES,raw_l2/trade_date=2026-07-17/exchange=NSE/symbol=NIFTYBEES/part-080221_347121-035032.parquet,real_data_sample\l2_unseen_validation\trade_date=2026-07-17\exchange=NSE\symbol=NIFTYBEES\part-080221_347121-035032.parquet,35324,downloaded,35324,
2026-07-17,NSE,NIFTYBEES,raw_l2/trade_date=2026-07-17/exchange=NSE/symbol=NIFTYBEES/part-080012_391270-034744.parquet,real_data_sample\l2_unseen_validation\trade_date=2026-07-17\exchange=NSE\symbol=NIFTYBEES\part-080012_391270-034744.parquet,35433,downloaded,35433,
2026-07-17,NSE,NIFTYBEES,raw_l2/trade_date=2026-07-17/exchange=NSE/symbol=NIFTYBEES/part-080055_734743-034840.parquet,real_data_sample\l2_unseen_validation\trade_date=2026-07-17\exchange=NSE\symbol=NIFTYBEES\part-080055_734743-034840.parquet,35315,downloaded,35315,
2026-07-17,NSE,NIFTYBEES,raw_l2/trade_date=2026-07-17/exchange=NSE/symbol=NIFTYBEES/part-080236_103496-035064.parquet,real_data_sample\l2_unseen_validation\trade_date=2026-07-17\exchange=NSE\symbol=NIFTYBEES\part-080236_103496-035064.parquet,35006,downloaded,35006,
2026-07-17,NSE,NIFTYBEES,raw_l2/trade_date=2026-07-17/exchange=NSE/symbol=NIFTYBEES/part-080333_606807-035192.parquet,real_data_sample\l2_unseen_validation\trade_date=2026-07-17\exchange=NSE\symbol=NIFTYBEES\part-080333_606807-035192.parquet,35394,downloaded,35394,
2026-07-17,NSE,NIFTYBEES,raw_l2/trade_date=2026-07-17/exchange=NSE/symbol=NIFTYBEES/part-080403_095101-035256.parquet,real_data_sample\l2_unseen_validation\trade_date=2026-07-17\exchange=NSE\symbol=NIFTYBEES\part-080403_095101-035256.parquet,35387,downloaded,35387,
2026-07-17,NSE,NIFTYBEES,raw_l2/trade_date=2026-07-17/exchange=NSE/symbol=NIFTYBEES/part-080503_651453-035384.parquet,real_data_sample\l2_unseen_validation\trade_date=2026-07-17\exchange=NSE\symbol=NIFTYBEES\part-080503_651453-035384.parquet,35002,downloaded,35002,
2026-07-17,NSE,NIFTYBEES,raw_l2/trade_date=2026-07-17/exchange=NSE/symbol=NIFTYBEES/part-080547_307000-035480.parquet,real_data_sample\l2_unseen_validation\trade_date=2026-07-17\exchange=NSE\symbol=NIFTYBEES\part-080547_307000-035480.parquet,35308,downloaded,35308,
2026-07-17,NSE,NIFTYBEES,raw_l2/trade_date=2026-07-17/exchange=NSE/symbol=NIFTYBEES/part-080348_350613-035224.parquet,real_data_sample\l2_unseen_validation\trade_date=2026-07-17\exchange=NSE\symbol=NIFTYBEES\part-080348_350613-035224.parquet,35386,downloaded,35386,
2026-07-17,NSE,NIFTYBEES,raw_l2/trade_date=2026-07-17/exchange=NSE/symbol=NIFTYBEES/part-080319_267595-035160.parquet,real_data_sample\l2_unseen_validation\trade_date=2026-07-17\exchange=NSE\symbol=NIFTYBEES\part-080319_267595-035160.parquet,35202,downloaded,35202,
2026-07-17,NSE,NIFTYBEES,raw_l2/trade_date=2026-07-17/exchange=NSE/symbol=NIFTYBEES/part-080601_477605-035512.parquet,real_data_sample\l2_unseen_validation\trade_date=2026-07-17\exchange=NSE\symbol=NIFTYBEES\part-080601_477605-035512.parquet,35542,downloaded,35542,
2026-07-17,NSE,NIFTYBEES,raw_l2/trade_date=2026-07-17/exchange=NSE/symbol=NIFTYBEES/part-080434_061927-035320.parquet,real_data_sample\l2_unseen_validation\trade_date=2026-07-17\exchange=NSE\symbol=NIFTYBEES\part-080434_061927-035320.parquet,34932,downloaded,34932,
2026-07-17,NSE,NIFTYBEES,raw_l2/trade_date=2026-07-17/exchange=NSE/symbol=NIFTYBEES/part-080533_157692-035448.parquet,real_data_sample\l2_unseen_validation\trade_date=2026-07-17\exchange=NSE\symbol=NIFTYBEES\part-080533_157692-035448.parquet,35166,downloaded,35166,
2026-07-17,NSE,NIFTYBEES,raw_l2/trade_date=2026-07-17/exchange=NSE/symbol=NIFTYBEES/part-080518_003887-035416.parquet,real_data_sample\l2_unseen_validation\trade_date=2026-07-17\exchange=NSE\symbol=NIFTYBEES\part-080518_003887-035416.parquet,34926,downloaded,34926,
2026-07-17,NSE,NIFTYBEES,raw_l2/trade_date=2026-07-17/exchange=NSE/symbol=NIFTYBEES/part-080449_088006-035352.parquet,real_data_sample\l2_unseen_validation\trade_date=2026-07-17\exchange=NSE\symbol=NIFTYBEES\part-080449_088006-035352.parquet,35079,downloaded,35079,
2026-07-17,NSE,NIFTYBEES,raw_l2/trade_date=2026-07-17/exchange=NSE/symbol=NIFTYBEES/part-080417_338439-035288.parquet,real_data_sample\l2_unseen_validation\trade_date=2026-07-17\exchange=NSE\symbol=NIFTYBEES\part-080417_338439-035288.parquet,35545,downloaded,35545,
2026-07-17,NSE,NIFTYBEES,raw_l2/trade_date=2026-07-17/exchange=NSE/symbol=NIFTYBEES/part-075859_949736-034584.parquet,real_data_sample\l2_unseen_validation\trade_date=2026-07-17\exchange=NSE\symbol=NIFTYBEES\part-075859_949736-034584.parquet,35161,downloaded,35161,
2026-07-17,NSE,NIFTYBEES,raw_l2/trade_date=2026-07-17/exchange=NSE/symbol=NIFTYBEES/part-080644_537502-035608.parquet,real_data_sample\l2_unseen_validation\trade_date=2026-07-17\exchange=NSE\symbol=NIFTYBEES\part-080644_537502-035608.parquet,34598,downloaded,34598,
2026-07-17,NSE,NIFTYBEES,raw_l2/trade_date=2026-07-17/exchange=NSE/symbol=NIFTYBEES/part-080658_998454-035640.parquet,real_data_sample\l2_unseen_validation\trade_date=2026-07-17\exchange=NSE\symbol=NIFTYBEES\part-080658_998454-035640.parquet,34634,downloaded,34634,
2026-07-17,NSE,NIFTYBEES,raw_l2/trade_date=2026-07-17/exchange=NSE/symbol=NIFTYBEES/part-080630_203288-035576.parquet,real_data_sample\l2_unseen_validation\trade_date=2026-07-17\exchange=NSE\symbol=NIFTYBEES\part-080630_203288-035576.parquet,34626,downloaded,34626,
2026-07-17,NSE,NIFTYBEES,raw_l2/trade_date=2026-07-17/exchange=NSE/symbol=NIFTYBEES/part-080713_801748-035672.parquet,real_data_sample\l2_unseen_validation\trade_date=2026-07-17\exchange=NSE\symbol=NIFTYBEES\part-080713_801748-035672.parquet,34935,downloaded,34935,
2026-07-17,NSE,NIFTYBEES,raw_l2/trade_date=2026-07-17/exchange=NSE/symbol=NIFTYBEES/part-080727_953665-035704.parquet,real_data_sample\l2_unseen_validation\trade_date=2026-07-17\exchange=NSE\symbol=NIFTYBEES\part-080727_953665-035704.parquet,35790,downloaded,35790,
2026-07-17,NSE,NIFTYBEES,raw_l2/trade_date=2026-07-17/exchange=NSE/symbol=NIFTYBEES/part-080757_307744-035768.parquet,real_data_sample\l2_unseen_validation\trade_date=2026-07-17\exchange=NSE\symbol=NIFTYBEES\part-080757_307744-035768.parquet,35141,downloaded,35141,
2026-07-17,NSE,NIFTYBEES,raw_l2/trade_date=2026-07-17/exchange=NSE/symbol=NIFTYBEES/part-080812_054735-035800.parquet,real_data_sample\l2_unseen_validation\trade_date=2026-07-17\exchange=NSE\symbol=NIFTYBEES\part-080812_054735-035800.parquet,35376,downloaded,35376,
2026-07-17,NSE,NIFTYBEES,raw_l2/trade_date=2026-07-17/exchange=NSE/symbol=NIFTYBEES/part-080742_475769-035736.parquet,real_data_sample\l2_unseen_validation\trade_date=2026-07-17\exchange=NSE\symbol=NIFTYBEES\part-080742_475769-035736.parquet,35554,downloaded,35554,
2026-07-17,NSE,NIFTYBEES,raw_l2/trade_date=2026-07-17/exchange=NSE/symbol=NIFTYBEES/part-080826_417849-035832.parquet,real_data_sample\l2_unseen_validation\trade_date=2026-07-17\exchange=NSE\symbol=NIFTYBEES\part-080826_417849-035832.parquet,35233,downloaded,35233,
2026-07-17,NSE,NIFTYBEES,raw_l2/trade_date=2026-07-17/exchange=NSE/symbol=NIFTYBEES/part-080841_118477-035864.parquet,real_data_sample\l2_unseen_validation\trade_date=2026-07-17\exchange=NSE\symbol=NIFTYBEES\part-080841_118477-035864.parquet,35253,downloaded,35253,
2026-07-17,NSE,NIFTYBEES,raw_l2/trade_date=2026-07-17/exchange=NSE/symbol=NIFTYBEES/part-080939_955773-035992.parquet,real_data_sample\l2_unseen_validation\trade_date=2026-07-17\exchange=NSE\symbol=NIFTYBEES\part-080939_955773-035992.parquet,35462,downloaded,35462,
2026-07-17,NSE,NIFTYBEES,raw_l2/trade_date=2026-07-17/exchange=NSE/symbol=NIFTYBEES/part-080855_730108-035896.parquet,real_data_sample\l2_unseen_validation\trade_date=2026-07-17\exchange=NSE\symbol=NIFTYBEES\part-080855_730108-035896.parquet,35091,downloaded,35091,
2026-07-17,NSE,NIFTYBEES,raw_l2/trade_date=2026-07-17/exchange=NSE/symbol=NIFTYBEES/part-080925_348283-035960.parquet,real_data_sample\l2_unseen_validation\trade_date=2026-07-17\exchange=NSE\symbol=NIFTYBEES\part-080925_348283-035960.parquet,35328,downloaded,35328,
2026-07-17,NSE,NIFTYBEES,raw_l2/trade_date=2026-07-17/exchange=NSE/symbol=NIFTYBEES/part-081009_644877-036056.parquet,real_data_sample\l2_unseen_validation\trade_date=2026-07-17\exchange=NSE\symbol=NIFTYBEES\part-081009_644877-036056.parquet,35448,downloaded,35448,
2026-07-17,NSE,NIFTYBEES,raw_l2/trade_date=2026-07-17/exchange=NSE/symbol=NIFTYBEES/part-081024_696299-036088.parquet,real_data_sample\l2_unseen_validation\trade_date=2026-07-17\exchange=NSE\symbol=NIFTYBEES\part-081024_696299-036088.parquet,35057,downloaded,35057,
2026-07-17,NSE,NIFTYBEES,raw_l2/trade_date=2026-07-17/exchange=NSE/symbol=NIFTYBEES/part-080910_293677-035928.parquet,real_data_sample\l2_unseen_validation\trade_date=2026-07-17\exchange=NSE\symbol=NIFTYBEES\part-080910_293677-035928.parquet,35331,downloaded,35331,
2026-07-17,NSE,NIFTYBEES,raw_l2/trade_date=2026-07-17/exchange=NSE/symbol=NIFTYBEES/part-081039_108493-036120.parquet,real_data_sample\l2_unseen_validation\trade_date=2026-07-17\exchange=NSE\symbol=NIFTYBEES\part-081039_108493-036120.parquet,34728,downloaded,34728,
2026-07-17,NSE,NIFTYBEES,raw_l2/trade_date=2026-07-17/exchange=NSE/symbol=NIFTYBEES/part-080954_562875-036024.parquet,real_data_sample\l2_unseen_validation\trade_date=2026-07-17\exchange=NSE\symbol=NIFTYBEES\part-080954_562875-036024.parquet,35224,downloaded,35224,
2026-07-17,NSE,NIFTYBEES,raw_l2/trade_date=2026-07-17/exchange=NSE/symbol=NIFTYBEES/part-081121_525004-036216.parquet,real_data_sample\l2_unseen_validation\trade_date=2026-07-17\exchange=NSE\symbol=NIFTYBEES\part-081121_525004-036216.parquet,35227,downloaded,35227,
2026-07-17,NSE,NIFTYBEES,raw_l2/trade_date=2026-07-17/exchange=NSE/symbol=NIFTYBEES/part-081053_342780-036152.parquet,real_data_sample\l2_unseen_validation\trade_date=2026-07-17\exchange=NSE\symbol=NIFTYBEES\part-081053_342780-036152.parquet,34681,downloaded,34681,
2026-07-17,NSE,NIFTYBEES,raw_l2/trade_date=2026-07-17/exchange=NSE/symbol=NIFTYBEES/part-081107_388518-036184.parquet,real_data_sample\l2_unseen_validation\trade_date=2026-07-17\exchange=NSE\symbol=NIFTYBEES\part-081107_388518-036184.parquet,34489,downloaded,34489,
2026-07-17,NSE,NIFTYBEES,raw_l2/trade_date=2026-07-17/exchange=NSE/symbol=NIFTYBEES/part-081246_653718-036408.parquet,real_data_sample\l2_unseen_validation\trade_date=2026-07-17\exchange=NSE\symbol=NIFTYBEES\part-081246_653718-036408.parquet,35495,downloaded,35495,
2026-07-17,NSE,NIFTYBEES,raw_l2/trade_date=2026-07-17/exchange=NSE/symbol=NIFTYBEES/part-081217_957539-036344.parquet,real_data_sample\l2_unseen_validation\trade_date=2026-07-17\exchange=NSE\symbol=NIFTYBEES\part-081217_957539-036344.parquet,35543,downloaded,35543,
2026-07-17,NSE,NIFTYBEES,raw_l2/trade_date=2026-07-17/exchange=NSE/symbol=NIFTYBEES/part-081232_298877-036376.parquet,real_data_sample\l2_unseen_validation\trade_date=2026-07-17\exchange=NSE\symbol=NIFTYBEES\part-081232_298877-036376.parquet,35159,downloaded,35159,
2026-07-17,NSE,NIFTYBEES,raw_l2/trade_date=2026-07-17/exchange=NSE/symbol=NIFTYBEES/part-081301_508264-036440.parquet,real_data_sample\l2_unseen_validation\trade_date=2026-07-17\exchange=NSE\symbol=NIFTYBEES\part-081301_508264-036440.parquet,35062,downloaded,35062,
2026-07-17,NSE,NIFTYBEES,raw_l2/trade_date=2026-07-17/exchange=NSE/symbol=NIFTYBEES/part-081135_508908-036248.parquet,real_data_sample\l2_unseen_validation\trade_date=2026-07-17\exchange=NSE\symbol=NIFTYBEES\part-081135_508908-036248.parquet,35879,downloaded,35879,
2026-07-17,NSE,NIFTYBEES,raw_l2/trade_date=2026-07-17/exchange=NSE/symbol=NIFTYBEES/part-081149_715755-036280.parquet,real_data_sample\l2_unseen_validation\trade_date=2026-07-17\exchange=NSE\symbol=NIFTYBEES\part-081149_715755-036280.parquet,35598,downloaded,35598,
2026-07-17,NSE,NIFTYBEES,raw_l2/trade_date=2026-07-17/exchange=NSE/symbol=NIFTYBEES/part-081203_922795-036312.parquet,real_data_sample\l2_unseen_validation\trade_date=2026-07-17\exchange=NSE\symbol=NIFTYBEES\part-081203_922795-036312.parquet,35144,downloaded,35144,
2026-07-17,NSE,NIFTYBEES,raw_l2/trade_date=2026-07-17/exchange=NSE/symbol=NIFTYBEES/part-080615_687141-035544.parquet,real_data_sample\l2_unseen_validation\trade_date=2026-07-17\exchange=NSE\symbol=NIFTYBEES\part-080615_687141-035544.parquet,35345,downloaded,35345,
2026-07-17,NSE,NIFTYBEES,raw_l2/trade_date=2026-07-17/exchange=NSE/symbol=NIFTYBEES/part-081358_738309-036568.parquet,real_data_sample\l2_unseen_validation\trade_date=2026-07-17\exchange=NSE\symbol=NIFTYBEES\part-081358_738309-036568.parquet,35271,downloaded,35271,
2026-07-17,NSE,NIFTYBEES,raw_l2/trade_date=2026-07-17/exchange=NSE/symbol=NIFTYBEES/part-081344_362913-036536.parquet,real_data_sample\l2_unseen_validation\trade_date=2026-07-17\exchange=NSE\symbol=NIFTYBEES\part-081344_362913-036536.parquet,35495,downloaded,35495,
2026-07-17,NSE,NIFTYBEES,raw_l2/trade_date=2026-07-17/exchange=NSE/symbol=NIFTYBEES/part-081427_159492-036632.parquet,real_data_sample\l2_unseen_validation\trade_date=2026-07-17\exchange=NSE\symbol=NIFTYBEES\part-081427_159492-036632.parquet,35307,downloaded,35307,
2026-07-17,NSE,NIFTYBEES,raw_l2/trade_date=2026-07-17/exchange=NSE/symbol=NIFTYBEES/part-081316_135437-036472.parquet,real_data_sample\l2_unseen_validation\trade_date=2026-07-17\exchange=NSE\symbol=NIFTYBEES\part-081316_135437-036472.parquet,35457,downloaded,35457,
2026-07-17,NSE,NIFTYBEES,raw_l2/trade_date=2026-07-17/exchange=NSE/symbol=NIFTYBEES/part-081441_390507-036664.parquet,real_data_sample\l2_unseen_validation\trade_date=2026-07-17\exchange=NSE\symbol=NIFTYBEES\part-081441_390507-036664.parquet,35675,downloaded,35675,
2026-07-17,NSE,NIFTYBEES,raw_l2/trade_date=2026-07-17/exchange=NSE/symbol=NIFTYBEES/part-081413_008732-036600.parquet,real_data_sample\l2_unseen_validation\trade_date=2026-07-17\exchange=NSE\symbol=NIFTYBEES\part-081413_008732-036600.parquet,35148,downloaded,35148,
2026-07-17,NSE,NIFTYBEES,raw_l2/trade_date=2026-07-17/exchange=NSE/symbol=NIFTYBEES/part-081509_407364-036728.parquet,real_data_sample\l2_unseen_validation\trade_date=2026-07-17\exchange=NSE\symbol=NIFTYBEES\part-081509_407364-036728.parquet,35179,downloaded,35179,
2026-07-17,NSE,NIFTYBEES,raw_l2/trade_date=2026-07-17/exchange=NSE/symbol=NIFTYBEES/part-081455_257787-036696.parquet,real_data_sample\l2_unseen_validation\trade_date=2026-07-17\exchange=NSE\symbol=NIFTYBEES\part-081455_257787-036696.parquet,35341,downloaded,35341,
2026-07-17,NSE,NIFTYBEES,raw_l2/trade_date=2026-07-17/exchange=NSE/symbol=NIFTYBEES/part-081551_492353-036824.parquet,real_data_sample\l2_unseen_validation\trade_date=2026-07-17\exchange=NSE\symbol=NIFTYBEES\part-081551_492353-036824.parquet,35248,downloaded,35248,
2026-07-17,NSE,NIFTYBEES,raw_l2/trade_date=2026-07-17/exchange=NSE/symbol=NIFTYBEES/part-081523_604844-036760.parquet,real_data_sample\l2_unseen_validation\trade_date=2026-07-17\exchange=NSE\symbol=NIFTYBEES\part-081523_604844-036760.parquet,35127,downloaded,35127,
2026-07-17,NSE,NIFTYBEES,raw_l2/trade_date=2026-07-17/exchange=NSE/symbol=NIFTYBEES/part-081605_622127-036856.parquet,real_data_sample\l2_unseen_validation\trade_date=2026-07-17\exchange=NSE\symbol=NIFTYBEES\part-081605_622127-036856.parquet,35070,downloaded,35070,
2026-07-17,NSE,NIFTYBEES,raw_l2/trade_date=2026-07-17/exchange=NSE/symbol=NIFTYBEES/part-081619_530120-036888.parquet,real_data_sample\l2_unseen_validation\trade_date=2026-07-17\exchange=NSE\symbol=NIFTYBEES\part-081619_530120-036888.parquet,35253,downloaded,35253,
2026-07-17,NSE,NIFTYBEES,raw_l2/trade_date=2026-07-17/exchange=NSE/symbol=NIFTYBEES/part-081537_605859-036792.parquet,real_data_sample\l2_unseen_validation\trade_date=2026-07-17\exchange=NSE\symbol=NIFTYBEES\part-081537_605859-036792.parquet,35003,downloaded,35003,
2026-07-17,NSE,NIFTYBEES,raw_l2/trade_date=2026-07-17/exchange=NSE/symbol=NIFTYBEES/part-081701_816923-036984.parquet,real_data_sample\l2_unseen_validation\trade_date=2026-07-17\exchange=NSE\symbol=NIFTYBEES\part-081701_816923-036984.parquet,35213,downloaded,35213,
2026-07-17,NSE,NIFTYBEES,raw_l2/trade_date=2026-07-17/exchange=NSE/symbol=NIFTYBEES/part-081730_927191-037048.parquet,real_data_sample\l2_unseen_validation\trade_date=2026-07-17\exchange=NSE\symbol=NIFTYBEES\part-081730_927191-037048.parquet,34841,downloaded,34841,
2026-07-17,NSE,NIFTYBEES,raw_l2/trade_date=2026-07-17/exchange=NSE/symbol=NIFTYBEES/part-081633_591874-036920.parquet,real_data_sample\l2_unseen_validation\trade_date=2026-07-17\exchange=NSE\symbol=NIFTYBEES\part-081633_591874-036920.parquet,35275,downloaded,35275,
2026-07-17,NSE,NIFTYBEES,raw_l2/trade_date=2026-07-17/exchange=NSE/symbol=NIFTYBEES/part-081745_028926-037080.parquet,real_data_sample\l2_unseen_validation\trade_date=2026-07-17\exchange=NSE\symbol=NIFTYBEES\part-081745_028926-037080.parquet,35009,downloaded,35009,
2026-07-17,NSE,NIFTYBEES,raw_l2/trade_date=2026-07-17/exchange=NSE/symbol=NIFTYBEES/part-081759_372421-037112.parquet,real_data_sample\l2_unseen_validation\trade_date=2026-07-17\exchange=NSE\symbol=NIFTYBEES\part-081759_372421-037112.parquet,34888,downloaded,34888,
2026-07-17,NSE,NIFTYBEES,raw_l2/trade_date=2026-07-17/exchange=NSE/symbol=NIFTYBEES/part-081716_121464-037016.parquet,real_data_sample\l2_unseen_validation\trade_date=2026-07-17\exchange=NSE\symbol=NIFTYBEES\part-081716_121464-037016.parquet,35056,downloaded,35056,
2026-07-17,NSE,NIFTYBEES,raw_l2/trade_date=2026-07-17/exchange=NSE/symbol=NIFTYBEES/part-081647_712442-036952.parquet,real_data_sample\l2_unseen_validation\trade_date=2026-07-17\exchange=NSE\symbol=NIFTYBEES\part-081647_712442-036952.parquet,35312,downloaded,35312,
2026-07-17,NSE,NIFTYBEES,raw_l2/trade_date=2026-07-17/exchange=NSE/symbol=NIFTYBEES/part-081330_156529-036504.parquet,real_data_sample\l2_unseen_validation\trade_date=2026-07-17\exchange=NSE\symbol=NIFTYBEES\part-081330_156529-036504.parquet,35507,downloaded,35507,
2026-07-17,NSE,NIFTYBEES,raw_l2/trade_date=2026-07-17/exchange=NSE/symbol=NIFTYBEES/part-081856_881646-037240.parquet,real_data_sample\l2_unseen_validation\trade_date=2026-07-17\exchange=NSE\symbol=NIFTYBEES\part-081856_881646-037240.parquet,35569,downloaded,35569,
2026-07-17,NSE,NIFTYBEES,raw_l2/trade_date=2026-07-17/exchange=NSE/symbol=NIFTYBEES/part-081939_606307-037336.parquet,real_data_sample\l2_unseen_validation\trade_date=2026-07-17\exchange=NSE\symbol=NIFTYBEES\part-081939_606307-037336.parquet,35210,downloaded,35210,
2026-07-17,NSE,NIFTYBEES,raw_l2/trade_date=2026-07-17/exchange=NSE/symbol=NIFTYBEES/part-081925_247736-037304.parquet,real_data_sample\l2_unseen_validation\trade_date=2026-07-17\exchange=NSE\symbol=NIFTYBEES\part-081925_247736-037304.parquet,35316,downloaded,35316,
2026-07-17,NSE,NIFTYBEES,raw_l2/trade_date=2026-07-17/exchange=NSE/symbol=NIFTYBEES/part-082007_838499-037400.parquet,real_data_sample\l2_unseen_validation\trade_date=2026-07-17\exchange=NSE\symbol=NIFTYBEES\part-082007_838499-037400.parquet,35304,downloaded,35304,
2026-07-17,NSE,NIFTYBEES,raw_l2/trade_date=2026-07-17/exchange=NSE/symbol=NIFTYBEES/part-081910_886044-037272.parquet,real_data_sample\l2_unseen_validation\trade_date=2026-07-17\exchange=NSE\symbol=NIFTYBEES\part-081910_886044-037272.parquet,34802,downloaded,34802,
2026-07-17,NSE,NIFTYBEES,raw_l2/trade_date=2026-07-17/exchange=NSE/symbol=NIFTYBEES/part-080304_951975-035128.parquet,real_data_sample\l2_unseen_validation\trade_date=2026-07-17\exchange=NSE\symbol=NIFTYBEES\part-080304_951975-035128.parquet,35494,downloaded,35494,
2026-07-17,NSE,NIFTYBEES,raw_l2/trade_date=2026-07-17/exchange=NSE/symbol=NIFTYBEES/part-081953_850283-037368.parquet,real_data_sample\l2_unseen_validation\trade_date=2026-07-17\exchange=NSE\symbol=NIFTYBEES\part-081953_850283-037368.parquet,34947,downloaded,34947,
2026-07-17,NSE,NIFTYBEES,raw_l2/trade_date=2026-07-17/exchange=NSE/symbol=NIFTYBEES/part-081813_933944-037144.parquet,real_data_sample\l2_unseen_validation\trade_date=2026-07-17\exchange=NSE\symbol=NIFTYBEES\part-081813_933944-037144.parquet,34499,downloaded,34499,
2026-07-17,NSE,NIFTYBEES,raw_l2/trade_date=2026-07-17/exchange=NSE/symbol=NIFTYBEES/part-081842_882072-037208.parquet,real_data_sample\l2_unseen_validation\trade_date=2026-07-17\exchange=NSE\symbol=NIFTYBEES\part-081842_882072-037208.parquet,35847,downloaded,35847,
2026-07-17,NSE,NIFTYBEES,raw_l2/trade_date=2026-07-17/exchange=NSE/symbol=NIFTYBEES/part-081828_143771-037176.parquet,real_data_sample\l2_unseen_validation\trade_date=2026-07-17\exchange=NSE\symbol=NIFTYBEES\part-081828_143771-037176.parquet,35502,downloaded,35502,
2026-07-17,NSE,NIFTYBEES,raw_l2/trade_date=2026-07-17/exchange=NSE/symbol=NIFTYBEES/part-082051_990249-037496.parquet,real_data_sample\l2_unseen_validation\trade_date=2026-07-17\exchange=NSE\symbol=NIFTYBEES\part-082051_990249-037496.parquet,34853,downloaded,34853,
2026-07-17,NSE,NIFTYBEES,raw_l2/trade_date=2026-07-17/exchange=NSE/symbol=NIFTYBEES/part-082149_125070-037624.parquet,real_data_sample\l2_unseen_validation\trade_date=2026-07-17\exchange=NSE\symbol=NIFTYBEES\part-082149_125070-037624.parquet,35461,downloaded,35461,
2026-07-17,NSE,NIFTYBEES,raw_l2/trade_date=2026-07-17/exchange=NSE/symbol=NIFTYBEES/part-082135_104726-037592.parquet,real_data_sample\l2_unseen_validation\trade_date=2026-07-17\exchange=NSE\symbol=NIFTYBEES\part-082135_104726-037592.parquet,35580,downloaded,35580,
2026-07-17,NSE,NIFTYBEES,raw_l2/trade_date=2026-07-17/exchange=NSE/symbol=NIFTYBEES/part-082036_629244-037464.parquet,real_data_sample\l2_unseen_validation\trade_date=2026-07-17\exchange=NSE\symbol=NIFTYBEES\part-082036_629244-037464.parquet,34422,downloaded,34422,
2026-07-17,NSE,NIFTYBEES,raw_l2/trade_date=2026-07-17/exchange=NSE/symbol=NIFTYBEES/part-082120_726564-037560.parquet,real_data_sample\l2_unseen_validation\trade_date=2026-07-17\exchange=NSE\symbol=NIFTYBEES\part-082120_726564-037560.parquet,35341,downloaded,35341,
2026-07-17,NSE,NIFTYBEES,raw_l2/trade_date=2026-07-17/exchange=NSE/symbol=NIFTYBEES/part-082217_483780-037688.parquet,real_data_sample\l2_unseen_validation\trade_date=2026-07-17\exchange=NSE\symbol=NIFTYBEES\part-082217_483780-037688.parquet,35390,downloaded,35390,
2026-07-17,NSE,NIFTYBEES,raw_l2/trade_date=2026-07-17/exchange=NSE/symbol=NIFTYBEES/part-082106_366427-037528.parquet,real_data_sample\l2_unseen_validation\trade_date=2026-07-17\exchange=NSE\symbol=NIFTYBEES\part-082106_366427-037528.parquet,34840,downloaded,34840,
2026-07-17,NSE,NIFTYBEES,raw_l2/trade_date=2026-07-17/exchange=NSE/symbol=NIFTYBEES/part-082203_411816-037656.parquet,real_data_sample\l2_unseen_validation\trade_date=2026-07-17\exchange=NSE\symbol=NIFTYBEES\part-082203_411816-037656.parquet,35266,downloaded,35266,
2026-07-17,NSE,NIFTYBEES,raw_l2/trade_date=2026-07-17/exchange=NSE/symbol=NIFTYBEES/part-082231_660414-037720.parquet,real_data_sample\l2_unseen_validation\trade_date=2026-07-17\exchange=NSE\symbol=NIFTYBEES\part-082231_660414-037720.parquet,35736,downloaded,35736,
2026-07-17,NSE,NIFTYBEES,raw_l2/trade_date=2026-07-17/exchange=NSE/symbol=NIFTYBEES/part-082259_934663-037784.parquet,real_data_sample\l2_unseen_validation\trade_date=2026-07-17\exchange=NSE\symbol=NIFTYBEES\part-082259_934663-037784.parquet,35119,downloaded,35119,
2026-07-17,NSE,NIFTYBEES,raw_l2/trade_date=2026-07-17/exchange=NSE/symbol=NIFTYBEES/part-082314_584860-037816.parquet,real_data_sample\l2_unseen_validation\trade_date=2026-07-17\exchange=NSE\symbol=NIFTYBEES\part-082314_584860-037816.parquet,35098,downloaded,35098,
2026-07-17,NSE,NIFTYBEES,raw_l2/trade_date=2026-07-17/exchange=NSE/symbol=NIFTYBEES/part-082245_820826-037752.parquet,real_data_sample\l2_unseen_validation\trade_date=2026-07-17\exchange=NSE\symbol=NIFTYBEES\part-082245_820826-037752.parquet,35654,downloaded,35654,
2026-07-17,NSE,NIFTYBEES,raw_l2/trade_date=2026-07-17/exchange=NSE/symbol=NIFTYBEES/part-082410_995078-037944.parquet,real_data_sample\l2_unseen_validation\trade_date=2026-07-17\exchange=NSE\symbol=NIFTYBEES\part-082410_995078-037944.parquet,35135,downloaded,35135,
2026-07-17,NSE,NIFTYBEES,raw_l2/trade_date=2026-07-17/exchange=NSE/symbol=NIFTYBEES/part-082356_813020-037912.parquet,real_data_sample\l2_unseen_validation\trade_date=2026-07-17\exchange=NSE\symbol=NIFTYBEES\part-082356_813020-037912.parquet,35182,downloaded,35182,
2026-07-17,NSE,NIFTYBEES,raw_l2/trade_date=2026-07-17/exchange=NSE/symbol=NIFTYBEES/part-082342_738344-037880.parquet,real_data_sample\l2_unseen_validation\trade_date=2026-07-17\exchange=NSE\symbol=NIFTYBEES\part-082342_738344-037880.parquet,35109,downloaded,35109,
2026-07-17,NSE,NIFTYBEES,raw_l2/trade_date=2026-07-17/exchange=NSE/symbol=NIFTYBEES/part-082328_718272-037848.parquet,real_data_sample\l2_unseen_validation\trade_date=2026-07-17\exchange=NSE\symbol=NIFTYBEES\part-082328_718272-037848.parquet,34973,downloaded,34973,
2026-07-17,NSE,NIFTYBEES,raw_l2/trade_date=2026-07-17/exchange=NSE/symbol=NIFTYBEES/part-082425_161322-037976.parquet,real_data_sample\l2_unseen_validation\trade_date=2026-07-17\exchange=NSE\symbol=NIFTYBEES\part-082425_161322-037976.parquet,35647,downloaded,35647,
2026-07-17,NSE,NIFTYBEES,raw_l2/trade_date=2026-07-17/exchange=NSE/symbol=NIFTYBEES/part-082439_151463-038008.parquet,real_data_sample\l2_unseen_validation\trade_date=2026-07-17\exchange=NSE\symbol=NIFTYBEES\part-082439_151463-038008.parquet,35476,downloaded,35476,
2026-07-17,NSE,NIFTYBEES,raw_l2/trade_date=2026-07-17/exchange=NSE/symbol=NIFTYBEES/part-082550_313300-038168.parquet,real_data_sample\l2_unseen_validation\trade_date=2026-07-17\exchange=NSE\symbol=NIFTYBEES\part-082550_313300-038168.parquet,35183,downloaded,35183,
2026-07-17,NSE,NIFTYBEES,raw_l2/trade_date=2026-07-17/exchange=NSE/symbol=NIFTYBEES/part-082604_704585-038200.parquet,real_data_sample\l2_unseen_validation\trade_date=2026-07-17\exchange=NSE\symbol=NIFTYBEES\part-082604_704585-038200.parquet,35049,downloaded,35049,
2026-07-17,NSE,NIFTYBEES,raw_l2/trade_date=2026-07-17/exchange=NSE/symbol=NIFTYBEES/part-082535_800507-038136.parquet,real_data_sample\l2_unseen_validation\trade_date=2026-07-17\exchange=NSE\symbol=NIFTYBEES\part-082535_800507-038136.parquet,35283,downloaded,35283,
2026-07-17,NSE,NIFTYBEES,raw_l2/trade_date=2026-07-17/exchange=NSE/symbol=NIFTYBEES/part-082022_255128-037432.parquet,real_data_sample\l2_unseen_validation\trade_date=2026-07-17\exchange=NSE\symbol=NIFTYBEES\part-082022_255128-037432.parquet,35037,downloaded,35037,
2026-07-17,NSE,NIFTYBEES,raw_l2/trade_date=2026-07-17/exchange=NSE/symbol=NIFTYBEES/part-082633_566451-038264.parquet,real_data_sample\l2_unseen_validation\trade_date=2026-07-17\exchange=NSE\symbol=NIFTYBEES\part-082633_566451-038264.parquet,35380,downloaded,35380,
2026-07-17,NSE,NIFTYBEES,raw_l2/trade_date=2026-07-17/exchange=NSE/symbol=NIFTYBEES/part-082618_976388-038232.parquet,real_data_sample\l2_unseen_validation\trade_date=2026-07-17\exchange=NSE\symbol=NIFTYBEES\part-082618_976388-038232.parquet,35176,downloaded,35176,
2026-07-17,NSE,NIFTYBEES,raw_l2/trade_date=2026-07-17/exchange=NSE/symbol=NIFTYBEES/part-082521_501990-038104.parquet,real_data_sample\l2_unseen_validation\trade_date=2026-07-17\exchange=NSE\symbol=NIFTYBEES\part-082521_501990-038104.parquet,35231,downloaded,35231,
2026-07-17,NSE,NIFTYBEES,raw_l2/trade_date=2026-07-17/exchange=NSE/symbol=NIFTYBEES/part-082453_324809-038040.parquet,real_data_sample\l2_unseen_validation\trade_date=2026-07-17\exchange=NSE\symbol=NIFTYBEES\part-082453_324809-038040.parquet,35300,downloaded,35300,
2026-07-17,NSE,NIFTYBEES,raw_l2/trade_date=2026-07-17/exchange=NSE/symbol=NIFTYBEES/part-082507_376165-038072.parquet,real_data_sample\l2_unseen_validation\trade_date=2026-07-17\exchange=NSE\symbol=NIFTYBEES\part-082507_376165-038072.parquet,35341,downloaded,35341,
2026-07-17,NSE,NIFTYBEES,raw_l2/trade_date=2026-07-17/exchange=NSE/symbol=NIFTYBEES/part-082701_653661-038328.parquet,real_data_sample\l2_unseen_validation\trade_date=2026-07-17\exchange=NSE\symbol=NIFTYBEES\part-082701_653661-038328.parquet,35135,downloaded,35135,
2026-07-17,NSE,NIFTYBEES,raw_l2/trade_date=2026-07-17/exchange=NSE/symbol=NIFTYBEES/part-082716_108921-038360.parquet,real_data_sample\l2_unseen_validation\trade_date=2026-07-17\exchange=NSE\symbol=NIFTYBEES\part-082716_108921-038360.parquet,35205,downloaded,35205,
2026-07-17,NSE,NIFTYBEES,raw_l2/trade_date=2026-07-17/exchange=NSE/symbol=NIFTYBEES/part-082744_481838-038424.parquet,real_data_sample\l2_unseen_validation\trade_date=2026-07-17\exchange=NSE\symbol=NIFTYBEES\part-082744_481838-038424.parquet,35382,downloaded,35382,
2026-07-17,NSE,NIFTYBEES,raw_l2/trade_date=2026-07-17/exchange=NSE/symbol=NIFTYBEES/part-082758_869105-038456.parquet,real_data_sample\l2_unseen_validation\trade_date=2026-07-17\exchange=NSE\symbol=NIFTYBEES\part-082758_869105-038456.parquet,35290,downloaded,35290,
2026-07-17,NSE,NIFTYBEES,raw_l2/trade_date=2026-07-17/exchange=NSE/symbol=NIFTYBEES/part-082730_151051-038392.parquet,real_data_sample\l2_unseen_validation\trade_date=2026-07-17\exchange=NSE\symbol=NIFTYBEES\part-082730_151051-038392.parquet,35427,downloaded,35427,
2026-07-17,NSE,NIFTYBEES,raw_l2/trade_date=2026-07-17/exchange=NSE/symbol=NIFTYBEES/part-082911_411717-038616.parquet,real_data_sample\l2_unseen_validation\trade_date=2026-07-17\exchange=NSE\symbol=NIFTYBEES\part-082911_411717-038616.parquet,34967,downloaded,34967,
2026-07-17,NSE,NIFTYBEES,raw_l2/trade_date=2026-07-17/exchange=NSE/symbol=NIFTYBEES/part-082842_351946-038552.parquet,real_data_sample\l2_unseen_validation\trade_date=2026-07-17\exchange=NSE\symbol=NIFTYBEES\part-082842_351946-038552.parquet,34981,downloaded,34981,
2026-07-17,NSE,NIFTYBEES,raw_l2/trade_date=2026-07-17/exchange=NSE/symbol=NIFTYBEES/part-082925_929294-038648.parquet,real_data_sample\l2_unseen_validation\trade_date=2026-07-17\exchange=NSE\symbol=NIFTYBEES\part-082925_929294-038648.parquet,34801,downloaded,34801,
2026-07-17,NSE,NIFTYBEES,raw_l2/trade_date=2026-07-17/exchange=NSE/symbol=NIFTYBEES/part-082856_768095-038584.parquet,real_data_sample\l2_unseen_validation\trade_date=2026-07-17\exchange=NSE\symbol=NIFTYBEES\part-082856_768095-038584.parquet,35269,downloaded,35269,
2026-07-17,NSE,NIFTYBEES,raw_l2/trade_date=2026-07-17/exchange=NSE/symbol=NIFTYBEES/part-082940_379695-038680.parquet,real_data_sample\l2_unseen_validation\trade_date=2026-07-17\exchange=NSE\symbol=NIFTYBEES\part-082940_379695-038680.parquet,34591,downloaded,34591,
2026-07-17,NSE,NIFTYBEES,raw_l2/trade_date=2026-07-17/exchange=NSE/symbol=NIFTYBEES/part-082827_976776-038520.parquet,real_data_sample\l2_unseen_validation\trade_date=2026-07-17\exchange=NSE\symbol=NIFTYBEES\part-082827_976776-038520.parquet,35031,downloaded,35031,
2026-07-17,NSE,NIFTYBEES,raw_l2/trade_date=2026-07-17/exchange=NSE/symbol=NIFTYBEES/part-082813_412525-038488.parquet,real_data_sample\l2_unseen_validation\trade_date=2026-07-17\exchange=NSE\symbol=NIFTYBEES\part-082813_412525-038488.parquet,35244,downloaded,35244,
2026-07-17,NSE,NIFTYBEES,raw_l2/trade_date=2026-07-17/exchange=NSE/symbol=NIFTYBEES/part-082954_900186-038712.parquet,real_data_sample\l2_unseen_validation\trade_date=2026-07-17\exchange=NSE\symbol=NIFTYBEES\part-082954_900186-038712.parquet,34429,downloaded,34429,
2026-07-17,NSE,NIFTYBEES,raw_l2/trade_date=2026-07-17/exchange=NSE/symbol=NIFTYBEES/part-083052_691943-038840.parquet,real_data_sample\l2_unseen_validation\trade_date=2026-07-17\exchange=NSE\symbol=NIFTYBEES\part-083052_691943-038840.parquet,34594,downloaded,34594,
2026-07-17,NSE,NIFTYBEES,raw_l2/trade_date=2026-07-17/exchange=NSE/symbol=NIFTYBEES/part-083009_664437-038744.parquet,real_data_sample\l2_unseen_validation\trade_date=2026-07-17\exchange=NSE\symbol=NIFTYBEES\part-083009_664437-038744.parquet,34986,downloaded,34986,
2026-07-17,NSE,NIFTYBEES,raw_l2/trade_date=2026-07-17/exchange=NSE/symbol=NIFTYBEES/part-083023_990981-038776.parquet,real_data_sample\l2_unseen_validation\trade_date=2026-07-17\exchange=NSE\symbol=NIFTYBEES\part-083023_990981-038776.parquet,34717,downloaded,34717,
2026-07-17,NSE,NIFTYBEES,raw_l2/trade_date=2026-07-17/exchange=NSE/symbol=NIFTYBEES/part-083107_189473-038872.parquet,real_data_sample\l2_unseen_validation\trade_date=2026-07-17\exchange=NSE\symbol=NIFTYBEES\part-083107_189473-038872.parquet,34675,downloaded,34675,
2026-07-17,NSE,NIFTYBEES,raw_l2/trade_date=2026-07-17/exchange=NSE/symbol=NIFTYBEES/part-083136_846174-038936.parquet,real_data_sample\l2_unseen_validation\trade_date=2026-07-17\exchange=NSE\symbol=NIFTYBEES\part-083136_846174-038936.parquet,35486,downloaded,35486,
2026-07-17,NSE,NIFTYBEES,raw_l2/trade_date=2026-07-17/exchange=NSE/symbol=NIFTYBEES/part-083122_133771-038904.parquet,real_data_sample\l2_unseen_validation\trade_date=2026-07-17\exchange=NSE\symbol=NIFTYBEES\part-083122_133771-038904.parquet,35070,downloaded,35070,
2026-07-17,NSE,NIFTYBEES,raw_l2/trade_date=2026-07-17/exchange=NSE/symbol=NIFTYBEES/part-083151_182911-038968.parquet,real_data_sample\l2_unseen_validation\trade_date=2026-07-17\exchange=NSE\symbol=NIFTYBEES\part-083151_182911-038968.parquet,34944,downloaded,34944,
2026-07-17,NSE,NIFTYBEES,raw_l2/trade_date=2026-07-17/exchange=NSE/symbol=NIFTYBEES/part-083038_366949-038808.parquet,real_data_sample\l2_unseen_validation\trade_date=2026-07-17\exchange=NSE\symbol=NIFTYBEES\part-083038_366949-038808.parquet,34463,downloaded,34463,
2026-07-17,NSE,NIFTYBEES,raw_l2/trade_date=2026-07-17/exchange=NSE/symbol=NIFTYBEES/part-083205_508498-039000.parquet,real_data_sample\l2_unseen_validation\trade_date=2026-07-17\exchange=NSE\symbol=NIFTYBEES\part-083205_508498-039000.parquet,35136,downloaded,35136,
2026-07-17,NSE,NIFTYBEES,raw_l2/trade_date=2026-07-17/exchange=NSE/symbol=NIFTYBEES/part-083333_054747-039192.parquet,real_data_sample\l2_unseen_validation\trade_date=2026-07-17\exchange=NSE\symbol=NIFTYBEES\part-083333_054747-039192.parquet,34570,downloaded,34570,
2026-07-17,NSE,NIFTYBEES,raw_l2/trade_date=2026-07-17/exchange=NSE/symbol=NIFTYBEES/part-083347_262957-039224.parquet,real_data_sample\l2_unseen_validation\trade_date=2026-07-17\exchange=NSE\symbol=NIFTYBEES\part-083347_262957-039224.parquet,34642,downloaded,34642,
2026-07-17,NSE,NIFTYBEES,raw_l2/trade_date=2026-07-17/exchange=NSE/symbol=NIFTYBEES/part-082647_614206-038296.parquet,real_data_sample\l2_unseen_validation\trade_date=2026-07-17\exchange=NSE\symbol=NIFTYBEES\part-082647_614206-038296.parquet,35023,downloaded,35023,
2026-07-17,NSE,NIFTYBEES,raw_l2/trade_date=2026-07-17/exchange=NSE/symbol=NIFTYBEES/part-083220_287494-039032.parquet,real_data_sample\l2_unseen_validation\trade_date=2026-07-17\exchange=NSE\symbol=NIFTYBEES\part-083220_287494-039032.parquet,35206,downloaded,35206,
2026-07-17,NSE,NIFTYBEES,raw_l2/trade_date=2026-07-17/exchange=NSE/symbol=NIFTYBEES/part-083513_438289-039416.parquet,real_data_sample\l2_unseen_validation\trade_date=2026-07-17\exchange=NSE\symbol=NIFTYBEES\part-083513_438289-039416.parquet,34525,downloaded,34525,
2026-07-17,NSE,NIFTYBEES,raw_l2/trade_date=2026-07-17/exchange=NSE/symbol=NIFTYBEES/part-083430_348598-039320.parquet,real_data_sample\l2_unseen_validation\trade_date=2026-07-17\exchange=NSE\symbol=NIFTYBEES\part-083430_348598-039320.parquet,34708,downloaded,34708,
2026-07-17,NSE,NIFTYBEES,raw_l2/trade_date=2026-07-17/exchange=NSE/symbol=NIFTYBEES/part-083416_022403-039288.parquet,real_data_sample\l2_unseen_validation\trade_date=2026-07-17\exchange=NSE\symbol=NIFTYBEES\part-083416_022403-039288.parquet,34679,downloaded,34679,
2026-07-17,NSE,NIFTYBEES,raw_l2/trade_date=2026-07-17/exchange=NSE/symbol=NIFTYBEES/part-083610_158924-039544.parquet,real_data_sample\l2_unseen_validation\trade_date=2026-07-17\exchange=NSE\symbol=NIFTYBEES\part-083610_158924-039544.parquet,35203,downloaded,35203,
2026-07-17,NSE,NIFTYBEES,raw_l2/trade_date=2026-07-17/exchange=NSE/symbol=NIFTYBEES/part-083638_642752-039608.parquet,real_data_sample\l2_unseen_validation\trade_date=2026-07-17\exchange=NSE\symbol=NIFTYBEES\part-083638_642752-039608.parquet,35239,downloaded,35239,
2026-07-17,NSE,NIFTYBEES,raw_l2/trade_date=2026-07-17/exchange=NSE/symbol=NIFTYBEES/part-083401_799281-039256.parquet,real_data_sample\l2_unseen_validation\trade_date=2026-07-17\exchange=NSE\symbol=NIFTYBEES\part-083401_799281-039256.parquet,34595,downloaded,34595,
2026-07-17,NSE,NIFTYBEES,raw_l2/trade_date=2026-07-17/exchange=NSE/symbol=NIFTYBEES/part-083444_724403-039352.parquet,real_data_sample\l2_unseen_validation\trade_date=2026-07-17\exchange=NSE\symbol=NIFTYBEES\part-083444_724403-039352.parquet,34747,downloaded,34747,
2026-07-17,NSE,NIFTYBEES,raw_l2/trade_date=2026-07-17/exchange=NSE/symbol=NIFTYBEES/part-083541_656169-039480.parquet,real_data_sample\l2_unseen_validation\trade_date=2026-07-17\exchange=NSE\symbol=NIFTYBEES\part-083541_656169-039480.parquet,35130,downloaded,35130,
2026-07-17,NSE,NIFTYBEES,raw_l2/trade_date=2026-07-17/exchange=NSE/symbol=NIFTYBEES/part-083527_570522-039448.parquet,real_data_sample\l2_unseen_validation\trade_date=2026-07-17\exchange=NSE\symbol=NIFTYBEES\part-083527_570522-039448.parquet,35298,downloaded,35298,
2026-07-17,NSE,NIFTYBEES,raw_l2/trade_date=2026-07-17/exchange=NSE/symbol=NIFTYBEES/part-083555_815698-039512.parquet,real_data_sample\l2_unseen_validation\trade_date=2026-07-17\exchange=NSE\symbol=NIFTYBEES\part-083555_815698-039512.parquet,35097,downloaded,35097,
2026-07-17,NSE,NIFTYBEES,raw_l2/trade_date=2026-07-17/exchange=NSE/symbol=NIFTYBEES/part-083459_212787-039384.parquet,real_data_sample\l2_unseen_validation\trade_date=2026-07-17\exchange=NSE\symbol=NIFTYBEES\part-083459_212787-039384.parquet,34634,downloaded,34634,
2026-07-17,NSE,NIFTYBEES,raw_l2/trade_date=2026-07-17/exchange=NSE/symbol=NIFTYBEES/part-083707_017877-039672.parquet,real_data_sample\l2_unseen_validation\trade_date=2026-07-17\exchange=NSE\symbol=NIFTYBEES\part-083707_017877-039672.parquet,35893,downloaded,35893,
2026-07-17,NSE,NIFTYBEES,raw_l2/trade_date=2026-07-17/exchange=NSE/symbol=NIFTYBEES/part-083624_391078-039576.parquet,real_data_sample\l2_unseen_validation\trade_date=2026-07-17\exchange=NSE\symbol=NIFTYBEES\part-083624_391078-039576.parquet,35455,downloaded,35455,
2026-07-17,NSE,NIFTYBEES,raw_l2/trade_date=2026-07-17/exchange=NSE/symbol=NIFTYBEES/part-083652_960998-039640.parquet,real_data_sample\l2_unseen_validation\trade_date=2026-07-17\exchange=NSE\symbol=NIFTYBEES\part-083652_960998-039640.parquet,35441,downloaded,35441,
2026-07-17,NSE,NIFTYBEES,raw_l2/trade_date=2026-07-17/exchange=NSE/symbol=NIFTYBEES/part-083249_563942-039096.parquet,real_data_sample\l2_unseen_validation\trade_date=2026-07-17\exchange=NSE\symbol=NIFTYBEES\part-083249_563942-039096.parquet,35025,downloaded,35025,
2026-07-17,NSE,NIFTYBEES,raw_l2/trade_date=2026-07-17/exchange=NSE/symbol=NIFTYBEES/part-083234_942101-039064.parquet,real_data_sample\l2_unseen_validation\trade_date=2026-07-17\exchange=NSE\symbol=NIFTYBEES\part-083234_942101-039064.parquet,35414,downloaded,35414,
2026-07-17,NSE,NIFTYBEES,raw_l2/trade_date=2026-07-17/exchange=NSE/symbol=NIFTYBEES/part-083318_740155-039160.parquet,real_data_sample\l2_unseen_validation\trade_date=2026-07-17\exchange=NSE\symbol=NIFTYBEES\part-083318_740155-039160.parquet,34983,downloaded,34983,
2026-07-17,NSE,NIFTYBEES,raw_l2/trade_date=2026-07-17/exchange=NSE/symbol=NIFTYBEES/part-083721_228399-039704.parquet,real_data_sample\l2_unseen_validation\trade_date=2026-07-17\exchange=NSE\symbol=NIFTYBEES\part-083721_228399-039704.parquet,35117,downloaded,35117,
2026-07-17,NSE,NIFTYBEES,raw_l2/trade_date=2026-07-17/exchange=NSE/symbol=NIFTYBEES/part-083846_902020-039896.parquet,real_data_sample\l2_unseen_validation\trade_date=2026-07-17\exchange=NSE\symbol=NIFTYBEES\part-083846_902020-039896.parquet,35352,downloaded,35352,
2026-07-17,NSE,NIFTYBEES,raw_l2/trade_date=2026-07-17/exchange=NSE/symbol=NIFTYBEES/part-083915_614521-039960.parquet,real_data_sample\l2_unseen_validation\trade_date=2026-07-17\exchange=NSE\symbol=NIFTYBEES\part-083915_614521-039960.parquet,35237,downloaded,35237,
2026-07-17,NSE,NIFTYBEES,raw_l2/trade_date=2026-07-17/exchange=NSE/symbol=NIFTYBEES/part-083930_139972-039992.parquet,real_data_sample\l2_unseen_validation\trade_date=2026-07-17\exchange=NSE\symbol=NIFTYBEES\part-083930_139972-039992.parquet,35343,downloaded,35343,
2026-07-17,NSE,NIFTYBEES,raw_l2/trade_date=2026-07-17/exchange=NSE/symbol=NIFTYBEES/part-083735_414384-039736.parquet,real_data_sample\l2_unseen_validation\trade_date=2026-07-17\exchange=NSE\symbol=NIFTYBEES\part-083735_414384-039736.parquet,35416,downloaded,35416,
2026-07-17,NSE,NIFTYBEES,raw_l2/trade_date=2026-07-17/exchange=NSE/symbol=NIFTYBEES/part-083901_320904-039928.parquet,real_data_sample\l2_unseen_validation\trade_date=2026-07-17\exchange=NSE\symbol=NIFTYBEES\part-083901_320904-039928.parquet,34903,downloaded,34903,
2026-07-17,NSE,NIFTYBEES,raw_l2/trade_date=2026-07-17/exchange=NSE/symbol=NIFTYBEES/part-083818_273377-039832.parquet,real_data_sample\l2_unseen_validation\trade_date=2026-07-17\exchange=NSE\symbol=NIFTYBEES\part-083818_273377-039832.parquet,35173,downloaded,35173,
2026-07-17,NSE,NIFTYBEES,raw_l2/trade_date=2026-07-17/exchange=NSE/symbol=NIFTYBEES/part-083804_100306-039800.parquet,real_data_sample\l2_unseen_validation\trade_date=2026-07-17\exchange=NSE\symbol=NIFTYBEES\part-083804_100306-039800.parquet,35449,downloaded,35449,
2026-07-17,NSE,NIFTYBEES,raw_l2/trade_date=2026-07-17/exchange=NSE/symbol=NIFTYBEES/part-083832_744044-039864.parquet,real_data_sample\l2_unseen_validation\trade_date=2026-07-17\exchange=NSE\symbol=NIFTYBEES\part-083832_744044-039864.parquet,35299,downloaded,35299,
2026-07-17,NSE,NIFTYBEES,raw_l2/trade_date=2026-07-17/exchange=NSE/symbol=NIFTYBEES/part-083749_707093-039768.parquet,real_data_sample\l2_unseen_validation\trade_date=2026-07-17\exchange=NSE\symbol=NIFTYBEES\part-083749_707093-039768.parquet,35348,downloaded,35348,
2026-07-17,NSE,NIFTYBEES,raw_l2/trade_date=2026-07-17/exchange=NSE/symbol=NIFTYBEES/part-083944_253457-040024.parquet,real_data_sample\l2_unseen_validation\trade_date=2026-07-17\exchange=NSE\symbol=NIFTYBEES\part-083944_253457-040024.parquet,35278,downloaded,35278,
2026-07-17,NSE,NIFTYBEES,raw_l2/trade_date=2026-07-17/exchange=NSE/symbol=NIFTYBEES/part-084041_536412-040152.parquet,real_data_sample\l2_unseen_validation\trade_date=2026-07-17\exchange=NSE\symbol=NIFTYBEES\part-084041_536412-040152.parquet,35033,downloaded,35033,
2026-07-17,NSE,NIFTYBEES,raw_l2/trade_date=2026-07-17/exchange=NSE/symbol=NIFTYBEES/part-084250_759525-040440.parquet,real_data_sample\l2_unseen_validation\trade_date=2026-07-17\exchange=NSE\symbol=NIFTYBEES\part-084250_759525-040440.parquet,35186,downloaded,35186,
2026-07-17,NSE,NIFTYBEES,raw_l2/trade_date=2026-07-17/exchange=NSE/symbol=NIFTYBEES/part-084417_233134-040632.parquet,real_data_sample\l2_unseen_validation\trade_date=2026-07-17\exchange=NSE\symbol=NIFTYBEES\part-084417_233134-040632.parquet,35405,downloaded,35405,
2026-07-17,NSE,NIFTYBEES,raw_l2/trade_date=2026-07-17/exchange=NSE/symbol=NIFTYBEES/part-084221_988493-040376.parquet,real_data_sample\l2_unseen_validation\trade_date=2026-07-17\exchange=NSE\symbol=NIFTYBEES\part-084221_988493-040376.parquet,35234,downloaded,35234,
2026-07-17,NSE,NIFTYBEES,raw_l2/trade_date=2026-07-17/exchange=NSE/symbol=NIFTYBEES/part-084348_290158-040568.parquet,real_data_sample\l2_unseen_validation\trade_date=2026-07-17\exchange=NSE\symbol=NIFTYBEES\part-084348_290158-040568.parquet,35409,downloaded,35409,
2026-07-17,NSE,NIFTYBEES,raw_l2/trade_date=2026-07-17/exchange=NSE/symbol=NIFTYBEES/part-084402_796691-040600.parquet,real_data_sample\l2_unseen_validation\trade_date=2026-07-17\exchange=NSE\symbol=NIFTYBEES\part-084402_796691-040600.parquet,35219,downloaded,35219,
2026-07-17,NSE,NIFTYBEES,raw_l2/trade_date=2026-07-17/exchange=NSE/symbol=NIFTYBEES/part-084236_276075-040408.parquet,real_data_sample\l2_unseen_validation\trade_date=2026-07-17\exchange=NSE\symbol=NIFTYBEES\part-084236_276075-040408.parquet,35139,downloaded,35139,
2026-07-17,NSE,NIFTYBEES,raw_l2/trade_date=2026-07-17/exchange=NSE/symbol=NIFTYBEES/part-084124_375356-040248.parquet,real_data_sample\l2_unseen_validation\trade_date=2026-07-17\exchange=NSE\symbol=NIFTYBEES\part-084124_375356-040248.parquet,35191,downloaded,35191,
2026-07-17,NSE,NIFTYBEES,raw_l2/trade_date=2026-07-17/exchange=NSE/symbol=NIFTYBEES/part-084056_104732-040184.parquet,real_data_sample\l2_unseen_validation\trade_date=2026-07-17\exchange=NSE\symbol=NIFTYBEES\part-084056_104732-040184.parquet,35149,downloaded,35149,
2026-07-17,NSE,NIFTYBEES,raw_l2/trade_date=2026-07-17/exchange=NSE/symbol=NIFTYBEES/part-084153_213365-040312.parquet,real_data_sample\l2_unseen_validation\trade_date=2026-07-17\exchange=NSE\symbol=NIFTYBEES\part-084153_213365-040312.parquet,35363,downloaded,35363,
2026-07-17,NSE,NIFTYBEES,raw_l2/trade_date=2026-07-17/exchange=NSE/symbol=NIFTYBEES/part-084138_837752-040280.parquet,real_data_sample\l2_unseen_validation\trade_date=2026-07-17\exchange=NSE\symbol=NIFTYBEES\part-084138_837752-040280.parquet,35320,downloaded,35320,
2026-07-17,NSE,NIFTYBEES,raw_l2/trade_date=2026-07-17/exchange=NSE/symbol=NIFTYBEES/part-084431_721185-040664.parquet,real_data_sample\l2_unseen_validation\trade_date=2026-07-17\exchange=NSE\symbol=NIFTYBEES\part-084431_721185-040664.parquet,35269,downloaded,35269,
2026-07-17,NSE,NIFTYBEES,raw_l2/trade_date=2026-07-17/exchange=NSE/symbol=NIFTYBEES/part-084110_104910-040216.parquet,real_data_sample\l2_unseen_validation\trade_date=2026-07-17\exchange=NSE\symbol=NIFTYBEES\part-084110_104910-040216.parquet,35275,downloaded,35275,
2026-07-17,NSE,NIFTYBEES,raw_l2/trade_date=2026-07-17/exchange=NSE/symbol=NIFTYBEES/part-084207_579818-040344.parquet,real_data_sample\l2_unseen_validation\trade_date=2026-07-17\exchange=NSE\symbol=NIFTYBEES\part-084207_579818-040344.parquet,35438,downloaded,35438,
2026-07-17,NSE,NIFTYBEES,raw_l2/trade_date=2026-07-17/exchange=NSE/symbol=NIFTYBEES/part-084027_102457-040120.parquet,real_data_sample\l2_unseen_validation\trade_date=2026-07-17\exchange=NSE\symbol=NIFTYBEES\part-084027_102457-040120.parquet,35197,downloaded,35197,
2026-07-17,NSE,NIFTYBEES,raw_l2/trade_date=2026-07-17/exchange=NSE/symbol=NIFTYBEES/part-083304_124498-039128.parquet,real_data_sample\l2_unseen_validation\trade_date=2026-07-17\exchange=NSE\symbol=NIFTYBEES\part-083304_124498-039128.parquet,35359,downloaded,35359,
2026-07-17,NSE,NIFTYBEES,raw_l2/trade_date=2026-07-17/exchange=NSE/symbol=NIFTYBEES/part-083958_584170-040056.parquet,real_data_sample\l2_unseen_validation\trade_date=2026-07-17\exchange=NSE\symbol=NIFTYBEES\part-083958_584170-040056.parquet,35331,downloaded,35331,
2026-07-17,NSE,NIFTYBEES,raw_l2/trade_date=2026-07-17/exchange=NSE/symbol=NIFTYBEES/part-084304_898307-040472.parquet,real_data_sample\l2_unseen_validation\trade_date=2026-07-17\exchange=NSE\symbol=NIFTYBEES\part-084304_898307-040472.parquet,35033,downloaded,35033,
2026-07-17,NSE,NIFTYBEES,raw_l2/trade_date=2026-07-17/exchange=NSE/symbol=NIFTYBEES/part-084319_367511-040504.parquet,real_data_sample\l2_unseen_validation\trade_date=2026-07-17\exchange=NSE\symbol=NIFTYBEES\part-084319_367511-040504.parquet,35248,downloaded,35248,
2026-07-17,NSE,NIFTYBEES,raw_l2/trade_date=2026-07-17/exchange=NSE/symbol=NIFTYBEES/part-084333_860538-040536.parquet,real_data_sample\l2_unseen_validation\trade_date=2026-07-17\exchange=NSE\symbol=NIFTYBEES\part-084333_860538-040536.parquet,34938,downloaded,34938,
2026-07-17,NSE,NIFTYBEES,raw_l2/trade_date=2026-07-17/exchange=NSE/symbol=NIFTYBEES/part-084543_668474-040824.parquet,real_data_sample\l2_unseen_validation\trade_date=2026-07-17\exchange=NSE\symbol=NIFTYBEES\part-084543_668474-040824.parquet,34766,downloaded,34766,
2026-07-17,NSE,NIFTYBEES,raw_l2/trade_date=2026-07-17/exchange=NSE/symbol=NIFTYBEES/part-084445_988075-040696.parquet,real_data_sample\l2_unseen_validation\trade_date=2026-07-17\exchange=NSE\symbol=NIFTYBEES\part-084445_988075-040696.parquet,35097,downloaded,35097,
2026-07-17,NSE,NIFTYBEES,raw_l2/trade_date=2026-07-17/exchange=NSE/symbol=NIFTYBEES/part-084529_290613-040792.parquet,real_data_sample\l2_unseen_validation\trade_date=2026-07-17\exchange=NSE\symbol=NIFTYBEES\part-084529_290613-040792.parquet,34872,downloaded,34872,
2026-07-17,NSE,NIFTYBEES,raw_l2/trade_date=2026-07-17/exchange=NSE/symbol=NIFTYBEES/part-084500_450831-040728.parquet,real_data_sample\l2_unseen_validation\trade_date=2026-07-17\exchange=NSE\symbol=NIFTYBEES\part-084500_450831-040728.parquet,35487,downloaded,35487,
2026-07-17,NSE,NIFTYBEES,raw_l2/trade_date=2026-07-17/exchange=NSE/symbol=NIFTYBEES/part-084514_868514-040760.parquet,real_data_sample\l2_unseen_validation\trade_date=2026-07-17\exchange=NSE\symbol=NIFTYBEES\part-084514_868514-040760.parquet,35631,downloaded,35631,
2026-07-17,NSE,NIFTYBEES,raw_l2/trade_date=2026-07-17/exchange=NSE/symbol=NIFTYBEES/part-084612_452819-040888.parquet,real_data_sample\l2_unseen_validation\trade_date=2026-07-17\exchange=NSE\symbol=NIFTYBEES\part-084612_452819-040888.parquet,34507,downloaded,34507,
2026-07-17,NSE,NIFTYBEES,raw_l2/trade_date=2026-07-17/exchange=NSE/symbol=NIFTYBEES/part-084655_233710-040984.parquet,real_data_sample\l2_unseen_validation\trade_date=2026-07-17\exchange=NSE\symbol=NIFTYBEES\part-084655_233710-040984.parquet,35981,downloaded,35981,
2026-07-17,NSE,NIFTYBEES,raw_l2/trade_date=2026-07-17/exchange=NSE/symbol=NIFTYBEES/part-084626_646421-040920.parquet,real_data_sample\l2_unseen_validation\trade_date=2026-07-17\exchange=NSE\symbol=NIFTYBEES\part-084626_646421-040920.parquet,36226,downloaded,36226,
2026-07-17,NSE,NIFTYBEES,raw_l2/trade_date=2026-07-17/exchange=NSE/symbol=NIFTYBEES/part-084557_924952-040856.parquet,real_data_sample\l2_unseen_validation\trade_date=2026-07-17\exchange=NSE\symbol=NIFTYBEES\part-084557_924952-040856.parquet,34751,downloaded,34751,
2026-07-17,NSE,NIFTYBEES,raw_l2/trade_date=2026-07-17/exchange=NSE/symbol=NIFTYBEES/part-084641_020427-040952.parquet,real_data_sample\l2_unseen_validation\trade_date=2026-07-17\exchange=NSE\symbol=NIFTYBEES\part-084641_020427-040952.parquet,36036,downloaded,36036,
2026-07-17,NSE,NIFTYBEES,raw_l2/trade_date=2026-07-17/exchange=NSE/symbol=NIFTYBEES/part-084752_179040-041112.parquet,real_data_sample\l2_unseen_validation\trade_date=2026-07-17\exchange=NSE\symbol=NIFTYBEES\part-084752_179040-041112.parquet,35825,downloaded,35825,
2026-07-17,NSE,NIFTYBEES,raw_l2/trade_date=2026-07-17/exchange=NSE/symbol=NIFTYBEES/part-084737_872414-041080.parquet,real_data_sample\l2_unseen_validation\trade_date=2026-07-17\exchange=NSE\symbol=NIFTYBEES\part-084737_872414-041080.parquet,36102,downloaded,36102,
2026-07-17,NSE,NIFTYBEES,raw_l2/trade_date=2026-07-17/exchange=NSE/symbol=NIFTYBEES/part-084709_444527-041016.parquet,real_data_sample\l2_unseen_validation\trade_date=2026-07-17\exchange=NSE\symbol=NIFTYBEES\part-084709_444527-041016.parquet,36044,downloaded,36044,
2026-07-17,NSE,NIFTYBEES,raw_l2/trade_date=2026-07-17/exchange=NSE/symbol=NIFTYBEES/part-084723_611575-041048.parquet,real_data_sample\l2_unseen_validation\trade_date=2026-07-17\exchange=NSE\symbol=NIFTYBEES\part-084723_611575-041048.parquet,35874,downloaded,35874,
2026-07-17,NSE,NIFTYBEES,raw_l2/trade_date=2026-07-17/exchange=NSE/symbol=NIFTYBEES/part-084904_089741-041272.parquet,real_data_sample\l2_unseen_validation\trade_date=2026-07-17\exchange=NSE\symbol=NIFTYBEES\part-084904_089741-041272.parquet,35616,downloaded,35616,
2026-07-17,NSE,NIFTYBEES,raw_l2/trade_date=2026-07-17/exchange=NSE/symbol=NIFTYBEES/part-084806_505342-041144.parquet,real_data_sample\l2_unseen_validation\trade_date=2026-07-17\exchange=NSE\symbol=NIFTYBEES\part-084806_505342-041144.parquet,35888,downloaded,35888,
2026-07-17,NSE,NIFTYBEES,raw_l2/trade_date=2026-07-17/exchange=NSE/symbol=NIFTYBEES/part-084849_608153-041240.parquet,real_data_sample\l2_unseen_validation\trade_date=2026-07-17\exchange=NSE\symbol=NIFTYBEES\part-084849_608153-041240.parquet,35944,downloaded,35944,
2026-07-17,NSE,NIFTYBEES,raw_l2/trade_date=2026-07-17/exchange=NSE/symbol=NIFTYBEES/part-084835_143680-041208.parquet,real_data_sample\l2_unseen_validation\trade_date=2026-07-17\exchange=NSE\symbol=NIFTYBEES\part-084835_143680-041208.parquet,36085,downloaded,36085,
2026-07-17,NSE,NIFTYBEES,raw_l2/trade_date=2026-07-17/exchange=NSE/symbol=NIFTYBEES/part-085129_016320-041592.parquet,real_data_sample\l2_unseen_validation\trade_date=2026-07-17\exchange=NSE\symbol=NIFTYBEES\part-085129_016320-041592.parquet,35007,downloaded,35007,
2026-07-17,NSE,NIFTYBEES,raw_l2/trade_date=2026-07-17/exchange=NSE/symbol=NIFTYBEES/part-084918_941244-041304.parquet,real_data_sample\l2_unseen_validation\trade_date=2026-07-17\exchange=NSE\symbol=NIFTYBEES\part-084918_941244-041304.parquet,35858,downloaded,35858,
2026-07-17,NSE,NIFTYBEES,raw_l2/trade_date=2026-07-17/exchange=NSE/symbol=NIFTYBEES/part-084012_958190-040088.parquet,real_data_sample\l2_unseen_validation\trade_date=2026-07-17\exchange=NSE\symbol=NIFTYBEES\part-084012_958190-040088.parquet,35307,downloaded,35307,
2026-07-17,NSE,NIFTYBEES,raw_l2/trade_date=2026-07-17/exchange=NSE/symbol=NIFTYBEES/part-084820_696294-041176.parquet,real_data_sample\l2_unseen_validation\trade_date=2026-07-17\exchange=NSE\symbol=NIFTYBEES\part-084820_696294-041176.parquet,36074,downloaded,36074,
2026-07-17,NSE,NIFTYBEES,raw_l2/trade_date=2026-07-17/exchange=NSE/symbol=NIFTYBEES/part-085045_372630-041496.parquet,real_data_sample\l2_unseen_validation\trade_date=2026-07-17\exchange=NSE\symbol=NIFTYBEES\part-085045_372630-041496.parquet,35888,downloaded,35888,
2026-07-17,NSE,NIFTYBEES,raw_l2/trade_date=2026-07-17/exchange=NSE/symbol=NIFTYBEES/part-084933_258252-041336.parquet,real_data_sample\l2_unseen_validation\trade_date=2026-07-17\exchange=NSE\symbol=NIFTYBEES\part-084933_258252-041336.parquet,35779,downloaded,35779,
2026-07-17,NSE,NIFTYBEES,raw_l2/trade_date=2026-07-17/exchange=NSE/symbol=NIFTYBEES/part-085114_722132-041560.parquet,real_data_sample\l2_unseen_validation\trade_date=2026-07-17\exchange=NSE\symbol=NIFTYBEES\part-085114_722132-041560.parquet,35836,downloaded,35836,
2026-07-17,NSE,NIFTYBEES,raw_l2/trade_date=2026-07-17/exchange=NSE/symbol=NIFTYBEES/part-084947_757857-041368.parquet,real_data_sample\l2_unseen_validation\trade_date=2026-07-17\exchange=NSE\symbol=NIFTYBEES\part-084947_757857-041368.parquet,35649,downloaded,35649,
2026-07-17,NSE,NIFTYBEES,raw_l2/trade_date=2026-07-17/exchange=NSE/symbol=NIFTYBEES/part-085158_034900-041656.parquet,real_data_sample\l2_unseen_validation\trade_date=2026-07-17\exchange=NSE\symbol=NIFTYBEES\part-085158_034900-041656.parquet,35404,downloaded,35404,
2026-07-17,NSE,NIFTYBEES,raw_l2/trade_date=2026-07-17/exchange=NSE/symbol=NIFTYBEES/part-085016_793254-041432.parquet,real_data_sample\l2_unseen_validation\trade_date=2026-07-17\exchange=NSE\symbol=NIFTYBEES\part-085016_793254-041432.parquet,35475,downloaded,35475,
2026-07-17,NSE,NIFTYBEES,raw_l2/trade_date=2026-07-17/exchange=NSE/symbol=NIFTYBEES/part-085212_549526-041688.parquet,real_data_sample\l2_unseen_validation\trade_date=2026-07-17\exchange=NSE\symbol=NIFTYBEES\part-085212_549526-041688.parquet,35546,downloaded,35546,
2026-07-17,NSE,NIFTYBEES,raw_l2/trade_date=2026-07-17/exchange=NSE/symbol=NIFTYBEES/part-085227_374435-041720.parquet,real_data_sample\l2_unseen_validation\trade_date=2026-07-17\exchange=NSE\symbol=NIFTYBEES\part-085227_374435-041720.parquet,35188,downloaded,35188,
2026-07-17,NSE,NIFTYBEES,raw_l2/trade_date=2026-07-17/exchange=NSE/symbol=NIFTYBEES/part-085002_378823-041400.parquet,real_data_sample\l2_unseen_validation\trade_date=2026-07-17\exchange=NSE\symbol=NIFTYBEES\part-085002_378823-041400.parquet,36023,downloaded,36023,
2026-07-17,NSE,NIFTYBEES,raw_l2/trade_date=2026-07-17/exchange=NSE/symbol=NIFTYBEES/part-085031_073009-041464.parquet,real_data_sample\l2_unseen_validation\trade_date=2026-07-17\exchange=NSE\symbol=NIFTYBEES\part-085031_073009-041464.parquet,35883,downloaded,35883,
2026-07-17,NSE,NIFTYBEES,raw_l2/trade_date=2026-07-17/exchange=NSE/symbol=NIFTYBEES/part-085311_864398-041816.parquet,real_data_sample\l2_unseen_validation\trade_date=2026-07-17\exchange=NSE\symbol=NIFTYBEES\part-085311_864398-041816.parquet,35555,downloaded,35555,
2026-07-17,NSE,NIFTYBEES,raw_l2/trade_date=2026-07-17/exchange=NSE/symbol=NIFTYBEES/part-085256_864451-041784.parquet,real_data_sample\l2_unseen_validation\trade_date=2026-07-17\exchange=NSE\symbol=NIFTYBEES\part-085256_864451-041784.parquet,35386,downloaded,35386,
2026-07-17,NSE,NIFTYBEES,raw_l2/trade_date=2026-07-17/exchange=NSE/symbol=NIFTYBEES/part-085341_784478-041880.parquet,real_data_sample\l2_unseen_validation\trade_date=2026-07-17\exchange=NSE\symbol=NIFTYBEES\part-085341_784478-041880.parquet,35492,downloaded,35492,
2026-07-17,NSE,NIFTYBEES,raw_l2/trade_date=2026-07-17/exchange=NSE/symbol=NIFTYBEES/part-085143_455541-041624.parquet,real_data_sample\l2_unseen_validation\trade_date=2026-07-17\exchange=NSE\symbol=NIFTYBEES\part-085143_455541-041624.parquet,35339,downloaded,35339,
2026-07-17,NSE,NIFTYBEES,raw_l2/trade_date=2026-07-17/exchange=NSE/symbol=NIFTYBEES/part-085242_172320-041752.parquet,real_data_sample\l2_unseen_validation\trade_date=2026-07-17\exchange=NSE\symbol=NIFTYBEES\part-085242_172320-041752.parquet,35506,downloaded,35506,
2026-07-17,NSE,NIFTYBEES,raw_l2/trade_date=2026-07-17/exchange=NSE/symbol=NIFTYBEES/part-085355_909761-041912.parquet,real_data_sample\l2_unseen_validation\trade_date=2026-07-17\exchange=NSE\symbol=NIFTYBEES\part-085355_909761-041912.parquet,35202,downloaded,35202,
2026-07-17,NSE,NIFTYBEES,raw_l2/trade_date=2026-07-17/exchange=NSE/symbol=NIFTYBEES/part-085326_836109-041848.parquet,real_data_sample\l2_unseen_validation\trade_date=2026-07-17\exchange=NSE\symbol=NIFTYBEES\part-085326_836109-041848.parquet,35545,downloaded,35545,
2026-07-17,NSE,NIFTYBEES,raw_l2/trade_date=2026-07-17/exchange=NSE/symbol=NIFTYBEES/part-085410_229786-041944.parquet,real_data_sample\l2_unseen_validation\trade_date=2026-07-17\exchange=NSE\symbol=NIFTYBEES\part-085410_229786-041944.parquet,35556,downloaded,35556,
2026-07-17,NSE,NIFTYBEES,raw_l2/trade_date=2026-07-17/exchange=NSE/symbol=NIFTYBEES/part-085438_855934-042008.parquet,real_data_sample\l2_unseen_validation\trade_date=2026-07-17\exchange=NSE\symbol=NIFTYBEES\part-085438_855934-042008.parquet,35404,downloaded,35404,
2026-07-17,NSE,NIFTYBEES,raw_l2/trade_date=2026-07-17/exchange=NSE/symbol=NIFTYBEES/part-085424_377623-041976.parquet,real_data_sample\l2_unseen_validation\trade_date=2026-07-17\exchange=NSE\symbol=NIFTYBEES\part-085424_377623-041976.parquet,35557,downloaded,35557,
2026-07-17,NSE,NIFTYBEES,raw_l2/trade_date=2026-07-17/exchange=NSE/symbol=NIFTYBEES/part-085453_167919-042040.parquet,real_data_sample\l2_unseen_validation\trade_date=2026-07-17\exchange=NSE\symbol=NIFTYBEES\part-085453_167919-042040.parquet,35282,downloaded,35282,
2026-07-17,NSE,NIFTYBEES,raw_l2/trade_date=2026-07-17/exchange=NSE/symbol=NIFTYBEES/part-085507_567265-042072.parquet,real_data_sample\l2_unseen_validation\trade_date=2026-07-17\exchange=NSE\symbol=NIFTYBEES\part-085507_567265-042072.parquet,35683,downloaded,35683,
2026-07-17,NSE,NIFTYBEES,raw_l2/trade_date=2026-07-17/exchange=NSE/symbol=NIFTYBEES/part-085521_668496-042104.parquet,real_data_sample\l2_unseen_validation\trade_date=2026-07-17\exchange=NSE\symbol=NIFTYBEES\part-085521_668496-042104.parquet,35290,downloaded,35290,
2026-07-17,NSE,NIFTYBEES,raw_l2/trade_date=2026-07-17/exchange=NSE/symbol=NIFTYBEES/part-085535_988257-042136.parquet,real_data_sample\l2_unseen_validation\trade_date=2026-07-17\exchange=NSE\symbol=NIFTYBEES\part-085535_988257-042136.parquet,35469,downloaded,35469,
2026-07-17,NSE,NIFTYBEES,raw_l2/trade_date=2026-07-17/exchange=NSE/symbol=NIFTYBEES/part-085059_958335-041528.parquet,real_data_sample\l2_unseen_validation\trade_date=2026-07-17\exchange=NSE\symbol=NIFTYBEES\part-085059_958335-041528.parquet,35556,downloaded,35556,
2026-07-17,NSE,NIFTYBEES,raw_l2/trade_date=2026-07-17/exchange=NSE/symbol=NIFTYBEES/part-090052_830966-042840.parquet,real_data_sample\l2_unseen_validation\trade_date=2026-07-17\exchange=NSE\symbol=NIFTYBEES\part-090052_830966-042840.parquet,35440,downloaded,35440,
2026-07-17,NSE,NIFTYBEES,raw_l2/trade_date=2026-07-17/exchange=NSE/symbol=NIFTYBEES/part-085604_265692-042200.parquet,real_data_sample\l2_unseen_validation\trade_date=2026-07-17\exchange=NSE\symbol=NIFTYBEES\part-085604_265692-042200.parquet,35641,downloaded,35641,
2026-07-17,NSE,NIFTYBEES,raw_l2/trade_date=2026-07-17/exchange=NSE/symbol=NIFTYBEES/part-085758_538366-042456.parquet,real_data_sample\l2_unseen_validation\trade_date=2026-07-17\exchange=NSE\symbol=NIFTYBEES\part-085758_538366-042456.parquet,35250,downloaded,35250,
2026-07-17,NSE,NIFTYBEES,raw_l2/trade_date=2026-07-17/exchange=NSE/symbol=NIFTYBEES/part-085856_335784-042584.parquet,real_data_sample\l2_unseen_validation\trade_date=2026-07-17\exchange=NSE\symbol=NIFTYBEES\part-085856_335784-042584.parquet,34613,downloaded,34613,
2026-07-17,NSE,NIFTYBEES,raw_l2/trade_date=2026-07-17/exchange=NSE/symbol=NIFTYBEES/part-085550_204657-042168.parquet,real_data_sample\l2_unseen_validation\trade_date=2026-07-17\exchange=NSE\symbol=NIFTYBEES\part-085550_204657-042168.parquet,35940,downloaded,35940,
2026-07-17,NSE,NIFTYBEES,raw_l2/trade_date=2026-07-17/exchange=NSE/symbol=NIFTYBEES/part-085618_376169-042232.parquet,real_data_sample\l2_unseen_validation\trade_date=2026-07-17\exchange=NSE\symbol=NIFTYBEES\part-085618_376169-042232.parquet,35578,downloaded,35578,
2026-07-17,NSE,NIFTYBEES,raw_l2/trade_date=2026-07-17/exchange=NSE/symbol=NIFTYBEES/part-085925_651099-042648.parquet,real_data_sample\l2_unseen_validation\trade_date=2026-07-17\exchange=NSE\symbol=NIFTYBEES\part-085925_651099-042648.parquet,35452,downloaded,35452,
2026-07-17,NSE,NIFTYBEES,raw_l2/trade_date=2026-07-17/exchange=NSE/symbol=NIFTYBEES/part-085910_827166-042616.parquet,real_data_sample\l2_unseen_validation\trade_date=2026-07-17\exchange=NSE\symbol=NIFTYBEES\part-085910_827166-042616.parquet,34765,downloaded,34765,
2026-07-17,NSE,NIFTYBEES,raw_l2/trade_date=2026-07-17/exchange=NSE/symbol=NIFTYBEES/part-085632_697709-042264.parquet,real_data_sample\l2_unseen_validation\trade_date=2026-07-17\exchange=NSE\symbol=NIFTYBEES\part-085632_697709-042264.parquet,35427,downloaded,35427,
2026-07-17,NSE,NIFTYBEES,raw_l2/trade_date=2026-07-17/exchange=NSE/symbol=NIFTYBEES/part-085647_145858-042296.parquet,real_data_sample\l2_unseen_validation\trade_date=2026-07-17\exchange=NSE\symbol=NIFTYBEES\part-085647_145858-042296.parquet,35271,downloaded,35271,
2026-07-17,NSE,NIFTYBEES,raw_l2/trade_date=2026-07-17/exchange=NSE/symbol=NIFTYBEES/part-090121_929652-042904.parquet,real_data_sample\l2_unseen_validation\trade_date=2026-07-17\exchange=NSE\symbol=NIFTYBEES\part-090121_929652-042904.parquet,35194,downloaded,35194,
2026-07-17,NSE,NIFTYBEES,raw_l2/trade_date=2026-07-17/exchange=NSE/symbol=NIFTYBEES/part-085841_787205-042552.parquet,real_data_sample\l2_unseen_validation\trade_date=2026-07-17\exchange=NSE\symbol=NIFTYBEES\part-085841_787205-042552.parquet,34623,downloaded,34623,
2026-07-17,NSE,NIFTYBEES,raw_l2/trade_date=2026-07-17/exchange=NSE/symbol=NIFTYBEES/part-085940_267173-042680.parquet,real_data_sample\l2_unseen_validation\trade_date=2026-07-17\exchange=NSE\symbol=NIFTYBEES\part-085940_267173-042680.parquet,35275,downloaded,35275,
2026-07-17,NSE,NIFTYBEES,raw_l2/trade_date=2026-07-17/exchange=NSE/symbol=NIFTYBEES/part-090009_456284-042744.parquet,real_data_sample\l2_unseen_validation\trade_date=2026-07-17\exchange=NSE\symbol=NIFTYBEES\part-090009_456284-042744.parquet,35521,downloaded,35521,
2026-07-17,NSE,NIFTYBEES,raw_l2/trade_date=2026-07-17/exchange=NSE/symbol=NIFTYBEES/part-090023_747706-042776.parquet,real_data_sample\l2_unseen_validation\trade_date=2026-07-17\exchange=NSE\symbol=NIFTYBEES\part-090023_747706-042776.parquet,35375,downloaded,35375,
2026-07-17,NSE,NIFTYBEES,raw_l2/trade_date=2026-07-17/exchange=NSE/symbol=NIFTYBEES/part-085954_999228-042712.parquet,real_data_sample\l2_unseen_validation\trade_date=2026-07-17\exchange=NSE\symbol=NIFTYBEES\part-085954_999228-042712.parquet,35440,downloaded,35440,
2026-07-17,NSE,NIFTYBEES,raw_l2/trade_date=2026-07-17/exchange=NSE/symbol=NIFTYBEES/part-090038_199518-042808.parquet,real_data_sample\l2_unseen_validation\trade_date=2026-07-17\exchange=NSE\symbol=NIFTYBEES\part-090038_199518-042808.parquet,35613,downloaded,35613,
2026-07-17,NSE,NIFTYBEES,raw_l2/trade_date=2026-07-17/exchange=NSE/symbol=NIFTYBEES/part-085827_421678-042520.parquet,real_data_sample\l2_unseen_validation\trade_date=2026-07-17\exchange=NSE\symbol=NIFTYBEES\part-085827_421678-042520.parquet,34717,downloaded,34717,
2026-07-17,NSE,NIFTYBEES,raw_l2/trade_date=2026-07-17/exchange=NSE/symbol=NIFTYBEES/part-090107_422462-042872.parquet,real_data_sample\l2_unseen_validation\trade_date=2026-07-17\exchange=NSE\symbol=NIFTYBEES\part-090107_422462-042872.parquet,35618,downloaded,35618,
2026-07-17,NSE,NIFTYBEES,raw_l2/trade_date=2026-07-17/exchange=NSE/symbol=NIFTYBEES/part-085729_590945-042392.parquet,real_data_sample\l2_unseen_validation\trade_date=2026-07-17\exchange=NSE\symbol=NIFTYBEES\part-085729_590945-042392.parquet,34936,downloaded,34936,
2026-07-17,NSE,NIFTYBEES,raw_l2/trade_date=2026-07-17/exchange=NSE/symbol=NIFTYBEES/part-085812_949044-042488.parquet,real_data_sample\l2_unseen_validation\trade_date=2026-07-17\exchange=NSE\symbol=NIFTYBEES\part-085812_949044-042488.parquet,35128,downloaded,35128,
2026-07-17,NSE,NIFTYBEES,raw_l2/trade_date=2026-07-17/exchange=NSE/symbol=NIFTYBEES/part-090150_747779-042968.parquet,real_data_sample\l2_unseen_validation\trade_date=2026-07-17\exchange=NSE\symbol=NIFTYBEES\part-090150_747779-042968.parquet,35161,downloaded,35161,
2026-07-17,NSE,NIFTYBEES,raw_l2/trade_date=2026-07-17/exchange=NSE/symbol=NIFTYBEES/part-085701_223750-042328.parquet,real_data_sample\l2_unseen_validation\trade_date=2026-07-17\exchange=NSE\symbol=NIFTYBEES\part-085701_223750-042328.parquet,35246,downloaded,35246,
2026-07-17,NSE,NIFTYBEES,raw_l2/trade_date=2026-07-17/exchange=NSE/symbol=NIFTYBEES/part-085715_450602-042360.parquet,real_data_sample\l2_unseen_validation\trade_date=2026-07-17\exchange=NSE\symbol=NIFTYBEES\part-085715_450602-042360.parquet,35103,downloaded,35103,
2026-07-17,NSE,NIFTYBEES,raw_l2/trade_date=2026-07-17/exchange=NSE/symbol=NIFTYBEES/part-085744_082635-042424.parquet,real_data_sample\l2_unseen_validation\trade_date=2026-07-17\exchange=NSE\symbol=NIFTYBEES\part-085744_082635-042424.parquet,35213,downloaded,35213,
2026-07-17,NSE,NIFTYBEES,raw_l2/trade_date=2026-07-17/exchange=NSE/symbol=NIFTYBEES/part-090219_132308-043032.parquet,real_data_sample\l2_unseen_validation\trade_date=2026-07-17\exchange=NSE\symbol=NIFTYBEES\part-090219_132308-043032.parquet,35269,downloaded,35269,
2026-07-17,NSE,NIFTYBEES,raw_l2/trade_date=2026-07-17/exchange=NSE/symbol=NIFTYBEES/part-090136_302357-042936.parquet,real_data_sample\l2_unseen_validation\trade_date=2026-07-17\exchange=NSE\symbol=NIFTYBEES\part-090136_302357-042936.parquet,35256,downloaded,35256,
2026-07-17,NSE,NIFTYBEES,raw_l2/trade_date=2026-07-17/exchange=NSE/symbol=NIFTYBEES/part-090233_537583-043064.parquet,real_data_sample\l2_unseen_validation\trade_date=2026-07-17\exchange=NSE\symbol=NIFTYBEES\part-090233_537583-043064.parquet,35599,downloaded,35599,
2026-07-17,NSE,NIFTYBEES,raw_l2/trade_date=2026-07-17/exchange=NSE/symbol=NIFTYBEES/part-090248_070051-043096.parquet,real_data_sample\l2_unseen_validation\trade_date=2026-07-17\exchange=NSE\symbol=NIFTYBEES\part-090248_070051-043096.parquet,35527,downloaded,35527,
2026-07-17,NSE,NIFTYBEES,raw_l2/trade_date=2026-07-17/exchange=NSE/symbol=NIFTYBEES/part-090204_978344-043000.parquet,real_data_sample\l2_unseen_validation\trade_date=2026-07-17\exchange=NSE\symbol=NIFTYBEES\part-090204_978344-043000.parquet,35207,downloaded,35207,
2026-07-17,NSE,NIFTYBEES,raw_l2/trade_date=2026-07-17/exchange=NSE/symbol=NIFTYBEES/part-090836_304456-043864.parquet,real_data_sample\l2_unseen_validation\trade_date=2026-07-17\exchange=NSE\symbol=NIFTYBEES\part-090836_304456-043864.parquet,34674,downloaded,34674,
2026-07-17,NSE,NIFTYBEES,raw_l2/trade_date=2026-07-17/exchange=NSE/symbol=NIFTYBEES/part-090935_488790-043992.parquet,real_data_sample\l2_unseen_validation\trade_date=2026-07-17\exchange=NSE\symbol=NIFTYBEES\part-090935_488790-043992.parquet,34650,downloaded,34650,
2026-07-17,NSE,NIFTYBEES,raw_l2/trade_date=2026-07-17/exchange=NSE/symbol=NIFTYBEES/part-090654_753981-043640.parquet,real_data_sample\l2_unseen_validation\trade_date=2026-07-17\exchange=NSE\symbol=NIFTYBEES\part-090654_753981-043640.parquet,34927,downloaded,34927,
2026-07-17,NSE,NIFTYBEES,raw_l2/trade_date=2026-07-17/exchange=NSE/symbol=NIFTYBEES/part-090625_823740-043576.parquet,real_data_sample\l2_unseen_validation\trade_date=2026-07-17\exchange=NSE\symbol=NIFTYBEES\part-090625_823740-043576.parquet,34737,downloaded,34737,
2026-07-17,NSE,NIFTYBEES,raw_l2/trade_date=2026-07-17/exchange=NSE/symbol=NIFTYBEES/part-090807_172316-043800.parquet,real_data_sample\l2_unseen_validation\trade_date=2026-07-17\exchange=NSE\symbol=NIFTYBEES\part-090807_172316-043800.parquet,34476,downloaded,34476,
2026-07-17,NSE,NIFTYBEES,raw_l2/trade_date=2026-07-17/exchange=NSE/symbol=NIFTYBEES/part-090640_296434-043608.parquet,real_data_sample\l2_unseen_validation\trade_date=2026-07-17\exchange=NSE\symbol=NIFTYBEES\part-090640_296434-043608.parquet,34675,downloaded,34675,
2026-07-17,NSE,NIFTYBEES,raw_l2/trade_date=2026-07-17/exchange=NSE/symbol=NIFTYBEES/part-090920_960611-043960.parquet,real_data_sample\l2_unseen_validation\trade_date=2026-07-17\exchange=NSE\symbol=NIFTYBEES\part-090920_960611-043960.parquet,34603,downloaded,34603,
2026-07-17,NSE,NIFTYBEES,raw_l2/trade_date=2026-07-17/exchange=NSE/symbol=NIFTYBEES/part-090611_292005-043544.parquet,real_data_sample\l2_unseen_validation\trade_date=2026-07-17\exchange=NSE\symbol=NIFTYBEES\part-090611_292005-043544.parquet,35562,downloaded,35562,
2026-07-17,NSE,NIFTYBEES,raw_l2/trade_date=2026-07-17/exchange=NSE/symbol=NIFTYBEES/part-090556_891196-043512.parquet,real_data_sample\l2_unseen_validation\trade_date=2026-07-17\exchange=NSE\symbol=NIFTYBEES\part-090556_891196-043512.parquet,35090,downloaded,35090,
2026-07-17,NSE,NIFTYBEES,raw_l2/trade_date=2026-07-17/exchange=NSE/symbol=NIFTYBEES/part-091020_359188-044088.parquet,real_data_sample\l2_unseen_validation\trade_date=2026-07-17\exchange=NSE\symbol=NIFTYBEES\part-091020_359188-044088.parquet,35004,downloaded,35004,
2026-07-17,NSE,NIFTYBEES,raw_l2/trade_date=2026-07-17/exchange=NSE/symbol=NIFTYBEES/part-090331_433021-043192.parquet,real_data_sample\l2_unseen_validation\trade_date=2026-07-17\exchange=NSE\symbol=NIFTYBEES\part-090331_433021-043192.parquet,34640,downloaded,34640,
2026-07-17,NSE,NIFTYBEES,raw_l2/trade_date=2026-07-17/exchange=NSE/symbol=NIFTYBEES/part-090302_437918-043128.parquet,real_data_sample\l2_unseen_validation\trade_date=2026-07-17\exchange=NSE\symbol=NIFTYBEES\part-090302_437918-043128.parquet,35208,downloaded,35208,
2026-07-17,NSE,NIFTYBEES,raw_l2/trade_date=2026-07-17/exchange=NSE/symbol=NIFTYBEES/part-090723_684685-043704.parquet,real_data_sample\l2_unseen_validation\trade_date=2026-07-17\exchange=NSE\symbol=NIFTYBEES\part-090723_684685-043704.parquet,34469,downloaded,34469,
2026-07-17,NSE,NIFTYBEES,raw_l2/trade_date=2026-07-17/exchange=NSE/symbol=NIFTYBEES/part-090850_872530-043896.parquet,real_data_sample\l2_unseen_validation\trade_date=2026-07-17\exchange=NSE\symbol=NIFTYBEES\part-090850_872530-043896.parquet,34490,downloaded,34490,
2026-07-17,NSE,NIFTYBEES,raw_l2/trade_date=2026-07-17/exchange=NSE/symbol=NIFTYBEES/part-090905_791435-043928.parquet,real_data_sample\l2_unseen_validation\trade_date=2026-07-17\exchange=NSE\symbol=NIFTYBEES\part-090905_791435-043928.parquet,34512,downloaded,34512,
2026-07-17,NSE,NIFTYBEES,raw_l2/trade_date=2026-07-17/exchange=NSE/symbol=NIFTYBEES/part-090752_325120-043768.parquet,real_data_sample\l2_unseen_validation\trade_date=2026-07-17\exchange=NSE\symbol=NIFTYBEES\part-090752_325120-043768.parquet,34533,downloaded,34533,
2026-07-17,NSE,NIFTYBEES,raw_l2/trade_date=2026-07-17/exchange=NSE/symbol=NIFTYBEES/part-090821_565767-043832.parquet,real_data_sample\l2_unseen_validation\trade_date=2026-07-17\exchange=NSE\symbol=NIFTYBEES\part-090821_565767-043832.parquet,34550,downloaded,34550,
2026-07-17,NSE,NIFTYBEES,raw_l2/trade_date=2026-07-17/exchange=NSE/symbol=NIFTYBEES/part-090513_921021-043416.parquet,real_data_sample\l2_unseen_validation\trade_date=2026-07-17\exchange=NSE\symbol=NIFTYBEES\part-090513_921021-043416.parquet,35447,downloaded,35447,
2026-07-17,NSE,NIFTYBEES,raw_l2/trade_date=2026-07-17/exchange=NSE/symbol=NIFTYBEES/part-091006_055096-044056.parquet,real_data_sample\l2_unseen_validation\trade_date=2026-07-17\exchange=NSE\symbol=NIFTYBEES\part-091006_055096-044056.parquet,34609,downloaded,34609,
2026-07-17,NSE,NIFTYBEES,raw_l2/trade_date=2026-07-17/exchange=NSE/symbol=NIFTYBEES/part-090542_698159-043480.parquet,real_data_sample\l2_unseen_validation\trade_date=2026-07-17\exchange=NSE\symbol=NIFTYBEES\part-090542_698159-043480.parquet,35412,downloaded,35412,
2026-07-17,NSE,NIFTYBEES,raw_l2/trade_date=2026-07-17/exchange=NSE/symbol=NIFTYBEES/part-090429_664356-043320.parquet,real_data_sample\l2_unseen_validation\trade_date=2026-07-17\exchange=NSE\symbol=NIFTYBEES\part-090429_664356-043320.parquet,35843,downloaded,35843,
2026-07-17,NSE,NIFTYBEES,raw_l2/trade_date=2026-07-17/exchange=NSE/symbol=NIFTYBEES/part-090346_338674-043224.parquet,real_data_sample\l2_unseen_validation\trade_date=2026-07-17\exchange=NSE\symbol=NIFTYBEES\part-090346_338674-043224.parquet,34649,downloaded,34649,
2026-07-17,NSE,NIFTYBEES,raw_l2/trade_date=2026-07-17/exchange=NSE/symbol=NIFTYBEES/part-090415_169776-043288.parquet,real_data_sample\l2_unseen_validation\trade_date=2026-07-17\exchange=NSE\symbol=NIFTYBEES\part-090415_169776-043288.parquet,34829,downloaded,34829,
2026-07-17,NSE,NIFTYBEES,raw_l2/trade_date=2026-07-17/exchange=NSE/symbol=NIFTYBEES/part-090737_956455-043736.parquet,real_data_sample\l2_unseen_validation\trade_date=2026-07-17\exchange=NSE\symbol=NIFTYBEES\part-090737_956455-043736.parquet,34502,downloaded,34502,
2026-07-17,NSE,NIFTYBEES,raw_l2/trade_date=2026-07-17/exchange=NSE/symbol=NIFTYBEES/part-090950_856119-044024.parquet,real_data_sample\l2_unseen_validation\trade_date=2026-07-17\exchange=NSE\symbol=NIFTYBEES\part-090950_856119-044024.parquet,34664,downloaded,34664,
2026-07-17,NSE,NIFTYBEES,raw_l2/trade_date=2026-07-17/exchange=NSE/symbol=NIFTYBEES/part-090459_205977-043384.parquet,real_data_sample\l2_unseen_validation\trade_date=2026-07-17\exchange=NSE\symbol=NIFTYBEES\part-090459_205977-043384.parquet,35291,downloaded,35291,
2026-07-17,NSE,NIFTYBEES,raw_l2/trade_date=2026-07-17/exchange=NSE/symbol=NIFTYBEES/part-090528_266583-043448.parquet,real_data_sample\l2_unseen_validation\trade_date=2026-07-17\exchange=NSE\symbol=NIFTYBEES\part-090528_266583-043448.parquet,35412,downloaded,35412,
2026-07-17,NSE,NIFTYBEES,raw_l2/trade_date=2026-07-17/exchange=NSE/symbol=NIFTYBEES/part-091035_101246-044120.parquet,real_data_sample\l2_unseen_validation\trade_date=2026-07-17\exchange=NSE\symbol=NIFTYBEES\part-091035_101246-044120.parquet,35151,downloaded,35151,
2026-07-17,NSE,NIFTYBEES,raw_l2/trade_date=2026-07-17/exchange=NSE/symbol=NIFTYBEES/part-090444_474974-043352.parquet,real_data_sample\l2_unseen_validation\trade_date=2026-07-17\exchange=NSE\symbol=NIFTYBEES\part-090444_474974-043352.parquet,35399,downloaded,35399,
2026-07-17,NSE,NIFTYBEES,raw_l2/trade_date=2026-07-17/exchange=NSE/symbol=NIFTYBEES/part-090709_330546-043672.parquet,real_data_sample\l2_unseen_validation\trade_date=2026-07-17\exchange=NSE\symbol=NIFTYBEES\part-090709_330546-043672.parquet,34597,downloaded,34597,
2026-07-17,NSE,NIFTYBEES,raw_l2/trade_date=2026-07-17/exchange=NSE/symbol=NIFTYBEES/part-090400_984193-043256.parquet,real_data_sample\l2_unseen_validation\trade_date=2026-07-17\exchange=NSE\symbol=NIFTYBEES\part-090400_984193-043256.parquet,34603,downloaded,34603,
2026-07-17,NSE,NIFTYBEES,raw_l2/trade_date=2026-07-17/exchange=NSE/symbol=NIFTYBEES/part-091049_698887-044152.parquet,real_data_sample\l2_unseen_validation\trade_date=2026-07-17\exchange=NSE\symbol=NIFTYBEES\part-091049_698887-044152.parquet,35249,downloaded,35249,
2026-07-17,NSE,NIFTYBEES,raw_l2/trade_date=2026-07-17/exchange=NSE/symbol=NIFTYBEES/part-091331_830329-044504.parquet,real_data_sample\l2_unseen_validation\trade_date=2026-07-17\exchange=NSE\symbol=NIFTYBEES\part-091331_830329-044504.parquet,34766,downloaded,34766,
2026-07-17,NSE,NIFTYBEES,raw_l2/trade_date=2026-07-17/exchange=NSE/symbol=NIFTYBEES/part-091148_360911-044280.parquet,real_data_sample\l2_unseen_validation\trade_date=2026-07-17\exchange=NSE\symbol=NIFTYBEES\part-091148_360911-044280.parquet,34639,downloaded,34639,
2026-07-17,NSE,NIFTYBEES,raw_l2/trade_date=2026-07-17/exchange=NSE/symbol=NIFTYBEES/part-091317_397532-044472.parquet,real_data_sample\l2_unseen_validation\trade_date=2026-07-17\exchange=NSE\symbol=NIFTYBEES\part-091317_397532-044472.parquet,35366,downloaded,35366,
2026-07-17,NSE,NIFTYBEES,raw_l2/trade_date=2026-07-17/exchange=NSE/symbol=NIFTYBEES/part-090316_817538-043160.parquet,real_data_sample\l2_unseen_validation\trade_date=2026-07-17\exchange=NSE\symbol=NIFTYBEES\part-090316_817538-043160.parquet,34980,downloaded,34980,
2026-07-17,NSE,NIFTYBEES,raw_l2/trade_date=2026-07-17/exchange=NSE/symbol=NIFTYBEES/part-091346_277618-044536.parquet,real_data_sample\l2_unseen_validation\trade_date=2026-07-17\exchange=NSE\symbol=NIFTYBEES\part-091346_277618-044536.parquet,34662,downloaded,34662,
2026-07-17,NSE,NIFTYBEES,raw_l2/trade_date=2026-07-17/exchange=NSE/symbol=NIFTYBEES/part-091233_719049-044376.parquet,real_data_sample\l2_unseen_validation\trade_date=2026-07-17\exchange=NSE\symbol=NIFTYBEES\part-091233_719049-044376.parquet,35280,downloaded,35280,
2026-07-17,NSE,NIFTYBEES,raw_l2/trade_date=2026-07-17/exchange=NSE/symbol=NIFTYBEES/part-091119_197300-044216.parquet,real_data_sample\l2_unseen_validation\trade_date=2026-07-17\exchange=NSE\symbol=NIFTYBEES\part-091119_197300-044216.parquet,35445,downloaded,35445,
2026-07-17,NSE,NIFTYBEES,raw_l2/trade_date=2026-07-17/exchange=NSE/symbol=NIFTYBEES/part-091134_003868-044248.parquet,real_data_sample\l2_unseen_validation\trade_date=2026-07-17\exchange=NSE\symbol=NIFTYBEES\part-091134_003868-044248.parquet,34766,downloaded,34766,
2026-07-17,NSE,NIFTYBEES,raw_l2/trade_date=2026-07-17/exchange=NSE/symbol=NIFTYBEES/part-091104_270832-044184.parquet,real_data_sample\l2_unseen_validation\trade_date=2026-07-17\exchange=NSE\symbol=NIFTYBEES\part-091104_270832-044184.parquet,35338,downloaded,35338,
2026-07-17,NSE,NIFTYBEES,raw_l2/trade_date=2026-07-17/exchange=NSE/symbol=NIFTYBEES/part-091302_760794-044440.parquet,real_data_sample\l2_unseen_validation\trade_date=2026-07-17\exchange=NSE\symbol=NIFTYBEES\part-091302_760794-044440.parquet,35169,downloaded,35169,
2026-07-17,NSE,NIFTYBEES,raw_l2/trade_date=2026-07-17/exchange=NSE/symbol=NIFTYBEES/part-091218_288705-044344.parquet,real_data_sample\l2_unseen_validation\trade_date=2026-07-17\exchange=NSE\symbol=NIFTYBEES\part-091218_288705-044344.parquet,34848,downloaded,34848,
2026-07-17,NSE,NIFTYBEES,raw_l2/trade_date=2026-07-17/exchange=NSE/symbol=NIFTYBEES/part-091248_297807-044408.parquet,real_data_sample\l2_unseen_validation\trade_date=2026-07-17\exchange=NSE\symbol=NIFTYBEES\part-091248_297807-044408.parquet,35427,downloaded,35427,
2026-07-17,NSE,NIFTYBEES,raw_l2/trade_date=2026-07-17/exchange=NSE/symbol=NIFTYBEES/part-091458_431518-044696.parquet,real_data_sample\l2_unseen_validation\trade_date=2026-07-17\exchange=NSE\symbol=NIFTYBEES\part-091458_431518-044696.parquet,34562,downloaded,34562,
2026-07-17,NSE,NIFTYBEES,raw_l2/trade_date=2026-07-17/exchange=NSE/symbol=NIFTYBEES/part-091556_052884-044824.parquet,real_data_sample\l2_unseen_validation\trade_date=2026-07-17\exchange=NSE\symbol=NIFTYBEES\part-091556_052884-044824.parquet,35146,downloaded,35146,
2026-07-17,NSE,NIFTYBEES,raw_l2/trade_date=2026-07-17/exchange=NSE/symbol=NIFTYBEES/part-091443_986978-044664.parquet,real_data_sample\l2_unseen_validation\trade_date=2026-07-17\exchange=NSE\symbol=NIFTYBEES\part-091443_986978-044664.parquet,34623,downloaded,34623,
2026-07-17,NSE,NIFTYBEES,raw_l2/trade_date=2026-07-17/exchange=NSE/symbol=NIFTYBEES/part-091541_357268-044792.parquet,real_data_sample\l2_unseen_validation\trade_date=2026-07-17\exchange=NSE\symbol=NIFTYBEES\part-091541_357268-044792.parquet,34946,downloaded,34946,
2026-07-17,NSE,NIFTYBEES,raw_l2/trade_date=2026-07-17/exchange=NSE/symbol=NIFTYBEES/part-091203_021036-044312.parquet,real_data_sample\l2_unseen_validation\trade_date=2026-07-17\exchange=NSE\symbol=NIFTYBEES\part-091203_021036-044312.parquet,34891,downloaded,34891,
2026-07-17,NSE,NIFTYBEES,raw_l2/trade_date=2026-07-17/exchange=NSE/symbol=NIFTYBEES/part-091804_651151-045112.parquet,real_data_sample\l2_unseen_validation\trade_date=2026-07-17\exchange=NSE\symbol=NIFTYBEES\part-091804_651151-045112.parquet,35161,downloaded,35161,
2026-07-17,NSE,NIFTYBEES,raw_l2/trade_date=2026-07-17/exchange=NSE/symbol=NIFTYBEES/part-091429_587893-044632.parquet,real_data_sample\l2_unseen_validation\trade_date=2026-07-17\exchange=NSE\symbol=NIFTYBEES\part-091429_587893-044632.parquet,34511,downloaded,34511,
2026-07-17,NSE,NIFTYBEES,raw_l2/trade_date=2026-07-17/exchange=NSE/symbol=NIFTYBEES/part-091610_535815-044856.parquet,real_data_sample\l2_unseen_validation\trade_date=2026-07-17\exchange=NSE\symbol=NIFTYBEES\part-091610_535815-044856.parquet,35285,downloaded,35285,
2026-07-17,NSE,NIFTYBEES,raw_l2/trade_date=2026-07-17/exchange=NSE/symbol=NIFTYBEES/part-091527_007895-044760.parquet,real_data_sample\l2_unseen_validation\trade_date=2026-07-17\exchange=NSE\symbol=NIFTYBEES\part-091527_007895-044760.parquet,35291,downloaded,35291,
2026-07-17,NSE,NIFTYBEES,raw_l2/trade_date=2026-07-17/exchange=NSE/symbol=NIFTYBEES/part-091512_816307-044728.parquet,real_data_sample\l2_unseen_validation\trade_date=2026-07-17\exchange=NSE\symbol=NIFTYBEES\part-091512_816307-044728.parquet,34487,downloaded,34487,
2026-07-17,NSE,NIFTYBEES,raw_l2/trade_date=2026-07-17/exchange=NSE/symbol=NIFTYBEES/part-091653_425901-044952.parquet,real_data_sample\l2_unseen_validation\trade_date=2026-07-17\exchange=NSE\symbol=NIFTYBEES\part-091653_425901-044952.parquet,34988,downloaded,34988,
2026-07-17,NSE,NIFTYBEES,raw_l2/trade_date=2026-07-17/exchange=NSE/symbol=NIFTYBEES/part-091707_684734-044984.parquet,real_data_sample\l2_unseen_validation\trade_date=2026-07-17\exchange=NSE\symbol=NIFTYBEES\part-091707_684734-044984.parquet,35514,downloaded,35514,
2026-07-17,NSE,NIFTYBEES,raw_l2/trade_date=2026-07-17/exchange=NSE/symbol=NIFTYBEES/part-091400_879961-044568.parquet,real_data_sample\l2_unseen_validation\trade_date=2026-07-17\exchange=NSE\symbol=NIFTYBEES\part-091400_879961-044568.parquet,34625,downloaded,34625,
2026-07-17,NSE,NIFTYBEES,raw_l2/trade_date=2026-07-17/exchange=NSE/symbol=NIFTYBEES/part-091415_155953-044600.parquet,real_data_sample\l2_unseen_validation\trade_date=2026-07-17\exchange=NSE\symbol=NIFTYBEES\part-091415_155953-044600.parquet,34601,downloaded,34601,
2026-07-17,NSE,NIFTYBEES,raw_l2/trade_date=2026-07-17/exchange=NSE/symbol=NIFTYBEES/part-091735_956884-045048.parquet,real_data_sample\l2_unseen_validation\trade_date=2026-07-17\exchange=NSE\symbol=NIFTYBEES\part-091735_956884-045048.parquet,35309,downloaded,35309,
2026-07-17,NSE,NIFTYBEES,raw_l2/trade_date=2026-07-17/exchange=NSE/symbol=NIFTYBEES/part-091625_032862-044888.parquet,real_data_sample\l2_unseen_validation\trade_date=2026-07-17\exchange=NSE\symbol=NIFTYBEES\part-091625_032862-044888.parquet,35469,downloaded,35469,
2026-07-17,NSE,NIFTYBEES,raw_l2/trade_date=2026-07-17/exchange=NSE/symbol=NIFTYBEES/part-091721_817561-045016.parquet,real_data_sample\l2_unseen_validation\trade_date=2026-07-17\exchange=NSE\symbol=NIFTYBEES\part-091721_817561-045016.parquet,35487,downloaded,35487,
2026-07-17,NSE,NIFTYBEES,raw_l2/trade_date=2026-07-17/exchange=NSE/symbol=NIFTYBEES/part-091750_134811-045080.parquet,real_data_sample\l2_unseen_validation\trade_date=2026-07-17\exchange=NSE\symbol=NIFTYBEES\part-091750_134811-045080.parquet,35382,downloaded,35382,
2026-07-17,NSE,NIFTYBEES,raw_l2/trade_date=2026-07-17/exchange=NSE/symbol=NIFTYBEES/part-091639_256428-044920.parquet,real_data_sample\l2_unseen_validation\trade_date=2026-07-17\exchange=NSE\symbol=NIFTYBEES\part-091639_256428-044920.parquet,35448,downloaded,35448,
2026-07-17,NSE,NIFTYBEES,raw_l2/trade_date=2026-07-17/exchange=NSE/symbol=NIFTYBEES/part-091819_083023-045144.parquet,real_data_sample\l2_unseen_validation\trade_date=2026-07-17\exchange=NSE\symbol=NIFTYBEES\part-091819_083023-045144.parquet,35038,downloaded,35038,
2026-07-17,NSE,NIFTYBEES,raw_l2/trade_date=2026-07-17/exchange=NSE/symbol=NIFTYBEES/part-091902_300857-045240.parquet,real_data_sample\l2_unseen_validation\trade_date=2026-07-17\exchange=NSE\symbol=NIFTYBEES\part-091902_300857-045240.parquet,34592,downloaded,34592,
2026-07-17,NSE,NIFTYBEES,raw_l2/trade_date=2026-07-17/exchange=NSE/symbol=NIFTYBEES/part-091833_462820-045176.parquet,real_data_sample\l2_unseen_validation\trade_date=2026-07-17\exchange=NSE\symbol=NIFTYBEES\part-091833_462820-045176.parquet,34782,downloaded,34782,
2026-07-17,NSE,NIFTYBEES,raw_l2/trade_date=2026-07-17/exchange=NSE/symbol=NIFTYBEES/part-091847_778214-045208.parquet,real_data_sample\l2_unseen_validation\trade_date=2026-07-17\exchange=NSE\symbol=NIFTYBEES\part-091847_778214-045208.parquet,34689,downloaded,34689,
2026-07-17,NSE,NIFTYBEES,raw_l2/trade_date=2026-07-17/exchange=NSE/symbol=NIFTYBEES/part-092125_520006-045560.parquet,real_data_sample\l2_unseen_validation\trade_date=2026-07-17\exchange=NSE\symbol=NIFTYBEES\part-092125_520006-045560.parquet,34546,downloaded,34546,
2026-07-17,NSE,NIFTYBEES,raw_l2/trade_date=2026-07-17/exchange=NSE/symbol=NIFTYBEES/part-092208_695621-045656.parquet,real_data_sample\l2_unseen_validation\trade_date=2026-07-17\exchange=NSE\symbol=NIFTYBEES\part-092208_695621-045656.parquet,34628,downloaded,34628,
2026-07-17,NSE,NIFTYBEES,raw_l2/trade_date=2026-07-17/exchange=NSE/symbol=NIFTYBEES/part-092140_199320-045592.parquet,real_data_sample\l2_unseen_validation\trade_date=2026-07-17\exchange=NSE\symbol=NIFTYBEES\part-092140_199320-045592.parquet,34676,downloaded,34676,
2026-07-17,NSE,NIFTYBEES,raw_l2/trade_date=2026-07-17/exchange=NSE/symbol=NIFTYBEES/part-092154_467114-045624.parquet,real_data_sample\l2_unseen_validation\trade_date=2026-07-17\exchange=NSE\symbol=NIFTYBEES\part-092154_467114-045624.parquet,34622,downloaded,34622,
2026-07-17,NSE,NIFTYBEES,raw_l2/trade_date=2026-07-17/exchange=NSE/symbol=NIFTYBEES/part-092447_752382-046008.parquet,real_data_sample\l2_unseen_validation\trade_date=2026-07-17\exchange=NSE\symbol=NIFTYBEES\part-092447_752382-046008.parquet,35600,downloaded,35600,
2026-07-17,NSE,NIFTYBEES,raw_l2/trade_date=2026-07-17/exchange=NSE/symbol=NIFTYBEES/part-092418_777788-045944.parquet,real_data_sample\l2_unseen_validation\trade_date=2026-07-17\exchange=NSE\symbol=NIFTYBEES\part-092418_777788-045944.parquet,35208,downloaded,35208,
2026-07-17,NSE,NIFTYBEES,raw_l2/trade_date=2026-07-17/exchange=NSE/symbol=NIFTYBEES/part-092433_493284-045976.parquet,real_data_sample\l2_unseen_validation\trade_date=2026-07-17\exchange=NSE\symbol=NIFTYBEES\part-092433_493284-045976.parquet,35554,downloaded,35554,
2026-07-17,NSE,NIFTYBEES,raw_l2/trade_date=2026-07-17/exchange=NSE/symbol=NIFTYBEES/part-092320_759219-045816.parquet,real_data_sample\l2_unseen_validation\trade_date=2026-07-17\exchange=NSE\symbol=NIFTYBEES\part-092320_759219-045816.parquet,34591,downloaded,34591,
2026-07-17,NSE,NIFTYBEES,raw_l2/trade_date=2026-07-17/exchange=NSE/symbol=NIFTYBEES/part-092335_488434-045848.parquet,real_data_sample\l2_unseen_validation\trade_date=2026-07-17\exchange=NSE\symbol=NIFTYBEES\part-092335_488434-045848.parquet,34675,downloaded,34675,
2026-07-17,NSE,NIFTYBEES,raw_l2/trade_date=2026-07-17/exchange=NSE/symbol=NIFTYBEES/part-092306_006378-045784.parquet,real_data_sample\l2_unseen_validation\trade_date=2026-07-17\exchange=NSE\symbol=NIFTYBEES\part-092306_006378-045784.parquet,34845,downloaded,34845,
2026-07-17,NSE,NIFTYBEES,raw_l2/trade_date=2026-07-17/exchange=NSE/symbol=NIFTYBEES/part-092404_312831-045912.parquet,real_data_sample\l2_unseen_validation\trade_date=2026-07-17\exchange=NSE\symbol=NIFTYBEES\part-092404_312831-045912.parquet,34736,downloaded,34736,
2026-07-17,NSE,NIFTYBEES,raw_l2/trade_date=2026-07-17/exchange=NSE/symbol=NIFTYBEES/part-092349_780690-045880.parquet,real_data_sample\l2_unseen_validation\trade_date=2026-07-17\exchange=NSE\symbol=NIFTYBEES\part-092349_780690-045880.parquet,34875,downloaded,34875,
2026-07-17,NSE,NIFTYBEES,raw_l2/trade_date=2026-07-17/exchange=NSE/symbol=NIFTYBEES/part-092237_307540-045720.parquet,real_data_sample\l2_unseen_validation\trade_date=2026-07-17\exchange=NSE\symbol=NIFTYBEES\part-092237_307540-045720.parquet,34632,downloaded,34632,
2026-07-17,NSE,NIFTYBEES,raw_l2/trade_date=2026-07-17/exchange=NSE/symbol=NIFTYBEES/part-092531_517546-046104.parquet,real_data_sample\l2_unseen_validation\trade_date=2026-07-17\exchange=NSE\symbol=NIFTYBEES\part-092531_517546-046104.parquet,35705,downloaded,35705,
2026-07-17,NSE,NIFTYBEES,raw_l2/trade_date=2026-07-17/exchange=NSE/symbol=NIFTYBEES/part-092251_749266-045752.parquet,real_data_sample\l2_unseen_validation\trade_date=2026-07-17\exchange=NSE\symbol=NIFTYBEES\part-092251_749266-045752.parquet,34816,downloaded,34816,
2026-07-17,NSE,NIFTYBEES,raw_l2/trade_date=2026-07-17/exchange=NSE/symbol=NIFTYBEES/part-092222_947809-045688.parquet,real_data_sample\l2_unseen_validation\trade_date=2026-07-17\exchange=NSE\symbol=NIFTYBEES\part-092222_947809-045688.parquet,34616,downloaded,34616,
2026-07-17,NSE,NIFTYBEES,raw_l2/trade_date=2026-07-17/exchange=NSE/symbol=NIFTYBEES/part-092546_181222-046136.parquet,real_data_sample\l2_unseen_validation\trade_date=2026-07-17\exchange=NSE\symbol=NIFTYBEES\part-092546_181222-046136.parquet,35678,downloaded,35678,
2026-07-17,NSE,NIFTYBEES,raw_l2/trade_date=2026-07-17/exchange=NSE/symbol=NIFTYBEES/part-092600_778050-046168.parquet,real_data_sample\l2_unseen_validation\trade_date=2026-07-17\exchange=NSE\symbol=NIFTYBEES\part-092600_778050-046168.parquet,35197,downloaded,35197,
2026-07-17,NSE,NIFTYBEES,raw_l2/trade_date=2026-07-17/exchange=NSE/symbol=NIFTYBEES/part-092517_033662-046072.parquet,real_data_sample\l2_unseen_validation\trade_date=2026-07-17\exchange=NSE\symbol=NIFTYBEES\part-092517_033662-046072.parquet,35632,downloaded,35632,
2026-07-17,NSE,NIFTYBEES,raw_l2/trade_date=2026-07-17/exchange=NSE/symbol=NIFTYBEES/part-092502_403820-046040.parquet,real_data_sample\l2_unseen_validation\trade_date=2026-07-17\exchange=NSE\symbol=NIFTYBEES\part-092502_403820-046040.parquet,35626,downloaded,35626,
2026-07-17,NSE,NIFTYBEES,raw_l2/trade_date=2026-07-17/exchange=NSE/symbol=NIFTYBEES/part-092615_537403-046200.parquet,real_data_sample\l2_unseen_validation\trade_date=2026-07-17\exchange=NSE\symbol=NIFTYBEES\part-092615_537403-046200.parquet,35578,downloaded,35578,
2026-07-17,NSE,NIFTYBEES,raw_l2/trade_date=2026-07-17/exchange=NSE/symbol=NIFTYBEES/part-092630_683593-046232.parquet,real_data_sample\l2_unseen_validation\trade_date=2026-07-17\exchange=NSE\symbol=NIFTYBEES\part-092630_683593-046232.parquet,35770,downloaded,35770,
2026-07-17,NSE,NIFTYBEES,raw_l2/trade_date=2026-07-17/exchange=NSE/symbol=NIFTYBEES/part-092713_771980-046328.parquet,real_data_sample\l2_unseen_validation\trade_date=2026-07-17\exchange=NSE\symbol=NIFTYBEES\part-092713_771980-046328.parquet,35111,downloaded,35111,
2026-07-17,NSE,NIFTYBEES,raw_l2/trade_date=2026-07-17/exchange=NSE/symbol=NIFTYBEES/part-092728_198165-046360.parquet,real_data_sample\l2_unseen_validation\trade_date=2026-07-17\exchange=NSE\symbol=NIFTYBEES\part-092728_198165-046360.parquet,34961,downloaded,34961,
2026-07-17,NSE,NIFTYBEES,raw_l2/trade_date=2026-07-17/exchange=NSE/symbol=NIFTYBEES/part-093105_748190-046840.parquet,real_data_sample\l2_unseen_validation\trade_date=2026-07-17\exchange=NSE\symbol=NIFTYBEES\part-093105_748190-046840.parquet,34635,downloaded,34635,
2026-07-17,NSE,NIFTYBEES,raw_l2/trade_date=2026-07-17/exchange=NSE/symbol=NIFTYBEES/part-092924_096881-046616.parquet,real_data_sample\l2_unseen_validation\trade_date=2026-07-17\exchange=NSE\symbol=NIFTYBEES\part-092924_096881-046616.parquet,34621,downloaded,34621,
2026-07-17,NSE,NIFTYBEES,raw_l2/trade_date=2026-07-17/exchange=NSE/symbol=NIFTYBEES/part-092953_303312-046680.parquet,real_data_sample\l2_unseen_validation\trade_date=2026-07-17\exchange=NSE\symbol=NIFTYBEES\part-092953_303312-046680.parquet,34813,downloaded,34813,
2026-07-17,NSE,NIFTYBEES,raw_l2/trade_date=2026-07-17/exchange=NSE/symbol=NIFTYBEES/part-092840_436447-046520.parquet,real_data_sample\l2_unseen_validation\trade_date=2026-07-17\exchange=NSE\symbol=NIFTYBEES\part-092840_436447-046520.parquet,34657,downloaded,34657,
2026-07-17,NSE,NIFTYBEES,raw_l2/trade_date=2026-07-17/exchange=NSE/symbol=NIFTYBEES/part-092742_653104-046392.parquet,real_data_sample\l2_unseen_validation\trade_date=2026-07-17\exchange=NSE\symbol=NIFTYBEES\part-092742_653104-046392.parquet,34989,downloaded,34989,
2026-07-17,NSE,NIFTYBEES,raw_l2/trade_date=2026-07-17/exchange=NSE/symbol=NIFTYBEES/part-093022_641805-046744.parquet,real_data_sample\l2_unseen_validation\trade_date=2026-07-17\exchange=NSE\symbol=NIFTYBEES\part-093022_641805-046744.parquet,34553,downloaded,34553,
2026-07-17,NSE,NIFTYBEES,raw_l2/trade_date=2026-07-17/exchange=NSE/symbol=NIFTYBEES/part-093037_178735-046776.parquet,real_data_sample\l2_unseen_validation\trade_date=2026-07-17\exchange=NSE\symbol=NIFTYBEES\part-093037_178735-046776.parquet,34388,downloaded,34388,
2026-07-17,NSE,NIFTYBEES,raw_l2/trade_date=2026-07-17/exchange=NSE/symbol=NIFTYBEES/part-092854_762272-046552.parquet,real_data_sample\l2_unseen_validation\trade_date=2026-07-17\exchange=NSE\symbol=NIFTYBEES\part-092854_762272-046552.parquet,34680,downloaded,34680,
2026-07-17,NSE,NIFTYBEES,raw_l2/trade_date=2026-07-17/exchange=NSE/symbol=NIFTYBEES/part-092825_886180-046488.parquet,real_data_sample\l2_unseen_validation\trade_date=2026-07-17\exchange=NSE\symbol=NIFTYBEES\part-092825_886180-046488.parquet,34570,downloaded,34570,
2026-07-17,NSE,NIFTYBEES,raw_l2/trade_date=2026-07-17/exchange=NSE/symbol=NIFTYBEES/part-092938_696414-046648.parquet,real_data_sample\l2_unseen_validation\trade_date=2026-07-17\exchange=NSE\symbol=NIFTYBEES\part-092938_696414-046648.parquet,34618,downloaded,34618,
2026-07-17,NSE,NIFTYBEES,raw_l2/trade_date=2026-07-17/exchange=NSE/symbol=NIFTYBEES/part-093148_782160-046936.parquet,real_data_sample\l2_unseen_validation\trade_date=2026-07-17\exchange=NSE\symbol=NIFTYBEES\part-093148_782160-046936.parquet,34627,downloaded,34627,
2026-07-17,NSE,NIFTYBEES,raw_l2/trade_date=2026-07-17/exchange=NSE/symbol=NIFTYBEES/part-092909_589987-046584.parquet,real_data_sample\l2_unseen_validation\trade_date=2026-07-17\exchange=NSE\symbol=NIFTYBEES\part-092909_589987-046584.parquet,34534,downloaded,34534,
2026-07-17,NSE,NIFTYBEES,raw_l2/trade_date=2026-07-17/exchange=NSE/symbol=NIFTYBEES/part-092811_358479-046456.parquet,real_data_sample\l2_unseen_validation\trade_date=2026-07-17\exchange=NSE\symbol=NIFTYBEES\part-092811_358479-046456.parquet,34873,downloaded,34873,
2026-07-17,NSE,NIFTYBEES,raw_l2/trade_date=2026-07-17/exchange=NSE/symbol=NIFTYBEES/part-092757_049594-046424.parquet,real_data_sample\l2_unseen_validation\trade_date=2026-07-17\exchange=NSE\symbol=NIFTYBEES\part-092757_049594-046424.parquet,35024,downloaded,35024,
2026-07-17,NSE,NIFTYBEES,raw_l2/trade_date=2026-07-17/exchange=NSE/symbol=NIFTYBEES/part-092659_430723-046296.parquet,real_data_sample\l2_unseen_validation\trade_date=2026-07-17\exchange=NSE\symbol=NIFTYBEES\part-092659_430723-046296.parquet,35552,downloaded,35552,
2026-07-17,NSE,NIFTYBEES,raw_l2/trade_date=2026-07-17/exchange=NSE/symbol=NIFTYBEES/part-093008_103353-046712.parquet,real_data_sample\l2_unseen_validation\trade_date=2026-07-17\exchange=NSE\symbol=NIFTYBEES\part-093008_103353-046712.parquet,34471,downloaded,34471,
2026-07-17,NSE,NIFTYBEES,raw_l2/trade_date=2026-07-17/exchange=NSE/symbol=NIFTYBEES/part-093120_103996-046872.parquet,real_data_sample\l2_unseen_validation\trade_date=2026-07-17\exchange=NSE\symbol=NIFTYBEES\part-093120_103996-046872.parquet,34429,downloaded,34429,
2026-07-17,NSE,NIFTYBEES,raw_l2/trade_date=2026-07-17/exchange=NSE/symbol=NIFTYBEES/part-092645_197857-046264.parquet,real_data_sample\l2_unseen_validation\trade_date=2026-07-17\exchange=NSE\symbol=NIFTYBEES\part-092645_197857-046264.parquet,36004,downloaded,36004,
2026-07-17,NSE,NIFTYBEES,raw_l2/trade_date=2026-07-17/exchange=NSE/symbol=NIFTYBEES/part-093134_356944-046904.parquet,real_data_sample\l2_unseen_validation\trade_date=2026-07-17\exchange=NSE\symbol=NIFTYBEES\part-093134_356944-046904.parquet,34523,downloaded,34523,
2026-07-17,NSE,NIFTYBEES,raw_l2/trade_date=2026-07-17/exchange=NSE/symbol=NIFTYBEES/part-093203_109106-046968.parquet,real_data_sample\l2_unseen_validation\trade_date=2026-07-17\exchange=NSE\symbol=NIFTYBEES\part-093203_109106-046968.parquet,34663,downloaded,34663,
2026-07-17,NSE,NIFTYBEES,raw_l2/trade_date=2026-07-17/exchange=NSE/symbol=NIFTYBEES/part-093051_523173-046808.parquet,real_data_sample\l2_unseen_validation\trade_date=2026-07-17\exchange=NSE\symbol=NIFTYBEES\part-093051_523173-046808.parquet,34693,downloaded,34693,
2026-07-17,NSE,NIFTYBEES,raw_l2/trade_date=2026-07-17/exchange=NSE/symbol=NIFTYBEES/part-093356_257533-047224.parquet,real_data_sample\l2_unseen_validation\trade_date=2026-07-17\exchange=NSE\symbol=NIFTYBEES\part-093356_257533-047224.parquet,35108,downloaded,35108,
2026-07-17,NSE,NIFTYBEES,raw_l2/trade_date=2026-07-17/exchange=NSE/symbol=NIFTYBEES/part-093217_024330-047000.parquet,real_data_sample\l2_unseen_validation\trade_date=2026-07-17\exchange=NSE\symbol=NIFTYBEES\part-093217_024330-047000.parquet,34774,downloaded,34774,
2026-07-17,NSE,NIFTYBEES,raw_l2/trade_date=2026-07-17/exchange=NSE/symbol=NIFTYBEES/part-093245_468757-047064.parquet,real_data_sample\l2_unseen_validation\trade_date=2026-07-17\exchange=NSE\symbol=NIFTYBEES\part-093245_468757-047064.parquet,35366,downloaded,35366,
2026-07-17,NSE,NIFTYBEES,raw_l2/trade_date=2026-07-17/exchange=NSE/symbol=NIFTYBEES/part-093410_328009-047256.parquet,real_data_sample\l2_unseen_validation\trade_date=2026-07-17\exchange=NSE\symbol=NIFTYBEES\part-093410_328009-047256.parquet,35836,downloaded,35836,
2026-07-17,NSE,NIFTYBEES,raw_l2/trade_date=2026-07-17/exchange=NSE/symbol=NIFTYBEES/part-093231_132072-047032.parquet,real_data_sample\l2_unseen_validation\trade_date=2026-07-17\exchange=NSE\symbol=NIFTYBEES\part-093231_132072-047032.parquet,35295,downloaded,35295,
2026-07-17,NSE,NIFTYBEES,raw_l2/trade_date=2026-07-17/exchange=NSE/symbol=NIFTYBEES/part-093647_254465-047608.parquet,real_data_sample\l2_unseen_validation\trade_date=2026-07-17\exchange=NSE\symbol=NIFTYBEES\part-093647_254465-047608.parquet,34406,downloaded,34406,
2026-07-17,NSE,NIFTYBEES,raw_l2/trade_date=2026-07-17/exchange=NSE/symbol=NIFTYBEES/part-093259_529689-047096.parquet,real_data_sample\l2_unseen_validation\trade_date=2026-07-17\exchange=NSE\symbol=NIFTYBEES\part-093259_529689-047096.parquet,35517,downloaded,35517,
2026-07-17,NSE,NIFTYBEES,raw_l2/trade_date=2026-07-17/exchange=NSE/symbol=NIFTYBEES/part-093715_333844-047672.parquet,real_data_sample\l2_unseen_validation\trade_date=2026-07-17\exchange=NSE\symbol=NIFTYBEES\part-093715_333844-047672.parquet,34626,downloaded,34626,
2026-07-17,NSE,NIFTYBEES,raw_l2/trade_date=2026-07-17/exchange=NSE/symbol=NIFTYBEES/part-093328_064715-047160.parquet,real_data_sample\l2_unseen_validation\trade_date=2026-07-17\exchange=NSE\symbol=NIFTYBEES\part-093328_064715-047160.parquet,35215,downloaded,35215,
2026-07-17,NSE,NIFTYBEES,raw_l2/trade_date=2026-07-17/exchange=NSE/symbol=NIFTYBEES/part-093313_853829-047128.parquet,real_data_sample\l2_unseen_validation\trade_date=2026-07-17\exchange=NSE\symbol=NIFTYBEES\part-093313_853829-047128.parquet,35323,downloaded,35323,
2026-07-17,NSE,NIFTYBEES,raw_l2/trade_date=2026-07-17/exchange=NSE/symbol=NIFTYBEES/part-093604_495593-047512.parquet,real_data_sample\l2_unseen_validation\trade_date=2026-07-17\exchange=NSE\symbol=NIFTYBEES\part-093604_495593-047512.parquet,34366,downloaded,34366,
2026-07-17,NSE,NIFTYBEES,raw_l2/trade_date=2026-07-17/exchange=NSE/symbol=NIFTYBEES/part-093521_422535-047416.parquet,real_data_sample\l2_unseen_validation\trade_date=2026-07-17\exchange=NSE\symbol=NIFTYBEES\part-093521_422535-047416.parquet,34573,downloaded,34573,
2026-07-17,NSE,NIFTYBEES,raw_l2/trade_date=2026-07-17/exchange=NSE/symbol=NIFTYBEES/part-093342_175328-047192.parquet,real_data_sample\l2_unseen_validation\trade_date=2026-07-17\exchange=NSE\symbol=NIFTYBEES\part-093342_175328-047192.parquet,35081,downloaded,35081,
2026-07-17,NSE,NIFTYBEES,raw_l2/trade_date=2026-07-17/exchange=NSE/symbol=NIFTYBEES/part-093618_928777-047544.parquet,real_data_sample\l2_unseen_validation\trade_date=2026-07-17\exchange=NSE\symbol=NIFTYBEES\part-093618_928777-047544.parquet,34530,downloaded,34530,
2026-07-17,NSE,NIFTYBEES,raw_l2/trade_date=2026-07-17/exchange=NSE/symbol=NIFTYBEES/part-093549_967332-047480.parquet,real_data_sample\l2_unseen_validation\trade_date=2026-07-17\exchange=NSE\symbol=NIFTYBEES\part-093549_967332-047480.parquet,34438,downloaded,34438,
2026-07-17,NSE,NIFTYBEES,raw_l2/trade_date=2026-07-17/exchange=NSE/symbol=NIFTYBEES/part-093507_082011-047384.parquet,real_data_sample\l2_unseen_validation\trade_date=2026-07-17\exchange=NSE\symbol=NIFTYBEES\part-093507_082011-047384.parquet,34404,downloaded,34404,
2026-07-17,NSE,NIFTYBEES,raw_l2/trade_date=2026-07-17/exchange=NSE/symbol=NIFTYBEES/part-093701_294085-047640.parquet,real_data_sample\l2_unseen_validation\trade_date=2026-07-17\exchange=NSE\symbol=NIFTYBEES\part-093701_294085-047640.parquet,34433,downloaded,34433,
2026-07-17,NSE,NIFTYBEES,raw_l2/trade_date=2026-07-17/exchange=NSE/symbol=NIFTYBEES/part-093633_112755-047576.parquet,real_data_sample\l2_unseen_validation\trade_date=2026-07-17\exchange=NSE\symbol=NIFTYBEES\part-093633_112755-047576.parquet,34530,downloaded,34530,
2026-07-17,NSE,NIFTYBEES,raw_l2/trade_date=2026-07-17/exchange=NSE/symbol=NIFTYBEES/part-093535_675501-047448.parquet,real_data_sample\l2_unseen_validation\trade_date=2026-07-17\exchange=NSE\symbol=NIFTYBEES\part-093535_675501-047448.parquet,34611,downloaded,34611,
2026-07-17,NSE,NIFTYBEES,raw_l2/trade_date=2026-07-17/exchange=NSE/symbol=NIFTYBEES/part-093452_603365-047352.parquet,real_data_sample\l2_unseen_validation\trade_date=2026-07-17\exchange=NSE\symbol=NIFTYBEES\part-093452_603365-047352.parquet,34617,downloaded,34617,
2026-07-17,NSE,NIFTYBEES,raw_l2/trade_date=2026-07-17/exchange=NSE/symbol=NIFTYBEES/part-093424_325903-047288.parquet,real_data_sample\l2_unseen_validation\trade_date=2026-07-17\exchange=NSE\symbol=NIFTYBEES\part-093424_325903-047288.parquet,34590,downloaded,34590,
2026-07-17,NSE,NIFTYBEES,raw_l2/trade_date=2026-07-17/exchange=NSE/symbol=NIFTYBEES/part-093438_478564-047320.parquet,real_data_sample\l2_unseen_validation\trade_date=2026-07-17\exchange=NSE\symbol=NIFTYBEES\part-093438_478564-047320.parquet,34677,downloaded,34677,
2026-07-17,NSE,NIFTYBEES,raw_l2/trade_date=2026-07-17/exchange=NSE/symbol=NIFTYBEES/part-093729_169048-047704.parquet,real_data_sample\l2_unseen_validation\trade_date=2026-07-17\exchange=NSE\symbol=NIFTYBEES\part-093729_169048-047704.parquet,35333,downloaded,35333,
2026-07-17,NSE,NIFTYBEES,raw_l2/trade_date=2026-07-17/exchange=NSE/symbol=NIFTYBEES/part-093757_338116-047768.parquet,real_data_sample\l2_unseen_validation\trade_date=2026-07-17\exchange=NSE\symbol=NIFTYBEES\part-093757_338116-047768.parquet,35325,downloaded,35325,
2026-07-17,NSE,NIFTYBEES,raw_l2/trade_date=2026-07-17/exchange=NSE/symbol=NIFTYBEES/part-093854_081833-047896.parquet,real_data_sample\l2_unseen_validation\trade_date=2026-07-17\exchange=NSE\symbol=NIFTYBEES\part-093854_081833-047896.parquet,35208,downloaded,35208,
2026-07-17,NSE,NIFTYBEES,raw_l2/trade_date=2026-07-17/exchange=NSE/symbol=NIFTYBEES/part-093839_968040-047864.parquet,real_data_sample\l2_unseen_validation\trade_date=2026-07-17\exchange=NSE\symbol=NIFTYBEES\part-093839_968040-047864.parquet,35467,downloaded,35467,
2026-07-17,NSE,NIFTYBEES,raw_l2/trade_date=2026-07-17/exchange=NSE/symbol=NIFTYBEES/part-094117_755017-048216.parquet,real_data_sample\l2_unseen_validation\trade_date=2026-07-17\exchange=NSE\symbol=NIFTYBEES\part-094117_755017-048216.parquet,34577,downloaded,34577,
2026-07-17,NSE,NIFTYBEES,raw_l2/trade_date=2026-07-17/exchange=NSE/symbol=NIFTYBEES/part-093825_658377-047832.parquet,real_data_sample\l2_unseen_validation\trade_date=2026-07-17\exchange=NSE\symbol=NIFTYBEES\part-093825_658377-047832.parquet,35343,downloaded,35343,
2026-07-17,NSE,NIFTYBEES,raw_l2/trade_date=2026-07-17/exchange=NSE/symbol=NIFTYBEES/part-094229_864381-048376.parquet,real_data_sample\l2_unseen_validation\trade_date=2026-07-17\exchange=NSE\symbol=NIFTYBEES\part-094229_864381-048376.parquet,34656,downloaded,34656,
2026-07-17,NSE,NIFTYBEES,raw_l2/trade_date=2026-07-17/exchange=NSE/symbol=NIFTYBEES/part-091959_561283-045368.parquet,real_data_sample\l2_unseen_validation\trade_date=2026-07-17\exchange=NSE\symbol=NIFTYBEES\part-091959_561283-045368.parquet,34521,downloaded,34521,
2026-07-17,NSE,NIFTYBEES,raw_l2/trade_date=2026-07-17/exchange=NSE/symbol=NIFTYBEES/part-093923_199656-047960.parquet,real_data_sample\l2_unseen_validation\trade_date=2026-07-17\exchange=NSE\symbol=NIFTYBEES\part-093923_199656-047960.parquet,34737,downloaded,34737,
2026-07-17,NSE,NIFTYBEES,raw_l2/trade_date=2026-07-17/exchange=NSE/symbol=NIFTYBEES/part-094006_124642-048056.parquet,real_data_sample\l2_unseen_validation\trade_date=2026-07-17\exchange=NSE\symbol=NIFTYBEES\part-094006_124642-048056.parquet,34567,downloaded,34567,
2026-07-17,NSE,NIFTYBEES,raw_l2/trade_date=2026-07-17/exchange=NSE/symbol=NIFTYBEES/part-093908_714228-047928.parquet,real_data_sample\l2_unseen_validation\trade_date=2026-07-17\exchange=NSE\symbol=NIFTYBEES\part-093908_714228-047928.parquet,35388,downloaded,35388,
2026-07-17,NSE,NIFTYBEES,raw_l2/trade_date=2026-07-17/exchange=NSE/symbol=NIFTYBEES/part-093937_404535-047992.parquet,real_data_sample\l2_unseen_validation\trade_date=2026-07-17\exchange=NSE\symbol=NIFTYBEES\part-093937_404535-047992.parquet,34371,downloaded,34371,
2026-07-17,NSE,NIFTYBEES,raw_l2/trade_date=2026-07-17/exchange=NSE/symbol=NIFTYBEES/part-094034_707832-048120.parquet,real_data_sample\l2_unseen_validation\trade_date=2026-07-17\exchange=NSE\symbol=NIFTYBEES\part-094034_707832-048120.parquet,34398,downloaded,34398,
2026-07-17,NSE,NIFTYBEES,raw_l2/trade_date=2026-07-17/exchange=NSE/symbol=NIFTYBEES/part-094215_418332-048344.parquet,real_data_sample\l2_unseen_validation\trade_date=2026-07-17\exchange=NSE\symbol=NIFTYBEES\part-094215_418332-048344.parquet,34672,downloaded,34672,
2026-07-17,NSE,NIFTYBEES,raw_l2/trade_date=2026-07-17/exchange=NSE/symbol=NIFTYBEES/part-094244_166834-048408.parquet,real_data_sample\l2_unseen_validation\trade_date=2026-07-17\exchange=NSE\symbol=NIFTYBEES\part-094244_166834-048408.parquet,34467,downloaded,34467,
2026-07-17,NSE,NIFTYBEES,raw_l2/trade_date=2026-07-17/exchange=NSE/symbol=NIFTYBEES/part-094048_954386-048152.parquet,real_data_sample\l2_unseen_validation\trade_date=2026-07-17\exchange=NSE\symbol=NIFTYBEES\part-094048_954386-048152.parquet,34556,downloaded,34556,
2026-07-17,NSE,NIFTYBEES,raw_l2/trade_date=2026-07-17/exchange=NSE/symbol=NIFTYBEES/part-094103_360418-048184.parquet,real_data_sample\l2_unseen_validation\trade_date=2026-07-17\exchange=NSE\symbol=NIFTYBEES\part-094103_360418-048184.parquet,34639,downloaded,34639,
2026-07-17,NSE,NIFTYBEES,raw_l2/trade_date=2026-07-17/exchange=NSE/symbol=NIFTYBEES/part-093951_886243-048024.parquet,real_data_sample\l2_unseen_validation\trade_date=2026-07-17\exchange=NSE\symbol=NIFTYBEES\part-093951_886243-048024.parquet,34453,downloaded,34453,
2026-07-17,NSE,NIFTYBEES,raw_l2/trade_date=2026-07-17/exchange=NSE/symbol=NIFTYBEES/part-094132_158856-048248.parquet,real_data_sample\l2_unseen_validation\trade_date=2026-07-17\exchange=NSE\symbol=NIFTYBEES\part-094132_158856-048248.parquet,34532,downloaded,34532,
2026-07-17,NSE,NIFTYBEES,raw_l2/trade_date=2026-07-17/exchange=NSE/symbol=NIFTYBEES/part-094258_315315-048440.parquet,real_data_sample\l2_unseen_validation\trade_date=2026-07-17\exchange=NSE\symbol=NIFTYBEES\part-094258_315315-048440.parquet,34403,downloaded,34403,
2026-07-17,NSE,NIFTYBEES,raw_l2/trade_date=2026-07-17/exchange=NSE/symbol=NIFTYBEES/part-094020_307627-048088.parquet,real_data_sample\l2_unseen_validation\trade_date=2026-07-17\exchange=NSE\symbol=NIFTYBEES\part-094020_307627-048088.parquet,34378,downloaded,34378,
2026-07-17,NSE,NIFTYBEES,raw_l2/trade_date=2026-07-17/exchange=NSE/symbol=NIFTYBEES/part-094201_068842-048312.parquet,real_data_sample\l2_unseen_validation\trade_date=2026-07-17\exchange=NSE\symbol=NIFTYBEES\part-094201_068842-048312.parquet,34375,downloaded,34375,
2026-07-17,NSE,NIFTYBEES,raw_l2/trade_date=2026-07-17/exchange=NSE/symbol=NIFTYBEES/part-094146_617435-048280.parquet,real_data_sample\l2_unseen_validation\trade_date=2026-07-17\exchange=NSE\symbol=NIFTYBEES\part-094146_617435-048280.parquet,34408,downloaded,34408,
2026-07-17,NSE,NIFTYBEES,raw_l2/trade_date=2026-07-17/exchange=NSE/symbol=NIFTYBEES/part-094355_585867-048568.parquet,real_data_sample\l2_unseen_validation\trade_date=2026-07-17\exchange=NSE\symbol=NIFTYBEES\part-094355_585867-048568.parquet,35783,downloaded,35783,
2026-07-17,NSE,NIFTYBEES,raw_l2/trade_date=2026-07-17/exchange=NSE/symbol=NIFTYBEES/part-094312_416365-048472.parquet,real_data_sample\l2_unseen_validation\trade_date=2026-07-17\exchange=NSE\symbol=NIFTYBEES\part-094312_416365-048472.parquet,34329,downloaded,34329,
2026-07-17,NSE,NIFTYBEES,raw_l2/trade_date=2026-07-17/exchange=NSE/symbol=NIFTYBEES/part-094646_746639-048952.parquet,real_data_sample\l2_unseen_validation\trade_date=2026-07-17\exchange=NSE\symbol=NIFTYBEES\part-094646_746639-048952.parquet,34411,downloaded,34411,
2026-07-17,NSE,NIFTYBEES,raw_l2/trade_date=2026-07-17/exchange=NSE/symbol=NIFTYBEES/part-094424_272273-048632.parquet,real_data_sample\l2_unseen_validation\trade_date=2026-07-17\exchange=NSE\symbol=NIFTYBEES\part-094424_272273-048632.parquet,34754,downloaded,34754,
2026-07-17,NSE,NIFTYBEES,raw_l2/trade_date=2026-07-17/exchange=NSE/symbol=NIFTYBEES/part-094410_042738-048600.parquet,real_data_sample\l2_unseen_validation\trade_date=2026-07-17\exchange=NSE\symbol=NIFTYBEES\part-094410_042738-048600.parquet,35422,downloaded,35422,
2026-07-17,NSE,NIFTYBEES,raw_l2/trade_date=2026-07-17/exchange=NSE/symbol=NIFTYBEES/part-094438_595669-048664.parquet,real_data_sample\l2_unseen_validation\trade_date=2026-07-17\exchange=NSE\symbol=NIFTYBEES\part-094438_595669-048664.parquet,34390,downloaded,34390,
2026-07-17,NSE,NIFTYBEES,raw_l2/trade_date=2026-07-17/exchange=NSE/symbol=NIFTYBEES/part-094632_812197-048920.parquet,real_data_sample\l2_unseen_validation\trade_date=2026-07-17\exchange=NSE\symbol=NIFTYBEES\part-094632_812197-048920.parquet,34616,downloaded,34616,
2026-07-17,NSE,NIFTYBEES,raw_l2/trade_date=2026-07-17/exchange=NSE/symbol=NIFTYBEES/part-094715_163215-049016.parquet,real_data_sample\l2_unseen_validation\trade_date=2026-07-17\exchange=NSE\symbol=NIFTYBEES\part-094715_163215-049016.parquet,34396,downloaded,34396,
2026-07-17,NSE,NIFTYBEES,raw_l2/trade_date=2026-07-17/exchange=NSE/symbol=NIFTYBEES/part-094758_135380-049112.parquet,real_data_sample\l2_unseen_validation\trade_date=2026-07-17\exchange=NSE\symbol=NIFTYBEES\part-094758_135380-049112.parquet,34397,downloaded,34397,
2026-07-17,NSE,NIFTYBEES,raw_l2/trade_date=2026-07-17/exchange=NSE/symbol=NIFTYBEES/part-094729_409265-049048.parquet,real_data_sample\l2_unseen_validation\trade_date=2026-07-17\exchange=NSE\symbol=NIFTYBEES\part-094729_409265-049048.parquet,34555,downloaded,34555,
2026-07-17,NSE,NIFTYBEES,raw_l2/trade_date=2026-07-17/exchange=NSE/symbol=NIFTYBEES/part-094812_316120-049144.parquet,real_data_sample\l2_unseen_validation\trade_date=2026-07-17\exchange=NSE\symbol=NIFTYBEES\part-094812_316120-049144.parquet,34474,downloaded,34474,
2026-07-17,NSE,NIFTYBEES,raw_l2/trade_date=2026-07-17/exchange=NSE/symbol=NIFTYBEES/part-094826_354099-049176.parquet,real_data_sample\l2_unseen_validation\trade_date=2026-07-17\exchange=NSE\symbol=NIFTYBEES\part-094826_354099-049176.parquet,34687,downloaded,34687,
2026-07-17,NSE,NIFTYBEES,raw_l2/trade_date=2026-07-17/exchange=NSE/symbol=NIFTYBEES/part-091916_813338-045272.parquet,real_data_sample\l2_unseen_validation\trade_date=2026-07-17\exchange=NSE\symbol=NIFTYBEES\part-091916_813338-045272.parquet,34636,downloaded,34636,
2026-07-17,NSE,NIFTYBEES,raw_l2/trade_date=2026-07-17/exchange=NSE/symbol=NIFTYBEES/part-092042_400162-045464.parquet,real_data_sample\l2_unseen_validation\trade_date=2026-07-17\exchange=NSE\symbol=NIFTYBEES\part-092042_400162-045464.parquet,34632,downloaded,34632,
2026-07-17,NSE,NIFTYBEES,raw_l2/trade_date=2026-07-17/exchange=NSE/symbol=NIFTYBEES/part-092028_212361-045432.parquet,real_data_sample\l2_unseen_validation\trade_date=2026-07-17\exchange=NSE\symbol=NIFTYBEES\part-092028_212361-045432.parquet,34489,downloaded,34489,
2026-07-17,NSE,NIFTYBEES,raw_l2/trade_date=2026-07-17/exchange=NSE/symbol=NIFTYBEES/part-094909_362816-049272.parquet,real_data_sample\l2_unseen_validation\trade_date=2026-07-17\exchange=NSE\symbol=NIFTYBEES\part-094909_362816-049272.parquet,34474,downloaded,34474,
2026-07-17,NSE,NIFTYBEES,raw_l2/trade_date=2026-07-17/exchange=NSE/symbol=NIFTYBEES/part-094855_080418-049240.parquet,real_data_sample\l2_unseen_validation\trade_date=2026-07-17\exchange=NSE\symbol=NIFTYBEES\part-094855_080418-049240.parquet,34566,downloaded,34566,
2026-07-17,NSE,NIFTYBEES,raw_l2/trade_date=2026-07-17/exchange=NSE/symbol=NIFTYBEES/part-092013_869979-045400.parquet,real_data_sample\l2_unseen_validation\trade_date=2026-07-17\exchange=NSE\symbol=NIFTYBEES\part-092013_869979-045400.parquet,34609,downloaded,34609,
2026-07-17,NSE,NIFTYBEES,raw_l2/trade_date=2026-07-17/exchange=NSE/symbol=NIFTYBEES/part-094840_705935-049208.parquet,real_data_sample\l2_unseen_validation\trade_date=2026-07-17\exchange=NSE\symbol=NIFTYBEES\part-094840_705935-049208.parquet,34421,downloaded,34421,
2026-07-17,NSE,NIFTYBEES,raw_l2/trade_date=2026-07-17/exchange=NSE/symbol=NIFTYBEES/part-094923_710075-049304.parquet,real_data_sample\l2_unseen_validation\trade_date=2026-07-17\exchange=NSE\symbol=NIFTYBEES\part-094923_710075-049304.parquet,34431,downloaded,34431,
2026-07-17,NSE,NIFTYBEES,raw_l2/trade_date=2026-07-17/exchange=NSE/symbol=NIFTYBEES/part-094952_175016-049368.parquet,real_data_sample\l2_unseen_validation\trade_date=2026-07-17\exchange=NSE\symbol=NIFTYBEES\part-094952_175016-049368.parquet,34451,downloaded,34451,
2026-07-17,NSE,NIFTYBEES,raw_l2/trade_date=2026-07-17/exchange=NSE/symbol=NIFTYBEES/part-095020_580855-049432.parquet,real_data_sample\l2_unseen_validation\trade_date=2026-07-17\exchange=NSE\symbol=NIFTYBEES\part-095020_580855-049432.parquet,34383,downloaded,34383,
2026-07-17,NSE,NIFTYBEES,raw_l2/trade_date=2026-07-17/exchange=NSE/symbol=NIFTYBEES/part-092056_885788-045496.parquet,real_data_sample\l2_unseen_validation\trade_date=2026-07-17\exchange=NSE\symbol=NIFTYBEES\part-092056_885788-045496.parquet,34824,downloaded,34824,
2026-07-17,NSE,NIFTYBEES,raw_l2/trade_date=2026-07-17/exchange=NSE/symbol=NIFTYBEES/part-095006_330273-049400.parquet,real_data_sample\l2_unseen_validation\trade_date=2026-07-17\exchange=NSE\symbol=NIFTYBEES\part-095006_330273-049400.parquet,34363,downloaded,34363,
2026-07-17,NSE,NIFTYBEES,raw_l2/trade_date=2026-07-17/exchange=NSE/symbol=NIFTYBEES/part-094938_017335-049336.parquet,real_data_sample\l2_unseen_validation\trade_date=2026-07-17\exchange=NSE\symbol=NIFTYBEES\part-094938_017335-049336.parquet,34499,downloaded,34499,
2026-07-17,NSE,NIFTYBEES,raw_l2/trade_date=2026-07-17/exchange=NSE/symbol=NIFTYBEES/part-095034_921753-049464.parquet,real_data_sample\l2_unseen_validation\trade_date=2026-07-17\exchange=NSE\symbol=NIFTYBEES\part-095034_921753-049464.parquet,34444,downloaded,34444,
2026-07-17,NSE,NIFTYBEES,raw_l2/trade_date=2026-07-17/exchange=NSE/symbol=NIFTYBEES/part-095049_071583-049496.parquet,real_data_sample\l2_unseen_validation\trade_date=2026-07-17\exchange=NSE\symbol=NIFTYBEES\part-095049_071583-049496.parquet,34454,downloaded,34454,
2026-07-17,NSE,NIFTYBEES,raw_l2/trade_date=2026-07-17/exchange=NSE/symbol=NIFTYBEES/part-095103_099690-049528.parquet,real_data_sample\l2_unseen_validation\trade_date=2026-07-17\exchange=NSE\symbol=NIFTYBEES\part-095103_099690-049528.parquet,34500,downloaded,34500,
2026-07-17,NSE,NIFTYBEES,raw_l2/trade_date=2026-07-17/exchange=NSE/symbol=NIFTYBEES/part-095131_200436-049592.parquet,real_data_sample\l2_unseen_validation\trade_date=2026-07-17\exchange=NSE\symbol=NIFTYBEES\part-095131_200436-049592.parquet,34667,downloaded,34667,
2026-07-17,NSE,NIFTYBEES,raw_l2/trade_date=2026-07-17/exchange=NSE/symbol=NIFTYBEES/part-095159_305270-049656.parquet,real_data_sample\l2_unseen_validation\trade_date=2026-07-17\exchange=NSE\symbol=NIFTYBEES\part-095159_305270-049656.parquet,34696,downloaded,34696,
2026-07-17,NSE,NIFTYBEES,raw_l2/trade_date=2026-07-17/exchange=NSE/symbol=NIFTYBEES/part-095145_308648-049624.parquet,real_data_sample\l2_unseen_validation\trade_date=2026-07-17\exchange=NSE\symbol=NIFTYBEES\part-095145_308648-049624.parquet,34365,downloaded,34365,
2026-07-17,NSE,NIFTYBEES,raw_l2/trade_date=2026-07-17/exchange=NSE/symbol=NIFTYBEES/part-095241_884947-049752.parquet,real_data_sample\l2_unseen_validation\trade_date=2026-07-17\exchange=NSE\symbol=NIFTYBEES\part-095241_884947-049752.parquet,34332,downloaded,34332,
2026-07-17,NSE,NIFTYBEES,raw_l2/trade_date=2026-07-17/exchange=NSE/symbol=NIFTYBEES/part-095213_818816-049688.parquet,real_data_sample\l2_unseen_validation\trade_date=2026-07-17\exchange=NSE\symbol=NIFTYBEES\part-095213_818816-049688.parquet,34413,downloaded,34413,
2026-07-17,NSE,NIFTYBEES,raw_l2/trade_date=2026-07-17/exchange=NSE/symbol=NIFTYBEES/part-095407_516350-049944.parquet,real_data_sample\l2_unseen_validation\trade_date=2026-07-17\exchange=NSE\symbol=NIFTYBEES\part-095407_516350-049944.parquet,34417,downloaded,34417,
2026-07-17,NSE,NIFTYBEES,raw_l2/trade_date=2026-07-17/exchange=NSE/symbol=NIFTYBEES/part-095255_830886-049784.parquet,real_data_sample\l2_unseen_validation\trade_date=2026-07-17\exchange=NSE\symbol=NIFTYBEES\part-095255_830886-049784.parquet,34640,downloaded,34640,
2026-07-17,NSE,NIFTYBEES,raw_l2/trade_date=2026-07-17/exchange=NSE/symbol=NIFTYBEES/part-095227_818731-049720.parquet,real_data_sample\l2_unseen_validation\trade_date=2026-07-17\exchange=NSE\symbol=NIFTYBEES\part-095227_818731-049720.parquet,34444,downloaded,34444,
2026-07-17,NSE,NIFTYBEES,raw_l2/trade_date=2026-07-17/exchange=NSE/symbol=NIFTYBEES/part-095338_626097-049880.parquet,real_data_sample\l2_unseen_validation\trade_date=2026-07-17\exchange=NSE\symbol=NIFTYBEES\part-095338_626097-049880.parquet,34328,downloaded,34328,
2026-07-17,NSE,NIFTYBEES,raw_l2/trade_date=2026-07-17/exchange=NSE/symbol=NIFTYBEES/part-095324_172481-049848.parquet,real_data_sample\l2_unseen_validation\trade_date=2026-07-17\exchange=NSE\symbol=NIFTYBEES\part-095324_172481-049848.parquet,34589,downloaded,34589,
2026-07-17,NSE,NIFTYBEES,raw_l2/trade_date=2026-07-17/exchange=NSE/symbol=NIFTYBEES/part-095309_955517-049816.parquet,real_data_sample\l2_unseen_validation\trade_date=2026-07-17\exchange=NSE\symbol=NIFTYBEES\part-095309_955517-049816.parquet,34360,downloaded,34360,
2026-07-17,NSE,NIFTYBEES,raw_l2/trade_date=2026-07-17/exchange=NSE/symbol=NIFTYBEES/part-095353_068379-049912.parquet,real_data_sample\l2_unseen_validation\trade_date=2026-07-17\exchange=NSE\symbol=NIFTYBEES\part-095353_068379-049912.parquet,34341,downloaded,34341,
2026-07-17,NSE,NIFTYBEES,raw_l2/trade_date=2026-07-17/exchange=NSE/symbol=NIFTYBEES/part-095421_865955-049976.parquet,real_data_sample\l2_unseen_validation\trade_date=2026-07-17\exchange=NSE\symbol=NIFTYBEES\part-095421_865955-049976.parquet,34436,downloaded,34436,
2026-07-17,NSE,NIFTYBEES,raw_l2/trade_date=2026-07-17/exchange=NSE/symbol=NIFTYBEES/part-095435_891971-050008.parquet,real_data_sample\l2_unseen_validation\trade_date=2026-07-17\exchange=NSE\symbol=NIFTYBEES\part-095435_891971-050008.parquet,34459,downloaded,34459,
2026-07-17,NSE,NIFTYBEES,raw_l2/trade_date=2026-07-17/exchange=NSE/symbol=NIFTYBEES/part-095450_193091-050040.parquet,real_data_sample\l2_unseen_validation\trade_date=2026-07-17\exchange=NSE\symbol=NIFTYBEES\part-095450_193091-050040.parquet,34345,downloaded,34345,
2026-07-17,NSE,NIFTYBEES,raw_l2/trade_date=2026-07-17/exchange=NSE/symbol=NIFTYBEES/part-095117_264805-049560.parquet,real_data_sample\l2_unseen_validation\trade_date=2026-07-17\exchange=NSE\symbol=NIFTYBEES\part-095117_264805-049560.parquet,34458,downloaded,34458,
2026-07-17,NSE,NIFTYBEES,raw_l2/trade_date=2026-07-17/exchange=NSE/symbol=NIFTYBEES/part-095504_346717-050072.parquet,real_data_sample\l2_unseen_validation\trade_date=2026-07-17\exchange=NSE\symbol=NIFTYBEES\part-095504_346717-050072.parquet,34371,downloaded,34371,
2026-07-17,NSE,NIFTYBEES,raw_l2/trade_date=2026-07-17/exchange=NSE/symbol=NIFTYBEES/part-095518_412103-050104.parquet,real_data_sample\l2_unseen_validation\trade_date=2026-07-17\exchange=NSE\symbol=NIFTYBEES\part-095518_412103-050104.parquet,34332,downloaded,34332,
2026-07-17,NSE,NIFTYBEES,raw_l2/trade_date=2026-07-17/exchange=NSE/symbol=NIFTYBEES/part-095532_881676-050136.parquet,real_data_sample\l2_unseen_validation\trade_date=2026-07-17\exchange=NSE\symbol=NIFTYBEES\part-095532_881676-050136.parquet,34494,downloaded,34494,
2026-07-17,NSE,NIFTYBEES,raw_l2/trade_date=2026-07-17/exchange=NSE/symbol=NIFTYBEES/part-095547_628931-050168.parquet,real_data_sample\l2_unseen_validation\trade_date=2026-07-17\exchange=NSE\symbol=NIFTYBEES\part-095547_628931-050168.parquet,34372,downloaded,34372,
2026-07-17,NSE,NIFTYBEES,raw_l2/trade_date=2026-07-17/exchange=NSE/symbol=NIFTYBEES/part-095602_145193-050200.parquet,real_data_sample\l2_unseen_validation\trade_date=2026-07-17\exchange=NSE\symbol=NIFTYBEES\part-095602_145193-050200.parquet,34475,downloaded,34475,
2026-07-17,NSE,NIFTYBEES,raw_l2/trade_date=2026-07-17/exchange=NSE/symbol=NIFTYBEES/part-095616_427513-050232.parquet,real_data_sample\l2_unseen_validation\trade_date=2026-07-17\exchange=NSE\symbol=NIFTYBEES\part-095616_427513-050232.parquet,34749,downloaded,34749,
2026-07-17,NSE,NIFTYBEES,raw_l2/trade_date=2026-07-17/exchange=NSE/symbol=NIFTYBEES/part-095630_873066-050264.parquet,real_data_sample\l2_unseen_validation\trade_date=2026-07-17\exchange=NSE\symbol=NIFTYBEES\part-095630_873066-050264.parquet,35497,downloaded,35497,
2026-07-17,NSE,NIFTYBEES,raw_l2/trade_date=2026-07-17/exchange=NSE/symbol=NIFTYBEES/part-095714_924462-050360.parquet,real_data_sample\l2_unseen_validation\trade_date=2026-07-17\exchange=NSE\symbol=NIFTYBEES\part-095714_924462-050360.parquet,35383,downloaded,35383,
2026-07-17,NSE,NIFTYBEES,raw_l2/trade_date=2026-07-17/exchange=NSE/symbol=NIFTYBEES/part-095700_242039-050328.parquet,real_data_sample\l2_unseen_validation\trade_date=2026-07-17\exchange=NSE\symbol=NIFTYBEES\part-095700_242039-050328.parquet,35714,downloaded,35714,
2026-07-17,NSE,NIFTYBEES,raw_l2/trade_date=2026-07-17/exchange=NSE/symbol=NIFTYBEES/part-095729_328377-050392.parquet,real_data_sample\l2_unseen_validation\trade_date=2026-07-17\exchange=NSE\symbol=NIFTYBEES\part-095729_328377-050392.parquet,35390,downloaded,35390,
2026-07-17,NSE,NIFTYBEES,raw_l2/trade_date=2026-07-17/exchange=NSE/symbol=NIFTYBEES/part-095743_687735-050424.parquet,real_data_sample\l2_unseen_validation\trade_date=2026-07-17\exchange=NSE\symbol=NIFTYBEES\part-095743_687735-050424.parquet,35307,downloaded,35307,
2026-07-17,NSE,NIFTYBEES,raw_l2/trade_date=2026-07-17/exchange=NSE/symbol=NIFTYBEES/part-095645_335870-050296.parquet,real_data_sample\l2_unseen_validation\trade_date=2026-07-17\exchange=NSE\symbol=NIFTYBEES\part-095645_335870-050296.parquet,35505,downloaded,35505,
2026-07-17,NSE,NIFTYBEES,raw_l2/trade_date=2026-07-17/exchange=NSE/symbol=NIFTYBEES/part-095812_101553-050488.parquet,real_data_sample\l2_unseen_validation\trade_date=2026-07-17\exchange=NSE\symbol=NIFTYBEES\part-095812_101553-050488.parquet,35061,downloaded,35061,
2026-07-17,NSE,NIFTYBEES,raw_l2/trade_date=2026-07-17/exchange=NSE/symbol=NIFTYBEES/part-095826_414498-050520.parquet,real_data_sample\l2_unseen_validation\trade_date=2026-07-17\exchange=NSE\symbol=NIFTYBEES\part-095826_414498-050520.parquet,34169,downloaded,34169,
2026-07-17,NSE,NIFTYBEES,raw_l2/trade_date=2026-07-17/exchange=NSE/symbol=NIFTYBEES/part-095757_925460-050456.parquet,real_data_sample\l2_unseen_validation\trade_date=2026-07-17\exchange=NSE\symbol=NIFTYBEES\part-095757_925460-050456.parquet,35352,downloaded,35352,
2026-07-17,NSE,NIFTYBEES,raw_l2/trade_date=2026-07-17/exchange=NSE/symbol=NIFTYBEES/part-095910_307049-050616.parquet,real_data_sample\l2_unseen_validation\trade_date=2026-07-17\exchange=NSE\symbol=NIFTYBEES\part-095910_307049-050616.parquet,34396,downloaded,34396,
2026-07-17,NSE,NIFTYBEES,raw_l2/trade_date=2026-07-17/exchange=NSE/symbol=NIFTYBEES/part-095855_860413-050584.parquet,real_data_sample\l2_unseen_validation\trade_date=2026-07-17\exchange=NSE\symbol=NIFTYBEES\part-095855_860413-050584.parquet,34566,downloaded,34566,
2026-07-17,NSE,NIFTYBEES,raw_l2/trade_date=2026-07-17/exchange=NSE/symbol=NIFTYBEES/part-095924_835230-050648.parquet,real_data_sample\l2_unseen_validation\trade_date=2026-07-17\exchange=NSE\symbol=NIFTYBEES\part-095924_835230-050648.parquet,34427,downloaded,34427,
2026-07-17,NSE,NIFTYBEES,raw_l2/trade_date=2026-07-17/exchange=NSE/symbol=NIFTYBEES/part-095953_611793-050712.parquet,real_data_sample\l2_unseen_validation\trade_date=2026-07-17\exchange=NSE\symbol=NIFTYBEES\part-095953_611793-050712.parquet,34393,downloaded,34393,
2026-07-17,NSE,NIFTYBEES,raw_l2/trade_date=2026-07-17/exchange=NSE/symbol=NIFTYBEES/part-095939_293494-050680.parquet,real_data_sample\l2_unseen_validation\trade_date=2026-07-17\exchange=NSE\symbol=NIFTYBEES\part-095939_293494-050680.parquet,34389,downloaded,34389,
2026-07-17,NSE,NIFTYBEES,raw_l2/trade_date=2026-07-17/exchange=NSE/symbol=NIFTYBEES/part-100129_078316-050782.parquet,real_data_sample\l2_unseen_validation\trade_date=2026-07-17\exchange=NSE\symbol=NIFTYBEES\part-100129_078316-050782.parquet,34098,downloaded,34098,
2026-07-17,NSE,NIFTYBEES,raw_l2/trade_date=2026-07-17/exchange=NSE/symbol=NIFTYBEES/part-100007_988998-050744.parquet,real_data_sample\l2_unseen_validation\trade_date=2026-07-17\exchange=NSE\symbol=NIFTYBEES\part-100007_988998-050744.parquet,34421,downloaded,34421,
2026-07-17,NSE,ONGC,raw_l2/trade_date=2026-07-17/exchange=NSE/symbol=ONGC/part-034503_917127-000025.parquet,real_data_sample\l2_unseen_validation\trade_date=2026-07-17\exchange=NSE\symbol=ONGC\part-034503_917127-000025.parquet,34052,downloaded,34052,
2026-07-17,NSE,ONGC,raw_l2/trade_date=2026-07-17/exchange=NSE/symbol=ONGC/part-034517_920429-000057.parquet,real_data_sample\l2_unseen_validation\trade_date=2026-07-17\exchange=NSE\symbol=ONGC\part-034517_920429-000057.parquet,36801,downloaded,36801,
2026-07-17,NSE,ONGC,raw_l2/trade_date=2026-07-17/exchange=NSE/symbol=ONGC/part-034600_032963-000153.parquet,real_data_sample\l2_unseen_validation\trade_date=2026-07-17\exchange=NSE\symbol=ONGC\part-034600_032963-000153.parquet,36390,downloaded,36390,
2026-07-17,NSE,ONGC,raw_l2/trade_date=2026-07-17/exchange=NSE/symbol=ONGC/part-034531_726186-000089.parquet,real_data_sample\l2_unseen_validation\trade_date=2026-07-17\exchange=NSE\symbol=ONGC\part-034531_726186-000089.parquet,35971,downloaded,35971,
2026-07-17,NSE,ONGC,raw_l2/trade_date=2026-07-17/exchange=NSE/symbol=ONGC/part-034545_859811-000121.parquet,real_data_sample\l2_unseen_validation\trade_date=2026-07-17\exchange=NSE\symbol=ONGC\part-034545_859811-000121.parquet,36251,downloaded,36251,
2026-07-17,NSE,ONGC,raw_l2/trade_date=2026-07-17/exchange=NSE/symbol=ONGC/part-034628_069165-000217.parquet,real_data_sample\l2_unseen_validation\trade_date=2026-07-17\exchange=NSE\symbol=ONGC\part-034628_069165-000217.parquet,34407,downloaded,34407,
2026-07-17,NSE,ONGC,raw_l2/trade_date=2026-07-17/exchange=NSE/symbol=ONGC/part-034614_148917-000185.parquet,real_data_sample\l2_unseen_validation\trade_date=2026-07-17\exchange=NSE\symbol=ONGC\part-034614_148917-000185.parquet,35790,downloaded,35790,
2026-07-17,NSE,NIFTYBEES,raw_l2/trade_date=2026-07-17/exchange=NSE/symbol=NIFTYBEES/part-092111_178955-045528.parquet,real_data_sample\l2_unseen_validation\trade_date=2026-07-17\exchange=NSE\symbol=NIFTYBEES\part-092111_178955-045528.parquet,34585,downloaded,34585,
2026-07-17,NSE,NIFTYBEES,raw_l2/trade_date=2026-07-17/exchange=NSE/symbol=NIFTYBEES/part-091945_257720-045336.parquet,real_data_sample\l2_unseen_validation\trade_date=2026-07-17\exchange=NSE\symbol=NIFTYBEES\part-091945_257720-045336.parquet,34601,downloaded,34601,
2026-07-17,NSE,ONGC,raw_l2/trade_date=2026-07-17/exchange=NSE/symbol=ONGC/part-034656_257123-000281.parquet,real_data_sample\l2_unseen_validation\trade_date=2026-07-17\exchange=NSE\symbol=ONGC\part-034656_257123-000281.parquet,34419,downloaded,34419,
2026-07-17,NSE,NIFTYBEES,raw_l2/trade_date=2026-07-17/exchange=NSE/symbol=NIFTYBEES/part-095841_321987-050552.parquet,real_data_sample\l2_unseen_validation\trade_date=2026-07-17\exchange=NSE\symbol=NIFTYBEES\part-095841_321987-050552.parquet,34324,downloaded,34324,
2026-07-17,NSE,ONGC,raw_l2/trade_date=2026-07-17/exchange=NSE/symbol=ONGC/part-034642_516864-000249.parquet,real_data_sample\l2_unseen_validation\trade_date=2026-07-17\exchange=NSE\symbol=ONGC\part-034642_516864-000249.parquet,34412,downloaded,34412,
2026-07-17,NSE,ONGC,raw_l2/trade_date=2026-07-17/exchange=NSE/symbol=ONGC/part-034710_055762-000313.parquet,real_data_sample\l2_unseen_validation\trade_date=2026-07-17\exchange=NSE\symbol=ONGC\part-034710_055762-000313.parquet,34405,downloaded,34405,
2026-07-17,NSE,ONGC,raw_l2/trade_date=2026-07-17/exchange=NSE/symbol=ONGC/part-034724_134858-000345.parquet,real_data_sample\l2_unseen_validation\trade_date=2026-07-17\exchange=NSE\symbol=ONGC\part-034724_134858-000345.parquet,34378,downloaded,34378,
2026-07-17,NSE,ONGC,raw_l2/trade_date=2026-07-17/exchange=NSE/symbol=ONGC/part-034806_721463-000441.parquet,real_data_sample\l2_unseen_validation\trade_date=2026-07-17\exchange=NSE\symbol=ONGC\part-034806_721463-000441.parquet,34410,downloaded,34410,
2026-07-17,NSE,ONGC,raw_l2/trade_date=2026-07-17/exchange=NSE/symbol=ONGC/part-034820_439996-000473.parquet,real_data_sample\l2_unseen_validation\trade_date=2026-07-17\exchange=NSE\symbol=ONGC\part-034820_439996-000473.parquet,35547,downloaded,35547,
2026-07-17,NSE,NIFTYBEES,raw_l2/trade_date=2026-07-17/exchange=NSE/symbol=NIFTYBEES/part-093743_205462-047736.parquet,real_data_sample\l2_unseen_validation\trade_date=2026-07-17\exchange=NSE\symbol=NIFTYBEES\part-093743_205462-047736.parquet,35506,downloaded,35506,
2026-07-17,NSE,ONGC,raw_l2/trade_date=2026-07-17/exchange=NSE/symbol=ONGC/part-034943_811018-000665.parquet,real_data_sample\l2_unseen_validation\trade_date=2026-07-17\exchange=NSE\symbol=ONGC\part-034943_811018-000665.parquet,34428,downloaded,34428,
2026-07-17,NSE,ONGC,raw_l2/trade_date=2026-07-17/exchange=NSE/symbol=ONGC/part-034738_267227-000377.parquet,real_data_sample\l2_unseen_validation\trade_date=2026-07-17\exchange=NSE\symbol=ONGC\part-034738_267227-000377.parquet,34476,downloaded,34476,
2026-07-17,NSE,ONGC,raw_l2/trade_date=2026-07-17/exchange=NSE/symbol=ONGC/part-034752_287638-000409.parquet,real_data_sample\l2_unseen_validation\trade_date=2026-07-17\exchange=NSE\symbol=ONGC\part-034752_287638-000409.parquet,34121,downloaded,34121,
2026-07-17,NSE,ONGC,raw_l2/trade_date=2026-07-17/exchange=NSE/symbol=ONGC/part-034834_232097-000505.parquet,real_data_sample\l2_unseen_validation\trade_date=2026-07-17\exchange=NSE\symbol=ONGC\part-034834_232097-000505.parquet,36235,downloaded,36235,
2026-07-17,NSE,ONGC,raw_l2/trade_date=2026-07-17/exchange=NSE/symbol=ONGC/part-034901_829158-000569.parquet,real_data_sample\l2_unseen_validation\trade_date=2026-07-17\exchange=NSE\symbol=ONGC\part-034901_829158-000569.parquet,35965,downloaded,35965,
2026-07-17,NSE,ONGC,raw_l2/trade_date=2026-07-17/exchange=NSE/symbol=ONGC/part-034847_985632-000537.parquet,real_data_sample\l2_unseen_validation\trade_date=2026-07-17\exchange=NSE\symbol=ONGC\part-034847_985632-000537.parquet,35493,downloaded,35493,
2026-07-17,NSE,ONGC,raw_l2/trade_date=2026-07-17/exchange=NSE/symbol=ONGC/part-034915_881510-000601.parquet,real_data_sample\l2_unseen_validation\trade_date=2026-07-17\exchange=NSE\symbol=ONGC\part-034915_881510-000601.parquet,36227,downloaded,36227,
2026-07-17,NSE,NIFTYBEES,raw_l2/trade_date=2026-07-17/exchange=NSE/symbol=NIFTYBEES/part-091930_983726-045304.parquet,real_data_sample\l2_unseen_validation\trade_date=2026-07-17\exchange=NSE\symbol=NIFTYBEES\part-091930_983726-045304.parquet,34725,downloaded,34725,
2026-07-17,NSE,ONGC,raw_l2/trade_date=2026-07-17/exchange=NSE/symbol=ONGC/part-034929_903389-000633.parquet,real_data_sample\l2_unseen_validation\trade_date=2026-07-17\exchange=NSE\symbol=ONGC\part-034929_903389-000633.parquet,34335,downloaded,34335,
2026-07-17,NSE,ONGC,raw_l2/trade_date=2026-07-17/exchange=NSE/symbol=ONGC/part-034958_001136-000697.parquet,real_data_sample\l2_unseen_validation\trade_date=2026-07-17\exchange=NSE\symbol=ONGC\part-034958_001136-000697.parquet,34470,downloaded,34470,
2026-07-17,NSE,NIFTYBEES,raw_l2/trade_date=2026-07-17/exchange=NSE/symbol=NIFTYBEES/part-093811_441495-047800.parquet,real_data_sample\l2_unseen_validation\trade_date=2026-07-17\exchange=NSE\symbol=NIFTYBEES\part-093811_441495-047800.parquet,35383,downloaded,35383,
2026-07-17,NSE,ONGC,raw_l2/trade_date=2026-07-17/exchange=NSE/symbol=ONGC/part-035039_535454-000793.parquet,real_data_sample\l2_unseen_validation\trade_date=2026-07-17\exchange=NSE\symbol=ONGC\part-035039_535454-000793.parquet,34419,downloaded,34419,
2026-07-17,NSE,ONGC,raw_l2/trade_date=2026-07-17/exchange=NSE/symbol=ONGC/part-035106_937379-000857.parquet,real_data_sample\l2_unseen_validation\trade_date=2026-07-17\exchange=NSE\symbol=ONGC\part-035106_937379-000857.parquet,34594,downloaded,34594,
2026-07-17,NSE,ONGC,raw_l2/trade_date=2026-07-17/exchange=NSE/symbol=ONGC/part-035120_763302-000889.parquet,real_data_sample\l2_unseen_validation\trade_date=2026-07-17\exchange=NSE\symbol=ONGC\part-035120_763302-000889.parquet,35338,downloaded,35338,
2026-07-17,NSE,ONGC,raw_l2/trade_date=2026-07-17/exchange=NSE/symbol=ONGC/part-035134_459658-000921.parquet,real_data_sample\l2_unseen_validation\trade_date=2026-07-17\exchange=NSE\symbol=ONGC\part-035134_459658-000921.parquet,36013,downloaded,36013,
2026-07-17,NSE,NIFTYBEES,raw_l2/trade_date=2026-07-17/exchange=NSE/symbol=NIFTYBEES/part-094618_624756-048888.parquet,real_data_sample\l2_unseen_validation\trade_date=2026-07-17\exchange=NSE\symbol=NIFTYBEES\part-094618_624756-048888.parquet,34446,downloaded,34446,
2026-07-17,NSE,ONGC,raw_l2/trade_date=2026-07-17/exchange=NSE/symbol=ONGC/part-035148_303734-000953.parquet,real_data_sample\l2_unseen_validation\trade_date=2026-07-17\exchange=NSE\symbol=ONGC\part-035148_303734-000953.parquet,35638,downloaded,35638,
2026-07-17,NSE,ONGC,raw_l2/trade_date=2026-07-17/exchange=NSE/symbol=ONGC/part-035230_111390-001049.parquet,real_data_sample\l2_unseen_validation\trade_date=2026-07-17\exchange=NSE\symbol=ONGC\part-035230_111390-001049.parquet,36067,downloaded,36067,
2026-07-17,NSE,NIFTYBEES,raw_l2/trade_date=2026-07-17/exchange=NSE/symbol=NIFTYBEES/part-094521_296595-048760.parquet,real_data_sample\l2_unseen_validation\trade_date=2026-07-17\exchange=NSE\symbol=NIFTYBEES\part-094521_296595-048760.parquet,34171,downloaded,34171,
2026-07-17,NSE,ONGC,raw_l2/trade_date=2026-07-17/exchange=NSE/symbol=ONGC/part-035216_220026-001017.parquet,real_data_sample\l2_unseen_validation\trade_date=2026-07-17\exchange=NSE\symbol=ONGC\part-035216_220026-001017.parquet,35199,downloaded,35199,
2026-07-17,NSE,ONGC,raw_l2/trade_date=2026-07-17/exchange=NSE/symbol=ONGC/part-035202_364729-000985.parquet,real_data_sample\l2_unseen_validation\trade_date=2026-07-17\exchange=NSE\symbol=ONGC\part-035202_364729-000985.parquet,36264,downloaded,36264,
2026-07-17,NSE,NIFTYBEES,raw_l2/trade_date=2026-07-17/exchange=NSE/symbol=NIFTYBEES/part-094604_132051-048856.parquet,real_data_sample\l2_unseen_validation\trade_date=2026-07-17\exchange=NSE\symbol=NIFTYBEES\part-094604_132051-048856.parquet,34452,downloaded,34452,
2026-07-17,NSE,NIFTYBEES,raw_l2/trade_date=2026-07-17/exchange=NSE/symbol=NIFTYBEES/part-094743_736571-049080.parquet,real_data_sample\l2_unseen_validation\trade_date=2026-07-17\exchange=NSE\symbol=NIFTYBEES\part-094743_736571-049080.parquet,34550,downloaded,34550,
2026-07-17,NSE,NIFTYBEES,raw_l2/trade_date=2026-07-17/exchange=NSE/symbol=NIFTYBEES/part-094549_764717-048824.parquet,real_data_sample\l2_unseen_validation\trade_date=2026-07-17\exchange=NSE\symbol=NIFTYBEES\part-094549_764717-048824.parquet,34381,downloaded,34381,
2026-07-17,NSE,ONGC,raw_l2/trade_date=2026-07-17/exchange=NSE/symbol=ONGC/part-035258_147767-001113.parquet,real_data_sample\l2_unseen_validation\trade_date=2026-07-17\exchange=NSE\symbol=ONGC\part-035258_147767-001113.parquet,35553,downloaded,35553,
2026-07-17,NSE,ONGC,raw_l2/trade_date=2026-07-17/exchange=NSE/symbol=ONGC/part-035244_028747-001081.parquet,real_data_sample\l2_unseen_validation\trade_date=2026-07-17\exchange=NSE\symbol=ONGC\part-035244_028747-001081.parquet,36009,downloaded,36009,
2026-07-17,NSE,ONGC,raw_l2/trade_date=2026-07-17/exchange=NSE/symbol=ONGC/part-035339_668182-001209.parquet,real_data_sample\l2_unseen_validation\trade_date=2026-07-17\exchange=NSE\symbol=ONGC\part-035339_668182-001209.parquet,34579,downloaded,34579,
2026-07-17,NSE,NIFTYBEES,raw_l2/trade_date=2026-07-17/exchange=NSE/symbol=NIFTYBEES/part-094535_396917-048792.parquet,real_data_sample\l2_unseen_validation\trade_date=2026-07-17\exchange=NSE\symbol=NIFTYBEES\part-094535_396917-048792.parquet,34437,downloaded,34437,
2026-07-17,NSE,ONGC,raw_l2/trade_date=2026-07-17/exchange=NSE/symbol=ONGC/part-035353_560974-001241.parquet,real_data_sample\l2_unseen_validation\trade_date=2026-07-17\exchange=NSE\symbol=ONGC\part-035353_560974-001241.parquet,34619,downloaded,34619,
2026-07-17,NSE,ONGC,raw_l2/trade_date=2026-07-17/exchange=NSE/symbol=ONGC/part-035311_937467-001145.parquet,real_data_sample\l2_unseen_validation\trade_date=2026-07-17\exchange=NSE\symbol=ONGC\part-035311_937467-001145.parquet,35878,downloaded,35878,
2026-07-17,NSE,ONGC,raw_l2/trade_date=2026-07-17/exchange=NSE/symbol=ONGC/part-035011_806033-000729.parquet,real_data_sample\l2_unseen_validation\trade_date=2026-07-17\exchange=NSE\symbol=ONGC\part-035011_806033-000729.parquet,34409,downloaded,34409,
2026-07-17,NSE,NIFTYBEES,raw_l2/trade_date=2026-07-17/exchange=NSE/symbol=NIFTYBEES/part-094341_080958-048536.parquet,real_data_sample\l2_unseen_validation\trade_date=2026-07-17\exchange=NSE\symbol=NIFTYBEES\part-094341_080958-048536.parquet,35368,downloaded,35368,
2026-07-17,NSE,ONGC,raw_l2/trade_date=2026-07-17/exchange=NSE/symbol=ONGC/part-035503_008644-001401.parquet,real_data_sample\l2_unseen_validation\trade_date=2026-07-17\exchange=NSE\symbol=ONGC\part-035503_008644-001401.parquet,34355,downloaded,34355,
2026-07-17,NSE,NIFTYBEES,raw_l2/trade_date=2026-07-17/exchange=NSE/symbol=NIFTYBEES/part-094700_984304-048984.parquet,real_data_sample\l2_unseen_validation\trade_date=2026-07-17\exchange=NSE\symbol=NIFTYBEES\part-094700_984304-048984.parquet,34588,downloaded,34588,
2026-07-17,NSE,ONGC,raw_l2/trade_date=2026-07-17/exchange=NSE/symbol=ONGC/part-035448_908099-001369.parquet,real_data_sample\l2_unseen_validation\trade_date=2026-07-17\exchange=NSE\symbol=ONGC\part-035448_908099-001369.parquet,34326,downloaded,34326,
2026-07-17,NSE,NIFTYBEES,raw_l2/trade_date=2026-07-17/exchange=NSE/symbol=NIFTYBEES/part-094507_145963-048728.parquet,real_data_sample\l2_unseen_validation\trade_date=2026-07-17\exchange=NSE\symbol=NIFTYBEES\part-094507_145963-048728.parquet,34414,downloaded,34414,
2026-07-17,NSE,ONGC,raw_l2/trade_date=2026-07-17/exchange=NSE/symbol=ONGC/part-035025_764808-000761.parquet,real_data_sample\l2_unseen_validation\trade_date=2026-07-17\exchange=NSE\symbol=ONGC\part-035025_764808-000761.parquet,34097,downloaded,34097,
2026-07-17,NSE,ONGC,raw_l2/trade_date=2026-07-17/exchange=NSE/symbol=ONGC/part-035325_794561-001177.parquet,real_data_sample\l2_unseen_validation\trade_date=2026-07-17\exchange=NSE\symbol=ONGC\part-035325_794561-001177.parquet,34476,downloaded,34476,
2026-07-17,NSE,ONGC,raw_l2/trade_date=2026-07-17/exchange=NSE/symbol=ONGC/part-035435_050540-001337.parquet,real_data_sample\l2_unseen_validation\trade_date=2026-07-17\exchange=NSE\symbol=ONGC\part-035435_050540-001337.parquet,34121,downloaded,34121,
2026-07-17,NSE,ONGC,raw_l2/trade_date=2026-07-17/exchange=NSE/symbol=ONGC/part-035421_116884-001305.parquet,real_data_sample\l2_unseen_validation\trade_date=2026-07-17\exchange=NSE\symbol=ONGC\part-035421_116884-001305.parquet,34434,downloaded,34434,
2026-07-17,NSE,NIFTYBEES,raw_l2/trade_date=2026-07-17/exchange=NSE/symbol=NIFTYBEES/part-094326_731286-048504.parquet,real_data_sample\l2_unseen_validation\trade_date=2026-07-17\exchange=NSE\symbol=NIFTYBEES\part-094326_731286-048504.parquet,35331,downloaded,35331,
2026-07-17,NSE,NIFTYBEES,raw_l2/trade_date=2026-07-17/exchange=NSE/symbol=NIFTYBEES/part-094452_890472-048696.parquet,real_data_sample\l2_unseen_validation\trade_date=2026-07-17\exchange=NSE\symbol=NIFTYBEES\part-094452_890472-048696.parquet,34568,downloaded,34568,
2026-07-17,NSE,ONGC,raw_l2/trade_date=2026-07-17/exchange=NSE/symbol=ONGC/part-035053_239180-000825.parquet,real_data_sample\l2_unseen_validation\trade_date=2026-07-17\exchange=NSE\symbol=ONGC\part-035053_239180-000825.parquet,34422,downloaded,34422,
2026-07-17,NSE,ONGC,raw_l2/trade_date=2026-07-17/exchange=NSE/symbol=ONGC/part-035531_079473-001465.parquet,real_data_sample\l2_unseen_validation\trade_date=2026-07-17\exchange=NSE\symbol=ONGC\part-035531_079473-001465.parquet,34339,downloaded,34339,
2026-07-17,NSE,ONGC,raw_l2/trade_date=2026-07-17/exchange=NSE/symbol=ONGC/part-035545_065599-001497.parquet,real_data_sample\l2_unseen_validation\trade_date=2026-07-17\exchange=NSE\symbol=ONGC\part-035545_065599-001497.parquet,34613,downloaded,34613,
2026-07-17,NSE,ONGC,raw_l2/trade_date=2026-07-17/exchange=NSE/symbol=ONGC/part-035517_059133-001433.parquet,real_data_sample\l2_unseen_validation\trade_date=2026-07-17\exchange=NSE\symbol=ONGC\part-035517_059133-001433.parquet,34417,downloaded,34417,
2026-07-17,NSE,ONGC,raw_l2/trade_date=2026-07-17/exchange=NSE/symbol=ONGC/part-035626_955002-001593.parquet,real_data_sample\l2_unseen_validation\trade_date=2026-07-17\exchange=NSE\symbol=ONGC\part-035626_955002-001593.parquet,36008,downloaded,36008,
2026-07-17,NSE,ONGC,raw_l2/trade_date=2026-07-17/exchange=NSE/symbol=ONGC/part-035558_929086-001529.parquet,real_data_sample\l2_unseen_validation\trade_date=2026-07-17\exchange=NSE\symbol=ONGC\part-035558_929086-001529.parquet,34667,downloaded,34667,
2026-07-17,NSE,ONGC,raw_l2/trade_date=2026-07-17/exchange=NSE/symbol=ONGC/part-035640_869139-001625.parquet,real_data_sample\l2_unseen_validation\trade_date=2026-07-17\exchange=NSE\symbol=ONGC\part-035640_869139-001625.parquet,35671,downloaded,35671,
2026-07-17,NSE,ONGC,raw_l2/trade_date=2026-07-17/exchange=NSE/symbol=ONGC/part-035654_790256-001657.parquet,real_data_sample\l2_unseen_validation\trade_date=2026-07-17\exchange=NSE\symbol=ONGC\part-035654_790256-001657.parquet,36338,downloaded,36338,
2026-07-17,NSE,ONGC,raw_l2/trade_date=2026-07-17/exchange=NSE/symbol=ONGC/part-035708_614485-001689.parquet,real_data_sample\l2_unseen_validation\trade_date=2026-07-17\exchange=NSE\symbol=ONGC\part-035708_614485-001689.parquet,35823,downloaded,35823,
2026-07-17,NSE,ONGC,raw_l2/trade_date=2026-07-17/exchange=NSE/symbol=ONGC/part-035722_699867-001721.parquet,real_data_sample\l2_unseen_validation\trade_date=2026-07-17\exchange=NSE\symbol=ONGC\part-035722_699867-001721.parquet,34814,downloaded,34814,
2026-07-17,NSE,ONGC,raw_l2/trade_date=2026-07-17/exchange=NSE/symbol=ONGC/part-035612_792578-001561.parquet,real_data_sample\l2_unseen_validation\trade_date=2026-07-17\exchange=NSE\symbol=ONGC\part-035612_792578-001561.parquet,34412,downloaded,34412,
2026-07-17,NSE,ONGC,raw_l2/trade_date=2026-07-17/exchange=NSE/symbol=ONGC/part-035805_435563-001817.parquet,real_data_sample\l2_unseen_validation\trade_date=2026-07-17\exchange=NSE\symbol=ONGC\part-035805_435563-001817.parquet,34678,downloaded,34678,
2026-07-17,NSE,ONGC,raw_l2/trade_date=2026-07-17/exchange=NSE/symbol=ONGC/part-035736_766515-001753.parquet,real_data_sample\l2_unseen_validation\trade_date=2026-07-17\exchange=NSE\symbol=ONGC\part-035736_766515-001753.parquet,34638,downloaded,34638,
2026-07-17,NSE,ONGC,raw_l2/trade_date=2026-07-17/exchange=NSE/symbol=ONGC/part-035750_991082-001785.parquet,real_data_sample\l2_unseen_validation\trade_date=2026-07-17\exchange=NSE\symbol=ONGC\part-035750_991082-001785.parquet,34600,downloaded,34600,
2026-07-17,NSE,ONGC,raw_l2/trade_date=2026-07-17/exchange=NSE/symbol=ONGC/part-035407_448006-001273.parquet,real_data_sample\l2_unseen_validation\trade_date=2026-07-17\exchange=NSE\symbol=ONGC\part-035407_448006-001273.parquet,34594,downloaded,34594,
2026-07-17,NSE,ONGC,raw_l2/trade_date=2026-07-17/exchange=NSE/symbol=ONGC/part-035819_652604-001849.parquet,real_data_sample\l2_unseen_validation\trade_date=2026-07-17\exchange=NSE\symbol=ONGC\part-035819_652604-001849.parquet,34639,downloaded,34639,
2026-07-17,NSE,ONGC,raw_l2/trade_date=2026-07-17/exchange=NSE/symbol=ONGC/part-035847_636612-001913.parquet,real_data_sample\l2_unseen_validation\trade_date=2026-07-17\exchange=NSE\symbol=ONGC\part-035847_636612-001913.parquet,34435,downloaded,34435,
2026-07-17,NSE,ONGC,raw_l2/trade_date=2026-07-17/exchange=NSE/symbol=ONGC/part-035833_686031-001881.parquet,real_data_sample\l2_unseen_validation\trade_date=2026-07-17\exchange=NSE\symbol=ONGC\part-035833_686031-001881.parquet,34392,downloaded,34392,
2026-07-17,NSE,ONGC,raw_l2/trade_date=2026-07-17/exchange=NSE/symbol=ONGC/part-035901_674518-001945.parquet,real_data_sample\l2_unseen_validation\trade_date=2026-07-17\exchange=NSE\symbol=ONGC\part-035901_674518-001945.parquet,34507,downloaded,34507,
2026-07-17,NSE,ONGC,raw_l2/trade_date=2026-07-17/exchange=NSE/symbol=ONGC/part-035929_555976-002009.parquet,real_data_sample\l2_unseen_validation\trade_date=2026-07-17\exchange=NSE\symbol=ONGC\part-035929_555976-002009.parquet,35763,downloaded,35763,
2026-07-17,NSE,ONGC,raw_l2/trade_date=2026-07-17/exchange=NSE/symbol=ONGC/part-040148_761439-002329.parquet,real_data_sample\l2_unseen_validation\trade_date=2026-07-17\exchange=NSE\symbol=ONGC\part-040148_761439-002329.parquet,34410,downloaded,34410,
2026-07-17,NSE,ONGC,raw_l2/trade_date=2026-07-17/exchange=NSE/symbol=ONGC/part-040202_812088-002361.parquet,real_data_sample\l2_unseen_validation\trade_date=2026-07-17\exchange=NSE\symbol=ONGC\part-040202_812088-002361.parquet,34516,downloaded,34516,
2026-07-17,NSE,ONGC,raw_l2/trade_date=2026-07-17/exchange=NSE/symbol=ONGC/part-040039_679815-002169.parquet,real_data_sample\l2_unseen_validation\trade_date=2026-07-17\exchange=NSE\symbol=ONGC\part-040039_679815-002169.parquet,34607,downloaded,34607,
2026-07-17,NSE,ONGC,raw_l2/trade_date=2026-07-17/exchange=NSE/symbol=ONGC/part-040121_159852-002265.parquet,real_data_sample\l2_unseen_validation\trade_date=2026-07-17\exchange=NSE\symbol=ONGC\part-040121_159852-002265.parquet,34564,downloaded,34564,
2026-07-17,NSE,ONGC,raw_l2/trade_date=2026-07-17/exchange=NSE/symbol=ONGC/part-040134_977250-002297.parquet,real_data_sample\l2_unseen_validation\trade_date=2026-07-17\exchange=NSE\symbol=ONGC\part-040134_977250-002297.parquet,34331,downloaded,34331,
2026-07-17,NSE,ONGC,raw_l2/trade_date=2026-07-17/exchange=NSE/symbol=ONGC/part-040011_764531-002105.parquet,real_data_sample\l2_unseen_validation\trade_date=2026-07-17\exchange=NSE\symbol=ONGC\part-040011_764531-002105.parquet,35784,downloaded,35784,
2026-07-17,NSE,ONGC,raw_l2/trade_date=2026-07-17/exchange=NSE/symbol=ONGC/part-035957_631298-002073.parquet,real_data_sample\l2_unseen_validation\trade_date=2026-07-17\exchange=NSE\symbol=ONGC\part-035957_631298-002073.parquet,35423,downloaded,35423,
2026-07-17,NSE,ONGC,raw_l2/trade_date=2026-07-17/exchange=NSE/symbol=ONGC/part-040025_825656-002137.parquet,real_data_sample\l2_unseen_validation\trade_date=2026-07-17\exchange=NSE\symbol=ONGC\part-040025_825656-002137.parquet,34545,downloaded,34545,
2026-07-17,NSE,ONGC,raw_l2/trade_date=2026-07-17/exchange=NSE/symbol=ONGC/part-035943_658296-002041.parquet,real_data_sample\l2_unseen_validation\trade_date=2026-07-17\exchange=NSE\symbol=ONGC\part-035943_658296-002041.parquet,35385,downloaded,35385,
2026-07-17,NSE,ONGC,raw_l2/trade_date=2026-07-17/exchange=NSE/symbol=ONGC/part-040107_302578-002233.parquet,real_data_sample\l2_unseen_validation\trade_date=2026-07-17\exchange=NSE\symbol=ONGC\part-040107_302578-002233.parquet,34438,downloaded,34438,
2026-07-17,NSE,ONGC,raw_l2/trade_date=2026-07-17/exchange=NSE/symbol=ONGC/part-040053_370364-002201.parquet,real_data_sample\l2_unseen_validation\trade_date=2026-07-17\exchange=NSE\symbol=ONGC\part-040053_370364-002201.parquet,34604,downloaded,34604,
2026-07-17,NSE,ONGC,raw_l2/trade_date=2026-07-17/exchange=NSE/symbol=ONGC/part-035915_685236-001977.parquet,real_data_sample\l2_unseen_validation\trade_date=2026-07-17\exchange=NSE\symbol=ONGC\part-035915_685236-001977.parquet,34958,downloaded,34958,
2026-07-17,NSE,ONGC,raw_l2/trade_date=2026-07-17/exchange=NSE/symbol=ONGC/part-040230_707681-002425.parquet,real_data_sample\l2_unseen_validation\trade_date=2026-07-17\exchange=NSE\symbol=ONGC\part-040230_707681-002425.parquet,34409,downloaded,34409,
2026-07-17,NSE,ONGC,raw_l2/trade_date=2026-07-17/exchange=NSE/symbol=ONGC/part-040245_093840-002457.parquet,real_data_sample\l2_unseen_validation\trade_date=2026-07-17\exchange=NSE\symbol=ONGC\part-040245_093840-002457.parquet,34595,downloaded,34595,
2026-07-17,NSE,ONGC,raw_l2/trade_date=2026-07-17/exchange=NSE/symbol=ONGC/part-040259_641825-002489.parquet,real_data_sample\l2_unseen_validation\trade_date=2026-07-17\exchange=NSE\symbol=ONGC\part-040259_641825-002489.parquet,34459,downloaded,34459,
2026-07-17,NSE,ONGC,raw_l2/trade_date=2026-07-17/exchange=NSE/symbol=ONGC/part-040313_941994-002521.parquet,real_data_sample\l2_unseen_validation\trade_date=2026-07-17\exchange=NSE\symbol=ONGC\part-040313_941994-002521.parquet,34698,downloaded,34698,
2026-07-17,NSE,ONGC,raw_l2/trade_date=2026-07-17/exchange=NSE/symbol=ONGC/part-040342_207525-002585.parquet,real_data_sample\l2_unseen_validation\trade_date=2026-07-17\exchange=NSE\symbol=ONGC\part-040342_207525-002585.parquet,35586,downloaded,35586,
2026-07-17,NSE,ONGC,raw_l2/trade_date=2026-07-17/exchange=NSE/symbol=ONGC/part-040328_043764-002553.parquet,real_data_sample\l2_unseen_validation\trade_date=2026-07-17\exchange=NSE\symbol=ONGC\part-040328_043764-002553.parquet,35382,downloaded,35382,
2026-07-17,NSE,ONGC,raw_l2/trade_date=2026-07-17/exchange=NSE/symbol=ONGC/part-040548_776991-002873.parquet,real_data_sample\l2_unseen_validation\trade_date=2026-07-17\exchange=NSE\symbol=ONGC\part-040548_776991-002873.parquet,35419,downloaded,35419,
2026-07-17,NSE,ONGC,raw_l2/trade_date=2026-07-17/exchange=NSE/symbol=ONGC/part-040356_390473-002617.parquet,real_data_sample\l2_unseen_validation\trade_date=2026-07-17\exchange=NSE\symbol=ONGC\part-040356_390473-002617.parquet,35780,downloaded,35780,
2026-07-17,NSE,ONGC,raw_l2/trade_date=2026-07-17/exchange=NSE/symbol=ONGC/part-040520_796264-002809.parquet,real_data_sample\l2_unseen_validation\trade_date=2026-07-17\exchange=NSE\symbol=ONGC\part-040520_796264-002809.parquet,35813,downloaded,35813,
2026-07-17,NSE,ONGC,raw_l2/trade_date=2026-07-17/exchange=NSE/symbol=ONGC/part-040616_736387-002937.parquet,real_data_sample\l2_unseen_validation\trade_date=2026-07-17\exchange=NSE\symbol=ONGC\part-040616_736387-002937.parquet,35325,downloaded,35325,
2026-07-17,NSE,ONGC,raw_l2/trade_date=2026-07-17/exchange=NSE/symbol=ONGC/part-040602_934253-002905.parquet,real_data_sample\l2_unseen_validation\trade_date=2026-07-17\exchange=NSE\symbol=ONGC\part-040602_934253-002905.parquet,35543,downloaded,35543,
2026-07-17,NSE,ONGC,raw_l2/trade_date=2026-07-17/exchange=NSE/symbol=ONGC/part-040410_431000-002649.parquet,real_data_sample\l2_unseen_validation\trade_date=2026-07-17\exchange=NSE\symbol=ONGC\part-040410_431000-002649.parquet,35510,downloaded,35510,
2026-07-17,NSE,ONGC,raw_l2/trade_date=2026-07-17/exchange=NSE/symbol=ONGC/part-040534_816344-002841.parquet,real_data_sample\l2_unseen_validation\trade_date=2026-07-17\exchange=NSE\symbol=ONGC\part-040534_816344-002841.parquet,35626,downloaded,35626,
2026-07-17,NSE,ONGC,raw_l2/trade_date=2026-07-17/exchange=NSE/symbol=ONGC/part-040452_267949-002745.parquet,real_data_sample\l2_unseen_validation\trade_date=2026-07-17\exchange=NSE\symbol=ONGC\part-040452_267949-002745.parquet,35604,downloaded,35604,
2026-07-17,NSE,ONGC,raw_l2/trade_date=2026-07-17/exchange=NSE/symbol=ONGC/part-040424_419406-002681.parquet,real_data_sample\l2_unseen_validation\trade_date=2026-07-17\exchange=NSE\symbol=ONGC\part-040424_419406-002681.parquet,35267,downloaded,35267,
2026-07-17,NSE,ONGC,raw_l2/trade_date=2026-07-17/exchange=NSE/symbol=ONGC/part-040506_516787-002777.parquet,real_data_sample\l2_unseen_validation\trade_date=2026-07-17\exchange=NSE\symbol=ONGC\part-040506_516787-002777.parquet,35603,downloaded,35603,
2026-07-17,NSE,ONGC,raw_l2/trade_date=2026-07-17/exchange=NSE/symbol=ONGC/part-040438_345798-002713.parquet,real_data_sample\l2_unseen_validation\trade_date=2026-07-17\exchange=NSE\symbol=ONGC\part-040438_345798-002713.parquet,35454,downloaded,35454,
2026-07-17,NSE,ONGC,raw_l2/trade_date=2026-07-17/exchange=NSE/symbol=ONGC/part-040726_564137-003097.parquet,real_data_sample\l2_unseen_validation\trade_date=2026-07-17\exchange=NSE\symbol=ONGC\part-040726_564137-003097.parquet,34618,downloaded,34618,
2026-07-17,NSE,ONGC,raw_l2/trade_date=2026-07-17/exchange=NSE/symbol=ONGC/part-040754_785713-003161.parquet,real_data_sample\l2_unseen_validation\trade_date=2026-07-17\exchange=NSE\symbol=ONGC\part-040754_785713-003161.parquet,34570,downloaded,34570,
2026-07-17,NSE,ONGC,raw_l2/trade_date=2026-07-17/exchange=NSE/symbol=ONGC/part-040740_811180-003129.parquet,real_data_sample\l2_unseen_validation\trade_date=2026-07-17\exchange=NSE\symbol=ONGC\part-040740_811180-003129.parquet,34444,downloaded,34444,
2026-07-17,NSE,ONGC,raw_l2/trade_date=2026-07-17/exchange=NSE/symbol=ONGC/part-040644_596477-003001.parquet,real_data_sample\l2_unseen_validation\trade_date=2026-07-17\exchange=NSE\symbol=ONGC\part-040644_596477-003001.parquet,35837,downloaded,35837,
2026-07-17,NSE,ONGC,raw_l2/trade_date=2026-07-17/exchange=NSE/symbol=ONGC/part-040712_574917-003065.parquet,real_data_sample\l2_unseen_validation\trade_date=2026-07-17\exchange=NSE\symbol=ONGC\part-040712_574917-003065.parquet,35758,downloaded,35758,
2026-07-17,NSE,ONGC,raw_l2/trade_date=2026-07-17/exchange=NSE/symbol=ONGC/part-040658_522040-003033.parquet,real_data_sample\l2_unseen_validation\trade_date=2026-07-17\exchange=NSE\symbol=ONGC\part-040658_522040-003033.parquet,35667,downloaded,35667,
2026-07-17,NSE,ONGC,raw_l2/trade_date=2026-07-17/exchange=NSE/symbol=ONGC/part-040808_823473-003193.parquet,real_data_sample\l2_unseen_validation\trade_date=2026-07-17\exchange=NSE\symbol=ONGC\part-040808_823473-003193.parquet,34433,downloaded,34433,
2026-07-17,NSE,ONGC,raw_l2/trade_date=2026-07-17/exchange=NSE/symbol=ONGC/part-040630_740324-002969.parquet,real_data_sample\l2_unseen_validation\trade_date=2026-07-17\exchange=NSE\symbol=ONGC\part-040630_740324-002969.parquet,35816,downloaded,35816,
2026-07-17,NSE,ONGC,raw_l2/trade_date=2026-07-17/exchange=NSE/symbol=ONGC/part-040216_690091-002393.parquet,real_data_sample\l2_unseen_validation\trade_date=2026-07-17\exchange=NSE\symbol=ONGC\part-040216_690091-002393.parquet,34290,downloaded,34290,
2026-07-17,NSE,ONGC,raw_l2/trade_date=2026-07-17/exchange=NSE/symbol=ONGC/part-040837_371229-003257.parquet,real_data_sample\l2_unseen_validation\trade_date=2026-07-17\exchange=NSE\symbol=ONGC\part-040837_371229-003257.parquet,34657,downloaded,34657,
2026-07-17,NSE,ONGC,raw_l2/trade_date=2026-07-17/exchange=NSE/symbol=ONGC/part-040948_777238-003417.parquet,real_data_sample\l2_unseen_validation\trade_date=2026-07-17\exchange=NSE\symbol=ONGC\part-040948_777238-003417.parquet,34629,downloaded,34629,
2026-07-17,NSE,ONGC,raw_l2/trade_date=2026-07-17/exchange=NSE/symbol=ONGC/part-041002_937165-003449.parquet,real_data_sample\l2_unseen_validation\trade_date=2026-07-17\exchange=NSE\symbol=ONGC\part-041002_937165-003449.parquet,34370,downloaded,34370,
2026-07-17,NSE,ONGC,raw_l2/trade_date=2026-07-17/exchange=NSE/symbol=ONGC/part-040919_991412-003353.parquet,real_data_sample\l2_unseen_validation\trade_date=2026-07-17\exchange=NSE\symbol=ONGC\part-040919_991412-003353.parquet,34612,downloaded,34612,
2026-07-17,NSE,ONGC,raw_l2/trade_date=2026-07-17/exchange=NSE/symbol=ONGC/part-040823_389591-003225.parquet,real_data_sample\l2_unseen_validation\trade_date=2026-07-17\exchange=NSE\symbol=ONGC\part-040823_389591-003225.parquet,34466,downloaded,34466,
2026-07-17,NSE,ONGC,raw_l2/trade_date=2026-07-17/exchange=NSE/symbol=ONGC/part-040851_883534-003289.parquet,real_data_sample\l2_unseen_validation\trade_date=2026-07-17\exchange=NSE\symbol=ONGC\part-040851_883534-003289.parquet,34426,downloaded,34426,
2026-07-17,NSE,ONGC,raw_l2/trade_date=2026-07-17/exchange=NSE/symbol=ONGC/part-040905_838953-003321.parquet,real_data_sample\l2_unseen_validation\trade_date=2026-07-17\exchange=NSE\symbol=ONGC\part-040905_838953-003321.parquet,34560,downloaded,34560,
2026-07-17,NSE,ONGC,raw_l2/trade_date=2026-07-17/exchange=NSE/symbol=ONGC/part-041031_094784-003513.parquet,real_data_sample\l2_unseen_validation\trade_date=2026-07-17\exchange=NSE\symbol=ONGC\part-041031_094784-003513.parquet,34365,downloaded,34365,
2026-07-17,NSE,ONGC,raw_l2/trade_date=2026-07-17/exchange=NSE/symbol=ONGC/part-040934_507587-003385.parquet,real_data_sample\l2_unseen_validation\trade_date=2026-07-17\exchange=NSE\symbol=ONGC\part-040934_507587-003385.parquet,34485,downloaded,34485,
2026-07-17,NSE,ONGC,raw_l2/trade_date=2026-07-17/exchange=NSE/symbol=ONGC/part-041016_762289-003481.parquet,real_data_sample\l2_unseen_validation\trade_date=2026-07-17\exchange=NSE\symbol=ONGC\part-041016_762289-003481.parquet,34618,downloaded,34618,
2026-07-17,NSE,ONGC,raw_l2/trade_date=2026-07-17/exchange=NSE/symbol=ONGC/part-041251_017121-003833.parquet,real_data_sample\l2_unseen_validation\trade_date=2026-07-17\exchange=NSE\symbol=ONGC\part-041251_017121-003833.parquet,35956,downloaded,35956,
2026-07-17,NSE,ONGC,raw_l2/trade_date=2026-07-17/exchange=NSE/symbol=ONGC/part-041318_707698-003897.parquet,real_data_sample\l2_unseen_validation\trade_date=2026-07-17\exchange=NSE\symbol=ONGC\part-041318_707698-003897.parquet,36353,downloaded,36353,
2026-07-17,NSE,ONGC,raw_l2/trade_date=2026-07-17/exchange=NSE/symbol=ONGC/part-041237_241341-003801.parquet,real_data_sample\l2_unseen_validation\trade_date=2026-07-17\exchange=NSE\symbol=ONGC\part-041237_241341-003801.parquet,35515,downloaded,35515,
2026-07-17,NSE,ONGC,raw_l2/trade_date=2026-07-17/exchange=NSE/symbol=ONGC/part-041304_771584-003865.parquet,real_data_sample\l2_unseen_validation\trade_date=2026-07-17\exchange=NSE\symbol=ONGC\part-041304_771584-003865.parquet,35890,downloaded,35890,
2026-07-17,NSE,ONGC,raw_l2/trade_date=2026-07-17/exchange=NSE/symbol=ONGC/part-041332_896482-003929.parquet,real_data_sample\l2_unseen_validation\trade_date=2026-07-17\exchange=NSE\symbol=ONGC\part-041332_896482-003929.parquet,35992,downloaded,35992,
2026-07-17,NSE,ONGC,raw_l2/trade_date=2026-07-17/exchange=NSE/symbol=ONGC/part-041045_405668-003545.parquet,real_data_sample\l2_unseen_validation\trade_date=2026-07-17\exchange=NSE\symbol=ONGC\part-041045_405668-003545.parquet,34423,downloaded,34423,
2026-07-17,NSE,ONGC,raw_l2/trade_date=2026-07-17/exchange=NSE/symbol=ONGC/part-041155_298100-003705.parquet,real_data_sample\l2_unseen_validation\trade_date=2026-07-17\exchange=NSE\symbol=ONGC\part-041155_298100-003705.parquet,34700,downloaded,34700,
2026-07-17,NSE,ONGC,raw_l2/trade_date=2026-07-17/exchange=NSE/symbol=ONGC/part-041113_725046-003609.parquet,real_data_sample\l2_unseen_validation\trade_date=2026-07-17\exchange=NSE\symbol=ONGC\part-041113_725046-003609.parquet,34524,downloaded,34524,
2026-07-17,NSE,ONGC,raw_l2/trade_date=2026-07-17/exchange=NSE/symbol=ONGC/part-041127_466634-003641.parquet,real_data_sample\l2_unseen_validation\trade_date=2026-07-17\exchange=NSE\symbol=ONGC\part-041127_466634-003641.parquet,34637,downloaded,34637,
2026-07-17,NSE,ONGC,raw_l2/trade_date=2026-07-17/exchange=NSE/symbol=ONGC/part-041059_600909-003577.parquet,real_data_sample\l2_unseen_validation\trade_date=2026-07-17\exchange=NSE\symbol=ONGC\part-041059_600909-003577.parquet,34519,downloaded,34519,
2026-07-17,NSE,ONGC,raw_l2/trade_date=2026-07-17/exchange=NSE/symbol=ONGC/part-041223_300540-003769.parquet,real_data_sample\l2_unseen_validation\trade_date=2026-07-17\exchange=NSE\symbol=ONGC\part-041223_300540-003769.parquet,35386,downloaded,35386,
2026-07-17,NSE,ONGC,raw_l2/trade_date=2026-07-17/exchange=NSE/symbol=ONGC/part-041209_419015-003737.parquet,real_data_sample\l2_unseen_validation\trade_date=2026-07-17\exchange=NSE\symbol=ONGC\part-041209_419015-003737.parquet,34675,downloaded,34675,
2026-07-17,NSE,ONGC,raw_l2/trade_date=2026-07-17/exchange=NSE/symbol=ONGC/part-041141_550801-003673.parquet,real_data_sample\l2_unseen_validation\trade_date=2026-07-17\exchange=NSE\symbol=ONGC\part-041141_550801-003673.parquet,34594,downloaded,34594,
2026-07-17,NSE,ONGC,raw_l2/trade_date=2026-07-17/exchange=NSE/symbol=ONGC/part-041346_909321-003961.parquet,real_data_sample\l2_unseen_validation\trade_date=2026-07-17\exchange=NSE\symbol=ONGC\part-041346_909321-003961.parquet,35890,downloaded,35890,
2026-07-17,NSE,ONGC,raw_l2/trade_date=2026-07-17/exchange=NSE/symbol=ONGC/part-041457_001017-004121.parquet,real_data_sample\l2_unseen_validation\trade_date=2026-07-17\exchange=NSE\symbol=ONGC\part-041457_001017-004121.parquet,34375,downloaded,34375,
2026-07-17,NSE,ONGC,raw_l2/trade_date=2026-07-17/exchange=NSE/symbol=ONGC/part-041443_102503-004089.parquet,real_data_sample\l2_unseen_validation\trade_date=2026-07-17\exchange=NSE\symbol=ONGC\part-041443_102503-004089.parquet,34436,downloaded,34436,
2026-07-17,NSE,ONGC,raw_l2/trade_date=2026-07-17/exchange=NSE/symbol=ONGC/part-041429_027979-004057.parquet,real_data_sample\l2_unseen_validation\trade_date=2026-07-17\exchange=NSE\symbol=ONGC\part-041429_027979-004057.parquet,34379,downloaded,34379,
2026-07-17,NSE,ONGC,raw_l2/trade_date=2026-07-17/exchange=NSE/symbol=ONGC/part-041510_976914-004153.parquet,real_data_sample\l2_unseen_validation\trade_date=2026-07-17\exchange=NSE\symbol=ONGC\part-041510_976914-004153.parquet,34423,downloaded,34423,
2026-07-17,NSE,ONGC,raw_l2/trade_date=2026-07-17/exchange=NSE/symbol=ONGC/part-041401_062868-003993.parquet,real_data_sample\l2_unseen_validation\trade_date=2026-07-17\exchange=NSE\symbol=ONGC\part-041401_062868-003993.parquet,35306,downloaded,35306,
2026-07-17,NSE,ONGC,raw_l2/trade_date=2026-07-17/exchange=NSE/symbol=ONGC/part-041415_109138-004025.parquet,real_data_sample\l2_unseen_validation\trade_date=2026-07-17\exchange=NSE\symbol=ONGC\part-041415_109138-004025.parquet,35606,downloaded,35606,
2026-07-17,NSE,ONGC,raw_l2/trade_date=2026-07-17/exchange=NSE/symbol=ONGC/part-041524_803374-004185.parquet,real_data_sample\l2_unseen_validation\trade_date=2026-07-17\exchange=NSE\symbol=ONGC\part-041524_803374-004185.parquet,34364,downloaded,34364,
2026-07-17,NSE,ONGC,raw_l2/trade_date=2026-07-17/exchange=NSE/symbol=ONGC/part-041649_018706-004377.parquet,real_data_sample\l2_unseen_validation\trade_date=2026-07-17\exchange=NSE\symbol=ONGC\part-041649_018706-004377.parquet,35385,downloaded,35385,
2026-07-17,NSE,ONGC,raw_l2/trade_date=2026-07-17/exchange=NSE/symbol=ONGC/part-041702_887327-004409.parquet,real_data_sample\l2_unseen_validation\trade_date=2026-07-17\exchange=NSE\symbol=ONGC\part-041702_887327-004409.parquet,35238,downloaded,35238,
2026-07-17,NSE,ONGC,raw_l2/trade_date=2026-07-17/exchange=NSE/symbol=ONGC/part-041731_131398-004473.parquet,real_data_sample\l2_unseen_validation\trade_date=2026-07-17\exchange=NSE\symbol=ONGC\part-041731_131398-004473.parquet,35598,downloaded,35598,
2026-07-17,NSE,ONGC,raw_l2/trade_date=2026-07-17/exchange=NSE/symbol=ONGC/part-041635_150428-004345.parquet,real_data_sample\l2_unseen_validation\trade_date=2026-07-17\exchange=NSE\symbol=ONGC\part-041635_150428-004345.parquet,35274,downloaded,35274,
2026-07-17,NSE,ONGC,raw_l2/trade_date=2026-07-17/exchange=NSE/symbol=ONGC/part-041716_625917-004441.parquet,real_data_sample\l2_unseen_validation\trade_date=2026-07-17\exchange=NSE\symbol=ONGC\part-041716_625917-004441.parquet,35263,downloaded,35263,
2026-07-17,NSE,ONGC,raw_l2/trade_date=2026-07-17/exchange=NSE/symbol=ONGC/part-041607_716429-004281.parquet,real_data_sample\l2_unseen_validation\trade_date=2026-07-17\exchange=NSE\symbol=ONGC\part-041607_716429-004281.parquet,34341,downloaded,34341,
2026-07-17,NSE,ONGC,raw_l2/trade_date=2026-07-17/exchange=NSE/symbol=ONGC/part-041621_497377-004313.parquet,real_data_sample\l2_unseen_validation\trade_date=2026-07-17\exchange=NSE\symbol=ONGC\part-041621_497377-004313.parquet,35512,downloaded,35512,
2026-07-17,NSE,ONGC,raw_l2/trade_date=2026-07-17/exchange=NSE/symbol=ONGC/part-041553_959541-004249.parquet,real_data_sample\l2_unseen_validation\trade_date=2026-07-17\exchange=NSE\symbol=ONGC\part-041553_959541-004249.parquet,34438,downloaded,34438,
2026-07-17,NSE,ONGC,raw_l2/trade_date=2026-07-17/exchange=NSE/symbol=ONGC/part-041745_005174-004505.parquet,real_data_sample\l2_unseen_validation\trade_date=2026-07-17\exchange=NSE\symbol=ONGC\part-041745_005174-004505.parquet,35141,downloaded,35141,
2026-07-17,NSE,ONGC,raw_l2/trade_date=2026-07-17/exchange=NSE/symbol=ONGC/part-041758_771636-004537.parquet,real_data_sample\l2_unseen_validation\trade_date=2026-07-17\exchange=NSE\symbol=ONGC\part-041758_771636-004537.parquet,35610,downloaded,35610,
2026-07-17,NSE,ONGC,raw_l2/trade_date=2026-07-17/exchange=NSE/symbol=ONGC/part-041812_397089-004569.parquet,real_data_sample\l2_unseen_validation\trade_date=2026-07-17\exchange=NSE\symbol=ONGC\part-041812_397089-004569.parquet,35954,downloaded,35954,
2026-07-17,NSE,ONGC,raw_l2/trade_date=2026-07-17/exchange=NSE/symbol=ONGC/part-041854_431391-004665.parquet,real_data_sample\l2_unseen_validation\trade_date=2026-07-17\exchange=NSE\symbol=ONGC\part-041854_431391-004665.parquet,34667,downloaded,34667,
2026-07-17,NSE,ONGC,raw_l2/trade_date=2026-07-17/exchange=NSE/symbol=ONGC/part-041840_043586-004633.parquet,real_data_sample\l2_unseen_validation\trade_date=2026-07-17\exchange=NSE\symbol=ONGC\part-041840_043586-004633.parquet,34424,downloaded,34424,
2026-07-17,NSE,ONGC,raw_l2/trade_date=2026-07-17/exchange=NSE/symbol=ONGC/part-041826_177564-004601.parquet,real_data_sample\l2_unseen_validation\trade_date=2026-07-17\exchange=NSE\symbol=ONGC\part-041826_177564-004601.parquet,34452,downloaded,34452,
2026-07-17,NSE,ONGC,raw_l2/trade_date=2026-07-17/exchange=NSE/symbol=ONGC/part-042210_340940-005113.parquet,real_data_sample\l2_unseen_validation\trade_date=2026-07-17\exchange=NSE\symbol=ONGC\part-042210_340940-005113.parquet,34617,downloaded,34617,
2026-07-17,NSE,ONGC,raw_l2/trade_date=2026-07-17/exchange=NSE/symbol=ONGC/part-042114_247666-004985.parquet,real_data_sample\l2_unseen_validation\trade_date=2026-07-17\exchange=NSE\symbol=ONGC\part-042114_247666-004985.parquet,34652,downloaded,34652,
2026-07-17,NSE,ONGC,raw_l2/trade_date=2026-07-17/exchange=NSE/symbol=ONGC/part-042156_292895-005081.parquet,real_data_sample\l2_unseen_validation\trade_date=2026-07-17\exchange=NSE\symbol=ONGC\part-042156_292895-005081.parquet,34695,downloaded,34695,
2026-07-17,NSE,ONGC,raw_l2/trade_date=2026-07-17/exchange=NSE/symbol=ONGC/part-042128_210767-005017.parquet,real_data_sample\l2_unseen_validation\trade_date=2026-07-17\exchange=NSE\symbol=ONGC\part-042128_210767-005017.parquet,34454,downloaded,34454,
2026-07-17,NSE,ONGC,raw_l2/trade_date=2026-07-17/exchange=NSE/symbol=ONGC/part-042100_442250-004953.parquet,real_data_sample\l2_unseen_validation\trade_date=2026-07-17\exchange=NSE\symbol=ONGC\part-042100_442250-004953.parquet,34451,downloaded,34451,
2026-07-17,NSE,ONGC,raw_l2/trade_date=2026-07-17/exchange=NSE/symbol=ONGC/part-041908_596599-004697.parquet,real_data_sample\l2_unseen_validation\trade_date=2026-07-17\exchange=NSE\symbol=ONGC\part-041908_596599-004697.parquet,34596,downloaded,34596,
2026-07-17,NSE,ONGC,raw_l2/trade_date=2026-07-17/exchange=NSE/symbol=ONGC/part-042032_719555-004889.parquet,real_data_sample\l2_unseen_validation\trade_date=2026-07-17\exchange=NSE\symbol=ONGC\part-042032_719555-004889.parquet,34608,downloaded,34608,
2026-07-17,NSE,ONGC,raw_l2/trade_date=2026-07-17/exchange=NSE/symbol=ONGC/part-041922_983251-004729.parquet,real_data_sample\l2_unseen_validation\trade_date=2026-07-17\exchange=NSE\symbol=ONGC\part-041922_983251-004729.parquet,35107,downloaded,35107,
2026-07-17,NSE,ONGC,raw_l2/trade_date=2026-07-17/exchange=NSE/symbol=ONGC/part-042224_316987-005145.parquet,real_data_sample\l2_unseen_validation\trade_date=2026-07-17\exchange=NSE\symbol=ONGC\part-042224_316987-005145.parquet,34538,downloaded,34538,
2026-07-17,NSE,ONGC,raw_l2/trade_date=2026-07-17/exchange=NSE/symbol=ONGC/part-042142_299415-005049.parquet,real_data_sample\l2_unseen_validation\trade_date=2026-07-17\exchange=NSE\symbol=ONGC\part-042142_299415-005049.parquet,34448,downloaded,34448,
2026-07-17,NSE,ONGC,raw_l2/trade_date=2026-07-17/exchange=NSE/symbol=ONGC/part-042005_002140-004825.parquet,real_data_sample\l2_unseen_validation\trade_date=2026-07-17\exchange=NSE\symbol=ONGC\part-042005_002140-004825.parquet,35213,downloaded,35213,
2026-07-17,NSE,ONGC,raw_l2/trade_date=2026-07-17/exchange=NSE/symbol=ONGC/part-042019_013381-004857.parquet,real_data_sample\l2_unseen_validation\trade_date=2026-07-17\exchange=NSE\symbol=ONGC\part-042019_013381-004857.parquet,35083,downloaded,35083,
2026-07-17,NSE,ONGC,raw_l2/trade_date=2026-07-17/exchange=NSE/symbol=ONGC/part-041951_096900-004793.parquet,real_data_sample\l2_unseen_validation\trade_date=2026-07-17\exchange=NSE\symbol=ONGC\part-041951_096900-004793.parquet,35475,downloaded,35475,
2026-07-17,NSE,ONGC,raw_l2/trade_date=2026-07-17/exchange=NSE/symbol=ONGC/part-042306_008030-005241.parquet,real_data_sample\l2_unseen_validation\trade_date=2026-07-17\exchange=NSE\symbol=ONGC\part-042306_008030-005241.parquet,34345,downloaded,34345,
2026-07-17,NSE,ONGC,raw_l2/trade_date=2026-07-17/exchange=NSE/symbol=ONGC/part-042238_233804-005177.parquet,real_data_sample\l2_unseen_validation\trade_date=2026-07-17\exchange=NSE\symbol=ONGC\part-042238_233804-005177.parquet,34387,downloaded,34387,
2026-07-17,NSE,ONGC,raw_l2/trade_date=2026-07-17/exchange=NSE/symbol=ONGC/part-041538_884735-004217.parquet,real_data_sample\l2_unseen_validation\trade_date=2026-07-17\exchange=NSE\symbol=ONGC\part-041538_884735-004217.parquet,34398,downloaded,34398,
2026-07-17,NSE,ONGC,raw_l2/trade_date=2026-07-17/exchange=NSE/symbol=ONGC/part-042320_117923-005273.parquet,real_data_sample\l2_unseen_validation\trade_date=2026-07-17\exchange=NSE\symbol=ONGC\part-042320_117923-005273.parquet,35063,downloaded,35063,
2026-07-17,NSE,ONGC,raw_l2/trade_date=2026-07-17/exchange=NSE/symbol=ONGC/part-042252_010659-005209.parquet,real_data_sample\l2_unseen_validation\trade_date=2026-07-17\exchange=NSE\symbol=ONGC\part-042252_010659-005209.parquet,34635,downloaded,34635,
2026-07-17,NSE,ONGC,raw_l2/trade_date=2026-07-17/exchange=NSE/symbol=ONGC/part-041937_039186-004761.parquet,real_data_sample\l2_unseen_validation\trade_date=2026-07-17\exchange=NSE\symbol=ONGC\part-041937_039186-004761.parquet,35508,downloaded,35508,
2026-07-17,NSE,ONGC,raw_l2/trade_date=2026-07-17/exchange=NSE/symbol=ONGC/part-042046_674253-004921.parquet,real_data_sample\l2_unseen_validation\trade_date=2026-07-17\exchange=NSE\symbol=ONGC\part-042046_674253-004921.parquet,34683,downloaded,34683,
2026-07-17,NSE,ONGC,raw_l2/trade_date=2026-07-17/exchange=NSE/symbol=ONGC/part-042334_047355-005305.parquet,real_data_sample\l2_unseen_validation\trade_date=2026-07-17\exchange=NSE\symbol=ONGC\part-042334_047355-005305.parquet,35062,downloaded,35062,
2026-07-17,NSE,ONGC,raw_l2/trade_date=2026-07-17/exchange=NSE/symbol=ONGC/part-042401_984604-005369.parquet,real_data_sample\l2_unseen_validation\trade_date=2026-07-17\exchange=NSE\symbol=ONGC\part-042401_984604-005369.parquet,35866,downloaded,35866,
2026-07-17,NSE,ONGC,raw_l2/trade_date=2026-07-17/exchange=NSE/symbol=ONGC/part-042443_793745-005465.parquet,real_data_sample\l2_unseen_validation\trade_date=2026-07-17\exchange=NSE\symbol=ONGC\part-042443_793745-005465.parquet,34708,downloaded,34708,
2026-07-17,NSE,ONGC,raw_l2/trade_date=2026-07-17/exchange=NSE/symbol=ONGC/part-042429_818436-005433.parquet,real_data_sample\l2_unseen_validation\trade_date=2026-07-17\exchange=NSE\symbol=ONGC\part-042429_818436-005433.parquet,34684,downloaded,34684,
2026-07-17,NSE,ONGC,raw_l2/trade_date=2026-07-17/exchange=NSE/symbol=ONGC/part-042348_090062-005337.parquet,real_data_sample\l2_unseen_validation\trade_date=2026-07-17\exchange=NSE\symbol=ONGC\part-042348_090062-005337.parquet,35513,downloaded,35513,
2026-07-17,NSE,ONGC,raw_l2/trade_date=2026-07-17/exchange=NSE/symbol=ONGC/part-042415_740255-005401.parquet,real_data_sample\l2_unseen_validation\trade_date=2026-07-17\exchange=NSE\symbol=ONGC\part-042415_740255-005401.parquet,35307,downloaded,35307,
2026-07-17,NSE,ONGC,raw_l2/trade_date=2026-07-17/exchange=NSE/symbol=ONGC/part-042457_440099-005497.parquet,real_data_sample\l2_unseen_validation\trade_date=2026-07-17\exchange=NSE\symbol=ONGC\part-042457_440099-005497.parquet,34594,downloaded,34594,
2026-07-17,NSE,ONGC,raw_l2/trade_date=2026-07-17/exchange=NSE/symbol=ONGC/part-042525_269069-005561.parquet,real_data_sample\l2_unseen_validation\trade_date=2026-07-17\exchange=NSE\symbol=ONGC\part-042525_269069-005561.parquet,34547,downloaded,34547,
2026-07-17,NSE,ONGC,raw_l2/trade_date=2026-07-17/exchange=NSE/symbol=ONGC/part-042511_260768-005529.parquet,real_data_sample\l2_unseen_validation\trade_date=2026-07-17\exchange=NSE\symbol=ONGC\part-042511_260768-005529.parquet,34547,downloaded,34547,
2026-07-17,NSE,ONGC,raw_l2/trade_date=2026-07-17/exchange=NSE/symbol=ONGC/part-042539_401073-005593.parquet,real_data_sample\l2_unseen_validation\trade_date=2026-07-17\exchange=NSE\symbol=ONGC\part-042539_401073-005593.parquet,34772,downloaded,34772,
2026-07-17,NSE,ONGC,raw_l2/trade_date=2026-07-17/exchange=NSE/symbol=ONGC/part-042553_277427-005625.parquet,real_data_sample\l2_unseen_validation\trade_date=2026-07-17\exchange=NSE\symbol=ONGC\part-042553_277427-005625.parquet,34658,downloaded,34658,
2026-07-17,NSE,ONGC,raw_l2/trade_date=2026-07-17/exchange=NSE/symbol=ONGC/part-042607_471529-005657.parquet,real_data_sample\l2_unseen_validation\trade_date=2026-07-17\exchange=NSE\symbol=ONGC\part-042607_471529-005657.parquet,34393,downloaded,34393,
2026-07-17,NSE,ONGC,raw_l2/trade_date=2026-07-17/exchange=NSE/symbol=ONGC/part-042635_613045-005721.parquet,real_data_sample\l2_unseen_validation\trade_date=2026-07-17\exchange=NSE\symbol=ONGC\part-042635_613045-005721.parquet,34421,downloaded,34421,
2026-07-17,NSE,ONGC,raw_l2/trade_date=2026-07-17/exchange=NSE/symbol=ONGC/part-042731_637277-005849.parquet,real_data_sample\l2_unseen_validation\trade_date=2026-07-17\exchange=NSE\symbol=ONGC\part-042731_637277-005849.parquet,34463,downloaded,34463,
2026-07-17,NSE,ONGC,raw_l2/trade_date=2026-07-17/exchange=NSE/symbol=ONGC/part-042854_959072-006041.parquet,real_data_sample\l2_unseen_validation\trade_date=2026-07-17\exchange=NSE\symbol=ONGC\part-042854_959072-006041.parquet,34528,downloaded,34528,
2026-07-17,NSE,ONGC,raw_l2/trade_date=2026-07-17/exchange=NSE/symbol=ONGC/part-042841_049314-006009.parquet,real_data_sample\l2_unseen_validation\trade_date=2026-07-17\exchange=NSE\symbol=ONGC\part-042841_049314-006009.parquet,34465,downloaded,34465,
2026-07-17,NSE,ONGC,raw_l2/trade_date=2026-07-17/exchange=NSE/symbol=ONGC/part-042703_636655-005785.parquet,real_data_sample\l2_unseen_validation\trade_date=2026-07-17\exchange=NSE\symbol=ONGC\part-042703_636655-005785.parquet,34489,downloaded,34489,
2026-07-17,NSE,ONGC,raw_l2/trade_date=2026-07-17/exchange=NSE/symbol=ONGC/part-042649_601679-005753.parquet,real_data_sample\l2_unseen_validation\trade_date=2026-07-17\exchange=NSE\symbol=ONGC\part-042649_601679-005753.parquet,34697,downloaded,34697,
2026-07-17,NSE,ONGC,raw_l2/trade_date=2026-07-17/exchange=NSE/symbol=ONGC/part-042717_586094-005817.parquet,real_data_sample\l2_unseen_validation\trade_date=2026-07-17\exchange=NSE\symbol=ONGC\part-042717_586094-005817.parquet,34579,downloaded,34579,
2026-07-17,NSE,ONGC,raw_l2/trade_date=2026-07-17/exchange=NSE/symbol=ONGC/part-042621_467869-005689.parquet,real_data_sample\l2_unseen_validation\trade_date=2026-07-17\exchange=NSE\symbol=ONGC\part-042621_467869-005689.parquet,34668,downloaded,34668,
2026-07-17,NSE,ONGC,raw_l2/trade_date=2026-07-17/exchange=NSE/symbol=ONGC/part-042759_183590-005913.parquet,real_data_sample\l2_unseen_validation\trade_date=2026-07-17\exchange=NSE\symbol=ONGC\part-042759_183590-005913.parquet,34378,downloaded,34378,
2026-07-17,NSE,ONGC,raw_l2/trade_date=2026-07-17/exchange=NSE/symbol=ONGC/part-042827_112883-005977.parquet,real_data_sample\l2_unseen_validation\trade_date=2026-07-17\exchange=NSE\symbol=ONGC\part-042827_112883-005977.parquet,34723,downloaded,34723,
2026-07-17,NSE,ONGC,raw_l2/trade_date=2026-07-17/exchange=NSE/symbol=ONGC/part-042908_880883-006073.parquet,real_data_sample\l2_unseen_validation\trade_date=2026-07-17\exchange=NSE\symbol=ONGC\part-042908_880883-006073.parquet,34574,downloaded,34574,
2026-07-17,NSE,ONGC,raw_l2/trade_date=2026-07-17/exchange=NSE/symbol=ONGC/part-042813_073760-005945.parquet,real_data_sample\l2_unseen_validation\trade_date=2026-07-17\exchange=NSE\symbol=ONGC\part-042813_073760-005945.parquet,34514,downloaded,34514,
2026-07-17,NSE,ONGC,raw_l2/trade_date=2026-07-17/exchange=NSE/symbol=ONGC/part-042745_424382-005881.parquet,real_data_sample\l2_unseen_validation\trade_date=2026-07-17\exchange=NSE\symbol=ONGC\part-042745_424382-005881.parquet,34527,downloaded,34527,
2026-07-17,NSE,ONGC,raw_l2/trade_date=2026-07-17/exchange=NSE/symbol=ONGC/part-042922_856511-006105.parquet,real_data_sample\l2_unseen_validation\trade_date=2026-07-17\exchange=NSE\symbol=ONGC\part-042922_856511-006105.parquet,34443,downloaded,34443,
2026-07-17,NSE,ONGC,raw_l2/trade_date=2026-07-17/exchange=NSE/symbol=ONGC/part-043004_831982-006201.parquet,real_data_sample\l2_unseen_validation\trade_date=2026-07-17\exchange=NSE\symbol=ONGC\part-043004_831982-006201.parquet,34718,downloaded,34718,
2026-07-17,NSE,ONGC,raw_l2/trade_date=2026-07-17/exchange=NSE/symbol=ONGC/part-043210_886628-006489.parquet,real_data_sample\l2_unseen_validation\trade_date=2026-07-17\exchange=NSE\symbol=ONGC\part-043210_886628-006489.parquet,35844,downloaded,35844,
2026-07-17,NSE,ONGC,raw_l2/trade_date=2026-07-17/exchange=NSE/symbol=ONGC/part-043033_017924-006265.parquet,real_data_sample\l2_unseen_validation\trade_date=2026-07-17\exchange=NSE\symbol=ONGC\part-043033_017924-006265.parquet,34637,downloaded,34637,
2026-07-17,NSE,ONGC,raw_l2/trade_date=2026-07-17/exchange=NSE/symbol=ONGC/part-043019_116456-006233.parquet,real_data_sample\l2_unseen_validation\trade_date=2026-07-17\exchange=NSE\symbol=ONGC\part-043019_116456-006233.parquet,34660,downloaded,34660,
2026-07-17,NSE,ONGC,raw_l2/trade_date=2026-07-17/exchange=NSE/symbol=ONGC/part-042936_891332-006137.parquet,real_data_sample\l2_unseen_validation\trade_date=2026-07-17\exchange=NSE\symbol=ONGC\part-042936_891332-006137.parquet,34519,downloaded,34519,
2026-07-17,NSE,ONGC,raw_l2/trade_date=2026-07-17/exchange=NSE/symbol=ONGC/part-043114_575413-006361.parquet,real_data_sample\l2_unseen_validation\trade_date=2026-07-17\exchange=NSE\symbol=ONGC\part-043114_575413-006361.parquet,34612,downloaded,34612,
2026-07-17,NSE,ONGC,raw_l2/trade_date=2026-07-17/exchange=NSE/symbol=ONGC/part-043225_289653-006521.parquet,real_data_sample\l2_unseen_validation\trade_date=2026-07-17\exchange=NSE\symbol=ONGC\part-043225_289653-006521.parquet,34548,downloaded,34548,
2026-07-17,NSE,ONGC,raw_l2/trade_date=2026-07-17/exchange=NSE/symbol=ONGC/part-043100_494570-006329.parquet,real_data_sample\l2_unseen_validation\trade_date=2026-07-17\exchange=NSE\symbol=ONGC\part-043100_494570-006329.parquet,34394,downloaded,34394,
2026-07-17,NSE,ONGC,raw_l2/trade_date=2026-07-17/exchange=NSE/symbol=ONGC/part-043142_996447-006425.parquet,real_data_sample\l2_unseen_validation\trade_date=2026-07-17\exchange=NSE\symbol=ONGC\part-043142_996447-006425.parquet,35760,downloaded,35760,
2026-07-17,NSE,ONGC,raw_l2/trade_date=2026-07-17/exchange=NSE/symbol=ONGC/part-043128_860357-006393.parquet,real_data_sample\l2_unseen_validation\trade_date=2026-07-17\exchange=NSE\symbol=ONGC\part-043128_860357-006393.parquet,35420,downloaded,35420,
2026-07-17,NSE,ONGC,raw_l2/trade_date=2026-07-17/exchange=NSE/symbol=ONGC/part-043239_324958-006553.parquet,real_data_sample\l2_unseen_validation\trade_date=2026-07-17\exchange=NSE\symbol=ONGC\part-043239_324958-006553.parquet,34616,downloaded,34616,
2026-07-17,NSE,ONGC,raw_l2/trade_date=2026-07-17/exchange=NSE/symbol=ONGC/part-043046_736000-006297.parquet,real_data_sample\l2_unseen_validation\trade_date=2026-07-17\exchange=NSE\symbol=ONGC\part-043046_736000-006297.parquet,34640,downloaded,34640,
2026-07-17,NSE,ONGC,raw_l2/trade_date=2026-07-17/exchange=NSE/symbol=ONGC/part-043156_759784-006457.parquet,real_data_sample\l2_unseen_validation\trade_date=2026-07-17\exchange=NSE\symbol=ONGC\part-043156_759784-006457.parquet,35550,downloaded,35550,
2026-07-17,NSE,ONGC,raw_l2/trade_date=2026-07-17/exchange=NSE/symbol=ONGC/part-043335_373943-006681.parquet,real_data_sample\l2_unseen_validation\trade_date=2026-07-17\exchange=NSE\symbol=ONGC\part-043335_373943-006681.parquet,34652,downloaded,34652,
2026-07-17,NSE,ONGC,raw_l2/trade_date=2026-07-17/exchange=NSE/symbol=ONGC/part-043307_078354-006617.parquet,real_data_sample\l2_unseen_validation\trade_date=2026-07-17\exchange=NSE\symbol=ONGC\part-043307_078354-006617.parquet,34538,downloaded,34538,
2026-07-17,NSE,ONGC,raw_l2/trade_date=2026-07-17/exchange=NSE/symbol=ONGC/part-043321_304825-006649.parquet,real_data_sample\l2_unseen_validation\trade_date=2026-07-17\exchange=NSE\symbol=ONGC\part-043321_304825-006649.parquet,34474,downloaded,34474,
2026-07-17,NSE,ONGC,raw_l2/trade_date=2026-07-17/exchange=NSE/symbol=ONGC/part-043253_200066-006585.parquet,real_data_sample\l2_unseen_validation\trade_date=2026-07-17\exchange=NSE\symbol=ONGC\part-043253_200066-006585.parquet,34586,downloaded,34586,
2026-07-17,NSE,ONGC,raw_l2/trade_date=2026-07-17/exchange=NSE/symbol=ONGC/part-043445_246984-006841.parquet,real_data_sample\l2_unseen_validation\trade_date=2026-07-17\exchange=NSE\symbol=ONGC\part-043445_246984-006841.parquet,35832,downloaded,35832,
2026-07-17,NSE,ONGC,raw_l2/trade_date=2026-07-17/exchange=NSE/symbol=ONGC/part-043349_366686-006713.parquet,real_data_sample\l2_unseen_validation\trade_date=2026-07-17\exchange=NSE\symbol=ONGC\part-043349_366686-006713.parquet,34680,downloaded,34680,
2026-07-17,NSE,ONGC,raw_l2/trade_date=2026-07-17/exchange=NSE/symbol=ONGC/part-042950_822753-006169.parquet,real_data_sample\l2_unseen_validation\trade_date=2026-07-17\exchange=NSE\symbol=ONGC\part-042950_822753-006169.parquet,34625,downloaded,34625,
2026-07-17,NSE,ONGC,raw_l2/trade_date=2026-07-17/exchange=NSE/symbol=ONGC/part-043512_802410-006905.parquet,real_data_sample\l2_unseen_validation\trade_date=2026-07-17\exchange=NSE\symbol=ONGC\part-043512_802410-006905.parquet,35588,downloaded,35588,
2026-07-17,NSE,ONGC,raw_l2/trade_date=2026-07-17/exchange=NSE/symbol=ONGC/part-043431_373322-006809.parquet,real_data_sample\l2_unseen_validation\trade_date=2026-07-17\exchange=NSE\symbol=ONGC\part-043431_373322-006809.parquet,35351,downloaded,35351,
2026-07-17,NSE,ONGC,raw_l2/trade_date=2026-07-17/exchange=NSE/symbol=ONGC/part-043459_057537-006873.parquet,real_data_sample\l2_unseen_validation\trade_date=2026-07-17\exchange=NSE\symbol=ONGC\part-043459_057537-006873.parquet,35749,downloaded,35749,
2026-07-17,NSE,ONGC,raw_l2/trade_date=2026-07-17/exchange=NSE/symbol=ONGC/part-043526_789120-006937.parquet,real_data_sample\l2_unseen_validation\trade_date=2026-07-17\exchange=NSE\symbol=ONGC\part-043526_789120-006937.parquet,34397,downloaded,34397,
2026-07-17,NSE,ONGC,raw_l2/trade_date=2026-07-17/exchange=NSE/symbol=ONGC/part-043417_401488-006777.parquet,real_data_sample\l2_unseen_validation\trade_date=2026-07-17\exchange=NSE\symbol=ONGC\part-043417_401488-006777.parquet,35206,downloaded,35206,
2026-07-17,NSE,ONGC,raw_l2/trade_date=2026-07-17/exchange=NSE/symbol=ONGC/part-043403_255510-006745.parquet,real_data_sample\l2_unseen_validation\trade_date=2026-07-17\exchange=NSE\symbol=ONGC\part-043403_255510-006745.parquet,34696,downloaded,34696,
2026-07-17,NSE,ONGC,raw_l2/trade_date=2026-07-17/exchange=NSE/symbol=ONGC/part-043540_588676-006969.parquet,real_data_sample\l2_unseen_validation\trade_date=2026-07-17\exchange=NSE\symbol=ONGC\part-043540_588676-006969.parquet,34808,downloaded,34808,
2026-07-17,NSE,ONGC,raw_l2/trade_date=2026-07-17/exchange=NSE/symbol=ONGC/part-043650_699346-007129.parquet,real_data_sample\l2_unseen_validation\trade_date=2026-07-17\exchange=NSE\symbol=ONGC\part-043650_699346-007129.parquet,34595,downloaded,34595,
2026-07-17,NSE,ONGC,raw_l2/trade_date=2026-07-17/exchange=NSE/symbol=ONGC/part-043554_488606-007001.parquet,real_data_sample\l2_unseen_validation\trade_date=2026-07-17\exchange=NSE\symbol=ONGC\part-043554_488606-007001.parquet,34584,downloaded,34584,
2026-07-17,NSE,ONGC,raw_l2/trade_date=2026-07-17/exchange=NSE/symbol=ONGC/part-043608_562558-007033.parquet,real_data_sample\l2_unseen_validation\trade_date=2026-07-17\exchange=NSE\symbol=ONGC\part-043608_562558-007033.parquet,34660,downloaded,34660,
2026-07-17,NSE,ONGC,raw_l2/trade_date=2026-07-17/exchange=NSE/symbol=ONGC/part-043718_474225-007193.parquet,real_data_sample\l2_unseen_validation\trade_date=2026-07-17\exchange=NSE\symbol=ONGC\part-043718_474225-007193.parquet,34428,downloaded,34428,
2026-07-17,NSE,ONGC,raw_l2/trade_date=2026-07-17/exchange=NSE/symbol=ONGC/part-043636_513224-007097.parquet,real_data_sample\l2_unseen_validation\trade_date=2026-07-17\exchange=NSE\symbol=ONGC\part-043636_513224-007097.parquet,34655,downloaded,34655,
2026-07-17,NSE,ONGC,raw_l2/trade_date=2026-07-17/exchange=NSE/symbol=ONGC/part-043622_458055-007065.parquet,real_data_sample\l2_unseen_validation\trade_date=2026-07-17\exchange=NSE\symbol=ONGC\part-043622_458055-007065.parquet,34364,downloaded,34364,
2026-07-17,NSE,ONGC,raw_l2/trade_date=2026-07-17/exchange=NSE/symbol=ONGC/part-043704_606989-007161.parquet,real_data_sample\l2_unseen_validation\trade_date=2026-07-17\exchange=NSE\symbol=ONGC\part-043704_606989-007161.parquet,34348,downloaded,34348,
2026-07-17,NSE,ONGC,raw_l2/trade_date=2026-07-17/exchange=NSE/symbol=ONGC/part-043814_278237-007321.parquet,real_data_sample\l2_unseen_validation\trade_date=2026-07-17\exchange=NSE\symbol=ONGC\part-043814_278237-007321.parquet,34495,downloaded,34495,
2026-07-17,NSE,ONGC,raw_l2/trade_date=2026-07-17/exchange=NSE/symbol=ONGC/part-043746_248529-007257.parquet,real_data_sample\l2_unseen_validation\trade_date=2026-07-17\exchange=NSE\symbol=ONGC\part-043746_248529-007257.parquet,34713,downloaded,34713,
2026-07-17,NSE,ONGC,raw_l2/trade_date=2026-07-17/exchange=NSE/symbol=ONGC/part-043732_389984-007225.parquet,real_data_sample\l2_unseen_validation\trade_date=2026-07-17\exchange=NSE\symbol=ONGC\part-043732_389984-007225.parquet,34519,downloaded,34519,
2026-07-17,NSE,ONGC,raw_l2/trade_date=2026-07-17/exchange=NSE/symbol=ONGC/part-043828_379146-007353.parquet,real_data_sample\l2_unseen_validation\trade_date=2026-07-17\exchange=NSE\symbol=ONGC\part-043828_379146-007353.parquet,34676,downloaded,34676,
2026-07-17,NSE,ONGC,raw_l2/trade_date=2026-07-17/exchange=NSE/symbol=ONGC/part-043759_945705-007289.parquet,real_data_sample\l2_unseen_validation\trade_date=2026-07-17\exchange=NSE\symbol=ONGC\part-043759_945705-007289.parquet,34561,downloaded,34561,
2026-07-17,NSE,ONGC,raw_l2/trade_date=2026-07-17/exchange=NSE/symbol=ONGC/part-043910_462960-007449.parquet,real_data_sample\l2_unseen_validation\trade_date=2026-07-17\exchange=NSE\symbol=ONGC\part-043910_462960-007449.parquet,34687,downloaded,34687,
2026-07-17,NSE,ONGC,raw_l2/trade_date=2026-07-17/exchange=NSE/symbol=ONGC/part-043842_519819-007385.parquet,real_data_sample\l2_unseen_validation\trade_date=2026-07-17\exchange=NSE\symbol=ONGC\part-043842_519819-007385.parquet,34718,downloaded,34718,
2026-07-17,NSE,ONGC,raw_l2/trade_date=2026-07-17/exchange=NSE/symbol=ONGC/part-044005_205089-007577.parquet,real_data_sample\l2_unseen_validation\trade_date=2026-07-17\exchange=NSE\symbol=ONGC\part-044005_205089-007577.parquet,34705,downloaded,34705,
2026-07-17,NSE,ONGC,raw_l2/trade_date=2026-07-17/exchange=NSE/symbol=ONGC/part-043924_078406-007481.parquet,real_data_sample\l2_unseen_validation\trade_date=2026-07-17\exchange=NSE\symbol=ONGC\part-043924_078406-007481.parquet,34385,downloaded,34385,
2026-07-17,NSE,ONGC,raw_l2/trade_date=2026-07-17/exchange=NSE/symbol=ONGC/part-044019_012415-007609.parquet,real_data_sample\l2_unseen_validation\trade_date=2026-07-17\exchange=NSE\symbol=ONGC\part-044019_012415-007609.parquet,34440,downloaded,34440,
2026-07-17,NSE,ONGC,raw_l2/trade_date=2026-07-17/exchange=NSE/symbol=ONGC/part-043856_660092-007417.parquet,real_data_sample\l2_unseen_validation\trade_date=2026-07-17\exchange=NSE\symbol=ONGC\part-043856_660092-007417.parquet,34572,downloaded,34572,
2026-07-17,NSE,ONGC,raw_l2/trade_date=2026-07-17/exchange=NSE/symbol=ONGC/part-043937_654483-007513.parquet,real_data_sample\l2_unseen_validation\trade_date=2026-07-17\exchange=NSE\symbol=ONGC\part-043937_654483-007513.parquet,34621,downloaded,34621,
2026-07-17,NSE,ONGC,raw_l2/trade_date=2026-07-17/exchange=NSE/symbol=ONGC/part-043951_433918-007545.parquet,real_data_sample\l2_unseen_validation\trade_date=2026-07-17\exchange=NSE\symbol=ONGC\part-043951_433918-007545.parquet,34662,downloaded,34662,
2026-07-17,NSE,ONGC,raw_l2/trade_date=2026-07-17/exchange=NSE/symbol=ONGC/part-044032_736944-007641.parquet,real_data_sample\l2_unseen_validation\trade_date=2026-07-17\exchange=NSE\symbol=ONGC\part-044032_736944-007641.parquet,34405,downloaded,34405,
2026-07-17,NSE,ONGC,raw_l2/trade_date=2026-07-17/exchange=NSE/symbol=ONGC/part-044046_406441-007673.parquet,real_data_sample\l2_unseen_validation\trade_date=2026-07-17\exchange=NSE\symbol=ONGC\part-044046_406441-007673.parquet,34469,downloaded,34469,
2026-07-17,NSE,ONGC,raw_l2/trade_date=2026-07-17/exchange=NSE/symbol=ONGC/part-044113_906585-007737.parquet,real_data_sample\l2_unseen_validation\trade_date=2026-07-17\exchange=NSE\symbol=ONGC\part-044113_906585-007737.parquet,34624,downloaded,34624,
2026-07-17,NSE,ONGC,raw_l2/trade_date=2026-07-17/exchange=NSE/symbol=ONGC/part-044100_110016-007705.parquet,real_data_sample\l2_unseen_validation\trade_date=2026-07-17\exchange=NSE\symbol=ONGC\part-044100_110016-007705.parquet,34615,downloaded,34615,
2026-07-17,NSE,ONGC,raw_l2/trade_date=2026-07-17/exchange=NSE/symbol=ONGC/part-044141_422627-007801.parquet,real_data_sample\l2_unseen_validation\trade_date=2026-07-17\exchange=NSE\symbol=ONGC\part-044141_422627-007801.parquet,34560,downloaded,34560,
2026-07-17,NSE,ONGC,raw_l2/trade_date=2026-07-17/exchange=NSE/symbol=ONGC/part-044318_453793-008025.parquet,real_data_sample\l2_unseen_validation\trade_date=2026-07-17\exchange=NSE\symbol=ONGC\part-044318_453793-008025.parquet,34654,downloaded,34654,
2026-07-17,NSE,ONGC,raw_l2/trade_date=2026-07-17/exchange=NSE/symbol=ONGC/part-044304_704394-007993.parquet,real_data_sample\l2_unseen_validation\trade_date=2026-07-17\exchange=NSE\symbol=ONGC\part-044304_704394-007993.parquet,34447,downloaded,34447,
2026-07-17,NSE,ONGC,raw_l2/trade_date=2026-07-17/exchange=NSE/symbol=ONGC/part-044250_800051-007961.parquet,real_data_sample\l2_unseen_validation\trade_date=2026-07-17\exchange=NSE\symbol=ONGC\part-044250_800051-007961.parquet,34702,downloaded,34702,
2026-07-17,NSE,ONGC,raw_l2/trade_date=2026-07-17/exchange=NSE/symbol=ONGC/part-044222_754560-007897.parquet,real_data_sample\l2_unseen_validation\trade_date=2026-07-17\exchange=NSE\symbol=ONGC\part-044222_754560-007897.parquet,34722,downloaded,34722,
2026-07-17,NSE,ONGC,raw_l2/trade_date=2026-07-17/exchange=NSE/symbol=ONGC/part-044346_189807-008089.parquet,real_data_sample\l2_unseen_validation\trade_date=2026-07-17\exchange=NSE\symbol=ONGC\part-044346_189807-008089.parquet,34654,downloaded,34654,
2026-07-17,NSE,ONGC,raw_l2/trade_date=2026-07-17/exchange=NSE/symbol=ONGC/part-044208_961695-007865.parquet,real_data_sample\l2_unseen_validation\trade_date=2026-07-17\exchange=NSE\symbol=ONGC\part-044208_961695-007865.parquet,34277,downloaded,34277,
2026-07-17,NSE,ONGC,raw_l2/trade_date=2026-07-17/exchange=NSE/symbol=ONGC/part-044236_790915-007929.parquet,real_data_sample\l2_unseen_validation\trade_date=2026-07-17\exchange=NSE\symbol=ONGC\part-044236_790915-007929.parquet,34630,downloaded,34630,
2026-07-17,NSE,ONGC,raw_l2/trade_date=2026-07-17/exchange=NSE/symbol=ONGC/part-044332_458239-008057.parquet,real_data_sample\l2_unseen_validation\trade_date=2026-07-17\exchange=NSE\symbol=ONGC\part-044332_458239-008057.parquet,34664,downloaded,34664,
2026-07-17,NSE,ONGC,raw_l2/trade_date=2026-07-17/exchange=NSE/symbol=ONGC/part-044155_123866-007833.parquet,real_data_sample\l2_unseen_validation\trade_date=2026-07-17\exchange=NSE\symbol=ONGC\part-044155_123866-007833.parquet,34568,downloaded,34568,
2026-07-17,NSE,ONGC,raw_l2/trade_date=2026-07-17/exchange=NSE/symbol=ONGC/part-044617_938812-008441.parquet,real_data_sample\l2_unseen_validation\trade_date=2026-07-17\exchange=NSE\symbol=ONGC\part-044617_938812-008441.parquet,34893,downloaded,34893,
2026-07-17,NSE,ONGC,raw_l2/trade_date=2026-07-17/exchange=NSE/symbol=ONGC/part-044400_002993-008121.parquet,real_data_sample\l2_unseen_validation\trade_date=2026-07-17\exchange=NSE\symbol=ONGC\part-044400_002993-008121.parquet,34642,downloaded,34642,
2026-07-17,NSE,ONGC,raw_l2/trade_date=2026-07-17/exchange=NSE/symbol=ONGC/part-044441_427679-008217.parquet,real_data_sample\l2_unseen_validation\trade_date=2026-07-17\exchange=NSE\symbol=ONGC\part-044441_427679-008217.parquet,34439,downloaded,34439,
2026-07-17,NSE,ONGC,raw_l2/trade_date=2026-07-17/exchange=NSE/symbol=ONGC/part-044631_688906-008473.parquet,real_data_sample\l2_unseen_validation\trade_date=2026-07-17\exchange=NSE\symbol=ONGC\part-044631_688906-008473.parquet,34646,downloaded,34646,
2026-07-17,NSE,ONGC,raw_l2/trade_date=2026-07-17/exchange=NSE/symbol=ONGC/part-044604_149057-008409.parquet,real_data_sample\l2_unseen_validation\trade_date=2026-07-17\exchange=NSE\symbol=ONGC\part-044604_149057-008409.parquet,34702,downloaded,34702,
2026-07-17,NSE,ONGC,raw_l2/trade_date=2026-07-17/exchange=NSE/symbol=ONGC/part-044455_193992-008249.parquet,real_data_sample\l2_unseen_validation\trade_date=2026-07-17\exchange=NSE\symbol=ONGC\part-044455_193992-008249.parquet,34411,downloaded,34411,
2026-07-17,NSE,ONGC,raw_l2/trade_date=2026-07-17/exchange=NSE/symbol=ONGC/part-044522_754313-008313.parquet,real_data_sample\l2_unseen_validation\trade_date=2026-07-17\exchange=NSE\symbol=ONGC\part-044522_754313-008313.parquet,34401,downloaded,34401,
2026-07-17,NSE,ONGC,raw_l2/trade_date=2026-07-17/exchange=NSE/symbol=ONGC/part-044536_388439-008345.parquet,real_data_sample\l2_unseen_validation\trade_date=2026-07-17\exchange=NSE\symbol=ONGC\part-044536_388439-008345.parquet,34787,downloaded,34787,
2026-07-17,NSE,ONGC,raw_l2/trade_date=2026-07-17/exchange=NSE/symbol=ONGC/part-044508_969175-008281.parquet,real_data_sample\l2_unseen_validation\trade_date=2026-07-17\exchange=NSE\symbol=ONGC\part-044508_969175-008281.parquet,34867,downloaded,34867,
2026-07-17,NSE,ONGC,raw_l2/trade_date=2026-07-17/exchange=NSE/symbol=ONGC/part-044413_740990-008153.parquet,real_data_sample\l2_unseen_validation\trade_date=2026-07-17\exchange=NSE\symbol=ONGC\part-044413_740990-008153.parquet,34381,downloaded,34381,
2026-07-17,NSE,ONGC,raw_l2/trade_date=2026-07-17/exchange=NSE/symbol=ONGC/part-044645_732410-008505.parquet,real_data_sample\l2_unseen_validation\trade_date=2026-07-17\exchange=NSE\symbol=ONGC\part-044645_732410-008505.parquet,34392,downloaded,34392,
2026-07-17,NSE,ONGC,raw_l2/trade_date=2026-07-17/exchange=NSE/symbol=ONGC/part-044427_375207-008185.parquet,real_data_sample\l2_unseen_validation\trade_date=2026-07-17\exchange=NSE\symbol=ONGC\part-044427_375207-008185.parquet,34635,downloaded,34635,
2026-07-17,NSE,ONGC,raw_l2/trade_date=2026-07-17/exchange=NSE/symbol=ONGC/part-044550_231116-008377.parquet,real_data_sample\l2_unseen_validation\trade_date=2026-07-17\exchange=NSE\symbol=ONGC\part-044550_231116-008377.parquet,34726,downloaded,34726,
2026-07-17,NSE,ONGC,raw_l2/trade_date=2026-07-17/exchange=NSE/symbol=ONGC/part-044726_954625-008601.parquet,real_data_sample\l2_unseen_validation\trade_date=2026-07-17\exchange=NSE\symbol=ONGC\part-044726_954625-008601.parquet,34718,downloaded,34718,
2026-07-17,NSE,ONGC,raw_l2/trade_date=2026-07-17/exchange=NSE/symbol=ONGC/part-044713_226420-008569.parquet,real_data_sample\l2_unseen_validation\trade_date=2026-07-17\exchange=NSE\symbol=ONGC\part-044713_226420-008569.parquet,34635,downloaded,34635,
2026-07-17,NSE,ONGC,raw_l2/trade_date=2026-07-17/exchange=NSE/symbol=ONGC/part-044659_497755-008537.parquet,real_data_sample\l2_unseen_validation\trade_date=2026-07-17\exchange=NSE\symbol=ONGC\part-044659_497755-008537.parquet,34553,downloaded,34553,
2026-07-17,NSE,ONGC,raw_l2/trade_date=2026-07-17/exchange=NSE/symbol=ONGC/part-044741_025079-008633.parquet,real_data_sample\l2_unseen_validation\trade_date=2026-07-17\exchange=NSE\symbol=ONGC\part-044741_025079-008633.parquet,34681,downloaded,34681,
2026-07-17,NSE,ONGC,raw_l2/trade_date=2026-07-17/exchange=NSE/symbol=ONGC/part-044754_911521-008665.parquet,real_data_sample\l2_unseen_validation\trade_date=2026-07-17\exchange=NSE\symbol=ONGC\part-044754_911521-008665.parquet,34677,downloaded,34677,
2026-07-17,NSE,ONGC,raw_l2/trade_date=2026-07-17/exchange=NSE/symbol=ONGC/part-044808_680469-008697.parquet,real_data_sample\l2_unseen_validation\trade_date=2026-07-17\exchange=NSE\symbol=ONGC\part-044808_680469-008697.parquet,34474,downloaded,34474,
2026-07-17,NSE,ONGC,raw_l2/trade_date=2026-07-17/exchange=NSE/symbol=ONGC/part-044822_540425-008729.parquet,real_data_sample\l2_unseen_validation\trade_date=2026-07-17\exchange=NSE\symbol=ONGC\part-044822_540425-008729.parquet,34894,downloaded,34894,
2026-07-17,NSE,ONGC,raw_l2/trade_date=2026-07-17/exchange=NSE/symbol=ONGC/part-044850_175432-008793.parquet,real_data_sample\l2_unseen_validation\trade_date=2026-07-17\exchange=NSE\symbol=ONGC\part-044850_175432-008793.parquet,34418,downloaded,34418,
2026-07-17,NSE,ONGC,raw_l2/trade_date=2026-07-17/exchange=NSE/symbol=ONGC/part-044903_881657-008825.parquet,real_data_sample\l2_unseen_validation\trade_date=2026-07-17\exchange=NSE\symbol=ONGC\part-044903_881657-008825.parquet,34533,downloaded,34533,
2026-07-17,NSE,ONGC,raw_l2/trade_date=2026-07-17/exchange=NSE/symbol=ONGC/part-044836_452517-008761.parquet,real_data_sample\l2_unseen_validation\trade_date=2026-07-17\exchange=NSE\symbol=ONGC\part-044836_452517-008761.parquet,34640,downloaded,34640,
2026-07-17,NSE,ONGC,raw_l2/trade_date=2026-07-17/exchange=NSE/symbol=ONGC/part-044127_640848-007769.parquet,real_data_sample\l2_unseen_validation\trade_date=2026-07-17\exchange=NSE\symbol=ONGC\part-044127_640848-007769.parquet,34591,downloaded,34591,
2026-07-17,NSE,ONGC,raw_l2/trade_date=2026-07-17/exchange=NSE/symbol=ONGC/part-044917_698723-008857.parquet,real_data_sample\l2_unseen_validation\trade_date=2026-07-17\exchange=NSE\symbol=ONGC\part-044917_698723-008857.parquet,34525,downloaded,34525,
2026-07-17,NSE,ONGC,raw_l2/trade_date=2026-07-17/exchange=NSE/symbol=ONGC/part-044931_420623-008889.parquet,real_data_sample\l2_unseen_validation\trade_date=2026-07-17\exchange=NSE\symbol=ONGC\part-044931_420623-008889.parquet,34261,downloaded,34261,
2026-07-17,NSE,ONGC,raw_l2/trade_date=2026-07-17/exchange=NSE/symbol=ONGC/part-044945_217137-008921.parquet,real_data_sample\l2_unseen_validation\trade_date=2026-07-17\exchange=NSE\symbol=ONGC\part-044945_217137-008921.parquet,34571,downloaded,34571,
2026-07-17,NSE,ONGC,raw_l2/trade_date=2026-07-17/exchange=NSE/symbol=ONGC/part-044958_914042-008953.parquet,real_data_sample\l2_unseen_validation\trade_date=2026-07-17\exchange=NSE\symbol=ONGC\part-044958_914042-008953.parquet,34617,downloaded,34617,
2026-07-17,NSE,ONGC,raw_l2/trade_date=2026-07-17/exchange=NSE/symbol=ONGC/part-045012_686260-008985.parquet,real_data_sample\l2_unseen_validation\trade_date=2026-07-17\exchange=NSE\symbol=ONGC\part-045012_686260-008985.parquet,34581,downloaded,34581,
2026-07-17,NSE,ONGC,raw_l2/trade_date=2026-07-17/exchange=NSE/symbol=ONGC/part-045026_287290-009017.parquet,real_data_sample\l2_unseen_validation\trade_date=2026-07-17\exchange=NSE\symbol=ONGC\part-045026_287290-009017.parquet,34498,downloaded,34498,
2026-07-17,NSE,ONGC,raw_l2/trade_date=2026-07-17/exchange=NSE/symbol=ONGC/part-045039_913166-009049.parquet,real_data_sample\l2_unseen_validation\trade_date=2026-07-17\exchange=NSE\symbol=ONGC\part-045039_913166-009049.parquet,34650,downloaded,34650,
2026-07-17,NSE,ONGC,raw_l2/trade_date=2026-07-17/exchange=NSE/symbol=ONGC/part-045107_646433-009113.parquet,real_data_sample\l2_unseen_validation\trade_date=2026-07-17\exchange=NSE\symbol=ONGC\part-045107_646433-009113.parquet,34655,downloaded,34655,
2026-07-17,NSE,ONGC,raw_l2/trade_date=2026-07-17/exchange=NSE/symbol=ONGC/part-045149_582443-009209.parquet,real_data_sample\l2_unseen_validation\trade_date=2026-07-17\exchange=NSE\symbol=ONGC\part-045149_582443-009209.parquet,34497,downloaded,34497,
2026-07-17,NSE,ONGC,raw_l2/trade_date=2026-07-17/exchange=NSE/symbol=ONGC/part-045135_643654-009177.parquet,real_data_sample\l2_unseen_validation\trade_date=2026-07-17\exchange=NSE\symbol=ONGC\part-045135_643654-009177.parquet,34624,downloaded,34624,
2026-07-17,NSE,ONGC,raw_l2/trade_date=2026-07-17/exchange=NSE/symbol=ONGC/part-045121_721298-009145.parquet,real_data_sample\l2_unseen_validation\trade_date=2026-07-17\exchange=NSE\symbol=ONGC\part-045121_721298-009145.parquet,34757,downloaded,34757,
2026-07-17,NSE,ONGC,raw_l2/trade_date=2026-07-17/exchange=NSE/symbol=ONGC/part-045053_616373-009081.parquet,real_data_sample\l2_unseen_validation\trade_date=2026-07-17\exchange=NSE\symbol=ONGC\part-045053_616373-009081.parquet,34578,downloaded,34578,
2026-07-17,NSE,ONGC,raw_l2/trade_date=2026-07-17/exchange=NSE/symbol=ONGC/part-045326_981585-009433.parquet,real_data_sample\l2_unseen_validation\trade_date=2026-07-17\exchange=NSE\symbol=ONGC\part-045326_981585-009433.parquet,35478,downloaded,35478,
2026-07-17,NSE,ONGC,raw_l2/trade_date=2026-07-17/exchange=NSE/symbol=ONGC/part-045203_620189-009241.parquet,real_data_sample\l2_unseen_validation\trade_date=2026-07-17\exchange=NSE\symbol=ONGC\part-045203_620189-009241.parquet,34574,downloaded,34574,
2026-07-17,NSE,ONGC,raw_l2/trade_date=2026-07-17/exchange=NSE/symbol=ONGC/part-045217_399561-009273.parquet,real_data_sample\l2_unseen_validation\trade_date=2026-07-17\exchange=NSE\symbol=ONGC\part-045217_399561-009273.parquet,34648,downloaded,34648,
2026-07-17,NSE,ONGC,raw_l2/trade_date=2026-07-17/exchange=NSE/symbol=ONGC/part-045313_093142-009401.parquet,real_data_sample\l2_unseen_validation\trade_date=2026-07-17\exchange=NSE\symbol=ONGC\part-045313_093142-009401.parquet,34558,downloaded,34558,
2026-07-17,NSE,ONGC,raw_l2/trade_date=2026-07-17/exchange=NSE/symbol=ONGC/part-045231_250816-009305.parquet,real_data_sample\l2_unseen_validation\trade_date=2026-07-17\exchange=NSE\symbol=ONGC\part-045231_250816-009305.parquet,34601,downloaded,34601,
2026-07-17,NSE,ONGC,raw_l2/trade_date=2026-07-17/exchange=NSE/symbol=ONGC/part-045259_074724-009369.parquet,real_data_sample\l2_unseen_validation\trade_date=2026-07-17\exchange=NSE\symbol=ONGC\part-045259_074724-009369.parquet,34668,downloaded,34668,
2026-07-17,NSE,ONGC,raw_l2/trade_date=2026-07-17/exchange=NSE/symbol=ONGC/part-045340_789708-009465.parquet,real_data_sample\l2_unseen_validation\trade_date=2026-07-17\exchange=NSE\symbol=ONGC\part-045340_789708-009465.parquet,35471,downloaded,35471,
2026-07-17,NSE,ONGC,raw_l2/trade_date=2026-07-17/exchange=NSE/symbol=ONGC/part-045408_796531-009529.parquet,real_data_sample\l2_unseen_validation\trade_date=2026-07-17\exchange=NSE\symbol=ONGC\part-045408_796531-009529.parquet,35616,downloaded,35616,
2026-07-17,NSE,ONGC,raw_l2/trade_date=2026-07-17/exchange=NSE/symbol=ONGC/part-045450_921345-009625.parquet,real_data_sample\l2_unseen_validation\trade_date=2026-07-17\exchange=NSE\symbol=ONGC\part-045450_921345-009625.parquet,34479,downloaded,34479,
2026-07-17,NSE,ONGC,raw_l2/trade_date=2026-07-17/exchange=NSE/symbol=ONGC/part-045422_855834-009561.parquet,real_data_sample\l2_unseen_validation\trade_date=2026-07-17\exchange=NSE\symbol=ONGC\part-045422_855834-009561.parquet,34747,downloaded,34747,
2026-07-17,NSE,ONGC,raw_l2/trade_date=2026-07-17/exchange=NSE/symbol=ONGC/part-045354_826391-009497.parquet,real_data_sample\l2_unseen_validation\trade_date=2026-07-17\exchange=NSE\symbol=ONGC\part-045354_826391-009497.parquet,35413,downloaded,35413,
2026-07-17,NSE,ONGC,raw_l2/trade_date=2026-07-17/exchange=NSE/symbol=ONGC/part-045436_882508-009593.parquet,real_data_sample\l2_unseen_validation\trade_date=2026-07-17\exchange=NSE\symbol=ONGC\part-045436_882508-009593.parquet,34641,downloaded,34641,
2026-07-17,NSE,ONGC,raw_l2/trade_date=2026-07-17/exchange=NSE/symbol=ONGC/part-045245_069060-009337.parquet,real_data_sample\l2_unseen_validation\trade_date=2026-07-17\exchange=NSE\symbol=ONGC\part-045245_069060-009337.parquet,34585,downloaded,34585,
2026-07-17,NSE,ONGC,raw_l2/trade_date=2026-07-17/exchange=NSE/symbol=ONGC/part-045712_015402-009945.parquet,real_data_sample\l2_unseen_validation\trade_date=2026-07-17\exchange=NSE\symbol=ONGC\part-045712_015402-009945.parquet,34321,downloaded,34321,
2026-07-17,NSE,ONGC,raw_l2/trade_date=2026-07-17/exchange=NSE/symbol=ONGC/part-045726_137704-009977.parquet,real_data_sample\l2_unseen_validation\trade_date=2026-07-17\exchange=NSE\symbol=ONGC\part-045726_137704-009977.parquet,34377,downloaded,34377,
2026-07-17,NSE,ONGC,raw_l2/trade_date=2026-07-17/exchange=NSE/symbol=ONGC/part-045533_063867-009721.parquet,real_data_sample\l2_unseen_validation\trade_date=2026-07-17\exchange=NSE\symbol=ONGC\part-045533_063867-009721.parquet,34649,downloaded,34649,
2026-07-17,NSE,ONGC,raw_l2/trade_date=2026-07-17/exchange=NSE/symbol=ONGC/part-045657_727508-009913.parquet,real_data_sample\l2_unseen_validation\trade_date=2026-07-17\exchange=NSE\symbol=ONGC\part-045657_727508-009913.parquet,34449,downloaded,34449,
2026-07-17,NSE,ONGC,raw_l2/trade_date=2026-07-17/exchange=NSE/symbol=ONGC/part-045547_041264-009753.parquet,real_data_sample\l2_unseen_validation\trade_date=2026-07-17\exchange=NSE\symbol=ONGC\part-045547_041264-009753.parquet,34693,downloaded,34693,
2026-07-17,NSE,ONGC,raw_l2/trade_date=2026-07-17/exchange=NSE/symbol=ONGC/part-045505_209010-009657.parquet,real_data_sample\l2_unseen_validation\trade_date=2026-07-17\exchange=NSE\symbol=ONGC\part-045505_209010-009657.parquet,34719,downloaded,34719,
2026-07-17,NSE,ONGC,raw_l2/trade_date=2026-07-17/exchange=NSE/symbol=ONGC/part-045615_061557-009817.parquet,real_data_sample\l2_unseen_validation\trade_date=2026-07-17\exchange=NSE\symbol=ONGC\part-045615_061557-009817.parquet,34366,downloaded,34366,
2026-07-17,NSE,ONGC,raw_l2/trade_date=2026-07-17/exchange=NSE/symbol=ONGC/part-045643_837154-009881.parquet,real_data_sample\l2_unseen_validation\trade_date=2026-07-17\exchange=NSE\symbol=ONGC\part-045643_837154-009881.parquet,34688,downloaded,34688,
2026-07-17,NSE,ONGC,raw_l2/trade_date=2026-07-17/exchange=NSE/symbol=ONGC/part-045601_081572-009785.parquet,real_data_sample\l2_unseen_validation\trade_date=2026-07-17\exchange=NSE\symbol=ONGC\part-045601_081572-009785.parquet,34741,downloaded,34741,
2026-07-17,NSE,ONGC,raw_l2/trade_date=2026-07-17/exchange=NSE/symbol=ONGC/part-045519_149334-009689.parquet,real_data_sample\l2_unseen_validation\trade_date=2026-07-17\exchange=NSE\symbol=ONGC\part-045519_149334-009689.parquet,34540,downloaded,34540,
2026-07-17,NSE,ONGC,raw_l2/trade_date=2026-07-17/exchange=NSE/symbol=ONGC/part-045740_109378-010009.parquet,real_data_sample\l2_unseen_validation\trade_date=2026-07-17\exchange=NSE\symbol=ONGC\part-045740_109378-010009.parquet,34599,downloaded,34599,
2026-07-17,NSE,ONGC,raw_l2/trade_date=2026-07-17/exchange=NSE/symbol=ONGC/part-045754_341134-010041.parquet,real_data_sample\l2_unseen_validation\trade_date=2026-07-17\exchange=NSE\symbol=ONGC\part-045754_341134-010041.parquet,34944,downloaded,34944,
2026-07-17,NSE,ONGC,raw_l2/trade_date=2026-07-17/exchange=NSE/symbol=ONGC/part-045808_547502-010073.parquet,real_data_sample\l2_unseen_validation\trade_date=2026-07-17\exchange=NSE\symbol=ONGC\part-045808_547502-010073.parquet,34622,downloaded,34622,
2026-07-17,NSE,ONGC,raw_l2/trade_date=2026-07-17/exchange=NSE/symbol=ONGC/part-045822_524169-010105.parquet,real_data_sample\l2_unseen_validation\trade_date=2026-07-17\exchange=NSE\symbol=ONGC\part-045822_524169-010105.parquet,34522,downloaded,34522,
2026-07-17,NSE,ONGC,raw_l2/trade_date=2026-07-17/exchange=NSE/symbol=ONGC/part-045836_707173-010137.parquet,real_data_sample\l2_unseen_validation\trade_date=2026-07-17\exchange=NSE\symbol=ONGC\part-045836_707173-010137.parquet,34474,downloaded,34474,
2026-07-17,NSE,ONGC,raw_l2/trade_date=2026-07-17/exchange=NSE/symbol=ONGC/part-045850_998510-010169.parquet,real_data_sample\l2_unseen_validation\trade_date=2026-07-17\exchange=NSE\symbol=ONGC\part-045850_998510-010169.parquet,34628,downloaded,34628,
2026-07-17,NSE,ONGC,raw_l2/trade_date=2026-07-17/exchange=NSE/symbol=ONGC/part-045904_697832-010201.parquet,real_data_sample\l2_unseen_validation\trade_date=2026-07-17\exchange=NSE\symbol=ONGC\part-045904_697832-010201.parquet,34565,downloaded,34565,
2026-07-17,NSE,ONGC,raw_l2/trade_date=2026-07-17/exchange=NSE/symbol=ONGC/part-045932_908935-010265.parquet,real_data_sample\l2_unseen_validation\trade_date=2026-07-17\exchange=NSE\symbol=ONGC\part-045932_908935-010265.parquet,34548,downloaded,34548,
2026-07-17,NSE,ONGC,raw_l2/trade_date=2026-07-17/exchange=NSE/symbol=ONGC/part-045918_528846-010233.parquet,real_data_sample\l2_unseen_validation\trade_date=2026-07-17\exchange=NSE\symbol=ONGC\part-045918_528846-010233.parquet,34428,downloaded,34428,
2026-07-17,NSE,ONGC,raw_l2/trade_date=2026-07-17/exchange=NSE/symbol=ONGC/part-045946_988066-010297.parquet,real_data_sample\l2_unseen_validation\trade_date=2026-07-17\exchange=NSE\symbol=ONGC\part-045946_988066-010297.parquet,34587,downloaded,34587,
2026-07-17,NSE,ONGC,raw_l2/trade_date=2026-07-17/exchange=NSE/symbol=ONGC/part-050110_777516-010489.parquet,real_data_sample\l2_unseen_validation\trade_date=2026-07-17\exchange=NSE\symbol=ONGC\part-050110_777516-010489.parquet,34542,downloaded,34542,
2026-07-17,NSE,ONGC,raw_l2/trade_date=2026-07-17/exchange=NSE/symbol=ONGC/part-050138_676183-010553.parquet,real_data_sample\l2_unseen_validation\trade_date=2026-07-17\exchange=NSE\symbol=ONGC\part-050138_676183-010553.parquet,34829,downloaded,34829,
2026-07-17,NSE,ONGC,raw_l2/trade_date=2026-07-17/exchange=NSE/symbol=ONGC/part-050124_712758-010521.parquet,real_data_sample\l2_unseen_validation\trade_date=2026-07-17\exchange=NSE\symbol=ONGC\part-050124_712758-010521.parquet,34721,downloaded,34721,
2026-07-17,NSE,ONGC,raw_l2/trade_date=2026-07-17/exchange=NSE/symbol=ONGC/part-050029_013793-010393.parquet,real_data_sample\l2_unseen_validation\trade_date=2026-07-17\exchange=NSE\symbol=ONGC\part-050029_013793-010393.parquet,34328,downloaded,34328,
2026-07-17,NSE,ONGC,raw_l2/trade_date=2026-07-17/exchange=NSE/symbol=ONGC/part-050015_149166-010361.parquet,real_data_sample\l2_unseen_validation\trade_date=2026-07-17\exchange=NSE\symbol=ONGC\part-050015_149166-010361.parquet,34556,downloaded,34556,
2026-07-17,NSE,ONGC,raw_l2/trade_date=2026-07-17/exchange=NSE/symbol=ONGC/part-050152_746392-010585.parquet,real_data_sample\l2_unseen_validation\trade_date=2026-07-17\exchange=NSE\symbol=ONGC\part-050152_746392-010585.parquet,34664,downloaded,34664,
2026-07-17,NSE,ONGC,raw_l2/trade_date=2026-07-17/exchange=NSE/symbol=ONGC/part-050001_311508-010329.parquet,real_data_sample\l2_unseen_validation\trade_date=2026-07-17\exchange=NSE\symbol=ONGC\part-050001_311508-010329.parquet,34523,downloaded,34523,
2026-07-17,NSE,ONGC,raw_l2/trade_date=2026-07-17/exchange=NSE/symbol=ONGC/part-050042_912322-010425.parquet,real_data_sample\l2_unseen_validation\trade_date=2026-07-17\exchange=NSE\symbol=ONGC\part-050042_912322-010425.parquet,34585,downloaded,34585,
2026-07-17,NSE,ONGC,raw_l2/trade_date=2026-07-17/exchange=NSE/symbol=ONGC/part-050056_821213-010457.parquet,real_data_sample\l2_unseen_validation\trade_date=2026-07-17\exchange=NSE\symbol=ONGC\part-050056_821213-010457.parquet,34701,downloaded,34701,
2026-07-17,NSE,ONGC,raw_l2/trade_date=2026-07-17/exchange=NSE/symbol=ONGC/part-050207_122483-010617.parquet,real_data_sample\l2_unseen_validation\trade_date=2026-07-17\exchange=NSE\symbol=ONGC\part-050207_122483-010617.parquet,34456,downloaded,34456,
2026-07-17,NSE,ONGC,raw_l2/trade_date=2026-07-17/exchange=NSE/symbol=ONGC/part-045629_384749-009849.parquet,real_data_sample\l2_unseen_validation\trade_date=2026-07-17\exchange=NSE\symbol=ONGC\part-045629_384749-009849.parquet,34473,downloaded,34473,
2026-07-17,NSE,ONGC,raw_l2/trade_date=2026-07-17/exchange=NSE/symbol=ONGC/part-050235_562984-010681.parquet,real_data_sample\l2_unseen_validation\trade_date=2026-07-17\exchange=NSE\symbol=ONGC\part-050235_562984-010681.parquet,34633,downloaded,34633,
2026-07-17,NSE,ONGC,raw_l2/trade_date=2026-07-17/exchange=NSE/symbol=ONGC/part-050249_756669-010713.parquet,real_data_sample\l2_unseen_validation\trade_date=2026-07-17\exchange=NSE\symbol=ONGC\part-050249_756669-010713.parquet,35013,downloaded,35013,
2026-07-17,NSE,ONGC,raw_l2/trade_date=2026-07-17/exchange=NSE/symbol=ONGC/part-050318_343250-010777.parquet,real_data_sample\l2_unseen_validation\trade_date=2026-07-17\exchange=NSE\symbol=ONGC\part-050318_343250-010777.parquet,34653,downloaded,34653,
2026-07-17,NSE,ONGC,raw_l2/trade_date=2026-07-17/exchange=NSE/symbol=ONGC/part-050400_496727-010873.parquet,real_data_sample\l2_unseen_validation\trade_date=2026-07-17\exchange=NSE\symbol=ONGC\part-050400_496727-010873.parquet,34738,downloaded,34738,
2026-07-17,NSE,ONGC,raw_l2/trade_date=2026-07-17/exchange=NSE/symbol=ONGC/part-050304_010765-010745.parquet,real_data_sample\l2_unseen_validation\trade_date=2026-07-17\exchange=NSE\symbol=ONGC\part-050304_010765-010745.parquet,34556,downloaded,34556,
2026-07-17,NSE,ONGC,raw_l2/trade_date=2026-07-17/exchange=NSE/symbol=ONGC/part-050346_402416-010841.parquet,real_data_sample\l2_unseen_validation\trade_date=2026-07-17\exchange=NSE\symbol=ONGC\part-050346_402416-010841.parquet,34613,downloaded,34613,
2026-07-17,NSE,ONGC,raw_l2/trade_date=2026-07-17/exchange=NSE/symbol=ONGC/part-050428_801044-010937.parquet,real_data_sample\l2_unseen_validation\trade_date=2026-07-17\exchange=NSE\symbol=ONGC\part-050428_801044-010937.parquet,34542,downloaded,34542,
2026-07-17,NSE,ONGC,raw_l2/trade_date=2026-07-17/exchange=NSE/symbol=ONGC/part-050510_660038-011033.parquet,real_data_sample\l2_unseen_validation\trade_date=2026-07-17\exchange=NSE\symbol=ONGC\part-050510_660038-011033.parquet,34608,downloaded,34608,
2026-07-17,NSE,ONGC,raw_l2/trade_date=2026-07-17/exchange=NSE/symbol=ONGC/part-050524_696589-011065.parquet,real_data_sample\l2_unseen_validation\trade_date=2026-07-17\exchange=NSE\symbol=ONGC\part-050524_696589-011065.parquet,34763,downloaded,34763,
2026-07-17,NSE,ONGC,raw_l2/trade_date=2026-07-17/exchange=NSE/symbol=ONGC/part-050414_838274-010905.parquet,real_data_sample\l2_unseen_validation\trade_date=2026-07-17\exchange=NSE\symbol=ONGC\part-050414_838274-010905.parquet,34550,downloaded,34550,
2026-07-17,NSE,ONGC,raw_l2/trade_date=2026-07-17/exchange=NSE/symbol=ONGC/part-050538_498512-011097.parquet,real_data_sample\l2_unseen_validation\trade_date=2026-07-17\exchange=NSE\symbol=ONGC\part-050538_498512-011097.parquet,34444,downloaded,34444,
2026-07-17,NSE,ONGC,raw_l2/trade_date=2026-07-17/exchange=NSE/symbol=ONGC/part-050456_554404-011001.parquet,real_data_sample\l2_unseen_validation\trade_date=2026-07-17\exchange=NSE\symbol=ONGC\part-050456_554404-011001.parquet,34762,downloaded,34762,
2026-07-17,NSE,ONGC,raw_l2/trade_date=2026-07-17/exchange=NSE/symbol=ONGC/part-050442_745793-010969.parquet,real_data_sample\l2_unseen_validation\trade_date=2026-07-17\exchange=NSE\symbol=ONGC\part-050442_745793-010969.parquet,34681,downloaded,34681,
2026-07-17,NSE,ONGC,raw_l2/trade_date=2026-07-17/exchange=NSE/symbol=ONGC/part-050221_191777-010649.parquet,real_data_sample\l2_unseen_validation\trade_date=2026-07-17\exchange=NSE\symbol=ONGC\part-050221_191777-010649.parquet,34480,downloaded,34480,
2026-07-17,NSE,ONGC,raw_l2/trade_date=2026-07-17/exchange=NSE/symbol=ONGC/part-050332_411488-010809.parquet,real_data_sample\l2_unseen_validation\trade_date=2026-07-17\exchange=NSE\symbol=ONGC\part-050332_411488-010809.parquet,34752,downloaded,34752,
2026-07-17,NSE,ONGC,raw_l2/trade_date=2026-07-17/exchange=NSE/symbol=ONGC/part-050552_487433-011129.parquet,real_data_sample\l2_unseen_validation\trade_date=2026-07-17\exchange=NSE\symbol=ONGC\part-050552_487433-011129.parquet,34507,downloaded,34507,
2026-07-17,NSE,ONGC,raw_l2/trade_date=2026-07-17/exchange=NSE/symbol=ONGC/part-050621_095114-011193.parquet,real_data_sample\l2_unseen_validation\trade_date=2026-07-17\exchange=NSE\symbol=ONGC\part-050621_095114-011193.parquet,34769,downloaded,34769,
2026-07-17,NSE,ONGC,raw_l2/trade_date=2026-07-17/exchange=NSE/symbol=ONGC/part-050606_602236-011161.parquet,real_data_sample\l2_unseen_validation\trade_date=2026-07-17\exchange=NSE\symbol=ONGC\part-050606_602236-011161.parquet,34608,downloaded,34608,
2026-07-17,NSE,ONGC,raw_l2/trade_date=2026-07-17/exchange=NSE/symbol=ONGC/part-050635_820090-011225.parquet,real_data_sample\l2_unseen_validation\trade_date=2026-07-17\exchange=NSE\symbol=ONGC\part-050635_820090-011225.parquet,34837,downloaded,34837,
2026-07-17,NSE,ONGC,raw_l2/trade_date=2026-07-17/exchange=NSE/symbol=ONGC/part-050650_045044-011257.parquet,real_data_sample\l2_unseen_validation\trade_date=2026-07-17\exchange=NSE\symbol=ONGC\part-050650_045044-011257.parquet,34432,downloaded,34432,
2026-07-17,NSE,ONGC,raw_l2/trade_date=2026-07-17/exchange=NSE/symbol=ONGC/part-050732_206520-011353.parquet,real_data_sample\l2_unseen_validation\trade_date=2026-07-17\exchange=NSE\symbol=ONGC\part-050732_206520-011353.parquet,34727,downloaded,34727,
2026-07-17,NSE,ONGC,raw_l2/trade_date=2026-07-17/exchange=NSE/symbol=ONGC/part-050745_990866-011385.parquet,real_data_sample\l2_unseen_validation\trade_date=2026-07-17\exchange=NSE\symbol=ONGC\part-050745_990866-011385.parquet,34507,downloaded,34507,
2026-07-17,NSE,ONGC,raw_l2/trade_date=2026-07-17/exchange=NSE/symbol=ONGC/part-050704_059491-011289.parquet,real_data_sample\l2_unseen_validation\trade_date=2026-07-17\exchange=NSE\symbol=ONGC\part-050704_059491-011289.parquet,34661,downloaded,34661,
2026-07-17,NSE,ONGC,raw_l2/trade_date=2026-07-17/exchange=NSE/symbol=ONGC/part-050718_295712-011321.parquet,real_data_sample\l2_unseen_validation\trade_date=2026-07-17\exchange=NSE\symbol=ONGC\part-050718_295712-011321.parquet,34828,downloaded,34828,
2026-07-17,NSE,ONGC,raw_l2/trade_date=2026-07-17/exchange=NSE/symbol=ONGC/part-050813_663601-011449.parquet,real_data_sample\l2_unseen_validation\trade_date=2026-07-17\exchange=NSE\symbol=ONGC\part-050813_663601-011449.parquet,34580,downloaded,34580,
2026-07-17,NSE,ONGC,raw_l2/trade_date=2026-07-17/exchange=NSE/symbol=ONGC/part-050854_950009-011545.parquet,real_data_sample\l2_unseen_validation\trade_date=2026-07-17\exchange=NSE\symbol=ONGC\part-050854_950009-011545.parquet,34461,downloaded,34461,
2026-07-17,NSE,ONGC,raw_l2/trade_date=2026-07-17/exchange=NSE/symbol=ONGC/part-050759_758781-011417.parquet,real_data_sample\l2_unseen_validation\trade_date=2026-07-17\exchange=NSE\symbol=ONGC\part-050759_758781-011417.parquet,34741,downloaded,34741,
2026-07-17,NSE,ONGC,raw_l2/trade_date=2026-07-17/exchange=NSE/symbol=ONGC/part-050841_225520-011513.parquet,real_data_sample\l2_unseen_validation\trade_date=2026-07-17\exchange=NSE\symbol=ONGC\part-050841_225520-011513.parquet,34672,downloaded,34672,
2026-07-17,NSE,ONGC,raw_l2/trade_date=2026-07-17/exchange=NSE/symbol=ONGC/part-050827_424606-011481.parquet,real_data_sample\l2_unseen_validation\trade_date=2026-07-17\exchange=NSE\symbol=ONGC\part-050827_424606-011481.parquet,34567,downloaded,34567,
2026-07-17,NSE,ONGC,raw_l2/trade_date=2026-07-17/exchange=NSE/symbol=ONGC/part-050908_998010-011577.parquet,real_data_sample\l2_unseen_validation\trade_date=2026-07-17\exchange=NSE\symbol=ONGC\part-050908_998010-011577.parquet,34723,downloaded,34723,
2026-07-17,NSE,ONGC,raw_l2/trade_date=2026-07-17/exchange=NSE/symbol=ONGC/part-051045_822636-011801.parquet,real_data_sample\l2_unseen_validation\trade_date=2026-07-17\exchange=NSE\symbol=ONGC\part-051045_822636-011801.parquet,35411,downloaded,35411,
2026-07-17,NSE,ONGC,raw_l2/trade_date=2026-07-17/exchange=NSE/symbol=ONGC/part-051004_369416-011705.parquet,real_data_sample\l2_unseen_validation\trade_date=2026-07-17\exchange=NSE\symbol=ONGC\part-051004_369416-011705.parquet,34724,downloaded,34724,
2026-07-17,NSE,ONGC,raw_l2/trade_date=2026-07-17/exchange=NSE/symbol=ONGC/part-051031_959502-011769.parquet,real_data_sample\l2_unseen_validation\trade_date=2026-07-17\exchange=NSE\symbol=ONGC\part-051031_959502-011769.parquet,35569,downloaded,35569,
2026-07-17,NSE,ONGC,raw_l2/trade_date=2026-07-17/exchange=NSE/symbol=ONGC/part-050950_352176-011673.parquet,real_data_sample\l2_unseen_validation\trade_date=2026-07-17\exchange=NSE\symbol=ONGC\part-050950_352176-011673.parquet,34988,downloaded,34988,
2026-07-17,NSE,ONGC,raw_l2/trade_date=2026-07-17/exchange=NSE/symbol=ONGC/part-051018_065976-011737.parquet,real_data_sample\l2_unseen_validation\trade_date=2026-07-17\exchange=NSE\symbol=ONGC\part-051018_065976-011737.parquet,35489,downloaded,35489,
2026-07-17,NSE,ONGC,raw_l2/trade_date=2026-07-17/exchange=NSE/symbol=ONGC/part-050922_818655-011609.parquet,real_data_sample\l2_unseen_validation\trade_date=2026-07-17\exchange=NSE\symbol=ONGC\part-050922_818655-011609.parquet,34582,downloaded,34582,
2026-07-17,NSE,ONGC,raw_l2/trade_date=2026-07-17/exchange=NSE/symbol=ONGC/part-051155_569282-011961.parquet,real_data_sample\l2_unseen_validation\trade_date=2026-07-17\exchange=NSE\symbol=ONGC\part-051155_569282-011961.parquet,35511,downloaded,35511,
2026-07-17,NSE,ONGC,raw_l2/trade_date=2026-07-17/exchange=NSE/symbol=ONGC/part-051113_453875-011865.parquet,real_data_sample\l2_unseen_validation\trade_date=2026-07-17\exchange=NSE\symbol=ONGC\part-051113_453875-011865.parquet,35297,downloaded,35297,
2026-07-17,NSE,ONGC,raw_l2/trade_date=2026-07-17/exchange=NSE/symbol=ONGC/part-051059_537144-011833.parquet,real_data_sample\l2_unseen_validation\trade_date=2026-07-17\exchange=NSE\symbol=ONGC\part-051059_537144-011833.parquet,35295,downloaded,35295,
2026-07-17,NSE,ONGC,raw_l2/trade_date=2026-07-17/exchange=NSE/symbol=ONGC/part-051209_553935-011993.parquet,real_data_sample\l2_unseen_validation\trade_date=2026-07-17\exchange=NSE\symbol=ONGC\part-051209_553935-011993.parquet,35614,downloaded,35614,
2026-07-17,NSE,ONGC,raw_l2/trade_date=2026-07-17/exchange=NSE/symbol=ONGC/part-051223_488938-012025.parquet,real_data_sample\l2_unseen_validation\trade_date=2026-07-17\exchange=NSE\symbol=ONGC\part-051223_488938-012025.parquet,34999,downloaded,34999,
2026-07-17,NSE,ONGC,raw_l2/trade_date=2026-07-17/exchange=NSE/symbol=ONGC/part-051251_327166-012089.parquet,real_data_sample\l2_unseen_validation\trade_date=2026-07-17\exchange=NSE\symbol=ONGC\part-051251_327166-012089.parquet,34549,downloaded,34549,
2026-07-17,NSE,ONGC,raw_l2/trade_date=2026-07-17/exchange=NSE/symbol=ONGC/part-051305_172412-012121.parquet,real_data_sample\l2_unseen_validation\trade_date=2026-07-17\exchange=NSE\symbol=ONGC\part-051305_172412-012121.parquet,34582,downloaded,34582,
2026-07-17,NSE,ONGC,raw_l2/trade_date=2026-07-17/exchange=NSE/symbol=ONGC/part-051319_974165-012153.parquet,real_data_sample\l2_unseen_validation\trade_date=2026-07-17\exchange=NSE\symbol=ONGC\part-051319_974165-012153.parquet,34619,downloaded,34619,
2026-07-17,NSE,ONGC,raw_l2/trade_date=2026-07-17/exchange=NSE/symbol=ONGC/part-051127_577548-011897.parquet,real_data_sample\l2_unseen_validation\trade_date=2026-07-17\exchange=NSE\symbol=ONGC\part-051127_577548-011897.parquet,35498,downloaded,35498,
2026-07-17,NSE,ONGC,raw_l2/trade_date=2026-07-17/exchange=NSE/symbol=ONGC/part-051334_329361-012185.parquet,real_data_sample\l2_unseen_validation\trade_date=2026-07-17\exchange=NSE\symbol=ONGC\part-051334_329361-012185.parquet,34649,downloaded,34649,
2026-07-17,NSE,ONGC,raw_l2/trade_date=2026-07-17/exchange=NSE/symbol=ONGC/part-051237_346310-012057.parquet,real_data_sample\l2_unseen_validation\trade_date=2026-07-17\exchange=NSE\symbol=ONGC\part-051237_346310-012057.parquet,34659,downloaded,34659,
2026-07-17,NSE,ONGC,raw_l2/trade_date=2026-07-17/exchange=NSE/symbol=ONGC/part-051349_586151-012217.parquet,real_data_sample\l2_unseen_validation\trade_date=2026-07-17\exchange=NSE\symbol=ONGC\part-051349_586151-012217.parquet,34489,downloaded,34489,
2026-07-17,NSE,ONGC,raw_l2/trade_date=2026-07-17/exchange=NSE/symbol=ONGC/part-051404_281686-012249.parquet,real_data_sample\l2_unseen_validation\trade_date=2026-07-17\exchange=NSE\symbol=ONGC\part-051404_281686-012249.parquet,34590,downloaded,34590,
2026-07-17,NSE,ONGC,raw_l2/trade_date=2026-07-17/exchange=NSE/symbol=ONGC/part-051141_670115-011929.parquet,real_data_sample\l2_unseen_validation\trade_date=2026-07-17\exchange=NSE\symbol=ONGC\part-051141_670115-011929.parquet,35474,downloaded,35474,
2026-07-17,NSE,ONGC,raw_l2/trade_date=2026-07-17/exchange=NSE/symbol=ONGC/part-051418_654636-012281.parquet,real_data_sample\l2_unseen_validation\trade_date=2026-07-17\exchange=NSE\symbol=ONGC\part-051418_654636-012281.parquet,34601,downloaded,34601,
2026-07-17,NSE,ONGC,raw_l2/trade_date=2026-07-17/exchange=NSE/symbol=ONGC/part-051433_464320-012313.parquet,real_data_sample\l2_unseen_validation\trade_date=2026-07-17\exchange=NSE\symbol=ONGC\part-051433_464320-012313.parquet,34685,downloaded,34685,
2026-07-17,NSE,ONGC,raw_l2/trade_date=2026-07-17/exchange=NSE/symbol=ONGC/part-051501_177004-012377.parquet,real_data_sample\l2_unseen_validation\trade_date=2026-07-17\exchange=NSE\symbol=ONGC\part-051501_177004-012377.parquet,34590,downloaded,34590,
2026-07-17,NSE,ONGC,raw_l2/trade_date=2026-07-17/exchange=NSE/symbol=ONGC/part-051447_267139-012345.parquet,real_data_sample\l2_unseen_validation\trade_date=2026-07-17\exchange=NSE\symbol=ONGC\part-051447_267139-012345.parquet,34804,downloaded,34804,
2026-07-17,NSE,ONGC,raw_l2/trade_date=2026-07-17/exchange=NSE/symbol=ONGC/part-051515_014020-012409.parquet,real_data_sample\l2_unseen_validation\trade_date=2026-07-17\exchange=NSE\symbol=ONGC\part-051515_014020-012409.parquet,34605,downloaded,34605,
2026-07-17,NSE,ONGC,raw_l2/trade_date=2026-07-17/exchange=NSE/symbol=ONGC/part-051528_595883-012441.parquet,real_data_sample\l2_unseen_validation\trade_date=2026-07-17\exchange=NSE\symbol=ONGC\part-051528_595883-012441.parquet,34616,downloaded,34616,
2026-07-17,NSE,ONGC,raw_l2/trade_date=2026-07-17/exchange=NSE/symbol=ONGC/part-051557_291455-012505.parquet,real_data_sample\l2_unseen_validation\trade_date=2026-07-17\exchange=NSE\symbol=ONGC\part-051557_291455-012505.parquet,34717,downloaded,34717,
2026-07-17,NSE,ONGC,raw_l2/trade_date=2026-07-17/exchange=NSE/symbol=ONGC/part-051542_792049-012473.parquet,real_data_sample\l2_unseen_validation\trade_date=2026-07-17\exchange=NSE\symbol=ONGC\part-051542_792049-012473.parquet,34812,downloaded,34812,
2026-07-17,NSE,ONGC,raw_l2/trade_date=2026-07-17/exchange=NSE/symbol=ONGC/part-051625_947495-012569.parquet,real_data_sample\l2_unseen_validation\trade_date=2026-07-17\exchange=NSE\symbol=ONGC\part-051625_947495-012569.parquet,36115,downloaded,36115,
2026-07-17,NSE,ONGC,raw_l2/trade_date=2026-07-17/exchange=NSE/symbol=ONGC/part-051611_925520-012537.parquet,real_data_sample\l2_unseen_validation\trade_date=2026-07-17\exchange=NSE\symbol=ONGC\part-051611_925520-012537.parquet,34773,downloaded,34773,
2026-07-17,NSE,ONGC,raw_l2/trade_date=2026-07-17/exchange=NSE/symbol=ONGC/part-050936_643769-011641.parquet,real_data_sample\l2_unseen_validation\trade_date=2026-07-17\exchange=NSE\symbol=ONGC\part-050936_643769-011641.parquet,34657,downloaded,34657,
2026-07-17,NSE,ONGC,raw_l2/trade_date=2026-07-17/exchange=NSE/symbol=ONGC/part-051722_284976-012697.parquet,real_data_sample\l2_unseen_validation\trade_date=2026-07-17\exchange=NSE\symbol=ONGC\part-051722_284976-012697.parquet,35489,downloaded,35489,
2026-07-17,NSE,ONGC,raw_l2/trade_date=2026-07-17/exchange=NSE/symbol=ONGC/part-051708_363927-012665.parquet,real_data_sample\l2_unseen_validation\trade_date=2026-07-17\exchange=NSE\symbol=ONGC\part-051708_363927-012665.parquet,35718,downloaded,35718,
2026-07-17,NSE,ONGC,raw_l2/trade_date=2026-07-17/exchange=NSE/symbol=ONGC/part-051736_681681-012729.parquet,real_data_sample\l2_unseen_validation\trade_date=2026-07-17\exchange=NSE\symbol=ONGC\part-051736_681681-012729.parquet,35237,downloaded,35237,
2026-07-17,NSE,ONGC,raw_l2/trade_date=2026-07-17/exchange=NSE/symbol=ONGC/part-051903_115252-012921.parquet,real_data_sample\l2_unseen_validation\trade_date=2026-07-17\exchange=NSE\symbol=ONGC\part-051903_115252-012921.parquet,34790,downloaded,34790,
2026-07-17,NSE,ONGC,raw_l2/trade_date=2026-07-17/exchange=NSE/symbol=ONGC/part-051654_332584-012633.parquet,real_data_sample\l2_unseen_validation\trade_date=2026-07-17\exchange=NSE\symbol=ONGC\part-051654_332584-012633.parquet,35825,downloaded,35825,
2026-07-17,NSE,ONGC,raw_l2/trade_date=2026-07-17/exchange=NSE/symbol=ONGC/part-051833_970765-012857.parquet,real_data_sample\l2_unseen_validation\trade_date=2026-07-17\exchange=NSE\symbol=ONGC\part-051833_970765-012857.parquet,34984,downloaded,34984,
2026-07-17,NSE,ONGC,raw_l2/trade_date=2026-07-17/exchange=NSE/symbol=ONGC/part-051640_205781-012601.parquet,real_data_sample\l2_unseen_validation\trade_date=2026-07-17\exchange=NSE\symbol=ONGC\part-051640_205781-012601.parquet,36262,downloaded,36262,
2026-07-17,NSE,ONGC,raw_l2/trade_date=2026-07-17/exchange=NSE/symbol=ONGC/part-051819_733181-012825.parquet,real_data_sample\l2_unseen_validation\trade_date=2026-07-17\exchange=NSE\symbol=ONGC\part-051819_733181-012825.parquet,35007,downloaded,35007,
2026-07-17,NSE,ONGC,raw_l2/trade_date=2026-07-17/exchange=NSE/symbol=ONGC/part-051751_225536-012761.parquet,real_data_sample\l2_unseen_validation\trade_date=2026-07-17\exchange=NSE\symbol=ONGC\part-051751_225536-012761.parquet,35043,downloaded,35043,
2026-07-17,NSE,ONGC,raw_l2/trade_date=2026-07-17/exchange=NSE/symbol=ONGC/part-051958_807002-013049.parquet,real_data_sample\l2_unseen_validation\trade_date=2026-07-17\exchange=NSE\symbol=ONGC\part-051958_807002-013049.parquet,34706,downloaded,34706,
2026-07-17,NSE,ONGC,raw_l2/trade_date=2026-07-17/exchange=NSE/symbol=ONGC/part-051917_135358-012953.parquet,real_data_sample\l2_unseen_validation\trade_date=2026-07-17\exchange=NSE\symbol=ONGC\part-051917_135358-012953.parquet,34783,downloaded,34783,
2026-07-17,NSE,ONGC,raw_l2/trade_date=2026-07-17/exchange=NSE/symbol=ONGC/part-051930_958922-012985.parquet,real_data_sample\l2_unseen_validation\trade_date=2026-07-17\exchange=NSE\symbol=ONGC\part-051930_958922-012985.parquet,34662,downloaded,34662,
2026-07-17,NSE,ONGC,raw_l2/trade_date=2026-07-17/exchange=NSE/symbol=ONGC/part-051805_267052-012793.parquet,real_data_sample\l2_unseen_validation\trade_date=2026-07-17\exchange=NSE\symbol=ONGC\part-051805_267052-012793.parquet,35081,downloaded,35081,
2026-07-17,NSE,ONGC,raw_l2/trade_date=2026-07-17/exchange=NSE/symbol=ONGC/part-051944_779998-013017.parquet,real_data_sample\l2_unseen_validation\trade_date=2026-07-17\exchange=NSE\symbol=ONGC\part-051944_779998-013017.parquet,34583,downloaded,34583,
2026-07-17,NSE,ONGC,raw_l2/trade_date=2026-07-17/exchange=NSE/symbol=ONGC/part-051848_189552-012889.parquet,real_data_sample\l2_unseen_validation\trade_date=2026-07-17\exchange=NSE\symbol=ONGC\part-051848_189552-012889.parquet,34668,downloaded,34668,
2026-07-17,NSE,ONGC,raw_l2/trade_date=2026-07-17/exchange=NSE/symbol=ONGC/part-052026_176828-013113.parquet,real_data_sample\l2_unseen_validation\trade_date=2026-07-17\exchange=NSE\symbol=ONGC\part-052026_176828-013113.parquet,34682,downloaded,34682,
2026-07-17,NSE,ONGC,raw_l2/trade_date=2026-07-17/exchange=NSE/symbol=ONGC/part-052121_478263-013241.parquet,real_data_sample\l2_unseen_validation\trade_date=2026-07-17\exchange=NSE\symbol=ONGC\part-052121_478263-013241.parquet,34940,downloaded,34940,
2026-07-17,NSE,ONGC,raw_l2/trade_date=2026-07-17/exchange=NSE/symbol=ONGC/part-052107_507170-013209.parquet,real_data_sample\l2_unseen_validation\trade_date=2026-07-17\exchange=NSE\symbol=ONGC\part-052107_507170-013209.parquet,34441,downloaded,34441,
2026-07-17,NSE,ONGC,raw_l2/trade_date=2026-07-17/exchange=NSE/symbol=ONGC/part-052053_751919-013177.parquet,real_data_sample\l2_unseen_validation\trade_date=2026-07-17\exchange=NSE\symbol=ONGC\part-052053_751919-013177.parquet,34605,downloaded,34605,
2026-07-17,NSE,ONGC,raw_l2/trade_date=2026-07-17/exchange=NSE/symbol=ONGC/part-052039_975540-013145.parquet,real_data_sample\l2_unseen_validation\trade_date=2026-07-17\exchange=NSE\symbol=ONGC\part-052039_975540-013145.parquet,34687,downloaded,34687,
2026-07-17,NSE,ONGC,raw_l2/trade_date=2026-07-17/exchange=NSE/symbol=ONGC/part-052012_453453-013081.parquet,real_data_sample\l2_unseen_validation\trade_date=2026-07-17\exchange=NSE\symbol=ONGC\part-052012_453453-013081.parquet,34781,downloaded,34781,
2026-07-17,NSE,ONGC,raw_l2/trade_date=2026-07-17/exchange=NSE/symbol=ONGC/part-052135_267554-013273.parquet,real_data_sample\l2_unseen_validation\trade_date=2026-07-17\exchange=NSE\symbol=ONGC\part-052135_267554-013273.parquet,34866,downloaded,34866,
2026-07-17,NSE,ONGC,raw_l2/trade_date=2026-07-17/exchange=NSE/symbol=ONGC/part-052149_283520-013305.parquet,real_data_sample\l2_unseen_validation\trade_date=2026-07-17\exchange=NSE\symbol=ONGC\part-052149_283520-013305.parquet,34544,downloaded,34544,
2026-07-17,NSE,ONGC,raw_l2/trade_date=2026-07-17/exchange=NSE/symbol=ONGC/part-052203_284543-013337.parquet,real_data_sample\l2_unseen_validation\trade_date=2026-07-17\exchange=NSE\symbol=ONGC\part-052203_284543-013337.parquet,34502,downloaded,34502,
2026-07-17,NSE,ONGC,raw_l2/trade_date=2026-07-17/exchange=NSE/symbol=ONGC/part-052231_351744-013401.parquet,real_data_sample\l2_unseen_validation\trade_date=2026-07-17\exchange=NSE\symbol=ONGC\part-052231_351744-013401.parquet,34881,downloaded,34881,
2026-07-17,NSE,ONGC,raw_l2/trade_date=2026-07-17/exchange=NSE/symbol=ONGC/part-052217_424276-013369.parquet,real_data_sample\l2_unseen_validation\trade_date=2026-07-17\exchange=NSE\symbol=ONGC\part-052217_424276-013369.parquet,34710,downloaded,34710,
2026-07-17,NSE,ONGC,raw_l2/trade_date=2026-07-17/exchange=NSE/symbol=ONGC/part-052245_275815-013433.parquet,real_data_sample\l2_unseen_validation\trade_date=2026-07-17\exchange=NSE\symbol=ONGC\part-052245_275815-013433.parquet,34623,downloaded,34623,
2026-07-17,NSE,ONGC,raw_l2/trade_date=2026-07-17/exchange=NSE/symbol=ONGC/part-052313_353782-013497.parquet,real_data_sample\l2_unseen_validation\trade_date=2026-07-17\exchange=NSE\symbol=ONGC\part-052313_353782-013497.parquet,34647,downloaded,34647,
2026-07-17,NSE,ONGC,raw_l2/trade_date=2026-07-17/exchange=NSE/symbol=ONGC/part-052259_305911-013465.parquet,real_data_sample\l2_unseen_validation\trade_date=2026-07-17\exchange=NSE\symbol=ONGC\part-052259_305911-013465.parquet,34566,downloaded,34566,
2026-07-17,NSE,ONGC,raw_l2/trade_date=2026-07-17/exchange=NSE/symbol=ONGC/part-052423_264600-013657.parquet,real_data_sample\l2_unseen_validation\trade_date=2026-07-17\exchange=NSE\symbol=ONGC\part-052423_264600-013657.parquet,34580,downloaded,34580,
2026-07-17,NSE,ONGC,raw_l2/trade_date=2026-07-17/exchange=NSE/symbol=ONGC/part-052437_261514-013689.parquet,real_data_sample\l2_unseen_validation\trade_date=2026-07-17\exchange=NSE\symbol=ONGC\part-052437_261514-013689.parquet,34923,downloaded,34923,
2026-07-17,NSE,ONGC,raw_l2/trade_date=2026-07-17/exchange=NSE/symbol=ONGC/part-052518_718844-013785.parquet,real_data_sample\l2_unseen_validation\trade_date=2026-07-17\exchange=NSE\symbol=ONGC\part-052518_718844-013785.parquet,35962,downloaded,35962,
2026-07-17,NSE,ONGC,raw_l2/trade_date=2026-07-17/exchange=NSE/symbol=ONGC/part-052546_889531-013849.parquet,real_data_sample\l2_unseen_validation\trade_date=2026-07-17\exchange=NSE\symbol=ONGC\part-052546_889531-013849.parquet,35789,downloaded,35789,
2026-07-17,NSE,ONGC,raw_l2/trade_date=2026-07-17/exchange=NSE/symbol=ONGC/part-052451_054913-013721.parquet,real_data_sample\l2_unseen_validation\trade_date=2026-07-17\exchange=NSE\symbol=ONGC\part-052451_054913-013721.parquet,34512,downloaded,34512,
2026-07-17,NSE,ONGC,raw_l2/trade_date=2026-07-17/exchange=NSE/symbol=ONGC/part-052341_357401-013561.parquet,real_data_sample\l2_unseen_validation\trade_date=2026-07-17\exchange=NSE\symbol=ONGC\part-052341_357401-013561.parquet,34586,downloaded,34586,
2026-07-17,NSE,ONGC,raw_l2/trade_date=2026-07-17/exchange=NSE/symbol=ONGC/part-052409_304473-013625.parquet,real_data_sample\l2_unseen_validation\trade_date=2026-07-17\exchange=NSE\symbol=ONGC\part-052409_304473-013625.parquet,34480,downloaded,34480,
2026-07-17,NSE,ONGC,raw_l2/trade_date=2026-07-17/exchange=NSE/symbol=ONGC/part-052532_765425-013817.parquet,real_data_sample\l2_unseen_validation\trade_date=2026-07-17\exchange=NSE\symbol=ONGC\part-052532_765425-013817.parquet,35679,downloaded,35679,
2026-07-17,NSE,ONGC,raw_l2/trade_date=2026-07-17/exchange=NSE/symbol=ONGC/part-052327_227403-013529.parquet,real_data_sample\l2_unseen_validation\trade_date=2026-07-17\exchange=NSE\symbol=ONGC\part-052327_227403-013529.parquet,34905,downloaded,34905,
2026-07-17,NSE,ONGC,raw_l2/trade_date=2026-07-17/exchange=NSE/symbol=ONGC/part-052504_941003-013753.parquet,real_data_sample\l2_unseen_validation\trade_date=2026-07-17\exchange=NSE\symbol=ONGC\part-052504_941003-013753.parquet,34886,downloaded,34886,
2026-07-17,NSE,ONGC,raw_l2/trade_date=2026-07-17/exchange=NSE/symbol=ONGC/part-052600_995578-013881.parquet,real_data_sample\l2_unseen_validation\trade_date=2026-07-17\exchange=NSE\symbol=ONGC\part-052600_995578-013881.parquet,35002,downloaded,35002,
2026-07-17,NSE,ONGC,raw_l2/trade_date=2026-07-17/exchange=NSE/symbol=ONGC/part-052615_166214-013913.parquet,real_data_sample\l2_unseen_validation\trade_date=2026-07-17\exchange=NSE\symbol=ONGC\part-052615_166214-013913.parquet,35336,downloaded,35336,
2026-07-17,NSE,ONGC,raw_l2/trade_date=2026-07-17/exchange=NSE/symbol=ONGC/part-052739_579176-014105.parquet,real_data_sample\l2_unseen_validation\trade_date=2026-07-17\exchange=NSE\symbol=ONGC\part-052739_579176-014105.parquet,34975,downloaded,34975,
2026-07-17,NSE,ONGC,raw_l2/trade_date=2026-07-17/exchange=NSE/symbol=ONGC/part-052807_377723-014169.parquet,real_data_sample\l2_unseen_validation\trade_date=2026-07-17\exchange=NSE\symbol=ONGC\part-052807_377723-014169.parquet,34704,downloaded,34704,
2026-07-17,NSE,ONGC,raw_l2/trade_date=2026-07-17/exchange=NSE/symbol=ONGC/part-052753_508405-014137.parquet,real_data_sample\l2_unseen_validation\trade_date=2026-07-17\exchange=NSE\symbol=ONGC\part-052753_508405-014137.parquet,34602,downloaded,34602,
2026-07-17,NSE,ONGC,raw_l2/trade_date=2026-07-17/exchange=NSE/symbol=ONGC/part-052821_487565-014201.parquet,real_data_sample\l2_unseen_validation\trade_date=2026-07-17\exchange=NSE\symbol=ONGC\part-052821_487565-014201.parquet,34561,downloaded,34561,
2026-07-17,NSE,ONGC,raw_l2/trade_date=2026-07-17/exchange=NSE/symbol=ONGC/part-052711_656508-014041.parquet,real_data_sample\l2_unseen_validation\trade_date=2026-07-17\exchange=NSE\symbol=ONGC\part-052711_656508-014041.parquet,35725,downloaded,35725,
2026-07-17,NSE,ONGC,raw_l2/trade_date=2026-07-17/exchange=NSE/symbol=ONGC/part-052725_672517-014073.parquet,real_data_sample\l2_unseen_validation\trade_date=2026-07-17\exchange=NSE\symbol=ONGC\part-052725_672517-014073.parquet,34859,downloaded,34859,
2026-07-17,NSE,ONGC,raw_l2/trade_date=2026-07-17/exchange=NSE/symbol=ONGC/part-052904_200642-014297.parquet,real_data_sample\l2_unseen_validation\trade_date=2026-07-17\exchange=NSE\symbol=ONGC\part-052904_200642-014297.parquet,34946,downloaded,34946,
2026-07-17,NSE,ONGC,raw_l2/trade_date=2026-07-17/exchange=NSE/symbol=ONGC/part-052629_366584-013945.parquet,real_data_sample\l2_unseen_validation\trade_date=2026-07-17\exchange=NSE\symbol=ONGC\part-052629_366584-013945.parquet,35248,downloaded,35248,
2026-07-17,NSE,ONGC,raw_l2/trade_date=2026-07-17/exchange=NSE/symbol=ONGC/part-052657_613335-014009.parquet,real_data_sample\l2_unseen_validation\trade_date=2026-07-17\exchange=NSE\symbol=ONGC\part-052657_613335-014009.parquet,36205,downloaded,36205,
2026-07-17,NSE,ONGC,raw_l2/trade_date=2026-07-17/exchange=NSE/symbol=ONGC/part-052643_430862-013977.parquet,real_data_sample\l2_unseen_validation\trade_date=2026-07-17\exchange=NSE\symbol=ONGC\part-052643_430862-013977.parquet,35360,downloaded,35360,
2026-07-17,NSE,ONGC,raw_l2/trade_date=2026-07-17/exchange=NSE/symbol=ONGC/part-052850_001872-014265.parquet,real_data_sample\l2_unseen_validation\trade_date=2026-07-17\exchange=NSE\symbol=ONGC\part-052850_001872-014265.parquet,34882,downloaded,34882,
2026-07-17,NSE,ONGC,raw_l2/trade_date=2026-07-17/exchange=NSE/symbol=ONGC/part-052835_697403-014233.parquet,real_data_sample\l2_unseen_validation\trade_date=2026-07-17\exchange=NSE\symbol=ONGC\part-052835_697403-014233.parquet,34899,downloaded,34899,
2026-07-17,NSE,ONGC,raw_l2/trade_date=2026-07-17/exchange=NSE/symbol=ONGC/part-052932_100294-014361.parquet,real_data_sample\l2_unseen_validation\trade_date=2026-07-17\exchange=NSE\symbol=ONGC\part-052932_100294-014361.parquet,35905,downloaded,35905,
2026-07-17,NSE,ONGC,raw_l2/trade_date=2026-07-17/exchange=NSE/symbol=ONGC/part-052946_092943-014393.parquet,real_data_sample\l2_unseen_validation\trade_date=2026-07-17\exchange=NSE\symbol=ONGC\part-052946_092943-014393.parquet,35768,downloaded,35768,
2026-07-17,NSE,ONGC,raw_l2/trade_date=2026-07-17/exchange=NSE/symbol=ONGC/part-053015_433340-014457.parquet,real_data_sample\l2_unseen_validation\trade_date=2026-07-17\exchange=NSE\symbol=ONGC\part-053015_433340-014457.parquet,35472,downloaded,35472,
2026-07-17,NSE,ONGC,raw_l2/trade_date=2026-07-17/exchange=NSE/symbol=ONGC/part-053000_221524-014425.parquet,real_data_sample\l2_unseen_validation\trade_date=2026-07-17\exchange=NSE\symbol=ONGC\part-053000_221524-014425.parquet,35445,downloaded,35445,
2026-07-17,NSE,ONGC,raw_l2/trade_date=2026-07-17/exchange=NSE/symbol=ONGC/part-052918_151654-014329.parquet,real_data_sample\l2_unseen_validation\trade_date=2026-07-17\exchange=NSE\symbol=ONGC\part-052918_151654-014329.parquet,35082,downloaded,35082,
2026-07-17,NSE,ONGC,raw_l2/trade_date=2026-07-17/exchange=NSE/symbol=ONGC/part-053029_745949-014489.parquet,real_data_sample\l2_unseen_validation\trade_date=2026-07-17\exchange=NSE\symbol=ONGC\part-053029_745949-014489.parquet,34653,downloaded,34653,
2026-07-17,NSE,ONGC,raw_l2/trade_date=2026-07-17/exchange=NSE/symbol=ONGC/part-053043_632807-014521.parquet,real_data_sample\l2_unseen_validation\trade_date=2026-07-17\exchange=NSE\symbol=ONGC\part-053043_632807-014521.parquet,34663,downloaded,34663,
2026-07-17,NSE,ONGC,raw_l2/trade_date=2026-07-17/exchange=NSE/symbol=ONGC/part-053057_640742-014553.parquet,real_data_sample\l2_unseen_validation\trade_date=2026-07-17\exchange=NSE\symbol=ONGC\part-053057_640742-014553.parquet,34987,downloaded,34987,
2026-07-17,NSE,ONGC,raw_l2/trade_date=2026-07-17/exchange=NSE/symbol=ONGC/part-053112_363272-014585.parquet,real_data_sample\l2_unseen_validation\trade_date=2026-07-17\exchange=NSE\symbol=ONGC\part-053112_363272-014585.parquet,34520,downloaded,34520,
2026-07-17,NSE,ONGC,raw_l2/trade_date=2026-07-17/exchange=NSE/symbol=ONGC/part-053154_338621-014681.parquet,real_data_sample\l2_unseen_validation\trade_date=2026-07-17\exchange=NSE\symbol=ONGC\part-053154_338621-014681.parquet,35418,downloaded,35418,
2026-07-17,NSE,ONGC,raw_l2/trade_date=2026-07-17/exchange=NSE/symbol=ONGC/part-052355_474276-013593.parquet,real_data_sample\l2_unseen_validation\trade_date=2026-07-17\exchange=NSE\symbol=ONGC\part-052355_474276-013593.parquet,34754,downloaded,34754,
2026-07-17,NSE,ONGC,raw_l2/trade_date=2026-07-17/exchange=NSE/symbol=ONGC/part-053126_543058-014617.parquet,real_data_sample\l2_unseen_validation\trade_date=2026-07-17\exchange=NSE\symbol=ONGC\part-053126_543058-014617.parquet,35545,downloaded,35545,
2026-07-17,NSE,ONGC,raw_l2/trade_date=2026-07-17/exchange=NSE/symbol=ONGC/part-053140_527954-014649.parquet,real_data_sample\l2_unseen_validation\trade_date=2026-07-17\exchange=NSE\symbol=ONGC\part-053140_527954-014649.parquet,35698,downloaded,35698,
2026-07-17,NSE,ONGC,raw_l2/trade_date=2026-07-17/exchange=NSE/symbol=ONGC/part-053208_505815-014713.parquet,real_data_sample\l2_unseen_validation\trade_date=2026-07-17\exchange=NSE\symbol=ONGC\part-053208_505815-014713.parquet,36123,downloaded,36123,
2026-07-17,NSE,ONGC,raw_l2/trade_date=2026-07-17/exchange=NSE/symbol=ONGC/part-053236_600790-014777.parquet,real_data_sample\l2_unseen_validation\trade_date=2026-07-17\exchange=NSE\symbol=ONGC\part-053236_600790-014777.parquet,35523,downloaded,35523,
2026-07-17,NSE,ONGC,raw_l2/trade_date=2026-07-17/exchange=NSE/symbol=ONGC/part-053250_584985-014809.parquet,real_data_sample\l2_unseen_validation\trade_date=2026-07-17\exchange=NSE\symbol=ONGC\part-053250_584985-014809.parquet,35853,downloaded,35853,
2026-07-17,NSE,ONGC,raw_l2/trade_date=2026-07-17/exchange=NSE/symbol=ONGC/part-053304_725962-014841.parquet,real_data_sample\l2_unseen_validation\trade_date=2026-07-17\exchange=NSE\symbol=ONGC\part-053304_725962-014841.parquet,35420,downloaded,35420,
2026-07-17,NSE,ONGC,raw_l2/trade_date=2026-07-17/exchange=NSE/symbol=ONGC/part-053332_989952-014905.parquet,real_data_sample\l2_unseen_validation\trade_date=2026-07-17\exchange=NSE\symbol=ONGC\part-053332_989952-014905.parquet,34574,downloaded,34574,
2026-07-17,NSE,ONGC,raw_l2/trade_date=2026-07-17/exchange=NSE/symbol=ONGC/part-053346_744385-014937.parquet,real_data_sample\l2_unseen_validation\trade_date=2026-07-17\exchange=NSE\symbol=ONGC\part-053346_744385-014937.parquet,34677,downloaded,34677,
2026-07-17,NSE,ONGC,raw_l2/trade_date=2026-07-17/exchange=NSE/symbol=ONGC/part-053318_796619-014873.parquet,real_data_sample\l2_unseen_validation\trade_date=2026-07-17\exchange=NSE\symbol=ONGC\part-053318_796619-014873.parquet,35176,downloaded,35176,
2026-07-17,NSE,ONGC,raw_l2/trade_date=2026-07-17/exchange=NSE/symbol=ONGC/part-053222_587664-014745.parquet,real_data_sample\l2_unseen_validation\trade_date=2026-07-17\exchange=NSE\symbol=ONGC\part-053222_587664-014745.parquet,35726,downloaded,35726,
2026-07-17,NSE,ONGC,raw_l2/trade_date=2026-07-17/exchange=NSE/symbol=ONGC/part-053428_740522-015033.parquet,real_data_sample\l2_unseen_validation\trade_date=2026-07-17\exchange=NSE\symbol=ONGC\part-053428_740522-015033.parquet,34560,downloaded,34560,
2026-07-17,NSE,ONGC,raw_l2/trade_date=2026-07-17/exchange=NSE/symbol=ONGC/part-053414_949501-015001.parquet,real_data_sample\l2_unseen_validation\trade_date=2026-07-17\exchange=NSE\symbol=ONGC\part-053414_949501-015001.parquet,34530,downloaded,34530,
2026-07-17,NSE,ONGC,raw_l2/trade_date=2026-07-17/exchange=NSE/symbol=ONGC/part-053442_504421-015065.parquet,real_data_sample\l2_unseen_validation\trade_date=2026-07-17\exchange=NSE\symbol=ONGC\part-053442_504421-015065.parquet,34802,downloaded,34802,
2026-07-17,NSE,ONGC,raw_l2/trade_date=2026-07-17/exchange=NSE/symbol=ONGC/part-053400_915246-014969.parquet,real_data_sample\l2_unseen_validation\trade_date=2026-07-17\exchange=NSE\symbol=ONGC\part-053400_915246-014969.parquet,34542,downloaded,34542,
2026-07-17,NSE,ONGC,raw_l2/trade_date=2026-07-17/exchange=NSE/symbol=ONGC/part-053524_057839-015161.parquet,real_data_sample\l2_unseen_validation\trade_date=2026-07-17\exchange=NSE\symbol=ONGC\part-053524_057839-015161.parquet,34777,downloaded,34777,
2026-07-17,NSE,ONGC,raw_l2/trade_date=2026-07-17/exchange=NSE/symbol=ONGC/part-053537_914969-015193.parquet,real_data_sample\l2_unseen_validation\trade_date=2026-07-17\exchange=NSE\symbol=ONGC\part-053537_914969-015193.parquet,34988,downloaded,34988,
2026-07-17,NSE,ONGC,raw_l2/trade_date=2026-07-17/exchange=NSE/symbol=ONGC/part-053605_496542-015257.parquet,real_data_sample\l2_unseen_validation\trade_date=2026-07-17\exchange=NSE\symbol=ONGC\part-053605_496542-015257.parquet,34738,downloaded,34738,
2026-07-17,NSE,ONGC,raw_l2/trade_date=2026-07-17/exchange=NSE/symbol=ONGC/part-053510_188422-015129.parquet,real_data_sample\l2_unseen_validation\trade_date=2026-07-17\exchange=NSE\symbol=ONGC\part-053510_188422-015129.parquet,34660,downloaded,34660,
2026-07-17,NSE,ONGC,raw_l2/trade_date=2026-07-17/exchange=NSE/symbol=ONGC/part-053551_789553-015225.parquet,real_data_sample\l2_unseen_validation\trade_date=2026-07-17\exchange=NSE\symbol=ONGC\part-053551_789553-015225.parquet,34814,downloaded,34814,
2026-07-17,NSE,ONGC,raw_l2/trade_date=2026-07-17/exchange=NSE/symbol=ONGC/part-053456_125161-015097.parquet,real_data_sample\l2_unseen_validation\trade_date=2026-07-17\exchange=NSE\symbol=ONGC\part-053456_125161-015097.parquet,34735,downloaded,34735,
2026-07-17,NSE,ONGC,raw_l2/trade_date=2026-07-17/exchange=NSE/symbol=ONGC/part-053633_773114-015321.parquet,real_data_sample\l2_unseen_validation\trade_date=2026-07-17\exchange=NSE\symbol=ONGC\part-053633_773114-015321.parquet,34837,downloaded,34837,
2026-07-17,NSE,ONGC,raw_l2/trade_date=2026-07-17/exchange=NSE/symbol=ONGC/part-053647_699212-015353.parquet,real_data_sample\l2_unseen_validation\trade_date=2026-07-17\exchange=NSE\symbol=ONGC\part-053647_699212-015353.parquet,34747,downloaded,34747,
2026-07-17,NSE,ONGC,raw_l2/trade_date=2026-07-17/exchange=NSE/symbol=ONGC/part-053701_647846-015385.parquet,real_data_sample\l2_unseen_validation\trade_date=2026-07-17\exchange=NSE\symbol=ONGC\part-053701_647846-015385.parquet,34824,downloaded,34824,
2026-07-17,NSE,ONGC,raw_l2/trade_date=2026-07-17/exchange=NSE/symbol=ONGC/part-053729_464075-015449.parquet,real_data_sample\l2_unseen_validation\trade_date=2026-07-17\exchange=NSE\symbol=ONGC\part-053729_464075-015449.parquet,34840,downloaded,34840,
2026-07-17,NSE,ONGC,raw_l2/trade_date=2026-07-17/exchange=NSE/symbol=ONGC/part-053743_285236-015481.parquet,real_data_sample\l2_unseen_validation\trade_date=2026-07-17\exchange=NSE\symbol=ONGC\part-053743_285236-015481.parquet,34792,downloaded,34792,
2026-07-17,NSE,ONGC,raw_l2/trade_date=2026-07-17/exchange=NSE/symbol=ONGC/part-053715_596823-015417.parquet,real_data_sample\l2_unseen_validation\trade_date=2026-07-17\exchange=NSE\symbol=ONGC\part-053715_596823-015417.parquet,34715,downloaded,34715,
2026-07-17,NSE,ONGC,raw_l2/trade_date=2026-07-17/exchange=NSE/symbol=ONGC/part-053811_045010-015545.parquet,real_data_sample\l2_unseen_validation\trade_date=2026-07-17\exchange=NSE\symbol=ONGC\part-053811_045010-015545.parquet,34878,downloaded,34878,
2026-07-17,NSE,ONGC,raw_l2/trade_date=2026-07-17/exchange=NSE/symbol=ONGC/part-053757_197737-015513.parquet,real_data_sample\l2_unseen_validation\trade_date=2026-07-17\exchange=NSE\symbol=ONGC\part-053757_197737-015513.parquet,34802,downloaded,34802,
2026-07-17,NSE,ONGC,raw_l2/trade_date=2026-07-17/exchange=NSE/symbol=ONGC/part-053825_186889-015577.parquet,real_data_sample\l2_unseen_validation\trade_date=2026-07-17\exchange=NSE\symbol=ONGC\part-053825_186889-015577.parquet,35088,downloaded,35088,
2026-07-17,NSE,ONGC,raw_l2/trade_date=2026-07-17/exchange=NSE/symbol=ONGC/part-053619_537945-015289.parquet,real_data_sample\l2_unseen_validation\trade_date=2026-07-17\exchange=NSE\symbol=ONGC\part-053619_537945-015289.parquet,34771,downloaded,34771,
2026-07-17,NSE,ONGC,raw_l2/trade_date=2026-07-17/exchange=NSE/symbol=ONGC/part-053839_303958-015609.parquet,real_data_sample\l2_unseen_validation\trade_date=2026-07-17\exchange=NSE\symbol=ONGC\part-053839_303958-015609.parquet,35203,downloaded,35203,
2026-07-17,NSE,ONGC,raw_l2/trade_date=2026-07-17/exchange=NSE/symbol=ONGC/part-053934_982825-015737.parquet,real_data_sample\l2_unseen_validation\trade_date=2026-07-17\exchange=NSE\symbol=ONGC\part-053934_982825-015737.parquet,34958,downloaded,34958,
2026-07-17,NSE,ONGC,raw_l2/trade_date=2026-07-17/exchange=NSE/symbol=ONGC/part-053853_198606-015641.parquet,real_data_sample\l2_unseen_validation\trade_date=2026-07-17\exchange=NSE\symbol=ONGC\part-053853_198606-015641.parquet,35563,downloaded,35563,
2026-07-17,NSE,ONGC,raw_l2/trade_date=2026-07-17/exchange=NSE/symbol=ONGC/part-053921_052130-015705.parquet,real_data_sample\l2_unseen_validation\trade_date=2026-07-17\exchange=NSE\symbol=ONGC\part-053921_052130-015705.parquet,35237,downloaded,35237,
2026-07-17,NSE,ONGC,raw_l2/trade_date=2026-07-17/exchange=NSE/symbol=ONGC/part-053906_980835-015673.parquet,real_data_sample\l2_unseen_validation\trade_date=2026-07-17\exchange=NSE\symbol=ONGC\part-053906_980835-015673.parquet,35317,downloaded,35317,
2026-07-17,NSE,ONGC,raw_l2/trade_date=2026-07-17/exchange=NSE/symbol=ONGC/part-053948_768832-015769.parquet,real_data_sample\l2_unseen_validation\trade_date=2026-07-17\exchange=NSE\symbol=ONGC\part-053948_768832-015769.parquet,34844,downloaded,34844,
2026-07-17,NSE,ONGC,raw_l2/trade_date=2026-07-17/exchange=NSE/symbol=ONGC/part-054030_712061-015865.parquet,real_data_sample\l2_unseen_validation\trade_date=2026-07-17\exchange=NSE\symbol=ONGC\part-054030_712061-015865.parquet,34555,downloaded,34555,
2026-07-17,NSE,ONGC,raw_l2/trade_date=2026-07-17/exchange=NSE/symbol=ONGC/part-054139_963048-016025.parquet,real_data_sample\l2_unseen_validation\trade_date=2026-07-17\exchange=NSE\symbol=ONGC\part-054139_963048-016025.parquet,35427,downloaded,35427,
2026-07-17,NSE,ONGC,raw_l2/trade_date=2026-07-17/exchange=NSE/symbol=ONGC/part-054002_932399-015801.parquet,real_data_sample\l2_unseen_validation\trade_date=2026-07-17\exchange=NSE\symbol=ONGC\part-054002_932399-015801.parquet,34754,downloaded,34754,
2026-07-17,NSE,ONGC,raw_l2/trade_date=2026-07-17/exchange=NSE/symbol=ONGC/part-054044_611587-015897.parquet,real_data_sample\l2_unseen_validation\trade_date=2026-07-17\exchange=NSE\symbol=ONGC\part-054044_611587-015897.parquet,34502,downloaded,34502,
2026-07-17,NSE,ONGC,raw_l2/trade_date=2026-07-17/exchange=NSE/symbol=ONGC/part-054126_244832-015993.parquet,real_data_sample\l2_unseen_validation\trade_date=2026-07-17\exchange=NSE\symbol=ONGC\part-054126_244832-015993.parquet,35360,downloaded,35360,
2026-07-17,NSE,ONGC,raw_l2/trade_date=2026-07-17/exchange=NSE/symbol=ONGC/part-054153_802161-016057.parquet,real_data_sample\l2_unseen_validation\trade_date=2026-07-17\exchange=NSE\symbol=ONGC\part-054153_802161-016057.parquet,35428,downloaded,35428,
2026-07-17,NSE,ONGC,raw_l2/trade_date=2026-07-17/exchange=NSE/symbol=ONGC/part-054016_655102-015833.parquet,real_data_sample\l2_unseen_validation\trade_date=2026-07-17\exchange=NSE\symbol=ONGC\part-054016_655102-015833.parquet,35045,downloaded,35045,
2026-07-17,NSE,ONGC,raw_l2/trade_date=2026-07-17/exchange=NSE/symbol=ONGC/part-054112_481638-015961.parquet,real_data_sample\l2_unseen_validation\trade_date=2026-07-17\exchange=NSE\symbol=ONGC\part-054112_481638-015961.parquet,34499,downloaded,34499,
2026-07-17,NSE,ONGC,raw_l2/trade_date=2026-07-17/exchange=NSE/symbol=ONGC/part-054207_751584-016089.parquet,real_data_sample\l2_unseen_validation\trade_date=2026-07-17\exchange=NSE\symbol=ONGC\part-054207_751584-016089.parquet,35559,downloaded,35559,
2026-07-17,NSE,ONGC,raw_l2/trade_date=2026-07-17/exchange=NSE/symbol=ONGC/part-054058_549142-015929.parquet,real_data_sample\l2_unseen_validation\trade_date=2026-07-17\exchange=NSE\symbol=ONGC\part-054058_549142-015929.parquet,34730,downloaded,34730,
2026-07-17,NSE,ONGC,raw_l2/trade_date=2026-07-17/exchange=NSE/symbol=ONGC/part-054359_083113-016345.parquet,real_data_sample\l2_unseen_validation\trade_date=2026-07-17\exchange=NSE\symbol=ONGC\part-054359_083113-016345.parquet,35762,downloaded,35762,
2026-07-17,NSE,ONGC,raw_l2/trade_date=2026-07-17/exchange=NSE/symbol=ONGC/part-054331_341733-016281.parquet,real_data_sample\l2_unseen_validation\trade_date=2026-07-17\exchange=NSE\symbol=ONGC\part-054331_341733-016281.parquet,35088,downloaded,35088,
2026-07-17,NSE,ONGC,raw_l2/trade_date=2026-07-17/exchange=NSE/symbol=ONGC/part-054221_753455-016121.parquet,real_data_sample\l2_unseen_validation\trade_date=2026-07-17\exchange=NSE\symbol=ONGC\part-054221_753455-016121.parquet,34670,downloaded,34670,
2026-07-17,NSE,ONGC,raw_l2/trade_date=2026-07-17/exchange=NSE/symbol=ONGC/part-054345_209848-016313.parquet,real_data_sample\l2_unseen_validation\trade_date=2026-07-17\exchange=NSE\symbol=ONGC\part-054345_209848-016313.parquet,35474,downloaded,35474,
2026-07-17,NSE,ONGC,raw_l2/trade_date=2026-07-17/exchange=NSE/symbol=ONGC/part-054426_984842-016409.parquet,real_data_sample\l2_unseen_validation\trade_date=2026-07-17\exchange=NSE\symbol=ONGC\part-054426_984842-016409.parquet,34838,downloaded,34838,
2026-07-17,NSE,ONGC,raw_l2/trade_date=2026-07-17/exchange=NSE/symbol=ONGC/part-054413_072304-016377.parquet,real_data_sample\l2_unseen_validation\trade_date=2026-07-17\exchange=NSE\symbol=ONGC\part-054413_072304-016377.parquet,36013,downloaded,36013,
2026-07-17,NSE,ONGC,raw_l2/trade_date=2026-07-17/exchange=NSE/symbol=ONGC/part-054235_502389-016153.parquet,real_data_sample\l2_unseen_validation\trade_date=2026-07-17\exchange=NSE\symbol=ONGC\part-054235_502389-016153.parquet,34714,downloaded,34714,
2026-07-17,NSE,ONGC,raw_l2/trade_date=2026-07-17/exchange=NSE/symbol=ONGC/part-054249_555516-016185.parquet,real_data_sample\l2_unseen_validation\trade_date=2026-07-17\exchange=NSE\symbol=ONGC\part-054249_555516-016185.parquet,34651,downloaded,34651,
2026-07-17,NSE,ONGC,raw_l2/trade_date=2026-07-17/exchange=NSE/symbol=ONGC/part-054317_477157-016249.parquet,real_data_sample\l2_unseen_validation\trade_date=2026-07-17\exchange=NSE\symbol=ONGC\part-054317_477157-016249.parquet,34827,downloaded,34827,
2026-07-17,NSE,ONGC,raw_l2/trade_date=2026-07-17/exchange=NSE/symbol=ONGC/part-054454_755198-016473.parquet,real_data_sample\l2_unseen_validation\trade_date=2026-07-17\exchange=NSE\symbol=ONGC\part-054454_755198-016473.parquet,34943,downloaded,34943,
2026-07-17,NSE,ONGC,raw_l2/trade_date=2026-07-17/exchange=NSE/symbol=ONGC/part-054303_559207-016217.parquet,real_data_sample\l2_unseen_validation\trade_date=2026-07-17\exchange=NSE\symbol=ONGC\part-054303_559207-016217.parquet,34570,downloaded,34570,
2026-07-17,NSE,ONGC,raw_l2/trade_date=2026-07-17/exchange=NSE/symbol=ONGC/part-054508_516099-016505.parquet,real_data_sample\l2_unseen_validation\trade_date=2026-07-17\exchange=NSE\symbol=ONGC\part-054508_516099-016505.parquet,34722,downloaded,34722,
2026-07-17,NSE,ONGC,raw_l2/trade_date=2026-07-17/exchange=NSE/symbol=ONGC/part-054440_764322-016441.parquet,real_data_sample\l2_unseen_validation\trade_date=2026-07-17\exchange=NSE\symbol=ONGC\part-054440_764322-016441.parquet,34682,downloaded,34682,
2026-07-17,NSE,ONGC,raw_l2/trade_date=2026-07-17/exchange=NSE/symbol=ONGC/part-054522_464971-016537.parquet,real_data_sample\l2_unseen_validation\trade_date=2026-07-17\exchange=NSE\symbol=ONGC\part-054522_464971-016537.parquet,35419,downloaded,35419,
2026-07-17,NSE,ONGC,raw_l2/trade_date=2026-07-17/exchange=NSE/symbol=ONGC/part-054536_315245-016569.parquet,real_data_sample\l2_unseen_validation\trade_date=2026-07-17\exchange=NSE\symbol=ONGC\part-054536_315245-016569.parquet,35778,downloaded,35778,
2026-07-17,NSE,ONGC,raw_l2/trade_date=2026-07-17/exchange=NSE/symbol=ONGC/part-054550_281038-016601.parquet,real_data_sample\l2_unseen_validation\trade_date=2026-07-17\exchange=NSE\symbol=ONGC\part-054550_281038-016601.parquet,35432,downloaded,35432,
2026-07-17,NSE,ONGC,raw_l2/trade_date=2026-07-17/exchange=NSE/symbol=ONGC/part-054604_093545-016633.parquet,real_data_sample\l2_unseen_validation\trade_date=2026-07-17\exchange=NSE\symbol=ONGC\part-054604_093545-016633.parquet,35656,downloaded,35656,
2026-07-17,NSE,ONGC,raw_l2/trade_date=2026-07-17/exchange=NSE/symbol=ONGC/part-054617_974200-016665.parquet,real_data_sample\l2_unseen_validation\trade_date=2026-07-17\exchange=NSE\symbol=ONGC\part-054617_974200-016665.parquet,34799,downloaded,34799,
2026-07-17,NSE,ONGC,raw_l2/trade_date=2026-07-17/exchange=NSE/symbol=ONGC/part-054659_400009-016761.parquet,real_data_sample\l2_unseen_validation\trade_date=2026-07-17\exchange=NSE\symbol=ONGC\part-054659_400009-016761.parquet,34726,downloaded,34726,
2026-07-17,NSE,ONGC,raw_l2/trade_date=2026-07-17/exchange=NSE/symbol=ONGC/part-054645_521930-016729.parquet,real_data_sample\l2_unseen_validation\trade_date=2026-07-17\exchange=NSE\symbol=ONGC\part-054645_521930-016729.parquet,34684,downloaded,34684,
2026-07-17,NSE,ONGC,raw_l2/trade_date=2026-07-17/exchange=NSE/symbol=ONGC/part-054631_716681-016697.parquet,real_data_sample\l2_unseen_validation\trade_date=2026-07-17\exchange=NSE\symbol=ONGC\part-054631_716681-016697.parquet,34821,downloaded,34821,
2026-07-17,NSE,ONGC,raw_l2/trade_date=2026-07-17/exchange=NSE/symbol=ONGC/part-054809_869846-016921.parquet,real_data_sample\l2_unseen_validation\trade_date=2026-07-17\exchange=NSE\symbol=ONGC\part-054809_869846-016921.parquet,34549,downloaded,34549,
2026-07-17,NSE,ONGC,raw_l2/trade_date=2026-07-17/exchange=NSE/symbol=ONGC/part-054741_751790-016857.parquet,real_data_sample\l2_unseen_validation\trade_date=2026-07-17\exchange=NSE\symbol=ONGC\part-054741_751790-016857.parquet,34750,downloaded,34750,
2026-07-17,NSE,ONGC,raw_l2/trade_date=2026-07-17/exchange=NSE/symbol=ONGC/part-054727_668812-016825.parquet,real_data_sample\l2_unseen_validation\trade_date=2026-07-17\exchange=NSE\symbol=ONGC\part-054727_668812-016825.parquet,34986,downloaded,34986,
2026-07-17,NSE,ONGC,raw_l2/trade_date=2026-07-17/exchange=NSE/symbol=ONGC/part-054824_113259-016953.parquet,real_data_sample\l2_unseen_validation\trade_date=2026-07-17\exchange=NSE\symbol=ONGC\part-054824_113259-016953.parquet,34722,downloaded,34722,
2026-07-17,NSE,ONGC,raw_l2/trade_date=2026-07-17/exchange=NSE/symbol=ONGC/part-054713_503282-016793.parquet,real_data_sample\l2_unseen_validation\trade_date=2026-07-17\exchange=NSE\symbol=ONGC\part-054713_503282-016793.parquet,34869,downloaded,34869,
2026-07-17,NSE,ONGC,raw_l2/trade_date=2026-07-17/exchange=NSE/symbol=ONGC/part-054755_886391-016889.parquet,real_data_sample\l2_unseen_validation\trade_date=2026-07-17\exchange=NSE\symbol=ONGC\part-054755_886391-016889.parquet,34752,downloaded,34752,
2026-07-17,NSE,ONGC,raw_l2/trade_date=2026-07-17/exchange=NSE/symbol=ONGC/part-054852_475688-017017.parquet,real_data_sample\l2_unseen_validation\trade_date=2026-07-17\exchange=NSE\symbol=ONGC\part-054852_475688-017017.parquet,34730,downloaded,34730,
2026-07-17,NSE,ONGC,raw_l2/trade_date=2026-07-17/exchange=NSE/symbol=ONGC/part-054906_492143-017049.parquet,real_data_sample\l2_unseen_validation\trade_date=2026-07-17\exchange=NSE\symbol=ONGC\part-054906_492143-017049.parquet,34736,downloaded,34736,
2026-07-17,NSE,ONGC,raw_l2/trade_date=2026-07-17/exchange=NSE/symbol=ONGC/part-054838_390948-016985.parquet,real_data_sample\l2_unseen_validation\trade_date=2026-07-17\exchange=NSE\symbol=ONGC\part-054838_390948-016985.parquet,34860,downloaded,34860,
2026-07-17,NSE,ONGC,raw_l2/trade_date=2026-07-17/exchange=NSE/symbol=ONGC/part-055229_534900-017497.parquet,real_data_sample\l2_unseen_validation\trade_date=2026-07-17\exchange=NSE\symbol=ONGC\part-055229_534900-017497.parquet,34819,downloaded,34819,
2026-07-17,NSE,ONGC,raw_l2/trade_date=2026-07-17/exchange=NSE/symbol=ONGC/part-055215_015202-017465.parquet,real_data_sample\l2_unseen_validation\trade_date=2026-07-17\exchange=NSE\symbol=ONGC\part-055215_015202-017465.parquet,34786,downloaded,34786,
2026-07-17,NSE,ONGC,raw_l2/trade_date=2026-07-17/exchange=NSE/symbol=ONGC/part-054949_394269-017145.parquet,real_data_sample\l2_unseen_validation\trade_date=2026-07-17\exchange=NSE\symbol=ONGC\part-054949_394269-017145.parquet,34741,downloaded,34741,
2026-07-17,NSE,ONGC,raw_l2/trade_date=2026-07-17/exchange=NSE/symbol=ONGC/part-055131_239728-017369.parquet,real_data_sample\l2_unseen_validation\trade_date=2026-07-17\exchange=NSE\symbol=ONGC\part-055131_239728-017369.parquet,34897,downloaded,34897,
2026-07-17,NSE,ONGC,raw_l2/trade_date=2026-07-17/exchange=NSE/symbol=ONGC/part-055018_273907-017209.parquet,real_data_sample\l2_unseen_validation\trade_date=2026-07-17\exchange=NSE\symbol=ONGC\part-055018_273907-017209.parquet,34643,downloaded,34643,
2026-07-17,NSE,ONGC,raw_l2/trade_date=2026-07-17/exchange=NSE/symbol=ONGC/part-055032_465340-017241.parquet,real_data_sample\l2_unseen_validation\trade_date=2026-07-17\exchange=NSE\symbol=ONGC\part-055032_465340-017241.parquet,34701,downloaded,34701,
2026-07-17,NSE,ONGC,raw_l2/trade_date=2026-07-17/exchange=NSE/symbol=ONGC/part-055116_154146-017337.parquet,real_data_sample\l2_unseen_validation\trade_date=2026-07-17\exchange=NSE\symbol=ONGC\part-055116_154146-017337.parquet,34842,downloaded,34842,
2026-07-17,NSE,ONGC,raw_l2/trade_date=2026-07-17/exchange=NSE/symbol=ONGC/part-054920_797162-017081.parquet,real_data_sample\l2_unseen_validation\trade_date=2026-07-17\exchange=NSE\symbol=ONGC\part-054920_797162-017081.parquet,34985,downloaded,34985,
2026-07-17,NSE,ONGC,raw_l2/trade_date=2026-07-17/exchange=NSE/symbol=ONGC/part-055145_855969-017401.parquet,real_data_sample\l2_unseen_validation\trade_date=2026-07-17\exchange=NSE\symbol=ONGC\part-055145_855969-017401.parquet,34809,downloaded,34809,
2026-07-17,NSE,ONGC,raw_l2/trade_date=2026-07-17/exchange=NSE/symbol=ONGC/part-054935_129343-017113.parquet,real_data_sample\l2_unseen_validation\trade_date=2026-07-17\exchange=NSE\symbol=ONGC\part-054935_129343-017113.parquet,34730,downloaded,34730,
2026-07-17,NSE,ONGC,raw_l2/trade_date=2026-07-17/exchange=NSE/symbol=ONGC/part-055313_462696-017593.parquet,real_data_sample\l2_unseen_validation\trade_date=2026-07-17\exchange=NSE\symbol=ONGC\part-055313_462696-017593.parquet,34794,downloaded,34794,
2026-07-17,NSE,ONGC,raw_l2/trade_date=2026-07-17/exchange=NSE/symbol=ONGC/part-055101_745840-017305.parquet,real_data_sample\l2_unseen_validation\trade_date=2026-07-17\exchange=NSE\symbol=ONGC\part-055101_745840-017305.parquet,35000,downloaded,35000,
2026-07-17,NSE,ONGC,raw_l2/trade_date=2026-07-17/exchange=NSE/symbol=ONGC/part-055047_080698-017273.parquet,real_data_sample\l2_unseen_validation\trade_date=2026-07-17\exchange=NSE\symbol=ONGC\part-055047_080698-017273.parquet,34897,downloaded,34897,
2026-07-17,NSE,ONGC,raw_l2/trade_date=2026-07-17/exchange=NSE/symbol=ONGC/part-055004_076680-017177.parquet,real_data_sample\l2_unseen_validation\trade_date=2026-07-17\exchange=NSE\symbol=ONGC\part-055004_076680-017177.parquet,34631,downloaded,34631,
2026-07-17,NSE,ONGC,raw_l2/trade_date=2026-07-17/exchange=NSE/symbol=ONGC/part-055200_638829-017433.parquet,real_data_sample\l2_unseen_validation\trade_date=2026-07-17\exchange=NSE\symbol=ONGC\part-055200_638829-017433.parquet,34788,downloaded,34788,
2026-07-17,NSE,ONGC,raw_l2/trade_date=2026-07-17/exchange=NSE/symbol=ONGC/part-055244_561778-017529.parquet,real_data_sample\l2_unseen_validation\trade_date=2026-07-17\exchange=NSE\symbol=ONGC\part-055244_561778-017529.parquet,34836,downloaded,34836,
2026-07-17,NSE,ONGC,raw_l2/trade_date=2026-07-17/exchange=NSE/symbol=ONGC/part-055259_051981-017561.parquet,real_data_sample\l2_unseen_validation\trade_date=2026-07-17\exchange=NSE\symbol=ONGC\part-055259_051981-017561.parquet,34861,downloaded,34861,
2026-07-17,NSE,ONGC,raw_l2/trade_date=2026-07-17/exchange=NSE/symbol=ONGC/part-055342_058106-017657.parquet,real_data_sample\l2_unseen_validation\trade_date=2026-07-17\exchange=NSE\symbol=ONGC\part-055342_058106-017657.parquet,34811,downloaded,34811,
2026-07-17,NSE,ONGC,raw_l2/trade_date=2026-07-17/exchange=NSE/symbol=ONGC/part-055327_427756-017625.parquet,real_data_sample\l2_unseen_validation\trade_date=2026-07-17\exchange=NSE\symbol=ONGC\part-055327_427756-017625.parquet,34647,downloaded,34647,
2026-07-17,NSE,ONGC,raw_l2/trade_date=2026-07-17/exchange=NSE/symbol=ONGC/part-055410_545653-017721.parquet,real_data_sample\l2_unseen_validation\trade_date=2026-07-17\exchange=NSE\symbol=ONGC\part-055410_545653-017721.parquet,34669,downloaded,34669,
2026-07-17,NSE,ONGC,raw_l2/trade_date=2026-07-17/exchange=NSE/symbol=ONGC/part-055356_349235-017689.parquet,real_data_sample\l2_unseen_validation\trade_date=2026-07-17\exchange=NSE\symbol=ONGC\part-055356_349235-017689.parquet,34568,downloaded,34568,
2026-07-17,NSE,ONGC,raw_l2/trade_date=2026-07-17/exchange=NSE/symbol=ONGC/part-055424_615652-017753.parquet,real_data_sample\l2_unseen_validation\trade_date=2026-07-17\exchange=NSE\symbol=ONGC\part-055424_615652-017753.parquet,35460,downloaded,35460,
2026-07-17,NSE,ONGC,raw_l2/trade_date=2026-07-17/exchange=NSE/symbol=ONGC/part-055506_765309-017849.parquet,real_data_sample\l2_unseen_validation\trade_date=2026-07-17\exchange=NSE\symbol=ONGC\part-055506_765309-017849.parquet,35460,downloaded,35460,
2026-07-17,NSE,ONGC,raw_l2/trade_date=2026-07-17/exchange=NSE/symbol=ONGC/part-055452_628984-017817.parquet,real_data_sample\l2_unseen_validation\trade_date=2026-07-17\exchange=NSE\symbol=ONGC\part-055452_628984-017817.parquet,35719,downloaded,35719,
2026-07-17,NSE,ONGC,raw_l2/trade_date=2026-07-17/exchange=NSE/symbol=ONGC/part-055520_651095-017881.parquet,real_data_sample\l2_unseen_validation\trade_date=2026-07-17\exchange=NSE\symbol=ONGC\part-055520_651095-017881.parquet,35192,downloaded,35192,
2026-07-17,NSE,ONGC,raw_l2/trade_date=2026-07-17/exchange=NSE/symbol=ONGC/part-055616_913852-018009.parquet,real_data_sample\l2_unseen_validation\trade_date=2026-07-17\exchange=NSE\symbol=ONGC\part-055616_913852-018009.parquet,35494,downloaded,35494,
2026-07-17,NSE,ONGC,raw_l2/trade_date=2026-07-17/exchange=NSE/symbol=ONGC/part-055534_690380-017913.parquet,real_data_sample\l2_unseen_validation\trade_date=2026-07-17\exchange=NSE\symbol=ONGC\part-055534_690380-017913.parquet,35019,downloaded,35019,
2026-07-17,NSE,ONGC,raw_l2/trade_date=2026-07-17/exchange=NSE/symbol=ONGC/part-055438_620271-017785.parquet,real_data_sample\l2_unseen_validation\trade_date=2026-07-17\exchange=NSE\symbol=ONGC\part-055438_620271-017785.parquet,35524,downloaded,35524,
2026-07-17,NSE,ONGC,raw_l2/trade_date=2026-07-17/exchange=NSE/symbol=ONGC/part-055631_014464-018041.parquet,real_data_sample\l2_unseen_validation\trade_date=2026-07-17\exchange=NSE\symbol=ONGC\part-055631_014464-018041.parquet,34536,downloaded,34536,
2026-07-17,NSE,ONGC,raw_l2/trade_date=2026-07-17/exchange=NSE/symbol=ONGC/part-055645_193275-018073.parquet,real_data_sample\l2_unseen_validation\trade_date=2026-07-17\exchange=NSE\symbol=ONGC\part-055645_193275-018073.parquet,34808,downloaded,34808,
2026-07-17,NSE,ONGC,raw_l2/trade_date=2026-07-17/exchange=NSE/symbol=ONGC/part-055548_645482-017945.parquet,real_data_sample\l2_unseen_validation\trade_date=2026-07-17\exchange=NSE\symbol=ONGC\part-055548_645482-017945.parquet,35139,downloaded,35139,
2026-07-17,NSE,ONGC,raw_l2/trade_date=2026-07-17/exchange=NSE/symbol=ONGC/part-055602_891141-017977.parquet,real_data_sample\l2_unseen_validation\trade_date=2026-07-17\exchange=NSE\symbol=ONGC\part-055602_891141-017977.parquet,35039,downloaded,35039,
2026-07-17,NSE,ONGC,raw_l2/trade_date=2026-07-17/exchange=NSE/symbol=ONGC/part-055659_215483-018105.parquet,real_data_sample\l2_unseen_validation\trade_date=2026-07-17\exchange=NSE\symbol=ONGC\part-055659_215483-018105.parquet,34656,downloaded,34656,
2026-07-17,NSE,ONGC,raw_l2/trade_date=2026-07-17/exchange=NSE/symbol=ONGC/part-055727_284965-018169.parquet,real_data_sample\l2_unseen_validation\trade_date=2026-07-17\exchange=NSE\symbol=ONGC\part-055727_284965-018169.parquet,34517,downloaded,34517,
2026-07-17,NSE,ONGC,raw_l2/trade_date=2026-07-17/exchange=NSE/symbol=ONGC/part-060100_086533-018649.parquet,real_data_sample\l2_unseen_validation\trade_date=2026-07-17\exchange=NSE\symbol=ONGC\part-060100_086533-018649.parquet,34582,downloaded,34582,
2026-07-17,NSE,ONGC,raw_l2/trade_date=2026-07-17/exchange=NSE/symbol=ONGC/part-055920_313145-018425.parquet,real_data_sample\l2_unseen_validation\trade_date=2026-07-17\exchange=NSE\symbol=ONGC\part-055920_313145-018425.parquet,34674,downloaded,34674,
2026-07-17,NSE,ONGC,raw_l2/trade_date=2026-07-17/exchange=NSE/symbol=ONGC/part-055948_651424-018489.parquet,real_data_sample\l2_unseen_validation\trade_date=2026-07-17\exchange=NSE\symbol=ONGC\part-055948_651424-018489.parquet,34749,downloaded,34749,
2026-07-17,NSE,ONGC,raw_l2/trade_date=2026-07-17/exchange=NSE/symbol=ONGC/part-055934_459540-018457.parquet,real_data_sample\l2_unseen_validation\trade_date=2026-07-17\exchange=NSE\symbol=ONGC\part-055934_459540-018457.parquet,34665,downloaded,34665,
2026-07-17,NSE,ONGC,raw_l2/trade_date=2026-07-17/exchange=NSE/symbol=ONGC/part-055809_439905-018265.parquet,real_data_sample\l2_unseen_validation\trade_date=2026-07-17\exchange=NSE\symbol=ONGC\part-055809_439905-018265.parquet,34751,downloaded,34751,
2026-07-17,NSE,ONGC,raw_l2/trade_date=2026-07-17/exchange=NSE/symbol=ONGC/part-060003_325179-018521.parquet,real_data_sample\l2_unseen_validation\trade_date=2026-07-17\exchange=NSE\symbol=ONGC\part-060003_325179-018521.parquet,34803,downloaded,34803,
2026-07-17,NSE,ONGC,raw_l2/trade_date=2026-07-17/exchange=NSE/symbol=ONGC/part-060017_466746-018553.parquet,real_data_sample\l2_unseen_validation\trade_date=2026-07-17\exchange=NSE\symbol=ONGC\part-060017_466746-018553.parquet,34797,downloaded,34797,
2026-07-17,NSE,ONGC,raw_l2/trade_date=2026-07-17/exchange=NSE/symbol=ONGC/part-055837_818644-018329.parquet,real_data_sample\l2_unseen_validation\trade_date=2026-07-17\exchange=NSE\symbol=ONGC\part-055837_818644-018329.parquet,34689,downloaded,34689,
2026-07-17,NSE,ONGC,raw_l2/trade_date=2026-07-17/exchange=NSE/symbol=ONGC/part-055852_095502-018361.parquet,real_data_sample\l2_unseen_validation\trade_date=2026-07-17\exchange=NSE\symbol=ONGC\part-055852_095502-018361.parquet,34660,downloaded,34660,
2026-07-17,NSE,ONGC,raw_l2/trade_date=2026-07-17/exchange=NSE/symbol=ONGC/part-055741_453385-018201.parquet,real_data_sample\l2_unseen_validation\trade_date=2026-07-17\exchange=NSE\symbol=ONGC\part-055741_453385-018201.parquet,34863,downloaded,34863,
2026-07-17,NSE,ONGC,raw_l2/trade_date=2026-07-17/exchange=NSE/symbol=ONGC/part-055713_240752-018137.parquet,real_data_sample\l2_unseen_validation\trade_date=2026-07-17\exchange=NSE\symbol=ONGC\part-055713_240752-018137.parquet,34725,downloaded,34725,
2026-07-17,NSE,ONGC,raw_l2/trade_date=2026-07-17/exchange=NSE/symbol=ONGC/part-055755_481346-018233.parquet,real_data_sample\l2_unseen_validation\trade_date=2026-07-17\exchange=NSE\symbol=ONGC\part-055755_481346-018233.parquet,34610,downloaded,34610,
2026-07-17,NSE,ONGC,raw_l2/trade_date=2026-07-17/exchange=NSE/symbol=ONGC/part-060031_600047-018585.parquet,real_data_sample\l2_unseen_validation\trade_date=2026-07-17\exchange=NSE\symbol=ONGC\part-060031_600047-018585.parquet,34687,downloaded,34687,
2026-07-17,NSE,ONGC,raw_l2/trade_date=2026-07-17/exchange=NSE/symbol=ONGC/part-060045_808378-018617.parquet,real_data_sample\l2_unseen_validation\trade_date=2026-07-17\exchange=NSE\symbol=ONGC\part-060045_808378-018617.parquet,34738,downloaded,34738,
2026-07-17,NSE,ONGC,raw_l2/trade_date=2026-07-17/exchange=NSE/symbol=ONGC/part-060128_182589-018713.parquet,real_data_sample\l2_unseen_validation\trade_date=2026-07-17\exchange=NSE\symbol=ONGC\part-060128_182589-018713.parquet,34957,downloaded,34957,
2026-07-17,NSE,ONGC,raw_l2/trade_date=2026-07-17/exchange=NSE/symbol=ONGC/part-055823_549762-018297.parquet,real_data_sample\l2_unseen_validation\trade_date=2026-07-17\exchange=NSE\symbol=ONGC\part-055823_549762-018297.parquet,34867,downloaded,34867,
2026-07-17,NSE,ONGC,raw_l2/trade_date=2026-07-17/exchange=NSE/symbol=ONGC/part-060156_427349-018777.parquet,real_data_sample\l2_unseen_validation\trade_date=2026-07-17\exchange=NSE\symbol=ONGC\part-060156_427349-018777.parquet,34767,downloaded,34767,
2026-07-17,NSE,ONGC,raw_l2/trade_date=2026-07-17/exchange=NSE/symbol=ONGC/part-060114_190015-018681.parquet,real_data_sample\l2_unseen_validation\trade_date=2026-07-17\exchange=NSE\symbol=ONGC\part-060114_190015-018681.parquet,34892,downloaded,34892,
2026-07-17,NSE,ONGC,raw_l2/trade_date=2026-07-17/exchange=NSE/symbol=ONGC/part-060142_361944-018745.parquet,real_data_sample\l2_unseen_validation\trade_date=2026-07-17\exchange=NSE\symbol=ONGC\part-060142_361944-018745.parquet,34682,downloaded,34682,
2026-07-17,NSE,ONGC,raw_l2/trade_date=2026-07-17/exchange=NSE/symbol=ONGC/part-060210_540162-018809.parquet,real_data_sample\l2_unseen_validation\trade_date=2026-07-17\exchange=NSE\symbol=ONGC\part-060210_540162-018809.parquet,34792,downloaded,34792,
2026-07-17,NSE,ONGC,raw_l2/trade_date=2026-07-17/exchange=NSE/symbol=ONGC/part-060224_704116-018841.parquet,real_data_sample\l2_unseen_validation\trade_date=2026-07-17\exchange=NSE\symbol=ONGC\part-060224_704116-018841.parquet,35326,downloaded,35326,
2026-07-17,NSE,ONGC,raw_l2/trade_date=2026-07-17/exchange=NSE/symbol=ONGC/part-060238_704748-018873.parquet,real_data_sample\l2_unseen_validation\trade_date=2026-07-17\exchange=NSE\symbol=ONGC\part-060238_704748-018873.parquet,35188,downloaded,35188,
2026-07-17,NSE,ONGC,raw_l2/trade_date=2026-07-17/exchange=NSE/symbol=ONGC/part-060348_903431-019033.parquet,real_data_sample\l2_unseen_validation\trade_date=2026-07-17\exchange=NSE\symbol=ONGC\part-060348_903431-019033.parquet,34601,downloaded,34601,
2026-07-17,NSE,ONGC,raw_l2/trade_date=2026-07-17/exchange=NSE/symbol=ONGC/part-060252_801240-018905.parquet,real_data_sample\l2_unseen_validation\trade_date=2026-07-17\exchange=NSE\symbol=ONGC\part-060252_801240-018905.parquet,35461,downloaded,35461,
2026-07-17,NSE,ONGC,raw_l2/trade_date=2026-07-17/exchange=NSE/symbol=ONGC/part-060306_906052-018937.parquet,real_data_sample\l2_unseen_validation\trade_date=2026-07-17\exchange=NSE\symbol=ONGC\part-060306_906052-018937.parquet,35635,downloaded,35635,
2026-07-17,NSE,ONGC,raw_l2/trade_date=2026-07-17/exchange=NSE/symbol=ONGC/part-060402_850306-019065.parquet,real_data_sample\l2_unseen_validation\trade_date=2026-07-17\exchange=NSE\symbol=ONGC\part-060402_850306-019065.parquet,34717,downloaded,34717,
2026-07-17,NSE,ONGC,raw_l2/trade_date=2026-07-17/exchange=NSE/symbol=ONGC/part-060334_957580-019001.parquet,real_data_sample\l2_unseen_validation\trade_date=2026-07-17\exchange=NSE\symbol=ONGC\part-060334_957580-019001.parquet,34376,downloaded,34376,
2026-07-17,NSE,ONGC,raw_l2/trade_date=2026-07-17/exchange=NSE/symbol=ONGC/part-060320_975729-018969.parquet,real_data_sample\l2_unseen_validation\trade_date=2026-07-17\exchange=NSE\symbol=ONGC\part-060320_975729-018969.parquet,34708,downloaded,34708,
2026-07-17,NSE,ONGC,raw_l2/trade_date=2026-07-17/exchange=NSE/symbol=ONGC/part-060431_438682-019129.parquet,real_data_sample\l2_unseen_validation\trade_date=2026-07-17\exchange=NSE\symbol=ONGC\part-060431_438682-019129.parquet,34639,downloaded,34639,
2026-07-17,NSE,ONGC,raw_l2/trade_date=2026-07-17/exchange=NSE/symbol=ONGC/part-060417_023389-019097.parquet,real_data_sample\l2_unseen_validation\trade_date=2026-07-17\exchange=NSE\symbol=ONGC\part-060417_023389-019097.parquet,34614,downloaded,34614,
2026-07-17,NSE,ONGC,raw_l2/trade_date=2026-07-17/exchange=NSE/symbol=ONGC/part-060459_624392-019193.parquet,real_data_sample\l2_unseen_validation\trade_date=2026-07-17\exchange=NSE\symbol=ONGC\part-060459_624392-019193.parquet,34561,downloaded,34561,
2026-07-17,NSE,ONGC,raw_l2/trade_date=2026-07-17/exchange=NSE/symbol=ONGC/part-060513_681662-019225.parquet,real_data_sample\l2_unseen_validation\trade_date=2026-07-17\exchange=NSE\symbol=ONGC\part-060513_681662-019225.parquet,34679,downloaded,34679,
2026-07-17,NSE,ONGC,raw_l2/trade_date=2026-07-17/exchange=NSE/symbol=ONGC/part-060445_679307-019161.parquet,real_data_sample\l2_unseen_validation\trade_date=2026-07-17\exchange=NSE\symbol=ONGC\part-060445_679307-019161.parquet,34603,downloaded,34603,
2026-07-17,NSE,ONGC,raw_l2/trade_date=2026-07-17/exchange=NSE/symbol=ONGC/part-060527_825900-019257.parquet,real_data_sample\l2_unseen_validation\trade_date=2026-07-17\exchange=NSE\symbol=ONGC\part-060527_825900-019257.parquet,34519,downloaded,34519,
2026-07-17,NSE,ONGC,raw_l2/trade_date=2026-07-17/exchange=NSE/symbol=ONGC/part-060945_164978-019833.parquet,real_data_sample\l2_unseen_validation\trade_date=2026-07-17\exchange=NSE\symbol=ONGC\part-060945_164978-019833.parquet,34473,downloaded,34473,
2026-07-17,NSE,ONGC,raw_l2/trade_date=2026-07-17/exchange=NSE/symbol=ONGC/part-060819_269035-019641.parquet,real_data_sample\l2_unseen_validation\trade_date=2026-07-17\exchange=NSE\symbol=ONGC\part-060819_269035-019641.parquet,34754,downloaded,34754,
2026-07-17,NSE,ONGC,raw_l2/trade_date=2026-07-17/exchange=NSE/symbol=ONGC/part-060847_976065-019705.parquet,real_data_sample\l2_unseen_validation\trade_date=2026-07-17\exchange=NSE\symbol=ONGC\part-060847_976065-019705.parquet,34920,downloaded,34920,
2026-07-17,NSE,ONGC,raw_l2/trade_date=2026-07-17/exchange=NSE/symbol=ONGC/part-060959_487872-019865.parquet,real_data_sample\l2_unseen_validation\trade_date=2026-07-17\exchange=NSE\symbol=ONGC\part-060959_487872-019865.parquet,34929,downloaded,34929,
2026-07-17,NSE,ONGC,raw_l2/trade_date=2026-07-17/exchange=NSE/symbol=ONGC/part-060833_773602-019673.parquet,real_data_sample\l2_unseen_validation\trade_date=2026-07-17\exchange=NSE\symbol=ONGC\part-060833_773602-019673.parquet,34732,downloaded,34732,
2026-07-17,NSE,ONGC,raw_l2/trade_date=2026-07-17/exchange=NSE/symbol=ONGC/part-060637_635882-019417.parquet,real_data_sample\l2_unseen_validation\trade_date=2026-07-17\exchange=NSE\symbol=ONGC\part-060637_635882-019417.parquet,35616,downloaded,35616,
2026-07-17,NSE,ONGC,raw_l2/trade_date=2026-07-17/exchange=NSE/symbol=ONGC/part-060555_899957-019321.parquet,real_data_sample\l2_unseen_validation\trade_date=2026-07-17\exchange=NSE\symbol=ONGC\part-060555_899957-019321.parquet,34955,downloaded,34955,
2026-07-17,NSE,ONGC,raw_l2/trade_date=2026-07-17/exchange=NSE/symbol=ONGC/part-060541_916677-019289.parquet,real_data_sample\l2_unseen_validation\trade_date=2026-07-17\exchange=NSE\symbol=ONGC\part-060541_916677-019289.parquet,34682,downloaded,34682,
2026-07-17,NSE,ONGC,raw_l2/trade_date=2026-07-17/exchange=NSE/symbol=ONGC/part-061013_835162-019897.parquet,real_data_sample\l2_unseen_validation\trade_date=2026-07-17\exchange=NSE\symbol=ONGC\part-061013_835162-019897.parquet,34542,downloaded,34542,
2026-07-17,NSE,ONGC,raw_l2/trade_date=2026-07-17/exchange=NSE/symbol=ONGC/part-060804_735429-019609.parquet,real_data_sample\l2_unseen_validation\trade_date=2026-07-17\exchange=NSE\symbol=ONGC\part-060804_735429-019609.parquet,34727,downloaded,34727,
2026-07-17,NSE,ONGC,raw_l2/trade_date=2026-07-17/exchange=NSE/symbol=ONGC/part-061028_091315-019929.parquet,real_data_sample\l2_unseen_validation\trade_date=2026-07-17\exchange=NSE\symbol=ONGC\part-061028_091315-019929.parquet,34486,downloaded,34486,
2026-07-17,NSE,ONGC,raw_l2/trade_date=2026-07-17/exchange=NSE/symbol=ONGC/part-060748_868337-019577.parquet,real_data_sample\l2_unseen_validation\trade_date=2026-07-17\exchange=NSE\symbol=ONGC\part-060748_868337-019577.parquet,34802,downloaded,34802,
2026-07-17,NSE,ONGC,raw_l2/trade_date=2026-07-17/exchange=NSE/symbol=ONGC/part-060916_276940-019769.parquet,real_data_sample\l2_unseen_validation\trade_date=2026-07-17\exchange=NSE\symbol=ONGC\part-060916_276940-019769.parquet,34589,downloaded,34589,
2026-07-17,NSE,ONGC,raw_l2/trade_date=2026-07-17/exchange=NSE/symbol=ONGC/part-060609_791997-019353.parquet,real_data_sample\l2_unseen_validation\trade_date=2026-07-17\exchange=NSE\symbol=ONGC\part-060609_791997-019353.parquet,35025,downloaded,35025,
2026-07-17,NSE,ONGC,raw_l2/trade_date=2026-07-17/exchange=NSE/symbol=ONGC/part-060930_936780-019801.parquet,real_data_sample\l2_unseen_validation\trade_date=2026-07-17\exchange=NSE\symbol=ONGC\part-060930_936780-019801.parquet,34636,downloaded,34636,
2026-07-17,NSE,ONGC,raw_l2/trade_date=2026-07-17/exchange=NSE/symbol=ONGC/part-060623_604178-019385.parquet,real_data_sample\l2_unseen_validation\trade_date=2026-07-17\exchange=NSE\symbol=ONGC\part-060623_604178-019385.parquet,35598,downloaded,35598,
2026-07-17,NSE,ONGC,raw_l2/trade_date=2026-07-17/exchange=NSE/symbol=ONGC/part-060902_238524-019737.parquet,real_data_sample\l2_unseen_validation\trade_date=2026-07-17\exchange=NSE\symbol=ONGC\part-060902_238524-019737.parquet,34879,downloaded,34879,
2026-07-17,NSE,ONGC,raw_l2/trade_date=2026-07-17/exchange=NSE/symbol=ONGC/part-061042_413181-019961.parquet,real_data_sample\l2_unseen_validation\trade_date=2026-07-17\exchange=NSE\symbol=ONGC\part-061042_413181-019961.parquet,34716,downloaded,34716,
2026-07-17,NSE,ONGC,raw_l2/trade_date=2026-07-17/exchange=NSE/symbol=ONGC/part-061111_229346-020025.parquet,real_data_sample\l2_unseen_validation\trade_date=2026-07-17\exchange=NSE\symbol=ONGC\part-061111_229346-020025.parquet,34709,downloaded,34709,
2026-07-17,NSE,ONGC,raw_l2/trade_date=2026-07-17/exchange=NSE/symbol=ONGC/part-055906_223685-018393.parquet,real_data_sample\l2_unseen_validation\trade_date=2026-07-17\exchange=NSE\symbol=ONGC\part-055906_223685-018393.parquet,34702,downloaded,34702,
2026-07-17,NSE,ONGC,raw_l2/trade_date=2026-07-17/exchange=NSE/symbol=ONGC/part-061140_051324-020089.parquet,real_data_sample\l2_unseen_validation\trade_date=2026-07-17\exchange=NSE\symbol=ONGC\part-061140_051324-020089.parquet,35733,downloaded,35733,
2026-07-17,NSE,ONGC,raw_l2/trade_date=2026-07-17/exchange=NSE/symbol=ONGC/part-060705_869842-019481.parquet,real_data_sample\l2_unseen_validation\trade_date=2026-07-17\exchange=NSE\symbol=ONGC\part-060705_869842-019481.parquet,35467,downloaded,35467,
2026-07-17,NSE,ONGC,raw_l2/trade_date=2026-07-17/exchange=NSE/symbol=ONGC/part-060719_979648-019513.parquet,real_data_sample\l2_unseen_validation\trade_date=2026-07-17\exchange=NSE\symbol=ONGC\part-060719_979648-019513.parquet,35260,downloaded,35260,
2026-07-17,NSE,ONGC,raw_l2/trade_date=2026-07-17/exchange=NSE/symbol=ONGC/part-060734_241589-019545.parquet,real_data_sample\l2_unseen_validation\trade_date=2026-07-17\exchange=NSE\symbol=ONGC\part-060734_241589-019545.parquet,34735,downloaded,34735,
2026-07-17,NSE,ONGC,raw_l2/trade_date=2026-07-17/exchange=NSE/symbol=ONGC/part-061125_665003-020057.parquet,real_data_sample\l2_unseen_validation\trade_date=2026-07-17\exchange=NSE\symbol=ONGC\part-061125_665003-020057.parquet,35591,downloaded,35591,
2026-07-17,NSE,ONGC,raw_l2/trade_date=2026-07-17/exchange=NSE/symbol=ONGC/part-060651_932182-019449.parquet,real_data_sample\l2_unseen_validation\trade_date=2026-07-17\exchange=NSE\symbol=ONGC\part-060651_932182-019449.parquet,35196,downloaded,35196,
2026-07-17,NSE,ONGC,raw_l2/trade_date=2026-07-17/exchange=NSE/symbol=ONGC/part-061056_919126-019993.parquet,real_data_sample\l2_unseen_validation\trade_date=2026-07-17\exchange=NSE\symbol=ONGC\part-061056_919126-019993.parquet,34798,downloaded,34798,
2026-07-17,NSE,ONGC,raw_l2/trade_date=2026-07-17/exchange=NSE/symbol=ONGC/part-061154_563162-020121.parquet,real_data_sample\l2_unseen_validation\trade_date=2026-07-17\exchange=NSE\symbol=ONGC\part-061154_563162-020121.parquet,36356,downloaded,36356,
2026-07-17,NSE,ONGC,raw_l2/trade_date=2026-07-17/exchange=NSE/symbol=ONGC/part-061208_818131-020153.parquet,real_data_sample\l2_unseen_validation\trade_date=2026-07-17\exchange=NSE\symbol=ONGC\part-061208_818131-020153.parquet,35667,downloaded,35667,
2026-07-17,NSE,ONGC,raw_l2/trade_date=2026-07-17/exchange=NSE/symbol=ONGC/part-061237_852792-020217.parquet,real_data_sample\l2_unseen_validation\trade_date=2026-07-17\exchange=NSE\symbol=ONGC\part-061237_852792-020217.parquet,35186,downloaded,35186,
2026-07-17,NSE,ONGC,raw_l2/trade_date=2026-07-17/exchange=NSE/symbol=ONGC/part-061223_391355-020185.parquet,real_data_sample\l2_unseen_validation\trade_date=2026-07-17\exchange=NSE\symbol=ONGC\part-061223_391355-020185.parquet,35691,downloaded,35691,
2026-07-17,NSE,ONGC,raw_l2/trade_date=2026-07-17/exchange=NSE/symbol=ONGC/part-061252_206430-020249.parquet,real_data_sample\l2_unseen_validation\trade_date=2026-07-17\exchange=NSE\symbol=ONGC\part-061252_206430-020249.parquet,34952,downloaded,34952,
2026-07-17,NSE,ONGC,raw_l2/trade_date=2026-07-17/exchange=NSE/symbol=ONGC/part-061530_399755-020601.parquet,real_data_sample\l2_unseen_validation\trade_date=2026-07-17\exchange=NSE\symbol=ONGC\part-061530_399755-020601.parquet,34635,downloaded,34635,
2026-07-17,NSE,ONGC,raw_l2/trade_date=2026-07-17/exchange=NSE/symbol=ONGC/part-061335_527223-020345.parquet,real_data_sample\l2_unseen_validation\trade_date=2026-07-17\exchange=NSE\symbol=ONGC\part-061335_527223-020345.parquet,34656,downloaded,34656,
2026-07-17,NSE,ONGC,raw_l2/trade_date=2026-07-17/exchange=NSE/symbol=ONGC/part-061501_435920-020537.parquet,real_data_sample\l2_unseen_validation\trade_date=2026-07-17\exchange=NSE\symbol=ONGC\part-061501_435920-020537.parquet,34541,downloaded,34541,
2026-07-17,NSE,ONGC,raw_l2/trade_date=2026-07-17/exchange=NSE/symbol=ONGC/part-061515_884581-020569.parquet,real_data_sample\l2_unseen_validation\trade_date=2026-07-17\exchange=NSE\symbol=ONGC\part-061515_884581-020569.parquet,34487,downloaded,34487,
2026-07-17,NSE,ONGC,raw_l2/trade_date=2026-07-17/exchange=NSE/symbol=ONGC/part-061432_759472-020473.parquet,real_data_sample\l2_unseen_validation\trade_date=2026-07-17\exchange=NSE\symbol=ONGC\part-061432_759472-020473.parquet,34532,downloaded,34532,
2026-07-17,NSE,ONGC,raw_l2/trade_date=2026-07-17/exchange=NSE/symbol=ONGC/part-061711_770142-020825.parquet,real_data_sample\l2_unseen_validation\trade_date=2026-07-17\exchange=NSE\symbol=ONGC\part-061711_770142-020825.parquet,34577,downloaded,34577,
2026-07-17,NSE,ONGC,raw_l2/trade_date=2026-07-17/exchange=NSE/symbol=ONGC/part-061418_404711-020441.parquet,real_data_sample\l2_unseen_validation\trade_date=2026-07-17\exchange=NSE\symbol=ONGC\part-061418_404711-020441.parquet,34536,downloaded,34536,
2026-07-17,NSE,ONGC,raw_l2/trade_date=2026-07-17/exchange=NSE/symbol=ONGC/part-061629_337601-020729.parquet,real_data_sample\l2_unseen_validation\trade_date=2026-07-17\exchange=NSE\symbol=ONGC\part-061629_337601-020729.parquet,34984,downloaded,34984,
2026-07-17,NSE,ONGC,raw_l2/trade_date=2026-07-17/exchange=NSE/symbol=ONGC/part-061725_885520-020857.parquet,real_data_sample\l2_unseen_validation\trade_date=2026-07-17\exchange=NSE\symbol=ONGC\part-061725_885520-020857.parquet,34882,downloaded,34882,
2026-07-17,NSE,ONGC,raw_l2/trade_date=2026-07-17/exchange=NSE/symbol=ONGC/part-061321_170384-020313.parquet,real_data_sample\l2_unseen_validation\trade_date=2026-07-17\exchange=NSE\symbol=ONGC\part-061321_170384-020313.parquet,34611,downloaded,34611,
2026-07-17,NSE,ONGC,raw_l2/trade_date=2026-07-17/exchange=NSE/symbol=ONGC/part-061739_903007-020889.parquet,real_data_sample\l2_unseen_validation\trade_date=2026-07-17\exchange=NSE\symbol=ONGC\part-061739_903007-020889.parquet,34557,downloaded,34557,
2026-07-17,NSE,ONGC,raw_l2/trade_date=2026-07-17/exchange=NSE/symbol=ONGC/part-061559_155624-020665.parquet,real_data_sample\l2_unseen_validation\trade_date=2026-07-17\exchange=NSE\symbol=ONGC\part-061559_155624-020665.parquet,34480,downloaded,34480,
2026-07-17,NSE,ONGC,raw_l2/trade_date=2026-07-17/exchange=NSE/symbol=ONGC/part-061404_100643-020409.parquet,real_data_sample\l2_unseen_validation\trade_date=2026-07-17\exchange=NSE\symbol=ONGC\part-061404_100643-020409.parquet,34636,downloaded,34636,
2026-07-17,NSE,ONGC,raw_l2/trade_date=2026-07-17/exchange=NSE/symbol=ONGC/part-061306_671230-020281.parquet,real_data_sample\l2_unseen_validation\trade_date=2026-07-17\exchange=NSE\symbol=ONGC\part-061306_671230-020281.parquet,35422,downloaded,35422,
2026-07-17,NSE,ONGC,raw_l2/trade_date=2026-07-17/exchange=NSE/symbol=ONGC/part-061614_569624-020697.parquet,real_data_sample\l2_unseen_validation\trade_date=2026-07-17\exchange=NSE\symbol=ONGC\part-061614_569624-020697.parquet,34467,downloaded,34467,
2026-07-17,NSE,ONGC,raw_l2/trade_date=2026-07-17/exchange=NSE/symbol=ONGC/part-061544_598810-020633.parquet,real_data_sample\l2_unseen_validation\trade_date=2026-07-17\exchange=NSE\symbol=ONGC\part-061544_598810-020633.parquet,34594,downloaded,34594,
2026-07-17,NSE,ONGC,raw_l2/trade_date=2026-07-17/exchange=NSE/symbol=ONGC/part-061754_585283-020921.parquet,real_data_sample\l2_unseen_validation\trade_date=2026-07-17\exchange=NSE\symbol=ONGC\part-061754_585283-020921.parquet,34577,downloaded,34577,
2026-07-17,NSE,ONGC,raw_l2/trade_date=2026-07-17/exchange=NSE/symbol=ONGC/part-061643_410893-020761.parquet,real_data_sample\l2_unseen_validation\trade_date=2026-07-17\exchange=NSE\symbol=ONGC\part-061643_410893-020761.parquet,34686,downloaded,34686,
2026-07-17,NSE,ONGC,raw_l2/trade_date=2026-07-17/exchange=NSE/symbol=ONGC/part-061823_375788-020985.parquet,real_data_sample\l2_unseen_validation\trade_date=2026-07-17\exchange=NSE\symbol=ONGC\part-061823_375788-020985.parquet,34438,downloaded,34438,
2026-07-17,NSE,ONGC,raw_l2/trade_date=2026-07-17/exchange=NSE/symbol=ONGC/part-061809_224485-020953.parquet,real_data_sample\l2_unseen_validation\trade_date=2026-07-17\exchange=NSE\symbol=ONGC\part-061809_224485-020953.parquet,34746,downloaded,34746,
2026-07-17,NSE,ONGC,raw_l2/trade_date=2026-07-17/exchange=NSE/symbol=ONGC/part-061349_772109-020377.parquet,real_data_sample\l2_unseen_validation\trade_date=2026-07-17\exchange=NSE\symbol=ONGC\part-061349_772109-020377.parquet,34763,downloaded,34763,
2026-07-17,NSE,ONGC,raw_l2/trade_date=2026-07-17/exchange=NSE/symbol=ONGC/part-061838_180744-021017.parquet,real_data_sample\l2_unseen_validation\trade_date=2026-07-17\exchange=NSE\symbol=ONGC\part-061838_180744-021017.parquet,34664,downloaded,34664,
2026-07-17,NSE,ONGC,raw_l2/trade_date=2026-07-17/exchange=NSE/symbol=ONGC/part-061447_002831-020505.parquet,real_data_sample\l2_unseen_validation\trade_date=2026-07-17\exchange=NSE\symbol=ONGC\part-061447_002831-020505.parquet,34680,downloaded,34680,
2026-07-17,NSE,ONGC,raw_l2/trade_date=2026-07-17/exchange=NSE/symbol=ONGC/part-061921_169341-021113.parquet,real_data_sample\l2_unseen_validation\trade_date=2026-07-17\exchange=NSE\symbol=ONGC\part-061921_169341-021113.parquet,34775,downloaded,34775,
2026-07-17,NSE,ONGC,raw_l2/trade_date=2026-07-17/exchange=NSE/symbol=ONGC/part-061852_431004-021049.parquet,real_data_sample\l2_unseen_validation\trade_date=2026-07-17\exchange=NSE\symbol=ONGC\part-061852_431004-021049.parquet,34759,downloaded,34759,
2026-07-17,NSE,ONGC,raw_l2/trade_date=2026-07-17/exchange=NSE/symbol=ONGC/part-061906_538384-021081.parquet,real_data_sample\l2_unseen_validation\trade_date=2026-07-17\exchange=NSE\symbol=ONGC\part-061906_538384-021081.parquet,34830,downloaded,34830,
2026-07-17,NSE,ONGC,raw_l2/trade_date=2026-07-17/exchange=NSE/symbol=ONGC/part-061657_507666-020793.parquet,real_data_sample\l2_unseen_validation\trade_date=2026-07-17\exchange=NSE\symbol=ONGC\part-061657_507666-020793.parquet,34566,downloaded,34566,
2026-07-17,NSE,ONGC,raw_l2/trade_date=2026-07-17/exchange=NSE/symbol=ONGC/part-061949_465731-021177.parquet,real_data_sample\l2_unseen_validation\trade_date=2026-07-17\exchange=NSE\symbol=ONGC\part-061949_465731-021177.parquet,34722,downloaded,34722,
2026-07-17,NSE,ONGC,raw_l2/trade_date=2026-07-17/exchange=NSE/symbol=ONGC/part-062003_761558-021209.parquet,real_data_sample\l2_unseen_validation\trade_date=2026-07-17\exchange=NSE\symbol=ONGC\part-062003_761558-021209.parquet,34472,downloaded,34472,
2026-07-17,NSE,ONGC,raw_l2/trade_date=2026-07-17/exchange=NSE/symbol=ONGC/part-061935_354778-021145.parquet,real_data_sample\l2_unseen_validation\trade_date=2026-07-17\exchange=NSE\symbol=ONGC\part-061935_354778-021145.parquet,34800,downloaded,34800,
2026-07-17,NSE,ONGC,raw_l2/trade_date=2026-07-17/exchange=NSE/symbol=ONGC/part-062032_226566-021273.parquet,real_data_sample\l2_unseen_validation\trade_date=2026-07-17\exchange=NSE\symbol=ONGC\part-062032_226566-021273.parquet,34694,downloaded,34694,
2026-07-17,NSE,ONGC,raw_l2/trade_date=2026-07-17/exchange=NSE/symbol=ONGC/part-062017_883099-021241.parquet,real_data_sample\l2_unseen_validation\trade_date=2026-07-17\exchange=NSE\symbol=ONGC\part-062017_883099-021241.parquet,34787,downloaded,34787,
2026-07-17,NSE,ONGC,raw_l2/trade_date=2026-07-17/exchange=NSE/symbol=ONGC/part-062046_970026-021305.parquet,real_data_sample\l2_unseen_validation\trade_date=2026-07-17\exchange=NSE\symbol=ONGC\part-062046_970026-021305.parquet,34710,downloaded,34710,
2026-07-17,NSE,ONGC,raw_l2/trade_date=2026-07-17/exchange=NSE/symbol=ONGC/part-062226_688857-021529.parquet,real_data_sample\l2_unseen_validation\trade_date=2026-07-17\exchange=NSE\symbol=ONGC\part-062226_688857-021529.parquet,34747,downloaded,34747,
2026-07-17,NSE,ONGC,raw_l2/trade_date=2026-07-17/exchange=NSE/symbol=ONGC/part-062241_069478-021561.parquet,real_data_sample\l2_unseen_validation\trade_date=2026-07-17\exchange=NSE\symbol=ONGC\part-062241_069478-021561.parquet,34749,downloaded,34749,
2026-07-17,NSE,ONGC,raw_l2/trade_date=2026-07-17/exchange=NSE/symbol=ONGC/part-062212_459652-021497.parquet,real_data_sample\l2_unseen_validation\trade_date=2026-07-17\exchange=NSE\symbol=ONGC\part-062212_459652-021497.parquet,35026,downloaded,35026,
2026-07-17,NSE,ONGC,raw_l2/trade_date=2026-07-17/exchange=NSE/symbol=ONGC/part-062255_287640-021593.parquet,real_data_sample\l2_unseen_validation\trade_date=2026-07-17\exchange=NSE\symbol=ONGC\part-062255_287640-021593.parquet,34910,downloaded,34910,
2026-07-17,NSE,ONGC,raw_l2/trade_date=2026-07-17/exchange=NSE/symbol=ONGC/part-062448_582234-021849.parquet,real_data_sample\l2_unseen_validation\trade_date=2026-07-17\exchange=NSE\symbol=ONGC\part-062448_582234-021849.parquet,34627,downloaded,34627,
2026-07-17,NSE,ONGC,raw_l2/trade_date=2026-07-17/exchange=NSE/symbol=ONGC/part-062158_151139-021465.parquet,real_data_sample\l2_unseen_validation\trade_date=2026-07-17\exchange=NSE\symbol=ONGC\part-062158_151139-021465.parquet,34796,downloaded,34796,
2026-07-17,NSE,ONGC,raw_l2/trade_date=2026-07-17/exchange=NSE/symbol=ONGC/part-062115_860015-021369.parquet,real_data_sample\l2_unseen_validation\trade_date=2026-07-17\exchange=NSE\symbol=ONGC\part-062115_860015-021369.parquet,34724,downloaded,34724,
2026-07-17,NSE,ONGC,raw_l2/trade_date=2026-07-17/exchange=NSE/symbol=ONGC/part-062143_852507-021433.parquet,real_data_sample\l2_unseen_validation\trade_date=2026-07-17\exchange=NSE\symbol=ONGC\part-062143_852507-021433.parquet,34568,downloaded,34568,
2026-07-17,NSE,ONGC,raw_l2/trade_date=2026-07-17/exchange=NSE/symbol=ONGC/part-062530_826203-021945.parquet,real_data_sample\l2_unseen_validation\trade_date=2026-07-17\exchange=NSE\symbol=ONGC\part-062530_826203-021945.parquet,34987,downloaded,34987,
2026-07-17,NSE,ONGC,raw_l2/trade_date=2026-07-17/exchange=NSE/symbol=ONGC/part-062101_493483-021337.parquet,real_data_sample\l2_unseen_validation\trade_date=2026-07-17\exchange=NSE\symbol=ONGC\part-062101_493483-021337.parquet,34789,downloaded,34789,
2026-07-17,NSE,ONGC,raw_l2/trade_date=2026-07-17/exchange=NSE/symbol=ONGC/part-062434_395369-021817.parquet,real_data_sample\l2_unseen_validation\trade_date=2026-07-17\exchange=NSE\symbol=ONGC\part-062434_395369-021817.parquet,34625,downloaded,34625,
2026-07-17,NSE,ONGC,raw_l2/trade_date=2026-07-17/exchange=NSE/symbol=ONGC/part-062406_260052-021753.parquet,real_data_sample\l2_unseen_validation\trade_date=2026-07-17\exchange=NSE\symbol=ONGC\part-062406_260052-021753.parquet,34581,downloaded,34581,
2026-07-17,NSE,ONGC,raw_l2/trade_date=2026-07-17/exchange=NSE/symbol=ONGC/part-062516_973650-021913.parquet,real_data_sample\l2_unseen_validation\trade_date=2026-07-17\exchange=NSE\symbol=ONGC\part-062516_973650-021913.parquet,34717,downloaded,34717,
2026-07-17,NSE,ONGC,raw_l2/trade_date=2026-07-17/exchange=NSE/symbol=ONGC/part-062502_830419-021881.parquet,real_data_sample\l2_unseen_validation\trade_date=2026-07-17\exchange=NSE\symbol=ONGC\part-062502_830419-021881.parquet,34713,downloaded,34713,
2026-07-17,NSE,ONGC,raw_l2/trade_date=2026-07-17/exchange=NSE/symbol=ONGC/part-062544_785929-021977.parquet,real_data_sample\l2_unseen_validation\trade_date=2026-07-17\exchange=NSE\symbol=ONGC\part-062544_785929-021977.parquet,34930,downloaded,34930,
2026-07-17,NSE,ONGC,raw_l2/trade_date=2026-07-17/exchange=NSE/symbol=ONGC/part-062324_006856-021657.parquet,real_data_sample\l2_unseen_validation\trade_date=2026-07-17\exchange=NSE\symbol=ONGC\part-062324_006856-021657.parquet,34603,downloaded,34603,
2026-07-17,NSE,ONGC,raw_l2/trade_date=2026-07-17/exchange=NSE/symbol=ONGC/part-062709_786901-022169.parquet,real_data_sample\l2_unseen_validation\trade_date=2026-07-17\exchange=NSE\symbol=ONGC\part-062709_786901-022169.parquet,36004,downloaded,36004,
2026-07-17,NSE,ONGC,raw_l2/trade_date=2026-07-17/exchange=NSE/symbol=ONGC/part-062420_419888-021785.parquet,real_data_sample\l2_unseen_validation\trade_date=2026-07-17\exchange=NSE\symbol=ONGC\part-062420_419888-021785.parquet,34735,downloaded,34735,
2026-07-17,NSE,ONGC,raw_l2/trade_date=2026-07-17/exchange=NSE/symbol=ONGC/part-062338_219001-021689.parquet,real_data_sample\l2_unseen_validation\trade_date=2026-07-17\exchange=NSE\symbol=ONGC\part-062338_219001-021689.parquet,34768,downloaded,34768,
2026-07-17,NSE,ONGC,raw_l2/trade_date=2026-07-17/exchange=NSE/symbol=ONGC/part-062129_953725-021401.parquet,real_data_sample\l2_unseen_validation\trade_date=2026-07-17\exchange=NSE\symbol=ONGC\part-062129_953725-021401.parquet,34678,downloaded,34678,
2026-07-17,NSE,ONGC,raw_l2/trade_date=2026-07-17/exchange=NSE/symbol=ONGC/part-062752_761601-022265.parquet,real_data_sample\l2_unseen_validation\trade_date=2026-07-17\exchange=NSE\symbol=ONGC\part-062752_761601-022265.parquet,35679,downloaded,35679,
2026-07-17,NSE,ONGC,raw_l2/trade_date=2026-07-17/exchange=NSE/symbol=ONGC/part-062309_734836-021625.parquet,real_data_sample\l2_unseen_validation\trade_date=2026-07-17\exchange=NSE\symbol=ONGC\part-062309_734836-021625.parquet,34735,downloaded,34735,
2026-07-17,NSE,ONGC,raw_l2/trade_date=2026-07-17/exchange=NSE/symbol=ONGC/part-062724_212840-022201.parquet,real_data_sample\l2_unseen_validation\trade_date=2026-07-17\exchange=NSE\symbol=ONGC\part-062724_212840-022201.parquet,35535,downloaded,35535,
2026-07-17,NSE,ONGC,raw_l2/trade_date=2026-07-17/exchange=NSE/symbol=ONGC/part-062558_865905-022009.parquet,real_data_sample\l2_unseen_validation\trade_date=2026-07-17\exchange=NSE\symbol=ONGC\part-062558_865905-022009.parquet,34591,downloaded,34591,
2026-07-17,NSE,ONGC,raw_l2/trade_date=2026-07-17/exchange=NSE/symbol=ONGC/part-062626_957748-022073.parquet,real_data_sample\l2_unseen_validation\trade_date=2026-07-17\exchange=NSE\symbol=ONGC\part-062626_957748-022073.parquet,36073,downloaded,36073,
2026-07-17,NSE,ONGC,raw_l2/trade_date=2026-07-17/exchange=NSE/symbol=ONGC/part-062612_926806-022041.parquet,real_data_sample\l2_unseen_validation\trade_date=2026-07-17\exchange=NSE\symbol=ONGC\part-062612_926806-022041.parquet,34934,downloaded,34934,
2026-07-17,NSE,ONGC,raw_l2/trade_date=2026-07-17/exchange=NSE/symbol=ONGC/part-062655_436423-022137.parquet,real_data_sample\l2_unseen_validation\trade_date=2026-07-17\exchange=NSE\symbol=ONGC\part-062655_436423-022137.parquet,36041,downloaded,36041,
2026-07-17,NSE,ONGC,raw_l2/trade_date=2026-07-17/exchange=NSE/symbol=ONGC/part-062738_553512-022233.parquet,real_data_sample\l2_unseen_validation\trade_date=2026-07-17\exchange=NSE\symbol=ONGC\part-062738_553512-022233.parquet,36106,downloaded,36106,
2026-07-17,NSE,ONGC,raw_l2/trade_date=2026-07-17/exchange=NSE/symbol=ONGC/part-062641_224605-022105.parquet,real_data_sample\l2_unseen_validation\trade_date=2026-07-17\exchange=NSE\symbol=ONGC\part-062641_224605-022105.parquet,35963,downloaded,35963,
2026-07-17,NSE,ONGC,raw_l2/trade_date=2026-07-17/exchange=NSE/symbol=ONGC/part-062806_978486-022297.parquet,real_data_sample\l2_unseen_validation\trade_date=2026-07-17\exchange=NSE\symbol=ONGC\part-062806_978486-022297.parquet,36028,downloaded,36028,
2026-07-17,NSE,ONGC,raw_l2/trade_date=2026-07-17/exchange=NSE/symbol=ONGC/part-062917_705946-022457.parquet,real_data_sample\l2_unseen_validation\trade_date=2026-07-17\exchange=NSE\symbol=ONGC\part-062917_705946-022457.parquet,35756,downloaded,35756,
2026-07-17,NSE,ONGC,raw_l2/trade_date=2026-07-17/exchange=NSE/symbol=ONGC/part-062947_033852-022521.parquet,real_data_sample\l2_unseen_validation\trade_date=2026-07-17\exchange=NSE\symbol=ONGC\part-062947_033852-022521.parquet,35271,downloaded,35271,
2026-07-17,NSE,ONGC,raw_l2/trade_date=2026-07-17/exchange=NSE/symbol=ONGC/part-062903_615126-022425.parquet,real_data_sample\l2_unseen_validation\trade_date=2026-07-17\exchange=NSE\symbol=ONGC\part-062903_615126-022425.parquet,36047,downloaded,36047,
2026-07-17,NSE,ONGC,raw_l2/trade_date=2026-07-17/exchange=NSE/symbol=ONGC/part-062932_805598-022489.parquet,real_data_sample\l2_unseen_validation\trade_date=2026-07-17\exchange=NSE\symbol=ONGC\part-062932_805598-022489.parquet,35311,downloaded,35311,
2026-07-17,NSE,ONGC,raw_l2/trade_date=2026-07-17/exchange=NSE/symbol=ONGC/part-062821_433690-022329.parquet,real_data_sample\l2_unseen_validation\trade_date=2026-07-17\exchange=NSE\symbol=ONGC\part-062821_433690-022329.parquet,36625,downloaded,36625,
2026-07-17,NSE,ONGC,raw_l2/trade_date=2026-07-17/exchange=NSE/symbol=ONGC/part-062835_297490-022361.parquet,real_data_sample\l2_unseen_validation\trade_date=2026-07-17\exchange=NSE\symbol=ONGC\part-062835_297490-022361.parquet,35737,downloaded,35737,
2026-07-17,NSE,ONGC,raw_l2/trade_date=2026-07-17/exchange=NSE/symbol=ONGC/part-062849_703576-022393.parquet,real_data_sample\l2_unseen_validation\trade_date=2026-07-17\exchange=NSE\symbol=ONGC\part-062849_703576-022393.parquet,35531,downloaded,35531,
2026-07-17,NSE,ONGC,raw_l2/trade_date=2026-07-17/exchange=NSE/symbol=ONGC/part-063222_578348-022873.parquet,real_data_sample\l2_unseen_validation\trade_date=2026-07-17\exchange=NSE\symbol=ONGC\part-063222_578348-022873.parquet,35882,downloaded,35882,
2026-07-17,NSE,ONGC,raw_l2/trade_date=2026-07-17/exchange=NSE/symbol=ONGC/part-063112_562157-022713.parquet,real_data_sample\l2_unseen_validation\trade_date=2026-07-17\exchange=NSE\symbol=ONGC\part-063112_562157-022713.parquet,35542,downloaded,35542,
2026-07-17,NSE,ONGC,raw_l2/trade_date=2026-07-17/exchange=NSE/symbol=ONGC/part-063001_720405-022553.parquet,real_data_sample\l2_unseen_validation\trade_date=2026-07-17\exchange=NSE\symbol=ONGC\part-063001_720405-022553.parquet,35080,downloaded,35080,
2026-07-17,NSE,ONGC,raw_l2/trade_date=2026-07-17/exchange=NSE/symbol=ONGC/part-063126_776113-022745.parquet,real_data_sample\l2_unseen_validation\trade_date=2026-07-17\exchange=NSE\symbol=ONGC\part-063126_776113-022745.parquet,35188,downloaded,35188,
2026-07-17,NSE,ONGC,raw_l2/trade_date=2026-07-17/exchange=NSE/symbol=ONGC/part-063154_764125-022809.parquet,real_data_sample\l2_unseen_validation\trade_date=2026-07-17\exchange=NSE\symbol=ONGC\part-063154_764125-022809.parquet,34649,downloaded,34649,
2026-07-17,NSE,ONGC,raw_l2/trade_date=2026-07-17/exchange=NSE/symbol=ONGC/part-063347_667460-023065.parquet,real_data_sample\l2_unseen_validation\trade_date=2026-07-17\exchange=NSE\symbol=ONGC\part-063347_667460-023065.parquet,35714,downloaded,35714,
2026-07-17,NSE,ONGC,raw_l2/trade_date=2026-07-17/exchange=NSE/symbol=ONGC/part-063319_173761-023001.parquet,real_data_sample\l2_unseen_validation\trade_date=2026-07-17\exchange=NSE\symbol=ONGC\part-063319_173761-023001.parquet,35623,downloaded,35623,
2026-07-17,NSE,ONGC,raw_l2/trade_date=2026-07-17/exchange=NSE/symbol=ONGC/part-063058_198248-022681.parquet,real_data_sample\l2_unseen_validation\trade_date=2026-07-17\exchange=NSE\symbol=ONGC\part-063058_198248-022681.parquet,35498,downloaded,35498,
2026-07-17,NSE,ONGC,raw_l2/trade_date=2026-07-17/exchange=NSE/symbol=ONGC/part-063044_199265-022649.parquet,real_data_sample\l2_unseen_validation\trade_date=2026-07-17\exchange=NSE\symbol=ONGC\part-063044_199265-022649.parquet,35386,downloaded,35386,
2026-07-17,NSE,ONGC,raw_l2/trade_date=2026-07-17/exchange=NSE/symbol=ONGC/part-063415_821592-023129.parquet,real_data_sample\l2_unseen_validation\trade_date=2026-07-17\exchange=NSE\symbol=ONGC\part-063415_821592-023129.parquet,35833,downloaded,35833,
2026-07-17,NSE,ONGC,raw_l2/trade_date=2026-07-17/exchange=NSE/symbol=ONGC/part-063015_964136-022585.parquet,real_data_sample\l2_unseen_validation\trade_date=2026-07-17\exchange=NSE\symbol=ONGC\part-063015_964136-022585.parquet,35343,downloaded,35343,
2026-07-17,NSE,ONGC,raw_l2/trade_date=2026-07-17/exchange=NSE/symbol=ONGC/part-063140_779172-022777.parquet,real_data_sample\l2_unseen_validation\trade_date=2026-07-17\exchange=NSE\symbol=ONGC\part-063140_779172-022777.parquet,34772,downloaded,34772,
2026-07-17,NSE,ONGC,raw_l2/trade_date=2026-07-17/exchange=NSE/symbol=ONGC/part-063030_033225-022617.parquet,real_data_sample\l2_unseen_validation\trade_date=2026-07-17\exchange=NSE\symbol=ONGC\part-063030_033225-022617.parquet,34889,downloaded,34889,
2026-07-17,NSE,ONGC,raw_l2/trade_date=2026-07-17/exchange=NSE/symbol=ONGC/part-063526_263051-023289.parquet,real_data_sample\l2_unseen_validation\trade_date=2026-07-17\exchange=NSE\symbol=ONGC\part-063526_263051-023289.parquet,34777,downloaded,34777,
2026-07-17,NSE,ONGC,raw_l2/trade_date=2026-07-17/exchange=NSE/symbol=ONGC/part-063304_799179-022969.parquet,real_data_sample\l2_unseen_validation\trade_date=2026-07-17\exchange=NSE\symbol=ONGC\part-063304_799179-022969.parquet,35640,downloaded,35640,
2026-07-17,NSE,ONGC,raw_l2/trade_date=2026-07-17/exchange=NSE/symbol=ONGC/part-063208_641355-022841.parquet,real_data_sample\l2_unseen_validation\trade_date=2026-07-17\exchange=NSE\symbol=ONGC\part-063208_641355-022841.parquet,34766,downloaded,34766,
2026-07-17,NSE,ONGC,raw_l2/trade_date=2026-07-17/exchange=NSE/symbol=ONGC/part-063457_777152-023225.parquet,real_data_sample\l2_unseen_validation\trade_date=2026-07-17\exchange=NSE\symbol=ONGC\part-063457_777152-023225.parquet,34766,downloaded,34766,
2026-07-17,NSE,ONGC,raw_l2/trade_date=2026-07-17/exchange=NSE/symbol=ONGC/part-063429_852939-023161.parquet,real_data_sample\l2_unseen_validation\trade_date=2026-07-17\exchange=NSE\symbol=ONGC\part-063429_852939-023161.parquet,34780,downloaded,34780,
2026-07-17,NSE,ONGC,raw_l2/trade_date=2026-07-17/exchange=NSE/symbol=ONGC/part-063236_596513-022905.parquet,real_data_sample\l2_unseen_validation\trade_date=2026-07-17\exchange=NSE\symbol=ONGC\part-063236_596513-022905.parquet,35624,downloaded,35624,
2026-07-17,NSE,ONGC,raw_l2/trade_date=2026-07-17/exchange=NSE/symbol=ONGC/part-063401_702196-023097.parquet,real_data_sample\l2_unseen_validation\trade_date=2026-07-17\exchange=NSE\symbol=ONGC\part-063401_702196-023097.parquet,35278,downloaded,35278,
2026-07-17,NSE,ONGC,raw_l2/trade_date=2026-07-17/exchange=NSE/symbol=ONGC/part-063511_913694-023257.parquet,real_data_sample\l2_unseen_validation\trade_date=2026-07-17\exchange=NSE\symbol=ONGC\part-063511_913694-023257.parquet,34739,downloaded,34739,
2026-07-17,NSE,ONGC,raw_l2/trade_date=2026-07-17/exchange=NSE/symbol=ONGC/part-063443_802351-023193.parquet,real_data_sample\l2_unseen_validation\trade_date=2026-07-17\exchange=NSE\symbol=ONGC\part-063443_802351-023193.parquet,34738,downloaded,34738,
2026-07-17,NSE,ONGC,raw_l2/trade_date=2026-07-17/exchange=NSE/symbol=ONGC/part-063333_511323-023033.parquet,real_data_sample\l2_unseen_validation\trade_date=2026-07-17\exchange=NSE\symbol=ONGC\part-063333_511323-023033.parquet,35231,downloaded,35231,
2026-07-17,NSE,ONGC,raw_l2/trade_date=2026-07-17/exchange=NSE/symbol=ONGC/part-062352_166761-021721.parquet,real_data_sample\l2_unseen_validation\trade_date=2026-07-17\exchange=NSE\symbol=ONGC\part-062352_166761-021721.parquet,34902,downloaded,34902,
2026-07-17,NSE,ONGC,raw_l2/trade_date=2026-07-17/exchange=NSE/symbol=ONGC/part-063250_502406-022937.parquet,real_data_sample\l2_unseen_validation\trade_date=2026-07-17\exchange=NSE\symbol=ONGC\part-063250_502406-022937.parquet,35760,downloaded,35760,
2026-07-17,NSE,ONGC,raw_l2/trade_date=2026-07-17/exchange=NSE/symbol=ONGC/part-063540_026756-023321.parquet,real_data_sample\l2_unseen_validation\trade_date=2026-07-17\exchange=NSE\symbol=ONGC\part-063540_026756-023321.parquet,34727,downloaded,34727,
2026-07-17,NSE,ONGC,raw_l2/trade_date=2026-07-17/exchange=NSE/symbol=ONGC/part-063607_876718-023385.parquet,real_data_sample\l2_unseen_validation\trade_date=2026-07-17\exchange=NSE\symbol=ONGC\part-063607_876718-023385.parquet,34560,downloaded,34560,
2026-07-17,NSE,ONGC,raw_l2/trade_date=2026-07-17/exchange=NSE/symbol=ONGC/part-063553_969054-023353.parquet,real_data_sample\l2_unseen_validation\trade_date=2026-07-17\exchange=NSE\symbol=ONGC\part-063553_969054-023353.parquet,34724,downloaded,34724,
2026-07-17,NSE,ONGC,raw_l2/trade_date=2026-07-17/exchange=NSE/symbol=ONGC/part-063703_903643-023513.parquet,real_data_sample\l2_unseen_validation\trade_date=2026-07-17\exchange=NSE\symbol=ONGC\part-063703_903643-023513.parquet,34678,downloaded,34678,
2026-07-17,NSE,ONGC,raw_l2/trade_date=2026-07-17/exchange=NSE/symbol=ONGC/part-063635_924822-023449.parquet,real_data_sample\l2_unseen_validation\trade_date=2026-07-17\exchange=NSE\symbol=ONGC\part-063635_924822-023449.parquet,34976,downloaded,34976,
2026-07-17,NSE,ONGC,raw_l2/trade_date=2026-07-17/exchange=NSE/symbol=ONGC/part-063649_895580-023481.parquet,real_data_sample\l2_unseen_validation\trade_date=2026-07-17\exchange=NSE\symbol=ONGC\part-063649_895580-023481.parquet,34977,downloaded,34977,
2026-07-17,NSE,ONGC,raw_l2/trade_date=2026-07-17/exchange=NSE/symbol=ONGC/part-063621_863493-023417.parquet,real_data_sample\l2_unseen_validation\trade_date=2026-07-17\exchange=NSE\symbol=ONGC\part-063621_863493-023417.parquet,34888,downloaded,34888,
2026-07-17,NSE,ONGC,raw_l2/trade_date=2026-07-17/exchange=NSE/symbol=ONGC/part-063717_870132-023545.parquet,real_data_sample\l2_unseen_validation\trade_date=2026-07-17\exchange=NSE\symbol=ONGC\part-063717_870132-023545.parquet,34787,downloaded,34787,
2026-07-17,NSE,ONGC,raw_l2/trade_date=2026-07-17/exchange=NSE/symbol=ONGC/part-063938_776639-023865.parquet,real_data_sample\l2_unseen_validation\trade_date=2026-07-17\exchange=NSE\symbol=ONGC\part-063938_776639-023865.parquet,34712,downloaded,34712,
2026-07-17,NSE,ONGC,raw_l2/trade_date=2026-07-17/exchange=NSE/symbol=ONGC/part-064158_427637-024185.parquet,real_data_sample\l2_unseen_validation\trade_date=2026-07-17\exchange=NSE\symbol=ONGC\part-064158_427637-024185.parquet,35469,downloaded,35469,
2026-07-17,NSE,ONGC,raw_l2/trade_date=2026-07-17/exchange=NSE/symbol=ONGC/part-064239_939083-024281.parquet,real_data_sample\l2_unseen_validation\trade_date=2026-07-17\exchange=NSE\symbol=ONGC\part-064239_939083-024281.parquet,34575,downloaded,34575,
2026-07-17,NSE,ONGC,raw_l2/trade_date=2026-07-17/exchange=NSE/symbol=ONGC/part-064130_474524-024121.parquet,real_data_sample\l2_unseen_validation\trade_date=2026-07-17\exchange=NSE\symbol=ONGC\part-064130_474524-024121.parquet,35189,downloaded,35189,
2026-07-17,NSE,ONGC,raw_l2/trade_date=2026-07-17/exchange=NSE/symbol=ONGC/part-064307_417745-024345.parquet,real_data_sample\l2_unseen_validation\trade_date=2026-07-17\exchange=NSE\symbol=ONGC\part-064307_417745-024345.parquet,34783,downloaded,34783,
2026-07-17,NSE,ONGC,raw_l2/trade_date=2026-07-17/exchange=NSE/symbol=ONGC/part-064226_271403-024249.parquet,real_data_sample\l2_unseen_validation\trade_date=2026-07-17\exchange=NSE\symbol=ONGC\part-064226_271403-024249.parquet,34664,downloaded,34664,
2026-07-17,NSE,ONGC,raw_l2/trade_date=2026-07-17/exchange=NSE/symbol=ONGC/part-064253_756475-024313.parquet,real_data_sample\l2_unseen_validation\trade_date=2026-07-17\exchange=NSE\symbol=ONGC\part-064253_756475-024313.parquet,34704,downloaded,34704,
2026-07-17,NSE,ONGC,raw_l2/trade_date=2026-07-17/exchange=NSE/symbol=ONGC/part-064212_295555-024217.parquet,real_data_sample\l2_unseen_validation\trade_date=2026-07-17\exchange=NSE\symbol=ONGC\part-064212_295555-024217.parquet,35212,downloaded,35212,
2026-07-17,NSE,ONGC,raw_l2/trade_date=2026-07-17/exchange=NSE/symbol=ONGC/part-064116_679107-024089.parquet,real_data_sample\l2_unseen_validation\trade_date=2026-07-17\exchange=NSE\symbol=ONGC\part-064116_679107-024089.parquet,35117,downloaded,35117,
2026-07-17,NSE,ONGC,raw_l2/trade_date=2026-07-17/exchange=NSE/symbol=ONGC/part-064321_302012-024377.parquet,real_data_sample\l2_unseen_validation\trade_date=2026-07-17\exchange=NSE\symbol=ONGC\part-064321_302012-024377.parquet,34894,downloaded,34894,
2026-07-17,NSE,ONGC,raw_l2/trade_date=2026-07-17/exchange=NSE/symbol=ONGC/part-064335_190563-024409.parquet,real_data_sample\l2_unseen_validation\trade_date=2026-07-17\exchange=NSE\symbol=ONGC\part-064335_190563-024409.parquet,34810,downloaded,34810,
2026-07-17,NSE,ONGC,raw_l2/trade_date=2026-07-17/exchange=NSE/symbol=ONGC/part-064348_964939-024441.parquet,real_data_sample\l2_unseen_validation\trade_date=2026-07-17\exchange=NSE\symbol=ONGC\part-064348_964939-024441.parquet,34956,downloaded,34956,
2026-07-17,NSE,ONGC,raw_l2/trade_date=2026-07-17/exchange=NSE/symbol=ONGC/part-064102_830539-024057.parquet,real_data_sample\l2_unseen_validation\trade_date=2026-07-17\exchange=NSE\symbol=ONGC\part-064102_830539-024057.parquet,34892,downloaded,34892,
2026-07-17,NSE,ONGC,raw_l2/trade_date=2026-07-17/exchange=NSE/symbol=ONGC/part-064048_910795-024025.parquet,real_data_sample\l2_unseen_validation\trade_date=2026-07-17\exchange=NSE\symbol=ONGC\part-064048_910795-024025.parquet,34893,downloaded,34893,
2026-07-17,NSE,ONGC,raw_l2/trade_date=2026-07-17/exchange=NSE/symbol=ONGC/part-064402_700494-024473.parquet,real_data_sample\l2_unseen_validation\trade_date=2026-07-17\exchange=NSE\symbol=ONGC\part-064402_700494-024473.parquet,34640,downloaded,34640,
2026-07-17,NSE,ONGC,raw_l2/trade_date=2026-07-17/exchange=NSE/symbol=ONGC/part-064430_748191-024537.parquet,real_data_sample\l2_unseen_validation\trade_date=2026-07-17\exchange=NSE\symbol=ONGC\part-064430_748191-024537.parquet,34669,downloaded,34669,
2026-07-17,NSE,ONGC,raw_l2/trade_date=2026-07-17/exchange=NSE/symbol=ONGC/part-064416_842389-024505.parquet,real_data_sample\l2_unseen_validation\trade_date=2026-07-17\exchange=NSE\symbol=ONGC\part-064416_842389-024505.parquet,34889,downloaded,34889,
2026-07-17,NSE,ONGC,raw_l2/trade_date=2026-07-17/exchange=NSE/symbol=ONGC/part-064444_404596-024569.parquet,real_data_sample\l2_unseen_validation\trade_date=2026-07-17\exchange=NSE\symbol=ONGC\part-064444_404596-024569.parquet,34489,downloaded,34489,
2026-07-17,NSE,ONGC,raw_l2/trade_date=2026-07-17/exchange=NSE/symbol=ONGC/part-064458_268887-024601.parquet,real_data_sample\l2_unseen_validation\trade_date=2026-07-17\exchange=NSE\symbol=ONGC\part-064458_268887-024601.parquet,34702,downloaded,34702,
2026-07-17,NSE,ONGC,raw_l2/trade_date=2026-07-17/exchange=NSE/symbol=ONGC/part-064526_314432-024665.parquet,real_data_sample\l2_unseen_validation\trade_date=2026-07-17\exchange=NSE\symbol=ONGC\part-064526_314432-024665.parquet,34656,downloaded,34656,
2026-07-17,NSE,ONGC,raw_l2/trade_date=2026-07-17/exchange=NSE/symbol=ONGC/part-064512_330804-024633.parquet,real_data_sample\l2_unseen_validation\trade_date=2026-07-17\exchange=NSE\symbol=ONGC\part-064512_330804-024633.parquet,34730,downloaded,34730,
2026-07-17,NSE,ONGC,raw_l2/trade_date=2026-07-17/exchange=NSE/symbol=ONGC/part-064621_491712-024793.parquet,real_data_sample\l2_unseen_validation\trade_date=2026-07-17\exchange=NSE\symbol=ONGC\part-064621_491712-024793.parquet,35049,downloaded,35049,
2026-07-17,NSE,ONGC,raw_l2/trade_date=2026-07-17/exchange=NSE/symbol=ONGC/part-064730_961153-024953.parquet,real_data_sample\l2_unseen_validation\trade_date=2026-07-17\exchange=NSE\symbol=ONGC\part-064730_961153-024953.parquet,34870,downloaded,34870,
2026-07-17,NSE,ONGC,raw_l2/trade_date=2026-07-17/exchange=NSE/symbol=ONGC/part-064703_271962-024889.parquet,real_data_sample\l2_unseen_validation\trade_date=2026-07-17\exchange=NSE\symbol=ONGC\part-064703_271962-024889.parquet,34449,downloaded,34449,
2026-07-17,NSE,ONGC,raw_l2/trade_date=2026-07-17/exchange=NSE/symbol=ONGC/part-064717_242133-024921.parquet,real_data_sample\l2_unseen_validation\trade_date=2026-07-17\exchange=NSE\symbol=ONGC\part-064717_242133-024921.parquet,34780,downloaded,34780,
2026-07-17,NSE,ONGC,raw_l2/trade_date=2026-07-17/exchange=NSE/symbol=ONGC/part-064607_661991-024761.parquet,real_data_sample\l2_unseen_validation\trade_date=2026-07-17\exchange=NSE\symbol=ONGC\part-064607_661991-024761.parquet,35012,downloaded,35012,
2026-07-17,NSE,ONGC,raw_l2/trade_date=2026-07-17/exchange=NSE/symbol=ONGC/part-064553_931552-024729.parquet,real_data_sample\l2_unseen_validation\trade_date=2026-07-17\exchange=NSE\symbol=ONGC\part-064553_931552-024729.parquet,34629,downloaded,34629,
2026-07-17,NSE,ONGC,raw_l2/trade_date=2026-07-17/exchange=NSE/symbol=ONGC/part-064540_235738-024697.parquet,real_data_sample\l2_unseen_validation\trade_date=2026-07-17\exchange=NSE\symbol=ONGC\part-064540_235738-024697.parquet,34616,downloaded,34616,
2026-07-17,NSE,ONGC,raw_l2/trade_date=2026-07-17/exchange=NSE/symbol=ONGC/part-064758_710003-025017.parquet,real_data_sample\l2_unseen_validation\trade_date=2026-07-17\exchange=NSE\symbol=ONGC\part-064758_710003-025017.parquet,34930,downloaded,34930,
2026-07-17,NSE,ONGC,raw_l2/trade_date=2026-07-17/exchange=NSE/symbol=ONGC/part-064649_285336-024857.parquet,real_data_sample\l2_unseen_validation\trade_date=2026-07-17\exchange=NSE\symbol=ONGC\part-064649_285336-024857.parquet,34777,downloaded,34777,
2026-07-17,NSE,ONGC,raw_l2/trade_date=2026-07-17/exchange=NSE/symbol=ONGC/part-064635_334078-024825.parquet,real_data_sample\l2_unseen_validation\trade_date=2026-07-17\exchange=NSE\symbol=ONGC\part-064635_334078-024825.parquet,34841,downloaded,34841,
2026-07-17,NSE,ONGC,raw_l2/trade_date=2026-07-17/exchange=NSE/symbol=ONGC/part-064812_722694-025049.parquet,real_data_sample\l2_unseen_validation\trade_date=2026-07-17\exchange=NSE\symbol=ONGC\part-064812_722694-025049.parquet,34787,downloaded,34787,
2026-07-17,NSE,ONGC,raw_l2/trade_date=2026-07-17/exchange=NSE/symbol=ONGC/part-064840_457557-025113.parquet,real_data_sample\l2_unseen_validation\trade_date=2026-07-17\exchange=NSE\symbol=ONGC\part-064840_457557-025113.parquet,34587,downloaded,34587,
2026-07-17,NSE,ONGC,raw_l2/trade_date=2026-07-17/exchange=NSE/symbol=ONGC/part-064826_613309-025081.parquet,real_data_sample\l2_unseen_validation\trade_date=2026-07-17\exchange=NSE\symbol=ONGC\part-064826_613309-025081.parquet,34877,downloaded,34877,
2026-07-17,NSE,ONGC,raw_l2/trade_date=2026-07-17/exchange=NSE/symbol=ONGC/part-064744_975408-024985.parquet,real_data_sample\l2_unseen_validation\trade_date=2026-07-17\exchange=NSE\symbol=ONGC\part-064744_975408-024985.parquet,34694,downloaded,34694,
2026-07-17,NSE,ONGC,raw_l2/trade_date=2026-07-17/exchange=NSE/symbol=ONGC/part-064854_176374-025145.parquet,real_data_sample\l2_unseen_validation\trade_date=2026-07-17\exchange=NSE\symbol=ONGC\part-064854_176374-025145.parquet,34855,downloaded,34855,
2026-07-17,NSE,ONGC,raw_l2/trade_date=2026-07-17/exchange=NSE/symbol=ONGC/part-064908_074151-025177.parquet,real_data_sample\l2_unseen_validation\trade_date=2026-07-17\exchange=NSE\symbol=ONGC\part-064908_074151-025177.parquet,34731,downloaded,34731,
2026-07-17,NSE,ONGC,raw_l2/trade_date=2026-07-17/exchange=NSE/symbol=ONGC/part-064921_979003-025209.parquet,real_data_sample\l2_unseen_validation\trade_date=2026-07-17\exchange=NSE\symbol=ONGC\part-064921_979003-025209.parquet,34847,downloaded,34847,
2026-07-17,NSE,ONGC,raw_l2/trade_date=2026-07-17/exchange=NSE/symbol=ONGC/part-064935_811104-025241.parquet,real_data_sample\l2_unseen_validation\trade_date=2026-07-17\exchange=NSE\symbol=ONGC\part-064935_811104-025241.parquet,34753,downloaded,34753,
2026-07-17,NSE,ONGC,raw_l2/trade_date=2026-07-17/exchange=NSE/symbol=ONGC/part-065003_866531-025305.parquet,real_data_sample\l2_unseen_validation\trade_date=2026-07-17\exchange=NSE\symbol=ONGC\part-065003_866531-025305.parquet,34748,downloaded,34748,
2026-07-17,NSE,ONGC,raw_l2/trade_date=2026-07-17/exchange=NSE/symbol=ONGC/part-065017_719395-025337.parquet,real_data_sample\l2_unseen_validation\trade_date=2026-07-17\exchange=NSE\symbol=ONGC\part-065017_719395-025337.parquet,34926,downloaded,34926,
2026-07-17,NSE,ONGC,raw_l2/trade_date=2026-07-17/exchange=NSE/symbol=ONGC/part-064949_799248-025273.parquet,real_data_sample\l2_unseen_validation\trade_date=2026-07-17\exchange=NSE\symbol=ONGC\part-064949_799248-025273.parquet,34830,downloaded,34830,
2026-07-17,NSE,ONGC,raw_l2/trade_date=2026-07-17/exchange=NSE/symbol=ONGC/part-065031_550695-025369.parquet,real_data_sample\l2_unseen_validation\trade_date=2026-07-17\exchange=NSE\symbol=ONGC\part-065031_550695-025369.parquet,34838,downloaded,34838,
2026-07-17,NSE,ONGC,raw_l2/trade_date=2026-07-17/exchange=NSE/symbol=ONGC/part-065045_717698-025401.parquet,real_data_sample\l2_unseen_validation\trade_date=2026-07-17\exchange=NSE\symbol=ONGC\part-065045_717698-025401.parquet,34827,downloaded,34827,
2026-07-17,NSE,ONGC,raw_l2/trade_date=2026-07-17/exchange=NSE/symbol=ONGC/part-065059_704991-025433.parquet,real_data_sample\l2_unseen_validation\trade_date=2026-07-17\exchange=NSE\symbol=ONGC\part-065059_704991-025433.parquet,34743,downloaded,34743,
2026-07-17,NSE,ONGC,raw_l2/trade_date=2026-07-17/exchange=NSE/symbol=ONGC/part-065113_828373-025465.parquet,real_data_sample\l2_unseen_validation\trade_date=2026-07-17\exchange=NSE\symbol=ONGC\part-065113_828373-025465.parquet,34510,downloaded,34510,
2026-07-17,NSE,ONGC,raw_l2/trade_date=2026-07-17/exchange=NSE/symbol=ONGC/part-065306_454064-025721.parquet,real_data_sample\l2_unseen_validation\trade_date=2026-07-17\exchange=NSE\symbol=ONGC\part-065306_454064-025721.parquet,34687,downloaded,34687,
2026-07-17,NSE,ONGC,raw_l2/trade_date=2026-07-17/exchange=NSE/symbol=ONGC/part-065127_879310-025497.parquet,real_data_sample\l2_unseen_validation\trade_date=2026-07-17\exchange=NSE\symbol=ONGC\part-065127_879310-025497.parquet,34630,downloaded,34630,
2026-07-17,NSE,ONGC,raw_l2/trade_date=2026-07-17/exchange=NSE/symbol=ONGC/part-065209_993463-025593.parquet,real_data_sample\l2_unseen_validation\trade_date=2026-07-17\exchange=NSE\symbol=ONGC\part-065209_993463-025593.parquet,34877,downloaded,34877,
2026-07-17,NSE,ONGC,raw_l2/trade_date=2026-07-17/exchange=NSE/symbol=ONGC/part-065141_806730-025529.parquet,real_data_sample\l2_unseen_validation\trade_date=2026-07-17\exchange=NSE\symbol=ONGC\part-065141_806730-025529.parquet,34630,downloaded,34630,
2026-07-17,NSE,ONGC,raw_l2/trade_date=2026-07-17/exchange=NSE/symbol=ONGC/part-065224_095312-025625.parquet,real_data_sample\l2_unseen_validation\trade_date=2026-07-17\exchange=NSE\symbol=ONGC\part-065224_095312-025625.parquet,35006,downloaded,35006,
2026-07-17,NSE,ONGC,raw_l2/trade_date=2026-07-17/exchange=NSE/symbol=ONGC/part-065334_270510-025785.parquet,real_data_sample\l2_unseen_validation\trade_date=2026-07-17\exchange=NSE\symbol=ONGC\part-065334_270510-025785.parquet,34820,downloaded,34820,
2026-07-17,NSE,ONGC,raw_l2/trade_date=2026-07-17/exchange=NSE/symbol=ONGC/part-065238_183262-025657.parquet,real_data_sample\l2_unseen_validation\trade_date=2026-07-17\exchange=NSE\symbol=ONGC\part-065238_183262-025657.parquet,34833,downloaded,34833,
2026-07-17,NSE,ONGC,raw_l2/trade_date=2026-07-17/exchange=NSE/symbol=ONGC/part-065320_476730-025753.parquet,real_data_sample\l2_unseen_validation\trade_date=2026-07-17\exchange=NSE\symbol=ONGC\part-065320_476730-025753.parquet,34890,downloaded,34890,
2026-07-17,NSE,ONGC,raw_l2/trade_date=2026-07-17/exchange=NSE/symbol=ONGC/part-065348_066445-025817.parquet,real_data_sample\l2_unseen_validation\trade_date=2026-07-17\exchange=NSE\symbol=ONGC\part-065348_066445-025817.parquet,34625,downloaded,34625,
2026-07-17,NSE,ONGC,raw_l2/trade_date=2026-07-17/exchange=NSE/symbol=ONGC/part-065416_294101-025881.parquet,real_data_sample\l2_unseen_validation\trade_date=2026-07-17\exchange=NSE\symbol=ONGC\part-065416_294101-025881.parquet,34749,downloaded,34749,
2026-07-17,NSE,ONGC,raw_l2/trade_date=2026-07-17/exchange=NSE/symbol=ONGC/part-065155_847403-025561.parquet,real_data_sample\l2_unseen_validation\trade_date=2026-07-17\exchange=NSE\symbol=ONGC\part-065155_847403-025561.parquet,34868,downloaded,34868,
2026-07-17,NSE,ONGC,raw_l2/trade_date=2026-07-17/exchange=NSE/symbol=ONGC/part-065252_433759-025689.parquet,real_data_sample\l2_unseen_validation\trade_date=2026-07-17\exchange=NSE\symbol=ONGC\part-065252_433759-025689.parquet,34883,downloaded,34883,
2026-07-17,NSE,ONGC,raw_l2/trade_date=2026-07-17/exchange=NSE/symbol=ONGC/part-065430_393954-025913.parquet,real_data_sample\l2_unseen_validation\trade_date=2026-07-17\exchange=NSE\symbol=ONGC\part-065430_393954-025913.parquet,34780,downloaded,34780,
2026-07-17,NSE,ONGC,raw_l2/trade_date=2026-07-17/exchange=NSE/symbol=ONGC/part-065402_275158-025849.parquet,real_data_sample\l2_unseen_validation\trade_date=2026-07-17\exchange=NSE\symbol=ONGC\part-065402_275158-025849.parquet,34599,downloaded,34599,
2026-07-17,NSE,ONGC,raw_l2/trade_date=2026-07-17/exchange=NSE/symbol=ONGC/part-065444_352156-025945.parquet,real_data_sample\l2_unseen_validation\trade_date=2026-07-17\exchange=NSE\symbol=ONGC\part-065444_352156-025945.parquet,34703,downloaded,34703,
2026-07-17,NSE,ONGC,raw_l2/trade_date=2026-07-17/exchange=NSE/symbol=ONGC/part-065458_580405-025977.parquet,real_data_sample\l2_unseen_validation\trade_date=2026-07-17\exchange=NSE\symbol=ONGC\part-065458_580405-025977.parquet,34436,downloaded,34436,
2026-07-17,NSE,ONGC,raw_l2/trade_date=2026-07-17/exchange=NSE/symbol=ONGC/part-065512_621160-026009.parquet,real_data_sample\l2_unseen_validation\trade_date=2026-07-17\exchange=NSE\symbol=ONGC\part-065512_621160-026009.parquet,34724,downloaded,34724,
2026-07-17,NSE,ONGC,raw_l2/trade_date=2026-07-17/exchange=NSE/symbol=ONGC/part-065540_920436-026073.parquet,real_data_sample\l2_unseen_validation\trade_date=2026-07-17\exchange=NSE\symbol=ONGC\part-065540_920436-026073.parquet,34708,downloaded,34708,
2026-07-17,NSE,ONGC,raw_l2/trade_date=2026-07-17/exchange=NSE/symbol=ONGC/part-065704_828278-026265.parquet,real_data_sample\l2_unseen_validation\trade_date=2026-07-17\exchange=NSE\symbol=ONGC\part-065704_828278-026265.parquet,34774,downloaded,34774,
2026-07-17,NSE,ONGC,raw_l2/trade_date=2026-07-17/exchange=NSE/symbol=ONGC/part-065718_845012-026297.parquet,real_data_sample\l2_unseen_validation\trade_date=2026-07-17\exchange=NSE\symbol=ONGC\part-065718_845012-026297.parquet,34561,downloaded,34561,
2026-07-17,NSE,ONGC,raw_l2/trade_date=2026-07-17/exchange=NSE/symbol=ONGC/part-065608_868006-026137.parquet,real_data_sample\l2_unseen_validation\trade_date=2026-07-17\exchange=NSE\symbol=ONGC\part-065608_868006-026137.parquet,34687,downloaded,34687,
2026-07-17,NSE,ONGC,raw_l2/trade_date=2026-07-17/exchange=NSE/symbol=ONGC/part-065650_885232-026233.parquet,real_data_sample\l2_unseen_validation\trade_date=2026-07-17\exchange=NSE\symbol=ONGC\part-065650_885232-026233.parquet,34975,downloaded,34975,
2026-07-17,NSE,ONGC,raw_l2/trade_date=2026-07-17/exchange=NSE/symbol=ONGC/part-065636_857055-026201.parquet,real_data_sample\l2_unseen_validation\trade_date=2026-07-17\exchange=NSE\symbol=ONGC\part-065636_857055-026201.parquet,35004,downloaded,35004,
2026-07-17,NSE,ONGC,raw_l2/trade_date=2026-07-17/exchange=NSE/symbol=ONGC/part-065747_029040-026361.parquet,real_data_sample\l2_unseen_validation\trade_date=2026-07-17\exchange=NSE\symbol=ONGC\part-065747_029040-026361.parquet,34688,downloaded,34688,
2026-07-17,NSE,ONGC,raw_l2/trade_date=2026-07-17/exchange=NSE/symbol=ONGC/part-065554_826489-026105.parquet,real_data_sample\l2_unseen_validation\trade_date=2026-07-17\exchange=NSE\symbol=ONGC\part-065554_826489-026105.parquet,34611,downloaded,34611,
2026-07-17,NSE,ONGC,raw_l2/trade_date=2026-07-17/exchange=NSE/symbol=ONGC/part-065526_640841-026041.parquet,real_data_sample\l2_unseen_validation\trade_date=2026-07-17\exchange=NSE\symbol=ONGC\part-065526_640841-026041.parquet,34717,downloaded,34717,
2026-07-17,NSE,ONGC,raw_l2/trade_date=2026-07-17/exchange=NSE/symbol=ONGC/part-065732_996510-026329.parquet,real_data_sample\l2_unseen_validation\trade_date=2026-07-17\exchange=NSE\symbol=ONGC\part-065732_996510-026329.parquet,34682,downloaded,34682,
2026-07-17,NSE,ONGC,raw_l2/trade_date=2026-07-17/exchange=NSE/symbol=ONGC/part-065622_949350-026169.parquet,real_data_sample\l2_unseen_validation\trade_date=2026-07-17\exchange=NSE\symbol=ONGC\part-065622_949350-026169.parquet,34753,downloaded,34753,
2026-07-17,NSE,ONGC,raw_l2/trade_date=2026-07-17/exchange=NSE/symbol=ONGC/part-065815_502809-026425.parquet,real_data_sample\l2_unseen_validation\trade_date=2026-07-17\exchange=NSE\symbol=ONGC\part-065815_502809-026425.parquet,34817,downloaded,34817,
2026-07-17,NSE,ONGC,raw_l2/trade_date=2026-07-17/exchange=NSE/symbol=ONGC/part-065829_963103-026457.parquet,real_data_sample\l2_unseen_validation\trade_date=2026-07-17\exchange=NSE\symbol=ONGC\part-065829_963103-026457.parquet,34683,downloaded,34683,
2026-07-17,NSE,ONGC,raw_l2/trade_date=2026-07-17/exchange=NSE/symbol=ONGC/part-065801_208360-026393.parquet,real_data_sample\l2_unseen_validation\trade_date=2026-07-17\exchange=NSE\symbol=ONGC\part-065801_208360-026393.parquet,34760,downloaded,34760,
2026-07-17,NSE,ONGC,raw_l2/trade_date=2026-07-17/exchange=NSE/symbol=ONGC/part-065844_265111-026489.parquet,real_data_sample\l2_unseen_validation\trade_date=2026-07-17\exchange=NSE\symbol=ONGC\part-065844_265111-026489.parquet,34640,downloaded,34640,
2026-07-17,NSE,ONGC,raw_l2/trade_date=2026-07-17/exchange=NSE/symbol=ONGC/part-065927_326015-026585.parquet,real_data_sample\l2_unseen_validation\trade_date=2026-07-17\exchange=NSE\symbol=ONGC\part-065927_326015-026585.parquet,35010,downloaded,35010,
2026-07-17,NSE,ONGC,raw_l2/trade_date=2026-07-17/exchange=NSE/symbol=ONGC/part-065858_546097-026521.parquet,real_data_sample\l2_unseen_validation\trade_date=2026-07-17\exchange=NSE\symbol=ONGC\part-065858_546097-026521.parquet,34921,downloaded,34921,
2026-07-17,NSE,ONGC,raw_l2/trade_date=2026-07-17/exchange=NSE/symbol=ONGC/part-065912_698891-026553.parquet,real_data_sample\l2_unseen_validation\trade_date=2026-07-17\exchange=NSE\symbol=ONGC\part-065912_698891-026553.parquet,34624,downloaded,34624,
2026-07-17,NSE,ONGC,raw_l2/trade_date=2026-07-17/exchange=NSE/symbol=ONGC/part-065942_006475-026617.parquet,real_data_sample\l2_unseen_validation\trade_date=2026-07-17\exchange=NSE\symbol=ONGC\part-065942_006475-026617.parquet,34750,downloaded,34750,
2026-07-17,NSE,ONGC,raw_l2/trade_date=2026-07-17/exchange=NSE/symbol=ONGC/part-063910_808086-023801.parquet,real_data_sample\l2_unseen_validation\trade_date=2026-07-17\exchange=NSE\symbol=ONGC\part-063910_808086-023801.parquet,34615,downloaded,34615,
2026-07-17,NSE,ONGC,raw_l2/trade_date=2026-07-17/exchange=NSE/symbol=ONGC/part-070322_293545-027097.parquet,real_data_sample\l2_unseen_validation\trade_date=2026-07-17\exchange=NSE\symbol=ONGC\part-070322_293545-027097.parquet,34551,downloaded,34551,
2026-07-17,NSE,ONGC,raw_l2/trade_date=2026-07-17/exchange=NSE/symbol=ONGC/part-070237_940586-027001.parquet,real_data_sample\l2_unseen_validation\trade_date=2026-07-17\exchange=NSE\symbol=ONGC\part-070237_940586-027001.parquet,34664,downloaded,34664,
2026-07-17,NSE,ONGC,raw_l2/trade_date=2026-07-17/exchange=NSE/symbol=ONGC/part-070124_310960-026841.parquet,real_data_sample\l2_unseen_validation\trade_date=2026-07-17\exchange=NSE\symbol=ONGC\part-070124_310960-026841.parquet,34771,downloaded,34771,
2026-07-17,NSE,ONGC,raw_l2/trade_date=2026-07-17/exchange=NSE/symbol=ONGC/part-070307_707609-027065.parquet,real_data_sample\l2_unseen_validation\trade_date=2026-07-17\exchange=NSE\symbol=ONGC\part-070307_707609-027065.parquet,34731,downloaded,34731,
2026-07-17,NSE,ONGC,raw_l2/trade_date=2026-07-17/exchange=NSE/symbol=ONGC/part-070336_603114-027129.parquet,real_data_sample\l2_unseen_validation\trade_date=2026-07-17\exchange=NSE\symbol=ONGC\part-070336_603114-027129.parquet,34737,downloaded,34737,
2026-07-17,NSE,ONGC,raw_l2/trade_date=2026-07-17/exchange=NSE/symbol=ONGC/part-070350_904528-027161.parquet,real_data_sample\l2_unseen_validation\trade_date=2026-07-17\exchange=NSE\symbol=ONGC\part-070350_904528-027161.parquet,34749,downloaded,34749,
2026-07-17,NSE,ONGC,raw_l2/trade_date=2026-07-17/exchange=NSE/symbol=ONGC/part-070223_311342-026969.parquet,real_data_sample\l2_unseen_validation\trade_date=2026-07-17\exchange=NSE\symbol=ONGC\part-070223_311342-026969.parquet,34718,downloaded,34718,
2026-07-17,NSE,ONGC,raw_l2/trade_date=2026-07-17/exchange=NSE/symbol=ONGC/part-070040_212865-026745.parquet,real_data_sample\l2_unseen_validation\trade_date=2026-07-17\exchange=NSE\symbol=ONGC\part-070040_212865-026745.parquet,34882,downloaded,34882,
2026-07-17,NSE,ONGC,raw_l2/trade_date=2026-07-17/exchange=NSE/symbol=ONGC/part-070025_850056-026713.parquet,real_data_sample\l2_unseen_validation\trade_date=2026-07-17\exchange=NSE\symbol=ONGC\part-070025_850056-026713.parquet,34675,downloaded,34675,
2026-07-17,NSE,ONGC,raw_l2/trade_date=2026-07-17/exchange=NSE/symbol=ONGC/part-070252_858716-027033.parquet,real_data_sample\l2_unseen_validation\trade_date=2026-07-17\exchange=NSE\symbol=ONGC\part-070252_858716-027033.parquet,34669,downloaded,34669,
2026-07-17,NSE,ONGC,raw_l2/trade_date=2026-07-17/exchange=NSE/symbol=ONGC/part-070054_783656-026777.parquet,real_data_sample\l2_unseen_validation\trade_date=2026-07-17\exchange=NSE\symbol=ONGC\part-070054_783656-026777.parquet,34538,downloaded,34538,
2026-07-17,NSE,ONGC,raw_l2/trade_date=2026-07-17/exchange=NSE/symbol=ONGC/part-070011_360145-026681.parquet,real_data_sample\l2_unseen_validation\trade_date=2026-07-17\exchange=NSE\symbol=ONGC\part-070011_360145-026681.parquet,34718,downloaded,34718,
2026-07-17,NSE,ONGC,raw_l2/trade_date=2026-07-17/exchange=NSE/symbol=ONGC/part-065956_670348-026649.parquet,real_data_sample\l2_unseen_validation\trade_date=2026-07-17\exchange=NSE\symbol=ONGC\part-065956_670348-026649.parquet,34772,downloaded,34772,
2026-07-17,NSE,ONGC,raw_l2/trade_date=2026-07-17/exchange=NSE/symbol=ONGC/part-070109_679280-026809.parquet,real_data_sample\l2_unseen_validation\trade_date=2026-07-17\exchange=NSE\symbol=ONGC\part-070109_679280-026809.parquet,34920,downloaded,34920,
2026-07-17,NSE,ONGC,raw_l2/trade_date=2026-07-17/exchange=NSE/symbol=ONGC/part-070154_006611-026905.parquet,real_data_sample\l2_unseen_validation\trade_date=2026-07-17\exchange=NSE\symbol=ONGC\part-070154_006611-026905.parquet,34605,downloaded,34605,
2026-07-17,NSE,ONGC,raw_l2/trade_date=2026-07-17/exchange=NSE/symbol=ONGC/part-070139_392100-026873.parquet,real_data_sample\l2_unseen_validation\trade_date=2026-07-17\exchange=NSE\symbol=ONGC\part-070139_392100-026873.parquet,34501,downloaded,34501,
2026-07-17,NSE,ONGC,raw_l2/trade_date=2026-07-17/exchange=NSE/symbol=ONGC/part-070208_415406-026937.parquet,real_data_sample\l2_unseen_validation\trade_date=2026-07-17\exchange=NSE\symbol=ONGC\part-070208_415406-026937.parquet,34708,downloaded,34708,
2026-07-17,NSE,ONGC,raw_l2/trade_date=2026-07-17/exchange=NSE/symbol=ONGC/part-070405_362824-027193.parquet,real_data_sample\l2_unseen_validation\trade_date=2026-07-17\exchange=NSE\symbol=ONGC\part-070405_362824-027193.parquet,34862,downloaded,34862,
2026-07-17,NSE,ONGC,raw_l2/trade_date=2026-07-17/exchange=NSE/symbol=ONGC/part-070419_564926-027225.parquet,real_data_sample\l2_unseen_validation\trade_date=2026-07-17\exchange=NSE\symbol=ONGC\part-070419_564926-027225.parquet,34718,downloaded,34718,
2026-07-17,NSE,ONGC,raw_l2/trade_date=2026-07-17/exchange=NSE/symbol=ONGC/part-070657_788429-027577.parquet,real_data_sample\l2_unseen_validation\trade_date=2026-07-17\exchange=NSE\symbol=ONGC\part-070657_788429-027577.parquet,34806,downloaded,34806,
2026-07-17,NSE,ONGC,raw_l2/trade_date=2026-07-17/exchange=NSE/symbol=ONGC/part-070629_173846-027513.parquet,real_data_sample\l2_unseen_validation\trade_date=2026-07-17\exchange=NSE\symbol=ONGC\part-070629_173846-027513.parquet,34758,downloaded,34758,
2026-07-17,NSE,ONGC,raw_l2/trade_date=2026-07-17/exchange=NSE/symbol=ONGC/part-070531_799804-027385.parquet,real_data_sample\l2_unseen_validation\trade_date=2026-07-17\exchange=NSE\symbol=ONGC\part-070531_799804-027385.parquet,35379,downloaded,35379,
2026-07-17,NSE,ONGC,raw_l2/trade_date=2026-07-17/exchange=NSE/symbol=ONGC/part-070546_116905-027417.parquet,real_data_sample\l2_unseen_validation\trade_date=2026-07-17\exchange=NSE\symbol=ONGC\part-070546_116905-027417.parquet,36439,downloaded,36439,
2026-07-17,NSE,ONGC,raw_l2/trade_date=2026-07-17/exchange=NSE/symbol=ONGC/part-070517_167033-027353.parquet,real_data_sample\l2_unseen_validation\trade_date=2026-07-17\exchange=NSE\symbol=ONGC\part-070517_167033-027353.parquet,35292,downloaded,35292,
2026-07-17,NSE,ONGC,raw_l2/trade_date=2026-07-17/exchange=NSE/symbol=ONGC/part-070740_481483-027673.parquet,real_data_sample\l2_unseen_validation\trade_date=2026-07-17\exchange=NSE\symbol=ONGC\part-070740_481483-027673.parquet,34652,downloaded,34652,
2026-07-17,NSE,ONGC,raw_l2/trade_date=2026-07-17/exchange=NSE/symbol=ONGC/part-070433_732804-027257.parquet,real_data_sample\l2_unseen_validation\trade_date=2026-07-17\exchange=NSE\symbol=ONGC\part-070433_732804-027257.parquet,34917,downloaded,34917,
2026-07-17,NSE,ONGC,raw_l2/trade_date=2026-07-17/exchange=NSE/symbol=ONGC/part-070447_998885-027289.parquet,real_data_sample\l2_unseen_validation\trade_date=2026-07-17\exchange=NSE\symbol=ONGC\part-070447_998885-027289.parquet,34757,downloaded,34757,
2026-07-17,NSE,ONGC,raw_l2/trade_date=2026-07-17/exchange=NSE/symbol=ONGC/part-063924_795658-023833.parquet,real_data_sample\l2_unseen_validation\trade_date=2026-07-17\exchange=NSE\symbol=ONGC\part-063924_795658-023833.parquet,34609,downloaded,34609,
2026-07-17,NSE,ONGC,raw_l2/trade_date=2026-07-17/exchange=NSE/symbol=ONGC/part-064020_696466-023961.parquet,real_data_sample\l2_unseen_validation\trade_date=2026-07-17\exchange=NSE\symbol=ONGC\part-064020_696466-023961.parquet,34851,downloaded,34851,
2026-07-17,NSE,ONGC,raw_l2/trade_date=2026-07-17/exchange=NSE/symbol=ONGC/part-070726_278693-027641.parquet,real_data_sample\l2_unseen_validation\trade_date=2026-07-17\exchange=NSE\symbol=ONGC\part-070726_278693-027641.parquet,34673,downloaded,34673,
2026-07-17,NSE,ONGC,raw_l2/trade_date=2026-07-17/exchange=NSE/symbol=ONGC/part-070614_727366-027481.parquet,real_data_sample\l2_unseen_validation\trade_date=2026-07-17\exchange=NSE\symbol=ONGC\part-070614_727366-027481.parquet,35452,downloaded,35452,
2026-07-17,NSE,ONGC,raw_l2/trade_date=2026-07-17/exchange=NSE/symbol=ONGC/part-070502_726068-027321.parquet,real_data_sample\l2_unseen_validation\trade_date=2026-07-17\exchange=NSE\symbol=ONGC\part-070502_726068-027321.parquet,34931,downloaded,34931,
2026-07-17,NSE,ONGC,raw_l2/trade_date=2026-07-17/exchange=NSE/symbol=ONGC/part-070600_443874-027449.parquet,real_data_sample\l2_unseen_validation\trade_date=2026-07-17\exchange=NSE\symbol=ONGC\part-070600_443874-027449.parquet,36064,downloaded,36064,
2026-07-17,NSE,ONGC,raw_l2/trade_date=2026-07-17/exchange=NSE/symbol=ONGC/part-070754_588128-027705.parquet,real_data_sample\l2_unseen_validation\trade_date=2026-07-17\exchange=NSE\symbol=ONGC\part-070754_588128-027705.parquet,34883,downloaded,34883,
2026-07-17,NSE,ONGC,raw_l2/trade_date=2026-07-17/exchange=NSE/symbol=ONGC/part-070808_667972-027737.parquet,real_data_sample\l2_unseen_validation\trade_date=2026-07-17\exchange=NSE\symbol=ONGC\part-070808_667972-027737.parquet,34615,downloaded,34615,
2026-07-17,NSE,ONGC,raw_l2/trade_date=2026-07-17/exchange=NSE/symbol=ONGC/part-070822_756474-027769.parquet,real_data_sample\l2_unseen_validation\trade_date=2026-07-17\exchange=NSE\symbol=ONGC\part-070822_756474-027769.parquet,34739,downloaded,34739,
2026-07-17,NSE,ONGC,raw_l2/trade_date=2026-07-17/exchange=NSE/symbol=ONGC/part-070643_526991-027545.parquet,real_data_sample\l2_unseen_validation\trade_date=2026-07-17\exchange=NSE\symbol=ONGC\part-070643_526991-027545.parquet,34749,downloaded,34749,
2026-07-17,NSE,ONGC,raw_l2/trade_date=2026-07-17/exchange=NSE/symbol=ONGC/part-070712_027478-027609.parquet,real_data_sample\l2_unseen_validation\trade_date=2026-07-17\exchange=NSE\symbol=ONGC\part-070712_027478-027609.parquet,34647,downloaded,34647,
2026-07-17,NSE,ONGC,raw_l2/trade_date=2026-07-17/exchange=NSE/symbol=ONGC/part-063813_464061-023673.parquet,real_data_sample\l2_unseen_validation\trade_date=2026-07-17\exchange=NSE\symbol=ONGC\part-063813_464061-023673.parquet,34831,downloaded,34831,
2026-07-17,NSE,ONGC,raw_l2/trade_date=2026-07-17/exchange=NSE/symbol=ONGC/part-063759_530877-023641.parquet,real_data_sample\l2_unseen_validation\trade_date=2026-07-17\exchange=NSE\symbol=ONGC\part-063759_530877-023641.parquet,34744,downloaded,34744,
2026-07-17,NSE,ONGC,raw_l2/trade_date=2026-07-17/exchange=NSE/symbol=ONGC/part-070837_266834-027801.parquet,real_data_sample\l2_unseen_validation\trade_date=2026-07-17\exchange=NSE\symbol=ONGC\part-070837_266834-027801.parquet,34736,downloaded,34736,
2026-07-17,NSE,ONGC,raw_l2/trade_date=2026-07-17/exchange=NSE/symbol=ONGC/part-070851_507977-027833.parquet,real_data_sample\l2_unseen_validation\trade_date=2026-07-17\exchange=NSE\symbol=ONGC\part-070851_507977-027833.parquet,34892,downloaded,34892,
2026-07-17,NSE,ONGC,raw_l2/trade_date=2026-07-17/exchange=NSE/symbol=ONGC/part-064006_574521-023929.parquet,real_data_sample\l2_unseen_validation\trade_date=2026-07-17\exchange=NSE\symbol=ONGC\part-064006_574521-023929.parquet,35056,downloaded,35056,
2026-07-17,NSE,ONGC,raw_l2/trade_date=2026-07-17/exchange=NSE/symbol=ONGC/part-063856_786234-023769.parquet,real_data_sample\l2_unseen_validation\trade_date=2026-07-17\exchange=NSE\symbol=ONGC\part-063856_786234-023769.parquet,34970,downloaded,34970,
2026-07-17,NSE,ONGC,raw_l2/trade_date=2026-07-17/exchange=NSE/symbol=ONGC/part-063841_984501-023737.parquet,real_data_sample\l2_unseen_validation\trade_date=2026-07-17\exchange=NSE\symbol=ONGC\part-063841_984501-023737.parquet,34783,downloaded,34783,
2026-07-17,NSE,ONGC,raw_l2/trade_date=2026-07-17/exchange=NSE/symbol=ONGC/part-064144_699145-024153.parquet,real_data_sample\l2_unseen_validation\trade_date=2026-07-17\exchange=NSE\symbol=ONGC\part-064144_699145-024153.parquet,35281,downloaded,35281,
2026-07-17,NSE,ONGC,raw_l2/trade_date=2026-07-17/exchange=NSE/symbol=ONGC/part-063827_761117-023705.parquet,real_data_sample\l2_unseen_validation\trade_date=2026-07-17\exchange=NSE\symbol=ONGC\part-063827_761117-023705.parquet,34862,downloaded,34862,
2026-07-17,NSE,ONGC,raw_l2/trade_date=2026-07-17/exchange=NSE/symbol=ONGC/part-063745_743278-023609.parquet,real_data_sample\l2_unseen_validation\trade_date=2026-07-17\exchange=NSE\symbol=ONGC\part-063745_743278-023609.parquet,34652,downloaded,34652,
2026-07-17,NSE,ONGC,raw_l2/trade_date=2026-07-17/exchange=NSE/symbol=ONGC/part-063952_774862-023897.parquet,real_data_sample\l2_unseen_validation\trade_date=2026-07-17\exchange=NSE\symbol=ONGC\part-063952_774862-023897.parquet,34838,downloaded,34838,
2026-07-17,NSE,ONGC,raw_l2/trade_date=2026-07-17/exchange=NSE/symbol=ONGC/part-063731_755134-023577.parquet,real_data_sample\l2_unseen_validation\trade_date=2026-07-17\exchange=NSE\symbol=ONGC\part-063731_755134-023577.parquet,34694,downloaded,34694,
2026-07-17,NSE,ONGC,raw_l2/trade_date=2026-07-17/exchange=NSE/symbol=ONGC/part-070906_016005-027865.parquet,real_data_sample\l2_unseen_validation\trade_date=2026-07-17\exchange=NSE\symbol=ONGC\part-070906_016005-027865.parquet,34747,downloaded,34747,
2026-07-17,NSE,ONGC,raw_l2/trade_date=2026-07-17/exchange=NSE/symbol=ONGC/part-070920_251261-027897.parquet,real_data_sample\l2_unseen_validation\trade_date=2026-07-17\exchange=NSE\symbol=ONGC\part-070920_251261-027897.parquet,34754,downloaded,34754,
2026-07-17,NSE,ONGC,raw_l2/trade_date=2026-07-17/exchange=NSE/symbol=ONGC/part-064034_797264-023993.parquet,real_data_sample\l2_unseen_validation\trade_date=2026-07-17\exchange=NSE\symbol=ONGC\part-064034_797264-023993.parquet,34604,downloaded,34604,
2026-07-17,NSE,ONGC,raw_l2/trade_date=2026-07-17/exchange=NSE/symbol=ONGC/part-071046_469234-028089.parquet,real_data_sample\l2_unseen_validation\trade_date=2026-07-17\exchange=NSE\symbol=ONGC\part-071046_469234-028089.parquet,34888,downloaded,34888,
2026-07-17,NSE,ONGC,raw_l2/trade_date=2026-07-17/exchange=NSE/symbol=ONGC/part-071031_994916-028057.parquet,real_data_sample\l2_unseen_validation\trade_date=2026-07-17\exchange=NSE\symbol=ONGC\part-071031_994916-028057.parquet,34895,downloaded,34895,
2026-07-17,NSE,ONGC,raw_l2/trade_date=2026-07-17/exchange=NSE/symbol=ONGC/part-070934_956546-027929.parquet,real_data_sample\l2_unseen_validation\trade_date=2026-07-17\exchange=NSE\symbol=ONGC\part-070934_956546-027929.parquet,34757,downloaded,34757,
2026-07-17,NSE,ONGC,raw_l2/trade_date=2026-07-17/exchange=NSE/symbol=ONGC/part-071130_145147-028185.parquet,real_data_sample\l2_unseen_validation\trade_date=2026-07-17\exchange=NSE\symbol=ONGC\part-071130_145147-028185.parquet,36158,downloaded,36158,
2026-07-17,NSE,ONGC,raw_l2/trade_date=2026-07-17/exchange=NSE/symbol=ONGC/part-071159_159126-028249.parquet,real_data_sample\l2_unseen_validation\trade_date=2026-07-17\exchange=NSE\symbol=ONGC\part-071159_159126-028249.parquet,35780,downloaded,35780,
2026-07-17,NSE,ONGC,raw_l2/trade_date=2026-07-17/exchange=NSE/symbol=ONGC/part-071144_804775-028217.parquet,real_data_sample\l2_unseen_validation\trade_date=2026-07-17\exchange=NSE\symbol=ONGC\part-071144_804775-028217.parquet,35934,downloaded,35934,
2026-07-17,NSE,ONGC,raw_l2/trade_date=2026-07-17/exchange=NSE/symbol=ONGC/part-071325_340343-028441.parquet,real_data_sample\l2_unseen_validation\trade_date=2026-07-17\exchange=NSE\symbol=ONGC\part-071325_340343-028441.parquet,34605,downloaded,34605,
2026-07-17,NSE,ONGC,raw_l2/trade_date=2026-07-17/exchange=NSE/symbol=ONGC/part-071256_775460-028377.parquet,real_data_sample\l2_unseen_validation\trade_date=2026-07-17\exchange=NSE\symbol=ONGC\part-071256_775460-028377.parquet,35280,downloaded,35280,
2026-07-17,NSE,ONGC,raw_l2/trade_date=2026-07-17/exchange=NSE/symbol=ONGC/part-071242_587003-028345.parquet,real_data_sample\l2_unseen_validation\trade_date=2026-07-17\exchange=NSE\symbol=ONGC\part-071242_587003-028345.parquet,35100,downloaded,35100,
2026-07-17,NSE,ONGC,raw_l2/trade_date=2026-07-17/exchange=NSE/symbol=ONGC/part-071228_119891-028313.parquet,real_data_sample\l2_unseen_validation\trade_date=2026-07-17\exchange=NSE\symbol=ONGC\part-071228_119891-028313.parquet,34873,downloaded,34873,
2026-07-17,NSE,ONGC,raw_l2/trade_date=2026-07-17/exchange=NSE/symbol=ONGC/part-071017_973460-028025.parquet,real_data_sample\l2_unseen_validation\trade_date=2026-07-17\exchange=NSE\symbol=ONGC\part-071017_973460-028025.parquet,34952,downloaded,34952,
2026-07-17,NSE,ONGC,raw_l2/trade_date=2026-07-17/exchange=NSE/symbol=ONGC/part-071213_599527-028281.parquet,real_data_sample\l2_unseen_validation\trade_date=2026-07-17\exchange=NSE\symbol=ONGC\part-071213_599527-028281.parquet,35334,downloaded,35334,
2026-07-17,NSE,ONGC,raw_l2/trade_date=2026-07-17/exchange=NSE/symbol=ONGC/part-071339_621954-028473.parquet,real_data_sample\l2_unseen_validation\trade_date=2026-07-17\exchange=NSE\symbol=ONGC\part-071339_621954-028473.parquet,34791,downloaded,34791,
2026-07-17,NSE,ONGC,raw_l2/trade_date=2026-07-17/exchange=NSE/symbol=ONGC/part-071003_740114-027993.parquet,real_data_sample\l2_unseen_validation\trade_date=2026-07-17\exchange=NSE\symbol=ONGC\part-071003_740114-027993.parquet,34954,downloaded,34954,
2026-07-17,NSE,ONGC,raw_l2/trade_date=2026-07-17/exchange=NSE/symbol=ONGC/part-071311_118354-028409.parquet,real_data_sample\l2_unseen_validation\trade_date=2026-07-17\exchange=NSE\symbol=ONGC\part-071311_118354-028409.parquet,34999,downloaded,34999,
2026-07-17,NSE,ONGC,raw_l2/trade_date=2026-07-17/exchange=NSE/symbol=ONGC/part-070949_583884-027961.parquet,real_data_sample\l2_unseen_validation\trade_date=2026-07-17\exchange=NSE\symbol=ONGC\part-070949_583884-027961.parquet,34707,downloaded,34707,
2026-07-17,NSE,ONGC,raw_l2/trade_date=2026-07-17/exchange=NSE/symbol=ONGC/part-071408_358722-028537.parquet,real_data_sample\l2_unseen_validation\trade_date=2026-07-17\exchange=NSE\symbol=ONGC\part-071408_358722-028537.parquet,34870,downloaded,34870,
2026-07-17,NSE,ONGC,raw_l2/trade_date=2026-07-17/exchange=NSE/symbol=ONGC/part-071422_565911-028569.parquet,real_data_sample\l2_unseen_validation\trade_date=2026-07-17\exchange=NSE\symbol=ONGC\part-071422_565911-028569.parquet,34865,downloaded,34865,
2026-07-17,NSE,ONGC,raw_l2/trade_date=2026-07-17/exchange=NSE/symbol=ONGC/part-071115_534634-028153.parquet,real_data_sample\l2_unseen_validation\trade_date=2026-07-17\exchange=NSE\symbol=ONGC\part-071115_534634-028153.parquet,35286,downloaded,35286,
2026-07-17,NSE,ONGC,raw_l2/trade_date=2026-07-17/exchange=NSE/symbol=ONGC/part-071728_435812-028985.parquet,real_data_sample\l2_unseen_validation\trade_date=2026-07-17\exchange=NSE\symbol=ONGC\part-071728_435812-028985.parquet,34710,downloaded,34710,
2026-07-17,NSE,ONGC,raw_l2/trade_date=2026-07-17/exchange=NSE/symbol=ONGC/part-071101_019688-028121.parquet,real_data_sample\l2_unseen_validation\trade_date=2026-07-17\exchange=NSE\symbol=ONGC\part-071101_019688-028121.parquet,34644,downloaded,34644,
2026-07-17,NSE,ONGC,raw_l2/trade_date=2026-07-17/exchange=NSE/symbol=ONGC/part-071938_573642-029273.parquet,real_data_sample\l2_unseen_validation\trade_date=2026-07-17\exchange=NSE\symbol=ONGC\part-071938_573642-029273.parquet,34683,downloaded,34683,
2026-07-17,NSE,ONGC,raw_l2/trade_date=2026-07-17/exchange=NSE/symbol=ONGC/part-071354_028849-028505.parquet,real_data_sample\l2_unseen_validation\trade_date=2026-07-17\exchange=NSE\symbol=ONGC\part-071354_028849-028505.parquet,35015,downloaded,35015,
2026-07-17,NSE,ONGC,raw_l2/trade_date=2026-07-17/exchange=NSE/symbol=ONGC/part-072021_327575-029369.parquet,real_data_sample\l2_unseen_validation\trade_date=2026-07-17\exchange=NSE\symbol=ONGC\part-072021_327575-029369.parquet,34638,downloaded,34638,
2026-07-17,NSE,ONGC,raw_l2/trade_date=2026-07-17/exchange=NSE/symbol=ONGC/part-071840_514840-029145.parquet,real_data_sample\l2_unseen_validation\trade_date=2026-07-17\exchange=NSE\symbol=ONGC\part-071840_514840-029145.parquet,34505,downloaded,34505,
2026-07-17,NSE,ONGC,raw_l2/trade_date=2026-07-17/exchange=NSE/symbol=ONGC/part-071646_015410-028889.parquet,real_data_sample\l2_unseen_validation\trade_date=2026-07-17\exchange=NSE\symbol=ONGC\part-071646_015410-028889.parquet,34732,downloaded,34732,
2026-07-17,NSE,ONGC,raw_l2/trade_date=2026-07-17/exchange=NSE/symbol=ONGC/part-071631_738908-028857.parquet,real_data_sample\l2_unseen_validation\trade_date=2026-07-17\exchange=NSE\symbol=ONGC\part-071631_738908-028857.parquet,34583,downloaded,34583,
2026-07-17,NSE,ONGC,raw_l2/trade_date=2026-07-17/exchange=NSE/symbol=ONGC/part-071548_907726-028761.parquet,real_data_sample\l2_unseen_validation\trade_date=2026-07-17\exchange=NSE\symbol=ONGC\part-071548_907726-028761.parquet,35267,downloaded,35267,
2026-07-17,NSE,ONGC,raw_l2/trade_date=2026-07-17/exchange=NSE/symbol=ONGC/part-071603_303572-028793.parquet,real_data_sample\l2_unseen_validation\trade_date=2026-07-17\exchange=NSE\symbol=ONGC\part-071603_303572-028793.parquet,34797,downloaded,34797,
2026-07-17,NSE,ONGC,raw_l2/trade_date=2026-07-17/exchange=NSE/symbol=ONGC/part-071714_380107-028953.parquet,real_data_sample\l2_unseen_validation\trade_date=2026-07-17\exchange=NSE\symbol=ONGC\part-071714_380107-028953.parquet,34823,downloaded,34823,
2026-07-17,NSE,ONGC,raw_l2/trade_date=2026-07-17/exchange=NSE/symbol=ONGC/part-071617_496530-028825.parquet,real_data_sample\l2_unseen_validation\trade_date=2026-07-17\exchange=NSE\symbol=ONGC\part-071617_496530-028825.parquet,34879,downloaded,34879,
2026-07-17,NSE,ONGC,raw_l2/trade_date=2026-07-17/exchange=NSE/symbol=ONGC/part-072104_079280-029465.parquet,real_data_sample\l2_unseen_validation\trade_date=2026-07-17\exchange=NSE\symbol=ONGC\part-072104_079280-029465.parquet,34758,downloaded,34758,
2026-07-17,NSE,ONGC,raw_l2/trade_date=2026-07-17/exchange=NSE/symbol=ONGC/part-071909_930393-029209.parquet,real_data_sample\l2_unseen_validation\trade_date=2026-07-17\exchange=NSE\symbol=ONGC\part-071909_930393-029209.parquet,34962,downloaded,34962,
2026-07-17,NSE,ONGC,raw_l2/trade_date=2026-07-17/exchange=NSE/symbol=ONGC/part-071924_255873-029241.parquet,real_data_sample\l2_unseen_validation\trade_date=2026-07-17\exchange=NSE\symbol=ONGC\part-071924_255873-029241.parquet,34931,downloaded,34931,
2026-07-17,NSE,ONGC,raw_l2/trade_date=2026-07-17/exchange=NSE/symbol=ONGC/part-071855_499472-029177.parquet,real_data_sample\l2_unseen_validation\trade_date=2026-07-17\exchange=NSE\symbol=ONGC\part-071855_499472-029177.parquet,34559,downloaded,34559,
2026-07-17,NSE,ONGC,raw_l2/trade_date=2026-07-17/exchange=NSE/symbol=ONGC/part-071952_691767-029305.parquet,real_data_sample\l2_unseen_validation\trade_date=2026-07-17\exchange=NSE\symbol=ONGC\part-071952_691767-029305.parquet,34834,downloaded,34834,
2026-07-17,NSE,ONGC,raw_l2/trade_date=2026-07-17/exchange=NSE/symbol=ONGC/part-072049_813654-029433.parquet,real_data_sample\l2_unseen_validation\trade_date=2026-07-17\exchange=NSE\symbol=ONGC\part-072049_813654-029433.parquet,34869,downloaded,34869,
2026-07-17,NSE,ONGC,raw_l2/trade_date=2026-07-17/exchange=NSE/symbol=ONGC/part-072007_049334-029337.parquet,real_data_sample\l2_unseen_validation\trade_date=2026-07-17\exchange=NSE\symbol=ONGC\part-072007_049334-029337.parquet,34757,downloaded,34757,
2026-07-17,NSE,ONGC,raw_l2/trade_date=2026-07-17/exchange=NSE/symbol=ONGC/part-071451_244011-028633.parquet,real_data_sample\l2_unseen_validation\trade_date=2026-07-17\exchange=NSE\symbol=ONGC\part-071451_244011-028633.parquet,34692,downloaded,34692,
2026-07-17,NSE,ONGC,raw_l2/trade_date=2026-07-17/exchange=NSE/symbol=ONGC/part-072035_534590-029401.parquet,real_data_sample\l2_unseen_validation\trade_date=2026-07-17\exchange=NSE\symbol=ONGC\part-072035_534590-029401.parquet,34653,downloaded,34653,
2026-07-17,NSE,ONGC,raw_l2/trade_date=2026-07-17/exchange=NSE/symbol=ONGC/part-071742_750873-029017.parquet,real_data_sample\l2_unseen_validation\trade_date=2026-07-17\exchange=NSE\symbol=ONGC\part-071742_750873-029017.parquet,34665,downloaded,34665,
2026-07-17,NSE,ONGC,raw_l2/trade_date=2026-07-17/exchange=NSE/symbol=ONGC/part-071757_000938-029049.parquet,real_data_sample\l2_unseen_validation\trade_date=2026-07-17\exchange=NSE\symbol=ONGC\part-071757_000938-029049.parquet,34590,downloaded,34590,
2026-07-17,NSE,ONGC,raw_l2/trade_date=2026-07-17/exchange=NSE/symbol=ONGC/part-071825_776171-029113.parquet,real_data_sample\l2_unseen_validation\trade_date=2026-07-17\exchange=NSE\symbol=ONGC\part-071825_776171-029113.parquet,34523,downloaded,34523,
2026-07-17,NSE,ONGC,raw_l2/trade_date=2026-07-17/exchange=NSE/symbol=ONGC/part-072118_190808-029497.parquet,real_data_sample\l2_unseen_validation\trade_date=2026-07-17\exchange=NSE\symbol=ONGC\part-072118_190808-029497.parquet,35693,downloaded,35693,
2026-07-17,NSE,ONGC,raw_l2/trade_date=2026-07-17/exchange=NSE/symbol=ONGC/part-071700_181848-028921.parquet,real_data_sample\l2_unseen_validation\trade_date=2026-07-17\exchange=NSE\symbol=ONGC\part-071700_181848-028921.parquet,35020,downloaded,35020,
2026-07-17,NSE,ONGC,raw_l2/trade_date=2026-07-17/exchange=NSE/symbol=ONGC/part-071436_770565-028601.parquet,real_data_sample\l2_unseen_validation\trade_date=2026-07-17\exchange=NSE\symbol=ONGC\part-071436_770565-028601.parquet,34678,downloaded,34678,
2026-07-17,NSE,ONGC,raw_l2/trade_date=2026-07-17/exchange=NSE/symbol=ONGC/part-071520_203885-028697.parquet,real_data_sample\l2_unseen_validation\trade_date=2026-07-17\exchange=NSE\symbol=ONGC\part-071520_203885-028697.parquet,35130,downloaded,35130,
2026-07-17,NSE,ONGC,raw_l2/trade_date=2026-07-17/exchange=NSE/symbol=ONGC/part-071811_506267-029081.parquet,real_data_sample\l2_unseen_validation\trade_date=2026-07-17\exchange=NSE\symbol=ONGC\part-071811_506267-029081.parquet,34749,downloaded,34749,
2026-07-17,NSE,ONGC,raw_l2/trade_date=2026-07-17/exchange=NSE/symbol=ONGC/part-072146_345473-029561.parquet,real_data_sample\l2_unseen_validation\trade_date=2026-07-17\exchange=NSE\symbol=ONGC\part-072146_345473-029561.parquet,35819,downloaded,35819,
2026-07-17,NSE,ONGC,raw_l2/trade_date=2026-07-17/exchange=NSE/symbol=ONGC/part-072132_394506-029529.parquet,real_data_sample\l2_unseen_validation\trade_date=2026-07-17\exchange=NSE\symbol=ONGC\part-072132_394506-029529.parquet,36135,downloaded,36135,
2026-07-17,NSE,ONGC,raw_l2/trade_date=2026-07-17/exchange=NSE/symbol=ONGC/part-072229_554546-029657.parquet,real_data_sample\l2_unseen_validation\trade_date=2026-07-17\exchange=NSE\symbol=ONGC\part-072229_554546-029657.parquet,35112,downloaded,35112,
2026-07-17,NSE,ONGC,raw_l2/trade_date=2026-07-17/exchange=NSE/symbol=ONGC/part-072201_273038-029593.parquet,real_data_sample\l2_unseen_validation\trade_date=2026-07-17\exchange=NSE\symbol=ONGC\part-072201_273038-029593.parquet,35631,downloaded,35631,
2026-07-17,NSE,ONGC,raw_l2/trade_date=2026-07-17/exchange=NSE/symbol=ONGC/part-072215_507902-029625.parquet,real_data_sample\l2_unseen_validation\trade_date=2026-07-17\exchange=NSE\symbol=ONGC\part-072215_507902-029625.parquet,35378,downloaded,35378,
2026-07-17,NSE,ONGC,raw_l2/trade_date=2026-07-17/exchange=NSE/symbol=ONGC/part-071534_447619-028729.parquet,real_data_sample\l2_unseen_validation\trade_date=2026-07-17\exchange=NSE\symbol=ONGC\part-071534_447619-028729.parquet,34974,downloaded,34974,
2026-07-17,NSE,ONGC,raw_l2/trade_date=2026-07-17/exchange=NSE/symbol=ONGC/part-071505_722397-028665.parquet,real_data_sample\l2_unseen_validation\trade_date=2026-07-17\exchange=NSE\symbol=ONGC\part-071505_722397-028665.parquet,34768,downloaded,34768,
2026-07-17,NSE,ONGC,raw_l2/trade_date=2026-07-17/exchange=NSE/symbol=ONGC/part-072326_749857-029785.parquet,real_data_sample\l2_unseen_validation\trade_date=2026-07-17\exchange=NSE\symbol=ONGC\part-072326_749857-029785.parquet,34718,downloaded,34718,
2026-07-17,NSE,ONGC,raw_l2/trade_date=2026-07-17/exchange=NSE/symbol=ONGC/part-072715_185299-030297.parquet,real_data_sample\l2_unseen_validation\trade_date=2026-07-17\exchange=NSE\symbol=ONGC\part-072715_185299-030297.parquet,34490,downloaded,34490,
2026-07-17,NSE,ONGC,raw_l2/trade_date=2026-07-17/exchange=NSE/symbol=ONGC/part-072729_550397-030329.parquet,real_data_sample\l2_unseen_validation\trade_date=2026-07-17\exchange=NSE\symbol=ONGC\part-072729_550397-030329.parquet,34811,downloaded,34811,
2026-07-17,NSE,ONGC,raw_l2/trade_date=2026-07-17/exchange=NSE/symbol=ONGC/part-072758_529469-030393.parquet,real_data_sample\l2_unseen_validation\trade_date=2026-07-17\exchange=NSE\symbol=ONGC\part-072758_529469-030393.parquet,34729,downloaded,34729,
2026-07-17,NSE,ONGC,raw_l2/trade_date=2026-07-17/exchange=NSE/symbol=ONGC/part-072843_230353-030489.parquet,real_data_sample\l2_unseen_validation\trade_date=2026-07-17\exchange=NSE\symbol=ONGC\part-072843_230353-030489.parquet,34762,downloaded,34762,
2026-07-17,NSE,ONGC,raw_l2/trade_date=2026-07-17/exchange=NSE/symbol=ONGC/part-072646_446924-030233.parquet,real_data_sample\l2_unseen_validation\trade_date=2026-07-17\exchange=NSE\symbol=ONGC\part-072646_446924-030233.parquet,34580,downloaded,34580,
2026-07-17,NSE,ONGC,raw_l2/trade_date=2026-07-17/exchange=NSE/symbol=ONGC/part-072813_045151-030425.parquet,real_data_sample\l2_unseen_validation\trade_date=2026-07-17\exchange=NSE\symbol=ONGC\part-072813_045151-030425.parquet,34834,downloaded,34834,
2026-07-17,NSE,ONGC,raw_l2/trade_date=2026-07-17/exchange=NSE/symbol=ONGC/part-072603_475295-030137.parquet,real_data_sample\l2_unseen_validation\trade_date=2026-07-17\exchange=NSE\symbol=ONGC\part-072603_475295-030137.parquet,34689,downloaded,34689,
2026-07-17,NSE,ONGC,raw_l2/trade_date=2026-07-17/exchange=NSE/symbol=ONGC/part-072700_778749-030265.parquet,real_data_sample\l2_unseen_validation\trade_date=2026-07-17\exchange=NSE\symbol=ONGC\part-072700_778749-030265.parquet,34706,downloaded,34706,
2026-07-17,NSE,ONGC,raw_l2/trade_date=2026-07-17/exchange=NSE/symbol=ONGC/part-072743_922027-030361.parquet,real_data_sample\l2_unseen_validation\trade_date=2026-07-17\exchange=NSE\symbol=ONGC\part-072743_922027-030361.parquet,34625,downloaded,34625,
2026-07-17,NSE,ONGC,raw_l2/trade_date=2026-07-17/exchange=NSE/symbol=ONGC/part-072857_714220-030521.parquet,real_data_sample\l2_unseen_validation\trade_date=2026-07-17\exchange=NSE\symbol=ONGC\part-072857_714220-030521.parquet,34866,downloaded,34866,
2026-07-17,NSE,ONGC,raw_l2/trade_date=2026-07-17/exchange=NSE/symbol=ONGC/part-072617_653888-030169.parquet,real_data_sample\l2_unseen_validation\trade_date=2026-07-17\exchange=NSE\symbol=ONGC\part-072617_653888-030169.parquet,34687,downloaded,34687,
2026-07-17,NSE,ONGC,raw_l2/trade_date=2026-07-17/exchange=NSE/symbol=ONGC/part-072549_496657-030105.parquet,real_data_sample\l2_unseen_validation\trade_date=2026-07-17\exchange=NSE\symbol=ONGC\part-072549_496657-030105.parquet,34539,downloaded,34539,
2026-07-17,NSE,ONGC,raw_l2/trade_date=2026-07-17/exchange=NSE/symbol=ONGC/part-072438_108590-029945.parquet,real_data_sample\l2_unseen_validation\trade_date=2026-07-17\exchange=NSE\symbol=ONGC\part-072438_108590-029945.parquet,34621,downloaded,34621,
2026-07-17,NSE,ONGC,raw_l2/trade_date=2026-07-17/exchange=NSE/symbol=ONGC/part-072941_728970-030617.parquet,real_data_sample\l2_unseen_validation\trade_date=2026-07-17\exchange=NSE\symbol=ONGC\part-072941_728970-030617.parquet,35132,downloaded,35132,
2026-07-17,NSE,ONGC,raw_l2/trade_date=2026-07-17/exchange=NSE/symbol=ONGC/part-072827_281006-030457.parquet,real_data_sample\l2_unseen_validation\trade_date=2026-07-17\exchange=NSE\symbol=ONGC\part-072827_281006-030457.parquet,34409,downloaded,34409,
2026-07-17,NSE,ONGC,raw_l2/trade_date=2026-07-17/exchange=NSE/symbol=ONGC/part-072912_395679-030553.parquet,real_data_sample\l2_unseen_validation\trade_date=2026-07-17\exchange=NSE\symbol=ONGC\part-072912_395679-030553.parquet,34868,downloaded,34868,
2026-07-17,NSE,ONGC,raw_l2/trade_date=2026-07-17/exchange=NSE/symbol=ONGC/part-072521_005055-030041.parquet,real_data_sample\l2_unseen_validation\trade_date=2026-07-17\exchange=NSE\symbol=ONGC\part-072521_005055-030041.parquet,34634,downloaded,34634,
2026-07-17,NSE,ONGC,raw_l2/trade_date=2026-07-17/exchange=NSE/symbol=ONGC/part-072927_162866-030585.parquet,real_data_sample\l2_unseen_validation\trade_date=2026-07-17\exchange=NSE\symbol=ONGC\part-072927_162866-030585.parquet,35420,downloaded,35420,
2026-07-17,NSE,ONGC,raw_l2/trade_date=2026-07-17/exchange=NSE/symbol=ONGC/part-072452_623092-029977.parquet,real_data_sample\l2_unseen_validation\trade_date=2026-07-17\exchange=NSE\symbol=ONGC\part-072452_623092-029977.parquet,34571,downloaded,34571,
2026-07-17,NSE,ONGC,raw_l2/trade_date=2026-07-17/exchange=NSE/symbol=ONGC/part-072506_839772-030009.parquet,real_data_sample\l2_unseen_validation\trade_date=2026-07-17\exchange=NSE\symbol=ONGC\part-072506_839772-030009.parquet,34708,downloaded,34708,
2026-07-17,NSE,ONGC,raw_l2/trade_date=2026-07-17/exchange=NSE/symbol=ONGC/part-072423_706304-029913.parquet,real_data_sample\l2_unseen_validation\trade_date=2026-07-17\exchange=NSE\symbol=ONGC\part-072423_706304-029913.parquet,34378,downloaded,34378,
2026-07-17,NSE,ONGC,raw_l2/trade_date=2026-07-17/exchange=NSE/symbol=ONGC/part-072535_253384-030073.parquet,real_data_sample\l2_unseen_validation\trade_date=2026-07-17\exchange=NSE\symbol=ONGC\part-072535_253384-030073.parquet,34588,downloaded,34588,
2026-07-17,NSE,ONGC,raw_l2/trade_date=2026-07-17/exchange=NSE/symbol=ONGC/part-072312_372953-029753.parquet,real_data_sample\l2_unseen_validation\trade_date=2026-07-17\exchange=NSE\symbol=ONGC\part-072312_372953-029753.parquet,34914,downloaded,34914,
2026-07-17,NSE,ONGC,raw_l2/trade_date=2026-07-17/exchange=NSE/symbol=ONGC/part-072632_191393-030201.parquet,real_data_sample\l2_unseen_validation\trade_date=2026-07-17\exchange=NSE\symbol=ONGC\part-072632_191393-030201.parquet,34702,downloaded,34702,
2026-07-17,NSE,ONGC,raw_l2/trade_date=2026-07-17/exchange=NSE/symbol=ONGC/part-072258_058482-029721.parquet,real_data_sample\l2_unseen_validation\trade_date=2026-07-17\exchange=NSE\symbol=ONGC\part-072258_058482-029721.parquet,35080,downloaded,35080,
2026-07-17,NSE,ONGC,raw_l2/trade_date=2026-07-17/exchange=NSE/symbol=ONGC/part-072243_873854-029689.parquet,real_data_sample\l2_unseen_validation\trade_date=2026-07-17\exchange=NSE\symbol=ONGC\part-072243_873854-029689.parquet,35094,downloaded,35094,
2026-07-17,NSE,ONGC,raw_l2/trade_date=2026-07-17/exchange=NSE/symbol=ONGC/part-072409_529222-029881.parquet,real_data_sample\l2_unseen_validation\trade_date=2026-07-17\exchange=NSE\symbol=ONGC\part-072409_529222-029881.parquet,34754,downloaded,34754,
2026-07-17,NSE,ONGC,raw_l2/trade_date=2026-07-17/exchange=NSE/symbol=ONGC/part-072341_065977-029817.parquet,real_data_sample\l2_unseen_validation\trade_date=2026-07-17\exchange=NSE\symbol=ONGC\part-072341_065977-029817.parquet,34716,downloaded,34716,
2026-07-17,NSE,ONGC,raw_l2/trade_date=2026-07-17/exchange=NSE/symbol=ONGC/part-072355_330921-029849.parquet,real_data_sample\l2_unseen_validation\trade_date=2026-07-17\exchange=NSE\symbol=ONGC\part-072355_330921-029849.parquet,34679,downloaded,34679,
2026-07-17,NSE,ONGC,raw_l2/trade_date=2026-07-17/exchange=NSE/symbol=ONGC/part-073552_647483-031449.parquet,real_data_sample\l2_unseen_validation\trade_date=2026-07-17\exchange=NSE\symbol=ONGC\part-073552_647483-031449.parquet,34994,downloaded,34994,
2026-07-17,NSE,ONGC,raw_l2/trade_date=2026-07-17/exchange=NSE/symbol=ONGC/part-073635_540874-031545.parquet,real_data_sample\l2_unseen_validation\trade_date=2026-07-17\exchange=NSE\symbol=ONGC\part-073635_540874-031545.parquet,34910,downloaded,34910,
2026-07-17,NSE,ONGC,raw_l2/trade_date=2026-07-17/exchange=NSE/symbol=ONGC/part-073010_461297-030681.parquet,real_data_sample\l2_unseen_validation\trade_date=2026-07-17\exchange=NSE\symbol=ONGC\part-073010_461297-030681.parquet,35678,downloaded,35678,
2026-07-17,NSE,ONGC,raw_l2/trade_date=2026-07-17/exchange=NSE/symbol=ONGC/part-073039_006542-030745.parquet,real_data_sample\l2_unseen_validation\trade_date=2026-07-17\exchange=NSE\symbol=ONGC\part-073039_006542-030745.parquet,34812,downloaded,34812,
2026-07-17,NSE,ONGC,raw_l2/trade_date=2026-07-17/exchange=NSE/symbol=ONGC/part-073621_184139-031513.parquet,real_data_sample\l2_unseen_validation\trade_date=2026-07-17\exchange=NSE\symbol=ONGC\part-073621_184139-031513.parquet,34968,downloaded,34968,
2026-07-17,NSE,ONGC,raw_l2/trade_date=2026-07-17/exchange=NSE/symbol=ONGC/part-073205_044700-030937.parquet,real_data_sample\l2_unseen_validation\trade_date=2026-07-17\exchange=NSE\symbol=ONGC\part-073205_044700-030937.parquet,34659,downloaded,34659,
2026-07-17,NSE,ONGC,raw_l2/trade_date=2026-07-17/exchange=NSE/symbol=ONGC/part-073150_747893-030905.parquet,real_data_sample\l2_unseen_validation\trade_date=2026-07-17\exchange=NSE\symbol=ONGC\part-073150_747893-030905.parquet,34609,downloaded,34609,
2026-07-17,NSE,ONGC,raw_l2/trade_date=2026-07-17/exchange=NSE/symbol=ONGC/part-073524_295296-031385.parquet,real_data_sample\l2_unseen_validation\trade_date=2026-07-17\exchange=NSE\symbol=ONGC\part-073524_295296-031385.parquet,34624,downloaded,34624,
2026-07-17,NSE,ONGC,raw_l2/trade_date=2026-07-17/exchange=NSE/symbol=ONGC/part-073455_896934-031321.parquet,real_data_sample\l2_unseen_validation\trade_date=2026-07-17\exchange=NSE\symbol=ONGC\part-073455_896934-031321.parquet,34688,downloaded,34688,
2026-07-17,NSE,ONGC,raw_l2/trade_date=2026-07-17/exchange=NSE/symbol=ONGC/part-072956_167338-030649.parquet,real_data_sample\l2_unseen_validation\trade_date=2026-07-17\exchange=NSE\symbol=ONGC\part-072956_167338-030649.parquet,35640,downloaded,35640,
2026-07-17,NSE,ONGC,raw_l2/trade_date=2026-07-17/exchange=NSE/symbol=ONGC/part-073510_096852-031353.parquet,real_data_sample\l2_unseen_validation\trade_date=2026-07-17\exchange=NSE\symbol=ONGC\part-073510_096852-031353.parquet,34832,downloaded,34832,
2026-07-17,NSE,ONGC,raw_l2/trade_date=2026-07-17/exchange=NSE/symbol=ONGC/part-073330_404656-031129.parquet,real_data_sample\l2_unseen_validation\trade_date=2026-07-17\exchange=NSE\symbol=ONGC\part-073330_404656-031129.parquet,34634,downloaded,34634,
2026-07-17,NSE,ONGC,raw_l2/trade_date=2026-07-17/exchange=NSE/symbol=ONGC/part-073649_759568-031577.parquet,real_data_sample\l2_unseen_validation\trade_date=2026-07-17\exchange=NSE\symbol=ONGC\part-073649_759568-031577.parquet,34858,downloaded,34858,
2026-07-17,NSE,ONGC,raw_l2/trade_date=2026-07-17/exchange=NSE/symbol=ONGC/part-073247_589517-031033.parquet,real_data_sample\l2_unseen_validation\trade_date=2026-07-17\exchange=NSE\symbol=ONGC\part-073247_589517-031033.parquet,34750,downloaded,34750,
2026-07-17,NSE,ONGC,raw_l2/trade_date=2026-07-17/exchange=NSE/symbol=ONGC/part-073024_679786-030713.parquet,real_data_sample\l2_unseen_validation\trade_date=2026-07-17\exchange=NSE\symbol=ONGC\part-073024_679786-030713.parquet,34862,downloaded,34862,
2026-07-17,NSE,ONGC,raw_l2/trade_date=2026-07-17/exchange=NSE/symbol=ONGC/part-073703_923948-031609.parquet,real_data_sample\l2_unseen_validation\trade_date=2026-07-17\exchange=NSE\symbol=ONGC\part-073703_923948-031609.parquet,34824,downloaded,34824,
2026-07-17,NSE,ONGC,raw_l2/trade_date=2026-07-17/exchange=NSE/symbol=ONGC/part-073717_946129-031641.parquet,real_data_sample\l2_unseen_validation\trade_date=2026-07-17\exchange=NSE\symbol=ONGC\part-073717_946129-031641.parquet,34956,downloaded,34956,
2026-07-17,NSE,ONGC,raw_l2/trade_date=2026-07-17/exchange=NSE/symbol=ONGC/part-073441_735170-031289.parquet,real_data_sample\l2_unseen_validation\trade_date=2026-07-17\exchange=NSE\symbol=ONGC\part-073441_735170-031289.parquet,34787,downloaded,34787,
2026-07-17,NSE,ONGC,raw_l2/trade_date=2026-07-17/exchange=NSE/symbol=ONGC/part-073233_355609-031001.parquet,real_data_sample\l2_unseen_validation\trade_date=2026-07-17\exchange=NSE\symbol=ONGC\part-073233_355609-031001.parquet,34643,downloaded,34643,
2026-07-17,NSE,ONGC,raw_l2/trade_date=2026-07-17/exchange=NSE/symbol=ONGC/part-073316_027760-031097.parquet,real_data_sample\l2_unseen_validation\trade_date=2026-07-17\exchange=NSE\symbol=ONGC\part-073316_027760-031097.parquet,34750,downloaded,34750,
2026-07-17,NSE,ONGC,raw_l2/trade_date=2026-07-17/exchange=NSE/symbol=ONGC/part-073413_068734-031225.parquet,real_data_sample\l2_unseen_validation\trade_date=2026-07-17\exchange=NSE\symbol=ONGC\part-073413_068734-031225.parquet,34801,downloaded,34801,
2026-07-17,NSE,ONGC,raw_l2/trade_date=2026-07-17/exchange=NSE/symbol=ONGC/part-073427_276518-031257.parquet,real_data_sample\l2_unseen_validation\trade_date=2026-07-17\exchange=NSE\symbol=ONGC\part-073427_276518-031257.parquet,34533,downloaded,34533,
2026-07-17,NSE,ONGC,raw_l2/trade_date=2026-07-17/exchange=NSE/symbol=ONGC/part-073219_135620-030969.parquet,real_data_sample\l2_unseen_validation\trade_date=2026-07-17\exchange=NSE\symbol=ONGC\part-073219_135620-030969.parquet,34652,downloaded,34652,
2026-07-17,NSE,ONGC,raw_l2/trade_date=2026-07-17/exchange=NSE/symbol=ONGC/part-073358_816777-031193.parquet,real_data_sample\l2_unseen_validation\trade_date=2026-07-17\exchange=NSE\symbol=ONGC\part-073358_816777-031193.parquet,34712,downloaded,34712,
2026-07-17,NSE,ONGC,raw_l2/trade_date=2026-07-17/exchange=NSE/symbol=ONGC/part-073122_216882-030841.parquet,real_data_sample\l2_unseen_validation\trade_date=2026-07-17\exchange=NSE\symbol=ONGC\part-073122_216882-030841.parquet,35000,downloaded,35000,
2026-07-17,NSE,ONGC,raw_l2/trade_date=2026-07-17/exchange=NSE/symbol=ONGC/part-073136_427223-030873.parquet,real_data_sample\l2_unseen_validation\trade_date=2026-07-17\exchange=NSE\symbol=ONGC\part-073136_427223-030873.parquet,34940,downloaded,34940,
2026-07-17,NSE,ONGC,raw_l2/trade_date=2026-07-17/exchange=NSE/symbol=ONGC/part-073053_449901-030777.parquet,real_data_sample\l2_unseen_validation\trade_date=2026-07-17\exchange=NSE\symbol=ONGC\part-073053_449901-030777.parquet,34819,downloaded,34819,
2026-07-17,NSE,ONGC,raw_l2/trade_date=2026-07-17/exchange=NSE/symbol=ONGC/part-073606_902190-031481.parquet,real_data_sample\l2_unseen_validation\trade_date=2026-07-17\exchange=NSE\symbol=ONGC\part-073606_902190-031481.parquet,34981,downloaded,34981,
2026-07-17,NSE,ONGC,raw_l2/trade_date=2026-07-17/exchange=NSE/symbol=ONGC/part-073107_915268-030809.parquet,real_data_sample\l2_unseen_validation\trade_date=2026-07-17\exchange=NSE\symbol=ONGC\part-073107_915268-030809.parquet,34864,downloaded,34864,
2026-07-17,NSE,ONGC,raw_l2/trade_date=2026-07-17/exchange=NSE/symbol=ONGC/part-073538_558374-031417.parquet,real_data_sample\l2_unseen_validation\trade_date=2026-07-17\exchange=NSE\symbol=ONGC\part-073538_558374-031417.parquet,34985,downloaded,34985,
2026-07-17,NSE,ONGC,raw_l2/trade_date=2026-07-17/exchange=NSE/symbol=ONGC/part-074049_691270-032121.parquet,real_data_sample\l2_unseen_validation\trade_date=2026-07-17\exchange=NSE\symbol=ONGC\part-074049_691270-032121.parquet,34550,downloaded,34550,
2026-07-17,NSE,ONGC,raw_l2/trade_date=2026-07-17/exchange=NSE/symbol=ONGC/part-073828_332717-031801.parquet,real_data_sample\l2_unseen_validation\trade_date=2026-07-17\exchange=NSE\symbol=ONGC\part-073828_332717-031801.parquet,34833,downloaded,34833,
2026-07-17,NSE,ONGC,raw_l2/trade_date=2026-07-17/exchange=NSE/symbol=ONGC/part-074324_091713-032473.parquet,real_data_sample\l2_unseen_validation\trade_date=2026-07-17\exchange=NSE\symbol=ONGC\part-074324_091713-032473.parquet,34692,downloaded,34692,
2026-07-17,NSE,ONGC,raw_l2/trade_date=2026-07-17/exchange=NSE/symbol=ONGC/part-073301_879780-031065.parquet,real_data_sample\l2_unseen_validation\trade_date=2026-07-17\exchange=NSE\symbol=ONGC\part-073301_879780-031065.parquet,34809,downloaded,34809,
2026-07-17,NSE,ONGC,raw_l2/trade_date=2026-07-17/exchange=NSE/symbol=ONGC/part-074310_044786-032441.parquet,real_data_sample\l2_unseen_validation\trade_date=2026-07-17\exchange=NSE\symbol=ONGC\part-074310_044786-032441.parquet,34702,downloaded,34702,
2026-07-17,NSE,ONGC,raw_l2/trade_date=2026-07-17/exchange=NSE/symbol=ONGC/part-074035_456897-032089.parquet,real_data_sample\l2_unseen_validation\trade_date=2026-07-17\exchange=NSE\symbol=ONGC\part-074035_456897-032089.parquet,34789,downloaded,34789,
2026-07-17,NSE,ONGC,raw_l2/trade_date=2026-07-17/exchange=NSE/symbol=ONGC/part-074256_175645-032409.parquet,real_data_sample\l2_unseen_validation\trade_date=2026-07-17\exchange=NSE\symbol=ONGC\part-074256_175645-032409.parquet,34775,downloaded,34775,
2026-07-17,NSE,ONGC,raw_l2/trade_date=2026-07-17/exchange=NSE/symbol=ONGC/part-074352_831985-032537.parquet,real_data_sample\l2_unseen_validation\trade_date=2026-07-17\exchange=NSE\symbol=ONGC\part-074352_831985-032537.parquet,34548,downloaded,34548,
2026-07-17,NSE,ONGC,raw_l2/trade_date=2026-07-17/exchange=NSE/symbol=ONGC/part-074421_134716-032601.parquet,real_data_sample\l2_unseen_validation\trade_date=2026-07-17\exchange=NSE\symbol=ONGC\part-074421_134716-032601.parquet,34812,downloaded,34812,
2026-07-17,NSE,ONGC,raw_l2/trade_date=2026-07-17/exchange=NSE/symbol=ONGC/part-074227_996530-032345.parquet,real_data_sample\l2_unseen_validation\trade_date=2026-07-17\exchange=NSE\symbol=ONGC\part-074227_996530-032345.parquet,34760,downloaded,34760,
2026-07-17,NSE,ONGC,raw_l2/trade_date=2026-07-17/exchange=NSE/symbol=ONGC/part-074435_163867-032633.parquet,real_data_sample\l2_unseen_validation\trade_date=2026-07-17\exchange=NSE\symbol=ONGC\part-074435_163867-032633.parquet,34825,downloaded,34825,
2026-07-17,NSE,ONGC,raw_l2/trade_date=2026-07-17/exchange=NSE/symbol=ONGC/part-074449_076120-032665.parquet,real_data_sample\l2_unseen_validation\trade_date=2026-07-17\exchange=NSE\symbol=ONGC\part-074449_076120-032665.parquet,34573,downloaded,34573,
2026-07-17,NSE,ONGC,raw_l2/trade_date=2026-07-17/exchange=NSE/symbol=ONGC/part-074531_653519-032761.parquet,real_data_sample\l2_unseen_validation\trade_date=2026-07-17\exchange=NSE\symbol=ONGC\part-074531_653519-032761.parquet,34682,downloaded,34682,
2026-07-17,NSE,ONGC,raw_l2/trade_date=2026-07-17/exchange=NSE/symbol=ONGC/part-074503_329198-032697.parquet,real_data_sample\l2_unseen_validation\trade_date=2026-07-17\exchange=NSE\symbol=ONGC\part-074503_329198-032697.parquet,34860,downloaded,34860,
2026-07-17,NSE,ONGC,raw_l2/trade_date=2026-07-17/exchange=NSE/symbol=ONGC/part-074545_627609-032793.parquet,real_data_sample\l2_unseen_validation\trade_date=2026-07-17\exchange=NSE\symbol=ONGC\part-074545_627609-032793.parquet,34805,downloaded,34805,
2026-07-17,NSE,ONGC,raw_l2/trade_date=2026-07-17/exchange=NSE/symbol=ONGC/part-074517_578202-032729.parquet,real_data_sample\l2_unseen_validation\trade_date=2026-07-17\exchange=NSE\symbol=ONGC\part-074517_578202-032729.parquet,34749,downloaded,34749,
2026-07-17,NSE,ONGC,raw_l2/trade_date=2026-07-17/exchange=NSE/symbol=ONGC/part-074559_893445-032825.parquet,real_data_sample\l2_unseen_validation\trade_date=2026-07-17\exchange=NSE\symbol=ONGC\part-074559_893445-032825.parquet,34921,downloaded,34921,
2026-07-17,NSE,ONGC,raw_l2/trade_date=2026-07-17/exchange=NSE/symbol=ONGC/part-073344_662345-031161.parquet,real_data_sample\l2_unseen_validation\trade_date=2026-07-17\exchange=NSE\symbol=ONGC\part-073344_662345-031161.parquet,34931,downloaded,34931,
2026-07-17,NSE,ONGC,raw_l2/trade_date=2026-07-17/exchange=NSE/symbol=ONGC/part-074614_371322-032857.parquet,real_data_sample\l2_unseen_validation\trade_date=2026-07-17\exchange=NSE\symbol=ONGC\part-074614_371322-032857.parquet,34846,downloaded,34846,
2026-07-17,NSE,ONGC,raw_l2/trade_date=2026-07-17/exchange=NSE/symbol=ONGC/part-074642_943905-032921.parquet,real_data_sample\l2_unseen_validation\trade_date=2026-07-17\exchange=NSE\symbol=ONGC\part-074642_943905-032921.parquet,34900,downloaded,34900,
2026-07-17,NSE,ONGC,raw_l2/trade_date=2026-07-17/exchange=NSE/symbol=ONGC/part-074628_481035-032889.parquet,real_data_sample\l2_unseen_validation\trade_date=2026-07-17\exchange=NSE\symbol=ONGC\part-074628_481035-032889.parquet,34936,downloaded,34936,
2026-07-17,NSE,ONGC,raw_l2/trade_date=2026-07-17/exchange=NSE/symbol=ONGC/part-074656_972973-032953.parquet,real_data_sample\l2_unseen_validation\trade_date=2026-07-17\exchange=NSE\symbol=ONGC\part-074656_972973-032953.parquet,34698,downloaded,34698,
2026-07-17,NSE,ONGC,raw_l2/trade_date=2026-07-17/exchange=NSE/symbol=ONGC/part-074753_393818-033081.parquet,real_data_sample\l2_unseen_validation\trade_date=2026-07-17\exchange=NSE\symbol=ONGC\part-074753_393818-033081.parquet,35297,downloaded,35297,
2026-07-17,NSE,ONGC,raw_l2/trade_date=2026-07-17/exchange=NSE/symbol=ONGC/part-074725_313961-033017.parquet,real_data_sample\l2_unseen_validation\trade_date=2026-07-17\exchange=NSE\symbol=ONGC\part-074725_313961-033017.parquet,35756,downloaded,35756,
2026-07-17,NSE,ONGC,raw_l2/trade_date=2026-07-17/exchange=NSE/symbol=ONGC/part-074739_339912-033049.parquet,real_data_sample\l2_unseen_validation\trade_date=2026-07-17\exchange=NSE\symbol=ONGC\part-074739_339912-033049.parquet,35313,downloaded,35313,
2026-07-17,NSE,ONGC,raw_l2/trade_date=2026-07-17/exchange=NSE/symbol=ONGC/part-074711_027120-032985.parquet,real_data_sample\l2_unseen_validation\trade_date=2026-07-17\exchange=NSE\symbol=ONGC\part-074711_027120-032985.parquet,34747,downloaded,34747,
2026-07-17,NSE,ONGC,raw_l2/trade_date=2026-07-17/exchange=NSE/symbol=ONGC/part-074807_409191-033113.parquet,real_data_sample\l2_unseen_validation\trade_date=2026-07-17\exchange=NSE\symbol=ONGC\part-074807_409191-033113.parquet,35144,downloaded,35144,
2026-07-17,NSE,ONGC,raw_l2/trade_date=2026-07-17/exchange=NSE/symbol=ONGC/part-074835_596980-033177.parquet,real_data_sample\l2_unseen_validation\trade_date=2026-07-17\exchange=NSE\symbol=ONGC\part-074835_596980-033177.parquet,34882,downloaded,34882,
2026-07-17,NSE,ONGC,raw_l2/trade_date=2026-07-17/exchange=NSE/symbol=ONGC/part-074849_724124-033209.parquet,real_data_sample\l2_unseen_validation\trade_date=2026-07-17\exchange=NSE\symbol=ONGC\part-074849_724124-033209.parquet,34703,downloaded,34703,
2026-07-17,NSE,ONGC,raw_l2/trade_date=2026-07-17/exchange=NSE/symbol=ONGC/part-074918_152145-033273.parquet,real_data_sample\l2_unseen_validation\trade_date=2026-07-17\exchange=NSE\symbol=ONGC\part-074918_152145-033273.parquet,34538,downloaded,34538,
2026-07-17,NSE,ONGC,raw_l2/trade_date=2026-07-17/exchange=NSE/symbol=ONGC/part-074932_052930-033305.parquet,real_data_sample\l2_unseen_validation\trade_date=2026-07-17\exchange=NSE\symbol=ONGC\part-074932_052930-033305.parquet,34605,downloaded,34605,
2026-07-17,NSE,ONGC,raw_l2/trade_date=2026-07-17/exchange=NSE/symbol=ONGC/part-074903_899819-033241.parquet,real_data_sample\l2_unseen_validation\trade_date=2026-07-17\exchange=NSE\symbol=ONGC\part-074903_899819-033241.parquet,34827,downloaded,34827,
2026-07-17,NSE,ONGC,raw_l2/trade_date=2026-07-17/exchange=NSE/symbol=ONGC/part-074821_393087-033145.parquet,real_data_sample\l2_unseen_validation\trade_date=2026-07-17\exchange=NSE\symbol=ONGC\part-074821_393087-033145.parquet,34810,downloaded,34810,
2026-07-17,NSE,ONGC,raw_l2/trade_date=2026-07-17/exchange=NSE/symbol=ONGC/part-074946_124868-033337.parquet,real_data_sample\l2_unseen_validation\trade_date=2026-07-17\exchange=NSE\symbol=ONGC\part-074946_124868-033337.parquet,34588,downloaded,34588,
2026-07-17,NSE,ONGC,raw_l2/trade_date=2026-07-17/exchange=NSE/symbol=ONGC/part-075000_051549-033369.parquet,real_data_sample\l2_unseen_validation\trade_date=2026-07-17\exchange=NSE\symbol=ONGC\part-075000_051549-033369.parquet,34856,downloaded,34856,
2026-07-17,NSE,ONGC,raw_l2/trade_date=2026-07-17/exchange=NSE/symbol=ONGC/part-075029_020303-033433.parquet,real_data_sample\l2_unseen_validation\trade_date=2026-07-17\exchange=NSE\symbol=ONGC\part-075029_020303-033433.parquet,34951,downloaded,34951,
2026-07-17,NSE,ONGC,raw_l2/trade_date=2026-07-17/exchange=NSE/symbol=ONGC/part-075014_199360-033401.parquet,real_data_sample\l2_unseen_validation\trade_date=2026-07-17\exchange=NSE\symbol=ONGC\part-075014_199360-033401.parquet,34705,downloaded,34705,
2026-07-17,NSE,ONGC,raw_l2/trade_date=2026-07-17/exchange=NSE/symbol=ONGC/part-075057_424874-033497.parquet,real_data_sample\l2_unseen_validation\trade_date=2026-07-17\exchange=NSE\symbol=ONGC\part-075057_424874-033497.parquet,34853,downloaded,34853,
2026-07-17,NSE,ONGC,raw_l2/trade_date=2026-07-17/exchange=NSE/symbol=ONGC/part-075043_325101-033465.parquet,real_data_sample\l2_unseen_validation\trade_date=2026-07-17\exchange=NSE\symbol=ONGC\part-075043_325101-033465.parquet,34732,downloaded,34732,
2026-07-17,NSE,ONGC,raw_l2/trade_date=2026-07-17/exchange=NSE/symbol=ONGC/part-075139_522905-033593.parquet,real_data_sample\l2_unseen_validation\trade_date=2026-07-17\exchange=NSE\symbol=ONGC\part-075139_522905-033593.parquet,34781,downloaded,34781,
2026-07-17,NSE,ONGC,raw_l2/trade_date=2026-07-17/exchange=NSE/symbol=ONGC/part-075208_265503-033657.parquet,real_data_sample\l2_unseen_validation\trade_date=2026-07-17\exchange=NSE\symbol=ONGC\part-075208_265503-033657.parquet,34983,downloaded,34983,
2026-07-17,NSE,ONGC,raw_l2/trade_date=2026-07-17/exchange=NSE/symbol=ONGC/part-075125_439694-033561.parquet,real_data_sample\l2_unseen_validation\trade_date=2026-07-17\exchange=NSE\symbol=ONGC\part-075125_439694-033561.parquet,34953,downloaded,34953,
2026-07-17,NSE,ONGC,raw_l2/trade_date=2026-07-17/exchange=NSE/symbol=ONGC/part-075154_033214-033625.parquet,real_data_sample\l2_unseen_validation\trade_date=2026-07-17\exchange=NSE\symbol=ONGC\part-075154_033214-033625.parquet,34865,downloaded,34865,
2026-07-17,NSE,ONGC,raw_l2/trade_date=2026-07-17/exchange=NSE/symbol=ONGC/part-075111_259980-033529.parquet,real_data_sample\l2_unseen_validation\trade_date=2026-07-17\exchange=NSE\symbol=ONGC\part-075111_259980-033529.parquet,34893,downloaded,34893,
2026-07-17,NSE,ONGC,raw_l2/trade_date=2026-07-17/exchange=NSE/symbol=ONGC/part-075222_356318-033689.parquet,real_data_sample\l2_unseen_validation\trade_date=2026-07-17\exchange=NSE\symbol=ONGC\part-075222_356318-033689.parquet,34723,downloaded,34723,
2026-07-17,NSE,ONGC,raw_l2/trade_date=2026-07-17/exchange=NSE/symbol=ONGC/part-075251_049559-033753.parquet,real_data_sample\l2_unseen_validation\trade_date=2026-07-17\exchange=NSE\symbol=ONGC\part-075251_049559-033753.parquet,34695,downloaded,34695,
2026-07-17,NSE,ONGC,raw_l2/trade_date=2026-07-17/exchange=NSE/symbol=ONGC/part-075236_527880-033721.parquet,real_data_sample\l2_unseen_validation\trade_date=2026-07-17\exchange=NSE\symbol=ONGC\part-075236_527880-033721.parquet,34883,downloaded,34883,
2026-07-17,NSE,ONGC,raw_l2/trade_date=2026-07-17/exchange=NSE/symbol=ONGC/part-075305_355801-033785.parquet,real_data_sample\l2_unseen_validation\trade_date=2026-07-17\exchange=NSE\symbol=ONGC\part-075305_355801-033785.parquet,34986,downloaded,34986,
2026-07-17,NSE,ONGC,raw_l2/trade_date=2026-07-17/exchange=NSE/symbol=ONGC/part-075319_427346-033817.parquet,real_data_sample\l2_unseen_validation\trade_date=2026-07-17\exchange=NSE\symbol=ONGC\part-075319_427346-033817.parquet,34787,downloaded,34787,
2026-07-17,NSE,ONGC,raw_l2/trade_date=2026-07-17/exchange=NSE/symbol=ONGC/part-075333_518328-033849.parquet,real_data_sample\l2_unseen_validation\trade_date=2026-07-17\exchange=NSE\symbol=ONGC\part-075333_518328-033849.parquet,35566,downloaded,35566,
2026-07-17,NSE,ONGC,raw_l2/trade_date=2026-07-17/exchange=NSE/symbol=ONGC/part-075347_407419-033881.parquet,real_data_sample\l2_unseen_validation\trade_date=2026-07-17\exchange=NSE\symbol=ONGC\part-075347_407419-033881.parquet,35112,downloaded,35112,
2026-07-17,NSE,ONGC,raw_l2/trade_date=2026-07-17/exchange=NSE/symbol=ONGC/part-075401_559918-033913.parquet,real_data_sample\l2_unseen_validation\trade_date=2026-07-17\exchange=NSE\symbol=ONGC\part-075401_559918-033913.parquet,35832,downloaded,35832,
2026-07-17,NSE,ONGC,raw_l2/trade_date=2026-07-17/exchange=NSE/symbol=ONGC/part-075415_700342-033945.parquet,real_data_sample\l2_unseen_validation\trade_date=2026-07-17\exchange=NSE\symbol=ONGC\part-075415_700342-033945.parquet,35534,downloaded,35534,
2026-07-17,NSE,ONGC,raw_l2/trade_date=2026-07-17/exchange=NSE/symbol=ONGC/part-075443_884592-034009.parquet,real_data_sample\l2_unseen_validation\trade_date=2026-07-17\exchange=NSE\symbol=ONGC\part-075443_884592-034009.parquet,35085,downloaded,35085,
2026-07-17,NSE,ONGC,raw_l2/trade_date=2026-07-17/exchange=NSE/symbol=ONGC/part-075429_622807-033977.parquet,real_data_sample\l2_unseen_validation\trade_date=2026-07-17\exchange=NSE\symbol=ONGC\part-075429_622807-033977.parquet,35731,downloaded,35731,
2026-07-17,NSE,ONGC,raw_l2/trade_date=2026-07-17/exchange=NSE/symbol=ONGC/part-075458_142759-034041.parquet,real_data_sample\l2_unseen_validation\trade_date=2026-07-17\exchange=NSE\symbol=ONGC\part-075458_142759-034041.parquet,35393,downloaded,35393,
2026-07-17,NSE,ONGC,raw_l2/trade_date=2026-07-17/exchange=NSE/symbol=ONGC/part-075526_202524-034105.parquet,real_data_sample\l2_unseen_validation\trade_date=2026-07-17\exchange=NSE\symbol=ONGC\part-075526_202524-034105.parquet,34776,downloaded,34776,
2026-07-17,NSE,ONGC,raw_l2/trade_date=2026-07-17/exchange=NSE/symbol=ONGC/part-075512_208029-034073.parquet,real_data_sample\l2_unseen_validation\trade_date=2026-07-17\exchange=NSE\symbol=ONGC\part-075512_208029-034073.parquet,35185,downloaded,35185,
2026-07-17,NSE,ONGC,raw_l2/trade_date=2026-07-17/exchange=NSE/symbol=ONGC/part-075540_136299-034137.parquet,real_data_sample\l2_unseen_validation\trade_date=2026-07-17\exchange=NSE\symbol=ONGC\part-075540_136299-034137.parquet,34794,downloaded,34794,
2026-07-17,NSE,ONGC,raw_l2/trade_date=2026-07-17/exchange=NSE/symbol=ONGC/part-075554_224459-034169.parquet,real_data_sample\l2_unseen_validation\trade_date=2026-07-17\exchange=NSE\symbol=ONGC\part-075554_224459-034169.parquet,34582,downloaded,34582,
2026-07-17,NSE,ONGC,raw_l2/trade_date=2026-07-17/exchange=NSE/symbol=ONGC/part-075608_363575-034201.parquet,real_data_sample\l2_unseen_validation\trade_date=2026-07-17\exchange=NSE\symbol=ONGC\part-075608_363575-034201.parquet,34584,downloaded,34584,
2026-07-17,NSE,ONGC,raw_l2/trade_date=2026-07-17/exchange=NSE/symbol=ONGC/part-075622_581812-034233.parquet,real_data_sample\l2_unseen_validation\trade_date=2026-07-17\exchange=NSE\symbol=ONGC\part-075622_581812-034233.parquet,34630,downloaded,34630,
2026-07-17,NSE,ONGC,raw_l2/trade_date=2026-07-17/exchange=NSE/symbol=ONGC/part-075636_821804-034265.parquet,real_data_sample\l2_unseen_validation\trade_date=2026-07-17\exchange=NSE\symbol=ONGC\part-075636_821804-034265.parquet,34487,downloaded,34487,
2026-07-17,NSE,ONGC,raw_l2/trade_date=2026-07-17/exchange=NSE/symbol=ONGC/part-075651_071145-034297.parquet,real_data_sample\l2_unseen_validation\trade_date=2026-07-17\exchange=NSE\symbol=ONGC\part-075651_071145-034297.parquet,34670,downloaded,34670,
2026-07-17,NSE,ONGC,raw_l2/trade_date=2026-07-17/exchange=NSE/symbol=ONGC/part-075705_378284-034329.parquet,real_data_sample\l2_unseen_validation\trade_date=2026-07-17\exchange=NSE\symbol=ONGC\part-075705_378284-034329.parquet,34535,downloaded,34535,
2026-07-17,NSE,ONGC,raw_l2/trade_date=2026-07-17/exchange=NSE/symbol=ONGC/part-073745_849511-031705.parquet,real_data_sample\l2_unseen_validation\trade_date=2026-07-17\exchange=NSE\symbol=ONGC\part-073745_849511-031705.parquet,34658,downloaded,34658,
2026-07-17,NSE,ONGC,raw_l2/trade_date=2026-07-17/exchange=NSE/symbol=ONGC/part-075802_702392-034457.parquet,real_data_sample\l2_unseen_validation\trade_date=2026-07-17\exchange=NSE\symbol=ONGC\part-075802_702392-034457.parquet,34467,downloaded,34467,
2026-07-17,NSE,ONGC,raw_l2/trade_date=2026-07-17/exchange=NSE/symbol=ONGC/part-075719_590706-034361.parquet,real_data_sample\l2_unseen_validation\trade_date=2026-07-17\exchange=NSE\symbol=ONGC\part-075719_590706-034361.parquet,34513,downloaded,34513,
2026-07-17,NSE,ONGC,raw_l2/trade_date=2026-07-17/exchange=NSE/symbol=ONGC/part-075734_103523-034393.parquet,real_data_sample\l2_unseen_validation\trade_date=2026-07-17\exchange=NSE\symbol=ONGC\part-075734_103523-034393.parquet,34546,downloaded,34546,
2026-07-17,NSE,ONGC,raw_l2/trade_date=2026-07-17/exchange=NSE/symbol=ONGC/part-074007_196072-032025.parquet,real_data_sample\l2_unseen_validation\trade_date=2026-07-17\exchange=NSE\symbol=ONGC\part-074007_196072-032025.parquet,34909,downloaded,34909,
2026-07-17,NSE,ONGC,raw_l2/trade_date=2026-07-17/exchange=NSE/symbol=ONGC/part-075817_378180-034489.parquet,real_data_sample\l2_unseen_validation\trade_date=2026-07-17\exchange=NSE\symbol=ONGC\part-075817_378180-034489.parquet,34488,downloaded,34488,
2026-07-17,NSE,ONGC,raw_l2/trade_date=2026-07-17/exchange=NSE/symbol=ONGC/part-075748_378001-034425.parquet,real_data_sample\l2_unseen_validation\trade_date=2026-07-17\exchange=NSE\symbol=ONGC\part-075748_378001-034425.parquet,34717,downloaded,34717,
2026-07-17,NSE,ONGC,raw_l2/trade_date=2026-07-17/exchange=NSE/symbol=ONGC/part-073856_617707-031865.parquet,real_data_sample\l2_unseen_validation\trade_date=2026-07-17\exchange=NSE\symbol=ONGC\part-073856_617707-031865.parquet,34717,downloaded,34717,
2026-07-17,NSE,ONGC,raw_l2/trade_date=2026-07-17/exchange=NSE/symbol=ONGC/part-073814_113381-031769.parquet,real_data_sample\l2_unseen_validation\trade_date=2026-07-17\exchange=NSE\symbol=ONGC\part-073814_113381-031769.parquet,34611,downloaded,34611,
2026-07-17,NSE,ONGC,raw_l2/trade_date=2026-07-17/exchange=NSE/symbol=ONGC/part-074131_950506-032217.parquet,real_data_sample\l2_unseen_validation\trade_date=2026-07-17\exchange=NSE\symbol=ONGC\part-074131_950506-032217.parquet,34954,downloaded,34954,
2026-07-17,NSE,ONGC,raw_l2/trade_date=2026-07-17/exchange=NSE/symbol=ONGC/part-075831_546801-034521.parquet,real_data_sample\l2_unseen_validation\trade_date=2026-07-17\exchange=NSE\symbol=ONGC\part-075831_546801-034521.parquet,34859,downloaded,34859,
2026-07-17,NSE,ONGC,raw_l2/trade_date=2026-07-17/exchange=NSE/symbol=ONGC/part-073759_943015-031737.parquet,real_data_sample\l2_unseen_validation\trade_date=2026-07-17\exchange=NSE\symbol=ONGC\part-073759_943015-031737.parquet,34789,downloaded,34789,
2026-07-17,NSE,ONGC,raw_l2/trade_date=2026-07-17/exchange=NSE/symbol=ONGC/part-075845_854403-034553.parquet,real_data_sample\l2_unseen_validation\trade_date=2026-07-17\exchange=NSE\symbol=ONGC\part-075845_854403-034553.parquet,34537,downloaded,34537,
2026-07-17,NSE,ONGC,raw_l2/trade_date=2026-07-17/exchange=NSE/symbol=ONGC/part-073910_941964-031897.parquet,real_data_sample\l2_unseen_validation\trade_date=2026-07-17\exchange=NSE\symbol=ONGC\part-073910_941964-031897.parquet,34505,downloaded,34505,
2026-07-17,NSE,ONGC,raw_l2/trade_date=2026-07-17/exchange=NSE/symbol=ONGC/part-074214_141250-032313.parquet,real_data_sample\l2_unseen_validation\trade_date=2026-07-17\exchange=NSE\symbol=ONGC\part-074214_141250-032313.parquet,34737,downloaded,34737,
2026-07-17,NSE,ONGC,raw_l2/trade_date=2026-07-17/exchange=NSE/symbol=ONGC/part-074021_410025-032057.parquet,real_data_sample\l2_unseen_validation\trade_date=2026-07-17\exchange=NSE\symbol=ONGC\part-074021_410025-032057.parquet,34722,downloaded,34722,
2026-07-17,NSE,ONGC,raw_l2/trade_date=2026-07-17/exchange=NSE/symbol=ONGC/part-074103_755980-032153.parquet,real_data_sample\l2_unseen_validation\trade_date=2026-07-17\exchange=NSE\symbol=ONGC\part-074103_755980-032153.parquet,34728,downloaded,34728,
2026-07-17,NSE,ONGC,raw_l2/trade_date=2026-07-17/exchange=NSE/symbol=ONGC/part-075900_086972-034585.parquet,real_data_sample\l2_unseen_validation\trade_date=2026-07-17\exchange=NSE\symbol=ONGC\part-075900_086972-034585.parquet,34438,downloaded,34438,
2026-07-17,NSE,ONGC,raw_l2/trade_date=2026-07-17/exchange=NSE/symbol=ONGC/part-073953_005340-031993.parquet,real_data_sample\l2_unseen_validation\trade_date=2026-07-17\exchange=NSE\symbol=ONGC\part-073953_005340-031993.parquet,34782,downloaded,34782,
2026-07-17,NSE,ONGC,raw_l2/trade_date=2026-07-17/exchange=NSE/symbol=ONGC/part-074200_133806-032281.parquet,real_data_sample\l2_unseen_validation\trade_date=2026-07-17\exchange=NSE\symbol=ONGC\part-074200_133806-032281.parquet,34671,downloaded,34671,
2026-07-17,NSE,ONGC,raw_l2/trade_date=2026-07-17/exchange=NSE/symbol=ONGC/part-074407_160751-032569.parquet,real_data_sample\l2_unseen_validation\trade_date=2026-07-17\exchange=NSE\symbol=ONGC\part-074407_160751-032569.parquet,34795,downloaded,34795,
2026-07-17,NSE,ONGC,raw_l2/trade_date=2026-07-17/exchange=NSE/symbol=ONGC/part-075914_381956-034617.parquet,real_data_sample\l2_unseen_validation\trade_date=2026-07-17\exchange=NSE\symbol=ONGC\part-075914_381956-034617.parquet,34386,downloaded,34386,
2026-07-17,NSE,ONGC,raw_l2/trade_date=2026-07-17/exchange=NSE/symbol=ONGC/part-074338_311218-032505.parquet,real_data_sample\l2_unseen_validation\trade_date=2026-07-17\exchange=NSE\symbol=ONGC\part-074338_311218-032505.parquet,34790,downloaded,34790,
2026-07-17,NSE,ONGC,raw_l2/trade_date=2026-07-17/exchange=NSE/symbol=ONGC/part-073924_869481-031929.parquet,real_data_sample\l2_unseen_validation\trade_date=2026-07-17\exchange=NSE\symbol=ONGC\part-073924_869481-031929.parquet,34537,downloaded,34537,
2026-07-17,NSE,ONGC,raw_l2/trade_date=2026-07-17/exchange=NSE/symbol=ONGC/part-073938_923044-031961.parquet,real_data_sample\l2_unseen_validation\trade_date=2026-07-17\exchange=NSE\symbol=ONGC\part-073938_923044-031961.parquet,34682,downloaded,34682,
2026-07-17,NSE,ONGC,raw_l2/trade_date=2026-07-17/exchange=NSE/symbol=ONGC/part-074146_091228-032249.parquet,real_data_sample\l2_unseen_validation\trade_date=2026-07-17\exchange=NSE\symbol=ONGC\part-074146_091228-032249.parquet,34805,downloaded,34805,
2026-07-17,NSE,ONGC,raw_l2/trade_date=2026-07-17/exchange=NSE/symbol=ONGC/part-074242_124952-032377.parquet,real_data_sample\l2_unseen_validation\trade_date=2026-07-17\exchange=NSE\symbol=ONGC\part-074242_124952-032377.parquet,34948,downloaded,34948,
2026-07-17,NSE,ONGC,raw_l2/trade_date=2026-07-17/exchange=NSE/symbol=ONGC/part-073842_274070-031833.parquet,real_data_sample\l2_unseen_validation\trade_date=2026-07-17\exchange=NSE\symbol=ONGC\part-073842_274070-031833.parquet,34698,downloaded,34698,
2026-07-17,NSE,ONGC,raw_l2/trade_date=2026-07-17/exchange=NSE/symbol=ONGC/part-075957_707844-034713.parquet,real_data_sample\l2_unseen_validation\trade_date=2026-07-17\exchange=NSE\symbol=ONGC\part-075957_707844-034713.parquet,34532,downloaded,34532,
2026-07-17,NSE,ONGC,raw_l2/trade_date=2026-07-17/exchange=NSE/symbol=ONGC/part-075928_609913-034649.parquet,real_data_sample\l2_unseen_validation\trade_date=2026-07-17\exchange=NSE\symbol=ONGC\part-075928_609913-034649.parquet,34518,downloaded,34518,
2026-07-17,NSE,ONGC,raw_l2/trade_date=2026-07-17/exchange=NSE/symbol=ONGC/part-080055_859604-034841.parquet,real_data_sample\l2_unseen_validation\trade_date=2026-07-17\exchange=NSE\symbol=ONGC\part-080055_859604-034841.parquet,34745,downloaded,34745,
2026-07-17,NSE,ONGC,raw_l2/trade_date=2026-07-17/exchange=NSE/symbol=ONGC/part-075942_914554-034681.parquet,real_data_sample\l2_unseen_validation\trade_date=2026-07-17\exchange=NSE\symbol=ONGC\part-075942_914554-034681.parquet,34453,downloaded,34453,
2026-07-17,NSE,ONGC,raw_l2/trade_date=2026-07-17/exchange=NSE/symbol=ONGC/part-080012_518419-034745.parquet,real_data_sample\l2_unseen_validation\trade_date=2026-07-17\exchange=NSE\symbol=ONGC\part-080012_518419-034745.parquet,34387,downloaded,34387,
2026-07-17,NSE,ONGC,raw_l2/trade_date=2026-07-17/exchange=NSE/symbol=ONGC/part-080041_307423-034809.parquet,real_data_sample\l2_unseen_validation\trade_date=2026-07-17\exchange=NSE\symbol=ONGC\part-080041_307423-034809.parquet,34818,downloaded,34818,
2026-07-17,NSE,ONGC,raw_l2/trade_date=2026-07-17/exchange=NSE/symbol=ONGC/part-080027_108430-034777.parquet,real_data_sample\l2_unseen_validation\trade_date=2026-07-17\exchange=NSE\symbol=ONGC\part-080027_108430-034777.parquet,34578,downloaded,34578,
2026-07-17,NSE,ONGC,raw_l2/trade_date=2026-07-17/exchange=NSE/symbol=ONGC/part-080110_124301-034873.parquet,real_data_sample\l2_unseen_validation\trade_date=2026-07-17\exchange=NSE\symbol=ONGC\part-080110_124301-034873.parquet,34444,downloaded,34444,
2026-07-17,NSE,ONGC,raw_l2/trade_date=2026-07-17/exchange=NSE/symbol=ONGC/part-080124_282715-034905.parquet,real_data_sample\l2_unseen_validation\trade_date=2026-07-17\exchange=NSE\symbol=ONGC\part-080124_282715-034905.parquet,34728,downloaded,34728,
2026-07-17,NSE,ONGC,raw_l2/trade_date=2026-07-17/exchange=NSE/symbol=ONGC/part-080153_049849-034969.parquet,real_data_sample\l2_unseen_validation\trade_date=2026-07-17\exchange=NSE\symbol=ONGC\part-080153_049849-034969.parquet,35057,downloaded,35057,
2026-07-17,NSE,ONGC,raw_l2/trade_date=2026-07-17/exchange=NSE/symbol=ONGC/part-080138_569151-034937.parquet,real_data_sample\l2_unseen_validation\trade_date=2026-07-17\exchange=NSE\symbol=ONGC\part-080138_569151-034937.parquet,35015,downloaded,35015,
2026-07-17,NSE,ONGC,raw_l2/trade_date=2026-07-17/exchange=NSE/symbol=ONGC/part-074117_915113-032185.parquet,real_data_sample\l2_unseen_validation\trade_date=2026-07-17\exchange=NSE\symbol=ONGC\part-074117_915113-032185.parquet,34630,downloaded,34630,
2026-07-17,NSE,ONGC,raw_l2/trade_date=2026-07-17/exchange=NSE/symbol=ONGC/part-080221_465708-035033.parquet,real_data_sample\l2_unseen_validation\trade_date=2026-07-17\exchange=NSE\symbol=ONGC\part-080221_465708-035033.parquet,35127,downloaded,35127,
2026-07-17,NSE,ONGC,raw_l2/trade_date=2026-07-17/exchange=NSE/symbol=ONGC/part-080236_247919-035065.parquet,real_data_sample\l2_unseen_validation\trade_date=2026-07-17\exchange=NSE\symbol=ONGC\part-080236_247919-035065.parquet,35464,downloaded,35464,
2026-07-17,NSE,ONGC,raw_l2/trade_date=2026-07-17/exchange=NSE/symbol=ONGC/part-080250_897484-035097.parquet,real_data_sample\l2_unseen_validation\trade_date=2026-07-17\exchange=NSE\symbol=ONGC\part-080250_897484-035097.parquet,35758,downloaded,35758,
2026-07-17,NSE,ONGC,raw_l2/trade_date=2026-07-17/exchange=NSE/symbol=ONGC/part-080305_107927-035129.parquet,real_data_sample\l2_unseen_validation\trade_date=2026-07-17\exchange=NSE\symbol=ONGC\part-080305_107927-035129.parquet,35528,downloaded,35528,
2026-07-17,NSE,ONGC,raw_l2/trade_date=2026-07-17/exchange=NSE/symbol=ONGC/part-080403_211358-035257.parquet,real_data_sample\l2_unseen_validation\trade_date=2026-07-17\exchange=NSE\symbol=ONGC\part-080403_211358-035257.parquet,35000,downloaded,35000,
2026-07-17,NSE,ONGC,raw_l2/trade_date=2026-07-17/exchange=NSE/symbol=ONGC/part-080333_734157-035193.parquet,real_data_sample\l2_unseen_validation\trade_date=2026-07-17\exchange=NSE\symbol=ONGC\part-080333_734157-035193.parquet,34616,downloaded,34616,
2026-07-17,NSE,ONGC,raw_l2/trade_date=2026-07-17/exchange=NSE/symbol=ONGC/part-080348_538989-035225.parquet,real_data_sample\l2_unseen_validation\trade_date=2026-07-17\exchange=NSE\symbol=ONGC\part-080348_538989-035225.parquet,34583,downloaded,34583,
2026-07-17,NSE,ONGC,raw_l2/trade_date=2026-07-17/exchange=NSE/symbol=ONGC/part-080417_510255-035289.parquet,real_data_sample\l2_unseen_validation\trade_date=2026-07-17\exchange=NSE\symbol=ONGC\part-080417_510255-035289.parquet,34953,downloaded,34953,
2026-07-17,NSE,ONGC,raw_l2/trade_date=2026-07-17/exchange=NSE/symbol=ONGC/part-080319_399895-035161.parquet,real_data_sample\l2_unseen_validation\trade_date=2026-07-17\exchange=NSE\symbol=ONGC\part-080319_399895-035161.parquet,34883,downloaded,34883,
2026-07-17,NSE,ONGC,raw_l2/trade_date=2026-07-17/exchange=NSE/symbol=ONGC/part-080449_243385-035353.parquet,real_data_sample\l2_unseen_validation\trade_date=2026-07-17\exchange=NSE\symbol=ONGC\part-080449_243385-035353.parquet,34863,downloaded,34863,
2026-07-17,NSE,ONGC,raw_l2/trade_date=2026-07-17/exchange=NSE/symbol=ONGC/part-080518_144358-035417.parquet,real_data_sample\l2_unseen_validation\trade_date=2026-07-17\exchange=NSE\symbol=ONGC\part-080518_144358-035417.parquet,34812,downloaded,34812,
2026-07-17,NSE,ONGC,raw_l2/trade_date=2026-07-17/exchange=NSE/symbol=ONGC/part-080434_421927-035321.parquet,real_data_sample\l2_unseen_validation\trade_date=2026-07-17\exchange=NSE\symbol=ONGC\part-080434_421927-035321.parquet,34708,downloaded,34708,
2026-07-17,NSE,ONGC,raw_l2/trade_date=2026-07-17/exchange=NSE/symbol=ONGC/part-080533_269060-035449.parquet,real_data_sample\l2_unseen_validation\trade_date=2026-07-17\exchange=NSE\symbol=ONGC\part-080533_269060-035449.parquet,34723,downloaded,34723,
2026-07-17,NSE,ONGC,raw_l2/trade_date=2026-07-17/exchange=NSE/symbol=ONGC/part-080503_777037-035385.parquet,real_data_sample\l2_unseen_validation\trade_date=2026-07-17\exchange=NSE\symbol=ONGC\part-080503_777037-035385.parquet,34795,downloaded,34795,
2026-07-17,NSE,ONGC,raw_l2/trade_date=2026-07-17/exchange=NSE/symbol=ONGC/part-080615_808481-035545.parquet,real_data_sample\l2_unseen_validation\trade_date=2026-07-17\exchange=NSE\symbol=ONGC\part-080615_808481-035545.parquet,34665,downloaded,34665,
2026-07-17,NSE,ONGC,raw_l2/trade_date=2026-07-17/exchange=NSE/symbol=ONGC/part-080601_597869-035513.parquet,real_data_sample\l2_unseen_validation\trade_date=2026-07-17\exchange=NSE\symbol=ONGC\part-080601_597869-035513.parquet,34912,downloaded,34912,
2026-07-17,NSE,ONGC,raw_l2/trade_date=2026-07-17/exchange=NSE/symbol=ONGC/part-081149_868785-036281.parquet,real_data_sample\l2_unseen_validation\trade_date=2026-07-17\exchange=NSE\symbol=ONGC\part-081149_868785-036281.parquet,34933,downloaded,34933,
2026-07-17,NSE,ONGC,raw_l2/trade_date=2026-07-17/exchange=NSE/symbol=ONGC/part-081135_626254-036249.parquet,real_data_sample\l2_unseen_validation\trade_date=2026-07-17\exchange=NSE\symbol=ONGC\part-081135_626254-036249.parquet,34669,downloaded,34669,
2026-07-17,NSE,ONGC,raw_l2/trade_date=2026-07-17/exchange=NSE/symbol=ONGC/part-080547_419031-035481.parquet,real_data_sample\l2_unseen_validation\trade_date=2026-07-17\exchange=NSE\symbol=ONGC\part-080547_419031-035481.parquet,34578,downloaded,34578,
2026-07-17,NSE,ONGC,raw_l2/trade_date=2026-07-17/exchange=NSE/symbol=ONGC/part-081218_069820-036345.parquet,real_data_sample\l2_unseen_validation\trade_date=2026-07-17\exchange=NSE\symbol=ONGC\part-081218_069820-036345.parquet,34859,downloaded,34859,
2026-07-17,NSE,ONGC,raw_l2/trade_date=2026-07-17/exchange=NSE/symbol=ONGC/part-081301_620879-036441.parquet,real_data_sample\l2_unseen_validation\trade_date=2026-07-17\exchange=NSE\symbol=ONGC\part-081301_620879-036441.parquet,34835,downloaded,34835,
2026-07-17,NSE,ONGC,raw_l2/trade_date=2026-07-17/exchange=NSE/symbol=ONGC/part-081232_429166-036377.parquet,real_data_sample\l2_unseen_validation\trade_date=2026-07-17\exchange=NSE\symbol=ONGC\part-081232_429166-036377.parquet,34965,downloaded,34965,
2026-07-17,NSE,ONGC,raw_l2/trade_date=2026-07-17/exchange=NSE/symbol=ONGC/part-081204_046037-036313.parquet,real_data_sample\l2_unseen_validation\trade_date=2026-07-17\exchange=NSE\symbol=ONGC\part-081204_046037-036313.parquet,34646,downloaded,34646,
2026-07-17,NSE,ONGC,raw_l2/trade_date=2026-07-17/exchange=NSE/symbol=ONGC/part-081246_782232-036409.parquet,real_data_sample\l2_unseen_validation\trade_date=2026-07-17\exchange=NSE\symbol=ONGC\part-081246_782232-036409.parquet,34532,downloaded,34532,
2026-07-17,NSE,ONGC,raw_l2/trade_date=2026-07-17/exchange=NSE/symbol=ONGC/part-080207_421744-035001.parquet,real_data_sample\l2_unseen_validation\trade_date=2026-07-17\exchange=NSE\symbol=ONGC\part-080207_421744-035001.parquet,34853,downloaded,34853,
2026-07-17,NSE,ONGC,raw_l2/trade_date=2026-07-17/exchange=NSE/symbol=ONGC/part-081121_640708-036217.parquet,real_data_sample\l2_unseen_validation\trade_date=2026-07-17\exchange=NSE\symbol=ONGC\part-081121_640708-036217.parquet,34413,downloaded,34413,
2026-07-17,NSE,ONGC,raw_l2/trade_date=2026-07-17/exchange=NSE/symbol=ONGC/part-080630_323159-035577.parquet,real_data_sample\l2_unseen_validation\trade_date=2026-07-17\exchange=NSE\symbol=ONGC\part-080630_323159-035577.parquet,35060,downloaded,35060,
2026-07-17,NSE,ONGC,raw_l2/trade_date=2026-07-17/exchange=NSE/symbol=ONGC/part-081316_255776-036473.parquet,real_data_sample\l2_unseen_validation\trade_date=2026-07-17\exchange=NSE\symbol=ONGC\part-081316_255776-036473.parquet,34572,downloaded,34572,
2026-07-17,NSE,ONGC,raw_l2/trade_date=2026-07-17/exchange=NSE/symbol=ONGC/part-080841_227963-035865.parquet,real_data_sample\l2_unseen_validation\trade_date=2026-07-17\exchange=NSE\symbol=ONGC\part-080841_227963-035865.parquet,34960,downloaded,34960,
2026-07-17,NSE,ONGC,raw_l2/trade_date=2026-07-17/exchange=NSE/symbol=ONGC/part-073731_953818-031673.parquet,real_data_sample\l2_unseen_validation\trade_date=2026-07-17\exchange=NSE\symbol=ONGC\part-073731_953818-031673.parquet,34877,downloaded,34877,
2026-07-17,NSE,ONGC,raw_l2/trade_date=2026-07-17/exchange=NSE/symbol=ONGC/part-080659_114609-035641.parquet,real_data_sample\l2_unseen_validation\trade_date=2026-07-17\exchange=NSE\symbol=ONGC\part-080659_114609-035641.parquet,34568,downloaded,34568,
2026-07-17,NSE,ONGC,raw_l2/trade_date=2026-07-17/exchange=NSE/symbol=ONGC/part-080742_620590-035737.parquet,real_data_sample\l2_unseen_validation\trade_date=2026-07-17\exchange=NSE\symbol=ONGC\part-080742_620590-035737.parquet,35341,downloaded,35341,
2026-07-17,NSE,ONGC,raw_l2/trade_date=2026-07-17/exchange=NSE/symbol=ONGC/part-080728_134384-035705.parquet,real_data_sample\l2_unseen_validation\trade_date=2026-07-17\exchange=NSE\symbol=ONGC\part-080728_134384-035705.parquet,35584,downloaded,35584,
2026-07-17,NSE,ONGC,raw_l2/trade_date=2026-07-17/exchange=NSE/symbol=ONGC/part-080713_917621-035673.parquet,real_data_sample\l2_unseen_validation\trade_date=2026-07-17\exchange=NSE\symbol=ONGC\part-080713_917621-035673.parquet,35145,downloaded,35145,
2026-07-17,NSE,ONGC,raw_l2/trade_date=2026-07-17/exchange=NSE/symbol=ONGC/part-080855_848572-035897.parquet,real_data_sample\l2_unseen_validation\trade_date=2026-07-17\exchange=NSE\symbol=ONGC\part-080855_848572-035897.parquet,35073,downloaded,35073,
2026-07-17,NSE,ONGC,raw_l2/trade_date=2026-07-17/exchange=NSE/symbol=ONGC/part-080826_535371-035833.parquet,real_data_sample\l2_unseen_validation\trade_date=2026-07-17\exchange=NSE\symbol=ONGC\part-080826_535371-035833.parquet,35507,downloaded,35507,
2026-07-17,NSE,ONGC,raw_l2/trade_date=2026-07-17/exchange=NSE/symbol=ONGC/part-080812_182731-035801.parquet,real_data_sample\l2_unseen_validation\trade_date=2026-07-17\exchange=NSE\symbol=ONGC\part-080812_182731-035801.parquet,35570,downloaded,35570,
2026-07-17,NSE,ONGC,raw_l2/trade_date=2026-07-17/exchange=NSE/symbol=ONGC/part-081024_812665-036089.parquet,real_data_sample\l2_unseen_validation\trade_date=2026-07-17\exchange=NSE\symbol=ONGC\part-081024_812665-036089.parquet,34909,downloaded,34909,
2026-07-17,NSE,ONGC,raw_l2/trade_date=2026-07-17/exchange=NSE/symbol=ONGC/part-080940_112002-035993.parquet,real_data_sample\l2_unseen_validation\trade_date=2026-07-17\exchange=NSE\symbol=ONGC\part-080940_112002-035993.parquet,34658,downloaded,34658,
2026-07-17,NSE,ONGC,raw_l2/trade_date=2026-07-17/exchange=NSE/symbol=ONGC/part-080954_710692-036025.parquet,real_data_sample\l2_unseen_validation\trade_date=2026-07-17\exchange=NSE\symbol=ONGC\part-080954_710692-036025.parquet,34760,downloaded,34760,
2026-07-17,NSE,ONGC,raw_l2/trade_date=2026-07-17/exchange=NSE/symbol=ONGC/part-081330_270409-036505.parquet,real_data_sample\l2_unseen_validation\trade_date=2026-07-17\exchange=NSE\symbol=ONGC\part-081330_270409-036505.parquet,34836,downloaded,34836,
2026-07-17,NSE,ONGC,raw_l2/trade_date=2026-07-17/exchange=NSE/symbol=ONGC/part-081344_479864-036537.parquet,real_data_sample\l2_unseen_validation\trade_date=2026-07-17\exchange=NSE\symbol=ONGC\part-081344_479864-036537.parquet,34535,downloaded,34535,
2026-07-17,NSE,ONGC,raw_l2/trade_date=2026-07-17/exchange=NSE/symbol=ONGC/part-081427_272748-036633.parquet,real_data_sample\l2_unseen_validation\trade_date=2026-07-17\exchange=NSE\symbol=ONGC\part-081427_272748-036633.parquet,34981,downloaded,34981,
2026-07-17,NSE,ONGC,raw_l2/trade_date=2026-07-17/exchange=NSE/symbol=ONGC/part-081009_807941-036057.parquet,real_data_sample\l2_unseen_validation\trade_date=2026-07-17\exchange=NSE\symbol=ONGC\part-081009_807941-036057.parquet,34745,downloaded,34745,
2026-07-17,NSE,ONGC,raw_l2/trade_date=2026-07-17/exchange=NSE/symbol=ONGC/part-081509_526591-036729.parquet,real_data_sample\l2_unseen_validation\trade_date=2026-07-17\exchange=NSE\symbol=ONGC\part-081509_526591-036729.parquet,34626,downloaded,34626,
2026-07-17,NSE,ONGC,raw_l2/trade_date=2026-07-17/exchange=NSE/symbol=ONGC/part-081455_371577-036697.parquet,real_data_sample\l2_unseen_validation\trade_date=2026-07-17\exchange=NSE\symbol=ONGC\part-081455_371577-036697.parquet,34769,downloaded,34769,
2026-07-17,NSE,ONGC,raw_l2/trade_date=2026-07-17/exchange=NSE/symbol=ONGC/part-081537_717881-036793.parquet,real_data_sample\l2_unseen_validation\trade_date=2026-07-17\exchange=NSE\symbol=ONGC\part-081537_717881-036793.parquet,35269,downloaded,35269,
2026-07-17,NSE,ONGC,raw_l2/trade_date=2026-07-17/exchange=NSE/symbol=ONGC/part-081039_221757-036121.parquet,real_data_sample\l2_unseen_validation\trade_date=2026-07-17\exchange=NSE\symbol=ONGC\part-081039_221757-036121.parquet,34544,downloaded,34544,
2026-07-17,NSE,ONGC,raw_l2/trade_date=2026-07-17/exchange=NSE/symbol=ONGC/part-081441_509545-036665.parquet,real_data_sample\l2_unseen_validation\trade_date=2026-07-17\exchange=NSE\symbol=ONGC\part-081441_509545-036665.parquet,34737,downloaded,34737,
2026-07-17,NSE,ONGC,raw_l2/trade_date=2026-07-17/exchange=NSE/symbol=ONGC/part-081413_141660-036601.parquet,real_data_sample\l2_unseen_validation\trade_date=2026-07-17\exchange=NSE\symbol=ONGC\part-081413_141660-036601.parquet,34677,downloaded,34677,
2026-07-17,NSE,ONGC,raw_l2/trade_date=2026-07-17/exchange=NSE/symbol=ONGC/part-081551_637928-036825.parquet,real_data_sample\l2_unseen_validation\trade_date=2026-07-17\exchange=NSE\symbol=ONGC\part-081551_637928-036825.parquet,35282,downloaded,35282,
2026-07-17,NSE,ONGC,raw_l2/trade_date=2026-07-17/exchange=NSE/symbol=ONGC/part-080910_424550-035929.parquet,real_data_sample\l2_unseen_validation\trade_date=2026-07-17\exchange=NSE\symbol=ONGC\part-080910_424550-035929.parquet,35388,downloaded,35388,
2026-07-17,NSE,ONGC,raw_l2/trade_date=2026-07-17/exchange=NSE/symbol=ONGC/part-081619_641371-036889.parquet,real_data_sample\l2_unseen_validation\trade_date=2026-07-17\exchange=NSE\symbol=ONGC\part-081619_641371-036889.parquet,35129,downloaded,35129,
2026-07-17,NSE,ONGC,raw_l2/trade_date=2026-07-17/exchange=NSE/symbol=ONGC/part-081605_738689-036857.parquet,real_data_sample\l2_unseen_validation\trade_date=2026-07-17\exchange=NSE\symbol=ONGC\part-081605_738689-036857.parquet,34939,downloaded,34939,
2026-07-17,NSE,ONGC,raw_l2/trade_date=2026-07-17/exchange=NSE/symbol=ONGC/part-080644_657409-035609.parquet,real_data_sample\l2_unseen_validation\trade_date=2026-07-17\exchange=NSE\symbol=ONGC\part-080644_657409-035609.parquet,34749,downloaded,34749,
2026-07-17,NSE,ONGC,raw_l2/trade_date=2026-07-17/exchange=NSE/symbol=ONGC/part-081053_456420-036153.parquet,real_data_sample\l2_unseen_validation\trade_date=2026-07-17\exchange=NSE\symbol=ONGC\part-081053_456420-036153.parquet,34571,downloaded,34571,
2026-07-17,NSE,ONGC,raw_l2/trade_date=2026-07-17/exchange=NSE/symbol=ONGC/part-081701_966285-036985.parquet,real_data_sample\l2_unseen_validation\trade_date=2026-07-17\exchange=NSE\symbol=ONGC\part-081701_966285-036985.parquet,34447,downloaded,34447,
2026-07-17,NSE,ONGC,raw_l2/trade_date=2026-07-17/exchange=NSE/symbol=ONGC/part-080757_467824-035769.parquet,real_data_sample\l2_unseen_validation\trade_date=2026-07-17\exchange=NSE\symbol=ONGC\part-080757_467824-035769.parquet,35081,downloaded,35081,
2026-07-17,NSE,ONGC,raw_l2/trade_date=2026-07-17/exchange=NSE/symbol=ONGC/part-081731_057700-037049.parquet,real_data_sample\l2_unseen_validation\trade_date=2026-07-17\exchange=NSE\symbol=ONGC\part-081731_057700-037049.parquet,34572,downloaded,34572,
2026-07-17,NSE,ONGC,raw_l2/trade_date=2026-07-17/exchange=NSE/symbol=ONGC/part-081647_840696-036953.parquet,real_data_sample\l2_unseen_validation\trade_date=2026-07-17\exchange=NSE\symbol=ONGC\part-081647_840696-036953.parquet,34693,downloaded,34693,
2026-07-17,NSE,ONGC,raw_l2/trade_date=2026-07-17/exchange=NSE/symbol=ONGC/part-081745_202311-037081.parquet,real_data_sample\l2_unseen_validation\trade_date=2026-07-17\exchange=NSE\symbol=ONGC\part-081745_202311-037081.parquet,34688,downloaded,34688,
2026-07-17,NSE,ONGC,raw_l2/trade_date=2026-07-17/exchange=NSE/symbol=ONGC/part-081716_238912-037017.parquet,real_data_sample\l2_unseen_validation\trade_date=2026-07-17\exchange=NSE\symbol=ONGC\part-081716_238912-037017.parquet,34725,downloaded,34725,
2026-07-17,NSE,ONGC,raw_l2/trade_date=2026-07-17/exchange=NSE/symbol=ONGC/part-081759_499014-037113.parquet,real_data_sample\l2_unseen_validation\trade_date=2026-07-17\exchange=NSE\symbol=ONGC\part-081759_499014-037113.parquet,34883,downloaded,34883,
2026-07-17,NSE,ONGC,raw_l2/trade_date=2026-07-17/exchange=NSE/symbol=ONGC/part-081814_052709-037145.parquet,real_data_sample\l2_unseen_validation\trade_date=2026-07-17\exchange=NSE\symbol=ONGC\part-081814_052709-037145.parquet,34805,downloaded,34805,
2026-07-17,NSE,ONGC,raw_l2/trade_date=2026-07-17/exchange=NSE/symbol=ONGC/part-081358_857123-036569.parquet,real_data_sample\l2_unseen_validation\trade_date=2026-07-17\exchange=NSE\symbol=ONGC\part-081358_857123-036569.parquet,34703,downloaded,34703,
2026-07-17,NSE,ONGC,raw_l2/trade_date=2026-07-17/exchange=NSE/symbol=ONGC/part-081856_997814-037241.parquet,real_data_sample\l2_unseen_validation\trade_date=2026-07-17\exchange=NSE\symbol=ONGC\part-081856_997814-037241.parquet,34852,downloaded,34852,
2026-07-17,NSE,ONGC,raw_l2/trade_date=2026-07-17/exchange=NSE/symbol=ONGC/part-081828_309702-037177.parquet,real_data_sample\l2_unseen_validation\trade_date=2026-07-17\exchange=NSE\symbol=ONGC\part-081828_309702-037177.parquet,34863,downloaded,34863,
2026-07-17,NSE,ONGC,raw_l2/trade_date=2026-07-17/exchange=NSE/symbol=ONGC/part-081843_002574-037209.parquet,real_data_sample\l2_unseen_validation\trade_date=2026-07-17\exchange=NSE\symbol=ONGC\part-081843_002574-037209.parquet,34803,downloaded,34803,
2026-07-17,NSE,ONGC,raw_l2/trade_date=2026-07-17/exchange=NSE/symbol=ONGC/part-081910_996743-037273.parquet,real_data_sample\l2_unseen_validation\trade_date=2026-07-17\exchange=NSE\symbol=ONGC\part-081910_996743-037273.parquet,34569,downloaded,34569,
2026-07-17,NSE,ONGC,raw_l2/trade_date=2026-07-17/exchange=NSE/symbol=ONGC/part-081523_719626-036761.parquet,real_data_sample\l2_unseen_validation\trade_date=2026-07-17\exchange=NSE\symbol=ONGC\part-081523_719626-036761.parquet,35172,downloaded,35172,
2026-07-17,NSE,ONGC,raw_l2/trade_date=2026-07-17/exchange=NSE/symbol=ONGC/part-081953_972807-037369.parquet,real_data_sample\l2_unseen_validation\trade_date=2026-07-17\exchange=NSE\symbol=ONGC\part-081953_972807-037369.parquet,35633,downloaded,35633,
2026-07-17,NSE,ONGC,raw_l2/trade_date=2026-07-17/exchange=NSE/symbol=ONGC/part-082120_848738-037561.parquet,real_data_sample\l2_unseen_validation\trade_date=2026-07-17\exchange=NSE\symbol=ONGC\part-082120_848738-037561.parquet,34975,downloaded,34975,
2026-07-17,NSE,ONGC,raw_l2/trade_date=2026-07-17/exchange=NSE/symbol=ONGC/part-081925_366668-037305.parquet,real_data_sample\l2_unseen_validation\trade_date=2026-07-17\exchange=NSE\symbol=ONGC\part-081925_366668-037305.parquet,35759,downloaded,35759,
2026-07-17,NSE,ONGC,raw_l2/trade_date=2026-07-17/exchange=NSE/symbol=ONGC/part-081939_738075-037337.parquet,real_data_sample\l2_unseen_validation\trade_date=2026-07-17\exchange=NSE\symbol=ONGC\part-081939_738075-037337.parquet,35760,downloaded,35760,
2026-07-17,NSE,ONGC,raw_l2/trade_date=2026-07-17/exchange=NSE/symbol=ONGC/part-082052_114473-037497.parquet,real_data_sample\l2_unseen_validation\trade_date=2026-07-17\exchange=NSE\symbol=ONGC\part-082052_114473-037497.parquet,35526,downloaded,35526,
2026-07-17,NSE,ONGC,raw_l2/trade_date=2026-07-17/exchange=NSE/symbol=ONGC/part-082036_892484-037465.parquet,real_data_sample\l2_unseen_validation\trade_date=2026-07-17\exchange=NSE\symbol=ONGC\part-082036_892484-037465.parquet,35424,downloaded,35424,
2026-07-17,NSE,ONGC,raw_l2/trade_date=2026-07-17/exchange=NSE/symbol=ONGC/part-082106_545995-037529.parquet,real_data_sample\l2_unseen_validation\trade_date=2026-07-17\exchange=NSE\symbol=ONGC\part-082106_545995-037529.parquet,35643,downloaded,35643,
2026-07-17,NSE,ONGC,raw_l2/trade_date=2026-07-17/exchange=NSE/symbol=ONGC/part-082245_940255-037753.parquet,real_data_sample\l2_unseen_validation\trade_date=2026-07-17\exchange=NSE\symbol=ONGC\part-082245_940255-037753.parquet,34584,downloaded,34584,
2026-07-17,NSE,ONGC,raw_l2/trade_date=2026-07-17/exchange=NSE/symbol=ONGC/part-082300_099458-037785.parquet,real_data_sample\l2_unseen_validation\trade_date=2026-07-17\exchange=NSE\symbol=ONGC\part-082300_099458-037785.parquet,34600,downloaded,34600,
2026-07-17,NSE,ONGC,raw_l2/trade_date=2026-07-17/exchange=NSE/symbol=ONGC/part-081633_705058-036921.parquet,real_data_sample\l2_unseen_validation\trade_date=2026-07-17\exchange=NSE\symbol=ONGC\part-081633_705058-036921.parquet,34694,downloaded,34694,
2026-07-17,NSE,ONGC,raw_l2/trade_date=2026-07-17/exchange=NSE/symbol=ONGC/part-082231_776163-037721.parquet,real_data_sample\l2_unseen_validation\trade_date=2026-07-17\exchange=NSE\symbol=ONGC\part-082231_776163-037721.parquet,34753,downloaded,34753,
2026-07-17,NSE,ONGC,raw_l2/trade_date=2026-07-17/exchange=NSE/symbol=ONGC/part-082328_848408-037849.parquet,real_data_sample\l2_unseen_validation\trade_date=2026-07-17\exchange=NSE\symbol=ONGC\part-082328_848408-037849.parquet,34679,downloaded,34679,
2026-07-17,NSE,ONGC,raw_l2/trade_date=2026-07-17/exchange=NSE/symbol=ONGC/part-082022_412984-037433.parquet,real_data_sample\l2_unseen_validation\trade_date=2026-07-17\exchange=NSE\symbol=ONGC\part-082022_412984-037433.parquet,35289,downloaded,35289,
2026-07-17,NSE,ONGC,raw_l2/trade_date=2026-07-17/exchange=NSE/symbol=ONGC/part-082007_962168-037401.parquet,real_data_sample\l2_unseen_validation\trade_date=2026-07-17\exchange=NSE\symbol=ONGC\part-082007_962168-037401.parquet,35725,downloaded,35725,
2026-07-17,NSE,ONGC,raw_l2/trade_date=2026-07-17/exchange=NSE/symbol=ONGC/part-081107_544469-036185.parquet,real_data_sample\l2_unseen_validation\trade_date=2026-07-17\exchange=NSE\symbol=ONGC\part-081107_544469-036185.parquet,34414,downloaded,34414,
2026-07-17,NSE,ONGC,raw_l2/trade_date=2026-07-17/exchange=NSE/symbol=ONGC/part-082135_223274-037593.parquet,real_data_sample\l2_unseen_validation\trade_date=2026-07-17\exchange=NSE\symbol=ONGC\part-082135_223274-037593.parquet,34562,downloaded,34562,
2026-07-17,NSE,ONGC,raw_l2/trade_date=2026-07-17/exchange=NSE/symbol=ONGC/part-082217_595741-037689.parquet,real_data_sample\l2_unseen_validation\trade_date=2026-07-17\exchange=NSE\symbol=ONGC\part-082217_595741-037689.parquet,34724,downloaded,34724,
2026-07-17,NSE,ONGC,raw_l2/trade_date=2026-07-17/exchange=NSE/symbol=ONGC/part-082149_288427-037625.parquet,real_data_sample\l2_unseen_validation\trade_date=2026-07-17\exchange=NSE\symbol=ONGC\part-082149_288427-037625.parquet,34858,downloaded,34858,
2026-07-17,NSE,ONGC,raw_l2/trade_date=2026-07-17/exchange=NSE/symbol=ONGC/part-082203_552461-037657.parquet,real_data_sample\l2_unseen_validation\trade_date=2026-07-17\exchange=NSE\symbol=ONGC\part-082203_552461-037657.parquet,34754,downloaded,34754,
2026-07-17,NSE,ONGC,raw_l2/trade_date=2026-07-17/exchange=NSE/symbol=ONGC/part-082342_865630-037881.parquet,real_data_sample\l2_unseen_validation\trade_date=2026-07-17\exchange=NSE\symbol=ONGC\part-082342_865630-037881.parquet,34482,downloaded,34482,
2026-07-17,NSE,ONGC,raw_l2/trade_date=2026-07-17/exchange=NSE/symbol=ONGC/part-082314_702177-037817.parquet,real_data_sample\l2_unseen_validation\trade_date=2026-07-17\exchange=NSE\symbol=ONGC\part-082314_702177-037817.parquet,34537,downloaded,34537,
2026-07-17,NSE,ONGC,raw_l2/trade_date=2026-07-17/exchange=NSE/symbol=ONGC/part-082425_278081-037977.parquet,real_data_sample\l2_unseen_validation\trade_date=2026-07-17\exchange=NSE\symbol=ONGC\part-082425_278081-037977.parquet,34533,downloaded,34533,
2026-07-17,NSE,ONGC,raw_l2/trade_date=2026-07-17/exchange=NSE/symbol=ONGC/part-082356_970544-037913.parquet,real_data_sample\l2_unseen_validation\trade_date=2026-07-17\exchange=NSE\symbol=ONGC\part-082356_970544-037913.parquet,34629,downloaded,34629,
2026-07-17,NSE,ONGC,raw_l2/trade_date=2026-07-17/exchange=NSE/symbol=ONGC/part-082411_124996-037945.parquet,real_data_sample\l2_unseen_validation\trade_date=2026-07-17\exchange=NSE\symbol=ONGC\part-082411_124996-037945.parquet,34571,downloaded,34571,
2026-07-17,NSE,ONGC,raw_l2/trade_date=2026-07-17/exchange=NSE/symbol=ONGC/part-082439_302372-038009.parquet,real_data_sample\l2_unseen_validation\trade_date=2026-07-17\exchange=NSE\symbol=ONGC\part-082439_302372-038009.parquet,34945,downloaded,34945,
2026-07-17,NSE,ONGC,raw_l2/trade_date=2026-07-17/exchange=NSE/symbol=ONGC/part-082535_925759-038137.parquet,real_data_sample\l2_unseen_validation\trade_date=2026-07-17\exchange=NSE\symbol=ONGC\part-082535_925759-038137.parquet,34661,downloaded,34661,
2026-07-17,NSE,ONGC,raw_l2/trade_date=2026-07-17/exchange=NSE/symbol=ONGC/part-082550_466844-038169.parquet,real_data_sample\l2_unseen_validation\trade_date=2026-07-17\exchange=NSE\symbol=ONGC\part-082550_466844-038169.parquet,34553,downloaded,34553,
2026-07-17,NSE,ONGC,raw_l2/trade_date=2026-07-17/exchange=NSE/symbol=ONGC/part-082521_631374-038105.parquet,real_data_sample\l2_unseen_validation\trade_date=2026-07-17\exchange=NSE\symbol=ONGC\part-082521_631374-038105.parquet,34628,downloaded,34628,
2026-07-17,NSE,ONGC,raw_l2/trade_date=2026-07-17/exchange=NSE/symbol=ONGC/part-082507_501545-038073.parquet,real_data_sample\l2_unseen_validation\trade_date=2026-07-17\exchange=NSE\symbol=ONGC\part-082507_501545-038073.parquet,34697,downloaded,34697,
2026-07-17,NSE,ONGC,raw_l2/trade_date=2026-07-17/exchange=NSE/symbol=ONGC/part-082619_101914-038233.parquet,real_data_sample\l2_unseen_validation\trade_date=2026-07-17\exchange=NSE\symbol=ONGC\part-082619_101914-038233.parquet,34796,downloaded,34796,
2026-07-17,NSE,ONGC,raw_l2/trade_date=2026-07-17/exchange=NSE/symbol=ONGC/part-082647_752387-038297.parquet,real_data_sample\l2_unseen_validation\trade_date=2026-07-17\exchange=NSE\symbol=ONGC\part-082647_752387-038297.parquet,34582,downloaded,34582,
2026-07-17,NSE,ONGC,raw_l2/trade_date=2026-07-17/exchange=NSE/symbol=ONGC/part-082633_679992-038265.parquet,real_data_sample\l2_unseen_validation\trade_date=2026-07-17\exchange=NSE\symbol=ONGC\part-082633_679992-038265.parquet,34694,downloaded,34694,
2026-07-17,NSE,ONGC,raw_l2/trade_date=2026-07-17/exchange=NSE/symbol=ONGC/part-082701_778772-038329.parquet,real_data_sample\l2_unseen_validation\trade_date=2026-07-17\exchange=NSE\symbol=ONGC\part-082701_778772-038329.parquet,34607,downloaded,34607,
2026-07-17,NSE,ONGC,raw_l2/trade_date=2026-07-17/exchange=NSE/symbol=ONGC/part-082716_228438-038361.parquet,real_data_sample\l2_unseen_validation\trade_date=2026-07-17\exchange=NSE\symbol=ONGC\part-082716_228438-038361.parquet,34551,downloaded,34551,
2026-07-17,NSE,ONGC,raw_l2/trade_date=2026-07-17/exchange=NSE/symbol=ONGC/part-082730_272060-038393.parquet,real_data_sample\l2_unseen_validation\trade_date=2026-07-17\exchange=NSE\symbol=ONGC\part-082730_272060-038393.parquet,34619,downloaded,34619,
2026-07-17,NSE,ONGC,raw_l2/trade_date=2026-07-17/exchange=NSE/symbol=ONGC/part-082744_632525-038425.parquet,real_data_sample\l2_unseen_validation\trade_date=2026-07-17\exchange=NSE\symbol=ONGC\part-082744_632525-038425.parquet,34451,downloaded,34451,
2026-07-17,NSE,ONGC,raw_l2/trade_date=2026-07-17/exchange=NSE/symbol=ONGC/part-082813_546658-038489.parquet,real_data_sample\l2_unseen_validation\trade_date=2026-07-17\exchange=NSE\symbol=ONGC\part-082813_546658-038489.parquet,34733,downloaded,34733,
2026-07-17,NSE,ONGC,raw_l2/trade_date=2026-07-17/exchange=NSE/symbol=ONGC/part-082759_000406-038457.parquet,real_data_sample\l2_unseen_validation\trade_date=2026-07-17\exchange=NSE\symbol=ONGC\part-082759_000406-038457.parquet,34631,downloaded,34631,
2026-07-17,NSE,ONGC,raw_l2/trade_date=2026-07-17/exchange=NSE/symbol=ONGC/part-082828_115413-038521.parquet,real_data_sample\l2_unseen_validation\trade_date=2026-07-17\exchange=NSE\symbol=ONGC\part-082828_115413-038521.parquet,34383,downloaded,34383,
2026-07-17,NSE,ONGC,raw_l2/trade_date=2026-07-17/exchange=NSE/symbol=ONGC/part-082856_893765-038585.parquet,real_data_sample\l2_unseen_validation\trade_date=2026-07-17\exchange=NSE\symbol=ONGC\part-082856_893765-038585.parquet,34688,downloaded,34688,
2026-07-17,NSE,ONGC,raw_l2/trade_date=2026-07-17/exchange=NSE/symbol=ONGC/part-082842_482174-038553.parquet,real_data_sample\l2_unseen_validation\trade_date=2026-07-17\exchange=NSE\symbol=ONGC\part-082842_482174-038553.parquet,34369,downloaded,34369,
2026-07-17,NSE,ONGC,raw_l2/trade_date=2026-07-17/exchange=NSE/symbol=ONGC/part-082911_557662-038617.parquet,real_data_sample\l2_unseen_validation\trade_date=2026-07-17\exchange=NSE\symbol=ONGC\part-082911_557662-038617.parquet,34578,downloaded,34578,
2026-07-17,NSE,ONGC,raw_l2/trade_date=2026-07-17/exchange=NSE/symbol=ONGC/part-082955_025880-038713.parquet,real_data_sample\l2_unseen_validation\trade_date=2026-07-17\exchange=NSE\symbol=ONGC\part-082955_025880-038713.parquet,34714,downloaded,34714,
2026-07-17,NSE,ONGC,raw_l2/trade_date=2026-07-17/exchange=NSE/symbol=ONGC/part-082926_060432-038649.parquet,real_data_sample\l2_unseen_validation\trade_date=2026-07-17\exchange=NSE\symbol=ONGC\part-082926_060432-038649.parquet,34777,downloaded,34777,
2026-07-17,NSE,ONGC,raw_l2/trade_date=2026-07-17/exchange=NSE/symbol=ONGC/part-083038_488258-038809.parquet,real_data_sample\l2_unseen_validation\trade_date=2026-07-17\exchange=NSE\symbol=ONGC\part-083038_488258-038809.parquet,34739,downloaded,34739,
2026-07-17,NSE,ONGC,raw_l2/trade_date=2026-07-17/exchange=NSE/symbol=ONGC/part-082940_509577-038681.parquet,real_data_sample\l2_unseen_validation\trade_date=2026-07-17\exchange=NSE\symbol=ONGC\part-082940_509577-038681.parquet,34802,downloaded,34802,
2026-07-17,NSE,ONGC,raw_l2/trade_date=2026-07-17/exchange=NSE/symbol=ONGC/part-083009_809081-038745.parquet,real_data_sample\l2_unseen_validation\trade_date=2026-07-17\exchange=NSE\symbol=ONGC\part-083009_809081-038745.parquet,34869,downloaded,34869,
2026-07-17,NSE,ONGC,raw_l2/trade_date=2026-07-17/exchange=NSE/symbol=ONGC/part-083107_421664-038873.parquet,real_data_sample\l2_unseen_validation\trade_date=2026-07-17\exchange=NSE\symbol=ONGC\part-083107_421664-038873.parquet,34537,downloaded,34537,
2026-07-17,NSE,ONGC,raw_l2/trade_date=2026-07-17/exchange=NSE/symbol=ONGC/part-083024_127150-038777.parquet,real_data_sample\l2_unseen_validation\trade_date=2026-07-17\exchange=NSE\symbol=ONGC\part-083024_127150-038777.parquet,34858,downloaded,34858,
2026-07-17,NSE,ONGC,raw_l2/trade_date=2026-07-17/exchange=NSE/symbol=ONGC/part-083052_813631-038841.parquet,real_data_sample\l2_unseen_validation\trade_date=2026-07-17\exchange=NSE\symbol=ONGC\part-083052_813631-038841.parquet,34719,downloaded,34719,
2026-07-17,NSE,ONGC,raw_l2/trade_date=2026-07-17/exchange=NSE/symbol=ONGC/part-083136_987334-038937.parquet,real_data_sample\l2_unseen_validation\trade_date=2026-07-17\exchange=NSE\symbol=ONGC\part-083136_987334-038937.parquet,34584,downloaded,34584,
2026-07-17,NSE,ONGC,raw_l2/trade_date=2026-07-17/exchange=NSE/symbol=ONGC/part-083122_265476-038905.parquet,real_data_sample\l2_unseen_validation\trade_date=2026-07-17\exchange=NSE\symbol=ONGC\part-083122_265476-038905.parquet,34926,downloaded,34926,
2026-07-17,NSE,ONGC,raw_l2/trade_date=2026-07-17/exchange=NSE/symbol=ONGC/part-082453_441386-038041.parquet,real_data_sample\l2_unseen_validation\trade_date=2026-07-17\exchange=NSE\symbol=ONGC\part-082453_441386-038041.parquet,34731,downloaded,34731,
2026-07-17,NSE,ONGC,raw_l2/trade_date=2026-07-17/exchange=NSE/symbol=ONGC/part-082604_825337-038201.parquet,real_data_sample\l2_unseen_validation\trade_date=2026-07-17\exchange=NSE\symbol=ONGC\part-082604_825337-038201.parquet,34731,downloaded,34731,
2026-07-17,NSE,ONGC,raw_l2/trade_date=2026-07-17/exchange=NSE/symbol=ONGC/part-083205_649701-039001.parquet,real_data_sample\l2_unseen_validation\trade_date=2026-07-17\exchange=NSE\symbol=ONGC\part-083205_649701-039001.parquet,34469,downloaded,34469,
2026-07-17,NSE,ONGC,raw_l2/trade_date=2026-07-17/exchange=NSE/symbol=ONGC/part-083220_423567-039033.parquet,real_data_sample\l2_unseen_validation\trade_date=2026-07-17\exchange=NSE\symbol=ONGC\part-083220_423567-039033.parquet,34513,downloaded,34513,
2026-07-17,NSE,ONGC,raw_l2/trade_date=2026-07-17/exchange=NSE/symbol=ONGC/part-083151_302088-038969.parquet,real_data_sample\l2_unseen_validation\trade_date=2026-07-17\exchange=NSE\symbol=ONGC\part-083151_302088-038969.parquet,34554,downloaded,34554,
2026-07-17,NSE,ONGC,raw_l2/trade_date=2026-07-17/exchange=NSE/symbol=ONGC/part-083304_272338-039129.parquet,real_data_sample\l2_unseen_validation\trade_date=2026-07-17\exchange=NSE\symbol=ONGC\part-083304_272338-039129.parquet,34627,downloaded,34627,
2026-07-17,NSE,ONGC,raw_l2/trade_date=2026-07-17/exchange=NSE/symbol=ONGC/part-080925_527570-035961.parquet,real_data_sample\l2_unseen_validation\trade_date=2026-07-17\exchange=NSE\symbol=ONGC\part-080925_527570-035961.parquet,34642,downloaded,34642,
2026-07-17,NSE,ONGC,raw_l2/trade_date=2026-07-17/exchange=NSE/symbol=ONGC/part-083235_067994-039065.parquet,real_data_sample\l2_unseen_validation\trade_date=2026-07-17\exchange=NSE\symbol=ONGC\part-083235_067994-039065.parquet,34477,downloaded,34477,
2026-07-17,NSE,ONGC,raw_l2/trade_date=2026-07-17/exchange=NSE/symbol=ONGC/part-083249_681026-039097.parquet,real_data_sample\l2_unseen_validation\trade_date=2026-07-17\exchange=NSE\symbol=ONGC\part-083249_681026-039097.parquet,34623,downloaded,34623,
2026-07-17,NSE,ONGC,raw_l2/trade_date=2026-07-17/exchange=NSE/symbol=ONGC/part-083318_865619-039161.parquet,real_data_sample\l2_unseen_validation\trade_date=2026-07-17\exchange=NSE\symbol=ONGC\part-083318_865619-039161.parquet,34471,downloaded,34471,
2026-07-17,NSE,ONGC,raw_l2/trade_date=2026-07-17/exchange=NSE/symbol=ONGC/part-083459_372110-039385.parquet,real_data_sample\l2_unseen_validation\trade_date=2026-07-17\exchange=NSE\symbol=ONGC\part-083459_372110-039385.parquet,34442,downloaded,34442,
2026-07-17,NSE,ONGC,raw_l2/trade_date=2026-07-17/exchange=NSE/symbol=ONGC/part-083444_866561-039353.parquet,real_data_sample\l2_unseen_validation\trade_date=2026-07-17\exchange=NSE\symbol=ONGC\part-083444_866561-039353.parquet,34587,downloaded,34587,
2026-07-17,NSE,ONGC,raw_l2/trade_date=2026-07-17/exchange=NSE/symbol=ONGC/part-083513_560272-039417.parquet,real_data_sample\l2_unseen_validation\trade_date=2026-07-17\exchange=NSE\symbol=ONGC\part-083513_560272-039417.parquet,34666,downloaded,34666,
2026-07-17,NSE,ONGC,raw_l2/trade_date=2026-07-17/exchange=NSE/symbol=ONGC/part-083333_183669-039193.parquet,real_data_sample\l2_unseen_validation\trade_date=2026-07-17\exchange=NSE\symbol=ONGC\part-083333_183669-039193.parquet,34383,downloaded,34383,
2026-07-17,NSE,ONGC,raw_l2/trade_date=2026-07-17/exchange=NSE/symbol=ONGC/part-083416_155215-039289.parquet,real_data_sample\l2_unseen_validation\trade_date=2026-07-17\exchange=NSE\symbol=ONGC\part-083416_155215-039289.parquet,34649,downloaded,34649,
2026-07-17,NSE,ONGC,raw_l2/trade_date=2026-07-17/exchange=NSE/symbol=ONGC/part-083401_937009-039257.parquet,real_data_sample\l2_unseen_validation\trade_date=2026-07-17\exchange=NSE\symbol=ONGC\part-083401_937009-039257.parquet,34541,downloaded,34541,
2026-07-17,NSE,ONGC,raw_l2/trade_date=2026-07-17/exchange=NSE/symbol=ONGC/part-083347_392065-039225.parquet,real_data_sample\l2_unseen_validation\trade_date=2026-07-17\exchange=NSE\symbol=ONGC\part-083347_392065-039225.parquet,34486,downloaded,34486,
2026-07-17,NSE,ONGC,raw_l2/trade_date=2026-07-17/exchange=NSE/symbol=ONGC/part-083430_477730-039321.parquet,real_data_sample\l2_unseen_validation\trade_date=2026-07-17\exchange=NSE\symbol=ONGC\part-083430_477730-039321.parquet,34851,downloaded,34851,
2026-07-17,NSE,ONGC,raw_l2/trade_date=2026-07-17/exchange=NSE/symbol=ONGC/part-083527_693725-039449.parquet,real_data_sample\l2_unseen_validation\trade_date=2026-07-17\exchange=NSE\symbol=ONGC\part-083527_693725-039449.parquet,34521,downloaded,34521,
2026-07-17,NSE,ONGC,raw_l2/trade_date=2026-07-17/exchange=NSE/symbol=ONGC/part-083653_099852-039641.parquet,real_data_sample\l2_unseen_validation\trade_date=2026-07-17\exchange=NSE\symbol=ONGC\part-083653_099852-039641.parquet,34546,downloaded,34546,
2026-07-17,NSE,ONGC,raw_l2/trade_date=2026-07-17/exchange=NSE/symbol=ONGC/part-083707_144957-039673.parquet,real_data_sample\l2_unseen_validation\trade_date=2026-07-17\exchange=NSE\symbol=ONGC\part-083707_144957-039673.parquet,34589,downloaded,34589,
2026-07-17,NSE,ONGC,raw_l2/trade_date=2026-07-17/exchange=NSE/symbol=ONGC/part-083638_756571-039609.parquet,real_data_sample\l2_unseen_validation\trade_date=2026-07-17\exchange=NSE\symbol=ONGC\part-083638_756571-039609.parquet,34725,downloaded,34725,
2026-07-17,NSE,ONGC,raw_l2/trade_date=2026-07-17/exchange=NSE/symbol=ONGC/part-083721_352348-039705.parquet,real_data_sample\l2_unseen_validation\trade_date=2026-07-17\exchange=NSE\symbol=ONGC\part-083721_352348-039705.parquet,34468,downloaded,34468,
2026-07-17,NSE,ONGC,raw_l2/trade_date=2026-07-17/exchange=NSE/symbol=ONGC/part-083541_799074-039481.parquet,real_data_sample\l2_unseen_validation\trade_date=2026-07-17\exchange=NSE\symbol=ONGC\part-083541_799074-039481.parquet,34516,downloaded,34516,
2026-07-17,NSE,ONGC,raw_l2/trade_date=2026-07-17/exchange=NSE/symbol=ONGC/part-083818_406163-039833.parquet,real_data_sample\l2_unseen_validation\trade_date=2026-07-17\exchange=NSE\symbol=ONGC\part-083818_406163-039833.parquet,34593,downloaded,34593,
2026-07-17,NSE,ONGC,raw_l2/trade_date=2026-07-17/exchange=NSE/symbol=ONGC/part-083610_348000-039545.parquet,real_data_sample\l2_unseen_validation\trade_date=2026-07-17\exchange=NSE\symbol=ONGC\part-083610_348000-039545.parquet,34522,downloaded,34522,
2026-07-17,NSE,ONGC,raw_l2/trade_date=2026-07-17/exchange=NSE/symbol=ONGC/part-083832_883796-039865.parquet,real_data_sample\l2_unseen_validation\trade_date=2026-07-17\exchange=NSE\symbol=ONGC\part-083832_883796-039865.parquet,34676,downloaded,34676,
2026-07-17,NSE,ONGC,raw_l2/trade_date=2026-07-17/exchange=NSE/symbol=ONGC/part-083735_574285-039737.parquet,real_data_sample\l2_unseen_validation\trade_date=2026-07-17\exchange=NSE\symbol=ONGC\part-083735_574285-039737.parquet,34992,downloaded,34992,
2026-07-17,NSE,ONGC,raw_l2/trade_date=2026-07-17/exchange=NSE/symbol=ONGC/part-083749_825151-039769.parquet,real_data_sample\l2_unseen_validation\trade_date=2026-07-17\exchange=NSE\symbol=ONGC\part-083749_825151-039769.parquet,34678,downloaded,34678,
2026-07-17,NSE,ONGC,raw_l2/trade_date=2026-07-17/exchange=NSE/symbol=ONGC/part-083555_928699-039513.parquet,real_data_sample\l2_unseen_validation\trade_date=2026-07-17\exchange=NSE\symbol=ONGC\part-083555_928699-039513.parquet,34709,downloaded,34709,
2026-07-17,NSE,ONGC,raw_l2/trade_date=2026-07-17/exchange=NSE/symbol=ONGC/part-083624_548092-039577.parquet,real_data_sample\l2_unseen_validation\trade_date=2026-07-17\exchange=NSE\symbol=ONGC\part-083624_548092-039577.parquet,34573,downloaded,34573,
2026-07-17,NSE,ONGC,raw_l2/trade_date=2026-07-17/exchange=NSE/symbol=ONGC/part-083804_218242-039801.parquet,real_data_sample\l2_unseen_validation\trade_date=2026-07-17\exchange=NSE\symbol=ONGC\part-083804_218242-039801.parquet,34637,downloaded,34637,
2026-07-17,NSE,ONGC,raw_l2/trade_date=2026-07-17/exchange=NSE/symbol=ONGC/part-083930_255816-039993.parquet,real_data_sample\l2_unseen_validation\trade_date=2026-07-17\exchange=NSE\symbol=ONGC\part-083930_255816-039993.parquet,34803,downloaded,34803,
2026-07-17,NSE,ONGC,raw_l2/trade_date=2026-07-17/exchange=NSE/symbol=ONGC/part-083915_738960-039961.parquet,real_data_sample\l2_unseen_validation\trade_date=2026-07-17\exchange=NSE\symbol=ONGC\part-083915_738960-039961.parquet,34640,downloaded,34640,
2026-07-17,NSE,ONGC,raw_l2/trade_date=2026-07-17/exchange=NSE/symbol=ONGC/part-084027_220133-040121.parquet,real_data_sample\l2_unseen_validation\trade_date=2026-07-17\exchange=NSE\symbol=ONGC\part-084027_220133-040121.parquet,34731,downloaded,34731,
2026-07-17,NSE,ONGC,raw_l2/trade_date=2026-07-17/exchange=NSE/symbol=ONGC/part-083958_760032-040057.parquet,real_data_sample\l2_unseen_validation\trade_date=2026-07-17\exchange=NSE\symbol=ONGC\part-083958_760032-040057.parquet,34807,downloaded,34807,
2026-07-17,NSE,ONGC,raw_l2/trade_date=2026-07-17/exchange=NSE/symbol=ONGC/part-083944_375994-040025.parquet,real_data_sample\l2_unseen_validation\trade_date=2026-07-17\exchange=NSE\symbol=ONGC\part-083944_375994-040025.parquet,34589,downloaded,34589,
2026-07-17,NSE,ONGC,raw_l2/trade_date=2026-07-17/exchange=NSE/symbol=ONGC/part-084013_085253-040089.parquet,real_data_sample\l2_unseen_validation\trade_date=2026-07-17\exchange=NSE\symbol=ONGC\part-084013_085253-040089.parquet,34473,downloaded,34473,
2026-07-17,NSE,ONGC,raw_l2/trade_date=2026-07-17/exchange=NSE/symbol=ONGC/part-084041_707814-040153.parquet,real_data_sample\l2_unseen_validation\trade_date=2026-07-17\exchange=NSE\symbol=ONGC\part-084041_707814-040153.parquet,34594,downloaded,34594,
2026-07-17,NSE,ONGC,raw_l2/trade_date=2026-07-17/exchange=NSE/symbol=ONGC/part-084056_219733-040185.parquet,real_data_sample\l2_unseen_validation\trade_date=2026-07-17\exchange=NSE\symbol=ONGC\part-084056_219733-040185.parquet,34641,downloaded,34641,
2026-07-17,NSE,ONGC,raw_l2/trade_date=2026-07-17/exchange=NSE/symbol=ONGC/part-084110_248423-040217.parquet,real_data_sample\l2_unseen_validation\trade_date=2026-07-17\exchange=NSE\symbol=ONGC\part-084110_248423-040217.parquet,34631,downloaded,34631,
2026-07-17,NSE,ONGC,raw_l2/trade_date=2026-07-17/exchange=NSE/symbol=ONGC/part-084124_514577-040249.parquet,real_data_sample\l2_unseen_validation\trade_date=2026-07-17\exchange=NSE\symbol=ONGC\part-084124_514577-040249.parquet,34642,downloaded,34642,
2026-07-17,NSE,ONGC,raw_l2/trade_date=2026-07-17/exchange=NSE/symbol=ONGC/part-084153_373070-040313.parquet,real_data_sample\l2_unseen_validation\trade_date=2026-07-17\exchange=NSE\symbol=ONGC\part-084153_373070-040313.parquet,34687,downloaded,34687,
2026-07-17,NSE,ONGC,raw_l2/trade_date=2026-07-17/exchange=NSE/symbol=ONGC/part-084138_969298-040281.parquet,real_data_sample\l2_unseen_validation\trade_date=2026-07-17\exchange=NSE\symbol=ONGC\part-084138_969298-040281.parquet,34678,downloaded,34678,
2026-07-17,NSE,ONGC,raw_l2/trade_date=2026-07-17/exchange=NSE/symbol=ONGC/part-083847_025059-039897.parquet,real_data_sample\l2_unseen_validation\trade_date=2026-07-17\exchange=NSE\symbol=ONGC\part-083847_025059-039897.parquet,34494,downloaded,34494,
2026-07-17,NSE,ONGC,raw_l2/trade_date=2026-07-17/exchange=NSE/symbol=ONGC/part-084626_762746-040921.parquet,real_data_sample\l2_unseen_validation\trade_date=2026-07-17\exchange=NSE\symbol=ONGC\part-084626_762746-040921.parquet,34675,downloaded,34675,
2026-07-17,NSE,ONGC,raw_l2/trade_date=2026-07-17/exchange=NSE/symbol=ONGC/part-084417_376569-040633.parquet,real_data_sample\l2_unseen_validation\trade_date=2026-07-17\exchange=NSE\symbol=ONGC\part-084417_376569-040633.parquet,34835,downloaded,34835,
2026-07-17,NSE,ONGC,raw_l2/trade_date=2026-07-17/exchange=NSE/symbol=ONGC/part-084500_704452-040729.parquet,real_data_sample\l2_unseen_validation\trade_date=2026-07-17\exchange=NSE\symbol=ONGC\part-084500_704452-040729.parquet,34625,downloaded,34625,
2026-07-17,NSE,ONGC,raw_l2/trade_date=2026-07-17/exchange=NSE/symbol=ONGC/part-083901_442695-039929.parquet,real_data_sample\l2_unseen_validation\trade_date=2026-07-17\exchange=NSE\symbol=ONGC\part-083901_442695-039929.parquet,34583,downloaded,34583,
2026-07-17,NSE,ONGC,raw_l2/trade_date=2026-07-17/exchange=NSE/symbol=ONGC/part-084655_361189-040985.parquet,real_data_sample\l2_unseen_validation\trade_date=2026-07-17\exchange=NSE\symbol=ONGC\part-084655_361189-040985.parquet,34624,downloaded,34624,
2026-07-17,NSE,ONGC,raw_l2/trade_date=2026-07-17/exchange=NSE/symbol=ONGC/part-084709_586638-041017.parquet,real_data_sample\l2_unseen_validation\trade_date=2026-07-17\exchange=NSE\symbol=ONGC\part-084709_586638-041017.parquet,34482,downloaded,34482,
2026-07-17,NSE,ONGC,raw_l2/trade_date=2026-07-17/exchange=NSE/symbol=ONGC/part-084543_787069-040825.parquet,real_data_sample\l2_unseen_validation\trade_date=2026-07-17\exchange=NSE\symbol=ONGC\part-084543_787069-040825.parquet,34642,downloaded,34642,
2026-07-17,NSE,ONGC,raw_l2/trade_date=2026-07-17/exchange=NSE/symbol=ONGC/part-084529_414380-040793.parquet,real_data_sample\l2_unseen_validation\trade_date=2026-07-17\exchange=NSE\symbol=ONGC\part-084529_414380-040793.parquet,34631,downloaded,34631,
2026-07-17,NSE,ONGC,raw_l2/trade_date=2026-07-17/exchange=NSE/symbol=ONGC/part-084446_130426-040697.parquet,real_data_sample\l2_unseen_validation\trade_date=2026-07-17\exchange=NSE\symbol=ONGC\part-084446_130426-040697.parquet,34701,downloaded,34701,
2026-07-17,NSE,ONGC,raw_l2/trade_date=2026-07-17/exchange=NSE/symbol=ONGC/part-084431_849358-040665.parquet,real_data_sample\l2_unseen_validation\trade_date=2026-07-17\exchange=NSE\symbol=ONGC\part-084431_849358-040665.parquet,34744,downloaded,34744,
2026-07-17,NSE,ONGC,raw_l2/trade_date=2026-07-17/exchange=NSE/symbol=ONGC/part-084207_712025-040345.parquet,real_data_sample\l2_unseen_validation\trade_date=2026-07-17\exchange=NSE\symbol=ONGC\part-084207_712025-040345.parquet,34698,downloaded,34698,
2026-07-17,NSE,ONGC,raw_l2/trade_date=2026-07-17/exchange=NSE/symbol=ONGC/part-084236_407236-040409.parquet,real_data_sample\l2_unseen_validation\trade_date=2026-07-17\exchange=NSE\symbol=ONGC\part-084236_407236-040409.parquet,34642,downloaded,34642,
2026-07-17,NSE,ONGC,raw_l2/trade_date=2026-07-17/exchange=NSE/symbol=ONGC/part-084558_104794-040857.parquet,real_data_sample\l2_unseen_validation\trade_date=2026-07-17\exchange=NSE\symbol=ONGC\part-084558_104794-040857.parquet,34732,downloaded,34732,
2026-07-17,NSE,ONGC,raw_l2/trade_date=2026-07-17/exchange=NSE/symbol=ONGC/part-084752_308916-041113.parquet,real_data_sample\l2_unseen_validation\trade_date=2026-07-17\exchange=NSE\symbol=ONGC\part-084752_308916-041113.parquet,34722,downloaded,34722,
2026-07-17,NSE,ONGC,raw_l2/trade_date=2026-07-17/exchange=NSE/symbol=ONGC/part-084222_126529-040377.parquet,real_data_sample\l2_unseen_validation\trade_date=2026-07-17\exchange=NSE\symbol=ONGC\part-084222_126529-040377.parquet,34687,downloaded,34687,
2026-07-17,NSE,ONGC,raw_l2/trade_date=2026-07-17/exchange=NSE/symbol=ONGC/part-084305_017425-040473.parquet,real_data_sample\l2_unseen_validation\trade_date=2026-07-17\exchange=NSE\symbol=ONGC\part-084305_017425-040473.parquet,34541,downloaded,34541,
2026-07-17,NSE,ONGC,raw_l2/trade_date=2026-07-17/exchange=NSE/symbol=ONGC/part-084348_416005-040569.parquet,real_data_sample\l2_unseen_validation\trade_date=2026-07-17\exchange=NSE\symbol=ONGC\part-084348_416005-040569.parquet,34753,downloaded,34753,
2026-07-17,NSE,ONGC,raw_l2/trade_date=2026-07-17/exchange=NSE/symbol=ONGC/part-084334_011732-040537.parquet,real_data_sample\l2_unseen_validation\trade_date=2026-07-17\exchange=NSE\symbol=ONGC\part-084334_011732-040537.parquet,34665,downloaded,34665,
2026-07-17,NSE,ONGC,raw_l2/trade_date=2026-07-17/exchange=NSE/symbol=ONGC/part-084319_489862-040505.parquet,real_data_sample\l2_unseen_validation\trade_date=2026-07-17\exchange=NSE\symbol=ONGC\part-084319_489862-040505.parquet,34543,downloaded,34543,
2026-07-17,NSE,ONGC,raw_l2/trade_date=2026-07-17/exchange=NSE/symbol=ONGC/part-084737_995962-041081.parquet,real_data_sample\l2_unseen_validation\trade_date=2026-07-17\exchange=NSE\symbol=ONGC\part-084737_995962-041081.parquet,34600,downloaded,34600,
2026-07-17,NSE,ONGC,raw_l2/trade_date=2026-07-17/exchange=NSE/symbol=ONGC/part-084641_153933-040953.parquet,real_data_sample\l2_unseen_validation\trade_date=2026-07-17\exchange=NSE\symbol=ONGC\part-084641_153933-040953.parquet,34727,downloaded,34727,
2026-07-17,NSE,ONGC,raw_l2/trade_date=2026-07-17/exchange=NSE/symbol=ONGC/part-084250_884359-040441.parquet,real_data_sample\l2_unseen_validation\trade_date=2026-07-17\exchange=NSE\symbol=ONGC\part-084250_884359-040441.parquet,34716,downloaded,34716,
2026-07-17,NSE,ONGC,raw_l2/trade_date=2026-07-17/exchange=NSE/symbol=ONGC/part-084612_580632-040889.parquet,real_data_sample\l2_unseen_validation\trade_date=2026-07-17\exchange=NSE\symbol=ONGC\part-084612_580632-040889.parquet,34418,downloaded,34418,
2026-07-17,NSE,ONGC,raw_l2/trade_date=2026-07-17/exchange=NSE/symbol=ONGC/part-084402_922261-040601.parquet,real_data_sample\l2_unseen_validation\trade_date=2026-07-17\exchange=NSE\symbol=ONGC\part-084402_922261-040601.parquet,34541,downloaded,34541,
2026-07-17,NSE,ONGC,raw_l2/trade_date=2026-07-17/exchange=NSE/symbol=ONGC/part-084723_730358-041049.parquet,real_data_sample\l2_unseen_validation\trade_date=2026-07-17\exchange=NSE\symbol=ONGC\part-084723_730358-041049.parquet,34633,downloaded,34633,
2026-07-17,NSE,ONGC,raw_l2/trade_date=2026-07-17/exchange=NSE/symbol=ONGC/part-084806_633313-041145.parquet,real_data_sample\l2_unseen_validation\trade_date=2026-07-17\exchange=NSE\symbol=ONGC\part-084806_633313-041145.parquet,34562,downloaded,34562,
2026-07-17,NSE,ONGC,raw_l2/trade_date=2026-07-17/exchange=NSE/symbol=ONGC/part-084514_985910-040761.parquet,real_data_sample\l2_unseen_validation\trade_date=2026-07-17\exchange=NSE\symbol=ONGC\part-084514_985910-040761.parquet,34744,downloaded,34744,
2026-07-17,NSE,ONGC,raw_l2/trade_date=2026-07-17/exchange=NSE/symbol=ONGC/part-084904_230420-041273.parquet,real_data_sample\l2_unseen_validation\trade_date=2026-07-17\exchange=NSE\symbol=ONGC\part-084904_230420-041273.parquet,34605,downloaded,34605,
2026-07-17,NSE,ONGC,raw_l2/trade_date=2026-07-17/exchange=NSE/symbol=ONGC/part-084849_731745-041241.parquet,real_data_sample\l2_unseen_validation\trade_date=2026-07-17\exchange=NSE\symbol=ONGC\part-084849_731745-041241.parquet,34458,downloaded,34458,
2026-07-17,NSE,ONGC,raw_l2/trade_date=2026-07-17/exchange=NSE/symbol=ONGC/part-084820_859580-041177.parquet,real_data_sample\l2_unseen_validation\trade_date=2026-07-17\exchange=NSE\symbol=ONGC\part-084820_859580-041177.parquet,34639,downloaded,34639,
2026-07-17,NSE,ONGC,raw_l2/trade_date=2026-07-17/exchange=NSE/symbol=ONGC/part-084835_280450-041209.parquet,real_data_sample\l2_unseen_validation\trade_date=2026-07-17\exchange=NSE\symbol=ONGC\part-084835_280450-041209.parquet,34783,downloaded,34783,
2026-07-17,NSE,ONGC,raw_l2/trade_date=2026-07-17/exchange=NSE/symbol=ONGC/part-084933_387782-041337.parquet,real_data_sample\l2_unseen_validation\trade_date=2026-07-17\exchange=NSE\symbol=ONGC\part-084933_387782-041337.parquet,34611,downloaded,34611,
2026-07-17,NSE,ONGC,raw_l2/trade_date=2026-07-17/exchange=NSE/symbol=ONGC/part-085031_198232-041465.parquet,real_data_sample\l2_unseen_validation\trade_date=2026-07-17\exchange=NSE\symbol=ONGC\part-085031_198232-041465.parquet,34539,downloaded,34539,
2026-07-17,NSE,ONGC,raw_l2/trade_date=2026-07-17/exchange=NSE/symbol=ONGC/part-085439_009714-042009.parquet,real_data_sample\l2_unseen_validation\trade_date=2026-07-17\exchange=NSE\symbol=ONGC\part-085439_009714-042009.parquet,34578,downloaded,34578,
2026-07-17,NSE,ONGC,raw_l2/trade_date=2026-07-17/exchange=NSE/symbol=ONGC/part-085550_353424-042169.parquet,real_data_sample\l2_unseen_validation\trade_date=2026-07-17\exchange=NSE\symbol=ONGC\part-085550_353424-042169.parquet,34571,downloaded,34571,
2026-07-17,NSE,ONGC,raw_l2/trade_date=2026-07-17/exchange=NSE/symbol=ONGC/part-085212_718786-041689.parquet,real_data_sample\l2_unseen_validation\trade_date=2026-07-17\exchange=NSE\symbol=ONGC\part-085212_718786-041689.parquet,34455,downloaded,34455,
2026-07-17,NSE,ONGC,raw_l2/trade_date=2026-07-17/exchange=NSE/symbol=ONGC/part-085507_693612-042073.parquet,real_data_sample\l2_unseen_validation\trade_date=2026-07-17\exchange=NSE\symbol=ONGC\part-085507_693612-042073.parquet,34476,downloaded,34476,
2026-07-17,NSE,ONGC,raw_l2/trade_date=2026-07-17/exchange=NSE/symbol=ONGC/part-085604_379400-042201.parquet,real_data_sample\l2_unseen_validation\trade_date=2026-07-17\exchange=NSE\symbol=ONGC\part-085604_379400-042201.parquet,34446,downloaded,34446,
2026-07-17,NSE,ONGC,raw_l2/trade_date=2026-07-17/exchange=NSE/symbol=ONGC/part-085453_299584-042041.parquet,real_data_sample\l2_unseen_validation\trade_date=2026-07-17\exchange=NSE\symbol=ONGC\part-085453_299584-042041.parquet,34697,downloaded,34697,
2026-07-17,NSE,ONGC,raw_l2/trade_date=2026-07-17/exchange=NSE/symbol=ONGC/part-085618_499300-042233.parquet,real_data_sample\l2_unseen_validation\trade_date=2026-07-17\exchange=NSE\symbol=ONGC\part-085618_499300-042233.parquet,34574,downloaded,34574,
2026-07-17,NSE,ONGC,raw_l2/trade_date=2026-07-17/exchange=NSE/symbol=ONGC/part-085341_919566-041881.parquet,real_data_sample\l2_unseen_validation\trade_date=2026-07-17\exchange=NSE\symbol=ONGC\part-085341_919566-041881.parquet,34488,downloaded,34488,
2026-07-17,NSE,ONGC,raw_l2/trade_date=2026-07-17/exchange=NSE/symbol=ONGC/part-085632_823060-042265.parquet,real_data_sample\l2_unseen_validation\trade_date=2026-07-17\exchange=NSE\symbol=ONGC\part-085632_823060-042265.parquet,34609,downloaded,34609,
2026-07-17,NSE,ONGC,raw_l2/trade_date=2026-07-17/exchange=NSE/symbol=ONGC/part-085424_490334-041977.parquet,real_data_sample\l2_unseen_validation\trade_date=2026-07-17\exchange=NSE\symbol=ONGC\part-085424_490334-041977.parquet,34470,downloaded,34470,
2026-07-17,NSE,ONGC,raw_l2/trade_date=2026-07-17/exchange=NSE/symbol=ONGC/part-085536_126280-042137.parquet,real_data_sample\l2_unseen_validation\trade_date=2026-07-17\exchange=NSE\symbol=ONGC\part-085536_126280-042137.parquet,34560,downloaded,34560,
2026-07-17,NSE,ONGC,raw_l2/trade_date=2026-07-17/exchange=NSE/symbol=ONGC/part-085647_269606-042297.parquet,real_data_sample\l2_unseen_validation\trade_date=2026-07-17\exchange=NSE\symbol=ONGC\part-085647_269606-042297.parquet,34504,downloaded,34504,
2026-07-17,NSE,ONGC,raw_l2/trade_date=2026-07-17/exchange=NSE/symbol=ONGC/part-085521_827128-042105.parquet,real_data_sample\l2_unseen_validation\trade_date=2026-07-17\exchange=NSE\symbol=ONGC\part-085521_827128-042105.parquet,34400,downloaded,34400,
2026-07-17,NSE,ONGC,raw_l2/trade_date=2026-07-17/exchange=NSE/symbol=ONGC/part-085701_355554-042329.parquet,real_data_sample\l2_unseen_validation\trade_date=2026-07-17\exchange=NSE\symbol=ONGC\part-085701_355554-042329.parquet,34462,downloaded,34462,
2026-07-17,NSE,ONGC,raw_l2/trade_date=2026-07-17/exchange=NSE/symbol=ONGC/part-085715_576191-042361.parquet,real_data_sample\l2_unseen_validation\trade_date=2026-07-17\exchange=NSE\symbol=ONGC\part-085715_576191-042361.parquet,34439,downloaded,34439,
2026-07-17,NSE,ONGC,raw_l2/trade_date=2026-07-17/exchange=NSE/symbol=ONGC/part-085925_779895-042649.parquet,real_data_sample\l2_unseen_validation\trade_date=2026-07-17\exchange=NSE\symbol=ONGC\part-085925_779895-042649.parquet,34602,downloaded,34602,
2026-07-17,NSE,ONGC,raw_l2/trade_date=2026-07-17/exchange=NSE/symbol=ONGC/part-085744_200863-042425.parquet,real_data_sample\l2_unseen_validation\trade_date=2026-07-17\exchange=NSE\symbol=ONGC\part-085744_200863-042425.parquet,34595,downloaded,34595,
2026-07-17,NSE,ONGC,raw_l2/trade_date=2026-07-17/exchange=NSE/symbol=ONGC/part-085910_957289-042617.parquet,real_data_sample\l2_unseen_validation\trade_date=2026-07-17\exchange=NSE\symbol=ONGC\part-085910_957289-042617.parquet,34562,downloaded,34562,
2026-07-17,NSE,ONGC,raw_l2/trade_date=2026-07-17/exchange=NSE/symbol=ONGC/part-085758_685715-042457.parquet,real_data_sample\l2_unseen_validation\trade_date=2026-07-17\exchange=NSE\symbol=ONGC\part-085758_685715-042457.parquet,34560,downloaded,34560,
2026-07-17,NSE,ONGC,raw_l2/trade_date=2026-07-17/exchange=NSE/symbol=ONGC/part-085856_461341-042585.parquet,real_data_sample\l2_unseen_validation\trade_date=2026-07-17\exchange=NSE\symbol=ONGC\part-085856_461341-042585.parquet,34563,downloaded,34563,
2026-07-17,NSE,ONGC,raw_l2/trade_date=2026-07-17/exchange=NSE/symbol=ONGC/part-085729_720840-042393.parquet,real_data_sample\l2_unseen_validation\trade_date=2026-07-17\exchange=NSE\symbol=ONGC\part-085729_720840-042393.parquet,34492,downloaded,34492,
2026-07-17,NSE,ONGC,raw_l2/trade_date=2026-07-17/exchange=NSE/symbol=ONGC/part-085827_557591-042521.parquet,real_data_sample\l2_unseen_validation\trade_date=2026-07-17\exchange=NSE\symbol=ONGC\part-085827_557591-042521.parquet,34623,downloaded,34623,
2026-07-17,NSE,ONGC,raw_l2/trade_date=2026-07-17/exchange=NSE/symbol=ONGC/part-085813_077533-042489.parquet,real_data_sample\l2_unseen_validation\trade_date=2026-07-17\exchange=NSE\symbol=ONGC\part-085813_077533-042489.parquet,34425,downloaded,34425,
2026-07-17,NSE,ONGC,raw_l2/trade_date=2026-07-17/exchange=NSE/symbol=ONGC/part-085940_409158-042681.parquet,real_data_sample\l2_unseen_validation\trade_date=2026-07-17\exchange=NSE\symbol=ONGC\part-085940_409158-042681.parquet,34694,downloaded,34694,
2026-07-17,NSE,ONGC,raw_l2/trade_date=2026-07-17/exchange=NSE/symbol=ONGC/part-085841_931732-042553.parquet,real_data_sample\l2_unseen_validation\trade_date=2026-07-17\exchange=NSE\symbol=ONGC\part-085841_931732-042553.parquet,34740,downloaded,34740,
2026-07-17,NSE,ONGC,raw_l2/trade_date=2026-07-17/exchange=NSE/symbol=ONGC/part-090023_879942-042777.parquet,real_data_sample\l2_unseen_validation\trade_date=2026-07-17\exchange=NSE\symbol=ONGC\part-090023_879942-042777.parquet,34509,downloaded,34509,
2026-07-17,NSE,ONGC,raw_l2/trade_date=2026-07-17/exchange=NSE/symbol=ONGC/part-085955_124940-042713.parquet,real_data_sample\l2_unseen_validation\trade_date=2026-07-17\exchange=NSE\symbol=ONGC\part-085955_124940-042713.parquet,34537,downloaded,34537,
2026-07-17,NSE,ONGC,raw_l2/trade_date=2026-07-17/exchange=NSE/symbol=ONGC/part-090009_581434-042745.parquet,real_data_sample\l2_unseen_validation\trade_date=2026-07-17\exchange=NSE\symbol=ONGC\part-090009_581434-042745.parquet,34670,downloaded,34670,
2026-07-17,NSE,ONGC,raw_l2/trade_date=2026-07-17/exchange=NSE/symbol=ONGC/part-090038_335552-042809.parquet,real_data_sample\l2_unseen_validation\trade_date=2026-07-17\exchange=NSE\symbol=ONGC\part-090038_335552-042809.parquet,34414,downloaded,34414,
2026-07-17,NSE,ONGC,raw_l2/trade_date=2026-07-17/exchange=NSE/symbol=ONGC/part-090248_199480-043097.parquet,real_data_sample\l2_unseen_validation\trade_date=2026-07-17\exchange=NSE\symbol=ONGC\part-090248_199480-043097.parquet,34685,downloaded,34685,
2026-07-17,NSE,ONGC,raw_l2/trade_date=2026-07-17/exchange=NSE/symbol=ONGC/part-090233_665151-043065.parquet,real_data_sample\l2_unseen_validation\trade_date=2026-07-17\exchange=NSE\symbol=ONGC\part-090233_665151-043065.parquet,34753,downloaded,34753,
2026-07-17,NSE,ONGC,raw_l2/trade_date=2026-07-17/exchange=NSE/symbol=ONGC/part-090205_107463-043001.parquet,real_data_sample\l2_unseen_validation\trade_date=2026-07-17\exchange=NSE\symbol=ONGC\part-090205_107463-043001.parquet,34489,downloaded,34489,
2026-07-17,NSE,ONGC,raw_l2/trade_date=2026-07-17/exchange=NSE/symbol=ONGC/part-090346_469240-043225.parquet,real_data_sample\l2_unseen_validation\trade_date=2026-07-17\exchange=NSE\symbol=ONGC\part-090346_469240-043225.parquet,34616,downloaded,34616,
2026-07-17,NSE,ONGC,raw_l2/trade_date=2026-07-17/exchange=NSE/symbol=ONGC/part-090219_258116-043033.parquet,real_data_sample\l2_unseen_validation\trade_date=2026-07-17\exchange=NSE\symbol=ONGC\part-090219_258116-043033.parquet,34625,downloaded,34625,
2026-07-17,NSE,ONGC,raw_l2/trade_date=2026-07-17/exchange=NSE/symbol=ONGC/part-090316_951857-043161.parquet,real_data_sample\l2_unseen_validation\trade_date=2026-07-17\exchange=NSE\symbol=ONGC\part-090316_951857-043161.parquet,34527,downloaded,34527,
2026-07-17,NSE,ONGC,raw_l2/trade_date=2026-07-17/exchange=NSE/symbol=ONGC/part-090302_559589-043129.parquet,real_data_sample\l2_unseen_validation\trade_date=2026-07-17\exchange=NSE\symbol=ONGC\part-090302_559589-043129.parquet,34472,downloaded,34472,
2026-07-17,NSE,ONGC,raw_l2/trade_date=2026-07-17/exchange=NSE/symbol=ONGC/part-090136_438687-042937.parquet,real_data_sample\l2_unseen_validation\trade_date=2026-07-17\exchange=NSE\symbol=ONGC\part-090136_438687-042937.parquet,34586,downloaded,34586,
2026-07-17,NSE,ONGC,raw_l2/trade_date=2026-07-17/exchange=NSE/symbol=ONGC/part-090331_563811-043193.parquet,real_data_sample\l2_unseen_validation\trade_date=2026-07-17\exchange=NSE\symbol=ONGC\part-090331_563811-043193.parquet,34748,downloaded,34748,
2026-07-17,NSE,ONGC,raw_l2/trade_date=2026-07-17/exchange=NSE/symbol=ONGC/part-090052_963034-042841.parquet,real_data_sample\l2_unseen_validation\trade_date=2026-07-17\exchange=NSE\symbol=ONGC\part-090052_963034-042841.parquet,34669,downloaded,34669,
2026-07-17,NSE,ONGC,raw_l2/trade_date=2026-07-17/exchange=NSE/symbol=ONGC/part-090122_121168-042905.parquet,real_data_sample\l2_unseen_validation\trade_date=2026-07-17\exchange=NSE\symbol=ONGC\part-090122_121168-042905.parquet,34564,downloaded,34564,
2026-07-17,NSE,ONGC,raw_l2/trade_date=2026-07-17/exchange=NSE/symbol=ONGC/part-090107_546941-042873.parquet,real_data_sample\l2_unseen_validation\trade_date=2026-07-17\exchange=NSE\symbol=ONGC\part-090107_546941-042873.parquet,34668,downloaded,34668,
2026-07-17,NSE,ONGC,raw_l2/trade_date=2026-07-17/exchange=NSE/symbol=ONGC/part-090401_129188-043257.parquet,real_data_sample\l2_unseen_validation\trade_date=2026-07-17\exchange=NSE\symbol=ONGC\part-090401_129188-043257.parquet,34704,downloaded,34704,
2026-07-17,NSE,ONGC,raw_l2/trade_date=2026-07-17/exchange=NSE/symbol=ONGC/part-090150_900003-042969.parquet,real_data_sample\l2_unseen_validation\trade_date=2026-07-17\exchange=NSE\symbol=ONGC\part-090150_900003-042969.parquet,34488,downloaded,34488,
2026-07-17,NSE,ONGC,raw_l2/trade_date=2026-07-17/exchange=NSE/symbol=ONGC/part-090640_427990-043609.parquet,real_data_sample\l2_unseen_validation\trade_date=2026-07-17\exchange=NSE\symbol=ONGC\part-090640_427990-043609.parquet,34721,downloaded,34721,
2026-07-17,NSE,ONGC,raw_l2/trade_date=2026-07-17/exchange=NSE/symbol=ONGC/part-090654_915651-043641.parquet,real_data_sample\l2_unseen_validation\trade_date=2026-07-17\exchange=NSE\symbol=ONGC\part-090654_915651-043641.parquet,34673,downloaded,34673,
2026-07-17,NSE,ONGC,raw_l2/trade_date=2026-07-17/exchange=NSE/symbol=ONGC/part-090415_310972-043289.parquet,real_data_sample\l2_unseen_validation\trade_date=2026-07-17\exchange=NSE\symbol=ONGC\part-090415_310972-043289.parquet,34717,downloaded,34717,
2026-07-17,NSE,ONGC,raw_l2/trade_date=2026-07-17/exchange=NSE/symbol=ONGC/part-090429_837108-043321.parquet,real_data_sample\l2_unseen_validation\trade_date=2026-07-17\exchange=NSE\symbol=ONGC\part-090429_837108-043321.parquet,34605,downloaded,34605,
2026-07-17,NSE,ONGC,raw_l2/trade_date=2026-07-17/exchange=NSE/symbol=ONGC/part-090514_046977-043417.parquet,real_data_sample\l2_unseen_validation\trade_date=2026-07-17\exchange=NSE\symbol=ONGC\part-090514_046977-043417.parquet,34656,downloaded,34656,
2026-07-17,NSE,ONGC,raw_l2/trade_date=2026-07-17/exchange=NSE/symbol=ONGC/part-090459_344377-043385.parquet,real_data_sample\l2_unseen_validation\trade_date=2026-07-17\exchange=NSE\symbol=ONGC\part-090459_344377-043385.parquet,34544,downloaded,34544,
2026-07-17,NSE,ONGC,raw_l2/trade_date=2026-07-17/exchange=NSE/symbol=ONGC/part-090611_429872-043545.parquet,real_data_sample\l2_unseen_validation\trade_date=2026-07-17\exchange=NSE\symbol=ONGC\part-090611_429872-043545.parquet,34629,downloaded,34629,
2026-07-17,NSE,ONGC,raw_l2/trade_date=2026-07-17/exchange=NSE/symbol=ONGC/part-090528_409466-043449.parquet,real_data_sample\l2_unseen_validation\trade_date=2026-07-17\exchange=NSE\symbol=ONGC\part-090528_409466-043449.parquet,34691,downloaded,34691,
2026-07-17,NSE,ONGC,raw_l2/trade_date=2026-07-17/exchange=NSE/symbol=ONGC/part-090557_020606-043513.parquet,real_data_sample\l2_unseen_validation\trade_date=2026-07-17\exchange=NSE\symbol=ONGC\part-090557_020606-043513.parquet,34598,downloaded,34598,
2026-07-17,NSE,ONGC,raw_l2/trade_date=2026-07-17/exchange=NSE/symbol=ONGC/part-090709_454889-043673.parquet,real_data_sample\l2_unseen_validation\trade_date=2026-07-17\exchange=NSE\symbol=ONGC\part-090709_454889-043673.parquet,34771,downloaded,34771,
2026-07-17,NSE,ONGC,raw_l2/trade_date=2026-07-17/exchange=NSE/symbol=ONGC/part-090738_080764-043737.parquet,real_data_sample\l2_unseen_validation\trade_date=2026-07-17\exchange=NSE\symbol=ONGC\part-090738_080764-043737.parquet,35444,downloaded,35444,
2026-07-17,NSE,ONGC,raw_l2/trade_date=2026-07-17/exchange=NSE/symbol=ONGC/part-090625_949102-043577.parquet,real_data_sample\l2_unseen_validation\trade_date=2026-07-17\exchange=NSE\symbol=ONGC\part-090625_949102-043577.parquet,34485,downloaded,34485,
2026-07-17,NSE,ONGC,raw_l2/trade_date=2026-07-17/exchange=NSE/symbol=ONGC/part-090444_618296-043353.parquet,real_data_sample\l2_unseen_validation\trade_date=2026-07-17\exchange=NSE\symbol=ONGC\part-090444_618296-043353.parquet,34576,downloaded,34576,
2026-07-17,NSE,ONGC,raw_l2/trade_date=2026-07-17/exchange=NSE/symbol=ONGC/part-090542_829801-043481.parquet,real_data_sample\l2_unseen_validation\trade_date=2026-07-17\exchange=NSE\symbol=ONGC\part-090542_829801-043481.parquet,34799,downloaded,34799,
2026-07-17,NSE,ONGC,raw_l2/trade_date=2026-07-17/exchange=NSE/symbol=ONGC/part-090723_869730-043705.parquet,real_data_sample\l2_unseen_validation\trade_date=2026-07-17\exchange=NSE\symbol=ONGC\part-090723_869730-043705.parquet,35251,downloaded,35251,
2026-07-17,NSE,ONGC,raw_l2/trade_date=2026-07-17/exchange=NSE/symbol=ONGC/part-090851_032466-043897.parquet,real_data_sample\l2_unseen_validation\trade_date=2026-07-17\exchange=NSE\symbol=ONGC\part-090851_032466-043897.parquet,34686,downloaded,34686,
2026-07-17,NSE,ONGC,raw_l2/trade_date=2026-07-17/exchange=NSE/symbol=ONGC/part-091049_820516-044153.parquet,real_data_sample\l2_unseen_validation\trade_date=2026-07-17\exchange=NSE\symbol=ONGC\part-091049_820516-044153.parquet,34713,downloaded,34713,
2026-07-17,NSE,ONGC,raw_l2/trade_date=2026-07-17/exchange=NSE/symbol=ONGC/part-090752_451287-043769.parquet,real_data_sample\l2_unseen_validation\trade_date=2026-07-17\exchange=NSE\symbol=ONGC\part-090752_451287-043769.parquet,35493,downloaded,35493,
2026-07-17,NSE,ONGC,raw_l2/trade_date=2026-07-17/exchange=NSE/symbol=ONGC/part-090836_449012-043865.parquet,real_data_sample\l2_unseen_validation\trade_date=2026-07-17\exchange=NSE\symbol=ONGC\part-090836_449012-043865.parquet,34776,downloaded,34776,
2026-07-17,NSE,ONGC,raw_l2/trade_date=2026-07-17/exchange=NSE/symbol=ONGC/part-090935_653045-043993.parquet,real_data_sample\l2_unseen_validation\trade_date=2026-07-17\exchange=NSE\symbol=ONGC\part-090935_653045-043993.parquet,34839,downloaded,34839,
2026-07-17,NSE,ONGC,raw_l2/trade_date=2026-07-17/exchange=NSE/symbol=ONGC/part-091119_331341-044217.parquet,real_data_sample\l2_unseen_validation\trade_date=2026-07-17\exchange=NSE\symbol=ONGC\part-091119_331341-044217.parquet,34500,downloaded,34500,
2026-07-17,NSE,ONGC,raw_l2/trade_date=2026-07-17/exchange=NSE/symbol=ONGC/part-091006_182774-044057.parquet,real_data_sample\l2_unseen_validation\trade_date=2026-07-17\exchange=NSE\symbol=ONGC\part-091006_182774-044057.parquet,34658,downloaded,34658,
2026-07-17,NSE,ONGC,raw_l2/trade_date=2026-07-17/exchange=NSE/symbol=ONGC/part-090921_091717-043961.parquet,real_data_sample\l2_unseen_validation\trade_date=2026-07-17\exchange=NSE\symbol=ONGC\part-090921_091717-043961.parquet,34684,downloaded,34684,
2026-07-17,NSE,ONGC,raw_l2/trade_date=2026-07-17/exchange=NSE/symbol=ONGC/part-090905_936586-043929.parquet,real_data_sample\l2_unseen_validation\trade_date=2026-07-17\exchange=NSE\symbol=ONGC\part-090905_936586-043929.parquet,34687,downloaded,34687,
2026-07-17,NSE,ONGC,raw_l2/trade_date=2026-07-17/exchange=NSE/symbol=ONGC/part-090951_037606-044025.parquet,real_data_sample\l2_unseen_validation\trade_date=2026-07-17\exchange=NSE\symbol=ONGC\part-090951_037606-044025.parquet,34678,downloaded,34678,
2026-07-17,NSE,ONGC,raw_l2/trade_date=2026-07-17/exchange=NSE/symbol=ONGC/part-091020_479436-044089.parquet,real_data_sample\l2_unseen_validation\trade_date=2026-07-17\exchange=NSE\symbol=ONGC\part-091020_479436-044089.parquet,34579,downloaded,34579,
2026-07-17,NSE,ONGC,raw_l2/trade_date=2026-07-17/exchange=NSE/symbol=ONGC/part-090821_719464-043833.parquet,real_data_sample\l2_unseen_validation\trade_date=2026-07-17\exchange=NSE\symbol=ONGC\part-090821_719464-043833.parquet,34717,downloaded,34717,
2026-07-17,NSE,ONGC,raw_l2/trade_date=2026-07-17/exchange=NSE/symbol=ONGC/part-091035_229973-044121.parquet,real_data_sample\l2_unseen_validation\trade_date=2026-07-17\exchange=NSE\symbol=ONGC\part-091035_229973-044121.parquet,34697,downloaded,34697,
2026-07-17,NSE,ONGC,raw_l2/trade_date=2026-07-17/exchange=NSE/symbol=ONGC/part-090807_300808-043801.parquet,real_data_sample\l2_unseen_validation\trade_date=2026-07-17\exchange=NSE\symbol=ONGC\part-090807_300808-043801.parquet,35565,downloaded,35565,
2026-07-17,NSE,ONGC,raw_l2/trade_date=2026-07-17/exchange=NSE/symbol=ONGC/part-091104_406507-044185.parquet,real_data_sample\l2_unseen_validation\trade_date=2026-07-17\exchange=NSE\symbol=ONGC\part-091104_406507-044185.parquet,34733,downloaded,34733,
2026-07-17,NSE,ONGC,raw_l2/trade_date=2026-07-17/exchange=NSE/symbol=ONGC/part-091134_123407-044249.parquet,real_data_sample\l2_unseen_validation\trade_date=2026-07-17\exchange=NSE\symbol=ONGC\part-091134_123407-044249.parquet,34611,downloaded,34611,
2026-07-17,NSE,ONGC,raw_l2/trade_date=2026-07-17/exchange=NSE/symbol=ONGC/part-091203_201810-044313.parquet,real_data_sample\l2_unseen_validation\trade_date=2026-07-17\exchange=NSE\symbol=ONGC\part-091203_201810-044313.parquet,34814,downloaded,34814,
2026-07-17,NSE,ONGC,raw_l2/trade_date=2026-07-17/exchange=NSE/symbol=ONGC/part-091148_490933-044281.parquet,real_data_sample\l2_unseen_validation\trade_date=2026-07-17\exchange=NSE\symbol=ONGC\part-091148_490933-044281.parquet,34705,downloaded,34705,
2026-07-17,NSE,ONGC,raw_l2/trade_date=2026-07-17/exchange=NSE/symbol=ONGC/part-091444_118939-044665.parquet,real_data_sample\l2_unseen_validation\trade_date=2026-07-17\exchange=NSE\symbol=ONGC\part-091444_118939-044665.parquet,34711,downloaded,34711,
2026-07-17,NSE,ONGC,raw_l2/trade_date=2026-07-17/exchange=NSE/symbol=ONGC/part-091233_859518-044377.parquet,real_data_sample\l2_unseen_validation\trade_date=2026-07-17\exchange=NSE\symbol=ONGC\part-091233_859518-044377.parquet,35581,downloaded,35581,
2026-07-17,NSE,ONGC,raw_l2/trade_date=2026-07-17/exchange=NSE/symbol=ONGC/part-091248_431947-044409.parquet,real_data_sample\l2_unseen_validation\trade_date=2026-07-17\exchange=NSE\symbol=ONGC\part-091248_431947-044409.parquet,35496,downloaded,35496,
2026-07-17,NSE,ONGC,raw_l2/trade_date=2026-07-17/exchange=NSE/symbol=ONGC/part-091218_464027-044345.parquet,real_data_sample\l2_unseen_validation\trade_date=2026-07-17\exchange=NSE\symbol=ONGC\part-091218_464027-044345.parquet,35070,downloaded,35070,
2026-07-17,NSE,ONGC,raw_l2/trade_date=2026-07-17/exchange=NSE/symbol=ONGC/part-091302_892655-044441.parquet,real_data_sample\l2_unseen_validation\trade_date=2026-07-17\exchange=NSE\symbol=ONGC\part-091302_892655-044441.parquet,35320,downloaded,35320,
2026-07-17,NSE,ONGC,raw_l2/trade_date=2026-07-17/exchange=NSE/symbol=ONGC/part-091331_953798-044505.parquet,real_data_sample\l2_unseen_validation\trade_date=2026-07-17\exchange=NSE\symbol=ONGC\part-091331_953798-044505.parquet,34557,downloaded,34557,
2026-07-17,NSE,ONGC,raw_l2/trade_date=2026-07-17/exchange=NSE/symbol=ONGC/part-091415_291509-044601.parquet,real_data_sample\l2_unseen_validation\trade_date=2026-07-17\exchange=NSE\symbol=ONGC\part-091415_291509-044601.parquet,34735,downloaded,34735,
2026-07-17,NSE,ONGC,raw_l2/trade_date=2026-07-17/exchange=NSE/symbol=ONGC/part-091317_526707-044473.parquet,real_data_sample\l2_unseen_validation\trade_date=2026-07-17\exchange=NSE\symbol=ONGC\part-091317_526707-044473.parquet,35366,downloaded,35366,
2026-07-17,NSE,ONGC,raw_l2/trade_date=2026-07-17/exchange=NSE/symbol=ONGC/part-091346_429833-044537.parquet,real_data_sample\l2_unseen_validation\trade_date=2026-07-17\exchange=NSE\symbol=ONGC\part-091346_429833-044537.parquet,34588,downloaded,34588,
2026-07-17,NSE,ONGC,raw_l2/trade_date=2026-07-17/exchange=NSE/symbol=ONGC/part-085114_878371-041561.parquet,real_data_sample\l2_unseen_validation\trade_date=2026-07-17\exchange=NSE\symbol=ONGC\part-085114_878371-041561.parquet,34459,downloaded,34459,
2026-07-17,NSE,ONGC,raw_l2/trade_date=2026-07-17/exchange=NSE/symbol=ONGC/part-091458_577513-044697.parquet,real_data_sample\l2_unseen_validation\trade_date=2026-07-17\exchange=NSE\symbol=ONGC\part-091458_577513-044697.parquet,34650,downloaded,34650,
2026-07-17,NSE,ONGC,raw_l2/trade_date=2026-07-17/exchange=NSE/symbol=ONGC/part-091401_024873-044569.parquet,real_data_sample\l2_unseen_validation\trade_date=2026-07-17\exchange=NSE\symbol=ONGC\part-091401_024873-044569.parquet,34700,downloaded,34700,
2026-07-17,NSE,ONGC,raw_l2/trade_date=2026-07-17/exchange=NSE/symbol=ONGC/part-091429_717685-044633.parquet,real_data_sample\l2_unseen_validation\trade_date=2026-07-17\exchange=NSE\symbol=ONGC\part-091429_717685-044633.parquet,34605,downloaded,34605,
2026-07-17,NSE,ONGC,raw_l2/trade_date=2026-07-17/exchange=NSE/symbol=ONGC/part-085227_542582-041721.parquet,real_data_sample\l2_unseen_validation\trade_date=2026-07-17\exchange=NSE\symbol=ONGC\part-085227_542582-041721.parquet,34545,downloaded,34545,
2026-07-17,NSE,ONGC,raw_l2/trade_date=2026-07-17/exchange=NSE/symbol=ONGC/part-084947_887529-041369.parquet,real_data_sample\l2_unseen_validation\trade_date=2026-07-17\exchange=NSE\symbol=ONGC\part-084947_887529-041369.parquet,34638,downloaded,34638,
2026-07-17,NSE,ONGC,raw_l2/trade_date=2026-07-17/exchange=NSE/symbol=ONGC/part-085158_198908-041657.parquet,real_data_sample\l2_unseen_validation\trade_date=2026-07-17\exchange=NSE\symbol=ONGC\part-085158_198908-041657.parquet,34734,downloaded,34734,
2026-07-17,NSE,ONGC,raw_l2/trade_date=2026-07-17/exchange=NSE/symbol=ONGC/part-085356_040705-041913.parquet,real_data_sample\l2_unseen_validation\trade_date=2026-07-17\exchange=NSE\symbol=ONGC\part-085356_040705-041913.parquet,34523,downloaded,34523,
2026-07-17,NSE,ONGC,raw_l2/trade_date=2026-07-17/exchange=NSE/symbol=ONGC/part-085100_109734-041529.parquet,real_data_sample\l2_unseen_validation\trade_date=2026-07-17\exchange=NSE\symbol=ONGC\part-085100_109734-041529.parquet,34583,downloaded,34583,
2026-07-17,NSE,ONGC,raw_l2/trade_date=2026-07-17/exchange=NSE/symbol=ONGC/part-085002_498138-041401.parquet,real_data_sample\l2_unseen_validation\trade_date=2026-07-17\exchange=NSE\symbol=ONGC\part-085002_498138-041401.parquet,34871,downloaded,34871,
2026-07-17,NSE,ONGC,raw_l2/trade_date=2026-07-17/exchange=NSE/symbol=ONGC/part-085143_581860-041625.parquet,real_data_sample\l2_unseen_validation\trade_date=2026-07-17\exchange=NSE\symbol=ONGC\part-085143_581860-041625.parquet,34557,downloaded,34557,
2026-07-17,NSE,ONGC,raw_l2/trade_date=2026-07-17/exchange=NSE/symbol=ONGC/part-085045_503210-041497.parquet,real_data_sample\l2_unseen_validation\trade_date=2026-07-17\exchange=NSE\symbol=ONGC\part-085045_503210-041497.parquet,34276,downloaded,34276,
2026-07-17,NSE,ONGC,raw_l2/trade_date=2026-07-17/exchange=NSE/symbol=ONGC/part-084919_069725-041305.parquet,real_data_sample\l2_unseen_validation\trade_date=2026-07-17\exchange=NSE\symbol=ONGC\part-084919_069725-041305.parquet,34597,downloaded,34597,
2026-07-17,NSE,ONGC,raw_l2/trade_date=2026-07-17/exchange=NSE/symbol=ONGC/part-091721_932287-045017.parquet,real_data_sample\l2_unseen_validation\trade_date=2026-07-17\exchange=NSE\symbol=ONGC\part-091721_932287-045017.parquet,34579,downloaded,34579,
2026-07-17,NSE,ONGC,raw_l2/trade_date=2026-07-17/exchange=NSE/symbol=ONGC/part-085242_295318-041753.parquet,real_data_sample\l2_unseen_validation\trade_date=2026-07-17\exchange=NSE\symbol=ONGC\part-085242_295318-041753.parquet,34564,downloaded,34564,
2026-07-17,NSE,ONGC,raw_l2/trade_date=2026-07-17/exchange=NSE/symbol=ONGC/part-085016_919879-041433.parquet,real_data_sample\l2_unseen_validation\trade_date=2026-07-17\exchange=NSE\symbol=ONGC\part-085016_919879-041433.parquet,34553,downloaded,34553,
2026-07-17,NSE,ONGC,raw_l2/trade_date=2026-07-17/exchange=NSE/symbol=ONGC/part-091653_555769-044953.parquet,real_data_sample\l2_unseen_validation\trade_date=2026-07-17\exchange=NSE\symbol=ONGC\part-091653_555769-044953.parquet,34643,downloaded,34643,
2026-07-17,NSE,ONGC,raw_l2/trade_date=2026-07-17/exchange=NSE/symbol=ONGC/part-091804_778186-045113.parquet,real_data_sample\l2_unseen_validation\trade_date=2026-07-17\exchange=NSE\symbol=ONGC\part-091804_778186-045113.parquet,34525,downloaded,34525,
2026-07-17,NSE,ONGC,raw_l2/trade_date=2026-07-17/exchange=NSE/symbol=ONGC/part-085129_162437-041593.parquet,real_data_sample\l2_unseen_validation\trade_date=2026-07-17\exchange=NSE\symbol=ONGC\part-085129_162437-041593.parquet,34447,downloaded,34447,
2026-07-17,NSE,ONGC,raw_l2/trade_date=2026-07-17/exchange=NSE/symbol=ONGC/part-091707_833738-044985.parquet,real_data_sample\l2_unseen_validation\trade_date=2026-07-17\exchange=NSE\symbol=ONGC\part-091707_833738-044985.parquet,34653,downloaded,34653,
2026-07-17,NSE,ONGC,raw_l2/trade_date=2026-07-17/exchange=NSE/symbol=ONGC/part-091639_391925-044921.parquet,real_data_sample\l2_unseen_validation\trade_date=2026-07-17\exchange=NSE\symbol=ONGC\part-091639_391925-044921.parquet,34827,downloaded,34827,
2026-07-17,NSE,ONGC,raw_l2/trade_date=2026-07-17/exchange=NSE/symbol=ONGC/part-091736_081562-045049.parquet,real_data_sample\l2_unseen_validation\trade_date=2026-07-17\exchange=NSE\symbol=ONGC\part-091736_081562-045049.parquet,34775,downloaded,34775,
2026-07-17,NSE,ONGC,raw_l2/trade_date=2026-07-17/exchange=NSE/symbol=ONGC/part-091512_939569-044729.parquet,real_data_sample\l2_unseen_validation\trade_date=2026-07-17\exchange=NSE\symbol=ONGC\part-091512_939569-044729.parquet,34736,downloaded,34736,
2026-07-17,NSE,ONGC,raw_l2/trade_date=2026-07-17/exchange=NSE/symbol=ONGC/part-091527_146858-044761.parquet,real_data_sample\l2_unseen_validation\trade_date=2026-07-17\exchange=NSE\symbol=ONGC\part-091527_146858-044761.parquet,35468,downloaded,35468,
2026-07-17,NSE,ONGC,raw_l2/trade_date=2026-07-17/exchange=NSE/symbol=ONGC/part-091541_479135-044793.parquet,real_data_sample\l2_unseen_validation\trade_date=2026-07-17\exchange=NSE\symbol=ONGC\part-091541_479135-044793.parquet,35392,downloaded,35392,
2026-07-17,NSE,ONGC,raw_l2/trade_date=2026-07-17/exchange=NSE/symbol=ONGC/part-085256_993867-041785.parquet,real_data_sample\l2_unseen_validation\trade_date=2026-07-17\exchange=NSE\symbol=ONGC\part-085256_993867-041785.parquet,34597,downloaded,34597,
2026-07-17,NSE,ONGC,raw_l2/trade_date=2026-07-17/exchange=NSE/symbol=ONGC/part-091556_190840-044825.parquet,real_data_sample\l2_unseen_validation\trade_date=2026-07-17\exchange=NSE\symbol=ONGC\part-091556_190840-044825.parquet,35585,downloaded,35585,
2026-07-17,NSE,ONGC,raw_l2/trade_date=2026-07-17/exchange=NSE/symbol=ONGC/part-091610_671947-044857.parquet,real_data_sample\l2_unseen_validation\trade_date=2026-07-17\exchange=NSE\symbol=ONGC\part-091610_671947-044857.parquet,35765,downloaded,35765,
2026-07-17,NSE,ONGC,raw_l2/trade_date=2026-07-17/exchange=NSE/symbol=ONGC/part-091750_247829-045081.parquet,real_data_sample\l2_unseen_validation\trade_date=2026-07-17\exchange=NSE\symbol=ONGC\part-091750_247829-045081.parquet,34655,downloaded,34655,
2026-07-17,NSE,ONGC,raw_l2/trade_date=2026-07-17/exchange=NSE/symbol=ONGC/part-091833_598335-045177.parquet,real_data_sample\l2_unseen_validation\trade_date=2026-07-17\exchange=NSE\symbol=ONGC\part-091833_598335-045177.parquet,34360,downloaded,34360,
2026-07-17,NSE,ONGC,raw_l2/trade_date=2026-07-17/exchange=NSE/symbol=ONGC/part-085410_356693-041945.parquet,real_data_sample\l2_unseen_validation\trade_date=2026-07-17\exchange=NSE\symbol=ONGC\part-085410_356693-041945.parquet,34553,downloaded,34553,
2026-07-17,NSE,ONGC,raw_l2/trade_date=2026-07-17/exchange=NSE/symbol=ONGC/part-091625_161978-044889.parquet,real_data_sample\l2_unseen_validation\trade_date=2026-07-17\exchange=NSE\symbol=ONGC\part-091625_161978-044889.parquet,34709,downloaded,34709,
2026-07-17,NSE,ONGC,raw_l2/trade_date=2026-07-17/exchange=NSE/symbol=ONGC/part-091847_909268-045209.parquet,real_data_sample\l2_unseen_validation\trade_date=2026-07-17\exchange=NSE\symbol=ONGC\part-091847_909268-045209.parquet,34703,downloaded,34703,
2026-07-17,NSE,ONGC,raw_l2/trade_date=2026-07-17/exchange=NSE/symbol=ONGC/part-091819_208683-045145.parquet,real_data_sample\l2_unseen_validation\trade_date=2026-07-17\exchange=NSE\symbol=ONGC\part-091819_208683-045145.parquet,34727,downloaded,34727,
2026-07-17,NSE,ONGC,raw_l2/trade_date=2026-07-17/exchange=NSE/symbol=ONGC/part-085311_994093-041817.parquet,real_data_sample\l2_unseen_validation\trade_date=2026-07-17\exchange=NSE\symbol=ONGC\part-085311_994093-041817.parquet,34561,downloaded,34561,
2026-07-17,NSE,ONGC,raw_l2/trade_date=2026-07-17/exchange=NSE/symbol=ONGC/part-085326_970699-041849.parquet,real_data_sample\l2_unseen_validation\trade_date=2026-07-17\exchange=NSE\symbol=ONGC\part-085326_970699-041849.parquet,34561,downloaded,34561,
2026-07-17,NSE,ONGC,raw_l2/trade_date=2026-07-17/exchange=NSE/symbol=ONGC/part-091916_940842-045273.parquet,real_data_sample\l2_unseen_validation\trade_date=2026-07-17\exchange=NSE\symbol=ONGC\part-091916_940842-045273.parquet,34700,downloaded,34700,
2026-07-17,NSE,ONGC,raw_l2/trade_date=2026-07-17/exchange=NSE/symbol=ONGC/part-092013_987992-045401.parquet,real_data_sample\l2_unseen_validation\trade_date=2026-07-17\exchange=NSE\symbol=ONGC\part-092013_987992-045401.parquet,34687,downloaded,34687,
2026-07-17,NSE,ONGC,raw_l2/trade_date=2026-07-17/exchange=NSE/symbol=ONGC/part-091959_697720-045369.parquet,real_data_sample\l2_unseen_validation\trade_date=2026-07-17\exchange=NSE\symbol=ONGC\part-091959_697720-045369.parquet,34583,downloaded,34583,
2026-07-17,NSE,ONGC,raw_l2/trade_date=2026-07-17/exchange=NSE/symbol=ONGC/part-091945_388308-045337.parquet,real_data_sample\l2_unseen_validation\trade_date=2026-07-17\exchange=NSE\symbol=ONGC\part-091945_388308-045337.parquet,34649,downloaded,34649,
2026-07-17,NSE,ONGC,raw_l2/trade_date=2026-07-17/exchange=NSE/symbol=ONGC/part-091931_153045-045305.parquet,real_data_sample\l2_unseen_validation\trade_date=2026-07-17\exchange=NSE\symbol=ONGC\part-091931_153045-045305.parquet,34788,downloaded,34788,
2026-07-17,NSE,ONGC,raw_l2/trade_date=2026-07-17/exchange=NSE/symbol=ONGC/part-092028_341278-045433.parquet,real_data_sample\l2_unseen_validation\trade_date=2026-07-17\exchange=NSE\symbol=ONGC\part-092028_341278-045433.parquet,34473,downloaded,34473,
2026-07-17,NSE,ONGC,raw_l2/trade_date=2026-07-17/exchange=NSE/symbol=ONGC/part-092335_608187-045849.parquet,real_data_sample\l2_unseen_validation\trade_date=2026-07-17\exchange=NSE\symbol=ONGC\part-092335_608187-045849.parquet,34720,downloaded,34720,
2026-07-17,NSE,ONGC,raw_l2/trade_date=2026-07-17/exchange=NSE/symbol=ONGC/part-092418_911257-045945.parquet,real_data_sample\l2_unseen_validation\trade_date=2026-07-17\exchange=NSE\symbol=ONGC\part-092418_911257-045945.parquet,34607,downloaded,34607,
2026-07-17,NSE,ONGC,raw_l2/trade_date=2026-07-17/exchange=NSE/symbol=ONGC/part-092306_450912-045785.parquet,real_data_sample\l2_unseen_validation\trade_date=2026-07-17\exchange=NSE\symbol=ONGC\part-092306_450912-045785.parquet,34758,downloaded,34758,
2026-07-17,NSE,ONGC,raw_l2/trade_date=2026-07-17/exchange=NSE/symbol=ONGC/part-092517_172047-046073.parquet,real_data_sample\l2_unseen_validation\trade_date=2026-07-17\exchange=NSE\symbol=ONGC\part-092517_172047-046073.parquet,34620,downloaded,34620,
2026-07-17,NSE,ONGC,raw_l2/trade_date=2026-07-17/exchange=NSE/symbol=ONGC/part-091902_451568-045241.parquet,real_data_sample\l2_unseen_validation\trade_date=2026-07-17\exchange=NSE\symbol=ONGC\part-091902_451568-045241.parquet,34567,downloaded,34567,
2026-07-17,NSE,ONGC,raw_l2/trade_date=2026-07-17/exchange=NSE/symbol=ONGC/part-092404_472881-045913.parquet,real_data_sample\l2_unseen_validation\trade_date=2026-07-17\exchange=NSE\symbol=ONGC\part-092404_472881-045913.parquet,34717,downloaded,34717,
2026-07-17,NSE,ONGC,raw_l2/trade_date=2026-07-17/exchange=NSE/symbol=ONGC/part-092111_309658-045529.parquet,real_data_sample\l2_unseen_validation\trade_date=2026-07-17\exchange=NSE\symbol=ONGC\part-092111_309658-045529.parquet,34668,downloaded,34668,
2026-07-17,NSE,ONGC,raw_l2/trade_date=2026-07-17/exchange=NSE/symbol=ONGC/part-092433_630749-045977.parquet,real_data_sample\l2_unseen_validation\trade_date=2026-07-17\exchange=NSE\symbol=ONGC\part-092433_630749-045977.parquet,34611,downloaded,34611,
2026-07-17,NSE,ONGC,raw_l2/trade_date=2026-07-17/exchange=NSE/symbol=ONGC/part-092251_882640-045753.parquet,real_data_sample\l2_unseen_validation\trade_date=2026-07-17\exchange=NSE\symbol=ONGC\part-092251_882640-045753.parquet,34581,downloaded,34581,
2026-07-17,NSE,ONGC,raw_l2/trade_date=2026-07-17/exchange=NSE/symbol=ONGC/part-092223_084408-045689.parquet,real_data_sample\l2_unseen_validation\trade_date=2026-07-17\exchange=NSE\symbol=ONGC\part-092223_084408-045689.parquet,34679,downloaded,34679,
2026-07-17,NSE,ONGC,raw_l2/trade_date=2026-07-17/exchange=NSE/symbol=ONGC/part-092237_449266-045721.parquet,real_data_sample\l2_unseen_validation\trade_date=2026-07-17\exchange=NSE\symbol=ONGC\part-092237_449266-045721.parquet,34599,downloaded,34599,
2026-07-17,NSE,ONGC,raw_l2/trade_date=2026-07-17/exchange=NSE/symbol=ONGC/part-092320_900026-045817.parquet,real_data_sample\l2_unseen_validation\trade_date=2026-07-17\exchange=NSE\symbol=ONGC\part-092320_900026-045817.parquet,34561,downloaded,34561,
2026-07-17,NSE,ONGC,raw_l2/trade_date=2026-07-17/exchange=NSE/symbol=ONGC/part-092208_840562-045657.parquet,real_data_sample\l2_unseen_validation\trade_date=2026-07-17\exchange=NSE\symbol=ONGC\part-092208_840562-045657.parquet,34571,downloaded,34571,
2026-07-17,NSE,ONGC,raw_l2/trade_date=2026-07-17/exchange=NSE/symbol=ONGC/part-092154_595515-045625.parquet,real_data_sample\l2_unseen_validation\trade_date=2026-07-17\exchange=NSE\symbol=ONGC\part-092154_595515-045625.parquet,34738,downloaded,34738,
2026-07-17,NSE,ONGC,raw_l2/trade_date=2026-07-17/exchange=NSE/symbol=ONGC/part-092349_914082-045881.parquet,real_data_sample\l2_unseen_validation\trade_date=2026-07-17\exchange=NSE\symbol=ONGC\part-092349_914082-045881.parquet,34640,downloaded,34640,
2026-07-17,NSE,ONGC,raw_l2/trade_date=2026-07-17/exchange=NSE/symbol=ONGC/part-092125_660652-045561.parquet,real_data_sample\l2_unseen_validation\trade_date=2026-07-17\exchange=NSE\symbol=ONGC\part-092125_660652-045561.parquet,34472,downloaded,34472,
2026-07-17,NSE,ONGC,raw_l2/trade_date=2026-07-17/exchange=NSE/symbol=ONGC/part-092502_528105-046041.parquet,real_data_sample\l2_unseen_validation\trade_date=2026-07-17\exchange=NSE\symbol=ONGC\part-092502_528105-046041.parquet,34869,downloaded,34869,
2026-07-17,NSE,ONGC,raw_l2/trade_date=2026-07-17/exchange=NSE/symbol=ONGC/part-092447_874840-046009.parquet,real_data_sample\l2_unseen_validation\trade_date=2026-07-17\exchange=NSE\symbol=ONGC\part-092447_874840-046009.parquet,34656,downloaded,34656,
2026-07-17,NSE,ONGC,raw_l2/trade_date=2026-07-17/exchange=NSE/symbol=ONGC/part-092615_661702-046201.parquet,real_data_sample\l2_unseen_validation\trade_date=2026-07-17\exchange=NSE\symbol=ONGC\part-092615_661702-046201.parquet,34825,downloaded,34825,
2026-07-17,NSE,ONGC,raw_l2/trade_date=2026-07-17/exchange=NSE/symbol=ONGC/part-092531_716081-046105.parquet,real_data_sample\l2_unseen_validation\trade_date=2026-07-17\exchange=NSE\symbol=ONGC\part-092531_716081-046105.parquet,34655,downloaded,34655,
2026-07-17,NSE,ONGC,raw_l2/trade_date=2026-07-17/exchange=NSE/symbol=ONGC/part-092630_897626-046233.parquet,real_data_sample\l2_unseen_validation\trade_date=2026-07-17\exchange=NSE\symbol=ONGC\part-092630_897626-046233.parquet,35801,downloaded,35801,
2026-07-17,NSE,ONGC,raw_l2/trade_date=2026-07-17/exchange=NSE/symbol=ONGC/part-092600_904939-046169.parquet,real_data_sample\l2_unseen_validation\trade_date=2026-07-17\exchange=NSE\symbol=ONGC\part-092600_904939-046169.parquet,34702,downloaded,34702,
2026-07-17,NSE,ONGC,raw_l2/trade_date=2026-07-17/exchange=NSE/symbol=ONGC/part-092546_308023-046137.parquet,real_data_sample\l2_unseen_validation\trade_date=2026-07-17\exchange=NSE\symbol=ONGC\part-092546_308023-046137.parquet,34649,downloaded,34649,
2026-07-17,NSE,ONGC,raw_l2/trade_date=2026-07-17/exchange=NSE/symbol=ONGC/part-092645_325223-046265.parquet,real_data_sample\l2_unseen_validation\trade_date=2026-07-17\exchange=NSE\symbol=ONGC\part-092645_325223-046265.parquet,35820,downloaded,35820,
2026-07-17,NSE,ONGC,raw_l2/trade_date=2026-07-17/exchange=NSE/symbol=ONGC/part-092728_321021-046361.parquet,real_data_sample\l2_unseen_validation\trade_date=2026-07-17\exchange=NSE\symbol=ONGC\part-092728_321021-046361.parquet,34649,downloaded,34649,
2026-07-17,NSE,ONGC,raw_l2/trade_date=2026-07-17/exchange=NSE/symbol=ONGC/part-092742_775504-046393.parquet,real_data_sample\l2_unseen_validation\trade_date=2026-07-17\exchange=NSE\symbol=ONGC\part-092742_775504-046393.parquet,34567,downloaded,34567,
2026-07-17,NSE,ONGC,raw_l2/trade_date=2026-07-17/exchange=NSE/symbol=ONGC/part-092713_906841-046329.parquet,real_data_sample\l2_unseen_validation\trade_date=2026-07-17\exchange=NSE\symbol=ONGC\part-092713_906841-046329.parquet,35798,downloaded,35798,
2026-07-17,NSE,ONGC,raw_l2/trade_date=2026-07-17/exchange=NSE/symbol=ONGC/part-092659_579172-046297.parquet,real_data_sample\l2_unseen_validation\trade_date=2026-07-17\exchange=NSE\symbol=ONGC\part-092659_579172-046297.parquet,35626,downloaded,35626,
2026-07-17,NSE,ONGC,raw_l2/trade_date=2026-07-17/exchange=NSE/symbol=ONGC/part-092042_532315-045465.parquet,real_data_sample\l2_unseen_validation\trade_date=2026-07-17\exchange=NSE\symbol=ONGC\part-092042_532315-045465.parquet,34664,downloaded,34664,
2026-07-17,NSE,ONGC,raw_l2/trade_date=2026-07-17/exchange=NSE/symbol=ONGC/part-093342_311339-047193.parquet,real_data_sample\l2_unseen_validation\trade_date=2026-07-17\exchange=NSE\symbol=ONGC\part-093342_311339-047193.parquet,34440,downloaded,34440,
2026-07-17,NSE,ONGC,raw_l2/trade_date=2026-07-17/exchange=NSE/symbol=ONGC/part-092057_012806-045497.parquet,real_data_sample\l2_unseen_validation\trade_date=2026-07-17\exchange=NSE\symbol=ONGC\part-092057_012806-045497.parquet,34652,downloaded,34652,
2026-07-17,NSE,ONGC,raw_l2/trade_date=2026-07-17/exchange=NSE/symbol=ONGC/part-093051_647687-046809.parquet,real_data_sample\l2_unseen_validation\trade_date=2026-07-17\exchange=NSE\symbol=ONGC\part-093051_647687-046809.parquet,34310,downloaded,34310,
2026-07-17,NSE,ONGC,raw_l2/trade_date=2026-07-17/exchange=NSE/symbol=ONGC/part-093022_777343-046745.parquet,real_data_sample\l2_unseen_validation\trade_date=2026-07-17\exchange=NSE\symbol=ONGC\part-093022_777343-046745.parquet,34417,downloaded,34417,
2026-07-17,NSE,ONGC,raw_l2/trade_date=2026-07-17/exchange=NSE/symbol=ONGC/part-092938_856172-046649.parquet,real_data_sample\l2_unseen_validation\trade_date=2026-07-17\exchange=NSE\symbol=ONGC\part-092938_856172-046649.parquet,34727,downloaded,34727,
2026-07-17,NSE,ONGC,raw_l2/trade_date=2026-07-17/exchange=NSE/symbol=ONGC/part-092826_011755-046489.parquet,real_data_sample\l2_unseen_validation\trade_date=2026-07-17\exchange=NSE\symbol=ONGC\part-092826_011755-046489.parquet,34705,downloaded,34705,
2026-07-17,NSE,ONGC,raw_l2/trade_date=2026-07-17/exchange=NSE/symbol=ONGC/part-092924_224376-046617.parquet,real_data_sample\l2_unseen_validation\trade_date=2026-07-17\exchange=NSE\symbol=ONGC\part-092924_224376-046617.parquet,34622,downloaded,34622,
2026-07-17,NSE,ONGC,raw_l2/trade_date=2026-07-17/exchange=NSE/symbol=ONGC/part-093120_219300-046873.parquet,real_data_sample\l2_unseen_validation\trade_date=2026-07-17\exchange=NSE\symbol=ONGC\part-093120_219300-046873.parquet,34618,downloaded,34618,
2026-07-17,NSE,ONGC,raw_l2/trade_date=2026-07-17/exchange=NSE/symbol=ONGC/part-093203_234363-046969.parquet,real_data_sample\l2_unseen_validation\trade_date=2026-07-17\exchange=NSE\symbol=ONGC\part-093203_234363-046969.parquet,34533,downloaded,34533,
2026-07-17,NSE,ONGC,raw_l2/trade_date=2026-07-17/exchange=NSE/symbol=ONGC/part-092854_895811-046553.parquet,real_data_sample\l2_unseen_validation\trade_date=2026-07-17\exchange=NSE\symbol=ONGC\part-092854_895811-046553.parquet,34676,downloaded,34676,
2026-07-17,NSE,ONGC,raw_l2/trade_date=2026-07-17/exchange=NSE/symbol=ONGC/part-093134_485728-046905.parquet,real_data_sample\l2_unseen_validation\trade_date=2026-07-17\exchange=NSE\symbol=ONGC\part-093134_485728-046905.parquet,34361,downloaded,34361,
2026-07-17,NSE,ONGC,raw_l2/trade_date=2026-07-17/exchange=NSE/symbol=ONGC/part-093037_310869-046777.parquet,real_data_sample\l2_unseen_validation\trade_date=2026-07-17\exchange=NSE\symbol=ONGC\part-093037_310869-046777.parquet,34580,downloaded,34580,
2026-07-17,NSE,ONGC,raw_l2/trade_date=2026-07-17/exchange=NSE/symbol=ONGC/part-093259_645485-047097.parquet,real_data_sample\l2_unseen_validation\trade_date=2026-07-17\exchange=NSE\symbol=ONGC\part-093259_645485-047097.parquet,34684,downloaded,34684,
2026-07-17,NSE,ONGC,raw_l2/trade_date=2026-07-17/exchange=NSE/symbol=ONGC/part-093231_283305-047033.parquet,real_data_sample\l2_unseen_validation\trade_date=2026-07-17\exchange=NSE\symbol=ONGC\part-093231_283305-047033.parquet,34556,downloaded,34556,
2026-07-17,NSE,ONGC,raw_l2/trade_date=2026-07-17/exchange=NSE/symbol=ONGC/part-093008_274092-046713.parquet,real_data_sample\l2_unseen_validation\trade_date=2026-07-17\exchange=NSE\symbol=ONGC\part-093008_274092-046713.parquet,34532,downloaded,34532,
2026-07-17,NSE,ONGC,raw_l2/trade_date=2026-07-17/exchange=NSE/symbol=ONGC/part-092840_557689-046521.parquet,real_data_sample\l2_unseen_validation\trade_date=2026-07-17\exchange=NSE\symbol=ONGC\part-092840_557689-046521.parquet,34277,downloaded,34277,
2026-07-17,NSE,ONGC,raw_l2/trade_date=2026-07-17/exchange=NSE/symbol=ONGC/part-092953_430028-046681.parquet,real_data_sample\l2_unseen_validation\trade_date=2026-07-17\exchange=NSE\symbol=ONGC\part-092953_430028-046681.parquet,34617,downloaded,34617,
2026-07-17,NSE,ONGC,raw_l2/trade_date=2026-07-17/exchange=NSE/symbol=ONGC/part-092757_178427-046425.parquet,real_data_sample\l2_unseen_validation\trade_date=2026-07-17\exchange=NSE\symbol=ONGC\part-092757_178427-046425.parquet,34647,downloaded,34647,
2026-07-17,NSE,ONGC,raw_l2/trade_date=2026-07-17/exchange=NSE/symbol=ONGC/part-093356_378897-047225.parquet,real_data_sample\l2_unseen_validation\trade_date=2026-07-17\exchange=NSE\symbol=ONGC\part-093356_378897-047225.parquet,34650,downloaded,34650,
2026-07-17,NSE,ONGC,raw_l2/trade_date=2026-07-17/exchange=NSE/symbol=ONGC/part-093105_881629-046841.parquet,real_data_sample\l2_unseen_validation\trade_date=2026-07-17\exchange=NSE\symbol=ONGC\part-093105_881629-046841.parquet,34659,downloaded,34659,
2026-07-17,NSE,ONGC,raw_l2/trade_date=2026-07-17/exchange=NSE/symbol=ONGC/part-093245_614983-047065.parquet,real_data_sample\l2_unseen_validation\trade_date=2026-07-17\exchange=NSE\symbol=ONGC\part-093245_614983-047065.parquet,34411,downloaded,34411,
2026-07-17,NSE,ONGC,raw_l2/trade_date=2026-07-17/exchange=NSE/symbol=ONGC/part-093217_141043-047001.parquet,real_data_sample\l2_unseen_validation\trade_date=2026-07-17\exchange=NSE\symbol=ONGC\part-093217_141043-047001.parquet,34566,downloaded,34566,
2026-07-17,NSE,ONGC,raw_l2/trade_date=2026-07-17/exchange=NSE/symbol=ONGC/part-093313_981092-047129.parquet,real_data_sample\l2_unseen_validation\trade_date=2026-07-17\exchange=NSE\symbol=ONGC\part-093313_981092-047129.parquet,34535,downloaded,34535,
2026-07-17,NSE,ONGC,raw_l2/trade_date=2026-07-17/exchange=NSE/symbol=ONGC/part-093410_443990-047257.parquet,real_data_sample\l2_unseen_validation\trade_date=2026-07-17\exchange=NSE\symbol=ONGC\part-093410_443990-047257.parquet,34656,downloaded,34656,
2026-07-17,NSE,ONGC,raw_l2/trade_date=2026-07-17/exchange=NSE/symbol=ONGC/part-092811_500830-046457.parquet,real_data_sample\l2_unseen_validation\trade_date=2026-07-17\exchange=NSE\symbol=ONGC\part-092811_500830-046457.parquet,34642,downloaded,34642,
2026-07-17,NSE,ONGC,raw_l2/trade_date=2026-07-17/exchange=NSE/symbol=ONGC/part-093148_912353-046937.parquet,real_data_sample\l2_unseen_validation\trade_date=2026-07-17\exchange=NSE\symbol=ONGC\part-093148_912353-046937.parquet,34560,downloaded,34560,
2026-07-17,NSE,ONGC,raw_l2/trade_date=2026-07-17/exchange=NSE/symbol=ONGC/part-093328_179519-047161.parquet,real_data_sample\l2_unseen_validation\trade_date=2026-07-17\exchange=NSE\symbol=ONGC\part-093328_179519-047161.parquet,34605,downloaded,34605,
2026-07-17,NSE,ONGC,raw_l2/trade_date=2026-07-17/exchange=NSE/symbol=ONGC/part-093424_439113-047289.parquet,real_data_sample\l2_unseen_validation\trade_date=2026-07-17\exchange=NSE\symbol=ONGC\part-093424_439113-047289.parquet,34527,downloaded,34527,
2026-07-17,NSE,ONGC,raw_l2/trade_date=2026-07-17/exchange=NSE/symbol=ONGC/part-093438_616810-047321.parquet,real_data_sample\l2_unseen_validation\trade_date=2026-07-17\exchange=NSE\symbol=ONGC\part-093438_616810-047321.parquet,34349,downloaded,34349,
2026-07-17,NSE,ONGC,raw_l2/trade_date=2026-07-17/exchange=NSE/symbol=ONGC/part-093507_229086-047385.parquet,real_data_sample\l2_unseen_validation\trade_date=2026-07-17\exchange=NSE\symbol=ONGC\part-093507_229086-047385.parquet,34542,downloaded,34542,
2026-07-17,NSE,ONGC,raw_l2/trade_date=2026-07-17/exchange=NSE/symbol=ONGC/part-092909_751889-046585.parquet,real_data_sample\l2_unseen_validation\trade_date=2026-07-17\exchange=NSE\symbol=ONGC\part-092909_751889-046585.parquet,34868,downloaded,34868,
2026-07-17,NSE,ONGC,raw_l2/trade_date=2026-07-17/exchange=NSE/symbol=ONGC/part-093923_330445-047961.parquet,real_data_sample\l2_unseen_validation\trade_date=2026-07-17\exchange=NSE\symbol=ONGC\part-093923_330445-047961.parquet,34463,downloaded,34463,
2026-07-17,NSE,ONGC,raw_l2/trade_date=2026-07-17/exchange=NSE/symbol=ONGC/part-092140_340367-045593.parquet,real_data_sample\l2_unseen_validation\trade_date=2026-07-17\exchange=NSE\symbol=ONGC\part-092140_340367-045593.parquet,34692,downloaded,34692,
2026-07-17,NSE,ONGC,raw_l2/trade_date=2026-07-17/exchange=NSE/symbol=ONGC/part-094034_834081-048121.parquet,real_data_sample\l2_unseen_validation\trade_date=2026-07-17\exchange=NSE\symbol=ONGC\part-094034_834081-048121.parquet,34390,downloaded,34390,
2026-07-17,NSE,ONGC,raw_l2/trade_date=2026-07-17/exchange=NSE/symbol=ONGC/part-094049_084291-048153.parquet,real_data_sample\l2_unseen_validation\trade_date=2026-07-17\exchange=NSE\symbol=ONGC\part-094049_084291-048153.parquet,34441,downloaded,34441,
2026-07-17,NSE,ONGC,raw_l2/trade_date=2026-07-17/exchange=NSE/symbol=ONGC/part-093811_555780-047801.parquet,real_data_sample\l2_unseen_validation\trade_date=2026-07-17\exchange=NSE\symbol=ONGC\part-093811_555780-047801.parquet,34573,downloaded,34573,
2026-07-17,NSE,ONGC,raw_l2/trade_date=2026-07-17/exchange=NSE/symbol=ONGC/part-093908_836761-047929.parquet,real_data_sample\l2_unseen_validation\trade_date=2026-07-17\exchange=NSE\symbol=ONGC\part-093908_836761-047929.parquet,34535,downloaded,34535,
2026-07-17,NSE,ONGC,raw_l2/trade_date=2026-07-17/exchange=NSE/symbol=ONGC/part-093550_131540-047481.parquet,real_data_sample\l2_unseen_validation\trade_date=2026-07-17\exchange=NSE\symbol=ONGC\part-093550_131540-047481.parquet,34588,downloaded,34588,
2026-07-17,NSE,ONGC,raw_l2/trade_date=2026-07-17/exchange=NSE/symbol=ONGC/part-093715_451309-047673.parquet,real_data_sample\l2_unseen_validation\trade_date=2026-07-17\exchange=NSE\symbol=ONGC\part-093715_451309-047673.parquet,34435,downloaded,34435,
2026-07-17,NSE,ONGC,raw_l2/trade_date=2026-07-17/exchange=NSE/symbol=ONGC/part-093701_412622-047641.parquet,real_data_sample\l2_unseen_validation\trade_date=2026-07-17\exchange=NSE\symbol=ONGC\part-093701_412622-047641.parquet,34438,downloaded,34438,
2026-07-17,NSE,ONGC,raw_l2/trade_date=2026-07-17/exchange=NSE/symbol=ONGC/part-093535_814333-047449.parquet,real_data_sample\l2_unseen_validation\trade_date=2026-07-17\exchange=NSE\symbol=ONGC\part-093535_814333-047449.parquet,34476,downloaded,34476,
2026-07-17,NSE,ONGC,raw_l2/trade_date=2026-07-17/exchange=NSE/symbol=ONGC/part-093937_565196-047993.parquet,real_data_sample\l2_unseen_validation\trade_date=2026-07-17\exchange=NSE\symbol=ONGC\part-093937_565196-047993.parquet,34701,downloaded,34701,
2026-07-17,NSE,ONGC,raw_l2/trade_date=2026-07-17/exchange=NSE/symbol=ONGC/part-093604_660347-047513.parquet,real_data_sample\l2_unseen_validation\trade_date=2026-07-17\exchange=NSE\symbol=ONGC\part-093604_660347-047513.parquet,34581,downloaded,34581,
2026-07-17,NSE,ONGC,raw_l2/trade_date=2026-07-17/exchange=NSE/symbol=ONGC/part-094132_283128-048249.parquet,real_data_sample\l2_unseen_validation\trade_date=2026-07-17\exchange=NSE\symbol=ONGC\part-094132_283128-048249.parquet,34546,downloaded,34546,
2026-07-17,NSE,ONGC,raw_l2/trade_date=2026-07-17/exchange=NSE/symbol=ONGC/part-093854_270405-047897.parquet,real_data_sample\l2_unseen_validation\trade_date=2026-07-17\exchange=NSE\symbol=ONGC\part-093854_270405-047897.parquet,34594,downloaded,34594,
2026-07-17,NSE,ONGC,raw_l2/trade_date=2026-07-17/exchange=NSE/symbol=ONGC/part-093729_335764-047705.parquet,real_data_sample\l2_unseen_validation\trade_date=2026-07-17\exchange=NSE\symbol=ONGC\part-093729_335764-047705.parquet,34618,downloaded,34618,
2026-07-17,NSE,ONGC,raw_l2/trade_date=2026-07-17/exchange=NSE/symbol=ONGC/part-093757_456334-047769.parquet,real_data_sample\l2_unseen_validation\trade_date=2026-07-17\exchange=NSE\symbol=ONGC\part-093757_456334-047769.parquet,34433,downloaded,34433,
2026-07-17,NSE,ONGC,raw_l2/trade_date=2026-07-17/exchange=NSE/symbol=ONGC/part-093840_108520-047865.parquet,real_data_sample\l2_unseen_validation\trade_date=2026-07-17\exchange=NSE\symbol=ONGC\part-093840_108520-047865.parquet,34631,downloaded,34631,
2026-07-17,NSE,ONGC,raw_l2/trade_date=2026-07-17/exchange=NSE/symbol=ONGC/part-093825_783155-047833.parquet,real_data_sample\l2_unseen_validation\trade_date=2026-07-17\exchange=NSE\symbol=ONGC\part-093825_783155-047833.parquet,34584,downloaded,34584,
2026-07-17,NSE,ONGC,raw_l2/trade_date=2026-07-17/exchange=NSE/symbol=ONGC/part-093619_078828-047545.parquet,real_data_sample\l2_unseen_validation\trade_date=2026-07-17\exchange=NSE\symbol=ONGC\part-093619_078828-047545.parquet,34664,downloaded,34664,
2026-07-17,NSE,ONGC,raw_l2/trade_date=2026-07-17/exchange=NSE/symbol=ONGC/part-093647_391638-047609.parquet,real_data_sample\l2_unseen_validation\trade_date=2026-07-17\exchange=NSE\symbol=ONGC\part-093647_391638-047609.parquet,34653,downloaded,34653,
2026-07-17,NSE,ONGC,raw_l2/trade_date=2026-07-17/exchange=NSE/symbol=ONGC/part-094103_489524-048185.parquet,real_data_sample\l2_unseen_validation\trade_date=2026-07-17\exchange=NSE\symbol=ONGC\part-094103_489524-048185.parquet,34461,downloaded,34461,
2026-07-17,NSE,ONGC,raw_l2/trade_date=2026-07-17/exchange=NSE/symbol=ONGC/part-093633_264033-047577.parquet,real_data_sample\l2_unseen_validation\trade_date=2026-07-17\exchange=NSE\symbol=ONGC\part-093633_264033-047577.parquet,34519,downloaded,34519,
2026-07-17,NSE,ONGC,raw_l2/trade_date=2026-07-17/exchange=NSE/symbol=ONGC/part-094006_259287-048057.parquet,real_data_sample\l2_unseen_validation\trade_date=2026-07-17\exchange=NSE\symbol=ONGC\part-094006_259287-048057.parquet,34612,downloaded,34612,
2026-07-17,NSE,ONGC,raw_l2/trade_date=2026-07-17/exchange=NSE/symbol=ONGC/part-093743_326129-047737.parquet,real_data_sample\l2_unseen_validation\trade_date=2026-07-17\exchange=NSE\symbol=ONGC\part-093743_326129-047737.parquet,34648,downloaded,34648,
2026-07-17,NSE,ONGC,raw_l2/trade_date=2026-07-17/exchange=NSE/symbol=ONGC/part-093952_020884-048025.parquet,real_data_sample\l2_unseen_validation\trade_date=2026-07-17\exchange=NSE\symbol=ONGC\part-093952_020884-048025.parquet,34669,downloaded,34669,
2026-07-17,NSE,ONGC,raw_l2/trade_date=2026-07-17/exchange=NSE/symbol=ONGC/part-093452_722368-047353.parquet,real_data_sample\l2_unseen_validation\trade_date=2026-07-17\exchange=NSE\symbol=ONGC\part-093452_722368-047353.parquet,34785,downloaded,34785,
2026-07-17,NSE,ONGC,raw_l2/trade_date=2026-07-17/exchange=NSE/symbol=ONGC/part-094118_015569-048217.parquet,real_data_sample\l2_unseen_validation\trade_date=2026-07-17\exchange=NSE\symbol=ONGC\part-094118_015569-048217.parquet,34442,downloaded,34442,
2026-07-17,NSE,ONGC,raw_l2/trade_date=2026-07-17/exchange=NSE/symbol=ONGC/part-094020_437237-048089.parquet,real_data_sample\l2_unseen_validation\trade_date=2026-07-17\exchange=NSE\symbol=ONGC\part-094020_437237-048089.parquet,34438,downloaded,34438,
2026-07-17,NSE,ONGC,raw_l2/trade_date=2026-07-17/exchange=NSE/symbol=ONGC/part-094146_750305-048281.parquet,real_data_sample\l2_unseen_validation\trade_date=2026-07-17\exchange=NSE\symbol=ONGC\part-094146_750305-048281.parquet,34573,downloaded,34573,
2026-07-17,NSE,ONGC,raw_l2/trade_date=2026-07-17/exchange=NSE/symbol=ONGC/part-094201_221033-048313.parquet,real_data_sample\l2_unseen_validation\trade_date=2026-07-17\exchange=NSE\symbol=ONGC\part-094201_221033-048313.parquet,34346,downloaded,34346,
2026-07-17,NSE,ONGC,raw_l2/trade_date=2026-07-17/exchange=NSE/symbol=ONGC/part-093521_559810-047417.parquet,real_data_sample\l2_unseen_validation\trade_date=2026-07-17\exchange=NSE\symbol=ONGC\part-093521_559810-047417.parquet,34452,downloaded,34452,
2026-07-17,NSE,ONGC,raw_l2/trade_date=2026-07-17/exchange=NSE/symbol=ONGC/part-094229_985035-048377.parquet,real_data_sample\l2_unseen_validation\trade_date=2026-07-17\exchange=NSE\symbol=ONGC\part-094229_985035-048377.parquet,34629,downloaded,34629,
2026-07-17,NSE,ONGC,raw_l2/trade_date=2026-07-17/exchange=NSE/symbol=ONGC/part-094312_548439-048473.parquet,real_data_sample\l2_unseen_validation\trade_date=2026-07-17\exchange=NSE\symbol=ONGC\part-094312_548439-048473.parquet,34434,downloaded,34434,
2026-07-17,NSE,ONGC,raw_l2/trade_date=2026-07-17/exchange=NSE/symbol=ONGC/part-094507_273666-048729.parquet,real_data_sample\l2_unseen_validation\trade_date=2026-07-17\exchange=NSE\symbol=ONGC\part-094507_273666-048729.parquet,34434,downloaded,34434,
2026-07-17,NSE,ONGC,raw_l2/trade_date=2026-07-17/exchange=NSE/symbol=ONGC/part-094521_410974-048761.parquet,real_data_sample\l2_unseen_validation\trade_date=2026-07-17\exchange=NSE\symbol=ONGC\part-094521_410974-048761.parquet,34444,downloaded,34444,
2026-07-17,NSE,ONGC,raw_l2/trade_date=2026-07-17/exchange=NSE/symbol=ONGC/part-094326_868835-048505.parquet,real_data_sample\l2_unseen_validation\trade_date=2026-07-17\exchange=NSE\symbol=ONGC\part-094326_868835-048505.parquet,34362,downloaded,34362,
2026-07-17,NSE,ONGC,raw_l2/trade_date=2026-07-17/exchange=NSE/symbol=ONGC/part-094701_114521-048985.parquet,real_data_sample\l2_unseen_validation\trade_date=2026-07-17\exchange=NSE\symbol=ONGC\part-094701_114521-048985.parquet,34271,downloaded,34271,
2026-07-17,NSE,ONGC,raw_l2/trade_date=2026-07-17/exchange=NSE/symbol=ONGC/part-094410_174533-048601.parquet,real_data_sample\l2_unseen_validation\trade_date=2026-07-17\exchange=NSE\symbol=ONGC\part-094410_174533-048601.parquet,34551,downloaded,34551,
2026-07-17,NSE,ONGC,raw_l2/trade_date=2026-07-17/exchange=NSE/symbol=ONGC/part-094618_757696-048889.parquet,real_data_sample\l2_unseen_validation\trade_date=2026-07-17\exchange=NSE\symbol=ONGC\part-094618_757696-048889.parquet,34432,downloaded,34432,
2026-07-17,NSE,ONGC,raw_l2/trade_date=2026-07-17/exchange=NSE/symbol=ONGC/part-094729_535352-049049.parquet,real_data_sample\l2_unseen_validation\trade_date=2026-07-17\exchange=NSE\symbol=ONGC\part-094729_535352-049049.parquet,34404,downloaded,34404,
2026-07-17,NSE,ONGC,raw_l2/trade_date=2026-07-17/exchange=NSE/symbol=ONGC/part-094258_451906-048441.parquet,real_data_sample\l2_unseen_validation\trade_date=2026-07-17\exchange=NSE\symbol=ONGC\part-094258_451906-048441.parquet,34614,downloaded,34614,
2026-07-17,NSE,ONGC,raw_l2/trade_date=2026-07-17/exchange=NSE/symbol=ONGC/part-094604_301989-048857.parquet,real_data_sample\l2_unseen_validation\trade_date=2026-07-17\exchange=NSE\symbol=ONGC\part-094604_301989-048857.parquet,34290,downloaded,34290,
2026-07-17,NSE,ONGC,raw_l2/trade_date=2026-07-17/exchange=NSE/symbol=ONGC/part-094909_489146-049273.parquet,real_data_sample\l2_unseen_validation\trade_date=2026-07-17\exchange=NSE\symbol=ONGC\part-094909_489146-049273.parquet,34339,downloaded,34339,
2026-07-17,NSE,ONGC,raw_l2/trade_date=2026-07-17/exchange=NSE/symbol=ONGC/part-094453_004913-048697.parquet,real_data_sample\l2_unseen_validation\trade_date=2026-07-17\exchange=NSE\symbol=ONGC\part-094453_004913-048697.parquet,34564,downloaded,34564,
2026-07-17,NSE,ONGC,raw_l2/trade_date=2026-07-17/exchange=NSE/symbol=ONGC/part-094438_721016-048665.parquet,real_data_sample\l2_unseen_validation\trade_date=2026-07-17\exchange=NSE\symbol=ONGC\part-094438_721016-048665.parquet,34564,downloaded,34564,
2026-07-17,NSE,ONGC,raw_l2/trade_date=2026-07-17/exchange=NSE/symbol=ONGC/part-094549_890585-048825.parquet,real_data_sample\l2_unseen_validation\trade_date=2026-07-17\exchange=NSE\symbol=ONGC\part-094549_890585-048825.parquet,34327,downloaded,34327,
2026-07-17,NSE,ONGC,raw_l2/trade_date=2026-07-17/exchange=NSE/symbol=ONGC/part-094715_286077-049017.parquet,real_data_sample\l2_unseen_validation\trade_date=2026-07-17\exchange=NSE\symbol=ONGC\part-094715_286077-049017.parquet,34377,downloaded,34377,
2026-07-17,NSE,ONGC,raw_l2/trade_date=2026-07-17/exchange=NSE/symbol=ONGC/part-094535_521456-048793.parquet,real_data_sample\l2_unseen_validation\trade_date=2026-07-17\exchange=NSE\symbol=ONGC\part-094535_521456-048793.parquet,34391,downloaded,34391,
2026-07-17,NSE,ONGC,raw_l2/trade_date=2026-07-17/exchange=NSE/symbol=ONGC/part-094632_929031-048921.parquet,real_data_sample\l2_unseen_validation\trade_date=2026-07-17\exchange=NSE\symbol=ONGC\part-094632_929031-048921.parquet,34331,downloaded,34331,
2026-07-17,NSE,ONGC,raw_l2/trade_date=2026-07-17/exchange=NSE/symbol=ONGC/part-094758_266716-049113.parquet,real_data_sample\l2_unseen_validation\trade_date=2026-07-17\exchange=NSE\symbol=ONGC\part-094758_266716-049113.parquet,34417,downloaded,34417,
2026-07-17,NSE,ONGC,raw_l2/trade_date=2026-07-17/exchange=NSE/symbol=ONGC/part-094424_399324-048633.parquet,real_data_sample\l2_unseen_validation\trade_date=2026-07-17\exchange=NSE\symbol=ONGC\part-094424_399324-048633.parquet,34476,downloaded,34476,
2026-07-17,NSE,ONGC,raw_l2/trade_date=2026-07-17/exchange=NSE/symbol=ONGC/part-094743_891550-049081.parquet,real_data_sample\l2_unseen_validation\trade_date=2026-07-17\exchange=NSE\symbol=ONGC\part-094743_891550-049081.parquet,34329,downloaded,34329,
2026-07-17,NSE,ONGC,raw_l2/trade_date=2026-07-17/exchange=NSE/symbol=ONGC/part-094646_867895-048953.parquet,real_data_sample\l2_unseen_validation\trade_date=2026-07-17\exchange=NSE\symbol=ONGC\part-094646_867895-048953.parquet,34332,downloaded,34332,
2026-07-17,NSE,ONGC,raw_l2/trade_date=2026-07-17/exchange=NSE/symbol=ONGC/part-094812_433033-049145.parquet,real_data_sample\l2_unseen_validation\trade_date=2026-07-17\exchange=NSE\symbol=ONGC\part-094812_433033-049145.parquet,34539,downloaded,34539,
2026-07-17,NSE,ONGC,raw_l2/trade_date=2026-07-17/exchange=NSE/symbol=ONGC/part-094855_228400-049241.parquet,real_data_sample\l2_unseen_validation\trade_date=2026-07-17\exchange=NSE\symbol=ONGC\part-094855_228400-049241.parquet,34650,downloaded,34650,
2026-07-17,NSE,ONGC,raw_l2/trade_date=2026-07-17/exchange=NSE/symbol=ONGC/part-094840_830613-049209.parquet,real_data_sample\l2_unseen_validation\trade_date=2026-07-17\exchange=NSE\symbol=ONGC\part-094840_830613-049209.parquet,34417,downloaded,34417,
2026-07-17,NSE,ONGC,raw_l2/trade_date=2026-07-17/exchange=NSE/symbol=ONGC/part-094355_709501-048569.parquet,real_data_sample\l2_unseen_validation\trade_date=2026-07-17\exchange=NSE\symbol=ONGC\part-094355_709501-048569.parquet,34421,downloaded,34421,
2026-07-17,NSE,ONGC,raw_l2/trade_date=2026-07-17/exchange=NSE/symbol=ONGC/part-094341_230607-048537.parquet,real_data_sample\l2_unseen_validation\trade_date=2026-07-17\exchange=NSE\symbol=ONGC\part-094341_230607-048537.parquet,34422,downloaded,34422,
2026-07-17,NSE,ONGC,raw_l2/trade_date=2026-07-17/exchange=NSE/symbol=ONGC/part-094923_837660-049305.parquet,real_data_sample\l2_unseen_validation\trade_date=2026-07-17\exchange=NSE\symbol=ONGC\part-094923_837660-049305.parquet,35904,downloaded,35904,
2026-07-17,NSE,ONGC,raw_l2/trade_date=2026-07-17/exchange=NSE/symbol=ONGC/part-095006_461772-049401.parquet,real_data_sample\l2_unseen_validation\trade_date=2026-07-17\exchange=NSE\symbol=ONGC\part-095006_461772-049401.parquet,36093,downloaded,36093,
2026-07-17,NSE,ONGC,raw_l2/trade_date=2026-07-17/exchange=NSE/symbol=ONGC/part-095020_704398-049433.parquet,real_data_sample\l2_unseen_validation\trade_date=2026-07-17\exchange=NSE\symbol=ONGC\part-095020_704398-049433.parquet,35124,downloaded,35124,
2026-07-17,NSE,ONGC,raw_l2/trade_date=2026-07-17/exchange=NSE/symbol=ONGC/part-094952_303641-049369.parquet,real_data_sample\l2_unseen_validation\trade_date=2026-07-17\exchange=NSE\symbol=ONGC\part-094952_303641-049369.parquet,35833,downloaded,35833,
2026-07-17,NSE,ONGC,raw_l2/trade_date=2026-07-17/exchange=NSE/symbol=ONGC/part-095547_750305-050169.parquet,real_data_sample\l2_unseen_validation\trade_date=2026-07-17\exchange=NSE\symbol=ONGC\part-095547_750305-050169.parquet,36098,downloaded,36098,
2026-07-17,NSE,ONGC,raw_l2/trade_date=2026-07-17/exchange=NSE/symbol=ONGC/part-095602_267013-050201.parquet,real_data_sample\l2_unseen_validation\trade_date=2026-07-17\exchange=NSE\symbol=ONGC\part-095602_267013-050201.parquet,35629,downloaded,35629,
2026-07-17,NSE,ONGC,raw_l2/trade_date=2026-07-17/exchange=NSE/symbol=ONGC/part-095518_526532-050105.parquet,real_data_sample\l2_unseen_validation\trade_date=2026-07-17\exchange=NSE\symbol=ONGC\part-095518_526532-050105.parquet,35136,downloaded,35136,
2026-07-17,NSE,ONGC,raw_l2/trade_date=2026-07-17/exchange=NSE/symbol=ONGC/part-095533_007668-050137.parquet,real_data_sample\l2_unseen_validation\trade_date=2026-07-17\exchange=NSE\symbol=ONGC\part-095533_007668-050137.parquet,36292,downloaded,36292,
2026-07-17,NSE,ONGC,raw_l2/trade_date=2026-07-17/exchange=NSE/symbol=ONGC/part-095616_584775-050233.parquet,real_data_sample\l2_unseen_validation\trade_date=2026-07-17\exchange=NSE\symbol=ONGC\part-095616_584775-050233.parquet,35755,downloaded,35755,
2026-07-17,NSE,ONGC,raw_l2/trade_date=2026-07-17/exchange=NSE/symbol=ONGC/part-095715_046730-050361.parquet,real_data_sample\l2_unseen_validation\trade_date=2026-07-17\exchange=NSE\symbol=ONGC\part-095715_046730-050361.parquet,34432,downloaded,34432,
2026-07-17,NSE,ONGC,raw_l2/trade_date=2026-07-17/exchange=NSE/symbol=ONGC/part-095645_466155-050297.parquet,real_data_sample\l2_unseen_validation\trade_date=2026-07-17\exchange=NSE\symbol=ONGC\part-095645_466155-050297.parquet,34419,downloaded,34419,
2026-07-17,NSE,ONGC,raw_l2/trade_date=2026-07-17/exchange=NSE/symbol=ONGC/part-095700_376048-050329.parquet,real_data_sample\l2_unseen_validation\trade_date=2026-07-17\exchange=NSE\symbol=ONGC\part-095700_376048-050329.parquet,34583,downloaded,34583,
2026-07-17,NSE,ONGC,raw_l2/trade_date=2026-07-17/exchange=NSE/symbol=ONGC/part-094938_140823-049337.parquet,real_data_sample\l2_unseen_validation\trade_date=2026-07-17\exchange=NSE\symbol=ONGC\part-094938_140823-049337.parquet,35626,downloaded,35626,
2026-07-17,NSE,ONGC,raw_l2/trade_date=2026-07-17/exchange=NSE/symbol=ONGC/part-095035_053337-049465.parquet,real_data_sample\l2_unseen_validation\trade_date=2026-07-17\exchange=NSE\symbol=ONGC\part-095035_053337-049465.parquet,34422,downloaded,34422,
2026-07-17,NSE,ONGC,raw_l2/trade_date=2026-07-17/exchange=NSE/symbol=ONGC/part-095103_226332-049529.parquet,real_data_sample\l2_unseen_validation\trade_date=2026-07-17\exchange=NSE\symbol=ONGC\part-095103_226332-049529.parquet,34441,downloaded,34441,
2026-07-17,NSE,ONGC,raw_l2/trade_date=2026-07-17/exchange=NSE/symbol=ONGC/part-095159_432936-049657.parquet,real_data_sample\l2_unseen_validation\trade_date=2026-07-17\exchange=NSE\symbol=ONGC\part-095159_432936-049657.parquet,34424,downloaded,34424,
2026-07-17,NSE,ONGC,raw_l2/trade_date=2026-07-17/exchange=NSE/symbol=ONGC/part-095227_940696-049721.parquet,real_data_sample\l2_unseen_validation\trade_date=2026-07-17\exchange=NSE\symbol=ONGC\part-095227_940696-049721.parquet,34465,downloaded,34465,
2026-07-17,NSE,ONGC,raw_l2/trade_date=2026-07-17/exchange=NSE/symbol=ONGC/part-094826_493921-049177.parquet,real_data_sample\l2_unseen_validation\trade_date=2026-07-17\exchange=NSE\symbol=ONGC\part-094826_493921-049177.parquet,34414,downloaded,34414,
2026-07-17,NSE,ONGC,raw_l2/trade_date=2026-07-17/exchange=NSE/symbol=ONGC/part-095630_998983-050265.parquet,real_data_sample\l2_unseen_validation\trade_date=2026-07-17\exchange=NSE\symbol=ONGC\part-095630_998983-050265.parquet,34413,downloaded,34413,
2026-07-17,NSE,ONGC,raw_l2/trade_date=2026-07-17/exchange=NSE/symbol=ONGC/part-095729_454237-050393.parquet,real_data_sample\l2_unseen_validation\trade_date=2026-07-17\exchange=NSE\symbol=ONGC\part-095729_454237-050393.parquet,34605,downloaded,34605,
2026-07-17,NSE,ONGC,raw_l2/trade_date=2026-07-17/exchange=NSE/symbol=ONGC/part-095743_816770-050425.parquet,real_data_sample\l2_unseen_validation\trade_date=2026-07-17\exchange=NSE\symbol=ONGC\part-095743_816770-050425.parquet,34443,downloaded,34443,
2026-07-17,NSE,ONGC,raw_l2/trade_date=2026-07-17/exchange=NSE/symbol=ONGC/part-095758_049707-050457.parquet,real_data_sample\l2_unseen_validation\trade_date=2026-07-17\exchange=NSE\symbol=ONGC\part-095758_049707-050457.parquet,34314,downloaded,34314,
2026-07-17,NSE,ONGC,raw_l2/trade_date=2026-07-17/exchange=NSE/symbol=ONGC/part-095324_307543-049849.parquet,real_data_sample\l2_unseen_validation\trade_date=2026-07-17\exchange=NSE\symbol=ONGC\part-095324_307543-049849.parquet,34417,downloaded,34417,
2026-07-17,NSE,ONGC,raw_l2/trade_date=2026-07-17/exchange=NSE/symbol=ONGC/part-095049_200979-049497.parquet,real_data_sample\l2_unseen_validation\trade_date=2026-07-17\exchange=NSE\symbol=ONGC\part-095049_200979-049497.parquet,34622,downloaded,34622,
2026-07-17,NSE,ONGC,raw_l2/trade_date=2026-07-17/exchange=NSE/symbol=ONGC/part-095213_940288-049689.parquet,real_data_sample\l2_unseen_validation\trade_date=2026-07-17\exchange=NSE\symbol=ONGC\part-095213_940288-049689.parquet,34124,downloaded,34124,
2026-07-17,NSE,ONGC,raw_l2/trade_date=2026-07-17/exchange=NSE/symbol=ONGC/part-095117_393877-049561.parquet,real_data_sample\l2_unseen_validation\trade_date=2026-07-17\exchange=NSE\symbol=ONGC\part-095117_393877-049561.parquet,34121,downloaded,34121,
2026-07-17,NSE,ONGC,raw_l2/trade_date=2026-07-17/exchange=NSE/symbol=ONGC/part-095131_323921-049593.parquet,real_data_sample\l2_unseen_validation\trade_date=2026-07-17\exchange=NSE\symbol=ONGC\part-095131_323921-049593.parquet,34301,downloaded,34301,
2026-07-17,NSE,ONGC,raw_l2/trade_date=2026-07-17/exchange=NSE/symbol=ONGC/part-095421_991959-049977.parquet,real_data_sample\l2_unseen_validation\trade_date=2026-07-17\exchange=NSE\symbol=ONGC\part-095421_991959-049977.parquet,34439,downloaded,34439,
2026-07-17,NSE,ONGC,raw_l2/trade_date=2026-07-17/exchange=NSE/symbol=ONGC/part-095353_195440-049913.parquet,real_data_sample\l2_unseen_validation\trade_date=2026-07-17\exchange=NSE\symbol=ONGC\part-095353_195440-049913.parquet,34567,downloaded,34567,
2026-07-17,NSE,ONGC,raw_l2/trade_date=2026-07-17/exchange=NSE/symbol=ONGC/part-095338_744343-049881.parquet,real_data_sample\l2_unseen_validation\trade_date=2026-07-17\exchange=NSE\symbol=ONGC\part-095338_744343-049881.parquet,34418,downloaded,34418,
2026-07-17,NSE,ONGC,raw_l2/trade_date=2026-07-17/exchange=NSE/symbol=ONGC/part-095812_220282-050489.parquet,real_data_sample\l2_unseen_validation\trade_date=2026-07-17\exchange=NSE\symbol=ONGC\part-095812_220282-050489.parquet,34391,downloaded,34391,
2026-07-17,NSE,ONGC,raw_l2/trade_date=2026-07-17/exchange=NSE/symbol=ONGC/part-095255_946518-049785.parquet,real_data_sample\l2_unseen_validation\trade_date=2026-07-17\exchange=NSE\symbol=ONGC\part-095255_946518-049785.parquet,34121,downloaded,34121,
2026-07-17,NSE,ONGC,raw_l2/trade_date=2026-07-17/exchange=NSE/symbol=ONGC/part-095241_999115-049753.parquet,real_data_sample\l2_unseen_validation\trade_date=2026-07-17\exchange=NSE\symbol=ONGC\part-095241_999115-049753.parquet,34381,downloaded,34381,
2026-07-17,NSE,ONGC,raw_l2/trade_date=2026-07-17/exchange=NSE/symbol=ONGC/part-095407_660287-049945.parquet,real_data_sample\l2_unseen_validation\trade_date=2026-07-17\exchange=NSE\symbol=ONGC\part-095407_660287-049945.parquet,34411,downloaded,34411,
2026-07-17,NSE,ONGC,raw_l2/trade_date=2026-07-17/exchange=NSE/symbol=ONGC/part-095145_420963-049625.parquet,real_data_sample\l2_unseen_validation\trade_date=2026-07-17\exchange=NSE\symbol=ONGC\part-095145_420963-049625.parquet,34443,downloaded,34443,
2026-07-17,NSE,ONGC,raw_l2/trade_date=2026-07-17/exchange=NSE/symbol=ONGC/part-094215_550363-048345.parquet,real_data_sample\l2_unseen_validation\trade_date=2026-07-17\exchange=NSE\symbol=ONGC\part-094215_550363-048345.parquet,34575,downloaded,34575,
2026-07-17,NSE,ONGC,raw_l2/trade_date=2026-07-17/exchange=NSE/symbol=ONGC/part-095436_018440-050009.parquet,real_data_sample\l2_unseen_validation\trade_date=2026-07-17\exchange=NSE\symbol=ONGC\part-095436_018440-050009.parquet,34376,downloaded,34376,
2026-07-17,NSE,ONGC,raw_l2/trade_date=2026-07-17/exchange=NSE/symbol=ONGC/part-095826_549208-050521.parquet,real_data_sample\l2_unseen_validation\trade_date=2026-07-17\exchange=NSE\symbol=ONGC\part-095826_549208-050521.parquet,35793,downloaded,35793,
2026-07-17,NSE,ONGC,raw_l2/trade_date=2026-07-17/exchange=NSE/symbol=ONGC/part-095504_476745-050073.parquet,real_data_sample\l2_unseen_validation\trade_date=2026-07-17\exchange=NSE\symbol=ONGC\part-095504_476745-050073.parquet,34414,downloaded,34414,
2026-07-17,NSE,ONGC,raw_l2/trade_date=2026-07-17/exchange=NSE/symbol=ONGC/part-095310_085522-049817.parquet,real_data_sample\l2_unseen_validation\trade_date=2026-07-17\exchange=NSE\symbol=ONGC\part-095310_085522-049817.parquet,34433,downloaded,34433,
2026-07-17,NSE,ONGC,raw_l2/trade_date=2026-07-17/exchange=NSE/symbol=ONGC/part-095939_451881-050681.parquet,real_data_sample\l2_unseen_validation\trade_date=2026-07-17\exchange=NSE\symbol=ONGC\part-095939_451881-050681.parquet,34371,downloaded,34371,
2026-07-17,NSE,ONGC,raw_l2/trade_date=2026-07-17/exchange=NSE/symbol=ONGC/part-095841_450683-050553.parquet,real_data_sample\l2_unseen_validation\trade_date=2026-07-17\exchange=NSE\symbol=ONGC\part-095841_450683-050553.parquet,36047,downloaded,36047,
2026-07-17,NSE,ONGC,raw_l2/trade_date=2026-07-17/exchange=NSE/symbol=ONGC/part-100008_116891-050745.parquet,real_data_sample\l2_unseen_validation\trade_date=2026-07-17\exchange=NSE\symbol=ONGC\part-100008_116891-050745.parquet,34414,downloaded,34414,
2026-07-17,NSE,RELIANCE,raw_l2/trade_date=2026-07-17/exchange=NSE/symbol=RELIANCE/part-034504_037880-000026.parquet,real_data_sample\l2_unseen_validation\trade_date=2026-07-17\exchange=NSE\symbol=RELIANCE\part-034504_037880-000026.parquet,34415,downloaded,34415,
2026-07-17,NSE,ONGC,raw_l2/trade_date=2026-07-17/exchange=NSE/symbol=ONGC/part-095450_324790-050041.parquet,real_data_sample\l2_unseen_validation\trade_date=2026-07-17\exchange=NSE\symbol=ONGC\part-095450_324790-050041.parquet,34612,downloaded,34612,
2026-07-17,NSE,ONGC,raw_l2/trade_date=2026-07-17/exchange=NSE/symbol=ONGC/part-095953_748732-050713.parquet,real_data_sample\l2_unseen_validation\trade_date=2026-07-17\exchange=NSE\symbol=ONGC\part-095953_748732-050713.parquet,34427,downloaded,34427,
2026-07-17,NSE,ONGC,raw_l2/trade_date=2026-07-17/exchange=NSE/symbol=ONGC/part-095924_956296-050649.parquet,real_data_sample\l2_unseen_validation\trade_date=2026-07-17\exchange=NSE\symbol=ONGC\part-095924_956296-050649.parquet,34635,downloaded,34635,
2026-07-17,NSE,ONGC,raw_l2/trade_date=2026-07-17/exchange=NSE/symbol=ONGC/part-095855_991742-050585.parquet,real_data_sample\l2_unseen_validation\trade_date=2026-07-17\exchange=NSE\symbol=ONGC\part-095855_991742-050585.parquet,36108,downloaded,36108,
2026-07-17,NSE,RELIANCE,raw_l2/trade_date=2026-07-17/exchange=NSE/symbol=RELIANCE/part-034518_064411-000058.parquet,real_data_sample\l2_unseen_validation\trade_date=2026-07-17\exchange=NSE\symbol=RELIANCE\part-034518_064411-000058.parquet,36901,downloaded,36901,
2026-07-17,NSE,RELIANCE,raw_l2/trade_date=2026-07-17/exchange=NSE/symbol=RELIANCE/part-034531_840766-000090.parquet,real_data_sample\l2_unseen_validation\trade_date=2026-07-17\exchange=NSE\symbol=RELIANCE\part-034531_840766-000090.parquet,35998,downloaded,35998,
2026-07-17,NSE,RELIANCE,raw_l2/trade_date=2026-07-17/exchange=NSE/symbol=RELIANCE/part-034600_169001-000154.parquet,real_data_sample\l2_unseen_validation\trade_date=2026-07-17\exchange=NSE\symbol=RELIANCE\part-034600_169001-000154.parquet,36645,downloaded,36645,
2026-07-17,NSE,RELIANCE,raw_l2/trade_date=2026-07-17/exchange=NSE/symbol=RELIANCE/part-034546_018027-000122.parquet,real_data_sample\l2_unseen_validation\trade_date=2026-07-17\exchange=NSE\symbol=RELIANCE\part-034546_018027-000122.parquet,36571,downloaded,36571,
2026-07-17,NSE,RELIANCE,raw_l2/trade_date=2026-07-17/exchange=NSE/symbol=RELIANCE/part-034614_264359-000186.parquet,real_data_sample\l2_unseen_validation\trade_date=2026-07-17\exchange=NSE\symbol=RELIANCE\part-034614_264359-000186.parquet,36481,downloaded,36481,
2026-07-17,NSE,RELIANCE,raw_l2/trade_date=2026-07-17/exchange=NSE/symbol=RELIANCE/part-034752_397307-000410.parquet,real_data_sample\l2_unseen_validation\trade_date=2026-07-17\exchange=NSE\symbol=RELIANCE\part-034752_397307-000410.parquet,36533,downloaded,36533,
2026-07-17,NSE,RELIANCE,raw_l2/trade_date=2026-07-17/exchange=NSE/symbol=RELIANCE/part-034642_622275-000250.parquet,real_data_sample\l2_unseen_validation\trade_date=2026-07-17\exchange=NSE\symbol=RELIANCE\part-034642_622275-000250.parquet,36448,downloaded,36448,
2026-07-17,NSE,RELIANCE,raw_l2/trade_date=2026-07-17/exchange=NSE/symbol=RELIANCE/part-034656_364348-000282.parquet,real_data_sample\l2_unseen_validation\trade_date=2026-07-17\exchange=NSE\symbol=RELIANCE\part-034656_364348-000282.parquet,36701,downloaded,36701,
2026-07-17,NSE,RELIANCE,raw_l2/trade_date=2026-07-17/exchange=NSE/symbol=RELIANCE/part-034628_211165-000218.parquet,real_data_sample\l2_unseen_validation\trade_date=2026-07-17\exchange=NSE\symbol=RELIANCE\part-034628_211165-000218.parquet,36366,downloaded,36366,
2026-07-17,NSE,RELIANCE,raw_l2/trade_date=2026-07-17/exchange=NSE/symbol=RELIANCE/part-034724_253647-000346.parquet,real_data_sample\l2_unseen_validation\trade_date=2026-07-17\exchange=NSE\symbol=RELIANCE\part-034724_253647-000346.parquet,36609,downloaded,36609,
2026-07-17,NSE,ONGC,raw_l2/trade_date=2026-07-17/exchange=NSE/symbol=ONGC/part-094244_304821-048409.parquet,real_data_sample\l2_unseen_validation\trade_date=2026-07-17\exchange=NSE\symbol=ONGC\part-094244_304821-048409.parquet,34574,downloaded,34574,
2026-07-17,NSE,RELIANCE,raw_l2/trade_date=2026-07-17/exchange=NSE/symbol=RELIANCE/part-034710_190752-000314.parquet,real_data_sample\l2_unseen_validation\trade_date=2026-07-17\exchange=NSE\symbol=RELIANCE\part-034710_190752-000314.parquet,36588,downloaded,36588,
2026-07-17,NSE,RELIANCE,raw_l2/trade_date=2026-07-17/exchange=NSE/symbol=RELIANCE/part-034806_826739-000442.parquet,real_data_sample\l2_unseen_validation\trade_date=2026-07-17\exchange=NSE\symbol=RELIANCE\part-034806_826739-000442.parquet,36626,downloaded,36626,
2026-07-17,NSE,RELIANCE,raw_l2/trade_date=2026-07-17/exchange=NSE/symbol=RELIANCE/part-034738_403889-000378.parquet,real_data_sample\l2_unseen_validation\trade_date=2026-07-17\exchange=NSE\symbol=RELIANCE\part-034738_403889-000378.parquet,36641,downloaded,36641,
2026-07-17,NSE,ONGC,raw_l2/trade_date=2026-07-17/exchange=NSE/symbol=ONGC/part-095910_435486-050617.parquet,real_data_sample\l2_unseen_validation\trade_date=2026-07-17\exchange=NSE\symbol=ONGC\part-095910_435486-050617.parquet,35563,downloaded,35563,
2026-07-17,NSE,RELIANCE,raw_l2/trade_date=2026-07-17/exchange=NSE/symbol=RELIANCE/part-034930_050436-000634.parquet,real_data_sample\l2_unseen_validation\trade_date=2026-07-17\exchange=NSE\symbol=RELIANCE\part-034930_050436-000634.parquet,36048,downloaded,36048,
2026-07-17,NSE,RELIANCE,raw_l2/trade_date=2026-07-17/exchange=NSE/symbol=RELIANCE/part-034820_551315-000474.parquet,real_data_sample\l2_unseen_validation\trade_date=2026-07-17\exchange=NSE\symbol=RELIANCE\part-034820_551315-000474.parquet,36387,downloaded,36387,
2026-07-17,NSE,RELIANCE,raw_l2/trade_date=2026-07-17/exchange=NSE/symbol=RELIANCE/part-034848_098788-000538.parquet,real_data_sample\l2_unseen_validation\trade_date=2026-07-17\exchange=NSE\symbol=RELIANCE\part-034848_098788-000538.parquet,36327,downloaded,36327,
2026-07-17,NSE,RELIANCE,raw_l2/trade_date=2026-07-17/exchange=NSE/symbol=RELIANCE/part-034915_996584-000602.parquet,real_data_sample\l2_unseen_validation\trade_date=2026-07-17\exchange=NSE\symbol=RELIANCE\part-034915_996584-000602.parquet,36526,downloaded,36526,
2026-07-17,NSE,RELIANCE,raw_l2/trade_date=2026-07-17/exchange=NSE/symbol=RELIANCE/part-034834_355500-000506.parquet,real_data_sample\l2_unseen_validation\trade_date=2026-07-17\exchange=NSE\symbol=RELIANCE\part-034834_355500-000506.parquet,36317,downloaded,36317,
2026-07-17,NSE,RELIANCE,raw_l2/trade_date=2026-07-17/exchange=NSE/symbol=RELIANCE/part-034943_937867-000666.parquet,real_data_sample\l2_unseen_validation\trade_date=2026-07-17\exchange=NSE\symbol=RELIANCE\part-034943_937867-000666.parquet,36415,downloaded,36415,
2026-07-17,NSE,ONGC,raw_l2/trade_date=2026-07-17/exchange=NSE/symbol=ONGC/part-100129_215144-050783.parquet,real_data_sample\l2_unseen_validation\trade_date=2026-07-17\exchange=NSE\symbol=ONGC\part-100129_215144-050783.parquet,34048,downloaded,34048,
2026-07-17,NSE,RELIANCE,raw_l2/trade_date=2026-07-17/exchange=NSE/symbol=RELIANCE/part-035025_879734-000762.parquet,real_data_sample\l2_unseen_validation\trade_date=2026-07-17\exchange=NSE\symbol=RELIANCE\part-035025_879734-000762.parquet,36480,downloaded,36480,
2026-07-17,NSE,RELIANCE,raw_l2/trade_date=2026-07-17/exchange=NSE/symbol=RELIANCE/part-035053_346734-000826.parquet,real_data_sample\l2_unseen_validation\trade_date=2026-07-17\exchange=NSE\symbol=RELIANCE\part-035053_346734-000826.parquet,36264,downloaded,36264,
2026-07-17,NSE,RELIANCE,raw_l2/trade_date=2026-07-17/exchange=NSE/symbol=RELIANCE/part-035107_041603-000858.parquet,real_data_sample\l2_unseen_validation\trade_date=2026-07-17\exchange=NSE\symbol=RELIANCE\part-035107_041603-000858.parquet,36276,downloaded,36276,
2026-07-17,NSE,RELIANCE,raw_l2/trade_date=2026-07-17/exchange=NSE/symbol=RELIANCE/part-035039_650811-000794.parquet,real_data_sample\l2_unseen_validation\trade_date=2026-07-17\exchange=NSE\symbol=RELIANCE\part-035039_650811-000794.parquet,36060,downloaded,36060,
2026-07-17,NSE,RELIANCE,raw_l2/trade_date=2026-07-17/exchange=NSE/symbol=RELIANCE/part-035011_911218-000730.parquet,real_data_sample\l2_unseen_validation\trade_date=2026-07-17\exchange=NSE\symbol=RELIANCE\part-035011_911218-000730.parquet,36473,downloaded,36473,
2026-07-17,NSE,RELIANCE,raw_l2/trade_date=2026-07-17/exchange=NSE/symbol=RELIANCE/part-034958_118431-000698.parquet,real_data_sample\l2_unseen_validation\trade_date=2026-07-17\exchange=NSE\symbol=RELIANCE\part-034958_118431-000698.parquet,36338,downloaded,36338,
2026-07-17,NSE,RELIANCE,raw_l2/trade_date=2026-07-17/exchange=NSE/symbol=RELIANCE/part-035202_484205-000986.parquet,real_data_sample\l2_unseen_validation\trade_date=2026-07-17\exchange=NSE\symbol=RELIANCE\part-035202_484205-000986.parquet,36049,downloaded,36049,
2026-07-17,NSE,RELIANCE,raw_l2/trade_date=2026-07-17/exchange=NSE/symbol=RELIANCE/part-035134_586231-000922.parquet,real_data_sample\l2_unseen_validation\trade_date=2026-07-17\exchange=NSE\symbol=RELIANCE\part-035134_586231-000922.parquet,36461,downloaded,36461,
2026-07-17,NSE,RELIANCE,raw_l2/trade_date=2026-07-17/exchange=NSE/symbol=RELIANCE/part-035216_331826-001018.parquet,real_data_sample\l2_unseen_validation\trade_date=2026-07-17\exchange=NSE\symbol=RELIANCE\part-035216_331826-001018.parquet,36209,downloaded,36209,
2026-07-17,NSE,RELIANCE,raw_l2/trade_date=2026-07-17/exchange=NSE/symbol=RELIANCE/part-035120_879439-000890.parquet,real_data_sample\l2_unseen_validation\trade_date=2026-07-17\exchange=NSE\symbol=RELIANCE\part-035120_879439-000890.parquet,36387,downloaded,36387,
2026-07-17,NSE,RELIANCE,raw_l2/trade_date=2026-07-17/exchange=NSE/symbol=RELIANCE/part-035230_219314-001050.parquet,real_data_sample\l2_unseen_validation\trade_date=2026-07-17\exchange=NSE\symbol=RELIANCE\part-035230_219314-001050.parquet,36437,downloaded,36437,
2026-07-17,NSE,RELIANCE,raw_l2/trade_date=2026-07-17/exchange=NSE/symbol=RELIANCE/part-035148_436265-000954.parquet,real_data_sample\l2_unseen_validation\trade_date=2026-07-17\exchange=NSE\symbol=RELIANCE\part-035148_436265-000954.parquet,36426,downloaded,36426,
2026-07-17,NSE,RELIANCE,raw_l2/trade_date=2026-07-17/exchange=NSE/symbol=RELIANCE/part-035258_277907-001114.parquet,real_data_sample\l2_unseen_validation\trade_date=2026-07-17\exchange=NSE\symbol=RELIANCE\part-035258_277907-001114.parquet,36250,downloaded,36250,
2026-07-17,NSE,RELIANCE,raw_l2/trade_date=2026-07-17/exchange=NSE/symbol=RELIANCE/part-035312_042440-001146.parquet,real_data_sample\l2_unseen_validation\trade_date=2026-07-17\exchange=NSE\symbol=RELIANCE\part-035312_042440-001146.parquet,36519,downloaded,36519,
2026-07-17,NSE,RELIANCE,raw_l2/trade_date=2026-07-17/exchange=NSE/symbol=RELIANCE/part-035244_159964-001082.parquet,real_data_sample\l2_unseen_validation\trade_date=2026-07-17\exchange=NSE\symbol=RELIANCE\part-035244_159964-001082.parquet,36464,downloaded,36464,
2026-07-17,NSE,RELIANCE,raw_l2/trade_date=2026-07-17/exchange=NSE/symbol=RELIANCE/part-035325_927793-001178.parquet,real_data_sample\l2_unseen_validation\trade_date=2026-07-17\exchange=NSE\symbol=RELIANCE\part-035325_927793-001178.parquet,35972,downloaded,35972,
2026-07-17,NSE,RELIANCE,raw_l2/trade_date=2026-07-17/exchange=NSE/symbol=RELIANCE/part-035339_771616-001210.parquet,real_data_sample\l2_unseen_validation\trade_date=2026-07-17\exchange=NSE\symbol=RELIANCE\part-035339_771616-001210.parquet,36047,downloaded,36047,
2026-07-17,NSE,RELIANCE,raw_l2/trade_date=2026-07-17/exchange=NSE/symbol=RELIANCE/part-035435_169970-001338.parquet,real_data_sample\l2_unseen_validation\trade_date=2026-07-17\exchange=NSE\symbol=RELIANCE\part-035435_169970-001338.parquet,34527,downloaded,34527,
2026-07-17,NSE,RELIANCE,raw_l2/trade_date=2026-07-17/exchange=NSE/symbol=RELIANCE/part-035353_676276-001242.parquet,real_data_sample\l2_unseen_validation\trade_date=2026-07-17\exchange=NSE\symbol=RELIANCE\part-035353_676276-001242.parquet,36150,downloaded,36150,
2026-07-17,NSE,RELIANCE,raw_l2/trade_date=2026-07-17/exchange=NSE/symbol=RELIANCE/part-035449_012625-001370.parquet,real_data_sample\l2_unseen_validation\trade_date=2026-07-17\exchange=NSE\symbol=RELIANCE\part-035449_012625-001370.parquet,34443,downloaded,34443,
2026-07-17,NSE,RELIANCE,raw_l2/trade_date=2026-07-17/exchange=NSE/symbol=RELIANCE/part-035503_130317-001402.parquet,real_data_sample\l2_unseen_validation\trade_date=2026-07-17\exchange=NSE\symbol=RELIANCE\part-035503_130317-001402.parquet,34510,downloaded,34510,
2026-07-17,NSE,RELIANCE,raw_l2/trade_date=2026-07-17/exchange=NSE/symbol=RELIANCE/part-035407_561706-001274.parquet,real_data_sample\l2_unseen_validation\trade_date=2026-07-17\exchange=NSE\symbol=RELIANCE\part-035407_561706-001274.parquet,36461,downloaded,36461,
2026-07-17,NSE,RELIANCE,raw_l2/trade_date=2026-07-17/exchange=NSE/symbol=RELIANCE/part-034901_937084-000570.parquet,real_data_sample\l2_unseen_validation\trade_date=2026-07-17\exchange=NSE\symbol=RELIANCE\part-034901_937084-000570.parquet,36266,downloaded,36266,
2026-07-17,NSE,RELIANCE,raw_l2/trade_date=2026-07-17/exchange=NSE/symbol=RELIANCE/part-035531_191348-001466.parquet,real_data_sample\l2_unseen_validation\trade_date=2026-07-17\exchange=NSE\symbol=RELIANCE\part-035531_191348-001466.parquet,36215,downloaded,36215,
2026-07-17,NSE,RELIANCE,raw_l2/trade_date=2026-07-17/exchange=NSE/symbol=RELIANCE/part-035545_174251-001498.parquet,real_data_sample\l2_unseen_validation\trade_date=2026-07-17\exchange=NSE\symbol=RELIANCE\part-035545_174251-001498.parquet,36127,downloaded,36127,
2026-07-17,NSE,RELIANCE,raw_l2/trade_date=2026-07-17/exchange=NSE/symbol=RELIANCE/part-035559_053179-001530.parquet,real_data_sample\l2_unseen_validation\trade_date=2026-07-17\exchange=NSE\symbol=RELIANCE\part-035559_053179-001530.parquet,36414,downloaded,36414,
2026-07-17,NSE,RELIANCE,raw_l2/trade_date=2026-07-17/exchange=NSE/symbol=RELIANCE/part-035722_823786-001722.parquet,real_data_sample\l2_unseen_validation\trade_date=2026-07-17\exchange=NSE\symbol=RELIANCE\part-035722_823786-001722.parquet,34495,downloaded,34495,
2026-07-17,NSE,RELIANCE,raw_l2/trade_date=2026-07-17/exchange=NSE/symbol=RELIANCE/part-035751_152333-001786.parquet,real_data_sample\l2_unseen_validation\trade_date=2026-07-17\exchange=NSE\symbol=RELIANCE\part-035751_152333-001786.parquet,34410,downloaded,34410,
2026-07-17,NSE,RELIANCE,raw_l2/trade_date=2026-07-17/exchange=NSE/symbol=RELIANCE/part-035708_767228-001690.parquet,real_data_sample\l2_unseen_validation\trade_date=2026-07-17\exchange=NSE\symbol=RELIANCE\part-035708_767228-001690.parquet,34498,downloaded,34498,
2026-07-17,NSE,RELIANCE,raw_l2/trade_date=2026-07-17/exchange=NSE/symbol=RELIANCE/part-035805_555711-001818.parquet,real_data_sample\l2_unseen_validation\trade_date=2026-07-17\exchange=NSE\symbol=RELIANCE\part-035805_555711-001818.parquet,34539,downloaded,34539,
2026-07-17,NSE,RELIANCE,raw_l2/trade_date=2026-07-17/exchange=NSE/symbol=RELIANCE/part-035736_886529-001754.parquet,real_data_sample\l2_unseen_validation\trade_date=2026-07-17\exchange=NSE\symbol=RELIANCE\part-035736_886529-001754.parquet,34469,downloaded,34469,
2026-07-17,NSE,RELIANCE,raw_l2/trade_date=2026-07-17/exchange=NSE/symbol=RELIANCE/part-035641_002666-001626.parquet,real_data_sample\l2_unseen_validation\trade_date=2026-07-17\exchange=NSE\symbol=RELIANCE\part-035641_002666-001626.parquet,34495,downloaded,34495,
2026-07-17,NSE,RELIANCE,raw_l2/trade_date=2026-07-17/exchange=NSE/symbol=RELIANCE/part-035627_070791-001594.parquet,real_data_sample\l2_unseen_validation\trade_date=2026-07-17\exchange=NSE\symbol=RELIANCE\part-035627_070791-001594.parquet,34480,downloaded,34480,
2026-07-17,NSE,RELIANCE,raw_l2/trade_date=2026-07-17/exchange=NSE/symbol=RELIANCE/part-035819_771739-001850.parquet,real_data_sample\l2_unseen_validation\trade_date=2026-07-17\exchange=NSE\symbol=RELIANCE\part-035819_771739-001850.parquet,34514,downloaded,34514,
2026-07-17,NSE,RELIANCE,raw_l2/trade_date=2026-07-17/exchange=NSE/symbol=RELIANCE/part-035915_811018-001978.parquet,real_data_sample\l2_unseen_validation\trade_date=2026-07-17\exchange=NSE\symbol=RELIANCE\part-035915_811018-001978.parquet,35075,downloaded,35075,
2026-07-17,NSE,RELIANCE,raw_l2/trade_date=2026-07-17/exchange=NSE/symbol=RELIANCE/part-035847_747492-001914.parquet,real_data_sample\l2_unseen_validation\trade_date=2026-07-17\exchange=NSE\symbol=RELIANCE\part-035847_747492-001914.parquet,34493,downloaded,34493,
2026-07-17,NSE,RELIANCE,raw_l2/trade_date=2026-07-17/exchange=NSE/symbol=RELIANCE/part-035612_922339-001562.parquet,real_data_sample\l2_unseen_validation\trade_date=2026-07-17\exchange=NSE\symbol=RELIANCE\part-035612_922339-001562.parquet,35986,downloaded,35986,
2026-07-17,NSE,RELIANCE,raw_l2/trade_date=2026-07-17/exchange=NSE/symbol=RELIANCE/part-035833_809776-001882.parquet,real_data_sample\l2_unseen_validation\trade_date=2026-07-17\exchange=NSE\symbol=RELIANCE\part-035833_809776-001882.parquet,34679,downloaded,34679,
2026-07-17,NSE,RELIANCE,raw_l2/trade_date=2026-07-17/exchange=NSE/symbol=RELIANCE/part-035943_781233-002042.parquet,real_data_sample\l2_unseen_validation\trade_date=2026-07-17\exchange=NSE\symbol=RELIANCE\part-035943_781233-002042.parquet,36024,downloaded,36024,
2026-07-17,NSE,RELIANCE,raw_l2/trade_date=2026-07-17/exchange=NSE/symbol=RELIANCE/part-035957_745789-002074.parquet,real_data_sample\l2_unseen_validation\trade_date=2026-07-17\exchange=NSE\symbol=RELIANCE\part-035957_745789-002074.parquet,36130,downloaded,36130,
2026-07-17,NSE,RELIANCE,raw_l2/trade_date=2026-07-17/exchange=NSE/symbol=RELIANCE/part-035929_695554-002010.parquet,real_data_sample\l2_unseen_validation\trade_date=2026-07-17\exchange=NSE\symbol=RELIANCE\part-035929_695554-002010.parquet,35961,downloaded,35961,
2026-07-17,NSE,RELIANCE,raw_l2/trade_date=2026-07-17/exchange=NSE/symbol=RELIANCE/part-040011_888181-002106.parquet,real_data_sample\l2_unseen_validation\trade_date=2026-07-17\exchange=NSE\symbol=RELIANCE\part-040011_888181-002106.parquet,36308,downloaded,36308,
2026-07-17,NSE,RELIANCE,raw_l2/trade_date=2026-07-17/exchange=NSE/symbol=RELIANCE/part-035901_822299-001946.parquet,real_data_sample\l2_unseen_validation\trade_date=2026-07-17\exchange=NSE\symbol=RELIANCE\part-035901_822299-001946.parquet,34523,downloaded,34523,
2026-07-17,NSE,RELIANCE,raw_l2/trade_date=2026-07-17/exchange=NSE/symbol=RELIANCE/part-040039_788528-002170.parquet,real_data_sample\l2_unseen_validation\trade_date=2026-07-17\exchange=NSE\symbol=RELIANCE\part-040039_788528-002170.parquet,34636,downloaded,34636,
2026-07-17,NSE,RELIANCE,raw_l2/trade_date=2026-07-17/exchange=NSE/symbol=RELIANCE/part-040053_476846-002202.parquet,real_data_sample\l2_unseen_validation\trade_date=2026-07-17\exchange=NSE\symbol=RELIANCE\part-040053_476846-002202.parquet,34659,downloaded,34659,
2026-07-17,NSE,RELIANCE,raw_l2/trade_date=2026-07-17/exchange=NSE/symbol=RELIANCE/part-040025_932959-002138.parquet,real_data_sample\l2_unseen_validation\trade_date=2026-07-17\exchange=NSE\symbol=RELIANCE\part-040025_932959-002138.parquet,34774,downloaded,34774,
2026-07-17,NSE,RELIANCE,raw_l2/trade_date=2026-07-17/exchange=NSE/symbol=RELIANCE/part-035517_167268-001434.parquet,real_data_sample\l2_unseen_validation\trade_date=2026-07-17\exchange=NSE\symbol=RELIANCE\part-035517_167268-001434.parquet,34939,downloaded,34939,
2026-07-17,NSE,RELIANCE,raw_l2/trade_date=2026-07-17/exchange=NSE/symbol=RELIANCE/part-040107_409500-002234.parquet,real_data_sample\l2_unseen_validation\trade_date=2026-07-17\exchange=NSE\symbol=RELIANCE\part-040107_409500-002234.parquet,34456,downloaded,34456,
2026-07-17,NSE,RELIANCE,raw_l2/trade_date=2026-07-17/exchange=NSE/symbol=RELIANCE/part-040135_086784-002298.parquet,real_data_sample\l2_unseen_validation\trade_date=2026-07-17\exchange=NSE\symbol=RELIANCE\part-040135_086784-002298.parquet,34483,downloaded,34483,
2026-07-17,NSE,RELIANCE,raw_l2/trade_date=2026-07-17/exchange=NSE/symbol=RELIANCE/part-040148_894377-002330.parquet,real_data_sample\l2_unseen_validation\trade_date=2026-07-17\exchange=NSE\symbol=RELIANCE\part-040148_894377-002330.parquet,34441,downloaded,34441,
2026-07-17,NSE,RELIANCE,raw_l2/trade_date=2026-07-17/exchange=NSE/symbol=RELIANCE/part-040202_923531-002362.parquet,real_data_sample\l2_unseen_validation\trade_date=2026-07-17\exchange=NSE\symbol=RELIANCE\part-040202_923531-002362.parquet,34390,downloaded,34390,
2026-07-17,NSE,RELIANCE,raw_l2/trade_date=2026-07-17/exchange=NSE/symbol=RELIANCE/part-040230_829822-002426.parquet,real_data_sample\l2_unseen_validation\trade_date=2026-07-17\exchange=NSE\symbol=RELIANCE\part-040230_829822-002426.parquet,34519,downloaded,34519,
2026-07-17,NSE,RELIANCE,raw_l2/trade_date=2026-07-17/exchange=NSE/symbol=RELIANCE/part-040245_213301-002458.parquet,real_data_sample\l2_unseen_validation\trade_date=2026-07-17\exchange=NSE\symbol=RELIANCE\part-040245_213301-002458.parquet,34736,downloaded,34736,
2026-07-17,NSE,RELIANCE,raw_l2/trade_date=2026-07-17/exchange=NSE/symbol=RELIANCE/part-040121_270848-002266.parquet,real_data_sample\l2_unseen_validation\trade_date=2026-07-17\exchange=NSE\symbol=RELIANCE\part-040121_270848-002266.parquet,34424,downloaded,34424,
2026-07-17,NSE,RELIANCE,raw_l2/trade_date=2026-07-17/exchange=NSE/symbol=RELIANCE/part-040259_772872-002490.parquet,real_data_sample\l2_unseen_validation\trade_date=2026-07-17\exchange=NSE\symbol=RELIANCE\part-040259_772872-002490.parquet,34735,downloaded,34735,
2026-07-17,NSE,RELIANCE,raw_l2/trade_date=2026-07-17/exchange=NSE/symbol=RELIANCE/part-035654_901882-001658.parquet,real_data_sample\l2_unseen_validation\trade_date=2026-07-17\exchange=NSE\symbol=RELIANCE\part-035654_901882-001658.parquet,34498,downloaded,34498,
2026-07-17,NSE,RELIANCE,raw_l2/trade_date=2026-07-17/exchange=NSE/symbol=RELIANCE/part-040314_052174-002522.parquet,real_data_sample\l2_unseen_validation\trade_date=2026-07-17\exchange=NSE\symbol=RELIANCE\part-040314_052174-002522.parquet,34398,downloaded,34398,
2026-07-17,NSE,RELIANCE,raw_l2/trade_date=2026-07-17/exchange=NSE/symbol=RELIANCE/part-040342_329151-002586.parquet,real_data_sample\l2_unseen_validation\trade_date=2026-07-17\exchange=NSE\symbol=RELIANCE\part-040342_329151-002586.parquet,34433,downloaded,34433,
2026-07-17,NSE,RELIANCE,raw_l2/trade_date=2026-07-17/exchange=NSE/symbol=RELIANCE/part-040410_547712-002650.parquet,real_data_sample\l2_unseen_validation\trade_date=2026-07-17\exchange=NSE\symbol=RELIANCE\part-040410_547712-002650.parquet,34481,downloaded,34481,
2026-07-17,NSE,RELIANCE,raw_l2/trade_date=2026-07-17/exchange=NSE/symbol=RELIANCE/part-040328_173298-002554.parquet,real_data_sample\l2_unseen_validation\trade_date=2026-07-17\exchange=NSE\symbol=RELIANCE\part-040328_173298-002554.parquet,34504,downloaded,34504,
2026-07-17,NSE,RELIANCE,raw_l2/trade_date=2026-07-17/exchange=NSE/symbol=RELIANCE/part-040356_514788-002618.parquet,real_data_sample\l2_unseen_validation\trade_date=2026-07-17\exchange=NSE\symbol=RELIANCE\part-040356_514788-002618.parquet,34388,downloaded,34388,
2026-07-17,NSE,RELIANCE,raw_l2/trade_date=2026-07-17/exchange=NSE/symbol=RELIANCE/part-040438_464781-002714.parquet,real_data_sample\l2_unseen_validation\trade_date=2026-07-17\exchange=NSE\symbol=RELIANCE\part-040438_464781-002714.parquet,34475,downloaded,34475,
2026-07-17,NSE,RELIANCE,raw_l2/trade_date=2026-07-17/exchange=NSE/symbol=RELIANCE/part-040644_776168-003002.parquet,real_data_sample\l2_unseen_validation\trade_date=2026-07-17\exchange=NSE\symbol=RELIANCE\part-040644_776168-003002.parquet,34453,downloaded,34453,
2026-07-17,NSE,RELIANCE,raw_l2/trade_date=2026-07-17/exchange=NSE/symbol=RELIANCE/part-040616_899584-002938.parquet,real_data_sample\l2_unseen_validation\trade_date=2026-07-17\exchange=NSE\symbol=RELIANCE\part-040616_899584-002938.parquet,34523,downloaded,34523,
2026-07-17,NSE,RELIANCE,raw_l2/trade_date=2026-07-17/exchange=NSE/symbol=RELIANCE/part-040603_045402-002906.parquet,real_data_sample\l2_unseen_validation\trade_date=2026-07-17\exchange=NSE\symbol=RELIANCE\part-040603_045402-002906.parquet,34703,downloaded,34703,
2026-07-17,NSE,RELIANCE,raw_l2/trade_date=2026-07-17/exchange=NSE/symbol=RELIANCE/part-040520_907800-002810.parquet,real_data_sample\l2_unseen_validation\trade_date=2026-07-17\exchange=NSE\symbol=RELIANCE\part-040520_907800-002810.parquet,34656,downloaded,34656,
2026-07-17,NSE,RELIANCE,raw_l2/trade_date=2026-07-17/exchange=NSE/symbol=RELIANCE/part-040548_886977-002874.parquet,real_data_sample\l2_unseen_validation\trade_date=2026-07-17\exchange=NSE\symbol=RELIANCE\part-040548_886977-002874.parquet,34513,downloaded,34513,
2026-07-17,NSE,RELIANCE,raw_l2/trade_date=2026-07-17/exchange=NSE/symbol=RELIANCE/part-040506_630162-002778.parquet,real_data_sample\l2_unseen_validation\trade_date=2026-07-17\exchange=NSE\symbol=RELIANCE\part-040506_630162-002778.parquet,34478,downloaded,34478,
2026-07-17,NSE,RELIANCE,raw_l2/trade_date=2026-07-17/exchange=NSE/symbol=RELIANCE/part-040452_386286-002746.parquet,real_data_sample\l2_unseen_validation\trade_date=2026-07-17\exchange=NSE\symbol=RELIANCE\part-040452_386286-002746.parquet,34501,downloaded,34501,
2026-07-17,NSE,RELIANCE,raw_l2/trade_date=2026-07-17/exchange=NSE/symbol=RELIANCE/part-040712_683093-003066.parquet,real_data_sample\l2_unseen_validation\trade_date=2026-07-17\exchange=NSE\symbol=RELIANCE\part-040712_683093-003066.parquet,34699,downloaded,34699,
2026-07-17,NSE,RELIANCE,raw_l2/trade_date=2026-07-17/exchange=NSE/symbol=RELIANCE/part-040534_937182-002842.parquet,real_data_sample\l2_unseen_validation\trade_date=2026-07-17\exchange=NSE\symbol=RELIANCE\part-040534_937182-002842.parquet,34757,downloaded,34757,
2026-07-17,NSE,RELIANCE,raw_l2/trade_date=2026-07-17/exchange=NSE/symbol=RELIANCE/part-035421_220886-001306.parquet,real_data_sample\l2_unseen_validation\trade_date=2026-07-17\exchange=NSE\symbol=RELIANCE\part-035421_220886-001306.parquet,35211,downloaded,35211,
2026-07-17,NSE,RELIANCE,raw_l2/trade_date=2026-07-17/exchange=NSE/symbol=RELIANCE/part-040630_856099-002970.parquet,real_data_sample\l2_unseen_validation\trade_date=2026-07-17\exchange=NSE\symbol=RELIANCE\part-040630_856099-002970.parquet,34458,downloaded,34458,
2026-07-17,NSE,RELIANCE,raw_l2/trade_date=2026-07-17/exchange=NSE/symbol=RELIANCE/part-040658_635922-003034.parquet,real_data_sample\l2_unseen_validation\trade_date=2026-07-17\exchange=NSE\symbol=RELIANCE\part-040658_635922-003034.parquet,34586,downloaded,34586,
2026-07-17,NSE,RELIANCE,raw_l2/trade_date=2026-07-17/exchange=NSE/symbol=RELIANCE/part-040424_571820-002682.parquet,real_data_sample\l2_unseen_validation\trade_date=2026-07-17\exchange=NSE\symbol=RELIANCE\part-040424_571820-002682.parquet,34694,downloaded,34694,
2026-07-17,NSE,RELIANCE,raw_l2/trade_date=2026-07-17/exchange=NSE/symbol=RELIANCE/part-040726_669585-003098.parquet,real_data_sample\l2_unseen_validation\trade_date=2026-07-17\exchange=NSE\symbol=RELIANCE\part-040726_669585-003098.parquet,34742,downloaded,34742,
2026-07-17,NSE,RELIANCE,raw_l2/trade_date=2026-07-17/exchange=NSE/symbol=RELIANCE/part-040216_836830-002394.parquet,real_data_sample\l2_unseen_validation\trade_date=2026-07-17\exchange=NSE\symbol=RELIANCE\part-040216_836830-002394.parquet,34507,downloaded,34507,
2026-07-17,NSE,RELIANCE,raw_l2/trade_date=2026-07-17/exchange=NSE/symbol=RELIANCE/part-040740_920499-003130.parquet,real_data_sample\l2_unseen_validation\trade_date=2026-07-17\exchange=NSE\symbol=RELIANCE\part-040740_920499-003130.parquet,34729,downloaded,34729,
2026-07-17,NSE,RELIANCE,raw_l2/trade_date=2026-07-17/exchange=NSE/symbol=RELIANCE/part-040906_013075-003322.parquet,real_data_sample\l2_unseen_validation\trade_date=2026-07-17\exchange=NSE\symbol=RELIANCE\part-040906_013075-003322.parquet,36495,downloaded,36495,
2026-07-17,NSE,RELIANCE,raw_l2/trade_date=2026-07-17/exchange=NSE/symbol=RELIANCE/part-040823_507305-003226.parquet,real_data_sample\l2_unseen_validation\trade_date=2026-07-17\exchange=NSE\symbol=RELIANCE\part-040823_507305-003226.parquet,36070,downloaded,36070,
2026-07-17,NSE,RELIANCE,raw_l2/trade_date=2026-07-17/exchange=NSE/symbol=RELIANCE/part-040837_481836-003258.parquet,real_data_sample\l2_unseen_validation\trade_date=2026-07-17\exchange=NSE\symbol=RELIANCE\part-040837_481836-003258.parquet,36792,downloaded,36792,
2026-07-17,NSE,RELIANCE,raw_l2/trade_date=2026-07-17/exchange=NSE/symbol=RELIANCE/part-040920_141582-003354.parquet,real_data_sample\l2_unseen_validation\trade_date=2026-07-17\exchange=NSE\symbol=RELIANCE\part-040920_141582-003354.parquet,36571,downloaded,36571,
2026-07-17,NSE,RELIANCE,raw_l2/trade_date=2026-07-17/exchange=NSE/symbol=RELIANCE/part-040852_010948-003290.parquet,real_data_sample\l2_unseen_validation\trade_date=2026-07-17\exchange=NSE\symbol=RELIANCE\part-040852_010948-003290.parquet,36355,downloaded,36355,
2026-07-17,NSE,RELIANCE,raw_l2/trade_date=2026-07-17/exchange=NSE/symbol=RELIANCE/part-040948_980499-003418.parquet,real_data_sample\l2_unseen_validation\trade_date=2026-07-17\exchange=NSE\symbol=RELIANCE\part-040948_980499-003418.parquet,36417,downloaded,36417,
2026-07-17,NSE,RELIANCE,raw_l2/trade_date=2026-07-17/exchange=NSE/symbol=RELIANCE/part-041016_870136-003482.parquet,real_data_sample\l2_unseen_validation\trade_date=2026-07-17\exchange=NSE\symbol=RELIANCE\part-041016_870136-003482.parquet,36241,downloaded,36241,
2026-07-17,NSE,RELIANCE,raw_l2/trade_date=2026-07-17/exchange=NSE/symbol=RELIANCE/part-040934_687637-003386.parquet,real_data_sample\l2_unseen_validation\trade_date=2026-07-17\exchange=NSE\symbol=RELIANCE\part-040934_687637-003386.parquet,36360,downloaded,36360,
2026-07-17,NSE,RELIANCE,raw_l2/trade_date=2026-07-17/exchange=NSE/symbol=RELIANCE/part-041031_200343-003514.parquet,real_data_sample\l2_unseen_validation\trade_date=2026-07-17\exchange=NSE\symbol=RELIANCE\part-041031_200343-003514.parquet,35996,downloaded,35996,
2026-07-17,NSE,RELIANCE,raw_l2/trade_date=2026-07-17/exchange=NSE/symbol=RELIANCE/part-041045_516855-003546.parquet,real_data_sample\l2_unseen_validation\trade_date=2026-07-17\exchange=NSE\symbol=RELIANCE\part-041045_516855-003546.parquet,36536,downloaded,36536,
2026-07-17,NSE,RELIANCE,raw_l2/trade_date=2026-07-17/exchange=NSE/symbol=RELIANCE/part-040808_960972-003194.parquet,real_data_sample\l2_unseen_validation\trade_date=2026-07-17\exchange=NSE\symbol=RELIANCE\part-040808_960972-003194.parquet,34622,downloaded,34622,
2026-07-17,NSE,RELIANCE,raw_l2/trade_date=2026-07-17/exchange=NSE/symbol=RELIANCE/part-041141_663303-003674.parquet,real_data_sample\l2_unseen_validation\trade_date=2026-07-17\exchange=NSE\symbol=RELIANCE\part-041141_663303-003674.parquet,36336,downloaded,36336,
2026-07-17,NSE,RELIANCE,raw_l2/trade_date=2026-07-17/exchange=NSE/symbol=RELIANCE/part-041059_719618-003578.parquet,real_data_sample\l2_unseen_validation\trade_date=2026-07-17\exchange=NSE\symbol=RELIANCE\part-041059_719618-003578.parquet,36239,downloaded,36239,
2026-07-17,NSE,RELIANCE,raw_l2/trade_date=2026-07-17/exchange=NSE/symbol=RELIANCE/part-041113_849297-003610.parquet,real_data_sample\l2_unseen_validation\trade_date=2026-07-17\exchange=NSE\symbol=RELIANCE\part-041113_849297-003610.parquet,36098,downloaded,36098,
2026-07-17,NSE,RELIANCE,raw_l2/trade_date=2026-07-17/exchange=NSE/symbol=RELIANCE/part-041155_408327-003706.parquet,real_data_sample\l2_unseen_validation\trade_date=2026-07-17\exchange=NSE\symbol=RELIANCE\part-041155_408327-003706.parquet,36493,downloaded,36493,
2026-07-17,NSE,RELIANCE,raw_l2/trade_date=2026-07-17/exchange=NSE/symbol=RELIANCE/part-041223_412001-003770.parquet,real_data_sample\l2_unseen_validation\trade_date=2026-07-17\exchange=NSE\symbol=RELIANCE\part-041223_412001-003770.parquet,36330,downloaded,36330,
2026-07-17,NSE,RELIANCE,raw_l2/trade_date=2026-07-17/exchange=NSE/symbol=RELIANCE/part-041209_534761-003738.parquet,real_data_sample\l2_unseen_validation\trade_date=2026-07-17\exchange=NSE\symbol=RELIANCE\part-041209_534761-003738.parquet,36774,downloaded,36774,
2026-07-17,NSE,RELIANCE,raw_l2/trade_date=2026-07-17/exchange=NSE/symbol=RELIANCE/part-040754_894165-003162.parquet,real_data_sample\l2_unseen_validation\trade_date=2026-07-17\exchange=NSE\symbol=RELIANCE\part-040754_894165-003162.parquet,34713,downloaded,34713,
2026-07-17,NSE,RELIANCE,raw_l2/trade_date=2026-07-17/exchange=NSE/symbol=RELIANCE/part-041127_585119-003642.parquet,real_data_sample\l2_unseen_validation\trade_date=2026-07-17\exchange=NSE\symbol=RELIANCE\part-041127_585119-003642.parquet,36320,downloaded,36320,
2026-07-17,NSE,RELIANCE,raw_l2/trade_date=2026-07-17/exchange=NSE/symbol=RELIANCE/part-041401_173755-003994.parquet,real_data_sample\l2_unseen_validation\trade_date=2026-07-17\exchange=NSE\symbol=RELIANCE\part-041401_173755-003994.parquet,36256,downloaded,36256,
2026-07-17,NSE,RELIANCE,raw_l2/trade_date=2026-07-17/exchange=NSE/symbol=RELIANCE/part-041333_011048-003930.parquet,real_data_sample\l2_unseen_validation\trade_date=2026-07-17\exchange=NSE\symbol=RELIANCE\part-041333_011048-003930.parquet,36937,downloaded,36937,
2026-07-17,NSE,RELIANCE,raw_l2/trade_date=2026-07-17/exchange=NSE/symbol=RELIANCE/part-041415_225312-004026.parquet,real_data_sample\l2_unseen_validation\trade_date=2026-07-17\exchange=NSE\symbol=RELIANCE\part-041415_225312-004026.parquet,36808,downloaded,36808,
2026-07-17,NSE,RELIANCE,raw_l2/trade_date=2026-07-17/exchange=NSE/symbol=RELIANCE/part-041443_221064-004090.parquet,real_data_sample\l2_unseen_validation\trade_date=2026-07-17\exchange=NSE\symbol=RELIANCE\part-041443_221064-004090.parquet,36161,downloaded,36161,
2026-07-17,NSE,RELIANCE,raw_l2/trade_date=2026-07-17/exchange=NSE/symbol=RELIANCE/part-041318_889555-003898.parquet,real_data_sample\l2_unseen_validation\trade_date=2026-07-17\exchange=NSE\symbol=RELIANCE\part-041318_889555-003898.parquet,36510,downloaded,36510,
2026-07-17,NSE,RELIANCE,raw_l2/trade_date=2026-07-17/exchange=NSE/symbol=RELIANCE/part-041429_167341-004058.parquet,real_data_sample\l2_unseen_validation\trade_date=2026-07-17\exchange=NSE\symbol=RELIANCE\part-041429_167341-004058.parquet,35954,downloaded,35954,
2026-07-17,NSE,RELIANCE,raw_l2/trade_date=2026-07-17/exchange=NSE/symbol=RELIANCE/part-041237_365503-003802.parquet,real_data_sample\l2_unseen_validation\trade_date=2026-07-17\exchange=NSE\symbol=RELIANCE\part-041237_365503-003802.parquet,36465,downloaded,36465,
2026-07-17,NSE,RELIANCE,raw_l2/trade_date=2026-07-17/exchange=NSE/symbol=RELIANCE/part-041304_877569-003866.parquet,real_data_sample\l2_unseen_validation\trade_date=2026-07-17\exchange=NSE\symbol=RELIANCE\part-041304_877569-003866.parquet,36173,downloaded,36173,
2026-07-17,NSE,RELIANCE,raw_l2/trade_date=2026-07-17/exchange=NSE/symbol=RELIANCE/part-041251_136078-003834.parquet,real_data_sample\l2_unseen_validation\trade_date=2026-07-17\exchange=NSE\symbol=RELIANCE\part-041251_136078-003834.parquet,36227,downloaded,36227,
2026-07-17,NSE,RELIANCE,raw_l2/trade_date=2026-07-17/exchange=NSE/symbol=RELIANCE/part-041511_088803-004154.parquet,real_data_sample\l2_unseen_validation\trade_date=2026-07-17\exchange=NSE\symbol=RELIANCE\part-041511_088803-004154.parquet,36316,downloaded,36316,
2026-07-17,NSE,RELIANCE,raw_l2/trade_date=2026-07-17/exchange=NSE/symbol=RELIANCE/part-041524_928462-004186.parquet,real_data_sample\l2_unseen_validation\trade_date=2026-07-17\exchange=NSE\symbol=RELIANCE\part-041524_928462-004186.parquet,36289,downloaded,36289,
2026-07-17,NSE,RELIANCE,raw_l2/trade_date=2026-07-17/exchange=NSE/symbol=RELIANCE/part-041539_062181-004218.parquet,real_data_sample\l2_unseen_validation\trade_date=2026-07-17\exchange=NSE\symbol=RELIANCE\part-041539_062181-004218.parquet,36225,downloaded,36225,
2026-07-17,NSE,RELIANCE,raw_l2/trade_date=2026-07-17/exchange=NSE/symbol=RELIANCE/part-041607_824712-004282.parquet,real_data_sample\l2_unseen_validation\trade_date=2026-07-17\exchange=NSE\symbol=RELIANCE\part-041607_824712-004282.parquet,36288,downloaded,36288,
2026-07-17,NSE,RELIANCE,raw_l2/trade_date=2026-07-17/exchange=NSE/symbol=RELIANCE/part-041554_074245-004250.parquet,real_data_sample\l2_unseen_validation\trade_date=2026-07-17\exchange=NSE\symbol=RELIANCE\part-041554_074245-004250.parquet,36458,downloaded,36458,
2026-07-17,NSE,RELIANCE,raw_l2/trade_date=2026-07-17/exchange=NSE/symbol=RELIANCE/part-041003_052683-003450.parquet,real_data_sample\l2_unseen_validation\trade_date=2026-07-17\exchange=NSE\symbol=RELIANCE\part-041003_052683-003450.parquet,36191,downloaded,36191,
2026-07-17,NSE,RELIANCE,raw_l2/trade_date=2026-07-17/exchange=NSE/symbol=RELIANCE/part-041649_160123-004378.parquet,real_data_sample\l2_unseen_validation\trade_date=2026-07-17\exchange=NSE\symbol=RELIANCE\part-041649_160123-004378.parquet,36482,downloaded,36482,
2026-07-17,NSE,RELIANCE,raw_l2/trade_date=2026-07-17/exchange=NSE/symbol=RELIANCE/part-041716_731042-004442.parquet,real_data_sample\l2_unseen_validation\trade_date=2026-07-17\exchange=NSE\symbol=RELIANCE\part-041716_731042-004442.parquet,36743,downloaded,36743,
2026-07-17,NSE,RELIANCE,raw_l2/trade_date=2026-07-17/exchange=NSE/symbol=RELIANCE/part-041702_989193-004410.parquet,real_data_sample\l2_unseen_validation\trade_date=2026-07-17\exchange=NSE\symbol=RELIANCE\part-041702_989193-004410.parquet,36216,downloaded,36216,
2026-07-17,NSE,RELIANCE,raw_l2/trade_date=2026-07-17/exchange=NSE/symbol=RELIANCE/part-041621_629238-004314.parquet,real_data_sample\l2_unseen_validation\trade_date=2026-07-17\exchange=NSE\symbol=RELIANCE\part-041621_629238-004314.parquet,36299,downloaded,36299,
2026-07-17,NSE,RELIANCE,raw_l2/trade_date=2026-07-17/exchange=NSE/symbol=RELIANCE/part-041731_243902-004474.parquet,real_data_sample\l2_unseen_validation\trade_date=2026-07-17\exchange=NSE\symbol=RELIANCE\part-041731_243902-004474.parquet,36429,downloaded,36429,
2026-07-17,NSE,RELIANCE,raw_l2/trade_date=2026-07-17/exchange=NSE/symbol=RELIANCE/part-041745_126390-004506.parquet,real_data_sample\l2_unseen_validation\trade_date=2026-07-17\exchange=NSE\symbol=RELIANCE\part-041745_126390-004506.parquet,36636,downloaded,36636,
2026-07-17,NSE,RELIANCE,raw_l2/trade_date=2026-07-17/exchange=NSE/symbol=RELIANCE/part-041635_266237-004346.parquet,real_data_sample\l2_unseen_validation\trade_date=2026-07-17\exchange=NSE\symbol=RELIANCE\part-041635_266237-004346.parquet,36217,downloaded,36217,
2026-07-17,NSE,RELIANCE,raw_l2/trade_date=2026-07-17/exchange=NSE/symbol=RELIANCE/part-041758_912719-004538.parquet,real_data_sample\l2_unseen_validation\trade_date=2026-07-17\exchange=NSE\symbol=RELIANCE\part-041758_912719-004538.parquet,35848,downloaded,35848,
2026-07-17,NSE,RELIANCE,raw_l2/trade_date=2026-07-17/exchange=NSE/symbol=RELIANCE/part-041908_720942-004698.parquet,real_data_sample\l2_unseen_validation\trade_date=2026-07-17\exchange=NSE\symbol=RELIANCE\part-041908_720942-004698.parquet,36643,downloaded,36643,
2026-07-17,NSE,RELIANCE,raw_l2/trade_date=2026-07-17/exchange=NSE/symbol=RELIANCE/part-041840_156517-004634.parquet,real_data_sample\l2_unseen_validation\trade_date=2026-07-17\exchange=NSE\symbol=RELIANCE\part-041840_156517-004634.parquet,37181,downloaded,37181,
2026-07-17,NSE,RELIANCE,raw_l2/trade_date=2026-07-17/exchange=NSE/symbol=RELIANCE/part-041854_544085-004666.parquet,real_data_sample\l2_unseen_validation\trade_date=2026-07-17\exchange=NSE\symbol=RELIANCE\part-041854_544085-004666.parquet,36375,downloaded,36375,
2026-07-17,NSE,RELIANCE,raw_l2/trade_date=2026-07-17/exchange=NSE/symbol=RELIANCE/part-041812_501634-004570.parquet,real_data_sample\l2_unseen_validation\trade_date=2026-07-17\exchange=NSE\symbol=RELIANCE\part-041812_501634-004570.parquet,36664,downloaded,36664,
2026-07-17,NSE,RELIANCE,raw_l2/trade_date=2026-07-17/exchange=NSE/symbol=RELIANCE/part-041826_287795-004602.parquet,real_data_sample\l2_unseen_validation\trade_date=2026-07-17\exchange=NSE\symbol=RELIANCE\part-041826_287795-004602.parquet,36503,downloaded,36503,
2026-07-17,NSE,RELIANCE,raw_l2/trade_date=2026-07-17/exchange=NSE/symbol=RELIANCE/part-041937_162760-004762.parquet,real_data_sample\l2_unseen_validation\trade_date=2026-07-17\exchange=NSE\symbol=RELIANCE\part-041937_162760-004762.parquet,36677,downloaded,36677,
2026-07-17,NSE,RELIANCE,raw_l2/trade_date=2026-07-17/exchange=NSE/symbol=RELIANCE/part-041457_109071-004122.parquet,real_data_sample\l2_unseen_validation\trade_date=2026-07-17\exchange=NSE\symbol=RELIANCE\part-041457_109071-004122.parquet,36083,downloaded,36083,
2026-07-17,NSE,RELIANCE,raw_l2/trade_date=2026-07-17/exchange=NSE/symbol=RELIANCE/part-041951_230045-004794.parquet,real_data_sample\l2_unseen_validation\trade_date=2026-07-17\exchange=NSE\symbol=RELIANCE\part-041951_230045-004794.parquet,36400,downloaded,36400,
2026-07-17,NSE,RELIANCE,raw_l2/trade_date=2026-07-17/exchange=NSE/symbol=RELIANCE/part-042100_553540-004954.parquet,real_data_sample\l2_unseen_validation\trade_date=2026-07-17\exchange=NSE\symbol=RELIANCE\part-042100_553540-004954.parquet,36567,downloaded,36567,
2026-07-17,NSE,RELIANCE,raw_l2/trade_date=2026-07-17/exchange=NSE/symbol=RELIANCE/part-042114_356117-004986.parquet,real_data_sample\l2_unseen_validation\trade_date=2026-07-17\exchange=NSE\symbol=RELIANCE\part-042114_356117-004986.parquet,36649,downloaded,36649,
2026-07-17,NSE,RELIANCE,raw_l2/trade_date=2026-07-17/exchange=NSE/symbol=RELIANCE/part-042046_783603-004922.parquet,real_data_sample\l2_unseen_validation\trade_date=2026-07-17\exchange=NSE\symbol=RELIANCE\part-042046_783603-004922.parquet,36308,downloaded,36308,
2026-07-17,NSE,RELIANCE,raw_l2/trade_date=2026-07-17/exchange=NSE/symbol=RELIANCE/part-042005_112402-004826.parquet,real_data_sample\l2_unseen_validation\trade_date=2026-07-17\exchange=NSE\symbol=RELIANCE\part-042005_112402-004826.parquet,36265,downloaded,36265,
2026-07-17,NSE,RELIANCE,raw_l2/trade_date=2026-07-17/exchange=NSE/symbol=RELIANCE/part-042019_128655-004858.parquet,real_data_sample\l2_unseen_validation\trade_date=2026-07-17\exchange=NSE\symbol=RELIANCE\part-042019_128655-004858.parquet,36568,downloaded,36568,
2026-07-17,NSE,RELIANCE,raw_l2/trade_date=2026-07-17/exchange=NSE/symbol=RELIANCE/part-042032_829838-004890.parquet,real_data_sample\l2_unseen_validation\trade_date=2026-07-17\exchange=NSE\symbol=RELIANCE\part-042032_829838-004890.parquet,36362,downloaded,36362,
2026-07-17,NSE,RELIANCE,raw_l2/trade_date=2026-07-17/exchange=NSE/symbol=RELIANCE/part-042128_341011-005018.parquet,real_data_sample\l2_unseen_validation\trade_date=2026-07-17\exchange=NSE\symbol=RELIANCE\part-042128_341011-005018.parquet,36351,downloaded,36351,
2026-07-17,NSE,RELIANCE,raw_l2/trade_date=2026-07-17/exchange=NSE/symbol=RELIANCE/part-042142_418846-005050.parquet,real_data_sample\l2_unseen_validation\trade_date=2026-07-17\exchange=NSE\symbol=RELIANCE\part-042142_418846-005050.parquet,36790,downloaded,36790,
2026-07-17,NSE,RELIANCE,raw_l2/trade_date=2026-07-17/exchange=NSE/symbol=RELIANCE/part-042224_427310-005146.parquet,real_data_sample\l2_unseen_validation\trade_date=2026-07-17\exchange=NSE\symbol=RELIANCE\part-042224_427310-005146.parquet,35858,downloaded,35858,
2026-07-17,NSE,RELIANCE,raw_l2/trade_date=2026-07-17/exchange=NSE/symbol=RELIANCE/part-042210_472635-005114.parquet,real_data_sample\l2_unseen_validation\trade_date=2026-07-17\exchange=NSE\symbol=RELIANCE\part-042210_472635-005114.parquet,36608,downloaded,36608,
2026-07-17,NSE,RELIANCE,raw_l2/trade_date=2026-07-17/exchange=NSE/symbol=RELIANCE/part-042156_440923-005082.parquet,real_data_sample\l2_unseen_validation\trade_date=2026-07-17\exchange=NSE\symbol=RELIANCE\part-042156_440923-005082.parquet,36310,downloaded,36310,
2026-07-17,NSE,RELIANCE,raw_l2/trade_date=2026-07-17/exchange=NSE/symbol=RELIANCE/part-042320_229052-005274.parquet,real_data_sample\l2_unseen_validation\trade_date=2026-07-17\exchange=NSE\symbol=RELIANCE\part-042320_229052-005274.parquet,36309,downloaded,36309,
2026-07-17,NSE,RELIANCE,raw_l2/trade_date=2026-07-17/exchange=NSE/symbol=RELIANCE/part-042252_130115-005210.parquet,real_data_sample\l2_unseen_validation\trade_date=2026-07-17\exchange=NSE\symbol=RELIANCE\part-042252_130115-005210.parquet,36070,downloaded,36070,
2026-07-17,NSE,RELIANCE,raw_l2/trade_date=2026-07-17/exchange=NSE/symbol=RELIANCE/part-042238_382925-005178.parquet,real_data_sample\l2_unseen_validation\trade_date=2026-07-17\exchange=NSE\symbol=RELIANCE\part-042238_382925-005178.parquet,35825,downloaded,35825,
2026-07-17,NSE,RELIANCE,raw_l2/trade_date=2026-07-17/exchange=NSE/symbol=RELIANCE/part-042348_206052-005338.parquet,real_data_sample\l2_unseen_validation\trade_date=2026-07-17\exchange=NSE\symbol=RELIANCE\part-042348_206052-005338.parquet,36038,downloaded,36038,
2026-07-17,NSE,RELIANCE,raw_l2/trade_date=2026-07-17/exchange=NSE/symbol=RELIANCE/part-042402_095108-005370.parquet,real_data_sample\l2_unseen_validation\trade_date=2026-07-17\exchange=NSE\symbol=RELIANCE\part-042402_095108-005370.parquet,35879,downloaded,35879,
2026-07-17,NSE,RELIANCE,raw_l2/trade_date=2026-07-17/exchange=NSE/symbol=RELIANCE/part-042429_949958-005434.parquet,real_data_sample\l2_unseen_validation\trade_date=2026-07-17\exchange=NSE\symbol=RELIANCE\part-042429_949958-005434.parquet,35871,downloaded,35871,
2026-07-17,NSE,RELIANCE,raw_l2/trade_date=2026-07-17/exchange=NSE/symbol=RELIANCE/part-042443_899418-005466.parquet,real_data_sample\l2_unseen_validation\trade_date=2026-07-17\exchange=NSE\symbol=RELIANCE\part-042443_899418-005466.parquet,36014,downloaded,36014,
2026-07-17,NSE,RELIANCE,raw_l2/trade_date=2026-07-17/exchange=NSE/symbol=RELIANCE/part-042334_159830-005306.parquet,real_data_sample\l2_unseen_validation\trade_date=2026-07-17\exchange=NSE\symbol=RELIANCE\part-042334_159830-005306.parquet,35950,downloaded,35950,
2026-07-17,NSE,RELIANCE,raw_l2/trade_date=2026-07-17/exchange=NSE/symbol=RELIANCE/part-042415_852323-005402.parquet,real_data_sample\l2_unseen_validation\trade_date=2026-07-17\exchange=NSE\symbol=RELIANCE\part-042415_852323-005402.parquet,36260,downloaded,36260,
2026-07-17,NSE,RELIANCE,raw_l2/trade_date=2026-07-17/exchange=NSE/symbol=RELIANCE/part-042457_549929-005498.parquet,real_data_sample\l2_unseen_validation\trade_date=2026-07-17\exchange=NSE\symbol=RELIANCE\part-042457_549929-005498.parquet,36184,downloaded,36184,
2026-07-17,NSE,RELIANCE,raw_l2/trade_date=2026-07-17/exchange=NSE/symbol=RELIANCE/part-041923_108672-004730.parquet,real_data_sample\l2_unseen_validation\trade_date=2026-07-17\exchange=NSE\symbol=RELIANCE\part-041923_108672-004730.parquet,36644,downloaded,36644,
2026-07-17,NSE,RELIANCE,raw_l2/trade_date=2026-07-17/exchange=NSE/symbol=RELIANCE/part-042511_368981-005530.parquet,real_data_sample\l2_unseen_validation\trade_date=2026-07-17\exchange=NSE\symbol=RELIANCE\part-042511_368981-005530.parquet,36422,downloaded,36422,
2026-07-17,NSE,RELIANCE,raw_l2/trade_date=2026-07-17/exchange=NSE/symbol=RELIANCE/part-041347_029518-003962.parquet,real_data_sample\l2_unseen_validation\trade_date=2026-07-17\exchange=NSE\symbol=RELIANCE\part-041347_029518-003962.parquet,36330,downloaded,36330,
2026-07-17,NSE,RELIANCE,raw_l2/trade_date=2026-07-17/exchange=NSE/symbol=RELIANCE/part-042525_395426-005562.parquet,real_data_sample\l2_unseen_validation\trade_date=2026-07-17\exchange=NSE\symbol=RELIANCE\part-042525_395426-005562.parquet,36452,downloaded,36452,
2026-07-17,NSE,RELIANCE,raw_l2/trade_date=2026-07-17/exchange=NSE/symbol=RELIANCE/part-042621_589261-005690.parquet,real_data_sample\l2_unseen_validation\trade_date=2026-07-17\exchange=NSE\symbol=RELIANCE\part-042621_589261-005690.parquet,36077,downloaded,36077,
2026-07-17,NSE,RELIANCE,raw_l2/trade_date=2026-07-17/exchange=NSE/symbol=RELIANCE/part-042717_705933-005818.parquet,real_data_sample\l2_unseen_validation\trade_date=2026-07-17\exchange=NSE\symbol=RELIANCE\part-042717_705933-005818.parquet,36311,downloaded,36311,
2026-07-17,NSE,RELIANCE,raw_l2/trade_date=2026-07-17/exchange=NSE/symbol=RELIANCE/part-042827_229646-005978.parquet,real_data_sample\l2_unseen_validation\trade_date=2026-07-17\exchange=NSE\symbol=RELIANCE\part-042827_229646-005978.parquet,36257,downloaded,36257,
2026-07-17,NSE,RELIANCE,raw_l2/trade_date=2026-07-17/exchange=NSE/symbol=RELIANCE/part-042731_752724-005850.parquet,real_data_sample\l2_unseen_validation\trade_date=2026-07-17\exchange=NSE\symbol=RELIANCE\part-042731_752724-005850.parquet,36316,downloaded,36316,
2026-07-17,NSE,RELIANCE,raw_l2/trade_date=2026-07-17/exchange=NSE/symbol=RELIANCE/part-042813_233380-005946.parquet,real_data_sample\l2_unseen_validation\trade_date=2026-07-17\exchange=NSE\symbol=RELIANCE\part-042813_233380-005946.parquet,35643,downloaded,35643,
2026-07-17,NSE,RELIANCE,raw_l2/trade_date=2026-07-17/exchange=NSE/symbol=RELIANCE/part-042745_531380-005882.parquet,real_data_sample\l2_unseen_validation\trade_date=2026-07-17\exchange=NSE\symbol=RELIANCE\part-042745_531380-005882.parquet,36007,downloaded,36007,
2026-07-17,NSE,RELIANCE,raw_l2/trade_date=2026-07-17/exchange=NSE/symbol=RELIANCE/part-042649_717231-005754.parquet,real_data_sample\l2_unseen_validation\trade_date=2026-07-17\exchange=NSE\symbol=RELIANCE\part-042649_717231-005754.parquet,35772,downloaded,35772,
2026-07-17,NSE,RELIANCE,raw_l2/trade_date=2026-07-17/exchange=NSE/symbol=RELIANCE/part-042759_301233-005914.parquet,real_data_sample\l2_unseen_validation\trade_date=2026-07-17\exchange=NSE\symbol=RELIANCE\part-042759_301233-005914.parquet,36334,downloaded,36334,
2026-07-17,NSE,RELIANCE,raw_l2/trade_date=2026-07-17/exchange=NSE/symbol=RELIANCE/part-042841_168197-006010.parquet,real_data_sample\l2_unseen_validation\trade_date=2026-07-17\exchange=NSE\symbol=RELIANCE\part-042841_168197-006010.parquet,36096,downloaded,36096,
2026-07-17,NSE,RELIANCE,raw_l2/trade_date=2026-07-17/exchange=NSE/symbol=RELIANCE/part-042607_594956-005658.parquet,real_data_sample\l2_unseen_validation\trade_date=2026-07-17\exchange=NSE\symbol=RELIANCE\part-042607_594956-005658.parquet,35764,downloaded,35764,
2026-07-17,NSE,RELIANCE,raw_l2/trade_date=2026-07-17/exchange=NSE/symbol=RELIANCE/part-042703_750513-005786.parquet,real_data_sample\l2_unseen_validation\trade_date=2026-07-17\exchange=NSE\symbol=RELIANCE\part-042703_750513-005786.parquet,35946,downloaded,35946,
2026-07-17,NSE,RELIANCE,raw_l2/trade_date=2026-07-17/exchange=NSE/symbol=RELIANCE/part-042539_517871-005594.parquet,real_data_sample\l2_unseen_validation\trade_date=2026-07-17\exchange=NSE\symbol=RELIANCE\part-042539_517871-005594.parquet,36072,downloaded,36072,
2026-07-17,NSE,RELIANCE,raw_l2/trade_date=2026-07-17/exchange=NSE/symbol=RELIANCE/part-042306_120966-005242.parquet,real_data_sample\l2_unseen_validation\trade_date=2026-07-17\exchange=NSE\symbol=RELIANCE\part-042306_120966-005242.parquet,35874,downloaded,35874,
2026-07-17,NSE,RELIANCE,raw_l2/trade_date=2026-07-17/exchange=NSE/symbol=RELIANCE/part-042553_386294-005626.parquet,real_data_sample\l2_unseen_validation\trade_date=2026-07-17\exchange=NSE\symbol=RELIANCE\part-042553_386294-005626.parquet,36312,downloaded,36312,
2026-07-17,NSE,RELIANCE,raw_l2/trade_date=2026-07-17/exchange=NSE/symbol=RELIANCE/part-043114_688432-006362.parquet,real_data_sample\l2_unseen_validation\trade_date=2026-07-17\exchange=NSE\symbol=RELIANCE\part-043114_688432-006362.parquet,35041,downloaded,35041,
2026-07-17,NSE,RELIANCE,raw_l2/trade_date=2026-07-17/exchange=NSE/symbol=RELIANCE/part-043128_967902-006394.parquet,real_data_sample\l2_unseen_validation\trade_date=2026-07-17\exchange=NSE\symbol=RELIANCE\part-043128_967902-006394.parquet,35862,downloaded,35862,
2026-07-17,NSE,RELIANCE,raw_l2/trade_date=2026-07-17/exchange=NSE/symbol=RELIANCE/part-043046_844641-006298.parquet,real_data_sample\l2_unseen_validation\trade_date=2026-07-17\exchange=NSE\symbol=RELIANCE\part-043046_844641-006298.parquet,34804,downloaded,34804,
2026-07-17,NSE,RELIANCE,raw_l2/trade_date=2026-07-17/exchange=NSE/symbol=RELIANCE/part-043100_604203-006330.parquet,real_data_sample\l2_unseen_validation\trade_date=2026-07-17\exchange=NSE\symbol=RELIANCE\part-043100_604203-006330.parquet,34521,downloaded,34521,
2026-07-17,NSE,RELIANCE,raw_l2/trade_date=2026-07-17/exchange=NSE/symbol=RELIANCE/part-043033_136822-006266.parquet,real_data_sample\l2_unseen_validation\trade_date=2026-07-17\exchange=NSE\symbol=RELIANCE\part-043033_136822-006266.parquet,34647,downloaded,34647,
2026-07-17,NSE,RELIANCE,raw_l2/trade_date=2026-07-17/exchange=NSE/symbol=RELIANCE/part-042937_000965-006138.parquet,real_data_sample\l2_unseen_validation\trade_date=2026-07-17\exchange=NSE\symbol=RELIANCE\part-042937_000965-006138.parquet,35792,downloaded,35792,
2026-07-17,NSE,RELIANCE,raw_l2/trade_date=2026-07-17/exchange=NSE/symbol=RELIANCE/part-043004_949217-006202.parquet,real_data_sample\l2_unseen_validation\trade_date=2026-07-17\exchange=NSE\symbol=RELIANCE\part-043004_949217-006202.parquet,35979,downloaded,35979,
2026-07-17,NSE,RELIANCE,raw_l2/trade_date=2026-07-17/exchange=NSE/symbol=RELIANCE/part-043019_232905-006234.parquet,real_data_sample\l2_unseen_validation\trade_date=2026-07-17\exchange=NSE\symbol=RELIANCE\part-043019_232905-006234.parquet,35403,downloaded,35403,
2026-07-17,NSE,RELIANCE,raw_l2/trade_date=2026-07-17/exchange=NSE/symbol=RELIANCE/part-042950_941736-006170.parquet,real_data_sample\l2_unseen_validation\trade_date=2026-07-17\exchange=NSE\symbol=RELIANCE\part-042950_941736-006170.parquet,35995,downloaded,35995,
2026-07-17,NSE,RELIANCE,raw_l2/trade_date=2026-07-17/exchange=NSE/symbol=RELIANCE/part-042922_977558-006106.parquet,real_data_sample\l2_unseen_validation\trade_date=2026-07-17\exchange=NSE\symbol=RELIANCE\part-042922_977558-006106.parquet,35978,downloaded,35978,
2026-07-17,NSE,RELIANCE,raw_l2/trade_date=2026-07-17/exchange=NSE/symbol=RELIANCE/part-042909_011040-006074.parquet,real_data_sample\l2_unseen_validation\trade_date=2026-07-17\exchange=NSE\symbol=RELIANCE\part-042909_011040-006074.parquet,35831,downloaded,35831,
2026-07-17,NSE,RELIANCE,raw_l2/trade_date=2026-07-17/exchange=NSE/symbol=RELIANCE/part-042855_084152-006042.parquet,real_data_sample\l2_unseen_validation\trade_date=2026-07-17\exchange=NSE\symbol=RELIANCE\part-042855_084152-006042.parquet,36396,downloaded,36396,
2026-07-17,NSE,RELIANCE,raw_l2/trade_date=2026-07-17/exchange=NSE/symbol=RELIANCE/part-043143_107144-006426.parquet,real_data_sample\l2_unseen_validation\trade_date=2026-07-17\exchange=NSE\symbol=RELIANCE\part-043143_107144-006426.parquet,35787,downloaded,35787,
2026-07-17,NSE,RELIANCE,raw_l2/trade_date=2026-07-17/exchange=NSE/symbol=RELIANCE/part-043156_870334-006458.parquet,real_data_sample\l2_unseen_validation\trade_date=2026-07-17\exchange=NSE\symbol=RELIANCE\part-043156_870334-006458.parquet,35764,downloaded,35764,
2026-07-17,NSE,RELIANCE,raw_l2/trade_date=2026-07-17/exchange=NSE/symbol=RELIANCE/part-043239_449552-006554.parquet,real_data_sample\l2_unseen_validation\trade_date=2026-07-17\exchange=NSE\symbol=RELIANCE\part-043239_449552-006554.parquet,35996,downloaded,35996,
2026-07-17,NSE,RELIANCE,raw_l2/trade_date=2026-07-17/exchange=NSE/symbol=RELIANCE/part-043211_029491-006490.parquet,real_data_sample\l2_unseen_validation\trade_date=2026-07-17\exchange=NSE\symbol=RELIANCE\part-043211_029491-006490.parquet,36211,downloaded,36211,
2026-07-17,NSE,RELIANCE,raw_l2/trade_date=2026-07-17/exchange=NSE/symbol=RELIANCE/part-042635_726004-005722.parquet,real_data_sample\l2_unseen_validation\trade_date=2026-07-17\exchange=NSE\symbol=RELIANCE\part-042635_726004-005722.parquet,36250,downloaded,36250,
2026-07-17,NSE,RELIANCE,raw_l2/trade_date=2026-07-17/exchange=NSE/symbol=RELIANCE/part-043253_311738-006586.parquet,real_data_sample\l2_unseen_validation\trade_date=2026-07-17\exchange=NSE\symbol=RELIANCE\part-043253_311738-006586.parquet,35668,downloaded,35668,
2026-07-17,NSE,RELIANCE,raw_l2/trade_date=2026-07-17/exchange=NSE/symbol=RELIANCE/part-043307_191277-006618.parquet,real_data_sample\l2_unseen_validation\trade_date=2026-07-17\exchange=NSE\symbol=RELIANCE\part-043307_191277-006618.parquet,35654,downloaded,35654,
2026-07-17,NSE,RELIANCE,raw_l2/trade_date=2026-07-17/exchange=NSE/symbol=RELIANCE/part-043459_166850-006874.parquet,real_data_sample\l2_unseen_validation\trade_date=2026-07-17\exchange=NSE\symbol=RELIANCE\part-043459_166850-006874.parquet,36080,downloaded,36080,
2026-07-17,NSE,RELIANCE,raw_l2/trade_date=2026-07-17/exchange=NSE/symbol=RELIANCE/part-043335_491149-006682.parquet,real_data_sample\l2_unseen_validation\trade_date=2026-07-17\exchange=NSE\symbol=RELIANCE\part-043335_491149-006682.parquet,34350,downloaded,34350,
2026-07-17,NSE,RELIANCE,raw_l2/trade_date=2026-07-17/exchange=NSE/symbol=RELIANCE/part-043321_411537-006650.parquet,real_data_sample\l2_unseen_validation\trade_date=2026-07-17\exchange=NSE\symbol=RELIANCE\part-043321_411537-006650.parquet,35162,downloaded,35162,
2026-07-17,NSE,RELIANCE,raw_l2/trade_date=2026-07-17/exchange=NSE/symbol=RELIANCE/part-043526_899885-006938.parquet,real_data_sample\l2_unseen_validation\trade_date=2026-07-17\exchange=NSE\symbol=RELIANCE\part-043526_899885-006938.parquet,36302,downloaded,36302,
2026-07-17,NSE,RELIANCE,raw_l2/trade_date=2026-07-17/exchange=NSE/symbol=RELIANCE/part-043445_359741-006842.parquet,real_data_sample\l2_unseen_validation\trade_date=2026-07-17\exchange=NSE\symbol=RELIANCE\part-043445_359741-006842.parquet,36567,downloaded,36567,
2026-07-17,NSE,RELIANCE,raw_l2/trade_date=2026-07-17/exchange=NSE/symbol=RELIANCE/part-043349_504253-006714.parquet,real_data_sample\l2_unseen_validation\trade_date=2026-07-17\exchange=NSE\symbol=RELIANCE\part-043349_504253-006714.parquet,34720,downloaded,34720,
2026-07-17,NSE,RELIANCE,raw_l2/trade_date=2026-07-17/exchange=NSE/symbol=RELIANCE/part-043554_696313-007002.parquet,real_data_sample\l2_unseen_validation\trade_date=2026-07-17\exchange=NSE\symbol=RELIANCE\part-043554_696313-007002.parquet,35969,downloaded,35969,
2026-07-17,NSE,RELIANCE,raw_l2/trade_date=2026-07-17/exchange=NSE/symbol=RELIANCE/part-043417_508549-006778.parquet,real_data_sample\l2_unseen_validation\trade_date=2026-07-17\exchange=NSE\symbol=RELIANCE\part-043417_508549-006778.parquet,35238,downloaded,35238,
2026-07-17,NSE,RELIANCE,raw_l2/trade_date=2026-07-17/exchange=NSE/symbol=RELIANCE/part-043403_370174-006746.parquet,real_data_sample\l2_unseen_validation\trade_date=2026-07-17\exchange=NSE\symbol=RELIANCE\part-043403_370174-006746.parquet,34724,downloaded,34724,
2026-07-17,NSE,RELIANCE,raw_l2/trade_date=2026-07-17/exchange=NSE/symbol=RELIANCE/part-043512_916332-006906.parquet,real_data_sample\l2_unseen_validation\trade_date=2026-07-17\exchange=NSE\symbol=RELIANCE\part-043512_916332-006906.parquet,36536,downloaded,36536,
2026-07-17,NSE,RELIANCE,raw_l2/trade_date=2026-07-17/exchange=NSE/symbol=RELIANCE/part-043431_494428-006810.parquet,real_data_sample\l2_unseen_validation\trade_date=2026-07-17\exchange=NSE\symbol=RELIANCE\part-043431_494428-006810.parquet,36370,downloaded,36370,
2026-07-17,NSE,RELIANCE,raw_l2/trade_date=2026-07-17/exchange=NSE/symbol=RELIANCE/part-043608_673029-007034.parquet,real_data_sample\l2_unseen_validation\trade_date=2026-07-17\exchange=NSE\symbol=RELIANCE\part-043608_673029-007034.parquet,36109,downloaded,36109,
2026-07-17,NSE,RELIANCE,raw_l2/trade_date=2026-07-17/exchange=NSE/symbol=RELIANCE/part-043622_571178-007066.parquet,real_data_sample\l2_unseen_validation\trade_date=2026-07-17\exchange=NSE\symbol=RELIANCE\part-043622_571178-007066.parquet,35938,downloaded,35938,
2026-07-17,NSE,RELIANCE,raw_l2/trade_date=2026-07-17/exchange=NSE/symbol=RELIANCE/part-043636_636362-007098.parquet,real_data_sample\l2_unseen_validation\trade_date=2026-07-17\exchange=NSE\symbol=RELIANCE\part-043636_636362-007098.parquet,35891,downloaded,35891,
2026-07-17,NSE,RELIANCE,raw_l2/trade_date=2026-07-17/exchange=NSE/symbol=RELIANCE/part-043704_720532-007162.parquet,real_data_sample\l2_unseen_validation\trade_date=2026-07-17\exchange=NSE\symbol=RELIANCE\part-043704_720532-007162.parquet,36475,downloaded,36475,
2026-07-17,NSE,RELIANCE,raw_l2/trade_date=2026-07-17/exchange=NSE/symbol=RELIANCE/part-043650_804984-007130.parquet,real_data_sample\l2_unseen_validation\trade_date=2026-07-17\exchange=NSE\symbol=RELIANCE\part-043650_804984-007130.parquet,36044,downloaded,36044,
2026-07-17,NSE,RELIANCE,raw_l2/trade_date=2026-07-17/exchange=NSE/symbol=RELIANCE/part-043718_584621-007194.parquet,real_data_sample\l2_unseen_validation\trade_date=2026-07-17\exchange=NSE\symbol=RELIANCE\part-043718_584621-007194.parquet,36105,downloaded,36105,
2026-07-17,NSE,RELIANCE,raw_l2/trade_date=2026-07-17/exchange=NSE/symbol=RELIANCE/part-043732_496372-007226.parquet,real_data_sample\l2_unseen_validation\trade_date=2026-07-17\exchange=NSE\symbol=RELIANCE\part-043732_496372-007226.parquet,36018,downloaded,36018,
2026-07-17,NSE,RELIANCE,raw_l2/trade_date=2026-07-17/exchange=NSE/symbol=RELIANCE/part-043746_357470-007258.parquet,real_data_sample\l2_unseen_validation\trade_date=2026-07-17\exchange=NSE\symbol=RELIANCE\part-043746_357470-007258.parquet,36178,downloaded,36178,
2026-07-17,NSE,RELIANCE,raw_l2/trade_date=2026-07-17/exchange=NSE/symbol=RELIANCE/part-043800_060190-007290.parquet,real_data_sample\l2_unseen_validation\trade_date=2026-07-17\exchange=NSE\symbol=RELIANCE\part-043800_060190-007290.parquet,36506,downloaded,36506,
2026-07-17,NSE,RELIANCE,raw_l2/trade_date=2026-07-17/exchange=NSE/symbol=RELIANCE/part-043828_484975-007354.parquet,real_data_sample\l2_unseen_validation\trade_date=2026-07-17\exchange=NSE\symbol=RELIANCE\part-043828_484975-007354.parquet,36207,downloaded,36207,
2026-07-17,NSE,RELIANCE,raw_l2/trade_date=2026-07-17/exchange=NSE/symbol=RELIANCE/part-043842_630490-007386.parquet,real_data_sample\l2_unseen_validation\trade_date=2026-07-17\exchange=NSE\symbol=RELIANCE\part-043842_630490-007386.parquet,36291,downloaded,36291,
2026-07-17,NSE,RELIANCE,raw_l2/trade_date=2026-07-17/exchange=NSE/symbol=RELIANCE/part-043814_458159-007322.parquet,real_data_sample\l2_unseen_validation\trade_date=2026-07-17\exchange=NSE\symbol=RELIANCE\part-043814_458159-007322.parquet,36315,downloaded,36315,
2026-07-17,NSE,RELIANCE,raw_l2/trade_date=2026-07-17/exchange=NSE/symbol=RELIANCE/part-043910_568785-007450.parquet,real_data_sample\l2_unseen_validation\trade_date=2026-07-17\exchange=NSE\symbol=RELIANCE\part-043910_568785-007450.parquet,36151,downloaded,36151,
2026-07-17,NSE,RELIANCE,raw_l2/trade_date=2026-07-17/exchange=NSE/symbol=RELIANCE/part-043856_771427-007418.parquet,real_data_sample\l2_unseen_validation\trade_date=2026-07-17\exchange=NSE\symbol=RELIANCE\part-043856_771427-007418.parquet,36020,downloaded,36020,
2026-07-17,NSE,RELIANCE,raw_l2/trade_date=2026-07-17/exchange=NSE/symbol=RELIANCE/part-043540_702276-006970.parquet,real_data_sample\l2_unseen_validation\trade_date=2026-07-17\exchange=NSE\symbol=RELIANCE\part-043540_702276-006970.parquet,36116,downloaded,36116,
2026-07-17,NSE,RELIANCE,raw_l2/trade_date=2026-07-17/exchange=NSE/symbol=RELIANCE/part-043924_192604-007482.parquet,real_data_sample\l2_unseen_validation\trade_date=2026-07-17\exchange=NSE\symbol=RELIANCE\part-043924_192604-007482.parquet,35934,downloaded,35934,
2026-07-17,NSE,RELIANCE,raw_l2/trade_date=2026-07-17/exchange=NSE/symbol=RELIANCE/part-043937_761463-007514.parquet,real_data_sample\l2_unseen_validation\trade_date=2026-07-17\exchange=NSE\symbol=RELIANCE\part-043937_761463-007514.parquet,36063,downloaded,36063,
2026-07-17,NSE,RELIANCE,raw_l2/trade_date=2026-07-17/exchange=NSE/symbol=RELIANCE/part-044114_015341-007738.parquet,real_data_sample\l2_unseen_validation\trade_date=2026-07-17\exchange=NSE\symbol=RELIANCE\part-044114_015341-007738.parquet,36037,downloaded,36037,
2026-07-17,NSE,RELIANCE,raw_l2/trade_date=2026-07-17/exchange=NSE/symbol=RELIANCE/part-044127_747152-007770.parquet,real_data_sample\l2_unseen_validation\trade_date=2026-07-17\exchange=NSE\symbol=RELIANCE\part-044127_747152-007770.parquet,35729,downloaded,35729,
2026-07-17,NSE,RELIANCE,raw_l2/trade_date=2026-07-17/exchange=NSE/symbol=RELIANCE/part-044155_234617-007834.parquet,real_data_sample\l2_unseen_validation\trade_date=2026-07-17\exchange=NSE\symbol=RELIANCE\part-044155_234617-007834.parquet,36017,downloaded,36017,
2026-07-17,NSE,RELIANCE,raw_l2/trade_date=2026-07-17/exchange=NSE/symbol=RELIANCE/part-044046_514310-007674.parquet,real_data_sample\l2_unseen_validation\trade_date=2026-07-17\exchange=NSE\symbol=RELIANCE\part-044046_514310-007674.parquet,35994,downloaded,35994,
2026-07-17,NSE,RELIANCE,raw_l2/trade_date=2026-07-17/exchange=NSE/symbol=RELIANCE/part-044141_532002-007802.parquet,real_data_sample\l2_unseen_validation\trade_date=2026-07-17\exchange=NSE\symbol=RELIANCE\part-044141_532002-007802.parquet,35855,downloaded,35855,
2026-07-17,NSE,RELIANCE,raw_l2/trade_date=2026-07-17/exchange=NSE/symbol=RELIANCE/part-044019_125947-007610.parquet,real_data_sample\l2_unseen_validation\trade_date=2026-07-17\exchange=NSE\symbol=RELIANCE\part-044019_125947-007610.parquet,35869,downloaded,35869,
2026-07-17,NSE,RELIANCE,raw_l2/trade_date=2026-07-17/exchange=NSE/symbol=RELIANCE/part-044032_847530-007642.parquet,real_data_sample\l2_unseen_validation\trade_date=2026-07-17\exchange=NSE\symbol=RELIANCE\part-044032_847530-007642.parquet,35888,downloaded,35888,
2026-07-17,NSE,RELIANCE,raw_l2/trade_date=2026-07-17/exchange=NSE/symbol=RELIANCE/part-044209_072508-007866.parquet,real_data_sample\l2_unseen_validation\trade_date=2026-07-17\exchange=NSE\symbol=RELIANCE\part-044209_072508-007866.parquet,36073,downloaded,36073,
2026-07-17,NSE,RELIANCE,raw_l2/trade_date=2026-07-17/exchange=NSE/symbol=RELIANCE/part-044100_216384-007706.parquet,real_data_sample\l2_unseen_validation\trade_date=2026-07-17\exchange=NSE\symbol=RELIANCE\part-044100_216384-007706.parquet,35877,downloaded,35877,
2026-07-17,NSE,RELIANCE,raw_l2/trade_date=2026-07-17/exchange=NSE/symbol=RELIANCE/part-044005_315468-007578.parquet,real_data_sample\l2_unseen_validation\trade_date=2026-07-17\exchange=NSE\symbol=RELIANCE\part-044005_315468-007578.parquet,36383,downloaded,36383,
2026-07-17,NSE,RELIANCE,raw_l2/trade_date=2026-07-17/exchange=NSE/symbol=RELIANCE/part-044236_907736-007930.parquet,real_data_sample\l2_unseen_validation\trade_date=2026-07-17\exchange=NSE\symbol=RELIANCE\part-044236_907736-007930.parquet,36176,downloaded,36176,
2026-07-17,NSE,RELIANCE,raw_l2/trade_date=2026-07-17/exchange=NSE/symbol=RELIANCE/part-044222_864015-007898.parquet,real_data_sample\l2_unseen_validation\trade_date=2026-07-17\exchange=NSE\symbol=RELIANCE\part-044222_864015-007898.parquet,36220,downloaded,36220,
2026-07-17,NSE,RELIANCE,raw_l2/trade_date=2026-07-17/exchange=NSE/symbol=RELIANCE/part-044427_499138-008186.parquet,real_data_sample\l2_unseen_validation\trade_date=2026-07-17\exchange=NSE\symbol=RELIANCE\part-044427_499138-008186.parquet,35750,downloaded,35750,
2026-07-17,NSE,RELIANCE,raw_l2/trade_date=2026-07-17/exchange=NSE/symbol=RELIANCE/part-044250_907937-007962.parquet,real_data_sample\l2_unseen_validation\trade_date=2026-07-17\exchange=NSE\symbol=RELIANCE\part-044250_907937-007962.parquet,36041,downloaded,36041,
2026-07-17,NSE,RELIANCE,raw_l2/trade_date=2026-07-17/exchange=NSE/symbol=RELIANCE/part-044304_829983-007994.parquet,real_data_sample\l2_unseen_validation\trade_date=2026-07-17\exchange=NSE\symbol=RELIANCE\part-044304_829983-007994.parquet,36219,downloaded,36219,
2026-07-17,NSE,RELIANCE,raw_l2/trade_date=2026-07-17/exchange=NSE/symbol=RELIANCE/part-044413_857247-008154.parquet,real_data_sample\l2_unseen_validation\trade_date=2026-07-17\exchange=NSE\symbol=RELIANCE\part-044413_857247-008154.parquet,34707,downloaded,34707,
2026-07-17,NSE,RELIANCE,raw_l2/trade_date=2026-07-17/exchange=NSE/symbol=RELIANCE/part-044400_117596-008122.parquet,real_data_sample\l2_unseen_validation\trade_date=2026-07-17\exchange=NSE\symbol=RELIANCE\part-044400_117596-008122.parquet,34739,downloaded,34739,
2026-07-17,NSE,RELIANCE,raw_l2/trade_date=2026-07-17/exchange=NSE/symbol=RELIANCE/part-044318_562362-008026.parquet,real_data_sample\l2_unseen_validation\trade_date=2026-07-17\exchange=NSE\symbol=RELIANCE\part-044318_562362-008026.parquet,35510,downloaded,35510,
2026-07-17,NSE,RELIANCE,raw_l2/trade_date=2026-07-17/exchange=NSE/symbol=RELIANCE/part-044346_300999-008090.parquet,real_data_sample\l2_unseen_validation\trade_date=2026-07-17\exchange=NSE\symbol=RELIANCE\part-044346_300999-008090.parquet,34940,downloaded,34940,
2026-07-17,NSE,RELIANCE,raw_l2/trade_date=2026-07-17/exchange=NSE/symbol=RELIANCE/part-044332_579817-008058.parquet,real_data_sample\l2_unseen_validation\trade_date=2026-07-17\exchange=NSE\symbol=RELIANCE\part-044332_579817-008058.parquet,34687,downloaded,34687,
2026-07-17,NSE,RELIANCE,raw_l2/trade_date=2026-07-17/exchange=NSE/symbol=RELIANCE/part-044441_537333-008218.parquet,real_data_sample\l2_unseen_validation\trade_date=2026-07-17\exchange=NSE\symbol=RELIANCE\part-044441_537333-008218.parquet,35571,downloaded,35571,
2026-07-17,NSE,RELIANCE,raw_l2/trade_date=2026-07-17/exchange=NSE/symbol=RELIANCE/part-044455_301409-008250.parquet,real_data_sample\l2_unseen_validation\trade_date=2026-07-17\exchange=NSE\symbol=RELIANCE\part-044455_301409-008250.parquet,35846,downloaded,35846,
2026-07-17,NSE,RELIANCE,raw_l2/trade_date=2026-07-17/exchange=NSE/symbol=RELIANCE/part-044509_076918-008282.parquet,real_data_sample\l2_unseen_validation\trade_date=2026-07-17\exchange=NSE\symbol=RELIANCE\part-044509_076918-008282.parquet,36031,downloaded,36031,
2026-07-17,NSE,RELIANCE,raw_l2/trade_date=2026-07-17/exchange=NSE/symbol=RELIANCE/part-044522_872459-008314.parquet,real_data_sample\l2_unseen_validation\trade_date=2026-07-17\exchange=NSE\symbol=RELIANCE\part-044522_872459-008314.parquet,36045,downloaded,36045,
2026-07-17,NSE,RELIANCE,raw_l2/trade_date=2026-07-17/exchange=NSE/symbol=RELIANCE/part-044604_270334-008410.parquet,real_data_sample\l2_unseen_validation\trade_date=2026-07-17\exchange=NSE\symbol=RELIANCE\part-044604_270334-008410.parquet,35572,downloaded,35572,
2026-07-17,NSE,RELIANCE,raw_l2/trade_date=2026-07-17/exchange=NSE/symbol=RELIANCE/part-044550_344427-008378.parquet,real_data_sample\l2_unseen_validation\trade_date=2026-07-17\exchange=NSE\symbol=RELIANCE\part-044550_344427-008378.parquet,36048,downloaded,36048,
2026-07-17,NSE,RELIANCE,raw_l2/trade_date=2026-07-17/exchange=NSE/symbol=RELIANCE/part-044536_527865-008346.parquet,real_data_sample\l2_unseen_validation\trade_date=2026-07-17\exchange=NSE\symbol=RELIANCE\part-044536_527865-008346.parquet,36269,downloaded,36269,
2026-07-17,NSE,RELIANCE,raw_l2/trade_date=2026-07-17/exchange=NSE/symbol=RELIANCE/part-044659_631802-008538.parquet,real_data_sample\l2_unseen_validation\trade_date=2026-07-17\exchange=NSE\symbol=RELIANCE\part-044659_631802-008538.parquet,34867,downloaded,34867,
2026-07-17,NSE,RELIANCE,raw_l2/trade_date=2026-07-17/exchange=NSE/symbol=RELIANCE/part-044713_349257-008570.parquet,real_data_sample\l2_unseen_validation\trade_date=2026-07-17\exchange=NSE\symbol=RELIANCE\part-044713_349257-008570.parquet,34830,downloaded,34830,
2026-07-17,NSE,RELIANCE,raw_l2/trade_date=2026-07-17/exchange=NSE/symbol=RELIANCE/part-044727_065688-008602.parquet,real_data_sample\l2_unseen_validation\trade_date=2026-07-17\exchange=NSE\symbol=RELIANCE\part-044727_065688-008602.parquet,36010,downloaded,36010,
2026-07-17,NSE,RELIANCE,raw_l2/trade_date=2026-07-17/exchange=NSE/symbol=RELIANCE/part-044741_148173-008634.parquet,real_data_sample\l2_unseen_validation\trade_date=2026-07-17\exchange=NSE\symbol=RELIANCE\part-044741_148173-008634.parquet,36685,downloaded,36685,
2026-07-17,NSE,RELIANCE,raw_l2/trade_date=2026-07-17/exchange=NSE/symbol=RELIANCE/part-044755_016559-008666.parquet,real_data_sample\l2_unseen_validation\trade_date=2026-07-17\exchange=NSE\symbol=RELIANCE\part-044755_016559-008666.parquet,36251,downloaded,36251,
2026-07-17,NSE,RELIANCE,raw_l2/trade_date=2026-07-17/exchange=NSE/symbol=RELIANCE/part-044631_809161-008474.parquet,real_data_sample\l2_unseen_validation\trade_date=2026-07-17\exchange=NSE\symbol=RELIANCE\part-044631_809161-008474.parquet,34863,downloaded,34863,
2026-07-17,NSE,RELIANCE,raw_l2/trade_date=2026-07-17/exchange=NSE/symbol=RELIANCE/part-044645_852621-008506.parquet,real_data_sample\l2_unseen_validation\trade_date=2026-07-17\exchange=NSE\symbol=RELIANCE\part-044645_852621-008506.parquet,34641,downloaded,34641,
2026-07-17,NSE,RELIANCE,raw_l2/trade_date=2026-07-17/exchange=NSE/symbol=RELIANCE/part-045231_375297-009306.parquet,real_data_sample\l2_unseen_validation\trade_date=2026-07-17\exchange=NSE\symbol=RELIANCE\part-045231_375297-009306.parquet,35627,downloaded,35627,
2026-07-17,NSE,RELIANCE,raw_l2/trade_date=2026-07-17/exchange=NSE/symbol=RELIANCE/part-043951_569246-007546.parquet,real_data_sample\l2_unseen_validation\trade_date=2026-07-17\exchange=NSE\symbol=RELIANCE\part-043951_569246-007546.parquet,36590,downloaded,36590,
2026-07-17,NSE,RELIANCE,raw_l2/trade_date=2026-07-17/exchange=NSE/symbol=RELIANCE/part-045026_390900-009018.parquet,real_data_sample\l2_unseen_validation\trade_date=2026-07-17\exchange=NSE\symbol=RELIANCE\part-045026_390900-009018.parquet,35990,downloaded,35990,
2026-07-17,NSE,RELIANCE,raw_l2/trade_date=2026-07-17/exchange=NSE/symbol=RELIANCE/part-045203_722433-009242.parquet,real_data_sample\l2_unseen_validation\trade_date=2026-07-17\exchange=NSE\symbol=RELIANCE\part-045203_722433-009242.parquet,35782,downloaded,35782,
2026-07-17,NSE,RELIANCE,raw_l2/trade_date=2026-07-17/exchange=NSE/symbol=RELIANCE/part-044808_812091-008698.parquet,real_data_sample\l2_unseen_validation\trade_date=2026-07-17\exchange=NSE\symbol=RELIANCE\part-044808_812091-008698.parquet,36072,downloaded,36072,
2026-07-17,NSE,RELIANCE,raw_l2/trade_date=2026-07-17/exchange=NSE/symbol=RELIANCE/part-045217_508374-009274.parquet,real_data_sample\l2_unseen_validation\trade_date=2026-07-17\exchange=NSE\symbol=RELIANCE\part-045217_508374-009274.parquet,35864,downloaded,35864,
2026-07-17,NSE,RELIANCE,raw_l2/trade_date=2026-07-17/exchange=NSE/symbol=RELIANCE/part-044945_324961-008922.parquet,real_data_sample\l2_unseen_validation\trade_date=2026-07-17\exchange=NSE\symbol=RELIANCE\part-044945_324961-008922.parquet,36550,downloaded,36550,
2026-07-17,NSE,RELIANCE,raw_l2/trade_date=2026-07-17/exchange=NSE/symbol=RELIANCE/part-045245_179381-009338.parquet,real_data_sample\l2_unseen_validation\trade_date=2026-07-17\exchange=NSE\symbol=RELIANCE\part-045245_179381-009338.parquet,36314,downloaded,36314,
2026-07-17,NSE,RELIANCE,raw_l2/trade_date=2026-07-17/exchange=NSE/symbol=RELIANCE/part-045053_735550-009082.parquet,real_data_sample\l2_unseen_validation\trade_date=2026-07-17\exchange=NSE\symbol=RELIANCE\part-045053_735550-009082.parquet,35772,downloaded,35772,
2026-07-17,NSE,RELIANCE,raw_l2/trade_date=2026-07-17/exchange=NSE/symbol=RELIANCE/part-045012_793656-008986.parquet,real_data_sample\l2_unseen_validation\trade_date=2026-07-17\exchange=NSE\symbol=RELIANCE\part-045012_793656-008986.parquet,35556,downloaded,35556,
2026-07-17,NSE,RELIANCE,raw_l2/trade_date=2026-07-17/exchange=NSE/symbol=RELIANCE/part-045121_845861-009146.parquet,real_data_sample\l2_unseen_validation\trade_date=2026-07-17\exchange=NSE\symbol=RELIANCE\part-045121_845861-009146.parquet,36610,downloaded,36610,
2026-07-17,NSE,RELIANCE,raw_l2/trade_date=2026-07-17/exchange=NSE/symbol=RELIANCE/part-044836_554026-008762.parquet,real_data_sample\l2_unseen_validation\trade_date=2026-07-17\exchange=NSE\symbol=RELIANCE\part-044836_554026-008762.parquet,36746,downloaded,36746,
2026-07-17,NSE,RELIANCE,raw_l2/trade_date=2026-07-17/exchange=NSE/symbol=RELIANCE/part-044822_655196-008730.parquet,real_data_sample\l2_unseen_validation\trade_date=2026-07-17\exchange=NSE\symbol=RELIANCE\part-044822_655196-008730.parquet,36133,downloaded,36133,
2026-07-17,NSE,RELIANCE,raw_l2/trade_date=2026-07-17/exchange=NSE/symbol=RELIANCE/part-044917_808531-008858.parquet,real_data_sample\l2_unseen_validation\trade_date=2026-07-17\exchange=NSE\symbol=RELIANCE\part-044917_808531-008858.parquet,35636,downloaded,35636,
2026-07-17,NSE,RELIANCE,raw_l2/trade_date=2026-07-17/exchange=NSE/symbol=RELIANCE/part-044850_282131-008794.parquet,real_data_sample\l2_unseen_validation\trade_date=2026-07-17\exchange=NSE\symbol=RELIANCE\part-044850_282131-008794.parquet,35862,downloaded,35862,
2026-07-17,NSE,RELIANCE,raw_l2/trade_date=2026-07-17/exchange=NSE/symbol=RELIANCE/part-045040_031789-009050.parquet,real_data_sample\l2_unseen_validation\trade_date=2026-07-17\exchange=NSE\symbol=RELIANCE\part-045040_031789-009050.parquet,36341,downloaded,36341,
2026-07-17,NSE,RELIANCE,raw_l2/trade_date=2026-07-17/exchange=NSE/symbol=RELIANCE/part-045149_703665-009210.parquet,real_data_sample\l2_unseen_validation\trade_date=2026-07-17\exchange=NSE\symbol=RELIANCE\part-045149_703665-009210.parquet,35957,downloaded,35957,
2026-07-17,NSE,RELIANCE,raw_l2/trade_date=2026-07-17/exchange=NSE/symbol=RELIANCE/part-045107_775117-009114.parquet,real_data_sample\l2_unseen_validation\trade_date=2026-07-17\exchange=NSE\symbol=RELIANCE\part-045107_775117-009114.parquet,36449,downloaded,36449,
2026-07-17,NSE,RELIANCE,raw_l2/trade_date=2026-07-17/exchange=NSE/symbol=RELIANCE/part-044904_006783-008826.parquet,real_data_sample\l2_unseen_validation\trade_date=2026-07-17\exchange=NSE\symbol=RELIANCE\part-044904_006783-008826.parquet,36080,downloaded,36080,
2026-07-17,NSE,RELIANCE,raw_l2/trade_date=2026-07-17/exchange=NSE/symbol=RELIANCE/part-045135_749150-009178.parquet,real_data_sample\l2_unseen_validation\trade_date=2026-07-17\exchange=NSE\symbol=RELIANCE\part-045135_749150-009178.parquet,35678,downloaded,35678,
2026-07-17,NSE,RELIANCE,raw_l2/trade_date=2026-07-17/exchange=NSE/symbol=RELIANCE/part-044959_027643-008954.parquet,real_data_sample\l2_unseen_validation\trade_date=2026-07-17\exchange=NSE\symbol=RELIANCE\part-044959_027643-008954.parquet,35790,downloaded,35790,
2026-07-17,NSE,RELIANCE,raw_l2/trade_date=2026-07-17/exchange=NSE/symbol=RELIANCE/part-044931_524043-008890.parquet,real_data_sample\l2_unseen_validation\trade_date=2026-07-17\exchange=NSE\symbol=RELIANCE\part-044931_524043-008890.parquet,36352,downloaded,36352,
2026-07-17,NSE,RELIANCE,raw_l2/trade_date=2026-07-17/exchange=NSE/symbol=RELIANCE/part-043225_420315-006522.parquet,real_data_sample\l2_unseen_validation\trade_date=2026-07-17\exchange=NSE\symbol=RELIANCE\part-043225_420315-006522.parquet,36070,downloaded,36070,
2026-07-17,NSE,RELIANCE,raw_l2/trade_date=2026-07-17/exchange=NSE/symbol=RELIANCE/part-044618_048517-008442.parquet,real_data_sample\l2_unseen_validation\trade_date=2026-07-17\exchange=NSE\symbol=RELIANCE\part-044618_048517-008442.parquet,35332,downloaded,35332,
2026-07-17,NSE,RELIANCE,raw_l2/trade_date=2026-07-17/exchange=NSE/symbol=RELIANCE/part-045313_214495-009402.parquet,real_data_sample\l2_unseen_validation\trade_date=2026-07-17\exchange=NSE\symbol=RELIANCE\part-045313_214495-009402.parquet,35914,downloaded,35914,
2026-07-17,NSE,RELIANCE,raw_l2/trade_date=2026-07-17/exchange=NSE/symbol=RELIANCE/part-045422_976153-009562.parquet,real_data_sample\l2_unseen_validation\trade_date=2026-07-17\exchange=NSE\symbol=RELIANCE\part-045422_976153-009562.parquet,34800,downloaded,34800,
2026-07-17,NSE,RELIANCE,raw_l2/trade_date=2026-07-17/exchange=NSE/symbol=RELIANCE/part-045354_935956-009498.parquet,real_data_sample\l2_unseen_validation\trade_date=2026-07-17\exchange=NSE\symbol=RELIANCE\part-045354_935956-009498.parquet,34701,downloaded,34701,
2026-07-17,NSE,RELIANCE,raw_l2/trade_date=2026-07-17/exchange=NSE/symbol=RELIANCE/part-045408_907784-009530.parquet,real_data_sample\l2_unseen_validation\trade_date=2026-07-17\exchange=NSE\symbol=RELIANCE\part-045408_907784-009530.parquet,34824,downloaded,34824,
2026-07-17,NSE,RELIANCE,raw_l2/trade_date=2026-07-17/exchange=NSE/symbol=RELIANCE/part-045437_008528-009594.parquet,real_data_sample\l2_unseen_validation\trade_date=2026-07-17\exchange=NSE\symbol=RELIANCE\part-045437_008528-009594.parquet,34629,downloaded,34629,
2026-07-17,NSE,RELIANCE,raw_l2/trade_date=2026-07-17/exchange=NSE/symbol=RELIANCE/part-045340_896748-009466.parquet,real_data_sample\l2_unseen_validation\trade_date=2026-07-17\exchange=NSE\symbol=RELIANCE\part-045340_896748-009466.parquet,34817,downloaded,34817,
2026-07-17,NSE,RELIANCE,raw_l2/trade_date=2026-07-17/exchange=NSE/symbol=RELIANCE/part-045451_039834-009626.parquet,real_data_sample\l2_unseen_validation\trade_date=2026-07-17\exchange=NSE\symbol=RELIANCE\part-045451_039834-009626.parquet,34677,downloaded,34677,
2026-07-17,NSE,RELIANCE,raw_l2/trade_date=2026-07-17/exchange=NSE/symbol=RELIANCE/part-045259_186491-009370.parquet,real_data_sample\l2_unseen_validation\trade_date=2026-07-17\exchange=NSE\symbol=RELIANCE\part-045259_186491-009370.parquet,36127,downloaded,36127,
2026-07-17,NSE,RELIANCE,raw_l2/trade_date=2026-07-17/exchange=NSE/symbol=RELIANCE/part-045327_105092-009434.parquet,real_data_sample\l2_unseen_validation\trade_date=2026-07-17\exchange=NSE\symbol=RELIANCE\part-045327_105092-009434.parquet,34689,downloaded,34689,
2026-07-17,NSE,RELIANCE,raw_l2/trade_date=2026-07-17/exchange=NSE/symbol=RELIANCE/part-045657_834835-009914.parquet,real_data_sample\l2_unseen_validation\trade_date=2026-07-17\exchange=NSE\symbol=RELIANCE\part-045657_834835-009914.parquet,34781,downloaded,34781,
2026-07-17,NSE,RELIANCE,raw_l2/trade_date=2026-07-17/exchange=NSE/symbol=RELIANCE/part-045547_153966-009754.parquet,real_data_sample\l2_unseen_validation\trade_date=2026-07-17\exchange=NSE\symbol=RELIANCE\part-045547_153966-009754.parquet,34750,downloaded,34750,
2026-07-17,NSE,RELIANCE,raw_l2/trade_date=2026-07-17/exchange=NSE/symbol=RELIANCE/part-045615_181441-009818.parquet,real_data_sample\l2_unseen_validation\trade_date=2026-07-17\exchange=NSE\symbol=RELIANCE\part-045615_181441-009818.parquet,34685,downloaded,34685,
2026-07-17,NSE,RELIANCE,raw_l2/trade_date=2026-07-17/exchange=NSE/symbol=RELIANCE/part-045643_948837-009882.parquet,real_data_sample\l2_unseen_validation\trade_date=2026-07-17\exchange=NSE\symbol=RELIANCE\part-045643_948837-009882.parquet,34559,downloaded,34559,
2026-07-17,NSE,RELIANCE,raw_l2/trade_date=2026-07-17/exchange=NSE/symbol=RELIANCE/part-045519_264273-009690.parquet,real_data_sample\l2_unseen_validation\trade_date=2026-07-17\exchange=NSE\symbol=RELIANCE\part-045519_264273-009690.parquet,34694,downloaded,34694,
2026-07-17,NSE,RELIANCE,raw_l2/trade_date=2026-07-17/exchange=NSE/symbol=RELIANCE/part-045533_183045-009722.parquet,real_data_sample\l2_unseen_validation\trade_date=2026-07-17\exchange=NSE\symbol=RELIANCE\part-045533_183045-009722.parquet,34555,downloaded,34555,
2026-07-17,NSE,RELIANCE,raw_l2/trade_date=2026-07-17/exchange=NSE/symbol=RELIANCE/part-045740_229565-010010.parquet,real_data_sample\l2_unseen_validation\trade_date=2026-07-17\exchange=NSE\symbol=RELIANCE\part-045740_229565-010010.parquet,35734,downloaded,35734,
2026-07-17,NSE,RELIANCE,raw_l2/trade_date=2026-07-17/exchange=NSE/symbol=RELIANCE/part-045601_209776-009786.parquet,real_data_sample\l2_unseen_validation\trade_date=2026-07-17\exchange=NSE\symbol=RELIANCE\part-045601_209776-009786.parquet,34794,downloaded,34794,
2026-07-17,NSE,RELIANCE,raw_l2/trade_date=2026-07-17/exchange=NSE/symbol=RELIANCE/part-045629_512643-009850.parquet,real_data_sample\l2_unseen_validation\trade_date=2026-07-17\exchange=NSE\symbol=RELIANCE\part-045629_512643-009850.parquet,34688,downloaded,34688,
2026-07-17,NSE,RELIANCE,raw_l2/trade_date=2026-07-17/exchange=NSE/symbol=RELIANCE/part-045726_255950-009978.parquet,real_data_sample\l2_unseen_validation\trade_date=2026-07-17\exchange=NSE\symbol=RELIANCE\part-045726_255950-009978.parquet,36279,downloaded,36279,
2026-07-17,NSE,RELIANCE,raw_l2/trade_date=2026-07-17/exchange=NSE/symbol=RELIANCE/part-045808_676532-010074.parquet,real_data_sample\l2_unseen_validation\trade_date=2026-07-17\exchange=NSE\symbol=RELIANCE\part-045808_676532-010074.parquet,36351,downloaded,36351,
2026-07-17,NSE,RELIANCE,raw_l2/trade_date=2026-07-17/exchange=NSE/symbol=RELIANCE/part-045712_144153-009946.parquet,real_data_sample\l2_unseen_validation\trade_date=2026-07-17\exchange=NSE\symbol=RELIANCE\part-045712_144153-009946.parquet,34843,downloaded,34843,
2026-07-17,NSE,RELIANCE,raw_l2/trade_date=2026-07-17/exchange=NSE/symbol=RELIANCE/part-045754_469001-010042.parquet,real_data_sample\l2_unseen_validation\trade_date=2026-07-17\exchange=NSE\symbol=RELIANCE\part-045754_469001-010042.parquet,36118,downloaded,36118,
2026-07-17,NSE,RELIANCE,raw_l2/trade_date=2026-07-17/exchange=NSE/symbol=RELIANCE/part-045836_835616-010138.parquet,real_data_sample\l2_unseen_validation\trade_date=2026-07-17\exchange=NSE\symbol=RELIANCE\part-045836_835616-010138.parquet,36158,downloaded,36158,
2026-07-17,NSE,RELIANCE,raw_l2/trade_date=2026-07-17/exchange=NSE/symbol=RELIANCE/part-045822_642097-010106.parquet,real_data_sample\l2_unseen_validation\trade_date=2026-07-17\exchange=NSE\symbol=RELIANCE\part-045822_642097-010106.parquet,36418,downloaded,36418,
2026-07-17,NSE,RELIANCE,raw_l2/trade_date=2026-07-17/exchange=NSE/symbol=RELIANCE/part-045904_810075-010202.parquet,real_data_sample\l2_unseen_validation\trade_date=2026-07-17\exchange=NSE\symbol=RELIANCE\part-045904_810075-010202.parquet,36100,downloaded,36100,
2026-07-17,NSE,RELIANCE,raw_l2/trade_date=2026-07-17/exchange=NSE/symbol=RELIANCE/part-045851_118335-010170.parquet,real_data_sample\l2_unseen_validation\trade_date=2026-07-17\exchange=NSE\symbol=RELIANCE\part-045851_118335-010170.parquet,36257,downloaded,36257,
2026-07-17,NSE,RELIANCE,raw_l2/trade_date=2026-07-17/exchange=NSE/symbol=RELIANCE/part-045918_654397-010234.parquet,real_data_sample\l2_unseen_validation\trade_date=2026-07-17\exchange=NSE\symbol=RELIANCE\part-045918_654397-010234.parquet,36215,downloaded,36215,
2026-07-17,NSE,RELIANCE,raw_l2/trade_date=2026-07-17/exchange=NSE/symbol=RELIANCE/part-045947_119493-010298.parquet,real_data_sample\l2_unseen_validation\trade_date=2026-07-17\exchange=NSE\symbol=RELIANCE\part-045947_119493-010298.parquet,36519,downloaded,36519,
2026-07-17,NSE,RELIANCE,raw_l2/trade_date=2026-07-17/exchange=NSE/symbol=RELIANCE/part-045933_025203-010266.parquet,real_data_sample\l2_unseen_validation\trade_date=2026-07-17\exchange=NSE\symbol=RELIANCE\part-045933_025203-010266.parquet,36211,downloaded,36211,
2026-07-17,NSE,RELIANCE,raw_l2/trade_date=2026-07-17/exchange=NSE/symbol=RELIANCE/part-050029_126885-010394.parquet,real_data_sample\l2_unseen_validation\trade_date=2026-07-17\exchange=NSE\symbol=RELIANCE\part-050029_126885-010394.parquet,35626,downloaded,35626,
2026-07-17,NSE,RELIANCE,raw_l2/trade_date=2026-07-17/exchange=NSE/symbol=RELIANCE/part-050056_933362-010458.parquet,real_data_sample\l2_unseen_validation\trade_date=2026-07-17\exchange=NSE\symbol=RELIANCE\part-050056_933362-010458.parquet,35772,downloaded,35772,
2026-07-17,NSE,RELIANCE,raw_l2/trade_date=2026-07-17/exchange=NSE/symbol=RELIANCE/part-050138_795095-010554.parquet,real_data_sample\l2_unseen_validation\trade_date=2026-07-17\exchange=NSE\symbol=RELIANCE\part-050138_795095-010554.parquet,34748,downloaded,34748,
2026-07-17,NSE,RELIANCE,raw_l2/trade_date=2026-07-17/exchange=NSE/symbol=RELIANCE/part-050043_036457-010426.parquet,real_data_sample\l2_unseen_validation\trade_date=2026-07-17\exchange=NSE\symbol=RELIANCE\part-050043_036457-010426.parquet,35876,downloaded,35876,
2026-07-17,NSE,RELIANCE,raw_l2/trade_date=2026-07-17/exchange=NSE/symbol=RELIANCE/part-050152_881601-010586.parquet,real_data_sample\l2_unseen_validation\trade_date=2026-07-17\exchange=NSE\symbol=RELIANCE\part-050152_881601-010586.parquet,34842,downloaded,34842,
2026-07-17,NSE,RELIANCE,raw_l2/trade_date=2026-07-17/exchange=NSE/symbol=RELIANCE/part-050110_886296-010490.parquet,real_data_sample\l2_unseen_validation\trade_date=2026-07-17\exchange=NSE\symbol=RELIANCE\part-050110_886296-010490.parquet,35878,downloaded,35878,
2026-07-17,NSE,RELIANCE,raw_l2/trade_date=2026-07-17/exchange=NSE/symbol=RELIANCE/part-050124_821771-010522.parquet,real_data_sample\l2_unseen_validation\trade_date=2026-07-17\exchange=NSE\symbol=RELIANCE\part-050124_821771-010522.parquet,34900,downloaded,34900,
2026-07-17,NSE,RELIANCE,raw_l2/trade_date=2026-07-17/exchange=NSE/symbol=RELIANCE/part-050207_238556-010618.parquet,real_data_sample\l2_unseen_validation\trade_date=2026-07-17\exchange=NSE\symbol=RELIANCE\part-050207_238556-010618.parquet,34782,downloaded,34782,
2026-07-17,NSE,RELIANCE,raw_l2/trade_date=2026-07-17/exchange=NSE/symbol=RELIANCE/part-050235_696831-010682.parquet,real_data_sample\l2_unseen_validation\trade_date=2026-07-17\exchange=NSE\symbol=RELIANCE\part-050235_696831-010682.parquet,34942,downloaded,34942,
2026-07-17,NSE,RELIANCE,raw_l2/trade_date=2026-07-17/exchange=NSE/symbol=RELIANCE/part-050249_873660-010714.parquet,real_data_sample\l2_unseen_validation\trade_date=2026-07-17\exchange=NSE\symbol=RELIANCE\part-050249_873660-010714.parquet,34720,downloaded,34720,
2026-07-17,NSE,RELIANCE,raw_l2/trade_date=2026-07-17/exchange=NSE/symbol=RELIANCE/part-045505_325048-009658.parquet,real_data_sample\l2_unseen_validation\trade_date=2026-07-17\exchange=NSE\symbol=RELIANCE\part-045505_325048-009658.parquet,34948,downloaded,34948,
2026-07-17,NSE,RELIANCE,raw_l2/trade_date=2026-07-17/exchange=NSE/symbol=RELIANCE/part-050346_526678-010842.parquet,real_data_sample\l2_unseen_validation\trade_date=2026-07-17\exchange=NSE\symbol=RELIANCE\part-050346_526678-010842.parquet,35919,downloaded,35919,
2026-07-17,NSE,RELIANCE,raw_l2/trade_date=2026-07-17/exchange=NSE/symbol=RELIANCE/part-050318_478235-010778.parquet,real_data_sample\l2_unseen_validation\trade_date=2026-07-17\exchange=NSE\symbol=RELIANCE\part-050318_478235-010778.parquet,35341,downloaded,35341,
2026-07-17,NSE,RELIANCE,raw_l2/trade_date=2026-07-17/exchange=NSE/symbol=RELIANCE/part-050332_533703-010810.parquet,real_data_sample\l2_unseen_validation\trade_date=2026-07-17\exchange=NSE\symbol=RELIANCE\part-050332_533703-010810.parquet,35594,downloaded,35594,
2026-07-17,NSE,RELIANCE,raw_l2/trade_date=2026-07-17/exchange=NSE/symbol=RELIANCE/part-050304_129630-010746.parquet,real_data_sample\l2_unseen_validation\trade_date=2026-07-17\exchange=NSE\symbol=RELIANCE\part-050304_129630-010746.parquet,34988,downloaded,34988,
2026-07-17,NSE,RELIANCE,raw_l2/trade_date=2026-07-17/exchange=NSE/symbol=RELIANCE/part-050221_306922-010650.parquet,real_data_sample\l2_unseen_validation\trade_date=2026-07-17\exchange=NSE\symbol=RELIANCE\part-050221_306922-010650.parquet,34853,downloaded,34853,
2026-07-17,NSE,RELIANCE,raw_l2/trade_date=2026-07-17/exchange=NSE/symbol=RELIANCE/part-050400_617349-010874.parquet,real_data_sample\l2_unseen_validation\trade_date=2026-07-17\exchange=NSE\symbol=RELIANCE\part-050400_617349-010874.parquet,36481,downloaded,36481,
2026-07-17,NSE,RELIANCE,raw_l2/trade_date=2026-07-17/exchange=NSE/symbol=RELIANCE/part-050414_951685-010906.parquet,real_data_sample\l2_unseen_validation\trade_date=2026-07-17\exchange=NSE\symbol=RELIANCE\part-050414_951685-010906.parquet,35890,downloaded,35890,
2026-07-17,NSE,RELIANCE,raw_l2/trade_date=2026-07-17/exchange=NSE/symbol=RELIANCE/part-050428_929380-010938.parquet,real_data_sample\l2_unseen_validation\trade_date=2026-07-17\exchange=NSE\symbol=RELIANCE\part-050428_929380-010938.parquet,36055,downloaded,36055,
2026-07-17,NSE,RELIANCE,raw_l2/trade_date=2026-07-17/exchange=NSE/symbol=RELIANCE/part-050015_270387-010362.parquet,real_data_sample\l2_unseen_validation\trade_date=2026-07-17\exchange=NSE\symbol=RELIANCE\part-050015_270387-010362.parquet,36087,downloaded,36087,
2026-07-17,NSE,RELIANCE,raw_l2/trade_date=2026-07-17/exchange=NSE/symbol=RELIANCE/part-050456_665555-011002.parquet,real_data_sample\l2_unseen_validation\trade_date=2026-07-17\exchange=NSE\symbol=RELIANCE\part-050456_665555-011002.parquet,36299,downloaded,36299,
2026-07-17,NSE,RELIANCE,raw_l2/trade_date=2026-07-17/exchange=NSE/symbol=RELIANCE/part-050524_856728-011066.parquet,real_data_sample\l2_unseen_validation\trade_date=2026-07-17\exchange=NSE\symbol=RELIANCE\part-050524_856728-011066.parquet,35760,downloaded,35760,
2026-07-17,NSE,RELIANCE,raw_l2/trade_date=2026-07-17/exchange=NSE/symbol=RELIANCE/part-050552_595117-011130.parquet,real_data_sample\l2_unseen_validation\trade_date=2026-07-17\exchange=NSE\symbol=RELIANCE\part-050552_595117-011130.parquet,36058,downloaded,36058,
2026-07-17,NSE,RELIANCE,raw_l2/trade_date=2026-07-17/exchange=NSE/symbol=RELIANCE/part-050538_607912-011098.parquet,real_data_sample\l2_unseen_validation\trade_date=2026-07-17\exchange=NSE\symbol=RELIANCE\part-050538_607912-011098.parquet,36273,downloaded,36273,
2026-07-17,NSE,RELIANCE,raw_l2/trade_date=2026-07-17/exchange=NSE/symbol=RELIANCE/part-050510_774386-011034.parquet,real_data_sample\l2_unseen_validation\trade_date=2026-07-17\exchange=NSE\symbol=RELIANCE\part-050510_774386-011034.parquet,36361,downloaded,36361,
2026-07-17,NSE,RELIANCE,raw_l2/trade_date=2026-07-17/exchange=NSE/symbol=RELIANCE/part-050621_253795-011194.parquet,real_data_sample\l2_unseen_validation\trade_date=2026-07-17\exchange=NSE\symbol=RELIANCE\part-050621_253795-011194.parquet,35555,downloaded,35555,
2026-07-17,NSE,RELIANCE,raw_l2/trade_date=2026-07-17/exchange=NSE/symbol=RELIANCE/part-050442_879832-010970.parquet,real_data_sample\l2_unseen_validation\trade_date=2026-07-17\exchange=NSE\symbol=RELIANCE\part-050442_879832-010970.parquet,36262,downloaded,36262,
2026-07-17,NSE,RELIANCE,raw_l2/trade_date=2026-07-17/exchange=NSE/symbol=RELIANCE/part-050606_709843-011162.parquet,real_data_sample\l2_unseen_validation\trade_date=2026-07-17\exchange=NSE\symbol=RELIANCE\part-050606_709843-011162.parquet,35887,downloaded,35887,
2026-07-17,NSE,RELIANCE,raw_l2/trade_date=2026-07-17/exchange=NSE/symbol=RELIANCE/part-050635_967168-011226.parquet,real_data_sample\l2_unseen_validation\trade_date=2026-07-17\exchange=NSE\symbol=RELIANCE\part-050635_967168-011226.parquet,34855,downloaded,34855,
2026-07-17,NSE,RELIANCE,raw_l2/trade_date=2026-07-17/exchange=NSE/symbol=RELIANCE/part-050704_167869-011290.parquet,real_data_sample\l2_unseen_validation\trade_date=2026-07-17\exchange=NSE\symbol=RELIANCE\part-050704_167869-011290.parquet,34888,downloaded,34888,
2026-07-17,NSE,RELIANCE,raw_l2/trade_date=2026-07-17/exchange=NSE/symbol=RELIANCE/part-050650_188453-011258.parquet,real_data_sample\l2_unseen_validation\trade_date=2026-07-17\exchange=NSE\symbol=RELIANCE\part-050650_188453-011258.parquet,34717,downloaded,34717,
2026-07-17,NSE,RELIANCE,raw_l2/trade_date=2026-07-17/exchange=NSE/symbol=RELIANCE/part-050718_412100-011322.parquet,real_data_sample\l2_unseen_validation\trade_date=2026-07-17\exchange=NSE\symbol=RELIANCE\part-050718_412100-011322.parquet,35449,downloaded,35449,
2026-07-17,NSE,RELIANCE,raw_l2/trade_date=2026-07-17/exchange=NSE/symbol=RELIANCE/part-050759_935467-011418.parquet,real_data_sample\l2_unseen_validation\trade_date=2026-07-17\exchange=NSE\symbol=RELIANCE\part-050759_935467-011418.parquet,36021,downloaded,36021,
2026-07-17,NSE,RELIANCE,raw_l2/trade_date=2026-07-17/exchange=NSE/symbol=RELIANCE/part-050746_104072-011386.parquet,real_data_sample\l2_unseen_validation\trade_date=2026-07-17\exchange=NSE\symbol=RELIANCE\part-050746_104072-011386.parquet,36035,downloaded,36035,
2026-07-17,NSE,RELIANCE,raw_l2/trade_date=2026-07-17/exchange=NSE/symbol=RELIANCE/part-050732_318346-011354.parquet,real_data_sample\l2_unseen_validation\trade_date=2026-07-17\exchange=NSE\symbol=RELIANCE\part-050732_318346-011354.parquet,35974,downloaded,35974,
2026-07-17,NSE,RELIANCE,raw_l2/trade_date=2026-07-17/exchange=NSE/symbol=RELIANCE/part-050813_781348-011450.parquet,real_data_sample\l2_unseen_validation\trade_date=2026-07-17\exchange=NSE\symbol=RELIANCE\part-050813_781348-011450.parquet,36395,downloaded,36395,
2026-07-17,NSE,RELIANCE,raw_l2/trade_date=2026-07-17/exchange=NSE/symbol=RELIANCE/part-050827_532829-011482.parquet,real_data_sample\l2_unseen_validation\trade_date=2026-07-17\exchange=NSE\symbol=RELIANCE\part-050827_532829-011482.parquet,35844,downloaded,35844,
2026-07-17,NSE,RELIANCE,raw_l2/trade_date=2026-07-17/exchange=NSE/symbol=RELIANCE/part-050841_331760-011514.parquet,real_data_sample\l2_unseen_validation\trade_date=2026-07-17\exchange=NSE\symbol=RELIANCE\part-050841_331760-011514.parquet,35818,downloaded,35818,
2026-07-17,NSE,RELIANCE,raw_l2/trade_date=2026-07-17/exchange=NSE/symbol=RELIANCE/part-050922_940531-011610.parquet,real_data_sample\l2_unseen_validation\trade_date=2026-07-17\exchange=NSE\symbol=RELIANCE\part-050922_940531-011610.parquet,34835,downloaded,34835,
2026-07-17,NSE,RELIANCE,raw_l2/trade_date=2026-07-17/exchange=NSE/symbol=RELIANCE/part-050950_457048-011674.parquet,real_data_sample\l2_unseen_validation\trade_date=2026-07-17\exchange=NSE\symbol=RELIANCE\part-050950_457048-011674.parquet,34950,downloaded,34950,
2026-07-17,NSE,RELIANCE,raw_l2/trade_date=2026-07-17/exchange=NSE/symbol=RELIANCE/part-050909_101876-011578.parquet,real_data_sample\l2_unseen_validation\trade_date=2026-07-17\exchange=NSE\symbol=RELIANCE\part-050909_101876-011578.parquet,35386,downloaded,35386,
2026-07-17,NSE,RELIANCE,raw_l2/trade_date=2026-07-17/exchange=NSE/symbol=RELIANCE/part-051004_498683-011706.parquet,real_data_sample\l2_unseen_validation\trade_date=2026-07-17\exchange=NSE\symbol=RELIANCE\part-051004_498683-011706.parquet,34787,downloaded,34787,
2026-07-17,NSE,RELIANCE,raw_l2/trade_date=2026-07-17/exchange=NSE/symbol=RELIANCE/part-050855_116599-011546.parquet,real_data_sample\l2_unseen_validation\trade_date=2026-07-17\exchange=NSE\symbol=RELIANCE\part-050855_116599-011546.parquet,35667,downloaded,35667,
2026-07-17,NSE,RELIANCE,raw_l2/trade_date=2026-07-17/exchange=NSE/symbol=RELIANCE/part-051045_928771-011802.parquet,real_data_sample\l2_unseen_validation\trade_date=2026-07-17\exchange=NSE\symbol=RELIANCE\part-051045_928771-011802.parquet,34878,downloaded,34878,
2026-07-17,NSE,RELIANCE,raw_l2/trade_date=2026-07-17/exchange=NSE/symbol=RELIANCE/part-051018_170370-011738.parquet,real_data_sample\l2_unseen_validation\trade_date=2026-07-17\exchange=NSE\symbol=RELIANCE\part-051018_170370-011738.parquet,34771,downloaded,34771,
2026-07-17,NSE,RELIANCE,raw_l2/trade_date=2026-07-17/exchange=NSE/symbol=RELIANCE/part-051059_644303-011834.parquet,real_data_sample\l2_unseen_validation\trade_date=2026-07-17\exchange=NSE\symbol=RELIANCE\part-051059_644303-011834.parquet,34921,downloaded,34921,
2026-07-17,NSE,RELIANCE,raw_l2/trade_date=2026-07-17/exchange=NSE/symbol=RELIANCE/part-051032_067951-011770.parquet,real_data_sample\l2_unseen_validation\trade_date=2026-07-17\exchange=NSE\symbol=RELIANCE\part-051032_067951-011770.parquet,35055,downloaded,35055,
2026-07-17,NSE,RELIANCE,raw_l2/trade_date=2026-07-17/exchange=NSE/symbol=RELIANCE/part-051113_566193-011866.parquet,real_data_sample\l2_unseen_validation\trade_date=2026-07-17\exchange=NSE\symbol=RELIANCE\part-051113_566193-011866.parquet,34850,downloaded,34850,
2026-07-17,NSE,RELIANCE,raw_l2/trade_date=2026-07-17/exchange=NSE/symbol=RELIANCE/part-051155_676945-011962.parquet,real_data_sample\l2_unseen_validation\trade_date=2026-07-17\exchange=NSE\symbol=RELIANCE\part-051155_676945-011962.parquet,36028,downloaded,36028,
2026-07-17,NSE,RELIANCE,raw_l2/trade_date=2026-07-17/exchange=NSE/symbol=RELIANCE/part-051127_713674-011898.parquet,real_data_sample\l2_unseen_validation\trade_date=2026-07-17\exchange=NSE\symbol=RELIANCE\part-051127_713674-011898.parquet,36134,downloaded,36134,
2026-07-17,NSE,RELIANCE,raw_l2/trade_date=2026-07-17/exchange=NSE/symbol=RELIANCE/part-051223_600262-012026.parquet,real_data_sample\l2_unseen_validation\trade_date=2026-07-17\exchange=NSE\symbol=RELIANCE\part-051223_600262-012026.parquet,35077,downloaded,35077,
2026-07-17,NSE,RELIANCE,raw_l2/trade_date=2026-07-17/exchange=NSE/symbol=RELIANCE/part-051209_661790-011994.parquet,real_data_sample\l2_unseen_validation\trade_date=2026-07-17\exchange=NSE\symbol=RELIANCE\part-051209_661790-011994.parquet,36071,downloaded,36071,
2026-07-17,NSE,RELIANCE,raw_l2/trade_date=2026-07-17/exchange=NSE/symbol=RELIANCE/part-051237_458637-012058.parquet,real_data_sample\l2_unseen_validation\trade_date=2026-07-17\exchange=NSE\symbol=RELIANCE\part-051237_458637-012058.parquet,34799,downloaded,34799,
2026-07-17,NSE,RELIANCE,raw_l2/trade_date=2026-07-17/exchange=NSE/symbol=RELIANCE/part-051305_284059-012122.parquet,real_data_sample\l2_unseen_validation\trade_date=2026-07-17\exchange=NSE\symbol=RELIANCE\part-051305_284059-012122.parquet,34939,downloaded,34939,
2026-07-17,NSE,RELIANCE,raw_l2/trade_date=2026-07-17/exchange=NSE/symbol=RELIANCE/part-051320_126647-012154.parquet,real_data_sample\l2_unseen_validation\trade_date=2026-07-17\exchange=NSE\symbol=RELIANCE\part-051320_126647-012154.parquet,34721,downloaded,34721,
2026-07-17,NSE,RELIANCE,raw_l2/trade_date=2026-07-17/exchange=NSE/symbol=RELIANCE/part-051251_463380-012090.parquet,real_data_sample\l2_unseen_validation\trade_date=2026-07-17\exchange=NSE\symbol=RELIANCE\part-051251_463380-012090.parquet,34641,downloaded,34641,
2026-07-17,NSE,RELIANCE,raw_l2/trade_date=2026-07-17/exchange=NSE/symbol=RELIANCE/part-051334_484171-012186.parquet,real_data_sample\l2_unseen_validation\trade_date=2026-07-17\exchange=NSE\symbol=RELIANCE\part-051334_484171-012186.parquet,34917,downloaded,34917,
2026-07-17,NSE,RELIANCE,raw_l2/trade_date=2026-07-17/exchange=NSE/symbol=RELIANCE/part-051349_717177-012218.parquet,real_data_sample\l2_unseen_validation\trade_date=2026-07-17\exchange=NSE\symbol=RELIANCE\part-051349_717177-012218.parquet,34645,downloaded,34645,
2026-07-17,NSE,RELIANCE,raw_l2/trade_date=2026-07-17/exchange=NSE/symbol=RELIANCE/part-051404_393304-012250.parquet,real_data_sample\l2_unseen_validation\trade_date=2026-07-17\exchange=NSE\symbol=RELIANCE\part-051404_393304-012250.parquet,35009,downloaded,35009,
2026-07-17,NSE,RELIANCE,raw_l2/trade_date=2026-07-17/exchange=NSE/symbol=RELIANCE/part-051447_394772-012346.parquet,real_data_sample\l2_unseen_validation\trade_date=2026-07-17\exchange=NSE\symbol=RELIANCE\part-051447_394772-012346.parquet,36062,downloaded,36062,
2026-07-17,NSE,RELIANCE,raw_l2/trade_date=2026-07-17/exchange=NSE/symbol=RELIANCE/part-051433_575045-012314.parquet,real_data_sample\l2_unseen_validation\trade_date=2026-07-17\exchange=NSE\symbol=RELIANCE\part-051433_575045-012314.parquet,36640,downloaded,36640,
2026-07-17,NSE,RELIANCE,raw_l2/trade_date=2026-07-17/exchange=NSE/symbol=RELIANCE/part-051418_767130-012282.parquet,real_data_sample\l2_unseen_validation\trade_date=2026-07-17\exchange=NSE\symbol=RELIANCE\part-051418_767130-012282.parquet,35260,downloaded,35260,
2026-07-17,NSE,RELIANCE,raw_l2/trade_date=2026-07-17/exchange=NSE/symbol=RELIANCE/part-051515_119759-012410.parquet,real_data_sample\l2_unseen_validation\trade_date=2026-07-17\exchange=NSE\symbol=RELIANCE\part-051515_119759-012410.parquet,36303,downloaded,36303,
2026-07-17,NSE,RELIANCE,raw_l2/trade_date=2026-07-17/exchange=NSE/symbol=RELIANCE/part-051528_708862-012442.parquet,real_data_sample\l2_unseen_validation\trade_date=2026-07-17\exchange=NSE\symbol=RELIANCE\part-051528_708862-012442.parquet,35904,downloaded,35904,
2026-07-17,NSE,RELIANCE,raw_l2/trade_date=2026-07-17/exchange=NSE/symbol=RELIANCE/part-051501_292711-012378.parquet,real_data_sample\l2_unseen_validation\trade_date=2026-07-17\exchange=NSE\symbol=RELIANCE\part-051501_292711-012378.parquet,35742,downloaded,35742,
2026-07-17,NSE,RELIANCE,raw_l2/trade_date=2026-07-17/exchange=NSE/symbol=RELIANCE/part-051542_915966-012474.parquet,real_data_sample\l2_unseen_validation\trade_date=2026-07-17\exchange=NSE\symbol=RELIANCE\part-051542_915966-012474.parquet,36121,downloaded,36121,
2026-07-17,NSE,RELIANCE,raw_l2/trade_date=2026-07-17/exchange=NSE/symbol=RELIANCE/part-051557_419073-012506.parquet,real_data_sample\l2_unseen_validation\trade_date=2026-07-17\exchange=NSE\symbol=RELIANCE\part-051557_419073-012506.parquet,36091,downloaded,36091,
2026-07-17,NSE,RELIANCE,raw_l2/trade_date=2026-07-17/exchange=NSE/symbol=RELIANCE/part-051612_039498-012538.parquet,real_data_sample\l2_unseen_validation\trade_date=2026-07-17\exchange=NSE\symbol=RELIANCE\part-051612_039498-012538.parquet,36026,downloaded,36026,
2026-07-17,NSE,RELIANCE,raw_l2/trade_date=2026-07-17/exchange=NSE/symbol=RELIANCE/part-050936_761670-011642.parquet,real_data_sample\l2_unseen_validation\trade_date=2026-07-17\exchange=NSE\symbol=RELIANCE\part-050936_761670-011642.parquet,34807,downloaded,34807,
2026-07-17,NSE,RELIANCE,raw_l2/trade_date=2026-07-17/exchange=NSE/symbol=RELIANCE/part-051141_833673-011930.parquet,real_data_sample\l2_unseen_validation\trade_date=2026-07-17\exchange=NSE\symbol=RELIANCE\part-051141_833673-011930.parquet,35886,downloaded,35886,
2026-07-17,NSE,RELIANCE,raw_l2/trade_date=2026-07-17/exchange=NSE/symbol=RELIANCE/part-051640_315345-012602.parquet,real_data_sample\l2_unseen_validation\trade_date=2026-07-17\exchange=NSE\symbol=RELIANCE\part-051640_315345-012602.parquet,36276,downloaded,36276,
2026-07-17,NSE,RELIANCE,raw_l2/trade_date=2026-07-17/exchange=NSE/symbol=RELIANCE/part-052121_641699-013242.parquet,real_data_sample\l2_unseen_validation\trade_date=2026-07-17\exchange=NSE\symbol=RELIANCE\part-052121_641699-013242.parquet,36301,downloaded,36301,
2026-07-17,NSE,RELIANCE,raw_l2/trade_date=2026-07-17/exchange=NSE/symbol=RELIANCE/part-050001_422095-010330.parquet,real_data_sample\l2_unseen_validation\trade_date=2026-07-17\exchange=NSE\symbol=RELIANCE\part-050001_422095-010330.parquet,36512,downloaded,36512,
2026-07-17,NSE,RELIANCE,raw_l2/trade_date=2026-07-17/exchange=NSE/symbol=RELIANCE/part-051819_853902-012826.parquet,real_data_sample\l2_unseen_validation\trade_date=2026-07-17\exchange=NSE\symbol=RELIANCE\part-051819_853902-012826.parquet,35458,downloaded,35458,
2026-07-17,NSE,RELIANCE,raw_l2/trade_date=2026-07-17/exchange=NSE/symbol=RELIANCE/part-051626_096168-012570.parquet,real_data_sample\l2_unseen_validation\trade_date=2026-07-17\exchange=NSE\symbol=RELIANCE\part-051626_096168-012570.parquet,35946,downloaded,35946,
2026-07-17,NSE,RELIANCE,raw_l2/trade_date=2026-07-17/exchange=NSE/symbol=RELIANCE/part-051722_402919-012698.parquet,real_data_sample\l2_unseen_validation\trade_date=2026-07-17\exchange=NSE\symbol=RELIANCE\part-051722_402919-012698.parquet,35922,downloaded,35922,
2026-07-17,NSE,RELIANCE,raw_l2/trade_date=2026-07-17/exchange=NSE/symbol=RELIANCE/part-052107_627911-013210.parquet,real_data_sample\l2_unseen_validation\trade_date=2026-07-17\exchange=NSE\symbol=RELIANCE\part-052107_627911-013210.parquet,36139,downloaded,36139,
2026-07-17,NSE,RELIANCE,raw_l2/trade_date=2026-07-17/exchange=NSE/symbol=RELIANCE/part-051736_802182-012730.parquet,real_data_sample\l2_unseen_validation\trade_date=2026-07-17\exchange=NSE\symbol=RELIANCE\part-051736_802182-012730.parquet,35549,downloaded,35549,
2026-07-17,NSE,RELIANCE,raw_l2/trade_date=2026-07-17/exchange=NSE/symbol=RELIANCE/part-052026_289900-013114.parquet,real_data_sample\l2_unseen_validation\trade_date=2026-07-17\exchange=NSE\symbol=RELIANCE\part-052026_289900-013114.parquet,35775,downloaded,35775,
2026-07-17,NSE,RELIANCE,raw_l2/trade_date=2026-07-17/exchange=NSE/symbol=RELIANCE/part-051654_447637-012634.parquet,real_data_sample\l2_unseen_validation\trade_date=2026-07-17\exchange=NSE\symbol=RELIANCE\part-051654_447637-012634.parquet,36388,downloaded,36388,
2026-07-17,NSE,RELIANCE,raw_l2/trade_date=2026-07-17/exchange=NSE/symbol=RELIANCE/part-051751_396426-012762.parquet,real_data_sample\l2_unseen_validation\trade_date=2026-07-17\exchange=NSE\symbol=RELIANCE\part-051751_396426-012762.parquet,36107,downloaded,36107,
2026-07-17,NSE,RELIANCE,raw_l2/trade_date=2026-07-17/exchange=NSE/symbol=RELIANCE/part-052040_097788-013146.parquet,real_data_sample\l2_unseen_validation\trade_date=2026-07-17\exchange=NSE\symbol=RELIANCE\part-052040_097788-013146.parquet,35724,downloaded,35724,
2026-07-17,NSE,RELIANCE,raw_l2/trade_date=2026-07-17/exchange=NSE/symbol=RELIANCE/part-051805_387148-012794.parquet,real_data_sample\l2_unseen_validation\trade_date=2026-07-17\exchange=NSE\symbol=RELIANCE\part-051805_387148-012794.parquet,36204,downloaded,36204,
2026-07-17,NSE,RELIANCE,raw_l2/trade_date=2026-07-17/exchange=NSE/symbol=RELIANCE/part-052053_863894-013178.parquet,real_data_sample\l2_unseen_validation\trade_date=2026-07-17\exchange=NSE\symbol=RELIANCE\part-052053_863894-013178.parquet,35831,downloaded,35831,
2026-07-17,NSE,RELIANCE,raw_l2/trade_date=2026-07-17/exchange=NSE/symbol=RELIANCE/part-052203_401049-013338.parquet,real_data_sample\l2_unseen_validation\trade_date=2026-07-17\exchange=NSE\symbol=RELIANCE\part-052203_401049-013338.parquet,35827,downloaded,35827,
2026-07-17,NSE,RELIANCE,raw_l2/trade_date=2026-07-17/exchange=NSE/symbol=RELIANCE/part-052259_447771-013466.parquet,real_data_sample\l2_unseen_validation\trade_date=2026-07-17\exchange=NSE\symbol=RELIANCE\part-052259_447771-013466.parquet,35997,downloaded,35997,
2026-07-17,NSE,RELIANCE,raw_l2/trade_date=2026-07-17/exchange=NSE/symbol=RELIANCE/part-051708_489949-012666.parquet,real_data_sample\l2_unseen_validation\trade_date=2026-07-17\exchange=NSE\symbol=RELIANCE\part-051708_489949-012666.parquet,36060,downloaded,36060,
2026-07-17,NSE,RELIANCE,raw_l2/trade_date=2026-07-17/exchange=NSE/symbol=RELIANCE/part-052149_404374-013306.parquet,real_data_sample\l2_unseen_validation\trade_date=2026-07-17\exchange=NSE\symbol=RELIANCE\part-052149_404374-013306.parquet,36095,downloaded,36095,
2026-07-17,NSE,RELIANCE,raw_l2/trade_date=2026-07-17/exchange=NSE/symbol=RELIANCE/part-052231_493961-013402.parquet,real_data_sample\l2_unseen_validation\trade_date=2026-07-17\exchange=NSE\symbol=RELIANCE\part-052231_493961-013402.parquet,35917,downloaded,35917,
2026-07-17,NSE,RELIANCE,raw_l2/trade_date=2026-07-17/exchange=NSE/symbol=RELIANCE/part-051834_083578-012858.parquet,real_data_sample\l2_unseen_validation\trade_date=2026-07-17\exchange=NSE\symbol=RELIANCE\part-051834_083578-012858.parquet,34934,downloaded,34934,
2026-07-17,NSE,RELIANCE,raw_l2/trade_date=2026-07-17/exchange=NSE/symbol=RELIANCE/part-051944_893153-013018.parquet,real_data_sample\l2_unseen_validation\trade_date=2026-07-17\exchange=NSE\symbol=RELIANCE\part-051944_893153-013018.parquet,35807,downloaded,35807,
2026-07-17,NSE,RELIANCE,raw_l2/trade_date=2026-07-17/exchange=NSE/symbol=RELIANCE/part-051848_393233-012890.parquet,real_data_sample\l2_unseen_validation\trade_date=2026-07-17\exchange=NSE\symbol=RELIANCE\part-051848_393233-012890.parquet,34763,downloaded,34763,
2026-07-17,NSE,RELIANCE,raw_l2/trade_date=2026-07-17/exchange=NSE/symbol=RELIANCE/part-052245_385594-013434.parquet,real_data_sample\l2_unseen_validation\trade_date=2026-07-17\exchange=NSE\symbol=RELIANCE\part-052245_385594-013434.parquet,35918,downloaded,35918,
2026-07-17,NSE,RELIANCE,raw_l2/trade_date=2026-07-17/exchange=NSE/symbol=RELIANCE/part-052217_543238-013370.parquet,real_data_sample\l2_unseen_validation\trade_date=2026-07-17\exchange=NSE\symbol=RELIANCE\part-052217_543238-013370.parquet,35878,downloaded,35878,
2026-07-17,NSE,RELIANCE,raw_l2/trade_date=2026-07-17/exchange=NSE/symbol=RELIANCE/part-052135_378750-013274.parquet,real_data_sample\l2_unseen_validation\trade_date=2026-07-17\exchange=NSE\symbol=RELIANCE\part-052135_378750-013274.parquet,36170,downloaded,36170,
2026-07-17,NSE,RELIANCE,raw_l2/trade_date=2026-07-17/exchange=NSE/symbol=RELIANCE/part-051903_228524-012922.parquet,real_data_sample\l2_unseen_validation\trade_date=2026-07-17\exchange=NSE\symbol=RELIANCE\part-051903_228524-012922.parquet,34920,downloaded,34920,
2026-07-17,NSE,RELIANCE,raw_l2/trade_date=2026-07-17/exchange=NSE/symbol=RELIANCE/part-051931_067228-012986.parquet,real_data_sample\l2_unseen_validation\trade_date=2026-07-17\exchange=NSE\symbol=RELIANCE\part-051931_067228-012986.parquet,35832,downloaded,35832,
2026-07-17,NSE,RELIANCE,raw_l2/trade_date=2026-07-17/exchange=NSE/symbol=RELIANCE/part-051958_912771-013050.parquet,real_data_sample\l2_unseen_validation\trade_date=2026-07-17\exchange=NSE\symbol=RELIANCE\part-051958_912771-013050.parquet,36090,downloaded,36090,
2026-07-17,NSE,RELIANCE,raw_l2/trade_date=2026-07-17/exchange=NSE/symbol=RELIANCE/part-051917_253435-012954.parquet,real_data_sample\l2_unseen_validation\trade_date=2026-07-17\exchange=NSE\symbol=RELIANCE\part-051917_253435-012954.parquet,35492,downloaded,35492,
2026-07-17,NSE,RELIANCE,raw_l2/trade_date=2026-07-17/exchange=NSE/symbol=RELIANCE/part-052012_561220-013082.parquet,real_data_sample\l2_unseen_validation\trade_date=2026-07-17\exchange=NSE\symbol=RELIANCE\part-052012_561220-013082.parquet,36132,downloaded,36132,
2026-07-17,NSE,RELIANCE,raw_l2/trade_date=2026-07-17/exchange=NSE/symbol=RELIANCE/part-052850_154992-014266.parquet,real_data_sample\l2_unseen_validation\trade_date=2026-07-17\exchange=NSE\symbol=RELIANCE\part-052850_154992-014266.parquet,34917,downloaded,34917,
2026-07-17,NSE,RELIANCE,raw_l2/trade_date=2026-07-17/exchange=NSE/symbol=RELIANCE/part-052518_882424-013786.parquet,real_data_sample\l2_unseen_validation\trade_date=2026-07-17\exchange=NSE\symbol=RELIANCE\part-052518_882424-013786.parquet,35939,downloaded,35939,
2026-07-17,NSE,RELIANCE,raw_l2/trade_date=2026-07-17/exchange=NSE/symbol=RELIANCE/part-052657_739680-014010.parquet,real_data_sample\l2_unseen_validation\trade_date=2026-07-17\exchange=NSE\symbol=RELIANCE\part-052657_739680-014010.parquet,36139,downloaded,36139,
2026-07-17,NSE,RELIANCE,raw_l2/trade_date=2026-07-17/exchange=NSE/symbol=RELIANCE/part-052423_376318-013658.parquet,real_data_sample\l2_unseen_validation\trade_date=2026-07-17\exchange=NSE\symbol=RELIANCE\part-052423_376318-013658.parquet,36612,downloaded,36612,
2026-07-17,NSE,RELIANCE,raw_l2/trade_date=2026-07-17/exchange=NSE/symbol=RELIANCE/part-052932_212194-014362.parquet,real_data_sample\l2_unseen_validation\trade_date=2026-07-17\exchange=NSE\symbol=RELIANCE\part-052932_212194-014362.parquet,34791,downloaded,34791,
2026-07-17,NSE,RELIANCE,raw_l2/trade_date=2026-07-17/exchange=NSE/symbol=RELIANCE/part-053029_869654-014490.parquet,real_data_sample\l2_unseen_validation\trade_date=2026-07-17\exchange=NSE\symbol=RELIANCE\part-053029_869654-014490.parquet,34779,downloaded,34779,
2026-07-17,NSE,RELIANCE,raw_l2/trade_date=2026-07-17/exchange=NSE/symbol=RELIANCE/part-052355_586883-013594.parquet,real_data_sample\l2_unseen_validation\trade_date=2026-07-17\exchange=NSE\symbol=RELIANCE\part-052355_586883-013594.parquet,36001,downloaded,36001,
2026-07-17,NSE,RELIANCE,raw_l2/trade_date=2026-07-17/exchange=NSE/symbol=RELIANCE/part-052505_046917-013754.parquet,real_data_sample\l2_unseen_validation\trade_date=2026-07-17\exchange=NSE\symbol=RELIANCE\part-052505_046917-013754.parquet,36444,downloaded,36444,
2026-07-17,NSE,RELIANCE,raw_l2/trade_date=2026-07-17/exchange=NSE/symbol=RELIANCE/part-052341_468149-013562.parquet,real_data_sample\l2_unseen_validation\trade_date=2026-07-17\exchange=NSE\symbol=RELIANCE\part-052341_468149-013562.parquet,35715,downloaded,35715,
2026-07-17,NSE,RELIANCE,raw_l2/trade_date=2026-07-17/exchange=NSE/symbol=RELIANCE/part-052451_165827-013722.parquet,real_data_sample\l2_unseen_validation\trade_date=2026-07-17\exchange=NSE\symbol=RELIANCE\part-052451_165827-013722.parquet,36500,downloaded,36500,
2026-07-17,NSE,RELIANCE,raw_l2/trade_date=2026-07-17/exchange=NSE/symbol=RELIANCE/part-052601_130821-013882.parquet,real_data_sample\l2_unseen_validation\trade_date=2026-07-17\exchange=NSE\symbol=RELIANCE\part-052601_130821-013882.parquet,36247,downloaded,36247,
2026-07-17,NSE,RELIANCE,raw_l2/trade_date=2026-07-17/exchange=NSE/symbol=RELIANCE/part-052437_371534-013690.parquet,real_data_sample\l2_unseen_validation\trade_date=2026-07-17\exchange=NSE\symbol=RELIANCE\part-052437_371534-013690.parquet,36599,downloaded,36599,
2026-07-17,NSE,RELIANCE,raw_l2/trade_date=2026-07-17/exchange=NSE/symbol=RELIANCE/part-052835_816406-014234.parquet,real_data_sample\l2_unseen_validation\trade_date=2026-07-17\exchange=NSE\symbol=RELIANCE\part-052835_816406-014234.parquet,34907,downloaded,34907,
2026-07-17,NSE,RELIANCE,raw_l2/trade_date=2026-07-17/exchange=NSE/symbol=RELIANCE/part-052821_605347-014202.parquet,real_data_sample\l2_unseen_validation\trade_date=2026-07-17\exchange=NSE\symbol=RELIANCE\part-052821_605347-014202.parquet,34968,downloaded,34968,
2026-07-17,NSE,RELIANCE,raw_l2/trade_date=2026-07-17/exchange=NSE/symbol=RELIANCE/part-052711_790967-014042.parquet,real_data_sample\l2_unseen_validation\trade_date=2026-07-17\exchange=NSE\symbol=RELIANCE\part-052711_790967-014042.parquet,35903,downloaded,35903,
2026-07-17,NSE,RELIANCE,raw_l2/trade_date=2026-07-17/exchange=NSE/symbol=RELIANCE/part-052739_692336-014106.parquet,real_data_sample\l2_unseen_validation\trade_date=2026-07-17\exchange=NSE\symbol=RELIANCE\part-052739_692336-014106.parquet,34801,downloaded,34801,
2026-07-17,NSE,RELIANCE,raw_l2/trade_date=2026-07-17/exchange=NSE/symbol=RELIANCE/part-052807_506161-014170.parquet,real_data_sample\l2_unseen_validation\trade_date=2026-07-17\exchange=NSE\symbol=RELIANCE\part-052807_506161-014170.parquet,34783,downloaded,34783,
2026-07-17,NSE,RELIANCE,raw_l2/trade_date=2026-07-17/exchange=NSE/symbol=RELIANCE/part-052313_458761-013498.parquet,real_data_sample\l2_unseen_validation\trade_date=2026-07-17\exchange=NSE\symbol=RELIANCE\part-052313_458761-013498.parquet,36051,downloaded,36051,
2026-07-17,NSE,RELIANCE,raw_l2/trade_date=2026-07-17/exchange=NSE/symbol=RELIANCE/part-052904_383617-014298.parquet,real_data_sample\l2_unseen_validation\trade_date=2026-07-17\exchange=NSE\symbol=RELIANCE\part-052904_383617-014298.parquet,34992,downloaded,34992,
2026-07-17,NSE,RELIANCE,raw_l2/trade_date=2026-07-17/exchange=NSE/symbol=RELIANCE/part-052753_628199-014138.parquet,real_data_sample\l2_unseen_validation\trade_date=2026-07-17\exchange=NSE\symbol=RELIANCE\part-052753_628199-014138.parquet,34969,downloaded,34969,
2026-07-17,NSE,RELIANCE,raw_l2/trade_date=2026-07-17/exchange=NSE/symbol=RELIANCE/part-052918_265520-014330.parquet,real_data_sample\l2_unseen_validation\trade_date=2026-07-17\exchange=NSE\symbol=RELIANCE\part-052918_265520-014330.parquet,34840,downloaded,34840,
2026-07-17,NSE,RELIANCE,raw_l2/trade_date=2026-07-17/exchange=NSE/symbol=RELIANCE/part-053000_348331-014426.parquet,real_data_sample\l2_unseen_validation\trade_date=2026-07-17\exchange=NSE\symbol=RELIANCE\part-053000_348331-014426.parquet,34871,downloaded,34871,
2026-07-17,NSE,RELIANCE,raw_l2/trade_date=2026-07-17/exchange=NSE/symbol=RELIANCE/part-052946_209393-014394.parquet,real_data_sample\l2_unseen_validation\trade_date=2026-07-17\exchange=NSE\symbol=RELIANCE\part-052946_209393-014394.parquet,34794,downloaded,34794,
2026-07-17,NSE,RELIANCE,raw_l2/trade_date=2026-07-17/exchange=NSE/symbol=RELIANCE/part-052629_507266-013946.parquet,real_data_sample\l2_unseen_validation\trade_date=2026-07-17\exchange=NSE\symbol=RELIANCE\part-052629_507266-013946.parquet,36303,downloaded,36303,
2026-07-17,NSE,RELIANCE,raw_l2/trade_date=2026-07-17/exchange=NSE/symbol=RELIANCE/part-052547_025870-013850.parquet,real_data_sample\l2_unseen_validation\trade_date=2026-07-17\exchange=NSE\symbol=RELIANCE\part-052547_025870-013850.parquet,35991,downloaded,35991,
2026-07-17,NSE,RELIANCE,raw_l2/trade_date=2026-07-17/exchange=NSE/symbol=RELIANCE/part-053015_551652-014458.parquet,real_data_sample\l2_unseen_validation\trade_date=2026-07-17\exchange=NSE\symbol=RELIANCE\part-053015_551652-014458.parquet,34663,downloaded,34663,
2026-07-17,NSE,RELIANCE,raw_l2/trade_date=2026-07-17/exchange=NSE/symbol=RELIANCE/part-052643_552692-013978.parquet,real_data_sample\l2_unseen_validation\trade_date=2026-07-17\exchange=NSE\symbol=RELIANCE\part-052643_552692-013978.parquet,36080,downloaded,36080,
2026-07-17,NSE,RELIANCE,raw_l2/trade_date=2026-07-17/exchange=NSE/symbol=RELIANCE/part-052725_790791-014074.parquet,real_data_sample\l2_unseen_validation\trade_date=2026-07-17\exchange=NSE\symbol=RELIANCE\part-052725_790791-014074.parquet,35067,downloaded,35067,
2026-07-17,NSE,RELIANCE,raw_l2/trade_date=2026-07-17/exchange=NSE/symbol=RELIANCE/part-052532_892840-013818.parquet,real_data_sample\l2_unseen_validation\trade_date=2026-07-17\exchange=NSE\symbol=RELIANCE\part-052532_892840-013818.parquet,36368,downloaded,36368,
2026-07-17,NSE,RELIANCE,raw_l2/trade_date=2026-07-17/exchange=NSE/symbol=RELIANCE/part-052615_276597-013914.parquet,real_data_sample\l2_unseen_validation\trade_date=2026-07-17\exchange=NSE\symbol=RELIANCE\part-052615_276597-013914.parquet,36247,downloaded,36247,
2026-07-17,NSE,RELIANCE,raw_l2/trade_date=2026-07-17/exchange=NSE/symbol=RELIANCE/part-053043_769031-014522.parquet,real_data_sample\l2_unseen_validation\trade_date=2026-07-17\exchange=NSE\symbol=RELIANCE\part-053043_769031-014522.parquet,34728,downloaded,34728,
2026-07-17,NSE,RELIANCE,raw_l2/trade_date=2026-07-17/exchange=NSE/symbol=RELIANCE/part-053236_713882-014778.parquet,real_data_sample\l2_unseen_validation\trade_date=2026-07-17\exchange=NSE\symbol=RELIANCE\part-053236_713882-014778.parquet,34848,downloaded,34848,
2026-07-17,NSE,RELIANCE,raw_l2/trade_date=2026-07-17/exchange=NSE/symbol=RELIANCE/part-053057_750950-014554.parquet,real_data_sample\l2_unseen_validation\trade_date=2026-07-17\exchange=NSE\symbol=RELIANCE\part-053057_750950-014554.parquet,34655,downloaded,34655,
2026-07-17,NSE,RELIANCE,raw_l2/trade_date=2026-07-17/exchange=NSE/symbol=RELIANCE/part-053250_700911-014810.parquet,real_data_sample\l2_unseen_validation\trade_date=2026-07-17\exchange=NSE\symbol=RELIANCE\part-053250_700911-014810.parquet,34628,downloaded,34628,
2026-07-17,NSE,RELIANCE,raw_l2/trade_date=2026-07-17/exchange=NSE/symbol=RELIANCE/part-053208_630734-014714.parquet,real_data_sample\l2_unseen_validation\trade_date=2026-07-17\exchange=NSE\symbol=RELIANCE\part-053208_630734-014714.parquet,34852,downloaded,34852,
2026-07-17,NSE,RELIANCE,raw_l2/trade_date=2026-07-17/exchange=NSE/symbol=RELIANCE/part-053456_236362-015098.parquet,real_data_sample\l2_unseen_validation\trade_date=2026-07-17\exchange=NSE\symbol=RELIANCE\part-053456_236362-015098.parquet,34747,downloaded,34747,
2026-07-17,NSE,RELIANCE,raw_l2/trade_date=2026-07-17/exchange=NSE/symbol=RELIANCE/part-053222_725944-014746.parquet,real_data_sample\l2_unseen_validation\trade_date=2026-07-17\exchange=NSE\symbol=RELIANCE\part-053222_725944-014746.parquet,34825,downloaded,34825,
2026-07-17,NSE,RELIANCE,raw_l2/trade_date=2026-07-17/exchange=NSE/symbol=RELIANCE/part-053318_927368-014874.parquet,real_data_sample\l2_unseen_validation\trade_date=2026-07-17\exchange=NSE\symbol=RELIANCE\part-053318_927368-014874.parquet,35144,downloaded,35144,
2026-07-17,NSE,RELIANCE,raw_l2/trade_date=2026-07-17/exchange=NSE/symbol=RELIANCE/part-053333_103889-014906.parquet,real_data_sample\l2_unseen_validation\trade_date=2026-07-17\exchange=NSE\symbol=RELIANCE\part-053333_103889-014906.parquet,35936,downloaded,35936,
2026-07-17,NSE,RELIANCE,raw_l2/trade_date=2026-07-17/exchange=NSE/symbol=RELIANCE/part-053140_636911-014650.parquet,real_data_sample\l2_unseen_validation\trade_date=2026-07-17\exchange=NSE\symbol=RELIANCE\part-053140_636911-014650.parquet,34768,downloaded,34768,
2026-07-17,NSE,RELIANCE,raw_l2/trade_date=2026-07-17/exchange=NSE/symbol=RELIANCE/part-053304_844850-014842.parquet,real_data_sample\l2_unseen_validation\trade_date=2026-07-17\exchange=NSE\symbol=RELIANCE\part-053304_844850-014842.parquet,34949,downloaded,34949,
2026-07-17,NSE,RELIANCE,raw_l2/trade_date=2026-07-17/exchange=NSE/symbol=RELIANCE/part-053538_022874-015194.parquet,real_data_sample\l2_unseen_validation\trade_date=2026-07-17\exchange=NSE\symbol=RELIANCE\part-053538_022874-015194.parquet,34711,downloaded,34711,
2026-07-17,NSE,RELIANCE,raw_l2/trade_date=2026-07-17/exchange=NSE/symbol=RELIANCE/part-053126_665580-014618.parquet,real_data_sample\l2_unseen_validation\trade_date=2026-07-17\exchange=NSE\symbol=RELIANCE\part-053126_665580-014618.parquet,34712,downloaded,34712,
2026-07-17,NSE,RELIANCE,raw_l2/trade_date=2026-07-17/exchange=NSE/symbol=RELIANCE/part-053510_321433-015130.parquet,real_data_sample\l2_unseen_validation\trade_date=2026-07-17\exchange=NSE\symbol=RELIANCE\part-053510_321433-015130.parquet,34647,downloaded,34647,
2026-07-17,NSE,RELIANCE,raw_l2/trade_date=2026-07-17/exchange=NSE/symbol=RELIANCE/part-053605_609458-015258.parquet,real_data_sample\l2_unseen_validation\trade_date=2026-07-17\exchange=NSE\symbol=RELIANCE\part-053605_609458-015258.parquet,34915,downloaded,34915,
2026-07-17,NSE,RELIANCE,raw_l2/trade_date=2026-07-17/exchange=NSE/symbol=RELIANCE/part-053729_576659-015450.parquet,real_data_sample\l2_unseen_validation\trade_date=2026-07-17\exchange=NSE\symbol=RELIANCE\part-053729_576659-015450.parquet,34983,downloaded,34983,
2026-07-17,NSE,RELIANCE,raw_l2/trade_date=2026-07-17/exchange=NSE/symbol=RELIANCE/part-053442_612144-015066.parquet,real_data_sample\l2_unseen_validation\trade_date=2026-07-17\exchange=NSE\symbol=RELIANCE\part-053442_612144-015066.parquet,34604,downloaded,34604,
2026-07-17,NSE,RELIANCE,raw_l2/trade_date=2026-07-17/exchange=NSE/symbol=RELIANCE/part-053551_896532-015226.parquet,real_data_sample\l2_unseen_validation\trade_date=2026-07-17\exchange=NSE\symbol=RELIANCE\part-053551_896532-015226.parquet,34818,downloaded,34818,
2026-07-17,NSE,RELIANCE,raw_l2/trade_date=2026-07-17/exchange=NSE/symbol=RELIANCE/part-053346_848620-014938.parquet,real_data_sample\l2_unseen_validation\trade_date=2026-07-17\exchange=NSE\symbol=RELIANCE\part-053346_848620-014938.parquet,35927,downloaded,35927,
2026-07-17,NSE,RELIANCE,raw_l2/trade_date=2026-07-17/exchange=NSE/symbol=RELIANCE/part-053428_849618-015034.parquet,real_data_sample\l2_unseen_validation\trade_date=2026-07-17\exchange=NSE\symbol=RELIANCE\part-053428_849618-015034.parquet,34797,downloaded,34797,
2026-07-17,NSE,RELIANCE,raw_l2/trade_date=2026-07-17/exchange=NSE/symbol=RELIANCE/part-053619_674291-015290.parquet,real_data_sample\l2_unseen_validation\trade_date=2026-07-17\exchange=NSE\symbol=RELIANCE\part-053619_674291-015290.parquet,34887,downloaded,34887,
2026-07-17,NSE,RELIANCE,raw_l2/trade_date=2026-07-17/exchange=NSE/symbol=RELIANCE/part-053112_494095-014586.parquet,real_data_sample\l2_unseen_validation\trade_date=2026-07-17\exchange=NSE\symbol=RELIANCE\part-053112_494095-014586.parquet,34681,downloaded,34681,
2026-07-17,NSE,RELIANCE,raw_l2/trade_date=2026-07-17/exchange=NSE/symbol=RELIANCE/part-053154_445926-014682.parquet,real_data_sample\l2_unseen_validation\trade_date=2026-07-17\exchange=NSE\symbol=RELIANCE\part-053154_445926-014682.parquet,34844,downloaded,34844,
2026-07-17,NSE,RELIANCE,raw_l2/trade_date=2026-07-17/exchange=NSE/symbol=RELIANCE/part-053415_070997-015002.parquet,real_data_sample\l2_unseen_validation\trade_date=2026-07-17\exchange=NSE\symbol=RELIANCE\part-053415_070997-015002.parquet,35444,downloaded,35444,
2026-07-17,NSE,RELIANCE,raw_l2/trade_date=2026-07-17/exchange=NSE/symbol=RELIANCE/part-053647_852169-015354.parquet,real_data_sample\l2_unseen_validation\trade_date=2026-07-17\exchange=NSE\symbol=RELIANCE\part-053647_852169-015354.parquet,34855,downloaded,34855,
2026-07-17,NSE,RELIANCE,raw_l2/trade_date=2026-07-17/exchange=NSE/symbol=RELIANCE/part-053524_176622-015162.parquet,real_data_sample\l2_unseen_validation\trade_date=2026-07-17\exchange=NSE\symbol=RELIANCE\part-053524_176622-015162.parquet,34948,downloaded,34948,
2026-07-17,NSE,RELIANCE,raw_l2/trade_date=2026-07-17/exchange=NSE/symbol=RELIANCE/part-053401_039386-014970.parquet,real_data_sample\l2_unseen_validation\trade_date=2026-07-17\exchange=NSE\symbol=RELIANCE\part-053401_039386-014970.parquet,35763,downloaded,35763,
2026-07-17,NSE,RELIANCE,raw_l2/trade_date=2026-07-17/exchange=NSE/symbol=RELIANCE/part-053715_726853-015418.parquet,real_data_sample\l2_unseen_validation\trade_date=2026-07-17\exchange=NSE\symbol=RELIANCE\part-053715_726853-015418.parquet,35103,downloaded,35103,
2026-07-17,NSE,RELIANCE,raw_l2/trade_date=2026-07-17/exchange=NSE/symbol=RELIANCE/part-053633_884860-015322.parquet,real_data_sample\l2_unseen_validation\trade_date=2026-07-17\exchange=NSE\symbol=RELIANCE\part-053633_884860-015322.parquet,34691,downloaded,34691,
2026-07-17,NSE,RELIANCE,raw_l2/trade_date=2026-07-17/exchange=NSE/symbol=RELIANCE/part-053701_765677-015386.parquet,real_data_sample\l2_unseen_validation\trade_date=2026-07-17\exchange=NSE\symbol=RELIANCE\part-053701_765677-015386.parquet,34769,downloaded,34769,
2026-07-17,NSE,RELIANCE,raw_l2/trade_date=2026-07-17/exchange=NSE/symbol=RELIANCE/part-053743_400579-015482.parquet,real_data_sample\l2_unseen_validation\trade_date=2026-07-17\exchange=NSE\symbol=RELIANCE\part-053743_400579-015482.parquet,34524,downloaded,34524,
2026-07-17,NSE,RELIANCE,raw_l2/trade_date=2026-07-17/exchange=NSE/symbol=RELIANCE/part-053825_302894-015578.parquet,real_data_sample\l2_unseen_validation\trade_date=2026-07-17\exchange=NSE\symbol=RELIANCE\part-053825_302894-015578.parquet,36216,downloaded,36216,
2026-07-17,NSE,RELIANCE,raw_l2/trade_date=2026-07-17/exchange=NSE/symbol=RELIANCE/part-053757_313361-015514.parquet,real_data_sample\l2_unseen_validation\trade_date=2026-07-17\exchange=NSE\symbol=RELIANCE\part-053757_313361-015514.parquet,34824,downloaded,34824,
2026-07-17,NSE,RELIANCE,raw_l2/trade_date=2026-07-17/exchange=NSE/symbol=RELIANCE/part-053811_198267-015546.parquet,real_data_sample\l2_unseen_validation\trade_date=2026-07-17\exchange=NSE\symbol=RELIANCE\part-053811_198267-015546.parquet,34799,downloaded,34799,
2026-07-17,NSE,RELIANCE,raw_l2/trade_date=2026-07-17/exchange=NSE/symbol=RELIANCE/part-054235_616883-016154.parquet,real_data_sample\l2_unseen_validation\trade_date=2026-07-17\exchange=NSE\symbol=RELIANCE\part-054235_616883-016154.parquet,35680,downloaded,35680,
2026-07-17,NSE,RELIANCE,raw_l2/trade_date=2026-07-17/exchange=NSE/symbol=RELIANCE/part-052327_357100-013530.parquet,real_data_sample\l2_unseen_validation\trade_date=2026-07-17\exchange=NSE\symbol=RELIANCE\part-052327_357100-013530.parquet,35870,downloaded,35870,
2026-07-17,NSE,RELIANCE,raw_l2/trade_date=2026-07-17/exchange=NSE/symbol=RELIANCE/part-053839_416477-015610.parquet,real_data_sample\l2_unseen_validation\trade_date=2026-07-17\exchange=NSE\symbol=RELIANCE\part-053839_416477-015610.parquet,36179,downloaded,36179,
2026-07-17,NSE,RELIANCE,raw_l2/trade_date=2026-07-17/exchange=NSE/symbol=RELIANCE/part-053935_093691-015738.parquet,real_data_sample\l2_unseen_validation\trade_date=2026-07-17\exchange=NSE\symbol=RELIANCE\part-053935_093691-015738.parquet,35686,downloaded,35686,
2026-07-17,NSE,RELIANCE,raw_l2/trade_date=2026-07-17/exchange=NSE/symbol=RELIANCE/part-054112_584368-015962.parquet,real_data_sample\l2_unseen_validation\trade_date=2026-07-17\exchange=NSE\symbol=RELIANCE\part-054112_584368-015962.parquet,35026,downloaded,35026,
2026-07-17,NSE,RELIANCE,raw_l2/trade_date=2026-07-17/exchange=NSE/symbol=RELIANCE/part-053948_881665-015770.parquet,real_data_sample\l2_unseen_validation\trade_date=2026-07-17\exchange=NSE\symbol=RELIANCE\part-053948_881665-015770.parquet,35900,downloaded,35900,
2026-07-17,NSE,RELIANCE,raw_l2/trade_date=2026-07-17/exchange=NSE/symbol=RELIANCE/part-054249_709150-016186.parquet,real_data_sample\l2_unseen_validation\trade_date=2026-07-17\exchange=NSE\symbol=RELIANCE\part-054249_709150-016186.parquet,35204,downloaded,35204,
2026-07-17,NSE,RELIANCE,raw_l2/trade_date=2026-07-17/exchange=NSE/symbol=RELIANCE/part-053907_088542-015674.parquet,real_data_sample\l2_unseen_validation\trade_date=2026-07-17\exchange=NSE\symbol=RELIANCE\part-053907_088542-015674.parquet,36126,downloaded,36126,
2026-07-17,NSE,RELIANCE,raw_l2/trade_date=2026-07-17/exchange=NSE/symbol=RELIANCE/part-054003_057797-015802.parquet,real_data_sample\l2_unseen_validation\trade_date=2026-07-17\exchange=NSE\symbol=RELIANCE\part-054003_057797-015802.parquet,35784,downloaded,35784,
2026-07-17,NSE,RELIANCE,raw_l2/trade_date=2026-07-17/exchange=NSE/symbol=RELIANCE/part-054221_870044-016122.parquet,real_data_sample\l2_unseen_validation\trade_date=2026-07-17\exchange=NSE\symbol=RELIANCE\part-054221_870044-016122.parquet,35911,downloaded,35911,
2026-07-17,NSE,RELIANCE,raw_l2/trade_date=2026-07-17/exchange=NSE/symbol=RELIANCE/part-054345_340488-016314.parquet,real_data_sample\l2_unseen_validation\trade_date=2026-07-17\exchange=NSE\symbol=RELIANCE\part-054345_340488-016314.parquet,34742,downloaded,34742,
2026-07-17,NSE,RELIANCE,raw_l2/trade_date=2026-07-17/exchange=NSE/symbol=RELIANCE/part-054126_352630-015994.parquet,real_data_sample\l2_unseen_validation\trade_date=2026-07-17\exchange=NSE\symbol=RELIANCE\part-054126_352630-015994.parquet,36032,downloaded,36032,
2026-07-17,NSE,RELIANCE,raw_l2/trade_date=2026-07-17/exchange=NSE/symbol=RELIANCE/part-054030_820188-015866.parquet,real_data_sample\l2_unseen_validation\trade_date=2026-07-17\exchange=NSE\symbol=RELIANCE\part-054030_820188-015866.parquet,34820,downloaded,34820,
2026-07-17,NSE,RELIANCE,raw_l2/trade_date=2026-07-17/exchange=NSE/symbol=RELIANCE/part-053921_237163-015706.parquet,real_data_sample\l2_unseen_validation\trade_date=2026-07-17\exchange=NSE\symbol=RELIANCE\part-053921_237163-015706.parquet,36067,downloaded,36067,
2026-07-17,NSE,RELIANCE,raw_l2/trade_date=2026-07-17/exchange=NSE/symbol=RELIANCE/part-054058_656523-015930.parquet,real_data_sample\l2_unseen_validation\trade_date=2026-07-17\exchange=NSE\symbol=RELIANCE\part-054058_656523-015930.parquet,34763,downloaded,34763,
2026-07-17,NSE,RELIANCE,raw_l2/trade_date=2026-07-17/exchange=NSE/symbol=RELIANCE/part-054140_090861-016026.parquet,real_data_sample\l2_unseen_validation\trade_date=2026-07-17\exchange=NSE\symbol=RELIANCE\part-054140_090861-016026.parquet,36272,downloaded,36272,
2026-07-17,NSE,RELIANCE,raw_l2/trade_date=2026-07-17/exchange=NSE/symbol=RELIANCE/part-054153_925799-016058.parquet,real_data_sample\l2_unseen_validation\trade_date=2026-07-17\exchange=NSE\symbol=RELIANCE\part-054153_925799-016058.parquet,35828,downloaded,35828,
2026-07-17,NSE,RELIANCE,raw_l2/trade_date=2026-07-17/exchange=NSE/symbol=RELIANCE/part-054207_864394-016090.parquet,real_data_sample\l2_unseen_validation\trade_date=2026-07-17\exchange=NSE\symbol=RELIANCE\part-054207_864394-016090.parquet,35919,downloaded,35919,
2026-07-17,NSE,RELIANCE,raw_l2/trade_date=2026-07-17/exchange=NSE/symbol=RELIANCE/part-054044_720631-015898.parquet,real_data_sample\l2_unseen_validation\trade_date=2026-07-17\exchange=NSE\symbol=RELIANCE\part-054044_720631-015898.parquet,34807,downloaded,34807,
2026-07-17,NSE,RELIANCE,raw_l2/trade_date=2026-07-17/exchange=NSE/symbol=RELIANCE/part-053853_319774-015642.parquet,real_data_sample\l2_unseen_validation\trade_date=2026-07-17\exchange=NSE\symbol=RELIANCE\part-053853_319774-015642.parquet,36132,downloaded,36132,
2026-07-17,NSE,RELIANCE,raw_l2/trade_date=2026-07-17/exchange=NSE/symbol=RELIANCE/part-054016_771206-015834.parquet,real_data_sample\l2_unseen_validation\trade_date=2026-07-17\exchange=NSE\symbol=RELIANCE\part-054016_771206-015834.parquet,35737,downloaded,35737,
2026-07-17,NSE,RELIANCE,raw_l2/trade_date=2026-07-17/exchange=NSE/symbol=RELIANCE/part-054303_674420-016218.parquet,real_data_sample\l2_unseen_validation\trade_date=2026-07-17\exchange=NSE\symbol=RELIANCE\part-054303_674420-016218.parquet,35576,downloaded,35576,
2026-07-17,NSE,RELIANCE,raw_l2/trade_date=2026-07-17/exchange=NSE/symbol=RELIANCE/part-054359_198247-016346.parquet,real_data_sample\l2_unseen_validation\trade_date=2026-07-17\exchange=NSE\symbol=RELIANCE\part-054359_198247-016346.parquet,34791,downloaded,34791,
2026-07-17,NSE,RELIANCE,raw_l2/trade_date=2026-07-17/exchange=NSE/symbol=RELIANCE/part-054413_181894-016378.parquet,real_data_sample\l2_unseen_validation\trade_date=2026-07-17\exchange=NSE\symbol=RELIANCE\part-054413_181894-016378.parquet,35081,downloaded,35081,
2026-07-17,NSE,RELIANCE,raw_l2/trade_date=2026-07-17/exchange=NSE/symbol=RELIANCE/part-054331_469969-016282.parquet,real_data_sample\l2_unseen_validation\trade_date=2026-07-17\exchange=NSE\symbol=RELIANCE\part-054331_469969-016282.parquet,34892,downloaded,34892,
2026-07-17,NSE,RELIANCE,raw_l2/trade_date=2026-07-17/exchange=NSE/symbol=RELIANCE/part-054317_586416-016250.parquet,real_data_sample\l2_unseen_validation\trade_date=2026-07-17\exchange=NSE\symbol=RELIANCE\part-054317_586416-016250.parquet,35294,downloaded,35294,
2026-07-17,NSE,RELIANCE,raw_l2/trade_date=2026-07-17/exchange=NSE/symbol=RELIANCE/part-054440_874514-016442.parquet,real_data_sample\l2_unseen_validation\trade_date=2026-07-17\exchange=NSE\symbol=RELIANCE\part-054440_874514-016442.parquet,35003,downloaded,35003,
2026-07-17,NSE,RELIANCE,raw_l2/trade_date=2026-07-17/exchange=NSE/symbol=RELIANCE/part-054454_869338-016474.parquet,real_data_sample\l2_unseen_validation\trade_date=2026-07-17\exchange=NSE\symbol=RELIANCE\part-054454_869338-016474.parquet,34918,downloaded,34918,
2026-07-17,NSE,RELIANCE,raw_l2/trade_date=2026-07-17/exchange=NSE/symbol=RELIANCE/part-054508_631787-016506.parquet,real_data_sample\l2_unseen_validation\trade_date=2026-07-17\exchange=NSE\symbol=RELIANCE\part-054508_631787-016506.parquet,34885,downloaded,34885,
2026-07-17,NSE,RELIANCE,raw_l2/trade_date=2026-07-17/exchange=NSE/symbol=RELIANCE/part-054536_437444-016570.parquet,real_data_sample\l2_unseen_validation\trade_date=2026-07-17\exchange=NSE\symbol=RELIANCE\part-054536_437444-016570.parquet,35730,downloaded,35730,
2026-07-17,NSE,RELIANCE,raw_l2/trade_date=2026-07-17/exchange=NSE/symbol=RELIANCE/part-054522_571651-016538.parquet,real_data_sample\l2_unseen_validation\trade_date=2026-07-17\exchange=NSE\symbol=RELIANCE\part-054522_571651-016538.parquet,36021,downloaded,36021,
2026-07-17,NSE,RELIANCE,raw_l2/trade_date=2026-07-17/exchange=NSE/symbol=RELIANCE/part-054604_216995-016634.parquet,real_data_sample\l2_unseen_validation\trade_date=2026-07-17\exchange=NSE\symbol=RELIANCE\part-054604_216995-016634.parquet,36239,downloaded,36239,
2026-07-17,NSE,RELIANCE,raw_l2/trade_date=2026-07-17/exchange=NSE/symbol=RELIANCE/part-054618_094333-016666.parquet,real_data_sample\l2_unseen_validation\trade_date=2026-07-17\exchange=NSE\symbol=RELIANCE\part-054618_094333-016666.parquet,36287,downloaded,36287,
2026-07-17,NSE,RELIANCE,raw_l2/trade_date=2026-07-17/exchange=NSE/symbol=RELIANCE/part-054631_825414-016698.parquet,real_data_sample\l2_unseen_validation\trade_date=2026-07-17\exchange=NSE\symbol=RELIANCE\part-054631_825414-016698.parquet,36238,downloaded,36238,
2026-07-17,NSE,RELIANCE,raw_l2/trade_date=2026-07-17/exchange=NSE/symbol=RELIANCE/part-054645_635317-016730.parquet,real_data_sample\l2_unseen_validation\trade_date=2026-07-17\exchange=NSE\symbol=RELIANCE\part-054645_635317-016730.parquet,36396,downloaded,36396,
2026-07-17,NSE,RELIANCE,raw_l2/trade_date=2026-07-17/exchange=NSE/symbol=RELIANCE/part-055229_691680-017498.parquet,real_data_sample\l2_unseen_validation\trade_date=2026-07-17\exchange=NSE\symbol=RELIANCE\part-055229_691680-017498.parquet,36045,downloaded,36045,
2026-07-17,NSE,RELIANCE,raw_l2/trade_date=2026-07-17/exchange=NSE/symbol=RELIANCE/part-054550_391100-016602.parquet,real_data_sample\l2_unseen_validation\trade_date=2026-07-17\exchange=NSE\symbol=RELIANCE\part-054550_391100-016602.parquet,36109,downloaded,36109,
2026-07-17,NSE,RELIANCE,raw_l2/trade_date=2026-07-17/exchange=NSE/symbol=RELIANCE/part-054755_997893-016890.parquet,real_data_sample\l2_unseen_validation\trade_date=2026-07-17\exchange=NSE\symbol=RELIANCE\part-054755_997893-016890.parquet,36027,downloaded,36027,
2026-07-17,NSE,RELIANCE,raw_l2/trade_date=2026-07-17/exchange=NSE/symbol=RELIANCE/part-054727_793297-016826.parquet,real_data_sample\l2_unseen_validation\trade_date=2026-07-17\exchange=NSE\symbol=RELIANCE\part-054727_793297-016826.parquet,36057,downloaded,36057,
2026-07-17,NSE,RELIANCE,raw_l2/trade_date=2026-07-17/exchange=NSE/symbol=RELIANCE/part-055200_764063-017434.parquet,real_data_sample\l2_unseen_validation\trade_date=2026-07-17\exchange=NSE\symbol=RELIANCE\part-055200_764063-017434.parquet,36058,downloaded,36058,
2026-07-17,NSE,RELIANCE,raw_l2/trade_date=2026-07-17/exchange=NSE/symbol=RELIANCE/part-054824_233873-016954.parquet,real_data_sample\l2_unseen_validation\trade_date=2026-07-17\exchange=NSE\symbol=RELIANCE\part-054824_233873-016954.parquet,36132,downloaded,36132,
2026-07-17,NSE,RELIANCE,raw_l2/trade_date=2026-07-17/exchange=NSE/symbol=RELIANCE/part-055244_699870-017530.parquet,real_data_sample\l2_unseen_validation\trade_date=2026-07-17\exchange=NSE\symbol=RELIANCE\part-055244_699870-017530.parquet,36204,downloaded,36204,
2026-07-17,NSE,RELIANCE,raw_l2/trade_date=2026-07-17/exchange=NSE/symbol=RELIANCE/part-054741_889755-016858.parquet,real_data_sample\l2_unseen_validation\trade_date=2026-07-17\exchange=NSE\symbol=RELIANCE\part-054741_889755-016858.parquet,35879,downloaded,35879,
2026-07-17,NSE,RELIANCE,raw_l2/trade_date=2026-07-17/exchange=NSE/symbol=RELIANCE/part-054659_513059-016762.parquet,real_data_sample\l2_unseen_validation\trade_date=2026-07-17\exchange=NSE\symbol=RELIANCE\part-054659_513059-016762.parquet,35928,downloaded,35928,
2026-07-17,NSE,RELIANCE,raw_l2/trade_date=2026-07-17/exchange=NSE/symbol=RELIANCE/part-054809_996379-016922.parquet,real_data_sample\l2_unseen_validation\trade_date=2026-07-17\exchange=NSE\symbol=RELIANCE\part-054809_996379-016922.parquet,36040,downloaded,36040,
2026-07-17,NSE,RELIANCE,raw_l2/trade_date=2026-07-17/exchange=NSE/symbol=RELIANCE/part-055131_372437-017370.parquet,real_data_sample\l2_unseen_validation\trade_date=2026-07-17\exchange=NSE\symbol=RELIANCE\part-055131_372437-017370.parquet,36378,downloaded,36378,
2026-07-17,NSE,RELIANCE,raw_l2/trade_date=2026-07-17/exchange=NSE/symbol=RELIANCE/part-055004_195994-017178.parquet,real_data_sample\l2_unseen_validation\trade_date=2026-07-17\exchange=NSE\symbol=RELIANCE\part-055004_195994-017178.parquet,36349,downloaded,36349,
2026-07-17,NSE,RELIANCE,raw_l2/trade_date=2026-07-17/exchange=NSE/symbol=RELIANCE/part-054949_507787-017146.parquet,real_data_sample\l2_unseen_validation\trade_date=2026-07-17\exchange=NSE\symbol=RELIANCE\part-054949_507787-017146.parquet,36490,downloaded,36490,
2026-07-17,NSE,RELIANCE,raw_l2/trade_date=2026-07-17/exchange=NSE/symbol=RELIANCE/part-055145_976525-017402.parquet,real_data_sample\l2_unseen_validation\trade_date=2026-07-17\exchange=NSE\symbol=RELIANCE\part-055145_976525-017402.parquet,36210,downloaded,36210,
2026-07-17,NSE,RELIANCE,raw_l2/trade_date=2026-07-17/exchange=NSE/symbol=RELIANCE/part-055018_394366-017210.parquet,real_data_sample\l2_unseen_validation\trade_date=2026-07-17\exchange=NSE\symbol=RELIANCE\part-055018_394366-017210.parquet,36165,downloaded,36165,
2026-07-17,NSE,RELIANCE,raw_l2/trade_date=2026-07-17/exchange=NSE/symbol=RELIANCE/part-054713_637690-016794.parquet,real_data_sample\l2_unseen_validation\trade_date=2026-07-17\exchange=NSE\symbol=RELIANCE\part-054713_637690-016794.parquet,35607,downloaded,35607,
2026-07-17,NSE,RELIANCE,raw_l2/trade_date=2026-07-17/exchange=NSE/symbol=RELIANCE/part-054935_245302-017114.parquet,real_data_sample\l2_unseen_validation\trade_date=2026-07-17\exchange=NSE\symbol=RELIANCE\part-054935_245302-017114.parquet,36319,downloaded,36319,
2026-07-17,NSE,RELIANCE,raw_l2/trade_date=2026-07-17/exchange=NSE/symbol=RELIANCE/part-055215_142590-017466.parquet,real_data_sample\l2_unseen_validation\trade_date=2026-07-17\exchange=NSE\symbol=RELIANCE\part-055215_142590-017466.parquet,36453,downloaded,36453,
2026-07-17,NSE,RELIANCE,raw_l2/trade_date=2026-07-17/exchange=NSE/symbol=RELIANCE/part-055047_206576-017274.parquet,real_data_sample\l2_unseen_validation\trade_date=2026-07-17\exchange=NSE\symbol=RELIANCE\part-055047_206576-017274.parquet,36589,downloaded,36589,
2026-07-17,NSE,RELIANCE,raw_l2/trade_date=2026-07-17/exchange=NSE/symbol=RELIANCE/part-055032_588387-017242.parquet,real_data_sample\l2_unseen_validation\trade_date=2026-07-17\exchange=NSE\symbol=RELIANCE\part-055032_588387-017242.parquet,36388,downloaded,36388,
2026-07-17,NSE,RELIANCE,raw_l2/trade_date=2026-07-17/exchange=NSE/symbol=RELIANCE/part-052409_421496-013626.parquet,real_data_sample\l2_unseen_validation\trade_date=2026-07-17\exchange=NSE\symbol=RELIANCE\part-052409_421496-013626.parquet,35958,downloaded,35958,
2026-07-17,NSE,RELIANCE,raw_l2/trade_date=2026-07-17/exchange=NSE/symbol=RELIANCE/part-055259_177498-017562.parquet,real_data_sample\l2_unseen_validation\trade_date=2026-07-17\exchange=NSE\symbol=RELIANCE\part-055259_177498-017562.parquet,35965,downloaded,35965,
2026-07-17,NSE,RELIANCE,raw_l2/trade_date=2026-07-17/exchange=NSE/symbol=RELIANCE/part-055116_280299-017338.parquet,real_data_sample\l2_unseen_validation\trade_date=2026-07-17\exchange=NSE\symbol=RELIANCE\part-055116_280299-017338.parquet,36438,downloaded,36438,
2026-07-17,NSE,RELIANCE,raw_l2/trade_date=2026-07-17/exchange=NSE/symbol=RELIANCE/part-054920_919268-017082.parquet,real_data_sample\l2_unseen_validation\trade_date=2026-07-17\exchange=NSE\symbol=RELIANCE\part-054920_919268-017082.parquet,35875,downloaded,35875,
2026-07-17,NSE,RELIANCE,raw_l2/trade_date=2026-07-17/exchange=NSE/symbol=RELIANCE/part-054852_608987-017018.parquet,real_data_sample\l2_unseen_validation\trade_date=2026-07-17\exchange=NSE\symbol=RELIANCE\part-054852_608987-017018.parquet,36177,downloaded,36177,
2026-07-17,NSE,RELIANCE,raw_l2/trade_date=2026-07-17/exchange=NSE/symbol=RELIANCE/part-055101_887272-017306.parquet,real_data_sample\l2_unseen_validation\trade_date=2026-07-17\exchange=NSE\symbol=RELIANCE\part-055101_887272-017306.parquet,36160,downloaded,36160,
2026-07-17,NSE,RELIANCE,raw_l2/trade_date=2026-07-17/exchange=NSE/symbol=RELIANCE/part-054838_539239-016986.parquet,real_data_sample\l2_unseen_validation\trade_date=2026-07-17\exchange=NSE\symbol=RELIANCE\part-054838_539239-016986.parquet,36321,downloaded,36321,
2026-07-17,NSE,RELIANCE,raw_l2/trade_date=2026-07-17/exchange=NSE/symbol=RELIANCE/part-055313_577832-017594.parquet,real_data_sample\l2_unseen_validation\trade_date=2026-07-17\exchange=NSE\symbol=RELIANCE\part-055313_577832-017594.parquet,36579,downloaded,36579,
2026-07-17,NSE,RELIANCE,raw_l2/trade_date=2026-07-17/exchange=NSE/symbol=RELIANCE/part-054906_615260-017050.parquet,real_data_sample\l2_unseen_validation\trade_date=2026-07-17\exchange=NSE\symbol=RELIANCE\part-054906_615260-017050.parquet,35977,downloaded,35977,
2026-07-17,NSE,RELIANCE,raw_l2/trade_date=2026-07-17/exchange=NSE/symbol=RELIANCE/part-055327_581804-017626.parquet,real_data_sample\l2_unseen_validation\trade_date=2026-07-17\exchange=NSE\symbol=RELIANCE\part-055327_581804-017626.parquet,36112,downloaded,36112,
2026-07-17,NSE,RELIANCE,raw_l2/trade_date=2026-07-17/exchange=NSE/symbol=RELIANCE/part-054427_091817-016410.parquet,real_data_sample\l2_unseen_validation\trade_date=2026-07-17\exchange=NSE\symbol=RELIANCE\part-054427_091817-016410.parquet,34730,downloaded,34730,
2026-07-17,NSE,RELIANCE,raw_l2/trade_date=2026-07-17/exchange=NSE/symbol=RELIANCE/part-055342_189915-017658.parquet,real_data_sample\l2_unseen_validation\trade_date=2026-07-17\exchange=NSE\symbol=RELIANCE\part-055342_189915-017658.parquet,35909,downloaded,35909,
2026-07-17,NSE,RELIANCE,raw_l2/trade_date=2026-07-17/exchange=NSE/symbol=RELIANCE/part-055438_740161-017786.parquet,real_data_sample\l2_unseen_validation\trade_date=2026-07-17\exchange=NSE\symbol=RELIANCE\part-055438_740161-017786.parquet,34811,downloaded,34811,
2026-07-17,NSE,RELIANCE,raw_l2/trade_date=2026-07-17/exchange=NSE/symbol=RELIANCE/part-055356_459444-017690.parquet,real_data_sample\l2_unseen_validation\trade_date=2026-07-17\exchange=NSE\symbol=RELIANCE\part-055356_459444-017690.parquet,36003,downloaded,36003,
2026-07-17,NSE,RELIANCE,raw_l2/trade_date=2026-07-17/exchange=NSE/symbol=RELIANCE/part-055452_751722-017818.parquet,real_data_sample\l2_unseen_validation\trade_date=2026-07-17\exchange=NSE\symbol=RELIANCE\part-055452_751722-017818.parquet,35026,downloaded,35026,
2026-07-17,NSE,RELIANCE,raw_l2/trade_date=2026-07-17/exchange=NSE/symbol=RELIANCE/part-055424_754593-017754.parquet,real_data_sample\l2_unseen_validation\trade_date=2026-07-17\exchange=NSE\symbol=RELIANCE\part-055424_754593-017754.parquet,34859,downloaded,34859,
2026-07-17,NSE,RELIANCE,raw_l2/trade_date=2026-07-17/exchange=NSE/symbol=RELIANCE/part-055506_886993-017850.parquet,real_data_sample\l2_unseen_validation\trade_date=2026-07-17\exchange=NSE\symbol=RELIANCE\part-055506_886993-017850.parquet,35085,downloaded,35085,
2026-07-17,NSE,RELIANCE,raw_l2/trade_date=2026-07-17/exchange=NSE/symbol=RELIANCE/part-055520_762923-017882.parquet,real_data_sample\l2_unseen_validation\trade_date=2026-07-17\exchange=NSE\symbol=RELIANCE\part-055520_762923-017882.parquet,34792,downloaded,34792,
2026-07-17,NSE,RELIANCE,raw_l2/trade_date=2026-07-17/exchange=NSE/symbol=RELIANCE/part-055534_824667-017914.parquet,real_data_sample\l2_unseen_validation\trade_date=2026-07-17\exchange=NSE\symbol=RELIANCE\part-055534_824667-017914.parquet,34968,downloaded,34968,
2026-07-17,NSE,RELIANCE,raw_l2/trade_date=2026-07-17/exchange=NSE/symbol=RELIANCE/part-060003_449843-018522.parquet,real_data_sample\l2_unseen_validation\trade_date=2026-07-17\exchange=NSE\symbol=RELIANCE\part-060003_449843-018522.parquet,36654,downloaded,36654,
2026-07-17,NSE,RELIANCE,raw_l2/trade_date=2026-07-17/exchange=NSE/symbol=RELIANCE/part-055934_584371-018458.parquet,real_data_sample\l2_unseen_validation\trade_date=2026-07-17\exchange=NSE\symbol=RELIANCE\part-055934_584371-018458.parquet,36352,downloaded,36352,
2026-07-17,NSE,RELIANCE,raw_l2/trade_date=2026-07-17/exchange=NSE/symbol=RELIANCE/part-055852_212156-018362.parquet,real_data_sample\l2_unseen_validation\trade_date=2026-07-17\exchange=NSE\symbol=RELIANCE\part-055852_212156-018362.parquet,34874,downloaded,34874,
2026-07-17,NSE,RELIANCE,raw_l2/trade_date=2026-07-17/exchange=NSE/symbol=RELIANCE/part-055659_348283-018106.parquet,real_data_sample\l2_unseen_validation\trade_date=2026-07-17\exchange=NSE\symbol=RELIANCE\part-055659_348283-018106.parquet,35913,downloaded,35913,
2026-07-17,NSE,RELIANCE,raw_l2/trade_date=2026-07-17/exchange=NSE/symbol=RELIANCE/part-055755_605318-018234.parquet,real_data_sample\l2_unseen_validation\trade_date=2026-07-17\exchange=NSE\symbol=RELIANCE\part-055755_605318-018234.parquet,34782,downloaded,34782,
2026-07-17,NSE,RELIANCE,raw_l2/trade_date=2026-07-17/exchange=NSE/symbol=RELIANCE/part-055809_561669-018266.parquet,real_data_sample\l2_unseen_validation\trade_date=2026-07-17\exchange=NSE\symbol=RELIANCE\part-055809_561669-018266.parquet,34676,downloaded,34676,
2026-07-17,NSE,RELIANCE,raw_l2/trade_date=2026-07-17/exchange=NSE/symbol=RELIANCE/part-055631_141482-018042.parquet,real_data_sample\l2_unseen_validation\trade_date=2026-07-17\exchange=NSE\symbol=RELIANCE\part-055631_141482-018042.parquet,35946,downloaded,35946,
2026-07-17,NSE,RELIANCE,raw_l2/trade_date=2026-07-17/exchange=NSE/symbol=RELIANCE/part-055603_013779-017978.parquet,real_data_sample\l2_unseen_validation\trade_date=2026-07-17\exchange=NSE\symbol=RELIANCE\part-055603_013779-017978.parquet,34745,downloaded,34745,
2026-07-17,NSE,RELIANCE,raw_l2/trade_date=2026-07-17/exchange=NSE/symbol=RELIANCE/part-060017_592989-018554.parquet,real_data_sample\l2_unseen_validation\trade_date=2026-07-17\exchange=NSE\symbol=RELIANCE\part-060017_592989-018554.parquet,36456,downloaded,36456,
2026-07-17,NSE,RELIANCE,raw_l2/trade_date=2026-07-17/exchange=NSE/symbol=RELIANCE/part-055920_431655-018426.parquet,real_data_sample\l2_unseen_validation\trade_date=2026-07-17\exchange=NSE\symbol=RELIANCE\part-055920_431655-018426.parquet,35580,downloaded,35580,
2026-07-17,NSE,RELIANCE,raw_l2/trade_date=2026-07-17/exchange=NSE/symbol=RELIANCE/part-055617_036404-018010.parquet,real_data_sample\l2_unseen_validation\trade_date=2026-07-17\exchange=NSE\symbol=RELIANCE\part-055617_036404-018010.parquet,35254,downloaded,35254,
2026-07-17,NSE,RELIANCE,raw_l2/trade_date=2026-07-17/exchange=NSE/symbol=RELIANCE/part-055548_759773-017946.parquet,real_data_sample\l2_unseen_validation\trade_date=2026-07-17\exchange=NSE\symbol=RELIANCE\part-055548_759773-017946.parquet,34899,downloaded,34899,
2026-07-17,NSE,RELIANCE,raw_l2/trade_date=2026-07-17/exchange=NSE/symbol=RELIANCE/part-060045_925462-018618.parquet,real_data_sample\l2_unseen_validation\trade_date=2026-07-17\exchange=NSE\symbol=RELIANCE\part-060045_925462-018618.parquet,36183,downloaded,36183,
2026-07-17,NSE,RELIANCE,raw_l2/trade_date=2026-07-17/exchange=NSE/symbol=RELIANCE/part-055948_773584-018490.parquet,real_data_sample\l2_unseen_validation\trade_date=2026-07-17\exchange=NSE\symbol=RELIANCE\part-055948_773584-018490.parquet,36852,downloaded,36852,
2026-07-17,NSE,RELIANCE,raw_l2/trade_date=2026-07-17/exchange=NSE/symbol=RELIANCE/part-055823_671501-018298.parquet,real_data_sample\l2_unseen_validation\trade_date=2026-07-17\exchange=NSE\symbol=RELIANCE\part-055823_671501-018298.parquet,34698,downloaded,34698,
2026-07-17,NSE,RELIANCE,raw_l2/trade_date=2026-07-17/exchange=NSE/symbol=RELIANCE/part-055645_325556-018074.parquet,real_data_sample\l2_unseen_validation\trade_date=2026-07-17\exchange=NSE\symbol=RELIANCE\part-055645_325556-018074.parquet,35659,downloaded,35659,
2026-07-17,NSE,RELIANCE,raw_l2/trade_date=2026-07-17/exchange=NSE/symbol=RELIANCE/part-060031_726512-018586.parquet,real_data_sample\l2_unseen_validation\trade_date=2026-07-17\exchange=NSE\symbol=RELIANCE\part-060031_726512-018586.parquet,36042,downloaded,36042,
2026-07-17,NSE,RELIANCE,raw_l2/trade_date=2026-07-17/exchange=NSE/symbol=RELIANCE/part-060114_332412-018682.parquet,real_data_sample\l2_unseen_validation\trade_date=2026-07-17\exchange=NSE\symbol=RELIANCE\part-060114_332412-018682.parquet,36449,downloaded,36449,
2026-07-17,NSE,RELIANCE,raw_l2/trade_date=2026-07-17/exchange=NSE/symbol=RELIANCE/part-055727_409897-018170.parquet,real_data_sample\l2_unseen_validation\trade_date=2026-07-17\exchange=NSE\symbol=RELIANCE\part-055727_409897-018170.parquet,34671,downloaded,34671,
2026-07-17,NSE,RELIANCE,raw_l2/trade_date=2026-07-17/exchange=NSE/symbol=RELIANCE/part-055741_563640-018202.parquet,real_data_sample\l2_unseen_validation\trade_date=2026-07-17\exchange=NSE\symbol=RELIANCE\part-055741_563640-018202.parquet,34714,downloaded,34714,
2026-07-17,NSE,RELIANCE,raw_l2/trade_date=2026-07-17/exchange=NSE/symbol=RELIANCE/part-060100_211704-018650.parquet,real_data_sample\l2_unseen_validation\trade_date=2026-07-17\exchange=NSE\symbol=RELIANCE\part-060100_211704-018650.parquet,36189,downloaded,36189,
2026-07-17,NSE,RELIANCE,raw_l2/trade_date=2026-07-17/exchange=NSE/symbol=RELIANCE/part-055713_385796-018138.parquet,real_data_sample\l2_unseen_validation\trade_date=2026-07-17\exchange=NSE\symbol=RELIANCE\part-055713_385796-018138.parquet,35777,downloaded,35777,
2026-07-17,NSE,RELIANCE,raw_l2/trade_date=2026-07-17/exchange=NSE/symbol=RELIANCE/part-060142_484517-018746.parquet,real_data_sample\l2_unseen_validation\trade_date=2026-07-17\exchange=NSE\symbol=RELIANCE\part-060142_484517-018746.parquet,36432,downloaded,36432,
2026-07-17,NSE,RELIANCE,raw_l2/trade_date=2026-07-17/exchange=NSE/symbol=RELIANCE/part-055906_351780-018394.parquet,real_data_sample\l2_unseen_validation\trade_date=2026-07-17\exchange=NSE\symbol=RELIANCE\part-055906_351780-018394.parquet,34725,downloaded,34725,
2026-07-17,NSE,RELIANCE,raw_l2/trade_date=2026-07-17/exchange=NSE/symbol=RELIANCE/part-055410_674173-017722.parquet,real_data_sample\l2_unseen_validation\trade_date=2026-07-17\exchange=NSE\symbol=RELIANCE\part-055410_674173-017722.parquet,35713,downloaded,35713,
2026-07-17,NSE,RELIANCE,raw_l2/trade_date=2026-07-17/exchange=NSE/symbol=RELIANCE/part-060238_830365-018874.parquet,real_data_sample\l2_unseen_validation\trade_date=2026-07-17\exchange=NSE\symbol=RELIANCE\part-060238_830365-018874.parquet,36481,downloaded,36481,
2026-07-17,NSE,RELIANCE,raw_l2/trade_date=2026-07-17/exchange=NSE/symbol=RELIANCE/part-060224_824754-018842.parquet,real_data_sample\l2_unseen_validation\trade_date=2026-07-17\exchange=NSE\symbol=RELIANCE\part-060224_824754-018842.parquet,36791,downloaded,36791,
2026-07-17,NSE,RELIANCE,raw_l2/trade_date=2026-07-17/exchange=NSE/symbol=RELIANCE/part-060210_663862-018810.parquet,real_data_sample\l2_unseen_validation\trade_date=2026-07-17\exchange=NSE\symbol=RELIANCE\part-060210_663862-018810.parquet,36537,downloaded,36537,
2026-07-17,NSE,RELIANCE,raw_l2/trade_date=2026-07-17/exchange=NSE/symbol=RELIANCE/part-060156_549134-018778.parquet,real_data_sample\l2_unseen_validation\trade_date=2026-07-17\exchange=NSE\symbol=RELIANCE\part-060156_549134-018778.parquet,36027,downloaded,36027,
2026-07-17,NSE,RELIANCE,raw_l2/trade_date=2026-07-17/exchange=NSE/symbol=RELIANCE/part-060252_925162-018906.parquet,real_data_sample\l2_unseen_validation\trade_date=2026-07-17\exchange=NSE\symbol=RELIANCE\part-060252_925162-018906.parquet,35975,downloaded,35975,
2026-07-17,NSE,RELIANCE,raw_l2/trade_date=2026-07-17/exchange=NSE/symbol=RELIANCE/part-060128_314535-018714.parquet,real_data_sample\l2_unseen_validation\trade_date=2026-07-17\exchange=NSE\symbol=RELIANCE\part-060128_314535-018714.parquet,36302,downloaded,36302,
2026-07-17,NSE,RELIANCE,raw_l2/trade_date=2026-07-17/exchange=NSE/symbol=RELIANCE/part-060819_382429-019642.parquet,real_data_sample\l2_unseen_validation\trade_date=2026-07-17\exchange=NSE\symbol=RELIANCE\part-060819_382429-019642.parquet,34800,downloaded,34800,
2026-07-17,NSE,RELIANCE,raw_l2/trade_date=2026-07-17/exchange=NSE/symbol=RELIANCE/part-060902_366214-019738.parquet,real_data_sample\l2_unseen_validation\trade_date=2026-07-17\exchange=NSE\symbol=RELIANCE\part-060902_366214-019738.parquet,34950,downloaded,34950,
2026-07-17,NSE,RELIANCE,raw_l2/trade_date=2026-07-17/exchange=NSE/symbol=RELIANCE/part-060402_962042-019066.parquet,real_data_sample\l2_unseen_validation\trade_date=2026-07-17\exchange=NSE\symbol=RELIANCE\part-060402_962042-019066.parquet,36323,downloaded,36323,
2026-07-17,NSE,RELIANCE,raw_l2/trade_date=2026-07-17/exchange=NSE/symbol=RELIANCE/part-060916_396545-019770.parquet,real_data_sample\l2_unseen_validation\trade_date=2026-07-17\exchange=NSE\symbol=RELIANCE\part-060916_396545-019770.parquet,34891,downloaded,34891,
2026-07-17,NSE,RELIANCE,raw_l2/trade_date=2026-07-17/exchange=NSE/symbol=RELIANCE/part-060931_063245-019802.parquet,real_data_sample\l2_unseen_validation\trade_date=2026-07-17\exchange=NSE\symbol=RELIANCE\part-060931_063245-019802.parquet,34910,downloaded,34910,
2026-07-17,NSE,RELIANCE,raw_l2/trade_date=2026-07-17/exchange=NSE/symbol=RELIANCE/part-060945_287219-019834.parquet,real_data_sample\l2_unseen_validation\trade_date=2026-07-17\exchange=NSE\symbol=RELIANCE\part-060945_287219-019834.parquet,35097,downloaded,35097,
2026-07-17,NSE,RELIANCE,raw_l2/trade_date=2026-07-17/exchange=NSE/symbol=RELIANCE/part-060459_737335-019194.parquet,real_data_sample\l2_unseen_validation\trade_date=2026-07-17\exchange=NSE\symbol=RELIANCE\part-060459_737335-019194.parquet,35983,downloaded,35983,
2026-07-17,NSE,RELIANCE,raw_l2/trade_date=2026-07-17/exchange=NSE/symbol=RELIANCE/part-060623_716385-019386.parquet,real_data_sample\l2_unseen_validation\trade_date=2026-07-17\exchange=NSE\symbol=RELIANCE\part-060623_716385-019386.parquet,34796,downloaded,34796,
2026-07-17,NSE,RELIANCE,raw_l2/trade_date=2026-07-17/exchange=NSE/symbol=RELIANCE/part-060417_151584-019098.parquet,real_data_sample\l2_unseen_validation\trade_date=2026-07-17\exchange=NSE\symbol=RELIANCE\part-060417_151584-019098.parquet,36088,downloaded,36088,
2026-07-17,NSE,RELIANCE,raw_l2/trade_date=2026-07-17/exchange=NSE/symbol=RELIANCE/part-060652_089498-019450.parquet,real_data_sample\l2_unseen_validation\trade_date=2026-07-17\exchange=NSE\symbol=RELIANCE\part-060652_089498-019450.parquet,34582,downloaded,34582,
2026-07-17,NSE,RELIANCE,raw_l2/trade_date=2026-07-17/exchange=NSE/symbol=RELIANCE/part-060513_802344-019226.parquet,real_data_sample\l2_unseen_validation\trade_date=2026-07-17\exchange=NSE\symbol=RELIANCE\part-060513_802344-019226.parquet,35491,downloaded,35491,
2026-07-17,NSE,RELIANCE,raw_l2/trade_date=2026-07-17/exchange=NSE/symbol=RELIANCE/part-060307_025998-018938.parquet,real_data_sample\l2_unseen_validation\trade_date=2026-07-17\exchange=NSE\symbol=RELIANCE\part-060307_025998-018938.parquet,36177,downloaded,36177,
2026-07-17,NSE,RELIANCE,raw_l2/trade_date=2026-07-17/exchange=NSE/symbol=RELIANCE/part-060445_829812-019162.parquet,real_data_sample\l2_unseen_validation\trade_date=2026-07-17\exchange=NSE\symbol=RELIANCE\part-060445_829812-019162.parquet,35997,downloaded,35997,
2026-07-17,NSE,RELIANCE,raw_l2/trade_date=2026-07-17/exchange=NSE/symbol=RELIANCE/part-060431_558745-019130.parquet,real_data_sample\l2_unseen_validation\trade_date=2026-07-17\exchange=NSE\symbol=RELIANCE\part-060431_558745-019130.parquet,36218,downloaded,36218,
2026-07-17,NSE,RELIANCE,raw_l2/trade_date=2026-07-17/exchange=NSE/symbol=RELIANCE/part-060335_083847-019002.parquet,real_data_sample\l2_unseen_validation\trade_date=2026-07-17\exchange=NSE\symbol=RELIANCE\part-060335_083847-019002.parquet,36512,downloaded,36512,
2026-07-17,NSE,RELIANCE,raw_l2/trade_date=2026-07-17/exchange=NSE/symbol=RELIANCE/part-060804_918281-019610.parquet,real_data_sample\l2_unseen_validation\trade_date=2026-07-17\exchange=NSE\symbol=RELIANCE\part-060804_918281-019610.parquet,34925,downloaded,34925,
2026-07-17,NSE,RELIANCE,raw_l2/trade_date=2026-07-17/exchange=NSE/symbol=RELIANCE/part-060556_011440-019322.parquet,real_data_sample\l2_unseen_validation\trade_date=2026-07-17\exchange=NSE\symbol=RELIANCE\part-060556_011440-019322.parquet,34847,downloaded,34847,
2026-07-17,NSE,RELIANCE,raw_l2/trade_date=2026-07-17/exchange=NSE/symbol=RELIANCE/part-060705_989209-019482.parquet,real_data_sample\l2_unseen_validation\trade_date=2026-07-17\exchange=NSE\symbol=RELIANCE\part-060705_989209-019482.parquet,34541,downloaded,34541,
2026-07-17,NSE,RELIANCE,raw_l2/trade_date=2026-07-17/exchange=NSE/symbol=RELIANCE/part-060720_130359-019514.parquet,real_data_sample\l2_unseen_validation\trade_date=2026-07-17\exchange=NSE\symbol=RELIANCE\part-060720_130359-019514.parquet,34823,downloaded,34823,
2026-07-17,NSE,RELIANCE,raw_l2/trade_date=2026-07-17/exchange=NSE/symbol=RELIANCE/part-060734_390778-019546.parquet,real_data_sample\l2_unseen_validation\trade_date=2026-07-17\exchange=NSE\symbol=RELIANCE\part-060734_390778-019546.parquet,34867,downloaded,34867,
2026-07-17,NSE,RELIANCE,raw_l2/trade_date=2026-07-17/exchange=NSE/symbol=RELIANCE/part-060833_886601-019674.parquet,real_data_sample\l2_unseen_validation\trade_date=2026-07-17\exchange=NSE\symbol=RELIANCE\part-060833_886601-019674.parquet,34653,downloaded,34653,
2026-07-17,NSE,RELIANCE,raw_l2/trade_date=2026-07-17/exchange=NSE/symbol=RELIANCE/part-060609_903350-019354.parquet,real_data_sample\l2_unseen_validation\trade_date=2026-07-17\exchange=NSE\symbol=RELIANCE\part-060609_903350-019354.parquet,35016,downloaded,35016,
2026-07-17,NSE,RELIANCE,raw_l2/trade_date=2026-07-17/exchange=NSE/symbol=RELIANCE/part-060527_955884-019258.parquet,real_data_sample\l2_unseen_validation\trade_date=2026-07-17\exchange=NSE\symbol=RELIANCE\part-060527_955884-019258.parquet,34610,downloaded,34610,
2026-07-17,NSE,RELIANCE,raw_l2/trade_date=2026-07-17/exchange=NSE/symbol=RELIANCE/part-060748_983806-019578.parquet,real_data_sample\l2_unseen_validation\trade_date=2026-07-17\exchange=NSE\symbol=RELIANCE\part-060748_983806-019578.parquet,34683,downloaded,34683,
2026-07-17,NSE,RELIANCE,raw_l2/trade_date=2026-07-17/exchange=NSE/symbol=RELIANCE/part-061013_993994-019898.parquet,real_data_sample\l2_unseen_validation\trade_date=2026-07-17\exchange=NSE\symbol=RELIANCE\part-061013_993994-019898.parquet,34848,downloaded,34848,
2026-07-17,NSE,RELIANCE,raw_l2/trade_date=2026-07-17/exchange=NSE/symbol=RELIANCE/part-060959_610269-019866.parquet,real_data_sample\l2_unseen_validation\trade_date=2026-07-17\exchange=NSE\symbol=RELIANCE\part-060959_610269-019866.parquet,34979,downloaded,34979,
2026-07-17,NSE,RELIANCE,raw_l2/trade_date=2026-07-17/exchange=NSE/symbol=RELIANCE/part-055837_944836-018330.parquet,real_data_sample\l2_unseen_validation\trade_date=2026-07-17\exchange=NSE\symbol=RELIANCE\part-055837_944836-018330.parquet,34796,downloaded,34796,
2026-07-17,NSE,RELIANCE,raw_l2/trade_date=2026-07-17/exchange=NSE/symbol=RELIANCE/part-061042_551907-019962.parquet,real_data_sample\l2_unseen_validation\trade_date=2026-07-17\exchange=NSE\symbol=RELIANCE\part-061042_551907-019962.parquet,36141,downloaded,36141,
2026-07-17,NSE,RELIANCE,raw_l2/trade_date=2026-07-17/exchange=NSE/symbol=RELIANCE/part-061028_212337-019930.parquet,real_data_sample\l2_unseen_validation\trade_date=2026-07-17\exchange=NSE\symbol=RELIANCE\part-061028_212337-019930.parquet,35969,downloaded,35969,
2026-07-17,NSE,RELIANCE,raw_l2/trade_date=2026-07-17/exchange=NSE/symbol=RELIANCE/part-061154_699533-020122.parquet,real_data_sample\l2_unseen_validation\trade_date=2026-07-17\exchange=NSE\symbol=RELIANCE\part-061154_699533-020122.parquet,34831,downloaded,34831,
2026-07-17,NSE,RELIANCE,raw_l2/trade_date=2026-07-17/exchange=NSE/symbol=RELIANCE/part-061252_331365-020250.parquet,real_data_sample\l2_unseen_validation\trade_date=2026-07-17\exchange=NSE\symbol=RELIANCE\part-061252_331365-020250.parquet,34845,downloaded,34845,
2026-07-17,NSE,RELIANCE,raw_l2/trade_date=2026-07-17/exchange=NSE/symbol=RELIANCE/part-061237_975818-020218.parquet,real_data_sample\l2_unseen_validation\trade_date=2026-07-17\exchange=NSE\symbol=RELIANCE\part-061237_975818-020218.parquet,34687,downloaded,34687,
2026-07-17,NSE,RELIANCE,raw_l2/trade_date=2026-07-17/exchange=NSE/symbol=RELIANCE/part-061057_041099-019994.parquet,real_data_sample\l2_unseen_validation\trade_date=2026-07-17\exchange=NSE\symbol=RELIANCE\part-061057_041099-019994.parquet,35686,downloaded,35686,
2026-07-17,NSE,RELIANCE,raw_l2/trade_date=2026-07-17/exchange=NSE/symbol=RELIANCE/part-061111_368806-020026.parquet,real_data_sample\l2_unseen_validation\trade_date=2026-07-17\exchange=NSE\symbol=RELIANCE\part-061111_368806-020026.parquet,35731,downloaded,35731,
2026-07-17,NSE,RELIANCE,raw_l2/trade_date=2026-07-17/exchange=NSE/symbol=RELIANCE/part-061208_968725-020154.parquet,real_data_sample\l2_unseen_validation\trade_date=2026-07-17\exchange=NSE\symbol=RELIANCE\part-061208_968725-020154.parquet,34648,downloaded,34648,
2026-07-17,NSE,RELIANCE,raw_l2/trade_date=2026-07-17/exchange=NSE/symbol=RELIANCE/part-061125_781167-020058.parquet,real_data_sample\l2_unseen_validation\trade_date=2026-07-17\exchange=NSE\symbol=RELIANCE\part-061125_781167-020058.parquet,34834,downloaded,34834,
2026-07-17,NSE,RELIANCE,raw_l2/trade_date=2026-07-17/exchange=NSE/symbol=RELIANCE/part-061140_209007-020090.parquet,real_data_sample\l2_unseen_validation\trade_date=2026-07-17\exchange=NSE\symbol=RELIANCE\part-061140_209007-020090.parquet,34645,downloaded,34645,
2026-07-17,NSE,RELIANCE,raw_l2/trade_date=2026-07-17/exchange=NSE/symbol=RELIANCE/part-061223_515741-020186.parquet,real_data_sample\l2_unseen_validation\trade_date=2026-07-17\exchange=NSE\symbol=RELIANCE\part-061223_515741-020186.parquet,34654,downloaded,34654,
2026-07-17,NSE,RELIANCE,raw_l2/trade_date=2026-07-17/exchange=NSE/symbol=RELIANCE/part-061447_133635-020506.parquet,real_data_sample\l2_unseen_validation\trade_date=2026-07-17\exchange=NSE\symbol=RELIANCE\part-061447_133635-020506.parquet,34956,downloaded,34956,
2026-07-17,NSE,RELIANCE,raw_l2/trade_date=2026-07-17/exchange=NSE/symbol=RELIANCE/part-061306_799372-020282.parquet,real_data_sample\l2_unseen_validation\trade_date=2026-07-17\exchange=NSE\symbol=RELIANCE\part-061306_799372-020282.parquet,34863,downloaded,34863,
2026-07-17,NSE,RELIANCE,raw_l2/trade_date=2026-07-17/exchange=NSE/symbol=RELIANCE/part-061335_664383-020346.parquet,real_data_sample\l2_unseen_validation\trade_date=2026-07-17\exchange=NSE\symbol=RELIANCE\part-061335_664383-020346.parquet,34700,downloaded,34700,
2026-07-17,NSE,RELIANCE,raw_l2/trade_date=2026-07-17/exchange=NSE/symbol=RELIANCE/part-061432_926079-020474.parquet,real_data_sample\l2_unseen_validation\trade_date=2026-07-17\exchange=NSE\symbol=RELIANCE\part-061432_926079-020474.parquet,34630,downloaded,34630,
2026-07-17,NSE,RELIANCE,raw_l2/trade_date=2026-07-17/exchange=NSE/symbol=RELIANCE/part-061404_231468-020410.parquet,real_data_sample\l2_unseen_validation\trade_date=2026-07-17\exchange=NSE\symbol=RELIANCE\part-061404_231468-020410.parquet,34863,downloaded,34863,
2026-07-17,NSE,RELIANCE,raw_l2/trade_date=2026-07-17/exchange=NSE/symbol=RELIANCE/part-061349_903690-020378.parquet,real_data_sample\l2_unseen_validation\trade_date=2026-07-17\exchange=NSE\symbol=RELIANCE\part-061349_903690-020378.parquet,34830,downloaded,34830,
2026-07-17,NSE,RELIANCE,raw_l2/trade_date=2026-07-17/exchange=NSE/symbol=RELIANCE/part-061501_596054-020538.parquet,real_data_sample\l2_unseen_validation\trade_date=2026-07-17\exchange=NSE\symbol=RELIANCE\part-061501_596054-020538.parquet,35041,downloaded,35041,
2026-07-17,NSE,RELIANCE,raw_l2/trade_date=2026-07-17/exchange=NSE/symbol=RELIANCE/part-061321_304433-020314.parquet,real_data_sample\l2_unseen_validation\trade_date=2026-07-17\exchange=NSE\symbol=RELIANCE\part-061321_304433-020314.parquet,34655,downloaded,34655,
2026-07-17,NSE,RELIANCE,raw_l2/trade_date=2026-07-17/exchange=NSE/symbol=RELIANCE/part-061711_884915-020826.parquet,real_data_sample\l2_unseen_validation\trade_date=2026-07-17\exchange=NSE\symbol=RELIANCE\part-061711_884915-020826.parquet,36365,downloaded,36365,
2026-07-17,NSE,RELIANCE,raw_l2/trade_date=2026-07-17/exchange=NSE/symbol=RELIANCE/part-061614_790571-020698.parquet,real_data_sample\l2_unseen_validation\trade_date=2026-07-17\exchange=NSE\symbol=RELIANCE\part-061614_790571-020698.parquet,34913,downloaded,34913,
2026-07-17,NSE,RELIANCE,raw_l2/trade_date=2026-07-17/exchange=NSE/symbol=RELIANCE/part-061418_526693-020442.parquet,real_data_sample\l2_unseen_validation\trade_date=2026-07-17\exchange=NSE\symbol=RELIANCE\part-061418_526693-020442.parquet,34784,downloaded,34784,
2026-07-17,NSE,RELIANCE,raw_l2/trade_date=2026-07-17/exchange=NSE/symbol=RELIANCE/part-061516_025163-020570.parquet,real_data_sample\l2_unseen_validation\trade_date=2026-07-17\exchange=NSE\symbol=RELIANCE\part-061516_025163-020570.parquet,34865,downloaded,34865,
2026-07-17,NSE,RELIANCE,raw_l2/trade_date=2026-07-17/exchange=NSE/symbol=RELIANCE/part-061530_525919-020602.parquet,real_data_sample\l2_unseen_validation\trade_date=2026-07-17\exchange=NSE\symbol=RELIANCE\part-061530_525919-020602.parquet,34969,downloaded,34969,
2026-07-17,NSE,RELIANCE,raw_l2/trade_date=2026-07-17/exchange=NSE/symbol=RELIANCE/part-061629_462140-020730.parquet,real_data_sample\l2_unseen_validation\trade_date=2026-07-17\exchange=NSE\symbol=RELIANCE\part-061629_462140-020730.parquet,36463,downloaded,36463,
2026-07-17,NSE,RELIANCE,raw_l2/trade_date=2026-07-17/exchange=NSE/symbol=RELIANCE/part-061657_638551-020794.parquet,real_data_sample\l2_unseen_validation\trade_date=2026-07-17\exchange=NSE\symbol=RELIANCE\part-061657_638551-020794.parquet,36120,downloaded,36120,
2026-07-17,NSE,RELIANCE,raw_l2/trade_date=2026-07-17/exchange=NSE/symbol=RELIANCE/part-061559_280320-020666.parquet,real_data_sample\l2_unseen_validation\trade_date=2026-07-17\exchange=NSE\symbol=RELIANCE\part-061559_280320-020666.parquet,34862,downloaded,34862,
2026-07-17,NSE,RELIANCE,raw_l2/trade_date=2026-07-17/exchange=NSE/symbol=RELIANCE/part-061544_731271-020634.parquet,real_data_sample\l2_unseen_validation\trade_date=2026-07-17\exchange=NSE\symbol=RELIANCE\part-061544_731271-020634.parquet,34735,downloaded,34735,
2026-07-17,NSE,RELIANCE,raw_l2/trade_date=2026-07-17/exchange=NSE/symbol=RELIANCE/part-061726_007537-020858.parquet,real_data_sample\l2_unseen_validation\trade_date=2026-07-17\exchange=NSE\symbol=RELIANCE\part-061726_007537-020858.parquet,36035,downloaded,36035,
2026-07-17,NSE,RELIANCE,raw_l2/trade_date=2026-07-17/exchange=NSE/symbol=RELIANCE/part-061740_032383-020890.parquet,real_data_sample\l2_unseen_validation\trade_date=2026-07-17\exchange=NSE\symbol=RELIANCE\part-061740_032383-020890.parquet,36074,downloaded,36074,
2026-07-17,NSE,RELIANCE,raw_l2/trade_date=2026-07-17/exchange=NSE/symbol=RELIANCE/part-061809_351893-020954.parquet,real_data_sample\l2_unseen_validation\trade_date=2026-07-17\exchange=NSE\symbol=RELIANCE\part-061809_351893-020954.parquet,36118,downloaded,36118,
2026-07-17,NSE,RELIANCE,raw_l2/trade_date=2026-07-17/exchange=NSE/symbol=RELIANCE/part-061754_727015-020922.parquet,real_data_sample\l2_unseen_validation\trade_date=2026-07-17\exchange=NSE\symbol=RELIANCE\part-061754_727015-020922.parquet,35574,downloaded,35574,
2026-07-17,NSE,RELIANCE,raw_l2/trade_date=2026-07-17/exchange=NSE/symbol=RELIANCE/part-061823_491722-020986.parquet,real_data_sample\l2_unseen_validation\trade_date=2026-07-17\exchange=NSE\symbol=RELIANCE\part-061823_491722-020986.parquet,34883,downloaded,34883,
2026-07-17,NSE,RELIANCE,raw_l2/trade_date=2026-07-17/exchange=NSE/symbol=RELIANCE/part-061643_572499-020762.parquet,real_data_sample\l2_unseen_validation\trade_date=2026-07-17\exchange=NSE\symbol=RELIANCE\part-061643_572499-020762.parquet,35521,downloaded,35521,
2026-07-17,NSE,RELIANCE,raw_l2/trade_date=2026-07-17/exchange=NSE/symbol=RELIANCE/part-061935_469105-021146.parquet,real_data_sample\l2_unseen_validation\trade_date=2026-07-17\exchange=NSE\symbol=RELIANCE\part-061935_469105-021146.parquet,35059,downloaded,35059,
2026-07-17,NSE,RELIANCE,raw_l2/trade_date=2026-07-17/exchange=NSE/symbol=RELIANCE/part-062130_091154-021402.parquet,real_data_sample\l2_unseen_validation\trade_date=2026-07-17\exchange=NSE\symbol=RELIANCE\part-062130_091154-021402.parquet,35620,downloaded,35620,
2026-07-17,NSE,RELIANCE,raw_l2/trade_date=2026-07-17/exchange=NSE/symbol=RELIANCE/part-061906_652934-021082.parquet,real_data_sample\l2_unseen_validation\trade_date=2026-07-17\exchange=NSE\symbol=RELIANCE\part-061906_652934-021082.parquet,34822,downloaded,34822,
2026-07-17,NSE,RELIANCE,raw_l2/trade_date=2026-07-17/exchange=NSE/symbol=RELIANCE/part-062047_102390-021306.parquet,real_data_sample\l2_unseen_validation\trade_date=2026-07-17\exchange=NSE\symbol=RELIANCE\part-062047_102390-021306.parquet,35727,downloaded,35727,
2026-07-17,NSE,RELIANCE,raw_l2/trade_date=2026-07-17/exchange=NSE/symbol=RELIANCE/part-061852_553430-021050.parquet,real_data_sample\l2_unseen_validation\trade_date=2026-07-17\exchange=NSE\symbol=RELIANCE\part-061852_553430-021050.parquet,34995,downloaded,34995,
2026-07-17,NSE,RELIANCE,raw_l2/trade_date=2026-07-17/exchange=NSE/symbol=RELIANCE/part-061921_334605-021114.parquet,real_data_sample\l2_unseen_validation\trade_date=2026-07-17\exchange=NSE\symbol=RELIANCE\part-061921_334605-021114.parquet,34710,downloaded,34710,
2026-07-17,NSE,RELIANCE,raw_l2/trade_date=2026-07-17/exchange=NSE/symbol=RELIANCE/part-062255_409689-021594.parquet,real_data_sample\l2_unseen_validation\trade_date=2026-07-17\exchange=NSE\symbol=RELIANCE\part-062255_409689-021594.parquet,35708,downloaded,35708,
2026-07-17,NSE,RELIANCE,raw_l2/trade_date=2026-07-17/exchange=NSE/symbol=RELIANCE/part-062241_188711-021562.parquet,real_data_sample\l2_unseen_validation\trade_date=2026-07-17\exchange=NSE\symbol=RELIANCE\part-062241_188711-021562.parquet,36115,downloaded,36115,
2026-07-17,NSE,RELIANCE,raw_l2/trade_date=2026-07-17/exchange=NSE/symbol=RELIANCE/part-061949_621348-021178.parquet,real_data_sample\l2_unseen_validation\trade_date=2026-07-17\exchange=NSE\symbol=RELIANCE\part-061949_621348-021178.parquet,35090,downloaded,35090,
2026-07-17,NSE,RELIANCE,raw_l2/trade_date=2026-07-17/exchange=NSE/symbol=RELIANCE/part-062003_889434-021210.parquet,real_data_sample\l2_unseen_validation\trade_date=2026-07-17\exchange=NSE\symbol=RELIANCE\part-062003_889434-021210.parquet,35098,downloaded,35098,
2026-07-17,NSE,RELIANCE,raw_l2/trade_date=2026-07-17/exchange=NSE/symbol=RELIANCE/part-062338_354117-021690.parquet,real_data_sample\l2_unseen_validation\trade_date=2026-07-17\exchange=NSE\symbol=RELIANCE\part-062338_354117-021690.parquet,36080,downloaded,36080,
2026-07-17,NSE,RELIANCE,raw_l2/trade_date=2026-07-17/exchange=NSE/symbol=RELIANCE/part-062143_991142-021434.parquet,real_data_sample\l2_unseen_validation\trade_date=2026-07-17\exchange=NSE\symbol=RELIANCE\part-062143_991142-021434.parquet,35607,downloaded,35607,
2026-07-17,NSE,RELIANCE,raw_l2/trade_date=2026-07-17/exchange=NSE/symbol=RELIANCE/part-062158_267935-021466.parquet,real_data_sample\l2_unseen_validation\trade_date=2026-07-17\exchange=NSE\symbol=RELIANCE\part-062158_267935-021466.parquet,35899,downloaded,35899,
2026-07-17,NSE,RELIANCE,raw_l2/trade_date=2026-07-17/exchange=NSE/symbol=RELIANCE/part-062018_017256-021242.parquet,real_data_sample\l2_unseen_validation\trade_date=2026-07-17\exchange=NSE\symbol=RELIANCE\part-062018_017256-021242.parquet,35138,downloaded,35138,
2026-07-17,NSE,RELIANCE,raw_l2/trade_date=2026-07-17/exchange=NSE/symbol=RELIANCE/part-062032_375099-021274.parquet,real_data_sample\l2_unseen_validation\trade_date=2026-07-17\exchange=NSE\symbol=RELIANCE\part-062032_375099-021274.parquet,36311,downloaded,36311,
2026-07-17,NSE,RELIANCE,raw_l2/trade_date=2026-07-17/exchange=NSE/symbol=RELIANCE/part-062101_611033-021338.parquet,real_data_sample\l2_unseen_validation\trade_date=2026-07-17\exchange=NSE\symbol=RELIANCE\part-062101_611033-021338.parquet,35553,downloaded,35553,
2026-07-17,NSE,RELIANCE,raw_l2/trade_date=2026-07-17/exchange=NSE/symbol=RELIANCE/part-062116_000805-021370.parquet,real_data_sample\l2_unseen_validation\trade_date=2026-07-17\exchange=NSE\symbol=RELIANCE\part-062116_000805-021370.parquet,35365,downloaded,35365,
2026-07-17,NSE,RELIANCE,raw_l2/trade_date=2026-07-17/exchange=NSE/symbol=RELIANCE/part-062352_284170-021722.parquet,real_data_sample\l2_unseen_validation\trade_date=2026-07-17\exchange=NSE\symbol=RELIANCE\part-062352_284170-021722.parquet,36014,downloaded,36014,
2026-07-17,NSE,RELIANCE,raw_l2/trade_date=2026-07-17/exchange=NSE/symbol=RELIANCE/part-062212_578337-021498.parquet,real_data_sample\l2_unseen_validation\trade_date=2026-07-17\exchange=NSE\symbol=RELIANCE\part-062212_578337-021498.parquet,36254,downloaded,36254,
2026-07-17,NSE,RELIANCE,raw_l2/trade_date=2026-07-17/exchange=NSE/symbol=RELIANCE/part-062226_830545-021530.parquet,real_data_sample\l2_unseen_validation\trade_date=2026-07-17\exchange=NSE\symbol=RELIANCE\part-062226_830545-021530.parquet,36103,downloaded,36103,
2026-07-17,NSE,RELIANCE,raw_l2/trade_date=2026-07-17/exchange=NSE/symbol=RELIANCE/part-061838_301181-021018.parquet,real_data_sample\l2_unseen_validation\trade_date=2026-07-17\exchange=NSE\symbol=RELIANCE\part-061838_301181-021018.parquet,34742,downloaded,34742,
2026-07-17,NSE,RELIANCE,raw_l2/trade_date=2026-07-17/exchange=NSE/symbol=RELIANCE/part-062406_412078-021754.parquet,real_data_sample\l2_unseen_validation\trade_date=2026-07-17\exchange=NSE\symbol=RELIANCE\part-062406_412078-021754.parquet,36006,downloaded,36006,
2026-07-17,NSE,RELIANCE,raw_l2/trade_date=2026-07-17/exchange=NSE/symbol=RELIANCE/part-062309_883061-021626.parquet,real_data_sample\l2_unseen_validation\trade_date=2026-07-17\exchange=NSE\symbol=RELIANCE\part-062309_883061-021626.parquet,35997,downloaded,35997,
2026-07-17,NSE,RELIANCE,raw_l2/trade_date=2026-07-17/exchange=NSE/symbol=RELIANCE/part-062434_514826-021818.parquet,real_data_sample\l2_unseen_validation\trade_date=2026-07-17\exchange=NSE\symbol=RELIANCE\part-062434_514826-021818.parquet,34682,downloaded,34682,
2026-07-17,NSE,RELIANCE,raw_l2/trade_date=2026-07-17/exchange=NSE/symbol=RELIANCE/part-062420_546613-021786.parquet,real_data_sample\l2_unseen_validation\trade_date=2026-07-17\exchange=NSE\symbol=RELIANCE\part-062420_546613-021786.parquet,35098,downloaded,35098,
2026-07-17,NSE,RELIANCE,raw_l2/trade_date=2026-07-17/exchange=NSE/symbol=RELIANCE/part-062324_146420-021658.parquet,real_data_sample\l2_unseen_validation\trade_date=2026-07-17\exchange=NSE\symbol=RELIANCE\part-062324_146420-021658.parquet,35790,downloaded,35790,
2026-07-17,NSE,RELIANCE,raw_l2/trade_date=2026-07-17/exchange=NSE/symbol=RELIANCE/part-062517_084316-021914.parquet,real_data_sample\l2_unseen_validation\trade_date=2026-07-17\exchange=NSE\symbol=RELIANCE\part-062517_084316-021914.parquet,35036,downloaded,35036,
2026-07-17,NSE,RELIANCE,raw_l2/trade_date=2026-07-17/exchange=NSE/symbol=RELIANCE/part-062502_944369-021882.parquet,real_data_sample\l2_unseen_validation\trade_date=2026-07-17\exchange=NSE\symbol=RELIANCE\part-062502_944369-021882.parquet,34754,downloaded,34754,
2026-07-17,NSE,RELIANCE,raw_l2/trade_date=2026-07-17/exchange=NSE/symbol=RELIANCE/part-062530_945193-021946.parquet,real_data_sample\l2_unseen_validation\trade_date=2026-07-17\exchange=NSE\symbol=RELIANCE\part-062530_945193-021946.parquet,36396,downloaded,36396,
2026-07-17,NSE,RELIANCE,raw_l2/trade_date=2026-07-17/exchange=NSE/symbol=RELIANCE/part-062544_896387-021978.parquet,real_data_sample\l2_unseen_validation\trade_date=2026-07-17\exchange=NSE\symbol=RELIANCE\part-062544_896387-021978.parquet,36399,downloaded,36399,
2026-07-17,NSE,RELIANCE,raw_l2/trade_date=2026-07-17/exchange=NSE/symbol=RELIANCE/part-063001_844754-022554.parquet,real_data_sample\l2_unseen_validation\trade_date=2026-07-17\exchange=NSE\symbol=RELIANCE\part-063001_844754-022554.parquet,35104,downloaded,35104,
2026-07-17,NSE,RELIANCE,raw_l2/trade_date=2026-07-17/exchange=NSE/symbol=RELIANCE/part-062947_151360-022522.parquet,real_data_sample\l2_unseen_validation\trade_date=2026-07-17\exchange=NSE\symbol=RELIANCE\part-062947_151360-022522.parquet,35010,downloaded,35010,
2026-07-17,NSE,RELIANCE,raw_l2/trade_date=2026-07-17/exchange=NSE/symbol=RELIANCE/part-062641_370099-022106.parquet,real_data_sample\l2_unseen_validation\trade_date=2026-07-17\exchange=NSE\symbol=RELIANCE\part-062641_370099-022106.parquet,36150,downloaded,36150,
2026-07-17,NSE,RELIANCE,raw_l2/trade_date=2026-07-17/exchange=NSE/symbol=RELIANCE/part-062558_994338-022010.parquet,real_data_sample\l2_unseen_validation\trade_date=2026-07-17\exchange=NSE\symbol=RELIANCE\part-062558_994338-022010.parquet,35886,downloaded,35886,
2026-07-17,NSE,RELIANCE,raw_l2/trade_date=2026-07-17/exchange=NSE/symbol=RELIANCE/part-062655_556155-022138.parquet,real_data_sample\l2_unseen_validation\trade_date=2026-07-17\exchange=NSE\symbol=RELIANCE\part-062655_556155-022138.parquet,36027,downloaded,36027,
2026-07-17,NSE,RELIANCE,raw_l2/trade_date=2026-07-17/exchange=NSE/symbol=RELIANCE/part-063030_157034-022618.parquet,real_data_sample\l2_unseen_validation\trade_date=2026-07-17\exchange=NSE\symbol=RELIANCE\part-063030_157034-022618.parquet,34867,downloaded,34867,
2026-07-17,NSE,RELIANCE,raw_l2/trade_date=2026-07-17/exchange=NSE/symbol=RELIANCE/part-062738_669014-022234.parquet,real_data_sample\l2_unseen_validation\trade_date=2026-07-17\exchange=NSE\symbol=RELIANCE\part-062738_669014-022234.parquet,34753,downloaded,34753,
2026-07-17,NSE,RELIANCE,raw_l2/trade_date=2026-07-17/exchange=NSE/symbol=RELIANCE/part-062613_047718-022042.parquet,real_data_sample\l2_unseen_validation\trade_date=2026-07-17\exchange=NSE\symbol=RELIANCE\part-062613_047718-022042.parquet,35671,downloaded,35671,
2026-07-17,NSE,RELIANCE,raw_l2/trade_date=2026-07-17/exchange=NSE/symbol=RELIANCE/part-062627_087301-022074.parquet,real_data_sample\l2_unseen_validation\trade_date=2026-07-17\exchange=NSE\symbol=RELIANCE\part-062627_087301-022074.parquet,36025,downloaded,36025,
2026-07-17,NSE,RELIANCE,raw_l2/trade_date=2026-07-17/exchange=NSE/symbol=RELIANCE/part-062709_937487-022170.parquet,real_data_sample\l2_unseen_validation\trade_date=2026-07-17\exchange=NSE\symbol=RELIANCE\part-062709_937487-022170.parquet,35746,downloaded,35746,
2026-07-17,NSE,RELIANCE,raw_l2/trade_date=2026-07-17/exchange=NSE/symbol=RELIANCE/part-062724_351416-022202.parquet,real_data_sample\l2_unseen_validation\trade_date=2026-07-17\exchange=NSE\symbol=RELIANCE\part-062724_351416-022202.parquet,35155,downloaded,35155,
2026-07-17,NSE,RELIANCE,raw_l2/trade_date=2026-07-17/exchange=NSE/symbol=RELIANCE/part-063044_316733-022650.parquet,real_data_sample\l2_unseen_validation\trade_date=2026-07-17\exchange=NSE\symbol=RELIANCE\part-063044_316733-022650.parquet,34951,downloaded,34951,
2026-07-17,NSE,RELIANCE,raw_l2/trade_date=2026-07-17/exchange=NSE/symbol=RELIANCE/part-062903_728656-022426.parquet,real_data_sample\l2_unseen_validation\trade_date=2026-07-17\exchange=NSE\symbol=RELIANCE\part-062903_728656-022426.parquet,35024,downloaded,35024,
2026-07-17,NSE,RELIANCE,raw_l2/trade_date=2026-07-17/exchange=NSE/symbol=RELIANCE/part-062752_885212-022266.parquet,real_data_sample\l2_unseen_validation\trade_date=2026-07-17\exchange=NSE\symbol=RELIANCE\part-062752_885212-022266.parquet,34918,downloaded,34918,
2026-07-17,NSE,RELIANCE,raw_l2/trade_date=2026-07-17/exchange=NSE/symbol=RELIANCE/part-063016_088757-022586.parquet,real_data_sample\l2_unseen_validation\trade_date=2026-07-17\exchange=NSE\symbol=RELIANCE\part-063016_088757-022586.parquet,34683,downloaded,34683,
2026-07-17,NSE,RELIANCE,raw_l2/trade_date=2026-07-17/exchange=NSE/symbol=RELIANCE/part-062849_830679-022394.parquet,real_data_sample\l2_unseen_validation\trade_date=2026-07-17\exchange=NSE\symbol=RELIANCE\part-062849_830679-022394.parquet,34973,downloaded,34973,
2026-07-17,NSE,RELIANCE,raw_l2/trade_date=2026-07-17/exchange=NSE/symbol=RELIANCE/part-062821_547073-022330.parquet,real_data_sample\l2_unseen_validation\trade_date=2026-07-17\exchange=NSE\symbol=RELIANCE\part-062821_547073-022330.parquet,34835,downloaded,34835,
2026-07-17,NSE,RELIANCE,raw_l2/trade_date=2026-07-17/exchange=NSE/symbol=RELIANCE/part-062835_412314-022362.parquet,real_data_sample\l2_unseen_validation\trade_date=2026-07-17\exchange=NSE\symbol=RELIANCE\part-062835_412314-022362.parquet,34861,downloaded,34861,
2026-07-17,NSE,RELIANCE,raw_l2/trade_date=2026-07-17/exchange=NSE/symbol=RELIANCE/part-062932_928459-022490.parquet,real_data_sample\l2_unseen_validation\trade_date=2026-07-17\exchange=NSE\symbol=RELIANCE\part-062932_928459-022490.parquet,34857,downloaded,34857,
2026-07-17,NSE,RELIANCE,raw_l2/trade_date=2026-07-17/exchange=NSE/symbol=RELIANCE/part-062917_848712-022458.parquet,real_data_sample\l2_unseen_validation\trade_date=2026-07-17\exchange=NSE\symbol=RELIANCE\part-062917_848712-022458.parquet,34732,downloaded,34732,
2026-07-17,NSE,RELIANCE,raw_l2/trade_date=2026-07-17/exchange=NSE/symbol=RELIANCE/part-062807_106370-022298.parquet,real_data_sample\l2_unseen_validation\trade_date=2026-07-17\exchange=NSE\symbol=RELIANCE\part-062807_106370-022298.parquet,34949,downloaded,34949,
2026-07-17,NSE,RELIANCE,raw_l2/trade_date=2026-07-17/exchange=NSE/symbol=RELIANCE/part-063058_324367-022682.parquet,real_data_sample\l2_unseen_validation\trade_date=2026-07-17\exchange=NSE\symbol=RELIANCE\part-063058_324367-022682.parquet,34784,downloaded,34784,
2026-07-17,NSE,RELIANCE,raw_l2/trade_date=2026-07-17/exchange=NSE/symbol=RELIANCE/part-062448_701550-021850.parquet,real_data_sample\l2_unseen_validation\trade_date=2026-07-17\exchange=NSE\symbol=RELIANCE\part-062448_701550-021850.parquet,34924,downloaded,34924,
2026-07-17,NSE,RELIANCE,raw_l2/trade_date=2026-07-17/exchange=NSE/symbol=RELIANCE/part-063112_682137-022714.parquet,real_data_sample\l2_unseen_validation\trade_date=2026-07-17\exchange=NSE\symbol=RELIANCE\part-063112_682137-022714.parquet,34810,downloaded,34810,
2026-07-17,NSE,RELIANCE,raw_l2/trade_date=2026-07-17/exchange=NSE/symbol=RELIANCE/part-063140_892447-022778.parquet,real_data_sample\l2_unseen_validation\trade_date=2026-07-17\exchange=NSE\symbol=RELIANCE\part-063140_892447-022778.parquet,34714,downloaded,34714,
2026-07-17,NSE,RELIANCE,raw_l2/trade_date=2026-07-17/exchange=NSE/symbol=RELIANCE/part-063126_907263-022746.parquet,real_data_sample\l2_unseen_validation\trade_date=2026-07-17\exchange=NSE\symbol=RELIANCE\part-063126_907263-022746.parquet,35001,downloaded,35001,
2026-07-17,NSE,RELIANCE,raw_l2/trade_date=2026-07-17/exchange=NSE/symbol=RELIANCE/part-060848_103021-019706.parquet,real_data_sample\l2_unseen_validation\trade_date=2026-07-17\exchange=NSE\symbol=RELIANCE\part-060848_103021-019706.parquet,34659,downloaded,34659,
2026-07-17,NSE,RELIANCE,raw_l2/trade_date=2026-07-17/exchange=NSE/symbol=RELIANCE/part-063250_663276-022938.parquet,real_data_sample\l2_unseen_validation\trade_date=2026-07-17\exchange=NSE\symbol=RELIANCE\part-063250_663276-022938.parquet,35686,downloaded,35686,
2026-07-17,NSE,RELIANCE,raw_l2/trade_date=2026-07-17/exchange=NSE/symbol=RELIANCE/part-063222_689123-022874.parquet,real_data_sample\l2_unseen_validation\trade_date=2026-07-17\exchange=NSE\symbol=RELIANCE\part-063222_689123-022874.parquet,35775,downloaded,35775,
2026-07-17,NSE,RELIANCE,raw_l2/trade_date=2026-07-17/exchange=NSE/symbol=RELIANCE/part-063457_891063-023226.parquet,real_data_sample\l2_unseen_validation\trade_date=2026-07-17\exchange=NSE\symbol=RELIANCE\part-063457_891063-023226.parquet,34773,downloaded,34773,
2026-07-17,NSE,RELIANCE,raw_l2/trade_date=2026-07-17/exchange=NSE/symbol=RELIANCE/part-063415_934837-023130.parquet,real_data_sample\l2_unseen_validation\trade_date=2026-07-17\exchange=NSE\symbol=RELIANCE\part-063415_934837-023130.parquet,34766,downloaded,34766,
2026-07-17,NSE,RELIANCE,raw_l2/trade_date=2026-07-17/exchange=NSE/symbol=RELIANCE/part-063347_791671-023066.parquet,real_data_sample\l2_unseen_validation\trade_date=2026-07-17\exchange=NSE\symbol=RELIANCE\part-063347_791671-023066.parquet,34625,downloaded,34625,
2026-07-17,NSE,RELIANCE,raw_l2/trade_date=2026-07-17/exchange=NSE/symbol=RELIANCE/part-063304_922678-022970.parquet,real_data_sample\l2_unseen_validation\trade_date=2026-07-17\exchange=NSE\symbol=RELIANCE\part-063304_922678-022970.parquet,36092,downloaded,36092,
2026-07-17,NSE,RELIANCE,raw_l2/trade_date=2026-07-17/exchange=NSE/symbol=RELIANCE/part-063319_353734-023002.parquet,real_data_sample\l2_unseen_validation\trade_date=2026-07-17\exchange=NSE\symbol=RELIANCE\part-063319_353734-023002.parquet,35448,downloaded,35448,
2026-07-17,NSE,RELIANCE,raw_l2/trade_date=2026-07-17/exchange=NSE/symbol=RELIANCE/part-063429_968146-023162.parquet,real_data_sample\l2_unseen_validation\trade_date=2026-07-17\exchange=NSE\symbol=RELIANCE\part-063429_968146-023162.parquet,34737,downloaded,34737,
2026-07-17,NSE,RELIANCE,raw_l2/trade_date=2026-07-17/exchange=NSE/symbol=RELIANCE/part-063236_718606-022906.parquet,real_data_sample\l2_unseen_validation\trade_date=2026-07-17\exchange=NSE\symbol=RELIANCE\part-063236_718606-022906.parquet,35738,downloaded,35738,
2026-07-17,NSE,RELIANCE,raw_l2/trade_date=2026-07-17/exchange=NSE/symbol=RELIANCE/part-063717_989537-023546.parquet,real_data_sample\l2_unseen_validation\trade_date=2026-07-17\exchange=NSE\symbol=RELIANCE\part-063717_989537-023546.parquet,34750,downloaded,34750,
2026-07-17,NSE,RELIANCE,raw_l2/trade_date=2026-07-17/exchange=NSE/symbol=RELIANCE/part-063554_079258-023354.parquet,real_data_sample\l2_unseen_validation\trade_date=2026-07-17\exchange=NSE\symbol=RELIANCE\part-063554_079258-023354.parquet,34777,downloaded,34777,
2026-07-17,NSE,RELIANCE,raw_l2/trade_date=2026-07-17/exchange=NSE/symbol=RELIANCE/part-063540_168133-023322.parquet,real_data_sample\l2_unseen_validation\trade_date=2026-07-17\exchange=NSE\symbol=RELIANCE\part-063540_168133-023322.parquet,34763,downloaded,34763,
2026-07-17,NSE,RELIANCE,raw_l2/trade_date=2026-07-17/exchange=NSE/symbol=RELIANCE/part-063526_376933-023290.parquet,real_data_sample\l2_unseen_validation\trade_date=2026-07-17\exchange=NSE\symbol=RELIANCE\part-063526_376933-023290.parquet,34719,downloaded,34719,
2026-07-17,NSE,RELIANCE,raw_l2/trade_date=2026-07-17/exchange=NSE/symbol=RELIANCE/part-063608_002978-023386.parquet,real_data_sample\l2_unseen_validation\trade_date=2026-07-17\exchange=NSE\symbol=RELIANCE\part-063608_002978-023386.parquet,34816,downloaded,34816,
2026-07-17,NSE,RELIANCE,raw_l2/trade_date=2026-07-17/exchange=NSE/symbol=RELIANCE/part-063731_888573-023578.parquet,real_data_sample\l2_unseen_validation\trade_date=2026-07-17\exchange=NSE\symbol=RELIANCE\part-063731_888573-023578.parquet,34804,downloaded,34804,
2026-07-17,NSE,RELIANCE,raw_l2/trade_date=2026-07-17/exchange=NSE/symbol=RELIANCE/part-063512_064892-023258.parquet,real_data_sample\l2_unseen_validation\trade_date=2026-07-17\exchange=NSE\symbol=RELIANCE\part-063512_064892-023258.parquet,34826,downloaded,34826,
2026-07-17,NSE,RELIANCE,raw_l2/trade_date=2026-07-17/exchange=NSE/symbol=RELIANCE/part-063759_641781-023642.parquet,real_data_sample\l2_unseen_validation\trade_date=2026-07-17\exchange=NSE\symbol=RELIANCE\part-063759_641781-023642.parquet,34769,downloaded,34769,
2026-07-17,NSE,RELIANCE,raw_l2/trade_date=2026-07-17/exchange=NSE/symbol=RELIANCE/part-063650_016504-023482.parquet,real_data_sample\l2_unseen_validation\trade_date=2026-07-17\exchange=NSE\symbol=RELIANCE\part-063650_016504-023482.parquet,34713,downloaded,34713,
2026-07-17,NSE,RELIANCE,raw_l2/trade_date=2026-07-17/exchange=NSE/symbol=RELIANCE/part-063636_062467-023450.parquet,real_data_sample\l2_unseen_validation\trade_date=2026-07-17\exchange=NSE\symbol=RELIANCE\part-063636_062467-023450.parquet,34829,downloaded,34829,
2026-07-17,NSE,RELIANCE,raw_l2/trade_date=2026-07-17/exchange=NSE/symbol=RELIANCE/part-063745_858622-023610.parquet,real_data_sample\l2_unseen_validation\trade_date=2026-07-17\exchange=NSE\symbol=RELIANCE\part-063745_858622-023610.parquet,34849,downloaded,34849,
2026-07-17,NSE,RELIANCE,raw_l2/trade_date=2026-07-17/exchange=NSE/symbol=RELIANCE/part-063621_973359-023418.parquet,real_data_sample\l2_unseen_validation\trade_date=2026-07-17\exchange=NSE\symbol=RELIANCE\part-063621_973359-023418.parquet,34835,downloaded,34835,
2026-07-17,NSE,RELIANCE,raw_l2/trade_date=2026-07-17/exchange=NSE/symbol=RELIANCE/part-063704_031701-023514.parquet,real_data_sample\l2_unseen_validation\trade_date=2026-07-17\exchange=NSE\symbol=RELIANCE\part-063704_031701-023514.parquet,34763,downloaded,34763,
2026-07-17,NSE,RELIANCE,raw_l2/trade_date=2026-07-17/exchange=NSE/symbol=RELIANCE/part-060349_044336-019034.parquet,real_data_sample\l2_unseen_validation\trade_date=2026-07-17\exchange=NSE\symbol=RELIANCE\part-060349_044336-019034.parquet,36279,downloaded,36279,
2026-07-17,NSE,RELIANCE,raw_l2/trade_date=2026-07-17/exchange=NSE/symbol=RELIANCE/part-060542_026220-019290.parquet,real_data_sample\l2_unseen_validation\trade_date=2026-07-17\exchange=NSE\symbol=RELIANCE\part-060542_026220-019290.parquet,34730,downloaded,34730,
2026-07-17,NSE,RELIANCE,raw_l2/trade_date=2026-07-17/exchange=NSE/symbol=RELIANCE/part-063827_890081-023706.parquet,real_data_sample\l2_unseen_validation\trade_date=2026-07-17\exchange=NSE\symbol=RELIANCE\part-063827_890081-023706.parquet,36123,downloaded,36123,
2026-07-17,NSE,RELIANCE,raw_l2/trade_date=2026-07-17/exchange=NSE/symbol=RELIANCE/part-063842_120105-023738.parquet,real_data_sample\l2_unseen_validation\trade_date=2026-07-17\exchange=NSE\symbol=RELIANCE\part-063842_120105-023738.parquet,35728,downloaded,35728,
2026-07-17,NSE,RELIANCE,raw_l2/trade_date=2026-07-17/exchange=NSE/symbol=RELIANCE/part-063856_909039-023770.parquet,real_data_sample\l2_unseen_validation\trade_date=2026-07-17\exchange=NSE\symbol=RELIANCE\part-063856_909039-023770.parquet,35848,downloaded,35848,
2026-07-17,NSE,RELIANCE,raw_l2/trade_date=2026-07-17/exchange=NSE/symbol=RELIANCE/part-063910_918115-023802.parquet,real_data_sample\l2_unseen_validation\trade_date=2026-07-17\exchange=NSE\symbol=RELIANCE\part-063910_918115-023802.parquet,35835,downloaded,35835,
2026-07-17,NSE,RELIANCE,raw_l2/trade_date=2026-07-17/exchange=NSE/symbol=RELIANCE/part-064144_813352-024154.parquet,real_data_sample\l2_unseen_validation\trade_date=2026-07-17\exchange=NSE\symbol=RELIANCE\part-064144_813352-024154.parquet,35598,downloaded,35598,
2026-07-17,NSE,RELIANCE,raw_l2/trade_date=2026-07-17/exchange=NSE/symbol=RELIANCE/part-060321_103073-018970.parquet,real_data_sample\l2_unseen_validation\trade_date=2026-07-17\exchange=NSE\symbol=RELIANCE\part-060321_103073-018970.parquet,36080,downloaded,36080,
2026-07-17,NSE,RELIANCE,raw_l2/trade_date=2026-07-17/exchange=NSE/symbol=RELIANCE/part-064006_694046-023930.parquet,real_data_sample\l2_unseen_validation\trade_date=2026-07-17\exchange=NSE\symbol=RELIANCE\part-064006_694046-023930.parquet,34722,downloaded,34722,
2026-07-17,NSE,RELIANCE,raw_l2/trade_date=2026-07-17/exchange=NSE/symbol=RELIANCE/part-064102_933223-024058.parquet,real_data_sample\l2_unseen_validation\trade_date=2026-07-17\exchange=NSE\symbol=RELIANCE\part-064102_933223-024058.parquet,34816,downloaded,34816,
2026-07-17,NSE,RELIANCE,raw_l2/trade_date=2026-07-17/exchange=NSE/symbol=RELIANCE/part-063938_890314-023866.parquet,real_data_sample\l2_unseen_validation\trade_date=2026-07-17\exchange=NSE\symbol=RELIANCE\part-063938_890314-023866.parquet,34776,downloaded,34776,
2026-07-17,NSE,RELIANCE,raw_l2/trade_date=2026-07-17/exchange=NSE/symbol=RELIANCE/part-063952_893564-023898.parquet,real_data_sample\l2_unseen_validation\trade_date=2026-07-17\exchange=NSE\symbol=RELIANCE\part-063952_893564-023898.parquet,34866,downloaded,34866,
2026-07-17,NSE,RELIANCE,raw_l2/trade_date=2026-07-17/exchange=NSE/symbol=RELIANCE/part-064049_042262-024026.parquet,real_data_sample\l2_unseen_validation\trade_date=2026-07-17\exchange=NSE\symbol=RELIANCE\part-064049_042262-024026.parquet,34717,downloaded,34717,
2026-07-17,NSE,RELIANCE,raw_l2/trade_date=2026-07-17/exchange=NSE/symbol=RELIANCE/part-063924_917869-023834.parquet,real_data_sample\l2_unseen_validation\trade_date=2026-07-17\exchange=NSE\symbol=RELIANCE\part-063924_917869-023834.parquet,35018,downloaded,35018,
2026-07-17,NSE,RELIANCE,raw_l2/trade_date=2026-07-17/exchange=NSE/symbol=RELIANCE/part-064020_828778-023962.parquet,real_data_sample\l2_unseen_validation\trade_date=2026-07-17\exchange=NSE\symbol=RELIANCE\part-064020_828778-023962.parquet,34754,downloaded,34754,
2026-07-17,NSE,RELIANCE,raw_l2/trade_date=2026-07-17/exchange=NSE/symbol=RELIANCE/part-064212_403768-024218.parquet,real_data_sample\l2_unseen_validation\trade_date=2026-07-17\exchange=NSE\symbol=RELIANCE\part-064212_403768-024218.parquet,35915,downloaded,35915,
2026-07-17,NSE,RELIANCE,raw_l2/trade_date=2026-07-17/exchange=NSE/symbol=RELIANCE/part-064034_918695-023994.parquet,real_data_sample\l2_unseen_validation\trade_date=2026-07-17\exchange=NSE\symbol=RELIANCE\part-064034_918695-023994.parquet,34733,downloaded,34733,
2026-07-17,NSE,RELIANCE,raw_l2/trade_date=2026-07-17/exchange=NSE/symbol=RELIANCE/part-064158_540738-024186.parquet,real_data_sample\l2_unseen_validation\trade_date=2026-07-17\exchange=NSE\symbol=RELIANCE\part-064158_540738-024186.parquet,35844,downloaded,35844,
2026-07-17,NSE,RELIANCE,raw_l2/trade_date=2026-07-17/exchange=NSE/symbol=RELIANCE/part-064130_603985-024122.parquet,real_data_sample\l2_unseen_validation\trade_date=2026-07-17\exchange=NSE\symbol=RELIANCE\part-064130_603985-024122.parquet,35631,downloaded,35631,
2026-07-17,NSE,RELIANCE,raw_l2/trade_date=2026-07-17/exchange=NSE/symbol=RELIANCE/part-064253_868692-024314.parquet,real_data_sample\l2_unseen_validation\trade_date=2026-07-17\exchange=NSE\symbol=RELIANCE\part-064253_868692-024314.parquet,34896,downloaded,34896,
2026-07-17,NSE,RELIANCE,raw_l2/trade_date=2026-07-17/exchange=NSE/symbol=RELIANCE/part-064226_386008-024250.parquet,real_data_sample\l2_unseen_validation\trade_date=2026-07-17\exchange=NSE\symbol=RELIANCE\part-064226_386008-024250.parquet,35004,downloaded,35004,
2026-07-17,NSE,RELIANCE,raw_l2/trade_date=2026-07-17/exchange=NSE/symbol=RELIANCE/part-064307_525717-024346.parquet,real_data_sample\l2_unseen_validation\trade_date=2026-07-17\exchange=NSE\symbol=RELIANCE\part-064307_525717-024346.parquet,34963,downloaded,34963,
2026-07-17,NSE,RELIANCE,raw_l2/trade_date=2026-07-17/exchange=NSE/symbol=RELIANCE/part-064116_784655-024090.parquet,real_data_sample\l2_unseen_validation\trade_date=2026-07-17\exchange=NSE\symbol=RELIANCE\part-064116_784655-024090.parquet,35361,downloaded,35361,
2026-07-17,NSE,RELIANCE,raw_l2/trade_date=2026-07-17/exchange=NSE/symbol=RELIANCE/part-064240_048445-024282.parquet,real_data_sample\l2_unseen_validation\trade_date=2026-07-17\exchange=NSE\symbol=RELIANCE\part-064240_048445-024282.parquet,34828,downloaded,34828,
2026-07-17,NSE,RELIANCE,raw_l2/trade_date=2026-07-17/exchange=NSE/symbol=RELIANCE/part-064321_413639-024378.parquet,real_data_sample\l2_unseen_validation\trade_date=2026-07-17\exchange=NSE\symbol=RELIANCE\part-064321_413639-024378.parquet,34729,downloaded,34729,
2026-07-17,NSE,RELIANCE,raw_l2/trade_date=2026-07-17/exchange=NSE/symbol=RELIANCE/part-064335_299641-024410.parquet,real_data_sample\l2_unseen_validation\trade_date=2026-07-17\exchange=NSE\symbol=RELIANCE\part-064335_299641-024410.parquet,34757,downloaded,34757,
2026-07-17,NSE,RELIANCE,raw_l2/trade_date=2026-07-17/exchange=NSE/symbol=RELIANCE/part-064349_080982-024442.parquet,real_data_sample\l2_unseen_validation\trade_date=2026-07-17\exchange=NSE\symbol=RELIANCE\part-064349_080982-024442.parquet,34818,downloaded,34818,
2026-07-17,NSE,RELIANCE,raw_l2/trade_date=2026-07-17/exchange=NSE/symbol=RELIANCE/part-064402_804337-024474.parquet,real_data_sample\l2_unseen_validation\trade_date=2026-07-17\exchange=NSE\symbol=RELIANCE\part-064402_804337-024474.parquet,34737,downloaded,34737,
2026-07-17,NSE,RELIANCE,raw_l2/trade_date=2026-07-17/exchange=NSE/symbol=RELIANCE/part-064430_857609-024538.parquet,real_data_sample\l2_unseen_validation\trade_date=2026-07-17\exchange=NSE\symbol=RELIANCE\part-064430_857609-024538.parquet,34820,downloaded,34820,
2026-07-17,NSE,RELIANCE,raw_l2/trade_date=2026-07-17/exchange=NSE/symbol=RELIANCE/part-064444_513233-024570.parquet,real_data_sample\l2_unseen_validation\trade_date=2026-07-17\exchange=NSE\symbol=RELIANCE\part-064444_513233-024570.parquet,34818,downloaded,34818,
2026-07-17,NSE,RELIANCE,raw_l2/trade_date=2026-07-17/exchange=NSE/symbol=RELIANCE/part-064416_952012-024506.parquet,real_data_sample\l2_unseen_validation\trade_date=2026-07-17\exchange=NSE\symbol=RELIANCE\part-064416_952012-024506.parquet,34571,downloaded,34571,
2026-07-17,NSE,RELIANCE,raw_l2/trade_date=2026-07-17/exchange=NSE/symbol=RELIANCE/part-064458_404536-024602.parquet,real_data_sample\l2_unseen_validation\trade_date=2026-07-17\exchange=NSE\symbol=RELIANCE\part-064458_404536-024602.parquet,34672,downloaded,34672,
2026-07-17,NSE,RELIANCE,raw_l2/trade_date=2026-07-17/exchange=NSE/symbol=RELIANCE/part-060637_757270-019418.parquet,real_data_sample\l2_unseen_validation\trade_date=2026-07-17\exchange=NSE\symbol=RELIANCE\part-060637_757270-019418.parquet,34943,downloaded,34943,
2026-07-17,NSE,RELIANCE,raw_l2/trade_date=2026-07-17/exchange=NSE/symbol=RELIANCE/part-064526_426396-024666.parquet,real_data_sample\l2_unseen_validation\trade_date=2026-07-17\exchange=NSE\symbol=RELIANCE\part-064526_426396-024666.parquet,34754,downloaded,34754,
2026-07-17,NSE,RELIANCE,raw_l2/trade_date=2026-07-17/exchange=NSE/symbol=RELIANCE/part-064512_440527-024634.parquet,real_data_sample\l2_unseen_validation\trade_date=2026-07-17\exchange=NSE\symbol=RELIANCE\part-064512_440527-024634.parquet,34731,downloaded,34731,
2026-07-17,NSE,RELIANCE,raw_l2/trade_date=2026-07-17/exchange=NSE/symbol=RELIANCE/part-065059_816195-025434.parquet,real_data_sample\l2_unseen_validation\trade_date=2026-07-17\exchange=NSE\symbol=RELIANCE\part-065059_816195-025434.parquet,35840,downloaded,35840,
2026-07-17,NSE,RELIANCE,raw_l2/trade_date=2026-07-17/exchange=NSE/symbol=RELIANCE/part-065113_939335-025466.parquet,real_data_sample\l2_unseen_validation\trade_date=2026-07-17\exchange=NSE\symbol=RELIANCE\part-065113_939335-025466.parquet,36247,downloaded,36247,
2026-07-17,NSE,RELIANCE,raw_l2/trade_date=2026-07-17/exchange=NSE/symbol=RELIANCE/part-065128_020447-025498.parquet,real_data_sample\l2_unseen_validation\trade_date=2026-07-17\exchange=NSE\symbol=RELIANCE\part-065128_020447-025498.parquet,36467,downloaded,36467,
2026-07-17,NSE,RELIANCE,raw_l2/trade_date=2026-07-17/exchange=NSE/symbol=RELIANCE/part-063333_666203-023034.parquet,real_data_sample\l2_unseen_validation\trade_date=2026-07-17\exchange=NSE\symbol=RELIANCE\part-063333_666203-023034.parquet,34729,downloaded,34729,
2026-07-17,NSE,RELIANCE,raw_l2/trade_date=2026-07-17/exchange=NSE/symbol=RELIANCE/part-065210_142076-025594.parquet,real_data_sample\l2_unseen_validation\trade_date=2026-07-17\exchange=NSE\symbol=RELIANCE\part-065210_142076-025594.parquet,36342,downloaded,36342,
2026-07-17,NSE,RELIANCE,raw_l2/trade_date=2026-07-17/exchange=NSE/symbol=RELIANCE/part-065155_955274-025562.parquet,real_data_sample\l2_unseen_validation\trade_date=2026-07-17\exchange=NSE\symbol=RELIANCE\part-065155_955274-025562.parquet,36284,downloaded,36284,
2026-07-17,NSE,RELIANCE,raw_l2/trade_date=2026-07-17/exchange=NSE/symbol=RELIANCE/part-065141_916087-025530.parquet,real_data_sample\l2_unseen_validation\trade_date=2026-07-17\exchange=NSE\symbol=RELIANCE\part-065141_916087-025530.parquet,36131,downloaded,36131,
2026-07-17,NSE,RELIANCE,raw_l2/trade_date=2026-07-17/exchange=NSE/symbol=RELIANCE/part-063813_600820-023674.parquet,real_data_sample\l2_unseen_validation\trade_date=2026-07-17\exchange=NSE\symbol=RELIANCE\part-063813_600820-023674.parquet,34975,downloaded,34975,
2026-07-17,NSE,RELIANCE,raw_l2/trade_date=2026-07-17/exchange=NSE/symbol=RELIANCE/part-065224_203541-025626.parquet,real_data_sample\l2_unseen_validation\trade_date=2026-07-17\exchange=NSE\symbol=RELIANCE\part-065224_203541-025626.parquet,35986,downloaded,35986,
2026-07-17,NSE,RELIANCE,raw_l2/trade_date=2026-07-17/exchange=NSE/symbol=RELIANCE/part-065238_310939-025658.parquet,real_data_sample\l2_unseen_validation\trade_date=2026-07-17\exchange=NSE\symbol=RELIANCE\part-065238_310939-025658.parquet,36412,downloaded,36412,
2026-07-17,NSE,RELIANCE,raw_l2/trade_date=2026-07-17/exchange=NSE/symbol=RELIANCE/part-065252_544736-025690.parquet,real_data_sample\l2_unseen_validation\trade_date=2026-07-17\exchange=NSE\symbol=RELIANCE\part-065252_544736-025690.parquet,36079,downloaded,36079,
2026-07-17,NSE,RELIANCE,raw_l2/trade_date=2026-07-17/exchange=NSE/symbol=RELIANCE/part-065306_567965-025722.parquet,real_data_sample\l2_unseen_validation\trade_date=2026-07-17\exchange=NSE\symbol=RELIANCE\part-065306_567965-025722.parquet,36079,downloaded,36079,
2026-07-17,NSE,RELIANCE,raw_l2/trade_date=2026-07-17/exchange=NSE/symbol=RELIANCE/part-065334_380333-025786.parquet,real_data_sample\l2_unseen_validation\trade_date=2026-07-17\exchange=NSE\symbol=RELIANCE\part-065334_380333-025786.parquet,35791,downloaded,35791,
2026-07-17,NSE,RELIANCE,raw_l2/trade_date=2026-07-17/exchange=NSE/symbol=RELIANCE/part-063401_828516-023098.parquet,real_data_sample\l2_unseen_validation\trade_date=2026-07-17\exchange=NSE\symbol=RELIANCE\part-063401_828516-023098.parquet,34985,downloaded,34985,
2026-07-17,NSE,RELIANCE,raw_l2/trade_date=2026-07-17/exchange=NSE/symbol=RELIANCE/part-063208_765530-022842.parquet,real_data_sample\l2_unseen_validation\trade_date=2026-07-17\exchange=NSE\symbol=RELIANCE\part-063208_765530-022842.parquet,34506,downloaded,34506,
2026-07-17,NSE,RELIANCE,raw_l2/trade_date=2026-07-17/exchange=NSE/symbol=RELIANCE/part-065402_439312-025850.parquet,real_data_sample\l2_unseen_validation\trade_date=2026-07-17\exchange=NSE\symbol=RELIANCE\part-065402_439312-025850.parquet,36095,downloaded,36095,
2026-07-17,NSE,RELIANCE,raw_l2/trade_date=2026-07-17/exchange=NSE/symbol=RELIANCE/part-065348_176478-025818.parquet,real_data_sample\l2_unseen_validation\trade_date=2026-07-17\exchange=NSE\symbol=RELIANCE\part-065348_176478-025818.parquet,35985,downloaded,35985,
2026-07-17,NSE,RELIANCE,raw_l2/trade_date=2026-07-17/exchange=NSE/symbol=RELIANCE/part-065416_406274-025882.parquet,real_data_sample\l2_unseen_validation\trade_date=2026-07-17\exchange=NSE\symbol=RELIANCE\part-065416_406274-025882.parquet,35754,downloaded,35754,
2026-07-17,NSE,RELIANCE,raw_l2/trade_date=2026-07-17/exchange=NSE/symbol=RELIANCE/part-065430_511308-025914.parquet,real_data_sample\l2_unseen_validation\trade_date=2026-07-17\exchange=NSE\symbol=RELIANCE\part-065430_511308-025914.parquet,34886,downloaded,34886,
2026-07-17,NSE,RELIANCE,raw_l2/trade_date=2026-07-17/exchange=NSE/symbol=RELIANCE/part-065444_470612-025946.parquet,real_data_sample\l2_unseen_validation\trade_date=2026-07-17\exchange=NSE\symbol=RELIANCE\part-065444_470612-025946.parquet,34729,downloaded,34729,
2026-07-17,NSE,RELIANCE,raw_l2/trade_date=2026-07-17/exchange=NSE/symbol=RELIANCE/part-065458_695427-025978.parquet,real_data_sample\l2_unseen_validation\trade_date=2026-07-17\exchange=NSE\symbol=RELIANCE\part-065458_695427-025978.parquet,34783,downloaded,34783,
2026-07-17,NSE,RELIANCE,raw_l2/trade_date=2026-07-17/exchange=NSE/symbol=RELIANCE/part-065512_733090-026010.parquet,real_data_sample\l2_unseen_validation\trade_date=2026-07-17\exchange=NSE\symbol=RELIANCE\part-065512_733090-026010.parquet,35048,downloaded,35048,
2026-07-17,NSE,RELIANCE,raw_l2/trade_date=2026-07-17/exchange=NSE/symbol=RELIANCE/part-065320_597117-025754.parquet,real_data_sample\l2_unseen_validation\trade_date=2026-07-17\exchange=NSE\symbol=RELIANCE\part-065320_597117-025754.parquet,35982,downloaded,35982,
2026-07-17,NSE,RELIANCE,raw_l2/trade_date=2026-07-17/exchange=NSE/symbol=RELIANCE/part-065526_764475-026042.parquet,real_data_sample\l2_unseen_validation\trade_date=2026-07-17\exchange=NSE\symbol=RELIANCE\part-065526_764475-026042.parquet,34987,downloaded,34987,
2026-07-17,NSE,RELIANCE,raw_l2/trade_date=2026-07-17/exchange=NSE/symbol=RELIANCE/part-065541_040032-026074.parquet,real_data_sample\l2_unseen_validation\trade_date=2026-07-17\exchange=NSE\symbol=RELIANCE\part-065541_040032-026074.parquet,34952,downloaded,34952,
2026-07-17,NSE,RELIANCE,raw_l2/trade_date=2026-07-17/exchange=NSE/symbol=RELIANCE/part-063443_940476-023194.parquet,real_data_sample\l2_unseen_validation\trade_date=2026-07-17\exchange=NSE\symbol=RELIANCE\part-063443_940476-023194.parquet,34753,downloaded,34753,
2026-07-17,NSE,RELIANCE,raw_l2/trade_date=2026-07-17/exchange=NSE/symbol=RELIANCE/part-065554_945121-026106.parquet,real_data_sample\l2_unseen_validation\trade_date=2026-07-17\exchange=NSE\symbol=RELIANCE\part-065554_945121-026106.parquet,34741,downloaded,34741,
2026-07-17,NSE,RELIANCE,raw_l2/trade_date=2026-07-17/exchange=NSE/symbol=RELIANCE/part-063154_878524-022810.parquet,real_data_sample\l2_unseen_validation\trade_date=2026-07-17\exchange=NSE\symbol=RELIANCE\part-063154_878524-022810.parquet,35070,downloaded,35070,
2026-07-17,NSE,RELIANCE,raw_l2/trade_date=2026-07-17/exchange=NSE/symbol=RELIANCE/part-065608_981433-026138.parquet,real_data_sample\l2_unseen_validation\trade_date=2026-07-17\exchange=NSE\symbol=RELIANCE\part-065608_981433-026138.parquet,34809,downloaded,34809,
2026-07-17,NSE,RELIANCE,raw_l2/trade_date=2026-07-17/exchange=NSE/symbol=RELIANCE/part-065623_072513-026170.parquet,real_data_sample\l2_unseen_validation\trade_date=2026-07-17\exchange=NSE\symbol=RELIANCE\part-065623_072513-026170.parquet,34761,downloaded,34761,
2026-07-17,NSE,RELIANCE,raw_l2/trade_date=2026-07-17/exchange=NSE/symbol=RELIANCE/part-065636_967774-026202.parquet,real_data_sample\l2_unseen_validation\trade_date=2026-07-17\exchange=NSE\symbol=RELIANCE\part-065636_967774-026202.parquet,34878,downloaded,34878,
2026-07-17,NSE,RELIANCE,raw_l2/trade_date=2026-07-17/exchange=NSE/symbol=RELIANCE/part-065704_946191-026266.parquet,real_data_sample\l2_unseen_validation\trade_date=2026-07-17\exchange=NSE\symbol=RELIANCE\part-065704_946191-026266.parquet,34894,downloaded,34894,
2026-07-17,NSE,RELIANCE,raw_l2/trade_date=2026-07-17/exchange=NSE/symbol=RELIANCE/part-065718_970275-026298.parquet,real_data_sample\l2_unseen_validation\trade_date=2026-07-17\exchange=NSE\symbol=RELIANCE\part-065718_970275-026298.parquet,35379,downloaded,35379,
2026-07-17,NSE,RELIANCE,raw_l2/trade_date=2026-07-17/exchange=NSE/symbol=RELIANCE/part-064717_359933-024922.parquet,real_data_sample\l2_unseen_validation\trade_date=2026-07-17\exchange=NSE\symbol=RELIANCE\part-064717_359933-024922.parquet,36444,downloaded,36444,
2026-07-17,NSE,RELIANCE,raw_l2/trade_date=2026-07-17/exchange=NSE/symbol=RELIANCE/part-064607_781592-024762.parquet,real_data_sample\l2_unseen_validation\trade_date=2026-07-17\exchange=NSE\symbol=RELIANCE\part-064607_781592-024762.parquet,35026,downloaded,35026,
2026-07-17,NSE,RELIANCE,raw_l2/trade_date=2026-07-17/exchange=NSE/symbol=RELIANCE/part-065045_846476-025402.parquet,real_data_sample\l2_unseen_validation\trade_date=2026-07-17\exchange=NSE\symbol=RELIANCE\part-065045_846476-025402.parquet,35836,downloaded,35836,
2026-07-17,NSE,RELIANCE,raw_l2/trade_date=2026-07-17/exchange=NSE/symbol=RELIANCE/part-064812_857500-025050.parquet,real_data_sample\l2_unseen_validation\trade_date=2026-07-17\exchange=NSE\symbol=RELIANCE\part-064812_857500-025050.parquet,35953,downloaded,35953,
2026-07-17,NSE,RELIANCE,raw_l2/trade_date=2026-07-17/exchange=NSE/symbol=RELIANCE/part-064922_090475-025210.parquet,real_data_sample\l2_unseen_validation\trade_date=2026-07-17\exchange=NSE\symbol=RELIANCE\part-064922_090475-025210.parquet,35387,downloaded,35387,
2026-07-17,NSE,RELIANCE,raw_l2/trade_date=2026-07-17/exchange=NSE/symbol=RELIANCE/part-064703_384635-024890.parquet,real_data_sample\l2_unseen_validation\trade_date=2026-07-17\exchange=NSE\symbol=RELIANCE\part-064703_384635-024890.parquet,36297,downloaded,36297,
2026-07-17,NSE,RELIANCE,raw_l2/trade_date=2026-07-17/exchange=NSE/symbol=RELIANCE/part-064949_943027-025274.parquet,real_data_sample\l2_unseen_validation\trade_date=2026-07-17\exchange=NSE\symbol=RELIANCE\part-064949_943027-025274.parquet,34903,downloaded,34903,
2026-07-17,NSE,RELIANCE,raw_l2/trade_date=2026-07-17/exchange=NSE/symbol=RELIANCE/part-064745_098000-024986.parquet,real_data_sample\l2_unseen_validation\trade_date=2026-07-17\exchange=NSE\symbol=RELIANCE\part-064745_098000-024986.parquet,35757,downloaded,35757,
2026-07-17,NSE,RELIANCE,raw_l2/trade_date=2026-07-17/exchange=NSE/symbol=RELIANCE/part-064649_395751-024858.parquet,real_data_sample\l2_unseen_validation\trade_date=2026-07-17\exchange=NSE\symbol=RELIANCE\part-064649_395751-024858.parquet,35968,downloaded,35968,
2026-07-17,NSE,RELIANCE,raw_l2/trade_date=2026-07-17/exchange=NSE/symbol=RELIANCE/part-065747_154247-026362.parquet,real_data_sample\l2_unseen_validation\trade_date=2026-07-17\exchange=NSE\symbol=RELIANCE\part-065747_154247-026362.parquet,35827,downloaded,35827,
2026-07-17,NSE,RELIANCE,raw_l2/trade_date=2026-07-17/exchange=NSE/symbol=RELIANCE/part-065815_657499-026426.parquet,real_data_sample\l2_unseen_validation\trade_date=2026-07-17\exchange=NSE\symbol=RELIANCE\part-065815_657499-026426.parquet,35755,downloaded,35755,
2026-07-17,NSE,RELIANCE,raw_l2/trade_date=2026-07-17/exchange=NSE/symbol=RELIANCE/part-064554_036266-024730.parquet,real_data_sample\l2_unseen_validation\trade_date=2026-07-17\exchange=NSE\symbol=RELIANCE\part-064554_036266-024730.parquet,34954,downloaded,34954,
2026-07-17,NSE,RELIANCE,raw_l2/trade_date=2026-07-17/exchange=NSE/symbol=RELIANCE/part-064935_922047-025242.parquet,real_data_sample\l2_unseen_validation\trade_date=2026-07-17\exchange=NSE\symbol=RELIANCE\part-064935_922047-025242.parquet,35060,downloaded,35060,
2026-07-17,NSE,RELIANCE,raw_l2/trade_date=2026-07-17/exchange=NSE/symbol=RELIANCE/part-065830_090561-026458.parquet,real_data_sample\l2_unseen_validation\trade_date=2026-07-17\exchange=NSE\symbol=RELIANCE\part-065830_090561-026458.parquet,34830,downloaded,34830,
2026-07-17,NSE,RELIANCE,raw_l2/trade_date=2026-07-17/exchange=NSE/symbol=RELIANCE/part-064621_604326-024794.parquet,real_data_sample\l2_unseen_validation\trade_date=2026-07-17\exchange=NSE\symbol=RELIANCE\part-064621_604326-024794.parquet,35843,downloaded,35843,
2026-07-17,NSE,RELIANCE,raw_l2/trade_date=2026-07-17/exchange=NSE/symbol=RELIANCE/part-065031_661645-025370.parquet,real_data_sample\l2_unseen_validation\trade_date=2026-07-17\exchange=NSE\symbol=RELIANCE\part-065031_661645-025370.parquet,36166,downloaded,36166,
2026-07-17,NSE,RELIANCE,raw_l2/trade_date=2026-07-17/exchange=NSE/symbol=RELIANCE/part-065844_394233-026490.parquet,real_data_sample\l2_unseen_validation\trade_date=2026-07-17\exchange=NSE\symbol=RELIANCE\part-065844_394233-026490.parquet,34766,downloaded,34766,
2026-07-17,NSE,RELIANCE,raw_l2/trade_date=2026-07-17/exchange=NSE/symbol=RELIANCE/part-065017_827586-025338.parquet,real_data_sample\l2_unseen_validation\trade_date=2026-07-17\exchange=NSE\symbol=RELIANCE\part-065017_827586-025338.parquet,35231,downloaded,35231,
2026-07-17,NSE,RELIANCE,raw_l2/trade_date=2026-07-17/exchange=NSE/symbol=RELIANCE/part-065858_670233-026522.parquet,real_data_sample\l2_unseen_validation\trade_date=2026-07-17\exchange=NSE\symbol=RELIANCE\part-065858_670233-026522.parquet,34892,downloaded,34892,
2026-07-17,NSE,RELIANCE,raw_l2/trade_date=2026-07-17/exchange=NSE/symbol=RELIANCE/part-064540_356663-024698.parquet,real_data_sample\l2_unseen_validation\trade_date=2026-07-17\exchange=NSE\symbol=RELIANCE\part-064540_356663-024698.parquet,35000,downloaded,35000,
2026-07-17,NSE,RELIANCE,raw_l2/trade_date=2026-07-17/exchange=NSE/symbol=RELIANCE/part-065912_825325-026554.parquet,real_data_sample\l2_unseen_validation\trade_date=2026-07-17\exchange=NSE\symbol=RELIANCE\part-065912_825325-026554.parquet,34755,downloaded,34755,
2026-07-17,NSE,RELIANCE,raw_l2/trade_date=2026-07-17/exchange=NSE/symbol=RELIANCE/part-065003_980454-025306.parquet,real_data_sample\l2_unseen_validation\trade_date=2026-07-17\exchange=NSE\symbol=RELIANCE\part-065003_980454-025306.parquet,34844,downloaded,34844,
2026-07-17,NSE,RELIANCE,raw_l2/trade_date=2026-07-17/exchange=NSE/symbol=RELIANCE/part-064731_070417-024954.parquet,real_data_sample\l2_unseen_validation\trade_date=2026-07-17\exchange=NSE\symbol=RELIANCE\part-064731_070417-024954.parquet,35916,downloaded,35916,
2026-07-17,NSE,RELIANCE,raw_l2/trade_date=2026-07-17/exchange=NSE/symbol=RELIANCE/part-065927_456757-026586.parquet,real_data_sample\l2_unseen_validation\trade_date=2026-07-17\exchange=NSE\symbol=RELIANCE\part-065927_456757-026586.parquet,35009,downloaded,35009,
2026-07-17,NSE,RELIANCE,raw_l2/trade_date=2026-07-17/exchange=NSE/symbol=RELIANCE/part-064826_723368-025082.parquet,real_data_sample\l2_unseen_validation\trade_date=2026-07-17\exchange=NSE\symbol=RELIANCE\part-064826_723368-025082.parquet,35955,downloaded,35955,
2026-07-17,NSE,RELIANCE,raw_l2/trade_date=2026-07-17/exchange=NSE/symbol=RELIANCE/part-065942_132959-026618.parquet,real_data_sample\l2_unseen_validation\trade_date=2026-07-17\exchange=NSE\symbol=RELIANCE\part-065942_132959-026618.parquet,35066,downloaded,35066,
2026-07-17,NSE,RELIANCE,raw_l2/trade_date=2026-07-17/exchange=NSE/symbol=RELIANCE/part-065956_871915-026650.parquet,real_data_sample\l2_unseen_validation\trade_date=2026-07-17\exchange=NSE\symbol=RELIANCE\part-065956_871915-026650.parquet,35193,downloaded,35193,
2026-07-17,NSE,RELIANCE,raw_l2/trade_date=2026-07-17/exchange=NSE/symbol=RELIANCE/part-064854_304666-025146.parquet,real_data_sample\l2_unseen_validation\trade_date=2026-07-17\exchange=NSE\symbol=RELIANCE\part-064854_304666-025146.parquet,36122,downloaded,36122,
2026-07-17,NSE,RELIANCE,raw_l2/trade_date=2026-07-17/exchange=NSE/symbol=RELIANCE/part-070025_971816-026714.parquet,real_data_sample\l2_unseen_validation\trade_date=2026-07-17\exchange=NSE\symbol=RELIANCE\part-070025_971816-026714.parquet,36374,downloaded,36374,
2026-07-17,NSE,RELIANCE,raw_l2/trade_date=2026-07-17/exchange=NSE/symbol=RELIANCE/part-070011_552315-026682.parquet,real_data_sample\l2_unseen_validation\trade_date=2026-07-17\exchange=NSE\symbol=RELIANCE\part-070011_552315-026682.parquet,34946,downloaded,34946,
2026-07-17,NSE,RELIANCE,raw_l2/trade_date=2026-07-17/exchange=NSE/symbol=RELIANCE/part-065733_117977-026330.parquet,real_data_sample\l2_unseen_validation\trade_date=2026-07-17\exchange=NSE\symbol=RELIANCE\part-065733_117977-026330.parquet,35926,downloaded,35926,
2026-07-17,NSE,RELIANCE,raw_l2/trade_date=2026-07-17/exchange=NSE/symbol=RELIANCE/part-064908_208619-025178.parquet,real_data_sample\l2_unseen_validation\trade_date=2026-07-17\exchange=NSE\symbol=RELIANCE\part-064908_208619-025178.parquet,36103,downloaded,36103,
2026-07-17,NSE,RELIANCE,raw_l2/trade_date=2026-07-17/exchange=NSE/symbol=RELIANCE/part-070054_901670-026778.parquet,real_data_sample\l2_unseen_validation\trade_date=2026-07-17\exchange=NSE\symbol=RELIANCE\part-070054_901670-026778.parquet,36234,downloaded,36234,
2026-07-17,NSE,RELIANCE,raw_l2/trade_date=2026-07-17/exchange=NSE/symbol=RELIANCE/part-070040_366343-026746.parquet,real_data_sample\l2_unseen_validation\trade_date=2026-07-17\exchange=NSE\symbol=RELIANCE\part-070040_366343-026746.parquet,36411,downloaded,36411,
2026-07-17,NSE,RELIANCE,raw_l2/trade_date=2026-07-17/exchange=NSE/symbol=RELIANCE/part-070109_795294-026810.parquet,real_data_sample\l2_unseen_validation\trade_date=2026-07-17\exchange=NSE\symbol=RELIANCE\part-070109_795294-026810.parquet,36566,downloaded,36566,
2026-07-17,NSE,RELIANCE,raw_l2/trade_date=2026-07-17/exchange=NSE/symbol=RELIANCE/part-070124_456430-026842.parquet,real_data_sample\l2_unseen_validation\trade_date=2026-07-17\exchange=NSE\symbol=RELIANCE\part-070124_456430-026842.parquet,36301,downloaded,36301,
2026-07-17,NSE,RELIANCE,raw_l2/trade_date=2026-07-17/exchange=NSE/symbol=RELIANCE/part-065801_344045-026394.parquet,real_data_sample\l2_unseen_validation\trade_date=2026-07-17\exchange=NSE\symbol=RELIANCE\part-065801_344045-026394.parquet,35931,downloaded,35931,
2026-07-17,NSE,RELIANCE,raw_l2/trade_date=2026-07-17/exchange=NSE/symbol=RELIANCE/part-070139_516907-026874.parquet,real_data_sample\l2_unseen_validation\trade_date=2026-07-17\exchange=NSE\symbol=RELIANCE\part-070139_516907-026874.parquet,36358,downloaded,36358,
2026-07-17,NSE,RELIANCE,raw_l2/trade_date=2026-07-17/exchange=NSE/symbol=RELIANCE/part-064635_448440-024826.parquet,real_data_sample\l2_unseen_validation\trade_date=2026-07-17\exchange=NSE\symbol=RELIANCE\part-064635_448440-024826.parquet,36595,downloaded,36595,
2026-07-17,NSE,RELIANCE,raw_l2/trade_date=2026-07-17/exchange=NSE/symbol=RELIANCE/part-070223_425574-026970.parquet,real_data_sample\l2_unseen_validation\trade_date=2026-07-17\exchange=NSE\symbol=RELIANCE\part-070223_425574-026970.parquet,36173,downloaded,36173,
2026-07-17,NSE,RELIANCE,raw_l2/trade_date=2026-07-17/exchange=NSE/symbol=RELIANCE/part-070336_724191-027130.parquet,real_data_sample\l2_unseen_validation\trade_date=2026-07-17\exchange=NSE\symbol=RELIANCE\part-070336_724191-027130.parquet,35792,downloaded,35792,
2026-07-17,NSE,RELIANCE,raw_l2/trade_date=2026-07-17/exchange=NSE/symbol=RELIANCE/part-070238_063025-027002.parquet,real_data_sample\l2_unseen_validation\trade_date=2026-07-17\exchange=NSE\symbol=RELIANCE\part-070238_063025-027002.parquet,36328,downloaded,36328,
2026-07-17,NSE,RELIANCE,raw_l2/trade_date=2026-07-17/exchange=NSE/symbol=RELIANCE/part-070322_415127-027098.parquet,real_data_sample\l2_unseen_validation\trade_date=2026-07-17\exchange=NSE\symbol=RELIANCE\part-070322_415127-027098.parquet,36083,downloaded,36083,
2026-07-17,NSE,RELIANCE,raw_l2/trade_date=2026-07-17/exchange=NSE/symbol=RELIANCE/part-070208_531240-026938.parquet,real_data_sample\l2_unseen_validation\trade_date=2026-07-17\exchange=NSE\symbol=RELIANCE\part-070208_531240-026938.parquet,36109,downloaded,36109,
2026-07-17,NSE,RELIANCE,raw_l2/trade_date=2026-07-17/exchange=NSE/symbol=RELIANCE/part-070154_131841-026906.parquet,real_data_sample\l2_unseen_validation\trade_date=2026-07-17\exchange=NSE\symbol=RELIANCE\part-070154_131841-026906.parquet,36570,downloaded,36570,
2026-07-17,NSE,RELIANCE,raw_l2/trade_date=2026-07-17/exchange=NSE/symbol=RELIANCE/part-070307_829185-027066.parquet,real_data_sample\l2_unseen_validation\trade_date=2026-07-17\exchange=NSE\symbol=RELIANCE\part-070307_829185-027066.parquet,36430,downloaded,36430,
2026-07-17,NSE,RELIANCE,raw_l2/trade_date=2026-07-17/exchange=NSE/symbol=RELIANCE/part-070351_041788-027162.parquet,real_data_sample\l2_unseen_validation\trade_date=2026-07-17\exchange=NSE\symbol=RELIANCE\part-070351_041788-027162.parquet,35707,downloaded,35707,
2026-07-17,NSE,RELIANCE,raw_l2/trade_date=2026-07-17/exchange=NSE/symbol=RELIANCE/part-070253_037484-027034.parquet,real_data_sample\l2_unseen_validation\trade_date=2026-07-17\exchange=NSE\symbol=RELIANCE\part-070253_037484-027034.parquet,35956,downloaded,35956,
2026-07-17,NSE,RELIANCE,raw_l2/trade_date=2026-07-17/exchange=NSE/symbol=RELIANCE/part-070419_683132-027226.parquet,real_data_sample\l2_unseen_validation\trade_date=2026-07-17\exchange=NSE\symbol=RELIANCE\part-070419_683132-027226.parquet,35411,downloaded,35411,
2026-07-17,NSE,RELIANCE,raw_l2/trade_date=2026-07-17/exchange=NSE/symbol=RELIANCE/part-070405_487308-027194.parquet,real_data_sample\l2_unseen_validation\trade_date=2026-07-17\exchange=NSE\symbol=RELIANCE\part-070405_487308-027194.parquet,35659,downloaded,35659,
2026-07-17,NSE,RELIANCE,raw_l2/trade_date=2026-07-17/exchange=NSE/symbol=RELIANCE/part-064758_824913-025018.parquet,real_data_sample\l2_unseen_validation\trade_date=2026-07-17\exchange=NSE\symbol=RELIANCE\part-064758_824913-025018.parquet,36039,downloaded,36039,
2026-07-17,NSE,RELIANCE,raw_l2/trade_date=2026-07-17/exchange=NSE/symbol=RELIANCE/part-070433_857430-027258.parquet,real_data_sample\l2_unseen_validation\trade_date=2026-07-17\exchange=NSE\symbol=RELIANCE\part-070433_857430-027258.parquet,34760,downloaded,34760,
2026-07-17,NSE,RELIANCE,raw_l2/trade_date=2026-07-17/exchange=NSE/symbol=RELIANCE/part-065651_009797-026234.parquet,real_data_sample\l2_unseen_validation\trade_date=2026-07-17\exchange=NSE\symbol=RELIANCE\part-065651_009797-026234.parquet,34825,downloaded,34825,
2026-07-17,NSE,RELIANCE,raw_l2/trade_date=2026-07-17/exchange=NSE/symbol=RELIANCE/part-070448_125629-027290.parquet,real_data_sample\l2_unseen_validation\trade_date=2026-07-17\exchange=NSE\symbol=RELIANCE\part-070448_125629-027290.parquet,34904,downloaded,34904,
2026-07-17,NSE,RELIANCE,raw_l2/trade_date=2026-07-17/exchange=NSE/symbol=RELIANCE/part-070502_842687-027322.parquet,real_data_sample\l2_unseen_validation\trade_date=2026-07-17\exchange=NSE\symbol=RELIANCE\part-070502_842687-027322.parquet,34847,downloaded,34847,
2026-07-17,NSE,RELIANCE,raw_l2/trade_date=2026-07-17/exchange=NSE/symbol=RELIANCE/part-064840_569669-025114.parquet,real_data_sample\l2_unseen_validation\trade_date=2026-07-17\exchange=NSE\symbol=RELIANCE\part-064840_569669-025114.parquet,35914,downloaded,35914,
2026-07-17,NSE,RELIANCE,raw_l2/trade_date=2026-07-17/exchange=NSE/symbol=RELIANCE/part-070531_941854-027386.parquet,real_data_sample\l2_unseen_validation\trade_date=2026-07-17\exchange=NSE\symbol=RELIANCE\part-070531_941854-027386.parquet,35655,downloaded,35655,
2026-07-17,NSE,RELIANCE,raw_l2/trade_date=2026-07-17/exchange=NSE/symbol=RELIANCE/part-070546_248592-027418.parquet,real_data_sample\l2_unseen_validation\trade_date=2026-07-17\exchange=NSE\symbol=RELIANCE\part-070546_248592-027418.parquet,36098,downloaded,36098,
2026-07-17,NSE,RELIANCE,raw_l2/trade_date=2026-07-17/exchange=NSE/symbol=RELIANCE/part-070614_846760-027482.parquet,real_data_sample\l2_unseen_validation\trade_date=2026-07-17\exchange=NSE\symbol=RELIANCE\part-070614_846760-027482.parquet,35674,downloaded,35674,
2026-07-17,NSE,RELIANCE,raw_l2/trade_date=2026-07-17/exchange=NSE/symbol=RELIANCE/part-070517_301226-027354.parquet,real_data_sample\l2_unseen_validation\trade_date=2026-07-17\exchange=NSE\symbol=RELIANCE\part-070517_301226-027354.parquet,35228,downloaded,35228,
2026-07-17,NSE,RELIANCE,raw_l2/trade_date=2026-07-17/exchange=NSE/symbol=RELIANCE/part-070643_670168-027546.parquet,real_data_sample\l2_unseen_validation\trade_date=2026-07-17\exchange=NSE\symbol=RELIANCE\part-070643_670168-027546.parquet,34739,downloaded,34739,
2026-07-17,NSE,RELIANCE,raw_l2/trade_date=2026-07-17/exchange=NSE/symbol=RELIANCE/part-070629_304469-027514.parquet,real_data_sample\l2_unseen_validation\trade_date=2026-07-17\exchange=NSE\symbol=RELIANCE\part-070629_304469-027514.parquet,34952,downloaded,34952,
2026-07-17,NSE,RELIANCE,raw_l2/trade_date=2026-07-17/exchange=NSE/symbol=RELIANCE/part-070600_589161-027450.parquet,real_data_sample\l2_unseen_validation\trade_date=2026-07-17\exchange=NSE\symbol=RELIANCE\part-070600_589161-027450.parquet,36326,downloaded,36326,
2026-07-17,NSE,RELIANCE,raw_l2/trade_date=2026-07-17/exchange=NSE/symbol=RELIANCE/part-070726_410760-027642.parquet,real_data_sample\l2_unseen_validation\trade_date=2026-07-17\exchange=NSE\symbol=RELIANCE\part-070726_410760-027642.parquet,36255,downloaded,36255,
2026-07-17,NSE,RELIANCE,raw_l2/trade_date=2026-07-17/exchange=NSE/symbol=RELIANCE/part-070822_893900-027770.parquet,real_data_sample\l2_unseen_validation\trade_date=2026-07-17\exchange=NSE\symbol=RELIANCE\part-070822_893900-027770.parquet,35685,downloaded,35685,
2026-07-17,NSE,RELIANCE,raw_l2/trade_date=2026-07-17/exchange=NSE/symbol=RELIANCE/part-070740_603822-027674.parquet,real_data_sample\l2_unseen_validation\trade_date=2026-07-17\exchange=NSE\symbol=RELIANCE\part-070740_603822-027674.parquet,36385,downloaded,36385,
2026-07-17,NSE,RELIANCE,raw_l2/trade_date=2026-07-17/exchange=NSE/symbol=RELIANCE/part-070754_708459-027706.parquet,real_data_sample\l2_unseen_validation\trade_date=2026-07-17\exchange=NSE\symbol=RELIANCE\part-070754_708459-027706.parquet,35837,downloaded,35837,
2026-07-17,NSE,RELIANCE,raw_l2/trade_date=2026-07-17/exchange=NSE/symbol=RELIANCE/part-070808_791028-027738.parquet,real_data_sample\l2_unseen_validation\trade_date=2026-07-17\exchange=NSE\symbol=RELIANCE\part-070808_791028-027738.parquet,35613,downloaded,35613,
2026-07-17,NSE,RELIANCE,raw_l2/trade_date=2026-07-17/exchange=NSE/symbol=RELIANCE/part-070657_921046-027578.parquet,real_data_sample\l2_unseen_validation\trade_date=2026-07-17\exchange=NSE\symbol=RELIANCE\part-070657_921046-027578.parquet,35026,downloaded,35026,
2026-07-17,NSE,RELIANCE,raw_l2/trade_date=2026-07-17/exchange=NSE/symbol=RELIANCE/part-070712_148576-027610.parquet,real_data_sample\l2_unseen_validation\trade_date=2026-07-17\exchange=NSE\symbol=RELIANCE\part-070712_148576-027610.parquet,35130,downloaded,35130,
2026-07-17,NSE,RELIANCE,raw_l2/trade_date=2026-07-17/exchange=NSE/symbol=RELIANCE/part-070837_386197-027802.parquet,real_data_sample\l2_unseen_validation\trade_date=2026-07-17\exchange=NSE\symbol=RELIANCE\part-070837_386197-027802.parquet,36189,downloaded,36189,
2026-07-17,NSE,RELIANCE,raw_l2/trade_date=2026-07-17/exchange=NSE/symbol=RELIANCE/part-070906_140871-027866.parquet,real_data_sample\l2_unseen_validation\trade_date=2026-07-17\exchange=NSE\symbol=RELIANCE\part-070906_140871-027866.parquet,36268,downloaded,36268,
2026-07-17,NSE,RELIANCE,raw_l2/trade_date=2026-07-17/exchange=NSE/symbol=RELIANCE/part-070920_397851-027898.parquet,real_data_sample\l2_unseen_validation\trade_date=2026-07-17\exchange=NSE\symbol=RELIANCE\part-070920_397851-027898.parquet,36293,downloaded,36293,
2026-07-17,NSE,RELIANCE,raw_l2/trade_date=2026-07-17/exchange=NSE/symbol=RELIANCE/part-070851_636820-027834.parquet,real_data_sample\l2_unseen_validation\trade_date=2026-07-17\exchange=NSE\symbol=RELIANCE\part-070851_636820-027834.parquet,36553,downloaded,36553,
2026-07-17,NSE,RELIANCE,raw_l2/trade_date=2026-07-17/exchange=NSE/symbol=RELIANCE/part-070935_082138-027930.parquet,real_data_sample\l2_unseen_validation\trade_date=2026-07-17\exchange=NSE\symbol=RELIANCE\part-070935_082138-027930.parquet,36499,downloaded,36499,
2026-07-17,NSE,RELIANCE,raw_l2/trade_date=2026-07-17/exchange=NSE/symbol=RELIANCE/part-071003_858093-027994.parquet,real_data_sample\l2_unseen_validation\trade_date=2026-07-17\exchange=NSE\symbol=RELIANCE\part-071003_858093-027994.parquet,36116,downloaded,36116,
2026-07-17,NSE,RELIANCE,raw_l2/trade_date=2026-07-17/exchange=NSE/symbol=RELIANCE/part-070949_699292-027962.parquet,real_data_sample\l2_unseen_validation\trade_date=2026-07-17\exchange=NSE\symbol=RELIANCE\part-070949_699292-027962.parquet,36100,downloaded,36100,
2026-07-17,NSE,RELIANCE,raw_l2/trade_date=2026-07-17/exchange=NSE/symbol=RELIANCE/part-071130_325721-028186.parquet,real_data_sample\l2_unseen_validation\trade_date=2026-07-17\exchange=NSE\symbol=RELIANCE\part-071130_325721-028186.parquet,36527,downloaded,36527,
2026-07-17,NSE,RELIANCE,raw_l2/trade_date=2026-07-17/exchange=NSE/symbol=RELIANCE/part-071032_116105-028058.parquet,real_data_sample\l2_unseen_validation\trade_date=2026-07-17\exchange=NSE\symbol=RELIANCE\part-071032_116105-028058.parquet,36041,downloaded,36041,
2026-07-17,NSE,RELIANCE,raw_l2/trade_date=2026-07-17/exchange=NSE/symbol=RELIANCE/part-071046_599141-028090.parquet,real_data_sample\l2_unseen_validation\trade_date=2026-07-17\exchange=NSE\symbol=RELIANCE\part-071046_599141-028090.parquet,36180,downloaded,36180,
2026-07-17,NSE,RELIANCE,raw_l2/trade_date=2026-07-17/exchange=NSE/symbol=RELIANCE/part-071101_146593-028122.parquet,real_data_sample\l2_unseen_validation\trade_date=2026-07-17\exchange=NSE\symbol=RELIANCE\part-071101_146593-028122.parquet,36326,downloaded,36326,
2026-07-17,NSE,RELIANCE,raw_l2/trade_date=2026-07-17/exchange=NSE/symbol=RELIANCE/part-071018_108146-028026.parquet,real_data_sample\l2_unseen_validation\trade_date=2026-07-17\exchange=NSE\symbol=RELIANCE\part-071018_108146-028026.parquet,36359,downloaded,36359,
2026-07-17,NSE,RELIANCE,raw_l2/trade_date=2026-07-17/exchange=NSE/symbol=RELIANCE/part-071115_659145-028154.parquet,real_data_sample\l2_unseen_validation\trade_date=2026-07-17\exchange=NSE\symbol=RELIANCE\part-071115_659145-028154.parquet,36240,downloaded,36240,
2026-07-17,NSE,RELIANCE,raw_l2/trade_date=2026-07-17/exchange=NSE/symbol=RELIANCE/part-071256_895003-028378.parquet,real_data_sample\l2_unseen_validation\trade_date=2026-07-17\exchange=NSE\symbol=RELIANCE\part-071256_895003-028378.parquet,34645,downloaded,34645,
2026-07-17,NSE,RELIANCE,raw_l2/trade_date=2026-07-17/exchange=NSE/symbol=RELIANCE/part-071325_451990-028442.parquet,real_data_sample\l2_unseen_validation\trade_date=2026-07-17\exchange=NSE\symbol=RELIANCE\part-071325_451990-028442.parquet,34659,downloaded,34659,
2026-07-17,NSE,RELIANCE,raw_l2/trade_date=2026-07-17/exchange=NSE/symbol=RELIANCE/part-071144_921012-028218.parquet,real_data_sample\l2_unseen_validation\trade_date=2026-07-17\exchange=NSE\symbol=RELIANCE\part-071144_921012-028218.parquet,36100,downloaded,36100,
2026-07-17,NSE,RELIANCE,raw_l2/trade_date=2026-07-17/exchange=NSE/symbol=RELIANCE/part-071228_248571-028314.parquet,real_data_sample\l2_unseen_validation\trade_date=2026-07-17\exchange=NSE\symbol=RELIANCE\part-071228_248571-028314.parquet,34822,downloaded,34822,
2026-07-17,NSE,RELIANCE,raw_l2/trade_date=2026-07-17/exchange=NSE/symbol=RELIANCE/part-071311_231709-028410.parquet,real_data_sample\l2_unseen_validation\trade_date=2026-07-17\exchange=NSE\symbol=RELIANCE\part-071311_231709-028410.parquet,34555,downloaded,34555,
2026-07-17,NSE,RELIANCE,raw_l2/trade_date=2026-07-17/exchange=NSE/symbol=RELIANCE/part-071339_736371-028474.parquet,real_data_sample\l2_unseen_validation\trade_date=2026-07-17\exchange=NSE\symbol=RELIANCE\part-071339_736371-028474.parquet,34669,downloaded,34669,
2026-07-17,NSE,RELIANCE,raw_l2/trade_date=2026-07-17/exchange=NSE/symbol=RELIANCE/part-071354_141492-028506.parquet,real_data_sample\l2_unseen_validation\trade_date=2026-07-17\exchange=NSE\symbol=RELIANCE\part-071354_141492-028506.parquet,34569,downloaded,34569,
2026-07-17,NSE,RELIANCE,raw_l2/trade_date=2026-07-17/exchange=NSE/symbol=RELIANCE/part-071213_782155-028282.parquet,real_data_sample\l2_unseen_validation\trade_date=2026-07-17\exchange=NSE\symbol=RELIANCE\part-071213_782155-028282.parquet,35470,downloaded,35470,
2026-07-17,NSE,RELIANCE,raw_l2/trade_date=2026-07-17/exchange=NSE/symbol=RELIANCE/part-071242_707270-028346.parquet,real_data_sample\l2_unseen_validation\trade_date=2026-07-17\exchange=NSE\symbol=RELIANCE\part-071242_707270-028346.parquet,34834,downloaded,34834,
2026-07-17,NSE,RELIANCE,raw_l2/trade_date=2026-07-17/exchange=NSE/symbol=RELIANCE/part-071408_479299-028538.parquet,real_data_sample\l2_unseen_validation\trade_date=2026-07-17\exchange=NSE\symbol=RELIANCE\part-071408_479299-028538.parquet,34851,downloaded,34851,
2026-07-17,NSE,RELIANCE,raw_l2/trade_date=2026-07-17/exchange=NSE/symbol=RELIANCE/part-071436_939455-028602.parquet,real_data_sample\l2_unseen_validation\trade_date=2026-07-17\exchange=NSE\symbol=RELIANCE\part-071436_939455-028602.parquet,34726,downloaded,34726,
2026-07-17,NSE,RELIANCE,raw_l2/trade_date=2026-07-17/exchange=NSE/symbol=RELIANCE/part-071451_368386-028634.parquet,real_data_sample\l2_unseen_validation\trade_date=2026-07-17\exchange=NSE\symbol=RELIANCE\part-071451_368386-028634.parquet,34913,downloaded,34913,
2026-07-17,NSE,RELIANCE,raw_l2/trade_date=2026-07-17/exchange=NSE/symbol=RELIANCE/part-071422_686283-028570.parquet,real_data_sample\l2_unseen_validation\trade_date=2026-07-17\exchange=NSE\symbol=RELIANCE\part-071422_686283-028570.parquet,34753,downloaded,34753,
2026-07-17,NSE,RELIANCE,raw_l2/trade_date=2026-07-17/exchange=NSE/symbol=RELIANCE/part-071520_323801-028698.parquet,real_data_sample\l2_unseen_validation\trade_date=2026-07-17\exchange=NSE\symbol=RELIANCE\part-071520_323801-028698.parquet,34734,downloaded,34734,
2026-07-17,NSE,RELIANCE,raw_l2/trade_date=2026-07-17/exchange=NSE/symbol=RELIANCE/part-071505_887833-028666.parquet,real_data_sample\l2_unseen_validation\trade_date=2026-07-17\exchange=NSE\symbol=RELIANCE\part-071505_887833-028666.parquet,34795,downloaded,34795,
2026-07-17,NSE,RELIANCE,raw_l2/trade_date=2026-07-17/exchange=NSE/symbol=RELIANCE/part-071617_626927-028826.parquet,real_data_sample\l2_unseen_validation\trade_date=2026-07-17\exchange=NSE\symbol=RELIANCE\part-071617_626927-028826.parquet,35081,downloaded,35081,
2026-07-17,NSE,RELIANCE,raw_l2/trade_date=2026-07-17/exchange=NSE/symbol=RELIANCE/part-071534_567311-028730.parquet,real_data_sample\l2_unseen_validation\trade_date=2026-07-17\exchange=NSE\symbol=RELIANCE\part-071534_567311-028730.parquet,35159,downloaded,35159,
2026-07-17,NSE,RELIANCE,raw_l2/trade_date=2026-07-17/exchange=NSE/symbol=RELIANCE/part-071603_424502-028794.parquet,real_data_sample\l2_unseen_validation\trade_date=2026-07-17\exchange=NSE\symbol=RELIANCE\part-071603_424502-028794.parquet,35158,downloaded,35158,
2026-07-17,NSE,RELIANCE,raw_l2/trade_date=2026-07-17/exchange=NSE/symbol=RELIANCE/part-071549_096579-028762.parquet,real_data_sample\l2_unseen_validation\trade_date=2026-07-17\exchange=NSE\symbol=RELIANCE\part-071549_096579-028762.parquet,34974,downloaded,34974,
2026-07-17,NSE,RELIANCE,raw_l2/trade_date=2026-07-17/exchange=NSE/symbol=RELIANCE/part-071631_882309-028858.parquet,real_data_sample\l2_unseen_validation\trade_date=2026-07-17\exchange=NSE\symbol=RELIANCE\part-071631_882309-028858.parquet,36260,downloaded,36260,
2026-07-17,NSE,RELIANCE,raw_l2/trade_date=2026-07-17/exchange=NSE/symbol=RELIANCE/part-071646_137356-028890.parquet,real_data_sample\l2_unseen_validation\trade_date=2026-07-17\exchange=NSE\symbol=RELIANCE\part-071646_137356-028890.parquet,35497,downloaded,35497,
2026-07-17,NSE,RELIANCE,raw_l2/trade_date=2026-07-17/exchange=NSE/symbol=RELIANCE/part-071728_561809-028986.parquet,real_data_sample\l2_unseen_validation\trade_date=2026-07-17\exchange=NSE\symbol=RELIANCE\part-071728_561809-028986.parquet,35972,downloaded,35972,
2026-07-17,NSE,RELIANCE,raw_l2/trade_date=2026-07-17/exchange=NSE/symbol=RELIANCE/part-071700_311669-028922.parquet,real_data_sample\l2_unseen_validation\trade_date=2026-07-17\exchange=NSE\symbol=RELIANCE\part-071700_311669-028922.parquet,36266,downloaded,36266,
2026-07-17,NSE,RELIANCE,raw_l2/trade_date=2026-07-17/exchange=NSE/symbol=RELIANCE/part-071714_529708-028954.parquet,real_data_sample\l2_unseen_validation\trade_date=2026-07-17\exchange=NSE\symbol=RELIANCE\part-071714_529708-028954.parquet,35722,downloaded,35722,
2026-07-17,NSE,RELIANCE,raw_l2/trade_date=2026-07-17/exchange=NSE/symbol=RELIANCE/part-071757_129199-029050.parquet,real_data_sample\l2_unseen_validation\trade_date=2026-07-17\exchange=NSE\symbol=RELIANCE\part-071757_129199-029050.parquet,36173,downloaded,36173,
2026-07-17,NSE,RELIANCE,raw_l2/trade_date=2026-07-17/exchange=NSE/symbol=RELIANCE/part-071742_876989-029018.parquet,real_data_sample\l2_unseen_validation\trade_date=2026-07-17\exchange=NSE\symbol=RELIANCE\part-071742_876989-029018.parquet,35917,downloaded,35917,
2026-07-17,NSE,RELIANCE,raw_l2/trade_date=2026-07-17/exchange=NSE/symbol=RELIANCE/part-071825_891576-029114.parquet,real_data_sample\l2_unseen_validation\trade_date=2026-07-17\exchange=NSE\symbol=RELIANCE\part-071825_891576-029114.parquet,34803,downloaded,34803,
2026-07-17,NSE,RELIANCE,raw_l2/trade_date=2026-07-17/exchange=NSE/symbol=RELIANCE/part-071840_660020-029146.parquet,real_data_sample\l2_unseen_validation\trade_date=2026-07-17\exchange=NSE\symbol=RELIANCE\part-071840_660020-029146.parquet,34856,downloaded,34856,
2026-07-17,NSE,RELIANCE,raw_l2/trade_date=2026-07-17/exchange=NSE/symbol=RELIANCE/part-071855_649836-029178.parquet,real_data_sample\l2_unseen_validation\trade_date=2026-07-17\exchange=NSE\symbol=RELIANCE\part-071855_649836-029178.parquet,34867,downloaded,34867,
2026-07-17,NSE,RELIANCE,raw_l2/trade_date=2026-07-17/exchange=NSE/symbol=RELIANCE/part-071910_060751-029210.parquet,real_data_sample\l2_unseen_validation\trade_date=2026-07-17\exchange=NSE\symbol=RELIANCE\part-071910_060751-029210.parquet,34697,downloaded,34697,
2026-07-17,NSE,RELIANCE,raw_l2/trade_date=2026-07-17/exchange=NSE/symbol=RELIANCE/part-071811_647365-029082.parquet,real_data_sample\l2_unseen_validation\trade_date=2026-07-17\exchange=NSE\symbol=RELIANCE\part-071811_647365-029082.parquet,35540,downloaded,35540,
2026-07-17,NSE,RELIANCE,raw_l2/trade_date=2026-07-17/exchange=NSE/symbol=RELIANCE/part-071938_697815-029274.parquet,real_data_sample\l2_unseen_validation\trade_date=2026-07-17\exchange=NSE\symbol=RELIANCE\part-071938_697815-029274.parquet,35119,downloaded,35119,
2026-07-17,NSE,RELIANCE,raw_l2/trade_date=2026-07-17/exchange=NSE/symbol=RELIANCE/part-072021_448691-029370.parquet,real_data_sample\l2_unseen_validation\trade_date=2026-07-17\exchange=NSE\symbol=RELIANCE\part-072021_448691-029370.parquet,34885,downloaded,34885,
2026-07-17,NSE,RELIANCE,raw_l2/trade_date=2026-07-17/exchange=NSE/symbol=RELIANCE/part-071924_371971-029242.parquet,real_data_sample\l2_unseen_validation\trade_date=2026-07-17\exchange=NSE\symbol=RELIANCE\part-071924_371971-029242.parquet,34883,downloaded,34883,
2026-07-17,NSE,RELIANCE,raw_l2/trade_date=2026-07-17/exchange=NSE/symbol=RELIANCE/part-072104_193303-029466.parquet,real_data_sample\l2_unseen_validation\trade_date=2026-07-17\exchange=NSE\symbol=RELIANCE\part-072104_193303-029466.parquet,34985,downloaded,34985,
2026-07-17,NSE,RELIANCE,raw_l2/trade_date=2026-07-17/exchange=NSE/symbol=RELIANCE/part-072049_948257-029434.parquet,real_data_sample\l2_unseen_validation\trade_date=2026-07-17\exchange=NSE\symbol=RELIANCE\part-072049_948257-029434.parquet,34736,downloaded,34736,
2026-07-17,NSE,RELIANCE,raw_l2/trade_date=2026-07-17/exchange=NSE/symbol=RELIANCE/part-072035_650007-029402.parquet,real_data_sample\l2_unseen_validation\trade_date=2026-07-17\exchange=NSE\symbol=RELIANCE\part-072035_650007-029402.parquet,34764,downloaded,34764,
2026-07-17,NSE,RELIANCE,raw_l2/trade_date=2026-07-17/exchange=NSE/symbol=RELIANCE/part-072007_176000-029338.parquet,real_data_sample\l2_unseen_validation\trade_date=2026-07-17\exchange=NSE\symbol=RELIANCE\part-072007_176000-029338.parquet,34693,downloaded,34693,
2026-07-17,NSE,RELIANCE,raw_l2/trade_date=2026-07-17/exchange=NSE/symbol=RELIANCE/part-072132_514340-029530.parquet,real_data_sample\l2_unseen_validation\trade_date=2026-07-17\exchange=NSE\symbol=RELIANCE\part-072132_514340-029530.parquet,35459,downloaded,35459,
2026-07-17,NSE,RELIANCE,raw_l2/trade_date=2026-07-17/exchange=NSE/symbol=RELIANCE/part-071952_815505-029306.parquet,real_data_sample\l2_unseen_validation\trade_date=2026-07-17\exchange=NSE\symbol=RELIANCE\part-071952_815505-029306.parquet,34758,downloaded,34758,
2026-07-17,NSE,RELIANCE,raw_l2/trade_date=2026-07-17/exchange=NSE/symbol=RELIANCE/part-072118_315913-029498.parquet,real_data_sample\l2_unseen_validation\trade_date=2026-07-17\exchange=NSE\symbol=RELIANCE\part-072118_315913-029498.parquet,35205,downloaded,35205,
2026-07-17,NSE,RELIANCE,raw_l2/trade_date=2026-07-17/exchange=NSE/symbol=RELIANCE/part-072229_675464-029658.parquet,real_data_sample\l2_unseen_validation\trade_date=2026-07-17\exchange=NSE\symbol=RELIANCE\part-072229_675464-029658.parquet,34803,downloaded,34803,
2026-07-17,NSE,RELIANCE,raw_l2/trade_date=2026-07-17/exchange=NSE/symbol=RELIANCE/part-072201_422624-029594.parquet,real_data_sample\l2_unseen_validation\trade_date=2026-07-17\exchange=NSE\symbol=RELIANCE\part-072201_422624-029594.parquet,35605,downloaded,35605,
2026-07-17,NSE,RELIANCE,raw_l2/trade_date=2026-07-17/exchange=NSE/symbol=RELIANCE/part-072409_654438-029882.parquet,real_data_sample\l2_unseen_validation\trade_date=2026-07-17\exchange=NSE\symbol=RELIANCE\part-072409_654438-029882.parquet,34954,downloaded,34954,
2026-07-17,NSE,RELIANCE,raw_l2/trade_date=2026-07-17/exchange=NSE/symbol=RELIANCE/part-072355_471067-029850.parquet,real_data_sample\l2_unseen_validation\trade_date=2026-07-17\exchange=NSE\symbol=RELIANCE\part-072355_471067-029850.parquet,34790,downloaded,34790,
2026-07-17,NSE,RELIANCE,raw_l2/trade_date=2026-07-17/exchange=NSE/symbol=RELIANCE/part-072146_465785-029562.parquet,real_data_sample\l2_unseen_validation\trade_date=2026-07-17\exchange=NSE\symbol=RELIANCE\part-072146_465785-029562.parquet,35362,downloaded,35362,
2026-07-17,NSE,RELIANCE,raw_l2/trade_date=2026-07-17/exchange=NSE/symbol=RELIANCE/part-072215_630055-029626.parquet,real_data_sample\l2_unseen_validation\trade_date=2026-07-17\exchange=NSE\symbol=RELIANCE\part-072215_630055-029626.parquet,35373,downloaded,35373,
2026-07-17,NSE,RELIANCE,raw_l2/trade_date=2026-07-17/exchange=NSE/symbol=RELIANCE/part-072438_230345-029946.parquet,real_data_sample\l2_unseen_validation\trade_date=2026-07-17\exchange=NSE\symbol=RELIANCE\part-072438_230345-029946.parquet,34936,downloaded,34936,
2026-07-17,NSE,RELIANCE,raw_l2/trade_date=2026-07-17/exchange=NSE/symbol=RELIANCE/part-072326_895123-029786.parquet,real_data_sample\l2_unseen_validation\trade_date=2026-07-17\exchange=NSE\symbol=RELIANCE\part-072326_895123-029786.parquet,35033,downloaded,35033,
2026-07-17,NSE,RELIANCE,raw_l2/trade_date=2026-07-17/exchange=NSE/symbol=RELIANCE/part-072312_502475-029754.parquet,real_data_sample\l2_unseen_validation\trade_date=2026-07-17\exchange=NSE\symbol=RELIANCE\part-072312_502475-029754.parquet,34827,downloaded,34827,
2026-07-17,NSE,RELIANCE,raw_l2/trade_date=2026-07-17/exchange=NSE/symbol=RELIANCE/part-072258_184571-029722.parquet,real_data_sample\l2_unseen_validation\trade_date=2026-07-17\exchange=NSE\symbol=RELIANCE\part-072258_184571-029722.parquet,34956,downloaded,34956,
2026-07-17,NSE,RELIANCE,raw_l2/trade_date=2026-07-17/exchange=NSE/symbol=RELIANCE/part-072243_991611-029690.parquet,real_data_sample\l2_unseen_validation\trade_date=2026-07-17\exchange=NSE\symbol=RELIANCE\part-072243_991611-029690.parquet,34853,downloaded,34853,
2026-07-17,NSE,RELIANCE,raw_l2/trade_date=2026-07-17/exchange=NSE/symbol=RELIANCE/part-072423_837463-029914.parquet,real_data_sample\l2_unseen_validation\trade_date=2026-07-17\exchange=NSE\symbol=RELIANCE\part-072423_837463-029914.parquet,34871,downloaded,34871,
2026-07-17,NSE,RELIANCE,raw_l2/trade_date=2026-07-17/exchange=NSE/symbol=RELIANCE/part-072341_190144-029818.parquet,real_data_sample\l2_unseen_validation\trade_date=2026-07-17\exchange=NSE\symbol=RELIANCE\part-072341_190144-029818.parquet,34937,downloaded,34937,
2026-07-17,NSE,RELIANCE,raw_l2/trade_date=2026-07-17/exchange=NSE/symbol=RELIANCE/part-072506_951261-030010.parquet,real_data_sample\l2_unseen_validation\trade_date=2026-07-17\exchange=NSE\symbol=RELIANCE\part-072506_951261-030010.parquet,35084,downloaded,35084,
2026-07-17,NSE,RELIANCE,raw_l2/trade_date=2026-07-17/exchange=NSE/symbol=RELIANCE/part-072452_772937-029978.parquet,real_data_sample\l2_unseen_validation\trade_date=2026-07-17\exchange=NSE\symbol=RELIANCE\part-072452_772937-029978.parquet,34641,downloaded,34641,
2026-07-17,NSE,RELIANCE,raw_l2/trade_date=2026-07-17/exchange=NSE/symbol=RELIANCE/part-072535_382247-030074.parquet,real_data_sample\l2_unseen_validation\trade_date=2026-07-17\exchange=NSE\symbol=RELIANCE\part-072535_382247-030074.parquet,35673,downloaded,35673,
2026-07-17,NSE,RELIANCE,raw_l2/trade_date=2026-07-17/exchange=NSE/symbol=RELIANCE/part-072632_337039-030202.parquet,real_data_sample\l2_unseen_validation\trade_date=2026-07-17\exchange=NSE\symbol=RELIANCE\part-072632_337039-030202.parquet,35385,downloaded,35385,
2026-07-17,NSE,RELIANCE,raw_l2/trade_date=2026-07-17/exchange=NSE/symbol=RELIANCE/part-072521_133124-030042.parquet,real_data_sample\l2_unseen_validation\trade_date=2026-07-17\exchange=NSE\symbol=RELIANCE\part-072521_133124-030042.parquet,35574,downloaded,35574,
2026-07-17,NSE,RELIANCE,raw_l2/trade_date=2026-07-17/exchange=NSE/symbol=RELIANCE/part-072549_613617-030106.parquet,real_data_sample\l2_unseen_validation\trade_date=2026-07-17\exchange=NSE\symbol=RELIANCE\part-072549_613617-030106.parquet,36278,downloaded,36278,
2026-07-17,NSE,RELIANCE,raw_l2/trade_date=2026-07-17/exchange=NSE/symbol=RELIANCE/part-071159_273528-028250.parquet,real_data_sample\l2_unseen_validation\trade_date=2026-07-17\exchange=NSE\symbol=RELIANCE\part-071159_273528-028250.parquet,35645,downloaded,35645,
2026-07-17,NSE,RELIANCE,raw_l2/trade_date=2026-07-17/exchange=NSE/symbol=RELIANCE/part-072646_574752-030234.parquet,real_data_sample\l2_unseen_validation\trade_date=2026-07-17\exchange=NSE\symbol=RELIANCE\part-072646_574752-030234.parquet,35456,downloaded,35456,
2026-07-17,NSE,RELIANCE,raw_l2/trade_date=2026-07-17/exchange=NSE/symbol=RELIANCE/part-072603_606481-030138.parquet,real_data_sample\l2_unseen_validation\trade_date=2026-07-17\exchange=NSE\symbol=RELIANCE\part-072603_606481-030138.parquet,35978,downloaded,35978,
2026-07-17,NSE,RELIANCE,raw_l2/trade_date=2026-07-17/exchange=NSE/symbol=RELIANCE/part-072617_791940-030170.parquet,real_data_sample\l2_unseen_validation\trade_date=2026-07-17\exchange=NSE\symbol=RELIANCE\part-072617_791940-030170.parquet,35334,downloaded,35334,
2026-07-17,NSE,RELIANCE,raw_l2/trade_date=2026-07-17/exchange=NSE/symbol=RELIANCE/part-072700_937077-030266.parquet,real_data_sample\l2_unseen_validation\trade_date=2026-07-17\exchange=NSE\symbol=RELIANCE\part-072700_937077-030266.parquet,35664,downloaded,35664,
2026-07-17,NSE,RELIANCE,raw_l2/trade_date=2026-07-17/exchange=NSE/symbol=RELIANCE/part-072715_309122-030298.parquet,real_data_sample\l2_unseen_validation\trade_date=2026-07-17\exchange=NSE\symbol=RELIANCE\part-072715_309122-030298.parquet,35955,downloaded,35955,
2026-07-17,NSE,RELIANCE,raw_l2/trade_date=2026-07-17/exchange=NSE/symbol=RELIANCE/part-072729_710514-030330.parquet,real_data_sample\l2_unseen_validation\trade_date=2026-07-17\exchange=NSE\symbol=RELIANCE\part-072729_710514-030330.parquet,36210,downloaded,36210,
2026-07-17,NSE,RELIANCE,raw_l2/trade_date=2026-07-17/exchange=NSE/symbol=RELIANCE/part-072813_174347-030426.parquet,real_data_sample\l2_unseen_validation\trade_date=2026-07-17\exchange=NSE\symbol=RELIANCE\part-072813_174347-030426.parquet,35633,downloaded,35633,
2026-07-17,NSE,RELIANCE,raw_l2/trade_date=2026-07-17/exchange=NSE/symbol=RELIANCE/part-072827_400152-030458.parquet,real_data_sample\l2_unseen_validation\trade_date=2026-07-17\exchange=NSE\symbol=RELIANCE\part-072827_400152-030458.parquet,34892,downloaded,34892,
2026-07-17,NSE,RELIANCE,raw_l2/trade_date=2026-07-17/exchange=NSE/symbol=RELIANCE/part-072758_660035-030394.parquet,real_data_sample\l2_unseen_validation\trade_date=2026-07-17\exchange=NSE\symbol=RELIANCE\part-072758_660035-030394.parquet,35845,downloaded,35845,
2026-07-17,NSE,RELIANCE,raw_l2/trade_date=2026-07-17/exchange=NSE/symbol=RELIANCE/part-072744_079898-030362.parquet,real_data_sample\l2_unseen_validation\trade_date=2026-07-17\exchange=NSE\symbol=RELIANCE\part-072744_079898-030362.parquet,36017,downloaded,36017,
2026-07-17,NSE,RELIANCE,raw_l2/trade_date=2026-07-17/exchange=NSE/symbol=RELIANCE/part-072843_379634-030490.parquet,real_data_sample\l2_unseen_validation\trade_date=2026-07-17\exchange=NSE\symbol=RELIANCE\part-072843_379634-030490.parquet,34736,downloaded,34736,
2026-07-17,NSE,RELIANCE,raw_l2/trade_date=2026-07-17/exchange=NSE/symbol=RELIANCE/part-072857_868401-030522.parquet,real_data_sample\l2_unseen_validation\trade_date=2026-07-17\exchange=NSE\symbol=RELIANCE\part-072857_868401-030522.parquet,34999,downloaded,34999,
2026-07-17,NSE,RELIANCE,raw_l2/trade_date=2026-07-17/exchange=NSE/symbol=RELIANCE/part-072941_863242-030618.parquet,real_data_sample\l2_unseen_validation\trade_date=2026-07-17\exchange=NSE\symbol=RELIANCE\part-072941_863242-030618.parquet,34896,downloaded,34896,
2026-07-17,NSE,RELIANCE,raw_l2/trade_date=2026-07-17/exchange=NSE/symbol=RELIANCE/part-073010_587601-030682.parquet,real_data_sample\l2_unseen_validation\trade_date=2026-07-17\exchange=NSE\symbol=RELIANCE\part-073010_587601-030682.parquet,35080,downloaded,35080,
2026-07-17,NSE,RELIANCE,raw_l2/trade_date=2026-07-17/exchange=NSE/symbol=RELIANCE/part-073316_147891-031098.parquet,real_data_sample\l2_unseen_validation\trade_date=2026-07-17\exchange=NSE\symbol=RELIANCE\part-073316_147891-031098.parquet,36134,downloaded,36134,
2026-07-17,NSE,RELIANCE,raw_l2/trade_date=2026-07-17/exchange=NSE/symbol=RELIANCE/part-073108_052061-030810.parquet,real_data_sample\l2_unseen_validation\trade_date=2026-07-17\exchange=NSE\symbol=RELIANCE\part-073108_052061-030810.parquet,35158,downloaded,35158,
2026-07-17,NSE,RELIANCE,raw_l2/trade_date=2026-07-17/exchange=NSE/symbol=RELIANCE/part-072912_526930-030554.parquet,real_data_sample\l2_unseen_validation\trade_date=2026-07-17\exchange=NSE\symbol=RELIANCE\part-072912_526930-030554.parquet,34965,downloaded,34965,
2026-07-17,NSE,RELIANCE,raw_l2/trade_date=2026-07-17/exchange=NSE/symbol=RELIANCE/part-073302_002644-031066.parquet,real_data_sample\l2_unseen_validation\trade_date=2026-07-17\exchange=NSE\symbol=RELIANCE\part-073302_002644-031066.parquet,35949,downloaded,35949,
2026-07-17,NSE,RELIANCE,raw_l2/trade_date=2026-07-17/exchange=NSE/symbol=RELIANCE/part-072956_291216-030650.parquet,real_data_sample\l2_unseen_validation\trade_date=2026-07-17\exchange=NSE\symbol=RELIANCE\part-072956_291216-030650.parquet,34776,downloaded,34776,
2026-07-17,NSE,RELIANCE,raw_l2/trade_date=2026-07-17/exchange=NSE/symbol=RELIANCE/part-073053_577635-030778.parquet,real_data_sample\l2_unseen_validation\trade_date=2026-07-17\exchange=NSE\symbol=RELIANCE\part-073053_577635-030778.parquet,34771,downloaded,34771,
2026-07-17,NSE,RELIANCE,raw_l2/trade_date=2026-07-17/exchange=NSE/symbol=RELIANCE/part-073136_552932-030874.parquet,real_data_sample\l2_unseen_validation\trade_date=2026-07-17\exchange=NSE\symbol=RELIANCE\part-073136_552932-030874.parquet,35030,downloaded,35030,
2026-07-17,NSE,RELIANCE,raw_l2/trade_date=2026-07-17/exchange=NSE/symbol=RELIANCE/part-073247_706143-031034.parquet,real_data_sample\l2_unseen_validation\trade_date=2026-07-17\exchange=NSE\symbol=RELIANCE\part-073247_706143-031034.parquet,36316,downloaded,36316,
2026-07-17,NSE,RELIANCE,raw_l2/trade_date=2026-07-17/exchange=NSE/symbol=RELIANCE/part-073039_136937-030746.parquet,real_data_sample\l2_unseen_validation\trade_date=2026-07-17\exchange=NSE\symbol=RELIANCE\part-073039_136937-030746.parquet,34998,downloaded,34998,
2026-07-17,NSE,RELIANCE,raw_l2/trade_date=2026-07-17/exchange=NSE/symbol=RELIANCE/part-073427_413777-031258.parquet,real_data_sample\l2_unseen_validation\trade_date=2026-07-17\exchange=NSE\symbol=RELIANCE\part-073427_413777-031258.parquet,35700,downloaded,35700,
2026-07-17,NSE,RELIANCE,raw_l2/trade_date=2026-07-17/exchange=NSE/symbol=RELIANCE/part-073122_345330-030842.parquet,real_data_sample\l2_unseen_validation\trade_date=2026-07-17\exchange=NSE\symbol=RELIANCE\part-073122_345330-030842.parquet,34869,downloaded,34869,
2026-07-17,NSE,RELIANCE,raw_l2/trade_date=2026-07-17/exchange=NSE/symbol=RELIANCE/part-072927_294879-030586.parquet,real_data_sample\l2_unseen_validation\trade_date=2026-07-17\exchange=NSE\symbol=RELIANCE\part-072927_294879-030586.parquet,34906,downloaded,34906,
2026-07-17,NSE,RELIANCE,raw_l2/trade_date=2026-07-17/exchange=NSE/symbol=RELIANCE/part-073358_955690-031194.parquet,real_data_sample\l2_unseen_validation\trade_date=2026-07-17\exchange=NSE\symbol=RELIANCE\part-073358_955690-031194.parquet,36069,downloaded,36069,
2026-07-17,NSE,RELIANCE,raw_l2/trade_date=2026-07-17/exchange=NSE/symbol=RELIANCE/part-073330_524064-031130.parquet,real_data_sample\l2_unseen_validation\trade_date=2026-07-17\exchange=NSE\symbol=RELIANCE\part-073330_524064-031130.parquet,36249,downloaded,36249,
2026-07-17,NSE,RELIANCE,raw_l2/trade_date=2026-07-17/exchange=NSE/symbol=RELIANCE/part-073219_273617-030970.parquet,real_data_sample\l2_unseen_validation\trade_date=2026-07-17\exchange=NSE\symbol=RELIANCE\part-073219_273617-030970.parquet,35347,downloaded,35347,
2026-07-17,NSE,RELIANCE,raw_l2/trade_date=2026-07-17/exchange=NSE/symbol=RELIANCE/part-073150_876078-030906.parquet,real_data_sample\l2_unseen_validation\trade_date=2026-07-17\exchange=NSE\symbol=RELIANCE\part-073150_876078-030906.parquet,35075,downloaded,35075,
2026-07-17,NSE,RELIANCE,raw_l2/trade_date=2026-07-17/exchange=NSE/symbol=RELIANCE/part-073205_168172-030938.parquet,real_data_sample\l2_unseen_validation\trade_date=2026-07-17\exchange=NSE\symbol=RELIANCE\part-073205_168172-030938.parquet,34812,downloaded,34812,
2026-07-17,NSE,RELIANCE,raw_l2/trade_date=2026-07-17/exchange=NSE/symbol=RELIANCE/part-073233_474521-031002.parquet,real_data_sample\l2_unseen_validation\trade_date=2026-07-17\exchange=NSE\symbol=RELIANCE\part-073233_474521-031002.parquet,36322,downloaded,36322,
2026-07-17,NSE,RELIANCE,raw_l2/trade_date=2026-07-17/exchange=NSE/symbol=RELIANCE/part-073024_809434-030714.parquet,real_data_sample\l2_unseen_validation\trade_date=2026-07-17\exchange=NSE\symbol=RELIANCE\part-073024_809434-030714.parquet,34910,downloaded,34910,
2026-07-17,NSE,RELIANCE,raw_l2/trade_date=2026-07-17/exchange=NSE/symbol=RELIANCE/part-073413_207096-031226.parquet,real_data_sample\l2_unseen_validation\trade_date=2026-07-17\exchange=NSE\symbol=RELIANCE\part-073413_207096-031226.parquet,35549,downloaded,35549,
2026-07-17,NSE,RELIANCE,raw_l2/trade_date=2026-07-17/exchange=NSE/symbol=RELIANCE/part-073441_854506-031290.parquet,real_data_sample\l2_unseen_validation\trade_date=2026-07-17\exchange=NSE\symbol=RELIANCE\part-073441_854506-031290.parquet,35712,downloaded,35712,
2026-07-17,NSE,RELIANCE,raw_l2/trade_date=2026-07-17/exchange=NSE/symbol=RELIANCE/part-073456_018444-031322.parquet,real_data_sample\l2_unseen_validation\trade_date=2026-07-17\exchange=NSE\symbol=RELIANCE\part-073456_018444-031322.parquet,35936,downloaded,35936,
2026-07-17,NSE,RELIANCE,raw_l2/trade_date=2026-07-17/exchange=NSE/symbol=RELIANCE/part-073538_695483-031418.parquet,real_data_sample\l2_unseen_validation\trade_date=2026-07-17\exchange=NSE\symbol=RELIANCE\part-073538_695483-031418.parquet,35474,downloaded,35474,
2026-07-17,NSE,RELIANCE,raw_l2/trade_date=2026-07-17/exchange=NSE/symbol=RELIANCE/part-073524_414363-031386.parquet,real_data_sample\l2_unseen_validation\trade_date=2026-07-17\exchange=NSE\symbol=RELIANCE\part-073524_414363-031386.parquet,35344,downloaded,35344,
2026-07-17,NSE,RELIANCE,raw_l2/trade_date=2026-07-17/exchange=NSE/symbol=RELIANCE/part-073552_773181-031450.parquet,real_data_sample\l2_unseen_validation\trade_date=2026-07-17\exchange=NSE\symbol=RELIANCE\part-073552_773181-031450.parquet,35789,downloaded,35789,
2026-07-17,NSE,RELIANCE,raw_l2/trade_date=2026-07-17/exchange=NSE/symbol=RELIANCE/part-073621_303660-031514.parquet,real_data_sample\l2_unseen_validation\trade_date=2026-07-17\exchange=NSE\symbol=RELIANCE\part-073621_303660-031514.parquet,35208,downloaded,35208,
2026-07-17,NSE,RELIANCE,raw_l2/trade_date=2026-07-17/exchange=NSE/symbol=RELIANCE/part-073510_221939-031354.parquet,real_data_sample\l2_unseen_validation\trade_date=2026-07-17\exchange=NSE\symbol=RELIANCE\part-073510_221939-031354.parquet,35429,downloaded,35429,
2026-07-17,NSE,RELIANCE,raw_l2/trade_date=2026-07-17/exchange=NSE/symbol=RELIANCE/part-073607_032176-031482.parquet,real_data_sample\l2_unseen_validation\trade_date=2026-07-17\exchange=NSE\symbol=RELIANCE\part-073607_032176-031482.parquet,36153,downloaded,36153,
2026-07-17,NSE,RELIANCE,raw_l2/trade_date=2026-07-17/exchange=NSE/symbol=RELIANCE/part-073635_665524-031546.parquet,real_data_sample\l2_unseen_validation\trade_date=2026-07-17\exchange=NSE\symbol=RELIANCE\part-073635_665524-031546.parquet,34978,downloaded,34978,
2026-07-17,NSE,RELIANCE,raw_l2/trade_date=2026-07-17/exchange=NSE/symbol=RELIANCE/part-073732_089608-031674.parquet,real_data_sample\l2_unseen_validation\trade_date=2026-07-17\exchange=NSE\symbol=RELIANCE\part-073732_089608-031674.parquet,34943,downloaded,34943,
2026-07-17,NSE,RELIANCE,raw_l2/trade_date=2026-07-17/exchange=NSE/symbol=RELIANCE/part-073649_893206-031578.parquet,real_data_sample\l2_unseen_validation\trade_date=2026-07-17\exchange=NSE\symbol=RELIANCE\part-073649_893206-031578.parquet,34999,downloaded,34999,
2026-07-17,NSE,RELIANCE,raw_l2/trade_date=2026-07-17/exchange=NSE/symbol=RELIANCE/part-073718_073715-031642.parquet,real_data_sample\l2_unseen_validation\trade_date=2026-07-17\exchange=NSE\symbol=RELIANCE\part-073718_073715-031642.parquet,34749,downloaded,34749,
2026-07-17,NSE,RELIANCE,raw_l2/trade_date=2026-07-17/exchange=NSE/symbol=RELIANCE/part-073745_961470-031706.parquet,real_data_sample\l2_unseen_validation\trade_date=2026-07-17\exchange=NSE\symbol=RELIANCE\part-073745_961470-031706.parquet,34852,downloaded,34852,
2026-07-17,NSE,RELIANCE,raw_l2/trade_date=2026-07-17/exchange=NSE/symbol=RELIANCE/part-073704_047934-031610.parquet,real_data_sample\l2_unseen_validation\trade_date=2026-07-17\exchange=NSE\symbol=RELIANCE\part-073704_047934-031610.parquet,34763,downloaded,34763,
2026-07-17,NSE,RELIANCE,raw_l2/trade_date=2026-07-17/exchange=NSE/symbol=RELIANCE/part-073856_775958-031866.parquet,real_data_sample\l2_unseen_validation\trade_date=2026-07-17\exchange=NSE\symbol=RELIANCE\part-073856_775958-031866.parquet,35747,downloaded,35747,
2026-07-17,NSE,RELIANCE,raw_l2/trade_date=2026-07-17/exchange=NSE/symbol=RELIANCE/part-073924_996445-031930.parquet,real_data_sample\l2_unseen_validation\trade_date=2026-07-17\exchange=NSE\symbol=RELIANCE\part-073924_996445-031930.parquet,35724,downloaded,35724,
2026-07-17,NSE,RELIANCE,raw_l2/trade_date=2026-07-17/exchange=NSE/symbol=RELIANCE/part-073911_067190-031898.parquet,real_data_sample\l2_unseen_validation\trade_date=2026-07-17\exchange=NSE\symbol=RELIANCE\part-073911_067190-031898.parquet,35545,downloaded,35545,
2026-07-17,NSE,RELIANCE,raw_l2/trade_date=2026-07-17/exchange=NSE/symbol=RELIANCE/part-074324_211642-032474.parquet,real_data_sample\l2_unseen_validation\trade_date=2026-07-17\exchange=NSE\symbol=RELIANCE\part-074324_211642-032474.parquet,35633,downloaded,35633,
2026-07-17,NSE,RELIANCE,raw_l2/trade_date=2026-07-17/exchange=NSE/symbol=RELIANCE/part-074200_248283-032282.parquet,real_data_sample\l2_unseen_validation\trade_date=2026-07-17\exchange=NSE\symbol=RELIANCE\part-074200_248283-032282.parquet,35811,downloaded,35811,
2026-07-17,NSE,RELIANCE,raw_l2/trade_date=2026-07-17/exchange=NSE/symbol=RELIANCE/part-074256_305125-032410.parquet,real_data_sample\l2_unseen_validation\trade_date=2026-07-17\exchange=NSE\symbol=RELIANCE\part-074256_305125-032410.parquet,35549,downloaded,35549,
2026-07-17,NSE,RELIANCE,raw_l2/trade_date=2026-07-17/exchange=NSE/symbol=RELIANCE/part-074035_605699-032090.parquet,real_data_sample\l2_unseen_validation\trade_date=2026-07-17\exchange=NSE\symbol=RELIANCE\part-074035_605699-032090.parquet,35683,downloaded,35683,
2026-07-17,NSE,RELIANCE,raw_l2/trade_date=2026-07-17/exchange=NSE/symbol=RELIANCE/part-074242_241329-032378.parquet,real_data_sample\l2_unseen_validation\trade_date=2026-07-17\exchange=NSE\symbol=RELIANCE\part-074242_241329-032378.parquet,36352,downloaded,36352,
2026-07-17,NSE,RELIANCE,raw_l2/trade_date=2026-07-17/exchange=NSE/symbol=RELIANCE/part-074049_813930-032122.parquet,real_data_sample\l2_unseen_validation\trade_date=2026-07-17\exchange=NSE\symbol=RELIANCE\part-074049_813930-032122.parquet,35735,downloaded,35735,
2026-07-17,NSE,RELIANCE,raw_l2/trade_date=2026-07-17/exchange=NSE/symbol=RELIANCE/part-074007_330063-032026.parquet,real_data_sample\l2_unseen_validation\trade_date=2026-07-17\exchange=NSE\symbol=RELIANCE\part-074007_330063-032026.parquet,36326,downloaded,36326,
2026-07-17,NSE,RELIANCE,raw_l2/trade_date=2026-07-17/exchange=NSE/symbol=RELIANCE/part-073800_066674-031738.parquet,real_data_sample\l2_unseen_validation\trade_date=2026-07-17\exchange=NSE\symbol=RELIANCE\part-073800_066674-031738.parquet,34938,downloaded,34938,
2026-07-17,NSE,RELIANCE,raw_l2/trade_date=2026-07-17/exchange=NSE/symbol=RELIANCE/part-074214_255871-032314.parquet,real_data_sample\l2_unseen_validation\trade_date=2026-07-17\exchange=NSE\symbol=RELIANCE\part-074214_255871-032314.parquet,35674,downloaded,35674,
2026-07-17,NSE,RELIANCE,raw_l2/trade_date=2026-07-17/exchange=NSE/symbol=RELIANCE/part-073828_455831-031802.parquet,real_data_sample\l2_unseen_validation\trade_date=2026-07-17\exchange=NSE\symbol=RELIANCE\part-073828_455831-031802.parquet,35956,downloaded,35956,
2026-07-17,NSE,RELIANCE,raw_l2/trade_date=2026-07-17/exchange=NSE/symbol=RELIANCE/part-074118_034053-032186.parquet,real_data_sample\l2_unseen_validation\trade_date=2026-07-17\exchange=NSE\symbol=RELIANCE\part-074118_034053-032186.parquet,35692,downloaded,35692,
2026-07-17,NSE,RELIANCE,raw_l2/trade_date=2026-07-17/exchange=NSE/symbol=RELIANCE/part-073953_135130-031994.parquet,real_data_sample\l2_unseen_validation\trade_date=2026-07-17\exchange=NSE\symbol=RELIANCE\part-073953_135130-031994.parquet,36122,downloaded,36122,
2026-07-17,NSE,RELIANCE,raw_l2/trade_date=2026-07-17/exchange=NSE/symbol=RELIANCE/part-074146_208321-032250.parquet,real_data_sample\l2_unseen_validation\trade_date=2026-07-17\exchange=NSE\symbol=RELIANCE\part-074146_208321-032250.parquet,35732,downloaded,35732,
2026-07-17,NSE,RELIANCE,raw_l2/trade_date=2026-07-17/exchange=NSE/symbol=RELIANCE/part-074228_110063-032346.parquet,real_data_sample\l2_unseen_validation\trade_date=2026-07-17\exchange=NSE\symbol=RELIANCE\part-074228_110063-032346.parquet,36078,downloaded,36078,
2026-07-17,NSE,RELIANCE,raw_l2/trade_date=2026-07-17/exchange=NSE/symbol=RELIANCE/part-074021_533503-032058.parquet,real_data_sample\l2_unseen_validation\trade_date=2026-07-17\exchange=NSE\symbol=RELIANCE\part-074021_533503-032058.parquet,35929,downloaded,35929,
2026-07-17,NSE,RELIANCE,raw_l2/trade_date=2026-07-17/exchange=NSE/symbol=RELIANCE/part-074132_081821-032218.parquet,real_data_sample\l2_unseen_validation\trade_date=2026-07-17\exchange=NSE\symbol=RELIANCE\part-074132_081821-032218.parquet,35585,downloaded,35585,
2026-07-17,NSE,RELIANCE,raw_l2/trade_date=2026-07-17/exchange=NSE/symbol=RELIANCE/part-074310_168132-032442.parquet,real_data_sample\l2_unseen_validation\trade_date=2026-07-17\exchange=NSE\symbol=RELIANCE\part-074310_168132-032442.parquet,35877,downloaded,35877,
2026-07-17,NSE,RELIANCE,raw_l2/trade_date=2026-07-17/exchange=NSE/symbol=RELIANCE/part-074338_440017-032506.parquet,real_data_sample\l2_unseen_validation\trade_date=2026-07-17\exchange=NSE\symbol=RELIANCE\part-074338_440017-032506.parquet,35337,downloaded,35337,
2026-07-17,NSE,RELIANCE,raw_l2/trade_date=2026-07-17/exchange=NSE/symbol=RELIANCE/part-073939_052667-031962.parquet,real_data_sample\l2_unseen_validation\trade_date=2026-07-17\exchange=NSE\symbol=RELIANCE\part-073939_052667-031962.parquet,35551,downloaded,35551,
2026-07-17,NSE,RELIANCE,raw_l2/trade_date=2026-07-17/exchange=NSE/symbol=RELIANCE/part-074103_880126-032154.parquet,real_data_sample\l2_unseen_validation\trade_date=2026-07-17\exchange=NSE\symbol=RELIANCE\part-074103_880126-032154.parquet,35743,downloaded,35743,
2026-07-17,NSE,RELIANCE,raw_l2/trade_date=2026-07-17/exchange=NSE/symbol=RELIANCE/part-073814_229153-031770.parquet,real_data_sample\l2_unseen_validation\trade_date=2026-07-17\exchange=NSE\symbol=RELIANCE\part-073814_229153-031770.parquet,34886,downloaded,34886,
2026-07-17,NSE,RELIANCE,raw_l2/trade_date=2026-07-17/exchange=NSE/symbol=RELIANCE/part-073842_421223-031834.parquet,real_data_sample\l2_unseen_validation\trade_date=2026-07-17\exchange=NSE\symbol=RELIANCE\part-073842_421223-031834.parquet,36261,downloaded,36261,
2026-07-17,NSE,RELIANCE,raw_l2/trade_date=2026-07-17/exchange=NSE/symbol=RELIANCE/part-074352_975948-032538.parquet,real_data_sample\l2_unseen_validation\trade_date=2026-07-17\exchange=NSE\symbol=RELIANCE\part-074352_975948-032538.parquet,35033,downloaded,35033,
2026-07-17,NSE,RELIANCE,raw_l2/trade_date=2026-07-17/exchange=NSE/symbol=RELIANCE/part-074407_283744-032570.parquet,real_data_sample\l2_unseen_validation\trade_date=2026-07-17\exchange=NSE\symbol=RELIANCE\part-074407_283744-032570.parquet,36455,downloaded,36455,
2026-07-17,NSE,RELIANCE,raw_l2/trade_date=2026-07-17/exchange=NSE/symbol=RELIANCE/part-074421_258901-032602.parquet,real_data_sample\l2_unseen_validation\trade_date=2026-07-17\exchange=NSE\symbol=RELIANCE\part-074421_258901-032602.parquet,36125,downloaded,36125,
2026-07-17,NSE,RELIANCE,raw_l2/trade_date=2026-07-17/exchange=NSE/symbol=RELIANCE/part-074503_448933-032698.parquet,real_data_sample\l2_unseen_validation\trade_date=2026-07-17\exchange=NSE\symbol=RELIANCE\part-074503_448933-032698.parquet,36103,downloaded,36103,
2026-07-17,NSE,RELIANCE,raw_l2/trade_date=2026-07-17/exchange=NSE/symbol=RELIANCE/part-074449_188020-032666.parquet,real_data_sample\l2_unseen_validation\trade_date=2026-07-17\exchange=NSE\symbol=RELIANCE\part-074449_188020-032666.parquet,35868,downloaded,35868,
2026-07-17,NSE,RELIANCE,raw_l2/trade_date=2026-07-17/exchange=NSE/symbol=RELIANCE/part-074435_286104-032634.parquet,real_data_sample\l2_unseen_validation\trade_date=2026-07-17\exchange=NSE\symbol=RELIANCE\part-074435_286104-032634.parquet,35780,downloaded,35780,
2026-07-17,NSE,RELIANCE,raw_l2/trade_date=2026-07-17/exchange=NSE/symbol=RELIANCE/part-074517_714311-032730.parquet,real_data_sample\l2_unseen_validation\trade_date=2026-07-17\exchange=NSE\symbol=RELIANCE\part-074517_714311-032730.parquet,36329,downloaded,36329,
2026-07-17,NSE,RELIANCE,raw_l2/trade_date=2026-07-17/exchange=NSE/symbol=RELIANCE/part-074918_265829-033274.parquet,real_data_sample\l2_unseen_validation\trade_date=2026-07-17\exchange=NSE\symbol=RELIANCE\part-074918_265829-033274.parquet,36122,downloaded,36122,
2026-07-17,NSE,RELIANCE,raw_l2/trade_date=2026-07-17/exchange=NSE/symbol=RELIANCE/part-074657_090431-032954.parquet,real_data_sample\l2_unseen_validation\trade_date=2026-07-17\exchange=NSE\symbol=RELIANCE\part-074657_090431-032954.parquet,34910,downloaded,34910,
2026-07-17,NSE,RELIANCE,raw_l2/trade_date=2026-07-17/exchange=NSE/symbol=RELIANCE/part-074725_431872-033018.parquet,real_data_sample\l2_unseen_validation\trade_date=2026-07-17\exchange=NSE\symbol=RELIANCE\part-074725_431872-033018.parquet,34883,downloaded,34883,
2026-07-17,NSE,RELIANCE,raw_l2/trade_date=2026-07-17/exchange=NSE/symbol=RELIANCE/part-074545_740813-032794.parquet,real_data_sample\l2_unseen_validation\trade_date=2026-07-17\exchange=NSE\symbol=RELIANCE\part-074545_740813-032794.parquet,35701,downloaded,35701,
2026-07-17,NSE,RELIANCE,raw_l2/trade_date=2026-07-17/exchange=NSE/symbol=RELIANCE/part-074643_057806-032922.parquet,real_data_sample\l2_unseen_validation\trade_date=2026-07-17\exchange=NSE\symbol=RELIANCE\part-074643_057806-032922.parquet,34719,downloaded,34719,
2026-07-17,NSE,RELIANCE,raw_l2/trade_date=2026-07-17/exchange=NSE/symbol=RELIANCE/part-074904_070462-033242.parquet,real_data_sample\l2_unseen_validation\trade_date=2026-07-17\exchange=NSE\symbol=RELIANCE\part-074904_070462-033242.parquet,36174,downloaded,36174,
2026-07-17,NSE,RELIANCE,raw_l2/trade_date=2026-07-17/exchange=NSE/symbol=RELIANCE/part-074531_773320-032762.parquet,real_data_sample\l2_unseen_validation\trade_date=2026-07-17\exchange=NSE\symbol=RELIANCE\part-074531_773320-032762.parquet,36159,downloaded,36159,
2026-07-17,NSE,RELIANCE,raw_l2/trade_date=2026-07-17/exchange=NSE/symbol=RELIANCE/part-074711_150054-032986.parquet,real_data_sample\l2_unseen_validation\trade_date=2026-07-17\exchange=NSE\symbol=RELIANCE\part-074711_150054-032986.parquet,34870,downloaded,34870,
2026-07-17,NSE,RELIANCE,raw_l2/trade_date=2026-07-17/exchange=NSE/symbol=RELIANCE/part-075000_187283-033370.parquet,real_data_sample\l2_unseen_validation\trade_date=2026-07-17\exchange=NSE\symbol=RELIANCE\part-075000_187283-033370.parquet,36379,downloaded,36379,
2026-07-17,NSE,RELIANCE,raw_l2/trade_date=2026-07-17/exchange=NSE/symbol=RELIANCE/part-074739_454663-033050.parquet,real_data_sample\l2_unseen_validation\trade_date=2026-07-17\exchange=NSE\symbol=RELIANCE\part-074739_454663-033050.parquet,35076,downloaded,35076,
2026-07-17,NSE,RELIANCE,raw_l2/trade_date=2026-07-17/exchange=NSE/symbol=RELIANCE/part-074614_491483-032858.parquet,real_data_sample\l2_unseen_validation\trade_date=2026-07-17\exchange=NSE\symbol=RELIANCE\part-074614_491483-032858.parquet,35455,downloaded,35455,
2026-07-17,NSE,RELIANCE,raw_l2/trade_date=2026-07-17/exchange=NSE/symbol=RELIANCE/part-074753_518080-033082.parquet,real_data_sample\l2_unseen_validation\trade_date=2026-07-17\exchange=NSE\symbol=RELIANCE\part-074753_518080-033082.parquet,34942,downloaded,34942,
2026-07-17,NSE,RELIANCE,raw_l2/trade_date=2026-07-17/exchange=NSE/symbol=RELIANCE/part-074932_170035-033306.parquet,real_data_sample\l2_unseen_validation\trade_date=2026-07-17\exchange=NSE\symbol=RELIANCE\part-074932_170035-033306.parquet,36109,downloaded,36109,
2026-07-17,NSE,RELIANCE,raw_l2/trade_date=2026-07-17/exchange=NSE/symbol=RELIANCE/part-074600_017503-032826.parquet,real_data_sample\l2_unseen_validation\trade_date=2026-07-17\exchange=NSE\symbol=RELIANCE\part-074600_017503-032826.parquet,36127,downloaded,36127,
2026-07-17,NSE,RELIANCE,raw_l2/trade_date=2026-07-17/exchange=NSE/symbol=RELIANCE/part-074946_240940-033338.parquet,real_data_sample\l2_unseen_validation\trade_date=2026-07-17\exchange=NSE\symbol=RELIANCE\part-074946_240940-033338.parquet,36268,downloaded,36268,
2026-07-17,NSE,RELIANCE,raw_l2/trade_date=2026-07-17/exchange=NSE/symbol=RELIANCE/part-074821_537980-033146.parquet,real_data_sample\l2_unseen_validation\trade_date=2026-07-17\exchange=NSE\symbol=RELIANCE\part-074821_537980-033146.parquet,36092,downloaded,36092,
2026-07-17,NSE,RELIANCE,raw_l2/trade_date=2026-07-17/exchange=NSE/symbol=RELIANCE/part-074835_713149-033178.parquet,real_data_sample\l2_unseen_validation\trade_date=2026-07-17\exchange=NSE\symbol=RELIANCE\part-074835_713149-033178.parquet,35915,downloaded,35915,
2026-07-17,NSE,RELIANCE,raw_l2/trade_date=2026-07-17/exchange=NSE/symbol=RELIANCE/part-074849_845782-033210.parquet,real_data_sample\l2_unseen_validation\trade_date=2026-07-17\exchange=NSE\symbol=RELIANCE\part-074849_845782-033210.parquet,36028,downloaded,36028,
2026-07-17,NSE,RELIANCE,raw_l2/trade_date=2026-07-17/exchange=NSE/symbol=RELIANCE/part-075043_442551-033466.parquet,real_data_sample\l2_unseen_validation\trade_date=2026-07-17\exchange=NSE\symbol=RELIANCE\part-075043_442551-033466.parquet,36710,downloaded,36710,
2026-07-17,NSE,RELIANCE,raw_l2/trade_date=2026-07-17/exchange=NSE/symbol=RELIANCE/part-074807_538014-033114.parquet,real_data_sample\l2_unseen_validation\trade_date=2026-07-17\exchange=NSE\symbol=RELIANCE\part-074807_538014-033114.parquet,34732,downloaded,34732,
2026-07-17,NSE,RELIANCE,raw_l2/trade_date=2026-07-17/exchange=NSE/symbol=RELIANCE/part-075014_358220-033402.parquet,real_data_sample\l2_unseen_validation\trade_date=2026-07-17\exchange=NSE\symbol=RELIANCE\part-075014_358220-033402.parquet,36114,downloaded,36114,
2026-07-17,NSE,RELIANCE,raw_l2/trade_date=2026-07-17/exchange=NSE/symbol=RELIANCE/part-075057_546797-033498.parquet,real_data_sample\l2_unseen_validation\trade_date=2026-07-17\exchange=NSE\symbol=RELIANCE\part-075057_546797-033498.parquet,36522,downloaded,36522,
2026-07-17,NSE,RELIANCE,raw_l2/trade_date=2026-07-17/exchange=NSE/symbol=RELIANCE/part-075111_375103-033530.parquet,real_data_sample\l2_unseen_validation\trade_date=2026-07-17\exchange=NSE\symbol=RELIANCE\part-075111_375103-033530.parquet,36247,downloaded,36247,
2026-07-17,NSE,RELIANCE,raw_l2/trade_date=2026-07-17/exchange=NSE/symbol=RELIANCE/part-074628_610657-032890.parquet,real_data_sample\l2_unseen_validation\trade_date=2026-07-17\exchange=NSE\symbol=RELIANCE\part-074628_610657-032890.parquet,34645,downloaded,34645,
2026-07-17,NSE,RELIANCE,raw_l2/trade_date=2026-07-17/exchange=NSE/symbol=RELIANCE/part-075029_156657-033434.parquet,real_data_sample\l2_unseen_validation\trade_date=2026-07-17\exchange=NSE\symbol=RELIANCE\part-075029_156657-033434.parquet,36294,downloaded,36294,
2026-07-17,NSE,RELIANCE,raw_l2/trade_date=2026-07-17/exchange=NSE/symbol=RELIANCE/part-073344_792499-031162.parquet,real_data_sample\l2_unseen_validation\trade_date=2026-07-17\exchange=NSE\symbol=RELIANCE\part-073344_792499-031162.parquet,36196,downloaded,36196,
2026-07-17,NSE,RELIANCE,raw_l2/trade_date=2026-07-17/exchange=NSE/symbol=RELIANCE/part-075139_655205-033594.parquet,real_data_sample\l2_unseen_validation\trade_date=2026-07-17\exchange=NSE\symbol=RELIANCE\part-075139_655205-033594.parquet,35959,downloaded,35959,
2026-07-17,NSE,RELIANCE,raw_l2/trade_date=2026-07-17/exchange=NSE/symbol=RELIANCE/part-075125_562800-033562.parquet,real_data_sample\l2_unseen_validation\trade_date=2026-07-17\exchange=NSE\symbol=RELIANCE\part-075125_562800-033562.parquet,36266,downloaded,36266,
2026-07-17,NSE,RELIANCE,raw_l2/trade_date=2026-07-17/exchange=NSE/symbol=RELIANCE/part-075222_468324-033690.parquet,real_data_sample\l2_unseen_validation\trade_date=2026-07-17\exchange=NSE\symbol=RELIANCE\part-075222_468324-033690.parquet,35860,downloaded,35860,
2026-07-17,NSE,RELIANCE,raw_l2/trade_date=2026-07-17/exchange=NSE/symbol=RELIANCE/part-075208_384560-033658.parquet,real_data_sample\l2_unseen_validation\trade_date=2026-07-17\exchange=NSE\symbol=RELIANCE\part-075208_384560-033658.parquet,36360,downloaded,36360,
2026-07-17,NSE,RELIANCE,raw_l2/trade_date=2026-07-17/exchange=NSE/symbol=RELIANCE/part-075236_640586-033722.parquet,real_data_sample\l2_unseen_validation\trade_date=2026-07-17\exchange=NSE\symbol=RELIANCE\part-075236_640586-033722.parquet,36139,downloaded,36139,
2026-07-17,NSE,RELIANCE,raw_l2/trade_date=2026-07-17/exchange=NSE/symbol=RELIANCE/part-075154_220730-033626.parquet,real_data_sample\l2_unseen_validation\trade_date=2026-07-17\exchange=NSE\symbol=RELIANCE\part-075154_220730-033626.parquet,35979,downloaded,35979,
2026-07-17,NSE,RELIANCE,raw_l2/trade_date=2026-07-17/exchange=NSE/symbol=RELIANCE/part-075319_542230-033818.parquet,real_data_sample\l2_unseen_validation\trade_date=2026-07-17\exchange=NSE\symbol=RELIANCE\part-075319_542230-033818.parquet,35218,downloaded,35218,
2026-07-17,NSE,RELIANCE,raw_l2/trade_date=2026-07-17/exchange=NSE/symbol=RELIANCE/part-075347_527986-033882.parquet,real_data_sample\l2_unseen_validation\trade_date=2026-07-17\exchange=NSE\symbol=RELIANCE\part-075347_527986-033882.parquet,35982,downloaded,35982,
2026-07-17,NSE,RELIANCE,raw_l2/trade_date=2026-07-17/exchange=NSE/symbol=RELIANCE/part-075831_673806-034522.parquet,real_data_sample\l2_unseen_validation\trade_date=2026-07-17\exchange=NSE\symbol=RELIANCE\part-075831_673806-034522.parquet,36497,downloaded,36497,
2026-07-17,NSE,RELIANCE,raw_l2/trade_date=2026-07-17/exchange=NSE/symbol=RELIANCE/part-080027_240594-034778.parquet,real_data_sample\l2_unseen_validation\trade_date=2026-07-17\exchange=NSE\symbol=RELIANCE\part-080027_240594-034778.parquet,36082,downloaded,36082,
2026-07-17,NSE,RELIANCE,raw_l2/trade_date=2026-07-17/exchange=NSE/symbol=RELIANCE/part-080041_459144-034810.parquet,real_data_sample\l2_unseen_validation\trade_date=2026-07-17\exchange=NSE\symbol=RELIANCE\part-080041_459144-034810.parquet,35744,downloaded,35744,
2026-07-17,NSE,RELIANCE,raw_l2/trade_date=2026-07-17/exchange=NSE/symbol=RELIANCE/part-080055_977521-034842.parquet,real_data_sample\l2_unseen_validation\trade_date=2026-07-17\exchange=NSE\symbol=RELIANCE\part-080055_977521-034842.parquet,35592,downloaded,35592,
2026-07-17,NSE,RELIANCE,raw_l2/trade_date=2026-07-17/exchange=NSE/symbol=RELIANCE/part-080110_249019-034874.parquet,real_data_sample\l2_unseen_validation\trade_date=2026-07-17\exchange=NSE\symbol=RELIANCE\part-080110_249019-034874.parquet,35885,downloaded,35885,
2026-07-17,NSE,RELIANCE,raw_l2/trade_date=2026-07-17/exchange=NSE/symbol=RELIANCE/part-080124_424941-034906.parquet,real_data_sample\l2_unseen_validation\trade_date=2026-07-17\exchange=NSE\symbol=RELIANCE\part-080124_424941-034906.parquet,34761,downloaded,34761,
2026-07-17,NSE,RELIANCE,raw_l2/trade_date=2026-07-17/exchange=NSE/symbol=RELIANCE/part-080138_686371-034938.parquet,real_data_sample\l2_unseen_validation\trade_date=2026-07-17\exchange=NSE\symbol=RELIANCE\part-080138_686371-034938.parquet,34766,downloaded,34766,
2026-07-17,NSE,RELIANCE,raw_l2/trade_date=2026-07-17/exchange=NSE/symbol=RELIANCE/part-080153_187680-034970.parquet,real_data_sample\l2_unseen_validation\trade_date=2026-07-17\exchange=NSE\symbol=RELIANCE\part-080153_187680-034970.parquet,35147,downloaded,35147,
2026-07-17,NSE,RELIANCE,raw_l2/trade_date=2026-07-17/exchange=NSE/symbol=RELIANCE/part-080207_547749-035002.parquet,real_data_sample\l2_unseen_validation\trade_date=2026-07-17\exchange=NSE\symbol=RELIANCE\part-080207_547749-035002.parquet,34844,downloaded,34844,
2026-07-17,NSE,RELIANCE,raw_l2/trade_date=2026-07-17/exchange=NSE/symbol=RELIANCE/part-080221_601305-035034.parquet,real_data_sample\l2_unseen_validation\trade_date=2026-07-17\exchange=NSE\symbol=RELIANCE\part-080221_601305-035034.parquet,35523,downloaded,35523,
2026-07-17,NSE,RELIANCE,raw_l2/trade_date=2026-07-17/exchange=NSE/symbol=RELIANCE/part-080236_422530-035066.parquet,real_data_sample\l2_unseen_validation\trade_date=2026-07-17\exchange=NSE\symbol=RELIANCE\part-080236_422530-035066.parquet,35120,downloaded,35120,
2026-07-17,NSE,RELIANCE,raw_l2/trade_date=2026-07-17/exchange=NSE/symbol=RELIANCE/part-080251_013736-035098.parquet,real_data_sample\l2_unseen_validation\trade_date=2026-07-17\exchange=NSE\symbol=RELIANCE\part-080251_013736-035098.parquet,35776,downloaded,35776,
2026-07-17,NSE,RELIANCE,raw_l2/trade_date=2026-07-17/exchange=NSE/symbol=RELIANCE/part-080305_253192-035130.parquet,real_data_sample\l2_unseen_validation\trade_date=2026-07-17\exchange=NSE\symbol=RELIANCE\part-080305_253192-035130.parquet,35756,downloaded,35756,
2026-07-17,NSE,RELIANCE,raw_l2/trade_date=2026-07-17/exchange=NSE/symbol=RELIANCE/part-080319_539719-035162.parquet,real_data_sample\l2_unseen_validation\trade_date=2026-07-17\exchange=NSE\symbol=RELIANCE\part-080319_539719-035162.parquet,35136,downloaded,35136,
2026-07-17,NSE,RELIANCE,raw_l2/trade_date=2026-07-17/exchange=NSE/symbol=RELIANCE/part-080333_852567-035194.parquet,real_data_sample\l2_unseen_validation\trade_date=2026-07-17\exchange=NSE\symbol=RELIANCE\part-080333_852567-035194.parquet,34738,downloaded,34738,
2026-07-17,NSE,RELIANCE,raw_l2/trade_date=2026-07-17/exchange=NSE/symbol=RELIANCE/part-080348_676532-035226.parquet,real_data_sample\l2_unseen_validation\trade_date=2026-07-17\exchange=NSE\symbol=RELIANCE\part-080348_676532-035226.parquet,34765,downloaded,34765,
2026-07-17,NSE,RELIANCE,raw_l2/trade_date=2026-07-17/exchange=NSE/symbol=RELIANCE/part-080403_334765-035258.parquet,real_data_sample\l2_unseen_validation\trade_date=2026-07-17\exchange=NSE\symbol=RELIANCE\part-080403_334765-035258.parquet,35137,downloaded,35137,
2026-07-17,NSE,RELIANCE,raw_l2/trade_date=2026-07-17/exchange=NSE/symbol=RELIANCE/part-075526_326640-034106.parquet,real_data_sample\l2_unseen_validation\trade_date=2026-07-17\exchange=NSE\symbol=RELIANCE\part-075526_326640-034106.parquet,35824,downloaded,35824,
2026-07-17,NSE,RELIANCE,raw_l2/trade_date=2026-07-17/exchange=NSE/symbol=RELIANCE/part-075512_338024-034074.parquet,real_data_sample\l2_unseen_validation\trade_date=2026-07-17\exchange=NSE\symbol=RELIANCE\part-075512_338024-034074.parquet,34847,downloaded,34847,
2026-07-17,NSE,RELIANCE,raw_l2/trade_date=2026-07-17/exchange=NSE/symbol=RELIANCE/part-075705_502697-034330.parquet,real_data_sample\l2_unseen_validation\trade_date=2026-07-17\exchange=NSE\symbol=RELIANCE\part-075705_502697-034330.parquet,35066,downloaded,35066,
2026-07-17,NSE,RELIANCE,raw_l2/trade_date=2026-07-17/exchange=NSE/symbol=RELIANCE/part-075622_705975-034234.parquet,real_data_sample\l2_unseen_validation\trade_date=2026-07-17\exchange=NSE\symbol=RELIANCE\part-075622_705975-034234.parquet,35511,downloaded,35511,
2026-07-17,NSE,RELIANCE,raw_l2/trade_date=2026-07-17/exchange=NSE/symbol=RELIANCE/part-080417_633236-035290.parquet,real_data_sample\l2_unseen_validation\trade_date=2026-07-17\exchange=NSE\symbol=RELIANCE\part-080417_633236-035290.parquet,34827,downloaded,34827,
2026-07-17,NSE,RELIANCE,raw_l2/trade_date=2026-07-17/exchange=NSE/symbol=RELIANCE/part-075554_352316-034170.parquet,real_data_sample\l2_unseen_validation\trade_date=2026-07-17\exchange=NSE\symbol=RELIANCE\part-075554_352316-034170.parquet,35272,downloaded,35272,
2026-07-17,NSE,RELIANCE,raw_l2/trade_date=2026-07-17/exchange=NSE/symbol=RELIANCE/part-075719_721771-034362.parquet,real_data_sample\l2_unseen_validation\trade_date=2026-07-17\exchange=NSE\symbol=RELIANCE\part-075719_721771-034362.parquet,35611,downloaded,35611,
2026-07-17,NSE,RELIANCE,raw_l2/trade_date=2026-07-17/exchange=NSE/symbol=RELIANCE/part-075333_649503-033850.parquet,real_data_sample\l2_unseen_validation\trade_date=2026-07-17\exchange=NSE\symbol=RELIANCE\part-075333_649503-033850.parquet,35932,downloaded,35932,
2026-07-17,NSE,RELIANCE,raw_l2/trade_date=2026-07-17/exchange=NSE/symbol=RELIANCE/part-075636_950875-034266.parquet,real_data_sample\l2_unseen_validation\trade_date=2026-07-17\exchange=NSE\symbol=RELIANCE\part-075636_950875-034266.parquet,34749,downloaded,34749,
2026-07-17,NSE,RELIANCE,raw_l2/trade_date=2026-07-17/exchange=NSE/symbol=RELIANCE/part-075429_741438-033978.parquet,real_data_sample\l2_unseen_validation\trade_date=2026-07-17\exchange=NSE\symbol=RELIANCE\part-075429_741438-033978.parquet,34787,downloaded,34787,
2026-07-17,NSE,RELIANCE,raw_l2/trade_date=2026-07-17/exchange=NSE/symbol=RELIANCE/part-075914_501921-034618.parquet,real_data_sample\l2_unseen_validation\trade_date=2026-07-17\exchange=NSE\symbol=RELIANCE\part-075914_501921-034618.parquet,36388,downloaded,36388,
2026-07-17,NSE,RELIANCE,raw_l2/trade_date=2026-07-17/exchange=NSE/symbol=RELIANCE/part-075415_823867-033946.parquet,real_data_sample\l2_unseen_validation\trade_date=2026-07-17\exchange=NSE\symbol=RELIANCE\part-075415_823867-033946.parquet,35587,downloaded,35587,
2026-07-17,NSE,RELIANCE,raw_l2/trade_date=2026-07-17/exchange=NSE/symbol=RELIANCE/part-075401_696301-033914.parquet,real_data_sample\l2_unseen_validation\trade_date=2026-07-17\exchange=NSE\symbol=RELIANCE\part-075401_696301-033914.parquet,35628,downloaded,35628,
2026-07-17,NSE,RELIANCE,raw_l2/trade_date=2026-07-17/exchange=NSE/symbol=RELIANCE/part-075748_501075-034426.parquet,real_data_sample\l2_unseen_validation\trade_date=2026-07-17\exchange=NSE\symbol=RELIANCE\part-075748_501075-034426.parquet,36240,downloaded,36240,
2026-07-17,NSE,RELIANCE,raw_l2/trade_date=2026-07-17/exchange=NSE/symbol=RELIANCE/part-075734_281090-034394.parquet,real_data_sample\l2_unseen_validation\trade_date=2026-07-17\exchange=NSE\symbol=RELIANCE\part-075734_281090-034394.parquet,36023,downloaded,36023,
2026-07-17,NSE,RELIANCE,raw_l2/trade_date=2026-07-17/exchange=NSE/symbol=RELIANCE/part-080012_637034-034746.parquet,real_data_sample\l2_unseen_validation\trade_date=2026-07-17\exchange=NSE\symbol=RELIANCE\part-080012_637034-034746.parquet,36068,downloaded,36068,
2026-07-17,NSE,RELIANCE,raw_l2/trade_date=2026-07-17/exchange=NSE/symbol=RELIANCE/part-080434_689043-035322.parquet,real_data_sample\l2_unseen_validation\trade_date=2026-07-17\exchange=NSE\symbol=RELIANCE\part-080434_689043-035322.parquet,34818,downloaded,34818,
2026-07-17,NSE,RELIANCE,raw_l2/trade_date=2026-07-17/exchange=NSE/symbol=RELIANCE/part-075444_006248-034010.parquet,real_data_sample\l2_unseen_validation\trade_date=2026-07-17\exchange=NSE\symbol=RELIANCE\part-075444_006248-034010.parquet,34875,downloaded,34875,
2026-07-17,NSE,RELIANCE,raw_l2/trade_date=2026-07-17/exchange=NSE/symbol=RELIANCE/part-075900_216511-034586.parquet,real_data_sample\l2_unseen_validation\trade_date=2026-07-17\exchange=NSE\symbol=RELIANCE\part-075900_216511-034586.parquet,36291,downloaded,36291,
2026-07-17,NSE,RELIANCE,raw_l2/trade_date=2026-07-17/exchange=NSE/symbol=RELIANCE/part-075943_043329-034682.parquet,real_data_sample\l2_unseen_validation\trade_date=2026-07-17\exchange=NSE\symbol=RELIANCE\part-075943_043329-034682.parquet,36299,downloaded,36299,
2026-07-17,NSE,RELIANCE,raw_l2/trade_date=2026-07-17/exchange=NSE/symbol=RELIANCE/part-075651_188866-034298.parquet,real_data_sample\l2_unseen_validation\trade_date=2026-07-17\exchange=NSE\symbol=RELIANCE\part-075651_188866-034298.parquet,34918,downloaded,34918,
2026-07-17,NSE,RELIANCE,raw_l2/trade_date=2026-07-17/exchange=NSE/symbol=RELIANCE/part-075305_473066-033786.parquet,real_data_sample\l2_unseen_validation\trade_date=2026-07-17\exchange=NSE\symbol=RELIANCE\part-075305_473066-033786.parquet,35788,downloaded,35788,
2026-07-17,NSE,RELIANCE,raw_l2/trade_date=2026-07-17/exchange=NSE/symbol=RELIANCE/part-075817_517283-034490.parquet,real_data_sample\l2_unseen_validation\trade_date=2026-07-17\exchange=NSE\symbol=RELIANCE\part-075817_517283-034490.parquet,36417,downloaded,36417,
2026-07-17,NSE,RELIANCE,raw_l2/trade_date=2026-07-17/exchange=NSE/symbol=RELIANCE/part-075458_262769-034042.parquet,real_data_sample\l2_unseen_validation\trade_date=2026-07-17\exchange=NSE\symbol=RELIANCE\part-075458_262769-034042.parquet,34854,downloaded,34854,
2026-07-17,NSE,RELIANCE,raw_l2/trade_date=2026-07-17/exchange=NSE/symbol=RELIANCE/part-075540_279681-034138.parquet,real_data_sample\l2_unseen_validation\trade_date=2026-07-17\exchange=NSE\symbol=RELIANCE\part-075540_279681-034138.parquet,35751,downloaded,35751,
2026-07-17,NSE,RELIANCE,raw_l2/trade_date=2026-07-17/exchange=NSE/symbol=RELIANCE/part-075957_877856-034714.parquet,real_data_sample\l2_unseen_validation\trade_date=2026-07-17\exchange=NSE\symbol=RELIANCE\part-075957_877856-034714.parquet,36158,downloaded,36158,
2026-07-17,NSE,RELIANCE,raw_l2/trade_date=2026-07-17/exchange=NSE/symbol=RELIANCE/part-080449_362209-035354.parquet,real_data_sample\l2_unseen_validation\trade_date=2026-07-17\exchange=NSE\symbol=RELIANCE\part-080449_362209-035354.parquet,34737,downloaded,34737,
2026-07-17,NSE,RELIANCE,raw_l2/trade_date=2026-07-17/exchange=NSE/symbol=RELIANCE/part-075845_980881-034554.parquet,real_data_sample\l2_unseen_validation\trade_date=2026-07-17\exchange=NSE\symbol=RELIANCE\part-075845_980881-034554.parquet,36437,downloaded,36437,
2026-07-17,NSE,RELIANCE,raw_l2/trade_date=2026-07-17/exchange=NSE/symbol=RELIANCE/part-080503_895545-035386.parquet,real_data_sample\l2_unseen_validation\trade_date=2026-07-17\exchange=NSE\symbol=RELIANCE\part-080503_895545-035386.parquet,34894,downloaded,34894,
2026-07-17,NSE,RELIANCE,raw_l2/trade_date=2026-07-17/exchange=NSE/symbol=RELIANCE/part-075251_181937-033754.parquet,real_data_sample\l2_unseen_validation\trade_date=2026-07-17\exchange=NSE\symbol=RELIANCE\part-075251_181937-033754.parquet,35710,downloaded,35710,
2026-07-17,NSE,RELIANCE,raw_l2/trade_date=2026-07-17/exchange=NSE/symbol=RELIANCE/part-080518_256520-035418.parquet,real_data_sample\l2_unseen_validation\trade_date=2026-07-17\exchange=NSE\symbol=RELIANCE\part-080518_256520-035418.parquet,34602,downloaded,34602,
2026-07-17,NSE,RELIANCE,raw_l2/trade_date=2026-07-17/exchange=NSE/symbol=RELIANCE/part-080533_419050-035450.parquet,real_data_sample\l2_unseen_validation\trade_date=2026-07-17\exchange=NSE\symbol=RELIANCE\part-080533_419050-035450.parquet,34931,downloaded,34931,
2026-07-17,NSE,RELIANCE,raw_l2/trade_date=2026-07-17/exchange=NSE/symbol=RELIANCE/part-080601_738054-035514.parquet,real_data_sample\l2_unseen_validation\trade_date=2026-07-17\exchange=NSE\symbol=RELIANCE\part-080601_738054-035514.parquet,34885,downloaded,34885,
2026-07-17,NSE,RELIANCE,raw_l2/trade_date=2026-07-17/exchange=NSE/symbol=RELIANCE/part-080547_543571-035482.parquet,real_data_sample\l2_unseen_validation\trade_date=2026-07-17\exchange=NSE\symbol=RELIANCE\part-080547_543571-035482.parquet,34876,downloaded,34876,
2026-07-17,NSE,RELIANCE,raw_l2/trade_date=2026-07-17/exchange=NSE/symbol=RELIANCE/part-080659_232507-035642.parquet,real_data_sample\l2_unseen_validation\trade_date=2026-07-17\exchange=NSE\symbol=RELIANCE\part-080659_232507-035642.parquet,35784,downloaded,35784,
2026-07-17,NSE,RELIANCE,raw_l2/trade_date=2026-07-17/exchange=NSE/symbol=RELIANCE/part-080615_920383-035546.parquet,real_data_sample\l2_unseen_validation\trade_date=2026-07-17\exchange=NSE\symbol=RELIANCE\part-080615_920383-035546.parquet,35438,downloaded,35438,
2026-07-17,NSE,RELIANCE,raw_l2/trade_date=2026-07-17/exchange=NSE/symbol=RELIANCE/part-080644_777362-035610.parquet,real_data_sample\l2_unseen_validation\trade_date=2026-07-17\exchange=NSE\symbol=RELIANCE\part-080644_777362-035610.parquet,35915,downloaded,35915,
2026-07-17,NSE,RELIANCE,raw_l2/trade_date=2026-07-17/exchange=NSE/symbol=RELIANCE/part-080630_438579-035578.parquet,real_data_sample\l2_unseen_validation\trade_date=2026-07-17\exchange=NSE\symbol=RELIANCE\part-080630_438579-035578.parquet,36204,downloaded,36204,
2026-07-17,NSE,RELIANCE,raw_l2/trade_date=2026-07-17/exchange=NSE/symbol=RELIANCE/part-075608_490396-034202.parquet,real_data_sample\l2_unseen_validation\trade_date=2026-07-17\exchange=NSE\symbol=RELIANCE\part-075608_490396-034202.parquet,35936,downloaded,35936,
2026-07-17,NSE,RELIANCE,raw_l2/trade_date=2026-07-17/exchange=NSE/symbol=RELIANCE/part-075928_727928-034650.parquet,real_data_sample\l2_unseen_validation\trade_date=2026-07-17\exchange=NSE\symbol=RELIANCE\part-075928_727928-034650.parquet,36590,downloaded,36590,
2026-07-17,NSE,RELIANCE,raw_l2/trade_date=2026-07-17/exchange=NSE/symbol=RELIANCE/part-080714_044261-035674.parquet,real_data_sample\l2_unseen_validation\trade_date=2026-07-17\exchange=NSE\symbol=RELIANCE\part-080714_044261-035674.parquet,36177,downloaded,36177,
2026-07-17,NSE,RELIANCE,raw_l2/trade_date=2026-07-17/exchange=NSE/symbol=RELIANCE/part-080728_257376-035706.parquet,real_data_sample\l2_unseen_validation\trade_date=2026-07-17\exchange=NSE\symbol=RELIANCE\part-080728_257376-035706.parquet,36245,downloaded,36245,
2026-07-17,NSE,RELIANCE,raw_l2/trade_date=2026-07-17/exchange=NSE/symbol=RELIANCE/part-080742_766272-035738.parquet,real_data_sample\l2_unseen_validation\trade_date=2026-07-17\exchange=NSE\symbol=RELIANCE\part-080742_766272-035738.parquet,36619,downloaded,36619,
2026-07-17,NSE,RELIANCE,raw_l2/trade_date=2026-07-17/exchange=NSE/symbol=RELIANCE/part-080812_345061-035802.parquet,real_data_sample\l2_unseen_validation\trade_date=2026-07-17\exchange=NSE\symbol=RELIANCE\part-080812_345061-035802.parquet,35946,downloaded,35946,
2026-07-17,NSE,RELIANCE,raw_l2/trade_date=2026-07-17/exchange=NSE/symbol=RELIANCE/part-080757_611462-035770.parquet,real_data_sample\l2_unseen_validation\trade_date=2026-07-17\exchange=NSE\symbol=RELIANCE\part-080757_611462-035770.parquet,36041,downloaded,36041,
2026-07-17,NSE,RELIANCE,raw_l2/trade_date=2026-07-17/exchange=NSE/symbol=RELIANCE/part-080826_649436-035834.parquet,real_data_sample\l2_unseen_validation\trade_date=2026-07-17\exchange=NSE\symbol=RELIANCE\part-080826_649436-035834.parquet,36107,downloaded,36107,
2026-07-17,NSE,RELIANCE,raw_l2/trade_date=2026-07-17/exchange=NSE/symbol=RELIANCE/part-080841_338480-035866.parquet,real_data_sample\l2_unseen_validation\trade_date=2026-07-17\exchange=NSE\symbol=RELIANCE\part-080841_338480-035866.parquet,36293,downloaded,36293,
2026-07-17,NSE,RELIANCE,raw_l2/trade_date=2026-07-17/exchange=NSE/symbol=RELIANCE/part-080925_695129-035962.parquet,real_data_sample\l2_unseen_validation\trade_date=2026-07-17\exchange=NSE\symbol=RELIANCE\part-080925_695129-035962.parquet,36141,downloaded,36141,
2026-07-17,NSE,RELIANCE,raw_l2/trade_date=2026-07-17/exchange=NSE/symbol=RELIANCE/part-080940_232838-035994.parquet,real_data_sample\l2_unseen_validation\trade_date=2026-07-17\exchange=NSE\symbol=RELIANCE\part-080940_232838-035994.parquet,36280,downloaded,36280,
2026-07-17,NSE,RELIANCE,raw_l2/trade_date=2026-07-17/exchange=NSE/symbol=RELIANCE/part-080855_974884-035898.parquet,real_data_sample\l2_unseen_validation\trade_date=2026-07-17\exchange=NSE\symbol=RELIANCE\part-080855_974884-035898.parquet,36385,downloaded,36385,
2026-07-17,NSE,RELIANCE,raw_l2/trade_date=2026-07-17/exchange=NSE/symbol=RELIANCE/part-080910_552310-035930.parquet,real_data_sample\l2_unseen_validation\trade_date=2026-07-17\exchange=NSE\symbol=RELIANCE\part-080910_552310-035930.parquet,36406,downloaded,36406,
2026-07-17,NSE,RELIANCE,raw_l2/trade_date=2026-07-17/exchange=NSE/symbol=RELIANCE/part-080954_825185-036026.parquet,real_data_sample\l2_unseen_validation\trade_date=2026-07-17\exchange=NSE\symbol=RELIANCE\part-080954_825185-036026.parquet,36267,downloaded,36267,
2026-07-17,NSE,RELIANCE,raw_l2/trade_date=2026-07-17/exchange=NSE/symbol=RELIANCE/part-081024_973762-036090.parquet,real_data_sample\l2_unseen_validation\trade_date=2026-07-17\exchange=NSE\symbol=RELIANCE\part-081024_973762-036090.parquet,36098,downloaded,36098,
2026-07-17,NSE,RELIANCE,raw_l2/trade_date=2026-07-17/exchange=NSE/symbol=RELIANCE/part-081039_364046-036122.parquet,real_data_sample\l2_unseen_validation\trade_date=2026-07-17\exchange=NSE\symbol=RELIANCE\part-081039_364046-036122.parquet,36235,downloaded,36235,
2026-07-17,NSE,RELIANCE,raw_l2/trade_date=2026-07-17/exchange=NSE/symbol=RELIANCE/part-081053_588682-036154.parquet,real_data_sample\l2_unseen_validation\trade_date=2026-07-17\exchange=NSE\symbol=RELIANCE\part-081053_588682-036154.parquet,36479,downloaded,36479,
2026-07-17,NSE,RELIANCE,raw_l2/trade_date=2026-07-17/exchange=NSE/symbol=RELIANCE/part-081121_769279-036218.parquet,real_data_sample\l2_unseen_validation\trade_date=2026-07-17\exchange=NSE\symbol=RELIANCE\part-081121_769279-036218.parquet,36349,downloaded,36349,
2026-07-17,NSE,RELIANCE,raw_l2/trade_date=2026-07-17/exchange=NSE/symbol=RELIANCE/part-081218_182252-036346.parquet,real_data_sample\l2_unseen_validation\trade_date=2026-07-17\exchange=NSE\symbol=RELIANCE\part-081218_182252-036346.parquet,36239,downloaded,36239,
2026-07-17,NSE,RELIANCE,raw_l2/trade_date=2026-07-17/exchange=NSE/symbol=RELIANCE/part-081204_161751-036314.parquet,real_data_sample\l2_unseen_validation\trade_date=2026-07-17\exchange=NSE\symbol=RELIANCE\part-081204_161751-036314.parquet,35628,downloaded,35628,
2026-07-17,NSE,RELIANCE,raw_l2/trade_date=2026-07-17/exchange=NSE/symbol=RELIANCE/part-081149_988845-036282.parquet,real_data_sample\l2_unseen_validation\trade_date=2026-07-17\exchange=NSE\symbol=RELIANCE\part-081149_988845-036282.parquet,35669,downloaded,35669,
2026-07-17,NSE,RELIANCE,raw_l2/trade_date=2026-07-17/exchange=NSE/symbol=RELIANCE/part-081107_670183-036186.parquet,real_data_sample\l2_unseen_validation\trade_date=2026-07-17\exchange=NSE\symbol=RELIANCE\part-081107_670183-036186.parquet,36403,downloaded,36403,
2026-07-17,NSE,RELIANCE,raw_l2/trade_date=2026-07-17/exchange=NSE/symbol=RELIANCE/part-081232_554738-036378.parquet,real_data_sample\l2_unseen_validation\trade_date=2026-07-17\exchange=NSE\symbol=RELIANCE\part-081232_554738-036378.parquet,36285,downloaded,36285,
2026-07-17,NSE,RELIANCE,raw_l2/trade_date=2026-07-17/exchange=NSE/symbol=RELIANCE/part-075802_820593-034458.parquet,real_data_sample\l2_unseen_validation\trade_date=2026-07-17\exchange=NSE\symbol=RELIANCE\part-075802_820593-034458.parquet,36472,downloaded,36472,
2026-07-17,NSE,RELIANCE,raw_l2/trade_date=2026-07-17/exchange=NSE/symbol=RELIANCE/part-081316_369935-036474.parquet,real_data_sample\l2_unseen_validation\trade_date=2026-07-17\exchange=NSE\symbol=RELIANCE\part-081316_369935-036474.parquet,35665,downloaded,35665,
2026-07-17,NSE,RELIANCE,raw_l2/trade_date=2026-07-17/exchange=NSE/symbol=RELIANCE/part-081246_909625-036410.parquet,real_data_sample\l2_unseen_validation\trade_date=2026-07-17\exchange=NSE\symbol=RELIANCE\part-081246_909625-036410.parquet,36179,downloaded,36179,
2026-07-17,NSE,RELIANCE,raw_l2/trade_date=2026-07-17/exchange=NSE/symbol=RELIANCE/part-081301_776387-036442.parquet,real_data_sample\l2_unseen_validation\trade_date=2026-07-17\exchange=NSE\symbol=RELIANCE\part-081301_776387-036442.parquet,36161,downloaded,36161,
2026-07-17,NSE,RELIANCE,raw_l2/trade_date=2026-07-17/exchange=NSE/symbol=RELIANCE/part-081009_976713-036058.parquet,real_data_sample\l2_unseen_validation\trade_date=2026-07-17\exchange=NSE\symbol=RELIANCE\part-081009_976713-036058.parquet,36010,downloaded,36010,
2026-07-17,NSE,RELIANCE,raw_l2/trade_date=2026-07-17/exchange=NSE/symbol=RELIANCE/part-081619_754102-036890.parquet,real_data_sample\l2_unseen_validation\trade_date=2026-07-17\exchange=NSE\symbol=RELIANCE\part-081619_754102-036890.parquet,35253,downloaded,35253,
2026-07-17,NSE,RELIANCE,raw_l2/trade_date=2026-07-17/exchange=NSE/symbol=RELIANCE/part-081605_860605-036858.parquet,real_data_sample\l2_unseen_validation\trade_date=2026-07-17\exchange=NSE\symbol=RELIANCE\part-081605_860605-036858.parquet,35650,downloaded,35650,
2026-07-17,NSE,RELIANCE,raw_l2/trade_date=2026-07-17/exchange=NSE/symbol=RELIANCE/part-081509_662031-036730.parquet,real_data_sample\l2_unseen_validation\trade_date=2026-07-17\exchange=NSE\symbol=RELIANCE\part-081509_662031-036730.parquet,36335,downloaded,36335,
2026-07-17,NSE,RELIANCE,raw_l2/trade_date=2026-07-17/exchange=NSE/symbol=RELIANCE/part-081537_840977-036794.parquet,real_data_sample\l2_unseen_validation\trade_date=2026-07-17\exchange=NSE\symbol=RELIANCE\part-081537_840977-036794.parquet,36455,downloaded,36455,
2026-07-17,NSE,RELIANCE,raw_l2/trade_date=2026-07-17/exchange=NSE/symbol=RELIANCE/part-081745_553989-037082.parquet,real_data_sample\l2_unseen_validation\trade_date=2026-07-17\exchange=NSE\symbol=RELIANCE\part-081745_553989-037082.parquet,36250,downloaded,36250,
2026-07-17,NSE,RELIANCE,raw_l2/trade_date=2026-07-17/exchange=NSE/symbol=RELIANCE/part-081814_180676-037146.parquet,real_data_sample\l2_unseen_validation\trade_date=2026-07-17\exchange=NSE\symbol=RELIANCE\part-081814_180676-037146.parquet,36050,downloaded,36050,
2026-07-17,NSE,RELIANCE,raw_l2/trade_date=2026-07-17/exchange=NSE/symbol=RELIANCE/part-081731_262949-037050.parquet,real_data_sample\l2_unseen_validation\trade_date=2026-07-17\exchange=NSE\symbol=RELIANCE\part-081731_262949-037050.parquet,36351,downloaded,36351,
2026-07-17,NSE,RELIANCE,raw_l2/trade_date=2026-07-17/exchange=NSE/symbol=RELIANCE/part-081759_621579-037114.parquet,real_data_sample\l2_unseen_validation\trade_date=2026-07-17\exchange=NSE\symbol=RELIANCE\part-081759_621579-037114.parquet,36206,downloaded,36206,
2026-07-17,NSE,RELIANCE,raw_l2/trade_date=2026-07-17/exchange=NSE/symbol=RELIANCE/part-081427_397838-036634.parquet,real_data_sample\l2_unseen_validation\trade_date=2026-07-17\exchange=NSE\symbol=RELIANCE\part-081427_397838-036634.parquet,36138,downloaded,36138,
2026-07-17,NSE,RELIANCE,raw_l2/trade_date=2026-07-17/exchange=NSE/symbol=RELIANCE/part-081455_490372-036698.parquet,real_data_sample\l2_unseen_validation\trade_date=2026-07-17\exchange=NSE\symbol=RELIANCE\part-081455_490372-036698.parquet,35904,downloaded,35904,
2026-07-17,NSE,RELIANCE,raw_l2/trade_date=2026-07-17/exchange=NSE/symbol=RELIANCE/part-081633_830206-036922.parquet,real_data_sample\l2_unseen_validation\trade_date=2026-07-17\exchange=NSE\symbol=RELIANCE\part-081633_830206-036922.parquet,36131,downloaded,36131,
2026-07-17,NSE,RELIANCE,raw_l2/trade_date=2026-07-17/exchange=NSE/symbol=RELIANCE/part-081441_631809-036666.parquet,real_data_sample\l2_unseen_validation\trade_date=2026-07-17\exchange=NSE\symbol=RELIANCE\part-081441_631809-036666.parquet,36102,downloaded,36102,
2026-07-17,NSE,RELIANCE,raw_l2/trade_date=2026-07-17/exchange=NSE/symbol=RELIANCE/part-081716_362354-037018.parquet,real_data_sample\l2_unseen_validation\trade_date=2026-07-17\exchange=NSE\symbol=RELIANCE\part-081716_362354-037018.parquet,36299,downloaded,36299,
2026-07-17,NSE,RELIANCE,raw_l2/trade_date=2026-07-17/exchange=NSE/symbol=RELIANCE/part-081358_984498-036570.parquet,real_data_sample\l2_unseen_validation\trade_date=2026-07-17\exchange=NSE\symbol=RELIANCE\part-081358_984498-036570.parquet,35870,downloaded,35870,
2026-07-17,NSE,RELIANCE,raw_l2/trade_date=2026-07-17/exchange=NSE/symbol=RELIANCE/part-081843_121561-037210.parquet,real_data_sample\l2_unseen_validation\trade_date=2026-07-17\exchange=NSE\symbol=RELIANCE\part-081843_121561-037210.parquet,36160,downloaded,36160,
2026-07-17,NSE,RELIANCE,raw_l2/trade_date=2026-07-17/exchange=NSE/symbol=RELIANCE/part-081828_455081-037178.parquet,real_data_sample\l2_unseen_validation\trade_date=2026-07-17\exchange=NSE\symbol=RELIANCE\part-081828_455081-037178.parquet,36372,downloaded,36372,
2026-07-17,NSE,RELIANCE,raw_l2/trade_date=2026-07-17/exchange=NSE/symbol=RELIANCE/part-081413_266042-036602.parquet,real_data_sample\l2_unseen_validation\trade_date=2026-07-17\exchange=NSE\symbol=RELIANCE\part-081413_266042-036602.parquet,35890,downloaded,35890,
2026-07-17,NSE,RELIANCE,raw_l2/trade_date=2026-07-17/exchange=NSE/symbol=RELIANCE/part-081330_437650-036506.parquet,real_data_sample\l2_unseen_validation\trade_date=2026-07-17\exchange=NSE\symbol=RELIANCE\part-081330_437650-036506.parquet,35587,downloaded,35587,
2026-07-17,NSE,RELIANCE,raw_l2/trade_date=2026-07-17/exchange=NSE/symbol=RELIANCE/part-081647_954618-036954.parquet,real_data_sample\l2_unseen_validation\trade_date=2026-07-17\exchange=NSE\symbol=RELIANCE\part-081647_954618-036954.parquet,36317,downloaded,36317,
2026-07-17,NSE,RELIANCE,raw_l2/trade_date=2026-07-17/exchange=NSE/symbol=RELIANCE/part-081911_119782-037274.parquet,real_data_sample\l2_unseen_validation\trade_date=2026-07-17\exchange=NSE\symbol=RELIANCE\part-081911_119782-037274.parquet,35694,downloaded,35694,
2026-07-17,NSE,RELIANCE,raw_l2/trade_date=2026-07-17/exchange=NSE/symbol=RELIANCE/part-081523_846335-036762.parquet,real_data_sample\l2_unseen_validation\trade_date=2026-07-17\exchange=NSE\symbol=RELIANCE\part-081523_846335-036762.parquet,36754,downloaded,36754,
2026-07-17,NSE,RELIANCE,raw_l2/trade_date=2026-07-17/exchange=NSE/symbol=RELIANCE/part-081344_604452-036538.parquet,real_data_sample\l2_unseen_validation\trade_date=2026-07-17\exchange=NSE\symbol=RELIANCE\part-081344_604452-036538.parquet,36168,downloaded,36168,
2026-07-17,NSE,RELIANCE,raw_l2/trade_date=2026-07-17/exchange=NSE/symbol=RELIANCE/part-081857_126053-037242.parquet,real_data_sample\l2_unseen_validation\trade_date=2026-07-17\exchange=NSE\symbol=RELIANCE\part-081857_126053-037242.parquet,35751,downloaded,35751,
2026-07-17,NSE,RELIANCE,raw_l2/trade_date=2026-07-17/exchange=NSE/symbol=RELIANCE/part-081702_090920-036986.parquet,real_data_sample\l2_unseen_validation\trade_date=2026-07-17\exchange=NSE\symbol=RELIANCE\part-081702_090920-036986.parquet,36310,downloaded,36310,
2026-07-17,NSE,RELIANCE,raw_l2/trade_date=2026-07-17/exchange=NSE/symbol=RELIANCE/part-081551_754912-036826.parquet,real_data_sample\l2_unseen_validation\trade_date=2026-07-17\exchange=NSE\symbol=RELIANCE\part-081551_754912-036826.parquet,36126,downloaded,36126,
2026-07-17,NSE,RELIANCE,raw_l2/trade_date=2026-07-17/exchange=NSE/symbol=RELIANCE/part-081925_564759-037306.parquet,real_data_sample\l2_unseen_validation\trade_date=2026-07-17\exchange=NSE\symbol=RELIANCE\part-081925_564759-037306.parquet,36350,downloaded,36350,
2026-07-17,NSE,RELIANCE,raw_l2/trade_date=2026-07-17/exchange=NSE/symbol=RELIANCE/part-082008_086451-037402.parquet,real_data_sample\l2_unseen_validation\trade_date=2026-07-17\exchange=NSE\symbol=RELIANCE\part-082008_086451-037402.parquet,36440,downloaded,36440,
2026-07-17,NSE,RELIANCE,raw_l2/trade_date=2026-07-17/exchange=NSE/symbol=RELIANCE/part-082022_549875-037434.parquet,real_data_sample\l2_unseen_validation\trade_date=2026-07-17\exchange=NSE\symbol=RELIANCE\part-082022_549875-037434.parquet,36962,downloaded,36962,
2026-07-17,NSE,RELIANCE,raw_l2/trade_date=2026-07-17/exchange=NSE/symbol=RELIANCE/part-081939_861627-037338.parquet,real_data_sample\l2_unseen_validation\trade_date=2026-07-17\exchange=NSE\symbol=RELIANCE\part-081939_861627-037338.parquet,36575,downloaded,36575,
2026-07-17,NSE,RELIANCE,raw_l2/trade_date=2026-07-17/exchange=NSE/symbol=RELIANCE/part-081954_094102-037370.parquet,real_data_sample\l2_unseen_validation\trade_date=2026-07-17\exchange=NSE\symbol=RELIANCE\part-081954_094102-037370.parquet,36178,downloaded,36178,
2026-07-17,NSE,RELIANCE,raw_l2/trade_date=2026-07-17/exchange=NSE/symbol=RELIANCE/part-082328_971722-037850.parquet,real_data_sample\l2_unseen_validation\trade_date=2026-07-17\exchange=NSE\symbol=RELIANCE\part-082328_971722-037850.parquet,36060,downloaded,36060,
2026-07-17,NSE,RELIANCE,raw_l2/trade_date=2026-07-17/exchange=NSE/symbol=RELIANCE/part-082246_062112-037754.parquet,real_data_sample\l2_unseen_validation\trade_date=2026-07-17\exchange=NSE\symbol=RELIANCE\part-082246_062112-037754.parquet,36206,downloaded,36206,
2026-07-17,NSE,RELIANCE,raw_l2/trade_date=2026-07-17/exchange=NSE/symbol=RELIANCE/part-082342_988577-037882.parquet,real_data_sample\l2_unseen_validation\trade_date=2026-07-17\exchange=NSE\symbol=RELIANCE\part-082342_988577-037882.parquet,36324,downloaded,36324,
2026-07-17,NSE,RELIANCE,raw_l2/trade_date=2026-07-17/exchange=NSE/symbol=RELIANCE/part-082357_104426-037914.parquet,real_data_sample\l2_unseen_validation\trade_date=2026-07-17\exchange=NSE\symbol=RELIANCE\part-082357_104426-037914.parquet,36410,downloaded,36410,
2026-07-17,NSE,RELIANCE,raw_l2/trade_date=2026-07-17/exchange=NSE/symbol=RELIANCE/part-082300_222235-037786.parquet,real_data_sample\l2_unseen_validation\trade_date=2026-07-17\exchange=NSE\symbol=RELIANCE\part-082300_222235-037786.parquet,36300,downloaded,36300,
2026-07-17,NSE,RELIANCE,raw_l2/trade_date=2026-07-17/exchange=NSE/symbol=RELIANCE/part-082411_252960-037946.parquet,real_data_sample\l2_unseen_validation\trade_date=2026-07-17\exchange=NSE\symbol=RELIANCE\part-082411_252960-037946.parquet,36031,downloaded,36031,
2026-07-17,NSE,RELIANCE,raw_l2/trade_date=2026-07-17/exchange=NSE/symbol=RELIANCE/part-082120_962981-037562.parquet,real_data_sample\l2_unseen_validation\trade_date=2026-07-17\exchange=NSE\symbol=RELIANCE\part-082120_962981-037562.parquet,36299,downloaded,36299,
2026-07-17,NSE,RELIANCE,raw_l2/trade_date=2026-07-17/exchange=NSE/symbol=RELIANCE/part-082052_237825-037498.parquet,real_data_sample\l2_unseen_validation\trade_date=2026-07-17\exchange=NSE\symbol=RELIANCE\part-082052_237825-037498.parquet,36750,downloaded,36750,
2026-07-17,NSE,RELIANCE,raw_l2/trade_date=2026-07-17/exchange=NSE/symbol=RELIANCE/part-082149_407793-037626.parquet,real_data_sample\l2_unseen_validation\trade_date=2026-07-17\exchange=NSE\symbol=RELIANCE\part-082149_407793-037626.parquet,36249,downloaded,36249,
2026-07-17,NSE,RELIANCE,raw_l2/trade_date=2026-07-17/exchange=NSE/symbol=RELIANCE/part-082203_706928-037658.parquet,real_data_sample\l2_unseen_validation\trade_date=2026-07-17\exchange=NSE\symbol=RELIANCE\part-082203_706928-037658.parquet,36514,downloaded,36514,
2026-07-17,NSE,RELIANCE,raw_l2/trade_date=2026-07-17/exchange=NSE/symbol=RELIANCE/part-082106_658306-037530.parquet,real_data_sample\l2_unseen_validation\trade_date=2026-07-17\exchange=NSE\symbol=RELIANCE\part-082106_658306-037530.parquet,36580,downloaded,36580,
2026-07-17,NSE,RELIANCE,raw_l2/trade_date=2026-07-17/exchange=NSE/symbol=RELIANCE/part-082314_818666-037818.parquet,real_data_sample\l2_unseen_validation\trade_date=2026-07-17\exchange=NSE\symbol=RELIANCE\part-082314_818666-037818.parquet,36260,downloaded,36260,
2026-07-17,NSE,RELIANCE,raw_l2/trade_date=2026-07-17/exchange=NSE/symbol=RELIANCE/part-082135_340971-037594.parquet,real_data_sample\l2_unseen_validation\trade_date=2026-07-17\exchange=NSE\symbol=RELIANCE\part-082135_340971-037594.parquet,35771,downloaded,35771,
2026-07-17,NSE,RELIANCE,raw_l2/trade_date=2026-07-17/exchange=NSE/symbol=RELIANCE/part-082217_704808-037690.parquet,real_data_sample\l2_unseen_validation\trade_date=2026-07-17\exchange=NSE\symbol=RELIANCE\part-082217_704808-037690.parquet,36426,downloaded,36426,
2026-07-17,NSE,RELIANCE,raw_l2/trade_date=2026-07-17/exchange=NSE/symbol=RELIANCE/part-082425_398605-037978.parquet,real_data_sample\l2_unseen_validation\trade_date=2026-07-17\exchange=NSE\symbol=RELIANCE\part-082425_398605-037978.parquet,35894,downloaded,35894,
2026-07-17,NSE,RELIANCE,raw_l2/trade_date=2026-07-17/exchange=NSE/symbol=RELIANCE/part-082536_045737-038138.parquet,real_data_sample\l2_unseen_validation\trade_date=2026-07-17\exchange=NSE\symbol=RELIANCE\part-082536_045737-038138.parquet,36630,downloaded,36630,
2026-07-17,NSE,RELIANCE,raw_l2/trade_date=2026-07-17/exchange=NSE/symbol=RELIANCE/part-082550_588309-038170.parquet,real_data_sample\l2_unseen_validation\trade_date=2026-07-17\exchange=NSE\symbol=RELIANCE\part-082550_588309-038170.parquet,36592,downloaded,36592,
2026-07-17,NSE,RELIANCE,raw_l2/trade_date=2026-07-17/exchange=NSE/symbol=RELIANCE/part-082604_963985-038202.parquet,real_data_sample\l2_unseen_validation\trade_date=2026-07-17\exchange=NSE\symbol=RELIANCE\part-082604_963985-038202.parquet,35954,downloaded,35954,
2026-07-17,NSE,RELIANCE,raw_l2/trade_date=2026-07-17/exchange=NSE/symbol=RELIANCE/part-082521_775134-038106.parquet,real_data_sample\l2_unseen_validation\trade_date=2026-07-17\exchange=NSE\symbol=RELIANCE\part-082521_775134-038106.parquet,36273,downloaded,36273,
2026-07-17,NSE,RELIANCE,raw_l2/trade_date=2026-07-17/exchange=NSE/symbol=RELIANCE/part-082453_559840-038042.parquet,real_data_sample\l2_unseen_validation\trade_date=2026-07-17\exchange=NSE\symbol=RELIANCE\part-082453_559840-038042.parquet,36649,downloaded,36649,
2026-07-17,NSE,RELIANCE,raw_l2/trade_date=2026-07-17/exchange=NSE/symbol=RELIANCE/part-082619_225829-038234.parquet,real_data_sample\l2_unseen_validation\trade_date=2026-07-17\exchange=NSE\symbol=RELIANCE\part-082619_225829-038234.parquet,36399,downloaded,36399,
2026-07-17,NSE,RELIANCE,raw_l2/trade_date=2026-07-17/exchange=NSE/symbol=RELIANCE/part-082507_635571-038074.parquet,real_data_sample\l2_unseen_validation\trade_date=2026-07-17\exchange=NSE\symbol=RELIANCE\part-082507_635571-038074.parquet,36497,downloaded,36497,
2026-07-17,NSE,RELIANCE,raw_l2/trade_date=2026-07-17/exchange=NSE/symbol=RELIANCE/part-082231_919878-037722.parquet,real_data_sample\l2_unseen_validation\trade_date=2026-07-17\exchange=NSE\symbol=RELIANCE\part-082231_919878-037722.parquet,35836,downloaded,35836,
2026-07-17,NSE,RELIANCE,raw_l2/trade_date=2026-07-17/exchange=NSE/symbol=RELIANCE/part-082744_754672-038426.parquet,real_data_sample\l2_unseen_validation\trade_date=2026-07-17\exchange=NSE\symbol=RELIANCE\part-082744_754672-038426.parquet,36077,downloaded,36077,
2026-07-17,NSE,RELIANCE,raw_l2/trade_date=2026-07-17/exchange=NSE/symbol=RELIANCE/part-082701_920885-038330.parquet,real_data_sample\l2_unseen_validation\trade_date=2026-07-17\exchange=NSE\symbol=RELIANCE\part-082701_920885-038330.parquet,35853,downloaded,35853,
2026-07-17,NSE,RELIANCE,raw_l2/trade_date=2026-07-17/exchange=NSE/symbol=RELIANCE/part-082647_883802-038298.parquet,real_data_sample\l2_unseen_validation\trade_date=2026-07-17\exchange=NSE\symbol=RELIANCE\part-082647_883802-038298.parquet,36206,downloaded,36206,
2026-07-17,NSE,RELIANCE,raw_l2/trade_date=2026-07-17/exchange=NSE/symbol=RELIANCE/part-082633_817726-038266.parquet,real_data_sample\l2_unseen_validation\trade_date=2026-07-17\exchange=NSE\symbol=RELIANCE\part-082633_817726-038266.parquet,36244,downloaded,36244,
2026-07-17,NSE,RELIANCE,raw_l2/trade_date=2026-07-17/exchange=NSE/symbol=RELIANCE/part-082716_355996-038362.parquet,real_data_sample\l2_unseen_validation\trade_date=2026-07-17\exchange=NSE\symbol=RELIANCE\part-082716_355996-038362.parquet,35996,downloaded,35996,
2026-07-17,NSE,RELIANCE,raw_l2/trade_date=2026-07-17/exchange=NSE/symbol=RELIANCE/part-082439_418552-038010.parquet,real_data_sample\l2_unseen_validation\trade_date=2026-07-17\exchange=NSE\symbol=RELIANCE\part-082439_418552-038010.parquet,36166,downloaded,36166,
2026-07-17,NSE,RELIANCE,raw_l2/trade_date=2026-07-17/exchange=NSE/symbol=RELIANCE/part-082730_405075-038394.parquet,real_data_sample\l2_unseen_validation\trade_date=2026-07-17\exchange=NSE\symbol=RELIANCE\part-082730_405075-038394.parquet,36409,downloaded,36409,
2026-07-17,NSE,RELIANCE,raw_l2/trade_date=2026-07-17/exchange=NSE/symbol=RELIANCE/part-082037_070487-037466.parquet,real_data_sample\l2_unseen_validation\trade_date=2026-07-17\exchange=NSE\symbol=RELIANCE\part-082037_070487-037466.parquet,36452,downloaded,36452,
2026-07-17,NSE,RELIANCE,raw_l2/trade_date=2026-07-17/exchange=NSE/symbol=RELIANCE/part-082940_642886-038682.parquet,real_data_sample\l2_unseen_validation\trade_date=2026-07-17\exchange=NSE\symbol=RELIANCE\part-082940_642886-038682.parquet,36811,downloaded,36811,
2026-07-17,NSE,RELIANCE,raw_l2/trade_date=2026-07-17/exchange=NSE/symbol=RELIANCE/part-083009_943832-038746.parquet,real_data_sample\l2_unseen_validation\trade_date=2026-07-17\exchange=NSE\symbol=RELIANCE\part-083009_943832-038746.parquet,36294,downloaded,36294,
2026-07-17,NSE,RELIANCE,raw_l2/trade_date=2026-07-17/exchange=NSE/symbol=RELIANCE/part-082955_174972-038714.parquet,real_data_sample\l2_unseen_validation\trade_date=2026-07-17\exchange=NSE\symbol=RELIANCE\part-082955_174972-038714.parquet,36428,downloaded,36428,
2026-07-17,NSE,RELIANCE,raw_l2/trade_date=2026-07-17/exchange=NSE/symbol=RELIANCE/part-082759_154016-038458.parquet,real_data_sample\l2_unseen_validation\trade_date=2026-07-17\exchange=NSE\symbol=RELIANCE\part-082759_154016-038458.parquet,36250,downloaded,36250,
2026-07-17,NSE,RELIANCE,raw_l2/trade_date=2026-07-17/exchange=NSE/symbol=RELIANCE/part-082813_675795-038490.parquet,real_data_sample\l2_unseen_validation\trade_date=2026-07-17\exchange=NSE\symbol=RELIANCE\part-082813_675795-038490.parquet,36267,downloaded,36267,
2026-07-17,NSE,RELIANCE,raw_l2/trade_date=2026-07-17/exchange=NSE/symbol=RELIANCE/part-083024_253889-038778.parquet,real_data_sample\l2_unseen_validation\trade_date=2026-07-17\exchange=NSE\symbol=RELIANCE\part-083024_253889-038778.parquet,36388,downloaded,36388,
2026-07-17,NSE,RELIANCE,raw_l2/trade_date=2026-07-17/exchange=NSE/symbol=RELIANCE/part-082828_246271-038522.parquet,real_data_sample\l2_unseen_validation\trade_date=2026-07-17\exchange=NSE\symbol=RELIANCE\part-082828_246271-038522.parquet,36115,downloaded,36115,
2026-07-17,NSE,RELIANCE,raw_l2/trade_date=2026-07-17/exchange=NSE/symbol=RELIANCE/part-083235_192105-039066.parquet,real_data_sample\l2_unseen_validation\trade_date=2026-07-17\exchange=NSE\symbol=RELIANCE\part-083235_192105-039066.parquet,36164,downloaded,36164,
2026-07-17,NSE,RELIANCE,raw_l2/trade_date=2026-07-17/exchange=NSE/symbol=RELIANCE/part-082911_693385-038618.parquet,real_data_sample\l2_unseen_validation\trade_date=2026-07-17\exchange=NSE\symbol=RELIANCE\part-082911_693385-038618.parquet,36233,downloaded,36233,
2026-07-17,NSE,RELIANCE,raw_l2/trade_date=2026-07-17/exchange=NSE/symbol=RELIANCE/part-082857_047074-038586.parquet,real_data_sample\l2_unseen_validation\trade_date=2026-07-17\exchange=NSE\symbol=RELIANCE\part-082857_047074-038586.parquet,36064,downloaded,36064,
2026-07-17,NSE,RELIANCE,raw_l2/trade_date=2026-07-17/exchange=NSE/symbol=RELIANCE/part-082926_195623-038650.parquet,real_data_sample\l2_unseen_validation\trade_date=2026-07-17\exchange=NSE\symbol=RELIANCE\part-082926_195623-038650.parquet,36036,downloaded,36036,
2026-07-17,NSE,RELIANCE,raw_l2/trade_date=2026-07-17/exchange=NSE/symbol=RELIANCE/part-083052_945078-038842.parquet,real_data_sample\l2_unseen_validation\trade_date=2026-07-17\exchange=NSE\symbol=RELIANCE\part-083052_945078-038842.parquet,35977,downloaded,35977,
2026-07-17,NSE,RELIANCE,raw_l2/trade_date=2026-07-17/exchange=NSE/symbol=RELIANCE/part-083038_606958-038810.parquet,real_data_sample\l2_unseen_validation\trade_date=2026-07-17\exchange=NSE\symbol=RELIANCE\part-083038_606958-038810.parquet,36310,downloaded,36310,
2026-07-17,NSE,RELIANCE,raw_l2/trade_date=2026-07-17/exchange=NSE/symbol=RELIANCE/part-083249_798787-039098.parquet,real_data_sample\l2_unseen_validation\trade_date=2026-07-17\exchange=NSE\symbol=RELIANCE\part-083249_798787-039098.parquet,36208,downloaded,36208,
2026-07-17,NSE,RELIANCE,raw_l2/trade_date=2026-07-17/exchange=NSE/symbol=RELIANCE/part-083205_777623-039002.parquet,real_data_sample\l2_unseen_validation\trade_date=2026-07-17\exchange=NSE\symbol=RELIANCE\part-083205_777623-039002.parquet,36176,downloaded,36176,
2026-07-17,NSE,RELIANCE,raw_l2/trade_date=2026-07-17/exchange=NSE/symbol=RELIANCE/part-083220_568775-039034.parquet,real_data_sample\l2_unseen_validation\trade_date=2026-07-17\exchange=NSE\symbol=RELIANCE\part-083220_568775-039034.parquet,35511,downloaded,35511,
2026-07-17,NSE,RELIANCE,raw_l2/trade_date=2026-07-17/exchange=NSE/symbol=RELIANCE/part-083151_426209-038970.parquet,real_data_sample\l2_unseen_validation\trade_date=2026-07-17\exchange=NSE\symbol=RELIANCE\part-083151_426209-038970.parquet,36275,downloaded,36275,
2026-07-17,NSE,RELIANCE,raw_l2/trade_date=2026-07-17/exchange=NSE/symbol=RELIANCE/part-083122_421915-038906.parquet,real_data_sample\l2_unseen_validation\trade_date=2026-07-17\exchange=NSE\symbol=RELIANCE\part-083122_421915-038906.parquet,36148,downloaded,36148,
2026-07-17,NSE,RELIANCE,raw_l2/trade_date=2026-07-17/exchange=NSE/symbol=RELIANCE/part-082842_608908-038554.parquet,real_data_sample\l2_unseen_validation\trade_date=2026-07-17\exchange=NSE\symbol=RELIANCE\part-082842_608908-038554.parquet,36431,downloaded,36431,
2026-07-17,NSE,RELIANCE,raw_l2/trade_date=2026-07-17/exchange=NSE/symbol=RELIANCE/part-083137_116084-038938.parquet,real_data_sample\l2_unseen_validation\trade_date=2026-07-17\exchange=NSE\symbol=RELIANCE\part-083137_116084-038938.parquet,36058,downloaded,36058,
2026-07-17,NSE,RELIANCE,raw_l2/trade_date=2026-07-17/exchange=NSE/symbol=RELIANCE/part-083347_524901-039226.parquet,real_data_sample\l2_unseen_validation\trade_date=2026-07-17\exchange=NSE\symbol=RELIANCE\part-083347_524901-039226.parquet,34909,downloaded,34909,
2026-07-17,NSE,RELIANCE,raw_l2/trade_date=2026-07-17/exchange=NSE/symbol=RELIANCE/part-083430_596972-039322.parquet,real_data_sample\l2_unseen_validation\trade_date=2026-07-17\exchange=NSE\symbol=RELIANCE\part-083430_596972-039322.parquet,35891,downloaded,35891,
2026-07-17,NSE,RELIANCE,raw_l2/trade_date=2026-07-17/exchange=NSE/symbol=RELIANCE/part-083333_309737-039194.parquet,real_data_sample\l2_unseen_validation\trade_date=2026-07-17\exchange=NSE\symbol=RELIANCE\part-083333_309737-039194.parquet,35011,downloaded,35011,
2026-07-17,NSE,RELIANCE,raw_l2/trade_date=2026-07-17/exchange=NSE/symbol=RELIANCE/part-083304_405697-039130.parquet,real_data_sample\l2_unseen_validation\trade_date=2026-07-17\exchange=NSE\symbol=RELIANCE\part-083304_405697-039130.parquet,35953,downloaded,35953,
2026-07-17,NSE,RELIANCE,raw_l2/trade_date=2026-07-17/exchange=NSE/symbol=RELIANCE/part-083319_012616-039162.parquet,real_data_sample\l2_unseen_validation\trade_date=2026-07-17\exchange=NSE\symbol=RELIANCE\part-083319_012616-039162.parquet,35010,downloaded,35010,
2026-07-17,NSE,RELIANCE,raw_l2/trade_date=2026-07-17/exchange=NSE/symbol=RELIANCE/part-083402_068434-039258.parquet,real_data_sample\l2_unseen_validation\trade_date=2026-07-17\exchange=NSE\symbol=RELIANCE\part-083402_068434-039258.parquet,34964,downloaded,34964,
2026-07-17,NSE,RELIANCE,raw_l2/trade_date=2026-07-17/exchange=NSE/symbol=RELIANCE/part-083444_991086-039354.parquet,real_data_sample\l2_unseen_validation\trade_date=2026-07-17\exchange=NSE\symbol=RELIANCE\part-083444_991086-039354.parquet,35711,downloaded,35711,
2026-07-17,NSE,RELIANCE,raw_l2/trade_date=2026-07-17/exchange=NSE/symbol=RELIANCE/part-083107_566371-038874.parquet,real_data_sample\l2_unseen_validation\trade_date=2026-07-17\exchange=NSE\symbol=RELIANCE\part-083107_566371-038874.parquet,36237,downloaded,36237,
2026-07-17,NSE,RELIANCE,raw_l2/trade_date=2026-07-17/exchange=NSE/symbol=RELIANCE/part-083459_497869-039386.parquet,real_data_sample\l2_unseen_validation\trade_date=2026-07-17\exchange=NSE\symbol=RELIANCE\part-083459_497869-039386.parquet,35981,downloaded,35981,
2026-07-17,NSE,RELIANCE,raw_l2/trade_date=2026-07-17/exchange=NSE/symbol=RELIANCE/part-083416_281000-039290.parquet,real_data_sample\l2_unseen_validation\trade_date=2026-07-17\exchange=NSE\symbol=RELIANCE\part-083416_281000-039290.parquet,35192,downloaded,35192,
2026-07-17,NSE,RELIANCE,raw_l2/trade_date=2026-07-17/exchange=NSE/symbol=RELIANCE/part-081135_767082-036250.parquet,real_data_sample\l2_unseen_validation\trade_date=2026-07-17\exchange=NSE\symbol=RELIANCE\part-081135_767082-036250.parquet,36008,downloaded,36008,
2026-07-17,NSE,RELIANCE,raw_l2/trade_date=2026-07-17/exchange=NSE/symbol=RELIANCE/part-083513_689328-039418.parquet,real_data_sample\l2_unseen_validation\trade_date=2026-07-17\exchange=NSE\symbol=RELIANCE\part-083513_689328-039418.parquet,35490,downloaded,35490,
2026-07-17,NSE,RELIANCE,raw_l2/trade_date=2026-07-17/exchange=NSE/symbol=RELIANCE/part-083541_951515-039482.parquet,real_data_sample\l2_unseen_validation\trade_date=2026-07-17\exchange=NSE\symbol=RELIANCE\part-083541_951515-039482.parquet,36484,downloaded,36484,
2026-07-17,NSE,RELIANCE,raw_l2/trade_date=2026-07-17/exchange=NSE/symbol=RELIANCE/part-083707_260372-039674.parquet,real_data_sample\l2_unseen_validation\trade_date=2026-07-17\exchange=NSE\symbol=RELIANCE\part-083707_260372-039674.parquet,36340,downloaded,36340,
2026-07-17,NSE,RELIANCE,raw_l2/trade_date=2026-07-17/exchange=NSE/symbol=RELIANCE/part-083833_011467-039866.parquet,real_data_sample\l2_unseen_validation\trade_date=2026-07-17\exchange=NSE\symbol=RELIANCE\part-083833_011467-039866.parquet,36069,downloaded,36069,
2026-07-17,NSE,RELIANCE,raw_l2/trade_date=2026-07-17/exchange=NSE/symbol=RELIANCE/part-084305_145542-040474.parquet,real_data_sample\l2_unseen_validation\trade_date=2026-07-17\exchange=NSE\symbol=RELIANCE\part-084305_145542-040474.parquet,36035,downloaded,36035,
2026-07-17,NSE,RELIANCE,raw_l2/trade_date=2026-07-17/exchange=NSE/symbol=RELIANCE/part-084334_137182-040538.parquet,real_data_sample\l2_unseen_validation\trade_date=2026-07-17\exchange=NSE\symbol=RELIANCE\part-084334_137182-040538.parquet,36383,downloaded,36383,
2026-07-17,NSE,RELIANCE,raw_l2/trade_date=2026-07-17/exchange=NSE/symbol=RELIANCE/part-084319_625002-040506.parquet,real_data_sample\l2_unseen_validation\trade_date=2026-07-17\exchange=NSE\symbol=RELIANCE\part-084319_625002-040506.parquet,35993,downloaded,35993,
2026-07-17,NSE,RELIANCE,raw_l2/trade_date=2026-07-17/exchange=NSE/symbol=RELIANCE/part-084251_037248-040442.parquet,real_data_sample\l2_unseen_validation\trade_date=2026-07-17\exchange=NSE\symbol=RELIANCE\part-084251_037248-040442.parquet,36246,downloaded,36246,
2026-07-17,NSE,RELIANCE,raw_l2/trade_date=2026-07-17/exchange=NSE/symbol=RELIANCE/part-084348_542808-040570.parquet,real_data_sample\l2_unseen_validation\trade_date=2026-07-17\exchange=NSE\symbol=RELIANCE\part-084348_542808-040570.parquet,36004,downloaded,36004,
2026-07-17,NSE,RELIANCE,raw_l2/trade_date=2026-07-17/exchange=NSE/symbol=RELIANCE/part-084403_068388-040602.parquet,real_data_sample\l2_unseen_validation\trade_date=2026-07-17\exchange=NSE\symbol=RELIANCE\part-084403_068388-040602.parquet,36161,downloaded,36161,
2026-07-17,NSE,RELIANCE,raw_l2/trade_date=2026-07-17/exchange=NSE/symbol=RELIANCE/part-084417_529374-040634.parquet,real_data_sample\l2_unseen_validation\trade_date=2026-07-17\exchange=NSE\symbol=RELIANCE\part-084417_529374-040634.parquet,36167,downloaded,36167,
2026-07-17,NSE,RELIANCE,raw_l2/trade_date=2026-07-17/exchange=NSE/symbol=RELIANCE/part-084446_246344-040698.parquet,real_data_sample\l2_unseen_validation\trade_date=2026-07-17\exchange=NSE\symbol=RELIANCE\part-084446_246344-040698.parquet,35608,downloaded,35608,
2026-07-17,NSE,RELIANCE,raw_l2/trade_date=2026-07-17/exchange=NSE/symbol=RELIANCE/part-084500_835865-040730.parquet,real_data_sample\l2_unseen_validation\trade_date=2026-07-17\exchange=NSE\symbol=RELIANCE\part-084500_835865-040730.parquet,35709,downloaded,35709,
2026-07-17,NSE,RELIANCE,raw_l2/trade_date=2026-07-17/exchange=NSE/symbol=RELIANCE/part-084515_120194-040762.parquet,real_data_sample\l2_unseen_validation\trade_date=2026-07-17\exchange=NSE\symbol=RELIANCE\part-084515_120194-040762.parquet,35854,downloaded,35854,
2026-07-17,NSE,RELIANCE,raw_l2/trade_date=2026-07-17/exchange=NSE/symbol=RELIANCE/part-084431_996198-040666.parquet,real_data_sample\l2_unseen_validation\trade_date=2026-07-17\exchange=NSE\symbol=RELIANCE\part-084431_996198-040666.parquet,36244,downloaded,36244,
2026-07-17,NSE,RELIANCE,raw_l2/trade_date=2026-07-17/exchange=NSE/symbol=RELIANCE/part-084529_535652-040794.parquet,real_data_sample\l2_unseen_validation\trade_date=2026-07-17\exchange=NSE\symbol=RELIANCE\part-084529_535652-040794.parquet,36157,downloaded,36157,
2026-07-17,NSE,RELIANCE,raw_l2/trade_date=2026-07-17/exchange=NSE/symbol=RELIANCE/part-084558_252762-040858.parquet,real_data_sample\l2_unseen_validation\trade_date=2026-07-17\exchange=NSE\symbol=RELIANCE\part-084558_252762-040858.parquet,36835,downloaded,36835,
2026-07-17,NSE,RELIANCE,raw_l2/trade_date=2026-07-17/exchange=NSE/symbol=RELIANCE/part-084543_914195-040826.parquet,real_data_sample\l2_unseen_validation\trade_date=2026-07-17\exchange=NSE\symbol=RELIANCE\part-084543_914195-040826.parquet,36789,downloaded,36789,
2026-07-17,NSE,RELIANCE,raw_l2/trade_date=2026-07-17/exchange=NSE/symbol=RELIANCE/part-084626_887267-040922.parquet,real_data_sample\l2_unseen_validation\trade_date=2026-07-17\exchange=NSE\symbol=RELIANCE\part-084626_887267-040922.parquet,36463,downloaded,36463,
2026-07-17,NSE,RELIANCE,raw_l2/trade_date=2026-07-17/exchange=NSE/symbol=RELIANCE/part-084236_531336-040410.parquet,real_data_sample\l2_unseen_validation\trade_date=2026-07-17\exchange=NSE\symbol=RELIANCE\part-084236_531336-040410.parquet,36144,downloaded,36144,
2026-07-17,NSE,RELIANCE,raw_l2/trade_date=2026-07-17/exchange=NSE/symbol=RELIANCE/part-084641_301628-040954.parquet,real_data_sample\l2_unseen_validation\trade_date=2026-07-17\exchange=NSE\symbol=RELIANCE\part-084641_301628-040954.parquet,36648,downloaded,36648,
2026-07-17,NSE,RELIANCE,raw_l2/trade_date=2026-07-17/exchange=NSE/symbol=RELIANCE/part-084655_484607-040986.parquet,real_data_sample\l2_unseen_validation\trade_date=2026-07-17\exchange=NSE\symbol=RELIANCE\part-084655_484607-040986.parquet,36504,downloaded,36504,
2026-07-17,NSE,RELIANCE,raw_l2/trade_date=2026-07-17/exchange=NSE/symbol=RELIANCE/part-084612_697847-040890.parquet,real_data_sample\l2_unseen_validation\trade_date=2026-07-17\exchange=NSE\symbol=RELIANCE\part-084612_697847-040890.parquet,36980,downloaded,36980,
2026-07-17,NSE,RELIANCE,raw_l2/trade_date=2026-07-17/exchange=NSE/symbol=RELIANCE/part-084709_726720-041018.parquet,real_data_sample\l2_unseen_validation\trade_date=2026-07-17\exchange=NSE\symbol=RELIANCE\part-084709_726720-041018.parquet,36233,downloaded,36233,
2026-07-17,NSE,RELIANCE,raw_l2/trade_date=2026-07-17/exchange=NSE/symbol=RELIANCE/part-084124_666599-040250.parquet,real_data_sample\l2_unseen_validation\trade_date=2026-07-17\exchange=NSE\symbol=RELIANCE\part-084124_666599-040250.parquet,35926,downloaded,35926,
2026-07-17,NSE,RELIANCE,raw_l2/trade_date=2026-07-17/exchange=NSE/symbol=RELIANCE/part-084222_261114-040378.parquet,real_data_sample\l2_unseen_validation\trade_date=2026-07-17\exchange=NSE\symbol=RELIANCE\part-084222_261114-040378.parquet,35940,downloaded,35940,
2026-07-17,NSE,RELIANCE,raw_l2/trade_date=2026-07-17/exchange=NSE/symbol=RELIANCE/part-084738_117445-041082.parquet,real_data_sample\l2_unseen_validation\trade_date=2026-07-17\exchange=NSE\symbol=RELIANCE\part-084738_117445-041082.parquet,36456,downloaded,36456,
2026-07-17,NSE,RELIANCE,raw_l2/trade_date=2026-07-17/exchange=NSE/symbol=RELIANCE/part-084752_427646-041114.parquet,real_data_sample\l2_unseen_validation\trade_date=2026-07-17\exchange=NSE\symbol=RELIANCE\part-084752_427646-041114.parquet,36480,downloaded,36480,
2026-07-17,NSE,RELIANCE,raw_l2/trade_date=2026-07-17/exchange=NSE/symbol=RELIANCE/part-084027_360259-040122.parquet,real_data_sample\l2_unseen_validation\trade_date=2026-07-17\exchange=NSE\symbol=RELIANCE\part-084027_360259-040122.parquet,35821,downloaded,35821,
2026-07-17,NSE,RELIANCE,raw_l2/trade_date=2026-07-17/exchange=NSE/symbol=RELIANCE/part-083958_880103-040058.parquet,real_data_sample\l2_unseen_validation\trade_date=2026-07-17\exchange=NSE\symbol=RELIANCE\part-083958_880103-040058.parquet,35878,downloaded,35878,
2026-07-17,NSE,RELIANCE,raw_l2/trade_date=2026-07-17/exchange=NSE/symbol=RELIANCE/part-083818_590558-039834.parquet,real_data_sample\l2_unseen_validation\trade_date=2026-07-17\exchange=NSE\symbol=RELIANCE\part-083818_590558-039834.parquet,36381,downloaded,36381,
2026-07-17,NSE,RELIANCE,raw_l2/trade_date=2026-07-17/exchange=NSE/symbol=RELIANCE/part-083804_341712-039802.parquet,real_data_sample\l2_unseen_validation\trade_date=2026-07-17\exchange=NSE\symbol=RELIANCE\part-083804_341712-039802.parquet,36376,downloaded,36376,
2026-07-17,NSE,RELIANCE,raw_l2/trade_date=2026-07-17/exchange=NSE/symbol=RELIANCE/part-083944_493014-040026.parquet,real_data_sample\l2_unseen_validation\trade_date=2026-07-17\exchange=NSE\symbol=RELIANCE\part-083944_493014-040026.parquet,35937,downloaded,35937,
2026-07-17,NSE,RELIANCE,raw_l2/trade_date=2026-07-17/exchange=NSE/symbol=RELIANCE/part-084153_488717-040314.parquet,real_data_sample\l2_unseen_validation\trade_date=2026-07-17\exchange=NSE\symbol=RELIANCE\part-084153_488717-040314.parquet,36230,downloaded,36230,
2026-07-17,NSE,RELIANCE,raw_l2/trade_date=2026-07-17/exchange=NSE/symbol=RELIANCE/part-083915_862902-039962.parquet,real_data_sample\l2_unseen_validation\trade_date=2026-07-17\exchange=NSE\symbol=RELIANCE\part-083915_862902-039962.parquet,36273,downloaded,36273,
2026-07-17,NSE,RELIANCE,raw_l2/trade_date=2026-07-17/exchange=NSE/symbol=RELIANCE/part-083930_374910-039994.parquet,real_data_sample\l2_unseen_validation\trade_date=2026-07-17\exchange=NSE\symbol=RELIANCE\part-083930_374910-039994.parquet,36451,downloaded,36451,
2026-07-17,NSE,RELIANCE,raw_l2/trade_date=2026-07-17/exchange=NSE/symbol=RELIANCE/part-084821_034656-041178.parquet,real_data_sample\l2_unseen_validation\trade_date=2026-07-17\exchange=NSE\symbol=RELIANCE\part-084821_034656-041178.parquet,36238,downloaded,36238,
2026-07-17,NSE,RELIANCE,raw_l2/trade_date=2026-07-17/exchange=NSE/symbol=RELIANCE/part-084139_099677-040282.parquet,real_data_sample\l2_unseen_validation\trade_date=2026-07-17\exchange=NSE\symbol=RELIANCE\part-084139_099677-040282.parquet,35824,downloaded,35824,
2026-07-17,NSE,RELIANCE,raw_l2/trade_date=2026-07-17/exchange=NSE/symbol=RELIANCE/part-083610_481972-039546.parquet,real_data_sample\l2_unseen_validation\trade_date=2026-07-17\exchange=NSE\symbol=RELIANCE\part-083610_481972-039546.parquet,36338,downloaded,36338,
2026-07-17,NSE,RELIANCE,raw_l2/trade_date=2026-07-17/exchange=NSE/symbol=RELIANCE/part-084013_214973-040090.parquet,real_data_sample\l2_unseen_validation\trade_date=2026-07-17\exchange=NSE\symbol=RELIANCE\part-084013_214973-040090.parquet,35736,downloaded,35736,
2026-07-17,NSE,RELIANCE,raw_l2/trade_date=2026-07-17/exchange=NSE/symbol=RELIANCE/part-083624_671443-039578.parquet,real_data_sample\l2_unseen_validation\trade_date=2026-07-17\exchange=NSE\symbol=RELIANCE\part-083624_671443-039578.parquet,36417,downloaded,36417,
2026-07-17,NSE,RELIANCE,raw_l2/trade_date=2026-07-17/exchange=NSE/symbol=RELIANCE/part-084041_841567-040154.parquet,real_data_sample\l2_unseen_validation\trade_date=2026-07-17\exchange=NSE\symbol=RELIANCE\part-084041_841567-040154.parquet,35812,downloaded,35812,
2026-07-17,NSE,RELIANCE,raw_l2/trade_date=2026-07-17/exchange=NSE/symbol=RELIANCE/part-083735_765974-039738.parquet,real_data_sample\l2_unseen_validation\trade_date=2026-07-17\exchange=NSE\symbol=RELIANCE\part-083735_765974-039738.parquet,36426,downloaded,36426,
2026-07-17,NSE,RELIANCE,raw_l2/trade_date=2026-07-17/exchange=NSE/symbol=RELIANCE/part-083749_954281-039770.parquet,real_data_sample\l2_unseen_validation\trade_date=2026-07-17\exchange=NSE\symbol=RELIANCE\part-083749_954281-039770.parquet,36110,downloaded,36110,
2026-07-17,NSE,RELIANCE,raw_l2/trade_date=2026-07-17/exchange=NSE/symbol=RELIANCE/part-083653_217773-039642.parquet,real_data_sample\l2_unseen_validation\trade_date=2026-07-17\exchange=NSE\symbol=RELIANCE\part-083653_217773-039642.parquet,36086,downloaded,36086,
2026-07-17,NSE,RELIANCE,raw_l2/trade_date=2026-07-17/exchange=NSE/symbol=RELIANCE/part-084835_407872-041210.parquet,real_data_sample\l2_unseen_validation\trade_date=2026-07-17\exchange=NSE\symbol=RELIANCE\part-084835_407872-041210.parquet,36462,downloaded,36462,
2026-07-17,NSE,RELIANCE,raw_l2/trade_date=2026-07-17/exchange=NSE/symbol=RELIANCE/part-084110_376739-040218.parquet,real_data_sample\l2_unseen_validation\trade_date=2026-07-17\exchange=NSE\symbol=RELIANCE\part-084110_376739-040218.parquet,35940,downloaded,35940,
2026-07-17,NSE,RELIANCE,raw_l2/trade_date=2026-07-17/exchange=NSE/symbol=RELIANCE/part-083901_600816-039930.parquet,real_data_sample\l2_unseen_validation\trade_date=2026-07-17\exchange=NSE\symbol=RELIANCE\part-083901_600816-039930.parquet,36040,downloaded,36040,
2026-07-17,NSE,RELIANCE,raw_l2/trade_date=2026-07-17/exchange=NSE/symbol=RELIANCE/part-084056_339353-040186.parquet,real_data_sample\l2_unseen_validation\trade_date=2026-07-17\exchange=NSE\symbol=RELIANCE\part-084056_339353-040186.parquet,35832,downloaded,35832,
2026-07-17,NSE,RELIANCE,raw_l2/trade_date=2026-07-17/exchange=NSE/symbol=RELIANCE/part-084849_855947-041242.parquet,real_data_sample\l2_unseen_validation\trade_date=2026-07-17\exchange=NSE\symbol=RELIANCE\part-084849_855947-041242.parquet,36375,downloaded,36375,
2026-07-17,NSE,RELIANCE,raw_l2/trade_date=2026-07-17/exchange=NSE/symbol=RELIANCE/part-083721_467854-039706.parquet,real_data_sample\l2_unseen_validation\trade_date=2026-07-17\exchange=NSE\symbol=RELIANCE\part-083721_467854-039706.parquet,36456,downloaded,36456,
2026-07-17,NSE,RELIANCE,raw_l2/trade_date=2026-07-17/exchange=NSE/symbol=RELIANCE/part-083638_888150-039610.parquet,real_data_sample\l2_unseen_validation\trade_date=2026-07-17\exchange=NSE\symbol=RELIANCE\part-083638_888150-039610.parquet,36252,downloaded,36252,
2026-07-17,NSE,RELIANCE,raw_l2/trade_date=2026-07-17/exchange=NSE/symbol=RELIANCE/part-084806_760732-041146.parquet,real_data_sample\l2_unseen_validation\trade_date=2026-07-17\exchange=NSE\symbol=RELIANCE\part-084806_760732-041146.parquet,35802,downloaded,35802,
2026-07-17,NSE,RELIANCE,raw_l2/trade_date=2026-07-17/exchange=NSE/symbol=RELIANCE/part-084904_353176-041274.parquet,real_data_sample\l2_unseen_validation\trade_date=2026-07-17\exchange=NSE\symbol=RELIANCE\part-084904_353176-041274.parquet,35915,downloaded,35915,
2026-07-17,NSE,RELIANCE,raw_l2/trade_date=2026-07-17/exchange=NSE/symbol=RELIANCE/part-084933_504836-041338.parquet,real_data_sample\l2_unseen_validation\trade_date=2026-07-17\exchange=NSE\symbol=RELIANCE\part-084933_504836-041338.parquet,36464,downloaded,36464,
2026-07-17,NSE,RELIANCE,raw_l2/trade_date=2026-07-17/exchange=NSE/symbol=RELIANCE/part-084919_202334-041306.parquet,real_data_sample\l2_unseen_validation\trade_date=2026-07-17\exchange=NSE\symbol=RELIANCE\part-084919_202334-041306.parquet,36251,downloaded,36251,
2026-07-17,NSE,RELIANCE,raw_l2/trade_date=2026-07-17/exchange=NSE/symbol=RELIANCE/part-085002_622013-041402.parquet,real_data_sample\l2_unseen_validation\trade_date=2026-07-17\exchange=NSE\symbol=RELIANCE\part-085002_622013-041402.parquet,36182,downloaded,36182,
2026-07-17,NSE,RELIANCE,raw_l2/trade_date=2026-07-17/exchange=NSE/symbol=RELIANCE/part-085031_317618-041466.parquet,real_data_sample\l2_unseen_validation\trade_date=2026-07-17\exchange=NSE\symbol=RELIANCE\part-085031_317618-041466.parquet,36582,downloaded,36582,
2026-07-17,NSE,RELIANCE,raw_l2/trade_date=2026-07-17/exchange=NSE/symbol=RELIANCE/part-085017_042341-041434.parquet,real_data_sample\l2_unseen_validation\trade_date=2026-07-17\exchange=NSE\symbol=RELIANCE\part-085017_042341-041434.parquet,36123,downloaded,36123,
2026-07-17,NSE,RELIANCE,raw_l2/trade_date=2026-07-17/exchange=NSE/symbol=RELIANCE/part-084948_017290-041370.parquet,real_data_sample\l2_unseen_validation\trade_date=2026-07-17\exchange=NSE\symbol=RELIANCE\part-084948_017290-041370.parquet,36127,downloaded,36127,
2026-07-17,NSE,RELIANCE,raw_l2/trade_date=2026-07-17/exchange=NSE/symbol=RELIANCE/part-084207_845151-040346.parquet,real_data_sample\l2_unseen_validation\trade_date=2026-07-17\exchange=NSE\symbol=RELIANCE\part-084207_845151-040346.parquet,35707,downloaded,35707,
2026-07-17,NSE,RELIANCE,raw_l2/trade_date=2026-07-17/exchange=NSE/symbol=RELIANCE/part-085045_633078-041498.parquet,real_data_sample\l2_unseen_validation\trade_date=2026-07-17\exchange=NSE\symbol=RELIANCE\part-085045_633078-041498.parquet,35964,downloaded,35964,
2026-07-17,NSE,RELIANCE,raw_l2/trade_date=2026-07-17/exchange=NSE/symbol=RELIANCE/part-085100_343429-041530.parquet,real_data_sample\l2_unseen_validation\trade_date=2026-07-17\exchange=NSE\symbol=RELIANCE\part-085100_343429-041530.parquet,36336,downloaded,36336,
2026-07-17,NSE,RELIANCE,raw_l2/trade_date=2026-07-17/exchange=NSE/symbol=RELIANCE/part-085115_001898-041562.parquet,real_data_sample\l2_unseen_validation\trade_date=2026-07-17\exchange=NSE\symbol=RELIANCE\part-085115_001898-041562.parquet,36270,downloaded,36270,
2026-07-17,NSE,RELIANCE,raw_l2/trade_date=2026-07-17/exchange=NSE/symbol=RELIANCE/part-085129_285729-041594.parquet,real_data_sample\l2_unseen_validation\trade_date=2026-07-17\exchange=NSE\symbol=RELIANCE\part-085129_285729-041594.parquet,36192,downloaded,36192,
2026-07-17,NSE,RELIANCE,raw_l2/trade_date=2026-07-17/exchange=NSE/symbol=RELIANCE/part-084723_851840-041050.parquet,real_data_sample\l2_unseen_validation\trade_date=2026-07-17\exchange=NSE\symbol=RELIANCE\part-084723_851840-041050.parquet,36207,downloaded,36207,
2026-07-17,NSE,RELIANCE,raw_l2/trade_date=2026-07-17/exchange=NSE/symbol=RELIANCE/part-085312_121658-041818.parquet,real_data_sample\l2_unseen_validation\trade_date=2026-07-17\exchange=NSE\symbol=RELIANCE\part-085312_121658-041818.parquet,35991,downloaded,35991,
2026-07-17,NSE,RELIANCE,raw_l2/trade_date=2026-07-17/exchange=NSE/symbol=RELIANCE/part-083847_163823-039898.parquet,real_data_sample\l2_unseen_validation\trade_date=2026-07-17\exchange=NSE\symbol=RELIANCE\part-083847_163823-039898.parquet,36525,downloaded,36525,
2026-07-17,NSE,RELIANCE,raw_l2/trade_date=2026-07-17/exchange=NSE/symbol=RELIANCE/part-085158_332509-041658.parquet,real_data_sample\l2_unseen_validation\trade_date=2026-07-17\exchange=NSE\symbol=RELIANCE\part-085158_332509-041658.parquet,36683,downloaded,36683,
2026-07-17,NSE,RELIANCE,raw_l2/trade_date=2026-07-17/exchange=NSE/symbol=RELIANCE/part-085227_680060-041722.parquet,real_data_sample\l2_unseen_validation\trade_date=2026-07-17\exchange=NSE\symbol=RELIANCE\part-085227_680060-041722.parquet,36054,downloaded,36054,
2026-07-17,NSE,RELIANCE,raw_l2/trade_date=2026-07-17/exchange=NSE/symbol=RELIANCE/part-083556_048119-039514.parquet,real_data_sample\l2_unseen_validation\trade_date=2026-07-17\exchange=NSE\symbol=RELIANCE\part-083556_048119-039514.parquet,36478,downloaded,36478,
2026-07-17,NSE,RELIANCE,raw_l2/trade_date=2026-07-17/exchange=NSE/symbol=RELIANCE/part-085242_430838-041754.parquet,real_data_sample\l2_unseen_validation\trade_date=2026-07-17\exchange=NSE\symbol=RELIANCE\part-085242_430838-041754.parquet,36430,downloaded,36430,
2026-07-17,NSE,RELIANCE,raw_l2/trade_date=2026-07-17/exchange=NSE/symbol=RELIANCE/part-085212_851454-041690.parquet,real_data_sample\l2_unseen_validation\trade_date=2026-07-17\exchange=NSE\symbol=RELIANCE\part-085212_851454-041690.parquet,36411,downloaded,36411,
2026-07-17,NSE,RELIANCE,raw_l2/trade_date=2026-07-17/exchange=NSE/symbol=RELIANCE/part-085143_724741-041626.parquet,real_data_sample\l2_unseen_validation\trade_date=2026-07-17\exchange=NSE\symbol=RELIANCE\part-085143_724741-041626.parquet,36028,downloaded,36028,
2026-07-17,NSE,RELIANCE,raw_l2/trade_date=2026-07-17/exchange=NSE/symbol=RELIANCE/part-085342_039143-041882.parquet,real_data_sample\l2_unseen_validation\trade_date=2026-07-17\exchange=NSE\symbol=RELIANCE\part-085342_039143-041882.parquet,36086,downloaded,36086,
2026-07-17,NSE,RELIANCE,raw_l2/trade_date=2026-07-17/exchange=NSE/symbol=RELIANCE/part-085327_225330-041850.parquet,real_data_sample\l2_unseen_validation\trade_date=2026-07-17\exchange=NSE\symbol=RELIANCE\part-085327_225330-041850.parquet,36038,downloaded,36038,
2026-07-17,NSE,RELIANCE,raw_l2/trade_date=2026-07-17/exchange=NSE/symbol=RELIANCE/part-085410_473469-041946.parquet,real_data_sample\l2_unseen_validation\trade_date=2026-07-17\exchange=NSE\symbol=RELIANCE\part-085410_473469-041946.parquet,36131,downloaded,36131,
2026-07-17,NSE,RELIANCE,raw_l2/trade_date=2026-07-17/exchange=NSE/symbol=RELIANCE/part-083527_850173-039450.parquet,real_data_sample\l2_unseen_validation\trade_date=2026-07-17\exchange=NSE\symbol=RELIANCE\part-083527_850173-039450.parquet,36285,downloaded,36285,
2026-07-17,NSE,RELIANCE,raw_l2/trade_date=2026-07-17/exchange=NSE/symbol=RELIANCE/part-085424_614820-041978.parquet,real_data_sample\l2_unseen_validation\trade_date=2026-07-17\exchange=NSE\symbol=RELIANCE\part-085424_614820-041978.parquet,36367,downloaded,36367,
2026-07-17,NSE,RELIANCE,raw_l2/trade_date=2026-07-17/exchange=NSE/symbol=RELIANCE/part-085356_168430-041914.parquet,real_data_sample\l2_unseen_validation\trade_date=2026-07-17\exchange=NSE\symbol=RELIANCE\part-085356_168430-041914.parquet,35975,downloaded,35975,
2026-07-17,NSE,RELIANCE,raw_l2/trade_date=2026-07-17/exchange=NSE/symbol=RELIANCE/part-085439_139030-042010.parquet,real_data_sample\l2_unseen_validation\trade_date=2026-07-17\exchange=NSE\symbol=RELIANCE\part-085439_139030-042010.parquet,36165,downloaded,36165,
2026-07-17,NSE,RELIANCE,raw_l2/trade_date=2026-07-17/exchange=NSE/symbol=RELIANCE/part-085453_434589-042042.parquet,real_data_sample\l2_unseen_validation\trade_date=2026-07-17\exchange=NSE\symbol=RELIANCE\part-085453_434589-042042.parquet,36789,downloaded,36789,
2026-07-17,NSE,RELIANCE,raw_l2/trade_date=2026-07-17/exchange=NSE/symbol=RELIANCE/part-085536_246682-042138.parquet,real_data_sample\l2_unseen_validation\trade_date=2026-07-17\exchange=NSE\symbol=RELIANCE\part-085536_246682-042138.parquet,36426,downloaded,36426,
2026-07-17,NSE,RELIANCE,raw_l2/trade_date=2026-07-17/exchange=NSE/symbol=RELIANCE/part-085550_476616-042170.parquet,real_data_sample\l2_unseen_validation\trade_date=2026-07-17\exchange=NSE\symbol=RELIANCE\part-085550_476616-042170.parquet,36156,downloaded,36156,
2026-07-17,NSE,RELIANCE,raw_l2/trade_date=2026-07-17/exchange=NSE/symbol=RELIANCE/part-085604_499841-042202.parquet,real_data_sample\l2_unseen_validation\trade_date=2026-07-17\exchange=NSE\symbol=RELIANCE\part-085604_499841-042202.parquet,36330,downloaded,36330,
2026-07-17,NSE,RELIANCE,raw_l2/trade_date=2026-07-17/exchange=NSE/symbol=RELIANCE/part-085507_815113-042074.parquet,real_data_sample\l2_unseen_validation\trade_date=2026-07-17\exchange=NSE\symbol=RELIANCE\part-085507_815113-042074.parquet,36441,downloaded,36441,
2026-07-17,NSE,RELIANCE,raw_l2/trade_date=2026-07-17/exchange=NSE/symbol=RELIANCE/part-085647_393929-042298.parquet,real_data_sample\l2_unseen_validation\trade_date=2026-07-17\exchange=NSE\symbol=RELIANCE\part-085647_393929-042298.parquet,36088,downloaded,36088,
2026-07-17,NSE,RELIANCE,raw_l2/trade_date=2026-07-17/exchange=NSE/symbol=RELIANCE/part-085632_965945-042266.parquet,real_data_sample\l2_unseen_validation\trade_date=2026-07-17\exchange=NSE\symbol=RELIANCE\part-085632_965945-042266.parquet,36335,downloaded,36335,
2026-07-17,NSE,RELIANCE,raw_l2/trade_date=2026-07-17/exchange=NSE/symbol=RELIANCE/part-085618_622178-042234.parquet,real_data_sample\l2_unseen_validation\trade_date=2026-07-17\exchange=NSE\symbol=RELIANCE\part-085618_622178-042234.parquet,36284,downloaded,36284,
2026-07-17,NSE,RELIANCE,raw_l2/trade_date=2026-07-17/exchange=NSE/symbol=RELIANCE/part-085758_814025-042458.parquet,real_data_sample\l2_unseen_validation\trade_date=2026-07-17\exchange=NSE\symbol=RELIANCE\part-085758_814025-042458.parquet,36424,downloaded,36424,
2026-07-17,NSE,RELIANCE,raw_l2/trade_date=2026-07-17/exchange=NSE/symbol=RELIANCE/part-085744_325394-042426.parquet,real_data_sample\l2_unseen_validation\trade_date=2026-07-17\exchange=NSE\symbol=RELIANCE\part-085744_325394-042426.parquet,36511,downloaded,36511,
2026-07-17,NSE,RELIANCE,raw_l2/trade_date=2026-07-17/exchange=NSE/symbol=RELIANCE/part-085729_867568-042394.parquet,real_data_sample\l2_unseen_validation\trade_date=2026-07-17\exchange=NSE\symbol=RELIANCE\part-085729_867568-042394.parquet,36348,downloaded,36348,
2026-07-17,NSE,RELIANCE,raw_l2/trade_date=2026-07-17/exchange=NSE/symbol=RELIANCE/part-085715_701505-042362.parquet,real_data_sample\l2_unseen_validation\trade_date=2026-07-17\exchange=NSE\symbol=RELIANCE\part-085715_701505-042362.parquet,36118,downloaded,36118,
2026-07-17,NSE,RELIANCE,raw_l2/trade_date=2026-07-17/exchange=NSE/symbol=RELIANCE/part-085813_224669-042490.parquet,real_data_sample\l2_unseen_validation\trade_date=2026-07-17\exchange=NSE\symbol=RELIANCE\part-085813_224669-042490.parquet,36928,downloaded,36928,
2026-07-17,NSE,RELIANCE,raw_l2/trade_date=2026-07-17/exchange=NSE/symbol=RELIANCE/part-085701_478940-042330.parquet,real_data_sample\l2_unseen_validation\trade_date=2026-07-17\exchange=NSE\symbol=RELIANCE\part-085701_478940-042330.parquet,36365,downloaded,36365,
2026-07-17,NSE,RELIANCE,raw_l2/trade_date=2026-07-17/exchange=NSE/symbol=RELIANCE/part-085257_146635-041786.parquet,real_data_sample\l2_unseen_validation\trade_date=2026-07-17\exchange=NSE\symbol=RELIANCE\part-085257_146635-041786.parquet,36307,downloaded,36307,
2026-07-17,NSE,RELIANCE,raw_l2/trade_date=2026-07-17/exchange=NSE/symbol=RELIANCE/part-085911_090476-042618.parquet,real_data_sample\l2_unseen_validation\trade_date=2026-07-17\exchange=NSE\symbol=RELIANCE\part-085911_090476-042618.parquet,36201,downloaded,36201,
2026-07-17,NSE,RELIANCE,raw_l2/trade_date=2026-07-17/exchange=NSE/symbol=RELIANCE/part-085856_601179-042586.parquet,real_data_sample\l2_unseen_validation\trade_date=2026-07-17\exchange=NSE\symbol=RELIANCE\part-085856_601179-042586.parquet,36655,downloaded,36655,
2026-07-17,NSE,RELIANCE,raw_l2/trade_date=2026-07-17/exchange=NSE/symbol=RELIANCE/part-090009_714117-042746.parquet,real_data_sample\l2_unseen_validation\trade_date=2026-07-17\exchange=NSE\symbol=RELIANCE\part-090009_714117-042746.parquet,36435,downloaded,36435,
2026-07-17,NSE,RELIANCE,raw_l2/trade_date=2026-07-17/exchange=NSE/symbol=RELIANCE/part-085842_050847-042554.parquet,real_data_sample\l2_unseen_validation\trade_date=2026-07-17\exchange=NSE\symbol=RELIANCE\part-085842_050847-042554.parquet,36345,downloaded,36345,
2026-07-17,NSE,RELIANCE,raw_l2/trade_date=2026-07-17/exchange=NSE/symbol=RELIANCE/part-085925_914997-042650.parquet,real_data_sample\l2_unseen_validation\trade_date=2026-07-17\exchange=NSE\symbol=RELIANCE\part-085925_914997-042650.parquet,36197,downloaded,36197,
2026-07-17,NSE,RELIANCE,raw_l2/trade_date=2026-07-17/exchange=NSE/symbol=RELIANCE/part-085940_540397-042682.parquet,real_data_sample\l2_unseen_validation\trade_date=2026-07-17\exchange=NSE\symbol=RELIANCE\part-085940_540397-042682.parquet,36039,downloaded,36039,
2026-07-17,NSE,RELIANCE,raw_l2/trade_date=2026-07-17/exchange=NSE/symbol=RELIANCE/part-090053_100961-042842.parquet,real_data_sample\l2_unseen_validation\trade_date=2026-07-17\exchange=NSE\symbol=RELIANCE\part-090053_100961-042842.parquet,36200,downloaded,36200,
2026-07-17,NSE,RELIANCE,raw_l2/trade_date=2026-07-17/exchange=NSE/symbol=RELIANCE/part-090038_483105-042810.parquet,real_data_sample\l2_unseen_validation\trade_date=2026-07-17\exchange=NSE\symbol=RELIANCE\part-090038_483105-042810.parquet,36060,downloaded,36060,
2026-07-17,NSE,RELIANCE,raw_l2/trade_date=2026-07-17/exchange=NSE/symbol=RELIANCE/part-090122_260621-042906.parquet,real_data_sample\l2_unseen_validation\trade_date=2026-07-17\exchange=NSE\symbol=RELIANCE\part-090122_260621-042906.parquet,35941,downloaded,35941,
2026-07-17,NSE,RELIANCE,raw_l2/trade_date=2026-07-17/exchange=NSE/symbol=RELIANCE/part-085955_251613-042714.parquet,real_data_sample\l2_unseen_validation\trade_date=2026-07-17\exchange=NSE\symbol=RELIANCE\part-085955_251613-042714.parquet,36015,downloaded,36015,
2026-07-17,NSE,RELIANCE,raw_l2/trade_date=2026-07-17/exchange=NSE/symbol=RELIANCE/part-090107_669744-042874.parquet,real_data_sample\l2_unseen_validation\trade_date=2026-07-17\exchange=NSE\symbol=RELIANCE\part-090107_669744-042874.parquet,36665,downloaded,36665,
2026-07-17,NSE,RELIANCE,raw_l2/trade_date=2026-07-17/exchange=NSE/symbol=RELIANCE/part-090219_379899-043034.parquet,real_data_sample\l2_unseen_validation\trade_date=2026-07-17\exchange=NSE\symbol=RELIANCE\part-090219_379899-043034.parquet,36439,downloaded,36439,
2026-07-17,NSE,RELIANCE,raw_l2/trade_date=2026-07-17/exchange=NSE/symbol=RELIANCE/part-090024_004176-042778.parquet,real_data_sample\l2_unseen_validation\trade_date=2026-07-17\exchange=NSE\symbol=RELIANCE\part-090024_004176-042778.parquet,36540,downloaded,36540,
2026-07-17,NSE,RELIANCE,raw_l2/trade_date=2026-07-17/exchange=NSE/symbol=RELIANCE/part-090205_231916-043002.parquet,real_data_sample\l2_unseen_validation\trade_date=2026-07-17\exchange=NSE\symbol=RELIANCE\part-090205_231916-043002.parquet,36478,downloaded,36478,
2026-07-17,NSE,RELIANCE,raw_l2/trade_date=2026-07-17/exchange=NSE/symbol=RELIANCE/part-090151_018577-042970.parquet,real_data_sample\l2_unseen_validation\trade_date=2026-07-17\exchange=NSE\symbol=RELIANCE\part-090151_018577-042970.parquet,35962,downloaded,35962,
2026-07-17,NSE,RELIANCE,raw_l2/trade_date=2026-07-17/exchange=NSE/symbol=RELIANCE/part-090136_626997-042938.parquet,real_data_sample\l2_unseen_validation\trade_date=2026-07-17\exchange=NSE\symbol=RELIANCE\part-090136_626997-042938.parquet,36311,downloaded,36311,
2026-07-17,NSE,RELIANCE,raw_l2/trade_date=2026-07-17/exchange=NSE/symbol=RELIANCE/part-090233_793449-043066.parquet,real_data_sample\l2_unseen_validation\trade_date=2026-07-17\exchange=NSE\symbol=RELIANCE\part-090233_793449-043066.parquet,36935,downloaded,36935,
2026-07-17,NSE,RELIANCE,raw_l2/trade_date=2026-07-17/exchange=NSE/symbol=RELIANCE/part-085521_966357-042106.parquet,real_data_sample\l2_unseen_validation\trade_date=2026-07-17\exchange=NSE\symbol=RELIANCE\part-085521_966357-042106.parquet,36373,downloaded,36373,
2026-07-17,NSE,RELIANCE,raw_l2/trade_date=2026-07-17/exchange=NSE/symbol=RELIANCE/part-090317_072642-043162.parquet,real_data_sample\l2_unseen_validation\trade_date=2026-07-17\exchange=NSE\symbol=RELIANCE\part-090317_072642-043162.parquet,36390,downloaded,36390,
2026-07-17,NSE,RELIANCE,raw_l2/trade_date=2026-07-17/exchange=NSE/symbol=RELIANCE/part-090302_697303-043130.parquet,real_data_sample\l2_unseen_validation\trade_date=2026-07-17\exchange=NSE\symbol=RELIANCE\part-090302_697303-043130.parquet,35722,downloaded,35722,
2026-07-17,NSE,RELIANCE,raw_l2/trade_date=2026-07-17/exchange=NSE/symbol=RELIANCE/part-090248_330048-043098.parquet,real_data_sample\l2_unseen_validation\trade_date=2026-07-17\exchange=NSE\symbol=RELIANCE\part-090248_330048-043098.parquet,36319,downloaded,36319,
2026-07-17,NSE,RELIANCE,raw_l2/trade_date=2026-07-17/exchange=NSE/symbol=RELIANCE/part-090429_959491-043322.parquet,real_data_sample\l2_unseen_validation\trade_date=2026-07-17\exchange=NSE\symbol=RELIANCE\part-090429_959491-043322.parquet,36314,downloaded,36314,
2026-07-17,NSE,RELIANCE,raw_l2/trade_date=2026-07-17/exchange=NSE/symbol=RELIANCE/part-090331_692472-043194.parquet,real_data_sample\l2_unseen_validation\trade_date=2026-07-17\exchange=NSE\symbol=RELIANCE\part-090331_692472-043194.parquet,36493,downloaded,36493,
2026-07-17,NSE,RELIANCE,raw_l2/trade_date=2026-07-17/exchange=NSE/symbol=RELIANCE/part-090514_174779-043418.parquet,real_data_sample\l2_unseen_validation\trade_date=2026-07-17\exchange=NSE\symbol=RELIANCE\part-090514_174779-043418.parquet,36296,downloaded,36296,
2026-07-17,NSE,RELIANCE,raw_l2/trade_date=2026-07-17/exchange=NSE/symbol=RELIANCE/part-090444_754049-043354.parquet,real_data_sample\l2_unseen_validation\trade_date=2026-07-17\exchange=NSE\symbol=RELIANCE\part-090444_754049-043354.parquet,36316,downloaded,36316,
2026-07-17,NSE,RELIANCE,raw_l2/trade_date=2026-07-17/exchange=NSE/symbol=RELIANCE/part-090528_535712-043450.parquet,real_data_sample\l2_unseen_validation\trade_date=2026-07-17\exchange=NSE\symbol=RELIANCE\part-090528_535712-043450.parquet,36172,downloaded,36172,
2026-07-17,NSE,RELIANCE,raw_l2/trade_date=2026-07-17/exchange=NSE/symbol=RELIANCE/part-090346_623011-043226.parquet,real_data_sample\l2_unseen_validation\trade_date=2026-07-17\exchange=NSE\symbol=RELIANCE\part-090346_623011-043226.parquet,36499,downloaded,36499,
2026-07-17,NSE,RELIANCE,raw_l2/trade_date=2026-07-17/exchange=NSE/symbol=RELIANCE/part-090415_442656-043290.parquet,real_data_sample\l2_unseen_validation\trade_date=2026-07-17\exchange=NSE\symbol=RELIANCE\part-090415_442656-043290.parquet,36241,downloaded,36241,
2026-07-17,NSE,RELIANCE,raw_l2/trade_date=2026-07-17/exchange=NSE/symbol=RELIANCE/part-090640_587437-043610.parquet,real_data_sample\l2_unseen_validation\trade_date=2026-07-17\exchange=NSE\symbol=RELIANCE\part-090640_587437-043610.parquet,36724,downloaded,36724,
2026-07-17,NSE,RELIANCE,raw_l2/trade_date=2026-07-17/exchange=NSE/symbol=RELIANCE/part-090459_506700-043386.parquet,real_data_sample\l2_unseen_validation\trade_date=2026-07-17\exchange=NSE\symbol=RELIANCE\part-090459_506700-043386.parquet,36359,downloaded,36359,
2026-07-17,NSE,RELIANCE,raw_l2/trade_date=2026-07-17/exchange=NSE/symbol=RELIANCE/part-090655_059981-043642.parquet,real_data_sample\l2_unseen_validation\trade_date=2026-07-17\exchange=NSE\symbol=RELIANCE\part-090655_059981-043642.parquet,36144,downloaded,36144,
2026-07-17,NSE,RELIANCE,raw_l2/trade_date=2026-07-17/exchange=NSE/symbol=RELIANCE/part-090401_260051-043258.parquet,real_data_sample\l2_unseen_validation\trade_date=2026-07-17\exchange=NSE\symbol=RELIANCE\part-090401_260051-043258.parquet,36570,downloaded,36570,
2026-07-17,NSE,RELIANCE,raw_l2/trade_date=2026-07-17/exchange=NSE/symbol=RELIANCE/part-090557_155613-043514.parquet,real_data_sample\l2_unseen_validation\trade_date=2026-07-17\exchange=NSE\symbol=RELIANCE\part-090557_155613-043514.parquet,35734,downloaded,35734,
2026-07-17,NSE,RELIANCE,raw_l2/trade_date=2026-07-17/exchange=NSE/symbol=RELIANCE/part-090626_080996-043578.parquet,real_data_sample\l2_unseen_validation\trade_date=2026-07-17\exchange=NSE\symbol=RELIANCE\part-090626_080996-043578.parquet,36718,downloaded,36718,
2026-07-17,NSE,RELIANCE,raw_l2/trade_date=2026-07-17/exchange=NSE/symbol=RELIANCE/part-090611_561483-043546.parquet,real_data_sample\l2_unseen_validation\trade_date=2026-07-17\exchange=NSE\symbol=RELIANCE\part-090611_561483-043546.parquet,36095,downloaded,36095,
2026-07-17,NSE,RELIANCE,raw_l2/trade_date=2026-07-17/exchange=NSE/symbol=RELIANCE/part-090723_993410-043706.parquet,real_data_sample\l2_unseen_validation\trade_date=2026-07-17\exchange=NSE\symbol=RELIANCE\part-090723_993410-043706.parquet,35772,downloaded,35772,
2026-07-17,NSE,RELIANCE,raw_l2/trade_date=2026-07-17/exchange=NSE/symbol=RELIANCE/part-090709_576163-043674.parquet,real_data_sample\l2_unseen_validation\trade_date=2026-07-17\exchange=NSE\symbol=RELIANCE\part-090709_576163-043674.parquet,36061,downloaded,36061,
2026-07-17,NSE,RELIANCE,raw_l2/trade_date=2026-07-17/exchange=NSE/symbol=RELIANCE/part-090752_612689-043770.parquet,real_data_sample\l2_unseen_validation\trade_date=2026-07-17\exchange=NSE\symbol=RELIANCE\part-090752_612689-043770.parquet,36012,downloaded,36012,
2026-07-17,NSE,RELIANCE,raw_l2/trade_date=2026-07-17/exchange=NSE/symbol=RELIANCE/part-090836_573686-043866.parquet,real_data_sample\l2_unseen_validation\trade_date=2026-07-17\exchange=NSE\symbol=RELIANCE\part-090836_573686-043866.parquet,36385,downloaded,36385,
2026-07-17,NSE,RELIANCE,raw_l2/trade_date=2026-07-17/exchange=NSE/symbol=RELIANCE/part-090738_197437-043738.parquet,real_data_sample\l2_unseen_validation\trade_date=2026-07-17\exchange=NSE\symbol=RELIANCE\part-090738_197437-043738.parquet,36245,downloaded,36245,
2026-07-17,NSE,RELIANCE,raw_l2/trade_date=2026-07-17/exchange=NSE/symbol=RELIANCE/part-090807_479758-043802.parquet,real_data_sample\l2_unseen_validation\trade_date=2026-07-17\exchange=NSE\symbol=RELIANCE\part-090807_479758-043802.parquet,36017,downloaded,36017,
2026-07-17,NSE,RELIANCE,raw_l2/trade_date=2026-07-17/exchange=NSE/symbol=RELIANCE/part-090821_857052-043834.parquet,real_data_sample\l2_unseen_validation\trade_date=2026-07-17\exchange=NSE\symbol=RELIANCE\part-090821_857052-043834.parquet,36343,downloaded,36343,
2026-07-17,NSE,RELIANCE,raw_l2/trade_date=2026-07-17/exchange=NSE/symbol=RELIANCE/part-090951_210695-044026.parquet,real_data_sample\l2_unseen_validation\trade_date=2026-07-17\exchange=NSE\symbol=RELIANCE\part-090951_210695-044026.parquet,36380,downloaded,36380,
2026-07-17,NSE,RELIANCE,raw_l2/trade_date=2026-07-17/exchange=NSE/symbol=RELIANCE/part-090921_227266-043962.parquet,real_data_sample\l2_unseen_validation\trade_date=2026-07-17\exchange=NSE\symbol=RELIANCE\part-090921_227266-043962.parquet,36079,downloaded,36079,
2026-07-17,NSE,RELIANCE,raw_l2/trade_date=2026-07-17/exchange=NSE/symbol=RELIANCE/part-090851_174635-043898.parquet,real_data_sample\l2_unseen_validation\trade_date=2026-07-17\exchange=NSE\symbol=RELIANCE\part-090851_174635-043898.parquet,36199,downloaded,36199,
2026-07-17,NSE,RELIANCE,raw_l2/trade_date=2026-07-17/exchange=NSE/symbol=RELIANCE/part-090935_783325-043994.parquet,real_data_sample\l2_unseen_validation\trade_date=2026-07-17\exchange=NSE\symbol=RELIANCE\part-090935_783325-043994.parquet,36307,downloaded,36307,
2026-07-17,NSE,RELIANCE,raw_l2/trade_date=2026-07-17/exchange=NSE/symbol=RELIANCE/part-090906_096907-043930.parquet,real_data_sample\l2_unseen_validation\trade_date=2026-07-17\exchange=NSE\symbol=RELIANCE\part-090906_096907-043930.parquet,36366,downloaded,36366,
2026-07-17,NSE,RELIANCE,raw_l2/trade_date=2026-07-17/exchange=NSE/symbol=RELIANCE/part-091020_608011-044090.parquet,real_data_sample\l2_unseen_validation\trade_date=2026-07-17\exchange=NSE\symbol=RELIANCE\part-091020_608011-044090.parquet,36595,downloaded,36595,
2026-07-17,NSE,RELIANCE,raw_l2/trade_date=2026-07-17/exchange=NSE/symbol=RELIANCE/part-091035_361479-044122.parquet,real_data_sample\l2_unseen_validation\trade_date=2026-07-17\exchange=NSE\symbol=RELIANCE\part-091035_361479-044122.parquet,36732,downloaded,36732,
2026-07-17,NSE,RELIANCE,raw_l2/trade_date=2026-07-17/exchange=NSE/symbol=RELIANCE/part-085827_681994-042522.parquet,real_data_sample\l2_unseen_validation\trade_date=2026-07-17\exchange=NSE\symbol=RELIANCE\part-085827_681994-042522.parquet,36472,downloaded,36472,
2026-07-17,NSE,RELIANCE,raw_l2/trade_date=2026-07-17/exchange=NSE/symbol=RELIANCE/part-091049_940493-044154.parquet,real_data_sample\l2_unseen_validation\trade_date=2026-07-17\exchange=NSE\symbol=RELIANCE\part-091049_940493-044154.parquet,36095,downloaded,36095,
2026-07-17,NSE,RELIANCE,raw_l2/trade_date=2026-07-17/exchange=NSE/symbol=RELIANCE/part-090542_951613-043482.parquet,real_data_sample\l2_unseen_validation\trade_date=2026-07-17\exchange=NSE\symbol=RELIANCE\part-090542_951613-043482.parquet,36023,downloaded,36023,
2026-07-17,NSE,RELIANCE,raw_l2/trade_date=2026-07-17/exchange=NSE/symbol=RELIANCE/part-091134_253978-044250.parquet,real_data_sample\l2_unseen_validation\trade_date=2026-07-17\exchange=NSE\symbol=RELIANCE\part-091134_253978-044250.parquet,36500,downloaded,36500,
2026-07-17,NSE,RELIANCE,raw_l2/trade_date=2026-07-17/exchange=NSE/symbol=RELIANCE/part-091148_629939-044282.parquet,real_data_sample\l2_unseen_validation\trade_date=2026-07-17\exchange=NSE\symbol=RELIANCE\part-091148_629939-044282.parquet,36260,downloaded,36260,
2026-07-17,NSE,RELIANCE,raw_l2/trade_date=2026-07-17/exchange=NSE/symbol=RELIANCE/part-091104_549319-044186.parquet,real_data_sample\l2_unseen_validation\trade_date=2026-07-17\exchange=NSE\symbol=RELIANCE\part-091104_549319-044186.parquet,36339,downloaded,36339,
2026-07-17,NSE,RELIANCE,raw_l2/trade_date=2026-07-17/exchange=NSE/symbol=RELIANCE/part-091234_052778-044378.parquet,real_data_sample\l2_unseen_validation\trade_date=2026-07-17\exchange=NSE\symbol=RELIANCE\part-091234_052778-044378.parquet,36066,downloaded,36066,
2026-07-17,NSE,RELIANCE,raw_l2/trade_date=2026-07-17/exchange=NSE/symbol=RELIANCE/part-091218_644288-044346.parquet,real_data_sample\l2_unseen_validation\trade_date=2026-07-17\exchange=NSE\symbol=RELIANCE\part-091218_644288-044346.parquet,36283,downloaded,36283,
2026-07-17,NSE,RELIANCE,raw_l2/trade_date=2026-07-17/exchange=NSE/symbol=RELIANCE/part-091119_450742-044218.parquet,real_data_sample\l2_unseen_validation\trade_date=2026-07-17\exchange=NSE\symbol=RELIANCE\part-091119_450742-044218.parquet,36128,downloaded,36128,
2026-07-17,NSE,RELIANCE,raw_l2/trade_date=2026-07-17/exchange=NSE/symbol=RELIANCE/part-091203_339324-044314.parquet,real_data_sample\l2_unseen_validation\trade_date=2026-07-17\exchange=NSE\symbol=RELIANCE\part-091203_339324-044314.parquet,36352,downloaded,36352,
2026-07-17,NSE,RELIANCE,raw_l2/trade_date=2026-07-17/exchange=NSE/symbol=RELIANCE/part-091248_552605-044410.parquet,real_data_sample\l2_unseen_validation\trade_date=2026-07-17\exchange=NSE\symbol=RELIANCE\part-091248_552605-044410.parquet,36433,downloaded,36433,
2026-07-17,NSE,RELIANCE,raw_l2/trade_date=2026-07-17/exchange=NSE/symbol=RELIANCE/part-091346_565062-044538.parquet,real_data_sample\l2_unseen_validation\trade_date=2026-07-17\exchange=NSE\symbol=RELIANCE\part-091346_565062-044538.parquet,35983,downloaded,35983,
2026-07-17,NSE,RELIANCE,raw_l2/trade_date=2026-07-17/exchange=NSE/symbol=RELIANCE/part-091332_088723-044506.parquet,real_data_sample\l2_unseen_validation\trade_date=2026-07-17\exchange=NSE\symbol=RELIANCE\part-091332_088723-044506.parquet,36567,downloaded,36567,
2026-07-17,NSE,RELIANCE,raw_l2/trade_date=2026-07-17/exchange=NSE/symbol=RELIANCE/part-091458_732273-044698.parquet,real_data_sample\l2_unseen_validation\trade_date=2026-07-17\exchange=NSE\symbol=RELIANCE\part-091458_732273-044698.parquet,36515,downloaded,36515,
2026-07-17,NSE,RELIANCE,raw_l2/trade_date=2026-07-17/exchange=NSE/symbol=RELIANCE/part-091429_860095-044634.parquet,real_data_sample\l2_unseen_validation\trade_date=2026-07-17\exchange=NSE\symbol=RELIANCE\part-091429_860095-044634.parquet,36152,downloaded,36152,
2026-07-17,NSE,RELIANCE,raw_l2/trade_date=2026-07-17/exchange=NSE/symbol=RELIANCE/part-091444_283417-044666.parquet,real_data_sample\l2_unseen_validation\trade_date=2026-07-17\exchange=NSE\symbol=RELIANCE\part-091444_283417-044666.parquet,36462,downloaded,36462,
2026-07-17,NSE,RELIANCE,raw_l2/trade_date=2026-07-17/exchange=NSE/symbol=RELIANCE/part-091513_064612-044730.parquet,real_data_sample\l2_unseen_validation\trade_date=2026-07-17\exchange=NSE\symbol=RELIANCE\part-091513_064612-044730.parquet,36183,downloaded,36183,
2026-07-17,NSE,RELIANCE,raw_l2/trade_date=2026-07-17/exchange=NSE/symbol=RELIANCE/part-091317_656971-044474.parquet,real_data_sample\l2_unseen_validation\trade_date=2026-07-17\exchange=NSE\symbol=RELIANCE\part-091317_656971-044474.parquet,36141,downloaded,36141,
2026-07-17,NSE,RELIANCE,raw_l2/trade_date=2026-07-17/exchange=NSE/symbol=RELIANCE/part-091541_596762-044794.parquet,real_data_sample\l2_unseen_validation\trade_date=2026-07-17\exchange=NSE\symbol=RELIANCE\part-091541_596762-044794.parquet,36386,downloaded,36386,
2026-07-17,NSE,RELIANCE,raw_l2/trade_date=2026-07-17/exchange=NSE/symbol=RELIANCE/part-091401_170702-044570.parquet,real_data_sample\l2_unseen_validation\trade_date=2026-07-17\exchange=NSE\symbol=RELIANCE\part-091401_170702-044570.parquet,35939,downloaded,35939,
2026-07-17,NSE,RELIANCE,raw_l2/trade_date=2026-07-17/exchange=NSE/symbol=RELIANCE/part-091556_320427-044826.parquet,real_data_sample\l2_unseen_validation\trade_date=2026-07-17\exchange=NSE\symbol=RELIANCE\part-091556_320427-044826.parquet,36072,downloaded,36072,
2026-07-17,NSE,RELIANCE,raw_l2/trade_date=2026-07-17/exchange=NSE/symbol=RELIANCE/part-091303_046628-044442.parquet,real_data_sample\l2_unseen_validation\trade_date=2026-07-17\exchange=NSE\symbol=RELIANCE\part-091303_046628-044442.parquet,36020,downloaded,36020,
2026-07-17,NSE,RELIANCE,raw_l2/trade_date=2026-07-17/exchange=NSE/symbol=RELIANCE/part-091610_806433-044858.parquet,real_data_sample\l2_unseen_validation\trade_date=2026-07-17\exchange=NSE\symbol=RELIANCE\part-091610_806433-044858.parquet,36476,downloaded,36476,
2026-07-17,NSE,RELIANCE,raw_l2/trade_date=2026-07-17/exchange=NSE/symbol=RELIANCE/part-091527_273636-044762.parquet,real_data_sample\l2_unseen_validation\trade_date=2026-07-17\exchange=NSE\symbol=RELIANCE\part-091527_273636-044762.parquet,36315,downloaded,36315,
2026-07-17,NSE,RELIANCE,raw_l2/trade_date=2026-07-17/exchange=NSE/symbol=RELIANCE/part-091415_420174-044602.parquet,real_data_sample\l2_unseen_validation\trade_date=2026-07-17\exchange=NSE\symbol=RELIANCE\part-091415_420174-044602.parquet,35919,downloaded,35919,
2026-07-17,NSE,RELIANCE,raw_l2/trade_date=2026-07-17/exchange=NSE/symbol=RELIANCE/part-091625_287834-044890.parquet,real_data_sample\l2_unseen_validation\trade_date=2026-07-17\exchange=NSE\symbol=RELIANCE\part-091625_287834-044890.parquet,36617,downloaded,36617,
2026-07-17,NSE,RELIANCE,raw_l2/trade_date=2026-07-17/exchange=NSE/symbol=RELIANCE/part-091006_305827-044058.parquet,real_data_sample\l2_unseen_validation\trade_date=2026-07-17\exchange=NSE\symbol=RELIANCE\part-091006_305827-044058.parquet,36366,downloaded,36366,
2026-07-17,NSE,RELIANCE,raw_l2/trade_date=2026-07-17/exchange=NSE/symbol=RELIANCE/part-091653_686930-044954.parquet,real_data_sample\l2_unseen_validation\trade_date=2026-07-17\exchange=NSE\symbol=RELIANCE\part-091653_686930-044954.parquet,36536,downloaded,36536,
2026-07-17,NSE,RELIANCE,raw_l2/trade_date=2026-07-17/exchange=NSE/symbol=RELIANCE/part-091722_045253-045018.parquet,real_data_sample\l2_unseen_validation\trade_date=2026-07-17\exchange=NSE\symbol=RELIANCE\part-091722_045253-045018.parquet,36266,downloaded,36266,
2026-07-17,NSE,RELIANCE,raw_l2/trade_date=2026-07-17/exchange=NSE/symbol=RELIANCE/part-091639_517882-044922.parquet,real_data_sample\l2_unseen_validation\trade_date=2026-07-17\exchange=NSE\symbol=RELIANCE\part-091639_517882-044922.parquet,36274,downloaded,36274,
2026-07-17,NSE,RELIANCE,raw_l2/trade_date=2026-07-17/exchange=NSE/symbol=RELIANCE/part-091707_956550-044986.parquet,real_data_sample\l2_unseen_validation\trade_date=2026-07-17\exchange=NSE\symbol=RELIANCE\part-091707_956550-044986.parquet,36487,downloaded,36487,
2026-07-17,NSE,RELIANCE,raw_l2/trade_date=2026-07-17/exchange=NSE/symbol=RELIANCE/part-091804_919670-045114.parquet,real_data_sample\l2_unseen_validation\trade_date=2026-07-17\exchange=NSE\symbol=RELIANCE\part-091804_919670-045114.parquet,36025,downloaded,36025,
2026-07-17,NSE,RELIANCE,raw_l2/trade_date=2026-07-17/exchange=NSE/symbol=RELIANCE/part-091736_197660-045050.parquet,real_data_sample\l2_unseen_validation\trade_date=2026-07-17\exchange=NSE\symbol=RELIANCE\part-091736_197660-045050.parquet,35675,downloaded,35675,
2026-07-17,NSE,RELIANCE,raw_l2/trade_date=2026-07-17/exchange=NSE/symbol=RELIANCE/part-091833_723155-045178.parquet,real_data_sample\l2_unseen_validation\trade_date=2026-07-17\exchange=NSE\symbol=RELIANCE\part-091833_723155-045178.parquet,36027,downloaded,36027,
2026-07-17,NSE,RELIANCE,raw_l2/trade_date=2026-07-17/exchange=NSE/symbol=RELIANCE/part-091917_077173-045274.parquet,real_data_sample\l2_unseen_validation\trade_date=2026-07-17\exchange=NSE\symbol=RELIANCE\part-091917_077173-045274.parquet,36299,downloaded,36299,
2026-07-17,NSE,RELIANCE,raw_l2/trade_date=2026-07-17/exchange=NSE/symbol=RELIANCE/part-091959_825808-045370.parquet,real_data_sample\l2_unseen_validation\trade_date=2026-07-17\exchange=NSE\symbol=RELIANCE\part-091959_825808-045370.parquet,36665,downloaded,36665,
2026-07-17,NSE,RELIANCE,raw_l2/trade_date=2026-07-17/exchange=NSE/symbol=RELIANCE/part-091945_507304-045338.parquet,real_data_sample\l2_unseen_validation\trade_date=2026-07-17\exchange=NSE\symbol=RELIANCE\part-091945_507304-045338.parquet,36043,downloaded,36043,
2026-07-17,NSE,RELIANCE,raw_l2/trade_date=2026-07-17/exchange=NSE/symbol=RELIANCE/part-091931_273017-045306.parquet,real_data_sample\l2_unseen_validation\trade_date=2026-07-17\exchange=NSE\symbol=RELIANCE\part-091931_273017-045306.parquet,36360,downloaded,36360,
2026-07-17,NSE,RELIANCE,raw_l2/trade_date=2026-07-17/exchange=NSE/symbol=RELIANCE/part-091902_588494-045242.parquet,real_data_sample\l2_unseen_validation\trade_date=2026-07-17\exchange=NSE\symbol=RELIANCE\part-091902_588494-045242.parquet,36501,downloaded,36501,
2026-07-17,NSE,RELIANCE,raw_l2/trade_date=2026-07-17/exchange=NSE/symbol=RELIANCE/part-091848_029193-045210.parquet,real_data_sample\l2_unseen_validation\trade_date=2026-07-17\exchange=NSE\symbol=RELIANCE\part-091848_029193-045210.parquet,36188,downloaded,36188,
2026-07-17,NSE,RELIANCE,raw_l2/trade_date=2026-07-17/exchange=NSE/symbol=RELIANCE/part-092042_661729-045466.parquet,real_data_sample\l2_unseen_validation\trade_date=2026-07-17\exchange=NSE\symbol=RELIANCE\part-092042_661729-045466.parquet,36190,downloaded,36190,
2026-07-17,NSE,RELIANCE,raw_l2/trade_date=2026-07-17/exchange=NSE/symbol=RELIANCE/part-092028_462593-045434.parquet,real_data_sample\l2_unseen_validation\trade_date=2026-07-17\exchange=NSE\symbol=RELIANCE\part-092028_462593-045434.parquet,36288,downloaded,36288,
2026-07-17,NSE,RELIANCE,raw_l2/trade_date=2026-07-17/exchange=NSE/symbol=RELIANCE/part-092014_117650-045402.parquet,real_data_sample\l2_unseen_validation\trade_date=2026-07-17\exchange=NSE\symbol=RELIANCE\part-092014_117650-045402.parquet,36253,downloaded,36253,
2026-07-17,NSE,RELIANCE,raw_l2/trade_date=2026-07-17/exchange=NSE/symbol=RELIANCE/part-092057_167446-045498.parquet,real_data_sample\l2_unseen_validation\trade_date=2026-07-17\exchange=NSE\symbol=RELIANCE\part-092057_167446-045498.parquet,36663,downloaded,36663,
2026-07-17,NSE,RELIANCE,raw_l2/trade_date=2026-07-17/exchange=NSE/symbol=RELIANCE/part-092306_578104-045786.parquet,real_data_sample\l2_unseen_validation\trade_date=2026-07-17\exchange=NSE\symbol=RELIANCE\part-092306_578104-045786.parquet,36454,downloaded,36454,
2026-07-17,NSE,RELIANCE,raw_l2/trade_date=2026-07-17/exchange=NSE/symbol=RELIANCE/part-092125_794172-045562.parquet,real_data_sample\l2_unseen_validation\trade_date=2026-07-17\exchange=NSE\symbol=RELIANCE\part-092125_794172-045562.parquet,36374,downloaded,36374,
2026-07-17,NSE,RELIANCE,raw_l2/trade_date=2026-07-17/exchange=NSE/symbol=RELIANCE/part-092140_479574-045594.parquet,real_data_sample\l2_unseen_validation\trade_date=2026-07-17\exchange=NSE\symbol=RELIANCE\part-092140_479574-045594.parquet,35957,downloaded,35957,
2026-07-17,NSE,RELIANCE,raw_l2/trade_date=2026-07-17/exchange=NSE/symbol=RELIANCE/part-092111_430491-045530.parquet,real_data_sample\l2_unseen_validation\trade_date=2026-07-17\exchange=NSE\symbol=RELIANCE\part-092111_430491-045530.parquet,36123,downloaded,36123,
2026-07-17,NSE,RELIANCE,raw_l2/trade_date=2026-07-17/exchange=NSE/symbol=RELIANCE/part-092154_711856-045626.parquet,real_data_sample\l2_unseen_validation\trade_date=2026-07-17\exchange=NSE\symbol=RELIANCE\part-092154_711856-045626.parquet,36781,downloaded,36781,
2026-07-17,NSE,RELIANCE,raw_l2/trade_date=2026-07-17/exchange=NSE/symbol=RELIANCE/part-092208_964617-045658.parquet,real_data_sample\l2_unseen_validation\trade_date=2026-07-17\exchange=NSE\symbol=RELIANCE\part-092208_964617-045658.parquet,36111,downloaded,36111,
2026-07-17,NSE,RELIANCE,raw_l2/trade_date=2026-07-17/exchange=NSE/symbol=RELIANCE/part-092223_252725-045690.parquet,real_data_sample\l2_unseen_validation\trade_date=2026-07-17\exchange=NSE\symbol=RELIANCE\part-092223_252725-045690.parquet,36494,downloaded,36494,
2026-07-17,NSE,RELIANCE,raw_l2/trade_date=2026-07-17/exchange=NSE/symbol=RELIANCE/part-092321_042864-045818.parquet,real_data_sample\l2_unseen_validation\trade_date=2026-07-17\exchange=NSE\symbol=RELIANCE\part-092321_042864-045818.parquet,36249,downloaded,36249,
2026-07-17,NSE,RELIANCE,raw_l2/trade_date=2026-07-17/exchange=NSE/symbol=RELIANCE/part-092237_590352-045722.parquet,real_data_sample\l2_unseen_validation\trade_date=2026-07-17\exchange=NSE\symbol=RELIANCE\part-092237_590352-045722.parquet,36272,downloaded,36272,
2026-07-17,NSE,RELIANCE,raw_l2/trade_date=2026-07-17/exchange=NSE/symbol=RELIANCE/part-092335_732820-045850.parquet,real_data_sample\l2_unseen_validation\trade_date=2026-07-17\exchange=NSE\symbol=RELIANCE\part-092335_732820-045850.parquet,35777,downloaded,35777,
2026-07-17,NSE,RELIANCE,raw_l2/trade_date=2026-07-17/exchange=NSE/symbol=RELIANCE/part-092419_033843-045946.parquet,real_data_sample\l2_unseen_validation\trade_date=2026-07-17\exchange=NSE\symbol=RELIANCE\part-092419_033843-045946.parquet,36397,downloaded,36397,
2026-07-17,NSE,RELIANCE,raw_l2/trade_date=2026-07-17/exchange=NSE/symbol=RELIANCE/part-092252_000836-045754.parquet,real_data_sample\l2_unseen_validation\trade_date=2026-07-17\exchange=NSE\symbol=RELIANCE\part-092252_000836-045754.parquet,36233,downloaded,36233,
2026-07-17,NSE,RELIANCE,raw_l2/trade_date=2026-07-17/exchange=NSE/symbol=RELIANCE/part-092350_045655-045882.parquet,real_data_sample\l2_unseen_validation\trade_date=2026-07-17\exchange=NSE\symbol=RELIANCE\part-092350_045655-045882.parquet,36328,downloaded,36328,
2026-07-17,NSE,RELIANCE,raw_l2/trade_date=2026-07-17/exchange=NSE/symbol=RELIANCE/part-091750_370171-045082.parquet,real_data_sample\l2_unseen_validation\trade_date=2026-07-17\exchange=NSE\symbol=RELIANCE\part-091750_370171-045082.parquet,36440,downloaded,36440,
2026-07-17,NSE,RELIANCE,raw_l2/trade_date=2026-07-17/exchange=NSE/symbol=RELIANCE/part-092433_768290-045978.parquet,real_data_sample\l2_unseen_validation\trade_date=2026-07-17\exchange=NSE\symbol=RELIANCE\part-092433_768290-045978.parquet,36289,downloaded,36289,
2026-07-17,NSE,RELIANCE,raw_l2/trade_date=2026-07-17/exchange=NSE/symbol=RELIANCE/part-092502_833233-046042.parquet,real_data_sample\l2_unseen_validation\trade_date=2026-07-17\exchange=NSE\symbol=RELIANCE\part-092502_833233-046042.parquet,36501,downloaded,36501,
2026-07-17,NSE,RELIANCE,raw_l2/trade_date=2026-07-17/exchange=NSE/symbol=RELIANCE/part-091819_336935-045146.parquet,real_data_sample\l2_unseen_validation\trade_date=2026-07-17\exchange=NSE\symbol=RELIANCE\part-091819_336935-045146.parquet,36200,downloaded,36200,
2026-07-17,NSE,RELIANCE,raw_l2/trade_date=2026-07-17/exchange=NSE/symbol=RELIANCE/part-092447_995935-046010.parquet,real_data_sample\l2_unseen_validation\trade_date=2026-07-17\exchange=NSE\symbol=RELIANCE\part-092447_995935-046010.parquet,36116,downloaded,36116,
2026-07-17,NSE,RELIANCE,raw_l2/trade_date=2026-07-17/exchange=NSE/symbol=RELIANCE/part-092546_431849-046138.parquet,real_data_sample\l2_unseen_validation\trade_date=2026-07-17\exchange=NSE\symbol=RELIANCE\part-092546_431849-046138.parquet,35959,downloaded,35959,
2026-07-17,NSE,RELIANCE,raw_l2/trade_date=2026-07-17/exchange=NSE/symbol=RELIANCE/part-092517_315377-046074.parquet,real_data_sample\l2_unseen_validation\trade_date=2026-07-17\exchange=NSE\symbol=RELIANCE\part-092517_315377-046074.parquet,36653,downloaded,36653,
2026-07-17,NSE,RELIANCE,raw_l2/trade_date=2026-07-17/exchange=NSE/symbol=RELIANCE/part-092531_844321-046106.parquet,real_data_sample\l2_unseen_validation\trade_date=2026-07-17\exchange=NSE\symbol=RELIANCE\part-092531_844321-046106.parquet,36379,downloaded,36379,
2026-07-17,NSE,RELIANCE,raw_l2/trade_date=2026-07-17/exchange=NSE/symbol=RELIANCE/part-092615_822143-046202.parquet,real_data_sample\l2_unseen_validation\trade_date=2026-07-17\exchange=NSE\symbol=RELIANCE\part-092615_822143-046202.parquet,36076,downloaded,36076,
2026-07-17,NSE,RELIANCE,raw_l2/trade_date=2026-07-17/exchange=NSE/symbol=RELIANCE/part-092631_087219-046234.parquet,real_data_sample\l2_unseen_validation\trade_date=2026-07-17\exchange=NSE\symbol=RELIANCE\part-092631_087219-046234.parquet,36029,downloaded,36029,
2026-07-17,NSE,RELIANCE,raw_l2/trade_date=2026-07-17/exchange=NSE/symbol=RELIANCE/part-092601_054975-046170.parquet,real_data_sample\l2_unseen_validation\trade_date=2026-07-17\exchange=NSE\symbol=RELIANCE\part-092601_054975-046170.parquet,36148,downloaded,36148,
2026-07-17,NSE,RELIANCE,raw_l2/trade_date=2026-07-17/exchange=NSE/symbol=RELIANCE/part-092659_711591-046298.parquet,real_data_sample\l2_unseen_validation\trade_date=2026-07-17\exchange=NSE\symbol=RELIANCE\part-092659_711591-046298.parquet,35826,downloaded,35826,
2026-07-17,NSE,RELIANCE,raw_l2/trade_date=2026-07-17/exchange=NSE/symbol=RELIANCE/part-092714_043736-046330.parquet,real_data_sample\l2_unseen_validation\trade_date=2026-07-17\exchange=NSE\symbol=RELIANCE\part-092714_043736-046330.parquet,35659,downloaded,35659,
2026-07-17,NSE,RELIANCE,raw_l2/trade_date=2026-07-17/exchange=NSE/symbol=RELIANCE/part-092645_462783-046266.parquet,real_data_sample\l2_unseen_validation\trade_date=2026-07-17\exchange=NSE\symbol=RELIANCE\part-092645_462783-046266.parquet,35973,downloaded,35973,
2026-07-17,NSE,RELIANCE,raw_l2/trade_date=2026-07-17/exchange=NSE/symbol=RELIANCE/part-092728_484893-046362.parquet,real_data_sample\l2_unseen_validation\trade_date=2026-07-17\exchange=NSE\symbol=RELIANCE\part-092728_484893-046362.parquet,36009,downloaded,36009,
2026-07-17,NSE,RELIANCE,raw_l2/trade_date=2026-07-17/exchange=NSE/symbol=RELIANCE/part-092742_929371-046394.parquet,real_data_sample\l2_unseen_validation\trade_date=2026-07-17\exchange=NSE\symbol=RELIANCE\part-092742_929371-046394.parquet,36530,downloaded,36530,
2026-07-17,NSE,RELIANCE,raw_l2/trade_date=2026-07-17/exchange=NSE/symbol=RELIANCE/part-092757_301435-046426.parquet,real_data_sample\l2_unseen_validation\trade_date=2026-07-17\exchange=NSE\symbol=RELIANCE\part-092757_301435-046426.parquet,36256,downloaded,36256,
2026-07-17,NSE,RELIANCE,raw_l2/trade_date=2026-07-17/exchange=NSE/symbol=RELIANCE/part-092953_561228-046682.parquet,real_data_sample\l2_unseen_validation\trade_date=2026-07-17\exchange=NSE\symbol=RELIANCE\part-092953_561228-046682.parquet,36181,downloaded,36181,
2026-07-17,NSE,RELIANCE,raw_l2/trade_date=2026-07-17/exchange=NSE/symbol=RELIANCE/part-092404_640574-045914.parquet,real_data_sample\l2_unseen_validation\trade_date=2026-07-17\exchange=NSE\symbol=RELIANCE\part-092404_640574-045914.parquet,36476,downloaded,36476,
2026-07-17,NSE,RELIANCE,raw_l2/trade_date=2026-07-17/exchange=NSE/symbol=RELIANCE/part-093203_357047-046970.parquet,real_data_sample\l2_unseen_validation\trade_date=2026-07-17\exchange=NSE\symbol=RELIANCE\part-093203_357047-046970.parquet,36000,downloaded,36000,
2026-07-17,NSE,RELIANCE,raw_l2/trade_date=2026-07-17/exchange=NSE/symbol=RELIANCE/part-093149_034731-046938.parquet,real_data_sample\l2_unseen_validation\trade_date=2026-07-17\exchange=NSE\symbol=RELIANCE\part-093149_034731-046938.parquet,35887,downloaded,35887,
2026-07-17,NSE,RELIANCE,raw_l2/trade_date=2026-07-17/exchange=NSE/symbol=RELIANCE/part-093259_767913-047098.parquet,real_data_sample\l2_unseen_validation\trade_date=2026-07-17\exchange=NSE\symbol=RELIANCE\part-093259_767913-047098.parquet,36616,downloaded,36616,
2026-07-17,NSE,RELIANCE,raw_l2/trade_date=2026-07-17/exchange=NSE/symbol=RELIANCE/part-093106_034733-046842.parquet,real_data_sample\l2_unseen_validation\trade_date=2026-07-17\exchange=NSE\symbol=RELIANCE\part-093106_034733-046842.parquet,36226,downloaded,36226,
2026-07-17,NSE,RELIANCE,raw_l2/trade_date=2026-07-17/exchange=NSE/symbol=RELIANCE/part-093120_341501-046874.parquet,real_data_sample\l2_unseen_validation\trade_date=2026-07-17\exchange=NSE\symbol=RELIANCE\part-093120_341501-046874.parquet,36072,downloaded,36072,
2026-07-17,NSE,RELIANCE,raw_l2/trade_date=2026-07-17/exchange=NSE/symbol=RELIANCE/part-093231_408969-047034.parquet,real_data_sample\l2_unseen_validation\trade_date=2026-07-17\exchange=NSE\symbol=RELIANCE\part-093231_408969-047034.parquet,36509,downloaded,36509,
2026-07-17,NSE,RELIANCE,raw_l2/trade_date=2026-07-17/exchange=NSE/symbol=RELIANCE/part-093051_769924-046810.parquet,real_data_sample\l2_unseen_validation\trade_date=2026-07-17\exchange=NSE\symbol=RELIANCE\part-093051_769924-046810.parquet,36129,downloaded,36129,
2026-07-17,NSE,RELIANCE,raw_l2/trade_date=2026-07-17/exchange=NSE/symbol=RELIANCE/part-093314_113721-047130.parquet,real_data_sample\l2_unseen_validation\trade_date=2026-07-17\exchange=NSE\symbol=RELIANCE\part-093314_113721-047130.parquet,36315,downloaded,36315,
2026-07-17,NSE,RELIANCE,raw_l2/trade_date=2026-07-17/exchange=NSE/symbol=RELIANCE/part-093452_849564-047354.parquet,real_data_sample\l2_unseen_validation\trade_date=2026-07-17\exchange=NSE\symbol=RELIANCE\part-093452_849564-047354.parquet,36153,downloaded,36153,
2026-07-17,NSE,RELIANCE,raw_l2/trade_date=2026-07-17/exchange=NSE/symbol=RELIANCE/part-093328_313203-047162.parquet,real_data_sample\l2_unseen_validation\trade_date=2026-07-17\exchange=NSE\symbol=RELIANCE\part-093328_313203-047162.parquet,35758,downloaded,35758,
2026-07-17,NSE,RELIANCE,raw_l2/trade_date=2026-07-17/exchange=NSE/symbol=RELIANCE/part-093342_456501-047194.parquet,real_data_sample\l2_unseen_validation\trade_date=2026-07-17\exchange=NSE\symbol=RELIANCE\part-093342_456501-047194.parquet,36414,downloaded,36414,
2026-07-17,NSE,RELIANCE,raw_l2/trade_date=2026-07-17/exchange=NSE/symbol=RELIANCE/part-093507_358980-047386.parquet,real_data_sample\l2_unseen_validation\trade_date=2026-07-17\exchange=NSE\symbol=RELIANCE\part-093507_358980-047386.parquet,36754,downloaded,36754,
2026-07-17,NSE,RELIANCE,raw_l2/trade_date=2026-07-17/exchange=NSE/symbol=RELIANCE/part-093438_752533-047322.parquet,real_data_sample\l2_unseen_validation\trade_date=2026-07-17\exchange=NSE\symbol=RELIANCE\part-093438_752533-047322.parquet,36196,downloaded,36196,
2026-07-17,NSE,RELIANCE,raw_l2/trade_date=2026-07-17/exchange=NSE/symbol=RELIANCE/part-093356_512942-047226.parquet,real_data_sample\l2_unseen_validation\trade_date=2026-07-17\exchange=NSE\symbol=RELIANCE\part-093356_512942-047226.parquet,36393,downloaded,36393,
2026-07-17,NSE,RELIANCE,raw_l2/trade_date=2026-07-17/exchange=NSE/symbol=RELIANCE/part-093424_566903-047290.parquet,real_data_sample\l2_unseen_validation\trade_date=2026-07-17\exchange=NSE\symbol=RELIANCE\part-093424_566903-047290.parquet,35770,downloaded,35770,
2026-07-17,NSE,RELIANCE,raw_l2/trade_date=2026-07-17/exchange=NSE/symbol=RELIANCE/part-093410_570558-047258.parquet,real_data_sample\l2_unseen_validation\trade_date=2026-07-17\exchange=NSE\symbol=RELIANCE\part-093410_570558-047258.parquet,36135,downloaded,36135,
2026-07-17,NSE,RELIANCE,raw_l2/trade_date=2026-07-17/exchange=NSE/symbol=RELIANCE/part-093217_266787-047002.parquet,real_data_sample\l2_unseen_validation\trade_date=2026-07-17\exchange=NSE\symbol=RELIANCE\part-093217_266787-047002.parquet,35957,downloaded,35957,
2026-07-17,NSE,RELIANCE,raw_l2/trade_date=2026-07-17/exchange=NSE/symbol=RELIANCE/part-093521_698183-047418.parquet,real_data_sample\l2_unseen_validation\trade_date=2026-07-17\exchange=NSE\symbol=RELIANCE\part-093521_698183-047418.parquet,36164,downloaded,36164,
2026-07-17,NSE,RELIANCE,raw_l2/trade_date=2026-07-17/exchange=NSE/symbol=RELIANCE/part-093134_620499-046906.parquet,real_data_sample\l2_unseen_validation\trade_date=2026-07-17\exchange=NSE\symbol=RELIANCE\part-093134_620499-046906.parquet,36248,downloaded,36248,
2026-07-17,NSE,RELIANCE,raw_l2/trade_date=2026-07-17/exchange=NSE/symbol=RELIANCE/part-093535_942377-047450.parquet,real_data_sample\l2_unseen_validation\trade_date=2026-07-17\exchange=NSE\symbol=RELIANCE\part-093535_942377-047450.parquet,36196,downloaded,36196,
2026-07-17,NSE,RELIANCE,raw_l2/trade_date=2026-07-17/exchange=NSE/symbol=RELIANCE/part-093604_822126-047514.parquet,real_data_sample\l2_unseen_validation\trade_date=2026-07-17\exchange=NSE\symbol=RELIANCE\part-093604_822126-047514.parquet,35872,downloaded,35872,
2026-07-17,NSE,RELIANCE,raw_l2/trade_date=2026-07-17/exchange=NSE/symbol=RELIANCE/part-093619_209482-047546.parquet,real_data_sample\l2_unseen_validation\trade_date=2026-07-17\exchange=NSE\symbol=RELIANCE\part-093619_209482-047546.parquet,35703,downloaded,35703,
2026-07-17,NSE,RELIANCE,raw_l2/trade_date=2026-07-17/exchange=NSE/symbol=RELIANCE/part-093550_264496-047482.parquet,real_data_sample\l2_unseen_validation\trade_date=2026-07-17\exchange=NSE\symbol=RELIANCE\part-093550_264496-047482.parquet,35931,downloaded,35931,
2026-07-17,NSE,RELIANCE,raw_l2/trade_date=2026-07-17/exchange=NSE/symbol=RELIANCE/part-093633_435779-047578.parquet,real_data_sample\l2_unseen_validation\trade_date=2026-07-17\exchange=NSE\symbol=RELIANCE\part-093633_435779-047578.parquet,35995,downloaded,35995,
2026-07-17,NSE,RELIANCE,raw_l2/trade_date=2026-07-17/exchange=NSE/symbol=RELIANCE/part-093701_544144-047642.parquet,real_data_sample\l2_unseen_validation\trade_date=2026-07-17\exchange=NSE\symbol=RELIANCE\part-093701_544144-047642.parquet,36191,downloaded,36191,
2026-07-17,NSE,RELIANCE,raw_l2/trade_date=2026-07-17/exchange=NSE/symbol=RELIANCE/part-093715_579527-047674.parquet,real_data_sample\l2_unseen_validation\trade_date=2026-07-17\exchange=NSE\symbol=RELIANCE\part-093715_579527-047674.parquet,36023,downloaded,36023,
2026-07-17,NSE,RELIANCE,raw_l2/trade_date=2026-07-17/exchange=NSE/symbol=RELIANCE/part-093729_443732-047706.parquet,real_data_sample\l2_unseen_validation\trade_date=2026-07-17\exchange=NSE\symbol=RELIANCE\part-093729_443732-047706.parquet,35701,downloaded,35701,
2026-07-17,NSE,RELIANCE,raw_l2/trade_date=2026-07-17/exchange=NSE/symbol=RELIANCE/part-093647_522486-047610.parquet,real_data_sample\l2_unseen_validation\trade_date=2026-07-17\exchange=NSE\symbol=RELIANCE\part-093647_522486-047610.parquet,36127,downloaded,36127,
2026-07-17,NSE,RELIANCE,raw_l2/trade_date=2026-07-17/exchange=NSE/symbol=RELIANCE/part-093757_585314-047770.parquet,real_data_sample\l2_unseen_validation\trade_date=2026-07-17\exchange=NSE\symbol=RELIANCE\part-093757_585314-047770.parquet,35936,downloaded,35936,
2026-07-17,NSE,RELIANCE,raw_l2/trade_date=2026-07-17/exchange=NSE/symbol=RELIANCE/part-093854_388132-047898.parquet,real_data_sample\l2_unseen_validation\trade_date=2026-07-17\exchange=NSE\symbol=RELIANCE\part-093854_388132-047898.parquet,34762,downloaded,34762,
2026-07-17,NSE,RELIANCE,raw_l2/trade_date=2026-07-17/exchange=NSE/symbol=RELIANCE/part-093840_248483-047866.parquet,real_data_sample\l2_unseen_validation\trade_date=2026-07-17\exchange=NSE\symbol=RELIANCE\part-093840_248483-047866.parquet,34547,downloaded,34547,
2026-07-17,NSE,RELIANCE,raw_l2/trade_date=2026-07-17/exchange=NSE/symbol=RELIANCE/part-093825_906739-047834.parquet,real_data_sample\l2_unseen_validation\trade_date=2026-07-17\exchange=NSE\symbol=RELIANCE\part-093825_906739-047834.parquet,34652,downloaded,34652,
2026-07-17,NSE,RELIANCE,raw_l2/trade_date=2026-07-17/exchange=NSE/symbol=RELIANCE/part-093811_669052-047802.parquet,real_data_sample\l2_unseen_validation\trade_date=2026-07-17\exchange=NSE\symbol=RELIANCE\part-093811_669052-047802.parquet,35813,downloaded,35813,
2026-07-17,NSE,RELIANCE,raw_l2/trade_date=2026-07-17/exchange=NSE/symbol=RELIANCE/part-093743_442368-047738.parquet,real_data_sample\l2_unseen_validation\trade_date=2026-07-17\exchange=NSE\symbol=RELIANCE\part-093743_442368-047738.parquet,35638,downloaded,35638,
2026-07-17,NSE,RELIANCE,raw_l2/trade_date=2026-07-17/exchange=NSE/symbol=RELIANCE/part-093908_963401-047930.parquet,real_data_sample\l2_unseen_validation\trade_date=2026-07-17\exchange=NSE\symbol=RELIANCE\part-093908_963401-047930.parquet,34594,downloaded,34594,
2026-07-17,NSE,RELIANCE,raw_l2/trade_date=2026-07-17/exchange=NSE/symbol=RELIANCE/part-094006_389057-048058.parquet,real_data_sample\l2_unseen_validation\trade_date=2026-07-17\exchange=NSE\symbol=RELIANCE\part-094006_389057-048058.parquet,36271,downloaded,36271,
2026-07-17,NSE,RELIANCE,raw_l2/trade_date=2026-07-17/exchange=NSE/symbol=RELIANCE/part-093923_460527-047962.parquet,real_data_sample\l2_unseen_validation\trade_date=2026-07-17\exchange=NSE\symbol=RELIANCE\part-093923_460527-047962.parquet,35945,downloaded,35945,
2026-07-17,NSE,RELIANCE,raw_l2/trade_date=2026-07-17/exchange=NSE/symbol=RELIANCE/part-093937_687612-047994.parquet,real_data_sample\l2_unseen_validation\trade_date=2026-07-17\exchange=NSE\symbol=RELIANCE\part-093937_687612-047994.parquet,36421,downloaded,36421,
2026-07-17,NSE,RELIANCE,raw_l2/trade_date=2026-07-17/exchange=NSE/symbol=RELIANCE/part-093952_138275-048026.parquet,real_data_sample\l2_unseen_validation\trade_date=2026-07-17\exchange=NSE\symbol=RELIANCE\part-093952_138275-048026.parquet,35905,downloaded,35905,
2026-07-17,NSE,RELIANCE,raw_l2/trade_date=2026-07-17/exchange=NSE/symbol=RELIANCE/part-094049_215537-048154.parquet,real_data_sample\l2_unseen_validation\trade_date=2026-07-17\exchange=NSE\symbol=RELIANCE\part-094049_215537-048154.parquet,36433,downloaded,36433,
2026-07-17,NSE,RELIANCE,raw_l2/trade_date=2026-07-17/exchange=NSE/symbol=RELIANCE/part-094034_957274-048122.parquet,real_data_sample\l2_unseen_validation\trade_date=2026-07-17\exchange=NSE\symbol=RELIANCE\part-094034_957274-048122.parquet,36063,downloaded,36063,
2026-07-17,NSE,RELIANCE,raw_l2/trade_date=2026-07-17/exchange=NSE/symbol=RELIANCE/part-094020_568403-048090.parquet,real_data_sample\l2_unseen_validation\trade_date=2026-07-17\exchange=NSE\symbol=RELIANCE\part-094020_568403-048090.parquet,36293,downloaded,36293,
2026-07-17,NSE,RELIANCE,raw_l2/trade_date=2026-07-17/exchange=NSE/symbol=RELIANCE/part-094118_135163-048218.parquet,real_data_sample\l2_unseen_validation\trade_date=2026-07-17\exchange=NSE\symbol=RELIANCE\part-094118_135163-048218.parquet,36430,downloaded,36430,
2026-07-17,NSE,RELIANCE,raw_l2/trade_date=2026-07-17/exchange=NSE/symbol=RELIANCE/part-094103_643137-048186.parquet,real_data_sample\l2_unseen_validation\trade_date=2026-07-17\exchange=NSE\symbol=RELIANCE\part-094103_643137-048186.parquet,36650,downloaded,36650,
2026-07-17,NSE,RELIANCE,raw_l2/trade_date=2026-07-17/exchange=NSE/symbol=RELIANCE/part-094132_406868-048250.parquet,real_data_sample\l2_unseen_validation\trade_date=2026-07-17\exchange=NSE\symbol=RELIANCE\part-094132_406868-048250.parquet,36200,downloaded,36200,
2026-07-17,NSE,RELIANCE,raw_l2/trade_date=2026-07-17/exchange=NSE/symbol=RELIANCE/part-094201_336596-048314.parquet,real_data_sample\l2_unseen_validation\trade_date=2026-07-17\exchange=NSE\symbol=RELIANCE\part-094201_336596-048314.parquet,36118,downloaded,36118,
2026-07-17,NSE,RELIANCE,raw_l2/trade_date=2026-07-17/exchange=NSE/symbol=RELIANCE/part-094146_869479-048282.parquet,real_data_sample\l2_unseen_validation\trade_date=2026-07-17\exchange=NSE\symbol=RELIANCE\part-094146_869479-048282.parquet,36116,downloaded,36116,
2026-07-17,NSE,RELIANCE,raw_l2/trade_date=2026-07-17/exchange=NSE/symbol=RELIANCE/part-094215_671454-048346.parquet,real_data_sample\l2_unseen_validation\trade_date=2026-07-17\exchange=NSE\symbol=RELIANCE\part-094215_671454-048346.parquet,36232,downloaded,36232,
2026-07-17,NSE,RELIANCE,raw_l2/trade_date=2026-07-17/exchange=NSE/symbol=RELIANCE/part-094230_125927-048378.parquet,real_data_sample\l2_unseen_validation\trade_date=2026-07-17\exchange=NSE\symbol=RELIANCE\part-094230_125927-048378.parquet,36348,downloaded,36348,
2026-07-17,NSE,RELIANCE,raw_l2/trade_date=2026-07-17/exchange=NSE/symbol=RELIANCE/part-094244_432871-048410.parquet,real_data_sample\l2_unseen_validation\trade_date=2026-07-17\exchange=NSE\symbol=RELIANCE\part-094244_432871-048410.parquet,36240,downloaded,36240,
2026-07-17,NSE,RELIANCE,raw_l2/trade_date=2026-07-17/exchange=NSE/symbol=RELIANCE/part-094312_693819-048474.parquet,real_data_sample\l2_unseen_validation\trade_date=2026-07-17\exchange=NSE\symbol=RELIANCE\part-094312_693819-048474.parquet,36589,downloaded,36589,
2026-07-17,NSE,RELIANCE,raw_l2/trade_date=2026-07-17/exchange=NSE/symbol=RELIANCE/part-094258_570869-048442.parquet,real_data_sample\l2_unseen_validation\trade_date=2026-07-17\exchange=NSE\symbol=RELIANCE\part-094258_570869-048442.parquet,36060,downloaded,36060,
2026-07-17,NSE,RELIANCE,raw_l2/trade_date=2026-07-17/exchange=NSE/symbol=RELIANCE/part-094341_364160-048538.parquet,real_data_sample\l2_unseen_validation\trade_date=2026-07-17\exchange=NSE\symbol=RELIANCE\part-094341_364160-048538.parquet,36132,downloaded,36132,
2026-07-17,NSE,RELIANCE,raw_l2/trade_date=2026-07-17/exchange=NSE/symbol=RELIANCE/part-094326_992015-048506.parquet,real_data_sample\l2_unseen_validation\trade_date=2026-07-17\exchange=NSE\symbol=RELIANCE\part-094326_992015-048506.parquet,35952,downloaded,35952,
2026-07-17,NSE,RELIANCE,raw_l2/trade_date=2026-07-17/exchange=NSE/symbol=RELIANCE/part-094355_828491-048570.parquet,real_data_sample\l2_unseen_validation\trade_date=2026-07-17\exchange=NSE\symbol=RELIANCE\part-094355_828491-048570.parquet,36294,downloaded,36294,
2026-07-17,NSE,RELIANCE,raw_l2/trade_date=2026-07-17/exchange=NSE/symbol=RELIANCE/part-094424_518617-048634.parquet,real_data_sample\l2_unseen_validation\trade_date=2026-07-17\exchange=NSE\symbol=RELIANCE\part-094424_518617-048634.parquet,36632,downloaded,36632,
2026-07-17,NSE,RELIANCE,raw_l2/trade_date=2026-07-17/exchange=NSE/symbol=RELIANCE/part-094410_295755-048602.parquet,real_data_sample\l2_unseen_validation\trade_date=2026-07-17\exchange=NSE\symbol=RELIANCE\part-094410_295755-048602.parquet,36380,downloaded,36380,
2026-07-17,NSE,RELIANCE,raw_l2/trade_date=2026-07-17/exchange=NSE/symbol=RELIANCE/part-094438_846088-048666.parquet,real_data_sample\l2_unseen_validation\trade_date=2026-07-17\exchange=NSE\symbol=RELIANCE\part-094438_846088-048666.parquet,36475,downloaded,36475,
2026-07-17,NSE,RELIANCE,raw_l2/trade_date=2026-07-17/exchange=NSE/symbol=RELIANCE/part-094507_403657-048730.parquet,real_data_sample\l2_unseen_validation\trade_date=2026-07-17\exchange=NSE\symbol=RELIANCE\part-094507_403657-048730.parquet,36021,downloaded,36021,
2026-07-17,NSE,RELIANCE,raw_l2/trade_date=2026-07-17/exchange=NSE/symbol=RELIANCE/part-094453_146719-048698.parquet,real_data_sample\l2_unseen_validation\trade_date=2026-07-17\exchange=NSE\symbol=RELIANCE\part-094453_146719-048698.parquet,36331,downloaded,36331,
2026-07-17,NSE,RELIANCE,raw_l2/trade_date=2026-07-17/exchange=NSE/symbol=RELIANCE/part-094604_426424-048858.parquet,real_data_sample\l2_unseen_validation\trade_date=2026-07-17\exchange=NSE\symbol=RELIANCE\part-094604_426424-048858.parquet,36537,downloaded,36537,
2026-07-17,NSE,RELIANCE,raw_l2/trade_date=2026-07-17/exchange=NSE/symbol=RELIANCE/part-094521_534474-048762.parquet,real_data_sample\l2_unseen_validation\trade_date=2026-07-17\exchange=NSE\symbol=RELIANCE\part-094521_534474-048762.parquet,36343,downloaded,36343,
2026-07-17,NSE,RELIANCE,raw_l2/trade_date=2026-07-17/exchange=NSE/symbol=RELIANCE/part-094633_057639-048922.parquet,real_data_sample\l2_unseen_validation\trade_date=2026-07-17\exchange=NSE\symbol=RELIANCE\part-094633_057639-048922.parquet,36217,downloaded,36217,
2026-07-17,NSE,RELIANCE,raw_l2/trade_date=2026-07-17/exchange=NSE/symbol=RELIANCE/part-094618_874085-048890.parquet,real_data_sample\l2_unseen_validation\trade_date=2026-07-17\exchange=NSE\symbol=RELIANCE\part-094618_874085-048890.parquet,36287,downloaded,36287,
2026-07-17,NSE,RELIANCE,raw_l2/trade_date=2026-07-17/exchange=NSE/symbol=RELIANCE/part-094550_020194-048826.parquet,real_data_sample\l2_unseen_validation\trade_date=2026-07-17\exchange=NSE\symbol=RELIANCE\part-094550_020194-048826.parquet,36139,downloaded,36139,
2026-07-17,NSE,RELIANCE,raw_l2/trade_date=2026-07-17/exchange=NSE/symbol=RELIANCE/part-094646_984896-048954.parquet,real_data_sample\l2_unseen_validation\trade_date=2026-07-17\exchange=NSE\symbol=RELIANCE\part-094646_984896-048954.parquet,36093,downloaded,36093,
2026-07-17,NSE,RELIANCE,raw_l2/trade_date=2026-07-17/exchange=NSE/symbol=RELIANCE/part-094715_415691-049018.parquet,real_data_sample\l2_unseen_validation\trade_date=2026-07-17\exchange=NSE\symbol=RELIANCE\part-094715_415691-049018.parquet,36474,downloaded,36474,
2026-07-17,NSE,RELIANCE,raw_l2/trade_date=2026-07-17/exchange=NSE/symbol=RELIANCE/part-094535_641796-048794.parquet,real_data_sample\l2_unseen_validation\trade_date=2026-07-17\exchange=NSE\symbol=RELIANCE\part-094535_641796-048794.parquet,36201,downloaded,36201,
2026-07-17,NSE,RELIANCE,raw_l2/trade_date=2026-07-17/exchange=NSE/symbol=RELIANCE/part-094744_020875-049082.parquet,real_data_sample\l2_unseen_validation\trade_date=2026-07-17\exchange=NSE\symbol=RELIANCE\part-094744_020875-049082.parquet,35337,downloaded,35337,
2026-07-17,NSE,RELIANCE,raw_l2/trade_date=2026-07-17/exchange=NSE/symbol=RELIANCE/part-094701_240081-048986.parquet,real_data_sample\l2_unseen_validation\trade_date=2026-07-17\exchange=NSE\symbol=RELIANCE\part-094701_240081-048986.parquet,36143,downloaded,36143,
2026-07-17,NSE,RELIANCE,raw_l2/trade_date=2026-07-17/exchange=NSE/symbol=RELIANCE/part-094729_655332-049050.parquet,real_data_sample\l2_unseen_validation\trade_date=2026-07-17\exchange=NSE\symbol=RELIANCE\part-094729_655332-049050.parquet,36278,downloaded,36278,
2026-07-17,NSE,RELIANCE,raw_l2/trade_date=2026-07-17/exchange=NSE/symbol=RELIANCE/part-094826_624071-049178.parquet,real_data_sample\l2_unseen_validation\trade_date=2026-07-17\exchange=NSE\symbol=RELIANCE\part-094826_624071-049178.parquet,36183,downloaded,36183,
2026-07-17,NSE,RELIANCE,raw_l2/trade_date=2026-07-17/exchange=NSE/symbol=RELIANCE/part-094812_559764-049146.parquet,real_data_sample\l2_unseen_validation\trade_date=2026-07-17\exchange=NSE\symbol=RELIANCE\part-094812_559764-049146.parquet,36392,downloaded,36392,
2026-07-17,NSE,RELIANCE,raw_l2/trade_date=2026-07-17/exchange=NSE/symbol=RELIANCE/part-094840_942251-049210.parquet,real_data_sample\l2_unseen_validation\trade_date=2026-07-17\exchange=NSE\symbol=RELIANCE\part-094840_942251-049210.parquet,36118,downloaded,36118,
2026-07-17,NSE,RELIANCE,raw_l2/trade_date=2026-07-17/exchange=NSE/symbol=RELIANCE/part-094855_373375-049242.parquet,real_data_sample\l2_unseen_validation\trade_date=2026-07-17\exchange=NSE\symbol=RELIANCE\part-094855_373375-049242.parquet,36661,downloaded,36661,
2026-07-17,NSE,RELIANCE,raw_l2/trade_date=2026-07-17/exchange=NSE/symbol=RELIANCE/part-094923_971274-049306.parquet,real_data_sample\l2_unseen_validation\trade_date=2026-07-17\exchange=NSE\symbol=RELIANCE\part-094923_971274-049306.parquet,36159,downloaded,36159,
2026-07-17,NSE,RELIANCE,raw_l2/trade_date=2026-07-17/exchange=NSE/symbol=RELIANCE/part-094909_628439-049274.parquet,real_data_sample\l2_unseen_validation\trade_date=2026-07-17\exchange=NSE\symbol=RELIANCE\part-094909_628439-049274.parquet,36318,downloaded,36318,
2026-07-17,NSE,RELIANCE,raw_l2/trade_date=2026-07-17/exchange=NSE/symbol=RELIANCE/part-094952_446867-049370.parquet,real_data_sample\l2_unseen_validation\trade_date=2026-07-17\exchange=NSE\symbol=RELIANCE\part-094952_446867-049370.parquet,36048,downloaded,36048,
2026-07-17,NSE,RELIANCE,raw_l2/trade_date=2026-07-17/exchange=NSE/symbol=RELIANCE/part-094938_282603-049338.parquet,real_data_sample\l2_unseen_validation\trade_date=2026-07-17\exchange=NSE\symbol=RELIANCE\part-094938_282603-049338.parquet,36256,downloaded,36256,
2026-07-17,NSE,RELIANCE,raw_l2/trade_date=2026-07-17/exchange=NSE/symbol=RELIANCE/part-093008_444388-046714.parquet,real_data_sample\l2_unseen_validation\trade_date=2026-07-17\exchange=NSE\symbol=RELIANCE\part-093008_444388-046714.parquet,36219,downloaded,36219,
2026-07-17,NSE,RELIANCE,raw_l2/trade_date=2026-07-17/exchange=NSE/symbol=RELIANCE/part-095006_584067-049402.parquet,real_data_sample\l2_unseen_validation\trade_date=2026-07-17\exchange=NSE\symbol=RELIANCE\part-095006_584067-049402.parquet,36613,downloaded,36613,
2026-07-17,NSE,RELIANCE,raw_l2/trade_date=2026-07-17/exchange=NSE/symbol=RELIANCE/part-095020_844809-049434.parquet,real_data_sample\l2_unseen_validation\trade_date=2026-07-17\exchange=NSE\symbol=RELIANCE\part-095020_844809-049434.parquet,36093,downloaded,36093,
2026-07-17,NSE,RELIANCE,raw_l2/trade_date=2026-07-17/exchange=NSE/symbol=RELIANCE/part-095035_177767-049466.parquet,real_data_sample\l2_unseen_validation\trade_date=2026-07-17\exchange=NSE\symbol=RELIANCE\part-095035_177767-049466.parquet,36566,downloaded,36566,
2026-07-17,NSE,RELIANCE,raw_l2/trade_date=2026-07-17/exchange=NSE/symbol=RELIANCE/part-095049_325268-049498.parquet,real_data_sample\l2_unseen_validation\trade_date=2026-07-17\exchange=NSE\symbol=RELIANCE\part-095049_325268-049498.parquet,36362,downloaded,36362,
2026-07-17,NSE,RELIANCE,raw_l2/trade_date=2026-07-17/exchange=NSE/symbol=RELIANCE/part-095103_352071-049530.parquet,real_data_sample\l2_unseen_validation\trade_date=2026-07-17\exchange=NSE\symbol=RELIANCE\part-095103_352071-049530.parquet,36261,downloaded,36261,
2026-07-17,NSE,RELIANCE,raw_l2/trade_date=2026-07-17/exchange=NSE/symbol=RELIANCE/part-095131_434068-049594.parquet,real_data_sample\l2_unseen_validation\trade_date=2026-07-17\exchange=NSE\symbol=RELIANCE\part-095131_434068-049594.parquet,36617,downloaded,36617,
2026-07-17,NSE,RELIANCE,raw_l2/trade_date=2026-07-17/exchange=NSE/symbol=RELIANCE/part-095145_544405-049626.parquet,real_data_sample\l2_unseen_validation\trade_date=2026-07-17\exchange=NSE\symbol=RELIANCE\part-095145_544405-049626.parquet,36212,downloaded,36212,
2026-07-17,NSE,RELIANCE,raw_l2/trade_date=2026-07-17/exchange=NSE/symbol=RELIANCE/part-095117_522386-049562.parquet,real_data_sample\l2_unseen_validation\trade_date=2026-07-17\exchange=NSE\symbol=RELIANCE\part-095117_522386-049562.parquet,36461,downloaded,36461,
2026-07-17,NSE,RELIANCE,raw_l2/trade_date=2026-07-17/exchange=NSE/symbol=RELIANCE/part-095242_124301-049754.parquet,real_data_sample\l2_unseen_validation\trade_date=2026-07-17\exchange=NSE\symbol=RELIANCE\part-095242_124301-049754.parquet,35927,downloaded,35927,
2026-07-17,NSE,RELIANCE,raw_l2/trade_date=2026-07-17/exchange=NSE/symbol=RELIANCE/part-095256_070088-049786.parquet,real_data_sample\l2_unseen_validation\trade_date=2026-07-17\exchange=NSE\symbol=RELIANCE\part-095256_070088-049786.parquet,35834,downloaded,35834,
2026-07-17,NSE,RELIANCE,raw_l2/trade_date=2026-07-17/exchange=NSE/symbol=RELIANCE/part-095324_439584-049850.parquet,real_data_sample\l2_unseen_validation\trade_date=2026-07-17\exchange=NSE\symbol=RELIANCE\part-095324_439584-049850.parquet,35999,downloaded,35999,
2026-07-17,NSE,RELIANCE,raw_l2/trade_date=2026-07-17/exchange=NSE/symbol=RELIANCE/part-095214_058833-049690.parquet,real_data_sample\l2_unseen_validation\trade_date=2026-07-17\exchange=NSE\symbol=RELIANCE\part-095214_058833-049690.parquet,36273,downloaded,36273,
2026-07-17,NSE,RELIANCE,raw_l2/trade_date=2026-07-17/exchange=NSE/symbol=RELIANCE/part-095228_070642-049722.parquet,real_data_sample\l2_unseen_validation\trade_date=2026-07-17\exchange=NSE\symbol=RELIANCE\part-095228_070642-049722.parquet,36339,downloaded,36339,
2026-07-17,NSE,RELIANCE,raw_l2/trade_date=2026-07-17/exchange=NSE/symbol=RELIANCE/part-095159_566611-049658.parquet,real_data_sample\l2_unseen_validation\trade_date=2026-07-17\exchange=NSE\symbol=RELIANCE\part-095159_566611-049658.parquet,36281,downloaded,36281,
2026-07-17,NSE,RELIANCE,raw_l2/trade_date=2026-07-17/exchange=NSE/symbol=RELIANCE/part-095338_873837-049882.parquet,real_data_sample\l2_unseen_validation\trade_date=2026-07-17\exchange=NSE\symbol=RELIANCE\part-095338_873837-049882.parquet,36356,downloaded,36356,
2026-07-17,NSE,RELIANCE,raw_l2/trade_date=2026-07-17/exchange=NSE/symbol=RELIANCE/part-095310_200788-049818.parquet,real_data_sample\l2_unseen_validation\trade_date=2026-07-17\exchange=NSE\symbol=RELIANCE\part-095310_200788-049818.parquet,36365,downloaded,36365,
2026-07-17,NSE,RELIANCE,raw_l2/trade_date=2026-07-17/exchange=NSE/symbol=RELIANCE/part-095353_340623-049914.parquet,real_data_sample\l2_unseen_validation\trade_date=2026-07-17\exchange=NSE\symbol=RELIANCE\part-095353_340623-049914.parquet,36433,downloaded,36433,
2026-07-17,NSE,RELIANCE,raw_l2/trade_date=2026-07-17/exchange=NSE/symbol=RELIANCE/part-095422_118817-049978.parquet,real_data_sample\l2_unseen_validation\trade_date=2026-07-17\exchange=NSE\symbol=RELIANCE\part-095422_118817-049978.parquet,36248,downloaded,36248,
2026-07-17,NSE,RELIANCE,raw_l2/trade_date=2026-07-17/exchange=NSE/symbol=RELIANCE/part-095407_804706-049946.parquet,real_data_sample\l2_unseen_validation\trade_date=2026-07-17\exchange=NSE\symbol=RELIANCE\part-095407_804706-049946.parquet,36233,downloaded,36233,
2026-07-17,NSE,RELIANCE,raw_l2/trade_date=2026-07-17/exchange=NSE/symbol=RELIANCE/part-095504_603894-050074.parquet,real_data_sample\l2_unseen_validation\trade_date=2026-07-17\exchange=NSE\symbol=RELIANCE\part-095504_603894-050074.parquet,36268,downloaded,36268,
2026-07-17,NSE,RELIANCE,raw_l2/trade_date=2026-07-17/exchange=NSE/symbol=RELIANCE/part-092811_623120-046458.parquet,real_data_sample\l2_unseen_validation\trade_date=2026-07-17\exchange=NSE\symbol=RELIANCE\part-092811_623120-046458.parquet,36521,downloaded,36521,
2026-07-17,NSE,RELIANCE,raw_l2/trade_date=2026-07-17/exchange=NSE/symbol=RELIANCE/part-095450_444431-050042.parquet,real_data_sample\l2_unseen_validation\trade_date=2026-07-17\exchange=NSE\symbol=RELIANCE\part-095450_444431-050042.parquet,36080,downloaded,36080,
2026-07-17,NSE,RELIANCE,raw_l2/trade_date=2026-07-17/exchange=NSE/symbol=RELIANCE/part-095436_145348-050010.parquet,real_data_sample\l2_unseen_validation\trade_date=2026-07-17\exchange=NSE\symbol=RELIANCE\part-095436_145348-050010.parquet,36177,downloaded,36177,
2026-07-17,NSE,RELIANCE,raw_l2/trade_date=2026-07-17/exchange=NSE/symbol=RELIANCE/part-094758_390767-049114.parquet,real_data_sample\l2_unseen_validation\trade_date=2026-07-17\exchange=NSE\symbol=RELIANCE\part-094758_390767-049114.parquet,35825,downloaded,35825,
2026-07-17,NSE,RELIANCE,raw_l2/trade_date=2026-07-17/exchange=NSE/symbol=RELIANCE/part-095518_665106-050106.parquet,real_data_sample\l2_unseen_validation\trade_date=2026-07-17\exchange=NSE\symbol=RELIANCE\part-095518_665106-050106.parquet,36945,downloaded,36945,
2026-07-17,NSE,RELIANCE,raw_l2/trade_date=2026-07-17/exchange=NSE/symbol=RELIANCE/part-095533_134437-050138.parquet,real_data_sample\l2_unseen_validation\trade_date=2026-07-17\exchange=NSE\symbol=RELIANCE\part-095533_134437-050138.parquet,36026,downloaded,36026,
2026-07-17,NSE,RELIANCE,raw_l2/trade_date=2026-07-17/exchange=NSE/symbol=RELIANCE/part-095812_351550-050490.parquet,real_data_sample\l2_unseen_validation\trade_date=2026-07-17\exchange=NSE\symbol=RELIANCE\part-095812_351550-050490.parquet,35967,downloaded,35967,
2026-07-17,NSE,RELIANCE,raw_l2/trade_date=2026-07-17/exchange=NSE/symbol=RELIANCE/part-095715_169070-050362.parquet,real_data_sample\l2_unseen_validation\trade_date=2026-07-17\exchange=NSE\symbol=RELIANCE\part-095715_169070-050362.parquet,36898,downloaded,36898,
2026-07-17,NSE,RELIANCE,raw_l2/trade_date=2026-07-17/exchange=NSE/symbol=RELIANCE/part-095729_581551-050394.parquet,real_data_sample\l2_unseen_validation\trade_date=2026-07-17\exchange=NSE\symbol=RELIANCE\part-095729_581551-050394.parquet,35928,downloaded,35928,
2026-07-17,NSE,RELIANCE,raw_l2/trade_date=2026-07-17/exchange=NSE/symbol=RELIANCE/part-095841_578011-050554.parquet,real_data_sample\l2_unseen_validation\trade_date=2026-07-17\exchange=NSE\symbol=RELIANCE\part-095841_578011-050554.parquet,36240,downloaded,36240,
2026-07-17,NSE,RELIANCE,raw_l2/trade_date=2026-07-17/exchange=NSE/symbol=RELIANCE/part-095616_707555-050234.parquet,real_data_sample\l2_unseen_validation\trade_date=2026-07-17\exchange=NSE\symbol=RELIANCE\part-095616_707555-050234.parquet,36332,downloaded,36332,
2026-07-17,NSE,RELIANCE,raw_l2/trade_date=2026-07-17/exchange=NSE/symbol=RELIANCE/part-095547_874084-050170.parquet,real_data_sample\l2_unseen_validation\trade_date=2026-07-17\exchange=NSE\symbol=RELIANCE\part-095547_874084-050170.parquet,36047,downloaded,36047,
2026-07-17,NSE,RELIANCE,raw_l2/trade_date=2026-07-17/exchange=NSE/symbol=RELIANCE/part-095602_396699-050202.parquet,real_data_sample\l2_unseen_validation\trade_date=2026-07-17\exchange=NSE\symbol=RELIANCE\part-095602_396699-050202.parquet,36053,downloaded,36053,
2026-07-17,NSE,RELIANCE,raw_l2/trade_date=2026-07-17/exchange=NSE/symbol=RELIANCE/part-095856_122524-050586.parquet,real_data_sample\l2_unseen_validation\trade_date=2026-07-17\exchange=NSE\symbol=RELIANCE\part-095856_122524-050586.parquet,35956,downloaded,35956,
2026-07-17,NSE,RELIANCE,raw_l2/trade_date=2026-07-17/exchange=NSE/symbol=RELIANCE/part-095758_179296-050458.parquet,real_data_sample\l2_unseen_validation\trade_date=2026-07-17\exchange=NSE\symbol=RELIANCE\part-095758_179296-050458.parquet,35808,downloaded,35808,
2026-07-17,NSE,RELIANCE,raw_l2/trade_date=2026-07-17/exchange=NSE/symbol=RELIANCE/part-095631_128368-050266.parquet,real_data_sample\l2_unseen_validation\trade_date=2026-07-17\exchange=NSE\symbol=RELIANCE\part-095631_128368-050266.parquet,36277,downloaded,36277,
2026-07-17,NSE,RELIANCE,raw_l2/trade_date=2026-07-17/exchange=NSE/symbol=RELIANCE/part-095743_969777-050426.parquet,real_data_sample\l2_unseen_validation\trade_date=2026-07-17\exchange=NSE\symbol=RELIANCE\part-095743_969777-050426.parquet,35915,downloaded,35915,
2026-07-17,NSE,RELIANCE,raw_l2/trade_date=2026-07-17/exchange=NSE/symbol=RELIANCE/part-095910_559722-050618.parquet,real_data_sample\l2_unseen_validation\trade_date=2026-07-17\exchange=NSE\symbol=RELIANCE\part-095910_559722-050618.parquet,35602,downloaded,35602,
2026-07-17,NSE,RELIANCE,raw_l2/trade_date=2026-07-17/exchange=NSE/symbol=RELIANCE/part-095826_695192-050522.parquet,real_data_sample\l2_unseen_validation\trade_date=2026-07-17\exchange=NSE\symbol=RELIANCE\part-095826_695192-050522.parquet,35945,downloaded,35945,
2026-07-17,NSE,RELIANCE,raw_l2/trade_date=2026-07-17/exchange=NSE/symbol=RELIANCE/part-095925_104140-050650.parquet,real_data_sample\l2_unseen_validation\trade_date=2026-07-17\exchange=NSE\symbol=RELIANCE\part-095925_104140-050650.parquet,35784,downloaded,35784,
2026-07-17,NSE,RELIANCE,raw_l2/trade_date=2026-07-17/exchange=NSE/symbol=RELIANCE/part-095953_933610-050714.parquet,real_data_sample\l2_unseen_validation\trade_date=2026-07-17\exchange=NSE\symbol=RELIANCE\part-095953_933610-050714.parquet,36241,downloaded,36241,
2026-07-17,NSE,RELIANCE,raw_l2/trade_date=2026-07-17/exchange=NSE/symbol=RELIANCE/part-100114_260572-050761.parquet,real_data_sample\l2_unseen_validation\trade_date=2026-07-17\exchange=NSE\symbol=RELIANCE\part-100114_260572-050761.parquet,34088,downloaded,34088,
2026-07-17,NSE,RELIANCE,raw_l2/trade_date=2026-07-17/exchange=NSE/symbol=RELIANCE/part-092924_351978-046618.parquet,real_data_sample\l2_unseen_validation\trade_date=2026-07-17\exchange=NSE\symbol=RELIANCE\part-092924_351978-046618.parquet,36076,downloaded,36076,
2026-07-17,NSE,RELIANCE,raw_l2/trade_date=2026-07-17/exchange=NSE/symbol=RELIANCE/part-095645_602993-050298.parquet,real_data_sample\l2_unseen_validation\trade_date=2026-07-17\exchange=NSE\symbol=RELIANCE\part-095645_602993-050298.parquet,36221,downloaded,36221,
2026-07-17,NSE,RELIANCE,raw_l2/trade_date=2026-07-17/exchange=NSE/symbol=RELIANCE/part-095700_508754-050330.parquet,real_data_sample\l2_unseen_validation\trade_date=2026-07-17\exchange=NSE\symbol=RELIANCE\part-095700_508754-050330.parquet,36111,downloaded,36111,
2026-07-17,NSE,RELIANCE,raw_l2/trade_date=2026-07-17/exchange=NSE/symbol=RELIANCE/part-095939_582093-050682.parquet,real_data_sample\l2_unseen_validation\trade_date=2026-07-17\exchange=NSE\symbol=RELIANCE\part-095939_582093-050682.parquet,35954,downloaded,35954,
2026-07-17,NSE,RELIANCE,raw_l2/trade_date=2026-07-17/exchange=NSE/symbol=RELIANCE/part-092826_137500-046490.parquet,real_data_sample\l2_unseen_validation\trade_date=2026-07-17\exchange=NSE\symbol=RELIANCE\part-092826_137500-046490.parquet,35908,downloaded,35908,
2026-07-17,NSE,RELIANCE,raw_l2/trade_date=2026-07-17/exchange=NSE/symbol=RELIANCE/part-100008_236379-050746.parquet,real_data_sample\l2_unseen_validation\trade_date=2026-07-17\exchange=NSE\symbol=RELIANCE\part-100008_236379-050746.parquet,35928,downloaded,35928,
2026-07-17,NSE,RELIANCE,raw_l2/trade_date=2026-07-17/exchange=NSE/symbol=RELIANCE/part-093037_435117-046778.parquet,real_data_sample\l2_unseen_validation\trade_date=2026-07-17\exchange=NSE\symbol=RELIANCE\part-093037_435117-046778.parquet,36246,downloaded,36246,
2026-07-17,NSE,RELIANCE,raw_l2/trade_date=2026-07-17/exchange=NSE/symbol=RELIANCE/part-092855_044490-046554.parquet,real_data_sample\l2_unseen_validation\trade_date=2026-07-17\exchange=NSE\symbol=RELIANCE\part-092855_044490-046554.parquet,36232,downloaded,36232,
2026-07-17,NSE,RELIANCE,raw_l2/trade_date=2026-07-17/exchange=NSE/symbol=RELIANCE/part-092840_709384-046522.parquet,real_data_sample\l2_unseen_validation\trade_date=2026-07-17\exchange=NSE\symbol=RELIANCE\part-092840_709384-046522.parquet,36135,downloaded,36135,
2026-07-17,NSE,SBIN,raw_l2/trade_date=2026-07-17/exchange=NSE/symbol=SBIN/part-034518_179898-000059.parquet,real_data_sample\l2_unseen_validation\trade_date=2026-07-17\exchange=NSE\symbol=SBIN\part-034518_179898-000059.parquet,35938,downloaded,35938,
2026-07-17,NSE,SBIN,raw_l2/trade_date=2026-07-17/exchange=NSE/symbol=SBIN/part-034531_955890-000091.parquet,real_data_sample\l2_unseen_validation\trade_date=2026-07-17\exchange=NSE\symbol=SBIN\part-034531_955890-000091.parquet,34121,downloaded,34121,
2026-07-17,NSE,SBIN,raw_l2/trade_date=2026-07-17/exchange=NSE/symbol=SBIN/part-034504_173315-000027.parquet,real_data_sample\l2_unseen_validation\trade_date=2026-07-17\exchange=NSE\symbol=SBIN\part-034504_173315-000027.parquet,34327,downloaded,34327,
2026-07-17,NSE,SBIN,raw_l2/trade_date=2026-07-17/exchange=NSE/symbol=SBIN/part-034546_130775-000123.parquet,real_data_sample\l2_unseen_validation\trade_date=2026-07-17\exchange=NSE\symbol=SBIN\part-034546_130775-000123.parquet,34502,downloaded,34502,
2026-07-17,NSE,RELIANCE,raw_l2/trade_date=2026-07-17/exchange=NSE/symbol=RELIANCE/part-093245_753251-047066.parquet,real_data_sample\l2_unseen_validation\trade_date=2026-07-17\exchange=NSE\symbol=RELIANCE\part-093245_753251-047066.parquet,36775,downloaded,36775,
2026-07-17,NSE,RELIANCE,raw_l2/trade_date=2026-07-17/exchange=NSE/symbol=RELIANCE/part-093022_926225-046746.parquet,real_data_sample\l2_unseen_validation\trade_date=2026-07-17\exchange=NSE\symbol=RELIANCE\part-093022_926225-046746.parquet,36279,downloaded,36279,
2026-07-17,NSE,SBIN,raw_l2/trade_date=2026-07-17/exchange=NSE/symbol=SBIN/part-034600_305803-000155.parquet,real_data_sample\l2_unseen_validation\trade_date=2026-07-17\exchange=NSE\symbol=SBIN\part-034600_305803-000155.parquet,34048,downloaded,34048,
2026-07-17,NSE,RELIANCE,raw_l2/trade_date=2026-07-17/exchange=NSE/symbol=RELIANCE/part-092909_896493-046586.parquet,real_data_sample\l2_unseen_validation\trade_date=2026-07-17\exchange=NSE\symbol=RELIANCE\part-092909_896493-046586.parquet,36400,downloaded,36400,
2026-07-17,NSE,SBIN,raw_l2/trade_date=2026-07-17/exchange=NSE/symbol=SBIN/part-034820_656202-000475.parquet,real_data_sample\l2_unseen_validation\trade_date=2026-07-17\exchange=NSE\symbol=SBIN\part-034820_656202-000475.parquet,35824,downloaded,35824,
2026-07-17,NSE,SBIN,raw_l2/trade_date=2026-07-17/exchange=NSE/symbol=SBIN/part-034628_324189-000219.parquet,real_data_sample\l2_unseen_validation\trade_date=2026-07-17\exchange=NSE\symbol=SBIN\part-034628_324189-000219.parquet,36413,downloaded,36413,
2026-07-17,NSE,SBIN,raw_l2/trade_date=2026-07-17/exchange=NSE/symbol=SBIN/part-034656_498888-000283.parquet,real_data_sample\l2_unseen_validation\trade_date=2026-07-17\exchange=NSE\symbol=SBIN\part-034656_498888-000283.parquet,36344,downloaded,36344,
2026-07-17,NSE,SBIN,raw_l2/trade_date=2026-07-17/exchange=NSE/symbol=SBIN/part-034642_735456-000251.parquet,real_data_sample\l2_unseen_validation\trade_date=2026-07-17\exchange=NSE\symbol=SBIN\part-034642_735456-000251.parquet,36446,downloaded,36446,
2026-07-17,NSE,SBIN,raw_l2/trade_date=2026-07-17/exchange=NSE/symbol=SBIN/part-034614_391695-000187.parquet,real_data_sample\l2_unseen_validation\trade_date=2026-07-17\exchange=NSE\symbol=SBIN\part-034614_391695-000187.parquet,34733,downloaded,34733,
2026-07-17,NSE,SBIN,raw_l2/trade_date=2026-07-17/exchange=NSE/symbol=SBIN/part-034710_306709-000315.parquet,real_data_sample\l2_unseen_validation\trade_date=2026-07-17\exchange=NSE\symbol=SBIN\part-034710_306709-000315.parquet,36343,downloaded,36343,
2026-07-17,NSE,SBIN,raw_l2/trade_date=2026-07-17/exchange=NSE/symbol=SBIN/part-034806_945554-000443.parquet,real_data_sample\l2_unseen_validation\trade_date=2026-07-17\exchange=NSE\symbol=SBIN\part-034806_945554-000443.parquet,34458,downloaded,34458,
2026-07-17,NSE,SBIN,raw_l2/trade_date=2026-07-17/exchange=NSE/symbol=SBIN/part-034848_207536-000539.parquet,real_data_sample\l2_unseen_validation\trade_date=2026-07-17\exchange=NSE\symbol=SBIN\part-034848_207536-000539.parquet,36100,downloaded,36100,
2026-07-17,NSE,SBIN,raw_l2/trade_date=2026-07-17/exchange=NSE/symbol=SBIN/part-034902_057574-000571.parquet,real_data_sample\l2_unseen_validation\trade_date=2026-07-17\exchange=NSE\symbol=SBIN\part-034902_057574-000571.parquet,36247,downloaded,36247,
2026-07-17,NSE,SBIN,raw_l2/trade_date=2026-07-17/exchange=NSE/symbol=SBIN/part-035039_756841-000795.parquet,real_data_sample\l2_unseen_validation\trade_date=2026-07-17\exchange=NSE\symbol=SBIN\part-035039_756841-000795.parquet,36238,downloaded,36238,
2026-07-17,NSE,SBIN,raw_l2/trade_date=2026-07-17/exchange=NSE/symbol=SBIN/part-034724_365572-000347.parquet,real_data_sample\l2_unseen_validation\trade_date=2026-07-17\exchange=NSE\symbol=SBIN\part-034724_365572-000347.parquet,34778,downloaded,34778,
2026-07-17,NSE,SBIN,raw_l2/trade_date=2026-07-17/exchange=NSE/symbol=SBIN/part-034834_492392-000507.parquet,real_data_sample\l2_unseen_validation\trade_date=2026-07-17\exchange=NSE\symbol=SBIN\part-034834_492392-000507.parquet,36502,downloaded,36502,
2026-07-17,NSE,SBIN,raw_l2/trade_date=2026-07-17/exchange=NSE/symbol=SBIN/part-034752_512440-000411.parquet,real_data_sample\l2_unseen_validation\trade_date=2026-07-17\exchange=NSE\symbol=SBIN\part-034752_512440-000411.parquet,34457,downloaded,34457,
2026-07-17,NSE,SBIN,raw_l2/trade_date=2026-07-17/exchange=NSE/symbol=SBIN/part-034930_172816-000635.parquet,real_data_sample\l2_unseen_validation\trade_date=2026-07-17\exchange=NSE\symbol=SBIN\part-034930_172816-000635.parquet,36515,downloaded,36515,
2026-07-17,NSE,SBIN,raw_l2/trade_date=2026-07-17/exchange=NSE/symbol=SBIN/part-035012_023160-000731.parquet,real_data_sample\l2_unseen_validation\trade_date=2026-07-17\exchange=NSE\symbol=SBIN\part-035012_023160-000731.parquet,36494,downloaded,36494,
2026-07-17,NSE,SBIN,raw_l2/trade_date=2026-07-17/exchange=NSE/symbol=SBIN/part-035025_990284-000763.parquet,real_data_sample\l2_unseen_validation\trade_date=2026-07-17\exchange=NSE\symbol=SBIN\part-035025_990284-000763.parquet,36350,downloaded,36350,
2026-07-17,NSE,SBIN,raw_l2/trade_date=2026-07-17/exchange=NSE/symbol=SBIN/part-034738_515517-000379.parquet,real_data_sample\l2_unseen_validation\trade_date=2026-07-17\exchange=NSE\symbol=SBIN\part-034738_515517-000379.parquet,34121,downloaded,34121,
2026-07-17,NSE,SBIN,raw_l2/trade_date=2026-07-17/exchange=NSE/symbol=SBIN/part-035053_451286-000827.parquet,real_data_sample\l2_unseen_validation\trade_date=2026-07-17\exchange=NSE\symbol=SBIN\part-035053_451286-000827.parquet,36452,downloaded,36452,
2026-07-17,NSE,SBIN,raw_l2/trade_date=2026-07-17/exchange=NSE/symbol=SBIN/part-035107_151449-000859.parquet,real_data_sample\l2_unseen_validation\trade_date=2026-07-17\exchange=NSE\symbol=SBIN\part-035107_151449-000859.parquet,36352,downloaded,36352,
2026-07-17,NSE,SBIN,raw_l2/trade_date=2026-07-17/exchange=NSE/symbol=SBIN/part-034958_230326-000699.parquet,real_data_sample\l2_unseen_validation\trade_date=2026-07-17\exchange=NSE\symbol=SBIN\part-034958_230326-000699.parquet,36507,downloaded,36507,
2026-07-17,NSE,SBIN,raw_l2/trade_date=2026-07-17/exchange=NSE/symbol=SBIN/part-034944_096408-000667.parquet,real_data_sample\l2_unseen_validation\trade_date=2026-07-17\exchange=NSE\symbol=SBIN\part-034944_096408-000667.parquet,36428,downloaded,36428,
2026-07-17,NSE,SBIN,raw_l2/trade_date=2026-07-17/exchange=NSE/symbol=SBIN/part-034916_116437-000603.parquet,real_data_sample\l2_unseen_validation\trade_date=2026-07-17\exchange=NSE\symbol=SBIN\part-034916_116437-000603.parquet,36277,downloaded,36277,
2026-07-17,NSE,RELIANCE,raw_l2/trade_date=2026-07-17/exchange=NSE/symbol=RELIANCE/part-092939_004146-046650.parquet,real_data_sample\l2_unseen_validation\trade_date=2026-07-17\exchange=NSE\symbol=RELIANCE\part-092939_004146-046650.parquet,36600,downloaded,36600,
2026-07-17,NSE,SBIN,raw_l2/trade_date=2026-07-17/exchange=NSE/symbol=SBIN/part-035148_574624-000955.parquet,real_data_sample\l2_unseen_validation\trade_date=2026-07-17\exchange=NSE\symbol=SBIN\part-035148_574624-000955.parquet,34693,downloaded,34693,
2026-07-17,NSE,SBIN,raw_l2/trade_date=2026-07-17/exchange=NSE/symbol=SBIN/part-035202_613179-000987.parquet,real_data_sample\l2_unseen_validation\trade_date=2026-07-17\exchange=NSE\symbol=SBIN\part-035202_613179-000987.parquet,34394,downloaded,34394,
2026-07-17,NSE,SBIN,raw_l2/trade_date=2026-07-17/exchange=NSE/symbol=SBIN/part-035134_704732-000923.parquet,real_data_sample\l2_unseen_validation\trade_date=2026-07-17\exchange=NSE\symbol=SBIN\part-035134_704732-000923.parquet,34703,downloaded,34703,
2026-07-17,NSE,SBIN,raw_l2/trade_date=2026-07-17/exchange=NSE/symbol=SBIN/part-035216_440107-001019.parquet,real_data_sample\l2_unseen_validation\trade_date=2026-07-17\exchange=NSE\symbol=SBIN\part-035216_440107-001019.parquet,35462,downloaded,35462,
2026-07-17,NSE,SBIN,raw_l2/trade_date=2026-07-17/exchange=NSE/symbol=SBIN/part-035244_266774-001083.parquet,real_data_sample\l2_unseen_validation\trade_date=2026-07-17\exchange=NSE\symbol=SBIN\part-035244_266774-001083.parquet,36653,downloaded,36653,
2026-07-17,NSE,SBIN,raw_l2/trade_date=2026-07-17/exchange=NSE/symbol=SBIN/part-035120_993330-000891.parquet,real_data_sample\l2_unseen_validation\trade_date=2026-07-17\exchange=NSE\symbol=SBIN\part-035120_993330-000891.parquet,35346,downloaded,35346,
2026-07-17,NSE,SBIN,raw_l2/trade_date=2026-07-17/exchange=NSE/symbol=SBIN/part-035833_927246-001883.parquet,real_data_sample\l2_unseen_validation\trade_date=2026-07-17\exchange=NSE\symbol=SBIN\part-035833_927246-001883.parquet,36309,downloaded,36309,
2026-07-17,NSE,SBIN,raw_l2/trade_date=2026-07-17/exchange=NSE/symbol=SBIN/part-035613_042855-001563.parquet,real_data_sample\l2_unseen_validation\trade_date=2026-07-17\exchange=NSE\symbol=SBIN\part-035613_042855-001563.parquet,36081,downloaded,36081,
2026-07-17,NSE,SBIN,raw_l2/trade_date=2026-07-17/exchange=NSE/symbol=SBIN/part-035559_163759-001531.parquet,real_data_sample\l2_unseen_validation\trade_date=2026-07-17\exchange=NSE\symbol=SBIN\part-035559_163759-001531.parquet,36065,downloaded,36065,
2026-07-17,NSE,SBIN,raw_l2/trade_date=2026-07-17/exchange=NSE/symbol=SBIN/part-035708_896604-001691.parquet,real_data_sample\l2_unseen_validation\trade_date=2026-07-17\exchange=NSE\symbol=SBIN\part-035708_896604-001691.parquet,34448,downloaded,34448,
2026-07-17,NSE,SBIN,raw_l2/trade_date=2026-07-17/exchange=NSE/symbol=SBIN/part-035751_269028-001787.parquet,real_data_sample\l2_unseen_validation\trade_date=2026-07-17\exchange=NSE\symbol=SBIN\part-035751_269028-001787.parquet,36063,downloaded,36063,
2026-07-17,NSE,SBIN,raw_l2/trade_date=2026-07-17/exchange=NSE/symbol=SBIN/part-035805_680411-001819.parquet,real_data_sample\l2_unseen_validation\trade_date=2026-07-17\exchange=NSE\symbol=SBIN\part-035805_680411-001819.parquet,35925,downloaded,35925,
2026-07-17,NSE,SBIN,raw_l2/trade_date=2026-07-17/exchange=NSE/symbol=SBIN/part-035722_944250-001723.parquet,real_data_sample\l2_unseen_validation\trade_date=2026-07-17\exchange=NSE\symbol=SBIN\part-035722_944250-001723.parquet,35952,downloaded,35952,
2026-07-17,NSE,SBIN,raw_l2/trade_date=2026-07-17/exchange=NSE/symbol=SBIN/part-035737_000051-001755.parquet,real_data_sample\l2_unseen_validation\trade_date=2026-07-17\exchange=NSE\symbol=SBIN\part-035737_000051-001755.parquet,36094,downloaded,36094,
2026-07-17,NSE,SBIN,raw_l2/trade_date=2026-07-17/exchange=NSE/symbol=SBIN/part-035449_121084-001371.parquet,real_data_sample\l2_unseen_validation\trade_date=2026-07-17\exchange=NSE\symbol=SBIN\part-035449_121084-001371.parquet,34435,downloaded,34435,
2026-07-17,NSE,SBIN,raw_l2/trade_date=2026-07-17/exchange=NSE/symbol=SBIN/part-035943_917058-002043.parquet,real_data_sample\l2_unseen_validation\trade_date=2026-07-17\exchange=NSE\symbol=SBIN\part-035943_917058-002043.parquet,36241,downloaded,36241,
2026-07-17,NSE,SBIN,raw_l2/trade_date=2026-07-17/exchange=NSE/symbol=SBIN/part-040012_004576-002107.parquet,real_data_sample\l2_unseen_validation\trade_date=2026-07-17\exchange=NSE\symbol=SBIN\part-040012_004576-002107.parquet,36546,downloaded,36546,
2026-07-17,NSE,SBIN,raw_l2/trade_date=2026-07-17/exchange=NSE/symbol=SBIN/part-040135_194848-002299.parquet,real_data_sample\l2_unseen_validation\trade_date=2026-07-17\exchange=NSE\symbol=SBIN\part-040135_194848-002299.parquet,36398,downloaded,36398,
2026-07-17,NSE,SBIN,raw_l2/trade_date=2026-07-17/exchange=NSE/symbol=SBIN/part-040149_003922-002331.parquet,real_data_sample\l2_unseen_validation\trade_date=2026-07-17\exchange=NSE\symbol=SBIN\part-040149_003922-002331.parquet,36630,downloaded,36630,
2026-07-17,NSE,SBIN,raw_l2/trade_date=2026-07-17/exchange=NSE/symbol=SBIN/part-040203_069696-002363.parquet,real_data_sample\l2_unseen_validation\trade_date=2026-07-17\exchange=NSE\symbol=SBIN\part-040203_069696-002363.parquet,36239,downloaded,36239,
2026-07-17,NSE,SBIN,raw_l2/trade_date=2026-07-17/exchange=NSE/symbol=SBIN/part-040053_585948-002203.parquet,real_data_sample\l2_unseen_validation\trade_date=2026-07-17\exchange=NSE\symbol=SBIN\part-040053_585948-002203.parquet,36579,downloaded,36579,
2026-07-17,NSE,SBIN,raw_l2/trade_date=2026-07-17/exchange=NSE/symbol=SBIN/part-040026_058441-002139.parquet,real_data_sample\l2_unseen_validation\trade_date=2026-07-17\exchange=NSE\symbol=SBIN\part-040026_058441-002139.parquet,36540,downloaded,36540,
2026-07-17,NSE,SBIN,raw_l2/trade_date=2026-07-17/exchange=NSE/symbol=SBIN/part-040039_892363-002171.parquet,real_data_sample\l2_unseen_validation\trade_date=2026-07-17\exchange=NSE\symbol=SBIN\part-040039_892363-002171.parquet,36341,downloaded,36341,
2026-07-17,NSE,SBIN,raw_l2/trade_date=2026-07-17/exchange=NSE/symbol=SBIN/part-040107_527222-002235.parquet,real_data_sample\l2_unseen_validation\trade_date=2026-07-17\exchange=NSE\symbol=SBIN\part-040107_527222-002235.parquet,36605,downloaded,36605,
2026-07-17,NSE,SBIN,raw_l2/trade_date=2026-07-17/exchange=NSE/symbol=SBIN/part-040121_378323-002267.parquet,real_data_sample\l2_unseen_validation\trade_date=2026-07-17\exchange=NSE\symbol=SBIN\part-040121_378323-002267.parquet,36623,downloaded,36623,
2026-07-17,NSE,SBIN,raw_l2/trade_date=2026-07-17/exchange=NSE/symbol=SBIN/part-040216_975098-002395.parquet,real_data_sample\l2_unseen_validation\trade_date=2026-07-17\exchange=NSE\symbol=SBIN\part-040216_975098-002395.parquet,36322,downloaded,36322,
2026-07-17,NSE,SBIN,raw_l2/trade_date=2026-07-17/exchange=NSE/symbol=SBIN/part-040245_348309-002459.parquet,real_data_sample\l2_unseen_validation\trade_date=2026-07-17\exchange=NSE\symbol=SBIN\part-040245_348309-002459.parquet,36017,downloaded,36017,
2026-07-17,NSE,SBIN,raw_l2/trade_date=2026-07-17/exchange=NSE/symbol=SBIN/part-040230_977148-002427.parquet,real_data_sample\l2_unseen_validation\trade_date=2026-07-17\exchange=NSE\symbol=SBIN\part-040230_977148-002427.parquet,36168,downloaded,36168,
2026-07-17,NSE,SBIN,raw_l2/trade_date=2026-07-17/exchange=NSE/symbol=SBIN/part-035957_871132-002075.parquet,real_data_sample\l2_unseen_validation\trade_date=2026-07-17\exchange=NSE\symbol=SBIN\part-035957_871132-002075.parquet,36284,downloaded,36284,
2026-07-17,NSE,SBIN,raw_l2/trade_date=2026-07-17/exchange=NSE/symbol=SBIN/part-040314_164361-002523.parquet,real_data_sample\l2_unseen_validation\trade_date=2026-07-17\exchange=NSE\symbol=SBIN\part-040314_164361-002523.parquet,36454,downloaded,36454,
2026-07-17,NSE,SBIN,raw_l2/trade_date=2026-07-17/exchange=NSE/symbol=SBIN/part-040259_917418-002491.parquet,real_data_sample\l2_unseen_validation\trade_date=2026-07-17\exchange=NSE\symbol=SBIN\part-040259_917418-002491.parquet,35859,downloaded,35859,
2026-07-17,NSE,SBIN,raw_l2/trade_date=2026-07-17/exchange=NSE/symbol=SBIN/part-040424_684519-002683.parquet,real_data_sample\l2_unseen_validation\trade_date=2026-07-17\exchange=NSE\symbol=SBIN\part-040424_684519-002683.parquet,36462,downloaded,36462,
2026-07-17,NSE,SBIN,raw_l2/trade_date=2026-07-17/exchange=NSE/symbol=SBIN/part-040356_642538-002619.parquet,real_data_sample\l2_unseen_validation\trade_date=2026-07-17\exchange=NSE\symbol=SBIN\part-040356_642538-002619.parquet,36191,downloaded,36191,
2026-07-17,NSE,SBIN,raw_l2/trade_date=2026-07-17/exchange=NSE/symbol=SBIN/part-040342_445775-002587.parquet,real_data_sample\l2_unseen_validation\trade_date=2026-07-17\exchange=NSE\symbol=SBIN\part-040342_445775-002587.parquet,36451,downloaded,36451,
2026-07-17,NSE,SBIN,raw_l2/trade_date=2026-07-17/exchange=NSE/symbol=SBIN/part-040410_651970-002651.parquet,real_data_sample\l2_unseen_validation\trade_date=2026-07-17\exchange=NSE\symbol=SBIN\part-040410_651970-002651.parquet,36586,downloaded,36586,
2026-07-17,NSE,SBIN,raw_l2/trade_date=2026-07-17/exchange=NSE/symbol=SBIN/part-040438_583514-002715.parquet,real_data_sample\l2_unseen_validation\trade_date=2026-07-17\exchange=NSE\symbol=SBIN\part-040438_583514-002715.parquet,36647,downloaded,36647,
2026-07-17,NSE,SBIN,raw_l2/trade_date=2026-07-17/exchange=NSE/symbol=SBIN/part-040328_295979-002555.parquet,real_data_sample\l2_unseen_validation\trade_date=2026-07-17\exchange=NSE\symbol=SBIN\part-040328_295979-002555.parquet,36204,downloaded,36204,
2026-07-17,NSE,SBIN,raw_l2/trade_date=2026-07-17/exchange=NSE/symbol=SBIN/part-040506_774431-002779.parquet,real_data_sample\l2_unseen_validation\trade_date=2026-07-17\exchange=NSE\symbol=SBIN\part-040506_774431-002779.parquet,36512,downloaded,36512,
2026-07-17,NSE,SBIN,raw_l2/trade_date=2026-07-17/exchange=NSE/symbol=SBIN/part-040452_498212-002747.parquet,real_data_sample\l2_unseen_validation\trade_date=2026-07-17\exchange=NSE\symbol=SBIN\part-040452_498212-002747.parquet,36456,downloaded,36456,
2026-07-17,NSE,SBIN,raw_l2/trade_date=2026-07-17/exchange=NSE/symbol=SBIN/part-040548_996434-002875.parquet,real_data_sample\l2_unseen_validation\trade_date=2026-07-17\exchange=NSE\symbol=SBIN\part-040548_996434-002875.parquet,36216,downloaded,36216,
2026-07-17,NSE,SBIN,raw_l2/trade_date=2026-07-17/exchange=NSE/symbol=SBIN/part-040535_054577-002843.parquet,real_data_sample\l2_unseen_validation\trade_date=2026-07-17\exchange=NSE\symbol=SBIN\part-040535_054577-002843.parquet,36381,downloaded,36381,
2026-07-17,NSE,SBIN,raw_l2/trade_date=2026-07-17/exchange=NSE/symbol=SBIN/part-040603_178546-002907.parquet,real_data_sample\l2_unseen_validation\trade_date=2026-07-17\exchange=NSE\symbol=SBIN\part-040603_178546-002907.parquet,36117,downloaded,36117,
2026-07-17,NSE,SBIN,raw_l2/trade_date=2026-07-17/exchange=NSE/symbol=SBIN/part-040617_038902-002939.parquet,real_data_sample\l2_unseen_validation\trade_date=2026-07-17\exchange=NSE\symbol=SBIN\part-040617_038902-002939.parquet,36594,downloaded,36594,
2026-07-17,NSE,SBIN,raw_l2/trade_date=2026-07-17/exchange=NSE/symbol=SBIN/part-040658_767029-003035.parquet,real_data_sample\l2_unseen_validation\trade_date=2026-07-17\exchange=NSE\symbol=SBIN\part-040658_767029-003035.parquet,36057,downloaded,36057,
2026-07-17,NSE,SBIN,raw_l2/trade_date=2026-07-17/exchange=NSE/symbol=SBIN/part-035326_039291-001179.parquet,real_data_sample\l2_unseen_validation\trade_date=2026-07-17\exchange=NSE\symbol=SBIN\part-035326_039291-001179.parquet,36405,downloaded,36405,
2026-07-17,NSE,SBIN,raw_l2/trade_date=2026-07-17/exchange=NSE/symbol=SBIN/part-040644_883054-003003.parquet,real_data_sample\l2_unseen_validation\trade_date=2026-07-17\exchange=NSE\symbol=SBIN\part-040644_883054-003003.parquet,36457,downloaded,36457,
2026-07-17,NSE,SBIN,raw_l2/trade_date=2026-07-17/exchange=NSE/symbol=SBIN/part-040630_965338-002971.parquet,real_data_sample\l2_unseen_validation\trade_date=2026-07-17\exchange=NSE\symbol=SBIN\part-040630_965338-002971.parquet,36052,downloaded,36052,
2026-07-17,NSE,SBIN,raw_l2/trade_date=2026-07-17/exchange=NSE/symbol=SBIN/part-040726_788291-003099.parquet,real_data_sample\l2_unseen_validation\trade_date=2026-07-17\exchange=NSE\symbol=SBIN\part-040726_788291-003099.parquet,36352,downloaded,36352,
2026-07-17,NSE,SBIN,raw_l2/trade_date=2026-07-17/exchange=NSE/symbol=SBIN/part-040712_800302-003067.parquet,real_data_sample\l2_unseen_validation\trade_date=2026-07-17\exchange=NSE\symbol=SBIN\part-040712_800302-003067.parquet,36615,downloaded,36615,
2026-07-17,NSE,SBIN,raw_l2/trade_date=2026-07-17/exchange=NSE/symbol=SBIN/part-040741_030665-003131.parquet,real_data_sample\l2_unseen_validation\trade_date=2026-07-17\exchange=NSE\symbol=SBIN\part-040741_030665-003131.parquet,36126,downloaded,36126,
2026-07-17,NSE,SBIN,raw_l2/trade_date=2026-07-17/exchange=NSE/symbol=SBIN/part-040521_017515-002811.parquet,real_data_sample\l2_unseen_validation\trade_date=2026-07-17\exchange=NSE\symbol=SBIN\part-040521_017515-002811.parquet,36368,downloaded,36368,
2026-07-17,NSE,SBIN,raw_l2/trade_date=2026-07-17/exchange=NSE/symbol=SBIN/part-040755_008662-003163.parquet,real_data_sample\l2_unseen_validation\trade_date=2026-07-17\exchange=NSE\symbol=SBIN\part-040755_008662-003163.parquet,36199,downloaded,36199,
2026-07-17,NSE,SBIN,raw_l2/trade_date=2026-07-17/exchange=NSE/symbol=SBIN/part-040823_625275-003227.parquet,real_data_sample\l2_unseen_validation\trade_date=2026-07-17\exchange=NSE\symbol=SBIN\part-040823_625275-003227.parquet,36297,downloaded,36297,
2026-07-17,NSE,SBIN,raw_l2/trade_date=2026-07-17/exchange=NSE/symbol=SBIN/part-040809_076787-003195.parquet,real_data_sample\l2_unseen_validation\trade_date=2026-07-17\exchange=NSE\symbol=SBIN\part-040809_076787-003195.parquet,36318,downloaded,36318,
2026-07-17,NSE,SBIN,raw_l2/trade_date=2026-07-17/exchange=NSE/symbol=SBIN/part-040852_126018-003291.parquet,real_data_sample\l2_unseen_validation\trade_date=2026-07-17\exchange=NSE\symbol=SBIN\part-040852_126018-003291.parquet,36344,downloaded,36344,
2026-07-17,NSE,SBIN,raw_l2/trade_date=2026-07-17/exchange=NSE/symbol=SBIN/part-040837_595814-003259.parquet,real_data_sample\l2_unseen_validation\trade_date=2026-07-17\exchange=NSE\symbol=SBIN\part-040837_595814-003259.parquet,36277,downloaded,36277,
2026-07-17,NSE,SBIN,raw_l2/trade_date=2026-07-17/exchange=NSE/symbol=SBIN/part-035230_337605-001051.parquet,real_data_sample\l2_unseen_validation\trade_date=2026-07-17\exchange=NSE\symbol=SBIN\part-035230_337605-001051.parquet,36423,downloaded,36423,
2026-07-17,NSE,SBIN,raw_l2/trade_date=2026-07-17/exchange=NSE/symbol=SBIN/part-040920_251623-003355.parquet,real_data_sample\l2_unseen_validation\trade_date=2026-07-17\exchange=NSE\symbol=SBIN\part-040920_251623-003355.parquet,35805,downloaded,35805,
2026-07-17,NSE,SBIN,raw_l2/trade_date=2026-07-17/exchange=NSE/symbol=SBIN/part-040934_829234-003387.parquet,real_data_sample\l2_unseen_validation\trade_date=2026-07-17\exchange=NSE\symbol=SBIN\part-040934_829234-003387.parquet,36425,downloaded,36425,
2026-07-17,NSE,SBIN,raw_l2/trade_date=2026-07-17/exchange=NSE/symbol=SBIN/part-040949_099444-003419.parquet,real_data_sample\l2_unseen_validation\trade_date=2026-07-17\exchange=NSE\symbol=SBIN\part-040949_099444-003419.parquet,35760,downloaded,35760,
2026-07-17,NSE,SBIN,raw_l2/trade_date=2026-07-17/exchange=NSE/symbol=SBIN/part-041017_005462-003483.parquet,real_data_sample\l2_unseen_validation\trade_date=2026-07-17\exchange=NSE\symbol=SBIN\part-041017_005462-003483.parquet,35278,downloaded,35278,
2026-07-17,NSE,SBIN,raw_l2/trade_date=2026-07-17/exchange=NSE/symbol=SBIN/part-041003_173158-003451.parquet,real_data_sample\l2_unseen_validation\trade_date=2026-07-17\exchange=NSE\symbol=SBIN\part-041003_173158-003451.parquet,36014,downloaded,36014,
2026-07-17,NSE,SBIN,raw_l2/trade_date=2026-07-17/exchange=NSE/symbol=SBIN/part-040906_198640-003323.parquet,real_data_sample\l2_unseen_validation\trade_date=2026-07-17\exchange=NSE\symbol=SBIN\part-040906_198640-003323.parquet,36168,downloaded,36168,
2026-07-17,NSE,SBIN,raw_l2/trade_date=2026-07-17/exchange=NSE/symbol=SBIN/part-041113_971287-003611.parquet,real_data_sample\l2_unseen_validation\trade_date=2026-07-17\exchange=NSE\symbol=SBIN\part-041113_971287-003611.parquet,34606,downloaded,34606,
2026-07-17,NSE,SBIN,raw_l2/trade_date=2026-07-17/exchange=NSE/symbol=SBIN/part-041045_631618-003547.parquet,real_data_sample\l2_unseen_validation\trade_date=2026-07-17\exchange=NSE\symbol=SBIN\part-041045_631618-003547.parquet,34621,downloaded,34621,
2026-07-17,NSE,SBIN,raw_l2/trade_date=2026-07-17/exchange=NSE/symbol=SBIN/part-041127_697985-003643.parquet,real_data_sample\l2_unseen_validation\trade_date=2026-07-17\exchange=NSE\symbol=SBIN\part-041127_697985-003643.parquet,34461,downloaded,34461,
2026-07-17,NSE,SBIN,raw_l2/trade_date=2026-07-17/exchange=NSE/symbol=SBIN/part-041141_774591-003675.parquet,real_data_sample\l2_unseen_validation\trade_date=2026-07-17\exchange=NSE\symbol=SBIN\part-041141_774591-003675.parquet,34430,downloaded,34430,
2026-07-17,NSE,SBIN,raw_l2/trade_date=2026-07-17/exchange=NSE/symbol=SBIN/part-041059_835877-003579.parquet,real_data_sample\l2_unseen_validation\trade_date=2026-07-17\exchange=NSE\symbol=SBIN\part-041059_835877-003579.parquet,34443,downloaded,34443,
2026-07-17,NSE,SBIN,raw_l2/trade_date=2026-07-17/exchange=NSE/symbol=SBIN/part-041237_480385-003803.parquet,real_data_sample\l2_unseen_validation\trade_date=2026-07-17\exchange=NSE\symbol=SBIN\part-041237_480385-003803.parquet,35969,downloaded,35969,
2026-07-17,NSE,SBIN,raw_l2/trade_date=2026-07-17/exchange=NSE/symbol=SBIN/part-041223_530675-003771.parquet,real_data_sample\l2_unseen_validation\trade_date=2026-07-17\exchange=NSE\symbol=SBIN\part-041223_530675-003771.parquet,35880,downloaded,35880,
2026-07-17,NSE,SBIN,raw_l2/trade_date=2026-07-17/exchange=NSE/symbol=SBIN/part-041209_663605-003739.parquet,real_data_sample\l2_unseen_validation\trade_date=2026-07-17\exchange=NSE\symbol=SBIN\part-041209_663605-003739.parquet,34518,downloaded,34518,
2026-07-17,NSE,SBIN,raw_l2/trade_date=2026-07-17/exchange=NSE/symbol=SBIN/part-035847_871284-001915.parquet,real_data_sample\l2_unseen_validation\trade_date=2026-07-17\exchange=NSE\symbol=SBIN\part-035847_871284-001915.parquet,36272,downloaded,36272,
2026-07-17,NSE,SBIN,raw_l2/trade_date=2026-07-17/exchange=NSE/symbol=SBIN/part-041251_246349-003835.parquet,real_data_sample\l2_unseen_validation\trade_date=2026-07-17\exchange=NSE\symbol=SBIN\part-041251_246349-003835.parquet,35833,downloaded,35833,
2026-07-17,NSE,SBIN,raw_l2/trade_date=2026-07-17/exchange=NSE/symbol=SBIN/part-035915_942541-001979.parquet,real_data_sample\l2_unseen_validation\trade_date=2026-07-17\exchange=NSE\symbol=SBIN\part-035915_942541-001979.parquet,35730,downloaded,35730,
2026-07-17,NSE,SBIN,raw_l2/trade_date=2026-07-17/exchange=NSE/symbol=SBIN/part-035503_237680-001403.parquet,real_data_sample\l2_unseen_validation\trade_date=2026-07-17\exchange=NSE\symbol=SBIN\part-035503_237680-001403.parquet,34488,downloaded,34488,
2026-07-17,NSE,SBIN,raw_l2/trade_date=2026-07-17/exchange=NSE/symbol=SBIN/part-041305_033039-003867.parquet,real_data_sample\l2_unseen_validation\trade_date=2026-07-17\exchange=NSE\symbol=SBIN\part-041305_033039-003867.parquet,35795,downloaded,35795,
2026-07-17,NSE,SBIN,raw_l2/trade_date=2026-07-17/exchange=NSE/symbol=SBIN/part-035901_936405-001947.parquet,real_data_sample\l2_unseen_validation\trade_date=2026-07-17\exchange=NSE\symbol=SBIN\part-035901_936405-001947.parquet,36322,downloaded,36322,
2026-07-17,NSE,SBIN,raw_l2/trade_date=2026-07-17/exchange=NSE/symbol=SBIN/part-035655_016686-001659.parquet,real_data_sample\l2_unseen_validation\trade_date=2026-07-17\exchange=NSE\symbol=SBIN\part-035655_016686-001659.parquet,34460,downloaded,34460,
2026-07-17,NSE,SBIN,raw_l2/trade_date=2026-07-17/exchange=NSE/symbol=SBIN/part-035627_183146-001595.parquet,real_data_sample\l2_unseen_validation\trade_date=2026-07-17\exchange=NSE\symbol=SBIN\part-035627_183146-001595.parquet,34458,downloaded,34458,
2026-07-17,NSE,SBIN,raw_l2/trade_date=2026-07-17/exchange=NSE/symbol=SBIN/part-035353_789743-001243.parquet,real_data_sample\l2_unseen_validation\trade_date=2026-07-17\exchange=NSE\symbol=SBIN\part-035353_789743-001243.parquet,36160,downloaded,36160,
2026-07-17,NSE,SBIN,raw_l2/trade_date=2026-07-17/exchange=NSE/symbol=SBIN/part-035531_358643-001467.parquet,real_data_sample\l2_unseen_validation\trade_date=2026-07-17\exchange=NSE\symbol=SBIN\part-035531_358643-001467.parquet,35683,downloaded,35683,
2026-07-17,NSE,SBIN,raw_l2/trade_date=2026-07-17/exchange=NSE/symbol=SBIN/part-041031_309428-003515.parquet,real_data_sample\l2_unseen_validation\trade_date=2026-07-17\exchange=NSE\symbol=SBIN\part-041031_309428-003515.parquet,34416,downloaded,34416,
2026-07-17,NSE,SBIN,raw_l2/trade_date=2026-07-17/exchange=NSE/symbol=SBIN/part-035929_821216-002011.parquet,real_data_sample\l2_unseen_validation\trade_date=2026-07-17\exchange=NSE\symbol=SBIN\part-035929_821216-002011.parquet,36005,downloaded,36005,
2026-07-17,NSE,SBIN,raw_l2/trade_date=2026-07-17/exchange=NSE/symbol=SBIN/part-035312_201122-001147.parquet,real_data_sample\l2_unseen_validation\trade_date=2026-07-17\exchange=NSE\symbol=SBIN\part-035312_201122-001147.parquet,36443,downloaded,36443,
2026-07-17,NSE,SBIN,raw_l2/trade_date=2026-07-17/exchange=NSE/symbol=SBIN/part-035819_917707-001851.parquet,real_data_sample\l2_unseen_validation\trade_date=2026-07-17\exchange=NSE\symbol=SBIN\part-035819_917707-001851.parquet,35759,downloaded,35759,
2026-07-17,NSE,SBIN,raw_l2/trade_date=2026-07-17/exchange=NSE/symbol=SBIN/part-035421_345065-001307.parquet,real_data_sample\l2_unseen_validation\trade_date=2026-07-17\exchange=NSE\symbol=SBIN\part-035421_345065-001307.parquet,34967,downloaded,34967,
2026-07-17,NSE,SBIN,raw_l2/trade_date=2026-07-17/exchange=NSE/symbol=SBIN/part-035545_290707-001499.parquet,real_data_sample\l2_unseen_validation\trade_date=2026-07-17\exchange=NSE\symbol=SBIN\part-035545_290707-001499.parquet,35998,downloaded,35998,
2026-07-17,NSE,SBIN,raw_l2/trade_date=2026-07-17/exchange=NSE/symbol=SBIN/part-035641_119282-001627.parquet,real_data_sample\l2_unseen_validation\trade_date=2026-07-17\exchange=NSE\symbol=SBIN\part-035641_119282-001627.parquet,34447,downloaded,34447,
2026-07-17,NSE,SBIN,raw_l2/trade_date=2026-07-17/exchange=NSE/symbol=SBIN/part-041333_124009-003931.parquet,real_data_sample\l2_unseen_validation\trade_date=2026-07-17\exchange=NSE\symbol=SBIN\part-041333_124009-003931.parquet,36244,downloaded,36244,
2026-07-17,NSE,SBIN,raw_l2/trade_date=2026-07-17/exchange=NSE/symbol=SBIN/part-035517_284508-001435.parquet,real_data_sample\l2_unseen_validation\trade_date=2026-07-17\exchange=NSE\symbol=SBIN\part-035517_284508-001435.parquet,34831,downloaded,34831,
2026-07-17,NSE,SBIN,raw_l2/trade_date=2026-07-17/exchange=NSE/symbol=SBIN/part-041347_141983-003963.parquet,real_data_sample\l2_unseen_validation\trade_date=2026-07-17\exchange=NSE\symbol=SBIN\part-041347_141983-003963.parquet,36502,downloaded,36502,
2026-07-17,NSE,SBIN,raw_l2/trade_date=2026-07-17/exchange=NSE/symbol=SBIN/part-041401_283878-003995.parquet,real_data_sample\l2_unseen_validation\trade_date=2026-07-17\exchange=NSE\symbol=SBIN\part-041401_283878-003995.parquet,36186,downloaded,36186,
2026-07-17,NSE,SBIN,raw_l2/trade_date=2026-07-17/exchange=NSE/symbol=SBIN/part-041415_346208-004027.parquet,real_data_sample\l2_unseen_validation\trade_date=2026-07-17\exchange=NSE\symbol=SBIN\part-041415_346208-004027.parquet,35619,downloaded,35619,
2026-07-17,NSE,SBIN,raw_l2/trade_date=2026-07-17/exchange=NSE/symbol=SBIN/part-041443_347363-004091.parquet,real_data_sample\l2_unseen_validation\trade_date=2026-07-17\exchange=NSE\symbol=SBIN\part-041443_347363-004091.parquet,35858,downloaded,35858,
2026-07-17,NSE,SBIN,raw_l2/trade_date=2026-07-17/exchange=NSE/symbol=SBIN/part-041429_299392-004059.parquet,real_data_sample\l2_unseen_validation\trade_date=2026-07-17\exchange=NSE\symbol=SBIN\part-041429_299392-004059.parquet,36060,downloaded,36060,
2026-07-17,NSE,SBIN,raw_l2/trade_date=2026-07-17/exchange=NSE/symbol=SBIN/part-035339_891393-001211.parquet,real_data_sample\l2_unseen_validation\trade_date=2026-07-17\exchange=NSE\symbol=SBIN\part-035339_891393-001211.parquet,36279,downloaded,36279,
2026-07-17,NSE,SBIN,raw_l2/trade_date=2026-07-17/exchange=NSE/symbol=SBIN/part-035435_291019-001339.parquet,real_data_sample\l2_unseen_validation\trade_date=2026-07-17\exchange=NSE\symbol=SBIN\part-035435_291019-001339.parquet,34426,downloaded,34426,
2026-07-17,NSE,SBIN,raw_l2/trade_date=2026-07-17/exchange=NSE/symbol=SBIN/part-035407_671737-001275.parquet,real_data_sample\l2_unseen_validation\trade_date=2026-07-17\exchange=NSE\symbol=SBIN\part-035407_671737-001275.parquet,36453,downloaded,36453,
2026-07-17,NSE,SBIN,raw_l2/trade_date=2026-07-17/exchange=NSE/symbol=SBIN/part-041457_217314-004123.parquet,real_data_sample\l2_unseen_validation\trade_date=2026-07-17\exchange=NSE\symbol=SBIN\part-041457_217314-004123.parquet,36493,downloaded,36493,
2026-07-17,NSE,SBIN,raw_l2/trade_date=2026-07-17/exchange=NSE/symbol=SBIN/part-041525_052122-004187.parquet,real_data_sample\l2_unseen_validation\trade_date=2026-07-17\exchange=NSE\symbol=SBIN\part-041525_052122-004187.parquet,35795,downloaded,35795,
2026-07-17,NSE,SBIN,raw_l2/trade_date=2026-07-17/exchange=NSE/symbol=SBIN/part-041539_204716-004219.parquet,real_data_sample\l2_unseen_validation\trade_date=2026-07-17\exchange=NSE\symbol=SBIN\part-041539_204716-004219.parquet,36208,downloaded,36208,
2026-07-17,NSE,SBIN,raw_l2/trade_date=2026-07-17/exchange=NSE/symbol=SBIN/part-041511_199910-004155.parquet,real_data_sample\l2_unseen_validation\trade_date=2026-07-17\exchange=NSE\symbol=SBIN\part-041511_199910-004155.parquet,36151,downloaded,36151,
2026-07-17,NSE,SBIN,raw_l2/trade_date=2026-07-17/exchange=NSE/symbol=SBIN/part-041554_182326-004251.parquet,real_data_sample\l2_unseen_validation\trade_date=2026-07-17\exchange=NSE\symbol=SBIN\part-041554_182326-004251.parquet,36008,downloaded,36008,
2026-07-17,NSE,SBIN,raw_l2/trade_date=2026-07-17/exchange=NSE/symbol=SBIN/part-041319_029457-003899.parquet,real_data_sample\l2_unseen_validation\trade_date=2026-07-17\exchange=NSE\symbol=SBIN\part-041319_029457-003899.parquet,36448,downloaded,36448,
2026-07-17,NSE,SBIN,raw_l2/trade_date=2026-07-17/exchange=NSE/symbol=SBIN/part-041649_270101-004379.parquet,real_data_sample\l2_unseen_validation\trade_date=2026-07-17\exchange=NSE\symbol=SBIN\part-041649_270101-004379.parquet,35807,downloaded,35807,
2026-07-17,NSE,SBIN,raw_l2/trade_date=2026-07-17/exchange=NSE/symbol=SBIN/part-041635_372393-004347.parquet,real_data_sample\l2_unseen_validation\trade_date=2026-07-17\exchange=NSE\symbol=SBIN\part-041635_372393-004347.parquet,35748,downloaded,35748,
2026-07-17,NSE,SBIN,raw_l2/trade_date=2026-07-17/exchange=NSE/symbol=SBIN/part-041155_523759-003707.parquet,real_data_sample\l2_unseen_validation\trade_date=2026-07-17\exchange=NSE\symbol=SBIN\part-041155_523759-003707.parquet,34398,downloaded,34398,
2026-07-17,NSE,SBIN,raw_l2/trade_date=2026-07-17/exchange=NSE/symbol=SBIN/part-041716_877616-004443.parquet,real_data_sample\l2_unseen_validation\trade_date=2026-07-17\exchange=NSE\symbol=SBIN\part-041716_877616-004443.parquet,35500,downloaded,35500,
2026-07-17,NSE,SBIN,raw_l2/trade_date=2026-07-17/exchange=NSE/symbol=SBIN/part-041731_390596-004475.parquet,real_data_sample\l2_unseen_validation\trade_date=2026-07-17\exchange=NSE\symbol=SBIN\part-041731_390596-004475.parquet,34852,downloaded,34852,
2026-07-17,NSE,SBIN,raw_l2/trade_date=2026-07-17/exchange=NSE/symbol=SBIN/part-041759_033728-004539.parquet,real_data_sample\l2_unseen_validation\trade_date=2026-07-17\exchange=NSE\symbol=SBIN\part-041759_033728-004539.parquet,34610,downloaded,34610,
2026-07-17,NSE,SBIN,raw_l2/trade_date=2026-07-17/exchange=NSE/symbol=SBIN/part-041621_745557-004315.parquet,real_data_sample\l2_unseen_validation\trade_date=2026-07-17\exchange=NSE\symbol=SBIN\part-041621_745557-004315.parquet,35820,downloaded,35820,
2026-07-17,NSE,SBIN,raw_l2/trade_date=2026-07-17/exchange=NSE/symbol=SBIN/part-041826_392925-004603.parquet,real_data_sample\l2_unseen_validation\trade_date=2026-07-17\exchange=NSE\symbol=SBIN\part-041826_392925-004603.parquet,34683,downloaded,34683,
2026-07-17,NSE,SBIN,raw_l2/trade_date=2026-07-17/exchange=NSE/symbol=SBIN/part-035258_427489-001115.parquet,real_data_sample\l2_unseen_validation\trade_date=2026-07-17\exchange=NSE\symbol=SBIN\part-035258_427489-001115.parquet,36697,downloaded,36697,
2026-07-17,NSE,SBIN,raw_l2/trade_date=2026-07-17/exchange=NSE/symbol=SBIN/part-041854_655956-004667.parquet,real_data_sample\l2_unseen_validation\trade_date=2026-07-17\exchange=NSE\symbol=SBIN\part-041854_655956-004667.parquet,34441,downloaded,34441,
2026-07-17,NSE,SBIN,raw_l2/trade_date=2026-07-17/exchange=NSE/symbol=SBIN/part-041840_289860-004635.parquet,real_data_sample\l2_unseen_validation\trade_date=2026-07-17\exchange=NSE\symbol=SBIN\part-041840_289860-004635.parquet,34531,downloaded,34531,
2026-07-17,NSE,SBIN,raw_l2/trade_date=2026-07-17/exchange=NSE/symbol=SBIN/part-041908_858187-004699.parquet,real_data_sample\l2_unseen_validation\trade_date=2026-07-17\exchange=NSE\symbol=SBIN\part-041908_858187-004699.parquet,34652,downloaded,34652,
2026-07-17,NSE,SBIN,raw_l2/trade_date=2026-07-17/exchange=NSE/symbol=SBIN/part-041923_226654-004731.parquet,real_data_sample\l2_unseen_validation\trade_date=2026-07-17\exchange=NSE\symbol=SBIN\part-041923_226654-004731.parquet,34712,downloaded,34712,
2026-07-17,NSE,SBIN,raw_l2/trade_date=2026-07-17/exchange=NSE/symbol=SBIN/part-042032_960019-004891.parquet,real_data_sample\l2_unseen_validation\trade_date=2026-07-17\exchange=NSE\symbol=SBIN\part-042032_960019-004891.parquet,35828,downloaded,35828,
2026-07-17,NSE,SBIN,raw_l2/trade_date=2026-07-17/exchange=NSE/symbol=SBIN/part-042046_901101-004923.parquet,real_data_sample\l2_unseen_validation\trade_date=2026-07-17\exchange=NSE\symbol=SBIN\part-042046_901101-004923.parquet,35754,downloaded,35754,
2026-07-17,NSE,SBIN,raw_l2/trade_date=2026-07-17/exchange=NSE/symbol=SBIN/part-042100_687364-004955.parquet,real_data_sample\l2_unseen_validation\trade_date=2026-07-17\exchange=NSE\symbol=SBIN\part-042100_687364-004955.parquet,35974,downloaded,35974,
2026-07-17,NSE,SBIN,raw_l2/trade_date=2026-07-17/exchange=NSE/symbol=SBIN/part-042114_472383-004987.parquet,real_data_sample\l2_unseen_validation\trade_date=2026-07-17\exchange=NSE\symbol=SBIN\part-042114_472383-004987.parquet,36175,downloaded,36175,
2026-07-17,NSE,SBIN,raw_l2/trade_date=2026-07-17/exchange=NSE/symbol=SBIN/part-041951_355434-004795.parquet,real_data_sample\l2_unseen_validation\trade_date=2026-07-17\exchange=NSE\symbol=SBIN\part-041951_355434-004795.parquet,34727,downloaded,34727,
2026-07-17,NSE,SBIN,raw_l2/trade_date=2026-07-17/exchange=NSE/symbol=SBIN/part-041937_279527-004763.parquet,real_data_sample\l2_unseen_validation\trade_date=2026-07-17\exchange=NSE\symbol=SBIN\part-041937_279527-004763.parquet,34659,downloaded,34659,
2026-07-17,NSE,SBIN,raw_l2/trade_date=2026-07-17/exchange=NSE/symbol=SBIN/part-042128_455835-005019.parquet,real_data_sample\l2_unseen_validation\trade_date=2026-07-17\exchange=NSE\symbol=SBIN\part-042128_455835-005019.parquet,35815,downloaded,35815,
2026-07-17,NSE,SBIN,raw_l2/trade_date=2026-07-17/exchange=NSE/symbol=SBIN/part-042005_222225-004827.parquet,real_data_sample\l2_unseen_validation\trade_date=2026-07-17\exchange=NSE\symbol=SBIN\part-042005_222225-004827.parquet,34427,downloaded,34427,
2026-07-17,NSE,SBIN,raw_l2/trade_date=2026-07-17/exchange=NSE/symbol=SBIN/part-042019_240010-004859.parquet,real_data_sample\l2_unseen_validation\trade_date=2026-07-17\exchange=NSE\symbol=SBIN\part-042019_240010-004859.parquet,35139,downloaded,35139,
2026-07-17,NSE,SBIN,raw_l2/trade_date=2026-07-17/exchange=NSE/symbol=SBIN/part-041607_935055-004283.parquet,real_data_sample\l2_unseen_validation\trade_date=2026-07-17\exchange=NSE\symbol=SBIN\part-041607_935055-004283.parquet,36420,downloaded,36420,
2026-07-17,NSE,SBIN,raw_l2/trade_date=2026-07-17/exchange=NSE/symbol=SBIN/part-042156_559370-005083.parquet,real_data_sample\l2_unseen_validation\trade_date=2026-07-17\exchange=NSE\symbol=SBIN\part-042156_559370-005083.parquet,35744,downloaded,35744,
2026-07-17,NSE,SBIN,raw_l2/trade_date=2026-07-17/exchange=NSE/symbol=SBIN/part-041703_093544-004411.parquet,real_data_sample\l2_unseen_validation\trade_date=2026-07-17\exchange=NSE\symbol=SBIN\part-041703_093544-004411.parquet,35692,downloaded,35692,
2026-07-17,NSE,SBIN,raw_l2/trade_date=2026-07-17/exchange=NSE/symbol=SBIN/part-042238_495933-005179.parquet,real_data_sample\l2_unseen_validation\trade_date=2026-07-17\exchange=NSE\symbol=SBIN\part-042238_495933-005179.parquet,35541,downloaded,35541,
2026-07-17,NSE,SBIN,raw_l2/trade_date=2026-07-17/exchange=NSE/symbol=SBIN/part-042210_597297-005115.parquet,real_data_sample\l2_unseen_validation\trade_date=2026-07-17\exchange=NSE\symbol=SBIN\part-042210_597297-005115.parquet,36471,downloaded,36471,
2026-07-17,NSE,SBIN,raw_l2/trade_date=2026-07-17/exchange=NSE/symbol=SBIN/part-042142_549888-005051.parquet,real_data_sample\l2_unseen_validation\trade_date=2026-07-17\exchange=NSE\symbol=SBIN\part-042142_549888-005051.parquet,35643,downloaded,35643,
2026-07-17,NSE,SBIN,raw_l2/trade_date=2026-07-17/exchange=NSE/symbol=SBIN/part-042224_540109-005147.parquet,real_data_sample\l2_unseen_validation\trade_date=2026-07-17\exchange=NSE\symbol=SBIN\part-042224_540109-005147.parquet,35707,downloaded,35707,
2026-07-17,NSE,SBIN,raw_l2/trade_date=2026-07-17/exchange=NSE/symbol=SBIN/part-042320_357310-005275.parquet,real_data_sample\l2_unseen_validation\trade_date=2026-07-17\exchange=NSE\symbol=SBIN\part-042320_357310-005275.parquet,34952,downloaded,34952,
2026-07-17,NSE,SBIN,raw_l2/trade_date=2026-07-17/exchange=NSE/symbol=SBIN/part-042306_237670-005243.parquet,real_data_sample\l2_unseen_validation\trade_date=2026-07-17\exchange=NSE\symbol=SBIN\part-042306_237670-005243.parquet,35638,downloaded,35638,
2026-07-17,NSE,SBIN,raw_l2/trade_date=2026-07-17/exchange=NSE/symbol=SBIN/part-041745_233062-004507.parquet,real_data_sample\l2_unseen_validation\trade_date=2026-07-17\exchange=NSE\symbol=SBIN\part-041745_233062-004507.parquet,34611,downloaded,34611,
2026-07-17,NSE,SBIN,raw_l2/trade_date=2026-07-17/exchange=NSE/symbol=SBIN/part-042348_332692-005339.parquet,real_data_sample\l2_unseen_validation\trade_date=2026-07-17\exchange=NSE\symbol=SBIN\part-042348_332692-005339.parquet,34569,downloaded,34569,
2026-07-17,NSE,SBIN,raw_l2/trade_date=2026-07-17/exchange=NSE/symbol=SBIN/part-042415_967420-005403.parquet,real_data_sample\l2_unseen_validation\trade_date=2026-07-17\exchange=NSE\symbol=SBIN\part-042415_967420-005403.parquet,34723,downloaded,34723,
2026-07-17,NSE,SBIN,raw_l2/trade_date=2026-07-17/exchange=NSE/symbol=SBIN/part-042402_204415-005371.parquet,real_data_sample\l2_unseen_validation\trade_date=2026-07-17\exchange=NSE\symbol=SBIN\part-042402_204415-005371.parquet,34724,downloaded,34724,
2026-07-17,NSE,SBIN,raw_l2/trade_date=2026-07-17/exchange=NSE/symbol=SBIN/part-041812_610772-004571.parquet,real_data_sample\l2_unseen_validation\trade_date=2026-07-17\exchange=NSE\symbol=SBIN\part-041812_610772-004571.parquet,34624,downloaded,34624,
2026-07-17,NSE,SBIN,raw_l2/trade_date=2026-07-17/exchange=NSE/symbol=SBIN/part-042444_014725-005467.parquet,real_data_sample\l2_unseen_validation\trade_date=2026-07-17\exchange=NSE\symbol=SBIN\part-042444_014725-005467.parquet,34740,downloaded,34740,
2026-07-17,NSE,SBIN,raw_l2/trade_date=2026-07-17/exchange=NSE/symbol=SBIN/part-042457_659387-005499.parquet,real_data_sample\l2_unseen_validation\trade_date=2026-07-17\exchange=NSE\symbol=SBIN\part-042457_659387-005499.parquet,34638,downloaded,34638,
2026-07-17,NSE,SBIN,raw_l2/trade_date=2026-07-17/exchange=NSE/symbol=SBIN/part-042511_480861-005531.parquet,real_data_sample\l2_unseen_validation\trade_date=2026-07-17\exchange=NSE\symbol=SBIN\part-042511_480861-005531.parquet,34633,downloaded,34633,
2026-07-17,NSE,SBIN,raw_l2/trade_date=2026-07-17/exchange=NSE/symbol=SBIN/part-042607_740909-005659.parquet,real_data_sample\l2_unseen_validation\trade_date=2026-07-17\exchange=NSE\symbol=SBIN\part-042607_740909-005659.parquet,34731,downloaded,34731,
2026-07-17,NSE,SBIN,raw_l2/trade_date=2026-07-17/exchange=NSE/symbol=SBIN/part-042553_497816-005627.parquet,real_data_sample\l2_unseen_validation\trade_date=2026-07-17\exchange=NSE\symbol=SBIN\part-042553_497816-005627.parquet,34610,downloaded,34610,
2026-07-17,NSE,SBIN,raw_l2/trade_date=2026-07-17/exchange=NSE/symbol=SBIN/part-042539_636900-005595.parquet,real_data_sample\l2_unseen_validation\trade_date=2026-07-17\exchange=NSE\symbol=SBIN\part-042539_636900-005595.parquet,34594,downloaded,34594,
2026-07-17,NSE,SBIN,raw_l2/trade_date=2026-07-17/exchange=NSE/symbol=SBIN/part-042525_515146-005563.parquet,real_data_sample\l2_unseen_validation\trade_date=2026-07-17\exchange=NSE\symbol=SBIN\part-042525_515146-005563.parquet,34721,downloaded,34721,
2026-07-17,NSE,SBIN,raw_l2/trade_date=2026-07-17/exchange=NSE/symbol=SBIN/part-042430_069463-005435.parquet,real_data_sample\l2_unseen_validation\trade_date=2026-07-17\exchange=NSE\symbol=SBIN\part-042430_069463-005435.parquet,34575,downloaded,34575,
2026-07-17,NSE,SBIN,raw_l2/trade_date=2026-07-17/exchange=NSE/symbol=SBIN/part-042621_701601-005691.parquet,real_data_sample\l2_unseen_validation\trade_date=2026-07-17\exchange=NSE\symbol=SBIN\part-042621_701601-005691.parquet,34628,downloaded,34628,
2026-07-17,NSE,SBIN,raw_l2/trade_date=2026-07-17/exchange=NSE/symbol=SBIN/part-042649_837678-005755.parquet,real_data_sample\l2_unseen_validation\trade_date=2026-07-17\exchange=NSE\symbol=SBIN\part-042649_837678-005755.parquet,34429,downloaded,34429,
2026-07-17,NSE,SBIN,raw_l2/trade_date=2026-07-17/exchange=NSE/symbol=SBIN/part-042717_841063-005819.parquet,real_data_sample\l2_unseen_validation\trade_date=2026-07-17\exchange=NSE\symbol=SBIN\part-042717_841063-005819.parquet,34680,downloaded,34680,
2026-07-17,NSE,SBIN,raw_l2/trade_date=2026-07-17/exchange=NSE/symbol=SBIN/part-042703_867900-005787.parquet,real_data_sample\l2_unseen_validation\trade_date=2026-07-17\exchange=NSE\symbol=SBIN\part-042703_867900-005787.parquet,34430,downloaded,34430,
2026-07-17,NSE,SBIN,raw_l2/trade_date=2026-07-17/exchange=NSE/symbol=SBIN/part-042635_863619-005723.parquet,real_data_sample\l2_unseen_validation\trade_date=2026-07-17\exchange=NSE\symbol=SBIN\part-042635_863619-005723.parquet,34375,downloaded,34375,
2026-07-17,NSE,SBIN,raw_l2/trade_date=2026-07-17/exchange=NSE/symbol=SBIN/part-042731_882845-005851.parquet,real_data_sample\l2_unseen_validation\trade_date=2026-07-17\exchange=NSE\symbol=SBIN\part-042731_882845-005851.parquet,34661,downloaded,34661,
2026-07-17,NSE,SBIN,raw_l2/trade_date=2026-07-17/exchange=NSE/symbol=SBIN/part-042813_356295-005947.parquet,real_data_sample\l2_unseen_validation\trade_date=2026-07-17\exchange=NSE\symbol=SBIN\part-042813_356295-005947.parquet,34663,downloaded,34663,
2026-07-17,NSE,SBIN,raw_l2/trade_date=2026-07-17/exchange=NSE/symbol=SBIN/part-042745_646930-005883.parquet,real_data_sample\l2_unseen_validation\trade_date=2026-07-17\exchange=NSE\symbol=SBIN\part-042745_646930-005883.parquet,34711,downloaded,34711,
2026-07-17,NSE,SBIN,raw_l2/trade_date=2026-07-17/exchange=NSE/symbol=SBIN/part-042759_412758-005915.parquet,real_data_sample\l2_unseen_validation\trade_date=2026-07-17\exchange=NSE\symbol=SBIN\part-042759_412758-005915.parquet,34464,downloaded,34464,
2026-07-17,NSE,SBIN,raw_l2/trade_date=2026-07-17/exchange=NSE/symbol=SBIN/part-042855_193571-006043.parquet,real_data_sample\l2_unseen_validation\trade_date=2026-07-17\exchange=NSE\symbol=SBIN\part-042855_193571-006043.parquet,34423,downloaded,34423,
2026-07-17,NSE,SBIN,raw_l2/trade_date=2026-07-17/exchange=NSE/symbol=SBIN/part-042252_255672-005211.parquet,real_data_sample\l2_unseen_validation\trade_date=2026-07-17\exchange=NSE\symbol=SBIN\part-042252_255672-005211.parquet,35489,downloaded,35489,
2026-07-17,NSE,SBIN,raw_l2/trade_date=2026-07-17/exchange=NSE/symbol=SBIN/part-042909_131644-006075.parquet,real_data_sample\l2_unseen_validation\trade_date=2026-07-17\exchange=NSE\symbol=SBIN\part-042909_131644-006075.parquet,34631,downloaded,34631,
2026-07-17,NSE,SBIN,raw_l2/trade_date=2026-07-17/exchange=NSE/symbol=SBIN/part-042827_354061-005979.parquet,real_data_sample\l2_unseen_validation\trade_date=2026-07-17\exchange=NSE\symbol=SBIN\part-042827_354061-005979.parquet,34727,downloaded,34727,
2026-07-17,NSE,SBIN,raw_l2/trade_date=2026-07-17/exchange=NSE/symbol=SBIN/part-042951_067923-006171.parquet,real_data_sample\l2_unseen_validation\trade_date=2026-07-17\exchange=NSE\symbol=SBIN\part-042951_067923-006171.parquet,35678,downloaded,35678,
2026-07-17,NSE,SBIN,raw_l2/trade_date=2026-07-17/exchange=NSE/symbol=SBIN/part-042923_096063-006107.parquet,real_data_sample\l2_unseen_validation\trade_date=2026-07-17\exchange=NSE\symbol=SBIN\part-042923_096063-006107.parquet,35309,downloaded,35309,
2026-07-17,NSE,SBIN,raw_l2/trade_date=2026-07-17/exchange=NSE/symbol=SBIN/part-043005_074643-006203.parquet,real_data_sample\l2_unseen_validation\trade_date=2026-07-17\exchange=NSE\symbol=SBIN\part-043005_074643-006203.parquet,35861,downloaded,35861,
2026-07-17,NSE,SBIN,raw_l2/trade_date=2026-07-17/exchange=NSE/symbol=SBIN/part-042937_125391-006139.parquet,real_data_sample\l2_unseen_validation\trade_date=2026-07-17\exchange=NSE\symbol=SBIN\part-042937_125391-006139.parquet,35960,downloaded,35960,
2026-07-17,NSE,SBIN,raw_l2/trade_date=2026-07-17/exchange=NSE/symbol=SBIN/part-043033_256447-006267.parquet,real_data_sample\l2_unseen_validation\trade_date=2026-07-17\exchange=NSE\symbol=SBIN\part-043033_256447-006267.parquet,34751,downloaded,34751,
2026-07-17,NSE,SBIN,raw_l2/trade_date=2026-07-17/exchange=NSE/symbol=SBIN/part-043046_953194-006299.parquet,real_data_sample\l2_unseen_validation\trade_date=2026-07-17\exchange=NSE\symbol=SBIN\part-043046_953194-006299.parquet,34638,downloaded,34638,
2026-07-17,NSE,SBIN,raw_l2/trade_date=2026-07-17/exchange=NSE/symbol=SBIN/part-043156_988024-006459.parquet,real_data_sample\l2_unseen_validation\trade_date=2026-07-17\exchange=NSE\symbol=SBIN\part-043156_988024-006459.parquet,35918,downloaded,35918,
2026-07-17,NSE,SBIN,raw_l2/trade_date=2026-07-17/exchange=NSE/symbol=SBIN/part-043100_712496-006331.parquet,real_data_sample\l2_unseen_validation\trade_date=2026-07-17\exchange=NSE\symbol=SBIN\part-043100_712496-006331.parquet,34450,downloaded,34450,
2026-07-17,NSE,SBIN,raw_l2/trade_date=2026-07-17/exchange=NSE/symbol=SBIN/part-043129_093641-006395.parquet,real_data_sample\l2_unseen_validation\trade_date=2026-07-17\exchange=NSE\symbol=SBIN\part-043129_093641-006395.parquet,35939,downloaded,35939,
2026-07-17,NSE,SBIN,raw_l2/trade_date=2026-07-17/exchange=NSE/symbol=SBIN/part-043211_150132-006491.parquet,real_data_sample\l2_unseen_validation\trade_date=2026-07-17\exchange=NSE\symbol=SBIN\part-043211_150132-006491.parquet,35875,downloaded,35875,
2026-07-17,NSE,SBIN,raw_l2/trade_date=2026-07-17/exchange=NSE/symbol=SBIN/part-043225_558819-006523.parquet,real_data_sample\l2_unseen_validation\trade_date=2026-07-17\exchange=NSE\symbol=SBIN\part-043225_558819-006523.parquet,36056,downloaded,36056,
2026-07-17,NSE,SBIN,raw_l2/trade_date=2026-07-17/exchange=NSE/symbol=SBIN/part-043143_222950-006427.parquet,real_data_sample\l2_unseen_validation\trade_date=2026-07-17\exchange=NSE\symbol=SBIN\part-043143_222950-006427.parquet,35968,downloaded,35968,
2026-07-17,NSE,SBIN,raw_l2/trade_date=2026-07-17/exchange=NSE/symbol=SBIN/part-043239_615131-006555.parquet,real_data_sample\l2_unseen_validation\trade_date=2026-07-17\exchange=NSE\symbol=SBIN\part-043239_615131-006555.parquet,35811,downloaded,35811,
2026-07-17,NSE,SBIN,raw_l2/trade_date=2026-07-17/exchange=NSE/symbol=SBIN/part-043253_430199-006587.parquet,real_data_sample\l2_unseen_validation\trade_date=2026-07-17\exchange=NSE\symbol=SBIN\part-043253_430199-006587.parquet,35951,downloaded,35951,
2026-07-17,NSE,SBIN,raw_l2/trade_date=2026-07-17/exchange=NSE/symbol=SBIN/part-043321_519656-006651.parquet,real_data_sample\l2_unseen_validation\trade_date=2026-07-17\exchange=NSE\symbol=SBIN\part-043321_519656-006651.parquet,34854,downloaded,34854,
2026-07-17,NSE,SBIN,raw_l2/trade_date=2026-07-17/exchange=NSE/symbol=SBIN/part-043307_315626-006619.parquet,real_data_sample\l2_unseen_validation\trade_date=2026-07-17\exchange=NSE\symbol=SBIN\part-043307_315626-006619.parquet,35644,downloaded,35644,
2026-07-17,NSE,SBIN,raw_l2/trade_date=2026-07-17/exchange=NSE/symbol=SBIN/part-043349_641910-006715.parquet,real_data_sample\l2_unseen_validation\trade_date=2026-07-17\exchange=NSE\symbol=SBIN\part-043349_641910-006715.parquet,34698,downloaded,34698,
2026-07-17,NSE,SBIN,raw_l2/trade_date=2026-07-17/exchange=NSE/symbol=SBIN/part-043335_630436-006683.parquet,real_data_sample\l2_unseen_validation\trade_date=2026-07-17\exchange=NSE\symbol=SBIN\part-043335_630436-006683.parquet,34592,downloaded,34592,
2026-07-17,NSE,SBIN,raw_l2/trade_date=2026-07-17/exchange=NSE/symbol=SBIN/part-042334_284945-005307.parquet,real_data_sample\l2_unseen_validation\trade_date=2026-07-17\exchange=NSE\symbol=SBIN\part-042334_284945-005307.parquet,34766,downloaded,34766,
2026-07-17,NSE,SBIN,raw_l2/trade_date=2026-07-17/exchange=NSE/symbol=SBIN/part-042841_289865-006011.parquet,real_data_sample\l2_unseen_validation\trade_date=2026-07-17\exchange=NSE\symbol=SBIN\part-042841_289865-006011.parquet,34739,downloaded,34739,
2026-07-17,NSE,SBIN,raw_l2/trade_date=2026-07-17/exchange=NSE/symbol=SBIN/part-043403_495708-006747.parquet,real_data_sample\l2_unseen_validation\trade_date=2026-07-17\exchange=NSE\symbol=SBIN\part-043403_495708-006747.parquet,34671,downloaded,34671,
2026-07-17,NSE,SBIN,raw_l2/trade_date=2026-07-17/exchange=NSE/symbol=SBIN/part-043417_635257-006779.parquet,real_data_sample\l2_unseen_validation\trade_date=2026-07-17\exchange=NSE\symbol=SBIN\part-043417_635257-006779.parquet,34689,downloaded,34689,
2026-07-17,NSE,SBIN,raw_l2/trade_date=2026-07-17/exchange=NSE/symbol=SBIN/part-043459_279847-006875.parquet,real_data_sample\l2_unseen_validation\trade_date=2026-07-17\exchange=NSE\symbol=SBIN\part-043459_279847-006875.parquet,34666,downloaded,34666,
2026-07-17,NSE,SBIN,raw_l2/trade_date=2026-07-17/exchange=NSE/symbol=SBIN/part-043431_611549-006811.parquet,real_data_sample\l2_unseen_validation\trade_date=2026-07-17\exchange=NSE\symbol=SBIN\part-043431_611549-006811.parquet,34430,downloaded,34430,
2026-07-17,NSE,SBIN,raw_l2/trade_date=2026-07-17/exchange=NSE/symbol=SBIN/part-043513_112677-006907.parquet,real_data_sample\l2_unseen_validation\trade_date=2026-07-17\exchange=NSE\symbol=SBIN\part-043513_112677-006907.parquet,34726,downloaded,34726,
2026-07-17,NSE,SBIN,raw_l2/trade_date=2026-07-17/exchange=NSE/symbol=SBIN/part-043650_921344-007131.parquet,real_data_sample\l2_unseen_validation\trade_date=2026-07-17\exchange=NSE\symbol=SBIN\part-043650_921344-007131.parquet,35673,downloaded,35673,
2026-07-17,NSE,SBIN,raw_l2/trade_date=2026-07-17/exchange=NSE/symbol=SBIN/part-043019_358004-006235.parquet,real_data_sample\l2_unseen_validation\trade_date=2026-07-17\exchange=NSE\symbol=SBIN\part-043019_358004-006235.parquet,35582,downloaded,35582,
2026-07-17,NSE,SBIN,raw_l2/trade_date=2026-07-17/exchange=NSE/symbol=SBIN/part-043704_841367-007163.parquet,real_data_sample\l2_unseen_validation\trade_date=2026-07-17\exchange=NSE\symbol=SBIN\part-043704_841367-007163.parquet,36087,downloaded,36087,
2026-07-17,NSE,SBIN,raw_l2/trade_date=2026-07-17/exchange=NSE/symbol=SBIN/part-043114_811921-006363.parquet,real_data_sample\l2_unseen_validation\trade_date=2026-07-17\exchange=NSE\symbol=SBIN\part-043114_811921-006363.parquet,34773,downloaded,34773,
2026-07-17,NSE,SBIN,raw_l2/trade_date=2026-07-17/exchange=NSE/symbol=SBIN/part-043732_619695-007227.parquet,real_data_sample\l2_unseen_validation\trade_date=2026-07-17\exchange=NSE\symbol=SBIN\part-043732_619695-007227.parquet,34623,downloaded,34623,
2026-07-17,NSE,SBIN,raw_l2/trade_date=2026-07-17/exchange=NSE/symbol=SBIN/part-043718_689483-007195.parquet,real_data_sample\l2_unseen_validation\trade_date=2026-07-17\exchange=NSE\symbol=SBIN\part-043718_689483-007195.parquet,35363,downloaded,35363,
2026-07-17,NSE,SBIN,raw_l2/trade_date=2026-07-17/exchange=NSE/symbol=SBIN/part-043554_811775-007003.parquet,real_data_sample\l2_unseen_validation\trade_date=2026-07-17\exchange=NSE\symbol=SBIN\part-043554_811775-007003.parquet,34478,downloaded,34478,
2026-07-17,NSE,SBIN,raw_l2/trade_date=2026-07-17/exchange=NSE/symbol=SBIN/part-043622_684991-007067.parquet,real_data_sample\l2_unseen_validation\trade_date=2026-07-17\exchange=NSE\symbol=SBIN\part-043622_684991-007067.parquet,35410,downloaded,35410,
2026-07-17,NSE,SBIN,raw_l2/trade_date=2026-07-17/exchange=NSE/symbol=SBIN/part-043746_473351-007259.parquet,real_data_sample\l2_unseen_validation\trade_date=2026-07-17\exchange=NSE\symbol=SBIN\part-043746_473351-007259.parquet,34695,downloaded,34695,
2026-07-17,NSE,SBIN,raw_l2/trade_date=2026-07-17/exchange=NSE/symbol=SBIN/part-043608_789192-007035.parquet,real_data_sample\l2_unseen_validation\trade_date=2026-07-17\exchange=NSE\symbol=SBIN\part-043608_789192-007035.parquet,34734,downloaded,34734,
2026-07-17,NSE,SBIN,raw_l2/trade_date=2026-07-17/exchange=NSE/symbol=SBIN/part-043800_178448-007291.parquet,real_data_sample\l2_unseen_validation\trade_date=2026-07-17\exchange=NSE\symbol=SBIN\part-043800_178448-007291.parquet,34663,downloaded,34663,
2026-07-17,NSE,SBIN,raw_l2/trade_date=2026-07-17/exchange=NSE/symbol=SBIN/part-043636_746436-007099.parquet,real_data_sample\l2_unseen_validation\trade_date=2026-07-17\exchange=NSE\symbol=SBIN\part-043636_746436-007099.parquet,35941,downloaded,35941,
2026-07-17,NSE,SBIN,raw_l2/trade_date=2026-07-17/exchange=NSE/symbol=SBIN/part-043814_643338-007323.parquet,real_data_sample\l2_unseen_validation\trade_date=2026-07-17\exchange=NSE\symbol=SBIN\part-043814_643338-007323.parquet,34690,downloaded,34690,
2026-07-17,NSE,SBIN,raw_l2/trade_date=2026-07-17/exchange=NSE/symbol=SBIN/part-043445_468922-006843.parquet,real_data_sample\l2_unseen_validation\trade_date=2026-07-17\exchange=NSE\symbol=SBIN\part-043445_468922-006843.parquet,34627,downloaded,34627,
2026-07-17,NSE,SBIN,raw_l2/trade_date=2026-07-17/exchange=NSE/symbol=SBIN/part-043527_010557-006939.parquet,real_data_sample\l2_unseen_validation\trade_date=2026-07-17\exchange=NSE\symbol=SBIN\part-043527_010557-006939.parquet,34756,downloaded,34756,
2026-07-17,NSE,SBIN,raw_l2/trade_date=2026-07-17/exchange=NSE/symbol=SBIN/part-043828_591650-007355.parquet,real_data_sample\l2_unseen_validation\trade_date=2026-07-17\exchange=NSE\symbol=SBIN\part-043828_591650-007355.parquet,36603,downloaded,36603,
2026-07-17,NSE,SBIN,raw_l2/trade_date=2026-07-17/exchange=NSE/symbol=SBIN/part-043937_875112-007515.parquet,real_data_sample\l2_unseen_validation\trade_date=2026-07-17\exchange=NSE\symbol=SBIN\part-043937_875112-007515.parquet,35802,downloaded,35802,
2026-07-17,NSE,SBIN,raw_l2/trade_date=2026-07-17/exchange=NSE/symbol=SBIN/part-043856_881910-007419.parquet,real_data_sample\l2_unseen_validation\trade_date=2026-07-17\exchange=NSE\symbol=SBIN\part-043856_881910-007419.parquet,35759,downloaded,35759,
2026-07-17,NSE,SBIN,raw_l2/trade_date=2026-07-17/exchange=NSE/symbol=SBIN/part-043842_759910-007387.parquet,real_data_sample\l2_unseen_validation\trade_date=2026-07-17\exchange=NSE\symbol=SBIN\part-043842_759910-007387.parquet,35974,downloaded,35974,
2026-07-17,NSE,SBIN,raw_l2/trade_date=2026-07-17/exchange=NSE/symbol=SBIN/part-043924_301788-007483.parquet,real_data_sample\l2_unseen_validation\trade_date=2026-07-17\exchange=NSE\symbol=SBIN\part-043924_301788-007483.parquet,36446,downloaded,36446,
2026-07-17,NSE,SBIN,raw_l2/trade_date=2026-07-17/exchange=NSE/symbol=SBIN/part-043910_681705-007451.parquet,real_data_sample\l2_unseen_validation\trade_date=2026-07-17\exchange=NSE\symbol=SBIN\part-043910_681705-007451.parquet,35846,downloaded,35846,
2026-07-17,NSE,SBIN,raw_l2/trade_date=2026-07-17/exchange=NSE/symbol=SBIN/part-044005_427940-007579.parquet,real_data_sample\l2_unseen_validation\trade_date=2026-07-17\exchange=NSE\symbol=SBIN\part-044005_427940-007579.parquet,35949,downloaded,35949,
2026-07-17,NSE,SBIN,raw_l2/trade_date=2026-07-17/exchange=NSE/symbol=SBIN/part-044019_238643-007611.parquet,real_data_sample\l2_unseen_validation\trade_date=2026-07-17\exchange=NSE\symbol=SBIN\part-044019_238643-007611.parquet,35973,downloaded,35973,
2026-07-17,NSE,SBIN,raw_l2/trade_date=2026-07-17/exchange=NSE/symbol=SBIN/part-043951_674042-007547.parquet,real_data_sample\l2_unseen_validation\trade_date=2026-07-17\exchange=NSE\symbol=SBIN\part-043951_674042-007547.parquet,35844,downloaded,35844,
2026-07-17,NSE,SBIN,raw_l2/trade_date=2026-07-17/exchange=NSE/symbol=SBIN/part-043540_825380-006971.parquet,real_data_sample\l2_unseen_validation\trade_date=2026-07-17\exchange=NSE\symbol=SBIN\part-043540_825380-006971.parquet,34546,downloaded,34546,
2026-07-17,NSE,SBIN,raw_l2/trade_date=2026-07-17/exchange=NSE/symbol=SBIN/part-044155_368538-007835.parquet,real_data_sample\l2_unseen_validation\trade_date=2026-07-17\exchange=NSE\symbol=SBIN\part-044155_368538-007835.parquet,34743,downloaded,34743,
2026-07-17,NSE,SBIN,raw_l2/trade_date=2026-07-17/exchange=NSE/symbol=SBIN/part-044100_321185-007707.parquet,real_data_sample\l2_unseen_validation\trade_date=2026-07-17\exchange=NSE\symbol=SBIN\part-044100_321185-007707.parquet,36228,downloaded,36228,
2026-07-17,NSE,SBIN,raw_l2/trade_date=2026-07-17/exchange=NSE/symbol=SBIN/part-044127_854469-007771.parquet,real_data_sample\l2_unseen_validation\trade_date=2026-07-17\exchange=NSE\symbol=SBIN\part-044127_854469-007771.parquet,34663,downloaded,34663,
2026-07-17,NSE,SBIN,raw_l2/trade_date=2026-07-17/exchange=NSE/symbol=SBIN/part-044114_123406-007739.parquet,real_data_sample\l2_unseen_validation\trade_date=2026-07-17\exchange=NSE\symbol=SBIN\part-044114_123406-007739.parquet,36032,downloaded,36032,
2026-07-17,NSE,SBIN,raw_l2/trade_date=2026-07-17/exchange=NSE/symbol=SBIN/part-044141_642108-007803.parquet,real_data_sample\l2_unseen_validation\trade_date=2026-07-17\exchange=NSE\symbol=SBIN\part-044141_642108-007803.parquet,34686,downloaded,34686,
2026-07-17,NSE,SBIN,raw_l2/trade_date=2026-07-17/exchange=NSE/symbol=SBIN/part-044209_196686-007867.parquet,real_data_sample\l2_unseen_validation\trade_date=2026-07-17\exchange=NSE\symbol=SBIN\part-044209_196686-007867.parquet,34689,downloaded,34689,
2026-07-17,NSE,SBIN,raw_l2/trade_date=2026-07-17/exchange=NSE/symbol=SBIN/part-044237_021414-007931.parquet,real_data_sample\l2_unseen_validation\trade_date=2026-07-17\exchange=NSE\symbol=SBIN\part-044237_021414-007931.parquet,34735,downloaded,34735,
2026-07-17,NSE,SBIN,raw_l2/trade_date=2026-07-17/exchange=NSE/symbol=SBIN/part-044304_953023-007995.parquet,real_data_sample\l2_unseen_validation\trade_date=2026-07-17\exchange=NSE\symbol=SBIN\part-044304_953023-007995.parquet,34651,downloaded,34651,
2026-07-17,NSE,SBIN,raw_l2/trade_date=2026-07-17/exchange=NSE/symbol=SBIN/part-044509_189940-008283.parquet,real_data_sample\l2_unseen_validation\trade_date=2026-07-17\exchange=NSE\symbol=SBIN\part-044509_189940-008283.parquet,34747,downloaded,34747,
2026-07-17,NSE,SBIN,raw_l2/trade_date=2026-07-17/exchange=NSE/symbol=SBIN/part-044455_410945-008251.parquet,real_data_sample\l2_unseen_validation\trade_date=2026-07-17\exchange=NSE\symbol=SBIN\part-044455_410945-008251.parquet,34740,downloaded,34740,
2026-07-17,NSE,SBIN,raw_l2/trade_date=2026-07-17/exchange=NSE/symbol=SBIN/part-044346_408829-008091.parquet,real_data_sample\l2_unseen_validation\trade_date=2026-07-17\exchange=NSE\symbol=SBIN\part-044346_408829-008091.parquet,34779,downloaded,34779,
2026-07-17,NSE,SBIN,raw_l2/trade_date=2026-07-17/exchange=NSE/symbol=SBIN/part-044400_230484-008123.parquet,real_data_sample\l2_unseen_validation\trade_date=2026-07-17\exchange=NSE\symbol=SBIN\part-044400_230484-008123.parquet,34707,downloaded,34707,
2026-07-17,NSE,SBIN,raw_l2/trade_date=2026-07-17/exchange=NSE/symbol=SBIN/part-044413_962308-008155.parquet,real_data_sample\l2_unseen_validation\trade_date=2026-07-17\exchange=NSE\symbol=SBIN\part-044413_962308-008155.parquet,34653,downloaded,34653,
2026-07-17,NSE,SBIN,raw_l2/trade_date=2026-07-17/exchange=NSE/symbol=SBIN/part-044332_685172-008059.parquet,real_data_sample\l2_unseen_validation\trade_date=2026-07-17\exchange=NSE\symbol=SBIN\part-044332_685172-008059.parquet,34629,downloaded,34629,
2026-07-17,NSE,SBIN,raw_l2/trade_date=2026-07-17/exchange=NSE/symbol=SBIN/part-044427_618823-008187.parquet,real_data_sample\l2_unseen_validation\trade_date=2026-07-17\exchange=NSE\symbol=SBIN\part-044427_618823-008187.parquet,34412,downloaded,34412,
2026-07-17,NSE,SBIN,raw_l2/trade_date=2026-07-17/exchange=NSE/symbol=SBIN/part-044318_684426-008027.parquet,real_data_sample\l2_unseen_validation\trade_date=2026-07-17\exchange=NSE\symbol=SBIN\part-044318_684426-008027.parquet,34577,downloaded,34577,
2026-07-17,NSE,SBIN,raw_l2/trade_date=2026-07-17/exchange=NSE/symbol=SBIN/part-044522_981916-008315.parquet,real_data_sample\l2_unseen_validation\trade_date=2026-07-17\exchange=NSE\symbol=SBIN\part-044522_981916-008315.parquet,36019,downloaded,36019,
2026-07-17,NSE,SBIN,raw_l2/trade_date=2026-07-17/exchange=NSE/symbol=SBIN/part-044536_702344-008347.parquet,real_data_sample\l2_unseen_validation\trade_date=2026-07-17\exchange=NSE\symbol=SBIN\part-044536_702344-008347.parquet,36099,downloaded,36099,
2026-07-17,NSE,SBIN,raw_l2/trade_date=2026-07-17/exchange=NSE/symbol=SBIN/part-044046_622938-007675.parquet,real_data_sample\l2_unseen_validation\trade_date=2026-07-17\exchange=NSE\symbol=SBIN\part-044046_622938-007675.parquet,35607,downloaded,35607,
2026-07-17,NSE,SBIN,raw_l2/trade_date=2026-07-17/exchange=NSE/symbol=SBIN/part-044441_670671-008219.parquet,real_data_sample\l2_unseen_validation\trade_date=2026-07-17\exchange=NSE\symbol=SBIN\part-044441_670671-008219.parquet,34728,downloaded,34728,
2026-07-17,NSE,SBIN,raw_l2/trade_date=2026-07-17/exchange=NSE/symbol=SBIN/part-044550_455426-008379.parquet,real_data_sample\l2_unseen_validation\trade_date=2026-07-17\exchange=NSE\symbol=SBIN\part-044550_455426-008379.parquet,36200,downloaded,36200,
2026-07-17,NSE,SBIN,raw_l2/trade_date=2026-07-17/exchange=NSE/symbol=SBIN/part-044618_161850-008443.parquet,real_data_sample\l2_unseen_validation\trade_date=2026-07-17\exchange=NSE\symbol=SBIN\part-044618_161850-008443.parquet,35396,downloaded,35396,
2026-07-17,NSE,SBIN,raw_l2/trade_date=2026-07-17/exchange=NSE/symbol=SBIN/part-044659_746464-008539.parquet,real_data_sample\l2_unseen_validation\trade_date=2026-07-17\exchange=NSE\symbol=SBIN\part-044659_746464-008539.parquet,34776,downloaded,34776,
2026-07-17,NSE,SBIN,raw_l2/trade_date=2026-07-17/exchange=NSE/symbol=SBIN/part-044713_472072-008571.parquet,real_data_sample\l2_unseen_validation\trade_date=2026-07-17\exchange=NSE\symbol=SBIN\part-044713_472072-008571.parquet,34635,downloaded,34635,
2026-07-17,NSE,SBIN,raw_l2/trade_date=2026-07-17/exchange=NSE/symbol=SBIN/part-044222_980352-007899.parquet,real_data_sample\l2_unseen_validation\trade_date=2026-07-17\exchange=NSE\symbol=SBIN\part-044222_980352-007899.parquet,34685,downloaded,34685,
2026-07-17,NSE,SBIN,raw_l2/trade_date=2026-07-17/exchange=NSE/symbol=SBIN/part-044604_388794-008411.parquet,real_data_sample\l2_unseen_validation\trade_date=2026-07-17\exchange=NSE\symbol=SBIN\part-044604_388794-008411.parquet,36046,downloaded,36046,
2026-07-17,NSE,SBIN,raw_l2/trade_date=2026-07-17/exchange=NSE/symbol=SBIN/part-044645_970441-008507.parquet,real_data_sample\l2_unseen_validation\trade_date=2026-07-17\exchange=NSE\symbol=SBIN\part-044645_970441-008507.parquet,34701,downloaded,34701,
2026-07-17,NSE,SBIN,raw_l2/trade_date=2026-07-17/exchange=NSE/symbol=SBIN/part-044631_918111-008475.parquet,real_data_sample\l2_unseen_validation\trade_date=2026-07-17\exchange=NSE\symbol=SBIN\part-044631_918111-008475.parquet,34740,downloaded,34740,
2026-07-17,NSE,SBIN,raw_l2/trade_date=2026-07-17/exchange=NSE/symbol=SBIN/part-044904_111580-008827.parquet,real_data_sample\l2_unseen_validation\trade_date=2026-07-17\exchange=NSE\symbol=SBIN\part-044904_111580-008827.parquet,34791,downloaded,34791,
2026-07-17,NSE,SBIN,raw_l2/trade_date=2026-07-17/exchange=NSE/symbol=SBIN/part-044850_387690-008795.parquet,real_data_sample\l2_unseen_validation\trade_date=2026-07-17\exchange=NSE\symbol=SBIN\part-044850_387690-008795.parquet,34637,downloaded,34637,
2026-07-17,NSE,SBIN,raw_l2/trade_date=2026-07-17/exchange=NSE/symbol=SBIN/part-044727_178429-008603.parquet,real_data_sample\l2_unseen_validation\trade_date=2026-07-17\exchange=NSE\symbol=SBIN\part-044727_178429-008603.parquet,35836,downloaded,35836,
2026-07-17,NSE,SBIN,raw_l2/trade_date=2026-07-17/exchange=NSE/symbol=SBIN/part-044808_947253-008699.parquet,real_data_sample\l2_unseen_validation\trade_date=2026-07-17\exchange=NSE\symbol=SBIN\part-044808_947253-008699.parquet,35893,downloaded,35893,
2026-07-17,NSE,SBIN,raw_l2/trade_date=2026-07-17/exchange=NSE/symbol=SBIN/part-044251_031283-007963.parquet,real_data_sample\l2_unseen_validation\trade_date=2026-07-17\exchange=NSE\symbol=SBIN\part-044251_031283-007963.parquet,34601,downloaded,34601,
2026-07-17,NSE,SBIN,raw_l2/trade_date=2026-07-17/exchange=NSE/symbol=SBIN/part-044822_778197-008731.parquet,real_data_sample\l2_unseen_validation\trade_date=2026-07-17\exchange=NSE\symbol=SBIN\part-044822_778197-008731.parquet,35154,downloaded,35154,
2026-07-17,NSE,SBIN,raw_l2/trade_date=2026-07-17/exchange=NSE/symbol=SBIN/part-044836_660381-008763.parquet,real_data_sample\l2_unseen_validation\trade_date=2026-07-17\exchange=NSE\symbol=SBIN\part-044836_660381-008763.parquet,34419,downloaded,34419,
2026-07-17,NSE,SBIN,raw_l2/trade_date=2026-07-17/exchange=NSE/symbol=SBIN/part-044755_123229-008667.parquet,real_data_sample\l2_unseen_validation\trade_date=2026-07-17\exchange=NSE\symbol=SBIN\part-044755_123229-008667.parquet,36178,downloaded,36178,
2026-07-17,NSE,SBIN,raw_l2/trade_date=2026-07-17/exchange=NSE/symbol=SBIN/part-044931_628298-008891.parquet,real_data_sample\l2_unseen_validation\trade_date=2026-07-17\exchange=NSE\symbol=SBIN\part-044931_628298-008891.parquet,36069,downloaded,36069,
2026-07-17,NSE,SBIN,raw_l2/trade_date=2026-07-17/exchange=NSE/symbol=SBIN/part-044917_933219-008859.parquet,real_data_sample\l2_unseen_validation\trade_date=2026-07-17\exchange=NSE\symbol=SBIN\part-044917_933219-008859.parquet,35268,downloaded,35268,
2026-07-17,NSE,SBIN,raw_l2/trade_date=2026-07-17/exchange=NSE/symbol=SBIN/part-045012_914226-008987.parquet,real_data_sample\l2_unseen_validation\trade_date=2026-07-17\exchange=NSE\symbol=SBIN\part-045012_914226-008987.parquet,35734,downloaded,35734,
2026-07-17,NSE,SBIN,raw_l2/trade_date=2026-07-17/exchange=NSE/symbol=SBIN/part-044032_960828-007643.parquet,real_data_sample\l2_unseen_validation\trade_date=2026-07-17\exchange=NSE\symbol=SBIN\part-044032_960828-007643.parquet,35519,downloaded,35519,
2026-07-17,NSE,SBIN,raw_l2/trade_date=2026-07-17/exchange=NSE/symbol=SBIN/part-045026_502383-009019.parquet,real_data_sample\l2_unseen_validation\trade_date=2026-07-17\exchange=NSE\symbol=SBIN\part-045026_502383-009019.parquet,34667,downloaded,34667,
2026-07-17,NSE,SBIN,raw_l2/trade_date=2026-07-17/exchange=NSE/symbol=SBIN/part-044959_136817-008955.parquet,real_data_sample\l2_unseen_validation\trade_date=2026-07-17\exchange=NSE\symbol=SBIN\part-044959_136817-008955.parquet,36205,downloaded,36205,
2026-07-17,NSE,SBIN,raw_l2/trade_date=2026-07-17/exchange=NSE/symbol=SBIN/part-045040_159356-009051.parquet,real_data_sample\l2_unseen_validation\trade_date=2026-07-17\exchange=NSE\symbol=SBIN\part-045040_159356-009051.parquet,34779,downloaded,34779,
2026-07-17,NSE,SBIN,raw_l2/trade_date=2026-07-17/exchange=NSE/symbol=SBIN/part-044945_436786-008923.parquet,real_data_sample\l2_unseen_validation\trade_date=2026-07-17\exchange=NSE\symbol=SBIN\part-044945_436786-008923.parquet,35942,downloaded,35942,
2026-07-17,NSE,SBIN,raw_l2/trade_date=2026-07-17/exchange=NSE/symbol=SBIN/part-045121_992469-009147.parquet,real_data_sample\l2_unseen_validation\trade_date=2026-07-17\exchange=NSE\symbol=SBIN\part-045121_992469-009147.parquet,34625,downloaded,34625,
2026-07-17,NSE,SBIN,raw_l2/trade_date=2026-07-17/exchange=NSE/symbol=SBIN/part-045135_870271-009179.parquet,real_data_sample\l2_unseen_validation\trade_date=2026-07-17\exchange=NSE\symbol=SBIN\part-045135_870271-009179.parquet,34745,downloaded,34745,
2026-07-17,NSE,SBIN,raw_l2/trade_date=2026-07-17/exchange=NSE/symbol=SBIN/part-045217_621957-009275.parquet,real_data_sample\l2_unseen_validation\trade_date=2026-07-17\exchange=NSE\symbol=SBIN\part-045217_621957-009275.parquet,34440,downloaded,34440,
2026-07-17,NSE,SBIN,raw_l2/trade_date=2026-07-17/exchange=NSE/symbol=SBIN/part-045231_494687-009307.parquet,real_data_sample\l2_unseen_validation\trade_date=2026-07-17\exchange=NSE\symbol=SBIN\part-045231_494687-009307.parquet,34466,downloaded,34466,
2026-07-17,NSE,SBIN,raw_l2/trade_date=2026-07-17/exchange=NSE/symbol=SBIN/part-045149_867422-009211.parquet,real_data_sample\l2_unseen_validation\trade_date=2026-07-17\exchange=NSE\symbol=SBIN\part-045149_867422-009211.parquet,34631,downloaded,34631,
2026-07-17,NSE,SBIN,raw_l2/trade_date=2026-07-17/exchange=NSE/symbol=SBIN/part-045107_923623-009115.parquet,real_data_sample\l2_unseen_validation\trade_date=2026-07-17\exchange=NSE\symbol=SBIN\part-045107_923623-009115.parquet,34707,downloaded,34707,
2026-07-17,NSE,SBIN,raw_l2/trade_date=2026-07-17/exchange=NSE/symbol=SBIN/part-045053_849638-009083.parquet,real_data_sample\l2_unseen_validation\trade_date=2026-07-17\exchange=NSE\symbol=SBIN\part-045053_849638-009083.parquet,34617,downloaded,34617,
2026-07-17,NSE,SBIN,raw_l2/trade_date=2026-07-17/exchange=NSE/symbol=SBIN/part-045259_304002-009371.parquet,real_data_sample\l2_unseen_validation\trade_date=2026-07-17\exchange=NSE\symbol=SBIN\part-045259_304002-009371.parquet,34743,downloaded,34743,
2026-07-17,NSE,SBIN,raw_l2/trade_date=2026-07-17/exchange=NSE/symbol=SBIN/part-045245_295317-009339.parquet,real_data_sample\l2_unseen_validation\trade_date=2026-07-17\exchange=NSE\symbol=SBIN\part-045245_295317-009339.parquet,34808,downloaded,34808,
2026-07-17,NSE,SBIN,raw_l2/trade_date=2026-07-17/exchange=NSE/symbol=SBIN/part-044741_271244-008635.parquet,real_data_sample\l2_unseen_validation\trade_date=2026-07-17\exchange=NSE\symbol=SBIN\part-044741_271244-008635.parquet,35710,downloaded,35710,
2026-07-17,NSE,SBIN,raw_l2/trade_date=2026-07-17/exchange=NSE/symbol=SBIN/part-045313_336473-009403.parquet,real_data_sample\l2_unseen_validation\trade_date=2026-07-17\exchange=NSE\symbol=SBIN\part-045313_336473-009403.parquet,34711,downloaded,34711,
2026-07-17,NSE,SBIN,raw_l2/trade_date=2026-07-17/exchange=NSE/symbol=SBIN/part-045341_005522-009467.parquet,real_data_sample\l2_unseen_validation\trade_date=2026-07-17\exchange=NSE\symbol=SBIN\part-045341_005522-009467.parquet,34660,downloaded,34660,
2026-07-17,NSE,SBIN,raw_l2/trade_date=2026-07-17/exchange=NSE/symbol=SBIN/part-045409_020470-009531.parquet,real_data_sample\l2_unseen_validation\trade_date=2026-07-17\exchange=NSE\symbol=SBIN\part-045409_020470-009531.parquet,34725,downloaded,34725,
2026-07-17,NSE,SBIN,raw_l2/trade_date=2026-07-17/exchange=NSE/symbol=SBIN/part-045355_062809-009499.parquet,real_data_sample\l2_unseen_validation\trade_date=2026-07-17\exchange=NSE\symbol=SBIN\part-045355_062809-009499.parquet,34485,downloaded,34485,
2026-07-17,NSE,SBIN,raw_l2/trade_date=2026-07-17/exchange=NSE/symbol=SBIN/part-045423_123811-009563.parquet,real_data_sample\l2_unseen_validation\trade_date=2026-07-17\exchange=NSE\symbol=SBIN\part-045423_123811-009563.parquet,34695,downloaded,34695,
2026-07-17,NSE,SBIN,raw_l2/trade_date=2026-07-17/exchange=NSE/symbol=SBIN/part-045451_172033-009627.parquet,real_data_sample\l2_unseen_validation\trade_date=2026-07-17\exchange=NSE\symbol=SBIN\part-045451_172033-009627.parquet,34652,downloaded,34652,
2026-07-17,NSE,SBIN,raw_l2/trade_date=2026-07-17/exchange=NSE/symbol=SBIN/part-045505_438139-009659.parquet,real_data_sample\l2_unseen_validation\trade_date=2026-07-17\exchange=NSE\symbol=SBIN\part-045505_438139-009659.parquet,34837,downloaded,34837,
2026-07-17,NSE,SBIN,raw_l2/trade_date=2026-07-17/exchange=NSE/symbol=SBIN/part-045437_130567-009595.parquet,real_data_sample\l2_unseen_validation\trade_date=2026-07-17\exchange=NSE\symbol=SBIN\part-045437_130567-009595.parquet,34626,downloaded,34626,
2026-07-17,NSE,SBIN,raw_l2/trade_date=2026-07-17/exchange=NSE/symbol=SBIN/part-045547_276062-009755.parquet,real_data_sample\l2_unseen_validation\trade_date=2026-07-17\exchange=NSE\symbol=SBIN\part-045547_276062-009755.parquet,36206,downloaded,36206,
2026-07-17,NSE,SBIN,raw_l2/trade_date=2026-07-17/exchange=NSE/symbol=SBIN/part-045533_302824-009723.parquet,real_data_sample\l2_unseen_validation\trade_date=2026-07-17\exchange=NSE\symbol=SBIN\part-045533_302824-009723.parquet,35734,downloaded,35734,
2026-07-17,NSE,SBIN,raw_l2/trade_date=2026-07-17/exchange=NSE/symbol=SBIN/part-045615_306226-009819.parquet,real_data_sample\l2_unseen_validation\trade_date=2026-07-17\exchange=NSE\symbol=SBIN\part-045615_306226-009819.parquet,35832,downloaded,35832,
2026-07-17,NSE,SBIN,raw_l2/trade_date=2026-07-17/exchange=NSE/symbol=SBIN/part-045644_084633-009883.parquet,real_data_sample\l2_unseen_validation\trade_date=2026-07-17\exchange=NSE\symbol=SBIN\part-045644_084633-009883.parquet,34632,downloaded,34632,
2026-07-17,NSE,SBIN,raw_l2/trade_date=2026-07-17/exchange=NSE/symbol=SBIN/part-045601_342313-009787.parquet,real_data_sample\l2_unseen_validation\trade_date=2026-07-17\exchange=NSE\symbol=SBIN\part-045601_342313-009787.parquet,35807,downloaded,35807,
2026-07-17,NSE,SBIN,raw_l2/trade_date=2026-07-17/exchange=NSE/symbol=SBIN/part-045629_658115-009851.parquet,real_data_sample\l2_unseen_validation\trade_date=2026-07-17\exchange=NSE\symbol=SBIN\part-045629_658115-009851.parquet,34638,downloaded,34638,
2026-07-17,NSE,SBIN,raw_l2/trade_date=2026-07-17/exchange=NSE/symbol=SBIN/part-045712_264745-009947.parquet,real_data_sample\l2_unseen_validation\trade_date=2026-07-17\exchange=NSE\symbol=SBIN\part-045712_264745-009947.parquet,34722,downloaded,34722,
2026-07-17,NSE,SBIN,raw_l2/trade_date=2026-07-17/exchange=NSE/symbol=SBIN/part-045203_839487-009243.parquet,real_data_sample\l2_unseen_validation\trade_date=2026-07-17\exchange=NSE\symbol=SBIN\part-045203_839487-009243.parquet,34777,downloaded,34777,
2026-07-17,NSE,SBIN,raw_l2/trade_date=2026-07-17/exchange=NSE/symbol=SBIN/part-045327_222409-009435.parquet,real_data_sample\l2_unseen_validation\trade_date=2026-07-17\exchange=NSE\symbol=SBIN\part-045327_222409-009435.parquet,34628,downloaded,34628,
2026-07-17,NSE,SBIN,raw_l2/trade_date=2026-07-17/exchange=NSE/symbol=SBIN/part-050153_008951-010587.parquet,real_data_sample\l2_unseen_validation\trade_date=2026-07-17\exchange=NSE\symbol=SBIN\part-050153_008951-010587.parquet,35897,downloaded,35897,
2026-07-17,NSE,SBIN,raw_l2/trade_date=2026-07-17/exchange=NSE/symbol=SBIN/part-050124_936168-010523.parquet,real_data_sample\l2_unseen_validation\trade_date=2026-07-17\exchange=NSE\symbol=SBIN\part-050124_936168-010523.parquet,35810,downloaded,35810,
2026-07-17,NSE,SBIN,raw_l2/trade_date=2026-07-17/exchange=NSE/symbol=SBIN/part-050057_056187-010459.parquet,real_data_sample\l2_unseen_validation\trade_date=2026-07-17\exchange=NSE\symbol=SBIN\part-050057_056187-010459.parquet,34669,downloaded,34669,
2026-07-17,NSE,SBIN,raw_l2/trade_date=2026-07-17/exchange=NSE/symbol=SBIN/part-050111_055981-010491.parquet,real_data_sample\l2_unseen_validation\trade_date=2026-07-17\exchange=NSE\symbol=SBIN\part-050111_055981-010491.parquet,34814,downloaded,34814,
2026-07-17,NSE,SBIN,raw_l2/trade_date=2026-07-17/exchange=NSE/symbol=SBIN/part-045851_228676-010171.parquet,real_data_sample\l2_unseen_validation\trade_date=2026-07-17\exchange=NSE\symbol=SBIN\part-045851_228676-010171.parquet,34694,downloaded,34694,
2026-07-17,NSE,SBIN,raw_l2/trade_date=2026-07-17/exchange=NSE/symbol=SBIN/part-045947_232770-010299.parquet,real_data_sample\l2_unseen_validation\trade_date=2026-07-17\exchange=NSE\symbol=SBIN\part-045947_232770-010299.parquet,34684,downloaded,34684,
2026-07-17,NSE,SBIN,raw_l2/trade_date=2026-07-17/exchange=NSE/symbol=SBIN/part-045740_362141-010011.parquet,real_data_sample\l2_unseen_validation\trade_date=2026-07-17\exchange=NSE\symbol=SBIN\part-045740_362141-010011.parquet,34680,downloaded,34680,
2026-07-17,NSE,SBIN,raw_l2/trade_date=2026-07-17/exchange=NSE/symbol=SBIN/part-045808_795896-010075.parquet,real_data_sample\l2_unseen_validation\trade_date=2026-07-17\exchange=NSE\symbol=SBIN\part-045808_795896-010075.parquet,34739,downloaded,34739,
2026-07-17,NSE,SBIN,raw_l2/trade_date=2026-07-17/exchange=NSE/symbol=SBIN/part-045822_767735-010107.parquet,real_data_sample\l2_unseen_validation\trade_date=2026-07-17\exchange=NSE\symbol=SBIN\part-045822_767735-010107.parquet,34724,downloaded,34724,
2026-07-17,NSE,SBIN,raw_l2/trade_date=2026-07-17/exchange=NSE/symbol=SBIN/part-045754_591806-010043.parquet,real_data_sample\l2_unseen_validation\trade_date=2026-07-17\exchange=NSE\symbol=SBIN\part-045754_591806-010043.parquet,34577,downloaded,34577,
2026-07-17,NSE,SBIN,raw_l2/trade_date=2026-07-17/exchange=NSE/symbol=SBIN/part-045904_925542-010203.parquet,real_data_sample\l2_unseen_validation\trade_date=2026-07-17\exchange=NSE\symbol=SBIN\part-045904_925542-010203.parquet,34746,downloaded,34746,
2026-07-17,NSE,SBIN,raw_l2/trade_date=2026-07-17/exchange=NSE/symbol=SBIN/part-045918_775648-010235.parquet,real_data_sample\l2_unseen_validation\trade_date=2026-07-17\exchange=NSE\symbol=SBIN\part-045918_775648-010235.parquet,34898,downloaded,34898,
2026-07-17,NSE,SBIN,raw_l2/trade_date=2026-07-17/exchange=NSE/symbol=SBIN/part-045726_379502-009979.parquet,real_data_sample\l2_unseen_validation\trade_date=2026-07-17\exchange=NSE\symbol=SBIN\part-045726_379502-009979.parquet,34492,downloaded,34492,
2026-07-17,NSE,SBIN,raw_l2/trade_date=2026-07-17/exchange=NSE/symbol=SBIN/part-050138_907479-010555.parquet,real_data_sample\l2_unseen_validation\trade_date=2026-07-17\exchange=NSE\symbol=SBIN\part-050138_907479-010555.parquet,36229,downloaded,36229,
2026-07-17,NSE,SBIN,raw_l2/trade_date=2026-07-17/exchange=NSE/symbol=SBIN/part-050221_419822-010651.parquet,real_data_sample\l2_unseen_validation\trade_date=2026-07-17\exchange=NSE\symbol=SBIN\part-050221_419822-010651.parquet,35095,downloaded,35095,
2026-07-17,NSE,SBIN,raw_l2/trade_date=2026-07-17/exchange=NSE/symbol=SBIN/part-045836_963895-010139.parquet,real_data_sample\l2_unseen_validation\trade_date=2026-07-17\exchange=NSE\symbol=SBIN\part-045836_963895-010139.parquet,34661,downloaded,34661,
2026-07-17,NSE,SBIN,raw_l2/trade_date=2026-07-17/exchange=NSE/symbol=SBIN/part-050001_540050-010331.parquet,real_data_sample\l2_unseen_validation\trade_date=2026-07-17\exchange=NSE\symbol=SBIN\part-050001_540050-010331.parquet,34597,downloaded,34597,
2026-07-17,NSE,SBIN,raw_l2/trade_date=2026-07-17/exchange=NSE/symbol=SBIN/part-050029_245238-010395.parquet,real_data_sample\l2_unseen_validation\trade_date=2026-07-17\exchange=NSE\symbol=SBIN\part-050029_245238-010395.parquet,34668,downloaded,34668,
2026-07-17,NSE,SBIN,raw_l2/trade_date=2026-07-17/exchange=NSE/symbol=SBIN/part-045933_140424-010267.parquet,real_data_sample\l2_unseen_validation\trade_date=2026-07-17\exchange=NSE\symbol=SBIN\part-045933_140424-010267.parquet,34560,downloaded,34560,
2026-07-17,NSE,SBIN,raw_l2/trade_date=2026-07-17/exchange=NSE/symbol=SBIN/part-050043_166205-010427.parquet,real_data_sample\l2_unseen_validation\trade_date=2026-07-17\exchange=NSE\symbol=SBIN\part-050043_166205-010427.parquet,34690,downloaded,34690,
2026-07-17,NSE,SBIN,raw_l2/trade_date=2026-07-17/exchange=NSE/symbol=SBIN/part-050207_360792-010619.parquet,real_data_sample\l2_unseen_validation\trade_date=2026-07-17\exchange=NSE\symbol=SBIN\part-050207_360792-010619.parquet,36446,downloaded,36446,
2026-07-17,NSE,SBIN,raw_l2/trade_date=2026-07-17/exchange=NSE/symbol=SBIN/part-050235_832079-010683.parquet,real_data_sample\l2_unseen_validation\trade_date=2026-07-17\exchange=NSE\symbol=SBIN\part-050235_832079-010683.parquet,34911,downloaded,34911,
2026-07-17,NSE,SBIN,raw_l2/trade_date=2026-07-17/exchange=NSE/symbol=SBIN/part-050249_990720-010715.parquet,real_data_sample\l2_unseen_validation\trade_date=2026-07-17\exchange=NSE\symbol=SBIN\part-050249_990720-010715.parquet,34898,downloaded,34898,
2026-07-17,NSE,SBIN,raw_l2/trade_date=2026-07-17/exchange=NSE/symbol=SBIN/part-050318_617641-010779.parquet,real_data_sample\l2_unseen_validation\trade_date=2026-07-17\exchange=NSE\symbol=SBIN\part-050318_617641-010779.parquet,35438,downloaded,35438,
2026-07-17,NSE,SBIN,raw_l2/trade_date=2026-07-17/exchange=NSE/symbol=SBIN/part-050304_240842-010747.parquet,real_data_sample\l2_unseen_validation\trade_date=2026-07-17\exchange=NSE\symbol=SBIN\part-050304_240842-010747.parquet,34604,downloaded,34604,
2026-07-17,NSE,SBIN,raw_l2/trade_date=2026-07-17/exchange=NSE/symbol=SBIN/part-050332_648568-010811.parquet,real_data_sample\l2_unseen_validation\trade_date=2026-07-17\exchange=NSE\symbol=SBIN\part-050332_648568-010811.parquet,36003,downloaded,36003,
2026-07-17,NSE,SBIN,raw_l2/trade_date=2026-07-17/exchange=NSE/symbol=SBIN/part-045657_948676-009915.parquet,real_data_sample\l2_unseen_validation\trade_date=2026-07-17\exchange=NSE\symbol=SBIN\part-045657_948676-009915.parquet,34794,downloaded,34794,
2026-07-17,NSE,SBIN,raw_l2/trade_date=2026-07-17/exchange=NSE/symbol=SBIN/part-050346_647621-010843.parquet,real_data_sample\l2_unseen_validation\trade_date=2026-07-17\exchange=NSE\symbol=SBIN\part-050346_647621-010843.parquet,36200,downloaded,36200,
2026-07-17,NSE,SBIN,raw_l2/trade_date=2026-07-17/exchange=NSE/symbol=SBIN/part-050015_378856-010363.parquet,real_data_sample\l2_unseen_validation\trade_date=2026-07-17\exchange=NSE\symbol=SBIN\part-050015_378856-010363.parquet,34713,downloaded,34713,
2026-07-17,NSE,SBIN,raw_l2/trade_date=2026-07-17/exchange=NSE/symbol=SBIN/part-045519_384313-009691.parquet,real_data_sample\l2_unseen_validation\trade_date=2026-07-17\exchange=NSE\symbol=SBIN\part-045519_384313-009691.parquet,35398,downloaded,35398,
2026-07-17,NSE,SBIN,raw_l2/trade_date=2026-07-17/exchange=NSE/symbol=SBIN/part-051004_607191-011707.parquet,real_data_sample\l2_unseen_validation\trade_date=2026-07-17\exchange=NSE\symbol=SBIN\part-051004_607191-011707.parquet,34830,downloaded,34830,
2026-07-17,NSE,SBIN,raw_l2/trade_date=2026-07-17/exchange=NSE/symbol=SBIN/part-050524_986814-011067.parquet,real_data_sample\l2_unseen_validation\trade_date=2026-07-17\exchange=NSE\symbol=SBIN\part-050524_986814-011067.parquet,36510,downloaded,36510,
2026-07-17,NSE,SBIN,raw_l2/trade_date=2026-07-17/exchange=NSE/symbol=SBIN/part-050650_315809-011259.parquet,real_data_sample\l2_unseen_validation\trade_date=2026-07-17\exchange=NSE\symbol=SBIN\part-050650_315809-011259.parquet,36053,downloaded,36053,
2026-07-17,NSE,SBIN,raw_l2/trade_date=2026-07-17/exchange=NSE/symbol=SBIN/part-050510_893875-011035.parquet,real_data_sample\l2_unseen_validation\trade_date=2026-07-17\exchange=NSE\symbol=SBIN\part-050510_893875-011035.parquet,36703,downloaded,36703,
2026-07-17,NSE,SBIN,raw_l2/trade_date=2026-07-17/exchange=NSE/symbol=SBIN/part-050621_390159-011195.parquet,real_data_sample\l2_unseen_validation\trade_date=2026-07-17\exchange=NSE\symbol=SBIN\part-050621_390159-011195.parquet,35997,downloaded,35997,
2026-07-17,NSE,SBIN,raw_l2/trade_date=2026-07-17/exchange=NSE/symbol=SBIN/part-050456_786889-011003.parquet,real_data_sample\l2_unseen_validation\trade_date=2026-07-17\exchange=NSE\symbol=SBIN\part-050456_786889-011003.parquet,36533,downloaded,36533,
2026-07-17,NSE,SBIN,raw_l2/trade_date=2026-07-17/exchange=NSE/symbol=SBIN/part-050429_053286-010939.parquet,real_data_sample\l2_unseen_validation\trade_date=2026-07-17\exchange=NSE\symbol=SBIN\part-050429_053286-010939.parquet,35963,downloaded,35963,
2026-07-17,NSE,SBIN,raw_l2/trade_date=2026-07-17/exchange=NSE/symbol=SBIN/part-050704_285720-011291.parquet,real_data_sample\l2_unseen_validation\trade_date=2026-07-17\exchange=NSE\symbol=SBIN\part-050704_285720-011291.parquet,36220,downloaded,36220,
2026-07-17,NSE,SBIN,raw_l2/trade_date=2026-07-17/exchange=NSE/symbol=SBIN/part-050538_715601-011099.parquet,real_data_sample\l2_unseen_validation\trade_date=2026-07-17\exchange=NSE\symbol=SBIN\part-050538_715601-011099.parquet,35761,downloaded,35761,
2026-07-17,NSE,SBIN,raw_l2/trade_date=2026-07-17/exchange=NSE/symbol=SBIN/part-050606_836983-011163.parquet,real_data_sample\l2_unseen_validation\trade_date=2026-07-17\exchange=NSE\symbol=SBIN\part-050606_836983-011163.parquet,35807,downloaded,35807,
2026-07-17,NSE,SBIN,raw_l2/trade_date=2026-07-17/exchange=NSE/symbol=SBIN/part-050442_991482-010971.parquet,real_data_sample\l2_unseen_validation\trade_date=2026-07-17\exchange=NSE\symbol=SBIN\part-050442_991482-010971.parquet,35852,downloaded,35852,
2026-07-17,NSE,SBIN,raw_l2/trade_date=2026-07-17/exchange=NSE/symbol=SBIN/part-050636_099535-011227.parquet,real_data_sample\l2_unseen_validation\trade_date=2026-07-17\exchange=NSE\symbol=SBIN\part-050636_099535-011227.parquet,36321,downloaded,36321,
2026-07-17,NSE,SBIN,raw_l2/trade_date=2026-07-17/exchange=NSE/symbol=SBIN/part-050552_706053-011131.parquet,real_data_sample\l2_unseen_validation\trade_date=2026-07-17\exchange=NSE\symbol=SBIN\part-050552_706053-011131.parquet,36394,downloaded,36394,
2026-07-17,NSE,SBIN,raw_l2/trade_date=2026-07-17/exchange=NSE/symbol=SBIN/part-050800_081148-011419.parquet,real_data_sample\l2_unseen_validation\trade_date=2026-07-17\exchange=NSE\symbol=SBIN\part-050800_081148-011419.parquet,35754,downloaded,35754,
2026-07-17,NSE,SBIN,raw_l2/trade_date=2026-07-17/exchange=NSE/symbol=SBIN/part-050923_064694-011611.parquet,real_data_sample\l2_unseen_validation\trade_date=2026-07-17\exchange=NSE\symbol=SBIN\part-050923_064694-011611.parquet,34635,downloaded,34635,
2026-07-17,NSE,SBIN,raw_l2/trade_date=2026-07-17/exchange=NSE/symbol=SBIN/part-050936_863893-011643.parquet,real_data_sample\l2_unseen_validation\trade_date=2026-07-17\exchange=NSE\symbol=SBIN\part-050936_863893-011643.parquet,34783,downloaded,34783,
2026-07-17,NSE,SBIN,raw_l2/trade_date=2026-07-17/exchange=NSE/symbol=SBIN/part-050746_216164-011387.parquet,real_data_sample\l2_unseen_validation\trade_date=2026-07-17\exchange=NSE\symbol=SBIN\part-050746_216164-011387.parquet,35908,downloaded,35908,
2026-07-17,NSE,SBIN,raw_l2/trade_date=2026-07-17/exchange=NSE/symbol=SBIN/part-050813_891477-011451.parquet,real_data_sample\l2_unseen_validation\trade_date=2026-07-17\exchange=NSE\symbol=SBIN\part-050813_891477-011451.parquet,35533,downloaded,35533,
2026-07-17,NSE,SBIN,raw_l2/trade_date=2026-07-17/exchange=NSE/symbol=SBIN/part-050827_644898-011483.parquet,real_data_sample\l2_unseen_validation\trade_date=2026-07-17\exchange=NSE\symbol=SBIN\part-050827_644898-011483.parquet,34855,downloaded,34855,
2026-07-17,NSE,SBIN,raw_l2/trade_date=2026-07-17/exchange=NSE/symbol=SBIN/part-051046_039593-011803.parquet,real_data_sample\l2_unseen_validation\trade_date=2026-07-17\exchange=NSE\symbol=SBIN\part-051046_039593-011803.parquet,35481,downloaded,35481,
2026-07-17,NSE,SBIN,raw_l2/trade_date=2026-07-17/exchange=NSE/symbol=SBIN/part-050950_564389-011675.parquet,real_data_sample\l2_unseen_validation\trade_date=2026-07-17\exchange=NSE\symbol=SBIN\part-050950_564389-011675.parquet,34890,downloaded,34890,
2026-07-17,NSE,SBIN,raw_l2/trade_date=2026-07-17/exchange=NSE/symbol=SBIN/part-050855_252154-011547.parquet,real_data_sample\l2_unseen_validation\trade_date=2026-07-17\exchange=NSE\symbol=SBIN\part-050855_252154-011547.parquet,34735,downloaded,34735,
2026-07-17,NSE,SBIN,raw_l2/trade_date=2026-07-17/exchange=NSE/symbol=SBIN/part-051018_276325-011739.parquet,real_data_sample\l2_unseen_validation\trade_date=2026-07-17\exchange=NSE\symbol=SBIN\part-051018_276325-011739.parquet,35307,downloaded,35307,
2026-07-17,NSE,SBIN,raw_l2/trade_date=2026-07-17/exchange=NSE/symbol=SBIN/part-050841_442947-011515.parquet,real_data_sample\l2_unseen_validation\trade_date=2026-07-17\exchange=NSE\symbol=SBIN\part-050841_442947-011515.parquet,34660,downloaded,34660,
2026-07-17,NSE,SBIN,raw_l2/trade_date=2026-07-17/exchange=NSE/symbol=SBIN/part-050718_529049-011323.parquet,real_data_sample\l2_unseen_validation\trade_date=2026-07-17\exchange=NSE\symbol=SBIN\part-050718_529049-011323.parquet,36011,downloaded,36011,
2026-07-17,NSE,SBIN,raw_l2/trade_date=2026-07-17/exchange=NSE/symbol=SBIN/part-050400_774868-010875.parquet,real_data_sample\l2_unseen_validation\trade_date=2026-07-17\exchange=NSE\symbol=SBIN\part-050400_774868-010875.parquet,36262,downloaded,36262,
2026-07-17,NSE,SBIN,raw_l2/trade_date=2026-07-17/exchange=NSE/symbol=SBIN/part-050732_433749-011355.parquet,real_data_sample\l2_unseen_validation\trade_date=2026-07-17\exchange=NSE\symbol=SBIN\part-050732_433749-011355.parquet,36150,downloaded,36150,
2026-07-17,NSE,SBIN,raw_l2/trade_date=2026-07-17/exchange=NSE/symbol=SBIN/part-050909_203459-011579.parquet,real_data_sample\l2_unseen_validation\trade_date=2026-07-17\exchange=NSE\symbol=SBIN\part-050909_203459-011579.parquet,34729,downloaded,34729,
2026-07-17,NSE,SBIN,raw_l2/trade_date=2026-07-17/exchange=NSE/symbol=SBIN/part-050415_078887-010907.parquet,real_data_sample\l2_unseen_validation\trade_date=2026-07-17\exchange=NSE\symbol=SBIN\part-050415_078887-010907.parquet,35669,downloaded,35669,
2026-07-17,NSE,SBIN,raw_l2/trade_date=2026-07-17/exchange=NSE/symbol=SBIN/part-051032_194514-011771.parquet,real_data_sample\l2_unseen_validation\trade_date=2026-07-17\exchange=NSE\symbol=SBIN\part-051032_194514-011771.parquet,35834,downloaded,35834,
2026-07-17,NSE,SBIN,raw_l2/trade_date=2026-07-17/exchange=NSE/symbol=SBIN/part-051127_846309-011899.parquet,real_data_sample\l2_unseen_validation\trade_date=2026-07-17\exchange=NSE\symbol=SBIN\part-051127_846309-011899.parquet,34599,downloaded,34599,
2026-07-17,NSE,SBIN,raw_l2/trade_date=2026-07-17/exchange=NSE/symbol=SBIN/part-051141_947543-011931.parquet,real_data_sample\l2_unseen_validation\trade_date=2026-07-17\exchange=NSE\symbol=SBIN\part-051141_947543-011931.parquet,34877,downloaded,34877,
2026-07-17,NSE,SBIN,raw_l2/trade_date=2026-07-17/exchange=NSE/symbol=SBIN/part-051237_573285-012059.parquet,real_data_sample\l2_unseen_validation\trade_date=2026-07-17\exchange=NSE\symbol=SBIN\part-051237_573285-012059.parquet,34858,downloaded,34858,
2026-07-17,NSE,SBIN,raw_l2/trade_date=2026-07-17/exchange=NSE/symbol=SBIN/part-051305_394208-012123.parquet,real_data_sample\l2_unseen_validation\trade_date=2026-07-17\exchange=NSE\symbol=SBIN\part-051305_394208-012123.parquet,34833,downloaded,34833,
2026-07-17,NSE,SBIN,raw_l2/trade_date=2026-07-17/exchange=NSE/symbol=SBIN/part-051155_790423-011963.parquet,real_data_sample\l2_unseen_validation\trade_date=2026-07-17\exchange=NSE\symbol=SBIN\part-051155_790423-011963.parquet,34879,downloaded,34879,
2026-07-17,NSE,SBIN,raw_l2/trade_date=2026-07-17/exchange=NSE/symbol=SBIN/part-051320_237636-012155.parquet,real_data_sample\l2_unseen_validation\trade_date=2026-07-17\exchange=NSE\symbol=SBIN\part-051320_237636-012155.parquet,34775,downloaded,34775,
2026-07-17,NSE,SBIN,raw_l2/trade_date=2026-07-17/exchange=NSE/symbol=SBIN/part-051334_625153-012187.parquet,real_data_sample\l2_unseen_validation\trade_date=2026-07-17\exchange=NSE\symbol=SBIN\part-051334_625153-012187.parquet,34847,downloaded,34847,
2026-07-17,NSE,SBIN,raw_l2/trade_date=2026-07-17/exchange=NSE/symbol=SBIN/part-051349_885938-012219.parquet,real_data_sample\l2_unseen_validation\trade_date=2026-07-17\exchange=NSE\symbol=SBIN\part-051349_885938-012219.parquet,34855,downloaded,34855,
2026-07-17,NSE,SBIN,raw_l2/trade_date=2026-07-17/exchange=NSE/symbol=SBIN/part-051404_529822-012251.parquet,real_data_sample\l2_unseen_validation\trade_date=2026-07-17\exchange=NSE\symbol=SBIN\part-051404_529822-012251.parquet,34902,downloaded,34902,
2026-07-17,NSE,SBIN,raw_l2/trade_date=2026-07-17/exchange=NSE/symbol=SBIN/part-051447_515807-012347.parquet,real_data_sample\l2_unseen_validation\trade_date=2026-07-17\exchange=NSE\symbol=SBIN\part-051447_515807-012347.parquet,35973,downloaded,35973,
2026-07-17,NSE,SBIN,raw_l2/trade_date=2026-07-17/exchange=NSE/symbol=SBIN/part-051557_561270-012507.parquet,real_data_sample\l2_unseen_validation\trade_date=2026-07-17\exchange=NSE\symbol=SBIN\part-051557_561270-012507.parquet,36126,downloaded,36126,
2026-07-17,NSE,SBIN,raw_l2/trade_date=2026-07-17/exchange=NSE/symbol=SBIN/part-051515_247926-012411.parquet,real_data_sample\l2_unseen_validation\trade_date=2026-07-17\exchange=NSE\symbol=SBIN\part-051515_247926-012411.parquet,35830,downloaded,35830,
2026-07-17,NSE,SBIN,raw_l2/trade_date=2026-07-17/exchange=NSE/symbol=SBIN/part-051501_399646-012379.parquet,real_data_sample\l2_unseen_validation\trade_date=2026-07-17\exchange=NSE\symbol=SBIN\part-051501_399646-012379.parquet,35990,downloaded,35990,
2026-07-17,NSE,SBIN,raw_l2/trade_date=2026-07-17/exchange=NSE/symbol=SBIN/part-051223_707395-012027.parquet,real_data_sample\l2_unseen_validation\trade_date=2026-07-17\exchange=NSE\symbol=SBIN\part-051223_707395-012027.parquet,34774,downloaded,34774,
2026-07-17,NSE,SBIN,raw_l2/trade_date=2026-07-17/exchange=NSE/symbol=SBIN/part-051612_164359-012539.parquet,real_data_sample\l2_unseen_validation\trade_date=2026-07-17\exchange=NSE\symbol=SBIN\part-051612_164359-012539.parquet,36471,downloaded,36471,
2026-07-17,NSE,SBIN,raw_l2/trade_date=2026-07-17/exchange=NSE/symbol=SBIN/part-051251_576504-012091.parquet,real_data_sample\l2_unseen_validation\trade_date=2026-07-17\exchange=NSE\symbol=SBIN\part-051251_576504-012091.parquet,34642,downloaded,34642,
2026-07-17,NSE,SBIN,raw_l2/trade_date=2026-07-17/exchange=NSE/symbol=SBIN/part-051209_779946-011995.parquet,real_data_sample\l2_unseen_validation\trade_date=2026-07-17\exchange=NSE\symbol=SBIN\part-051209_779946-011995.parquet,34837,downloaded,34837,
2026-07-17,NSE,SBIN,raw_l2/trade_date=2026-07-17/exchange=NSE/symbol=SBIN/part-051528_830799-012443.parquet,real_data_sample\l2_unseen_validation\trade_date=2026-07-17\exchange=NSE\symbol=SBIN\part-051528_830799-012443.parquet,36385,downloaded,36385,
2026-07-17,NSE,SBIN,raw_l2/trade_date=2026-07-17/exchange=NSE/symbol=SBIN/part-051708_610344-012667.parquet,real_data_sample\l2_unseen_validation\trade_date=2026-07-17\exchange=NSE\symbol=SBIN\part-051708_610344-012667.parquet,35831,downloaded,35831,
2026-07-17,NSE,SBIN,raw_l2/trade_date=2026-07-17/exchange=NSE/symbol=SBIN/part-051418_886161-012283.parquet,real_data_sample\l2_unseen_validation\trade_date=2026-07-17\exchange=NSE\symbol=SBIN\part-051418_886161-012283.parquet,35529,downloaded,35529,
2026-07-17,NSE,SBIN,raw_l2/trade_date=2026-07-17/exchange=NSE/symbol=SBIN/part-051433_680547-012315.parquet,real_data_sample\l2_unseen_validation\trade_date=2026-07-17\exchange=NSE\symbol=SBIN\part-051433_680547-012315.parquet,36400,downloaded,36400,
2026-07-17,NSE,SBIN,raw_l2/trade_date=2026-07-17/exchange=NSE/symbol=SBIN/part-051543_085542-012475.parquet,real_data_sample\l2_unseen_validation\trade_date=2026-07-17\exchange=NSE\symbol=SBIN\part-051543_085542-012475.parquet,35604,downloaded,35604,
2026-07-17,NSE,SBIN,raw_l2/trade_date=2026-07-17/exchange=NSE/symbol=SBIN/part-051654_560660-012635.parquet,real_data_sample\l2_unseen_validation\trade_date=2026-07-17\exchange=NSE\symbol=SBIN\part-051654_560660-012635.parquet,35996,downloaded,35996,
2026-07-17,NSE,SBIN,raw_l2/trade_date=2026-07-17/exchange=NSE/symbol=SBIN/part-051626_215804-012571.parquet,real_data_sample\l2_unseen_validation\trade_date=2026-07-17\exchange=NSE\symbol=SBIN\part-051626_215804-012571.parquet,35870,downloaded,35870,
2026-07-17,NSE,SBIN,raw_l2/trade_date=2026-07-17/exchange=NSE/symbol=SBIN/part-051640_423168-012603.parquet,real_data_sample\l2_unseen_validation\trade_date=2026-07-17\exchange=NSE\symbol=SBIN\part-051640_423168-012603.parquet,35950,downloaded,35950,
2026-07-17,NSE,SBIN,raw_l2/trade_date=2026-07-17/exchange=NSE/symbol=SBIN/part-051736_949660-012731.parquet,real_data_sample\l2_unseen_validation\trade_date=2026-07-17\exchange=NSE\symbol=SBIN\part-051736_949660-012731.parquet,35961,downloaded,35961,
2026-07-17,NSE,SBIN,raw_l2/trade_date=2026-07-17/exchange=NSE/symbol=SBIN/part-051751_545018-012763.parquet,real_data_sample\l2_unseen_validation\trade_date=2026-07-17\exchange=NSE\symbol=SBIN\part-051751_545018-012763.parquet,35704,downloaded,35704,
2026-07-17,NSE,SBIN,raw_l2/trade_date=2026-07-17/exchange=NSE/symbol=SBIN/part-051059_756678-011835.parquet,real_data_sample\l2_unseen_validation\trade_date=2026-07-17\exchange=NSE\symbol=SBIN\part-051059_756678-011835.parquet,35729,downloaded,35729,
2026-07-17,NSE,SBIN,raw_l2/trade_date=2026-07-17/exchange=NSE/symbol=SBIN/part-051834_244424-012859.parquet,real_data_sample\l2_unseen_validation\trade_date=2026-07-17\exchange=NSE\symbol=SBIN\part-051834_244424-012859.parquet,36124,downloaded,36124,
2026-07-17,NSE,SBIN,raw_l2/trade_date=2026-07-17/exchange=NSE/symbol=SBIN/part-051848_501082-012891.parquet,real_data_sample\l2_unseen_validation\trade_date=2026-07-17\exchange=NSE\symbol=SBIN\part-051848_501082-012891.parquet,35921,downloaded,35921,
2026-07-17,NSE,SBIN,raw_l2/trade_date=2026-07-17/exchange=NSE/symbol=SBIN/part-051931_217367-012987.parquet,real_data_sample\l2_unseen_validation\trade_date=2026-07-17\exchange=NSE\symbol=SBIN\part-051931_217367-012987.parquet,34545,downloaded,34545,
2026-07-17,NSE,SBIN,raw_l2/trade_date=2026-07-17/exchange=NSE/symbol=SBIN/part-051917_394847-012955.parquet,real_data_sample\l2_unseen_validation\trade_date=2026-07-17\exchange=NSE\symbol=SBIN\part-051917_394847-012955.parquet,35210,downloaded,35210,
2026-07-17,NSE,SBIN,raw_l2/trade_date=2026-07-17/exchange=NSE/symbol=SBIN/part-051903_342334-012923.parquet,real_data_sample\l2_unseen_validation\trade_date=2026-07-17\exchange=NSE\symbol=SBIN\part-051903_342334-012923.parquet,36206,downloaded,36206,
2026-07-17,NSE,SBIN,raw_l2/trade_date=2026-07-17/exchange=NSE/symbol=SBIN/part-051945_010221-013019.parquet,real_data_sample\l2_unseen_validation\trade_date=2026-07-17\exchange=NSE\symbol=SBIN\part-051945_010221-013019.parquet,34661,downloaded,34661,
2026-07-17,NSE,SBIN,raw_l2/trade_date=2026-07-17/exchange=NSE/symbol=SBIN/part-052012_669225-013083.parquet,real_data_sample\l2_unseen_validation\trade_date=2026-07-17\exchange=NSE\symbol=SBIN\part-052012_669225-013083.parquet,34742,downloaded,34742,
2026-07-17,NSE,SBIN,raw_l2/trade_date=2026-07-17/exchange=NSE/symbol=SBIN/part-052026_406592-013115.parquet,real_data_sample\l2_unseen_validation\trade_date=2026-07-17\exchange=NSE\symbol=SBIN\part-052026_406592-013115.parquet,34647,downloaded,34647,
2026-07-17,NSE,SBIN,raw_l2/trade_date=2026-07-17/exchange=NSE/symbol=SBIN/part-052121_753548-013243.parquet,real_data_sample\l2_unseen_validation\trade_date=2026-07-17\exchange=NSE\symbol=SBIN\part-052121_753548-013243.parquet,34741,downloaded,34741,
2026-07-17,NSE,SBIN,raw_l2/trade_date=2026-07-17/exchange=NSE/symbol=SBIN/part-052040_212778-013147.parquet,real_data_sample\l2_unseen_validation\trade_date=2026-07-17\exchange=NSE\symbol=SBIN\part-052040_212778-013147.parquet,34512,downloaded,34512,
2026-07-17,NSE,SBIN,raw_l2/trade_date=2026-07-17/exchange=NSE/symbol=SBIN/part-051959_030872-013051.parquet,real_data_sample\l2_unseen_validation\trade_date=2026-07-17\exchange=NSE\symbol=SBIN\part-051959_030872-013051.parquet,34807,downloaded,34807,
2026-07-17,NSE,SBIN,raw_l2/trade_date=2026-07-17/exchange=NSE/symbol=SBIN/part-052053_984135-013179.parquet,real_data_sample\l2_unseen_validation\trade_date=2026-07-17\exchange=NSE\symbol=SBIN\part-052053_984135-013179.parquet,34496,downloaded,34496,
2026-07-17,NSE,SBIN,raw_l2/trade_date=2026-07-17/exchange=NSE/symbol=SBIN/part-052107_743436-013211.parquet,real_data_sample\l2_unseen_validation\trade_date=2026-07-17\exchange=NSE\symbol=SBIN\part-052107_743436-013211.parquet,34734,downloaded,34734,
2026-07-17,NSE,SBIN,raw_l2/trade_date=2026-07-17/exchange=NSE/symbol=SBIN/part-051722_521124-012699.parquet,real_data_sample\l2_unseen_validation\trade_date=2026-07-17\exchange=NSE\symbol=SBIN\part-051722_521124-012699.parquet,36073,downloaded,36073,
2026-07-17,NSE,SBIN,raw_l2/trade_date=2026-07-17/exchange=NSE/symbol=SBIN/part-052259_569998-013467.parquet,real_data_sample\l2_unseen_validation\trade_date=2026-07-17\exchange=NSE\symbol=SBIN\part-052259_569998-013467.parquet,34946,downloaded,34946,
2026-07-17,NSE,SBIN,raw_l2/trade_date=2026-07-17/exchange=NSE/symbol=SBIN/part-052217_668720-013371.parquet,real_data_sample\l2_unseen_validation\trade_date=2026-07-17\exchange=NSE\symbol=SBIN\part-052217_668720-013371.parquet,34743,downloaded,34743,
2026-07-17,NSE,SBIN,raw_l2/trade_date=2026-07-17/exchange=NSE/symbol=SBIN/part-052245_495367-013435.parquet,real_data_sample\l2_unseen_validation\trade_date=2026-07-17\exchange=NSE\symbol=SBIN\part-052245_495367-013435.parquet,34594,downloaded,34594,
2026-07-17,NSE,SBIN,raw_l2/trade_date=2026-07-17/exchange=NSE/symbol=SBIN/part-052203_511354-013339.parquet,real_data_sample\l2_unseen_validation\trade_date=2026-07-17\exchange=NSE\symbol=SBIN\part-052203_511354-013339.parquet,34964,downloaded,34964,
2026-07-17,NSE,SBIN,raw_l2/trade_date=2026-07-17/exchange=NSE/symbol=SBIN/part-052341_582451-013563.parquet,real_data_sample\l2_unseen_validation\trade_date=2026-07-17\exchange=NSE\symbol=SBIN\part-052341_582451-013563.parquet,36164,downloaded,36164,
2026-07-17,NSE,SBIN,raw_l2/trade_date=2026-07-17/exchange=NSE/symbol=SBIN/part-052355_691851-013595.parquet,real_data_sample\l2_unseen_validation\trade_date=2026-07-17\exchange=NSE\symbol=SBIN\part-052355_691851-013595.parquet,36421,downloaded,36421,
2026-07-17,NSE,SBIN,raw_l2/trade_date=2026-07-17/exchange=NSE/symbol=SBIN/part-052327_466798-013531.parquet,real_data_sample\l2_unseen_validation\trade_date=2026-07-17\exchange=NSE\symbol=SBIN\part-052327_466798-013531.parquet,36004,downloaded,36004,
2026-07-17,NSE,SBIN,raw_l2/trade_date=2026-07-17/exchange=NSE/symbol=SBIN/part-052231_614355-013403.parquet,real_data_sample\l2_unseen_validation\trade_date=2026-07-17\exchange=NSE\symbol=SBIN\part-052231_614355-013403.parquet,34615,downloaded,34615,
2026-07-17,NSE,SBIN,raw_l2/trade_date=2026-07-17/exchange=NSE/symbol=SBIN/part-052135_496479-013275.parquet,real_data_sample\l2_unseen_validation\trade_date=2026-07-17\exchange=NSE\symbol=SBIN\part-052135_496479-013275.parquet,34677,downloaded,34677,
2026-07-17,NSE,SBIN,raw_l2/trade_date=2026-07-17/exchange=NSE/symbol=SBIN/part-052149_526588-013307.parquet,real_data_sample\l2_unseen_validation\trade_date=2026-07-17\exchange=NSE\symbol=SBIN\part-052149_526588-013307.parquet,34586,downloaded,34586,
2026-07-17,NSE,SBIN,raw_l2/trade_date=2026-07-17/exchange=NSE/symbol=SBIN/part-052313_570668-013499.parquet,real_data_sample\l2_unseen_validation\trade_date=2026-07-17\exchange=NSE\symbol=SBIN\part-052313_570668-013499.parquet,35068,downloaded,35068,
2026-07-17,NSE,SBIN,raw_l2/trade_date=2026-07-17/exchange=NSE/symbol=SBIN/part-051805_506726-012795.parquet,real_data_sample\l2_unseen_validation\trade_date=2026-07-17\exchange=NSE\symbol=SBIN\part-051805_506726-012795.parquet,35716,downloaded,35716,
2026-07-17,NSE,SBIN,raw_l2/trade_date=2026-07-17/exchange=NSE/symbol=SBIN/part-052423_483091-013659.parquet,real_data_sample\l2_unseen_validation\trade_date=2026-07-17\exchange=NSE\symbol=SBIN\part-052423_483091-013659.parquet,36848,downloaded,36848,
2026-07-17,NSE,SBIN,raw_l2/trade_date=2026-07-17/exchange=NSE/symbol=SBIN/part-052437_482833-013691.parquet,real_data_sample\l2_unseen_validation\trade_date=2026-07-17\exchange=NSE\symbol=SBIN\part-052437_482833-013691.parquet,36511,downloaded,36511,
2026-07-17,NSE,SBIN,raw_l2/trade_date=2026-07-17/exchange=NSE/symbol=SBIN/part-051113_674157-011867.parquet,real_data_sample\l2_unseen_validation\trade_date=2026-07-17\exchange=NSE\symbol=SBIN\part-051113_674157-011867.parquet,35690,downloaded,35690,
2026-07-17,NSE,SBIN,raw_l2/trade_date=2026-07-17/exchange=NSE/symbol=SBIN/part-051820_017366-012827.parquet,real_data_sample\l2_unseen_validation\trade_date=2026-07-17\exchange=NSE\symbol=SBIN\part-051820_017366-012827.parquet,35450,downloaded,35450,
2026-07-17,NSE,SBIN,raw_l2/trade_date=2026-07-17/exchange=NSE/symbol=SBIN/part-052409_550687-013627.parquet,real_data_sample\l2_unseen_validation\trade_date=2026-07-17\exchange=NSE\symbol=SBIN\part-052409_550687-013627.parquet,36029,downloaded,36029,
2026-07-17,NSE,SBIN,raw_l2/trade_date=2026-07-17/exchange=NSE/symbol=SBIN/part-052505_155606-013755.parquet,real_data_sample\l2_unseen_validation\trade_date=2026-07-17\exchange=NSE\symbol=SBIN\part-052505_155606-013755.parquet,36262,downloaded,36262,
2026-07-17,NSE,SBIN,raw_l2/trade_date=2026-07-17/exchange=NSE/symbol=SBIN/part-052533_017540-013819.parquet,real_data_sample\l2_unseen_validation\trade_date=2026-07-17\exchange=NSE\symbol=SBIN\part-052533_017540-013819.parquet,36311,downloaded,36311,
2026-07-17,NSE,SBIN,raw_l2/trade_date=2026-07-17/exchange=NSE/symbol=SBIN/part-052518_989970-013787.parquet,real_data_sample\l2_unseen_validation\trade_date=2026-07-17\exchange=NSE\symbol=SBIN\part-052518_989970-013787.parquet,35304,downloaded,35304,
2026-07-17,NSE,SBIN,raw_l2/trade_date=2026-07-17/exchange=NSE/symbol=SBIN/part-052601_259542-013883.parquet,real_data_sample\l2_unseen_validation\trade_date=2026-07-17\exchange=NSE\symbol=SBIN\part-052601_259542-013883.parquet,36122,downloaded,36122,
2026-07-17,NSE,SBIN,raw_l2/trade_date=2026-07-17/exchange=NSE/symbol=SBIN/part-052547_153689-013851.parquet,real_data_sample\l2_unseen_validation\trade_date=2026-07-17\exchange=NSE\symbol=SBIN\part-052547_153689-013851.parquet,35959,downloaded,35959,
2026-07-17,NSE,SBIN,raw_l2/trade_date=2026-07-17/exchange=NSE/symbol=SBIN/part-052615_401100-013915.parquet,real_data_sample\l2_unseen_validation\trade_date=2026-07-17\exchange=NSE\symbol=SBIN\part-052615_401100-013915.parquet,36107,downloaded,36107,
2026-07-17,NSE,SBIN,raw_l2/trade_date=2026-07-17/exchange=NSE/symbol=SBIN/part-052629_616558-013947.parquet,real_data_sample\l2_unseen_validation\trade_date=2026-07-17\exchange=NSE\symbol=SBIN\part-052629_616558-013947.parquet,36469,downloaded,36469,
2026-07-17,NSE,SBIN,raw_l2/trade_date=2026-07-17/exchange=NSE/symbol=SBIN/part-052657_858522-014011.parquet,real_data_sample\l2_unseen_validation\trade_date=2026-07-17\exchange=NSE\symbol=SBIN\part-052657_858522-014011.parquet,36396,downloaded,36396,
2026-07-17,NSE,SBIN,raw_l2/trade_date=2026-07-17/exchange=NSE/symbol=SBIN/part-052643_681661-013979.parquet,real_data_sample\l2_unseen_validation\trade_date=2026-07-17\exchange=NSE\symbol=SBIN\part-052643_681661-013979.parquet,35922,downloaded,35922,
2026-07-17,NSE,SBIN,raw_l2/trade_date=2026-07-17/exchange=NSE/symbol=SBIN/part-052753_746391-014139.parquet,real_data_sample\l2_unseen_validation\trade_date=2026-07-17\exchange=NSE\symbol=SBIN\part-052753_746391-014139.parquet,35757,downloaded,35757,
2026-07-17,NSE,SBIN,raw_l2/trade_date=2026-07-17/exchange=NSE/symbol=SBIN/part-052711_911284-014043.parquet,real_data_sample\l2_unseen_validation\trade_date=2026-07-17\exchange=NSE\symbol=SBIN\part-052711_911284-014043.parquet,35736,downloaded,35736,
2026-07-17,NSE,SBIN,raw_l2/trade_date=2026-07-17/exchange=NSE/symbol=SBIN/part-052725_902925-014075.parquet,real_data_sample\l2_unseen_validation\trade_date=2026-07-17\exchange=NSE\symbol=SBIN\part-052725_902925-014075.parquet,36040,downloaded,36040,
2026-07-17,NSE,SBIN,raw_l2/trade_date=2026-07-17/exchange=NSE/symbol=SBIN/part-052739_811888-014107.parquet,real_data_sample\l2_unseen_validation\trade_date=2026-07-17\exchange=NSE\symbol=SBIN\part-052739_811888-014107.parquet,36039,downloaded,36039,
2026-07-17,NSE,SBIN,raw_l2/trade_date=2026-07-17/exchange=NSE/symbol=SBIN/part-052821_723852-014203.parquet,real_data_sample\l2_unseen_validation\trade_date=2026-07-17\exchange=NSE\symbol=SBIN\part-052821_723852-014203.parquet,35770,downloaded,35770,
2026-07-17,NSE,SBIN,raw_l2/trade_date=2026-07-17/exchange=NSE/symbol=SBIN/part-052835_930713-014235.parquet,real_data_sample\l2_unseen_validation\trade_date=2026-07-17\exchange=NSE\symbol=SBIN\part-052835_930713-014235.parquet,35911,downloaded,35911,
2026-07-17,NSE,SBIN,raw_l2/trade_date=2026-07-17/exchange=NSE/symbol=SBIN/part-052904_494451-014299.parquet,real_data_sample\l2_unseen_validation\trade_date=2026-07-17\exchange=NSE\symbol=SBIN\part-052904_494451-014299.parquet,35508,downloaded,35508,
2026-07-17,NSE,SBIN,raw_l2/trade_date=2026-07-17/exchange=NSE/symbol=SBIN/part-052850_275699-014267.parquet,real_data_sample\l2_unseen_validation\trade_date=2026-07-17\exchange=NSE\symbol=SBIN\part-052850_275699-014267.parquet,35869,downloaded,35869,
2026-07-17,NSE,SBIN,raw_l2/trade_date=2026-07-17/exchange=NSE/symbol=SBIN/part-052946_336688-014395.parquet,real_data_sample\l2_unseen_validation\trade_date=2026-07-17\exchange=NSE\symbol=SBIN\part-052946_336688-014395.parquet,34640,downloaded,34640,
2026-07-17,NSE,SBIN,raw_l2/trade_date=2026-07-17/exchange=NSE/symbol=SBIN/part-052932_335019-014363.parquet,real_data_sample\l2_unseen_validation\trade_date=2026-07-17\exchange=NSE\symbol=SBIN\part-052932_335019-014363.parquet,34807,downloaded,34807,
2026-07-17,NSE,SBIN,raw_l2/trade_date=2026-07-17/exchange=NSE/symbol=SBIN/part-052918_387759-014331.parquet,real_data_sample\l2_unseen_validation\trade_date=2026-07-17\exchange=NSE\symbol=SBIN\part-052918_387759-014331.parquet,35624,downloaded,35624,
2026-07-17,NSE,SBIN,raw_l2/trade_date=2026-07-17/exchange=NSE/symbol=SBIN/part-053000_481064-014427.parquet,real_data_sample\l2_unseen_validation\trade_date=2026-07-17\exchange=NSE\symbol=SBIN\part-053000_481064-014427.parquet,34788,downloaded,34788,
2026-07-17,NSE,SBIN,raw_l2/trade_date=2026-07-17/exchange=NSE/symbol=SBIN/part-053015_675998-014459.parquet,real_data_sample\l2_unseen_validation\trade_date=2026-07-17\exchange=NSE\symbol=SBIN\part-053015_675998-014459.parquet,34646,downloaded,34646,
2026-07-17,NSE,SBIN,raw_l2/trade_date=2026-07-17/exchange=NSE/symbol=SBIN/part-053029_977838-014491.parquet,real_data_sample\l2_unseen_validation\trade_date=2026-07-17\exchange=NSE\symbol=SBIN\part-053029_977838-014491.parquet,34803,downloaded,34803,
2026-07-17,NSE,SBIN,raw_l2/trade_date=2026-07-17/exchange=NSE/symbol=SBIN/part-053043_891990-014523.parquet,real_data_sample\l2_unseen_validation\trade_date=2026-07-17\exchange=NSE\symbol=SBIN\part-053043_891990-014523.parquet,34688,downloaded,34688,
2026-07-17,NSE,SBIN,raw_l2/trade_date=2026-07-17/exchange=NSE/symbol=SBIN/part-053112_609261-014587.parquet,real_data_sample\l2_unseen_validation\trade_date=2026-07-17\exchange=NSE\symbol=SBIN\part-053112_609261-014587.parquet,34634,downloaded,34634,
2026-07-17,NSE,SBIN,raw_l2/trade_date=2026-07-17/exchange=NSE/symbol=SBIN/part-053126_809411-014619.parquet,real_data_sample\l2_unseen_validation\trade_date=2026-07-17\exchange=NSE\symbol=SBIN\part-053126_809411-014619.parquet,34734,downloaded,34734,
2026-07-17,NSE,SBIN,raw_l2/trade_date=2026-07-17/exchange=NSE/symbol=SBIN/part-053236_828781-014779.parquet,real_data_sample\l2_unseen_validation\trade_date=2026-07-17\exchange=NSE\symbol=SBIN\part-053236_828781-014779.parquet,35608,downloaded,35608,
2026-07-17,NSE,SBIN,raw_l2/trade_date=2026-07-17/exchange=NSE/symbol=SBIN/part-053222_860459-014747.parquet,real_data_sample\l2_unseen_validation\trade_date=2026-07-17\exchange=NSE\symbol=SBIN\part-053222_860459-014747.parquet,35527,downloaded,35527,
2026-07-17,NSE,SBIN,raw_l2/trade_date=2026-07-17/exchange=NSE/symbol=SBIN/part-053208_747791-014715.parquet,real_data_sample\l2_unseen_validation\trade_date=2026-07-17\exchange=NSE\symbol=SBIN\part-053208_747791-014715.parquet,34716,downloaded,34716,
2026-07-17,NSE,SBIN,raw_l2/trade_date=2026-07-17/exchange=NSE/symbol=SBIN/part-053250_832462-014811.parquet,real_data_sample\l2_unseen_validation\trade_date=2026-07-17\exchange=NSE\symbol=SBIN\part-053250_832462-014811.parquet,35730,downloaded,35730,
2026-07-17,NSE,SBIN,raw_l2/trade_date=2026-07-17/exchange=NSE/symbol=SBIN/part-053333_222614-014907.parquet,real_data_sample\l2_unseen_validation\trade_date=2026-07-17\exchange=NSE\symbol=SBIN\part-053333_222614-014907.parquet,34742,downloaded,34742,
2026-07-17,NSE,SBIN,raw_l2/trade_date=2026-07-17/exchange=NSE/symbol=SBIN/part-053319_039690-014875.parquet,real_data_sample\l2_unseen_validation\trade_date=2026-07-17\exchange=NSE\symbol=SBIN\part-053319_039690-014875.parquet,34936,downloaded,34936,
2026-07-17,NSE,SBIN,raw_l2/trade_date=2026-07-17/exchange=NSE/symbol=SBIN/part-053304_949613-014843.parquet,real_data_sample\l2_unseen_validation\trade_date=2026-07-17\exchange=NSE\symbol=SBIN\part-053304_949613-014843.parquet,36304,downloaded,36304,
2026-07-17,NSE,SBIN,raw_l2/trade_date=2026-07-17/exchange=NSE/symbol=SBIN/part-053647_958952-015355.parquet,real_data_sample\l2_unseen_validation\trade_date=2026-07-17\exchange=NSE\symbol=SBIN\part-053647_958952-015355.parquet,34858,downloaded,34858,
2026-07-17,NSE,SBIN,raw_l2/trade_date=2026-07-17/exchange=NSE/symbol=SBIN/part-053428_955376-015035.parquet,real_data_sample\l2_unseen_validation\trade_date=2026-07-17\exchange=NSE\symbol=SBIN\part-053428_955376-015035.parquet,35820,downloaded,35820,
2026-07-17,NSE,SBIN,raw_l2/trade_date=2026-07-17/exchange=NSE/symbol=SBIN/part-053538_127408-015195.parquet,real_data_sample\l2_unseen_validation\trade_date=2026-07-17\exchange=NSE\symbol=SBIN\part-053538_127408-015195.parquet,34768,downloaded,34768,
2026-07-17,NSE,SBIN,raw_l2/trade_date=2026-07-17/exchange=NSE/symbol=SBIN/part-053524_292539-015163.parquet,real_data_sample\l2_unseen_validation\trade_date=2026-07-17\exchange=NSE\symbol=SBIN\part-053524_292539-015163.parquet,34899,downloaded,34899,
2026-07-17,NSE,SBIN,raw_l2/trade_date=2026-07-17/exchange=NSE/symbol=SBIN/part-053633_998251-015323.parquet,real_data_sample\l2_unseen_validation\trade_date=2026-07-17\exchange=NSE\symbol=SBIN\part-053633_998251-015323.parquet,34696,downloaded,34696,
2026-07-17,NSE,SBIN,raw_l2/trade_date=2026-07-17/exchange=NSE/symbol=SBIN/part-053401_171643-014971.parquet,real_data_sample\l2_unseen_validation\trade_date=2026-07-17\exchange=NSE\symbol=SBIN\part-053401_171643-014971.parquet,34780,downloaded,34780,
2026-07-17,NSE,SBIN,raw_l2/trade_date=2026-07-17/exchange=NSE/symbol=SBIN/part-053415_186344-015003.parquet,real_data_sample\l2_unseen_validation\trade_date=2026-07-17\exchange=NSE\symbol=SBIN\part-053415_186344-015003.parquet,34927,downloaded,34927,
2026-07-17,NSE,SBIN,raw_l2/trade_date=2026-07-17/exchange=NSE/symbol=SBIN/part-053057_878510-014555.parquet,real_data_sample\l2_unseen_validation\trade_date=2026-07-17\exchange=NSE\symbol=SBIN\part-053057_878510-014555.parquet,34637,downloaded,34637,
2026-07-17,NSE,SBIN,raw_l2/trade_date=2026-07-17/exchange=NSE/symbol=SBIN/part-053456_342877-015099.parquet,real_data_sample\l2_unseen_validation\trade_date=2026-07-17\exchange=NSE\symbol=SBIN\part-053456_342877-015099.parquet,35499,downloaded,35499,
2026-07-17,NSE,SBIN,raw_l2/trade_date=2026-07-17/exchange=NSE/symbol=SBIN/part-053619_788630-015291.parquet,real_data_sample\l2_unseen_validation\trade_date=2026-07-17\exchange=NSE\symbol=SBIN\part-053619_788630-015291.parquet,34832,downloaded,34832,
2026-07-17,NSE,SBIN,raw_l2/trade_date=2026-07-17/exchange=NSE/symbol=SBIN/part-053347_000410-014939.parquet,real_data_sample\l2_unseen_validation\trade_date=2026-07-17\exchange=NSE\symbol=SBIN\part-053347_000410-014939.parquet,34780,downloaded,34780,
2026-07-17,NSE,SBIN,raw_l2/trade_date=2026-07-17/exchange=NSE/symbol=SBIN/part-052451_289097-013723.parquet,real_data_sample\l2_unseen_validation\trade_date=2026-07-17\exchange=NSE\symbol=SBIN\part-052451_289097-013723.parquet,36434,downloaded,36434,
2026-07-17,NSE,SBIN,raw_l2/trade_date=2026-07-17/exchange=NSE/symbol=SBIN/part-053552_005027-015227.parquet,real_data_sample\l2_unseen_validation\trade_date=2026-07-17\exchange=NSE\symbol=SBIN\part-053552_005027-015227.parquet,34831,downloaded,34831,
2026-07-17,NSE,SBIN,raw_l2/trade_date=2026-07-17/exchange=NSE/symbol=SBIN/part-053510_433301-015131.parquet,real_data_sample\l2_unseen_validation\trade_date=2026-07-17\exchange=NSE\symbol=SBIN\part-053510_433301-015131.parquet,35258,downloaded,35258,
2026-07-17,NSE,SBIN,raw_l2/trade_date=2026-07-17/exchange=NSE/symbol=SBIN/part-053442_739765-015067.parquet,real_data_sample\l2_unseen_validation\trade_date=2026-07-17\exchange=NSE\symbol=SBIN\part-053442_739765-015067.parquet,35481,downloaded,35481,
2026-07-17,NSE,SBIN,raw_l2/trade_date=2026-07-17/exchange=NSE/symbol=SBIN/part-053729_689428-015451.parquet,real_data_sample\l2_unseen_validation\trade_date=2026-07-17\exchange=NSE\symbol=SBIN\part-053729_689428-015451.parquet,36134,downloaded,36134,
2026-07-17,NSE,SBIN,raw_l2/trade_date=2026-07-17/exchange=NSE/symbol=SBIN/part-053743_511558-015483.parquet,real_data_sample\l2_unseen_validation\trade_date=2026-07-17\exchange=NSE\symbol=SBIN\part-053743_511558-015483.parquet,35717,downloaded,35717,
2026-07-17,NSE,SBIN,raw_l2/trade_date=2026-07-17/exchange=NSE/symbol=SBIN/part-053701_900655-015387.parquet,real_data_sample\l2_unseen_validation\trade_date=2026-07-17\exchange=NSE\symbol=SBIN\part-053701_900655-015387.parquet,34789,downloaded,34789,
2026-07-17,NSE,SBIN,raw_l2/trade_date=2026-07-17/exchange=NSE/symbol=SBIN/part-053605_727033-015259.parquet,real_data_sample\l2_unseen_validation\trade_date=2026-07-17\exchange=NSE\symbol=SBIN\part-053605_727033-015259.parquet,34644,downloaded,34644,
2026-07-17,NSE,SBIN,raw_l2/trade_date=2026-07-17/exchange=NSE/symbol=SBIN/part-053715_866985-015419.parquet,real_data_sample\l2_unseen_validation\trade_date=2026-07-17\exchange=NSE\symbol=SBIN\part-053715_866985-015419.parquet,35233,downloaded,35233,
2026-07-17,NSE,SBIN,raw_l2/trade_date=2026-07-17/exchange=NSE/symbol=SBIN/part-053757_417529-015515.parquet,real_data_sample\l2_unseen_validation\trade_date=2026-07-17\exchange=NSE\symbol=SBIN\part-053757_417529-015515.parquet,35870,downloaded,35870,
2026-07-17,NSE,SBIN,raw_l2/trade_date=2026-07-17/exchange=NSE/symbol=SBIN/part-053825_422398-015579.parquet,real_data_sample\l2_unseen_validation\trade_date=2026-07-17\exchange=NSE\symbol=SBIN\part-053825_422398-015579.parquet,36004,downloaded,36004,
2026-07-17,NSE,SBIN,raw_l2/trade_date=2026-07-17/exchange=NSE/symbol=SBIN/part-053811_307348-015547.parquet,real_data_sample\l2_unseen_validation\trade_date=2026-07-17\exchange=NSE\symbol=SBIN\part-053811_307348-015547.parquet,35995,downloaded,35995,
2026-07-17,NSE,SBIN,raw_l2/trade_date=2026-07-17/exchange=NSE/symbol=SBIN/part-053839_535147-015611.parquet,real_data_sample\l2_unseen_validation\trade_date=2026-07-17\exchange=NSE\symbol=SBIN\part-053839_535147-015611.parquet,35673,downloaded,35673,
2026-07-17,NSE,SBIN,raw_l2/trade_date=2026-07-17/exchange=NSE/symbol=SBIN/part-053921_342856-015707.parquet,real_data_sample\l2_unseen_validation\trade_date=2026-07-17\exchange=NSE\symbol=SBIN\part-053921_342856-015707.parquet,35110,downloaded,35110,
2026-07-17,NSE,SBIN,raw_l2/trade_date=2026-07-17/exchange=NSE/symbol=SBIN/part-053907_201411-015675.parquet,real_data_sample\l2_unseen_validation\trade_date=2026-07-17\exchange=NSE\symbol=SBIN\part-053907_201411-015675.parquet,36022,downloaded,36022,
2026-07-17,NSE,SBIN,raw_l2/trade_date=2026-07-17/exchange=NSE/symbol=SBIN/part-053853_427807-015643.parquet,real_data_sample\l2_unseen_validation\trade_date=2026-07-17\exchange=NSE\symbol=SBIN\part-053853_427807-015643.parquet,36064,downloaded,36064,
2026-07-17,NSE,SBIN,raw_l2/trade_date=2026-07-17/exchange=NSE/symbol=SBIN/part-053935_209245-015739.parquet,real_data_sample\l2_unseen_validation\trade_date=2026-07-17\exchange=NSE\symbol=SBIN\part-053935_209245-015739.parquet,34777,downloaded,34777,
2026-07-17,NSE,SBIN,raw_l2/trade_date=2026-07-17/exchange=NSE/symbol=SBIN/part-053949_017662-015771.parquet,real_data_sample\l2_unseen_validation\trade_date=2026-07-17\exchange=NSE\symbol=SBIN\part-053949_017662-015771.parquet,34677,downloaded,34677,
2026-07-17,NSE,SBIN,raw_l2/trade_date=2026-07-17/exchange=NSE/symbol=SBIN/part-053154_559962-014683.parquet,real_data_sample\l2_unseen_validation\trade_date=2026-07-17\exchange=NSE\symbol=SBIN\part-053154_559962-014683.parquet,34975,downloaded,34975,
2026-07-17,NSE,SBIN,raw_l2/trade_date=2026-07-17/exchange=NSE/symbol=SBIN/part-053140_750986-014651.parquet,real_data_sample\l2_unseen_validation\trade_date=2026-07-17\exchange=NSE\symbol=SBIN\part-053140_750986-014651.parquet,34948,downloaded,34948,
2026-07-17,NSE,SBIN,raw_l2/trade_date=2026-07-17/exchange=NSE/symbol=SBIN/part-054154_043630-016059.parquet,real_data_sample\l2_unseen_validation\trade_date=2026-07-17\exchange=NSE\symbol=SBIN\part-054154_043630-016059.parquet,34713,downloaded,34713,
2026-07-17,NSE,SBIN,raw_l2/trade_date=2026-07-17/exchange=NSE/symbol=SBIN/part-054221_979557-016123.parquet,real_data_sample\l2_unseen_validation\trade_date=2026-07-17\exchange=NSE\symbol=SBIN\part-054221_979557-016123.parquet,34379,downloaded,34379,
2026-07-17,NSE,SBIN,raw_l2/trade_date=2026-07-17/exchange=NSE/symbol=SBIN/part-054112_695173-015963.parquet,real_data_sample\l2_unseen_validation\trade_date=2026-07-17\exchange=NSE\symbol=SBIN\part-054112_695173-015963.parquet,34887,downloaded,34887,
2026-07-17,NSE,SBIN,raw_l2/trade_date=2026-07-17/exchange=NSE/symbol=SBIN/part-054359_333097-016347.parquet,real_data_sample\l2_unseen_validation\trade_date=2026-07-17\exchange=NSE\symbol=SBIN\part-054359_333097-016347.parquet,35815,downloaded,35815,
2026-07-17,NSE,SBIN,raw_l2/trade_date=2026-07-17/exchange=NSE/symbol=SBIN/part-054126_462783-015995.parquet,real_data_sample\l2_unseen_validation\trade_date=2026-07-17\exchange=NSE\symbol=SBIN\part-054126_462783-015995.parquet,34691,downloaded,34691,
2026-07-17,NSE,SBIN,raw_l2/trade_date=2026-07-17/exchange=NSE/symbol=SBIN/part-054058_772757-015931.parquet,real_data_sample\l2_unseen_validation\trade_date=2026-07-17\exchange=NSE\symbol=SBIN\part-054058_772757-015931.parquet,34714,downloaded,34714,
2026-07-17,NSE,SBIN,raw_l2/trade_date=2026-07-17/exchange=NSE/symbol=SBIN/part-054331_589251-016283.parquet,real_data_sample\l2_unseen_validation\trade_date=2026-07-17\exchange=NSE\symbol=SBIN\part-054331_589251-016283.parquet,36144,downloaded,36144,
2026-07-17,NSE,SBIN,raw_l2/trade_date=2026-07-17/exchange=NSE/symbol=SBIN/part-054044_837438-015899.parquet,real_data_sample\l2_unseen_validation\trade_date=2026-07-17\exchange=NSE\symbol=SBIN\part-054044_837438-015899.parquet,34549,downloaded,34549,
2026-07-17,NSE,SBIN,raw_l2/trade_date=2026-07-17/exchange=NSE/symbol=SBIN/part-054208_014564-016091.parquet,real_data_sample\l2_unseen_validation\trade_date=2026-07-17\exchange=NSE\symbol=SBIN\part-054208_014564-016091.parquet,34591,downloaded,34591,
2026-07-17,NSE,SBIN,raw_l2/trade_date=2026-07-17/exchange=NSE/symbol=SBIN/part-054427_196333-016411.parquet,real_data_sample\l2_unseen_validation\trade_date=2026-07-17\exchange=NSE\symbol=SBIN\part-054427_196333-016411.parquet,36177,downloaded,36177,
2026-07-17,NSE,SBIN,raw_l2/trade_date=2026-07-17/exchange=NSE/symbol=SBIN/part-054030_940330-015867.parquet,real_data_sample\l2_unseen_validation\trade_date=2026-07-17\exchange=NSE\symbol=SBIN\part-054030_940330-015867.parquet,34702,downloaded,34702,
2026-07-17,NSE,SBIN,raw_l2/trade_date=2026-07-17/exchange=NSE/symbol=SBIN/part-054016_877244-015835.parquet,real_data_sample\l2_unseen_validation\trade_date=2026-07-17\exchange=NSE\symbol=SBIN\part-054016_877244-015835.parquet,34694,downloaded,34694,
2026-07-17,NSE,SBIN,raw_l2/trade_date=2026-07-17/exchange=NSE/symbol=SBIN/part-054413_314484-016379.parquet,real_data_sample\l2_unseen_validation\trade_date=2026-07-17\exchange=NSE\symbol=SBIN\part-054413_314484-016379.parquet,35937,downloaded,35937,
2026-07-17,NSE,SBIN,raw_l2/trade_date=2026-07-17/exchange=NSE/symbol=SBIN/part-054345_449064-016315.parquet,real_data_sample\l2_unseen_validation\trade_date=2026-07-17\exchange=NSE\symbol=SBIN\part-054345_449064-016315.parquet,36503,downloaded,36503,
2026-07-17,NSE,SBIN,raw_l2/trade_date=2026-07-17/exchange=NSE/symbol=SBIN/part-054440_990148-016443.parquet,real_data_sample\l2_unseen_validation\trade_date=2026-07-17\exchange=NSE\symbol=SBIN\part-054440_990148-016443.parquet,36015,downloaded,36015,
2026-07-17,NSE,SBIN,raw_l2/trade_date=2026-07-17/exchange=NSE/symbol=SBIN/part-054454_979100-016475.parquet,real_data_sample\l2_unseen_validation\trade_date=2026-07-17\exchange=NSE\symbol=SBIN\part-054454_979100-016475.parquet,36027,downloaded,36027,
2026-07-17,NSE,SBIN,raw_l2/trade_date=2026-07-17/exchange=NSE/symbol=SBIN/part-054003_183649-015803.parquet,real_data_sample\l2_unseen_validation\trade_date=2026-07-17\exchange=NSE\symbol=SBIN\part-054003_183649-015803.parquet,34706,downloaded,34706,
2026-07-17,NSE,SBIN,raw_l2/trade_date=2026-07-17/exchange=NSE/symbol=SBIN/part-054303_819457-016219.parquet,real_data_sample\l2_unseen_validation\trade_date=2026-07-17\exchange=NSE\symbol=SBIN\part-054303_819457-016219.parquet,34979,downloaded,34979,
2026-07-17,NSE,SBIN,raw_l2/trade_date=2026-07-17/exchange=NSE/symbol=SBIN/part-054249_825604-016187.parquet,real_data_sample\l2_unseen_validation\trade_date=2026-07-17\exchange=NSE\symbol=SBIN\part-054249_825604-016187.parquet,34752,downloaded,34752,
2026-07-17,NSE,SBIN,raw_l2/trade_date=2026-07-17/exchange=NSE/symbol=SBIN/part-054508_741216-016507.parquet,real_data_sample\l2_unseen_validation\trade_date=2026-07-17\exchange=NSE\symbol=SBIN\part-054508_741216-016507.parquet,36455,downloaded,36455,
2026-07-17,NSE,SBIN,raw_l2/trade_date=2026-07-17/exchange=NSE/symbol=SBIN/part-054317_697225-016251.parquet,real_data_sample\l2_unseen_validation\trade_date=2026-07-17\exchange=NSE\symbol=SBIN\part-054317_697225-016251.parquet,35370,downloaded,35370,
2026-07-17,NSE,SBIN,raw_l2/trade_date=2026-07-17/exchange=NSE/symbol=SBIN/part-054522_679809-016539.parquet,real_data_sample\l2_unseen_validation\trade_date=2026-07-17\exchange=NSE\symbol=SBIN\part-054522_679809-016539.parquet,36438,downloaded,36438,
2026-07-17,NSE,SBIN,raw_l2/trade_date=2026-07-17/exchange=NSE/symbol=SBIN/part-054536_557092-016571.parquet,real_data_sample\l2_unseen_validation\trade_date=2026-07-17\exchange=NSE\symbol=SBIN\part-054536_557092-016571.parquet,36005,downloaded,36005,
2026-07-17,NSE,SBIN,raw_l2/trade_date=2026-07-17/exchange=NSE/symbol=SBIN/part-054550_504318-016603.parquet,real_data_sample\l2_unseen_validation\trade_date=2026-07-17\exchange=NSE\symbol=SBIN\part-054550_504318-016603.parquet,36309,downloaded,36309,
2026-07-17,NSE,SBIN,raw_l2/trade_date=2026-07-17/exchange=NSE/symbol=SBIN/part-054618_207654-016667.parquet,real_data_sample\l2_unseen_validation\trade_date=2026-07-17\exchange=NSE\symbol=SBIN\part-054618_207654-016667.parquet,36414,downloaded,36414,
2026-07-17,NSE,SBIN,raw_l2/trade_date=2026-07-17/exchange=NSE/symbol=SBIN/part-052807_629338-014171.parquet,real_data_sample\l2_unseen_validation\trade_date=2026-07-17\exchange=NSE\symbol=SBIN\part-052807_629338-014171.parquet,35745,downloaded,35745,
2026-07-17,NSE,SBIN,raw_l2/trade_date=2026-07-17/exchange=NSE/symbol=SBIN/part-054631_935122-016699.parquet,real_data_sample\l2_unseen_validation\trade_date=2026-07-17\exchange=NSE\symbol=SBIN\part-054631_935122-016699.parquet,36290,downloaded,36290,
2026-07-17,NSE,SBIN,raw_l2/trade_date=2026-07-17/exchange=NSE/symbol=SBIN/part-054604_338957-016635.parquet,real_data_sample\l2_unseen_validation\trade_date=2026-07-17\exchange=NSE\symbol=SBIN\part-054604_338957-016635.parquet,36507,downloaded,36507,
2026-07-17,NSE,SBIN,raw_l2/trade_date=2026-07-17/exchange=NSE/symbol=SBIN/part-054713_762054-016795.parquet,real_data_sample\l2_unseen_validation\trade_date=2026-07-17\exchange=NSE\symbol=SBIN\part-054713_762054-016795.parquet,35948,downloaded,35948,
2026-07-17,NSE,SBIN,raw_l2/trade_date=2026-07-17/exchange=NSE/symbol=SBIN/part-054140_202603-016027.parquet,real_data_sample\l2_unseen_validation\trade_date=2026-07-17\exchange=NSE\symbol=SBIN\part-054140_202603-016027.parquet,34683,downloaded,34683,
2026-07-17,NSE,SBIN,raw_l2/trade_date=2026-07-17/exchange=NSE/symbol=SBIN/part-055229_814086-017499.parquet,real_data_sample\l2_unseen_validation\trade_date=2026-07-17\exchange=NSE\symbol=SBIN\part-055229_814086-017499.parquet,36051,downloaded,36051,
2026-07-17,NSE,SBIN,raw_l2/trade_date=2026-07-17/exchange=NSE/symbol=SBIN/part-055131_490448-017371.parquet,real_data_sample\l2_unseen_validation\trade_date=2026-07-17\exchange=NSE\symbol=SBIN\part-055131_490448-017371.parquet,35786,downloaded,35786,
2026-07-17,NSE,SBIN,raw_l2/trade_date=2026-07-17/exchange=NSE/symbol=SBIN/part-054810_122937-016923.parquet,real_data_sample\l2_unseen_validation\trade_date=2026-07-17\exchange=NSE\symbol=SBIN\part-054810_122937-016923.parquet,36162,downloaded,36162,
2026-07-17,NSE,SBIN,raw_l2/trade_date=2026-07-17/exchange=NSE/symbol=SBIN/part-054921_048374-017083.parquet,real_data_sample\l2_unseen_validation\trade_date=2026-07-17\exchange=NSE\symbol=SBIN\part-054921_048374-017083.parquet,35205,downloaded,35205,
2026-07-17,NSE,SBIN,raw_l2/trade_date=2026-07-17/exchange=NSE/symbol=SBIN/part-055047_324763-017275.parquet,real_data_sample\l2_unseen_validation\trade_date=2026-07-17\exchange=NSE\symbol=SBIN\part-055047_324763-017275.parquet,36405,downloaded,36405,
2026-07-17,NSE,SBIN,raw_l2/trade_date=2026-07-17/exchange=NSE/symbol=SBIN/part-055215_311240-017467.parquet,real_data_sample\l2_unseen_validation\trade_date=2026-07-17\exchange=NSE\symbol=SBIN\part-055215_311240-017467.parquet,36635,downloaded,36635,
2026-07-17,NSE,SBIN,raw_l2/trade_date=2026-07-17/exchange=NSE/symbol=SBIN/part-055102_032117-017307.parquet,real_data_sample\l2_unseen_validation\trade_date=2026-07-17\exchange=NSE\symbol=SBIN\part-055102_032117-017307.parquet,36298,downloaded,36298,
2026-07-17,NSE,SBIN,raw_l2/trade_date=2026-07-17/exchange=NSE/symbol=SBIN/part-055200_907955-017435.parquet,real_data_sample\l2_unseen_validation\trade_date=2026-07-17\exchange=NSE\symbol=SBIN\part-055200_907955-017435.parquet,36016,downloaded,36016,
2026-07-17,NSE,SBIN,raw_l2/trade_date=2026-07-17/exchange=NSE/symbol=SBIN/part-054935_375475-017115.parquet,real_data_sample\l2_unseen_validation\trade_date=2026-07-17\exchange=NSE\symbol=SBIN\part-054935_375475-017115.parquet,34764,downloaded,34764,
2026-07-17,NSE,SBIN,raw_l2/trade_date=2026-07-17/exchange=NSE/symbol=SBIN/part-055116_428640-017339.parquet,real_data_sample\l2_unseen_validation\trade_date=2026-07-17\exchange=NSE\symbol=SBIN\part-055116_428640-017339.parquet,36438,downloaded,36438,
2026-07-17,NSE,SBIN,raw_l2/trade_date=2026-07-17/exchange=NSE/symbol=SBIN/part-054949_641131-017147.parquet,real_data_sample\l2_unseen_validation\trade_date=2026-07-17\exchange=NSE\symbol=SBIN\part-054949_641131-017147.parquet,34728,downloaded,34728,
2026-07-17,NSE,SBIN,raw_l2/trade_date=2026-07-17/exchange=NSE/symbol=SBIN/part-054852_733974-017019.parquet,real_data_sample\l2_unseen_validation\trade_date=2026-07-17\exchange=NSE\symbol=SBIN\part-054852_733974-017019.parquet,36071,downloaded,36071,
2026-07-17,NSE,SBIN,raw_l2/trade_date=2026-07-17/exchange=NSE/symbol=SBIN/part-054838_663850-016987.parquet,real_data_sample\l2_unseen_validation\trade_date=2026-07-17\exchange=NSE\symbol=SBIN\part-054838_663850-016987.parquet,36042,downloaded,36042,
2026-07-17,NSE,SBIN,raw_l2/trade_date=2026-07-17/exchange=NSE/symbol=SBIN/part-054906_739196-017051.parquet,real_data_sample\l2_unseen_validation\trade_date=2026-07-17\exchange=NSE\symbol=SBIN\part-054906_739196-017051.parquet,36142,downloaded,36142,
2026-07-17,NSE,SBIN,raw_l2/trade_date=2026-07-17/exchange=NSE/symbol=SBIN/part-055004_354950-017179.parquet,real_data_sample\l2_unseen_validation\trade_date=2026-07-17\exchange=NSE\symbol=SBIN\part-055004_354950-017179.parquet,34832,downloaded,34832,
2026-07-17,NSE,SBIN,raw_l2/trade_date=2026-07-17/exchange=NSE/symbol=SBIN/part-055259_290348-017563.parquet,real_data_sample\l2_unseen_validation\trade_date=2026-07-17\exchange=NSE\symbol=SBIN\part-055259_290348-017563.parquet,35874,downloaded,35874,
2026-07-17,NSE,SBIN,raw_l2/trade_date=2026-07-17/exchange=NSE/symbol=SBIN/part-055032_718800-017243.parquet,real_data_sample\l2_unseen_validation\trade_date=2026-07-17\exchange=NSE\symbol=SBIN\part-055032_718800-017243.parquet,36268,downloaded,36268,
2026-07-17,NSE,SBIN,raw_l2/trade_date=2026-07-17/exchange=NSE/symbol=SBIN/part-054824_363730-016955.parquet,real_data_sample\l2_unseen_validation\trade_date=2026-07-17\exchange=NSE\symbol=SBIN\part-054824_363730-016955.parquet,35978,downloaded,35978,
2026-07-17,NSE,SBIN,raw_l2/trade_date=2026-07-17/exchange=NSE/symbol=SBIN/part-054742_002775-016859.parquet,real_data_sample\l2_unseen_validation\trade_date=2026-07-17\exchange=NSE\symbol=SBIN\part-054742_002775-016859.parquet,35858,downloaded,35858,
2026-07-17,NSE,SBIN,raw_l2/trade_date=2026-07-17/exchange=NSE/symbol=SBIN/part-055146_099552-017403.parquet,real_data_sample\l2_unseen_validation\trade_date=2026-07-17\exchange=NSE\symbol=SBIN\part-055146_099552-017403.parquet,36123,downloaded,36123,
2026-07-17,NSE,SBIN,raw_l2/trade_date=2026-07-17/exchange=NSE/symbol=SBIN/part-055018_509600-017211.parquet,real_data_sample\l2_unseen_validation\trade_date=2026-07-17\exchange=NSE\symbol=SBIN\part-055018_509600-017211.parquet,35289,downloaded,35289,
2026-07-17,NSE,SBIN,raw_l2/trade_date=2026-07-17/exchange=NSE/symbol=SBIN/part-055244_872565-017531.parquet,real_data_sample\l2_unseen_validation\trade_date=2026-07-17\exchange=NSE\symbol=SBIN\part-055244_872565-017531.parquet,35948,downloaded,35948,
2026-07-17,NSE,SBIN,raw_l2/trade_date=2026-07-17/exchange=NSE/symbol=SBIN/part-054756_118748-016891.parquet,real_data_sample\l2_unseen_validation\trade_date=2026-07-17\exchange=NSE\symbol=SBIN\part-054756_118748-016891.parquet,35860,downloaded,35860,
2026-07-17,NSE,SBIN,raw_l2/trade_date=2026-07-17/exchange=NSE/symbol=SBIN/part-055327_703497-017627.parquet,real_data_sample\l2_unseen_validation\trade_date=2026-07-17\exchange=NSE\symbol=SBIN\part-055327_703497-017627.parquet,36111,downloaded,36111,
2026-07-17,NSE,SBIN,raw_l2/trade_date=2026-07-17/exchange=NSE/symbol=SBIN/part-054727_914433-016827.parquet,real_data_sample\l2_unseen_validation\trade_date=2026-07-17\exchange=NSE\symbol=SBIN\part-054727_914433-016827.parquet,35910,downloaded,35910,
2026-07-17,NSE,SBIN,raw_l2/trade_date=2026-07-17/exchange=NSE/symbol=SBIN/part-055342_321871-017659.parquet,real_data_sample\l2_unseen_validation\trade_date=2026-07-17\exchange=NSE\symbol=SBIN\part-055342_321871-017659.parquet,36025,downloaded,36025,
2026-07-17,NSE,SBIN,raw_l2/trade_date=2026-07-17/exchange=NSE/symbol=SBIN/part-054659_632973-016763.parquet,real_data_sample\l2_unseen_validation\trade_date=2026-07-17\exchange=NSE\symbol=SBIN\part-054659_632973-016763.parquet,35747,downloaded,35747,
2026-07-17,NSE,SBIN,raw_l2/trade_date=2026-07-17/exchange=NSE/symbol=SBIN/part-055356_575301-017691.parquet,real_data_sample\l2_unseen_validation\trade_date=2026-07-17\exchange=NSE\symbol=SBIN\part-055356_575301-017691.parquet,35738,downloaded,35738,
2026-07-17,NSE,SBIN,raw_l2/trade_date=2026-07-17/exchange=NSE/symbol=SBIN/part-054235_742988-016155.parquet,real_data_sample\l2_unseen_validation\trade_date=2026-07-17\exchange=NSE\symbol=SBIN\part-054235_742988-016155.parquet,34691,downloaded,34691,
2026-07-17,NSE,SBIN,raw_l2/trade_date=2026-07-17/exchange=NSE/symbol=SBIN/part-055424_878750-017755.parquet,real_data_sample\l2_unseen_validation\trade_date=2026-07-17\exchange=NSE\symbol=SBIN\part-055424_878750-017755.parquet,35904,downloaded,35904,
2026-07-17,NSE,SBIN,raw_l2/trade_date=2026-07-17/exchange=NSE/symbol=SBIN/part-055438_907673-017787.parquet,real_data_sample\l2_unseen_validation\trade_date=2026-07-17\exchange=NSE\symbol=SBIN\part-055438_907673-017787.parquet,36072,downloaded,36072,
2026-07-17,NSE,SBIN,raw_l2/trade_date=2026-07-17/exchange=NSE/symbol=SBIN/part-055534_940663-017915.parquet,real_data_sample\l2_unseen_validation\trade_date=2026-07-17\exchange=NSE\symbol=SBIN\part-055534_940663-017915.parquet,35624,downloaded,35624,
2026-07-17,NSE,SBIN,raw_l2/trade_date=2026-07-17/exchange=NSE/symbol=SBIN/part-055520_891194-017883.parquet,real_data_sample\l2_unseen_validation\trade_date=2026-07-17\exchange=NSE\symbol=SBIN\part-055520_891194-017883.parquet,35773,downloaded,35773,
2026-07-17,NSE,SBIN,raw_l2/trade_date=2026-07-17/exchange=NSE/symbol=SBIN/part-055631_260442-018043.parquet,real_data_sample\l2_unseen_validation\trade_date=2026-07-17\exchange=NSE\symbol=SBIN\part-055631_260442-018043.parquet,35933,downloaded,35933,
2026-07-17,NSE,SBIN,raw_l2/trade_date=2026-07-17/exchange=NSE/symbol=SBIN/part-055603_132295-017979.parquet,real_data_sample\l2_unseen_validation\trade_date=2026-07-17\exchange=NSE\symbol=SBIN\part-055603_132295-017979.parquet,36500,downloaded,36500,
2026-07-17,NSE,SBIN,raw_l2/trade_date=2026-07-17/exchange=NSE/symbol=SBIN/part-055452_878188-017819.parquet,real_data_sample\l2_unseen_validation\trade_date=2026-07-17\exchange=NSE\symbol=SBIN\part-055452_878188-017819.parquet,35898,downloaded,35898,
2026-07-17,NSE,SBIN,raw_l2/trade_date=2026-07-17/exchange=NSE/symbol=SBIN/part-055548_888631-017947.parquet,real_data_sample\l2_unseen_validation\trade_date=2026-07-17\exchange=NSE\symbol=SBIN\part-055548_888631-017947.parquet,36244,downloaded,36244,
2026-07-17,NSE,SBIN,raw_l2/trade_date=2026-07-17/exchange=NSE/symbol=SBIN/part-055617_173845-018011.parquet,real_data_sample\l2_unseen_validation\trade_date=2026-07-17\exchange=NSE\symbol=SBIN\part-055617_173845-018011.parquet,36441,downloaded,36441,
2026-07-17,NSE,SBIN,raw_l2/trade_date=2026-07-17/exchange=NSE/symbol=SBIN/part-055755_725383-018235.parquet,real_data_sample\l2_unseen_validation\trade_date=2026-07-17\exchange=NSE\symbol=SBIN\part-055755_725383-018235.parquet,35631,downloaded,35631,
2026-07-17,NSE,SBIN,raw_l2/trade_date=2026-07-17/exchange=NSE/symbol=SBIN/part-055507_007765-017851.parquet,real_data_sample\l2_unseen_validation\trade_date=2026-07-17\exchange=NSE\symbol=SBIN\part-055507_007765-017851.parquet,35783,downloaded,35783,
2026-07-17,NSE,SBIN,raw_l2/trade_date=2026-07-17/exchange=NSE/symbol=SBIN/part-055823_793900-018299.parquet,real_data_sample\l2_unseen_validation\trade_date=2026-07-17\exchange=NSE\symbol=SBIN\part-055823_793900-018299.parquet,34903,downloaded,34903,
2026-07-17,NSE,SBIN,raw_l2/trade_date=2026-07-17/exchange=NSE/symbol=SBIN/part-055920_561926-018427.parquet,real_data_sample\l2_unseen_validation\trade_date=2026-07-17\exchange=NSE\symbol=SBIN\part-055920_561926-018427.parquet,34782,downloaded,34782,
2026-07-17,NSE,SBIN,raw_l2/trade_date=2026-07-17/exchange=NSE/symbol=SBIN/part-055741_679567-018203.parquet,real_data_sample\l2_unseen_validation\trade_date=2026-07-17\exchange=NSE\symbol=SBIN\part-055741_679567-018203.parquet,35948,downloaded,35948,
2026-07-17,NSE,SBIN,raw_l2/trade_date=2026-07-17/exchange=NSE/symbol=SBIN/part-055838_067905-018331.parquet,real_data_sample\l2_unseen_validation\trade_date=2026-07-17\exchange=NSE\symbol=SBIN\part-055838_067905-018331.parquet,34904,downloaded,34904,
2026-07-17,NSE,SBIN,raw_l2/trade_date=2026-07-17/exchange=NSE/symbol=SBIN/part-055934_702349-018459.parquet,real_data_sample\l2_unseen_validation\trade_date=2026-07-17\exchange=NSE\symbol=SBIN\part-055934_702349-018459.parquet,34674,downloaded,34674,
2026-07-17,NSE,SBIN,raw_l2/trade_date=2026-07-17/exchange=NSE/symbol=SBIN/part-054645_760119-016731.parquet,real_data_sample\l2_unseen_validation\trade_date=2026-07-17\exchange=NSE\symbol=SBIN\part-054645_760119-016731.parquet,36367,downloaded,36367,
2026-07-17,NSE,SBIN,raw_l2/trade_date=2026-07-17/exchange=NSE/symbol=SBIN/part-055645_448937-018075.parquet,real_data_sample\l2_unseen_validation\trade_date=2026-07-17\exchange=NSE\symbol=SBIN\part-055645_448937-018075.parquet,36130,downloaded,36130,
2026-07-17,NSE,SBIN,raw_l2/trade_date=2026-07-17/exchange=NSE/symbol=SBIN/part-055659_471993-018107.parquet,real_data_sample\l2_unseen_validation\trade_date=2026-07-17\exchange=NSE\symbol=SBIN\part-055659_471993-018107.parquet,36139,downloaded,36139,
2026-07-17,NSE,SBIN,raw_l2/trade_date=2026-07-17/exchange=NSE/symbol=SBIN/part-055713_507896-018139.parquet,real_data_sample\l2_unseen_validation\trade_date=2026-07-17\exchange=NSE\symbol=SBIN\part-055713_507896-018139.parquet,35894,downloaded,35894,
2026-07-17,NSE,SBIN,raw_l2/trade_date=2026-07-17/exchange=NSE/symbol=SBIN/part-055727_525408-018171.parquet,real_data_sample\l2_unseen_validation\trade_date=2026-07-17\exchange=NSE\symbol=SBIN\part-055727_525408-018171.parquet,36283,downloaded,36283,
2026-07-17,NSE,SBIN,raw_l2/trade_date=2026-07-17/exchange=NSE/symbol=SBIN/part-055809_687757-018267.parquet,real_data_sample\l2_unseen_validation\trade_date=2026-07-17\exchange=NSE\symbol=SBIN\part-055809_687757-018267.parquet,35502,downloaded,35502,
2026-07-17,NSE,SBIN,raw_l2/trade_date=2026-07-17/exchange=NSE/symbol=SBIN/part-060003_569083-018523.parquet,real_data_sample\l2_unseen_validation\trade_date=2026-07-17\exchange=NSE\symbol=SBIN\part-060003_569083-018523.parquet,34880,downloaded,34880,
2026-07-17,NSE,SBIN,raw_l2/trade_date=2026-07-17/exchange=NSE/symbol=SBIN/part-055906_465039-018395.parquet,real_data_sample\l2_unseen_validation\trade_date=2026-07-17\exchange=NSE\symbol=SBIN\part-055906_465039-018395.parquet,34760,downloaded,34760,
2026-07-17,NSE,SBIN,raw_l2/trade_date=2026-07-17/exchange=NSE/symbol=SBIN/part-055852_323666-018363.parquet,real_data_sample\l2_unseen_validation\trade_date=2026-07-17\exchange=NSE\symbol=SBIN\part-055852_323666-018363.parquet,34777,downloaded,34777,
2026-07-17,NSE,SBIN,raw_l2/trade_date=2026-07-17/exchange=NSE/symbol=SBIN/part-055948_901655-018491.parquet,real_data_sample\l2_unseen_validation\trade_date=2026-07-17\exchange=NSE\symbol=SBIN\part-055948_901655-018491.parquet,34906,downloaded,34906,
2026-07-17,NSE,SBIN,raw_l2/trade_date=2026-07-17/exchange=NSE/symbol=SBIN/part-060017_714553-018555.parquet,real_data_sample\l2_unseen_validation\trade_date=2026-07-17\exchange=NSE\symbol=SBIN\part-060017_714553-018555.parquet,35266,downloaded,35266,
2026-07-17,NSE,SBIN,raw_l2/trade_date=2026-07-17/exchange=NSE/symbol=SBIN/part-060046_050801-018619.parquet,real_data_sample\l2_unseen_validation\trade_date=2026-07-17\exchange=NSE\symbol=SBIN\part-060046_050801-018619.parquet,35764,downloaded,35764,
2026-07-17,NSE,SBIN,raw_l2/trade_date=2026-07-17/exchange=NSE/symbol=SBIN/part-055410_785400-017723.parquet,real_data_sample\l2_unseen_validation\trade_date=2026-07-17\exchange=NSE\symbol=SBIN\part-055410_785400-017723.parquet,36351,downloaded,36351,
2026-07-17,NSE,SBIN,raw_l2/trade_date=2026-07-17/exchange=NSE/symbol=SBIN/part-060128_437799-018715.parquet,real_data_sample\l2_unseen_validation\trade_date=2026-07-17\exchange=NSE\symbol=SBIN\part-060128_437799-018715.parquet,35872,downloaded,35872,
2026-07-17,NSE,SBIN,raw_l2/trade_date=2026-07-17/exchange=NSE/symbol=SBIN/part-060114_447889-018683.parquet,real_data_sample\l2_unseen_validation\trade_date=2026-07-17\exchange=NSE\symbol=SBIN\part-060114_447889-018683.parquet,35835,downloaded,35835,
2026-07-17,NSE,SBIN,raw_l2/trade_date=2026-07-17/exchange=NSE/symbol=SBIN/part-060142_641207-018747.parquet,real_data_sample\l2_unseen_validation\trade_date=2026-07-17\exchange=NSE\symbol=SBIN\part-060142_641207-018747.parquet,35614,downloaded,35614,
2026-07-17,NSE,SBIN,raw_l2/trade_date=2026-07-17/exchange=NSE/symbol=SBIN/part-055313_700949-017595.parquet,real_data_sample\l2_unseen_validation\trade_date=2026-07-17\exchange=NSE\symbol=SBIN\part-055313_700949-017595.parquet,36467,downloaded,36467,
2026-07-17,NSE,SBIN,raw_l2/trade_date=2026-07-17/exchange=NSE/symbol=SBIN/part-060431_703316-019131.parquet,real_data_sample\l2_unseen_validation\trade_date=2026-07-17\exchange=NSE\symbol=SBIN\part-060431_703316-019131.parquet,34710,downloaded,34710,
2026-07-17,NSE,SBIN,raw_l2/trade_date=2026-07-17/exchange=NSE/symbol=SBIN/part-060834_006852-019675.parquet,real_data_sample\l2_unseen_validation\trade_date=2026-07-17\exchange=NSE\symbol=SBIN\part-060834_006852-019675.parquet,36228,downloaded,36228,
2026-07-17,NSE,SBIN,raw_l2/trade_date=2026-07-17/exchange=NSE/symbol=SBIN/part-060403_083425-019067.parquet,real_data_sample\l2_unseen_validation\trade_date=2026-07-17\exchange=NSE\symbol=SBIN\part-060403_083425-019067.parquet,34684,downloaded,34684,
2026-07-17,NSE,SBIN,raw_l2/trade_date=2026-07-17/exchange=NSE/symbol=SBIN/part-060819_501724-019643.parquet,real_data_sample\l2_unseen_validation\trade_date=2026-07-17\exchange=NSE\symbol=SBIN\part-060819_501724-019643.parquet,36103,downloaded,36103,
2026-07-17,NSE,SBIN,raw_l2/trade_date=2026-07-17/exchange=NSE/symbol=SBIN/part-060542_162570-019291.parquet,real_data_sample\l2_unseen_validation\trade_date=2026-07-17\exchange=NSE\symbol=SBIN\part-060542_162570-019291.parquet,35963,downloaded,35963,
2026-07-17,NSE,SBIN,raw_l2/trade_date=2026-07-17/exchange=NSE/symbol=SBIN/part-060156_672076-018779.parquet,real_data_sample\l2_unseen_validation\trade_date=2026-07-17\exchange=NSE\symbol=SBIN\part-060156_672076-018779.parquet,35780,downloaded,35780,
2026-07-17,NSE,SBIN,raw_l2/trade_date=2026-07-17/exchange=NSE/symbol=SBIN/part-060210_786603-018811.parquet,real_data_sample\l2_unseen_validation\trade_date=2026-07-17\exchange=NSE\symbol=SBIN\part-060210_786603-018811.parquet,35683,downloaded,35683,
2026-07-17,NSE,SBIN,raw_l2/trade_date=2026-07-17/exchange=NSE/symbol=SBIN/part-060734_510878-019547.parquet,real_data_sample\l2_unseen_validation\trade_date=2026-07-17\exchange=NSE\symbol=SBIN\part-060734_510878-019547.parquet,36099,downloaded,36099,
2026-07-17,NSE,SBIN,raw_l2/trade_date=2026-07-17/exchange=NSE/symbol=SBIN/part-060224_937679-018843.parquet,real_data_sample\l2_unseen_validation\trade_date=2026-07-17\exchange=NSE\symbol=SBIN\part-060224_937679-018843.parquet,34925,downloaded,34925,
2026-07-17,NSE,SBIN,raw_l2/trade_date=2026-07-17/exchange=NSE/symbol=SBIN/part-060528_069435-019259.parquet,real_data_sample\l2_unseen_validation\trade_date=2026-07-17\exchange=NSE\symbol=SBIN\part-060528_069435-019259.parquet,35637,downloaded,35637,
2026-07-17,NSE,SBIN,raw_l2/trade_date=2026-07-17/exchange=NSE/symbol=SBIN/part-060556_128866-019323.parquet,real_data_sample\l2_unseen_validation\trade_date=2026-07-17\exchange=NSE\symbol=SBIN\part-060556_128866-019323.parquet,35479,downloaded,35479,
2026-07-17,NSE,SBIN,raw_l2/trade_date=2026-07-17/exchange=NSE/symbol=SBIN/part-060623_847091-019387.parquet,real_data_sample\l2_unseen_validation\trade_date=2026-07-17\exchange=NSE\symbol=SBIN\part-060623_847091-019387.parquet,34643,downloaded,34643,
2026-07-17,NSE,SBIN,raw_l2/trade_date=2026-07-17/exchange=NSE/symbol=SBIN/part-060637_883946-019419.parquet,real_data_sample\l2_unseen_validation\trade_date=2026-07-17\exchange=NSE\symbol=SBIN\part-060637_883946-019419.parquet,34754,downloaded,34754,
2026-07-17,NSE,SBIN,raw_l2/trade_date=2026-07-17/exchange=NSE/symbol=SBIN/part-060238_945997-018875.parquet,real_data_sample\l2_unseen_validation\trade_date=2026-07-17\exchange=NSE\symbol=SBIN\part-060238_945997-018875.parquet,34819,downloaded,34819,
2026-07-17,NSE,SBIN,raw_l2/trade_date=2026-07-17/exchange=NSE/symbol=SBIN/part-060349_169849-019035.parquet,real_data_sample\l2_unseen_validation\trade_date=2026-07-17\exchange=NSE\symbol=SBIN\part-060349_169849-019035.parquet,34817,downloaded,34817,
2026-07-17,NSE,SBIN,raw_l2/trade_date=2026-07-17/exchange=NSE/symbol=SBIN/part-060805_058826-019611.parquet,real_data_sample\l2_unseen_validation\trade_date=2026-07-17\exchange=NSE\symbol=SBIN\part-060805_058826-019611.parquet,35878,downloaded,35878,
2026-07-17,NSE,SBIN,raw_l2/trade_date=2026-07-17/exchange=NSE/symbol=SBIN/part-060610_014161-019355.parquet,real_data_sample\l2_unseen_validation\trade_date=2026-07-17\exchange=NSE\symbol=SBIN\part-060610_014161-019355.parquet,36205,downloaded,36205,
2026-07-17,NSE,SBIN,raw_l2/trade_date=2026-07-17/exchange=NSE/symbol=SBIN/part-060417_263187-019099.parquet,real_data_sample\l2_unseen_validation\trade_date=2026-07-17\exchange=NSE\symbol=SBIN\part-060417_263187-019099.parquet,34699,downloaded,34699,
2026-07-17,NSE,SBIN,raw_l2/trade_date=2026-07-17/exchange=NSE/symbol=SBIN/part-060706_124914-019483.parquet,real_data_sample\l2_unseen_validation\trade_date=2026-07-17\exchange=NSE\symbol=SBIN\part-060706_124914-019483.parquet,34666,downloaded,34666,
2026-07-17,NSE,SBIN,raw_l2/trade_date=2026-07-17/exchange=NSE/symbol=SBIN/part-060652_200833-019451.parquet,real_data_sample\l2_unseen_validation\trade_date=2026-07-17\exchange=NSE\symbol=SBIN\part-060652_200833-019451.parquet,34645,downloaded,34645,
2026-07-17,NSE,SBIN,raw_l2/trade_date=2026-07-17/exchange=NSE/symbol=SBIN/part-060445_937531-019163.parquet,real_data_sample\l2_unseen_validation\trade_date=2026-07-17\exchange=NSE\symbol=SBIN\part-060445_937531-019163.parquet,34679,downloaded,34679,
2026-07-17,NSE,SBIN,raw_l2/trade_date=2026-07-17/exchange=NSE/symbol=SBIN/part-060720_250551-019515.parquet,real_data_sample\l2_unseen_validation\trade_date=2026-07-17\exchange=NSE\symbol=SBIN\part-060720_250551-019515.parquet,35202,downloaded,35202,
2026-07-17,NSE,SBIN,raw_l2/trade_date=2026-07-17/exchange=NSE/symbol=SBIN/part-060513_915083-019227.parquet,real_data_sample\l2_unseen_validation\trade_date=2026-07-17\exchange=NSE\symbol=SBIN\part-060513_915083-019227.parquet,34795,downloaded,34795,
2026-07-17,NSE,SBIN,raw_l2/trade_date=2026-07-17/exchange=NSE/symbol=SBIN/part-060321_224458-018971.parquet,real_data_sample\l2_unseen_validation\trade_date=2026-07-17\exchange=NSE\symbol=SBIN\part-060321_224458-018971.parquet,34603,downloaded,34603,
2026-07-17,NSE,SBIN,raw_l2/trade_date=2026-07-17/exchange=NSE/symbol=SBIN/part-060253_041447-018907.parquet,real_data_sample\l2_unseen_validation\trade_date=2026-07-17\exchange=NSE\symbol=SBIN\part-060253_041447-018907.parquet,34599,downloaded,34599,
2026-07-17,NSE,SBIN,raw_l2/trade_date=2026-07-17/exchange=NSE/symbol=SBIN/part-060307_207945-018939.parquet,real_data_sample\l2_unseen_validation\trade_date=2026-07-17\exchange=NSE\symbol=SBIN\part-060307_207945-018939.parquet,34833,downloaded,34833,
2026-07-17,NSE,SBIN,raw_l2/trade_date=2026-07-17/exchange=NSE/symbol=SBIN/part-060335_209933-019003.parquet,real_data_sample\l2_unseen_validation\trade_date=2026-07-17\exchange=NSE\symbol=SBIN\part-060335_209933-019003.parquet,34737,downloaded,34737,
2026-07-17,NSE,SBIN,raw_l2/trade_date=2026-07-17/exchange=NSE/symbol=SBIN/part-060749_145833-019579.parquet,real_data_sample\l2_unseen_validation\trade_date=2026-07-17\exchange=NSE\symbol=SBIN\part-060749_145833-019579.parquet,35975,downloaded,35975,
2026-07-17,NSE,SBIN,raw_l2/trade_date=2026-07-17/exchange=NSE/symbol=SBIN/part-060945_412442-019835.parquet,real_data_sample\l2_unseen_validation\trade_date=2026-07-17\exchange=NSE\symbol=SBIN\part-060945_412442-019835.parquet,35956,downloaded,35956,
2026-07-17,NSE,SBIN,raw_l2/trade_date=2026-07-17/exchange=NSE/symbol=SBIN/part-060902_481507-019739.parquet,real_data_sample\l2_unseen_validation\trade_date=2026-07-17\exchange=NSE\symbol=SBIN\part-060902_481507-019739.parquet,35842,downloaded,35842,
2026-07-17,NSE,SBIN,raw_l2/trade_date=2026-07-17/exchange=NSE/symbol=SBIN/part-061238_138330-020219.parquet,real_data_sample\l2_unseen_validation\trade_date=2026-07-17\exchange=NSE\symbol=SBIN\part-061238_138330-020219.parquet,36711,downloaded,36711,
2026-07-17,NSE,SBIN,raw_l2/trade_date=2026-07-17/exchange=NSE/symbol=SBIN/part-061501_729304-020539.parquet,real_data_sample\l2_unseen_validation\trade_date=2026-07-17\exchange=NSE\symbol=SBIN\part-061501_729304-020539.parquet,36122,downloaded,36122,
2026-07-17,NSE,SBIN,raw_l2/trade_date=2026-07-17/exchange=NSE/symbol=SBIN/part-061140_360385-020091.parquet,real_data_sample\l2_unseen_validation\trade_date=2026-07-17\exchange=NSE\symbol=SBIN\part-061140_360385-020091.parquet,36164,downloaded,36164,
2026-07-17,NSE,SBIN,raw_l2/trade_date=2026-07-17/exchange=NSE/symbol=SBIN/part-061057_188125-019995.parquet,real_data_sample\l2_unseen_validation\trade_date=2026-07-17\exchange=NSE\symbol=SBIN\part-061057_188125-019995.parquet,35595,downloaded,35595,
2026-07-17,NSE,SBIN,raw_l2/trade_date=2026-07-17/exchange=NSE/symbol=SBIN/part-060916_519963-019771.parquet,real_data_sample\l2_unseen_validation\trade_date=2026-07-17\exchange=NSE\symbol=SBIN\part-060916_519963-019771.parquet,35748,downloaded,35748,
2026-07-17,NSE,SBIN,raw_l2/trade_date=2026-07-17/exchange=NSE/symbol=SBIN/part-061516_159784-020571.parquet,real_data_sample\l2_unseen_validation\trade_date=2026-07-17\exchange=NSE\symbol=SBIN\part-061516_159784-020571.parquet,36089,downloaded,36089,
2026-07-17,NSE,SBIN,raw_l2/trade_date=2026-07-17/exchange=NSE/symbol=SBIN/part-061433_046873-020475.parquet,real_data_sample\l2_unseen_validation\trade_date=2026-07-17\exchange=NSE\symbol=SBIN\part-061433_046873-020475.parquet,35736,downloaded,35736,
2026-07-17,NSE,SBIN,raw_l2/trade_date=2026-07-17/exchange=NSE/symbol=SBIN/part-061447_252148-020507.parquet,real_data_sample\l2_unseen_validation\trade_date=2026-07-17\exchange=NSE\symbol=SBIN\part-061447_252148-020507.parquet,35921,downloaded,35921,
2026-07-17,NSE,SBIN,raw_l2/trade_date=2026-07-17/exchange=NSE/symbol=SBIN/part-060959_731071-019867.parquet,real_data_sample\l2_unseen_validation\trade_date=2026-07-17\exchange=NSE\symbol=SBIN\part-060959_731071-019867.parquet,36418,downloaded,36418,
2026-07-17,NSE,SBIN,raw_l2/trade_date=2026-07-17/exchange=NSE/symbol=SBIN/part-061014_129726-019899.parquet,real_data_sample\l2_unseen_validation\trade_date=2026-07-17\exchange=NSE\symbol=SBIN\part-061014_129726-019899.parquet,35731,downloaded,35731,
2026-07-17,NSE,SBIN,raw_l2/trade_date=2026-07-17/exchange=NSE/symbol=SBIN/part-061306_939940-020283.parquet,real_data_sample\l2_unseen_validation\trade_date=2026-07-17\exchange=NSE\symbol=SBIN\part-061306_939940-020283.parquet,36142,downloaded,36142,
2026-07-17,NSE,SBIN,raw_l2/trade_date=2026-07-17/exchange=NSE/symbol=SBIN/part-061042_684139-019963.parquet,real_data_sample\l2_unseen_validation\trade_date=2026-07-17\exchange=NSE\symbol=SBIN\part-061042_684139-019963.parquet,35920,downloaded,35920,
2026-07-17,NSE,SBIN,raw_l2/trade_date=2026-07-17/exchange=NSE/symbol=SBIN/part-061418_660592-020443.parquet,real_data_sample\l2_unseen_validation\trade_date=2026-07-17\exchange=NSE\symbol=SBIN\part-061418_660592-020443.parquet,35763,downloaded,35763,
2026-07-17,NSE,SBIN,raw_l2/trade_date=2026-07-17/exchange=NSE/symbol=SBIN/part-061321_425137-020315.parquet,real_data_sample\l2_unseen_validation\trade_date=2026-07-17\exchange=NSE\symbol=SBIN\part-061321_425137-020315.parquet,35993,downloaded,35993,
2026-07-17,NSE,SBIN,raw_l2/trade_date=2026-07-17/exchange=NSE/symbol=SBIN/part-061350_017344-020379.parquet,real_data_sample\l2_unseen_validation\trade_date=2026-07-17\exchange=NSE\symbol=SBIN\part-061350_017344-020379.parquet,36592,downloaded,36592,
2026-07-17,NSE,SBIN,raw_l2/trade_date=2026-07-17/exchange=NSE/symbol=SBIN/part-061028_331483-019931.parquet,real_data_sample\l2_unseen_validation\trade_date=2026-07-17\exchange=NSE\symbol=SBIN\part-061028_331483-019931.parquet,36215,downloaded,36215,
2026-07-17,NSE,SBIN,raw_l2/trade_date=2026-07-17/exchange=NSE/symbol=SBIN/part-061252_455701-020251.parquet,real_data_sample\l2_unseen_validation\trade_date=2026-07-17\exchange=NSE\symbol=SBIN\part-061252_455701-020251.parquet,36436,downloaded,36436,
2026-07-17,NSE,SBIN,raw_l2/trade_date=2026-07-17/exchange=NSE/symbol=SBIN/part-060931_180999-019803.parquet,real_data_sample\l2_unseen_validation\trade_date=2026-07-17\exchange=NSE\symbol=SBIN\part-060931_180999-019803.parquet,35500,downloaded,35500,
2026-07-17,NSE,SBIN,raw_l2/trade_date=2026-07-17/exchange=NSE/symbol=SBIN/part-061223_650285-020187.parquet,real_data_sample\l2_unseen_validation\trade_date=2026-07-17\exchange=NSE\symbol=SBIN\part-061223_650285-020187.parquet,36892,downloaded,36892,
2026-07-17,NSE,SBIN,raw_l2/trade_date=2026-07-17/exchange=NSE/symbol=SBIN/part-061125_895370-020059.parquet,real_data_sample\l2_unseen_validation\trade_date=2026-07-17\exchange=NSE\symbol=SBIN\part-061125_895370-020059.parquet,35826,downloaded,35826,
2026-07-17,NSE,SBIN,raw_l2/trade_date=2026-07-17/exchange=NSE/symbol=SBIN/part-061111_492320-020027.parquet,real_data_sample\l2_unseen_validation\trade_date=2026-07-17\exchange=NSE\symbol=SBIN\part-061111_492320-020027.parquet,36271,downloaded,36271,
2026-07-17,NSE,SBIN,raw_l2/trade_date=2026-07-17/exchange=NSE/symbol=SBIN/part-061335_805975-020347.parquet,real_data_sample\l2_unseen_validation\trade_date=2026-07-17\exchange=NSE\symbol=SBIN\part-061335_805975-020347.parquet,35884,downloaded,35884,
2026-07-17,NSE,SBIN,raw_l2/trade_date=2026-07-17/exchange=NSE/symbol=SBIN/part-060031_864502-018587.parquet,real_data_sample\l2_unseen_validation\trade_date=2026-07-17\exchange=NSE\symbol=SBIN\part-060031_864502-018587.parquet,36491,downloaded,36491,
2026-07-17,NSE,SBIN,raw_l2/trade_date=2026-07-17/exchange=NSE/symbol=SBIN/part-061209_125955-020155.parquet,real_data_sample\l2_unseen_validation\trade_date=2026-07-17\exchange=NSE\symbol=SBIN\part-061209_125955-020155.parquet,36551,downloaded,36551,
2026-07-17,NSE,SBIN,raw_l2/trade_date=2026-07-17/exchange=NSE/symbol=SBIN/part-061404_346009-020411.parquet,real_data_sample\l2_unseen_validation\trade_date=2026-07-17\exchange=NSE\symbol=SBIN\part-061404_346009-020411.parquet,36181,downloaded,36181,
2026-07-17,NSE,SBIN,raw_l2/trade_date=2026-07-17/exchange=NSE/symbol=SBIN/part-061154_831848-020123.parquet,real_data_sample\l2_unseen_validation\trade_date=2026-07-17\exchange=NSE\symbol=SBIN\part-061154_831848-020123.parquet,35889,downloaded,35889,
2026-07-17,NSE,SBIN,raw_l2/trade_date=2026-07-17/exchange=NSE/symbol=SBIN/part-060100_332387-018651.parquet,real_data_sample\l2_unseen_validation\trade_date=2026-07-17\exchange=NSE\symbol=SBIN\part-060100_332387-018651.parquet,35841,downloaded,35841,
2026-07-17,NSE,SBIN,raw_l2/trade_date=2026-07-17/exchange=NSE/symbol=SBIN/part-061544_859690-020635.parquet,real_data_sample\l2_unseen_validation\trade_date=2026-07-17\exchange=NSE\symbol=SBIN\part-061544_859690-020635.parquet,35905,downloaded,35905,
2026-07-17,NSE,SBIN,raw_l2/trade_date=2026-07-17/exchange=NSE/symbol=SBIN/part-061949_739919-021179.parquet,real_data_sample\l2_unseen_validation\trade_date=2026-07-17\exchange=NSE\symbol=SBIN\part-061949_739919-021179.parquet,36336,downloaded,36336,
2026-07-17,NSE,SBIN,raw_l2/trade_date=2026-07-17/exchange=NSE/symbol=SBIN/part-061809_470722-020955.parquet,real_data_sample\l2_unseen_validation\trade_date=2026-07-17\exchange=NSE\symbol=SBIN\part-061809_470722-020955.parquet,36079,downloaded,36079,
2026-07-17,NSE,SBIN,raw_l2/trade_date=2026-07-17/exchange=NSE/symbol=SBIN/part-062144_117067-021435.parquet,real_data_sample\l2_unseen_validation\trade_date=2026-07-17\exchange=NSE\symbol=SBIN\part-062144_117067-021435.parquet,35698,downloaded,35698,
2026-07-17,NSE,SBIN,raw_l2/trade_date=2026-07-17/exchange=NSE/symbol=SBIN/part-061614_983281-020699.parquet,real_data_sample\l2_unseen_validation\trade_date=2026-07-17\exchange=NSE\symbol=SBIN\part-061614_983281-020699.parquet,36052,downloaded,36052,
2026-07-17,NSE,SBIN,raw_l2/trade_date=2026-07-17/exchange=NSE/symbol=SBIN/part-061921_549989-021115.parquet,real_data_sample\l2_unseen_validation\trade_date=2026-07-17\exchange=NSE\symbol=SBIN\part-061921_549989-021115.parquet,35807,downloaded,35807,
2026-07-17,NSE,SBIN,raw_l2/trade_date=2026-07-17/exchange=NSE/symbol=SBIN/part-061935_594391-021147.parquet,real_data_sample\l2_unseen_validation\trade_date=2026-07-17\exchange=NSE\symbol=SBIN\part-061935_594391-021147.parquet,35933,downloaded,35933,
2026-07-17,NSE,SBIN,raw_l2/trade_date=2026-07-17/exchange=NSE/symbol=SBIN/part-061906_768791-021083.parquet,real_data_sample\l2_unseen_validation\trade_date=2026-07-17\exchange=NSE\symbol=SBIN\part-061906_768791-021083.parquet,35571,downloaded,35571,
2026-07-17,NSE,SBIN,raw_l2/trade_date=2026-07-17/exchange=NSE/symbol=SBIN/part-061559_413223-020667.parquet,real_data_sample\l2_unseen_validation\trade_date=2026-07-17\exchange=NSE\symbol=SBIN\part-061559_413223-020667.parquet,35842,downloaded,35842,
2026-07-17,NSE,SBIN,raw_l2/trade_date=2026-07-17/exchange=NSE/symbol=SBIN/part-061629_590736-020731.parquet,real_data_sample\l2_unseen_validation\trade_date=2026-07-17\exchange=NSE\symbol=SBIN\part-061629_590736-020731.parquet,35955,downloaded,35955,
2026-07-17,NSE,SBIN,raw_l2/trade_date=2026-07-17/exchange=NSE/symbol=SBIN/part-062101_748529-021339.parquet,real_data_sample\l2_unseen_validation\trade_date=2026-07-17\exchange=NSE\symbol=SBIN\part-062101_748529-021339.parquet,35526,downloaded,35526,
2026-07-17,NSE,SBIN,raw_l2/trade_date=2026-07-17/exchange=NSE/symbol=SBIN/part-061643_683913-020763.parquet,real_data_sample\l2_unseen_validation\trade_date=2026-07-17\exchange=NSE\symbol=SBIN\part-061643_683913-020763.parquet,36174,downloaded,36174,
2026-07-17,NSE,SBIN,raw_l2/trade_date=2026-07-17/exchange=NSE/symbol=SBIN/part-062116_135218-021371.parquet,real_data_sample\l2_unseen_validation\trade_date=2026-07-17\exchange=NSE\symbol=SBIN\part-062116_135218-021371.parquet,35346,downloaded,35346,
2026-07-17,NSE,SBIN,raw_l2/trade_date=2026-07-17/exchange=NSE/symbol=SBIN/part-062032_503549-021275.parquet,real_data_sample\l2_unseen_validation\trade_date=2026-07-17\exchange=NSE\symbol=SBIN\part-062032_503549-021275.parquet,35590,downloaded,35590,
2026-07-17,NSE,SBIN,raw_l2/trade_date=2026-07-17/exchange=NSE/symbol=SBIN/part-062018_141057-021243.parquet,real_data_sample\l2_unseen_validation\trade_date=2026-07-17\exchange=NSE\symbol=SBIN\part-062018_141057-021243.parquet,36336,downloaded,36336,
2026-07-17,NSE,SBIN,raw_l2/trade_date=2026-07-17/exchange=NSE/symbol=SBIN/part-061711_994074-020827.parquet,real_data_sample\l2_unseen_validation\trade_date=2026-07-17\exchange=NSE\symbol=SBIN\part-061711_994074-020827.parquet,35901,downloaded,35901,
2026-07-17,NSE,SBIN,raw_l2/trade_date=2026-07-17/exchange=NSE/symbol=SBIN/part-062004_019983-021211.parquet,real_data_sample\l2_unseen_validation\trade_date=2026-07-17\exchange=NSE\symbol=SBIN\part-062004_019983-021211.parquet,36490,downloaded,36490,
2026-07-17,NSE,SBIN,raw_l2/trade_date=2026-07-17/exchange=NSE/symbol=SBIN/part-061657_765462-020795.parquet,real_data_sample\l2_unseen_validation\trade_date=2026-07-17\exchange=NSE\symbol=SBIN\part-061657_765462-020795.parquet,35944,downloaded,35944,
2026-07-17,NSE,SBIN,raw_l2/trade_date=2026-07-17/exchange=NSE/symbol=SBIN/part-061726_138926-020859.parquet,real_data_sample\l2_unseen_validation\trade_date=2026-07-17\exchange=NSE\symbol=SBIN\part-061726_138926-020859.parquet,36048,downloaded,36048,
2026-07-17,NSE,SBIN,raw_l2/trade_date=2026-07-17/exchange=NSE/symbol=SBIN/part-061740_160444-020891.parquet,real_data_sample\l2_unseen_validation\trade_date=2026-07-17\exchange=NSE\symbol=SBIN\part-061740_160444-020891.parquet,35442,downloaded,35442,
2026-07-17,NSE,SBIN,raw_l2/trade_date=2026-07-17/exchange=NSE/symbol=SBIN/part-062212_697710-021499.parquet,real_data_sample\l2_unseen_validation\trade_date=2026-07-17\exchange=NSE\symbol=SBIN\part-062212_697710-021499.parquet,35259,downloaded,35259,
2026-07-17,NSE,SBIN,raw_l2/trade_date=2026-07-17/exchange=NSE/symbol=SBIN/part-062158_390040-021467.parquet,real_data_sample\l2_unseen_validation\trade_date=2026-07-17\exchange=NSE\symbol=SBIN\part-062158_390040-021467.parquet,35312,downloaded,35312,
2026-07-17,NSE,SBIN,raw_l2/trade_date=2026-07-17/exchange=NSE/symbol=SBIN/part-060848_236402-019707.parquet,real_data_sample\l2_unseen_validation\trade_date=2026-07-17\exchange=NSE\symbol=SBIN\part-060848_236402-019707.parquet,36275,downloaded,36275,
2026-07-17,NSE,SBIN,raw_l2/trade_date=2026-07-17/exchange=NSE/symbol=SBIN/part-061530_645496-020603.parquet,real_data_sample\l2_unseen_validation\trade_date=2026-07-17\exchange=NSE\symbol=SBIN\part-061530_645496-020603.parquet,36287,downloaded,36287,
2026-07-17,NSE,SBIN,raw_l2/trade_date=2026-07-17/exchange=NSE/symbol=SBIN/part-062434_697202-021819.parquet,real_data_sample\l2_unseen_validation\trade_date=2026-07-17\exchange=NSE\symbol=SBIN\part-062434_697202-021819.parquet,35832,downloaded,35832,
2026-07-17,NSE,SBIN,raw_l2/trade_date=2026-07-17/exchange=NSE/symbol=SBIN/part-062406_533700-021755.parquet,real_data_sample\l2_unseen_validation\trade_date=2026-07-17\exchange=NSE\symbol=SBIN\part-062406_533700-021755.parquet,34933,downloaded,34933,
2026-07-17,NSE,SBIN,raw_l2/trade_date=2026-07-17/exchange=NSE/symbol=SBIN/part-062255_530168-021595.parquet,real_data_sample\l2_unseen_validation\trade_date=2026-07-17\exchange=NSE\symbol=SBIN\part-062255_530168-021595.parquet,34580,downloaded,34580,
2026-07-17,NSE,SBIN,raw_l2/trade_date=2026-07-17/exchange=NSE/symbol=SBIN/part-062420_711471-021787.parquet,real_data_sample\l2_unseen_validation\trade_date=2026-07-17\exchange=NSE\symbol=SBIN\part-062420_711471-021787.parquet,35365,downloaded,35365,
2026-07-17,NSE,SBIN,raw_l2/trade_date=2026-07-17/exchange=NSE/symbol=SBIN/part-062241_312663-021563.parquet,real_data_sample\l2_unseen_validation\trade_date=2026-07-17\exchange=NSE\symbol=SBIN\part-062241_312663-021563.parquet,34520,downloaded,34520,
2026-07-17,NSE,SBIN,raw_l2/trade_date=2026-07-17/exchange=NSE/symbol=SBIN/part-062324_263662-021659.parquet,real_data_sample\l2_unseen_validation\trade_date=2026-07-17\exchange=NSE\symbol=SBIN\part-062324_263662-021659.parquet,34770,downloaded,34770,
2026-07-17,NSE,SBIN,raw_l2/trade_date=2026-07-17/exchange=NSE/symbol=SBIN/part-062338_471699-021691.parquet,real_data_sample\l2_unseen_validation\trade_date=2026-07-17\exchange=NSE\symbol=SBIN\part-062338_471699-021691.parquet,34750,downloaded,34750,
2026-07-17,NSE,SBIN,raw_l2/trade_date=2026-07-17/exchange=NSE/symbol=SBIN/part-062448_822139-021851.parquet,real_data_sample\l2_unseen_validation\trade_date=2026-07-17\exchange=NSE\symbol=SBIN\part-062448_822139-021851.parquet,35910,downloaded,35910,
2026-07-17,NSE,SBIN,raw_l2/trade_date=2026-07-17/exchange=NSE/symbol=SBIN/part-062352_408002-021723.parquet,real_data_sample\l2_unseen_validation\trade_date=2026-07-17\exchange=NSE\symbol=SBIN\part-062352_408002-021723.parquet,34747,downloaded,34747,
2026-07-17,NSE,SBIN,raw_l2/trade_date=2026-07-17/exchange=NSE/symbol=SBIN/part-062503_060183-021883.parquet,real_data_sample\l2_unseen_validation\trade_date=2026-07-17\exchange=NSE\symbol=SBIN\part-062503_060183-021883.parquet,36088,downloaded,36088,
2026-07-17,NSE,SBIN,raw_l2/trade_date=2026-07-17/exchange=NSE/symbol=SBIN/part-062310_009067-021627.parquet,real_data_sample\l2_unseen_validation\trade_date=2026-07-17\exchange=NSE\symbol=SBIN\part-062310_009067-021627.parquet,34865,downloaded,34865,
2026-07-17,NSE,SBIN,raw_l2/trade_date=2026-07-17/exchange=NSE/symbol=SBIN/part-062545_006931-021979.parquet,real_data_sample\l2_unseen_validation\trade_date=2026-07-17\exchange=NSE\symbol=SBIN\part-062545_006931-021979.parquet,34849,downloaded,34849,
2026-07-17,NSE,SBIN,raw_l2/trade_date=2026-07-17/exchange=NSE/symbol=SBIN/part-062517_196815-021915.parquet,real_data_sample\l2_unseen_validation\trade_date=2026-07-17\exchange=NSE\symbol=SBIN\part-062517_196815-021915.parquet,35762,downloaded,35762,
2026-07-17,NSE,SBIN,raw_l2/trade_date=2026-07-17/exchange=NSE/symbol=SBIN/part-062655_678536-022139.parquet,real_data_sample\l2_unseen_validation\trade_date=2026-07-17\exchange=NSE\symbol=SBIN\part-062655_678536-022139.parquet,35542,downloaded,35542,
2026-07-17,NSE,SBIN,raw_l2/trade_date=2026-07-17/exchange=NSE/symbol=SBIN/part-062613_178640-022043.parquet,real_data_sample\l2_unseen_validation\trade_date=2026-07-17\exchange=NSE\symbol=SBIN\part-062613_178640-022043.parquet,34900,downloaded,34900,
2026-07-17,NSE,SBIN,raw_l2/trade_date=2026-07-17/exchange=NSE/symbol=SBIN/part-062641_494556-022107.parquet,real_data_sample\l2_unseen_validation\trade_date=2026-07-17\exchange=NSE\symbol=SBIN\part-062641_494556-022107.parquet,35630,downloaded,35630,
2026-07-17,NSE,SBIN,raw_l2/trade_date=2026-07-17/exchange=NSE/symbol=SBIN/part-062724_461304-022203.parquet,real_data_sample\l2_unseen_validation\trade_date=2026-07-17\exchange=NSE\symbol=SBIN\part-062724_461304-022203.parquet,34756,downloaded,34756,
2026-07-17,NSE,SBIN,raw_l2/trade_date=2026-07-17/exchange=NSE/symbol=SBIN/part-062710_059584-022171.parquet,real_data_sample\l2_unseen_validation\trade_date=2026-07-17\exchange=NSE\symbol=SBIN\part-062710_059584-022171.parquet,35625,downloaded,35625,
2026-07-17,NSE,SBIN,raw_l2/trade_date=2026-07-17/exchange=NSE/symbol=SBIN/part-062531_087073-021947.parquet,real_data_sample\l2_unseen_validation\trade_date=2026-07-17\exchange=NSE\symbol=SBIN\part-062531_087073-021947.parquet,34689,downloaded,34689,
2026-07-17,NSE,SBIN,raw_l2/trade_date=2026-07-17/exchange=NSE/symbol=SBIN/part-062738_794461-022235.parquet,real_data_sample\l2_unseen_validation\trade_date=2026-07-17\exchange=NSE\symbol=SBIN\part-062738_794461-022235.parquet,34638,downloaded,34638,
2026-07-17,NSE,SBIN,raw_l2/trade_date=2026-07-17/exchange=NSE/symbol=SBIN/part-060459_872884-019195.parquet,real_data_sample\l2_unseen_validation\trade_date=2026-07-17\exchange=NSE\symbol=SBIN\part-060459_872884-019195.parquet,34703,downloaded,34703,
2026-07-17,NSE,SBIN,raw_l2/trade_date=2026-07-17/exchange=NSE/symbol=SBIN/part-062130_217673-021403.parquet,real_data_sample\l2_unseen_validation\trade_date=2026-07-17\exchange=NSE\symbol=SBIN\part-062130_217673-021403.parquet,35530,downloaded,35530,
2026-07-17,NSE,SBIN,raw_l2/trade_date=2026-07-17/exchange=NSE/symbol=SBIN/part-062821_669388-022331.parquet,real_data_sample\l2_unseen_validation\trade_date=2026-07-17\exchange=NSE\symbol=SBIN\part-062821_669388-022331.parquet,34864,downloaded,34864,
2026-07-17,NSE,SBIN,raw_l2/trade_date=2026-07-17/exchange=NSE/symbol=SBIN/part-062835_531331-022363.parquet,real_data_sample\l2_unseen_validation\trade_date=2026-07-17\exchange=NSE\symbol=SBIN\part-062835_531331-022363.parquet,34887,downloaded,34887,
2026-07-17,NSE,SBIN,raw_l2/trade_date=2026-07-17/exchange=NSE/symbol=SBIN/part-062849_953344-022395.parquet,real_data_sample\l2_unseen_validation\trade_date=2026-07-17\exchange=NSE\symbol=SBIN\part-062849_953344-022395.parquet,34989,downloaded,34989,
2026-07-17,NSE,SBIN,raw_l2/trade_date=2026-07-17/exchange=NSE/symbol=SBIN/part-062903_848789-022427.parquet,real_data_sample\l2_unseen_validation\trade_date=2026-07-17\exchange=NSE\symbol=SBIN\part-062903_848789-022427.parquet,34956,downloaded,34956,
2026-07-17,NSE,SBIN,raw_l2/trade_date=2026-07-17/exchange=NSE/symbol=SBIN/part-062226_949723-021531.parquet,real_data_sample\l2_unseen_validation\trade_date=2026-07-17\exchange=NSE\symbol=SBIN\part-062226_949723-021531.parquet,34593,downloaded,34593,
2026-07-17,NSE,SBIN,raw_l2/trade_date=2026-07-17/exchange=NSE/symbol=SBIN/part-062807_224071-022299.parquet,real_data_sample\l2_unseen_validation\trade_date=2026-07-17\exchange=NSE\symbol=SBIN\part-062807_224071-022299.parquet,34642,downloaded,34642,
2026-07-17,NSE,SBIN,raw_l2/trade_date=2026-07-17/exchange=NSE/symbol=SBIN/part-063333_802229-023035.parquet,real_data_sample\l2_unseen_validation\trade_date=2026-07-17\exchange=NSE\symbol=SBIN\part-063333_802229-023035.parquet,34629,downloaded,34629,
2026-07-17,NSE,SBIN,raw_l2/trade_date=2026-07-17/exchange=NSE/symbol=SBIN/part-063401_949462-023099.parquet,real_data_sample\l2_unseen_validation\trade_date=2026-07-17\exchange=NSE\symbol=SBIN\part-063401_949462-023099.parquet,34515,downloaded,34515,
2026-07-17,NSE,SBIN,raw_l2/trade_date=2026-07-17/exchange=NSE/symbol=SBIN/part-063347_938504-023067.parquet,real_data_sample\l2_unseen_validation\trade_date=2026-07-17\exchange=NSE\symbol=SBIN\part-063347_938504-023067.parquet,34658,downloaded,34658,
2026-07-17,NSE,SBIN,raw_l2/trade_date=2026-07-17/exchange=NSE/symbol=SBIN/part-063030_270035-022619.parquet,real_data_sample\l2_unseen_validation\trade_date=2026-07-17\exchange=NSE\symbol=SBIN\part-063030_270035-022619.parquet,34817,downloaded,34817,
2026-07-17,NSE,SBIN,raw_l2/trade_date=2026-07-17/exchange=NSE/symbol=SBIN/part-063016_205540-022587.parquet,real_data_sample\l2_unseen_validation\trade_date=2026-07-17\exchange=NSE\symbol=SBIN\part-063016_205540-022587.parquet,34738,downloaded,34738,
2026-07-17,NSE,SBIN,raw_l2/trade_date=2026-07-17/exchange=NSE/symbol=SBIN/part-063058_444609-022683.parquet,real_data_sample\l2_unseen_validation\trade_date=2026-07-17\exchange=NSE\symbol=SBIN\part-063058_444609-022683.parquet,34641,downloaded,34641,
2026-07-17,NSE,SBIN,raw_l2/trade_date=2026-07-17/exchange=NSE/symbol=SBIN/part-063154_985216-022811.parquet,real_data_sample\l2_unseen_validation\trade_date=2026-07-17\exchange=NSE\symbol=SBIN\part-063154_985216-022811.parquet,35779,downloaded,35779,
2026-07-17,NSE,SBIN,raw_l2/trade_date=2026-07-17/exchange=NSE/symbol=SBIN/part-062933_045746-022491.parquet,real_data_sample\l2_unseen_validation\trade_date=2026-07-17\exchange=NSE\symbol=SBIN\part-062933_045746-022491.parquet,34708,downloaded,34708,
2026-07-17,NSE,SBIN,raw_l2/trade_date=2026-07-17/exchange=NSE/symbol=SBIN/part-063001_965104-022555.parquet,real_data_sample\l2_unseen_validation\trade_date=2026-07-17\exchange=NSE\symbol=SBIN\part-063001_965104-022555.parquet,34522,downloaded,34522,
2026-07-17,NSE,SBIN,raw_l2/trade_date=2026-07-17/exchange=NSE/symbol=SBIN/part-063141_003159-022779.parquet,real_data_sample\l2_unseen_validation\trade_date=2026-07-17\exchange=NSE\symbol=SBIN\part-063141_003159-022779.parquet,36139,downloaded,36139,
2026-07-17,NSE,SBIN,raw_l2/trade_date=2026-07-17/exchange=NSE/symbol=SBIN/part-062947_296412-022523.parquet,real_data_sample\l2_unseen_validation\trade_date=2026-07-17\exchange=NSE\symbol=SBIN\part-062947_296412-022523.parquet,34711,downloaded,34711,
2026-07-17,NSE,SBIN,raw_l2/trade_date=2026-07-17/exchange=NSE/symbol=SBIN/part-062917_977298-022459.parquet,real_data_sample\l2_unseen_validation\trade_date=2026-07-17\exchange=NSE\symbol=SBIN\part-062917_977298-022459.parquet,34671,downloaded,34671,
2026-07-17,NSE,SBIN,raw_l2/trade_date=2026-07-17/exchange=NSE/symbol=SBIN/part-063044_431812-022651.parquet,real_data_sample\l2_unseen_validation\trade_date=2026-07-17\exchange=NSE\symbol=SBIN\part-063044_431812-022651.parquet,34879,downloaded,34879,
2026-07-17,NSE,SBIN,raw_l2/trade_date=2026-07-17/exchange=NSE/symbol=SBIN/part-063222_817751-022875.parquet,real_data_sample\l2_unseen_validation\trade_date=2026-07-17\exchange=NSE\symbol=SBIN\part-063222_817751-022875.parquet,34907,downloaded,34907,
2026-07-17,NSE,SBIN,raw_l2/trade_date=2026-07-17/exchange=NSE/symbol=SBIN/part-063112_822907-022715.parquet,real_data_sample\l2_unseen_validation\trade_date=2026-07-17\exchange=NSE\symbol=SBIN\part-063112_822907-022715.parquet,34738,downloaded,34738,
2026-07-17,NSE,SBIN,raw_l2/trade_date=2026-07-17/exchange=NSE/symbol=SBIN/part-063127_020547-022747.parquet,real_data_sample\l2_unseen_validation\trade_date=2026-07-17\exchange=NSE\symbol=SBIN\part-063127_020547-022747.parquet,36079,downloaded,36079,
2026-07-17,NSE,SBIN,raw_l2/trade_date=2026-07-17/exchange=NSE/symbol=SBIN/part-062627_244774-022075.parquet,real_data_sample\l2_unseen_validation\trade_date=2026-07-17\exchange=NSE\symbol=SBIN\part-062627_244774-022075.parquet,35479,downloaded,35479,
2026-07-17,NSE,SBIN,raw_l2/trade_date=2026-07-17/exchange=NSE/symbol=SBIN/part-062559_109490-022011.parquet,real_data_sample\l2_unseen_validation\trade_date=2026-07-17\exchange=NSE\symbol=SBIN\part-062559_109490-022011.parquet,34903,downloaded,34903,
2026-07-17,NSE,SBIN,raw_l2/trade_date=2026-07-17/exchange=NSE/symbol=SBIN/part-063208_881797-022843.parquet,real_data_sample\l2_unseen_validation\trade_date=2026-07-17\exchange=NSE\symbol=SBIN\part-063208_881797-022843.parquet,35614,downloaded,35614,
2026-07-17,NSE,SBIN,raw_l2/trade_date=2026-07-17/exchange=NSE/symbol=SBIN/part-063236_839137-022907.parquet,real_data_sample\l2_unseen_validation\trade_date=2026-07-17\exchange=NSE\symbol=SBIN\part-063236_839137-022907.parquet,34530,downloaded,34530,
2026-07-17,NSE,SBIN,raw_l2/trade_date=2026-07-17/exchange=NSE/symbol=SBIN/part-063250_773379-022939.parquet,real_data_sample\l2_unseen_validation\trade_date=2026-07-17\exchange=NSE\symbol=SBIN\part-063250_773379-022939.parquet,34653,downloaded,34653,
2026-07-17,NSE,SBIN,raw_l2/trade_date=2026-07-17/exchange=NSE/symbol=SBIN/part-061823_625571-020987.parquet,real_data_sample\l2_unseen_validation\trade_date=2026-07-17\exchange=NSE\symbol=SBIN\part-061823_625571-020987.parquet,35767,downloaded,35767,
2026-07-17,NSE,SBIN,raw_l2/trade_date=2026-07-17/exchange=NSE/symbol=SBIN/part-063416_052622-023131.parquet,real_data_sample\l2_unseen_validation\trade_date=2026-07-17\exchange=NSE\symbol=SBIN\part-063416_052622-023131.parquet,34577,downloaded,34577,
2026-07-17,NSE,SBIN,raw_l2/trade_date=2026-07-17/exchange=NSE/symbol=SBIN/part-063458_015307-023227.parquet,real_data_sample\l2_unseen_validation\trade_date=2026-07-17\exchange=NSE\symbol=SBIN\part-063458_015307-023227.parquet,34746,downloaded,34746,
2026-07-17,NSE,SBIN,raw_l2/trade_date=2026-07-17/exchange=NSE/symbol=SBIN/part-063512_214348-023259.parquet,real_data_sample\l2_unseen_validation\trade_date=2026-07-17\exchange=NSE\symbol=SBIN\part-063512_214348-023259.parquet,34933,downloaded,34933,
2026-07-17,NSE,SBIN,raw_l2/trade_date=2026-07-17/exchange=NSE/symbol=SBIN/part-063444_067113-023195.parquet,real_data_sample\l2_unseen_validation\trade_date=2026-07-17\exchange=NSE\symbol=SBIN\part-063444_067113-023195.parquet,34797,downloaded,34797,
2026-07-17,NSE,SBIN,raw_l2/trade_date=2026-07-17/exchange=NSE/symbol=SBIN/part-063526_485065-023291.parquet,real_data_sample\l2_unseen_validation\trade_date=2026-07-17\exchange=NSE\symbol=SBIN\part-063526_485065-023291.parquet,34689,downloaded,34689,
2026-07-17,NSE,SBIN,raw_l2/trade_date=2026-07-17/exchange=NSE/symbol=SBIN/part-062753_009250-022267.parquet,real_data_sample\l2_unseen_validation\trade_date=2026-07-17\exchange=NSE\symbol=SBIN\part-062753_009250-022267.parquet,34684,downloaded,34684,
2026-07-17,NSE,SBIN,raw_l2/trade_date=2026-07-17/exchange=NSE/symbol=SBIN/part-063704_146074-023515.parquet,real_data_sample\l2_unseen_validation\trade_date=2026-07-17\exchange=NSE\symbol=SBIN\part-063704_146074-023515.parquet,34825,downloaded,34825,
2026-07-17,NSE,SBIN,raw_l2/trade_date=2026-07-17/exchange=NSE/symbol=SBIN/part-063857_024502-023771.parquet,real_data_sample\l2_unseen_validation\trade_date=2026-07-17\exchange=NSE\symbol=SBIN\part-063857_024502-023771.parquet,34681,downloaded,34681,
2026-07-17,NSE,SBIN,raw_l2/trade_date=2026-07-17/exchange=NSE/symbol=SBIN/part-063718_121248-023547.parquet,real_data_sample\l2_unseen_validation\trade_date=2026-07-17\exchange=NSE\symbol=SBIN\part-063718_121248-023547.parquet,35204,downloaded,35204,
2026-07-17,NSE,SBIN,raw_l2/trade_date=2026-07-17/exchange=NSE/symbol=SBIN/part-063732_011488-023579.parquet,real_data_sample\l2_unseen_validation\trade_date=2026-07-17\exchange=NSE\symbol=SBIN\part-063732_011488-023579.parquet,36362,downloaded,36362,
2026-07-17,NSE,SBIN,raw_l2/trade_date=2026-07-17/exchange=NSE/symbol=SBIN/part-063608_157273-023387.parquet,real_data_sample\l2_unseen_validation\trade_date=2026-07-17\exchange=NSE\symbol=SBIN\part-063608_157273-023387.parquet,34670,downloaded,34670,
2026-07-17,NSE,SBIN,raw_l2/trade_date=2026-07-17/exchange=NSE/symbol=SBIN/part-063813_721305-023675.parquet,real_data_sample\l2_unseen_validation\trade_date=2026-07-17\exchange=NSE\symbol=SBIN\part-063813_721305-023675.parquet,35600,downloaded,35600,
2026-07-17,NSE,SBIN,raw_l2/trade_date=2026-07-17/exchange=NSE/symbol=SBIN/part-063622_091605-023419.parquet,real_data_sample\l2_unseen_validation\trade_date=2026-07-17\exchange=NSE\symbol=SBIN\part-063622_091605-023419.parquet,34624,downloaded,34624,
2026-07-17,NSE,SBIN,raw_l2/trade_date=2026-07-17/exchange=NSE/symbol=SBIN/part-063636_195580-023451.parquet,real_data_sample\l2_unseen_validation\trade_date=2026-07-17\exchange=NSE\symbol=SBIN\part-063636_195580-023451.parquet,34796,downloaded,34796,
2026-07-17,NSE,SBIN,raw_l2/trade_date=2026-07-17/exchange=NSE/symbol=SBIN/part-063759_758816-023643.parquet,real_data_sample\l2_unseen_validation\trade_date=2026-07-17\exchange=NSE\symbol=SBIN\part-063759_758816-023643.parquet,35722,downloaded,35722,
2026-07-17,NSE,SBIN,raw_l2/trade_date=2026-07-17/exchange=NSE/symbol=SBIN/part-063650_150086-023483.parquet,real_data_sample\l2_unseen_validation\trade_date=2026-07-17\exchange=NSE\symbol=SBIN\part-063650_150086-023483.parquet,34732,downloaded,34732,
2026-07-17,NSE,SBIN,raw_l2/trade_date=2026-07-17/exchange=NSE/symbol=SBIN/part-063745_972337-023611.parquet,real_data_sample\l2_unseen_validation\trade_date=2026-07-17\exchange=NSE\symbol=SBIN\part-063745_972337-023611.parquet,35636,downloaded,35636,
2026-07-17,NSE,SBIN,raw_l2/trade_date=2026-07-17/exchange=NSE/symbol=SBIN/part-063828_014267-023707.parquet,real_data_sample\l2_unseen_validation\trade_date=2026-07-17\exchange=NSE\symbol=SBIN\part-063828_014267-023707.parquet,34855,downloaded,34855,
2026-07-17,NSE,SBIN,raw_l2/trade_date=2026-07-17/exchange=NSE/symbol=SBIN/part-063540_295733-023323.parquet,real_data_sample\l2_unseen_validation\trade_date=2026-07-17\exchange=NSE\symbol=SBIN\part-063540_295733-023323.parquet,34637,downloaded,34637,
2026-07-17,NSE,SBIN,raw_l2/trade_date=2026-07-17/exchange=NSE/symbol=SBIN/part-063554_189931-023355.parquet,real_data_sample\l2_unseen_validation\trade_date=2026-07-17\exchange=NSE\symbol=SBIN\part-063554_189931-023355.parquet,34725,downloaded,34725,
2026-07-17,NSE,SBIN,raw_l2/trade_date=2026-07-17/exchange=NSE/symbol=SBIN/part-063939_006050-023867.parquet,real_data_sample\l2_unseen_validation\trade_date=2026-07-17\exchange=NSE\symbol=SBIN\part-063939_006050-023867.parquet,35827,downloaded,35827,
2026-07-17,NSE,SBIN,raw_l2/trade_date=2026-07-17/exchange=NSE/symbol=SBIN/part-063842_246943-023739.parquet,real_data_sample\l2_unseen_validation\trade_date=2026-07-17\exchange=NSE\symbol=SBIN\part-063842_246943-023739.parquet,34666,downloaded,34666,
2026-07-17,NSE,SBIN,raw_l2/trade_date=2026-07-17/exchange=NSE/symbol=SBIN/part-063925_049949-023835.parquet,real_data_sample\l2_unseen_validation\trade_date=2026-07-17\exchange=NSE\symbol=SBIN\part-063925_049949-023835.parquet,35720,downloaded,35720,
2026-07-17,NSE,SBIN,raw_l2/trade_date=2026-07-17/exchange=NSE/symbol=SBIN/part-063911_034763-023803.parquet,real_data_sample\l2_unseen_validation\trade_date=2026-07-17\exchange=NSE\symbol=SBIN\part-063911_034763-023803.parquet,35017,downloaded,35017,
2026-07-17,NSE,SBIN,raw_l2/trade_date=2026-07-17/exchange=NSE/symbol=SBIN/part-063305_078374-022971.parquet,real_data_sample\l2_unseen_validation\trade_date=2026-07-17\exchange=NSE\symbol=SBIN\part-063305_078374-022971.parquet,34819,downloaded,34819,
2026-07-17,NSE,SBIN,raw_l2/trade_date=2026-07-17/exchange=NSE/symbol=SBIN/part-063953_007471-023899.parquet,real_data_sample\l2_unseen_validation\trade_date=2026-07-17\exchange=NSE\symbol=SBIN\part-063953_007471-023899.parquet,35790,downloaded,35790,
2026-07-17,NSE,SBIN,raw_l2/trade_date=2026-07-17/exchange=NSE/symbol=SBIN/part-064006_813197-023931.parquet,real_data_sample\l2_unseen_validation\trade_date=2026-07-17\exchange=NSE\symbol=SBIN\part-064006_813197-023931.parquet,35775,downloaded,35775,
2026-07-17,NSE,SBIN,raw_l2/trade_date=2026-07-17/exchange=NSE/symbol=SBIN/part-063319_595636-023003.parquet,real_data_sample\l2_unseen_validation\trade_date=2026-07-17\exchange=NSE\symbol=SBIN\part-063319_595636-023003.parquet,34793,downloaded,34793,
2026-07-17,NSE,SBIN,raw_l2/trade_date=2026-07-17/exchange=NSE/symbol=SBIN/part-064020_943714-023963.parquet,real_data_sample\l2_unseen_validation\trade_date=2026-07-17\exchange=NSE\symbol=SBIN\part-064020_943714-023963.parquet,35105,downloaded,35105,
2026-07-17,NSE,SBIN,raw_l2/trade_date=2026-07-17/exchange=NSE/symbol=SBIN/part-064035_027465-023995.parquet,real_data_sample\l2_unseen_validation\trade_date=2026-07-17\exchange=NSE\symbol=SBIN\part-064035_027465-023995.parquet,34760,downloaded,34760,
2026-07-17,NSE,SBIN,raw_l2/trade_date=2026-07-17/exchange=NSE/symbol=SBIN/part-064103_061953-024059.parquet,real_data_sample\l2_unseen_validation\trade_date=2026-07-17\exchange=NSE\symbol=SBIN\part-064103_061953-024059.parquet,34617,downloaded,34617,
2026-07-17,NSE,SBIN,raw_l2/trade_date=2026-07-17/exchange=NSE/symbol=SBIN/part-064049_162273-024027.parquet,real_data_sample\l2_unseen_validation\trade_date=2026-07-17\exchange=NSE\symbol=SBIN\part-064049_162273-024027.parquet,34662,downloaded,34662,
2026-07-17,NSE,SBIN,raw_l2/trade_date=2026-07-17/exchange=NSE/symbol=SBIN/part-064158_649155-024187.parquet,real_data_sample\l2_unseen_validation\trade_date=2026-07-17\exchange=NSE\symbol=SBIN\part-064158_649155-024187.parquet,35018,downloaded,35018,
2026-07-17,NSE,SBIN,raw_l2/trade_date=2026-07-17/exchange=NSE/symbol=SBIN/part-064402_911843-024475.parquet,real_data_sample\l2_unseen_validation\trade_date=2026-07-17\exchange=NSE\symbol=SBIN\part-064402_911843-024475.parquet,34722,downloaded,34722,
2026-07-17,NSE,SBIN,raw_l2/trade_date=2026-07-17/exchange=NSE/symbol=SBIN/part-064212_523278-024219.parquet,real_data_sample\l2_unseen_validation\trade_date=2026-07-17\exchange=NSE\symbol=SBIN\part-064212_523278-024219.parquet,34984,downloaded,34984,
2026-07-17,NSE,SBIN,raw_l2/trade_date=2026-07-17/exchange=NSE/symbol=SBIN/part-064307_632829-024347.parquet,real_data_sample\l2_unseen_validation\trade_date=2026-07-17\exchange=NSE\symbol=SBIN\part-064307_632829-024347.parquet,35583,downloaded,35583,
2026-07-17,NSE,SBIN,raw_l2/trade_date=2026-07-17/exchange=NSE/symbol=SBIN/part-064226_504025-024251.parquet,real_data_sample\l2_unseen_validation\trade_date=2026-07-17\exchange=NSE\symbol=SBIN\part-064226_504025-024251.parquet,35848,downloaded,35848,
2026-07-17,NSE,SBIN,raw_l2/trade_date=2026-07-17/exchange=NSE/symbol=SBIN/part-064417_069527-024507.parquet,real_data_sample\l2_unseen_validation\trade_date=2026-07-17\exchange=NSE\symbol=SBIN\part-064417_069527-024507.parquet,35296,downloaded,35296,
2026-07-17,NSE,SBIN,raw_l2/trade_date=2026-07-17/exchange=NSE/symbol=SBIN/part-064130_724747-024123.parquet,real_data_sample\l2_unseen_validation\trade_date=2026-07-17\exchange=NSE\symbol=SBIN\part-064130_724747-024123.parquet,34908,downloaded,34908,
2026-07-17,NSE,SBIN,raw_l2/trade_date=2026-07-17/exchange=NSE/symbol=SBIN/part-064240_159722-024283.parquet,real_data_sample\l2_unseen_validation\trade_date=2026-07-17\exchange=NSE\symbol=SBIN\part-064240_159722-024283.parquet,35699,downloaded,35699,
2026-07-17,NSE,SBIN,raw_l2/trade_date=2026-07-17/exchange=NSE/symbol=SBIN/part-064253_975857-024315.parquet,real_data_sample\l2_unseen_validation\trade_date=2026-07-17\exchange=NSE\symbol=SBIN\part-064253_975857-024315.parquet,35464,downloaded,35464,
2026-07-17,NSE,SBIN,raw_l2/trade_date=2026-07-17/exchange=NSE/symbol=SBIN/part-064321_542449-024379.parquet,real_data_sample\l2_unseen_validation\trade_date=2026-07-17\exchange=NSE\symbol=SBIN\part-064321_542449-024379.parquet,34811,downloaded,34811,
2026-07-17,NSE,SBIN,raw_l2/trade_date=2026-07-17/exchange=NSE/symbol=SBIN/part-064144_921728-024155.parquet,real_data_sample\l2_unseen_validation\trade_date=2026-07-17\exchange=NSE\symbol=SBIN\part-064144_921728-024155.parquet,34843,downloaded,34843,
2026-07-17,NSE,SBIN,raw_l2/trade_date=2026-07-17/exchange=NSE/symbol=SBIN/part-064335_412387-024411.parquet,real_data_sample\l2_unseen_validation\trade_date=2026-07-17\exchange=NSE\symbol=SBIN\part-064335_412387-024411.parquet,34995,downloaded,34995,
2026-07-17,NSE,SBIN,raw_l2/trade_date=2026-07-17/exchange=NSE/symbol=SBIN/part-064430_968813-024539.parquet,real_data_sample\l2_unseen_validation\trade_date=2026-07-17\exchange=NSE\symbol=SBIN\part-064430_968813-024539.parquet,35802,downloaded,35802,
2026-07-17,NSE,SBIN,raw_l2/trade_date=2026-07-17/exchange=NSE/symbol=SBIN/part-064349_189463-024443.parquet,real_data_sample\l2_unseen_validation\trade_date=2026-07-17\exchange=NSE\symbol=SBIN\part-064349_189463-024443.parquet,34788,downloaded,34788,
2026-07-17,NSE,SBIN,raw_l2/trade_date=2026-07-17/exchange=NSE/symbol=SBIN/part-064512_562448-024635.parquet,real_data_sample\l2_unseen_validation\trade_date=2026-07-17\exchange=NSE\symbol=SBIN\part-064512_562448-024635.parquet,35701,downloaded,35701,
2026-07-17,NSE,SBIN,raw_l2/trade_date=2026-07-17/exchange=NSE/symbol=SBIN/part-064458_555148-024603.parquet,real_data_sample\l2_unseen_validation\trade_date=2026-07-17\exchange=NSE\symbol=SBIN\part-064458_555148-024603.parquet,35727,downloaded,35727,
2026-07-17,NSE,SBIN,raw_l2/trade_date=2026-07-17/exchange=NSE/symbol=SBIN/part-064526_545912-024667.parquet,real_data_sample\l2_unseen_validation\trade_date=2026-07-17\exchange=NSE\symbol=SBIN\part-064526_545912-024667.parquet,35516,downloaded,35516,
2026-07-17,NSE,SBIN,raw_l2/trade_date=2026-07-17/exchange=NSE/symbol=SBIN/part-064554_147969-024731.parquet,real_data_sample\l2_unseen_validation\trade_date=2026-07-17\exchange=NSE\symbol=SBIN\part-064554_147969-024731.parquet,35690,downloaded,35690,
2026-07-17,NSE,SBIN,raw_l2/trade_date=2026-07-17/exchange=NSE/symbol=SBIN/part-064444_633131-024571.parquet,real_data_sample\l2_unseen_validation\trade_date=2026-07-17\exchange=NSE\symbol=SBIN\part-064444_633131-024571.parquet,35687,downloaded,35687,
2026-07-17,NSE,SBIN,raw_l2/trade_date=2026-07-17/exchange=NSE/symbol=SBIN/part-063430_097903-023163.parquet,real_data_sample\l2_unseen_validation\trade_date=2026-07-17\exchange=NSE\symbol=SBIN\part-063430_097903-023163.parquet,34556,downloaded,34556,
2026-07-17,NSE,SBIN,raw_l2/trade_date=2026-07-17/exchange=NSE/symbol=SBIN/part-064607_887463-024763.parquet,real_data_sample\l2_unseen_validation\trade_date=2026-07-17\exchange=NSE\symbol=SBIN\part-064607_887463-024763.parquet,35557,downloaded,35557,
2026-07-17,NSE,SBIN,raw_l2/trade_date=2026-07-17/exchange=NSE/symbol=SBIN/part-064635_566349-024827.parquet,real_data_sample\l2_unseen_validation\trade_date=2026-07-17\exchange=NSE\symbol=SBIN\part-064635_566349-024827.parquet,35969,downloaded,35969,
2026-07-17,NSE,SBIN,raw_l2/trade_date=2026-07-17/exchange=NSE/symbol=SBIN/part-064649_510551-024859.parquet,real_data_sample\l2_unseen_validation\trade_date=2026-07-17\exchange=NSE\symbol=SBIN\part-064649_510551-024859.parquet,36450,downloaded,36450,
2026-07-17,NSE,SBIN,raw_l2/trade_date=2026-07-17/exchange=NSE/symbol=SBIN/part-064703_498287-024891.parquet,real_data_sample\l2_unseen_validation\trade_date=2026-07-17\exchange=NSE\symbol=SBIN\part-064703_498287-024891.parquet,35976,downloaded,35976,
2026-07-17,NSE,SBIN,raw_l2/trade_date=2026-07-17/exchange=NSE/symbol=SBIN/part-064717_478212-024923.parquet,real_data_sample\l2_unseen_validation\trade_date=2026-07-17\exchange=NSE\symbol=SBIN\part-064717_478212-024923.parquet,35831,downloaded,35831,
2026-07-17,NSE,SBIN,raw_l2/trade_date=2026-07-17/exchange=NSE/symbol=SBIN/part-064731_228267-024955.parquet,real_data_sample\l2_unseen_validation\trade_date=2026-07-17\exchange=NSE\symbol=SBIN\part-064731_228267-024955.parquet,35977,downloaded,35977,
2026-07-17,NSE,SBIN,raw_l2/trade_date=2026-07-17/exchange=NSE/symbol=SBIN/part-064854_420939-025147.parquet,real_data_sample\l2_unseen_validation\trade_date=2026-07-17\exchange=NSE\symbol=SBIN\part-064854_420939-025147.parquet,35754,downloaded,35754,
2026-07-17,NSE,SBIN,raw_l2/trade_date=2026-07-17/exchange=NSE/symbol=SBIN/part-064813_001406-025051.parquet,real_data_sample\l2_unseen_validation\trade_date=2026-07-17\exchange=NSE\symbol=SBIN\part-064813_001406-025051.parquet,35866,downloaded,35866,
2026-07-17,NSE,SBIN,raw_l2/trade_date=2026-07-17/exchange=NSE/symbol=SBIN/part-064840_708081-025115.parquet,real_data_sample\l2_unseen_validation\trade_date=2026-07-17\exchange=NSE\symbol=SBIN\part-064840_708081-025115.parquet,35776,downloaded,35776,
2026-07-17,NSE,SBIN,raw_l2/trade_date=2026-07-17/exchange=NSE/symbol=SBIN/part-064758_938992-025019.parquet,real_data_sample\l2_unseen_validation\trade_date=2026-07-17\exchange=NSE\symbol=SBIN\part-064758_938992-025019.parquet,35720,downloaded,35720,
2026-07-17,NSE,SBIN,raw_l2/trade_date=2026-07-17/exchange=NSE/symbol=SBIN/part-064908_328004-025179.parquet,real_data_sample\l2_unseen_validation\trade_date=2026-07-17\exchange=NSE\symbol=SBIN\part-064908_328004-025179.parquet,35704,downloaded,35704,
2026-07-17,NSE,SBIN,raw_l2/trade_date=2026-07-17/exchange=NSE/symbol=SBIN/part-064826_845073-025083.parquet,real_data_sample\l2_unseen_validation\trade_date=2026-07-17\exchange=NSE\symbol=SBIN\part-064826_845073-025083.parquet,35569,downloaded,35569,
2026-07-17,NSE,SBIN,raw_l2/trade_date=2026-07-17/exchange=NSE/symbol=SBIN/part-065017_972346-025339.parquet,real_data_sample\l2_unseen_validation\trade_date=2026-07-17\exchange=NSE\symbol=SBIN\part-065017_972346-025339.parquet,35398,downloaded,35398,
2026-07-17,NSE,SBIN,raw_l2/trade_date=2026-07-17/exchange=NSE/symbol=SBIN/part-065031_780095-025371.parquet,real_data_sample\l2_unseen_validation\trade_date=2026-07-17\exchange=NSE\symbol=SBIN\part-065031_780095-025371.parquet,35603,downloaded,35603,
2026-07-17,NSE,SBIN,raw_l2/trade_date=2026-07-17/exchange=NSE/symbol=SBIN/part-064745_204631-024987.parquet,real_data_sample\l2_unseen_validation\trade_date=2026-07-17\exchange=NSE\symbol=SBIN\part-064745_204631-024987.parquet,36146,downloaded,36146,
2026-07-17,NSE,SBIN,raw_l2/trade_date=2026-07-17/exchange=NSE/symbol=SBIN/part-065128_157376-025499.parquet,real_data_sample\l2_unseen_validation\trade_date=2026-07-17\exchange=NSE\symbol=SBIN\part-065128_157376-025499.parquet,35605,downloaded,35605,
2026-07-17,NSE,SBIN,raw_l2/trade_date=2026-07-17/exchange=NSE/symbol=SBIN/part-065114_079017-025467.parquet,real_data_sample\l2_unseen_validation\trade_date=2026-07-17\exchange=NSE\symbol=SBIN\part-065114_079017-025467.parquet,36140,downloaded,36140,
2026-07-17,NSE,SBIN,raw_l2/trade_date=2026-07-17/exchange=NSE/symbol=SBIN/part-065046_028446-025403.parquet,real_data_sample\l2_unseen_validation\trade_date=2026-07-17\exchange=NSE\symbol=SBIN\part-065046_028446-025403.parquet,36006,downloaded,36006,
2026-07-17,NSE,SBIN,raw_l2/trade_date=2026-07-17/exchange=NSE/symbol=SBIN/part-065059_923996-025435.parquet,real_data_sample\l2_unseen_validation\trade_date=2026-07-17\exchange=NSE\symbol=SBIN\part-065059_923996-025435.parquet,36132,downloaded,36132,
2026-07-17,NSE,SBIN,raw_l2/trade_date=2026-07-17/exchange=NSE/symbol=SBIN/part-064950_068024-025275.parquet,real_data_sample\l2_unseen_validation\trade_date=2026-07-17\exchange=NSE\symbol=SBIN\part-064950_068024-025275.parquet,34823,downloaded,34823,
2026-07-17,NSE,SBIN,raw_l2/trade_date=2026-07-17/exchange=NSE/symbol=SBIN/part-064936_040716-025243.parquet,real_data_sample\l2_unseen_validation\trade_date=2026-07-17\exchange=NSE\symbol=SBIN\part-064936_040716-025243.parquet,34796,downloaded,34796,
2026-07-17,NSE,SBIN,raw_l2/trade_date=2026-07-17/exchange=NSE/symbol=SBIN/part-061754_938242-020923.parquet,real_data_sample\l2_unseen_validation\trade_date=2026-07-17\exchange=NSE\symbol=SBIN\part-061754_938242-020923.parquet,35629,downloaded,35629,
2026-07-17,NSE,SBIN,raw_l2/trade_date=2026-07-17/exchange=NSE/symbol=SBIN/part-064922_202274-025211.parquet,real_data_sample\l2_unseen_validation\trade_date=2026-07-17\exchange=NSE\symbol=SBIN\part-064922_202274-025211.parquet,35068,downloaded,35068,
2026-07-17,NSE,SBIN,raw_l2/trade_date=2026-07-17/exchange=NSE/symbol=SBIN/part-065004_111447-025307.parquet,real_data_sample\l2_unseen_validation\trade_date=2026-07-17\exchange=NSE\symbol=SBIN\part-065004_111447-025307.parquet,35025,downloaded,35025,
2026-07-17,NSE,SBIN,raw_l2/trade_date=2026-07-17/exchange=NSE/symbol=SBIN/part-065224_339261-025627.parquet,real_data_sample\l2_unseen_validation\trade_date=2026-07-17\exchange=NSE\symbol=SBIN\part-065224_339261-025627.parquet,36615,downloaded,36615,
2026-07-17,NSE,SBIN,raw_l2/trade_date=2026-07-17/exchange=NSE/symbol=SBIN/part-065142_028375-025531.parquet,real_data_sample\l2_unseen_validation\trade_date=2026-07-17\exchange=NSE\symbol=SBIN\part-065142_028375-025531.parquet,35754,downloaded,35754,
2026-07-17,NSE,SBIN,raw_l2/trade_date=2026-07-17/exchange=NSE/symbol=SBIN/part-065210_261567-025595.parquet,real_data_sample\l2_unseen_validation\trade_date=2026-07-17\exchange=NSE\symbol=SBIN\part-065210_261567-025595.parquet,35676,downloaded,35676,
2026-07-17,NSE,SBIN,raw_l2/trade_date=2026-07-17/exchange=NSE/symbol=SBIN/part-065238_419287-025659.parquet,real_data_sample\l2_unseen_validation\trade_date=2026-07-17\exchange=NSE\symbol=SBIN\part-065238_419287-025659.parquet,36205,downloaded,36205,
2026-07-17,NSE,SBIN,raw_l2/trade_date=2026-07-17/exchange=NSE/symbol=SBIN/part-065252_694541-025691.parquet,real_data_sample\l2_unseen_validation\trade_date=2026-07-17\exchange=NSE\symbol=SBIN\part-065252_694541-025691.parquet,35783,downloaded,35783,
2026-07-17,NSE,SBIN,raw_l2/trade_date=2026-07-17/exchange=NSE/symbol=SBIN/part-065306_674304-025723.parquet,real_data_sample\l2_unseen_validation\trade_date=2026-07-17\exchange=NSE\symbol=SBIN\part-065306_674304-025723.parquet,36133,downloaded,36133,
2026-07-17,NSE,SBIN,raw_l2/trade_date=2026-07-17/exchange=NSE/symbol=SBIN/part-064116_897813-024091.parquet,real_data_sample\l2_unseen_validation\trade_date=2026-07-17\exchange=NSE\symbol=SBIN\part-064116_897813-024091.parquet,34782,downloaded,34782,
2026-07-17,NSE,SBIN,raw_l2/trade_date=2026-07-17/exchange=NSE/symbol=SBIN/part-064540_476732-024699.parquet,real_data_sample\l2_unseen_validation\trade_date=2026-07-17\exchange=NSE\symbol=SBIN\part-064540_476732-024699.parquet,35463,downloaded,35463,
2026-07-17,NSE,SBIN,raw_l2/trade_date=2026-07-17/exchange=NSE/symbol=SBIN/part-062047_225101-021307.parquet,real_data_sample\l2_unseen_validation\trade_date=2026-07-17\exchange=NSE\symbol=SBIN\part-062047_225101-021307.parquet,35637,downloaded,35637,
2026-07-17,NSE,SBIN,raw_l2/trade_date=2026-07-17/exchange=NSE/symbol=SBIN/part-065320_712594-025755.parquet,real_data_sample\l2_unseen_validation\trade_date=2026-07-17\exchange=NSE\symbol=SBIN\part-065320_712594-025755.parquet,35939,downloaded,35939,
2026-07-17,NSE,SBIN,raw_l2/trade_date=2026-07-17/exchange=NSE/symbol=SBIN/part-061838_456999-021019.parquet,real_data_sample\l2_unseen_validation\trade_date=2026-07-17\exchange=NSE\symbol=SBIN\part-061838_456999-021019.parquet,35659,downloaded,35659,
2026-07-17,NSE,SBIN,raw_l2/trade_date=2026-07-17/exchange=NSE/symbol=SBIN/part-061852_664835-021051.parquet,real_data_sample\l2_unseen_validation\trade_date=2026-07-17\exchange=NSE\symbol=SBIN\part-061852_664835-021051.parquet,36004,downloaded,36004,
2026-07-17,NSE,SBIN,raw_l2/trade_date=2026-07-17/exchange=NSE/symbol=SBIN/part-065334_494025-025787.parquet,real_data_sample\l2_unseen_validation\trade_date=2026-07-17\exchange=NSE\symbol=SBIN\part-065334_494025-025787.parquet,35825,downloaded,35825,
2026-07-17,NSE,SBIN,raw_l2/trade_date=2026-07-17/exchange=NSE/symbol=SBIN/part-065348_303869-025819.parquet,real_data_sample\l2_unseen_validation\trade_date=2026-07-17\exchange=NSE\symbol=SBIN\part-065348_303869-025819.parquet,35224,downloaded,35224,
2026-07-17,NSE,SBIN,raw_l2/trade_date=2026-07-17/exchange=NSE/symbol=SBIN/part-065402_549727-025851.parquet,real_data_sample\l2_unseen_validation\trade_date=2026-07-17\exchange=NSE\symbol=SBIN\part-065402_549727-025851.parquet,35421,downloaded,35421,
2026-07-17,NSE,SBIN,raw_l2/trade_date=2026-07-17/exchange=NSE/symbol=SBIN/part-065416_519303-025883.parquet,real_data_sample\l2_unseen_validation\trade_date=2026-07-17\exchange=NSE\symbol=SBIN\part-065416_519303-025883.parquet,35398,downloaded,35398,
2026-07-17,NSE,SBIN,raw_l2/trade_date=2026-07-17/exchange=NSE/symbol=SBIN/part-065541_157942-026075.parquet,real_data_sample\l2_unseen_validation\trade_date=2026-07-17\exchange=NSE\symbol=SBIN\part-065541_157942-026075.parquet,34771,downloaded,34771,
2026-07-17,NSE,SBIN,raw_l2/trade_date=2026-07-17/exchange=NSE/symbol=SBIN/part-065444_584981-025947.parquet,real_data_sample\l2_unseen_validation\trade_date=2026-07-17\exchange=NSE\symbol=SBIN\part-065444_584981-025947.parquet,34774,downloaded,34774,
2026-07-17,NSE,SBIN,raw_l2/trade_date=2026-07-17/exchange=NSE/symbol=SBIN/part-065512_870378-026011.parquet,real_data_sample\l2_unseen_validation\trade_date=2026-07-17\exchange=NSE\symbol=SBIN\part-065512_870378-026011.parquet,34766,downloaded,34766,
2026-07-17,NSE,SBIN,raw_l2/trade_date=2026-07-17/exchange=NSE/symbol=SBIN/part-065526_928315-026043.parquet,real_data_sample\l2_unseen_validation\trade_date=2026-07-17\exchange=NSE\symbol=SBIN\part-065526_928315-026043.parquet,34939,downloaded,34939,
2026-07-17,NSE,SBIN,raw_l2/trade_date=2026-07-17/exchange=NSE/symbol=SBIN/part-065430_643478-025915.parquet,real_data_sample\l2_unseen_validation\trade_date=2026-07-17\exchange=NSE\symbol=SBIN\part-065430_643478-025915.parquet,34799,downloaded,34799,
2026-07-17,NSE,SBIN,raw_l2/trade_date=2026-07-17/exchange=NSE/symbol=SBIN/part-065458_807886-025979.parquet,real_data_sample\l2_unseen_validation\trade_date=2026-07-17\exchange=NSE\symbol=SBIN\part-065458_807886-025979.parquet,34612,downloaded,34612,
2026-07-17,NSE,SBIN,raw_l2/trade_date=2026-07-17/exchange=NSE/symbol=SBIN/part-065555_066619-026107.parquet,real_data_sample\l2_unseen_validation\trade_date=2026-07-17\exchange=NSE\symbol=SBIN\part-065555_066619-026107.parquet,34570,downloaded,34570,
2026-07-17,NSE,SBIN,raw_l2/trade_date=2026-07-17/exchange=NSE/symbol=SBIN/part-064621_727968-024795.parquet,real_data_sample\l2_unseen_validation\trade_date=2026-07-17\exchange=NSE\symbol=SBIN\part-064621_727968-024795.parquet,35564,downloaded,35564,
2026-07-17,NSE,SBIN,raw_l2/trade_date=2026-07-17/exchange=NSE/symbol=SBIN/part-065609_101953-026139.parquet,real_data_sample\l2_unseen_validation\trade_date=2026-07-17\exchange=NSE\symbol=SBIN\part-065609_101953-026139.parquet,34661,downloaded,34661,
2026-07-17,NSE,SBIN,raw_l2/trade_date=2026-07-17/exchange=NSE/symbol=SBIN/part-065705_070724-026267.parquet,real_data_sample\l2_unseen_validation\trade_date=2026-07-17\exchange=NSE\symbol=SBIN\part-065705_070724-026267.parquet,34688,downloaded,34688,
2026-07-17,NSE,SBIN,raw_l2/trade_date=2026-07-17/exchange=NSE/symbol=SBIN/part-065747_275394-026363.parquet,real_data_sample\l2_unseen_validation\trade_date=2026-07-17\exchange=NSE\symbol=SBIN\part-065747_275394-026363.parquet,35916,downloaded,35916,
2026-07-17,NSE,SBIN,raw_l2/trade_date=2026-07-17/exchange=NSE/symbol=SBIN/part-065651_137622-026235.parquet,real_data_sample\l2_unseen_validation\trade_date=2026-07-17\exchange=NSE\symbol=SBIN\part-065651_137622-026235.parquet,34777,downloaded,34777,
2026-07-17,NSE,SBIN,raw_l2/trade_date=2026-07-17/exchange=NSE/symbol=SBIN/part-065623_193849-026171.parquet,real_data_sample\l2_unseen_validation\trade_date=2026-07-17\exchange=NSE\symbol=SBIN\part-065623_193849-026171.parquet,34706,downloaded,34706,
2026-07-17,NSE,SBIN,raw_l2/trade_date=2026-07-17/exchange=NSE/symbol=SBIN/part-065637_101379-026203.parquet,real_data_sample\l2_unseen_validation\trade_date=2026-07-17\exchange=NSE\symbol=SBIN\part-065637_101379-026203.parquet,34698,downloaded,34698,
2026-07-17,NSE,SBIN,raw_l2/trade_date=2026-07-17/exchange=NSE/symbol=SBIN/part-065815_785969-026427.parquet,real_data_sample\l2_unseen_validation\trade_date=2026-07-17\exchange=NSE\symbol=SBIN\part-065815_785969-026427.parquet,35393,downloaded,35393,
2026-07-17,NSE,SBIN,raw_l2/trade_date=2026-07-17/exchange=NSE/symbol=SBIN/part-065719_123233-026299.parquet,real_data_sample\l2_unseen_validation\trade_date=2026-07-17\exchange=NSE\symbol=SBIN\part-065719_123233-026299.parquet,35117,downloaded,35117,
2026-07-17,NSE,SBIN,raw_l2/trade_date=2026-07-17/exchange=NSE/symbol=SBIN/part-065830_218102-026459.parquet,real_data_sample\l2_unseen_validation\trade_date=2026-07-17\exchange=NSE\symbol=SBIN\part-065830_218102-026459.parquet,35934,downloaded,35934,
2026-07-17,NSE,SBIN,raw_l2/trade_date=2026-07-17/exchange=NSE/symbol=SBIN/part-065733_238815-026331.parquet,real_data_sample\l2_unseen_validation\trade_date=2026-07-17\exchange=NSE\symbol=SBIN\part-065733_238815-026331.parquet,35617,downloaded,35617,
2026-07-17,NSE,SBIN,raw_l2/trade_date=2026-07-17/exchange=NSE/symbol=SBIN/part-065801_464173-026395.parquet,real_data_sample\l2_unseen_validation\trade_date=2026-07-17\exchange=NSE\symbol=SBIN\part-065801_464173-026395.parquet,36080,downloaded,36080,
2026-07-17,NSE,SBIN,raw_l2/trade_date=2026-07-17/exchange=NSE/symbol=SBIN/part-065156_074349-025563.parquet,real_data_sample\l2_unseen_validation\trade_date=2026-07-17\exchange=NSE\symbol=SBIN\part-065156_074349-025563.parquet,35857,downloaded,35857,
2026-07-17,NSE,SBIN,raw_l2/trade_date=2026-07-17/exchange=NSE/symbol=SBIN/part-065844_523077-026491.parquet,real_data_sample\l2_unseen_validation\trade_date=2026-07-17\exchange=NSE\symbol=SBIN\part-065844_523077-026491.parquet,36008,downloaded,36008,
2026-07-17,NSE,SBIN,raw_l2/trade_date=2026-07-17/exchange=NSE/symbol=SBIN/part-070040_489547-026747.parquet,real_data_sample\l2_unseen_validation\trade_date=2026-07-17\exchange=NSE\symbol=SBIN\part-070040_489547-026747.parquet,36438,downloaded,36438,
2026-07-17,NSE,SBIN,raw_l2/trade_date=2026-07-17/exchange=NSE/symbol=SBIN/part-070026_113158-026715.parquet,real_data_sample\l2_unseen_validation\trade_date=2026-07-17\exchange=NSE\symbol=SBIN\part-070026_113158-026715.parquet,35785,downloaded,35785,
2026-07-17,NSE,SBIN,raw_l2/trade_date=2026-07-17/exchange=NSE/symbol=SBIN/part-065942_282780-026619.parquet,real_data_sample\l2_unseen_validation\trade_date=2026-07-17\exchange=NSE\symbol=SBIN\part-065942_282780-026619.parquet,34873,downloaded,34873,
2026-07-17,NSE,SBIN,raw_l2/trade_date=2026-07-17/exchange=NSE/symbol=SBIN/part-065858_785837-026523.parquet,real_data_sample\l2_unseen_validation\trade_date=2026-07-17\exchange=NSE\symbol=SBIN\part-065858_785837-026523.parquet,35508,downloaded,35508,
2026-07-17,NSE,SBIN,raw_l2/trade_date=2026-07-17/exchange=NSE/symbol=SBIN/part-065956_988787-026651.parquet,real_data_sample\l2_unseen_validation\trade_date=2026-07-17\exchange=NSE\symbol=SBIN\part-065956_988787-026651.parquet,34723,downloaded,34723,
2026-07-17,NSE,SBIN,raw_l2/trade_date=2026-07-17/exchange=NSE/symbol=SBIN/part-070011_690558-026683.parquet,real_data_sample\l2_unseen_validation\trade_date=2026-07-17\exchange=NSE\symbol=SBIN\part-070011_690558-026683.parquet,34819,downloaded,34819,
2026-07-17,NSE,SBIN,raw_l2/trade_date=2026-07-17/exchange=NSE/symbol=SBIN/part-065912_940779-026555.parquet,real_data_sample\l2_unseen_validation\trade_date=2026-07-17\exchange=NSE\symbol=SBIN\part-065912_940779-026555.parquet,35715,downloaded,35715,
2026-07-17,NSE,SBIN,raw_l2/trade_date=2026-07-17/exchange=NSE/symbol=SBIN/part-070139_676637-026875.parquet,real_data_sample\l2_unseen_validation\trade_date=2026-07-17\exchange=NSE\symbol=SBIN\part-070139_676637-026875.parquet,35910,downloaded,35910,
2026-07-17,NSE,SBIN,raw_l2/trade_date=2026-07-17/exchange=NSE/symbol=SBIN/part-070124_580190-026843.parquet,real_data_sample\l2_unseen_validation\trade_date=2026-07-17\exchange=NSE\symbol=SBIN\part-070124_580190-026843.parquet,36549,downloaded,36549,
2026-07-17,NSE,SBIN,raw_l2/trade_date=2026-07-17/exchange=NSE/symbol=SBIN/part-070448_267908-027291.parquet,real_data_sample\l2_unseen_validation\trade_date=2026-07-17\exchange=NSE\symbol=SBIN\part-070448_267908-027291.parquet,35817,downloaded,35817,
2026-07-17,NSE,SBIN,raw_l2/trade_date=2026-07-17/exchange=NSE/symbol=SBIN/part-070223_554851-026971.parquet,real_data_sample\l2_unseen_validation\trade_date=2026-07-17\exchange=NSE\symbol=SBIN\part-070223_554851-026971.parquet,36341,downloaded,36341,
2026-07-17,NSE,SBIN,raw_l2/trade_date=2026-07-17/exchange=NSE/symbol=SBIN/part-070643_822582-027547.parquet,real_data_sample\l2_unseen_validation\trade_date=2026-07-17\exchange=NSE\symbol=SBIN\part-070643_822582-027547.parquet,36071,downloaded,36071,
2026-07-17,NSE,SBIN,raw_l2/trade_date=2026-07-17/exchange=NSE/symbol=SBIN/part-070712_287916-027611.parquet,real_data_sample\l2_unseen_validation\trade_date=2026-07-17\exchange=NSE\symbol=SBIN\part-070712_287916-027611.parquet,35599,downloaded,35599,
2026-07-17,NSE,SBIN,raw_l2/trade_date=2026-07-17/exchange=NSE/symbol=SBIN/part-070405_623379-027195.parquet,real_data_sample\l2_unseen_validation\trade_date=2026-07-17\exchange=NSE\symbol=SBIN\part-070405_623379-027195.parquet,35918,downloaded,35918,
2026-07-17,NSE,SBIN,raw_l2/trade_date=2026-07-17/exchange=NSE/symbol=SBIN/part-070419_803371-027227.parquet,real_data_sample\l2_unseen_validation\trade_date=2026-07-17\exchange=NSE\symbol=SBIN\part-070419_803371-027227.parquet,35817,downloaded,35817,
2026-07-17,NSE,SBIN,raw_l2/trade_date=2026-07-17/exchange=NSE/symbol=SBIN/part-070658_038432-027579.parquet,real_data_sample\l2_unseen_validation\trade_date=2026-07-17\exchange=NSE\symbol=SBIN\part-070658_038432-027579.parquet,35477,downloaded,35477,
2026-07-17,NSE,SBIN,raw_l2/trade_date=2026-07-17/exchange=NSE/symbol=SBIN/part-070154_256576-026907.parquet,real_data_sample\l2_unseen_validation\trade_date=2026-07-17\exchange=NSE\symbol=SBIN\part-070154_256576-026907.parquet,36508,downloaded,36508,
2026-07-17,NSE,SBIN,raw_l2/trade_date=2026-07-17/exchange=NSE/symbol=SBIN/part-070253_207620-027035.parquet,real_data_sample\l2_unseen_validation\trade_date=2026-07-17\exchange=NSE\symbol=SBIN\part-070253_207620-027035.parquet,36364,downloaded,36364,
2026-07-17,NSE,SBIN,raw_l2/trade_date=2026-07-17/exchange=NSE/symbol=SBIN/part-070351_167831-027163.parquet,real_data_sample\l2_unseen_validation\trade_date=2026-07-17\exchange=NSE\symbol=SBIN\part-070351_167831-027163.parquet,36353,downloaded,36353,
2026-07-17,NSE,SBIN,raw_l2/trade_date=2026-07-17/exchange=NSE/symbol=SBIN/part-070502_983867-027323.parquet,real_data_sample\l2_unseen_validation\trade_date=2026-07-17\exchange=NSE\symbol=SBIN\part-070502_983867-027323.parquet,35699,downloaded,35699,
2026-07-17,NSE,SBIN,raw_l2/trade_date=2026-07-17/exchange=NSE/symbol=SBIN/part-070546_399444-027419.parquet,real_data_sample\l2_unseen_validation\trade_date=2026-07-17\exchange=NSE\symbol=SBIN\part-070546_399444-027419.parquet,34849,downloaded,34849,
2026-07-17,NSE,SBIN,raw_l2/trade_date=2026-07-17/exchange=NSE/symbol=SBIN/part-070629_433149-027515.parquet,real_data_sample\l2_unseen_validation\trade_date=2026-07-17\exchange=NSE\symbol=SBIN\part-070629_433149-027515.parquet,35926,downloaded,35926,
2026-07-17,NSE,SBIN,raw_l2/trade_date=2026-07-17/exchange=NSE/symbol=SBIN/part-070238_198110-027003.parquet,real_data_sample\l2_unseen_validation\trade_date=2026-07-17\exchange=NSE\symbol=SBIN\part-070238_198110-027003.parquet,36518,downloaded,36518,
2026-07-17,NSE,SBIN,raw_l2/trade_date=2026-07-17/exchange=NSE/symbol=SBIN/part-070208_653273-026939.parquet,real_data_sample\l2_unseen_validation\trade_date=2026-07-17\exchange=NSE\symbol=SBIN\part-070208_653273-026939.parquet,36363,downloaded,36363,
2026-07-17,NSE,SBIN,raw_l2/trade_date=2026-07-17/exchange=NSE/symbol=SBIN/part-070517_428265-027355.parquet,real_data_sample\l2_unseen_validation\trade_date=2026-07-17\exchange=NSE\symbol=SBIN\part-070517_428265-027355.parquet,35645,downloaded,35645,
2026-07-17,NSE,SBIN,raw_l2/trade_date=2026-07-17/exchange=NSE/symbol=SBIN/part-070532_071261-027387.parquet,real_data_sample\l2_unseen_validation\trade_date=2026-07-17\exchange=NSE\symbol=SBIN\part-070532_071261-027387.parquet,34790,downloaded,34790,
2026-07-17,NSE,SBIN,raw_l2/trade_date=2026-07-17/exchange=NSE/symbol=SBIN/part-070308_077484-027067.parquet,real_data_sample\l2_unseen_validation\trade_date=2026-07-17\exchange=NSE\symbol=SBIN\part-070308_077484-027067.parquet,36367,downloaded,36367,
2026-07-17,NSE,SBIN,raw_l2/trade_date=2026-07-17/exchange=NSE/symbol=SBIN/part-070726_526273-027643.parquet,real_data_sample\l2_unseen_validation\trade_date=2026-07-17\exchange=NSE\symbol=SBIN\part-070726_526273-027643.parquet,34672,downloaded,34672,
2026-07-17,NSE,SBIN,raw_l2/trade_date=2026-07-17/exchange=NSE/symbol=SBIN/part-070740_723508-027675.parquet,real_data_sample\l2_unseen_validation\trade_date=2026-07-17\exchange=NSE\symbol=SBIN\part-070740_723508-027675.parquet,34751,downloaded,34751,
2026-07-17,NSE,SBIN,raw_l2/trade_date=2026-07-17/exchange=NSE/symbol=SBIN/part-070109_926809-026811.parquet,real_data_sample\l2_unseen_validation\trade_date=2026-07-17\exchange=NSE\symbol=SBIN\part-070109_926809-026811.parquet,35932,downloaded,35932,
2026-07-17,NSE,SBIN,raw_l2/trade_date=2026-07-17/exchange=NSE/symbol=SBIN/part-070336_854035-027131.parquet,real_data_sample\l2_unseen_validation\trade_date=2026-07-17\exchange=NSE\symbol=SBIN\part-070336_854035-027131.parquet,35847,downloaded,35847,
2026-07-17,NSE,SBIN,raw_l2/trade_date=2026-07-17/exchange=NSE/symbol=SBIN/part-070055_023636-026779.parquet,real_data_sample\l2_unseen_validation\trade_date=2026-07-17\exchange=NSE\symbol=SBIN\part-070055_023636-026779.parquet,36533,downloaded,36533,
2026-07-17,NSE,SBIN,raw_l2/trade_date=2026-07-17/exchange=NSE/symbol=SBIN/part-070754_847327-027707.parquet,real_data_sample\l2_unseen_validation\trade_date=2026-07-17\exchange=NSE\symbol=SBIN\part-070754_847327-027707.parquet,34827,downloaded,34827,
2026-07-17,NSE,SBIN,raw_l2/trade_date=2026-07-17/exchange=NSE/symbol=SBIN/part-070433_967148-027259.parquet,real_data_sample\l2_unseen_validation\trade_date=2026-07-17\exchange=NSE\symbol=SBIN\part-070433_967148-027259.parquet,35561,downloaded,35561,
2026-07-17,NSE,SBIN,raw_l2/trade_date=2026-07-17/exchange=NSE/symbol=SBIN/part-070600_727057-027451.parquet,real_data_sample\l2_unseen_validation\trade_date=2026-07-17\exchange=NSE\symbol=SBIN\part-070600_727057-027451.parquet,35026,downloaded,35026,
2026-07-17,NSE,SBIN,raw_l2/trade_date=2026-07-17/exchange=NSE/symbol=SBIN/part-065927_605406-026587.parquet,real_data_sample\l2_unseen_validation\trade_date=2026-07-17\exchange=NSE\symbol=SBIN\part-065927_605406-026587.parquet,34863,downloaded,34863,
2026-07-17,NSE,SBIN,raw_l2/trade_date=2026-07-17/exchange=NSE/symbol=SBIN/part-070823_008788-027771.parquet,real_data_sample\l2_unseen_validation\trade_date=2026-07-17\exchange=NSE\symbol=SBIN\part-070823_008788-027771.parquet,35446,downloaded,35446,
2026-07-17,NSE,SBIN,raw_l2/trade_date=2026-07-17/exchange=NSE/symbol=SBIN/part-070837_532353-027803.parquet,real_data_sample\l2_unseen_validation\trade_date=2026-07-17\exchange=NSE\symbol=SBIN\part-070837_532353-027803.parquet,36018,downloaded,36018,
2026-07-17,NSE,SBIN,raw_l2/trade_date=2026-07-17/exchange=NSE/symbol=SBIN/part-070322_543917-027099.parquet,real_data_sample\l2_unseen_validation\trade_date=2026-07-17\exchange=NSE\symbol=SBIN\part-070322_543917-027099.parquet,35592,downloaded,35592,
2026-07-17,NSE,SBIN,raw_l2/trade_date=2026-07-17/exchange=NSE/symbol=SBIN/part-070949_814101-027963.parquet,real_data_sample\l2_unseen_validation\trade_date=2026-07-17\exchange=NSE\symbol=SBIN\part-070949_814101-027963.parquet,35885,downloaded,35885,
2026-07-17,NSE,SBIN,raw_l2/trade_date=2026-07-17/exchange=NSE/symbol=SBIN/part-071003_994586-027995.parquet,real_data_sample\l2_unseen_validation\trade_date=2026-07-17\exchange=NSE\symbol=SBIN\part-071003_994586-027995.parquet,36439,downloaded,36439,
2026-07-17,NSE,SBIN,raw_l2/trade_date=2026-07-17/exchange=NSE/symbol=SBIN/part-071018_222579-028027.parquet,real_data_sample\l2_unseen_validation\trade_date=2026-07-17\exchange=NSE\symbol=SBIN\part-071018_222579-028027.parquet,35808,downloaded,35808,
2026-07-17,NSE,SBIN,raw_l2/trade_date=2026-07-17/exchange=NSE/symbol=SBIN/part-071101_288925-028123.parquet,real_data_sample\l2_unseen_validation\trade_date=2026-07-17\exchange=NSE\symbol=SBIN\part-071101_288925-028123.parquet,34712,downloaded,34712,
2026-07-17,NSE,SBIN,raw_l2/trade_date=2026-07-17/exchange=NSE/symbol=SBIN/part-071032_232427-028059.parquet,real_data_sample\l2_unseen_validation\trade_date=2026-07-17\exchange=NSE\symbol=SBIN\part-071032_232427-028059.parquet,34795,downloaded,34795,
2026-07-17,NSE,SBIN,raw_l2/trade_date=2026-07-17/exchange=NSE/symbol=SBIN/part-071046_720810-028091.parquet,real_data_sample\l2_unseen_validation\trade_date=2026-07-17\exchange=NSE\symbol=SBIN\part-071046_720810-028091.parquet,34972,downloaded,34972,
2026-07-17,NSE,SBIN,raw_l2/trade_date=2026-07-17/exchange=NSE/symbol=SBIN/part-071145_040635-028219.parquet,real_data_sample\l2_unseen_validation\trade_date=2026-07-17\exchange=NSE\symbol=SBIN\part-071145_040635-028219.parquet,36358,downloaded,36358,
2026-07-17,NSE,SBIN,raw_l2/trade_date=2026-07-17/exchange=NSE/symbol=SBIN/part-070614_975094-027483.parquet,real_data_sample\l2_unseen_validation\trade_date=2026-07-17\exchange=NSE\symbol=SBIN\part-070614_975094-027483.parquet,35354,downloaded,35354,
2026-07-17,NSE,SBIN,raw_l2/trade_date=2026-07-17/exchange=NSE/symbol=SBIN/part-071130_449056-028187.parquet,real_data_sample\l2_unseen_validation\trade_date=2026-07-17\exchange=NSE\symbol=SBIN\part-071130_449056-028187.parquet,36059,downloaded,36059,
2026-07-17,NSE,SBIN,raw_l2/trade_date=2026-07-17/exchange=NSE/symbol=SBIN/part-071159_395892-028251.parquet,real_data_sample\l2_unseen_validation\trade_date=2026-07-17\exchange=NSE\symbol=SBIN\part-071159_395892-028251.parquet,35736,downloaded,35736,
2026-07-17,NSE,SBIN,raw_l2/trade_date=2026-07-17/exchange=NSE/symbol=SBIN/part-071213_934267-028283.parquet,real_data_sample\l2_unseen_validation\trade_date=2026-07-17\exchange=NSE\symbol=SBIN\part-071213_934267-028283.parquet,36367,downloaded,36367,
2026-07-17,NSE,SBIN,raw_l2/trade_date=2026-07-17/exchange=NSE/symbol=SBIN/part-070935_202979-027931.parquet,real_data_sample\l2_unseen_validation\trade_date=2026-07-17\exchange=NSE\symbol=SBIN\part-070935_202979-027931.parquet,35851,downloaded,35851,
2026-07-17,NSE,SBIN,raw_l2/trade_date=2026-07-17/exchange=NSE/symbol=SBIN/part-071325_563572-028443.parquet,real_data_sample\l2_unseen_validation\trade_date=2026-07-17\exchange=NSE\symbol=SBIN\part-071325_563572-028443.parquet,35970,downloaded,35970,
2026-07-17,NSE,SBIN,raw_l2/trade_date=2026-07-17/exchange=NSE/symbol=SBIN/part-071242_834248-028347.parquet,real_data_sample\l2_unseen_validation\trade_date=2026-07-17\exchange=NSE\symbol=SBIN\part-071242_834248-028347.parquet,35692,downloaded,35692,
2026-07-17,NSE,SBIN,raw_l2/trade_date=2026-07-17/exchange=NSE/symbol=SBIN/part-071311_360754-028411.parquet,real_data_sample\l2_unseen_validation\trade_date=2026-07-17\exchange=NSE\symbol=SBIN\part-071311_360754-028411.parquet,35517,downloaded,35517,
2026-07-17,NSE,SBIN,raw_l2/trade_date=2026-07-17/exchange=NSE/symbol=SBIN/part-071115_796454-028155.parquet,real_data_sample\l2_unseen_validation\trade_date=2026-07-17\exchange=NSE\symbol=SBIN\part-071115_796454-028155.parquet,34927,downloaded,34927,
2026-07-17,NSE,SBIN,raw_l2/trade_date=2026-07-17/exchange=NSE/symbol=SBIN/part-071422_799181-028571.parquet,real_data_sample\l2_unseen_validation\trade_date=2026-07-17\exchange=NSE\symbol=SBIN\part-071422_799181-028571.parquet,35317,downloaded,35317,
2026-07-17,NSE,SBIN,raw_l2/trade_date=2026-07-17/exchange=NSE/symbol=SBIN/part-071228_388140-028315.parquet,real_data_sample\l2_unseen_validation\trade_date=2026-07-17\exchange=NSE\symbol=SBIN\part-071228_388140-028315.parquet,35907,downloaded,35907,
2026-07-17,NSE,SBIN,raw_l2/trade_date=2026-07-17/exchange=NSE/symbol=SBIN/part-071437_064586-028603.parquet,real_data_sample\l2_unseen_validation\trade_date=2026-07-17\exchange=NSE\symbol=SBIN\part-071437_064586-028603.parquet,35511,downloaded,35511,
2026-07-17,NSE,SBIN,raw_l2/trade_date=2026-07-17/exchange=NSE/symbol=SBIN/part-071257_033208-028379.parquet,real_data_sample\l2_unseen_validation\trade_date=2026-07-17\exchange=NSE\symbol=SBIN\part-071257_033208-028379.parquet,36242,downloaded,36242,
2026-07-17,NSE,SBIN,raw_l2/trade_date=2026-07-17/exchange=NSE/symbol=SBIN/part-071451_492580-028635.parquet,real_data_sample\l2_unseen_validation\trade_date=2026-07-17\exchange=NSE\symbol=SBIN\part-071451_492580-028635.parquet,35707,downloaded,35707,
2026-07-17,NSE,SBIN,raw_l2/trade_date=2026-07-17/exchange=NSE/symbol=SBIN/part-071339_918262-028475.parquet,real_data_sample\l2_unseen_validation\trade_date=2026-07-17\exchange=NSE\symbol=SBIN\part-071339_918262-028475.parquet,35436,downloaded,35436,
2026-07-17,NSE,SBIN,raw_l2/trade_date=2026-07-17/exchange=NSE/symbol=SBIN/part-071408_605224-028539.parquet,real_data_sample\l2_unseen_validation\trade_date=2026-07-17\exchange=NSE\symbol=SBIN\part-071408_605224-028539.parquet,35655,downloaded,35655,
2026-07-17,NSE,SBIN,raw_l2/trade_date=2026-07-17/exchange=NSE/symbol=SBIN/part-071354_258129-028507.parquet,real_data_sample\l2_unseen_validation\trade_date=2026-07-17\exchange=NSE\symbol=SBIN\part-071354_258129-028507.parquet,35383,downloaded,35383,
2026-07-17,NSE,SBIN,raw_l2/trade_date=2026-07-17/exchange=NSE/symbol=SBIN/part-070808_907628-027739.parquet,real_data_sample\l2_unseen_validation\trade_date=2026-07-17\exchange=NSE\symbol=SBIN\part-070808_907628-027739.parquet,34698,downloaded,34698,
2026-07-17,NSE,SBIN,raw_l2/trade_date=2026-07-17/exchange=NSE/symbol=SBIN/part-071534_691892-028731.parquet,real_data_sample\l2_unseen_validation\trade_date=2026-07-17\exchange=NSE\symbol=SBIN\part-071534_691892-028731.parquet,35492,downloaded,35492,
2026-07-17,NSE,SBIN,raw_l2/trade_date=2026-07-17/exchange=NSE/symbol=SBIN/part-071520_445118-028699.parquet,real_data_sample\l2_unseen_validation\trade_date=2026-07-17\exchange=NSE\symbol=SBIN\part-071520_445118-028699.parquet,36012,downloaded,36012,
2026-07-17,NSE,SBIN,raw_l2/trade_date=2026-07-17/exchange=NSE/symbol=SBIN/part-071506_015066-028667.parquet,real_data_sample\l2_unseen_validation\trade_date=2026-07-17\exchange=NSE\symbol=SBIN\part-071506_015066-028667.parquet,35655,downloaded,35655,
2026-07-17,NSE,SBIN,raw_l2/trade_date=2026-07-17/exchange=NSE/symbol=SBIN/part-071603_561853-028795.parquet,real_data_sample\l2_unseen_validation\trade_date=2026-07-17\exchange=NSE\symbol=SBIN\part-071603_561853-028795.parquet,35367,downloaded,35367,
2026-07-17,NSE,SBIN,raw_l2/trade_date=2026-07-17/exchange=NSE/symbol=SBIN/part-071617_747548-028827.parquet,real_data_sample\l2_unseen_validation\trade_date=2026-07-17\exchange=NSE\symbol=SBIN\part-071617_747548-028827.parquet,35989,downloaded,35989,
2026-07-17,NSE,SBIN,raw_l2/trade_date=2026-07-17/exchange=NSE/symbol=SBIN/part-071646_282194-028891.parquet,real_data_sample\l2_unseen_validation\trade_date=2026-07-17\exchange=NSE\symbol=SBIN\part-071646_282194-028891.parquet,35709,downloaded,35709,
2026-07-17,NSE,SBIN,raw_l2/trade_date=2026-07-17/exchange=NSE/symbol=SBIN/part-071632_007704-028859.parquet,real_data_sample\l2_unseen_validation\trade_date=2026-07-17\exchange=NSE\symbol=SBIN\part-071632_007704-028859.parquet,35602,downloaded,35602,
2026-07-17,NSE,SBIN,raw_l2/trade_date=2026-07-17/exchange=NSE/symbol=SBIN/part-071757_241210-029051.parquet,real_data_sample\l2_unseen_validation\trade_date=2026-07-17\exchange=NSE\symbol=SBIN\part-071757_241210-029051.parquet,35111,downloaded,35111,
2026-07-17,NSE,SBIN,raw_l2/trade_date=2026-07-17/exchange=NSE/symbol=SBIN/part-071728_679740-028987.parquet,real_data_sample\l2_unseen_validation\trade_date=2026-07-17\exchange=NSE\symbol=SBIN\part-071728_679740-028987.parquet,35410,downloaded,35410,
2026-07-17,NSE,SBIN,raw_l2/trade_date=2026-07-17/exchange=NSE/symbol=SBIN/part-071811_771745-029083.parquet,real_data_sample\l2_unseen_validation\trade_date=2026-07-17\exchange=NSE\symbol=SBIN\part-071811_771745-029083.parquet,35721,downloaded,35721,
2026-07-17,NSE,SBIN,raw_l2/trade_date=2026-07-17/exchange=NSE/symbol=SBIN/part-071700_437160-028923.parquet,real_data_sample\l2_unseen_validation\trade_date=2026-07-17\exchange=NSE\symbol=SBIN\part-071700_437160-028923.parquet,35524,downloaded,35524,
2026-07-17,NSE,SBIN,raw_l2/trade_date=2026-07-17/exchange=NSE/symbol=SBIN/part-071714_649039-028955.parquet,real_data_sample\l2_unseen_validation\trade_date=2026-07-17\exchange=NSE\symbol=SBIN\part-071714_649039-028955.parquet,35097,downloaded,35097,
2026-07-17,NSE,SBIN,raw_l2/trade_date=2026-07-17/exchange=NSE/symbol=SBIN/part-071826_013129-029115.parquet,real_data_sample\l2_unseen_validation\trade_date=2026-07-17\exchange=NSE\symbol=SBIN\part-071826_013129-029115.parquet,34726,downloaded,34726,
2026-07-17,NSE,SBIN,raw_l2/trade_date=2026-07-17/exchange=NSE/symbol=SBIN/part-071910_184352-029211.parquet,real_data_sample\l2_unseen_validation\trade_date=2026-07-17\exchange=NSE\symbol=SBIN\part-071910_184352-029211.parquet,34640,downloaded,34640,
2026-07-17,NSE,SBIN,raw_l2/trade_date=2026-07-17/exchange=NSE/symbol=SBIN/part-071924_520996-029243.parquet,real_data_sample\l2_unseen_validation\trade_date=2026-07-17\exchange=NSE\symbol=SBIN\part-071924_520996-029243.parquet,34910,downloaded,34910,
2026-07-17,NSE,SBIN,raw_l2/trade_date=2026-07-17/exchange=NSE/symbol=SBIN/part-071855_809860-029179.parquet,real_data_sample\l2_unseen_validation\trade_date=2026-07-17\exchange=NSE\symbol=SBIN\part-071855_809860-029179.parquet,34692,downloaded,34692,
2026-07-17,NSE,SBIN,raw_l2/trade_date=2026-07-17/exchange=NSE/symbol=SBIN/part-071938_829777-029275.parquet,real_data_sample\l2_unseen_validation\trade_date=2026-07-17\exchange=NSE\symbol=SBIN\part-071938_829777-029275.parquet,34946,downloaded,34946,
2026-07-17,NSE,SBIN,raw_l2/trade_date=2026-07-17/exchange=NSE/symbol=SBIN/part-071840_803080-029147.parquet,real_data_sample\l2_unseen_validation\trade_date=2026-07-17\exchange=NSE\symbol=SBIN\part-071840_803080-029147.parquet,34593,downloaded,34593,
2026-07-17,NSE,SBIN,raw_l2/trade_date=2026-07-17/exchange=NSE/symbol=SBIN/part-071952_939299-029307.parquet,real_data_sample\l2_unseen_validation\trade_date=2026-07-17\exchange=NSE\symbol=SBIN\part-071952_939299-029307.parquet,34676,downloaded,34676,
2026-07-17,NSE,SBIN,raw_l2/trade_date=2026-07-17/exchange=NSE/symbol=SBIN/part-072021_568653-029371.parquet,real_data_sample\l2_unseen_validation\trade_date=2026-07-17\exchange=NSE\symbol=SBIN\part-072021_568653-029371.parquet,35611,downloaded,35611,
2026-07-17,NSE,SBIN,raw_l2/trade_date=2026-07-17/exchange=NSE/symbol=SBIN/part-072007_300584-029339.parquet,real_data_sample\l2_unseen_validation\trade_date=2026-07-17\exchange=NSE\symbol=SBIN\part-072007_300584-029339.parquet,34657,downloaded,34657,
2026-07-17,NSE,SBIN,raw_l2/trade_date=2026-07-17/exchange=NSE/symbol=SBIN/part-072035_773530-029403.parquet,real_data_sample\l2_unseen_validation\trade_date=2026-07-17\exchange=NSE\symbol=SBIN\part-072035_773530-029403.parquet,35516,downloaded,35516,
2026-07-17,NSE,SBIN,raw_l2/trade_date=2026-07-17/exchange=NSE/symbol=SBIN/part-072118_453952-029499.parquet,real_data_sample\l2_unseen_validation\trade_date=2026-07-17\exchange=NSE\symbol=SBIN\part-072118_453952-029499.parquet,35716,downloaded,35716,
2026-07-17,NSE,SBIN,raw_l2/trade_date=2026-07-17/exchange=NSE/symbol=SBIN/part-072104_330511-029467.parquet,real_data_sample\l2_unseen_validation\trade_date=2026-07-17\exchange=NSE\symbol=SBIN\part-072104_330511-029467.parquet,35579,downloaded,35579,
2026-07-17,NSE,SBIN,raw_l2/trade_date=2026-07-17/exchange=NSE/symbol=SBIN/part-072050_071355-029435.parquet,real_data_sample\l2_unseen_validation\trade_date=2026-07-17\exchange=NSE\symbol=SBIN\part-072050_071355-029435.parquet,35496,downloaded,35496,
2026-07-17,NSE,SBIN,raw_l2/trade_date=2026-07-17/exchange=NSE/symbol=SBIN/part-072132_631819-029531.parquet,real_data_sample\l2_unseen_validation\trade_date=2026-07-17\exchange=NSE\symbol=SBIN\part-072132_631819-029531.parquet,35133,downloaded,35133,
2026-07-17,NSE,SBIN,raw_l2/trade_date=2026-07-17/exchange=NSE/symbol=SBIN/part-071549_215925-028763.parquet,real_data_sample\l2_unseen_validation\trade_date=2026-07-17\exchange=NSE\symbol=SBIN\part-071549_215925-028763.parquet,35761,downloaded,35761,
2026-07-17,NSE,SBIN,raw_l2/trade_date=2026-07-17/exchange=NSE/symbol=SBIN/part-072215_743902-029627.parquet,real_data_sample\l2_unseen_validation\trade_date=2026-07-17\exchange=NSE\symbol=SBIN\part-072215_743902-029627.parquet,35732,downloaded,35732,
2026-07-17,NSE,SBIN,raw_l2/trade_date=2026-07-17/exchange=NSE/symbol=SBIN/part-072201_587899-029595.parquet,real_data_sample\l2_unseen_validation\trade_date=2026-07-17\exchange=NSE\symbol=SBIN\part-072201_587899-029595.parquet,35795,downloaded,35795,
2026-07-17,NSE,SBIN,raw_l2/trade_date=2026-07-17/exchange=NSE/symbol=SBIN/part-072244_108308-029691.parquet,real_data_sample\l2_unseen_validation\trade_date=2026-07-17\exchange=NSE\symbol=SBIN\part-072244_108308-029691.parquet,35397,downloaded,35397,
2026-07-17,NSE,SBIN,raw_l2/trade_date=2026-07-17/exchange=NSE/symbol=SBIN/part-072258_314986-029723.parquet,real_data_sample\l2_unseen_validation\trade_date=2026-07-17\exchange=NSE\symbol=SBIN\part-072258_314986-029723.parquet,35393,downloaded,35393,
2026-07-17,NSE,SBIN,raw_l2/trade_date=2026-07-17/exchange=NSE/symbol=SBIN/part-071742_992550-029019.parquet,real_data_sample\l2_unseen_validation\trade_date=2026-07-17\exchange=NSE\symbol=SBIN\part-071742_992550-029019.parquet,35077,downloaded,35077,
2026-07-17,NSE,SBIN,raw_l2/trade_date=2026-07-17/exchange=NSE/symbol=SBIN/part-072312_632342-029755.parquet,real_data_sample\l2_unseen_validation\trade_date=2026-07-17\exchange=NSE\symbol=SBIN\part-072312_632342-029755.parquet,35212,downloaded,35212,
2026-07-17,NSE,SBIN,raw_l2/trade_date=2026-07-17/exchange=NSE/symbol=SBIN/part-072327_027020-029787.parquet,real_data_sample\l2_unseen_validation\trade_date=2026-07-17\exchange=NSE\symbol=SBIN\part-072327_027020-029787.parquet,35202,downloaded,35202,
2026-07-17,NSE,SBIN,raw_l2/trade_date=2026-07-17/exchange=NSE/symbol=SBIN/part-072355_599435-029851.parquet,real_data_sample\l2_unseen_validation\trade_date=2026-07-17\exchange=NSE\symbol=SBIN\part-072355_599435-029851.parquet,34848,downloaded,34848,
2026-07-17,NSE,SBIN,raw_l2/trade_date=2026-07-17/exchange=NSE/symbol=SBIN/part-072438_357899-029947.parquet,real_data_sample\l2_unseen_validation\trade_date=2026-07-17\exchange=NSE\symbol=SBIN\part-072438_357899-029947.parquet,35638,downloaded,35638,
2026-07-17,NSE,SBIN,raw_l2/trade_date=2026-07-17/exchange=NSE/symbol=SBIN/part-072507_075208-030011.parquet,real_data_sample\l2_unseen_validation\trade_date=2026-07-17\exchange=NSE\symbol=SBIN\part-072507_075208-030011.parquet,35731,downloaded,35731,
2026-07-17,NSE,SBIN,raw_l2/trade_date=2026-07-17/exchange=NSE/symbol=SBIN/part-072521_254091-030043.parquet,real_data_sample\l2_unseen_validation\trade_date=2026-07-17\exchange=NSE\symbol=SBIN\part-072521_254091-030043.parquet,35333,downloaded,35333,
2026-07-17,NSE,SBIN,raw_l2/trade_date=2026-07-17/exchange=NSE/symbol=SBIN/part-072341_320493-029819.parquet,real_data_sample\l2_unseen_validation\trade_date=2026-07-17\exchange=NSE\symbol=SBIN\part-072341_320493-029819.parquet,35005,downloaded,35005,
2026-07-17,NSE,SBIN,raw_l2/trade_date=2026-07-17/exchange=NSE/symbol=SBIN/part-072409_774936-029883.parquet,real_data_sample\l2_unseen_validation\trade_date=2026-07-17\exchange=NSE\symbol=SBIN\part-072409_774936-029883.parquet,34863,downloaded,34863,
2026-07-17,NSE,SBIN,raw_l2/trade_date=2026-07-17/exchange=NSE/symbol=SBIN/part-072452_921959-029979.parquet,real_data_sample\l2_unseen_validation\trade_date=2026-07-17\exchange=NSE\symbol=SBIN\part-072452_921959-029979.parquet,35656,downloaded,35656,
2026-07-17,NSE,SBIN,raw_l2/trade_date=2026-07-17/exchange=NSE/symbol=SBIN/part-072423_964756-029915.parquet,real_data_sample\l2_unseen_validation\trade_date=2026-07-17\exchange=NSE\symbol=SBIN\part-072423_964756-029915.parquet,35726,downloaded,35726,
2026-07-17,NSE,SBIN,raw_l2/trade_date=2026-07-17/exchange=NSE/symbol=SBIN/part-072535_502276-030075.parquet,real_data_sample\l2_unseen_validation\trade_date=2026-07-17\exchange=NSE\symbol=SBIN\part-072535_502276-030075.parquet,34831,downloaded,34831,
2026-07-17,NSE,SBIN,raw_l2/trade_date=2026-07-17/exchange=NSE/symbol=SBIN/part-072549_727794-030107.parquet,real_data_sample\l2_unseen_validation\trade_date=2026-07-17\exchange=NSE\symbol=SBIN\part-072549_727794-030107.parquet,34808,downloaded,34808,
2026-07-17,NSE,SBIN,raw_l2/trade_date=2026-07-17/exchange=NSE/symbol=SBIN/part-072632_474438-030203.parquet,real_data_sample\l2_unseen_validation\trade_date=2026-07-17\exchange=NSE\symbol=SBIN\part-072632_474438-030203.parquet,34929,downloaded,34929,
2026-07-17,NSE,SBIN,raw_l2/trade_date=2026-07-17/exchange=NSE/symbol=SBIN/part-072603_729836-030139.parquet,real_data_sample\l2_unseen_validation\trade_date=2026-07-17\exchange=NSE\symbol=SBIN\part-072603_729836-030139.parquet,34677,downloaded,34677,
2026-07-17,NSE,SBIN,raw_l2/trade_date=2026-07-17/exchange=NSE/symbol=SBIN/part-072646_692514-030235.parquet,real_data_sample\l2_unseen_validation\trade_date=2026-07-17\exchange=NSE\symbol=SBIN\part-072646_692514-030235.parquet,34967,downloaded,34967,
2026-07-17,NSE,SBIN,raw_l2/trade_date=2026-07-17/exchange=NSE/symbol=SBIN/part-072729_853659-030331.parquet,real_data_sample\l2_unseen_validation\trade_date=2026-07-17\exchange=NSE\symbol=SBIN\part-072729_853659-030331.parquet,34788,downloaded,34788,
2026-07-17,NSE,SBIN,raw_l2/trade_date=2026-07-17/exchange=NSE/symbol=SBIN/part-072617_904744-030171.parquet,real_data_sample\l2_unseen_validation\trade_date=2026-07-17\exchange=NSE\symbol=SBIN\part-072617_904744-030171.parquet,34641,downloaded,34641,
2026-07-17,NSE,SBIN,raw_l2/trade_date=2026-07-17/exchange=NSE/symbol=SBIN/part-072715_436400-030299.parquet,real_data_sample\l2_unseen_validation\trade_date=2026-07-17\exchange=NSE\symbol=SBIN\part-072715_436400-030299.parquet,34893,downloaded,34893,
2026-07-17,NSE,SBIN,raw_l2/trade_date=2026-07-17/exchange=NSE/symbol=SBIN/part-072701_081846-030267.parquet,real_data_sample\l2_unseen_validation\trade_date=2026-07-17\exchange=NSE\symbol=SBIN\part-072701_081846-030267.parquet,34713,downloaded,34713,
2026-07-17,NSE,SBIN,raw_l2/trade_date=2026-07-17/exchange=NSE/symbol=SBIN/part-072744_203851-030363.parquet,real_data_sample\l2_unseen_validation\trade_date=2026-07-17\exchange=NSE\symbol=SBIN\part-072744_203851-030363.parquet,34870,downloaded,34870,
2026-07-17,NSE,SBIN,raw_l2/trade_date=2026-07-17/exchange=NSE/symbol=SBIN/part-072758_787410-030395.parquet,real_data_sample\l2_unseen_validation\trade_date=2026-07-17\exchange=NSE\symbol=SBIN\part-072758_787410-030395.parquet,34935,downloaded,34935,
2026-07-17,NSE,SBIN,raw_l2/trade_date=2026-07-17/exchange=NSE/symbol=SBIN/part-072146_585360-029563.parquet,real_data_sample\l2_unseen_validation\trade_date=2026-07-17\exchange=NSE\symbol=SBIN\part-072146_585360-029563.parquet,36063,downloaded,36063,
2026-07-17,NSE,SBIN,raw_l2/trade_date=2026-07-17/exchange=NSE/symbol=SBIN/part-072827_538453-030459.parquet,real_data_sample\l2_unseen_validation\trade_date=2026-07-17\exchange=NSE\symbol=SBIN\part-072827_538453-030459.parquet,36506,downloaded,36506,
2026-07-17,NSE,SBIN,raw_l2/trade_date=2026-07-17/exchange=NSE/symbol=SBIN/part-072843_523079-030491.parquet,real_data_sample\l2_unseen_validation\trade_date=2026-07-17\exchange=NSE\symbol=SBIN\part-072843_523079-030491.parquet,36238,downloaded,36238,
2026-07-17,NSE,SBIN,raw_l2/trade_date=2026-07-17/exchange=NSE/symbol=SBIN/part-072229_792394-029659.parquet,real_data_sample\l2_unseen_validation\trade_date=2026-07-17\exchange=NSE\symbol=SBIN\part-072229_792394-029659.parquet,35275,downloaded,35275,
2026-07-17,NSE,SBIN,raw_l2/trade_date=2026-07-17/exchange=NSE/symbol=SBIN/part-072858_009072-030523.parquet,real_data_sample\l2_unseen_validation\trade_date=2026-07-17\exchange=NSE\symbol=SBIN\part-072858_009072-030523.parquet,36383,downloaded,36383,
2026-07-17,NSE,SBIN,raw_l2/trade_date=2026-07-17/exchange=NSE/symbol=SBIN/part-072912_655738-030555.parquet,real_data_sample\l2_unseen_validation\trade_date=2026-07-17\exchange=NSE\symbol=SBIN\part-072912_655738-030555.parquet,35726,downloaded,35726,
2026-07-17,NSE,SBIN,raw_l2/trade_date=2026-07-17/exchange=NSE/symbol=SBIN/part-073053_699003-030779.parquet,real_data_sample\l2_unseen_validation\trade_date=2026-07-17\exchange=NSE\symbol=SBIN\part-073053_699003-030779.parquet,35714,downloaded,35714,
2026-07-17,NSE,SBIN,raw_l2/trade_date=2026-07-17/exchange=NSE/symbol=SBIN/part-073108_188855-030811.parquet,real_data_sample\l2_unseen_validation\trade_date=2026-07-17\exchange=NSE\symbol=SBIN\part-073108_188855-030811.parquet,35340,downloaded,35340,
2026-07-17,NSE,SBIN,raw_l2/trade_date=2026-07-17/exchange=NSE/symbol=SBIN/part-072941_981917-030619.parquet,real_data_sample\l2_unseen_validation\trade_date=2026-07-17\exchange=NSE\symbol=SBIN\part-072941_981917-030619.parquet,35422,downloaded,35422,
2026-07-17,NSE,SBIN,raw_l2/trade_date=2026-07-17/exchange=NSE/symbol=SBIN/part-073010_708641-030683.parquet,real_data_sample\l2_unseen_validation\trade_date=2026-07-17\exchange=NSE\symbol=SBIN\part-073010_708641-030683.parquet,36292,downloaded,36292,
2026-07-17,NSE,SBIN,raw_l2/trade_date=2026-07-17/exchange=NSE/symbol=SBIN/part-073039_251550-030747.parquet,real_data_sample\l2_unseen_validation\trade_date=2026-07-17\exchange=NSE\symbol=SBIN\part-073039_251550-030747.parquet,36360,downloaded,36360,
2026-07-17,NSE,SBIN,raw_l2/trade_date=2026-07-17/exchange=NSE/symbol=SBIN/part-072956_453233-030651.parquet,real_data_sample\l2_unseen_validation\trade_date=2026-07-17\exchange=NSE\symbol=SBIN\part-072956_453233-030651.parquet,35331,downloaded,35331,
2026-07-17,NSE,SBIN,raw_l2/trade_date=2026-07-17/exchange=NSE/symbol=SBIN/part-073024_924808-030715.parquet,real_data_sample\l2_unseen_validation\trade_date=2026-07-17\exchange=NSE\symbol=SBIN\part-073024_924808-030715.parquet,35824,downloaded,35824,
2026-07-17,NSE,SBIN,raw_l2/trade_date=2026-07-17/exchange=NSE/symbol=SBIN/part-073122_473055-030843.parquet,real_data_sample\l2_unseen_validation\trade_date=2026-07-17\exchange=NSE\symbol=SBIN\part-073122_473055-030843.parquet,35686,downloaded,35686,
2026-07-17,NSE,SBIN,raw_l2/trade_date=2026-07-17/exchange=NSE/symbol=SBIN/part-073302_125997-031067.parquet,real_data_sample\l2_unseen_validation\trade_date=2026-07-17\exchange=NSE\symbol=SBIN\part-073302_125997-031067.parquet,34932,downloaded,34932,
2026-07-17,NSE,SBIN,raw_l2/trade_date=2026-07-17/exchange=NSE/symbol=SBIN/part-073205_286157-030939.parquet,real_data_sample\l2_unseen_validation\trade_date=2026-07-17\exchange=NSE\symbol=SBIN\part-073205_286157-030939.parquet,35295,downloaded,35295,
2026-07-17,NSE,SBIN,raw_l2/trade_date=2026-07-17/exchange=NSE/symbol=SBIN/part-073136_681231-030875.parquet,real_data_sample\l2_unseen_validation\trade_date=2026-07-17\exchange=NSE\symbol=SBIN\part-073136_681231-030875.parquet,35704,downloaded,35704,
2026-07-17,NSE,SBIN,raw_l2/trade_date=2026-07-17/exchange=NSE/symbol=SBIN/part-073150_991642-030907.parquet,real_data_sample\l2_unseen_validation\trade_date=2026-07-17\exchange=NSE\symbol=SBIN\part-073150_991642-030907.parquet,35377,downloaded,35377,
2026-07-17,NSE,SBIN,raw_l2/trade_date=2026-07-17/exchange=NSE/symbol=SBIN/part-073219_393636-030971.parquet,real_data_sample\l2_unseen_validation\trade_date=2026-07-17\exchange=NSE\symbol=SBIN\part-073219_393636-030971.parquet,35263,downloaded,35263,
2026-07-17,NSE,SBIN,raw_l2/trade_date=2026-07-17/exchange=NSE/symbol=SBIN/part-073344_920478-031163.parquet,real_data_sample\l2_unseen_validation\trade_date=2026-07-17\exchange=NSE\symbol=SBIN\part-073344_920478-031163.parquet,35898,downloaded,35898,
2026-07-17,NSE,SBIN,raw_l2/trade_date=2026-07-17/exchange=NSE/symbol=SBIN/part-073330_643028-031131.parquet,real_data_sample\l2_unseen_validation\trade_date=2026-07-17\exchange=NSE\symbol=SBIN\part-073330_643028-031131.parquet,35923,downloaded,35923,
2026-07-17,NSE,SBIN,raw_l2/trade_date=2026-07-17/exchange=NSE/symbol=SBIN/part-073359_080938-031195.parquet,real_data_sample\l2_unseen_validation\trade_date=2026-07-17\exchange=NSE\symbol=SBIN\part-073359_080938-031195.parquet,36192,downloaded,36192,
2026-07-17,NSE,SBIN,raw_l2/trade_date=2026-07-17/exchange=NSE/symbol=SBIN/part-073233_603685-031003.parquet,real_data_sample\l2_unseen_validation\trade_date=2026-07-17\exchange=NSE\symbol=SBIN\part-073233_603685-031003.parquet,34824,downloaded,34824,
2026-07-17,NSE,SBIN,raw_l2/trade_date=2026-07-17/exchange=NSE/symbol=SBIN/part-073427_536643-031259.parquet,real_data_sample\l2_unseen_validation\trade_date=2026-07-17\exchange=NSE\symbol=SBIN\part-073427_536643-031259.parquet,35391,downloaded,35391,
2026-07-17,NSE,SBIN,raw_l2/trade_date=2026-07-17/exchange=NSE/symbol=SBIN/part-072813_315441-030427.parquet,real_data_sample\l2_unseen_validation\trade_date=2026-07-17\exchange=NSE\symbol=SBIN\part-072813_315441-030427.parquet,34780,downloaded,34780,
2026-07-17,NSE,SBIN,raw_l2/trade_date=2026-07-17/exchange=NSE/symbol=SBIN/part-073247_838738-031035.parquet,real_data_sample\l2_unseen_validation\trade_date=2026-07-17\exchange=NSE\symbol=SBIN\part-073247_838738-031035.parquet,35002,downloaded,35002,
2026-07-17,NSE,SBIN,raw_l2/trade_date=2026-07-17/exchange=NSE/symbol=SBIN/part-073442_028692-031291.parquet,real_data_sample\l2_unseen_validation\trade_date=2026-07-17\exchange=NSE\symbol=SBIN\part-073442_028692-031291.parquet,35745,downloaded,35745,
2026-07-17,NSE,SBIN,raw_l2/trade_date=2026-07-17/exchange=NSE/symbol=SBIN/part-073413_325382-031227.parquet,real_data_sample\l2_unseen_validation\trade_date=2026-07-17\exchange=NSE\symbol=SBIN\part-073413_325382-031227.parquet,35961,downloaded,35961,
2026-07-17,NSE,SBIN,raw_l2/trade_date=2026-07-17/exchange=NSE/symbol=SBIN/part-073316_263751-031099.parquet,real_data_sample\l2_unseen_validation\trade_date=2026-07-17\exchange=NSE\symbol=SBIN\part-073316_263751-031099.parquet,35110,downloaded,35110,
2026-07-17,NSE,SBIN,raw_l2/trade_date=2026-07-17/exchange=NSE/symbol=SBIN/part-073456_140887-031323.parquet,real_data_sample\l2_unseen_validation\trade_date=2026-07-17\exchange=NSE\symbol=SBIN\part-073456_140887-031323.parquet,35849,downloaded,35849,
2026-07-17,NSE,SBIN,raw_l2/trade_date=2026-07-17/exchange=NSE/symbol=SBIN/part-073510_342618-031355.parquet,real_data_sample\l2_unseen_validation\trade_date=2026-07-17\exchange=NSE\symbol=SBIN\part-073510_342618-031355.parquet,35866,downloaded,35866,
2026-07-17,NSE,SBIN,raw_l2/trade_date=2026-07-17/exchange=NSE/symbol=SBIN/part-073538_814923-031419.parquet,real_data_sample\l2_unseen_validation\trade_date=2026-07-17\exchange=NSE\symbol=SBIN\part-073538_814923-031419.parquet,35397,downloaded,35397,
2026-07-17,NSE,SBIN,raw_l2/trade_date=2026-07-17/exchange=NSE/symbol=SBIN/part-072927_436109-030587.parquet,real_data_sample\l2_unseen_validation\trade_date=2026-07-17\exchange=NSE\symbol=SBIN\part-072927_436109-030587.parquet,35106,downloaded,35106,
2026-07-17,NSE,SBIN,raw_l2/trade_date=2026-07-17/exchange=NSE/symbol=SBIN/part-073704_170799-031611.parquet,real_data_sample\l2_unseen_validation\trade_date=2026-07-17\exchange=NSE\symbol=SBIN\part-073704_170799-031611.parquet,34676,downloaded,34676,
2026-07-17,NSE,SBIN,raw_l2/trade_date=2026-07-17/exchange=NSE/symbol=SBIN/part-074132_228654-032219.parquet,real_data_sample\l2_unseen_validation\trade_date=2026-07-17\exchange=NSE\symbol=SBIN\part-074132_228654-032219.parquet,34740,downloaded,34740,
2026-07-17,NSE,SBIN,raw_l2/trade_date=2026-07-17/exchange=NSE/symbol=SBIN/part-073650_014129-031579.parquet,real_data_sample\l2_unseen_validation\trade_date=2026-07-17\exchange=NSE\symbol=SBIN\part-073650_014129-031579.parquet,35105,downloaded,35105,
2026-07-17,NSE,SBIN,raw_l2/trade_date=2026-07-17/exchange=NSE/symbol=SBIN/part-073718_191829-031643.parquet,real_data_sample\l2_unseen_validation\trade_date=2026-07-17\exchange=NSE\symbol=SBIN\part-073718_191829-031643.parquet,34781,downloaded,34781,
2026-07-17,NSE,SBIN,raw_l2/trade_date=2026-07-17/exchange=NSE/symbol=SBIN/part-073524_526171-031387.parquet,real_data_sample\l2_unseen_validation\trade_date=2026-07-17\exchange=NSE\symbol=SBIN\part-073524_526171-031387.parquet,36209,downloaded,36209,
2026-07-17,NSE,SBIN,raw_l2/trade_date=2026-07-17/exchange=NSE/symbol=SBIN/part-074200_387004-032283.parquet,real_data_sample\l2_unseen_validation\trade_date=2026-07-17\exchange=NSE\symbol=SBIN\part-074200_387004-032283.parquet,34744,downloaded,34744,
2026-07-17,NSE,SBIN,raw_l2/trade_date=2026-07-17/exchange=NSE/symbol=SBIN/part-073814_353650-031771.parquet,real_data_sample\l2_unseen_validation\trade_date=2026-07-17\exchange=NSE\symbol=SBIN\part-073814_353650-031771.parquet,35037,downloaded,35037,
2026-07-17,NSE,SBIN,raw_l2/trade_date=2026-07-17/exchange=NSE/symbol=SBIN/part-074146_328592-032251.parquet,real_data_sample\l2_unseen_validation\trade_date=2026-07-17\exchange=NSE\symbol=SBIN\part-074146_328592-032251.parquet,34827,downloaded,34827,
2026-07-17,NSE,SBIN,raw_l2/trade_date=2026-07-17/exchange=NSE/symbol=SBIN/part-073552_890596-031451.parquet,real_data_sample\l2_unseen_validation\trade_date=2026-07-17\exchange=NSE\symbol=SBIN\part-073552_890596-031451.parquet,35274,downloaded,35274,
2026-07-17,NSE,SBIN,raw_l2/trade_date=2026-07-17/exchange=NSE/symbol=SBIN/part-073800_198498-031739.parquet,real_data_sample\l2_unseen_validation\trade_date=2026-07-17\exchange=NSE\symbol=SBIN\part-073800_198498-031739.parquet,34854,downloaded,34854,
2026-07-17,NSE,SBIN,raw_l2/trade_date=2026-07-17/exchange=NSE/symbol=SBIN/part-074118_149926-032187.parquet,real_data_sample\l2_unseen_validation\trade_date=2026-07-17\exchange=NSE\symbol=SBIN\part-074118_149926-032187.parquet,35176,downloaded,35176,
2026-07-17,NSE,SBIN,raw_l2/trade_date=2026-07-17/exchange=NSE/symbol=SBIN/part-073746_091689-031707.parquet,real_data_sample\l2_unseen_validation\trade_date=2026-07-17\exchange=NSE\symbol=SBIN\part-073746_091689-031707.parquet,35040,downloaded,35040,
2026-07-17,NSE,SBIN,raw_l2/trade_date=2026-07-17/exchange=NSE/symbol=SBIN/part-073856_892441-031867.parquet,real_data_sample\l2_unseen_validation\trade_date=2026-07-17\exchange=NSE\symbol=SBIN\part-073856_892441-031867.parquet,35659,downloaded,35659,
2026-07-17,NSE,SBIN,raw_l2/trade_date=2026-07-17/exchange=NSE/symbol=SBIN/part-073621_425992-031515.parquet,real_data_sample\l2_unseen_validation\trade_date=2026-07-17\exchange=NSE\symbol=SBIN\part-073621_425992-031515.parquet,35158,downloaded,35158,
2026-07-17,NSE,SBIN,raw_l2/trade_date=2026-07-17/exchange=NSE/symbol=SBIN/part-074049_929942-032123.parquet,real_data_sample\l2_unseen_validation\trade_date=2026-07-17\exchange=NSE\symbol=SBIN\part-074049_929942-032123.parquet,35972,downloaded,35972,
2026-07-17,NSE,SBIN,raw_l2/trade_date=2026-07-17/exchange=NSE/symbol=SBIN/part-074035_727874-032091.parquet,real_data_sample\l2_unseen_validation\trade_date=2026-07-17\exchange=NSE\symbol=SBIN\part-074035_727874-032091.parquet,35622,downloaded,35622,
2026-07-17,NSE,SBIN,raw_l2/trade_date=2026-07-17/exchange=NSE/symbol=SBIN/part-073911_195597-031899.parquet,real_data_sample\l2_unseen_validation\trade_date=2026-07-17\exchange=NSE\symbol=SBIN\part-073911_195597-031899.parquet,36031,downloaded,36031,
2026-07-17,NSE,SBIN,raw_l2/trade_date=2026-07-17/exchange=NSE/symbol=SBIN/part-073828_623451-031803.parquet,real_data_sample\l2_unseen_validation\trade_date=2026-07-17\exchange=NSE\symbol=SBIN\part-073828_623451-031803.parquet,35832,downloaded,35832,
2026-07-17,NSE,SBIN,raw_l2/trade_date=2026-07-17/exchange=NSE/symbol=SBIN/part-073732_209556-031675.parquet,real_data_sample\l2_unseen_validation\trade_date=2026-07-17\exchange=NSE\symbol=SBIN\part-073732_209556-031675.parquet,34748,downloaded,34748,
2026-07-17,NSE,SBIN,raw_l2/trade_date=2026-07-17/exchange=NSE/symbol=SBIN/part-073842_556053-031835.parquet,real_data_sample\l2_unseen_validation\trade_date=2026-07-17\exchange=NSE\symbol=SBIN\part-073842_556053-031835.parquet,35922,downloaded,35922,
2026-07-17,NSE,SBIN,raw_l2/trade_date=2026-07-17/exchange=NSE/symbol=SBIN/part-073607_161683-031483.parquet,real_data_sample\l2_unseen_validation\trade_date=2026-07-17\exchange=NSE\symbol=SBIN\part-073607_161683-031483.parquet,35500,downloaded,35500,
2026-07-17,NSE,SBIN,raw_l2/trade_date=2026-07-17/exchange=NSE/symbol=SBIN/part-073925_133998-031931.parquet,real_data_sample\l2_unseen_validation\trade_date=2026-07-17\exchange=NSE\symbol=SBIN\part-073925_133998-031931.parquet,34801,downloaded,34801,
2026-07-17,NSE,SBIN,raw_l2/trade_date=2026-07-17/exchange=NSE/symbol=SBIN/part-074007_452274-032027.parquet,real_data_sample\l2_unseen_validation\trade_date=2026-07-17\exchange=NSE\symbol=SBIN\part-074007_452274-032027.parquet,34715,downloaded,34715,
2026-07-17,NSE,SBIN,raw_l2/trade_date=2026-07-17/exchange=NSE/symbol=SBIN/part-073953_249968-031995.parquet,real_data_sample\l2_unseen_validation\trade_date=2026-07-17\exchange=NSE\symbol=SBIN\part-073953_249968-031995.parquet,34800,downloaded,34800,
2026-07-17,NSE,SBIN,raw_l2/trade_date=2026-07-17/exchange=NSE/symbol=SBIN/part-073635_779500-031547.parquet,real_data_sample\l2_unseen_validation\trade_date=2026-07-17\exchange=NSE\symbol=SBIN\part-073635_779500-031547.parquet,34723,downloaded,34723,
2026-07-17,NSE,SBIN,raw_l2/trade_date=2026-07-17/exchange=NSE/symbol=SBIN/part-074104_025172-032155.parquet,real_data_sample\l2_unseen_validation\trade_date=2026-07-17\exchange=NSE\symbol=SBIN\part-074104_025172-032155.parquet,35439,downloaded,35439,
2026-07-17,NSE,SBIN,raw_l2/trade_date=2026-07-17/exchange=NSE/symbol=SBIN/part-073939_168195-031963.parquet,real_data_sample\l2_unseen_validation\trade_date=2026-07-17\exchange=NSE\symbol=SBIN\part-073939_168195-031963.parquet,34805,downloaded,34805,
2026-07-17,NSE,SBIN,raw_l2/trade_date=2026-07-17/exchange=NSE/symbol=SBIN/part-074021_651876-032059.parquet,real_data_sample\l2_unseen_validation\trade_date=2026-07-17\exchange=NSE\symbol=SBIN\part-074021_651876-032059.parquet,35476,downloaded,35476,
2026-07-17,NSE,SBIN,raw_l2/trade_date=2026-07-17/exchange=NSE/symbol=SBIN/part-074228_223185-032347.parquet,real_data_sample\l2_unseen_validation\trade_date=2026-07-17\exchange=NSE\symbol=SBIN\part-074228_223185-032347.parquet,34843,downloaded,34843,
2026-07-17,NSE,SBIN,raw_l2/trade_date=2026-07-17/exchange=NSE/symbol=SBIN/part-074242_359343-032379.parquet,real_data_sample\l2_unseen_validation\trade_date=2026-07-17\exchange=NSE\symbol=SBIN\part-074242_359343-032379.parquet,34822,downloaded,34822,
2026-07-17,NSE,SBIN,raw_l2/trade_date=2026-07-17/exchange=NSE/symbol=SBIN/part-074545_868506-032795.parquet,real_data_sample\l2_unseen_validation\trade_date=2026-07-17\exchange=NSE\symbol=SBIN\part-074545_868506-032795.parquet,36059,downloaded,36059,
2026-07-17,NSE,SBIN,raw_l2/trade_date=2026-07-17/exchange=NSE/symbol=SBIN/part-074338_570856-032507.parquet,real_data_sample\l2_unseen_validation\trade_date=2026-07-17\exchange=NSE\symbol=SBIN\part-074338_570856-032507.parquet,34831,downloaded,34831,
2026-07-17,NSE,SBIN,raw_l2/trade_date=2026-07-17/exchange=NSE/symbol=SBIN/part-074503_567078-032699.parquet,real_data_sample\l2_unseen_validation\trade_date=2026-07-17\exchange=NSE\symbol=SBIN\part-074503_567078-032699.parquet,34859,downloaded,34859,
2026-07-17,NSE,SBIN,raw_l2/trade_date=2026-07-17/exchange=NSE/symbol=SBIN/part-074407_399213-032571.parquet,real_data_sample\l2_unseen_validation\trade_date=2026-07-17\exchange=NSE\symbol=SBIN\part-074407_399213-032571.parquet,34712,downloaded,34712,
2026-07-17,NSE,SBIN,raw_l2/trade_date=2026-07-17/exchange=NSE/symbol=SBIN/part-074531_901949-032763.parquet,real_data_sample\l2_unseen_validation\trade_date=2026-07-17\exchange=NSE\symbol=SBIN\part-074531_901949-032763.parquet,35969,downloaded,35969,
2026-07-17,NSE,SBIN,raw_l2/trade_date=2026-07-17/exchange=NSE/symbol=SBIN/part-074449_309026-032667.parquet,real_data_sample\l2_unseen_validation\trade_date=2026-07-17\exchange=NSE\symbol=SBIN\part-074449_309026-032667.parquet,34878,downloaded,34878,
2026-07-17,NSE,SBIN,raw_l2/trade_date=2026-07-17/exchange=NSE/symbol=SBIN/part-074310_299355-032443.parquet,real_data_sample\l2_unseen_validation\trade_date=2026-07-17\exchange=NSE\symbol=SBIN\part-074310_299355-032443.parquet,34966,downloaded,34966,
2026-07-17,NSE,SBIN,raw_l2/trade_date=2026-07-17/exchange=NSE/symbol=SBIN/part-074421_378606-032603.parquet,real_data_sample\l2_unseen_validation\trade_date=2026-07-17\exchange=NSE\symbol=SBIN\part-074421_378606-032603.parquet,34978,downloaded,34978,
2026-07-17,NSE,SBIN,raw_l2/trade_date=2026-07-17/exchange=NSE/symbol=SBIN/part-074353_130162-032539.parquet,real_data_sample\l2_unseen_validation\trade_date=2026-07-17\exchange=NSE\symbol=SBIN\part-074353_130162-032539.parquet,34752,downloaded,34752,
2026-07-17,NSE,SBIN,raw_l2/trade_date=2026-07-17/exchange=NSE/symbol=SBIN/part-074256_421520-032411.parquet,real_data_sample\l2_unseen_validation\trade_date=2026-07-17\exchange=NSE\symbol=SBIN\part-074256_421520-032411.parquet,34869,downloaded,34869,
2026-07-17,NSE,SBIN,raw_l2/trade_date=2026-07-17/exchange=NSE/symbol=SBIN/part-074807_661162-033115.parquet,real_data_sample\l2_unseen_validation\trade_date=2026-07-17\exchange=NSE\symbol=SBIN\part-074807_661162-033115.parquet,35501,downloaded,35501,
2026-07-17,NSE,SBIN,raw_l2/trade_date=2026-07-17/exchange=NSE/symbol=SBIN/part-074614_610188-032859.parquet,real_data_sample\l2_unseen_validation\trade_date=2026-07-17\exchange=NSE\symbol=SBIN\part-074614_610188-032859.parquet,35961,downloaded,35961,
2026-07-17,NSE,SBIN,raw_l2/trade_date=2026-07-17/exchange=NSE/symbol=SBIN/part-074435_428416-032635.parquet,real_data_sample\l2_unseen_validation\trade_date=2026-07-17\exchange=NSE\symbol=SBIN\part-074435_428416-032635.parquet,34750,downloaded,34750,
2026-07-17,NSE,SBIN,raw_l2/trade_date=2026-07-17/exchange=NSE/symbol=SBIN/part-074657_215971-032955.parquet,real_data_sample\l2_unseen_validation\trade_date=2026-07-17\exchange=NSE\symbol=SBIN\part-074657_215971-032955.parquet,36053,downloaded,36053,
2026-07-17,NSE,SBIN,raw_l2/trade_date=2026-07-17/exchange=NSE/symbol=SBIN/part-074711_269736-032987.parquet,real_data_sample\l2_unseen_validation\trade_date=2026-07-17\exchange=NSE\symbol=SBIN\part-074711_269736-032987.parquet,35777,downloaded,35777,
2026-07-17,NSE,SBIN,raw_l2/trade_date=2026-07-17/exchange=NSE/symbol=SBIN/part-074643_182971-032923.parquet,real_data_sample\l2_unseen_validation\trade_date=2026-07-17\exchange=NSE\symbol=SBIN\part-074643_182971-032923.parquet,36027,downloaded,36027,
2026-07-17,NSE,SBIN,raw_l2/trade_date=2026-07-17/exchange=NSE/symbol=SBIN/part-074600_162168-032827.parquet,real_data_sample\l2_unseen_validation\trade_date=2026-07-17\exchange=NSE\symbol=SBIN\part-074600_162168-032827.parquet,36258,downloaded,36258,
2026-07-17,NSE,SBIN,raw_l2/trade_date=2026-07-17/exchange=NSE/symbol=SBIN/part-074753_644258-033083.parquet,real_data_sample\l2_unseen_validation\trade_date=2026-07-17\exchange=NSE\symbol=SBIN\part-074753_644258-033083.parquet,36040,downloaded,36040,
2026-07-17,NSE,SBIN,raw_l2/trade_date=2026-07-17/exchange=NSE/symbol=SBIN/part-070920_518891-027899.parquet,real_data_sample\l2_unseen_validation\trade_date=2026-07-17\exchange=NSE\symbol=SBIN\part-070920_518891-027899.parquet,35987,downloaded,35987,
2026-07-17,NSE,SBIN,raw_l2/trade_date=2026-07-17/exchange=NSE/symbol=SBIN/part-074821_652828-033147.parquet,real_data_sample\l2_unseen_validation\trade_date=2026-07-17\exchange=NSE\symbol=SBIN\part-074821_652828-033147.parquet,35419,downloaded,35419,
2026-07-17,NSE,SBIN,raw_l2/trade_date=2026-07-17/exchange=NSE/symbol=SBIN/part-074725_550524-033019.parquet,real_data_sample\l2_unseen_validation\trade_date=2026-07-17\exchange=NSE\symbol=SBIN\part-074725_550524-033019.parquet,35757,downloaded,35757,
2026-07-17,NSE,SBIN,raw_l2/trade_date=2026-07-17/exchange=NSE/symbol=SBIN/part-074739_582316-033051.parquet,real_data_sample\l2_unseen_validation\trade_date=2026-07-17\exchange=NSE\symbol=SBIN\part-074739_582316-033051.parquet,35714,downloaded,35714,
2026-07-17,NSE,SBIN,raw_l2/trade_date=2026-07-17/exchange=NSE/symbol=SBIN/part-074517_838504-032731.parquet,real_data_sample\l2_unseen_validation\trade_date=2026-07-17\exchange=NSE\symbol=SBIN\part-074517_838504-032731.parquet,35425,downloaded,35425,
2026-07-17,NSE,SBIN,raw_l2/trade_date=2026-07-17/exchange=NSE/symbol=SBIN/part-074628_761169-032891.parquet,real_data_sample\l2_unseen_validation\trade_date=2026-07-17\exchange=NSE\symbol=SBIN\part-074628_761169-032891.parquet,35818,downloaded,35818,
2026-07-17,NSE,SBIN,raw_l2/trade_date=2026-07-17/exchange=NSE/symbol=SBIN/part-074835_836621-033179.parquet,real_data_sample\l2_unseen_validation\trade_date=2026-07-17\exchange=NSE\symbol=SBIN\part-074835_836621-033179.parquet,34847,downloaded,34847,
2026-07-17,NSE,SBIN,raw_l2/trade_date=2026-07-17/exchange=NSE/symbol=SBIN/part-074932_300363-033307.parquet,real_data_sample\l2_unseen_validation\trade_date=2026-07-17\exchange=NSE\symbol=SBIN\part-074932_300363-033307.parquet,36134,downloaded,36134,
2026-07-17,NSE,SBIN,raw_l2/trade_date=2026-07-17/exchange=NSE/symbol=SBIN/part-074946_386900-033339.parquet,real_data_sample\l2_unseen_validation\trade_date=2026-07-17\exchange=NSE\symbol=SBIN\part-074946_386900-033339.parquet,36486,downloaded,36486,
2026-07-17,NSE,SBIN,raw_l2/trade_date=2026-07-17/exchange=NSE/symbol=SBIN/part-075000_308028-033371.parquet,real_data_sample\l2_unseen_validation\trade_date=2026-07-17\exchange=NSE\symbol=SBIN\part-075000_308028-033371.parquet,36104,downloaded,36104,
2026-07-17,NSE,SBIN,raw_l2/trade_date=2026-07-17/exchange=NSE/symbol=SBIN/part-075014_497209-033403.parquet,real_data_sample\l2_unseen_validation\trade_date=2026-07-17\exchange=NSE\symbol=SBIN\part-075014_497209-033403.parquet,36305,downloaded,36305,
2026-07-17,NSE,SBIN,raw_l2/trade_date=2026-07-17/exchange=NSE/symbol=SBIN/part-075043_584505-033467.parquet,real_data_sample\l2_unseen_validation\trade_date=2026-07-17\exchange=NSE\symbol=SBIN\part-075043_584505-033467.parquet,36345,downloaded,36345,
2026-07-17,NSE,SBIN,raw_l2/trade_date=2026-07-17/exchange=NSE/symbol=SBIN/part-075208_500093-033659.parquet,real_data_sample\l2_unseen_validation\trade_date=2026-07-17\exchange=NSE\symbol=SBIN\part-075208_500093-033659.parquet,35990,downloaded,35990,
2026-07-17,NSE,SBIN,raw_l2/trade_date=2026-07-17/exchange=NSE/symbol=SBIN/part-075057_675165-033499.parquet,real_data_sample\l2_unseen_validation\trade_date=2026-07-17\exchange=NSE\symbol=SBIN\part-075057_675165-033499.parquet,36153,downloaded,36153,
2026-07-17,NSE,SBIN,raw_l2/trade_date=2026-07-17/exchange=NSE/symbol=SBIN/part-075029_313540-033435.parquet,real_data_sample\l2_unseen_validation\trade_date=2026-07-17\exchange=NSE\symbol=SBIN\part-075029_313540-033435.parquet,36496,downloaded,36496,
2026-07-17,NSE,SBIN,raw_l2/trade_date=2026-07-17/exchange=NSE/symbol=SBIN/part-075236_759659-033723.parquet,real_data_sample\l2_unseen_validation\trade_date=2026-07-17\exchange=NSE\symbol=SBIN\part-075236_759659-033723.parquet,36132,downloaded,36132,
2026-07-17,NSE,SBIN,raw_l2/trade_date=2026-07-17/exchange=NSE/symbol=SBIN/part-075222_620119-033691.parquet,real_data_sample\l2_unseen_validation\trade_date=2026-07-17\exchange=NSE\symbol=SBIN\part-075222_620119-033691.parquet,36025,downloaded,36025,
2026-07-17,NSE,SBIN,raw_l2/trade_date=2026-07-17/exchange=NSE/symbol=SBIN/part-075319_664360-033819.parquet,real_data_sample\l2_unseen_validation\trade_date=2026-07-17\exchange=NSE\symbol=SBIN\part-075319_664360-033819.parquet,35695,downloaded,35695,
2026-07-17,NSE,SBIN,raw_l2/trade_date=2026-07-17/exchange=NSE/symbol=SBIN/part-075251_334289-033755.parquet,real_data_sample\l2_unseen_validation\trade_date=2026-07-17\exchange=NSE\symbol=SBIN\part-075251_334289-033755.parquet,35744,downloaded,35744,
2026-07-17,NSE,SBIN,raw_l2/trade_date=2026-07-17/exchange=NSE/symbol=SBIN/part-075305_595700-033787.parquet,real_data_sample\l2_unseen_validation\trade_date=2026-07-17\exchange=NSE\symbol=SBIN\part-075305_595700-033787.parquet,36220,downloaded,36220,
2026-07-17,NSE,SBIN,raw_l2/trade_date=2026-07-17/exchange=NSE/symbol=SBIN/part-075512_450979-034075.parquet,real_data_sample\l2_unseen_validation\trade_date=2026-07-17\exchange=NSE\symbol=SBIN\part-075512_450979-034075.parquet,35928,downloaded,35928,
2026-07-17,NSE,SBIN,raw_l2/trade_date=2026-07-17/exchange=NSE/symbol=SBIN/part-075333_765701-033851.parquet,real_data_sample\l2_unseen_validation\trade_date=2026-07-17\exchange=NSE\symbol=SBIN\part-075333_765701-033851.parquet,36150,downloaded,36150,
2026-07-17,NSE,SBIN,raw_l2/trade_date=2026-07-17/exchange=NSE/symbol=SBIN/part-070851_768595-027835.parquet,real_data_sample\l2_unseen_validation\trade_date=2026-07-17\exchange=NSE\symbol=SBIN\part-070851_768595-027835.parquet,35594,downloaded,35594,
2026-07-17,NSE,SBIN,raw_l2/trade_date=2026-07-17/exchange=NSE/symbol=SBIN/part-075444_125559-034011.parquet,real_data_sample\l2_unseen_validation\trade_date=2026-07-17\exchange=NSE\symbol=SBIN\part-075444_125559-034011.parquet,35990,downloaded,35990,
2026-07-17,NSE,SBIN,raw_l2/trade_date=2026-07-17/exchange=NSE/symbol=SBIN/part-075458_382316-034043.parquet,real_data_sample\l2_unseen_validation\trade_date=2026-07-17\exchange=NSE\symbol=SBIN\part-075458_382316-034043.parquet,36475,downloaded,36475,
2026-07-17,NSE,SBIN,raw_l2/trade_date=2026-07-17/exchange=NSE/symbol=SBIN/part-075415_938582-033947.parquet,real_data_sample\l2_unseen_validation\trade_date=2026-07-17\exchange=NSE\symbol=SBIN\part-075415_938582-033947.parquet,36448,downloaded,36448,
2026-07-17,NSE,SBIN,raw_l2/trade_date=2026-07-17/exchange=NSE/symbol=SBIN/part-075429_905580-033979.parquet,real_data_sample\l2_unseen_validation\trade_date=2026-07-17\exchange=NSE\symbol=SBIN\part-075429_905580-033979.parquet,36096,downloaded,36096,
2026-07-17,NSE,SBIN,raw_l2/trade_date=2026-07-17/exchange=NSE/symbol=SBIN/part-075401_837950-033915.parquet,real_data_sample\l2_unseen_validation\trade_date=2026-07-17\exchange=NSE\symbol=SBIN\part-075401_837950-033915.parquet,35953,downloaded,35953,
2026-07-17,NSE,SBIN,raw_l2/trade_date=2026-07-17/exchange=NSE/symbol=SBIN/part-074324_340352-032475.parquet,real_data_sample\l2_unseen_validation\trade_date=2026-07-17\exchange=NSE\symbol=SBIN\part-074324_340352-032475.parquet,34687,downloaded,34687,
2026-07-17,NSE,SBIN,raw_l2/trade_date=2026-07-17/exchange=NSE/symbol=SBIN/part-075347_647535-033883.parquet,real_data_sample\l2_unseen_validation\trade_date=2026-07-17\exchange=NSE\symbol=SBIN\part-075347_647535-033883.parquet,36019,downloaded,36019,
2026-07-17,NSE,SBIN,raw_l2/trade_date=2026-07-17/exchange=NSE/symbol=SBIN/part-074214_389673-032315.parquet,real_data_sample\l2_unseen_validation\trade_date=2026-07-17\exchange=NSE\symbol=SBIN\part-074214_389673-032315.parquet,34794,downloaded,34794,
2026-07-17,NSE,SBIN,raw_l2/trade_date=2026-07-17/exchange=NSE/symbol=SBIN/part-075540_403550-034139.parquet,real_data_sample\l2_unseen_validation\trade_date=2026-07-17\exchange=NSE\symbol=SBIN\part-075540_403550-034139.parquet,36179,downloaded,36179,
2026-07-17,NSE,SBIN,raw_l2/trade_date=2026-07-17/exchange=NSE/symbol=SBIN/part-070906_254609-027867.parquet,real_data_sample\l2_unseen_validation\trade_date=2026-07-17\exchange=NSE\symbol=SBIN\part-070906_254609-027867.parquet,36101,downloaded,36101,
2026-07-17,NSE,SBIN,raw_l2/trade_date=2026-07-17/exchange=NSE/symbol=SBIN/part-075526_444199-034107.parquet,real_data_sample\l2_unseen_validation\trade_date=2026-07-17\exchange=NSE\symbol=SBIN\part-075526_444199-034107.parquet,35661,downloaded,35661,
2026-07-17,NSE,SBIN,raw_l2/trade_date=2026-07-17/exchange=NSE/symbol=SBIN/part-075719_845373-034363.parquet,real_data_sample\l2_unseen_validation\trade_date=2026-07-17\exchange=NSE\symbol=SBIN\part-075719_845373-034363.parquet,36160,downloaded,36160,
2026-07-17,NSE,SBIN,raw_l2/trade_date=2026-07-17/exchange=NSE/symbol=SBIN/part-075608_624943-034203.parquet,real_data_sample\l2_unseen_validation\trade_date=2026-07-17\exchange=NSE\symbol=SBIN\part-075608_624943-034203.parquet,36010,downloaded,36010,
2026-07-17,NSE,SBIN,raw_l2/trade_date=2026-07-17/exchange=NSE/symbol=SBIN/part-075637_096294-034267.parquet,real_data_sample\l2_unseen_validation\trade_date=2026-07-17\exchange=NSE\symbol=SBIN\part-075637_096294-034267.parquet,36018,downloaded,36018,
2026-07-17,NSE,SBIN,raw_l2/trade_date=2026-07-17/exchange=NSE/symbol=SBIN/part-075622_829870-034235.parquet,real_data_sample\l2_unseen_validation\trade_date=2026-07-17\exchange=NSE\symbol=SBIN\part-075622_829870-034235.parquet,36218,downloaded,36218,
2026-07-17,NSE,SBIN,raw_l2/trade_date=2026-07-17/exchange=NSE/symbol=SBIN/part-075817_644422-034491.parquet,real_data_sample\l2_unseen_validation\trade_date=2026-07-17\exchange=NSE\symbol=SBIN\part-075817_644422-034491.parquet,36156,downloaded,36156,
2026-07-17,NSE,SBIN,raw_l2/trade_date=2026-07-17/exchange=NSE/symbol=SBIN/part-075802_954082-034459.parquet,real_data_sample\l2_unseen_validation\trade_date=2026-07-17\exchange=NSE\symbol=SBIN\part-075802_954082-034459.parquet,35748,downloaded,35748,
2026-07-17,NSE,SBIN,raw_l2/trade_date=2026-07-17/exchange=NSE/symbol=SBIN/part-075734_407261-034395.parquet,real_data_sample\l2_unseen_validation\trade_date=2026-07-17\exchange=NSE\symbol=SBIN\part-075734_407261-034395.parquet,36319,downloaded,36319,
2026-07-17,NSE,SBIN,raw_l2/trade_date=2026-07-17/exchange=NSE/symbol=SBIN/part-075748_627023-034427.parquet,real_data_sample\l2_unseen_validation\trade_date=2026-07-17\exchange=NSE\symbol=SBIN\part-075748_627023-034427.parquet,36121,downloaded,36121,
2026-07-17,NSE,SBIN,raw_l2/trade_date=2026-07-17/exchange=NSE/symbol=SBIN/part-075554_471140-034171.parquet,real_data_sample\l2_unseen_validation\trade_date=2026-07-17\exchange=NSE\symbol=SBIN\part-075554_471140-034171.parquet,35624,downloaded,35624,
2026-07-17,NSE,SBIN,raw_l2/trade_date=2026-07-17/exchange=NSE/symbol=SBIN/part-075651_349017-034299.parquet,real_data_sample\l2_unseen_validation\trade_date=2026-07-17\exchange=NSE\symbol=SBIN\part-075651_349017-034299.parquet,35727,downloaded,35727,
2026-07-17,NSE,SBIN,raw_l2/trade_date=2026-07-17/exchange=NSE/symbol=SBIN/part-075900_340637-034587.parquet,real_data_sample\l2_unseen_validation\trade_date=2026-07-17\exchange=NSE\symbol=SBIN\part-075900_340637-034587.parquet,35618,downloaded,35618,
2026-07-17,NSE,SBIN,raw_l2/trade_date=2026-07-17/exchange=NSE/symbol=SBIN/part-075705_633571-034331.parquet,real_data_sample\l2_unseen_validation\trade_date=2026-07-17\exchange=NSE\symbol=SBIN\part-075705_633571-034331.parquet,35767,downloaded,35767,
2026-07-17,NSE,SBIN,raw_l2/trade_date=2026-07-17/exchange=NSE/symbol=SBIN/part-075846_108413-034555.parquet,real_data_sample\l2_unseen_validation\trade_date=2026-07-17\exchange=NSE\symbol=SBIN\part-075846_108413-034555.parquet,35665,downloaded,35665,
2026-07-17,NSE,SBIN,raw_l2/trade_date=2026-07-17/exchange=NSE/symbol=SBIN/part-075943_189917-034683.parquet,real_data_sample\l2_unseen_validation\trade_date=2026-07-17\exchange=NSE\symbol=SBIN\part-075943_189917-034683.parquet,35197,downloaded,35197,
2026-07-17,NSE,SBIN,raw_l2/trade_date=2026-07-17/exchange=NSE/symbol=SBIN/part-075831_804625-034523.parquet,real_data_sample\l2_unseen_validation\trade_date=2026-07-17\exchange=NSE\symbol=SBIN\part-075831_804625-034523.parquet,35868,downloaded,35868,
2026-07-17,NSE,SBIN,raw_l2/trade_date=2026-07-17/exchange=NSE/symbol=SBIN/part-075914_638589-034619.parquet,real_data_sample\l2_unseen_validation\trade_date=2026-07-17\exchange=NSE\symbol=SBIN\part-075914_638589-034619.parquet,35850,downloaded,35850,
2026-07-17,NSE,SBIN,raw_l2/trade_date=2026-07-17/exchange=NSE/symbol=SBIN/part-075928_850752-034651.parquet,real_data_sample\l2_unseen_validation\trade_date=2026-07-17\exchange=NSE\symbol=SBIN\part-075928_850752-034651.parquet,35459,downloaded,35459,
2026-07-17,NSE,SBIN,raw_l2/trade_date=2026-07-17/exchange=NSE/symbol=SBIN/part-080012_758102-034747.parquet,real_data_sample\l2_unseen_validation\trade_date=2026-07-17\exchange=NSE\symbol=SBIN\part-080012_758102-034747.parquet,36130,downloaded,36130,
2026-07-17,NSE,SBIN,raw_l2/trade_date=2026-07-17/exchange=NSE/symbol=SBIN/part-075958_011424-034715.parquet,real_data_sample\l2_unseen_validation\trade_date=2026-07-17\exchange=NSE\symbol=SBIN\part-075958_011424-034715.parquet,35856,downloaded,35856,
2026-07-17,NSE,SBIN,raw_l2/trade_date=2026-07-17/exchange=NSE/symbol=SBIN/part-080041_586234-034811.parquet,real_data_sample\l2_unseen_validation\trade_date=2026-07-17\exchange=NSE\symbol=SBIN\part-080041_586234-034811.parquet,36048,downloaded,36048,
2026-07-17,NSE,SBIN,raw_l2/trade_date=2026-07-17/exchange=NSE/symbol=SBIN/part-080110_366216-034875.parquet,real_data_sample\l2_unseen_validation\trade_date=2026-07-17\exchange=NSE\symbol=SBIN\part-080110_366216-034875.parquet,36215,downloaded,36215,
2026-07-17,NSE,SBIN,raw_l2/trade_date=2026-07-17/exchange=NSE/symbol=SBIN/part-080138_809434-034939.parquet,real_data_sample\l2_unseen_validation\trade_date=2026-07-17\exchange=NSE\symbol=SBIN\part-080138_809434-034939.parquet,35912,downloaded,35912,
2026-07-17,NSE,SBIN,raw_l2/trade_date=2026-07-17/exchange=NSE/symbol=SBIN/part-080124_559387-034907.parquet,real_data_sample\l2_unseen_validation\trade_date=2026-07-17\exchange=NSE\symbol=SBIN\part-080124_559387-034907.parquet,36390,downloaded,36390,
2026-07-17,NSE,SBIN,raw_l2/trade_date=2026-07-17/exchange=NSE/symbol=SBIN/part-080153_323671-034971.parquet,real_data_sample\l2_unseen_validation\trade_date=2026-07-17\exchange=NSE\symbol=SBIN\part-080153_323671-034971.parquet,35454,downloaded,35454,
2026-07-17,NSE,SBIN,raw_l2/trade_date=2026-07-17/exchange=NSE/symbol=SBIN/part-080221_741752-035035.parquet,real_data_sample\l2_unseen_validation\trade_date=2026-07-17\exchange=NSE\symbol=SBIN\part-080221_741752-035035.parquet,35626,downloaded,35626,
2026-07-17,NSE,SBIN,raw_l2/trade_date=2026-07-17/exchange=NSE/symbol=SBIN/part-080207_675313-035003.parquet,real_data_sample\l2_unseen_validation\trade_date=2026-07-17\exchange=NSE\symbol=SBIN\part-080207_675313-035003.parquet,35552,downloaded,35552,
2026-07-17,NSE,SBIN,raw_l2/trade_date=2026-07-17/exchange=NSE/symbol=SBIN/part-080027_356459-034779.parquet,real_data_sample\l2_unseen_validation\trade_date=2026-07-17\exchange=NSE\symbol=SBIN\part-080027_356459-034779.parquet,36062,downloaded,36062,
2026-07-17,NSE,SBIN,raw_l2/trade_date=2026-07-17/exchange=NSE/symbol=SBIN/part-080056_100012-034843.parquet,real_data_sample\l2_unseen_validation\trade_date=2026-07-17\exchange=NSE\symbol=SBIN\part-080056_100012-034843.parquet,35940,downloaded,35940,
2026-07-17,NSE,SBIN,raw_l2/trade_date=2026-07-17/exchange=NSE/symbol=SBIN/part-080319_665736-035163.parquet,real_data_sample\l2_unseen_validation\trade_date=2026-07-17\exchange=NSE\symbol=SBIN\part-080319_665736-035163.parquet,35907,downloaded,35907,
2026-07-17,NSE,SBIN,raw_l2/trade_date=2026-07-17/exchange=NSE/symbol=SBIN/part-080417_757075-035291.parquet,real_data_sample\l2_unseen_validation\trade_date=2026-07-17\exchange=NSE\symbol=SBIN\part-080417_757075-035291.parquet,36363,downloaded,36363,
2026-07-17,NSE,SBIN,raw_l2/trade_date=2026-07-17/exchange=NSE/symbol=SBIN/part-080403_631976-035259.parquet,real_data_sample\l2_unseen_validation\trade_date=2026-07-17\exchange=NSE\symbol=SBIN\part-080403_631976-035259.parquet,35855,downloaded,35855,
2026-07-17,NSE,SBIN,raw_l2/trade_date=2026-07-17/exchange=NSE/symbol=SBIN/part-080434_829357-035323.parquet,real_data_sample\l2_unseen_validation\trade_date=2026-07-17\exchange=NSE\symbol=SBIN\part-080434_829357-035323.parquet,36293,downloaded,36293,
2026-07-17,NSE,SBIN,raw_l2/trade_date=2026-07-17/exchange=NSE/symbol=SBIN/part-080630_602396-035579.parquet,real_data_sample\l2_unseen_validation\trade_date=2026-07-17\exchange=NSE\symbol=SBIN\part-080630_602396-035579.parquet,36144,downloaded,36144,
2026-07-17,NSE,SBIN,raw_l2/trade_date=2026-07-17/exchange=NSE/symbol=SBIN/part-080333_993222-035195.parquet,real_data_sample\l2_unseen_validation\trade_date=2026-07-17\exchange=NSE\symbol=SBIN\part-080333_993222-035195.parquet,36236,downloaded,36236,
2026-07-17,NSE,SBIN,raw_l2/trade_date=2026-07-17/exchange=NSE/symbol=SBIN/part-080644_896292-035611.parquet,real_data_sample\l2_unseen_validation\trade_date=2026-07-17\exchange=NSE\symbol=SBIN\part-080644_896292-035611.parquet,36170,downloaded,36170,
2026-07-17,NSE,SBIN,raw_l2/trade_date=2026-07-17/exchange=NSE/symbol=SBIN/part-080504_012374-035387.parquet,real_data_sample\l2_unseen_validation\trade_date=2026-07-17\exchange=NSE\symbol=SBIN\part-080504_012374-035387.parquet,35887,downloaded,35887,
2026-07-17,NSE,SBIN,raw_l2/trade_date=2026-07-17/exchange=NSE/symbol=SBIN/part-080533_539517-035451.parquet,real_data_sample\l2_unseen_validation\trade_date=2026-07-17\exchange=NSE\symbol=SBIN\part-080533_539517-035451.parquet,36042,downloaded,36042,
2026-07-17,NSE,SBIN,raw_l2/trade_date=2026-07-17/exchange=NSE/symbol=SBIN/part-080348_846667-035227.parquet,real_data_sample\l2_unseen_validation\trade_date=2026-07-17\exchange=NSE\symbol=SBIN\part-080348_846667-035227.parquet,36048,downloaded,36048,
2026-07-17,NSE,SBIN,raw_l2/trade_date=2026-07-17/exchange=NSE/symbol=SBIN/part-080449_550137-035355.parquet,real_data_sample\l2_unseen_validation\trade_date=2026-07-17\exchange=NSE\symbol=SBIN\part-080449_550137-035355.parquet,36302,downloaded,36302,
2026-07-17,NSE,SBIN,raw_l2/trade_date=2026-07-17/exchange=NSE/symbol=SBIN/part-080616_034979-035547.parquet,real_data_sample\l2_unseen_validation\trade_date=2026-07-17\exchange=NSE\symbol=SBIN\part-080616_034979-035547.parquet,35719,downloaded,35719,
2026-07-17,NSE,SBIN,raw_l2/trade_date=2026-07-17/exchange=NSE/symbol=SBIN/part-080236_693410-035067.parquet,real_data_sample\l2_unseen_validation\trade_date=2026-07-17\exchange=NSE\symbol=SBIN\part-080236_693410-035067.parquet,35854,downloaded,35854,
2026-07-17,NSE,SBIN,raw_l2/trade_date=2026-07-17/exchange=NSE/symbol=SBIN/part-080518_377528-035419.parquet,real_data_sample\l2_unseen_validation\trade_date=2026-07-17\exchange=NSE\symbol=SBIN\part-080518_377528-035419.parquet,36390,downloaded,36390,
2026-07-17,NSE,SBIN,raw_l2/trade_date=2026-07-17/exchange=NSE/symbol=SBIN/part-080547_673358-035483.parquet,real_data_sample\l2_unseen_validation\trade_date=2026-07-17\exchange=NSE\symbol=SBIN\part-080547_673358-035483.parquet,35934,downloaded,35934,
2026-07-17,NSE,SBIN,raw_l2/trade_date=2026-07-17/exchange=NSE/symbol=SBIN/part-080601_878504-035515.parquet,real_data_sample\l2_unseen_validation\trade_date=2026-07-17\exchange=NSE\symbol=SBIN\part-080601_878504-035515.parquet,36090,downloaded,36090,
2026-07-17,NSE,SBIN,raw_l2/trade_date=2026-07-17/exchange=NSE/symbol=SBIN/part-080305_380580-035131.parquet,real_data_sample\l2_unseen_validation\trade_date=2026-07-17\exchange=NSE\symbol=SBIN\part-080305_380580-035131.parquet,36157,downloaded,36157,
2026-07-17,NSE,SBIN,raw_l2/trade_date=2026-07-17/exchange=NSE/symbol=SBIN/part-080659_378173-035643.parquet,real_data_sample\l2_unseen_validation\trade_date=2026-07-17\exchange=NSE\symbol=SBIN\part-080659_378173-035643.parquet,35667,downloaded,35667,
2026-07-17,NSE,SBIN,raw_l2/trade_date=2026-07-17/exchange=NSE/symbol=SBIN/part-080251_197837-035099.parquet,real_data_sample\l2_unseen_validation\trade_date=2026-07-17\exchange=NSE\symbol=SBIN\part-080251_197837-035099.parquet,36199,downloaded,36199,
2026-07-17,NSE,SBIN,raw_l2/trade_date=2026-07-17/exchange=NSE/symbol=SBIN/part-080714_203160-035675.parquet,real_data_sample\l2_unseen_validation\trade_date=2026-07-17\exchange=NSE\symbol=SBIN\part-080714_203160-035675.parquet,35562,downloaded,35562,
2026-07-17,NSE,SBIN,raw_l2/trade_date=2026-07-17/exchange=NSE/symbol=SBIN/part-080728_408849-035707.parquet,real_data_sample\l2_unseen_validation\trade_date=2026-07-17\exchange=NSE\symbol=SBIN\part-080728_408849-035707.parquet,35971,downloaded,35971,
2026-07-17,NSE,SBIN,raw_l2/trade_date=2026-07-17/exchange=NSE/symbol=SBIN/part-080742_938369-035739.parquet,real_data_sample\l2_unseen_validation\trade_date=2026-07-17\exchange=NSE\symbol=SBIN\part-080742_938369-035739.parquet,36091,downloaded,36091,
2026-07-17,NSE,SBIN,raw_l2/trade_date=2026-07-17/exchange=NSE/symbol=SBIN/part-080757_774240-035771.parquet,real_data_sample\l2_unseen_validation\trade_date=2026-07-17\exchange=NSE\symbol=SBIN\part-080757_774240-035771.parquet,35523,downloaded,35523,
2026-07-17,NSE,SBIN,raw_l2/trade_date=2026-07-17/exchange=NSE/symbol=SBIN/part-080856_090518-035899.parquet,real_data_sample\l2_unseen_validation\trade_date=2026-07-17\exchange=NSE\symbol=SBIN\part-080856_090518-035899.parquet,34853,downloaded,34853,
2026-07-17,NSE,SBIN,raw_l2/trade_date=2026-07-17/exchange=NSE/symbol=SBIN/part-080925_844291-035963.parquet,real_data_sample\l2_unseen_validation\trade_date=2026-07-17\exchange=NSE\symbol=SBIN\part-080925_844291-035963.parquet,34922,downloaded,34922,
2026-07-17,NSE,SBIN,raw_l2/trade_date=2026-07-17/exchange=NSE/symbol=SBIN/part-080841_449038-035867.parquet,real_data_sample\l2_unseen_validation\trade_date=2026-07-17\exchange=NSE\symbol=SBIN\part-080841_449038-035867.parquet,34661,downloaded,34661,
2026-07-17,NSE,SBIN,raw_l2/trade_date=2026-07-17/exchange=NSE/symbol=SBIN/part-080910_664732-035931.parquet,real_data_sample\l2_unseen_validation\trade_date=2026-07-17\exchange=NSE\symbol=SBIN\part-080910_664732-035931.parquet,34637,downloaded,34637,
2026-07-17,NSE,SBIN,raw_l2/trade_date=2026-07-17/exchange=NSE/symbol=SBIN/part-081025_145430-036091.parquet,real_data_sample\l2_unseen_validation\trade_date=2026-07-17\exchange=NSE\symbol=SBIN\part-081025_145430-036091.parquet,36432,downloaded,36432,
2026-07-17,NSE,SBIN,raw_l2/trade_date=2026-07-17/exchange=NSE/symbol=SBIN/part-081053_705226-036155.parquet,real_data_sample\l2_unseen_validation\trade_date=2026-07-17\exchange=NSE\symbol=SBIN\part-081053_705226-036155.parquet,35954,downloaded,35954,
2026-07-17,NSE,SBIN,raw_l2/trade_date=2026-07-17/exchange=NSE/symbol=SBIN/part-080954_937628-036027.parquet,real_data_sample\l2_unseen_validation\trade_date=2026-07-17\exchange=NSE\symbol=SBIN\part-080954_937628-036027.parquet,34944,downloaded,34944,
2026-07-17,NSE,SBIN,raw_l2/trade_date=2026-07-17/exchange=NSE/symbol=SBIN/part-080940_350487-035995.parquet,real_data_sample\l2_unseen_validation\trade_date=2026-07-17\exchange=NSE\symbol=SBIN\part-080940_350487-035995.parquet,34906,downloaded,34906,
2026-07-17,NSE,SBIN,raw_l2/trade_date=2026-07-17/exchange=NSE/symbol=SBIN/part-081010_105370-036059.parquet,real_data_sample\l2_unseen_validation\trade_date=2026-07-17\exchange=NSE\symbol=SBIN\part-081010_105370-036059.parquet,34903,downloaded,34903,
2026-07-17,NSE,SBIN,raw_l2/trade_date=2026-07-17/exchange=NSE/symbol=SBIN/part-081121_895529-036219.parquet,real_data_sample\l2_unseen_validation\trade_date=2026-07-17\exchange=NSE\symbol=SBIN\part-081121_895529-036219.parquet,35862,downloaded,35862,
2026-07-17,NSE,SBIN,raw_l2/trade_date=2026-07-17/exchange=NSE/symbol=SBIN/part-081218_293643-036347.parquet,real_data_sample\l2_unseen_validation\trade_date=2026-07-17\exchange=NSE\symbol=SBIN\part-081218_293643-036347.parquet,35336,downloaded,35336,
2026-07-17,NSE,SBIN,raw_l2/trade_date=2026-07-17/exchange=NSE/symbol=SBIN/part-081330_557591-036507.parquet,real_data_sample\l2_unseen_validation\trade_date=2026-07-17\exchange=NSE\symbol=SBIN\part-081330_557591-036507.parquet,35505,downloaded,35505,
2026-07-17,NSE,SBIN,raw_l2/trade_date=2026-07-17/exchange=NSE/symbol=SBIN/part-081039_532944-036123.parquet,real_data_sample\l2_unseen_validation\trade_date=2026-07-17\exchange=NSE\symbol=SBIN\part-081039_532944-036123.parquet,36537,downloaded,36537,
2026-07-17,NSE,SBIN,raw_l2/trade_date=2026-07-17/exchange=NSE/symbol=SBIN/part-081135_910012-036251.parquet,real_data_sample\l2_unseen_validation\trade_date=2026-07-17\exchange=NSE\symbol=SBIN\part-081135_910012-036251.parquet,35999,downloaded,35999,
2026-07-17,NSE,SBIN,raw_l2/trade_date=2026-07-17/exchange=NSE/symbol=SBIN/part-081107_782379-036187.parquet,real_data_sample\l2_unseen_validation\trade_date=2026-07-17\exchange=NSE\symbol=SBIN\part-081107_782379-036187.parquet,35734,downloaded,35734,
2026-07-17,NSE,SBIN,raw_l2/trade_date=2026-07-17/exchange=NSE/symbol=SBIN/part-081232_666094-036379.parquet,real_data_sample\l2_unseen_validation\trade_date=2026-07-17\exchange=NSE\symbol=SBIN\part-081232_666094-036379.parquet,35811,downloaded,35811,
2026-07-17,NSE,SBIN,raw_l2/trade_date=2026-07-17/exchange=NSE/symbol=SBIN/part-081247_031123-036411.parquet,real_data_sample\l2_unseen_validation\trade_date=2026-07-17\exchange=NSE\symbol=SBIN\part-081247_031123-036411.parquet,36076,downloaded,36076,
2026-07-17,NSE,SBIN,raw_l2/trade_date=2026-07-17/exchange=NSE/symbol=SBIN/part-081301_932032-036443.parquet,real_data_sample\l2_unseen_validation\trade_date=2026-07-17\exchange=NSE\symbol=SBIN\part-081301_932032-036443.parquet,35836,downloaded,35836,
2026-07-17,NSE,SBIN,raw_l2/trade_date=2026-07-17/exchange=NSE/symbol=SBIN/part-081204_272077-036315.parquet,real_data_sample\l2_unseen_validation\trade_date=2026-07-17\exchange=NSE\symbol=SBIN\part-081204_272077-036315.parquet,35524,downloaded,35524,
2026-07-17,NSE,SBIN,raw_l2/trade_date=2026-07-17/exchange=NSE/symbol=SBIN/part-081316_486001-036475.parquet,real_data_sample\l2_unseen_validation\trade_date=2026-07-17\exchange=NSE\symbol=SBIN\part-081316_486001-036475.parquet,35573,downloaded,35573,
2026-07-17,NSE,SBIN,raw_l2/trade_date=2026-07-17/exchange=NSE/symbol=SBIN/part-081150_105470-036283.parquet,real_data_sample\l2_unseen_validation\trade_date=2026-07-17\exchange=NSE\symbol=SBIN\part-081150_105470-036283.parquet,35858,downloaded,35858,
2026-07-17,NSE,SBIN,raw_l2/trade_date=2026-07-17/exchange=NSE/symbol=SBIN/part-080812_465860-035803.parquet,real_data_sample\l2_unseen_validation\trade_date=2026-07-17\exchange=NSE\symbol=SBIN\part-080812_465860-035803.parquet,36011,downloaded,36011,
2026-07-17,NSE,SBIN,raw_l2/trade_date=2026-07-17/exchange=NSE/symbol=SBIN/part-081344_719625-036539.parquet,real_data_sample\l2_unseen_validation\trade_date=2026-07-17\exchange=NSE\symbol=SBIN\part-081344_719625-036539.parquet,36038,downloaded,36038,
2026-07-17,NSE,SBIN,raw_l2/trade_date=2026-07-17/exchange=NSE/symbol=SBIN/part-081359_107886-036571.parquet,real_data_sample\l2_unseen_validation\trade_date=2026-07-17\exchange=NSE\symbol=SBIN\part-081359_107886-036571.parquet,35661,downloaded,35661,
2026-07-17,NSE,SBIN,raw_l2/trade_date=2026-07-17/exchange=NSE/symbol=SBIN/part-080826_769206-035835.parquet,real_data_sample\l2_unseen_validation\trade_date=2026-07-17\exchange=NSE\symbol=SBIN\part-080826_769206-035835.parquet,34954,downloaded,34954,
2026-07-17,NSE,SBIN,raw_l2/trade_date=2026-07-17/exchange=NSE/symbol=SBIN/part-081427_516057-036635.parquet,real_data_sample\l2_unseen_validation\trade_date=2026-07-17\exchange=NSE\symbol=SBIN\part-081427_516057-036635.parquet,36103,downloaded,36103,
2026-07-17,NSE,SBIN,raw_l2/trade_date=2026-07-17/exchange=NSE/symbol=SBIN/part-081441_747181-036667.parquet,real_data_sample\l2_unseen_validation\trade_date=2026-07-17\exchange=NSE\symbol=SBIN\part-081441_747181-036667.parquet,35896,downloaded,35896,
2026-07-17,NSE,SBIN,raw_l2/trade_date=2026-07-17/exchange=NSE/symbol=SBIN/part-081455_609271-036699.parquet,real_data_sample\l2_unseen_validation\trade_date=2026-07-17\exchange=NSE\symbol=SBIN\part-081455_609271-036699.parquet,35793,downloaded,35793,
2026-07-17,NSE,SBIN,raw_l2/trade_date=2026-07-17/exchange=NSE/symbol=SBIN/part-081413_383953-036603.parquet,real_data_sample\l2_unseen_validation\trade_date=2026-07-17\exchange=NSE\symbol=SBIN\part-081413_383953-036603.parquet,36023,downloaded,36023,
2026-07-17,NSE,SBIN,raw_l2/trade_date=2026-07-17/exchange=NSE/symbol=SBIN/part-081537_960976-036795.parquet,real_data_sample\l2_unseen_validation\trade_date=2026-07-17\exchange=NSE\symbol=SBIN\part-081537_960976-036795.parquet,36071,downloaded,36071,
2026-07-17,NSE,SBIN,raw_l2/trade_date=2026-07-17/exchange=NSE/symbol=SBIN/part-081509_775121-036731.parquet,real_data_sample\l2_unseen_validation\trade_date=2026-07-17\exchange=NSE\symbol=SBIN\part-081509_775121-036731.parquet,36089,downloaded,36089,
2026-07-17,NSE,SBIN,raw_l2/trade_date=2026-07-17/exchange=NSE/symbol=SBIN/part-081745_690591-037083.parquet,real_data_sample\l2_unseen_validation\trade_date=2026-07-17\exchange=NSE\symbol=SBIN\part-081745_690591-037083.parquet,34632,downloaded,34632,
2026-07-17,NSE,SBIN,raw_l2/trade_date=2026-07-17/exchange=NSE/symbol=SBIN/part-081759_733035-037115.parquet,real_data_sample\l2_unseen_validation\trade_date=2026-07-17\exchange=NSE\symbol=SBIN\part-081759_733035-037115.parquet,34815,downloaded,34815,
2026-07-17,NSE,SBIN,raw_l2/trade_date=2026-07-17/exchange=NSE/symbol=SBIN/part-081814_315628-037147.parquet,real_data_sample\l2_unseen_validation\trade_date=2026-07-17\exchange=NSE\symbol=SBIN\part-081814_315628-037147.parquet,34976,downloaded,34976,
2026-07-17,NSE,SBIN,raw_l2/trade_date=2026-07-17/exchange=NSE/symbol=SBIN/part-081716_486324-037019.parquet,real_data_sample\l2_unseen_validation\trade_date=2026-07-17\exchange=NSE\symbol=SBIN\part-081716_486324-037019.parquet,35973,downloaded,35973,
2026-07-17,NSE,SBIN,raw_l2/trade_date=2026-07-17/exchange=NSE/symbol=SBIN/part-081648_084916-036955.parquet,real_data_sample\l2_unseen_validation\trade_date=2026-07-17\exchange=NSE\symbol=SBIN\part-081648_084916-036955.parquet,35644,downloaded,35644,
2026-07-17,NSE,SBIN,raw_l2/trade_date=2026-07-17/exchange=NSE/symbol=SBIN/part-081702_216953-036987.parquet,real_data_sample\l2_unseen_validation\trade_date=2026-07-17\exchange=NSE\symbol=SBIN\part-081702_216953-036987.parquet,35181,downloaded,35181,
2026-07-17,NSE,SBIN,raw_l2/trade_date=2026-07-17/exchange=NSE/symbol=SBIN/part-081731_384795-037051.parquet,real_data_sample\l2_unseen_validation\trade_date=2026-07-17\exchange=NSE\symbol=SBIN\part-081731_384795-037051.parquet,34844,downloaded,34844,
2026-07-17,NSE,SBIN,raw_l2/trade_date=2026-07-17/exchange=NSE/symbol=SBIN/part-081633_944495-036923.parquet,real_data_sample\l2_unseen_validation\trade_date=2026-07-17\exchange=NSE\symbol=SBIN\part-081633_944495-036923.parquet,35930,downloaded,35930,
2026-07-17,NSE,SBIN,raw_l2/trade_date=2026-07-17/exchange=NSE/symbol=SBIN/part-081843_244109-037211.parquet,real_data_sample\l2_unseen_validation\trade_date=2026-07-17\exchange=NSE\symbol=SBIN\part-081843_244109-037211.parquet,36225,downloaded,36225,
2026-07-17,NSE,SBIN,raw_l2/trade_date=2026-07-17/exchange=NSE/symbol=SBIN/part-081551_884710-036827.parquet,real_data_sample\l2_unseen_validation\trade_date=2026-07-17\exchange=NSE\symbol=SBIN\part-081551_884710-036827.parquet,35729,downloaded,35729,
2026-07-17,NSE,SBIN,raw_l2/trade_date=2026-07-17/exchange=NSE/symbol=SBIN/part-081605_974505-036859.parquet,real_data_sample\l2_unseen_validation\trade_date=2026-07-17\exchange=NSE\symbol=SBIN\part-081605_974505-036859.parquet,36071,downloaded,36071,
2026-07-17,NSE,SBIN,raw_l2/trade_date=2026-07-17/exchange=NSE/symbol=SBIN/part-081523_968347-036763.parquet,real_data_sample\l2_unseen_validation\trade_date=2026-07-17\exchange=NSE\symbol=SBIN\part-081523_968347-036763.parquet,36064,downloaded,36064,
2026-07-17,NSE,SBIN,raw_l2/trade_date=2026-07-17/exchange=NSE/symbol=SBIN/part-081619_888392-036891.parquet,real_data_sample\l2_unseen_validation\trade_date=2026-07-17\exchange=NSE\symbol=SBIN\part-081619_888392-036891.parquet,36004,downloaded,36004,
2026-07-17,NSE,SBIN,raw_l2/trade_date=2026-07-17/exchange=NSE/symbol=SBIN/part-081828_582740-037179.parquet,real_data_sample\l2_unseen_validation\trade_date=2026-07-17\exchange=NSE\symbol=SBIN\part-081828_582740-037179.parquet,35983,downloaded,35983,
2026-07-17,NSE,SBIN,raw_l2/trade_date=2026-07-17/exchange=NSE/symbol=SBIN/part-081857_244047-037243.parquet,real_data_sample\l2_unseen_validation\trade_date=2026-07-17\exchange=NSE\symbol=SBIN\part-081857_244047-037243.parquet,35776,downloaded,35776,
2026-07-17,NSE,SBIN,raw_l2/trade_date=2026-07-17/exchange=NSE/symbol=SBIN/part-081925_693741-037307.parquet,real_data_sample\l2_unseen_validation\trade_date=2026-07-17\exchange=NSE\symbol=SBIN\part-081925_693741-037307.parquet,34702,downloaded,34702,
2026-07-17,NSE,SBIN,raw_l2/trade_date=2026-07-17/exchange=NSE/symbol=SBIN/part-081940_026013-037339.parquet,real_data_sample\l2_unseen_validation\trade_date=2026-07-17\exchange=NSE\symbol=SBIN\part-081940_026013-037339.parquet,34831,downloaded,34831,
2026-07-17,NSE,SBIN,raw_l2/trade_date=2026-07-17/exchange=NSE/symbol=SBIN/part-082008_214994-037403.parquet,real_data_sample\l2_unseen_validation\trade_date=2026-07-17\exchange=NSE\symbol=SBIN\part-082008_214994-037403.parquet,34864,downloaded,34864,
2026-07-17,NSE,SBIN,raw_l2/trade_date=2026-07-17/exchange=NSE/symbol=SBIN/part-082022_679312-037435.parquet,real_data_sample\l2_unseen_validation\trade_date=2026-07-17\exchange=NSE\symbol=SBIN\part-082022_679312-037435.parquet,34728,downloaded,34728,
2026-07-17,NSE,SBIN,raw_l2/trade_date=2026-07-17/exchange=NSE/symbol=SBIN/part-082037_283033-037467.parquet,real_data_sample\l2_unseen_validation\trade_date=2026-07-17\exchange=NSE\symbol=SBIN\part-082037_283033-037467.parquet,34891,downloaded,34891,
2026-07-17,NSE,SBIN,raw_l2/trade_date=2026-07-17/exchange=NSE/symbol=SBIN/part-082052_364464-037499.parquet,real_data_sample\l2_unseen_validation\trade_date=2026-07-17\exchange=NSE\symbol=SBIN\part-082052_364464-037499.parquet,34638,downloaded,34638,
2026-07-17,NSE,SBIN,raw_l2/trade_date=2026-07-17/exchange=NSE/symbol=SBIN/part-075111_495083-033531.parquet,real_data_sample\l2_unseen_validation\trade_date=2026-07-17\exchange=NSE\symbol=SBIN\part-075111_495083-033531.parquet,36015,downloaded,36015,
2026-07-17,NSE,SBIN,raw_l2/trade_date=2026-07-17/exchange=NSE/symbol=SBIN/part-081911_237134-037275.parquet,real_data_sample\l2_unseen_validation\trade_date=2026-07-17\exchange=NSE\symbol=SBIN\part-081911_237134-037275.parquet,36185,downloaded,36185,
2026-07-17,NSE,SBIN,raw_l2/trade_date=2026-07-17/exchange=NSE/symbol=SBIN/part-081954_202467-037371.parquet,real_data_sample\l2_unseen_validation\trade_date=2026-07-17\exchange=NSE\symbol=SBIN\part-081954_202467-037371.parquet,34513,downloaded,34513,
2026-07-17,NSE,SBIN,raw_l2/trade_date=2026-07-17/exchange=NSE/symbol=SBIN/part-082149_562997-037627.parquet,real_data_sample\l2_unseen_validation\trade_date=2026-07-17\exchange=NSE\symbol=SBIN\part-082149_562997-037627.parquet,34842,downloaded,34842,
2026-07-17,NSE,SBIN,raw_l2/trade_date=2026-07-17/exchange=NSE/symbol=SBIN/part-082343_112842-037883.parquet,real_data_sample\l2_unseen_validation\trade_date=2026-07-17\exchange=NSE\symbol=SBIN\part-082343_112842-037883.parquet,34937,downloaded,34937,
2026-07-17,NSE,SBIN,raw_l2/trade_date=2026-07-17/exchange=NSE/symbol=SBIN/part-082521_888185-038107.parquet,real_data_sample\l2_unseen_validation\trade_date=2026-07-17\exchange=NSE\symbol=SBIN\part-082521_888185-038107.parquet,34555,downloaded,34555,
2026-07-17,NSE,SBIN,raw_l2/trade_date=2026-07-17/exchange=NSE/symbol=SBIN/part-074849_962753-033211.parquet,real_data_sample\l2_unseen_validation\trade_date=2026-07-17\exchange=NSE\symbol=SBIN\part-074849_962753-033211.parquet,34938,downloaded,34938,
2026-07-17,NSE,SBIN,raw_l2/trade_date=2026-07-17/exchange=NSE/symbol=SBIN/part-082507_751837-038075.parquet,real_data_sample\l2_unseen_validation\trade_date=2026-07-17\exchange=NSE\symbol=SBIN\part-082507_751837-038075.parquet,34747,downloaded,34747,
2026-07-17,NSE,SBIN,raw_l2/trade_date=2026-07-17/exchange=NSE/symbol=SBIN/part-082411_372363-037947.parquet,real_data_sample\l2_unseen_validation\trade_date=2026-07-17\exchange=NSE\symbol=SBIN\part-082411_372363-037947.parquet,34732,downloaded,34732,
2026-07-17,NSE,SBIN,raw_l2/trade_date=2026-07-17/exchange=NSE/symbol=SBIN/part-082329_092966-037851.parquet,real_data_sample\l2_unseen_validation\trade_date=2026-07-17\exchange=NSE\symbol=SBIN\part-082329_092966-037851.parquet,34915,downloaded,34915,
2026-07-17,NSE,SBIN,raw_l2/trade_date=2026-07-17/exchange=NSE/symbol=SBIN/part-082425_516288-037979.parquet,real_data_sample\l2_unseen_validation\trade_date=2026-07-17\exchange=NSE\symbol=SBIN\part-082425_516288-037979.parquet,34724,downloaded,34724,
2026-07-17,NSE,SBIN,raw_l2/trade_date=2026-07-17/exchange=NSE/symbol=SBIN/part-082536_163743-038139.parquet,real_data_sample\l2_unseen_validation\trade_date=2026-07-17\exchange=NSE\symbol=SBIN\part-082536_163743-038139.parquet,34993,downloaded,34993,
2026-07-17,NSE,SBIN,raw_l2/trade_date=2026-07-17/exchange=NSE/symbol=SBIN/part-082453_688035-038043.parquet,real_data_sample\l2_unseen_validation\trade_date=2026-07-17\exchange=NSE\symbol=SBIN\part-082453_688035-038043.parquet,34703,downloaded,34703,
2026-07-17,NSE,SBIN,raw_l2/trade_date=2026-07-17/exchange=NSE/symbol=SBIN/part-082605_094145-038203.parquet,real_data_sample\l2_unseen_validation\trade_date=2026-07-17\exchange=NSE\symbol=SBIN\part-082605_094145-038203.parquet,34707,downloaded,34707,
2026-07-17,NSE,SBIN,raw_l2/trade_date=2026-07-17/exchange=NSE/symbol=SBIN/part-082619_345670-038235.parquet,real_data_sample\l2_unseen_validation\trade_date=2026-07-17\exchange=NSE\symbol=SBIN\part-082619_345670-038235.parquet,34691,downloaded,34691,
2026-07-17,NSE,SBIN,raw_l2/trade_date=2026-07-17/exchange=NSE/symbol=SBIN/part-082550_712256-038171.parquet,real_data_sample\l2_unseen_validation\trade_date=2026-07-17\exchange=NSE\symbol=SBIN\part-082550_712256-038171.parquet,34863,downloaded,34863,
2026-07-17,NSE,SBIN,raw_l2/trade_date=2026-07-17/exchange=NSE/symbol=SBIN/part-075139_787306-033595.parquet,real_data_sample\l2_unseen_validation\trade_date=2026-07-17\exchange=NSE\symbol=SBIN\part-075139_787306-033595.parquet,36705,downloaded,36705,
2026-07-17,NSE,SBIN,raw_l2/trade_date=2026-07-17/exchange=NSE/symbol=SBIN/part-075154_335286-033627.parquet,real_data_sample\l2_unseen_validation\trade_date=2026-07-17\exchange=NSE\symbol=SBIN\part-075154_335286-033627.parquet,36283,downloaded,36283,
2026-07-17,NSE,SBIN,raw_l2/trade_date=2026-07-17/exchange=NSE/symbol=SBIN/part-082730_530266-038395.parquet,real_data_sample\l2_unseen_validation\trade_date=2026-07-17\exchange=NSE\symbol=SBIN\part-082730_530266-038395.parquet,34899,downloaded,34899,
2026-07-17,NSE,SBIN,raw_l2/trade_date=2026-07-17/exchange=NSE/symbol=SBIN/part-082744_876333-038427.parquet,real_data_sample\l2_unseen_validation\trade_date=2026-07-17\exchange=NSE\symbol=SBIN\part-082744_876333-038427.parquet,34595,downloaded,34595,
2026-07-17,NSE,SBIN,raw_l2/trade_date=2026-07-17/exchange=NSE/symbol=SBIN/part-082940_771936-038683.parquet,real_data_sample\l2_unseen_validation\trade_date=2026-07-17\exchange=NSE\symbol=SBIN\part-082940_771936-038683.parquet,35035,downloaded,35035,
2026-07-17,NSE,SBIN,raw_l2/trade_date=2026-07-17/exchange=NSE/symbol=SBIN/part-082955_338213-038715.parquet,real_data_sample\l2_unseen_validation\trade_date=2026-07-17\exchange=NSE\symbol=SBIN\part-082955_338213-038715.parquet,34907,downloaded,34907,
2026-07-17,NSE,SBIN,raw_l2/trade_date=2026-07-17/exchange=NSE/symbol=SBIN/part-082813_825755-038491.parquet,real_data_sample\l2_unseen_validation\trade_date=2026-07-17\exchange=NSE\symbol=SBIN\part-082813_825755-038491.parquet,34740,downloaded,34740,
2026-07-17,NSE,SBIN,raw_l2/trade_date=2026-07-17/exchange=NSE/symbol=SBIN/part-082842_737395-038555.parquet,real_data_sample\l2_unseen_validation\trade_date=2026-07-17\exchange=NSE\symbol=SBIN\part-082842_737395-038555.parquet,34781,downloaded,34781,
2026-07-17,NSE,SBIN,raw_l2/trade_date=2026-07-17/exchange=NSE/symbol=SBIN/part-082911_831558-038619.parquet,real_data_sample\l2_unseen_validation\trade_date=2026-07-17\exchange=NSE\symbol=SBIN\part-082911_831558-038619.parquet,34708,downloaded,34708,
2026-07-17,NSE,SBIN,raw_l2/trade_date=2026-07-17/exchange=NSE/symbol=SBIN/part-083010_082080-038747.parquet,real_data_sample\l2_unseen_validation\trade_date=2026-07-17\exchange=NSE\symbol=SBIN\part-083010_082080-038747.parquet,34974,downloaded,34974,
2026-07-17,NSE,SBIN,raw_l2/trade_date=2026-07-17/exchange=NSE/symbol=SBIN/part-082716_476639-038363.parquet,real_data_sample\l2_unseen_validation\trade_date=2026-07-17\exchange=NSE\symbol=SBIN\part-082716_476639-038363.parquet,34866,downloaded,34866,
2026-07-17,NSE,SBIN,raw_l2/trade_date=2026-07-17/exchange=NSE/symbol=SBIN/part-082828_380427-038523.parquet,real_data_sample\l2_unseen_validation\trade_date=2026-07-17\exchange=NSE\symbol=SBIN\part-082828_380427-038523.parquet,34612,downloaded,34612,
2026-07-17,NSE,SBIN,raw_l2/trade_date=2026-07-17/exchange=NSE/symbol=SBIN/part-082857_169473-038587.parquet,real_data_sample\l2_unseen_validation\trade_date=2026-07-17\exchange=NSE\symbol=SBIN\part-082857_169473-038587.parquet,34690,downloaded,34690,
2026-07-17,NSE,SBIN,raw_l2/trade_date=2026-07-17/exchange=NSE/symbol=SBIN/part-082633_941471-038267.parquet,real_data_sample\l2_unseen_validation\trade_date=2026-07-17\exchange=NSE\symbol=SBIN\part-082633_941471-038267.parquet,34791,downloaded,34791,
2026-07-17,NSE,SBIN,raw_l2/trade_date=2026-07-17/exchange=NSE/symbol=SBIN/part-082926_324473-038651.parquet,real_data_sample\l2_unseen_validation\trade_date=2026-07-17\exchange=NSE\symbol=SBIN\part-082926_324473-038651.parquet,34608,downloaded,34608,
2026-07-17,NSE,SBIN,raw_l2/trade_date=2026-07-17/exchange=NSE/symbol=SBIN/part-082648_024370-038299.parquet,real_data_sample\l2_unseen_validation\trade_date=2026-07-17\exchange=NSE\symbol=SBIN\part-082648_024370-038299.parquet,34762,downloaded,34762,
2026-07-17,NSE,SBIN,raw_l2/trade_date=2026-07-17/exchange=NSE/symbol=SBIN/part-082702_070033-038331.parquet,real_data_sample\l2_unseen_validation\trade_date=2026-07-17\exchange=NSE\symbol=SBIN\part-082702_070033-038331.parquet,34795,downloaded,34795,
2026-07-17,NSE,SBIN,raw_l2/trade_date=2026-07-17/exchange=NSE/symbol=SBIN/part-082759_306640-038459.parquet,real_data_sample\l2_unseen_validation\trade_date=2026-07-17\exchange=NSE\symbol=SBIN\part-082759_306640-038459.parquet,34655,downloaded,34655,
2026-07-17,NSE,SBIN,raw_l2/trade_date=2026-07-17/exchange=NSE/symbol=SBIN/part-083333_451982-039195.parquet,real_data_sample\l2_unseen_validation\trade_date=2026-07-17\exchange=NSE\symbol=SBIN\part-083333_451982-039195.parquet,34465,downloaded,34465,
2026-07-17,NSE,SBIN,raw_l2/trade_date=2026-07-17/exchange=NSE/symbol=SBIN/part-083249_942298-039099.parquet,real_data_sample\l2_unseen_validation\trade_date=2026-07-17\exchange=NSE\symbol=SBIN\part-083249_942298-039099.parquet,34716,downloaded,34716,
2026-07-17,NSE,SBIN,raw_l2/trade_date=2026-07-17/exchange=NSE/symbol=SBIN/part-083024_386040-038779.parquet,real_data_sample\l2_unseen_validation\trade_date=2026-07-17\exchange=NSE\symbol=SBIN\part-083024_386040-038779.parquet,35868,downloaded,35868,
2026-07-17,NSE,SBIN,raw_l2/trade_date=2026-07-17/exchange=NSE/symbol=SBIN/part-083122_549185-038907.parquet,real_data_sample\l2_unseen_validation\trade_date=2026-07-17\exchange=NSE\symbol=SBIN\part-083122_549185-038907.parquet,35154,downloaded,35154,
2026-07-17,NSE,SBIN,raw_l2/trade_date=2026-07-17/exchange=NSE/symbol=SBIN/part-083038_735633-038811.parquet,real_data_sample\l2_unseen_validation\trade_date=2026-07-17\exchange=NSE\symbol=SBIN\part-083038_735633-038811.parquet,35888,downloaded,35888,
2026-07-17,NSE,SBIN,raw_l2/trade_date=2026-07-17/exchange=NSE/symbol=SBIN/part-083137_245164-038939.parquet,real_data_sample\l2_unseen_validation\trade_date=2026-07-17\exchange=NSE\symbol=SBIN\part-083137_245164-038939.parquet,34750,downloaded,34750,
2026-07-17,NSE,SBIN,raw_l2/trade_date=2026-07-17/exchange=NSE/symbol=SBIN/part-083235_319932-039067.parquet,real_data_sample\l2_unseen_validation\trade_date=2026-07-17\exchange=NSE\symbol=SBIN\part-083235_319932-039067.parquet,34855,downloaded,34855,
2026-07-17,NSE,SBIN,raw_l2/trade_date=2026-07-17/exchange=NSE/symbol=SBIN/part-083151_545773-038971.parquet,real_data_sample\l2_unseen_validation\trade_date=2026-07-17\exchange=NSE\symbol=SBIN\part-083151_545773-038971.parquet,34871,downloaded,34871,
2026-07-17,NSE,SBIN,raw_l2/trade_date=2026-07-17/exchange=NSE/symbol=SBIN/part-083304_523066-039131.parquet,real_data_sample\l2_unseen_validation\trade_date=2026-07-17\exchange=NSE\symbol=SBIN\part-083304_523066-039131.parquet,35001,downloaded,35001,
2026-07-17,NSE,SBIN,raw_l2/trade_date=2026-07-17/exchange=NSE/symbol=SBIN/part-083205_930237-039003.parquet,real_data_sample\l2_unseen_validation\trade_date=2026-07-17\exchange=NSE\symbol=SBIN\part-083205_930237-039003.parquet,34762,downloaded,34762,
2026-07-17,NSE,SBIN,raw_l2/trade_date=2026-07-17/exchange=NSE/symbol=SBIN/part-083107_767773-038875.parquet,real_data_sample\l2_unseen_validation\trade_date=2026-07-17\exchange=NSE\symbol=SBIN\part-083107_767773-038875.parquet,35757,downloaded,35757,
2026-07-17,NSE,SBIN,raw_l2/trade_date=2026-07-17/exchange=NSE/symbol=SBIN/part-083053_067079-038843.parquet,real_data_sample\l2_unseen_validation\trade_date=2026-07-17\exchange=NSE\symbol=SBIN\part-083053_067079-038843.parquet,35653,downloaded,35653,
2026-07-17,NSE,SBIN,raw_l2/trade_date=2026-07-17/exchange=NSE/symbol=SBIN/part-083220_714059-039035.parquet,real_data_sample\l2_unseen_validation\trade_date=2026-07-17\exchange=NSE\symbol=SBIN\part-083220_714059-039035.parquet,34837,downloaded,34837,
2026-07-17,NSE,SBIN,raw_l2/trade_date=2026-07-17/exchange=NSE/symbol=SBIN/part-083347_654477-039227.parquet,real_data_sample\l2_unseen_validation\trade_date=2026-07-17\exchange=NSE\symbol=SBIN\part-083347_654477-039227.parquet,34645,downloaded,34645,
2026-07-17,NSE,SBIN,raw_l2/trade_date=2026-07-17/exchange=NSE/symbol=SBIN/part-083319_128366-039163.parquet,real_data_sample\l2_unseen_validation\trade_date=2026-07-17\exchange=NSE\symbol=SBIN\part-083319_128366-039163.parquet,34642,downloaded,34642,
2026-07-17,NSE,SBIN,raw_l2/trade_date=2026-07-17/exchange=NSE/symbol=SBIN/part-083445_113808-039355.parquet,real_data_sample\l2_unseen_validation\trade_date=2026-07-17\exchange=NSE\symbol=SBIN\part-083445_113808-039355.parquet,34902,downloaded,34902,
2026-07-17,NSE,SBIN,raw_l2/trade_date=2026-07-17/exchange=NSE/symbol=SBIN/part-083513_807441-039419.parquet,real_data_sample\l2_unseen_validation\trade_date=2026-07-17\exchange=NSE\symbol=SBIN\part-083513_807441-039419.parquet,34810,downloaded,34810,
2026-07-17,NSE,SBIN,raw_l2/trade_date=2026-07-17/exchange=NSE/symbol=SBIN/part-083527_969304-039451.parquet,real_data_sample\l2_unseen_validation\trade_date=2026-07-17\exchange=NSE\symbol=SBIN\part-083527_969304-039451.parquet,34559,downloaded,34559,
2026-07-17,NSE,SBIN,raw_l2/trade_date=2026-07-17/exchange=NSE/symbol=SBIN/part-083459_634409-039387.parquet,real_data_sample\l2_unseen_validation\trade_date=2026-07-17\exchange=NSE\symbol=SBIN\part-083459_634409-039387.parquet,34804,downloaded,34804,
2026-07-17,NSE,SBIN,raw_l2/trade_date=2026-07-17/exchange=NSE/symbol=SBIN/part-083542_070280-039483.parquet,real_data_sample\l2_unseen_validation\trade_date=2026-07-17\exchange=NSE\symbol=SBIN\part-083542_070280-039483.parquet,34633,downloaded,34633,
2026-07-17,NSE,SBIN,raw_l2/trade_date=2026-07-17/exchange=NSE/symbol=SBIN/part-083721_591993-039707.parquet,real_data_sample\l2_unseen_validation\trade_date=2026-07-17\exchange=NSE\symbol=SBIN\part-083721_591993-039707.parquet,34579,downloaded,34579,
2026-07-17,NSE,SBIN,raw_l2/trade_date=2026-07-17/exchange=NSE/symbol=SBIN/part-083707_386209-039675.parquet,real_data_sample\l2_unseen_validation\trade_date=2026-07-17\exchange=NSE\symbol=SBIN\part-083707_386209-039675.parquet,34622,downloaded,34622,
2026-07-17,NSE,SBIN,raw_l2/trade_date=2026-07-17/exchange=NSE/symbol=SBIN/part-083639_050256-039611.parquet,real_data_sample\l2_unseen_validation\trade_date=2026-07-17\exchange=NSE\symbol=SBIN\part-083639_050256-039611.parquet,34991,downloaded,34991,
2026-07-17,NSE,SBIN,raw_l2/trade_date=2026-07-17/exchange=NSE/symbol=SBIN/part-083735_889245-039739.parquet,real_data_sample\l2_unseen_validation\trade_date=2026-07-17\exchange=NSE\symbol=SBIN\part-083735_889245-039739.parquet,34747,downloaded,34747,
2026-07-17,NSE,SBIN,raw_l2/trade_date=2026-07-17/exchange=NSE/symbol=SBIN/part-083653_361762-039643.parquet,real_data_sample\l2_unseen_validation\trade_date=2026-07-17\exchange=NSE\symbol=SBIN\part-083653_361762-039643.parquet,34873,downloaded,34873,
2026-07-17,NSE,SBIN,raw_l2/trade_date=2026-07-17/exchange=NSE/symbol=SBIN/part-083610_639469-039547.parquet,real_data_sample\l2_unseen_validation\trade_date=2026-07-17\exchange=NSE\symbol=SBIN\part-083610_639469-039547.parquet,34579,downloaded,34579,
2026-07-17,NSE,SBIN,raw_l2/trade_date=2026-07-17/exchange=NSE/symbol=SBIN/part-083556_161872-039515.parquet,real_data_sample\l2_unseen_validation\trade_date=2026-07-17\exchange=NSE\symbol=SBIN\part-083556_161872-039515.parquet,34454,downloaded,34454,
2026-07-17,NSE,SBIN,raw_l2/trade_date=2026-07-17/exchange=NSE/symbol=SBIN/part-083624_785010-039579.parquet,real_data_sample\l2_unseen_validation\trade_date=2026-07-17\exchange=NSE\symbol=SBIN\part-083624_785010-039579.parquet,34682,downloaded,34682,
2026-07-17,NSE,SBIN,raw_l2/trade_date=2026-07-17/exchange=NSE/symbol=SBIN/part-083804_461940-039803.parquet,real_data_sample\l2_unseen_validation\trade_date=2026-07-17\exchange=NSE\symbol=SBIN\part-083804_461940-039803.parquet,34719,downloaded,34719,
2026-07-17,NSE,SBIN,raw_l2/trade_date=2026-07-17/exchange=NSE/symbol=SBIN/part-083750_103195-039771.parquet,real_data_sample\l2_unseen_validation\trade_date=2026-07-17\exchange=NSE\symbol=SBIN\part-083750_103195-039771.parquet,34703,downloaded,34703,
2026-07-17,NSE,SBIN,raw_l2/trade_date=2026-07-17/exchange=NSE/symbol=SBIN/part-075125_679702-033563.parquet,real_data_sample\l2_unseen_validation\trade_date=2026-07-17\exchange=NSE\symbol=SBIN\part-075125_679702-033563.parquet,36125,downloaded,36125,
2026-07-17,NSE,SBIN,raw_l2/trade_date=2026-07-17/exchange=NSE/symbol=SBIN/part-083402_198158-039259.parquet,real_data_sample\l2_unseen_validation\trade_date=2026-07-17\exchange=NSE\symbol=SBIN\part-083402_198158-039259.parquet,34815,downloaded,34815,
2026-07-17,NSE,SBIN,raw_l2/trade_date=2026-07-17/exchange=NSE/symbol=SBIN/part-074918_400843-033275.parquet,real_data_sample\l2_unseen_validation\trade_date=2026-07-17\exchange=NSE\symbol=SBIN\part-074918_400843-033275.parquet,35336,downloaded,35336,
2026-07-17,NSE,SBIN,raw_l2/trade_date=2026-07-17/exchange=NSE/symbol=SBIN/part-083416_412949-039291.parquet,real_data_sample\l2_unseen_validation\trade_date=2026-07-17\exchange=NSE\symbol=SBIN\part-083416_412949-039291.parquet,34958,downloaded,34958,
2026-07-17,NSE,SBIN,raw_l2/trade_date=2026-07-17/exchange=NSE/symbol=SBIN/part-074904_184974-033243.parquet,real_data_sample\l2_unseen_validation\trade_date=2026-07-17\exchange=NSE\symbol=SBIN\part-074904_184974-033243.parquet,34822,downloaded,34822,
2026-07-17,NSE,SBIN,raw_l2/trade_date=2026-07-17/exchange=NSE/symbol=SBIN/part-083430_724492-039323.parquet,real_data_sample\l2_unseen_validation\trade_date=2026-07-17\exchange=NSE\symbol=SBIN\part-083430_724492-039323.parquet,34887,downloaded,34887,
2026-07-17,NSE,SBIN,raw_l2/trade_date=2026-07-17/exchange=NSE/symbol=SBIN/part-083818_708401-039835.parquet,real_data_sample\l2_unseen_validation\trade_date=2026-07-17\exchange=NSE\symbol=SBIN\part-083818_708401-039835.parquet,35229,downloaded,35229,
2026-07-17,NSE,SBIN,raw_l2/trade_date=2026-07-17/exchange=NSE/symbol=SBIN/part-083833_149942-039867.parquet,real_data_sample\l2_unseen_validation\trade_date=2026-07-17\exchange=NSE\symbol=SBIN\part-083833_149942-039867.parquet,35528,downloaded,35528,
2026-07-17,NSE,SBIN,raw_l2/trade_date=2026-07-17/exchange=NSE/symbol=SBIN/part-083901_726972-039931.parquet,real_data_sample\l2_unseen_validation\trade_date=2026-07-17\exchange=NSE\symbol=SBIN\part-083901_726972-039931.parquet,35886,downloaded,35886,
2026-07-17,NSE,SBIN,raw_l2/trade_date=2026-07-17/exchange=NSE/symbol=SBIN/part-083847_297859-039899.parquet,real_data_sample\l2_unseen_validation\trade_date=2026-07-17\exchange=NSE\symbol=SBIN\part-083847_297859-039899.parquet,35264,downloaded,35264,
2026-07-17,NSE,SBIN,raw_l2/trade_date=2026-07-17/exchange=NSE/symbol=SBIN/part-083916_000176-039963.parquet,real_data_sample\l2_unseen_validation\trade_date=2026-07-17\exchange=NSE\symbol=SBIN\part-083916_000176-039963.parquet,35237,downloaded,35237,
2026-07-17,NSE,SBIN,raw_l2/trade_date=2026-07-17/exchange=NSE/symbol=SBIN/part-083944_614523-040027.parquet,real_data_sample\l2_unseen_validation\trade_date=2026-07-17\exchange=NSE\symbol=SBIN\part-083944_614523-040027.parquet,36221,downloaded,36221,
2026-07-17,NSE,SBIN,raw_l2/trade_date=2026-07-17/exchange=NSE/symbol=SBIN/part-084110_491492-040219.parquet,real_data_sample\l2_unseen_validation\trade_date=2026-07-17\exchange=NSE\symbol=SBIN\part-084110_491492-040219.parquet,35888,downloaded,35888,
2026-07-17,NSE,SBIN,raw_l2/trade_date=2026-07-17/exchange=NSE/symbol=SBIN/part-084041_966081-040155.parquet,real_data_sample\l2_unseen_validation\trade_date=2026-07-17\exchange=NSE\symbol=SBIN\part-084041_966081-040155.parquet,35692,downloaded,35692,
2026-07-17,NSE,SBIN,raw_l2/trade_date=2026-07-17/exchange=NSE/symbol=SBIN/part-083930_495447-039995.parquet,real_data_sample\l2_unseen_validation\trade_date=2026-07-17\exchange=NSE\symbol=SBIN\part-083930_495447-039995.parquet,35808,downloaded,35808,
2026-07-17,NSE,SBIN,raw_l2/trade_date=2026-07-17/exchange=NSE/symbol=SBIN/part-083959_058098-040059.parquet,real_data_sample\l2_unseen_validation\trade_date=2026-07-17\exchange=NSE\symbol=SBIN\part-083959_058098-040059.parquet,35558,downloaded,35558,
2026-07-17,NSE,SBIN,raw_l2/trade_date=2026-07-17/exchange=NSE/symbol=SBIN/part-084056_454849-040187.parquet,real_data_sample\l2_unseen_validation\trade_date=2026-07-17\exchange=NSE\symbol=SBIN\part-084056_454849-040187.parquet,35878,downloaded,35878,
2026-07-17,NSE,SBIN,raw_l2/trade_date=2026-07-17/exchange=NSE/symbol=SBIN/part-084013_338601-040091.parquet,real_data_sample\l2_unseen_validation\trade_date=2026-07-17\exchange=NSE\symbol=SBIN\part-084013_338601-040091.parquet,35353,downloaded,35353,
2026-07-17,NSE,SBIN,raw_l2/trade_date=2026-07-17/exchange=NSE/symbol=SBIN/part-084027_491003-040123.parquet,real_data_sample\l2_unseen_validation\trade_date=2026-07-17\exchange=NSE\symbol=SBIN\part-084027_491003-040123.parquet,35742,downloaded,35742,
2026-07-17,NSE,SBIN,raw_l2/trade_date=2026-07-17/exchange=NSE/symbol=SBIN/part-084139_221491-040283.parquet,real_data_sample\l2_unseen_validation\trade_date=2026-07-17\exchange=NSE\symbol=SBIN\part-084139_221491-040283.parquet,34797,downloaded,34797,
2026-07-17,NSE,SBIN,raw_l2/trade_date=2026-07-17/exchange=NSE/symbol=SBIN/part-084124_791905-040251.parquet,real_data_sample\l2_unseen_validation\trade_date=2026-07-17\exchange=NSE\symbol=SBIN\part-084124_791905-040251.parquet,34821,downloaded,34821,
2026-07-17,NSE,SBIN,raw_l2/trade_date=2026-07-17/exchange=NSE/symbol=SBIN/part-084319_760710-040507.parquet,real_data_sample\l2_unseen_validation\trade_date=2026-07-17\exchange=NSE\symbol=SBIN\part-084319_760710-040507.parquet,35121,downloaded,35121,
2026-07-17,NSE,SBIN,raw_l2/trade_date=2026-07-17/exchange=NSE/symbol=SBIN/part-084334_267008-040539.parquet,real_data_sample\l2_unseen_validation\trade_date=2026-07-17\exchange=NSE\symbol=SBIN\part-084334_267008-040539.parquet,34650,downloaded,34650,
2026-07-17,NSE,SBIN,raw_l2/trade_date=2026-07-17/exchange=NSE/symbol=SBIN/part-084348_666051-040571.parquet,real_data_sample\l2_unseen_validation\trade_date=2026-07-17\exchange=NSE\symbol=SBIN\part-084348_666051-040571.parquet,34735,downloaded,34735,
2026-07-17,NSE,SBIN,raw_l2/trade_date=2026-07-17/exchange=NSE/symbol=SBIN/part-084417_655433-040635.parquet,real_data_sample\l2_unseen_validation\trade_date=2026-07-17\exchange=NSE\symbol=SBIN\part-084417_655433-040635.parquet,35042,downloaded,35042,
2026-07-17,NSE,SBIN,raw_l2/trade_date=2026-07-17/exchange=NSE/symbol=SBIN/part-084403_202653-040603.parquet,real_data_sample\l2_unseen_validation\trade_date=2026-07-17\exchange=NSE\symbol=SBIN\part-084403_202653-040603.parquet,34762,downloaded,34762,
2026-07-17,NSE,SBIN,raw_l2/trade_date=2026-07-17/exchange=NSE/symbol=SBIN/part-084207_973538-040347.parquet,real_data_sample\l2_unseen_validation\trade_date=2026-07-17\exchange=NSE\symbol=SBIN\part-084207_973538-040347.parquet,34761,downloaded,34761,
2026-07-17,NSE,SBIN,raw_l2/trade_date=2026-07-17/exchange=NSE/symbol=SBIN/part-084236_652864-040411.parquet,real_data_sample\l2_unseen_validation\trade_date=2026-07-17\exchange=NSE\symbol=SBIN\part-084236_652864-040411.parquet,35478,downloaded,35478,
2026-07-17,NSE,SBIN,raw_l2/trade_date=2026-07-17/exchange=NSE/symbol=SBIN/part-084446_371083-040699.parquet,real_data_sample\l2_unseen_validation\trade_date=2026-07-17\exchange=NSE\symbol=SBIN\part-084446_371083-040699.parquet,36140,downloaded,36140,
2026-07-17,NSE,SBIN,raw_l2/trade_date=2026-07-17/exchange=NSE/symbol=SBIN/part-084515_234723-040763.parquet,real_data_sample\l2_unseen_validation\trade_date=2026-07-17\exchange=NSE\symbol=SBIN\part-084515_234723-040763.parquet,35662,downloaded,35662,
2026-07-17,NSE,SBIN,raw_l2/trade_date=2026-07-17/exchange=NSE/symbol=SBIN/part-084558_413226-040859.parquet,real_data_sample\l2_unseen_validation\trade_date=2026-07-17\exchange=NSE\symbol=SBIN\part-084558_413226-040859.parquet,36386,downloaded,36386,
2026-07-17,NSE,SBIN,raw_l2/trade_date=2026-07-17/exchange=NSE/symbol=SBIN/part-084612_846133-040891.parquet,real_data_sample\l2_unseen_validation\trade_date=2026-07-17\exchange=NSE\symbol=SBIN\part-084612_846133-040891.parquet,36879,downloaded,36879,
2026-07-17,NSE,SBIN,raw_l2/trade_date=2026-07-17/exchange=NSE/symbol=SBIN/part-084544_046766-040827.parquet,real_data_sample\l2_unseen_validation\trade_date=2026-07-17\exchange=NSE\symbol=SBIN\part-084544_046766-040827.parquet,36391,downloaded,36391,
2026-07-17,NSE,SBIN,raw_l2/trade_date=2026-07-17/exchange=NSE/symbol=SBIN/part-084153_609830-040315.parquet,real_data_sample\l2_unseen_validation\trade_date=2026-07-17\exchange=NSE\symbol=SBIN\part-084153_609830-040315.parquet,34647,downloaded,34647,
2026-07-17,NSE,SBIN,raw_l2/trade_date=2026-07-17/exchange=NSE/symbol=SBIN/part-084500_988898-040731.parquet,real_data_sample\l2_unseen_validation\trade_date=2026-07-17\exchange=NSE\symbol=SBIN\part-084500_988898-040731.parquet,36061,downloaded,36061,
2026-07-17,NSE,SBIN,raw_l2/trade_date=2026-07-17/exchange=NSE/symbol=SBIN/part-084529_653140-040795.parquet,real_data_sample\l2_unseen_validation\trade_date=2026-07-17\exchange=NSE\symbol=SBIN\part-084529_653140-040795.parquet,36535,downloaded,36535,
2026-07-17,NSE,SBIN,raw_l2/trade_date=2026-07-17/exchange=NSE/symbol=SBIN/part-084627_012791-040923.parquet,real_data_sample\l2_unseen_validation\trade_date=2026-07-17\exchange=NSE\symbol=SBIN\part-084627_012791-040923.parquet,36383,downloaded,36383,
2026-07-17,NSE,SBIN,raw_l2/trade_date=2026-07-17/exchange=NSE/symbol=SBIN/part-084305_261178-040475.parquet,real_data_sample\l2_unseen_validation\trade_date=2026-07-17\exchange=NSE\symbol=SBIN\part-084305_261178-040475.parquet,35580,downloaded,35580,
2026-07-17,NSE,SBIN,raw_l2/trade_date=2026-07-17/exchange=NSE/symbol=SBIN/part-084432_129489-040667.parquet,real_data_sample\l2_unseen_validation\trade_date=2026-07-17\exchange=NSE\symbol=SBIN\part-084432_129489-040667.parquet,36353,downloaded,36353,
2026-07-17,NSE,SBIN,raw_l2/trade_date=2026-07-17/exchange=NSE/symbol=SBIN/part-084641_425781-040955.parquet,real_data_sample\l2_unseen_validation\trade_date=2026-07-17\exchange=NSE\symbol=SBIN\part-084641_425781-040955.parquet,36685,downloaded,36685,
2026-07-17,NSE,SBIN,raw_l2/trade_date=2026-07-17/exchange=NSE/symbol=SBIN/part-082246_187601-037755.parquet,real_data_sample\l2_unseen_validation\trade_date=2026-07-17\exchange=NSE\symbol=SBIN\part-082246_187601-037755.parquet,35912,downloaded,35912,
2026-07-17,NSE,SBIN,raw_l2/trade_date=2026-07-17/exchange=NSE/symbol=SBIN/part-082203_815875-037659.parquet,real_data_sample\l2_unseen_validation\trade_date=2026-07-17\exchange=NSE\symbol=SBIN\part-082203_815875-037659.parquet,34715,downloaded,34715,
2026-07-17,NSE,SBIN,raw_l2/trade_date=2026-07-17/exchange=NSE/symbol=SBIN/part-082232_036297-037723.parquet,real_data_sample\l2_unseen_validation\trade_date=2026-07-17\exchange=NSE\symbol=SBIN\part-082232_036297-037723.parquet,35626,downloaded,35626,
2026-07-17,NSE,SBIN,raw_l2/trade_date=2026-07-17/exchange=NSE/symbol=SBIN/part-082106_829821-037531.parquet,real_data_sample\l2_unseen_validation\trade_date=2026-07-17\exchange=NSE\symbol=SBIN\part-082106_829821-037531.parquet,34853,downloaded,34853,
2026-07-17,NSE,SBIN,raw_l2/trade_date=2026-07-17/exchange=NSE/symbol=SBIN/part-084655_605980-040987.parquet,real_data_sample\l2_unseen_validation\trade_date=2026-07-17\exchange=NSE\symbol=SBIN\part-084655_605980-040987.parquet,36445,downloaded,36445,
2026-07-17,NSE,SBIN,raw_l2/trade_date=2026-07-17/exchange=NSE/symbol=SBIN/part-084709_855232-041019.parquet,real_data_sample\l2_unseen_validation\trade_date=2026-07-17\exchange=NSE\symbol=SBIN\part-084709_855232-041019.parquet,36310,downloaded,36310,
2026-07-17,NSE,SBIN,raw_l2/trade_date=2026-07-17/exchange=NSE/symbol=SBIN/part-082217_863403-037691.parquet,real_data_sample\l2_unseen_validation\trade_date=2026-07-17\exchange=NSE\symbol=SBIN\part-082217_863403-037691.parquet,35374,downloaded,35374,
2026-07-17,NSE,SBIN,raw_l2/trade_date=2026-07-17/exchange=NSE/symbol=SBIN/part-084723_976455-041051.parquet,real_data_sample\l2_unseen_validation\trade_date=2026-07-17\exchange=NSE\symbol=SBIN\part-084723_976455-041051.parquet,36782,downloaded,36782,
2026-07-17,NSE,SBIN,raw_l2/trade_date=2026-07-17/exchange=NSE/symbol=SBIN/part-082121_083805-037563.parquet,real_data_sample\l2_unseen_validation\trade_date=2026-07-17\exchange=NSE\symbol=SBIN\part-082121_083805-037563.parquet,34829,downloaded,34829,
2026-07-17,NSE,SBIN,raw_l2/trade_date=2026-07-17/exchange=NSE/symbol=SBIN/part-084222_383314-040379.parquet,real_data_sample\l2_unseen_validation\trade_date=2026-07-17\exchange=NSE\symbol=SBIN\part-084222_383314-040379.parquet,35321,downloaded,35321,
2026-07-17,NSE,SBIN,raw_l2/trade_date=2026-07-17/exchange=NSE/symbol=SBIN/part-084752_542759-041115.parquet,real_data_sample\l2_unseen_validation\trade_date=2026-07-17\exchange=NSE\symbol=SBIN\part-084752_542759-041115.parquet,36366,downloaded,36366,
2026-07-17,NSE,SBIN,raw_l2/trade_date=2026-07-17/exchange=NSE/symbol=SBIN/part-084738_231620-041083.parquet,real_data_sample\l2_unseen_validation\trade_date=2026-07-17\exchange=NSE\symbol=SBIN\part-084738_231620-041083.parquet,36233,downloaded,36233,
2026-07-17,NSE,SBIN,raw_l2/trade_date=2026-07-17/exchange=NSE/symbol=SBIN/part-082357_219229-037915.parquet,real_data_sample\l2_unseen_validation\trade_date=2026-07-17\exchange=NSE\symbol=SBIN\part-082357_219229-037915.parquet,34848,downloaded,34848,
2026-07-17,NSE,SBIN,raw_l2/trade_date=2026-07-17/exchange=NSE/symbol=SBIN/part-084251_160645-040443.parquet,real_data_sample\l2_unseen_validation\trade_date=2026-07-17\exchange=NSE\symbol=SBIN\part-084251_160645-040443.parquet,35376,downloaded,35376,
2026-07-17,NSE,SBIN,raw_l2/trade_date=2026-07-17/exchange=NSE/symbol=SBIN/part-082135_462482-037595.parquet,real_data_sample\l2_unseen_validation\trade_date=2026-07-17\exchange=NSE\symbol=SBIN\part-082135_462482-037595.parquet,35008,downloaded,35008,
2026-07-17,NSE,SBIN,raw_l2/trade_date=2026-07-17/exchange=NSE/symbol=SBIN/part-082439_530223-038011.parquet,real_data_sample\l2_unseen_validation\trade_date=2026-07-17\exchange=NSE\symbol=SBIN\part-082439_530223-038011.parquet,34604,downloaded,34604,
2026-07-17,NSE,SBIN,raw_l2/trade_date=2026-07-17/exchange=NSE/symbol=SBIN/part-084835_541523-041211.parquet,real_data_sample\l2_unseen_validation\trade_date=2026-07-17\exchange=NSE\symbol=SBIN\part-084835_541523-041211.parquet,35727,downloaded,35727,
2026-07-17,NSE,SBIN,raw_l2/trade_date=2026-07-17/exchange=NSE/symbol=SBIN/part-084933_641606-041339.parquet,real_data_sample\l2_unseen_validation\trade_date=2026-07-17\exchange=NSE\symbol=SBIN\part-084933_641606-041339.parquet,36620,downloaded,36620,
2026-07-17,NSE,SBIN,raw_l2/trade_date=2026-07-17/exchange=NSE/symbol=SBIN/part-084849_982280-041243.parquet,real_data_sample\l2_unseen_validation\trade_date=2026-07-17\exchange=NSE\symbol=SBIN\part-084849_982280-041243.parquet,36605,downloaded,36605,
2026-07-17,NSE,SBIN,raw_l2/trade_date=2026-07-17/exchange=NSE/symbol=SBIN/part-084919_324473-041307.parquet,real_data_sample\l2_unseen_validation\trade_date=2026-07-17\exchange=NSE\symbol=SBIN\part-084919_324473-041307.parquet,36353,downloaded,36353,
2026-07-17,NSE,SBIN,raw_l2/trade_date=2026-07-17/exchange=NSE/symbol=SBIN/part-084948_149092-041371.parquet,real_data_sample\l2_unseen_validation\trade_date=2026-07-17\exchange=NSE\symbol=SBIN\part-084948_149092-041371.parquet,36254,downloaded,36254,
2026-07-17,NSE,SBIN,raw_l2/trade_date=2026-07-17/exchange=NSE/symbol=SBIN/part-084904_486863-041275.parquet,real_data_sample\l2_unseen_validation\trade_date=2026-07-17\exchange=NSE\symbol=SBIN\part-084904_486863-041275.parquet,36102,downloaded,36102,
2026-07-17,NSE,SBIN,raw_l2/trade_date=2026-07-17/exchange=NSE/symbol=SBIN/part-085002_749777-041403.parquet,real_data_sample\l2_unseen_validation\trade_date=2026-07-17\exchange=NSE\symbol=SBIN\part-085002_749777-041403.parquet,36659,downloaded,36659,
2026-07-17,NSE,SBIN,raw_l2/trade_date=2026-07-17/exchange=NSE/symbol=SBIN/part-085100_478860-041531.parquet,real_data_sample\l2_unseen_validation\trade_date=2026-07-17\exchange=NSE\symbol=SBIN\part-085100_478860-041531.parquet,36064,downloaded,36064,
2026-07-17,NSE,SBIN,raw_l2/trade_date=2026-07-17/exchange=NSE/symbol=SBIN/part-085017_165327-041435.parquet,real_data_sample\l2_unseen_validation\trade_date=2026-07-17\exchange=NSE\symbol=SBIN\part-085017_165327-041435.parquet,36228,downloaded,36228,
2026-07-17,NSE,SBIN,raw_l2/trade_date=2026-07-17/exchange=NSE/symbol=SBIN/part-085143_883930-041627.parquet,real_data_sample\l2_unseen_validation\trade_date=2026-07-17\exchange=NSE\symbol=SBIN\part-085143_883930-041627.parquet,36638,downloaded,36638,
2026-07-17,NSE,SBIN,raw_l2/trade_date=2026-07-17/exchange=NSE/symbol=SBIN/part-085031_445772-041467.parquet,real_data_sample\l2_unseen_validation\trade_date=2026-07-17\exchange=NSE\symbol=SBIN\part-085031_445772-041467.parquet,36155,downloaded,36155,
2026-07-17,NSE,SBIN,raw_l2/trade_date=2026-07-17/exchange=NSE/symbol=SBIN/part-085158_466270-041659.parquet,real_data_sample\l2_unseen_validation\trade_date=2026-07-17\exchange=NSE\symbol=SBIN\part-085158_466270-041659.parquet,35661,downloaded,35661,
2026-07-17,NSE,SBIN,raw_l2/trade_date=2026-07-17/exchange=NSE/symbol=SBIN/part-082300_341459-037787.parquet,real_data_sample\l2_unseen_validation\trade_date=2026-07-17\exchange=NSE\symbol=SBIN\part-082300_341459-037787.parquet,35859,downloaded,35859,
2026-07-17,NSE,SBIN,raw_l2/trade_date=2026-07-17/exchange=NSE/symbol=SBIN/part-085115_151101-041563.parquet,real_data_sample\l2_unseen_validation\trade_date=2026-07-17\exchange=NSE\symbol=SBIN\part-085115_151101-041563.parquet,36187,downloaded,36187,
2026-07-17,NSE,SBIN,raw_l2/trade_date=2026-07-17/exchange=NSE/symbol=SBIN/part-085129_410447-041595.parquet,real_data_sample\l2_unseen_validation\trade_date=2026-07-17\exchange=NSE\symbol=SBIN\part-085129_410447-041595.parquet,35850,downloaded,35850,
2026-07-17,NSE,SBIN,raw_l2/trade_date=2026-07-17/exchange=NSE/symbol=SBIN/part-082314_983834-037819.parquet,real_data_sample\l2_unseen_validation\trade_date=2026-07-17\exchange=NSE\symbol=SBIN\part-082314_983834-037819.parquet,35625,downloaded,35625,
2026-07-17,NSE,SBIN,raw_l2/trade_date=2026-07-17/exchange=NSE/symbol=SBIN/part-085242_572418-041755.parquet,real_data_sample\l2_unseen_validation\trade_date=2026-07-17\exchange=NSE\symbol=SBIN\part-085242_572418-041755.parquet,36033,downloaded,36033,
2026-07-17,NSE,SBIN,raw_l2/trade_date=2026-07-17/exchange=NSE/symbol=SBIN/part-085227_815020-041723.parquet,real_data_sample\l2_unseen_validation\trade_date=2026-07-17\exchange=NSE\symbol=SBIN\part-085227_815020-041723.parquet,35875,downloaded,35875,
2026-07-17,NSE,SBIN,raw_l2/trade_date=2026-07-17/exchange=NSE/symbol=SBIN/part-085257_283736-041787.parquet,real_data_sample\l2_unseen_validation\trade_date=2026-07-17\exchange=NSE\symbol=SBIN\part-085257_283736-041787.parquet,36083,downloaded,36083,
2026-07-17,NSE,SBIN,raw_l2/trade_date=2026-07-17/exchange=NSE/symbol=SBIN/part-085312_282000-041819.parquet,real_data_sample\l2_unseen_validation\trade_date=2026-07-17\exchange=NSE\symbol=SBIN\part-085312_282000-041819.parquet,35866,downloaded,35866,
2026-07-17,NSE,SBIN,raw_l2/trade_date=2026-07-17/exchange=NSE/symbol=SBIN/part-084806_882974-041147.parquet,real_data_sample\l2_unseen_validation\trade_date=2026-07-17\exchange=NSE\symbol=SBIN\part-084806_882974-041147.parquet,36615,downloaded,36615,
2026-07-17,NSE,SBIN,raw_l2/trade_date=2026-07-17/exchange=NSE/symbol=SBIN/part-085424_732974-041979.parquet,real_data_sample\l2_unseen_validation\trade_date=2026-07-17\exchange=NSE\symbol=SBIN\part-085424_732974-041979.parquet,36009,downloaded,36009,
2026-07-17,NSE,SBIN,raw_l2/trade_date=2026-07-17/exchange=NSE/symbol=SBIN/part-085410_593098-041947.parquet,real_data_sample\l2_unseen_validation\trade_date=2026-07-17\exchange=NSE\symbol=SBIN\part-085410_593098-041947.parquet,35865,downloaded,35865,
2026-07-17,NSE,SBIN,raw_l2/trade_date=2026-07-17/exchange=NSE/symbol=SBIN/part-085356_287478-041915.parquet,real_data_sample\l2_unseen_validation\trade_date=2026-07-17\exchange=NSE\symbol=SBIN\part-085356_287478-041915.parquet,35844,downloaded,35844,
2026-07-17,NSE,SBIN,raw_l2/trade_date=2026-07-17/exchange=NSE/symbol=SBIN/part-085327_345731-041851.parquet,real_data_sample\l2_unseen_validation\trade_date=2026-07-17\exchange=NSE\symbol=SBIN\part-085327_345731-041851.parquet,35849,downloaded,35849,
2026-07-17,NSE,SBIN,raw_l2/trade_date=2026-07-17/exchange=NSE/symbol=SBIN/part-084821_163343-041179.parquet,real_data_sample\l2_unseen_validation\trade_date=2026-07-17\exchange=NSE\symbol=SBIN\part-084821_163343-041179.parquet,36415,downloaded,36415,
2026-07-17,NSE,SBIN,raw_l2/trade_date=2026-07-17/exchange=NSE/symbol=SBIN/part-085439_274427-042011.parquet,real_data_sample\l2_unseen_validation\trade_date=2026-07-17\exchange=NSE\symbol=SBIN\part-085439_274427-042011.parquet,35901,downloaded,35901,
2026-07-17,NSE,SBIN,raw_l2/trade_date=2026-07-17/exchange=NSE/symbol=SBIN/part-085045_802759-041499.parquet,real_data_sample\l2_unseen_validation\trade_date=2026-07-17\exchange=NSE\symbol=SBIN\part-085045_802759-041499.parquet,36083,downloaded,36083,
2026-07-17,NSE,SBIN,raw_l2/trade_date=2026-07-17/exchange=NSE/symbol=SBIN/part-085536_364986-042139.parquet,real_data_sample\l2_unseen_validation\trade_date=2026-07-17\exchange=NSE\symbol=SBIN\part-085536_364986-042139.parquet,36163,downloaded,36163,
2026-07-17,NSE,SBIN,raw_l2/trade_date=2026-07-17/exchange=NSE/symbol=SBIN/part-085758_955678-042459.parquet,real_data_sample\l2_unseen_validation\trade_date=2026-07-17\exchange=NSE\symbol=SBIN\part-085758_955678-042459.parquet,36024,downloaded,36024,
2026-07-17,NSE,SBIN,raw_l2/trade_date=2026-07-17/exchange=NSE/symbol=SBIN/part-085453_562974-042043.parquet,real_data_sample\l2_unseen_validation\trade_date=2026-07-17\exchange=NSE\symbol=SBIN\part-085453_562974-042043.parquet,36296,downloaded,36296,
2026-07-17,NSE,SBIN,raw_l2/trade_date=2026-07-17/exchange=NSE/symbol=SBIN/part-085522_101478-042107.parquet,real_data_sample\l2_unseen_validation\trade_date=2026-07-17\exchange=NSE\symbol=SBIN\part-085522_101478-042107.parquet,35622,downloaded,35622,
2026-07-17,NSE,SBIN,raw_l2/trade_date=2026-07-17/exchange=NSE/symbol=SBIN/part-085212_987323-041691.parquet,real_data_sample\l2_unseen_validation\trade_date=2026-07-17\exchange=NSE\symbol=SBIN\part-085212_987323-041691.parquet,36066,downloaded,36066,
2026-07-17,NSE,SBIN,raw_l2/trade_date=2026-07-17/exchange=NSE/symbol=SBIN/part-085618_741520-042235.parquet,real_data_sample\l2_unseen_validation\trade_date=2026-07-17\exchange=NSE\symbol=SBIN\part-085618_741520-042235.parquet,36048,downloaded,36048,
2026-07-17,NSE,SBIN,raw_l2/trade_date=2026-07-17/exchange=NSE/symbol=SBIN/part-085633_083980-042267.parquet,real_data_sample\l2_unseen_validation\trade_date=2026-07-17\exchange=NSE\symbol=SBIN\part-085633_083980-042267.parquet,35730,downloaded,35730,
2026-07-17,NSE,SBIN,raw_l2/trade_date=2026-07-17/exchange=NSE/symbol=SBIN/part-085604_626611-042203.parquet,real_data_sample\l2_unseen_validation\trade_date=2026-07-17\exchange=NSE\symbol=SBIN\part-085604_626611-042203.parquet,36340,downloaded,36340,
2026-07-17,NSE,SBIN,raw_l2/trade_date=2026-07-17/exchange=NSE/symbol=SBIN/part-085647_510719-042299.parquet,real_data_sample\l2_unseen_validation\trade_date=2026-07-17\exchange=NSE\symbol=SBIN\part-085647_510719-042299.parquet,36053,downloaded,36053,
2026-07-17,NSE,SBIN,raw_l2/trade_date=2026-07-17/exchange=NSE/symbol=SBIN/part-085550_596641-042171.parquet,real_data_sample\l2_unseen_validation\trade_date=2026-07-17\exchange=NSE\symbol=SBIN\part-085550_596641-042171.parquet,36602,downloaded,36602,
2026-07-17,NSE,SBIN,raw_l2/trade_date=2026-07-17/exchange=NSE/symbol=SBIN/part-085701_597772-042331.parquet,real_data_sample\l2_unseen_validation\trade_date=2026-07-17\exchange=NSE\symbol=SBIN\part-085701_597772-042331.parquet,35863,downloaded,35863,
2026-07-17,NSE,SBIN,raw_l2/trade_date=2026-07-17/exchange=NSE/symbol=SBIN/part-085507_934750-042075.parquet,real_data_sample\l2_unseen_validation\trade_date=2026-07-17\exchange=NSE\symbol=SBIN\part-085507_934750-042075.parquet,36189,downloaded,36189,
2026-07-17,NSE,SBIN,raw_l2/trade_date=2026-07-17/exchange=NSE/symbol=SBIN/part-085729_999804-042395.parquet,real_data_sample\l2_unseen_validation\trade_date=2026-07-17\exchange=NSE\symbol=SBIN\part-085729_999804-042395.parquet,35964,downloaded,35964,
2026-07-17,NSE,SBIN,raw_l2/trade_date=2026-07-17/exchange=NSE/symbol=SBIN/part-085715_819134-042363.parquet,real_data_sample\l2_unseen_validation\trade_date=2026-07-17\exchange=NSE\symbol=SBIN\part-085715_819134-042363.parquet,35926,downloaded,35926,
2026-07-17,NSE,SBIN,raw_l2/trade_date=2026-07-17/exchange=NSE/symbol=SBIN/part-085842_183292-042555.parquet,real_data_sample\l2_unseen_validation\trade_date=2026-07-17\exchange=NSE\symbol=SBIN\part-085842_183292-042555.parquet,35882,downloaded,35882,
2026-07-17,NSE,SBIN,raw_l2/trade_date=2026-07-17/exchange=NSE/symbol=SBIN/part-085813_347556-042491.parquet,real_data_sample\l2_unseen_validation\trade_date=2026-07-17\exchange=NSE\symbol=SBIN\part-085813_347556-042491.parquet,35846,downloaded,35846,
2026-07-17,NSE,SBIN,raw_l2/trade_date=2026-07-17/exchange=NSE/symbol=SBIN/part-085827_808360-042523.parquet,real_data_sample\l2_unseen_validation\trade_date=2026-07-17\exchange=NSE\symbol=SBIN\part-085827_808360-042523.parquet,35901,downloaded,35901,
2026-07-17,NSE,SBIN,raw_l2/trade_date=2026-07-17/exchange=NSE/symbol=SBIN/part-085342_165561-041883.parquet,real_data_sample\l2_unseen_validation\trade_date=2026-07-17\exchange=NSE\symbol=SBIN\part-085342_165561-041883.parquet,35928,downloaded,35928,
2026-07-17,NSE,SBIN,raw_l2/trade_date=2026-07-17/exchange=NSE/symbol=SBIN/part-085955_415789-042715.parquet,real_data_sample\l2_unseen_validation\trade_date=2026-07-17\exchange=NSE\symbol=SBIN\part-085955_415789-042715.parquet,36753,downloaded,36753,
2026-07-17,NSE,SBIN,raw_l2/trade_date=2026-07-17/exchange=NSE/symbol=SBIN/part-085911_224432-042619.parquet,real_data_sample\l2_unseen_validation\trade_date=2026-07-17\exchange=NSE\symbol=SBIN\part-085911_224432-042619.parquet,36273,downloaded,36273,
2026-07-17,NSE,SBIN,raw_l2/trade_date=2026-07-17/exchange=NSE/symbol=SBIN/part-085744_463134-042427.parquet,real_data_sample\l2_unseen_validation\trade_date=2026-07-17\exchange=NSE\symbol=SBIN\part-085744_463134-042427.parquet,35879,downloaded,35879,
2026-07-17,NSE,SBIN,raw_l2/trade_date=2026-07-17/exchange=NSE/symbol=SBIN/part-085926_042531-042651.parquet,real_data_sample\l2_unseen_validation\trade_date=2026-07-17\exchange=NSE\symbol=SBIN\part-085926_042531-042651.parquet,36340,downloaded,36340,
2026-07-17,NSE,SBIN,raw_l2/trade_date=2026-07-17/exchange=NSE/symbol=SBIN/part-090024_129838-042779.parquet,real_data_sample\l2_unseen_validation\trade_date=2026-07-17\exchange=NSE\symbol=SBIN\part-090024_129838-042779.parquet,36042,downloaded,36042,
2026-07-17,NSE,SBIN,raw_l2/trade_date=2026-07-17/exchange=NSE/symbol=SBIN/part-090038_615762-042811.parquet,real_data_sample\l2_unseen_validation\trade_date=2026-07-17\exchange=NSE\symbol=SBIN\part-090038_615762-042811.parquet,36281,downloaded,36281,
2026-07-17,NSE,SBIN,raw_l2/trade_date=2026-07-17/exchange=NSE/symbol=SBIN/part-085940_677801-042683.parquet,real_data_sample\l2_unseen_validation\trade_date=2026-07-17\exchange=NSE\symbol=SBIN\part-085940_677801-042683.parquet,35563,downloaded,35563,
2026-07-17,NSE,SBIN,raw_l2/trade_date=2026-07-17/exchange=NSE/symbol=SBIN/part-085856_729531-042587.parquet,real_data_sample\l2_unseen_validation\trade_date=2026-07-17\exchange=NSE\symbol=SBIN\part-085856_729531-042587.parquet,35878,downloaded,35878,
2026-07-17,NSE,SBIN,raw_l2/trade_date=2026-07-17/exchange=NSE/symbol=SBIN/part-090053_242545-042843.parquet,real_data_sample\l2_unseen_validation\trade_date=2026-07-17\exchange=NSE\symbol=SBIN\part-090053_242545-042843.parquet,35906,downloaded,35906,
2026-07-17,NSE,SBIN,raw_l2/trade_date=2026-07-17/exchange=NSE/symbol=SBIN/part-090107_793458-042875.parquet,real_data_sample\l2_unseen_validation\trade_date=2026-07-17\exchange=NSE\symbol=SBIN\part-090107_793458-042875.parquet,35863,downloaded,35863,
2026-07-17,NSE,SBIN,raw_l2/trade_date=2026-07-17/exchange=NSE/symbol=SBIN/part-090136_760547-042939.parquet,real_data_sample\l2_unseen_validation\trade_date=2026-07-17\exchange=NSE\symbol=SBIN\part-090136_760547-042939.parquet,36267,downloaded,36267,
2026-07-17,NSE,SBIN,raw_l2/trade_date=2026-07-17/exchange=NSE/symbol=SBIN/part-090151_170542-042971.parquet,real_data_sample\l2_unseen_validation\trade_date=2026-07-17\exchange=NSE\symbol=SBIN\part-090151_170542-042971.parquet,36306,downloaded,36306,
2026-07-17,NSE,SBIN,raw_l2/trade_date=2026-07-17/exchange=NSE/symbol=SBIN/part-090009_839211-042747.parquet,real_data_sample\l2_unseen_validation\trade_date=2026-07-17\exchange=NSE\symbol=SBIN\part-090009_839211-042747.parquet,36184,downloaded,36184,
2026-07-17,NSE,SBIN,raw_l2/trade_date=2026-07-17/exchange=NSE/symbol=SBIN/part-090122_403139-042907.parquet,real_data_sample\l2_unseen_validation\trade_date=2026-07-17\exchange=NSE\symbol=SBIN\part-090122_403139-042907.parquet,36439,downloaded,36439,
2026-07-17,NSE,SBIN,raw_l2/trade_date=2026-07-17/exchange=NSE/symbol=SBIN/part-090851_301552-043899.parquet,real_data_sample\l2_unseen_validation\trade_date=2026-07-17\exchange=NSE\symbol=SBIN\part-090851_301552-043899.parquet,36017,downloaded,36017,
2026-07-17,NSE,SBIN,raw_l2/trade_date=2026-07-17/exchange=NSE/symbol=SBIN/part-090233_913153-043067.parquet,real_data_sample\l2_unseen_validation\trade_date=2026-07-17\exchange=NSE\symbol=SBIN\part-090233_913153-043067.parquet,36275,downloaded,36275,
2026-07-17,NSE,SBIN,raw_l2/trade_date=2026-07-17/exchange=NSE/symbol=SBIN/part-090317_204321-043163.parquet,real_data_sample\l2_unseen_validation\trade_date=2026-07-17\exchange=NSE\symbol=SBIN\part-090317_204321-043163.parquet,36216,downloaded,36216,
2026-07-17,NSE,SBIN,raw_l2/trade_date=2026-07-17/exchange=NSE/symbol=SBIN/part-090821_980746-043835.parquet,real_data_sample\l2_unseen_validation\trade_date=2026-07-17\exchange=NSE\symbol=SBIN\part-090821_980746-043835.parquet,36457,downloaded,36457,
2026-07-17,NSE,SBIN,raw_l2/trade_date=2026-07-17/exchange=NSE/symbol=SBIN/part-090248_450027-043099.parquet,real_data_sample\l2_unseen_validation\trade_date=2026-07-17\exchange=NSE\symbol=SBIN\part-090248_450027-043099.parquet,36238,downloaded,36238,
2026-07-17,NSE,SBIN,raw_l2/trade_date=2026-07-17/exchange=NSE/symbol=SBIN/part-090415_569560-043291.parquet,real_data_sample\l2_unseen_validation\trade_date=2026-07-17\exchange=NSE\symbol=SBIN\part-090415_569560-043291.parquet,35693,downloaded,35693,
2026-07-17,NSE,SBIN,raw_l2/trade_date=2026-07-17/exchange=NSE/symbol=SBIN/part-090514_303117-043419.parquet,real_data_sample\l2_unseen_validation\trade_date=2026-07-17\exchange=NSE\symbol=SBIN\part-090514_303117-043419.parquet,34596,downloaded,34596,
2026-07-17,NSE,SBIN,raw_l2/trade_date=2026-07-17/exchange=NSE/symbol=SBIN/part-090430_105794-043323.parquet,real_data_sample\l2_unseen_validation\trade_date=2026-07-17\exchange=NSE\symbol=SBIN\part-090430_105794-043323.parquet,34621,downloaded,34621,
2026-07-17,NSE,SBIN,raw_l2/trade_date=2026-07-17/exchange=NSE/symbol=SBIN/part-090219_503149-043035.parquet,real_data_sample\l2_unseen_validation\trade_date=2026-07-17\exchange=NSE\symbol=SBIN\part-090219_503149-043035.parquet,35652,downloaded,35652,
2026-07-17,NSE,SBIN,raw_l2/trade_date=2026-07-17/exchange=NSE/symbol=SBIN/part-090724_115974-043707.parquet,real_data_sample\l2_unseen_validation\trade_date=2026-07-17\exchange=NSE\symbol=SBIN\part-090724_115974-043707.parquet,36018,downloaded,36018,
2026-07-17,NSE,SBIN,raw_l2/trade_date=2026-07-17/exchange=NSE/symbol=SBIN/part-090444_906850-043355.parquet,real_data_sample\l2_unseen_validation\trade_date=2026-07-17\exchange=NSE\symbol=SBIN\part-090444_906850-043355.parquet,34656,downloaded,34656,
2026-07-17,NSE,SBIN,raw_l2/trade_date=2026-07-17/exchange=NSE/symbol=SBIN/part-090640_719641-043611.parquet,real_data_sample\l2_unseen_validation\trade_date=2026-07-17\exchange=NSE\symbol=SBIN\part-090640_719641-043611.parquet,35853,downloaded,35853,
2026-07-17,NSE,SBIN,raw_l2/trade_date=2026-07-17/exchange=NSE/symbol=SBIN/part-090331_823721-043195.parquet,real_data_sample\l2_unseen_validation\trade_date=2026-07-17\exchange=NSE\symbol=SBIN\part-090331_823721-043195.parquet,35424,downloaded,35424,
2026-07-17,NSE,SBIN,raw_l2/trade_date=2026-07-17/exchange=NSE/symbol=SBIN/part-090836_718104-043867.parquet,real_data_sample\l2_unseen_validation\trade_date=2026-07-17\exchange=NSE\symbol=SBIN\part-090836_718104-043867.parquet,36086,downloaded,36086,
2026-07-17,NSE,SBIN,raw_l2/trade_date=2026-07-17/exchange=NSE/symbol=SBIN/part-090205_353067-043003.parquet,real_data_sample\l2_unseen_validation\trade_date=2026-07-17\exchange=NSE\symbol=SBIN\part-090205_353067-043003.parquet,35874,downloaded,35874,
2026-07-17,NSE,SBIN,raw_l2/trade_date=2026-07-17/exchange=NSE/symbol=SBIN/part-090401_385683-043259.parquet,real_data_sample\l2_unseen_validation\trade_date=2026-07-17\exchange=NSE\symbol=SBIN\part-090401_385683-043259.parquet,36229,downloaded,36229,
2026-07-17,NSE,SBIN,raw_l2/trade_date=2026-07-17/exchange=NSE/symbol=SBIN/part-090346_758248-043227.parquet,real_data_sample\l2_unseen_validation\trade_date=2026-07-17\exchange=NSE\symbol=SBIN\part-090346_758248-043227.parquet,36112,downloaded,36112,
2026-07-17,NSE,SBIN,raw_l2/trade_date=2026-07-17/exchange=NSE/symbol=SBIN/part-090626_206479-043579.parquet,real_data_sample\l2_unseen_validation\trade_date=2026-07-17\exchange=NSE\symbol=SBIN\part-090626_206479-043579.parquet,36175,downloaded,36175,
2026-07-17,NSE,SBIN,raw_l2/trade_date=2026-07-17/exchange=NSE/symbol=SBIN/part-090709_701693-043675.parquet,real_data_sample\l2_unseen_validation\trade_date=2026-07-17\exchange=NSE\symbol=SBIN\part-090709_701693-043675.parquet,36071,downloaded,36071,
2026-07-17,NSE,SBIN,raw_l2/trade_date=2026-07-17/exchange=NSE/symbol=SBIN/part-090738_327972-043739.parquet,real_data_sample\l2_unseen_validation\trade_date=2026-07-17\exchange=NSE\symbol=SBIN\part-090738_327972-043739.parquet,35720,downloaded,35720,
2026-07-17,NSE,SBIN,raw_l2/trade_date=2026-07-17/exchange=NSE/symbol=SBIN/part-090543_070116-043483.parquet,real_data_sample\l2_unseen_validation\trade_date=2026-07-17\exchange=NSE\symbol=SBIN\part-090543_070116-043483.parquet,34580,downloaded,34580,
2026-07-17,NSE,SBIN,raw_l2/trade_date=2026-07-17/exchange=NSE/symbol=SBIN/part-090752_739098-043771.parquet,real_data_sample\l2_unseen_validation\trade_date=2026-07-17\exchange=NSE\symbol=SBIN\part-090752_739098-043771.parquet,35538,downloaded,35538,
2026-07-17,NSE,SBIN,raw_l2/trade_date=2026-07-17/exchange=NSE/symbol=SBIN/part-090528_664659-043451.parquet,real_data_sample\l2_unseen_validation\trade_date=2026-07-17\exchange=NSE\symbol=SBIN\part-090528_664659-043451.parquet,34571,downloaded,34571,
2026-07-17,NSE,SBIN,raw_l2/trade_date=2026-07-17/exchange=NSE/symbol=SBIN/part-090807_611145-043803.parquet,real_data_sample\l2_unseen_validation\trade_date=2026-07-17\exchange=NSE\symbol=SBIN\part-090807_611145-043803.parquet,36019,downloaded,36019,
2026-07-17,NSE,SBIN,raw_l2/trade_date=2026-07-17/exchange=NSE/symbol=SBIN/part-090459_644303-043387.parquet,real_data_sample\l2_unseen_validation\trade_date=2026-07-17\exchange=NSE\symbol=SBIN\part-090459_644303-043387.parquet,34714,downloaded,34714,
2026-07-17,NSE,SBIN,raw_l2/trade_date=2026-07-17/exchange=NSE/symbol=SBIN/part-090557_304765-043515.parquet,real_data_sample\l2_unseen_validation\trade_date=2026-07-17\exchange=NSE\symbol=SBIN\part-090557_304765-043515.parquet,34515,downloaded,34515,
2026-07-17,NSE,SBIN,raw_l2/trade_date=2026-07-17/exchange=NSE/symbol=SBIN/part-090655_198029-043643.parquet,real_data_sample\l2_unseen_validation\trade_date=2026-07-17\exchange=NSE\symbol=SBIN\part-090655_198029-043643.parquet,36157,downloaded,36157,
2026-07-17,NSE,SBIN,raw_l2/trade_date=2026-07-17/exchange=NSE/symbol=SBIN/part-090906_227109-043931.parquet,real_data_sample\l2_unseen_validation\trade_date=2026-07-17\exchange=NSE\symbol=SBIN\part-090906_227109-043931.parquet,36423,downloaded,36423,
2026-07-17,NSE,SBIN,raw_l2/trade_date=2026-07-17/exchange=NSE/symbol=SBIN/part-090921_405892-043963.parquet,real_data_sample\l2_unseen_validation\trade_date=2026-07-17\exchange=NSE\symbol=SBIN\part-090921_405892-043963.parquet,36008,downloaded,36008,
2026-07-17,NSE,SBIN,raw_l2/trade_date=2026-07-17/exchange=NSE/symbol=SBIN/part-090935_908644-043995.parquet,real_data_sample\l2_unseen_validation\trade_date=2026-07-17\exchange=NSE\symbol=SBIN\part-090935_908644-043995.parquet,35949,downloaded,35949,
2026-07-17,NSE,SBIN,raw_l2/trade_date=2026-07-17/exchange=NSE/symbol=SBIN/part-090611_686996-043547.parquet,real_data_sample\l2_unseen_validation\trade_date=2026-07-17\exchange=NSE\symbol=SBIN\part-090611_686996-043547.parquet,34784,downloaded,34784,
2026-07-17,NSE,SBIN,raw_l2/trade_date=2026-07-17/exchange=NSE/symbol=SBIN/part-090302_829797-043131.parquet,real_data_sample\l2_unseen_validation\trade_date=2026-07-17\exchange=NSE\symbol=SBIN\part-090302_829797-043131.parquet,36617,downloaded,36617,
2026-07-17,NSE,SBIN,raw_l2/trade_date=2026-07-17/exchange=NSE/symbol=SBIN/part-090951_367593-044027.parquet,real_data_sample\l2_unseen_validation\trade_date=2026-07-17\exchange=NSE\symbol=SBIN\part-090951_367593-044027.parquet,35945,downloaded,35945,
2026-07-17,NSE,SBIN,raw_l2/trade_date=2026-07-17/exchange=NSE/symbol=SBIN/part-091134_377031-044251.parquet,real_data_sample\l2_unseen_validation\trade_date=2026-07-17\exchange=NSE\symbol=SBIN\part-091134_377031-044251.parquet,34868,downloaded,34868,
2026-07-17,NSE,SBIN,raw_l2/trade_date=2026-07-17/exchange=NSE/symbol=SBIN/part-091035_514789-044123.parquet,real_data_sample\l2_unseen_validation\trade_date=2026-07-17\exchange=NSE\symbol=SBIN\part-091035_514789-044123.parquet,34577,downloaded,34577,
2026-07-17,NSE,SBIN,raw_l2/trade_date=2026-07-17/exchange=NSE/symbol=SBIN/part-091050_074965-044155.parquet,real_data_sample\l2_unseen_validation\trade_date=2026-07-17\exchange=NSE\symbol=SBIN\part-091050_074965-044155.parquet,34647,downloaded,34647,
2026-07-17,NSE,SBIN,raw_l2/trade_date=2026-07-17/exchange=NSE/symbol=SBIN/part-091248_672516-044411.parquet,real_data_sample\l2_unseen_validation\trade_date=2026-07-17\exchange=NSE\symbol=SBIN\part-091248_672516-044411.parquet,34842,downloaded,34842,
2026-07-17,NSE,SBIN,raw_l2/trade_date=2026-07-17/exchange=NSE/symbol=SBIN/part-091203_468973-044315.parquet,real_data_sample\l2_unseen_validation\trade_date=2026-07-17\exchange=NSE\symbol=SBIN\part-091203_468973-044315.parquet,34688,downloaded,34688,
2026-07-17,NSE,SBIN,raw_l2/trade_date=2026-07-17/exchange=NSE/symbol=SBIN/part-091234_208192-044379.parquet,real_data_sample\l2_unseen_validation\trade_date=2026-07-17\exchange=NSE\symbol=SBIN\part-091234_208192-044379.parquet,34789,downloaded,34789,
2026-07-17,NSE,SBIN,raw_l2/trade_date=2026-07-17/exchange=NSE/symbol=SBIN/part-091541_725035-044795.parquet,real_data_sample\l2_unseen_validation\trade_date=2026-07-17\exchange=NSE\symbol=SBIN\part-091541_725035-044795.parquet,35994,downloaded,35994,
2026-07-17,NSE,SBIN,raw_l2/trade_date=2026-07-17/exchange=NSE/symbol=SBIN/part-091346_698890-044539.parquet,real_data_sample\l2_unseen_validation\trade_date=2026-07-17\exchange=NSE\symbol=SBIN\part-091346_698890-044539.parquet,35748,downloaded,35748,
2026-07-17,NSE,SBIN,raw_l2/trade_date=2026-07-17/exchange=NSE/symbol=SBIN/part-091148_769943-044283.parquet,real_data_sample\l2_unseen_validation\trade_date=2026-07-17\exchange=NSE\symbol=SBIN\part-091148_769943-044283.parquet,34788,downloaded,34788,
2026-07-17,NSE,SBIN,raw_l2/trade_date=2026-07-17/exchange=NSE/symbol=SBIN/part-091458_884638-044699.parquet,real_data_sample\l2_unseen_validation\trade_date=2026-07-17\exchange=NSE\symbol=SBIN\part-091458_884638-044699.parquet,35807,downloaded,35807,
2026-07-17,NSE,SBIN,raw_l2/trade_date=2026-07-17/exchange=NSE/symbol=SBIN/part-091625_411453-044891.parquet,real_data_sample\l2_unseen_validation\trade_date=2026-07-17\exchange=NSE\symbol=SBIN\part-091625_411453-044891.parquet,36366,downloaded,36366,
2026-07-17,NSE,SBIN,raw_l2/trade_date=2026-07-17/exchange=NSE/symbol=SBIN/part-091513_191576-044731.parquet,real_data_sample\l2_unseen_validation\trade_date=2026-07-17\exchange=NSE\symbol=SBIN\part-091513_191576-044731.parquet,35948,downloaded,35948,
2026-07-17,NSE,SBIN,raw_l2/trade_date=2026-07-17/exchange=NSE/symbol=SBIN/part-091020_730921-044091.parquet,real_data_sample\l2_unseen_validation\trade_date=2026-07-17\exchange=NSE\symbol=SBIN\part-091020_730921-044091.parquet,35391,downloaded,35391,
2026-07-17,NSE,SBIN,raw_l2/trade_date=2026-07-17/exchange=NSE/symbol=SBIN/part-091104_674901-044187.parquet,real_data_sample\l2_unseen_validation\trade_date=2026-07-17\exchange=NSE\symbol=SBIN\part-091104_674901-044187.parquet,34689,downloaded,34689,
2026-07-17,NSE,SBIN,raw_l2/trade_date=2026-07-17/exchange=NSE/symbol=SBIN/part-091119_626344-044219.parquet,real_data_sample\l2_unseen_validation\trade_date=2026-07-17\exchange=NSE\symbol=SBIN\part-091119_626344-044219.parquet,34745,downloaded,34745,
2026-07-17,NSE,SBIN,raw_l2/trade_date=2026-07-17/exchange=NSE/symbol=SBIN/part-091006_433164-044059.parquet,real_data_sample\l2_unseen_validation\trade_date=2026-07-17\exchange=NSE\symbol=SBIN\part-091006_433164-044059.parquet,35785,downloaded,35785,
2026-07-17,NSE,SBIN,raw_l2/trade_date=2026-07-17/exchange=NSE/symbol=SBIN/part-091317_776998-044475.parquet,real_data_sample\l2_unseen_validation\trade_date=2026-07-17\exchange=NSE\symbol=SBIN\part-091317_776998-044475.parquet,35266,downloaded,35266,
2026-07-17,NSE,SBIN,raw_l2/trade_date=2026-07-17/exchange=NSE/symbol=SBIN/part-091401_307475-044571.parquet,real_data_sample\l2_unseen_validation\trade_date=2026-07-17\exchange=NSE\symbol=SBIN\part-091401_307475-044571.parquet,36023,downloaded,36023,
2026-07-17,NSE,SBIN,raw_l2/trade_date=2026-07-17/exchange=NSE/symbol=SBIN/part-091218_795182-044347.parquet,real_data_sample\l2_unseen_validation\trade_date=2026-07-17\exchange=NSE\symbol=SBIN\part-091218_795182-044347.parquet,34673,downloaded,34673,
2026-07-17,NSE,SBIN,raw_l2/trade_date=2026-07-17/exchange=NSE/symbol=SBIN/part-091444_409306-044667.parquet,real_data_sample\l2_unseen_validation\trade_date=2026-07-17\exchange=NSE\symbol=SBIN\part-091444_409306-044667.parquet,36130,downloaded,36130,
2026-07-17,NSE,SBIN,raw_l2/trade_date=2026-07-17/exchange=NSE/symbol=SBIN/part-091332_211971-044507.parquet,real_data_sample\l2_unseen_validation\trade_date=2026-07-17\exchange=NSE\symbol=SBIN\part-091332_211971-044507.parquet,36045,downloaded,36045,
2026-07-17,NSE,SBIN,raw_l2/trade_date=2026-07-17/exchange=NSE/symbol=SBIN/part-091556_488036-044827.parquet,real_data_sample\l2_unseen_validation\trade_date=2026-07-17\exchange=NSE\symbol=SBIN\part-091556_488036-044827.parquet,35923,downloaded,35923,
2026-07-17,NSE,SBIN,raw_l2/trade_date=2026-07-17/exchange=NSE/symbol=SBIN/part-091429_995921-044635.parquet,real_data_sample\l2_unseen_validation\trade_date=2026-07-17\exchange=NSE\symbol=SBIN\part-091429_995921-044635.parquet,35612,downloaded,35612,
2026-07-17,NSE,SBIN,raw_l2/trade_date=2026-07-17/exchange=NSE/symbol=SBIN/part-091303_192091-044443.parquet,real_data_sample\l2_unseen_validation\trade_date=2026-07-17\exchange=NSE\symbol=SBIN\part-091303_192091-044443.parquet,34489,downloaded,34489,
2026-07-17,NSE,SBIN,raw_l2/trade_date=2026-07-17/exchange=NSE/symbol=SBIN/part-091527_414816-044763.parquet,real_data_sample\l2_unseen_validation\trade_date=2026-07-17\exchange=NSE\symbol=SBIN\part-091527_414816-044763.parquet,36189,downloaded,36189,
2026-07-17,NSE,SBIN,raw_l2/trade_date=2026-07-17/exchange=NSE/symbol=SBIN/part-091415_551946-044603.parquet,real_data_sample\l2_unseen_validation\trade_date=2026-07-17\exchange=NSE\symbol=SBIN\part-091415_551946-044603.parquet,35936,downloaded,35936,
2026-07-17,NSE,SBIN,raw_l2/trade_date=2026-07-17/exchange=NSE/symbol=SBIN/part-091610_993884-044859.parquet,real_data_sample\l2_unseen_validation\trade_date=2026-07-17\exchange=NSE\symbol=SBIN\part-091610_993884-044859.parquet,36123,downloaded,36123,
2026-07-17,NSE,SBIN,raw_l2/trade_date=2026-07-17/exchange=NSE/symbol=SBIN/part-091653_810157-044955.parquet,real_data_sample\l2_unseen_validation\trade_date=2026-07-17\exchange=NSE\symbol=SBIN\part-091653_810157-044955.parquet,35627,downloaded,35627,
2026-07-17,NSE,SBIN,raw_l2/trade_date=2026-07-17/exchange=NSE/symbol=SBIN/part-091639_666494-044923.parquet,real_data_sample\l2_unseen_validation\trade_date=2026-07-17\exchange=NSE\symbol=SBIN\part-091639_666494-044923.parquet,36097,downloaded,36097,
2026-07-17,NSE,SBIN,raw_l2/trade_date=2026-07-17/exchange=NSE/symbol=SBIN/part-091848_157642-045211.parquet,real_data_sample\l2_unseen_validation\trade_date=2026-07-17\exchange=NSE\symbol=SBIN\part-091848_157642-045211.parquet,35822,downloaded,35822,
2026-07-17,NSE,SBIN,raw_l2/trade_date=2026-07-17/exchange=NSE/symbol=SBIN/part-092057_330801-045499.parquet,real_data_sample\l2_unseen_validation\trade_date=2026-07-17\exchange=NSE\symbol=SBIN\part-092057_330801-045499.parquet,34624,downloaded,34624,
2026-07-17,NSE,SBIN,raw_l2/trade_date=2026-07-17/exchange=NSE/symbol=SBIN/part-091902_718910-045243.parquet,real_data_sample\l2_unseen_validation\trade_date=2026-07-17\exchange=NSE\symbol=SBIN\part-091902_718910-045243.parquet,36185,downloaded,36185,
2026-07-17,NSE,SBIN,raw_l2/trade_date=2026-07-17/exchange=NSE/symbol=SBIN/part-092419_168389-045947.parquet,real_data_sample\l2_unseen_validation\trade_date=2026-07-17\exchange=NSE\symbol=SBIN\part-092419_168389-045947.parquet,36222,downloaded,36222,
2026-07-17,NSE,SBIN,raw_l2/trade_date=2026-07-17/exchange=NSE/symbol=SBIN/part-092154_830517-045627.parquet,real_data_sample\l2_unseen_validation\trade_date=2026-07-17\exchange=NSE\symbol=SBIN\part-092154_830517-045627.parquet,34856,downloaded,34856,
2026-07-17,NSE,SBIN,raw_l2/trade_date=2026-07-17/exchange=NSE/symbol=SBIN/part-092140_615675-045595.parquet,real_data_sample\l2_unseen_validation\trade_date=2026-07-17\exchange=NSE\symbol=SBIN\part-092140_615675-045595.parquet,34547,downloaded,34547,
2026-07-17,NSE,SBIN,raw_l2/trade_date=2026-07-17/exchange=NSE/symbol=SBIN/part-091805_045387-045115.parquet,real_data_sample\l2_unseen_validation\trade_date=2026-07-17\exchange=NSE\symbol=SBIN\part-091805_045387-045115.parquet,35801,downloaded,35801,
2026-07-17,NSE,SBIN,raw_l2/trade_date=2026-07-17/exchange=NSE/symbol=SBIN/part-092042_783526-045467.parquet,real_data_sample\l2_unseen_validation\trade_date=2026-07-17\exchange=NSE\symbol=SBIN\part-092042_783526-045467.parquet,34668,downloaded,34668,
2026-07-17,NSE,SBIN,raw_l2/trade_date=2026-07-17/exchange=NSE/symbol=SBIN/part-092028_583305-045435.parquet,real_data_sample\l2_unseen_validation\trade_date=2026-07-17\exchange=NSE\symbol=SBIN\part-092028_583305-045435.parquet,34548,downloaded,34548,
2026-07-17,NSE,SBIN,raw_l2/trade_date=2026-07-17/exchange=NSE/symbol=SBIN/part-091959_954616-045371.parquet,real_data_sample\l2_unseen_validation\trade_date=2026-07-17\exchange=NSE\symbol=SBIN\part-091959_954616-045371.parquet,35659,downloaded,35659,
2026-07-17,NSE,SBIN,raw_l2/trade_date=2026-07-17/exchange=NSE/symbol=SBIN/part-092111_549216-045531.parquet,real_data_sample\l2_unseen_validation\trade_date=2026-07-17\exchange=NSE\symbol=SBIN\part-092111_549216-045531.parquet,34563,downloaded,34563,
2026-07-17,NSE,SBIN,raw_l2/trade_date=2026-07-17/exchange=NSE/symbol=SBIN/part-091736_311960-045051.parquet,real_data_sample\l2_unseen_validation\trade_date=2026-07-17\exchange=NSE\symbol=SBIN\part-091736_311960-045051.parquet,36375,downloaded,36375,
2026-07-17,NSE,SBIN,raw_l2/trade_date=2026-07-17/exchange=NSE/symbol=SBIN/part-092014_235464-045403.parquet,real_data_sample\l2_unseen_validation\trade_date=2026-07-17\exchange=NSE\symbol=SBIN\part-092014_235464-045403.parquet,35579,downloaded,35579,
2026-07-17,NSE,SBIN,raw_l2/trade_date=2026-07-17/exchange=NSE/symbol=SBIN/part-092433_890828-045979.parquet,real_data_sample\l2_unseen_validation\trade_date=2026-07-17\exchange=NSE\symbol=SBIN\part-092433_890828-045979.parquet,35874,downloaded,35874,
2026-07-17,NSE,SBIN,raw_l2/trade_date=2026-07-17/exchange=NSE/symbol=SBIN/part-091750_501559-045083.parquet,real_data_sample\l2_unseen_validation\trade_date=2026-07-17\exchange=NSE\symbol=SBIN\part-091750_501559-045083.parquet,36310,downloaded,36310,
2026-07-17,NSE,SBIN,raw_l2/trade_date=2026-07-17/exchange=NSE/symbol=SBIN/part-091819_463203-045147.parquet,real_data_sample\l2_unseen_validation\trade_date=2026-07-17\exchange=NSE\symbol=SBIN\part-091819_463203-045147.parquet,36461,downloaded,36461,
2026-07-17,NSE,SBIN,raw_l2/trade_date=2026-07-17/exchange=NSE/symbol=SBIN/part-092125_925418-045563.parquet,real_data_sample\l2_unseen_validation\trade_date=2026-07-17\exchange=NSE\symbol=SBIN\part-092125_925418-045563.parquet,34603,downloaded,34603,
2026-07-17,NSE,SBIN,raw_l2/trade_date=2026-07-17/exchange=NSE/symbol=SBIN/part-091931_411512-045307.parquet,real_data_sample\l2_unseen_validation\trade_date=2026-07-17\exchange=NSE\symbol=SBIN\part-091931_411512-045307.parquet,36255,downloaded,36255,
2026-07-17,NSE,SBIN,raw_l2/trade_date=2026-07-17/exchange=NSE/symbol=SBIN/part-091833_845865-045179.parquet,real_data_sample\l2_unseen_validation\trade_date=2026-07-17\exchange=NSE\symbol=SBIN\part-091833_845865-045179.parquet,35664,downloaded,35664,
2026-07-17,NSE,SBIN,raw_l2/trade_date=2026-07-17/exchange=NSE/symbol=SBIN/part-092306_715661-045787.parquet,real_data_sample\l2_unseen_validation\trade_date=2026-07-17\exchange=NSE\symbol=SBIN\part-092306_715661-045787.parquet,36059,downloaded,36059,
2026-07-17,NSE,SBIN,raw_l2/trade_date=2026-07-17/exchange=NSE/symbol=SBIN/part-092237_742021-045723.parquet,real_data_sample\l2_unseen_validation\trade_date=2026-07-17\exchange=NSE\symbol=SBIN\part-092237_742021-045723.parquet,35821,downloaded,35821,
2026-07-17,NSE,SBIN,raw_l2/trade_date=2026-07-17/exchange=NSE/symbol=SBIN/part-092252_157898-045755.parquet,real_data_sample\l2_unseen_validation\trade_date=2026-07-17\exchange=NSE\symbol=SBIN\part-092252_157898-045755.parquet,35671,downloaded,35671,
2026-07-17,NSE,SBIN,raw_l2/trade_date=2026-07-17/exchange=NSE/symbol=SBIN/part-092223_384051-045691.parquet,real_data_sample\l2_unseen_validation\trade_date=2026-07-17\exchange=NSE\symbol=SBIN\part-092223_384051-045691.parquet,35688,downloaded,35688,
2026-07-17,NSE,SBIN,raw_l2/trade_date=2026-07-17/exchange=NSE/symbol=SBIN/part-092209_096494-045659.parquet,real_data_sample\l2_unseen_validation\trade_date=2026-07-17\exchange=NSE\symbol=SBIN\part-092209_096494-045659.parquet,34735,downloaded,34735,
2026-07-17,NSE,SBIN,raw_l2/trade_date=2026-07-17/exchange=NSE/symbol=SBIN/part-092350_178155-045883.parquet,real_data_sample\l2_unseen_validation\trade_date=2026-07-17\exchange=NSE\symbol=SBIN\part-092350_178155-045883.parquet,36364,downloaded,36364,
2026-07-17,NSE,SBIN,raw_l2/trade_date=2026-07-17/exchange=NSE/symbol=SBIN/part-092321_168582-045819.parquet,real_data_sample\l2_unseen_validation\trade_date=2026-07-17\exchange=NSE\symbol=SBIN\part-092321_168582-045819.parquet,35987,downloaded,35987,
2026-07-17,NSE,SBIN,raw_l2/trade_date=2026-07-17/exchange=NSE/symbol=SBIN/part-091945_627249-045339.parquet,real_data_sample\l2_unseen_validation\trade_date=2026-07-17\exchange=NSE\symbol=SBIN\part-091945_627249-045339.parquet,35581,downloaded,35581,
2026-07-17,NSE,SBIN,raw_l2/trade_date=2026-07-17/exchange=NSE/symbol=SBIN/part-091708_080142-044987.parquet,real_data_sample\l2_unseen_validation\trade_date=2026-07-17\exchange=NSE\symbol=SBIN\part-091708_080142-044987.parquet,35805,downloaded,35805,
2026-07-17,NSE,SBIN,raw_l2/trade_date=2026-07-17/exchange=NSE/symbol=SBIN/part-091917_198285-045275.parquet,real_data_sample\l2_unseen_validation\trade_date=2026-07-17\exchange=NSE\symbol=SBIN\part-091917_198285-045275.parquet,36045,downloaded,36045,
2026-07-17,NSE,SBIN,raw_l2/trade_date=2026-07-17/exchange=NSE/symbol=SBIN/part-092404_765218-045915.parquet,real_data_sample\l2_unseen_validation\trade_date=2026-07-17\exchange=NSE\symbol=SBIN\part-092404_765218-045915.parquet,36007,downloaded,36007,
2026-07-17,NSE,SBIN,raw_l2/trade_date=2026-07-17/exchange=NSE/symbol=SBIN/part-092335_862102-045851.parquet,real_data_sample\l2_unseen_validation\trade_date=2026-07-17\exchange=NSE\symbol=SBIN\part-092335_862102-045851.parquet,36086,downloaded,36086,
2026-07-17,NSE,SBIN,raw_l2/trade_date=2026-07-17/exchange=NSE/symbol=SBIN/part-091722_168009-045019.parquet,real_data_sample\l2_unseen_validation\trade_date=2026-07-17\exchange=NSE\symbol=SBIN\part-091722_168009-045019.parquet,36071,downloaded,36071,
2026-07-17,NSE,SBIN,raw_l2/trade_date=2026-07-17/exchange=NSE/symbol=SBIN/part-092502_973396-046043.parquet,real_data_sample\l2_unseen_validation\trade_date=2026-07-17\exchange=NSE\symbol=SBIN\part-092502_973396-046043.parquet,35969,downloaded,35969,
2026-07-17,NSE,SBIN,raw_l2/trade_date=2026-07-17/exchange=NSE/symbol=SBIN/part-092448_177778-046011.parquet,real_data_sample\l2_unseen_validation\trade_date=2026-07-17\exchange=NSE\symbol=SBIN\part-092448_177778-046011.parquet,36265,downloaded,36265,
2026-07-17,NSE,SBIN,raw_l2/trade_date=2026-07-17/exchange=NSE/symbol=SBIN/part-093037_554985-046779.parquet,real_data_sample\l2_unseen_validation\trade_date=2026-07-17\exchange=NSE\symbol=SBIN\part-093037_554985-046779.parquet,36250,downloaded,36250,
2026-07-17,NSE,SBIN,raw_l2/trade_date=2026-07-17/exchange=NSE/symbol=SBIN/part-092855_187830-046555.parquet,real_data_sample\l2_unseen_validation\trade_date=2026-07-17\exchange=NSE\symbol=SBIN\part-092855_187830-046555.parquet,35938,downloaded,35938,
2026-07-17,NSE,SBIN,raw_l2/trade_date=2026-07-17/exchange=NSE/symbol=SBIN/part-093023_087505-046747.parquet,real_data_sample\l2_unseen_validation\trade_date=2026-07-17\exchange=NSE\symbol=SBIN\part-093023_087505-046747.parquet,36163,downloaded,36163,
2026-07-17,NSE,SBIN,raw_l2/trade_date=2026-07-17/exchange=NSE/symbol=SBIN/part-092910_030739-046587.parquet,real_data_sample\l2_unseen_validation\trade_date=2026-07-17\exchange=NSE\symbol=SBIN\part-092910_030739-046587.parquet,36604,downloaded,36604,
2026-07-17,NSE,SBIN,raw_l2/trade_date=2026-07-17/exchange=NSE/symbol=SBIN/part-092953_688636-046683.parquet,real_data_sample\l2_unseen_validation\trade_date=2026-07-17\exchange=NSE\symbol=SBIN\part-092953_688636-046683.parquet,35853,downloaded,35853,
2026-07-17,NSE,SBIN,raw_l2/trade_date=2026-07-17/exchange=NSE/symbol=SBIN/part-093008_590060-046715.parquet,real_data_sample\l2_unseen_validation\trade_date=2026-07-17\exchange=NSE\symbol=SBIN\part-093008_590060-046715.parquet,35884,downloaded,35884,
2026-07-17,NSE,SBIN,raw_l2/trade_date=2026-07-17/exchange=NSE/symbol=SBIN/part-093134_743631-046907.parquet,real_data_sample\l2_unseen_validation\trade_date=2026-07-17\exchange=NSE\symbol=SBIN\part-093134_743631-046907.parquet,35705,downloaded,35705,
2026-07-17,NSE,SBIN,raw_l2/trade_date=2026-07-17/exchange=NSE/symbol=SBIN/part-093051_887216-046811.parquet,real_data_sample\l2_unseen_validation\trade_date=2026-07-17\exchange=NSE\symbol=SBIN\part-093051_887216-046811.parquet,36116,downloaded,36116,
2026-07-17,NSE,SBIN,raw_l2/trade_date=2026-07-17/exchange=NSE/symbol=SBIN/part-093106_163650-046843.parquet,real_data_sample\l2_unseen_validation\trade_date=2026-07-17\exchange=NSE\symbol=SBIN\part-093106_163650-046843.parquet,36071,downloaded,36071,
2026-07-17,NSE,SBIN,raw_l2/trade_date=2026-07-17/exchange=NSE/symbol=SBIN/part-093149_160113-046939.parquet,real_data_sample\l2_unseen_validation\trade_date=2026-07-17\exchange=NSE\symbol=SBIN\part-093149_160113-046939.parquet,35620,downloaded,35620,
2026-07-17,NSE,SBIN,raw_l2/trade_date=2026-07-17/exchange=NSE/symbol=SBIN/part-093203_478172-046971.parquet,real_data_sample\l2_unseen_validation\trade_date=2026-07-17\exchange=NSE\symbol=SBIN\part-093203_478172-046971.parquet,36393,downloaded,36393,
2026-07-17,NSE,SBIN,raw_l2/trade_date=2026-07-17/exchange=NSE/symbol=SBIN/part-093231_565592-047035.parquet,real_data_sample\l2_unseen_validation\trade_date=2026-07-17\exchange=NSE\symbol=SBIN\part-093231_565592-047035.parquet,36054,downloaded,36054,
2026-07-17,NSE,SBIN,raw_l2/trade_date=2026-07-17/exchange=NSE/symbol=SBIN/part-093259_893363-047099.parquet,real_data_sample\l2_unseen_validation\trade_date=2026-07-17\exchange=NSE\symbol=SBIN\part-093259_893363-047099.parquet,35794,downloaded,35794,
2026-07-17,NSE,SBIN,raw_l2/trade_date=2026-07-17/exchange=NSE/symbol=SBIN/part-093342_581042-047195.parquet,real_data_sample\l2_unseen_validation\trade_date=2026-07-17\exchange=NSE\symbol=SBIN\part-093342_581042-047195.parquet,35771,downloaded,35771,
2026-07-17,NSE,SBIN,raw_l2/trade_date=2026-07-17/exchange=NSE/symbol=SBIN/part-093328_432303-047163.parquet,real_data_sample\l2_unseen_validation\trade_date=2026-07-17\exchange=NSE\symbol=SBIN\part-093328_432303-047163.parquet,35985,downloaded,35985,
2026-07-17,NSE,SBIN,raw_l2/trade_date=2026-07-17/exchange=NSE/symbol=SBIN/part-093120_456406-046875.parquet,real_data_sample\l2_unseen_validation\trade_date=2026-07-17\exchange=NSE\symbol=SBIN\part-093120_456406-046875.parquet,36347,downloaded,36347,
2026-07-17,NSE,SBIN,raw_l2/trade_date=2026-07-17/exchange=NSE/symbol=SBIN/part-093314_245276-047131.parquet,real_data_sample\l2_unseen_validation\trade_date=2026-07-17\exchange=NSE\symbol=SBIN\part-093314_245276-047131.parquet,35613,downloaded,35613,
2026-07-17,NSE,SBIN,raw_l2/trade_date=2026-07-17/exchange=NSE/symbol=SBIN/part-093452_965528-047355.parquet,real_data_sample\l2_unseen_validation\trade_date=2026-07-17\exchange=NSE\symbol=SBIN\part-093452_965528-047355.parquet,34622,downloaded,34622,
2026-07-17,NSE,SBIN,raw_l2/trade_date=2026-07-17/exchange=NSE/symbol=SBIN/part-093245_866441-047067.parquet,real_data_sample\l2_unseen_validation\trade_date=2026-07-17\exchange=NSE\symbol=SBIN\part-093245_866441-047067.parquet,35960,downloaded,35960,
2026-07-17,NSE,SBIN,raw_l2/trade_date=2026-07-17/exchange=NSE/symbol=SBIN/part-093424_716127-047291.parquet,real_data_sample\l2_unseen_validation\trade_date=2026-07-17\exchange=NSE\symbol=SBIN\part-093424_716127-047291.parquet,34665,downloaded,34665,
2026-07-17,NSE,SBIN,raw_l2/trade_date=2026-07-17/exchange=NSE/symbol=SBIN/part-093410_687061-047259.parquet,real_data_sample\l2_unseen_validation\trade_date=2026-07-17\exchange=NSE\symbol=SBIN\part-093410_687061-047259.parquet,35825,downloaded,35825,
2026-07-17,NSE,SBIN,raw_l2/trade_date=2026-07-17/exchange=NSE/symbol=SBIN/part-093356_632153-047227.parquet,real_data_sample\l2_unseen_validation\trade_date=2026-07-17\exchange=NSE\symbol=SBIN\part-093356_632153-047227.parquet,35813,downloaded,35813,
2026-07-17,NSE,SBIN,raw_l2/trade_date=2026-07-17/exchange=NSE/symbol=SBIN/part-093507_487009-047387.parquet,real_data_sample\l2_unseen_validation\trade_date=2026-07-17\exchange=NSE\symbol=SBIN\part-093507_487009-047387.parquet,34558,downloaded,34558,
2026-07-17,NSE,SBIN,raw_l2/trade_date=2026-07-17/exchange=NSE/symbol=SBIN/part-093438_885324-047323.parquet,real_data_sample\l2_unseen_validation\trade_date=2026-07-17\exchange=NSE\symbol=SBIN\part-093438_885324-047323.parquet,34620,downloaded,34620,
2026-07-17,NSE,SBIN,raw_l2/trade_date=2026-07-17/exchange=NSE/symbol=SBIN/part-093536_068602-047451.parquet,real_data_sample\l2_unseen_validation\trade_date=2026-07-17\exchange=NSE\symbol=SBIN\part-093536_068602-047451.parquet,35966,downloaded,35966,
2026-07-17,NSE,SBIN,raw_l2/trade_date=2026-07-17/exchange=NSE/symbol=SBIN/part-093521_832328-047419.parquet,real_data_sample\l2_unseen_validation\trade_date=2026-07-17\exchange=NSE\symbol=SBIN\part-093521_832328-047419.parquet,35894,downloaded,35894,
2026-07-17,NSE,SBIN,raw_l2/trade_date=2026-07-17/exchange=NSE/symbol=SBIN/part-093217_389184-047003.parquet,real_data_sample\l2_unseen_validation\trade_date=2026-07-17\exchange=NSE\symbol=SBIN\part-093217_389184-047003.parquet,36098,downloaded,36098,
2026-07-17,NSE,SBIN,raw_l2/trade_date=2026-07-17/exchange=NSE/symbol=SBIN/part-093550_435356-047483.parquet,real_data_sample\l2_unseen_validation\trade_date=2026-07-17\exchange=NSE\symbol=SBIN\part-093550_435356-047483.parquet,35713,downloaded,35713,
2026-07-17,NSE,SBIN,raw_l2/trade_date=2026-07-17/exchange=NSE/symbol=SBIN/part-093604_957319-047515.parquet,real_data_sample\l2_unseen_validation\trade_date=2026-07-17\exchange=NSE\symbol=SBIN\part-093604_957319-047515.parquet,35713,downloaded,35713,
2026-07-17,NSE,SBIN,raw_l2/trade_date=2026-07-17/exchange=NSE/symbol=SBIN/part-093619_373955-047547.parquet,real_data_sample\l2_unseen_validation\trade_date=2026-07-17\exchange=NSE\symbol=SBIN\part-093619_373955-047547.parquet,35705,downloaded,35705,
2026-07-17,NSE,SBIN,raw_l2/trade_date=2026-07-17/exchange=NSE/symbol=SBIN/part-093701_692023-047643.parquet,real_data_sample\l2_unseen_validation\trade_date=2026-07-17\exchange=NSE\symbol=SBIN\part-093701_692023-047643.parquet,35490,downloaded,35490,
2026-07-17,NSE,SBIN,raw_l2/trade_date=2026-07-17/exchange=NSE/symbol=SBIN/part-093647_644293-047611.parquet,real_data_sample\l2_unseen_validation\trade_date=2026-07-17\exchange=NSE\symbol=SBIN\part-093647_644293-047611.parquet,35730,downloaded,35730,
2026-07-17,NSE,SBIN,raw_l2/trade_date=2026-07-17/exchange=NSE/symbol=SBIN/part-093729_568360-047707.parquet,real_data_sample\l2_unseen_validation\trade_date=2026-07-17\exchange=NSE\symbol=SBIN\part-093729_568360-047707.parquet,35895,downloaded,35895,
2026-07-17,NSE,SBIN,raw_l2/trade_date=2026-07-17/exchange=NSE/symbol=SBIN/part-093715_713328-047675.parquet,real_data_sample\l2_unseen_validation\trade_date=2026-07-17\exchange=NSE\symbol=SBIN\part-093715_713328-047675.parquet,35516,downloaded,35516,
2026-07-17,NSE,SBIN,raw_l2/trade_date=2026-07-17/exchange=NSE/symbol=SBIN/part-093757_700423-047771.parquet,real_data_sample\l2_unseen_validation\trade_date=2026-07-17\exchange=NSE\symbol=SBIN\part-093757_700423-047771.parquet,35565,downloaded,35565,
2026-07-17,NSE,SBIN,raw_l2/trade_date=2026-07-17/exchange=NSE/symbol=SBIN/part-093743_571692-047739.parquet,real_data_sample\l2_unseen_validation\trade_date=2026-07-17\exchange=NSE\symbol=SBIN\part-093743_571692-047739.parquet,36073,downloaded,36073,
2026-07-17,NSE,SBIN,raw_l2/trade_date=2026-07-17/exchange=NSE/symbol=SBIN/part-093840_373467-047867.parquet,real_data_sample\l2_unseen_validation\trade_date=2026-07-17\exchange=NSE\symbol=SBIN\part-093840_373467-047867.parquet,34475,downloaded,34475,
2026-07-17,NSE,SBIN,raw_l2/trade_date=2026-07-17/exchange=NSE/symbol=SBIN/part-093811_792414-047803.parquet,real_data_sample\l2_unseen_validation\trade_date=2026-07-17\exchange=NSE\symbol=SBIN\part-093811_792414-047803.parquet,35748,downloaded,35748,
2026-07-17,NSE,SBIN,raw_l2/trade_date=2026-07-17/exchange=NSE/symbol=SBIN/part-093826_025637-047835.parquet,real_data_sample\l2_unseen_validation\trade_date=2026-07-17\exchange=NSE\symbol=SBIN\part-093826_025637-047835.parquet,34705,downloaded,34705,
2026-07-17,NSE,SBIN,raw_l2/trade_date=2026-07-17/exchange=NSE/symbol=SBIN/part-093854_530414-047899.parquet,real_data_sample\l2_unseen_validation\trade_date=2026-07-17\exchange=NSE\symbol=SBIN\part-093854_530414-047899.parquet,34591,downloaded,34591,
2026-07-17,NSE,SBIN,raw_l2/trade_date=2026-07-17/exchange=NSE/symbol=SBIN/part-093923_581138-047963.parquet,real_data_sample\l2_unseen_validation\trade_date=2026-07-17\exchange=NSE\symbol=SBIN\part-093923_581138-047963.parquet,35556,downloaded,35556,
2026-07-17,NSE,SBIN,raw_l2/trade_date=2026-07-17/exchange=NSE/symbol=SBIN/part-093633_558447-047579.parquet,real_data_sample\l2_unseen_validation\trade_date=2026-07-17\exchange=NSE\symbol=SBIN\part-093633_558447-047579.parquet,35698,downloaded,35698,
2026-07-17,NSE,SBIN,raw_l2/trade_date=2026-07-17/exchange=NSE/symbol=SBIN/part-093937_805207-047995.parquet,real_data_sample\l2_unseen_validation\trade_date=2026-07-17\exchange=NSE\symbol=SBIN\part-093937_805207-047995.parquet,35711,downloaded,35711,
2026-07-17,NSE,SBIN,raw_l2/trade_date=2026-07-17/exchange=NSE/symbol=SBIN/part-093952_263580-048027.parquet,real_data_sample\l2_unseen_validation\trade_date=2026-07-17\exchange=NSE\symbol=SBIN\part-093952_263580-048027.parquet,35551,downloaded,35551,
2026-07-17,NSE,SBIN,raw_l2/trade_date=2026-07-17/exchange=NSE/symbol=SBIN/part-093909_086961-047931.parquet,real_data_sample\l2_unseen_validation\trade_date=2026-07-17\exchange=NSE\symbol=SBIN\part-093909_086961-047931.parquet,34527,downloaded,34527,
2026-07-17,NSE,SBIN,raw_l2/trade_date=2026-07-17/exchange=NSE/symbol=SBIN/part-092939_138941-046651.parquet,real_data_sample\l2_unseen_validation\trade_date=2026-07-17\exchange=NSE\symbol=SBIN\part-092939_138941-046651.parquet,36144,downloaded,36144,
2026-07-17,NSE,SBIN,raw_l2/trade_date=2026-07-17/exchange=NSE/symbol=SBIN/part-094006_511411-048059.parquet,real_data_sample\l2_unseen_validation\trade_date=2026-07-17\exchange=NSE\symbol=SBIN\part-094006_511411-048059.parquet,35642,downloaded,35642,
2026-07-17,NSE,SBIN,raw_l2/trade_date=2026-07-17/exchange=NSE/symbol=SBIN/part-094118_334324-048219.parquet,real_data_sample\l2_unseen_validation\trade_date=2026-07-17\exchange=NSE\symbol=SBIN\part-094118_334324-048219.parquet,35031,downloaded,35031,
2026-07-17,NSE,SBIN,raw_l2/trade_date=2026-07-17/exchange=NSE/symbol=SBIN/part-094020_700030-048091.parquet,real_data_sample\l2_unseen_validation\trade_date=2026-07-17\exchange=NSE\symbol=SBIN\part-094020_700030-048091.parquet,35408,downloaded,35408,
2026-07-17,NSE,SBIN,raw_l2/trade_date=2026-07-17/exchange=NSE/symbol=SBIN/part-094146_994726-048283.parquet,real_data_sample\l2_unseen_validation\trade_date=2026-07-17\exchange=NSE\symbol=SBIN\part-094146_994726-048283.parquet,35970,downloaded,35970,
2026-07-17,NSE,SBIN,raw_l2/trade_date=2026-07-17/exchange=NSE/symbol=SBIN/part-094103_849500-048187.parquet,real_data_sample\l2_unseen_validation\trade_date=2026-07-17\exchange=NSE\symbol=SBIN\part-094103_849500-048187.parquet,34454,downloaded,34454,
2026-07-17,NSE,SBIN,raw_l2/trade_date=2026-07-17/exchange=NSE/symbol=SBIN/part-094132_539991-048251.parquet,real_data_sample\l2_unseen_validation\trade_date=2026-07-17\exchange=NSE\symbol=SBIN\part-094132_539991-048251.parquet,36015,downloaded,36015,
2026-07-17,NSE,SBIN,raw_l2/trade_date=2026-07-17/exchange=NSE/symbol=SBIN/part-094215_798299-048347.parquet,real_data_sample\l2_unseen_validation\trade_date=2026-07-17\exchange=NSE\symbol=SBIN\part-094215_798299-048347.parquet,36271,downloaded,36271,
2026-07-17,NSE,SBIN,raw_l2/trade_date=2026-07-17/exchange=NSE/symbol=SBIN/part-094035_085206-048123.parquet,real_data_sample\l2_unseen_validation\trade_date=2026-07-17\exchange=NSE\symbol=SBIN\part-094035_085206-048123.parquet,34377,downloaded,34377,
2026-07-17,NSE,SBIN,raw_l2/trade_date=2026-07-17/exchange=NSE/symbol=SBIN/part-094201_460262-048315.parquet,real_data_sample\l2_unseen_validation\trade_date=2026-07-17\exchange=NSE\symbol=SBIN\part-094201_460262-048315.parquet,35977,downloaded,35977,
2026-07-17,NSE,SBIN,raw_l2/trade_date=2026-07-17/exchange=NSE/symbol=SBIN/part-094230_249536-048379.parquet,real_data_sample\l2_unseen_validation\trade_date=2026-07-17\exchange=NSE\symbol=SBIN\part-094230_249536-048379.parquet,35817,downloaded,35817,
2026-07-17,NSE,SBIN,raw_l2/trade_date=2026-07-17/exchange=NSE/symbol=SBIN/part-094244_560188-048411.parquet,real_data_sample\l2_unseen_validation\trade_date=2026-07-17\exchange=NSE\symbol=SBIN\part-094244_560188-048411.parquet,35877,downloaded,35877,
2026-07-17,NSE,SBIN,raw_l2/trade_date=2026-07-17/exchange=NSE/symbol=SBIN/part-094258_685988-048443.parquet,real_data_sample\l2_unseen_validation\trade_date=2026-07-17\exchange=NSE\symbol=SBIN\part-094258_685988-048443.parquet,35667,downloaded,35667,
2026-07-17,NSE,SBIN,raw_l2/trade_date=2026-07-17/exchange=NSE/symbol=SBIN/part-094312_817897-048475.parquet,real_data_sample\l2_unseen_validation\trade_date=2026-07-17\exchange=NSE\symbol=SBIN\part-094312_817897-048475.parquet,36007,downloaded,36007,
2026-07-17,NSE,SBIN,raw_l2/trade_date=2026-07-17/exchange=NSE/symbol=SBIN/part-094424_653623-048635.parquet,real_data_sample\l2_unseen_validation\trade_date=2026-07-17\exchange=NSE\symbol=SBIN\part-094424_653623-048635.parquet,35610,downloaded,35610,
2026-07-17,NSE,SBIN,raw_l2/trade_date=2026-07-17/exchange=NSE/symbol=SBIN/part-094507_553031-048731.parquet,real_data_sample\l2_unseen_validation\trade_date=2026-07-17\exchange=NSE\symbol=SBIN\part-094507_553031-048731.parquet,36433,downloaded,36433,
2026-07-17,NSE,SBIN,raw_l2/trade_date=2026-07-17/exchange=NSE/symbol=SBIN/part-094410_417865-048603.parquet,real_data_sample\l2_unseen_validation\trade_date=2026-07-17\exchange=NSE\symbol=SBIN\part-094410_417865-048603.parquet,36317,downloaded,36317,
2026-07-17,NSE,SBIN,raw_l2/trade_date=2026-07-17/exchange=NSE/symbol=SBIN/part-094438_968777-048667.parquet,real_data_sample\l2_unseen_validation\trade_date=2026-07-17\exchange=NSE\symbol=SBIN\part-094438_968777-048667.parquet,35609,downloaded,35609,
2026-07-17,NSE,SBIN,raw_l2/trade_date=2026-07-17/exchange=NSE/symbol=SBIN/part-094341_490336-048539.parquet,real_data_sample\l2_unseen_validation\trade_date=2026-07-17\exchange=NSE\symbol=SBIN\part-094341_490336-048539.parquet,36034,downloaded,36034,
2026-07-17,NSE,SBIN,raw_l2/trade_date=2026-07-17/exchange=NSE/symbol=SBIN/part-094453_268196-048699.parquet,real_data_sample\l2_unseen_validation\trade_date=2026-07-17\exchange=NSE\symbol=SBIN\part-094453_268196-048699.parquet,36331,downloaded,36331,
2026-07-17,NSE,SBIN,raw_l2/trade_date=2026-07-17/exchange=NSE/symbol=SBIN/part-094535_762400-048795.parquet,real_data_sample\l2_unseen_validation\trade_date=2026-07-17\exchange=NSE\symbol=SBIN\part-094535_762400-048795.parquet,35870,downloaded,35870,
2026-07-17,NSE,SBIN,raw_l2/trade_date=2026-07-17/exchange=NSE/symbol=SBIN/part-094604_552316-048859.parquet,real_data_sample\l2_unseen_validation\trade_date=2026-07-17\exchange=NSE\symbol=SBIN\part-094604_552316-048859.parquet,35808,downloaded,35808,
2026-07-17,NSE,SBIN,raw_l2/trade_date=2026-07-17/exchange=NSE/symbol=SBIN/part-094521_653059-048763.parquet,real_data_sample\l2_unseen_validation\trade_date=2026-07-17\exchange=NSE\symbol=SBIN\part-094521_653059-048763.parquet,36150,downloaded,36150,
2026-07-17,NSE,SBIN,raw_l2/trade_date=2026-07-17/exchange=NSE/symbol=SBIN/part-094355_984922-048571.parquet,real_data_sample\l2_unseen_validation\trade_date=2026-07-17\exchange=NSE\symbol=SBIN\part-094355_984922-048571.parquet,36114,downloaded,36114,
2026-07-17,NSE,SBIN,raw_l2/trade_date=2026-07-17/exchange=NSE/symbol=SBIN/part-094619_008737-048891.parquet,real_data_sample\l2_unseen_validation\trade_date=2026-07-17\exchange=NSE\symbol=SBIN\part-094619_008737-048891.parquet,36107,downloaded,36107,
2026-07-17,NSE,SBIN,raw_l2/trade_date=2026-07-17/exchange=NSE/symbol=SBIN/part-094550_148330-048827.parquet,real_data_sample\l2_unseen_validation\trade_date=2026-07-17\exchange=NSE\symbol=SBIN\part-094550_148330-048827.parquet,35908,downloaded,35908,
2026-07-17,NSE,SBIN,raw_l2/trade_date=2026-07-17/exchange=NSE/symbol=SBIN/part-094647_124559-048955.parquet,real_data_sample\l2_unseen_validation\trade_date=2026-07-17\exchange=NSE\symbol=SBIN\part-094647_124559-048955.parquet,36253,downloaded,36253,
2026-07-17,NSE,SBIN,raw_l2/trade_date=2026-07-17/exchange=NSE/symbol=SBIN/part-094327_112632-048507.parquet,real_data_sample\l2_unseen_validation\trade_date=2026-07-17\exchange=NSE\symbol=SBIN\part-094327_112632-048507.parquet,35815,downloaded,35815,
2026-07-17,NSE,SBIN,raw_l2/trade_date=2026-07-17/exchange=NSE/symbol=SBIN/part-094633_180356-048923.parquet,real_data_sample\l2_unseen_validation\trade_date=2026-07-17\exchange=NSE\symbol=SBIN\part-094633_180356-048923.parquet,36015,downloaded,36015,
2026-07-17,NSE,SBIN,raw_l2/trade_date=2026-07-17/exchange=NSE/symbol=SBIN/part-092757_421272-046427.parquet,real_data_sample\l2_unseen_validation\trade_date=2026-07-17\exchange=NSE\symbol=SBIN\part-092757_421272-046427.parquet,35419,downloaded,35419,
2026-07-17,NSE,SBIN,raw_l2/trade_date=2026-07-17/exchange=NSE/symbol=SBIN/part-094715_540927-049019.parquet,real_data_sample\l2_unseen_validation\trade_date=2026-07-17\exchange=NSE\symbol=SBIN\part-094715_540927-049019.parquet,35685,downloaded,35685,
2026-07-17,NSE,SBIN,raw_l2/trade_date=2026-07-17/exchange=NSE/symbol=SBIN/part-092728_619775-046363.parquet,real_data_sample\l2_unseen_validation\trade_date=2026-07-17\exchange=NSE\symbol=SBIN\part-092728_619775-046363.parquet,35497,downloaded,35497,
2026-07-17,NSE,SBIN,raw_l2/trade_date=2026-07-17/exchange=NSE/symbol=SBIN/part-092924_474169-046619.parquet,real_data_sample\l2_unseen_validation\trade_date=2026-07-17\exchange=NSE\symbol=SBIN\part-092924_474169-046619.parquet,35942,downloaded,35942,
2026-07-17,NSE,SBIN,raw_l2/trade_date=2026-07-17/exchange=NSE/symbol=SBIN/part-094701_366733-048987.parquet,real_data_sample\l2_unseen_validation\trade_date=2026-07-17\exchange=NSE\symbol=SBIN\part-094701_366733-048987.parquet,35986,downloaded,35986,
2026-07-17,NSE,SBIN,raw_l2/trade_date=2026-07-17/exchange=NSE/symbol=SBIN/part-092531_965873-046107.parquet,real_data_sample\l2_unseen_validation\trade_date=2026-07-17\exchange=NSE\symbol=SBIN\part-092531_965873-046107.parquet,35761,downloaded,35761,
2026-07-17,NSE,SBIN,raw_l2/trade_date=2026-07-17/exchange=NSE/symbol=SBIN/part-092601_201010-046171.parquet,real_data_sample\l2_unseen_validation\trade_date=2026-07-17\exchange=NSE\symbol=SBIN\part-092601_201010-046171.parquet,35590,downloaded,35590,
2026-07-17,NSE,SBIN,raw_l2/trade_date=2026-07-17/exchange=NSE/symbol=SBIN/part-092811_748312-046459.parquet,real_data_sample\l2_unseen_validation\trade_date=2026-07-17\exchange=NSE\symbol=SBIN\part-092811_748312-046459.parquet,35721,downloaded,35721,
2026-07-17,NSE,SBIN,raw_l2/trade_date=2026-07-17/exchange=NSE/symbol=SBIN/part-092517_452046-046075.parquet,real_data_sample\l2_unseen_validation\trade_date=2026-07-17\exchange=NSE\symbol=SBIN\part-092517_452046-046075.parquet,35935,downloaded,35935,
2026-07-17,NSE,SBIN,raw_l2/trade_date=2026-07-17/exchange=NSE/symbol=SBIN/part-092615_944662-046203.parquet,real_data_sample\l2_unseen_validation\trade_date=2026-07-17\exchange=NSE\symbol=SBIN\part-092615_944662-046203.parquet,36202,downloaded,36202,
2026-07-17,NSE,SBIN,raw_l2/trade_date=2026-07-17/exchange=NSE/symbol=SBIN/part-094826_740763-049179.parquet,real_data_sample\l2_unseen_validation\trade_date=2026-07-17\exchange=NSE\symbol=SBIN\part-094826_740763-049179.parquet,36109,downloaded,36109,
2026-07-17,NSE,SBIN,raw_l2/trade_date=2026-07-17/exchange=NSE/symbol=SBIN/part-094744_170477-049083.parquet,real_data_sample\l2_unseen_validation\trade_date=2026-07-17\exchange=NSE\symbol=SBIN\part-094744_170477-049083.parquet,35925,downloaded,35925,
2026-07-17,NSE,SBIN,raw_l2/trade_date=2026-07-17/exchange=NSE/symbol=SBIN/part-094758_508273-049115.parquet,real_data_sample\l2_unseen_validation\trade_date=2026-07-17\exchange=NSE\symbol=SBIN\part-094758_508273-049115.parquet,36514,downloaded,36514,
2026-07-17,NSE,SBIN,raw_l2/trade_date=2026-07-17/exchange=NSE/symbol=SBIN/part-092840_833795-046523.parquet,real_data_sample\l2_unseen_validation\trade_date=2026-07-17\exchange=NSE\symbol=SBIN\part-092840_833795-046523.parquet,35902,downloaded,35902,
2026-07-17,NSE,SBIN,raw_l2/trade_date=2026-07-17/exchange=NSE/symbol=SBIN/part-094729_780011-049051.parquet,real_data_sample\l2_unseen_validation\trade_date=2026-07-17\exchange=NSE\symbol=SBIN\part-094729_780011-049051.parquet,36018,downloaded,36018,
2026-07-17,NSE,SBIN,raw_l2/trade_date=2026-07-17/exchange=NSE/symbol=SBIN/part-092659_863711-046299.parquet,real_data_sample\l2_unseen_validation\trade_date=2026-07-17\exchange=NSE\symbol=SBIN\part-092659_863711-046299.parquet,35604,downloaded,35604,
2026-07-17,NSE,SBIN,raw_l2/trade_date=2026-07-17/exchange=NSE/symbol=SBIN/part-094812_685755-049147.parquet,real_data_sample\l2_unseen_validation\trade_date=2026-07-17\exchange=NSE\symbol=SBIN\part-094812_685755-049147.parquet,36273,downloaded,36273,
2026-07-17,NSE,SBIN,raw_l2/trade_date=2026-07-17/exchange=NSE/symbol=SBIN/part-094841_075619-049211.parquet,real_data_sample\l2_unseen_validation\trade_date=2026-07-17\exchange=NSE\symbol=SBIN\part-094841_075619-049211.parquet,36259,downloaded,36259,
2026-07-17,NSE,SBIN,raw_l2/trade_date=2026-07-17/exchange=NSE/symbol=SBIN/part-092546_559294-046139.parquet,real_data_sample\l2_unseen_validation\trade_date=2026-07-17\exchange=NSE\symbol=SBIN\part-092546_559294-046139.parquet,35631,downloaded,35631,
2026-07-17,NSE,SBIN,raw_l2/trade_date=2026-07-17/exchange=NSE/symbol=SBIN/part-094909_749242-049275.parquet,real_data_sample\l2_unseen_validation\trade_date=2026-07-17\exchange=NSE\symbol=SBIN\part-094909_749242-049275.parquet,35828,downloaded,35828,
2026-07-17,NSE,SBIN,raw_l2/trade_date=2026-07-17/exchange=NSE/symbol=SBIN/part-094924_103143-049307.parquet,real_data_sample\l2_unseen_validation\trade_date=2026-07-17\exchange=NSE\symbol=SBIN\part-094924_103143-049307.parquet,36007,downloaded,36007,
2026-07-17,NSE,SBIN,raw_l2/trade_date=2026-07-17/exchange=NSE/symbol=SBIN/part-094855_516256-049243.parquet,real_data_sample\l2_unseen_validation\trade_date=2026-07-17\exchange=NSE\symbol=SBIN\part-094855_516256-049243.parquet,36207,downloaded,36207,
2026-07-17,NSE,SBIN,raw_l2/trade_date=2026-07-17/exchange=NSE/symbol=SBIN/part-092714_167340-046331.parquet,real_data_sample\l2_unseen_validation\trade_date=2026-07-17\exchange=NSE\symbol=SBIN\part-092714_167340-046331.parquet,35758,downloaded,35758,
2026-07-17,NSE,SBIN,raw_l2/trade_date=2026-07-17/exchange=NSE/symbol=SBIN/part-094938_400784-049339.parquet,real_data_sample\l2_unseen_validation\trade_date=2026-07-17\exchange=NSE\symbol=SBIN\part-094938_400784-049339.parquet,36066,downloaded,36066,
2026-07-17,NSE,SBIN,raw_l2/trade_date=2026-07-17/exchange=NSE/symbol=SBIN/part-092743_053395-046395.parquet,real_data_sample\l2_unseen_validation\trade_date=2026-07-17\exchange=NSE\symbol=SBIN\part-092743_053395-046395.parquet,35756,downloaded,35756,
2026-07-17,NSE,SBIN,raw_l2/trade_date=2026-07-17/exchange=NSE/symbol=SBIN/part-094952_568187-049371.parquet,real_data_sample\l2_unseen_validation\trade_date=2026-07-17\exchange=NSE\symbol=SBIN\part-094952_568187-049371.parquet,36042,downloaded,36042,
2026-07-17,NSE,SBIN,raw_l2/trade_date=2026-07-17/exchange=NSE/symbol=SBIN/part-095020_974240-049435.parquet,real_data_sample\l2_unseen_validation\trade_date=2026-07-17\exchange=NSE\symbol=SBIN\part-095020_974240-049435.parquet,36036,downloaded,36036,
2026-07-17,NSE,SBIN,raw_l2/trade_date=2026-07-17/exchange=NSE/symbol=SBIN/part-092645_581523-046267.parquet,real_data_sample\l2_unseen_validation\trade_date=2026-07-17\exchange=NSE\symbol=SBIN\part-092645_581523-046267.parquet,36213,downloaded,36213,
2026-07-17,NSE,SBIN,raw_l2/trade_date=2026-07-17/exchange=NSE/symbol=SBIN/part-095049_443530-049499.parquet,real_data_sample\l2_unseen_validation\trade_date=2026-07-17\exchange=NSE\symbol=SBIN\part-095049_443530-049499.parquet,36060,downloaded,36060,
2026-07-17,NSE,SBIN,raw_l2/trade_date=2026-07-17/exchange=NSE/symbol=SBIN/part-095145_658309-049627.parquet,real_data_sample\l2_unseen_validation\trade_date=2026-07-17\exchange=NSE\symbol=SBIN\part-095145_658309-049627.parquet,35751,downloaded,35751,
2026-07-17,NSE,SBIN,raw_l2/trade_date=2026-07-17/exchange=NSE/symbol=SBIN/part-095159_687233-049659.parquet,real_data_sample\l2_unseen_validation\trade_date=2026-07-17\exchange=NSE\symbol=SBIN\part-095159_687233-049659.parquet,35796,downloaded,35796,
2026-07-17,NSE,SBIN,raw_l2/trade_date=2026-07-17/exchange=NSE/symbol=SBIN/part-095131_558601-049595.parquet,real_data_sample\l2_unseen_validation\trade_date=2026-07-17\exchange=NSE\symbol=SBIN\part-095131_558601-049595.parquet,35949,downloaded,35949,
2026-07-17,NSE,SBIN,raw_l2/trade_date=2026-07-17/exchange=NSE/symbol=SBIN/part-095214_198311-049691.parquet,real_data_sample\l2_unseen_validation\trade_date=2026-07-17\exchange=NSE\symbol=SBIN\part-095214_198311-049691.parquet,35926,downloaded,35926,
2026-07-17,NSE,SBIN,raw_l2/trade_date=2026-07-17/exchange=NSE/symbol=SBIN/part-092826_292014-046491.parquet,real_data_sample\l2_unseen_validation\trade_date=2026-07-17\exchange=NSE\symbol=SBIN\part-092826_292014-046491.parquet,35687,downloaded,35687,
2026-07-17,NSE,SBIN,raw_l2/trade_date=2026-07-17/exchange=NSE/symbol=SBIN/part-095228_197549-049723.parquet,real_data_sample\l2_unseen_validation\trade_date=2026-07-17\exchange=NSE\symbol=SBIN\part-095228_197549-049723.parquet,34421,downloaded,34421,
2026-07-17,NSE,SBIN,raw_l2/trade_date=2026-07-17/exchange=NSE/symbol=SBIN/part-092631_233428-046235.parquet,real_data_sample\l2_unseen_validation\trade_date=2026-07-17\exchange=NSE\symbol=SBIN\part-092631_233428-046235.parquet,35946,downloaded,35946,
2026-07-17,NSE,SBIN,raw_l2/trade_date=2026-07-17/exchange=NSE/symbol=SBIN/part-095103_472394-049531.parquet,real_data_sample\l2_unseen_validation\trade_date=2026-07-17\exchange=NSE\symbol=SBIN\part-095103_472394-049531.parquet,35828,downloaded,35828,
2026-07-17,NSE,SBIN,raw_l2/trade_date=2026-07-17/exchange=NSE/symbol=SBIN/part-095324_560109-049851.parquet,real_data_sample\l2_unseen_validation\trade_date=2026-07-17\exchange=NSE\symbol=SBIN\part-095324_560109-049851.parquet,35363,downloaded,35363,
2026-07-17,NSE,SBIN,raw_l2/trade_date=2026-07-17/exchange=NSE/symbol=SBIN/part-095256_210536-049787.parquet,real_data_sample\l2_unseen_validation\trade_date=2026-07-17\exchange=NSE\symbol=SBIN\part-095256_210536-049787.parquet,34370,downloaded,34370,
2026-07-17,NSE,SBIN,raw_l2/trade_date=2026-07-17/exchange=NSE/symbol=SBIN/part-095242_236586-049755.parquet,real_data_sample\l2_unseen_validation\trade_date=2026-07-17\exchange=NSE\symbol=SBIN\part-095242_236586-049755.parquet,34547,downloaded,34547,
2026-07-17,NSE,SBIN,raw_l2/trade_date=2026-07-17/exchange=NSE/symbol=SBIN/part-095338_996203-049883.parquet,real_data_sample\l2_unseen_validation\trade_date=2026-07-17\exchange=NSE\symbol=SBIN\part-095338_996203-049883.parquet,35849,downloaded,35849,
2026-07-17,NSE,SBIN,raw_l2/trade_date=2026-07-17/exchange=NSE/symbol=SBIN/part-095407_975989-049947.parquet,real_data_sample\l2_unseen_validation\trade_date=2026-07-17\exchange=NSE\symbol=SBIN\part-095407_975989-049947.parquet,35841,downloaded,35841,
2026-07-17,NSE,SBIN,raw_l2/trade_date=2026-07-17/exchange=NSE/symbol=SBIN/part-095310_321367-049819.parquet,real_data_sample\l2_unseen_validation\trade_date=2026-07-17\exchange=NSE\symbol=SBIN\part-095310_321367-049819.parquet,34368,downloaded,34368,
2026-07-17,NSE,SBIN,raw_l2/trade_date=2026-07-17/exchange=NSE/symbol=SBIN/part-095450_561079-050043.parquet,real_data_sample\l2_unseen_validation\trade_date=2026-07-17\exchange=NSE\symbol=SBIN\part-095450_561079-050043.parquet,34579,downloaded,34579,
2026-07-17,NSE,SBIN,raw_l2/trade_date=2026-07-17/exchange=NSE/symbol=SBIN/part-095436_261109-050011.parquet,real_data_sample\l2_unseen_validation\trade_date=2026-07-17\exchange=NSE\symbol=SBIN\part-095436_261109-050011.parquet,34338,downloaded,34338,
2026-07-17,NSE,SBIN,raw_l2/trade_date=2026-07-17/exchange=NSE/symbol=SBIN/part-095504_727548-050075.parquet,real_data_sample\l2_unseen_validation\trade_date=2026-07-17\exchange=NSE\symbol=SBIN\part-095504_727548-050075.parquet,34431,downloaded,34431,
2026-07-17,NSE,SBIN,raw_l2/trade_date=2026-07-17/exchange=NSE/symbol=SBIN/part-095353_488664-049915.parquet,real_data_sample\l2_unseen_validation\trade_date=2026-07-17\exchange=NSE\symbol=SBIN\part-095353_488664-049915.parquet,36190,downloaded,36190,
2026-07-17,NSE,SBIN,raw_l2/trade_date=2026-07-17/exchange=NSE/symbol=SBIN/part-095518_789594-050107.parquet,real_data_sample\l2_unseen_validation\trade_date=2026-07-17\exchange=NSE\symbol=SBIN\part-095518_789594-050107.parquet,34647,downloaded,34647,
2026-07-17,NSE,SBIN,raw_l2/trade_date=2026-07-17/exchange=NSE/symbol=SBIN/part-095422_236472-049979.parquet,real_data_sample\l2_unseen_validation\trade_date=2026-07-17\exchange=NSE\symbol=SBIN\part-095422_236472-049979.parquet,34929,downloaded,34929,
2026-07-17,NSE,SBIN,raw_l2/trade_date=2026-07-17/exchange=NSE/symbol=SBIN/part-095602_550874-050203.parquet,real_data_sample\l2_unseen_validation\trade_date=2026-07-17\exchange=NSE\symbol=SBIN\part-095602_550874-050203.parquet,34575,downloaded,34575,
2026-07-17,NSE,SBIN,raw_l2/trade_date=2026-07-17/exchange=NSE/symbol=SBIN/part-095548_000013-050171.parquet,real_data_sample\l2_unseen_validation\trade_date=2026-07-17\exchange=NSE\symbol=SBIN\part-095548_000013-050171.parquet,34521,downloaded,34521,
2026-07-17,NSE,SBIN,raw_l2/trade_date=2026-07-17/exchange=NSE/symbol=SBIN/part-095006_729368-049403.parquet,real_data_sample\l2_unseen_validation\trade_date=2026-07-17\exchange=NSE\symbol=SBIN\part-095006_729368-049403.parquet,36441,downloaded,36441,
2026-07-17,NSE,SBIN,raw_l2/trade_date=2026-07-17/exchange=NSE/symbol=SBIN/part-095533_266028-050139.parquet,real_data_sample\l2_unseen_validation\trade_date=2026-07-17\exchange=NSE\symbol=SBIN\part-095533_266028-050139.parquet,34449,downloaded,34449,
2026-07-17,NSE,SBIN,raw_l2/trade_date=2026-07-17/exchange=NSE/symbol=SBIN/part-095035_331781-049467.parquet,real_data_sample\l2_unseen_validation\trade_date=2026-07-17\exchange=NSE\symbol=SBIN\part-095035_331781-049467.parquet,35860,downloaded,35860,
2026-07-17,NSE,SBIN,raw_l2/trade_date=2026-07-17/exchange=NSE/symbol=SBIN/part-095631_278136-050267.parquet,real_data_sample\l2_unseen_validation\trade_date=2026-07-17\exchange=NSE\symbol=SBIN\part-095631_278136-050267.parquet,34322,downloaded,34322,
2026-07-17,NSE,SBIN,raw_l2/trade_date=2026-07-17/exchange=NSE/symbol=SBIN/part-095645_720548-050299.parquet,real_data_sample\l2_unseen_validation\trade_date=2026-07-17\exchange=NSE\symbol=SBIN\part-095645_720548-050299.parquet,34423,downloaded,34423,
2026-07-17,NSE,SBIN,raw_l2/trade_date=2026-07-17/exchange=NSE/symbol=SBIN/part-095700_663636-050331.parquet,real_data_sample\l2_unseen_validation\trade_date=2026-07-17\exchange=NSE\symbol=SBIN\part-095700_663636-050331.parquet,34395,downloaded,34395,
2026-07-17,NSE,SBIN,raw_l2/trade_date=2026-07-17/exchange=NSE/symbol=SBIN/part-095117_660956-049563.parquet,real_data_sample\l2_unseen_validation\trade_date=2026-07-17\exchange=NSE\symbol=SBIN\part-095117_660956-049563.parquet,36276,downloaded,36276,
2026-07-17,NSE,SBIN,raw_l2/trade_date=2026-07-17/exchange=NSE/symbol=SBIN/part-095715_304371-050363.parquet,real_data_sample\l2_unseen_validation\trade_date=2026-07-17\exchange=NSE\symbol=SBIN\part-095715_304371-050363.parquet,34713,downloaded,34713,
2026-07-17,NSE,SBIN,raw_l2/trade_date=2026-07-17/exchange=NSE/symbol=SBIN/part-095812_469287-050491.parquet,real_data_sample\l2_unseen_validation\trade_date=2026-07-17\exchange=NSE\symbol=SBIN\part-095812_469287-050491.parquet,34352,downloaded,34352,
2026-07-17,NSE,SBIN,raw_l2/trade_date=2026-07-17/exchange=NSE/symbol=SBIN/part-095729_708400-050395.parquet,real_data_sample\l2_unseen_validation\trade_date=2026-07-17\exchange=NSE\symbol=SBIN\part-095729_708400-050395.parquet,34410,downloaded,34410,
2026-07-17,NSE,SBIN,raw_l2/trade_date=2026-07-17/exchange=NSE/symbol=SBIN/part-095744_116034-050427.parquet,real_data_sample\l2_unseen_validation\trade_date=2026-07-17\exchange=NSE\symbol=SBIN\part-095744_116034-050427.parquet,34420,downloaded,34420,
2026-07-17,NSE,SBIN,raw_l2/trade_date=2026-07-17/exchange=NSE/symbol=SBIN/part-095758_329537-050459.parquet,real_data_sample\l2_unseen_validation\trade_date=2026-07-17\exchange=NSE\symbol=SBIN\part-095758_329537-050459.parquet,34417,downloaded,34417,
2026-07-17,NSE,SBIN,raw_l2/trade_date=2026-07-17/exchange=NSE/symbol=SBIN/part-095856_249873-050587.parquet,real_data_sample\l2_unseen_validation\trade_date=2026-07-17\exchange=NSE\symbol=SBIN\part-095856_249873-050587.parquet,34326,downloaded,34326,
2026-07-17,NSE,SBIN,raw_l2/trade_date=2026-07-17/exchange=NSE/symbol=SBIN/part-095910_706827-050619.parquet,real_data_sample\l2_unseen_validation\trade_date=2026-07-17\exchange=NSE\symbol=SBIN\part-095910_706827-050619.parquet,34390,downloaded,34390,
2026-07-17,NSE,SBIN,raw_l2/trade_date=2026-07-17/exchange=NSE/symbol=SBIN/part-095826_829369-050523.parquet,real_data_sample\l2_unseen_validation\trade_date=2026-07-17\exchange=NSE\symbol=SBIN\part-095826_829369-050523.parquet,34527,downloaded,34527,
2026-07-17,NSE,SBIN,raw_l2/trade_date=2026-07-17/exchange=NSE/symbol=SBIN/part-095841_702509-050555.parquet,real_data_sample\l2_unseen_validation\trade_date=2026-07-17\exchange=NSE\symbol=SBIN\part-095841_702509-050555.parquet,34353,downloaded,34353,
2026-07-17,NSE,SBIN,raw_l2/trade_date=2026-07-17/exchange=NSE/symbol=SBIN/part-095954_052023-050715.parquet,real_data_sample\l2_unseen_validation\trade_date=2026-07-17\exchange=NSE\symbol=SBIN\part-095954_052023-050715.parquet,34395,downloaded,34395,
2026-07-17,NSE,SBIN,raw_l2/trade_date=2026-07-17/exchange=NSE/symbol=SBIN/part-095925_225291-050651.parquet,real_data_sample\l2_unseen_validation\trade_date=2026-07-17\exchange=NSE\symbol=SBIN\part-095925_225291-050651.parquet,34452,downloaded,34452,
2026-07-17,NSE,SBIN,raw_l2/trade_date=2026-07-17/exchange=NSE/symbol=SBIN/part-095939_739250-050683.parquet,real_data_sample\l2_unseen_validation\trade_date=2026-07-17\exchange=NSE\symbol=SBIN\part-095939_739250-050683.parquet,34121,downloaded,34121,
2026-07-17,NSE,SBIN,raw_l2/trade_date=2026-07-17/exchange=NSE/symbol=SBIN/part-100129_334610-050784.parquet,real_data_sample\l2_unseen_validation\trade_date=2026-07-17\exchange=NSE\symbol=SBIN\part-100129_334610-050784.parquet,34048,downloaded,34048,
2026-07-17,NSE,SBIN,raw_l2/trade_date=2026-07-17/exchange=NSE/symbol=SBIN/part-100008_356428-050747.parquet,real_data_sample\l2_unseen_validation\trade_date=2026-07-17\exchange=NSE\symbol=SBIN\part-100008_356428-050747.parquet,34448,downloaded,34448,
2026-07-17,NSE,SUNPHARMA,raw_l2/trade_date=2026-07-17/exchange=NSE/symbol=SUNPHARMA/part-034504_300905-000028.parquet,real_data_sample\l2_unseen_validation\trade_date=2026-07-17\exchange=NSE\symbol=SUNPHARMA\part-034504_300905-000028.parquet,34102,downloaded,34102,
2026-07-17,NSE,SUNPHARMA,raw_l2/trade_date=2026-07-17/exchange=NSE/symbol=SUNPHARMA/part-034518_297171-000060.parquet,real_data_sample\l2_unseen_validation\trade_date=2026-07-17\exchange=NSE\symbol=SUNPHARMA\part-034518_297171-000060.parquet,34175,downloaded,34175,
2026-07-17,NSE,SUNPHARMA,raw_l2/trade_date=2026-07-17/exchange=NSE/symbol=SUNPHARMA/part-034532_074123-000092.parquet,real_data_sample\l2_unseen_validation\trade_date=2026-07-17\exchange=NSE\symbol=SUNPHARMA\part-034532_074123-000092.parquet,34460,downloaded,34460,
2026-07-17,NSE,SUNPHARMA,raw_l2/trade_date=2026-07-17/exchange=NSE/symbol=SUNPHARMA/part-034546_278269-000124.parquet,real_data_sample\l2_unseen_validation\trade_date=2026-07-17\exchange=NSE\symbol=SUNPHARMA\part-034546_278269-000124.parquet,34489,downloaded,34489,
2026-07-17,NSE,SBIN,raw_l2/trade_date=2026-07-17/exchange=NSE/symbol=SBIN/part-094049_333009-048155.parquet,real_data_sample\l2_unseen_validation\trade_date=2026-07-17\exchange=NSE\symbol=SBIN\part-094049_333009-048155.parquet,34651,downloaded,34651,
2026-07-17,NSE,SUNPHARMA,raw_l2/trade_date=2026-07-17/exchange=NSE/symbol=SUNPHARMA/part-034848_328146-000540.parquet,real_data_sample\l2_unseen_validation\trade_date=2026-07-17\exchange=NSE\symbol=SUNPHARMA\part-034848_328146-000540.parquet,34445,downloaded,34445,
2026-07-17,NSE,SUNPHARMA,raw_l2/trade_date=2026-07-17/exchange=NSE/symbol=SUNPHARMA/part-034834_609554-000508.parquet,real_data_sample\l2_unseen_validation\trade_date=2026-07-17\exchange=NSE\symbol=SUNPHARMA\part-034834_609554-000508.parquet,34511,downloaded,34511,
2026-07-17,NSE,SUNPHARMA,raw_l2/trade_date=2026-07-17/exchange=NSE/symbol=SUNPHARMA/part-034902_184137-000572.parquet,real_data_sample\l2_unseen_validation\trade_date=2026-07-17\exchange=NSE\symbol=SUNPHARMA\part-034902_184137-000572.parquet,34501,downloaded,34501,
2026-07-17,NSE,SUNPHARMA,raw_l2/trade_date=2026-07-17/exchange=NSE/symbol=SUNPHARMA/part-034820_776150-000476.parquet,real_data_sample\l2_unseen_validation\trade_date=2026-07-17\exchange=NSE\symbol=SUNPHARMA\part-034820_776150-000476.parquet,34442,downloaded,34442,
2026-07-17,NSE,SUNPHARMA,raw_l2/trade_date=2026-07-17/exchange=NSE/symbol=SUNPHARMA/part-034614_508139-000188.parquet,real_data_sample\l2_unseen_validation\trade_date=2026-07-17\exchange=NSE\symbol=SUNPHARMA\part-034614_508139-000188.parquet,34708,downloaded,34708,
2026-07-17,NSE,SUNPHARMA,raw_l2/trade_date=2026-07-17/exchange=NSE/symbol=SUNPHARMA/part-034642_838967-000252.parquet,real_data_sample\l2_unseen_validation\trade_date=2026-07-17\exchange=NSE\symbol=SUNPHARMA\part-034642_838967-000252.parquet,35884,downloaded,35884,
2026-07-17,NSE,SUNPHARMA,raw_l2/trade_date=2026-07-17/exchange=NSE/symbol=SUNPHARMA/part-034600_440865-000156.parquet,real_data_sample\l2_unseen_validation\trade_date=2026-07-17\exchange=NSE\symbol=SUNPHARMA\part-034600_440865-000156.parquet,34140,downloaded,34140,
2026-07-17,NSE,SUNPHARMA,raw_l2/trade_date=2026-07-17/exchange=NSE/symbol=SUNPHARMA/part-034738_672604-000380.parquet,real_data_sample\l2_unseen_validation\trade_date=2026-07-17\exchange=NSE\symbol=SUNPHARMA\part-034738_672604-000380.parquet,34156,downloaded,34156,
2026-07-17,NSE,SUNPHARMA,raw_l2/trade_date=2026-07-17/exchange=NSE/symbol=SUNPHARMA/part-035012_170388-000732.parquet,real_data_sample\l2_unseen_validation\trade_date=2026-07-17\exchange=NSE\symbol=SUNPHARMA\part-035012_170388-000732.parquet,34507,downloaded,34507,
2026-07-17,NSE,SUNPHARMA,raw_l2/trade_date=2026-07-17/exchange=NSE/symbol=SUNPHARMA/part-034656_618146-000284.parquet,real_data_sample\l2_unseen_validation\trade_date=2026-07-17\exchange=NSE\symbol=SUNPHARMA\part-034656_618146-000284.parquet,36238,downloaded,36238,
2026-07-17,NSE,SUNPHARMA,raw_l2/trade_date=2026-07-17/exchange=NSE/symbol=SUNPHARMA/part-035026_100901-000764.parquet,real_data_sample\l2_unseen_validation\trade_date=2026-07-17\exchange=NSE\symbol=SUNPHARMA\part-035026_100901-000764.parquet,34528,downloaded,34528,
2026-07-17,NSE,SUNPHARMA,raw_l2/trade_date=2026-07-17/exchange=NSE/symbol=SUNPHARMA/part-034930_287877-000636.parquet,real_data_sample\l2_unseen_validation\trade_date=2026-07-17\exchange=NSE\symbol=SUNPHARMA\part-034930_287877-000636.parquet,34673,downloaded,34673,
2026-07-17,NSE,SUNPHARMA,raw_l2/trade_date=2026-07-17/exchange=NSE/symbol=SUNPHARMA/part-034958_338366-000700.parquet,real_data_sample\l2_unseen_validation\trade_date=2026-07-17\exchange=NSE\symbol=SUNPHARMA\part-034958_338366-000700.parquet,34464,downloaded,34464,
2026-07-17,NSE,SUNPHARMA,raw_l2/trade_date=2026-07-17/exchange=NSE/symbol=SUNPHARMA/part-035053_563456-000828.parquet,real_data_sample\l2_unseen_validation\trade_date=2026-07-17\exchange=NSE\symbol=SUNPHARMA\part-035053_563456-000828.parquet,34485,downloaded,34485,
2026-07-17,NSE,SUNPHARMA,raw_l2/trade_date=2026-07-17/exchange=NSE/symbol=SUNPHARMA/part-035039_871697-000796.parquet,real_data_sample\l2_unseen_validation\trade_date=2026-07-17\exchange=NSE\symbol=SUNPHARMA\part-035039_871697-000796.parquet,34494,downloaded,34494,
2026-07-17,NSE,SUNPHARMA,raw_l2/trade_date=2026-07-17/exchange=NSE/symbol=SUNPHARMA/part-034628_441044-000220.parquet,real_data_sample\l2_unseen_validation\trade_date=2026-07-17\exchange=NSE\symbol=SUNPHARMA\part-034628_441044-000220.parquet,36119,downloaded,36119,
2026-07-17,NSE,SUNPHARMA,raw_l2/trade_date=2026-07-17/exchange=NSE/symbol=SUNPHARMA/part-034916_225216-000604.parquet,real_data_sample\l2_unseen_validation\trade_date=2026-07-17\exchange=NSE\symbol=SUNPHARMA\part-034916_225216-000604.parquet,34505,downloaded,34505,
2026-07-17,NSE,SUNPHARMA,raw_l2/trade_date=2026-07-17/exchange=NSE/symbol=SUNPHARMA/part-034807_058633-000444.parquet,real_data_sample\l2_unseen_validation\trade_date=2026-07-17\exchange=NSE\symbol=SUNPHARMA\part-034807_058633-000444.parquet,34485,downloaded,34485,
2026-07-17,NSE,SUNPHARMA,raw_l2/trade_date=2026-07-17/exchange=NSE/symbol=SUNPHARMA/part-034944_213934-000668.parquet,real_data_sample\l2_unseen_validation\trade_date=2026-07-17\exchange=NSE\symbol=SUNPHARMA\part-034944_213934-000668.parquet,34436,downloaded,34436,
2026-07-17,NSE,SUNPHARMA,raw_l2/trade_date=2026-07-17/exchange=NSE/symbol=SUNPHARMA/part-035107_257713-000860.parquet,real_data_sample\l2_unseen_validation\trade_date=2026-07-17\exchange=NSE\symbol=SUNPHARMA\part-035107_257713-000860.parquet,34461,downloaded,34461,
2026-07-17,NSE,SUNPHARMA,raw_l2/trade_date=2026-07-17/exchange=NSE/symbol=SUNPHARMA/part-034752_624391-000412.parquet,real_data_sample\l2_unseen_validation\trade_date=2026-07-17\exchange=NSE\symbol=SUNPHARMA\part-034752_624391-000412.parquet,34469,downloaded,34469,
2026-07-17,NSE,SUNPHARMA,raw_l2/trade_date=2026-07-17/exchange=NSE/symbol=SUNPHARMA/part-034724_489907-000348.parquet,real_data_sample\l2_unseen_validation\trade_date=2026-07-17\exchange=NSE\symbol=SUNPHARMA\part-034724_489907-000348.parquet,34752,downloaded,34752,
2026-07-17,NSE,SUNPHARMA,raw_l2/trade_date=2026-07-17/exchange=NSE/symbol=SUNPHARMA/part-035134_830962-000924.parquet,real_data_sample\l2_unseen_validation\trade_date=2026-07-17\exchange=NSE\symbol=SUNPHARMA\part-035134_830962-000924.parquet,34487,downloaded,34487,
2026-07-17,NSE,SUNPHARMA,raw_l2/trade_date=2026-07-17/exchange=NSE/symbol=SUNPHARMA/part-035121_105161-000892.parquet,real_data_sample\l2_unseen_validation\trade_date=2026-07-17\exchange=NSE\symbol=SUNPHARMA\part-035121_105161-000892.parquet,34688,downloaded,34688,
2026-07-17,NSE,SUNPHARMA,raw_l2/trade_date=2026-07-17/exchange=NSE/symbol=SUNPHARMA/part-035148_683305-000956.parquet,real_data_sample\l2_unseen_validation\trade_date=2026-07-17\exchange=NSE\symbol=SUNPHARMA\part-035148_683305-000956.parquet,34656,downloaded,34656,
2026-07-17,NSE,SUNPHARMA,raw_l2/trade_date=2026-07-17/exchange=NSE/symbol=SUNPHARMA/part-035230_452411-001052.parquet,real_data_sample\l2_unseen_validation\trade_date=2026-07-17\exchange=NSE\symbol=SUNPHARMA\part-035230_452411-001052.parquet,34486,downloaded,34486,
2026-07-17,NSE,SUNPHARMA,raw_l2/trade_date=2026-07-17/exchange=NSE/symbol=SUNPHARMA/part-035216_556742-001020.parquet,real_data_sample\l2_unseen_validation\trade_date=2026-07-17\exchange=NSE\symbol=SUNPHARMA\part-035216_556742-001020.parquet,34453,downloaded,34453,
2026-07-17,NSE,SUNPHARMA,raw_l2/trade_date=2026-07-17/exchange=NSE/symbol=SUNPHARMA/part-035244_399134-001084.parquet,real_data_sample\l2_unseen_validation\trade_date=2026-07-17\exchange=NSE\symbol=SUNPHARMA\part-035244_399134-001084.parquet,34464,downloaded,34464,
2026-07-17,NSE,SUNPHARMA,raw_l2/trade_date=2026-07-17/exchange=NSE/symbol=SUNPHARMA/part-035202_726089-000988.parquet,real_data_sample\l2_unseen_validation\trade_date=2026-07-17\exchange=NSE\symbol=SUNPHARMA\part-035202_726089-000988.parquet,34410,downloaded,34410,
2026-07-17,NSE,SBIN,raw_l2/trade_date=2026-07-17/exchange=NSE/symbol=SBIN/part-095616_831022-050235.parquet,real_data_sample\l2_unseen_validation\trade_date=2026-07-17\exchange=NSE\symbol=SBIN\part-095616_831022-050235.parquet,34600,downloaded,34600,
2026-07-17,NSE,SUNPHARMA,raw_l2/trade_date=2026-07-17/exchange=NSE/symbol=SUNPHARMA/part-034710_439987-000316.parquet,real_data_sample\l2_unseen_validation\trade_date=2026-07-17\exchange=NSE\symbol=SUNPHARMA\part-034710_439987-000316.parquet,35797,downloaded,35797,
2026-07-17,NSE,SUNPHARMA,raw_l2/trade_date=2026-07-17/exchange=NSE/symbol=SUNPHARMA/part-035902_054251-001948.parquet,real_data_sample\l2_unseen_validation\trade_date=2026-07-17\exchange=NSE\symbol=SUNPHARMA\part-035902_054251-001948.parquet,34455,downloaded,34455,
2026-07-17,NSE,SUNPHARMA,raw_l2/trade_date=2026-07-17/exchange=NSE/symbol=SUNPHARMA/part-035655_135916-001660.parquet,real_data_sample\l2_unseen_validation\trade_date=2026-07-17\exchange=NSE\symbol=SUNPHARMA\part-035655_135916-001660.parquet,34746,downloaded,34746,
2026-07-17,NSE,SUNPHARMA,raw_l2/trade_date=2026-07-17/exchange=NSE/symbol=SUNPHARMA/part-035407_815592-001276.parquet,real_data_sample\l2_unseen_validation\trade_date=2026-07-17\exchange=NSE\symbol=SUNPHARMA\part-035407_815592-001276.parquet,34363,downloaded,34363,
2026-07-17,NSE,SUNPHARMA,raw_l2/trade_date=2026-07-17/exchange=NSE/symbol=SUNPHARMA/part-035503_350715-001404.parquet,real_data_sample\l2_unseen_validation\trade_date=2026-07-17\exchange=NSE\symbol=SUNPHARMA\part-035503_350715-001404.parquet,34428,downloaded,34428,
2026-07-17,NSE,SUNPHARMA,raw_l2/trade_date=2026-07-17/exchange=NSE/symbol=SUNPHARMA/part-035916_053619-001980.parquet,real_data_sample\l2_unseen_validation\trade_date=2026-07-17\exchange=NSE\symbol=SUNPHARMA\part-035916_053619-001980.parquet,34593,downloaded,34593,
2026-07-17,NSE,SUNPHARMA,raw_l2/trade_date=2026-07-17/exchange=NSE/symbol=SUNPHARMA/part-035847_989938-001916.parquet,real_data_sample\l2_unseen_validation\trade_date=2026-07-17\exchange=NSE\symbol=SUNPHARMA\part-035847_989938-001916.parquet,34518,downloaded,34518,
2026-07-17,NSE,SUNPHARMA,raw_l2/trade_date=2026-07-17/exchange=NSE/symbol=SUNPHARMA/part-035312_317069-001148.parquet,real_data_sample\l2_unseen_validation\trade_date=2026-07-17\exchange=NSE\symbol=SUNPHARMA\part-035312_317069-001148.parquet,34482,downloaded,34482,
2026-07-17,NSE,SUNPHARMA,raw_l2/trade_date=2026-07-17/exchange=NSE/symbol=SUNPHARMA/part-035613_155777-001564.parquet,real_data_sample\l2_unseen_validation\trade_date=2026-07-17\exchange=NSE\symbol=SUNPHARMA\part-035613_155777-001564.parquet,34607,downloaded,34607,
2026-07-17,NSE,SUNPHARMA,raw_l2/trade_date=2026-07-17/exchange=NSE/symbol=SUNPHARMA/part-035709_017071-001692.parquet,real_data_sample\l2_unseen_validation\trade_date=2026-07-17\exchange=NSE\symbol=SUNPHARMA\part-035709_017071-001692.parquet,34555,downloaded,34555,
2026-07-17,NSE,SUNPHARMA,raw_l2/trade_date=2026-07-17/exchange=NSE/symbol=SUNPHARMA/part-035737_120338-001756.parquet,real_data_sample\l2_unseen_validation\trade_date=2026-07-17\exchange=NSE\symbol=SUNPHARMA\part-035737_120338-001756.parquet,34412,downloaded,34412,
2026-07-17,NSE,SUNPHARMA,raw_l2/trade_date=2026-07-17/exchange=NSE/symbol=SUNPHARMA/part-035545_402232-001500.parquet,real_data_sample\l2_unseen_validation\trade_date=2026-07-17\exchange=NSE\symbol=SUNPHARMA\part-035545_402232-001500.parquet,34348,downloaded,34348,
2026-07-17,NSE,SUNPHARMA,raw_l2/trade_date=2026-07-17/exchange=NSE/symbol=SUNPHARMA/part-035834_046906-001884.parquet,real_data_sample\l2_unseen_validation\trade_date=2026-07-17\exchange=NSE\symbol=SUNPHARMA\part-035834_046906-001884.parquet,34338,downloaded,34338,
2026-07-17,NSE,SUNPHARMA,raw_l2/trade_date=2026-07-17/exchange=NSE/symbol=SUNPHARMA/part-035339_993803-001212.parquet,real_data_sample\l2_unseen_validation\trade_date=2026-07-17\exchange=NSE\symbol=SUNPHARMA\part-035339_993803-001212.parquet,34456,downloaded,34456,
2026-07-17,NSE,SUNPHARMA,raw_l2/trade_date=2026-07-17/exchange=NSE/symbol=SUNPHARMA/part-035531_466431-001468.parquet,real_data_sample\l2_unseen_validation\trade_date=2026-07-17\exchange=NSE\symbol=SUNPHARMA\part-035531_466431-001468.parquet,34698,downloaded,34698,
2026-07-17,NSE,SUNPHARMA,raw_l2/trade_date=2026-07-17/exchange=NSE/symbol=SUNPHARMA/part-035353_944087-001244.parquet,real_data_sample\l2_unseen_validation\trade_date=2026-07-17\exchange=NSE\symbol=SUNPHARMA\part-035353_944087-001244.parquet,34721,downloaded,34721,
2026-07-17,NSE,SUNPHARMA,raw_l2/trade_date=2026-07-17/exchange=NSE/symbol=SUNPHARMA/part-035559_279217-001532.parquet,real_data_sample\l2_unseen_validation\trade_date=2026-07-17\exchange=NSE\symbol=SUNPHARMA\part-035559_279217-001532.parquet,34577,downloaded,34577,
2026-07-17,NSE,SUNPHARMA,raw_l2/trade_date=2026-07-17/exchange=NSE/symbol=SUNPHARMA/part-035326_160947-001180.parquet,real_data_sample\l2_unseen_validation\trade_date=2026-07-17\exchange=NSE\symbol=SUNPHARMA\part-035326_160947-001180.parquet,34459,downloaded,34459,
2026-07-17,NSE,SUNPHARMA,raw_l2/trade_date=2026-07-17/exchange=NSE/symbol=SUNPHARMA/part-035258_563556-001116.parquet,real_data_sample\l2_unseen_validation\trade_date=2026-07-17\exchange=NSE\symbol=SUNPHARMA\part-035258_563556-001116.parquet,34145,downloaded,34145,
2026-07-17,NSE,SUNPHARMA,raw_l2/trade_date=2026-07-17/exchange=NSE/symbol=SUNPHARMA/part-035751_390771-001788.parquet,real_data_sample\l2_unseen_validation\trade_date=2026-07-17\exchange=NSE\symbol=SUNPHARMA\part-035751_390771-001788.parquet,34499,downloaded,34499,
2026-07-17,NSE,SUNPHARMA,raw_l2/trade_date=2026-07-17/exchange=NSE/symbol=SUNPHARMA/part-035449_228164-001372.parquet,real_data_sample\l2_unseen_validation\trade_date=2026-07-17\exchange=NSE\symbol=SUNPHARMA\part-035449_228164-001372.parquet,34482,downloaded,34482,
2026-07-17,NSE,SUNPHARMA,raw_l2/trade_date=2026-07-17/exchange=NSE/symbol=SUNPHARMA/part-035421_458023-001308.parquet,real_data_sample\l2_unseen_validation\trade_date=2026-07-17\exchange=NSE\symbol=SUNPHARMA\part-035421_458023-001308.parquet,34145,downloaded,34145,
2026-07-17,NSE,SUNPHARMA,raw_l2/trade_date=2026-07-17/exchange=NSE/symbol=SUNPHARMA/part-035517_391667-001436.parquet,real_data_sample\l2_unseen_validation\trade_date=2026-07-17\exchange=NSE\symbol=SUNPHARMA\part-035517_391667-001436.parquet,34436,downloaded,34436,
2026-07-17,NSE,SUNPHARMA,raw_l2/trade_date=2026-07-17/exchange=NSE/symbol=SUNPHARMA/part-035929_945451-002012.parquet,real_data_sample\l2_unseen_validation\trade_date=2026-07-17\exchange=NSE\symbol=SUNPHARMA\part-035929_945451-002012.parquet,34494,downloaded,34494,
2026-07-17,NSE,SUNPHARMA,raw_l2/trade_date=2026-07-17/exchange=NSE/symbol=SUNPHARMA/part-035627_316320-001596.parquet,real_data_sample\l2_unseen_validation\trade_date=2026-07-17\exchange=NSE\symbol=SUNPHARMA\part-035627_316320-001596.parquet,34420,downloaded,34420,
2026-07-17,NSE,SUNPHARMA,raw_l2/trade_date=2026-07-17/exchange=NSE/symbol=SUNPHARMA/part-035435_405528-001340.parquet,real_data_sample\l2_unseen_validation\trade_date=2026-07-17\exchange=NSE\symbol=SUNPHARMA\part-035435_405528-001340.parquet,34381,downloaded,34381,
2026-07-17,NSE,SUNPHARMA,raw_l2/trade_date=2026-07-17/exchange=NSE/symbol=SUNPHARMA/part-035641_231764-001628.parquet,real_data_sample\l2_unseen_validation\trade_date=2026-07-17\exchange=NSE\symbol=SUNPHARMA\part-035641_231764-001628.parquet,34494,downloaded,34494,
2026-07-17,NSE,SUNPHARMA,raw_l2/trade_date=2026-07-17/exchange=NSE/symbol=SUNPHARMA/part-035820_059952-001852.parquet,real_data_sample\l2_unseen_validation\trade_date=2026-07-17\exchange=NSE\symbol=SUNPHARMA\part-035820_059952-001852.parquet,34395,downloaded,34395,
2026-07-17,NSE,SUNPHARMA,raw_l2/trade_date=2026-07-17/exchange=NSE/symbol=SUNPHARMA/part-035944_056030-002044.parquet,real_data_sample\l2_unseen_validation\trade_date=2026-07-17\exchange=NSE\symbol=SUNPHARMA\part-035944_056030-002044.parquet,34485,downloaded,34485,
2026-07-17,NSE,SUNPHARMA,raw_l2/trade_date=2026-07-17/exchange=NSE/symbol=SUNPHARMA/part-035723_078808-001724.parquet,real_data_sample\l2_unseen_validation\trade_date=2026-07-17\exchange=NSE\symbol=SUNPHARMA\part-035723_078808-001724.parquet,34356,downloaded,34356,
2026-07-17,NSE,SUNPHARMA,raw_l2/trade_date=2026-07-17/exchange=NSE/symbol=SUNPHARMA/part-035805_804073-001820.parquet,real_data_sample\l2_unseen_validation\trade_date=2026-07-17\exchange=NSE\symbol=SUNPHARMA\part-035805_804073-001820.parquet,34529,downloaded,34529,
2026-07-17,NSE,SUNPHARMA,raw_l2/trade_date=2026-07-17/exchange=NSE/symbol=SUNPHARMA/part-040452_631214-002748.parquet,real_data_sample\l2_unseen_validation\trade_date=2026-07-17\exchange=NSE\symbol=SUNPHARMA\part-040452_631214-002748.parquet,34530,downloaded,34530,
2026-07-17,NSE,SUNPHARMA,raw_l2/trade_date=2026-07-17/exchange=NSE/symbol=SUNPHARMA/part-040314_309171-002524.parquet,real_data_sample\l2_unseen_validation\trade_date=2026-07-17\exchange=NSE\symbol=SUNPHARMA\part-040314_309171-002524.parquet,34521,downloaded,34521,
2026-07-17,NSE,SUNPHARMA,raw_l2/trade_date=2026-07-17/exchange=NSE/symbol=SUNPHARMA/part-040203_192627-002364.parquet,real_data_sample\l2_unseen_validation\trade_date=2026-07-17\exchange=NSE\symbol=SUNPHARMA\part-040203_192627-002364.parquet,34501,downloaded,34501,
2026-07-17,NSE,SUNPHARMA,raw_l2/trade_date=2026-07-17/exchange=NSE/symbol=SUNPHARMA/part-040631_090924-002972.parquet,real_data_sample\l2_unseen_validation\trade_date=2026-07-17\exchange=NSE\symbol=SUNPHARMA\part-040631_090924-002972.parquet,34564,downloaded,34564,
2026-07-17,NSE,SUNPHARMA,raw_l2/trade_date=2026-07-17/exchange=NSE/symbol=SUNPHARMA/part-040300_071607-002492.parquet,real_data_sample\l2_unseen_validation\trade_date=2026-07-17\exchange=NSE\symbol=SUNPHARMA\part-040300_071607-002492.parquet,34656,downloaded,34656,
2026-07-17,NSE,SUNPHARMA,raw_l2/trade_date=2026-07-17/exchange=NSE/symbol=SUNPHARMA/part-040521_132458-002812.parquet,real_data_sample\l2_unseen_validation\trade_date=2026-07-17\exchange=NSE\symbol=SUNPHARMA\part-040521_132458-002812.parquet,34500,downloaded,34500,
2026-07-17,NSE,SUNPHARMA,raw_l2/trade_date=2026-07-17/exchange=NSE/symbol=SUNPHARMA/part-040135_309369-002300.parquet,real_data_sample\l2_unseen_validation\trade_date=2026-07-17\exchange=NSE\symbol=SUNPHARMA\part-040135_309369-002300.parquet,34409,downloaded,34409,
2026-07-17,NSE,SUNPHARMA,raw_l2/trade_date=2026-07-17/exchange=NSE/symbol=SUNPHARMA/part-040149_176946-002332.parquet,real_data_sample\l2_unseen_validation\trade_date=2026-07-17\exchange=NSE\symbol=SUNPHARMA\part-040149_176946-002332.parquet,34532,downloaded,34532,
2026-07-17,NSE,SUNPHARMA,raw_l2/trade_date=2026-07-17/exchange=NSE/symbol=SUNPHARMA/part-040121_493136-002268.parquet,real_data_sample\l2_unseen_validation\trade_date=2026-07-17\exchange=NSE\symbol=SUNPHARMA\part-040121_493136-002268.parquet,34373,downloaded,34373,
2026-07-17,NSE,SUNPHARMA,raw_l2/trade_date=2026-07-17/exchange=NSE/symbol=SUNPHARMA/part-040658_879925-003036.parquet,real_data_sample\l2_unseen_validation\trade_date=2026-07-17\exchange=NSE\symbol=SUNPHARMA\part-040658_879925-003036.parquet,34391,downloaded,34391,
2026-07-17,NSE,SUNPHARMA,raw_l2/trade_date=2026-07-17/exchange=NSE/symbol=SUNPHARMA/part-040617_167833-002940.parquet,real_data_sample\l2_unseen_validation\trade_date=2026-07-17\exchange=NSE\symbol=SUNPHARMA\part-040617_167833-002940.parquet,34471,downloaded,34471,
2026-07-17,NSE,SUNPHARMA,raw_l2/trade_date=2026-07-17/exchange=NSE/symbol=SUNPHARMA/part-040107_639499-002236.parquet,real_data_sample\l2_unseen_validation\trade_date=2026-07-17\exchange=NSE\symbol=SUNPHARMA\part-040107_639499-002236.parquet,34171,downloaded,34171,
2026-07-17,NSE,SUNPHARMA,raw_l2/trade_date=2026-07-17/exchange=NSE/symbol=SUNPHARMA/part-040053_696359-002204.parquet,real_data_sample\l2_unseen_validation\trade_date=2026-07-17\exchange=NSE\symbol=SUNPHARMA\part-040053_696359-002204.parquet,34499,downloaded,34499,
2026-07-17,NSE,SUNPHARMA,raw_l2/trade_date=2026-07-17/exchange=NSE/symbol=SUNPHARMA/part-040026_176418-002140.parquet,real_data_sample\l2_unseen_validation\trade_date=2026-07-17\exchange=NSE\symbol=SUNPHARMA\part-040026_176418-002140.parquet,34404,downloaded,34404,
2026-07-17,NSE,SUNPHARMA,raw_l2/trade_date=2026-07-17/exchange=NSE/symbol=SUNPHARMA/part-040040_009384-002172.parquet,real_data_sample\l2_unseen_validation\trade_date=2026-07-17\exchange=NSE\symbol=SUNPHARMA\part-040040_009384-002172.parquet,34631,downloaded,34631,
2026-07-17,NSE,SUNPHARMA,raw_l2/trade_date=2026-07-17/exchange=NSE/symbol=SUNPHARMA/part-040603_291986-002908.parquet,real_data_sample\l2_unseen_validation\trade_date=2026-07-17\exchange=NSE\symbol=SUNPHARMA\part-040603_291986-002908.parquet,34655,downloaded,34655,
2026-07-17,NSE,SUNPHARMA,raw_l2/trade_date=2026-07-17/exchange=NSE/symbol=SUNPHARMA/part-040712_907388-003068.parquet,real_data_sample\l2_unseen_validation\trade_date=2026-07-17\exchange=NSE\symbol=SUNPHARMA\part-040712_907388-003068.parquet,34625,downloaded,34625,
2026-07-17,NSE,SUNPHARMA,raw_l2/trade_date=2026-07-17/exchange=NSE/symbol=SUNPHARMA/part-040424_806066-002684.parquet,real_data_sample\l2_unseen_validation\trade_date=2026-07-17\exchange=NSE\symbol=SUNPHARMA\part-040424_806066-002684.parquet,34769,downloaded,34769,
2026-07-17,NSE,SUNPHARMA,raw_l2/trade_date=2026-07-17/exchange=NSE/symbol=SUNPHARMA/part-040645_022253-003004.parquet,real_data_sample\l2_unseen_validation\trade_date=2026-07-17\exchange=NSE\symbol=SUNPHARMA\part-040645_022253-003004.parquet,34471,downloaded,34471,
2026-07-17,NSE,SUNPHARMA,raw_l2/trade_date=2026-07-17/exchange=NSE/symbol=SUNPHARMA/part-035958_019640-002076.parquet,real_data_sample\l2_unseen_validation\trade_date=2026-07-17\exchange=NSE\symbol=SUNPHARMA\part-035958_019640-002076.parquet,34594,downloaded,34594,
2026-07-17,NSE,SUNPHARMA,raw_l2/trade_date=2026-07-17/exchange=NSE/symbol=SUNPHARMA/part-041003_287733-003452.parquet,real_data_sample\l2_unseen_validation\trade_date=2026-07-17\exchange=NSE\symbol=SUNPHARMA\part-041003_287733-003452.parquet,34603,downloaded,34603,
2026-07-17,NSE,SUNPHARMA,raw_l2/trade_date=2026-07-17/exchange=NSE/symbol=SUNPHARMA/part-040726_903879-003100.parquet,real_data_sample\l2_unseen_validation\trade_date=2026-07-17\exchange=NSE\symbol=SUNPHARMA\part-040726_903879-003100.parquet,34556,downloaded,34556,
2026-07-17,NSE,SUNPHARMA,raw_l2/trade_date=2026-07-17/exchange=NSE/symbol=SUNPHARMA/part-040755_122271-003164.parquet,real_data_sample\l2_unseen_validation\trade_date=2026-07-17\exchange=NSE\symbol=SUNPHARMA\part-040755_122271-003164.parquet,34735,downloaded,34735,
2026-07-17,NSE,SUNPHARMA,raw_l2/trade_date=2026-07-17/exchange=NSE/symbol=SUNPHARMA/part-040934_958596-003388.parquet,real_data_sample\l2_unseen_validation\trade_date=2026-07-17\exchange=NSE\symbol=SUNPHARMA\part-040934_958596-003388.parquet,34612,downloaded,34612,
2026-07-17,NSE,SUNPHARMA,raw_l2/trade_date=2026-07-17/exchange=NSE/symbol=SUNPHARMA/part-041017_161389-003484.parquet,real_data_sample\l2_unseen_validation\trade_date=2026-07-17\exchange=NSE\symbol=SUNPHARMA\part-041017_161389-003484.parquet,34434,downloaded,34434,
2026-07-17,NSE,SUNPHARMA,raw_l2/trade_date=2026-07-17/exchange=NSE/symbol=SUNPHARMA/part-040809_218248-003196.parquet,real_data_sample\l2_unseen_validation\trade_date=2026-07-17\exchange=NSE\symbol=SUNPHARMA\part-040809_218248-003196.parquet,34568,downloaded,34568,
2026-07-17,NSE,SUNPHARMA,raw_l2/trade_date=2026-07-17/exchange=NSE/symbol=SUNPHARMA/part-040920_395905-003356.parquet,real_data_sample\l2_unseen_validation\trade_date=2026-07-17\exchange=NSE\symbol=SUNPHARMA\part-040920_395905-003356.parquet,34419,downloaded,34419,
2026-07-17,NSE,SUNPHARMA,raw_l2/trade_date=2026-07-17/exchange=NSE/symbol=SUNPHARMA/part-040741_144427-003132.parquet,real_data_sample\l2_unseen_validation\trade_date=2026-07-17\exchange=NSE\symbol=SUNPHARMA\part-040741_144427-003132.parquet,34684,downloaded,34684,
2026-07-17,NSE,SUNPHARMA,raw_l2/trade_date=2026-07-17/exchange=NSE/symbol=SUNPHARMA/part-041045_797646-003548.parquet,real_data_sample\l2_unseen_validation\trade_date=2026-07-17\exchange=NSE\symbol=SUNPHARMA\part-041045_797646-003548.parquet,34739,downloaded,34739,
2026-07-17,NSE,SUNPHARMA,raw_l2/trade_date=2026-07-17/exchange=NSE/symbol=SUNPHARMA/part-040906_328439-003324.parquet,real_data_sample\l2_unseen_validation\trade_date=2026-07-17\exchange=NSE\symbol=SUNPHARMA\part-040906_328439-003324.parquet,34499,downloaded,34499,
2026-07-17,NSE,SUNPHARMA,raw_l2/trade_date=2026-07-17/exchange=NSE/symbol=SUNPHARMA/part-041031_438256-003516.parquet,real_data_sample\l2_unseen_validation\trade_date=2026-07-17\exchange=NSE\symbol=SUNPHARMA\part-041031_438256-003516.parquet,34465,downloaded,34465,
2026-07-17,NSE,SUNPHARMA,raw_l2/trade_date=2026-07-17/exchange=NSE/symbol=SUNPHARMA/part-040949_220964-003420.parquet,real_data_sample\l2_unseen_validation\trade_date=2026-07-17\exchange=NSE\symbol=SUNPHARMA\part-040949_220964-003420.parquet,34753,downloaded,34753,
2026-07-17,NSE,SUNPHARMA,raw_l2/trade_date=2026-07-17/exchange=NSE/symbol=SUNPHARMA/part-040837_704847-003260.parquet,real_data_sample\l2_unseen_validation\trade_date=2026-07-17\exchange=NSE\symbol=SUNPHARMA\part-040837_704847-003260.parquet,34705,downloaded,34705,
2026-07-17,NSE,SUNPHARMA,raw_l2/trade_date=2026-07-17/exchange=NSE/symbol=SUNPHARMA/part-040823_743320-003228.parquet,real_data_sample\l2_unseen_validation\trade_date=2026-07-17\exchange=NSE\symbol=SUNPHARMA\part-040823_743320-003228.parquet,34630,downloaded,34630,
2026-07-17,NSE,SUNPHARMA,raw_l2/trade_date=2026-07-17/exchange=NSE/symbol=SUNPHARMA/part-041127_832520-003644.parquet,real_data_sample\l2_unseen_validation\trade_date=2026-07-17\exchange=NSE\symbol=SUNPHARMA\part-041127_832520-003644.parquet,34628,downloaded,34628,
2026-07-17,NSE,SUNPHARMA,raw_l2/trade_date=2026-07-17/exchange=NSE/symbol=SUNPHARMA/part-040852_255892-003292.parquet,real_data_sample\l2_unseen_validation\trade_date=2026-07-17\exchange=NSE\symbol=SUNPHARMA\part-040852_255892-003292.parquet,34373,downloaded,34373,
2026-07-17,NSE,SUNPHARMA,raw_l2/trade_date=2026-07-17/exchange=NSE/symbol=SUNPHARMA/part-041114_091564-003612.parquet,real_data_sample\l2_unseen_validation\trade_date=2026-07-17\exchange=NSE\symbol=SUNPHARMA\part-041114_091564-003612.parquet,34657,downloaded,34657,
2026-07-17,NSE,SUNPHARMA,raw_l2/trade_date=2026-07-17/exchange=NSE/symbol=SUNPHARMA/part-041141_882393-003676.parquet,real_data_sample\l2_unseen_validation\trade_date=2026-07-17\exchange=NSE\symbol=SUNPHARMA\part-041141_882393-003676.parquet,34419,downloaded,34419,
2026-07-17,NSE,SUNPHARMA,raw_l2/trade_date=2026-07-17/exchange=NSE/symbol=SUNPHARMA/part-041059_945060-003580.parquet,real_data_sample\l2_unseen_validation\trade_date=2026-07-17\exchange=NSE\symbol=SUNPHARMA\part-041059_945060-003580.parquet,34483,downloaded,34483,
2026-07-17,NSE,SUNPHARMA,raw_l2/trade_date=2026-07-17/exchange=NSE/symbol=SUNPHARMA/part-041223_641798-003772.parquet,real_data_sample\l2_unseen_validation\trade_date=2026-07-17\exchange=NSE\symbol=SUNPHARMA\part-041223_641798-003772.parquet,34403,downloaded,34403,
2026-07-17,NSE,SUNPHARMA,raw_l2/trade_date=2026-07-17/exchange=NSE/symbol=SUNPHARMA/part-041539_391906-004220.parquet,real_data_sample\l2_unseen_validation\trade_date=2026-07-17\exchange=NSE\symbol=SUNPHARMA\part-041539_391906-004220.parquet,34726,downloaded,34726,
2026-07-17,NSE,SUNPHARMA,raw_l2/trade_date=2026-07-17/exchange=NSE/symbol=SUNPHARMA/part-041429_407973-004060.parquet,real_data_sample\l2_unseen_validation\trade_date=2026-07-17\exchange=NSE\symbol=SUNPHARMA\part-041429_407973-004060.parquet,34460,downloaded,34460,
2026-07-17,NSE,SUNPHARMA,raw_l2/trade_date=2026-07-17/exchange=NSE/symbol=SUNPHARMA/part-041209_784728-003740.parquet,real_data_sample\l2_unseen_validation\trade_date=2026-07-17\exchange=NSE\symbol=SUNPHARMA\part-041209_784728-003740.parquet,34442,downloaded,34442,
2026-07-17,NSE,SUNPHARMA,raw_l2/trade_date=2026-07-17/exchange=NSE/symbol=SUNPHARMA/part-041305_151504-003868.parquet,real_data_sample\l2_unseen_validation\trade_date=2026-07-17\exchange=NSE\symbol=SUNPHARMA\part-041305_151504-003868.parquet,34680,downloaded,34680,
2026-07-17,NSE,SUNPHARMA,raw_l2/trade_date=2026-07-17/exchange=NSE/symbol=SUNPHARMA/part-041511_331271-004156.parquet,real_data_sample\l2_unseen_validation\trade_date=2026-07-17\exchange=NSE\symbol=SUNPHARMA\part-041511_331271-004156.parquet,34752,downloaded,34752,
2026-07-17,NSE,SUNPHARMA,raw_l2/trade_date=2026-07-17/exchange=NSE/symbol=SUNPHARMA/part-041525_166847-004188.parquet,real_data_sample\l2_unseen_validation\trade_date=2026-07-17\exchange=NSE\symbol=SUNPHARMA\part-041525_166847-004188.parquet,34466,downloaded,34466,
2026-07-17,NSE,SUNPHARMA,raw_l2/trade_date=2026-07-17/exchange=NSE/symbol=SUNPHARMA/part-041319_159905-003900.parquet,real_data_sample\l2_unseen_validation\trade_date=2026-07-17\exchange=NSE\symbol=SUNPHARMA\part-041319_159905-003900.parquet,34744,downloaded,34744,
2026-07-17,NSE,SUNPHARMA,raw_l2/trade_date=2026-07-17/exchange=NSE/symbol=SUNPHARMA/part-041237_590999-003804.parquet,real_data_sample\l2_unseen_validation\trade_date=2026-07-17\exchange=NSE\symbol=SUNPHARMA\part-041237_590999-003804.parquet,34588,downloaded,34588,
2026-07-17,NSE,SUNPHARMA,raw_l2/trade_date=2026-07-17/exchange=NSE/symbol=SUNPHARMA/part-041457_379352-004124.parquet,real_data_sample\l2_unseen_validation\trade_date=2026-07-17\exchange=NSE\symbol=SUNPHARMA\part-041457_379352-004124.parquet,34681,downloaded,34681,
2026-07-17,NSE,SUNPHARMA,raw_l2/trade_date=2026-07-17/exchange=NSE/symbol=SUNPHARMA/part-041621_861479-004316.parquet,real_data_sample\l2_unseen_validation\trade_date=2026-07-17\exchange=NSE\symbol=SUNPHARMA\part-041621_861479-004316.parquet,34455,downloaded,34455,
2026-07-17,NSE,SUNPHARMA,raw_l2/trade_date=2026-07-17/exchange=NSE/symbol=SUNPHARMA/part-041251_360933-003836.parquet,real_data_sample\l2_unseen_validation\trade_date=2026-07-17\exchange=NSE\symbol=SUNPHARMA\part-041251_360933-003836.parquet,34700,downloaded,34700,
2026-07-17,NSE,SUNPHARMA,raw_l2/trade_date=2026-07-17/exchange=NSE/symbol=SUNPHARMA/part-041608_053848-004284.parquet,real_data_sample\l2_unseen_validation\trade_date=2026-07-17\exchange=NSE\symbol=SUNPHARMA\part-041608_053848-004284.parquet,34676,downloaded,34676,
2026-07-17,NSE,SUNPHARMA,raw_l2/trade_date=2026-07-17/exchange=NSE/symbol=SUNPHARMA/part-041443_457758-004092.parquet,real_data_sample\l2_unseen_validation\trade_date=2026-07-17\exchange=NSE\symbol=SUNPHARMA\part-041443_457758-004092.parquet,34672,downloaded,34672,
2026-07-17,NSE,SUNPHARMA,raw_l2/trade_date=2026-07-17/exchange=NSE/symbol=SUNPHARMA/part-041554_296762-004252.parquet,real_data_sample\l2_unseen_validation\trade_date=2026-07-17\exchange=NSE\symbol=SUNPHARMA\part-041554_296762-004252.parquet,34660,downloaded,34660,
2026-07-17,NSE,SUNPHARMA,raw_l2/trade_date=2026-07-17/exchange=NSE/symbol=SUNPHARMA/part-041333_246688-003932.parquet,real_data_sample\l2_unseen_validation\trade_date=2026-07-17\exchange=NSE\symbol=SUNPHARMA\part-041333_246688-003932.parquet,34733,downloaded,34733,
2026-07-17,NSE,SUNPHARMA,raw_l2/trade_date=2026-07-17/exchange=NSE/symbol=SUNPHARMA/part-041415_461096-004028.parquet,real_data_sample\l2_unseen_validation\trade_date=2026-07-17\exchange=NSE\symbol=SUNPHARMA\part-041415_461096-004028.parquet,34756,downloaded,34756,
2026-07-17,NSE,SUNPHARMA,raw_l2/trade_date=2026-07-17/exchange=NSE/symbol=SUNPHARMA/part-041401_467214-003996.parquet,real_data_sample\l2_unseen_validation\trade_date=2026-07-17\exchange=NSE\symbol=SUNPHARMA\part-041401_467214-003996.parquet,34682,downloaded,34682,
2026-07-17,NSE,SUNPHARMA,raw_l2/trade_date=2026-07-17/exchange=NSE/symbol=SUNPHARMA/part-041347_252510-003964.parquet,real_data_sample\l2_unseen_validation\trade_date=2026-07-17\exchange=NSE\symbol=SUNPHARMA\part-041347_252510-003964.parquet,34401,downloaded,34401,
2026-07-17,NSE,SUNPHARMA,raw_l2/trade_date=2026-07-17/exchange=NSE/symbol=SUNPHARMA/part-041155_643435-003708.parquet,real_data_sample\l2_unseen_validation\trade_date=2026-07-17\exchange=NSE\symbol=SUNPHARMA\part-041155_643435-003708.parquet,34385,downloaded,34385,
2026-07-17,NSE,SUNPHARMA,raw_l2/trade_date=2026-07-17/exchange=NSE/symbol=SUNPHARMA/part-041703_201557-004412.parquet,real_data_sample\l2_unseen_validation\trade_date=2026-07-17\exchange=NSE\symbol=SUNPHARMA\part-041703_201557-004412.parquet,34498,downloaded,34498,
2026-07-17,NSE,SUNPHARMA,raw_l2/trade_date=2026-07-17/exchange=NSE/symbol=SUNPHARMA/part-041731_509232-004476.parquet,real_data_sample\l2_unseen_validation\trade_date=2026-07-17\exchange=NSE\symbol=SUNPHARMA\part-041731_509232-004476.parquet,34663,downloaded,34663,
2026-07-17,NSE,SUNPHARMA,raw_l2/trade_date=2026-07-17/exchange=NSE/symbol=SUNPHARMA/part-041635_492657-004348.parquet,real_data_sample\l2_unseen_validation\trade_date=2026-07-17\exchange=NSE\symbol=SUNPHARMA\part-041635_492657-004348.parquet,34601,downloaded,34601,
2026-07-17,NSE,SUNPHARMA,raw_l2/trade_date=2026-07-17/exchange=NSE/symbol=SUNPHARMA/part-041717_043279-004444.parquet,real_data_sample\l2_unseen_validation\trade_date=2026-07-17\exchange=NSE\symbol=SUNPHARMA\part-041717_043279-004444.parquet,34381,downloaded,34381,
2026-07-17,NSE,SUNPHARMA,raw_l2/trade_date=2026-07-17/exchange=NSE/symbol=SUNPHARMA/part-041759_143158-004540.parquet,real_data_sample\l2_unseen_validation\trade_date=2026-07-17\exchange=NSE\symbol=SUNPHARMA\part-041759_143158-004540.parquet,34497,downloaded,34497,
2026-07-17,NSE,SUNPHARMA,raw_l2/trade_date=2026-07-17/exchange=NSE/symbol=SUNPHARMA/part-041909_020430-004700.parquet,real_data_sample\l2_unseen_validation\trade_date=2026-07-17\exchange=NSE\symbol=SUNPHARMA\part-041909_020430-004700.parquet,35650,downloaded,35650,
2026-07-17,NSE,SUNPHARMA,raw_l2/trade_date=2026-07-17/exchange=NSE/symbol=SUNPHARMA/part-041840_399205-004636.parquet,real_data_sample\l2_unseen_validation\trade_date=2026-07-17\exchange=NSE\symbol=SUNPHARMA\part-041840_399205-004636.parquet,35410,downloaded,35410,
2026-07-17,NSE,SUNPHARMA,raw_l2/trade_date=2026-07-17/exchange=NSE/symbol=SUNPHARMA/part-042033_071171-004892.parquet,real_data_sample\l2_unseen_validation\trade_date=2026-07-17\exchange=NSE\symbol=SUNPHARMA\part-042033_071171-004892.parquet,35560,downloaded,35560,
2026-07-17,NSE,SUNPHARMA,raw_l2/trade_date=2026-07-17/exchange=NSE/symbol=SUNPHARMA/part-041854_796674-004668.parquet,real_data_sample\l2_unseen_validation\trade_date=2026-07-17\exchange=NSE\symbol=SUNPHARMA\part-041854_796674-004668.parquet,35085,downloaded,35085,
2026-07-17,NSE,SUNPHARMA,raw_l2/trade_date=2026-07-17/exchange=NSE/symbol=SUNPHARMA/part-041923_337782-004732.parquet,real_data_sample\l2_unseen_validation\trade_date=2026-07-17\exchange=NSE\symbol=SUNPHARMA\part-041923_337782-004732.parquet,34808,downloaded,34808,
2026-07-17,NSE,SUNPHARMA,raw_l2/trade_date=2026-07-17/exchange=NSE/symbol=SUNPHARMA/part-042047_057825-004924.parquet,real_data_sample\l2_unseen_validation\trade_date=2026-07-17\exchange=NSE\symbol=SUNPHARMA\part-042047_057825-004924.parquet,35309,downloaded,35309,
2026-07-17,NSE,SUNPHARMA,raw_l2/trade_date=2026-07-17/exchange=NSE/symbol=SUNPHARMA/part-041826_500090-004604.parquet,real_data_sample\l2_unseen_validation\trade_date=2026-07-17\exchange=NSE\symbol=SUNPHARMA\part-041826_500090-004604.parquet,35449,downloaded,35449,
2026-07-17,NSE,SUNPHARMA,raw_l2/trade_date=2026-07-17/exchange=NSE/symbol=SUNPHARMA/part-041745_350463-004508.parquet,real_data_sample\l2_unseen_validation\trade_date=2026-07-17\exchange=NSE\symbol=SUNPHARMA\part-041745_350463-004508.parquet,34694,downloaded,34694,
2026-07-17,NSE,SUNPHARMA,raw_l2/trade_date=2026-07-17/exchange=NSE/symbol=SUNPHARMA/part-041812_722848-004572.parquet,real_data_sample\l2_unseen_validation\trade_date=2026-07-17\exchange=NSE\symbol=SUNPHARMA\part-041812_722848-004572.parquet,34731,downloaded,34731,
2026-07-17,NSE,SUNPHARMA,raw_l2/trade_date=2026-07-17/exchange=NSE/symbol=SUNPHARMA/part-041649_439700-004380.parquet,real_data_sample\l2_unseen_validation\trade_date=2026-07-17\exchange=NSE\symbol=SUNPHARMA\part-041649_439700-004380.parquet,34489,downloaded,34489,
2026-07-17,NSE,SUNPHARMA,raw_l2/trade_date=2026-07-17/exchange=NSE/symbol=SUNPHARMA/part-042005_385493-004828.parquet,real_data_sample\l2_unseen_validation\trade_date=2026-07-17\exchange=NSE\symbol=SUNPHARMA\part-042005_385493-004828.parquet,34623,downloaded,34623,
2026-07-17,NSE,SUNPHARMA,raw_l2/trade_date=2026-07-17/exchange=NSE/symbol=SUNPHARMA/part-041937_390757-004764.parquet,real_data_sample\l2_unseen_validation\trade_date=2026-07-17\exchange=NSE\symbol=SUNPHARMA\part-041937_390757-004764.parquet,34561,downloaded,34561,
2026-07-17,NSE,SUNPHARMA,raw_l2/trade_date=2026-07-17/exchange=NSE/symbol=SUNPHARMA/part-042019_349791-004860.parquet,real_data_sample\l2_unseen_validation\trade_date=2026-07-17\exchange=NSE\symbol=SUNPHARMA\part-042019_349791-004860.parquet,35086,downloaded,35086,
2026-07-17,NSE,SUNPHARMA,raw_l2/trade_date=2026-07-17/exchange=NSE/symbol=SUNPHARMA/part-041951_466631-004796.parquet,real_data_sample\l2_unseen_validation\trade_date=2026-07-17\exchange=NSE\symbol=SUNPHARMA\part-041951_466631-004796.parquet,34547,downloaded,34547,
2026-07-17,NSE,SUNPHARMA,raw_l2/trade_date=2026-07-17/exchange=NSE/symbol=SUNPHARMA/part-042114_589106-004988.parquet,real_data_sample\l2_unseen_validation\trade_date=2026-07-17\exchange=NSE\symbol=SUNPHARMA\part-042114_589106-004988.parquet,35422,downloaded,35422,
2026-07-17,NSE,SUNPHARMA,raw_l2/trade_date=2026-07-17/exchange=NSE/symbol=SUNPHARMA/part-042128_563343-005020.parquet,real_data_sample\l2_unseen_validation\trade_date=2026-07-17\exchange=NSE\symbol=SUNPHARMA\part-042128_563343-005020.parquet,34653,downloaded,34653,
2026-07-17,NSE,SUNPHARMA,raw_l2/trade_date=2026-07-17/exchange=NSE/symbol=SUNPHARMA/part-042142_659004-005052.parquet,real_data_sample\l2_unseen_validation\trade_date=2026-07-17\exchange=NSE\symbol=SUNPHARMA\part-042142_659004-005052.parquet,34774,downloaded,34774,
2026-07-17,NSE,SUNPHARMA,raw_l2/trade_date=2026-07-17/exchange=NSE/symbol=SUNPHARMA/part-042334_410058-005308.parquet,real_data_sample\l2_unseen_validation\trade_date=2026-07-17\exchange=NSE\symbol=SUNPHARMA\part-042334_410058-005308.parquet,34458,downloaded,34458,
2026-07-17,NSE,SUNPHARMA,raw_l2/trade_date=2026-07-17/exchange=NSE/symbol=SUNPHARMA/part-042252_372020-005212.parquet,real_data_sample\l2_unseen_validation\trade_date=2026-07-17\exchange=NSE\symbol=SUNPHARMA\part-042252_372020-005212.parquet,35094,downloaded,35094,
2026-07-17,NSE,SUNPHARMA,raw_l2/trade_date=2026-07-17/exchange=NSE/symbol=SUNPHARMA/part-042348_449723-005340.parquet,real_data_sample\l2_unseen_validation\trade_date=2026-07-17\exchange=NSE\symbol=SUNPHARMA\part-042348_449723-005340.parquet,34623,downloaded,34623,
2026-07-17,NSE,SUNPHARMA,raw_l2/trade_date=2026-07-17/exchange=NSE/symbol=SUNPHARMA/part-042238_614318-005180.parquet,real_data_sample\l2_unseen_validation\trade_date=2026-07-17\exchange=NSE\symbol=SUNPHARMA\part-042238_614318-005180.parquet,35457,downloaded,35457,
2026-07-17,NSE,SUNPHARMA,raw_l2/trade_date=2026-07-17/exchange=NSE/symbol=SUNPHARMA/part-042416_095158-005404.parquet,real_data_sample\l2_unseen_validation\trade_date=2026-07-17\exchange=NSE\symbol=SUNPHARMA\part-042416_095158-005404.parquet,34558,downloaded,34558,
2026-07-17,NSE,SUNPHARMA,raw_l2/trade_date=2026-07-17/exchange=NSE/symbol=SUNPHARMA/part-042320_476015-005276.parquet,real_data_sample\l2_unseen_validation\trade_date=2026-07-17\exchange=NSE\symbol=SUNPHARMA\part-042320_476015-005276.parquet,35066,downloaded,35066,
2026-07-17,NSE,SUNPHARMA,raw_l2/trade_date=2026-07-17/exchange=NSE/symbol=SUNPHARMA/part-042306_362012-005244.parquet,real_data_sample\l2_unseen_validation\trade_date=2026-07-17\exchange=NSE\symbol=SUNPHARMA\part-042306_362012-005244.parquet,35360,downloaded,35360,
2026-07-17,NSE,SUNPHARMA,raw_l2/trade_date=2026-07-17/exchange=NSE/symbol=SUNPHARMA/part-042402_322691-005372.parquet,real_data_sample\l2_unseen_validation\trade_date=2026-07-17\exchange=NSE\symbol=SUNPHARMA\part-042402_322691-005372.parquet,34699,downloaded,34699,
2026-07-17,NSE,SUNPHARMA,raw_l2/trade_date=2026-07-17/exchange=NSE/symbol=SUNPHARMA/part-042156_677394-005084.parquet,real_data_sample\l2_unseen_validation\trade_date=2026-07-17\exchange=NSE\symbol=SUNPHARMA\part-042156_677394-005084.parquet,34752,downloaded,34752,
2026-07-17,NSE,SUNPHARMA,raw_l2/trade_date=2026-07-17/exchange=NSE/symbol=SUNPHARMA/part-042224_661970-005148.parquet,real_data_sample\l2_unseen_validation\trade_date=2026-07-17\exchange=NSE\symbol=SUNPHARMA\part-042224_661970-005148.parquet,35515,downloaded,35515,
2026-07-17,NSE,SUNPHARMA,raw_l2/trade_date=2026-07-17/exchange=NSE/symbol=SUNPHARMA/part-042210_727930-005116.parquet,real_data_sample\l2_unseen_validation\trade_date=2026-07-17\exchange=NSE\symbol=SUNPHARMA\part-042210_727930-005116.parquet,34758,downloaded,34758,
2026-07-17,NSE,SUNPHARMA,raw_l2/trade_date=2026-07-17/exchange=NSE/symbol=SUNPHARMA/part-042430_180368-005436.parquet,real_data_sample\l2_unseen_validation\trade_date=2026-07-17\exchange=NSE\symbol=SUNPHARMA\part-042430_180368-005436.parquet,34670,downloaded,34670,
2026-07-17,NSE,SUNPHARMA,raw_l2/trade_date=2026-07-17/exchange=NSE/symbol=SUNPHARMA/part-042100_805643-004956.parquet,real_data_sample\l2_unseen_validation\trade_date=2026-07-17\exchange=NSE\symbol=SUNPHARMA\part-042100_805643-004956.parquet,35402,downloaded,35402,
2026-07-17,NSE,SUNPHARMA,raw_l2/trade_date=2026-07-17/exchange=NSE/symbol=SUNPHARMA/part-042444_136350-005468.parquet,real_data_sample\l2_unseen_validation\trade_date=2026-07-17\exchange=NSE\symbol=SUNPHARMA\part-042444_136350-005468.parquet,34383,downloaded,34383,
2026-07-17,NSE,SUNPHARMA,raw_l2/trade_date=2026-07-17/exchange=NSE/symbol=SUNPHARMA/part-042511_596190-005532.parquet,real_data_sample\l2_unseen_validation\trade_date=2026-07-17\exchange=NSE\symbol=SUNPHARMA\part-042511_596190-005532.parquet,34597,downloaded,34597,
2026-07-17,NSE,SUNPHARMA,raw_l2/trade_date=2026-07-17/exchange=NSE/symbol=SUNPHARMA/part-042457_771292-005500.parquet,real_data_sample\l2_unseen_validation\trade_date=2026-07-17\exchange=NSE\symbol=SUNPHARMA\part-042457_771292-005500.parquet,34483,downloaded,34483,
2026-07-17,NSE,SUNPHARMA,raw_l2/trade_date=2026-07-17/exchange=NSE/symbol=SUNPHARMA/part-042525_650873-005564.parquet,real_data_sample\l2_unseen_validation\trade_date=2026-07-17\exchange=NSE\symbol=SUNPHARMA\part-042525_650873-005564.parquet,34736,downloaded,34736,
2026-07-17,NSE,SUNPHARMA,raw_l2/trade_date=2026-07-17/exchange=NSE/symbol=SUNPHARMA/part-042539_758397-005596.parquet,real_data_sample\l2_unseen_validation\trade_date=2026-07-17\exchange=NSE\symbol=SUNPHARMA\part-042539_758397-005596.parquet,34738,downloaded,34738,
2026-07-17,NSE,SUNPHARMA,raw_l2/trade_date=2026-07-17/exchange=NSE/symbol=SUNPHARMA/part-042553_615355-005628.parquet,real_data_sample\l2_unseen_validation\trade_date=2026-07-17\exchange=NSE\symbol=SUNPHARMA\part-042553_615355-005628.parquet,34693,downloaded,34693,
2026-07-17,NSE,SUNPHARMA,raw_l2/trade_date=2026-07-17/exchange=NSE/symbol=SUNPHARMA/part-040012_129690-002108.parquet,real_data_sample\l2_unseen_validation\trade_date=2026-07-17\exchange=NSE\symbol=SUNPHARMA\part-040012_129690-002108.parquet,34510,downloaded,34510,
2026-07-17,NSE,SUNPHARMA,raw_l2/trade_date=2026-07-17/exchange=NSE/symbol=SUNPHARMA/part-042607_860563-005660.parquet,real_data_sample\l2_unseen_validation\trade_date=2026-07-17\exchange=NSE\symbol=SUNPHARMA\part-042607_860563-005660.parquet,34646,downloaded,34646,
2026-07-17,NSE,SUNPHARMA,raw_l2/trade_date=2026-07-17/exchange=NSE/symbol=SUNPHARMA/part-042855_319417-006044.parquet,real_data_sample\l2_unseen_validation\trade_date=2026-07-17\exchange=NSE\symbol=SUNPHARMA\part-042855_319417-006044.parquet,34463,downloaded,34463,
2026-07-17,NSE,SUNPHARMA,raw_l2/trade_date=2026-07-17/exchange=NSE/symbol=SUNPHARMA/part-042923_211435-006108.parquet,real_data_sample\l2_unseen_validation\trade_date=2026-07-17\exchange=NSE\symbol=SUNPHARMA\part-042923_211435-006108.parquet,34421,downloaded,34421,
2026-07-17,NSE,SUNPHARMA,raw_l2/trade_date=2026-07-17/exchange=NSE/symbol=SUNPHARMA/part-042841_410155-006012.parquet,real_data_sample\l2_unseen_validation\trade_date=2026-07-17\exchange=NSE\symbol=SUNPHARMA\part-042841_410155-006012.parquet,34583,downloaded,34583,
2026-07-17,NSE,SUNPHARMA,raw_l2/trade_date=2026-07-17/exchange=NSE/symbol=SUNPHARMA/part-042813_467451-005948.parquet,real_data_sample\l2_unseen_validation\trade_date=2026-07-17\exchange=NSE\symbol=SUNPHARMA\part-042813_467451-005948.parquet,34593,downloaded,34593,
2026-07-17,NSE,SUNPHARMA,raw_l2/trade_date=2026-07-17/exchange=NSE/symbol=SUNPHARMA/part-040549_114409-002876.parquet,real_data_sample\l2_unseen_validation\trade_date=2026-07-17\exchange=NSE\symbol=SUNPHARMA\part-040549_114409-002876.parquet,34507,downloaded,34507,
2026-07-17,NSE,SUNPHARMA,raw_l2/trade_date=2026-07-17/exchange=NSE/symbol=SUNPHARMA/part-042759_527123-005916.parquet,real_data_sample\l2_unseen_validation\trade_date=2026-07-17\exchange=NSE\symbol=SUNPHARMA\part-042759_527123-005916.parquet,34521,downloaded,34521,
2026-07-17,NSE,SUNPHARMA,raw_l2/trade_date=2026-07-17/exchange=NSE/symbol=SUNPHARMA/part-042745_762768-005884.parquet,real_data_sample\l2_unseen_validation\trade_date=2026-07-17\exchange=NSE\symbol=SUNPHARMA\part-042745_762768-005884.parquet,34461,downloaded,34461,
2026-07-17,NSE,SUNPHARMA,raw_l2/trade_date=2026-07-17/exchange=NSE/symbol=SUNPHARMA/part-040410_791881-002652.parquet,real_data_sample\l2_unseen_validation\trade_date=2026-07-17\exchange=NSE\symbol=SUNPHARMA\part-040410_791881-002652.parquet,34464,downloaded,34464,
2026-07-17,NSE,SUNPHARMA,raw_l2/trade_date=2026-07-17/exchange=NSE/symbol=SUNPHARMA/part-042621_829687-005692.parquet,real_data_sample\l2_unseen_validation\trade_date=2026-07-17\exchange=NSE\symbol=SUNPHARMA\part-042621_829687-005692.parquet,34664,downloaded,34664,
2026-07-17,NSE,SUNPHARMA,raw_l2/trade_date=2026-07-17/exchange=NSE/symbol=SUNPHARMA/part-040217_094593-002396.parquet,real_data_sample\l2_unseen_validation\trade_date=2026-07-17\exchange=NSE\symbol=SUNPHARMA\part-040217_094593-002396.parquet,34436,downloaded,34436,
2026-07-17,NSE,SUNPHARMA,raw_l2/trade_date=2026-07-17/exchange=NSE/symbol=SUNPHARMA/part-042827_471448-005980.parquet,real_data_sample\l2_unseen_validation\trade_date=2026-07-17\exchange=NSE\symbol=SUNPHARMA\part-042827_471448-005980.parquet,34713,downloaded,34713,
2026-07-17,NSE,SUNPHARMA,raw_l2/trade_date=2026-07-17/exchange=NSE/symbol=SUNPHARMA/part-040231_132896-002428.parquet,real_data_sample\l2_unseen_validation\trade_date=2026-07-17\exchange=NSE\symbol=SUNPHARMA\part-040231_132896-002428.parquet,34385,downloaded,34385,
2026-07-17,NSE,SUNPHARMA,raw_l2/trade_date=2026-07-17/exchange=NSE/symbol=SUNPHARMA/part-040245_457583-002460.parquet,real_data_sample\l2_unseen_validation\trade_date=2026-07-17\exchange=NSE\symbol=SUNPHARMA\part-040245_457583-002460.parquet,34410,downloaded,34410,
2026-07-17,NSE,SUNPHARMA,raw_l2/trade_date=2026-07-17/exchange=NSE/symbol=SUNPHARMA/part-040356_760666-002620.parquet,real_data_sample\l2_unseen_validation\trade_date=2026-07-17\exchange=NSE\symbol=SUNPHARMA\part-040356_760666-002620.parquet,34560,downloaded,34560,
2026-07-17,NSE,SUNPHARMA,raw_l2/trade_date=2026-07-17/exchange=NSE/symbol=SUNPHARMA/part-040342_565628-002588.parquet,real_data_sample\l2_unseen_validation\trade_date=2026-07-17\exchange=NSE\symbol=SUNPHARMA\part-040342_565628-002588.parquet,34383,downloaded,34383,
2026-07-17,NSE,SUNPHARMA,raw_l2/trade_date=2026-07-17/exchange=NSE/symbol=SUNPHARMA/part-040535_164829-002844.parquet,real_data_sample\l2_unseen_validation\trade_date=2026-07-17\exchange=NSE\symbol=SUNPHARMA\part-040535_164829-002844.parquet,34618,downloaded,34618,
2026-07-17,NSE,SUNPHARMA,raw_l2/trade_date=2026-07-17/exchange=NSE/symbol=SUNPHARMA/part-042951_185465-006172.parquet,real_data_sample\l2_unseen_validation\trade_date=2026-07-17\exchange=NSE\symbol=SUNPHARMA\part-042951_185465-006172.parquet,34450,downloaded,34450,
2026-07-17,NSE,SUNPHARMA,raw_l2/trade_date=2026-07-17/exchange=NSE/symbol=SUNPHARMA/part-042937_240003-006140.parquet,real_data_sample\l2_unseen_validation\trade_date=2026-07-17\exchange=NSE\symbol=SUNPHARMA\part-042937_240003-006140.parquet,34654,downloaded,34654,
2026-07-17,NSE,SUNPHARMA,raw_l2/trade_date=2026-07-17/exchange=NSE/symbol=SUNPHARMA/part-042649_950014-005756.parquet,real_data_sample\l2_unseen_validation\trade_date=2026-07-17\exchange=NSE\symbol=SUNPHARMA\part-042649_950014-005756.parquet,34380,downloaded,34380,
2026-07-17,NSE,SUNPHARMA,raw_l2/trade_date=2026-07-17/exchange=NSE/symbol=SUNPHARMA/part-042635_984852-005724.parquet,real_data_sample\l2_unseen_validation\trade_date=2026-07-17\exchange=NSE\symbol=SUNPHARMA\part-042635_984852-005724.parquet,34543,downloaded,34543,
2026-07-17,NSE,SUNPHARMA,raw_l2/trade_date=2026-07-17/exchange=NSE/symbol=SUNPHARMA/part-042717_959855-005820.parquet,real_data_sample\l2_unseen_validation\trade_date=2026-07-17\exchange=NSE\symbol=SUNPHARMA\part-042717_959855-005820.parquet,34577,downloaded,34577,
2026-07-17,NSE,SUNPHARMA,raw_l2/trade_date=2026-07-17/exchange=NSE/symbol=SUNPHARMA/part-042731_998374-005852.parquet,real_data_sample\l2_unseen_validation\trade_date=2026-07-17\exchange=NSE\symbol=SUNPHARMA\part-042731_998374-005852.parquet,34525,downloaded,34525,
2026-07-17,NSE,SUNPHARMA,raw_l2/trade_date=2026-07-17/exchange=NSE/symbol=SUNPHARMA/part-043005_189274-006204.parquet,real_data_sample\l2_unseen_validation\trade_date=2026-07-17\exchange=NSE\symbol=SUNPHARMA\part-043005_189274-006204.parquet,34570,downloaded,34570,
2026-07-17,NSE,SUNPHARMA,raw_l2/trade_date=2026-07-17/exchange=NSE/symbol=SUNPHARMA/part-040328_407579-002556.parquet,real_data_sample\l2_unseen_validation\trade_date=2026-07-17\exchange=NSE\symbol=SUNPHARMA\part-040328_407579-002556.parquet,34488,downloaded,34488,
2026-07-17,NSE,SUNPHARMA,raw_l2/trade_date=2026-07-17/exchange=NSE/symbol=SUNPHARMA/part-042703_984560-005788.parquet,real_data_sample\l2_unseen_validation\trade_date=2026-07-17\exchange=NSE\symbol=SUNPHARMA\part-042703_984560-005788.parquet,34430,downloaded,34430,
2026-07-17,NSE,SUNPHARMA,raw_l2/trade_date=2026-07-17/exchange=NSE/symbol=SUNPHARMA/part-043019_469127-006236.parquet,real_data_sample\l2_unseen_validation\trade_date=2026-07-17\exchange=NSE\symbol=SUNPHARMA\part-043019_469127-006236.parquet,34465,downloaded,34465,
2026-07-17,NSE,SUNPHARMA,raw_l2/trade_date=2026-07-17/exchange=NSE/symbol=SUNPHARMA/part-043033_369054-006268.parquet,real_data_sample\l2_unseen_validation\trade_date=2026-07-17\exchange=NSE\symbol=SUNPHARMA\part-043033_369054-006268.parquet,34761,downloaded,34761,
2026-07-17,NSE,SUNPHARMA,raw_l2/trade_date=2026-07-17/exchange=NSE/symbol=SUNPHARMA/part-043100_827673-006332.parquet,real_data_sample\l2_unseen_validation\trade_date=2026-07-17\exchange=NSE\symbol=SUNPHARMA\part-043100_827673-006332.parquet,34692,downloaded,34692,
2026-07-17,NSE,SUNPHARMA,raw_l2/trade_date=2026-07-17/exchange=NSE/symbol=SUNPHARMA/part-040438_689899-002716.parquet,real_data_sample\l2_unseen_validation\trade_date=2026-07-17\exchange=NSE\symbol=SUNPHARMA\part-040438_689899-002716.parquet,34516,downloaded,34516,
2026-07-17,NSE,SUNPHARMA,raw_l2/trade_date=2026-07-17/exchange=NSE/symbol=SUNPHARMA/part-040506_912734-002780.parquet,real_data_sample\l2_unseen_validation\trade_date=2026-07-17\exchange=NSE\symbol=SUNPHARMA\part-040506_912734-002780.parquet,34482,downloaded,34482,
2026-07-17,NSE,SUNPHARMA,raw_l2/trade_date=2026-07-17/exchange=NSE/symbol=SUNPHARMA/part-043211_313016-006492.parquet,real_data_sample\l2_unseen_validation\trade_date=2026-07-17\exchange=NSE\symbol=SUNPHARMA\part-043211_313016-006492.parquet,34738,downloaded,34738,
2026-07-17,NSE,SUNPHARMA,raw_l2/trade_date=2026-07-17/exchange=NSE/symbol=SUNPHARMA/part-042909_267999-006076.parquet,real_data_sample\l2_unseen_validation\trade_date=2026-07-17\exchange=NSE\symbol=SUNPHARMA\part-042909_267999-006076.parquet,34472,downloaded,34472,
2026-07-17,NSE,SUNPHARMA,raw_l2/trade_date=2026-07-17/exchange=NSE/symbol=SUNPHARMA/part-043225_681513-006524.parquet,real_data_sample\l2_unseen_validation\trade_date=2026-07-17\exchange=NSE\symbol=SUNPHARMA\part-043225_681513-006524.parquet,34660,downloaded,34660,
2026-07-17,NSE,SUNPHARMA,raw_l2/trade_date=2026-07-17/exchange=NSE/symbol=SUNPHARMA/part-043114_926192-006364.parquet,real_data_sample\l2_unseen_validation\trade_date=2026-07-17\exchange=NSE\symbol=SUNPHARMA\part-043114_926192-006364.parquet,34633,downloaded,34633,
2026-07-17,NSE,SUNPHARMA,raw_l2/trade_date=2026-07-17/exchange=NSE/symbol=SUNPHARMA/part-043129_217729-006396.parquet,real_data_sample\l2_unseen_validation\trade_date=2026-07-17\exchange=NSE\symbol=SUNPHARMA\part-043129_217729-006396.parquet,34437,downloaded,34437,
2026-07-17,NSE,SUNPHARMA,raw_l2/trade_date=2026-07-17/exchange=NSE/symbol=SUNPHARMA/part-043157_122469-006460.parquet,real_data_sample\l2_unseen_validation\trade_date=2026-07-17\exchange=NSE\symbol=SUNPHARMA\part-043157_122469-006460.parquet,34547,downloaded,34547,
2026-07-17,NSE,SUNPHARMA,raw_l2/trade_date=2026-07-17/exchange=NSE/symbol=SUNPHARMA/part-043143_338505-006428.parquet,real_data_sample\l2_unseen_validation\trade_date=2026-07-17\exchange=NSE\symbol=SUNPHARMA\part-043143_338505-006428.parquet,34660,downloaded,34660,
2026-07-17,NSE,SUNPHARMA,raw_l2/trade_date=2026-07-17/exchange=NSE/symbol=SUNPHARMA/part-043047_107236-006300.parquet,real_data_sample\l2_unseen_validation\trade_date=2026-07-17\exchange=NSE\symbol=SUNPHARMA\part-043047_107236-006300.parquet,34773,downloaded,34773,
2026-07-17,NSE,SUNPHARMA,raw_l2/trade_date=2026-07-17/exchange=NSE/symbol=SUNPHARMA/part-043718_803786-007196.parquet,real_data_sample\l2_unseen_validation\trade_date=2026-07-17\exchange=NSE\symbol=SUNPHARMA\part-043718_803786-007196.parquet,34816,downloaded,34816,
2026-07-17,NSE,SUNPHARMA,raw_l2/trade_date=2026-07-17/exchange=NSE/symbol=SUNPHARMA/part-043307_428465-006620.parquet,real_data_sample\l2_unseen_validation\trade_date=2026-07-17\exchange=NSE\symbol=SUNPHARMA\part-043307_428465-006620.parquet,34734,downloaded,34734,
2026-07-17,NSE,SUNPHARMA,raw_l2/trade_date=2026-07-17/exchange=NSE/symbol=SUNPHARMA/part-043732_729991-007228.parquet,real_data_sample\l2_unseen_validation\trade_date=2026-07-17\exchange=NSE\symbol=SUNPHARMA\part-043732_729991-007228.parquet,35059,downloaded,35059,
2026-07-17,NSE,SUNPHARMA,raw_l2/trade_date=2026-07-17/exchange=NSE/symbol=SUNPHARMA/part-043704_961110-007164.parquet,real_data_sample\l2_unseen_validation\trade_date=2026-07-17\exchange=NSE\symbol=SUNPHARMA\part-043704_961110-007164.parquet,34784,downloaded,34784,
2026-07-17,NSE,SUNPHARMA,raw_l2/trade_date=2026-07-17/exchange=NSE/symbol=SUNPHARMA/part-043239_729022-006556.parquet,real_data_sample\l2_unseen_validation\trade_date=2026-07-17\exchange=NSE\symbol=SUNPHARMA\part-043239_729022-006556.parquet,34710,downloaded,34710,
2026-07-17,NSE,SUNPHARMA,raw_l2/trade_date=2026-07-17/exchange=NSE/symbol=SUNPHARMA/part-043651_044787-007132.parquet,real_data_sample\l2_unseen_validation\trade_date=2026-07-17\exchange=NSE\symbol=SUNPHARMA\part-043651_044787-007132.parquet,34573,downloaded,34573,
2026-07-17,NSE,SUNPHARMA,raw_l2/trade_date=2026-07-17/exchange=NSE/symbol=SUNPHARMA/part-043335_742720-006684.parquet,real_data_sample\l2_unseen_validation\trade_date=2026-07-17\exchange=NSE\symbol=SUNPHARMA\part-043335_742720-006684.parquet,34463,downloaded,34463,
2026-07-17,NSE,SUNPHARMA,raw_l2/trade_date=2026-07-17/exchange=NSE/symbol=SUNPHARMA/part-043527_128990-006940.parquet,real_data_sample\l2_unseen_validation\trade_date=2026-07-17\exchange=NSE\symbol=SUNPHARMA\part-043527_128990-006940.parquet,34764,downloaded,34764,
2026-07-17,NSE,SUNPHARMA,raw_l2/trade_date=2026-07-17/exchange=NSE/symbol=SUNPHARMA/part-043321_632994-006652.parquet,real_data_sample\l2_unseen_validation\trade_date=2026-07-17\exchange=NSE\symbol=SUNPHARMA\part-043321_632994-006652.parquet,34574,downloaded,34574,
2026-07-17,NSE,SUNPHARMA,raw_l2/trade_date=2026-07-17/exchange=NSE/symbol=SUNPHARMA/part-043513_278171-006908.parquet,real_data_sample\l2_unseen_validation\trade_date=2026-07-17\exchange=NSE\symbol=SUNPHARMA\part-043513_278171-006908.parquet,34649,downloaded,34649,
2026-07-17,NSE,SUNPHARMA,raw_l2/trade_date=2026-07-17/exchange=NSE/symbol=SUNPHARMA/part-043445_580366-006844.parquet,real_data_sample\l2_unseen_validation\trade_date=2026-07-17\exchange=NSE\symbol=SUNPHARMA\part-043445_580366-006844.parquet,34753,downloaded,34753,
2026-07-17,NSE,SUNPHARMA,raw_l2/trade_date=2026-07-17/exchange=NSE/symbol=SUNPHARMA/part-043540_936839-006972.parquet,real_data_sample\l2_unseen_validation\trade_date=2026-07-17\exchange=NSE\symbol=SUNPHARMA\part-043540_936839-006972.parquet,34771,downloaded,34771,
2026-07-17,NSE,SUNPHARMA,raw_l2/trade_date=2026-07-17/exchange=NSE/symbol=SUNPHARMA/part-043636_856991-007100.parquet,real_data_sample\l2_unseen_validation\trade_date=2026-07-17\exchange=NSE\symbol=SUNPHARMA\part-043636_856991-007100.parquet,34312,downloaded,34312,
2026-07-17,NSE,SUNPHARMA,raw_l2/trade_date=2026-07-17/exchange=NSE/symbol=SUNPHARMA/part-043459_396188-006876.parquet,real_data_sample\l2_unseen_validation\trade_date=2026-07-17\exchange=NSE\symbol=SUNPHARMA\part-043459_396188-006876.parquet,34677,downloaded,34677,
2026-07-17,NSE,SUNPHARMA,raw_l2/trade_date=2026-07-17/exchange=NSE/symbol=SUNPHARMA/part-043554_921755-007004.parquet,real_data_sample\l2_unseen_validation\trade_date=2026-07-17\exchange=NSE\symbol=SUNPHARMA\part-043554_921755-007004.parquet,34479,downloaded,34479,
2026-07-17,NSE,SUNPHARMA,raw_l2/trade_date=2026-07-17/exchange=NSE/symbol=SUNPHARMA/part-043608_944524-007036.parquet,real_data_sample\l2_unseen_validation\trade_date=2026-07-17\exchange=NSE\symbol=SUNPHARMA\part-043608_944524-007036.parquet,34525,downloaded,34525,
2026-07-17,NSE,SUNPHARMA,raw_l2/trade_date=2026-07-17/exchange=NSE/symbol=SUNPHARMA/part-043403_619183-006748.parquet,real_data_sample\l2_unseen_validation\trade_date=2026-07-17\exchange=NSE\symbol=SUNPHARMA\part-043403_619183-006748.parquet,34644,downloaded,34644,
2026-07-17,NSE,SUNPHARMA,raw_l2/trade_date=2026-07-17/exchange=NSE/symbol=SUNPHARMA/part-043622_803282-007068.parquet,real_data_sample\l2_unseen_validation\trade_date=2026-07-17\exchange=NSE\symbol=SUNPHARMA\part-043622_803282-007068.parquet,34537,downloaded,34537,
2026-07-17,NSE,SUNPHARMA,raw_l2/trade_date=2026-07-17/exchange=NSE/symbol=SUNPHARMA/part-043349_757269-006716.parquet,real_data_sample\l2_unseen_validation\trade_date=2026-07-17\exchange=NSE\symbol=SUNPHARMA\part-043349_757269-006716.parquet,34775,downloaded,34775,
2026-07-17,NSE,SUNPHARMA,raw_l2/trade_date=2026-07-17/exchange=NSE/symbol=SUNPHARMA/part-043431_743014-006812.parquet,real_data_sample\l2_unseen_validation\trade_date=2026-07-17\exchange=NSE\symbol=SUNPHARMA\part-043431_743014-006812.parquet,34570,downloaded,34570,
2026-07-17,NSE,SUNPHARMA,raw_l2/trade_date=2026-07-17/exchange=NSE/symbol=SUNPHARMA/part-043746_592777-007260.parquet,real_data_sample\l2_unseen_validation\trade_date=2026-07-17\exchange=NSE\symbol=SUNPHARMA\part-043746_592777-007260.parquet,35132,downloaded,35132,
2026-07-17,NSE,SUNPHARMA,raw_l2/trade_date=2026-07-17/exchange=NSE/symbol=SUNPHARMA/part-043910_789959-007452.parquet,real_data_sample\l2_unseen_validation\trade_date=2026-07-17\exchange=NSE\symbol=SUNPHARMA\part-043910_789959-007452.parquet,34355,downloaded,34355,
2026-07-17,NSE,SUNPHARMA,raw_l2/trade_date=2026-07-17/exchange=NSE/symbol=SUNPHARMA/part-043857_000405-007420.parquet,real_data_sample\l2_unseen_validation\trade_date=2026-07-17\exchange=NSE\symbol=SUNPHARMA\part-043857_000405-007420.parquet,34695,downloaded,34695,
2026-07-17,NSE,SUNPHARMA,raw_l2/trade_date=2026-07-17/exchange=NSE/symbol=SUNPHARMA/part-043924_405560-007484.parquet,real_data_sample\l2_unseen_validation\trade_date=2026-07-17\exchange=NSE\symbol=SUNPHARMA\part-043924_405560-007484.parquet,35513,downloaded,35513,
2026-07-17,NSE,SUNPHARMA,raw_l2/trade_date=2026-07-17/exchange=NSE/symbol=SUNPHARMA/part-043937_982944-007516.parquet,real_data_sample\l2_unseen_validation\trade_date=2026-07-17\exchange=NSE\symbol=SUNPHARMA\part-043937_982944-007516.parquet,35800,downloaded,35800,
2026-07-17,NSE,SUNPHARMA,raw_l2/trade_date=2026-07-17/exchange=NSE/symbol=SUNPHARMA/part-043842_878500-007388.parquet,real_data_sample\l2_unseen_validation\trade_date=2026-07-17\exchange=NSE\symbol=SUNPHARMA\part-043842_878500-007388.parquet,34801,downloaded,34801,
2026-07-17,NSE,SUNPHARMA,raw_l2/trade_date=2026-07-17/exchange=NSE/symbol=SUNPHARMA/part-043814_873937-007324.parquet,real_data_sample\l2_unseen_validation\trade_date=2026-07-17\exchange=NSE\symbol=SUNPHARMA\part-043814_873937-007324.parquet,35380,downloaded,35380,
2026-07-17,NSE,SUNPHARMA,raw_l2/trade_date=2026-07-17/exchange=NSE/symbol=SUNPHARMA/part-044005_603877-007580.parquet,real_data_sample\l2_unseen_validation\trade_date=2026-07-17\exchange=NSE\symbol=SUNPHARMA\part-044005_603877-007580.parquet,35223,downloaded,35223,
2026-07-17,NSE,SUNPHARMA,raw_l2/trade_date=2026-07-17/exchange=NSE/symbol=SUNPHARMA/part-044019_350726-007612.parquet,real_data_sample\l2_unseen_validation\trade_date=2026-07-17\exchange=NSE\symbol=SUNPHARMA\part-044019_350726-007612.parquet,35476,downloaded,35476,
2026-07-17,NSE,SUNPHARMA,raw_l2/trade_date=2026-07-17/exchange=NSE/symbol=SUNPHARMA/part-044033_084568-007644.parquet,real_data_sample\l2_unseen_validation\trade_date=2026-07-17\exchange=NSE\symbol=SUNPHARMA\part-044033_084568-007644.parquet,34763,downloaded,34763,
2026-07-17,NSE,SUNPHARMA,raw_l2/trade_date=2026-07-17/exchange=NSE/symbol=SUNPHARMA/part-044046_730349-007676.parquet,real_data_sample\l2_unseen_validation\trade_date=2026-07-17\exchange=NSE\symbol=SUNPHARMA\part-044046_730349-007676.parquet,34582,downloaded,34582,
2026-07-17,NSE,SUNPHARMA,raw_l2/trade_date=2026-07-17/exchange=NSE/symbol=SUNPHARMA/part-044114_244114-007740.parquet,real_data_sample\l2_unseen_validation\trade_date=2026-07-17\exchange=NSE\symbol=SUNPHARMA\part-044114_244114-007740.parquet,34751,downloaded,34751,
2026-07-17,NSE,SUNPHARMA,raw_l2/trade_date=2026-07-17/exchange=NSE/symbol=SUNPHARMA/part-044141_756302-007804.parquet,real_data_sample\l2_unseen_validation\trade_date=2026-07-17\exchange=NSE\symbol=SUNPHARMA\part-044141_756302-007804.parquet,35315,downloaded,35315,
2026-07-17,NSE,SUNPHARMA,raw_l2/trade_date=2026-07-17/exchange=NSE/symbol=SUNPHARMA/part-044100_424371-007708.parquet,real_data_sample\l2_unseen_validation\trade_date=2026-07-17\exchange=NSE\symbol=SUNPHARMA\part-044100_424371-007708.parquet,34713,downloaded,34713,
2026-07-17,NSE,SUNPHARMA,raw_l2/trade_date=2026-07-17/exchange=NSE/symbol=SUNPHARMA/part-044127_983021-007772.parquet,real_data_sample\l2_unseen_validation\trade_date=2026-07-17\exchange=NSE\symbol=SUNPHARMA\part-044127_983021-007772.parquet,35459,downloaded,35459,
2026-07-17,NSE,SUNPHARMA,raw_l2/trade_date=2026-07-17/exchange=NSE/symbol=SUNPHARMA/part-044251_144975-007964.parquet,real_data_sample\l2_unseen_validation\trade_date=2026-07-17\exchange=NSE\symbol=SUNPHARMA\part-044251_144975-007964.parquet,34632,downloaded,34632,
2026-07-17,NSE,SUNPHARMA,raw_l2/trade_date=2026-07-17/exchange=NSE/symbol=SUNPHARMA/part-044318_841274-008028.parquet,real_data_sample\l2_unseen_validation\trade_date=2026-07-17\exchange=NSE\symbol=SUNPHARMA\part-044318_841274-008028.parquet,34812,downloaded,34812,
2026-07-17,NSE,SUNPHARMA,raw_l2/trade_date=2026-07-17/exchange=NSE/symbol=SUNPHARMA/part-044209_313051-007868.parquet,real_data_sample\l2_unseen_validation\trade_date=2026-07-17\exchange=NSE\symbol=SUNPHARMA\part-044209_313051-007868.parquet,35280,downloaded,35280,
2026-07-17,NSE,SUNPHARMA,raw_l2/trade_date=2026-07-17/exchange=NSE/symbol=SUNPHARMA/part-044237_184701-007932.parquet,real_data_sample\l2_unseen_validation\trade_date=2026-07-17\exchange=NSE\symbol=SUNPHARMA\part-044237_184701-007932.parquet,34866,downloaded,34866,
2026-07-17,NSE,SUNPHARMA,raw_l2/trade_date=2026-07-17/exchange=NSE/symbol=SUNPHARMA/part-044223_100867-007900.parquet,real_data_sample\l2_unseen_validation\trade_date=2026-07-17\exchange=NSE\symbol=SUNPHARMA\part-044223_100867-007900.parquet,34793,downloaded,34793,
2026-07-17,NSE,SUNPHARMA,raw_l2/trade_date=2026-07-17/exchange=NSE/symbol=SUNPHARMA/part-043253_550595-006588.parquet,real_data_sample\l2_unseen_validation\trade_date=2026-07-17\exchange=NSE\symbol=SUNPHARMA\part-043253_550595-006588.parquet,34769,downloaded,34769,
2026-07-17,NSE,SUNPHARMA,raw_l2/trade_date=2026-07-17/exchange=NSE/symbol=SUNPHARMA/part-044155_482435-007836.parquet,real_data_sample\l2_unseen_validation\trade_date=2026-07-17\exchange=NSE\symbol=SUNPHARMA\part-044155_482435-007836.parquet,35218,downloaded,35218,
2026-07-17,NSE,SUNPHARMA,raw_l2/trade_date=2026-07-17/exchange=NSE/symbol=SUNPHARMA/part-043417_740289-006780.parquet,real_data_sample\l2_unseen_validation\trade_date=2026-07-17\exchange=NSE\symbol=SUNPHARMA\part-043417_740289-006780.parquet,34698,downloaded,34698,
2026-07-17,NSE,SUNPHARMA,raw_l2/trade_date=2026-07-17/exchange=NSE/symbol=SUNPHARMA/part-043800_298206-007292.parquet,real_data_sample\l2_unseen_validation\trade_date=2026-07-17\exchange=NSE\symbol=SUNPHARMA\part-043800_298206-007292.parquet,35768,downloaded,35768,
2026-07-17,NSE,SUNPHARMA,raw_l2/trade_date=2026-07-17/exchange=NSE/symbol=SUNPHARMA/part-044305_078942-007996.parquet,real_data_sample\l2_unseen_validation\trade_date=2026-07-17\exchange=NSE\symbol=SUNPHARMA\part-044305_078942-007996.parquet,34787,downloaded,34787,
2026-07-17,NSE,SUNPHARMA,raw_l2/trade_date=2026-07-17/exchange=NSE/symbol=SUNPHARMA/part-044332_794551-008060.parquet,real_data_sample\l2_unseen_validation\trade_date=2026-07-17\exchange=NSE\symbol=SUNPHARMA\part-044332_794551-008060.parquet,34649,downloaded,34649,
2026-07-17,NSE,SUNPHARMA,raw_l2/trade_date=2026-07-17/exchange=NSE/symbol=SUNPHARMA/part-044414_071741-008156.parquet,real_data_sample\l2_unseen_validation\trade_date=2026-07-17\exchange=NSE\symbol=SUNPHARMA\part-044414_071741-008156.parquet,34960,downloaded,34960,
2026-07-17,NSE,SUNPHARMA,raw_l2/trade_date=2026-07-17/exchange=NSE/symbol=SUNPHARMA/part-044346_560409-008092.parquet,real_data_sample\l2_unseen_validation\trade_date=2026-07-17\exchange=NSE\symbol=SUNPHARMA\part-044346_560409-008092.parquet,34560,downloaded,34560,
2026-07-17,NSE,SUNPHARMA,raw_l2/trade_date=2026-07-17/exchange=NSE/symbol=SUNPHARMA/part-044427_750385-008188.parquet,real_data_sample\l2_unseen_validation\trade_date=2026-07-17\exchange=NSE\symbol=SUNPHARMA\part-044427_750385-008188.parquet,35865,downloaded,35865,
2026-07-17,NSE,SUNPHARMA,raw_l2/trade_date=2026-07-17/exchange=NSE/symbol=SUNPHARMA/part-044441_778223-008220.parquet,real_data_sample\l2_unseen_validation\trade_date=2026-07-17\exchange=NSE\symbol=SUNPHARMA\part-044441_778223-008220.parquet,35468,downloaded,35468,
2026-07-17,NSE,SUNPHARMA,raw_l2/trade_date=2026-07-17/exchange=NSE/symbol=SUNPHARMA/part-044400_342398-008124.parquet,real_data_sample\l2_unseen_validation\trade_date=2026-07-17\exchange=NSE\symbol=SUNPHARMA\part-044400_342398-008124.parquet,34817,downloaded,34817,
2026-07-17,NSE,SUNPHARMA,raw_l2/trade_date=2026-07-17/exchange=NSE/symbol=SUNPHARMA/part-044536_830911-008348.parquet,real_data_sample\l2_unseen_validation\trade_date=2026-07-17\exchange=NSE\symbol=SUNPHARMA\part-044536_830911-008348.parquet,34701,downloaded,34701,
2026-07-17,NSE,SUNPHARMA,raw_l2/trade_date=2026-07-17/exchange=NSE/symbol=SUNPHARMA/part-044455_529441-008252.parquet,real_data_sample\l2_unseen_validation\trade_date=2026-07-17\exchange=NSE\symbol=SUNPHARMA\part-044455_529441-008252.parquet,35734,downloaded,35734,
2026-07-17,NSE,SUNPHARMA,raw_l2/trade_date=2026-07-17/exchange=NSE/symbol=SUNPHARMA/part-044523_104400-008316.parquet,real_data_sample\l2_unseen_validation\trade_date=2026-07-17\exchange=NSE\symbol=SUNPHARMA\part-044523_104400-008316.parquet,34627,downloaded,34627,
2026-07-17,NSE,SUNPHARMA,raw_l2/trade_date=2026-07-17/exchange=NSE/symbol=SUNPHARMA/part-044509_330731-008284.parquet,real_data_sample\l2_unseen_validation\trade_date=2026-07-17\exchange=NSE\symbol=SUNPHARMA\part-044509_330731-008284.parquet,35525,downloaded,35525,
2026-07-17,NSE,SUNPHARMA,raw_l2/trade_date=2026-07-17/exchange=NSE/symbol=SUNPHARMA/part-044550_570040-008380.parquet,real_data_sample\l2_unseen_validation\trade_date=2026-07-17\exchange=NSE\symbol=SUNPHARMA\part-044550_570040-008380.parquet,34615,downloaded,34615,
2026-07-17,NSE,SUNPHARMA,raw_l2/trade_date=2026-07-17/exchange=NSE/symbol=SUNPHARMA/part-044659_866436-008540.parquet,real_data_sample\l2_unseen_validation\trade_date=2026-07-17\exchange=NSE\symbol=SUNPHARMA\part-044659_866436-008540.parquet,34851,downloaded,34851,
2026-07-17,NSE,SUNPHARMA,raw_l2/trade_date=2026-07-17/exchange=NSE/symbol=SUNPHARMA/part-044713_600332-008572.parquet,real_data_sample\l2_unseen_validation\trade_date=2026-07-17\exchange=NSE\symbol=SUNPHARMA\part-044713_600332-008572.parquet,34662,downloaded,34662,
2026-07-17,NSE,SUNPHARMA,raw_l2/trade_date=2026-07-17/exchange=NSE/symbol=SUNPHARMA/part-044822_898293-008732.parquet,real_data_sample\l2_unseen_validation\trade_date=2026-07-17\exchange=NSE\symbol=SUNPHARMA\part-044822_898293-008732.parquet,36062,downloaded,36062,
2026-07-17,NSE,SUNPHARMA,raw_l2/trade_date=2026-07-17/exchange=NSE/symbol=SUNPHARMA/part-044904_224683-008828.parquet,real_data_sample\l2_unseen_validation\trade_date=2026-07-17\exchange=NSE\symbol=SUNPHARMA\part-044904_224683-008828.parquet,35420,downloaded,35420,
2026-07-17,NSE,SUNPHARMA,raw_l2/trade_date=2026-07-17/exchange=NSE/symbol=SUNPHARMA/part-044836_777649-008764.parquet,real_data_sample\l2_unseen_validation\trade_date=2026-07-17\exchange=NSE\symbol=SUNPHARMA\part-044836_777649-008764.parquet,35415,downloaded,35415,
2026-07-17,NSE,SUNPHARMA,raw_l2/trade_date=2026-07-17/exchange=NSE/symbol=SUNPHARMA/part-044809_061306-008700.parquet,real_data_sample\l2_unseen_validation\trade_date=2026-07-17\exchange=NSE\symbol=SUNPHARMA\part-044809_061306-008700.parquet,34976,downloaded,34976,
2026-07-17,NSE,SUNPHARMA,raw_l2/trade_date=2026-07-17/exchange=NSE/symbol=SUNPHARMA/part-044755_293315-008668.parquet,real_data_sample\l2_unseen_validation\trade_date=2026-07-17\exchange=NSE\symbol=SUNPHARMA\part-044755_293315-008668.parquet,35365,downloaded,35365,
2026-07-17,NSE,SUNPHARMA,raw_l2/trade_date=2026-07-17/exchange=NSE/symbol=SUNPHARMA/part-045108_029509-009116.parquet,real_data_sample\l2_unseen_validation\trade_date=2026-07-17\exchange=NSE\symbol=SUNPHARMA\part-045108_029509-009116.parquet,34615,downloaded,34615,
2026-07-17,NSE,SUNPHARMA,raw_l2/trade_date=2026-07-17/exchange=NSE/symbol=SUNPHARMA/part-045053_954190-009084.parquet,real_data_sample\l2_unseen_validation\trade_date=2026-07-17\exchange=NSE\symbol=SUNPHARMA\part-045053_954190-009084.parquet,34648,downloaded,34648,
2026-07-17,NSE,SUNPHARMA,raw_l2/trade_date=2026-07-17/exchange=NSE/symbol=SUNPHARMA/part-044727_290665-008604.parquet,real_data_sample\l2_unseen_validation\trade_date=2026-07-17\exchange=NSE\symbol=SUNPHARMA\part-044727_290665-008604.parquet,35743,downloaded,35743,
2026-07-17,NSE,SUNPHARMA,raw_l2/trade_date=2026-07-17/exchange=NSE/symbol=SUNPHARMA/part-044604_499367-008412.parquet,real_data_sample\l2_unseen_validation\trade_date=2026-07-17\exchange=NSE\symbol=SUNPHARMA\part-044604_499367-008412.parquet,34779,downloaded,34779,
2026-07-17,NSE,SUNPHARMA,raw_l2/trade_date=2026-07-17/exchange=NSE/symbol=SUNPHARMA/part-044618_281705-008444.parquet,real_data_sample\l2_unseen_validation\trade_date=2026-07-17\exchange=NSE\symbol=SUNPHARMA\part-044618_281705-008444.parquet,34648,downloaded,34648,
2026-07-17,NSE,SUNPHARMA,raw_l2/trade_date=2026-07-17/exchange=NSE/symbol=SUNPHARMA/part-044741_385295-008636.parquet,real_data_sample\l2_unseen_validation\trade_date=2026-07-17\exchange=NSE\symbol=SUNPHARMA\part-044741_385295-008636.parquet,35332,downloaded,35332,
2026-07-17,NSE,SUNPHARMA,raw_l2/trade_date=2026-07-17/exchange=NSE/symbol=SUNPHARMA/part-044646_078092-008508.parquet,real_data_sample\l2_unseen_validation\trade_date=2026-07-17\exchange=NSE\symbol=SUNPHARMA\part-044646_078092-008508.parquet,34689,downloaded,34689,
2026-07-17,NSE,SUNPHARMA,raw_l2/trade_date=2026-07-17/exchange=NSE/symbol=SUNPHARMA/part-044931_733898-008892.parquet,real_data_sample\l2_unseen_validation\trade_date=2026-07-17\exchange=NSE\symbol=SUNPHARMA\part-044931_733898-008892.parquet,34641,downloaded,34641,
2026-07-17,NSE,SUNPHARMA,raw_l2/trade_date=2026-07-17/exchange=NSE/symbol=SUNPHARMA/part-044632_047396-008476.parquet,real_data_sample\l2_unseen_validation\trade_date=2026-07-17\exchange=NSE\symbol=SUNPHARMA\part-044632_047396-008476.parquet,34784,downloaded,34784,
2026-07-17,NSE,SUNPHARMA,raw_l2/trade_date=2026-07-17/exchange=NSE/symbol=SUNPHARMA/part-045013_050732-008988.parquet,real_data_sample\l2_unseen_validation\trade_date=2026-07-17\exchange=NSE\symbol=SUNPHARMA\part-045013_050732-008988.parquet,34636,downloaded,34636,
2026-07-17,NSE,SUNPHARMA,raw_l2/trade_date=2026-07-17/exchange=NSE/symbol=SUNPHARMA/part-045122_111247-009148.parquet,real_data_sample\l2_unseen_validation\trade_date=2026-07-17\exchange=NSE\symbol=SUNPHARMA\part-045122_111247-009148.parquet,34543,downloaded,34543,
2026-07-17,NSE,SUNPHARMA,raw_l2/trade_date=2026-07-17/exchange=NSE/symbol=SUNPHARMA/part-045040_273737-009052.parquet,real_data_sample\l2_unseen_validation\trade_date=2026-07-17\exchange=NSE\symbol=SUNPHARMA\part-045040_273737-009052.parquet,34696,downloaded,34696,
2026-07-17,NSE,SUNPHARMA,raw_l2/trade_date=2026-07-17/exchange=NSE/symbol=SUNPHARMA/part-044850_499253-008796.parquet,real_data_sample\l2_unseen_validation\trade_date=2026-07-17\exchange=NSE\symbol=SUNPHARMA\part-044850_499253-008796.parquet,35539,downloaded,35539,
2026-07-17,NSE,SUNPHARMA,raw_l2/trade_date=2026-07-17/exchange=NSE/symbol=SUNPHARMA/part-045135_979573-009180.parquet,real_data_sample\l2_unseen_validation\trade_date=2026-07-17\exchange=NSE\symbol=SUNPHARMA\part-045135_979573-009180.parquet,34566,downloaded,34566,
2026-07-17,NSE,SUNPHARMA,raw_l2/trade_date=2026-07-17/exchange=NSE/symbol=SUNPHARMA/part-045026_609530-009020.parquet,real_data_sample\l2_unseen_validation\trade_date=2026-07-17\exchange=NSE\symbol=SUNPHARMA\part-045026_609530-009020.parquet,34500,downloaded,34500,
2026-07-17,NSE,SUNPHARMA,raw_l2/trade_date=2026-07-17/exchange=NSE/symbol=SUNPHARMA/part-045149_980874-009212.parquet,real_data_sample\l2_unseen_validation\trade_date=2026-07-17\exchange=NSE\symbol=SUNPHARMA\part-045149_980874-009212.parquet,34526,downloaded,34526,
2026-07-17,NSE,SUNPHARMA,raw_l2/trade_date=2026-07-17/exchange=NSE/symbol=SUNPHARMA/part-045217_735807-009276.parquet,real_data_sample\l2_unseen_validation\trade_date=2026-07-17\exchange=NSE\symbol=SUNPHARMA\part-045217_735807-009276.parquet,34677,downloaded,34677,
2026-07-17,NSE,SUNPHARMA,raw_l2/trade_date=2026-07-17/exchange=NSE/symbol=SUNPHARMA/part-045245_410239-009340.parquet,real_data_sample\l2_unseen_validation\trade_date=2026-07-17\exchange=NSE\symbol=SUNPHARMA\part-045245_410239-009340.parquet,34559,downloaded,34559,
2026-07-17,NSE,SUNPHARMA,raw_l2/trade_date=2026-07-17/exchange=NSE/symbol=SUNPHARMA/part-045203_953407-009244.parquet,real_data_sample\l2_unseen_validation\trade_date=2026-07-17\exchange=NSE\symbol=SUNPHARMA\part-045203_953407-009244.parquet,34816,downloaded,34816,
2026-07-17,NSE,SUNPHARMA,raw_l2/trade_date=2026-07-17/exchange=NSE/symbol=SUNPHARMA/part-045231_608639-009308.parquet,real_data_sample\l2_unseen_validation\trade_date=2026-07-17\exchange=NSE\symbol=SUNPHARMA\part-045231_608639-009308.parquet,34773,downloaded,34773,
2026-07-17,NSE,SUNPHARMA,raw_l2/trade_date=2026-07-17/exchange=NSE/symbol=SUNPHARMA/part-043951_785411-007548.parquet,real_data_sample\l2_unseen_validation\trade_date=2026-07-17\exchange=NSE\symbol=SUNPHARMA\part-043951_785411-007548.parquet,35263,downloaded,35263,
2026-07-17,NSE,SUNPHARMA,raw_l2/trade_date=2026-07-17/exchange=NSE/symbol=SUNPHARMA/part-044945_564676-008924.parquet,real_data_sample\l2_unseen_validation\trade_date=2026-07-17\exchange=NSE\symbol=SUNPHARMA\part-044945_564676-008924.parquet,34698,downloaded,34698,
2026-07-17,NSE,SUNPHARMA,raw_l2/trade_date=2026-07-17/exchange=NSE/symbol=SUNPHARMA/part-044918_050024-008860.parquet,real_data_sample\l2_unseen_validation\trade_date=2026-07-17\exchange=NSE\symbol=SUNPHARMA\part-044918_050024-008860.parquet,35211,downloaded,35211,
2026-07-17,NSE,SUNPHARMA,raw_l2/trade_date=2026-07-17/exchange=NSE/symbol=SUNPHARMA/part-045313_490155-009404.parquet,real_data_sample\l2_unseen_validation\trade_date=2026-07-17\exchange=NSE\symbol=SUNPHARMA\part-045313_490155-009404.parquet,34489,downloaded,34489,
2026-07-17,NSE,SUNPHARMA,raw_l2/trade_date=2026-07-17/exchange=NSE/symbol=SUNPHARMA/part-045259_428664-009372.parquet,real_data_sample\l2_unseen_validation\trade_date=2026-07-17\exchange=NSE\symbol=SUNPHARMA\part-045259_428664-009372.parquet,34528,downloaded,34528,
2026-07-17,NSE,SUNPHARMA,raw_l2/trade_date=2026-07-17/exchange=NSE/symbol=SUNPHARMA/part-045601_472421-009788.parquet,real_data_sample\l2_unseen_validation\trade_date=2026-07-17\exchange=NSE\symbol=SUNPHARMA\part-045601_472421-009788.parquet,35447,downloaded,35447,
2026-07-17,NSE,SUNPHARMA,raw_l2/trade_date=2026-07-17/exchange=NSE/symbol=SUNPHARMA/part-045327_339471-009436.parquet,real_data_sample\l2_unseen_validation\trade_date=2026-07-17\exchange=NSE\symbol=SUNPHARMA\part-045327_339471-009436.parquet,34654,downloaded,34654,
2026-07-17,NSE,SUNPHARMA,raw_l2/trade_date=2026-07-17/exchange=NSE/symbol=SUNPHARMA/part-044959_248333-008956.parquet,real_data_sample\l2_unseen_validation\trade_date=2026-07-17\exchange=NSE\symbol=SUNPHARMA\part-044959_248333-008956.parquet,34419,downloaded,34419,
2026-07-17,NSE,SUNPHARMA,raw_l2/trade_date=2026-07-17/exchange=NSE/symbol=SUNPHARMA/part-045341_128335-009468.parquet,real_data_sample\l2_unseen_validation\trade_date=2026-07-17\exchange=NSE\symbol=SUNPHARMA\part-045341_128335-009468.parquet,34637,downloaded,34637,
2026-07-17,NSE,SUNPHARMA,raw_l2/trade_date=2026-07-17/exchange=NSE/symbol=SUNPHARMA/part-045533_421217-009724.parquet,real_data_sample\l2_unseen_validation\trade_date=2026-07-17\exchange=NSE\symbol=SUNPHARMA\part-045533_421217-009724.parquet,35635,downloaded,35635,
2026-07-17,NSE,SUNPHARMA,raw_l2/trade_date=2026-07-17/exchange=NSE/symbol=SUNPHARMA/part-045905_042562-010204.parquet,real_data_sample\l2_unseen_validation\trade_date=2026-07-17\exchange=NSE\symbol=SUNPHARMA\part-045905_042562-010204.parquet,34830,downloaded,34830,
2026-07-17,NSE,SUNPHARMA,raw_l2/trade_date=2026-07-17/exchange=NSE/symbol=SUNPHARMA/part-045519_494701-009692.parquet,real_data_sample\l2_unseen_validation\trade_date=2026-07-17\exchange=NSE\symbol=SUNPHARMA\part-045519_494701-009692.parquet,35381,downloaded,35381,
2026-07-17,NSE,SUNPHARMA,raw_l2/trade_date=2026-07-17/exchange=NSE/symbol=SUNPHARMA/part-045629_787866-009852.parquet,real_data_sample\l2_unseen_validation\trade_date=2026-07-17\exchange=NSE\symbol=SUNPHARMA\part-045629_787866-009852.parquet,34665,downloaded,34665,
2026-07-17,NSE,SUNPHARMA,raw_l2/trade_date=2026-07-17/exchange=NSE/symbol=SUNPHARMA/part-045505_555202-009660.parquet,real_data_sample\l2_unseen_validation\trade_date=2026-07-17\exchange=NSE\symbol=SUNPHARMA\part-045505_555202-009660.parquet,34753,downloaded,34753,
2026-07-17,NSE,SUNPHARMA,raw_l2/trade_date=2026-07-17/exchange=NSE/symbol=SUNPHARMA/part-045615_418658-009820.parquet,real_data_sample\l2_unseen_validation\trade_date=2026-07-17\exchange=NSE\symbol=SUNPHARMA\part-045615_418658-009820.parquet,35391,downloaded,35391,
2026-07-17,NSE,SUNPHARMA,raw_l2/trade_date=2026-07-17/exchange=NSE/symbol=SUNPHARMA/part-045547_388097-009756.parquet,real_data_sample\l2_unseen_validation\trade_date=2026-07-17\exchange=NSE\symbol=SUNPHARMA\part-045547_388097-009756.parquet,35437,downloaded,35437,
2026-07-17,NSE,SUNPHARMA,raw_l2/trade_date=2026-07-17/exchange=NSE/symbol=SUNPHARMA/part-045808_915286-010076.parquet,real_data_sample\l2_unseen_validation\trade_date=2026-07-17\exchange=NSE\symbol=SUNPHARMA\part-045808_915286-010076.parquet,34559,downloaded,34559,
2026-07-17,NSE,SUNPHARMA,raw_l2/trade_date=2026-07-17/exchange=NSE/symbol=SUNPHARMA/part-045851_343426-010172.parquet,real_data_sample\l2_unseen_validation\trade_date=2026-07-17\exchange=NSE\symbol=SUNPHARMA\part-045851_343426-010172.parquet,34861,downloaded,34861,
2026-07-17,NSE,SUNPHARMA,raw_l2/trade_date=2026-07-17/exchange=NSE/symbol=SUNPHARMA/part-045822_891743-010108.parquet,real_data_sample\l2_unseen_validation\trade_date=2026-07-17\exchange=NSE\symbol=SUNPHARMA\part-045822_891743-010108.parquet,34610,downloaded,34610,
2026-07-17,NSE,SUNPHARMA,raw_l2/trade_date=2026-07-17/exchange=NSE/symbol=SUNPHARMA/part-045837_140054-010140.parquet,real_data_sample\l2_unseen_validation\trade_date=2026-07-17\exchange=NSE\symbol=SUNPHARMA\part-045837_140054-010140.parquet,34843,downloaded,34843,
2026-07-17,NSE,SUNPHARMA,raw_l2/trade_date=2026-07-17/exchange=NSE/symbol=SUNPHARMA/part-045644_194363-009884.parquet,real_data_sample\l2_unseen_validation\trade_date=2026-07-17\exchange=NSE\symbol=SUNPHARMA\part-045644_194363-009884.parquet,34570,downloaded,34570,
2026-07-17,NSE,SUNPHARMA,raw_l2/trade_date=2026-07-17/exchange=NSE/symbol=SUNPHARMA/part-045451_291157-009628.parquet,real_data_sample\l2_unseen_validation\trade_date=2026-07-17\exchange=NSE\symbol=SUNPHARMA\part-045451_291157-009628.parquet,34805,downloaded,34805,
2026-07-17,NSE,SUNPHARMA,raw_l2/trade_date=2026-07-17/exchange=NSE/symbol=SUNPHARMA/part-045355_190396-009500.parquet,real_data_sample\l2_unseen_validation\trade_date=2026-07-17\exchange=NSE\symbol=SUNPHARMA\part-045355_190396-009500.parquet,34619,downloaded,34619,
2026-07-17,NSE,SUNPHARMA,raw_l2/trade_date=2026-07-17/exchange=NSE/symbol=SUNPHARMA/part-045437_253692-009596.parquet,real_data_sample\l2_unseen_validation\trade_date=2026-07-17\exchange=NSE\symbol=SUNPHARMA\part-045437_253692-009596.parquet,34674,downloaded,34674,
2026-07-17,NSE,SUNPHARMA,raw_l2/trade_date=2026-07-17/exchange=NSE/symbol=SUNPHARMA/part-045409_142802-009532.parquet,real_data_sample\l2_unseen_validation\trade_date=2026-07-17\exchange=NSE\symbol=SUNPHARMA\part-045409_142802-009532.parquet,34564,downloaded,34564,
2026-07-17,NSE,SUNPHARMA,raw_l2/trade_date=2026-07-17/exchange=NSE/symbol=SUNPHARMA/part-045423_235666-009564.parquet,real_data_sample\l2_unseen_validation\trade_date=2026-07-17\exchange=NSE\symbol=SUNPHARMA\part-045423_235666-009564.parquet,34433,downloaded,34433,
2026-07-17,NSE,SUNPHARMA,raw_l2/trade_date=2026-07-17/exchange=NSE/symbol=SUNPHARMA/part-045726_496572-009980.parquet,real_data_sample\l2_unseen_validation\trade_date=2026-07-17\exchange=NSE\symbol=SUNPHARMA\part-045726_496572-009980.parquet,34488,downloaded,34488,
2026-07-17,NSE,SUNPHARMA,raw_l2/trade_date=2026-07-17/exchange=NSE/symbol=SUNPHARMA/part-045740_486939-010012.parquet,real_data_sample\l2_unseen_validation\trade_date=2026-07-17\exchange=NSE\symbol=SUNPHARMA\part-045740_486939-010012.parquet,34570,downloaded,34570,
2026-07-17,NSE,SUNPHARMA,raw_l2/trade_date=2026-07-17/exchange=NSE/symbol=SUNPHARMA/part-045712_378442-009948.parquet,real_data_sample\l2_unseen_validation\trade_date=2026-07-17\exchange=NSE\symbol=SUNPHARMA\part-045712_378442-009948.parquet,34462,downloaded,34462,
2026-07-17,NSE,SUNPHARMA,raw_l2/trade_date=2026-07-17/exchange=NSE/symbol=SUNPHARMA/part-045754_708676-010044.parquet,real_data_sample\l2_unseen_validation\trade_date=2026-07-17\exchange=NSE\symbol=SUNPHARMA\part-045754_708676-010044.parquet,34597,downloaded,34597,
2026-07-17,NSE,SUNPHARMA,raw_l2/trade_date=2026-07-17/exchange=NSE/symbol=SUNPHARMA/part-045658_073095-009916.parquet,real_data_sample\l2_unseen_validation\trade_date=2026-07-17\exchange=NSE\symbol=SUNPHARMA\part-045658_073095-009916.parquet,34569,downloaded,34569,
2026-07-17,NSE,SUNPHARMA,raw_l2/trade_date=2026-07-17/exchange=NSE/symbol=SUNPHARMA/part-043828_697527-007356.parquet,real_data_sample\l2_unseen_validation\trade_date=2026-07-17\exchange=NSE\symbol=SUNPHARMA\part-043828_697527-007356.parquet,34741,downloaded,34741,
2026-07-17,NSE,SUNPHARMA,raw_l2/trade_date=2026-07-17/exchange=NSE/symbol=SUNPHARMA/part-050001_693160-010332.parquet,real_data_sample\l2_unseen_validation\trade_date=2026-07-17\exchange=NSE\symbol=SUNPHARMA\part-050001_693160-010332.parquet,35267,downloaded,35267,
2026-07-17,NSE,SUNPHARMA,raw_l2/trade_date=2026-07-17/exchange=NSE/symbol=SUNPHARMA/part-050029_365329-010396.parquet,real_data_sample\l2_unseen_validation\trade_date=2026-07-17\exchange=NSE\symbol=SUNPHARMA\part-050029_365329-010396.parquet,34702,downloaded,34702,
2026-07-17,NSE,SUNPHARMA,raw_l2/trade_date=2026-07-17/exchange=NSE/symbol=SUNPHARMA/part-050125_052924-010524.parquet,real_data_sample\l2_unseen_validation\trade_date=2026-07-17\exchange=NSE\symbol=SUNPHARMA\part-050125_052924-010524.parquet,34730,downloaded,34730,
2026-07-17,NSE,SUNPHARMA,raw_l2/trade_date=2026-07-17/exchange=NSE/symbol=SUNPHARMA/part-050332_758142-010812.parquet,real_data_sample\l2_unseen_validation\trade_date=2026-07-17\exchange=NSE\symbol=SUNPHARMA\part-050332_758142-010812.parquet,34558,downloaded,34558,
2026-07-17,NSE,SUNPHARMA,raw_l2/trade_date=2026-07-17/exchange=NSE/symbol=SUNPHARMA/part-050318_765995-010780.parquet,real_data_sample\l2_unseen_validation\trade_date=2026-07-17\exchange=NSE\symbol=SUNPHARMA\part-050318_765995-010780.parquet,34810,downloaded,34810,
2026-07-17,NSE,SUNPHARMA,raw_l2/trade_date=2026-07-17/exchange=NSE/symbol=SUNPHARMA/part-050111_169368-010492.parquet,real_data_sample\l2_unseen_validation\trade_date=2026-07-17\exchange=NSE\symbol=SUNPHARMA\part-050111_169368-010492.parquet,34582,downloaded,34582,
2026-07-17,NSE,SUNPHARMA,raw_l2/trade_date=2026-07-17/exchange=NSE/symbol=SUNPHARMA/part-050139_016660-010556.parquet,real_data_sample\l2_unseen_validation\trade_date=2026-07-17\exchange=NSE\symbol=SUNPHARMA\part-050139_016660-010556.parquet,34802,downloaded,34802,
2026-07-17,NSE,SUNPHARMA,raw_l2/trade_date=2026-07-17/exchange=NSE/symbol=SUNPHARMA/part-050346_762789-010844.parquet,real_data_sample\l2_unseen_validation\trade_date=2026-07-17\exchange=NSE\symbol=SUNPHARMA\part-050346_762789-010844.parquet,34863,downloaded,34863,
2026-07-17,NSE,SUNPHARMA,raw_l2/trade_date=2026-07-17/exchange=NSE/symbol=SUNPHARMA/part-050456_895097-011004.parquet,real_data_sample\l2_unseen_validation\trade_date=2026-07-17\exchange=NSE\symbol=SUNPHARMA\part-050456_895097-011004.parquet,34474,downloaded,34474,
2026-07-17,NSE,SUNPHARMA,raw_l2/trade_date=2026-07-17/exchange=NSE/symbol=SUNPHARMA/part-050429_164878-010940.parquet,real_data_sample\l2_unseen_validation\trade_date=2026-07-17\exchange=NSE\symbol=SUNPHARMA\part-050429_164878-010940.parquet,34704,downloaded,34704,
2026-07-17,NSE,SUNPHARMA,raw_l2/trade_date=2026-07-17/exchange=NSE/symbol=SUNPHARMA/part-050415_206602-010908.parquet,real_data_sample\l2_unseen_validation\trade_date=2026-07-17\exchange=NSE\symbol=SUNPHARMA\part-050415_206602-010908.parquet,34809,downloaded,34809,
2026-07-17,NSE,SUNPHARMA,raw_l2/trade_date=2026-07-17/exchange=NSE/symbol=SUNPHARMA/part-050015_489619-010364.parquet,real_data_sample\l2_unseen_validation\trade_date=2026-07-17\exchange=NSE\symbol=SUNPHARMA\part-050015_489619-010364.parquet,35316,downloaded,35316,
2026-07-17,NSE,SUNPHARMA,raw_l2/trade_date=2026-07-17/exchange=NSE/symbol=SUNPHARMA/part-050304_362023-010748.parquet,real_data_sample\l2_unseen_validation\trade_date=2026-07-17\exchange=NSE\symbol=SUNPHARMA\part-050304_362023-010748.parquet,34607,downloaded,34607,
2026-07-17,NSE,SUNPHARMA,raw_l2/trade_date=2026-07-17/exchange=NSE/symbol=SUNPHARMA/part-050443_116321-010972.parquet,real_data_sample\l2_unseen_validation\trade_date=2026-07-17\exchange=NSE\symbol=SUNPHARMA\part-050443_116321-010972.parquet,34604,downloaded,34604,
2026-07-17,NSE,SUNPHARMA,raw_l2/trade_date=2026-07-17/exchange=NSE/symbol=SUNPHARMA/part-050043_287700-010428.parquet,real_data_sample\l2_unseen_validation\trade_date=2026-07-17\exchange=NSE\symbol=SUNPHARMA\part-050043_287700-010428.parquet,34664,downloaded,34664,
2026-07-17,NSE,SUNPHARMA,raw_l2/trade_date=2026-07-17/exchange=NSE/symbol=SUNPHARMA/part-050221_532774-010652.parquet,real_data_sample\l2_unseen_validation\trade_date=2026-07-17\exchange=NSE\symbol=SUNPHARMA\part-050221_532774-010652.parquet,34451,downloaded,34451,
2026-07-17,NSE,SUNPHARMA,raw_l2/trade_date=2026-07-17/exchange=NSE/symbol=SUNPHARMA/part-050511_019494-011036.parquet,real_data_sample\l2_unseen_validation\trade_date=2026-07-17\exchange=NSE\symbol=SUNPHARMA\part-050511_019494-011036.parquet,34624,downloaded,34624,
2026-07-17,NSE,SUNPHARMA,raw_l2/trade_date=2026-07-17/exchange=NSE/symbol=SUNPHARMA/part-050207_470327-010620.parquet,real_data_sample\l2_unseen_validation\trade_date=2026-07-17\exchange=NSE\symbol=SUNPHARMA\part-050207_470327-010620.parquet,34539,downloaded,34539,
2026-07-17,NSE,SUNPHARMA,raw_l2/trade_date=2026-07-17/exchange=NSE/symbol=SUNPHARMA/part-050235_943866-010684.parquet,real_data_sample\l2_unseen_validation\trade_date=2026-07-17\exchange=NSE\symbol=SUNPHARMA\part-050235_943866-010684.parquet,34786,downloaded,34786,
2026-07-17,NSE,SUNPHARMA,raw_l2/trade_date=2026-07-17/exchange=NSE/symbol=SUNPHARMA/part-050153_150746-010588.parquet,real_data_sample\l2_unseen_validation\trade_date=2026-07-17\exchange=NSE\symbol=SUNPHARMA\part-050153_150746-010588.parquet,34545,downloaded,34545,
2026-07-17,NSE,SUNPHARMA,raw_l2/trade_date=2026-07-17/exchange=NSE/symbol=SUNPHARMA/part-050552_852721-011132.parquet,real_data_sample\l2_unseen_validation\trade_date=2026-07-17\exchange=NSE\symbol=SUNPHARMA\part-050552_852721-011132.parquet,34668,downloaded,34668,
2026-07-17,NSE,SUNPHARMA,raw_l2/trade_date=2026-07-17/exchange=NSE/symbol=SUNPHARMA/part-050525_100446-011068.parquet,real_data_sample\l2_unseen_validation\trade_date=2026-07-17\exchange=NSE\symbol=SUNPHARMA\part-050525_100446-011068.parquet,34635,downloaded,34635,
2026-07-17,NSE,SUNPHARMA,raw_l2/trade_date=2026-07-17/exchange=NSE/symbol=SUNPHARMA/part-050250_117755-010716.parquet,real_data_sample\l2_unseen_validation\trade_date=2026-07-17\exchange=NSE\symbol=SUNPHARMA\part-050250_117755-010716.parquet,34575,downloaded,34575,
2026-07-17,NSE,SUNPHARMA,raw_l2/trade_date=2026-07-17/exchange=NSE/symbol=SUNPHARMA/part-050400_897149-010876.parquet,real_data_sample\l2_unseen_validation\trade_date=2026-07-17\exchange=NSE\symbol=SUNPHARMA\part-050400_897149-010876.parquet,34646,downloaded,34646,
2026-07-17,NSE,SUNPHARMA,raw_l2/trade_date=2026-07-17/exchange=NSE/symbol=SUNPHARMA/part-050621_604495-011196.parquet,real_data_sample\l2_unseen_validation\trade_date=2026-07-17\exchange=NSE\symbol=SUNPHARMA\part-050621_604495-011196.parquet,34803,downloaded,34803,
2026-07-17,NSE,SUNPHARMA,raw_l2/trade_date=2026-07-17/exchange=NSE/symbol=SUNPHARMA/part-050538_875808-011100.parquet,real_data_sample\l2_unseen_validation\trade_date=2026-07-17\exchange=NSE\symbol=SUNPHARMA\part-050538_875808-011100.parquet,34609,downloaded,34609,
2026-07-17,NSE,SUNPHARMA,raw_l2/trade_date=2026-07-17/exchange=NSE/symbol=SUNPHARMA/part-050606_948042-011164.parquet,real_data_sample\l2_unseen_validation\trade_date=2026-07-17\exchange=NSE\symbol=SUNPHARMA\part-050606_948042-011164.parquet,34408,downloaded,34408,
2026-07-17,NSE,SUNPHARMA,raw_l2/trade_date=2026-07-17/exchange=NSE/symbol=SUNPHARMA/part-045947_343545-010300.parquet,real_data_sample\l2_unseen_validation\trade_date=2026-07-17\exchange=NSE\symbol=SUNPHARMA\part-045947_343545-010300.parquet,35137,downloaded,35137,
2026-07-17,NSE,SUNPHARMA,raw_l2/trade_date=2026-07-17/exchange=NSE/symbol=SUNPHARMA/part-045933_252451-010268.parquet,real_data_sample\l2_unseen_validation\trade_date=2026-07-17\exchange=NSE\symbol=SUNPHARMA\part-045933_252451-010268.parquet,35283,downloaded,35283,
2026-07-17,NSE,SUNPHARMA,raw_l2/trade_date=2026-07-17/exchange=NSE/symbol=SUNPHARMA/part-050650_422575-011260.parquet,real_data_sample\l2_unseen_validation\trade_date=2026-07-17\exchange=NSE\symbol=SUNPHARMA\part-050650_422575-011260.parquet,34665,downloaded,34665,
2026-07-17,NSE,SUNPHARMA,raw_l2/trade_date=2026-07-17/exchange=NSE/symbol=SUNPHARMA/part-045918_894674-010236.parquet,real_data_sample\l2_unseen_validation\trade_date=2026-07-17\exchange=NSE\symbol=SUNPHARMA\part-045918_894674-010236.parquet,35062,downloaded,35062,
2026-07-17,NSE,SUNPHARMA,raw_l2/trade_date=2026-07-17/exchange=NSE/symbol=SUNPHARMA/part-050704_426148-011292.parquet,real_data_sample\l2_unseen_validation\trade_date=2026-07-17\exchange=NSE\symbol=SUNPHARMA\part-050704_426148-011292.parquet,34559,downloaded,34559,
2026-07-17,NSE,SUNPHARMA,raw_l2/trade_date=2026-07-17/exchange=NSE/symbol=SUNPHARMA/part-050718_641900-011324.parquet,real_data_sample\l2_unseen_validation\trade_date=2026-07-17\exchange=NSE\symbol=SUNPHARMA\part-050718_641900-011324.parquet,34607,downloaded,34607,
2026-07-17,NSE,SUNPHARMA,raw_l2/trade_date=2026-07-17/exchange=NSE/symbol=SUNPHARMA/part-050732_557737-011356.parquet,real_data_sample\l2_unseen_validation\trade_date=2026-07-17\exchange=NSE\symbol=SUNPHARMA\part-050732_557737-011356.parquet,34506,downloaded,34506,
2026-07-17,NSE,SUNPHARMA,raw_l2/trade_date=2026-07-17/exchange=NSE/symbol=SUNPHARMA/part-050923_172367-011612.parquet,real_data_sample\l2_unseen_validation\trade_date=2026-07-17\exchange=NSE\symbol=SUNPHARMA\part-050923_172367-011612.parquet,34590,downloaded,34590,
2026-07-17,NSE,SUNPHARMA,raw_l2/trade_date=2026-07-17/exchange=NSE/symbol=SUNPHARMA/part-050057_178813-010460.parquet,real_data_sample\l2_unseen_validation\trade_date=2026-07-17\exchange=NSE\symbol=SUNPHARMA\part-050057_178813-010460.parquet,34656,downloaded,34656,
2026-07-17,NSE,SUNPHARMA,raw_l2/trade_date=2026-07-17/exchange=NSE/symbol=SUNPHARMA/part-050800_212611-011420.parquet,real_data_sample\l2_unseen_validation\trade_date=2026-07-17\exchange=NSE\symbol=SUNPHARMA\part-050800_212611-011420.parquet,34506,downloaded,34506,
2026-07-17,NSE,SUNPHARMA,raw_l2/trade_date=2026-07-17/exchange=NSE/symbol=SUNPHARMA/part-050950_672349-011676.parquet,real_data_sample\l2_unseen_validation\trade_date=2026-07-17\exchange=NSE\symbol=SUNPHARMA\part-050950_672349-011676.parquet,34534,downloaded,34534,
2026-07-17,NSE,SUNPHARMA,raw_l2/trade_date=2026-07-17/exchange=NSE/symbol=SUNPHARMA/part-051046_150971-011804.parquet,real_data_sample\l2_unseen_validation\trade_date=2026-07-17\exchange=NSE\symbol=SUNPHARMA\part-051046_150971-011804.parquet,34961,downloaded,34961,
2026-07-17,NSE,SUNPHARMA,raw_l2/trade_date=2026-07-17/exchange=NSE/symbol=SUNPHARMA/part-051018_395830-011740.parquet,real_data_sample\l2_unseen_validation\trade_date=2026-07-17\exchange=NSE\symbol=SUNPHARMA\part-051018_395830-011740.parquet,34445,downloaded,34445,
2026-07-17,NSE,SUNPHARMA,raw_l2/trade_date=2026-07-17/exchange=NSE/symbol=SUNPHARMA/part-051004_724117-011708.parquet,real_data_sample\l2_unseen_validation\trade_date=2026-07-17\exchange=NSE\symbol=SUNPHARMA\part-051004_724117-011708.parquet,34638,downloaded,34638,
2026-07-17,NSE,SUNPHARMA,raw_l2/trade_date=2026-07-17/exchange=NSE/symbol=SUNPHARMA/part-050746_331270-011388.parquet,real_data_sample\l2_unseen_validation\trade_date=2026-07-17\exchange=NSE\symbol=SUNPHARMA\part-050746_331270-011388.parquet,34506,downloaded,34506,
2026-07-17,NSE,SUNPHARMA,raw_l2/trade_date=2026-07-17/exchange=NSE/symbol=SUNPHARMA/part-051059_921354-011836.parquet,real_data_sample\l2_unseen_validation\trade_date=2026-07-17\exchange=NSE\symbol=SUNPHARMA\part-051059_921354-011836.parquet,34757,downloaded,34757,
2026-07-17,NSE,SUNPHARMA,raw_l2/trade_date=2026-07-17/exchange=NSE/symbol=SUNPHARMA/part-050855_366255-011548.parquet,real_data_sample\l2_unseen_validation\trade_date=2026-07-17\exchange=NSE\symbol=SUNPHARMA\part-050855_366255-011548.parquet,34589,downloaded,34589,
2026-07-17,NSE,SUNPHARMA,raw_l2/trade_date=2026-07-17/exchange=NSE/symbol=SUNPHARMA/part-051334_839176-012188.parquet,real_data_sample\l2_unseen_validation\trade_date=2026-07-17\exchange=NSE\symbol=SUNPHARMA\part-051334_839176-012188.parquet,34602,downloaded,34602,
2026-07-17,NSE,SUNPHARMA,raw_l2/trade_date=2026-07-17/exchange=NSE/symbol=SUNPHARMA/part-051113_789834-011868.parquet,real_data_sample\l2_unseen_validation\trade_date=2026-07-17\exchange=NSE\symbol=SUNPHARMA\part-051113_789834-011868.parquet,34869,downloaded,34869,
2026-07-17,NSE,SUNPHARMA,raw_l2/trade_date=2026-07-17/exchange=NSE/symbol=SUNPHARMA/part-050841_549985-011516.parquet,real_data_sample\l2_unseen_validation\trade_date=2026-07-17\exchange=NSE\symbol=SUNPHARMA\part-050841_549985-011516.parquet,34401,downloaded,34401,
2026-07-17,NSE,SUNPHARMA,raw_l2/trade_date=2026-07-17/exchange=NSE/symbol=SUNPHARMA/part-051433_799086-012316.parquet,real_data_sample\l2_unseen_validation\trade_date=2026-07-17\exchange=NSE\symbol=SUNPHARMA\part-051433_799086-012316.parquet,34824,downloaded,34824,
2026-07-17,NSE,SUNPHARMA,raw_l2/trade_date=2026-07-17/exchange=NSE/symbol=SUNPHARMA/part-051142_053150-011932.parquet,real_data_sample\l2_unseen_validation\trade_date=2026-07-17\exchange=NSE\symbol=SUNPHARMA\part-051142_053150-011932.parquet,34712,downloaded,34712,
2026-07-17,NSE,SUNPHARMA,raw_l2/trade_date=2026-07-17/exchange=NSE/symbol=SUNPHARMA/part-050827_755543-011484.parquet,real_data_sample\l2_unseen_validation\trade_date=2026-07-17\exchange=NSE\symbol=SUNPHARMA\part-050827_755543-011484.parquet,34592,downloaded,34592,
2026-07-17,NSE,SUNPHARMA,raw_l2/trade_date=2026-07-17/exchange=NSE/symbol=SUNPHARMA/part-050814_001297-011452.parquet,real_data_sample\l2_unseen_validation\trade_date=2026-07-17\exchange=NSE\symbol=SUNPHARMA\part-050814_001297-011452.parquet,34439,downloaded,34439,
2026-07-17,NSE,SUNPHARMA,raw_l2/trade_date=2026-07-17/exchange=NSE/symbol=SUNPHARMA/part-051127_977398-011900.parquet,real_data_sample\l2_unseen_validation\trade_date=2026-07-17\exchange=NSE\symbol=SUNPHARMA\part-051127_977398-011900.parquet,34527,downloaded,34527,
2026-07-17,NSE,SUNPHARMA,raw_l2/trade_date=2026-07-17/exchange=NSE/symbol=SUNPHARMA/part-050936_972476-011644.parquet,real_data_sample\l2_unseen_validation\trade_date=2026-07-17\exchange=NSE\symbol=SUNPHARMA\part-050936_972476-011644.parquet,34422,downloaded,34422,
2026-07-17,NSE,SUNPHARMA,raw_l2/trade_date=2026-07-17/exchange=NSE/symbol=SUNPHARMA/part-050909_317679-011580.parquet,real_data_sample\l2_unseen_validation\trade_date=2026-07-17\exchange=NSE\symbol=SUNPHARMA\part-050909_317679-011580.parquet,34656,downloaded,34656,
2026-07-17,NSE,SUNPHARMA,raw_l2/trade_date=2026-07-17/exchange=NSE/symbol=SUNPHARMA/part-051032_318810-011772.parquet,real_data_sample\l2_unseen_validation\trade_date=2026-07-17\exchange=NSE\symbol=SUNPHARMA\part-051032_318810-011772.parquet,34522,downloaded,34522,
2026-07-17,NSE,SUNPHARMA,raw_l2/trade_date=2026-07-17/exchange=NSE/symbol=SUNPHARMA/part-051223_826171-012028.parquet,real_data_sample\l2_unseen_validation\trade_date=2026-07-17\exchange=NSE\symbol=SUNPHARMA\part-051223_826171-012028.parquet,34685,downloaded,34685,
2026-07-17,NSE,SUNPHARMA,raw_l2/trade_date=2026-07-17/exchange=NSE/symbol=SUNPHARMA/part-051237_684868-012060.parquet,real_data_sample\l2_unseen_validation\trade_date=2026-07-17\exchange=NSE\symbol=SUNPHARMA\part-051237_684868-012060.parquet,34665,downloaded,34665,
2026-07-17,NSE,SUNPHARMA,raw_l2/trade_date=2026-07-17/exchange=NSE/symbol=SUNPHARMA/part-051251_685293-012092.parquet,real_data_sample\l2_unseen_validation\trade_date=2026-07-17\exchange=NSE\symbol=SUNPHARMA\part-051251_685293-012092.parquet,34799,downloaded,34799,
2026-07-17,NSE,SUNPHARMA,raw_l2/trade_date=2026-07-17/exchange=NSE/symbol=SUNPHARMA/part-051404_726813-012252.parquet,real_data_sample\l2_unseen_validation\trade_date=2026-07-17\exchange=NSE\symbol=SUNPHARMA\part-051404_726813-012252.parquet,34794,downloaded,34794,
2026-07-17,NSE,SUNPHARMA,raw_l2/trade_date=2026-07-17/exchange=NSE/symbol=SUNPHARMA/part-051209_883241-011996.parquet,real_data_sample\l2_unseen_validation\trade_date=2026-07-17\exchange=NSE\symbol=SUNPHARMA\part-051209_883241-011996.parquet,34685,downloaded,34685,
2026-07-17,NSE,SUNPHARMA,raw_l2/trade_date=2026-07-17/exchange=NSE/symbol=SUNPHARMA/part-051155_911268-011964.parquet,real_data_sample\l2_unseen_validation\trade_date=2026-07-17\exchange=NSE\symbol=SUNPHARMA\part-051155_911268-011964.parquet,34972,downloaded,34972,
2026-07-17,NSE,SUNPHARMA,raw_l2/trade_date=2026-07-17/exchange=NSE/symbol=SUNPHARMA/part-051320_344480-012156.parquet,real_data_sample\l2_unseen_validation\trade_date=2026-07-17\exchange=NSE\symbol=SUNPHARMA\part-051320_344480-012156.parquet,34670,downloaded,34670,
2026-07-17,NSE,SUNPHARMA,raw_l2/trade_date=2026-07-17/exchange=NSE/symbol=SUNPHARMA/part-051447_665796-012348.parquet,real_data_sample\l2_unseen_validation\trade_date=2026-07-17\exchange=NSE\symbol=SUNPHARMA\part-051447_665796-012348.parquet,34586,downloaded,34586,
2026-07-17,NSE,SUNPHARMA,raw_l2/trade_date=2026-07-17/exchange=NSE/symbol=SUNPHARMA/part-051305_501271-012124.parquet,real_data_sample\l2_unseen_validation\trade_date=2026-07-17\exchange=NSE\symbol=SUNPHARMA\part-051305_501271-012124.parquet,34837,downloaded,34837,
2026-07-17,NSE,SUNPHARMA,raw_l2/trade_date=2026-07-17/exchange=NSE/symbol=SUNPHARMA/part-051515_362136-012412.parquet,real_data_sample\l2_unseen_validation\trade_date=2026-07-17\exchange=NSE\symbol=SUNPHARMA\part-051515_362136-012412.parquet,34740,downloaded,34740,
2026-07-17,NSE,SUNPHARMA,raw_l2/trade_date=2026-07-17/exchange=NSE/symbol=SUNPHARMA/part-051528_942112-012444.parquet,real_data_sample\l2_unseen_validation\trade_date=2026-07-17\exchange=NSE\symbol=SUNPHARMA\part-051528_942112-012444.parquet,34746,downloaded,34746,
2026-07-17,NSE,SUNPHARMA,raw_l2/trade_date=2026-07-17/exchange=NSE/symbol=SUNPHARMA/part-051543_194439-012476.parquet,real_data_sample\l2_unseen_validation\trade_date=2026-07-17\exchange=NSE\symbol=SUNPHARMA\part-051543_194439-012476.parquet,34647,downloaded,34647,
2026-07-17,NSE,SUNPHARMA,raw_l2/trade_date=2026-07-17/exchange=NSE/symbol=SUNPHARMA/part-051557_699360-012508.parquet,real_data_sample\l2_unseen_validation\trade_date=2026-07-17\exchange=NSE\symbol=SUNPHARMA\part-051557_699360-012508.parquet,34554,downloaded,34554,
2026-07-17,NSE,SUNPHARMA,raw_l2/trade_date=2026-07-17/exchange=NSE/symbol=SUNPHARMA/part-051626_333838-012572.parquet,real_data_sample\l2_unseen_validation\trade_date=2026-07-17\exchange=NSE\symbol=SUNPHARMA\part-051626_333838-012572.parquet,34749,downloaded,34749,
2026-07-17,NSE,SUNPHARMA,raw_l2/trade_date=2026-07-17/exchange=NSE/symbol=SUNPHARMA/part-051612_303812-012540.parquet,real_data_sample\l2_unseen_validation\trade_date=2026-07-17\exchange=NSE\symbol=SUNPHARMA\part-051612_303812-012540.parquet,34621,downloaded,34621,
2026-07-17,NSE,SUNPHARMA,raw_l2/trade_date=2026-07-17/exchange=NSE/symbol=SUNPHARMA/part-051640_621949-012604.parquet,real_data_sample\l2_unseen_validation\trade_date=2026-07-17\exchange=NSE\symbol=SUNPHARMA\part-051640_621949-012604.parquet,34904,downloaded,34904,
2026-07-17,NSE,SUNPHARMA,raw_l2/trade_date=2026-07-17/exchange=NSE/symbol=SUNPHARMA/part-051349_999681-012220.parquet,real_data_sample\l2_unseen_validation\trade_date=2026-07-17\exchange=NSE\symbol=SUNPHARMA\part-051349_999681-012220.parquet,34606,downloaded,34606,
2026-07-17,NSE,SUNPHARMA,raw_l2/trade_date=2026-07-17/exchange=NSE/symbol=SUNPHARMA/part-051654_663249-012636.parquet,real_data_sample\l2_unseen_validation\trade_date=2026-07-17\exchange=NSE\symbol=SUNPHARMA\part-051654_663249-012636.parquet,34805,downloaded,34805,
2026-07-17,NSE,SUNPHARMA,raw_l2/trade_date=2026-07-17/exchange=NSE/symbol=SUNPHARMA/part-051820_181272-012828.parquet,real_data_sample\l2_unseen_validation\trade_date=2026-07-17\exchange=NSE\symbol=SUNPHARMA\part-051820_181272-012828.parquet,35159,downloaded,35159,
2026-07-17,NSE,SUNPHARMA,raw_l2/trade_date=2026-07-17/exchange=NSE/symbol=SUNPHARMA/part-051834_355794-012860.parquet,real_data_sample\l2_unseen_validation\trade_date=2026-07-17\exchange=NSE\symbol=SUNPHARMA\part-051834_355794-012860.parquet,35452,downloaded,35452,
2026-07-17,NSE,SUNPHARMA,raw_l2/trade_date=2026-07-17/exchange=NSE/symbol=SUNPHARMA/part-051751_749065-012764.parquet,real_data_sample\l2_unseen_validation\trade_date=2026-07-17\exchange=NSE\symbol=SUNPHARMA\part-051751_749065-012764.parquet,35024,downloaded,35024,
2026-07-17,NSE,SUNPHARMA,raw_l2/trade_date=2026-07-17/exchange=NSE/symbol=SUNPHARMA/part-051722_675181-012700.parquet,real_data_sample\l2_unseen_validation\trade_date=2026-07-17\exchange=NSE\symbol=SUNPHARMA\part-051722_675181-012700.parquet,34620,downloaded,34620,
2026-07-17,NSE,SUNPHARMA,raw_l2/trade_date=2026-07-17/exchange=NSE/symbol=SUNPHARMA/part-051805_630381-012796.parquet,real_data_sample\l2_unseen_validation\trade_date=2026-07-17\exchange=NSE\symbol=SUNPHARMA\part-051805_630381-012796.parquet,34884,downloaded,34884,
2026-07-17,NSE,SUNPHARMA,raw_l2/trade_date=2026-07-17/exchange=NSE/symbol=SUNPHARMA/part-051737_087524-012732.parquet,real_data_sample\l2_unseen_validation\trade_date=2026-07-17\exchange=NSE\symbol=SUNPHARMA\part-051737_087524-012732.parquet,34770,downloaded,34770,
2026-07-17,NSE,SUNPHARMA,raw_l2/trade_date=2026-07-17/exchange=NSE/symbol=SUNPHARMA/part-051848_673330-012892.parquet,real_data_sample\l2_unseen_validation\trade_date=2026-07-17\exchange=NSE\symbol=SUNPHARMA\part-051848_673330-012892.parquet,35451,downloaded,35451,
2026-07-17,NSE,SUNPHARMA,raw_l2/trade_date=2026-07-17/exchange=NSE/symbol=SUNPHARMA/part-051708_828411-012668.parquet,real_data_sample\l2_unseen_validation\trade_date=2026-07-17\exchange=NSE\symbol=SUNPHARMA\part-051708_828411-012668.parquet,34729,downloaded,34729,
2026-07-17,NSE,SUNPHARMA,raw_l2/trade_date=2026-07-17/exchange=NSE/symbol=SUNPHARMA/part-051917_560679-012956.parquet,real_data_sample\l2_unseen_validation\trade_date=2026-07-17\exchange=NSE\symbol=SUNPHARMA\part-051917_560679-012956.parquet,35451,downloaded,35451,
2026-07-17,NSE,SUNPHARMA,raw_l2/trade_date=2026-07-17/exchange=NSE/symbol=SUNPHARMA/part-052107_858688-013212.parquet,real_data_sample\l2_unseen_validation\trade_date=2026-07-17\exchange=NSE\symbol=SUNPHARMA\part-052107_858688-013212.parquet,34449,downloaded,34449,
2026-07-17,NSE,SUNPHARMA,raw_l2/trade_date=2026-07-17/exchange=NSE/symbol=SUNPHARMA/part-051931_338348-012988.parquet,real_data_sample\l2_unseen_validation\trade_date=2026-07-17\exchange=NSE\symbol=SUNPHARMA\part-051931_338348-012988.parquet,34817,downloaded,34817,
2026-07-17,NSE,SUNPHARMA,raw_l2/trade_date=2026-07-17/exchange=NSE/symbol=SUNPHARMA/part-052026_525479-013116.parquet,real_data_sample\l2_unseen_validation\trade_date=2026-07-17\exchange=NSE\symbol=SUNPHARMA\part-052026_525479-013116.parquet,34582,downloaded,34582,
2026-07-17,NSE,SUNPHARMA,raw_l2/trade_date=2026-07-17/exchange=NSE/symbol=SUNPHARMA/part-051945_164370-013020.parquet,real_data_sample\l2_unseen_validation\trade_date=2026-07-17\exchange=NSE\symbol=SUNPHARMA\part-051945_164370-013020.parquet,34734,downloaded,34734,
2026-07-17,NSE,SUNPHARMA,raw_l2/trade_date=2026-07-17/exchange=NSE/symbol=SUNPHARMA/part-051903_450051-012924.parquet,real_data_sample\l2_unseen_validation\trade_date=2026-07-17\exchange=NSE\symbol=SUNPHARMA\part-051903_450051-012924.parquet,35636,downloaded,35636,
2026-07-17,NSE,SUNPHARMA,raw_l2/trade_date=2026-07-17/exchange=NSE/symbol=SUNPHARMA/part-051959_142783-013052.parquet,real_data_sample\l2_unseen_validation\trade_date=2026-07-17\exchange=NSE\symbol=SUNPHARMA\part-051959_142783-013052.parquet,34643,downloaded,34643,
2026-07-17,NSE,SUNPHARMA,raw_l2/trade_date=2026-07-17/exchange=NSE/symbol=SUNPHARMA/part-052149_640387-013308.parquet,real_data_sample\l2_unseen_validation\trade_date=2026-07-17\exchange=NSE\symbol=SUNPHARMA\part-052149_640387-013308.parquet,34403,downloaded,34403,
2026-07-17,NSE,SUNPHARMA,raw_l2/trade_date=2026-07-17/exchange=NSE/symbol=SUNPHARMA/part-052040_338437-013148.parquet,real_data_sample\l2_unseen_validation\trade_date=2026-07-17\exchange=NSE\symbol=SUNPHARMA\part-052040_338437-013148.parquet,34498,downloaded,34498,
2026-07-17,NSE,SUNPHARMA,raw_l2/trade_date=2026-07-17/exchange=NSE/symbol=SUNPHARMA/part-052054_097576-013180.parquet,real_data_sample\l2_unseen_validation\trade_date=2026-07-17\exchange=NSE\symbol=SUNPHARMA\part-052054_097576-013180.parquet,34396,downloaded,34396,
2026-07-17,NSE,SUNPHARMA,raw_l2/trade_date=2026-07-17/exchange=NSE/symbol=SUNPHARMA/part-050636_217341-011228.parquet,real_data_sample\l2_unseen_validation\trade_date=2026-07-17\exchange=NSE\symbol=SUNPHARMA\part-050636_217341-011228.parquet,34525,downloaded,34525,
2026-07-17,NSE,SUNPHARMA,raw_l2/trade_date=2026-07-17/exchange=NSE/symbol=SUNPHARMA/part-052012_781509-013084.parquet,real_data_sample\l2_unseen_validation\trade_date=2026-07-17\exchange=NSE\symbol=SUNPHARMA\part-052012_781509-013084.parquet,34674,downloaded,34674,
2026-07-17,NSE,SUNPHARMA,raw_l2/trade_date=2026-07-17/exchange=NSE/symbol=SUNPHARMA/part-052121_862935-013244.parquet,real_data_sample\l2_unseen_validation\trade_date=2026-07-17\exchange=NSE\symbol=SUNPHARMA\part-052121_862935-013244.parquet,34589,downloaded,34589,
2026-07-17,NSE,SUNPHARMA,raw_l2/trade_date=2026-07-17/exchange=NSE/symbol=SUNPHARMA/part-052203_648643-013340.parquet,real_data_sample\l2_unseen_validation\trade_date=2026-07-17\exchange=NSE\symbol=SUNPHARMA\part-052203_648643-013340.parquet,34532,downloaded,34532,
2026-07-17,NSE,SUNPHARMA,raw_l2/trade_date=2026-07-17/exchange=NSE/symbol=SUNPHARMA/part-052217_783978-013372.parquet,real_data_sample\l2_unseen_validation\trade_date=2026-07-17\exchange=NSE\symbol=SUNPHARMA\part-052217_783978-013372.parquet,34523,downloaded,34523,
2026-07-17,NSE,SUNPHARMA,raw_l2/trade_date=2026-07-17/exchange=NSE/symbol=SUNPHARMA/part-051419_390247-012284.parquet,real_data_sample\l2_unseen_validation\trade_date=2026-07-17\exchange=NSE\symbol=SUNPHARMA\part-051419_390247-012284.parquet,34622,downloaded,34622,
2026-07-17,NSE,SUNPHARMA,raw_l2/trade_date=2026-07-17/exchange=NSE/symbol=SUNPHARMA/part-052231_730240-013404.parquet,real_data_sample\l2_unseen_validation\trade_date=2026-07-17\exchange=NSE\symbol=SUNPHARMA\part-052231_730240-013404.parquet,34572,downloaded,34572,
2026-07-17,NSE,SUNPHARMA,raw_l2/trade_date=2026-07-17/exchange=NSE/symbol=SUNPHARMA/part-052245_704732-013436.parquet,real_data_sample\l2_unseen_validation\trade_date=2026-07-17\exchange=NSE\symbol=SUNPHARMA\part-052245_704732-013436.parquet,34703,downloaded,34703,
2026-07-17,NSE,SUNPHARMA,raw_l2/trade_date=2026-07-17/exchange=NSE/symbol=SUNPHARMA/part-052259_677970-013468.parquet,real_data_sample\l2_unseen_validation\trade_date=2026-07-17\exchange=NSE\symbol=SUNPHARMA\part-052259_677970-013468.parquet,34540,downloaded,34540,
2026-07-17,NSE,SUNPHARMA,raw_l2/trade_date=2026-07-17/exchange=NSE/symbol=SUNPHARMA/part-052313_684184-013500.parquet,real_data_sample\l2_unseen_validation\trade_date=2026-07-17\exchange=NSE\symbol=SUNPHARMA\part-052313_684184-013500.parquet,34532,downloaded,34532,
2026-07-17,NSE,SUNPHARMA,raw_l2/trade_date=2026-07-17/exchange=NSE/symbol=SUNPHARMA/part-052135_619267-013276.parquet,real_data_sample\l2_unseen_validation\trade_date=2026-07-17\exchange=NSE\symbol=SUNPHARMA\part-052135_619267-013276.parquet,34516,downloaded,34516,
2026-07-17,NSE,SUNPHARMA,raw_l2/trade_date=2026-07-17/exchange=NSE/symbol=SUNPHARMA/part-052451_397638-013724.parquet,real_data_sample\l2_unseen_validation\trade_date=2026-07-17\exchange=NSE\symbol=SUNPHARMA\part-052451_397638-013724.parquet,34909,downloaded,34909,
2026-07-17,NSE,SUNPHARMA,raw_l2/trade_date=2026-07-17/exchange=NSE/symbol=SUNPHARMA/part-052423_593691-013660.parquet,real_data_sample\l2_unseen_validation\trade_date=2026-07-17\exchange=NSE\symbol=SUNPHARMA\part-052423_593691-013660.parquet,35074,downloaded,35074,
2026-07-17,NSE,SUNPHARMA,raw_l2/trade_date=2026-07-17/exchange=NSE/symbol=SUNPHARMA/part-051501_521065-012380.parquet,real_data_sample\l2_unseen_validation\trade_date=2026-07-17\exchange=NSE\symbol=SUNPHARMA\part-051501_521065-012380.parquet,34733,downloaded,34733,
2026-07-17,NSE,SUNPHARMA,raw_l2/trade_date=2026-07-17/exchange=NSE/symbol=SUNPHARMA/part-052629_730198-013948.parquet,real_data_sample\l2_unseen_validation\trade_date=2026-07-17\exchange=NSE\symbol=SUNPHARMA\part-052629_730198-013948.parquet,36549,downloaded,36549,
2026-07-17,NSE,SUNPHARMA,raw_l2/trade_date=2026-07-17/exchange=NSE/symbol=SUNPHARMA/part-052547_271833-013852.parquet,real_data_sample\l2_unseen_validation\trade_date=2026-07-17\exchange=NSE\symbol=SUNPHARMA\part-052547_271833-013852.parquet,36157,downloaded,36157,
2026-07-17,NSE,SUNPHARMA,raw_l2/trade_date=2026-07-17/exchange=NSE/symbol=SUNPHARMA/part-052437_608905-013692.parquet,real_data_sample\l2_unseen_validation\trade_date=2026-07-17\exchange=NSE\symbol=SUNPHARMA\part-052437_608905-013692.parquet,34922,downloaded,34922,
2026-07-17,NSE,SUNPHARMA,raw_l2/trade_date=2026-07-17/exchange=NSE/symbol=SUNPHARMA/part-052341_730567-013564.parquet,real_data_sample\l2_unseen_validation\trade_date=2026-07-17\exchange=NSE\symbol=SUNPHARMA\part-052341_730567-013564.parquet,34436,downloaded,34436,
2026-07-17,NSE,SUNPHARMA,raw_l2/trade_date=2026-07-17/exchange=NSE/symbol=SUNPHARMA/part-052519_113293-013788.parquet,real_data_sample\l2_unseen_validation\trade_date=2026-07-17\exchange=NSE\symbol=SUNPHARMA\part-052519_113293-013788.parquet,35451,downloaded,35451,
2026-07-17,NSE,SUNPHARMA,raw_l2/trade_date=2026-07-17/exchange=NSE/symbol=SUNPHARMA/part-052409_653797-013628.parquet,real_data_sample\l2_unseen_validation\trade_date=2026-07-17\exchange=NSE\symbol=SUNPHARMA\part-052409_653797-013628.parquet,34450,downloaded,34450,
2026-07-17,NSE,SUNPHARMA,raw_l2/trade_date=2026-07-17/exchange=NSE/symbol=SUNPHARMA/part-052505_312710-013756.parquet,real_data_sample\l2_unseen_validation\trade_date=2026-07-17\exchange=NSE\symbol=SUNPHARMA\part-052505_312710-013756.parquet,34850,downloaded,34850,
2026-07-17,NSE,SUNPHARMA,raw_l2/trade_date=2026-07-17/exchange=NSE/symbol=SUNPHARMA/part-052533_140531-013820.parquet,real_data_sample\l2_unseen_validation\trade_date=2026-07-17\exchange=NSE\symbol=SUNPHARMA\part-052533_140531-013820.parquet,35906,downloaded,35906,
2026-07-17,NSE,SUNPHARMA,raw_l2/trade_date=2026-07-17/exchange=NSE/symbol=SUNPHARMA/part-052355_798702-013596.parquet,real_data_sample\l2_unseen_validation\trade_date=2026-07-17\exchange=NSE\symbol=SUNPHARMA\part-052355_798702-013596.parquet,34511,downloaded,34511,
2026-07-17,NSE,SUNPHARMA,raw_l2/trade_date=2026-07-17/exchange=NSE/symbol=SUNPHARMA/part-052657_978353-014012.parquet,real_data_sample\l2_unseen_validation\trade_date=2026-07-17\exchange=NSE\symbol=SUNPHARMA\part-052657_978353-014012.parquet,36422,downloaded,36422,
2026-07-17,NSE,SUNPHARMA,raw_l2/trade_date=2026-07-17/exchange=NSE/symbol=SUNPHARMA/part-052615_696146-013916.parquet,real_data_sample\l2_unseen_validation\trade_date=2026-07-17\exchange=NSE\symbol=SUNPHARMA\part-052615_696146-013916.parquet,36527,downloaded,36527,
2026-07-17,NSE,SUNPHARMA,raw_l2/trade_date=2026-07-17/exchange=NSE/symbol=SUNPHARMA/part-052643_796514-013980.parquet,real_data_sample\l2_unseen_validation\trade_date=2026-07-17\exchange=NSE\symbol=SUNPHARMA\part-052643_796514-013980.parquet,36153,downloaded,36153,
2026-07-17,NSE,SUNPHARMA,raw_l2/trade_date=2026-07-17/exchange=NSE/symbol=SUNPHARMA/part-052850_396866-014268.parquet,real_data_sample\l2_unseen_validation\trade_date=2026-07-17\exchange=NSE\symbol=SUNPHARMA\part-052850_396866-014268.parquet,34573,downloaded,34573,
2026-07-17,NSE,SUNPHARMA,raw_l2/trade_date=2026-07-17/exchange=NSE/symbol=SUNPHARMA/part-052712_020283-014044.parquet,real_data_sample\l2_unseen_validation\trade_date=2026-07-17\exchange=NSE\symbol=SUNPHARMA\part-052712_020283-014044.parquet,36038,downloaded,36038,
2026-07-17,NSE,SUNPHARMA,raw_l2/trade_date=2026-07-17/exchange=NSE/symbol=SUNPHARMA/part-052726_017746-014076.parquet,real_data_sample\l2_unseen_validation\trade_date=2026-07-17\exchange=NSE\symbol=SUNPHARMA\part-052726_017746-014076.parquet,35126,downloaded,35126,
2026-07-17,NSE,SUNPHARMA,raw_l2/trade_date=2026-07-17/exchange=NSE/symbol=SUNPHARMA/part-052932_453538-014364.parquet,real_data_sample\l2_unseen_validation\trade_date=2026-07-17\exchange=NSE\symbol=SUNPHARMA\part-052932_453538-014364.parquet,34941,downloaded,34941,
2026-07-17,NSE,SUNPHARMA,raw_l2/trade_date=2026-07-17/exchange=NSE/symbol=SUNPHARMA/part-052946_450471-014396.parquet,real_data_sample\l2_unseen_validation\trade_date=2026-07-17\exchange=NSE\symbol=SUNPHARMA\part-052946_450471-014396.parquet,34928,downloaded,34928,
2026-07-17,NSE,SUNPHARMA,raw_l2/trade_date=2026-07-17/exchange=NSE/symbol=SUNPHARMA/part-052918_499072-014332.parquet,real_data_sample\l2_unseen_validation\trade_date=2026-07-17\exchange=NSE\symbol=SUNPHARMA\part-052918_499072-014332.parquet,34768,downloaded,34768,
2026-07-17,NSE,SUNPHARMA,raw_l2/trade_date=2026-07-17/exchange=NSE/symbol=SUNPHARMA/part-052904_619865-014300.parquet,real_data_sample\l2_unseen_validation\trade_date=2026-07-17\exchange=NSE\symbol=SUNPHARMA\part-052904_619865-014300.parquet,34743,downloaded,34743,
2026-07-17,NSE,SUNPHARMA,raw_l2/trade_date=2026-07-17/exchange=NSE/symbol=SUNPHARMA/part-052753_862474-014140.parquet,real_data_sample\l2_unseen_validation\trade_date=2026-07-17\exchange=NSE\symbol=SUNPHARMA\part-052753_862474-014140.parquet,35448,downloaded,35448,
2026-07-17,NSE,SUNPHARMA,raw_l2/trade_date=2026-07-17/exchange=NSE/symbol=SUNPHARMA/part-052739_921141-014108.parquet,real_data_sample\l2_unseen_validation\trade_date=2026-07-17\exchange=NSE\symbol=SUNPHARMA\part-052739_921141-014108.parquet,36012,downloaded,36012,
2026-07-17,NSE,SUNPHARMA,raw_l2/trade_date=2026-07-17/exchange=NSE/symbol=SUNPHARMA/part-052836_042174-014236.parquet,real_data_sample\l2_unseen_validation\trade_date=2026-07-17\exchange=NSE\symbol=SUNPHARMA\part-052836_042174-014236.parquet,34687,downloaded,34687,
2026-07-17,NSE,SUNPHARMA,raw_l2/trade_date=2026-07-17/exchange=NSE/symbol=SUNPHARMA/part-053015_797321-014460.parquet,real_data_sample\l2_unseen_validation\trade_date=2026-07-17\exchange=NSE\symbol=SUNPHARMA\part-053015_797321-014460.parquet,34894,downloaded,34894,
2026-07-17,NSE,SUNPHARMA,raw_l2/trade_date=2026-07-17/exchange=NSE/symbol=SUNPHARMA/part-052821_911653-014204.parquet,real_data_sample\l2_unseen_validation\trade_date=2026-07-17\exchange=NSE\symbol=SUNPHARMA\part-052821_911653-014204.parquet,35006,downloaded,35006,
2026-07-17,NSE,SUNPHARMA,raw_l2/trade_date=2026-07-17/exchange=NSE/symbol=SUNPHARMA/part-053000_593467-014428.parquet,real_data_sample\l2_unseen_validation\trade_date=2026-07-17\exchange=NSE\symbol=SUNPHARMA\part-053000_593467-014428.parquet,34811,downloaded,34811,
2026-07-17,NSE,SUNPHARMA,raw_l2/trade_date=2026-07-17/exchange=NSE/symbol=SUNPHARMA/part-052327_612498-013532.parquet,real_data_sample\l2_unseen_validation\trade_date=2026-07-17\exchange=NSE\symbol=SUNPHARMA\part-052327_612498-013532.parquet,34550,downloaded,34550,
2026-07-17,NSE,SUNPHARMA,raw_l2/trade_date=2026-07-17/exchange=NSE/symbol=SUNPHARMA/part-053044_006497-014524.parquet,real_data_sample\l2_unseen_validation\trade_date=2026-07-17\exchange=NSE\symbol=SUNPHARMA\part-053044_006497-014524.parquet,35584,downloaded,35584,
2026-07-17,NSE,SUNPHARMA,raw_l2/trade_date=2026-07-17/exchange=NSE/symbol=SUNPHARMA/part-053126_928387-014620.parquet,real_data_sample\l2_unseen_validation\trade_date=2026-07-17\exchange=NSE\symbol=SUNPHARMA\part-053126_928387-014620.parquet,34785,downloaded,34785,
2026-07-17,NSE,SUNPHARMA,raw_l2/trade_date=2026-07-17/exchange=NSE/symbol=SUNPHARMA/part-052601_381273-013884.parquet,real_data_sample\l2_unseen_validation\trade_date=2026-07-17\exchange=NSE\symbol=SUNPHARMA\part-052601_381273-013884.parquet,36331,downloaded,36331,
2026-07-17,NSE,SUNPHARMA,raw_l2/trade_date=2026-07-17/exchange=NSE/symbol=SUNPHARMA/part-053057_989910-014556.parquet,real_data_sample\l2_unseen_validation\trade_date=2026-07-17\exchange=NSE\symbol=SUNPHARMA\part-053057_989910-014556.parquet,35692,downloaded,35692,
2026-07-17,NSE,SUNPHARMA,raw_l2/trade_date=2026-07-17/exchange=NSE/symbol=SUNPHARMA/part-053140_876485-014652.parquet,real_data_sample\l2_unseen_validation\trade_date=2026-07-17\exchange=NSE\symbol=SUNPHARMA\part-053140_876485-014652.parquet,34846,downloaded,34846,
2026-07-17,NSE,SUNPHARMA,raw_l2/trade_date=2026-07-17/exchange=NSE/symbol=SUNPHARMA/part-053208_976285-014716.parquet,real_data_sample\l2_unseen_validation\trade_date=2026-07-17\exchange=NSE\symbol=SUNPHARMA\part-053208_976285-014716.parquet,34700,downloaded,34700,
2026-07-17,NSE,SUNPHARMA,raw_l2/trade_date=2026-07-17/exchange=NSE/symbol=SUNPHARMA/part-053154_674990-014684.parquet,real_data_sample\l2_unseen_validation\trade_date=2026-07-17\exchange=NSE\symbol=SUNPHARMA\part-053154_674990-014684.parquet,34951,downloaded,34951,
2026-07-17,NSE,SUNPHARMA,raw_l2/trade_date=2026-07-17/exchange=NSE/symbol=SUNPHARMA/part-053236_945316-014780.parquet,real_data_sample\l2_unseen_validation\trade_date=2026-07-17\exchange=NSE\symbol=SUNPHARMA\part-053236_945316-014780.parquet,35628,downloaded,35628,
2026-07-17,NSE,SUNPHARMA,raw_l2/trade_date=2026-07-17/exchange=NSE/symbol=SUNPHARMA/part-053538_233121-015196.parquet,real_data_sample\l2_unseen_validation\trade_date=2026-07-17\exchange=NSE\symbol=SUNPHARMA\part-053538_233121-015196.parquet,34846,downloaded,34846,
2026-07-17,NSE,SUNPHARMA,raw_l2/trade_date=2026-07-17/exchange=NSE/symbol=SUNPHARMA/part-053333_334628-014908.parquet,real_data_sample\l2_unseen_validation\trade_date=2026-07-17\exchange=NSE\symbol=SUNPHARMA\part-053333_334628-014908.parquet,34818,downloaded,34818,
2026-07-17,NSE,SUNPHARMA,raw_l2/trade_date=2026-07-17/exchange=NSE/symbol=SUNPHARMA/part-053347_110478-014940.parquet,real_data_sample\l2_unseen_validation\trade_date=2026-07-17\exchange=NSE\symbol=SUNPHARMA\part-053347_110478-014940.parquet,34829,downloaded,34829,
2026-07-17,NSE,SUNPHARMA,raw_l2/trade_date=2026-07-17/exchange=NSE/symbol=SUNPHARMA/part-053222_977908-014748.parquet,real_data_sample\l2_unseen_validation\trade_date=2026-07-17\exchange=NSE\symbol=SUNPHARMA\part-053222_977908-014748.parquet,35624,downloaded,35624,
2026-07-17,NSE,SUNPHARMA,raw_l2/trade_date=2026-07-17/exchange=NSE/symbol=SUNPHARMA/part-053442_860801-015068.parquet,real_data_sample\l2_unseen_validation\trade_date=2026-07-17\exchange=NSE\symbol=SUNPHARMA\part-053442_860801-015068.parquet,34471,downloaded,34471,
2026-07-17,NSE,SUNPHARMA,raw_l2/trade_date=2026-07-17/exchange=NSE/symbol=SUNPHARMA/part-053250_947086-014812.parquet,real_data_sample\l2_unseen_validation\trade_date=2026-07-17\exchange=NSE\symbol=SUNPHARMA\part-053250_947086-014812.parquet,35665,downloaded,35665,
2026-07-17,NSE,SUNPHARMA,raw_l2/trade_date=2026-07-17/exchange=NSE/symbol=SUNPHARMA/part-053524_408115-015164.parquet,real_data_sample\l2_unseen_validation\trade_date=2026-07-17\exchange=NSE\symbol=SUNPHARMA\part-053524_408115-015164.parquet,34533,downloaded,34533,
2026-07-17,NSE,SUNPHARMA,raw_l2/trade_date=2026-07-17/exchange=NSE/symbol=SUNPHARMA/part-053634_117732-015324.parquet,real_data_sample\l2_unseen_validation\trade_date=2026-07-17\exchange=NSE\symbol=SUNPHARMA\part-053634_117732-015324.parquet,35947,downloaded,35947,
2026-07-17,NSE,SUNPHARMA,raw_l2/trade_date=2026-07-17/exchange=NSE/symbol=SUNPHARMA/part-053510_545589-015132.parquet,real_data_sample\l2_unseen_validation\trade_date=2026-07-17\exchange=NSE\symbol=SUNPHARMA\part-053510_545589-015132.parquet,34620,downloaded,34620,
2026-07-17,NSE,SUNPHARMA,raw_l2/trade_date=2026-07-17/exchange=NSE/symbol=SUNPHARMA/part-053305_094074-014844.parquet,real_data_sample\l2_unseen_validation\trade_date=2026-07-17\exchange=NSE\symbol=SUNPHARMA\part-053305_094074-014844.parquet,35351,downloaded,35351,
2026-07-17,NSE,SUNPHARMA,raw_l2/trade_date=2026-07-17/exchange=NSE/symbol=SUNPHARMA/part-053415_299537-015004.parquet,real_data_sample\l2_unseen_validation\trade_date=2026-07-17\exchange=NSE\symbol=SUNPHARMA\part-053415_299537-015004.parquet,34773,downloaded,34773,
2026-07-17,NSE,SUNPHARMA,raw_l2/trade_date=2026-07-17/exchange=NSE/symbol=SUNPHARMA/part-053619_942073-015292.parquet,real_data_sample\l2_unseen_validation\trade_date=2026-07-17\exchange=NSE\symbol=SUNPHARMA\part-053619_942073-015292.parquet,34907,downloaded,34907,
2026-07-17,NSE,SUNPHARMA,raw_l2/trade_date=2026-07-17/exchange=NSE/symbol=SUNPHARMA/part-053456_449609-015100.parquet,real_data_sample\l2_unseen_validation\trade_date=2026-07-17\exchange=NSE\symbol=SUNPHARMA\part-053456_449609-015100.parquet,34712,downloaded,34712,
2026-07-17,NSE,SUNPHARMA,raw_l2/trade_date=2026-07-17/exchange=NSE/symbol=SUNPHARMA/part-053319_162750-014876.parquet,real_data_sample\l2_unseen_validation\trade_date=2026-07-17\exchange=NSE\symbol=SUNPHARMA\part-053319_162750-014876.parquet,35061,downloaded,35061,
2026-07-17,NSE,SUNPHARMA,raw_l2/trade_date=2026-07-17/exchange=NSE/symbol=SUNPHARMA/part-053401_284328-014972.parquet,real_data_sample\l2_unseen_validation\trade_date=2026-07-17\exchange=NSE\symbol=SUNPHARMA\part-053401_284328-014972.parquet,34652,downloaded,34652,
2026-07-17,NSE,SUNPHARMA,raw_l2/trade_date=2026-07-17/exchange=NSE/symbol=SUNPHARMA/part-053648_074354-015356.parquet,real_data_sample\l2_unseen_validation\trade_date=2026-07-17\exchange=NSE\symbol=SUNPHARMA\part-053648_074354-015356.parquet,35432,downloaded,35432,
2026-07-17,NSE,SUNPHARMA,raw_l2/trade_date=2026-07-17/exchange=NSE/symbol=SUNPHARMA/part-053702_017036-015388.parquet,real_data_sample\l2_unseen_validation\trade_date=2026-07-17\exchange=NSE\symbol=SUNPHARMA\part-053702_017036-015388.parquet,35350,downloaded,35350,
2026-07-17,NSE,SUNPHARMA,raw_l2/trade_date=2026-07-17/exchange=NSE/symbol=SUNPHARMA/part-053429_081052-015036.parquet,real_data_sample\l2_unseen_validation\trade_date=2026-07-17\exchange=NSE\symbol=SUNPHARMA\part-053429_081052-015036.parquet,35073,downloaded,35073,
2026-07-17,NSE,SUNPHARMA,raw_l2/trade_date=2026-07-17/exchange=NSE/symbol=SUNPHARMA/part-053030_102355-014492.parquet,real_data_sample\l2_unseen_validation\trade_date=2026-07-17\exchange=NSE\symbol=SUNPHARMA\part-053030_102355-014492.parquet,35149,downloaded,35149,
2026-07-17,NSE,SUNPHARMA,raw_l2/trade_date=2026-07-17/exchange=NSE/symbol=SUNPHARMA/part-053605_863796-015260.parquet,real_data_sample\l2_unseen_validation\trade_date=2026-07-17\exchange=NSE\symbol=SUNPHARMA\part-053605_863796-015260.parquet,34596,downloaded,34596,
2026-07-17,NSE,SUNPHARMA,raw_l2/trade_date=2026-07-17/exchange=NSE/symbol=SUNPHARMA/part-053552_136578-015228.parquet,real_data_sample\l2_unseen_validation\trade_date=2026-07-17\exchange=NSE\symbol=SUNPHARMA\part-053552_136578-015228.parquet,34681,downloaded,34681,
2026-07-17,NSE,SUNPHARMA,raw_l2/trade_date=2026-07-17/exchange=NSE/symbol=SUNPHARMA/part-053729_807630-015452.parquet,real_data_sample\l2_unseen_validation\trade_date=2026-07-17\exchange=NSE\symbol=SUNPHARMA\part-053729_807630-015452.parquet,35821,downloaded,35821,
2026-07-17,NSE,SUNPHARMA,raw_l2/trade_date=2026-07-17/exchange=NSE/symbol=SUNPHARMA/part-053743_673905-015484.parquet,real_data_sample\l2_unseen_validation\trade_date=2026-07-17\exchange=NSE\symbol=SUNPHARMA\part-053743_673905-015484.parquet,35793,downloaded,35793,
2026-07-17,NSE,SUNPHARMA,raw_l2/trade_date=2026-07-17/exchange=NSE/symbol=SUNPHARMA/part-053839_644712-015612.parquet,real_data_sample\l2_unseen_validation\trade_date=2026-07-17\exchange=NSE\symbol=SUNPHARMA\part-053839_644712-015612.parquet,35492,downloaded,35492,
2026-07-17,NSE,SUNPHARMA,raw_l2/trade_date=2026-07-17/exchange=NSE/symbol=SUNPHARMA/part-053825_533572-015580.parquet,real_data_sample\l2_unseen_validation\trade_date=2026-07-17\exchange=NSE\symbol=SUNPHARMA\part-053825_533572-015580.parquet,35402,downloaded,35402,
2026-07-17,NSE,SUNPHARMA,raw_l2/trade_date=2026-07-17/exchange=NSE/symbol=SUNPHARMA/part-053757_536595-015516.parquet,real_data_sample\l2_unseen_validation\trade_date=2026-07-17\exchange=NSE\symbol=SUNPHARMA\part-053757_536595-015516.parquet,35460,downloaded,35460,
2026-07-17,NSE,SUNPHARMA,raw_l2/trade_date=2026-07-17/exchange=NSE/symbol=SUNPHARMA/part-053853_554948-015644.parquet,real_data_sample\l2_unseen_validation\trade_date=2026-07-17\exchange=NSE\symbol=SUNPHARMA\part-053853_554948-015644.parquet,35961,downloaded,35961,
2026-07-17,NSE,SUNPHARMA,raw_l2/trade_date=2026-07-17/exchange=NSE/symbol=SUNPHARMA/part-053811_420335-015548.parquet,real_data_sample\l2_unseen_validation\trade_date=2026-07-17\exchange=NSE\symbol=SUNPHARMA\part-053811_420335-015548.parquet,35613,downloaded,35613,
2026-07-17,NSE,SUNPHARMA,raw_l2/trade_date=2026-07-17/exchange=NSE/symbol=SUNPHARMA/part-053921_466533-015708.parquet,real_data_sample\l2_unseen_validation\trade_date=2026-07-17\exchange=NSE\symbol=SUNPHARMA\part-053921_466533-015708.parquet,35676,downloaded,35676,
2026-07-17,NSE,SUNPHARMA,raw_l2/trade_date=2026-07-17/exchange=NSE/symbol=SUNPHARMA/part-053907_314341-015676.parquet,real_data_sample\l2_unseen_validation\trade_date=2026-07-17\exchange=NSE\symbol=SUNPHARMA\part-053907_314341-015676.parquet,35617,downloaded,35617,
2026-07-17,NSE,SUNPHARMA,raw_l2/trade_date=2026-07-17/exchange=NSE/symbol=SUNPHARMA/part-053935_335465-015740.parquet,real_data_sample\l2_unseen_validation\trade_date=2026-07-17\exchange=NSE\symbol=SUNPHARMA\part-053935_335465-015740.parquet,35263,downloaded,35263,
2026-07-17,NSE,SUNPHARMA,raw_l2/trade_date=2026-07-17/exchange=NSE/symbol=SUNPHARMA/part-054235_865184-016156.parquet,real_data_sample\l2_unseen_validation\trade_date=2026-07-17\exchange=NSE\symbol=SUNPHARMA\part-054235_865184-016156.parquet,34749,downloaded,34749,
2026-07-17,NSE,SUNPHARMA,raw_l2/trade_date=2026-07-17/exchange=NSE/symbol=SUNPHARMA/part-054249_934617-016188.parquet,real_data_sample\l2_unseen_validation\trade_date=2026-07-17\exchange=NSE\symbol=SUNPHARMA\part-054249_934617-016188.parquet,34741,downloaded,34741,
2026-07-17,NSE,SUNPHARMA,raw_l2/trade_date=2026-07-17/exchange=NSE/symbol=SUNPHARMA/part-054044_950751-015900.parquet,real_data_sample\l2_unseen_validation\trade_date=2026-07-17\exchange=NSE\symbol=SUNPHARMA\part-054044_950751-015900.parquet,34804,downloaded,34804,
2026-07-17,NSE,SUNPHARMA,raw_l2/trade_date=2026-07-17/exchange=NSE/symbol=SUNPHARMA/part-053716_007458-015420.parquet,real_data_sample\l2_unseen_validation\trade_date=2026-07-17\exchange=NSE\symbol=SUNPHARMA\part-053716_007458-015420.parquet,35590,downloaded,35590,
2026-07-17,NSE,SUNPHARMA,raw_l2/trade_date=2026-07-17/exchange=NSE/symbol=SUNPHARMA/part-054126_587803-015996.parquet,real_data_sample\l2_unseen_validation\trade_date=2026-07-17\exchange=NSE\symbol=SUNPHARMA\part-054126_587803-015996.parquet,34822,downloaded,34822,
2026-07-17,NSE,SUNPHARMA,raw_l2/trade_date=2026-07-17/exchange=NSE/symbol=SUNPHARMA/part-054140_319226-016028.parquet,real_data_sample\l2_unseen_validation\trade_date=2026-07-17\exchange=NSE\symbol=SUNPHARMA\part-054140_319226-016028.parquet,34592,downloaded,34592,
2026-07-17,NSE,SUNPHARMA,raw_l2/trade_date=2026-07-17/exchange=NSE/symbol=SUNPHARMA/part-054058_883285-015932.parquet,real_data_sample\l2_unseen_validation\trade_date=2026-07-17\exchange=NSE\symbol=SUNPHARMA\part-054058_883285-015932.parquet,34741,downloaded,34741,
2026-07-17,NSE,SUNPHARMA,raw_l2/trade_date=2026-07-17/exchange=NSE/symbol=SUNPHARMA/part-054031_053459-015868.parquet,real_data_sample\l2_unseen_validation\trade_date=2026-07-17\exchange=NSE\symbol=SUNPHARMA\part-054031_053459-015868.parquet,34597,downloaded,34597,
2026-07-17,NSE,SUNPHARMA,raw_l2/trade_date=2026-07-17/exchange=NSE/symbol=SUNPHARMA/part-053949_144367-015772.parquet,real_data_sample\l2_unseen_validation\trade_date=2026-07-17\exchange=NSE\symbol=SUNPHARMA\part-053949_144367-015772.parquet,35091,downloaded,35091,
2026-07-17,NSE,SUNPHARMA,raw_l2/trade_date=2026-07-17/exchange=NSE/symbol=SUNPHARMA/part-054427_307550-016412.parquet,real_data_sample\l2_unseen_validation\trade_date=2026-07-17\exchange=NSE\symbol=SUNPHARMA\part-054427_307550-016412.parquet,36026,downloaded,36026,
2026-07-17,NSE,SUNPHARMA,raw_l2/trade_date=2026-07-17/exchange=NSE/symbol=SUNPHARMA/part-053112_740574-014588.parquet,real_data_sample\l2_unseen_validation\trade_date=2026-07-17\exchange=NSE\symbol=SUNPHARMA\part-053112_740574-014588.parquet,35588,downloaded,35588,
2026-07-17,NSE,SUNPHARMA,raw_l2/trade_date=2026-07-17/exchange=NSE/symbol=SUNPHARMA/part-054303_931673-016220.parquet,real_data_sample\l2_unseen_validation\trade_date=2026-07-17\exchange=NSE\symbol=SUNPHARMA\part-054303_931673-016220.parquet,34863,downloaded,34863,
2026-07-17,NSE,SUNPHARMA,raw_l2/trade_date=2026-07-17/exchange=NSE/symbol=SUNPHARMA/part-054154_163457-016060.parquet,real_data_sample\l2_unseen_validation\trade_date=2026-07-17\exchange=NSE\symbol=SUNPHARMA\part-054154_163457-016060.parquet,34707,downloaded,34707,
2026-07-17,NSE,SUNPHARMA,raw_l2/trade_date=2026-07-17/exchange=NSE/symbol=SUNPHARMA/part-054455_100806-016476.parquet,real_data_sample\l2_unseen_validation\trade_date=2026-07-17\exchange=NSE\symbol=SUNPHARMA\part-054455_100806-016476.parquet,35930,downloaded,35930,
2026-07-17,NSE,SUNPHARMA,raw_l2/trade_date=2026-07-17/exchange=NSE/symbol=SUNPHARMA/part-054441_138444-016444.parquet,real_data_sample\l2_unseen_validation\trade_date=2026-07-17\exchange=NSE\symbol=SUNPHARMA\part-054441_138444-016444.parquet,35649,downloaded,35649,
2026-07-17,NSE,SUNPHARMA,raw_l2/trade_date=2026-07-17/exchange=NSE/symbol=SUNPHARMA/part-054003_311438-015804.parquet,real_data_sample\l2_unseen_validation\trade_date=2026-07-17\exchange=NSE\symbol=SUNPHARMA\part-054003_311438-015804.parquet,35126,downloaded,35126,
2026-07-17,NSE,SUNPHARMA,raw_l2/trade_date=2026-07-17/exchange=NSE/symbol=SUNPHARMA/part-054508_880156-016508.parquet,real_data_sample\l2_unseen_validation\trade_date=2026-07-17\exchange=NSE\symbol=SUNPHARMA\part-054508_880156-016508.parquet,36464,downloaded,36464,
2026-07-17,NSE,SUNPHARMA,raw_l2/trade_date=2026-07-17/exchange=NSE/symbol=SUNPHARMA/part-054208_128493-016092.parquet,real_data_sample\l2_unseen_validation\trade_date=2026-07-17\exchange=NSE\symbol=SUNPHARMA\part-054208_128493-016092.parquet,34788,downloaded,34788,
2026-07-17,NSE,SUNPHARMA,raw_l2/trade_date=2026-07-17/exchange=NSE/symbol=SUNPHARMA/part-054522_795966-016540.parquet,real_data_sample\l2_unseen_validation\trade_date=2026-07-17\exchange=NSE\symbol=SUNPHARMA\part-054522_795966-016540.parquet,36403,downloaded,36403,
2026-07-17,NSE,SUNPHARMA,raw_l2/trade_date=2026-07-17/exchange=NSE/symbol=SUNPHARMA/part-054016_988782-015836.parquet,real_data_sample\l2_unseen_validation\trade_date=2026-07-17\exchange=NSE\symbol=SUNPHARMA\part-054016_988782-015836.parquet,35040,downloaded,35040,
2026-07-17,NSE,SUNPHARMA,raw_l2/trade_date=2026-07-17/exchange=NSE/symbol=SUNPHARMA/part-054112_813680-015964.parquet,real_data_sample\l2_unseen_validation\trade_date=2026-07-17\exchange=NSE\symbol=SUNPHARMA\part-054112_813680-015964.parquet,34618,downloaded,34618,
2026-07-17,NSE,SUNPHARMA,raw_l2/trade_date=2026-07-17/exchange=NSE/symbol=SUNPHARMA/part-054536_679325-016572.parquet,real_data_sample\l2_unseen_validation\trade_date=2026-07-17\exchange=NSE\symbol=SUNPHARMA\part-054536_679325-016572.parquet,35862,downloaded,35862,
2026-07-17,NSE,SUNPHARMA,raw_l2/trade_date=2026-07-17/exchange=NSE/symbol=SUNPHARMA/part-054345_565539-016316.parquet,real_data_sample\l2_unseen_validation\trade_date=2026-07-17\exchange=NSE\symbol=SUNPHARMA\part-054345_565539-016316.parquet,34646,downloaded,34646,
2026-07-17,NSE,SUNPHARMA,raw_l2/trade_date=2026-07-17/exchange=NSE/symbol=SUNPHARMA/part-054222_096416-016124.parquet,real_data_sample\l2_unseen_validation\trade_date=2026-07-17\exchange=NSE\symbol=SUNPHARMA\part-054222_096416-016124.parquet,34587,downloaded,34587,
2026-07-17,NSE,SUNPHARMA,raw_l2/trade_date=2026-07-17/exchange=NSE/symbol=SUNPHARMA/part-054413_427512-016380.parquet,real_data_sample\l2_unseen_validation\trade_date=2026-07-17\exchange=NSE\symbol=SUNPHARMA\part-054413_427512-016380.parquet,34996,downloaded,34996,
2026-07-17,NSE,SUNPHARMA,raw_l2/trade_date=2026-07-17/exchange=NSE/symbol=SUNPHARMA/part-054359_445941-016348.parquet,real_data_sample\l2_unseen_validation\trade_date=2026-07-17\exchange=NSE\symbol=SUNPHARMA\part-054359_445941-016348.parquet,34865,downloaded,34865,
2026-07-17,NSE,SUNPHARMA,raw_l2/trade_date=2026-07-17/exchange=NSE/symbol=SUNPHARMA/part-054317_827584-016252.parquet,real_data_sample\l2_unseen_validation\trade_date=2026-07-17\exchange=NSE\symbol=SUNPHARMA\part-054317_827584-016252.parquet,34674,downloaded,34674,
2026-07-17,NSE,SUNPHARMA,raw_l2/trade_date=2026-07-17/exchange=NSE/symbol=SUNPHARMA/part-052807_748834-014172.parquet,real_data_sample\l2_unseen_validation\trade_date=2026-07-17\exchange=NSE\symbol=SUNPHARMA\part-052807_748834-014172.parquet,35230,downloaded,35230,
2026-07-17,NSE,SUNPHARMA,raw_l2/trade_date=2026-07-17/exchange=NSE/symbol=SUNPHARMA/part-054550_620493-016604.parquet,real_data_sample\l2_unseen_validation\trade_date=2026-07-17\exchange=NSE\symbol=SUNPHARMA\part-054550_620493-016604.parquet,36217,downloaded,36217,
2026-07-17,NSE,SUNPHARMA,raw_l2/trade_date=2026-07-17/exchange=NSE/symbol=SUNPHARMA/part-054604_451626-016636.parquet,real_data_sample\l2_unseen_validation\trade_date=2026-07-17\exchange=NSE\symbol=SUNPHARMA\part-054604_451626-016636.parquet,36180,downloaded,36180,
2026-07-17,NSE,SUNPHARMA,raw_l2/trade_date=2026-07-17/exchange=NSE/symbol=SUNPHARMA/part-054618_327240-016668.parquet,real_data_sample\l2_unseen_validation\trade_date=2026-07-17\exchange=NSE\symbol=SUNPHARMA\part-054618_327240-016668.parquet,36322,downloaded,36322,
2026-07-17,NSE,SUNPHARMA,raw_l2/trade_date=2026-07-17/exchange=NSE/symbol=SUNPHARMA/part-054632_061745-016700.parquet,real_data_sample\l2_unseen_validation\trade_date=2026-07-17\exchange=NSE\symbol=SUNPHARMA\part-054632_061745-016700.parquet,35799,downloaded,35799,
2026-07-17,NSE,SUNPHARMA,raw_l2/trade_date=2026-07-17/exchange=NSE/symbol=SUNPHARMA/part-054331_707647-016284.parquet,real_data_sample\l2_unseen_validation\trade_date=2026-07-17\exchange=NSE\symbol=SUNPHARMA\part-054331_707647-016284.parquet,34683,downloaded,34683,
2026-07-17,NSE,SUNPHARMA,raw_l2/trade_date=2026-07-17/exchange=NSE/symbol=SUNPHARMA/part-054949_781727-017148.parquet,real_data_sample\l2_unseen_validation\trade_date=2026-07-17\exchange=NSE\symbol=SUNPHARMA\part-054949_781727-017148.parquet,34713,downloaded,34713,
2026-07-17,NSE,SUNPHARMA,raw_l2/trade_date=2026-07-17/exchange=NSE/symbol=SUNPHARMA/part-054935_515118-017116.parquet,real_data_sample\l2_unseen_validation\trade_date=2026-07-17\exchange=NSE\symbol=SUNPHARMA\part-054935_515118-017116.parquet,34615,downloaded,34615,
2026-07-17,NSE,SUNPHARMA,raw_l2/trade_date=2026-07-17/exchange=NSE/symbol=SUNPHARMA/part-055131_604801-017372.parquet,real_data_sample\l2_unseen_validation\trade_date=2026-07-17\exchange=NSE\symbol=SUNPHARMA\part-055131_604801-017372.parquet,36585,downloaded,36585,
2026-07-17,NSE,SUNPHARMA,raw_l2/trade_date=2026-07-17/exchange=NSE/symbol=SUNPHARMA/part-055018_626443-017212.parquet,real_data_sample\l2_unseen_validation\trade_date=2026-07-17\exchange=NSE\symbol=SUNPHARMA\part-055018_626443-017212.parquet,35134,downloaded,35134,
2026-07-17,NSE,SUNPHARMA,raw_l2/trade_date=2026-07-17/exchange=NSE/symbol=SUNPHARMA/part-055047_483386-017276.parquet,real_data_sample\l2_unseen_validation\trade_date=2026-07-17\exchange=NSE\symbol=SUNPHARMA\part-055047_483386-017276.parquet,35912,downloaded,35912,
2026-07-17,NSE,SUNPHARMA,raw_l2/trade_date=2026-07-17/exchange=NSE/symbol=SUNPHARMA/part-055004_475871-017180.parquet,real_data_sample\l2_unseen_validation\trade_date=2026-07-17\exchange=NSE\symbol=SUNPHARMA\part-055004_475871-017180.parquet,34760,downloaded,34760,
2026-07-17,NSE,SUNPHARMA,raw_l2/trade_date=2026-07-17/exchange=NSE/symbol=SUNPHARMA/part-055032_841724-017244.parquet,real_data_sample\l2_unseen_validation\trade_date=2026-07-17\exchange=NSE\symbol=SUNPHARMA\part-055032_841724-017244.parquet,35324,downloaded,35324,
2026-07-17,NSE,SUNPHARMA,raw_l2/trade_date=2026-07-17/exchange=NSE/symbol=SUNPHARMA/part-055116_619654-017340.parquet,real_data_sample\l2_unseen_validation\trade_date=2026-07-17\exchange=NSE\symbol=SUNPHARMA\part-055116_619654-017340.parquet,36556,downloaded,36556,
2026-07-17,NSE,SUNPHARMA,raw_l2/trade_date=2026-07-17/exchange=NSE/symbol=SUNPHARMA/part-054728_033865-016828.parquet,real_data_sample\l2_unseen_validation\trade_date=2026-07-17\exchange=NSE\symbol=SUNPHARMA\part-054728_033865-016828.parquet,35342,downloaded,35342,
2026-07-17,NSE,SUNPHARMA,raw_l2/trade_date=2026-07-17/exchange=NSE/symbol=SUNPHARMA/part-055215_434546-017468.parquet,real_data_sample\l2_unseen_validation\trade_date=2026-07-17\exchange=NSE\symbol=SUNPHARMA\part-055215_434546-017468.parquet,36430,downloaded,36430,
2026-07-17,NSE,SUNPHARMA,raw_l2/trade_date=2026-07-17/exchange=NSE/symbol=SUNPHARMA/part-055102_188576-017308.parquet,real_data_sample\l2_unseen_validation\trade_date=2026-07-17\exchange=NSE\symbol=SUNPHARMA\part-055102_188576-017308.parquet,35786,downloaded,35786,
2026-07-17,NSE,SUNPHARMA,raw_l2/trade_date=2026-07-17/exchange=NSE/symbol=SUNPHARMA/part-054824_495429-016956.parquet,real_data_sample\l2_unseen_validation\trade_date=2026-07-17\exchange=NSE\symbol=SUNPHARMA\part-054824_495429-016956.parquet,34729,downloaded,34729,
2026-07-17,NSE,SUNPHARMA,raw_l2/trade_date=2026-07-17/exchange=NSE/symbol=SUNPHARMA/part-054756_242213-016892.parquet,real_data_sample\l2_unseen_validation\trade_date=2026-07-17\exchange=NSE\symbol=SUNPHARMA\part-054756_242213-016892.parquet,35237,downloaded,35237,
2026-07-17,NSE,SUNPHARMA,raw_l2/trade_date=2026-07-17/exchange=NSE/symbol=SUNPHARMA/part-055313_821881-017596.parquet,real_data_sample\l2_unseen_validation\trade_date=2026-07-17\exchange=NSE\symbol=SUNPHARMA\part-055313_821881-017596.parquet,35904,downloaded,35904,
2026-07-17,NSE,SUNPHARMA,raw_l2/trade_date=2026-07-17/exchange=NSE/symbol=SUNPHARMA/part-055342_435945-017660.parquet,real_data_sample\l2_unseen_validation\trade_date=2026-07-17\exchange=NSE\symbol=SUNPHARMA\part-055342_435945-017660.parquet,35646,downloaded,35646,
2026-07-17,NSE,SUNPHARMA,raw_l2/trade_date=2026-07-17/exchange=NSE/symbol=SUNPHARMA/part-055201_039833-017436.parquet,real_data_sample\l2_unseen_validation\trade_date=2026-07-17\exchange=NSE\symbol=SUNPHARMA\part-055201_039833-017436.parquet,36542,downloaded,36542,
2026-07-17,NSE,SUNPHARMA,raw_l2/trade_date=2026-07-17/exchange=NSE/symbol=SUNPHARMA/part-054659_746848-016764.parquet,real_data_sample\l2_unseen_validation\trade_date=2026-07-17\exchange=NSE\symbol=SUNPHARMA\part-054659_746848-016764.parquet,35760,downloaded,35760,
2026-07-17,NSE,SUNPHARMA,raw_l2/trade_date=2026-07-17/exchange=NSE/symbol=SUNPHARMA/part-055327_814675-017628.parquet,real_data_sample\l2_unseen_validation\trade_date=2026-07-17\exchange=NSE\symbol=SUNPHARMA\part-055327_814675-017628.parquet,35482,downloaded,35482,
2026-07-17,NSE,SUNPHARMA,raw_l2/trade_date=2026-07-17/exchange=NSE/symbol=SUNPHARMA/part-054838_781848-016988.parquet,real_data_sample\l2_unseen_validation\trade_date=2026-07-17\exchange=NSE\symbol=SUNPHARMA\part-054838_781848-016988.parquet,34776,downloaded,34776,
2026-07-17,NSE,SUNPHARMA,raw_l2/trade_date=2026-07-17/exchange=NSE/symbol=SUNPHARMA/part-055229_936328-017500.parquet,real_data_sample\l2_unseen_validation\trade_date=2026-07-17\exchange=NSE\symbol=SUNPHARMA\part-055229_936328-017500.parquet,35712,downloaded,35712,
2026-07-17,NSE,SUNPHARMA,raw_l2/trade_date=2026-07-17/exchange=NSE/symbol=SUNPHARMA/part-055146_255500-017404.parquet,real_data_sample\l2_unseen_validation\trade_date=2026-07-17\exchange=NSE\symbol=SUNPHARMA\part-055146_255500-017404.parquet,36045,downloaded,36045,
2026-07-17,NSE,SUNPHARMA,raw_l2/trade_date=2026-07-17/exchange=NSE/symbol=SUNPHARMA/part-054810_238963-016924.parquet,real_data_sample\l2_unseen_validation\trade_date=2026-07-17\exchange=NSE\symbol=SUNPHARMA\part-054810_238963-016924.parquet,35611,downloaded,35611,
2026-07-17,NSE,SUNPHARMA,raw_l2/trade_date=2026-07-17/exchange=NSE/symbol=SUNPHARMA/part-054742_119756-016860.parquet,real_data_sample\l2_unseen_validation\trade_date=2026-07-17\exchange=NSE\symbol=SUNPHARMA\part-054742_119756-016860.parquet,35344,downloaded,35344,
2026-07-17,NSE,SUNPHARMA,raw_l2/trade_date=2026-07-17/exchange=NSE/symbol=SUNPHARMA/part-054921_173496-017084.parquet,real_data_sample\l2_unseen_validation\trade_date=2026-07-17\exchange=NSE\symbol=SUNPHARMA\part-054921_173496-017084.parquet,34883,downloaded,34883,
2026-07-17,NSE,SUNPHARMA,raw_l2/trade_date=2026-07-17/exchange=NSE/symbol=SUNPHARMA/part-054906_860186-017052.parquet,real_data_sample\l2_unseen_validation\trade_date=2026-07-17\exchange=NSE\symbol=SUNPHARMA\part-054906_860186-017052.parquet,34653,downloaded,34653,
2026-07-17,NSE,SUNPHARMA,raw_l2/trade_date=2026-07-17/exchange=NSE/symbol=SUNPHARMA/part-054645_878354-016732.parquet,real_data_sample\l2_unseen_validation\trade_date=2026-07-17\exchange=NSE\symbol=SUNPHARMA\part-054645_878354-016732.parquet,36255,downloaded,36255,
2026-07-17,NSE,SUNPHARMA,raw_l2/trade_date=2026-07-17/exchange=NSE/symbol=SUNPHARMA/part-055356_732069-017692.parquet,real_data_sample\l2_unseen_validation\trade_date=2026-07-17\exchange=NSE\symbol=SUNPHARMA\part-055356_732069-017692.parquet,35336,downloaded,35336,
2026-07-17,NSE,SUNPHARMA,raw_l2/trade_date=2026-07-17/exchange=NSE/symbol=SUNPHARMA/part-055244_993662-017532.parquet,real_data_sample\l2_unseen_validation\trade_date=2026-07-17\exchange=NSE\symbol=SUNPHARMA\part-055244_993662-017532.parquet,36122,downloaded,36122,
2026-07-17,NSE,SUNPHARMA,raw_l2/trade_date=2026-07-17/exchange=NSE/symbol=SUNPHARMA/part-055424_992726-017756.parquet,real_data_sample\l2_unseen_validation\trade_date=2026-07-17\exchange=NSE\symbol=SUNPHARMA\part-055424_992726-017756.parquet,34879,downloaded,34879,
2026-07-17,NSE,SUNPHARMA,raw_l2/trade_date=2026-07-17/exchange=NSE/symbol=SUNPHARMA/part-054713_905820-016796.parquet,real_data_sample\l2_unseen_validation\trade_date=2026-07-17\exchange=NSE\symbol=SUNPHARMA\part-054713_905820-016796.parquet,35665,downloaded,35665,
2026-07-17,NSE,SUNPHARMA,raw_l2/trade_date=2026-07-17/exchange=NSE/symbol=SUNPHARMA/part-055439_015509-017788.parquet,real_data_sample\l2_unseen_validation\trade_date=2026-07-17\exchange=NSE\symbol=SUNPHARMA\part-055439_015509-017788.parquet,34859,downloaded,34859,
2026-07-17,NSE,SUNPHARMA,raw_l2/trade_date=2026-07-17/exchange=NSE/symbol=SUNPHARMA/part-055452_999303-017820.parquet,real_data_sample\l2_unseen_validation\trade_date=2026-07-17\exchange=NSE\symbol=SUNPHARMA\part-055452_999303-017820.parquet,34521,downloaded,34521,
2026-07-17,NSE,SUNPHARMA,raw_l2/trade_date=2026-07-17/exchange=NSE/symbol=SUNPHARMA/part-055521_012097-017884.parquet,real_data_sample\l2_unseen_validation\trade_date=2026-07-17\exchange=NSE\symbol=SUNPHARMA\part-055521_012097-017884.parquet,34629,downloaded,34629,
2026-07-17,NSE,SUNPHARMA,raw_l2/trade_date=2026-07-17/exchange=NSE/symbol=SUNPHARMA/part-055838_183340-018332.parquet,real_data_sample\l2_unseen_validation\trade_date=2026-07-17\exchange=NSE\symbol=SUNPHARMA\part-055838_183340-018332.parquet,34840,downloaded,34840,
2026-07-17,NSE,SUNPHARMA,raw_l2/trade_date=2026-07-17/exchange=NSE/symbol=SUNPHARMA/part-055934_821898-018460.parquet,real_data_sample\l2_unseen_validation\trade_date=2026-07-17\exchange=NSE\symbol=SUNPHARMA\part-055934_821898-018460.parquet,35584,downloaded,35584,
2026-07-17,NSE,SUNPHARMA,raw_l2/trade_date=2026-07-17/exchange=NSE/symbol=SUNPHARMA/part-055603_253489-017980.parquet,real_data_sample\l2_unseen_validation\trade_date=2026-07-17\exchange=NSE\symbol=SUNPHARMA\part-055603_253489-017980.parquet,34633,downloaded,34633,
2026-07-17,NSE,SUNPHARMA,raw_l2/trade_date=2026-07-17/exchange=NSE/symbol=SUNPHARMA/part-055549_020333-017948.parquet,real_data_sample\l2_unseen_validation\trade_date=2026-07-17\exchange=NSE\symbol=SUNPHARMA\part-055549_020333-017948.parquet,34866,downloaded,34866,
2026-07-17,NSE,SUNPHARMA,raw_l2/trade_date=2026-07-17/exchange=NSE/symbol=SUNPHARMA/part-055809_817409-018268.parquet,real_data_sample\l2_unseen_validation\trade_date=2026-07-17\exchange=NSE\symbol=SUNPHARMA\part-055809_817409-018268.parquet,34846,downloaded,34846,
2026-07-17,NSE,SUNPHARMA,raw_l2/trade_date=2026-07-17/exchange=NSE/symbol=SUNPHARMA/part-055631_391459-018044.parquet,real_data_sample\l2_unseen_validation\trade_date=2026-07-17\exchange=NSE\symbol=SUNPHARMA\part-055631_391459-018044.parquet,34697,downloaded,34697,
2026-07-17,NSE,SUNPHARMA,raw_l2/trade_date=2026-07-17/exchange=NSE/symbol=SUNPHARMA/part-055949_047186-018492.parquet,real_data_sample\l2_unseen_validation\trade_date=2026-07-17\exchange=NSE\symbol=SUNPHARMA\part-055949_047186-018492.parquet,35291,downloaded,35291,
2026-07-17,NSE,SUNPHARMA,raw_l2/trade_date=2026-07-17/exchange=NSE/symbol=SUNPHARMA/part-055852_434319-018364.parquet,real_data_sample\l2_unseen_validation\trade_date=2026-07-17\exchange=NSE\symbol=SUNPHARMA\part-055852_434319-018364.parquet,34664,downloaded,34664,
2026-07-17,NSE,SUNPHARMA,raw_l2/trade_date=2026-07-17/exchange=NSE/symbol=SUNPHARMA/part-055741_825970-018204.parquet,real_data_sample\l2_unseen_validation\trade_date=2026-07-17\exchange=NSE\symbol=SUNPHARMA\part-055741_825970-018204.parquet,34564,downloaded,34564,
2026-07-17,NSE,SUNPHARMA,raw_l2/trade_date=2026-07-17/exchange=NSE/symbol=SUNPHARMA/part-055823_905627-018300.parquet,real_data_sample\l2_unseen_validation\trade_date=2026-07-17\exchange=NSE\symbol=SUNPHARMA\part-055823_905627-018300.parquet,34706,downloaded,34706,
2026-07-17,NSE,SUNPHARMA,raw_l2/trade_date=2026-07-17/exchange=NSE/symbol=SUNPHARMA/part-055535_055531-017916.parquet,real_data_sample\l2_unseen_validation\trade_date=2026-07-17\exchange=NSE\symbol=SUNPHARMA\part-055535_055531-017916.parquet,34790,downloaded,34790,
2026-07-17,NSE,SUNPHARMA,raw_l2/trade_date=2026-07-17/exchange=NSE/symbol=SUNPHARMA/part-055755_846243-018236.parquet,real_data_sample\l2_unseen_validation\trade_date=2026-07-17\exchange=NSE\symbol=SUNPHARMA\part-055755_846243-018236.parquet,34786,downloaded,34786,
2026-07-17,NSE,SUNPHARMA,raw_l2/trade_date=2026-07-17/exchange=NSE/symbol=SUNPHARMA/part-055617_308320-018012.parquet,real_data_sample\l2_unseen_validation\trade_date=2026-07-17\exchange=NSE\symbol=SUNPHARMA\part-055617_308320-018012.parquet,34770,downloaded,34770,
2026-07-17,NSE,SUNPHARMA,raw_l2/trade_date=2026-07-17/exchange=NSE/symbol=SUNPHARMA/part-060003_716142-018524.parquet,real_data_sample\l2_unseen_validation\trade_date=2026-07-17\exchange=NSE\symbol=SUNPHARMA\part-060003_716142-018524.parquet,35989,downloaded,35989,
2026-07-17,NSE,SUNPHARMA,raw_l2/trade_date=2026-07-17/exchange=NSE/symbol=SUNPHARMA/part-060017_847407-018556.parquet,real_data_sample\l2_unseen_validation\trade_date=2026-07-17\exchange=NSE\symbol=SUNPHARMA\part-060017_847407-018556.parquet,35354,downloaded,35354,
2026-07-17,NSE,SUNPHARMA,raw_l2/trade_date=2026-07-17/exchange=NSE/symbol=SUNPHARMA/part-060031_981761-018588.parquet,real_data_sample\l2_unseen_validation\trade_date=2026-07-17\exchange=NSE\symbol=SUNPHARMA\part-060031_981761-018588.parquet,34692,downloaded,34692,
2026-07-17,NSE,SUNPHARMA,raw_l2/trade_date=2026-07-17/exchange=NSE/symbol=SUNPHARMA/part-055507_157822-017852.parquet,real_data_sample\l2_unseen_validation\trade_date=2026-07-17\exchange=NSE\symbol=SUNPHARMA\part-055507_157822-017852.parquet,34703,downloaded,34703,
2026-07-17,NSE,SUNPHARMA,raw_l2/trade_date=2026-07-17/exchange=NSE/symbol=SUNPHARMA/part-055920_684137-018428.parquet,real_data_sample\l2_unseen_validation\trade_date=2026-07-17\exchange=NSE\symbol=SUNPHARMA\part-055920_684137-018428.parquet,35153,downloaded,35153,
2026-07-17,NSE,SUNPHARMA,raw_l2/trade_date=2026-07-17/exchange=NSE/symbol=SUNPHARMA/part-055727_643161-018172.parquet,real_data_sample\l2_unseen_validation\trade_date=2026-07-17\exchange=NSE\symbol=SUNPHARMA\part-055727_643161-018172.parquet,34647,downloaded,34647,
2026-07-17,NSE,SUNPHARMA,raw_l2/trade_date=2026-07-17/exchange=NSE/symbol=SUNPHARMA/part-055645_578393-018076.parquet,real_data_sample\l2_unseen_validation\trade_date=2026-07-17\exchange=NSE\symbol=SUNPHARMA\part-055645_578393-018076.parquet,34612,downloaded,34612,
2026-07-17,NSE,SUNPHARMA,raw_l2/trade_date=2026-07-17/exchange=NSE/symbol=SUNPHARMA/part-055906_582697-018396.parquet,real_data_sample\l2_unseen_validation\trade_date=2026-07-17\exchange=NSE\symbol=SUNPHARMA\part-055906_582697-018396.parquet,34828,downloaded,34828,
2026-07-17,NSE,SUNPHARMA,raw_l2/trade_date=2026-07-17/exchange=NSE/symbol=SUNPHARMA/part-055713_638064-018140.parquet,real_data_sample\l2_unseen_validation\trade_date=2026-07-17\exchange=NSE\symbol=SUNPHARMA\part-055713_638064-018140.parquet,34615,downloaded,34615,
2026-07-17,NSE,SUNPHARMA,raw_l2/trade_date=2026-07-17/exchange=NSE/symbol=SUNPHARMA/part-055659_607332-018108.parquet,real_data_sample\l2_unseen_validation\trade_date=2026-07-17\exchange=NSE\symbol=SUNPHARMA\part-055659_607332-018108.parquet,34769,downloaded,34769,
2026-07-17,NSE,SUNPHARMA,raw_l2/trade_date=2026-07-17/exchange=NSE/symbol=SUNPHARMA/part-060046_186787-018620.parquet,real_data_sample\l2_unseen_validation\trade_date=2026-07-17\exchange=NSE\symbol=SUNPHARMA\part-060046_186787-018620.parquet,34773,downloaded,34773,
2026-07-17,NSE,SUNPHARMA,raw_l2/trade_date=2026-07-17/exchange=NSE/symbol=SUNPHARMA/part-055259_410160-017564.parquet,real_data_sample\l2_unseen_validation\trade_date=2026-07-17\exchange=NSE\symbol=SUNPHARMA\part-055259_410160-017564.parquet,35863,downloaded,35863,
2026-07-17,NSE,SUNPHARMA,raw_l2/trade_date=2026-07-17/exchange=NSE/symbol=SUNPHARMA/part-055410_898502-017724.parquet,real_data_sample\l2_unseen_validation\trade_date=2026-07-17\exchange=NSE\symbol=SUNPHARMA\part-055410_898502-017724.parquet,35472,downloaded,35472,
2026-07-17,NSE,SUNPHARMA,raw_l2/trade_date=2026-07-17/exchange=NSE/symbol=SUNPHARMA/part-054852_849388-017020.parquet,real_data_sample\l2_unseen_validation\trade_date=2026-07-17\exchange=NSE\symbol=SUNPHARMA\part-054852_849388-017020.parquet,34684,downloaded,34684,
2026-07-17,NSE,SUNPHARMA,raw_l2/trade_date=2026-07-17/exchange=NSE/symbol=SUNPHARMA/part-060142_756691-018748.parquet,real_data_sample\l2_unseen_validation\trade_date=2026-07-17\exchange=NSE\symbol=SUNPHARMA\part-060142_756691-018748.parquet,34839,downloaded,34839,
2026-07-17,NSE,SUNPHARMA,raw_l2/trade_date=2026-07-17/exchange=NSE/symbol=SUNPHARMA/part-060156_786065-018780.parquet,real_data_sample\l2_unseen_validation\trade_date=2026-07-17\exchange=NSE\symbol=SUNPHARMA\part-060156_786065-018780.parquet,34836,downloaded,34836,
2026-07-17,NSE,SUNPHARMA,raw_l2/trade_date=2026-07-17/exchange=NSE/symbol=SUNPHARMA/part-060239_057736-018876.parquet,real_data_sample\l2_unseen_validation\trade_date=2026-07-17\exchange=NSE\symbol=SUNPHARMA\part-060239_057736-018876.parquet,35870,downloaded,35870,
2026-07-17,NSE,SUNPHARMA,raw_l2/trade_date=2026-07-17/exchange=NSE/symbol=SUNPHARMA/part-060210_899564-018812.parquet,real_data_sample\l2_unseen_validation\trade_date=2026-07-17\exchange=NSE\symbol=SUNPHARMA\part-060210_899564-018812.parquet,34676,downloaded,34676,
2026-07-17,NSE,SUNPHARMA,raw_l2/trade_date=2026-07-17/exchange=NSE/symbol=SUNPHARMA/part-060321_347295-018972.parquet,real_data_sample\l2_unseen_validation\trade_date=2026-07-17\exchange=NSE\symbol=SUNPHARMA\part-060321_347295-018972.parquet,35301,downloaded,35301,
2026-07-17,NSE,SUNPHARMA,raw_l2/trade_date=2026-07-17/exchange=NSE/symbol=SUNPHARMA/part-060225_048166-018844.parquet,real_data_sample\l2_unseen_validation\trade_date=2026-07-17\exchange=NSE\symbol=SUNPHARMA\part-060225_048166-018844.parquet,35389,downloaded,35389,
2026-07-17,NSE,SUNPHARMA,raw_l2/trade_date=2026-07-17/exchange=NSE/symbol=SUNPHARMA/part-060335_326636-019004.parquet,real_data_sample\l2_unseen_validation\trade_date=2026-07-17\exchange=NSE\symbol=SUNPHARMA\part-060335_326636-019004.parquet,35402,downloaded,35402,
2026-07-17,NSE,SUNPHARMA,raw_l2/trade_date=2026-07-17/exchange=NSE/symbol=SUNPHARMA/part-060100_475004-018652.parquet,real_data_sample\l2_unseen_validation\trade_date=2026-07-17\exchange=NSE\symbol=SUNPHARMA\part-060100_475004-018652.parquet,34905,downloaded,34905,
2026-07-17,NSE,SUNPHARMA,raw_l2/trade_date=2026-07-17/exchange=NSE/symbol=SUNPHARMA/part-060128_555532-018716.parquet,real_data_sample\l2_unseen_validation\trade_date=2026-07-17\exchange=NSE\symbol=SUNPHARMA\part-060128_555532-018716.parquet,34771,downloaded,34771,
2026-07-17,NSE,SUNPHARMA,raw_l2/trade_date=2026-07-17/exchange=NSE/symbol=SUNPHARMA/part-060307_375003-018940.parquet,real_data_sample\l2_unseen_validation\trade_date=2026-07-17\exchange=NSE\symbol=SUNPHARMA\part-060307_375003-018940.parquet,35593,downloaded,35593,
2026-07-17,NSE,SUNPHARMA,raw_l2/trade_date=2026-07-17/exchange=NSE/symbol=SUNPHARMA/part-060253_160622-018908.parquet,real_data_sample\l2_unseen_validation\trade_date=2026-07-17\exchange=NSE\symbol=SUNPHARMA\part-060253_160622-018908.parquet,35777,downloaded,35777,
2026-07-17,NSE,SUNPHARMA,raw_l2/trade_date=2026-07-17/exchange=NSE/symbol=SUNPHARMA/part-060638_004124-019420.parquet,real_data_sample\l2_unseen_validation\trade_date=2026-07-17\exchange=NSE\symbol=SUNPHARMA\part-060638_004124-019420.parquet,35523,downloaded,35523,
2026-07-17,NSE,SUNPHARMA,raw_l2/trade_date=2026-07-17/exchange=NSE/symbol=SUNPHARMA/part-060417_423383-019100.parquet,real_data_sample\l2_unseen_validation\trade_date=2026-07-17\exchange=NSE\symbol=SUNPHARMA\part-060417_423383-019100.parquet,34854,downloaded,34854,
2026-07-17,NSE,SUNPHARMA,raw_l2/trade_date=2026-07-17/exchange=NSE/symbol=SUNPHARMA/part-060403_207026-019068.parquet,real_data_sample\l2_unseen_validation\trade_date=2026-07-17\exchange=NSE\symbol=SUNPHARMA\part-060403_207026-019068.parquet,35457,downloaded,35457,
2026-07-17,NSE,SUNPHARMA,raw_l2/trade_date=2026-07-17/exchange=NSE/symbol=SUNPHARMA/part-060459_981799-019196.parquet,real_data_sample\l2_unseen_validation\trade_date=2026-07-17\exchange=NSE\symbol=SUNPHARMA\part-060459_981799-019196.parquet,34739,downloaded,34739,
2026-07-17,NSE,SUNPHARMA,raw_l2/trade_date=2026-07-17/exchange=NSE/symbol=SUNPHARMA/part-060431_823540-019132.parquet,real_data_sample\l2_unseen_validation\trade_date=2026-07-17\exchange=NSE\symbol=SUNPHARMA\part-060431_823540-019132.parquet,34753,downloaded,34753,
2026-07-17,NSE,SUNPHARMA,raw_l2/trade_date=2026-07-17/exchange=NSE/symbol=SUNPHARMA/part-060706_239614-019484.parquet,real_data_sample\l2_unseen_validation\trade_date=2026-07-17\exchange=NSE\symbol=SUNPHARMA\part-060706_239614-019484.parquet,35133,downloaded,35133,
2026-07-17,NSE,SUNPHARMA,raw_l2/trade_date=2026-07-17/exchange=NSE/symbol=SUNPHARMA/part-060514_027697-019228.parquet,real_data_sample\l2_unseen_validation\trade_date=2026-07-17\exchange=NSE\symbol=SUNPHARMA\part-060514_027697-019228.parquet,34863,downloaded,34863,
2026-07-17,NSE,SUNPHARMA,raw_l2/trade_date=2026-07-17/exchange=NSE/symbol=SUNPHARMA/part-060720_383918-019516.parquet,real_data_sample\l2_unseen_validation\trade_date=2026-07-17\exchange=NSE\symbol=SUNPHARMA\part-060720_383918-019516.parquet,35207,downloaded,35207,
2026-07-17,NSE,SUNPHARMA,raw_l2/trade_date=2026-07-17/exchange=NSE/symbol=SUNPHARMA/part-060623_957923-019388.parquet,real_data_sample\l2_unseen_validation\trade_date=2026-07-17\exchange=NSE\symbol=SUNPHARMA\part-060623_957923-019388.parquet,35514,downloaded,35514,
2026-07-17,NSE,SUNPHARMA,raw_l2/trade_date=2026-07-17/exchange=NSE/symbol=SUNPHARMA/part-060446_049354-019164.parquet,real_data_sample\l2_unseen_validation\trade_date=2026-07-17\exchange=NSE\symbol=SUNPHARMA\part-060446_049354-019164.parquet,34868,downloaded,34868,
2026-07-17,NSE,SUNPHARMA,raw_l2/trade_date=2026-07-17/exchange=NSE/symbol=SUNPHARMA/part-060556_237247-019324.parquet,real_data_sample\l2_unseen_validation\trade_date=2026-07-17\exchange=NSE\symbol=SUNPHARMA\part-060556_237247-019324.parquet,35788,downloaded,35788,
2026-07-17,NSE,SUNPHARMA,raw_l2/trade_date=2026-07-17/exchange=NSE/symbol=SUNPHARMA/part-060349_309000-019036.parquet,real_data_sample\l2_unseen_validation\trade_date=2026-07-17\exchange=NSE\symbol=SUNPHARMA\part-060349_309000-019036.parquet,35390,downloaded,35390,
2026-07-17,NSE,SUNPHARMA,raw_l2/trade_date=2026-07-17/exchange=NSE/symbol=SUNPHARMA/part-060542_273476-019292.parquet,real_data_sample\l2_unseen_validation\trade_date=2026-07-17\exchange=NSE\symbol=SUNPHARMA\part-060542_273476-019292.parquet,35720,downloaded,35720,
2026-07-17,NSE,SUNPHARMA,raw_l2/trade_date=2026-07-17/exchange=NSE/symbol=SUNPHARMA/part-060652_351767-019452.parquet,real_data_sample\l2_unseen_validation\trade_date=2026-07-17\exchange=NSE\symbol=SUNPHARMA\part-060652_351767-019452.parquet,35444,downloaded,35444,
2026-07-17,NSE,SUNPHARMA,raw_l2/trade_date=2026-07-17/exchange=NSE/symbol=SUNPHARMA/part-060610_136369-019356.parquet,real_data_sample\l2_unseen_validation\trade_date=2026-07-17\exchange=NSE\symbol=SUNPHARMA\part-060610_136369-019356.parquet,35587,downloaded,35587,
2026-07-17,NSE,SUNPHARMA,raw_l2/trade_date=2026-07-17/exchange=NSE/symbol=SUNPHARMA/part-060734_623913-019548.parquet,real_data_sample\l2_unseen_validation\trade_date=2026-07-17\exchange=NSE\symbol=SUNPHARMA\part-060734_623913-019548.parquet,35539,downloaded,35539,
2026-07-17,NSE,SUNPHARMA,raw_l2/trade_date=2026-07-17/exchange=NSE/symbol=SUNPHARMA/part-060528_186529-019260.parquet,real_data_sample\l2_unseen_validation\trade_date=2026-07-17\exchange=NSE\symbol=SUNPHARMA\part-060528_186529-019260.parquet,35460,downloaded,35460,
2026-07-17,NSE,SUNPHARMA,raw_l2/trade_date=2026-07-17/exchange=NSE/symbol=SUNPHARMA/part-060834_160124-019676.parquet,real_data_sample\l2_unseen_validation\trade_date=2026-07-17\exchange=NSE\symbol=SUNPHARMA\part-060834_160124-019676.parquet,35729,downloaded,35729,
2026-07-17,NSE,SUNPHARMA,raw_l2/trade_date=2026-07-17/exchange=NSE/symbol=SUNPHARMA/part-060916_638157-019772.parquet,real_data_sample\l2_unseen_validation\trade_date=2026-07-17\exchange=NSE\symbol=SUNPHARMA\part-060916_638157-019772.parquet,35459,downloaded,35459,
2026-07-17,NSE,SUNPHARMA,raw_l2/trade_date=2026-07-17/exchange=NSE/symbol=SUNPHARMA/part-060848_362620-019708.parquet,real_data_sample\l2_unseen_validation\trade_date=2026-07-17\exchange=NSE\symbol=SUNPHARMA\part-060848_362620-019708.parquet,35404,downloaded,35404,
2026-07-17,NSE,SUNPHARMA,raw_l2/trade_date=2026-07-17/exchange=NSE/symbol=SUNPHARMA/part-060902_596426-019740.parquet,real_data_sample\l2_unseen_validation\trade_date=2026-07-17\exchange=NSE\symbol=SUNPHARMA\part-060902_596426-019740.parquet,35490,downloaded,35490,
2026-07-17,NSE,SUNPHARMA,raw_l2/trade_date=2026-07-17/exchange=NSE/symbol=SUNPHARMA/part-060114_560985-018684.parquet,real_data_sample\l2_unseen_validation\trade_date=2026-07-17\exchange=NSE\symbol=SUNPHARMA\part-060114_560985-018684.parquet,34724,downloaded,34724,
2026-07-17,NSE,SUNPHARMA,raw_l2/trade_date=2026-07-17/exchange=NSE/symbol=SUNPHARMA/part-061042_807870-019964.parquet,real_data_sample\l2_unseen_validation\trade_date=2026-07-17\exchange=NSE\symbol=SUNPHARMA\part-061042_807870-019964.parquet,34690,downloaded,34690,
2026-07-17,NSE,SUNPHARMA,raw_l2/trade_date=2026-07-17/exchange=NSE/symbol=SUNPHARMA/part-060931_329903-019804.parquet,real_data_sample\l2_unseen_validation\trade_date=2026-07-17\exchange=NSE\symbol=SUNPHARMA\part-060931_329903-019804.parquet,34846,downloaded,34846,
2026-07-17,NSE,SUNPHARMA,raw_l2/trade_date=2026-07-17/exchange=NSE/symbol=SUNPHARMA/part-060959_857071-019868.parquet,real_data_sample\l2_unseen_validation\trade_date=2026-07-17\exchange=NSE\symbol=SUNPHARMA\part-060959_857071-019868.parquet,34902,downloaded,34902,
2026-07-17,NSE,SUNPHARMA,raw_l2/trade_date=2026-07-17/exchange=NSE/symbol=SUNPHARMA/part-060945_527723-019836.parquet,real_data_sample\l2_unseen_validation\trade_date=2026-07-17\exchange=NSE\symbol=SUNPHARMA\part-060945_527723-019836.parquet,34653,downloaded,34653,
2026-07-17,NSE,SUNPHARMA,raw_l2/trade_date=2026-07-17/exchange=NSE/symbol=SUNPHARMA/part-061014_252108-019900.parquet,real_data_sample\l2_unseen_validation\trade_date=2026-07-17\exchange=NSE\symbol=SUNPHARMA\part-061014_252108-019900.parquet,34678,downloaded,34678,
2026-07-17,NSE,SUNPHARMA,raw_l2/trade_date=2026-07-17/exchange=NSE/symbol=SUNPHARMA/part-060805_212065-019612.parquet,real_data_sample\l2_unseen_validation\trade_date=2026-07-17\exchange=NSE\symbol=SUNPHARMA\part-060805_212065-019612.parquet,36051,downloaded,36051,
2026-07-17,NSE,SUNPHARMA,raw_l2/trade_date=2026-07-17/exchange=NSE/symbol=SUNPHARMA/part-061028_446547-019932.parquet,real_data_sample\l2_unseen_validation\trade_date=2026-07-17\exchange=NSE\symbol=SUNPHARMA\part-061028_446547-019932.parquet,34853,downloaded,34853,
2026-07-17,NSE,SUNPHARMA,raw_l2/trade_date=2026-07-17/exchange=NSE/symbol=SUNPHARMA/part-060749_289345-019580.parquet,real_data_sample\l2_unseen_validation\trade_date=2026-07-17\exchange=NSE\symbol=SUNPHARMA\part-060749_289345-019580.parquet,35417,downloaded,35417,
2026-07-17,NSE,SUNPHARMA,raw_l2/trade_date=2026-07-17/exchange=NSE/symbol=SUNPHARMA/part-061335_933028-020348.parquet,real_data_sample\l2_unseen_validation\trade_date=2026-07-17\exchange=NSE\symbol=SUNPHARMA\part-061335_933028-020348.parquet,35658,downloaded,35658,
2026-07-17,NSE,SUNPHARMA,raw_l2/trade_date=2026-07-17/exchange=NSE/symbol=SUNPHARMA/part-061238_272965-020220.parquet,real_data_sample\l2_unseen_validation\trade_date=2026-07-17\exchange=NSE\symbol=SUNPHARMA\part-061238_272965-020220.parquet,35534,downloaded,35534,
2026-07-17,NSE,SUNPHARMA,raw_l2/trade_date=2026-07-17/exchange=NSE/symbol=SUNPHARMA/part-061252_612982-020252.parquet,real_data_sample\l2_unseen_validation\trade_date=2026-07-17\exchange=NSE\symbol=SUNPHARMA\part-061252_612982-020252.parquet,35270,downloaded,35270,
2026-07-17,NSE,SUNPHARMA,raw_l2/trade_date=2026-07-17/exchange=NSE/symbol=SUNPHARMA/part-061209_267487-020156.parquet,real_data_sample\l2_unseen_validation\trade_date=2026-07-17\exchange=NSE\symbol=SUNPHARMA\part-061209_267487-020156.parquet,34636,downloaded,34636,
2026-07-17,NSE,SUNPHARMA,raw_l2/trade_date=2026-07-17/exchange=NSE/symbol=SUNPHARMA/part-061154_961530-020124.parquet,real_data_sample\l2_unseen_validation\trade_date=2026-07-17\exchange=NSE\symbol=SUNPHARMA\part-061154_961530-020124.parquet,34925,downloaded,34925,
2026-07-17,NSE,SUNPHARMA,raw_l2/trade_date=2026-07-17/exchange=NSE/symbol=SUNPHARMA/part-061433_179959-020476.parquet,real_data_sample\l2_unseen_validation\trade_date=2026-07-17\exchange=NSE\symbol=SUNPHARMA\part-061433_179959-020476.parquet,35312,downloaded,35312,
2026-07-17,NSE,SUNPHARMA,raw_l2/trade_date=2026-07-17/exchange=NSE/symbol=SUNPHARMA/part-061223_774419-020188.parquet,real_data_sample\l2_unseen_validation\trade_date=2026-07-17\exchange=NSE\symbol=SUNPHARMA\part-061223_774419-020188.parquet,35823,downloaded,35823,
2026-07-17,NSE,SUNPHARMA,raw_l2/trade_date=2026-07-17/exchange=NSE/symbol=SUNPHARMA/part-061559_533178-020668.parquet,real_data_sample\l2_unseen_validation\trade_date=2026-07-17\exchange=NSE\symbol=SUNPHARMA\part-061559_533178-020668.parquet,34711,downloaded,34711,
2026-07-17,NSE,SUNPHARMA,raw_l2/trade_date=2026-07-17/exchange=NSE/symbol=SUNPHARMA/part-061307_074858-020284.parquet,real_data_sample\l2_unseen_validation\trade_date=2026-07-17\exchange=NSE\symbol=SUNPHARMA\part-061307_074858-020284.parquet,35902,downloaded,35902,
2026-07-17,NSE,SUNPHARMA,raw_l2/trade_date=2026-07-17/exchange=NSE/symbol=SUNPHARMA/part-061404_469479-020412.parquet,real_data_sample\l2_unseen_validation\trade_date=2026-07-17\exchange=NSE\symbol=SUNPHARMA\part-061404_469479-020412.parquet,35898,downloaded,35898,
2026-07-17,NSE,SUNPHARMA,raw_l2/trade_date=2026-07-17/exchange=NSE/symbol=SUNPHARMA/part-061321_540205-020316.parquet,real_data_sample\l2_unseen_validation\trade_date=2026-07-17\exchange=NSE\symbol=SUNPHARMA\part-061321_540205-020316.parquet,36135,downloaded,36135,
2026-07-17,NSE,SUNPHARMA,raw_l2/trade_date=2026-07-17/exchange=NSE/symbol=SUNPHARMA/part-061057_328275-019996.parquet,real_data_sample\l2_unseen_validation\trade_date=2026-07-17\exchange=NSE\symbol=SUNPHARMA\part-061057_328275-019996.parquet,34571,downloaded,34571,
2026-07-17,NSE,SUNPHARMA,raw_l2/trade_date=2026-07-17/exchange=NSE/symbol=SUNPHARMA/part-061140_523093-020092.parquet,real_data_sample\l2_unseen_validation\trade_date=2026-07-17\exchange=NSE\symbol=SUNPHARMA\part-061140_523093-020092.parquet,34944,downloaded,34944,
2026-07-17,NSE,SUNPHARMA,raw_l2/trade_date=2026-07-17/exchange=NSE/symbol=SUNPHARMA/part-061126_007461-020060.parquet,real_data_sample\l2_unseen_validation\trade_date=2026-07-17\exchange=NSE\symbol=SUNPHARMA\part-061126_007461-020060.parquet,35014,downloaded,35014,
2026-07-17,NSE,SUNPHARMA,raw_l2/trade_date=2026-07-17/exchange=NSE/symbol=SUNPHARMA/part-061111_610458-020028.parquet,real_data_sample\l2_unseen_validation\trade_date=2026-07-17\exchange=NSE\symbol=SUNPHARMA\part-061111_610458-020028.parquet,34770,downloaded,34770,
2026-07-17,NSE,SUNPHARMA,raw_l2/trade_date=2026-07-17/exchange=NSE/symbol=SUNPHARMA/part-061447_366775-020508.parquet,real_data_sample\l2_unseen_validation\trade_date=2026-07-17\exchange=NSE\symbol=SUNPHARMA\part-061447_366775-020508.parquet,35459,downloaded,35459,
2026-07-17,NSE,SUNPHARMA,raw_l2/trade_date=2026-07-17/exchange=NSE/symbol=SUNPHARMA/part-061418_792134-020444.parquet,real_data_sample\l2_unseen_validation\trade_date=2026-07-17\exchange=NSE\symbol=SUNPHARMA\part-061418_792134-020444.parquet,35520,downloaded,35520,
2026-07-17,NSE,SUNPHARMA,raw_l2/trade_date=2026-07-17/exchange=NSE/symbol=SUNPHARMA/part-061350_147284-020380.parquet,real_data_sample\l2_unseen_validation\trade_date=2026-07-17\exchange=NSE\symbol=SUNPHARMA\part-061350_147284-020380.parquet,35833,downloaded,35833,
2026-07-17,NSE,SUNPHARMA,raw_l2/trade_date=2026-07-17/exchange=NSE/symbol=SUNPHARMA/part-061530_773677-020604.parquet,real_data_sample\l2_unseen_validation\trade_date=2026-07-17\exchange=NSE\symbol=SUNPHARMA\part-061530_773677-020604.parquet,34632,downloaded,34632,
2026-07-17,NSE,SUNPHARMA,raw_l2/trade_date=2026-07-17/exchange=NSE/symbol=SUNPHARMA/part-061544_992698-020636.parquet,real_data_sample\l2_unseen_validation\trade_date=2026-07-17\exchange=NSE\symbol=SUNPHARMA\part-061544_992698-020636.parquet,34708,downloaded,34708,
2026-07-17,NSE,SUNPHARMA,raw_l2/trade_date=2026-07-17/exchange=NSE/symbol=SUNPHARMA/part-061501_866720-020540.parquet,real_data_sample\l2_unseen_validation\trade_date=2026-07-17\exchange=NSE\symbol=SUNPHARMA\part-061501_866720-020540.parquet,35630,downloaded,35630,
2026-07-17,NSE,SUNPHARMA,raw_l2/trade_date=2026-07-17/exchange=NSE/symbol=SUNPHARMA/part-061516_289388-020572.parquet,real_data_sample\l2_unseen_validation\trade_date=2026-07-17\exchange=NSE\symbol=SUNPHARMA\part-061516_289388-020572.parquet,35266,downloaded,35266,
2026-07-17,NSE,SUNPHARMA,raw_l2/trade_date=2026-07-17/exchange=NSE/symbol=SUNPHARMA/part-061629_732800-020732.parquet,real_data_sample\l2_unseen_validation\trade_date=2026-07-17\exchange=NSE\symbol=SUNPHARMA\part-061629_732800-020732.parquet,34900,downloaded,34900,
2026-07-17,NSE,SUNPHARMA,raw_l2/trade_date=2026-07-17/exchange=NSE/symbol=SUNPHARMA/part-061615_108713-020700.parquet,real_data_sample\l2_unseen_validation\trade_date=2026-07-17\exchange=NSE\symbol=SUNPHARMA\part-061615_108713-020700.parquet,34721,downloaded,34721,
2026-07-17,NSE,SUNPHARMA,raw_l2/trade_date=2026-07-17/exchange=NSE/symbol=SUNPHARMA/part-060819_615194-019644.parquet,real_data_sample\l2_unseen_validation\trade_date=2026-07-17\exchange=NSE\symbol=SUNPHARMA\part-060819_615194-019644.parquet,36189,downloaded,36189,
2026-07-17,NSE,SUNPHARMA,raw_l2/trade_date=2026-07-17/exchange=NSE/symbol=SUNPHARMA/part-062241_466037-021564.parquet,real_data_sample\l2_unseen_validation\trade_date=2026-07-17\exchange=NSE\symbol=SUNPHARMA\part-062241_466037-021564.parquet,34699,downloaded,34699,
2026-07-17,NSE,SUNPHARMA,raw_l2/trade_date=2026-07-17/exchange=NSE/symbol=SUNPHARMA/part-062144_232032-021436.parquet,real_data_sample\l2_unseen_validation\trade_date=2026-07-17\exchange=NSE\symbol=SUNPHARMA\part-062144_232032-021436.parquet,34908,downloaded,34908,
2026-07-17,NSE,SUNPHARMA,raw_l2/trade_date=2026-07-17/exchange=NSE/symbol=SUNPHARMA/part-061726_258525-020860.parquet,real_data_sample\l2_unseen_validation\trade_date=2026-07-17\exchange=NSE\symbol=SUNPHARMA\part-061726_258525-020860.parquet,34663,downloaded,34663,
2026-07-17,NSE,SUNPHARMA,raw_l2/trade_date=2026-07-17/exchange=NSE/symbol=SUNPHARMA/part-061740_277699-020892.parquet,real_data_sample\l2_unseen_validation\trade_date=2026-07-17\exchange=NSE\symbol=SUNPHARMA\part-061740_277699-020892.parquet,34753,downloaded,34753,
2026-07-17,NSE,SUNPHARMA,raw_l2/trade_date=2026-07-17/exchange=NSE/symbol=SUNPHARMA/part-061643_799221-020764.parquet,real_data_sample\l2_unseen_validation\trade_date=2026-07-17\exchange=NSE\symbol=SUNPHARMA\part-061643_799221-020764.parquet,34855,downloaded,34855,
2026-07-17,NSE,SUNPHARMA,raw_l2/trade_date=2026-07-17/exchange=NSE/symbol=SUNPHARMA/part-061657_880963-020796.parquet,real_data_sample\l2_unseen_validation\trade_date=2026-07-17\exchange=NSE\symbol=SUNPHARMA\part-061657_880963-020796.parquet,34925,downloaded,34925,
2026-07-17,NSE,SUNPHARMA,raw_l2/trade_date=2026-07-17/exchange=NSE/symbol=SUNPHARMA/part-062116_251483-021372.parquet,real_data_sample\l2_unseen_validation\trade_date=2026-07-17\exchange=NSE\symbol=SUNPHARMA\part-062116_251483-021372.parquet,34702,downloaded,34702,
2026-07-17,NSE,SUNPHARMA,raw_l2/trade_date=2026-07-17/exchange=NSE/symbol=SUNPHARMA/part-061823_740415-020988.parquet,real_data_sample\l2_unseen_validation\trade_date=2026-07-17\exchange=NSE\symbol=SUNPHARMA\part-061823_740415-020988.parquet,35365,downloaded,35365,
2026-07-17,NSE,SUNPHARMA,raw_l2/trade_date=2026-07-17/exchange=NSE/symbol=SUNPHARMA/part-062101_861156-021340.parquet,real_data_sample\l2_unseen_validation\trade_date=2026-07-17\exchange=NSE\symbol=SUNPHARMA\part-062101_861156-021340.parquet,34998,downloaded,34998,
2026-07-17,NSE,SUNPHARMA,raw_l2/trade_date=2026-07-17/exchange=NSE/symbol=SUNPHARMA/part-062130_335871-021404.parquet,real_data_sample\l2_unseen_validation\trade_date=2026-07-17\exchange=NSE\symbol=SUNPHARMA\part-062130_335871-021404.parquet,34512,downloaded,34512,
2026-07-17,NSE,SUNPHARMA,raw_l2/trade_date=2026-07-17/exchange=NSE/symbol=SUNPHARMA/part-061921_699647-021116.parquet,real_data_sample\l2_unseen_validation\trade_date=2026-07-17\exchange=NSE\symbol=SUNPHARMA\part-061921_699647-021116.parquet,35265,downloaded,35265,
2026-07-17,NSE,SUNPHARMA,raw_l2/trade_date=2026-07-17/exchange=NSE/symbol=SUNPHARMA/part-061755_125724-020924.parquet,real_data_sample\l2_unseen_validation\trade_date=2026-07-17\exchange=NSE\symbol=SUNPHARMA\part-061755_125724-020924.parquet,35010,downloaded,35010,
2026-07-17,NSE,SUNPHARMA,raw_l2/trade_date=2026-07-17/exchange=NSE/symbol=SUNPHARMA/part-061838_653367-021020.parquet,real_data_sample\l2_unseen_validation\trade_date=2026-07-17\exchange=NSE\symbol=SUNPHARMA\part-061838_653367-021020.parquet,35117,downloaded,35117,
2026-07-17,NSE,SUNPHARMA,raw_l2/trade_date=2026-07-17/exchange=NSE/symbol=SUNPHARMA/part-061949_900442-021180.parquet,real_data_sample\l2_unseen_validation\trade_date=2026-07-17\exchange=NSE\symbol=SUNPHARMA\part-061949_900442-021180.parquet,34870,downloaded,34870,
2026-07-17,NSE,SUNPHARMA,raw_l2/trade_date=2026-07-17/exchange=NSE/symbol=SUNPHARMA/part-062212_827598-021500.parquet,real_data_sample\l2_unseen_validation\trade_date=2026-07-17\exchange=NSE\symbol=SUNPHARMA\part-062212_827598-021500.parquet,34684,downloaded,34684,
2026-07-17,NSE,SUNPHARMA,raw_l2/trade_date=2026-07-17/exchange=NSE/symbol=SUNPHARMA/part-061852_780345-021052.parquet,real_data_sample\l2_unseen_validation\trade_date=2026-07-17\exchange=NSE\symbol=SUNPHARMA\part-061852_780345-021052.parquet,35591,downloaded,35591,
2026-07-17,NSE,SUNPHARMA,raw_l2/trade_date=2026-07-17/exchange=NSE/symbol=SUNPHARMA/part-061906_916054-021084.parquet,real_data_sample\l2_unseen_validation\trade_date=2026-07-17\exchange=NSE\symbol=SUNPHARMA\part-061906_916054-021084.parquet,35509,downloaded,35509,
2026-07-17,NSE,SUNPHARMA,raw_l2/trade_date=2026-07-17/exchange=NSE/symbol=SUNPHARMA/part-061712_117550-020828.parquet,real_data_sample\l2_unseen_validation\trade_date=2026-07-17\exchange=NSE\symbol=SUNPHARMA\part-061712_117550-020828.parquet,34689,downloaded,34689,
2026-07-17,NSE,SUNPHARMA,raw_l2/trade_date=2026-07-17/exchange=NSE/symbol=SUNPHARMA/part-062338_591481-021692.parquet,real_data_sample\l2_unseen_validation\trade_date=2026-07-17\exchange=NSE\symbol=SUNPHARMA\part-062338_591481-021692.parquet,34559,downloaded,34559,
2026-07-17,NSE,SUNPHARMA,raw_l2/trade_date=2026-07-17/exchange=NSE/symbol=SUNPHARMA/part-061935_710515-021148.parquet,real_data_sample\l2_unseen_validation\trade_date=2026-07-17\exchange=NSE\symbol=SUNPHARMA\part-061935_710515-021148.parquet,34847,downloaded,34847,
2026-07-17,NSE,SUNPHARMA,raw_l2/trade_date=2026-07-17/exchange=NSE/symbol=SUNPHARMA/part-062324_381452-021660.parquet,real_data_sample\l2_unseen_validation\trade_date=2026-07-17\exchange=NSE\symbol=SUNPHARMA\part-062324_381452-021660.parquet,34612,downloaded,34612,
2026-07-17,NSE,SUNPHARMA,raw_l2/trade_date=2026-07-17/exchange=NSE/symbol=SUNPHARMA/part-062158_531971-021468.parquet,real_data_sample\l2_unseen_validation\trade_date=2026-07-17\exchange=NSE\symbol=SUNPHARMA\part-062158_531971-021468.parquet,34767,downloaded,34767,
2026-07-17,NSE,SUNPHARMA,raw_l2/trade_date=2026-07-17/exchange=NSE/symbol=SUNPHARMA/part-062004_149942-021212.parquet,real_data_sample\l2_unseen_validation\trade_date=2026-07-17\exchange=NSE\symbol=SUNPHARMA\part-062004_149942-021212.parquet,34988,downloaded,34988,
2026-07-17,NSE,SUNPHARMA,raw_l2/trade_date=2026-07-17/exchange=NSE/symbol=SUNPHARMA/part-062352_526395-021724.parquet,real_data_sample\l2_unseen_validation\trade_date=2026-07-17\exchange=NSE\symbol=SUNPHARMA\part-062352_526395-021724.parquet,34684,downloaded,34684,
2026-07-17,NSE,SUNPHARMA,raw_l2/trade_date=2026-07-17/exchange=NSE/symbol=SUNPHARMA/part-062018_266608-021244.parquet,real_data_sample\l2_unseen_validation\trade_date=2026-07-17\exchange=NSE\symbol=SUNPHARMA\part-062018_266608-021244.parquet,34866,downloaded,34866,
2026-07-17,NSE,SUNPHARMA,raw_l2/trade_date=2026-07-17/exchange=NSE/symbol=SUNPHARMA/part-062227_075442-021532.parquet,real_data_sample\l2_unseen_validation\trade_date=2026-07-17\exchange=NSE\symbol=SUNPHARMA\part-062227_075442-021532.parquet,34639,downloaded,34639,
2026-07-17,NSE,SUNPHARMA,raw_l2/trade_date=2026-07-17/exchange=NSE/symbol=SUNPHARMA/part-062255_652911-021596.parquet,real_data_sample\l2_unseen_validation\trade_date=2026-07-17\exchange=NSE\symbol=SUNPHARMA\part-062255_652911-021596.parquet,34621,downloaded,34621,
2026-07-17,NSE,SUNPHARMA,raw_l2/trade_date=2026-07-17/exchange=NSE/symbol=SUNPHARMA/part-062310_132175-021628.parquet,real_data_sample\l2_unseen_validation\trade_date=2026-07-17\exchange=NSE\symbol=SUNPHARMA\part-062310_132175-021628.parquet,34604,downloaded,34604,
2026-07-17,NSE,SUNPHARMA,raw_l2/trade_date=2026-07-17/exchange=NSE/symbol=SUNPHARMA/part-062032_631515-021276.parquet,real_data_sample\l2_unseen_validation\trade_date=2026-07-17\exchange=NSE\symbol=SUNPHARMA\part-062032_631515-021276.parquet,34877,downloaded,34877,
2026-07-17,NSE,SUNPHARMA,raw_l2/trade_date=2026-07-17/exchange=NSE/symbol=SUNPHARMA/part-062047_351996-021308.parquet,real_data_sample\l2_unseen_validation\trade_date=2026-07-17\exchange=NSE\symbol=SUNPHARMA\part-062047_351996-021308.parquet,34810,downloaded,34810,
2026-07-17,NSE,SUNPHARMA,raw_l2/trade_date=2026-07-17/exchange=NSE/symbol=SUNPHARMA/part-062420_826680-021788.parquet,real_data_sample\l2_unseen_validation\trade_date=2026-07-17\exchange=NSE\symbol=SUNPHARMA\part-062420_826680-021788.parquet,34671,downloaded,34671,
2026-07-17,NSE,SUNPHARMA,raw_l2/trade_date=2026-07-17/exchange=NSE/symbol=SUNPHARMA/part-062517_314302-021916.parquet,real_data_sample\l2_unseen_validation\trade_date=2026-07-17\exchange=NSE\symbol=SUNPHARMA\part-062517_314302-021916.parquet,34853,downloaded,34853,
2026-07-17,NSE,SUNPHARMA,raw_l2/trade_date=2026-07-17/exchange=NSE/symbol=SUNPHARMA/part-062559_224808-022012.parquet,real_data_sample\l2_unseen_validation\trade_date=2026-07-17\exchange=NSE\symbol=SUNPHARMA\part-062559_224808-022012.parquet,34846,downloaded,34846,
2026-07-17,NSE,SUNPHARMA,raw_l2/trade_date=2026-07-17/exchange=NSE/symbol=SUNPHARMA/part-062448_934285-021852.parquet,real_data_sample\l2_unseen_validation\trade_date=2026-07-17\exchange=NSE\symbol=SUNPHARMA\part-062448_934285-021852.parquet,34426,downloaded,34426,
2026-07-17,NSE,SUNPHARMA,raw_l2/trade_date=2026-07-17/exchange=NSE/symbol=SUNPHARMA/part-061809_591884-020956.parquet,real_data_sample\l2_unseen_validation\trade_date=2026-07-17\exchange=NSE\symbol=SUNPHARMA\part-061809_591884-020956.parquet,34801,downloaded,34801,
2026-07-17,NSE,SUNPHARMA,raw_l2/trade_date=2026-07-17/exchange=NSE/symbol=SUNPHARMA/part-062503_178252-021884.parquet,real_data_sample\l2_unseen_validation\trade_date=2026-07-17\exchange=NSE\symbol=SUNPHARMA\part-062503_178252-021884.parquet,34723,downloaded,34723,
2026-07-17,NSE,SUNPHARMA,raw_l2/trade_date=2026-07-17/exchange=NSE/symbol=SUNPHARMA/part-062835_664396-022364.parquet,real_data_sample\l2_unseen_validation\trade_date=2026-07-17\exchange=NSE\symbol=SUNPHARMA\part-062835_664396-022364.parquet,35001,downloaded,35001,
2026-07-17,NSE,SUNPHARMA,raw_l2/trade_date=2026-07-17/exchange=NSE/symbol=SUNPHARMA/part-062655_795479-022140.parquet,real_data_sample\l2_unseen_validation\trade_date=2026-07-17\exchange=NSE\symbol=SUNPHARMA\part-062655_795479-022140.parquet,34984,downloaded,34984,
2026-07-17,NSE,SUNPHARMA,raw_l2/trade_date=2026-07-17/exchange=NSE/symbol=SUNPHARMA/part-062641_626371-022108.parquet,real_data_sample\l2_unseen_validation\trade_date=2026-07-17\exchange=NSE\symbol=SUNPHARMA\part-062641_626371-022108.parquet,35663,downloaded,35663,
2026-07-17,NSE,SUNPHARMA,raw_l2/trade_date=2026-07-17/exchange=NSE/symbol=SUNPHARMA/part-062903_973967-022428.parquet,real_data_sample\l2_unseen_validation\trade_date=2026-07-17\exchange=NSE\symbol=SUNPHARMA\part-062903_973967-022428.parquet,35105,downloaded,35105,
2026-07-17,NSE,SUNPHARMA,raw_l2/trade_date=2026-07-17/exchange=NSE/symbol=SUNPHARMA/part-062613_302661-022044.parquet,real_data_sample\l2_unseen_validation\trade_date=2026-07-17\exchange=NSE\symbol=SUNPHARMA\part-062613_302661-022044.parquet,35065,downloaded,35065,
2026-07-17,NSE,SUNPHARMA,raw_l2/trade_date=2026-07-17/exchange=NSE/symbol=SUNPHARMA/part-062933_184328-022492.parquet,real_data_sample\l2_unseen_validation\trade_date=2026-07-17\exchange=NSE\symbol=SUNPHARMA\part-062933_184328-022492.parquet,35764,downloaded,35764,
2026-07-17,NSE,SUNPHARMA,raw_l2/trade_date=2026-07-17/exchange=NSE/symbol=SUNPHARMA/part-062947_420544-022524.parquet,real_data_sample\l2_unseen_validation\trade_date=2026-07-17\exchange=NSE\symbol=SUNPHARMA\part-062947_420544-022524.parquet,35381,downloaded,35381,
2026-07-17,NSE,SUNPHARMA,raw_l2/trade_date=2026-07-17/exchange=NSE/symbol=SUNPHARMA/part-063030_384271-022620.parquet,real_data_sample\l2_unseen_validation\trade_date=2026-07-17\exchange=NSE\symbol=SUNPHARMA\part-063030_384271-022620.parquet,34616,downloaded,34616,
2026-07-17,NSE,SUNPHARMA,raw_l2/trade_date=2026-07-17/exchange=NSE/symbol=SUNPHARMA/part-063002_082969-022556.parquet,real_data_sample\l2_unseen_validation\trade_date=2026-07-17\exchange=NSE\symbol=SUNPHARMA\part-063002_082969-022556.parquet,35311,downloaded,35311,
2026-07-17,NSE,SUNPHARMA,raw_l2/trade_date=2026-07-17/exchange=NSE/symbol=SUNPHARMA/part-062821_784331-022332.parquet,real_data_sample\l2_unseen_validation\trade_date=2026-07-17\exchange=NSE\symbol=SUNPHARMA\part-062821_784331-022332.parquet,35006,downloaded,35006,
2026-07-17,NSE,SUNPHARMA,raw_l2/trade_date=2026-07-17/exchange=NSE/symbol=SUNPHARMA/part-062850_084132-022396.parquet,real_data_sample\l2_unseen_validation\trade_date=2026-07-17\exchange=NSE\symbol=SUNPHARMA\part-062850_084132-022396.parquet,34779,downloaded,34779,
2026-07-17,NSE,SUNPHARMA,raw_l2/trade_date=2026-07-17/exchange=NSE/symbol=SUNPHARMA/part-062807_342727-022300.parquet,real_data_sample\l2_unseen_validation\trade_date=2026-07-17\exchange=NSE\symbol=SUNPHARMA\part-062807_342727-022300.parquet,34756,downloaded,34756,
2026-07-17,NSE,SUNPHARMA,raw_l2/trade_date=2026-07-17/exchange=NSE/symbol=SUNPHARMA/part-062627_378756-022076.parquet,real_data_sample\l2_unseen_validation\trade_date=2026-07-17\exchange=NSE\symbol=SUNPHARMA\part-062627_378756-022076.parquet,35437,downloaded,35437,
2026-07-17,NSE,SUNPHARMA,raw_l2/trade_date=2026-07-17/exchange=NSE/symbol=SUNPHARMA/part-062710_243838-022172.parquet,real_data_sample\l2_unseen_validation\trade_date=2026-07-17\exchange=NSE\symbol=SUNPHARMA\part-062710_243838-022172.parquet,35508,downloaded,35508,
2026-07-17,NSE,SUNPHARMA,raw_l2/trade_date=2026-07-17/exchange=NSE/symbol=SUNPHARMA/part-063058_563263-022684.parquet,real_data_sample\l2_unseen_validation\trade_date=2026-07-17\exchange=NSE\symbol=SUNPHARMA\part-063058_563263-022684.parquet,34678,downloaded,34678,
2026-07-17,NSE,SUNPHARMA,raw_l2/trade_date=2026-07-17/exchange=NSE/symbol=SUNPHARMA/part-062738_949075-022236.parquet,real_data_sample\l2_unseen_validation\trade_date=2026-07-17\exchange=NSE\symbol=SUNPHARMA\part-062738_949075-022236.parquet,34738,downloaded,34738,
2026-07-17,NSE,SUNPHARMA,raw_l2/trade_date=2026-07-17/exchange=NSE/symbol=SUNPHARMA/part-062918_100479-022460.parquet,real_data_sample\l2_unseen_validation\trade_date=2026-07-17\exchange=NSE\symbol=SUNPHARMA\part-062918_100479-022460.parquet,35038,downloaded,35038,
2026-07-17,NSE,SUNPHARMA,raw_l2/trade_date=2026-07-17/exchange=NSE/symbol=SUNPHARMA/part-063016_328086-022588.parquet,real_data_sample\l2_unseen_validation\trade_date=2026-07-17\exchange=NSE\symbol=SUNPHARMA\part-063016_328086-022588.parquet,35438,downloaded,35438,
2026-07-17,NSE,SUNPHARMA,raw_l2/trade_date=2026-07-17/exchange=NSE/symbol=SUNPHARMA/part-062753_130847-022268.parquet,real_data_sample\l2_unseen_validation\trade_date=2026-07-17\exchange=NSE\symbol=SUNPHARMA\part-062753_130847-022268.parquet,34869,downloaded,34869,
2026-07-17,NSE,SUNPHARMA,raw_l2/trade_date=2026-07-17/exchange=NSE/symbol=SUNPHARMA/part-062724_599063-022204.parquet,real_data_sample\l2_unseen_validation\trade_date=2026-07-17\exchange=NSE\symbol=SUNPHARMA\part-062724_599063-022204.parquet,34938,downloaded,34938,
2026-07-17,NSE,SUNPHARMA,raw_l2/trade_date=2026-07-17/exchange=NSE/symbol=SUNPHARMA/part-063112_959839-022716.parquet,real_data_sample\l2_unseen_validation\trade_date=2026-07-17\exchange=NSE\symbol=SUNPHARMA\part-063112_959839-022716.parquet,34834,downloaded,34834,
2026-07-17,NSE,SUNPHARMA,raw_l2/trade_date=2026-07-17/exchange=NSE/symbol=SUNPHARMA/part-063044_552914-022652.parquet,real_data_sample\l2_unseen_validation\trade_date=2026-07-17\exchange=NSE\symbol=SUNPHARMA\part-063044_552914-022652.parquet,34785,downloaded,34785,
2026-07-17,NSE,SUNPHARMA,raw_l2/trade_date=2026-07-17/exchange=NSE/symbol=SUNPHARMA/part-062406_657543-021756.parquet,real_data_sample\l2_unseen_validation\trade_date=2026-07-17\exchange=NSE\symbol=SUNPHARMA\part-062406_657543-021756.parquet,35029,downloaded,35029,
2026-07-17,NSE,SUNPHARMA,raw_l2/trade_date=2026-07-17/exchange=NSE/symbol=SUNPHARMA/part-063141_130445-022780.parquet,real_data_sample\l2_unseen_validation\trade_date=2026-07-17\exchange=NSE\symbol=SUNPHARMA\part-063141_130445-022780.parquet,35926,downloaded,35926,
2026-07-17,NSE,SUNPHARMA,raw_l2/trade_date=2026-07-17/exchange=NSE/symbol=SUNPHARMA/part-063127_150723-022748.parquet,real_data_sample\l2_unseen_validation\trade_date=2026-07-17\exchange=NSE\symbol=SUNPHARMA\part-063127_150723-022748.parquet,35422,downloaded,35422,
2026-07-17,NSE,SUNPHARMA,raw_l2/trade_date=2026-07-17/exchange=NSE/symbol=SUNPHARMA/part-063155_113953-022812.parquet,real_data_sample\l2_unseen_validation\trade_date=2026-07-17\exchange=NSE\symbol=SUNPHARMA\part-063155_113953-022812.parquet,35765,downloaded,35765,
2026-07-17,NSE,SUNPHARMA,raw_l2/trade_date=2026-07-17/exchange=NSE/symbol=SUNPHARMA/part-063444_180560-023196.parquet,real_data_sample\l2_unseen_validation\trade_date=2026-07-17\exchange=NSE\symbol=SUNPHARMA\part-063444_180560-023196.parquet,34922,downloaded,34922,
2026-07-17,NSE,SUNPHARMA,raw_l2/trade_date=2026-07-17/exchange=NSE/symbol=SUNPHARMA/part-063416_168313-023132.parquet,real_data_sample\l2_unseen_validation\trade_date=2026-07-17\exchange=NSE\symbol=SUNPHARMA\part-063416_168313-023132.parquet,34775,downloaded,34775,
2026-07-17,NSE,SUNPHARMA,raw_l2/trade_date=2026-07-17/exchange=NSE/symbol=SUNPHARMA/part-063430_210462-023164.parquet,real_data_sample\l2_unseen_validation\trade_date=2026-07-17\exchange=NSE\symbol=SUNPHARMA\part-063430_210462-023164.parquet,34760,downloaded,34760,
2026-07-17,NSE,SUNPHARMA,raw_l2/trade_date=2026-07-17/exchange=NSE/symbol=SUNPHARMA/part-063236_949126-022908.parquet,real_data_sample\l2_unseen_validation\trade_date=2026-07-17\exchange=NSE\symbol=SUNPHARMA\part-063236_949126-022908.parquet,34903,downloaded,34903,
2026-07-17,NSE,SUNPHARMA,raw_l2/trade_date=2026-07-17/exchange=NSE/symbol=SUNPHARMA/part-063209_002785-022844.parquet,real_data_sample\l2_unseen_validation\trade_date=2026-07-17\exchange=NSE\symbol=SUNPHARMA\part-063209_002785-022844.parquet,35856,downloaded,35856,
2026-07-17,NSE,SUNPHARMA,raw_l2/trade_date=2026-07-17/exchange=NSE/symbol=SUNPHARMA/part-063222_931258-022876.parquet,real_data_sample\l2_unseen_validation\trade_date=2026-07-17\exchange=NSE\symbol=SUNPHARMA\part-063222_931258-022876.parquet,34989,downloaded,34989,
2026-07-17,NSE,SUNPHARMA,raw_l2/trade_date=2026-07-17/exchange=NSE/symbol=SUNPHARMA/part-063458_130541-023228.parquet,real_data_sample\l2_unseen_validation\trade_date=2026-07-17\exchange=NSE\symbol=SUNPHARMA\part-063458_130541-023228.parquet,34658,downloaded,34658,
2026-07-17,NSE,SUNPHARMA,raw_l2/trade_date=2026-07-17/exchange=NSE/symbol=SUNPHARMA/part-063526_593445-023292.parquet,real_data_sample\l2_unseen_validation\trade_date=2026-07-17\exchange=NSE\symbol=SUNPHARMA\part-063526_593445-023292.parquet,34545,downloaded,34545,
2026-07-17,NSE,SUNPHARMA,raw_l2/trade_date=2026-07-17/exchange=NSE/symbol=SUNPHARMA/part-063540_400812-023324.parquet,real_data_sample\l2_unseen_validation\trade_date=2026-07-17\exchange=NSE\symbol=SUNPHARMA\part-063540_400812-023324.parquet,34914,downloaded,34914,
2026-07-17,NSE,SUNPHARMA,raw_l2/trade_date=2026-07-17/exchange=NSE/symbol=SUNPHARMA/part-063305_209566-022972.parquet,real_data_sample\l2_unseen_validation\trade_date=2026-07-17\exchange=NSE\symbol=SUNPHARMA\part-063305_209566-022972.parquet,34712,downloaded,34712,
2026-07-17,NSE,SUNPHARMA,raw_l2/trade_date=2026-07-17/exchange=NSE/symbol=SUNPHARMA/part-063512_341608-023260.parquet,real_data_sample\l2_unseen_validation\trade_date=2026-07-17\exchange=NSE\symbol=SUNPHARMA\part-063512_341608-023260.parquet,34732,downloaded,34732,
2026-07-17,NSE,SUNPHARMA,raw_l2/trade_date=2026-07-17/exchange=NSE/symbol=SUNPHARMA/part-063402_082760-023100.parquet,real_data_sample\l2_unseen_validation\trade_date=2026-07-17\exchange=NSE\symbol=SUNPHARMA\part-063402_082760-023100.parquet,34664,downloaded,34664,
2026-07-17,NSE,SUNPHARMA,raw_l2/trade_date=2026-07-17/exchange=NSE/symbol=SUNPHARMA/part-063250_889965-022940.parquet,real_data_sample\l2_unseen_validation\trade_date=2026-07-17\exchange=NSE\symbol=SUNPHARMA\part-063250_889965-022940.parquet,34693,downloaded,34693,
2026-07-17,NSE,SUNPHARMA,raw_l2/trade_date=2026-07-17/exchange=NSE/symbol=SUNPHARMA/part-063718_234718-023548.parquet,real_data_sample\l2_unseen_validation\trade_date=2026-07-17\exchange=NSE\symbol=SUNPHARMA\part-063718_234718-023548.parquet,34704,downloaded,34704,
2026-07-17,NSE,SUNPHARMA,raw_l2/trade_date=2026-07-17/exchange=NSE/symbol=SUNPHARMA/part-063333_935765-023036.parquet,real_data_sample\l2_unseen_validation\trade_date=2026-07-17\exchange=NSE\symbol=SUNPHARMA\part-063333_935765-023036.parquet,34701,downloaded,34701,
2026-07-17,NSE,SUNPHARMA,raw_l2/trade_date=2026-07-17/exchange=NSE/symbol=SUNPHARMA/part-063348_057508-023068.parquet,real_data_sample\l2_unseen_validation\trade_date=2026-07-17\exchange=NSE\symbol=SUNPHARMA\part-063348_057508-023068.parquet,34551,downloaded,34551,
2026-07-17,NSE,SUNPHARMA,raw_l2/trade_date=2026-07-17/exchange=NSE/symbol=SUNPHARMA/part-063554_309992-023356.parquet,real_data_sample\l2_unseen_validation\trade_date=2026-07-17\exchange=NSE\symbol=SUNPHARMA\part-063554_309992-023356.parquet,34773,downloaded,34773,
2026-07-17,NSE,SUNPHARMA,raw_l2/trade_date=2026-07-17/exchange=NSE/symbol=SUNPHARMA/part-063650_304085-023484.parquet,real_data_sample\l2_unseen_validation\trade_date=2026-07-17\exchange=NSE\symbol=SUNPHARMA\part-063650_304085-023484.parquet,34729,downloaded,34729,
2026-07-17,NSE,SUNPHARMA,raw_l2/trade_date=2026-07-17/exchange=NSE/symbol=SUNPHARMA/part-063704_268084-023516.parquet,real_data_sample\l2_unseen_validation\trade_date=2026-07-17\exchange=NSE\symbol=SUNPHARMA\part-063704_268084-023516.parquet,34671,downloaded,34671,
2026-07-17,NSE,SUNPHARMA,raw_l2/trade_date=2026-07-17/exchange=NSE/symbol=SUNPHARMA/part-063319_722876-023004.parquet,real_data_sample\l2_unseen_validation\trade_date=2026-07-17\exchange=NSE\symbol=SUNPHARMA\part-063319_722876-023004.parquet,34746,downloaded,34746,
2026-07-17,NSE,SUNPHARMA,raw_l2/trade_date=2026-07-17/exchange=NSE/symbol=SUNPHARMA/part-063746_091591-023612.parquet,real_data_sample\l2_unseen_validation\trade_date=2026-07-17\exchange=NSE\symbol=SUNPHARMA\part-063746_091591-023612.parquet,35014,downloaded,35014,
2026-07-17,NSE,SUNPHARMA,raw_l2/trade_date=2026-07-17/exchange=NSE/symbol=SUNPHARMA/part-063732_125173-023580.parquet,real_data_sample\l2_unseen_validation\trade_date=2026-07-17\exchange=NSE\symbol=SUNPHARMA\part-063732_125173-023580.parquet,34765,downloaded,34765,
2026-07-17,NSE,SUNPHARMA,raw_l2/trade_date=2026-07-17/exchange=NSE/symbol=SUNPHARMA/part-063622_201506-023420.parquet,real_data_sample\l2_unseen_validation\trade_date=2026-07-17\exchange=NSE\symbol=SUNPHARMA\part-063622_201506-023420.parquet,34896,downloaded,34896,
2026-07-17,NSE,SUNPHARMA,raw_l2/trade_date=2026-07-17/exchange=NSE/symbol=SUNPHARMA/part-063608_274696-023388.parquet,real_data_sample\l2_unseen_validation\trade_date=2026-07-17\exchange=NSE\symbol=SUNPHARMA\part-063608_274696-023388.parquet,34964,downloaded,34964,
2026-07-17,NSE,SUNPHARMA,raw_l2/trade_date=2026-07-17/exchange=NSE/symbol=SUNPHARMA/part-063636_304735-023452.parquet,real_data_sample\l2_unseen_validation\trade_date=2026-07-17\exchange=NSE\symbol=SUNPHARMA\part-063636_304735-023452.parquet,34978,downloaded,34978,
2026-07-17,NSE,SUNPHARMA,raw_l2/trade_date=2026-07-17/exchange=NSE/symbol=SUNPHARMA/part-063828_136494-023708.parquet,real_data_sample\l2_unseen_validation\trade_date=2026-07-17\exchange=NSE\symbol=SUNPHARMA\part-063828_136494-023708.parquet,35515,downloaded,35515,
2026-07-17,NSE,SUNPHARMA,raw_l2/trade_date=2026-07-17/exchange=NSE/symbol=SUNPHARMA/part-063842_366444-023740.parquet,real_data_sample\l2_unseen_validation\trade_date=2026-07-17\exchange=NSE\symbol=SUNPHARMA\part-063842_366444-023740.parquet,35539,downloaded,35539,
2026-07-17,NSE,SUNPHARMA,raw_l2/trade_date=2026-07-17/exchange=NSE/symbol=SUNPHARMA/part-063813_848964-023676.parquet,real_data_sample\l2_unseen_validation\trade_date=2026-07-17\exchange=NSE\symbol=SUNPHARMA\part-063813_848964-023676.parquet,34899,downloaded,34899,
2026-07-17,NSE,SUNPHARMA,raw_l2/trade_date=2026-07-17/exchange=NSE/symbol=SUNPHARMA/part-063857_138674-023772.parquet,real_data_sample\l2_unseen_validation\trade_date=2026-07-17\exchange=NSE\symbol=SUNPHARMA\part-063857_138674-023772.parquet,35166,downloaded,35166,
2026-07-17,NSE,SUNPHARMA,raw_l2/trade_date=2026-07-17/exchange=NSE/symbol=SUNPHARMA/part-063925_168378-023836.parquet,real_data_sample\l2_unseen_validation\trade_date=2026-07-17\exchange=NSE\symbol=SUNPHARMA\part-063925_168378-023836.parquet,34995,downloaded,34995,
2026-07-17,NSE,SUNPHARMA,raw_l2/trade_date=2026-07-17/exchange=NSE/symbol=SUNPHARMA/part-063911_150271-023804.parquet,real_data_sample\l2_unseen_validation\trade_date=2026-07-17\exchange=NSE\symbol=SUNPHARMA\part-063911_150271-023804.parquet,35343,downloaded,35343,
2026-07-17,NSE,SUNPHARMA,raw_l2/trade_date=2026-07-17/exchange=NSE/symbol=SUNPHARMA/part-064145_036882-024156.parquet,real_data_sample\l2_unseen_validation\trade_date=2026-07-17\exchange=NSE\symbol=SUNPHARMA\part-064145_036882-024156.parquet,34994,downloaded,34994,
2026-07-17,NSE,SUNPHARMA,raw_l2/trade_date=2026-07-17/exchange=NSE/symbol=SUNPHARMA/part-064458_673599-024604.parquet,real_data_sample\l2_unseen_validation\trade_date=2026-07-17\exchange=NSE\symbol=SUNPHARMA\part-064458_673599-024604.parquet,35873,downloaded,35873,
2026-07-17,NSE,SUNPHARMA,raw_l2/trade_date=2026-07-17/exchange=NSE/symbol=SUNPHARMA/part-064403_028461-024476.parquet,real_data_sample\l2_unseen_validation\trade_date=2026-07-17\exchange=NSE\symbol=SUNPHARMA\part-064403_028461-024476.parquet,35857,downloaded,35857,
2026-07-17,NSE,SUNPHARMA,raw_l2/trade_date=2026-07-17/exchange=NSE/symbol=SUNPHARMA/part-063939_116160-023868.parquet,real_data_sample\l2_unseen_validation\trade_date=2026-07-17\exchange=NSE\symbol=SUNPHARMA\part-063939_116160-023868.parquet,34503,downloaded,34503,
2026-07-17,NSE,SUNPHARMA,raw_l2/trade_date=2026-07-17/exchange=NSE/symbol=SUNPHARMA/part-064554_258107-024732.parquet,real_data_sample\l2_unseen_validation\trade_date=2026-07-17\exchange=NSE\symbol=SUNPHARMA\part-064554_258107-024732.parquet,35022,downloaded,35022,
2026-07-17,NSE,SUNPHARMA,raw_l2/trade_date=2026-07-17/exchange=NSE/symbol=SUNPHARMA/part-064540_601290-024700.parquet,real_data_sample\l2_unseen_validation\trade_date=2026-07-17\exchange=NSE\symbol=SUNPHARMA\part-064540_601290-024700.parquet,35020,downloaded,35020,
2026-07-17,NSE,SUNPHARMA,raw_l2/trade_date=2026-07-17/exchange=NSE/symbol=SUNPHARMA/part-064608_000430-024764.parquet,real_data_sample\l2_unseen_validation\trade_date=2026-07-17\exchange=NSE\symbol=SUNPHARMA\part-064608_000430-024764.parquet,35040,downloaded,35040,
2026-07-17,NSE,SUNPHARMA,raw_l2/trade_date=2026-07-17/exchange=NSE/symbol=SUNPHARMA/part-064621_843949-024796.parquet,real_data_sample\l2_unseen_validation\trade_date=2026-07-17\exchange=NSE\symbol=SUNPHARMA\part-064621_843949-024796.parquet,35828,downloaded,35828,
2026-07-17,NSE,SUNPHARMA,raw_l2/trade_date=2026-07-17/exchange=NSE/symbol=SUNPHARMA/part-064649_637545-024860.parquet,real_data_sample\l2_unseen_validation\trade_date=2026-07-17\exchange=NSE\symbol=SUNPHARMA\part-064649_637545-024860.parquet,35841,downloaded,35841,
2026-07-17,NSE,SUNPHARMA,raw_l2/trade_date=2026-07-17/exchange=NSE/symbol=SUNPHARMA/part-064635_718652-024828.parquet,real_data_sample\l2_unseen_validation\trade_date=2026-07-17\exchange=NSE\symbol=SUNPHARMA\part-064635_718652-024828.parquet,35768,downloaded,35768,
2026-07-17,NSE,SUNPHARMA,raw_l2/trade_date=2026-07-17/exchange=NSE/symbol=SUNPHARMA/part-064703_621603-024892.parquet,real_data_sample\l2_unseen_validation\trade_date=2026-07-17\exchange=NSE\symbol=SUNPHARMA\part-064703_621603-024892.parquet,35889,downloaded,35889,
2026-07-17,NSE,SUNPHARMA,raw_l2/trade_date=2026-07-17/exchange=NSE/symbol=SUNPHARMA/part-064717_601867-024924.parquet,real_data_sample\l2_unseen_validation\trade_date=2026-07-17\exchange=NSE\symbol=SUNPHARMA\part-064717_601867-024924.parquet,36331,downloaded,36331,
2026-07-17,NSE,SUNPHARMA,raw_l2/trade_date=2026-07-17/exchange=NSE/symbol=SUNPHARMA/part-064745_345479-024988.parquet,real_data_sample\l2_unseen_validation\trade_date=2026-07-17\exchange=NSE\symbol=SUNPHARMA\part-064745_345479-024988.parquet,35970,downloaded,35970,
2026-07-17,NSE,SUNPHARMA,raw_l2/trade_date=2026-07-17/exchange=NSE/symbol=SUNPHARMA/part-064731_339738-024956.parquet,real_data_sample\l2_unseen_validation\trade_date=2026-07-17\exchange=NSE\symbol=SUNPHARMA\part-064731_339738-024956.parquet,36861,downloaded,36861,
2026-07-17,NSE,SUNPHARMA,raw_l2/trade_date=2026-07-17/exchange=NSE/symbol=SUNPHARMA/part-064759_071664-025020.parquet,real_data_sample\l2_unseen_validation\trade_date=2026-07-17\exchange=NSE\symbol=SUNPHARMA\part-064759_071664-025020.parquet,36032,downloaded,36032,
2026-07-17,NSE,SUNPHARMA,raw_l2/trade_date=2026-07-17/exchange=NSE/symbol=SUNPHARMA/part-064826_958508-025084.parquet,real_data_sample\l2_unseen_validation\trade_date=2026-07-17\exchange=NSE\symbol=SUNPHARMA\part-064826_958508-025084.parquet,35370,downloaded,35370,
2026-07-17,NSE,SUNPHARMA,raw_l2/trade_date=2026-07-17/exchange=NSE/symbol=SUNPHARMA/part-064840_842846-025116.parquet,real_data_sample\l2_unseen_validation\trade_date=2026-07-17\exchange=NSE\symbol=SUNPHARMA\part-064840_842846-025116.parquet,35681,downloaded,35681,
2026-07-17,NSE,SUNPHARMA,raw_l2/trade_date=2026-07-17/exchange=NSE/symbol=SUNPHARMA/part-064813_117767-025052.parquet,real_data_sample\l2_unseen_validation\trade_date=2026-07-17\exchange=NSE\symbol=SUNPHARMA\part-064813_117767-025052.parquet,35417,downloaded,35417,
2026-07-17,NSE,SUNPHARMA,raw_l2/trade_date=2026-07-17/exchange=NSE/symbol=SUNPHARMA/part-064854_554325-025148.parquet,real_data_sample\l2_unseen_validation\trade_date=2026-07-17\exchange=NSE\symbol=SUNPHARMA\part-064854_554325-025148.parquet,36229,downloaded,36229,
2026-07-17,NSE,SUNPHARMA,raw_l2/trade_date=2026-07-17/exchange=NSE/symbol=SUNPHARMA/part-064908_443367-025180.parquet,real_data_sample\l2_unseen_validation\trade_date=2026-07-17\exchange=NSE\symbol=SUNPHARMA\part-064908_443367-025180.parquet,35727,downloaded,35727,
2026-07-17,NSE,SUNPHARMA,raw_l2/trade_date=2026-07-17/exchange=NSE/symbol=SUNPHARMA/part-064922_325240-025212.parquet,real_data_sample\l2_unseen_validation\trade_date=2026-07-17\exchange=NSE\symbol=SUNPHARMA\part-064922_325240-025212.parquet,36586,downloaded,36586,
2026-07-17,NSE,SUNPHARMA,raw_l2/trade_date=2026-07-17/exchange=NSE/symbol=SUNPHARMA/part-064936_156385-025244.parquet,real_data_sample\l2_unseen_validation\trade_date=2026-07-17\exchange=NSE\symbol=SUNPHARMA\part-064936_156385-025244.parquet,36421,downloaded,36421,
2026-07-17,NSE,SUNPHARMA,raw_l2/trade_date=2026-07-17/exchange=NSE/symbol=SUNPHARMA/part-064950_198926-025276.parquet,real_data_sample\l2_unseen_validation\trade_date=2026-07-17\exchange=NSE\symbol=SUNPHARMA\part-064950_198926-025276.parquet,36339,downloaded,36339,
2026-07-17,NSE,SUNPHARMA,raw_l2/trade_date=2026-07-17/exchange=NSE/symbol=SUNPHARMA/part-065004_226035-025308.parquet,real_data_sample\l2_unseen_validation\trade_date=2026-07-17\exchange=NSE\symbol=SUNPHARMA\part-065004_226035-025308.parquet,36687,downloaded,36687,
2026-07-17,NSE,SUNPHARMA,raw_l2/trade_date=2026-07-17/exchange=NSE/symbol=SUNPHARMA/part-063759_877448-023644.parquet,real_data_sample\l2_unseen_validation\trade_date=2026-07-17\exchange=NSE\symbol=SUNPHARMA\part-063759_877448-023644.parquet,34829,downloaded,34829,
2026-07-17,NSE,SUNPHARMA,raw_l2/trade_date=2026-07-17/exchange=NSE/symbol=SUNPHARMA/part-065031_895722-025372.parquet,real_data_sample\l2_unseen_validation\trade_date=2026-07-17\exchange=NSE\symbol=SUNPHARMA\part-065031_895722-025372.parquet,36250,downloaded,36250,
2026-07-17,NSE,SUNPHARMA,raw_l2/trade_date=2026-07-17/exchange=NSE/symbol=SUNPHARMA/part-062434_848680-021820.parquet,real_data_sample\l2_unseen_validation\trade_date=2026-07-17\exchange=NSE\symbol=SUNPHARMA\part-062434_848680-021820.parquet,34699,downloaded,34699,
2026-07-17,NSE,SUNPHARMA,raw_l2/trade_date=2026-07-17/exchange=NSE/symbol=SUNPHARMA/part-065018_085514-025340.parquet,real_data_sample\l2_unseen_validation\trade_date=2026-07-17\exchange=NSE\symbol=SUNPHARMA\part-065018_085514-025340.parquet,36913,downloaded,36913,
2026-07-17,NSE,SUNPHARMA,raw_l2/trade_date=2026-07-17/exchange=NSE/symbol=SUNPHARMA/part-065046_138662-025404.parquet,real_data_sample\l2_unseen_validation\trade_date=2026-07-17\exchange=NSE\symbol=SUNPHARMA\part-065046_138662-025404.parquet,36482,downloaded,36482,
2026-07-17,NSE,SUNPHARMA,raw_l2/trade_date=2026-07-17/exchange=NSE/symbol=SUNPHARMA/part-065100_037159-025436.parquet,real_data_sample\l2_unseen_validation\trade_date=2026-07-17\exchange=NSE\symbol=SUNPHARMA\part-065100_037159-025436.parquet,36435,downloaded,36435,
2026-07-17,NSE,SUNPHARMA,raw_l2/trade_date=2026-07-17/exchange=NSE/symbol=SUNPHARMA/part-065114_220040-025468.parquet,real_data_sample\l2_unseen_validation\trade_date=2026-07-17\exchange=NSE\symbol=SUNPHARMA\part-065114_220040-025468.parquet,36413,downloaded,36413,
2026-07-17,NSE,SUNPHARMA,raw_l2/trade_date=2026-07-17/exchange=NSE/symbol=SUNPHARMA/part-065128_289054-025500.parquet,real_data_sample\l2_unseen_validation\trade_date=2026-07-17\exchange=NSE\symbol=SUNPHARMA\part-065128_289054-025500.parquet,35806,downloaded,35806,
2026-07-17,NSE,SUNPHARMA,raw_l2/trade_date=2026-07-17/exchange=NSE/symbol=SUNPHARMA/part-065156_206721-025564.parquet,real_data_sample\l2_unseen_validation\trade_date=2026-07-17\exchange=NSE\symbol=SUNPHARMA\part-065156_206721-025564.parquet,36095,downloaded,36095,
2026-07-17,NSE,SUNPHARMA,raw_l2/trade_date=2026-07-17/exchange=NSE/symbol=SUNPHARMA/part-065210_392563-025596.parquet,real_data_sample\l2_unseen_validation\trade_date=2026-07-17\exchange=NSE\symbol=SUNPHARMA\part-065210_392563-025596.parquet,36299,downloaded,36299,
2026-07-17,NSE,SUNPHARMA,raw_l2/trade_date=2026-07-17/exchange=NSE/symbol=SUNPHARMA/part-065224_450077-025628.parquet,real_data_sample\l2_unseen_validation\trade_date=2026-07-17\exchange=NSE\symbol=SUNPHARMA\part-065224_450077-025628.parquet,35952,downloaded,35952,
2026-07-17,NSE,SUNPHARMA,raw_l2/trade_date=2026-07-17/exchange=NSE/symbol=SUNPHARMA/part-065238_526578-025660.parquet,real_data_sample\l2_unseen_validation\trade_date=2026-07-17\exchange=NSE\symbol=SUNPHARMA\part-065238_526578-025660.parquet,35828,downloaded,35828,
2026-07-17,NSE,SUNPHARMA,raw_l2/trade_date=2026-07-17/exchange=NSE/symbol=SUNPHARMA/part-065306_790584-025724.parquet,real_data_sample\l2_unseen_validation\trade_date=2026-07-17\exchange=NSE\symbol=SUNPHARMA\part-065306_790584-025724.parquet,35899,downloaded,35899,
2026-07-17,NSE,SUNPHARMA,raw_l2/trade_date=2026-07-17/exchange=NSE/symbol=SUNPHARMA/part-065252_813123-025692.parquet,real_data_sample\l2_unseen_validation\trade_date=2026-07-17\exchange=NSE\symbol=SUNPHARMA\part-065252_813123-025692.parquet,35792,downloaded,35792,
2026-07-17,NSE,SUNPHARMA,raw_l2/trade_date=2026-07-17/exchange=NSE/symbol=SUNPHARMA/part-065320_824286-025756.parquet,real_data_sample\l2_unseen_validation\trade_date=2026-07-17\exchange=NSE\symbol=SUNPHARMA\part-065320_824286-025756.parquet,35815,downloaded,35815,
2026-07-17,NSE,SUNPHARMA,raw_l2/trade_date=2026-07-17/exchange=NSE/symbol=SUNPHARMA/part-062531_199833-021948.parquet,real_data_sample\l2_unseen_validation\trade_date=2026-07-17\exchange=NSE\symbol=SUNPHARMA\part-062531_199833-021948.parquet,34994,downloaded,34994,
2026-07-17,NSE,SUNPHARMA,raw_l2/trade_date=2026-07-17/exchange=NSE/symbol=SUNPHARMA/part-065142_142521-025532.parquet,real_data_sample\l2_unseen_validation\trade_date=2026-07-17\exchange=NSE\symbol=SUNPHARMA\part-065142_142521-025532.parquet,36444,downloaded,36444,
2026-07-17,NSE,SUNPHARMA,raw_l2/trade_date=2026-07-17/exchange=NSE/symbol=SUNPHARMA/part-065334_618673-025788.parquet,real_data_sample\l2_unseen_validation\trade_date=2026-07-17\exchange=NSE\symbol=SUNPHARMA\part-065334_618673-025788.parquet,35528,downloaded,35528,
2026-07-17,NSE,SUNPHARMA,raw_l2/trade_date=2026-07-17/exchange=NSE/symbol=SUNPHARMA/part-065348_420347-025820.parquet,real_data_sample\l2_unseen_validation\trade_date=2026-07-17\exchange=NSE\symbol=SUNPHARMA\part-065348_420347-025820.parquet,35513,downloaded,35513,
2026-07-17,NSE,SUNPHARMA,raw_l2/trade_date=2026-07-17/exchange=NSE/symbol=SUNPHARMA/part-065402_660521-025852.parquet,real_data_sample\l2_unseen_validation\trade_date=2026-07-17\exchange=NSE\symbol=SUNPHARMA\part-065402_660521-025852.parquet,35495,downloaded,35495,
2026-07-17,NSE,SUNPHARMA,raw_l2/trade_date=2026-07-17/exchange=NSE/symbol=SUNPHARMA/part-062545_128990-021980.parquet,real_data_sample\l2_unseen_validation\trade_date=2026-07-17\exchange=NSE\symbol=SUNPHARMA\part-062545_128990-021980.parquet,34643,downloaded,34643,
2026-07-17,NSE,SUNPHARMA,raw_l2/trade_date=2026-07-17/exchange=NSE/symbol=SUNPHARMA/part-065416_637603-025884.parquet,real_data_sample\l2_unseen_validation\trade_date=2026-07-17\exchange=NSE\symbol=SUNPHARMA\part-065416_637603-025884.parquet,35304,downloaded,35304,
2026-07-17,NSE,SUNPHARMA,raw_l2/trade_date=2026-07-17/exchange=NSE/symbol=SUNPHARMA/part-064444_774702-024572.parquet,real_data_sample\l2_unseen_validation\trade_date=2026-07-17\exchange=NSE\symbol=SUNPHARMA\part-064444_774702-024572.parquet,35783,downloaded,35783,
2026-07-17,NSE,SUNPHARMA,raw_l2/trade_date=2026-07-17/exchange=NSE/symbol=SUNPHARMA/part-065430_817749-025916.parquet,real_data_sample\l2_unseen_validation\trade_date=2026-07-17\exchange=NSE\symbol=SUNPHARMA\part-065430_817749-025916.parquet,34771,downloaded,34771,
2026-07-17,NSE,SUNPHARMA,raw_l2/trade_date=2026-07-17/exchange=NSE/symbol=SUNPHARMA/part-065444_697170-025948.parquet,real_data_sample\l2_unseen_validation\trade_date=2026-07-17\exchange=NSE\symbol=SUNPHARMA\part-065444_697170-025948.parquet,34888,downloaded,34888,
2026-07-17,NSE,SUNPHARMA,raw_l2/trade_date=2026-07-17/exchange=NSE/symbol=SUNPHARMA/part-064512_686639-024636.parquet,real_data_sample\l2_unseen_validation\trade_date=2026-07-17\exchange=NSE\symbol=SUNPHARMA\part-064512_686639-024636.parquet,35794,downloaded,35794,
2026-07-17,NSE,SUNPHARMA,raw_l2/trade_date=2026-07-17/exchange=NSE/symbol=SUNPHARMA/part-065458_927798-025980.parquet,real_data_sample\l2_unseen_validation\trade_date=2026-07-17\exchange=NSE\symbol=SUNPHARMA\part-065458_927798-025980.parquet,34770,downloaded,34770,
2026-07-17,NSE,SUNPHARMA,raw_l2/trade_date=2026-07-17/exchange=NSE/symbol=SUNPHARMA/part-064212_650369-024220.parquet,real_data_sample\l2_unseen_validation\trade_date=2026-07-17\exchange=NSE\symbol=SUNPHARMA\part-064212_650369-024220.parquet,34925,downloaded,34925,
2026-07-17,NSE,SUNPHARMA,raw_l2/trade_date=2026-07-17/exchange=NSE/symbol=SUNPHARMA/part-065541_275721-026076.parquet,real_data_sample\l2_unseen_validation\trade_date=2026-07-17\exchange=NSE\symbol=SUNPHARMA\part-065541_275721-026076.parquet,34825,downloaded,34825,
2026-07-17,NSE,SUNPHARMA,raw_l2/trade_date=2026-07-17/exchange=NSE/symbol=SUNPHARMA/part-064526_660541-024668.parquet,real_data_sample\l2_unseen_validation\trade_date=2026-07-17\exchange=NSE\symbol=SUNPHARMA\part-064526_660541-024668.parquet,34755,downloaded,34755,
2026-07-17,NSE,SUNPHARMA,raw_l2/trade_date=2026-07-17/exchange=NSE/symbol=SUNPHARMA/part-065555_179972-026108.parquet,real_data_sample\l2_unseen_validation\trade_date=2026-07-17\exchange=NSE\symbol=SUNPHARMA\part-065555_179972-026108.parquet,34807,downloaded,34807,
2026-07-17,NSE,SUNPHARMA,raw_l2/trade_date=2026-07-17/exchange=NSE/symbol=SUNPHARMA/part-064130_869185-024124.parquet,real_data_sample\l2_unseen_validation\trade_date=2026-07-17\exchange=NSE\symbol=SUNPHARMA\part-064130_869185-024124.parquet,35125,downloaded,35125,
2026-07-17,NSE,SUNPHARMA,raw_l2/trade_date=2026-07-17/exchange=NSE/symbol=SUNPHARMA/part-065637_224166-026204.parquet,real_data_sample\l2_unseen_validation\trade_date=2026-07-17\exchange=NSE\symbol=SUNPHARMA\part-065637_224166-026204.parquet,34987,downloaded,34987,
2026-07-17,NSE,SUNPHARMA,raw_l2/trade_date=2026-07-17/exchange=NSE/symbol=SUNPHARMA/part-065609_216374-026140.parquet,real_data_sample\l2_unseen_validation\trade_date=2026-07-17\exchange=NSE\symbol=SUNPHARMA\part-065609_216374-026140.parquet,34893,downloaded,34893,
2026-07-17,NSE,SUNPHARMA,raw_l2/trade_date=2026-07-17/exchange=NSE/symbol=SUNPHARMA/part-064226_621156-024252.parquet,real_data_sample\l2_unseen_validation\trade_date=2026-07-17\exchange=NSE\symbol=SUNPHARMA\part-064226_621156-024252.parquet,35303,downloaded,35303,
2026-07-17,NSE,SUNPHARMA,raw_l2/trade_date=2026-07-17/exchange=NSE/symbol=SUNPHARMA/part-065651_258244-026236.parquet,real_data_sample\l2_unseen_validation\trade_date=2026-07-17\exchange=NSE\symbol=SUNPHARMA\part-065651_258244-026236.parquet,34679,downloaded,34679,
2026-07-17,NSE,SUNPHARMA,raw_l2/trade_date=2026-07-17/exchange=NSE/symbol=SUNPHARMA/part-065705_190571-026268.parquet,real_data_sample\l2_unseen_validation\trade_date=2026-07-17\exchange=NSE\symbol=SUNPHARMA\part-065705_190571-026268.parquet,34581,downloaded,34581,
2026-07-17,NSE,SUNPHARMA,raw_l2/trade_date=2026-07-17/exchange=NSE/symbol=SUNPHARMA/part-064307_771770-024348.parquet,real_data_sample\l2_unseen_validation\trade_date=2026-07-17\exchange=NSE\symbol=SUNPHARMA\part-064307_771770-024348.parquet,35420,downloaded,35420,
2026-07-17,NSE,SUNPHARMA,raw_l2/trade_date=2026-07-17/exchange=NSE/symbol=SUNPHARMA/part-065719_247306-026300.parquet,real_data_sample\l2_unseen_validation\trade_date=2026-07-17\exchange=NSE\symbol=SUNPHARMA\part-065719_247306-026300.parquet,34733,downloaded,34733,
2026-07-17,NSE,SUNPHARMA,raw_l2/trade_date=2026-07-17/exchange=NSE/symbol=SUNPHARMA/part-064349_320177-024444.parquet,real_data_sample\l2_unseen_validation\trade_date=2026-07-17\exchange=NSE\symbol=SUNPHARMA\part-064349_320177-024444.parquet,35838,downloaded,35838,
2026-07-17,NSE,SUNPHARMA,raw_l2/trade_date=2026-07-17/exchange=NSE/symbol=SUNPHARMA/part-064035_147618-023996.parquet,real_data_sample\l2_unseen_validation\trade_date=2026-07-17\exchange=NSE\symbol=SUNPHARMA\part-064035_147618-023996.parquet,34573,downloaded,34573,
2026-07-17,NSE,SUNPHARMA,raw_l2/trade_date=2026-07-17/exchange=NSE/symbol=SUNPHARMA/part-064321_654198-024380.parquet,real_data_sample\l2_unseen_validation\trade_date=2026-07-17\exchange=NSE\symbol=SUNPHARMA\part-064321_654198-024380.parquet,35301,downloaded,35301,
2026-07-17,NSE,SUNPHARMA,raw_l2/trade_date=2026-07-17/exchange=NSE/symbol=SUNPHARMA/part-063953_125653-023900.parquet,real_data_sample\l2_unseen_validation\trade_date=2026-07-17\exchange=NSE\symbol=SUNPHARMA\part-063953_125653-023900.parquet,34816,downloaded,34816,
2026-07-17,NSE,SUNPHARMA,raw_l2/trade_date=2026-07-17/exchange=NSE/symbol=SUNPHARMA/part-064103_195509-024060.parquet,real_data_sample\l2_unseen_validation\trade_date=2026-07-17\exchange=NSE\symbol=SUNPHARMA\part-064103_195509-024060.parquet,34704,downloaded,34704,
2026-07-17,NSE,SUNPHARMA,raw_l2/trade_date=2026-07-17/exchange=NSE/symbol=SUNPHARMA/part-064158_770817-024188.parquet,real_data_sample\l2_unseen_validation\trade_date=2026-07-17\exchange=NSE\symbol=SUNPHARMA\part-064158_770817-024188.parquet,34971,downloaded,34971,
2026-07-17,NSE,SUNPHARMA,raw_l2/trade_date=2026-07-17/exchange=NSE/symbol=SUNPHARMA/part-064240_330607-024284.parquet,real_data_sample\l2_unseen_validation\trade_date=2026-07-17\exchange=NSE\symbol=SUNPHARMA\part-064240_330607-024284.parquet,36112,downloaded,36112,
2026-07-17,NSE,SUNPHARMA,raw_l2/trade_date=2026-07-17/exchange=NSE/symbol=SUNPHARMA/part-064049_279291-024028.parquet,real_data_sample\l2_unseen_validation\trade_date=2026-07-17\exchange=NSE\symbol=SUNPHARMA\part-064049_279291-024028.parquet,34735,downloaded,34735,
2026-07-17,NSE,SUNPHARMA,raw_l2/trade_date=2026-07-17/exchange=NSE/symbol=SUNPHARMA/part-065512_980098-026012.parquet,real_data_sample\l2_unseen_validation\trade_date=2026-07-17\exchange=NSE\symbol=SUNPHARMA\part-065512_980098-026012.parquet,34989,downloaded,34989,
2026-07-17,NSE,SUNPHARMA,raw_l2/trade_date=2026-07-17/exchange=NSE/symbol=SUNPHARMA/part-064006_931422-023932.parquet,real_data_sample\l2_unseen_validation\trade_date=2026-07-17\exchange=NSE\symbol=SUNPHARMA\part-064006_931422-023932.parquet,34484,downloaded,34484,
2026-07-17,NSE,SUNPHARMA,raw_l2/trade_date=2026-07-17/exchange=NSE/symbol=SUNPHARMA/part-064417_185318-024508.parquet,real_data_sample\l2_unseen_validation\trade_date=2026-07-17\exchange=NSE\symbol=SUNPHARMA\part-064417_185318-024508.parquet,35409,downloaded,35409,
2026-07-17,NSE,SUNPHARMA,raw_l2/trade_date=2026-07-17/exchange=NSE/symbol=SUNPHARMA/part-065733_355422-026332.parquet,real_data_sample\l2_unseen_validation\trade_date=2026-07-17\exchange=NSE\symbol=SUNPHARMA\part-065733_355422-026332.parquet,34844,downloaded,34844,
2026-07-17,NSE,SUNPHARMA,raw_l2/trade_date=2026-07-17/exchange=NSE/symbol=SUNPHARMA/part-065747_398799-026364.parquet,real_data_sample\l2_unseen_validation\trade_date=2026-07-17\exchange=NSE\symbol=SUNPHARMA\part-065747_398799-026364.parquet,34754,downloaded,34754,
2026-07-17,NSE,SUNPHARMA,raw_l2/trade_date=2026-07-17/exchange=NSE/symbol=SUNPHARMA/part-064021_066202-023964.parquet,real_data_sample\l2_unseen_validation\trade_date=2026-07-17\exchange=NSE\symbol=SUNPHARMA\part-064021_066202-023964.parquet,34537,downloaded,34537,
2026-07-17,NSE,SUNPHARMA,raw_l2/trade_date=2026-07-17/exchange=NSE/symbol=SUNPHARMA/part-064117_007033-024092.parquet,real_data_sample\l2_unseen_validation\trade_date=2026-07-17\exchange=NSE\symbol=SUNPHARMA\part-064117_007033-024092.parquet,34773,downloaded,34773,
2026-07-17,NSE,SUNPHARMA,raw_l2/trade_date=2026-07-17/exchange=NSE/symbol=SUNPHARMA/part-064335_532694-024412.parquet,real_data_sample\l2_unseen_validation\trade_date=2026-07-17\exchange=NSE\symbol=SUNPHARMA\part-064335_532694-024412.parquet,35863,downloaded,35863,
2026-07-17,NSE,SUNPHARMA,raw_l2/trade_date=2026-07-17/exchange=NSE/symbol=SUNPHARMA/part-065801_582276-026396.parquet,real_data_sample\l2_unseen_validation\trade_date=2026-07-17\exchange=NSE\symbol=SUNPHARMA\part-065801_582276-026396.parquet,34954,downloaded,34954,
2026-07-17,NSE,SUNPHARMA,raw_l2/trade_date=2026-07-17/exchange=NSE/symbol=SUNPHARMA/part-065527_061257-026044.parquet,real_data_sample\l2_unseen_validation\trade_date=2026-07-17\exchange=NSE\symbol=SUNPHARMA\part-065527_061257-026044.parquet,34906,downloaded,34906,
2026-07-17,NSE,SUNPHARMA,raw_l2/trade_date=2026-07-17/exchange=NSE/symbol=SUNPHARMA/part-065815_910859-026428.parquet,real_data_sample\l2_unseen_validation\trade_date=2026-07-17\exchange=NSE\symbol=SUNPHARMA\part-065815_910859-026428.parquet,34739,downloaded,34739,
2026-07-17,NSE,SUNPHARMA,raw_l2/trade_date=2026-07-17/exchange=NSE/symbol=SUNPHARMA/part-064254_093539-024316.parquet,real_data_sample\l2_unseen_validation\trade_date=2026-07-17\exchange=NSE\symbol=SUNPHARMA\part-064254_093539-024316.parquet,35696,downloaded,35696,
2026-07-17,NSE,SUNPHARMA,raw_l2/trade_date=2026-07-17/exchange=NSE/symbol=SUNPHARMA/part-065623_316249-026172.parquet,real_data_sample\l2_unseen_validation\trade_date=2026-07-17\exchange=NSE\symbol=SUNPHARMA\part-065623_316249-026172.parquet,34996,downloaded,34996,
2026-07-17,NSE,SUNPHARMA,raw_l2/trade_date=2026-07-17/exchange=NSE/symbol=SUNPHARMA/part-065927_776751-026588.parquet,real_data_sample\l2_unseen_validation\trade_date=2026-07-17\exchange=NSE\symbol=SUNPHARMA\part-065927_776751-026588.parquet,34932,downloaded,34932,
2026-07-17,NSE,SUNPHARMA,raw_l2/trade_date=2026-07-17/exchange=NSE/symbol=SUNPHARMA/part-065844_645246-026492.parquet,real_data_sample\l2_unseen_validation\trade_date=2026-07-17\exchange=NSE\symbol=SUNPHARMA\part-065844_645246-026492.parquet,34764,downloaded,34764,
2026-07-17,NSE,SUNPHARMA,raw_l2/trade_date=2026-07-17/exchange=NSE/symbol=SUNPHARMA/part-065858_907289-026524.parquet,real_data_sample\l2_unseen_validation\trade_date=2026-07-17\exchange=NSE\symbol=SUNPHARMA\part-065858_907289-026524.parquet,34843,downloaded,34843,
2026-07-17,NSE,SUNPHARMA,raw_l2/trade_date=2026-07-17/exchange=NSE/symbol=SUNPHARMA/part-065913_111171-026556.parquet,real_data_sample\l2_unseen_validation\trade_date=2026-07-17\exchange=NSE\symbol=SUNPHARMA\part-065913_111171-026556.parquet,34606,downloaded,34606,
2026-07-17,NSE,SUNPHARMA,raw_l2/trade_date=2026-07-17/exchange=NSE/symbol=SUNPHARMA/part-065830_345831-026460.parquet,real_data_sample\l2_unseen_validation\trade_date=2026-07-17\exchange=NSE\symbol=SUNPHARMA\part-065830_345831-026460.parquet,34701,downloaded,34701,
2026-07-17,NSE,SUNPHARMA,raw_l2/trade_date=2026-07-17/exchange=NSE/symbol=SUNPHARMA/part-065942_462441-026620.parquet,real_data_sample\l2_unseen_validation\trade_date=2026-07-17\exchange=NSE\symbol=SUNPHARMA\part-065942_462441-026620.parquet,35060,downloaded,35060,
2026-07-17,NSE,SUNPHARMA,raw_l2/trade_date=2026-07-17/exchange=NSE/symbol=SUNPHARMA/part-065957_116593-026652.parquet,real_data_sample\l2_unseen_validation\trade_date=2026-07-17\exchange=NSE\symbol=SUNPHARMA\part-065957_116593-026652.parquet,35162,downloaded,35162,
2026-07-17,NSE,SUNPHARMA,raw_l2/trade_date=2026-07-17/exchange=NSE/symbol=SUNPHARMA/part-064431_090304-024540.parquet,real_data_sample\l2_unseen_validation\trade_date=2026-07-17\exchange=NSE\symbol=SUNPHARMA\part-064431_090304-024540.parquet,35735,downloaded,35735,
2026-07-17,NSE,SUNPHARMA,raw_l2/trade_date=2026-07-17/exchange=NSE/symbol=SUNPHARMA/part-070011_816291-026684.parquet,real_data_sample\l2_unseen_validation\trade_date=2026-07-17\exchange=NSE\symbol=SUNPHARMA\part-070011_816291-026684.parquet,35000,downloaded,35000,
2026-07-17,NSE,SUNPHARMA,raw_l2/trade_date=2026-07-17/exchange=NSE/symbol=SUNPHARMA/part-070040_641218-026748.parquet,real_data_sample\l2_unseen_validation\trade_date=2026-07-17\exchange=NSE\symbol=SUNPHARMA\part-070040_641218-026748.parquet,35060,downloaded,35060,
2026-07-17,NSE,SUNPHARMA,raw_l2/trade_date=2026-07-17/exchange=NSE/symbol=SUNPHARMA/part-070026_232856-026716.parquet,real_data_sample\l2_unseen_validation\trade_date=2026-07-17\exchange=NSE\symbol=SUNPHARMA\part-070026_232856-026716.parquet,34783,downloaded,34783,
2026-07-17,NSE,SUNPHARMA,raw_l2/trade_date=2026-07-17/exchange=NSE/symbol=SUNPHARMA/part-070055_152703-026780.parquet,real_data_sample\l2_unseen_validation\trade_date=2026-07-17\exchange=NSE\symbol=SUNPHARMA\part-070055_152703-026780.parquet,35095,downloaded,35095,
2026-07-17,NSE,SUNPHARMA,raw_l2/trade_date=2026-07-17/exchange=NSE/symbol=SUNPHARMA/part-070110_084920-026812.parquet,real_data_sample\l2_unseen_validation\trade_date=2026-07-17\exchange=NSE\symbol=SUNPHARMA\part-070110_084920-026812.parquet,34976,downloaded,34976,
2026-07-17,NSE,SUNPHARMA,raw_l2/trade_date=2026-07-17/exchange=NSE/symbol=SUNPHARMA/part-070124_697312-026844.parquet,real_data_sample\l2_unseen_validation\trade_date=2026-07-17\exchange=NSE\symbol=SUNPHARMA\part-070124_697312-026844.parquet,35857,downloaded,35857,
2026-07-17,NSE,SUNPHARMA,raw_l2/trade_date=2026-07-17/exchange=NSE/symbol=SUNPHARMA/part-070139_827430-026876.parquet,real_data_sample\l2_unseen_validation\trade_date=2026-07-17\exchange=NSE\symbol=SUNPHARMA\part-070139_827430-026876.parquet,35996,downloaded,35996,
2026-07-17,NSE,SUNPHARMA,raw_l2/trade_date=2026-07-17/exchange=NSE/symbol=SUNPHARMA/part-070223_690659-026972.parquet,real_data_sample\l2_unseen_validation\trade_date=2026-07-17\exchange=NSE\symbol=SUNPHARMA\part-070223_690659-026972.parquet,36216,downloaded,36216,
2026-07-17,NSE,SUNPHARMA,raw_l2/trade_date=2026-07-17/exchange=NSE/symbol=SUNPHARMA/part-070154_412624-026908.parquet,real_data_sample\l2_unseen_validation\trade_date=2026-07-17\exchange=NSE\symbol=SUNPHARMA\part-070154_412624-026908.parquet,36208,downloaded,36208,
2026-07-17,NSE,SUNPHARMA,raw_l2/trade_date=2026-07-17/exchange=NSE/symbol=SUNPHARMA/part-070208_818989-026940.parquet,real_data_sample\l2_unseen_validation\trade_date=2026-07-17\exchange=NSE\symbol=SUNPHARMA\part-070208_818989-026940.parquet,35970,downloaded,35970,
2026-07-17,NSE,SUNPHARMA,raw_l2/trade_date=2026-07-17/exchange=NSE/symbol=SUNPHARMA/part-070253_366995-027036.parquet,real_data_sample\l2_unseen_validation\trade_date=2026-07-17\exchange=NSE\symbol=SUNPHARMA\part-070253_366995-027036.parquet,35992,downloaded,35992,
2026-07-17,NSE,SUNPHARMA,raw_l2/trade_date=2026-07-17/exchange=NSE/symbol=SUNPHARMA/part-070238_322836-027004.parquet,real_data_sample\l2_unseen_validation\trade_date=2026-07-17\exchange=NSE\symbol=SUNPHARMA\part-070238_322836-027004.parquet,36249,downloaded,36249,
2026-07-17,NSE,SUNPHARMA,raw_l2/trade_date=2026-07-17/exchange=NSE/symbol=SUNPHARMA/part-070448_382901-027292.parquet,real_data_sample\l2_unseen_validation\trade_date=2026-07-17\exchange=NSE\symbol=SUNPHARMA\part-070448_382901-027292.parquet,34965,downloaded,34965,
2026-07-17,NSE,SUNPHARMA,raw_l2/trade_date=2026-07-17/exchange=NSE/symbol=SUNPHARMA/part-070517_559314-027356.parquet,real_data_sample\l2_unseen_validation\trade_date=2026-07-17\exchange=NSE\symbol=SUNPHARMA\part-070517_559314-027356.parquet,35590,downloaded,35590,
2026-07-17,NSE,SUNPHARMA,raw_l2/trade_date=2026-07-17/exchange=NSE/symbol=SUNPHARMA/part-070351_312357-027164.parquet,real_data_sample\l2_unseen_validation\trade_date=2026-07-17\exchange=NSE\symbol=SUNPHARMA\part-070351_312357-027164.parquet,35388,downloaded,35388,
2026-07-17,NSE,SUNPHARMA,raw_l2/trade_date=2026-07-17/exchange=NSE/symbol=SUNPHARMA/part-070336_988144-027132.parquet,real_data_sample\l2_unseen_validation\trade_date=2026-07-17\exchange=NSE\symbol=SUNPHARMA\part-070336_988144-027132.parquet,35324,downloaded,35324,
2026-07-17,NSE,SUNPHARMA,raw_l2/trade_date=2026-07-17/exchange=NSE/symbol=SUNPHARMA/part-070405_750468-027196.parquet,real_data_sample\l2_unseen_validation\trade_date=2026-07-17\exchange=NSE\symbol=SUNPHARMA\part-070405_750468-027196.parquet,35515,downloaded,35515,
2026-07-17,NSE,SUNPHARMA,raw_l2/trade_date=2026-07-17/exchange=NSE/symbol=SUNPHARMA/part-070434_082410-027260.parquet,real_data_sample\l2_unseen_validation\trade_date=2026-07-17\exchange=NSE\symbol=SUNPHARMA\part-070434_082410-027260.parquet,35256,downloaded,35256,
2026-07-17,NSE,SUNPHARMA,raw_l2/trade_date=2026-07-17/exchange=NSE/symbol=SUNPHARMA/part-070322_777394-027100.parquet,real_data_sample\l2_unseen_validation\trade_date=2026-07-17\exchange=NSE\symbol=SUNPHARMA\part-070322_777394-027100.parquet,35787,downloaded,35787,
2026-07-17,NSE,SUNPHARMA,raw_l2/trade_date=2026-07-17/exchange=NSE/symbol=SUNPHARMA/part-070419_925881-027228.parquet,real_data_sample\l2_unseen_validation\trade_date=2026-07-17\exchange=NSE\symbol=SUNPHARMA\part-070419_925881-027228.parquet,35312,downloaded,35312,
2026-07-17,NSE,SUNPHARMA,raw_l2/trade_date=2026-07-17/exchange=NSE/symbol=SUNPHARMA/part-070629_554280-027516.parquet,real_data_sample\l2_unseen_validation\trade_date=2026-07-17\exchange=NSE\symbol=SUNPHARMA\part-070629_554280-027516.parquet,36232,downloaded,36232,
2026-07-17,NSE,SUNPHARMA,raw_l2/trade_date=2026-07-17/exchange=NSE/symbol=SUNPHARMA/part-070643_936739-027548.parquet,real_data_sample\l2_unseen_validation\trade_date=2026-07-17\exchange=NSE\symbol=SUNPHARMA\part-070643_936739-027548.parquet,35596,downloaded,35596,
2026-07-17,NSE,SUNPHARMA,raw_l2/trade_date=2026-07-17/exchange=NSE/symbol=SUNPHARMA/part-070546_519055-027420.parquet,real_data_sample\l2_unseen_validation\trade_date=2026-07-17\exchange=NSE\symbol=SUNPHARMA\part-070546_519055-027420.parquet,34488,downloaded,34488,
2026-07-17,NSE,SUNPHARMA,raw_l2/trade_date=2026-07-17/exchange=NSE/symbol=SUNPHARMA/part-070600_888838-027452.parquet,real_data_sample\l2_unseen_validation\trade_date=2026-07-17\exchange=NSE\symbol=SUNPHARMA\part-070600_888838-027452.parquet,34606,downloaded,34606,
2026-07-17,NSE,SUNPHARMA,raw_l2/trade_date=2026-07-17/exchange=NSE/symbol=SUNPHARMA/part-070532_219999-027388.parquet,real_data_sample\l2_unseen_validation\trade_date=2026-07-17\exchange=NSE\symbol=SUNPHARMA\part-070532_219999-027388.parquet,34754,downloaded,34754,
2026-07-17,NSE,SUNPHARMA,raw_l2/trade_date=2026-07-17/exchange=NSE/symbol=SUNPHARMA/part-070658_168714-027580.parquet,real_data_sample\l2_unseen_validation\trade_date=2026-07-17\exchange=NSE\symbol=SUNPHARMA\part-070658_168714-027580.parquet,35402,downloaded,35402,
2026-07-17,NSE,SUNPHARMA,raw_l2/trade_date=2026-07-17/exchange=NSE/symbol=SUNPHARMA/part-070726_647018-027644.parquet,real_data_sample\l2_unseen_validation\trade_date=2026-07-17\exchange=NSE\symbol=SUNPHARMA\part-070726_647018-027644.parquet,34718,downloaded,34718,
2026-07-17,NSE,SUNPHARMA,raw_l2/trade_date=2026-07-17/exchange=NSE/symbol=SUNPHARMA/part-070615_117072-027484.parquet,real_data_sample\l2_unseen_validation\trade_date=2026-07-17\exchange=NSE\symbol=SUNPHARMA\part-070615_117072-027484.parquet,35227,downloaded,35227,
2026-07-17,NSE,SUNPHARMA,raw_l2/trade_date=2026-07-17/exchange=NSE/symbol=SUNPHARMA/part-070712_407849-027612.parquet,real_data_sample\l2_unseen_validation\trade_date=2026-07-17\exchange=NSE\symbol=SUNPHARMA\part-070712_407849-027612.parquet,35586,downloaded,35586,
2026-07-17,NSE,SUNPHARMA,raw_l2/trade_date=2026-07-17/exchange=NSE/symbol=SUNPHARMA/part-070740_845944-027676.parquet,real_data_sample\l2_unseen_validation\trade_date=2026-07-17\exchange=NSE\symbol=SUNPHARMA\part-070740_845944-027676.parquet,34856,downloaded,34856,
2026-07-17,NSE,SUNPHARMA,raw_l2/trade_date=2026-07-17/exchange=NSE/symbol=SUNPHARMA/part-070754_971232-027708.parquet,real_data_sample\l2_unseen_validation\trade_date=2026-07-17\exchange=NSE\symbol=SUNPHARMA\part-070754_971232-027708.parquet,35174,downloaded,35174,
2026-07-17,NSE,SUNPHARMA,raw_l2/trade_date=2026-07-17/exchange=NSE/symbol=SUNPHARMA/part-070809_025725-027740.parquet,real_data_sample\l2_unseen_validation\trade_date=2026-07-17\exchange=NSE\symbol=SUNPHARMA\part-070809_025725-027740.parquet,34744,downloaded,34744,
2026-07-17,NSE,SUNPHARMA,raw_l2/trade_date=2026-07-17/exchange=NSE/symbol=SUNPHARMA/part-070920_653715-027900.parquet,real_data_sample\l2_unseen_validation\trade_date=2026-07-17\exchange=NSE\symbol=SUNPHARMA\part-070920_653715-027900.parquet,35793,downloaded,35793,
2026-07-17,NSE,SUNPHARMA,raw_l2/trade_date=2026-07-17/exchange=NSE/symbol=SUNPHARMA/part-070851_902449-027836.parquet,real_data_sample\l2_unseen_validation\trade_date=2026-07-17\exchange=NSE\symbol=SUNPHARMA\part-070851_902449-027836.parquet,35517,downloaded,35517,
2026-07-17,NSE,SUNPHARMA,raw_l2/trade_date=2026-07-17/exchange=NSE/symbol=SUNPHARMA/part-070906_388180-027868.parquet,real_data_sample\l2_unseen_validation\trade_date=2026-07-17\exchange=NSE\symbol=SUNPHARMA\part-070906_388180-027868.parquet,35291,downloaded,35291,
2026-07-17,NSE,SUNPHARMA,raw_l2/trade_date=2026-07-17/exchange=NSE/symbol=SUNPHARMA/part-070823_136274-027772.parquet,real_data_sample\l2_unseen_validation\trade_date=2026-07-17\exchange=NSE\symbol=SUNPHARMA\part-070823_136274-027772.parquet,35466,downloaded,35466,
2026-07-17,NSE,SUNPHARMA,raw_l2/trade_date=2026-07-17/exchange=NSE/symbol=SUNPHARMA/part-070837_664584-027804.parquet,real_data_sample\l2_unseen_validation\trade_date=2026-07-17\exchange=NSE\symbol=SUNPHARMA\part-070837_664584-027804.parquet,36035,downloaded,36035,
2026-07-17,NSE,SUNPHARMA,raw_l2/trade_date=2026-07-17/exchange=NSE/symbol=SUNPHARMA/part-071018_363043-028028.parquet,real_data_sample\l2_unseen_validation\trade_date=2026-07-17\exchange=NSE\symbol=SUNPHARMA\part-071018_363043-028028.parquet,36261,downloaded,36261,
2026-07-17,NSE,SUNPHARMA,raw_l2/trade_date=2026-07-17/exchange=NSE/symbol=SUNPHARMA/part-070308_226112-027068.parquet,real_data_sample\l2_unseen_validation\trade_date=2026-07-17\exchange=NSE\symbol=SUNPHARMA\part-070308_226112-027068.parquet,36030,downloaded,36030,
2026-07-17,NSE,SUNPHARMA,raw_l2/trade_date=2026-07-17/exchange=NSE/symbol=SUNPHARMA/part-070949_950913-027964.parquet,real_data_sample\l2_unseen_validation\trade_date=2026-07-17\exchange=NSE\symbol=SUNPHARMA\part-070949_950913-027964.parquet,35704,downloaded,35704,
2026-07-17,NSE,SUNPHARMA,raw_l2/trade_date=2026-07-17/exchange=NSE/symbol=SUNPHARMA/part-070935_360061-027932.parquet,real_data_sample\l2_unseen_validation\trade_date=2026-07-17\exchange=NSE\symbol=SUNPHARMA\part-070935_360061-027932.parquet,35660,downloaded,35660,
2026-07-17,NSE,SUNPHARMA,raw_l2/trade_date=2026-07-17/exchange=NSE/symbol=SUNPHARMA/part-071032_352688-028060.parquet,real_data_sample\l2_unseen_validation\trade_date=2026-07-17\exchange=NSE\symbol=SUNPHARMA\part-071032_352688-028060.parquet,36163,downloaded,36163,
2026-07-17,NSE,SUNPHARMA,raw_l2/trade_date=2026-07-17/exchange=NSE/symbol=SUNPHARMA/part-071004_107400-027996.parquet,real_data_sample\l2_unseen_validation\trade_date=2026-07-17\exchange=NSE\symbol=SUNPHARMA\part-071004_107400-027996.parquet,35673,downloaded,35673,
2026-07-17,NSE,SUNPHARMA,raw_l2/trade_date=2026-07-17/exchange=NSE/symbol=SUNPHARMA/part-071101_428717-028124.parquet,real_data_sample\l2_unseen_validation\trade_date=2026-07-17\exchange=NSE\symbol=SUNPHARMA\part-071101_428717-028124.parquet,36029,downloaded,36029,
2026-07-17,NSE,SUNPHARMA,raw_l2/trade_date=2026-07-17/exchange=NSE/symbol=SUNPHARMA/part-071046_881017-028092.parquet,real_data_sample\l2_unseen_validation\trade_date=2026-07-17\exchange=NSE\symbol=SUNPHARMA\part-071046_881017-028092.parquet,36296,downloaded,36296,
2026-07-17,NSE,SUNPHARMA,raw_l2/trade_date=2026-07-17/exchange=NSE/symbol=SUNPHARMA/part-070503_154305-027324.parquet,real_data_sample\l2_unseen_validation\trade_date=2026-07-17\exchange=NSE\symbol=SUNPHARMA\part-070503_154305-027324.parquet,34962,downloaded,34962,
2026-07-17,NSE,SUNPHARMA,raw_l2/trade_date=2026-07-17/exchange=NSE/symbol=SUNPHARMA/part-071130_577086-028188.parquet,real_data_sample\l2_unseen_validation\trade_date=2026-07-17\exchange=NSE\symbol=SUNPHARMA\part-071130_577086-028188.parquet,36191,downloaded,36191,
2026-07-17,NSE,SUNPHARMA,raw_l2/trade_date=2026-07-17/exchange=NSE/symbol=SUNPHARMA/part-071145_241112-028220.parquet,real_data_sample\l2_unseen_validation\trade_date=2026-07-17\exchange=NSE\symbol=SUNPHARMA\part-071145_241112-028220.parquet,36188,downloaded,36188,
2026-07-17,NSE,SUNPHARMA,raw_l2/trade_date=2026-07-17/exchange=NSE/symbol=SUNPHARMA/part-071115_922995-028156.parquet,real_data_sample\l2_unseen_validation\trade_date=2026-07-17\exchange=NSE\symbol=SUNPHARMA\part-071115_922995-028156.parquet,36492,downloaded,36492,
2026-07-17,NSE,SUNPHARMA,raw_l2/trade_date=2026-07-17/exchange=NSE/symbol=SUNPHARMA/part-071242_953061-028348.parquet,real_data_sample\l2_unseen_validation\trade_date=2026-07-17\exchange=NSE\symbol=SUNPHARMA\part-071242_953061-028348.parquet,35279,downloaded,35279,
2026-07-17,NSE,SUNPHARMA,raw_l2/trade_date=2026-07-17/exchange=NSE/symbol=SUNPHARMA/part-071257_152075-028380.parquet,real_data_sample\l2_unseen_validation\trade_date=2026-07-17\exchange=NSE\symbol=SUNPHARMA\part-071257_152075-028380.parquet,35311,downloaded,35311,
2026-07-17,NSE,SUNPHARMA,raw_l2/trade_date=2026-07-17/exchange=NSE/symbol=SUNPHARMA/part-071214_114269-028284.parquet,real_data_sample\l2_unseen_validation\trade_date=2026-07-17\exchange=NSE\symbol=SUNPHARMA\part-071214_114269-028284.parquet,35398,downloaded,35398,
2026-07-17,NSE,SUNPHARMA,raw_l2/trade_date=2026-07-17/exchange=NSE/symbol=SUNPHARMA/part-071228_529088-028316.parquet,real_data_sample\l2_unseen_validation\trade_date=2026-07-17\exchange=NSE\symbol=SUNPHARMA\part-071228_529088-028316.parquet,35030,downloaded,35030,
2026-07-17,NSE,SUNPHARMA,raw_l2/trade_date=2026-07-17/exchange=NSE/symbol=SUNPHARMA/part-071325_697307-028444.parquet,real_data_sample\l2_unseen_validation\trade_date=2026-07-17\exchange=NSE\symbol=SUNPHARMA\part-071325_697307-028444.parquet,35250,downloaded,35250,
2026-07-17,NSE,SUNPHARMA,raw_l2/trade_date=2026-07-17/exchange=NSE/symbol=SUNPHARMA/part-071354_382706-028508.parquet,real_data_sample\l2_unseen_validation\trade_date=2026-07-17\exchange=NSE\symbol=SUNPHARMA\part-071354_382706-028508.parquet,35178,downloaded,35178,
2026-07-17,NSE,SUNPHARMA,raw_l2/trade_date=2026-07-17/exchange=NSE/symbol=SUNPHARMA/part-071422_914182-028572.parquet,real_data_sample\l2_unseen_validation\trade_date=2026-07-17\exchange=NSE\symbol=SUNPHARMA\part-071422_914182-028572.parquet,34961,downloaded,34961,
2026-07-17,NSE,SUNPHARMA,raw_l2/trade_date=2026-07-17/exchange=NSE/symbol=SUNPHARMA/part-071311_482646-028412.parquet,real_data_sample\l2_unseen_validation\trade_date=2026-07-17\exchange=NSE\symbol=SUNPHARMA\part-071311_482646-028412.parquet,35758,downloaded,35758,
2026-07-17,NSE,SUNPHARMA,raw_l2/trade_date=2026-07-17/exchange=NSE/symbol=SUNPHARMA/part-071340_044937-028476.parquet,real_data_sample\l2_unseen_validation\trade_date=2026-07-17\exchange=NSE\symbol=SUNPHARMA\part-071340_044937-028476.parquet,34817,downloaded,34817,
2026-07-17,NSE,SUNPHARMA,raw_l2/trade_date=2026-07-17/exchange=NSE/symbol=SUNPHARMA/part-071408_731757-028540.parquet,real_data_sample\l2_unseen_validation\trade_date=2026-07-17\exchange=NSE\symbol=SUNPHARMA\part-071408_731757-028540.parquet,35035,downloaded,35035,
2026-07-17,NSE,SUNPHARMA,raw_l2/trade_date=2026-07-17/exchange=NSE/symbol=SUNPHARMA/part-071159_537323-028252.parquet,real_data_sample\l2_unseen_validation\trade_date=2026-07-17\exchange=NSE\symbol=SUNPHARMA\part-071159_537323-028252.parquet,35596,downloaded,35596,
2026-07-17,NSE,SUNPHARMA,raw_l2/trade_date=2026-07-17/exchange=NSE/symbol=SUNPHARMA/part-071437_194162-028604.parquet,real_data_sample\l2_unseen_validation\trade_date=2026-07-17\exchange=NSE\symbol=SUNPHARMA\part-071437_194162-028604.parquet,34818,downloaded,34818,
2026-07-17,NSE,SUNPHARMA,raw_l2/trade_date=2026-07-17/exchange=NSE/symbol=SUNPHARMA/part-071534_829971-028732.parquet,real_data_sample\l2_unseen_validation\trade_date=2026-07-17\exchange=NSE\symbol=SUNPHARMA\part-071534_829971-028732.parquet,35394,downloaded,35394,
2026-07-17,NSE,SUNPHARMA,raw_l2/trade_date=2026-07-17/exchange=NSE/symbol=SUNPHARMA/part-071520_566462-028700.parquet,real_data_sample\l2_unseen_validation\trade_date=2026-07-17\exchange=NSE\symbol=SUNPHARMA\part-071520_566462-028700.parquet,35510,downloaded,35510,
2026-07-17,NSE,SUNPHARMA,raw_l2/trade_date=2026-07-17/exchange=NSE/symbol=SUNPHARMA/part-071617_866921-028828.parquet,real_data_sample\l2_unseen_validation\trade_date=2026-07-17\exchange=NSE\symbol=SUNPHARMA\part-071617_866921-028828.parquet,35216,downloaded,35216,
2026-07-17,NSE,SUNPHARMA,raw_l2/trade_date=2026-07-17/exchange=NSE/symbol=SUNPHARMA/part-071506_161985-028668.parquet,real_data_sample\l2_unseen_validation\trade_date=2026-07-17\exchange=NSE\symbol=SUNPHARMA\part-071506_161985-028668.parquet,34892,downloaded,34892,
2026-07-17,NSE,SUNPHARMA,raw_l2/trade_date=2026-07-17/exchange=NSE/symbol=SUNPHARMA/part-071811_897357-029084.parquet,real_data_sample\l2_unseen_validation\trade_date=2026-07-17\exchange=NSE\symbol=SUNPHARMA\part-071811_897357-029084.parquet,34981,downloaded,34981,
2026-07-17,NSE,SUNPHARMA,raw_l2/trade_date=2026-07-17/exchange=NSE/symbol=SUNPHARMA/part-071632_126506-028860.parquet,real_data_sample\l2_unseen_validation\trade_date=2026-07-17\exchange=NSE\symbol=SUNPHARMA\part-071632_126506-028860.parquet,35790,downloaded,35790,
2026-07-17,NSE,SUNPHARMA,raw_l2/trade_date=2026-07-17/exchange=NSE/symbol=SUNPHARMA/part-071549_398328-028764.parquet,real_data_sample\l2_unseen_validation\trade_date=2026-07-17\exchange=NSE\symbol=SUNPHARMA\part-071549_398328-028764.parquet,35509,downloaded,35509,
2026-07-17,NSE,SUNPHARMA,raw_l2/trade_date=2026-07-17/exchange=NSE/symbol=SUNPHARMA/part-071714_781258-028956.parquet,real_data_sample\l2_unseen_validation\trade_date=2026-07-17\exchange=NSE\symbol=SUNPHARMA\part-071714_781258-028956.parquet,35676,downloaded,35676,
2026-07-17,NSE,SUNPHARMA,raw_l2/trade_date=2026-07-17/exchange=NSE/symbol=SUNPHARMA/part-071603_685791-028796.parquet,real_data_sample\l2_unseen_validation\trade_date=2026-07-17\exchange=NSE\symbol=SUNPHARMA\part-071603_685791-028796.parquet,35307,downloaded,35307,
2026-07-17,NSE,SUNPHARMA,raw_l2/trade_date=2026-07-17/exchange=NSE/symbol=SUNPHARMA/part-071451_608351-028636.parquet,real_data_sample\l2_unseen_validation\trade_date=2026-07-17\exchange=NSE\symbol=SUNPHARMA\part-071451_608351-028636.parquet,34875,downloaded,34875,
2026-07-17,NSE,SUNPHARMA,raw_l2/trade_date=2026-07-17/exchange=NSE/symbol=SUNPHARMA/part-071826_158922-029116.parquet,real_data_sample\l2_unseen_validation\trade_date=2026-07-17\exchange=NSE\symbol=SUNPHARMA\part-071826_158922-029116.parquet,34686,downloaded,34686,
2026-07-17,NSE,SUNPHARMA,raw_l2/trade_date=2026-07-17/exchange=NSE/symbol=SUNPHARMA/part-071728_803551-028988.parquet,real_data_sample\l2_unseen_validation\trade_date=2026-07-17\exchange=NSE\symbol=SUNPHARMA\part-071728_803551-028988.parquet,35352,downloaded,35352,
2026-07-17,NSE,SUNPHARMA,raw_l2/trade_date=2026-07-17/exchange=NSE/symbol=SUNPHARMA/part-071646_412385-028892.parquet,real_data_sample\l2_unseen_validation\trade_date=2026-07-17\exchange=NSE\symbol=SUNPHARMA\part-071646_412385-028892.parquet,34997,downloaded,34997,
2026-07-17,NSE,SUNPHARMA,raw_l2/trade_date=2026-07-17/exchange=NSE/symbol=SUNPHARMA/part-071743_125380-029020.parquet,real_data_sample\l2_unseen_validation\trade_date=2026-07-17\exchange=NSE\symbol=SUNPHARMA\part-071743_125380-029020.parquet,35229,downloaded,35229,
2026-07-17,NSE,SUNPHARMA,raw_l2/trade_date=2026-07-17/exchange=NSE/symbol=SUNPHARMA/part-071757_356878-029052.parquet,real_data_sample\l2_unseen_validation\trade_date=2026-07-17\exchange=NSE\symbol=SUNPHARMA\part-071757_356878-029052.parquet,34806,downloaded,34806,
2026-07-17,NSE,SUNPHARMA,raw_l2/trade_date=2026-07-17/exchange=NSE/symbol=SUNPHARMA/part-071910_300431-029212.parquet,real_data_sample\l2_unseen_validation\trade_date=2026-07-17\exchange=NSE\symbol=SUNPHARMA\part-071910_300431-029212.parquet,34713,downloaded,34713,
2026-07-17,NSE,SUNPHARMA,raw_l2/trade_date=2026-07-17/exchange=NSE/symbol=SUNPHARMA/part-071855_958928-029180.parquet,real_data_sample\l2_unseen_validation\trade_date=2026-07-17\exchange=NSE\symbol=SUNPHARMA\part-071855_958928-029180.parquet,34759,downloaded,34759,
2026-07-17,NSE,SUNPHARMA,raw_l2/trade_date=2026-07-17/exchange=NSE/symbol=SUNPHARMA/part-072146_697861-029564.parquet,real_data_sample\l2_unseen_validation\trade_date=2026-07-17\exchange=NSE\symbol=SUNPHARMA\part-072146_697861-029564.parquet,34706,downloaded,34706,
2026-07-17,NSE,SUNPHARMA,raw_l2/trade_date=2026-07-17/exchange=NSE/symbol=SUNPHARMA/part-072050_191202-029436.parquet,real_data_sample\l2_unseen_validation\trade_date=2026-07-17\exchange=NSE\symbol=SUNPHARMA\part-072050_191202-029436.parquet,34632,downloaded,34632,
2026-07-17,NSE,SUNPHARMA,raw_l2/trade_date=2026-07-17/exchange=NSE/symbol=SUNPHARMA/part-072035_886622-029404.parquet,real_data_sample\l2_unseen_validation\trade_date=2026-07-17\exchange=NSE\symbol=SUNPHARMA\part-072035_886622-029404.parquet,34594,downloaded,34594,
2026-07-17,NSE,SUNPHARMA,raw_l2/trade_date=2026-07-17/exchange=NSE/symbol=SUNPHARMA/part-072118_570725-029500.parquet,real_data_sample\l2_unseen_validation\trade_date=2026-07-17\exchange=NSE\symbol=SUNPHARMA\part-072118_570725-029500.parquet,34692,downloaded,34692,
2026-07-17,NSE,SUNPHARMA,raw_l2/trade_date=2026-07-17/exchange=NSE/symbol=SUNPHARMA/part-072104_472013-029468.parquet,real_data_sample\l2_unseen_validation\trade_date=2026-07-17\exchange=NSE\symbol=SUNPHARMA\part-072104_472013-029468.parquet,34713,downloaded,34713,
2026-07-17,NSE,SUNPHARMA,raw_l2/trade_date=2026-07-17/exchange=NSE/symbol=SUNPHARMA/part-071938_950517-029276.parquet,real_data_sample\l2_unseen_validation\trade_date=2026-07-17\exchange=NSE\symbol=SUNPHARMA\part-071938_950517-029276.parquet,34981,downloaded,34981,
2026-07-17,NSE,SUNPHARMA,raw_l2/trade_date=2026-07-17/exchange=NSE/symbol=SUNPHARMA/part-071953_065681-029308.parquet,real_data_sample\l2_unseen_validation\trade_date=2026-07-17\exchange=NSE\symbol=SUNPHARMA\part-071953_065681-029308.parquet,34684,downloaded,34684,
2026-07-17,NSE,SUNPHARMA,raw_l2/trade_date=2026-07-17/exchange=NSE/symbol=SUNPHARMA/part-072021_721124-029372.parquet,real_data_sample\l2_unseen_validation\trade_date=2026-07-17\exchange=NSE\symbol=SUNPHARMA\part-072021_721124-029372.parquet,34840,downloaded,34840,
2026-07-17,NSE,SUNPHARMA,raw_l2/trade_date=2026-07-17/exchange=NSE/symbol=SUNPHARMA/part-071924_641887-029244.parquet,real_data_sample\l2_unseen_validation\trade_date=2026-07-17\exchange=NSE\symbol=SUNPHARMA\part-071924_641887-029244.parquet,34610,downloaded,34610,
2026-07-17,NSE,SUNPHARMA,raw_l2/trade_date=2026-07-17/exchange=NSE/symbol=SUNPHARMA/part-072132_748653-029532.parquet,real_data_sample\l2_unseen_validation\trade_date=2026-07-17\exchange=NSE\symbol=SUNPHARMA\part-072132_748653-029532.parquet,34723,downloaded,34723,
2026-07-17,NSE,SUNPHARMA,raw_l2/trade_date=2026-07-17/exchange=NSE/symbol=SUNPHARMA/part-072007_423113-029340.parquet,real_data_sample\l2_unseen_validation\trade_date=2026-07-17\exchange=NSE\symbol=SUNPHARMA\part-072007_423113-029340.parquet,34781,downloaded,34781,
2026-07-17,NSE,SUNPHARMA,raw_l2/trade_date=2026-07-17/exchange=NSE/symbol=SUNPHARMA/part-072201_705290-029596.parquet,real_data_sample\l2_unseen_validation\trade_date=2026-07-17\exchange=NSE\symbol=SUNPHARMA\part-072201_705290-029596.parquet,34791,downloaded,34791,
2026-07-17,NSE,SUNPHARMA,raw_l2/trade_date=2026-07-17/exchange=NSE/symbol=SUNPHARMA/part-072244_228422-029692.parquet,real_data_sample\l2_unseen_validation\trade_date=2026-07-17\exchange=NSE\symbol=SUNPHARMA\part-072244_228422-029692.parquet,35321,downloaded,35321,
2026-07-17,NSE,SUNPHARMA,raw_l2/trade_date=2026-07-17/exchange=NSE/symbol=SUNPHARMA/part-072258_438468-029724.parquet,real_data_sample\l2_unseen_validation\trade_date=2026-07-17\exchange=NSE\symbol=SUNPHARMA\part-072258_438468-029724.parquet,35189,downloaded,35189,
2026-07-17,NSE,SUNPHARMA,raw_l2/trade_date=2026-07-17/exchange=NSE/symbol=SUNPHARMA/part-072215_860156-029628.parquet,real_data_sample\l2_unseen_validation\trade_date=2026-07-17\exchange=NSE\symbol=SUNPHARMA\part-072215_860156-029628.parquet,35020,downloaded,35020,
2026-07-17,NSE,SUNPHARMA,raw_l2/trade_date=2026-07-17/exchange=NSE/symbol=SUNPHARMA/part-072229_908426-029660.parquet,real_data_sample\l2_unseen_validation\trade_date=2026-07-17\exchange=NSE\symbol=SUNPHARMA\part-072229_908426-029660.parquet,35149,downloaded,35149,
2026-07-17,NSE,SUNPHARMA,raw_l2/trade_date=2026-07-17/exchange=NSE/symbol=SUNPHARMA/part-071700_565892-028924.parquet,real_data_sample\l2_unseen_validation\trade_date=2026-07-17\exchange=NSE\symbol=SUNPHARMA\part-071700_565892-028924.parquet,35974,downloaded,35974,
2026-07-17,NSE,SUNPHARMA,raw_l2/trade_date=2026-07-17/exchange=NSE/symbol=SUNPHARMA/part-072327_174866-029788.parquet,real_data_sample\l2_unseen_validation\trade_date=2026-07-17\exchange=NSE\symbol=SUNPHARMA\part-072327_174866-029788.parquet,34652,downloaded,34652,
2026-07-17,NSE,SUNPHARMA,raw_l2/trade_date=2026-07-17/exchange=NSE/symbol=SUNPHARMA/part-072424_095394-029916.parquet,real_data_sample\l2_unseen_validation\trade_date=2026-07-17\exchange=NSE\symbol=SUNPHARMA\part-072424_095394-029916.parquet,35971,downloaded,35971,
2026-07-17,NSE,SUNPHARMA,raw_l2/trade_date=2026-07-17/exchange=NSE/symbol=SUNPHARMA/part-072341_455317-029820.parquet,real_data_sample\l2_unseen_validation\trade_date=2026-07-17\exchange=NSE\symbol=SUNPHARMA\part-072341_455317-029820.parquet,34769,downloaded,34769,
2026-07-17,NSE,SUNPHARMA,raw_l2/trade_date=2026-07-17/exchange=NSE/symbol=SUNPHARMA/part-071840_948415-029148.parquet,real_data_sample\l2_unseen_validation\trade_date=2026-07-17\exchange=NSE\symbol=SUNPHARMA\part-071840_948415-029148.parquet,34805,downloaded,34805,
2026-07-17,NSE,SUNPHARMA,raw_l2/trade_date=2026-07-17/exchange=NSE/symbol=SUNPHARMA/part-072409_896123-029884.parquet,real_data_sample\l2_unseen_validation\trade_date=2026-07-17\exchange=NSE\symbol=SUNPHARMA\part-072409_896123-029884.parquet,35031,downloaded,35031,
2026-07-17,NSE,SUNPHARMA,raw_l2/trade_date=2026-07-17/exchange=NSE/symbol=SUNPHARMA/part-072312_753333-029756.parquet,real_data_sample\l2_unseen_validation\trade_date=2026-07-17\exchange=NSE\symbol=SUNPHARMA\part-072312_753333-029756.parquet,35125,downloaded,35125,
2026-07-17,NSE,SUNPHARMA,raw_l2/trade_date=2026-07-17/exchange=NSE/symbol=SUNPHARMA/part-072355_714401-029852.parquet,real_data_sample\l2_unseen_validation\trade_date=2026-07-17\exchange=NSE\symbol=SUNPHARMA\part-072355_714401-029852.parquet,34705,downloaded,34705,
2026-07-17,NSE,SUNPHARMA,raw_l2/trade_date=2026-07-17/exchange=NSE/symbol=SUNPHARMA/part-072453_073914-029980.parquet,real_data_sample\l2_unseen_validation\trade_date=2026-07-17\exchange=NSE\symbol=SUNPHARMA\part-072453_073914-029980.parquet,35854,downloaded,35854,
2026-07-17,NSE,SUNPHARMA,raw_l2/trade_date=2026-07-17/exchange=NSE/symbol=SUNPHARMA/part-072535_650701-030076.parquet,real_data_sample\l2_unseen_validation\trade_date=2026-07-17\exchange=NSE\symbol=SUNPHARMA\part-072535_650701-030076.parquet,35246,downloaded,35246,
2026-07-17,NSE,SUNPHARMA,raw_l2/trade_date=2026-07-17/exchange=NSE/symbol=SUNPHARMA/part-072521_398287-030044.parquet,real_data_sample\l2_unseen_validation\trade_date=2026-07-17\exchange=NSE\symbol=SUNPHARMA\part-072521_398287-030044.parquet,34922,downloaded,34922,
2026-07-17,NSE,SUNPHARMA,raw_l2/trade_date=2026-07-17/exchange=NSE/symbol=SUNPHARMA/part-072507_189770-030012.parquet,real_data_sample\l2_unseen_validation\trade_date=2026-07-17\exchange=NSE\symbol=SUNPHARMA\part-072507_189770-030012.parquet,35767,downloaded,35767,
2026-07-17,NSE,SUNPHARMA,raw_l2/trade_date=2026-07-17/exchange=NSE/symbol=SUNPHARMA/part-072438_496930-029948.parquet,real_data_sample\l2_unseen_validation\trade_date=2026-07-17\exchange=NSE\symbol=SUNPHARMA\part-072438_496930-029948.parquet,35186,downloaded,35186,
2026-07-17,NSE,SUNPHARMA,raw_l2/trade_date=2026-07-17/exchange=NSE/symbol=SUNPHARMA/part-072618_017039-030172.parquet,real_data_sample\l2_unseen_validation\trade_date=2026-07-17\exchange=NSE\symbol=SUNPHARMA\part-072618_017039-030172.parquet,35685,downloaded,35685,
2026-07-17,NSE,SUNPHARMA,raw_l2/trade_date=2026-07-17/exchange=NSE/symbol=SUNPHARMA/part-072549_835894-030108.parquet,real_data_sample\l2_unseen_validation\trade_date=2026-07-17\exchange=NSE\symbol=SUNPHARMA\part-072549_835894-030108.parquet,35372,downloaded,35372,
2026-07-17,NSE,SUNPHARMA,raw_l2/trade_date=2026-07-17/exchange=NSE/symbol=SUNPHARMA/part-072603_860666-030140.parquet,real_data_sample\l2_unseen_validation\trade_date=2026-07-17\exchange=NSE\symbol=SUNPHARMA\part-072603_860666-030140.parquet,35704,downloaded,35704,
2026-07-17,NSE,SUNPHARMA,raw_l2/trade_date=2026-07-17/exchange=NSE/symbol=SUNPHARMA/part-072632_631687-030204.parquet,real_data_sample\l2_unseen_validation\trade_date=2026-07-17\exchange=NSE\symbol=SUNPHARMA\part-072632_631687-030204.parquet,34802,downloaded,34802,
2026-07-17,NSE,SUNPHARMA,raw_l2/trade_date=2026-07-17/exchange=NSE/symbol=SUNPHARMA/part-072701_235606-030268.parquet,real_data_sample\l2_unseen_validation\trade_date=2026-07-17\exchange=NSE\symbol=SUNPHARMA\part-072701_235606-030268.parquet,34728,downloaded,34728,
2026-07-17,NSE,SUNPHARMA,raw_l2/trade_date=2026-07-17/exchange=NSE/symbol=SUNPHARMA/part-072646_825137-030236.parquet,real_data_sample\l2_unseen_validation\trade_date=2026-07-17\exchange=NSE\symbol=SUNPHARMA\part-072646_825137-030236.parquet,35012,downloaded,35012,
2026-07-17,NSE,SUNPHARMA,raw_l2/trade_date=2026-07-17/exchange=NSE/symbol=SUNPHARMA/part-072744_341521-030364.parquet,real_data_sample\l2_unseen_validation\trade_date=2026-07-17\exchange=NSE\symbol=SUNPHARMA\part-072744_341521-030364.parquet,34701,downloaded,34701,
2026-07-17,NSE,SUNPHARMA,raw_l2/trade_date=2026-07-17/exchange=NSE/symbol=SUNPHARMA/part-072729_990627-030332.parquet,real_data_sample\l2_unseen_validation\trade_date=2026-07-17\exchange=NSE\symbol=SUNPHARMA\part-072729_990627-030332.parquet,34680,downloaded,34680,
2026-07-17,NSE,SUNPHARMA,raw_l2/trade_date=2026-07-17/exchange=NSE/symbol=SUNPHARMA/part-072715_573411-030300.parquet,real_data_sample\l2_unseen_validation\trade_date=2026-07-17\exchange=NSE\symbol=SUNPHARMA\part-072715_573411-030300.parquet,34871,downloaded,34871,
2026-07-17,NSE,SUNPHARMA,raw_l2/trade_date=2026-07-17/exchange=NSE/symbol=SUNPHARMA/part-072758_922458-030396.parquet,real_data_sample\l2_unseen_validation\trade_date=2026-07-17\exchange=NSE\symbol=SUNPHARMA\part-072758_922458-030396.parquet,34719,downloaded,34719,
2026-07-17,NSE,SUNPHARMA,raw_l2/trade_date=2026-07-17/exchange=NSE/symbol=SUNPHARMA/part-072813_451954-030428.parquet,real_data_sample\l2_unseen_validation\trade_date=2026-07-17\exchange=NSE\symbol=SUNPHARMA\part-072813_451954-030428.parquet,34798,downloaded,34798,
2026-07-17,NSE,SUNPHARMA,raw_l2/trade_date=2026-07-17/exchange=NSE/symbol=SUNPHARMA/part-072843_699762-030492.parquet,real_data_sample\l2_unseen_validation\trade_date=2026-07-17\exchange=NSE\symbol=SUNPHARMA\part-072843_699762-030492.parquet,35038,downloaded,35038,
2026-07-17,NSE,SUNPHARMA,raw_l2/trade_date=2026-07-17/exchange=NSE/symbol=SUNPHARMA/part-072827_676795-030460.parquet,real_data_sample\l2_unseen_validation\trade_date=2026-07-17\exchange=NSE\symbol=SUNPHARMA\part-072827_676795-030460.parquet,35106,downloaded,35106,
2026-07-17,NSE,SUNPHARMA,raw_l2/trade_date=2026-07-17/exchange=NSE/symbol=SUNPHARMA/part-073010_827215-030684.parquet,real_data_sample\l2_unseen_validation\trade_date=2026-07-17\exchange=NSE\symbol=SUNPHARMA\part-073010_827215-030684.parquet,35357,downloaded,35357,
2026-07-17,NSE,SUNPHARMA,raw_l2/trade_date=2026-07-17/exchange=NSE/symbol=SUNPHARMA/part-072927_589843-030588.parquet,real_data_sample\l2_unseen_validation\trade_date=2026-07-17\exchange=NSE\symbol=SUNPHARMA\part-072927_589843-030588.parquet,36265,downloaded,36265,
2026-07-17,NSE,SUNPHARMA,raw_l2/trade_date=2026-07-17/exchange=NSE/symbol=SUNPHARMA/part-072942_112702-030620.parquet,real_data_sample\l2_unseen_validation\trade_date=2026-07-17\exchange=NSE\symbol=SUNPHARMA\part-072942_112702-030620.parquet,35899,downloaded,35899,
2026-07-17,NSE,SUNPHARMA,raw_l2/trade_date=2026-07-17/exchange=NSE/symbol=SUNPHARMA/part-073039_363567-030748.parquet,real_data_sample\l2_unseen_validation\trade_date=2026-07-17\exchange=NSE\symbol=SUNPHARMA\part-073039_363567-030748.parquet,34787,downloaded,34787,
2026-07-17,NSE,SUNPHARMA,raw_l2/trade_date=2026-07-17/exchange=NSE/symbol=SUNPHARMA/part-072956_584381-030652.parquet,real_data_sample\l2_unseen_validation\trade_date=2026-07-17\exchange=NSE\symbol=SUNPHARMA\part-072956_584381-030652.parquet,35307,downloaded,35307,
2026-07-17,NSE,SUNPHARMA,raw_l2/trade_date=2026-07-17/exchange=NSE/symbol=SUNPHARMA/part-072858_168553-030524.parquet,real_data_sample\l2_unseen_validation\trade_date=2026-07-17\exchange=NSE\symbol=SUNPHARMA\part-072858_168553-030524.parquet,34957,downloaded,34957,
2026-07-17,NSE,SUNPHARMA,raw_l2/trade_date=2026-07-17/exchange=NSE/symbol=SUNPHARMA/part-072912_796162-030556.parquet,real_data_sample\l2_unseen_validation\trade_date=2026-07-17\exchange=NSE\symbol=SUNPHARMA\part-072912_796162-030556.parquet,34756,downloaded,34756,
2026-07-17,NSE,SUNPHARMA,raw_l2/trade_date=2026-07-17/exchange=NSE/symbol=SUNPHARMA/part-073248_007511-031036.parquet,real_data_sample\l2_unseen_validation\trade_date=2026-07-17\exchange=NSE\symbol=SUNPHARMA\part-073248_007511-031036.parquet,34759,downloaded,34759,
2026-07-17,NSE,SUNPHARMA,raw_l2/trade_date=2026-07-17/exchange=NSE/symbol=SUNPHARMA/part-073524_644076-031388.parquet,real_data_sample\l2_unseen_validation\trade_date=2026-07-17\exchange=NSE\symbol=SUNPHARMA\part-073524_644076-031388.parquet,34651,downloaded,34651,
2026-07-17,NSE,SUNPHARMA,raw_l2/trade_date=2026-07-17/exchange=NSE/symbol=SUNPHARMA/part-073330_770896-031132.parquet,real_data_sample\l2_unseen_validation\trade_date=2026-07-17\exchange=NSE\symbol=SUNPHARMA\part-073330_770896-031132.parquet,34686,downloaded,34686,
2026-07-17,NSE,SUNPHARMA,raw_l2/trade_date=2026-07-17/exchange=NSE/symbol=SUNPHARMA/part-073205_399113-030940.parquet,real_data_sample\l2_unseen_validation\trade_date=2026-07-17\exchange=NSE\symbol=SUNPHARMA\part-073205_399113-030940.parquet,34489,downloaded,34489,
2026-07-17,NSE,SUNPHARMA,raw_l2/trade_date=2026-07-17/exchange=NSE/symbol=SUNPHARMA/part-073456_260592-031324.parquet,real_data_sample\l2_unseen_validation\trade_date=2026-07-17\exchange=NSE\symbol=SUNPHARMA\part-073456_260592-031324.parquet,34649,downloaded,34649,
2026-07-17,NSE,SUNPHARMA,raw_l2/trade_date=2026-07-17/exchange=NSE/symbol=SUNPHARMA/part-073510_496672-031356.parquet,real_data_sample\l2_unseen_validation\trade_date=2026-07-17\exchange=NSE\symbol=SUNPHARMA\part-073510_496672-031356.parquet,35069,downloaded,35069,
2026-07-17,NSE,SUNPHARMA,raw_l2/trade_date=2026-07-17/exchange=NSE/symbol=SUNPHARMA/part-073553_010501-031452.parquet,real_data_sample\l2_unseen_validation\trade_date=2026-07-17\exchange=NSE\symbol=SUNPHARMA\part-073553_010501-031452.parquet,34436,downloaded,34436,
2026-07-17,NSE,SUNPHARMA,raw_l2/trade_date=2026-07-17/exchange=NSE/symbol=SUNPHARMA/part-073302_243536-031068.parquet,real_data_sample\l2_unseen_validation\trade_date=2026-07-17\exchange=NSE\symbol=SUNPHARMA\part-073302_243536-031068.parquet,34531,downloaded,34531,
2026-07-17,NSE,SUNPHARMA,raw_l2/trade_date=2026-07-17/exchange=NSE/symbol=SUNPHARMA/part-073427_653579-031260.parquet,real_data_sample\l2_unseen_validation\trade_date=2026-07-17\exchange=NSE\symbol=SUNPHARMA\part-073427_653579-031260.parquet,34797,downloaded,34797,
2026-07-17,NSE,SUNPHARMA,raw_l2/trade_date=2026-07-17/exchange=NSE/symbol=SUNPHARMA/part-073359_214300-031196.parquet,real_data_sample\l2_unseen_validation\trade_date=2026-07-17\exchange=NSE\symbol=SUNPHARMA\part-073359_214300-031196.parquet,34975,downloaded,34975,
2026-07-17,NSE,SUNPHARMA,raw_l2/trade_date=2026-07-17/exchange=NSE/symbol=SUNPHARMA/part-073538_941977-031420.parquet,real_data_sample\l2_unseen_validation\trade_date=2026-07-17\exchange=NSE\symbol=SUNPHARMA\part-073538_941977-031420.parquet,34668,downloaded,34668,
2026-07-17,NSE,SUNPHARMA,raw_l2/trade_date=2026-07-17/exchange=NSE/symbol=SUNPHARMA/part-073607_283489-031484.parquet,real_data_sample\l2_unseen_validation\trade_date=2026-07-17\exchange=NSE\symbol=SUNPHARMA\part-073607_283489-031484.parquet,34664,downloaded,34664,
2026-07-17,NSE,SUNPHARMA,raw_l2/trade_date=2026-07-17/exchange=NSE/symbol=SUNPHARMA/part-073136_826891-030876.parquet,real_data_sample\l2_unseen_validation\trade_date=2026-07-17\exchange=NSE\symbol=SUNPHARMA\part-073136_826891-030876.parquet,34600,downloaded,34600,
2026-07-17,NSE,SUNPHARMA,raw_l2/trade_date=2026-07-17/exchange=NSE/symbol=SUNPHARMA/part-073316_379902-031100.parquet,real_data_sample\l2_unseen_validation\trade_date=2026-07-17\exchange=NSE\symbol=SUNPHARMA\part-073316_379902-031100.parquet,34777,downloaded,34777,
2026-07-17,NSE,SUNPHARMA,raw_l2/trade_date=2026-07-17/exchange=NSE/symbol=SUNPHARMA/part-073219_530832-030972.parquet,real_data_sample\l2_unseen_validation\trade_date=2026-07-17\exchange=NSE\symbol=SUNPHARMA\part-073219_530832-030972.parquet,34897,downloaded,34897,
2026-07-17,NSE,SUNPHARMA,raw_l2/trade_date=2026-07-17/exchange=NSE/symbol=SUNPHARMA/part-073151_156430-030908.parquet,real_data_sample\l2_unseen_validation\trade_date=2026-07-17\exchange=NSE\symbol=SUNPHARMA\part-073151_156430-030908.parquet,34572,downloaded,34572,
2026-07-17,NSE,SUNPHARMA,raw_l2/trade_date=2026-07-17/exchange=NSE/symbol=SUNPHARMA/part-073108_311763-030812.parquet,real_data_sample\l2_unseen_validation\trade_date=2026-07-17\exchange=NSE\symbol=SUNPHARMA\part-073108_311763-030812.parquet,35079,downloaded,35079,
2026-07-17,NSE,SUNPHARMA,raw_l2/trade_date=2026-07-17/exchange=NSE/symbol=SUNPHARMA/part-073053_817577-030780.parquet,real_data_sample\l2_unseen_validation\trade_date=2026-07-17\exchange=NSE\symbol=SUNPHARMA\part-073053_817577-030780.parquet,35008,downloaded,35008,
2026-07-17,NSE,SUNPHARMA,raw_l2/trade_date=2026-07-17/exchange=NSE/symbol=SUNPHARMA/part-073621_589790-031516.parquet,real_data_sample\l2_unseen_validation\trade_date=2026-07-17\exchange=NSE\symbol=SUNPHARMA\part-073621_589790-031516.parquet,34556,downloaded,34556,
2026-07-17,NSE,SUNPHARMA,raw_l2/trade_date=2026-07-17/exchange=NSE/symbol=SUNPHARMA/part-073233_731829-031004.parquet,real_data_sample\l2_unseen_validation\trade_date=2026-07-17\exchange=NSE\symbol=SUNPHARMA\part-073233_731829-031004.parquet,34779,downloaded,34779,
2026-07-17,NSE,SUNPHARMA,raw_l2/trade_date=2026-07-17/exchange=NSE/symbol=SUNPHARMA/part-073413_445869-031228.parquet,real_data_sample\l2_unseen_validation\trade_date=2026-07-17\exchange=NSE\symbol=SUNPHARMA\part-073413_445869-031228.parquet,34908,downloaded,34908,
2026-07-17,NSE,SUNPHARMA,raw_l2/trade_date=2026-07-17/exchange=NSE/symbol=SUNPHARMA/part-073025_045664-030716.parquet,real_data_sample\l2_unseen_validation\trade_date=2026-07-17\exchange=NSE\symbol=SUNPHARMA\part-073025_045664-030716.parquet,34992,downloaded,34992,
2026-07-17,NSE,SUNPHARMA,raw_l2/trade_date=2026-07-17/exchange=NSE/symbol=SUNPHARMA/part-073442_160669-031292.parquet,real_data_sample\l2_unseen_validation\trade_date=2026-07-17\exchange=NSE\symbol=SUNPHARMA\part-073442_160669-031292.parquet,34527,downloaded,34527,
2026-07-17,NSE,SUNPHARMA,raw_l2/trade_date=2026-07-17/exchange=NSE/symbol=SUNPHARMA/part-073345_038521-031164.parquet,real_data_sample\l2_unseen_validation\trade_date=2026-07-17\exchange=NSE\symbol=SUNPHARMA\part-073345_038521-031164.parquet,34781,downloaded,34781,
2026-07-17,NSE,SUNPHARMA,raw_l2/trade_date=2026-07-17/exchange=NSE/symbol=SUNPHARMA/part-073704_288067-031612.parquet,real_data_sample\l2_unseen_validation\trade_date=2026-07-17\exchange=NSE\symbol=SUNPHARMA\part-073704_288067-031612.parquet,34569,downloaded,34569,
2026-07-17,NSE,SUNPHARMA,raw_l2/trade_date=2026-07-17/exchange=NSE/symbol=SUNPHARMA/part-073635_891864-031548.parquet,real_data_sample\l2_unseen_validation\trade_date=2026-07-17\exchange=NSE\symbol=SUNPHARMA\part-073635_891864-031548.parquet,34589,downloaded,34589,
2026-07-17,NSE,SUNPHARMA,raw_l2/trade_date=2026-07-17/exchange=NSE/symbol=SUNPHARMA/part-073732_337464-031676.parquet,real_data_sample\l2_unseen_validation\trade_date=2026-07-17\exchange=NSE\symbol=SUNPHARMA\part-073732_337464-031676.parquet,34569,downloaded,34569,
2026-07-17,NSE,SUNPHARMA,raw_l2/trade_date=2026-07-17/exchange=NSE/symbol=SUNPHARMA/part-073650_150715-031580.parquet,real_data_sample\l2_unseen_validation\trade_date=2026-07-17\exchange=NSE\symbol=SUNPHARMA\part-073650_150715-031580.parquet,34518,downloaded,34518,
2026-07-17,NSE,SUNPHARMA,raw_l2/trade_date=2026-07-17/exchange=NSE/symbol=SUNPHARMA/part-073718_309598-031644.parquet,real_data_sample\l2_unseen_validation\trade_date=2026-07-17\exchange=NSE\symbol=SUNPHARMA\part-073718_309598-031644.parquet,34630,downloaded,34630,
2026-07-17,NSE,SUNPHARMA,raw_l2/trade_date=2026-07-17/exchange=NSE/symbol=SUNPHARMA/part-073746_214143-031708.parquet,real_data_sample\l2_unseen_validation\trade_date=2026-07-17\exchange=NSE\symbol=SUNPHARMA\part-073746_214143-031708.parquet,34939,downloaded,34939,
2026-07-17,NSE,SUNPHARMA,raw_l2/trade_date=2026-07-17/exchange=NSE/symbol=SUNPHARMA/part-073800_313030-031740.parquet,real_data_sample\l2_unseen_validation\trade_date=2026-07-17\exchange=NSE\symbol=SUNPHARMA\part-073800_313030-031740.parquet,35101,downloaded,35101,
2026-07-17,NSE,SUNPHARMA,raw_l2/trade_date=2026-07-17/exchange=NSE/symbol=SUNPHARMA/part-073857_036961-031868.parquet,real_data_sample\l2_unseen_validation\trade_date=2026-07-17\exchange=NSE\symbol=SUNPHARMA\part-073857_036961-031868.parquet,35047,downloaded,35047,
2026-07-17,NSE,SUNPHARMA,raw_l2/trade_date=2026-07-17/exchange=NSE/symbol=SUNPHARMA/part-073842_680755-031836.parquet,real_data_sample\l2_unseen_validation\trade_date=2026-07-17\exchange=NSE\symbol=SUNPHARMA\part-073842_680755-031836.parquet,35498,downloaded,35498,
2026-07-17,NSE,SUNPHARMA,raw_l2/trade_date=2026-07-17/exchange=NSE/symbol=SUNPHARMA/part-073814_466841-031772.parquet,real_data_sample\l2_unseen_validation\trade_date=2026-07-17\exchange=NSE\symbol=SUNPHARMA\part-073814_466841-031772.parquet,34939,downloaded,34939,
2026-07-17,NSE,SUNPHARMA,raw_l2/trade_date=2026-07-17/exchange=NSE/symbol=SUNPHARMA/part-073828_742882-031804.parquet,real_data_sample\l2_unseen_validation\trade_date=2026-07-17\exchange=NSE\symbol=SUNPHARMA\part-073828_742882-031804.parquet,35540,downloaded,35540,
2026-07-17,NSE,SUNPHARMA,raw_l2/trade_date=2026-07-17/exchange=NSE/symbol=SUNPHARMA/part-074132_345876-032220.parquet,real_data_sample\l2_unseen_validation\trade_date=2026-07-17\exchange=NSE\symbol=SUNPHARMA\part-074132_345876-032220.parquet,34808,downloaded,34808,
2026-07-17,NSE,SUNPHARMA,raw_l2/trade_date=2026-07-17/exchange=NSE/symbol=SUNPHARMA/part-073911_311887-031900.parquet,real_data_sample\l2_unseen_validation\trade_date=2026-07-17\exchange=NSE\symbol=SUNPHARMA\part-073911_311887-031900.parquet,35481,downloaded,35481,
2026-07-17,NSE,SUNPHARMA,raw_l2/trade_date=2026-07-17/exchange=NSE/symbol=SUNPHARMA/part-074104_135678-032156.parquet,real_data_sample\l2_unseen_validation\trade_date=2026-07-17\exchange=NSE\symbol=SUNPHARMA\part-074104_135678-032156.parquet,34565,downloaded,34565,
2026-07-17,NSE,SUNPHARMA,raw_l2/trade_date=2026-07-17/exchange=NSE/symbol=SUNPHARMA/part-073122_596037-030844.parquet,real_data_sample\l2_unseen_validation\trade_date=2026-07-17\exchange=NSE\symbol=SUNPHARMA\part-073122_596037-030844.parquet,34726,downloaded,34726,
2026-07-17,NSE,SUNPHARMA,raw_l2/trade_date=2026-07-17/exchange=NSE/symbol=SUNPHARMA/part-074146_448444-032252.parquet,real_data_sample\l2_unseen_validation\trade_date=2026-07-17\exchange=NSE\symbol=SUNPHARMA\part-074146_448444-032252.parquet,35102,downloaded,35102,
2026-07-17,NSE,SUNPHARMA,raw_l2/trade_date=2026-07-17/exchange=NSE/symbol=SUNPHARMA/part-074449_419333-032668.parquet,real_data_sample\l2_unseen_validation\trade_date=2026-07-17\exchange=NSE\symbol=SUNPHARMA\part-074449_419333-032668.parquet,35312,downloaded,35312,
2026-07-17,NSE,SUNPHARMA,raw_l2/trade_date=2026-07-17/exchange=NSE/symbol=SUNPHARMA/part-074007_575870-032028.parquet,real_data_sample\l2_unseen_validation\trade_date=2026-07-17\exchange=NSE\symbol=SUNPHARMA\part-074007_575870-032028.parquet,35391,downloaded,35391,
2026-07-17,NSE,SUNPHARMA,raw_l2/trade_date=2026-07-17/exchange=NSE/symbol=SUNPHARMA/part-074407_517769-032572.parquet,real_data_sample\l2_unseen_validation\trade_date=2026-07-17\exchange=NSE\symbol=SUNPHARMA\part-074407_517769-032572.parquet,35277,downloaded,35277,
2026-07-17,NSE,SUNPHARMA,raw_l2/trade_date=2026-07-17/exchange=NSE/symbol=SUNPHARMA/part-074035_848670-032092.parquet,real_data_sample\l2_unseen_validation\trade_date=2026-07-17\exchange=NSE\symbol=SUNPHARMA\part-074035_848670-032092.parquet,34934,downloaded,34934,
2026-07-17,NSE,SUNPHARMA,raw_l2/trade_date=2026-07-17/exchange=NSE/symbol=SUNPHARMA/part-074021_776972-032060.parquet,real_data_sample\l2_unseen_validation\trade_date=2026-07-17\exchange=NSE\symbol=SUNPHARMA\part-074021_776972-032060.parquet,34990,downloaded,34990,
2026-07-17,NSE,SUNPHARMA,raw_l2/trade_date=2026-07-17/exchange=NSE/symbol=SUNPHARMA/part-074324_459643-032476.parquet,real_data_sample\l2_unseen_validation\trade_date=2026-07-17\exchange=NSE\symbol=SUNPHARMA\part-074324_459643-032476.parquet,35458,downloaded,35458,
2026-07-17,NSE,SUNPHARMA,raw_l2/trade_date=2026-07-17/exchange=NSE/symbol=SUNPHARMA/part-074435_538750-032636.parquet,real_data_sample\l2_unseen_validation\trade_date=2026-07-17\exchange=NSE\symbol=SUNPHARMA\part-074435_538750-032636.parquet,35475,downloaded,35475,
2026-07-17,NSE,SUNPHARMA,raw_l2/trade_date=2026-07-17/exchange=NSE/symbol=SUNPHARMA/part-074242_474912-032380.parquet,real_data_sample\l2_unseen_validation\trade_date=2026-07-17\exchange=NSE\symbol=SUNPHARMA\part-074242_474912-032380.parquet,35833,downloaded,35833,
2026-07-17,NSE,SUNPHARMA,raw_l2/trade_date=2026-07-17/exchange=NSE/symbol=SUNPHARMA/part-074421_496320-032604.parquet,real_data_sample\l2_unseen_validation\trade_date=2026-07-17\exchange=NSE\symbol=SUNPHARMA\part-074421_496320-032604.parquet,35199,downloaded,35199,
2026-07-17,NSE,SUNPHARMA,raw_l2/trade_date=2026-07-17/exchange=NSE/symbol=SUNPHARMA/part-073953_377309-031996.parquet,real_data_sample\l2_unseen_validation\trade_date=2026-07-17\exchange=NSE\symbol=SUNPHARMA\part-073953_377309-031996.parquet,35135,downloaded,35135,
2026-07-17,NSE,SUNPHARMA,raw_l2/trade_date=2026-07-17/exchange=NSE/symbol=SUNPHARMA/part-073925_257999-031932.parquet,real_data_sample\l2_unseen_validation\trade_date=2026-07-17\exchange=NSE\symbol=SUNPHARMA\part-073925_257999-031932.parquet,35145,downloaded,35145,
2026-07-17,NSE,SUNPHARMA,raw_l2/trade_date=2026-07-17/exchange=NSE/symbol=SUNPHARMA/part-074503_683802-032700.parquet,real_data_sample\l2_unseen_validation\trade_date=2026-07-17\exchange=NSE\symbol=SUNPHARMA\part-074503_683802-032700.parquet,35212,downloaded,35212,
2026-07-17,NSE,SUNPHARMA,raw_l2/trade_date=2026-07-17/exchange=NSE/symbol=SUNPHARMA/part-073939_286390-031964.parquet,real_data_sample\l2_unseen_validation\trade_date=2026-07-17\exchange=NSE\symbol=SUNPHARMA\part-073939_286390-031964.parquet,35149,downloaded,35149,
2026-07-17,NSE,SUNPHARMA,raw_l2/trade_date=2026-07-17/exchange=NSE/symbol=SUNPHARMA/part-074256_539288-032412.parquet,real_data_sample\l2_unseen_validation\trade_date=2026-07-17\exchange=NSE\symbol=SUNPHARMA\part-074256_539288-032412.parquet,35455,downloaded,35455,
2026-07-17,NSE,SUNPHARMA,raw_l2/trade_date=2026-07-17/exchange=NSE/symbol=SUNPHARMA/part-074050_049882-032124.parquet,real_data_sample\l2_unseen_validation\trade_date=2026-07-17\exchange=NSE\symbol=SUNPHARMA\part-074050_049882-032124.parquet,34912,downloaded,34912,
2026-07-17,NSE,SUNPHARMA,raw_l2/trade_date=2026-07-17/exchange=NSE/symbol=SUNPHARMA/part-074118_264387-032188.parquet,real_data_sample\l2_unseen_validation\trade_date=2026-07-17\exchange=NSE\symbol=SUNPHARMA\part-074118_264387-032188.parquet,34680,downloaded,34680,
2026-07-17,NSE,SUNPHARMA,raw_l2/trade_date=2026-07-17/exchange=NSE/symbol=SUNPHARMA/part-074214_504806-032316.parquet,real_data_sample\l2_unseen_validation\trade_date=2026-07-17\exchange=NSE\symbol=SUNPHARMA\part-074214_504806-032316.parquet,35107,downloaded,35107,
2026-07-17,NSE,SUNPHARMA,raw_l2/trade_date=2026-07-17/exchange=NSE/symbol=SUNPHARMA/part-074228_361818-032348.parquet,real_data_sample\l2_unseen_validation\trade_date=2026-07-17\exchange=NSE\symbol=SUNPHARMA\part-074228_361818-032348.parquet,35686,downloaded,35686,
2026-07-17,NSE,SUNPHARMA,raw_l2/trade_date=2026-07-17/exchange=NSE/symbol=SUNPHARMA/part-074353_264604-032540.parquet,real_data_sample\l2_unseen_validation\trade_date=2026-07-17\exchange=NSE\symbol=SUNPHARMA\part-074353_264604-032540.parquet,35770,downloaded,35770,
2026-07-17,NSE,SUNPHARMA,raw_l2/trade_date=2026-07-17/exchange=NSE/symbol=SUNPHARMA/part-074200_503306-032284.parquet,real_data_sample\l2_unseen_validation\trade_date=2026-07-17\exchange=NSE\symbol=SUNPHARMA\part-074200_503306-032284.parquet,34810,downloaded,34810,
2026-07-17,NSE,SUNPHARMA,raw_l2/trade_date=2026-07-17/exchange=NSE/symbol=SUNPHARMA/part-074338_695225-032508.parquet,real_data_sample\l2_unseen_validation\trade_date=2026-07-17\exchange=NSE\symbol=SUNPHARMA\part-074338_695225-032508.parquet,36534,downloaded,36534,
2026-07-17,NSE,SUNPHARMA,raw_l2/trade_date=2026-07-17/exchange=NSE/symbol=SUNPHARMA/part-074517_967507-032732.parquet,real_data_sample\l2_unseen_validation\trade_date=2026-07-17\exchange=NSE\symbol=SUNPHARMA\part-074517_967507-032732.parquet,35549,downloaded,35549,
2026-07-17,NSE,SUNPHARMA,raw_l2/trade_date=2026-07-17/exchange=NSE/symbol=SUNPHARMA/part-074545_985592-032796.parquet,real_data_sample\l2_unseen_validation\trade_date=2026-07-17\exchange=NSE\symbol=SUNPHARMA\part-074545_985592-032796.parquet,35484,downloaded,35484,
2026-07-17,NSE,SUNPHARMA,raw_l2/trade_date=2026-07-17/exchange=NSE/symbol=SUNPHARMA/part-074532_022916-032764.parquet,real_data_sample\l2_unseen_validation\trade_date=2026-07-17\exchange=NSE\symbol=SUNPHARMA\part-074532_022916-032764.parquet,35284,downloaded,35284,
2026-07-17,NSE,SUNPHARMA,raw_l2/trade_date=2026-07-17/exchange=NSE/symbol=SUNPHARMA/part-074600_295575-032828.parquet,real_data_sample\l2_unseen_validation\trade_date=2026-07-17\exchange=NSE\symbol=SUNPHARMA\part-074600_295575-032828.parquet,35291,downloaded,35291,
2026-07-17,NSE,SUNPHARMA,raw_l2/trade_date=2026-07-17/exchange=NSE/symbol=SUNPHARMA/part-074614_731106-032860.parquet,real_data_sample\l2_unseen_validation\trade_date=2026-07-17\exchange=NSE\symbol=SUNPHARMA\part-074614_731106-032860.parquet,35233,downloaded,35233,
2026-07-17,NSE,SUNPHARMA,raw_l2/trade_date=2026-07-17/exchange=NSE/symbol=SUNPHARMA/part-074643_303022-032924.parquet,real_data_sample\l2_unseen_validation\trade_date=2026-07-17\exchange=NSE\symbol=SUNPHARMA\part-074643_303022-032924.parquet,34533,downloaded,34533,
2026-07-17,NSE,SUNPHARMA,raw_l2/trade_date=2026-07-17/exchange=NSE/symbol=SUNPHARMA/part-074807_782671-033116.parquet,real_data_sample\l2_unseen_validation\trade_date=2026-07-17\exchange=NSE\symbol=SUNPHARMA\part-074807_782671-033116.parquet,34645,downloaded,34645,
2026-07-17,NSE,SUNPHARMA,raw_l2/trade_date=2026-07-17/exchange=NSE/symbol=SUNPHARMA/part-074628_886604-032892.parquet,real_data_sample\l2_unseen_validation\trade_date=2026-07-17\exchange=NSE\symbol=SUNPHARMA\part-074628_886604-032892.parquet,34433,downloaded,34433,
2026-07-17,NSE,SUNPHARMA,raw_l2/trade_date=2026-07-17/exchange=NSE/symbol=SUNPHARMA/part-074657_340314-032956.parquet,real_data_sample\l2_unseen_validation\trade_date=2026-07-17\exchange=NSE\symbol=SUNPHARMA\part-074657_340314-032956.parquet,34864,downloaded,34864,
2026-07-17,NSE,SUNPHARMA,raw_l2/trade_date=2026-07-17/exchange=NSE/symbol=SUNPHARMA/part-074850_077264-033212.parquet,real_data_sample\l2_unseen_validation\trade_date=2026-07-17\exchange=NSE\symbol=SUNPHARMA\part-074850_077264-033212.parquet,35159,downloaded,35159,
2026-07-17,NSE,SUNPHARMA,raw_l2/trade_date=2026-07-17/exchange=NSE/symbol=SUNPHARMA/part-074835_944686-033180.parquet,real_data_sample\l2_unseen_validation\trade_date=2026-07-17\exchange=NSE\symbol=SUNPHARMA\part-074835_944686-033180.parquet,35412,downloaded,35412,
2026-07-17,NSE,SUNPHARMA,raw_l2/trade_date=2026-07-17/exchange=NSE/symbol=SUNPHARMA/part-074821_772021-033148.parquet,real_data_sample\l2_unseen_validation\trade_date=2026-07-17\exchange=NSE\symbol=SUNPHARMA\part-074821_772021-033148.parquet,35552,downloaded,35552,
2026-07-17,NSE,SUNPHARMA,raw_l2/trade_date=2026-07-17/exchange=NSE/symbol=SUNPHARMA/part-074904_338931-033244.parquet,real_data_sample\l2_unseen_validation\trade_date=2026-07-17\exchange=NSE\symbol=SUNPHARMA\part-074904_338931-033244.parquet,35321,downloaded,35321,
2026-07-17,NSE,SUNPHARMA,raw_l2/trade_date=2026-07-17/exchange=NSE/symbol=SUNPHARMA/part-074739_705345-033052.parquet,real_data_sample\l2_unseen_validation\trade_date=2026-07-17\exchange=NSE\symbol=SUNPHARMA\part-074739_705345-033052.parquet,35037,downloaded,35037,
2026-07-17,NSE,SUNPHARMA,raw_l2/trade_date=2026-07-17/exchange=NSE/symbol=SUNPHARMA/part-074725_666094-033020.parquet,real_data_sample\l2_unseen_validation\trade_date=2026-07-17\exchange=NSE\symbol=SUNPHARMA\part-074725_666094-033020.parquet,34800,downloaded,34800,
2026-07-17,NSE,SUNPHARMA,raw_l2/trade_date=2026-07-17/exchange=NSE/symbol=SUNPHARMA/part-074753_754789-033084.parquet,real_data_sample\l2_unseen_validation\trade_date=2026-07-17\exchange=NSE\symbol=SUNPHARMA\part-074753_754789-033084.parquet,34962,downloaded,34962,
2026-07-17,NSE,SUNPHARMA,raw_l2/trade_date=2026-07-17/exchange=NSE/symbol=SUNPHARMA/part-074310_416165-032444.parquet,real_data_sample\l2_unseen_validation\trade_date=2026-07-17\exchange=NSE\symbol=SUNPHARMA\part-074310_416165-032444.parquet,35219,downloaded,35219,
2026-07-17,NSE,SUNPHARMA,raw_l2/trade_date=2026-07-17/exchange=NSE/symbol=SUNPHARMA/part-075000_426185-033372.parquet,real_data_sample\l2_unseen_validation\trade_date=2026-07-17\exchange=NSE\symbol=SUNPHARMA\part-075000_426185-033372.parquet,35727,downloaded,35727,
2026-07-17,NSE,SUNPHARMA,raw_l2/trade_date=2026-07-17/exchange=NSE/symbol=SUNPHARMA/part-075043_693258-033468.parquet,real_data_sample\l2_unseen_validation\trade_date=2026-07-17\exchange=NSE\symbol=SUNPHARMA\part-075043_693258-033468.parquet,36288,downloaded,36288,
2026-07-17,NSE,SUNPHARMA,raw_l2/trade_date=2026-07-17/exchange=NSE/symbol=SUNPHARMA/part-074946_499865-033340.parquet,real_data_sample\l2_unseen_validation\trade_date=2026-07-17\exchange=NSE\symbol=SUNPHARMA\part-074946_499865-033340.parquet,36208,downloaded,36208,
2026-07-17,NSE,SUNPHARMA,raw_l2/trade_date=2026-07-17/exchange=NSE/symbol=SUNPHARMA/part-075029_439922-033436.parquet,real_data_sample\l2_unseen_validation\trade_date=2026-07-17\exchange=NSE\symbol=SUNPHARMA\part-075029_439922-033436.parquet,36079,downloaded,36079,
2026-07-17,NSE,SUNPHARMA,raw_l2/trade_date=2026-07-17/exchange=NSE/symbol=SUNPHARMA/part-074918_517132-033276.parquet,real_data_sample\l2_unseen_validation\trade_date=2026-07-17\exchange=NSE\symbol=SUNPHARMA\part-074918_517132-033276.parquet,36216,downloaded,36216,
2026-07-17,NSE,SUNPHARMA,raw_l2/trade_date=2026-07-17/exchange=NSE/symbol=SUNPHARMA/part-075057_790679-033500.parquet,real_data_sample\l2_unseen_validation\trade_date=2026-07-17\exchange=NSE\symbol=SUNPHARMA\part-075057_790679-033500.parquet,35864,downloaded,35864,
2026-07-17,NSE,SUNPHARMA,raw_l2/trade_date=2026-07-17/exchange=NSE/symbol=SUNPHARMA/part-075222_738989-033692.parquet,real_data_sample\l2_unseen_validation\trade_date=2026-07-17\exchange=NSE\symbol=SUNPHARMA\part-075222_738989-033692.parquet,36279,downloaded,36279,
2026-07-17,NSE,SUNPHARMA,raw_l2/trade_date=2026-07-17/exchange=NSE/symbol=SUNPHARMA/part-074932_415320-033308.parquet,real_data_sample\l2_unseen_validation\trade_date=2026-07-17\exchange=NSE\symbol=SUNPHARMA\part-074932_415320-033308.parquet,35963,downloaded,35963,
2026-07-17,NSE,SUNPHARMA,raw_l2/trade_date=2026-07-17/exchange=NSE/symbol=SUNPHARMA/part-075208_616074-033660.parquet,real_data_sample\l2_unseen_validation\trade_date=2026-07-17\exchange=NSE\symbol=SUNPHARMA\part-075208_616074-033660.parquet,36572,downloaded,36572,
2026-07-17,NSE,SUNPHARMA,raw_l2/trade_date=2026-07-17/exchange=NSE/symbol=SUNPHARMA/part-075014_630690-033404.parquet,real_data_sample\l2_unseen_validation\trade_date=2026-07-17\exchange=NSE\symbol=SUNPHARMA\part-075014_630690-033404.parquet,36231,downloaded,36231,
2026-07-17,NSE,SUNPHARMA,raw_l2/trade_date=2026-07-17/exchange=NSE/symbol=SUNPHARMA/part-075251_471956-033756.parquet,real_data_sample\l2_unseen_validation\trade_date=2026-07-17\exchange=NSE\symbol=SUNPHARMA\part-075251_471956-033756.parquet,35309,downloaded,35309,
2026-07-17,NSE,SUNPHARMA,raw_l2/trade_date=2026-07-17/exchange=NSE/symbol=SUNPHARMA/part-075236_874456-033724.parquet,real_data_sample\l2_unseen_validation\trade_date=2026-07-17\exchange=NSE\symbol=SUNPHARMA\part-075236_874456-033724.parquet,36277,downloaded,36277,
2026-07-17,NSE,SUNPHARMA,raw_l2/trade_date=2026-07-17/exchange=NSE/symbol=SUNPHARMA/part-075125_794008-033564.parquet,real_data_sample\l2_unseen_validation\trade_date=2026-07-17\exchange=NSE\symbol=SUNPHARMA\part-075125_794008-033564.parquet,36241,downloaded,36241,
2026-07-17,NSE,SUNPHARMA,raw_l2/trade_date=2026-07-17/exchange=NSE/symbol=SUNPHARMA/part-075139_906214-033596.parquet,real_data_sample\l2_unseen_validation\trade_date=2026-07-17\exchange=NSE\symbol=SUNPHARMA\part-075139_906214-033596.parquet,36048,downloaded,36048,
2026-07-17,NSE,SUNPHARMA,raw_l2/trade_date=2026-07-17/exchange=NSE/symbol=SUNPHARMA/part-075154_446651-033628.parquet,real_data_sample\l2_unseen_validation\trade_date=2026-07-17\exchange=NSE\symbol=SUNPHARMA\part-075154_446651-033628.parquet,36484,downloaded,36484,
2026-07-17,NSE,SUNPHARMA,raw_l2/trade_date=2026-07-17/exchange=NSE/symbol=SUNPHARMA/part-075111_623237-033532.parquet,real_data_sample\l2_unseen_validation\trade_date=2026-07-17\exchange=NSE\symbol=SUNPHARMA\part-075111_623237-033532.parquet,36451,downloaded,36451,
2026-07-17,NSE,SUNPHARMA,raw_l2/trade_date=2026-07-17/exchange=NSE/symbol=SUNPHARMA/part-075305_732916-033788.parquet,real_data_sample\l2_unseen_validation\trade_date=2026-07-17\exchange=NSE\symbol=SUNPHARMA\part-075305_732916-033788.parquet,35707,downloaded,35707,
2026-07-17,NSE,SUNPHARMA,raw_l2/trade_date=2026-07-17/exchange=NSE/symbol=SUNPHARMA/part-075319_776535-033820.parquet,real_data_sample\l2_unseen_validation\trade_date=2026-07-17\exchange=NSE\symbol=SUNPHARMA\part-075319_776535-033820.parquet,35748,downloaded,35748,
2026-07-17,NSE,SUNPHARMA,raw_l2/trade_date=2026-07-17/exchange=NSE/symbol=SUNPHARMA/part-075333_881701-033852.parquet,real_data_sample\l2_unseen_validation\trade_date=2026-07-17\exchange=NSE\symbol=SUNPHARMA\part-075333_881701-033852.parquet,35524,downloaded,35524,
2026-07-17,NSE,SUNPHARMA,raw_l2/trade_date=2026-07-17/exchange=NSE/symbol=SUNPHARMA/part-075347_771784-033884.parquet,real_data_sample\l2_unseen_validation\trade_date=2026-07-17\exchange=NSE\symbol=SUNPHARMA\part-075347_771784-033884.parquet,35531,downloaded,35531,
2026-07-17,NSE,SUNPHARMA,raw_l2/trade_date=2026-07-17/exchange=NSE/symbol=SUNPHARMA/part-075512_596929-034076.parquet,real_data_sample\l2_unseen_validation\trade_date=2026-07-17\exchange=NSE\symbol=SUNPHARMA\part-075512_596929-034076.parquet,34900,downloaded,34900,
2026-07-17,NSE,SUNPHARMA,raw_l2/trade_date=2026-07-17/exchange=NSE/symbol=SUNPHARMA/part-075401_964284-033916.parquet,real_data_sample\l2_unseen_validation\trade_date=2026-07-17\exchange=NSE\symbol=SUNPHARMA\part-075401_964284-033916.parquet,35609,downloaded,35609,
2026-07-17,NSE,SUNPHARMA,raw_l2/trade_date=2026-07-17/exchange=NSE/symbol=SUNPHARMA/part-075540_519977-034140.parquet,real_data_sample\l2_unseen_validation\trade_date=2026-07-17\exchange=NSE\symbol=SUNPHARMA\part-075540_519977-034140.parquet,35258,downloaded,35258,
2026-07-17,NSE,SUNPHARMA,raw_l2/trade_date=2026-07-17/exchange=NSE/symbol=SUNPHARMA/part-074711_391647-032988.parquet,real_data_sample\l2_unseen_validation\trade_date=2026-07-17\exchange=NSE\symbol=SUNPHARMA\part-074711_391647-032988.parquet,34642,downloaded,34642,
2026-07-17,NSE,SUNPHARMA,raw_l2/trade_date=2026-07-17/exchange=NSE/symbol=SUNPHARMA/part-075526_568147-034108.parquet,real_data_sample\l2_unseen_validation\trade_date=2026-07-17\exchange=NSE\symbol=SUNPHARMA\part-075526_568147-034108.parquet,35455,downloaded,35455,
2026-07-17,NSE,SUNPHARMA,raw_l2/trade_date=2026-07-17/exchange=NSE/symbol=SUNPHARMA/part-075430_028964-033980.parquet,real_data_sample\l2_unseen_validation\trade_date=2026-07-17\exchange=NSE\symbol=SUNPHARMA\part-075430_028964-033980.parquet,34840,downloaded,34840,
2026-07-17,NSE,SUNPHARMA,raw_l2/trade_date=2026-07-17/exchange=NSE/symbol=SUNPHARMA/part-075608_762442-034204.parquet,real_data_sample\l2_unseen_validation\trade_date=2026-07-17\exchange=NSE\symbol=SUNPHARMA\part-075608_762442-034204.parquet,35212,downloaded,35212,
2026-07-17,NSE,SUNPHARMA,raw_l2/trade_date=2026-07-17/exchange=NSE/symbol=SUNPHARMA/part-075416_057078-033948.parquet,real_data_sample\l2_unseen_validation\trade_date=2026-07-17\exchange=NSE\symbol=SUNPHARMA\part-075416_057078-033948.parquet,35506,downloaded,35506,
2026-07-17,NSE,SUNPHARMA,raw_l2/trade_date=2026-07-17/exchange=NSE/symbol=SUNPHARMA/part-075554_598928-034172.parquet,real_data_sample\l2_unseen_validation\trade_date=2026-07-17\exchange=NSE\symbol=SUNPHARMA\part-075554_598928-034172.parquet,35524,downloaded,35524,
2026-07-17,NSE,SUNPHARMA,raw_l2/trade_date=2026-07-17/exchange=NSE/symbol=SUNPHARMA/part-075444_238711-034012.parquet,real_data_sample\l2_unseen_validation\trade_date=2026-07-17\exchange=NSE\symbol=SUNPHARMA\part-075444_238711-034012.parquet,34820,downloaded,34820,
2026-07-17,NSE,SUNPHARMA,raw_l2/trade_date=2026-07-17/exchange=NSE/symbol=SUNPHARMA/part-075622_951232-034236.parquet,real_data_sample\l2_unseen_validation\trade_date=2026-07-17\exchange=NSE\symbol=SUNPHARMA\part-075622_951232-034236.parquet,35309,downloaded,35309,
2026-07-17,NSE,SUNPHARMA,raw_l2/trade_date=2026-07-17/exchange=NSE/symbol=SUNPHARMA/part-075458_526488-034044.parquet,real_data_sample\l2_unseen_validation\trade_date=2026-07-17\exchange=NSE\symbol=SUNPHARMA\part-075458_526488-034044.parquet,34848,downloaded,34848,
2026-07-17,NSE,SUNPHARMA,raw_l2/trade_date=2026-07-17/exchange=NSE/symbol=SUNPHARMA/part-075637_229035-034268.parquet,real_data_sample\l2_unseen_validation\trade_date=2026-07-17\exchange=NSE\symbol=SUNPHARMA\part-075637_229035-034268.parquet,34881,downloaded,34881,
2026-07-17,NSE,SUNPHARMA,raw_l2/trade_date=2026-07-17/exchange=NSE/symbol=SUNPHARMA/part-075651_466924-034300.parquet,real_data_sample\l2_unseen_validation\trade_date=2026-07-17\exchange=NSE\symbol=SUNPHARMA\part-075651_466924-034300.parquet,35024,downloaded,35024,
2026-07-17,NSE,SUNPHARMA,raw_l2/trade_date=2026-07-17/exchange=NSE/symbol=SUNPHARMA/part-075705_760324-034332.parquet,real_data_sample\l2_unseen_validation\trade_date=2026-07-17\exchange=NSE\symbol=SUNPHARMA\part-075705_760324-034332.parquet,35159,downloaded,35159,
2026-07-17,NSE,SUNPHARMA,raw_l2/trade_date=2026-07-17/exchange=NSE/symbol=SUNPHARMA/part-075803_084777-034460.parquet,real_data_sample\l2_unseen_validation\trade_date=2026-07-17\exchange=NSE\symbol=SUNPHARMA\part-075803_084777-034460.parquet,35817,downloaded,35817,
2026-07-17,NSE,SUNPHARMA,raw_l2/trade_date=2026-07-17/exchange=NSE/symbol=SUNPHARMA/part-075928_978136-034652.parquet,real_data_sample\l2_unseen_validation\trade_date=2026-07-17\exchange=NSE\symbol=SUNPHARMA\part-075928_978136-034652.parquet,35577,downloaded,35577,
2026-07-17,NSE,SUNPHARMA,raw_l2/trade_date=2026-07-17/exchange=NSE/symbol=SUNPHARMA/part-075719_976040-034364.parquet,real_data_sample\l2_unseen_validation\trade_date=2026-07-17\exchange=NSE\symbol=SUNPHARMA\part-075719_976040-034364.parquet,35239,downloaded,35239,
2026-07-17,NSE,SUNPHARMA,raw_l2/trade_date=2026-07-17/exchange=NSE/symbol=SUNPHARMA/part-075734_530580-034396.parquet,real_data_sample\l2_unseen_validation\trade_date=2026-07-17\exchange=NSE\symbol=SUNPHARMA\part-075734_530580-034396.parquet,35474,downloaded,35474,
2026-07-17,NSE,SUNPHARMA,raw_l2/trade_date=2026-07-17/exchange=NSE/symbol=SUNPHARMA/part-075817_779483-034492.parquet,real_data_sample\l2_unseen_validation\trade_date=2026-07-17\exchange=NSE\symbol=SUNPHARMA\part-075817_779483-034492.parquet,35701,downloaded,35701,
2026-07-17,NSE,SUNPHARMA,raw_l2/trade_date=2026-07-17/exchange=NSE/symbol=SUNPHARMA/part-075914_758694-034620.parquet,real_data_sample\l2_unseen_validation\trade_date=2026-07-17\exchange=NSE\symbol=SUNPHARMA\part-075914_758694-034620.parquet,36109,downloaded,36109,
2026-07-17,NSE,SUNPHARMA,raw_l2/trade_date=2026-07-17/exchange=NSE/symbol=SUNPHARMA/part-075900_467990-034588.parquet,real_data_sample\l2_unseen_validation\trade_date=2026-07-17\exchange=NSE\symbol=SUNPHARMA\part-075900_467990-034588.parquet,36322,downloaded,36322,
2026-07-17,NSE,SUNPHARMA,raw_l2/trade_date=2026-07-17/exchange=NSE/symbol=SUNPHARMA/part-080041_713977-034812.parquet,real_data_sample\l2_unseen_validation\trade_date=2026-07-17\exchange=NSE\symbol=SUNPHARMA\part-080041_713977-034812.parquet,35229,downloaded,35229,
2026-07-17,NSE,SUNPHARMA,raw_l2/trade_date=2026-07-17/exchange=NSE/symbol=SUNPHARMA/part-075831_929042-034524.parquet,real_data_sample\l2_unseen_validation\trade_date=2026-07-17\exchange=NSE\symbol=SUNPHARMA\part-075831_929042-034524.parquet,36268,downloaded,36268,
2026-07-17,NSE,SUNPHARMA,raw_l2/trade_date=2026-07-17/exchange=NSE/symbol=SUNPHARMA/part-075943_330225-034684.parquet,real_data_sample\l2_unseen_validation\trade_date=2026-07-17\exchange=NSE\symbol=SUNPHARMA\part-075943_330225-034684.parquet,35621,downloaded,35621,
2026-07-17,NSE,SUNPHARMA,raw_l2/trade_date=2026-07-17/exchange=NSE/symbol=SUNPHARMA/part-075958_200494-034716.parquet,real_data_sample\l2_unseen_validation\trade_date=2026-07-17\exchange=NSE\symbol=SUNPHARMA\part-075958_200494-034716.parquet,35647,downloaded,35647,
2026-07-17,NSE,SUNPHARMA,raw_l2/trade_date=2026-07-17/exchange=NSE/symbol=SUNPHARMA/part-080027_472540-034780.parquet,real_data_sample\l2_unseen_validation\trade_date=2026-07-17\exchange=NSE\symbol=SUNPHARMA\part-080027_472540-034780.parquet,35325,downloaded,35325,
2026-07-17,NSE,SUNPHARMA,raw_l2/trade_date=2026-07-17/exchange=NSE/symbol=SUNPHARMA/part-080056_243710-034844.parquet,real_data_sample\l2_unseen_validation\trade_date=2026-07-17\exchange=NSE\symbol=SUNPHARMA\part-080056_243710-034844.parquet,35680,downloaded,35680,
2026-07-17,NSE,SUNPHARMA,raw_l2/trade_date=2026-07-17/exchange=NSE/symbol=SUNPHARMA/part-080012_887859-034748.parquet,real_data_sample\l2_unseen_validation\trade_date=2026-07-17\exchange=NSE\symbol=SUNPHARMA\part-080012_887859-034748.parquet,35701,downloaded,35701,
2026-07-17,NSE,SUNPHARMA,raw_l2/trade_date=2026-07-17/exchange=NSE/symbol=SUNPHARMA/part-075846_245080-034556.parquet,real_data_sample\l2_unseen_validation\trade_date=2026-07-17\exchange=NSE\symbol=SUNPHARMA\part-075846_245080-034556.parquet,36347,downloaded,36347,
2026-07-17,NSE,SUNPHARMA,raw_l2/trade_date=2026-07-17/exchange=NSE/symbol=SUNPHARMA/part-080110_487450-034876.parquet,real_data_sample\l2_unseen_validation\trade_date=2026-07-17\exchange=NSE\symbol=SUNPHARMA\part-080110_487450-034876.parquet,35584,downloaded,35584,
2026-07-17,NSE,SUNPHARMA,raw_l2/trade_date=2026-07-17/exchange=NSE/symbol=SUNPHARMA/part-075748_759418-034428.parquet,real_data_sample\l2_unseen_validation\trade_date=2026-07-17\exchange=NSE\symbol=SUNPHARMA\part-075748_759418-034428.parquet,35938,downloaded,35938,
2026-07-17,NSE,SUNPHARMA,raw_l2/trade_date=2026-07-17/exchange=NSE/symbol=SUNPHARMA/part-080153_442776-034972.parquet,real_data_sample\l2_unseen_validation\trade_date=2026-07-17\exchange=NSE\symbol=SUNPHARMA\part-080153_442776-034972.parquet,34931,downloaded,34931,
2026-07-17,NSE,SUNPHARMA,raw_l2/trade_date=2026-07-17/exchange=NSE/symbol=SUNPHARMA/part-080124_683101-034908.parquet,real_data_sample\l2_unseen_validation\trade_date=2026-07-17\exchange=NSE\symbol=SUNPHARMA\part-080124_683101-034908.parquet,35100,downloaded,35100,
2026-07-17,NSE,SUNPHARMA,raw_l2/trade_date=2026-07-17/exchange=NSE/symbol=SUNPHARMA/part-080138_964820-034940.parquet,real_data_sample\l2_unseen_validation\trade_date=2026-07-17\exchange=NSE\symbol=SUNPHARMA\part-080138_964820-034940.parquet,34637,downloaded,34637,
2026-07-17,NSE,SUNPHARMA,raw_l2/trade_date=2026-07-17/exchange=NSE/symbol=SUNPHARMA/part-080349_004100-035228.parquet,real_data_sample\l2_unseen_validation\trade_date=2026-07-17\exchange=NSE\symbol=SUNPHARMA\part-080349_004100-035228.parquet,34896,downloaded,34896,
2026-07-17,NSE,SUNPHARMA,raw_l2/trade_date=2026-07-17/exchange=NSE/symbol=SUNPHARMA/part-080334_133572-035196.parquet,real_data_sample\l2_unseen_validation\trade_date=2026-07-17\exchange=NSE\symbol=SUNPHARMA\part-080334_133572-035196.parquet,35050,downloaded,35050,
2026-07-17,NSE,SUNPHARMA,raw_l2/trade_date=2026-07-17/exchange=NSE/symbol=SUNPHARMA/part-080403_761806-035260.parquet,real_data_sample\l2_unseen_validation\trade_date=2026-07-17\exchange=NSE\symbol=SUNPHARMA\part-080403_761806-035260.parquet,34847,downloaded,34847,
2026-07-17,NSE,SUNPHARMA,raw_l2/trade_date=2026-07-17/exchange=NSE/symbol=SUNPHARMA/part-080221_867967-035036.parquet,real_data_sample\l2_unseen_validation\trade_date=2026-07-17\exchange=NSE\symbol=SUNPHARMA\part-080221_867967-035036.parquet,35692,downloaded,35692,
2026-07-17,NSE,SUNPHARMA,raw_l2/trade_date=2026-07-17/exchange=NSE/symbol=SUNPHARMA/part-080319_784898-035164.parquet,real_data_sample\l2_unseen_validation\trade_date=2026-07-17\exchange=NSE\symbol=SUNPHARMA\part-080319_784898-035164.parquet,35234,downloaded,35234,
2026-07-17,NSE,SUNPHARMA,raw_l2/trade_date=2026-07-17/exchange=NSE/symbol=SUNPHARMA/part-080305_501098-035132.parquet,real_data_sample\l2_unseen_validation\trade_date=2026-07-17\exchange=NSE\symbol=SUNPHARMA\part-080305_501098-035132.parquet,35374,downloaded,35374,
2026-07-17,NSE,SUNPHARMA,raw_l2/trade_date=2026-07-17/exchange=NSE/symbol=SUNPHARMA/part-080236_830531-035068.parquet,real_data_sample\l2_unseen_validation\trade_date=2026-07-17\exchange=NSE\symbol=SUNPHARMA\part-080236_830531-035068.parquet,35662,downloaded,35662,
2026-07-17,NSE,SUNPHARMA,raw_l2/trade_date=2026-07-17/exchange=NSE/symbol=SUNPHARMA/part-080251_313843-035100.parquet,real_data_sample\l2_unseen_validation\trade_date=2026-07-17\exchange=NSE\symbol=SUNPHARMA\part-080251_313843-035100.parquet,35657,downloaded,35657,
2026-07-17,NSE,SUNPHARMA,raw_l2/trade_date=2026-07-17/exchange=NSE/symbol=SUNPHARMA/part-080417_882880-035292.parquet,real_data_sample\l2_unseen_validation\trade_date=2026-07-17\exchange=NSE\symbol=SUNPHARMA\part-080417_882880-035292.parquet,35054,downloaded,35054,
2026-07-17,NSE,SUNPHARMA,raw_l2/trade_date=2026-07-17/exchange=NSE/symbol=SUNPHARMA/part-080435_005649-035324.parquet,real_data_sample\l2_unseen_validation\trade_date=2026-07-17\exchange=NSE\symbol=SUNPHARMA\part-080435_005649-035324.parquet,35439,downloaded,35439,
2026-07-17,NSE,SUNPHARMA,raw_l2/trade_date=2026-07-17/exchange=NSE/symbol=SUNPHARMA/part-080504_137245-035388.parquet,real_data_sample\l2_unseen_validation\trade_date=2026-07-17\exchange=NSE\symbol=SUNPHARMA\part-080504_137245-035388.parquet,35399,downloaded,35399,
2026-07-17,NSE,SUNPHARMA,raw_l2/trade_date=2026-07-17/exchange=NSE/symbol=SUNPHARMA/part-080449_672578-035356.parquet,real_data_sample\l2_unseen_validation\trade_date=2026-07-17\exchange=NSE\symbol=SUNPHARMA\part-080449_672578-035356.parquet,35755,downloaded,35755,
2026-07-17,NSE,SUNPHARMA,raw_l2/trade_date=2026-07-17/exchange=NSE/symbol=SUNPHARMA/part-080518_620655-035420.parquet,real_data_sample\l2_unseen_validation\trade_date=2026-07-17\exchange=NSE\symbol=SUNPHARMA\part-080518_620655-035420.parquet,35247,downloaded,35247,
2026-07-17,NSE,SUNPHARMA,raw_l2/trade_date=2026-07-17/exchange=NSE/symbol=SUNPHARMA/part-080547_787819-035484.parquet,real_data_sample\l2_unseen_validation\trade_date=2026-07-17\exchange=NSE\symbol=SUNPHARMA\part-080547_787819-035484.parquet,34869,downloaded,34869,
2026-07-17,NSE,SUNPHARMA,raw_l2/trade_date=2026-07-17/exchange=NSE/symbol=SUNPHARMA/part-080533_655447-035452.parquet,real_data_sample\l2_unseen_validation\trade_date=2026-07-17\exchange=NSE\symbol=SUNPHARMA\part-080533_655447-035452.parquet,34855,downloaded,34855,
2026-07-17,NSE,SUNPHARMA,raw_l2/trade_date=2026-07-17/exchange=NSE/symbol=SUNPHARMA/part-080601_994257-035516.parquet,real_data_sample\l2_unseen_validation\trade_date=2026-07-17\exchange=NSE\symbol=SUNPHARMA\part-080601_994257-035516.parquet,34590,downloaded,34590,
2026-07-17,NSE,SUNPHARMA,raw_l2/trade_date=2026-07-17/exchange=NSE/symbol=SUNPHARMA/part-080630_752532-035580.parquet,real_data_sample\l2_unseen_validation\trade_date=2026-07-17\exchange=NSE\symbol=SUNPHARMA\part-080630_752532-035580.parquet,34489,downloaded,34489,
2026-07-17,NSE,SUNPHARMA,raw_l2/trade_date=2026-07-17/exchange=NSE/symbol=SUNPHARMA/part-080645_050865-035612.parquet,real_data_sample\l2_unseen_validation\trade_date=2026-07-17\exchange=NSE\symbol=SUNPHARMA\part-080645_050865-035612.parquet,34975,downloaded,34975,
2026-07-17,NSE,SUNPHARMA,raw_l2/trade_date=2026-07-17/exchange=NSE/symbol=SUNPHARMA/part-080616_209754-035548.parquet,real_data_sample\l2_unseen_validation\trade_date=2026-07-17\exchange=NSE\symbol=SUNPHARMA\part-080616_209754-035548.parquet,34728,downloaded,34728,
2026-07-17,NSE,SUNPHARMA,raw_l2/trade_date=2026-07-17/exchange=NSE/symbol=SUNPHARMA/part-080728_528897-035708.parquet,real_data_sample\l2_unseen_validation\trade_date=2026-07-17\exchange=NSE\symbol=SUNPHARMA\part-080728_528897-035708.parquet,34740,downloaded,34740,
2026-07-17,NSE,SUNPHARMA,raw_l2/trade_date=2026-07-17/exchange=NSE/symbol=SUNPHARMA/part-080659_511902-035644.parquet,real_data_sample\l2_unseen_validation\trade_date=2026-07-17\exchange=NSE\symbol=SUNPHARMA\part-080659_511902-035644.parquet,34804,downloaded,34804,
2026-07-17,NSE,SUNPHARMA,raw_l2/trade_date=2026-07-17/exchange=NSE/symbol=SUNPHARMA/part-080757_885738-035772.parquet,real_data_sample\l2_unseen_validation\trade_date=2026-07-17\exchange=NSE\symbol=SUNPHARMA\part-080757_885738-035772.parquet,35046,downloaded,35046,
2026-07-17,NSE,SUNPHARMA,raw_l2/trade_date=2026-07-17/exchange=NSE/symbol=SUNPHARMA/part-080743_155686-035740.parquet,real_data_sample\l2_unseen_validation\trade_date=2026-07-17\exchange=NSE\symbol=SUNPHARMA\part-080743_155686-035740.parquet,34696,downloaded,34696,
2026-07-17,NSE,SUNPHARMA,raw_l2/trade_date=2026-07-17/exchange=NSE/symbol=SUNPHARMA/part-080714_325929-035676.parquet,real_data_sample\l2_unseen_validation\trade_date=2026-07-17\exchange=NSE\symbol=SUNPHARMA\part-080714_325929-035676.parquet,34723,downloaded,34723,
2026-07-17,NSE,SUNPHARMA,raw_l2/trade_date=2026-07-17/exchange=NSE/symbol=SUNPHARMA/part-080841_578305-035868.parquet,real_data_sample\l2_unseen_validation\trade_date=2026-07-17\exchange=NSE\symbol=SUNPHARMA\part-080841_578305-035868.parquet,36057,downloaded,36057,
2026-07-17,NSE,SUNPHARMA,raw_l2/trade_date=2026-07-17/exchange=NSE/symbol=SUNPHARMA/part-080826_889535-035836.parquet,real_data_sample\l2_unseen_validation\trade_date=2026-07-17\exchange=NSE\symbol=SUNPHARMA\part-080826_889535-035836.parquet,35565,downloaded,35565,
2026-07-17,NSE,SUNPHARMA,raw_l2/trade_date=2026-07-17/exchange=NSE/symbol=SUNPHARMA/part-080812_589228-035804.parquet,real_data_sample\l2_unseen_validation\trade_date=2026-07-17\exchange=NSE\symbol=SUNPHARMA\part-080812_589228-035804.parquet,35222,downloaded,35222,
2026-07-17,NSE,SUNPHARMA,raw_l2/trade_date=2026-07-17/exchange=NSE/symbol=SUNPHARMA/part-080856_328187-035900.parquet,real_data_sample\l2_unseen_validation\trade_date=2026-07-17\exchange=NSE\symbol=SUNPHARMA\part-080856_328187-035900.parquet,35730,downloaded,35730,
2026-07-17,NSE,SUNPHARMA,raw_l2/trade_date=2026-07-17/exchange=NSE/symbol=SUNPHARMA/part-080910_806843-035932.parquet,real_data_sample\l2_unseen_validation\trade_date=2026-07-17\exchange=NSE\symbol=SUNPHARMA\part-080910_806843-035932.parquet,36008,downloaded,36008,
2026-07-17,NSE,SUNPHARMA,raw_l2/trade_date=2026-07-17/exchange=NSE/symbol=SUNPHARMA/part-080207_809209-035004.parquet,real_data_sample\l2_unseen_validation\trade_date=2026-07-17\exchange=NSE\symbol=SUNPHARMA\part-080207_809209-035004.parquet,34981,downloaded,34981,
2026-07-17,NSE,SUNPHARMA,raw_l2/trade_date=2026-07-17/exchange=NSE/symbol=SUNPHARMA/part-081107_896385-036188.parquet,real_data_sample\l2_unseen_validation\trade_date=2026-07-17\exchange=NSE\symbol=SUNPHARMA\part-081107_896385-036188.parquet,36374,downloaded,36374,
2026-07-17,NSE,SUNPHARMA,raw_l2/trade_date=2026-07-17/exchange=NSE/symbol=SUNPHARMA/part-080955_053558-036028.parquet,real_data_sample\l2_unseen_validation\trade_date=2026-07-17\exchange=NSE\symbol=SUNPHARMA\part-080955_053558-036028.parquet,36494,downloaded,36494,
2026-07-17,NSE,SUNPHARMA,raw_l2/trade_date=2026-07-17/exchange=NSE/symbol=SUNPHARMA/part-080925_961792-035964.parquet,real_data_sample\l2_unseen_validation\trade_date=2026-07-17\exchange=NSE\symbol=SUNPHARMA\part-080925_961792-035964.parquet,35829,downloaded,35829,
2026-07-17,NSE,SUNPHARMA,raw_l2/trade_date=2026-07-17/exchange=NSE/symbol=SUNPHARMA/part-081039_659811-036124.parquet,real_data_sample\l2_unseen_validation\trade_date=2026-07-17\exchange=NSE\symbol=SUNPHARMA\part-081039_659811-036124.parquet,36139,downloaded,36139,
2026-07-17,NSE,SUNPHARMA,raw_l2/trade_date=2026-07-17/exchange=NSE/symbol=SUNPHARMA/part-081025_261268-036092.parquet,real_data_sample\l2_unseen_validation\trade_date=2026-07-17\exchange=NSE\symbol=SUNPHARMA\part-081025_261268-036092.parquet,36425,downloaded,36425,
2026-07-17,NSE,SUNPHARMA,raw_l2/trade_date=2026-07-17/exchange=NSE/symbol=SUNPHARMA/part-080940_541247-035996.parquet,real_data_sample\l2_unseen_validation\trade_date=2026-07-17\exchange=NSE\symbol=SUNPHARMA\part-080940_541247-035996.parquet,36112,downloaded,36112,
2026-07-17,NSE,SUNPHARMA,raw_l2/trade_date=2026-07-17/exchange=NSE/symbol=SUNPHARMA/part-081010_220605-036060.parquet,real_data_sample\l2_unseen_validation\trade_date=2026-07-17\exchange=NSE\symbol=SUNPHARMA\part-081010_220605-036060.parquet,36152,downloaded,36152,
2026-07-17,NSE,SUNPHARMA,raw_l2/trade_date=2026-07-17/exchange=NSE/symbol=SUNPHARMA/part-081053_820873-036156.parquet,real_data_sample\l2_unseen_validation\trade_date=2026-07-17\exchange=NSE\symbol=SUNPHARMA\part-081053_820873-036156.parquet,36274,downloaded,36274,
2026-07-17,NSE,SUNPHARMA,raw_l2/trade_date=2026-07-17/exchange=NSE/symbol=SUNPHARMA/part-081136_026020-036252.parquet,real_data_sample\l2_unseen_validation\trade_date=2026-07-17\exchange=NSE\symbol=SUNPHARMA\part-081136_026020-036252.parquet,35926,downloaded,35926,
2026-07-17,NSE,SUNPHARMA,raw_l2/trade_date=2026-07-17/exchange=NSE/symbol=SUNPHARMA/part-081122_022725-036220.parquet,real_data_sample\l2_unseen_validation\trade_date=2026-07-17\exchange=NSE\symbol=SUNPHARMA\part-081122_022725-036220.parquet,36110,downloaded,36110,
2026-07-17,NSE,SUNPHARMA,raw_l2/trade_date=2026-07-17/exchange=NSE/symbol=SUNPHARMA/part-081150_215918-036284.parquet,real_data_sample\l2_unseen_validation\trade_date=2026-07-17\exchange=NSE\symbol=SUNPHARMA\part-081150_215918-036284.parquet,36029,downloaded,36029,
2026-07-17,NSE,SUNPHARMA,raw_l2/trade_date=2026-07-17/exchange=NSE/symbol=SUNPHARMA/part-081204_419750-036316.parquet,real_data_sample\l2_unseen_validation\trade_date=2026-07-17\exchange=NSE\symbol=SUNPHARMA\part-081204_419750-036316.parquet,35493,downloaded,35493,
2026-07-17,NSE,SUNPHARMA,raw_l2/trade_date=2026-07-17/exchange=NSE/symbol=SUNPHARMA/part-081218_418081-036348.parquet,real_data_sample\l2_unseen_validation\trade_date=2026-07-17\exchange=NSE\symbol=SUNPHARMA\part-081218_418081-036348.parquet,36177,downloaded,36177,
2026-07-17,NSE,SUNPHARMA,raw_l2/trade_date=2026-07-17/exchange=NSE/symbol=SUNPHARMA/part-081509_897318-036732.parquet,real_data_sample\l2_unseen_validation\trade_date=2026-07-17\exchange=NSE\symbol=SUNPHARMA\part-081509_897318-036732.parquet,34664,downloaded,34664,
2026-07-17,NSE,SUNPHARMA,raw_l2/trade_date=2026-07-17/exchange=NSE/symbol=SUNPHARMA/part-081427_629388-036636.parquet,real_data_sample\l2_unseen_validation\trade_date=2026-07-17\exchange=NSE\symbol=SUNPHARMA\part-081427_629388-036636.parquet,34904,downloaded,34904,
2026-07-17,NSE,SUNPHARMA,raw_l2/trade_date=2026-07-17/exchange=NSE/symbol=SUNPHARMA/part-081538_078449-036796.parquet,real_data_sample\l2_unseen_validation\trade_date=2026-07-17\exchange=NSE\symbol=SUNPHARMA\part-081538_078449-036796.parquet,35922,downloaded,35922,
2026-07-17,NSE,SUNPHARMA,raw_l2/trade_date=2026-07-17/exchange=NSE/symbol=SUNPHARMA/part-081634_065127-036924.parquet,real_data_sample\l2_unseen_validation\trade_date=2026-07-17\exchange=NSE\symbol=SUNPHARMA\part-081634_065127-036924.parquet,35464,downloaded,35464,
2026-07-17,NSE,SUNPHARMA,raw_l2/trade_date=2026-07-17/exchange=NSE/symbol=SUNPHARMA/part-081316_602859-036476.parquet,real_data_sample\l2_unseen_validation\trade_date=2026-07-17\exchange=NSE\symbol=SUNPHARMA\part-081316_602859-036476.parquet,35874,downloaded,35874,
2026-07-17,NSE,SUNPHARMA,raw_l2/trade_date=2026-07-17/exchange=NSE/symbol=SUNPHARMA/part-081302_072016-036444.parquet,real_data_sample\l2_unseen_validation\trade_date=2026-07-17\exchange=NSE\symbol=SUNPHARMA\part-081302_072016-036444.parquet,35786,downloaded,35786,
2026-07-17,NSE,SUNPHARMA,raw_l2/trade_date=2026-07-17/exchange=NSE/symbol=SUNPHARMA/part-081247_171799-036412.parquet,real_data_sample\l2_unseen_validation\trade_date=2026-07-17\exchange=NSE\symbol=SUNPHARMA\part-081247_171799-036412.parquet,35759,downloaded,35759,
2026-07-17,NSE,SUNPHARMA,raw_l2/trade_date=2026-07-17/exchange=NSE/symbol=SUNPHARMA/part-081232_782237-036380.parquet,real_data_sample\l2_unseen_validation\trade_date=2026-07-17\exchange=NSE\symbol=SUNPHARMA\part-081232_782237-036380.parquet,35946,downloaded,35946,
2026-07-17,NSE,SUNPHARMA,raw_l2/trade_date=2026-07-17/exchange=NSE/symbol=SUNPHARMA/part-081524_130454-036764.parquet,real_data_sample\l2_unseen_validation\trade_date=2026-07-17\exchange=NSE\symbol=SUNPHARMA\part-081524_130454-036764.parquet,35353,downloaded,35353,
2026-07-17,NSE,SUNPHARMA,raw_l2/trade_date=2026-07-17/exchange=NSE/symbol=SUNPHARMA/part-081344_852452-036540.parquet,real_data_sample\l2_unseen_validation\trade_date=2026-07-17\exchange=NSE\symbol=SUNPHARMA\part-081344_852452-036540.parquet,35808,downloaded,35808,
2026-07-17,NSE,SUNPHARMA,raw_l2/trade_date=2026-07-17/exchange=NSE/symbol=SUNPHARMA/part-081359_230605-036572.parquet,real_data_sample\l2_unseen_validation\trade_date=2026-07-17\exchange=NSE\symbol=SUNPHARMA\part-081359_230605-036572.parquet,35316,downloaded,35316,
2026-07-17,NSE,SUNPHARMA,raw_l2/trade_date=2026-07-17/exchange=NSE/symbol=SUNPHARMA/part-081620_003850-036892.parquet,real_data_sample\l2_unseen_validation\trade_date=2026-07-17\exchange=NSE\symbol=SUNPHARMA\part-081620_003850-036892.parquet,36338,downloaded,36338,
2026-07-17,NSE,SUNPHARMA,raw_l2/trade_date=2026-07-17/exchange=NSE/symbol=SUNPHARMA/part-081413_505004-036604.parquet,real_data_sample\l2_unseen_validation\trade_date=2026-07-17\exchange=NSE\symbol=SUNPHARMA\part-081413_505004-036604.parquet,35642,downloaded,35642,
2026-07-17,NSE,SUNPHARMA,raw_l2/trade_date=2026-07-17/exchange=NSE/symbol=SUNPHARMA/part-081330_678861-036508.parquet,real_data_sample\l2_unseen_validation\trade_date=2026-07-17\exchange=NSE\symbol=SUNPHARMA\part-081330_678861-036508.parquet,35244,downloaded,35244,
2026-07-17,NSE,SUNPHARMA,raw_l2/trade_date=2026-07-17/exchange=NSE/symbol=SUNPHARMA/part-081552_003951-036828.parquet,real_data_sample\l2_unseen_validation\trade_date=2026-07-17\exchange=NSE\symbol=SUNPHARMA\part-081552_003951-036828.parquet,35919,downloaded,35919,
2026-07-17,NSE,SUNPHARMA,raw_l2/trade_date=2026-07-17/exchange=NSE/symbol=SUNPHARMA/part-081716_621887-037020.parquet,real_data_sample\l2_unseen_validation\trade_date=2026-07-17\exchange=NSE\symbol=SUNPHARMA\part-081716_621887-037020.parquet,36203,downloaded,36203,
2026-07-17,NSE,SUNPHARMA,raw_l2/trade_date=2026-07-17/exchange=NSE/symbol=SUNPHARMA/part-081441_858251-036668.parquet,real_data_sample\l2_unseen_validation\trade_date=2026-07-17\exchange=NSE\symbol=SUNPHARMA\part-081441_858251-036668.parquet,34783,downloaded,34783,
2026-07-17,NSE,SUNPHARMA,raw_l2/trade_date=2026-07-17/exchange=NSE/symbol=SUNPHARMA/part-081759_855660-037116.parquet,real_data_sample\l2_unseen_validation\trade_date=2026-07-17\exchange=NSE\symbol=SUNPHARMA\part-081759_855660-037116.parquet,35192,downloaded,35192,
2026-07-17,NSE,SUNPHARMA,raw_l2/trade_date=2026-07-17/exchange=NSE/symbol=SUNPHARMA/part-081702_359642-036988.parquet,real_data_sample\l2_unseen_validation\trade_date=2026-07-17\exchange=NSE\symbol=SUNPHARMA\part-081702_359642-036988.parquet,35923,downloaded,35923,
2026-07-17,NSE,SUNPHARMA,raw_l2/trade_date=2026-07-17/exchange=NSE/symbol=SUNPHARMA/part-081606_087860-036860.parquet,real_data_sample\l2_unseen_validation\trade_date=2026-07-17\exchange=NSE\symbol=SUNPHARMA\part-081606_087860-036860.parquet,35630,downloaded,35630,
2026-07-17,NSE,SUNPHARMA,raw_l2/trade_date=2026-07-17/exchange=NSE/symbol=SUNPHARMA/part-081731_506564-037052.parquet,real_data_sample\l2_unseen_validation\trade_date=2026-07-17\exchange=NSE\symbol=SUNPHARMA\part-081731_506564-037052.parquet,35625,downloaded,35625,
2026-07-17,NSE,SUNPHARMA,raw_l2/trade_date=2026-07-17/exchange=NSE/symbol=SUNPHARMA/part-081745_814652-037084.parquet,real_data_sample\l2_unseen_validation\trade_date=2026-07-17\exchange=NSE\symbol=SUNPHARMA\part-081745_814652-037084.parquet,35669,downloaded,35669,
2026-07-17,NSE,SUNPHARMA,raw_l2/trade_date=2026-07-17/exchange=NSE/symbol=SUNPHARMA/part-081814_429483-037148.parquet,real_data_sample\l2_unseen_validation\trade_date=2026-07-17\exchange=NSE\symbol=SUNPHARMA\part-081814_429483-037148.parquet,35585,downloaded,35585,
2026-07-17,NSE,SUNPHARMA,raw_l2/trade_date=2026-07-17/exchange=NSE/symbol=SUNPHARMA/part-081911_385257-037276.parquet,real_data_sample\l2_unseen_validation\trade_date=2026-07-17\exchange=NSE\symbol=SUNPHARMA\part-081911_385257-037276.parquet,35620,downloaded,35620,
2026-07-17,NSE,SUNPHARMA,raw_l2/trade_date=2026-07-17/exchange=NSE/symbol=SUNPHARMA/part-081828_697967-037180.parquet,real_data_sample\l2_unseen_validation\trade_date=2026-07-17\exchange=NSE\symbol=SUNPHARMA\part-081828_697967-037180.parquet,35865,downloaded,35865,
2026-07-17,NSE,SUNPHARMA,raw_l2/trade_date=2026-07-17/exchange=NSE/symbol=SUNPHARMA/part-081940_177677-037340.parquet,real_data_sample\l2_unseen_validation\trade_date=2026-07-17\exchange=NSE\symbol=SUNPHARMA\part-081940_177677-037340.parquet,36338,downloaded,36338,
2026-07-17,NSE,SUNPHARMA,raw_l2/trade_date=2026-07-17/exchange=NSE/symbol=SUNPHARMA/part-081925_820722-037308.parquet,real_data_sample\l2_unseen_validation\trade_date=2026-07-17\exchange=NSE\symbol=SUNPHARMA\part-081925_820722-037308.parquet,35656,downloaded,35656,
2026-07-17,NSE,SUNPHARMA,raw_l2/trade_date=2026-07-17/exchange=NSE/symbol=SUNPHARMA/part-081843_361897-037212.parquet,real_data_sample\l2_unseen_validation\trade_date=2026-07-17\exchange=NSE\symbol=SUNPHARMA\part-081843_361897-037212.parquet,35861,downloaded,35861,
2026-07-17,NSE,SUNPHARMA,raw_l2/trade_date=2026-07-17/exchange=NSE/symbol=SUNPHARMA/part-081954_319878-037372.parquet,real_data_sample\l2_unseen_validation\trade_date=2026-07-17\exchange=NSE\symbol=SUNPHARMA\part-081954_319878-037372.parquet,35618,downloaded,35618,
2026-07-17,NSE,SUNPHARMA,raw_l2/trade_date=2026-07-17/exchange=NSE/symbol=SUNPHARMA/part-081857_358380-037244.parquet,real_data_sample\l2_unseen_validation\trade_date=2026-07-17\exchange=NSE\symbol=SUNPHARMA\part-081857_358380-037244.parquet,35373,downloaded,35373,
2026-07-17,NSE,SUNPHARMA,raw_l2/trade_date=2026-07-17/exchange=NSE/symbol=SUNPHARMA/part-082052_477255-037500.parquet,real_data_sample\l2_unseen_validation\trade_date=2026-07-17\exchange=NSE\symbol=SUNPHARMA\part-082052_477255-037500.parquet,35729,downloaded,35729,
2026-07-17,NSE,SUNPHARMA,raw_l2/trade_date=2026-07-17/exchange=NSE/symbol=SUNPHARMA/part-082106_941620-037532.parquet,real_data_sample\l2_unseen_validation\trade_date=2026-07-17\exchange=NSE\symbol=SUNPHARMA\part-082106_941620-037532.parquet,35880,downloaded,35880,
2026-07-17,NSE,SUNPHARMA,raw_l2/trade_date=2026-07-17/exchange=NSE/symbol=SUNPHARMA/part-082022_799390-037436.parquet,real_data_sample\l2_unseen_validation\trade_date=2026-07-17\exchange=NSE\symbol=SUNPHARMA\part-082022_799390-037436.parquet,36320,downloaded,36320,
2026-07-17,NSE,SUNPHARMA,raw_l2/trade_date=2026-07-17/exchange=NSE/symbol=SUNPHARMA/part-082008_388999-037404.parquet,real_data_sample\l2_unseen_validation\trade_date=2026-07-17\exchange=NSE\symbol=SUNPHARMA\part-082008_388999-037404.parquet,35944,downloaded,35944,
2026-07-17,NSE,SUNPHARMA,raw_l2/trade_date=2026-07-17/exchange=NSE/symbol=SUNPHARMA/part-081455_730093-036700.parquet,real_data_sample\l2_unseen_validation\trade_date=2026-07-17\exchange=NSE\symbol=SUNPHARMA\part-081455_730093-036700.parquet,34818,downloaded,34818,
2026-07-17,NSE,SUNPHARMA,raw_l2/trade_date=2026-07-17/exchange=NSE/symbol=SUNPHARMA/part-081648_205052-036956.parquet,real_data_sample\l2_unseen_validation\trade_date=2026-07-17\exchange=NSE\symbol=SUNPHARMA\part-081648_205052-036956.parquet,35934,downloaded,35934,
2026-07-17,NSE,SUNPHARMA,raw_l2/trade_date=2026-07-17/exchange=NSE/symbol=SUNPHARMA/part-082217_975298-037692.parquet,real_data_sample\l2_unseen_validation\trade_date=2026-07-17\exchange=NSE\symbol=SUNPHARMA\part-082217_975298-037692.parquet,35857,downloaded,35857,
2026-07-17,NSE,SUNPHARMA,raw_l2/trade_date=2026-07-17/exchange=NSE/symbol=SUNPHARMA/part-082605_212341-038204.parquet,real_data_sample\l2_unseen_validation\trade_date=2026-07-17\exchange=NSE\symbol=SUNPHARMA\part-082605_212341-038204.parquet,35429,downloaded,35429,
2026-07-17,NSE,SUNPHARMA,raw_l2/trade_date=2026-07-17/exchange=NSE/symbol=SUNPHARMA/part-082550_841303-038172.parquet,real_data_sample\l2_unseen_validation\trade_date=2026-07-17\exchange=NSE\symbol=SUNPHARMA\part-082550_841303-038172.parquet,36023,downloaded,36023,
2026-07-17,NSE,SUNPHARMA,raw_l2/trade_date=2026-07-17/exchange=NSE/symbol=SUNPHARMA/part-082536_279915-038140.parquet,real_data_sample\l2_unseen_validation\trade_date=2026-07-17\exchange=NSE\symbol=SUNPHARMA\part-082536_279915-038140.parquet,36027,downloaded,36027,
2026-07-17,NSE,SUNPHARMA,raw_l2/trade_date=2026-07-17/exchange=NSE/symbol=SUNPHARMA/part-082425_634882-037980.parquet,real_data_sample\l2_unseen_validation\trade_date=2026-07-17\exchange=NSE\symbol=SUNPHARMA\part-082425_634882-037980.parquet,34781,downloaded,34781,
2026-07-17,NSE,SUNPHARMA,raw_l2/trade_date=2026-07-17/exchange=NSE/symbol=SUNPHARMA/part-082411_492578-037948.parquet,real_data_sample\l2_unseen_validation\trade_date=2026-07-17\exchange=NSE\symbol=SUNPHARMA\part-082411_492578-037948.parquet,34978,downloaded,34978,
2026-07-17,NSE,SUNPHARMA,raw_l2/trade_date=2026-07-17/exchange=NSE/symbol=SUNPHARMA/part-082648_142713-038300.parquet,real_data_sample\l2_unseen_validation\trade_date=2026-07-17\exchange=NSE\symbol=SUNPHARMA\part-082648_142713-038300.parquet,35879,downloaded,35879,
2026-07-17,NSE,SUNPHARMA,raw_l2/trade_date=2026-07-17/exchange=NSE/symbol=SUNPHARMA/part-082343_231728-037884.parquet,real_data_sample\l2_unseen_validation\trade_date=2026-07-17\exchange=NSE\symbol=SUNPHARMA\part-082343_231728-037884.parquet,34872,downloaded,34872,
2026-07-17,NSE,SUNPHARMA,raw_l2/trade_date=2026-07-17/exchange=NSE/symbol=SUNPHARMA/part-082357_342257-037916.parquet,real_data_sample\l2_unseen_validation\trade_date=2026-07-17\exchange=NSE\symbol=SUNPHARMA\part-082357_342257-037916.parquet,34883,downloaded,34883,
2026-07-17,NSE,SUNPHARMA,raw_l2/trade_date=2026-07-17/exchange=NSE/symbol=SUNPHARMA/part-082329_212269-037852.parquet,real_data_sample\l2_unseen_validation\trade_date=2026-07-17\exchange=NSE\symbol=SUNPHARMA\part-082329_212269-037852.parquet,34683,downloaded,34683,
2026-07-17,NSE,SUNPHARMA,raw_l2/trade_date=2026-07-17/exchange=NSE/symbol=SUNPHARMA/part-082203_928497-037660.parquet,real_data_sample\l2_unseen_validation\trade_date=2026-07-17\exchange=NSE\symbol=SUNPHARMA\part-082203_928497-037660.parquet,36124,downloaded,36124,
2026-07-17,NSE,SUNPHARMA,raw_l2/trade_date=2026-07-17/exchange=NSE/symbol=SUNPHARMA/part-082232_150719-037724.parquet,real_data_sample\l2_unseen_validation\trade_date=2026-07-17\exchange=NSE\symbol=SUNPHARMA\part-082232_150719-037724.parquet,35363,downloaded,35363,
2026-07-17,NSE,SUNPHARMA,raw_l2/trade_date=2026-07-17/exchange=NSE/symbol=SUNPHARMA/part-082619_461685-038236.parquet,real_data_sample\l2_unseen_validation\trade_date=2026-07-17\exchange=NSE\symbol=SUNPHARMA\part-082619_461685-038236.parquet,35822,downloaded,35822,
2026-07-17,NSE,SUNPHARMA,raw_l2/trade_date=2026-07-17/exchange=NSE/symbol=SUNPHARMA/part-082246_302279-037756.parquet,real_data_sample\l2_unseen_validation\trade_date=2026-07-17\exchange=NSE\symbol=SUNPHARMA\part-082246_302279-037756.parquet,36025,downloaded,36025,
2026-07-17,NSE,SUNPHARMA,raw_l2/trade_date=2026-07-17/exchange=NSE/symbol=SUNPHARMA/part-082315_104443-037820.parquet,real_data_sample\l2_unseen_validation\trade_date=2026-07-17\exchange=NSE\symbol=SUNPHARMA\part-082315_104443-037820.parquet,36076,downloaded,36076,
2026-07-17,NSE,SUNPHARMA,raw_l2/trade_date=2026-07-17/exchange=NSE/symbol=SUNPHARMA/part-082300_488331-037788.parquet,real_data_sample\l2_unseen_validation\trade_date=2026-07-17\exchange=NSE\symbol=SUNPHARMA\part-082300_488331-037788.parquet,35529,downloaded,35529,
2026-07-17,NSE,SUNPHARMA,raw_l2/trade_date=2026-07-17/exchange=NSE/symbol=SUNPHARMA/part-082702_224667-038332.parquet,real_data_sample\l2_unseen_validation\trade_date=2026-07-17\exchange=NSE\symbol=SUNPHARMA\part-082702_224667-038332.parquet,35480,downloaded,35480,
2026-07-17,NSE,SUNPHARMA,raw_l2/trade_date=2026-07-17/exchange=NSE/symbol=SUNPHARMA/part-082453_814009-038044.parquet,real_data_sample\l2_unseen_validation\trade_date=2026-07-17\exchange=NSE\symbol=SUNPHARMA\part-082453_814009-038044.parquet,35042,downloaded,35042,
2026-07-17,NSE,SUNPHARMA,raw_l2/trade_date=2026-07-17/exchange=NSE/symbol=SUNPHARMA/part-082522_003569-038108.parquet,real_data_sample\l2_unseen_validation\trade_date=2026-07-17\exchange=NSE\symbol=SUNPHARMA\part-082522_003569-038108.parquet,35279,downloaded,35279,
2026-07-17,NSE,SUNPHARMA,raw_l2/trade_date=2026-07-17/exchange=NSE/symbol=SUNPHARMA/part-082507_875258-038076.parquet,real_data_sample\l2_unseen_validation\trade_date=2026-07-17\exchange=NSE\symbol=SUNPHARMA\part-082507_875258-038076.parquet,34874,downloaded,34874,
2026-07-17,NSE,SUNPHARMA,raw_l2/trade_date=2026-07-17/exchange=NSE/symbol=SUNPHARMA/part-082634_056331-038268.parquet,real_data_sample\l2_unseen_validation\trade_date=2026-07-17\exchange=NSE\symbol=SUNPHARMA\part-082634_056331-038268.parquet,35925,downloaded,35925,
2026-07-17,NSE,SUNPHARMA,raw_l2/trade_date=2026-07-17/exchange=NSE/symbol=SUNPHARMA/part-082439_644795-038012.parquet,real_data_sample\l2_unseen_validation\trade_date=2026-07-17\exchange=NSE\symbol=SUNPHARMA\part-082439_644795-038012.parquet,34864,downloaded,34864,
2026-07-17,NSE,SUNPHARMA,raw_l2/trade_date=2026-07-17/exchange=NSE/symbol=SUNPHARMA/part-082716_591823-038364.parquet,real_data_sample\l2_unseen_validation\trade_date=2026-07-17\exchange=NSE\symbol=SUNPHARMA\part-082716_591823-038364.parquet,35343,downloaded,35343,
2026-07-17,NSE,SUNPHARMA,raw_l2/trade_date=2026-07-17/exchange=NSE/symbol=SUNPHARMA/part-082730_690222-038396.parquet,real_data_sample\l2_unseen_validation\trade_date=2026-07-17\exchange=NSE\symbol=SUNPHARMA\part-082730_690222-038396.parquet,35679,downloaded,35679,
2026-07-17,NSE,SUNPHARMA,raw_l2/trade_date=2026-07-17/exchange=NSE/symbol=SUNPHARMA/part-082744_997709-038428.parquet,real_data_sample\l2_unseen_validation\trade_date=2026-07-17\exchange=NSE\symbol=SUNPHARMA\part-082744_997709-038428.parquet,36112,downloaded,36112,
2026-07-17,NSE,SUNPHARMA,raw_l2/trade_date=2026-07-17/exchange=NSE/symbol=SUNPHARMA/part-082759_429743-038460.parquet,real_data_sample\l2_unseen_validation\trade_date=2026-07-17\exchange=NSE\symbol=SUNPHARMA\part-082759_429743-038460.parquet,35716,downloaded,35716,
2026-07-17,NSE,SUNPHARMA,raw_l2/trade_date=2026-07-17/exchange=NSE/symbol=SUNPHARMA/part-082813_966555-038492.parquet,real_data_sample\l2_unseen_validation\trade_date=2026-07-17\exchange=NSE\symbol=SUNPHARMA\part-082813_966555-038492.parquet,35934,downloaded,35934,
2026-07-17,NSE,SUNPHARMA,raw_l2/trade_date=2026-07-17/exchange=NSE/symbol=SUNPHARMA/part-082842_859347-038556.parquet,real_data_sample\l2_unseen_validation\trade_date=2026-07-17\exchange=NSE\symbol=SUNPHARMA\part-082842_859347-038556.parquet,35560,downloaded,35560,
2026-07-17,NSE,SUNPHARMA,raw_l2/trade_date=2026-07-17/exchange=NSE/symbol=SUNPHARMA/part-082857_298929-038588.parquet,real_data_sample\l2_unseen_validation\trade_date=2026-07-17\exchange=NSE\symbol=SUNPHARMA\part-082857_298929-038588.parquet,35957,downloaded,35957,
2026-07-17,NSE,SUNPHARMA,raw_l2/trade_date=2026-07-17/exchange=NSE/symbol=SUNPHARMA/part-082911_964886-038620.parquet,real_data_sample\l2_unseen_validation\trade_date=2026-07-17\exchange=NSE\symbol=SUNPHARMA\part-082911_964886-038620.parquet,35688,downloaded,35688,
2026-07-17,NSE,SUNPHARMA,raw_l2/trade_date=2026-07-17/exchange=NSE/symbol=SUNPHARMA/part-082940_897120-038684.parquet,real_data_sample\l2_unseen_validation\trade_date=2026-07-17\exchange=NSE\symbol=SUNPHARMA\part-082940_897120-038684.parquet,36003,downloaded,36003,
2026-07-17,NSE,SUNPHARMA,raw_l2/trade_date=2026-07-17/exchange=NSE/symbol=SUNPHARMA/part-082926_444867-038652.parquet,real_data_sample\l2_unseen_validation\trade_date=2026-07-17\exchange=NSE\symbol=SUNPHARMA\part-082926_444867-038652.parquet,35817,downloaded,35817,
2026-07-17,NSE,SUNPHARMA,raw_l2/trade_date=2026-07-17/exchange=NSE/symbol=SUNPHARMA/part-082955_494252-038716.parquet,real_data_sample\l2_unseen_validation\trade_date=2026-07-17\exchange=NSE\symbol=SUNPHARMA\part-082955_494252-038716.parquet,35982,downloaded,35982,
2026-07-17,NSE,SUNPHARMA,raw_l2/trade_date=2026-07-17/exchange=NSE/symbol=SUNPHARMA/part-083010_224438-038748.parquet,real_data_sample\l2_unseen_validation\trade_date=2026-07-17\exchange=NSE\symbol=SUNPHARMA\part-083010_224438-038748.parquet,35894,downloaded,35894,
2026-07-17,NSE,SUNPHARMA,raw_l2/trade_date=2026-07-17/exchange=NSE/symbol=SUNPHARMA/part-083137_392657-038940.parquet,real_data_sample\l2_unseen_validation\trade_date=2026-07-17\exchange=NSE\symbol=SUNPHARMA\part-083137_392657-038940.parquet,35544,downloaded,35544,
2026-07-17,NSE,SUNPHARMA,raw_l2/trade_date=2026-07-17/exchange=NSE/symbol=SUNPHARMA/part-083333_576641-039196.parquet,real_data_sample\l2_unseen_validation\trade_date=2026-07-17\exchange=NSE\symbol=SUNPHARMA\part-083333_576641-039196.parquet,35963,downloaded,35963,
2026-07-17,NSE,SUNPHARMA,raw_l2/trade_date=2026-07-17/exchange=NSE/symbol=SUNPHARMA/part-083206_061616-039004.parquet,real_data_sample\l2_unseen_validation\trade_date=2026-07-17\exchange=NSE\symbol=SUNPHARMA\part-083206_061616-039004.parquet,35910,downloaded,35910,
2026-07-17,NSE,SUNPHARMA,raw_l2/trade_date=2026-07-17/exchange=NSE/symbol=SUNPHARMA/part-083235_452429-039068.parquet,real_data_sample\l2_unseen_validation\trade_date=2026-07-17\exchange=NSE\symbol=SUNPHARMA\part-083235_452429-039068.parquet,35893,downloaded,35893,
2026-07-17,NSE,SUNPHARMA,raw_l2/trade_date=2026-07-17/exchange=NSE/symbol=SUNPHARMA/part-083250_102311-039100.parquet,real_data_sample\l2_unseen_validation\trade_date=2026-07-17\exchange=NSE\symbol=SUNPHARMA\part-083250_102311-039100.parquet,36180,downloaded,36180,
2026-07-17,NSE,SUNPHARMA,raw_l2/trade_date=2026-07-17/exchange=NSE/symbol=SUNPHARMA/part-083319_247514-039164.parquet,real_data_sample\l2_unseen_validation\trade_date=2026-07-17\exchange=NSE\symbol=SUNPHARMA\part-083319_247514-039164.parquet,36080,downloaded,36080,
2026-07-17,NSE,SUNPHARMA,raw_l2/trade_date=2026-07-17/exchange=NSE/symbol=SUNPHARMA/part-083304_644630-039132.parquet,real_data_sample\l2_unseen_validation\trade_date=2026-07-17\exchange=NSE\symbol=SUNPHARMA\part-083304_644630-039132.parquet,35444,downloaded,35444,
2026-07-17,NSE,SUNPHARMA,raw_l2/trade_date=2026-07-17/exchange=NSE/symbol=SUNPHARMA/part-083151_679227-038972.parquet,real_data_sample\l2_unseen_validation\trade_date=2026-07-17\exchange=NSE\symbol=SUNPHARMA\part-083151_679227-038972.parquet,35817,downloaded,35817,
2026-07-17,NSE,SUNPHARMA,raw_l2/trade_date=2026-07-17/exchange=NSE/symbol=SUNPHARMA/part-083122_671327-038908.parquet,real_data_sample\l2_unseen_validation\trade_date=2026-07-17\exchange=NSE\symbol=SUNPHARMA\part-083122_671327-038908.parquet,35863,downloaded,35863,
2026-07-17,NSE,SUNPHARMA,raw_l2/trade_date=2026-07-17/exchange=NSE/symbol=SUNPHARMA/part-083220_883009-039036.parquet,real_data_sample\l2_unseen_validation\trade_date=2026-07-17\exchange=NSE\symbol=SUNPHARMA\part-083220_883009-039036.parquet,35748,downloaded,35748,
2026-07-17,NSE,SUNPHARMA,raw_l2/trade_date=2026-07-17/exchange=NSE/symbol=SUNPHARMA/part-083038_869117-038812.parquet,real_data_sample\l2_unseen_validation\trade_date=2026-07-17\exchange=NSE\symbol=SUNPHARMA\part-083038_869117-038812.parquet,36363,downloaded,36363,
2026-07-17,NSE,SUNPHARMA,raw_l2/trade_date=2026-07-17/exchange=NSE/symbol=SUNPHARMA/part-083024_509636-038780.parquet,real_data_sample\l2_unseen_validation\trade_date=2026-07-17\exchange=NSE\symbol=SUNPHARMA\part-083024_509636-038780.parquet,35507,downloaded,35507,
2026-07-17,NSE,SUNPHARMA,raw_l2/trade_date=2026-07-17/exchange=NSE/symbol=SUNPHARMA/part-083053_194352-038844.parquet,real_data_sample\l2_unseen_validation\trade_date=2026-07-17\exchange=NSE\symbol=SUNPHARMA\part-083053_194352-038844.parquet,35607,downloaded,35607,
2026-07-17,NSE,SUNPHARMA,raw_l2/trade_date=2026-07-17/exchange=NSE/symbol=SUNPHARMA/part-083347_798004-039228.parquet,real_data_sample\l2_unseen_validation\trade_date=2026-07-17\exchange=NSE\symbol=SUNPHARMA\part-083347_798004-039228.parquet,36020,downloaded,36020,
2026-07-17,NSE,SUNPHARMA,raw_l2/trade_date=2026-07-17/exchange=NSE/symbol=SUNPHARMA/part-083107_894943-038876.parquet,real_data_sample\l2_unseen_validation\trade_date=2026-07-17\exchange=NSE\symbol=SUNPHARMA\part-083107_894943-038876.parquet,36234,downloaded,36234,
2026-07-17,NSE,SUNPHARMA,raw_l2/trade_date=2026-07-17/exchange=NSE/symbol=SUNPHARMA/part-083402_330556-039260.parquet,real_data_sample\l2_unseen_validation\trade_date=2026-07-17\exchange=NSE\symbol=SUNPHARMA\part-083402_330556-039260.parquet,35598,downloaded,35598,
2026-07-17,NSE,SUNPHARMA,raw_l2/trade_date=2026-07-17/exchange=NSE/symbol=SUNPHARMA/part-083416_532290-039292.parquet,real_data_sample\l2_unseen_validation\trade_date=2026-07-17\exchange=NSE\symbol=SUNPHARMA\part-083416_532290-039292.parquet,35917,downloaded,35917,
2026-07-17,NSE,SUNPHARMA,raw_l2/trade_date=2026-07-17/exchange=NSE/symbol=SUNPHARMA/part-083430_855066-039324.parquet,real_data_sample\l2_unseen_validation\trade_date=2026-07-17\exchange=NSE\symbol=SUNPHARMA\part-083430_855066-039324.parquet,35247,downloaded,35247,
2026-07-17,NSE,SUNPHARMA,raw_l2/trade_date=2026-07-17/exchange=NSE/symbol=SUNPHARMA/part-083445_233284-039356.parquet,real_data_sample\l2_unseen_validation\trade_date=2026-07-17\exchange=NSE\symbol=SUNPHARMA\part-083445_233284-039356.parquet,35363,downloaded,35363,
2026-07-17,NSE,SUNPHARMA,raw_l2/trade_date=2026-07-17/exchange=NSE/symbol=SUNPHARMA/part-083459_750994-039388.parquet,real_data_sample\l2_unseen_validation\trade_date=2026-07-17\exchange=NSE\symbol=SUNPHARMA\part-083459_750994-039388.parquet,35759,downloaded,35759,
2026-07-17,NSE,SUNPHARMA,raw_l2/trade_date=2026-07-17/exchange=NSE/symbol=SUNPHARMA/part-083513_929027-039420.parquet,real_data_sample\l2_unseen_validation\trade_date=2026-07-17\exchange=NSE\symbol=SUNPHARMA\part-083513_929027-039420.parquet,36236,downloaded,36236,
2026-07-17,NSE,SUNPHARMA,raw_l2/trade_date=2026-07-17/exchange=NSE/symbol=SUNPHARMA/part-082828_519750-038524.parquet,real_data_sample\l2_unseen_validation\trade_date=2026-07-17\exchange=NSE\symbol=SUNPHARMA\part-082828_519750-038524.parquet,35990,downloaded,35990,
2026-07-17,NSE,SUNPHARMA,raw_l2/trade_date=2026-07-17/exchange=NSE/symbol=SUNPHARMA/part-083528_092350-039452.parquet,real_data_sample\l2_unseen_validation\trade_date=2026-07-17\exchange=NSE\symbol=SUNPHARMA\part-083528_092350-039452.parquet,35450,downloaded,35450,
2026-07-17,NSE,SUNPHARMA,raw_l2/trade_date=2026-07-17/exchange=NSE/symbol=SUNPHARMA/part-083610_767763-039548.parquet,real_data_sample\l2_unseen_validation\trade_date=2026-07-17\exchange=NSE\symbol=SUNPHARMA\part-083610_767763-039548.parquet,35762,downloaded,35762,
2026-07-17,NSE,SUNPHARMA,raw_l2/trade_date=2026-07-17/exchange=NSE/symbol=SUNPHARMA/part-083556_280486-039516.parquet,real_data_sample\l2_unseen_validation\trade_date=2026-07-17\exchange=NSE\symbol=SUNPHARMA\part-083556_280486-039516.parquet,35974,downloaded,35974,
2026-07-17,NSE,SUNPHARMA,raw_l2/trade_date=2026-07-17/exchange=NSE/symbol=SUNPHARMA/part-083653_477294-039644.parquet,real_data_sample\l2_unseen_validation\trade_date=2026-07-17\exchange=NSE\symbol=SUNPHARMA\part-083653_477294-039644.parquet,34923,downloaded,34923,
2026-07-17,NSE,SUNPHARMA,raw_l2/trade_date=2026-07-17/exchange=NSE/symbol=SUNPHARMA/part-083639_167714-039612.parquet,real_data_sample\l2_unseen_validation\trade_date=2026-07-17\exchange=NSE\symbol=SUNPHARMA\part-083639_167714-039612.parquet,34681,downloaded,34681,
2026-07-17,NSE,SUNPHARMA,raw_l2/trade_date=2026-07-17/exchange=NSE/symbol=SUNPHARMA/part-083624_901520-039580.parquet,real_data_sample\l2_unseen_validation\trade_date=2026-07-17\exchange=NSE\symbol=SUNPHARMA\part-083624_901520-039580.parquet,35217,downloaded,35217,
2026-07-17,NSE,SUNPHARMA,raw_l2/trade_date=2026-07-17/exchange=NSE/symbol=SUNPHARMA/part-083542_187822-039484.parquet,real_data_sample\l2_unseen_validation\trade_date=2026-07-17\exchange=NSE\symbol=SUNPHARMA\part-083542_187822-039484.parquet,35753,downloaded,35753,
2026-07-17,NSE,SUNPHARMA,raw_l2/trade_date=2026-07-17/exchange=NSE/symbol=SUNPHARMA/part-083721_736566-039708.parquet,real_data_sample\l2_unseen_validation\trade_date=2026-07-17\exchange=NSE\symbol=SUNPHARMA\part-083721_736566-039708.parquet,34433,downloaded,34433,
2026-07-17,NSE,SUNPHARMA,raw_l2/trade_date=2026-07-17/exchange=NSE/symbol=SUNPHARMA/part-083847_423422-039900.parquet,real_data_sample\l2_unseen_validation\trade_date=2026-07-17\exchange=NSE\symbol=SUNPHARMA\part-083847_423422-039900.parquet,36136,downloaded,36136,
2026-07-17,NSE,SUNPHARMA,raw_l2/trade_date=2026-07-17/exchange=NSE/symbol=SUNPHARMA/part-083707_509882-039676.parquet,real_data_sample\l2_unseen_validation\trade_date=2026-07-17\exchange=NSE\symbol=SUNPHARMA\part-083707_509882-039676.parquet,34674,downloaded,34674,
2026-07-17,NSE,SUNPHARMA,raw_l2/trade_date=2026-07-17/exchange=NSE/symbol=SUNPHARMA/part-083750_223806-039772.parquet,real_data_sample\l2_unseen_validation\trade_date=2026-07-17\exchange=NSE\symbol=SUNPHARMA\part-083750_223806-039772.parquet,34974,downloaded,34974,
2026-07-17,NSE,SUNPHARMA,raw_l2/trade_date=2026-07-17/exchange=NSE/symbol=SUNPHARMA/part-083736_006456-039740.parquet,real_data_sample\l2_unseen_validation\trade_date=2026-07-17\exchange=NSE\symbol=SUNPHARMA\part-083736_006456-039740.parquet,34677,downloaded,34677,
2026-07-17,NSE,SUNPHARMA,raw_l2/trade_date=2026-07-17/exchange=NSE/symbol=SUNPHARMA/part-083916_128871-039964.parquet,real_data_sample\l2_unseen_validation\trade_date=2026-07-17\exchange=NSE\symbol=SUNPHARMA\part-083916_128871-039964.parquet,35767,downloaded,35767,
2026-07-17,NSE,SUNPHARMA,raw_l2/trade_date=2026-07-17/exchange=NSE/symbol=SUNPHARMA/part-083818_835481-039836.parquet,real_data_sample\l2_unseen_validation\trade_date=2026-07-17\exchange=NSE\symbol=SUNPHARMA\part-083818_835481-039836.parquet,35438,downloaded,35438,
2026-07-17,NSE,SUNPHARMA,raw_l2/trade_date=2026-07-17/exchange=NSE/symbol=SUNPHARMA/part-083804_581328-039804.parquet,real_data_sample\l2_unseen_validation\trade_date=2026-07-17\exchange=NSE\symbol=SUNPHARMA\part-083804_581328-039804.parquet,35025,downloaded,35025,
2026-07-17,NSE,SUNPHARMA,raw_l2/trade_date=2026-07-17/exchange=NSE/symbol=SUNPHARMA/part-083944_734864-040028.parquet,real_data_sample\l2_unseen_validation\trade_date=2026-07-17\exchange=NSE\symbol=SUNPHARMA\part-083944_734864-040028.parquet,35141,downloaded,35141,
2026-07-17,NSE,SUNPHARMA,raw_l2/trade_date=2026-07-17/exchange=NSE/symbol=SUNPHARMA/part-083833_323035-039868.parquet,real_data_sample\l2_unseen_validation\trade_date=2026-07-17\exchange=NSE\symbol=SUNPHARMA\part-083833_323035-039868.parquet,35604,downloaded,35604,
2026-07-17,NSE,SUNPHARMA,raw_l2/trade_date=2026-07-17/exchange=NSE/symbol=SUNPHARMA/part-083901_878783-039932.parquet,real_data_sample\l2_unseen_validation\trade_date=2026-07-17\exchange=NSE\symbol=SUNPHARMA\part-083901_878783-039932.parquet,35633,downloaded,35633,
2026-07-17,NSE,SUNPHARMA,raw_l2/trade_date=2026-07-17/exchange=NSE/symbol=SUNPHARMA/part-084013_465227-040092.parquet,real_data_sample\l2_unseen_validation\trade_date=2026-07-17\exchange=NSE\symbol=SUNPHARMA\part-084013_465227-040092.parquet,36146,downloaded,36146,
2026-07-17,NSE,SUNPHARMA,raw_l2/trade_date=2026-07-17/exchange=NSE/symbol=SUNPHARMA/part-083930_614435-039996.parquet,real_data_sample\l2_unseen_validation\trade_date=2026-07-17\exchange=NSE\symbol=SUNPHARMA\part-083930_614435-039996.parquet,35741,downloaded,35741,
2026-07-17,NSE,SUNPHARMA,raw_l2/trade_date=2026-07-17/exchange=NSE/symbol=SUNPHARMA/part-084027_613269-040124.parquet,real_data_sample\l2_unseen_validation\trade_date=2026-07-17\exchange=NSE\symbol=SUNPHARMA\part-084027_613269-040124.parquet,35765,downloaded,35765,
2026-07-17,NSE,SUNPHARMA,raw_l2/trade_date=2026-07-17/exchange=NSE/symbol=SUNPHARMA/part-083959_192381-040060.parquet,real_data_sample\l2_unseen_validation\trade_date=2026-07-17\exchange=NSE\symbol=SUNPHARMA\part-083959_192381-040060.parquet,35669,downloaded,35669,
2026-07-17,NSE,SUNPHARMA,raw_l2/trade_date=2026-07-17/exchange=NSE/symbol=SUNPHARMA/part-084042_092764-040156.parquet,real_data_sample\l2_unseen_validation\trade_date=2026-07-17\exchange=NSE\symbol=SUNPHARMA\part-084042_092764-040156.parquet,35492,downloaded,35492,
2026-07-17,NSE,SUNPHARMA,raw_l2/trade_date=2026-07-17/exchange=NSE/symbol=SUNPHARMA/part-084056_582831-040188.parquet,real_data_sample\l2_unseen_validation\trade_date=2026-07-17\exchange=NSE\symbol=SUNPHARMA\part-084056_582831-040188.parquet,35709,downloaded,35709,
2026-07-17,NSE,SUNPHARMA,raw_l2/trade_date=2026-07-17/exchange=NSE/symbol=SUNPHARMA/part-084139_375321-040284.parquet,real_data_sample\l2_unseen_validation\trade_date=2026-07-17\exchange=NSE\symbol=SUNPHARMA\part-084139_375321-040284.parquet,35538,downloaded,35538,
2026-07-17,NSE,SUNPHARMA,raw_l2/trade_date=2026-07-17/exchange=NSE/symbol=SUNPHARMA/part-084110_606335-040220.parquet,real_data_sample\l2_unseen_validation\trade_date=2026-07-17\exchange=NSE\symbol=SUNPHARMA\part-084110_606335-040220.parquet,35679,downloaded,35679,
2026-07-17,NSE,SUNPHARMA,raw_l2/trade_date=2026-07-17/exchange=NSE/symbol=SUNPHARMA/part-084124_922401-040252.parquet,real_data_sample\l2_unseen_validation\trade_date=2026-07-17\exchange=NSE\symbol=SUNPHARMA\part-084124_922401-040252.parquet,35234,downloaded,35234,
2026-07-17,NSE,SUNPHARMA,raw_l2/trade_date=2026-07-17/exchange=NSE/symbol=SUNPHARMA/part-084208_101343-040348.parquet,real_data_sample\l2_unseen_validation\trade_date=2026-07-17\exchange=NSE\symbol=SUNPHARMA\part-084208_101343-040348.parquet,35530,downloaded,35530,
2026-07-17,NSE,SUNPHARMA,raw_l2/trade_date=2026-07-17/exchange=NSE/symbol=SUNPHARMA/part-084222_506970-040380.parquet,real_data_sample\l2_unseen_validation\trade_date=2026-07-17\exchange=NSE\symbol=SUNPHARMA\part-084222_506970-040380.parquet,34967,downloaded,34967,
2026-07-17,NSE,SUNPHARMA,raw_l2/trade_date=2026-07-17/exchange=NSE/symbol=SUNPHARMA/part-084236_788102-040412.parquet,real_data_sample\l2_unseen_validation\trade_date=2026-07-17\exchange=NSE\symbol=SUNPHARMA\part-084236_788102-040412.parquet,34881,downloaded,34881,
2026-07-17,NSE,SUNPHARMA,raw_l2/trade_date=2026-07-17/exchange=NSE/symbol=SUNPHARMA/part-084251_280614-040444.parquet,real_data_sample\l2_unseen_validation\trade_date=2026-07-17\exchange=NSE\symbol=SUNPHARMA\part-084251_280614-040444.parquet,34810,downloaded,34810,
2026-07-17,NSE,SUNPHARMA,raw_l2/trade_date=2026-07-17/exchange=NSE/symbol=SUNPHARMA/part-084319_889790-040508.parquet,real_data_sample\l2_unseen_validation\trade_date=2026-07-17\exchange=NSE\symbol=SUNPHARMA\part-084319_889790-040508.parquet,35435,downloaded,35435,
2026-07-17,NSE,SUNPHARMA,raw_l2/trade_date=2026-07-17/exchange=NSE/symbol=SUNPHARMA/part-084305_384795-040476.parquet,real_data_sample\l2_unseen_validation\trade_date=2026-07-17\exchange=NSE\symbol=SUNPHARMA\part-084305_384795-040476.parquet,34987,downloaded,34987,
2026-07-17,NSE,SUNPHARMA,raw_l2/trade_date=2026-07-17/exchange=NSE/symbol=SUNPHARMA/part-084348_814347-040572.parquet,real_data_sample\l2_unseen_validation\trade_date=2026-07-17\exchange=NSE\symbol=SUNPHARMA\part-084348_814347-040572.parquet,35818,downloaded,35818,
2026-07-17,NSE,SUNPHARMA,raw_l2/trade_date=2026-07-17/exchange=NSE/symbol=SUNPHARMA/part-084334_390267-040540.parquet,real_data_sample\l2_unseen_validation\trade_date=2026-07-17\exchange=NSE\symbol=SUNPHARMA\part-084334_390267-040540.parquet,35869,downloaded,35869,
2026-07-17,NSE,SUNPHARMA,raw_l2/trade_date=2026-07-17/exchange=NSE/symbol=SUNPHARMA/part-084403_325935-040604.parquet,real_data_sample\l2_unseen_validation\trade_date=2026-07-17\exchange=NSE\symbol=SUNPHARMA\part-084403_325935-040604.parquet,35631,downloaded,35631,
2026-07-17,NSE,SUNPHARMA,raw_l2/trade_date=2026-07-17/exchange=NSE/symbol=SUNPHARMA/part-084432_256534-040668.parquet,real_data_sample\l2_unseen_validation\trade_date=2026-07-17\exchange=NSE\symbol=SUNPHARMA\part-084432_256534-040668.parquet,35487,downloaded,35487,
2026-07-17,NSE,SUNPHARMA,raw_l2/trade_date=2026-07-17/exchange=NSE/symbol=SUNPHARMA/part-084417_780514-040636.parquet,real_data_sample\l2_unseen_validation\trade_date=2026-07-17\exchange=NSE\symbol=SUNPHARMA\part-084417_780514-040636.parquet,35756,downloaded,35756,
2026-07-17,NSE,SUNPHARMA,raw_l2/trade_date=2026-07-17/exchange=NSE/symbol=SUNPHARMA/part-084446_501734-040700.parquet,real_data_sample\l2_unseen_validation\trade_date=2026-07-17\exchange=NSE\symbol=SUNPHARMA\part-084446_501734-040700.parquet,35873,downloaded,35873,
2026-07-17,NSE,SUNPHARMA,raw_l2/trade_date=2026-07-17/exchange=NSE/symbol=SUNPHARMA/part-084501_131837-040732.parquet,real_data_sample\l2_unseen_validation\trade_date=2026-07-17\exchange=NSE\symbol=SUNPHARMA\part-084501_131837-040732.parquet,35516,downloaded,35516,
2026-07-17,NSE,SUNPHARMA,raw_l2/trade_date=2026-07-17/exchange=NSE/symbol=SUNPHARMA/part-084752_654221-041116.parquet,real_data_sample\l2_unseen_validation\trade_date=2026-07-17\exchange=NSE\symbol=SUNPHARMA\part-084752_654221-041116.parquet,36194,downloaded,36194,
2026-07-17,NSE,SUNPHARMA,raw_l2/trade_date=2026-07-17/exchange=NSE/symbol=SUNPHARMA/part-084835_673585-041212.parquet,real_data_sample\l2_unseen_validation\trade_date=2026-07-17\exchange=NSE\symbol=SUNPHARMA\part-084835_673585-041212.parquet,36094,downloaded,36094,
2026-07-17,NSE,SUNPHARMA,raw_l2/trade_date=2026-07-17/exchange=NSE/symbol=SUNPHARMA/part-084153_729303-040316.parquet,real_data_sample\l2_unseen_validation\trade_date=2026-07-17\exchange=NSE\symbol=SUNPHARMA\part-084153_729303-040316.parquet,35247,downloaded,35247,
2026-07-17,NSE,SUNPHARMA,raw_l2/trade_date=2026-07-17/exchange=NSE/symbol=SUNPHARMA/part-084515_351710-040764.parquet,real_data_sample\l2_unseen_validation\trade_date=2026-07-17\exchange=NSE\symbol=SUNPHARMA\part-084515_351710-040764.parquet,35671,downloaded,35671,
2026-07-17,NSE,SUNPHARMA,raw_l2/trade_date=2026-07-17/exchange=NSE/symbol=SUNPHARMA/part-085031_567216-041468.parquet,real_data_sample\l2_unseen_validation\trade_date=2026-07-17\exchange=NSE\symbol=SUNPHARMA\part-085031_567216-041468.parquet,36053,downloaded,36053,
2026-07-17,NSE,SUNPHARMA,raw_l2/trade_date=2026-07-17/exchange=NSE/symbol=SUNPHARMA/part-084807_005867-041148.parquet,real_data_sample\l2_unseen_validation\trade_date=2026-07-17\exchange=NSE\symbol=SUNPHARMA\part-084807_005867-041148.parquet,36000,downloaded,36000,
2026-07-17,NSE,SUNPHARMA,raw_l2/trade_date=2026-07-17/exchange=NSE/symbol=SUNPHARMA/part-084724_099249-041052.parquet,real_data_sample\l2_unseen_validation\trade_date=2026-07-17\exchange=NSE\symbol=SUNPHARMA\part-084724_099249-041052.parquet,36298,downloaded,36298,
2026-07-17,NSE,SUNPHARMA,raw_l2/trade_date=2026-07-17/exchange=NSE/symbol=SUNPHARMA/part-084850_116427-041244.parquet,real_data_sample\l2_unseen_validation\trade_date=2026-07-17\exchange=NSE\symbol=SUNPHARMA\part-084850_116427-041244.parquet,35847,downloaded,35847,
2026-07-17,NSE,SUNPHARMA,raw_l2/trade_date=2026-07-17/exchange=NSE/symbol=SUNPHARMA/part-085002_880569-041404.parquet,real_data_sample\l2_unseen_validation\trade_date=2026-07-17\exchange=NSE\symbol=SUNPHARMA\part-085002_880569-041404.parquet,35747,downloaded,35747,
2026-07-17,NSE,SUNPHARMA,raw_l2/trade_date=2026-07-17/exchange=NSE/symbol=SUNPHARMA/part-085017_283399-041436.parquet,real_data_sample\l2_unseen_validation\trade_date=2026-07-17\exchange=NSE\symbol=SUNPHARMA\part-085017_283399-041436.parquet,36026,downloaded,36026,
2026-07-17,NSE,SUNPHARMA,raw_l2/trade_date=2026-07-17/exchange=NSE/symbol=SUNPHARMA/part-084529_805952-040796.parquet,real_data_sample\l2_unseen_validation\trade_date=2026-07-17\exchange=NSE\symbol=SUNPHARMA\part-084529_805952-040796.parquet,34727,downloaded,34727,
2026-07-17,NSE,SUNPHARMA,raw_l2/trade_date=2026-07-17/exchange=NSE/symbol=SUNPHARMA/part-084933_813670-041340.parquet,real_data_sample\l2_unseen_validation\trade_date=2026-07-17\exchange=NSE\symbol=SUNPHARMA\part-084933_813670-041340.parquet,36041,downloaded,36041,
2026-07-17,NSE,SUNPHARMA,raw_l2/trade_date=2026-07-17/exchange=NSE/symbol=SUNPHARMA/part-084948_323537-041372.parquet,real_data_sample\l2_unseen_validation\trade_date=2026-07-17\exchange=NSE\symbol=SUNPHARMA\part-084948_323537-041372.parquet,35689,downloaded,35689,
2026-07-17,NSE,SUNPHARMA,raw_l2/trade_date=2026-07-17/exchange=NSE/symbol=SUNPHARMA/part-084904_609865-041276.parquet,real_data_sample\l2_unseen_validation\trade_date=2026-07-17\exchange=NSE\symbol=SUNPHARMA\part-084904_609865-041276.parquet,35548,downloaded,35548,
2026-07-17,NSE,SUNPHARMA,raw_l2/trade_date=2026-07-17/exchange=NSE/symbol=SUNPHARMA/part-084919_491767-041308.parquet,real_data_sample\l2_unseen_validation\trade_date=2026-07-17\exchange=NSE\symbol=SUNPHARMA\part-084919_491767-041308.parquet,35757,downloaded,35757,
2026-07-17,NSE,SUNPHARMA,raw_l2/trade_date=2026-07-17/exchange=NSE/symbol=SUNPHARMA/part-084544_186474-040828.parquet,real_data_sample\l2_unseen_validation\trade_date=2026-07-17\exchange=NSE\symbol=SUNPHARMA\part-084544_186474-040828.parquet,34467,downloaded,34467,
2026-07-17,NSE,SUNPHARMA,raw_l2/trade_date=2026-07-17/exchange=NSE/symbol=SUNPHARMA/part-084821_283899-041180.parquet,real_data_sample\l2_unseen_validation\trade_date=2026-07-17\exchange=NSE\symbol=SUNPHARMA\part-084821_283899-041180.parquet,36103,downloaded,36103,
2026-07-17,NSE,SUNPHARMA,raw_l2/trade_date=2026-07-17/exchange=NSE/symbol=SUNPHARMA/part-084641_542370-040956.parquet,real_data_sample\l2_unseen_validation\trade_date=2026-07-17\exchange=NSE\symbol=SUNPHARMA\part-084641_542370-040956.parquet,36230,downloaded,36230,
2026-07-17,NSE,SUNPHARMA,raw_l2/trade_date=2026-07-17/exchange=NSE/symbol=SUNPHARMA/part-084655_730572-040988.parquet,real_data_sample\l2_unseen_validation\trade_date=2026-07-17\exchange=NSE\symbol=SUNPHARMA\part-084655_730572-040988.parquet,36511,downloaded,36511,
2026-07-17,NSE,SUNPHARMA,raw_l2/trade_date=2026-07-17/exchange=NSE/symbol=SUNPHARMA/part-084627_138176-040924.parquet,real_data_sample\l2_unseen_validation\trade_date=2026-07-17\exchange=NSE\symbol=SUNPHARMA\part-084627_138176-040924.parquet,36615,downloaded,36615,
2026-07-17,NSE,SUNPHARMA,raw_l2/trade_date=2026-07-17/exchange=NSE/symbol=SUNPHARMA/part-084558_534417-040860.parquet,real_data_sample\l2_unseen_validation\trade_date=2026-07-17\exchange=NSE\symbol=SUNPHARMA\part-084558_534417-040860.parquet,34526,downloaded,34526,
2026-07-17,NSE,SUNPHARMA,raw_l2/trade_date=2026-07-17/exchange=NSE/symbol=SUNPHARMA/part-084738_350260-041084.parquet,real_data_sample\l2_unseen_validation\trade_date=2026-07-17\exchange=NSE\symbol=SUNPHARMA\part-084738_350260-041084.parquet,35964,downloaded,35964,
2026-07-17,NSE,SUNPHARMA,raw_l2/trade_date=2026-07-17/exchange=NSE/symbol=SUNPHARMA/part-084612_975010-040892.parquet,real_data_sample\l2_unseen_validation\trade_date=2026-07-17\exchange=NSE\symbol=SUNPHARMA\part-084612_975010-040892.parquet,34743,downloaded,34743,
2026-07-17,NSE,SUNPHARMA,raw_l2/trade_date=2026-07-17/exchange=NSE/symbol=SUNPHARMA/part-084709_977362-041020.parquet,real_data_sample\l2_unseen_validation\trade_date=2026-07-17\exchange=NSE\symbol=SUNPHARMA\part-084709_977362-041020.parquet,36260,downloaded,36260,
2026-07-17,NSE,SUNPHARMA,raw_l2/trade_date=2026-07-17/exchange=NSE/symbol=SUNPHARMA/part-085045_937267-041500.parquet,real_data_sample\l2_unseen_validation\trade_date=2026-07-17\exchange=NSE\symbol=SUNPHARMA\part-085045_937267-041500.parquet,35710,downloaded,35710,
2026-07-17,NSE,SUNPHARMA,raw_l2/trade_date=2026-07-17/exchange=NSE/symbol=SUNPHARMA/part-085100_610865-041532.parquet,real_data_sample\l2_unseen_validation\trade_date=2026-07-17\exchange=NSE\symbol=SUNPHARMA\part-085100_610865-041532.parquet,35652,downloaded,35652,
2026-07-17,NSE,SUNPHARMA,raw_l2/trade_date=2026-07-17/exchange=NSE/symbol=SUNPHARMA/part-085115_293514-041564.parquet,real_data_sample\l2_unseen_validation\trade_date=2026-07-17\exchange=NSE\symbol=SUNPHARMA\part-085115_293514-041564.parquet,35504,downloaded,35504,
2026-07-17,NSE,SUNPHARMA,raw_l2/trade_date=2026-07-17/exchange=NSE/symbol=SUNPHARMA/part-085129_537326-041596.parquet,real_data_sample\l2_unseen_validation\trade_date=2026-07-17\exchange=NSE\symbol=SUNPHARMA\part-085129_537326-041596.parquet,34665,downloaded,34665,
2026-07-17,NSE,SUNPHARMA,raw_l2/trade_date=2026-07-17/exchange=NSE/symbol=SUNPHARMA/part-085242_695248-041756.parquet,real_data_sample\l2_unseen_validation\trade_date=2026-07-17\exchange=NSE\symbol=SUNPHARMA\part-085242_695248-041756.parquet,36199,downloaded,36199,
2026-07-17,NSE,SUNPHARMA,raw_l2/trade_date=2026-07-17/exchange=NSE/symbol=SUNPHARMA/part-085453_682214-042044.parquet,real_data_sample\l2_unseen_validation\trade_date=2026-07-17\exchange=NSE\symbol=SUNPHARMA\part-085453_682214-042044.parquet,34683,downloaded,34683,
2026-07-17,NSE,SUNPHARMA,raw_l2/trade_date=2026-07-17/exchange=NSE/symbol=SUNPHARMA/part-085158_609126-041660.parquet,real_data_sample\l2_unseen_validation\trade_date=2026-07-17\exchange=NSE\symbol=SUNPHARMA\part-085158_609126-041660.parquet,34693,downloaded,34693,
2026-07-17,NSE,SUNPHARMA,raw_l2/trade_date=2026-07-17/exchange=NSE/symbol=SUNPHARMA/part-085759_097422-042460.parquet,real_data_sample\l2_unseen_validation\trade_date=2026-07-17\exchange=NSE\symbol=SUNPHARMA\part-085759_097422-042460.parquet,34796,downloaded,34796,
2026-07-17,NSE,SUNPHARMA,raw_l2/trade_date=2026-07-17/exchange=NSE/symbol=SUNPHARMA/part-085342_291618-041884.parquet,real_data_sample\l2_unseen_validation\trade_date=2026-07-17\exchange=NSE\symbol=SUNPHARMA\part-085342_291618-041884.parquet,34819,downloaded,34819,
2026-07-17,NSE,SUNPHARMA,raw_l2/trade_date=2026-07-17/exchange=NSE/symbol=SUNPHARMA/part-085536_485626-042140.parquet,real_data_sample\l2_unseen_validation\trade_date=2026-07-17\exchange=NSE\symbol=SUNPHARMA\part-085536_485626-042140.parquet,34786,downloaded,34786,
2026-07-17,NSE,SUNPHARMA,raw_l2/trade_date=2026-07-17/exchange=NSE/symbol=SUNPHARMA/part-085257_420917-041788.parquet,real_data_sample\l2_unseen_validation\trade_date=2026-07-17\exchange=NSE\symbol=SUNPHARMA\part-085257_420917-041788.parquet,35615,downloaded,35615,
2026-07-17,NSE,SUNPHARMA,raw_l2/trade_date=2026-07-17/exchange=NSE/symbol=SUNPHARMA/part-085744_622725-042428.parquet,real_data_sample\l2_unseen_validation\trade_date=2026-07-17\exchange=NSE\symbol=SUNPHARMA\part-085744_622725-042428.parquet,34796,downloaded,34796,
2026-07-17,NSE,SUNPHARMA,raw_l2/trade_date=2026-07-17/exchange=NSE/symbol=SUNPHARMA/part-085144_021106-041628.parquet,real_data_sample\l2_unseen_validation\trade_date=2026-07-17\exchange=NSE\symbol=SUNPHARMA\part-085144_021106-041628.parquet,34676,downloaded,34676,
2026-07-17,NSE,SUNPHARMA,raw_l2/trade_date=2026-07-17/exchange=NSE/symbol=SUNPHARMA/part-085327_470062-041852.parquet,real_data_sample\l2_unseen_validation\trade_date=2026-07-17\exchange=NSE\symbol=SUNPHARMA\part-085327_470062-041852.parquet,34565,downloaded,34565,
2026-07-17,NSE,SUNPHARMA,raw_l2/trade_date=2026-07-17/exchange=NSE/symbol=SUNPHARMA/part-085730_130559-042396.parquet,real_data_sample\l2_unseen_validation\trade_date=2026-07-17\exchange=NSE\symbol=SUNPHARMA\part-085730_130559-042396.parquet,34802,downloaded,34802,
2026-07-17,NSE,SUNPHARMA,raw_l2/trade_date=2026-07-17/exchange=NSE/symbol=SUNPHARMA/part-085522_221901-042108.parquet,real_data_sample\l2_unseen_validation\trade_date=2026-07-17\exchange=NSE\symbol=SUNPHARMA\part-085522_221901-042108.parquet,34562,downloaded,34562,
2026-07-17,NSE,SUNPHARMA,raw_l2/trade_date=2026-07-17/exchange=NSE/symbol=SUNPHARMA/part-085356_409118-041916.parquet,real_data_sample\l2_unseen_validation\trade_date=2026-07-17\exchange=NSE\symbol=SUNPHARMA\part-085356_409118-041916.parquet,34609,downloaded,34609,
2026-07-17,NSE,SUNPHARMA,raw_l2/trade_date=2026-07-17/exchange=NSE/symbol=SUNPHARMA/part-085410_712163-041948.parquet,real_data_sample\l2_unseen_validation\trade_date=2026-07-17\exchange=NSE\symbol=SUNPHARMA\part-085410_712163-041948.parquet,34715,downloaded,34715,
2026-07-17,NSE,SUNPHARMA,raw_l2/trade_date=2026-07-17/exchange=NSE/symbol=SUNPHARMA/part-085439_423415-042012.parquet,real_data_sample\l2_unseen_validation\trade_date=2026-07-17\exchange=NSE\symbol=SUNPHARMA\part-085439_423415-042012.parquet,34647,downloaded,34647,
2026-07-17,NSE,SUNPHARMA,raw_l2/trade_date=2026-07-17/exchange=NSE/symbol=SUNPHARMA/part-085312_448326-041820.parquet,real_data_sample\l2_unseen_validation\trade_date=2026-07-17\exchange=NSE\symbol=SUNPHARMA\part-085312_448326-041820.parquet,35296,downloaded,35296,
2026-07-17,NSE,SUNPHARMA,raw_l2/trade_date=2026-07-17/exchange=NSE/symbol=SUNPHARMA/part-085227_984683-041724.parquet,real_data_sample\l2_unseen_validation\trade_date=2026-07-17\exchange=NSE\symbol=SUNPHARMA\part-085227_984683-041724.parquet,35960,downloaded,35960,
2026-07-17,NSE,SUNPHARMA,raw_l2/trade_date=2026-07-17/exchange=NSE/symbol=SUNPHARMA/part-085508_062959-042076.parquet,real_data_sample\l2_unseen_validation\trade_date=2026-07-17\exchange=NSE\symbol=SUNPHARMA\part-085508_062959-042076.parquet,34686,downloaded,34686,
2026-07-17,NSE,SUNPHARMA,raw_l2/trade_date=2026-07-17/exchange=NSE/symbol=SUNPHARMA/part-085550_734600-042172.parquet,real_data_sample\l2_unseen_validation\trade_date=2026-07-17\exchange=NSE\symbol=SUNPHARMA\part-085550_734600-042172.parquet,34521,downloaded,34521,
2026-07-17,NSE,SUNPHARMA,raw_l2/trade_date=2026-07-17/exchange=NSE/symbol=SUNPHARMA/part-085424_868646-041980.parquet,real_data_sample\l2_unseen_validation\trade_date=2026-07-17\exchange=NSE\symbol=SUNPHARMA\part-085424_868646-041980.parquet,34588,downloaded,34588,
2026-07-17,NSE,SUNPHARMA,raw_l2/trade_date=2026-07-17/exchange=NSE/symbol=SUNPHARMA/part-085618_898178-042236.parquet,real_data_sample\l2_unseen_validation\trade_date=2026-07-17\exchange=NSE\symbol=SUNPHARMA\part-085618_898178-042236.parquet,34578,downloaded,34578,
2026-07-17,NSE,SUNPHARMA,raw_l2/trade_date=2026-07-17/exchange=NSE/symbol=SUNPHARMA/part-085633_227661-042268.parquet,real_data_sample\l2_unseen_validation\trade_date=2026-07-17\exchange=NSE\symbol=SUNPHARMA\part-085633_227661-042268.parquet,34604,downloaded,34604,
2026-07-17,NSE,SUNPHARMA,raw_l2/trade_date=2026-07-17/exchange=NSE/symbol=SUNPHARMA/part-085813_468884-042492.parquet,real_data_sample\l2_unseen_validation\trade_date=2026-07-17\exchange=NSE\symbol=SUNPHARMA\part-085813_468884-042492.parquet,34745,downloaded,34745,
2026-07-17,NSE,SUNPHARMA,raw_l2/trade_date=2026-07-17/exchange=NSE/symbol=SUNPHARMA/part-085604_770879-042204.parquet,real_data_sample\l2_unseen_validation\trade_date=2026-07-17\exchange=NSE\symbol=SUNPHARMA\part-085604_770879-042204.parquet,34597,downloaded,34597,
2026-07-17,NSE,SUNPHARMA,raw_l2/trade_date=2026-07-17/exchange=NSE/symbol=SUNPHARMA/part-085213_116384-041692.parquet,real_data_sample\l2_unseen_validation\trade_date=2026-07-17\exchange=NSE\symbol=SUNPHARMA\part-085213_116384-041692.parquet,34609,downloaded,34609,
2026-07-17,NSE,SUNPHARMA,raw_l2/trade_date=2026-07-17/exchange=NSE/symbol=SUNPHARMA/part-085701_755678-042332.parquet,real_data_sample\l2_unseen_validation\trade_date=2026-07-17\exchange=NSE\symbol=SUNPHARMA\part-085701_755678-042332.parquet,34613,downloaded,34613,
2026-07-17,NSE,SUNPHARMA,raw_l2/trade_date=2026-07-17/exchange=NSE/symbol=SUNPHARMA/part-085647_633173-042300.parquet,real_data_sample\l2_unseen_validation\trade_date=2026-07-17\exchange=NSE\symbol=SUNPHARMA\part-085647_633173-042300.parquet,34685,downloaded,34685,
2026-07-17,NSE,SUNPHARMA,raw_l2/trade_date=2026-07-17/exchange=NSE/symbol=SUNPHARMA/part-085715_968796-042364.parquet,real_data_sample\l2_unseen_validation\trade_date=2026-07-17\exchange=NSE\symbol=SUNPHARMA\part-085715_968796-042364.parquet,34581,downloaded,34581,
2026-07-17,NSE,SUNPHARMA,raw_l2/trade_date=2026-07-17/exchange=NSE/symbol=SUNPHARMA/part-085842_320098-042556.parquet,real_data_sample\l2_unseen_validation\trade_date=2026-07-17\exchange=NSE\symbol=SUNPHARMA\part-085842_320098-042556.parquet,34801,downloaded,34801,
2026-07-17,NSE,SUNPHARMA,raw_l2/trade_date=2026-07-17/exchange=NSE/symbol=SUNPHARMA/part-085827_931655-042524.parquet,real_data_sample\l2_unseen_validation\trade_date=2026-07-17\exchange=NSE\symbol=SUNPHARMA\part-085827_931655-042524.parquet,34877,downloaded,34877,
2026-07-17,NSE,SUNPHARMA,raw_l2/trade_date=2026-07-17/exchange=NSE/symbol=SUNPHARMA/part-082037_460612-037468.parquet,real_data_sample\l2_unseen_validation\trade_date=2026-07-17\exchange=NSE\symbol=SUNPHARMA\part-082037_460612-037468.parquet,35960,downloaded,35960,
2026-07-17,NSE,SUNPHARMA,raw_l2/trade_date=2026-07-17/exchange=NSE/symbol=SUNPHARMA/part-085856_857902-042588.parquet,real_data_sample\l2_unseen_validation\trade_date=2026-07-17\exchange=NSE\symbol=SUNPHARMA\part-085856_857902-042588.parquet,34926,downloaded,34926,
2026-07-17,NSE,SUNPHARMA,raw_l2/trade_date=2026-07-17/exchange=NSE/symbol=SUNPHARMA/part-090024_251565-042780.parquet,real_data_sample\l2_unseen_validation\trade_date=2026-07-17\exchange=NSE\symbol=SUNPHARMA\part-090024_251565-042780.parquet,34637,downloaded,34637,
2026-07-17,NSE,SUNPHARMA,raw_l2/trade_date=2026-07-17/exchange=NSE/symbol=SUNPHARMA/part-090122_524002-042908.parquet,real_data_sample\l2_unseen_validation\trade_date=2026-07-17\exchange=NSE\symbol=SUNPHARMA\part-090122_524002-042908.parquet,34975,downloaded,34975,
2026-07-17,NSE,SUNPHARMA,raw_l2/trade_date=2026-07-17/exchange=NSE/symbol=SUNPHARMA/part-090038_754925-042812.parquet,real_data_sample\l2_unseen_validation\trade_date=2026-07-17\exchange=NSE\symbol=SUNPHARMA\part-090038_754925-042812.parquet,34652,downloaded,34652,
2026-07-17,NSE,SUNPHARMA,raw_l2/trade_date=2026-07-17/exchange=NSE/symbol=SUNPHARMA/part-085911_362344-042620.parquet,real_data_sample\l2_unseen_validation\trade_date=2026-07-17\exchange=NSE\symbol=SUNPHARMA\part-085911_362344-042620.parquet,34578,downloaded,34578,
2026-07-17,NSE,SUNPHARMA,raw_l2/trade_date=2026-07-17/exchange=NSE/symbol=SUNPHARMA/part-090009_971560-042748.parquet,real_data_sample\l2_unseen_validation\trade_date=2026-07-17\exchange=NSE\symbol=SUNPHARMA\part-090009_971560-042748.parquet,34855,downloaded,34855,
2026-07-17,NSE,SUNPHARMA,raw_l2/trade_date=2026-07-17/exchange=NSE/symbol=SUNPHARMA/part-090136_908095-042940.parquet,real_data_sample\l2_unseen_validation\trade_date=2026-07-17\exchange=NSE\symbol=SUNPHARMA\part-090136_908095-042940.parquet,34893,downloaded,34893,
2026-07-17,NSE,SUNPHARMA,raw_l2/trade_date=2026-07-17/exchange=NSE/symbol=SUNPHARMA/part-085926_178644-042652.parquet,real_data_sample\l2_unseen_validation\trade_date=2026-07-17\exchange=NSE\symbol=SUNPHARMA\part-085926_178644-042652.parquet,34752,downloaded,34752,
2026-07-17,NSE,SUNPHARMA,raw_l2/trade_date=2026-07-17/exchange=NSE/symbol=SUNPHARMA/part-090053_387126-042844.parquet,real_data_sample\l2_unseen_validation\trade_date=2026-07-17\exchange=NSE\symbol=SUNPHARMA\part-090053_387126-042844.parquet,34888,downloaded,34888,
2026-07-17,NSE,SUNPHARMA,raw_l2/trade_date=2026-07-17/exchange=NSE/symbol=SUNPHARMA/part-090401_514398-043260.parquet,real_data_sample\l2_unseen_validation\trade_date=2026-07-17\exchange=NSE\symbol=SUNPHARMA\part-090401_514398-043260.parquet,36569,downloaded,36569,
2026-07-17,NSE,SUNPHARMA,raw_l2/trade_date=2026-07-17/exchange=NSE/symbol=SUNPHARMA/part-090151_294443-042972.parquet,real_data_sample\l2_unseen_validation\trade_date=2026-07-17\exchange=NSE\symbol=SUNPHARMA\part-090151_294443-042972.parquet,34849,downloaded,34849,
2026-07-17,NSE,SUNPHARMA,raw_l2/trade_date=2026-07-17/exchange=NSE/symbol=SUNPHARMA/part-085940_821713-042684.parquet,real_data_sample\l2_unseen_validation\trade_date=2026-07-17\exchange=NSE\symbol=SUNPHARMA\part-085940_821713-042684.parquet,34644,downloaded,34644,
2026-07-17,NSE,SUNPHARMA,raw_l2/trade_date=2026-07-17/exchange=NSE/symbol=SUNPHARMA/part-090234_040636-043068.parquet,real_data_sample\l2_unseen_validation\trade_date=2026-07-17\exchange=NSE\symbol=SUNPHARMA\part-090234_040636-043068.parquet,34784,downloaded,34784,
2026-07-17,NSE,SUNPHARMA,raw_l2/trade_date=2026-07-17/exchange=NSE/symbol=SUNPHARMA/part-090302_972466-043132.parquet,real_data_sample\l2_unseen_validation\trade_date=2026-07-17\exchange=NSE\symbol=SUNPHARMA\part-090302_972466-043132.parquet,34887,downloaded,34887,
2026-07-17,NSE,SUNPHARMA,raw_l2/trade_date=2026-07-17/exchange=NSE/symbol=SUNPHARMA/part-090205_479768-043004.parquet,real_data_sample\l2_unseen_validation\trade_date=2026-07-17\exchange=NSE\symbol=SUNPHARMA\part-090205_479768-043004.parquet,34728,downloaded,34728,
2026-07-17,NSE,SUNPHARMA,raw_l2/trade_date=2026-07-17/exchange=NSE/symbol=SUNPHARMA/part-090107_930389-042876.parquet,real_data_sample\l2_unseen_validation\trade_date=2026-07-17\exchange=NSE\symbol=SUNPHARMA\part-090107_930389-042876.parquet,34745,downloaded,34745,
2026-07-17,NSE,SUNPHARMA,raw_l2/trade_date=2026-07-17/exchange=NSE/symbol=SUNPHARMA/part-090219_631185-043036.parquet,real_data_sample\l2_unseen_validation\trade_date=2026-07-17\exchange=NSE\symbol=SUNPHARMA\part-090219_631185-043036.parquet,34825,downloaded,34825,
2026-07-17,NSE,SUNPHARMA,raw_l2/trade_date=2026-07-17/exchange=NSE/symbol=SUNPHARMA/part-090331_959712-043196.parquet,real_data_sample\l2_unseen_validation\trade_date=2026-07-17\exchange=NSE\symbol=SUNPHARMA\part-090331_959712-043196.parquet,35725,downloaded,35725,
2026-07-17,NSE,SUNPHARMA,raw_l2/trade_date=2026-07-17/exchange=NSE/symbol=SUNPHARMA/part-090317_321123-043164.parquet,real_data_sample\l2_unseen_validation\trade_date=2026-07-17\exchange=NSE\symbol=SUNPHARMA\part-090317_321123-043164.parquet,35143,downloaded,35143,
2026-07-17,NSE,SUNPHARMA,raw_l2/trade_date=2026-07-17/exchange=NSE/symbol=SUNPHARMA/part-085955_551856-042716.parquet,real_data_sample\l2_unseen_validation\trade_date=2026-07-17\exchange=NSE\symbol=SUNPHARMA\part-085955_551856-042716.parquet,34896,downloaded,34896,
2026-07-17,NSE,SUNPHARMA,raw_l2/trade_date=2026-07-17/exchange=NSE/symbol=SUNPHARMA/part-090415_702447-043292.parquet,real_data_sample\l2_unseen_validation\trade_date=2026-07-17\exchange=NSE\symbol=SUNPHARMA\part-090415_702447-043292.parquet,36817,downloaded,36817,
2026-07-17,NSE,SUNPHARMA,raw_l2/trade_date=2026-07-17/exchange=NSE/symbol=SUNPHARMA/part-090248_587097-043100.parquet,real_data_sample\l2_unseen_validation\trade_date=2026-07-17\exchange=NSE\symbol=SUNPHARMA\part-090248_587097-043100.parquet,34787,downloaded,34787,
2026-07-17,NSE,SUNPHARMA,raw_l2/trade_date=2026-07-17/exchange=NSE/symbol=SUNPHARMA/part-090346_879936-043228.parquet,real_data_sample\l2_unseen_validation\trade_date=2026-07-17\exchange=NSE\symbol=SUNPHARMA\part-090346_879936-043228.parquet,36646,downloaded,36646,
2026-07-17,NSE,SUNPHARMA,raw_l2/trade_date=2026-07-17/exchange=NSE/symbol=SUNPHARMA/part-090445_039012-043356.parquet,real_data_sample\l2_unseen_validation\trade_date=2026-07-17\exchange=NSE\symbol=SUNPHARMA\part-090445_039012-043356.parquet,36067,downloaded,36067,
2026-07-17,NSE,SUNPHARMA,raw_l2/trade_date=2026-07-17/exchange=NSE/symbol=SUNPHARMA/part-090459_781492-043388.parquet,real_data_sample\l2_unseen_validation\trade_date=2026-07-17\exchange=NSE\symbol=SUNPHARMA\part-090459_781492-043388.parquet,35507,downloaded,35507,
2026-07-17,NSE,SUNPHARMA,raw_l2/trade_date=2026-07-17/exchange=NSE/symbol=SUNPHARMA/part-090430_241674-043324.parquet,real_data_sample\l2_unseen_validation\trade_date=2026-07-17\exchange=NSE\symbol=SUNPHARMA\part-090430_241674-043324.parquet,35746,downloaded,35746,
2026-07-17,NSE,SUNPHARMA,raw_l2/trade_date=2026-07-17/exchange=NSE/symbol=SUNPHARMA/part-090514_430708-043420.parquet,real_data_sample\l2_unseen_validation\trade_date=2026-07-17\exchange=NSE\symbol=SUNPHARMA\part-090514_430708-043420.parquet,36162,downloaded,36162,
2026-07-17,NSE,SUNPHARMA,raw_l2/trade_date=2026-07-17/exchange=NSE/symbol=SUNPHARMA/part-090528_805619-043452.parquet,real_data_sample\l2_unseen_validation\trade_date=2026-07-17\exchange=NSE\symbol=SUNPHARMA\part-090528_805619-043452.parquet,34752,downloaded,34752,
2026-07-17,NSE,SUNPHARMA,raw_l2/trade_date=2026-07-17/exchange=NSE/symbol=SUNPHARMA/part-082121_197106-037564.parquet,real_data_sample\l2_unseen_validation\trade_date=2026-07-17\exchange=NSE\symbol=SUNPHARMA\part-082121_197106-037564.parquet,36002,downloaded,36002,
2026-07-17,NSE,SUNPHARMA,raw_l2/trade_date=2026-07-17/exchange=NSE/symbol=SUNPHARMA/part-090557_426306-043516.parquet,real_data_sample\l2_unseen_validation\trade_date=2026-07-17\exchange=NSE\symbol=SUNPHARMA\part-090557_426306-043516.parquet,34584,downloaded,34584,
2026-07-17,NSE,SUNPHARMA,raw_l2/trade_date=2026-07-17/exchange=NSE/symbol=SUNPHARMA/part-090626_331473-043580.parquet,real_data_sample\l2_unseen_validation\trade_date=2026-07-17\exchange=NSE\symbol=SUNPHARMA\part-090626_331473-043580.parquet,35420,downloaded,35420,
2026-07-17,NSE,SUNPHARMA,raw_l2/trade_date=2026-07-17/exchange=NSE/symbol=SUNPHARMA/part-090611_825515-043548.parquet,real_data_sample\l2_unseen_validation\trade_date=2026-07-17\exchange=NSE\symbol=SUNPHARMA\part-090611_825515-043548.parquet,34756,downloaded,34756,
2026-07-17,NSE,SUNPHARMA,raw_l2/trade_date=2026-07-17/exchange=NSE/symbol=SUNPHARMA/part-082149_678337-037628.parquet,real_data_sample\l2_unseen_validation\trade_date=2026-07-17\exchange=NSE\symbol=SUNPHARMA\part-082149_678337-037628.parquet,36342,downloaded,36342,
2026-07-17,NSE,SUNPHARMA,raw_l2/trade_date=2026-07-17/exchange=NSE/symbol=SUNPHARMA/part-090640_872971-043612.parquet,real_data_sample\l2_unseen_validation\trade_date=2026-07-17\exchange=NSE\symbol=SUNPHARMA\part-090640_872971-043612.parquet,36086,downloaded,36086,
2026-07-17,NSE,SUNPHARMA,raw_l2/trade_date=2026-07-17/exchange=NSE/symbol=SUNPHARMA/part-090655_321322-043644.parquet,real_data_sample\l2_unseen_validation\trade_date=2026-07-17\exchange=NSE\symbol=SUNPHARMA\part-090655_321322-043644.parquet,36110,downloaded,36110,
2026-07-17,NSE,SUNPHARMA,raw_l2/trade_date=2026-07-17/exchange=NSE/symbol=SUNPHARMA/part-090836_879879-043868.parquet,real_data_sample\l2_unseen_validation\trade_date=2026-07-17\exchange=NSE\symbol=SUNPHARMA\part-090836_879879-043868.parquet,35830,downloaded,35830,
2026-07-17,NSE,SUNPHARMA,raw_l2/trade_date=2026-07-17/exchange=NSE/symbol=SUNPHARMA/part-090738_452893-043740.parquet,real_data_sample\l2_unseen_validation\trade_date=2026-07-17\exchange=NSE\symbol=SUNPHARMA\part-090738_452893-043740.parquet,36236,downloaded,36236,
2026-07-17,NSE,SUNPHARMA,raw_l2/trade_date=2026-07-17/exchange=NSE/symbol=SUNPHARMA/part-090807_739469-043804.parquet,real_data_sample\l2_unseen_validation\trade_date=2026-07-17\exchange=NSE\symbol=SUNPHARMA\part-090807_739469-043804.parquet,36252,downloaded,36252,
2026-07-17,NSE,SUNPHARMA,raw_l2/trade_date=2026-07-17/exchange=NSE/symbol=SUNPHARMA/part-082135_588114-037596.parquet,real_data_sample\l2_unseen_validation\trade_date=2026-07-17\exchange=NSE\symbol=SUNPHARMA\part-082135_588114-037596.parquet,36176,downloaded,36176,
2026-07-17,NSE,SUNPHARMA,raw_l2/trade_date=2026-07-17/exchange=NSE/symbol=SUNPHARMA/part-090709_827382-043676.parquet,real_data_sample\l2_unseen_validation\trade_date=2026-07-17\exchange=NSE\symbol=SUNPHARMA\part-090709_827382-043676.parquet,36711,downloaded,36711,
2026-07-17,NSE,SUNPHARMA,raw_l2/trade_date=2026-07-17/exchange=NSE/symbol=SUNPHARMA/part-090851_427234-043900.parquet,real_data_sample\l2_unseen_validation\trade_date=2026-07-17\exchange=NSE\symbol=SUNPHARMA\part-090851_427234-043900.parquet,36282,downloaded,36282,
2026-07-17,NSE,SUNPHARMA,raw_l2/trade_date=2026-07-17/exchange=NSE/symbol=SUNPHARMA/part-090951_612030-044028.parquet,real_data_sample\l2_unseen_validation\trade_date=2026-07-17\exchange=NSE\symbol=SUNPHARMA\part-090951_612030-044028.parquet,35356,downloaded,35356,
2026-07-17,NSE,SUNPHARMA,raw_l2/trade_date=2026-07-17/exchange=NSE/symbol=SUNPHARMA/part-090822_114016-043836.parquet,real_data_sample\l2_unseen_validation\trade_date=2026-07-17\exchange=NSE\symbol=SUNPHARMA\part-090822_114016-043836.parquet,36166,downloaded,36166,
2026-07-17,NSE,SUNPHARMA,raw_l2/trade_date=2026-07-17/exchange=NSE/symbol=SUNPHARMA/part-090752_911807-043772.parquet,real_data_sample\l2_unseen_validation\trade_date=2026-07-17\exchange=NSE\symbol=SUNPHARMA\part-090752_911807-043772.parquet,36308,downloaded,36308,
2026-07-17,NSE,SUNPHARMA,raw_l2/trade_date=2026-07-17/exchange=NSE/symbol=SUNPHARMA/part-090936_087165-043996.parquet,real_data_sample\l2_unseen_validation\trade_date=2026-07-17\exchange=NSE\symbol=SUNPHARMA\part-090936_087165-043996.parquet,35781,downloaded,35781,
2026-07-17,NSE,SUNPHARMA,raw_l2/trade_date=2026-07-17/exchange=NSE/symbol=SUNPHARMA/part-090724_237352-043708.parquet,real_data_sample\l2_unseen_validation\trade_date=2026-07-17\exchange=NSE\symbol=SUNPHARMA\part-090724_237352-043708.parquet,35867,downloaded,35867,
2026-07-17,NSE,SUNPHARMA,raw_l2/trade_date=2026-07-17/exchange=NSE/symbol=SUNPHARMA/part-090921_552153-043964.parquet,real_data_sample\l2_unseen_validation\trade_date=2026-07-17\exchange=NSE\symbol=SUNPHARMA\part-090921_552153-043964.parquet,35754,downloaded,35754,
2026-07-17,NSE,SUNPHARMA,raw_l2/trade_date=2026-07-17/exchange=NSE/symbol=SUNPHARMA/part-091050_204102-044156.parquet,real_data_sample\l2_unseen_validation\trade_date=2026-07-17\exchange=NSE\symbol=SUNPHARMA\part-091050_204102-044156.parquet,34589,downloaded,34589,
2026-07-17,NSE,SUNPHARMA,raw_l2/trade_date=2026-07-17/exchange=NSE/symbol=SUNPHARMA/part-090906_407901-043932.parquet,real_data_sample\l2_unseen_validation\trade_date=2026-07-17\exchange=NSE\symbol=SUNPHARMA\part-090906_407901-043932.parquet,35728,downloaded,35728,
2026-07-17,NSE,SUNPHARMA,raw_l2/trade_date=2026-07-17/exchange=NSE/symbol=SUNPHARMA/part-091020_849554-044092.parquet,real_data_sample\l2_unseen_validation\trade_date=2026-07-17\exchange=NSE\symbol=SUNPHARMA\part-091020_849554-044092.parquet,34804,downloaded,34804,
2026-07-17,NSE,SUNPHARMA,raw_l2/trade_date=2026-07-17/exchange=NSE/symbol=SUNPHARMA/part-091234_398933-044380.parquet,real_data_sample\l2_unseen_validation\trade_date=2026-07-17\exchange=NSE\symbol=SUNPHARMA\part-091234_398933-044380.parquet,35754,downloaded,35754,
2026-07-17,NSE,SUNPHARMA,raw_l2/trade_date=2026-07-17/exchange=NSE/symbol=SUNPHARMA/part-091035_640650-044124.parquet,real_data_sample\l2_unseen_validation\trade_date=2026-07-17\exchange=NSE\symbol=SUNPHARMA\part-091035_640650-044124.parquet,34636,downloaded,34636,
2026-07-17,NSE,SUNPHARMA,raw_l2/trade_date=2026-07-17/exchange=NSE/symbol=SUNPHARMA/part-091248_793628-044412.parquet,real_data_sample\l2_unseen_validation\trade_date=2026-07-17\exchange=NSE\symbol=SUNPHARMA\part-091248_793628-044412.parquet,36216,downloaded,36216,
2026-07-17,NSE,SUNPHARMA,raw_l2/trade_date=2026-07-17/exchange=NSE/symbol=SUNPHARMA/part-091104_819659-044188.parquet,real_data_sample\l2_unseen_validation\trade_date=2026-07-17\exchange=NSE\symbol=SUNPHARMA\part-091104_819659-044188.parquet,35020,downloaded,35020,
2026-07-17,NSE,SUNPHARMA,raw_l2/trade_date=2026-07-17/exchange=NSE/symbol=SUNPHARMA/part-091134_505665-044252.parquet,real_data_sample\l2_unseen_validation\trade_date=2026-07-17\exchange=NSE\symbol=SUNPHARMA\part-091134_505665-044252.parquet,34832,downloaded,34832,
2026-07-17,NSE,SUNPHARMA,raw_l2/trade_date=2026-07-17/exchange=NSE/symbol=SUNPHARMA/part-091119_751676-044220.parquet,real_data_sample\l2_unseen_validation\trade_date=2026-07-17\exchange=NSE\symbol=SUNPHARMA\part-091119_751676-044220.parquet,34861,downloaded,34861,
2026-07-17,NSE,SUNPHARMA,raw_l2/trade_date=2026-07-17/exchange=NSE/symbol=SUNPHARMA/part-091148_902050-044284.parquet,real_data_sample\l2_unseen_validation\trade_date=2026-07-17\exchange=NSE\symbol=SUNPHARMA\part-091148_902050-044284.parquet,34887,downloaded,34887,
2026-07-17,NSE,SUNPHARMA,raw_l2/trade_date=2026-07-17/exchange=NSE/symbol=SUNPHARMA/part-091006_562225-044060.parquet,real_data_sample\l2_unseen_validation\trade_date=2026-07-17\exchange=NSE\symbol=SUNPHARMA\part-091006_562225-044060.parquet,35390,downloaded,35390,
2026-07-17,NSE,SUNPHARMA,raw_l2/trade_date=2026-07-17/exchange=NSE/symbol=SUNPHARMA/part-090543_199443-043484.parquet,real_data_sample\l2_unseen_validation\trade_date=2026-07-17\exchange=NSE\symbol=SUNPHARMA\part-090543_199443-043484.parquet,34901,downloaded,34901,
2026-07-17,NSE,SUNPHARMA,raw_l2/trade_date=2026-07-17/exchange=NSE/symbol=SUNPHARMA/part-091203_621562-044316.parquet,real_data_sample\l2_unseen_validation\trade_date=2026-07-17\exchange=NSE\symbol=SUNPHARMA\part-091203_621562-044316.parquet,34674,downloaded,34674,
2026-07-17,NSE,SUNPHARMA,raw_l2/trade_date=2026-07-17/exchange=NSE/symbol=SUNPHARMA/part-091218_956346-044348.parquet,real_data_sample\l2_unseen_validation\trade_date=2026-07-17\exchange=NSE\symbol=SUNPHARMA\part-091218_956346-044348.parquet,35103,downloaded,35103,
2026-07-17,NSE,SUNPHARMA,raw_l2/trade_date=2026-07-17/exchange=NSE/symbol=SUNPHARMA/part-091332_341094-044508.parquet,real_data_sample\l2_unseen_validation\trade_date=2026-07-17\exchange=NSE\symbol=SUNPHARMA\part-091332_341094-044508.parquet,36161,downloaded,36161,
2026-07-17,NSE,SUNPHARMA,raw_l2/trade_date=2026-07-17/exchange=NSE/symbol=SUNPHARMA/part-091303_319876-044444.parquet,real_data_sample\l2_unseen_validation\trade_date=2026-07-17\exchange=NSE\symbol=SUNPHARMA\part-091303_319876-044444.parquet,36757,downloaded,36757,
2026-07-17,NSE,SUNPHARMA,raw_l2/trade_date=2026-07-17/exchange=NSE/symbol=SUNPHARMA/part-091317_892520-044476.parquet,real_data_sample\l2_unseen_validation\trade_date=2026-07-17\exchange=NSE\symbol=SUNPHARMA\part-091317_892520-044476.parquet,36240,downloaded,36240,
2026-07-17,NSE,SUNPHARMA,raw_l2/trade_date=2026-07-17/exchange=NSE/symbol=SUNPHARMA/part-091346_830475-044540.parquet,real_data_sample\l2_unseen_validation\trade_date=2026-07-17\exchange=NSE\symbol=SUNPHARMA\part-091346_830475-044540.parquet,36038,downloaded,36038,
2026-07-17,NSE,SUNPHARMA,raw_l2/trade_date=2026-07-17/exchange=NSE/symbol=SUNPHARMA/part-091430_135781-044636.parquet,real_data_sample\l2_unseen_validation\trade_date=2026-07-17\exchange=NSE\symbol=SUNPHARMA\part-091430_135781-044636.parquet,35817,downloaded,35817,
2026-07-17,NSE,SUNPHARMA,raw_l2/trade_date=2026-07-17/exchange=NSE/symbol=SUNPHARMA/part-091415_678936-044604.parquet,real_data_sample\l2_unseen_validation\trade_date=2026-07-17\exchange=NSE\symbol=SUNPHARMA\part-091415_678936-044604.parquet,36126,downloaded,36126,
2026-07-17,NSE,SUNPHARMA,raw_l2/trade_date=2026-07-17/exchange=NSE/symbol=SUNPHARMA/part-091401_448048-044572.parquet,real_data_sample\l2_unseen_validation\trade_date=2026-07-17\exchange=NSE\symbol=SUNPHARMA\part-091401_448048-044572.parquet,36237,downloaded,36237,
2026-07-17,NSE,SUNPHARMA,raw_l2/trade_date=2026-07-17/exchange=NSE/symbol=SUNPHARMA/part-091444_538264-044668.parquet,real_data_sample\l2_unseen_validation\trade_date=2026-07-17\exchange=NSE\symbol=SUNPHARMA\part-091444_538264-044668.parquet,35639,downloaded,35639,
2026-07-17,NSE,SUNPHARMA,raw_l2/trade_date=2026-07-17/exchange=NSE/symbol=SUNPHARMA/part-091459_025569-044700.parquet,real_data_sample\l2_unseen_validation\trade_date=2026-07-17\exchange=NSE\symbol=SUNPHARMA\part-091459_025569-044700.parquet,35993,downloaded,35993,
2026-07-17,NSE,SUNPHARMA,raw_l2/trade_date=2026-07-17/exchange=NSE/symbol=SUNPHARMA/part-091513_320659-044732.parquet,real_data_sample\l2_unseen_validation\trade_date=2026-07-17\exchange=NSE\symbol=SUNPHARMA\part-091513_320659-044732.parquet,35650,downloaded,35650,
2026-07-17,NSE,SUNPHARMA,raw_l2/trade_date=2026-07-17/exchange=NSE/symbol=SUNPHARMA/part-091625_533480-044892.parquet,real_data_sample\l2_unseen_validation\trade_date=2026-07-17\exchange=NSE\symbol=SUNPHARMA\part-091625_533480-044892.parquet,36149,downloaded,36149,
2026-07-17,NSE,SUNPHARMA,raw_l2/trade_date=2026-07-17/exchange=NSE/symbol=SUNPHARMA/part-091611_129504-044860.parquet,real_data_sample\l2_unseen_validation\trade_date=2026-07-17\exchange=NSE\symbol=SUNPHARMA\part-091611_129504-044860.parquet,35908,downloaded,35908,
2026-07-17,NSE,SUNPHARMA,raw_l2/trade_date=2026-07-17/exchange=NSE/symbol=SUNPHARMA/part-091708_196629-044988.parquet,real_data_sample\l2_unseen_validation\trade_date=2026-07-17\exchange=NSE\symbol=SUNPHARMA\part-091708_196629-044988.parquet,36093,downloaded,36093,
2026-07-17,NSE,SUNPHARMA,raw_l2/trade_date=2026-07-17/exchange=NSE/symbol=SUNPHARMA/part-091556_625766-044828.parquet,real_data_sample\l2_unseen_validation\trade_date=2026-07-17\exchange=NSE\symbol=SUNPHARMA\part-091556_625766-044828.parquet,36117,downloaded,36117,
2026-07-17,NSE,SUNPHARMA,raw_l2/trade_date=2026-07-17/exchange=NSE/symbol=SUNPHARMA/part-091639_805233-044924.parquet,real_data_sample\l2_unseen_validation\trade_date=2026-07-17\exchange=NSE\symbol=SUNPHARMA\part-091639_805233-044924.parquet,36482,downloaded,36482,
2026-07-17,NSE,SUNPHARMA,raw_l2/trade_date=2026-07-17/exchange=NSE/symbol=SUNPHARMA/part-091653_956180-044956.parquet,real_data_sample\l2_unseen_validation\trade_date=2026-07-17\exchange=NSE\symbol=SUNPHARMA\part-091653_956180-044956.parquet,36439,downloaded,36439,
2026-07-17,NSE,SUNPHARMA,raw_l2/trade_date=2026-07-17/exchange=NSE/symbol=SUNPHARMA/part-091527_544942-044764.parquet,real_data_sample\l2_unseen_validation\trade_date=2026-07-17\exchange=NSE\symbol=SUNPHARMA\part-091527_544942-044764.parquet,35601,downloaded,35601,
2026-07-17,NSE,SUNPHARMA,raw_l2/trade_date=2026-07-17/exchange=NSE/symbol=SUNPHARMA/part-091541_856073-044796.parquet,real_data_sample\l2_unseen_validation\trade_date=2026-07-17\exchange=NSE\symbol=SUNPHARMA\part-091541_856073-044796.parquet,36010,downloaded,36010,
2026-07-17,NSE,SUNPHARMA,raw_l2/trade_date=2026-07-17/exchange=NSE/symbol=SUNPHARMA/part-091722_289134-045020.parquet,real_data_sample\l2_unseen_validation\trade_date=2026-07-17\exchange=NSE\symbol=SUNPHARMA\part-091722_289134-045020.parquet,36654,downloaded,36654,
2026-07-17,NSE,SUNPHARMA,raw_l2/trade_date=2026-07-17/exchange=NSE/symbol=SUNPHARMA/part-091736_430536-045052.parquet,real_data_sample\l2_unseen_validation\trade_date=2026-07-17\exchange=NSE\symbol=SUNPHARMA\part-091736_430536-045052.parquet,35702,downloaded,35702,
2026-07-17,NSE,SUNPHARMA,raw_l2/trade_date=2026-07-17/exchange=NSE/symbol=SUNPHARMA/part-091805_173133-045116.parquet,real_data_sample\l2_unseen_validation\trade_date=2026-07-17\exchange=NSE\symbol=SUNPHARMA\part-091805_173133-045116.parquet,35895,downloaded,35895,
2026-07-17,NSE,SUNPHARMA,raw_l2/trade_date=2026-07-17/exchange=NSE/symbol=SUNPHARMA/part-091750_633454-045084.parquet,real_data_sample\l2_unseen_validation\trade_date=2026-07-17\exchange=NSE\symbol=SUNPHARMA\part-091750_633454-045084.parquet,36113,downloaded,36113,
2026-07-17,NSE,SUNPHARMA,raw_l2/trade_date=2026-07-17/exchange=NSE/symbol=SUNPHARMA/part-091819_591696-045148.parquet,real_data_sample\l2_unseen_validation\trade_date=2026-07-17\exchange=NSE\symbol=SUNPHARMA\part-091819_591696-045148.parquet,35982,downloaded,35982,
2026-07-17,NSE,SUNPHARMA,raw_l2/trade_date=2026-07-17/exchange=NSE/symbol=SUNPHARMA/part-091833_980722-045180.parquet,real_data_sample\l2_unseen_validation\trade_date=2026-07-17\exchange=NSE\symbol=SUNPHARMA\part-091833_980722-045180.parquet,35503,downloaded,35503,
2026-07-17,NSE,SUNPHARMA,raw_l2/trade_date=2026-07-17/exchange=NSE/symbol=SUNPHARMA/part-091848_281666-045212.parquet,real_data_sample\l2_unseen_validation\trade_date=2026-07-17\exchange=NSE\symbol=SUNPHARMA\part-091848_281666-045212.parquet,35540,downloaded,35540,
2026-07-17,NSE,SUNPHARMA,raw_l2/trade_date=2026-07-17/exchange=NSE/symbol=SUNPHARMA/part-091902_863900-045244.parquet,real_data_sample\l2_unseen_validation\trade_date=2026-07-17\exchange=NSE\symbol=SUNPHARMA\part-091902_863900-045244.parquet,35579,downloaded,35579,
2026-07-17,NSE,SUNPHARMA,raw_l2/trade_date=2026-07-17/exchange=NSE/symbol=SUNPHARMA/part-091917_319218-045276.parquet,real_data_sample\l2_unseen_validation\trade_date=2026-07-17\exchange=NSE\symbol=SUNPHARMA\part-091917_319218-045276.parquet,35498,downloaded,35498,
2026-07-17,NSE,SUNPHARMA,raw_l2/trade_date=2026-07-17/exchange=NSE/symbol=SUNPHARMA/part-092000_118214-045372.parquet,real_data_sample\l2_unseen_validation\trade_date=2026-07-17\exchange=NSE\symbol=SUNPHARMA\part-092000_118214-045372.parquet,34930,downloaded,34930,
2026-07-17,NSE,SUNPHARMA,raw_l2/trade_date=2026-07-17/exchange=NSE/symbol=SUNPHARMA/part-091945_786268-045340.parquet,real_data_sample\l2_unseen_validation\trade_date=2026-07-17\exchange=NSE\symbol=SUNPHARMA\part-091945_786268-045340.parquet,34780,downloaded,34780,
2026-07-17,NSE,SUNPHARMA,raw_l2/trade_date=2026-07-17/exchange=NSE/symbol=SUNPHARMA/part-092014_352021-045404.parquet,real_data_sample\l2_unseen_validation\trade_date=2026-07-17\exchange=NSE\symbol=SUNPHARMA\part-092014_352021-045404.parquet,34918,downloaded,34918,
2026-07-17,NSE,SUNPHARMA,raw_l2/trade_date=2026-07-17/exchange=NSE/symbol=SUNPHARMA/part-091931_535807-045308.parquet,real_data_sample\l2_unseen_validation\trade_date=2026-07-17\exchange=NSE\symbol=SUNPHARMA\part-091931_535807-045308.parquet,34765,downloaded,34765,
2026-07-17,NSE,SUNPHARMA,raw_l2/trade_date=2026-07-17/exchange=NSE/symbol=SUNPHARMA/part-092057_455143-045500.parquet,real_data_sample\l2_unseen_validation\trade_date=2026-07-17\exchange=NSE\symbol=SUNPHARMA\part-092057_455143-045500.parquet,36084,downloaded,36084,
2026-07-17,NSE,SUNPHARMA,raw_l2/trade_date=2026-07-17/exchange=NSE/symbol=SUNPHARMA/part-092028_716744-045436.parquet,real_data_sample\l2_unseen_validation\trade_date=2026-07-17\exchange=NSE\symbol=SUNPHARMA\part-092028_716744-045436.parquet,36327,downloaded,36327,
2026-07-17,NSE,SUNPHARMA,raw_l2/trade_date=2026-07-17/exchange=NSE/symbol=SUNPHARMA/part-092042_905467-045468.parquet,real_data_sample\l2_unseen_validation\trade_date=2026-07-17\exchange=NSE\symbol=SUNPHARMA\part-092042_905467-045468.parquet,36003,downloaded,36003,
2026-07-17,NSE,SUNPHARMA,raw_l2/trade_date=2026-07-17/exchange=NSE/symbol=SUNPHARMA/part-092237_869236-045724.parquet,real_data_sample\l2_unseen_validation\trade_date=2026-07-17\exchange=NSE\symbol=SUNPHARMA\part-092237_869236-045724.parquet,36563,downloaded,36563,
2026-07-17,NSE,SUNPHARMA,raw_l2/trade_date=2026-07-17/exchange=NSE/symbol=SUNPHARMA/part-092209_218366-045660.parquet,real_data_sample\l2_unseen_validation\trade_date=2026-07-17\exchange=NSE\symbol=SUNPHARMA\part-092209_218366-045660.parquet,36074,downloaded,36074,
2026-07-17,NSE,SUNPHARMA,raw_l2/trade_date=2026-07-17/exchange=NSE/symbol=SUNPHARMA/part-092223_516117-045692.parquet,real_data_sample\l2_unseen_validation\trade_date=2026-07-17\exchange=NSE\symbol=SUNPHARMA\part-092223_516117-045692.parquet,36523,downloaded,36523,
2026-07-17,NSE,SUNPHARMA,raw_l2/trade_date=2026-07-17/exchange=NSE/symbol=SUNPHARMA/part-092154_945624-045628.parquet,real_data_sample\l2_unseen_validation\trade_date=2026-07-17\exchange=NSE\symbol=SUNPHARMA\part-092154_945624-045628.parquet,36226,downloaded,36226,
2026-07-17,NSE,SUNPHARMA,raw_l2/trade_date=2026-07-17/exchange=NSE/symbol=SUNPHARMA/part-092111_671251-045532.parquet,real_data_sample\l2_unseen_validation\trade_date=2026-07-17\exchange=NSE\symbol=SUNPHARMA\part-092111_671251-045532.parquet,36319,downloaded,36319,
2026-07-17,NSE,SUNPHARMA,raw_l2/trade_date=2026-07-17/exchange=NSE/symbol=SUNPHARMA/part-092140_740704-045596.parquet,real_data_sample\l2_unseen_validation\trade_date=2026-07-17\exchange=NSE\symbol=SUNPHARMA\part-092140_740704-045596.parquet,36266,downloaded,36266,
2026-07-17,NSE,SUNPHARMA,raw_l2/trade_date=2026-07-17/exchange=NSE/symbol=SUNPHARMA/part-092252_287388-045756.parquet,real_data_sample\l2_unseen_validation\trade_date=2026-07-17\exchange=NSE\symbol=SUNPHARMA\part-092252_287388-045756.parquet,36789,downloaded,36789,
2026-07-17,NSE,SUNPHARMA,raw_l2/trade_date=2026-07-17/exchange=NSE/symbol=SUNPHARMA/part-092126_053400-045564.parquet,real_data_sample\l2_unseen_validation\trade_date=2026-07-17\exchange=NSE\symbol=SUNPHARMA\part-092126_053400-045564.parquet,36124,downloaded,36124,
2026-07-17,NSE,SUNPHARMA,raw_l2/trade_date=2026-07-17/exchange=NSE/symbol=SUNPHARMA/part-092306_842964-045788.parquet,real_data_sample\l2_unseen_validation\trade_date=2026-07-17\exchange=NSE\symbol=SUNPHARMA\part-092306_842964-045788.parquet,36528,downloaded,36528,
2026-07-17,NSE,SUNPHARMA,raw_l2/trade_date=2026-07-17/exchange=NSE/symbol=SUNPHARMA/part-092434_022257-045980.parquet,real_data_sample\l2_unseen_validation\trade_date=2026-07-17\exchange=NSE\symbol=SUNPHARMA\part-092434_022257-045980.parquet,35926,downloaded,35926,
2026-07-17,NSE,SUNPHARMA,raw_l2/trade_date=2026-07-17/exchange=NSE/symbol=SUNPHARMA/part-092350_326202-045884.parquet,real_data_sample\l2_unseen_validation\trade_date=2026-07-17\exchange=NSE\symbol=SUNPHARMA\part-092350_326202-045884.parquet,36532,downloaded,36532,
2026-07-17,NSE,SUNPHARMA,raw_l2/trade_date=2026-07-17/exchange=NSE/symbol=SUNPHARMA/part-092321_290842-045820.parquet,real_data_sample\l2_unseen_validation\trade_date=2026-07-17\exchange=NSE\symbol=SUNPHARMA\part-092321_290842-045820.parquet,36108,downloaded,36108,
2026-07-17,NSE,SUNPHARMA,raw_l2/trade_date=2026-07-17/exchange=NSE/symbol=SUNPHARMA/part-092532_093402-046108.parquet,real_data_sample\l2_unseen_validation\trade_date=2026-07-17\exchange=NSE\symbol=SUNPHARMA\part-092532_093402-046108.parquet,35761,downloaded,35761,
2026-07-17,NSE,SUNPHARMA,raw_l2/trade_date=2026-07-17/exchange=NSE/symbol=SUNPHARMA/part-092419_313746-045948.parquet,real_data_sample\l2_unseen_validation\trade_date=2026-07-17\exchange=NSE\symbol=SUNPHARMA\part-092419_313746-045948.parquet,36310,downloaded,36310,
2026-07-17,NSE,SUNPHARMA,raw_l2/trade_date=2026-07-17/exchange=NSE/symbol=SUNPHARMA/part-092517_580047-046076.parquet,real_data_sample\l2_unseen_validation\trade_date=2026-07-17\exchange=NSE\symbol=SUNPHARMA\part-092517_580047-046076.parquet,36063,downloaded,36063,
2026-07-17,NSE,SUNPHARMA,raw_l2/trade_date=2026-07-17/exchange=NSE/symbol=SUNPHARMA/part-092404_890076-045916.parquet,real_data_sample\l2_unseen_validation\trade_date=2026-07-17\exchange=NSE\symbol=SUNPHARMA\part-092404_890076-045916.parquet,35929,downloaded,35929,
2026-07-17,NSE,SUNPHARMA,raw_l2/trade_date=2026-07-17/exchange=NSE/symbol=SUNPHARMA/part-092616_066574-046204.parquet,real_data_sample\l2_unseen_validation\trade_date=2026-07-17\exchange=NSE\symbol=SUNPHARMA\part-092616_066574-046204.parquet,36517,downloaded,36517,
2026-07-17,NSE,SUNPHARMA,raw_l2/trade_date=2026-07-17/exchange=NSE/symbol=SUNPHARMA/part-092631_380782-046236.parquet,real_data_sample\l2_unseen_validation\trade_date=2026-07-17\exchange=NSE\symbol=SUNPHARMA\part-092631_380782-046236.parquet,36153,downloaded,36153,
2026-07-17,NSE,SUNPHARMA,raw_l2/trade_date=2026-07-17/exchange=NSE/symbol=SUNPHARMA/part-092448_303854-046012.parquet,real_data_sample\l2_unseen_validation\trade_date=2026-07-17\exchange=NSE\symbol=SUNPHARMA\part-092448_303854-046012.parquet,35950,downloaded,35950,
2026-07-17,NSE,SUNPHARMA,raw_l2/trade_date=2026-07-17/exchange=NSE/symbol=SUNPHARMA/part-092601_331110-046172.parquet,real_data_sample\l2_unseen_validation\trade_date=2026-07-17\exchange=NSE\symbol=SUNPHARMA\part-092601_331110-046172.parquet,35487,downloaded,35487,
2026-07-17,NSE,SUNPHARMA,raw_l2/trade_date=2026-07-17/exchange=NSE/symbol=SUNPHARMA/part-092503_125990-046044.parquet,real_data_sample\l2_unseen_validation\trade_date=2026-07-17\exchange=NSE\symbol=SUNPHARMA\part-092503_125990-046044.parquet,36090,downloaded,36090,
2026-07-17,NSE,SUNPHARMA,raw_l2/trade_date=2026-07-17/exchange=NSE/symbol=SUNPHARMA/part-092546_747253-046140.parquet,real_data_sample\l2_unseen_validation\trade_date=2026-07-17\exchange=NSE\symbol=SUNPHARMA\part-092546_747253-046140.parquet,36053,downloaded,36053,
2026-07-17,NSE,SUNPHARMA,raw_l2/trade_date=2026-07-17/exchange=NSE/symbol=SUNPHARMA/part-092335_981308-045852.parquet,real_data_sample\l2_unseen_validation\trade_date=2026-07-17\exchange=NSE\symbol=SUNPHARMA\part-092335_981308-045852.parquet,36482,downloaded,36482,
2026-07-17,NSE,SUNPHARMA,raw_l2/trade_date=2026-07-17/exchange=NSE/symbol=SUNPHARMA/part-092645_705688-046268.parquet,real_data_sample\l2_unseen_validation\trade_date=2026-07-17\exchange=NSE\symbol=SUNPHARMA\part-092645_705688-046268.parquet,35925,downloaded,35925,
2026-07-17,NSE,SUNPHARMA,raw_l2/trade_date=2026-07-17/exchange=NSE/symbol=SUNPHARMA/part-092659_985052-046300.parquet,real_data_sample\l2_unseen_validation\trade_date=2026-07-17\exchange=NSE\symbol=SUNPHARMA\part-092659_985052-046300.parquet,35833,downloaded,35833,
2026-07-17,NSE,SUNPHARMA,raw_l2/trade_date=2026-07-17/exchange=NSE/symbol=SUNPHARMA/part-092728_741080-046364.parquet,real_data_sample\l2_unseen_validation\trade_date=2026-07-17\exchange=NSE\symbol=SUNPHARMA\part-092728_741080-046364.parquet,35600,downloaded,35600,
2026-07-17,NSE,SUNPHARMA,raw_l2/trade_date=2026-07-17/exchange=NSE/symbol=SUNPHARMA/part-092714_302398-046332.parquet,real_data_sample\l2_unseen_validation\trade_date=2026-07-17\exchange=NSE\symbol=SUNPHARMA\part-092714_302398-046332.parquet,35849,downloaded,35849,
2026-07-17,NSE,SUNPHARMA,raw_l2/trade_date=2026-07-17/exchange=NSE/symbol=SUNPHARMA/part-092743_181052-046396.parquet,real_data_sample\l2_unseen_validation\trade_date=2026-07-17\exchange=NSE\symbol=SUNPHARMA\part-092743_181052-046396.parquet,35553,downloaded,35553,
2026-07-17,NSE,SUNPHARMA,raw_l2/trade_date=2026-07-17/exchange=NSE/symbol=SUNPHARMA/part-092757_541011-046428.parquet,real_data_sample\l2_unseen_validation\trade_date=2026-07-17\exchange=NSE\symbol=SUNPHARMA\part-092757_541011-046428.parquet,35826,downloaded,35826,
2026-07-17,NSE,SUNPHARMA,raw_l2/trade_date=2026-07-17/exchange=NSE/symbol=SUNPHARMA/part-092811_878514-046460.parquet,real_data_sample\l2_unseen_validation\trade_date=2026-07-17\exchange=NSE\symbol=SUNPHARMA\part-092811_878514-046460.parquet,35848,downloaded,35848,
2026-07-17,NSE,SUNPHARMA,raw_l2/trade_date=2026-07-17/exchange=NSE/symbol=SUNPHARMA/part-092840_960272-046524.parquet,real_data_sample\l2_unseen_validation\trade_date=2026-07-17\exchange=NSE\symbol=SUNPHARMA\part-092840_960272-046524.parquet,35862,downloaded,35862,
2026-07-17,NSE,SUNPHARMA,raw_l2/trade_date=2026-07-17/exchange=NSE/symbol=SUNPHARMA/part-092826_429410-046492.parquet,real_data_sample\l2_unseen_validation\trade_date=2026-07-17\exchange=NSE\symbol=SUNPHARMA\part-092826_429410-046492.parquet,35982,downloaded,35982,
2026-07-17,NSE,SUNPHARMA,raw_l2/trade_date=2026-07-17/exchange=NSE/symbol=SUNPHARMA/part-092855_319771-046556.parquet,real_data_sample\l2_unseen_validation\trade_date=2026-07-17\exchange=NSE\symbol=SUNPHARMA\part-092855_319771-046556.parquet,35687,downloaded,35687,
2026-07-17,NSE,SUNPHARMA,raw_l2/trade_date=2026-07-17/exchange=NSE/symbol=SUNPHARMA/part-092910_177449-046588.parquet,real_data_sample\l2_unseen_validation\trade_date=2026-07-17\exchange=NSE\symbol=SUNPHARMA\part-092910_177449-046588.parquet,36384,downloaded,36384,
2026-07-17,NSE,SUNPHARMA,raw_l2/trade_date=2026-07-17/exchange=NSE/symbol=SUNPHARMA/part-092939_272854-046652.parquet,real_data_sample\l2_unseen_validation\trade_date=2026-07-17\exchange=NSE\symbol=SUNPHARMA\part-092939_272854-046652.parquet,36365,downloaded,36365,
2026-07-17,NSE,SUNPHARMA,raw_l2/trade_date=2026-07-17/exchange=NSE/symbol=SUNPHARMA/part-092924_600113-046620.parquet,real_data_sample\l2_unseen_validation\trade_date=2026-07-17\exchange=NSE\symbol=SUNPHARMA\part-092924_600113-046620.parquet,36170,downloaded,36170,
2026-07-17,NSE,SUNPHARMA,raw_l2/trade_date=2026-07-17/exchange=NSE/symbol=SUNPHARMA/part-092953_811729-046684.parquet,real_data_sample\l2_unseen_validation\trade_date=2026-07-17\exchange=NSE\symbol=SUNPHARMA\part-092953_811729-046684.parquet,36003,downloaded,36003,
2026-07-17,NSE,SUNPHARMA,raw_l2/trade_date=2026-07-17/exchange=NSE/symbol=SUNPHARMA/part-093300_049418-047100.parquet,real_data_sample\l2_unseen_validation\trade_date=2026-07-17\exchange=NSE\symbol=SUNPHARMA\part-093300_049418-047100.parquet,35978,downloaded,35978,
2026-07-17,NSE,SUNPHARMA,raw_l2/trade_date=2026-07-17/exchange=NSE/symbol=SUNPHARMA/part-093203_595989-046972.parquet,real_data_sample\l2_unseen_validation\trade_date=2026-07-17\exchange=NSE\symbol=SUNPHARMA\part-093203_595989-046972.parquet,36279,downloaded,36279,
2026-07-17,NSE,SUNPHARMA,raw_l2/trade_date=2026-07-17/exchange=NSE/symbol=SUNPHARMA/part-093314_374087-047132.parquet,real_data_sample\l2_unseen_validation\trade_date=2026-07-17\exchange=NSE\symbol=SUNPHARMA\part-093314_374087-047132.parquet,36301,downloaded,36301,
2026-07-17,NSE,SUNPHARMA,raw_l2/trade_date=2026-07-17/exchange=NSE/symbol=SUNPHARMA/part-093037_683550-046780.parquet,real_data_sample\l2_unseen_validation\trade_date=2026-07-17\exchange=NSE\symbol=SUNPHARMA\part-093037_683550-046780.parquet,36398,downloaded,36398,
2026-07-17,NSE,SUNPHARMA,raw_l2/trade_date=2026-07-17/exchange=NSE/symbol=SUNPHARMA/part-093134_878196-046908.parquet,real_data_sample\l2_unseen_validation\trade_date=2026-07-17\exchange=NSE\symbol=SUNPHARMA\part-093134_878196-046908.parquet,35542,downloaded,35542,
2026-07-17,NSE,SUNPHARMA,raw_l2/trade_date=2026-07-17/exchange=NSE/symbol=SUNPHARMA/part-093120_572391-046876.parquet,real_data_sample\l2_unseen_validation\trade_date=2026-07-17\exchange=NSE\symbol=SUNPHARMA\part-093120_572391-046876.parquet,35455,downloaded,35455,
2026-07-17,NSE,SUNPHARMA,raw_l2/trade_date=2026-07-17/exchange=NSE/symbol=SUNPHARMA/part-093023_287950-046748.parquet,real_data_sample\l2_unseen_validation\trade_date=2026-07-17\exchange=NSE\symbol=SUNPHARMA\part-093023_287950-046748.parquet,36360,downloaded,36360,
2026-07-17,NSE,SUNPHARMA,raw_l2/trade_date=2026-07-17/exchange=NSE/symbol=SUNPHARMA/part-093052_006470-046812.parquet,real_data_sample\l2_unseen_validation\trade_date=2026-07-17\exchange=NSE\symbol=SUNPHARMA\part-093052_006470-046812.parquet,36511,downloaded,36511,
2026-07-17,NSE,SUNPHARMA,raw_l2/trade_date=2026-07-17/exchange=NSE/symbol=SUNPHARMA/part-093149_286927-046940.parquet,real_data_sample\l2_unseen_validation\trade_date=2026-07-17\exchange=NSE\symbol=SUNPHARMA\part-093149_286927-046940.parquet,35933,downloaded,35933,
2026-07-17,NSE,SUNPHARMA,raw_l2/trade_date=2026-07-17/exchange=NSE/symbol=SUNPHARMA/part-093410_804286-047260.parquet,real_data_sample\l2_unseen_validation\trade_date=2026-07-17\exchange=NSE\symbol=SUNPHARMA\part-093410_804286-047260.parquet,36156,downloaded,36156,
2026-07-17,NSE,SUNPHARMA,raw_l2/trade_date=2026-07-17/exchange=NSE/symbol=SUNPHARMA/part-093106_297190-046844.parquet,real_data_sample\l2_unseen_validation\trade_date=2026-07-17\exchange=NSE\symbol=SUNPHARMA\part-093106_297190-046844.parquet,35766,downloaded,35766,
2026-07-17,NSE,SUNPHARMA,raw_l2/trade_date=2026-07-17/exchange=NSE/symbol=SUNPHARMA/part-093342_707952-047196.parquet,real_data_sample\l2_unseen_validation\trade_date=2026-07-17\exchange=NSE\symbol=SUNPHARMA\part-093342_707952-047196.parquet,36076,downloaded,36076,
2026-07-17,NSE,SUNPHARMA,raw_l2/trade_date=2026-07-17/exchange=NSE/symbol=SUNPHARMA/part-093008_867825-046716.parquet,real_data_sample\l2_unseen_validation\trade_date=2026-07-17\exchange=NSE\symbol=SUNPHARMA\part-093008_867825-046716.parquet,36064,downloaded,36064,
2026-07-17,NSE,SUNPHARMA,raw_l2/trade_date=2026-07-17/exchange=NSE/symbol=SUNPHARMA/part-093328_566252-047164.parquet,real_data_sample\l2_unseen_validation\trade_date=2026-07-17\exchange=NSE\symbol=SUNPHARMA\part-093328_566252-047164.parquet,36296,downloaded,36296,
2026-07-17,NSE,SUNPHARMA,raw_l2/trade_date=2026-07-17/exchange=NSE/symbol=SUNPHARMA/part-093217_504508-047004.parquet,real_data_sample\l2_unseen_validation\trade_date=2026-07-17\exchange=NSE\symbol=SUNPHARMA\part-093217_504508-047004.parquet,35961,downloaded,35961,
2026-07-17,NSE,SUNPHARMA,raw_l2/trade_date=2026-07-17/exchange=NSE/symbol=SUNPHARMA/part-093356_756149-047228.parquet,real_data_sample\l2_unseen_validation\trade_date=2026-07-17\exchange=NSE\symbol=SUNPHARMA\part-093356_756149-047228.parquet,36023,downloaded,36023,
2026-07-17,NSE,SUNPHARMA,raw_l2/trade_date=2026-07-17/exchange=NSE/symbol=SUNPHARMA/part-093245_980692-047068.parquet,real_data_sample\l2_unseen_validation\trade_date=2026-07-17\exchange=NSE\symbol=SUNPHARMA\part-093245_980692-047068.parquet,36177,downloaded,36177,
2026-07-17,NSE,SUNPHARMA,raw_l2/trade_date=2026-07-17/exchange=NSE/symbol=SUNPHARMA/part-093424_832634-047292.parquet,real_data_sample\l2_unseen_validation\trade_date=2026-07-17\exchange=NSE\symbol=SUNPHARMA\part-093424_832634-047292.parquet,36118,downloaded,36118,
2026-07-17,NSE,SUNPHARMA,raw_l2/trade_date=2026-07-17/exchange=NSE/symbol=SUNPHARMA/part-093439_006212-047324.parquet,real_data_sample\l2_unseen_validation\trade_date=2026-07-17\exchange=NSE\symbol=SUNPHARMA\part-093439_006212-047324.parquet,35990,downloaded,35990,
2026-07-17,NSE,SUNPHARMA,raw_l2/trade_date=2026-07-17/exchange=NSE/symbol=SUNPHARMA/part-093231_758698-047036.parquet,real_data_sample\l2_unseen_validation\trade_date=2026-07-17\exchange=NSE\symbol=SUNPHARMA\part-093231_758698-047036.parquet,36242,downloaded,36242,
2026-07-17,NSE,SUNPHARMA,raw_l2/trade_date=2026-07-17/exchange=NSE/symbol=SUNPHARMA/part-093507_616377-047388.parquet,real_data_sample\l2_unseen_validation\trade_date=2026-07-17\exchange=NSE\symbol=SUNPHARMA\part-093507_616377-047388.parquet,36433,downloaded,36433,
2026-07-17,NSE,SUNPHARMA,raw_l2/trade_date=2026-07-17/exchange=NSE/symbol=SUNPHARMA/part-093550_561305-047484.parquet,real_data_sample\l2_unseen_validation\trade_date=2026-07-17\exchange=NSE\symbol=SUNPHARMA\part-093550_561305-047484.parquet,36439,downloaded,36439,
2026-07-17,NSE,SUNPHARMA,raw_l2/trade_date=2026-07-17/exchange=NSE/symbol=SUNPHARMA/part-093605_087009-047516.parquet,real_data_sample\l2_unseen_validation\trade_date=2026-07-17\exchange=NSE\symbol=SUNPHARMA\part-093605_087009-047516.parquet,36054,downloaded,36054,
2026-07-17,NSE,SUNPHARMA,raw_l2/trade_date=2026-07-17/exchange=NSE/symbol=SUNPHARMA/part-093521_960429-047420.parquet,real_data_sample\l2_unseen_validation\trade_date=2026-07-17\exchange=NSE\symbol=SUNPHARMA\part-093521_960429-047420.parquet,36405,downloaded,36405,
2026-07-17,NSE,SUNPHARMA,raw_l2/trade_date=2026-07-17/exchange=NSE/symbol=SUNPHARMA/part-093453_089919-047356.parquet,real_data_sample\l2_unseen_validation\trade_date=2026-07-17\exchange=NSE\symbol=SUNPHARMA\part-093453_089919-047356.parquet,35953,downloaded,35953,
2026-07-17,NSE,SUNPHARMA,raw_l2/trade_date=2026-07-17/exchange=NSE/symbol=SUNPHARMA/part-093633_692731-047580.parquet,real_data_sample\l2_unseen_validation\trade_date=2026-07-17\exchange=NSE\symbol=SUNPHARMA\part-093633_692731-047580.parquet,35858,downloaded,35858,
2026-07-17,NSE,SUNPHARMA,raw_l2/trade_date=2026-07-17/exchange=NSE/symbol=SUNPHARMA/part-093619_498429-047548.parquet,real_data_sample\l2_unseen_validation\trade_date=2026-07-17\exchange=NSE\symbol=SUNPHARMA\part-093619_498429-047548.parquet,36195,downloaded,36195,
2026-07-17,NSE,SUNPHARMA,raw_l2/trade_date=2026-07-17/exchange=NSE/symbol=SUNPHARMA/part-093536_186772-047452.parquet,real_data_sample\l2_unseen_validation\trade_date=2026-07-17\exchange=NSE\symbol=SUNPHARMA\part-093536_186772-047452.parquet,36202,downloaded,36202,
2026-07-17,NSE,SUNPHARMA,raw_l2/trade_date=2026-07-17/exchange=NSE/symbol=SUNPHARMA/part-093715_832382-047676.parquet,real_data_sample\l2_unseen_validation\trade_date=2026-07-17\exchange=NSE\symbol=SUNPHARMA\part-093715_832382-047676.parquet,36269,downloaded,36269,
2026-07-17,NSE,SUNPHARMA,raw_l2/trade_date=2026-07-17/exchange=NSE/symbol=SUNPHARMA/part-093701_812533-047644.parquet,real_data_sample\l2_unseen_validation\trade_date=2026-07-17\exchange=NSE\symbol=SUNPHARMA\part-093701_812533-047644.parquet,36444,downloaded,36444,
2026-07-17,NSE,SUNPHARMA,raw_l2/trade_date=2026-07-17/exchange=NSE/symbol=SUNPHARMA/part-093647_780544-047612.parquet,real_data_sample\l2_unseen_validation\trade_date=2026-07-17\exchange=NSE\symbol=SUNPHARMA\part-093647_780544-047612.parquet,36651,downloaded,36651,
2026-07-17,NSE,SUNPHARMA,raw_l2/trade_date=2026-07-17/exchange=NSE/symbol=SUNPHARMA/part-093729_685901-047708.parquet,real_data_sample\l2_unseen_validation\trade_date=2026-07-17\exchange=NSE\symbol=SUNPHARMA\part-093729_685901-047708.parquet,36378,downloaded,36378,
2026-07-17,NSE,SUNPHARMA,raw_l2/trade_date=2026-07-17/exchange=NSE/symbol=SUNPHARMA/part-093854_651954-047900.parquet,real_data_sample\l2_unseen_validation\trade_date=2026-07-17\exchange=NSE\symbol=SUNPHARMA\part-093854_651954-047900.parquet,36321,downloaded,36321,
2026-07-17,NSE,SUNPHARMA,raw_l2/trade_date=2026-07-17/exchange=NSE/symbol=SUNPHARMA/part-093923_704356-047964.parquet,real_data_sample\l2_unseen_validation\trade_date=2026-07-17\exchange=NSE\symbol=SUNPHARMA\part-093923_704356-047964.parquet,36120,downloaded,36120,
2026-07-17,NSE,SUNPHARMA,raw_l2/trade_date=2026-07-17/exchange=NSE/symbol=SUNPHARMA/part-093909_230165-047932.parquet,real_data_sample\l2_unseen_validation\trade_date=2026-07-17\exchange=NSE\symbol=SUNPHARMA\part-093909_230165-047932.parquet,35876,downloaded,35876,
2026-07-17,NSE,SUNPHARMA,raw_l2/trade_date=2026-07-17/exchange=NSE/symbol=SUNPHARMA/part-094006_634724-048060.parquet,real_data_sample\l2_unseen_validation\trade_date=2026-07-17\exchange=NSE\symbol=SUNPHARMA\part-094006_634724-048060.parquet,35992,downloaded,35992,
2026-07-17,NSE,SUNPHARMA,raw_l2/trade_date=2026-07-17/exchange=NSE/symbol=SUNPHARMA/part-093826_142426-047836.parquet,real_data_sample\l2_unseen_validation\trade_date=2026-07-17\exchange=NSE\symbol=SUNPHARMA\part-093826_142426-047836.parquet,36306,downloaded,36306,
2026-07-17,NSE,SUNPHARMA,raw_l2/trade_date=2026-07-17/exchange=NSE/symbol=SUNPHARMA/part-093840_503671-047868.parquet,real_data_sample\l2_unseen_validation\trade_date=2026-07-17\exchange=NSE\symbol=SUNPHARMA\part-093840_503671-047868.parquet,36371,downloaded,36371,
2026-07-17,NSE,SUNPHARMA,raw_l2/trade_date=2026-07-17/exchange=NSE/symbol=SUNPHARMA/part-093937_931931-047996.parquet,real_data_sample\l2_unseen_validation\trade_date=2026-07-17\exchange=NSE\symbol=SUNPHARMA\part-093937_931931-047996.parquet,36244,downloaded,36244,
2026-07-17,NSE,SUNPHARMA,raw_l2/trade_date=2026-07-17/exchange=NSE/symbol=SUNPHARMA/part-094049_461466-048156.parquet,real_data_sample\l2_unseen_validation\trade_date=2026-07-17\exchange=NSE\symbol=SUNPHARMA\part-094049_461466-048156.parquet,35916,downloaded,35916,
2026-07-17,NSE,SUNPHARMA,raw_l2/trade_date=2026-07-17/exchange=NSE/symbol=SUNPHARMA/part-093952_383919-048028.parquet,real_data_sample\l2_unseen_validation\trade_date=2026-07-17\exchange=NSE\symbol=SUNPHARMA\part-093952_383919-048028.parquet,36332,downloaded,36332,
2026-07-17,NSE,SUNPHARMA,raw_l2/trade_date=2026-07-17/exchange=NSE/symbol=SUNPHARMA/part-093743_687895-047740.parquet,real_data_sample\l2_unseen_validation\trade_date=2026-07-17\exchange=NSE\symbol=SUNPHARMA\part-093743_687895-047740.parquet,36101,downloaded,36101,
2026-07-17,NSE,SUNPHARMA,raw_l2/trade_date=2026-07-17/exchange=NSE/symbol=SUNPHARMA/part-094035_206555-048124.parquet,real_data_sample\l2_unseen_validation\trade_date=2026-07-17\exchange=NSE\symbol=SUNPHARMA\part-094035_206555-048124.parquet,36020,downloaded,36020,
2026-07-17,NSE,SUNPHARMA,raw_l2/trade_date=2026-07-17/exchange=NSE/symbol=SUNPHARMA/part-093757_827404-047772.parquet,real_data_sample\l2_unseen_validation\trade_date=2026-07-17\exchange=NSE\symbol=SUNPHARMA\part-093757_827404-047772.parquet,36216,downloaded,36216,
2026-07-17,NSE,SUNPHARMA,raw_l2/trade_date=2026-07-17/exchange=NSE/symbol=SUNPHARMA/part-093811_914698-047804.parquet,real_data_sample\l2_unseen_validation\trade_date=2026-07-17\exchange=NSE\symbol=SUNPHARMA\part-093811_914698-047804.parquet,36270,downloaded,36270,
2026-07-17,NSE,SUNPHARMA,raw_l2/trade_date=2026-07-17/exchange=NSE/symbol=SUNPHARMA/part-094020_826683-048092.parquet,real_data_sample\l2_unseen_validation\trade_date=2026-07-17\exchange=NSE\symbol=SUNPHARMA\part-094020_826683-048092.parquet,36502,downloaded,36502,
2026-07-17,NSE,SUNPHARMA,raw_l2/trade_date=2026-07-17/exchange=NSE/symbol=SUNPHARMA/part-094215_918983-048348.parquet,real_data_sample\l2_unseen_validation\trade_date=2026-07-17\exchange=NSE\symbol=SUNPHARMA\part-094215_918983-048348.parquet,35842,downloaded,35842,
2026-07-17,NSE,SUNPHARMA,raw_l2/trade_date=2026-07-17/exchange=NSE/symbol=SUNPHARMA/part-094201_585680-048316.parquet,real_data_sample\l2_unseen_validation\trade_date=2026-07-17\exchange=NSE\symbol=SUNPHARMA\part-094201_585680-048316.parquet,35691,downloaded,35691,
2026-07-17,NSE,SUNPHARMA,raw_l2/trade_date=2026-07-17/exchange=NSE/symbol=SUNPHARMA/part-094118_493203-048220.parquet,real_data_sample\l2_unseen_validation\trade_date=2026-07-17\exchange=NSE\symbol=SUNPHARMA\part-094118_493203-048220.parquet,36401,downloaded,36401,
2026-07-17,NSE,SUNPHARMA,raw_l2/trade_date=2026-07-17/exchange=NSE/symbol=SUNPHARMA/part-094230_375797-048380.parquet,real_data_sample\l2_unseen_validation\trade_date=2026-07-17\exchange=NSE\symbol=SUNPHARMA\part-094230_375797-048380.parquet,34609,downloaded,34609,
2026-07-17,NSE,SUNPHARMA,raw_l2/trade_date=2026-07-17/exchange=NSE/symbol=SUNPHARMA/part-094103_972612-048188.parquet,real_data_sample\l2_unseen_validation\trade_date=2026-07-17\exchange=NSE\symbol=SUNPHARMA\part-094103_972612-048188.parquet,36189,downloaded,36189,
2026-07-17,NSE,SUNPHARMA,raw_l2/trade_date=2026-07-17/exchange=NSE/symbol=SUNPHARMA/part-094244_690449-048412.parquet,real_data_sample\l2_unseen_validation\trade_date=2026-07-17\exchange=NSE\symbol=SUNPHARMA\part-094244_690449-048412.parquet,34725,downloaded,34725,
2026-07-17,NSE,SUNPHARMA,raw_l2/trade_date=2026-07-17/exchange=NSE/symbol=SUNPHARMA/part-094258_803949-048444.parquet,real_data_sample\l2_unseen_validation\trade_date=2026-07-17\exchange=NSE\symbol=SUNPHARMA\part-094258_803949-048444.parquet,34745,downloaded,34745,
2026-07-17,NSE,SUNPHARMA,raw_l2/trade_date=2026-07-17/exchange=NSE/symbol=SUNPHARMA/part-094132_666803-048252.parquet,real_data_sample\l2_unseen_validation\trade_date=2026-07-17\exchange=NSE\symbol=SUNPHARMA\part-094132_666803-048252.parquet,36483,downloaded,36483,
2026-07-17,NSE,SUNPHARMA,raw_l2/trade_date=2026-07-17/exchange=NSE/symbol=SUNPHARMA/part-094356_105688-048572.parquet,real_data_sample\l2_unseen_validation\trade_date=2026-07-17\exchange=NSE\symbol=SUNPHARMA\part-094356_105688-048572.parquet,36165,downloaded,36165,
2026-07-17,NSE,SUNPHARMA,raw_l2/trade_date=2026-07-17/exchange=NSE/symbol=SUNPHARMA/part-094147_118506-048284.parquet,real_data_sample\l2_unseen_validation\trade_date=2026-07-17\exchange=NSE\symbol=SUNPHARMA\part-094147_118506-048284.parquet,35676,downloaded,35676,
2026-07-17,NSE,SUNPHARMA,raw_l2/trade_date=2026-07-17/exchange=NSE/symbol=SUNPHARMA/part-094341_623022-048540.parquet,real_data_sample\l2_unseen_validation\trade_date=2026-07-17\exchange=NSE\symbol=SUNPHARMA\part-094341_623022-048540.parquet,36316,downloaded,36316,
2026-07-17,NSE,SUNPHARMA,raw_l2/trade_date=2026-07-17/exchange=NSE/symbol=SUNPHARMA/part-094312_942883-048476.parquet,real_data_sample\l2_unseen_validation\trade_date=2026-07-17\exchange=NSE\symbol=SUNPHARMA\part-094312_942883-048476.parquet,34716,downloaded,34716,
2026-07-17,NSE,SUNPHARMA,raw_l2/trade_date=2026-07-17/exchange=NSE/symbol=SUNPHARMA/part-094327_238708-048508.parquet,real_data_sample\l2_unseen_validation\trade_date=2026-07-17\exchange=NSE\symbol=SUNPHARMA\part-094327_238708-048508.parquet,35869,downloaded,35869,
2026-07-17,NSE,SUNPHARMA,raw_l2/trade_date=2026-07-17/exchange=NSE/symbol=SUNPHARMA/part-094424_772422-048636.parquet,real_data_sample\l2_unseen_validation\trade_date=2026-07-17\exchange=NSE\symbol=SUNPHARMA\part-094424_772422-048636.parquet,35797,downloaded,35797,
2026-07-17,NSE,SUNPHARMA,raw_l2/trade_date=2026-07-17/exchange=NSE/symbol=SUNPHARMA/part-094410_546900-048604.parquet,real_data_sample\l2_unseen_validation\trade_date=2026-07-17\exchange=NSE\symbol=SUNPHARMA\part-094410_546900-048604.parquet,36407,downloaded,36407,
2026-07-17,NSE,SUNPHARMA,raw_l2/trade_date=2026-07-17/exchange=NSE/symbol=SUNPHARMA/part-094439_102968-048668.parquet,real_data_sample\l2_unseen_validation\trade_date=2026-07-17\exchange=NSE\symbol=SUNPHARMA\part-094439_102968-048668.parquet,35850,downloaded,35850,
2026-07-17,NSE,SUNPHARMA,raw_l2/trade_date=2026-07-17/exchange=NSE/symbol=SUNPHARMA/part-094507_674730-048732.parquet,real_data_sample\l2_unseen_validation\trade_date=2026-07-17\exchange=NSE\symbol=SUNPHARMA\part-094507_674730-048732.parquet,36662,downloaded,36662,
2026-07-17,NSE,SUNPHARMA,raw_l2/trade_date=2026-07-17/exchange=NSE/symbol=SUNPHARMA/part-094453_387739-048700.parquet,real_data_sample\l2_unseen_validation\trade_date=2026-07-17\exchange=NSE\symbol=SUNPHARMA\part-094453_387739-048700.parquet,36094,downloaded,36094,
2026-07-17,NSE,SUNPHARMA,raw_l2/trade_date=2026-07-17/exchange=NSE/symbol=SUNPHARMA/part-094521_772165-048764.parquet,real_data_sample\l2_unseen_validation\trade_date=2026-07-17\exchange=NSE\symbol=SUNPHARMA\part-094521_772165-048764.parquet,34747,downloaded,34747,
2026-07-17,NSE,SUNPHARMA,raw_l2/trade_date=2026-07-17/exchange=NSE/symbol=SUNPHARMA/part-094550_278421-048828.parquet,real_data_sample\l2_unseen_validation\trade_date=2026-07-17\exchange=NSE\symbol=SUNPHARMA\part-094550_278421-048828.parquet,34444,downloaded,34444,
2026-07-17,NSE,SUNPHARMA,raw_l2/trade_date=2026-07-17/exchange=NSE/symbol=SUNPHARMA/part-094535_896800-048796.parquet,real_data_sample\l2_unseen_validation\trade_date=2026-07-17\exchange=NSE\symbol=SUNPHARMA\part-094535_896800-048796.parquet,34463,downloaded,34463,
2026-07-17,NSE,SUNPHARMA,raw_l2/trade_date=2026-07-17/exchange=NSE/symbol=SUNPHARMA/part-094604_689385-048860.parquet,real_data_sample\l2_unseen_validation\trade_date=2026-07-17\exchange=NSE\symbol=SUNPHARMA\part-094604_689385-048860.parquet,34532,downloaded,34532,
2026-07-17,NSE,SUNPHARMA,raw_l2/trade_date=2026-07-17/exchange=NSE/symbol=SUNPHARMA/part-094619_139175-048892.parquet,real_data_sample\l2_unseen_validation\trade_date=2026-07-17\exchange=NSE\symbol=SUNPHARMA\part-094619_139175-048892.parquet,35394,downloaded,35394,
2026-07-17,NSE,SUNPHARMA,raw_l2/trade_date=2026-07-17/exchange=NSE/symbol=SUNPHARMA/part-094647_249329-048956.parquet,real_data_sample\l2_unseen_validation\trade_date=2026-07-17\exchange=NSE\symbol=SUNPHARMA\part-094647_249329-048956.parquet,36012,downloaded,36012,
2026-07-17,NSE,SUNPHARMA,raw_l2/trade_date=2026-07-17/exchange=NSE/symbol=SUNPHARMA/part-094744_310963-049084.parquet,real_data_sample\l2_unseen_validation\trade_date=2026-07-17\exchange=NSE\symbol=SUNPHARMA\part-094744_310963-049084.parquet,35485,downloaded,35485,
2026-07-17,NSE,SUNPHARMA,raw_l2/trade_date=2026-07-17/exchange=NSE/symbol=SUNPHARMA/part-094715_668713-049020.parquet,real_data_sample\l2_unseen_validation\trade_date=2026-07-17\exchange=NSE\symbol=SUNPHARMA\part-094715_668713-049020.parquet,36162,downloaded,36162,
2026-07-17,NSE,SUNPHARMA,raw_l2/trade_date=2026-07-17/exchange=NSE/symbol=SUNPHARMA/part-094701_499661-048988.parquet,real_data_sample\l2_unseen_validation\trade_date=2026-07-17\exchange=NSE\symbol=SUNPHARMA\part-094701_499661-048988.parquet,35968,downloaded,35968,
2026-07-17,NSE,SUNPHARMA,raw_l2/trade_date=2026-07-17/exchange=NSE/symbol=SUNPHARMA/part-094633_296693-048924.parquet,real_data_sample\l2_unseen_validation\trade_date=2026-07-17\exchange=NSE\symbol=SUNPHARMA\part-094633_296693-048924.parquet,36243,downloaded,36243,
2026-07-17,NSE,SUNPHARMA,raw_l2/trade_date=2026-07-17/exchange=NSE/symbol=SUNPHARMA/part-094826_861020-049180.parquet,real_data_sample\l2_unseen_validation\trade_date=2026-07-17\exchange=NSE\symbol=SUNPHARMA\part-094826_861020-049180.parquet,34166,downloaded,34166,
2026-07-17,NSE,SUNPHARMA,raw_l2/trade_date=2026-07-17/exchange=NSE/symbol=SUNPHARMA/part-094812_800924-049148.parquet,real_data_sample\l2_unseen_validation\trade_date=2026-07-17\exchange=NSE\symbol=SUNPHARMA\part-094812_800924-049148.parquet,35969,downloaded,35969,
2026-07-17,NSE,SUNPHARMA,raw_l2/trade_date=2026-07-17/exchange=NSE/symbol=SUNPHARMA/part-094758_633358-049116.parquet,real_data_sample\l2_unseen_validation\trade_date=2026-07-17\exchange=NSE\symbol=SUNPHARMA\part-094758_633358-049116.parquet,36033,downloaded,36033,
2026-07-17,NSE,SUNPHARMA,raw_l2/trade_date=2026-07-17/exchange=NSE/symbol=SUNPHARMA/part-094729_909249-049052.parquet,real_data_sample\l2_unseen_validation\trade_date=2026-07-17\exchange=NSE\symbol=SUNPHARMA\part-094729_909249-049052.parquet,36015,downloaded,36015,
2026-07-17,NSE,SUNPHARMA,raw_l2/trade_date=2026-07-17/exchange=NSE/symbol=SUNPHARMA/part-094924_222279-049308.parquet,real_data_sample\l2_unseen_validation\trade_date=2026-07-17\exchange=NSE\symbol=SUNPHARMA\part-094924_222279-049308.parquet,34425,downloaded,34425,
2026-07-17,NSE,SUNPHARMA,raw_l2/trade_date=2026-07-17/exchange=NSE/symbol=SUNPHARMA/part-094855_665264-049244.parquet,real_data_sample\l2_unseen_validation\trade_date=2026-07-17\exchange=NSE\symbol=SUNPHARMA\part-094855_665264-049244.parquet,34356,downloaded,34356,
2026-07-17,NSE,SUNPHARMA,raw_l2/trade_date=2026-07-17/exchange=NSE/symbol=SUNPHARMA/part-094841_189374-049212.parquet,real_data_sample\l2_unseen_validation\trade_date=2026-07-17\exchange=NSE\symbol=SUNPHARMA\part-094841_189374-049212.parquet,34445,downloaded,34445,
2026-07-17,NSE,SUNPHARMA,raw_l2/trade_date=2026-07-17/exchange=NSE/symbol=SUNPHARMA/part-095103_591006-049532.parquet,real_data_sample\l2_unseen_validation\trade_date=2026-07-17\exchange=NSE\symbol=SUNPHARMA\part-095103_591006-049532.parquet,34444,downloaded,34444,
2026-07-17,NSE,SUNPHARMA,raw_l2/trade_date=2026-07-17/exchange=NSE/symbol=SUNPHARMA/part-095035_461951-049468.parquet,real_data_sample\l2_unseen_validation\trade_date=2026-07-17\exchange=NSE\symbol=SUNPHARMA\part-095035_461951-049468.parquet,34437,downloaded,34437,
2026-07-17,NSE,SUNPHARMA,raw_l2/trade_date=2026-07-17/exchange=NSE/symbol=SUNPHARMA/part-094952_709744-049372.parquet,real_data_sample\l2_unseen_validation\trade_date=2026-07-17\exchange=NSE\symbol=SUNPHARMA\part-094952_709744-049372.parquet,34379,downloaded,34379,
2026-07-17,NSE,SUNPHARMA,raw_l2/trade_date=2026-07-17/exchange=NSE/symbol=SUNPHARMA/part-094938_522611-049340.parquet,real_data_sample\l2_unseen_validation\trade_date=2026-07-17\exchange=NSE\symbol=SUNPHARMA\part-094938_522611-049340.parquet,34381,downloaded,34381,
2026-07-17,NSE,SUNPHARMA,raw_l2/trade_date=2026-07-17/exchange=NSE/symbol=SUNPHARMA/part-094909_869522-049276.parquet,real_data_sample\l2_unseen_validation\trade_date=2026-07-17\exchange=NSE\symbol=SUNPHARMA\part-094909_869522-049276.parquet,34471,downloaded,34471,
2026-07-17,NSE,SUNPHARMA,raw_l2/trade_date=2026-07-17/exchange=NSE/symbol=SUNPHARMA/part-095006_846861-049404.parquet,real_data_sample\l2_unseen_validation\trade_date=2026-07-17\exchange=NSE\symbol=SUNPHARMA\part-095006_846861-049404.parquet,34472,downloaded,34472,
2026-07-17,NSE,SUNPHARMA,raw_l2/trade_date=2026-07-17/exchange=NSE/symbol=SUNPHARMA/part-095049_565394-049500.parquet,real_data_sample\l2_unseen_validation\trade_date=2026-07-17\exchange=NSE\symbol=SUNPHARMA\part-095049_565394-049500.parquet,34429,downloaded,34429,
2026-07-17,NSE,SUNPHARMA,raw_l2/trade_date=2026-07-17/exchange=NSE/symbol=SUNPHARMA/part-095021_096875-049436.parquet,real_data_sample\l2_unseen_validation\trade_date=2026-07-17\exchange=NSE\symbol=SUNPHARMA\part-095021_096875-049436.parquet,34435,downloaded,34435,
2026-07-17,NSE,SUNPHARMA,raw_l2/trade_date=2026-07-17/exchange=NSE/symbol=SUNPHARMA/part-095131_674346-049596.parquet,real_data_sample\l2_unseen_validation\trade_date=2026-07-17\exchange=NSE\symbol=SUNPHARMA\part-095131_674346-049596.parquet,36279,downloaded,36279,
2026-07-17,NSE,SUNPHARMA,raw_l2/trade_date=2026-07-17/exchange=NSE/symbol=SUNPHARMA/part-095117_790787-049564.parquet,real_data_sample\l2_unseen_validation\trade_date=2026-07-17\exchange=NSE\symbol=SUNPHARMA\part-095117_790787-049564.parquet,35101,downloaded,35101,
2026-07-17,NSE,SUNPHARMA,raw_l2/trade_date=2026-07-17/exchange=NSE/symbol=SUNPHARMA/part-095145_795314-049628.parquet,real_data_sample\l2_unseen_validation\trade_date=2026-07-17\exchange=NSE\symbol=SUNPHARMA\part-095145_795314-049628.parquet,35879,downloaded,35879,
2026-07-17,NSE,SUNPHARMA,raw_l2/trade_date=2026-07-17/exchange=NSE/symbol=SUNPHARMA/part-095214_315302-049692.parquet,real_data_sample\l2_unseen_validation\trade_date=2026-07-17\exchange=NSE\symbol=SUNPHARMA\part-095214_315302-049692.parquet,36091,downloaded,36091,
2026-07-17,NSE,SUNPHARMA,raw_l2/trade_date=2026-07-17/exchange=NSE/symbol=SUNPHARMA/part-095242_361270-049756.parquet,real_data_sample\l2_unseen_validation\trade_date=2026-07-17\exchange=NSE\symbol=SUNPHARMA\part-095242_361270-049756.parquet,34649,downloaded,34649,
2026-07-17,NSE,SUNPHARMA,raw_l2/trade_date=2026-07-17/exchange=NSE/symbol=SUNPHARMA/part-095228_325510-049724.parquet,real_data_sample\l2_unseen_validation\trade_date=2026-07-17\exchange=NSE\symbol=SUNPHARMA\part-095228_325510-049724.parquet,34429,downloaded,34429,
2026-07-17,NSE,SUNPHARMA,raw_l2/trade_date=2026-07-17/exchange=NSE/symbol=SUNPHARMA/part-095159_823831-049660.parquet,real_data_sample\l2_unseen_validation\trade_date=2026-07-17\exchange=NSE\symbol=SUNPHARMA\part-095159_823831-049660.parquet,35559,downloaded,35559,
2026-07-17,NSE,SUNPHARMA,raw_l2/trade_date=2026-07-17/exchange=NSE/symbol=SUNPHARMA/part-095256_325902-049788.parquet,real_data_sample\l2_unseen_validation\trade_date=2026-07-17\exchange=NSE\symbol=SUNPHARMA\part-095256_325902-049788.parquet,34379,downloaded,34379,
2026-07-17,NSE,SUNPHARMA,raw_l2/trade_date=2026-07-17/exchange=NSE/symbol=SUNPHARMA/part-095310_449716-049820.parquet,real_data_sample\l2_unseen_validation\trade_date=2026-07-17\exchange=NSE\symbol=SUNPHARMA\part-095310_449716-049820.parquet,34346,downloaded,34346,
2026-07-17,NSE,SUNPHARMA,raw_l2/trade_date=2026-07-17/exchange=NSE/symbol=SUNPHARMA/part-095324_680564-049852.parquet,real_data_sample\l2_unseen_validation\trade_date=2026-07-17\exchange=NSE\symbol=SUNPHARMA\part-095324_680564-049852.parquet,34502,downloaded,34502,
2026-07-17,NSE,SUNPHARMA,raw_l2/trade_date=2026-07-17/exchange=NSE/symbol=SUNPHARMA/part-095339_127295-049884.parquet,real_data_sample\l2_unseen_validation\trade_date=2026-07-17\exchange=NSE\symbol=SUNPHARMA\part-095339_127295-049884.parquet,34722,downloaded,34722,
2026-07-17,NSE,SUNPHARMA,raw_l2/trade_date=2026-07-17/exchange=NSE/symbol=SUNPHARMA/part-095353_627128-049916.parquet,real_data_sample\l2_unseen_validation\trade_date=2026-07-17\exchange=NSE\symbol=SUNPHARMA\part-095353_627128-049916.parquet,34480,downloaded,34480,
2026-07-17,NSE,SUNPHARMA,raw_l2/trade_date=2026-07-17/exchange=NSE/symbol=SUNPHARMA/part-095408_105403-049948.parquet,real_data_sample\l2_unseen_validation\trade_date=2026-07-17\exchange=NSE\symbol=SUNPHARMA\part-095408_105403-049948.parquet,34451,downloaded,34451,
2026-07-17,NSE,SUNPHARMA,raw_l2/trade_date=2026-07-17/exchange=NSE/symbol=SUNPHARMA/part-095422_354171-049980.parquet,real_data_sample\l2_unseen_validation\trade_date=2026-07-17\exchange=NSE\symbol=SUNPHARMA\part-095422_354171-049980.parquet,35745,downloaded,35745,
2026-07-17,NSE,SUNPHARMA,raw_l2/trade_date=2026-07-17/exchange=NSE/symbol=SUNPHARMA/part-095450_697155-050044.parquet,real_data_sample\l2_unseen_validation\trade_date=2026-07-17\exchange=NSE\symbol=SUNPHARMA\part-095450_697155-050044.parquet,36328,downloaded,36328,
2026-07-17,NSE,SUNPHARMA,raw_l2/trade_date=2026-07-17/exchange=NSE/symbol=SUNPHARMA/part-095436_387396-050012.parquet,real_data_sample\l2_unseen_validation\trade_date=2026-07-17\exchange=NSE\symbol=SUNPHARMA\part-095436_387396-050012.parquet,36339,downloaded,36339,
2026-07-17,NSE,SUNPHARMA,raw_l2/trade_date=2026-07-17/exchange=NSE/symbol=SUNPHARMA/part-095504_847746-050076.parquet,real_data_sample\l2_unseen_validation\trade_date=2026-07-17\exchange=NSE\symbol=SUNPHARMA\part-095504_847746-050076.parquet,36810,downloaded,36810,
2026-07-17,NSE,SUNPHARMA,raw_l2/trade_date=2026-07-17/exchange=NSE/symbol=SUNPHARMA/part-095518_919251-050108.parquet,real_data_sample\l2_unseen_validation\trade_date=2026-07-17\exchange=NSE\symbol=SUNPHARMA\part-095518_919251-050108.parquet,36105,downloaded,36105,
2026-07-17,NSE,SUNPHARMA,raw_l2/trade_date=2026-07-17/exchange=NSE/symbol=SUNPHARMA/part-095533_411978-050140.parquet,real_data_sample\l2_unseen_validation\trade_date=2026-07-17\exchange=NSE\symbol=SUNPHARMA\part-095533_411978-050140.parquet,36383,downloaded,36383,
2026-07-17,NSE,SUNPHARMA,raw_l2/trade_date=2026-07-17/exchange=NSE/symbol=SUNPHARMA/part-095548_130211-050172.parquet,real_data_sample\l2_unseen_validation\trade_date=2026-07-17\exchange=NSE\symbol=SUNPHARMA\part-095548_130211-050172.parquet,36089,downloaded,36089,
2026-07-17,NSE,SUNPHARMA,raw_l2/trade_date=2026-07-17/exchange=NSE/symbol=SUNPHARMA/part-095602_676482-050204.parquet,real_data_sample\l2_unseen_validation\trade_date=2026-07-17\exchange=NSE\symbol=SUNPHARMA\part-095602_676482-050204.parquet,36637,downloaded,36637,
2026-07-17,NSE,SUNPHARMA,raw_l2/trade_date=2026-07-17/exchange=NSE/symbol=SUNPHARMA/part-095616_970437-050236.parquet,real_data_sample\l2_unseen_validation\trade_date=2026-07-17\exchange=NSE\symbol=SUNPHARMA\part-095616_970437-050236.parquet,36506,downloaded,36506,
2026-07-17,NSE,SUNPHARMA,raw_l2/trade_date=2026-07-17/exchange=NSE/symbol=SUNPHARMA/part-095700_819526-050332.parquet,real_data_sample\l2_unseen_validation\trade_date=2026-07-17\exchange=NSE\symbol=SUNPHARMA\part-095700_819526-050332.parquet,36599,downloaded,36599,
2026-07-17,NSE,SUNPHARMA,raw_l2/trade_date=2026-07-17/exchange=NSE/symbol=SUNPHARMA/part-095631_441261-050268.parquet,real_data_sample\l2_unseen_validation\trade_date=2026-07-17\exchange=NSE\symbol=SUNPHARMA\part-095631_441261-050268.parquet,36586,downloaded,36586,
2026-07-17,NSE,SUNPHARMA,raw_l2/trade_date=2026-07-17/exchange=NSE/symbol=SUNPHARMA/part-095645_835335-050300.parquet,real_data_sample\l2_unseen_validation\trade_date=2026-07-17\exchange=NSE\symbol=SUNPHARMA\part-095645_835335-050300.parquet,36445,downloaded,36445,
2026-07-17,NSE,SUNPHARMA,raw_l2/trade_date=2026-07-17/exchange=NSE/symbol=SUNPHARMA/part-095729_832766-050396.parquet,real_data_sample\l2_unseen_validation\trade_date=2026-07-17\exchange=NSE\symbol=SUNPHARMA\part-095729_832766-050396.parquet,36006,downloaded,36006,
2026-07-17,NSE,SUNPHARMA,raw_l2/trade_date=2026-07-17/exchange=NSE/symbol=SUNPHARMA/part-095715_435049-050364.parquet,real_data_sample\l2_unseen_validation\trade_date=2026-07-17\exchange=NSE\symbol=SUNPHARMA\part-095715_435049-050364.parquet,36378,downloaded,36378,
2026-07-17,NSE,SUNPHARMA,raw_l2/trade_date=2026-07-17/exchange=NSE/symbol=SUNPHARMA/part-095744_241451-050428.parquet,real_data_sample\l2_unseen_validation\trade_date=2026-07-17\exchange=NSE\symbol=SUNPHARMA\part-095744_241451-050428.parquet,36034,downloaded,36034,
2026-07-17,NSE,SUNPHARMA,raw_l2/trade_date=2026-07-17/exchange=NSE/symbol=SUNPHARMA/part-095812_590549-050492.parquet,real_data_sample\l2_unseen_validation\trade_date=2026-07-17\exchange=NSE\symbol=SUNPHARMA\part-095812_590549-050492.parquet,36306,downloaded,36306,
2026-07-17,NSE,SUNPHARMA,raw_l2/trade_date=2026-07-17/exchange=NSE/symbol=SUNPHARMA/part-095758_475599-050460.parquet,real_data_sample\l2_unseen_validation\trade_date=2026-07-17\exchange=NSE\symbol=SUNPHARMA\part-095758_475599-050460.parquet,36032,downloaded,36032,
2026-07-17,NSE,TCS,raw_l2/trade_date=2026-07-17/exchange=NSE/symbol=TCS/part-034504_423691-000029.parquet,real_data_sample\l2_unseen_validation\trade_date=2026-07-17\exchange=NSE\symbol=TCS\part-034504_423691-000029.parquet,34371,downloaded,34371,
2026-07-17,NSE,SUNPHARMA,raw_l2/trade_date=2026-07-17/exchange=NSE/symbol=SUNPHARMA/part-095826_986781-050524.parquet,real_data_sample\l2_unseen_validation\trade_date=2026-07-17\exchange=NSE\symbol=SUNPHARMA\part-095826_986781-050524.parquet,35788,downloaded,35788,
2026-07-17,NSE,TCS,raw_l2/trade_date=2026-07-17/exchange=NSE/symbol=TCS/part-034546_471631-000125.parquet,real_data_sample\l2_unseen_validation\trade_date=2026-07-17\exchange=NSE\symbol=TCS\part-034546_471631-000125.parquet,36505,downloaded,36505,
2026-07-17,NSE,TCS,raw_l2/trade_date=2026-07-17/exchange=NSE/symbol=TCS/part-034518_407367-000061.parquet,real_data_sample\l2_unseen_validation\trade_date=2026-07-17\exchange=NSE\symbol=TCS\part-034518_407367-000061.parquet,36835,downloaded,36835,
2026-07-17,NSE,SUNPHARMA,raw_l2/trade_date=2026-07-17/exchange=NSE/symbol=SUNPHARMA/part-095954_169257-050716.parquet,real_data_sample\l2_unseen_validation\trade_date=2026-07-17\exchange=NSE\symbol=SUNPHARMA\part-095954_169257-050716.parquet,35808,downloaded,35808,
2026-07-17,NSE,SUNPHARMA,raw_l2/trade_date=2026-07-17/exchange=NSE/symbol=SUNPHARMA/part-100008_472452-050748.parquet,real_data_sample\l2_unseen_validation\trade_date=2026-07-17\exchange=NSE\symbol=SUNPHARMA\part-100008_472452-050748.parquet,34777,downloaded,34777,
2026-07-17,NSE,SUNPHARMA,raw_l2/trade_date=2026-07-17/exchange=NSE/symbol=SUNPHARMA/part-095939_866753-050684.parquet,real_data_sample\l2_unseen_validation\trade_date=2026-07-17\exchange=NSE\symbol=SUNPHARMA\part-095939_866753-050684.parquet,35953,downloaded,35953,
2026-07-17,NSE,TCS,raw_l2/trade_date=2026-07-17/exchange=NSE/symbol=TCS/part-034600_589969-000157.parquet,real_data_sample\l2_unseen_validation\trade_date=2026-07-17\exchange=NSE\symbol=TCS\part-034600_589969-000157.parquet,36634,downloaded,36634,
2026-07-17,NSE,TCS,raw_l2/trade_date=2026-07-17/exchange=NSE/symbol=TCS/part-034532_181303-000093.parquet,real_data_sample\l2_unseen_validation\trade_date=2026-07-17\exchange=NSE\symbol=TCS\part-034532_181303-000093.parquet,36142,downloaded,36142,
2026-07-17,NSE,SUNPHARMA,raw_l2/trade_date=2026-07-17/exchange=NSE/symbol=SUNPHARMA/part-100129_449054-050785.parquet,real_data_sample\l2_unseen_validation\trade_date=2026-07-17\exchange=NSE\symbol=SUNPHARMA\part-100129_449054-050785.parquet,34098,downloaded,34098,
2026-07-17,NSE,TCS,raw_l2/trade_date=2026-07-17/exchange=NSE/symbol=TCS/part-034614_621266-000189.parquet,real_data_sample\l2_unseen_validation\trade_date=2026-07-17\exchange=NSE\symbol=TCS\part-034614_621266-000189.parquet,36474,downloaded,36474,
2026-07-17,NSE,SUNPHARMA,raw_l2/trade_date=2026-07-17/exchange=NSE/symbol=SUNPHARMA/part-095841_844128-050556.parquet,real_data_sample\l2_unseen_validation\trade_date=2026-07-17\exchange=NSE\symbol=SUNPHARMA\part-095841_844128-050556.parquet,36519,downloaded,36519,
2026-07-17,NSE,TCS,raw_l2/trade_date=2026-07-17/exchange=NSE/symbol=TCS/part-034642_942537-000253.parquet,real_data_sample\l2_unseen_validation\trade_date=2026-07-17\exchange=NSE\symbol=TCS\part-034642_942537-000253.parquet,36495,downloaded,36495,
2026-07-17,NSE,TCS,raw_l2/trade_date=2026-07-17/exchange=NSE/symbol=TCS/part-034656_750857-000285.parquet,real_data_sample\l2_unseen_validation\trade_date=2026-07-17\exchange=NSE\symbol=TCS\part-034656_750857-000285.parquet,36586,downloaded,36586,
2026-07-17,NSE,TCS,raw_l2/trade_date=2026-07-17/exchange=NSE/symbol=TCS/part-034628_543932-000221.parquet,real_data_sample\l2_unseen_validation\trade_date=2026-07-17\exchange=NSE\symbol=TCS\part-034628_543932-000221.parquet,36617,downloaded,36617,
2026-07-17,NSE,SUNPHARMA,raw_l2/trade_date=2026-07-17/exchange=NSE/symbol=SUNPHARMA/part-095925_348565-050652.parquet,real_data_sample\l2_unseen_validation\trade_date=2026-07-17\exchange=NSE\symbol=SUNPHARMA\part-095925_348565-050652.parquet,35424,downloaded,35424,
2026-07-17,NSE,SUNPHARMA,raw_l2/trade_date=2026-07-17/exchange=NSE/symbol=SUNPHARMA/part-095856_375704-050588.parquet,real_data_sample\l2_unseen_validation\trade_date=2026-07-17\exchange=NSE\symbol=SUNPHARMA\part-095856_375704-050588.parquet,36022,downloaded,36022,
2026-07-17,NSE,TCS,raw_l2/trade_date=2026-07-17/exchange=NSE/symbol=TCS/part-034738_787240-000381.parquet,real_data_sample\l2_unseen_validation\trade_date=2026-07-17\exchange=NSE\symbol=TCS\part-034738_787240-000381.parquet,36512,downloaded,36512,
2026-07-17,NSE,TCS,raw_l2/trade_date=2026-07-17/exchange=NSE/symbol=TCS/part-034724_599507-000349.parquet,real_data_sample\l2_unseen_validation\trade_date=2026-07-17\exchange=NSE\symbol=TCS\part-034724_599507-000349.parquet,36686,downloaded,36686,
2026-07-17,NSE,TCS,raw_l2/trade_date=2026-07-17/exchange=NSE/symbol=TCS/part-034710_566191-000317.parquet,real_data_sample\l2_unseen_validation\trade_date=2026-07-17\exchange=NSE\symbol=TCS\part-034710_566191-000317.parquet,36432,downloaded,36432,
2026-07-17,NSE,SUNPHARMA,raw_l2/trade_date=2026-07-17/exchange=NSE/symbol=SUNPHARMA/part-095910_841205-050620.parquet,real_data_sample\l2_unseen_validation\trade_date=2026-07-17\exchange=NSE\symbol=SUNPHARMA\part-095910_841205-050620.parquet,35652,downloaded,35652,
2026-07-17,NSE,TCS,raw_l2/trade_date=2026-07-17/exchange=NSE/symbol=TCS/part-034752_733667-000413.parquet,real_data_sample\l2_unseen_validation\trade_date=2026-07-17\exchange=NSE\symbol=TCS\part-034752_733667-000413.parquet,36494,downloaded,36494,
2026-07-17,NSE,TCS,raw_l2/trade_date=2026-07-17/exchange=NSE/symbol=TCS/part-034807_170904-000445.parquet,real_data_sample\l2_unseen_validation\trade_date=2026-07-17\exchange=NSE\symbol=TCS\part-034807_170904-000445.parquet,36451,downloaded,36451,
2026-07-17,NSE,TCS,raw_l2/trade_date=2026-07-17/exchange=NSE/symbol=TCS/part-034834_726646-000509.parquet,real_data_sample\l2_unseen_validation\trade_date=2026-07-17\exchange=NSE\symbol=TCS\part-034834_726646-000509.parquet,36279,downloaded,36279,
2026-07-17,NSE,TCS,raw_l2/trade_date=2026-07-17/exchange=NSE/symbol=TCS/part-034820_882423-000477.parquet,real_data_sample\l2_unseen_validation\trade_date=2026-07-17\exchange=NSE\symbol=TCS\part-034820_882423-000477.parquet,36260,downloaded,36260,
2026-07-17,NSE,TCS,raw_l2/trade_date=2026-07-17/exchange=NSE/symbol=TCS/part-034902_303224-000573.parquet,real_data_sample\l2_unseen_validation\trade_date=2026-07-17\exchange=NSE\symbol=TCS\part-034902_303224-000573.parquet,36440,downloaded,36440,
2026-07-17,NSE,TCS,raw_l2/trade_date=2026-07-17/exchange=NSE/symbol=TCS/part-034848_453544-000541.parquet,real_data_sample\l2_unseen_validation\trade_date=2026-07-17\exchange=NSE\symbol=TCS\part-034848_453544-000541.parquet,36463,downloaded,36463,
2026-07-17,NSE,TCS,raw_l2/trade_date=2026-07-17/exchange=NSE/symbol=TCS/part-034916_335602-000605.parquet,real_data_sample\l2_unseen_validation\trade_date=2026-07-17\exchange=NSE\symbol=TCS\part-034916_335602-000605.parquet,36490,downloaded,36490,
2026-07-17,NSE,TCS,raw_l2/trade_date=2026-07-17/exchange=NSE/symbol=TCS/part-034930_402301-000637.parquet,real_data_sample\l2_unseen_validation\trade_date=2026-07-17\exchange=NSE\symbol=TCS\part-034930_402301-000637.parquet,36344,downloaded,36344,
2026-07-17,NSE,TCS,raw_l2/trade_date=2026-07-17/exchange=NSE/symbol=TCS/part-034958_443341-000701.parquet,real_data_sample\l2_unseen_validation\trade_date=2026-07-17\exchange=NSE\symbol=TCS\part-034958_443341-000701.parquet,36400,downloaded,36400,
2026-07-17,NSE,TCS,raw_l2/trade_date=2026-07-17/exchange=NSE/symbol=TCS/part-034944_332470-000669.parquet,real_data_sample\l2_unseen_validation\trade_date=2026-07-17\exchange=NSE\symbol=TCS\part-034944_332470-000669.parquet,36622,downloaded,36622,
2026-07-17,NSE,TCS,raw_l2/trade_date=2026-07-17/exchange=NSE/symbol=TCS/part-035053_678953-000829.parquet,real_data_sample\l2_unseen_validation\trade_date=2026-07-17\exchange=NSE\symbol=TCS\part-035053_678953-000829.parquet,36337,downloaded,36337,
2026-07-17,NSE,TCS,raw_l2/trade_date=2026-07-17/exchange=NSE/symbol=TCS/part-035012_323305-000733.parquet,real_data_sample\l2_unseen_validation\trade_date=2026-07-17\exchange=NSE\symbol=TCS\part-035012_323305-000733.parquet,36525,downloaded,36525,
2026-07-17,NSE,TCS,raw_l2/trade_date=2026-07-17/exchange=NSE/symbol=TCS/part-035039_983047-000797.parquet,real_data_sample\l2_unseen_validation\trade_date=2026-07-17\exchange=NSE\symbol=TCS\part-035039_983047-000797.parquet,36247,downloaded,36247,
2026-07-17,NSE,TCS,raw_l2/trade_date=2026-07-17/exchange=NSE/symbol=TCS/part-035216_673641-001021.parquet,real_data_sample\l2_unseen_validation\trade_date=2026-07-17\exchange=NSE\symbol=TCS\part-035216_673641-001021.parquet,36246,downloaded,36246,
2026-07-17,NSE,TCS,raw_l2/trade_date=2026-07-17/exchange=NSE/symbol=TCS/part-035107_372980-000861.parquet,real_data_sample\l2_unseen_validation\trade_date=2026-07-17\exchange=NSE\symbol=TCS\part-035107_372980-000861.parquet,36336,downloaded,36336,
2026-07-17,NSE,TCS,raw_l2/trade_date=2026-07-17/exchange=NSE/symbol=TCS/part-035026_214600-000765.parquet,real_data_sample\l2_unseen_validation\trade_date=2026-07-17\exchange=NSE\symbol=TCS\part-035026_214600-000765.parquet,36383,downloaded,36383,
2026-07-17,NSE,TCS,raw_l2/trade_date=2026-07-17/exchange=NSE/symbol=TCS/part-035121_214537-000893.parquet,real_data_sample\l2_unseen_validation\trade_date=2026-07-17\exchange=NSE\symbol=TCS\part-035121_214537-000893.parquet,36389,downloaded,36389,
2026-07-17,NSE,TCS,raw_l2/trade_date=2026-07-17/exchange=NSE/symbol=TCS/part-035134_936059-000925.parquet,real_data_sample\l2_unseen_validation\trade_date=2026-07-17\exchange=NSE\symbol=TCS\part-035134_936059-000925.parquet,36230,downloaded,36230,
2026-07-17,NSE,TCS,raw_l2/trade_date=2026-07-17/exchange=NSE/symbol=TCS/part-035202_838225-000989.parquet,real_data_sample\l2_unseen_validation\trade_date=2026-07-17\exchange=NSE\symbol=TCS\part-035202_838225-000989.parquet,36254,downloaded,36254,
2026-07-17,NSE,TCS,raw_l2/trade_date=2026-07-17/exchange=NSE/symbol=TCS/part-035148_803872-000957.parquet,real_data_sample\l2_unseen_validation\trade_date=2026-07-17\exchange=NSE\symbol=TCS\part-035148_803872-000957.parquet,36400,downloaded,36400,
2026-07-17,NSE,TCS,raw_l2/trade_date=2026-07-17/exchange=NSE/symbol=TCS/part-035244_516402-001085.parquet,real_data_sample\l2_unseen_validation\trade_date=2026-07-17\exchange=NSE\symbol=TCS\part-035244_516402-001085.parquet,36475,downloaded,36475,
2026-07-17,NSE,TCS,raw_l2/trade_date=2026-07-17/exchange=NSE/symbol=TCS/part-035559_388459-001533.parquet,real_data_sample\l2_unseen_validation\trade_date=2026-07-17\exchange=NSE\symbol=TCS\part-035559_388459-001533.parquet,36155,downloaded,36155,
2026-07-17,NSE,TCS,raw_l2/trade_date=2026-07-17/exchange=NSE/symbol=TCS/part-035258_669379-001117.parquet,real_data_sample\l2_unseen_validation\trade_date=2026-07-17\exchange=NSE\symbol=TCS\part-035258_669379-001117.parquet,36162,downloaded,36162,
2026-07-17,NSE,TCS,raw_l2/trade_date=2026-07-17/exchange=NSE/symbol=TCS/part-035421_569915-001309.parquet,real_data_sample\l2_unseen_validation\trade_date=2026-07-17\exchange=NSE\symbol=TCS\part-035421_569915-001309.parquet,36280,downloaded,36280,
2026-07-17,NSE,TCS,raw_l2/trade_date=2026-07-17/exchange=NSE/symbol=TCS/part-035435_517119-001341.parquet,real_data_sample\l2_unseen_validation\trade_date=2026-07-17\exchange=NSE\symbol=TCS\part-035435_517119-001341.parquet,36539,downloaded,36539,
2026-07-17,NSE,TCS,raw_l2/trade_date=2026-07-17/exchange=NSE/symbol=TCS/part-035449_339030-001373.parquet,real_data_sample\l2_unseen_validation\trade_date=2026-07-17\exchange=NSE\symbol=TCS\part-035449_339030-001373.parquet,36327,downloaded,36327,
2026-07-17,NSE,TCS,raw_l2/trade_date=2026-07-17/exchange=NSE/symbol=TCS/part-035627_425376-001597.parquet,real_data_sample\l2_unseen_validation\trade_date=2026-07-17\exchange=NSE\symbol=TCS\part-035627_425376-001597.parquet,36240,downloaded,36240,
2026-07-17,NSE,TCS,raw_l2/trade_date=2026-07-17/exchange=NSE/symbol=TCS/part-035613_281686-001565.parquet,real_data_sample\l2_unseen_validation\trade_date=2026-07-17\exchange=NSE\symbol=TCS\part-035613_281686-001565.parquet,36307,downloaded,36307,
2026-07-17,NSE,TCS,raw_l2/trade_date=2026-07-17/exchange=NSE/symbol=TCS/part-035503_482025-001405.parquet,real_data_sample\l2_unseen_validation\trade_date=2026-07-17\exchange=NSE\symbol=TCS\part-035503_482025-001405.parquet,36264,downloaded,36264,
2026-07-17,NSE,TCS,raw_l2/trade_date=2026-07-17/exchange=NSE/symbol=TCS/part-035230_582922-001053.parquet,real_data_sample\l2_unseen_validation\trade_date=2026-07-17\exchange=NSE\symbol=TCS\part-035230_582922-001053.parquet,36480,downloaded,36480,
2026-07-17,NSE,TCS,raw_l2/trade_date=2026-07-17/exchange=NSE/symbol=TCS/part-035354_069358-001245.parquet,real_data_sample\l2_unseen_validation\trade_date=2026-07-17\exchange=NSE\symbol=TCS\part-035354_069358-001245.parquet,35966,downloaded,35966,
2026-07-17,NSE,TCS,raw_l2/trade_date=2026-07-17/exchange=NSE/symbol=TCS/part-035326_265142-001181.parquet,real_data_sample\l2_unseen_validation\trade_date=2026-07-17\exchange=NSE\symbol=TCS\part-035326_265142-001181.parquet,36168,downloaded,36168,
2026-07-17,NSE,TCS,raw_l2/trade_date=2026-07-17/exchange=NSE/symbol=TCS/part-035340_115973-001213.parquet,real_data_sample\l2_unseen_validation\trade_date=2026-07-17\exchange=NSE\symbol=TCS\part-035340_115973-001213.parquet,36165,downloaded,36165,
2026-07-17,NSE,TCS,raw_l2/trade_date=2026-07-17/exchange=NSE/symbol=TCS/part-035312_430646-001149.parquet,real_data_sample\l2_unseen_validation\trade_date=2026-07-17\exchange=NSE\symbol=TCS\part-035312_430646-001149.parquet,35958,downloaded,35958,
2026-07-17,NSE,TCS,raw_l2/trade_date=2026-07-17/exchange=NSE/symbol=TCS/part-035641_343368-001629.parquet,real_data_sample\l2_unseen_validation\trade_date=2026-07-17\exchange=NSE\symbol=TCS\part-035641_343368-001629.parquet,36265,downloaded,36265,
2026-07-17,NSE,TCS,raw_l2/trade_date=2026-07-17/exchange=NSE/symbol=TCS/part-035709_129415-001693.parquet,real_data_sample\l2_unseen_validation\trade_date=2026-07-17\exchange=NSE\symbol=TCS\part-035709_129415-001693.parquet,36286,downloaded,36286,
2026-07-17,NSE,TCS,raw_l2/trade_date=2026-07-17/exchange=NSE/symbol=TCS/part-035531_615044-001469.parquet,real_data_sample\l2_unseen_validation\trade_date=2026-07-17\exchange=NSE\symbol=TCS\part-035531_615044-001469.parquet,36399,downloaded,36399,
2026-07-17,NSE,TCS,raw_l2/trade_date=2026-07-17/exchange=NSE/symbol=TCS/part-035407_925271-001277.parquet,real_data_sample\l2_unseen_validation\trade_date=2026-07-17\exchange=NSE\symbol=TCS\part-035407_925271-001277.parquet,36374,downloaded,36374,
2026-07-17,NSE,TCS,raw_l2/trade_date=2026-07-17/exchange=NSE/symbol=TCS/part-035723_198180-001725.parquet,real_data_sample\l2_unseen_validation\trade_date=2026-07-17\exchange=NSE\symbol=TCS\part-035723_198180-001725.parquet,36477,downloaded,36477,
2026-07-17,NSE,TCS,raw_l2/trade_date=2026-07-17/exchange=NSE/symbol=TCS/part-035517_519710-001437.parquet,real_data_sample\l2_unseen_validation\trade_date=2026-07-17\exchange=NSE\symbol=TCS\part-035517_519710-001437.parquet,36365,downloaded,36365,
2026-07-17,NSE,TCS,raw_l2/trade_date=2026-07-17/exchange=NSE/symbol=TCS/part-035545_511525-001501.parquet,real_data_sample\l2_unseen_validation\trade_date=2026-07-17\exchange=NSE\symbol=TCS\part-035545_511525-001501.parquet,36306,downloaded,36306,
2026-07-17,NSE,TCS,raw_l2/trade_date=2026-07-17/exchange=NSE/symbol=TCS/part-035655_251915-001661.parquet,real_data_sample\l2_unseen_validation\trade_date=2026-07-17\exchange=NSE\symbol=TCS\part-035655_251915-001661.parquet,36544,downloaded,36544,
2026-07-17,NSE,TCS,raw_l2/trade_date=2026-07-17/exchange=NSE/symbol=TCS/part-035737_229018-001757.parquet,real_data_sample\l2_unseen_validation\trade_date=2026-07-17\exchange=NSE\symbol=TCS\part-035737_229018-001757.parquet,36373,downloaded,36373,
2026-07-17,NSE,TCS,raw_l2/trade_date=2026-07-17/exchange=NSE/symbol=TCS/part-035848_102574-001917.parquet,real_data_sample\l2_unseen_validation\trade_date=2026-07-17\exchange=NSE\symbol=TCS\part-035848_102574-001917.parquet,36481,downloaded,36481,
2026-07-17,NSE,TCS,raw_l2/trade_date=2026-07-17/exchange=NSE/symbol=TCS/part-035805_938572-001821.parquet,real_data_sample\l2_unseen_validation\trade_date=2026-07-17\exchange=NSE\symbol=TCS\part-035805_938572-001821.parquet,36487,downloaded,36487,
2026-07-17,NSE,TCS,raw_l2/trade_date=2026-07-17/exchange=NSE/symbol=TCS/part-035834_172166-001885.parquet,real_data_sample\l2_unseen_validation\trade_date=2026-07-17\exchange=NSE\symbol=TCS\part-035834_172166-001885.parquet,36264,downloaded,36264,
2026-07-17,NSE,TCS,raw_l2/trade_date=2026-07-17/exchange=NSE/symbol=TCS/part-035751_520987-001789.parquet,real_data_sample\l2_unseen_validation\trade_date=2026-07-17\exchange=NSE\symbol=TCS\part-035751_520987-001789.parquet,36592,downloaded,36592,
2026-07-17,NSE,TCS,raw_l2/trade_date=2026-07-17/exchange=NSE/symbol=TCS/part-035902_169511-001949.parquet,real_data_sample\l2_unseen_validation\trade_date=2026-07-17\exchange=NSE\symbol=TCS\part-035902_169511-001949.parquet,36425,downloaded,36425,
2026-07-17,NSE,TCS,raw_l2/trade_date=2026-07-17/exchange=NSE/symbol=TCS/part-035916_171874-001981.parquet,real_data_sample\l2_unseen_validation\trade_date=2026-07-17\exchange=NSE\symbol=TCS\part-035916_171874-001981.parquet,36458,downloaded,36458,
2026-07-17,NSE,TCS,raw_l2/trade_date=2026-07-17/exchange=NSE/symbol=TCS/part-035930_102864-002013.parquet,real_data_sample\l2_unseen_validation\trade_date=2026-07-17\exchange=NSE\symbol=TCS\part-035930_102864-002013.parquet,36533,downloaded,36533,
2026-07-17,NSE,TCS,raw_l2/trade_date=2026-07-17/exchange=NSE/symbol=TCS/part-035944_171119-002045.parquet,real_data_sample\l2_unseen_validation\trade_date=2026-07-17\exchange=NSE\symbol=TCS\part-035944_171119-002045.parquet,36383,downloaded,36383,
2026-07-17,NSE,TCS,raw_l2/trade_date=2026-07-17/exchange=NSE/symbol=TCS/part-035820_177547-001853.parquet,real_data_sample\l2_unseen_validation\trade_date=2026-07-17\exchange=NSE\symbol=TCS\part-035820_177547-001853.parquet,36746,downloaded,36746,
2026-07-17,NSE,TCS,raw_l2/trade_date=2026-07-17/exchange=NSE/symbol=TCS/part-035958_158624-002077.parquet,real_data_sample\l2_unseen_validation\trade_date=2026-07-17\exchange=NSE\symbol=TCS\part-035958_158624-002077.parquet,36135,downloaded,36135,
2026-07-17,NSE,TCS,raw_l2/trade_date=2026-07-17/exchange=NSE/symbol=TCS/part-040012_281524-002109.parquet,real_data_sample\l2_unseen_validation\trade_date=2026-07-17\exchange=NSE\symbol=TCS\part-040012_281524-002109.parquet,36144,downloaded,36144,
2026-07-17,NSE,TCS,raw_l2/trade_date=2026-07-17/exchange=NSE/symbol=TCS/part-040328_526376-002557.parquet,real_data_sample\l2_unseen_validation\trade_date=2026-07-17\exchange=NSE\symbol=TCS\part-040328_526376-002557.parquet,36263,downloaded,36263,
2026-07-17,NSE,TCS,raw_l2/trade_date=2026-07-17/exchange=NSE/symbol=TCS/part-040342_700020-002589.parquet,real_data_sample\l2_unseen_validation\trade_date=2026-07-17\exchange=NSE\symbol=TCS\part-040342_700020-002589.parquet,35898,downloaded,35898,
2026-07-17,NSE,TCS,raw_l2/trade_date=2026-07-17/exchange=NSE/symbol=TCS/part-040410_915813-002653.parquet,real_data_sample\l2_unseen_validation\trade_date=2026-07-17\exchange=NSE\symbol=TCS\part-040410_915813-002653.parquet,36031,downloaded,36031,
2026-07-17,NSE,TCS,raw_l2/trade_date=2026-07-17/exchange=NSE/symbol=TCS/part-040217_205884-002397.parquet,real_data_sample\l2_unseen_validation\trade_date=2026-07-17\exchange=NSE\symbol=TCS\part-040217_205884-002397.parquet,36123,downloaded,36123,
2026-07-17,NSE,TCS,raw_l2/trade_date=2026-07-17/exchange=NSE/symbol=TCS/part-040314_420948-002525.parquet,real_data_sample\l2_unseen_validation\trade_date=2026-07-17\exchange=NSE\symbol=TCS\part-040314_420948-002525.parquet,36228,downloaded,36228,
2026-07-17,NSE,TCS,raw_l2/trade_date=2026-07-17/exchange=NSE/symbol=TCS/part-040300_244874-002493.parquet,real_data_sample\l2_unseen_validation\trade_date=2026-07-17\exchange=NSE\symbol=TCS\part-040300_244874-002493.parquet,36039,downloaded,36039,
2026-07-17,NSE,TCS,raw_l2/trade_date=2026-07-17/exchange=NSE/symbol=TCS/part-040040_121749-002173.parquet,real_data_sample\l2_unseen_validation\trade_date=2026-07-17\exchange=NSE\symbol=TCS\part-040040_121749-002173.parquet,36371,downloaded,36371,
2026-07-17,NSE,TCS,raw_l2/trade_date=2026-07-17/exchange=NSE/symbol=TCS/part-040356_871477-002621.parquet,real_data_sample\l2_unseen_validation\trade_date=2026-07-17\exchange=NSE\symbol=TCS\part-040356_871477-002621.parquet,35909,downloaded,35909,
2026-07-17,NSE,TCS,raw_l2/trade_date=2026-07-17/exchange=NSE/symbol=TCS/part-040245_567265-002461.parquet,real_data_sample\l2_unseen_validation\trade_date=2026-07-17\exchange=NSE\symbol=TCS\part-040245_567265-002461.parquet,36665,downloaded,36665,
2026-07-17,NSE,TCS,raw_l2/trade_date=2026-07-17/exchange=NSE/symbol=TCS/part-040026_287652-002141.parquet,real_data_sample\l2_unseen_validation\trade_date=2026-07-17\exchange=NSE\symbol=TCS\part-040026_287652-002141.parquet,36259,downloaded,36259,
2026-07-17,NSE,TCS,raw_l2/trade_date=2026-07-17/exchange=NSE/symbol=TCS/part-040424_919523-002685.parquet,real_data_sample\l2_unseen_validation\trade_date=2026-07-17\exchange=NSE\symbol=TCS\part-040424_919523-002685.parquet,36098,downloaded,36098,
2026-07-17,NSE,TCS,raw_l2/trade_date=2026-07-17/exchange=NSE/symbol=TCS/part-040107_744525-002237.parquet,real_data_sample\l2_unseen_validation\trade_date=2026-07-17\exchange=NSE\symbol=TCS\part-040107_744525-002237.parquet,36319,downloaded,36319,
2026-07-17,NSE,TCS,raw_l2/trade_date=2026-07-17/exchange=NSE/symbol=TCS/part-040231_337168-002429.parquet,real_data_sample\l2_unseen_validation\trade_date=2026-07-17\exchange=NSE\symbol=TCS\part-040231_337168-002429.parquet,35997,downloaded,35997,
2026-07-17,NSE,TCS,raw_l2/trade_date=2026-07-17/exchange=NSE/symbol=TCS/part-040053_807603-002205.parquet,real_data_sample\l2_unseen_validation\trade_date=2026-07-17\exchange=NSE\symbol=TCS\part-040053_807603-002205.parquet,36244,downloaded,36244,
2026-07-17,NSE,TCS,raw_l2/trade_date=2026-07-17/exchange=NSE/symbol=TCS/part-040438_802294-002717.parquet,real_data_sample\l2_unseen_validation\trade_date=2026-07-17\exchange=NSE\symbol=TCS\part-040438_802294-002717.parquet,36295,downloaded,36295,
2026-07-17,NSE,TCS,raw_l2/trade_date=2026-07-17/exchange=NSE/symbol=TCS/part-040452_760608-002749.parquet,real_data_sample\l2_unseen_validation\trade_date=2026-07-17\exchange=NSE\symbol=TCS\part-040452_760608-002749.parquet,36261,downloaded,36261,
2026-07-17,NSE,TCS,raw_l2/trade_date=2026-07-17/exchange=NSE/symbol=TCS/part-040549_221391-002877.parquet,real_data_sample\l2_unseen_validation\trade_date=2026-07-17\exchange=NSE\symbol=TCS\part-040549_221391-002877.parquet,36232,downloaded,36232,
2026-07-17,NSE,TCS,raw_l2/trade_date=2026-07-17/exchange=NSE/symbol=TCS/part-040121_602016-002269.parquet,real_data_sample\l2_unseen_validation\trade_date=2026-07-17\exchange=NSE\symbol=TCS\part-040121_602016-002269.parquet,36386,downloaded,36386,
2026-07-17,NSE,TCS,raw_l2/trade_date=2026-07-17/exchange=NSE/symbol=TCS/part-040149_304034-002333.parquet,real_data_sample\l2_unseen_validation\trade_date=2026-07-17\exchange=NSE\symbol=TCS\part-040149_304034-002333.parquet,36383,downloaded,36383,
2026-07-17,NSE,TCS,raw_l2/trade_date=2026-07-17/exchange=NSE/symbol=TCS/part-040135_417064-002301.parquet,real_data_sample\l2_unseen_validation\trade_date=2026-07-17\exchange=NSE\symbol=TCS\part-040135_417064-002301.parquet,36220,downloaded,36220,
2026-07-17,NSE,TCS,raw_l2/trade_date=2026-07-17/exchange=NSE/symbol=TCS/part-040203_307299-002365.parquet,real_data_sample\l2_unseen_validation\trade_date=2026-07-17\exchange=NSE\symbol=TCS\part-040203_307299-002365.parquet,36307,downloaded,36307,
2026-07-17,NSE,TCS,raw_l2/trade_date=2026-07-17/exchange=NSE/symbol=TCS/part-040521_245986-002813.parquet,real_data_sample\l2_unseen_validation\trade_date=2026-07-17\exchange=NSE\symbol=TCS\part-040521_245986-002813.parquet,36264,downloaded,36264,
2026-07-17,NSE,TCS,raw_l2/trade_date=2026-07-17/exchange=NSE/symbol=TCS/part-040507_065302-002781.parquet,real_data_sample\l2_unseen_validation\trade_date=2026-07-17\exchange=NSE\symbol=TCS\part-040507_065302-002781.parquet,36208,downloaded,36208,
2026-07-17,NSE,TCS,raw_l2/trade_date=2026-07-17/exchange=NSE/symbol=TCS/part-040535_292711-002845.parquet,real_data_sample\l2_unseen_validation\trade_date=2026-07-17\exchange=NSE\symbol=TCS\part-040535_292711-002845.parquet,36279,downloaded,36279,
2026-07-17,NSE,TCS,raw_l2/trade_date=2026-07-17/exchange=NSE/symbol=TCS/part-040617_275593-002941.parquet,real_data_sample\l2_unseen_validation\trade_date=2026-07-17\exchange=NSE\symbol=TCS\part-040617_275593-002941.parquet,36516,downloaded,36516,
2026-07-17,NSE,TCS,raw_l2/trade_date=2026-07-17/exchange=NSE/symbol=TCS/part-040603_393940-002909.parquet,real_data_sample\l2_unseen_validation\trade_date=2026-07-17\exchange=NSE\symbol=TCS\part-040603_393940-002909.parquet,36128,downloaded,36128,
2026-07-17,NSE,TCS,raw_l2/trade_date=2026-07-17/exchange=NSE/symbol=TCS/part-040741_257366-003133.parquet,real_data_sample\l2_unseen_validation\trade_date=2026-07-17\exchange=NSE\symbol=TCS\part-040741_257366-003133.parquet,36850,downloaded,36850,
2026-07-17,NSE,TCS,raw_l2/trade_date=2026-07-17/exchange=NSE/symbol=TCS/part-040727_042305-003101.parquet,real_data_sample\l2_unseen_validation\trade_date=2026-07-17\exchange=NSE\symbol=TCS\part-040727_042305-003101.parquet,36382,downloaded,36382,
2026-07-17,NSE,TCS,raw_l2/trade_date=2026-07-17/exchange=NSE/symbol=TCS/part-040658_995489-003037.parquet,real_data_sample\l2_unseen_validation\trade_date=2026-07-17\exchange=NSE\symbol=TCS\part-040658_995489-003037.parquet,36050,downloaded,36050,
2026-07-17,NSE,TCS,raw_l2/trade_date=2026-07-17/exchange=NSE/symbol=TCS/part-040713_023450-003069.parquet,real_data_sample\l2_unseen_validation\trade_date=2026-07-17\exchange=NSE\symbol=TCS\part-040713_023450-003069.parquet,36652,downloaded,36652,
2026-07-17,NSE,TCS,raw_l2/trade_date=2026-07-17/exchange=NSE/symbol=TCS/part-040631_212382-002973.parquet,real_data_sample\l2_unseen_validation\trade_date=2026-07-17\exchange=NSE\symbol=TCS\part-040631_212382-002973.parquet,36281,downloaded,36281,
2026-07-17,NSE,TCS,raw_l2/trade_date=2026-07-17/exchange=NSE/symbol=TCS/part-040645_165199-003005.parquet,real_data_sample\l2_unseen_validation\trade_date=2026-07-17\exchange=NSE\symbol=TCS\part-040645_165199-003005.parquet,36340,downloaded,36340,
2026-07-17,NSE,TCS,raw_l2/trade_date=2026-07-17/exchange=NSE/symbol=TCS/part-040852_375995-003293.parquet,real_data_sample\l2_unseen_validation\trade_date=2026-07-17\exchange=NSE\symbol=TCS\part-040852_375995-003293.parquet,36102,downloaded,36102,
2026-07-17,NSE,TCS,raw_l2/trade_date=2026-07-17/exchange=NSE/symbol=TCS/part-041415_573713-004029.parquet,real_data_sample\l2_unseen_validation\trade_date=2026-07-17\exchange=NSE\symbol=TCS\part-041415_573713-004029.parquet,35869,downloaded,35869,
2026-07-17,NSE,TCS,raw_l2/trade_date=2026-07-17/exchange=NSE/symbol=TCS/part-041401_578834-003997.parquet,real_data_sample\l2_unseen_validation\trade_date=2026-07-17\exchange=NSE\symbol=TCS\part-041401_578834-003997.parquet,36238,downloaded,36238,
2026-07-17,NSE,TCS,raw_l2/trade_date=2026-07-17/exchange=NSE/symbol=TCS/part-041333_359413-003933.parquet,real_data_sample\l2_unseen_validation\trade_date=2026-07-17\exchange=NSE\symbol=TCS\part-041333_359413-003933.parquet,35813,downloaded,35813,
2026-07-17,NSE,TCS,raw_l2/trade_date=2026-07-17/exchange=NSE/symbol=TCS/part-040920_513258-003357.parquet,real_data_sample\l2_unseen_validation\trade_date=2026-07-17\exchange=NSE\symbol=TCS\part-040920_513258-003357.parquet,36009,downloaded,36009,
2026-07-17,NSE,TCS,raw_l2/trade_date=2026-07-17/exchange=NSE/symbol=TCS/part-041045_947976-003549.parquet,real_data_sample\l2_unseen_validation\trade_date=2026-07-17\exchange=NSE\symbol=TCS\part-041045_947976-003549.parquet,36579,downloaded,36579,
2026-07-17,NSE,TCS,raw_l2/trade_date=2026-07-17/exchange=NSE/symbol=TCS/part-040755_237239-003165.parquet,real_data_sample\l2_unseen_validation\trade_date=2026-07-17\exchange=NSE\symbol=TCS\part-040755_237239-003165.parquet,36257,downloaded,36257,
2026-07-17,NSE,TCS,raw_l2/trade_date=2026-07-17/exchange=NSE/symbol=TCS/part-040809_381893-003197.parquet,real_data_sample\l2_unseen_validation\trade_date=2026-07-17\exchange=NSE\symbol=TCS\part-040809_381893-003197.parquet,36353,downloaded,36353,
2026-07-17,NSE,TCS,raw_l2/trade_date=2026-07-17/exchange=NSE/symbol=TCS/part-041127_942165-003645.parquet,real_data_sample\l2_unseen_validation\trade_date=2026-07-17\exchange=NSE\symbol=TCS\part-041127_942165-003645.parquet,36454,downloaded,36454,
2026-07-17,NSE,TCS,raw_l2/trade_date=2026-07-17/exchange=NSE/symbol=TCS/part-041141_991118-003677.parquet,real_data_sample\l2_unseen_validation\trade_date=2026-07-17\exchange=NSE\symbol=TCS\part-041141_991118-003677.parquet,36101,downloaded,36101,
2026-07-17,NSE,TCS,raw_l2/trade_date=2026-07-17/exchange=NSE/symbol=TCS/part-041347_362724-003965.parquet,real_data_sample\l2_unseen_validation\trade_date=2026-07-17\exchange=NSE\symbol=TCS\part-041347_362724-003965.parquet,36423,downloaded,36423,
2026-07-17,NSE,TCS,raw_l2/trade_date=2026-07-17/exchange=NSE/symbol=TCS/part-041155_775703-003709.parquet,real_data_sample\l2_unseen_validation\trade_date=2026-07-17\exchange=NSE\symbol=TCS\part-041155_775703-003709.parquet,36199,downloaded,36199,
2026-07-17,NSE,TCS,raw_l2/trade_date=2026-07-17/exchange=NSE/symbol=TCS/part-041223_750796-003773.parquet,real_data_sample\l2_unseen_validation\trade_date=2026-07-17\exchange=NSE\symbol=TCS\part-041223_750796-003773.parquet,36149,downloaded,36149,
2026-07-17,NSE,TCS,raw_l2/trade_date=2026-07-17/exchange=NSE/symbol=TCS/part-041443_573534-004093.parquet,real_data_sample\l2_unseen_validation\trade_date=2026-07-17\exchange=NSE\symbol=TCS\part-041443_573534-004093.parquet,36126,downloaded,36126,
2026-07-17,NSE,TCS,raw_l2/trade_date=2026-07-17/exchange=NSE/symbol=TCS/part-041511_447448-004157.parquet,real_data_sample\l2_unseen_validation\trade_date=2026-07-17\exchange=NSE\symbol=TCS\part-041511_447448-004157.parquet,36112,downloaded,36112,
2026-07-17,NSE,TCS,raw_l2/trade_date=2026-07-17/exchange=NSE/symbol=TCS/part-041251_472545-003837.parquet,real_data_sample\l2_unseen_validation\trade_date=2026-07-17\exchange=NSE\symbol=TCS\part-041251_472545-003837.parquet,36232,downloaded,36232,
2026-07-17,NSE,TCS,raw_l2/trade_date=2026-07-17/exchange=NSE/symbol=TCS/part-041305_275035-003869.parquet,real_data_sample\l2_unseen_validation\trade_date=2026-07-17\exchange=NSE\symbol=TCS\part-041305_275035-003869.parquet,35808,downloaded,35808,
2026-07-17,NSE,TCS,raw_l2/trade_date=2026-07-17/exchange=NSE/symbol=TCS/part-041209_896986-003741.parquet,real_data_sample\l2_unseen_validation\trade_date=2026-07-17\exchange=NSE\symbol=TCS\part-041209_896986-003741.parquet,36039,downloaded,36039,
2026-07-17,NSE,TCS,raw_l2/trade_date=2026-07-17/exchange=NSE/symbol=TCS/part-041017_266994-003485.parquet,real_data_sample\l2_unseen_validation\trade_date=2026-07-17\exchange=NSE\symbol=TCS\part-041017_266994-003485.parquet,36027,downloaded,36027,
2026-07-17,NSE,TCS,raw_l2/trade_date=2026-07-17/exchange=NSE/symbol=TCS/part-041003_441950-003453.parquet,real_data_sample\l2_unseen_validation\trade_date=2026-07-17\exchange=NSE\symbol=TCS\part-041003_441950-003453.parquet,36247,downloaded,36247,
2026-07-17,NSE,TCS,raw_l2/trade_date=2026-07-17/exchange=NSE/symbol=TCS/part-040949_342271-003421.parquet,real_data_sample\l2_unseen_validation\trade_date=2026-07-17\exchange=NSE\symbol=TCS\part-040949_342271-003421.parquet,36386,downloaded,36386,
2026-07-17,NSE,TCS,raw_l2/trade_date=2026-07-17/exchange=NSE/symbol=TCS/part-040837_841151-003261.parquet,real_data_sample\l2_unseen_validation\trade_date=2026-07-17\exchange=NSE\symbol=TCS\part-040837_841151-003261.parquet,36466,downloaded,36466,
2026-07-17,NSE,TCS,raw_l2/trade_date=2026-07-17/exchange=NSE/symbol=TCS/part-041319_272468-003901.parquet,real_data_sample\l2_unseen_validation\trade_date=2026-07-17\exchange=NSE\symbol=TCS\part-041319_272468-003901.parquet,35946,downloaded,35946,
2026-07-17,NSE,TCS,raw_l2/trade_date=2026-07-17/exchange=NSE/symbol=TCS/part-041114_200369-003613.parquet,real_data_sample\l2_unseen_validation\trade_date=2026-07-17\exchange=NSE\symbol=TCS\part-041114_200369-003613.parquet,36317,downloaded,36317,
2026-07-17,NSE,TCS,raw_l2/trade_date=2026-07-17/exchange=NSE/symbol=TCS/part-040906_454111-003325.parquet,real_data_sample\l2_unseen_validation\trade_date=2026-07-17\exchange=NSE\symbol=TCS\part-040906_454111-003325.parquet,36546,downloaded,36546,
2026-07-17,NSE,TCS,raw_l2/trade_date=2026-07-17/exchange=NSE/symbol=TCS/part-040823_854016-003229.parquet,real_data_sample\l2_unseen_validation\trade_date=2026-07-17\exchange=NSE\symbol=TCS\part-040823_854016-003229.parquet,36133,downloaded,36133,
2026-07-17,NSE,TCS,raw_l2/trade_date=2026-07-17/exchange=NSE/symbol=TCS/part-041237_706899-003805.parquet,real_data_sample\l2_unseen_validation\trade_date=2026-07-17\exchange=NSE\symbol=TCS\part-041237_706899-003805.parquet,36141,downloaded,36141,
2026-07-17,NSE,TCS,raw_l2/trade_date=2026-07-17/exchange=NSE/symbol=TCS/part-041429_519577-004061.parquet,real_data_sample\l2_unseen_validation\trade_date=2026-07-17\exchange=NSE\symbol=TCS\part-041429_519577-004061.parquet,36302,downloaded,36302,
2026-07-17,NSE,TCS,raw_l2/trade_date=2026-07-17/exchange=NSE/symbol=TCS/part-041100_055378-003581.parquet,real_data_sample\l2_unseen_validation\trade_date=2026-07-17\exchange=NSE\symbol=TCS\part-041100_055378-003581.parquet,36237,downloaded,36237,
2026-07-17,NSE,TCS,raw_l2/trade_date=2026-07-17/exchange=NSE/symbol=TCS/part-040935_067576-003389.parquet,real_data_sample\l2_unseen_validation\trade_date=2026-07-17\exchange=NSE\symbol=TCS\part-040935_067576-003389.parquet,36595,downloaded,36595,
2026-07-17,NSE,TCS,raw_l2/trade_date=2026-07-17/exchange=NSE/symbol=TCS/part-041031_548684-003517.parquet,real_data_sample\l2_unseen_validation\trade_date=2026-07-17\exchange=NSE\symbol=TCS\part-041031_548684-003517.parquet,35810,downloaded,35810,
2026-07-17,NSE,TCS,raw_l2/trade_date=2026-07-17/exchange=NSE/symbol=TCS/part-041457_506491-004125.parquet,real_data_sample\l2_unseen_validation\trade_date=2026-07-17\exchange=NSE\symbol=TCS\part-041457_506491-004125.parquet,36256,downloaded,36256,
2026-07-17,NSE,TCS,raw_l2/trade_date=2026-07-17/exchange=NSE/symbol=TCS/part-041525_282020-004189.parquet,real_data_sample\l2_unseen_validation\trade_date=2026-07-17\exchange=NSE\symbol=TCS\part-041525_282020-004189.parquet,36013,downloaded,36013,
2026-07-17,NSE,TCS,raw_l2/trade_date=2026-07-17/exchange=NSE/symbol=TCS/part-041649_544149-004381.parquet,real_data_sample\l2_unseen_validation\trade_date=2026-07-17\exchange=NSE\symbol=TCS\part-041649_544149-004381.parquet,36046,downloaded,36046,
2026-07-17,NSE,TCS,raw_l2/trade_date=2026-07-17/exchange=NSE/symbol=TCS/part-041717_152383-004445.parquet,real_data_sample\l2_unseen_validation\trade_date=2026-07-17\exchange=NSE\symbol=TCS\part-041717_152383-004445.parquet,36254,downloaded,36254,
2026-07-17,NSE,TCS,raw_l2/trade_date=2026-07-17/exchange=NSE/symbol=TCS/part-041909_164792-004701.parquet,real_data_sample\l2_unseen_validation\trade_date=2026-07-17\exchange=NSE\symbol=TCS\part-041909_164792-004701.parquet,36354,downloaded,36354,
2026-07-17,NSE,TCS,raw_l2/trade_date=2026-07-17/exchange=NSE/symbol=TCS/part-041703_314203-004413.parquet,real_data_sample\l2_unseen_validation\trade_date=2026-07-17\exchange=NSE\symbol=TCS\part-041703_314203-004413.parquet,35998,downloaded,35998,
2026-07-17,NSE,TCS,raw_l2/trade_date=2026-07-17/exchange=NSE/symbol=TCS/part-042005_496586-004829.parquet,real_data_sample\l2_unseen_validation\trade_date=2026-07-17\exchange=NSE\symbol=TCS\part-042005_496586-004829.parquet,36482,downloaded,36482,
2026-07-17,NSE,TCS,raw_l2/trade_date=2026-07-17/exchange=NSE/symbol=TCS/part-041635_651227-004349.parquet,real_data_sample\l2_unseen_validation\trade_date=2026-07-17\exchange=NSE\symbol=TCS\part-041635_651227-004349.parquet,36171,downloaded,36171,
2026-07-17,NSE,TCS,raw_l2/trade_date=2026-07-17/exchange=NSE/symbol=TCS/part-041554_431692-004253.parquet,real_data_sample\l2_unseen_validation\trade_date=2026-07-17\exchange=NSE\symbol=TCS\part-041554_431692-004253.parquet,36360,downloaded,36360,
2026-07-17,NSE,TCS,raw_l2/trade_date=2026-07-17/exchange=NSE/symbol=TCS/part-042142_803932-005053.parquet,real_data_sample\l2_unseen_validation\trade_date=2026-07-17\exchange=NSE\symbol=TCS\part-042142_803932-005053.parquet,35753,downloaded,35753,
2026-07-17,NSE,TCS,raw_l2/trade_date=2026-07-17/exchange=NSE/symbol=TCS/part-041812_836686-004573.parquet,real_data_sample\l2_unseen_validation\trade_date=2026-07-17\exchange=NSE\symbol=TCS\part-041812_836686-004573.parquet,36306,downloaded,36306,
2026-07-17,NSE,TCS,raw_l2/trade_date=2026-07-17/exchange=NSE/symbol=TCS/part-041539_552396-004221.parquet,real_data_sample\l2_unseen_validation\trade_date=2026-07-17\exchange=NSE\symbol=TCS\part-041539_552396-004221.parquet,35843,downloaded,35843,
2026-07-17,NSE,TCS,raw_l2/trade_date=2026-07-17/exchange=NSE/symbol=TCS/part-041840_516389-004637.parquet,real_data_sample\l2_unseen_validation\trade_date=2026-07-17\exchange=NSE\symbol=TCS\part-041840_516389-004637.parquet,35859,downloaded,35859,
2026-07-17,NSE,TCS,raw_l2/trade_date=2026-07-17/exchange=NSE/symbol=TCS/part-041608_163374-004285.parquet,real_data_sample\l2_unseen_validation\trade_date=2026-07-17\exchange=NSE\symbol=TCS\part-041608_163374-004285.parquet,36168,downloaded,36168,
2026-07-17,NSE,TCS,raw_l2/trade_date=2026-07-17/exchange=NSE/symbol=TCS/part-041854_923947-004669.parquet,real_data_sample\l2_unseen_validation\trade_date=2026-07-17\exchange=NSE\symbol=TCS\part-041854_923947-004669.parquet,36547,downloaded,36547,
2026-07-17,NSE,TCS,raw_l2/trade_date=2026-07-17/exchange=NSE/symbol=TCS/part-042224_906241-005149.parquet,real_data_sample\l2_unseen_validation\trade_date=2026-07-17\exchange=NSE\symbol=TCS\part-042224_906241-005149.parquet,35997,downloaded,35997,
2026-07-17,NSE,TCS,raw_l2/trade_date=2026-07-17/exchange=NSE/symbol=TCS/part-041826_608810-004605.parquet,real_data_sample\l2_unseen_validation\trade_date=2026-07-17\exchange=NSE\symbol=TCS\part-041826_608810-004605.parquet,36613,downloaded,36613,
2026-07-17,NSE,TCS,raw_l2/trade_date=2026-07-17/exchange=NSE/symbol=TCS/part-042156_804105-005085.parquet,real_data_sample\l2_unseen_validation\trade_date=2026-07-17\exchange=NSE\symbol=TCS\part-042156_804105-005085.parquet,35898,downloaded,35898,
2026-07-17,NSE,TCS,raw_l2/trade_date=2026-07-17/exchange=NSE/symbol=TCS/part-041621_973569-004317.parquet,real_data_sample\l2_unseen_validation\trade_date=2026-07-17\exchange=NSE\symbol=TCS\part-041621_973569-004317.parquet,36314,downloaded,36314,
2026-07-17,NSE,TCS,raw_l2/trade_date=2026-07-17/exchange=NSE/symbol=TCS/part-042210_837722-005117.parquet,real_data_sample\l2_unseen_validation\trade_date=2026-07-17\exchange=NSE\symbol=TCS\part-042210_837722-005117.parquet,36054,downloaded,36054,
2026-07-17,NSE,TCS,raw_l2/trade_date=2026-07-17/exchange=NSE/symbol=TCS/part-042238_732799-005181.parquet,real_data_sample\l2_unseen_validation\trade_date=2026-07-17\exchange=NSE\symbol=TCS\part-042238_732799-005181.parquet,35981,downloaded,35981,
2026-07-17,NSE,TCS,raw_l2/trade_date=2026-07-17/exchange=NSE/symbol=TCS/part-041937_506180-004765.parquet,real_data_sample\l2_unseen_validation\trade_date=2026-07-17\exchange=NSE\symbol=TCS\part-041937_506180-004765.parquet,36093,downloaded,36093,
2026-07-17,NSE,TCS,raw_l2/trade_date=2026-07-17/exchange=NSE/symbol=TCS/part-041731_618418-004477.parquet,real_data_sample\l2_unseen_validation\trade_date=2026-07-17\exchange=NSE\symbol=TCS\part-041731_618418-004477.parquet,36557,downloaded,36557,
2026-07-17,NSE,TCS,raw_l2/trade_date=2026-07-17/exchange=NSE/symbol=TCS/part-042019_456699-004861.parquet,real_data_sample\l2_unseen_validation\trade_date=2026-07-17\exchange=NSE\symbol=TCS\part-042019_456699-004861.parquet,35834,downloaded,35834,
2026-07-17,NSE,TCS,raw_l2/trade_date=2026-07-17/exchange=NSE/symbol=TCS/part-042100_919098-004957.parquet,real_data_sample\l2_unseen_validation\trade_date=2026-07-17\exchange=NSE\symbol=TCS\part-042100_919098-004957.parquet,36188,downloaded,36188,
2026-07-17,NSE,TCS,raw_l2/trade_date=2026-07-17/exchange=NSE/symbol=TCS/part-041951_603376-004797.parquet,real_data_sample\l2_unseen_validation\trade_date=2026-07-17\exchange=NSE\symbol=TCS\part-041951_603376-004797.parquet,36026,downloaded,36026,
2026-07-17,NSE,TCS,raw_l2/trade_date=2026-07-17/exchange=NSE/symbol=TCS/part-041759_265186-004541.parquet,real_data_sample\l2_unseen_validation\trade_date=2026-07-17\exchange=NSE\symbol=TCS\part-041759_265186-004541.parquet,36301,downloaded,36301,
2026-07-17,NSE,TCS,raw_l2/trade_date=2026-07-17/exchange=NSE/symbol=TCS/part-041745_453542-004509.parquet,real_data_sample\l2_unseen_validation\trade_date=2026-07-17\exchange=NSE\symbol=TCS\part-041745_453542-004509.parquet,36262,downloaded,36262,
2026-07-17,NSE,TCS,raw_l2/trade_date=2026-07-17/exchange=NSE/symbol=TCS/part-042033_178526-004893.parquet,real_data_sample\l2_unseen_validation\trade_date=2026-07-17\exchange=NSE\symbol=TCS\part-042033_178526-004893.parquet,36065,downloaded,36065,
2026-07-17,NSE,TCS,raw_l2/trade_date=2026-07-17/exchange=NSE/symbol=TCS/part-042114_701019-004989.parquet,real_data_sample\l2_unseen_validation\trade_date=2026-07-17\exchange=NSE\symbol=TCS\part-042114_701019-004989.parquet,36112,downloaded,36112,
2026-07-17,NSE,TCS,raw_l2/trade_date=2026-07-17/exchange=NSE/symbol=TCS/part-042047_167003-004925.parquet,real_data_sample\l2_unseen_validation\trade_date=2026-07-17\exchange=NSE\symbol=TCS\part-042047_167003-004925.parquet,36342,downloaded,36342,
2026-07-17,NSE,TCS,raw_l2/trade_date=2026-07-17/exchange=NSE/symbol=TCS/part-041923_460143-004733.parquet,real_data_sample\l2_unseen_validation\trade_date=2026-07-17\exchange=NSE\symbol=TCS\part-041923_460143-004733.parquet,35910,downloaded,35910,
2026-07-17,NSE,TCS,raw_l2/trade_date=2026-07-17/exchange=NSE/symbol=TCS/part-042128_708041-005021.parquet,real_data_sample\l2_unseen_validation\trade_date=2026-07-17\exchange=NSE\symbol=TCS\part-042128_708041-005021.parquet,35943,downloaded,35943,
2026-07-17,NSE,TCS,raw_l2/trade_date=2026-07-17/exchange=NSE/symbol=TCS/part-042252_486188-005213.parquet,real_data_sample\l2_unseen_validation\trade_date=2026-07-17\exchange=NSE\symbol=TCS\part-042252_486188-005213.parquet,35894,downloaded,35894,
2026-07-17,NSE,TCS,raw_l2/trade_date=2026-07-17/exchange=NSE/symbol=TCS/part-042348_574861-005341.parquet,real_data_sample\l2_unseen_validation\trade_date=2026-07-17\exchange=NSE\symbol=TCS\part-042348_574861-005341.parquet,35424,downloaded,35424,
2026-07-17,NSE,TCS,raw_l2/trade_date=2026-07-17/exchange=NSE/symbol=TCS/part-042320_593850-005277.parquet,real_data_sample\l2_unseen_validation\trade_date=2026-07-17\exchange=NSE\symbol=TCS\part-042320_593850-005277.parquet,35387,downloaded,35387,
2026-07-17,NSE,TCS,raw_l2/trade_date=2026-07-17/exchange=NSE/symbol=TCS/part-042334_534984-005309.parquet,real_data_sample\l2_unseen_validation\trade_date=2026-07-17\exchange=NSE\symbol=TCS\part-042334_534984-005309.parquet,35964,downloaded,35964,
2026-07-17,NSE,TCS,raw_l2/trade_date=2026-07-17/exchange=NSE/symbol=TCS/part-042306_491482-005245.parquet,real_data_sample\l2_unseen_validation\trade_date=2026-07-17\exchange=NSE\symbol=TCS\part-042306_491482-005245.parquet,35782,downloaded,35782,
2026-07-17,NSE,TCS,raw_l2/trade_date=2026-07-17/exchange=NSE/symbol=TCS/part-042937_360842-006141.parquet,real_data_sample\l2_unseen_validation\trade_date=2026-07-17\exchange=NSE\symbol=TCS\part-042937_360842-006141.parquet,36084,downloaded,36084,
2026-07-17,NSE,TCS,raw_l2/trade_date=2026-07-17/exchange=NSE/symbol=TCS/part-042718_079473-005821.parquet,real_data_sample\l2_unseen_validation\trade_date=2026-07-17\exchange=NSE\symbol=TCS\part-042718_079473-005821.parquet,36349,downloaded,36349,
2026-07-17,NSE,TCS,raw_l2/trade_date=2026-07-17/exchange=NSE/symbol=TCS/part-042553_724129-005629.parquet,real_data_sample\l2_unseen_validation\trade_date=2026-07-17\exchange=NSE\symbol=TCS\part-042553_724129-005629.parquet,36151,downloaded,36151,
2026-07-17,NSE,TCS,raw_l2/trade_date=2026-07-17/exchange=NSE/symbol=TCS/part-042511_709482-005533.parquet,real_data_sample\l2_unseen_validation\trade_date=2026-07-17\exchange=NSE\symbol=TCS\part-042511_709482-005533.parquet,36252,downloaded,36252,
2026-07-17,NSE,TCS,raw_l2/trade_date=2026-07-17/exchange=NSE/symbol=TCS/part-042732_114727-005853.parquet,real_data_sample\l2_unseen_validation\trade_date=2026-07-17\exchange=NSE\symbol=TCS\part-042732_114727-005853.parquet,36544,downloaded,36544,
2026-07-17,NSE,TCS,raw_l2/trade_date=2026-07-17/exchange=NSE/symbol=TCS/part-042759_635223-005917.parquet,real_data_sample\l2_unseen_validation\trade_date=2026-07-17\exchange=NSE\symbol=TCS\part-042759_635223-005917.parquet,36473,downloaded,36473,
2026-07-17,NSE,TCS,raw_l2/trade_date=2026-07-17/exchange=NSE/symbol=TCS/part-042813_576491-005949.parquet,real_data_sample\l2_unseen_validation\trade_date=2026-07-17\exchange=NSE\symbol=TCS\part-042813_576491-005949.parquet,36209,downloaded,36209,
2026-07-17,NSE,TCS,raw_l2/trade_date=2026-07-17/exchange=NSE/symbol=TCS/part-042650_063338-005757.parquet,real_data_sample\l2_unseen_validation\trade_date=2026-07-17\exchange=NSE\symbol=TCS\part-042650_063338-005757.parquet,36477,downloaded,36477,
2026-07-17,NSE,TCS,raw_l2/trade_date=2026-07-17/exchange=NSE/symbol=TCS/part-042621_948801-005693.parquet,real_data_sample\l2_unseen_validation\trade_date=2026-07-17\exchange=NSE\symbol=TCS\part-042621_948801-005693.parquet,36844,downloaded,36844,
2026-07-17,NSE,TCS,raw_l2/trade_date=2026-07-17/exchange=NSE/symbol=TCS/part-042444_249366-005469.parquet,real_data_sample\l2_unseen_validation\trade_date=2026-07-17\exchange=NSE\symbol=TCS\part-042444_249366-005469.parquet,36294,downloaded,36294,
2026-07-17,NSE,TCS,raw_l2/trade_date=2026-07-17/exchange=NSE/symbol=TCS/part-042827_580069-005981.parquet,real_data_sample\l2_unseen_validation\trade_date=2026-07-17\exchange=NSE\symbol=TCS\part-042827_580069-005981.parquet,36338,downloaded,36338,
2026-07-17,NSE,TCS,raw_l2/trade_date=2026-07-17/exchange=NSE/symbol=TCS/part-042539_870576-005597.parquet,real_data_sample\l2_unseen_validation\trade_date=2026-07-17\exchange=NSE\symbol=TCS\part-042539_870576-005597.parquet,36067,downloaded,36067,
2026-07-17,NSE,TCS,raw_l2/trade_date=2026-07-17/exchange=NSE/symbol=TCS/part-042745_885669-005885.parquet,real_data_sample\l2_unseen_validation\trade_date=2026-07-17\exchange=NSE\symbol=TCS\part-042745_885669-005885.parquet,36267,downloaded,36267,
2026-07-17,NSE,TCS,raw_l2/trade_date=2026-07-17/exchange=NSE/symbol=TCS/part-042607_980492-005661.parquet,real_data_sample\l2_unseen_validation\trade_date=2026-07-17\exchange=NSE\symbol=TCS\part-042607_980492-005661.parquet,36067,downloaded,36067,
2026-07-17,NSE,TCS,raw_l2/trade_date=2026-07-17/exchange=NSE/symbol=TCS/part-042430_286431-005437.parquet,real_data_sample\l2_unseen_validation\trade_date=2026-07-17\exchange=NSE\symbol=TCS\part-042430_286431-005437.parquet,36059,downloaded,36059,
2026-07-17,NSE,TCS,raw_l2/trade_date=2026-07-17/exchange=NSE/symbol=TCS/part-042525_784541-005565.parquet,real_data_sample\l2_unseen_validation\trade_date=2026-07-17\exchange=NSE\symbol=TCS\part-042525_784541-005565.parquet,36361,downloaded,36361,
2026-07-17,NSE,TCS,raw_l2/trade_date=2026-07-17/exchange=NSE/symbol=TCS/part-042923_330866-006109.parquet,real_data_sample\l2_unseen_validation\trade_date=2026-07-17\exchange=NSE\symbol=TCS\part-042923_330866-006109.parquet,36267,downloaded,36267,
2026-07-17,NSE,TCS,raw_l2/trade_date=2026-07-17/exchange=NSE/symbol=TCS/part-042636_117349-005725.parquet,real_data_sample\l2_unseen_validation\trade_date=2026-07-17\exchange=NSE\symbol=TCS\part-042636_117349-005725.parquet,36427,downloaded,36427,
2026-07-17,NSE,TCS,raw_l2/trade_date=2026-07-17/exchange=NSE/symbol=TCS/part-042402_434678-005373.parquet,real_data_sample\l2_unseen_validation\trade_date=2026-07-17\exchange=NSE\symbol=TCS\part-042402_434678-005373.parquet,35944,downloaded,35944,
2026-07-17,NSE,TCS,raw_l2/trade_date=2026-07-17/exchange=NSE/symbol=TCS/part-042457_882019-005501.parquet,real_data_sample\l2_unseen_validation\trade_date=2026-07-17\exchange=NSE\symbol=TCS\part-042457_882019-005501.parquet,35661,downloaded,35661,
2026-07-17,NSE,TCS,raw_l2/trade_date=2026-07-17/exchange=NSE/symbol=TCS/part-042704_094813-005789.parquet,real_data_sample\l2_unseen_validation\trade_date=2026-07-17\exchange=NSE\symbol=TCS\part-042704_094813-005789.parquet,36300,downloaded,36300,
2026-07-17,NSE,TCS,raw_l2/trade_date=2026-07-17/exchange=NSE/symbol=TCS/part-042416_206631-005405.parquet,real_data_sample\l2_unseen_validation\trade_date=2026-07-17\exchange=NSE\symbol=TCS\part-042416_206631-005405.parquet,35973,downloaded,35973,
2026-07-17,NSE,TCS,raw_l2/trade_date=2026-07-17/exchange=NSE/symbol=TCS/part-042855_425454-006045.parquet,real_data_sample\l2_unseen_validation\trade_date=2026-07-17\exchange=NSE\symbol=TCS\part-042855_425454-006045.parquet,36149,downloaded,36149,
2026-07-17,NSE,TCS,raw_l2/trade_date=2026-07-17/exchange=NSE/symbol=TCS/part-042951_297457-006173.parquet,real_data_sample\l2_unseen_validation\trade_date=2026-07-17\exchange=NSE\symbol=TCS\part-042951_297457-006173.parquet,36314,downloaded,36314,
2026-07-17,NSE,TCS,raw_l2/trade_date=2026-07-17/exchange=NSE/symbol=TCS/part-042909_380872-006077.parquet,real_data_sample\l2_unseen_validation\trade_date=2026-07-17\exchange=NSE\symbol=TCS\part-042909_380872-006077.parquet,36125,downloaded,36125,
2026-07-17,NSE,TCS,raw_l2/trade_date=2026-07-17/exchange=NSE/symbol=TCS/part-042841_526392-006013.parquet,real_data_sample\l2_unseen_validation\trade_date=2026-07-17\exchange=NSE\symbol=TCS\part-042841_526392-006013.parquet,36370,downloaded,36370,
2026-07-17,NSE,TCS,raw_l2/trade_date=2026-07-17/exchange=NSE/symbol=TCS/part-043005_298427-006205.parquet,real_data_sample\l2_unseen_validation\trade_date=2026-07-17\exchange=NSE\symbol=TCS\part-043005_298427-006205.parquet,35954,downloaded,35954,
2026-07-17,NSE,TCS,raw_l2/trade_date=2026-07-17/exchange=NSE/symbol=TCS/part-043019_577704-006237.parquet,real_data_sample\l2_unseen_validation\trade_date=2026-07-17\exchange=NSE\symbol=TCS\part-043019_577704-006237.parquet,36138,downloaded,36138,
2026-07-17,NSE,TCS,raw_l2/trade_date=2026-07-17/exchange=NSE/symbol=TCS/part-043033_472958-006269.parquet,real_data_sample\l2_unseen_validation\trade_date=2026-07-17\exchange=NSE\symbol=TCS\part-043033_472958-006269.parquet,36125,downloaded,36125,
2026-07-17,NSE,TCS,raw_l2/trade_date=2026-07-17/exchange=NSE/symbol=TCS/part-043100_939581-006333.parquet,real_data_sample\l2_unseen_validation\trade_date=2026-07-17\exchange=NSE\symbol=TCS\part-043100_939581-006333.parquet,36000,downloaded,36000,
2026-07-17,NSE,TCS,raw_l2/trade_date=2026-07-17/exchange=NSE/symbol=TCS/part-043047_223103-006301.parquet,real_data_sample\l2_unseen_validation\trade_date=2026-07-17\exchange=NSE\symbol=TCS\part-043047_223103-006301.parquet,36013,downloaded,36013,
2026-07-17,NSE,TCS,raw_l2/trade_date=2026-07-17/exchange=NSE/symbol=TCS/part-043115_045357-006365.parquet,real_data_sample\l2_unseen_validation\trade_date=2026-07-17\exchange=NSE\symbol=TCS\part-043115_045357-006365.parquet,36391,downloaded,36391,
2026-07-17,NSE,TCS,raw_l2/trade_date=2026-07-17/exchange=NSE/symbol=TCS/part-043321_741550-006653.parquet,real_data_sample\l2_unseen_validation\trade_date=2026-07-17\exchange=NSE\symbol=TCS\part-043321_741550-006653.parquet,35738,downloaded,35738,
2026-07-17,NSE,TCS,raw_l2/trade_date=2026-07-17/exchange=NSE/symbol=TCS/part-043335_860895-006685.parquet,real_data_sample\l2_unseen_validation\trade_date=2026-07-17\exchange=NSE\symbol=TCS\part-043335_860895-006685.parquet,36084,downloaded,36084,
2026-07-17,NSE,TCS,raw_l2/trade_date=2026-07-17/exchange=NSE/symbol=TCS/part-043445_690096-006845.parquet,real_data_sample\l2_unseen_validation\trade_date=2026-07-17\exchange=NSE\symbol=TCS\part-043445_690096-006845.parquet,35818,downloaded,35818,
2026-07-17,NSE,TCS,raw_l2/trade_date=2026-07-17/exchange=NSE/symbol=TCS/part-043307_539339-006621.parquet,real_data_sample\l2_unseen_validation\trade_date=2026-07-17\exchange=NSE\symbol=TCS\part-043307_539339-006621.parquet,35858,downloaded,35858,
2026-07-17,NSE,TCS,raw_l2/trade_date=2026-07-17/exchange=NSE/symbol=TCS/part-043513_385293-006909.parquet,real_data_sample\l2_unseen_validation\trade_date=2026-07-17\exchange=NSE\symbol=TCS\part-043513_385293-006909.parquet,36312,downloaded,36312,
2026-07-17,NSE,TCS,raw_l2/trade_date=2026-07-17/exchange=NSE/symbol=TCS/part-043459_501281-006877.parquet,real_data_sample\l2_unseen_validation\trade_date=2026-07-17\exchange=NSE\symbol=TCS\part-043459_501281-006877.parquet,36557,downloaded,36557,
2026-07-17,NSE,TCS,raw_l2/trade_date=2026-07-17/exchange=NSE/symbol=TCS/part-043129_328919-006397.parquet,real_data_sample\l2_unseen_validation\trade_date=2026-07-17\exchange=NSE\symbol=TCS\part-043129_328919-006397.parquet,35802,downloaded,35802,
2026-07-17,NSE,TCS,raw_l2/trade_date=2026-07-17/exchange=NSE/symbol=TCS/part-043746_709948-007261.parquet,real_data_sample\l2_unseen_validation\trade_date=2026-07-17\exchange=NSE\symbol=TCS\part-043746_709948-007261.parquet,36216,downloaded,36216,
2026-07-17,NSE,TCS,raw_l2/trade_date=2026-07-17/exchange=NSE/symbol=TCS/part-043143_457279-006429.parquet,real_data_sample\l2_unseen_validation\trade_date=2026-07-17\exchange=NSE\symbol=TCS\part-043143_457279-006429.parquet,35908,downloaded,35908,
2026-07-17,NSE,TCS,raw_l2/trade_date=2026-07-17/exchange=NSE/symbol=TCS/part-043225_820665-006525.parquet,real_data_sample\l2_unseen_validation\trade_date=2026-07-17\exchange=NSE\symbol=TCS\part-043225_820665-006525.parquet,36152,downloaded,36152,
2026-07-17,NSE,TCS,raw_l2/trade_date=2026-07-17/exchange=NSE/symbol=TCS/part-043349_873455-006717.parquet,real_data_sample\l2_unseen_validation\trade_date=2026-07-17\exchange=NSE\symbol=TCS\part-043349_873455-006717.parquet,36655,downloaded,36655,
2026-07-17,NSE,TCS,raw_l2/trade_date=2026-07-17/exchange=NSE/symbol=TCS/part-043527_239935-006941.parquet,real_data_sample\l2_unseen_validation\trade_date=2026-07-17\exchange=NSE\symbol=TCS\part-043527_239935-006941.parquet,36234,downloaded,36234,
2026-07-17,NSE,TCS,raw_l2/trade_date=2026-07-17/exchange=NSE/symbol=TCS/part-043705_071070-007165.parquet,real_data_sample\l2_unseen_validation\trade_date=2026-07-17\exchange=NSE\symbol=TCS\part-043705_071070-007165.parquet,34771,downloaded,34771,
2026-07-17,NSE,TCS,raw_l2/trade_date=2026-07-17/exchange=NSE/symbol=TCS/part-043157_233806-006461.parquet,real_data_sample\l2_unseen_validation\trade_date=2026-07-17\exchange=NSE\symbol=TCS\part-043157_233806-006461.parquet,36165,downloaded,36165,
2026-07-17,NSE,TCS,raw_l2/trade_date=2026-07-17/exchange=NSE/symbol=TCS/part-043718_909541-007197.parquet,real_data_sample\l2_unseen_validation\trade_date=2026-07-17\exchange=NSE\symbol=TCS\part-043718_909541-007197.parquet,35592,downloaded,35592,
2026-07-17,NSE,TCS,raw_l2/trade_date=2026-07-17/exchange=NSE/symbol=TCS/part-043431_861507-006813.parquet,real_data_sample\l2_unseen_validation\trade_date=2026-07-17\exchange=NSE\symbol=TCS\part-043431_861507-006813.parquet,35654,downloaded,35654,
2026-07-17,NSE,TCS,raw_l2/trade_date=2026-07-17/exchange=NSE/symbol=TCS/part-043403_765145-006749.parquet,real_data_sample\l2_unseen_validation\trade_date=2026-07-17\exchange=NSE\symbol=TCS\part-043403_765145-006749.parquet,36267,downloaded,36267,
2026-07-17,NSE,TCS,raw_l2/trade_date=2026-07-17/exchange=NSE/symbol=TCS/part-043417_863252-006781.parquet,real_data_sample\l2_unseen_validation\trade_date=2026-07-17\exchange=NSE\symbol=TCS\part-043417_863252-006781.parquet,36069,downloaded,36069,
2026-07-17,NSE,TCS,raw_l2/trade_date=2026-07-17/exchange=NSE/symbol=TCS/part-043211_447547-006493.parquet,real_data_sample\l2_unseen_validation\trade_date=2026-07-17\exchange=NSE\symbol=TCS\part-043211_447547-006493.parquet,36050,downloaded,36050,
2026-07-17,NSE,TCS,raw_l2/trade_date=2026-07-17/exchange=NSE/symbol=TCS/part-043239_841388-006557.parquet,real_data_sample\l2_unseen_validation\trade_date=2026-07-17\exchange=NSE\symbol=TCS\part-043239_841388-006557.parquet,36416,downloaded,36416,
2026-07-17,NSE,TCS,raw_l2/trade_date=2026-07-17/exchange=NSE/symbol=TCS/part-043253_686879-006589.parquet,real_data_sample\l2_unseen_validation\trade_date=2026-07-17\exchange=NSE\symbol=TCS\part-043253_686879-006589.parquet,35858,downloaded,35858,
2026-07-17,NSE,TCS,raw_l2/trade_date=2026-07-17/exchange=NSE/symbol=TCS/part-043636_966453-007101.parquet,real_data_sample\l2_unseen_validation\trade_date=2026-07-17\exchange=NSE\symbol=TCS\part-043636_966453-007101.parquet,34638,downloaded,34638,
2026-07-17,NSE,TCS,raw_l2/trade_date=2026-07-17/exchange=NSE/symbol=TCS/part-043541_059663-006973.parquet,real_data_sample\l2_unseen_validation\trade_date=2026-07-17\exchange=NSE\symbol=TCS\part-043541_059663-006973.parquet,35960,downloaded,35960,
2026-07-17,NSE,TCS,raw_l2/trade_date=2026-07-17/exchange=NSE/symbol=TCS/part-043815_066503-007325.parquet,real_data_sample\l2_unseen_validation\trade_date=2026-07-17\exchange=NSE\symbol=TCS\part-043815_066503-007325.parquet,36297,downloaded,36297,
2026-07-17,NSE,TCS,raw_l2/trade_date=2026-07-17/exchange=NSE/symbol=TCS/part-043800_452655-007293.parquet,real_data_sample\l2_unseen_validation\trade_date=2026-07-17\exchange=NSE\symbol=TCS\part-043800_452655-007293.parquet,36486,downloaded,36486,
2026-07-17,NSE,TCS,raw_l2/trade_date=2026-07-17/exchange=NSE/symbol=TCS/part-043828_829671-007357.parquet,real_data_sample\l2_unseen_validation\trade_date=2026-07-17\exchange=NSE\symbol=TCS\part-043828_829671-007357.parquet,36616,downloaded,36616,
2026-07-17,NSE,TCS,raw_l2/trade_date=2026-07-17/exchange=NSE/symbol=TCS/part-043609_053519-007037.parquet,real_data_sample\l2_unseen_validation\trade_date=2026-07-17\exchange=NSE\symbol=TCS\part-043609_053519-007037.parquet,35727,downloaded,35727,
2026-07-17,NSE,TCS,raw_l2/trade_date=2026-07-17/exchange=NSE/symbol=TCS/part-043651_156535-007133.parquet,real_data_sample\l2_unseen_validation\trade_date=2026-07-17\exchange=NSE\symbol=TCS\part-043651_156535-007133.parquet,34690,downloaded,34690,
2026-07-17,NSE,TCS,raw_l2/trade_date=2026-07-17/exchange=NSE/symbol=TCS/part-043622_908762-007069.parquet,real_data_sample\l2_unseen_validation\trade_date=2026-07-17\exchange=NSE\symbol=TCS\part-043622_908762-007069.parquet,34980,downloaded,34980,
2026-07-17,NSE,TCS,raw_l2/trade_date=2026-07-17/exchange=NSE/symbol=TCS/part-043555_028860-007005.parquet,real_data_sample\l2_unseen_validation\trade_date=2026-07-17\exchange=NSE\symbol=TCS\part-043555_028860-007005.parquet,35888,downloaded,35888,
2026-07-17,NSE,TCS,raw_l2/trade_date=2026-07-17/exchange=NSE/symbol=TCS/part-043732_848773-007229.parquet,real_data_sample\l2_unseen_validation\trade_date=2026-07-17\exchange=NSE\symbol=TCS\part-043732_848773-007229.parquet,36127,downloaded,36127,
2026-07-17,NSE,TCS,raw_l2/trade_date=2026-07-17/exchange=NSE/symbol=TCS/part-043842_988170-007389.parquet,real_data_sample\l2_unseen_validation\trade_date=2026-07-17\exchange=NSE\symbol=TCS\part-043842_988170-007389.parquet,35775,downloaded,35775,
2026-07-17,NSE,TCS,raw_l2/trade_date=2026-07-17/exchange=NSE/symbol=TCS/part-044604_613892-008413.parquet,real_data_sample\l2_unseen_validation\trade_date=2026-07-17\exchange=NSE\symbol=TCS\part-044604_613892-008413.parquet,35413,downloaded,35413,
2026-07-17,NSE,TCS,raw_l2/trade_date=2026-07-17/exchange=NSE/symbol=TCS/part-044318_949372-008029.parquet,real_data_sample\l2_unseen_validation\trade_date=2026-07-17\exchange=NSE\symbol=TCS\part-044318_949372-008029.parquet,35816,downloaded,35816,
2026-07-17,NSE,TCS,raw_l2/trade_date=2026-07-17/exchange=NSE/symbol=TCS/part-044251_276037-007965.parquet,real_data_sample\l2_unseen_validation\trade_date=2026-07-17\exchange=NSE\symbol=TCS\part-044251_276037-007965.parquet,36361,downloaded,36361,
2026-07-17,NSE,TCS,raw_l2/trade_date=2026-07-17/exchange=NSE/symbol=TCS/part-044033_221957-007645.parquet,real_data_sample\l2_unseen_validation\trade_date=2026-07-17\exchange=NSE\symbol=TCS\part-044033_221957-007645.parquet,36043,downloaded,36043,
2026-07-17,NSE,TCS,raw_l2/trade_date=2026-07-17/exchange=NSE/symbol=TCS/part-044237_300091-007933.parquet,real_data_sample\l2_unseen_validation\trade_date=2026-07-17\exchange=NSE\symbol=TCS\part-044237_300091-007933.parquet,36140,downloaded,36140,
2026-07-17,NSE,TCS,raw_l2/trade_date=2026-07-17/exchange=NSE/symbol=TCS/part-044305_189479-007997.parquet,real_data_sample\l2_unseen_validation\trade_date=2026-07-17\exchange=NSE\symbol=TCS\part-044305_189479-007997.parquet,36381,downloaded,36381,
2026-07-17,NSE,TCS,raw_l2/trade_date=2026-07-17/exchange=NSE/symbol=TCS/part-044155_591335-007837.parquet,real_data_sample\l2_unseen_validation\trade_date=2026-07-17\exchange=NSE\symbol=TCS\part-044155_591335-007837.parquet,36048,downloaded,36048,
2026-07-17,NSE,TCS,raw_l2/trade_date=2026-07-17/exchange=NSE/symbol=TCS/part-043857_106462-007421.parquet,real_data_sample\l2_unseen_validation\trade_date=2026-07-17\exchange=NSE\symbol=TCS\part-043857_106462-007421.parquet,35836,downloaded,35836,
2026-07-17,NSE,TCS,raw_l2/trade_date=2026-07-17/exchange=NSE/symbol=TCS/part-044223_209777-007901.parquet,real_data_sample\l2_unseen_validation\trade_date=2026-07-17\exchange=NSE\symbol=TCS\part-044223_209777-007901.parquet,35848,downloaded,35848,
2026-07-17,NSE,TCS,raw_l2/trade_date=2026-07-17/exchange=NSE/symbol=TCS/part-044523_211269-008317.parquet,real_data_sample\l2_unseen_validation\trade_date=2026-07-17\exchange=NSE\symbol=TCS\part-044523_211269-008317.parquet,35786,downloaded,35786,
2026-07-17,NSE,TCS,raw_l2/trade_date=2026-07-17/exchange=NSE/symbol=TCS/part-043910_893263-007453.parquet,real_data_sample\l2_unseen_validation\trade_date=2026-07-17\exchange=NSE\symbol=TCS\part-043910_893263-007453.parquet,36176,downloaded,36176,
2026-07-17,NSE,TCS,raw_l2/trade_date=2026-07-17/exchange=NSE/symbol=TCS/part-044005_716790-007581.parquet,real_data_sample\l2_unseen_validation\trade_date=2026-07-17\exchange=NSE\symbol=TCS\part-044005_716790-007581.parquet,36652,downloaded,36652,
2026-07-17,NSE,TCS,raw_l2/trade_date=2026-07-17/exchange=NSE/symbol=TCS/part-043938_098833-007517.parquet,real_data_sample\l2_unseen_validation\trade_date=2026-07-17\exchange=NSE\symbol=TCS\part-043938_098833-007517.parquet,36276,downloaded,36276,
2026-07-17,NSE,TCS,raw_l2/trade_date=2026-07-17/exchange=NSE/symbol=TCS/part-044019_456611-007613.parquet,real_data_sample\l2_unseen_validation\trade_date=2026-07-17\exchange=NSE\symbol=TCS\part-044019_456611-007613.parquet,36100,downloaded,36100,
2026-07-17,NSE,TCS,raw_l2/trade_date=2026-07-17/exchange=NSE/symbol=TCS/part-044332_903894-008061.parquet,real_data_sample\l2_unseen_validation\trade_date=2026-07-17\exchange=NSE\symbol=TCS\part-044332_903894-008061.parquet,36253,downloaded,36253,
2026-07-17,NSE,TCS,raw_l2/trade_date=2026-07-17/exchange=NSE/symbol=TCS/part-043951_915700-007549.parquet,real_data_sample\l2_unseen_validation\trade_date=2026-07-17\exchange=NSE\symbol=TCS\part-043951_915700-007549.parquet,36207,downloaded,36207,
2026-07-17,NSE,TCS,raw_l2/trade_date=2026-07-17/exchange=NSE/symbol=TCS/part-044536_948412-008349.parquet,real_data_sample\l2_unseen_validation\trade_date=2026-07-17\exchange=NSE\symbol=TCS\part-044536_948412-008349.parquet,35782,downloaded,35782,
2026-07-17,NSE,TCS,raw_l2/trade_date=2026-07-17/exchange=NSE/symbol=TCS/part-044209_421810-007869.parquet,real_data_sample\l2_unseen_validation\trade_date=2026-07-17\exchange=NSE\symbol=TCS\part-044209_421810-007869.parquet,36403,downloaded,36403,
2026-07-17,NSE,TCS,raw_l2/trade_date=2026-07-17/exchange=NSE/symbol=TCS/part-044455_642837-008253.parquet,real_data_sample\l2_unseen_validation\trade_date=2026-07-17\exchange=NSE\symbol=TCS\part-044455_642837-008253.parquet,35677,downloaded,35677,
2026-07-17,NSE,TCS,raw_l2/trade_date=2026-07-17/exchange=NSE/symbol=TCS/part-044550_700169-008381.parquet,real_data_sample\l2_unseen_validation\trade_date=2026-07-17\exchange=NSE\symbol=TCS\part-044550_700169-008381.parquet,36198,downloaded,36198,
2026-07-17,NSE,TCS,raw_l2/trade_date=2026-07-17/exchange=NSE/symbol=TCS/part-044509_461173-008285.parquet,real_data_sample\l2_unseen_validation\trade_date=2026-07-17\exchange=NSE\symbol=TCS\part-044509_461173-008285.parquet,35891,downloaded,35891,
2026-07-17,NSE,TCS,raw_l2/trade_date=2026-07-17/exchange=NSE/symbol=TCS/part-044046_851488-007677.parquet,real_data_sample\l2_unseen_validation\trade_date=2026-07-17\exchange=NSE\symbol=TCS\part-044046_851488-007677.parquet,36205,downloaded,36205,
2026-07-17,NSE,TCS,raw_l2/trade_date=2026-07-17/exchange=NSE/symbol=TCS/part-044114_371984-007741.parquet,real_data_sample\l2_unseen_validation\trade_date=2026-07-17\exchange=NSE\symbol=TCS\part-044114_371984-007741.parquet,36019,downloaded,36019,
2026-07-17,NSE,TCS,raw_l2/trade_date=2026-07-17/exchange=NSE/symbol=TCS/part-044100_528954-007709.parquet,real_data_sample\l2_unseen_validation\trade_date=2026-07-17\exchange=NSE\symbol=TCS\part-044100_528954-007709.parquet,35993,downloaded,35993,
2026-07-17,NSE,TCS,raw_l2/trade_date=2026-07-17/exchange=NSE/symbol=TCS/part-044141_871805-007805.parquet,real_data_sample\l2_unseen_validation\trade_date=2026-07-17\exchange=NSE\symbol=TCS\part-044141_871805-007805.parquet,35967,downloaded,35967,
2026-07-17,NSE,TCS,raw_l2/trade_date=2026-07-17/exchange=NSE/symbol=TCS/part-044128_103288-007773.parquet,real_data_sample\l2_unseen_validation\trade_date=2026-07-17\exchange=NSE\symbol=TCS\part-044128_103288-007773.parquet,35918,downloaded,35918,
2026-07-17,NSE,TCS,raw_l2/trade_date=2026-07-17/exchange=NSE/symbol=TCS/part-043924_509161-007485.parquet,real_data_sample\l2_unseen_validation\trade_date=2026-07-17\exchange=NSE\symbol=TCS\part-043924_509161-007485.parquet,36402,downloaded,36402,
2026-07-17,NSE,TCS,raw_l2/trade_date=2026-07-17/exchange=NSE/symbol=TCS/part-044414_180769-008157.parquet,real_data_sample\l2_unseen_validation\trade_date=2026-07-17\exchange=NSE\symbol=TCS\part-044414_180769-008157.parquet,36181,downloaded,36181,
2026-07-17,NSE,TCS,raw_l2/trade_date=2026-07-17/exchange=NSE/symbol=TCS/part-044427_859243-008189.parquet,real_data_sample\l2_unseen_validation\trade_date=2026-07-17\exchange=NSE\symbol=TCS\part-044427_859243-008189.parquet,35831,downloaded,35831,
2026-07-17,NSE,TCS,raw_l2/trade_date=2026-07-17/exchange=NSE/symbol=TCS/part-044441_894051-008221.parquet,real_data_sample\l2_unseen_validation\trade_date=2026-07-17\exchange=NSE\symbol=TCS\part-044441_894051-008221.parquet,35751,downloaded,35751,
2026-07-17,NSE,TCS,raw_l2/trade_date=2026-07-17/exchange=NSE/symbol=TCS/part-044346_692931-008093.parquet,real_data_sample\l2_unseen_validation\trade_date=2026-07-17\exchange=NSE\symbol=TCS\part-044346_692931-008093.parquet,35870,downloaded,35870,
2026-07-17,NSE,TCS,raw_l2/trade_date=2026-07-17/exchange=NSE/symbol=TCS/part-044400_454529-008125.parquet,real_data_sample\l2_unseen_validation\trade_date=2026-07-17\exchange=NSE\symbol=TCS\part-044400_454529-008125.parquet,36428,downloaded,36428,
2026-07-17,NSE,TCS,raw_l2/trade_date=2026-07-17/exchange=NSE/symbol=TCS/part-044727_404359-008605.parquet,real_data_sample\l2_unseen_validation\trade_date=2026-07-17\exchange=NSE\symbol=TCS\part-044727_404359-008605.parquet,35936,downloaded,35936,
2026-07-17,NSE,TCS,raw_l2/trade_date=2026-07-17/exchange=NSE/symbol=TCS/part-044713_716126-008573.parquet,real_data_sample\l2_unseen_validation\trade_date=2026-07-17\exchange=NSE\symbol=TCS\part-044713_716126-008573.parquet,34841,downloaded,34841,
2026-07-17,NSE,TCS,raw_l2/trade_date=2026-07-17/exchange=NSE/symbol=TCS/part-044659_977116-008541.parquet,real_data_sample\l2_unseen_validation\trade_date=2026-07-17\exchange=NSE\symbol=TCS\part-044659_977116-008541.parquet,34862,downloaded,34862,
2026-07-17,NSE,TCS,raw_l2/trade_date=2026-07-17/exchange=NSE/symbol=TCS/part-044618_389910-008445.parquet,real_data_sample\l2_unseen_validation\trade_date=2026-07-17\exchange=NSE\symbol=TCS\part-044618_389910-008445.parquet,35500,downloaded,35500,
2026-07-17,NSE,TCS,raw_l2/trade_date=2026-07-17/exchange=NSE/symbol=TCS/part-044632_166426-008477.parquet,real_data_sample\l2_unseen_validation\trade_date=2026-07-17\exchange=NSE\symbol=TCS\part-044632_166426-008477.parquet,34746,downloaded,34746,
2026-07-17,NSE,TCS,raw_l2/trade_date=2026-07-17/exchange=NSE/symbol=TCS/part-044646_204678-008509.parquet,real_data_sample\l2_unseen_validation\trade_date=2026-07-17\exchange=NSE\symbol=TCS\part-044646_204678-008509.parquet,34722,downloaded,34722,
2026-07-17,NSE,TCS,raw_l2/trade_date=2026-07-17/exchange=NSE/symbol=TCS/part-044741_502279-008637.parquet,real_data_sample\l2_unseen_validation\trade_date=2026-07-17\exchange=NSE\symbol=TCS\part-044741_502279-008637.parquet,36158,downloaded,36158,
2026-07-17,NSE,TCS,raw_l2/trade_date=2026-07-17/exchange=NSE/symbol=TCS/part-044918_158552-008861.parquet,real_data_sample\l2_unseen_validation\trade_date=2026-07-17\exchange=NSE\symbol=TCS\part-044918_158552-008861.parquet,35673,downloaded,35673,
2026-07-17,NSE,TCS,raw_l2/trade_date=2026-07-17/exchange=NSE/symbol=TCS/part-045108_151110-009117.parquet,real_data_sample\l2_unseen_validation\trade_date=2026-07-17\exchange=NSE\symbol=TCS\part-045108_151110-009117.parquet,35366,downloaded,35366,
2026-07-17,NSE,TCS,raw_l2/trade_date=2026-07-17/exchange=NSE/symbol=TCS/part-045136_093931-009181.parquet,real_data_sample\l2_unseen_validation\trade_date=2026-07-17\exchange=NSE\symbol=TCS\part-045136_093931-009181.parquet,34710,downloaded,34710,
2026-07-17,NSE,TCS,raw_l2/trade_date=2026-07-17/exchange=NSE/symbol=TCS/part-045150_106826-009213.parquet,real_data_sample\l2_unseen_validation\trade_date=2026-07-17\exchange=NSE\symbol=TCS\part-045150_106826-009213.parquet,34700,downloaded,34700,
2026-07-17,NSE,TCS,raw_l2/trade_date=2026-07-17/exchange=NSE/symbol=TCS/part-044931_845332-008893.parquet,real_data_sample\l2_unseen_validation\trade_date=2026-07-17\exchange=NSE\symbol=TCS\part-044931_845332-008893.parquet,35870,downloaded,35870,
2026-07-17,NSE,TCS,raw_l2/trade_date=2026-07-17/exchange=NSE/symbol=TCS/part-044945_681634-008925.parquet,real_data_sample\l2_unseen_validation\trade_date=2026-07-17\exchange=NSE\symbol=TCS\part-044945_681634-008925.parquet,35927,downloaded,35927,
2026-07-17,NSE,TCS,raw_l2/trade_date=2026-07-17/exchange=NSE/symbol=TCS/part-045122_231147-009149.parquet,real_data_sample\l2_unseen_validation\trade_date=2026-07-17\exchange=NSE\symbol=TCS\part-045122_231147-009149.parquet,35029,downloaded,35029,
2026-07-17,NSE,TCS,raw_l2/trade_date=2026-07-17/exchange=NSE/symbol=TCS/part-044850_612351-008797.parquet,real_data_sample\l2_unseen_validation\trade_date=2026-07-17\exchange=NSE\symbol=TCS\part-044850_612351-008797.parquet,36269,downloaded,36269,
2026-07-17,NSE,TCS,raw_l2/trade_date=2026-07-17/exchange=NSE/symbol=TCS/part-044904_355464-008829.parquet,real_data_sample\l2_unseen_validation\trade_date=2026-07-17\exchange=NSE\symbol=TCS\part-044904_355464-008829.parquet,36214,downloaded,36214,
2026-07-17,NSE,TCS,raw_l2/trade_date=2026-07-17/exchange=NSE/symbol=TCS/part-044755_397248-008669.parquet,real_data_sample\l2_unseen_validation\trade_date=2026-07-17\exchange=NSE\symbol=TCS\part-044755_397248-008669.parquet,36296,downloaded,36296,
2026-07-17,NSE,TCS,raw_l2/trade_date=2026-07-17/exchange=NSE/symbol=TCS/part-044823_018420-008733.parquet,real_data_sample\l2_unseen_validation\trade_date=2026-07-17\exchange=NSE\symbol=TCS\part-044823_018420-008733.parquet,35722,downloaded,35722,
2026-07-17,NSE,TCS,raw_l2/trade_date=2026-07-17/exchange=NSE/symbol=TCS/part-045026_717781-009021.parquet,real_data_sample\l2_unseen_validation\trade_date=2026-07-17\exchange=NSE\symbol=TCS\part-045026_717781-009021.parquet,35894,downloaded,35894,
2026-07-17,NSE,TCS,raw_l2/trade_date=2026-07-17/exchange=NSE/symbol=TCS/part-045217_855042-009277.parquet,real_data_sample\l2_unseen_validation\trade_date=2026-07-17\exchange=NSE\symbol=TCS\part-045217_855042-009277.parquet,35102,downloaded,35102,
2026-07-17,NSE,TCS,raw_l2/trade_date=2026-07-17/exchange=NSE/symbol=TCS/part-044836_890902-008765.parquet,real_data_sample\l2_unseen_validation\trade_date=2026-07-17\exchange=NSE\symbol=TCS\part-044836_890902-008765.parquet,36143,downloaded,36143,
2026-07-17,NSE,TCS,raw_l2/trade_date=2026-07-17/exchange=NSE/symbol=TCS/part-044959_373020-008957.parquet,real_data_sample\l2_unseen_validation\trade_date=2026-07-17\exchange=NSE\symbol=TCS\part-044959_373020-008957.parquet,36065,downloaded,36065,
2026-07-17,NSE,TCS,raw_l2/trade_date=2026-07-17/exchange=NSE/symbol=TCS/part-045013_161787-008989.parquet,real_data_sample\l2_unseen_validation\trade_date=2026-07-17\exchange=NSE\symbol=TCS\part-045013_161787-008989.parquet,35533,downloaded,35533,
2026-07-17,NSE,TCS,raw_l2/trade_date=2026-07-17/exchange=NSE/symbol=TCS/part-045054_076179-009085.parquet,real_data_sample\l2_unseen_validation\trade_date=2026-07-17\exchange=NSE\symbol=TCS\part-045054_076179-009085.parquet,35578,downloaded,35578,
2026-07-17,NSE,TCS,raw_l2/trade_date=2026-07-17/exchange=NSE/symbol=TCS/part-045259_544543-009373.parquet,real_data_sample\l2_unseen_validation\trade_date=2026-07-17\exchange=NSE\symbol=TCS\part-045259_544543-009373.parquet,36060,downloaded,36060,
2026-07-17,NSE,TCS,raw_l2/trade_date=2026-07-17/exchange=NSE/symbol=TCS/part-044809_178355-008701.parquet,real_data_sample\l2_unseen_validation\trade_date=2026-07-17\exchange=NSE\symbol=TCS\part-044809_178355-008701.parquet,35697,downloaded,35697,
2026-07-17,NSE,TCS,raw_l2/trade_date=2026-07-17/exchange=NSE/symbol=TCS/part-045204_075610-009245.parquet,real_data_sample\l2_unseen_validation\trade_date=2026-07-17\exchange=NSE\symbol=TCS\part-045204_075610-009245.parquet,34766,downloaded,34766,
2026-07-17,NSE,TCS,raw_l2/trade_date=2026-07-17/exchange=NSE/symbol=TCS/part-045231_721226-009309.parquet,real_data_sample\l2_unseen_validation\trade_date=2026-07-17\exchange=NSE\symbol=TCS\part-045231_721226-009309.parquet,36028,downloaded,36028,
2026-07-17,NSE,TCS,raw_l2/trade_date=2026-07-17/exchange=NSE/symbol=TCS/part-045327_463840-009437.parquet,real_data_sample\l2_unseen_validation\trade_date=2026-07-17\exchange=NSE\symbol=TCS\part-045327_463840-009437.parquet,35760,downloaded,35760,
2026-07-17,NSE,TCS,raw_l2/trade_date=2026-07-17/exchange=NSE/symbol=TCS/part-045040_400130-009053.parquet,real_data_sample\l2_unseen_validation\trade_date=2026-07-17\exchange=NSE\symbol=TCS\part-045040_400130-009053.parquet,35946,downloaded,35946,
2026-07-17,NSE,TCS,raw_l2/trade_date=2026-07-17/exchange=NSE/symbol=TCS/part-045313_610876-009405.parquet,real_data_sample\l2_unseen_validation\trade_date=2026-07-17\exchange=NSE\symbol=TCS\part-045313_610876-009405.parquet,35731,downloaded,35731,
2026-07-17,NSE,TCS,raw_l2/trade_date=2026-07-17/exchange=NSE/symbol=TCS/part-045245_519865-009341.parquet,real_data_sample\l2_unseen_validation\trade_date=2026-07-17\exchange=NSE\symbol=TCS\part-045245_519865-009341.parquet,35414,downloaded,35414,
2026-07-17,NSE,TCS,raw_l2/trade_date=2026-07-17/exchange=NSE/symbol=TCS/part-045341_236472-009469.parquet,real_data_sample\l2_unseen_validation\trade_date=2026-07-17\exchange=NSE\symbol=TCS\part-045341_236472-009469.parquet,35803,downloaded,35803,
2026-07-17,NSE,TCS,raw_l2/trade_date=2026-07-17/exchange=NSE/symbol=TCS/part-045355_306409-009501.parquet,real_data_sample\l2_unseen_validation\trade_date=2026-07-17\exchange=NSE\symbol=TCS\part-045355_306409-009501.parquet,35438,downloaded,35438,
2026-07-17,NSE,TCS,raw_l2/trade_date=2026-07-17/exchange=NSE/symbol=TCS/part-045423_351986-009565.parquet,real_data_sample\l2_unseen_validation\trade_date=2026-07-17\exchange=NSE\symbol=TCS\part-045423_351986-009565.parquet,35272,downloaded,35272,
2026-07-17,NSE,TCS,raw_l2/trade_date=2026-07-17/exchange=NSE/symbol=TCS/part-045437_372432-009597.parquet,real_data_sample\l2_unseen_validation\trade_date=2026-07-17\exchange=NSE\symbol=TCS\part-045437_372432-009597.parquet,35745,downloaded,35745,
2026-07-17,NSE,TCS,raw_l2/trade_date=2026-07-17/exchange=NSE/symbol=TCS/part-045409_260770-009533.parquet,real_data_sample\l2_unseen_validation\trade_date=2026-07-17\exchange=NSE\symbol=TCS\part-045409_260770-009533.parquet,36101,downloaded,36101,
2026-07-17,NSE,TCS,raw_l2/trade_date=2026-07-17/exchange=NSE/symbol=TCS/part-045451_406339-009629.parquet,real_data_sample\l2_unseen_validation\trade_date=2026-07-17\exchange=NSE\symbol=TCS\part-045451_406339-009629.parquet,36540,downloaded,36540,
2026-07-17,NSE,TCS,raw_l2/trade_date=2026-07-17/exchange=NSE/symbol=TCS/part-045505_673708-009661.parquet,real_data_sample\l2_unseen_validation\trade_date=2026-07-17\exchange=NSE\symbol=TCS\part-045505_673708-009661.parquet,35943,downloaded,35943,
2026-07-17,NSE,TCS,raw_l2/trade_date=2026-07-17/exchange=NSE/symbol=TCS/part-050111_279092-010493.parquet,real_data_sample\l2_unseen_validation\trade_date=2026-07-17\exchange=NSE\symbol=TCS\part-050111_279092-010493.parquet,35683,downloaded,35683,
2026-07-17,NSE,TCS,raw_l2/trade_date=2026-07-17/exchange=NSE/symbol=TCS/part-050057_299161-010461.parquet,real_data_sample\l2_unseen_validation\trade_date=2026-07-17\exchange=NSE\symbol=TCS\part-050057_299161-010461.parquet,35711,downloaded,35711,
2026-07-17,NSE,TCS,raw_l2/trade_date=2026-07-17/exchange=NSE/symbol=TCS/part-045547_501291-009757.parquet,real_data_sample\l2_unseen_validation\trade_date=2026-07-17\exchange=NSE\symbol=TCS\part-045547_501291-009757.parquet,35631,downloaded,35631,
2026-07-17,NSE,TCS,raw_l2/trade_date=2026-07-17/exchange=NSE/symbol=TCS/part-045533_557441-009725.parquet,real_data_sample\l2_unseen_validation\trade_date=2026-07-17\exchange=NSE\symbol=TCS\part-045533_557441-009725.parquet,35582,downloaded,35582,
2026-07-17,NSE,TCS,raw_l2/trade_date=2026-07-17/exchange=NSE/symbol=TCS/part-045519_604821-009693.parquet,real_data_sample\l2_unseen_validation\trade_date=2026-07-17\exchange=NSE\symbol=TCS\part-045519_604821-009693.parquet,36529,downloaded,36529,
2026-07-17,NSE,TCS,raw_l2/trade_date=2026-07-17/exchange=NSE/symbol=TCS/part-045809_041712-010077.parquet,real_data_sample\l2_unseen_validation\trade_date=2026-07-17\exchange=NSE\symbol=TCS\part-045809_041712-010077.parquet,35642,downloaded,35642,
2026-07-17,NSE,TCS,raw_l2/trade_date=2026-07-17/exchange=NSE/symbol=TCS/part-045919_041918-010237.parquet,real_data_sample\l2_unseen_validation\trade_date=2026-07-17\exchange=NSE\symbol=TCS\part-045919_041918-010237.parquet,35254,downloaded,35254,
2026-07-17,NSE,TCS,raw_l2/trade_date=2026-07-17/exchange=NSE/symbol=TCS/part-045823_039171-010109.parquet,real_data_sample\l2_unseen_validation\trade_date=2026-07-17\exchange=NSE\symbol=TCS\part-045823_039171-010109.parquet,34985,downloaded,34985,
2026-07-17,NSE,TCS,raw_l2/trade_date=2026-07-17/exchange=NSE/symbol=TCS/part-045851_473503-010173.parquet,real_data_sample\l2_unseen_validation\trade_date=2026-07-17\exchange=NSE\symbol=TCS\part-045851_473503-010173.parquet,34691,downloaded,34691,
2026-07-17,NSE,TCS,raw_l2/trade_date=2026-07-17/exchange=NSE/symbol=TCS/part-050125_167545-010525.parquet,real_data_sample\l2_unseen_validation\trade_date=2026-07-17\exchange=NSE\symbol=TCS\part-050125_167545-010525.parquet,35609,downloaded,35609,
2026-07-17,NSE,TCS,raw_l2/trade_date=2026-07-17/exchange=NSE/symbol=TCS/part-045905_153313-010205.parquet,real_data_sample\l2_unseen_validation\trade_date=2026-07-17\exchange=NSE\symbol=TCS\part-045905_153313-010205.parquet,34695,downloaded,34695,
2026-07-17,NSE,TCS,raw_l2/trade_date=2026-07-17/exchange=NSE/symbol=TCS/part-045837_261551-010141.parquet,real_data_sample\l2_unseen_validation\trade_date=2026-07-17\exchange=NSE\symbol=TCS\part-045837_261551-010141.parquet,34649,downloaded,34649,
2026-07-17,NSE,TCS,raw_l2/trade_date=2026-07-17/exchange=NSE/symbol=TCS/part-045947_452868-010301.parquet,real_data_sample\l2_unseen_validation\trade_date=2026-07-17\exchange=NSE\symbol=TCS\part-045947_452868-010301.parquet,35760,downloaded,35760,
2026-07-17,NSE,TCS,raw_l2/trade_date=2026-07-17/exchange=NSE/symbol=TCS/part-045644_338742-009885.parquet,real_data_sample\l2_unseen_validation\trade_date=2026-07-17\exchange=NSE\symbol=TCS\part-045644_338742-009885.parquet,35741,downloaded,35741,
2026-07-17,NSE,TCS,raw_l2/trade_date=2026-07-17/exchange=NSE/symbol=TCS/part-045629_899572-009853.parquet,real_data_sample\l2_unseen_validation\trade_date=2026-07-17\exchange=NSE\symbol=TCS\part-045629_899572-009853.parquet,35641,downloaded,35641,
2026-07-17,NSE,TCS,raw_l2/trade_date=2026-07-17/exchange=NSE/symbol=TCS/part-045933_397236-010269.parquet,real_data_sample\l2_unseen_validation\trade_date=2026-07-17\exchange=NSE\symbol=TCS\part-045933_397236-010269.parquet,35773,downloaded,35773,
2026-07-17,NSE,TCS,raw_l2/trade_date=2026-07-17/exchange=NSE/symbol=TCS/part-045658_188072-009917.parquet,real_data_sample\l2_unseen_validation\trade_date=2026-07-17\exchange=NSE\symbol=TCS\part-045658_188072-009917.parquet,36385,downloaded,36385,
2026-07-17,NSE,TCS,raw_l2/trade_date=2026-07-17/exchange=NSE/symbol=TCS/part-045615_533101-009821.parquet,real_data_sample\l2_unseen_validation\trade_date=2026-07-17\exchange=NSE\symbol=TCS\part-045615_533101-009821.parquet,36079,downloaded,36079,
2026-07-17,NSE,TCS,raw_l2/trade_date=2026-07-17/exchange=NSE/symbol=TCS/part-045712_562062-009949.parquet,real_data_sample\l2_unseen_validation\trade_date=2026-07-17\exchange=NSE\symbol=TCS\part-045712_562062-009949.parquet,36001,downloaded,36001,
2026-07-17,NSE,TCS,raw_l2/trade_date=2026-07-17/exchange=NSE/symbol=TCS/part-045740_610892-010013.parquet,real_data_sample\l2_unseen_validation\trade_date=2026-07-17\exchange=NSE\symbol=TCS\part-045740_610892-010013.parquet,35558,downloaded,35558,
2026-07-17,NSE,TCS,raw_l2/trade_date=2026-07-17/exchange=NSE/symbol=TCS/part-045601_589884-009789.parquet,real_data_sample\l2_unseen_validation\trade_date=2026-07-17\exchange=NSE\symbol=TCS\part-045601_589884-009789.parquet,35911,downloaded,35911,
2026-07-17,NSE,TCS,raw_l2/trade_date=2026-07-17/exchange=NSE/symbol=TCS/part-045726_612635-009981.parquet,real_data_sample\l2_unseen_validation\trade_date=2026-07-17\exchange=NSE\symbol=TCS\part-045726_612635-009981.parquet,35862,downloaded,35862,
2026-07-17,NSE,TCS,raw_l2/trade_date=2026-07-17/exchange=NSE/symbol=TCS/part-045754_829425-010045.parquet,real_data_sample\l2_unseen_validation\trade_date=2026-07-17\exchange=NSE\symbol=TCS\part-045754_829425-010045.parquet,35872,downloaded,35872,
2026-07-17,NSE,TCS,raw_l2/trade_date=2026-07-17/exchange=NSE/symbol=TCS/part-050001_814170-010333.parquet,real_data_sample\l2_unseen_validation\trade_date=2026-07-17\exchange=NSE\symbol=TCS\part-050001_814170-010333.parquet,35924,downloaded,35924,
2026-07-17,NSE,TCS,raw_l2/trade_date=2026-07-17/exchange=NSE/symbol=TCS/part-050043_397853-010429.parquet,real_data_sample\l2_unseen_validation\trade_date=2026-07-17\exchange=NSE\symbol=TCS\part-050043_397853-010429.parquet,35647,downloaded,35647,
2026-07-17,NSE,TCS,raw_l2/trade_date=2026-07-17/exchange=NSE/symbol=TCS/part-050015_609641-010365.parquet,real_data_sample\l2_unseen_validation\trade_date=2026-07-17\exchange=NSE\symbol=TCS\part-050015_609641-010365.parquet,36108,downloaded,36108,
2026-07-17,NSE,TCS,raw_l2/trade_date=2026-07-17/exchange=NSE/symbol=TCS/part-050029_480663-010397.parquet,real_data_sample\l2_unseen_validation\trade_date=2026-07-17\exchange=NSE\symbol=TCS\part-050029_480663-010397.parquet,35860,downloaded,35860,
2026-07-17,NSE,TCS,raw_l2/trade_date=2026-07-17/exchange=NSE/symbol=TCS/part-050139_135662-010557.parquet,real_data_sample\l2_unseen_validation\trade_date=2026-07-17\exchange=NSE\symbol=TCS\part-050139_135662-010557.parquet,35567,downloaded,35567,
2026-07-17,NSE,TCS,raw_l2/trade_date=2026-07-17/exchange=NSE/symbol=TCS/part-050153_266505-010589.parquet,real_data_sample\l2_unseen_validation\trade_date=2026-07-17\exchange=NSE\symbol=TCS\part-050153_266505-010589.parquet,35917,downloaded,35917,
2026-07-17,NSE,TCS,raw_l2/trade_date=2026-07-17/exchange=NSE/symbol=TCS/part-050207_590379-010621.parquet,real_data_sample\l2_unseen_validation\trade_date=2026-07-17\exchange=NSE\symbol=TCS\part-050207_590379-010621.parquet,35868,downloaded,35868,
2026-07-17,NSE,TCS,raw_l2/trade_date=2026-07-17/exchange=NSE/symbol=TCS/part-050221_647029-010653.parquet,real_data_sample\l2_unseen_validation\trade_date=2026-07-17\exchange=NSE\symbol=TCS\part-050221_647029-010653.parquet,35924,downloaded,35924,
2026-07-17,NSE,TCS,raw_l2/trade_date=2026-07-17/exchange=NSE/symbol=TCS/part-050236_067400-010685.parquet,real_data_sample\l2_unseen_validation\trade_date=2026-07-17\exchange=NSE\symbol=TCS\part-050236_067400-010685.parquet,35787,downloaded,35787,
2026-07-17,NSE,TCS,raw_l2/trade_date=2026-07-17/exchange=NSE/symbol=TCS/part-050937_088003-011645.parquet,real_data_sample\l2_unseen_validation\trade_date=2026-07-17\exchange=NSE\symbol=TCS\part-050937_088003-011645.parquet,34779,downloaded,34779,
2026-07-17,NSE,TCS,raw_l2/trade_date=2026-07-17/exchange=NSE/symbol=TCS/part-050346_925409-010845.parquet,real_data_sample\l2_unseen_validation\trade_date=2026-07-17\exchange=NSE\symbol=TCS\part-050346_925409-010845.parquet,34895,downloaded,34895,
2026-07-17,NSE,TCS,raw_l2/trade_date=2026-07-17/exchange=NSE/symbol=TCS/part-051004_833160-011709.parquet,real_data_sample\l2_unseen_validation\trade_date=2026-07-17\exchange=NSE\symbol=TCS\part-051004_833160-011709.parquet,34695,downloaded,34695,
2026-07-17,NSE,TCS,raw_l2/trade_date=2026-07-17/exchange=NSE/symbol=TCS/part-050746_440752-011389.parquet,real_data_sample\l2_unseen_validation\trade_date=2026-07-17\exchange=NSE\symbol=TCS\part-050746_440752-011389.parquet,35596,downloaded,35596,
2026-07-17,NSE,TCS,raw_l2/trade_date=2026-07-17/exchange=NSE/symbol=TCS/part-050401_006682-010877.parquet,real_data_sample\l2_unseen_validation\trade_date=2026-07-17\exchange=NSE\symbol=TCS\part-050401_006682-010877.parquet,34781,downloaded,34781,
2026-07-17,NSE,TCS,raw_l2/trade_date=2026-07-17/exchange=NSE/symbol=TCS/part-050429_290095-010941.parquet,real_data_sample\l2_unseen_validation\trade_date=2026-07-17\exchange=NSE\symbol=TCS\part-050429_290095-010941.parquet,35812,downloaded,35812,
2026-07-17,NSE,TCS,raw_l2/trade_date=2026-07-17/exchange=NSE/symbol=TCS/part-050923_282699-011613.parquet,real_data_sample\l2_unseen_validation\trade_date=2026-07-17\exchange=NSE\symbol=TCS\part-050923_282699-011613.parquet,34867,downloaded,34867,
2026-07-17,NSE,TCS,raw_l2/trade_date=2026-07-17/exchange=NSE/symbol=TCS/part-050841_693572-011517.parquet,real_data_sample\l2_unseen_validation\trade_date=2026-07-17\exchange=NSE\symbol=TCS\part-050841_693572-011517.parquet,35425,downloaded,35425,
2026-07-17,NSE,TCS,raw_l2/trade_date=2026-07-17/exchange=NSE/symbol=TCS/part-050732_680410-011357.parquet,real_data_sample\l2_unseen_validation\trade_date=2026-07-17\exchange=NSE\symbol=TCS\part-050732_680410-011357.parquet,36236,downloaded,36236,
2026-07-17,NSE,TCS,raw_l2/trade_date=2026-07-17/exchange=NSE/symbol=TCS/part-050552_956474-011133.parquet,real_data_sample\l2_unseen_validation\trade_date=2026-07-17\exchange=NSE\symbol=TCS\part-050552_956474-011133.parquet,35719,downloaded,35719,
2026-07-17,NSE,TCS,raw_l2/trade_date=2026-07-17/exchange=NSE/symbol=TCS/part-050621_744655-011197.parquet,real_data_sample\l2_unseen_validation\trade_date=2026-07-17\exchange=NSE\symbol=TCS\part-050621_744655-011197.parquet,35095,downloaded,35095,
2026-07-17,NSE,TCS,raw_l2/trade_date=2026-07-17/exchange=NSE/symbol=TCS/part-050650_535410-011261.parquet,real_data_sample\l2_unseen_validation\trade_date=2026-07-17\exchange=NSE\symbol=TCS\part-050650_535410-011261.parquet,34860,downloaded,34860,
2026-07-17,NSE,TCS,raw_l2/trade_date=2026-07-17/exchange=NSE/symbol=TCS/part-050443_224189-010973.parquet,real_data_sample\l2_unseen_validation\trade_date=2026-07-17\exchange=NSE\symbol=TCS\part-050443_224189-010973.parquet,35660,downloaded,35660,
2026-07-17,NSE,TCS,raw_l2/trade_date=2026-07-17/exchange=NSE/symbol=TCS/part-050909_431409-011581.parquet,real_data_sample\l2_unseen_validation\trade_date=2026-07-17\exchange=NSE\symbol=TCS\part-050909_431409-011581.parquet,35704,downloaded,35704,
2026-07-17,NSE,TCS,raw_l2/trade_date=2026-07-17/exchange=NSE/symbol=TCS/part-050718_758855-011325.parquet,real_data_sample\l2_unseen_validation\trade_date=2026-07-17\exchange=NSE\symbol=TCS\part-050718_758855-011325.parquet,35223,downloaded,35223,
2026-07-17,NSE,TCS,raw_l2/trade_date=2026-07-17/exchange=NSE/symbol=TCS/part-050457_009406-011005.parquet,real_data_sample\l2_unseen_validation\trade_date=2026-07-17\exchange=NSE\symbol=TCS\part-050457_009406-011005.parquet,35719,downloaded,35719,
2026-07-17,NSE,TCS,raw_l2/trade_date=2026-07-17/exchange=NSE/symbol=TCS/part-050415_331142-010909.parquet,real_data_sample\l2_unseen_validation\trade_date=2026-07-17\exchange=NSE\symbol=TCS\part-050415_331142-010909.parquet,34784,downloaded,34784,
2026-07-17,NSE,TCS,raw_l2/trade_date=2026-07-17/exchange=NSE/symbol=TCS/part-050636_360315-011229.parquet,real_data_sample\l2_unseen_validation\trade_date=2026-07-17\exchange=NSE\symbol=TCS\part-050636_360315-011229.parquet,34890,downloaded,34890,
2026-07-17,NSE,TCS,raw_l2/trade_date=2026-07-17/exchange=NSE/symbol=TCS/part-050704_544156-011293.parquet,real_data_sample\l2_unseen_validation\trade_date=2026-07-17\exchange=NSE\symbol=TCS\part-050704_544156-011293.parquet,35054,downloaded,35054,
2026-07-17,NSE,TCS,raw_l2/trade_date=2026-07-17/exchange=NSE/symbol=TCS/part-050607_076869-011165.parquet,real_data_sample\l2_unseen_validation\trade_date=2026-07-17\exchange=NSE\symbol=TCS\part-050607_076869-011165.parquet,35616,downloaded,35616,
2026-07-17,NSE,TCS,raw_l2/trade_date=2026-07-17/exchange=NSE/symbol=TCS/part-050800_333473-011421.parquet,real_data_sample\l2_unseen_validation\trade_date=2026-07-17\exchange=NSE\symbol=TCS\part-050800_333473-011421.parquet,36062,downloaded,36062,
2026-07-17,NSE,TCS,raw_l2/trade_date=2026-07-17/exchange=NSE/symbol=TCS/part-050304_472861-010749.parquet,real_data_sample\l2_unseen_validation\trade_date=2026-07-17\exchange=NSE\symbol=TCS\part-050304_472861-010749.parquet,35927,downloaded,35927,
2026-07-17,NSE,TCS,raw_l2/trade_date=2026-07-17/exchange=NSE/symbol=TCS/part-050250_230815-010717.parquet,real_data_sample\l2_unseen_validation\trade_date=2026-07-17\exchange=NSE\symbol=TCS\part-050250_230815-010717.parquet,35581,downloaded,35581,
2026-07-17,NSE,TCS,raw_l2/trade_date=2026-07-17/exchange=NSE/symbol=TCS/part-050332_871101-010813.parquet,real_data_sample\l2_unseen_validation\trade_date=2026-07-17\exchange=NSE\symbol=TCS\part-050332_871101-010813.parquet,34775,downloaded,34775,
2026-07-17,NSE,TCS,raw_l2/trade_date=2026-07-17/exchange=NSE/symbol=TCS/part-050855_473867-011549.parquet,real_data_sample\l2_unseen_validation\trade_date=2026-07-17\exchange=NSE\symbol=TCS\part-050855_473867-011549.parquet,35569,downloaded,35569,
2026-07-17,NSE,TCS,raw_l2/trade_date=2026-07-17/exchange=NSE/symbol=TCS/part-050318_885621-010781.parquet,real_data_sample\l2_unseen_validation\trade_date=2026-07-17\exchange=NSE\symbol=TCS\part-050318_885621-010781.parquet,35367,downloaded,35367,
2026-07-17,NSE,TCS,raw_l2/trade_date=2026-07-17/exchange=NSE/symbol=TCS/part-050511_132618-011037.parquet,real_data_sample\l2_unseen_validation\trade_date=2026-07-17\exchange=NSE\symbol=TCS\part-050511_132618-011037.parquet,35858,downloaded,35858,
2026-07-17,NSE,TCS,raw_l2/trade_date=2026-07-17/exchange=NSE/symbol=TCS/part-050950_794134-011677.parquet,real_data_sample\l2_unseen_validation\trade_date=2026-07-17\exchange=NSE\symbol=TCS\part-050950_794134-011677.parquet,34992,downloaded,34992,
2026-07-17,NSE,TCS,raw_l2/trade_date=2026-07-17/exchange=NSE/symbol=TCS/part-050827_882449-011485.parquet,real_data_sample\l2_unseen_validation\trade_date=2026-07-17\exchange=NSE\symbol=TCS\part-050827_882449-011485.parquet,35692,downloaded,35692,
2026-07-17,NSE,TCS,raw_l2/trade_date=2026-07-17/exchange=NSE/symbol=TCS/part-050525_208771-011069.parquet,real_data_sample\l2_unseen_validation\trade_date=2026-07-17\exchange=NSE\symbol=TCS\part-050525_208771-011069.parquet,35590,downloaded,35590,
2026-07-17,NSE,TCS,raw_l2/trade_date=2026-07-17/exchange=NSE/symbol=TCS/part-050539_001719-011101.parquet,real_data_sample\l2_unseen_validation\trade_date=2026-07-17\exchange=NSE\symbol=TCS\part-050539_001719-011101.parquet,36230,downloaded,36230,
2026-07-17,NSE,TCS,raw_l2/trade_date=2026-07-17/exchange=NSE/symbol=TCS/part-050814_107035-011453.parquet,real_data_sample\l2_unseen_validation\trade_date=2026-07-17\exchange=NSE\symbol=TCS\part-050814_107035-011453.parquet,36038,downloaded,36038,
2026-07-17,NSE,TCS,raw_l2/trade_date=2026-07-17/exchange=NSE/symbol=TCS/part-051032_446101-011773.parquet,real_data_sample\l2_unseen_validation\trade_date=2026-07-17\exchange=NSE\symbol=TCS\part-051032_446101-011773.parquet,34932,downloaded,34932,
2026-07-17,NSE,TCS,raw_l2/trade_date=2026-07-17/exchange=NSE/symbol=TCS/part-051046_257070-011805.parquet,real_data_sample\l2_unseen_validation\trade_date=2026-07-17\exchange=NSE\symbol=TCS\part-051046_257070-011805.parquet,34698,downloaded,34698,
2026-07-17,NSE,TCS,raw_l2/trade_date=2026-07-17/exchange=NSE/symbol=TCS/part-051128_094733-011901.parquet,real_data_sample\l2_unseen_validation\trade_date=2026-07-17\exchange=NSE\symbol=TCS\part-051128_094733-011901.parquet,34614,downloaded,34614,
2026-07-17,NSE,TCS,raw_l2/trade_date=2026-07-17/exchange=NSE/symbol=TCS/part-051210_016607-011997.parquet,real_data_sample\l2_unseen_validation\trade_date=2026-07-17\exchange=NSE\symbol=TCS\part-051210_016607-011997.parquet,34686,downloaded,34686,
2026-07-17,NSE,TCS,raw_l2/trade_date=2026-07-17/exchange=NSE/symbol=TCS/part-051142_165269-011933.parquet,real_data_sample\l2_unseen_validation\trade_date=2026-07-17\exchange=NSE\symbol=TCS\part-051142_165269-011933.parquet,34977,downloaded,34977,
2026-07-17,NSE,TCS,raw_l2/trade_date=2026-07-17/exchange=NSE/symbol=TCS/part-051156_024285-011965.parquet,real_data_sample\l2_unseen_validation\trade_date=2026-07-17\exchange=NSE\symbol=TCS\part-051156_024285-011965.parquet,34723,downloaded,34723,
2026-07-17,NSE,TCS,raw_l2/trade_date=2026-07-17/exchange=NSE/symbol=TCS/part-051113_901418-011869.parquet,real_data_sample\l2_unseen_validation\trade_date=2026-07-17\exchange=NSE\symbol=TCS\part-051113_901418-011869.parquet,34710,downloaded,34710,
2026-07-17,NSE,TCS,raw_l2/trade_date=2026-07-17/exchange=NSE/symbol=TCS/part-051018_500873-011741.parquet,real_data_sample\l2_unseen_validation\trade_date=2026-07-17\exchange=NSE\symbol=TCS\part-051018_500873-011741.parquet,34733,downloaded,34733,
2026-07-17,NSE,TCS,raw_l2/trade_date=2026-07-17/exchange=NSE/symbol=TCS/part-051100_034262-011837.parquet,real_data_sample\l2_unseen_validation\trade_date=2026-07-17\exchange=NSE\symbol=TCS\part-051100_034262-011837.parquet,34673,downloaded,34673,
2026-07-17,NSE,TCS,raw_l2/trade_date=2026-07-17/exchange=NSE/symbol=TCS/part-051320_475332-012157.parquet,real_data_sample\l2_unseen_validation\trade_date=2026-07-17\exchange=NSE\symbol=TCS\part-051320_475332-012157.parquet,34519,downloaded,34519,
2026-07-17,NSE,TCS,raw_l2/trade_date=2026-07-17/exchange=NSE/symbol=TCS/part-051404_838514-012253.parquet,real_data_sample\l2_unseen_validation\trade_date=2026-07-17\exchange=NSE\symbol=TCS\part-051404_838514-012253.parquet,34832,downloaded,34832,
2026-07-17,NSE,TCS,raw_l2/trade_date=2026-07-17/exchange=NSE/symbol=TCS/part-051350_212294-012221.parquet,real_data_sample\l2_unseen_validation\trade_date=2026-07-17\exchange=NSE\symbol=TCS\part-051350_212294-012221.parquet,34522,downloaded,34522,
2026-07-17,NSE,TCS,raw_l2/trade_date=2026-07-17/exchange=NSE/symbol=TCS/part-051237_795491-012061.parquet,real_data_sample\l2_unseen_validation\trade_date=2026-07-17\exchange=NSE\symbol=TCS\part-051237_795491-012061.parquet,34795,downloaded,34795,
2026-07-17,NSE,TCS,raw_l2/trade_date=2026-07-17/exchange=NSE/symbol=TCS/part-051223_929418-012029.parquet,real_data_sample\l2_unseen_validation\trade_date=2026-07-17\exchange=NSE\symbol=TCS\part-051223_929418-012029.parquet,34556,downloaded,34556,
2026-07-17,NSE,TCS,raw_l2/trade_date=2026-07-17/exchange=NSE/symbol=TCS/part-051305_614252-012125.parquet,real_data_sample\l2_unseen_validation\trade_date=2026-07-17\exchange=NSE\symbol=TCS\part-051305_614252-012125.parquet,34581,downloaded,34581,
2026-07-17,NSE,TCS,raw_l2/trade_date=2026-07-17/exchange=NSE/symbol=TCS/part-051640_730213-012605.parquet,real_data_sample\l2_unseen_validation\trade_date=2026-07-17\exchange=NSE\symbol=TCS\part-051640_730213-012605.parquet,35760,downloaded,35760,
2026-07-17,NSE,TCS,raw_l2/trade_date=2026-07-17/exchange=NSE/symbol=TCS/part-051515_468746-012413.parquet,real_data_sample\l2_unseen_validation\trade_date=2026-07-17\exchange=NSE\symbol=TCS\part-051515_468746-012413.parquet,35162,downloaded,35162,
2026-07-17,NSE,TCS,raw_l2/trade_date=2026-07-17/exchange=NSE/symbol=TCS/part-051334_956859-012189.parquet,real_data_sample\l2_unseen_validation\trade_date=2026-07-17\exchange=NSE\symbol=TCS\part-051334_956859-012189.parquet,34772,downloaded,34772,
2026-07-17,NSE,TCS,raw_l2/trade_date=2026-07-17/exchange=NSE/symbol=TCS/part-051543_305146-012477.parquet,real_data_sample\l2_unseen_validation\trade_date=2026-07-17\exchange=NSE\symbol=TCS\part-051543_305146-012477.parquet,36309,downloaded,36309,
2026-07-17,NSE,TCS,raw_l2/trade_date=2026-07-17/exchange=NSE/symbol=TCS/part-051737_202785-012733.parquet,real_data_sample\l2_unseen_validation\trade_date=2026-07-17\exchange=NSE\symbol=TCS\part-051737_202785-012733.parquet,36401,downloaded,36401,
2026-07-17,NSE,TCS,raw_l2/trade_date=2026-07-17/exchange=NSE/symbol=TCS/part-051251_802018-012093.parquet,real_data_sample\l2_unseen_validation\trade_date=2026-07-17\exchange=NSE\symbol=TCS\part-051251_802018-012093.parquet,34611,downloaded,34611,
2026-07-17,NSE,TCS,raw_l2/trade_date=2026-07-17/exchange=NSE/symbol=TCS/part-051433_904993-012317.parquet,real_data_sample\l2_unseen_validation\trade_date=2026-07-17\exchange=NSE\symbol=TCS\part-051433_904993-012317.parquet,34732,downloaded,34732,
2026-07-17,NSE,TCS,raw_l2/trade_date=2026-07-17/exchange=NSE/symbol=TCS/part-051722_790291-012701.parquet,real_data_sample\l2_unseen_validation\trade_date=2026-07-17\exchange=NSE\symbol=TCS\part-051722_790291-012701.parquet,35741,downloaded,35741,
2026-07-17,NSE,TCS,raw_l2/trade_date=2026-07-17/exchange=NSE/symbol=TCS/part-051654_772166-012637.parquet,real_data_sample\l2_unseen_validation\trade_date=2026-07-17\exchange=NSE\symbol=TCS\part-051654_772166-012637.parquet,35770,downloaded,35770,
2026-07-17,NSE,TCS,raw_l2/trade_date=2026-07-17/exchange=NSE/symbol=TCS/part-051447_772492-012349.parquet,real_data_sample\l2_unseen_validation\trade_date=2026-07-17\exchange=NSE\symbol=TCS\part-051447_772492-012349.parquet,34719,downloaded,34719,
2026-07-17,NSE,TCS,raw_l2/trade_date=2026-07-17/exchange=NSE/symbol=TCS/part-051708_944976-012669.parquet,real_data_sample\l2_unseen_validation\trade_date=2026-07-17\exchange=NSE\symbol=TCS\part-051708_944976-012669.parquet,35573,downloaded,35573,
2026-07-17,NSE,TCS,raw_l2/trade_date=2026-07-17/exchange=NSE/symbol=TCS/part-051419_810414-012285.parquet,real_data_sample\l2_unseen_validation\trade_date=2026-07-17\exchange=NSE\symbol=TCS\part-051419_810414-012285.parquet,34589,downloaded,34589,
2026-07-17,NSE,TCS,raw_l2/trade_date=2026-07-17/exchange=NSE/symbol=TCS/part-051612_454881-012541.parquet,real_data_sample\l2_unseen_validation\trade_date=2026-07-17\exchange=NSE\symbol=TCS\part-051612_454881-012541.parquet,35850,downloaded,35850,
2026-07-17,NSE,TCS,raw_l2/trade_date=2026-07-17/exchange=NSE/symbol=TCS/part-051557_817549-012509.parquet,real_data_sample\l2_unseen_validation\trade_date=2026-07-17\exchange=NSE\symbol=TCS\part-051557_817549-012509.parquet,35411,downloaded,35411,
2026-07-17,NSE,TCS,raw_l2/trade_date=2026-07-17/exchange=NSE/symbol=TCS/part-051626_444794-012573.parquet,real_data_sample\l2_unseen_validation\trade_date=2026-07-17\exchange=NSE\symbol=TCS\part-051626_444794-012573.parquet,35986,downloaded,35986,
2026-07-17,NSE,TCS,raw_l2/trade_date=2026-07-17/exchange=NSE/symbol=TCS/part-051529_055424-012445.parquet,real_data_sample\l2_unseen_validation\trade_date=2026-07-17\exchange=NSE\symbol=TCS\part-051529_055424-012445.parquet,35621,downloaded,35621,
2026-07-17,NSE,TCS,raw_l2/trade_date=2026-07-17/exchange=NSE/symbol=TCS/part-051501_637054-012381.parquet,real_data_sample\l2_unseen_validation\trade_date=2026-07-17\exchange=NSE\symbol=TCS\part-051501_637054-012381.parquet,34881,downloaded,34881,
2026-07-17,NSE,TCS,raw_l2/trade_date=2026-07-17/exchange=NSE/symbol=TCS/part-051751_864899-012765.parquet,real_data_sample\l2_unseen_validation\trade_date=2026-07-17\exchange=NSE\symbol=TCS\part-051751_864899-012765.parquet,36127,downloaded,36127,
2026-07-17,NSE,TCS,raw_l2/trade_date=2026-07-17/exchange=NSE/symbol=TCS/part-051820_313603-012829.parquet,real_data_sample\l2_unseen_validation\trade_date=2026-07-17\exchange=NSE\symbol=TCS\part-051820_313603-012829.parquet,35528,downloaded,35528,
2026-07-17,NSE,TCS,raw_l2/trade_date=2026-07-17/exchange=NSE/symbol=TCS/part-051805_747746-012797.parquet,real_data_sample\l2_unseen_validation\trade_date=2026-07-17\exchange=NSE\symbol=TCS\part-051805_747746-012797.parquet,35864,downloaded,35864,
2026-07-17,NSE,TCS,raw_l2/trade_date=2026-07-17/exchange=NSE/symbol=TCS/part-051848_827481-012893.parquet,real_data_sample\l2_unseen_validation\trade_date=2026-07-17\exchange=NSE\symbol=TCS\part-051848_827481-012893.parquet,35470,downloaded,35470,
2026-07-17,NSE,TCS,raw_l2/trade_date=2026-07-17/exchange=NSE/symbol=TCS/part-051903_561633-012925.parquet,real_data_sample\l2_unseen_validation\trade_date=2026-07-17\exchange=NSE\symbol=TCS\part-051903_561633-012925.parquet,36381,downloaded,36381,
2026-07-17,NSE,TCS,raw_l2/trade_date=2026-07-17/exchange=NSE/symbol=TCS/part-051917_681313-012957.parquet,real_data_sample\l2_unseen_validation\trade_date=2026-07-17\exchange=NSE\symbol=TCS\part-051917_681313-012957.parquet,35958,downloaded,35958,
2026-07-17,NSE,TCS,raw_l2/trade_date=2026-07-17/exchange=NSE/symbol=TCS/part-051834_469985-012861.parquet,real_data_sample\l2_unseen_validation\trade_date=2026-07-17\exchange=NSE\symbol=TCS\part-051834_469985-012861.parquet,36104,downloaded,36104,
2026-07-17,NSE,TCS,raw_l2/trade_date=2026-07-17/exchange=NSE/symbol=TCS/part-051945_269088-013021.parquet,real_data_sample\l2_unseen_validation\trade_date=2026-07-17\exchange=NSE\symbol=TCS\part-051945_269088-013021.parquet,35671,downloaded,35671,
2026-07-17,NSE,TCS,raw_l2/trade_date=2026-07-17/exchange=NSE/symbol=TCS/part-051931_449699-012989.parquet,real_data_sample\l2_unseen_validation\trade_date=2026-07-17\exchange=NSE\symbol=TCS\part-051931_449699-012989.parquet,35749,downloaded,35749,
2026-07-17,NSE,TCS,raw_l2/trade_date=2026-07-17/exchange=NSE/symbol=TCS/part-051959_257083-013053.parquet,real_data_sample\l2_unseen_validation\trade_date=2026-07-17\exchange=NSE\symbol=TCS\part-051959_257083-013053.parquet,35816,downloaded,35816,
2026-07-17,NSE,TCS,raw_l2/trade_date=2026-07-17/exchange=NSE/symbol=TCS/part-052012_894607-013085.parquet,real_data_sample\l2_unseen_validation\trade_date=2026-07-17\exchange=NSE\symbol=TCS\part-052012_894607-013085.parquet,35756,downloaded,35756,
2026-07-17,NSE,TCS,raw_l2/trade_date=2026-07-17/exchange=NSE/symbol=TCS/part-052026_637471-013117.parquet,real_data_sample\l2_unseen_validation\trade_date=2026-07-17\exchange=NSE\symbol=TCS\part-052026_637471-013117.parquet,36111,downloaded,36111,
2026-07-17,NSE,TCS,raw_l2/trade_date=2026-07-17/exchange=NSE/symbol=TCS/part-052121_974716-013245.parquet,real_data_sample\l2_unseen_validation\trade_date=2026-07-17\exchange=NSE\symbol=TCS\part-052121_974716-013245.parquet,35576,downloaded,35576,
2026-07-17,NSE,TCS,raw_l2/trade_date=2026-07-17/exchange=NSE/symbol=TCS/part-052135_732106-013277.parquet,real_data_sample\l2_unseen_validation\trade_date=2026-07-17\exchange=NSE\symbol=TCS\part-052135_732106-013277.parquet,35571,downloaded,35571,
2026-07-17,NSE,TCS,raw_l2/trade_date=2026-07-17/exchange=NSE/symbol=TCS/part-052149_750709-013309.parquet,real_data_sample\l2_unseen_validation\trade_date=2026-07-17\exchange=NSE\symbol=TCS\part-052149_750709-013309.parquet,35539,downloaded,35539,
2026-07-17,NSE,TCS,raw_l2/trade_date=2026-07-17/exchange=NSE/symbol=TCS/part-052107_975986-013213.parquet,real_data_sample\l2_unseen_validation\trade_date=2026-07-17\exchange=NSE\symbol=TCS\part-052107_975986-013213.parquet,35897,downloaded,35897,
2026-07-17,NSE,TCS,raw_l2/trade_date=2026-07-17/exchange=NSE/symbol=TCS/part-052203_758642-013341.parquet,real_data_sample\l2_unseen_validation\trade_date=2026-07-17\exchange=NSE\symbol=TCS\part-052203_758642-013341.parquet,35389,downloaded,35389,
2026-07-17,NSE,TCS,raw_l2/trade_date=2026-07-17/exchange=NSE/symbol=TCS/part-052054_204515-013181.parquet,real_data_sample\l2_unseen_validation\trade_date=2026-07-17\exchange=NSE\symbol=TCS\part-052054_204515-013181.parquet,35582,downloaded,35582,
2026-07-17,NSE,TCS,raw_l2/trade_date=2026-07-17/exchange=NSE/symbol=TCS/part-052040_447722-013149.parquet,real_data_sample\l2_unseen_validation\trade_date=2026-07-17\exchange=NSE\symbol=TCS\part-052040_447722-013149.parquet,35313,downloaded,35313,
2026-07-17,NSE,TCS,raw_l2/trade_date=2026-07-17/exchange=NSE/symbol=TCS/part-052217_956016-013373.parquet,real_data_sample\l2_unseen_validation\trade_date=2026-07-17\exchange=NSE\symbol=TCS\part-052217_956016-013373.parquet,35237,downloaded,35237,
2026-07-17,NSE,TCS,raw_l2/trade_date=2026-07-17/exchange=NSE/symbol=TCS/part-052726_130264-014077.parquet,real_data_sample\l2_unseen_validation\trade_date=2026-07-17\exchange=NSE\symbol=TCS\part-052726_130264-014077.parquet,35810,downloaded,35810,
2026-07-17,NSE,TCS,raw_l2/trade_date=2026-07-17/exchange=NSE/symbol=TCS/part-052547_436800-013853.parquet,real_data_sample\l2_unseen_validation\trade_date=2026-07-17\exchange=NSE\symbol=TCS\part-052547_436800-013853.parquet,36196,downloaded,36196,
2026-07-17,NSE,TCS,raw_l2/trade_date=2026-07-17/exchange=NSE/symbol=TCS/part-052519_221928-013789.parquet,real_data_sample\l2_unseen_validation\trade_date=2026-07-17\exchange=NSE\symbol=TCS\part-052519_221928-013789.parquet,35974,downloaded,35974,
2026-07-17,NSE,TCS,raw_l2/trade_date=2026-07-17/exchange=NSE/symbol=TCS/part-052409_770447-013629.parquet,real_data_sample\l2_unseen_validation\trade_date=2026-07-17\exchange=NSE\symbol=TCS\part-052409_770447-013629.parquet,36027,downloaded,36027,
2026-07-17,NSE,TCS,raw_l2/trade_date=2026-07-17/exchange=NSE/symbol=TCS/part-052615_808568-013917.parquet,real_data_sample\l2_unseen_validation\trade_date=2026-07-17\exchange=NSE\symbol=TCS\part-052615_808568-013917.parquet,36225,downloaded,36225,
2026-07-17,NSE,TCS,raw_l2/trade_date=2026-07-17/exchange=NSE/symbol=TCS/part-052327_736878-013533.parquet,real_data_sample\l2_unseen_validation\trade_date=2026-07-17\exchange=NSE\symbol=TCS\part-052327_736878-013533.parquet,35777,downloaded,35777,
2026-07-17,NSE,TCS,raw_l2/trade_date=2026-07-17/exchange=NSE/symbol=TCS/part-052740_040277-014109.parquet,real_data_sample\l2_unseen_validation\trade_date=2026-07-17\exchange=NSE\symbol=TCS\part-052740_040277-014109.parquet,36403,downloaded,36403,
2026-07-17,NSE,TCS,raw_l2/trade_date=2026-07-17/exchange=NSE/symbol=TCS/part-052355_907951-013597.parquet,real_data_sample\l2_unseen_validation\trade_date=2026-07-17\exchange=NSE\symbol=TCS\part-052355_907951-013597.parquet,35600,downloaded,35600,
2026-07-17,NSE,TCS,raw_l2/trade_date=2026-07-17/exchange=NSE/symbol=TCS/part-052451_519034-013725.parquet,real_data_sample\l2_unseen_validation\trade_date=2026-07-17\exchange=NSE\symbol=TCS\part-052451_519034-013725.parquet,36441,downloaded,36441,
2026-07-17,NSE,TCS,raw_l2/trade_date=2026-07-17/exchange=NSE/symbol=TCS/part-052712_173888-014045.parquet,real_data_sample\l2_unseen_validation\trade_date=2026-07-17\exchange=NSE\symbol=TCS\part-052712_173888-014045.parquet,35567,downloaded,35567,
2026-07-17,NSE,TCS,raw_l2/trade_date=2026-07-17/exchange=NSE/symbol=TCS/part-052341_868055-013565.parquet,real_data_sample\l2_unseen_validation\trade_date=2026-07-17\exchange=NSE\symbol=TCS\part-052341_868055-013565.parquet,35438,downloaded,35438,
2026-07-17,NSE,TCS,raw_l2/trade_date=2026-07-17/exchange=NSE/symbol=TCS/part-052753_996719-014141.parquet,real_data_sample\l2_unseen_validation\trade_date=2026-07-17\exchange=NSE\symbol=TCS\part-052753_996719-014141.parquet,36232,downloaded,36232,
2026-07-17,NSE,TCS,raw_l2/trade_date=2026-07-17/exchange=NSE/symbol=TCS/part-052231_919415-013405.parquet,real_data_sample\l2_unseen_validation\trade_date=2026-07-17\exchange=NSE\symbol=TCS\part-052231_919415-013405.parquet,34730,downloaded,34730,
2026-07-17,NSE,TCS,raw_l2/trade_date=2026-07-17/exchange=NSE/symbol=TCS/part-052245_807047-013437.parquet,real_data_sample\l2_unseen_validation\trade_date=2026-07-17\exchange=NSE\symbol=TCS\part-052245_807047-013437.parquet,34732,downloaded,34732,
2026-07-17,NSE,TCS,raw_l2/trade_date=2026-07-17/exchange=NSE/symbol=TCS/part-052259_786323-013469.parquet,real_data_sample\l2_unseen_validation\trade_date=2026-07-17\exchange=NSE\symbol=TCS\part-052259_786323-013469.parquet,34998,downloaded,34998,
2026-07-17,NSE,TCS,raw_l2/trade_date=2026-07-17/exchange=NSE/symbol=TCS/part-052658_098589-014013.parquet,real_data_sample\l2_unseen_validation\trade_date=2026-07-17\exchange=NSE\symbol=TCS\part-052658_098589-014013.parquet,36206,downloaded,36206,
2026-07-17,NSE,TCS,raw_l2/trade_date=2026-07-17/exchange=NSE/symbol=TCS/part-052629_836405-013949.parquet,real_data_sample\l2_unseen_validation\trade_date=2026-07-17\exchange=NSE\symbol=TCS\part-052629_836405-013949.parquet,35978,downloaded,35978,
2026-07-17,NSE,TCS,raw_l2/trade_date=2026-07-17/exchange=NSE/symbol=TCS/part-052643_910066-013981.parquet,real_data_sample\l2_unseen_validation\trade_date=2026-07-17\exchange=NSE\symbol=TCS\part-052643_910066-013981.parquet,35837,downloaded,35837,
2026-07-17,NSE,TCS,raw_l2/trade_date=2026-07-17/exchange=NSE/symbol=TCS/part-052505_432288-013757.parquet,real_data_sample\l2_unseen_validation\trade_date=2026-07-17\exchange=NSE\symbol=TCS\part-052505_432288-013757.parquet,36354,downloaded,36354,
2026-07-17,NSE,TCS,raw_l2/trade_date=2026-07-17/exchange=NSE/symbol=TCS/part-052313_813990-013501.parquet,real_data_sample\l2_unseen_validation\trade_date=2026-07-17\exchange=NSE\symbol=TCS\part-052313_813990-013501.parquet,34875,downloaded,34875,
2026-07-17,NSE,TCS,raw_l2/trade_date=2026-07-17/exchange=NSE/symbol=TCS/part-052533_277600-013821.parquet,real_data_sample\l2_unseen_validation\trade_date=2026-07-17\exchange=NSE\symbol=TCS\part-052533_277600-013821.parquet,36608,downloaded,36608,
2026-07-17,NSE,TCS,raw_l2/trade_date=2026-07-17/exchange=NSE/symbol=TCS/part-052423_831681-013661.parquet,real_data_sample\l2_unseen_validation\trade_date=2026-07-17\exchange=NSE\symbol=TCS\part-052423_831681-013661.parquet,36410,downloaded,36410,
2026-07-17,NSE,TCS,raw_l2/trade_date=2026-07-17/exchange=NSE/symbol=TCS/part-052437_715076-013693.parquet,real_data_sample\l2_unseen_validation\trade_date=2026-07-17\exchange=NSE\symbol=TCS\part-052437_715076-013693.parquet,36460,downloaded,36460,
2026-07-17,NSE,TCS,raw_l2/trade_date=2026-07-17/exchange=NSE/symbol=TCS/part-052601_508622-013885.parquet,real_data_sample\l2_unseen_validation\trade_date=2026-07-17\exchange=NSE\symbol=TCS\part-052601_508622-013885.parquet,35881,downloaded,35881,
2026-07-17,NSE,TCS,raw_l2/trade_date=2026-07-17/exchange=NSE/symbol=TCS/part-052904_734089-014301.parquet,real_data_sample\l2_unseen_validation\trade_date=2026-07-17\exchange=NSE\symbol=TCS\part-052904_734089-014301.parquet,35701,downloaded,35701,
2026-07-17,NSE,TCS,raw_l2/trade_date=2026-07-17/exchange=NSE/symbol=TCS/part-052932_561887-014365.parquet,real_data_sample\l2_unseen_validation\trade_date=2026-07-17\exchange=NSE\symbol=TCS\part-052932_561887-014365.parquet,36035,downloaded,36035,
2026-07-17,NSE,TCS,raw_l2/trade_date=2026-07-17/exchange=NSE/symbol=TCS/part-052822_038557-014205.parquet,real_data_sample\l2_unseen_validation\trade_date=2026-07-17\exchange=NSE\symbol=TCS\part-052822_038557-014205.parquet,35953,downloaded,35953,
2026-07-17,NSE,TCS,raw_l2/trade_date=2026-07-17/exchange=NSE/symbol=TCS/part-052850_516758-014269.parquet,real_data_sample\l2_unseen_validation\trade_date=2026-07-17\exchange=NSE\symbol=TCS\part-052850_516758-014269.parquet,35705,downloaded,35705,
2026-07-17,NSE,TCS,raw_l2/trade_date=2026-07-17/exchange=NSE/symbol=TCS/part-052836_154049-014237.parquet,real_data_sample\l2_unseen_validation\trade_date=2026-07-17\exchange=NSE\symbol=TCS\part-052836_154049-014237.parquet,35696,downloaded,35696,
2026-07-17,NSE,TCS,raw_l2/trade_date=2026-07-17/exchange=NSE/symbol=TCS/part-052946_566441-014397.parquet,real_data_sample\l2_unseen_validation\trade_date=2026-07-17\exchange=NSE\symbol=TCS\part-052946_566441-014397.parquet,35651,downloaded,35651,
2026-07-17,NSE,TCS,raw_l2/trade_date=2026-07-17/exchange=NSE/symbol=TCS/part-052807_868449-014173.parquet,real_data_sample\l2_unseen_validation\trade_date=2026-07-17\exchange=NSE\symbol=TCS\part-052807_868449-014173.parquet,35877,downloaded,35877,
2026-07-17,NSE,TCS,raw_l2/trade_date=2026-07-17/exchange=NSE/symbol=TCS/part-052918_616281-014333.parquet,real_data_sample\l2_unseen_validation\trade_date=2026-07-17\exchange=NSE\symbol=TCS\part-052918_616281-014333.parquet,35018,downloaded,35018,
2026-07-17,NSE,TCS,raw_l2/trade_date=2026-07-17/exchange=NSE/symbol=TCS/part-053030_212173-014493.parquet,real_data_sample\l2_unseen_validation\trade_date=2026-07-17\exchange=NSE\symbol=TCS\part-053030_212173-014493.parquet,34796,downloaded,34796,
2026-07-17,NSE,TCS,raw_l2/trade_date=2026-07-17/exchange=NSE/symbol=TCS/part-053044_125778-014525.parquet,real_data_sample\l2_unseen_validation\trade_date=2026-07-17\exchange=NSE\symbol=TCS\part-053044_125778-014525.parquet,34796,downloaded,34796,
2026-07-17,NSE,TCS,raw_l2/trade_date=2026-07-17/exchange=NSE/symbol=TCS/part-053015_926392-014461.parquet,real_data_sample\l2_unseen_validation\trade_date=2026-07-17\exchange=NSE\symbol=TCS\part-053015_926392-014461.parquet,35651,downloaded,35651,
2026-07-17,NSE,TCS,raw_l2/trade_date=2026-07-17/exchange=NSE/symbol=TCS/part-053112_861238-014589.parquet,real_data_sample\l2_unseen_validation\trade_date=2026-07-17\exchange=NSE\symbol=TCS\part-053112_861238-014589.parquet,34739,downloaded,34739,
2026-07-17,NSE,TCS,raw_l2/trade_date=2026-07-17/exchange=NSE/symbol=TCS/part-053000_714524-014429.parquet,real_data_sample\l2_unseen_validation\trade_date=2026-07-17\exchange=NSE\symbol=TCS\part-053000_714524-014429.parquet,36242,downloaded,36242,
2026-07-17,NSE,TCS,raw_l2/trade_date=2026-07-17/exchange=NSE/symbol=TCS/part-053127_039643-014621.parquet,real_data_sample\l2_unseen_validation\trade_date=2026-07-17\exchange=NSE\symbol=TCS\part-053127_039643-014621.parquet,34865,downloaded,34865,
2026-07-17,NSE,TCS,raw_l2/trade_date=2026-07-17/exchange=NSE/symbol=TCS/part-053141_005575-014653.parquet,real_data_sample\l2_unseen_validation\trade_date=2026-07-17\exchange=NSE\symbol=TCS\part-053141_005575-014653.parquet,34831,downloaded,34831,
2026-07-17,NSE,TCS,raw_l2/trade_date=2026-07-17/exchange=NSE/symbol=TCS/part-053058_111382-014557.parquet,real_data_sample\l2_unseen_validation\trade_date=2026-07-17\exchange=NSE\symbol=TCS\part-053058_111382-014557.parquet,34722,downloaded,34722,
2026-07-17,NSE,TCS,raw_l2/trade_date=2026-07-17/exchange=NSE/symbol=TCS/part-053333_444435-014909.parquet,real_data_sample\l2_unseen_validation\trade_date=2026-07-17\exchange=NSE\symbol=TCS\part-053333_444435-014909.parquet,36445,downloaded,36445,
2026-07-17,NSE,TCS,raw_l2/trade_date=2026-07-17/exchange=NSE/symbol=TCS/part-053237_057126-014781.parquet,real_data_sample\l2_unseen_validation\trade_date=2026-07-17\exchange=NSE\symbol=TCS\part-053237_057126-014781.parquet,35685,downloaded,35685,
2026-07-17,NSE,TCS,raw_l2/trade_date=2026-07-17/exchange=NSE/symbol=TCS/part-053223_095822-014749.parquet,real_data_sample\l2_unseen_validation\trade_date=2026-07-17\exchange=NSE\symbol=TCS\part-053223_095822-014749.parquet,35509,downloaded,35509,
2026-07-17,NSE,TCS,raw_l2/trade_date=2026-07-17/exchange=NSE/symbol=TCS/part-053209_117265-014717.parquet,real_data_sample\l2_unseen_validation\trade_date=2026-07-17\exchange=NSE\symbol=TCS\part-053209_117265-014717.parquet,34759,downloaded,34759,
2026-07-17,NSE,TCS,raw_l2/trade_date=2026-07-17/exchange=NSE/symbol=TCS/part-053251_062175-014813.parquet,real_data_sample\l2_unseen_validation\trade_date=2026-07-17\exchange=NSE\symbol=TCS\part-053251_062175-014813.parquet,35630,downloaded,35630,
2026-07-17,NSE,TCS,raw_l2/trade_date=2026-07-17/exchange=NSE/symbol=TCS/part-053319_285424-014877.parquet,real_data_sample\l2_unseen_validation\trade_date=2026-07-17\exchange=NSE\symbol=TCS\part-053319_285424-014877.parquet,35968,downloaded,35968,
2026-07-17,NSE,TCS,raw_l2/trade_date=2026-07-17/exchange=NSE/symbol=TCS/part-053442_968323-015069.parquet,real_data_sample\l2_unseen_validation\trade_date=2026-07-17\exchange=NSE\symbol=TCS\part-053442_968323-015069.parquet,35891,downloaded,35891,
2026-07-17,NSE,TCS,raw_l2/trade_date=2026-07-17/exchange=NSE/symbol=TCS/part-053401_401819-014973.parquet,real_data_sample\l2_unseen_validation\trade_date=2026-07-17\exchange=NSE\symbol=TCS\part-053401_401819-014973.parquet,36133,downloaded,36133,
2026-07-17,NSE,TCS,raw_l2/trade_date=2026-07-17/exchange=NSE/symbol=TCS/part-053538_351170-015197.parquet,real_data_sample\l2_unseen_validation\trade_date=2026-07-17\exchange=NSE\symbol=TCS\part-053538_351170-015197.parquet,36089,downloaded,36089,
2026-07-17,NSE,TCS,raw_l2/trade_date=2026-07-17/exchange=NSE/symbol=TCS/part-053524_537894-015165.parquet,real_data_sample\l2_unseen_validation\trade_date=2026-07-17\exchange=NSE\symbol=TCS\part-053524_537894-015165.parquet,36054,downloaded,36054,
2026-07-17,NSE,TCS,raw_l2/trade_date=2026-07-17/exchange=NSE/symbol=TCS/part-053648_180771-015357.parquet,real_data_sample\l2_unseen_validation\trade_date=2026-07-17\exchange=NSE\symbol=TCS\part-053648_180771-015357.parquet,35541,downloaded,35541,
2026-07-17,NSE,TCS,raw_l2/trade_date=2026-07-17/exchange=NSE/symbol=TCS/part-053634_280279-015325.parquet,real_data_sample\l2_unseen_validation\trade_date=2026-07-17\exchange=NSE\symbol=TCS\part-053634_280279-015325.parquet,35892,downloaded,35892,
2026-07-17,NSE,TCS,raw_l2/trade_date=2026-07-17/exchange=NSE/symbol=TCS/part-053606_038450-015261.parquet,real_data_sample\l2_unseen_validation\trade_date=2026-07-17\exchange=NSE\symbol=TCS\part-053606_038450-015261.parquet,35658,downloaded,35658,
2026-07-17,NSE,TCS,raw_l2/trade_date=2026-07-17/exchange=NSE/symbol=TCS/part-053429_193877-015037.parquet,real_data_sample\l2_unseen_validation\trade_date=2026-07-17\exchange=NSE\symbol=TCS\part-053429_193877-015037.parquet,35817,downloaded,35817,
2026-07-17,NSE,TCS,raw_l2/trade_date=2026-07-17/exchange=NSE/symbol=TCS/part-053552_239551-015229.parquet,real_data_sample\l2_unseen_validation\trade_date=2026-07-17\exchange=NSE\symbol=TCS\part-053552_239551-015229.parquet,35641,downloaded,35641,
2026-07-17,NSE,TCS,raw_l2/trade_date=2026-07-17/exchange=NSE/symbol=TCS/part-053702_149252-015389.parquet,real_data_sample\l2_unseen_validation\trade_date=2026-07-17\exchange=NSE\symbol=TCS\part-053702_149252-015389.parquet,35396,downloaded,35396,
2026-07-17,NSE,TCS,raw_l2/trade_date=2026-07-17/exchange=NSE/symbol=TCS/part-053716_133048-015421.parquet,real_data_sample\l2_unseen_validation\trade_date=2026-07-17\exchange=NSE\symbol=TCS\part-053716_133048-015421.parquet,35429,downloaded,35429,
2026-07-17,NSE,TCS,raw_l2/trade_date=2026-07-17/exchange=NSE/symbol=TCS/part-053620_054982-015293.parquet,real_data_sample\l2_unseen_validation\trade_date=2026-07-17\exchange=NSE\symbol=TCS\part-053620_054982-015293.parquet,36007,downloaded,36007,
2026-07-17,NSE,TCS,raw_l2/trade_date=2026-07-17/exchange=NSE/symbol=TCS/part-053415_415360-015005.parquet,real_data_sample\l2_unseen_validation\trade_date=2026-07-17\exchange=NSE\symbol=TCS\part-053415_415360-015005.parquet,36286,downloaded,36286,
2026-07-17,NSE,TCS,raw_l2/trade_date=2026-07-17/exchange=NSE/symbol=TCS/part-053456_568193-015101.parquet,real_data_sample\l2_unseen_validation\trade_date=2026-07-17\exchange=NSE\symbol=TCS\part-053456_568193-015101.parquet,36203,downloaded,36203,
2026-07-17,NSE,TCS,raw_l2/trade_date=2026-07-17/exchange=NSE/symbol=TCS/part-053510_653611-015133.parquet,real_data_sample\l2_unseen_validation\trade_date=2026-07-17\exchange=NSE\symbol=TCS\part-053510_653611-015133.parquet,36316,downloaded,36316,
2026-07-17,NSE,TCS,raw_l2/trade_date=2026-07-17/exchange=NSE/symbol=TCS/part-053839_764862-015613.parquet,real_data_sample\l2_unseen_validation\trade_date=2026-07-17\exchange=NSE\symbol=TCS\part-053839_764862-015613.parquet,35869,downloaded,35869,
2026-07-17,NSE,TCS,raw_l2/trade_date=2026-07-17/exchange=NSE/symbol=TCS/part-053729_923562-015453.parquet,real_data_sample\l2_unseen_validation\trade_date=2026-07-17\exchange=NSE\symbol=TCS\part-053729_923562-015453.parquet,36080,downloaded,36080,
2026-07-17,NSE,TCS,raw_l2/trade_date=2026-07-17/exchange=NSE/symbol=TCS/part-053935_444652-015741.parquet,real_data_sample\l2_unseen_validation\trade_date=2026-07-17\exchange=NSE\symbol=TCS\part-053935_444652-015741.parquet,35476,downloaded,35476,
2026-07-17,NSE,TCS,raw_l2/trade_date=2026-07-17/exchange=NSE/symbol=TCS/part-054003_424496-015805.parquet,real_data_sample\l2_unseen_validation\trade_date=2026-07-17\exchange=NSE\symbol=TCS\part-054003_424496-015805.parquet,36297,downloaded,36297,
2026-07-17,NSE,TCS,raw_l2/trade_date=2026-07-17/exchange=NSE/symbol=TCS/part-053949_264506-015773.parquet,real_data_sample\l2_unseen_validation\trade_date=2026-07-17\exchange=NSE\symbol=TCS\part-053949_264506-015773.parquet,35744,downloaded,35744,
2026-07-17,NSE,TCS,raw_l2/trade_date=2026-07-17/exchange=NSE/symbol=TCS/part-054045_060559-015901.parquet,real_data_sample\l2_unseen_validation\trade_date=2026-07-17\exchange=NSE\symbol=TCS\part-054045_060559-015901.parquet,35713,downloaded,35713,
2026-07-17,NSE,TCS,raw_l2/trade_date=2026-07-17/exchange=NSE/symbol=TCS/part-054126_699720-015997.parquet,real_data_sample\l2_unseen_validation\trade_date=2026-07-17\exchange=NSE\symbol=TCS\part-054126_699720-015997.parquet,35778,downloaded,35778,
2026-07-17,NSE,TCS,raw_l2/trade_date=2026-07-17/exchange=NSE/symbol=TCS/part-054140_427299-016029.parquet,real_data_sample\l2_unseen_validation\trade_date=2026-07-17\exchange=NSE\symbol=TCS\part-054140_427299-016029.parquet,36286,downloaded,36286,
2026-07-17,NSE,TCS,raw_l2/trade_date=2026-07-17/exchange=NSE/symbol=TCS/part-054236_011466-016157.parquet,real_data_sample\l2_unseen_validation\trade_date=2026-07-17\exchange=NSE\symbol=TCS\part-054236_011466-016157.parquet,35798,downloaded,35798,
2026-07-17,NSE,TCS,raw_l2/trade_date=2026-07-17/exchange=NSE/symbol=TCS/part-054031_180290-015869.parquet,real_data_sample\l2_unseen_validation\trade_date=2026-07-17\exchange=NSE\symbol=TCS\part-054031_180290-015869.parquet,36121,downloaded,36121,
2026-07-17,NSE,TCS,raw_l2/trade_date=2026-07-17/exchange=NSE/symbol=TCS/part-054112_966390-015965.parquet,real_data_sample\l2_unseen_validation\trade_date=2026-07-17\exchange=NSE\symbol=TCS\part-054112_966390-015965.parquet,35745,downloaded,35745,
2026-07-17,NSE,TCS,raw_l2/trade_date=2026-07-17/exchange=NSE/symbol=TCS/part-054058_997152-015933.parquet,real_data_sample\l2_unseen_validation\trade_date=2026-07-17\exchange=NSE\symbol=TCS\part-054058_997152-015933.parquet,35770,downloaded,35770,
2026-07-17,NSE,TCS,raw_l2/trade_date=2026-07-17/exchange=NSE/symbol=TCS/part-054208_239681-016093.parquet,real_data_sample\l2_unseen_validation\trade_date=2026-07-17\exchange=NSE\symbol=TCS\part-054208_239681-016093.parquet,35844,downloaded,35844,
2026-07-17,NSE,TCS,raw_l2/trade_date=2026-07-17/exchange=NSE/symbol=TCS/part-054345_671133-016317.parquet,real_data_sample\l2_unseen_validation\trade_date=2026-07-17\exchange=NSE\symbol=TCS\part-054345_671133-016317.parquet,35779,downloaded,35779,
2026-07-17,NSE,TCS,raw_l2/trade_date=2026-07-17/exchange=NSE/symbol=TCS/part-054331_823766-016285.parquet,real_data_sample\l2_unseen_validation\trade_date=2026-07-17\exchange=NSE\symbol=TCS\part-054331_823766-016285.parquet,35782,downloaded,35782,
2026-07-17,NSE,TCS,raw_l2/trade_date=2026-07-17/exchange=NSE/symbol=TCS/part-054017_129633-015837.parquet,real_data_sample\l2_unseen_validation\trade_date=2026-07-17\exchange=NSE\symbol=TCS\part-054017_129633-015837.parquet,35897,downloaded,35897,
2026-07-17,NSE,TCS,raw_l2/trade_date=2026-07-17/exchange=NSE/symbol=TCS/part-054154_274082-016061.parquet,real_data_sample\l2_unseen_validation\trade_date=2026-07-17\exchange=NSE\symbol=TCS\part-054154_274082-016061.parquet,36137,downloaded,36137,
2026-07-17,NSE,TCS,raw_l2/trade_date=2026-07-17/exchange=NSE/symbol=TCS/part-054359_561242-016349.parquet,real_data_sample\l2_unseen_validation\trade_date=2026-07-17\exchange=NSE\symbol=TCS\part-054359_561242-016349.parquet,35948,downloaded,35948,
2026-07-17,NSE,TCS,raw_l2/trade_date=2026-07-17/exchange=NSE/symbol=TCS/part-054222_203543-016125.parquet,real_data_sample\l2_unseen_validation\trade_date=2026-07-17\exchange=NSE\symbol=TCS\part-054222_203543-016125.parquet,36153,downloaded,36153,
2026-07-17,NSE,TCS,raw_l2/trade_date=2026-07-17/exchange=NSE/symbol=TCS/part-054304_044086-016221.parquet,real_data_sample\l2_unseen_validation\trade_date=2026-07-17\exchange=NSE\symbol=TCS\part-054304_044086-016221.parquet,35697,downloaded,35697,
2026-07-17,NSE,TCS,raw_l2/trade_date=2026-07-17/exchange=NSE/symbol=TCS/part-054250_042450-016189.parquet,real_data_sample\l2_unseen_validation\trade_date=2026-07-17\exchange=NSE\symbol=TCS\part-054250_042450-016189.parquet,35822,downloaded,35822,
2026-07-17,NSE,TCS,raw_l2/trade_date=2026-07-17/exchange=NSE/symbol=TCS/part-054317_936333-016253.parquet,real_data_sample\l2_unseen_validation\trade_date=2026-07-17\exchange=NSE\symbol=TCS\part-054317_936333-016253.parquet,35511,downloaded,35511,
2026-07-17,NSE,TCS,raw_l2/trade_date=2026-07-17/exchange=NSE/symbol=TCS/part-054427_415901-016413.parquet,real_data_sample\l2_unseen_validation\trade_date=2026-07-17\exchange=NSE\symbol=TCS\part-054427_415901-016413.parquet,35843,downloaded,35843,
2026-07-17,NSE,TCS,raw_l2/trade_date=2026-07-17/exchange=NSE/symbol=TCS/part-054441_245787-016445.parquet,real_data_sample\l2_unseen_validation\trade_date=2026-07-17\exchange=NSE\symbol=TCS\part-054441_245787-016445.parquet,36098,downloaded,36098,
2026-07-17,NSE,TCS,raw_l2/trade_date=2026-07-17/exchange=NSE/symbol=TCS/part-054413_536322-016381.parquet,real_data_sample\l2_unseen_validation\trade_date=2026-07-17\exchange=NSE\symbol=TCS\part-054413_536322-016381.parquet,36359,downloaded,36359,
2026-07-17,NSE,TCS,raw_l2/trade_date=2026-07-17/exchange=NSE/symbol=TCS/part-054455_207741-016477.parquet,real_data_sample\l2_unseen_validation\trade_date=2026-07-17\exchange=NSE\symbol=TCS\part-054455_207741-016477.parquet,36099,downloaded,36099,
2026-07-17,NSE,TCS,raw_l2/trade_date=2026-07-17/exchange=NSE/symbol=TCS/part-054509_000348-016509.parquet,real_data_sample\l2_unseen_validation\trade_date=2026-07-17\exchange=NSE\symbol=TCS\part-054509_000348-016509.parquet,36243,downloaded,36243,
2026-07-17,NSE,TCS,raw_l2/trade_date=2026-07-17/exchange=NSE/symbol=TCS/part-054522_921510-016541.parquet,real_data_sample\l2_unseen_validation\trade_date=2026-07-17\exchange=NSE\symbol=TCS\part-054522_921510-016541.parquet,36158,downloaded,36158,
2026-07-17,NSE,TCS,raw_l2/trade_date=2026-07-17/exchange=NSE/symbol=TCS/part-054742_248516-016861.parquet,real_data_sample\l2_unseen_validation\trade_date=2026-07-17\exchange=NSE\symbol=TCS\part-054742_248516-016861.parquet,35686,downloaded,35686,
2026-07-17,NSE,TCS,raw_l2/trade_date=2026-07-17/exchange=NSE/symbol=TCS/part-054550_726578-016605.parquet,real_data_sample\l2_unseen_validation\trade_date=2026-07-17\exchange=NSE\symbol=TCS\part-054550_726578-016605.parquet,35300,downloaded,35300,
2026-07-17,NSE,TCS,raw_l2/trade_date=2026-07-17/exchange=NSE/symbol=TCS/part-054756_398981-016893.parquet,real_data_sample\l2_unseen_validation\trade_date=2026-07-17\exchange=NSE\symbol=TCS\part-054756_398981-016893.parquet,35532,downloaded,35532,
2026-07-17,NSE,TCS,raw_l2/trade_date=2026-07-17/exchange=NSE/symbol=TCS/part-054659_863237-016765.parquet,real_data_sample\l2_unseen_validation\trade_date=2026-07-17\exchange=NSE\symbol=TCS\part-054659_863237-016765.parquet,35920,downloaded,35920,
2026-07-17,NSE,TCS,raw_l2/trade_date=2026-07-17/exchange=NSE/symbol=TCS/part-054618_445963-016669.parquet,real_data_sample\l2_unseen_validation\trade_date=2026-07-17\exchange=NSE\symbol=TCS\part-054618_445963-016669.parquet,36165,downloaded,36165,
2026-07-17,NSE,TCS,raw_l2/trade_date=2026-07-17/exchange=NSE/symbol=TCS/part-054728_152379-016829.parquet,real_data_sample\l2_unseen_validation\trade_date=2026-07-17\exchange=NSE\symbol=TCS\part-054728_152379-016829.parquet,36069,downloaded,36069,
2026-07-17,NSE,TCS,raw_l2/trade_date=2026-07-17/exchange=NSE/symbol=TCS/part-054838_903502-016989.parquet,real_data_sample\l2_unseen_validation\trade_date=2026-07-17\exchange=NSE\symbol=TCS\part-054838_903502-016989.parquet,36105,downloaded,36105,
2026-07-17,NSE,TCS,raw_l2/trade_date=2026-07-17/exchange=NSE/symbol=TCS/part-054632_175240-016701.parquet,real_data_sample\l2_unseen_validation\trade_date=2026-07-17\exchange=NSE\symbol=TCS\part-054632_175240-016701.parquet,36176,downloaded,36176,
2026-07-17,NSE,TCS,raw_l2/trade_date=2026-07-17/exchange=NSE/symbol=TCS/part-054646_000396-016733.parquet,real_data_sample\l2_unseen_validation\trade_date=2026-07-17\exchange=NSE\symbol=TCS\part-054646_000396-016733.parquet,35922,downloaded,35922,
2026-07-17,NSE,TCS,raw_l2/trade_date=2026-07-17/exchange=NSE/symbol=TCS/part-054824_629365-016957.parquet,real_data_sample\l2_unseen_validation\trade_date=2026-07-17\exchange=NSE\symbol=TCS\part-054824_629365-016957.parquet,35861,downloaded,35861,
2026-07-17,NSE,TCS,raw_l2/trade_date=2026-07-17/exchange=NSE/symbol=TCS/part-054852_970906-017021.parquet,real_data_sample\l2_unseen_validation\trade_date=2026-07-17\exchange=NSE\symbol=TCS\part-054852_970906-017021.parquet,35946,downloaded,35946,
2026-07-17,NSE,TCS,raw_l2/trade_date=2026-07-17/exchange=NSE/symbol=TCS/part-054810_357120-016925.parquet,real_data_sample\l2_unseen_validation\trade_date=2026-07-17\exchange=NSE\symbol=TCS\part-054810_357120-016925.parquet,35830,downloaded,35830,
2026-07-17,NSE,TCS,raw_l2/trade_date=2026-07-17/exchange=NSE/symbol=TCS/part-054714_070818-016797.parquet,real_data_sample\l2_unseen_validation\trade_date=2026-07-17\exchange=NSE\symbol=TCS\part-054714_070818-016797.parquet,35702,downloaded,35702,
2026-07-17,NSE,TCS,raw_l2/trade_date=2026-07-17/exchange=NSE/symbol=TCS/part-054906_994078-017053.parquet,real_data_sample\l2_unseen_validation\trade_date=2026-07-17\exchange=NSE\symbol=TCS\part-054906_994078-017053.parquet,35781,downloaded,35781,
2026-07-17,NSE,TCS,raw_l2/trade_date=2026-07-17/exchange=NSE/symbol=TCS/part-054604_560528-016637.parquet,real_data_sample\l2_unseen_validation\trade_date=2026-07-17\exchange=NSE\symbol=TCS\part-054604_560528-016637.parquet,35918,downloaded,35918,
2026-07-17,NSE,TCS,raw_l2/trade_date=2026-07-17/exchange=NSE/symbol=TCS/part-054536_793956-016573.parquet,real_data_sample\l2_unseen_validation\trade_date=2026-07-17\exchange=NSE\symbol=TCS\part-054536_793956-016573.parquet,35491,downloaded,35491,
2026-07-17,NSE,TCS,raw_l2/trade_date=2026-07-17/exchange=NSE/symbol=TCS/part-054921_303663-017085.parquet,real_data_sample\l2_unseen_validation\trade_date=2026-07-17\exchange=NSE\symbol=TCS\part-054921_303663-017085.parquet,35984,downloaded,35984,
2026-07-17,NSE,TCS,raw_l2/trade_date=2026-07-17/exchange=NSE/symbol=TCS/part-054949_900402-017149.parquet,real_data_sample\l2_unseen_validation\trade_date=2026-07-17\exchange=NSE\symbol=TCS\part-054949_900402-017149.parquet,35805,downloaded,35805,
2026-07-17,NSE,TCS,raw_l2/trade_date=2026-07-17/exchange=NSE/symbol=TCS/part-054935_637295-017117.parquet,real_data_sample\l2_unseen_validation\trade_date=2026-07-17\exchange=NSE\symbol=TCS\part-054935_637295-017117.parquet,36346,downloaded,36346,
2026-07-17,NSE,TCS,raw_l2/trade_date=2026-07-17/exchange=NSE/symbol=TCS/part-055004_606988-017181.parquet,real_data_sample\l2_unseen_validation\trade_date=2026-07-17\exchange=NSE\symbol=TCS\part-055004_606988-017181.parquet,36492,downloaded,36492,
2026-07-17,NSE,TCS,raw_l2/trade_date=2026-07-17/exchange=NSE/symbol=TCS/part-055018_733258-017213.parquet,real_data_sample\l2_unseen_validation\trade_date=2026-07-17\exchange=NSE\symbol=TCS\part-055018_733258-017213.parquet,36269,downloaded,36269,
2026-07-17,NSE,TCS,raw_l2/trade_date=2026-07-17/exchange=NSE/symbol=TCS/part-055230_052187-017501.parquet,real_data_sample\l2_unseen_validation\trade_date=2026-07-17\exchange=NSE\symbol=TCS\part-055230_052187-017501.parquet,36330,downloaded,36330,
2026-07-17,NSE,TCS,raw_l2/trade_date=2026-07-17/exchange=NSE/symbol=TCS/part-055131_793991-017373.parquet,real_data_sample\l2_unseen_validation\trade_date=2026-07-17\exchange=NSE\symbol=TCS\part-055131_793991-017373.parquet,35998,downloaded,35998,
2026-07-17,NSE,TCS,raw_l2/trade_date=2026-07-17/exchange=NSE/symbol=TCS/part-055356_874848-017693.parquet,real_data_sample\l2_unseen_validation\trade_date=2026-07-17\exchange=NSE\symbol=TCS\part-055356_874848-017693.parquet,36161,downloaded,36161,
2026-07-17,NSE,TCS,raw_l2/trade_date=2026-07-17/exchange=NSE/symbol=TCS/part-055116_746881-017341.parquet,real_data_sample\l2_unseen_validation\trade_date=2026-07-17\exchange=NSE\symbol=TCS\part-055116_746881-017341.parquet,36609,downloaded,36609,
2026-07-17,NSE,TCS,raw_l2/trade_date=2026-07-17/exchange=NSE/symbol=TCS/part-055425_106502-017757.parquet,real_data_sample\l2_unseen_validation\trade_date=2026-07-17\exchange=NSE\symbol=TCS\part-055425_106502-017757.parquet,36021,downloaded,36021,
2026-07-17,NSE,TCS,raw_l2/trade_date=2026-07-17/exchange=NSE/symbol=TCS/part-055411_019423-017725.parquet,real_data_sample\l2_unseen_validation\trade_date=2026-07-17\exchange=NSE\symbol=TCS\part-055411_019423-017725.parquet,36124,downloaded,36124,
2026-07-17,NSE,TCS,raw_l2/trade_date=2026-07-17/exchange=NSE/symbol=TCS/part-055342_554175-017661.parquet,real_data_sample\l2_unseen_validation\trade_date=2026-07-17\exchange=NSE\symbol=TCS\part-055342_554175-017661.parquet,36309,downloaded,36309,
2026-07-17,NSE,TCS,raw_l2/trade_date=2026-07-17/exchange=NSE/symbol=TCS/part-055047_603943-017277.parquet,real_data_sample\l2_unseen_validation\trade_date=2026-07-17\exchange=NSE\symbol=TCS\part-055047_603943-017277.parquet,36477,downloaded,36477,
2026-07-17,NSE,TCS,raw_l2/trade_date=2026-07-17/exchange=NSE/symbol=TCS/part-055032_973785-017245.parquet,real_data_sample\l2_unseen_validation\trade_date=2026-07-17\exchange=NSE\symbol=TCS\part-055032_973785-017245.parquet,35730,downloaded,35730,
2026-07-17,NSE,TCS,raw_l2/trade_date=2026-07-17/exchange=NSE/symbol=TCS/part-055215_589785-017469.parquet,real_data_sample\l2_unseen_validation\trade_date=2026-07-17\exchange=NSE\symbol=TCS\part-055215_589785-017469.parquet,36658,downloaded,36658,
2026-07-17,NSE,TCS,raw_l2/trade_date=2026-07-17/exchange=NSE/symbol=TCS/part-055102_316391-017309.parquet,real_data_sample\l2_unseen_validation\trade_date=2026-07-17\exchange=NSE\symbol=TCS\part-055102_316391-017309.parquet,36180,downloaded,36180,
2026-07-17,NSE,TCS,raw_l2/trade_date=2026-07-17/exchange=NSE/symbol=TCS/part-055201_164189-017437.parquet,real_data_sample\l2_unseen_validation\trade_date=2026-07-17\exchange=NSE\symbol=TCS\part-055201_164189-017437.parquet,35922,downloaded,35922,
2026-07-17,NSE,TCS,raw_l2/trade_date=2026-07-17/exchange=NSE/symbol=TCS/part-055146_382240-017405.parquet,real_data_sample\l2_unseen_validation\trade_date=2026-07-17\exchange=NSE\symbol=TCS\part-055146_382240-017405.parquet,36068,downloaded,36068,
2026-07-17,NSE,TCS,raw_l2/trade_date=2026-07-17/exchange=NSE/symbol=TCS/part-055313_936842-017597.parquet,real_data_sample\l2_unseen_validation\trade_date=2026-07-17\exchange=NSE\symbol=TCS\part-055313_936842-017597.parquet,36684,downloaded,36684,
2026-07-17,NSE,TCS,raw_l2/trade_date=2026-07-17/exchange=NSE/symbol=TCS/part-055245_114107-017533.parquet,real_data_sample\l2_unseen_validation\trade_date=2026-07-17\exchange=NSE\symbol=TCS\part-055245_114107-017533.parquet,36474,downloaded,36474,
2026-07-17,NSE,TCS,raw_l2/trade_date=2026-07-17/exchange=NSE/symbol=TCS/part-055439_173236-017789.parquet,real_data_sample\l2_unseen_validation\trade_date=2026-07-17\exchange=NSE\symbol=TCS\part-055439_173236-017789.parquet,36173,downloaded,36173,
2026-07-17,NSE,TCS,raw_l2/trade_date=2026-07-17/exchange=NSE/symbol=TCS/part-055453_129977-017821.parquet,real_data_sample\l2_unseen_validation\trade_date=2026-07-17\exchange=NSE\symbol=TCS\part-055453_129977-017821.parquet,36044,downloaded,36044,
2026-07-17,NSE,TCS,raw_l2/trade_date=2026-07-17/exchange=NSE/symbol=TCS/part-055259_526121-017565.parquet,real_data_sample\l2_unseen_validation\trade_date=2026-07-17\exchange=NSE\symbol=TCS\part-055259_526121-017565.parquet,36116,downloaded,36116,
2026-07-17,NSE,TCS,raw_l2/trade_date=2026-07-17/exchange=NSE/symbol=TCS/part-055521_125295-017885.parquet,real_data_sample\l2_unseen_validation\trade_date=2026-07-17\exchange=NSE\symbol=TCS\part-055521_125295-017885.parquet,35880,downloaded,35880,
2026-07-17,NSE,TCS,raw_l2/trade_date=2026-07-17/exchange=NSE/symbol=TCS/part-055327_934653-017629.parquet,real_data_sample\l2_unseen_validation\trade_date=2026-07-17\exchange=NSE\symbol=TCS\part-055327_934653-017629.parquet,35990,downloaded,35990,
2026-07-17,NSE,TCS,raw_l2/trade_date=2026-07-17/exchange=NSE/symbol=TCS/part-055507_272736-017853.parquet,real_data_sample\l2_unseen_validation\trade_date=2026-07-17\exchange=NSE\symbol=TCS\part-055507_272736-017853.parquet,35908,downloaded,35908,
2026-07-17,NSE,TCS,raw_l2/trade_date=2026-07-17/exchange=NSE/symbol=TCS/part-055535_172085-017917.parquet,real_data_sample\l2_unseen_validation\trade_date=2026-07-17\exchange=NSE\symbol=TCS\part-055535_172085-017917.parquet,35813,downloaded,35813,
2026-07-17,NSE,TCS,raw_l2/trade_date=2026-07-17/exchange=NSE/symbol=TCS/part-055549_152959-017949.parquet,real_data_sample\l2_unseen_validation\trade_date=2026-07-17\exchange=NSE\symbol=TCS\part-055549_152959-017949.parquet,35867,downloaded,35867,
2026-07-17,NSE,TCS,raw_l2/trade_date=2026-07-17/exchange=NSE/symbol=TCS/part-055631_508692-018045.parquet,real_data_sample\l2_unseen_validation\trade_date=2026-07-17\exchange=NSE\symbol=TCS\part-055631_508692-018045.parquet,36150,downloaded,36150,
2026-07-17,NSE,TCS,raw_l2/trade_date=2026-07-17/exchange=NSE/symbol=TCS/part-055645_719669-018077.parquet,real_data_sample\l2_unseen_validation\trade_date=2026-07-17\exchange=NSE\symbol=TCS\part-055645_719669-018077.parquet,36346,downloaded,36346,
2026-07-17,NSE,TCS,raw_l2/trade_date=2026-07-17/exchange=NSE/symbol=TCS/part-055603_366515-017981.parquet,real_data_sample\l2_unseen_validation\trade_date=2026-07-17\exchange=NSE\symbol=TCS\part-055603_366515-017981.parquet,35943,downloaded,35943,
2026-07-17,NSE,TCS,raw_l2/trade_date=2026-07-17/exchange=NSE/symbol=TCS/part-055617_425954-018013.parquet,real_data_sample\l2_unseen_validation\trade_date=2026-07-17\exchange=NSE\symbol=TCS\part-055617_425954-018013.parquet,36096,downloaded,36096,
2026-07-17,NSE,TCS,raw_l2/trade_date=2026-07-17/exchange=NSE/symbol=TCS/part-055934_940181-018461.parquet,real_data_sample\l2_unseen_validation\trade_date=2026-07-17\exchange=NSE\symbol=TCS\part-055934_940181-018461.parquet,35679,downloaded,35679,
2026-07-17,NSE,TCS,raw_l2/trade_date=2026-07-17/exchange=NSE/symbol=TCS/part-055727_761307-018173.parquet,real_data_sample\l2_unseen_validation\trade_date=2026-07-17\exchange=NSE\symbol=TCS\part-055727_761307-018173.parquet,35801,downloaded,35801,
2026-07-17,NSE,TCS,raw_l2/trade_date=2026-07-17/exchange=NSE/symbol=TCS/part-055920_804723-018429.parquet,real_data_sample\l2_unseen_validation\trade_date=2026-07-17\exchange=NSE\symbol=TCS\part-055920_804723-018429.parquet,36074,downloaded,36074,
2026-07-17,NSE,TCS,raw_l2/trade_date=2026-07-17/exchange=NSE/symbol=TCS/part-055659_727576-018109.parquet,real_data_sample\l2_unseen_validation\trade_date=2026-07-17\exchange=NSE\symbol=TCS\part-055659_727576-018109.parquet,35718,downloaded,35718,
2026-07-17,NSE,TCS,raw_l2/trade_date=2026-07-17/exchange=NSE/symbol=TCS/part-055755_966650-018237.parquet,real_data_sample\l2_unseen_validation\trade_date=2026-07-17\exchange=NSE\symbol=TCS\part-055755_966650-018237.parquet,36144,downloaded,36144,
2026-07-17,NSE,TCS,raw_l2/trade_date=2026-07-17/exchange=NSE/symbol=TCS/part-055741_958396-018205.parquet,real_data_sample\l2_unseen_validation\trade_date=2026-07-17\exchange=NSE\symbol=TCS\part-055741_958396-018205.parquet,35600,downloaded,35600,
2026-07-17,NSE,TCS,raw_l2/trade_date=2026-07-17/exchange=NSE/symbol=TCS/part-055906_698430-018397.parquet,real_data_sample\l2_unseen_validation\trade_date=2026-07-17\exchange=NSE\symbol=TCS\part-055906_698430-018397.parquet,36286,downloaded,36286,
2026-07-17,NSE,TCS,raw_l2/trade_date=2026-07-17/exchange=NSE/symbol=TCS/part-060003_830315-018525.parquet,real_data_sample\l2_unseen_validation\trade_date=2026-07-17\exchange=NSE\symbol=TCS\part-060003_830315-018525.parquet,36407,downloaded,36407,
2026-07-17,NSE,TCS,raw_l2/trade_date=2026-07-17/exchange=NSE/symbol=TCS/part-055824_020467-018301.parquet,real_data_sample\l2_unseen_validation\trade_date=2026-07-17\exchange=NSE\symbol=TCS\part-055824_020467-018301.parquet,36485,downloaded,36485,
2026-07-17,NSE,TCS,raw_l2/trade_date=2026-07-17/exchange=NSE/symbol=TCS/part-055852_555761-018365.parquet,real_data_sample\l2_unseen_validation\trade_date=2026-07-17\exchange=NSE\symbol=TCS\part-055852_555761-018365.parquet,35897,downloaded,35897,
2026-07-17,NSE,TCS,raw_l2/trade_date=2026-07-17/exchange=NSE/symbol=TCS/part-055809_962651-018269.parquet,real_data_sample\l2_unseen_validation\trade_date=2026-07-17\exchange=NSE\symbol=TCS\part-055809_962651-018269.parquet,36154,downloaded,36154,
2026-07-17,NSE,TCS,raw_l2/trade_date=2026-07-17/exchange=NSE/symbol=TCS/part-055838_307811-018333.parquet,real_data_sample\l2_unseen_validation\trade_date=2026-07-17\exchange=NSE\symbol=TCS\part-055838_307811-018333.parquet,36023,downloaded,36023,
2026-07-17,NSE,TCS,raw_l2/trade_date=2026-07-17/exchange=NSE/symbol=TCS/part-060032_095337-018589.parquet,real_data_sample\l2_unseen_validation\trade_date=2026-07-17\exchange=NSE\symbol=TCS\part-060032_095337-018589.parquet,35774,downloaded,35774,
2026-07-17,NSE,TCS,raw_l2/trade_date=2026-07-17/exchange=NSE/symbol=TCS/part-055949_172398-018493.parquet,real_data_sample\l2_unseen_validation\trade_date=2026-07-17\exchange=NSE\symbol=TCS\part-055949_172398-018493.parquet,36042,downloaded,36042,
2026-07-17,NSE,TCS,raw_l2/trade_date=2026-07-17/exchange=NSE/symbol=TCS/part-060046_324401-018621.parquet,real_data_sample\l2_unseen_validation\trade_date=2026-07-17\exchange=NSE\symbol=TCS\part-060046_324401-018621.parquet,36086,downloaded,36086,
2026-07-17,NSE,TCS,raw_l2/trade_date=2026-07-17/exchange=NSE/symbol=TCS/part-055713_764308-018141.parquet,real_data_sample\l2_unseen_validation\trade_date=2026-07-17\exchange=NSE\symbol=TCS\part-055713_764308-018141.parquet,36103,downloaded,36103,
2026-07-17,NSE,TCS,raw_l2/trade_date=2026-07-17/exchange=NSE/symbol=TCS/part-060017_978495-018557.parquet,real_data_sample\l2_unseen_validation\trade_date=2026-07-17\exchange=NSE\symbol=TCS\part-060017_978495-018557.parquet,35960,downloaded,35960,
2026-07-17,NSE,TCS,raw_l2/trade_date=2026-07-17/exchange=NSE/symbol=TCS/part-060239_174331-018877.parquet,real_data_sample\l2_unseen_validation\trade_date=2026-07-17\exchange=NSE\symbol=TCS\part-060239_174331-018877.parquet,35971,downloaded,35971,
2026-07-17,NSE,TCS,raw_l2/trade_date=2026-07-17/exchange=NSE/symbol=TCS/part-060431_941733-019133.parquet,real_data_sample\l2_unseen_validation\trade_date=2026-07-17\exchange=NSE\symbol=TCS\part-060431_941733-019133.parquet,35813,downloaded,35813,
2026-07-17,NSE,TCS,raw_l2/trade_date=2026-07-17/exchange=NSE/symbol=TCS/part-060114_680760-018685.parquet,real_data_sample\l2_unseen_validation\trade_date=2026-07-17\exchange=NSE\symbol=TCS\part-060114_680760-018685.parquet,35877,downloaded,35877,
2026-07-17,NSE,TCS,raw_l2/trade_date=2026-07-17/exchange=NSE/symbol=TCS/part-060128_668951-018717.parquet,real_data_sample\l2_unseen_validation\trade_date=2026-07-17\exchange=NSE\symbol=TCS\part-060128_668951-018717.parquet,36343,downloaded,36343,
2026-07-17,NSE,TCS,raw_l2/trade_date=2026-07-17/exchange=NSE/symbol=TCS/part-060211_014652-018813.parquet,real_data_sample\l2_unseen_validation\trade_date=2026-07-17\exchange=NSE\symbol=TCS\part-060211_014652-018813.parquet,36390,downloaded,36390,
2026-07-17,NSE,TCS,raw_l2/trade_date=2026-07-17/exchange=NSE/symbol=TCS/part-060349_426611-019037.parquet,real_data_sample\l2_unseen_validation\trade_date=2026-07-17\exchange=NSE\symbol=TCS\part-060349_426611-019037.parquet,35997,downloaded,35997,
2026-07-17,NSE,TCS,raw_l2/trade_date=2026-07-17/exchange=NSE/symbol=TCS/part-060225_171702-018845.parquet,real_data_sample\l2_unseen_validation\trade_date=2026-07-17\exchange=NSE\symbol=TCS\part-060225_171702-018845.parquet,36196,downloaded,36196,
2026-07-17,NSE,TCS,raw_l2/trade_date=2026-07-17/exchange=NSE/symbol=TCS/part-060142_874784-018749.parquet,real_data_sample\l2_unseen_validation\trade_date=2026-07-17\exchange=NSE\symbol=TCS\part-060142_874784-018749.parquet,35481,downloaded,35481,
2026-07-17,NSE,TCS,raw_l2/trade_date=2026-07-17/exchange=NSE/symbol=TCS/part-060100_596961-018653.parquet,real_data_sample\l2_unseen_validation\trade_date=2026-07-17\exchange=NSE\symbol=TCS\part-060100_596961-018653.parquet,36069,downloaded,36069,
2026-07-17,NSE,TCS,raw_l2/trade_date=2026-07-17/exchange=NSE/symbol=TCS/part-060417_534393-019101.parquet,real_data_sample\l2_unseen_validation\trade_date=2026-07-17\exchange=NSE\symbol=TCS\part-060417_534393-019101.parquet,35618,downloaded,35618,
2026-07-17,NSE,TCS,raw_l2/trade_date=2026-07-17/exchange=NSE/symbol=TCS/part-060500_114645-019197.parquet,real_data_sample\l2_unseen_validation\trade_date=2026-07-17\exchange=NSE\symbol=TCS\part-060500_114645-019197.parquet,35502,downloaded,35502,
2026-07-17,NSE,TCS,raw_l2/trade_date=2026-07-17/exchange=NSE/symbol=TCS/part-060156_903763-018781.parquet,real_data_sample\l2_unseen_validation\trade_date=2026-07-17\exchange=NSE\symbol=TCS\part-060156_903763-018781.parquet,35170,downloaded,35170,
2026-07-17,NSE,TCS,raw_l2/trade_date=2026-07-17/exchange=NSE/symbol=TCS/part-060253_278820-018909.parquet,real_data_sample\l2_unseen_validation\trade_date=2026-07-17\exchange=NSE\symbol=TCS\part-060253_278820-018909.parquet,36413,downloaded,36413,
2026-07-17,NSE,TCS,raw_l2/trade_date=2026-07-17/exchange=NSE/symbol=TCS/part-060321_484672-018973.parquet,real_data_sample\l2_unseen_validation\trade_date=2026-07-17\exchange=NSE\symbol=TCS\part-060321_484672-018973.parquet,35707,downloaded,35707,
2026-07-17,NSE,TCS,raw_l2/trade_date=2026-07-17/exchange=NSE/symbol=TCS/part-060446_165246-019165.parquet,real_data_sample\l2_unseen_validation\trade_date=2026-07-17\exchange=NSE\symbol=TCS\part-060446_165246-019165.parquet,35963,downloaded,35963,
2026-07-17,NSE,TCS,raw_l2/trade_date=2026-07-17/exchange=NSE/symbol=TCS/part-060307_497273-018941.parquet,real_data_sample\l2_unseen_validation\trade_date=2026-07-17\exchange=NSE\symbol=TCS\part-060307_497273-018941.parquet,36089,downloaded,36089,
2026-07-17,NSE,TCS,raw_l2/trade_date=2026-07-17/exchange=NSE/symbol=TCS/part-060335_445138-019005.parquet,real_data_sample\l2_unseen_validation\trade_date=2026-07-17\exchange=NSE\symbol=TCS\part-060335_445138-019005.parquet,36002,downloaded,36002,
2026-07-17,NSE,TCS,raw_l2/trade_date=2026-07-17/exchange=NSE/symbol=TCS/part-060542_380613-019293.parquet,real_data_sample\l2_unseen_validation\trade_date=2026-07-17\exchange=NSE\symbol=TCS\part-060542_380613-019293.parquet,34659,downloaded,34659,
2026-07-17,NSE,TCS,raw_l2/trade_date=2026-07-17/exchange=NSE/symbol=TCS/part-060514_140869-019229.parquet,real_data_sample\l2_unseen_validation\trade_date=2026-07-17\exchange=NSE\symbol=TCS\part-060514_140869-019229.parquet,35950,downloaded,35950,
2026-07-17,NSE,TCS,raw_l2/trade_date=2026-07-17/exchange=NSE/symbol=TCS/part-060403_322836-019069.parquet,real_data_sample\l2_unseen_validation\trade_date=2026-07-17\exchange=NSE\symbol=TCS\part-060403_322836-019069.parquet,35932,downloaded,35932,
2026-07-17,NSE,TCS,raw_l2/trade_date=2026-07-17/exchange=NSE/symbol=TCS/part-053154_782183-014685.parquet,real_data_sample\l2_unseen_validation\trade_date=2026-07-17\exchange=NSE\symbol=TCS\part-053154_782183-014685.parquet,35021,downloaded,35021,
2026-07-17,NSE,TCS,raw_l2/trade_date=2026-07-17/exchange=NSE/symbol=TCS/part-060556_359442-019325.parquet,real_data_sample\l2_unseen_validation\trade_date=2026-07-17\exchange=NSE\symbol=TCS\part-060556_359442-019325.parquet,35046,downloaded,35046,
2026-07-17,NSE,TCS,raw_l2/trade_date=2026-07-17/exchange=NSE/symbol=TCS/part-053825_649910-015581.parquet,real_data_sample\l2_unseen_validation\trade_date=2026-07-17\exchange=NSE\symbol=TCS\part-053825_649910-015581.parquet,35636,downloaded,35636,
2026-07-17,NSE,TCS,raw_l2/trade_date=2026-07-17/exchange=NSE/symbol=TCS/part-060610_253024-019357.parquet,real_data_sample\l2_unseen_validation\trade_date=2026-07-17\exchange=NSE\symbol=TCS\part-060610_253024-019357.parquet,35030,downloaded,35030,
2026-07-17,NSE,TCS,raw_l2/trade_date=2026-07-17/exchange=NSE/symbol=TCS/part-053347_217042-014941.parquet,real_data_sample\l2_unseen_validation\trade_date=2026-07-17\exchange=NSE\symbol=TCS\part-053347_217042-014941.parquet,36329,downloaded,36329,
2026-07-17,NSE,TCS,raw_l2/trade_date=2026-07-17/exchange=NSE/symbol=TCS/part-060638_119500-019421.parquet,real_data_sample\l2_unseen_validation\trade_date=2026-07-17\exchange=NSE\symbol=TCS\part-060638_119500-019421.parquet,35877,downloaded,35877,
2026-07-17,NSE,TCS,raw_l2/trade_date=2026-07-17/exchange=NSE/symbol=TCS/part-053305_205806-014845.parquet,real_data_sample\l2_unseen_validation\trade_date=2026-07-17\exchange=NSE\symbol=TCS\part-053305_205806-014845.parquet,35743,downloaded,35743,
2026-07-17,NSE,TCS,raw_l2/trade_date=2026-07-17/exchange=NSE/symbol=TCS/part-060624_067015-019389.parquet,real_data_sample\l2_unseen_validation\trade_date=2026-07-17\exchange=NSE\symbol=TCS\part-060624_067015-019389.parquet,35886,downloaded,35886,
2026-07-17,NSE,TCS,raw_l2/trade_date=2026-07-17/exchange=NSE/symbol=TCS/part-053907_422200-015677.parquet,real_data_sample\l2_unseen_validation\trade_date=2026-07-17\exchange=NSE\symbol=TCS\part-053907_422200-015677.parquet,35554,downloaded,35554,
2026-07-17,NSE,TCS,raw_l2/trade_date=2026-07-17/exchange=NSE/symbol=TCS/part-061057_487508-019997.parquet,real_data_sample\l2_unseen_validation\trade_date=2026-07-17\exchange=NSE\symbol=TCS\part-061057_487508-019997.parquet,36117,downloaded,36117,
2026-07-17,NSE,TCS,raw_l2/trade_date=2026-07-17/exchange=NSE/symbol=TCS/part-060945_644373-019837.parquet,real_data_sample\l2_unseen_validation\trade_date=2026-07-17\exchange=NSE\symbol=TCS\part-060945_644373-019837.parquet,36182,downloaded,36182,
2026-07-17,NSE,TCS,raw_l2/trade_date=2026-07-17/exchange=NSE/symbol=TCS/part-060720_500576-019517.parquet,real_data_sample\l2_unseen_validation\trade_date=2026-07-17\exchange=NSE\symbol=TCS\part-060720_500576-019517.parquet,36609,downloaded,36609,
2026-07-17,NSE,TCS,raw_l2/trade_date=2026-07-17/exchange=NSE/symbol=TCS/part-060931_443793-019805.parquet,real_data_sample\l2_unseen_validation\trade_date=2026-07-17\exchange=NSE\symbol=TCS\part-060931_443793-019805.parquet,36077,downloaded,36077,
2026-07-17,NSE,TCS,raw_l2/trade_date=2026-07-17/exchange=NSE/symbol=TCS/part-060749_566193-019581.parquet,real_data_sample\l2_unseen_validation\trade_date=2026-07-17\exchange=NSE\symbol=TCS\part-060749_566193-019581.parquet,35901,downloaded,35901,
2026-07-17,NSE,TCS,raw_l2/trade_date=2026-07-17/exchange=NSE/symbol=TCS/part-060805_360819-019613.parquet,real_data_sample\l2_unseen_validation\trade_date=2026-07-17\exchange=NSE\symbol=TCS\part-060805_360819-019613.parquet,36465,downloaded,36465,
2026-07-17,NSE,TCS,raw_l2/trade_date=2026-07-17/exchange=NSE/symbol=TCS/part-060834_276443-019677.parquet,real_data_sample\l2_unseen_validation\trade_date=2026-07-17\exchange=NSE\symbol=TCS\part-060834_276443-019677.parquet,35689,downloaded,35689,
2026-07-17,NSE,TCS,raw_l2/trade_date=2026-07-17/exchange=NSE/symbol=TCS/part-053921_578825-015709.parquet,real_data_sample\l2_unseen_validation\trade_date=2026-07-17\exchange=NSE\symbol=TCS\part-053921_578825-015709.parquet,35499,downloaded,35499,
2026-07-17,NSE,TCS,raw_l2/trade_date=2026-07-17/exchange=NSE/symbol=TCS/part-060706_351878-019485.parquet,real_data_sample\l2_unseen_validation\trade_date=2026-07-17\exchange=NSE\symbol=TCS\part-060706_351878-019485.parquet,35787,downloaded,35787,
2026-07-17,NSE,TCS,raw_l2/trade_date=2026-07-17/exchange=NSE/symbol=TCS/part-060652_495934-019453.parquet,real_data_sample\l2_unseen_validation\trade_date=2026-07-17\exchange=NSE\symbol=TCS\part-060652_495934-019453.parquet,36048,downloaded,36048,
2026-07-17,NSE,TCS,raw_l2/trade_date=2026-07-17/exchange=NSE/symbol=TCS/part-060734_742292-019549.parquet,real_data_sample\l2_unseen_validation\trade_date=2026-07-17\exchange=NSE\symbol=TCS\part-060734_742292-019549.parquet,36187,downloaded,36187,
2026-07-17,NSE,TCS,raw_l2/trade_date=2026-07-17/exchange=NSE/symbol=TCS/part-060819_790593-019645.parquet,real_data_sample\l2_unseen_validation\trade_date=2026-07-17\exchange=NSE\symbol=TCS\part-060819_790593-019645.parquet,36543,downloaded,36543,
2026-07-17,NSE,TCS,raw_l2/trade_date=2026-07-17/exchange=NSE/symbol=TCS/part-060916_766444-019773.parquet,real_data_sample\l2_unseen_validation\trade_date=2026-07-17\exchange=NSE\symbol=TCS\part-060916_766444-019773.parquet,36127,downloaded,36127,
2026-07-17,NSE,TCS,raw_l2/trade_date=2026-07-17/exchange=NSE/symbol=TCS/part-061042_926077-019965.parquet,real_data_sample\l2_unseen_validation\trade_date=2026-07-17\exchange=NSE\symbol=TCS\part-061042_926077-019965.parquet,36016,downloaded,36016,
2026-07-17,NSE,TCS,raw_l2/trade_date=2026-07-17/exchange=NSE/symbol=TCS/part-060902_709446-019741.parquet,real_data_sample\l2_unseen_validation\trade_date=2026-07-17\exchange=NSE\symbol=TCS\part-060902_709446-019741.parquet,36687,downloaded,36687,
2026-07-17,NSE,TCS,raw_l2/trade_date=2026-07-17/exchange=NSE/symbol=TCS/part-061111_750027-020029.parquet,real_data_sample\l2_unseen_validation\trade_date=2026-07-17\exchange=NSE\symbol=TCS\part-061111_750027-020029.parquet,36109,downloaded,36109,
2026-07-17,NSE,TCS,raw_l2/trade_date=2026-07-17/exchange=NSE/symbol=TCS/part-061028_588733-019933.parquet,real_data_sample\l2_unseen_validation\trade_date=2026-07-17\exchange=NSE\symbol=TCS\part-061028_588733-019933.parquet,36106,downloaded,36106,
2026-07-17,NSE,TCS,raw_l2/trade_date=2026-07-17/exchange=NSE/symbol=TCS/part-060848_502517-019709.parquet,real_data_sample\l2_unseen_validation\trade_date=2026-07-17\exchange=NSE\symbol=TCS\part-060848_502517-019709.parquet,36146,downloaded,36146,
2026-07-17,NSE,TCS,raw_l2/trade_date=2026-07-17/exchange=NSE/symbol=TCS/part-060959_972763-019869.parquet,real_data_sample\l2_unseen_validation\trade_date=2026-07-17\exchange=NSE\symbol=TCS\part-060959_972763-019869.parquet,36257,downloaded,36257,
2026-07-17,NSE,TCS,raw_l2/trade_date=2026-07-17/exchange=NSE/symbol=TCS/part-061014_420780-019901.parquet,real_data_sample\l2_unseen_validation\trade_date=2026-07-17\exchange=NSE\symbol=TCS\part-061014_420780-019901.parquet,36020,downloaded,36020,
2026-07-17,NSE,TCS,raw_l2/trade_date=2026-07-17/exchange=NSE/symbol=TCS/part-053757_655588-015517.parquet,real_data_sample\l2_unseen_validation\trade_date=2026-07-17\exchange=NSE\symbol=TCS\part-053757_655588-015517.parquet,35946,downloaded,35946,
2026-07-17,NSE,TCS,raw_l2/trade_date=2026-07-17/exchange=NSE/symbol=TCS/part-060528_302850-019261.parquet,real_data_sample\l2_unseen_validation\trade_date=2026-07-17\exchange=NSE\symbol=TCS\part-060528_302850-019261.parquet,34803,downloaded,34803,
2026-07-17,NSE,TCS,raw_l2/trade_date=2026-07-17/exchange=NSE/symbol=TCS/part-061126_129749-020061.parquet,real_data_sample\l2_unseen_validation\trade_date=2026-07-17\exchange=NSE\symbol=TCS\part-061126_129749-020061.parquet,36014,downloaded,36014,
2026-07-17,NSE,TCS,raw_l2/trade_date=2026-07-17/exchange=NSE/symbol=TCS/part-061140_649153-020093.parquet,real_data_sample\l2_unseen_validation\trade_date=2026-07-17\exchange=NSE\symbol=TCS\part-061140_649153-020093.parquet,36355,downloaded,36355,
2026-07-17,NSE,TCS,raw_l2/trade_date=2026-07-17/exchange=NSE/symbol=TCS/part-061155_095281-020125.parquet,real_data_sample\l2_unseen_validation\trade_date=2026-07-17\exchange=NSE\symbol=TCS\part-061155_095281-020125.parquet,36530,downloaded,36530,
2026-07-17,NSE,TCS,raw_l2/trade_date=2026-07-17/exchange=NSE/symbol=TCS/part-061209_426294-020157.parquet,real_data_sample\l2_unseen_validation\trade_date=2026-07-17\exchange=NSE\symbol=TCS\part-061209_426294-020157.parquet,36318,downloaded,36318,
2026-07-17,NSE,TCS,raw_l2/trade_date=2026-07-17/exchange=NSE/symbol=TCS/part-053743_793118-015485.parquet,real_data_sample\l2_unseen_validation\trade_date=2026-07-17\exchange=NSE\symbol=TCS\part-053743_793118-015485.parquet,35733,downloaded,35733,
2026-07-17,NSE,TCS,raw_l2/trade_date=2026-07-17/exchange=NSE/symbol=TCS/part-053811_526476-015549.parquet,real_data_sample\l2_unseen_validation\trade_date=2026-07-17\exchange=NSE\symbol=TCS\part-053811_526476-015549.parquet,36064,downloaded,36064,
2026-07-17,NSE,TCS,raw_l2/trade_date=2026-07-17/exchange=NSE/symbol=TCS/part-053853_663717-015645.parquet,real_data_sample\l2_unseen_validation\trade_date=2026-07-17\exchange=NSE\symbol=TCS\part-053853_663717-015645.parquet,35681,downloaded,35681,
2026-07-17,NSE,TCS,raw_l2/trade_date=2026-07-17/exchange=NSE/symbol=TCS/part-061447_484402-020509.parquet,real_data_sample\l2_unseen_validation\trade_date=2026-07-17\exchange=NSE\symbol=TCS\part-061447_484402-020509.parquet,36118,downloaded,36118,
2026-07-17,NSE,TCS,raw_l2/trade_date=2026-07-17/exchange=NSE/symbol=TCS/part-061238_391072-020221.parquet,real_data_sample\l2_unseen_validation\trade_date=2026-07-17\exchange=NSE\symbol=TCS\part-061238_391072-020221.parquet,36459,downloaded,36459,
2026-07-17,NSE,TCS,raw_l2/trade_date=2026-07-17/exchange=NSE/symbol=TCS/part-061404_631677-020413.parquet,real_data_sample\l2_unseen_validation\trade_date=2026-07-17\exchange=NSE\symbol=TCS\part-061404_631677-020413.parquet,36035,downloaded,36035,
2026-07-17,NSE,TCS,raw_l2/trade_date=2026-07-17/exchange=NSE/symbol=TCS/part-061516_424436-020573.parquet,real_data_sample\l2_unseen_validation\trade_date=2026-07-17\exchange=NSE\symbol=TCS\part-061516_424436-020573.parquet,35846,downloaded,35846,
2026-07-17,NSE,TCS,raw_l2/trade_date=2026-07-17/exchange=NSE/symbol=TCS/part-061223_924501-020189.parquet,real_data_sample\l2_unseen_validation\trade_date=2026-07-17\exchange=NSE\symbol=TCS\part-061223_924501-020189.parquet,36317,downloaded,36317,
2026-07-17,NSE,TCS,raw_l2/trade_date=2026-07-17/exchange=NSE/symbol=TCS/part-061545_122448-020637.parquet,real_data_sample\l2_unseen_validation\trade_date=2026-07-17\exchange=NSE\symbol=TCS\part-061545_122448-020637.parquet,35794,downloaded,35794,
2026-07-17,NSE,TCS,raw_l2/trade_date=2026-07-17/exchange=NSE/symbol=TCS/part-061559_651317-020669.parquet,real_data_sample\l2_unseen_validation\trade_date=2026-07-17\exchange=NSE\symbol=TCS\part-061559_651317-020669.parquet,36079,downloaded,36079,
2026-07-17,NSE,TCS,raw_l2/trade_date=2026-07-17/exchange=NSE/symbol=TCS/part-061629_860365-020733.parquet,real_data_sample\l2_unseen_validation\trade_date=2026-07-17\exchange=NSE\symbol=TCS\part-061629_860365-020733.parquet,36375,downloaded,36375,
2026-07-17,NSE,TCS,raw_l2/trade_date=2026-07-17/exchange=NSE/symbol=TCS/part-061336_075172-020349.parquet,real_data_sample\l2_unseen_validation\trade_date=2026-07-17\exchange=NSE\symbol=TCS\part-061336_075172-020349.parquet,36071,downloaded,36071,
2026-07-17,NSE,TCS,raw_l2/trade_date=2026-07-17/exchange=NSE/symbol=TCS/part-061712_233095-020829.parquet,real_data_sample\l2_unseen_validation\trade_date=2026-07-17\exchange=NSE\symbol=TCS\part-061712_233095-020829.parquet,36365,downloaded,36365,
2026-07-17,NSE,TCS,raw_l2/trade_date=2026-07-17/exchange=NSE/symbol=TCS/part-061502_021265-020541.parquet,real_data_sample\l2_unseen_validation\trade_date=2026-07-17\exchange=NSE\symbol=TCS\part-061502_021265-020541.parquet,36334,downloaded,36334,
2026-07-17,NSE,TCS,raw_l2/trade_date=2026-07-17/exchange=NSE/symbol=TCS/part-061755_305671-020925.parquet,real_data_sample\l2_unseen_validation\trade_date=2026-07-17\exchange=NSE\symbol=TCS\part-061755_305671-020925.parquet,36040,downloaded,36040,
2026-07-17,NSE,TCS,raw_l2/trade_date=2026-07-17/exchange=NSE/symbol=TCS/part-061307_195510-020285.parquet,real_data_sample\l2_unseen_validation\trade_date=2026-07-17\exchange=NSE\symbol=TCS\part-061307_195510-020285.parquet,35892,downloaded,35892,
2026-07-17,NSE,TCS,raw_l2/trade_date=2026-07-17/exchange=NSE/symbol=TCS/part-061838_769901-021021.parquet,real_data_sample\l2_unseen_validation\trade_date=2026-07-17\exchange=NSE\symbol=TCS\part-061838_769901-021021.parquet,35953,downloaded,35953,
2026-07-17,NSE,TCS,raw_l2/trade_date=2026-07-17/exchange=NSE/symbol=TCS/part-061530_892015-020605.parquet,real_data_sample\l2_unseen_validation\trade_date=2026-07-17\exchange=NSE\symbol=TCS\part-061530_892015-020605.parquet,36257,downloaded,36257,
2026-07-17,NSE,TCS,raw_l2/trade_date=2026-07-17/exchange=NSE/symbol=TCS/part-061823_862886-020989.parquet,real_data_sample\l2_unseen_validation\trade_date=2026-07-17\exchange=NSE\symbol=TCS\part-061823_862886-020989.parquet,35724,downloaded,35724,
2026-07-17,NSE,TCS,raw_l2/trade_date=2026-07-17/exchange=NSE/symbol=TCS/part-061726_371112-020861.parquet,real_data_sample\l2_unseen_validation\trade_date=2026-07-17\exchange=NSE\symbol=TCS\part-061726_371112-020861.parquet,36083,downloaded,36083,
2026-07-17,NSE,TCS,raw_l2/trade_date=2026-07-17/exchange=NSE/symbol=TCS/part-061615_307543-020701.parquet,real_data_sample\l2_unseen_validation\trade_date=2026-07-17\exchange=NSE\symbol=TCS\part-061615_307543-020701.parquet,35840,downloaded,35840,
2026-07-17,NSE,TCS,raw_l2/trade_date=2026-07-17/exchange=NSE/symbol=TCS/part-061321_662141-020317.parquet,real_data_sample\l2_unseen_validation\trade_date=2026-07-17\exchange=NSE\symbol=TCS\part-061321_662141-020317.parquet,36087,downloaded,36087,
2026-07-17,NSE,TCS,raw_l2/trade_date=2026-07-17/exchange=NSE/symbol=TCS/part-061252_745985-020253.parquet,real_data_sample\l2_unseen_validation\trade_date=2026-07-17\exchange=NSE\symbol=TCS\part-061252_745985-020253.parquet,36029,downloaded,36029,
2026-07-17,NSE,TCS,raw_l2/trade_date=2026-07-17/exchange=NSE/symbol=TCS/part-061657_995017-020797.parquet,real_data_sample\l2_unseen_validation\trade_date=2026-07-17\exchange=NSE\symbol=TCS\part-061657_995017-020797.parquet,36394,downloaded,36394,
2026-07-17,NSE,TCS,raw_l2/trade_date=2026-07-17/exchange=NSE/symbol=TCS/part-061809_712406-020957.parquet,real_data_sample\l2_unseen_validation\trade_date=2026-07-17\exchange=NSE\symbol=TCS\part-061809_712406-020957.parquet,36035,downloaded,36035,
2026-07-17,NSE,TCS,raw_l2/trade_date=2026-07-17/exchange=NSE/symbol=TCS/part-061433_303494-020477.parquet,real_data_sample\l2_unseen_validation\trade_date=2026-07-17\exchange=NSE\symbol=TCS\part-061433_303494-020477.parquet,36182,downloaded,36182,
2026-07-17,NSE,TCS,raw_l2/trade_date=2026-07-17/exchange=NSE/symbol=TCS/part-061740_430385-020893.parquet,real_data_sample\l2_unseen_validation\trade_date=2026-07-17\exchange=NSE\symbol=TCS\part-061740_430385-020893.parquet,36453,downloaded,36453,
2026-07-17,NSE,TCS,raw_l2/trade_date=2026-07-17/exchange=NSE/symbol=TCS/part-061418_929623-020445.parquet,real_data_sample\l2_unseen_validation\trade_date=2026-07-17\exchange=NSE\symbol=TCS\part-061418_929623-020445.parquet,35950,downloaded,35950,
2026-07-17,NSE,TCS,raw_l2/trade_date=2026-07-17/exchange=NSE/symbol=TCS/part-061643_948992-020765.parquet,real_data_sample\l2_unseen_validation\trade_date=2026-07-17\exchange=NSE\symbol=TCS\part-061643_948992-020765.parquet,36004,downloaded,36004,
2026-07-17,NSE,TCS,raw_l2/trade_date=2026-07-17/exchange=NSE/symbol=TCS/part-061350_265908-020381.parquet,real_data_sample\l2_unseen_validation\trade_date=2026-07-17\exchange=NSE\symbol=TCS\part-061350_265908-020381.parquet,36446,downloaded,36446,
2026-07-17,NSE,TCS,raw_l2/trade_date=2026-07-17/exchange=NSE/symbol=TCS/part-061852_911703-021053.parquet,real_data_sample\l2_unseen_validation\trade_date=2026-07-17\exchange=NSE\symbol=TCS\part-061852_911703-021053.parquet,35806,downloaded,35806,
2026-07-17,NSE,TCS,raw_l2/trade_date=2026-07-17/exchange=NSE/symbol=TCS/part-061907_034087-021085.parquet,real_data_sample\l2_unseen_validation\trade_date=2026-07-17\exchange=NSE\symbol=TCS\part-061907_034087-021085.parquet,35916,downloaded,35916,
2026-07-17,NSE,TCS,raw_l2/trade_date=2026-07-17/exchange=NSE/symbol=TCS/part-062047_477812-021309.parquet,real_data_sample\l2_unseen_validation\trade_date=2026-07-17\exchange=NSE\symbol=TCS\part-062047_477812-021309.parquet,36112,downloaded,36112,
2026-07-17,NSE,TCS,raw_l2/trade_date=2026-07-17/exchange=NSE/symbol=TCS/part-062352_648890-021725.parquet,real_data_sample\l2_unseen_validation\trade_date=2026-07-17\exchange=NSE\symbol=TCS\part-062352_648890-021725.parquet,35731,downloaded,35731,
2026-07-17,NSE,TCS,raw_l2/trade_date=2026-07-17/exchange=NSE/symbol=TCS/part-062310_285749-021629.parquet,real_data_sample\l2_unseen_validation\trade_date=2026-07-17\exchange=NSE\symbol=TCS\part-062310_285749-021629.parquet,36269,downloaded,36269,
2026-07-17,NSE,TCS,raw_l2/trade_date=2026-07-17/exchange=NSE/symbol=TCS/part-062212_956721-021501.parquet,real_data_sample\l2_unseen_validation\trade_date=2026-07-17\exchange=NSE\symbol=TCS\part-062212_956721-021501.parquet,36179,downloaded,36179,
2026-07-17,NSE,TCS,raw_l2/trade_date=2026-07-17/exchange=NSE/symbol=TCS/part-062255_806513-021597.parquet,real_data_sample\l2_unseen_validation\trade_date=2026-07-17\exchange=NSE\symbol=TCS\part-062255_806513-021597.parquet,36243,downloaded,36243,
2026-07-17,NSE,TCS,raw_l2/trade_date=2026-07-17/exchange=NSE/symbol=TCS/part-062434_989199-021821.parquet,real_data_sample\l2_unseen_validation\trade_date=2026-07-17\exchange=NSE\symbol=TCS\part-062434_989199-021821.parquet,35828,downloaded,35828,
2026-07-17,NSE,TCS,raw_l2/trade_date=2026-07-17/exchange=NSE/symbol=TCS/part-062324_499227-021661.parquet,real_data_sample\l2_unseen_validation\trade_date=2026-07-17\exchange=NSE\symbol=TCS\part-062324_499227-021661.parquet,35990,downloaded,35990,
2026-07-17,NSE,TCS,raw_l2/trade_date=2026-07-17/exchange=NSE/symbol=TCS/part-062449_069034-021853.parquet,real_data_sample\l2_unseen_validation\trade_date=2026-07-17\exchange=NSE\symbol=TCS\part-062449_069034-021853.parquet,35657,downloaded,35657,
2026-07-17,NSE,TCS,raw_l2/trade_date=2026-07-17/exchange=NSE/symbol=TCS/part-062517_423368-021917.parquet,real_data_sample\l2_unseen_validation\trade_date=2026-07-17\exchange=NSE\symbol=TCS\part-062517_423368-021917.parquet,36159,downloaded,36159,
2026-07-17,NSE,TCS,raw_l2/trade_date=2026-07-17/exchange=NSE/symbol=TCS/part-062545_239075-021981.parquet,real_data_sample\l2_unseen_validation\trade_date=2026-07-17\exchange=NSE\symbol=TCS\part-062545_239075-021981.parquet,35826,downloaded,35826,
2026-07-17,NSE,TCS,raw_l2/trade_date=2026-07-17/exchange=NSE/symbol=TCS/part-062627_499769-022077.parquet,real_data_sample\l2_unseen_validation\trade_date=2026-07-17\exchange=NSE\symbol=TCS\part-062627_499769-022077.parquet,36216,downloaded,36216,
2026-07-17,NSE,TCS,raw_l2/trade_date=2026-07-17/exchange=NSE/symbol=TCS/part-062641_743497-022109.parquet,real_data_sample\l2_unseen_validation\trade_date=2026-07-17\exchange=NSE\symbol=TCS\part-062641_743497-022109.parquet,35984,downloaded,35984,
2026-07-17,NSE,TCS,raw_l2/trade_date=2026-07-17/exchange=NSE/symbol=TCS/part-062406_781686-021757.parquet,real_data_sample\l2_unseen_validation\trade_date=2026-07-17\exchange=NSE\symbol=TCS\part-062406_781686-021757.parquet,36094,downloaded,36094,
2026-07-17,NSE,TCS,raw_l2/trade_date=2026-07-17/exchange=NSE/symbol=TCS/part-062531_313557-021949.parquet,real_data_sample\l2_unseen_validation\trade_date=2026-07-17\exchange=NSE\symbol=TCS\part-062531_313557-021949.parquet,35621,downloaded,35621,
2026-07-17,NSE,TCS,raw_l2/trade_date=2026-07-17/exchange=NSE/symbol=TCS/part-062338_714680-021693.parquet,real_data_sample\l2_unseen_validation\trade_date=2026-07-17\exchange=NSE\symbol=TCS\part-062338_714680-021693.parquet,36322,downloaded,36322,
2026-07-17,NSE,TCS,raw_l2/trade_date=2026-07-17/exchange=NSE/symbol=TCS/part-062420_944020-021789.parquet,real_data_sample\l2_unseen_validation\trade_date=2026-07-17\exchange=NSE\symbol=TCS\part-062420_944020-021789.parquet,35707,downloaded,35707,
2026-07-17,NSE,TCS,raw_l2/trade_date=2026-07-17/exchange=NSE/symbol=TCS/part-062613_420210-022045.parquet,real_data_sample\l2_unseen_validation\trade_date=2026-07-17\exchange=NSE\symbol=TCS\part-062613_420210-022045.parquet,36353,downloaded,36353,
2026-07-17,NSE,TCS,raw_l2/trade_date=2026-07-17/exchange=NSE/symbol=TCS/part-062130_450227-021405.parquet,real_data_sample\l2_unseen_validation\trade_date=2026-07-17\exchange=NSE\symbol=TCS\part-062130_450227-021405.parquet,35942,downloaded,35942,
2026-07-17,NSE,TCS,raw_l2/trade_date=2026-07-17/exchange=NSE/symbol=TCS/part-062559_337239-022013.parquet,real_data_sample\l2_unseen_validation\trade_date=2026-07-17\exchange=NSE\symbol=TCS\part-062559_337239-022013.parquet,36398,downloaded,36398,
2026-07-17,NSE,TCS,raw_l2/trade_date=2026-07-17/exchange=NSE/symbol=TCS/part-062144_362040-021437.parquet,real_data_sample\l2_unseen_validation\trade_date=2026-07-17\exchange=NSE\symbol=TCS\part-062144_362040-021437.parquet,35826,downloaded,35826,
2026-07-17,NSE,TCS,raw_l2/trade_date=2026-07-17/exchange=NSE/symbol=TCS/part-062116_382213-021373.parquet,real_data_sample\l2_unseen_validation\trade_date=2026-07-17\exchange=NSE\symbol=TCS\part-062116_382213-021373.parquet,35689,downloaded,35689,
2026-07-17,NSE,TCS,raw_l2/trade_date=2026-07-17/exchange=NSE/symbol=TCS/part-062101_999110-021341.parquet,real_data_sample\l2_unseen_validation\trade_date=2026-07-17\exchange=NSE\symbol=TCS\part-062101_999110-021341.parquet,36215,downloaded,36215,
2026-07-17,NSE,TCS,raw_l2/trade_date=2026-07-17/exchange=NSE/symbol=TCS/part-062753_283219-022269.parquet,real_data_sample\l2_unseen_validation\trade_date=2026-07-17\exchange=NSE\symbol=TCS\part-062753_283219-022269.parquet,35950,downloaded,35950,
2026-07-17,NSE,TCS,raw_l2/trade_date=2026-07-17/exchange=NSE/symbol=TCS/part-062904_091066-022429.parquet,real_data_sample\l2_unseen_validation\trade_date=2026-07-17\exchange=NSE\symbol=TCS\part-062904_091066-022429.parquet,35969,downloaded,35969,
2026-07-17,NSE,TCS,raw_l2/trade_date=2026-07-17/exchange=NSE/symbol=TCS/part-062933_301435-022493.parquet,real_data_sample\l2_unseen_validation\trade_date=2026-07-17\exchange=NSE\symbol=TCS\part-062933_301435-022493.parquet,35932,downloaded,35932,
2026-07-17,NSE,TCS,raw_l2/trade_date=2026-07-17/exchange=NSE/symbol=TCS/part-062739_069896-022237.parquet,real_data_sample\l2_unseen_validation\trade_date=2026-07-17\exchange=NSE\symbol=TCS\part-062739_069896-022237.parquet,35984,downloaded,35984,
2026-07-17,NSE,TCS,raw_l2/trade_date=2026-07-17/exchange=NSE/symbol=TCS/part-062710_394088-022173.parquet,real_data_sample\l2_unseen_validation\trade_date=2026-07-17\exchange=NSE\symbol=TCS\part-062710_394088-022173.parquet,35668,downloaded,35668,
2026-07-17,NSE,TCS,raw_l2/trade_date=2026-07-17/exchange=NSE/symbol=TCS/part-062918_221095-022461.parquet,real_data_sample\l2_unseen_validation\trade_date=2026-07-17\exchange=NSE\symbol=TCS\part-062918_221095-022461.parquet,35839,downloaded,35839,
2026-07-17,NSE,TCS,raw_l2/trade_date=2026-07-17/exchange=NSE/symbol=TCS/part-062807_460830-022301.parquet,real_data_sample\l2_unseen_validation\trade_date=2026-07-17\exchange=NSE\symbol=TCS\part-062807_460830-022301.parquet,35873,downloaded,35873,
2026-07-17,NSE,TCS,raw_l2/trade_date=2026-07-17/exchange=NSE/symbol=TCS/part-062821_899762-022333.parquet,real_data_sample\l2_unseen_validation\trade_date=2026-07-17\exchange=NSE\symbol=TCS\part-062821_899762-022333.parquet,36434,downloaded,36434,
2026-07-17,NSE,TCS,raw_l2/trade_date=2026-07-17/exchange=NSE/symbol=TCS/part-062947_537821-022525.parquet,real_data_sample\l2_unseen_validation\trade_date=2026-07-17\exchange=NSE\symbol=TCS\part-062947_537821-022525.parquet,35961,downloaded,35961,
2026-07-17,NSE,TCS,raw_l2/trade_date=2026-07-17/exchange=NSE/symbol=TCS/part-063155_221145-022813.parquet,real_data_sample\l2_unseen_validation\trade_date=2026-07-17\exchange=NSE\symbol=TCS\part-063155_221145-022813.parquet,35830,downloaded,35830,
2026-07-17,NSE,TCS,raw_l2/trade_date=2026-07-17/exchange=NSE/symbol=TCS/part-063030_505053-022621.parquet,real_data_sample\l2_unseen_validation\trade_date=2026-07-17\exchange=NSE\symbol=TCS\part-063030_505053-022621.parquet,36377,downloaded,36377,
2026-07-17,NSE,TCS,raw_l2/trade_date=2026-07-17/exchange=NSE/symbol=TCS/part-062835_778821-022365.parquet,real_data_sample\l2_unseen_validation\trade_date=2026-07-17\exchange=NSE\symbol=TCS\part-062835_778821-022365.parquet,36209,downloaded,36209,
2026-07-17,NSE,TCS,raw_l2/trade_date=2026-07-17/exchange=NSE/symbol=TCS/part-063016_452286-022589.parquet,real_data_sample\l2_unseen_validation\trade_date=2026-07-17\exchange=NSE\symbol=TCS\part-063016_452286-022589.parquet,36268,downloaded,36268,
2026-07-17,NSE,TCS,raw_l2/trade_date=2026-07-17/exchange=NSE/symbol=TCS/part-062724_714456-022205.parquet,real_data_sample\l2_unseen_validation\trade_date=2026-07-17\exchange=NSE\symbol=TCS\part-062724_714456-022205.parquet,36296,downloaded,36296,
2026-07-17,NSE,TCS,raw_l2/trade_date=2026-07-17/exchange=NSE/symbol=TCS/part-063058_676688-022685.parquet,real_data_sample\l2_unseen_validation\trade_date=2026-07-17\exchange=NSE\symbol=TCS\part-063058_676688-022685.parquet,36382,downloaded,36382,
2026-07-17,NSE,TCS,raw_l2/trade_date=2026-07-17/exchange=NSE/symbol=TCS/part-063141_246344-022781.parquet,real_data_sample\l2_unseen_validation\trade_date=2026-07-17\exchange=NSE\symbol=TCS\part-063141_246344-022781.parquet,36016,downloaded,36016,
2026-07-17,NSE,TCS,raw_l2/trade_date=2026-07-17/exchange=NSE/symbol=TCS/part-063113_077856-022717.parquet,real_data_sample\l2_unseen_validation\trade_date=2026-07-17\exchange=NSE\symbol=TCS\part-063113_077856-022717.parquet,36002,downloaded,36002,
2026-07-17,NSE,TCS,raw_l2/trade_date=2026-07-17/exchange=NSE/symbol=TCS/part-063127_291027-022749.parquet,real_data_sample\l2_unseen_validation\trade_date=2026-07-17\exchange=NSE\symbol=TCS\part-063127_291027-022749.parquet,36115,downloaded,36115,
2026-07-17,NSE,TCS,raw_l2/trade_date=2026-07-17/exchange=NSE/symbol=TCS/part-063044_666107-022653.parquet,real_data_sample\l2_unseen_validation\trade_date=2026-07-17\exchange=NSE\symbol=TCS\part-063044_666107-022653.parquet,36330,downloaded,36330,
2026-07-17,NSE,TCS,raw_l2/trade_date=2026-07-17/exchange=NSE/symbol=TCS/part-063002_230505-022557.parquet,real_data_sample\l2_unseen_validation\trade_date=2026-07-17\exchange=NSE\symbol=TCS\part-063002_230505-022557.parquet,35965,downloaded,35965,
2026-07-17,NSE,TCS,raw_l2/trade_date=2026-07-17/exchange=NSE/symbol=TCS/part-062032_782559-021277.parquet,real_data_sample\l2_unseen_validation\trade_date=2026-07-17\exchange=NSE\symbol=TCS\part-062032_782559-021277.parquet,35666,downloaded,35666,
2026-07-17,NSE,TCS,raw_l2/trade_date=2026-07-17/exchange=NSE/symbol=TCS/part-063209_135709-022845.parquet,real_data_sample\l2_unseen_validation\trade_date=2026-07-17\exchange=NSE\symbol=TCS\part-063209_135709-022845.parquet,35950,downloaded,35950,
2026-07-17,NSE,TCS,raw_l2/trade_date=2026-07-17/exchange=NSE/symbol=TCS/part-063223_038045-022877.parquet,real_data_sample\l2_unseen_validation\trade_date=2026-07-17\exchange=NSE\symbol=TCS\part-063223_038045-022877.parquet,35860,downloaded,35860,
2026-07-17,NSE,TCS,raw_l2/trade_date=2026-07-17/exchange=NSE/symbol=TCS/part-063237_075587-022909.parquet,real_data_sample\l2_unseen_validation\trade_date=2026-07-17\exchange=NSE\symbol=TCS\part-063237_075587-022909.parquet,35874,downloaded,35874,
2026-07-17,NSE,TCS,raw_l2/trade_date=2026-07-17/exchange=NSE/symbol=TCS/part-063512_458778-023261.parquet,real_data_sample\l2_unseen_validation\trade_date=2026-07-17\exchange=NSE\symbol=TCS\part-063512_458778-023261.parquet,36217,downloaded,36217,
2026-07-17,NSE,TCS,raw_l2/trade_date=2026-07-17/exchange=NSE/symbol=TCS/part-063458_246936-023229.parquet,real_data_sample\l2_unseen_validation\trade_date=2026-07-17\exchange=NSE\symbol=TCS\part-063458_246936-023229.parquet,36482,downloaded,36482,
2026-07-17,NSE,TCS,raw_l2/trade_date=2026-07-17/exchange=NSE/symbol=TCS/part-063526_705386-023293.parquet,real_data_sample\l2_unseen_validation\trade_date=2026-07-17\exchange=NSE\symbol=TCS\part-063526_705386-023293.parquet,35804,downloaded,35804,
2026-07-17,NSE,TCS,raw_l2/trade_date=2026-07-17/exchange=NSE/symbol=TCS/part-063416_280577-023133.parquet,real_data_sample\l2_unseen_validation\trade_date=2026-07-17\exchange=NSE\symbol=TCS\part-063416_280577-023133.parquet,36206,downloaded,36206,
2026-07-17,NSE,TCS,raw_l2/trade_date=2026-07-17/exchange=NSE/symbol=TCS/part-063319_860106-023005.parquet,real_data_sample\l2_unseen_validation\trade_date=2026-07-17\exchange=NSE\symbol=TCS\part-063319_860106-023005.parquet,35973,downloaded,35973,
2026-07-17,NSE,TCS,raw_l2/trade_date=2026-07-17/exchange=NSE/symbol=TCS/part-063305_333764-022973.parquet,real_data_sample\l2_unseen_validation\trade_date=2026-07-17\exchange=NSE\symbol=TCS\part-063305_333764-022973.parquet,35751,downloaded,35751,
2026-07-17,NSE,TCS,raw_l2/trade_date=2026-07-17/exchange=NSE/symbol=TCS/part-063430_326214-023165.parquet,real_data_sample\l2_unseen_validation\trade_date=2026-07-17\exchange=NSE\symbol=TCS\part-063430_326214-023165.parquet,36048,downloaded,36048,
2026-07-17,NSE,TCS,raw_l2/trade_date=2026-07-17/exchange=NSE/symbol=TCS/part-063348_174009-023069.parquet,real_data_sample\l2_unseen_validation\trade_date=2026-07-17\exchange=NSE\symbol=TCS\part-063348_174009-023069.parquet,36055,downloaded,36055,
2026-07-17,NSE,TCS,raw_l2/trade_date=2026-07-17/exchange=NSE/symbol=TCS/part-063334_057859-023037.parquet,real_data_sample\l2_unseen_validation\trade_date=2026-07-17\exchange=NSE\symbol=TCS\part-063334_057859-023037.parquet,36250,downloaded,36250,
2026-07-17,NSE,TCS,raw_l2/trade_date=2026-07-17/exchange=NSE/symbol=TCS/part-063251_005414-022941.parquet,real_data_sample\l2_unseen_validation\trade_date=2026-07-17\exchange=NSE\symbol=TCS\part-063251_005414-022941.parquet,35860,downloaded,35860,
2026-07-17,NSE,TCS,raw_l2/trade_date=2026-07-17/exchange=NSE/symbol=TCS/part-063650_422374-023485.parquet,real_data_sample\l2_unseen_validation\trade_date=2026-07-17\exchange=NSE\symbol=TCS\part-063650_422374-023485.parquet,35727,downloaded,35727,
2026-07-17,NSE,TCS,raw_l2/trade_date=2026-07-17/exchange=NSE/symbol=TCS/part-063402_216379-023101.parquet,real_data_sample\l2_unseen_validation\trade_date=2026-07-17\exchange=NSE\symbol=TCS\part-063402_216379-023101.parquet,36247,downloaded,36247,
2026-07-17,NSE,TCS,raw_l2/trade_date=2026-07-17/exchange=NSE/symbol=TCS/part-063622_311728-023421.parquet,real_data_sample\l2_unseen_validation\trade_date=2026-07-17\exchange=NSE\symbol=TCS\part-063622_311728-023421.parquet,35930,downloaded,35930,
2026-07-17,NSE,TCS,raw_l2/trade_date=2026-07-17/exchange=NSE/symbol=TCS/part-063608_388424-023389.parquet,real_data_sample\l2_unseen_validation\trade_date=2026-07-17\exchange=NSE\symbol=TCS\part-063608_388424-023389.parquet,36065,downloaded,36065,
2026-07-17,NSE,TCS,raw_l2/trade_date=2026-07-17/exchange=NSE/symbol=TCS/part-063540_510284-023325.parquet,real_data_sample\l2_unseen_validation\trade_date=2026-07-17\exchange=NSE\symbol=TCS\part-063540_510284-023325.parquet,36474,downloaded,36474,
2026-07-17,NSE,TCS,raw_l2/trade_date=2026-07-17/exchange=NSE/symbol=TCS/part-063444_297251-023197.parquet,real_data_sample\l2_unseen_validation\trade_date=2026-07-17\exchange=NSE\symbol=TCS\part-063444_297251-023197.parquet,35886,downloaded,35886,
2026-07-17,NSE,TCS,raw_l2/trade_date=2026-07-17/exchange=NSE/symbol=TCS/part-063554_424952-023357.parquet,real_data_sample\l2_unseen_validation\trade_date=2026-07-17\exchange=NSE\symbol=TCS\part-063554_424952-023357.parquet,35876,downloaded,35876,
2026-07-17,NSE,TCS,raw_l2/trade_date=2026-07-17/exchange=NSE/symbol=TCS/part-063636_418528-023453.parquet,real_data_sample\l2_unseen_validation\trade_date=2026-07-17\exchange=NSE\symbol=TCS\part-063636_418528-023453.parquet,35991,downloaded,35991,
2026-07-17,NSE,TCS,raw_l2/trade_date=2026-07-17/exchange=NSE/symbol=TCS/part-063704_380652-023517.parquet,real_data_sample\l2_unseen_validation\trade_date=2026-07-17\exchange=NSE\symbol=TCS\part-063704_380652-023517.parquet,35875,downloaded,35875,
2026-07-17,NSE,TCS,raw_l2/trade_date=2026-07-17/exchange=NSE/symbol=TCS/part-063718_343300-023549.parquet,real_data_sample\l2_unseen_validation\trade_date=2026-07-17\exchange=NSE\symbol=TCS\part-063718_343300-023549.parquet,36028,downloaded,36028,
2026-07-17,NSE,TCS,raw_l2/trade_date=2026-07-17/exchange=NSE/symbol=TCS/part-063732_246024-023581.parquet,real_data_sample\l2_unseen_validation\trade_date=2026-07-17\exchange=NSE\symbol=TCS\part-063732_246024-023581.parquet,36120,downloaded,36120,
2026-07-17,NSE,TCS,raw_l2/trade_date=2026-07-17/exchange=NSE/symbol=TCS/part-063857_262763-023773.parquet,real_data_sample\l2_unseen_validation\trade_date=2026-07-17\exchange=NSE\symbol=TCS\part-063857_262763-023773.parquet,35751,downloaded,35751,
2026-07-17,NSE,TCS,raw_l2/trade_date=2026-07-17/exchange=NSE/symbol=TCS/part-063828_293936-023709.parquet,real_data_sample\l2_unseen_validation\trade_date=2026-07-17\exchange=NSE\symbol=TCS\part-063828_293936-023709.parquet,35916,downloaded,35916,
2026-07-17,NSE,TCS,raw_l2/trade_date=2026-07-17/exchange=NSE/symbol=TCS/part-064103_304410-024061.parquet,real_data_sample\l2_unseen_validation\trade_date=2026-07-17\exchange=NSE\symbol=TCS\part-064103_304410-024061.parquet,36237,downloaded,36237,
2026-07-17,NSE,TCS,raw_l2/trade_date=2026-07-17/exchange=NSE/symbol=TCS/part-063813_970840-023677.parquet,real_data_sample\l2_unseen_validation\trade_date=2026-07-17\exchange=NSE\symbol=TCS\part-063813_970840-023677.parquet,36210,downloaded,36210,
2026-07-17,NSE,TCS,raw_l2/trade_date=2026-07-17/exchange=NSE/symbol=TCS/part-063842_489788-023741.parquet,real_data_sample\l2_unseen_validation\trade_date=2026-07-17\exchange=NSE\symbol=TCS\part-063842_489788-023741.parquet,35754,downloaded,35754,
2026-07-17,NSE,TCS,raw_l2/trade_date=2026-07-17/exchange=NSE/symbol=TCS/part-064035_259851-023997.parquet,real_data_sample\l2_unseen_validation\trade_date=2026-07-17\exchange=NSE\symbol=TCS\part-064035_259851-023997.parquet,35669,downloaded,35669,
2026-07-17,NSE,TCS,raw_l2/trade_date=2026-07-17/exchange=NSE/symbol=TCS/part-064049_396314-024029.parquet,real_data_sample\l2_unseen_validation\trade_date=2026-07-17\exchange=NSE\symbol=TCS\part-064049_396314-024029.parquet,36344,downloaded,36344,
2026-07-17,NSE,TCS,raw_l2/trade_date=2026-07-17/exchange=NSE/symbol=TCS/part-063746_212460-023613.parquet,real_data_sample\l2_unseen_validation\trade_date=2026-07-17\exchange=NSE\symbol=TCS\part-063746_212460-023613.parquet,35670,downloaded,35670,
2026-07-17,NSE,TCS,raw_l2/trade_date=2026-07-17/exchange=NSE/symbol=TCS/part-064021_180622-023965.parquet,real_data_sample\l2_unseen_validation\trade_date=2026-07-17\exchange=NSE\symbol=TCS\part-064021_180622-023965.parquet,35413,downloaded,35413,
2026-07-17,NSE,TCS,raw_l2/trade_date=2026-07-17/exchange=NSE/symbol=TCS/part-063759_990220-023645.parquet,real_data_sample\l2_unseen_validation\trade_date=2026-07-17\exchange=NSE\symbol=TCS\part-063759_990220-023645.parquet,36262,downloaded,36262,
2026-07-17,NSE,TCS,raw_l2/trade_date=2026-07-17/exchange=NSE/symbol=TCS/part-063911_265240-023805.parquet,real_data_sample\l2_unseen_validation\trade_date=2026-07-17\exchange=NSE\symbol=TCS\part-063911_265240-023805.parquet,36020,downloaded,36020,
2026-07-17,NSE,TCS,raw_l2/trade_date=2026-07-17/exchange=NSE/symbol=TCS/part-064145_147113-024157.parquet,real_data_sample\l2_unseen_validation\trade_date=2026-07-17\exchange=NSE\symbol=TCS\part-064145_147113-024157.parquet,36230,downloaded,36230,
2026-07-17,NSE,TCS,raw_l2/trade_date=2026-07-17/exchange=NSE/symbol=TCS/part-063939_225236-023869.parquet,real_data_sample\l2_unseen_validation\trade_date=2026-07-17\exchange=NSE\symbol=TCS\part-063939_225236-023869.parquet,34736,downloaded,34736,
2026-07-17,NSE,TCS,raw_l2/trade_date=2026-07-17/exchange=NSE/symbol=TCS/part-064007_041414-023933.parquet,real_data_sample\l2_unseen_validation\trade_date=2026-07-17\exchange=NSE\symbol=TCS\part-064007_041414-023933.parquet,34701,downloaded,34701,
2026-07-17,NSE,TCS,raw_l2/trade_date=2026-07-17/exchange=NSE/symbol=TCS/part-063925_277187-023837.parquet,real_data_sample\l2_unseen_validation\trade_date=2026-07-17\exchange=NSE\symbol=TCS\part-063925_277187-023837.parquet,34881,downloaded,34881,
2026-07-17,NSE,TCS,raw_l2/trade_date=2026-07-17/exchange=NSE/symbol=TCS/part-064131_023986-024125.parquet,real_data_sample\l2_unseen_validation\trade_date=2026-07-17\exchange=NSE\symbol=TCS\part-064131_023986-024125.parquet,35803,downloaded,35803,
2026-07-17,NSE,TCS,raw_l2/trade_date=2026-07-17/exchange=NSE/symbol=TCS/part-063953_231812-023901.parquet,real_data_sample\l2_unseen_validation\trade_date=2026-07-17\exchange=NSE\symbol=TCS\part-063953_231812-023901.parquet,34881,downloaded,34881,
2026-07-17,NSE,TCS,raw_l2/trade_date=2026-07-17/exchange=NSE/symbol=TCS/part-064117_127439-024093.parquet,real_data_sample\l2_unseen_validation\trade_date=2026-07-17\exchange=NSE\symbol=TCS\part-064117_127439-024093.parquet,36133,downloaded,36133,
2026-07-17,NSE,TCS,raw_l2/trade_date=2026-07-17/exchange=NSE/symbol=TCS/part-064158_878146-024189.parquet,real_data_sample\l2_unseen_validation\trade_date=2026-07-17\exchange=NSE\symbol=TCS\part-064158_878146-024189.parquet,36062,downloaded,36062,
2026-07-17,NSE,TCS,raw_l2/trade_date=2026-07-17/exchange=NSE/symbol=TCS/part-064212_770003-024221.parquet,real_data_sample\l2_unseen_validation\trade_date=2026-07-17\exchange=NSE\symbol=TCS\part-064212_770003-024221.parquet,36254,downloaded,36254,
2026-07-17,NSE,TCS,raw_l2/trade_date=2026-07-17/exchange=NSE/symbol=TCS/part-064226_733559-024253.parquet,real_data_sample\l2_unseen_validation\trade_date=2026-07-17\exchange=NSE\symbol=TCS\part-064226_733559-024253.parquet,36194,downloaded,36194,
2026-07-17,NSE,TCS,raw_l2/trade_date=2026-07-17/exchange=NSE/symbol=TCS/part-064240_440532-024285.parquet,real_data_sample\l2_unseen_validation\trade_date=2026-07-17\exchange=NSE\symbol=TCS\part-064240_440532-024285.parquet,36006,downloaded,36006,
2026-07-17,NSE,TCS,raw_l2/trade_date=2026-07-17/exchange=NSE/symbol=TCS/part-064254_201467-024317.parquet,real_data_sample\l2_unseen_validation\trade_date=2026-07-17\exchange=NSE\symbol=TCS\part-064254_201467-024317.parquet,35720,downloaded,35720,
2026-07-17,NSE,TCS,raw_l2/trade_date=2026-07-17/exchange=NSE/symbol=TCS/part-064417_303380-024509.parquet,real_data_sample\l2_unseen_validation\trade_date=2026-07-17\exchange=NSE\symbol=TCS\part-064417_303380-024509.parquet,36225,downloaded,36225,
2026-07-17,NSE,TCS,raw_l2/trade_date=2026-07-17/exchange=NSE/symbol=TCS/part-064458_788483-024605.parquet,real_data_sample\l2_unseen_validation\trade_date=2026-07-17\exchange=NSE\symbol=TCS\part-064458_788483-024605.parquet,36161,downloaded,36161,
2026-07-17,NSE,TCS,raw_l2/trade_date=2026-07-17/exchange=NSE/symbol=TCS/part-064554_371205-024733.parquet,real_data_sample\l2_unseen_validation\trade_date=2026-07-17\exchange=NSE\symbol=TCS\part-064554_371205-024733.parquet,35903,downloaded,35903,
2026-07-17,NSE,TCS,raw_l2/trade_date=2026-07-17/exchange=NSE/symbol=TCS/part-064321_781710-024381.parquet,real_data_sample\l2_unseen_validation\trade_date=2026-07-17\exchange=NSE\symbol=TCS\part-064321_781710-024381.parquet,35555,downloaded,35555,
2026-07-17,NSE,TCS,raw_l2/trade_date=2026-07-17/exchange=NSE/symbol=TCS/part-064444_887888-024573.parquet,real_data_sample\l2_unseen_validation\trade_date=2026-07-17\exchange=NSE\symbol=TCS\part-064444_887888-024573.parquet,35799,downloaded,35799,
2026-07-17,NSE,TCS,raw_l2/trade_date=2026-07-17/exchange=NSE/symbol=TCS/part-064621_953573-024797.parquet,real_data_sample\l2_unseen_validation\trade_date=2026-07-17\exchange=NSE\symbol=TCS\part-064621_953573-024797.parquet,36039,downloaded,36039,
2026-07-17,NSE,TCS,raw_l2/trade_date=2026-07-17/exchange=NSE/symbol=TCS/part-064335_641715-024413.parquet,real_data_sample\l2_unseen_validation\trade_date=2026-07-17\exchange=NSE\symbol=TCS\part-064335_641715-024413.parquet,35745,downloaded,35745,
2026-07-17,NSE,TCS,raw_l2/trade_date=2026-07-17/exchange=NSE/symbol=TCS/part-064635_833747-024829.parquet,real_data_sample\l2_unseen_validation\trade_date=2026-07-17\exchange=NSE\symbol=TCS\part-064635_833747-024829.parquet,36136,downloaded,36136,
2026-07-17,NSE,TCS,raw_l2/trade_date=2026-07-17/exchange=NSE/symbol=TCS/part-064649_753357-024861.parquet,real_data_sample\l2_unseen_validation\trade_date=2026-07-17\exchange=NSE\symbol=TCS\part-064649_753357-024861.parquet,35899,downloaded,35899,
2026-07-17,NSE,TCS,raw_l2/trade_date=2026-07-17/exchange=NSE/symbol=TCS/part-064403_142444-024477.parquet,real_data_sample\l2_unseen_validation\trade_date=2026-07-17\exchange=NSE\symbol=TCS\part-064403_142444-024477.parquet,36207,downloaded,36207,
2026-07-17,NSE,TCS,raw_l2/trade_date=2026-07-17/exchange=NSE/symbol=TCS/part-064540_714253-024701.parquet,real_data_sample\l2_unseen_validation\trade_date=2026-07-17\exchange=NSE\symbol=TCS\part-064540_714253-024701.parquet,35822,downloaded,35822,
2026-07-17,NSE,TCS,raw_l2/trade_date=2026-07-17/exchange=NSE/symbol=TCS/part-064307_882276-024349.parquet,real_data_sample\l2_unseen_validation\trade_date=2026-07-17\exchange=NSE\symbol=TCS\part-064307_882276-024349.parquet,36217,downloaded,36217,
2026-07-17,NSE,TCS,raw_l2/trade_date=2026-07-17/exchange=NSE/symbol=TCS/part-064349_429632-024445.parquet,real_data_sample\l2_unseen_validation\trade_date=2026-07-17\exchange=NSE\symbol=TCS\part-064349_429632-024445.parquet,35927,downloaded,35927,
2026-07-17,NSE,TCS,raw_l2/trade_date=2026-07-17/exchange=NSE/symbol=TCS/part-064431_232478-024541.parquet,real_data_sample\l2_unseen_validation\trade_date=2026-07-17\exchange=NSE\symbol=TCS\part-064431_232478-024541.parquet,35927,downloaded,35927,
2026-07-17,NSE,TCS,raw_l2/trade_date=2026-07-17/exchange=NSE/symbol=TCS/part-064608_115628-024765.parquet,real_data_sample\l2_unseen_validation\trade_date=2026-07-17\exchange=NSE\symbol=TCS\part-064608_115628-024765.parquet,35675,downloaded,35675,
2026-07-17,NSE,TCS,raw_l2/trade_date=2026-07-17/exchange=NSE/symbol=TCS/part-064526_786722-024669.parquet,real_data_sample\l2_unseen_validation\trade_date=2026-07-17\exchange=NSE\symbol=TCS\part-064526_786722-024669.parquet,35945,downloaded,35945,
2026-07-17,NSE,TCS,raw_l2/trade_date=2026-07-17/exchange=NSE/symbol=TCS/part-064512_807783-024637.parquet,real_data_sample\l2_unseen_validation\trade_date=2026-07-17\exchange=NSE\symbol=TCS\part-064512_807783-024637.parquet,36130,downloaded,36130,
2026-07-17,NSE,TCS,raw_l2/trade_date=2026-07-17/exchange=NSE/symbol=TCS/part-064703_758673-024893.parquet,real_data_sample\l2_unseen_validation\trade_date=2026-07-17\exchange=NSE\symbol=TCS\part-064703_758673-024893.parquet,36146,downloaded,36146,
2026-07-17,NSE,TCS,raw_l2/trade_date=2026-07-17/exchange=NSE/symbol=TCS/part-064717_716510-024925.parquet,real_data_sample\l2_unseen_validation\trade_date=2026-07-17\exchange=NSE\symbol=TCS\part-064717_716510-024925.parquet,35969,downloaded,35969,
2026-07-17,NSE,TCS,raw_l2/trade_date=2026-07-17/exchange=NSE/symbol=TCS/part-064731_449551-024957.parquet,real_data_sample\l2_unseen_validation\trade_date=2026-07-17\exchange=NSE\symbol=TCS\part-064731_449551-024957.parquet,36061,downloaded,36061,
2026-07-17,NSE,TCS,raw_l2/trade_date=2026-07-17/exchange=NSE/symbol=TCS/part-064759_209935-025021.parquet,real_data_sample\l2_unseen_validation\trade_date=2026-07-17\exchange=NSE\symbol=TCS\part-064759_209935-025021.parquet,35781,downloaded,35781,
2026-07-17,NSE,TCS,raw_l2/trade_date=2026-07-17/exchange=NSE/symbol=TCS/part-064745_455132-024989.parquet,real_data_sample\l2_unseen_validation\trade_date=2026-07-17\exchange=NSE\symbol=TCS\part-064745_455132-024989.parquet,35974,downloaded,35974,
2026-07-17,NSE,TCS,raw_l2/trade_date=2026-07-17/exchange=NSE/symbol=TCS/part-064854_663502-025149.parquet,real_data_sample\l2_unseen_validation\trade_date=2026-07-17\exchange=NSE\symbol=TCS\part-064854_663502-025149.parquet,35805,downloaded,35805,
2026-07-17,NSE,TCS,raw_l2/trade_date=2026-07-17/exchange=NSE/symbol=TCS/part-064813_226619-025053.parquet,real_data_sample\l2_unseen_validation\trade_date=2026-07-17\exchange=NSE\symbol=TCS\part-064813_226619-025053.parquet,35770,downloaded,35770,
2026-07-17,NSE,TCS,raw_l2/trade_date=2026-07-17/exchange=NSE/symbol=TCS/part-064840_960398-025117.parquet,real_data_sample\l2_unseen_validation\trade_date=2026-07-17\exchange=NSE\symbol=TCS\part-064840_960398-025117.parquet,36055,downloaded,36055,
2026-07-17,NSE,TCS,raw_l2/trade_date=2026-07-17/exchange=NSE/symbol=TCS/part-064827_071954-025085.parquet,real_data_sample\l2_unseen_validation\trade_date=2026-07-17\exchange=NSE\symbol=TCS\part-064827_071954-025085.parquet,36104,downloaded,36104,
2026-07-17,NSE,TCS,raw_l2/trade_date=2026-07-17/exchange=NSE/symbol=TCS/part-064922_458608-025213.parquet,real_data_sample\l2_unseen_validation\trade_date=2026-07-17\exchange=NSE\symbol=TCS\part-064922_458608-025213.parquet,35674,downloaded,35674,
2026-07-17,NSE,TCS,raw_l2/trade_date=2026-07-17/exchange=NSE/symbol=TCS/part-064950_318747-025277.parquet,real_data_sample\l2_unseen_validation\trade_date=2026-07-17\exchange=NSE\symbol=TCS\part-064950_318747-025277.parquet,36257,downloaded,36257,
2026-07-17,NSE,TCS,raw_l2/trade_date=2026-07-17/exchange=NSE/symbol=TCS/part-064908_559032-025181.parquet,real_data_sample\l2_unseen_validation\trade_date=2026-07-17\exchange=NSE\symbol=TCS\part-064908_559032-025181.parquet,35743,downloaded,35743,
2026-07-17,NSE,TCS,raw_l2/trade_date=2026-07-17/exchange=NSE/symbol=TCS/part-064936_267524-025245.parquet,real_data_sample\l2_unseen_validation\trade_date=2026-07-17\exchange=NSE\symbol=TCS\part-064936_267524-025245.parquet,36145,downloaded,36145,
2026-07-17,NSE,TCS,raw_l2/trade_date=2026-07-17/exchange=NSE/symbol=TCS/part-065004_341872-025309.parquet,real_data_sample\l2_unseen_validation\trade_date=2026-07-17\exchange=NSE\symbol=TCS\part-065004_341872-025309.parquet,36105,downloaded,36105,
2026-07-17,NSE,TCS,raw_l2/trade_date=2026-07-17/exchange=NSE/symbol=TCS/part-065032_013369-025373.parquet,real_data_sample\l2_unseen_validation\trade_date=2026-07-17\exchange=NSE\symbol=TCS\part-065032_013369-025373.parquet,36355,downloaded,36355,
2026-07-17,NSE,TCS,raw_l2/trade_date=2026-07-17/exchange=NSE/symbol=TCS/part-065018_188771-025341.parquet,real_data_sample\l2_unseen_validation\trade_date=2026-07-17\exchange=NSE\symbol=TCS\part-065018_188771-025341.parquet,36369,downloaded,36369,
2026-07-17,NSE,TCS,raw_l2/trade_date=2026-07-17/exchange=NSE/symbol=TCS/part-062158_654023-021469.parquet,real_data_sample\l2_unseen_validation\trade_date=2026-07-17\exchange=NSE\symbol=TCS\part-062158_654023-021469.parquet,35742,downloaded,35742,
2026-07-17,NSE,TCS,raw_l2/trade_date=2026-07-17/exchange=NSE/symbol=TCS/part-065224_558956-025629.parquet,real_data_sample\l2_unseen_validation\trade_date=2026-07-17\exchange=NSE\symbol=TCS\part-065224_558956-025629.parquet,36188,downloaded,36188,
2026-07-17,NSE,TCS,raw_l2/trade_date=2026-07-17/exchange=NSE/symbol=TCS/part-062241_589378-021565.parquet,real_data_sample\l2_unseen_validation\trade_date=2026-07-17\exchange=NSE\symbol=TCS\part-062241_589378-021565.parquet,35986,downloaded,35986,
2026-07-17,NSE,TCS,raw_l2/trade_date=2026-07-17/exchange=NSE/symbol=TCS/part-065100_156712-025437.parquet,real_data_sample\l2_unseen_validation\trade_date=2026-07-17\exchange=NSE\symbol=TCS\part-065100_156712-025437.parquet,36026,downloaded,36026,
2026-07-17,NSE,TCS,raw_l2/trade_date=2026-07-17/exchange=NSE/symbol=TCS/part-065156_314807-025565.parquet,real_data_sample\l2_unseen_validation\trade_date=2026-07-17\exchange=NSE\symbol=TCS\part-065156_314807-025565.parquet,36313,downloaded,36313,
2026-07-17,NSE,TCS,raw_l2/trade_date=2026-07-17/exchange=NSE/symbol=TCS/part-065210_505577-025597.parquet,real_data_sample\l2_unseen_validation\trade_date=2026-07-17\exchange=NSE\symbol=TCS\part-065210_505577-025597.parquet,36579,downloaded,36579,
2026-07-17,NSE,TCS,raw_l2/trade_date=2026-07-17/exchange=NSE/symbol=TCS/part-065128_402183-025501.parquet,real_data_sample\l2_unseen_validation\trade_date=2026-07-17\exchange=NSE\symbol=TCS\part-065128_402183-025501.parquet,36492,downloaded,36492,
2026-07-17,NSE,TCS,raw_l2/trade_date=2026-07-17/exchange=NSE/symbol=TCS/part-065114_339869-025469.parquet,real_data_sample\l2_unseen_validation\trade_date=2026-07-17\exchange=NSE\symbol=TCS\part-065114_339869-025469.parquet,36225,downloaded,36225,
2026-07-17,NSE,TCS,raw_l2/trade_date=2026-07-17/exchange=NSE/symbol=TCS/part-065046_273703-025405.parquet,real_data_sample\l2_unseen_validation\trade_date=2026-07-17\exchange=NSE\symbol=TCS\part-065046_273703-025405.parquet,36443,downloaded,36443,
2026-07-17,NSE,TCS,raw_l2/trade_date=2026-07-17/exchange=NSE/symbol=TCS/part-065142_251095-025533.parquet,real_data_sample\l2_unseen_validation\trade_date=2026-07-17\exchange=NSE\symbol=TCS\part-065142_251095-025533.parquet,36495,downloaded,36495,
2026-07-17,NSE,TCS,raw_l2/trade_date=2026-07-17/exchange=NSE/symbol=TCS/part-062018_388370-021245.parquet,real_data_sample\l2_unseen_validation\trade_date=2026-07-17\exchange=NSE\symbol=TCS\part-062018_388370-021245.parquet,35578,downloaded,35578,
2026-07-17,NSE,TCS,raw_l2/trade_date=2026-07-17/exchange=NSE/symbol=TCS/part-062503_295282-021885.parquet,real_data_sample\l2_unseen_validation\trade_date=2026-07-17\exchange=NSE\symbol=TCS\part-062503_295282-021885.parquet,35869,downloaded,35869,
2026-07-17,NSE,TCS,raw_l2/trade_date=2026-07-17/exchange=NSE/symbol=TCS/part-065320_948440-025757.parquet,real_data_sample\l2_unseen_validation\trade_date=2026-07-17\exchange=NSE\symbol=TCS\part-065320_948440-025757.parquet,36208,downloaded,36208,
2026-07-17,NSE,TCS,raw_l2/trade_date=2026-07-17/exchange=NSE/symbol=TCS/part-065334_743140-025789.parquet,real_data_sample\l2_unseen_validation\trade_date=2026-07-17\exchange=NSE\symbol=TCS\part-065334_743140-025789.parquet,36440,downloaded,36440,
2026-07-17,NSE,TCS,raw_l2/trade_date=2026-07-17/exchange=NSE/symbol=TCS/part-065348_529855-025821.parquet,real_data_sample\l2_unseen_validation\trade_date=2026-07-17\exchange=NSE\symbol=TCS\part-065348_529855-025821.parquet,36387,downloaded,36387,
2026-07-17,NSE,TCS,raw_l2/trade_date=2026-07-17/exchange=NSE/symbol=TCS/part-065238_635086-025661.parquet,real_data_sample\l2_unseen_validation\trade_date=2026-07-17\exchange=NSE\symbol=TCS\part-065238_635086-025661.parquet,36431,downloaded,36431,
2026-07-17,NSE,TCS,raw_l2/trade_date=2026-07-17/exchange=NSE/symbol=TCS/part-065416_754124-025885.parquet,real_data_sample\l2_unseen_validation\trade_date=2026-07-17\exchange=NSE\symbol=TCS\part-065416_754124-025885.parquet,36467,downloaded,36467,
2026-07-17,NSE,TCS,raw_l2/trade_date=2026-07-17/exchange=NSE/symbol=TCS/part-065306_896914-025725.parquet,real_data_sample\l2_unseen_validation\trade_date=2026-07-17\exchange=NSE\symbol=TCS\part-065306_896914-025725.parquet,36654,downloaded,36654,
2026-07-17,NSE,TCS,raw_l2/trade_date=2026-07-17/exchange=NSE/symbol=TCS/part-065402_774292-025853.parquet,real_data_sample\l2_unseen_validation\trade_date=2026-07-17\exchange=NSE\symbol=TCS\part-065402_774292-025853.parquet,36512,downloaded,36512,
2026-07-17,NSE,TCS,raw_l2/trade_date=2026-07-17/exchange=NSE/symbol=TCS/part-065252_923172-025693.parquet,real_data_sample\l2_unseen_validation\trade_date=2026-07-17\exchange=NSE\symbol=TCS\part-065252_923172-025693.parquet,35876,downloaded,35876,
2026-07-17,NSE,TCS,raw_l2/trade_date=2026-07-17/exchange=NSE/symbol=TCS/part-065430_930728-025917.parquet,real_data_sample\l2_unseen_validation\trade_date=2026-07-17\exchange=NSE\symbol=TCS\part-065430_930728-025917.parquet,35800,downloaded,35800,
2026-07-17,NSE,TCS,raw_l2/trade_date=2026-07-17/exchange=NSE/symbol=TCS/part-062004_268393-021213.parquet,real_data_sample\l2_unseen_validation\trade_date=2026-07-17\exchange=NSE\symbol=TCS\part-062004_268393-021213.parquet,35574,downloaded,35574,
2026-07-17,NSE,TCS,raw_l2/trade_date=2026-07-17/exchange=NSE/symbol=TCS/part-061950_020597-021181.parquet,real_data_sample\l2_unseen_validation\trade_date=2026-07-17\exchange=NSE\symbol=TCS\part-061950_020597-021181.parquet,35365,downloaded,35365,
2026-07-17,NSE,TCS,raw_l2/trade_date=2026-07-17/exchange=NSE/symbol=TCS/part-065513_094166-026013.parquet,real_data_sample\l2_unseen_validation\trade_date=2026-07-17\exchange=NSE\symbol=TCS\part-065513_094166-026013.parquet,36240,downloaded,36240,
2026-07-17,NSE,TCS,raw_l2/trade_date=2026-07-17/exchange=NSE/symbol=TCS/part-065527_207472-026045.parquet,real_data_sample\l2_unseen_validation\trade_date=2026-07-17\exchange=NSE\symbol=TCS\part-065527_207472-026045.parquet,36478,downloaded,36478,
2026-07-17,NSE,TCS,raw_l2/trade_date=2026-07-17/exchange=NSE/symbol=TCS/part-065459_055380-025981.parquet,real_data_sample\l2_unseen_validation\trade_date=2026-07-17\exchange=NSE\symbol=TCS\part-065459_055380-025981.parquet,36582,downloaded,36582,
2026-07-17,NSE,TCS,raw_l2/trade_date=2026-07-17/exchange=NSE/symbol=TCS/part-065444_806023-025949.parquet,real_data_sample\l2_unseen_validation\trade_date=2026-07-17\exchange=NSE\symbol=TCS\part-065444_806023-025949.parquet,35896,downloaded,35896,
2026-07-17,NSE,TCS,raw_l2/trade_date=2026-07-17/exchange=NSE/symbol=TCS/part-065555_295403-026109.parquet,real_data_sample\l2_unseen_validation\trade_date=2026-07-17\exchange=NSE\symbol=TCS\part-065555_295403-026109.parquet,36330,downloaded,36330,
2026-07-17,NSE,TCS,raw_l2/trade_date=2026-07-17/exchange=NSE/symbol=TCS/part-062227_210632-021533.parquet,real_data_sample\l2_unseen_validation\trade_date=2026-07-17\exchange=NSE\symbol=TCS\part-062227_210632-021533.parquet,36475,downloaded,36475,
2026-07-17,NSE,TCS,raw_l2/trade_date=2026-07-17/exchange=NSE/symbol=TCS/part-061921_873237-021117.parquet,real_data_sample\l2_unseen_validation\trade_date=2026-07-17\exchange=NSE\symbol=TCS\part-061921_873237-021117.parquet,35771,downloaded,35771,
2026-07-17,NSE,TCS,raw_l2/trade_date=2026-07-17/exchange=NSE/symbol=TCS/part-065541_391168-026077.parquet,real_data_sample\l2_unseen_validation\trade_date=2026-07-17\exchange=NSE\symbol=TCS\part-065541_391168-026077.parquet,36303,downloaded,36303,
2026-07-17,NSE,TCS,raw_l2/trade_date=2026-07-17/exchange=NSE/symbol=TCS/part-061935_867942-021149.parquet,real_data_sample\l2_unseen_validation\trade_date=2026-07-17\exchange=NSE\symbol=TCS\part-061935_867942-021149.parquet,35778,downloaded,35778,
2026-07-17,NSE,TCS,raw_l2/trade_date=2026-07-17/exchange=NSE/symbol=TCS/part-065733_473228-026333.parquet,real_data_sample\l2_unseen_validation\trade_date=2026-07-17\exchange=NSE\symbol=TCS\part-065733_473228-026333.parquet,35935,downloaded,35935,
2026-07-17,NSE,TCS,raw_l2/trade_date=2026-07-17/exchange=NSE/symbol=TCS/part-065609_324764-026141.parquet,real_data_sample\l2_unseen_validation\trade_date=2026-07-17\exchange=NSE\symbol=TCS\part-065609_324764-026141.parquet,36010,downloaded,36010,
2026-07-17,NSE,TCS,raw_l2/trade_date=2026-07-17/exchange=NSE/symbol=TCS/part-065719_421533-026301.parquet,real_data_sample\l2_unseen_validation\trade_date=2026-07-17\exchange=NSE\symbol=TCS\part-065719_421533-026301.parquet,36525,downloaded,36525,
2026-07-17,NSE,TCS,raw_l2/trade_date=2026-07-17/exchange=NSE/symbol=TCS/part-065705_309263-026269.parquet,real_data_sample\l2_unseen_validation\trade_date=2026-07-17\exchange=NSE\symbol=TCS\part-065705_309263-026269.parquet,36596,downloaded,36596,
2026-07-17,NSE,TCS,raw_l2/trade_date=2026-07-17/exchange=NSE/symbol=TCS/part-065651_372369-026237.parquet,real_data_sample\l2_unseen_validation\trade_date=2026-07-17\exchange=NSE\symbol=TCS\part-065651_372369-026237.parquet,35931,downloaded,35931,
2026-07-17,NSE,TCS,raw_l2/trade_date=2026-07-17/exchange=NSE/symbol=TCS/part-065637_340844-026205.parquet,real_data_sample\l2_unseen_validation\trade_date=2026-07-17\exchange=NSE\symbol=TCS\part-065637_340844-026205.parquet,36319,downloaded,36319,
2026-07-17,NSE,TCS,raw_l2/trade_date=2026-07-17/exchange=NSE/symbol=TCS/part-065623_439159-026173.parquet,real_data_sample\l2_unseen_validation\trade_date=2026-07-17\exchange=NSE\symbol=TCS\part-065623_439159-026173.parquet,36326,downloaded,36326,
2026-07-17,NSE,TCS,raw_l2/trade_date=2026-07-17/exchange=NSE/symbol=TCS/part-065747_524277-026365.parquet,real_data_sample\l2_unseen_validation\trade_date=2026-07-17\exchange=NSE\symbol=TCS\part-065747_524277-026365.parquet,35759,downloaded,35759,
2026-07-17,NSE,TCS,raw_l2/trade_date=2026-07-17/exchange=NSE/symbol=TCS/part-065801_714654-026397.parquet,real_data_sample\l2_unseen_validation\trade_date=2026-07-17\exchange=NSE\symbol=TCS\part-065801_714654-026397.parquet,35898,downloaded,35898,
2026-07-17,NSE,TCS,raw_l2/trade_date=2026-07-17/exchange=NSE/symbol=TCS/part-065816_034149-026429.parquet,real_data_sample\l2_unseen_validation\trade_date=2026-07-17\exchange=NSE\symbol=TCS\part-065816_034149-026429.parquet,36615,downloaded,36615,
2026-07-17,NSE,TCS,raw_l2/trade_date=2026-07-17/exchange=NSE/symbol=TCS/part-062850_206475-022397.parquet,real_data_sample\l2_unseen_validation\trade_date=2026-07-17\exchange=NSE\symbol=TCS\part-062850_206475-022397.parquet,36130,downloaded,36130,
2026-07-17,NSE,TCS,raw_l2/trade_date=2026-07-17/exchange=NSE/symbol=TCS/part-065942_594560-026621.parquet,real_data_sample\l2_unseen_validation\trade_date=2026-07-17\exchange=NSE\symbol=TCS\part-065942_594560-026621.parquet,36372,downloaded,36372,
2026-07-17,NSE,TCS,raw_l2/trade_date=2026-07-17/exchange=NSE/symbol=TCS/part-070124_878741-026845.parquet,real_data_sample\l2_unseen_validation\trade_date=2026-07-17\exchange=NSE\symbol=TCS\part-070124_878741-026845.parquet,36248,downloaded,36248,
2026-07-17,NSE,TCS,raw_l2/trade_date=2026-07-17/exchange=NSE/symbol=TCS/part-065913_228266-026557.parquet,real_data_sample\l2_unseen_validation\trade_date=2026-07-17\exchange=NSE\symbol=TCS\part-065913_228266-026557.parquet,36125,downloaded,36125,
2026-07-17,NSE,TCS,raw_l2/trade_date=2026-07-17/exchange=NSE/symbol=TCS/part-065927_904309-026589.parquet,real_data_sample\l2_unseen_validation\trade_date=2026-07-17\exchange=NSE\symbol=TCS\part-065927_904309-026589.parquet,35991,downloaded,35991,
2026-07-17,NSE,TCS,raw_l2/trade_date=2026-07-17/exchange=NSE/symbol=TCS/part-065957_245987-026653.parquet,real_data_sample\l2_unseen_validation\trade_date=2026-07-17\exchange=NSE\symbol=TCS\part-065957_245987-026653.parquet,36147,downloaded,36147,
2026-07-17,NSE,TCS,raw_l2/trade_date=2026-07-17/exchange=NSE/symbol=TCS/part-070110_310512-026813.parquet,real_data_sample\l2_unseen_validation\trade_date=2026-07-17\exchange=NSE\symbol=TCS\part-070110_310512-026813.parquet,36479,downloaded,36479,
2026-07-17,NSE,TCS,raw_l2/trade_date=2026-07-17/exchange=NSE/symbol=TCS/part-070040_769990-026749.parquet,real_data_sample\l2_unseen_validation\trade_date=2026-07-17\exchange=NSE\symbol=TCS\part-070040_769990-026749.parquet,36295,downloaded,36295,
2026-07-17,NSE,TCS,raw_l2/trade_date=2026-07-17/exchange=NSE/symbol=TCS/part-065830_493066-026461.parquet,real_data_sample\l2_unseen_validation\trade_date=2026-07-17\exchange=NSE\symbol=TCS\part-065830_493066-026461.parquet,36415,downloaded,36415,
2026-07-17,NSE,TCS,raw_l2/trade_date=2026-07-17/exchange=NSE/symbol=TCS/part-070026_363367-026717.parquet,real_data_sample\l2_unseen_validation\trade_date=2026-07-17\exchange=NSE\symbol=TCS\part-070026_363367-026717.parquet,36792,downloaded,36792,
2026-07-17,NSE,TCS,raw_l2/trade_date=2026-07-17/exchange=NSE/symbol=TCS/part-065844_762957-026493.parquet,real_data_sample\l2_unseen_validation\trade_date=2026-07-17\exchange=NSE\symbol=TCS\part-065844_762957-026493.parquet,36373,downloaded,36373,
2026-07-17,NSE,TCS,raw_l2/trade_date=2026-07-17/exchange=NSE/symbol=TCS/part-070011_938155-026685.parquet,real_data_sample\l2_unseen_validation\trade_date=2026-07-17\exchange=NSE\symbol=TCS\part-070011_938155-026685.parquet,36428,downloaded,36428,
2026-07-17,NSE,TCS,raw_l2/trade_date=2026-07-17/exchange=NSE/symbol=TCS/part-070055_273316-026781.parquet,real_data_sample\l2_unseen_validation\trade_date=2026-07-17\exchange=NSE\symbol=TCS\part-070055_273316-026781.parquet,36326,downloaded,36326,
2026-07-17,NSE,TCS,raw_l2/trade_date=2026-07-17/exchange=NSE/symbol=TCS/part-065859_022548-026525.parquet,real_data_sample\l2_unseen_validation\trade_date=2026-07-17\exchange=NSE\symbol=TCS\part-065859_022548-026525.parquet,36180,downloaded,36180,
2026-07-17,NSE,TCS,raw_l2/trade_date=2026-07-17/exchange=NSE/symbol=TCS/part-070139_960684-026877.parquet,real_data_sample\l2_unseen_validation\trade_date=2026-07-17\exchange=NSE\symbol=TCS\part-070139_960684-026877.parquet,36439,downloaded,36439,
2026-07-17,NSE,TCS,raw_l2/trade_date=2026-07-17/exchange=NSE/symbol=TCS/part-070208_965874-026941.parquet,real_data_sample\l2_unseen_validation\trade_date=2026-07-17\exchange=NSE\symbol=TCS\part-070208_965874-026941.parquet,36456,downloaded,36456,
2026-07-17,NSE,TCS,raw_l2/trade_date=2026-07-17/exchange=NSE/symbol=TCS/part-070223_822748-026973.parquet,real_data_sample\l2_unseen_validation\trade_date=2026-07-17\exchange=NSE\symbol=TCS\part-070223_822748-026973.parquet,36391,downloaded,36391,
2026-07-17,NSE,TCS,raw_l2/trade_date=2026-07-17/exchange=NSE/symbol=TCS/part-070154_548277-026909.parquet,real_data_sample\l2_unseen_validation\trade_date=2026-07-17\exchange=NSE\symbol=TCS\part-070154_548277-026909.parquet,36679,downloaded,36679,
2026-07-17,NSE,TCS,raw_l2/trade_date=2026-07-17/exchange=NSE/symbol=TCS/part-070337_136536-027133.parquet,real_data_sample\l2_unseen_validation\trade_date=2026-07-17\exchange=NSE\symbol=TCS\part-070337_136536-027133.parquet,36065,downloaded,36065,
2026-07-17,NSE,TCS,raw_l2/trade_date=2026-07-17/exchange=NSE/symbol=TCS/part-070434_244866-027261.parquet,real_data_sample\l2_unseen_validation\trade_date=2026-07-17\exchange=NSE\symbol=TCS\part-070434_244866-027261.parquet,35532,downloaded,35532,
2026-07-17,NSE,TCS,raw_l2/trade_date=2026-07-17/exchange=NSE/symbol=TCS/part-070238_446010-027005.parquet,real_data_sample\l2_unseen_validation\trade_date=2026-07-17\exchange=NSE\symbol=TCS\part-070238_446010-027005.parquet,36723,downloaded,36723,
2026-07-17,NSE,TCS,raw_l2/trade_date=2026-07-17/exchange=NSE/symbol=TCS/part-070253_493742-027037.parquet,real_data_sample\l2_unseen_validation\trade_date=2026-07-17\exchange=NSE\symbol=TCS\part-070253_493742-027037.parquet,36320,downloaded,36320,
2026-07-17,NSE,TCS,raw_l2/trade_date=2026-07-17/exchange=NSE/symbol=TCS/part-070322_908594-027101.parquet,real_data_sample\l2_unseen_validation\trade_date=2026-07-17\exchange=NSE\symbol=TCS\part-070322_908594-027101.parquet,35935,downloaded,35935,
2026-07-17,NSE,TCS,raw_l2/trade_date=2026-07-17/exchange=NSE/symbol=TCS/part-070420_043910-027229.parquet,real_data_sample\l2_unseen_validation\trade_date=2026-07-17\exchange=NSE\symbol=TCS\part-070420_043910-027229.parquet,35756,downloaded,35756,
2026-07-17,NSE,TCS,raw_l2/trade_date=2026-07-17/exchange=NSE/symbol=TCS/part-070308_353565-027069.parquet,real_data_sample\l2_unseen_validation\trade_date=2026-07-17\exchange=NSE\symbol=TCS\part-070308_353565-027069.parquet,36419,downloaded,36419,
2026-07-17,NSE,TCS,raw_l2/trade_date=2026-07-17/exchange=NSE/symbol=TCS/part-070405_870046-027197.parquet,real_data_sample\l2_unseen_validation\trade_date=2026-07-17\exchange=NSE\symbol=TCS\part-070405_870046-027197.parquet,35871,downloaded,35871,
2026-07-17,NSE,TCS,raw_l2/trade_date=2026-07-17/exchange=NSE/symbol=TCS/part-070448_499196-027293.parquet,real_data_sample\l2_unseen_validation\trade_date=2026-07-17\exchange=NSE\symbol=TCS\part-070448_499196-027293.parquet,35705,downloaded,35705,
2026-07-17,NSE,TCS,raw_l2/trade_date=2026-07-17/exchange=NSE/symbol=TCS/part-070351_436444-027165.parquet,real_data_sample\l2_unseen_validation\trade_date=2026-07-17\exchange=NSE\symbol=TCS\part-070351_436444-027165.parquet,35994,downloaded,35994,
2026-07-17,NSE,TCS,raw_l2/trade_date=2026-07-17/exchange=NSE/symbol=TCS/part-070532_345906-027389.parquet,real_data_sample\l2_unseen_validation\trade_date=2026-07-17\exchange=NSE\symbol=TCS\part-070532_345906-027389.parquet,35916,downloaded,35916,
2026-07-17,NSE,TCS,raw_l2/trade_date=2026-07-17/exchange=NSE/symbol=TCS/part-070517_709521-027357.parquet,real_data_sample\l2_unseen_validation\trade_date=2026-07-17\exchange=NSE\symbol=TCS\part-070517_709521-027357.parquet,35929,downloaded,35929,
2026-07-17,NSE,TCS,raw_l2/trade_date=2026-07-17/exchange=NSE/symbol=TCS/part-070503_313381-027325.parquet,real_data_sample\l2_unseen_validation\trade_date=2026-07-17\exchange=NSE\symbol=TCS\part-070503_313381-027325.parquet,35932,downloaded,35932,
2026-07-17,NSE,TCS,raw_l2/trade_date=2026-07-17/exchange=NSE/symbol=TCS/part-070546_638100-027421.parquet,real_data_sample\l2_unseen_validation\trade_date=2026-07-17\exchange=NSE\symbol=TCS\part-070546_638100-027421.parquet,36097,downloaded,36097,
2026-07-17,NSE,TCS,raw_l2/trade_date=2026-07-17/exchange=NSE/symbol=TCS/part-062655_920486-022141.parquet,real_data_sample\l2_unseen_validation\trade_date=2026-07-17\exchange=NSE\symbol=TCS\part-062655_920486-022141.parquet,35931,downloaded,35931,
2026-07-17,NSE,TCS,raw_l2/trade_date=2026-07-17/exchange=NSE/symbol=TCS/part-070601_023244-027453.parquet,real_data_sample\l2_unseen_validation\trade_date=2026-07-17\exchange=NSE\symbol=TCS\part-070601_023244-027453.parquet,35924,downloaded,35924,
2026-07-17,NSE,TCS,raw_l2/trade_date=2026-07-17/exchange=NSE/symbol=TCS/part-070755_092524-027709.parquet,real_data_sample\l2_unseen_validation\trade_date=2026-07-17\exchange=NSE\symbol=TCS\part-070755_092524-027709.parquet,36294,downloaded,36294,
2026-07-17,NSE,TCS,raw_l2/trade_date=2026-07-17/exchange=NSE/symbol=TCS/part-070823_249653-027773.parquet,real_data_sample\l2_unseen_validation\trade_date=2026-07-17\exchange=NSE\symbol=TCS\part-070823_249653-027773.parquet,36045,downloaded,36045,
2026-07-17,NSE,TCS,raw_l2/trade_date=2026-07-17/exchange=NSE/symbol=TCS/part-070726_769047-027645.parquet,real_data_sample\l2_unseen_validation\trade_date=2026-07-17\exchange=NSE\symbol=TCS\part-070726_769047-027645.parquet,35536,downloaded,35536,
2026-07-17,NSE,TCS,raw_l2/trade_date=2026-07-17/exchange=NSE/symbol=TCS/part-070837_783588-027805.parquet,real_data_sample\l2_unseen_validation\trade_date=2026-07-17\exchange=NSE\symbol=TCS\part-070837_783588-027805.parquet,36399,downloaded,36399,
2026-07-17,NSE,TCS,raw_l2/trade_date=2026-07-17/exchange=NSE/symbol=TCS/part-070852_028683-027837.parquet,real_data_sample\l2_unseen_validation\trade_date=2026-07-17\exchange=NSE\symbol=TCS\part-070852_028683-027837.parquet,35853,downloaded,35853,
2026-07-17,NSE,TCS,raw_l2/trade_date=2026-07-17/exchange=NSE/symbol=TCS/part-070809_140054-027741.parquet,real_data_sample\l2_unseen_validation\trade_date=2026-07-17\exchange=NSE\symbol=TCS\part-070809_140054-027741.parquet,35803,downloaded,35803,
2026-07-17,NSE,TCS,raw_l2/trade_date=2026-07-17/exchange=NSE/symbol=TCS/part-070740_960765-027677.parquet,real_data_sample\l2_unseen_validation\trade_date=2026-07-17\exchange=NSE\symbol=TCS\part-070740_960765-027677.parquet,35863,downloaded,35863,
2026-07-17,NSE,TCS,raw_l2/trade_date=2026-07-17/exchange=NSE/symbol=TCS/part-070658_289186-027581.parquet,real_data_sample\l2_unseen_validation\trade_date=2026-07-17\exchange=NSE\symbol=TCS\part-070658_289186-027581.parquet,36112,downloaded,36112,
2026-07-17,NSE,TCS,raw_l2/trade_date=2026-07-17/exchange=NSE/symbol=TCS/part-070644_052800-027549.parquet,real_data_sample\l2_unseen_validation\trade_date=2026-07-17\exchange=NSE\symbol=TCS\part-070644_052800-027549.parquet,36477,downloaded,36477,
2026-07-17,NSE,TCS,raw_l2/trade_date=2026-07-17/exchange=NSE/symbol=TCS/part-070615_238866-027485.parquet,real_data_sample\l2_unseen_validation\trade_date=2026-07-17\exchange=NSE\symbol=TCS\part-070615_238866-027485.parquet,35946,downloaded,35946,
2026-07-17,NSE,TCS,raw_l2/trade_date=2026-07-17/exchange=NSE/symbol=TCS/part-070906_517149-027869.parquet,real_data_sample\l2_unseen_validation\trade_date=2026-07-17\exchange=NSE\symbol=TCS\part-070906_517149-027869.parquet,35828,downloaded,35828,
2026-07-17,NSE,TCS,raw_l2/trade_date=2026-07-17/exchange=NSE/symbol=TCS/part-070712_559618-027613.parquet,real_data_sample\l2_unseen_validation\trade_date=2026-07-17\exchange=NSE\symbol=TCS\part-070712_559618-027613.parquet,36433,downloaded,36433,
2026-07-17,NSE,TCS,raw_l2/trade_date=2026-07-17/exchange=NSE/symbol=TCS/part-070629_677248-027517.parquet,real_data_sample\l2_unseen_validation\trade_date=2026-07-17\exchange=NSE\symbol=TCS\part-070629_677248-027517.parquet,36292,downloaded,36292,
2026-07-17,NSE,TCS,raw_l2/trade_date=2026-07-17/exchange=NSE/symbol=TCS/part-070920_767629-027901.parquet,real_data_sample\l2_unseen_validation\trade_date=2026-07-17\exchange=NSE\symbol=TCS\part-070920_767629-027901.parquet,36126,downloaded,36126,
2026-07-17,NSE,TCS,raw_l2/trade_date=2026-07-17/exchange=NSE/symbol=TCS/part-070935_501729-027933.parquet,real_data_sample\l2_unseen_validation\trade_date=2026-07-17\exchange=NSE\symbol=TCS\part-070935_501729-027933.parquet,36012,downloaded,36012,
2026-07-17,NSE,TCS,raw_l2/trade_date=2026-07-17/exchange=NSE/symbol=TCS/part-071047_022146-028093.parquet,real_data_sample\l2_unseen_validation\trade_date=2026-07-17\exchange=NSE\symbol=TCS\part-071047_022146-028093.parquet,36196,downloaded,36196,
2026-07-17,NSE,TCS,raw_l2/trade_date=2026-07-17/exchange=NSE/symbol=TCS/part-071032_472673-028061.parquet,real_data_sample\l2_unseen_validation\trade_date=2026-07-17\exchange=NSE\symbol=TCS\part-071032_472673-028061.parquet,35883,downloaded,35883,
2026-07-17,NSE,TCS,raw_l2/trade_date=2026-07-17/exchange=NSE/symbol=TCS/part-071018_490011-028029.parquet,real_data_sample\l2_unseen_validation\trade_date=2026-07-17\exchange=NSE\symbol=TCS\part-071018_490011-028029.parquet,36160,downloaded,36160,
2026-07-17,NSE,TCS,raw_l2/trade_date=2026-07-17/exchange=NSE/symbol=TCS/part-071116_048569-028157.parquet,real_data_sample\l2_unseen_validation\trade_date=2026-07-17\exchange=NSE\symbol=TCS\part-071116_048569-028157.parquet,36022,downloaded,36022,
2026-07-17,NSE,TCS,raw_l2/trade_date=2026-07-17/exchange=NSE/symbol=TCS/part-071004_230212-027997.parquet,real_data_sample\l2_unseen_validation\trade_date=2026-07-17\exchange=NSE\symbol=TCS\part-071004_230212-027997.parquet,35832,downloaded,35832,
2026-07-17,NSE,TCS,raw_l2/trade_date=2026-07-17/exchange=NSE/symbol=TCS/part-070950_107716-027965.parquet,real_data_sample\l2_unseen_validation\trade_date=2026-07-17\exchange=NSE\symbol=TCS\part-070950_107716-027965.parquet,36009,downloaded,36009,
2026-07-17,NSE,TCS,raw_l2/trade_date=2026-07-17/exchange=NSE/symbol=TCS/part-071101_551539-028125.parquet,real_data_sample\l2_unseen_validation\trade_date=2026-07-17\exchange=NSE\symbol=TCS\part-071101_551539-028125.parquet,36189,downloaded,36189,
2026-07-17,NSE,TCS,raw_l2/trade_date=2026-07-17/exchange=NSE/symbol=TCS/part-071130_707572-028189.parquet,real_data_sample\l2_unseen_validation\trade_date=2026-07-17\exchange=NSE\symbol=TCS\part-071130_707572-028189.parquet,36263,downloaded,36263,
2026-07-17,NSE,TCS,raw_l2/trade_date=2026-07-17/exchange=NSE/symbol=TCS/part-071145_386532-028221.parquet,real_data_sample\l2_unseen_validation\trade_date=2026-07-17\exchange=NSE\symbol=TCS\part-071145_386532-028221.parquet,36067,downloaded,36067,
2026-07-17,NSE,TCS,raw_l2/trade_date=2026-07-17/exchange=NSE/symbol=TCS/part-071228_657995-028317.parquet,real_data_sample\l2_unseen_validation\trade_date=2026-07-17\exchange=NSE\symbol=TCS\part-071228_657995-028317.parquet,36245,downloaded,36245,
2026-07-17,NSE,TCS,raw_l2/trade_date=2026-07-17/exchange=NSE/symbol=TCS/part-071214_306591-028285.parquet,real_data_sample\l2_unseen_validation\trade_date=2026-07-17\exchange=NSE\symbol=TCS\part-071214_306591-028285.parquet,36091,downloaded,36091,
2026-07-17,NSE,TCS,raw_l2/trade_date=2026-07-17/exchange=NSE/symbol=TCS/part-071243_084378-028349.parquet,real_data_sample\l2_unseen_validation\trade_date=2026-07-17\exchange=NSE\symbol=TCS\part-071243_084378-028349.parquet,36891,downloaded,36891,
2026-07-17,NSE,TCS,raw_l2/trade_date=2026-07-17/exchange=NSE/symbol=TCS/part-071311_602842-028413.parquet,real_data_sample\l2_unseen_validation\trade_date=2026-07-17\exchange=NSE\symbol=TCS\part-071311_602842-028413.parquet,36050,downloaded,36050,
2026-07-17,NSE,TCS,raw_l2/trade_date=2026-07-17/exchange=NSE/symbol=TCS/part-071159_707791-028253.parquet,real_data_sample\l2_unseen_validation\trade_date=2026-07-17\exchange=NSE\symbol=TCS\part-071159_707791-028253.parquet,35514,downloaded,35514,
2026-07-17,NSE,TCS,raw_l2/trade_date=2026-07-17/exchange=NSE/symbol=TCS/part-071325_807080-028445.parquet,real_data_sample\l2_unseen_validation\trade_date=2026-07-17\exchange=NSE\symbol=TCS\part-071325_807080-028445.parquet,36050,downloaded,36050,
2026-07-17,NSE,TCS,raw_l2/trade_date=2026-07-17/exchange=NSE/symbol=TCS/part-071257_320443-028381.parquet,real_data_sample\l2_unseen_validation\trade_date=2026-07-17\exchange=NSE\symbol=TCS\part-071257_320443-028381.parquet,36086,downloaded,36086,
2026-07-17,NSE,TCS,raw_l2/trade_date=2026-07-17/exchange=NSE/symbol=TCS/part-071728_954488-028989.parquet,real_data_sample\l2_unseen_validation\trade_date=2026-07-17\exchange=NSE\symbol=TCS\part-071728_954488-028989.parquet,35917,downloaded,35917,
2026-07-17,NSE,TCS,raw_l2/trade_date=2026-07-17/exchange=NSE/symbol=TCS/part-071340_172380-028477.parquet,real_data_sample\l2_unseen_validation\trade_date=2026-07-17\exchange=NSE\symbol=TCS\part-071340_172380-028477.parquet,36340,downloaded,36340,
2026-07-17,NSE,TCS,raw_l2/trade_date=2026-07-17/exchange=NSE/symbol=TCS/part-071910_426264-029213.parquet,real_data_sample\l2_unseen_validation\trade_date=2026-07-17\exchange=NSE\symbol=TCS\part-071910_426264-029213.parquet,35780,downloaded,35780,
2026-07-17,NSE,TCS,raw_l2/trade_date=2026-07-17/exchange=NSE/symbol=TCS/part-071924_768955-029245.parquet,real_data_sample\l2_unseen_validation\trade_date=2026-07-17\exchange=NSE\symbol=TCS\part-071924_768955-029245.parquet,36081,downloaded,36081,
2026-07-17,NSE,TCS,raw_l2/trade_date=2026-07-17/exchange=NSE/symbol=TCS/part-071856_129098-029181.parquet,real_data_sample\l2_unseen_validation\trade_date=2026-07-17\exchange=NSE\symbol=TCS\part-071856_129098-029181.parquet,35894,downloaded,35894,
2026-07-17,NSE,TCS,raw_l2/trade_date=2026-07-17/exchange=NSE/symbol=TCS/part-071757_496093-029053.parquet,real_data_sample\l2_unseen_validation\trade_date=2026-07-17\exchange=NSE\symbol=TCS\part-071757_496093-029053.parquet,36667,downloaded,36667,
2026-07-17,NSE,TCS,raw_l2/trade_date=2026-07-17/exchange=NSE/symbol=TCS/part-071939_071924-029277.parquet,real_data_sample\l2_unseen_validation\trade_date=2026-07-17\exchange=NSE\symbol=TCS\part-071939_071924-029277.parquet,36020,downloaded,36020,
2026-07-17,NSE,TCS,raw_l2/trade_date=2026-07-17/exchange=NSE/symbol=TCS/part-071743_249058-029021.parquet,real_data_sample\l2_unseen_validation\trade_date=2026-07-17\exchange=NSE\symbol=TCS\part-071743_249058-029021.parquet,35821,downloaded,35821,
2026-07-17,NSE,TCS,raw_l2/trade_date=2026-07-17/exchange=NSE/symbol=TCS/part-071841_115926-029149.parquet,real_data_sample\l2_unseen_validation\trade_date=2026-07-17\exchange=NSE\symbol=TCS\part-071841_115926-029149.parquet,36035,downloaded,36035,
2026-07-17,NSE,TCS,raw_l2/trade_date=2026-07-17/exchange=NSE/symbol=TCS/part-071826_276529-029117.parquet,real_data_sample\l2_unseen_validation\trade_date=2026-07-17\exchange=NSE\symbol=TCS\part-071826_276529-029117.parquet,36577,downloaded,36577,
2026-07-17,NSE,TCS,raw_l2/trade_date=2026-07-17/exchange=NSE/symbol=TCS/part-072050_310177-029437.parquet,real_data_sample\l2_unseen_validation\trade_date=2026-07-17\exchange=NSE\symbol=TCS\part-072050_310177-029437.parquet,35882,downloaded,35882,
2026-07-17,NSE,TCS,raw_l2/trade_date=2026-07-17/exchange=NSE/symbol=TCS/part-071812_021305-029085.parquet,real_data_sample\l2_unseen_validation\trade_date=2026-07-17\exchange=NSE\symbol=TCS\part-071812_021305-029085.parquet,36097,downloaded,36097,
2026-07-17,NSE,TCS,raw_l2/trade_date=2026-07-17/exchange=NSE/symbol=TCS/part-072007_555901-029341.parquet,real_data_sample\l2_unseen_validation\trade_date=2026-07-17\exchange=NSE\symbol=TCS\part-072007_555901-029341.parquet,36390,downloaded,36390,
2026-07-17,NSE,TCS,raw_l2/trade_date=2026-07-17/exchange=NSE/symbol=TCS/part-072036_002352-029405.parquet,real_data_sample\l2_unseen_validation\trade_date=2026-07-17\exchange=NSE\symbol=TCS\part-072036_002352-029405.parquet,36250,downloaded,36250,
2026-07-17,NSE,TCS,raw_l2/trade_date=2026-07-17/exchange=NSE/symbol=TCS/part-072104_593201-029469.parquet,real_data_sample\l2_unseen_validation\trade_date=2026-07-17\exchange=NSE\symbol=TCS\part-072104_593201-029469.parquet,35609,downloaded,35609,
2026-07-17,NSE,TCS,raw_l2/trade_date=2026-07-17/exchange=NSE/symbol=TCS/part-072021_840030-029373.parquet,real_data_sample\l2_unseen_validation\trade_date=2026-07-17\exchange=NSE\symbol=TCS\part-072021_840030-029373.parquet,36475,downloaded,36475,
2026-07-17,NSE,TCS,raw_l2/trade_date=2026-07-17/exchange=NSE/symbol=TCS/part-071953_188884-029309.parquet,real_data_sample\l2_unseen_validation\trade_date=2026-07-17\exchange=NSE\symbol=TCS\part-071953_188884-029309.parquet,36213,downloaded,36213,
2026-07-17,NSE,TCS,raw_l2/trade_date=2026-07-17/exchange=NSE/symbol=TCS/part-072118_697236-029501.parquet,real_data_sample\l2_unseen_validation\trade_date=2026-07-17\exchange=NSE\symbol=TCS\part-072118_697236-029501.parquet,36005,downloaded,36005,
2026-07-17,NSE,TCS,raw_l2/trade_date=2026-07-17/exchange=NSE/symbol=TCS/part-072132_861420-029533.parquet,real_data_sample\l2_unseen_validation\trade_date=2026-07-17\exchange=NSE\symbol=TCS\part-072132_861420-029533.parquet,36369,downloaded,36369,
2026-07-17,NSE,TCS,raw_l2/trade_date=2026-07-17/exchange=NSE/symbol=TCS/part-072230_024449-029661.parquet,real_data_sample\l2_unseen_validation\trade_date=2026-07-17\exchange=NSE\symbol=TCS\part-072230_024449-029661.parquet,35163,downloaded,35163,
2026-07-17,NSE,TCS,raw_l2/trade_date=2026-07-17/exchange=NSE/symbol=TCS/part-072146_812121-029565.parquet,real_data_sample\l2_unseen_validation\trade_date=2026-07-17\exchange=NSE\symbol=TCS\part-072146_812121-029565.parquet,36104,downloaded,36104,
2026-07-17,NSE,TCS,raw_l2/trade_date=2026-07-17/exchange=NSE/symbol=TCS/part-072201_832432-029597.parquet,real_data_sample\l2_unseen_validation\trade_date=2026-07-17\exchange=NSE\symbol=TCS\part-072201_832432-029597.parquet,35446,downloaded,35446,
2026-07-17,NSE,TCS,raw_l2/trade_date=2026-07-17/exchange=NSE/symbol=TCS/part-072453_206607-029981.parquet,real_data_sample\l2_unseen_validation\trade_date=2026-07-17\exchange=NSE\symbol=TCS\part-072453_206607-029981.parquet,36031,downloaded,36031,
2026-07-17,NSE,TCS,raw_l2/trade_date=2026-07-17/exchange=NSE/symbol=TCS/part-072341_579662-029821.parquet,real_data_sample\l2_unseen_validation\trade_date=2026-07-17\exchange=NSE\symbol=TCS\part-072341_579662-029821.parquet,35291,downloaded,35291,
2026-07-17,NSE,TCS,raw_l2/trade_date=2026-07-17/exchange=NSE/symbol=TCS/part-072215_971840-029629.parquet,real_data_sample\l2_unseen_validation\trade_date=2026-07-17\exchange=NSE\symbol=TCS\part-072215_971840-029629.parquet,35598,downloaded,35598,
2026-07-17,NSE,TCS,raw_l2/trade_date=2026-07-17/exchange=NSE/symbol=TCS/part-072258_563141-029725.parquet,real_data_sample\l2_unseen_validation\trade_date=2026-07-17\exchange=NSE\symbol=TCS\part-072258_563141-029725.parquet,35656,downloaded,35656,
2026-07-17,NSE,TCS,raw_l2/trade_date=2026-07-17/exchange=NSE/symbol=TCS/part-072327_317178-029789.parquet,real_data_sample\l2_unseen_validation\trade_date=2026-07-17\exchange=NSE\symbol=TCS\part-072327_317178-029789.parquet,34724,downloaded,34724,
2026-07-17,NSE,TCS,raw_l2/trade_date=2026-07-17/exchange=NSE/symbol=TCS/part-072410_011942-029885.parquet,real_data_sample\l2_unseen_validation\trade_date=2026-07-17\exchange=NSE\symbol=TCS\part-072410_011942-029885.parquet,34810,downloaded,34810,
2026-07-17,NSE,TCS,raw_l2/trade_date=2026-07-17/exchange=NSE/symbol=TCS/part-072312_893085-029757.parquet,real_data_sample\l2_unseen_validation\trade_date=2026-07-17\exchange=NSE\symbol=TCS\part-072312_893085-029757.parquet,35619,downloaded,35619,
2026-07-17,NSE,TCS,raw_l2/trade_date=2026-07-17/exchange=NSE/symbol=TCS/part-072355_845288-029853.parquet,real_data_sample\l2_unseen_validation\trade_date=2026-07-17\exchange=NSE\symbol=TCS\part-072355_845288-029853.parquet,34927,downloaded,34927,
2026-07-17,NSE,TCS,raw_l2/trade_date=2026-07-17/exchange=NSE/symbol=TCS/part-072244_346365-029693.parquet,real_data_sample\l2_unseen_validation\trade_date=2026-07-17\exchange=NSE\symbol=TCS\part-072244_346365-029693.parquet,35671,downloaded,35671,
2026-07-17,NSE,TCS,raw_l2/trade_date=2026-07-17/exchange=NSE/symbol=TCS/part-072438_633460-029949.parquet,real_data_sample\l2_unseen_validation\trade_date=2026-07-17\exchange=NSE\symbol=TCS\part-072438_633460-029949.parquet,35312,downloaded,35312,
2026-07-17,NSE,TCS,raw_l2/trade_date=2026-07-17/exchange=NSE/symbol=TCS/part-072507_300656-030013.parquet,real_data_sample\l2_unseen_validation\trade_date=2026-07-17\exchange=NSE\symbol=TCS\part-072507_300656-030013.parquet,36054,downloaded,36054,
2026-07-17,NSE,TCS,raw_l2/trade_date=2026-07-17/exchange=NSE/symbol=TCS/part-072424_223638-029917.parquet,real_data_sample\l2_unseen_validation\trade_date=2026-07-17\exchange=NSE\symbol=TCS\part-072424_223638-029917.parquet,35317,downloaded,35317,
2026-07-17,NSE,TCS,raw_l2/trade_date=2026-07-17/exchange=NSE/symbol=TCS/part-072521_523033-030045.parquet,real_data_sample\l2_unseen_validation\trade_date=2026-07-17\exchange=NSE\symbol=TCS\part-072521_523033-030045.parquet,36400,downloaded,36400,
2026-07-17,NSE,TCS,raw_l2/trade_date=2026-07-17/exchange=NSE/symbol=TCS/part-072535_771232-030077.parquet,real_data_sample\l2_unseen_validation\trade_date=2026-07-17\exchange=NSE\symbol=TCS\part-072535_771232-030077.parquet,36520,downloaded,36520,
2026-07-17,NSE,TCS,raw_l2/trade_date=2026-07-17/exchange=NSE/symbol=TCS/part-072549_946676-030109.parquet,real_data_sample\l2_unseen_validation\trade_date=2026-07-17\exchange=NSE\symbol=TCS\part-072549_946676-030109.parquet,35910,downloaded,35910,
2026-07-17,NSE,TCS,raw_l2/trade_date=2026-07-17/exchange=NSE/symbol=TCS/part-072603_999905-030141.parquet,real_data_sample\l2_unseen_validation\trade_date=2026-07-17\exchange=NSE\symbol=TCS\part-072603_999905-030141.parquet,36052,downloaded,36052,
2026-07-17,NSE,TCS,raw_l2/trade_date=2026-07-17/exchange=NSE/symbol=TCS/part-072646_941901-030237.parquet,real_data_sample\l2_unseen_validation\trade_date=2026-07-17\exchange=NSE\symbol=TCS\part-072646_941901-030237.parquet,35955,downloaded,35955,
2026-07-17,NSE,TCS,raw_l2/trade_date=2026-07-17/exchange=NSE/symbol=TCS/part-072618_131394-030173.parquet,real_data_sample\l2_unseen_validation\trade_date=2026-07-17\exchange=NSE\symbol=TCS\part-072618_131394-030173.parquet,35972,downloaded,35972,
2026-07-17,NSE,TCS,raw_l2/trade_date=2026-07-17/exchange=NSE/symbol=TCS/part-072701_372893-030269.parquet,real_data_sample\l2_unseen_validation\trade_date=2026-07-17\exchange=NSE\symbol=TCS\part-072701_372893-030269.parquet,35308,downloaded,35308,
2026-07-17,NSE,TCS,raw_l2/trade_date=2026-07-17/exchange=NSE/symbol=TCS/part-072632_786226-030205.parquet,real_data_sample\l2_unseen_validation\trade_date=2026-07-17\exchange=NSE\symbol=TCS\part-072632_786226-030205.parquet,36007,downloaded,36007,
2026-07-17,NSE,TCS,raw_l2/trade_date=2026-07-17/exchange=NSE/symbol=TCS/part-072715_746359-030301.parquet,real_data_sample\l2_unseen_validation\trade_date=2026-07-17\exchange=NSE\symbol=TCS\part-072715_746359-030301.parquet,35728,downloaded,35728,
2026-07-17,NSE,TCS,raw_l2/trade_date=2026-07-17/exchange=NSE/symbol=TCS/part-072730_113791-030333.parquet,real_data_sample\l2_unseen_validation\trade_date=2026-07-17\exchange=NSE\symbol=TCS\part-072730_113791-030333.parquet,35910,downloaded,35910,
2026-07-17,NSE,TCS,raw_l2/trade_date=2026-07-17/exchange=NSE/symbol=TCS/part-072813_593869-030429.parquet,real_data_sample\l2_unseen_validation\trade_date=2026-07-17\exchange=NSE\symbol=TCS\part-072813_593869-030429.parquet,35833,downloaded,35833,
2026-07-17,NSE,TCS,raw_l2/trade_date=2026-07-17/exchange=NSE/symbol=TCS/part-072827_809055-030461.parquet,real_data_sample\l2_unseen_validation\trade_date=2026-07-17\exchange=NSE\symbol=TCS\part-072827_809055-030461.parquet,35964,downloaded,35964,
2026-07-17,NSE,TCS,raw_l2/trade_date=2026-07-17/exchange=NSE/symbol=TCS/part-072759_110491-030397.parquet,real_data_sample\l2_unseen_validation\trade_date=2026-07-17\exchange=NSE\symbol=TCS\part-072759_110491-030397.parquet,35650,downloaded,35650,
2026-07-17,NSE,TCS,raw_l2/trade_date=2026-07-17/exchange=NSE/symbol=TCS/part-072744_470317-030365.parquet,real_data_sample\l2_unseen_validation\trade_date=2026-07-17\exchange=NSE\symbol=TCS\part-072744_470317-030365.parquet,35887,downloaded,35887,
2026-07-17,NSE,TCS,raw_l2/trade_date=2026-07-17/exchange=NSE/symbol=TCS/part-072927_726385-030589.parquet,real_data_sample\l2_unseen_validation\trade_date=2026-07-17\exchange=NSE\symbol=TCS\part-072927_726385-030589.parquet,35670,downloaded,35670,
2026-07-17,NSE,TCS,raw_l2/trade_date=2026-07-17/exchange=NSE/symbol=TCS/part-072858_321763-030525.parquet,real_data_sample\l2_unseen_validation\trade_date=2026-07-17\exchange=NSE\symbol=TCS\part-072858_321763-030525.parquet,36385,downloaded,36385,
2026-07-17,NSE,TCS,raw_l2/trade_date=2026-07-17/exchange=NSE/symbol=TCS/part-072912_926084-030557.parquet,real_data_sample\l2_unseen_validation\trade_date=2026-07-17\exchange=NSE\symbol=TCS\part-072912_926084-030557.parquet,35920,downloaded,35920,
2026-07-17,NSE,TCS,raw_l2/trade_date=2026-07-17/exchange=NSE/symbol=TCS/part-072843_879449-030493.parquet,real_data_sample\l2_unseen_validation\trade_date=2026-07-17\exchange=NSE\symbol=TCS\part-072843_879449-030493.parquet,36361,downloaded,36361,
2026-07-17,NSE,TCS,raw_l2/trade_date=2026-07-17/exchange=NSE/symbol=TCS/part-072942_236381-030621.parquet,real_data_sample\l2_unseen_validation\trade_date=2026-07-17\exchange=NSE\symbol=TCS\part-072942_236381-030621.parquet,35461,downloaded,35461,
2026-07-17,NSE,TCS,raw_l2/trade_date=2026-07-17/exchange=NSE/symbol=TCS/part-072956_725181-030653.parquet,real_data_sample\l2_unseen_validation\trade_date=2026-07-17\exchange=NSE\symbol=TCS\part-072956_725181-030653.parquet,35727,downloaded,35727,
2026-07-17,NSE,TCS,raw_l2/trade_date=2026-07-17/exchange=NSE/symbol=TCS/part-073010_953833-030685.parquet,real_data_sample\l2_unseen_validation\trade_date=2026-07-17\exchange=NSE\symbol=TCS\part-073010_953833-030685.parquet,35996,downloaded,35996,
2026-07-17,NSE,TCS,raw_l2/trade_date=2026-07-17/exchange=NSE/symbol=TCS/part-073025_168485-030717.parquet,real_data_sample\l2_unseen_validation\trade_date=2026-07-17\exchange=NSE\symbol=TCS\part-073025_168485-030717.parquet,35776,downloaded,35776,
2026-07-17,NSE,TCS,raw_l2/trade_date=2026-07-17/exchange=NSE/symbol=TCS/part-073108_440407-030813.parquet,real_data_sample\l2_unseen_validation\trade_date=2026-07-17\exchange=NSE\symbol=TCS\part-073108_440407-030813.parquet,35656,downloaded,35656,
2026-07-17,NSE,TCS,raw_l2/trade_date=2026-07-17/exchange=NSE/symbol=TCS/part-073122_717734-030845.parquet,real_data_sample\l2_unseen_validation\trade_date=2026-07-17\exchange=NSE\symbol=TCS\part-073122_717734-030845.parquet,34925,downloaded,34925,
2026-07-17,NSE,TCS,raw_l2/trade_date=2026-07-17/exchange=NSE/symbol=TCS/part-073053_939330-030781.parquet,real_data_sample\l2_unseen_validation\trade_date=2026-07-17\exchange=NSE\symbol=TCS\part-073053_939330-030781.parquet,35953,downloaded,35953,
2026-07-17,NSE,TCS,raw_l2/trade_date=2026-07-17/exchange=NSE/symbol=TCS/part-073039_486097-030749.parquet,real_data_sample\l2_unseen_validation\trade_date=2026-07-17\exchange=NSE\symbol=TCS\part-073039_486097-030749.parquet,36012,downloaded,36012,
2026-07-17,NSE,TCS,raw_l2/trade_date=2026-07-17/exchange=NSE/symbol=TCS/part-073151_270505-030909.parquet,real_data_sample\l2_unseen_validation\trade_date=2026-07-17\exchange=NSE\symbol=TCS\part-073151_270505-030909.parquet,34886,downloaded,34886,
2026-07-17,NSE,TCS,raw_l2/trade_date=2026-07-17/exchange=NSE/symbol=TCS/part-073248_135748-031037.parquet,real_data_sample\l2_unseen_validation\trade_date=2026-07-17\exchange=NSE\symbol=TCS\part-073248_135748-031037.parquet,35998,downloaded,35998,
2026-07-17,NSE,TCS,raw_l2/trade_date=2026-07-17/exchange=NSE/symbol=TCS/part-073233_858217-031005.parquet,real_data_sample\l2_unseen_validation\trade_date=2026-07-17\exchange=NSE\symbol=TCS\part-073233_858217-031005.parquet,35600,downloaded,35600,
2026-07-17,NSE,TCS,raw_l2/trade_date=2026-07-17/exchange=NSE/symbol=TCS/part-073205_515395-030941.parquet,real_data_sample\l2_unseen_validation\trade_date=2026-07-17\exchange=NSE\symbol=TCS\part-073205_515395-030941.parquet,34690,downloaded,34690,
2026-07-17,NSE,TCS,raw_l2/trade_date=2026-07-17/exchange=NSE/symbol=TCS/part-073136_971409-030877.parquet,real_data_sample\l2_unseen_validation\trade_date=2026-07-17\exchange=NSE\symbol=TCS\part-073136_971409-030877.parquet,34809,downloaded,34809,
2026-07-17,NSE,TCS,raw_l2/trade_date=2026-07-17/exchange=NSE/symbol=TCS/part-073316_501447-031101.parquet,real_data_sample\l2_unseen_validation\trade_date=2026-07-17\exchange=NSE\symbol=TCS\part-073316_501447-031101.parquet,36163,downloaded,36163,
2026-07-17,NSE,TCS,raw_l2/trade_date=2026-07-17/exchange=NSE/symbol=TCS/part-073302_365793-031069.parquet,real_data_sample\l2_unseen_validation\trade_date=2026-07-17\exchange=NSE\symbol=TCS\part-073302_365793-031069.parquet,36157,downloaded,36157,
2026-07-17,NSE,TCS,raw_l2/trade_date=2026-07-17/exchange=NSE/symbol=TCS/part-073219_665170-030973.parquet,real_data_sample\l2_unseen_validation\trade_date=2026-07-17\exchange=NSE\symbol=TCS\part-073219_665170-030973.parquet,35324,downloaded,35324,
2026-07-17,NSE,TCS,raw_l2/trade_date=2026-07-17/exchange=NSE/symbol=TCS/part-073345_158362-031165.parquet,real_data_sample\l2_unseen_validation\trade_date=2026-07-17\exchange=NSE\symbol=TCS\part-073345_158362-031165.parquet,36068,downloaded,36068,
2026-07-17,NSE,TCS,raw_l2/trade_date=2026-07-17/exchange=NSE/symbol=TCS/part-073359_347904-031197.parquet,real_data_sample\l2_unseen_validation\trade_date=2026-07-17\exchange=NSE\symbol=TCS\part-073359_347904-031197.parquet,35948,downloaded,35948,
2026-07-17,NSE,TCS,raw_l2/trade_date=2026-07-17/exchange=NSE/symbol=TCS/part-073330_929970-031133.parquet,real_data_sample\l2_unseen_validation\trade_date=2026-07-17\exchange=NSE\symbol=TCS\part-073330_929970-031133.parquet,35471,downloaded,35471,
2026-07-17,NSE,TCS,raw_l2/trade_date=2026-07-17/exchange=NSE/symbol=TCS/part-073413_563748-031229.parquet,real_data_sample\l2_unseen_validation\trade_date=2026-07-17\exchange=NSE\symbol=TCS\part-073413_563748-031229.parquet,35315,downloaded,35315,
2026-07-17,NSE,TCS,raw_l2/trade_date=2026-07-17/exchange=NSE/symbol=TCS/part-073427_769138-031261.parquet,real_data_sample\l2_unseen_validation\trade_date=2026-07-17\exchange=NSE\symbol=TCS\part-073427_769138-031261.parquet,35547,downloaded,35547,
2026-07-17,NSE,TCS,raw_l2/trade_date=2026-07-17/exchange=NSE/symbol=TCS/part-073442_288711-031293.parquet,real_data_sample\l2_unseen_validation\trade_date=2026-07-17\exchange=NSE\symbol=TCS\part-073442_288711-031293.parquet,35468,downloaded,35468,
2026-07-17,NSE,TCS,raw_l2/trade_date=2026-07-17/exchange=NSE/symbol=TCS/part-073456_387438-031325.parquet,real_data_sample\l2_unseen_validation\trade_date=2026-07-17\exchange=NSE\symbol=TCS\part-073456_387438-031325.parquet,35603,downloaded,35603,
2026-07-17,NSE,TCS,raw_l2/trade_date=2026-07-17/exchange=NSE/symbol=TCS/part-073510_641893-031357.parquet,real_data_sample\l2_unseen_validation\trade_date=2026-07-17\exchange=NSE\symbol=TCS\part-073510_641893-031357.parquet,35553,downloaded,35553,
2026-07-17,NSE,TCS,raw_l2/trade_date=2026-07-17/exchange=NSE/symbol=TCS/part-073524_758089-031389.parquet,real_data_sample\l2_unseen_validation\trade_date=2026-07-17\exchange=NSE\symbol=TCS\part-073524_758089-031389.parquet,35365,downloaded,35365,
2026-07-17,NSE,TCS,raw_l2/trade_date=2026-07-17/exchange=NSE/symbol=TCS/part-073539_057612-031421.parquet,real_data_sample\l2_unseen_validation\trade_date=2026-07-17\exchange=NSE\symbol=TCS\part-073539_057612-031421.parquet,35304,downloaded,35304,
2026-07-17,NSE,TCS,raw_l2/trade_date=2026-07-17/exchange=NSE/symbol=TCS/part-073553_132416-031453.parquet,real_data_sample\l2_unseen_validation\trade_date=2026-07-17\exchange=NSE\symbol=TCS\part-073553_132416-031453.parquet,35164,downloaded,35164,
2026-07-17,NSE,TCS,raw_l2/trade_date=2026-07-17/exchange=NSE/symbol=TCS/part-073607_410246-031485.parquet,real_data_sample\l2_unseen_validation\trade_date=2026-07-17\exchange=NSE\symbol=TCS\part-073607_410246-031485.parquet,36024,downloaded,36024,
2026-07-17,NSE,TCS,raw_l2/trade_date=2026-07-17/exchange=NSE/symbol=TCS/part-073621_712866-031517.parquet,real_data_sample\l2_unseen_validation\trade_date=2026-07-17\exchange=NSE\symbol=TCS\part-073621_712866-031517.parquet,36255,downloaded,36255,
2026-07-17,NSE,TCS,raw_l2/trade_date=2026-07-17/exchange=NSE/symbol=TCS/part-073650_271974-031581.parquet,real_data_sample\l2_unseen_validation\trade_date=2026-07-17\exchange=NSE\symbol=TCS\part-073650_271974-031581.parquet,36204,downloaded,36204,
2026-07-17,NSE,TCS,raw_l2/trade_date=2026-07-17/exchange=NSE/symbol=TCS/part-073636_010238-031549.parquet,real_data_sample\l2_unseen_validation\trade_date=2026-07-17\exchange=NSE\symbol=TCS\part-073636_010238-031549.parquet,36265,downloaded,36265,
2026-07-17,NSE,TCS,raw_l2/trade_date=2026-07-17/exchange=NSE/symbol=TCS/part-073732_455646-031677.parquet,real_data_sample\l2_unseen_validation\trade_date=2026-07-17\exchange=NSE\symbol=TCS\part-073732_455646-031677.parquet,35990,downloaded,35990,
2026-07-17,NSE,TCS,raw_l2/trade_date=2026-07-17/exchange=NSE/symbol=TCS/part-073718_423785-031645.parquet,real_data_sample\l2_unseen_validation\trade_date=2026-07-17\exchange=NSE\symbol=TCS\part-073718_423785-031645.parquet,35800,downloaded,35800,
2026-07-17,NSE,TCS,raw_l2/trade_date=2026-07-17/exchange=NSE/symbol=TCS/part-073704_401840-031613.parquet,real_data_sample\l2_unseen_validation\trade_date=2026-07-17\exchange=NSE\symbol=TCS\part-073704_401840-031613.parquet,36020,downloaded,36020,
2026-07-17,NSE,TCS,raw_l2/trade_date=2026-07-17/exchange=NSE/symbol=TCS/part-073746_331959-031709.parquet,real_data_sample\l2_unseen_validation\trade_date=2026-07-17\exchange=NSE\symbol=TCS\part-073746_331959-031709.parquet,36465,downloaded,36465,
2026-07-17,NSE,TCS,raw_l2/trade_date=2026-07-17/exchange=NSE/symbol=TCS/part-073814_580196-031773.parquet,real_data_sample\l2_unseen_validation\trade_date=2026-07-17\exchange=NSE\symbol=TCS\part-073814_580196-031773.parquet,35999,downloaded,35999,
2026-07-17,NSE,TCS,raw_l2/trade_date=2026-07-17/exchange=NSE/symbol=TCS/part-073828_859750-031805.parquet,real_data_sample\l2_unseen_validation\trade_date=2026-07-17\exchange=NSE\symbol=TCS\part-073828_859750-031805.parquet,36278,downloaded,36278,
2026-07-17,NSE,TCS,raw_l2/trade_date=2026-07-17/exchange=NSE/symbol=TCS/part-073800_433255-031741.parquet,real_data_sample\l2_unseen_validation\trade_date=2026-07-17\exchange=NSE\symbol=TCS\part-073800_433255-031741.parquet,35907,downloaded,35907,
2026-07-17,NSE,TCS,raw_l2/trade_date=2026-07-17/exchange=NSE/symbol=TCS/part-071354_545019-028509.parquet,real_data_sample\l2_unseen_validation\trade_date=2026-07-17\exchange=NSE\symbol=TCS\part-071354_545019-028509.parquet,36165,downloaded,36165,
2026-07-17,NSE,TCS,raw_l2/trade_date=2026-07-17/exchange=NSE/symbol=TCS/part-073857_176606-031869.parquet,real_data_sample\l2_unseen_validation\trade_date=2026-07-17\exchange=NSE\symbol=TCS\part-073857_176606-031869.parquet,36042,downloaded,36042,
2026-07-17,NSE,TCS,raw_l2/trade_date=2026-07-17/exchange=NSE/symbol=TCS/part-073925_379864-031933.parquet,real_data_sample\l2_unseen_validation\trade_date=2026-07-17\exchange=NSE\symbol=TCS\part-073925_379864-031933.parquet,35987,downloaded,35987,
2026-07-17,NSE,TCS,raw_l2/trade_date=2026-07-17/exchange=NSE/symbol=TCS/part-073842_790234-031837.parquet,real_data_sample\l2_unseen_validation\trade_date=2026-07-17\exchange=NSE\symbol=TCS\part-073842_790234-031837.parquet,36295,downloaded,36295,
2026-07-17,NSE,TCS,raw_l2/trade_date=2026-07-17/exchange=NSE/symbol=TCS/part-073911_428688-031901.parquet,real_data_sample\l2_unseen_validation\trade_date=2026-07-17\exchange=NSE\symbol=TCS\part-073911_428688-031901.parquet,36224,downloaded,36224,
2026-07-17,NSE,TCS,raw_l2/trade_date=2026-07-17/exchange=NSE/symbol=TCS/part-073953_492568-031997.parquet,real_data_sample\l2_unseen_validation\trade_date=2026-07-17\exchange=NSE\symbol=TCS\part-073953_492568-031997.parquet,36112,downloaded,36112,
2026-07-17,NSE,TCS,raw_l2/trade_date=2026-07-17/exchange=NSE/symbol=TCS/part-073939_404927-031965.parquet,real_data_sample\l2_unseen_validation\trade_date=2026-07-17\exchange=NSE\symbol=TCS\part-073939_404927-031965.parquet,36002,downloaded,36002,
2026-07-17,NSE,TCS,raw_l2/trade_date=2026-07-17/exchange=NSE/symbol=TCS/part-074007_700897-032029.parquet,real_data_sample\l2_unseen_validation\trade_date=2026-07-17\exchange=NSE\symbol=TCS\part-074007_700897-032029.parquet,35519,downloaded,35519,
2026-07-17,NSE,TCS,raw_l2/trade_date=2026-07-17/exchange=NSE/symbol=TCS/part-074021_900036-032061.parquet,real_data_sample\l2_unseen_validation\trade_date=2026-07-17\exchange=NSE\symbol=TCS\part-074021_900036-032061.parquet,35369,downloaded,35369,
2026-07-17,NSE,TCS,raw_l2/trade_date=2026-07-17/exchange=NSE/symbol=TCS/part-074035_964408-032093.parquet,real_data_sample\l2_unseen_validation\trade_date=2026-07-17\exchange=NSE\symbol=TCS\part-074035_964408-032093.parquet,35793,downloaded,35793,
2026-07-17,NSE,TCS,raw_l2/trade_date=2026-07-17/exchange=NSE/symbol=TCS/part-074050_181304-032125.parquet,real_data_sample\l2_unseen_validation\trade_date=2026-07-17\exchange=NSE\symbol=TCS\part-074050_181304-032125.parquet,36143,downloaded,36143,
2026-07-17,NSE,TCS,raw_l2/trade_date=2026-07-17/exchange=NSE/symbol=TCS/part-074104_271967-032157.parquet,real_data_sample\l2_unseen_validation\trade_date=2026-07-17\exchange=NSE\symbol=TCS\part-074104_271967-032157.parquet,35849,downloaded,35849,
2026-07-17,NSE,TCS,raw_l2/trade_date=2026-07-17/exchange=NSE/symbol=TCS/part-074118_398922-032189.parquet,real_data_sample\l2_unseen_validation\trade_date=2026-07-17\exchange=NSE\symbol=TCS\part-074118_398922-032189.parquet,35966,downloaded,35966,
2026-07-17,NSE,TCS,raw_l2/trade_date=2026-07-17/exchange=NSE/symbol=TCS/part-074146_565089-032253.parquet,real_data_sample\l2_unseen_validation\trade_date=2026-07-17\exchange=NSE\symbol=TCS\part-074146_565089-032253.parquet,36102,downloaded,36102,
2026-07-17,NSE,TCS,raw_l2/trade_date=2026-07-17/exchange=NSE/symbol=TCS/part-074132_510707-032221.parquet,real_data_sample\l2_unseen_validation\trade_date=2026-07-17\exchange=NSE\symbol=TCS\part-074132_510707-032221.parquet,35965,downloaded,35965,
2026-07-17,NSE,TCS,raw_l2/trade_date=2026-07-17/exchange=NSE/symbol=TCS/part-071408_852459-028541.parquet,real_data_sample\l2_unseen_validation\trade_date=2026-07-17\exchange=NSE\symbol=TCS\part-071408_852459-028541.parquet,35779,downloaded,35779,
2026-07-17,NSE,TCS,raw_l2/trade_date=2026-07-17/exchange=NSE/symbol=TCS/part-074200_622241-032285.parquet,real_data_sample\l2_unseen_validation\trade_date=2026-07-17\exchange=NSE\symbol=TCS\part-074200_622241-032285.parquet,35815,downloaded,35815,
2026-07-17,NSE,TCS,raw_l2/trade_date=2026-07-17/exchange=NSE/symbol=TCS/part-074214_639849-032317.parquet,real_data_sample\l2_unseen_validation\trade_date=2026-07-17\exchange=NSE\symbol=TCS\part-074214_639849-032317.parquet,35986,downloaded,35986,
2026-07-17,NSE,TCS,raw_l2/trade_date=2026-07-17/exchange=NSE/symbol=TCS/part-071437_350368-028605.parquet,real_data_sample\l2_unseen_validation\trade_date=2026-07-17\exchange=NSE\symbol=TCS\part-071437_350368-028605.parquet,36007,downloaded,36007,
2026-07-17,NSE,TCS,raw_l2/trade_date=2026-07-17/exchange=NSE/symbol=TCS/part-074242_592140-032381.parquet,real_data_sample\l2_unseen_validation\trade_date=2026-07-17\exchange=NSE\symbol=TCS\part-074242_592140-032381.parquet,36080,downloaded,36080,
2026-07-17,NSE,TCS,raw_l2/trade_date=2026-07-17/exchange=NSE/symbol=TCS/part-071700_692802-028925.parquet,real_data_sample\l2_unseen_validation\trade_date=2026-07-17\exchange=NSE\symbol=TCS\part-071700_692802-028925.parquet,36160,downloaded,36160,
2026-07-17,NSE,TCS,raw_l2/trade_date=2026-07-17/exchange=NSE/symbol=TCS/part-074256_654426-032413.parquet,real_data_sample\l2_unseen_validation\trade_date=2026-07-17\exchange=NSE\symbol=TCS\part-074256_654426-032413.parquet,35925,downloaded,35925,
2026-07-17,NSE,TCS,raw_l2/trade_date=2026-07-17/exchange=NSE/symbol=TCS/part-071646_525720-028893.parquet,real_data_sample\l2_unseen_validation\trade_date=2026-07-17\exchange=NSE\symbol=TCS\part-071646_525720-028893.parquet,35958,downloaded,35958,
2026-07-17,NSE,TCS,raw_l2/trade_date=2026-07-17/exchange=NSE/symbol=TCS/part-074324_578384-032477.parquet,real_data_sample\l2_unseen_validation\trade_date=2026-07-17\exchange=NSE\symbol=TCS\part-074324_578384-032477.parquet,36712,downloaded,36712,
2026-07-17,NSE,TCS,raw_l2/trade_date=2026-07-17/exchange=NSE/symbol=TCS/part-074310_533321-032445.parquet,real_data_sample\l2_unseen_validation\trade_date=2026-07-17\exchange=NSE\symbol=TCS\part-074310_533321-032445.parquet,36239,downloaded,36239,
2026-07-17,NSE,TCS,raw_l2/trade_date=2026-07-17/exchange=NSE/symbol=TCS/part-074338_828375-032509.parquet,real_data_sample\l2_unseen_validation\trade_date=2026-07-17\exchange=NSE\symbol=TCS\part-074338_828375-032509.parquet,36216,downloaded,36216,
2026-07-17,NSE,TCS,raw_l2/trade_date=2026-07-17/exchange=NSE/symbol=TCS/part-074353_386640-032541.parquet,real_data_sample\l2_unseen_validation\trade_date=2026-07-17\exchange=NSE\symbol=TCS\part-074353_386640-032541.parquet,35468,downloaded,35468,
2026-07-17,NSE,TCS,raw_l2/trade_date=2026-07-17/exchange=NSE/symbol=TCS/part-074228_477982-032349.parquet,real_data_sample\l2_unseen_validation\trade_date=2026-07-17\exchange=NSE\symbol=TCS\part-074228_477982-032349.parquet,36175,downloaded,36175,
2026-07-17,NSE,TCS,raw_l2/trade_date=2026-07-17/exchange=NSE/symbol=TCS/part-071534_967189-028733.parquet,real_data_sample\l2_unseen_validation\trade_date=2026-07-17\exchange=NSE\symbol=TCS\part-071534_967189-028733.parquet,36120,downloaded,36120,
2026-07-17,NSE,TCS,raw_l2/trade_date=2026-07-17/exchange=NSE/symbol=TCS/part-071506_280369-028669.parquet,real_data_sample\l2_unseen_validation\trade_date=2026-07-17\exchange=NSE\symbol=TCS\part-071506_280369-028669.parquet,36068,downloaded,36068,
2026-07-17,NSE,TCS,raw_l2/trade_date=2026-07-17/exchange=NSE/symbol=TCS/part-071520_686309-028701.parquet,real_data_sample\l2_unseen_validation\trade_date=2026-07-17\exchange=NSE\symbol=TCS\part-071520_686309-028701.parquet,36212,downloaded,36212,
2026-07-17,NSE,TCS,raw_l2/trade_date=2026-07-17/exchange=NSE/symbol=TCS/part-074407_635888-032573.parquet,real_data_sample\l2_unseen_validation\trade_date=2026-07-17\exchange=NSE\symbol=TCS\part-074407_635888-032573.parquet,36938,downloaded,36938,
2026-07-17,NSE,TCS,raw_l2/trade_date=2026-07-17/exchange=NSE/symbol=TCS/part-071423_030701-028573.parquet,real_data_sample\l2_unseen_validation\trade_date=2026-07-17\exchange=NSE\symbol=TCS\part-071423_030701-028573.parquet,35566,downloaded,35566,
2026-07-17,NSE,TCS,raw_l2/trade_date=2026-07-17/exchange=NSE/symbol=TCS/part-074421_609405-032605.parquet,real_data_sample\l2_unseen_validation\trade_date=2026-07-17\exchange=NSE\symbol=TCS\part-074421_609405-032605.parquet,36356,downloaded,36356,
2026-07-17,NSE,TCS,raw_l2/trade_date=2026-07-17/exchange=NSE/symbol=TCS/part-071632_265334-028861.parquet,real_data_sample\l2_unseen_validation\trade_date=2026-07-17\exchange=NSE\symbol=TCS\part-071632_265334-028861.parquet,35987,downloaded,35987,
2026-07-17,NSE,TCS,raw_l2/trade_date=2026-07-17/exchange=NSE/symbol=TCS/part-071451_732046-028637.parquet,real_data_sample\l2_unseen_validation\trade_date=2026-07-17\exchange=NSE\symbol=TCS\part-071451_732046-028637.parquet,35651,downloaded,35651,
2026-07-17,NSE,TCS,raw_l2/trade_date=2026-07-17/exchange=NSE/symbol=TCS/part-074435_660774-032637.parquet,real_data_sample\l2_unseen_validation\trade_date=2026-07-17\exchange=NSE\symbol=TCS\part-074435_660774-032637.parquet,36503,downloaded,36503,
2026-07-17,NSE,TCS,raw_l2/trade_date=2026-07-17/exchange=NSE/symbol=TCS/part-074503_798839-032701.parquet,real_data_sample\l2_unseen_validation\trade_date=2026-07-17\exchange=NSE\symbol=TCS\part-074503_798839-032701.parquet,36157,downloaded,36157,
2026-07-17,NSE,TCS,raw_l2/trade_date=2026-07-17/exchange=NSE/symbol=TCS/part-074449_578202-032669.parquet,real_data_sample\l2_unseen_validation\trade_date=2026-07-17\exchange=NSE\symbol=TCS\part-074449_578202-032669.parquet,36444,downloaded,36444,
2026-07-17,NSE,TCS,raw_l2/trade_date=2026-07-17/exchange=NSE/symbol=TCS/part-071714_900631-028957.parquet,real_data_sample\l2_unseen_validation\trade_date=2026-07-17\exchange=NSE\symbol=TCS\part-071714_900631-028957.parquet,35899,downloaded,35899,
2026-07-17,NSE,TCS,raw_l2/trade_date=2026-07-17/exchange=NSE/symbol=TCS/part-071603_805977-028797.parquet,real_data_sample\l2_unseen_validation\trade_date=2026-07-17\exchange=NSE\symbol=TCS\part-071603_805977-028797.parquet,36239,downloaded,36239,
2026-07-17,NSE,TCS,raw_l2/trade_date=2026-07-17/exchange=NSE/symbol=TCS/part-071617_984358-028829.parquet,real_data_sample\l2_unseen_validation\trade_date=2026-07-17\exchange=NSE\symbol=TCS\part-071617_984358-028829.parquet,35808,downloaded,35808,
2026-07-17,NSE,TCS,raw_l2/trade_date=2026-07-17/exchange=NSE/symbol=TCS/part-074518_089895-032733.parquet,real_data_sample\l2_unseen_validation\trade_date=2026-07-17\exchange=NSE\symbol=TCS\part-074518_089895-032733.parquet,36172,downloaded,36172,
2026-07-17,NSE,TCS,raw_l2/trade_date=2026-07-17/exchange=NSE/symbol=TCS/part-074546_104038-032797.parquet,real_data_sample\l2_unseen_validation\trade_date=2026-07-17\exchange=NSE\symbol=TCS\part-074546_104038-032797.parquet,36677,downloaded,36677,
2026-07-17,NSE,TCS,raw_l2/trade_date=2026-07-17/exchange=NSE/symbol=TCS/part-074532_147898-032765.parquet,real_data_sample\l2_unseen_validation\trade_date=2026-07-17\exchange=NSE\symbol=TCS\part-074532_147898-032765.parquet,36216,downloaded,36216,
2026-07-17,NSE,TCS,raw_l2/trade_date=2026-07-17/exchange=NSE/symbol=TCS/part-074614_882036-032861.parquet,real_data_sample\l2_unseen_validation\trade_date=2026-07-17\exchange=NSE\symbol=TCS\part-074614_882036-032861.parquet,36483,downloaded,36483,
2026-07-17,NSE,TCS,raw_l2/trade_date=2026-07-17/exchange=NSE/symbol=TCS/part-074600_417990-032829.parquet,real_data_sample\l2_unseen_validation\trade_date=2026-07-17\exchange=NSE\symbol=TCS\part-074600_417990-032829.parquet,35869,downloaded,35869,
2026-07-17,NSE,TCS,raw_l2/trade_date=2026-07-17/exchange=NSE/symbol=TCS/part-074643_428656-032925.parquet,real_data_sample\l2_unseen_validation\trade_date=2026-07-17\exchange=NSE\symbol=TCS\part-074643_428656-032925.parquet,36069,downloaded,36069,
2026-07-17,NSE,TCS,raw_l2/trade_date=2026-07-17/exchange=NSE/symbol=TCS/part-074711_518090-032989.parquet,real_data_sample\l2_unseen_validation\trade_date=2026-07-17\exchange=NSE\symbol=TCS\part-074711_518090-032989.parquet,36367,downloaded,36367,
2026-07-17,NSE,TCS,raw_l2/trade_date=2026-07-17/exchange=NSE/symbol=TCS/part-074629_007748-032893.parquet,real_data_sample\l2_unseen_validation\trade_date=2026-07-17\exchange=NSE\symbol=TCS\part-074629_007748-032893.parquet,35893,downloaded,35893,
2026-07-17,NSE,TCS,raw_l2/trade_date=2026-07-17/exchange=NSE/symbol=TCS/part-074753_891922-033085.parquet,real_data_sample\l2_unseen_validation\trade_date=2026-07-17\exchange=NSE\symbol=TCS\part-074753_891922-033085.parquet,36165,downloaded,36165,
2026-07-17,NSE,TCS,raw_l2/trade_date=2026-07-17/exchange=NSE/symbol=TCS/part-071549_533395-028765.parquet,real_data_sample\l2_unseen_validation\trade_date=2026-07-17\exchange=NSE\symbol=TCS\part-071549_533395-028765.parquet,36590,downloaded,36590,
2026-07-17,NSE,TCS,raw_l2/trade_date=2026-07-17/exchange=NSE/symbol=TCS/part-074725_787399-033021.parquet,real_data_sample\l2_unseen_validation\trade_date=2026-07-17\exchange=NSE\symbol=TCS\part-074725_787399-033021.parquet,36393,downloaded,36393,
2026-07-17,NSE,TCS,raw_l2/trade_date=2026-07-17/exchange=NSE/symbol=TCS/part-074739_852308-033053.parquet,real_data_sample\l2_unseen_validation\trade_date=2026-07-17\exchange=NSE\symbol=TCS\part-074739_852308-033053.parquet,36381,downloaded,36381,
2026-07-17,NSE,TCS,raw_l2/trade_date=2026-07-17/exchange=NSE/symbol=TCS/part-074850_197674-033213.parquet,real_data_sample\l2_unseen_validation\trade_date=2026-07-17\exchange=NSE\symbol=TCS\part-074850_197674-033213.parquet,35746,downloaded,35746,
2026-07-17,NSE,TCS,raw_l2/trade_date=2026-07-17/exchange=NSE/symbol=TCS/part-074836_071201-033181.parquet,real_data_sample\l2_unseen_validation\trade_date=2026-07-17\exchange=NSE\symbol=TCS\part-074836_071201-033181.parquet,36226,downloaded,36226,
2026-07-17,NSE,TCS,raw_l2/trade_date=2026-07-17/exchange=NSE/symbol=TCS/part-074807_903772-033117.parquet,real_data_sample\l2_unseen_validation\trade_date=2026-07-17\exchange=NSE\symbol=TCS\part-074807_903772-033117.parquet,36181,downloaded,36181,
2026-07-17,NSE,TCS,raw_l2/trade_date=2026-07-17/exchange=NSE/symbol=TCS/part-074932_538235-033309.parquet,real_data_sample\l2_unseen_validation\trade_date=2026-07-17\exchange=NSE\symbol=TCS\part-074932_538235-033309.parquet,36432,downloaded,36432,
2026-07-17,NSE,TCS,raw_l2/trade_date=2026-07-17/exchange=NSE/symbol=TCS/part-074821_886461-033149.parquet,real_data_sample\l2_unseen_validation\trade_date=2026-07-17\exchange=NSE\symbol=TCS\part-074821_886461-033149.parquet,35932,downloaded,35932,
2026-07-17,NSE,TCS,raw_l2/trade_date=2026-07-17/exchange=NSE/symbol=TCS/part-074918_628272-033277.parquet,real_data_sample\l2_unseen_validation\trade_date=2026-07-17\exchange=NSE\symbol=TCS\part-074918_628272-033277.parquet,36433,downloaded,36433,
2026-07-17,NSE,TCS,raw_l2/trade_date=2026-07-17/exchange=NSE/symbol=TCS/part-074946_610573-033341.parquet,real_data_sample\l2_unseen_validation\trade_date=2026-07-17\exchange=NSE\symbol=TCS\part-074946_610573-033341.parquet,36287,downloaded,36287,
2026-07-17,NSE,TCS,raw_l2/trade_date=2026-07-17/exchange=NSE/symbol=TCS/part-074904_477366-033245.parquet,real_data_sample\l2_unseen_validation\trade_date=2026-07-17\exchange=NSE\symbol=TCS\part-074904_477366-033245.parquet,36349,downloaded,36349,
2026-07-17,NSE,TCS,raw_l2/trade_date=2026-07-17/exchange=NSE/symbol=TCS/part-075014_760949-033405.parquet,real_data_sample\l2_unseen_validation\trade_date=2026-07-17\exchange=NSE\symbol=TCS\part-075014_760949-033405.parquet,36320,downloaded,36320,
2026-07-17,NSE,TCS,raw_l2/trade_date=2026-07-17/exchange=NSE/symbol=TCS/part-075000_568660-033373.parquet,real_data_sample\l2_unseen_validation\trade_date=2026-07-17\exchange=NSE\symbol=TCS\part-075000_568660-033373.parquet,36604,downloaded,36604,
2026-07-17,NSE,TCS,raw_l2/trade_date=2026-07-17/exchange=NSE/symbol=TCS/part-075029_555869-033437.parquet,real_data_sample\l2_unseen_validation\trade_date=2026-07-17\exchange=NSE\symbol=TCS\part-075029_555869-033437.parquet,36260,downloaded,36260,
2026-07-17,NSE,TCS,raw_l2/trade_date=2026-07-17/exchange=NSE/symbol=TCS/part-075043_817245-033469.parquet,real_data_sample\l2_unseen_validation\trade_date=2026-07-17\exchange=NSE\symbol=TCS\part-075043_817245-033469.parquet,36429,downloaded,36429,
2026-07-17,NSE,TCS,raw_l2/trade_date=2026-07-17/exchange=NSE/symbol=TCS/part-075057_907469-033501.parquet,real_data_sample\l2_unseen_validation\trade_date=2026-07-17\exchange=NSE\symbol=TCS\part-075057_907469-033501.parquet,36574,downloaded,36574,
2026-07-17,NSE,TCS,raw_l2/trade_date=2026-07-17/exchange=NSE/symbol=TCS/part-075125_909586-033565.parquet,real_data_sample\l2_unseen_validation\trade_date=2026-07-17\exchange=NSE\symbol=TCS\part-075125_909586-033565.parquet,36069,downloaded,36069,
2026-07-17,NSE,TCS,raw_l2/trade_date=2026-07-17/exchange=NSE/symbol=TCS/part-075111_769516-033533.parquet,real_data_sample\l2_unseen_validation\trade_date=2026-07-17\exchange=NSE\symbol=TCS\part-075111_769516-033533.parquet,36516,downloaded,36516,
2026-07-17,NSE,TCS,raw_l2/trade_date=2026-07-17/exchange=NSE/symbol=TCS/part-075154_568786-033629.parquet,real_data_sample\l2_unseen_validation\trade_date=2026-07-17\exchange=NSE\symbol=TCS\part-075154_568786-033629.parquet,36355,downloaded,36355,
2026-07-17,NSE,TCS,raw_l2/trade_date=2026-07-17/exchange=NSE/symbol=TCS/part-075208_744196-033661.parquet,real_data_sample\l2_unseen_validation\trade_date=2026-07-17\exchange=NSE\symbol=TCS\part-075208_744196-033661.parquet,36098,downloaded,36098,
2026-07-17,NSE,TCS,raw_l2/trade_date=2026-07-17/exchange=NSE/symbol=TCS/part-075140_037116-033597.parquet,real_data_sample\l2_unseen_validation\trade_date=2026-07-17\exchange=NSE\symbol=TCS\part-075140_037116-033597.parquet,35890,downloaded,35890,
2026-07-17,NSE,TCS,raw_l2/trade_date=2026-07-17/exchange=NSE/symbol=TCS/part-075222_857024-033693.parquet,real_data_sample\l2_unseen_validation\trade_date=2026-07-17\exchange=NSE\symbol=TCS\part-075222_857024-033693.parquet,35608,downloaded,35608,
2026-07-17,NSE,TCS,raw_l2/trade_date=2026-07-17/exchange=NSE/symbol=TCS/part-075236_991490-033725.parquet,real_data_sample\l2_unseen_validation\trade_date=2026-07-17\exchange=NSE\symbol=TCS\part-075236_991490-033725.parquet,35694,downloaded,35694,
2026-07-17,NSE,TCS,raw_l2/trade_date=2026-07-17/exchange=NSE/symbol=TCS/part-075251_632585-033757.parquet,real_data_sample\l2_unseen_validation\trade_date=2026-07-17\exchange=NSE\symbol=TCS\part-075251_632585-033757.parquet,35907,downloaded,35907,
2026-07-17,NSE,TCS,raw_l2/trade_date=2026-07-17/exchange=NSE/symbol=TCS/part-074657_453689-032957.parquet,real_data_sample\l2_unseen_validation\trade_date=2026-07-17\exchange=NSE\symbol=TCS\part-074657_453689-032957.parquet,35990,downloaded,35990,
2026-07-17,NSE,TCS,raw_l2/trade_date=2026-07-17/exchange=NSE/symbol=TCS/part-075347_887705-033885.parquet,real_data_sample\l2_unseen_validation\trade_date=2026-07-17\exchange=NSE\symbol=TCS\part-075347_887705-033885.parquet,36575,downloaded,36575,
2026-07-17,NSE,TCS,raw_l2/trade_date=2026-07-17/exchange=NSE/symbol=TCS/part-075416_175282-033949.parquet,real_data_sample\l2_unseen_validation\trade_date=2026-07-17\exchange=NSE\symbol=TCS\part-075416_175282-033949.parquet,36226,downloaded,36226,
2026-07-17,NSE,TCS,raw_l2/trade_date=2026-07-17/exchange=NSE/symbol=TCS/part-075458_662013-034045.parquet,real_data_sample\l2_unseen_validation\trade_date=2026-07-17\exchange=NSE\symbol=TCS\part-075458_662013-034045.parquet,36246,downloaded,36246,
2026-07-17,NSE,TCS,raw_l2/trade_date=2026-07-17/exchange=NSE/symbol=TCS/part-075319_924380-033821.parquet,real_data_sample\l2_unseen_validation\trade_date=2026-07-17\exchange=NSE\symbol=TCS\part-075319_924380-033821.parquet,35920,downloaded,35920,
2026-07-17,NSE,TCS,raw_l2/trade_date=2026-07-17/exchange=NSE/symbol=TCS/part-075402_085870-033917.parquet,real_data_sample\l2_unseen_validation\trade_date=2026-07-17\exchange=NSE\symbol=TCS\part-075402_085870-033917.parquet,36211,downloaded,36211,
2026-07-17,NSE,TCS,raw_l2/trade_date=2026-07-17/exchange=NSE/symbol=TCS/part-075637_364672-034269.parquet,real_data_sample\l2_unseen_validation\trade_date=2026-07-17\exchange=NSE\symbol=TCS\part-075637_364672-034269.parquet,35787,downloaded,35787,
2026-07-17,NSE,TCS,raw_l2/trade_date=2026-07-17/exchange=NSE/symbol=TCS/part-075608_896111-034205.parquet,real_data_sample\l2_unseen_validation\trade_date=2026-07-17\exchange=NSE\symbol=TCS\part-075608_896111-034205.parquet,36200,downloaded,36200,
2026-07-17,NSE,TCS,raw_l2/trade_date=2026-07-17/exchange=NSE/symbol=TCS/part-075526_682551-034109.parquet,real_data_sample\l2_unseen_validation\trade_date=2026-07-17\exchange=NSE\symbol=TCS\part-075526_682551-034109.parquet,35942,downloaded,35942,
2026-07-17,NSE,TCS,raw_l2/trade_date=2026-07-17/exchange=NSE/symbol=TCS/part-075623_071517-034237.parquet,real_data_sample\l2_unseen_validation\trade_date=2026-07-17\exchange=NSE\symbol=TCS\part-075623_071517-034237.parquet,35990,downloaded,35990,
2026-07-17,NSE,TCS,raw_l2/trade_date=2026-07-17/exchange=NSE/symbol=TCS/part-075554_720471-034173.parquet,real_data_sample\l2_unseen_validation\trade_date=2026-07-17\exchange=NSE\symbol=TCS\part-075554_720471-034173.parquet,36303,downloaded,36303,
2026-07-17,NSE,TCS,raw_l2/trade_date=2026-07-17/exchange=NSE/symbol=TCS/part-075512_708473-034077.parquet,real_data_sample\l2_unseen_validation\trade_date=2026-07-17\exchange=NSE\symbol=TCS\part-075512_708473-034077.parquet,36127,downloaded,36127,
2026-07-17,NSE,TCS,raw_l2/trade_date=2026-07-17/exchange=NSE/symbol=TCS/part-075333_997800-033853.parquet,real_data_sample\l2_unseen_validation\trade_date=2026-07-17\exchange=NSE\symbol=TCS\part-075333_997800-033853.parquet,35906,downloaded,35906,
2026-07-17,NSE,TCS,raw_l2/trade_date=2026-07-17/exchange=NSE/symbol=TCS/part-075430_150040-033981.parquet,real_data_sample\l2_unseen_validation\trade_date=2026-07-17\exchange=NSE\symbol=TCS\part-075430_150040-033981.parquet,36123,downloaded,36123,
2026-07-17,NSE,TCS,raw_l2/trade_date=2026-07-17/exchange=NSE/symbol=TCS/part-075540_636328-034141.parquet,real_data_sample\l2_unseen_validation\trade_date=2026-07-17\exchange=NSE\symbol=TCS\part-075540_636328-034141.parquet,35879,downloaded,35879,
2026-07-17,NSE,TCS,raw_l2/trade_date=2026-07-17/exchange=NSE/symbol=TCS/part-075305_851310-033789.parquet,real_data_sample\l2_unseen_validation\trade_date=2026-07-17\exchange=NSE\symbol=TCS\part-075305_851310-033789.parquet,36378,downloaded,36378,
2026-07-17,NSE,TCS,raw_l2/trade_date=2026-07-17/exchange=NSE/symbol=TCS/part-075720_102144-034365.parquet,real_data_sample\l2_unseen_validation\trade_date=2026-07-17\exchange=NSE\symbol=TCS\part-075720_102144-034365.parquet,36337,downloaded,36337,
2026-07-17,NSE,TCS,raw_l2/trade_date=2026-07-17/exchange=NSE/symbol=TCS/part-075748_888705-034429.parquet,real_data_sample\l2_unseen_validation\trade_date=2026-07-17\exchange=NSE\symbol=TCS\part-075748_888705-034429.parquet,36210,downloaded,36210,
2026-07-17,NSE,TCS,raw_l2/trade_date=2026-07-17/exchange=NSE/symbol=TCS/part-075803_218904-034461.parquet,real_data_sample\l2_unseen_validation\trade_date=2026-07-17\exchange=NSE\symbol=TCS\part-075803_218904-034461.parquet,36100,downloaded,36100,
2026-07-17,NSE,TCS,raw_l2/trade_date=2026-07-17/exchange=NSE/symbol=TCS/part-075832_057841-034525.parquet,real_data_sample\l2_unseen_validation\trade_date=2026-07-17\exchange=NSE\symbol=TCS\part-075832_057841-034525.parquet,36126,downloaded,36126,
2026-07-17,NSE,TCS,raw_l2/trade_date=2026-07-17/exchange=NSE/symbol=TCS/part-075734_651641-034397.parquet,real_data_sample\l2_unseen_validation\trade_date=2026-07-17\exchange=NSE\symbol=TCS\part-075734_651641-034397.parquet,36071,downloaded,36071,
2026-07-17,NSE,TCS,raw_l2/trade_date=2026-07-17/exchange=NSE/symbol=TCS/part-080013_035082-034749.parquet,real_data_sample\l2_unseen_validation\trade_date=2026-07-17\exchange=NSE\symbol=TCS\part-080013_035082-034749.parquet,36116,downloaded,36116,
2026-07-17,NSE,TCS,raw_l2/trade_date=2026-07-17/exchange=NSE/symbol=TCS/part-075817_911968-034493.parquet,real_data_sample\l2_unseen_validation\trade_date=2026-07-17\exchange=NSE\symbol=TCS\part-075817_911968-034493.parquet,36420,downloaded,36420,
2026-07-17,NSE,TCS,raw_l2/trade_date=2026-07-17/exchange=NSE/symbol=TCS/part-075705_888959-034333.parquet,real_data_sample\l2_unseen_validation\trade_date=2026-07-17\exchange=NSE\symbol=TCS\part-075705_888959-034333.parquet,36311,downloaded,36311,
2026-07-17,NSE,TCS,raw_l2/trade_date=2026-07-17/exchange=NSE/symbol=TCS/part-075846_370570-034557.parquet,real_data_sample\l2_unseen_validation\trade_date=2026-07-17\exchange=NSE\symbol=TCS\part-075846_370570-034557.parquet,36103,downloaded,36103,
2026-07-17,NSE,TCS,raw_l2/trade_date=2026-07-17/exchange=NSE/symbol=TCS/part-075900_604330-034589.parquet,real_data_sample\l2_unseen_validation\trade_date=2026-07-17\exchange=NSE\symbol=TCS\part-075900_604330-034589.parquet,36022,downloaded,36022,
2026-07-17,NSE,TCS,raw_l2/trade_date=2026-07-17/exchange=NSE/symbol=TCS/part-075929_097275-034653.parquet,real_data_sample\l2_unseen_validation\trade_date=2026-07-17\exchange=NSE\symbol=TCS\part-075929_097275-034653.parquet,36364,downloaded,36364,
2026-07-17,NSE,TCS,raw_l2/trade_date=2026-07-17/exchange=NSE/symbol=TCS/part-075914_879897-034621.parquet,real_data_sample\l2_unseen_validation\trade_date=2026-07-17\exchange=NSE\symbol=TCS\part-075914_879897-034621.parquet,36256,downloaded,36256,
2026-07-17,NSE,TCS,raw_l2/trade_date=2026-07-17/exchange=NSE/symbol=TCS/part-075958_392142-034717.parquet,real_data_sample\l2_unseen_validation\trade_date=2026-07-17\exchange=NSE\symbol=TCS\part-075958_392142-034717.parquet,35641,downloaded,35641,
2026-07-17,NSE,TCS,raw_l2/trade_date=2026-07-17/exchange=NSE/symbol=TCS/part-075943_460124-034685.parquet,real_data_sample\l2_unseen_validation\trade_date=2026-07-17\exchange=NSE\symbol=TCS\part-075943_460124-034685.parquet,35984,downloaded,35984,
2026-07-17,NSE,TCS,raw_l2/trade_date=2026-07-17/exchange=NSE/symbol=TCS/part-075651_583552-034301.parquet,real_data_sample\l2_unseen_validation\trade_date=2026-07-17\exchange=NSE\symbol=TCS\part-075651_583552-034301.parquet,36278,downloaded,36278,
2026-07-17,NSE,TCS,raw_l2/trade_date=2026-07-17/exchange=NSE/symbol=TCS/part-080153_569071-034973.parquet,real_data_sample\l2_unseen_validation\trade_date=2026-07-17\exchange=NSE\symbol=TCS\part-080153_569071-034973.parquet,35806,downloaded,35806,
2026-07-17,NSE,TCS,raw_l2/trade_date=2026-07-17/exchange=NSE/symbol=TCS/part-080533_768571-035453.parquet,real_data_sample\l2_unseen_validation\trade_date=2026-07-17\exchange=NSE\symbol=TCS\part-080533_768571-035453.parquet,35640,downloaded,35640,
2026-07-17,NSE,TCS,raw_l2/trade_date=2026-07-17/exchange=NSE/symbol=TCS/part-080041_836585-034813.parquet,real_data_sample\l2_unseen_validation\trade_date=2026-07-17\exchange=NSE\symbol=TCS\part-080041_836585-034813.parquet,36091,downloaded,36091,
2026-07-17,NSE,TCS,raw_l2/trade_date=2026-07-17/exchange=NSE/symbol=TCS/part-080124_796475-034909.parquet,real_data_sample\l2_unseen_validation\trade_date=2026-07-17\exchange=NSE\symbol=TCS\part-080124_796475-034909.parquet,35783,downloaded,35783,
2026-07-17,NSE,TCS,raw_l2/trade_date=2026-07-17/exchange=NSE/symbol=TCS/part-080207_934365-035005.parquet,real_data_sample\l2_unseen_validation\trade_date=2026-07-17\exchange=NSE\symbol=TCS\part-080207_934365-035005.parquet,35530,downloaded,35530,
2026-07-17,NSE,TCS,raw_l2/trade_date=2026-07-17/exchange=NSE/symbol=TCS/part-080251_430077-035101.parquet,real_data_sample\l2_unseen_validation\trade_date=2026-07-17\exchange=NSE\symbol=TCS\part-080251_430077-035101.parquet,36222,downloaded,36222,
2026-07-17,NSE,TCS,raw_l2/trade_date=2026-07-17/exchange=NSE/symbol=TCS/part-080630_869236-035581.parquet,real_data_sample\l2_unseen_validation\trade_date=2026-07-17\exchange=NSE\symbol=TCS\part-080630_869236-035581.parquet,35632,downloaded,35632,
2026-07-17,NSE,TCS,raw_l2/trade_date=2026-07-17/exchange=NSE/symbol=TCS/part-080221_998763-035037.parquet,real_data_sample\l2_unseen_validation\trade_date=2026-07-17\exchange=NSE\symbol=TCS\part-080221_998763-035037.parquet,35719,downloaded,35719,
2026-07-17,NSE,TCS,raw_l2/trade_date=2026-07-17/exchange=NSE/symbol=TCS/part-080237_011099-035069.parquet,real_data_sample\l2_unseen_validation\trade_date=2026-07-17\exchange=NSE\symbol=TCS\part-080237_011099-035069.parquet,35959,downloaded,35959,
2026-07-17,NSE,TCS,raw_l2/trade_date=2026-07-17/exchange=NSE/symbol=TCS/part-080139_106172-034941.parquet,real_data_sample\l2_unseen_validation\trade_date=2026-07-17\exchange=NSE\symbol=TCS\part-080139_106172-034941.parquet,35744,downloaded,35744,
2026-07-17,NSE,TCS,raw_l2/trade_date=2026-07-17/exchange=NSE/symbol=TCS/part-080056_385778-034845.parquet,real_data_sample\l2_unseen_validation\trade_date=2026-07-17\exchange=NSE\symbol=TCS\part-080056_385778-034845.parquet,35712,downloaded,35712,
2026-07-17,NSE,TCS,raw_l2/trade_date=2026-07-17/exchange=NSE/symbol=TCS/part-080334_250579-035197.parquet,real_data_sample\l2_unseen_validation\trade_date=2026-07-17\exchange=NSE\symbol=TCS\part-080334_250579-035197.parquet,35626,downloaded,35626,
2026-07-17,NSE,TCS,raw_l2/trade_date=2026-07-17/exchange=NSE/symbol=TCS/part-080110_629476-034877.parquet,real_data_sample\l2_unseen_validation\trade_date=2026-07-17\exchange=NSE\symbol=TCS\part-080110_629476-034877.parquet,35686,downloaded,35686,
2026-07-17,NSE,TCS,raw_l2/trade_date=2026-07-17/exchange=NSE/symbol=TCS/part-080714_473501-035677.parquet,real_data_sample\l2_unseen_validation\trade_date=2026-07-17\exchange=NSE\symbol=TCS\part-080714_473501-035677.parquet,36113,downloaded,36113,
2026-07-17,NSE,TCS,raw_l2/trade_date=2026-07-17/exchange=NSE/symbol=TCS/part-080435_153838-035325.parquet,real_data_sample\l2_unseen_validation\trade_date=2026-07-17\exchange=NSE\symbol=TCS\part-080435_153838-035325.parquet,35731,downloaded,35731,
2026-07-17,NSE,TCS,raw_l2/trade_date=2026-07-17/exchange=NSE/symbol=TCS/part-080728_641731-035709.parquet,real_data_sample\l2_unseen_validation\trade_date=2026-07-17\exchange=NSE\symbol=TCS\part-080728_641731-035709.parquet,36201,downloaded,36201,
2026-07-17,NSE,TCS,raw_l2/trade_date=2026-07-17/exchange=NSE/symbol=TCS/part-080403_885931-035261.parquet,real_data_sample\l2_unseen_validation\trade_date=2026-07-17\exchange=NSE\symbol=TCS\part-080403_885931-035261.parquet,35690,downloaded,35690,
2026-07-17,NSE,TCS,raw_l2/trade_date=2026-07-17/exchange=NSE/symbol=TCS/part-080518_732878-035421.parquet,real_data_sample\l2_unseen_validation\trade_date=2026-07-17\exchange=NSE\symbol=TCS\part-080518_732878-035421.parquet,35897,downloaded,35897,
2026-07-17,NSE,TCS,raw_l2/trade_date=2026-07-17/exchange=NSE/symbol=TCS/part-080743_329558-035741.parquet,real_data_sample\l2_unseen_validation\trade_date=2026-07-17\exchange=NSE\symbol=TCS\part-080743_329558-035741.parquet,36151,downloaded,36151,
2026-07-17,NSE,TCS,raw_l2/trade_date=2026-07-17/exchange=NSE/symbol=TCS/part-080319_916058-035165.parquet,real_data_sample\l2_unseen_validation\trade_date=2026-07-17\exchange=NSE\symbol=TCS\part-080319_916058-035165.parquet,35573,downloaded,35573,
2026-07-17,NSE,TCS,raw_l2/trade_date=2026-07-17/exchange=NSE/symbol=TCS/part-080349_126532-035229.parquet,real_data_sample\l2_unseen_validation\trade_date=2026-07-17\exchange=NSE\symbol=TCS\part-080349_126532-035229.parquet,35682,downloaded,35682,
2026-07-17,NSE,TCS,raw_l2/trade_date=2026-07-17/exchange=NSE/symbol=TCS/part-080504_259257-035389.parquet,real_data_sample\l2_unseen_validation\trade_date=2026-07-17\exchange=NSE\symbol=TCS\part-080504_259257-035389.parquet,35875,downloaded,35875,
2026-07-17,NSE,TCS,raw_l2/trade_date=2026-07-17/exchange=NSE/symbol=TCS/part-080547_922297-035485.parquet,real_data_sample\l2_unseen_validation\trade_date=2026-07-17\exchange=NSE\symbol=TCS\part-080547_922297-035485.parquet,35913,downloaded,35913,
2026-07-17,NSE,TCS,raw_l2/trade_date=2026-07-17/exchange=NSE/symbol=TCS/part-080418_002165-035293.parquet,real_data_sample\l2_unseen_validation\trade_date=2026-07-17\exchange=NSE\symbol=TCS\part-080418_002165-035293.parquet,36290,downloaded,36290,
2026-07-17,NSE,TCS,raw_l2/trade_date=2026-07-17/exchange=NSE/symbol=TCS/part-080602_115045-035517.parquet,real_data_sample\l2_unseen_validation\trade_date=2026-07-17\exchange=NSE\symbol=TCS\part-080602_115045-035517.parquet,35770,downloaded,35770,
2026-07-17,NSE,TCS,raw_l2/trade_date=2026-07-17/exchange=NSE/symbol=TCS/part-080659_625490-035645.parquet,real_data_sample\l2_unseen_validation\trade_date=2026-07-17\exchange=NSE\symbol=TCS\part-080659_625490-035645.parquet,36021,downloaded,36021,
2026-07-17,NSE,TCS,raw_l2/trade_date=2026-07-17/exchange=NSE/symbol=TCS/part-080449_788632-035357.parquet,real_data_sample\l2_unseen_validation\trade_date=2026-07-17\exchange=NSE\symbol=TCS\part-080449_788632-035357.parquet,36331,downloaded,36331,
2026-07-17,NSE,TCS,raw_l2/trade_date=2026-07-17/exchange=NSE/symbol=TCS/part-080616_340135-035549.parquet,real_data_sample\l2_unseen_validation\trade_date=2026-07-17\exchange=NSE\symbol=TCS\part-080616_340135-035549.parquet,35837,downloaded,35837,
2026-07-17,NSE,TCS,raw_l2/trade_date=2026-07-17/exchange=NSE/symbol=TCS/part-080645_193176-035613.parquet,real_data_sample\l2_unseen_validation\trade_date=2026-07-17\exchange=NSE\symbol=TCS\part-080645_193176-035613.parquet,35906,downloaded,35906,
2026-07-17,NSE,TCS,raw_l2/trade_date=2026-07-17/exchange=NSE/symbol=TCS/part-080305_630568-035133.parquet,real_data_sample\l2_unseen_validation\trade_date=2026-07-17\exchange=NSE\symbol=TCS\part-080305_630568-035133.parquet,35176,downloaded,35176,
2026-07-17,NSE,TCS,raw_l2/trade_date=2026-07-17/exchange=NSE/symbol=TCS/part-080940_659825-035997.parquet,real_data_sample\l2_unseen_validation\trade_date=2026-07-17\exchange=NSE\symbol=TCS\part-080940_659825-035997.parquet,36206,downloaded,36206,
2026-07-17,NSE,TCS,raw_l2/trade_date=2026-07-17/exchange=NSE/symbol=TCS/part-081039_805092-036125.parquet,real_data_sample\l2_unseen_validation\trade_date=2026-07-17\exchange=NSE\symbol=TCS\part-081039_805092-036125.parquet,35913,downloaded,35913,
2026-07-17,NSE,TCS,raw_l2/trade_date=2026-07-17/exchange=NSE/symbol=TCS/part-081025_373503-036093.parquet,real_data_sample\l2_unseen_validation\trade_date=2026-07-17\exchange=NSE\symbol=TCS\part-081025_373503-036093.parquet,35941,downloaded,35941,
2026-07-17,NSE,TCS,raw_l2/trade_date=2026-07-17/exchange=NSE/symbol=TCS/part-081053_931556-036157.parquet,real_data_sample\l2_unseen_validation\trade_date=2026-07-17\exchange=NSE\symbol=TCS\part-081053_931556-036157.parquet,36132,downloaded,36132,
2026-07-17,NSE,TCS,raw_l2/trade_date=2026-07-17/exchange=NSE/symbol=TCS/part-081108_009077-036189.parquet,real_data_sample\l2_unseen_validation\trade_date=2026-07-17\exchange=NSE\symbol=TCS\part-081108_009077-036189.parquet,36428,downloaded,36428,
2026-07-17,NSE,TCS,raw_l2/trade_date=2026-07-17/exchange=NSE/symbol=TCS/part-081136_147727-036253.parquet,real_data_sample\l2_unseen_validation\trade_date=2026-07-17\exchange=NSE\symbol=TCS\part-081136_147727-036253.parquet,35856,downloaded,35856,
2026-07-17,NSE,TCS,raw_l2/trade_date=2026-07-17/exchange=NSE/symbol=TCS/part-080955_183017-036029.parquet,real_data_sample\l2_unseen_validation\trade_date=2026-07-17\exchange=NSE\symbol=TCS\part-080955_183017-036029.parquet,35986,downloaded,35986,
2026-07-17,NSE,TCS,raw_l2/trade_date=2026-07-17/exchange=NSE/symbol=TCS/part-081427_763622-036637.parquet,real_data_sample\l2_unseen_validation\trade_date=2026-07-17\exchange=NSE\symbol=TCS\part-081427_763622-036637.parquet,35953,downloaded,35953,
2026-07-17,NSE,TCS,raw_l2/trade_date=2026-07-17/exchange=NSE/symbol=TCS/part-081413_629590-036605.parquet,real_data_sample\l2_unseen_validation\trade_date=2026-07-17\exchange=NSE\symbol=TCS\part-081413_629590-036605.parquet,35647,downloaded,35647,
2026-07-17,NSE,TCS,raw_l2/trade_date=2026-07-17/exchange=NSE/symbol=TCS/part-080757_996976-035773.parquet,real_data_sample\l2_unseen_validation\trade_date=2026-07-17\exchange=NSE\symbol=TCS\part-080757_996976-035773.parquet,35649,downloaded,35649,
2026-07-17,NSE,TCS,raw_l2/trade_date=2026-07-17/exchange=NSE/symbol=TCS/part-080812_710484-035805.parquet,real_data_sample\l2_unseen_validation\trade_date=2026-07-17\exchange=NSE\symbol=TCS\part-080812_710484-035805.parquet,36308,downloaded,36308,
2026-07-17,NSE,TCS,raw_l2/trade_date=2026-07-17/exchange=NSE/symbol=TCS/part-081010_335969-036061.parquet,real_data_sample\l2_unseen_validation\trade_date=2026-07-17\exchange=NSE\symbol=TCS\part-081010_335969-036061.parquet,35726,downloaded,35726,
2026-07-17,NSE,TCS,raw_l2/trade_date=2026-07-17/exchange=NSE/symbol=TCS/part-081302_238808-036445.parquet,real_data_sample\l2_unseen_validation\trade_date=2026-07-17\exchange=NSE\symbol=TCS\part-081302_238808-036445.parquet,36454,downloaded,36454,
2026-07-17,NSE,TCS,raw_l2/trade_date=2026-07-17/exchange=NSE/symbol=TCS/part-081359_353170-036573.parquet,real_data_sample\l2_unseen_validation\trade_date=2026-07-17\exchange=NSE\symbol=TCS\part-081359_353170-036573.parquet,35768,downloaded,35768,
2026-07-17,NSE,TCS,raw_l2/trade_date=2026-07-17/exchange=NSE/symbol=TCS/part-081247_293116-036413.parquet,real_data_sample\l2_unseen_validation\trade_date=2026-07-17\exchange=NSE\symbol=TCS\part-081247_293116-036413.parquet,35807,downloaded,35807,
2026-07-17,NSE,TCS,raw_l2/trade_date=2026-07-17/exchange=NSE/symbol=TCS/part-081316_716869-036477.parquet,real_data_sample\l2_unseen_validation\trade_date=2026-07-17\exchange=NSE\symbol=TCS\part-081316_716869-036477.parquet,36221,downloaded,36221,
2026-07-17,NSE,TCS,raw_l2/trade_date=2026-07-17/exchange=NSE/symbol=TCS/part-081455_867262-036701.parquet,real_data_sample\l2_unseen_validation\trade_date=2026-07-17\exchange=NSE\symbol=TCS\part-081455_867262-036701.parquet,35773,downloaded,35773,
2026-07-17,NSE,TCS,raw_l2/trade_date=2026-07-17/exchange=NSE/symbol=TCS/part-081150_335766-036285.parquet,real_data_sample\l2_unseen_validation\trade_date=2026-07-17\exchange=NSE\symbol=TCS\part-081150_335766-036285.parquet,35906,downloaded,35906,
2026-07-17,NSE,TCS,raw_l2/trade_date=2026-07-17/exchange=NSE/symbol=TCS/part-081218_535497-036349.parquet,real_data_sample\l2_unseen_validation\trade_date=2026-07-17\exchange=NSE\symbol=TCS\part-081218_535497-036349.parquet,35861,downloaded,35861,
2026-07-17,NSE,TCS,raw_l2/trade_date=2026-07-17/exchange=NSE/symbol=TCS/part-081204_568970-036317.parquet,real_data_sample\l2_unseen_validation\trade_date=2026-07-17\exchange=NSE\symbol=TCS\part-081204_568970-036317.parquet,35944,downloaded,35944,
2026-07-17,NSE,TCS,raw_l2/trade_date=2026-07-17/exchange=NSE/symbol=TCS/part-081344_967152-036541.parquet,real_data_sample\l2_unseen_validation\trade_date=2026-07-17\exchange=NSE\symbol=TCS\part-081344_967152-036541.parquet,35943,downloaded,35943,
2026-07-17,NSE,TCS,raw_l2/trade_date=2026-07-17/exchange=NSE/symbol=TCS/part-081232_919823-036381.parquet,real_data_sample\l2_unseen_validation\trade_date=2026-07-17\exchange=NSE\symbol=TCS\part-081232_919823-036381.parquet,35548,downloaded,35548,
2026-07-17,NSE,TCS,raw_l2/trade_date=2026-07-17/exchange=NSE/symbol=TCS/part-081441_994981-036669.parquet,real_data_sample\l2_unseen_validation\trade_date=2026-07-17\exchange=NSE\symbol=TCS\part-081441_994981-036669.parquet,36388,downloaded,36388,
2026-07-17,NSE,TCS,raw_l2/trade_date=2026-07-17/exchange=NSE/symbol=TCS/part-080827_008059-035837.parquet,real_data_sample\l2_unseen_validation\trade_date=2026-07-17\exchange=NSE\symbol=TCS\part-080827_008059-035837.parquet,36057,downloaded,36057,
2026-07-17,NSE,TCS,raw_l2/trade_date=2026-07-17/exchange=NSE/symbol=TCS/part-080856_463037-035901.parquet,real_data_sample\l2_unseen_validation\trade_date=2026-07-17\exchange=NSE\symbol=TCS\part-080856_463037-035901.parquet,35793,downloaded,35793,
2026-07-17,NSE,TCS,raw_l2/trade_date=2026-07-17/exchange=NSE/symbol=TCS/part-080841_726454-035869.parquet,real_data_sample\l2_unseen_validation\trade_date=2026-07-17\exchange=NSE\symbol=TCS\part-080841_726454-035869.parquet,35979,downloaded,35979,
2026-07-17,NSE,TCS,raw_l2/trade_date=2026-07-17/exchange=NSE/symbol=TCS/part-080910_966945-035933.parquet,real_data_sample\l2_unseen_validation\trade_date=2026-07-17\exchange=NSE\symbol=TCS\part-080910_966945-035933.parquet,35855,downloaded,35855,
2026-07-17,NSE,TCS,raw_l2/trade_date=2026-07-17/exchange=NSE/symbol=TCS/part-081510_010960-036733.parquet,real_data_sample\l2_unseen_validation\trade_date=2026-07-17\exchange=NSE\symbol=TCS\part-081510_010960-036733.parquet,35497,downloaded,35497,
2026-07-17,NSE,TCS,raw_l2/trade_date=2026-07-17/exchange=NSE/symbol=TCS/part-081606_203108-036861.parquet,real_data_sample\l2_unseen_validation\trade_date=2026-07-17\exchange=NSE\symbol=TCS\part-081606_203108-036861.parquet,35219,downloaded,35219,
2026-07-17,NSE,TCS,raw_l2/trade_date=2026-07-17/exchange=NSE/symbol=TCS/part-081620_121771-036893.parquet,real_data_sample\l2_unseen_validation\trade_date=2026-07-17\exchange=NSE\symbol=TCS\part-081620_121771-036893.parquet,35625,downloaded,35625,
2026-07-17,NSE,TCS,raw_l2/trade_date=2026-07-17/exchange=NSE/symbol=TCS/part-081538_200391-036797.parquet,real_data_sample\l2_unseen_validation\trade_date=2026-07-17\exchange=NSE\symbol=TCS\part-081538_200391-036797.parquet,35127,downloaded,35127,
2026-07-17,NSE,TCS,raw_l2/trade_date=2026-07-17/exchange=NSE/symbol=TCS/part-081524_246752-036765.parquet,real_data_sample\l2_unseen_validation\trade_date=2026-07-17\exchange=NSE\symbol=TCS\part-081524_246752-036765.parquet,35732,downloaded,35732,
2026-07-17,NSE,TCS,raw_l2/trade_date=2026-07-17/exchange=NSE/symbol=TCS/part-081552_126488-036829.parquet,real_data_sample\l2_unseen_validation\trade_date=2026-07-17\exchange=NSE\symbol=TCS\part-081552_126488-036829.parquet,35341,downloaded,35341,
2026-07-17,NSE,TCS,raw_l2/trade_date=2026-07-17/exchange=NSE/symbol=TCS/part-081634_186637-036925.parquet,real_data_sample\l2_unseen_validation\trade_date=2026-07-17\exchange=NSE\symbol=TCS\part-081634_186637-036925.parquet,35669,downloaded,35669,
2026-07-17,NSE,TCS,raw_l2/trade_date=2026-07-17/exchange=NSE/symbol=TCS/part-082037_588700-037469.parquet,real_data_sample\l2_unseen_validation\trade_date=2026-07-17\exchange=NSE\symbol=TCS\part-082037_588700-037469.parquet,36112,downloaded,36112,
2026-07-17,NSE,TCS,raw_l2/trade_date=2026-07-17/exchange=NSE/symbol=TCS/part-082121_315567-037565.parquet,real_data_sample\l2_unseen_validation\trade_date=2026-07-17\exchange=NSE\symbol=TCS\part-082121_315567-037565.parquet,35554,downloaded,35554,
2026-07-17,NSE,TCS,raw_l2/trade_date=2026-07-17/exchange=NSE/symbol=TCS/part-082107_056461-037533.parquet,real_data_sample\l2_unseen_validation\trade_date=2026-07-17\exchange=NSE\symbol=TCS\part-082107_056461-037533.parquet,35549,downloaded,35549,
2026-07-17,NSE,TCS,raw_l2/trade_date=2026-07-17/exchange=NSE/symbol=TCS/part-081925_980713-037309.parquet,real_data_sample\l2_unseen_validation\trade_date=2026-07-17\exchange=NSE\symbol=TCS\part-081925_980713-037309.parquet,36454,downloaded,36454,
2026-07-17,NSE,TCS,raw_l2/trade_date=2026-07-17/exchange=NSE/symbol=TCS/part-081759_987228-037117.parquet,real_data_sample\l2_unseen_validation\trade_date=2026-07-17\exchange=NSE\symbol=TCS\part-081759_987228-037117.parquet,36160,downloaded,36160,
2026-07-17,NSE,TCS,raw_l2/trade_date=2026-07-17/exchange=NSE/symbol=TCS/part-081940_296269-037341.parquet,real_data_sample\l2_unseen_validation\trade_date=2026-07-17\exchange=NSE\symbol=TCS\part-081940_296269-037341.parquet,36363,downloaded,36363,
2026-07-17,NSE,TCS,raw_l2/trade_date=2026-07-17/exchange=NSE/symbol=TCS/part-081731_633596-037053.parquet,real_data_sample\l2_unseen_validation\trade_date=2026-07-17\exchange=NSE\symbol=TCS\part-081731_633596-037053.parquet,36355,downloaded,36355,
2026-07-17,NSE,TCS,raw_l2/trade_date=2026-07-17/exchange=NSE/symbol=TCS/part-081843_487991-037213.parquet,real_data_sample\l2_unseen_validation\trade_date=2026-07-17\exchange=NSE\symbol=TCS\part-081843_487991-037213.parquet,36257,downloaded,36257,
2026-07-17,NSE,TCS,raw_l2/trade_date=2026-07-17/exchange=NSE/symbol=TCS/part-081745_930757-037085.parquet,real_data_sample\l2_unseen_validation\trade_date=2026-07-17\exchange=NSE\symbol=TCS\part-081745_930757-037085.parquet,36331,downloaded,36331,
2026-07-17,NSE,TCS,raw_l2/trade_date=2026-07-17/exchange=NSE/symbol=TCS/part-081814_544757-037149.parquet,real_data_sample\l2_unseen_validation\trade_date=2026-07-17\exchange=NSE\symbol=TCS\part-081814_544757-037149.parquet,35723,downloaded,35723,
2026-07-17,NSE,TCS,raw_l2/trade_date=2026-07-17/exchange=NSE/symbol=TCS/part-081911_504475-037277.parquet,real_data_sample\l2_unseen_validation\trade_date=2026-07-17\exchange=NSE\symbol=TCS\part-081911_504475-037277.parquet,35906,downloaded,35906,
2026-07-17,NSE,TCS,raw_l2/trade_date=2026-07-17/exchange=NSE/symbol=TCS/part-082022_952464-037437.parquet,real_data_sample\l2_unseen_validation\trade_date=2026-07-17\exchange=NSE\symbol=TCS\part-082022_952464-037437.parquet,36455,downloaded,36455,
2026-07-17,NSE,TCS,raw_l2/trade_date=2026-07-17/exchange=NSE/symbol=TCS/part-082052_600921-037501.parquet,real_data_sample\l2_unseen_validation\trade_date=2026-07-17\exchange=NSE\symbol=TCS\part-082052_600921-037501.parquet,36267,downloaded,36267,
2026-07-17,NSE,TCS,raw_l2/trade_date=2026-07-17/exchange=NSE/symbol=TCS/part-081857_496916-037245.parquet,real_data_sample\l2_unseen_validation\trade_date=2026-07-17\exchange=NSE\symbol=TCS\part-081857_496916-037245.parquet,35796,downloaded,35796,
2026-07-17,NSE,TCS,raw_l2/trade_date=2026-07-17/exchange=NSE/symbol=TCS/part-082008_510038-037405.parquet,real_data_sample\l2_unseen_validation\trade_date=2026-07-17\exchange=NSE\symbol=TCS\part-082008_510038-037405.parquet,36470,downloaded,36470,
2026-07-17,NSE,TCS,raw_l2/trade_date=2026-07-17/exchange=NSE/symbol=TCS/part-081828_827389-037181.parquet,real_data_sample\l2_unseen_validation\trade_date=2026-07-17\exchange=NSE\symbol=TCS\part-081828_827389-037181.parquet,36060,downloaded,36060,
2026-07-17,NSE,TCS,raw_l2/trade_date=2026-07-17/exchange=NSE/symbol=TCS/part-081716_737019-037021.parquet,real_data_sample\l2_unseen_validation\trade_date=2026-07-17\exchange=NSE\symbol=TCS\part-081716_737019-037021.parquet,36259,downloaded,36259,
2026-07-17,NSE,TCS,raw_l2/trade_date=2026-07-17/exchange=NSE/symbol=TCS/part-081954_435002-037373.parquet,real_data_sample\l2_unseen_validation\trade_date=2026-07-17\exchange=NSE\symbol=TCS\part-081954_435002-037373.parquet,36660,downloaded,36660,
2026-07-17,NSE,TCS,raw_l2/trade_date=2026-07-17/exchange=NSE/symbol=TCS/part-081648_321491-036957.parquet,real_data_sample\l2_unseen_validation\trade_date=2026-07-17\exchange=NSE\symbol=TCS\part-081648_321491-036957.parquet,35872,downloaded,35872,
2026-07-17,NSE,TCS,raw_l2/trade_date=2026-07-17/exchange=NSE/symbol=TCS/part-081702_520968-036989.parquet,real_data_sample\l2_unseen_validation\trade_date=2026-07-17\exchange=NSE\symbol=TCS\part-081702_520968-036989.parquet,36152,downloaded,36152,
2026-07-17,NSE,TCS,raw_l2/trade_date=2026-07-17/exchange=NSE/symbol=TCS/part-080027_601551-034781.parquet,real_data_sample\l2_unseen_validation\trade_date=2026-07-17\exchange=NSE\symbol=TCS\part-080027_601551-034781.parquet,36136,downloaded,36136,
2026-07-17,NSE,TCS,raw_l2/trade_date=2026-07-17/exchange=NSE/symbol=TCS/part-082149_803893-037629.parquet,real_data_sample\l2_unseen_validation\trade_date=2026-07-17\exchange=NSE\symbol=TCS\part-082149_803893-037629.parquet,36102,downloaded,36102,
2026-07-17,NSE,TCS,raw_l2/trade_date=2026-07-17/exchange=NSE/symbol=TCS/part-082135_712752-037597.parquet,real_data_sample\l2_unseen_validation\trade_date=2026-07-17\exchange=NSE\symbol=TCS\part-082135_712752-037597.parquet,35825,downloaded,35825,
2026-07-17,NSE,TCS,raw_l2/trade_date=2026-07-17/exchange=NSE/symbol=TCS/part-082702_344904-038333.parquet,real_data_sample\l2_unseen_validation\trade_date=2026-07-17\exchange=NSE\symbol=TCS\part-082702_344904-038333.parquet,35598,downloaded,35598,
2026-07-17,NSE,TCS,raw_l2/trade_date=2026-07-17/exchange=NSE/symbol=TCS/part-082218_087272-037693.parquet,real_data_sample\l2_unseen_validation\trade_date=2026-07-17\exchange=NSE\symbol=TCS\part-082218_087272-037693.parquet,35957,downloaded,35957,
2026-07-17,NSE,TCS,raw_l2/trade_date=2026-07-17/exchange=NSE/symbol=TCS/part-082315_219003-037821.parquet,real_data_sample\l2_unseen_validation\trade_date=2026-07-17\exchange=NSE\symbol=TCS\part-082315_219003-037821.parquet,35880,downloaded,35880,
2026-07-17,NSE,TCS,raw_l2/trade_date=2026-07-17/exchange=NSE/symbol=TCS/part-082605_324879-038205.parquet,real_data_sample\l2_unseen_validation\trade_date=2026-07-17\exchange=NSE\symbol=TCS\part-082605_324879-038205.parquet,36186,downloaded,36186,
2026-07-17,NSE,TCS,raw_l2/trade_date=2026-07-17/exchange=NSE/symbol=TCS/part-082232_262788-037725.parquet,real_data_sample\l2_unseen_validation\trade_date=2026-07-17\exchange=NSE\symbol=TCS\part-082232_262788-037725.parquet,35944,downloaded,35944,
2026-07-17,NSE,TCS,raw_l2/trade_date=2026-07-17/exchange=NSE/symbol=TCS/part-082300_667649-037789.parquet,real_data_sample\l2_unseen_validation\trade_date=2026-07-17\exchange=NSE\symbol=TCS\part-082300_667649-037789.parquet,35697,downloaded,35697,
2026-07-17,NSE,TCS,raw_l2/trade_date=2026-07-17/exchange=NSE/symbol=TCS/part-082411_613596-037949.parquet,real_data_sample\l2_unseen_validation\trade_date=2026-07-17\exchange=NSE\symbol=TCS\part-082411_613596-037949.parquet,36333,downloaded,36333,
2026-07-17,NSE,TCS,raw_l2/trade_date=2026-07-17/exchange=NSE/symbol=TCS/part-082204_044316-037661.parquet,real_data_sample\l2_unseen_validation\trade_date=2026-07-17\exchange=NSE\symbol=TCS\part-082204_044316-037661.parquet,36153,downloaded,36153,
2026-07-17,NSE,TCS,raw_l2/trade_date=2026-07-17/exchange=NSE/symbol=TCS/part-082648_255924-038301.parquet,real_data_sample\l2_unseen_validation\trade_date=2026-07-17\exchange=NSE\symbol=TCS\part-082648_255924-038301.parquet,36046,downloaded,36046,
2026-07-17,NSE,TCS,raw_l2/trade_date=2026-07-17/exchange=NSE/symbol=TCS/part-082425_754537-037981.parquet,real_data_sample\l2_unseen_validation\trade_date=2026-07-17\exchange=NSE\symbol=TCS\part-082425_754537-037981.parquet,36105,downloaded,36105,
2026-07-17,NSE,TCS,raw_l2/trade_date=2026-07-17/exchange=NSE/symbol=TCS/part-082246_420891-037757.parquet,real_data_sample\l2_unseen_validation\trade_date=2026-07-17\exchange=NSE\symbol=TCS\part-082246_420891-037757.parquet,36132,downloaded,36132,
2026-07-17,NSE,TCS,raw_l2/trade_date=2026-07-17/exchange=NSE/symbol=TCS/part-082343_350278-037885.parquet,real_data_sample\l2_unseen_validation\trade_date=2026-07-17\exchange=NSE\symbol=TCS\part-082343_350278-037885.parquet,36277,downloaded,36277,
2026-07-17,NSE,TCS,raw_l2/trade_date=2026-07-17/exchange=NSE/symbol=TCS/part-082329_333849-037853.parquet,real_data_sample\l2_unseen_validation\trade_date=2026-07-17\exchange=NSE\symbol=TCS\part-082329_333849-037853.parquet,36129,downloaded,36129,
2026-07-17,NSE,TCS,raw_l2/trade_date=2026-07-17/exchange=NSE/symbol=TCS/part-082619_588468-038237.parquet,real_data_sample\l2_unseen_validation\trade_date=2026-07-17\exchange=NSE\symbol=TCS\part-082619_588468-038237.parquet,35830,downloaded,35830,
2026-07-17,NSE,TCS,raw_l2/trade_date=2026-07-17/exchange=NSE/symbol=TCS/part-082550_986470-038173.parquet,real_data_sample\l2_unseen_validation\trade_date=2026-07-17\exchange=NSE\symbol=TCS\part-082550_986470-038173.parquet,35830,downloaded,35830,
2026-07-17,NSE,TCS,raw_l2/trade_date=2026-07-17/exchange=NSE/symbol=TCS/part-082745_153797-038429.parquet,real_data_sample\l2_unseen_validation\trade_date=2026-07-17\exchange=NSE\symbol=TCS\part-082745_153797-038429.parquet,36080,downloaded,36080,
2026-07-17,NSE,TCS,raw_l2/trade_date=2026-07-17/exchange=NSE/symbol=TCS/part-082536_442244-038141.parquet,real_data_sample\l2_unseen_validation\trade_date=2026-07-17\exchange=NSE\symbol=TCS\part-082536_442244-038141.parquet,35874,downloaded,35874,
2026-07-17,NSE,TCS,raw_l2/trade_date=2026-07-17/exchange=NSE/symbol=TCS/part-082453_929747-038045.parquet,real_data_sample\l2_unseen_validation\trade_date=2026-07-17\exchange=NSE\symbol=TCS\part-082453_929747-038045.parquet,35442,downloaded,35442,
2026-07-17,NSE,TCS,raw_l2/trade_date=2026-07-17/exchange=NSE/symbol=TCS/part-082357_457806-037917.parquet,real_data_sample\l2_unseen_validation\trade_date=2026-07-17\exchange=NSE\symbol=TCS\part-082357_457806-037917.parquet,35896,downloaded,35896,
2026-07-17,NSE,TCS,raw_l2/trade_date=2026-07-17/exchange=NSE/symbol=TCS/part-082634_174998-038269.parquet,real_data_sample\l2_unseen_validation\trade_date=2026-07-17\exchange=NSE\symbol=TCS\part-082634_174998-038269.parquet,35892,downloaded,35892,
2026-07-17,NSE,TCS,raw_l2/trade_date=2026-07-17/exchange=NSE/symbol=TCS/part-082439_775890-038013.parquet,real_data_sample\l2_unseen_validation\trade_date=2026-07-17\exchange=NSE\symbol=TCS\part-082439_775890-038013.parquet,36102,downloaded,36102,
2026-07-17,NSE,TCS,raw_l2/trade_date=2026-07-17/exchange=NSE/symbol=TCS/part-082730_831652-038397.parquet,real_data_sample\l2_unseen_validation\trade_date=2026-07-17\exchange=NSE\symbol=TCS\part-082730_831652-038397.parquet,35530,downloaded,35530,
2026-07-17,NSE,TCS,raw_l2/trade_date=2026-07-17/exchange=NSE/symbol=TCS/part-082507_995271-038077.parquet,real_data_sample\l2_unseen_validation\trade_date=2026-07-17\exchange=NSE\symbol=TCS\part-082507_995271-038077.parquet,35507,downloaded,35507,
2026-07-17,NSE,TCS,raw_l2/trade_date=2026-07-17/exchange=NSE/symbol=TCS/part-082716_724044-038365.parquet,real_data_sample\l2_unseen_validation\trade_date=2026-07-17\exchange=NSE\symbol=TCS\part-082716_724044-038365.parquet,35774,downloaded,35774,
2026-07-17,NSE,TCS,raw_l2/trade_date=2026-07-17/exchange=NSE/symbol=TCS/part-082522_126670-038109.parquet,real_data_sample\l2_unseen_validation\trade_date=2026-07-17\exchange=NSE\symbol=TCS\part-082522_126670-038109.parquet,35869,downloaded,35869,
2026-07-17,NSE,TCS,raw_l2/trade_date=2026-07-17/exchange=NSE/symbol=TCS/part-082814_104483-038493.parquet,real_data_sample\l2_unseen_validation\trade_date=2026-07-17\exchange=NSE\symbol=TCS\part-082814_104483-038493.parquet,35906,downloaded,35906,
2026-07-17,NSE,TCS,raw_l2/trade_date=2026-07-17/exchange=NSE/symbol=TCS/part-082912_090098-038621.parquet,real_data_sample\l2_unseen_validation\trade_date=2026-07-17\exchange=NSE\symbol=TCS\part-082912_090098-038621.parquet,34844,downloaded,34844,
2026-07-17,NSE,TCS,raw_l2/trade_date=2026-07-17/exchange=NSE/symbol=TCS/part-082843_011310-038557.parquet,real_data_sample\l2_unseen_validation\trade_date=2026-07-17\exchange=NSE\symbol=TCS\part-082843_011310-038557.parquet,34927,downloaded,34927,
2026-07-17,NSE,TCS,raw_l2/trade_date=2026-07-17/exchange=NSE/symbol=TCS/part-082857_427945-038589.parquet,real_data_sample\l2_unseen_validation\trade_date=2026-07-17\exchange=NSE\symbol=TCS\part-082857_427945-038589.parquet,34795,downloaded,34795,
2026-07-17,NSE,TCS,raw_l2/trade_date=2026-07-17/exchange=NSE/symbol=TCS/part-082941_030069-038685.parquet,real_data_sample\l2_unseen_validation\trade_date=2026-07-17\exchange=NSE\symbol=TCS\part-082941_030069-038685.parquet,34922,downloaded,34922,
2026-07-17,NSE,TCS,raw_l2/trade_date=2026-07-17/exchange=NSE/symbol=TCS/part-083010_375880-038749.parquet,real_data_sample\l2_unseen_validation\trade_date=2026-07-17\exchange=NSE\symbol=TCS\part-083010_375880-038749.parquet,34802,downloaded,34802,
2026-07-17,NSE,TCS,raw_l2/trade_date=2026-07-17/exchange=NSE/symbol=TCS/part-082955_627801-038717.parquet,real_data_sample\l2_unseen_validation\trade_date=2026-07-17\exchange=NSE\symbol=TCS\part-082955_627801-038717.parquet,34880,downloaded,34880,
2026-07-17,NSE,TCS,raw_l2/trade_date=2026-07-17/exchange=NSE/symbol=TCS/part-083137_549139-038941.parquet,real_data_sample\l2_unseen_validation\trade_date=2026-07-17\exchange=NSE\symbol=TCS\part-083137_549139-038941.parquet,35651,downloaded,35651,
2026-07-17,NSE,TCS,raw_l2/trade_date=2026-07-17/exchange=NSE/symbol=TCS/part-082926_601097-038653.parquet,real_data_sample\l2_unseen_validation\trade_date=2026-07-17\exchange=NSE\symbol=TCS\part-082926_601097-038653.parquet,34775,downloaded,34775,
2026-07-17,NSE,TCS,raw_l2/trade_date=2026-07-17/exchange=NSE/symbol=TCS/part-083151_800039-038973.parquet,real_data_sample\l2_unseen_validation\trade_date=2026-07-17\exchange=NSE\symbol=TCS\part-083151_800039-038973.parquet,36327,downloaded,36327,
2026-07-17,NSE,TCS,raw_l2/trade_date=2026-07-17/exchange=NSE/symbol=TCS/part-083430_979178-039325.parquet,real_data_sample\l2_unseen_validation\trade_date=2026-07-17\exchange=NSE\symbol=TCS\part-083430_979178-039325.parquet,36128,downloaded,36128,
2026-07-17,NSE,TCS,raw_l2/trade_date=2026-07-17/exchange=NSE/symbol=TCS/part-083250_261470-039101.parquet,real_data_sample\l2_unseen_validation\trade_date=2026-07-17\exchange=NSE\symbol=TCS\part-083250_261470-039101.parquet,36530,downloaded,36530,
2026-07-17,NSE,TCS,raw_l2/trade_date=2026-07-17/exchange=NSE/symbol=TCS/part-083221_043739-039037.parquet,real_data_sample\l2_unseen_validation\trade_date=2026-07-17\exchange=NSE\symbol=TCS\part-083221_043739-039037.parquet,36092,downloaded,36092,
2026-07-17,NSE,TCS,raw_l2/trade_date=2026-07-17/exchange=NSE/symbol=TCS/part-082828_685882-038525.parquet,real_data_sample\l2_unseen_validation\trade_date=2026-07-17\exchange=NSE\symbol=TCS\part-082828_685882-038525.parquet,34730,downloaded,34730,
2026-07-17,NSE,TCS,raw_l2/trade_date=2026-07-17/exchange=NSE/symbol=TCS/part-083024_627040-038781.parquet,real_data_sample\l2_unseen_validation\trade_date=2026-07-17\exchange=NSE\symbol=TCS\part-083024_627040-038781.parquet,34684,downloaded,34684,
2026-07-17,NSE,TCS,raw_l2/trade_date=2026-07-17/exchange=NSE/symbol=TCS/part-083235_611540-039069.parquet,real_data_sample\l2_unseen_validation\trade_date=2026-07-17\exchange=NSE\symbol=TCS\part-083235_611540-039069.parquet,36350,downloaded,36350,
2026-07-17,NSE,TCS,raw_l2/trade_date=2026-07-17/exchange=NSE/symbol=TCS/part-083304_776015-039133.parquet,real_data_sample\l2_unseen_validation\trade_date=2026-07-17\exchange=NSE\symbol=TCS\part-083304_776015-039133.parquet,36033,downloaded,36033,
2026-07-17,NSE,TCS,raw_l2/trade_date=2026-07-17/exchange=NSE/symbol=TCS/part-083347_949705-039229.parquet,real_data_sample\l2_unseen_validation\trade_date=2026-07-17\exchange=NSE\symbol=TCS\part-083347_949705-039229.parquet,35899,downloaded,35899,
2026-07-17,NSE,TCS,raw_l2/trade_date=2026-07-17/exchange=NSE/symbol=TCS/part-083122_803848-038909.parquet,real_data_sample\l2_unseen_validation\trade_date=2026-07-17\exchange=NSE\symbol=TCS\part-083122_803848-038909.parquet,35717,downloaded,35717,
2026-07-17,NSE,TCS,raw_l2/trade_date=2026-07-17/exchange=NSE/symbol=TCS/part-083206_232352-039005.parquet,real_data_sample\l2_unseen_validation\trade_date=2026-07-17\exchange=NSE\symbol=TCS\part-083206_232352-039005.parquet,36027,downloaded,36027,
2026-07-17,NSE,TCS,raw_l2/trade_date=2026-07-17/exchange=NSE/symbol=TCS/part-083108_135932-038877.parquet,real_data_sample\l2_unseen_validation\trade_date=2026-07-17\exchange=NSE\symbol=TCS\part-083108_135932-038877.parquet,34764,downloaded,34764,
2026-07-17,NSE,TCS,raw_l2/trade_date=2026-07-17/exchange=NSE/symbol=TCS/part-083053_396122-038845.parquet,real_data_sample\l2_unseen_validation\trade_date=2026-07-17\exchange=NSE\symbol=TCS\part-083053_396122-038845.parquet,34760,downloaded,34760,
2026-07-17,NSE,TCS,raw_l2/trade_date=2026-07-17/exchange=NSE/symbol=TCS/part-083039_008600-038813.parquet,real_data_sample\l2_unseen_validation\trade_date=2026-07-17\exchange=NSE\symbol=TCS\part-083039_008600-038813.parquet,34775,downloaded,34775,
2026-07-17,NSE,TCS,raw_l2/trade_date=2026-07-17/exchange=NSE/symbol=TCS/part-083416_659429-039293.parquet,real_data_sample\l2_unseen_validation\trade_date=2026-07-17\exchange=NSE\symbol=TCS\part-083416_659429-039293.parquet,36112,downloaded,36112,
2026-07-17,NSE,TCS,raw_l2/trade_date=2026-07-17/exchange=NSE/symbol=TCS/part-083319_391905-039165.parquet,real_data_sample\l2_unseen_validation\trade_date=2026-07-17\exchange=NSE\symbol=TCS\part-083319_391905-039165.parquet,36027,downloaded,36027,
2026-07-17,NSE,TCS,raw_l2/trade_date=2026-07-17/exchange=NSE/symbol=TCS/part-083333_706034-039197.parquet,real_data_sample\l2_unseen_validation\trade_date=2026-07-17\exchange=NSE\symbol=TCS\part-083333_706034-039197.parquet,35992,downloaded,35992,
2026-07-17,NSE,TCS,raw_l2/trade_date=2026-07-17/exchange=NSE/symbol=TCS/part-083402_463189-039261.parquet,real_data_sample\l2_unseen_validation\trade_date=2026-07-17\exchange=NSE\symbol=TCS\part-083402_463189-039261.parquet,36161,downloaded,36161,
2026-07-17,NSE,TCS,raw_l2/trade_date=2026-07-17/exchange=NSE/symbol=TCS/part-083445_363290-039357.parquet,real_data_sample\l2_unseen_validation\trade_date=2026-07-17\exchange=NSE\symbol=TCS\part-083445_363290-039357.parquet,36232,downloaded,36232,
2026-07-17,NSE,TCS,raw_l2/trade_date=2026-07-17/exchange=NSE/symbol=TCS/part-083514_051192-039421.parquet,real_data_sample\l2_unseen_validation\trade_date=2026-07-17\exchange=NSE\symbol=TCS\part-083514_051192-039421.parquet,35949,downloaded,35949,
2026-07-17,NSE,TCS,raw_l2/trade_date=2026-07-17/exchange=NSE/symbol=TCS/part-083528_211362-039453.parquet,real_data_sample\l2_unseen_validation\trade_date=2026-07-17\exchange=NSE\symbol=TCS\part-083528_211362-039453.parquet,36229,downloaded,36229,
2026-07-17,NSE,TCS,raw_l2/trade_date=2026-07-17/exchange=NSE/symbol=TCS/part-083459_871983-039389.parquet,real_data_sample\l2_unseen_validation\trade_date=2026-07-17\exchange=NSE\symbol=TCS\part-083459_871983-039389.parquet,35992,downloaded,35992,
2026-07-17,NSE,TCS,raw_l2/trade_date=2026-07-17/exchange=NSE/symbol=TCS/part-083542_310038-039485.parquet,real_data_sample\l2_unseen_validation\trade_date=2026-07-17\exchange=NSE\symbol=TCS\part-083542_310038-039485.parquet,36140,downloaded,36140,
2026-07-17,NSE,TCS,raw_l2/trade_date=2026-07-17/exchange=NSE/symbol=TCS/part-083750_345347-039773.parquet,real_data_sample\l2_unseen_validation\trade_date=2026-07-17\exchange=NSE\symbol=TCS\part-083750_345347-039773.parquet,35898,downloaded,35898,
2026-07-17,NSE,TCS,raw_l2/trade_date=2026-07-17/exchange=NSE/symbol=TCS/part-083610_889195-039549.parquet,real_data_sample\l2_unseen_validation\trade_date=2026-07-17\exchange=NSE\symbol=TCS\part-083610_889195-039549.parquet,35474,downloaded,35474,
2026-07-17,NSE,TCS,raw_l2/trade_date=2026-07-17/exchange=NSE/symbol=TCS/part-083625_018686-039581.parquet,real_data_sample\l2_unseen_validation\trade_date=2026-07-17\exchange=NSE\symbol=TCS\part-083625_018686-039581.parquet,36263,downloaded,36263,
2026-07-17,NSE,TCS,raw_l2/trade_date=2026-07-17/exchange=NSE/symbol=TCS/part-084042_218613-040157.parquet,real_data_sample\l2_unseen_validation\trade_date=2026-07-17\exchange=NSE\symbol=TCS\part-084042_218613-040157.parquet,35880,downloaded,35880,
2026-07-17,NSE,TCS,raw_l2/trade_date=2026-07-17/exchange=NSE/symbol=TCS/part-083556_400169-039517.parquet,real_data_sample\l2_unseen_validation\trade_date=2026-07-17\exchange=NSE\symbol=TCS\part-083556_400169-039517.parquet,35862,downloaded,35862,
2026-07-17,NSE,TCS,raw_l2/trade_date=2026-07-17/exchange=NSE/symbol=TCS/part-083653_593005-039645.parquet,real_data_sample\l2_unseen_validation\trade_date=2026-07-17\exchange=NSE\symbol=TCS\part-083653_593005-039645.parquet,35627,downloaded,35627,
2026-07-17,NSE,TCS,raw_l2/trade_date=2026-07-17/exchange=NSE/symbol=TCS/part-083721_869804-039709.parquet,real_data_sample\l2_unseen_validation\trade_date=2026-07-17\exchange=NSE\symbol=TCS\part-083721_869804-039709.parquet,35792,downloaded,35792,
2026-07-17,NSE,TCS,raw_l2/trade_date=2026-07-17/exchange=NSE/symbol=TCS/part-083944_858533-040029.parquet,real_data_sample\l2_unseen_validation\trade_date=2026-07-17\exchange=NSE\symbol=TCS\part-083944_858533-040029.parquet,35548,downloaded,35548,
2026-07-17,NSE,TCS,raw_l2/trade_date=2026-07-17/exchange=NSE/symbol=TCS/part-083847_546957-039901.parquet,real_data_sample\l2_unseen_validation\trade_date=2026-07-17\exchange=NSE\symbol=TCS\part-083847_546957-039901.parquet,35782,downloaded,35782,
2026-07-17,NSE,TCS,raw_l2/trade_date=2026-07-17/exchange=NSE/symbol=TCS/part-083736_153955-039741.parquet,real_data_sample\l2_unseen_validation\trade_date=2026-07-17\exchange=NSE\symbol=TCS\part-083736_153955-039741.parquet,35617,downloaded,35617,
2026-07-17,NSE,TCS,raw_l2/trade_date=2026-07-17/exchange=NSE/symbol=TCS/part-083833_445183-039869.parquet,real_data_sample\l2_unseen_validation\trade_date=2026-07-17\exchange=NSE\symbol=TCS\part-083833_445183-039869.parquet,35797,downloaded,35797,
2026-07-17,NSE,TCS,raw_l2/trade_date=2026-07-17/exchange=NSE/symbol=TCS/part-075444_375609-034013.parquet,real_data_sample\l2_unseen_validation\trade_date=2026-07-17\exchange=NSE\symbol=TCS\part-075444_375609-034013.parquet,36320,downloaded,36320,
2026-07-17,NSE,TCS,raw_l2/trade_date=2026-07-17/exchange=NSE/symbol=TCS/part-083707_629206-039677.parquet,real_data_sample\l2_unseen_validation\trade_date=2026-07-17\exchange=NSE\symbol=TCS\part-083707_629206-039677.parquet,35593,downloaded,35593,
2026-07-17,NSE,TCS,raw_l2/trade_date=2026-07-17/exchange=NSE/symbol=TCS/part-083639_305555-039613.parquet,real_data_sample\l2_unseen_validation\trade_date=2026-07-17\exchange=NSE\symbol=TCS\part-083639_305555-039613.parquet,35771,downloaded,35771,
2026-07-17,NSE,TCS,raw_l2/trade_date=2026-07-17/exchange=NSE/symbol=TCS/part-083916_257421-039965.parquet,real_data_sample\l2_unseen_validation\trade_date=2026-07-17\exchange=NSE\symbol=TCS\part-083916_257421-039965.parquet,35626,downloaded,35626,
2026-07-17,NSE,TCS,raw_l2/trade_date=2026-07-17/exchange=NSE/symbol=TCS/part-083804_698482-039805.parquet,real_data_sample\l2_unseen_validation\trade_date=2026-07-17\exchange=NSE\symbol=TCS\part-083804_698482-039805.parquet,35659,downloaded,35659,
2026-07-17,NSE,TCS,raw_l2/trade_date=2026-07-17/exchange=NSE/symbol=TCS/part-083818_963724-039837.parquet,real_data_sample\l2_unseen_validation\trade_date=2026-07-17\exchange=NSE\symbol=TCS\part-083818_963724-039837.parquet,35369,downloaded,35369,
2026-07-17,NSE,TCS,raw_l2/trade_date=2026-07-17/exchange=NSE/symbol=TCS/part-084056_703131-040189.parquet,real_data_sample\l2_unseen_validation\trade_date=2026-07-17\exchange=NSE\symbol=TCS\part-084056_703131-040189.parquet,35805,downloaded,35805,
2026-07-17,NSE,TCS,raw_l2/trade_date=2026-07-17/exchange=NSE/symbol=TCS/part-083930_745126-039997.parquet,real_data_sample\l2_unseen_validation\trade_date=2026-07-17\exchange=NSE\symbol=TCS\part-083930_745126-039997.parquet,35558,downloaded,35558,
2026-07-17,NSE,TCS,raw_l2/trade_date=2026-07-17/exchange=NSE/symbol=TCS/part-083902_036448-039933.parquet,real_data_sample\l2_unseen_validation\trade_date=2026-07-17\exchange=NSE\symbol=TCS\part-083902_036448-039933.parquet,36181,downloaded,36181,
2026-07-17,NSE,TCS,raw_l2/trade_date=2026-07-17/exchange=NSE/symbol=TCS/part-083959_366927-040061.parquet,real_data_sample\l2_unseen_validation\trade_date=2026-07-17\exchange=NSE\symbol=TCS\part-083959_366927-040061.parquet,35975,downloaded,35975,
2026-07-17,NSE,TCS,raw_l2/trade_date=2026-07-17/exchange=NSE/symbol=TCS/part-084027_775542-040125.parquet,real_data_sample\l2_unseen_validation\trade_date=2026-07-17\exchange=NSE\symbol=TCS\part-084027_775542-040125.parquet,35773,downloaded,35773,
2026-07-17,NSE,TCS,raw_l2/trade_date=2026-07-17/exchange=NSE/symbol=TCS/part-084110_721779-040221.parquet,real_data_sample\l2_unseen_validation\trade_date=2026-07-17\exchange=NSE\symbol=TCS\part-084110_721779-040221.parquet,35830,downloaded,35830,
2026-07-17,NSE,TCS,raw_l2/trade_date=2026-07-17/exchange=NSE/symbol=TCS/part-084125_051914-040253.parquet,real_data_sample\l2_unseen_validation\trade_date=2026-07-17\exchange=NSE\symbol=TCS\part-084125_051914-040253.parquet,35918,downloaded,35918,
2026-07-17,NSE,TCS,raw_l2/trade_date=2026-07-17/exchange=NSE/symbol=TCS/part-084139_499590-040285.parquet,real_data_sample\l2_unseen_validation\trade_date=2026-07-17\exchange=NSE\symbol=TCS\part-084139_499590-040285.parquet,36286,downloaded,36286,
2026-07-17,NSE,TCS,raw_l2/trade_date=2026-07-17/exchange=NSE/symbol=TCS/part-082759_546087-038461.parquet,real_data_sample\l2_unseen_validation\trade_date=2026-07-17\exchange=NSE\symbol=TCS\part-082759_546087-038461.parquet,35821,downloaded,35821,
2026-07-17,NSE,TCS,raw_l2/trade_date=2026-07-17/exchange=NSE/symbol=TCS/part-084208_234893-040349.parquet,real_data_sample\l2_unseen_validation\trade_date=2026-07-17\exchange=NSE\symbol=TCS\part-084208_234893-040349.parquet,35994,downloaded,35994,
2026-07-17,NSE,TCS,raw_l2/trade_date=2026-07-17/exchange=NSE/symbol=TCS/part-084153_872625-040317.parquet,real_data_sample\l2_unseen_validation\trade_date=2026-07-17\exchange=NSE\symbol=TCS\part-084153_872625-040317.parquet,36051,downloaded,36051,
2026-07-17,NSE,TCS,raw_l2/trade_date=2026-07-17/exchange=NSE/symbol=TCS/part-084222_651773-040381.parquet,real_data_sample\l2_unseen_validation\trade_date=2026-07-17\exchange=NSE\symbol=TCS\part-084222_651773-040381.parquet,35668,downloaded,35668,
2026-07-17,NSE,TCS,raw_l2/trade_date=2026-07-17/exchange=NSE/symbol=TCS/part-084251_407244-040445.parquet,real_data_sample\l2_unseen_validation\trade_date=2026-07-17\exchange=NSE\symbol=TCS\part-084251_407244-040445.parquet,35728,downloaded,35728,
2026-07-17,NSE,TCS,raw_l2/trade_date=2026-07-17/exchange=NSE/symbol=TCS/part-084348_947751-040573.parquet,real_data_sample\l2_unseen_validation\trade_date=2026-07-17\exchange=NSE\symbol=TCS\part-084348_947751-040573.parquet,36074,downloaded,36074,
2026-07-17,NSE,TCS,raw_l2/trade_date=2026-07-17/exchange=NSE/symbol=TCS/part-084236_910844-040413.parquet,real_data_sample\l2_unseen_validation\trade_date=2026-07-17\exchange=NSE\symbol=TCS\part-084236_910844-040413.parquet,35955,downloaded,35955,
2026-07-17,NSE,TCS,raw_l2/trade_date=2026-07-17/exchange=NSE/symbol=TCS/part-084305_501889-040477.parquet,real_data_sample\l2_unseen_validation\trade_date=2026-07-17\exchange=NSE\symbol=TCS\part-084305_501889-040477.parquet,35607,downloaded,35607,
2026-07-17,NSE,TCS,raw_l2/trade_date=2026-07-17/exchange=NSE/symbol=TCS/part-084529_921885-040797.parquet,real_data_sample\l2_unseen_validation\trade_date=2026-07-17\exchange=NSE\symbol=TCS\part-084529_921885-040797.parquet,35954,downloaded,35954,
2026-07-17,NSE,TCS,raw_l2/trade_date=2026-07-17/exchange=NSE/symbol=TCS/part-084558_691771-040861.parquet,real_data_sample\l2_unseen_validation\trade_date=2026-07-17\exchange=NSE\symbol=TCS\part-084558_691771-040861.parquet,36068,downloaded,36068,
2026-07-17,NSE,TCS,raw_l2/trade_date=2026-07-17/exchange=NSE/symbol=TCS/part-084320_013543-040509.parquet,real_data_sample\l2_unseen_validation\trade_date=2026-07-17\exchange=NSE\symbol=TCS\part-084320_013543-040509.parquet,35932,downloaded,35932,
2026-07-17,NSE,TCS,raw_l2/trade_date=2026-07-17/exchange=NSE/symbol=TCS/part-084334_528579-040541.parquet,real_data_sample\l2_unseen_validation\trade_date=2026-07-17\exchange=NSE\symbol=TCS\part-084334_528579-040541.parquet,35969,downloaded,35969,
2026-07-17,NSE,TCS,raw_l2/trade_date=2026-07-17/exchange=NSE/symbol=TCS/part-084403_464379-040605.parquet,real_data_sample\l2_unseen_validation\trade_date=2026-07-17\exchange=NSE\symbol=TCS\part-084403_464379-040605.parquet,35769,downloaded,35769,
2026-07-17,NSE,TCS,raw_l2/trade_date=2026-07-17/exchange=NSE/symbol=TCS/part-084627_257968-040925.parquet,real_data_sample\l2_unseen_validation\trade_date=2026-07-17\exchange=NSE\symbol=TCS\part-084627_257968-040925.parquet,36161,downloaded,36161,
2026-07-17,NSE,TCS,raw_l2/trade_date=2026-07-17/exchange=NSE/symbol=TCS/part-084515_497368-040765.parquet,real_data_sample\l2_unseen_validation\trade_date=2026-07-17\exchange=NSE\symbol=TCS\part-084515_497368-040765.parquet,35605,downloaded,35605,
2026-07-17,NSE,TCS,raw_l2/trade_date=2026-07-17/exchange=NSE/symbol=TCS/part-084446_633633-040701.parquet,real_data_sample\l2_unseen_validation\trade_date=2026-07-17\exchange=NSE\symbol=TCS\part-084446_633633-040701.parquet,35564,downloaded,35564,
2026-07-17,NSE,TCS,raw_l2/trade_date=2026-07-17/exchange=NSE/symbol=TCS/part-084613_097395-040893.parquet,real_data_sample\l2_unseen_validation\trade_date=2026-07-17\exchange=NSE\symbol=TCS\part-084613_097395-040893.parquet,36724,downloaded,36724,
2026-07-17,NSE,TCS,raw_l2/trade_date=2026-07-17/exchange=NSE/symbol=TCS/part-084641_671660-040957.parquet,real_data_sample\l2_unseen_validation\trade_date=2026-07-17\exchange=NSE\symbol=TCS\part-084641_671660-040957.parquet,36091,downloaded,36091,
2026-07-17,NSE,TCS,raw_l2/trade_date=2026-07-17/exchange=NSE/symbol=TCS/part-084417_913260-040637.parquet,real_data_sample\l2_unseen_validation\trade_date=2026-07-17\exchange=NSE\symbol=TCS\part-084417_913260-040637.parquet,35726,downloaded,35726,
2026-07-17,NSE,TCS,raw_l2/trade_date=2026-07-17/exchange=NSE/symbol=TCS/part-084432_388135-040669.parquet,real_data_sample\l2_unseen_validation\trade_date=2026-07-17\exchange=NSE\symbol=TCS\part-084432_388135-040669.parquet,35954,downloaded,35954,
2026-07-17,NSE,TCS,raw_l2/trade_date=2026-07-17/exchange=NSE/symbol=TCS/part-084710_104310-041021.parquet,real_data_sample\l2_unseen_validation\trade_date=2026-07-17\exchange=NSE\symbol=TCS\part-084710_104310-041021.parquet,36061,downloaded,36061,
2026-07-17,NSE,TCS,raw_l2/trade_date=2026-07-17/exchange=NSE/symbol=TCS/part-084544_313672-040829.parquet,real_data_sample\l2_unseen_validation\trade_date=2026-07-17\exchange=NSE\symbol=TCS\part-084544_313672-040829.parquet,36447,downloaded,36447,
2026-07-17,NSE,TCS,raw_l2/trade_date=2026-07-17/exchange=NSE/symbol=TCS/part-084724_222501-041053.parquet,real_data_sample\l2_unseen_validation\trade_date=2026-07-17\exchange=NSE\symbol=TCS\part-084724_222501-041053.parquet,36259,downloaded,36259,
2026-07-17,NSE,TCS,raw_l2/trade_date=2026-07-17/exchange=NSE/symbol=TCS/part-084655_852174-040989.parquet,real_data_sample\l2_unseen_validation\trade_date=2026-07-17\exchange=NSE\symbol=TCS\part-084655_852174-040989.parquet,36005,downloaded,36005,
2026-07-17,NSE,TCS,raw_l2/trade_date=2026-07-17/exchange=NSE/symbol=TCS/part-084738_479620-041085.parquet,real_data_sample\l2_unseen_validation\trade_date=2026-07-17\exchange=NSE\symbol=TCS\part-084738_479620-041085.parquet,36164,downloaded,36164,
2026-07-17,NSE,TCS,raw_l2/trade_date=2026-07-17/exchange=NSE/symbol=TCS/part-084752_775693-041117.parquet,real_data_sample\l2_unseen_validation\trade_date=2026-07-17\exchange=NSE\symbol=TCS\part-084752_775693-041117.parquet,36205,downloaded,36205,
2026-07-17,NSE,TCS,raw_l2/trade_date=2026-07-17/exchange=NSE/symbol=TCS/part-084807_134214-041149.parquet,real_data_sample\l2_unseen_validation\trade_date=2026-07-17\exchange=NSE\symbol=TCS\part-084807_134214-041149.parquet,35916,downloaded,35916,
2026-07-17,NSE,TCS,raw_l2/trade_date=2026-07-17/exchange=NSE/symbol=TCS/part-084835_845040-041213.parquet,real_data_sample\l2_unseen_validation\trade_date=2026-07-17\exchange=NSE\symbol=TCS\part-084835_845040-041213.parquet,35723,downloaded,35723,
2026-07-17,NSE,TCS,raw_l2/trade_date=2026-07-17/exchange=NSE/symbol=TCS/part-084850_250435-041245.parquet,real_data_sample\l2_unseen_validation\trade_date=2026-07-17\exchange=NSE\symbol=TCS\part-084850_250435-041245.parquet,35852,downloaded,35852,
2026-07-17,NSE,TCS,raw_l2/trade_date=2026-07-17/exchange=NSE/symbol=TCS/part-080926_083959-035965.parquet,real_data_sample\l2_unseen_validation\trade_date=2026-07-17\exchange=NSE\symbol=TCS\part-080926_083959-035965.parquet,36611,downloaded,36611,
2026-07-17,NSE,TCS,raw_l2/trade_date=2026-07-17/exchange=NSE/symbol=TCS/part-084904_725142-041277.parquet,real_data_sample\l2_unseen_validation\trade_date=2026-07-17\exchange=NSE\symbol=TCS\part-084904_725142-041277.parquet,35801,downloaded,35801,
2026-07-17,NSE,TCS,raw_l2/trade_date=2026-07-17/exchange=NSE/symbol=TCS/part-081122_145590-036221.parquet,real_data_sample\l2_unseen_validation\trade_date=2026-07-17\exchange=NSE\symbol=TCS\part-081122_145590-036221.parquet,35870,downloaded,35870,
2026-07-17,NSE,TCS,raw_l2/trade_date=2026-07-17/exchange=NSE/symbol=TCS/part-081330_838795-036509.parquet,real_data_sample\l2_unseen_validation\trade_date=2026-07-17\exchange=NSE\symbol=TCS\part-081330_838795-036509.parquet,36149,downloaded,36149,
2026-07-17,NSE,TCS,raw_l2/trade_date=2026-07-17/exchange=NSE/symbol=TCS/part-085031_698213-041469.parquet,real_data_sample\l2_unseen_validation\trade_date=2026-07-17\exchange=NSE\symbol=TCS\part-085031_698213-041469.parquet,35968,downloaded,35968,
2026-07-17,NSE,TCS,raw_l2/trade_date=2026-07-17/exchange=NSE/symbol=TCS/part-085100_782548-041533.parquet,real_data_sample\l2_unseen_validation\trade_date=2026-07-17\exchange=NSE\symbol=TCS\part-085100_782548-041533.parquet,36066,downloaded,36066,
2026-07-17,NSE,TCS,raw_l2/trade_date=2026-07-17/exchange=NSE/symbol=TCS/part-085046_057235-041501.parquet,real_data_sample\l2_unseen_validation\trade_date=2026-07-17\exchange=NSE\symbol=TCS\part-085046_057235-041501.parquet,36054,downloaded,36054,
2026-07-17,NSE,TCS,raw_l2/trade_date=2026-07-17/exchange=NSE/symbol=TCS/part-084933_979226-041341.parquet,real_data_sample\l2_unseen_validation\trade_date=2026-07-17\exchange=NSE\symbol=TCS\part-084933_979226-041341.parquet,36044,downloaded,36044,
2026-07-17,NSE,TCS,raw_l2/trade_date=2026-07-17/exchange=NSE/symbol=TCS/part-085129_669491-041597.parquet,real_data_sample\l2_unseen_validation\trade_date=2026-07-17\exchange=NSE\symbol=TCS\part-085129_669491-041597.parquet,36226,downloaded,36226,
2026-07-17,NSE,TCS,raw_l2/trade_date=2026-07-17/exchange=NSE/symbol=TCS/part-084919_614904-041309.parquet,real_data_sample\l2_unseen_validation\trade_date=2026-07-17\exchange=NSE\symbol=TCS\part-084919_614904-041309.parquet,36136,downloaded,36136,
2026-07-17,NSE,TCS,raw_l2/trade_date=2026-07-17/exchange=NSE/symbol=TCS/part-085228_146176-041725.parquet,real_data_sample\l2_unseen_validation\trade_date=2026-07-17\exchange=NSE\symbol=TCS\part-085228_146176-041725.parquet,36268,downloaded,36268,
2026-07-17,NSE,TCS,raw_l2/trade_date=2026-07-17/exchange=NSE/symbol=TCS/part-085017_397172-041437.parquet,real_data_sample\l2_unseen_validation\trade_date=2026-07-17\exchange=NSE\symbol=TCS\part-085017_397172-041437.parquet,36195,downloaded,36195,
2026-07-17,NSE,TCS,raw_l2/trade_date=2026-07-17/exchange=NSE/symbol=TCS/part-085003_003420-041405.parquet,real_data_sample\l2_unseen_validation\trade_date=2026-07-17\exchange=NSE\symbol=TCS\part-085003_003420-041405.parquet,36214,downloaded,36214,
2026-07-17,NSE,TCS,raw_l2/trade_date=2026-07-17/exchange=NSE/symbol=TCS/part-084948_449633-041373.parquet,real_data_sample\l2_unseen_validation\trade_date=2026-07-17\exchange=NSE\symbol=TCS\part-084948_449633-041373.parquet,36020,downloaded,36020,
2026-07-17,NSE,TCS,raw_l2/trade_date=2026-07-17/exchange=NSE/symbol=TCS/part-085115_453609-041565.parquet,real_data_sample\l2_unseen_validation\trade_date=2026-07-17\exchange=NSE\symbol=TCS\part-085115_453609-041565.parquet,35832,downloaded,35832,
2026-07-17,NSE,TCS,raw_l2/trade_date=2026-07-17/exchange=NSE/symbol=TCS/part-085158_753506-041661.parquet,real_data_sample\l2_unseen_validation\trade_date=2026-07-17\exchange=NSE\symbol=TCS\part-085158_753506-041661.parquet,35854,downloaded,35854,
2026-07-17,NSE,TCS,raw_l2/trade_date=2026-07-17/exchange=NSE/symbol=TCS/part-085312_640691-041821.parquet,real_data_sample\l2_unseen_validation\trade_date=2026-07-17\exchange=NSE\symbol=TCS\part-085312_640691-041821.parquet,36056,downloaded,36056,
2026-07-17,NSE,TCS,raw_l2/trade_date=2026-07-17/exchange=NSE/symbol=TCS/part-085242_894272-041757.parquet,real_data_sample\l2_unseen_validation\trade_date=2026-07-17\exchange=NSE\symbol=TCS\part-085242_894272-041757.parquet,35932,downloaded,35932,
2026-07-17,NSE,TCS,raw_l2/trade_date=2026-07-17/exchange=NSE/symbol=TCS/part-085144_148649-041629.parquet,real_data_sample\l2_unseen_validation\trade_date=2026-07-17\exchange=NSE\symbol=TCS\part-085144_148649-041629.parquet,36253,downloaded,36253,
2026-07-17,NSE,TCS,raw_l2/trade_date=2026-07-17/exchange=NSE/symbol=TCS/part-085213_242991-041693.parquet,real_data_sample\l2_unseen_validation\trade_date=2026-07-17\exchange=NSE\symbol=TCS\part-085213_242991-041693.parquet,36144,downloaded,36144,
2026-07-17,NSE,TCS,raw_l2/trade_date=2026-07-17/exchange=NSE/symbol=TCS/part-085410_839410-041949.parquet,real_data_sample\l2_unseen_validation\trade_date=2026-07-17\exchange=NSE\symbol=TCS\part-085410_839410-041949.parquet,35920,downloaded,35920,
2026-07-17,NSE,TCS,raw_l2/trade_date=2026-07-17/exchange=NSE/symbol=TCS/part-085425_010705-041981.parquet,real_data_sample\l2_unseen_validation\trade_date=2026-07-17\exchange=NSE\symbol=TCS\part-085425_010705-041981.parquet,35795,downloaded,35795,
2026-07-17,NSE,TCS,raw_l2/trade_date=2026-07-17/exchange=NSE/symbol=TCS/part-085257_540453-041789.parquet,real_data_sample\l2_unseen_validation\trade_date=2026-07-17\exchange=NSE\symbol=TCS\part-085257_540453-041789.parquet,35986,downloaded,35986,
2026-07-17,NSE,TCS,raw_l2/trade_date=2026-07-17/exchange=NSE/symbol=TCS/part-085327_611513-041853.parquet,real_data_sample\l2_unseen_validation\trade_date=2026-07-17\exchange=NSE\symbol=TCS\part-085327_611513-041853.parquet,36261,downloaded,36261,
2026-07-17,NSE,TCS,raw_l2/trade_date=2026-07-17/exchange=NSE/symbol=TCS/part-085356_543208-041917.parquet,real_data_sample\l2_unseen_validation\trade_date=2026-07-17\exchange=NSE\symbol=TCS\part-085356_543208-041917.parquet,36027,downloaded,36027,
2026-07-17,NSE,TCS,raw_l2/trade_date=2026-07-17/exchange=NSE/symbol=TCS/part-085342_419452-041885.parquet,real_data_sample\l2_unseen_validation\trade_date=2026-07-17\exchange=NSE\symbol=TCS\part-085342_419452-041885.parquet,36758,downloaded,36758,
2026-07-17,NSE,TCS,raw_l2/trade_date=2026-07-17/exchange=NSE/symbol=TCS/part-085453_825044-042045.parquet,real_data_sample\l2_unseen_validation\trade_date=2026-07-17\exchange=NSE\symbol=TCS\part-085453_825044-042045.parquet,36185,downloaded,36185,
2026-07-17,NSE,TCS,raw_l2/trade_date=2026-07-17/exchange=NSE/symbol=TCS/part-085439_551525-042013.parquet,real_data_sample\l2_unseen_validation\trade_date=2026-07-17\exchange=NSE\symbol=TCS\part-085439_551525-042013.parquet,35625,downloaded,35625,
2026-07-17,NSE,TCS,raw_l2/trade_date=2026-07-17/exchange=NSE/symbol=TCS/part-085508_181246-042077.parquet,real_data_sample\l2_unseen_validation\trade_date=2026-07-17\exchange=NSE\symbol=TCS\part-085508_181246-042077.parquet,36541,downloaded,36541,
2026-07-17,NSE,TCS,raw_l2/trade_date=2026-07-17/exchange=NSE/symbol=TCS/part-085619_068385-042237.parquet,real_data_sample\l2_unseen_validation\trade_date=2026-07-17\exchange=NSE\symbol=TCS\part-085619_068385-042237.parquet,36153,downloaded,36153,
2026-07-17,NSE,TCS,raw_l2/trade_date=2026-07-17/exchange=NSE/symbol=TCS/part-085536_601463-042141.parquet,real_data_sample\l2_unseen_validation\trade_date=2026-07-17\exchange=NSE\symbol=TCS\part-085536_601463-042141.parquet,36657,downloaded,36657,
2026-07-17,NSE,TCS,raw_l2/trade_date=2026-07-17/exchange=NSE/symbol=TCS/part-085550_857174-042173.parquet,real_data_sample\l2_unseen_validation\trade_date=2026-07-17\exchange=NSE\symbol=TCS\part-085550_857174-042173.parquet,36503,downloaded,36503,
2026-07-17,NSE,TCS,raw_l2/trade_date=2026-07-17/exchange=NSE/symbol=TCS/part-085522_357806-042109.parquet,real_data_sample\l2_unseen_validation\trade_date=2026-07-17\exchange=NSE\symbol=TCS\part-085522_357806-042109.parquet,36356,downloaded,36356,
2026-07-17,NSE,TCS,raw_l2/trade_date=2026-07-17/exchange=NSE/symbol=TCS/part-085605_016292-042205.parquet,real_data_sample\l2_unseen_validation\trade_date=2026-07-17\exchange=NSE\symbol=TCS\part-085605_016292-042205.parquet,36288,downloaded,36288,
2026-07-17,NSE,TCS,raw_l2/trade_date=2026-07-17/exchange=NSE/symbol=TCS/part-085701_880363-042333.parquet,real_data_sample\l2_unseen_validation\trade_date=2026-07-17\exchange=NSE\symbol=TCS\part-085701_880363-042333.parquet,36113,downloaded,36113,
2026-07-17,NSE,TCS,raw_l2/trade_date=2026-07-17/exchange=NSE/symbol=TCS/part-085647_749877-042301.parquet,real_data_sample\l2_unseen_validation\trade_date=2026-07-17\exchange=NSE\symbol=TCS\part-085647_749877-042301.parquet,36120,downloaded,36120,
2026-07-17,NSE,TCS,raw_l2/trade_date=2026-07-17/exchange=NSE/symbol=TCS/part-085633_346171-042269.parquet,real_data_sample\l2_unseen_validation\trade_date=2026-07-17\exchange=NSE\symbol=TCS\part-085633_346171-042269.parquet,36201,downloaded,36201,
2026-07-17,NSE,TCS,raw_l2/trade_date=2026-07-17/exchange=NSE/symbol=TCS/part-085716_092374-042365.parquet,real_data_sample\l2_unseen_validation\trade_date=2026-07-17\exchange=NSE\symbol=TCS\part-085716_092374-042365.parquet,36114,downloaded,36114,
2026-07-17,NSE,TCS,raw_l2/trade_date=2026-07-17/exchange=NSE/symbol=TCS/part-085730_254657-042397.parquet,real_data_sample\l2_unseen_validation\trade_date=2026-07-17\exchange=NSE\symbol=TCS\part-085730_254657-042397.parquet,36195,downloaded,36195,
2026-07-17,NSE,TCS,raw_l2/trade_date=2026-07-17/exchange=NSE/symbol=TCS/part-085744_744518-042429.parquet,real_data_sample\l2_unseen_validation\trade_date=2026-07-17\exchange=NSE\symbol=TCS\part-085744_744518-042429.parquet,36439,downloaded,36439,
2026-07-17,NSE,TCS,raw_l2/trade_date=2026-07-17/exchange=NSE/symbol=TCS/part-084821_414058-041181.parquet,real_data_sample\l2_unseen_validation\trade_date=2026-07-17\exchange=NSE\symbol=TCS\part-084821_414058-041181.parquet,36104,downloaded,36104,
2026-07-17,NSE,TCS,raw_l2/trade_date=2026-07-17/exchange=NSE/symbol=TCS/part-084501_281459-040733.parquet,real_data_sample\l2_unseen_validation\trade_date=2026-07-17\exchange=NSE\symbol=TCS\part-084501_281459-040733.parquet,35420,downloaded,35420,
2026-07-17,NSE,TCS,raw_l2/trade_date=2026-07-17/exchange=NSE/symbol=TCS/part-085828_065454-042525.parquet,real_data_sample\l2_unseen_validation\trade_date=2026-07-17\exchange=NSE\symbol=TCS\part-085828_065454-042525.parquet,36078,downloaded,36078,
2026-07-17,NSE,TCS,raw_l2/trade_date=2026-07-17/exchange=NSE/symbol=TCS/part-090234_160169-043069.parquet,real_data_sample\l2_unseen_validation\trade_date=2026-07-17\exchange=NSE\symbol=TCS\part-090234_160169-043069.parquet,36010,downloaded,36010,
2026-07-17,NSE,TCS,raw_l2/trade_date=2026-07-17/exchange=NSE/symbol=TCS/part-085940_957148-042685.parquet,real_data_sample\l2_unseen_validation\trade_date=2026-07-17\exchange=NSE\symbol=TCS\part-085940_957148-042685.parquet,36230,downloaded,36230,
2026-07-17,NSE,TCS,raw_l2/trade_date=2026-07-17/exchange=NSE/symbol=TCS/part-090137_047827-042941.parquet,real_data_sample\l2_unseen_validation\trade_date=2026-07-17\exchange=NSE\symbol=TCS\part-090137_047827-042941.parquet,36575,downloaded,36575,
2026-07-17,NSE,TCS,raw_l2/trade_date=2026-07-17/exchange=NSE/symbol=TCS/part-090108_076293-042877.parquet,real_data_sample\l2_unseen_validation\trade_date=2026-07-17\exchange=NSE\symbol=TCS\part-090108_076293-042877.parquet,36376,downloaded,36376,
2026-07-17,NSE,TCS,raw_l2/trade_date=2026-07-17/exchange=NSE/symbol=TCS/part-090248_703827-043101.parquet,real_data_sample\l2_unseen_validation\trade_date=2026-07-17\exchange=NSE\symbol=TCS\part-090248_703827-043101.parquet,35747,downloaded,35747,
2026-07-17,NSE,TCS,raw_l2/trade_date=2026-07-17/exchange=NSE/symbol=TCS/part-085926_323413-042653.parquet,real_data_sample\l2_unseen_validation\trade_date=2026-07-17\exchange=NSE\symbol=TCS\part-085926_323413-042653.parquet,36202,downloaded,36202,
2026-07-17,NSE,TCS,raw_l2/trade_date=2026-07-17/exchange=NSE/symbol=TCS/part-090219_753689-043037.parquet,real_data_sample\l2_unseen_validation\trade_date=2026-07-17\exchange=NSE\symbol=TCS\part-090219_753689-043037.parquet,36312,downloaded,36312,
2026-07-17,NSE,TCS,raw_l2/trade_date=2026-07-17/exchange=NSE/symbol=TCS/part-090151_418545-042973.parquet,real_data_sample\l2_unseen_validation\trade_date=2026-07-17\exchange=NSE\symbol=TCS\part-090151_418545-042973.parquet,36401,downloaded,36401,
2026-07-17,NSE,TCS,raw_l2/trade_date=2026-07-17/exchange=NSE/symbol=TCS/part-085759_226697-042461.parquet,real_data_sample\l2_unseen_validation\trade_date=2026-07-17\exchange=NSE\symbol=TCS\part-085759_226697-042461.parquet,36289,downloaded,36289,
2026-07-17,NSE,TCS,raw_l2/trade_date=2026-07-17/exchange=NSE/symbol=TCS/part-085955_677106-042717.parquet,real_data_sample\l2_unseen_validation\trade_date=2026-07-17\exchange=NSE\symbol=TCS\part-085955_677106-042717.parquet,36072,downloaded,36072,
2026-07-17,NSE,TCS,raw_l2/trade_date=2026-07-17/exchange=NSE/symbol=TCS/part-090053_514777-042845.parquet,real_data_sample\l2_unseen_validation\trade_date=2026-07-17\exchange=NSE\symbol=TCS\part-090053_514777-042845.parquet,36543,downloaded,36543,
2026-07-17,NSE,TCS,raw_l2/trade_date=2026-07-17/exchange=NSE/symbol=TCS/part-090401_638660-043261.parquet,real_data_sample\l2_unseen_validation\trade_date=2026-07-17\exchange=NSE\symbol=TCS\part-090401_638660-043261.parquet,35858,downloaded,35858,
2026-07-17,NSE,TCS,raw_l2/trade_date=2026-07-17/exchange=NSE/symbol=TCS/part-090347_010882-043229.parquet,real_data_sample\l2_unseen_validation\trade_date=2026-07-17\exchange=NSE\symbol=TCS\part-090347_010882-043229.parquet,35692,downloaded,35692,
2026-07-17,NSE,TCS,raw_l2/trade_date=2026-07-17/exchange=NSE/symbol=TCS/part-090122_650953-042909.parquet,real_data_sample\l2_unseen_validation\trade_date=2026-07-17\exchange=NSE\symbol=TCS\part-090122_650953-042909.parquet,36238,downloaded,36238,
2026-07-17,NSE,TCS,raw_l2/trade_date=2026-07-17/exchange=NSE/symbol=TCS/part-090010_104899-042749.parquet,real_data_sample\l2_unseen_validation\trade_date=2026-07-17\exchange=NSE\symbol=TCS\part-090010_104899-042749.parquet,36132,downloaded,36132,
2026-07-17,NSE,TCS,raw_l2/trade_date=2026-07-17/exchange=NSE/symbol=TCS/part-090317_440576-043165.parquet,real_data_sample\l2_unseen_validation\trade_date=2026-07-17\exchange=NSE\symbol=TCS\part-090317_440576-043165.parquet,35847,downloaded,35847,
2026-07-17,NSE,TCS,raw_l2/trade_date=2026-07-17/exchange=NSE/symbol=TCS/part-090024_371726-042781.parquet,real_data_sample\l2_unseen_validation\trade_date=2026-07-17\exchange=NSE\symbol=TCS\part-090024_371726-042781.parquet,36198,downloaded,36198,
2026-07-17,NSE,TCS,raw_l2/trade_date=2026-07-17/exchange=NSE/symbol=TCS/part-085813_633811-042493.parquet,real_data_sample\l2_unseen_validation\trade_date=2026-07-17\exchange=NSE\symbol=TCS\part-085813_633811-042493.parquet,36589,downloaded,36589,
2026-07-17,NSE,TCS,raw_l2/trade_date=2026-07-17/exchange=NSE/symbol=TCS/part-085857_027094-042589.parquet,real_data_sample\l2_unseen_validation\trade_date=2026-07-17\exchange=NSE\symbol=TCS\part-085857_027094-042589.parquet,36515,downloaded,36515,
2026-07-17,NSE,TCS,raw_l2/trade_date=2026-07-17/exchange=NSE/symbol=TCS/part-090303_103267-043133.parquet,real_data_sample\l2_unseen_validation\trade_date=2026-07-17\exchange=NSE\symbol=TCS\part-090303_103267-043133.parquet,36259,downloaded,36259,
2026-07-17,NSE,TCS,raw_l2/trade_date=2026-07-17/exchange=NSE/symbol=TCS/part-090038_900396-042813.parquet,real_data_sample\l2_unseen_validation\trade_date=2026-07-17\exchange=NSE\symbol=TCS\part-090038_900396-042813.parquet,36404,downloaded,36404,
2026-07-17,NSE,TCS,raw_l2/trade_date=2026-07-17/exchange=NSE/symbol=TCS/part-090205_595852-043005.parquet,real_data_sample\l2_unseen_validation\trade_date=2026-07-17\exchange=NSE\symbol=TCS\part-090205_595852-043005.parquet,36056,downloaded,36056,
2026-07-17,NSE,TCS,raw_l2/trade_date=2026-07-17/exchange=NSE/symbol=TCS/part-090415_826385-043293.parquet,real_data_sample\l2_unseen_validation\trade_date=2026-07-17\exchange=NSE\symbol=TCS\part-090415_826385-043293.parquet,35931,downloaded,35931,
2026-07-17,NSE,TCS,raw_l2/trade_date=2026-07-17/exchange=NSE/symbol=TCS/part-085842_449264-042557.parquet,real_data_sample\l2_unseen_validation\trade_date=2026-07-17\exchange=NSE\symbol=TCS\part-085842_449264-042557.parquet,36147,downloaded,36147,
2026-07-17,NSE,TCS,raw_l2/trade_date=2026-07-17/exchange=NSE/symbol=TCS/part-090332_089845-043197.parquet,real_data_sample\l2_unseen_validation\trade_date=2026-07-17\exchange=NSE\symbol=TCS\part-090332_089845-043197.parquet,35719,downloaded,35719,
2026-07-17,NSE,TCS,raw_l2/trade_date=2026-07-17/exchange=NSE/symbol=TCS/part-085911_501195-042621.parquet,real_data_sample\l2_unseen_validation\trade_date=2026-07-17\exchange=NSE\symbol=TCS\part-085911_501195-042621.parquet,36853,downloaded,36853,
2026-07-17,NSE,TCS,raw_l2/trade_date=2026-07-17/exchange=NSE/symbol=TCS/part-090430_403172-043325.parquet,real_data_sample\l2_unseen_validation\trade_date=2026-07-17\exchange=NSE\symbol=TCS\part-090430_403172-043325.parquet,35818,downloaded,35818,
2026-07-17,NSE,TCS,raw_l2/trade_date=2026-07-17/exchange=NSE/symbol=TCS/part-090445_180270-043357.parquet,real_data_sample\l2_unseen_validation\trade_date=2026-07-17\exchange=NSE\symbol=TCS\part-090445_180270-043357.parquet,36407,downloaded,36407,
2026-07-17,NSE,TCS,raw_l2/trade_date=2026-07-17/exchange=NSE/symbol=TCS/part-090528_935786-043453.parquet,real_data_sample\l2_unseen_validation\trade_date=2026-07-17\exchange=NSE\symbol=TCS\part-090528_935786-043453.parquet,35870,downloaded,35870,
2026-07-17,NSE,TCS,raw_l2/trade_date=2026-07-17/exchange=NSE/symbol=TCS/part-090543_324296-043485.parquet,real_data_sample\l2_unseen_validation\trade_date=2026-07-17\exchange=NSE\symbol=TCS\part-090543_324296-043485.parquet,36267,downloaded,36267,
2026-07-17,NSE,TCS,raw_l2/trade_date=2026-07-17/exchange=NSE/symbol=TCS/part-090837_045309-043869.parquet,real_data_sample\l2_unseen_validation\trade_date=2026-07-17\exchange=NSE\symbol=TCS\part-090837_045309-043869.parquet,36170,downloaded,36170,
2026-07-17,NSE,TCS,raw_l2/trade_date=2026-07-17/exchange=NSE/symbol=TCS/part-090936_272183-043997.parquet,real_data_sample\l2_unseen_validation\trade_date=2026-07-17\exchange=NSE\symbol=TCS\part-090936_272183-043997.parquet,35989,downloaded,35989,
2026-07-17,NSE,TCS,raw_l2/trade_date=2026-07-17/exchange=NSE/symbol=TCS/part-091050_330343-044157.parquet,real_data_sample\l2_unseen_validation\trade_date=2026-07-17\exchange=NSE\symbol=TCS\part-091050_330343-044157.parquet,35777,downloaded,35777,
2026-07-17,NSE,TCS,raw_l2/trade_date=2026-07-17/exchange=NSE/symbol=TCS/part-090951_794914-044029.parquet,real_data_sample\l2_unseen_validation\trade_date=2026-07-17\exchange=NSE\symbol=TCS\part-090951_794914-044029.parquet,36311,downloaded,36311,
2026-07-17,NSE,TCS,raw_l2/trade_date=2026-07-17/exchange=NSE/symbol=TCS/part-091020_975627-044093.parquet,real_data_sample\l2_unseen_validation\trade_date=2026-07-17\exchange=NSE\symbol=TCS\part-091020_975627-044093.parquet,35775,downloaded,35775,
2026-07-17,NSE,TCS,raw_l2/trade_date=2026-07-17/exchange=NSE/symbol=TCS/part-090738_573817-043741.parquet,real_data_sample\l2_unseen_validation\trade_date=2026-07-17\exchange=NSE\symbol=TCS\part-090738_573817-043741.parquet,36236,downloaded,36236,
2026-07-17,NSE,TCS,raw_l2/trade_date=2026-07-17/exchange=NSE/symbol=TCS/part-090921_701449-043965.parquet,real_data_sample\l2_unseen_validation\trade_date=2026-07-17\exchange=NSE\symbol=TCS\part-090921_701449-043965.parquet,35971,downloaded,35971,
2026-07-17,NSE,TCS,raw_l2/trade_date=2026-07-17/exchange=NSE/symbol=TCS/part-090724_365212-043709.parquet,real_data_sample\l2_unseen_validation\trade_date=2026-07-17\exchange=NSE\symbol=TCS\part-090724_365212-043709.parquet,35999,downloaded,35999,
2026-07-17,NSE,TCS,raw_l2/trade_date=2026-07-17/exchange=NSE/symbol=TCS/part-091035_762716-044125.parquet,real_data_sample\l2_unseen_validation\trade_date=2026-07-17\exchange=NSE\symbol=TCS\part-091035_762716-044125.parquet,36146,downloaded,36146,
2026-07-17,NSE,TCS,raw_l2/trade_date=2026-07-17/exchange=NSE/symbol=TCS/part-091134_625630-044253.parquet,real_data_sample\l2_unseen_validation\trade_date=2026-07-17\exchange=NSE\symbol=TCS\part-091134_625630-044253.parquet,35815,downloaded,35815,
2026-07-17,NSE,TCS,raw_l2/trade_date=2026-07-17/exchange=NSE/symbol=TCS/part-091119_931780-044221.parquet,real_data_sample\l2_unseen_validation\trade_date=2026-07-17\exchange=NSE\symbol=TCS\part-091119_931780-044221.parquet,35951,downloaded,35951,
2026-07-17,NSE,TCS,raw_l2/trade_date=2026-07-17/exchange=NSE/symbol=TCS/part-090611_953414-043549.parquet,real_data_sample\l2_unseen_validation\trade_date=2026-07-17\exchange=NSE\symbol=TCS\part-090611_953414-043549.parquet,36140,downloaded,36140,
2026-07-17,NSE,TCS,raw_l2/trade_date=2026-07-17/exchange=NSE/symbol=TCS/part-090557_568495-043517.parquet,real_data_sample\l2_unseen_validation\trade_date=2026-07-17\exchange=NSE\symbol=TCS\part-090557_568495-043517.parquet,35746,downloaded,35746,
2026-07-17,NSE,TCS,raw_l2/trade_date=2026-07-17/exchange=NSE/symbol=TCS/part-090822_248919-043837.parquet,real_data_sample\l2_unseen_validation\trade_date=2026-07-17\exchange=NSE\symbol=TCS\part-090822_248919-043837.parquet,36100,downloaded,36100,
2026-07-17,NSE,TCS,raw_l2/trade_date=2026-07-17/exchange=NSE/symbol=TCS/part-091149_028335-044285.parquet,real_data_sample\l2_unseen_validation\trade_date=2026-07-17\exchange=NSE\symbol=TCS\part-091149_028335-044285.parquet,35464,downloaded,35464,
2026-07-17,NSE,TCS,raw_l2/trade_date=2026-07-17/exchange=NSE/symbol=TCS/part-090626_448671-043581.parquet,real_data_sample\l2_unseen_validation\trade_date=2026-07-17\exchange=NSE\symbol=TCS\part-090626_448671-043581.parquet,36727,downloaded,36727,
2026-07-17,NSE,TCS,raw_l2/trade_date=2026-07-17/exchange=NSE/symbol=TCS/part-090640_993636-043613.parquet,real_data_sample\l2_unseen_validation\trade_date=2026-07-17\exchange=NSE\symbol=TCS\part-090640_993636-043613.parquet,36473,downloaded,36473,
2026-07-17,NSE,TCS,raw_l2/trade_date=2026-07-17/exchange=NSE/symbol=TCS/part-090709_951334-043677.parquet,real_data_sample\l2_unseen_validation\trade_date=2026-07-17\exchange=NSE\symbol=TCS\part-090709_951334-043677.parquet,36142,downloaded,36142,
2026-07-17,NSE,TCS,raw_l2/trade_date=2026-07-17/exchange=NSE/symbol=TCS/part-090753_037806-043773.parquet,real_data_sample\l2_unseen_validation\trade_date=2026-07-17\exchange=NSE\symbol=TCS\part-090753_037806-043773.parquet,35717,downloaded,35717,
2026-07-17,NSE,TCS,raw_l2/trade_date=2026-07-17/exchange=NSE/symbol=TCS/part-090807_899648-043805.parquet,real_data_sample\l2_unseen_validation\trade_date=2026-07-17\exchange=NSE\symbol=TCS\part-090807_899648-043805.parquet,36083,downloaded,36083,
2026-07-17,NSE,TCS,raw_l2/trade_date=2026-07-17/exchange=NSE/symbol=TCS/part-090655_545572-043645.parquet,real_data_sample\l2_unseen_validation\trade_date=2026-07-17\exchange=NSE\symbol=TCS\part-090655_545572-043645.parquet,36190,downloaded,36190,
2026-07-17,NSE,TCS,raw_l2/trade_date=2026-07-17/exchange=NSE/symbol=TCS/part-090851_554703-043901.parquet,real_data_sample\l2_unseen_validation\trade_date=2026-07-17\exchange=NSE\symbol=TCS\part-090851_554703-043901.parquet,36147,downloaded,36147,
2026-07-17,NSE,TCS,raw_l2/trade_date=2026-07-17/exchange=NSE/symbol=TCS/part-090906_537722-043933.parquet,real_data_sample\l2_unseen_validation\trade_date=2026-07-17\exchange=NSE\symbol=TCS\part-090906_537722-043933.parquet,35954,downloaded,35954,
2026-07-17,NSE,TCS,raw_l2/trade_date=2026-07-17/exchange=NSE/symbol=TCS/part-091006_682330-044061.parquet,real_data_sample\l2_unseen_validation\trade_date=2026-07-17\exchange=NSE\symbol=TCS\part-091006_682330-044061.parquet,36172,downloaded,36172,
2026-07-17,NSE,TCS,raw_l2/trade_date=2026-07-17/exchange=NSE/symbol=TCS/part-091104_985290-044189.parquet,real_data_sample\l2_unseen_validation\trade_date=2026-07-17\exchange=NSE\symbol=TCS\part-091104_985290-044189.parquet,36077,downloaded,36077,
2026-07-17,NSE,TCS,raw_l2/trade_date=2026-07-17/exchange=NSE/symbol=TCS/part-091203_756554-044317.parquet,real_data_sample\l2_unseen_validation\trade_date=2026-07-17\exchange=NSE\symbol=TCS\part-091203_756554-044317.parquet,35904,downloaded,35904,
2026-07-17,NSE,TCS,raw_l2/trade_date=2026-07-17/exchange=NSE/symbol=TCS/part-091219_104429-044349.parquet,real_data_sample\l2_unseen_validation\trade_date=2026-07-17\exchange=NSE\symbol=TCS\part-091219_104429-044349.parquet,35581,downloaded,35581,
2026-07-17,NSE,TCS,raw_l2/trade_date=2026-07-17/exchange=NSE/symbol=TCS/part-084013_585203-040093.parquet,real_data_sample\l2_unseen_validation\trade_date=2026-07-17\exchange=NSE\symbol=TCS\part-084013_585203-040093.parquet,36352,downloaded,36352,
2026-07-17,NSE,TCS,raw_l2/trade_date=2026-07-17/exchange=NSE/symbol=TCS/part-090514_574306-043421.parquet,real_data_sample\l2_unseen_validation\trade_date=2026-07-17\exchange=NSE\symbol=TCS\part-090514_574306-043421.parquet,36109,downloaded,36109,
2026-07-17,NSE,TCS,raw_l2/trade_date=2026-07-17/exchange=NSE/symbol=TCS/part-091234_525596-044381.parquet,real_data_sample\l2_unseen_validation\trade_date=2026-07-17\exchange=NSE\symbol=TCS\part-091234_525596-044381.parquet,35817,downloaded,35817,
2026-07-17,NSE,TCS,raw_l2/trade_date=2026-07-17/exchange=NSE/symbol=TCS/part-090459_944488-043389.parquet,real_data_sample\l2_unseen_validation\trade_date=2026-07-17\exchange=NSE\symbol=TCS\part-090459_944488-043389.parquet,36249,downloaded,36249,
2026-07-17,NSE,TCS,raw_l2/trade_date=2026-07-17/exchange=NSE/symbol=TCS/part-091248_932541-044413.parquet,real_data_sample\l2_unseen_validation\trade_date=2026-07-17\exchange=NSE\symbol=TCS\part-091248_932541-044413.parquet,36178,downloaded,36178,
2026-07-17,NSE,TCS,raw_l2/trade_date=2026-07-17/exchange=NSE/symbol=TCS/part-091332_464945-044509.parquet,real_data_sample\l2_unseen_validation\trade_date=2026-07-17\exchange=NSE\symbol=TCS\part-091332_464945-044509.parquet,36068,downloaded,36068,
2026-07-17,NSE,TCS,raw_l2/trade_date=2026-07-17/exchange=NSE/symbol=TCS/part-091430_262194-044637.parquet,real_data_sample\l2_unseen_validation\trade_date=2026-07-17\exchange=NSE\symbol=TCS\part-091430_262194-044637.parquet,35761,downloaded,35761,
2026-07-17,NSE,TCS,raw_l2/trade_date=2026-07-17/exchange=NSE/symbol=TCS/part-091625_674042-044893.parquet,real_data_sample\l2_unseen_validation\trade_date=2026-07-17\exchange=NSE\symbol=TCS\part-091625_674042-044893.parquet,36235,downloaded,36235,
2026-07-17,NSE,TCS,raw_l2/trade_date=2026-07-17/exchange=NSE/symbol=TCS/part-091346_985719-044541.parquet,real_data_sample\l2_unseen_validation\trade_date=2026-07-17\exchange=NSE\symbol=TCS\part-091346_985719-044541.parquet,35819,downloaded,35819,
2026-07-17,NSE,TCS,raw_l2/trade_date=2026-07-17/exchange=NSE/symbol=TCS/part-091708_321071-044989.parquet,real_data_sample\l2_unseen_validation\trade_date=2026-07-17\exchange=NSE\symbol=TCS\part-091708_321071-044989.parquet,35907,downloaded,35907,
2026-07-17,NSE,TCS,raw_l2/trade_date=2026-07-17/exchange=NSE/symbol=TCS/part-091736_546383-045053.parquet,real_data_sample\l2_unseen_validation\trade_date=2026-07-17\exchange=NSE\symbol=TCS\part-091736_546383-045053.parquet,35807,downloaded,35807,
2026-07-17,NSE,TCS,raw_l2/trade_date=2026-07-17/exchange=NSE/symbol=TCS/part-091750_751452-045085.parquet,real_data_sample\l2_unseen_validation\trade_date=2026-07-17\exchange=NSE\symbol=TCS\part-091750_751452-045085.parquet,35782,downloaded,35782,
2026-07-17,NSE,TCS,raw_l2/trade_date=2026-07-17/exchange=NSE/symbol=TCS/part-092028_847674-045437.parquet,real_data_sample\l2_unseen_validation\trade_date=2026-07-17\exchange=NSE\symbol=TCS\part-092028_847674-045437.parquet,35520,downloaded,35520,
2026-07-17,NSE,TCS,raw_l2/trade_date=2026-07-17/exchange=NSE/symbol=TCS/part-092014_499713-045405.parquet,real_data_sample\l2_unseen_validation\trade_date=2026-07-17\exchange=NSE\symbol=TCS\part-092014_499713-045405.parquet,35489,downloaded,35489,
2026-07-17,NSE,TCS,raw_l2/trade_date=2026-07-17/exchange=NSE/symbol=TCS/part-092057_575507-045501.parquet,real_data_sample\l2_unseen_validation\trade_date=2026-07-17\exchange=NSE\symbol=TCS\part-092057_575507-045501.parquet,35436,downloaded,35436,
2026-07-17,NSE,TCS,raw_l2/trade_date=2026-07-17/exchange=NSE/symbol=TCS/part-092223_637400-045693.parquet,real_data_sample\l2_unseen_validation\trade_date=2026-07-17\exchange=NSE\symbol=TCS\part-092223_637400-045693.parquet,36097,downloaded,36097,
2026-07-17,NSE,TCS,raw_l2/trade_date=2026-07-17/exchange=NSE/symbol=TCS/part-092140_881657-045597.parquet,real_data_sample\l2_unseen_validation\trade_date=2026-07-17\exchange=NSE\symbol=TCS\part-092140_881657-045597.parquet,35654,downloaded,35654,
2026-07-17,NSE,TCS,raw_l2/trade_date=2026-07-17/exchange=NSE/symbol=TCS/part-092126_204453-045565.parquet,real_data_sample\l2_unseen_validation\trade_date=2026-07-17\exchange=NSE\symbol=TCS\part-092126_204453-045565.parquet,35572,downloaded,35572,
2026-07-17,NSE,TCS,raw_l2/trade_date=2026-07-17/exchange=NSE/symbol=TCS/part-092043_021845-045469.parquet,real_data_sample\l2_unseen_validation\trade_date=2026-07-17\exchange=NSE\symbol=TCS\part-092043_021845-045469.parquet,35351,downloaded,35351,
2026-07-17,NSE,TCS,raw_l2/trade_date=2026-07-17/exchange=NSE/symbol=TCS/part-092111_793799-045533.parquet,real_data_sample\l2_unseen_validation\trade_date=2026-07-17\exchange=NSE\symbol=TCS\part-092111_793799-045533.parquet,35694,downloaded,35694,
2026-07-17,NSE,TCS,raw_l2/trade_date=2026-07-17/exchange=NSE/symbol=TCS/part-092209_367346-045661.parquet,real_data_sample\l2_unseen_validation\trade_date=2026-07-17\exchange=NSE\symbol=TCS\part-092209_367346-045661.parquet,36577,downloaded,36577,
2026-07-17,NSE,TCS,raw_l2/trade_date=2026-07-17/exchange=NSE/symbol=TCS/part-092155_081770-045629.parquet,real_data_sample\l2_unseen_validation\trade_date=2026-07-17\exchange=NSE\symbol=TCS\part-092155_081770-045629.parquet,36505,downloaded,36505,
2026-07-17,NSE,TCS,raw_l2/trade_date=2026-07-17/exchange=NSE/symbol=TCS/part-092306_981944-045789.parquet,real_data_sample\l2_unseen_validation\trade_date=2026-07-17\exchange=NSE\symbol=TCS\part-092306_981944-045789.parquet,35963,downloaded,35963,
2026-07-17,NSE,TCS,raw_l2/trade_date=2026-07-17/exchange=NSE/symbol=TCS/part-092252_422873-045757.parquet,real_data_sample\l2_unseen_validation\trade_date=2026-07-17\exchange=NSE\symbol=TCS\part-092252_422873-045757.parquet,35936,downloaded,35936,
2026-07-17,NSE,TCS,raw_l2/trade_date=2026-07-17/exchange=NSE/symbol=TCS/part-092350_487854-045885.parquet,real_data_sample\l2_unseen_validation\trade_date=2026-07-17\exchange=NSE\symbol=TCS\part-092350_487854-045885.parquet,36173,downloaded,36173,
2026-07-17,NSE,TCS,raw_l2/trade_date=2026-07-17/exchange=NSE/symbol=TCS/part-092336_104069-045853.parquet,real_data_sample\l2_unseen_validation\trade_date=2026-07-17\exchange=NSE\symbol=TCS\part-092336_104069-045853.parquet,35547,downloaded,35547,
2026-07-17,NSE,TCS,raw_l2/trade_date=2026-07-17/exchange=NSE/symbol=TCS/part-092419_538216-045949.parquet,real_data_sample\l2_unseen_validation\trade_date=2026-07-17\exchange=NSE\symbol=TCS\part-092419_538216-045949.parquet,36266,downloaded,36266,
2026-07-17,NSE,TCS,raw_l2/trade_date=2026-07-17/exchange=NSE/symbol=TCS/part-092321_430314-045821.parquet,real_data_sample\l2_unseen_validation\trade_date=2026-07-17\exchange=NSE\symbol=TCS\part-092321_430314-045821.parquet,35411,downloaded,35411,
2026-07-17,NSE,TCS,raw_l2/trade_date=2026-07-17/exchange=NSE/symbol=TCS/part-092405_023333-045917.parquet,real_data_sample\l2_unseen_validation\trade_date=2026-07-17\exchange=NSE\symbol=TCS\part-092405_023333-045917.parquet,36116,downloaded,36116,
2026-07-17,NSE,TCS,raw_l2/trade_date=2026-07-17/exchange=NSE/symbol=TCS/part-092434_147651-045981.parquet,real_data_sample\l2_unseen_validation\trade_date=2026-07-17\exchange=NSE\symbol=TCS\part-092434_147651-045981.parquet,36402,downloaded,36402,
2026-07-17,NSE,TCS,raw_l2/trade_date=2026-07-17/exchange=NSE/symbol=TCS/part-092237_995492-045725.parquet,real_data_sample\l2_unseen_validation\trade_date=2026-07-17\exchange=NSE\symbol=TCS\part-092237_995492-045725.parquet,35990,downloaded,35990,
2026-07-17,NSE,TCS,raw_l2/trade_date=2026-07-17/exchange=NSE/symbol=TCS/part-092448_425546-046013.parquet,real_data_sample\l2_unseen_validation\trade_date=2026-07-17\exchange=NSE\symbol=TCS\part-092448_425546-046013.parquet,35969,downloaded,35969,
2026-07-17,NSE,TCS,raw_l2/trade_date=2026-07-17/exchange=NSE/symbol=TCS/part-092503_252320-046045.parquet,real_data_sample\l2_unseen_validation\trade_date=2026-07-17\exchange=NSE\symbol=TCS\part-092503_252320-046045.parquet,36103,downloaded,36103,
2026-07-17,NSE,TCS,raw_l2/trade_date=2026-07-17/exchange=NSE/symbol=TCS/part-092532_225338-046109.parquet,real_data_sample\l2_unseen_validation\trade_date=2026-07-17\exchange=NSE\symbol=TCS\part-092532_225338-046109.parquet,36026,downloaded,36026,
2026-07-17,NSE,TCS,raw_l2/trade_date=2026-07-17/exchange=NSE/symbol=TCS/part-092601_463491-046173.parquet,real_data_sample\l2_unseen_validation\trade_date=2026-07-17\exchange=NSE\symbol=TCS\part-092601_463491-046173.parquet,35914,downloaded,35914,
2026-07-17,NSE,TCS,raw_l2/trade_date=2026-07-17/exchange=NSE/symbol=TCS/part-092517_723549-046077.parquet,real_data_sample\l2_unseen_validation\trade_date=2026-07-17\exchange=NSE\symbol=TCS\part-092517_723549-046077.parquet,36110,downloaded,36110,
2026-07-17,NSE,TCS,raw_l2/trade_date=2026-07-17/exchange=NSE/symbol=TCS/part-092616_197843-046205.parquet,real_data_sample\l2_unseen_validation\trade_date=2026-07-17\exchange=NSE\symbol=TCS\part-092616_197843-046205.parquet,35921,downloaded,35921,
2026-07-17,NSE,TCS,raw_l2/trade_date=2026-07-17/exchange=NSE/symbol=TCS/part-092631_516319-046237.parquet,real_data_sample\l2_unseen_validation\trade_date=2026-07-17\exchange=NSE\symbol=TCS\part-092631_516319-046237.parquet,35730,downloaded,35730,
2026-07-17,NSE,TCS,raw_l2/trade_date=2026-07-17/exchange=NSE/symbol=TCS/part-092546_890129-046141.parquet,real_data_sample\l2_unseen_validation\trade_date=2026-07-17\exchange=NSE\symbol=TCS\part-092546_890129-046141.parquet,36006,downloaded,36006,
2026-07-17,NSE,TCS,raw_l2/trade_date=2026-07-17/exchange=NSE/symbol=TCS/part-092700_121401-046301.parquet,real_data_sample\l2_unseen_validation\trade_date=2026-07-17\exchange=NSE\symbol=TCS\part-092700_121401-046301.parquet,35340,downloaded,35340,
2026-07-17,NSE,TCS,raw_l2/trade_date=2026-07-17/exchange=NSE/symbol=TCS/part-092714_425676-046333.parquet,real_data_sample\l2_unseen_validation\trade_date=2026-07-17\exchange=NSE\symbol=TCS\part-092714_425676-046333.parquet,35442,downloaded,35442,
2026-07-17,NSE,TCS,raw_l2/trade_date=2026-07-17/exchange=NSE/symbol=TCS/part-092728_871868-046365.parquet,real_data_sample\l2_unseen_validation\trade_date=2026-07-17\exchange=NSE\symbol=TCS\part-092728_871868-046365.parquet,36115,downloaded,36115,
2026-07-17,NSE,TCS,raw_l2/trade_date=2026-07-17/exchange=NSE/symbol=TCS/part-092743_301665-046397.parquet,real_data_sample\l2_unseen_validation\trade_date=2026-07-17\exchange=NSE\symbol=TCS\part-092743_301665-046397.parquet,35745,downloaded,35745,
2026-07-17,NSE,TCS,raw_l2/trade_date=2026-07-17/exchange=NSE/symbol=TCS/part-092757_665475-046429.parquet,real_data_sample\l2_unseen_validation\trade_date=2026-07-17\exchange=NSE\symbol=TCS\part-092757_665475-046429.parquet,36255,downloaded,36255,
2026-07-17,NSE,TCS,raw_l2/trade_date=2026-07-17/exchange=NSE/symbol=TCS/part-092826_598665-046493.parquet,real_data_sample\l2_unseen_validation\trade_date=2026-07-17\exchange=NSE\symbol=TCS\part-092826_598665-046493.parquet,34669,downloaded,34669,
2026-07-17,NSE,TCS,raw_l2/trade_date=2026-07-17/exchange=NSE/symbol=TCS/part-092855_451222-046557.parquet,real_data_sample\l2_unseen_validation\trade_date=2026-07-17\exchange=NSE\symbol=TCS\part-092855_451222-046557.parquet,34857,downloaded,34857,
2026-07-17,NSE,TCS,raw_l2/trade_date=2026-07-17/exchange=NSE/symbol=TCS/part-092812_013216-046461.parquet,real_data_sample\l2_unseen_validation\trade_date=2026-07-17\exchange=NSE\symbol=TCS\part-092812_013216-046461.parquet,36076,downloaded,36076,
2026-07-17,NSE,TCS,raw_l2/trade_date=2026-07-17/exchange=NSE/symbol=TCS/part-092841_087264-046525.parquet,real_data_sample\l2_unseen_validation\trade_date=2026-07-17\exchange=NSE\symbol=TCS\part-092841_087264-046525.parquet,34743,downloaded,34743,
2026-07-17,NSE,TCS,raw_l2/trade_date=2026-07-17/exchange=NSE/symbol=TCS/part-092645_833024-046269.parquet,real_data_sample\l2_unseen_validation\trade_date=2026-07-17\exchange=NSE\symbol=TCS\part-092645_833024-046269.parquet,35758,downloaded,35758,
2026-07-17,NSE,TCS,raw_l2/trade_date=2026-07-17/exchange=NSE/symbol=TCS/part-092910_315528-046589.parquet,real_data_sample\l2_unseen_validation\trade_date=2026-07-17\exchange=NSE\symbol=TCS\part-092910_315528-046589.parquet,34674,downloaded,34674,
2026-07-17,NSE,TCS,raw_l2/trade_date=2026-07-17/exchange=NSE/symbol=TCS/part-092924_726454-046621.parquet,real_data_sample\l2_unseen_validation\trade_date=2026-07-17\exchange=NSE\symbol=TCS\part-092924_726454-046621.parquet,35704,downloaded,35704,
2026-07-17,NSE,TCS,raw_l2/trade_date=2026-07-17/exchange=NSE/symbol=TCS/part-093023_411385-046749.parquet,real_data_sample\l2_unseen_validation\trade_date=2026-07-17\exchange=NSE\symbol=TCS\part-093023_411385-046749.parquet,36611,downloaded,36611,
2026-07-17,NSE,TCS,raw_l2/trade_date=2026-07-17/exchange=NSE/symbol=TCS/part-092939_403411-046653.parquet,real_data_sample\l2_unseen_validation\trade_date=2026-07-17\exchange=NSE\symbol=TCS\part-092939_403411-046653.parquet,35842,downloaded,35842,
2026-07-17,NSE,TCS,raw_l2/trade_date=2026-07-17/exchange=NSE/symbol=TCS/part-092953_940547-046685.parquet,real_data_sample\l2_unseen_validation\trade_date=2026-07-17\exchange=NSE\symbol=TCS\part-092953_940547-046685.parquet,36198,downloaded,36198,
2026-07-17,NSE,TCS,raw_l2/trade_date=2026-07-17/exchange=NSE/symbol=TCS/part-093037_809136-046781.parquet,real_data_sample\l2_unseen_validation\trade_date=2026-07-17\exchange=NSE\symbol=TCS\part-093037_809136-046781.parquet,36183,downloaded,36183,
2026-07-17,NSE,TCS,raw_l2/trade_date=2026-07-17/exchange=NSE/symbol=TCS/part-093052_130877-046813.parquet,real_data_sample\l2_unseen_validation\trade_date=2026-07-17\exchange=NSE\symbol=TCS\part-093052_130877-046813.parquet,35918,downloaded,35918,
2026-07-17,NSE,TCS,raw_l2/trade_date=2026-07-17/exchange=NSE/symbol=TCS/part-093009_037158-046717.parquet,real_data_sample\l2_unseen_validation\trade_date=2026-07-17\exchange=NSE\symbol=TCS\part-093009_037158-046717.parquet,36200,downloaded,36200,
2026-07-17,NSE,TCS,raw_l2/trade_date=2026-07-17/exchange=NSE/symbol=TCS/part-093120_688925-046877.parquet,real_data_sample\l2_unseen_validation\trade_date=2026-07-17\exchange=NSE\symbol=TCS\part-093120_688925-046877.parquet,35962,downloaded,35962,
2026-07-17,NSE,TCS,raw_l2/trade_date=2026-07-17/exchange=NSE/symbol=TCS/part-091819_720074-045149.parquet,real_data_sample\l2_unseen_validation\trade_date=2026-07-17\exchange=NSE\symbol=TCS\part-091819_720074-045149.parquet,36112,downloaded,36112,
2026-07-17,NSE,TCS,raw_l2/trade_date=2026-07-17/exchange=NSE/symbol=TCS/part-091903_010673-045245.parquet,real_data_sample\l2_unseen_validation\trade_date=2026-07-17\exchange=NSE\symbol=TCS\part-091903_010673-045245.parquet,35992,downloaded,35992,
2026-07-17,NSE,TCS,raw_l2/trade_date=2026-07-17/exchange=NSE/symbol=TCS/part-091945_903033-045341.parquet,real_data_sample\l2_unseen_validation\trade_date=2026-07-17\exchange=NSE\symbol=TCS\part-091945_903033-045341.parquet,35612,downloaded,35612,
2026-07-17,NSE,TCS,raw_l2/trade_date=2026-07-17/exchange=NSE/symbol=TCS/part-091401_592068-044573.parquet,real_data_sample\l2_unseen_validation\trade_date=2026-07-17\exchange=NSE\symbol=TCS\part-091401_592068-044573.parquet,36019,downloaded,36019,
2026-07-17,NSE,TCS,raw_l2/trade_date=2026-07-17/exchange=NSE/symbol=TCS/part-091541_983598-044797.parquet,real_data_sample\l2_unseen_validation\trade_date=2026-07-17\exchange=NSE\symbol=TCS\part-091541_983598-044797.parquet,35961,downloaded,35961,
2026-07-17,NSE,TCS,raw_l2/trade_date=2026-07-17/exchange=NSE/symbol=TCS/part-091931_657494-045309.parquet,real_data_sample\l2_unseen_validation\trade_date=2026-07-17\exchange=NSE\symbol=TCS\part-091931_657494-045309.parquet,35839,downloaded,35839,
2026-07-17,NSE,TCS,raw_l2/trade_date=2026-07-17/exchange=NSE/symbol=TCS/part-091611_273578-044861.parquet,real_data_sample\l2_unseen_validation\trade_date=2026-07-17\exchange=NSE\symbol=TCS\part-091611_273578-044861.parquet,36107,downloaded,36107,
2026-07-17,NSE,TCS,raw_l2/trade_date=2026-07-17/exchange=NSE/symbol=TCS/part-092000_276347-045373.parquet,real_data_sample\l2_unseen_validation\trade_date=2026-07-17\exchange=NSE\symbol=TCS\part-092000_276347-045373.parquet,35653,downloaded,35653,
2026-07-17,NSE,TCS,raw_l2/trade_date=2026-07-17/exchange=NSE/symbol=TCS/part-091303_448406-044445.parquet,real_data_sample\l2_unseen_validation\trade_date=2026-07-17\exchange=NSE\symbol=TCS\part-091303_448406-044445.parquet,35766,downloaded,35766,
2026-07-17,NSE,TCS,raw_l2/trade_date=2026-07-17/exchange=NSE/symbol=TCS/part-093135_012521-046909.parquet,real_data_sample\l2_unseen_validation\trade_date=2026-07-17\exchange=NSE\symbol=TCS\part-093135_012521-046909.parquet,35682,downloaded,35682,
2026-07-17,NSE,TCS,raw_l2/trade_date=2026-07-17/exchange=NSE/symbol=TCS/part-091654_079764-044957.parquet,real_data_sample\l2_unseen_validation\trade_date=2026-07-17\exchange=NSE\symbol=TCS\part-091654_079764-044957.parquet,35917,downloaded,35917,
2026-07-17,NSE,TCS,raw_l2/trade_date=2026-07-17/exchange=NSE/symbol=TCS/part-091318_053669-044477.parquet,real_data_sample\l2_unseen_validation\trade_date=2026-07-17\exchange=NSE\symbol=TCS\part-091318_053669-044477.parquet,36004,downloaded,36004,
2026-07-17,NSE,TCS,raw_l2/trade_date=2026-07-17/exchange=NSE/symbol=TCS/part-091415_795558-044605.parquet,real_data_sample\l2_unseen_validation\trade_date=2026-07-17\exchange=NSE\symbol=TCS\part-091415_795558-044605.parquet,35896,downloaded,35896,
2026-07-17,NSE,TCS,raw_l2/trade_date=2026-07-17/exchange=NSE/symbol=TCS/part-091556_781878-044829.parquet,real_data_sample\l2_unseen_validation\trade_date=2026-07-17\exchange=NSE\symbol=TCS\part-091556_781878-044829.parquet,35976,downloaded,35976,
2026-07-17,NSE,TCS,raw_l2/trade_date=2026-07-17/exchange=NSE/symbol=TCS/part-091848_412907-045213.parquet,real_data_sample\l2_unseen_validation\trade_date=2026-07-17\exchange=NSE\symbol=TCS\part-091848_412907-045213.parquet,35671,downloaded,35671,
2026-07-17,NSE,TCS,raw_l2/trade_date=2026-07-17/exchange=NSE/symbol=TCS/part-091639_933505-044925.parquet,real_data_sample\l2_unseen_validation\trade_date=2026-07-17\exchange=NSE\symbol=TCS\part-091639_933505-044925.parquet,35907,downloaded,35907,
2026-07-17,NSE,TCS,raw_l2/trade_date=2026-07-17/exchange=NSE/symbol=TCS/part-093106_433733-046845.parquet,real_data_sample\l2_unseen_validation\trade_date=2026-07-17\exchange=NSE\symbol=TCS\part-093106_433733-046845.parquet,36482,downloaded,36482,
2026-07-17,NSE,TCS,raw_l2/trade_date=2026-07-17/exchange=NSE/symbol=TCS/part-091834_123681-045181.parquet,real_data_sample\l2_unseen_validation\trade_date=2026-07-17\exchange=NSE\symbol=TCS\part-091834_123681-045181.parquet,35326,downloaded,35326,
2026-07-17,NSE,TCS,raw_l2/trade_date=2026-07-17/exchange=NSE/symbol=TCS/part-091917_442257-045277.parquet,real_data_sample\l2_unseen_validation\trade_date=2026-07-17\exchange=NSE\symbol=TCS\part-091917_442257-045277.parquet,36266,downloaded,36266,
2026-07-17,NSE,TCS,raw_l2/trade_date=2026-07-17/exchange=NSE/symbol=TCS/part-091527_690332-044765.parquet,real_data_sample\l2_unseen_validation\trade_date=2026-07-17\exchange=NSE\symbol=TCS\part-091527_690332-044765.parquet,36271,downloaded,36271,
2026-07-17,NSE,TCS,raw_l2/trade_date=2026-07-17/exchange=NSE/symbol=TCS/part-091513_443004-044733.parquet,real_data_sample\l2_unseen_validation\trade_date=2026-07-17\exchange=NSE\symbol=TCS\part-091513_443004-044733.parquet,35951,downloaded,35951,
2026-07-17,NSE,TCS,raw_l2/trade_date=2026-07-17/exchange=NSE/symbol=TCS/part-093203_713723-046973.parquet,real_data_sample\l2_unseen_validation\trade_date=2026-07-17\exchange=NSE\symbol=TCS\part-093203_713723-046973.parquet,35364,downloaded,35364,
2026-07-17,NSE,TCS,raw_l2/trade_date=2026-07-17/exchange=NSE/symbol=TCS/part-093149_411016-046941.parquet,real_data_sample\l2_unseen_validation\trade_date=2026-07-17\exchange=NSE\symbol=TCS\part-093149_411016-046941.parquet,36227,downloaded,36227,
2026-07-17,NSE,TCS,raw_l2/trade_date=2026-07-17/exchange=NSE/symbol=TCS/part-093328_687599-047165.parquet,real_data_sample\l2_unseen_validation\trade_date=2026-07-17\exchange=NSE\symbol=TCS\part-093328_687599-047165.parquet,36045,downloaded,36045,
2026-07-17,NSE,TCS,raw_l2/trade_date=2026-07-17/exchange=NSE/symbol=TCS/part-093342_830106-047197.parquet,real_data_sample\l2_unseen_validation\trade_date=2026-07-17\exchange=NSE\symbol=TCS\part-093342_830106-047197.parquet,35765,downloaded,35765,
2026-07-17,NSE,TCS,raw_l2/trade_date=2026-07-17/exchange=NSE/symbol=TCS/part-091805_307967-045117.parquet,real_data_sample\l2_unseen_validation\trade_date=2026-07-17\exchange=NSE\symbol=TCS\part-091805_307967-045117.parquet,35863,downloaded,35863,
2026-07-17,NSE,TCS,raw_l2/trade_date=2026-07-17/exchange=NSE/symbol=TCS/part-091459_155896-044701.parquet,real_data_sample\l2_unseen_validation\trade_date=2026-07-17\exchange=NSE\symbol=TCS\part-091459_155896-044701.parquet,36130,downloaded,36130,
2026-07-17,NSE,TCS,raw_l2/trade_date=2026-07-17/exchange=NSE/symbol=TCS/part-093314_528808-047133.parquet,real_data_sample\l2_unseen_validation\trade_date=2026-07-17\exchange=NSE\symbol=TCS\part-093314_528808-047133.parquet,36238,downloaded,36238,
2026-07-17,NSE,TCS,raw_l2/trade_date=2026-07-17/exchange=NSE/symbol=TCS/part-093217_626016-047005.parquet,real_data_sample\l2_unseen_validation\trade_date=2026-07-17\exchange=NSE\symbol=TCS\part-093217_626016-047005.parquet,35645,downloaded,35645,
2026-07-17,NSE,TCS,raw_l2/trade_date=2026-07-17/exchange=NSE/symbol=TCS/part-093246_107919-047069.parquet,real_data_sample\l2_unseen_validation\trade_date=2026-07-17\exchange=NSE\symbol=TCS\part-093246_107919-047069.parquet,36205,downloaded,36205,
2026-07-17,NSE,TCS,raw_l2/trade_date=2026-07-17/exchange=NSE/symbol=TCS/part-093300_176351-047101.parquet,real_data_sample\l2_unseen_validation\trade_date=2026-07-17\exchange=NSE\symbol=TCS\part-093300_176351-047101.parquet,36215,downloaded,36215,
2026-07-17,NSE,TCS,raw_l2/trade_date=2026-07-17/exchange=NSE/symbol=TCS/part-091722_417009-045021.parquet,real_data_sample\l2_unseen_validation\trade_date=2026-07-17\exchange=NSE\symbol=TCS\part-091722_417009-045021.parquet,35837,downloaded,35837,
2026-07-17,NSE,TCS,raw_l2/trade_date=2026-07-17/exchange=NSE/symbol=TCS/part-093231_891775-047037.parquet,real_data_sample\l2_unseen_validation\trade_date=2026-07-17\exchange=NSE\symbol=TCS\part-093231_891775-047037.parquet,36028,downloaded,36028,
2026-07-17,NSE,TCS,raw_l2/trade_date=2026-07-17/exchange=NSE/symbol=TCS/part-093424_971362-047293.parquet,real_data_sample\l2_unseen_validation\trade_date=2026-07-17\exchange=NSE\symbol=TCS\part-093424_971362-047293.parquet,36038,downloaded,36038,
2026-07-17,NSE,TCS,raw_l2/trade_date=2026-07-17/exchange=NSE/symbol=TCS/part-093439_137577-047325.parquet,real_data_sample\l2_unseen_validation\trade_date=2026-07-17\exchange=NSE\symbol=TCS\part-093439_137577-047325.parquet,36128,downloaded,36128,
2026-07-17,NSE,TCS,raw_l2/trade_date=2026-07-17/exchange=NSE/symbol=TCS/part-093453_210179-047357.parquet,real_data_sample\l2_unseen_validation\trade_date=2026-07-17\exchange=NSE\symbol=TCS\part-093453_210179-047357.parquet,36083,downloaded,36083,
2026-07-17,NSE,TCS,raw_l2/trade_date=2026-07-17/exchange=NSE/symbol=TCS/part-093507_744165-047389.parquet,real_data_sample\l2_unseen_validation\trade_date=2026-07-17\exchange=NSE\symbol=TCS\part-093507_744165-047389.parquet,36265,downloaded,36265,
2026-07-17,NSE,TCS,raw_l2/trade_date=2026-07-17/exchange=NSE/symbol=TCS/part-093536_305592-047453.parquet,real_data_sample\l2_unseen_validation\trade_date=2026-07-17\exchange=NSE\symbol=TCS\part-093536_305592-047453.parquet,35765,downloaded,35765,
2026-07-17,NSE,TCS,raw_l2/trade_date=2026-07-17/exchange=NSE/symbol=TCS/part-093522_107747-047421.parquet,real_data_sample\l2_unseen_validation\trade_date=2026-07-17\exchange=NSE\symbol=TCS\part-093522_107747-047421.parquet,35914,downloaded,35914,
2026-07-17,NSE,TCS,raw_l2/trade_date=2026-07-17/exchange=NSE/symbol=TCS/part-093410_923597-047261.parquet,real_data_sample\l2_unseen_validation\trade_date=2026-07-17\exchange=NSE\symbol=TCS\part-093410_923597-047261.parquet,35913,downloaded,35913,
2026-07-17,NSE,TCS,raw_l2/trade_date=2026-07-17/exchange=NSE/symbol=TCS/part-091444_663538-044669.parquet,real_data_sample\l2_unseen_validation\trade_date=2026-07-17\exchange=NSE\symbol=TCS\part-091444_663538-044669.parquet,36073,downloaded,36073,
2026-07-17,NSE,TCS,raw_l2/trade_date=2026-07-17/exchange=NSE/symbol=TCS/part-094118_631021-048221.parquet,real_data_sample\l2_unseen_validation\trade_date=2026-07-17\exchange=NSE\symbol=TCS\part-094118_631021-048221.parquet,35818,downloaded,35818,
2026-07-17,NSE,TCS,raw_l2/trade_date=2026-07-17/exchange=NSE/symbol=TCS/part-094132_791787-048253.parquet,real_data_sample\l2_unseen_validation\trade_date=2026-07-17\exchange=NSE\symbol=TCS\part-094132_791787-048253.parquet,35961,downloaded,35961,
2026-07-17,NSE,TCS,raw_l2/trade_date=2026-07-17/exchange=NSE/symbol=TCS/part-093605_219231-047517.parquet,real_data_sample\l2_unseen_validation\trade_date=2026-07-17\exchange=NSE\symbol=TCS\part-093605_219231-047517.parquet,36007,downloaded,36007,
2026-07-17,NSE,TCS,raw_l2/trade_date=2026-07-17/exchange=NSE/symbol=TCS/part-094216_044118-048349.parquet,real_data_sample\l2_unseen_validation\trade_date=2026-07-17\exchange=NSE\symbol=TCS\part-094216_044118-048349.parquet,35808,downloaded,35808,
2026-07-17,NSE,TCS,raw_l2/trade_date=2026-07-17/exchange=NSE/symbol=TCS/part-094147_242146-048285.parquet,real_data_sample\l2_unseen_validation\trade_date=2026-07-17\exchange=NSE\symbol=TCS\part-094147_242146-048285.parquet,36258,downloaded,36258,
2026-07-17,NSE,TCS,raw_l2/trade_date=2026-07-17/exchange=NSE/symbol=TCS/part-093826_253090-047837.parquet,real_data_sample\l2_unseen_validation\trade_date=2026-07-17\exchange=NSE\symbol=TCS\part-093826_253090-047837.parquet,35994,downloaded,35994,
2026-07-17,NSE,TCS,raw_l2/trade_date=2026-07-17/exchange=NSE/symbol=TCS/part-094201_714262-048317.parquet,real_data_sample\l2_unseen_validation\trade_date=2026-07-17\exchange=NSE\symbol=TCS\part-094201_714262-048317.parquet,36134,downloaded,36134,
2026-07-17,NSE,TCS,raw_l2/trade_date=2026-07-17/exchange=NSE/symbol=TCS/part-093701_933432-047645.parquet,real_data_sample\l2_unseen_validation\trade_date=2026-07-17\exchange=NSE\symbol=TCS\part-093701_933432-047645.parquet,34625,downloaded,34625,
2026-07-17,NSE,TCS,raw_l2/trade_date=2026-07-17/exchange=NSE/symbol=TCS/part-093854_774781-047901.parquet,real_data_sample\l2_unseen_validation\trade_date=2026-07-17\exchange=NSE\symbol=TCS\part-093854_774781-047901.parquet,35384,downloaded,35384,
2026-07-17,NSE,TCS,raw_l2/trade_date=2026-07-17/exchange=NSE/symbol=TCS/part-093757_949321-047773.parquet,real_data_sample\l2_unseen_validation\trade_date=2026-07-17\exchange=NSE\symbol=TCS\part-093757_949321-047773.parquet,36071,downloaded,36071,
2026-07-17,NSE,TCS,raw_l2/trade_date=2026-07-17/exchange=NSE/symbol=TCS/part-093619_619245-047549.parquet,real_data_sample\l2_unseen_validation\trade_date=2026-07-17\exchange=NSE\symbol=TCS\part-093619_619245-047549.parquet,35126,downloaded,35126,
2026-07-17,NSE,TCS,raw_l2/trade_date=2026-07-17/exchange=NSE/symbol=TCS/part-094006_753547-048061.parquet,real_data_sample\l2_unseen_validation\trade_date=2026-07-17\exchange=NSE\symbol=TCS\part-094006_753547-048061.parquet,35856,downloaded,35856,
2026-07-17,NSE,TCS,raw_l2/trade_date=2026-07-17/exchange=NSE/symbol=TCS/part-093938_047322-047997.parquet,real_data_sample\l2_unseen_validation\trade_date=2026-07-17\exchange=NSE\symbol=TCS\part-093938_047322-047997.parquet,36061,downloaded,36061,
2026-07-17,NSE,TCS,raw_l2/trade_date=2026-07-17/exchange=NSE/symbol=TCS/part-094230_498760-048381.parquet,real_data_sample\l2_unseen_validation\trade_date=2026-07-17\exchange=NSE\symbol=TCS\part-094230_498760-048381.parquet,35825,downloaded,35825,
2026-07-17,NSE,TCS,raw_l2/trade_date=2026-07-17/exchange=NSE/symbol=TCS/part-093952_500691-048029.parquet,real_data_sample\l2_unseen_validation\trade_date=2026-07-17\exchange=NSE\symbol=TCS\part-093952_500691-048029.parquet,36062,downloaded,36062,
2026-07-17,NSE,TCS,raw_l2/trade_date=2026-07-17/exchange=NSE/symbol=TCS/part-094049_586883-048157.parquet,real_data_sample\l2_unseen_validation\trade_date=2026-07-17\exchange=NSE\symbol=TCS\part-094049_586883-048157.parquet,35814,downloaded,35814,
2026-07-17,NSE,TCS,raw_l2/trade_date=2026-07-17/exchange=NSE/symbol=TCS/part-093840_641138-047869.parquet,real_data_sample\l2_unseen_validation\trade_date=2026-07-17\exchange=NSE\symbol=TCS\part-093840_641138-047869.parquet,35515,downloaded,35515,
2026-07-17,NSE,TCS,raw_l2/trade_date=2026-07-17/exchange=NSE/symbol=TCS/part-093729_795414-047709.parquet,real_data_sample\l2_unseen_validation\trade_date=2026-07-17\exchange=NSE\symbol=TCS\part-093729_795414-047709.parquet,36014,downloaded,36014,
2026-07-17,NSE,TCS,raw_l2/trade_date=2026-07-17/exchange=NSE/symbol=TCS/part-093633_821788-047581.parquet,real_data_sample\l2_unseen_validation\trade_date=2026-07-17\exchange=NSE\symbol=TCS\part-093633_821788-047581.parquet,34369,downloaded,34369,
2026-07-17,NSE,TCS,raw_l2/trade_date=2026-07-17/exchange=NSE/symbol=TCS/part-093550_688182-047485.parquet,real_data_sample\l2_unseen_validation\trade_date=2026-07-17\exchange=NSE\symbol=TCS\part-093550_688182-047485.parquet,35635,downloaded,35635,
2026-07-17,NSE,TCS,raw_l2/trade_date=2026-07-17/exchange=NSE/symbol=TCS/part-094104_090975-048189.parquet,real_data_sample\l2_unseen_validation\trade_date=2026-07-17\exchange=NSE\symbol=TCS\part-094104_090975-048189.parquet,35595,downloaded,35595,
2026-07-17,NSE,TCS,raw_l2/trade_date=2026-07-17/exchange=NSE/symbol=TCS/part-094035_363954-048125.parquet,real_data_sample\l2_unseen_validation\trade_date=2026-07-17\exchange=NSE\symbol=TCS\part-094035_363954-048125.parquet,36025,downloaded,36025,
2026-07-17,NSE,TCS,raw_l2/trade_date=2026-07-17/exchange=NSE/symbol=TCS/part-094020_952181-048093.parquet,real_data_sample\l2_unseen_validation\trade_date=2026-07-17\exchange=NSE\symbol=TCS\part-094020_952181-048093.parquet,35756,downloaded,35756,
2026-07-17,NSE,TCS,raw_l2/trade_date=2026-07-17/exchange=NSE/symbol=TCS/part-093909_352318-047933.parquet,real_data_sample\l2_unseen_validation\trade_date=2026-07-17\exchange=NSE\symbol=TCS\part-093909_352318-047933.parquet,36295,downloaded,36295,
2026-07-17,NSE,TCS,raw_l2/trade_date=2026-07-17/exchange=NSE/symbol=TCS/part-093923_843326-047965.parquet,real_data_sample\l2_unseen_validation\trade_date=2026-07-17\exchange=NSE\symbol=TCS\part-093923_843326-047965.parquet,36063,downloaded,36063,
2026-07-17,NSE,TCS,raw_l2/trade_date=2026-07-17/exchange=NSE/symbol=TCS/part-093356_871268-047229.parquet,real_data_sample\l2_unseen_validation\trade_date=2026-07-17\exchange=NSE\symbol=TCS\part-093356_871268-047229.parquet,35653,downloaded,35653,
2026-07-17,NSE,TCS,raw_l2/trade_date=2026-07-17/exchange=NSE/symbol=TCS/part-094313_069040-048477.parquet,real_data_sample\l2_unseen_validation\trade_date=2026-07-17\exchange=NSE\symbol=TCS\part-094313_069040-048477.parquet,35840,downloaded,35840,
2026-07-17,NSE,TCS,raw_l2/trade_date=2026-07-17/exchange=NSE/symbol=TCS/part-094744_463213-049085.parquet,real_data_sample\l2_unseen_validation\trade_date=2026-07-17\exchange=NSE\symbol=TCS\part-094744_463213-049085.parquet,36077,downloaded,36077,
2026-07-17,NSE,TCS,raw_l2/trade_date=2026-07-17/exchange=NSE/symbol=TCS/part-093715_951110-047677.parquet,real_data_sample\l2_unseen_validation\trade_date=2026-07-17\exchange=NSE\symbol=TCS\part-093715_951110-047677.parquet,34585,downloaded,34585,
2026-07-17,NSE,TCS,raw_l2/trade_date=2026-07-17/exchange=NSE/symbol=TCS/part-094550_422702-048829.parquet,real_data_sample\l2_unseen_validation\trade_date=2026-07-17\exchange=NSE\symbol=TCS\part-094550_422702-048829.parquet,36002,downloaded,36002,
2026-07-17,NSE,TCS,raw_l2/trade_date=2026-07-17/exchange=NSE/symbol=TCS/part-094258_921992-048445.parquet,real_data_sample\l2_unseen_validation\trade_date=2026-07-17\exchange=NSE\symbol=TCS\part-094258_921992-048445.parquet,35724,downloaded,35724,
2026-07-17,NSE,TCS,raw_l2/trade_date=2026-07-17/exchange=NSE/symbol=TCS/part-094715_794720-049021.parquet,real_data_sample\l2_unseen_validation\trade_date=2026-07-17\exchange=NSE\symbol=TCS\part-094715_794720-049021.parquet,36284,downloaded,36284,
2026-07-17,NSE,TCS,raw_l2/trade_date=2026-07-17/exchange=NSE/symbol=TCS/part-094619_270856-048893.parquet,real_data_sample\l2_unseen_validation\trade_date=2026-07-17\exchange=NSE\symbol=TCS\part-094619_270856-048893.parquet,36307,downloaded,36307,
2026-07-17,NSE,TCS,raw_l2/trade_date=2026-07-17/exchange=NSE/symbol=TCS/part-094536_015507-048797.parquet,real_data_sample\l2_unseen_validation\trade_date=2026-07-17\exchange=NSE\symbol=TCS\part-094536_015507-048797.parquet,35853,downloaded,35853,
2026-07-17,NSE,TCS,raw_l2/trade_date=2026-07-17/exchange=NSE/symbol=TCS/part-094507_794279-048733.parquet,real_data_sample\l2_unseen_validation\trade_date=2026-07-17\exchange=NSE\symbol=TCS\part-094507_794279-048733.parquet,35681,downloaded,35681,
2026-07-17,NSE,TCS,raw_l2/trade_date=2026-07-17/exchange=NSE/symbol=TCS/part-094604_816826-048861.parquet,real_data_sample\l2_unseen_validation\trade_date=2026-07-17\exchange=NSE\symbol=TCS\part-094604_816826-048861.parquet,36018,downloaded,36018,
2026-07-17,NSE,TCS,raw_l2/trade_date=2026-07-17/exchange=NSE/symbol=TCS/part-094701_624674-048989.parquet,real_data_sample\l2_unseen_validation\trade_date=2026-07-17\exchange=NSE\symbol=TCS\part-094701_624674-048989.parquet,36475,downloaded,36475,
2026-07-17,NSE,TCS,raw_l2/trade_date=2026-07-17/exchange=NSE/symbol=TCS/part-094826_982536-049181.parquet,real_data_sample\l2_unseen_validation\trade_date=2026-07-17\exchange=NSE\symbol=TCS\part-094826_982536-049181.parquet,36291,downloaded,36291,
2026-07-17,NSE,TCS,raw_l2/trade_date=2026-07-17/exchange=NSE/symbol=TCS/part-094521_893534-048765.parquet,real_data_sample\l2_unseen_validation\trade_date=2026-07-17\exchange=NSE\symbol=TCS\part-094521_893534-048765.parquet,36138,downloaded,36138,
2026-07-17,NSE,TCS,raw_l2/trade_date=2026-07-17/exchange=NSE/symbol=TCS/part-094730_028099-049053.parquet,real_data_sample\l2_unseen_validation\trade_date=2026-07-17\exchange=NSE\symbol=TCS\part-094730_028099-049053.parquet,35943,downloaded,35943,
2026-07-17,NSE,TCS,raw_l2/trade_date=2026-07-17/exchange=NSE/symbol=TCS/part-094647_387389-048957.parquet,real_data_sample\l2_unseen_validation\trade_date=2026-07-17\exchange=NSE\symbol=TCS\part-094647_387389-048957.parquet,36057,downloaded,36057,
2026-07-17,NSE,TCS,raw_l2/trade_date=2026-07-17/exchange=NSE/symbol=TCS/part-094439_229807-048669.parquet,real_data_sample\l2_unseen_validation\trade_date=2026-07-17\exchange=NSE\symbol=TCS\part-094439_229807-048669.parquet,36122,downloaded,36122,
2026-07-17,NSE,TCS,raw_l2/trade_date=2026-07-17/exchange=NSE/symbol=TCS/part-094633_407951-048925.parquet,real_data_sample\l2_unseen_validation\trade_date=2026-07-17\exchange=NSE\symbol=TCS\part-094633_407951-048925.parquet,35883,downloaded,35883,
2026-07-17,NSE,TCS,raw_l2/trade_date=2026-07-17/exchange=NSE/symbol=TCS/part-094812_919772-049149.parquet,real_data_sample\l2_unseen_validation\trade_date=2026-07-17\exchange=NSE\symbol=TCS\part-094812_919772-049149.parquet,36312,downloaded,36312,
2026-07-17,NSE,TCS,raw_l2/trade_date=2026-07-17/exchange=NSE/symbol=TCS/part-094424_898665-048637.parquet,real_data_sample\l2_unseen_validation\trade_date=2026-07-17\exchange=NSE\symbol=TCS\part-094424_898665-048637.parquet,36286,downloaded,36286,
2026-07-17,NSE,TCS,raw_l2/trade_date=2026-07-17/exchange=NSE/symbol=TCS/part-094841_304411-049213.parquet,real_data_sample\l2_unseen_validation\trade_date=2026-07-17\exchange=NSE\symbol=TCS\part-094841_304411-049213.parquet,36231,downloaded,36231,
2026-07-17,NSE,TCS,raw_l2/trade_date=2026-07-17/exchange=NSE/symbol=TCS/part-094758_763132-049117.parquet,real_data_sample\l2_unseen_validation\trade_date=2026-07-17\exchange=NSE\symbol=TCS\part-094758_763132-049117.parquet,36131,downloaded,36131,
2026-07-17,NSE,TCS,raw_l2/trade_date=2026-07-17/exchange=NSE/symbol=TCS/part-094341_757212-048541.parquet,real_data_sample\l2_unseen_validation\trade_date=2026-07-17\exchange=NSE\symbol=TCS\part-094341_757212-048541.parquet,35486,downloaded,35486,
2026-07-17,NSE,TCS,raw_l2/trade_date=2026-07-17/exchange=NSE/symbol=TCS/part-094855_815738-049245.parquet,real_data_sample\l2_unseen_validation\trade_date=2026-07-17\exchange=NSE\symbol=TCS\part-094855_815738-049245.parquet,36614,downloaded,36614,
2026-07-17,NSE,TCS,raw_l2/trade_date=2026-07-17/exchange=NSE/symbol=TCS/part-094356_226516-048573.parquet,real_data_sample\l2_unseen_validation\trade_date=2026-07-17\exchange=NSE\symbol=TCS\part-094356_226516-048573.parquet,35561,downloaded,35561,
2026-07-17,NSE,TCS,raw_l2/trade_date=2026-07-17/exchange=NSE/symbol=TCS/part-094453_513216-048701.parquet,real_data_sample\l2_unseen_validation\trade_date=2026-07-17\exchange=NSE\symbol=TCS\part-094453_513216-048701.parquet,35964,downloaded,35964,
2026-07-17,NSE,TCS,raw_l2/trade_date=2026-07-17/exchange=NSE/symbol=TCS/part-094410_665482-048605.parquet,real_data_sample\l2_unseen_validation\trade_date=2026-07-17\exchange=NSE\symbol=TCS\part-094410_665482-048605.parquet,35408,downloaded,35408,
2026-07-17,NSE,TCS,raw_l2/trade_date=2026-07-17/exchange=NSE/symbol=TCS/part-094327_360876-048509.parquet,real_data_sample\l2_unseen_validation\trade_date=2026-07-17\exchange=NSE\symbol=TCS\part-094327_360876-048509.parquet,35984,downloaded,35984,
2026-07-17,NSE,TCS,raw_l2/trade_date=2026-07-17/exchange=NSE/symbol=TCS/part-094244_811446-048413.parquet,real_data_sample\l2_unseen_validation\trade_date=2026-07-17\exchange=NSE\symbol=TCS\part-094244_811446-048413.parquet,36131,downloaded,36131,
2026-07-17,NSE,TCS,raw_l2/trade_date=2026-07-17/exchange=NSE/symbol=TCS/part-093647_898816-047613.parquet,real_data_sample\l2_unseen_validation\trade_date=2026-07-17\exchange=NSE\symbol=TCS\part-093647_898816-047613.parquet,34533,downloaded,34533,
2026-07-17,NSE,TCS,raw_l2/trade_date=2026-07-17/exchange=NSE/symbol=TCS/part-094924_349182-049309.parquet,real_data_sample\l2_unseen_validation\trade_date=2026-07-17\exchange=NSE\symbol=TCS\part-094924_349182-049309.parquet,36421,downloaded,36421,
2026-07-17,NSE,TCS,raw_l2/trade_date=2026-07-17/exchange=NSE/symbol=TCS/part-095145_918810-049629.parquet,real_data_sample\l2_unseen_validation\trade_date=2026-07-17\exchange=NSE\symbol=TCS\part-095145_918810-049629.parquet,36220,downloaded,36220,
2026-07-17,NSE,TCS,raw_l2/trade_date=2026-07-17/exchange=NSE/symbol=TCS/part-093743_803882-047741.parquet,real_data_sample\l2_unseen_validation\trade_date=2026-07-17\exchange=NSE\symbol=TCS\part-093743_803882-047741.parquet,35955,downloaded,35955,
2026-07-17,NSE,TCS,raw_l2/trade_date=2026-07-17/exchange=NSE/symbol=TCS/part-095049_682265-049501.parquet,real_data_sample\l2_unseen_validation\trade_date=2026-07-17\exchange=NSE\symbol=TCS\part-095049_682265-049501.parquet,35967,downloaded,35967,
2026-07-17,NSE,TCS,raw_l2/trade_date=2026-07-17/exchange=NSE/symbol=TCS/part-093812_026151-047805.parquet,real_data_sample\l2_unseen_validation\trade_date=2026-07-17\exchange=NSE\symbol=TCS\part-093812_026151-047805.parquet,35723,downloaded,35723,
2026-07-17,NSE,TCS,raw_l2/trade_date=2026-07-17/exchange=NSE/symbol=TCS/part-095131_789651-049597.parquet,real_data_sample\l2_unseen_validation\trade_date=2026-07-17\exchange=NSE\symbol=TCS\part-095131_789651-049597.parquet,36685,downloaded,36685,
2026-07-17,NSE,TCS,raw_l2/trade_date=2026-07-17/exchange=NSE/symbol=TCS/part-095035_594062-049469.parquet,real_data_sample\l2_unseen_validation\trade_date=2026-07-17\exchange=NSE\symbol=TCS\part-095035_594062-049469.parquet,36459,downloaded,36459,
2026-07-17,NSE,TCS,raw_l2/trade_date=2026-07-17/exchange=NSE/symbol=TCS/part-095006_965679-049405.parquet,real_data_sample\l2_unseen_validation\trade_date=2026-07-17\exchange=NSE\symbol=TCS\part-095006_965679-049405.parquet,36182,downloaded,36182,
2026-07-17,NSE,TCS,raw_l2/trade_date=2026-07-17/exchange=NSE/symbol=TCS/part-094938_641546-049341.parquet,real_data_sample\l2_unseen_validation\trade_date=2026-07-17\exchange=NSE\symbol=TCS\part-094938_641546-049341.parquet,36203,downloaded,36203,
2026-07-17,NSE,TCS,raw_l2/trade_date=2026-07-17/exchange=NSE/symbol=TCS/part-095021_222608-049437.parquet,real_data_sample\l2_unseen_validation\trade_date=2026-07-17\exchange=NSE\symbol=TCS\part-095021_222608-049437.parquet,36555,downloaded,36555,
2026-07-17,NSE,TCS,raw_l2/trade_date=2026-07-17/exchange=NSE/symbol=TCS/part-095159_945348-049661.parquet,real_data_sample\l2_unseen_validation\trade_date=2026-07-17\exchange=NSE\symbol=TCS\part-095159_945348-049661.parquet,36372,downloaded,36372,
2026-07-17,NSE,TCS,raw_l2/trade_date=2026-07-17/exchange=NSE/symbol=TCS/part-095533_535681-050141.parquet,real_data_sample\l2_unseen_validation\trade_date=2026-07-17\exchange=NSE\symbol=TCS\part-095533_535681-050141.parquet,36685,downloaded,36685,
2026-07-17,NSE,TCS,raw_l2/trade_date=2026-07-17/exchange=NSE/symbol=TCS/part-095310_572186-049821.parquet,real_data_sample\l2_unseen_validation\trade_date=2026-07-17\exchange=NSE\symbol=TCS\part-095310_572186-049821.parquet,35722,downloaded,35722,
2026-07-17,NSE,TCS,raw_l2/trade_date=2026-07-17/exchange=NSE/symbol=TCS/part-095519_048751-050109.parquet,real_data_sample\l2_unseen_validation\trade_date=2026-07-17\exchange=NSE\symbol=TCS\part-095519_048751-050109.parquet,36398,downloaded,36398,
2026-07-17,NSE,TCS,raw_l2/trade_date=2026-07-17/exchange=NSE/symbol=TCS/part-095504_962524-050077.parquet,real_data_sample\l2_unseen_validation\trade_date=2026-07-17\exchange=NSE\symbol=TCS\part-095504_962524-050077.parquet,36138,downloaded,36138,
2026-07-17,NSE,TCS,raw_l2/trade_date=2026-07-17/exchange=NSE/symbol=TCS/part-095450_829222-050045.parquet,real_data_sample\l2_unseen_validation\trade_date=2026-07-17\exchange=NSE\symbol=TCS\part-095450_829222-050045.parquet,36207,downloaded,36207,
2026-07-17,NSE,TCS,raw_l2/trade_date=2026-07-17/exchange=NSE/symbol=TCS/part-095242_476084-049757.parquet,real_data_sample\l2_unseen_validation\trade_date=2026-07-17\exchange=NSE\symbol=TCS\part-095242_476084-049757.parquet,35886,downloaded,35886,
2026-07-17,NSE,TCS,raw_l2/trade_date=2026-07-17/exchange=NSE/symbol=TCS/part-095324_803104-049853.parquet,real_data_sample\l2_unseen_validation\trade_date=2026-07-17\exchange=NSE\symbol=TCS\part-095324_803104-049853.parquet,35928,downloaded,35928,
2026-07-17,NSE,TCS,raw_l2/trade_date=2026-07-17/exchange=NSE/symbol=TCS/part-095339_256396-049885.parquet,real_data_sample\l2_unseen_validation\trade_date=2026-07-17\exchange=NSE\symbol=TCS\part-095339_256396-049885.parquet,35848,downloaded,35848,
2026-07-17,NSE,TCS,raw_l2/trade_date=2026-07-17/exchange=NSE/symbol=TCS/part-095256_453398-049789.parquet,real_data_sample\l2_unseen_validation\trade_date=2026-07-17\exchange=NSE\symbol=TCS\part-095256_453398-049789.parquet,35523,downloaded,35523,
2026-07-17,NSE,TCS,raw_l2/trade_date=2026-07-17/exchange=NSE/symbol=TCS/part-095422_477510-049981.parquet,real_data_sample\l2_unseen_validation\trade_date=2026-07-17\exchange=NSE\symbol=TCS\part-095422_477510-049981.parquet,36537,downloaded,36537,
2026-07-17,NSE,TCS,raw_l2/trade_date=2026-07-17/exchange=NSE/symbol=TCS/part-095436_508461-050013.parquet,real_data_sample\l2_unseen_validation\trade_date=2026-07-17\exchange=NSE\symbol=TCS\part-095436_508461-050013.parquet,36401,downloaded,36401,
2026-07-17,NSE,TCS,raw_l2/trade_date=2026-07-17/exchange=NSE/symbol=TCS/part-095117_915482-049565.parquet,real_data_sample\l2_unseen_validation\trade_date=2026-07-17\exchange=NSE\symbol=TCS\part-095117_915482-049565.parquet,36371,downloaded,36371,
2026-07-17,NSE,TCS,raw_l2/trade_date=2026-07-17/exchange=NSE/symbol=TCS/part-095103_712487-049533.parquet,real_data_sample\l2_unseen_validation\trade_date=2026-07-17\exchange=NSE\symbol=TCS\part-095103_712487-049533.parquet,35942,downloaded,35942,
2026-07-17,NSE,TCS,raw_l2/trade_date=2026-07-17/exchange=NSE/symbol=TCS/part-095408_228143-049949.parquet,real_data_sample\l2_unseen_validation\trade_date=2026-07-17\exchange=NSE\symbol=TCS\part-095408_228143-049949.parquet,35968,downloaded,35968,
2026-07-17,NSE,TCS,raw_l2/trade_date=2026-07-17/exchange=NSE/symbol=TCS/part-095353_765162-049917.parquet,real_data_sample\l2_unseen_validation\trade_date=2026-07-17\exchange=NSE\symbol=TCS\part-095353_765162-049917.parquet,35648,downloaded,35648,
2026-07-17,NSE,TCS,raw_l2/trade_date=2026-07-17/exchange=NSE/symbol=TCS/part-095228_448769-049725.parquet,real_data_sample\l2_unseen_validation\trade_date=2026-07-17\exchange=NSE\symbol=TCS\part-095228_448769-049725.parquet,36000,downloaded,36000,
2026-07-17,NSE,TCS,raw_l2/trade_date=2026-07-17/exchange=NSE/symbol=TCS/part-095214_433346-049693.parquet,real_data_sample\l2_unseen_validation\trade_date=2026-07-17\exchange=NSE\symbol=TCS\part-095214_433346-049693.parquet,36130,downloaded,36130,
2026-07-17,NSE,TCS,raw_l2/trade_date=2026-07-17/exchange=NSE/symbol=TCS/part-094952_828329-049373.parquet,real_data_sample\l2_unseen_validation\trade_date=2026-07-17\exchange=NSE\symbol=TCS\part-094952_828329-049373.parquet,36362,downloaded,36362,
2026-07-17,NSE,TCS,raw_l2/trade_date=2026-07-17/exchange=NSE/symbol=TCS/part-094909_990807-049277.parquet,real_data_sample\l2_unseen_validation\trade_date=2026-07-17\exchange=NSE\symbol=TCS\part-094909_990807-049277.parquet,35965,downloaded,35965,
2026-07-17,NSE,TCS,raw_l2/trade_date=2026-07-17/exchange=NSE/symbol=TCS/part-095700_953332-050333.parquet,real_data_sample\l2_unseen_validation\trade_date=2026-07-17\exchange=NSE\symbol=TCS\part-095700_953332-050333.parquet,36049,downloaded,36049,
2026-07-17,NSE,TCS,raw_l2/trade_date=2026-07-17/exchange=NSE/symbol=TCS/part-095910_968299-050621.parquet,real_data_sample\l2_unseen_validation\trade_date=2026-07-17\exchange=NSE\symbol=TCS\part-095910_968299-050621.parquet,35622,downloaded,35622,
2026-07-17,NSE,TCS,raw_l2/trade_date=2026-07-17/exchange=NSE/symbol=TCS/part-100114_382301-050762.parquet,real_data_sample\l2_unseen_validation\trade_date=2026-07-17\exchange=NSE\symbol=TCS\part-100114_382301-050762.parquet,34036,downloaded,34036,
2026-07-17,NSE,TECHM,raw_l2/trade_date=2026-07-17/exchange=NSE/symbol=TECHM/part-034518_514145-000062.parquet,real_data_sample\l2_unseen_validation\trade_date=2026-07-17\exchange=NSE\symbol=TECHM\part-034518_514145-000062.parquet,36852,downloaded,36852,
2026-07-17,NSE,TECHM,raw_l2/trade_date=2026-07-17/exchange=NSE/symbol=TECHM/part-034752_853432-000414.parquet,real_data_sample\l2_unseen_validation\trade_date=2026-07-17\exchange=NSE\symbol=TECHM\part-034752_853432-000414.parquet,36624,downloaded,36624,
2026-07-17,NSE,TECHM,raw_l2/trade_date=2026-07-17/exchange=NSE/symbol=TECHM/part-034807_291989-000446.parquet,real_data_sample\l2_unseen_validation\trade_date=2026-07-17\exchange=NSE\symbol=TECHM\part-034807_291989-000446.parquet,36686,downloaded,36686,
2026-07-17,NSE,TECHM,raw_l2/trade_date=2026-07-17/exchange=NSE/symbol=TECHM/part-034820_990397-000478.parquet,real_data_sample\l2_unseen_validation\trade_date=2026-07-17\exchange=NSE\symbol=TECHM\part-034820_990397-000478.parquet,36714,downloaded,36714,
2026-07-17,NSE,TECHM,raw_l2/trade_date=2026-07-17/exchange=NSE/symbol=TECHM/part-034834_841382-000510.parquet,real_data_sample\l2_unseen_validation\trade_date=2026-07-17\exchange=NSE\symbol=TECHM\part-034834_841382-000510.parquet,36593,downloaded,36593,
2026-07-17,NSE,TECHM,raw_l2/trade_date=2026-07-17/exchange=NSE/symbol=TECHM/part-034738_932136-000382.parquet,real_data_sample\l2_unseen_validation\trade_date=2026-07-17\exchange=NSE\symbol=TECHM\part-034738_932136-000382.parquet,36654,downloaded,36654,
2026-07-17,NSE,TECHM,raw_l2/trade_date=2026-07-17/exchange=NSE/symbol=TECHM/part-034724_712938-000350.parquet,real_data_sample\l2_unseen_validation\trade_date=2026-07-17\exchange=NSE\symbol=TECHM\part-034724_712938-000350.parquet,36676,downloaded,36676,
2026-07-17,NSE,TECHM,raw_l2/trade_date=2026-07-17/exchange=NSE/symbol=TECHM/part-034848_560520-000542.parquet,real_data_sample\l2_unseen_validation\trade_date=2026-07-17\exchange=NSE\symbol=TECHM\part-034848_560520-000542.parquet,36595,downloaded,36595,
2026-07-17,NSE,TECHM,raw_l2/trade_date=2026-07-17/exchange=NSE/symbol=TECHM/part-034930_541500-000638.parquet,real_data_sample\l2_unseen_validation\trade_date=2026-07-17\exchange=NSE\symbol=TECHM\part-034930_541500-000638.parquet,36318,downloaded,36318,
2026-07-17,NSE,TECHM,raw_l2/trade_date=2026-07-17/exchange=NSE/symbol=TECHM/part-034902_427450-000574.parquet,real_data_sample\l2_unseen_validation\trade_date=2026-07-17\exchange=NSE\symbol=TECHM\part-034902_427450-000574.parquet,36644,downloaded,36644,
2026-07-17,NSE,TECHM,raw_l2/trade_date=2026-07-17/exchange=NSE/symbol=TECHM/part-034916_446856-000606.parquet,real_data_sample\l2_unseen_validation\trade_date=2026-07-17\exchange=NSE\symbol=TECHM\part-034916_446856-000606.parquet,36584,downloaded,36584,
2026-07-17,NSE,TECHM,raw_l2/trade_date=2026-07-17/exchange=NSE/symbol=TECHM/part-034958_549885-000702.parquet,real_data_sample\l2_unseen_validation\trade_date=2026-07-17\exchange=NSE\symbol=TECHM\part-034958_549885-000702.parquet,36486,downloaded,36486,
2026-07-17,NSE,TECHM,raw_l2/trade_date=2026-07-17/exchange=NSE/symbol=TECHM/part-035012_437106-000734.parquet,real_data_sample\l2_unseen_validation\trade_date=2026-07-17\exchange=NSE\symbol=TECHM\part-035012_437106-000734.parquet,36649,downloaded,36649,
2026-07-17,NSE,TECHM,raw_l2/trade_date=2026-07-17/exchange=NSE/symbol=TECHM/part-035040_094609-000798.parquet,real_data_sample\l2_unseen_validation\trade_date=2026-07-17\exchange=NSE\symbol=TECHM\part-035040_094609-000798.parquet,36591,downloaded,36591,
2026-07-17,NSE,TECHM,raw_l2/trade_date=2026-07-17/exchange=NSE/symbol=TECHM/part-035026_320064-000766.parquet,real_data_sample\l2_unseen_validation\trade_date=2026-07-17\exchange=NSE\symbol=TECHM\part-035026_320064-000766.parquet,36461,downloaded,36461,
2026-07-17,NSE,TECHM,raw_l2/trade_date=2026-07-17/exchange=NSE/symbol=TECHM/part-035053_809497-000830.parquet,real_data_sample\l2_unseen_validation\trade_date=2026-07-17\exchange=NSE\symbol=TECHM\part-035053_809497-000830.parquet,36519,downloaded,36519,
2026-07-17,NSE,TECHM,raw_l2/trade_date=2026-07-17/exchange=NSE/symbol=TECHM/part-034944_448158-000670.parquet,real_data_sample\l2_unseen_validation\trade_date=2026-07-17\exchange=NSE\symbol=TECHM\part-034944_448158-000670.parquet,36660,downloaded,36660,
2026-07-17,NSE,TECHM,raw_l2/trade_date=2026-07-17/exchange=NSE/symbol=TECHM/part-035107_485511-000862.parquet,real_data_sample\l2_unseen_validation\trade_date=2026-07-17\exchange=NSE\symbol=TECHM\part-035107_485511-000862.parquet,36427,downloaded,36427,
2026-07-17,NSE,TECHM,raw_l2/trade_date=2026-07-17/exchange=NSE/symbol=TECHM/part-035121_328671-000894.parquet,real_data_sample\l2_unseen_validation\trade_date=2026-07-17\exchange=NSE\symbol=TECHM\part-035121_328671-000894.parquet,36316,downloaded,36316,
2026-07-17,NSE,TECHM,raw_l2/trade_date=2026-07-17/exchange=NSE/symbol=TECHM/part-035135_047242-000926.parquet,real_data_sample\l2_unseen_validation\trade_date=2026-07-17\exchange=NSE\symbol=TECHM\part-035135_047242-000926.parquet,36421,downloaded,36421,
2026-07-17,NSE,TECHM,raw_l2/trade_date=2026-07-17/exchange=NSE/symbol=TECHM/part-035148_907106-000958.parquet,real_data_sample\l2_unseen_validation\trade_date=2026-07-17\exchange=NSE\symbol=TECHM\part-035148_907106-000958.parquet,36584,downloaded,36584,
2026-07-17,NSE,TECHM,raw_l2/trade_date=2026-07-17/exchange=NSE/symbol=TECHM/part-035202_950122-000990.parquet,real_data_sample\l2_unseen_validation\trade_date=2026-07-17\exchange=NSE\symbol=TECHM\part-035202_950122-000990.parquet,36334,downloaded,36334,
2026-07-17,NSE,TECHM,raw_l2/trade_date=2026-07-17/exchange=NSE/symbol=TECHM/part-035230_691906-001054.parquet,real_data_sample\l2_unseen_validation\trade_date=2026-07-17\exchange=NSE\symbol=TECHM\part-035230_691906-001054.parquet,36723,downloaded,36723,
2026-07-17,NSE,TECHM,raw_l2/trade_date=2026-07-17/exchange=NSE/symbol=TECHM/part-035244_624131-001086.parquet,real_data_sample\l2_unseen_validation\trade_date=2026-07-17\exchange=NSE\symbol=TECHM\part-035244_624131-001086.parquet,36665,downloaded,36665,
2026-07-17,NSE,TECHM,raw_l2/trade_date=2026-07-17/exchange=NSE/symbol=TECHM/part-035258_784313-001118.parquet,real_data_sample\l2_unseen_validation\trade_date=2026-07-17\exchange=NSE\symbol=TECHM\part-035258_784313-001118.parquet,36540,downloaded,36540,
2026-07-17,NSE,TECHM,raw_l2/trade_date=2026-07-17/exchange=NSE/symbol=TECHM/part-035312_537107-001150.parquet,real_data_sample\l2_unseen_validation\trade_date=2026-07-17\exchange=NSE\symbol=TECHM\part-035312_537107-001150.parquet,36709,downloaded,36709,
2026-07-17,NSE,TECHM,raw_l2/trade_date=2026-07-17/exchange=NSE/symbol=TECHM/part-035216_780414-001022.parquet,real_data_sample\l2_unseen_validation\trade_date=2026-07-17\exchange=NSE\symbol=TECHM\part-035216_780414-001022.parquet,36385,downloaded,36385,
2026-07-17,NSE,TECHM,raw_l2/trade_date=2026-07-17/exchange=NSE/symbol=TECHM/part-035326_371970-001182.parquet,real_data_sample\l2_unseen_validation\trade_date=2026-07-17\exchange=NSE\symbol=TECHM\part-035326_371970-001182.parquet,36454,downloaded,36454,
2026-07-17,NSE,TCS,raw_l2/trade_date=2026-07-17/exchange=NSE/symbol=TCS/part-095602_832045-050205.parquet,real_data_sample\l2_unseen_validation\trade_date=2026-07-17\exchange=NSE\symbol=TCS\part-095602_832045-050205.parquet,35932,downloaded,35932,
2026-07-17,NSE,TECHM,raw_l2/trade_date=2026-07-17/exchange=NSE/symbol=TECHM/part-035354_196504-001246.parquet,real_data_sample\l2_unseen_validation\trade_date=2026-07-17\exchange=NSE\symbol=TECHM\part-035354_196504-001246.parquet,36255,downloaded,36255,
2026-07-17,NSE,TECHM,raw_l2/trade_date=2026-07-17/exchange=NSE/symbol=TECHM/part-035340_221839-001214.parquet,real_data_sample\l2_unseen_validation\trade_date=2026-07-17\exchange=NSE\symbol=TECHM\part-035340_221839-001214.parquet,36807,downloaded,36807,
2026-07-17,NSE,TCS,raw_l2/trade_date=2026-07-17/exchange=NSE/symbol=TCS/part-095925_469148-050653.parquet,real_data_sample\l2_unseen_validation\trade_date=2026-07-17\exchange=NSE\symbol=TCS\part-095925_469148-050653.parquet,36094,downloaded,36094,
2026-07-17,NSE,TCS,raw_l2/trade_date=2026-07-17/exchange=NSE/symbol=TCS/part-095812_713959-050493.parquet,real_data_sample\l2_unseen_validation\trade_date=2026-07-17\exchange=NSE\symbol=TCS\part-095812_713959-050493.parquet,35467,downloaded,35467,
2026-07-17,NSE,TECHM,raw_l2/trade_date=2026-07-17/exchange=NSE/symbol=TECHM/part-035408_030545-001278.parquet,real_data_sample\l2_unseen_validation\trade_date=2026-07-17\exchange=NSE\symbol=TECHM\part-035408_030545-001278.parquet,36427,downloaded,36427,
2026-07-17,NSE,TCS,raw_l2/trade_date=2026-07-17/exchange=NSE/symbol=TCS/part-095939_997337-050685.parquet,real_data_sample\l2_unseen_validation\trade_date=2026-07-17\exchange=NSE\symbol=TCS\part-095939_997337-050685.parquet,36252,downloaded,36252,
2026-07-17,NSE,TECHM,raw_l2/trade_date=2026-07-17/exchange=NSE/symbol=TECHM/part-035421_692024-001310.parquet,real_data_sample\l2_unseen_validation\trade_date=2026-07-17\exchange=NSE\symbol=TECHM\part-035421_692024-001310.parquet,36431,downloaded,36431,
2026-07-17,NSE,TCS,raw_l2/trade_date=2026-07-17/exchange=NSE/symbol=TCS/part-095954_289994-050717.parquet,real_data_sample\l2_unseen_validation\trade_date=2026-07-17\exchange=NSE\symbol=TCS\part-095954_289994-050717.parquet,36438,downloaded,36438,
2026-07-17,NSE,TCS,raw_l2/trade_date=2026-07-17/exchange=NSE/symbol=TCS/part-095548_256038-050173.parquet,real_data_sample\l2_unseen_validation\trade_date=2026-07-17\exchange=NSE\symbol=TCS\part-095548_256038-050173.parquet,36055,downloaded,36055,
2026-07-17,NSE,TCS,raw_l2/trade_date=2026-07-17/exchange=NSE/symbol=TCS/part-095729_954917-050397.parquet,real_data_sample\l2_unseen_validation\trade_date=2026-07-17\exchange=NSE\symbol=TCS\part-095729_954917-050397.parquet,35670,downloaded,35670,
2026-07-17,NSE,TECHM,raw_l2/trade_date=2026-07-17/exchange=NSE/symbol=TECHM/part-034504_545583-000030.parquet,real_data_sample\l2_unseen_validation\trade_date=2026-07-17\exchange=NSE\symbol=TECHM\part-034504_545583-000030.parquet,34417,downloaded,34417,
2026-07-17,NSE,TCS,raw_l2/trade_date=2026-07-17/exchange=NSE/symbol=TCS/part-095856_516752-050589.parquet,real_data_sample\l2_unseen_validation\trade_date=2026-07-17\exchange=NSE\symbol=TCS\part-095856_516752-050589.parquet,36117,downloaded,36117,
2026-07-17,NSE,TCS,raw_l2/trade_date=2026-07-17/exchange=NSE/symbol=TCS/part-095744_360560-050429.parquet,real_data_sample\l2_unseen_validation\trade_date=2026-07-17\exchange=NSE\symbol=TCS\part-095744_360560-050429.parquet,35794,downloaded,35794,
2026-07-17,NSE,TECHM,raw_l2/trade_date=2026-07-17/exchange=NSE/symbol=TECHM/part-034532_300370-000094.parquet,real_data_sample\l2_unseen_validation\trade_date=2026-07-17\exchange=NSE\symbol=TECHM\part-034532_300370-000094.parquet,36141,downloaded,36141,
2026-07-17,NSE,TECHM,raw_l2/trade_date=2026-07-17/exchange=NSE/symbol=TECHM/part-035449_477874-001374.parquet,real_data_sample\l2_unseen_validation\trade_date=2026-07-17\exchange=NSE\symbol=TECHM\part-035449_477874-001374.parquet,36349,downloaded,36349,
2026-07-17,NSE,TCS,raw_l2/trade_date=2026-07-17/exchange=NSE/symbol=TCS/part-095645_966579-050301.parquet,real_data_sample\l2_unseen_validation\trade_date=2026-07-17\exchange=NSE\symbol=TCS\part-095645_966579-050301.parquet,36060,downloaded,36060,
2026-07-17,NSE,TCS,raw_l2/trade_date=2026-07-17/exchange=NSE/symbol=TCS/part-095617_135912-050237.parquet,real_data_sample\l2_unseen_validation\trade_date=2026-07-17\exchange=NSE\symbol=TCS\part-095617_135912-050237.parquet,36166,downloaded,36166,
2026-07-17,NSE,TCS,raw_l2/trade_date=2026-07-17/exchange=NSE/symbol=TCS/part-095631_575261-050269.parquet,real_data_sample\l2_unseen_validation\trade_date=2026-07-17\exchange=NSE\symbol=TCS\part-095631_575261-050269.parquet,36267,downloaded,36267,
2026-07-17,NSE,TCS,raw_l2/trade_date=2026-07-17/exchange=NSE/symbol=TCS/part-095841_972316-050557.parquet,real_data_sample\l2_unseen_validation\trade_date=2026-07-17\exchange=NSE\symbol=TCS\part-095841_972316-050557.parquet,36090,downloaded,36090,
2026-07-17,NSE,TCS,raw_l2/trade_date=2026-07-17/exchange=NSE/symbol=TCS/part-095827_140552-050525.parquet,real_data_sample\l2_unseen_validation\trade_date=2026-07-17\exchange=NSE\symbol=TCS\part-095827_140552-050525.parquet,35594,downloaded,35594,
2026-07-17,NSE,TCS,raw_l2/trade_date=2026-07-17/exchange=NSE/symbol=TCS/part-095715_557304-050365.parquet,real_data_sample\l2_unseen_validation\trade_date=2026-07-17\exchange=NSE\symbol=TCS\part-095715_557304-050365.parquet,36331,downloaded,36331,
2026-07-17,NSE,TECHM,raw_l2/trade_date=2026-07-17/exchange=NSE/symbol=TECHM/part-035517_645097-001438.parquet,real_data_sample\l2_unseen_validation\trade_date=2026-07-17\exchange=NSE\symbol=TECHM\part-035517_645097-001438.parquet,36547,downloaded,36547,
2026-07-17,NSE,TECHM,raw_l2/trade_date=2026-07-17/exchange=NSE/symbol=TECHM/part-035531_736747-001470.parquet,real_data_sample\l2_unseen_validation\trade_date=2026-07-17\exchange=NSE\symbol=TECHM\part-035531_736747-001470.parquet,36408,downloaded,36408,
2026-07-17,NSE,TCS,raw_l2/trade_date=2026-07-17/exchange=NSE/symbol=TCS/part-100008_595471-050749.parquet,real_data_sample\l2_unseen_validation\trade_date=2026-07-17\exchange=NSE\symbol=TCS\part-100008_595471-050749.parquet,35116,downloaded,35116,
2026-07-17,NSE,TECHM,raw_l2/trade_date=2026-07-17/exchange=NSE/symbol=TECHM/part-035545_618914-001502.parquet,real_data_sample\l2_unseen_validation\trade_date=2026-07-17\exchange=NSE\symbol=TECHM\part-035545_618914-001502.parquet,36460,downloaded,36460,
2026-07-17,NSE,TECHM,raw_l2/trade_date=2026-07-17/exchange=NSE/symbol=TECHM/part-035435_644844-001342.parquet,real_data_sample\l2_unseen_validation\trade_date=2026-07-17\exchange=NSE\symbol=TECHM\part-035435_644844-001342.parquet,36463,downloaded,36463,
2026-07-17,NSE,TECHM,raw_l2/trade_date=2026-07-17/exchange=NSE/symbol=TECHM/part-035559_498781-001534.parquet,real_data_sample\l2_unseen_validation\trade_date=2026-07-17\exchange=NSE\symbol=TECHM\part-035559_498781-001534.parquet,36277,downloaded,36277,
2026-07-17,NSE,TECHM,raw_l2/trade_date=2026-07-17/exchange=NSE/symbol=TECHM/part-035613_390302-001566.parquet,real_data_sample\l2_unseen_validation\trade_date=2026-07-17\exchange=NSE\symbol=TECHM\part-035613_390302-001566.parquet,36219,downloaded,36219,
2026-07-17,NSE,TECHM,raw_l2/trade_date=2026-07-17/exchange=NSE/symbol=TECHM/part-035627_535753-001598.parquet,real_data_sample\l2_unseen_validation\trade_date=2026-07-17\exchange=NSE\symbol=TECHM\part-035627_535753-001598.parquet,36429,downloaded,36429,
2026-07-17,NSE,TECHM,raw_l2/trade_date=2026-07-17/exchange=NSE/symbol=TECHM/part-035641_479765-001630.parquet,real_data_sample\l2_unseen_validation\trade_date=2026-07-17\exchange=NSE\symbol=TECHM\part-035641_479765-001630.parquet,36329,downloaded,36329,
2026-07-17,NSE,TECHM,raw_l2/trade_date=2026-07-17/exchange=NSE/symbol=TECHM/part-035723_331933-001726.parquet,real_data_sample\l2_unseen_validation\trade_date=2026-07-17\exchange=NSE\symbol=TECHM\part-035723_331933-001726.parquet,36299,downloaded,36299,
2026-07-17,NSE,TECHM,raw_l2/trade_date=2026-07-17/exchange=NSE/symbol=TECHM/part-035655_367715-001662.parquet,real_data_sample\l2_unseen_validation\trade_date=2026-07-17\exchange=NSE\symbol=TECHM\part-035655_367715-001662.parquet,36364,downloaded,36364,
2026-07-17,NSE,TECHM,raw_l2/trade_date=2026-07-17/exchange=NSE/symbol=TECHM/part-035806_072463-001822.parquet,real_data_sample\l2_unseen_validation\trade_date=2026-07-17\exchange=NSE\symbol=TECHM\part-035806_072463-001822.parquet,36236,downloaded,36236,
2026-07-17,NSE,TECHM,raw_l2/trade_date=2026-07-17/exchange=NSE/symbol=TECHM/part-034643_049472-000254.parquet,real_data_sample\l2_unseen_validation\trade_date=2026-07-17\exchange=NSE\symbol=TECHM\part-034643_049472-000254.parquet,36617,downloaded,36617,
2026-07-17,NSE,TECHM,raw_l2/trade_date=2026-07-17/exchange=NSE/symbol=TECHM/part-035820_301691-001854.parquet,real_data_sample\l2_unseen_validation\trade_date=2026-07-17\exchange=NSE\symbol=TECHM\part-035820_301691-001854.parquet,36749,downloaded,36749,
2026-07-17,NSE,TECHM,raw_l2/trade_date=2026-07-17/exchange=NSE/symbol=TECHM/part-035902_305711-001950.parquet,real_data_sample\l2_unseen_validation\trade_date=2026-07-17\exchange=NSE\symbol=TECHM\part-035902_305711-001950.parquet,36595,downloaded,36595,
2026-07-17,NSE,TECHM,raw_l2/trade_date=2026-07-17/exchange=NSE/symbol=TECHM/part-035916_284457-001982.parquet,real_data_sample\l2_unseen_validation\trade_date=2026-07-17\exchange=NSE\symbol=TECHM\part-035916_284457-001982.parquet,36541,downloaded,36541,
2026-07-17,NSE,TECHM,raw_l2/trade_date=2026-07-17/exchange=NSE/symbol=TECHM/part-035503_629695-001406.parquet,real_data_sample\l2_unseen_validation\trade_date=2026-07-17\exchange=NSE\symbol=TECHM\part-035503_629695-001406.parquet,36499,downloaded,36499,
2026-07-17,NSE,TECHM,raw_l2/trade_date=2026-07-17/exchange=NSE/symbol=TECHM/part-035834_288818-001886.parquet,real_data_sample\l2_unseen_validation\trade_date=2026-07-17\exchange=NSE\symbol=TECHM\part-035834_288818-001886.parquet,36303,downloaded,36303,
2026-07-17,NSE,TECHM,raw_l2/trade_date=2026-07-17/exchange=NSE/symbol=TECHM/part-035737_347865-001758.parquet,real_data_sample\l2_unseen_validation\trade_date=2026-07-17\exchange=NSE\symbol=TECHM\part-035737_347865-001758.parquet,36787,downloaded,36787,
2026-07-17,NSE,TECHM,raw_l2/trade_date=2026-07-17/exchange=NSE/symbol=TECHM/part-034628_660502-000222.parquet,real_data_sample\l2_unseen_validation\trade_date=2026-07-17\exchange=NSE\symbol=TECHM\part-034628_660502-000222.parquet,36654,downloaded,36654,
2026-07-17,NSE,TCS,raw_l2/trade_date=2026-07-17/exchange=NSE/symbol=TCS/part-095758_599143-050461.parquet,real_data_sample\l2_unseen_validation\trade_date=2026-07-17\exchange=NSE\symbol=TCS\part-095758_599143-050461.parquet,35680,downloaded,35680,
2026-07-17,NSE,TECHM,raw_l2/trade_date=2026-07-17/exchange=NSE/symbol=TECHM/part-034656_856476-000286.parquet,real_data_sample\l2_unseen_validation\trade_date=2026-07-17\exchange=NSE\symbol=TECHM\part-034656_856476-000286.parquet,36753,downloaded,36753,
2026-07-17,NSE,TECHM,raw_l2/trade_date=2026-07-17/exchange=NSE/symbol=TECHM/part-035930_213818-002014.parquet,real_data_sample\l2_unseen_validation\trade_date=2026-07-17\exchange=NSE\symbol=TECHM\part-035930_213818-002014.parquet,36744,downloaded,36744,
2026-07-17,NSE,TECHM,raw_l2/trade_date=2026-07-17/exchange=NSE/symbol=TECHM/part-034600_751873-000158.parquet,real_data_sample\l2_unseen_validation\trade_date=2026-07-17\exchange=NSE\symbol=TECHM\part-034600_751873-000158.parquet,36676,downloaded,36676,
2026-07-17,NSE,TECHM,raw_l2/trade_date=2026-07-17/exchange=NSE/symbol=TECHM/part-040026_400045-002142.parquet,real_data_sample\l2_unseen_validation\trade_date=2026-07-17\exchange=NSE\symbol=TECHM\part-040026_400045-002142.parquet,36575,downloaded,36575,
2026-07-17,NSE,TECHM,raw_l2/trade_date=2026-07-17/exchange=NSE/symbol=TECHM/part-040012_409602-002110.parquet,real_data_sample\l2_unseen_validation\trade_date=2026-07-17\exchange=NSE\symbol=TECHM\part-040012_409602-002110.parquet,36484,downloaded,36484,
2026-07-17,NSE,TECHM,raw_l2/trade_date=2026-07-17/exchange=NSE/symbol=TECHM/part-035944_282228-002046.parquet,real_data_sample\l2_unseen_validation\trade_date=2026-07-17\exchange=NSE\symbol=TECHM\part-035944_282228-002046.parquet,36373,downloaded,36373,
2026-07-17,NSE,TECHM,raw_l2/trade_date=2026-07-17/exchange=NSE/symbol=TECHM/part-040053_941207-002206.parquet,real_data_sample\l2_unseen_validation\trade_date=2026-07-17\exchange=NSE\symbol=TECHM\part-040053_941207-002206.parquet,36630,downloaded,36630,
2026-07-17,NSE,TECHM,raw_l2/trade_date=2026-07-17/exchange=NSE/symbol=TECHM/part-040040_235586-002174.parquet,real_data_sample\l2_unseen_validation\trade_date=2026-07-17\exchange=NSE\symbol=TECHM\part-040040_235586-002174.parquet,36389,downloaded,36389,
2026-07-17,NSE,TECHM,raw_l2/trade_date=2026-07-17/exchange=NSE/symbol=TECHM/part-034614_732796-000190.parquet,real_data_sample\l2_unseen_validation\trade_date=2026-07-17\exchange=NSE\symbol=TECHM\part-034614_732796-000190.parquet,36736,downloaded,36736,
2026-07-17,NSE,TECHM,raw_l2/trade_date=2026-07-17/exchange=NSE/symbol=TECHM/part-040135_551148-002302.parquet,real_data_sample\l2_unseen_validation\trade_date=2026-07-17\exchange=NSE\symbol=TECHM\part-040135_551148-002302.parquet,36624,downloaded,36624,
2026-07-17,NSE,TECHM,raw_l2/trade_date=2026-07-17/exchange=NSE/symbol=TECHM/part-040149_454216-002334.parquet,real_data_sample\l2_unseen_validation\trade_date=2026-07-17\exchange=NSE\symbol=TECHM\part-040149_454216-002334.parquet,36507,downloaded,36507,
2026-07-17,NSE,TECHM,raw_l2/trade_date=2026-07-17/exchange=NSE/symbol=TECHM/part-035709_242590-001694.parquet,real_data_sample\l2_unseen_validation\trade_date=2026-07-17\exchange=NSE\symbol=TECHM\part-035709_242590-001694.parquet,36450,downloaded,36450,
2026-07-17,NSE,TECHM,raw_l2/trade_date=2026-07-17/exchange=NSE/symbol=TECHM/part-034546_644334-000126.parquet,real_data_sample\l2_unseen_validation\trade_date=2026-07-17\exchange=NSE\symbol=TECHM\part-034546_644334-000126.parquet,36514,downloaded,36514,
2026-07-17,NSE,TECHM,raw_l2/trade_date=2026-07-17/exchange=NSE/symbol=TECHM/part-034710_699979-000318.parquet,real_data_sample\l2_unseen_validation\trade_date=2026-07-17\exchange=NSE\symbol=TECHM\part-034710_699979-000318.parquet,36797,downloaded,36797,
2026-07-17,NSE,TECHM,raw_l2/trade_date=2026-07-17/exchange=NSE/symbol=TECHM/part-035751_639956-001790.parquet,real_data_sample\l2_unseen_validation\trade_date=2026-07-17\exchange=NSE\symbol=TECHM\part-035751_639956-001790.parquet,36374,downloaded,36374,
2026-07-17,NSE,TECHM,raw_l2/trade_date=2026-07-17/exchange=NSE/symbol=TECHM/part-040121_715096-002270.parquet,real_data_sample\l2_unseen_validation\trade_date=2026-07-17\exchange=NSE\symbol=TECHM\part-040121_715096-002270.parquet,36773,downloaded,36773,
2026-07-17,NSE,TECHM,raw_l2/trade_date=2026-07-17/exchange=NSE/symbol=TECHM/part-040203_419440-002366.parquet,real_data_sample\l2_unseen_validation\trade_date=2026-07-17\exchange=NSE\symbol=TECHM\part-040203_419440-002366.parquet,36648,downloaded,36648,
2026-07-17,NSE,TECHM,raw_l2/trade_date=2026-07-17/exchange=NSE/symbol=TECHM/part-040231_454409-002430.parquet,real_data_sample\l2_unseen_validation\trade_date=2026-07-17\exchange=NSE\symbol=TECHM\part-040231_454409-002430.parquet,36317,downloaded,36317,
2026-07-17,NSE,TECHM,raw_l2/trade_date=2026-07-17/exchange=NSE/symbol=TECHM/part-040217_340431-002398.parquet,real_data_sample\l2_unseen_validation\trade_date=2026-07-17\exchange=NSE\symbol=TECHM\part-040217_340431-002398.parquet,36571,downloaded,36571,
2026-07-17,NSE,TECHM,raw_l2/trade_date=2026-07-17/exchange=NSE/symbol=TECHM/part-040300_378829-002494.parquet,real_data_sample\l2_unseen_validation\trade_date=2026-07-17\exchange=NSE\symbol=TECHM\part-040300_378829-002494.parquet,36586,downloaded,36586,
2026-07-17,NSE,TECHM,raw_l2/trade_date=2026-07-17/exchange=NSE/symbol=TECHM/part-040245_697448-002462.parquet,real_data_sample\l2_unseen_validation\trade_date=2026-07-17\exchange=NSE\symbol=TECHM\part-040245_697448-002462.parquet,36687,downloaded,36687,
2026-07-17,NSE,TECHM,raw_l2/trade_date=2026-07-17/exchange=NSE/symbol=TECHM/part-040342_843632-002590.parquet,real_data_sample\l2_unseen_validation\trade_date=2026-07-17\exchange=NSE\symbol=TECHM\part-040342_843632-002590.parquet,36700,downloaded,36700,
2026-07-17,NSE,TECHM,raw_l2/trade_date=2026-07-17/exchange=NSE/symbol=TECHM/part-035848_213778-001918.parquet,real_data_sample\l2_unseen_validation\trade_date=2026-07-17\exchange=NSE\symbol=TECHM\part-035848_213778-001918.parquet,36637,downloaded,36637,
2026-07-17,NSE,TECHM,raw_l2/trade_date=2026-07-17/exchange=NSE/symbol=TECHM/part-040328_657060-002558.parquet,real_data_sample\l2_unseen_validation\trade_date=2026-07-17\exchange=NSE\symbol=TECHM\part-040328_657060-002558.parquet,36263,downloaded,36263,
2026-07-17,NSE,TECHM,raw_l2/trade_date=2026-07-17/exchange=NSE/symbol=TECHM/part-040314_536284-002526.parquet,real_data_sample\l2_unseen_validation\trade_date=2026-07-17\exchange=NSE\symbol=TECHM\part-040314_536284-002526.parquet,36776,downloaded,36776,
2026-07-17,NSE,TECHM,raw_l2/trade_date=2026-07-17/exchange=NSE/symbol=TECHM/part-040411_024695-002654.parquet,real_data_sample\l2_unseen_validation\trade_date=2026-07-17\exchange=NSE\symbol=TECHM\part-040411_024695-002654.parquet,36550,downloaded,36550,
2026-07-17,NSE,TECHM,raw_l2/trade_date=2026-07-17/exchange=NSE/symbol=TECHM/part-040452_885765-002750.parquet,real_data_sample\l2_unseen_validation\trade_date=2026-07-17\exchange=NSE\symbol=TECHM\part-040452_885765-002750.parquet,36258,downloaded,36258,
2026-07-17,NSE,TECHM,raw_l2/trade_date=2026-07-17/exchange=NSE/symbol=TECHM/part-040438_916159-002718.parquet,real_data_sample\l2_unseen_validation\trade_date=2026-07-17\exchange=NSE\symbol=TECHM\part-040438_916159-002718.parquet,36233,downloaded,36233,
2026-07-17,NSE,TECHM,raw_l2/trade_date=2026-07-17/exchange=NSE/symbol=TECHM/part-040507_173952-002782.parquet,real_data_sample\l2_unseen_validation\trade_date=2026-07-17\exchange=NSE\symbol=TECHM\part-040507_173952-002782.parquet,36421,downloaded,36421,
2026-07-17,NSE,TECHM,raw_l2/trade_date=2026-07-17/exchange=NSE/symbol=TECHM/part-040425_030493-002686.parquet,real_data_sample\l2_unseen_validation\trade_date=2026-07-17\exchange=NSE\symbol=TECHM\part-040425_030493-002686.parquet,36365,downloaded,36365,
2026-07-17,NSE,TECHM,raw_l2/trade_date=2026-07-17/exchange=NSE/symbol=TECHM/part-040535_413041-002846.parquet,real_data_sample\l2_unseen_validation\trade_date=2026-07-17\exchange=NSE\symbol=TECHM\part-040535_413041-002846.parquet,36728,downloaded,36728,
2026-07-17,NSE,TECHM,raw_l2/trade_date=2026-07-17/exchange=NSE/symbol=TECHM/part-040521_402445-002814.parquet,real_data_sample\l2_unseen_validation\trade_date=2026-07-17\exchange=NSE\symbol=TECHM\part-040521_402445-002814.parquet,36359,downloaded,36359,
2026-07-17,NSE,TECHM,raw_l2/trade_date=2026-07-17/exchange=NSE/symbol=TECHM/part-040549_330868-002878.parquet,real_data_sample\l2_unseen_validation\trade_date=2026-07-17\exchange=NSE\symbol=TECHM\part-040549_330868-002878.parquet,36148,downloaded,36148,
2026-07-17,NSE,TECHM,raw_l2/trade_date=2026-07-17/exchange=NSE/symbol=TECHM/part-035958_299898-002078.parquet,real_data_sample\l2_unseen_validation\trade_date=2026-07-17\exchange=NSE\symbol=TECHM\part-035958_299898-002078.parquet,36501,downloaded,36501,
2026-07-17,NSE,TECHM,raw_l2/trade_date=2026-07-17/exchange=NSE/symbol=TECHM/part-040107_862146-002238.parquet,real_data_sample\l2_unseen_validation\trade_date=2026-07-17\exchange=NSE\symbol=TECHM\part-040107_862146-002238.parquet,36439,downloaded,36439,
2026-07-17,NSE,TECHM,raw_l2/trade_date=2026-07-17/exchange=NSE/symbol=TECHM/part-040603_502547-002910.parquet,real_data_sample\l2_unseen_validation\trade_date=2026-07-17\exchange=NSE\symbol=TECHM\part-040603_502547-002910.parquet,36230,downloaded,36230,
2026-07-17,NSE,TECHM,raw_l2/trade_date=2026-07-17/exchange=NSE/symbol=TECHM/part-040713_196566-003070.parquet,real_data_sample\l2_unseen_validation\trade_date=2026-07-17\exchange=NSE\symbol=TECHM\part-040713_196566-003070.parquet,36199,downloaded,36199,
2026-07-17,NSE,TECHM,raw_l2/trade_date=2026-07-17/exchange=NSE/symbol=TECHM/part-040617_381067-002942.parquet,real_data_sample\l2_unseen_validation\trade_date=2026-07-17\exchange=NSE\symbol=TECHM\part-040617_381067-002942.parquet,36405,downloaded,36405,
2026-07-17,NSE,TECHM,raw_l2/trade_date=2026-07-17/exchange=NSE/symbol=TECHM/part-040631_367708-002974.parquet,real_data_sample\l2_unseen_validation\trade_date=2026-07-17\exchange=NSE\symbol=TECHM\part-040631_367708-002974.parquet,35980,downloaded,35980,
2026-07-17,NSE,TECHM,raw_l2/trade_date=2026-07-17/exchange=NSE/symbol=TECHM/part-040659_105122-003038.parquet,real_data_sample\l2_unseen_validation\trade_date=2026-07-17\exchange=NSE\symbol=TECHM\part-040659_105122-003038.parquet,36463,downloaded,36463,
2026-07-17,NSE,TECHM,raw_l2/trade_date=2026-07-17/exchange=NSE/symbol=TECHM/part-040645_277102-003006.parquet,real_data_sample\l2_unseen_validation\trade_date=2026-07-17\exchange=NSE\symbol=TECHM\part-040645_277102-003006.parquet,36378,downloaded,36378,
2026-07-17,NSE,TECHM,raw_l2/trade_date=2026-07-17/exchange=NSE/symbol=TECHM/part-040727_153822-003102.parquet,real_data_sample\l2_unseen_validation\trade_date=2026-07-17\exchange=NSE\symbol=TECHM\part-040727_153822-003102.parquet,36423,downloaded,36423,
2026-07-17,NSE,TECHM,raw_l2/trade_date=2026-07-17/exchange=NSE/symbol=TECHM/part-040356_984638-002622.parquet,real_data_sample\l2_unseen_validation\trade_date=2026-07-17\exchange=NSE\symbol=TECHM\part-040356_984638-002622.parquet,36435,downloaded,36435,
2026-07-17,NSE,TECHM,raw_l2/trade_date=2026-07-17/exchange=NSE/symbol=TECHM/part-041046_058220-003550.parquet,real_data_sample\l2_unseen_validation\trade_date=2026-07-17\exchange=NSE\symbol=TECHM\part-041046_058220-003550.parquet,36758,downloaded,36758,
2026-07-17,NSE,TECHM,raw_l2/trade_date=2026-07-17/exchange=NSE/symbol=TECHM/part-040906_562091-003326.parquet,real_data_sample\l2_unseen_validation\trade_date=2026-07-17\exchange=NSE\symbol=TECHM\part-040906_562091-003326.parquet,36560,downloaded,36560,
2026-07-17,NSE,TECHM,raw_l2/trade_date=2026-07-17/exchange=NSE/symbol=TECHM/part-040935_189954-003390.parquet,real_data_sample\l2_unseen_validation\trade_date=2026-07-17\exchange=NSE\symbol=TECHM\part-040935_189954-003390.parquet,36580,downloaded,36580,
2026-07-17,NSE,TECHM,raw_l2/trade_date=2026-07-17/exchange=NSE/symbol=TECHM/part-040838_000422-003262.parquet,real_data_sample\l2_unseen_validation\trade_date=2026-07-17\exchange=NSE\symbol=TECHM\part-040838_000422-003262.parquet,36445,downloaded,36445,
2026-07-17,NSE,TECHM,raw_l2/trade_date=2026-07-17/exchange=NSE/symbol=TECHM/part-040920_644383-003358.parquet,real_data_sample\l2_unseen_validation\trade_date=2026-07-17\exchange=NSE\symbol=TECHM\part-040920_644383-003358.parquet,36251,downloaded,36251,
2026-07-17,NSE,TECHM,raw_l2/trade_date=2026-07-17/exchange=NSE/symbol=TECHM/part-040852_489425-003294.parquet,real_data_sample\l2_unseen_validation\trade_date=2026-07-17\exchange=NSE\symbol=TECHM\part-040852_489425-003294.parquet,36376,downloaded,36376,
2026-07-17,NSE,TECHM,raw_l2/trade_date=2026-07-17/exchange=NSE/symbol=TECHM/part-040949_520555-003422.parquet,real_data_sample\l2_unseen_validation\trade_date=2026-07-17\exchange=NSE\symbol=TECHM\part-040949_520555-003422.parquet,36631,downloaded,36631,
2026-07-17,NSE,TECHM,raw_l2/trade_date=2026-07-17/exchange=NSE/symbol=TECHM/part-040809_508133-003198.parquet,real_data_sample\l2_unseen_validation\trade_date=2026-07-17\exchange=NSE\symbol=TECHM\part-040809_508133-003198.parquet,35913,downloaded,35913,
2026-07-17,NSE,TECHM,raw_l2/trade_date=2026-07-17/exchange=NSE/symbol=TECHM/part-041003_551637-003454.parquet,real_data_sample\l2_unseen_validation\trade_date=2026-07-17\exchange=NSE\symbol=TECHM\part-041003_551637-003454.parquet,36550,downloaded,36550,
2026-07-17,NSE,TECHM,raw_l2/trade_date=2026-07-17/exchange=NSE/symbol=TECHM/part-040755_350032-003166.parquet,real_data_sample\l2_unseen_validation\trade_date=2026-07-17\exchange=NSE\symbol=TECHM\part-040755_350032-003166.parquet,36472,downloaded,36472,
2026-07-17,NSE,TECHM,raw_l2/trade_date=2026-07-17/exchange=NSE/symbol=TECHM/part-041031_675554-003518.parquet,real_data_sample\l2_unseen_validation\trade_date=2026-07-17\exchange=NSE\symbol=TECHM\part-041031_675554-003518.parquet,36480,downloaded,36480,
2026-07-17,NSE,TECHM,raw_l2/trade_date=2026-07-17/exchange=NSE/symbol=TECHM/part-041100_174647-003582.parquet,real_data_sample\l2_unseen_validation\trade_date=2026-07-17\exchange=NSE\symbol=TECHM\part-041100_174647-003582.parquet,36473,downloaded,36473,
2026-07-17,NSE,TECHM,raw_l2/trade_date=2026-07-17/exchange=NSE/symbol=TECHM/part-041210_012675-003742.parquet,real_data_sample\l2_unseen_validation\trade_date=2026-07-17\exchange=NSE\symbol=TECHM\part-041210_012675-003742.parquet,36360,downloaded,36360,
2026-07-17,NSE,TECHM,raw_l2/trade_date=2026-07-17/exchange=NSE/symbol=TECHM/part-041114_308928-003614.parquet,real_data_sample\l2_unseen_validation\trade_date=2026-07-17\exchange=NSE\symbol=TECHM\part-041114_308928-003614.parquet,36331,downloaded,36331,
2026-07-17,NSE,TECHM,raw_l2/trade_date=2026-07-17/exchange=NSE/symbol=TECHM/part-041142_101990-003678.parquet,real_data_sample\l2_unseen_validation\trade_date=2026-07-17\exchange=NSE\symbol=TECHM\part-041142_101990-003678.parquet,36531,downloaded,36531,
2026-07-17,NSE,TECHM,raw_l2/trade_date=2026-07-17/exchange=NSE/symbol=TECHM/part-041155_882365-003710.parquet,real_data_sample\l2_unseen_validation\trade_date=2026-07-17\exchange=NSE\symbol=TECHM\part-041155_882365-003710.parquet,36296,downloaded,36296,
2026-07-17,NSE,TECHM,raw_l2/trade_date=2026-07-17/exchange=NSE/symbol=TECHM/part-041128_055395-003646.parquet,real_data_sample\l2_unseen_validation\trade_date=2026-07-17\exchange=NSE\symbol=TECHM\part-041128_055395-003646.parquet,36489,downloaded,36489,
2026-07-17,NSE,TECHM,raw_l2/trade_date=2026-07-17/exchange=NSE/symbol=TECHM/part-041223_861383-003774.parquet,real_data_sample\l2_unseen_validation\trade_date=2026-07-17\exchange=NSE\symbol=TECHM\part-041223_861383-003774.parquet,36306,downloaded,36306,
2026-07-17,NSE,TECHM,raw_l2/trade_date=2026-07-17/exchange=NSE/symbol=TECHM/part-041305_439322-003870.parquet,real_data_sample\l2_unseen_validation\trade_date=2026-07-17\exchange=NSE\symbol=TECHM\part-041305_439322-003870.parquet,36497,downloaded,36497,
2026-07-17,NSE,TECHM,raw_l2/trade_date=2026-07-17/exchange=NSE/symbol=TECHM/part-041319_390908-003902.parquet,real_data_sample\l2_unseen_validation\trade_date=2026-07-17\exchange=NSE\symbol=TECHM\part-041319_390908-003902.parquet,36473,downloaded,36473,
2026-07-17,NSE,TECHM,raw_l2/trade_date=2026-07-17/exchange=NSE/symbol=TECHM/part-041333_473877-003934.parquet,real_data_sample\l2_unseen_validation\trade_date=2026-07-17\exchange=NSE\symbol=TECHM\part-041333_473877-003934.parquet,36700,downloaded,36700,
2026-07-17,NSE,TECHM,raw_l2/trade_date=2026-07-17/exchange=NSE/symbol=TECHM/part-041237_839562-003806.parquet,real_data_sample\l2_unseen_validation\trade_date=2026-07-17\exchange=NSE\symbol=TECHM\part-041237_839562-003806.parquet,36284,downloaded,36284,
2026-07-17,NSE,TECHM,raw_l2/trade_date=2026-07-17/exchange=NSE/symbol=TECHM/part-040741_366291-003134.parquet,real_data_sample\l2_unseen_validation\trade_date=2026-07-17\exchange=NSE\symbol=TECHM\part-040741_366291-003134.parquet,36661,downloaded,36661,
2026-07-17,NSE,TECHM,raw_l2/trade_date=2026-07-17/exchange=NSE/symbol=TECHM/part-041415_690187-004030.parquet,real_data_sample\l2_unseen_validation\trade_date=2026-07-17\exchange=NSE\symbol=TECHM\part-041415_690187-004030.parquet,36856,downloaded,36856,
2026-07-17,NSE,TECHM,raw_l2/trade_date=2026-07-17/exchange=NSE/symbol=TECHM/part-041347_479706-003966.parquet,real_data_sample\l2_unseen_validation\trade_date=2026-07-17\exchange=NSE\symbol=TECHM\part-041347_479706-003966.parquet,36686,downloaded,36686,
2026-07-17,NSE,TECHM,raw_l2/trade_date=2026-07-17/exchange=NSE/symbol=TECHM/part-041401_694541-003998.parquet,real_data_sample\l2_unseen_validation\trade_date=2026-07-17\exchange=NSE\symbol=TECHM\part-041401_694541-003998.parquet,36093,downloaded,36093,
2026-07-17,NSE,TECHM,raw_l2/trade_date=2026-07-17/exchange=NSE/symbol=TECHM/part-041429_630613-004062.parquet,real_data_sample\l2_unseen_validation\trade_date=2026-07-17\exchange=NSE\symbol=TECHM\part-041429_630613-004062.parquet,36343,downloaded,36343,
2026-07-17,NSE,TECHM,raw_l2/trade_date=2026-07-17/exchange=NSE/symbol=TECHM/part-041443_690671-004094.parquet,real_data_sample\l2_unseen_validation\trade_date=2026-07-17\exchange=NSE\symbol=TECHM\part-041443_690671-004094.parquet,36610,downloaded,36610,
2026-07-17,NSE,TECHM,raw_l2/trade_date=2026-07-17/exchange=NSE/symbol=TECHM/part-040823_964292-003230.parquet,real_data_sample\l2_unseen_validation\trade_date=2026-07-17\exchange=NSE\symbol=TECHM\part-040823_964292-003230.parquet,36423,downloaded,36423,
2026-07-17,NSE,TECHM,raw_l2/trade_date=2026-07-17/exchange=NSE/symbol=TECHM/part-041017_418385-003486.parquet,real_data_sample\l2_unseen_validation\trade_date=2026-07-17\exchange=NSE\symbol=TECHM\part-041017_418385-003486.parquet,36239,downloaded,36239,
2026-07-17,NSE,TECHM,raw_l2/trade_date=2026-07-17/exchange=NSE/symbol=TECHM/part-041703_458647-004414.parquet,real_data_sample\l2_unseen_validation\trade_date=2026-07-17\exchange=NSE\symbol=TECHM\part-041703_458647-004414.parquet,36186,downloaded,36186,
2026-07-17,NSE,TECHM,raw_l2/trade_date=2026-07-17/exchange=NSE/symbol=TECHM/part-041525_419321-004190.parquet,real_data_sample\l2_unseen_validation\trade_date=2026-07-17\exchange=NSE\symbol=TECHM\part-041525_419321-004190.parquet,36296,downloaded,36296,
2026-07-17,NSE,TECHM,raw_l2/trade_date=2026-07-17/exchange=NSE/symbol=TECHM/part-041511_564005-004158.parquet,real_data_sample\l2_unseen_validation\trade_date=2026-07-17\exchange=NSE\symbol=TECHM\part-041511_564005-004158.parquet,36430,downloaded,36430,
2026-07-17,NSE,TECHM,raw_l2/trade_date=2026-07-17/exchange=NSE/symbol=TECHM/part-041622_086865-004318.parquet,real_data_sample\l2_unseen_validation\trade_date=2026-07-17\exchange=NSE\symbol=TECHM\part-041622_086865-004318.parquet,36482,downloaded,36482,
2026-07-17,NSE,TECHM,raw_l2/trade_date=2026-07-17/exchange=NSE/symbol=TECHM/part-041649_654575-004382.parquet,real_data_sample\l2_unseen_validation\trade_date=2026-07-17\exchange=NSE\symbol=TECHM\part-041649_654575-004382.parquet,36444,downloaded,36444,
2026-07-17,NSE,TECHM,raw_l2/trade_date=2026-07-17/exchange=NSE/symbol=TECHM/part-041554_539091-004254.parquet,real_data_sample\l2_unseen_validation\trade_date=2026-07-17\exchange=NSE\symbol=TECHM\part-041554_539091-004254.parquet,36307,downloaded,36307,
2026-07-17,NSE,TECHM,raw_l2/trade_date=2026-07-17/exchange=NSE/symbol=TECHM/part-041539_770385-004222.parquet,real_data_sample\l2_unseen_validation\trade_date=2026-07-17\exchange=NSE\symbol=TECHM\part-041539_770385-004222.parquet,36407,downloaded,36407,
2026-07-17,NSE,TECHM,raw_l2/trade_date=2026-07-17/exchange=NSE/symbol=TECHM/part-041731_724146-004478.parquet,real_data_sample\l2_unseen_validation\trade_date=2026-07-17\exchange=NSE\symbol=TECHM\part-041731_724146-004478.parquet,36256,downloaded,36256,
2026-07-17,NSE,TECHM,raw_l2/trade_date=2026-07-17/exchange=NSE/symbol=TECHM/part-041608_282199-004286.parquet,real_data_sample\l2_unseen_validation\trade_date=2026-07-17\exchange=NSE\symbol=TECHM\part-041608_282199-004286.parquet,36375,downloaded,36375,
2026-07-17,NSE,TECHM,raw_l2/trade_date=2026-07-17/exchange=NSE/symbol=TECHM/part-041635_761087-004350.parquet,real_data_sample\l2_unseen_validation\trade_date=2026-07-17\exchange=NSE\symbol=TECHM\part-041635_761087-004350.parquet,36367,downloaded,36367,
2026-07-17,NSE,TECHM,raw_l2/trade_date=2026-07-17/exchange=NSE/symbol=TECHM/part-041717_819649-004446.parquet,real_data_sample\l2_unseen_validation\trade_date=2026-07-17\exchange=NSE\symbol=TECHM\part-041717_819649-004446.parquet,36320,downloaded,36320,
2026-07-17,NSE,TECHM,raw_l2/trade_date=2026-07-17/exchange=NSE/symbol=TECHM/part-041745_562821-004510.parquet,real_data_sample\l2_unseen_validation\trade_date=2026-07-17\exchange=NSE\symbol=TECHM\part-041745_562821-004510.parquet,36527,downloaded,36527,
2026-07-17,NSE,TECHM,raw_l2/trade_date=2026-07-17/exchange=NSE/symbol=TECHM/part-041759_377004-004542.parquet,real_data_sample\l2_unseen_validation\trade_date=2026-07-17\exchange=NSE\symbol=TECHM\part-041759_377004-004542.parquet,36008,downloaded,36008,
2026-07-17,NSE,TECHM,raw_l2/trade_date=2026-07-17/exchange=NSE/symbol=TECHM/part-041812_944798-004574.parquet,real_data_sample\l2_unseen_validation\trade_date=2026-07-17\exchange=NSE\symbol=TECHM\part-041812_944798-004574.parquet,36561,downloaded,36561,
2026-07-17,NSE,TECHM,raw_l2/trade_date=2026-07-17/exchange=NSE/symbol=TECHM/part-041826_728731-004606.parquet,real_data_sample\l2_unseen_validation\trade_date=2026-07-17\exchange=NSE\symbol=TECHM\part-041826_728731-004606.parquet,36414,downloaded,36414,
2026-07-17,NSE,TECHM,raw_l2/trade_date=2026-07-17/exchange=NSE/symbol=TECHM/part-041909_301626-004702.parquet,real_data_sample\l2_unseen_validation\trade_date=2026-07-17\exchange=NSE\symbol=TECHM\part-041909_301626-004702.parquet,36430,downloaded,36430,
2026-07-17,NSE,TECHM,raw_l2/trade_date=2026-07-17/exchange=NSE/symbol=TECHM/part-041840_625471-004638.parquet,real_data_sample\l2_unseen_validation\trade_date=2026-07-17\exchange=NSE\symbol=TECHM\part-041840_625471-004638.parquet,35791,downloaded,35791,
2026-07-17,NSE,TECHM,raw_l2/trade_date=2026-07-17/exchange=NSE/symbol=TECHM/part-041855_084859-004670.parquet,real_data_sample\l2_unseen_validation\trade_date=2026-07-17\exchange=NSE\symbol=TECHM\part-041855_084859-004670.parquet,36477,downloaded,36477,
2026-07-17,NSE,TECHM,raw_l2/trade_date=2026-07-17/exchange=NSE/symbol=TECHM/part-041251_591762-003838.parquet,real_data_sample\l2_unseen_validation\trade_date=2026-07-17\exchange=NSE\symbol=TECHM\part-041251_591762-003838.parquet,36430,downloaded,36430,
2026-07-17,NSE,TECHM,raw_l2/trade_date=2026-07-17/exchange=NSE/symbol=TECHM/part-041937_664972-004766.parquet,real_data_sample\l2_unseen_validation\trade_date=2026-07-17\exchange=NSE\symbol=TECHM\part-041937_664972-004766.parquet,36407,downloaded,36407,
2026-07-17,NSE,TECHM,raw_l2/trade_date=2026-07-17/exchange=NSE/symbol=TECHM/part-041923_585473-004734.parquet,real_data_sample\l2_unseen_validation\trade_date=2026-07-17\exchange=NSE\symbol=TECHM\part-041923_585473-004734.parquet,36216,downloaded,36216,
2026-07-17,NSE,TECHM,raw_l2/trade_date=2026-07-17/exchange=NSE/symbol=TECHM/part-041951_713135-004798.parquet,real_data_sample\l2_unseen_validation\trade_date=2026-07-17\exchange=NSE\symbol=TECHM\part-041951_713135-004798.parquet,36467,downloaded,36467,
2026-07-17,NSE,TECHM,raw_l2/trade_date=2026-07-17/exchange=NSE/symbol=TECHM/part-042033_284173-004894.parquet,real_data_sample\l2_unseen_validation\trade_date=2026-07-17\exchange=NSE\symbol=TECHM\part-042033_284173-004894.parquet,36455,downloaded,36455,
2026-07-17,NSE,TECHM,raw_l2/trade_date=2026-07-17/exchange=NSE/symbol=TECHM/part-042005_611554-004830.parquet,real_data_sample\l2_unseen_validation\trade_date=2026-07-17\exchange=NSE\symbol=TECHM\part-042005_611554-004830.parquet,36775,downloaded,36775,
2026-07-17,NSE,TECHM,raw_l2/trade_date=2026-07-17/exchange=NSE/symbol=TECHM/part-042101_037594-004958.parquet,real_data_sample\l2_unseen_validation\trade_date=2026-07-17\exchange=NSE\symbol=TECHM\part-042101_037594-004958.parquet,36548,downloaded,36548,
2026-07-17,NSE,TECHM,raw_l2/trade_date=2026-07-17/exchange=NSE/symbol=TECHM/part-042047_271855-004926.parquet,real_data_sample\l2_unseen_validation\trade_date=2026-07-17\exchange=NSE\symbol=TECHM\part-042047_271855-004926.parquet,36406,downloaded,36406,
2026-07-17,NSE,TECHM,raw_l2/trade_date=2026-07-17/exchange=NSE/symbol=TECHM/part-042128_866446-005022.parquet,real_data_sample\l2_unseen_validation\trade_date=2026-07-17\exchange=NSE\symbol=TECHM\part-042128_866446-005022.parquet,36098,downloaded,36098,
2026-07-17,NSE,TECHM,raw_l2/trade_date=2026-07-17/exchange=NSE/symbol=TECHM/part-042114_809540-004990.parquet,real_data_sample\l2_unseen_validation\trade_date=2026-07-17\exchange=NSE\symbol=TECHM\part-042114_809540-004990.parquet,36209,downloaded,36209,
2026-07-17,NSE,TECHM,raw_l2/trade_date=2026-07-17/exchange=NSE/symbol=TECHM/part-041457_629278-004126.parquet,real_data_sample\l2_unseen_validation\trade_date=2026-07-17\exchange=NSE\symbol=TECHM\part-041457_629278-004126.parquet,36383,downloaded,36383,
2026-07-17,NSE,TECHM,raw_l2/trade_date=2026-07-17/exchange=NSE/symbol=TECHM/part-042348_691568-005342.parquet,real_data_sample\l2_unseen_validation\trade_date=2026-07-17\exchange=NSE\symbol=TECHM\part-042348_691568-005342.parquet,36421,downloaded,36421,
2026-07-17,NSE,TECHM,raw_l2/trade_date=2026-07-17/exchange=NSE/symbol=TECHM/part-042402_549668-005374.parquet,real_data_sample\l2_unseen_validation\trade_date=2026-07-17\exchange=NSE\symbol=TECHM\part-042402_549668-005374.parquet,35800,downloaded,35800,
2026-07-17,NSE,TECHM,raw_l2/trade_date=2026-07-17/exchange=NSE/symbol=TECHM/part-042238_848898-005182.parquet,real_data_sample\l2_unseen_validation\trade_date=2026-07-17\exchange=NSE\symbol=TECHM\part-042238_848898-005182.parquet,36192,downloaded,36192,
2026-07-17,NSE,TECHM,raw_l2/trade_date=2026-07-17/exchange=NSE/symbol=TECHM/part-042320_708697-005278.parquet,real_data_sample\l2_unseen_validation\trade_date=2026-07-17\exchange=NSE\symbol=TECHM\part-042320_708697-005278.parquet,35958,downloaded,35958,
2026-07-17,NSE,TECHM,raw_l2/trade_date=2026-07-17/exchange=NSE/symbol=TECHM/part-042457_989181-005502.parquet,real_data_sample\l2_unseen_validation\trade_date=2026-07-17\exchange=NSE\symbol=TECHM\part-042457_989181-005502.parquet,36025,downloaded,36025,
2026-07-17,NSE,TECHM,raw_l2/trade_date=2026-07-17/exchange=NSE/symbol=TECHM/part-042252_612925-005214.parquet,real_data_sample\l2_unseen_validation\trade_date=2026-07-17\exchange=NSE\symbol=TECHM\part-042252_612925-005214.parquet,36455,downloaded,36455,
2026-07-17,NSE,TECHM,raw_l2/trade_date=2026-07-17/exchange=NSE/symbol=TECHM/part-042306_612012-005246.parquet,real_data_sample\l2_unseen_validation\trade_date=2026-07-17\exchange=NSE\symbol=TECHM\part-042306_612012-005246.parquet,36581,downloaded,36581,
2026-07-17,NSE,TECHM,raw_l2/trade_date=2026-07-17/exchange=NSE/symbol=TECHM/part-042511_823257-005534.parquet,real_data_sample\l2_unseen_validation\trade_date=2026-07-17\exchange=NSE\symbol=TECHM\part-042511_823257-005534.parquet,36362,downloaded,36362,
2026-07-17,NSE,TECHM,raw_l2/trade_date=2026-07-17/exchange=NSE/symbol=TECHM/part-042210_949463-005118.parquet,real_data_sample\l2_unseen_validation\trade_date=2026-07-17\exchange=NSE\symbol=TECHM\part-042210_949463-005118.parquet,36496,downloaded,36496,
2026-07-17,NSE,TECHM,raw_l2/trade_date=2026-07-17/exchange=NSE/symbol=TECHM/part-042225_016984-005150.parquet,real_data_sample\l2_unseen_validation\trade_date=2026-07-17\exchange=NSE\symbol=TECHM\part-042225_016984-005150.parquet,36311,downloaded,36311,
2026-07-17,NSE,TECHM,raw_l2/trade_date=2026-07-17/exchange=NSE/symbol=TECHM/part-042525_896039-005566.parquet,real_data_sample\l2_unseen_validation\trade_date=2026-07-17\exchange=NSE\symbol=TECHM\part-042525_896039-005566.parquet,36571,downloaded,36571,
2026-07-17,NSE,TECHM,raw_l2/trade_date=2026-07-17/exchange=NSE/symbol=TECHM/part-042416_321261-005406.parquet,real_data_sample\l2_unseen_validation\trade_date=2026-07-17\exchange=NSE\symbol=TECHM\part-042416_321261-005406.parquet,36230,downloaded,36230,
2026-07-17,NSE,TECHM,raw_l2/trade_date=2026-07-17/exchange=NSE/symbol=TECHM/part-042334_647999-005310.parquet,real_data_sample\l2_unseen_validation\trade_date=2026-07-17\exchange=NSE\symbol=TECHM\part-042334_647999-005310.parquet,36333,downloaded,36333,
2026-07-17,NSE,TECHM,raw_l2/trade_date=2026-07-17/exchange=NSE/symbol=TECHM/part-042444_362195-005470.parquet,real_data_sample\l2_unseen_validation\trade_date=2026-07-17\exchange=NSE\symbol=TECHM\part-042444_362195-005470.parquet,36278,downloaded,36278,
2026-07-17,NSE,TECHM,raw_l2/trade_date=2026-07-17/exchange=NSE/symbol=TECHM/part-042539_980339-005598.parquet,real_data_sample\l2_unseen_validation\trade_date=2026-07-17\exchange=NSE\symbol=TECHM\part-042539_980339-005598.parquet,36542,downloaded,36542,
2026-07-17,NSE,TECHM,raw_l2/trade_date=2026-07-17/exchange=NSE/symbol=TECHM/part-042608_094617-005662.parquet,real_data_sample\l2_unseen_validation\trade_date=2026-07-17\exchange=NSE\symbol=TECHM\part-042608_094617-005662.parquet,36304,downloaded,36304,
2026-07-17,NSE,TECHM,raw_l2/trade_date=2026-07-17/exchange=NSE/symbol=TECHM/part-042553_838468-005630.parquet,real_data_sample\l2_unseen_validation\trade_date=2026-07-17\exchange=NSE\symbol=TECHM\part-042553_838468-005630.parquet,36509,downloaded,36509,
2026-07-17,NSE,TECHM,raw_l2/trade_date=2026-07-17/exchange=NSE/symbol=TECHM/part-042430_395896-005438.parquet,real_data_sample\l2_unseen_validation\trade_date=2026-07-17\exchange=NSE\symbol=TECHM\part-042430_395896-005438.parquet,36417,downloaded,36417,
2026-07-17,NSE,TECHM,raw_l2/trade_date=2026-07-17/exchange=NSE/symbol=TECHM/part-042019_560693-004862.parquet,real_data_sample\l2_unseen_validation\trade_date=2026-07-17\exchange=NSE\symbol=TECHM\part-042019_560693-004862.parquet,36494,downloaded,36494,
2026-07-17,NSE,TECHM,raw_l2/trade_date=2026-07-17/exchange=NSE/symbol=TECHM/part-042636_232374-005726.parquet,real_data_sample\l2_unseen_validation\trade_date=2026-07-17\exchange=NSE\symbol=TECHM\part-042636_232374-005726.parquet,36528,downloaded,36528,
2026-07-17,NSE,TECHM,raw_l2/trade_date=2026-07-17/exchange=NSE/symbol=TECHM/part-042732_231884-005854.parquet,real_data_sample\l2_unseen_validation\trade_date=2026-07-17\exchange=NSE\symbol=TECHM\part-042732_231884-005854.parquet,36648,downloaded,36648,
2026-07-17,NSE,TECHM,raw_l2/trade_date=2026-07-17/exchange=NSE/symbol=TECHM/part-042650_176043-005758.parquet,real_data_sample\l2_unseen_validation\trade_date=2026-07-17\exchange=NSE\symbol=TECHM\part-042650_176043-005758.parquet,36804,downloaded,36804,
2026-07-17,NSE,TECHM,raw_l2/trade_date=2026-07-17/exchange=NSE/symbol=TECHM/part-042718_205617-005822.parquet,real_data_sample\l2_unseen_validation\trade_date=2026-07-17\exchange=NSE\symbol=TECHM\part-042718_205617-005822.parquet,36513,downloaded,36513,
2026-07-17,NSE,TECHM,raw_l2/trade_date=2026-07-17/exchange=NSE/symbol=TECHM/part-042704_209468-005790.parquet,real_data_sample\l2_unseen_validation\trade_date=2026-07-17\exchange=NSE\symbol=TECHM\part-042704_209468-005790.parquet,36602,downloaded,36602,
2026-07-17,NSE,TECHM,raw_l2/trade_date=2026-07-17/exchange=NSE/symbol=TECHM/part-042759_762360-005918.parquet,real_data_sample\l2_unseen_validation\trade_date=2026-07-17\exchange=NSE\symbol=TECHM\part-042759_762360-005918.parquet,36871,downloaded,36871,
2026-07-17,NSE,TECHM,raw_l2/trade_date=2026-07-17/exchange=NSE/symbol=TECHM/part-042745_993917-005886.parquet,real_data_sample\l2_unseen_validation\trade_date=2026-07-17\exchange=NSE\symbol=TECHM\part-042745_993917-005886.parquet,36641,downloaded,36641,
2026-07-17,NSE,TECHM,raw_l2/trade_date=2026-07-17/exchange=NSE/symbol=TECHM/part-042813_691561-005950.parquet,real_data_sample\l2_unseen_validation\trade_date=2026-07-17\exchange=NSE\symbol=TECHM\part-042813_691561-005950.parquet,35982,downloaded,35982,
2026-07-17,NSE,TECHM,raw_l2/trade_date=2026-07-17/exchange=NSE/symbol=TECHM/part-042142_913108-005054.parquet,real_data_sample\l2_unseen_validation\trade_date=2026-07-17\exchange=NSE\symbol=TECHM\part-042142_913108-005054.parquet,36636,downloaded,36636,
2026-07-17,NSE,TECHM,raw_l2/trade_date=2026-07-17/exchange=NSE/symbol=TECHM/part-042827_733001-005982.parquet,real_data_sample\l2_unseen_validation\trade_date=2026-07-17\exchange=NSE\symbol=TECHM\part-042827_733001-005982.parquet,36651,downloaded,36651,
2026-07-17,NSE,TECHM,raw_l2/trade_date=2026-07-17/exchange=NSE/symbol=TECHM/part-042156_924552-005086.parquet,real_data_sample\l2_unseen_validation\trade_date=2026-07-17\exchange=NSE\symbol=TECHM\part-042156_924552-005086.parquet,36563,downloaded,36563,
2026-07-17,NSE,TECHM,raw_l2/trade_date=2026-07-17/exchange=NSE/symbol=TECHM/part-042855_531484-006046.parquet,real_data_sample\l2_unseen_validation\trade_date=2026-07-17\exchange=NSE\symbol=TECHM\part-042855_531484-006046.parquet,36376,downloaded,36376,
2026-07-17,NSE,TECHM,raw_l2/trade_date=2026-07-17/exchange=NSE/symbol=TECHM/part-042622_101212-005694.parquet,real_data_sample\l2_unseen_validation\trade_date=2026-07-17\exchange=NSE\symbol=TECHM\part-042622_101212-005694.parquet,36526,downloaded,36526,
2026-07-17,NSE,TECHM,raw_l2/trade_date=2026-07-17/exchange=NSE/symbol=TECHM/part-042951_406337-006174.parquet,real_data_sample\l2_unseen_validation\trade_date=2026-07-17\exchange=NSE\symbol=TECHM\part-042951_406337-006174.parquet,36467,downloaded,36467,
2026-07-17,NSE,TECHM,raw_l2/trade_date=2026-07-17/exchange=NSE/symbol=TECHM/part-043047_331620-006302.parquet,real_data_sample\l2_unseen_validation\trade_date=2026-07-17\exchange=NSE\symbol=TECHM\part-043047_331620-006302.parquet,35949,downloaded,35949,
2026-07-17,NSE,TECHM,raw_l2/trade_date=2026-07-17/exchange=NSE/symbol=TECHM/part-043115_190475-006366.parquet,real_data_sample\l2_unseen_validation\trade_date=2026-07-17\exchange=NSE\symbol=TECHM\part-043115_190475-006366.parquet,36115,downloaded,36115,
2026-07-17,NSE,TECHM,raw_l2/trade_date=2026-07-17/exchange=NSE/symbol=TECHM/part-043019_708709-006238.parquet,real_data_sample\l2_unseen_validation\trade_date=2026-07-17\exchange=NSE\symbol=TECHM\part-043019_708709-006238.parquet,36208,downloaded,36208,
2026-07-17,NSE,TECHM,raw_l2/trade_date=2026-07-17/exchange=NSE/symbol=TECHM/part-043101_058931-006334.parquet,real_data_sample\l2_unseen_validation\trade_date=2026-07-17\exchange=NSE\symbol=TECHM\part-043101_058931-006334.parquet,36122,downloaded,36122,
2026-07-17,NSE,TECHM,raw_l2/trade_date=2026-07-17/exchange=NSE/symbol=TECHM/part-042909_494759-006078.parquet,real_data_sample\l2_unseen_validation\trade_date=2026-07-17\exchange=NSE\symbol=TECHM\part-042909_494759-006078.parquet,36401,downloaded,36401,
2026-07-17,NSE,TECHM,raw_l2/trade_date=2026-07-17/exchange=NSE/symbol=TECHM/part-043143_570353-006430.parquet,real_data_sample\l2_unseen_validation\trade_date=2026-07-17\exchange=NSE\symbol=TECHM\part-043143_570353-006430.parquet,36182,downloaded,36182,
2026-07-17,NSE,TECHM,raw_l2/trade_date=2026-07-17/exchange=NSE/symbol=TECHM/part-043321_853156-006654.parquet,real_data_sample\l2_unseen_validation\trade_date=2026-07-17\exchange=NSE\symbol=TECHM\part-043321_853156-006654.parquet,36278,downloaded,36278,
2026-07-17,NSE,TECHM,raw_l2/trade_date=2026-07-17/exchange=NSE/symbol=TECHM/part-043225_942229-006526.parquet,real_data_sample\l2_unseen_validation\trade_date=2026-07-17\exchange=NSE\symbol=TECHM\part-043225_942229-006526.parquet,36047,downloaded,36047,
2026-07-17,NSE,TECHM,raw_l2/trade_date=2026-07-17/exchange=NSE/symbol=TECHM/part-043349_995795-006718.parquet,real_data_sample\l2_unseen_validation\trade_date=2026-07-17\exchange=NSE\symbol=TECHM\part-043349_995795-006718.parquet,36620,downloaded,36620,
2026-07-17,NSE,TECHM,raw_l2/trade_date=2026-07-17/exchange=NSE/symbol=TECHM/part-043403_882750-006750.parquet,real_data_sample\l2_unseen_validation\trade_date=2026-07-17\exchange=NSE\symbol=TECHM\part-043403_882750-006750.parquet,36185,downloaded,36185,
2026-07-17,NSE,TECHM,raw_l2/trade_date=2026-07-17/exchange=NSE/symbol=TECHM/part-043211_560875-006494.parquet,real_data_sample\l2_unseen_validation\trade_date=2026-07-17\exchange=NSE\symbol=TECHM\part-043211_560875-006494.parquet,36395,downloaded,36395,
2026-07-17,NSE,TECHM,raw_l2/trade_date=2026-07-17/exchange=NSE/symbol=TECHM/part-043445_798394-006846.parquet,real_data_sample\l2_unseen_validation\trade_date=2026-07-17\exchange=NSE\symbol=TECHM\part-043445_798394-006846.parquet,36487,downloaded,36487,
2026-07-17,NSE,TECHM,raw_l2/trade_date=2026-07-17/exchange=NSE/symbol=TECHM/part-043417_999776-006782.parquet,real_data_sample\l2_unseen_validation\trade_date=2026-07-17\exchange=NSE\symbol=TECHM\part-043417_999776-006782.parquet,36489,downloaded,36489,
2026-07-17,NSE,TECHM,raw_l2/trade_date=2026-07-17/exchange=NSE/symbol=TECHM/part-043335_979385-006686.parquet,real_data_sample\l2_unseen_validation\trade_date=2026-07-17\exchange=NSE\symbol=TECHM\part-043335_979385-006686.parquet,36330,downloaded,36330,
2026-07-17,NSE,TECHM,raw_l2/trade_date=2026-07-17/exchange=NSE/symbol=TECHM/part-043459_609895-006878.parquet,real_data_sample\l2_unseen_validation\trade_date=2026-07-17\exchange=NSE\symbol=TECHM\part-043459_609895-006878.parquet,36387,downloaded,36387,
2026-07-17,NSE,TECHM,raw_l2/trade_date=2026-07-17/exchange=NSE/symbol=TECHM/part-043129_439853-006398.parquet,real_data_sample\l2_unseen_validation\trade_date=2026-07-17\exchange=NSE\symbol=TECHM\part-043129_439853-006398.parquet,36394,downloaded,36394,
2026-07-17,NSE,TECHM,raw_l2/trade_date=2026-07-17/exchange=NSE/symbol=TECHM/part-043239_984131-006558.parquet,real_data_sample\l2_unseen_validation\trade_date=2026-07-17\exchange=NSE\symbol=TECHM\part-043239_984131-006558.parquet,36449,downloaded,36449,
2026-07-17,NSE,TECHM,raw_l2/trade_date=2026-07-17/exchange=NSE/symbol=TECHM/part-042937_488500-006142.parquet,real_data_sample\l2_unseen_validation\trade_date=2026-07-17\exchange=NSE\symbol=TECHM\part-042937_488500-006142.parquet,35836,downloaded,35836,
2026-07-17,NSE,TECHM,raw_l2/trade_date=2026-07-17/exchange=NSE/symbol=TECHM/part-043033_581505-006270.parquet,real_data_sample\l2_unseen_validation\trade_date=2026-07-17\exchange=NSE\symbol=TECHM\part-043033_581505-006270.parquet,36034,downloaded,36034,
2026-07-17,NSE,TECHM,raw_l2/trade_date=2026-07-17/exchange=NSE/symbol=TECHM/part-043253_795821-006590.parquet,real_data_sample\l2_unseen_validation\trade_date=2026-07-17\exchange=NSE\symbol=TECHM\part-043253_795821-006590.parquet,36045,downloaded,36045,
2026-07-17,NSE,TECHM,raw_l2/trade_date=2026-07-17/exchange=NSE/symbol=TECHM/part-043431_972714-006814.parquet,real_data_sample\l2_unseen_validation\trade_date=2026-07-17\exchange=NSE\symbol=TECHM\part-043431_972714-006814.parquet,36672,downloaded,36672,
2026-07-17,NSE,TECHM,raw_l2/trade_date=2026-07-17/exchange=NSE/symbol=TECHM/part-043005_406275-006206.parquet,real_data_sample\l2_unseen_validation\trade_date=2026-07-17\exchange=NSE\symbol=TECHM\part-043005_406275-006206.parquet,36092,downloaded,36092,
2026-07-17,NSE,TECHM,raw_l2/trade_date=2026-07-17/exchange=NSE/symbol=TECHM/part-043157_351199-006462.parquet,real_data_sample\l2_unseen_validation\trade_date=2026-07-17\exchange=NSE\symbol=TECHM\part-043157_351199-006462.parquet,36161,downloaded,36161,
2026-07-17,NSE,TECHM,raw_l2/trade_date=2026-07-17/exchange=NSE/symbol=TECHM/part-042923_448759-006110.parquet,real_data_sample\l2_unseen_validation\trade_date=2026-07-17\exchange=NSE\symbol=TECHM\part-042923_448759-006110.parquet,35921,downloaded,35921,
2026-07-17,NSE,TECHM,raw_l2/trade_date=2026-07-17/exchange=NSE/symbol=TECHM/part-043527_355135-006942.parquet,real_data_sample\l2_unseen_validation\trade_date=2026-07-17\exchange=NSE\symbol=TECHM\part-043527_355135-006942.parquet,36159,downloaded,36159,
2026-07-17,NSE,TECHM,raw_l2/trade_date=2026-07-17/exchange=NSE/symbol=TECHM/part-042841_636425-006014.parquet,real_data_sample\l2_unseen_validation\trade_date=2026-07-17\exchange=NSE\symbol=TECHM\part-042841_636425-006014.parquet,36672,downloaded,36672,
2026-07-17,NSE,TECHM,raw_l2/trade_date=2026-07-17/exchange=NSE/symbol=TECHM/part-043555_162007-007006.parquet,real_data_sample\l2_unseen_validation\trade_date=2026-07-17\exchange=NSE\symbol=TECHM\part-043555_162007-007006.parquet,36133,downloaded,36133,
2026-07-17,NSE,TECHM,raw_l2/trade_date=2026-07-17/exchange=NSE/symbol=TECHM/part-043307_652741-006622.parquet,real_data_sample\l2_unseen_validation\trade_date=2026-07-17\exchange=NSE\symbol=TECHM\part-043307_652741-006622.parquet,36429,downloaded,36429,
2026-07-17,NSE,TECHM,raw_l2/trade_date=2026-07-17/exchange=NSE/symbol=TECHM/part-043637_076032-007102.parquet,real_data_sample\l2_unseen_validation\trade_date=2026-07-17\exchange=NSE\symbol=TECHM\part-043637_076032-007102.parquet,36030,downloaded,36030,
2026-07-17,NSE,TECHM,raw_l2/trade_date=2026-07-17/exchange=NSE/symbol=TECHM/part-043924_622737-007486.parquet,real_data_sample\l2_unseen_validation\trade_date=2026-07-17\exchange=NSE\symbol=TECHM\part-043924_622737-007486.parquet,36030,downloaded,36030,
2026-07-17,NSE,TECHM,raw_l2/trade_date=2026-07-17/exchange=NSE/symbol=TECHM/part-043911_004648-007454.parquet,real_data_sample\l2_unseen_validation\trade_date=2026-07-17\exchange=NSE\symbol=TECHM\part-043911_004648-007454.parquet,35818,downloaded,35818,
2026-07-17,NSE,TECHM,raw_l2/trade_date=2026-07-17/exchange=NSE/symbol=TECHM/part-043843_101391-007390.parquet,real_data_sample\l2_unseen_validation\trade_date=2026-07-17\exchange=NSE\symbol=TECHM\part-043843_101391-007390.parquet,35774,downloaded,35774,
2026-07-17,NSE,TECHM,raw_l2/trade_date=2026-07-17/exchange=NSE/symbol=TECHM/part-043541_180015-006974.parquet,real_data_sample\l2_unseen_validation\trade_date=2026-07-17\exchange=NSE\symbol=TECHM\part-043541_180015-006974.parquet,36546,downloaded,36546,
2026-07-17,NSE,TECHM,raw_l2/trade_date=2026-07-17/exchange=NSE/symbol=TECHM/part-044033_338896-007646.parquet,real_data_sample\l2_unseen_validation\trade_date=2026-07-17\exchange=NSE\symbol=TECHM\part-044033_338896-007646.parquet,35942,downloaded,35942,
2026-07-17,NSE,TECHM,raw_l2/trade_date=2026-07-17/exchange=NSE/symbol=TECHM/part-043952_020457-007550.parquet,real_data_sample\l2_unseen_validation\trade_date=2026-07-17\exchange=NSE\symbol=TECHM\part-043952_020457-007550.parquet,35976,downloaded,35976,
2026-07-17,NSE,TECHM,raw_l2/trade_date=2026-07-17/exchange=NSE/symbol=TECHM/part-043623_030917-007070.parquet,real_data_sample\l2_unseen_validation\trade_date=2026-07-17\exchange=NSE\symbol=TECHM\part-043623_030917-007070.parquet,35938,downloaded,35938,
2026-07-17,NSE,TECHM,raw_l2/trade_date=2026-07-17/exchange=NSE/symbol=TECHM/part-044019_585929-007614.parquet,real_data_sample\l2_unseen_validation\trade_date=2026-07-17\exchange=NSE\symbol=TECHM\part-044019_585929-007614.parquet,36111,downloaded,36111,
2026-07-17,NSE,TECHM,raw_l2/trade_date=2026-07-17/exchange=NSE/symbol=TECHM/part-044114_476175-007742.parquet,real_data_sample\l2_unseen_validation\trade_date=2026-07-17\exchange=NSE\symbol=TECHM\part-044114_476175-007742.parquet,36428,downloaded,36428,
2026-07-17,NSE,TECHM,raw_l2/trade_date=2026-07-17/exchange=NSE/symbol=TECHM/part-044155_698005-007838.parquet,real_data_sample\l2_unseen_validation\trade_date=2026-07-17\exchange=NSE\symbol=TECHM\part-044155_698005-007838.parquet,35903,downloaded,35903,
2026-07-17,NSE,TECHM,raw_l2/trade_date=2026-07-17/exchange=NSE/symbol=TECHM/part-043938_205156-007518.parquet,real_data_sample\l2_unseen_validation\trade_date=2026-07-17\exchange=NSE\symbol=TECHM\part-043938_205156-007518.parquet,36358,downloaded,36358,
2026-07-17,NSE,TECHM,raw_l2/trade_date=2026-07-17/exchange=NSE/symbol=TECHM/part-043705_196606-007166.parquet,real_data_sample\l2_unseen_validation\trade_date=2026-07-17\exchange=NSE\symbol=TECHM\part-043705_196606-007166.parquet,36296,downloaded,36296,
2026-07-17,NSE,TECHM,raw_l2/trade_date=2026-07-17/exchange=NSE/symbol=TECHM/part-043815_199158-007326.parquet,real_data_sample\l2_unseen_validation\trade_date=2026-07-17\exchange=NSE\symbol=TECHM\part-043815_199158-007326.parquet,36143,downloaded,36143,
2026-07-17,NSE,TECHM,raw_l2/trade_date=2026-07-17/exchange=NSE/symbol=TECHM/part-044141_980098-007806.parquet,real_data_sample\l2_unseen_validation\trade_date=2026-07-17\exchange=NSE\symbol=TECHM\part-044141_980098-007806.parquet,35866,downloaded,35866,
2026-07-17,NSE,TECHM,raw_l2/trade_date=2026-07-17/exchange=NSE/symbol=TECHM/part-043746_824008-007262.parquet,real_data_sample\l2_unseen_validation\trade_date=2026-07-17\exchange=NSE\symbol=TECHM\part-043746_824008-007262.parquet,36481,downloaded,36481,
2026-07-17,NSE,TECHM,raw_l2/trade_date=2026-07-17/exchange=NSE/symbol=TECHM/part-043857_210214-007422.parquet,real_data_sample\l2_unseen_validation\trade_date=2026-07-17\exchange=NSE\symbol=TECHM\part-043857_210214-007422.parquet,35964,downloaded,35964,
2026-07-17,NSE,TECHM,raw_l2/trade_date=2026-07-17/exchange=NSE/symbol=TECHM/part-044237_409502-007934.parquet,real_data_sample\l2_unseen_validation\trade_date=2026-07-17\exchange=NSE\symbol=TECHM\part-044237_409502-007934.parquet,36027,downloaded,36027,
2026-07-17,NSE,TECHM,raw_l2/trade_date=2026-07-17/exchange=NSE/symbol=TECHM/part-044046_962433-007678.parquet,real_data_sample\l2_unseen_validation\trade_date=2026-07-17\exchange=NSE\symbol=TECHM\part-044046_962433-007678.parquet,36281,downloaded,36281,
2026-07-17,NSE,TECHM,raw_l2/trade_date=2026-07-17/exchange=NSE/symbol=TECHM/part-044005_829694-007582.parquet,real_data_sample\l2_unseen_validation\trade_date=2026-07-17\exchange=NSE\symbol=TECHM\part-044005_829694-007582.parquet,36269,downloaded,36269,
2026-07-17,NSE,TECHM,raw_l2/trade_date=2026-07-17/exchange=NSE/symbol=TECHM/part-043828_953405-007358.parquet,real_data_sample\l2_unseen_validation\trade_date=2026-07-17\exchange=NSE\symbol=TECHM\part-043828_953405-007358.parquet,36495,downloaded,36495,
2026-07-17,NSE,TECHM,raw_l2/trade_date=2026-07-17/exchange=NSE/symbol=TECHM/part-044100_657762-007710.parquet,real_data_sample\l2_unseen_validation\trade_date=2026-07-17\exchange=NSE\symbol=TECHM\part-044100_657762-007710.parquet,36063,downloaded,36063,
2026-07-17,NSE,TECHM,raw_l2/trade_date=2026-07-17/exchange=NSE/symbol=TECHM/part-043732_969821-007230.parquet,real_data_sample\l2_unseen_validation\trade_date=2026-07-17\exchange=NSE\symbol=TECHM\part-043732_969821-007230.parquet,36056,downloaded,36056,
2026-07-17,NSE,TECHM,raw_l2/trade_date=2026-07-17/exchange=NSE/symbol=TECHM/part-044209_534205-007870.parquet,real_data_sample\l2_unseen_validation\trade_date=2026-07-17\exchange=NSE\symbol=TECHM\part-044209_534205-007870.parquet,36409,downloaded,36409,
2026-07-17,NSE,TECHM,raw_l2/trade_date=2026-07-17/exchange=NSE/symbol=TECHM/part-044128_210448-007774.parquet,real_data_sample\l2_unseen_validation\trade_date=2026-07-17\exchange=NSE\symbol=TECHM\part-044128_210448-007774.parquet,36192,downloaded,36192,
2026-07-17,NSE,TECHM,raw_l2/trade_date=2026-07-17/exchange=NSE/symbol=TECHM/part-043719_018861-007198.parquet,real_data_sample\l2_unseen_validation\trade_date=2026-07-17\exchange=NSE\symbol=TECHM\part-043719_018861-007198.parquet,36406,downloaded,36406,
2026-07-17,NSE,TECHM,raw_l2/trade_date=2026-07-17/exchange=NSE/symbol=TECHM/part-043800_576558-007294.parquet,real_data_sample\l2_unseen_validation\trade_date=2026-07-17\exchange=NSE\symbol=TECHM\part-043800_576558-007294.parquet,36655,downloaded,36655,
2026-07-17,NSE,TECHM,raw_l2/trade_date=2026-07-17/exchange=NSE/symbol=TECHM/part-043651_262477-007134.parquet,real_data_sample\l2_unseen_validation\trade_date=2026-07-17\exchange=NSE\symbol=TECHM\part-043651_262477-007134.parquet,36320,downloaded,36320,
2026-07-17,NSE,TECHM,raw_l2/trade_date=2026-07-17/exchange=NSE/symbol=TECHM/part-043513_513112-006910.parquet,real_data_sample\l2_unseen_validation\trade_date=2026-07-17\exchange=NSE\symbol=TECHM\part-043513_513112-006910.parquet,36324,downloaded,36324,
2026-07-17,NSE,TECHM,raw_l2/trade_date=2026-07-17/exchange=NSE/symbol=TECHM/part-043609_190064-007038.parquet,real_data_sample\l2_unseen_validation\trade_date=2026-07-17\exchange=NSE\symbol=TECHM\part-043609_190064-007038.parquet,35901,downloaded,35901,
2026-07-17,NSE,TECHM,raw_l2/trade_date=2026-07-17/exchange=NSE/symbol=TECHM/part-044223_324966-007902.parquet,real_data_sample\l2_unseen_validation\trade_date=2026-07-17\exchange=NSE\symbol=TECHM\part-044223_324966-007902.parquet,35886,downloaded,35886,
2026-07-17,NSE,TECHM,raw_l2/trade_date=2026-07-17/exchange=NSE/symbol=TECHM/part-044346_801357-008094.parquet,real_data_sample\l2_unseen_validation\trade_date=2026-07-17\exchange=NSE\symbol=TECHM\part-044346_801357-008094.parquet,36091,downloaded,36091,
2026-07-17,NSE,TECHM,raw_l2/trade_date=2026-07-17/exchange=NSE/symbol=TECHM/part-044305_299263-007998.parquet,real_data_sample\l2_unseen_validation\trade_date=2026-07-17\exchange=NSE\symbol=TECHM\part-044305_299263-007998.parquet,36033,downloaded,36033,
2026-07-17,NSE,TECHM,raw_l2/trade_date=2026-07-17/exchange=NSE/symbol=TECHM/part-044414_288562-008158.parquet,real_data_sample\l2_unseen_validation\trade_date=2026-07-17\exchange=NSE\symbol=TECHM\part-044414_288562-008158.parquet,36417,downloaded,36417,
2026-07-17,NSE,TECHM,raw_l2/trade_date=2026-07-17/exchange=NSE/symbol=TECHM/part-044427_968342-008190.parquet,real_data_sample\l2_unseen_validation\trade_date=2026-07-17\exchange=NSE\symbol=TECHM\part-044427_968342-008190.parquet,36125,downloaded,36125,
2026-07-17,NSE,TECHM,raw_l2/trade_date=2026-07-17/exchange=NSE/symbol=TECHM/part-044319_061142-008030.parquet,real_data_sample\l2_unseen_validation\trade_date=2026-07-17\exchange=NSE\symbol=TECHM\part-044319_061142-008030.parquet,36590,downloaded,36590,
2026-07-17,NSE,TECHM,raw_l2/trade_date=2026-07-17/exchange=NSE/symbol=TECHM/part-044333_026626-008062.parquet,real_data_sample\l2_unseen_validation\trade_date=2026-07-17\exchange=NSE\symbol=TECHM\part-044333_026626-008062.parquet,36869,downloaded,36869,
2026-07-17,NSE,TECHM,raw_l2/trade_date=2026-07-17/exchange=NSE/symbol=TECHM/part-044441_999912-008222.parquet,real_data_sample\l2_unseen_validation\trade_date=2026-07-17\exchange=NSE\symbol=TECHM\part-044441_999912-008222.parquet,36036,downloaded,36036,
2026-07-17,NSE,TECHM,raw_l2/trade_date=2026-07-17/exchange=NSE/symbol=TECHM/part-044509_575677-008286.parquet,real_data_sample\l2_unseen_validation\trade_date=2026-07-17\exchange=NSE\symbol=TECHM\part-044509_575677-008286.parquet,36292,downloaded,36292,
2026-07-17,NSE,TECHM,raw_l2/trade_date=2026-07-17/exchange=NSE/symbol=TECHM/part-044604_741232-008414.parquet,real_data_sample\l2_unseen_validation\trade_date=2026-07-17\exchange=NSE\symbol=TECHM\part-044604_741232-008414.parquet,35699,downloaded,35699,
2026-07-17,NSE,TECHM,raw_l2/trade_date=2026-07-17/exchange=NSE/symbol=TECHM/part-044713_826253-008574.parquet,real_data_sample\l2_unseen_validation\trade_date=2026-07-17\exchange=NSE\symbol=TECHM\part-044713_826253-008574.parquet,36568,downloaded,36568,
2026-07-17,NSE,TECHM,raw_l2/trade_date=2026-07-17/exchange=NSE/symbol=TECHM/part-044741_615449-008638.parquet,real_data_sample\l2_unseen_validation\trade_date=2026-07-17\exchange=NSE\symbol=TECHM\part-044741_615449-008638.parquet,35647,downloaded,35647,
2026-07-17,NSE,TECHM,raw_l2/trade_date=2026-07-17/exchange=NSE/symbol=TECHM/part-044700_097646-008542.parquet,real_data_sample\l2_unseen_validation\trade_date=2026-07-17\exchange=NSE\symbol=TECHM\part-044700_097646-008542.parquet,36305,downloaded,36305,
2026-07-17,NSE,TECHM,raw_l2/trade_date=2026-07-17/exchange=NSE/symbol=TECHM/part-044646_320334-008510.parquet,real_data_sample\l2_unseen_validation\trade_date=2026-07-17\exchange=NSE\symbol=TECHM\part-044646_320334-008510.parquet,35798,downloaded,35798,
2026-07-17,NSE,TECHM,raw_l2/trade_date=2026-07-17/exchange=NSE/symbol=TECHM/part-044918_264884-008862.parquet,real_data_sample\l2_unseen_validation\trade_date=2026-07-17\exchange=NSE\symbol=TECHM\part-044918_264884-008862.parquet,36015,downloaded,36015,
2026-07-17,NSE,TECHM,raw_l2/trade_date=2026-07-17/exchange=NSE/symbol=TECHM/part-044727_540655-008606.parquet,real_data_sample\l2_unseen_validation\trade_date=2026-07-17\exchange=NSE\symbol=TECHM\part-044727_540655-008606.parquet,35984,downloaded,35984,
2026-07-17,NSE,TECHM,raw_l2/trade_date=2026-07-17/exchange=NSE/symbol=TECHM/part-044850_716263-008798.parquet,real_data_sample\l2_unseen_validation\trade_date=2026-07-17\exchange=NSE\symbol=TECHM\part-044850_716263-008798.parquet,35953,downloaded,35953,
2026-07-17,NSE,TECHM,raw_l2/trade_date=2026-07-17/exchange=NSE/symbol=TECHM/part-044904_461701-008830.parquet,real_data_sample\l2_unseen_validation\trade_date=2026-07-17\exchange=NSE\symbol=TECHM\part-044904_461701-008830.parquet,35991,downloaded,35991,
2026-07-17,NSE,TECHM,raw_l2/trade_date=2026-07-17/exchange=NSE/symbol=TECHM/part-044618_497143-008446.parquet,real_data_sample\l2_unseen_validation\trade_date=2026-07-17\exchange=NSE\symbol=TECHM\part-044618_497143-008446.parquet,36251,downloaded,36251,
2026-07-17,NSE,TECHM,raw_l2/trade_date=2026-07-17/exchange=NSE/symbol=TECHM/part-044837_018144-008766.parquet,real_data_sample\l2_unseen_validation\trade_date=2026-07-17\exchange=NSE\symbol=TECHM\part-044837_018144-008766.parquet,36226,downloaded,36226,
2026-07-17,NSE,TECHM,raw_l2/trade_date=2026-07-17/exchange=NSE/symbol=TECHM/part-044523_333785-008318.parquet,real_data_sample\l2_unseen_validation\trade_date=2026-07-17\exchange=NSE\symbol=TECHM\part-044523_333785-008318.parquet,35770,downloaded,35770,
2026-07-17,NSE,TECHM,raw_l2/trade_date=2026-07-17/exchange=NSE/symbol=TECHM/part-044809_284698-008702.parquet,real_data_sample\l2_unseen_validation\trade_date=2026-07-17\exchange=NSE\symbol=TECHM\part-044809_284698-008702.parquet,35839,downloaded,35839,
2026-07-17,NSE,TECHM,raw_l2/trade_date=2026-07-17/exchange=NSE/symbol=TECHM/part-044823_135219-008734.parquet,real_data_sample\l2_unseen_validation\trade_date=2026-07-17\exchange=NSE\symbol=TECHM\part-044823_135219-008734.parquet,36384,downloaded,36384,
2026-07-17,NSE,TECHM,raw_l2/trade_date=2026-07-17/exchange=NSE/symbol=TECHM/part-044537_057453-008350.parquet,real_data_sample\l2_unseen_validation\trade_date=2026-07-17\exchange=NSE\symbol=TECHM\part-044537_057453-008350.parquet,36173,downloaded,36173,
2026-07-17,NSE,TECHM,raw_l2/trade_date=2026-07-17/exchange=NSE/symbol=TECHM/part-044632_273524-008478.parquet,real_data_sample\l2_unseen_validation\trade_date=2026-07-17\exchange=NSE\symbol=TECHM\part-044632_273524-008478.parquet,35835,downloaded,35835,
2026-07-17,NSE,TECHM,raw_l2/trade_date=2026-07-17/exchange=NSE/symbol=TECHM/part-044550_808725-008382.parquet,real_data_sample\l2_unseen_validation\trade_date=2026-07-17\exchange=NSE\symbol=TECHM\part-044550_808725-008382.parquet,36262,downloaded,36262,
2026-07-17,NSE,TECHM,raw_l2/trade_date=2026-07-17/exchange=NSE/symbol=TECHM/part-044755_501710-008670.parquet,real_data_sample\l2_unseen_validation\trade_date=2026-07-17\exchange=NSE\symbol=TECHM\part-044755_501710-008670.parquet,36012,downloaded,36012,
2026-07-17,NSE,TECHM,raw_l2/trade_date=2026-07-17/exchange=NSE/symbol=TECHM/part-044455_753126-008254.parquet,real_data_sample\l2_unseen_validation\trade_date=2026-07-17\exchange=NSE\symbol=TECHM\part-044455_753126-008254.parquet,35978,downloaded,35978,
2026-07-17,NSE,TECHM,raw_l2/trade_date=2026-07-17/exchange=NSE/symbol=TECHM/part-044400_566919-008126.parquet,real_data_sample\l2_unseen_validation\trade_date=2026-07-17\exchange=NSE\symbol=TECHM\part-044400_566919-008126.parquet,36521,downloaded,36521,
2026-07-17,NSE,TECHM,raw_l2/trade_date=2026-07-17/exchange=NSE/symbol=TECHM/part-045026_851568-009022.parquet,real_data_sample\l2_unseen_validation\trade_date=2026-07-17\exchange=NSE\symbol=TECHM\part-045026_851568-009022.parquet,36240,downloaded,36240,
2026-07-17,NSE,TECHM,raw_l2/trade_date=2026-07-17/exchange=NSE/symbol=TECHM/part-045054_183908-009086.parquet,real_data_sample\l2_unseen_validation\trade_date=2026-07-17\exchange=NSE\symbol=TECHM\part-045054_183908-009086.parquet,35766,downloaded,35766,
2026-07-17,NSE,TECHM,raw_l2/trade_date=2026-07-17/exchange=NSE/symbol=TECHM/part-045013_273594-008990.parquet,real_data_sample\l2_unseen_validation\trade_date=2026-07-17\exchange=NSE\symbol=TECHM\part-045013_273594-008990.parquet,36104,downloaded,36104,
2026-07-17,NSE,TECHM,raw_l2/trade_date=2026-07-17/exchange=NSE/symbol=TECHM/part-045040_512076-009054.parquet,real_data_sample\l2_unseen_validation\trade_date=2026-07-17\exchange=NSE\symbol=TECHM\part-045040_512076-009054.parquet,35893,downloaded,35893,
2026-07-17,NSE,TECHM,raw_l2/trade_date=2026-07-17/exchange=NSE/symbol=TECHM/part-045423_471910-009566.parquet,real_data_sample\l2_unseen_validation\trade_date=2026-07-17\exchange=NSE\symbol=TECHM\part-045423_471910-009566.parquet,36321,downloaded,36321,
2026-07-17,NSE,TECHM,raw_l2/trade_date=2026-07-17/exchange=NSE/symbol=TECHM/part-045341_341503-009470.parquet,real_data_sample\l2_unseen_validation\trade_date=2026-07-17\exchange=NSE\symbol=TECHM\part-045341_341503-009470.parquet,36341,downloaded,36341,
2026-07-17,NSE,TECHM,raw_l2/trade_date=2026-07-17/exchange=NSE/symbol=TECHM/part-045150_219851-009214.parquet,real_data_sample\l2_unseen_validation\trade_date=2026-07-17\exchange=NSE\symbol=TECHM\part-045150_219851-009214.parquet,36250,downloaded,36250,
2026-07-17,NSE,TECHM,raw_l2/trade_date=2026-07-17/exchange=NSE/symbol=TECHM/part-045108_257032-009118.parquet,real_data_sample\l2_unseen_validation\trade_date=2026-07-17\exchange=NSE\symbol=TECHM\part-045108_257032-009118.parquet,35985,downloaded,35985,
2026-07-17,NSE,TECHM,raw_l2/trade_date=2026-07-17/exchange=NSE/symbol=TECHM/part-045327_571804-009438.parquet,real_data_sample\l2_unseen_validation\trade_date=2026-07-17\exchange=NSE\symbol=TECHM\part-045327_571804-009438.parquet,36175,downloaded,36175,
2026-07-17,NSE,TECHM,raw_l2/trade_date=2026-07-17/exchange=NSE/symbol=TECHM/part-045136_200441-009182.parquet,real_data_sample\l2_unseen_validation\trade_date=2026-07-17\exchange=NSE\symbol=TECHM\part-045136_200441-009182.parquet,36600,downloaded,36600,
2026-07-17,NSE,TECHM,raw_l2/trade_date=2026-07-17/exchange=NSE/symbol=TECHM/part-045313_730463-009406.parquet,real_data_sample\l2_unseen_validation\trade_date=2026-07-17\exchange=NSE\symbol=TECHM\part-045313_730463-009406.parquet,35863,downloaded,35863,
2026-07-17,NSE,TECHM,raw_l2/trade_date=2026-07-17/exchange=NSE/symbol=TECHM/part-045519_764763-009694.parquet,real_data_sample\l2_unseen_validation\trade_date=2026-07-17\exchange=NSE\symbol=TECHM\part-045519_764763-009694.parquet,36244,downloaded,36244,
2026-07-17,NSE,TECHM,raw_l2/trade_date=2026-07-17/exchange=NSE/symbol=TECHM/part-045122_339373-009150.parquet,real_data_sample\l2_unseen_validation\trade_date=2026-07-17\exchange=NSE\symbol=TECHM\part-045122_339373-009150.parquet,36435,downloaded,36435,
2026-07-17,NSE,TECHM,raw_l2/trade_date=2026-07-17/exchange=NSE/symbol=TECHM/part-045615_640444-009822.parquet,real_data_sample\l2_unseen_validation\trade_date=2026-07-17\exchange=NSE\symbol=TECHM\part-045615_640444-009822.parquet,36061,downloaded,36061,
2026-07-17,NSE,TECHM,raw_l2/trade_date=2026-07-17/exchange=NSE/symbol=TECHM/part-045259_673309-009374.parquet,real_data_sample\l2_unseen_validation\trade_date=2026-07-17\exchange=NSE\symbol=TECHM\part-045259_673309-009374.parquet,35775,downloaded,35775,
2026-07-17,NSE,TECHM,raw_l2/trade_date=2026-07-17/exchange=NSE/symbol=TECHM/part-045409_367747-009534.parquet,real_data_sample\l2_unseen_validation\trade_date=2026-07-17\exchange=NSE\symbol=TECHM\part-045409_367747-009534.parquet,35956,downloaded,35956,
2026-07-17,NSE,TECHM,raw_l2/trade_date=2026-07-17/exchange=NSE/symbol=TECHM/part-045533_668166-009726.parquet,real_data_sample\l2_unseen_validation\trade_date=2026-07-17\exchange=NSE\symbol=TECHM\part-045533_668166-009726.parquet,36724,downloaded,36724,
2026-07-17,NSE,TECHM,raw_l2/trade_date=2026-07-17/exchange=NSE/symbol=TECHM/part-045505_788722-009662.parquet,real_data_sample\l2_unseen_validation\trade_date=2026-07-17\exchange=NSE\symbol=TECHM\part-045505_788722-009662.parquet,35832,downloaded,35832,
2026-07-17,NSE,TECHM,raw_l2/trade_date=2026-07-17/exchange=NSE/symbol=TECHM/part-045355_423206-009502.parquet,real_data_sample\l2_unseen_validation\trade_date=2026-07-17\exchange=NSE\symbol=TECHM\part-045355_423206-009502.parquet,35921,downloaded,35921,
2026-07-17,NSE,TECHM,raw_l2/trade_date=2026-07-17/exchange=NSE/symbol=TECHM/part-045547_612656-009758.parquet,real_data_sample\l2_unseen_validation\trade_date=2026-07-17\exchange=NSE\symbol=TECHM\part-045547_612656-009758.parquet,35966,downloaded,35966,
2026-07-17,NSE,TECHM,raw_l2/trade_date=2026-07-17/exchange=NSE/symbol=TECHM/part-045437_493130-009598.parquet,real_data_sample\l2_unseen_validation\trade_date=2026-07-17\exchange=NSE\symbol=TECHM\part-045437_493130-009598.parquet,35889,downloaded,35889,
2026-07-17,NSE,TECHM,raw_l2/trade_date=2026-07-17/exchange=NSE/symbol=TECHM/part-045245_635263-009342.parquet,real_data_sample\l2_unseen_validation\trade_date=2026-07-17\exchange=NSE\symbol=TECHM\part-045245_635263-009342.parquet,35236,downloaded,35236,
2026-07-17,NSE,TECHM,raw_l2/trade_date=2026-07-17/exchange=NSE/symbol=TECHM/part-045217_964373-009278.parquet,real_data_sample\l2_unseen_validation\trade_date=2026-07-17\exchange=NSE\symbol=TECHM\part-045217_964373-009278.parquet,36506,downloaded,36506,
2026-07-17,NSE,TECHM,raw_l2/trade_date=2026-07-17/exchange=NSE/symbol=TECHM/part-045451_531553-009630.parquet,real_data_sample\l2_unseen_validation\trade_date=2026-07-17\exchange=NSE\symbol=TECHM\part-045451_531553-009630.parquet,35495,downloaded,35495,
2026-07-17,NSE,TECHM,raw_l2/trade_date=2026-07-17/exchange=NSE/symbol=TECHM/part-045231_834529-009310.parquet,real_data_sample\l2_unseen_validation\trade_date=2026-07-17\exchange=NSE\symbol=TECHM\part-045231_834529-009310.parquet,36470,downloaded,36470,
2026-07-17,NSE,TECHM,raw_l2/trade_date=2026-07-17/exchange=NSE/symbol=TECHM/part-045204_188380-009246.parquet,real_data_sample\l2_unseen_validation\trade_date=2026-07-17\exchange=NSE\symbol=TECHM\part-045204_188380-009246.parquet,35799,downloaded,35799,
2026-07-17,NSE,TECHM,raw_l2/trade_date=2026-07-17/exchange=NSE/symbol=TECHM/part-045601_705458-009790.parquet,real_data_sample\l2_unseen_validation\trade_date=2026-07-17\exchange=NSE\symbol=TECHM\part-045601_705458-009790.parquet,36388,downloaded,36388,
2026-07-17,NSE,TECHM,raw_l2/trade_date=2026-07-17/exchange=NSE/symbol=TECHM/part-044251_379680-007966.parquet,real_data_sample\l2_unseen_validation\trade_date=2026-07-17\exchange=NSE\symbol=TECHM\part-044251_379680-007966.parquet,36133,downloaded,36133,
2026-07-17,NSE,TECHM,raw_l2/trade_date=2026-07-17/exchange=NSE/symbol=TECHM/part-044945_794733-008926.parquet,real_data_sample\l2_unseen_validation\trade_date=2026-07-17\exchange=NSE\symbol=TECHM\part-044945_794733-008926.parquet,35634,downloaded,35634,
2026-07-17,NSE,TECHM,raw_l2/trade_date=2026-07-17/exchange=NSE/symbol=TECHM/part-045644_458695-009886.parquet,real_data_sample\l2_unseen_validation\trade_date=2026-07-17\exchange=NSE\symbol=TECHM\part-045644_458695-009886.parquet,36381,downloaded,36381,
2026-07-17,NSE,TECHM,raw_l2/trade_date=2026-07-17/exchange=NSE/symbol=TECHM/part-044959_482125-008958.parquet,real_data_sample\l2_unseen_validation\trade_date=2026-07-17\exchange=NSE\symbol=TECHM\part-044959_482125-008958.parquet,35799,downloaded,35799,
2026-07-17,NSE,TECHM,raw_l2/trade_date=2026-07-17/exchange=NSE/symbol=TECHM/part-045726_734354-009982.parquet,real_data_sample\l2_unseen_validation\trade_date=2026-07-17\exchange=NSE\symbol=TECHM\part-045726_734354-009982.parquet,35952,downloaded,35952,
2026-07-17,NSE,TECHM,raw_l2/trade_date=2026-07-17/exchange=NSE/symbol=TECHM/part-045712_677444-009950.parquet,real_data_sample\l2_unseen_validation\trade_date=2026-07-17\exchange=NSE\symbol=TECHM\part-045712_677444-009950.parquet,35840,downloaded,35840,
2026-07-17,NSE,TECHM,raw_l2/trade_date=2026-07-17/exchange=NSE/symbol=TECHM/part-045658_297229-009918.parquet,real_data_sample\l2_unseen_validation\trade_date=2026-07-17\exchange=NSE\symbol=TECHM\part-045658_297229-009918.parquet,36724,downloaded,36724,
2026-07-17,NSE,TECHM,raw_l2/trade_date=2026-07-17/exchange=NSE/symbol=TECHM/part-045754_938863-010046.parquet,real_data_sample\l2_unseen_validation\trade_date=2026-07-17\exchange=NSE\symbol=TECHM\part-045754_938863-010046.parquet,36589,downloaded,36589,
2026-07-17,NSE,TECHM,raw_l2/trade_date=2026-07-17/exchange=NSE/symbol=TECHM/part-045823_157256-010110.parquet,real_data_sample\l2_unseen_validation\trade_date=2026-07-17\exchange=NSE\symbol=TECHM\part-045823_157256-010110.parquet,36144,downloaded,36144,
2026-07-17,NSE,TECHM,raw_l2/trade_date=2026-07-17/exchange=NSE/symbol=TECHM/part-045740_729272-010014.parquet,real_data_sample\l2_unseen_validation\trade_date=2026-07-17\exchange=NSE\symbol=TECHM\part-045740_729272-010014.parquet,36467,downloaded,36467,
2026-07-17,NSE,TECHM,raw_l2/trade_date=2026-07-17/exchange=NSE/symbol=TECHM/part-045809_180110-010078.parquet,real_data_sample\l2_unseen_validation\trade_date=2026-07-17\exchange=NSE\symbol=TECHM\part-045809_180110-010078.parquet,35889,downloaded,35889,
2026-07-17,NSE,TECHM,raw_l2/trade_date=2026-07-17/exchange=NSE/symbol=TECHM/part-045851_586857-010174.parquet,real_data_sample\l2_unseen_validation\trade_date=2026-07-17\exchange=NSE\symbol=TECHM\part-045851_586857-010174.parquet,36290,downloaded,36290,
2026-07-17,NSE,TECHM,raw_l2/trade_date=2026-07-17/exchange=NSE/symbol=TECHM/part-045905_259860-010206.parquet,real_data_sample\l2_unseen_validation\trade_date=2026-07-17\exchange=NSE\symbol=TECHM\part-045905_259860-010206.parquet,36169,downloaded,36169,
2026-07-17,NSE,TECHM,raw_l2/trade_date=2026-07-17/exchange=NSE/symbol=TECHM/part-045837_384975-010142.parquet,real_data_sample\l2_unseen_validation\trade_date=2026-07-17\exchange=NSE\symbol=TECHM\part-045837_384975-010142.parquet,36468,downloaded,36468,
2026-07-17,NSE,TECHM,raw_l2/trade_date=2026-07-17/exchange=NSE/symbol=TECHM/part-050057_424349-010462.parquet,real_data_sample\l2_unseen_validation\trade_date=2026-07-17\exchange=NSE\symbol=TECHM\part-050057_424349-010462.parquet,36496,downloaded,36496,
2026-07-17,NSE,TECHM,raw_l2/trade_date=2026-07-17/exchange=NSE/symbol=TECHM/part-045933_511998-010270.parquet,real_data_sample\l2_unseen_validation\trade_date=2026-07-17\exchange=NSE\symbol=TECHM\part-045933_511998-010270.parquet,36880,downloaded,36880,
2026-07-17,NSE,TECHM,raw_l2/trade_date=2026-07-17/exchange=NSE/symbol=TECHM/part-050029_590564-010398.parquet,real_data_sample\l2_unseen_validation\trade_date=2026-07-17\exchange=NSE\symbol=TECHM\part-050029_590564-010398.parquet,36593,downloaded,36593,
2026-07-17,NSE,TECHM,raw_l2/trade_date=2026-07-17/exchange=NSE/symbol=TECHM/part-045919_156464-010238.parquet,real_data_sample\l2_unseen_validation\trade_date=2026-07-17\exchange=NSE\symbol=TECHM\part-045919_156464-010238.parquet,36314,downloaded,36314,
2026-07-17,NSE,TECHM,raw_l2/trade_date=2026-07-17/exchange=NSE/symbol=TECHM/part-045947_563129-010302.parquet,real_data_sample\l2_unseen_validation\trade_date=2026-07-17\exchange=NSE\symbol=TECHM\part-045947_563129-010302.parquet,36443,downloaded,36443,
2026-07-17,NSE,TECHM,raw_l2/trade_date=2026-07-17/exchange=NSE/symbol=TECHM/part-050015_716093-010366.parquet,real_data_sample\l2_unseen_validation\trade_date=2026-07-17\exchange=NSE\symbol=TECHM\part-050015_716093-010366.parquet,36549,downloaded,36549,
2026-07-17,NSE,TECHM,raw_l2/trade_date=2026-07-17/exchange=NSE/symbol=TECHM/part-045630_010862-009854.parquet,real_data_sample\l2_unseen_validation\trade_date=2026-07-17\exchange=NSE\symbol=TECHM\part-045630_010862-009854.parquet,36136,downloaded,36136,
2026-07-17,NSE,TECHM,raw_l2/trade_date=2026-07-17/exchange=NSE/symbol=TECHM/part-050001_931491-010334.parquet,real_data_sample\l2_unseen_validation\trade_date=2026-07-17\exchange=NSE\symbol=TECHM\part-050001_931491-010334.parquet,36239,downloaded,36239,
2026-07-17,NSE,TECHM,raw_l2/trade_date=2026-07-17/exchange=NSE/symbol=TECHM/part-050221_758472-010654.parquet,real_data_sample\l2_unseen_validation\trade_date=2026-07-17\exchange=NSE\symbol=TECHM\part-050221_758472-010654.parquet,35963,downloaded,35963,
2026-07-17,NSE,TECHM,raw_l2/trade_date=2026-07-17/exchange=NSE/symbol=TECHM/part-050153_390983-010590.parquet,real_data_sample\l2_unseen_validation\trade_date=2026-07-17\exchange=NSE\symbol=TECHM\part-050153_390983-010590.parquet,36443,downloaded,36443,
2026-07-17,NSE,TECHM,raw_l2/trade_date=2026-07-17/exchange=NSE/symbol=TECHM/part-050139_245431-010558.parquet,real_data_sample\l2_unseen_validation\trade_date=2026-07-17\exchange=NSE\symbol=TECHM\part-050139_245431-010558.parquet,35855,downloaded,35855,
2026-07-17,NSE,TECHM,raw_l2/trade_date=2026-07-17/exchange=NSE/symbol=TECHM/part-050111_392908-010494.parquet,real_data_sample\l2_unseen_validation\trade_date=2026-07-17\exchange=NSE\symbol=TECHM\part-050111_392908-010494.parquet,36283,downloaded,36283,
2026-07-17,NSE,TECHM,raw_l2/trade_date=2026-07-17/exchange=NSE/symbol=TECHM/part-050207_704480-010622.parquet,real_data_sample\l2_unseen_validation\trade_date=2026-07-17\exchange=NSE\symbol=TECHM\part-050207_704480-010622.parquet,36360,downloaded,36360,
2026-07-17,NSE,TECHM,raw_l2/trade_date=2026-07-17/exchange=NSE/symbol=TECHM/part-050125_277943-010526.parquet,real_data_sample\l2_unseen_validation\trade_date=2026-07-17\exchange=NSE\symbol=TECHM\part-050125_277943-010526.parquet,36155,downloaded,36155,
2026-07-17,NSE,TECHM,raw_l2/trade_date=2026-07-17/exchange=NSE/symbol=TECHM/part-050043_509132-010430.parquet,real_data_sample\l2_unseen_validation\trade_date=2026-07-17\exchange=NSE\symbol=TECHM\part-050043_509132-010430.parquet,36702,downloaded,36702,
2026-07-17,NSE,TECHM,raw_l2/trade_date=2026-07-17/exchange=NSE/symbol=TECHM/part-050236_247453-010686.parquet,real_data_sample\l2_unseen_validation\trade_date=2026-07-17\exchange=NSE\symbol=TECHM\part-050236_247453-010686.parquet,36246,downloaded,36246,
2026-07-17,NSE,TECHM,raw_l2/trade_date=2026-07-17/exchange=NSE/symbol=TECHM/part-044931_955949-008894.parquet,real_data_sample\l2_unseen_validation\trade_date=2026-07-17\exchange=NSE\symbol=TECHM\part-044931_955949-008894.parquet,35986,downloaded,35986,
2026-07-17,NSE,TECHM,raw_l2/trade_date=2026-07-17/exchange=NSE/symbol=TECHM/part-050332_988853-010814.parquet,real_data_sample\l2_unseen_validation\trade_date=2026-07-17\exchange=NSE\symbol=TECHM\part-050332_988853-010814.parquet,36053,downloaded,36053,
2026-07-17,NSE,TECHM,raw_l2/trade_date=2026-07-17/exchange=NSE/symbol=TECHM/part-050250_369500-010718.parquet,real_data_sample\l2_unseen_validation\trade_date=2026-07-17\exchange=NSE\symbol=TECHM\part-050250_369500-010718.parquet,35924,downloaded,35924,
2026-07-17,NSE,TECHM,raw_l2/trade_date=2026-07-17/exchange=NSE/symbol=TECHM/part-050429_417778-010942.parquet,real_data_sample\l2_unseen_validation\trade_date=2026-07-17\exchange=NSE\symbol=TECHM\part-050429_417778-010942.parquet,36121,downloaded,36121,
2026-07-17,NSE,TECHM,raw_l2/trade_date=2026-07-17/exchange=NSE/symbol=TECHM/part-050415_449379-010910.parquet,real_data_sample\l2_unseen_validation\trade_date=2026-07-17\exchange=NSE\symbol=TECHM\part-050415_449379-010910.parquet,35883,downloaded,35883,
2026-07-17,NSE,TECHM,raw_l2/trade_date=2026-07-17/exchange=NSE/symbol=TECHM/part-050401_124802-010878.parquet,real_data_sample\l2_unseen_validation\trade_date=2026-07-17\exchange=NSE\symbol=TECHM\part-050401_124802-010878.parquet,36378,downloaded,36378,
2026-07-17,NSE,TECHM,raw_l2/trade_date=2026-07-17/exchange=NSE/symbol=TECHM/part-050457_128801-011006.parquet,real_data_sample\l2_unseen_validation\trade_date=2026-07-17\exchange=NSE\symbol=TECHM\part-050457_128801-011006.parquet,36566,downloaded,36566,
2026-07-17,NSE,TECHM,raw_l2/trade_date=2026-07-17/exchange=NSE/symbol=TECHM/part-050539_114752-011102.parquet,real_data_sample\l2_unseen_validation\trade_date=2026-07-17\exchange=NSE\symbol=TECHM\part-050539_114752-011102.parquet,36732,downloaded,36732,
2026-07-17,NSE,TECHM,raw_l2/trade_date=2026-07-17/exchange=NSE/symbol=TECHM/part-050525_322438-011070.parquet,real_data_sample\l2_unseen_validation\trade_date=2026-07-17\exchange=NSE\symbol=TECHM\part-050525_322438-011070.parquet,35824,downloaded,35824,
2026-07-17,NSE,TECHM,raw_l2/trade_date=2026-07-17/exchange=NSE/symbol=TECHM/part-050443_354697-010974.parquet,real_data_sample\l2_unseen_validation\trade_date=2026-07-17\exchange=NSE\symbol=TECHM\part-050443_354697-010974.parquet,35687,downloaded,35687,
2026-07-17,NSE,TECHM,raw_l2/trade_date=2026-07-17/exchange=NSE/symbol=TECHM/part-050607_217783-011166.parquet,real_data_sample\l2_unseen_validation\trade_date=2026-07-17\exchange=NSE\symbol=TECHM\part-050607_217783-011166.parquet,36533,downloaded,36533,
2026-07-17,NSE,TECHM,raw_l2/trade_date=2026-07-17/exchange=NSE/symbol=TECHM/part-050553_065725-011134.parquet,real_data_sample\l2_unseen_validation\trade_date=2026-07-17\exchange=NSE\symbol=TECHM\part-050553_065725-011134.parquet,36383,downloaded,36383,
2026-07-17,NSE,TECHM,raw_l2/trade_date=2026-07-17/exchange=NSE/symbol=TECHM/part-050511_244600-011038.parquet,real_data_sample\l2_unseen_validation\trade_date=2026-07-17\exchange=NSE\symbol=TECHM\part-050511_244600-011038.parquet,36277,downloaded,36277,
2026-07-17,NSE,TECHM,raw_l2/trade_date=2026-07-17/exchange=NSE/symbol=TECHM/part-050347_046267-010846.parquet,real_data_sample\l2_unseen_validation\trade_date=2026-07-17\exchange=NSE\symbol=TECHM\part-050347_046267-010846.parquet,36365,downloaded,36365,
2026-07-17,NSE,TECHM,raw_l2/trade_date=2026-07-17/exchange=NSE/symbol=TECHM/part-050319_022806-010782.parquet,real_data_sample\l2_unseen_validation\trade_date=2026-07-17\exchange=NSE\symbol=TECHM\part-050319_022806-010782.parquet,36476,downloaded,36476,
2026-07-17,NSE,TECHM,raw_l2/trade_date=2026-07-17/exchange=NSE/symbol=TECHM/part-050923_392388-011614.parquet,real_data_sample\l2_unseen_validation\trade_date=2026-07-17\exchange=NSE\symbol=TECHM\part-050923_392388-011614.parquet,35966,downloaded,35966,
2026-07-17,NSE,TECHM,raw_l2/trade_date=2026-07-17/exchange=NSE/symbol=TECHM/part-050827_991879-011486.parquet,real_data_sample\l2_unseen_validation\trade_date=2026-07-17\exchange=NSE\symbol=TECHM\part-050827_991879-011486.parquet,35753,downloaded,35753,
2026-07-17,NSE,TECHM,raw_l2/trade_date=2026-07-17/exchange=NSE/symbol=TECHM/part-050718_941290-011326.parquet,real_data_sample\l2_unseen_validation\trade_date=2026-07-17\exchange=NSE\symbol=TECHM\part-050718_941290-011326.parquet,36251,downloaded,36251,
2026-07-17,NSE,TECHM,raw_l2/trade_date=2026-07-17/exchange=NSE/symbol=TECHM/part-050650_649806-011262.parquet,real_data_sample\l2_unseen_validation\trade_date=2026-07-17\exchange=NSE\symbol=TECHM\part-050650_649806-011262.parquet,36291,downloaded,36291,
2026-07-17,NSE,TECHM,raw_l2/trade_date=2026-07-17/exchange=NSE/symbol=TECHM/part-050621_868027-011198.parquet,real_data_sample\l2_unseen_validation\trade_date=2026-07-17\exchange=NSE\symbol=TECHM\part-050621_868027-011198.parquet,36408,downloaded,36408,
2026-07-17,NSE,TECHM,raw_l2/trade_date=2026-07-17/exchange=NSE/symbol=TECHM/part-050304_595424-010750.parquet,real_data_sample\l2_unseen_validation\trade_date=2026-07-17\exchange=NSE\symbol=TECHM\part-050304_595424-010750.parquet,36338,downloaded,36338,
2026-07-17,NSE,TECHM,raw_l2/trade_date=2026-07-17/exchange=NSE/symbol=TECHM/part-050950_899373-011678.parquet,real_data_sample\l2_unseen_validation\trade_date=2026-07-17\exchange=NSE\symbol=TECHM\part-050950_899373-011678.parquet,36779,downloaded,36779,
2026-07-17,NSE,TECHM,raw_l2/trade_date=2026-07-17/exchange=NSE/symbol=TECHM/part-051100_163346-011838.parquet,real_data_sample\l2_unseen_validation\trade_date=2026-07-17\exchange=NSE\symbol=TECHM\part-051100_163346-011838.parquet,35812,downloaded,35812,
2026-07-17,NSE,TECHM,raw_l2/trade_date=2026-07-17/exchange=NSE/symbol=TECHM/part-050636_493781-011230.parquet,real_data_sample\l2_unseen_validation\trade_date=2026-07-17\exchange=NSE\symbol=TECHM\part-050636_493781-011230.parquet,36562,downloaded,36562,
2026-07-17,NSE,TECHM,raw_l2/trade_date=2026-07-17/exchange=NSE/symbol=TECHM/part-050704_665914-011294.parquet,real_data_sample\l2_unseen_validation\trade_date=2026-07-17\exchange=NSE\symbol=TECHM\part-050704_665914-011294.parquet,36064,downloaded,36064,
2026-07-17,NSE,TECHM,raw_l2/trade_date=2026-07-17/exchange=NSE/symbol=TECHM/part-050909_537544-011582.parquet,real_data_sample\l2_unseen_validation\trade_date=2026-07-17\exchange=NSE\symbol=TECHM\part-050909_537544-011582.parquet,36339,downloaded,36339,
2026-07-17,NSE,TECHM,raw_l2/trade_date=2026-07-17/exchange=NSE/symbol=TECHM/part-050732_795462-011358.parquet,real_data_sample\l2_unseen_validation\trade_date=2026-07-17\exchange=NSE\symbol=TECHM\part-050732_795462-011358.parquet,35884,downloaded,35884,
2026-07-17,NSE,TECHM,raw_l2/trade_date=2026-07-17/exchange=NSE/symbol=TECHM/part-051114_003432-011870.parquet,real_data_sample\l2_unseen_validation\trade_date=2026-07-17\exchange=NSE\symbol=TECHM\part-051114_003432-011870.parquet,36259,downloaded,36259,
2026-07-17,NSE,TECHM,raw_l2/trade_date=2026-07-17/exchange=NSE/symbol=TECHM/part-051046_375240-011806.parquet,real_data_sample\l2_unseen_validation\trade_date=2026-07-17\exchange=NSE\symbol=TECHM\part-051046_375240-011806.parquet,35821,downloaded,35821,
2026-07-17,NSE,TECHM,raw_l2/trade_date=2026-07-17/exchange=NSE/symbol=TECHM/part-050814_218353-011454.parquet,real_data_sample\l2_unseen_validation\trade_date=2026-07-17\exchange=NSE\symbol=TECHM\part-050814_218353-011454.parquet,35742,downloaded,35742,
2026-07-17,NSE,TECHM,raw_l2/trade_date=2026-07-17/exchange=NSE/symbol=TECHM/part-050800_458949-011422.parquet,real_data_sample\l2_unseen_validation\trade_date=2026-07-17\exchange=NSE\symbol=TECHM\part-050800_458949-011422.parquet,36222,downloaded,36222,
2026-07-17,NSE,TECHM,raw_l2/trade_date=2026-07-17/exchange=NSE/symbol=TECHM/part-051018_625148-011742.parquet,real_data_sample\l2_unseen_validation\trade_date=2026-07-17\exchange=NSE\symbol=TECHM\part-051018_625148-011742.parquet,35789,downloaded,35789,
2026-07-17,NSE,TECHM,raw_l2/trade_date=2026-07-17/exchange=NSE/symbol=TECHM/part-050841_802455-011518.parquet,real_data_sample\l2_unseen_validation\trade_date=2026-07-17\exchange=NSE\symbol=TECHM\part-050841_802455-011518.parquet,35698,downloaded,35698,
2026-07-17,NSE,TECHM,raw_l2/trade_date=2026-07-17/exchange=NSE/symbol=TECHM/part-050937_194005-011646.parquet,real_data_sample\l2_unseen_validation\trade_date=2026-07-17\exchange=NSE\symbol=TECHM\part-050937_194005-011646.parquet,36167,downloaded,36167,
2026-07-17,NSE,TECHM,raw_l2/trade_date=2026-07-17/exchange=NSE/symbol=TECHM/part-050855_578173-011550.parquet,real_data_sample\l2_unseen_validation\trade_date=2026-07-17\exchange=NSE\symbol=TECHM\part-050855_578173-011550.parquet,36065,downloaded,36065,
2026-07-17,NSE,TECHM,raw_l2/trade_date=2026-07-17/exchange=NSE/symbol=TECHM/part-051032_566893-011774.parquet,real_data_sample\l2_unseen_validation\trade_date=2026-07-17\exchange=NSE\symbol=TECHM\part-051032_566893-011774.parquet,35870,downloaded,35870,
2026-07-17,NSE,TECHM,raw_l2/trade_date=2026-07-17/exchange=NSE/symbol=TECHM/part-051128_207704-011902.parquet,real_data_sample\l2_unseen_validation\trade_date=2026-07-17\exchange=NSE\symbol=TECHM\part-051128_207704-011902.parquet,36229,downloaded,36229,
2026-07-17,NSE,TECHM,raw_l2/trade_date=2026-07-17/exchange=NSE/symbol=TECHM/part-051156_139272-011966.parquet,real_data_sample\l2_unseen_validation\trade_date=2026-07-17\exchange=NSE\symbol=TECHM\part-051156_139272-011966.parquet,36156,downloaded,36156,
2026-07-17,NSE,TECHM,raw_l2/trade_date=2026-07-17/exchange=NSE/symbol=TECHM/part-051142_271870-011934.parquet,real_data_sample\l2_unseen_validation\trade_date=2026-07-17\exchange=NSE\symbol=TECHM\part-051142_271870-011934.parquet,36164,downloaded,36164,
2026-07-17,NSE,TECHM,raw_l2/trade_date=2026-07-17/exchange=NSE/symbol=TECHM/part-051210_175537-011998.parquet,real_data_sample\l2_unseen_validation\trade_date=2026-07-17\exchange=NSE\symbol=TECHM\part-051210_175537-011998.parquet,36032,downloaded,36032,
2026-07-17,NSE,TECHM,raw_l2/trade_date=2026-07-17/exchange=NSE/symbol=TECHM/part-051224_056987-012030.parquet,real_data_sample\l2_unseen_validation\trade_date=2026-07-17\exchange=NSE\symbol=TECHM\part-051224_056987-012030.parquet,36698,downloaded,36698,
2026-07-17,NSE,TECHM,raw_l2/trade_date=2026-07-17/exchange=NSE/symbol=TECHM/part-051251_906101-012094.parquet,real_data_sample\l2_unseen_validation\trade_date=2026-07-17\exchange=NSE\symbol=TECHM\part-051251_906101-012094.parquet,36480,downloaded,36480,
2026-07-17,NSE,TECHM,raw_l2/trade_date=2026-07-17/exchange=NSE/symbol=TECHM/part-051237_904472-012062.parquet,real_data_sample\l2_unseen_validation\trade_date=2026-07-17\exchange=NSE\symbol=TECHM\part-051237_904472-012062.parquet,36306,downloaded,36306,
2026-07-17,NSE,TECHM,raw_l2/trade_date=2026-07-17/exchange=NSE/symbol=TECHM/part-051004_974731-011710.parquet,real_data_sample\l2_unseen_validation\trade_date=2026-07-17\exchange=NSE\symbol=TECHM\part-051004_974731-011710.parquet,36343,downloaded,36343,
2026-07-17,NSE,TECHM,raw_l2/trade_date=2026-07-17/exchange=NSE/symbol=TECHM/part-050746_543787-011390.parquet,real_data_sample\l2_unseen_validation\trade_date=2026-07-17\exchange=NSE\symbol=TECHM\part-050746_543787-011390.parquet,36101,downloaded,36101,
2026-07-17,NSE,TECHM,raw_l2/trade_date=2026-07-17/exchange=NSE/symbol=TECHM/part-051722_907081-012702.parquet,real_data_sample\l2_unseen_validation\trade_date=2026-07-17\exchange=NSE\symbol=TECHM\part-051722_907081-012702.parquet,36552,downloaded,36552,
2026-07-17,NSE,TECHM,raw_l2/trade_date=2026-07-17/exchange=NSE/symbol=TECHM/part-051654_882880-012638.parquet,real_data_sample\l2_unseen_validation\trade_date=2026-07-17\exchange=NSE\symbol=TECHM\part-051654_882880-012638.parquet,35908,downloaded,35908,
2026-07-17,NSE,TECHM,raw_l2/trade_date=2026-07-17/exchange=NSE/symbol=TECHM/part-051335_126574-012190.parquet,real_data_sample\l2_unseen_validation\trade_date=2026-07-17\exchange=NSE\symbol=TECHM\part-051335_126574-012190.parquet,36069,downloaded,36069,
2026-07-17,NSE,TECHM,raw_l2/trade_date=2026-07-17/exchange=NSE/symbol=TECHM/part-051350_342226-012222.parquet,real_data_sample\l2_unseen_validation\trade_date=2026-07-17\exchange=NSE\symbol=TECHM\part-051350_342226-012222.parquet,36622,downloaded,36622,
2026-07-17,NSE,TECHM,raw_l2/trade_date=2026-07-17/exchange=NSE/symbol=TECHM/part-051834_583090-012862.parquet,real_data_sample\l2_unseen_validation\trade_date=2026-07-17\exchange=NSE\symbol=TECHM\part-051834_583090-012862.parquet,35920,downloaded,35920,
2026-07-17,NSE,TECHM,raw_l2/trade_date=2026-07-17/exchange=NSE/symbol=TECHM/part-051305_729721-012126.parquet,real_data_sample\l2_unseen_validation\trade_date=2026-07-17\exchange=NSE\symbol=TECHM\part-051305_729721-012126.parquet,35953,downloaded,35953,
2026-07-17,NSE,TECHM,raw_l2/trade_date=2026-07-17/exchange=NSE/symbol=TECHM/part-051515_572755-012414.parquet,real_data_sample\l2_unseen_validation\trade_date=2026-07-17\exchange=NSE\symbol=TECHM\part-051515_572755-012414.parquet,36124,downloaded,36124,
2026-07-17,NSE,TECHM,raw_l2/trade_date=2026-07-17/exchange=NSE/symbol=TECHM/part-051404_947476-012254.parquet,real_data_sample\l2_unseen_validation\trade_date=2026-07-17\exchange=NSE\symbol=TECHM\part-051404_947476-012254.parquet,36801,downloaded,36801,
2026-07-17,NSE,TECHM,raw_l2/trade_date=2026-07-17/exchange=NSE/symbol=TECHM/part-051529_165656-012446.parquet,real_data_sample\l2_unseen_validation\trade_date=2026-07-17\exchange=NSE\symbol=TECHM\part-051529_165656-012446.parquet,36035,downloaded,36035,
2026-07-17,NSE,TECHM,raw_l2/trade_date=2026-07-17/exchange=NSE/symbol=TECHM/part-051419_983934-012286.parquet,real_data_sample\l2_unseen_validation\trade_date=2026-07-17\exchange=NSE\symbol=TECHM\part-051419_983934-012286.parquet,36203,downloaded,36203,
2026-07-17,NSE,TECHM,raw_l2/trade_date=2026-07-17/exchange=NSE/symbol=TECHM/part-051737_332376-012734.parquet,real_data_sample\l2_unseen_validation\trade_date=2026-07-17\exchange=NSE\symbol=TECHM\part-051737_332376-012734.parquet,36678,downloaded,36678,
2026-07-17,NSE,TECHM,raw_l2/trade_date=2026-07-17/exchange=NSE/symbol=TECHM/part-051434_013827-012318.parquet,real_data_sample\l2_unseen_validation\trade_date=2026-07-17\exchange=NSE\symbol=TECHM\part-051434_013827-012318.parquet,35838,downloaded,35838,
2026-07-17,NSE,TECHM,raw_l2/trade_date=2026-07-17/exchange=NSE/symbol=TECHM/part-051557_921338-012510.parquet,real_data_sample\l2_unseen_validation\trade_date=2026-07-17\exchange=NSE\symbol=TECHM\part-051557_921338-012510.parquet,36021,downloaded,36021,
2026-07-17,NSE,TECHM,raw_l2/trade_date=2026-07-17/exchange=NSE/symbol=TECHM/part-051612_568863-012542.parquet,real_data_sample\l2_unseen_validation\trade_date=2026-07-17\exchange=NSE\symbol=TECHM\part-051612_568863-012542.parquet,36304,downloaded,36304,
2026-07-17,NSE,TECHM,raw_l2/trade_date=2026-07-17/exchange=NSE/symbol=TECHM/part-051543_427412-012478.parquet,real_data_sample\l2_unseen_validation\trade_date=2026-07-17\exchange=NSE\symbol=TECHM\part-051543_427412-012478.parquet,35865,downloaded,35865,
2026-07-17,NSE,TECHM,raw_l2/trade_date=2026-07-17/exchange=NSE/symbol=TECHM/part-051820_522723-012830.parquet,real_data_sample\l2_unseen_validation\trade_date=2026-07-17\exchange=NSE\symbol=TECHM\part-051820_522723-012830.parquet,36277,downloaded,36277,
2026-07-17,NSE,TECHM,raw_l2/trade_date=2026-07-17/exchange=NSE/symbol=TECHM/part-051626_586158-012574.parquet,real_data_sample\l2_unseen_validation\trade_date=2026-07-17\exchange=NSE\symbol=TECHM\part-051626_586158-012574.parquet,36288,downloaded,36288,
2026-07-17,NSE,TECHM,raw_l2/trade_date=2026-07-17/exchange=NSE/symbol=TECHM/part-051501_756139-012382.parquet,real_data_sample\l2_unseen_validation\trade_date=2026-07-17\exchange=NSE\symbol=TECHM\part-051501_756139-012382.parquet,35902,downloaded,35902,
2026-07-17,NSE,TECHM,raw_l2/trade_date=2026-07-17/exchange=NSE/symbol=TECHM/part-051805_858227-012798.parquet,real_data_sample\l2_unseen_validation\trade_date=2026-07-17\exchange=NSE\symbol=TECHM\part-051805_858227-012798.parquet,36373,downloaded,36373,
2026-07-17,NSE,TECHM,raw_l2/trade_date=2026-07-17/exchange=NSE/symbol=TECHM/part-051640_870852-012606.parquet,real_data_sample\l2_unseen_validation\trade_date=2026-07-17\exchange=NSE\symbol=TECHM\part-051640_870852-012606.parquet,36482,downloaded,36482,
2026-07-17,NSE,TECHM,raw_l2/trade_date=2026-07-17/exchange=NSE/symbol=TECHM/part-051752_024051-012766.parquet,real_data_sample\l2_unseen_validation\trade_date=2026-07-17\exchange=NSE\symbol=TECHM\part-051752_024051-012766.parquet,36535,downloaded,36535,
2026-07-17,NSE,TECHM,raw_l2/trade_date=2026-07-17/exchange=NSE/symbol=TECHM/part-051945_376851-013022.parquet,real_data_sample\l2_unseen_validation\trade_date=2026-07-17\exchange=NSE\symbol=TECHM\part-051945_376851-013022.parquet,36161,downloaded,36161,
2026-07-17,NSE,TECHM,raw_l2/trade_date=2026-07-17/exchange=NSE/symbol=TECHM/part-051931_563945-012990.parquet,real_data_sample\l2_unseen_validation\trade_date=2026-07-17\exchange=NSE\symbol=TECHM\part-051931_563945-012990.parquet,35623,downloaded,35623,
2026-07-17,NSE,TECHM,raw_l2/trade_date=2026-07-17/exchange=NSE/symbol=TECHM/part-051709_058385-012670.parquet,real_data_sample\l2_unseen_validation\trade_date=2026-07-17\exchange=NSE\symbol=TECHM\part-051709_058385-012670.parquet,36092,downloaded,36092,
2026-07-17,NSE,TECHM,raw_l2/trade_date=2026-07-17/exchange=NSE/symbol=TECHM/part-051903_684278-012926.parquet,real_data_sample\l2_unseen_validation\trade_date=2026-07-17\exchange=NSE\symbol=TECHM\part-051903_684278-012926.parquet,36512,downloaded,36512,
2026-07-17,NSE,TECHM,raw_l2/trade_date=2026-07-17/exchange=NSE/symbol=TECHM/part-051959_363160-013054.parquet,real_data_sample\l2_unseen_validation\trade_date=2026-07-17\exchange=NSE\symbol=TECHM\part-051959_363160-013054.parquet,36161,downloaded,36161,
2026-07-17,NSE,TECHM,raw_l2/trade_date=2026-07-17/exchange=NSE/symbol=TECHM/part-051917_849963-012958.parquet,real_data_sample\l2_unseen_validation\trade_date=2026-07-17\exchange=NSE\symbol=TECHM\part-051917_849963-012958.parquet,35985,downloaded,35985,
2026-07-17,NSE,TECHM,raw_l2/trade_date=2026-07-17/exchange=NSE/symbol=TECHM/part-051849_060589-012894.parquet,real_data_sample\l2_unseen_validation\trade_date=2026-07-17\exchange=NSE\symbol=TECHM\part-051849_060589-012894.parquet,36047,downloaded,36047,
2026-07-17,NSE,TECHM,raw_l2/trade_date=2026-07-17/exchange=NSE/symbol=TECHM/part-051447_878660-012350.parquet,real_data_sample\l2_unseen_validation\trade_date=2026-07-17\exchange=NSE\symbol=TECHM\part-051447_878660-012350.parquet,36346,downloaded,36346,
2026-07-17,NSE,TECHM,raw_l2/trade_date=2026-07-17/exchange=NSE/symbol=TECHM/part-051320_592457-012158.parquet,real_data_sample\l2_unseen_validation\trade_date=2026-07-17\exchange=NSE\symbol=TECHM\part-051320_592457-012158.parquet,35949,downloaded,35949,
2026-07-17,NSE,TECHM,raw_l2/trade_date=2026-07-17/exchange=NSE/symbol=TECHM/part-052040_562603-013150.parquet,real_data_sample\l2_unseen_validation\trade_date=2026-07-17\exchange=NSE\symbol=TECHM\part-052040_562603-013150.parquet,35822,downloaded,35822,
2026-07-17,NSE,TECHM,raw_l2/trade_date=2026-07-17/exchange=NSE/symbol=TECHM/part-052327_856694-013534.parquet,real_data_sample\l2_unseen_validation\trade_date=2026-07-17\exchange=NSE\symbol=TECHM\part-052327_856694-013534.parquet,34789,downloaded,34789,
2026-07-17,NSE,TECHM,raw_l2/trade_date=2026-07-17/exchange=NSE/symbol=TECHM/part-052356_009599-013598.parquet,real_data_sample\l2_unseen_validation\trade_date=2026-07-17\exchange=NSE\symbol=TECHM\part-052356_009599-013598.parquet,34732,downloaded,34732,
2026-07-17,NSE,TECHM,raw_l2/trade_date=2026-07-17/exchange=NSE/symbol=TECHM/part-052203_868610-013342.parquet,real_data_sample\l2_unseen_validation\trade_date=2026-07-17\exchange=NSE\symbol=TECHM\part-052203_868610-013342.parquet,36021,downloaded,36021,
2026-07-17,NSE,TECHM,raw_l2/trade_date=2026-07-17/exchange=NSE/symbol=TECHM/part-052135_851894-013278.parquet,real_data_sample\l2_unseen_validation\trade_date=2026-07-17\exchange=NSE\symbol=TECHM\part-052135_851894-013278.parquet,36217,downloaded,36217,
2026-07-17,NSE,TECHM,raw_l2/trade_date=2026-07-17/exchange=NSE/symbol=TECHM/part-052122_086004-013246.parquet,real_data_sample\l2_unseen_validation\trade_date=2026-07-17\exchange=NSE\symbol=TECHM\part-052122_086004-013246.parquet,36216,downloaded,36216,
2026-07-17,NSE,TECHM,raw_l2/trade_date=2026-07-17/exchange=NSE/symbol=TECHM/part-052054_308786-013182.parquet,real_data_sample\l2_unseen_validation\trade_date=2026-07-17\exchange=NSE\symbol=TECHM\part-052054_308786-013182.parquet,35945,downloaded,35945,
2026-07-17,NSE,TECHM,raw_l2/trade_date=2026-07-17/exchange=NSE/symbol=TECHM/part-052149_864748-013310.parquet,real_data_sample\l2_unseen_validation\trade_date=2026-07-17\exchange=NSE\symbol=TECHM\part-052149_864748-013310.parquet,36369,downloaded,36369,
2026-07-17,NSE,TECHM,raw_l2/trade_date=2026-07-17/exchange=NSE/symbol=TECHM/part-052108_098065-013214.parquet,real_data_sample\l2_unseen_validation\trade_date=2026-07-17\exchange=NSE\symbol=TECHM\part-052108_098065-013214.parquet,35972,downloaded,35972,
2026-07-17,NSE,TECHM,raw_l2/trade_date=2026-07-17/exchange=NSE/symbol=TECHM/part-052026_748933-013118.parquet,real_data_sample\l2_unseen_validation\trade_date=2026-07-17\exchange=NSE\symbol=TECHM\part-052026_748933-013118.parquet,36098,downloaded,36098,
2026-07-17,NSE,TECHM,raw_l2/trade_date=2026-07-17/exchange=NSE/symbol=TECHM/part-052341_990064-013566.parquet,real_data_sample\l2_unseen_validation\trade_date=2026-07-17\exchange=NSE\symbol=TECHM\part-052341_990064-013566.parquet,34970,downloaded,34970,
2026-07-17,NSE,TECHM,raw_l2/trade_date=2026-07-17/exchange=NSE/symbol=TECHM/part-052423_943777-013662.parquet,real_data_sample\l2_unseen_validation\trade_date=2026-07-17\exchange=NSE\symbol=TECHM\part-052423_943777-013662.parquet,34826,downloaded,34826,
2026-07-17,NSE,TECHM,raw_l2/trade_date=2026-07-17/exchange=NSE/symbol=TECHM/part-052409_877064-013630.parquet,real_data_sample\l2_unseen_validation\trade_date=2026-07-17\exchange=NSE\symbol=TECHM\part-052409_877064-013630.parquet,34691,downloaded,34691,
2026-07-17,NSE,TECHM,raw_l2/trade_date=2026-07-17/exchange=NSE/symbol=TECHM/part-052259_892733-013470.parquet,real_data_sample\l2_unseen_validation\trade_date=2026-07-17\exchange=NSE\symbol=TECHM\part-052259_892733-013470.parquet,36199,downloaded,36199,
2026-07-17,NSE,TECHM,raw_l2/trade_date=2026-07-17/exchange=NSE/symbol=TECHM/part-052313_921649-013502.parquet,real_data_sample\l2_unseen_validation\trade_date=2026-07-17\exchange=NSE\symbol=TECHM\part-052313_921649-013502.parquet,35746,downloaded,35746,
2026-07-17,NSE,TECHM,raw_l2/trade_date=2026-07-17/exchange=NSE/symbol=TECHM/part-052245_921023-013438.parquet,real_data_sample\l2_unseen_validation\trade_date=2026-07-17\exchange=NSE\symbol=TECHM\part-052245_921023-013438.parquet,35549,downloaded,35549,
2026-07-17,NSE,TECHM,raw_l2/trade_date=2026-07-17/exchange=NSE/symbol=TECHM/part-052218_072384-013374.parquet,real_data_sample\l2_unseen_validation\trade_date=2026-07-17\exchange=NSE\symbol=TECHM\part-052218_072384-013374.parquet,36036,downloaded,36036,
2026-07-17,NSE,TECHM,raw_l2/trade_date=2026-07-17/exchange=NSE/symbol=TECHM/part-052232_064477-013406.parquet,real_data_sample\l2_unseen_validation\trade_date=2026-07-17\exchange=NSE\symbol=TECHM\part-052232_064477-013406.parquet,35859,downloaded,35859,
2026-07-17,NSE,TECHM,raw_l2/trade_date=2026-07-17/exchange=NSE/symbol=TECHM/part-052629_954616-013950.parquet,real_data_sample\l2_unseen_validation\trade_date=2026-07-17\exchange=NSE\symbol=TECHM\part-052629_954616-013950.parquet,36265,downloaded,36265,
2026-07-17,NSE,TECHM,raw_l2/trade_date=2026-07-17/exchange=NSE/symbol=TECHM/part-052644_024438-013982.parquet,real_data_sample\l2_unseen_validation\trade_date=2026-07-17\exchange=NSE\symbol=TECHM\part-052644_024438-013982.parquet,35853,downloaded,35853,
2026-07-17,NSE,TECHM,raw_l2/trade_date=2026-07-17/exchange=NSE/symbol=TECHM/part-052658_229493-014014.parquet,real_data_sample\l2_unseen_validation\trade_date=2026-07-17\exchange=NSE\symbol=TECHM\part-052658_229493-014014.parquet,36405,downloaded,36405,
2026-07-17,NSE,TECHM,raw_l2/trade_date=2026-07-17/exchange=NSE/symbol=TECHM/part-052615_920770-013918.parquet,real_data_sample\l2_unseen_validation\trade_date=2026-07-17\exchange=NSE\symbol=TECHM\part-052615_920770-013918.parquet,36289,downloaded,36289,
2026-07-17,NSE,TECHM,raw_l2/trade_date=2026-07-17/exchange=NSE/symbol=TECHM/part-052547_575380-013854.parquet,real_data_sample\l2_unseen_validation\trade_date=2026-07-17\exchange=NSE\symbol=TECHM\part-052547_575380-013854.parquet,35993,downloaded,35993,
2026-07-17,NSE,TECHM,raw_l2/trade_date=2026-07-17/exchange=NSE/symbol=TECHM/part-052505_540996-013758.parquet,real_data_sample\l2_unseen_validation\trade_date=2026-07-17\exchange=NSE\symbol=TECHM\part-052505_540996-013758.parquet,34906,downloaded,34906,
2026-07-17,NSE,TECHM,raw_l2/trade_date=2026-07-17/exchange=NSE/symbol=TECHM/part-052437_825247-013694.parquet,real_data_sample\l2_unseen_validation\trade_date=2026-07-17\exchange=NSE\symbol=TECHM\part-052437_825247-013694.parquet,34972,downloaded,34972,
2026-07-17,NSE,TECHM,raw_l2/trade_date=2026-07-17/exchange=NSE/symbol=TECHM/part-052451_630231-013726.parquet,real_data_sample\l2_unseen_validation\trade_date=2026-07-17\exchange=NSE\symbol=TECHM\part-052451_630231-013726.parquet,34917,downloaded,34917,
2026-07-17,NSE,TECHM,raw_l2/trade_date=2026-07-17/exchange=NSE/symbol=TECHM/part-052533_425951-013822.parquet,real_data_sample\l2_unseen_validation\trade_date=2026-07-17\exchange=NSE\symbol=TECHM\part-052533_425951-013822.parquet,36057,downloaded,36057,
2026-07-17,NSE,TECHM,raw_l2/trade_date=2026-07-17/exchange=NSE/symbol=TECHM/part-052601_621021-013886.parquet,real_data_sample\l2_unseen_validation\trade_date=2026-07-17\exchange=NSE\symbol=TECHM\part-052601_621021-013886.parquet,36247,downloaded,36247,
2026-07-17,NSE,TECHM,raw_l2/trade_date=2026-07-17/exchange=NSE/symbol=TECHM/part-052519_332944-013790.parquet,real_data_sample\l2_unseen_validation\trade_date=2026-07-17\exchange=NSE\symbol=TECHM\part-052519_332944-013790.parquet,35383,downloaded,35383,
2026-07-17,NSE,TECHM,raw_l2/trade_date=2026-07-17/exchange=NSE/symbol=TECHM/part-052740_173188-014110.parquet,real_data_sample\l2_unseen_validation\trade_date=2026-07-17\exchange=NSE\symbol=TECHM\part-052740_173188-014110.parquet,36713,downloaded,36713,
2026-07-17,NSE,TECHM,raw_l2/trade_date=2026-07-17/exchange=NSE/symbol=TECHM/part-052850_645295-014270.parquet,real_data_sample\l2_unseen_validation\trade_date=2026-07-17\exchange=NSE\symbol=TECHM\part-052850_645295-014270.parquet,36138,downloaded,36138,
2026-07-17,NSE,TECHM,raw_l2/trade_date=2026-07-17/exchange=NSE/symbol=TECHM/part-052932_678611-014366.parquet,real_data_sample\l2_unseen_validation\trade_date=2026-07-17\exchange=NSE\symbol=TECHM\part-052932_678611-014366.parquet,35795,downloaded,35795,
2026-07-17,NSE,TECHM,raw_l2/trade_date=2026-07-17/exchange=NSE/symbol=TECHM/part-052918_731831-014334.parquet,real_data_sample\l2_unseen_validation\trade_date=2026-07-17\exchange=NSE\symbol=TECHM\part-052918_731831-014334.parquet,35782,downloaded,35782,
2026-07-17,NSE,TECHM,raw_l2/trade_date=2026-07-17/exchange=NSE/symbol=TECHM/part-052807_989652-014174.parquet,real_data_sample\l2_unseen_validation\trade_date=2026-07-17\exchange=NSE\symbol=TECHM\part-052807_989652-014174.parquet,36048,downloaded,36048,
2026-07-17,NSE,TECHM,raw_l2/trade_date=2026-07-17/exchange=NSE/symbol=TECHM/part-052754_110293-014142.parquet,real_data_sample\l2_unseen_validation\trade_date=2026-07-17\exchange=NSE\symbol=TECHM\part-052754_110293-014142.parquet,36044,downloaded,36044,
2026-07-17,NSE,TECHM,raw_l2/trade_date=2026-07-17/exchange=NSE/symbol=TECHM/part-052836_267489-014238.parquet,real_data_sample\l2_unseen_validation\trade_date=2026-07-17\exchange=NSE\symbol=TECHM\part-052836_267489-014238.parquet,35752,downloaded,35752,
2026-07-17,NSE,TECHM,raw_l2/trade_date=2026-07-17/exchange=NSE/symbol=TECHM/part-052822_153044-014206.parquet,real_data_sample\l2_unseen_validation\trade_date=2026-07-17\exchange=NSE\symbol=TECHM\part-052822_153044-014206.parquet,36197,downloaded,36197,
2026-07-17,NSE,TECHM,raw_l2/trade_date=2026-07-17/exchange=NSE/symbol=TECHM/part-052904_852702-014302.parquet,real_data_sample\l2_unseen_validation\trade_date=2026-07-17\exchange=NSE\symbol=TECHM\part-052904_852702-014302.parquet,35972,downloaded,35972,
2026-07-17,NSE,TECHM,raw_l2/trade_date=2026-07-17/exchange=NSE/symbol=TECHM/part-053044_233205-014526.parquet,real_data_sample\l2_unseen_validation\trade_date=2026-07-17\exchange=NSE\symbol=TECHM\part-053044_233205-014526.parquet,34788,downloaded,34788,
2026-07-17,NSE,TECHM,raw_l2/trade_date=2026-07-17/exchange=NSE/symbol=TECHM/part-052712_289105-014046.parquet,real_data_sample\l2_unseen_validation\trade_date=2026-07-17\exchange=NSE\symbol=TECHM\part-052712_289105-014046.parquet,36270,downloaded,36270,
2026-07-17,NSE,TECHM,raw_l2/trade_date=2026-07-17/exchange=NSE/symbol=TECHM/part-053237_210902-014782.parquet,real_data_sample\l2_unseen_validation\trade_date=2026-07-17\exchange=NSE\symbol=TECHM\part-053237_210902-014782.parquet,34723,downloaded,34723,
2026-07-17,NSE,TECHM,raw_l2/trade_date=2026-07-17/exchange=NSE/symbol=TECHM/part-052946_691798-014398.parquet,real_data_sample\l2_unseen_validation\trade_date=2026-07-17\exchange=NSE\symbol=TECHM\part-052946_691798-014398.parquet,35836,downloaded,35836,
2026-07-17,NSE,TECHM,raw_l2/trade_date=2026-07-17/exchange=NSE/symbol=TECHM/part-053141_114696-014654.parquet,real_data_sample\l2_unseen_validation\trade_date=2026-07-17\exchange=NSE\symbol=TECHM\part-053141_114696-014654.parquet,35681,downloaded,35681,
2026-07-17,NSE,TECHM,raw_l2/trade_date=2026-07-17/exchange=NSE/symbol=TECHM/part-053223_219136-014750.parquet,real_data_sample\l2_unseen_validation\trade_date=2026-07-17\exchange=NSE\symbol=TECHM\part-053223_219136-014750.parquet,35000,downloaded,35000,
2026-07-17,NSE,TECHM,raw_l2/trade_date=2026-07-17/exchange=NSE/symbol=TECHM/part-053443_080818-015070.parquet,real_data_sample\l2_unseen_validation\trade_date=2026-07-17\exchange=NSE\symbol=TECHM\part-053443_080818-015070.parquet,34612,downloaded,34612,
2026-07-17,NSE,TECHM,raw_l2/trade_date=2026-07-17/exchange=NSE/symbol=TECHM/part-053251_215819-014814.parquet,real_data_sample\l2_unseen_validation\trade_date=2026-07-17\exchange=NSE\symbol=TECHM\part-053251_215819-014814.parquet,34818,downloaded,34818,
2026-07-17,NSE,TECHM,raw_l2/trade_date=2026-07-17/exchange=NSE/symbol=TECHM/part-053333_559279-014910.parquet,real_data_sample\l2_unseen_validation\trade_date=2026-07-17\exchange=NSE\symbol=TECHM\part-053333_559279-014910.parquet,34578,downloaded,34578,
2026-07-17,NSE,TECHM,raw_l2/trade_date=2026-07-17/exchange=NSE/symbol=TECHM/part-053127_173966-014622.parquet,real_data_sample\l2_unseen_validation\trade_date=2026-07-17\exchange=NSE\symbol=TECHM\part-053127_173966-014622.parquet,36108,downloaded,36108,
2026-07-17,NSE,TECHM,raw_l2/trade_date=2026-07-17/exchange=NSE/symbol=TECHM/part-053016_077869-014462.parquet,real_data_sample\l2_unseen_validation\trade_date=2026-07-17\exchange=NSE\symbol=TECHM\part-053016_077869-014462.parquet,35195,downloaded,35195,
2026-07-17,NSE,TECHM,raw_l2/trade_date=2026-07-17/exchange=NSE/symbol=TECHM/part-053154_887890-014686.parquet,real_data_sample\l2_unseen_validation\trade_date=2026-07-17\exchange=NSE\symbol=TECHM\part-053154_887890-014686.parquet,35662,downloaded,35662,
2026-07-17,NSE,TECHM,raw_l2/trade_date=2026-07-17/exchange=NSE/symbol=TECHM/part-053209_229794-014718.parquet,real_data_sample\l2_unseen_validation\trade_date=2026-07-17\exchange=NSE\symbol=TECHM\part-053209_229794-014718.parquet,35444,downloaded,35444,
2026-07-17,NSE,TECHM,raw_l2/trade_date=2026-07-17/exchange=NSE/symbol=TECHM/part-053456_672428-015102.parquet,real_data_sample\l2_unseen_validation\trade_date=2026-07-17\exchange=NSE\symbol=TECHM\part-053456_672428-015102.parquet,34856,downloaded,34856,
2026-07-17,NSE,TECHM,raw_l2/trade_date=2026-07-17/exchange=NSE/symbol=TECHM/part-053429_305585-015038.parquet,real_data_sample\l2_unseen_validation\trade_date=2026-07-17\exchange=NSE\symbol=TECHM\part-053429_305585-015038.parquet,34747,downloaded,34747,
2026-07-17,NSE,TECHM,raw_l2/trade_date=2026-07-17/exchange=NSE/symbol=TECHM/part-053030_323505-014494.parquet,real_data_sample\l2_unseen_validation\trade_date=2026-07-17\exchange=NSE\symbol=TECHM\part-053030_323505-014494.parquet,34877,downloaded,34877,
2026-07-17,NSE,TECHM,raw_l2/trade_date=2026-07-17/exchange=NSE/symbol=TECHM/part-053305_323516-014846.parquet,real_data_sample\l2_unseen_validation\trade_date=2026-07-17\exchange=NSE\symbol=TECHM\part-053305_323516-014846.parquet,34715,downloaded,34715,
2026-07-17,NSE,TECHM,raw_l2/trade_date=2026-07-17/exchange=NSE/symbol=TECHM/part-053415_591056-015006.parquet,real_data_sample\l2_unseen_validation\trade_date=2026-07-17\exchange=NSE\symbol=TECHM\part-053415_591056-015006.parquet,34813,downloaded,34813,
2026-07-17,NSE,TECHM,raw_l2/trade_date=2026-07-17/exchange=NSE/symbol=TECHM/part-053510_767100-015134.parquet,real_data_sample\l2_unseen_validation\trade_date=2026-07-17\exchange=NSE\symbol=TECHM\part-053510_767100-015134.parquet,34881,downloaded,34881,
2026-07-17,NSE,TECHM,raw_l2/trade_date=2026-07-17/exchange=NSE/symbol=TECHM/part-053319_413460-014878.parquet,real_data_sample\l2_unseen_validation\trade_date=2026-07-17\exchange=NSE\symbol=TECHM\part-053319_413460-014878.parquet,34718,downloaded,34718,
2026-07-17,NSE,TECHM,raw_l2/trade_date=2026-07-17/exchange=NSE/symbol=TECHM/part-053000_830974-014430.parquet,real_data_sample\l2_unseen_validation\trade_date=2026-07-17\exchange=NSE\symbol=TECHM\part-053000_830974-014430.parquet,35608,downloaded,35608,
2026-07-17,NSE,TECHM,raw_l2/trade_date=2026-07-17/exchange=NSE/symbol=TECHM/part-053112_987622-014590.parquet,real_data_sample\l2_unseen_validation\trade_date=2026-07-17\exchange=NSE\symbol=TECHM\part-053112_987622-014590.parquet,34783,downloaded,34783,
2026-07-17,NSE,TECHM,raw_l2/trade_date=2026-07-17/exchange=NSE/symbol=TECHM/part-053058_222497-014558.parquet,real_data_sample\l2_unseen_validation\trade_date=2026-07-17\exchange=NSE\symbol=TECHM\part-053058_222497-014558.parquet,34699,downloaded,34699,
2026-07-17,NSE,TECHM,raw_l2/trade_date=2026-07-17/exchange=NSE/symbol=TECHM/part-053401_514236-014974.parquet,real_data_sample\l2_unseen_validation\trade_date=2026-07-17\exchange=NSE\symbol=TECHM\part-053401_514236-014974.parquet,34932,downloaded,34932,
2026-07-17,NSE,TECHM,raw_l2/trade_date=2026-07-17/exchange=NSE/symbol=TECHM/part-052726_263723-014078.parquet,real_data_sample\l2_unseen_validation\trade_date=2026-07-17\exchange=NSE\symbol=TECHM\part-052726_263723-014078.parquet,36056,downloaded,36056,
2026-07-17,NSE,TECHM,raw_l2/trade_date=2026-07-17/exchange=NSE/symbol=TECHM/part-053347_324198-014942.parquet,real_data_sample\l2_unseen_validation\trade_date=2026-07-17\exchange=NSE\symbol=TECHM\part-053347_324198-014942.parquet,34719,downloaded,34719,
2026-07-17,NSE,TECHM,raw_l2/trade_date=2026-07-17/exchange=NSE/symbol=TECHM/part-053620_170955-015294.parquet,real_data_sample\l2_unseen_validation\trade_date=2026-07-17\exchange=NSE\symbol=TECHM\part-053620_170955-015294.parquet,35285,downloaded,35285,
2026-07-17,NSE,TECHM,raw_l2/trade_date=2026-07-17/exchange=NSE/symbol=TECHM/part-053538_461514-015198.parquet,real_data_sample\l2_unseen_validation\trade_date=2026-07-17\exchange=NSE\symbol=TECHM\part-053538_461514-015198.parquet,35496,downloaded,35496,
2026-07-17,NSE,TECHM,raw_l2/trade_date=2026-07-17/exchange=NSE/symbol=TECHM/part-053552_349715-015230.parquet,real_data_sample\l2_unseen_validation\trade_date=2026-07-17\exchange=NSE\symbol=TECHM\part-053552_349715-015230.parquet,35710,downloaded,35710,
2026-07-17,NSE,TECHM,raw_l2/trade_date=2026-07-17/exchange=NSE/symbol=TECHM/part-053524_706409-015166.parquet,real_data_sample\l2_unseen_validation\trade_date=2026-07-17\exchange=NSE\symbol=TECHM\part-053524_706409-015166.parquet,35670,downloaded,35670,
2026-07-17,NSE,TECHM,raw_l2/trade_date=2026-07-17/exchange=NSE/symbol=TECHM/part-053606_150009-015262.parquet,real_data_sample\l2_unseen_validation\trade_date=2026-07-17\exchange=NSE\symbol=TECHM\part-053606_150009-015262.parquet,35758,downloaded,35758,
2026-07-17,NSE,TECHM,raw_l2/trade_date=2026-07-17/exchange=NSE/symbol=TECHM/part-053634_394986-015326.parquet,real_data_sample\l2_unseen_validation\trade_date=2026-07-17\exchange=NSE\symbol=TECHM\part-053634_394986-015326.parquet,34690,downloaded,34690,
2026-07-17,NSE,TECHM,raw_l2/trade_date=2026-07-17/exchange=NSE/symbol=TECHM/part-053935_561299-015742.parquet,real_data_sample\l2_unseen_validation\trade_date=2026-07-17\exchange=NSE\symbol=TECHM\part-053935_561299-015742.parquet,34747,downloaded,34747,
2026-07-17,NSE,TECHM,raw_l2/trade_date=2026-07-17/exchange=NSE/symbol=TECHM/part-053730_031131-015454.parquet,real_data_sample\l2_unseen_validation\trade_date=2026-07-17\exchange=NSE\symbol=TECHM\part-053730_031131-015454.parquet,34764,downloaded,34764,
2026-07-17,NSE,TECHM,raw_l2/trade_date=2026-07-17/exchange=NSE/symbol=TECHM/part-053757_783064-015518.parquet,real_data_sample\l2_unseen_validation\trade_date=2026-07-17\exchange=NSE\symbol=TECHM\part-053757_783064-015518.parquet,34718,downloaded,34718,
2026-07-17,NSE,TECHM,raw_l2/trade_date=2026-07-17/exchange=NSE/symbol=TECHM/part-053839_877717-015614.parquet,real_data_sample\l2_unseen_validation\trade_date=2026-07-17\exchange=NSE\symbol=TECHM\part-053839_877717-015614.parquet,34838,downloaded,34838,
2026-07-17,NSE,TECHM,raw_l2/trade_date=2026-07-17/exchange=NSE/symbol=TECHM/part-053743_914326-015486.parquet,real_data_sample\l2_unseen_validation\trade_date=2026-07-17\exchange=NSE\symbol=TECHM\part-053743_914326-015486.parquet,34775,downloaded,34775,
2026-07-17,NSE,TECHM,raw_l2/trade_date=2026-07-17/exchange=NSE/symbol=TECHM/part-053825_845355-015582.parquet,real_data_sample\l2_unseen_validation\trade_date=2026-07-17\exchange=NSE\symbol=TECHM\part-053825_845355-015582.parquet,34737,downloaded,34737,
2026-07-17,NSE,TECHM,raw_l2/trade_date=2026-07-17/exchange=NSE/symbol=TECHM/part-053716_271706-015422.parquet,real_data_sample\l2_unseen_validation\trade_date=2026-07-17\exchange=NSE\symbol=TECHM\part-053716_271706-015422.parquet,35026,downloaded,35026,
2026-07-17,NSE,TECHM,raw_l2/trade_date=2026-07-17/exchange=NSE/symbol=TECHM/part-053853_810695-015646.parquet,real_data_sample\l2_unseen_validation\trade_date=2026-07-17\exchange=NSE\symbol=TECHM\part-053853_810695-015646.parquet,34683,downloaded,34683,
2026-07-17,NSE,TECHM,raw_l2/trade_date=2026-07-17/exchange=NSE/symbol=TECHM/part-053921_690288-015710.parquet,real_data_sample\l2_unseen_validation\trade_date=2026-07-17\exchange=NSE\symbol=TECHM\part-053921_690288-015710.parquet,34815,downloaded,34815,
2026-07-17,NSE,TECHM,raw_l2/trade_date=2026-07-17/exchange=NSE/symbol=TECHM/part-053811_638491-015550.parquet,real_data_sample\l2_unseen_validation\trade_date=2026-07-17\exchange=NSE\symbol=TECHM\part-053811_638491-015550.parquet,34617,downloaded,34617,
2026-07-17,NSE,TECHM,raw_l2/trade_date=2026-07-17/exchange=NSE/symbol=TECHM/part-053907_531046-015678.parquet,real_data_sample\l2_unseen_validation\trade_date=2026-07-17\exchange=NSE\symbol=TECHM\part-053907_531046-015678.parquet,34629,downloaded,34629,
2026-07-17,NSE,TECHM,raw_l2/trade_date=2026-07-17/exchange=NSE/symbol=TECHM/part-053702_266840-015390.parquet,real_data_sample\l2_unseen_validation\trade_date=2026-07-17\exchange=NSE\symbol=TECHM\part-053702_266840-015390.parquet,35054,downloaded,35054,
2026-07-17,NSE,TECHM,raw_l2/trade_date=2026-07-17/exchange=NSE/symbol=TECHM/part-054140_540649-016030.parquet,real_data_sample\l2_unseen_validation\trade_date=2026-07-17\exchange=NSE\symbol=TECHM\part-054140_540649-016030.parquet,34753,downloaded,34753,
2026-07-17,NSE,TECHM,raw_l2/trade_date=2026-07-17/exchange=NSE/symbol=TECHM/part-054126_813576-015998.parquet,real_data_sample\l2_unseen_validation\trade_date=2026-07-17\exchange=NSE\symbol=TECHM\part-054126_813576-015998.parquet,34861,downloaded,34861,
2026-07-17,NSE,TECHM,raw_l2/trade_date=2026-07-17/exchange=NSE/symbol=TECHM/part-054222_310625-016126.parquet,real_data_sample\l2_unseen_validation\trade_date=2026-07-17\exchange=NSE\symbol=TECHM\part-054222_310625-016126.parquet,34729,downloaded,34729,
2026-07-17,NSE,TECHM,raw_l2/trade_date=2026-07-17/exchange=NSE/symbol=TECHM/part-054045_167027-015902.parquet,real_data_sample\l2_unseen_validation\trade_date=2026-07-17\exchange=NSE\symbol=TECHM\part-054045_167027-015902.parquet,34606,downloaded,34606,
2026-07-17,NSE,TECHM,raw_l2/trade_date=2026-07-17/exchange=NSE/symbol=TECHM/part-053949_376092-015774.parquet,real_data_sample\l2_unseen_validation\trade_date=2026-07-17\exchange=NSE\symbol=TECHM\part-053949_376092-015774.parquet,35022,downloaded,35022,
2026-07-17,NSE,TECHM,raw_l2/trade_date=2026-07-17/exchange=NSE/symbol=TECHM/part-054236_122018-016158.parquet,real_data_sample\l2_unseen_validation\trade_date=2026-07-17\exchange=NSE\symbol=TECHM\part-054236_122018-016158.parquet,34797,downloaded,34797,
2026-07-17,NSE,TECHM,raw_l2/trade_date=2026-07-17/exchange=NSE/symbol=TECHM/part-054154_389049-016062.parquet,real_data_sample\l2_unseen_validation\trade_date=2026-07-17\exchange=NSE\symbol=TECHM\part-054154_389049-016062.parquet,34954,downloaded,34954,
2026-07-17,NSE,TECHM,raw_l2/trade_date=2026-07-17/exchange=NSE/symbol=TECHM/part-054017_237688-015838.parquet,real_data_sample\l2_unseen_validation\trade_date=2026-07-17\exchange=NSE\symbol=TECHM\part-054017_237688-015838.parquet,34769,downloaded,34769,
2026-07-17,NSE,TECHM,raw_l2/trade_date=2026-07-17/exchange=NSE/symbol=TECHM/part-054318_049830-016254.parquet,real_data_sample\l2_unseen_validation\trade_date=2026-07-17\exchange=NSE\symbol=TECHM\part-054318_049830-016254.parquet,34837,downloaded,34837,
2026-07-17,NSE,TECHM,raw_l2/trade_date=2026-07-17/exchange=NSE/symbol=TECHM/part-054331_933712-016286.parquet,real_data_sample\l2_unseen_validation\trade_date=2026-07-17\exchange=NSE\symbol=TECHM\part-054331_933712-016286.parquet,34651,downloaded,34651,
2026-07-17,NSE,TECHM,raw_l2/trade_date=2026-07-17/exchange=NSE/symbol=TECHM/part-054003_530138-015806.parquet,real_data_sample\l2_unseen_validation\trade_date=2026-07-17\exchange=NSE\symbol=TECHM\part-054003_530138-015806.parquet,34789,downloaded,34789,
2026-07-17,NSE,TECHM,raw_l2/trade_date=2026-07-17/exchange=NSE/symbol=TECHM/part-054113_106142-015966.parquet,real_data_sample\l2_unseen_validation\trade_date=2026-07-17\exchange=NSE\symbol=TECHM\part-054113_106142-015966.parquet,34713,downloaded,34713,
2026-07-17,NSE,TECHM,raw_l2/trade_date=2026-07-17/exchange=NSE/symbol=TECHM/part-054304_157308-016222.parquet,real_data_sample\l2_unseen_validation\trade_date=2026-07-17\exchange=NSE\symbol=TECHM\part-054304_157308-016222.parquet,34805,downloaded,34805,
2026-07-17,NSE,TECHM,raw_l2/trade_date=2026-07-17/exchange=NSE/symbol=TECHM/part-054250_155404-016190.parquet,real_data_sample\l2_unseen_validation\trade_date=2026-07-17\exchange=NSE\symbol=TECHM\part-054250_155404-016190.parquet,35010,downloaded,35010,
2026-07-17,NSE,TECHM,raw_l2/trade_date=2026-07-17/exchange=NSE/symbol=TECHM/part-054031_287422-015870.parquet,real_data_sample\l2_unseen_validation\trade_date=2026-07-17\exchange=NSE\symbol=TECHM\part-054031_287422-015870.parquet,34632,downloaded,34632,
2026-07-17,NSE,TECHM,raw_l2/trade_date=2026-07-17/exchange=NSE/symbol=TECHM/part-054059_117650-015934.parquet,real_data_sample\l2_unseen_validation\trade_date=2026-07-17\exchange=NSE\symbol=TECHM\part-054059_117650-015934.parquet,34681,downloaded,34681,
2026-07-17,NSE,TECHM,raw_l2/trade_date=2026-07-17/exchange=NSE/symbol=TECHM/part-052013_000874-013086.parquet,real_data_sample\l2_unseen_validation\trade_date=2026-07-17\exchange=NSE\symbol=TECHM\part-052013_000874-013086.parquet,35725,downloaded,35725,
2026-07-17,NSE,TECHM,raw_l2/trade_date=2026-07-17/exchange=NSE/symbol=TECHM/part-053648_292163-015358.parquet,real_data_sample\l2_unseen_validation\trade_date=2026-07-17\exchange=NSE\symbol=TECHM\part-053648_292163-015358.parquet,34691,downloaded,34691,
2026-07-17,NSE,TECHM,raw_l2/trade_date=2026-07-17/exchange=NSE/symbol=TECHM/part-054345_792422-016318.parquet,real_data_sample\l2_unseen_validation\trade_date=2026-07-17\exchange=NSE\symbol=TECHM\part-054345_792422-016318.parquet,34744,downloaded,34744,
2026-07-17,NSE,TECHM,raw_l2/trade_date=2026-07-17/exchange=NSE/symbol=TECHM/part-054359_671795-016350.parquet,real_data_sample\l2_unseen_validation\trade_date=2026-07-17\exchange=NSE\symbol=TECHM\part-054359_671795-016350.parquet,34654,downloaded,34654,
2026-07-17,NSE,TECHM,raw_l2/trade_date=2026-07-17/exchange=NSE/symbol=TECHM/part-054523_037256-016542.parquet,real_data_sample\l2_unseen_validation\trade_date=2026-07-17\exchange=NSE\symbol=TECHM\part-054523_037256-016542.parquet,34722,downloaded,34722,
2026-07-17,NSE,TECHM,raw_l2/trade_date=2026-07-17/exchange=NSE/symbol=TECHM/part-054427_524138-016414.parquet,real_data_sample\l2_unseen_validation\trade_date=2026-07-17\exchange=NSE\symbol=TECHM\part-054427_524138-016414.parquet,34625,downloaded,34625,
2026-07-17,NSE,TECHM,raw_l2/trade_date=2026-07-17/exchange=NSE/symbol=TECHM/part-054536_904816-016574.parquet,real_data_sample\l2_unseen_validation\trade_date=2026-07-17\exchange=NSE\symbol=TECHM\part-054536_904816-016574.parquet,34751,downloaded,34751,
2026-07-17,NSE,TECHM,raw_l2/trade_date=2026-07-17/exchange=NSE/symbol=TECHM/part-054618_557866-016670.parquet,real_data_sample\l2_unseen_validation\trade_date=2026-07-17\exchange=NSE\symbol=TECHM\part-054618_557866-016670.parquet,34803,downloaded,34803,
2026-07-17,NSE,TECHM,raw_l2/trade_date=2026-07-17/exchange=NSE/symbol=TECHM/part-054632_328803-016702.parquet,real_data_sample\l2_unseen_validation\trade_date=2026-07-17\exchange=NSE\symbol=TECHM\part-054632_328803-016702.parquet,34720,downloaded,34720,
2026-07-17,NSE,TECHM,raw_l2/trade_date=2026-07-17/exchange=NSE/symbol=TECHM/part-054441_368391-016446.parquet,real_data_sample\l2_unseen_validation\trade_date=2026-07-17\exchange=NSE\symbol=TECHM\part-054441_368391-016446.parquet,34690,downloaded,34690,
2026-07-17,NSE,TECHM,raw_l2/trade_date=2026-07-17/exchange=NSE/symbol=TECHM/part-054509_113322-016510.parquet,real_data_sample\l2_unseen_validation\trade_date=2026-07-17\exchange=NSE\symbol=TECHM\part-054509_113322-016510.parquet,34800,downloaded,34800,
2026-07-17,NSE,TECHM,raw_l2/trade_date=2026-07-17/exchange=NSE/symbol=TECHM/part-054646_119720-016734.parquet,real_data_sample\l2_unseen_validation\trade_date=2026-07-17\exchange=NSE\symbol=TECHM\part-054646_119720-016734.parquet,34940,downloaded,34940,
2026-07-17,NSE,TECHM,raw_l2/trade_date=2026-07-17/exchange=NSE/symbol=TECHM/part-054455_323707-016478.parquet,real_data_sample\l2_unseen_validation\trade_date=2026-07-17\exchange=NSE\symbol=TECHM\part-054455_323707-016478.parquet,34820,downloaded,34820,
2026-07-17,NSE,TECHM,raw_l2/trade_date=2026-07-17/exchange=NSE/symbol=TECHM/part-054604_673595-016638.parquet,real_data_sample\l2_unseen_validation\trade_date=2026-07-17\exchange=NSE\symbol=TECHM\part-054604_673595-016638.parquet,34880,downloaded,34880,
2026-07-17,NSE,TECHM,raw_l2/trade_date=2026-07-17/exchange=NSE/symbol=TECHM/part-054413_647618-016382.parquet,real_data_sample\l2_unseen_validation\trade_date=2026-07-17\exchange=NSE\symbol=TECHM\part-054413_647618-016382.parquet,34703,downloaded,34703,
2026-07-17,NSE,TECHM,raw_l2/trade_date=2026-07-17/exchange=NSE/symbol=TECHM/part-054550_837612-016606.parquet,real_data_sample\l2_unseen_validation\trade_date=2026-07-17\exchange=NSE\symbol=TECHM\part-054550_837612-016606.parquet,34814,downloaded,34814,
2026-07-17,NSE,TECHM,raw_l2/trade_date=2026-07-17/exchange=NSE/symbol=TECHM/part-054742_378166-016862.parquet,real_data_sample\l2_unseen_validation\trade_date=2026-07-17\exchange=NSE\symbol=TECHM\part-054742_378166-016862.parquet,34888,downloaded,34888,
2026-07-17,NSE,TECHM,raw_l2/trade_date=2026-07-17/exchange=NSE/symbol=TECHM/part-054208_359822-016094.parquet,real_data_sample\l2_unseen_validation\trade_date=2026-07-17\exchange=NSE\symbol=TECHM\part-054208_359822-016094.parquet,35012,downloaded,35012,
2026-07-17,NSE,TECHM,raw_l2/trade_date=2026-07-17/exchange=NSE/symbol=TECHM/part-054659_975830-016766.parquet,real_data_sample\l2_unseen_validation\trade_date=2026-07-17\exchange=NSE\symbol=TECHM\part-054659_975830-016766.parquet,34739,downloaded,34739,
2026-07-17,NSE,TECHM,raw_l2/trade_date=2026-07-17/exchange=NSE/symbol=TECHM/part-054714_194294-016798.parquet,real_data_sample\l2_unseen_validation\trade_date=2026-07-17\exchange=NSE\symbol=TECHM\part-054714_194294-016798.parquet,34616,downloaded,34616,
2026-07-17,NSE,TECHM,raw_l2/trade_date=2026-07-17/exchange=NSE/symbol=TECHM/part-054728_272837-016830.parquet,real_data_sample\l2_unseen_validation\trade_date=2026-07-17\exchange=NSE\symbol=TECHM\part-054728_272837-016830.parquet,35010,downloaded,35010,
2026-07-17,NSE,TECHM,raw_l2/trade_date=2026-07-17/exchange=NSE/symbol=TECHM/part-054756_516827-016894.parquet,real_data_sample\l2_unseen_validation\trade_date=2026-07-17\exchange=NSE\symbol=TECHM\part-054756_516827-016894.parquet,34854,downloaded,34854,
2026-07-17,NSE,TECHM,raw_l2/trade_date=2026-07-17/exchange=NSE/symbol=TECHM/part-054824_756427-016958.parquet,real_data_sample\l2_unseen_validation\trade_date=2026-07-17\exchange=NSE\symbol=TECHM\part-054824_756427-016958.parquet,35752,downloaded,35752,
2026-07-17,NSE,TECHM,raw_l2/trade_date=2026-07-17/exchange=NSE/symbol=TECHM/part-054935_774692-017118.parquet,real_data_sample\l2_unseen_validation\trade_date=2026-07-17\exchange=NSE\symbol=TECHM\part-054935_774692-017118.parquet,34829,downloaded,34829,
2026-07-17,NSE,TECHM,raw_l2/trade_date=2026-07-17/exchange=NSE/symbol=TECHM/part-054810_475965-016926.parquet,real_data_sample\l2_unseen_validation\trade_date=2026-07-17\exchange=NSE\symbol=TECHM\part-054810_475965-016926.parquet,34571,downloaded,34571,
2026-07-17,NSE,TECHM,raw_l2/trade_date=2026-07-17/exchange=NSE/symbol=TECHM/part-054950_097953-017150.parquet,real_data_sample\l2_unseen_validation\trade_date=2026-07-17\exchange=NSE\symbol=TECHM\part-054950_097953-017150.parquet,34711,downloaded,34711,
2026-07-17,NSE,TECHM,raw_l2/trade_date=2026-07-17/exchange=NSE/symbol=TECHM/part-055018_842978-017214.parquet,real_data_sample\l2_unseen_validation\trade_date=2026-07-17\exchange=NSE\symbol=TECHM\part-055018_842978-017214.parquet,35453,downloaded,35453,
2026-07-17,NSE,TECHM,raw_l2/trade_date=2026-07-17/exchange=NSE/symbol=TECHM/part-054853_091062-017022.parquet,real_data_sample\l2_unseen_validation\trade_date=2026-07-17\exchange=NSE\symbol=TECHM\part-054853_091062-017022.parquet,35552,downloaded,35552,
2026-07-17,NSE,TECHM,raw_l2/trade_date=2026-07-17/exchange=NSE/symbol=TECHM/part-054839_042837-016990.parquet,real_data_sample\l2_unseen_validation\trade_date=2026-07-17\exchange=NSE\symbol=TECHM\part-054839_042837-016990.parquet,36422,downloaded,36422,
2026-07-17,NSE,TECHM,raw_l2/trade_date=2026-07-17/exchange=NSE/symbol=TECHM/part-054921_446366-017086.parquet,real_data_sample\l2_unseen_validation\trade_date=2026-07-17\exchange=NSE\symbol=TECHM\part-054921_446366-017086.parquet,35429,downloaded,35429,
2026-07-17,NSE,TECHM,raw_l2/trade_date=2026-07-17/exchange=NSE/symbol=TECHM/part-054907_117185-017054.parquet,real_data_sample\l2_unseen_validation\trade_date=2026-07-17\exchange=NSE\symbol=TECHM\part-054907_117185-017054.parquet,35613,downloaded,35613,
2026-07-17,NSE,TECHM,raw_l2/trade_date=2026-07-17/exchange=NSE/symbol=TECHM/part-055004_722819-017182.parquet,real_data_sample\l2_unseen_validation\trade_date=2026-07-17\exchange=NSE\symbol=TECHM\part-055004_722819-017182.parquet,34965,downloaded,34965,
2026-07-17,NSE,TECHM,raw_l2/trade_date=2026-07-17/exchange=NSE/symbol=TECHM/part-055230_172694-017502.parquet,real_data_sample\l2_unseen_validation\trade_date=2026-07-17\exchange=NSE\symbol=TECHM\part-055230_172694-017502.parquet,35894,downloaded,35894,
2026-07-17,NSE,TECHM,raw_l2/trade_date=2026-07-17/exchange=NSE/symbol=TECHM/part-055131_922972-017374.parquet,real_data_sample\l2_unseen_validation\trade_date=2026-07-17\exchange=NSE\symbol=TECHM\part-055131_922972-017374.parquet,36047,downloaded,36047,
2026-07-17,NSE,TECHM,raw_l2/trade_date=2026-07-17/exchange=NSE/symbol=TECHM/part-055102_437737-017310.parquet,real_data_sample\l2_unseen_validation\trade_date=2026-07-17\exchange=NSE\symbol=TECHM\part-055102_437737-017310.parquet,36113,downloaded,36113,
2026-07-17,NSE,TECHM,raw_l2/trade_date=2026-07-17/exchange=NSE/symbol=TECHM/part-055116_867033-017342.parquet,real_data_sample\l2_unseen_validation\trade_date=2026-07-17\exchange=NSE\symbol=TECHM\part-055116_867033-017342.parquet,35945,downloaded,35945,
2026-07-17,NSE,TECHM,raw_l2/trade_date=2026-07-17/exchange=NSE/symbol=TECHM/part-055453_241137-017822.parquet,real_data_sample\l2_unseen_validation\trade_date=2026-07-17\exchange=NSE\symbol=TECHM\part-055453_241137-017822.parquet,35748,downloaded,35748,
2026-07-17,NSE,TECHM,raw_l2/trade_date=2026-07-17/exchange=NSE/symbol=TECHM/part-055146_532331-017406.parquet,real_data_sample\l2_unseen_validation\trade_date=2026-07-17\exchange=NSE\symbol=TECHM\part-055146_532331-017406.parquet,35957,downloaded,35957,
2026-07-17,NSE,TECHM,raw_l2/trade_date=2026-07-17/exchange=NSE/symbol=TECHM/part-055507_385138-017854.parquet,real_data_sample\l2_unseen_validation\trade_date=2026-07-17\exchange=NSE\symbol=TECHM\part-055507_385138-017854.parquet,35809,downloaded,35809,
2026-07-17,NSE,TECHM,raw_l2/trade_date=2026-07-17/exchange=NSE/symbol=TECHM/part-055215_717246-017470.parquet,real_data_sample\l2_unseen_validation\trade_date=2026-07-17\exchange=NSE\symbol=TECHM\part-055215_717246-017470.parquet,36144,downloaded,36144,
2026-07-17,NSE,TECHM,raw_l2/trade_date=2026-07-17/exchange=NSE/symbol=TECHM/part-055201_287426-017438.parquet,real_data_sample\l2_unseen_validation\trade_date=2026-07-17\exchange=NSE\symbol=TECHM\part-055201_287426-017438.parquet,36239,downloaded,36239,
2026-07-17,NSE,TECHM,raw_l2/trade_date=2026-07-17/exchange=NSE/symbol=TECHM/part-055425_255429-017758.parquet,real_data_sample\l2_unseen_validation\trade_date=2026-07-17\exchange=NSE\symbol=TECHM\part-055425_255429-017758.parquet,35840,downloaded,35840,
2026-07-17,NSE,TECHM,raw_l2/trade_date=2026-07-17/exchange=NSE/symbol=TECHM/part-055328_051686-017630.parquet,real_data_sample\l2_unseen_validation\trade_date=2026-07-17\exchange=NSE\symbol=TECHM\part-055328_051686-017630.parquet,35845,downloaded,35845,
2026-07-17,NSE,TECHM,raw_l2/trade_date=2026-07-17/exchange=NSE/symbol=TECHM/part-055356_996405-017694.parquet,real_data_sample\l2_unseen_validation\trade_date=2026-07-17\exchange=NSE\symbol=TECHM\part-055356_996405-017694.parquet,36696,downloaded,36696,
2026-07-17,NSE,TECHM,raw_l2/trade_date=2026-07-17/exchange=NSE/symbol=TECHM/part-055342_669428-017662.parquet,real_data_sample\l2_unseen_validation\trade_date=2026-07-17\exchange=NSE\symbol=TECHM\part-055342_669428-017662.parquet,36542,downloaded,36542,
2026-07-17,NSE,TECHM,raw_l2/trade_date=2026-07-17/exchange=NSE/symbol=TECHM/part-055521_236807-017886.parquet,real_data_sample\l2_unseen_validation\trade_date=2026-07-17\exchange=NSE\symbol=TECHM\part-055521_236807-017886.parquet,35890,downloaded,35890,
2026-07-17,NSE,TECHM,raw_l2/trade_date=2026-07-17/exchange=NSE/symbol=TECHM/part-055535_284732-017918.parquet,real_data_sample\l2_unseen_validation\trade_date=2026-07-17\exchange=NSE\symbol=TECHM\part-055535_284732-017918.parquet,36132,downloaded,36132,
2026-07-17,NSE,TECHM,raw_l2/trade_date=2026-07-17/exchange=NSE/symbol=TECHM/part-055314_055508-017598.parquet,real_data_sample\l2_unseen_validation\trade_date=2026-07-17\exchange=NSE\symbol=TECHM\part-055314_055508-017598.parquet,36673,downloaded,36673,
2026-07-17,NSE,TECHM,raw_l2/trade_date=2026-07-17/exchange=NSE/symbol=TECHM/part-055245_251230-017534.parquet,real_data_sample\l2_unseen_validation\trade_date=2026-07-17\exchange=NSE\symbol=TECHM\part-055245_251230-017534.parquet,35748,downloaded,35748,
2026-07-17,NSE,TECHM,raw_l2/trade_date=2026-07-17/exchange=NSE/symbol=TECHM/part-055411_155143-017726.parquet,real_data_sample\l2_unseen_validation\trade_date=2026-07-17\exchange=NSE\symbol=TECHM\part-055411_155143-017726.parquet,36075,downloaded,36075,
2026-07-17,NSE,TECHM,raw_l2/trade_date=2026-07-17/exchange=NSE/symbol=TECHM/part-055603_483984-017982.parquet,real_data_sample\l2_unseen_validation\trade_date=2026-07-17\exchange=NSE\symbol=TECHM\part-055603_483984-017982.parquet,35711,downloaded,35711,
2026-07-17,NSE,TECHM,raw_l2/trade_date=2026-07-17/exchange=NSE/symbol=TECHM/part-055259_647520-017566.parquet,real_data_sample\l2_unseen_validation\trade_date=2026-07-17\exchange=NSE\symbol=TECHM\part-055259_647520-017566.parquet,36464,downloaded,36464,
2026-07-17,NSE,TECHM,raw_l2/trade_date=2026-07-17/exchange=NSE/symbol=TECHM/part-055631_628486-018046.parquet,real_data_sample\l2_unseen_validation\trade_date=2026-07-17\exchange=NSE\symbol=TECHM\part-055631_628486-018046.parquet,35647,downloaded,35647,
2026-07-17,NSE,TECHM,raw_l2/trade_date=2026-07-17/exchange=NSE/symbol=TECHM/part-055659_847148-018110.parquet,real_data_sample\l2_unseen_validation\trade_date=2026-07-17\exchange=NSE\symbol=TECHM\part-055659_847148-018110.parquet,35408,downloaded,35408,
2026-07-17,NSE,TECHM,raw_l2/trade_date=2026-07-17/exchange=NSE/symbol=TECHM/part-055617_548318-018014.parquet,real_data_sample\l2_unseen_validation\trade_date=2026-07-17\exchange=NSE\symbol=TECHM\part-055617_548318-018014.parquet,36360,downloaded,36360,
2026-07-17,NSE,TECHM,raw_l2/trade_date=2026-07-17/exchange=NSE/symbol=TECHM/part-055549_287676-017950.parquet,real_data_sample\l2_unseen_validation\trade_date=2026-07-17\exchange=NSE\symbol=TECHM\part-055549_287676-017950.parquet,35965,downloaded,35965,
2026-07-17,NSE,TECHM,raw_l2/trade_date=2026-07-17/exchange=NSE/symbol=TECHM/part-055645_847025-018078.parquet,real_data_sample\l2_unseen_validation\trade_date=2026-07-17\exchange=NSE\symbol=TECHM\part-055645_847025-018078.parquet,35722,downloaded,35722,
2026-07-17,NSE,TECHM,raw_l2/trade_date=2026-07-17/exchange=NSE/symbol=TECHM/part-055713_882593-018142.parquet,real_data_sample\l2_unseen_validation\trade_date=2026-07-17\exchange=NSE\symbol=TECHM\part-055713_882593-018142.parquet,36224,downloaded,36224,
2026-07-17,NSE,TECHM,raw_l2/trade_date=2026-07-17/exchange=NSE/symbol=TECHM/part-055727_886602-018174.parquet,real_data_sample\l2_unseen_validation\trade_date=2026-07-17\exchange=NSE\symbol=TECHM\part-055727_886602-018174.parquet,35833,downloaded,35833,
2026-07-17,NSE,TECHM,raw_l2/trade_date=2026-07-17/exchange=NSE/symbol=TECHM/part-055742_072782-018206.parquet,real_data_sample\l2_unseen_validation\trade_date=2026-07-17\exchange=NSE\symbol=TECHM\part-055742_072782-018206.parquet,36070,downloaded,36070,
2026-07-17,NSE,TECHM,raw_l2/trade_date=2026-07-17/exchange=NSE/symbol=TECHM/part-055756_094811-018238.parquet,real_data_sample\l2_unseen_validation\trade_date=2026-07-17\exchange=NSE\symbol=TECHM\part-055756_094811-018238.parquet,36632,downloaded,36632,
2026-07-17,NSE,TECHM,raw_l2/trade_date=2026-07-17/exchange=NSE/symbol=TECHM/part-055047_729014-017278.parquet,real_data_sample\l2_unseen_validation\trade_date=2026-07-17\exchange=NSE\symbol=TECHM\part-055047_729014-017278.parquet,35907,downloaded,35907,
2026-07-17,NSE,TECHM,raw_l2/trade_date=2026-07-17/exchange=NSE/symbol=TECHM/part-055033_294898-017246.parquet,real_data_sample\l2_unseen_validation\trade_date=2026-07-17\exchange=NSE\symbol=TECHM\part-055033_294898-017246.parquet,35925,downloaded,35925,
2026-07-17,NSE,TECHM,raw_l2/trade_date=2026-07-17/exchange=NSE/symbol=TECHM/part-055439_319140-017790.parquet,real_data_sample\l2_unseen_validation\trade_date=2026-07-17\exchange=NSE\symbol=TECHM\part-055439_319140-017790.parquet,35957,downloaded,35957,
2026-07-17,NSE,TECHM,raw_l2/trade_date=2026-07-17/exchange=NSE/symbol=TECHM/part-055810_079823-018270.parquet,real_data_sample\l2_unseen_validation\trade_date=2026-07-17\exchange=NSE\symbol=TECHM\part-055810_079823-018270.parquet,36949,downloaded,36949,
2026-07-17,NSE,TECHM,raw_l2/trade_date=2026-07-17/exchange=NSE/symbol=TECHM/part-055852_678290-018366.parquet,real_data_sample\l2_unseen_validation\trade_date=2026-07-17\exchange=NSE\symbol=TECHM\part-055852_678290-018366.parquet,36609,downloaded,36609,
2026-07-17,NSE,TECHM,raw_l2/trade_date=2026-07-17/exchange=NSE/symbol=TECHM/part-055838_429666-018334.parquet,real_data_sample\l2_unseen_validation\trade_date=2026-07-17\exchange=NSE\symbol=TECHM\part-055838_429666-018334.parquet,36810,downloaded,36810,
2026-07-17,NSE,TECHM,raw_l2/trade_date=2026-07-17/exchange=NSE/symbol=TECHM/part-055824_138838-018302.parquet,real_data_sample\l2_unseen_validation\trade_date=2026-07-17\exchange=NSE\symbol=TECHM\part-055824_138838-018302.parquet,35924,downloaded,35924,
2026-07-17,NSE,TECHM,raw_l2/trade_date=2026-07-17/exchange=NSE/symbol=TECHM/part-060307_608478-018942.parquet,real_data_sample\l2_unseen_validation\trade_date=2026-07-17\exchange=NSE\symbol=TECHM\part-060307_608478-018942.parquet,35993,downloaded,35993,
2026-07-17,NSE,TECHM,raw_l2/trade_date=2026-07-17/exchange=NSE/symbol=TECHM/part-060239_294829-018878.parquet,real_data_sample\l2_unseen_validation\trade_date=2026-07-17\exchange=NSE\symbol=TECHM\part-060239_294829-018878.parquet,36196,downloaded,36196,
2026-07-17,NSE,TECHM,raw_l2/trade_date=2026-07-17/exchange=NSE/symbol=TECHM/part-055920_923789-018430.parquet,real_data_sample\l2_unseen_validation\trade_date=2026-07-17\exchange=NSE\symbol=TECHM\part-055920_923789-018430.parquet,35971,downloaded,35971,
2026-07-17,NSE,TECHM,raw_l2/trade_date=2026-07-17/exchange=NSE/symbol=TECHM/part-060046_455958-018622.parquet,real_data_sample\l2_unseen_validation\trade_date=2026-07-17\exchange=NSE\symbol=TECHM\part-060046_455958-018622.parquet,36942,downloaded,36942,
2026-07-17,NSE,TECHM,raw_l2/trade_date=2026-07-17/exchange=NSE/symbol=TECHM/part-055906_814960-018398.parquet,real_data_sample\l2_unseen_validation\trade_date=2026-07-17\exchange=NSE\symbol=TECHM\part-055906_814960-018398.parquet,36533,downloaded,36533,
2026-07-17,NSE,TECHM,raw_l2/trade_date=2026-07-17/exchange=NSE/symbol=TECHM/part-060349_570015-019038.parquet,real_data_sample\l2_unseen_validation\trade_date=2026-07-17\exchange=NSE\symbol=TECHM\part-060349_570015-019038.parquet,35852,downloaded,35852,
2026-07-17,NSE,TECHM,raw_l2/trade_date=2026-07-17/exchange=NSE/symbol=TECHM/part-060225_291328-018846.parquet,real_data_sample\l2_unseen_validation\trade_date=2026-07-17\exchange=NSE\symbol=TECHM\part-060225_291328-018846.parquet,36185,downloaded,36185,
2026-07-17,NSE,TECHM,raw_l2/trade_date=2026-07-17/exchange=NSE/symbol=TECHM/part-060253_395275-018910.parquet,real_data_sample\l2_unseen_validation\trade_date=2026-07-17\exchange=NSE\symbol=TECHM\part-060253_395275-018910.parquet,36241,downloaded,36241,
2026-07-17,NSE,TECHM,raw_l2/trade_date=2026-07-17/exchange=NSE/symbol=TECHM/part-060143_001088-018750.parquet,real_data_sample\l2_unseen_validation\trade_date=2026-07-17\exchange=NSE\symbol=TECHM\part-060143_001088-018750.parquet,35973,downloaded,35973,
2026-07-17,NSE,TECHM,raw_l2/trade_date=2026-07-17/exchange=NSE/symbol=TECHM/part-060128_787708-018718.parquet,real_data_sample\l2_unseen_validation\trade_date=2026-07-17\exchange=NSE\symbol=TECHM\part-060128_787708-018718.parquet,35735,downloaded,35735,
2026-07-17,NSE,TECHM,raw_l2/trade_date=2026-07-17/exchange=NSE/symbol=TECHM/part-060335_559540-019006.parquet,real_data_sample\l2_unseen_validation\trade_date=2026-07-17\exchange=NSE\symbol=TECHM\part-060335_559540-019006.parquet,35877,downloaded,35877,
2026-07-17,NSE,TECHM,raw_l2/trade_date=2026-07-17/exchange=NSE/symbol=TECHM/part-060157_067685-018782.parquet,real_data_sample\l2_unseen_validation\trade_date=2026-07-17\exchange=NSE\symbol=TECHM\part-060157_067685-018782.parquet,36249,downloaded,36249,
2026-07-17,NSE,TECHM,raw_l2/trade_date=2026-07-17/exchange=NSE/symbol=TECHM/part-060100_746557-018654.parquet,real_data_sample\l2_unseen_validation\trade_date=2026-07-17\exchange=NSE\symbol=TECHM\part-060100_746557-018654.parquet,36360,downloaded,36360,
2026-07-17,NSE,TECHM,raw_l2/trade_date=2026-07-17/exchange=NSE/symbol=TECHM/part-060211_147579-018814.parquet,real_data_sample\l2_unseen_validation\trade_date=2026-07-17\exchange=NSE\symbol=TECHM\part-060211_147579-018814.parquet,36823,downloaded,36823,
2026-07-17,NSE,TECHM,raw_l2/trade_date=2026-07-17/exchange=NSE/symbol=TECHM/part-060114_800724-018686.parquet,real_data_sample\l2_unseen_validation\trade_date=2026-07-17\exchange=NSE\symbol=TECHM\part-060114_800724-018686.parquet,36800,downloaded,36800,
2026-07-17,NSE,TECHM,raw_l2/trade_date=2026-07-17/exchange=NSE/symbol=TECHM/part-060432_068651-019134.parquet,real_data_sample\l2_unseen_validation\trade_date=2026-07-17\exchange=NSE\symbol=TECHM\part-060432_068651-019134.parquet,36271,downloaded,36271,
2026-07-17,NSE,TECHM,raw_l2/trade_date=2026-07-17/exchange=NSE/symbol=TECHM/part-060321_601352-018974.parquet,real_data_sample\l2_unseen_validation\trade_date=2026-07-17\exchange=NSE\symbol=TECHM\part-060321_601352-018974.parquet,35808,downloaded,35808,
2026-07-17,NSE,TECHM,raw_l2/trade_date=2026-07-17/exchange=NSE/symbol=TECHM/part-060018_106730-018558.parquet,real_data_sample\l2_unseen_validation\trade_date=2026-07-17\exchange=NSE\symbol=TECHM\part-060018_106730-018558.parquet,36481,downloaded,36481,
2026-07-17,NSE,TECHM,raw_l2/trade_date=2026-07-17/exchange=NSE/symbol=TECHM/part-060446_279439-019166.parquet,real_data_sample\l2_unseen_validation\trade_date=2026-07-17\exchange=NSE\symbol=TECHM\part-060446_279439-019166.parquet,36246,downloaded,36246,
2026-07-17,NSE,TECHM,raw_l2/trade_date=2026-07-17/exchange=NSE/symbol=TECHM/part-060417_649582-019102.parquet,real_data_sample\l2_unseen_validation\trade_date=2026-07-17\exchange=NSE\symbol=TECHM\part-060417_649582-019102.parquet,35995,downloaded,35995,
2026-07-17,NSE,TECHM,raw_l2/trade_date=2026-07-17/exchange=NSE/symbol=TECHM/part-060403_433864-019070.parquet,real_data_sample\l2_unseen_validation\trade_date=2026-07-17\exchange=NSE\symbol=TECHM\part-060403_433864-019070.parquet,35919,downloaded,35919,
2026-07-17,NSE,TECHM,raw_l2/trade_date=2026-07-17/exchange=NSE/symbol=TECHM/part-055949_333575-018494.parquet,real_data_sample\l2_unseen_validation\trade_date=2026-07-17\exchange=NSE\symbol=TECHM\part-055949_333575-018494.parquet,36154,downloaded,36154,
2026-07-17,NSE,TECHM,raw_l2/trade_date=2026-07-17/exchange=NSE/symbol=TECHM/part-060003_948520-018526.parquet,real_data_sample\l2_unseen_validation\trade_date=2026-07-17\exchange=NSE\symbol=TECHM\part-060003_948520-018526.parquet,36214,downloaded,36214,
2026-07-17,NSE,TECHM,raw_l2/trade_date=2026-07-17/exchange=NSE/symbol=TECHM/part-055935_064617-018462.parquet,real_data_sample\l2_unseen_validation\trade_date=2026-07-17\exchange=NSE\symbol=TECHM\part-055935_064617-018462.parquet,35979,downloaded,35979,
2026-07-17,NSE,TECHM,raw_l2/trade_date=2026-07-17/exchange=NSE/symbol=TECHM/part-060032_214968-018590.parquet,real_data_sample\l2_unseen_validation\trade_date=2026-07-17\exchange=NSE\symbol=TECHM\part-060032_214968-018590.parquet,36183,downloaded,36183,
2026-07-17,NSE,TECHM,raw_l2/trade_date=2026-07-17/exchange=NSE/symbol=TECHM/part-060500_231321-019198.parquet,real_data_sample\l2_unseen_validation\trade_date=2026-07-17\exchange=NSE\symbol=TECHM\part-060500_231321-019198.parquet,36263,downloaded,36263,
2026-07-17,NSE,TECHM,raw_l2/trade_date=2026-07-17/exchange=NSE/symbol=TECHM/part-061043_079435-019966.parquet,real_data_sample\l2_unseen_validation\trade_date=2026-07-17\exchange=NSE\symbol=TECHM\part-061043_079435-019966.parquet,35863,downloaded,35863,
2026-07-17,NSE,TECHM,raw_l2/trade_date=2026-07-17/exchange=NSE/symbol=TECHM/part-061028_748298-019934.parquet,real_data_sample\l2_unseen_validation\trade_date=2026-07-17\exchange=NSE\symbol=TECHM\part-061028_748298-019934.parquet,36418,downloaded,36418,
2026-07-17,NSE,TECHM,raw_l2/trade_date=2026-07-17/exchange=NSE/symbol=TECHM/part-060528_411408-019262.parquet,real_data_sample\l2_unseen_validation\trade_date=2026-07-17\exchange=NSE\symbol=TECHM\part-060528_411408-019262.parquet,36243,downloaded,36243,
2026-07-17,NSE,TECHM,raw_l2/trade_date=2026-07-17/exchange=NSE/symbol=TECHM/part-060749_741334-019582.parquet,real_data_sample\l2_unseen_validation\trade_date=2026-07-17\exchange=NSE\symbol=TECHM\part-060749_741334-019582.parquet,35920,downloaded,35920,
2026-07-17,NSE,TECHM,raw_l2/trade_date=2026-07-17/exchange=NSE/symbol=TECHM/part-061155_244485-020126.parquet,real_data_sample\l2_unseen_validation\trade_date=2026-07-17\exchange=NSE\symbol=TECHM\part-061155_244485-020126.parquet,36118,downloaded,36118,
2026-07-17,NSE,TECHM,raw_l2/trade_date=2026-07-17/exchange=NSE/symbol=TECHM/part-061209_563011-020158.parquet,real_data_sample\l2_unseen_validation\trade_date=2026-07-17\exchange=NSE\symbol=TECHM\part-061209_563011-020158.parquet,36469,downloaded,36469,
2026-07-17,NSE,TECHM,raw_l2/trade_date=2026-07-17/exchange=NSE/symbol=TECHM/part-061224_051833-020190.parquet,real_data_sample\l2_unseen_validation\trade_date=2026-07-17\exchange=NSE\symbol=TECHM\part-061224_051833-020190.parquet,36492,downloaded,36492,
2026-07-17,NSE,TECHM,raw_l2/trade_date=2026-07-17/exchange=NSE/symbol=TECHM/part-061126_274241-020062.parquet,real_data_sample\l2_unseen_validation\trade_date=2026-07-17\exchange=NSE\symbol=TECHM\part-061126_274241-020062.parquet,36571,downloaded,36571,
2026-07-17,NSE,TECHM,raw_l2/trade_date=2026-07-17/exchange=NSE/symbol=TECHM/part-061057_647660-019998.parquet,real_data_sample\l2_unseen_validation\trade_date=2026-07-17\exchange=NSE\symbol=TECHM\part-061057_647660-019998.parquet,35955,downloaded,35955,
2026-07-17,NSE,TECHM,raw_l2/trade_date=2026-07-17/exchange=NSE/symbol=TECHM/part-061140_768022-020094.parquet,real_data_sample\l2_unseen_validation\trade_date=2026-07-17\exchange=NSE\symbol=TECHM\part-061140_768022-020094.parquet,36373,downloaded,36373,
2026-07-17,NSE,TECHM,raw_l2/trade_date=2026-07-17/exchange=NSE/symbol=TECHM/part-061111_895958-020030.parquet,real_data_sample\l2_unseen_validation\trade_date=2026-07-17\exchange=NSE\symbol=TECHM\part-061111_895958-020030.parquet,36426,downloaded,36426,
2026-07-17,NSE,TECHM,raw_l2/trade_date=2026-07-17/exchange=NSE/symbol=TECHM/part-061238_518349-020222.parquet,real_data_sample\l2_unseen_validation\trade_date=2026-07-17\exchange=NSE\symbol=TECHM\part-061238_518349-020222.parquet,36289,downloaded,36289,
2026-07-17,NSE,TECHM,raw_l2/trade_date=2026-07-17/exchange=NSE/symbol=TECHM/part-061252_881071-020254.parquet,real_data_sample\l2_unseen_validation\trade_date=2026-07-17\exchange=NSE\symbol=TECHM\part-061252_881071-020254.parquet,36300,downloaded,36300,
2026-07-17,NSE,TECHM,raw_l2/trade_date=2026-07-17/exchange=NSE/symbol=TECHM/part-061350_390047-020382.parquet,real_data_sample\l2_unseen_validation\trade_date=2026-07-17\exchange=NSE\symbol=TECHM\part-061350_390047-020382.parquet,36317,downloaded,36317,
2026-07-17,NSE,TECHM,raw_l2/trade_date=2026-07-17/exchange=NSE/symbol=TECHM/part-061404_748893-020414.parquet,real_data_sample\l2_unseen_validation\trade_date=2026-07-17\exchange=NSE\symbol=TECHM\part-061404_748893-020414.parquet,35868,downloaded,35868,
2026-07-17,NSE,TECHM,raw_l2/trade_date=2026-07-17/exchange=NSE/symbol=TECHM/part-061336_201701-020350.parquet,real_data_sample\l2_unseen_validation\trade_date=2026-07-17\exchange=NSE\symbol=TECHM\part-061336_201701-020350.parquet,36491,downloaded,36491,
2026-07-17,NSE,TECHM,raw_l2/trade_date=2026-07-17/exchange=NSE/symbol=TECHM/part-061433_460140-020478.parquet,real_data_sample\l2_unseen_validation\trade_date=2026-07-17\exchange=NSE\symbol=TECHM\part-061433_460140-020478.parquet,36287,downloaded,36287,
2026-07-17,NSE,TECHM,raw_l2/trade_date=2026-07-17/exchange=NSE/symbol=TECHM/part-061321_810329-020318.parquet,real_data_sample\l2_unseen_validation\trade_date=2026-07-17\exchange=NSE\symbol=TECHM\part-061321_810329-020318.parquet,36157,downloaded,36157,
2026-07-17,NSE,TECHM,raw_l2/trade_date=2026-07-17/exchange=NSE/symbol=TECHM/part-061419_108320-020446.parquet,real_data_sample\l2_unseen_validation\trade_date=2026-07-17\exchange=NSE\symbol=TECHM\part-061419_108320-020446.parquet,35868,downloaded,35868,
2026-07-17,NSE,TECHM,raw_l2/trade_date=2026-07-17/exchange=NSE/symbol=TECHM/part-061502_156451-020542.parquet,real_data_sample\l2_unseen_validation\trade_date=2026-07-17\exchange=NSE\symbol=TECHM\part-061502_156451-020542.parquet,36044,downloaded,36044,
2026-07-17,NSE,TECHM,raw_l2/trade_date=2026-07-17/exchange=NSE/symbol=TECHM/part-061307_317889-020286.parquet,real_data_sample\l2_unseen_validation\trade_date=2026-07-17\exchange=NSE\symbol=TECHM\part-061307_317889-020286.parquet,36448,downloaded,36448,
2026-07-17,NSE,TECHM,raw_l2/trade_date=2026-07-17/exchange=NSE/symbol=TECHM/part-061447_605630-020510.parquet,real_data_sample\l2_unseen_validation\trade_date=2026-07-17\exchange=NSE\symbol=TECHM\part-061447_605630-020510.parquet,36598,downloaded,36598,
2026-07-17,NSE,TECHM,raw_l2/trade_date=2026-07-17/exchange=NSE/symbol=TECHM/part-061516_551441-020574.parquet,real_data_sample\l2_unseen_validation\trade_date=2026-07-17\exchange=NSE\symbol=TECHM\part-061516_551441-020574.parquet,35831,downloaded,35831,
2026-07-17,NSE,TECHM,raw_l2/trade_date=2026-07-17/exchange=NSE/symbol=TECHM/part-061531_012474-020606.parquet,real_data_sample\l2_unseen_validation\trade_date=2026-07-17\exchange=NSE\symbol=TECHM\part-061531_012474-020606.parquet,35751,downloaded,35751,
2026-07-17,NSE,TECHM,raw_l2/trade_date=2026-07-17/exchange=NSE/symbol=TECHM/part-061545_284848-020638.parquet,real_data_sample\l2_unseen_validation\trade_date=2026-07-17\exchange=NSE\symbol=TECHM\part-061545_284848-020638.parquet,36252,downloaded,36252,
2026-07-17,NSE,TECHM,raw_l2/trade_date=2026-07-17/exchange=NSE/symbol=TECHM/part-061559_765839-020670.parquet,real_data_sample\l2_unseen_validation\trade_date=2026-07-17\exchange=NSE\symbol=TECHM\part-061559_765839-020670.parquet,36098,downloaded,36098,
2026-07-17,NSE,TECHM,raw_l2/trade_date=2026-07-17/exchange=NSE/symbol=TECHM/part-061615_502693-020702.parquet,real_data_sample\l2_unseen_validation\trade_date=2026-07-17\exchange=NSE\symbol=TECHM\part-061615_502693-020702.parquet,36388,downloaded,36388,
2026-07-17,NSE,TECHM,raw_l2/trade_date=2026-07-17/exchange=NSE/symbol=TECHM/part-061629_983018-020734.parquet,real_data_sample\l2_unseen_validation\trade_date=2026-07-17\exchange=NSE\symbol=TECHM\part-061629_983018-020734.parquet,36500,downloaded,36500,
2026-07-17,NSE,TECHM,raw_l2/trade_date=2026-07-17/exchange=NSE/symbol=TECHM/part-061644_068616-020766.parquet,real_data_sample\l2_unseen_validation\trade_date=2026-07-17\exchange=NSE\symbol=TECHM\part-061644_068616-020766.parquet,36475,downloaded,36475,
2026-07-17,NSE,TECHM,raw_l2/trade_date=2026-07-17/exchange=NSE/symbol=TECHM/part-061658_119198-020798.parquet,real_data_sample\l2_unseen_validation\trade_date=2026-07-17\exchange=NSE\symbol=TECHM\part-061658_119198-020798.parquet,36470,downloaded,36470,
2026-07-17,NSE,TECHM,raw_l2/trade_date=2026-07-17/exchange=NSE/symbol=TECHM/part-061712_374000-020830.parquet,real_data_sample\l2_unseen_validation\trade_date=2026-07-17\exchange=NSE\symbol=TECHM\part-061712_374000-020830.parquet,35970,downloaded,35970,
2026-07-17,NSE,TECHM,raw_l2/trade_date=2026-07-17/exchange=NSE/symbol=TECHM/part-061726_490794-020862.parquet,real_data_sample\l2_unseen_validation\trade_date=2026-07-17\exchange=NSE\symbol=TECHM\part-061726_490794-020862.parquet,35966,downloaded,35966,
2026-07-17,NSE,TECHM,raw_l2/trade_date=2026-07-17/exchange=NSE/symbol=TECHM/part-061740_550420-020894.parquet,real_data_sample\l2_unseen_validation\trade_date=2026-07-17\exchange=NSE\symbol=TECHM\part-061740_550420-020894.parquet,36095,downloaded,36095,
2026-07-17,NSE,TECHM,raw_l2/trade_date=2026-07-17/exchange=NSE/symbol=TECHM/part-061838_898407-021022.parquet,real_data_sample\l2_unseen_validation\trade_date=2026-07-17\exchange=NSE\symbol=TECHM\part-061838_898407-021022.parquet,35999,downloaded,35999,
2026-07-17,NSE,TECHM,raw_l2/trade_date=2026-07-17/exchange=NSE/symbol=TECHM/part-061809_833149-020958.parquet,real_data_sample\l2_unseen_validation\trade_date=2026-07-17\exchange=NSE\symbol=TECHM\part-061809_833149-020958.parquet,35862,downloaded,35862,
2026-07-17,NSE,TECHM,raw_l2/trade_date=2026-07-17/exchange=NSE/symbol=TECHM/part-061823_980055-020990.parquet,real_data_sample\l2_unseen_validation\trade_date=2026-07-17\exchange=NSE\symbol=TECHM\part-061823_980055-020990.parquet,35793,downloaded,35793,
2026-07-17,NSE,TECHM,raw_l2/trade_date=2026-07-17/exchange=NSE/symbol=TECHM/part-061755_481848-020926.parquet,real_data_sample\l2_unseen_validation\trade_date=2026-07-17\exchange=NSE\symbol=TECHM\part-061755_481848-020926.parquet,35918,downloaded,35918,
2026-07-17,NSE,TECHM,raw_l2/trade_date=2026-07-17/exchange=NSE/symbol=TECHM/part-061853_028783-021054.parquet,real_data_sample\l2_unseen_validation\trade_date=2026-07-17\exchange=NSE\symbol=TECHM\part-061853_028783-021054.parquet,35715,downloaded,35715,
2026-07-17,NSE,TECHM,raw_l2/trade_date=2026-07-17/exchange=NSE/symbol=TECHM/part-061907_151231-021086.parquet,real_data_sample\l2_unseen_validation\trade_date=2026-07-17\exchange=NSE\symbol=TECHM\part-061907_151231-021086.parquet,35871,downloaded,35871,
2026-07-17,NSE,TECHM,raw_l2/trade_date=2026-07-17/exchange=NSE/symbol=TECHM/part-061922_006060-021118.parquet,real_data_sample\l2_unseen_validation\trade_date=2026-07-17\exchange=NSE\symbol=TECHM\part-061922_006060-021118.parquet,35947,downloaded,35947,
2026-07-17,NSE,TECHM,raw_l2/trade_date=2026-07-17/exchange=NSE/symbol=TECHM/part-061935_980358-021150.parquet,real_data_sample\l2_unseen_validation\trade_date=2026-07-17\exchange=NSE\symbol=TECHM\part-061935_980358-021150.parquet,35584,downloaded,35584,
2026-07-17,NSE,TECHM,raw_l2/trade_date=2026-07-17/exchange=NSE/symbol=TECHM/part-061950_138215-021182.parquet,real_data_sample\l2_unseen_validation\trade_date=2026-07-17\exchange=NSE\symbol=TECHM\part-061950_138215-021182.parquet,35862,downloaded,35862,
2026-07-17,NSE,TECHM,raw_l2/trade_date=2026-07-17/exchange=NSE/symbol=TECHM/part-062004_387252-021214.parquet,real_data_sample\l2_unseen_validation\trade_date=2026-07-17\exchange=NSE\symbol=TECHM\part-062004_387252-021214.parquet,35904,downloaded,35904,
2026-07-17,NSE,TECHM,raw_l2/trade_date=2026-07-17/exchange=NSE/symbol=TECHM/part-062018_506487-021246.parquet,real_data_sample\l2_unseen_validation\trade_date=2026-07-17\exchange=NSE\symbol=TECHM\part-062018_506487-021246.parquet,36086,downloaded,36086,
2026-07-17,NSE,TECHM,raw_l2/trade_date=2026-07-17/exchange=NSE/symbol=TECHM/part-062032_928156-021278.parquet,real_data_sample\l2_unseen_validation\trade_date=2026-07-17\exchange=NSE\symbol=TECHM\part-062032_928156-021278.parquet,35990,downloaded,35990,
2026-07-17,NSE,TECHM,raw_l2/trade_date=2026-07-17/exchange=NSE/symbol=TECHM/part-062047_606993-021310.parquet,real_data_sample\l2_unseen_validation\trade_date=2026-07-17\exchange=NSE\symbol=TECHM\part-062047_606993-021310.parquet,36008,downloaded,36008,
2026-07-17,NSE,TECHM,raw_l2/trade_date=2026-07-17/exchange=NSE/symbol=TECHM/part-062116_531668-021374.parquet,real_data_sample\l2_unseen_validation\trade_date=2026-07-17\exchange=NSE\symbol=TECHM\part-062116_531668-021374.parquet,35894,downloaded,35894,
2026-07-17,NSE,TECHM,raw_l2/trade_date=2026-07-17/exchange=NSE/symbol=TECHM/part-062102_113881-021342.parquet,real_data_sample\l2_unseen_validation\trade_date=2026-07-17\exchange=NSE\symbol=TECHM\part-062102_113881-021342.parquet,35952,downloaded,35952,
2026-07-17,NSE,TECHM,raw_l2/trade_date=2026-07-17/exchange=NSE/symbol=TECHM/part-062130_563632-021406.parquet,real_data_sample\l2_unseen_validation\trade_date=2026-07-17\exchange=NSE\symbol=TECHM\part-062130_563632-021406.parquet,36192,downloaded,36192,
2026-07-17,NSE,TECHM,raw_l2/trade_date=2026-07-17/exchange=NSE/symbol=TECHM/part-062144_495365-021438.parquet,real_data_sample\l2_unseen_validation\trade_date=2026-07-17\exchange=NSE\symbol=TECHM\part-062144_495365-021438.parquet,36152,downloaded,36152,
2026-07-17,NSE,TECHM,raw_l2/trade_date=2026-07-17/exchange=NSE/symbol=TECHM/part-062158_764829-021470.parquet,real_data_sample\l2_unseen_validation\trade_date=2026-07-17\exchange=NSE\symbol=TECHM\part-062158_764829-021470.parquet,36049,downloaded,36049,
2026-07-17,NSE,TECHM,raw_l2/trade_date=2026-07-17/exchange=NSE/symbol=TECHM/part-062213_101510-021502.parquet,real_data_sample\l2_unseen_validation\trade_date=2026-07-17\exchange=NSE\symbol=TECHM\part-062213_101510-021502.parquet,35504,downloaded,35504,
2026-07-17,NSE,TECHM,raw_l2/trade_date=2026-07-17/exchange=NSE/symbol=TECHM/part-062241_741294-021566.parquet,real_data_sample\l2_unseen_validation\trade_date=2026-07-17\exchange=NSE\symbol=TECHM\part-062241_741294-021566.parquet,35762,downloaded,35762,
2026-07-17,NSE,TECHM,raw_l2/trade_date=2026-07-17/exchange=NSE/symbol=TECHM/part-062227_332746-021534.parquet,real_data_sample\l2_unseen_validation\trade_date=2026-07-17\exchange=NSE\symbol=TECHM\part-062227_332746-021534.parquet,36320,downloaded,36320,
2026-07-17,NSE,TECHM,raw_l2/trade_date=2026-07-17/exchange=NSE/symbol=TECHM/part-062255_932014-021598.parquet,real_data_sample\l2_unseen_validation\trade_date=2026-07-17\exchange=NSE\symbol=TECHM\part-062255_932014-021598.parquet,35897,downloaded,35897,
2026-07-17,NSE,TECHM,raw_l2/trade_date=2026-07-17/exchange=NSE/symbol=TECHM/part-062310_410108-021630.parquet,real_data_sample\l2_unseen_validation\trade_date=2026-07-17\exchange=NSE\symbol=TECHM\part-062310_410108-021630.parquet,35686,downloaded,35686,
2026-07-17,NSE,TECHM,raw_l2/trade_date=2026-07-17/exchange=NSE/symbol=TECHM/part-062324_621566-021662.parquet,real_data_sample\l2_unseen_validation\trade_date=2026-07-17\exchange=NSE\symbol=TECHM\part-062324_621566-021662.parquet,35052,downloaded,35052,
2026-07-17,NSE,TECHM,raw_l2/trade_date=2026-07-17/exchange=NSE/symbol=TECHM/part-062338_835830-021694.parquet,real_data_sample\l2_unseen_validation\trade_date=2026-07-17\exchange=NSE\symbol=TECHM\part-062338_835830-021694.parquet,34755,downloaded,34755,
2026-07-17,NSE,TECHM,raw_l2/trade_date=2026-07-17/exchange=NSE/symbol=TECHM/part-062352_763436-021726.parquet,real_data_sample\l2_unseen_validation\trade_date=2026-07-17\exchange=NSE\symbol=TECHM\part-062352_763436-021726.parquet,34850,downloaded,34850,
2026-07-17,NSE,TECHM,raw_l2/trade_date=2026-07-17/exchange=NSE/symbol=TECHM/part-062435_124035-021822.parquet,real_data_sample\l2_unseen_validation\trade_date=2026-07-17\exchange=NSE\symbol=TECHM\part-062435_124035-021822.parquet,35886,downloaded,35886,
2026-07-17,NSE,TECHM,raw_l2/trade_date=2026-07-17/exchange=NSE/symbol=TECHM/part-062406_908318-021758.parquet,real_data_sample\l2_unseen_validation\trade_date=2026-07-17\exchange=NSE\symbol=TECHM\part-062406_908318-021758.parquet,34767,downloaded,34767,
2026-07-17,NSE,TECHM,raw_l2/trade_date=2026-07-17/exchange=NSE/symbol=TECHM/part-062421_081531-021790.parquet,real_data_sample\l2_unseen_validation\trade_date=2026-07-17\exchange=NSE\symbol=TECHM\part-062421_081531-021790.parquet,35667,downloaded,35667,
2026-07-17,NSE,TECHM,raw_l2/trade_date=2026-07-17/exchange=NSE/symbol=TECHM/part-062449_189112-021854.parquet,real_data_sample\l2_unseen_validation\trade_date=2026-07-17\exchange=NSE\symbol=TECHM\part-062449_189112-021854.parquet,36183,downloaded,36183,
2026-07-17,NSE,TECHM,raw_l2/trade_date=2026-07-17/exchange=NSE/symbol=TECHM/part-062503_409191-021886.parquet,real_data_sample\l2_unseen_validation\trade_date=2026-07-17\exchange=NSE\symbol=TECHM\part-062503_409191-021886.parquet,36269,downloaded,36269,
2026-07-17,NSE,TECHM,raw_l2/trade_date=2026-07-17/exchange=NSE/symbol=TECHM/part-062517_532781-021918.parquet,real_data_sample\l2_unseen_validation\trade_date=2026-07-17\exchange=NSE\symbol=TECHM\part-062517_532781-021918.parquet,36030,downloaded,36030,
2026-07-17,NSE,TECHM,raw_l2/trade_date=2026-07-17/exchange=NSE/symbol=TECHM/part-062531_425111-021950.parquet,real_data_sample\l2_unseen_validation\trade_date=2026-07-17\exchange=NSE\symbol=TECHM\part-062531_425111-021950.parquet,35659,downloaded,35659,
2026-07-17,NSE,TECHM,raw_l2/trade_date=2026-07-17/exchange=NSE/symbol=TECHM/part-062545_399525-021982.parquet,real_data_sample\l2_unseen_validation\trade_date=2026-07-17\exchange=NSE\symbol=TECHM\part-062545_399525-021982.parquet,35438,downloaded,35438,
2026-07-17,NSE,TECHM,raw_l2/trade_date=2026-07-17/exchange=NSE/symbol=TECHM/part-062559_454548-022014.parquet,real_data_sample\l2_unseen_validation\trade_date=2026-07-17\exchange=NSE\symbol=TECHM\part-062559_454548-022014.parquet,35746,downloaded,35746,
2026-07-17,NSE,TECHM,raw_l2/trade_date=2026-07-17/exchange=NSE/symbol=TECHM/part-062627_622840-022078.parquet,real_data_sample\l2_unseen_validation\trade_date=2026-07-17\exchange=NSE\symbol=TECHM\part-062627_622840-022078.parquet,35772,downloaded,35772,
2026-07-17,NSE,TECHM,raw_l2/trade_date=2026-07-17/exchange=NSE/symbol=TECHM/part-062613_547006-022046.parquet,real_data_sample\l2_unseen_validation\trade_date=2026-07-17\exchange=NSE\symbol=TECHM\part-062613_547006-022046.parquet,35954,downloaded,35954,
2026-07-17,NSE,TECHM,raw_l2/trade_date=2026-07-17/exchange=NSE/symbol=TECHM/part-062641_863881-022110.parquet,real_data_sample\l2_unseen_validation\trade_date=2026-07-17\exchange=NSE\symbol=TECHM\part-062641_863881-022110.parquet,35630,downloaded,35630,
2026-07-17,NSE,TECHM,raw_l2/trade_date=2026-07-17/exchange=NSE/symbol=TECHM/part-062656_046359-022142.parquet,real_data_sample\l2_unseen_validation\trade_date=2026-07-17\exchange=NSE\symbol=TECHM\part-062656_046359-022142.parquet,35606,downloaded,35606,
2026-07-17,NSE,TECHM,raw_l2/trade_date=2026-07-17/exchange=NSE/symbol=TECHM/part-062739_188729-022238.parquet,real_data_sample\l2_unseen_validation\trade_date=2026-07-17\exchange=NSE\symbol=TECHM\part-062739_188729-022238.parquet,35657,downloaded,35657,
2026-07-17,NSE,TECHM,raw_l2/trade_date=2026-07-17/exchange=NSE/symbol=TECHM/part-062724_826541-022206.parquet,real_data_sample\l2_unseen_validation\trade_date=2026-07-17\exchange=NSE\symbol=TECHM\part-062724_826541-022206.parquet,35959,downloaded,35959,
2026-07-17,NSE,TECHM,raw_l2/trade_date=2026-07-17/exchange=NSE/symbol=TECHM/part-062710_527974-022174.parquet,real_data_sample\l2_unseen_validation\trade_date=2026-07-17\exchange=NSE\symbol=TECHM\part-062710_527974-022174.parquet,35881,downloaded,35881,
2026-07-17,NSE,TECHM,raw_l2/trade_date=2026-07-17/exchange=NSE/symbol=TECHM/part-062753_398229-022270.parquet,real_data_sample\l2_unseen_validation\trade_date=2026-07-17\exchange=NSE\symbol=TECHM\part-062753_398229-022270.parquet,35495,downloaded,35495,
2026-07-17,NSE,TECHM,raw_l2/trade_date=2026-07-17/exchange=NSE/symbol=TECHM/part-062807_579602-022302.parquet,real_data_sample\l2_unseen_validation\trade_date=2026-07-17\exchange=NSE\symbol=TECHM\part-062807_579602-022302.parquet,35893,downloaded,35893,
2026-07-17,NSE,TECHM,raw_l2/trade_date=2026-07-17/exchange=NSE/symbol=TECHM/part-062835_896258-022366.parquet,real_data_sample\l2_unseen_validation\trade_date=2026-07-17\exchange=NSE\symbol=TECHM\part-062835_896258-022366.parquet,36429,downloaded,36429,
2026-07-17,NSE,TECHM,raw_l2/trade_date=2026-07-17/exchange=NSE/symbol=TECHM/part-062822_014137-022334.parquet,real_data_sample\l2_unseen_validation\trade_date=2026-07-17\exchange=NSE\symbol=TECHM\part-062822_014137-022334.parquet,36123,downloaded,36123,
2026-07-17,NSE,TECHM,raw_l2/trade_date=2026-07-17/exchange=NSE/symbol=TECHM/part-062850_333635-022398.parquet,real_data_sample\l2_unseen_validation\trade_date=2026-07-17\exchange=NSE\symbol=TECHM\part-062850_333635-022398.parquet,36413,downloaded,36413,
2026-07-17,NSE,TECHM,raw_l2/trade_date=2026-07-17/exchange=NSE/symbol=TECHM/part-060706_464608-019486.parquet,real_data_sample\l2_unseen_validation\trade_date=2026-07-17\exchange=NSE\symbol=TECHM\part-060706_464608-019486.parquet,36116,downloaded,36116,
2026-07-17,NSE,TECHM,raw_l2/trade_date=2026-07-17/exchange=NSE/symbol=TECHM/part-060916_892040-019774.parquet,real_data_sample\l2_unseen_validation\trade_date=2026-07-17\exchange=NSE\symbol=TECHM\part-060916_892040-019774.parquet,36302,downloaded,36302,
2026-07-17,NSE,TECHM,raw_l2/trade_date=2026-07-17/exchange=NSE/symbol=TECHM/part-060542_523405-019294.parquet,real_data_sample\l2_unseen_validation\trade_date=2026-07-17\exchange=NSE\symbol=TECHM\part-060542_523405-019294.parquet,35989,downloaded,35989,
2026-07-17,NSE,TECHM,raw_l2/trade_date=2026-07-17/exchange=NSE/symbol=TECHM/part-060902_822313-019742.parquet,real_data_sample\l2_unseen_validation\trade_date=2026-07-17\exchange=NSE\symbol=TECHM\part-060902_822313-019742.parquet,36312,downloaded,36312,
2026-07-17,NSE,TECHM,raw_l2/trade_date=2026-07-17/exchange=NSE/symbol=TECHM/part-062904_240049-022430.parquet,real_data_sample\l2_unseen_validation\trade_date=2026-07-17\exchange=NSE\symbol=TECHM\part-062904_240049-022430.parquet,35929,downloaded,35929,
2026-07-17,NSE,TECHM,raw_l2/trade_date=2026-07-17/exchange=NSE/symbol=TECHM/part-060834_430044-019678.parquet,real_data_sample\l2_unseen_validation\trade_date=2026-07-17\exchange=NSE\symbol=TECHM\part-060834_430044-019678.parquet,36272,downloaded,36272,
2026-07-17,NSE,TECHM,raw_l2/trade_date=2026-07-17/exchange=NSE/symbol=TECHM/part-060638_240698-019422.parquet,real_data_sample\l2_unseen_validation\trade_date=2026-07-17\exchange=NSE\symbol=TECHM\part-060638_240698-019422.parquet,36171,downloaded,36171,
2026-07-17,NSE,TECHM,raw_l2/trade_date=2026-07-17/exchange=NSE/symbol=TECHM/part-062918_352013-022462.parquet,real_data_sample\l2_unseen_validation\trade_date=2026-07-17\exchange=NSE\symbol=TECHM\part-062918_352013-022462.parquet,35585,downloaded,35585,
2026-07-17,NSE,TECHM,raw_l2/trade_date=2026-07-17/exchange=NSE/symbol=TECHM/part-060931_565844-019806.parquet,real_data_sample\l2_unseen_validation\trade_date=2026-07-17\exchange=NSE\symbol=TECHM\part-060931_565844-019806.parquet,35976,downloaded,35976,
2026-07-17,NSE,TECHM,raw_l2/trade_date=2026-07-17/exchange=NSE/symbol=TECHM/part-060945_775583-019838.parquet,real_data_sample\l2_unseen_validation\trade_date=2026-07-17\exchange=NSE\symbol=TECHM\part-060945_775583-019838.parquet,36203,downloaded,36203,
2026-07-17,NSE,TECHM,raw_l2/trade_date=2026-07-17/exchange=NSE/symbol=TECHM/part-060848_630751-019710.parquet,real_data_sample\l2_unseen_validation\trade_date=2026-07-17\exchange=NSE\symbol=TECHM\part-060848_630751-019710.parquet,36277,downloaded,36277,
2026-07-17,NSE,TECHM,raw_l2/trade_date=2026-07-17/exchange=NSE/symbol=TECHM/part-060734_860636-019550.parquet,real_data_sample\l2_unseen_validation\trade_date=2026-07-17\exchange=NSE\symbol=TECHM\part-060734_860636-019550.parquet,36284,downloaded,36284,
2026-07-17,NSE,TECHM,raw_l2/trade_date=2026-07-17/exchange=NSE/symbol=TECHM/part-062933_434404-022494.parquet,real_data_sample\l2_unseen_validation\trade_date=2026-07-17\exchange=NSE\symbol=TECHM\part-062933_434404-022494.parquet,35638,downloaded,35638,
2026-07-17,NSE,TECHM,raw_l2/trade_date=2026-07-17/exchange=NSE/symbol=TECHM/part-061000_120724-019870.parquet,real_data_sample\l2_unseen_validation\trade_date=2026-07-17\exchange=NSE\symbol=TECHM\part-061000_120724-019870.parquet,36130,downloaded,36130,
2026-07-17,NSE,TECHM,raw_l2/trade_date=2026-07-17/exchange=NSE/symbol=TECHM/part-062947_676672-022526.parquet,real_data_sample\l2_unseen_validation\trade_date=2026-07-17\exchange=NSE\symbol=TECHM\part-062947_676672-022526.parquet,36045,downloaded,36045,
2026-07-17,NSE,TECHM,raw_l2/trade_date=2026-07-17/exchange=NSE/symbol=TECHM/part-060624_177233-019390.parquet,real_data_sample\l2_unseen_validation\trade_date=2026-07-17\exchange=NSE\symbol=TECHM\part-060624_177233-019390.parquet,35828,downloaded,35828,
2026-07-17,NSE,TECHM,raw_l2/trade_date=2026-07-17/exchange=NSE/symbol=TECHM/part-060652_607119-019454.parquet,real_data_sample\l2_unseen_validation\trade_date=2026-07-17\exchange=NSE\symbol=TECHM\part-060652_607119-019454.parquet,36156,downloaded,36156,
2026-07-17,NSE,TECHM,raw_l2/trade_date=2026-07-17/exchange=NSE/symbol=TECHM/part-060819_904379-019646.parquet,real_data_sample\l2_unseen_validation\trade_date=2026-07-17\exchange=NSE\symbol=TECHM\part-060819_904379-019646.parquet,36400,downloaded,36400,
2026-07-17,NSE,TECHM,raw_l2/trade_date=2026-07-17/exchange=NSE/symbol=TECHM/part-063002_393411-022558.parquet,real_data_sample\l2_unseen_validation\trade_date=2026-07-17\exchange=NSE\symbol=TECHM\part-063002_393411-022558.parquet,35836,downloaded,35836,
2026-07-17,NSE,TECHM,raw_l2/trade_date=2026-07-17/exchange=NSE/symbol=TECHM/part-063030_640930-022622.parquet,real_data_sample\l2_unseen_validation\trade_date=2026-07-17\exchange=NSE\symbol=TECHM\part-063030_640930-022622.parquet,35516,downloaded,35516,
2026-07-17,NSE,TECHM,raw_l2/trade_date=2026-07-17/exchange=NSE/symbol=TECHM/part-063016_577175-022590.parquet,real_data_sample\l2_unseen_validation\trade_date=2026-07-17\exchange=NSE\symbol=TECHM\part-063016_577175-022590.parquet,35973,downloaded,35973,
2026-07-17,NSE,TECHM,raw_l2/trade_date=2026-07-17/exchange=NSE/symbol=TECHM/part-063044_789167-022654.parquet,real_data_sample\l2_unseen_validation\trade_date=2026-07-17\exchange=NSE\symbol=TECHM\part-063044_789167-022654.parquet,35695,downloaded,35695,
2026-07-17,NSE,TECHM,raw_l2/trade_date=2026-07-17/exchange=NSE/symbol=TECHM/part-063058_796650-022686.parquet,real_data_sample\l2_unseen_validation\trade_date=2026-07-17\exchange=NSE\symbol=TECHM\part-063058_796650-022686.parquet,35640,downloaded,35640,
2026-07-17,NSE,TECHM,raw_l2/trade_date=2026-07-17/exchange=NSE/symbol=TECHM/part-061014_580388-019902.parquet,real_data_sample\l2_unseen_validation\trade_date=2026-07-17\exchange=NSE\symbol=TECHM\part-061014_580388-019902.parquet,35938,downloaded,35938,
2026-07-17,NSE,TECHM,raw_l2/trade_date=2026-07-17/exchange=NSE/symbol=TECHM/part-063127_410844-022750.parquet,real_data_sample\l2_unseen_validation\trade_date=2026-07-17\exchange=NSE\symbol=TECHM\part-063127_410844-022750.parquet,35639,downloaded,35639,
2026-07-17,NSE,TECHM,raw_l2/trade_date=2026-07-17/exchange=NSE/symbol=TECHM/part-063113_194112-022718.parquet,real_data_sample\l2_unseen_validation\trade_date=2026-07-17\exchange=NSE\symbol=TECHM\part-063113_194112-022718.parquet,35711,downloaded,35711,
2026-07-17,NSE,TECHM,raw_l2/trade_date=2026-07-17/exchange=NSE/symbol=TECHM/part-063141_362938-022782.parquet,real_data_sample\l2_unseen_validation\trade_date=2026-07-17\exchange=NSE\symbol=TECHM\part-063141_362938-022782.parquet,35399,downloaded,35399,
2026-07-17,NSE,TECHM,raw_l2/trade_date=2026-07-17/exchange=NSE/symbol=TECHM/part-063155_334932-022814.parquet,real_data_sample\l2_unseen_validation\trade_date=2026-07-17\exchange=NSE\symbol=TECHM\part-063155_334932-022814.parquet,36397,downloaded,36397,
2026-07-17,NSE,TECHM,raw_l2/trade_date=2026-07-17/exchange=NSE/symbol=TECHM/part-060514_258113-019230.parquet,real_data_sample\l2_unseen_validation\trade_date=2026-07-17\exchange=NSE\symbol=TECHM\part-060514_258113-019230.parquet,35863,downloaded,35863,
2026-07-17,NSE,TECHM,raw_l2/trade_date=2026-07-17/exchange=NSE/symbol=TECHM/part-063251_116491-022942.parquet,real_data_sample\l2_unseen_validation\trade_date=2026-07-17\exchange=NSE\symbol=TECHM\part-063251_116491-022942.parquet,35801,downloaded,35801,
2026-07-17,NSE,TECHM,raw_l2/trade_date=2026-07-17/exchange=NSE/symbol=TECHM/part-063319_985185-023006.parquet,real_data_sample\l2_unseen_validation\trade_date=2026-07-17\exchange=NSE\symbol=TECHM\part-063319_985185-023006.parquet,35683,downloaded,35683,
2026-07-17,NSE,TECHM,raw_l2/trade_date=2026-07-17/exchange=NSE/symbol=TECHM/part-063305_484375-022974.parquet,real_data_sample\l2_unseen_validation\trade_date=2026-07-17\exchange=NSE\symbol=TECHM\part-063305_484375-022974.parquet,36122,downloaded,36122,
2026-07-17,NSE,TECHM,raw_l2/trade_date=2026-07-17/exchange=NSE/symbol=TECHM/part-063223_149977-022878.parquet,real_data_sample\l2_unseen_validation\trade_date=2026-07-17\exchange=NSE\symbol=TECHM\part-063223_149977-022878.parquet,35924,downloaded,35924,
2026-07-17,NSE,TECHM,raw_l2/trade_date=2026-07-17/exchange=NSE/symbol=TECHM/part-063209_251738-022846.parquet,real_data_sample\l2_unseen_validation\trade_date=2026-07-17\exchange=NSE\symbol=TECHM\part-063209_251738-022846.parquet,35728,downloaded,35728,
2026-07-17,NSE,TECHM,raw_l2/trade_date=2026-07-17/exchange=NSE/symbol=TECHM/part-063237_204626-022910.parquet,real_data_sample\l2_unseen_validation\trade_date=2026-07-17\exchange=NSE\symbol=TECHM\part-063237_204626-022910.parquet,35875,downloaded,35875,
2026-07-17,NSE,TECHM,raw_l2/trade_date=2026-07-17/exchange=NSE/symbol=TECHM/part-063402_361239-023102.parquet,real_data_sample\l2_unseen_validation\trade_date=2026-07-17\exchange=NSE\symbol=TECHM\part-063402_361239-023102.parquet,35808,downloaded,35808,
2026-07-17,NSE,TECHM,raw_l2/trade_date=2026-07-17/exchange=NSE/symbol=TECHM/part-063416_409174-023134.parquet,real_data_sample\l2_unseen_validation\trade_date=2026-07-17\exchange=NSE\symbol=TECHM\part-063416_409174-023134.parquet,35396,downloaded,35396,
2026-07-17,NSE,TECHM,raw_l2/trade_date=2026-07-17/exchange=NSE/symbol=TECHM/part-063334_184998-023038.parquet,real_data_sample\l2_unseen_validation\trade_date=2026-07-17\exchange=NSE\symbol=TECHM\part-063334_184998-023038.parquet,35665,downloaded,35665,
2026-07-17,NSE,TECHM,raw_l2/trade_date=2026-07-17/exchange=NSE/symbol=TECHM/part-063430_450420-023166.parquet,real_data_sample\l2_unseen_validation\trade_date=2026-07-17\exchange=NSE\symbol=TECHM\part-063430_450420-023166.parquet,35889,downloaded,35889,
2026-07-17,NSE,TECHM,raw_l2/trade_date=2026-07-17/exchange=NSE/symbol=TECHM/part-063348_296440-023070.parquet,real_data_sample\l2_unseen_validation\trade_date=2026-07-17\exchange=NSE\symbol=TECHM\part-063348_296440-023070.parquet,35539,downloaded,35539,
2026-07-17,NSE,TECHM,raw_l2/trade_date=2026-07-17/exchange=NSE/symbol=TECHM/part-060805_490377-019614.parquet,real_data_sample\l2_unseen_validation\trade_date=2026-07-17\exchange=NSE\symbol=TECHM\part-060805_490377-019614.parquet,36472,downloaded,36472,
2026-07-17,NSE,TECHM,raw_l2/trade_date=2026-07-17/exchange=NSE/symbol=TECHM/part-060556_468395-019326.parquet,real_data_sample\l2_unseen_validation\trade_date=2026-07-17\exchange=NSE\symbol=TECHM\part-060556_468395-019326.parquet,36596,downloaded,36596,
2026-07-17,NSE,TECHM,raw_l2/trade_date=2026-07-17/exchange=NSE/symbol=TECHM/part-060720_618963-019518.parquet,real_data_sample\l2_unseen_validation\trade_date=2026-07-17\exchange=NSE\symbol=TECHM\part-060720_618963-019518.parquet,37004,downloaded,37004,
2026-07-17,NSE,TECHM,raw_l2/trade_date=2026-07-17/exchange=NSE/symbol=TECHM/part-063444_411218-023198.parquet,real_data_sample\l2_unseen_validation\trade_date=2026-07-17\exchange=NSE\symbol=TECHM\part-063444_411218-023198.parquet,35904,downloaded,35904,
2026-07-17,NSE,TECHM,raw_l2/trade_date=2026-07-17/exchange=NSE/symbol=TECHM/part-060610_376289-019358.parquet,real_data_sample\l2_unseen_validation\trade_date=2026-07-17\exchange=NSE\symbol=TECHM\part-060610_376289-019358.parquet,36528,downloaded,36528,
2026-07-17,NSE,TECHM,raw_l2/trade_date=2026-07-17/exchange=NSE/symbol=TECHM/part-063458_370445-023230.parquet,real_data_sample\l2_unseen_validation\trade_date=2026-07-17\exchange=NSE\symbol=TECHM\part-063458_370445-023230.parquet,35515,downloaded,35515,
2026-07-17,NSE,TECHM,raw_l2/trade_date=2026-07-17/exchange=NSE/symbol=TECHM/part-063512_576949-023262.parquet,real_data_sample\l2_unseen_validation\trade_date=2026-07-17\exchange=NSE\symbol=TECHM\part-063512_576949-023262.parquet,35725,downloaded,35725,
2026-07-17,NSE,TECHM,raw_l2/trade_date=2026-07-17/exchange=NSE/symbol=TECHM/part-063540_620027-023326.parquet,real_data_sample\l2_unseen_validation\trade_date=2026-07-17\exchange=NSE\symbol=TECHM\part-063540_620027-023326.parquet,35854,downloaded,35854,
2026-07-17,NSE,TECHM,raw_l2/trade_date=2026-07-17/exchange=NSE/symbol=TECHM/part-063554_551565-023358.parquet,real_data_sample\l2_unseen_validation\trade_date=2026-07-17\exchange=NSE\symbol=TECHM\part-063554_551565-023358.parquet,35962,downloaded,35962,
2026-07-17,NSE,TECHM,raw_l2/trade_date=2026-07-17/exchange=NSE/symbol=TECHM/part-063608_498775-023390.parquet,real_data_sample\l2_unseen_validation\trade_date=2026-07-17\exchange=NSE\symbol=TECHM\part-063608_498775-023390.parquet,35666,downloaded,35666,
2026-07-17,NSE,TECHM,raw_l2/trade_date=2026-07-17/exchange=NSE/symbol=TECHM/part-063650_538173-023486.parquet,real_data_sample\l2_unseen_validation\trade_date=2026-07-17\exchange=NSE\symbol=TECHM\part-063650_538173-023486.parquet,35204,downloaded,35204,
2026-07-17,NSE,TECHM,raw_l2/trade_date=2026-07-17/exchange=NSE/symbol=TECHM/part-063622_448353-023422.parquet,real_data_sample\l2_unseen_validation\trade_date=2026-07-17\exchange=NSE\symbol=TECHM\part-063622_448353-023422.parquet,35448,downloaded,35448,
2026-07-17,NSE,TECHM,raw_l2/trade_date=2026-07-17/exchange=NSE/symbol=TECHM/part-063636_537453-023454.parquet,real_data_sample\l2_unseen_validation\trade_date=2026-07-17\exchange=NSE\symbol=TECHM\part-063636_537453-023454.parquet,35774,downloaded,35774,
2026-07-17,NSE,TECHM,raw_l2/trade_date=2026-07-17/exchange=NSE/symbol=TECHM/part-063704_493996-023518.parquet,real_data_sample\l2_unseen_validation\trade_date=2026-07-17\exchange=NSE\symbol=TECHM\part-063704_493996-023518.parquet,35623,downloaded,35623,
2026-07-17,NSE,TECHM,raw_l2/trade_date=2026-07-17/exchange=NSE/symbol=TECHM/part-063732_363878-023582.parquet,real_data_sample\l2_unseen_validation\trade_date=2026-07-17\exchange=NSE\symbol=TECHM\part-063732_363878-023582.parquet,35784,downloaded,35784,
2026-07-17,NSE,TECHM,raw_l2/trade_date=2026-07-17/exchange=NSE/symbol=TECHM/part-063746_347303-023614.parquet,real_data_sample\l2_unseen_validation\trade_date=2026-07-17\exchange=NSE\symbol=TECHM\part-063746_347303-023614.parquet,35665,downloaded,35665,
2026-07-17,NSE,TECHM,raw_l2/trade_date=2026-07-17/exchange=NSE/symbol=TECHM/part-063800_111454-023646.parquet,real_data_sample\l2_unseen_validation\trade_date=2026-07-17\exchange=NSE\symbol=TECHM\part-063800_111454-023646.parquet,36420,downloaded,36420,
2026-07-17,NSE,TECHM,raw_l2/trade_date=2026-07-17/exchange=NSE/symbol=TECHM/part-063814_089549-023678.parquet,real_data_sample\l2_unseen_validation\trade_date=2026-07-17\exchange=NSE\symbol=TECHM\part-063814_089549-023678.parquet,36119,downloaded,36119,
2026-07-17,NSE,TECHM,raw_l2/trade_date=2026-07-17/exchange=NSE/symbol=TECHM/part-063718_455343-023550.parquet,real_data_sample\l2_unseen_validation\trade_date=2026-07-17\exchange=NSE\symbol=TECHM\part-063718_455343-023550.parquet,35586,downloaded,35586,
2026-07-17,NSE,TECHM,raw_l2/trade_date=2026-07-17/exchange=NSE/symbol=TECHM/part-063842_605644-023742.parquet,real_data_sample\l2_unseen_validation\trade_date=2026-07-17\exchange=NSE\symbol=TECHM\part-063842_605644-023742.parquet,36464,downloaded,36464,
2026-07-17,NSE,TECHM,raw_l2/trade_date=2026-07-17/exchange=NSE/symbol=TECHM/part-063857_526807-023774.parquet,real_data_sample\l2_unseen_validation\trade_date=2026-07-17\exchange=NSE\symbol=TECHM\part-063857_526807-023774.parquet,36160,downloaded,36160,
2026-07-17,NSE,TECHM,raw_l2/trade_date=2026-07-17/exchange=NSE/symbol=TECHM/part-063925_392429-023838.parquet,real_data_sample\l2_unseen_validation\trade_date=2026-07-17\exchange=NSE\symbol=TECHM\part-063925_392429-023838.parquet,36332,downloaded,36332,
2026-07-17,NSE,TECHM,raw_l2/trade_date=2026-07-17/exchange=NSE/symbol=TECHM/part-063911_377020-023806.parquet,real_data_sample\l2_unseen_validation\trade_date=2026-07-17\exchange=NSE\symbol=TECHM\part-063911_377020-023806.parquet,35840,downloaded,35840,
2026-07-17,NSE,TECHM,raw_l2/trade_date=2026-07-17/exchange=NSE/symbol=TECHM/part-064007_161756-023934.parquet,real_data_sample\l2_unseen_validation\trade_date=2026-07-17\exchange=NSE\symbol=TECHM\part-064007_161756-023934.parquet,35990,downloaded,35990,
2026-07-17,NSE,TECHM,raw_l2/trade_date=2026-07-17/exchange=NSE/symbol=TECHM/part-063953_346694-023902.parquet,real_data_sample\l2_unseen_validation\trade_date=2026-07-17\exchange=NSE\symbol=TECHM\part-063953_346694-023902.parquet,36107,downloaded,36107,
2026-07-17,NSE,TECHM,raw_l2/trade_date=2026-07-17/exchange=NSE/symbol=TECHM/part-063939_501763-023870.parquet,real_data_sample\l2_unseen_validation\trade_date=2026-07-17\exchange=NSE\symbol=TECHM\part-063939_501763-023870.parquet,36344,downloaded,36344,
2026-07-17,NSE,TECHM,raw_l2/trade_date=2026-07-17/exchange=NSE/symbol=TECHM/part-064049_535837-024030.parquet,real_data_sample\l2_unseen_validation\trade_date=2026-07-17\exchange=NSE\symbol=TECHM\part-064049_535837-024030.parquet,36075,downloaded,36075,
2026-07-17,NSE,TECHM,raw_l2/trade_date=2026-07-17/exchange=NSE/symbol=TECHM/part-064035_484662-023998.parquet,real_data_sample\l2_unseen_validation\trade_date=2026-07-17\exchange=NSE\symbol=TECHM\part-064035_484662-023998.parquet,36397,downloaded,36397,
2026-07-17,NSE,TECHM,raw_l2/trade_date=2026-07-17/exchange=NSE/symbol=TECHM/part-064103_410571-024062.parquet,real_data_sample\l2_unseen_validation\trade_date=2026-07-17\exchange=NSE\symbol=TECHM\part-064103_410571-024062.parquet,35823,downloaded,35823,
2026-07-17,NSE,TECHM,raw_l2/trade_date=2026-07-17/exchange=NSE/symbol=TECHM/part-063526_815240-023294.parquet,real_data_sample\l2_unseen_validation\trade_date=2026-07-17\exchange=NSE\symbol=TECHM\part-063526_815240-023294.parquet,35756,downloaded,35756,
2026-07-17,NSE,TECHM,raw_l2/trade_date=2026-07-17/exchange=NSE/symbol=TECHM/part-064021_317084-023966.parquet,real_data_sample\l2_unseen_validation\trade_date=2026-07-17\exchange=NSE\symbol=TECHM\part-064021_317084-023966.parquet,36344,downloaded,36344,
2026-07-17,NSE,TECHM,raw_l2/trade_date=2026-07-17/exchange=NSE/symbol=TECHM/part-064145_255508-024158.parquet,real_data_sample\l2_unseen_validation\trade_date=2026-07-17\exchange=NSE\symbol=TECHM\part-064145_255508-024158.parquet,35726,downloaded,35726,
2026-07-17,NSE,TECHM,raw_l2/trade_date=2026-07-17/exchange=NSE/symbol=TECHM/part-064131_170426-024126.parquet,real_data_sample\l2_unseen_validation\trade_date=2026-07-17\exchange=NSE\symbol=TECHM\part-064131_170426-024126.parquet,36226,downloaded,36226,
2026-07-17,NSE,TECHM,raw_l2/trade_date=2026-07-17/exchange=NSE/symbol=TECHM/part-064117_233257-024094.parquet,real_data_sample\l2_unseen_validation\trade_date=2026-07-17\exchange=NSE\symbol=TECHM\part-064117_233257-024094.parquet,36237,downloaded,36237,
2026-07-17,NSE,TECHM,raw_l2/trade_date=2026-07-17/exchange=NSE/symbol=TECHM/part-064212_891721-024222.parquet,real_data_sample\l2_unseen_validation\trade_date=2026-07-17\exchange=NSE\symbol=TECHM\part-064212_891721-024222.parquet,36364,downloaded,36364,
2026-07-17,NSE,TECHM,raw_l2/trade_date=2026-07-17/exchange=NSE/symbol=TECHM/part-064158_992892-024190.parquet,real_data_sample\l2_unseen_validation\trade_date=2026-07-17\exchange=NSE\symbol=TECHM\part-064158_992892-024190.parquet,35770,downloaded,35770,
2026-07-17,NSE,TECHM,raw_l2/trade_date=2026-07-17/exchange=NSE/symbol=TECHM/part-064240_546060-024286.parquet,real_data_sample\l2_unseen_validation\trade_date=2026-07-17\exchange=NSE\symbol=TECHM\part-064240_546060-024286.parquet,36091,downloaded,36091,
2026-07-17,NSE,TECHM,raw_l2/trade_date=2026-07-17/exchange=NSE/symbol=TECHM/part-064226_840770-024254.parquet,real_data_sample\l2_unseen_validation\trade_date=2026-07-17\exchange=NSE\symbol=TECHM\part-064226_840770-024254.parquet,36130,downloaded,36130,
2026-07-17,NSE,TECHM,raw_l2/trade_date=2026-07-17/exchange=NSE/symbol=TECHM/part-064307_989622-024350.parquet,real_data_sample\l2_unseen_validation\trade_date=2026-07-17\exchange=NSE\symbol=TECHM\part-064307_989622-024350.parquet,35938,downloaded,35938,
2026-07-17,NSE,TECHM,raw_l2/trade_date=2026-07-17/exchange=NSE/symbol=TECHM/part-064254_311414-024318.parquet,real_data_sample\l2_unseen_validation\trade_date=2026-07-17\exchange=NSE\symbol=TECHM\part-064254_311414-024318.parquet,35905,downloaded,35905,
2026-07-17,NSE,TECHM,raw_l2/trade_date=2026-07-17/exchange=NSE/symbol=TECHM/part-064321_895903-024382.parquet,real_data_sample\l2_unseen_validation\trade_date=2026-07-17\exchange=NSE\symbol=TECHM\part-064321_895903-024382.parquet,36061,downloaded,36061,
2026-07-17,NSE,TECHM,raw_l2/trade_date=2026-07-17/exchange=NSE/symbol=TECHM/part-064417_413295-024510.parquet,real_data_sample\l2_unseen_validation\trade_date=2026-07-17\exchange=NSE\symbol=TECHM\part-064417_413295-024510.parquet,36320,downloaded,36320,
2026-07-17,NSE,TECHM,raw_l2/trade_date=2026-07-17/exchange=NSE/symbol=TECHM/part-064335_755166-024414.parquet,real_data_sample\l2_unseen_validation\trade_date=2026-07-17\exchange=NSE\symbol=TECHM\part-064335_755166-024414.parquet,36238,downloaded,36238,
2026-07-17,NSE,TECHM,raw_l2/trade_date=2026-07-17/exchange=NSE/symbol=TECHM/part-064349_548490-024446.parquet,real_data_sample\l2_unseen_validation\trade_date=2026-07-17\exchange=NSE\symbol=TECHM\part-064349_548490-024446.parquet,35437,downloaded,35437,
2026-07-17,NSE,TECHM,raw_l2/trade_date=2026-07-17/exchange=NSE/symbol=TECHM/part-064403_247277-024478.parquet,real_data_sample\l2_unseen_validation\trade_date=2026-07-17\exchange=NSE\symbol=TECHM\part-064403_247277-024478.parquet,35587,downloaded,35587,
2026-07-17,NSE,TECHM,raw_l2/trade_date=2026-07-17/exchange=NSE/symbol=TECHM/part-064622_065097-024798.parquet,real_data_sample\l2_unseen_validation\trade_date=2026-07-17\exchange=NSE\symbol=TECHM\part-064622_065097-024798.parquet,36050,downloaded,36050,
2026-07-17,NSE,TECHM,raw_l2/trade_date=2026-07-17/exchange=NSE/symbol=TECHM/part-064635_943199-024830.parquet,real_data_sample\l2_unseen_validation\trade_date=2026-07-17\exchange=NSE\symbol=TECHM\part-064635_943199-024830.parquet,35657,downloaded,35657,
2026-07-17,NSE,TECHM,raw_l2/trade_date=2026-07-17/exchange=NSE/symbol=TECHM/part-064459_077391-024606.parquet,real_data_sample\l2_unseen_validation\trade_date=2026-07-17\exchange=NSE\symbol=TECHM\part-064459_077391-024606.parquet,35979,downloaded,35979,
2026-07-17,NSE,TECHM,raw_l2/trade_date=2026-07-17/exchange=NSE/symbol=TECHM/part-064512_950303-024638.parquet,real_data_sample\l2_unseen_validation\trade_date=2026-07-17\exchange=NSE\symbol=TECHM\part-064512_950303-024638.parquet,36106,downloaded,36106,
2026-07-17,NSE,TECHM,raw_l2/trade_date=2026-07-17/exchange=NSE/symbol=TECHM/part-064608_237599-024766.parquet,real_data_sample\l2_unseen_validation\trade_date=2026-07-17\exchange=NSE\symbol=TECHM\part-064608_237599-024766.parquet,35885,downloaded,35885,
2026-07-17,NSE,TECHM,raw_l2/trade_date=2026-07-17/exchange=NSE/symbol=TECHM/part-064540_827581-024702.parquet,real_data_sample\l2_unseen_validation\trade_date=2026-07-17\exchange=NSE\symbol=TECHM\part-064540_827581-024702.parquet,35812,downloaded,35812,
2026-07-17,NSE,TECHM,raw_l2/trade_date=2026-07-17/exchange=NSE/symbol=TECHM/part-064649_867142-024862.parquet,real_data_sample\l2_unseen_validation\trade_date=2026-07-17\exchange=NSE\symbol=TECHM\part-064649_867142-024862.parquet,35800,downloaded,35800,
2026-07-17,NSE,TECHM,raw_l2/trade_date=2026-07-17/exchange=NSE/symbol=TECHM/part-064554_478213-024734.parquet,real_data_sample\l2_unseen_validation\trade_date=2026-07-17\exchange=NSE\symbol=TECHM\part-064554_478213-024734.parquet,35603,downloaded,35603,
2026-07-17,NSE,TECHM,raw_l2/trade_date=2026-07-17/exchange=NSE/symbol=TECHM/part-064703_867723-024894.parquet,real_data_sample\l2_unseen_validation\trade_date=2026-07-17\exchange=NSE\symbol=TECHM\part-064703_867723-024894.parquet,36015,downloaded,36015,
2026-07-17,NSE,TECHM,raw_l2/trade_date=2026-07-17/exchange=NSE/symbol=TECHM/part-064526_901645-024670.parquet,real_data_sample\l2_unseen_validation\trade_date=2026-07-17\exchange=NSE\symbol=TECHM\part-064526_901645-024670.parquet,36413,downloaded,36413,
2026-07-17,NSE,TECHM,raw_l2/trade_date=2026-07-17/exchange=NSE/symbol=TECHM/part-064717_831404-024926.parquet,real_data_sample\l2_unseen_validation\trade_date=2026-07-17\exchange=NSE\symbol=TECHM\part-064717_831404-024926.parquet,36208,downloaded,36208,
2026-07-17,NSE,TECHM,raw_l2/trade_date=2026-07-17/exchange=NSE/symbol=TECHM/part-064745_571804-024990.parquet,real_data_sample\l2_unseen_validation\trade_date=2026-07-17\exchange=NSE\symbol=TECHM\part-064745_571804-024990.parquet,36593,downloaded,36593,
2026-07-17,NSE,TECHM,raw_l2/trade_date=2026-07-17/exchange=NSE/symbol=TECHM/part-064813_339339-025054.parquet,real_data_sample\l2_unseen_validation\trade_date=2026-07-17\exchange=NSE\symbol=TECHM\part-064813_339339-025054.parquet,36305,downloaded,36305,
2026-07-17,NSE,TECHM,raw_l2/trade_date=2026-07-17/exchange=NSE/symbol=TECHM/part-064445_000629-024574.parquet,real_data_sample\l2_unseen_validation\trade_date=2026-07-17\exchange=NSE\symbol=TECHM\part-064445_000629-024574.parquet,35945,downloaded,35945,
2026-07-17,NSE,TECHM,raw_l2/trade_date=2026-07-17/exchange=NSE/symbol=TECHM/part-064431_342766-024542.parquet,real_data_sample\l2_unseen_validation\trade_date=2026-07-17\exchange=NSE\symbol=TECHM\part-064431_342766-024542.parquet,36411,downloaded,36411,
2026-07-17,NSE,TECHM,raw_l2/trade_date=2026-07-17/exchange=NSE/symbol=TECHM/part-064731_660033-024958.parquet,real_data_sample\l2_unseen_validation\trade_date=2026-07-17\exchange=NSE\symbol=TECHM\part-064731_660033-024958.parquet,36148,downloaded,36148,
2026-07-17,NSE,TECHM,raw_l2/trade_date=2026-07-17/exchange=NSE/symbol=TECHM/part-064827_187373-025086.parquet,real_data_sample\l2_unseen_validation\trade_date=2026-07-17\exchange=NSE\symbol=TECHM\part-064827_187373-025086.parquet,36087,downloaded,36087,
2026-07-17,NSE,TECHM,raw_l2/trade_date=2026-07-17/exchange=NSE/symbol=TECHM/part-064854_778586-025150.parquet,real_data_sample\l2_unseen_validation\trade_date=2026-07-17\exchange=NSE\symbol=TECHM\part-064854_778586-025150.parquet,36069,downloaded,36069,
2026-07-17,NSE,TECHM,raw_l2/trade_date=2026-07-17/exchange=NSE/symbol=TECHM/part-064922_569369-025214.parquet,real_data_sample\l2_unseen_validation\trade_date=2026-07-17\exchange=NSE\symbol=TECHM\part-064922_569369-025214.parquet,36197,downloaded,36197,
2026-07-17,NSE,TECHM,raw_l2/trade_date=2026-07-17/exchange=NSE/symbol=TECHM/part-064936_376128-025246.parquet,real_data_sample\l2_unseen_validation\trade_date=2026-07-17\exchange=NSE\symbol=TECHM\part-064936_376128-025246.parquet,36047,downloaded,36047,
2026-07-17,NSE,TECHM,raw_l2/trade_date=2026-07-17/exchange=NSE/symbol=TECHM/part-065018_298290-025342.parquet,real_data_sample\l2_unseen_validation\trade_date=2026-07-17\exchange=NSE\symbol=TECHM\part-065018_298290-025342.parquet,35610,downloaded,35610,
2026-07-17,NSE,TECHM,raw_l2/trade_date=2026-07-17/exchange=NSE/symbol=TECHM/part-065004_456254-025310.parquet,real_data_sample\l2_unseen_validation\trade_date=2026-07-17\exchange=NSE\symbol=TECHM\part-065004_456254-025310.parquet,35839,downloaded,35839,
2026-07-17,NSE,TECHM,raw_l2/trade_date=2026-07-17/exchange=NSE/symbol=TECHM/part-064950_457702-025278.parquet,real_data_sample\l2_unseen_validation\trade_date=2026-07-17\exchange=NSE\symbol=TECHM\part-064950_457702-025278.parquet,36259,downloaded,36259,
2026-07-17,NSE,TECHM,raw_l2/trade_date=2026-07-17/exchange=NSE/symbol=TECHM/part-064908_667982-025182.parquet,real_data_sample\l2_unseen_validation\trade_date=2026-07-17\exchange=NSE\symbol=TECHM\part-064908_667982-025182.parquet,36033,downloaded,36033,
2026-07-17,NSE,TECHM,raw_l2/trade_date=2026-07-17/exchange=NSE/symbol=TECHM/part-064841_083738-025118.parquet,real_data_sample\l2_unseen_validation\trade_date=2026-07-17\exchange=NSE\symbol=TECHM\part-064841_083738-025118.parquet,36265,downloaded,36265,
2026-07-17,NSE,TECHM,raw_l2/trade_date=2026-07-17/exchange=NSE/symbol=TECHM/part-065032_180269-025374.parquet,real_data_sample\l2_unseen_validation\trade_date=2026-07-17\exchange=NSE\symbol=TECHM\part-065032_180269-025374.parquet,35377,downloaded,35377,
2026-07-17,NSE,TECHM,raw_l2/trade_date=2026-07-17/exchange=NSE/symbol=TECHM/part-065046_391958-025406.parquet,real_data_sample\l2_unseen_validation\trade_date=2026-07-17\exchange=NSE\symbol=TECHM\part-065046_391958-025406.parquet,35713,downloaded,35713,
2026-07-17,NSE,TECHM,raw_l2/trade_date=2026-07-17/exchange=NSE/symbol=TECHM/part-065100_265732-025438.parquet,real_data_sample\l2_unseen_validation\trade_date=2026-07-17\exchange=NSE\symbol=TECHM\part-065100_265732-025438.parquet,35582,downloaded,35582,
2026-07-17,NSE,TECHM,raw_l2/trade_date=2026-07-17/exchange=NSE/symbol=TECHM/part-065142_379588-025534.parquet,real_data_sample\l2_unseen_validation\trade_date=2026-07-17\exchange=NSE\symbol=TECHM\part-065142_379588-025534.parquet,36128,downloaded,36128,
2026-07-17,NSE,TECHM,raw_l2/trade_date=2026-07-17/exchange=NSE/symbol=TECHM/part-065224_667821-025630.parquet,real_data_sample\l2_unseen_validation\trade_date=2026-07-17\exchange=NSE\symbol=TECHM\part-065224_667821-025630.parquet,35791,downloaded,35791,
2026-07-17,NSE,TECHM,raw_l2/trade_date=2026-07-17/exchange=NSE/symbol=TECHM/part-065210_619062-025598.parquet,real_data_sample\l2_unseen_validation\trade_date=2026-07-17\exchange=NSE\symbol=TECHM\part-065210_619062-025598.parquet,36074,downloaded,36074,
2026-07-17,NSE,TECHM,raw_l2/trade_date=2026-07-17/exchange=NSE/symbol=TECHM/part-065114_458595-025470.parquet,real_data_sample\l2_unseen_validation\trade_date=2026-07-17\exchange=NSE\symbol=TECHM\part-065114_458595-025470.parquet,36303,downloaded,36303,
2026-07-17,NSE,TECHM,raw_l2/trade_date=2026-07-17/exchange=NSE/symbol=TECHM/part-065156_430266-025566.parquet,real_data_sample\l2_unseen_validation\trade_date=2026-07-17\exchange=NSE\symbol=TECHM\part-065156_430266-025566.parquet,35955,downloaded,35955,
2026-07-17,NSE,TECHM,raw_l2/trade_date=2026-07-17/exchange=NSE/symbol=TECHM/part-065307_003493-025726.parquet,real_data_sample\l2_unseen_validation\trade_date=2026-07-17\exchange=NSE\symbol=TECHM\part-065307_003493-025726.parquet,35706,downloaded,35706,
2026-07-17,NSE,TECHM,raw_l2/trade_date=2026-07-17/exchange=NSE/symbol=TECHM/part-065128_537186-025502.parquet,real_data_sample\l2_unseen_validation\trade_date=2026-07-17\exchange=NSE\symbol=TECHM\part-065128_537186-025502.parquet,35761,downloaded,35761,
2026-07-17,NSE,TECHM,raw_l2/trade_date=2026-07-17/exchange=NSE/symbol=TECHM/part-065253_040898-025694.parquet,real_data_sample\l2_unseen_validation\trade_date=2026-07-17\exchange=NSE\symbol=TECHM\part-065253_040898-025694.parquet,35679,downloaded,35679,
2026-07-17,NSE,TECHM,raw_l2/trade_date=2026-07-17/exchange=NSE/symbol=TECHM/part-065238_792695-025662.parquet,real_data_sample\l2_unseen_validation\trade_date=2026-07-17\exchange=NSE\symbol=TECHM\part-065238_792695-025662.parquet,35502,downloaded,35502,
2026-07-17,NSE,TECHM,raw_l2/trade_date=2026-07-17/exchange=NSE/symbol=TECHM/part-065321_059332-025758.parquet,real_data_sample\l2_unseen_validation\trade_date=2026-07-17\exchange=NSE\symbol=TECHM\part-065321_059332-025758.parquet,35134,downloaded,35134,
2026-07-17,NSE,TECHM,raw_l2/trade_date=2026-07-17/exchange=NSE/symbol=TECHM/part-065334_863823-025790.parquet,real_data_sample\l2_unseen_validation\trade_date=2026-07-17\exchange=NSE\symbol=TECHM\part-065334_863823-025790.parquet,34785,downloaded,34785,
2026-07-17,NSE,TECHM,raw_l2/trade_date=2026-07-17/exchange=NSE/symbol=TECHM/part-064759_329685-025022.parquet,real_data_sample\l2_unseen_validation\trade_date=2026-07-17\exchange=NSE\symbol=TECHM\part-064759_329685-025022.parquet,36075,downloaded,36075,
2026-07-17,NSE,TECHM,raw_l2/trade_date=2026-07-17/exchange=NSE/symbol=TECHM/part-065431_056370-025918.parquet,real_data_sample\l2_unseen_validation\trade_date=2026-07-17\exchange=NSE\symbol=TECHM\part-065431_056370-025918.parquet,35121,downloaded,35121,
2026-07-17,NSE,TECHM,raw_l2/trade_date=2026-07-17/exchange=NSE/symbol=TECHM/part-065416_885509-025886.parquet,real_data_sample\l2_unseen_validation\trade_date=2026-07-17\exchange=NSE\symbol=TECHM\part-065416_885509-025886.parquet,34767,downloaded,34767,
2026-07-17,NSE,TECHM,raw_l2/trade_date=2026-07-17/exchange=NSE/symbol=TECHM/part-065444_917200-025950.parquet,real_data_sample\l2_unseen_validation\trade_date=2026-07-17\exchange=NSE\symbol=TECHM\part-065444_917200-025950.parquet,34736,downloaded,34736,
2026-07-17,NSE,TECHM,raw_l2/trade_date=2026-07-17/exchange=NSE/symbol=TECHM/part-065402_891575-025854.parquet,real_data_sample\l2_unseen_validation\trade_date=2026-07-17\exchange=NSE\symbol=TECHM\part-065402_891575-025854.parquet,34997,downloaded,34997,
2026-07-17,NSE,TECHM,raw_l2/trade_date=2026-07-17/exchange=NSE/symbol=TECHM/part-065459_163745-025982.parquet,real_data_sample\l2_unseen_validation\trade_date=2026-07-17\exchange=NSE\symbol=TECHM\part-065459_163745-025982.parquet,34752,downloaded,34752,
2026-07-17,NSE,TECHM,raw_l2/trade_date=2026-07-17/exchange=NSE/symbol=TECHM/part-065705_422072-026270.parquet,real_data_sample\l2_unseen_validation\trade_date=2026-07-17\exchange=NSE\symbol=TECHM\part-065705_422072-026270.parquet,35915,downloaded,35915,
2026-07-17,NSE,TECHM,raw_l2/trade_date=2026-07-17/exchange=NSE/symbol=TECHM/part-065348_640774-025822.parquet,real_data_sample\l2_unseen_validation\trade_date=2026-07-17\exchange=NSE\symbol=TECHM\part-065348_640774-025822.parquet,34701,downloaded,34701,
2026-07-17,NSE,TECHM,raw_l2/trade_date=2026-07-17/exchange=NSE/symbol=TECHM/part-065527_347165-026046.parquet,real_data_sample\l2_unseen_validation\trade_date=2026-07-17\exchange=NSE\symbol=TECHM\part-065527_347165-026046.parquet,36192,downloaded,36192,
2026-07-17,NSE,TECHM,raw_l2/trade_date=2026-07-17/exchange=NSE/symbol=TECHM/part-065719_544837-026302.parquet,real_data_sample\l2_unseen_validation\trade_date=2026-07-17\exchange=NSE\symbol=TECHM\part-065719_544837-026302.parquet,36372,downloaded,36372,
2026-07-17,NSE,TECHM,raw_l2/trade_date=2026-07-17/exchange=NSE/symbol=TECHM/part-065623_551837-026174.parquet,real_data_sample\l2_unseen_validation\trade_date=2026-07-17\exchange=NSE\symbol=TECHM\part-065623_551837-026174.parquet,36191,downloaded,36191,
2026-07-17,NSE,TECHM,raw_l2/trade_date=2026-07-17/exchange=NSE/symbol=TECHM/part-065513_224508-026014.parquet,real_data_sample\l2_unseen_validation\trade_date=2026-07-17\exchange=NSE\symbol=TECHM\part-065513_224508-026014.parquet,35079,downloaded,35079,
2026-07-17,NSE,TECHM,raw_l2/trade_date=2026-07-17/exchange=NSE/symbol=TECHM/part-065555_417621-026110.parquet,real_data_sample\l2_unseen_validation\trade_date=2026-07-17\exchange=NSE\symbol=TECHM\part-065555_417621-026110.parquet,36035,downloaded,36035,
2026-07-17,NSE,TECHM,raw_l2/trade_date=2026-07-17/exchange=NSE/symbol=TECHM/part-065609_436782-026142.parquet,real_data_sample\l2_unseen_validation\trade_date=2026-07-17\exchange=NSE\symbol=TECHM\part-065609_436782-026142.parquet,36131,downloaded,36131,
2026-07-17,NSE,TECHM,raw_l2/trade_date=2026-07-17/exchange=NSE/symbol=TECHM/part-065541_512784-026078.parquet,real_data_sample\l2_unseen_validation\trade_date=2026-07-17\exchange=NSE\symbol=TECHM\part-065541_512784-026078.parquet,36094,downloaded,36094,
2026-07-17,NSE,TECHM,raw_l2/trade_date=2026-07-17/exchange=NSE/symbol=TECHM/part-065651_492703-026238.parquet,real_data_sample\l2_unseen_validation\trade_date=2026-07-17\exchange=NSE\symbol=TECHM\part-065651_492703-026238.parquet,36024,downloaded,36024,
2026-07-17,NSE,TECHM,raw_l2/trade_date=2026-07-17/exchange=NSE/symbol=TECHM/part-065637_456776-026206.parquet,real_data_sample\l2_unseen_validation\trade_date=2026-07-17\exchange=NSE\symbol=TECHM\part-065637_456776-026206.parquet,36365,downloaded,36365,
2026-07-17,NSE,TECHM,raw_l2/trade_date=2026-07-17/exchange=NSE/symbol=TECHM/part-065733_588850-026334.parquet,real_data_sample\l2_unseen_validation\trade_date=2026-07-17\exchange=NSE\symbol=TECHM\part-065733_588850-026334.parquet,36614,downloaded,36614,
2026-07-17,NSE,TECHM,raw_l2/trade_date=2026-07-17/exchange=NSE/symbol=TECHM/part-063828_424311-023710.parquet,real_data_sample\l2_unseen_validation\trade_date=2026-07-17\exchange=NSE\symbol=TECHM\part-063828_424311-023710.parquet,36356,downloaded,36356,
2026-07-17,NSE,TECHM,raw_l2/trade_date=2026-07-17/exchange=NSE/symbol=TECHM/part-065747_637976-026366.parquet,real_data_sample\l2_unseen_validation\trade_date=2026-07-17\exchange=NSE\symbol=TECHM\part-065747_637976-026366.parquet,36498,downloaded,36498,
2026-07-17,NSE,TECHM,raw_l2/trade_date=2026-07-17/exchange=NSE/symbol=TECHM/part-065801_835744-026398.parquet,real_data_sample\l2_unseen_validation\trade_date=2026-07-17\exchange=NSE\symbol=TECHM\part-065801_835744-026398.parquet,36755,downloaded,36755,
2026-07-17,NSE,TECHM,raw_l2/trade_date=2026-07-17/exchange=NSE/symbol=TECHM/part-065816_160694-026430.parquet,real_data_sample\l2_unseen_validation\trade_date=2026-07-17\exchange=NSE\symbol=TECHM\part-065816_160694-026430.parquet,36625,downloaded,36625,
2026-07-17,NSE,TECHM,raw_l2/trade_date=2026-07-17/exchange=NSE/symbol=TECHM/part-065830_626219-026462.parquet,real_data_sample\l2_unseen_validation\trade_date=2026-07-17\exchange=NSE\symbol=TECHM\part-065830_626219-026462.parquet,36432,downloaded,36432,
2026-07-17,NSE,TECHM,raw_l2/trade_date=2026-07-17/exchange=NSE/symbol=TECHM/part-065844_879465-026494.parquet,real_data_sample\l2_unseen_validation\trade_date=2026-07-17\exchange=NSE\symbol=TECHM\part-065844_879465-026494.parquet,36440,downloaded,36440,
2026-07-17,NSE,TECHM,raw_l2/trade_date=2026-07-17/exchange=NSE/symbol=TECHM/part-065913_353361-026558.parquet,real_data_sample\l2_unseen_validation\trade_date=2026-07-17\exchange=NSE\symbol=TECHM\part-065913_353361-026558.parquet,36443,downloaded,36443,
2026-07-17,NSE,TECHM,raw_l2/trade_date=2026-07-17/exchange=NSE/symbol=TECHM/part-065859_147834-026526.parquet,real_data_sample\l2_unseen_validation\trade_date=2026-07-17\exchange=NSE\symbol=TECHM\part-065859_147834-026526.parquet,36087,downloaded,36087,
2026-07-17,NSE,TECHM,raw_l2/trade_date=2026-07-17/exchange=NSE/symbol=TECHM/part-065957_398505-026654.parquet,real_data_sample\l2_unseen_validation\trade_date=2026-07-17\exchange=NSE\symbol=TECHM\part-065957_398505-026654.parquet,36680,downloaded,36680,
2026-07-17,NSE,TECHM,raw_l2/trade_date=2026-07-17/exchange=NSE/symbol=TECHM/part-070012_080017-026686.parquet,real_data_sample\l2_unseen_validation\trade_date=2026-07-17\exchange=NSE\symbol=TECHM\part-070012_080017-026686.parquet,36112,downloaded,36112,
2026-07-17,NSE,TECHM,raw_l2/trade_date=2026-07-17/exchange=NSE/symbol=TECHM/part-065928_028337-026590.parquet,real_data_sample\l2_unseen_validation\trade_date=2026-07-17\exchange=NSE\symbol=TECHM\part-065928_028337-026590.parquet,36299,downloaded,36299,
2026-07-17,NSE,TECHM,raw_l2/trade_date=2026-07-17/exchange=NSE/symbol=TECHM/part-065942_728384-026622.parquet,real_data_sample\l2_unseen_validation\trade_date=2026-07-17\exchange=NSE\symbol=TECHM\part-065942_728384-026622.parquet,36445,downloaded,36445,
2026-07-17,NSE,TECHM,raw_l2/trade_date=2026-07-17/exchange=NSE/symbol=TECHM/part-070026_491973-026718.parquet,real_data_sample\l2_unseen_validation\trade_date=2026-07-17\exchange=NSE\symbol=TECHM\part-070026_491973-026718.parquet,36198,downloaded,36198,
2026-07-17,NSE,TECHM,raw_l2/trade_date=2026-07-17/exchange=NSE/symbol=TECHM/part-070040_941844-026750.parquet,real_data_sample\l2_unseen_validation\trade_date=2026-07-17\exchange=NSE\symbol=TECHM\part-070040_941844-026750.parquet,35939,downloaded,35939,
2026-07-17,NSE,TECHM,raw_l2/trade_date=2026-07-17/exchange=NSE/symbol=TECHM/part-070224_002482-026974.parquet,real_data_sample\l2_unseen_validation\trade_date=2026-07-17\exchange=NSE\symbol=TECHM\part-070224_002482-026974.parquet,36415,downloaded,36415,
2026-07-17,NSE,TECHM,raw_l2/trade_date=2026-07-17/exchange=NSE/symbol=TECHM/part-070351_563083-027166.parquet,real_data_sample\l2_unseen_validation\trade_date=2026-07-17\exchange=NSE\symbol=TECHM\part-070351_563083-027166.parquet,36303,downloaded,36303,
2026-07-17,NSE,TECHM,raw_l2/trade_date=2026-07-17/exchange=NSE/symbol=TECHM/part-070308_489017-027070.parquet,real_data_sample\l2_unseen_validation\trade_date=2026-07-17\exchange=NSE\symbol=TECHM\part-070308_489017-027070.parquet,36840,downloaded,36840,
2026-07-17,NSE,TECHM,raw_l2/trade_date=2026-07-17/exchange=NSE/symbol=TECHM/part-070124_991658-026846.parquet,real_data_sample\l2_unseen_validation\trade_date=2026-07-17\exchange=NSE\symbol=TECHM\part-070124_991658-026846.parquet,36685,downloaded,36685,
2026-07-17,NSE,TECHM,raw_l2/trade_date=2026-07-17/exchange=NSE/symbol=TECHM/part-070253_656017-027038.parquet,real_data_sample\l2_unseen_validation\trade_date=2026-07-17\exchange=NSE\symbol=TECHM\part-070253_656017-027038.parquet,36596,downloaded,36596,
2026-07-17,NSE,TECHM,raw_l2/trade_date=2026-07-17/exchange=NSE/symbol=TECHM/part-070323_044836-027102.parquet,real_data_sample\l2_unseen_validation\trade_date=2026-07-17\exchange=NSE\symbol=TECHM\part-070323_044836-027102.parquet,36989,downloaded,36989,
2026-07-17,NSE,TECHM,raw_l2/trade_date=2026-07-17/exchange=NSE/symbol=TECHM/part-070420_177241-027230.parquet,real_data_sample\l2_unseen_validation\trade_date=2026-07-17\exchange=NSE\symbol=TECHM\part-070420_177241-027230.parquet,35689,downloaded,35689,
2026-07-17,NSE,TECHM,raw_l2/trade_date=2026-07-17/exchange=NSE/symbol=TECHM/part-070110_449750-026814.parquet,real_data_sample\l2_unseen_validation\trade_date=2026-07-17\exchange=NSE\symbol=TECHM\part-070110_449750-026814.parquet,36372,downloaded,36372,
2026-07-17,NSE,TECHM,raw_l2/trade_date=2026-07-17/exchange=NSE/symbol=TECHM/part-070140_100038-026878.parquet,real_data_sample\l2_unseen_validation\trade_date=2026-07-17\exchange=NSE\symbol=TECHM\part-070140_100038-026878.parquet,36324,downloaded,36324,
2026-07-17,NSE,TECHM,raw_l2/trade_date=2026-07-17/exchange=NSE/symbol=TECHM/part-070209_085562-026942.parquet,real_data_sample\l2_unseen_validation\trade_date=2026-07-17\exchange=NSE\symbol=TECHM\part-070209_085562-026942.parquet,36753,downloaded,36753,
2026-07-17,NSE,TECHM,raw_l2/trade_date=2026-07-17/exchange=NSE/symbol=TECHM/part-070154_687347-026910.parquet,real_data_sample\l2_unseen_validation\trade_date=2026-07-17\exchange=NSE\symbol=TECHM\part-070154_687347-026910.parquet,36923,downloaded,36923,
2026-07-17,NSE,TECHM,raw_l2/trade_date=2026-07-17/exchange=NSE/symbol=TECHM/part-070405_987526-027198.parquet,real_data_sample\l2_unseen_validation\trade_date=2026-07-17\exchange=NSE\symbol=TECHM\part-070405_987526-027198.parquet,36135,downloaded,36135,
2026-07-17,NSE,TECHM,raw_l2/trade_date=2026-07-17/exchange=NSE/symbol=TECHM/part-070238_554751-027006.parquet,real_data_sample\l2_unseen_validation\trade_date=2026-07-17\exchange=NSE\symbol=TECHM\part-070238_554751-027006.parquet,36782,downloaded,36782,
2026-07-17,NSE,TECHM,raw_l2/trade_date=2026-07-17/exchange=NSE/symbol=TECHM/part-070337_293420-027134.parquet,real_data_sample\l2_unseen_validation\trade_date=2026-07-17\exchange=NSE\symbol=TECHM\part-070337_293420-027134.parquet,36696,downloaded,36696,
2026-07-17,NSE,TECHM,raw_l2/trade_date=2026-07-17/exchange=NSE/symbol=TECHM/part-070503_451509-027326.parquet,real_data_sample\l2_unseen_validation\trade_date=2026-07-17\exchange=NSE\symbol=TECHM\part-070503_451509-027326.parquet,36929,downloaded,36929,
2026-07-17,NSE,TECHM,raw_l2/trade_date=2026-07-17/exchange=NSE/symbol=TECHM/part-070532_477575-027390.parquet,real_data_sample\l2_unseen_validation\trade_date=2026-07-17\exchange=NSE\symbol=TECHM\part-070532_477575-027390.parquet,35769,downloaded,35769,
2026-07-17,NSE,TECHM,raw_l2/trade_date=2026-07-17/exchange=NSE/symbol=TECHM/part-070448_626558-027294.parquet,real_data_sample\l2_unseen_validation\trade_date=2026-07-17\exchange=NSE\symbol=TECHM\part-070448_626558-027294.parquet,36372,downloaded,36372,
2026-07-17,NSE,TECHM,raw_l2/trade_date=2026-07-17/exchange=NSE/symbol=TECHM/part-070434_368397-027262.parquet,real_data_sample\l2_unseen_validation\trade_date=2026-07-17\exchange=NSE\symbol=TECHM\part-070434_368397-027262.parquet,36169,downloaded,36169,
2026-07-17,NSE,TECHM,raw_l2/trade_date=2026-07-17/exchange=NSE/symbol=TECHM/part-070546_759108-027422.parquet,real_data_sample\l2_unseen_validation\trade_date=2026-07-17\exchange=NSE\symbol=TECHM\part-070546_759108-027422.parquet,36468,downloaded,36468,
2026-07-17,NSE,TECHM,raw_l2/trade_date=2026-07-17/exchange=NSE/symbol=TECHM/part-070601_158997-027454.parquet,real_data_sample\l2_unseen_validation\trade_date=2026-07-17\exchange=NSE\symbol=TECHM\part-070601_158997-027454.parquet,36397,downloaded,36397,
2026-07-17,NSE,TECHM,raw_l2/trade_date=2026-07-17/exchange=NSE/symbol=TECHM/part-070615_362008-027486.parquet,real_data_sample\l2_unseen_validation\trade_date=2026-07-17\exchange=NSE\symbol=TECHM\part-070615_362008-027486.parquet,36736,downloaded,36736,
2026-07-17,NSE,TECHM,raw_l2/trade_date=2026-07-17/exchange=NSE/symbol=TECHM/part-070644_170224-027550.parquet,real_data_sample\l2_unseen_validation\trade_date=2026-07-17\exchange=NSE\symbol=TECHM\part-070644_170224-027550.parquet,36284,downloaded,36284,
2026-07-17,NSE,TECHM,raw_l2/trade_date=2026-07-17/exchange=NSE/symbol=TECHM/part-070629_804686-027518.parquet,real_data_sample\l2_unseen_validation\trade_date=2026-07-17\exchange=NSE\symbol=TECHM\part-070629_804686-027518.parquet,36476,downloaded,36476,
2026-07-17,NSE,TECHM,raw_l2/trade_date=2026-07-17/exchange=NSE/symbol=TECHM/part-070726_898513-027646.parquet,real_data_sample\l2_unseen_validation\trade_date=2026-07-17\exchange=NSE\symbol=TECHM\part-070726_898513-027646.parquet,36046,downloaded,36046,
2026-07-17,NSE,TECHM,raw_l2/trade_date=2026-07-17/exchange=NSE/symbol=TECHM/part-070712_689054-027614.parquet,real_data_sample\l2_unseen_validation\trade_date=2026-07-17\exchange=NSE\symbol=TECHM\part-070712_689054-027614.parquet,36234,downloaded,36234,
2026-07-17,NSE,TECHM,raw_l2/trade_date=2026-07-17/exchange=NSE/symbol=TECHM/part-070741_096610-027678.parquet,real_data_sample\l2_unseen_validation\trade_date=2026-07-17\exchange=NSE\symbol=TECHM\part-070741_096610-027678.parquet,36255,downloaded,36255,
2026-07-17,NSE,TECHM,raw_l2/trade_date=2026-07-17/exchange=NSE/symbol=TECHM/part-070658_419951-027582.parquet,real_data_sample\l2_unseen_validation\trade_date=2026-07-17\exchange=NSE\symbol=TECHM\part-070658_419951-027582.parquet,36509,downloaded,36509,
2026-07-17,NSE,TECHM,raw_l2/trade_date=2026-07-17/exchange=NSE/symbol=TECHM/part-070809_257722-027742.parquet,real_data_sample\l2_unseen_validation\trade_date=2026-07-17\exchange=NSE\symbol=TECHM\part-070809_257722-027742.parquet,35879,downloaded,35879,
2026-07-17,NSE,TECHM,raw_l2/trade_date=2026-07-17/exchange=NSE/symbol=TECHM/part-070823_365682-027774.parquet,real_data_sample\l2_unseen_validation\trade_date=2026-07-17\exchange=NSE\symbol=TECHM\part-070823_365682-027774.parquet,36318,downloaded,36318,
2026-07-17,NSE,TECHM,raw_l2/trade_date=2026-07-17/exchange=NSE/symbol=TECHM/part-070755_245623-027710.parquet,real_data_sample\l2_unseen_validation\trade_date=2026-07-17\exchange=NSE\symbol=TECHM\part-070755_245623-027710.parquet,35830,downloaded,35830,
2026-07-17,NSE,TECHM,raw_l2/trade_date=2026-07-17/exchange=NSE/symbol=TECHM/part-070837_902684-027806.parquet,real_data_sample\l2_unseen_validation\trade_date=2026-07-17\exchange=NSE\symbol=TECHM\part-070837_902684-027806.parquet,36473,downloaded,36473,
2026-07-17,NSE,TECHM,raw_l2/trade_date=2026-07-17/exchange=NSE/symbol=TECHM/part-070055_397851-026782.parquet,real_data_sample\l2_unseen_validation\trade_date=2026-07-17\exchange=NSE\symbol=TECHM\part-070055_397851-026782.parquet,36440,downloaded,36440,
2026-07-17,NSE,TECHM,raw_l2/trade_date=2026-07-17/exchange=NSE/symbol=TECHM/part-070852_193118-027838.parquet,real_data_sample\l2_unseen_validation\trade_date=2026-07-17\exchange=NSE\symbol=TECHM\part-070852_193118-027838.parquet,35625,downloaded,35625,
2026-07-17,NSE,TECHM,raw_l2/trade_date=2026-07-17/exchange=NSE/symbol=TECHM/part-071159_864680-028254.parquet,real_data_sample\l2_unseen_validation\trade_date=2026-07-17\exchange=NSE\symbol=TECHM\part-071159_864680-028254.parquet,35943,downloaded,35943,
2026-07-17,NSE,TECHM,raw_l2/trade_date=2026-07-17/exchange=NSE/symbol=TECHM/part-071032_596429-028062.parquet,real_data_sample\l2_unseen_validation\trade_date=2026-07-17\exchange=NSE\symbol=TECHM\part-071032_596429-028062.parquet,36391,downloaded,36391,
2026-07-17,NSE,TECHM,raw_l2/trade_date=2026-07-17/exchange=NSE/symbol=TECHM/part-071047_164641-028094.parquet,real_data_sample\l2_unseen_validation\trade_date=2026-07-17\exchange=NSE\symbol=TECHM\part-071047_164641-028094.parquet,35944,downloaded,35944,
2026-07-17,NSE,TECHM,raw_l2/trade_date=2026-07-17/exchange=NSE/symbol=TECHM/part-070906_630633-027870.parquet,real_data_sample\l2_unseen_validation\trade_date=2026-07-17\exchange=NSE\symbol=TECHM\part-070906_630633-027870.parquet,35804,downloaded,35804,
2026-07-17,NSE,TECHM,raw_l2/trade_date=2026-07-17/exchange=NSE/symbol=TECHM/part-071145_502090-028222.parquet,real_data_sample\l2_unseen_validation\trade_date=2026-07-17\exchange=NSE\symbol=TECHM\part-071145_502090-028222.parquet,36707,downloaded,36707,
2026-07-17,NSE,TECHM,raw_l2/trade_date=2026-07-17/exchange=NSE/symbol=TECHM/part-071004_345077-027998.parquet,real_data_sample\l2_unseen_validation\trade_date=2026-07-17\exchange=NSE\symbol=TECHM\part-071004_345077-027998.parquet,35960,downloaded,35960,
2026-07-17,NSE,TECHM,raw_l2/trade_date=2026-07-17/exchange=NSE/symbol=TECHM/part-071257_443590-028382.parquet,real_data_sample\l2_unseen_validation\trade_date=2026-07-17\exchange=NSE\symbol=TECHM\part-071257_443590-028382.parquet,35800,downloaded,35800,
2026-07-17,NSE,TECHM,raw_l2/trade_date=2026-07-17/exchange=NSE/symbol=TECHM/part-070920_905816-027902.parquet,real_data_sample\l2_unseen_validation\trade_date=2026-07-17\exchange=NSE\symbol=TECHM\part-070920_905816-027902.parquet,35762,downloaded,35762,
2026-07-17,NSE,TECHM,raw_l2/trade_date=2026-07-17/exchange=NSE/symbol=TECHM/part-071214_451222-028286.parquet,real_data_sample\l2_unseen_validation\trade_date=2026-07-17\exchange=NSE\symbol=TECHM\part-071214_451222-028286.parquet,36263,downloaded,36263,
2026-07-17,NSE,TECHM,raw_l2/trade_date=2026-07-17/exchange=NSE/symbol=TECHM/part-071018_609047-028030.parquet,real_data_sample\l2_unseen_validation\trade_date=2026-07-17\exchange=NSE\symbol=TECHM\part-071018_609047-028030.parquet,36279,downloaded,36279,
2026-07-17,NSE,TECHM,raw_l2/trade_date=2026-07-17/exchange=NSE/symbol=TECHM/part-071116_169857-028158.parquet,real_data_sample\l2_unseen_validation\trade_date=2026-07-17\exchange=NSE\symbol=TECHM\part-071116_169857-028158.parquet,36152,downloaded,36152,
2026-07-17,NSE,TECHM,raw_l2/trade_date=2026-07-17/exchange=NSE/symbol=TECHM/part-071340_369124-028478.parquet,real_data_sample\l2_unseen_validation\trade_date=2026-07-17\exchange=NSE\symbol=TECHM\part-071340_369124-028478.parquet,36117,downloaded,36117,
2026-07-17,NSE,TECHM,raw_l2/trade_date=2026-07-17/exchange=NSE/symbol=TECHM/part-070935_633700-027934.parquet,real_data_sample\l2_unseen_validation\trade_date=2026-07-17\exchange=NSE\symbol=TECHM\part-070935_633700-027934.parquet,35771,downloaded,35771,
2026-07-17,NSE,TECHM,raw_l2/trade_date=2026-07-17/exchange=NSE/symbol=TECHM/part-071101_686249-028126.parquet,real_data_sample\l2_unseen_validation\trade_date=2026-07-17\exchange=NSE\symbol=TECHM\part-071101_686249-028126.parquet,35961,downloaded,35961,
2026-07-17,NSE,TECHM,raw_l2/trade_date=2026-07-17/exchange=NSE/symbol=TECHM/part-071130_838925-028190.parquet,real_data_sample\l2_unseen_validation\trade_date=2026-07-17\exchange=NSE\symbol=TECHM\part-071130_838925-028190.parquet,36334,downloaded,36334,
2026-07-17,NSE,TECHM,raw_l2/trade_date=2026-07-17/exchange=NSE/symbol=TECHM/part-071354_664393-028510.parquet,real_data_sample\l2_unseen_validation\trade_date=2026-07-17\exchange=NSE\symbol=TECHM\part-071354_664393-028510.parquet,36422,downloaded,36422,
2026-07-17,NSE,TECHM,raw_l2/trade_date=2026-07-17/exchange=NSE/symbol=TECHM/part-070950_241968-027966.parquet,real_data_sample\l2_unseen_validation\trade_date=2026-07-17\exchange=NSE\symbol=TECHM\part-070950_241968-027966.parquet,36297,downloaded,36297,
2026-07-17,NSE,TECHM,raw_l2/trade_date=2026-07-17/exchange=NSE/symbol=TECHM/part-071228_780140-028318.parquet,real_data_sample\l2_unseen_validation\trade_date=2026-07-17\exchange=NSE\symbol=TECHM\part-071228_780140-028318.parquet,36596,downloaded,36596,
2026-07-17,NSE,TECHM,raw_l2/trade_date=2026-07-17/exchange=NSE/symbol=TECHM/part-071243_221140-028350.parquet,real_data_sample\l2_unseen_validation\trade_date=2026-07-17\exchange=NSE\symbol=TECHM\part-071243_221140-028350.parquet,36210,downloaded,36210,
2026-07-17,NSE,TECHM,raw_l2/trade_date=2026-07-17/exchange=NSE/symbol=TECHM/part-071325_971150-028446.parquet,real_data_sample\l2_unseen_validation\trade_date=2026-07-17\exchange=NSE\symbol=TECHM\part-071325_971150-028446.parquet,36377,downloaded,36377,
2026-07-17,NSE,TECHM,raw_l2/trade_date=2026-07-17/exchange=NSE/symbol=TECHM/part-071311_721192-028414.parquet,real_data_sample\l2_unseen_validation\trade_date=2026-07-17\exchange=NSE\symbol=TECHM\part-071311_721192-028414.parquet,35633,downloaded,35633,
2026-07-17,NSE,TECHM,raw_l2/trade_date=2026-07-17/exchange=NSE/symbol=TECHM/part-071423_156265-028574.parquet,real_data_sample\l2_unseen_validation\trade_date=2026-07-17\exchange=NSE\symbol=TECHM\part-071423_156265-028574.parquet,35925,downloaded,35925,
2026-07-17,NSE,TECHM,raw_l2/trade_date=2026-07-17/exchange=NSE/symbol=TECHM/part-071437_500843-028606.parquet,real_data_sample\l2_unseen_validation\trade_date=2026-07-17\exchange=NSE\symbol=TECHM\part-071437_500843-028606.parquet,35747,downloaded,35747,
2026-07-17,NSE,TECHM,raw_l2/trade_date=2026-07-17/exchange=NSE/symbol=TECHM/part-071506_404476-028670.parquet,real_data_sample\l2_unseen_validation\trade_date=2026-07-17\exchange=NSE\symbol=TECHM\part-071506_404476-028670.parquet,35654,downloaded,35654,
2026-07-17,NSE,TECHM,raw_l2/trade_date=2026-07-17/exchange=NSE/symbol=TECHM/part-071520_802809-028702.parquet,real_data_sample\l2_unseen_validation\trade_date=2026-07-17\exchange=NSE\symbol=TECHM\part-071520_802809-028702.parquet,36026,downloaded,36026,
2026-07-17,NSE,TECHM,raw_l2/trade_date=2026-07-17/exchange=NSE/symbol=TECHM/part-071408_998197-028542.parquet,real_data_sample\l2_unseen_validation\trade_date=2026-07-17\exchange=NSE\symbol=TECHM\part-071408_998197-028542.parquet,35838,downloaded,35838,
2026-07-17,NSE,TECHM,raw_l2/trade_date=2026-07-17/exchange=NSE/symbol=TECHM/part-071451_868258-028638.parquet,real_data_sample\l2_unseen_validation\trade_date=2026-07-17\exchange=NSE\symbol=TECHM\part-071451_868258-028638.parquet,35342,downloaded,35342,
2026-07-17,NSE,TECHM,raw_l2/trade_date=2026-07-17/exchange=NSE/symbol=TECHM/part-071535_087725-028734.parquet,real_data_sample\l2_unseen_validation\trade_date=2026-07-17\exchange=NSE\symbol=TECHM\part-071535_087725-028734.parquet,35800,downloaded,35800,
2026-07-17,NSE,TECHM,raw_l2/trade_date=2026-07-17/exchange=NSE/symbol=TECHM/part-070517_834247-027358.parquet,real_data_sample\l2_unseen_validation\trade_date=2026-07-17\exchange=NSE\symbol=TECHM\part-070517_834247-027358.parquet,36660,downloaded,36660,
2026-07-17,NSE,TECHM,raw_l2/trade_date=2026-07-17/exchange=NSE/symbol=TECHM/part-071841_260408-029150.parquet,real_data_sample\l2_unseen_validation\trade_date=2026-07-17\exchange=NSE\symbol=TECHM\part-071841_260408-029150.parquet,35933,downloaded,35933,
2026-07-17,NSE,TECHM,raw_l2/trade_date=2026-07-17/exchange=NSE/symbol=TECHM/part-071715_028912-028958.parquet,real_data_sample\l2_unseen_validation\trade_date=2026-07-17\exchange=NSE\symbol=TECHM\part-071715_028912-028958.parquet,36120,downloaded,36120,
2026-07-17,NSE,TECHM,raw_l2/trade_date=2026-07-17/exchange=NSE/symbol=TECHM/part-071632_389450-028862.parquet,real_data_sample\l2_unseen_validation\trade_date=2026-07-17\exchange=NSE\symbol=TECHM\part-071632_389450-028862.parquet,36103,downloaded,36103,
2026-07-17,NSE,TECHM,raw_l2/trade_date=2026-07-17/exchange=NSE/symbol=TECHM/part-071924_900105-029246.parquet,real_data_sample\l2_unseen_validation\trade_date=2026-07-17\exchange=NSE\symbol=TECHM\part-071924_900105-029246.parquet,35739,downloaded,35739,
2026-07-17,NSE,TECHM,raw_l2/trade_date=2026-07-17/exchange=NSE/symbol=TECHM/part-071646_664861-028894.parquet,real_data_sample\l2_unseen_validation\trade_date=2026-07-17\exchange=NSE\symbol=TECHM\part-071646_664861-028894.parquet,35918,downloaded,35918,
2026-07-17,NSE,TECHM,raw_l2/trade_date=2026-07-17/exchange=NSE/symbol=TECHM/part-072132_977513-029534.parquet,real_data_sample\l2_unseen_validation\trade_date=2026-07-17\exchange=NSE\symbol=TECHM\part-072132_977513-029534.parquet,35693,downloaded,35693,
2026-07-17,NSE,TECHM,raw_l2/trade_date=2026-07-17/exchange=NSE/symbol=TECHM/part-072201_986819-029598.parquet,real_data_sample\l2_unseen_validation\trade_date=2026-07-17\exchange=NSE\symbol=TECHM\part-072201_986819-029598.parquet,35673,downloaded,35673,
2026-07-17,NSE,TECHM,raw_l2/trade_date=2026-07-17/exchange=NSE/symbol=TECHM/part-071910_554426-029214.parquet,real_data_sample\l2_unseen_validation\trade_date=2026-07-17\exchange=NSE\symbol=TECHM\part-071910_554426-029214.parquet,36013,downloaded,36013,
2026-07-17,NSE,TECHM,raw_l2/trade_date=2026-07-17/exchange=NSE/symbol=TECHM/part-071700_811261-028926.parquet,real_data_sample\l2_unseen_validation\trade_date=2026-07-17\exchange=NSE\symbol=TECHM\part-071700_811261-028926.parquet,36095,downloaded,36095,
2026-07-17,NSE,TECHM,raw_l2/trade_date=2026-07-17/exchange=NSE/symbol=TECHM/part-071856_281352-029182.parquet,real_data_sample\l2_unseen_validation\trade_date=2026-07-17\exchange=NSE\symbol=TECHM\part-071856_281352-029182.parquet,35762,downloaded,35762,
2026-07-17,NSE,TECHM,raw_l2/trade_date=2026-07-17/exchange=NSE/symbol=TECHM/part-072118_822133-029502.parquet,real_data_sample\l2_unseen_validation\trade_date=2026-07-17\exchange=NSE\symbol=TECHM\part-072118_822133-029502.parquet,36219,downloaded,36219,
2026-07-17,NSE,TECHM,raw_l2/trade_date=2026-07-17/exchange=NSE/symbol=TECHM/part-071729_083449-028990.parquet,real_data_sample\l2_unseen_validation\trade_date=2026-07-17\exchange=NSE\symbol=TECHM\part-071729_083449-028990.parquet,36078,downloaded,36078,
2026-07-17,NSE,TECHM,raw_l2/trade_date=2026-07-17/exchange=NSE/symbol=TECHM/part-072036_132137-029406.parquet,real_data_sample\l2_unseen_validation\trade_date=2026-07-17\exchange=NSE\symbol=TECHM\part-072036_132137-029406.parquet,36091,downloaded,36091,
2026-07-17,NSE,TECHM,raw_l2/trade_date=2026-07-17/exchange=NSE/symbol=TECHM/part-072230_147687-029662.parquet,real_data_sample\l2_unseen_validation\trade_date=2026-07-17\exchange=NSE\symbol=TECHM\part-072230_147687-029662.parquet,35950,downloaded,35950,
2026-07-17,NSE,TECHM,raw_l2/trade_date=2026-07-17/exchange=NSE/symbol=TECHM/part-072104_713778-029470.parquet,real_data_sample\l2_unseen_validation\trade_date=2026-07-17\exchange=NSE\symbol=TECHM\part-072104_713778-029470.parquet,35939,downloaded,35939,
2026-07-17,NSE,TECHM,raw_l2/trade_date=2026-07-17/exchange=NSE/symbol=TECHM/part-071549_708426-028766.parquet,real_data_sample\l2_unseen_validation\trade_date=2026-07-17\exchange=NSE\symbol=TECHM\part-071549_708426-028766.parquet,36274,downloaded,36274,
2026-07-17,NSE,TECHM,raw_l2/trade_date=2026-07-17/exchange=NSE/symbol=TECHM/part-071603_927806-028798.parquet,real_data_sample\l2_unseen_validation\trade_date=2026-07-17\exchange=NSE\symbol=TECHM\part-071603_927806-028798.parquet,35721,downloaded,35721,
2026-07-17,NSE,TECHM,raw_l2/trade_date=2026-07-17/exchange=NSE/symbol=TECHM/part-072050_430997-029438.parquet,real_data_sample\l2_unseen_validation\trade_date=2026-07-17\exchange=NSE\symbol=TECHM\part-072050_430997-029438.parquet,36001,downloaded,36001,
2026-07-17,NSE,TECHM,raw_l2/trade_date=2026-07-17/exchange=NSE/symbol=TECHM/part-072244_509266-029694.parquet,real_data_sample\l2_unseen_validation\trade_date=2026-07-17\exchange=NSE\symbol=TECHM\part-072244_509266-029694.parquet,36519,downloaded,36519,
2026-07-17,NSE,TECHM,raw_l2/trade_date=2026-07-17/exchange=NSE/symbol=TECHM/part-071757_613763-029054.parquet,real_data_sample\l2_unseen_validation\trade_date=2026-07-17\exchange=NSE\symbol=TECHM\part-071757_613763-029054.parquet,35803,downloaded,35803,
2026-07-17,NSE,TECHM,raw_l2/trade_date=2026-07-17/exchange=NSE/symbol=TECHM/part-071618_104017-028830.parquet,real_data_sample\l2_unseen_validation\trade_date=2026-07-17\exchange=NSE\symbol=TECHM\part-071618_104017-028830.parquet,35828,downloaded,35828,
2026-07-17,NSE,TECHM,raw_l2/trade_date=2026-07-17/exchange=NSE/symbol=TECHM/part-072216_091757-029630.parquet,real_data_sample\l2_unseen_validation\trade_date=2026-07-17\exchange=NSE\symbol=TECHM\part-072216_091757-029630.parquet,35981,downloaded,35981,
2026-07-17,NSE,TECHM,raw_l2/trade_date=2026-07-17/exchange=NSE/symbol=TECHM/part-071939_197471-029278.parquet,real_data_sample\l2_unseen_validation\trade_date=2026-07-17\exchange=NSE\symbol=TECHM\part-071939_197471-029278.parquet,35839,downloaded,35839,
2026-07-17,NSE,TECHM,raw_l2/trade_date=2026-07-17/exchange=NSE/symbol=TECHM/part-072021_963661-029374.parquet,real_data_sample\l2_unseen_validation\trade_date=2026-07-17\exchange=NSE\symbol=TECHM\part-072021_963661-029374.parquet,36028,downloaded,36028,
2026-07-17,NSE,TECHM,raw_l2/trade_date=2026-07-17/exchange=NSE/symbol=TECHM/part-072007_674599-029342.parquet,real_data_sample\l2_unseen_validation\trade_date=2026-07-17\exchange=NSE\symbol=TECHM\part-072007_674599-029342.parquet,35888,downloaded,35888,
2026-07-17,NSE,TECHM,raw_l2/trade_date=2026-07-17/exchange=NSE/symbol=TECHM/part-071743_370444-029022.parquet,real_data_sample\l2_unseen_validation\trade_date=2026-07-17\exchange=NSE\symbol=TECHM\part-071743_370444-029022.parquet,36175,downloaded,36175,
2026-07-17,NSE,TECHM,raw_l2/trade_date=2026-07-17/exchange=NSE/symbol=TECHM/part-071826_392128-029118.parquet,real_data_sample\l2_unseen_validation\trade_date=2026-07-17\exchange=NSE\symbol=TECHM\part-071826_392128-029118.parquet,36610,downloaded,36610,
2026-07-17,NSE,TECHM,raw_l2/trade_date=2026-07-17/exchange=NSE/symbol=TECHM/part-071812_151515-029086.parquet,real_data_sample\l2_unseen_validation\trade_date=2026-07-17\exchange=NSE\symbol=TECHM\part-071812_151515-029086.parquet,35970,downloaded,35970,
2026-07-17,NSE,TECHM,raw_l2/trade_date=2026-07-17/exchange=NSE/symbol=TECHM/part-072146_945673-029566.parquet,real_data_sample\l2_unseen_validation\trade_date=2026-07-17\exchange=NSE\symbol=TECHM\part-072146_945673-029566.parquet,36082,downloaded,36082,
2026-07-17,NSE,TECHM,raw_l2/trade_date=2026-07-17/exchange=NSE/symbol=TECHM/part-071953_314016-029310.parquet,real_data_sample\l2_unseen_validation\trade_date=2026-07-17\exchange=NSE\symbol=TECHM\part-071953_314016-029310.parquet,35634,downloaded,35634,
2026-07-17,NSE,TECHM,raw_l2/trade_date=2026-07-17/exchange=NSE/symbol=TECHM/part-072258_687376-029726.parquet,real_data_sample\l2_unseen_validation\trade_date=2026-07-17\exchange=NSE\symbol=TECHM\part-072258_687376-029726.parquet,35762,downloaded,35762,
2026-07-17,NSE,TECHM,raw_l2/trade_date=2026-07-17/exchange=NSE/symbol=TECHM/part-072438_751899-029950.parquet,real_data_sample\l2_unseen_validation\trade_date=2026-07-17\exchange=NSE\symbol=TECHM\part-072438_751899-029950.parquet,35742,downloaded,35742,
2026-07-17,NSE,TECHM,raw_l2/trade_date=2026-07-17/exchange=NSE/symbol=TECHM/part-072327_437363-029790.parquet,real_data_sample\l2_unseen_validation\trade_date=2026-07-17\exchange=NSE\symbol=TECHM\part-072327_437363-029790.parquet,35555,downloaded,35555,
2026-07-17,NSE,TECHM,raw_l2/trade_date=2026-07-17/exchange=NSE/symbol=TECHM/part-072632_932530-030206.parquet,real_data_sample\l2_unseen_validation\trade_date=2026-07-17\exchange=NSE\symbol=TECHM\part-072632_932530-030206.parquet,35727,downloaded,35727,
2026-07-17,NSE,TECHM,raw_l2/trade_date=2026-07-17/exchange=NSE/symbol=TECHM/part-072453_342282-029982.parquet,real_data_sample\l2_unseen_validation\trade_date=2026-07-17\exchange=NSE\symbol=TECHM\part-072453_342282-029982.parquet,35467,downloaded,35467,
2026-07-17,NSE,TECHM,raw_l2/trade_date=2026-07-17/exchange=NSE/symbol=TECHM/part-072535_891339-030078.parquet,real_data_sample\l2_unseen_validation\trade_date=2026-07-17\exchange=NSE\symbol=TECHM\part-072535_891339-030078.parquet,36064,downloaded,36064,
2026-07-17,NSE,TECHM,raw_l2/trade_date=2026-07-17/exchange=NSE/symbol=TECHM/part-072550_062089-030110.parquet,real_data_sample\l2_unseen_validation\trade_date=2026-07-17\exchange=NSE\symbol=TECHM\part-072550_062089-030110.parquet,36068,downloaded,36068,
2026-07-17,NSE,TECHM,raw_l2/trade_date=2026-07-17/exchange=NSE/symbol=TECHM/part-072341_706887-029822.parquet,real_data_sample\l2_unseen_validation\trade_date=2026-07-17\exchange=NSE\symbol=TECHM\part-072341_706887-029822.parquet,35357,downloaded,35357,
2026-07-17,NSE,TECHM,raw_l2/trade_date=2026-07-17/exchange=NSE/symbol=TECHM/part-072424_368305-029918.parquet,real_data_sample\l2_unseen_validation\trade_date=2026-07-17\exchange=NSE\symbol=TECHM\part-072424_368305-029918.parquet,35863,downloaded,35863,
2026-07-17,NSE,TECHM,raw_l2/trade_date=2026-07-17/exchange=NSE/symbol=TECHM/part-072618_244380-030174.parquet,real_data_sample\l2_unseen_validation\trade_date=2026-07-17\exchange=NSE\symbol=TECHM\part-072618_244380-030174.parquet,35784,downloaded,35784,
2026-07-17,NSE,TECHM,raw_l2/trade_date=2026-07-17/exchange=NSE/symbol=TECHM/part-072410_129865-029886.parquet,real_data_sample\l2_unseen_validation\trade_date=2026-07-17\exchange=NSE\symbol=TECHM\part-072410_129865-029886.parquet,35779,downloaded,35779,
2026-07-17,NSE,TECHM,raw_l2/trade_date=2026-07-17/exchange=NSE/symbol=TECHM/part-072355_967263-029854.parquet,real_data_sample\l2_unseen_validation\trade_date=2026-07-17\exchange=NSE\symbol=TECHM\part-072355_967263-029854.parquet,36084,downloaded,36084,
2026-07-17,NSE,TECHM,raw_l2/trade_date=2026-07-17/exchange=NSE/symbol=TECHM/part-072604_126196-030142.parquet,real_data_sample\l2_unseen_validation\trade_date=2026-07-17\exchange=NSE\symbol=TECHM\part-072604_126196-030142.parquet,35193,downloaded,35193,
2026-07-17,NSE,TECHM,raw_l2/trade_date=2026-07-17/exchange=NSE/symbol=TECHM/part-072507_426537-030014.parquet,real_data_sample\l2_unseen_validation\trade_date=2026-07-17\exchange=NSE\symbol=TECHM\part-072507_426537-030014.parquet,36454,downloaded,36454,
2026-07-17,NSE,TECHM,raw_l2/trade_date=2026-07-17/exchange=NSE/symbol=TECHM/part-072701_505393-030270.parquet,real_data_sample\l2_unseen_validation\trade_date=2026-07-17\exchange=NSE\symbol=TECHM\part-072701_505393-030270.parquet,35571,downloaded,35571,
2026-07-17,NSE,TECHM,raw_l2/trade_date=2026-07-17/exchange=NSE/symbol=TECHM/part-072521_647293-030046.parquet,real_data_sample\l2_unseen_validation\trade_date=2026-07-17\exchange=NSE\symbol=TECHM\part-072521_647293-030046.parquet,35876,downloaded,35876,
2026-07-17,NSE,TECHM,raw_l2/trade_date=2026-07-17/exchange=NSE/symbol=TECHM/part-072647_062667-030238.parquet,real_data_sample\l2_unseen_validation\trade_date=2026-07-17\exchange=NSE\symbol=TECHM\part-072647_062667-030238.parquet,36077,downloaded,36077,
2026-07-17,NSE,TECHM,raw_l2/trade_date=2026-07-17/exchange=NSE/symbol=TECHM/part-072813_736437-030430.parquet,real_data_sample\l2_unseen_validation\trade_date=2026-07-17\exchange=NSE\symbol=TECHM\part-072813_736437-030430.parquet,34756,downloaded,34756,
2026-07-17,NSE,TECHM,raw_l2/trade_date=2026-07-17/exchange=NSE/symbol=TECHM/part-072759_250654-030398.parquet,real_data_sample\l2_unseen_validation\trade_date=2026-07-17\exchange=NSE\symbol=TECHM\part-072759_250654-030398.parquet,34648,downloaded,34648,
2026-07-17,NSE,TECHM,raw_l2/trade_date=2026-07-17/exchange=NSE/symbol=TECHM/part-072927_865565-030590.parquet,real_data_sample\l2_unseen_validation\trade_date=2026-07-17\exchange=NSE\symbol=TECHM\part-072927_865565-030590.parquet,36506,downloaded,36506,
2026-07-17,NSE,TECHM,raw_l2/trade_date=2026-07-17/exchange=NSE/symbol=TECHM/part-072942_364182-030622.parquet,real_data_sample\l2_unseen_validation\trade_date=2026-07-17\exchange=NSE\symbol=TECHM\part-072942_364182-030622.parquet,36799,downloaded,36799,
2026-07-17,NSE,TECHM,raw_l2/trade_date=2026-07-17/exchange=NSE/symbol=TECHM/part-072956_848789-030654.parquet,real_data_sample\l2_unseen_validation\trade_date=2026-07-17\exchange=NSE\symbol=TECHM\part-072956_848789-030654.parquet,36587,downloaded,36587,
2026-07-17,NSE,TECHM,raw_l2/trade_date=2026-07-17/exchange=NSE/symbol=TECHM/part-072715_880313-030302.parquet,real_data_sample\l2_unseen_validation\trade_date=2026-07-17\exchange=NSE\symbol=TECHM\part-072715_880313-030302.parquet,35181,downloaded,35181,
2026-07-17,NSE,TECHM,raw_l2/trade_date=2026-07-17/exchange=NSE/symbol=TECHM/part-072858_456990-030526.parquet,real_data_sample\l2_unseen_validation\trade_date=2026-07-17\exchange=NSE\symbol=TECHM\part-072858_456990-030526.parquet,36653,downloaded,36653,
2026-07-17,NSE,TECHM,raw_l2/trade_date=2026-07-17/exchange=NSE/symbol=TECHM/part-072744_618815-030366.parquet,real_data_sample\l2_unseen_validation\trade_date=2026-07-17\exchange=NSE\symbol=TECHM\part-072744_618815-030366.parquet,34778,downloaded,34778,
2026-07-17,NSE,TECHM,raw_l2/trade_date=2026-07-17/exchange=NSE/symbol=TECHM/part-072730_254342-030334.parquet,real_data_sample\l2_unseen_validation\trade_date=2026-07-17\exchange=NSE\symbol=TECHM\part-072730_254342-030334.parquet,34970,downloaded,34970,
2026-07-17,NSE,TECHM,raw_l2/trade_date=2026-07-17/exchange=NSE/symbol=TECHM/part-072827_928964-030462.parquet,real_data_sample\l2_unseen_validation\trade_date=2026-07-17\exchange=NSE\symbol=TECHM\part-072827_928964-030462.parquet,36178,downloaded,36178,
2026-07-17,NSE,TECHM,raw_l2/trade_date=2026-07-17/exchange=NSE/symbol=TECHM/part-072913_078970-030558.parquet,real_data_sample\l2_unseen_validation\trade_date=2026-07-17\exchange=NSE\symbol=TECHM\part-072913_078970-030558.parquet,35846,downloaded,35846,
2026-07-17,NSE,TECHM,raw_l2/trade_date=2026-07-17/exchange=NSE/symbol=TECHM/part-072844_042375-030494.parquet,real_data_sample\l2_unseen_validation\trade_date=2026-07-17\exchange=NSE\symbol=TECHM\part-072844_042375-030494.parquet,36096,downloaded,36096,
2026-07-17,NSE,TECHM,raw_l2/trade_date=2026-07-17/exchange=NSE/symbol=TECHM/part-073011_083636-030686.parquet,real_data_sample\l2_unseen_validation\trade_date=2026-07-17\exchange=NSE\symbol=TECHM\part-073011_083636-030686.parquet,36134,downloaded,36134,
2026-07-17,NSE,TECHM,raw_l2/trade_date=2026-07-17/exchange=NSE/symbol=TECHM/part-073025_291541-030718.parquet,real_data_sample\l2_unseen_validation\trade_date=2026-07-17\exchange=NSE\symbol=TECHM\part-073025_291541-030718.parquet,35802,downloaded,35802,
2026-07-17,NSE,TECHM,raw_l2/trade_date=2026-07-17/exchange=NSE/symbol=TECHM/part-073039_606009-030750.parquet,real_data_sample\l2_unseen_validation\trade_date=2026-07-17\exchange=NSE\symbol=TECHM\part-073039_606009-030750.parquet,36078,downloaded,36078,
2026-07-17,NSE,TECHM,raw_l2/trade_date=2026-07-17/exchange=NSE/symbol=TECHM/part-073054_067675-030782.parquet,real_data_sample\l2_unseen_validation\trade_date=2026-07-17\exchange=NSE\symbol=TECHM\part-073054_067675-030782.parquet,36787,downloaded,36787,
2026-07-17,NSE,TECHM,raw_l2/trade_date=2026-07-17/exchange=NSE/symbol=TECHM/part-073108_561724-030814.parquet,real_data_sample\l2_unseen_validation\trade_date=2026-07-17\exchange=NSE\symbol=TECHM\part-073108_561724-030814.parquet,36680,downloaded,36680,
2026-07-17,NSE,TECHM,raw_l2/trade_date=2026-07-17/exchange=NSE/symbol=TECHM/part-073122_838381-030846.parquet,real_data_sample\l2_unseen_validation\trade_date=2026-07-17\exchange=NSE\symbol=TECHM\part-073122_838381-030846.parquet,36419,downloaded,36419,
2026-07-17,NSE,TECHM,raw_l2/trade_date=2026-07-17/exchange=NSE/symbol=TECHM/part-073345_288808-031166.parquet,real_data_sample\l2_unseen_validation\trade_date=2026-07-17\exchange=NSE\symbol=TECHM\part-073345_288808-031166.parquet,36594,downloaded,36594,
2026-07-17,NSE,TECHM,raw_l2/trade_date=2026-07-17/exchange=NSE/symbol=TECHM/part-073510_758737-031358.parquet,real_data_sample\l2_unseen_validation\trade_date=2026-07-17\exchange=NSE\symbol=TECHM\part-073510_758737-031358.parquet,36306,downloaded,36306,
2026-07-17,NSE,TECHM,raw_l2/trade_date=2026-07-17/exchange=NSE/symbol=TECHM/part-073359_473196-031198.parquet,real_data_sample\l2_unseen_validation\trade_date=2026-07-17\exchange=NSE\symbol=TECHM\part-073359_473196-031198.parquet,35954,downloaded,35954,
2026-07-17,NSE,TECHM,raw_l2/trade_date=2026-07-17/exchange=NSE/symbol=TECHM/part-073553_277470-031454.parquet,real_data_sample\l2_unseen_validation\trade_date=2026-07-17\exchange=NSE\symbol=TECHM\part-073553_277470-031454.parquet,35211,downloaded,35211,
2026-07-17,NSE,TECHM,raw_l2/trade_date=2026-07-17/exchange=NSE/symbol=TECHM/part-073650_400471-031582.parquet,real_data_sample\l2_unseen_validation\trade_date=2026-07-17\exchange=NSE\symbol=TECHM\part-073650_400471-031582.parquet,36001,downloaded,36001,
2026-07-17,NSE,TECHM,raw_l2/trade_date=2026-07-17/exchange=NSE/symbol=TECHM/part-073205_631998-030942.parquet,real_data_sample\l2_unseen_validation\trade_date=2026-07-17\exchange=NSE\symbol=TECHM\part-073205_631998-030942.parquet,35715,downloaded,35715,
2026-07-17,NSE,TECHM,raw_l2/trade_date=2026-07-17/exchange=NSE/symbol=TECHM/part-073442_414474-031294.parquet,real_data_sample\l2_unseen_validation\trade_date=2026-07-17\exchange=NSE\symbol=TECHM\part-073442_414474-031294.parquet,35959,downloaded,35959,
2026-07-17,NSE,TECHM,raw_l2/trade_date=2026-07-17/exchange=NSE/symbol=TECHM/part-073636_135899-031550.parquet,real_data_sample\l2_unseen_validation\trade_date=2026-07-17\exchange=NSE\symbol=TECHM\part-073636_135899-031550.parquet,35929,downloaded,35929,
2026-07-17,NSE,TECHM,raw_l2/trade_date=2026-07-17/exchange=NSE/symbol=TECHM/part-073248_254347-031038.parquet,real_data_sample\l2_unseen_validation\trade_date=2026-07-17\exchange=NSE\symbol=TECHM\part-073248_254347-031038.parquet,36549,downloaded,36549,
2026-07-17,NSE,TECHM,raw_l2/trade_date=2026-07-17/exchange=NSE/symbol=TECHM/part-073621_842767-031518.parquet,real_data_sample\l2_unseen_validation\trade_date=2026-07-17\exchange=NSE\symbol=TECHM\part-073621_842767-031518.parquet,36041,downloaded,36041,
2026-07-17,NSE,TECHM,raw_l2/trade_date=2026-07-17/exchange=NSE/symbol=TECHM/part-073413_693768-031230.parquet,real_data_sample\l2_unseen_validation\trade_date=2026-07-17\exchange=NSE\symbol=TECHM\part-073413_693768-031230.parquet,36037,downloaded,36037,
2026-07-17,NSE,TECHM,raw_l2/trade_date=2026-07-17/exchange=NSE/symbol=TECHM/part-073524_872662-031390.parquet,real_data_sample\l2_unseen_validation\trade_date=2026-07-17\exchange=NSE\symbol=TECHM\part-073524_872662-031390.parquet,36146,downloaded,36146,
2026-07-17,NSE,TECHM,raw_l2/trade_date=2026-07-17/exchange=NSE/symbol=TECHM/part-073427_901354-031262.parquet,real_data_sample\l2_unseen_validation\trade_date=2026-07-17\exchange=NSE\symbol=TECHM\part-073427_901354-031262.parquet,35844,downloaded,35844,
2026-07-17,NSE,TECHM,raw_l2/trade_date=2026-07-17/exchange=NSE/symbol=TECHM/part-073607_536531-031486.parquet,real_data_sample\l2_unseen_validation\trade_date=2026-07-17\exchange=NSE\symbol=TECHM\part-073607_536531-031486.parquet,36130,downloaded,36130,
2026-07-17,NSE,TECHM,raw_l2/trade_date=2026-07-17/exchange=NSE/symbol=TECHM/part-073704_522677-031614.parquet,real_data_sample\l2_unseen_validation\trade_date=2026-07-17\exchange=NSE\symbol=TECHM\part-073704_522677-031614.parquet,35590,downloaded,35590,
2026-07-17,NSE,TECHM,raw_l2/trade_date=2026-07-17/exchange=NSE/symbol=TECHM/part-073316_616037-031102.parquet,real_data_sample\l2_unseen_validation\trade_date=2026-07-17\exchange=NSE\symbol=TECHM\part-073316_616037-031102.parquet,36459,downloaded,36459,
2026-07-17,NSE,TECHM,raw_l2/trade_date=2026-07-17/exchange=NSE/symbol=TECHM/part-073800_559573-031742.parquet,real_data_sample\l2_unseen_validation\trade_date=2026-07-17\exchange=NSE\symbol=TECHM\part-073800_559573-031742.parquet,34897,downloaded,34897,
2026-07-17,NSE,TECHM,raw_l2/trade_date=2026-07-17/exchange=NSE/symbol=TECHM/part-073718_536493-031646.parquet,real_data_sample\l2_unseen_validation\trade_date=2026-07-17\exchange=NSE\symbol=TECHM\part-073718_536493-031646.parquet,35611,downloaded,35611,
2026-07-17,NSE,TECHM,raw_l2/trade_date=2026-07-17/exchange=NSE/symbol=TECHM/part-073456_541786-031326.parquet,real_data_sample\l2_unseen_validation\trade_date=2026-07-17\exchange=NSE\symbol=TECHM\part-073456_541786-031326.parquet,36296,downloaded,36296,
2026-07-17,NSE,TECHM,raw_l2/trade_date=2026-07-17/exchange=NSE/symbol=TECHM/part-073732_575426-031678.parquet,real_data_sample\l2_unseen_validation\trade_date=2026-07-17\exchange=NSE\symbol=TECHM\part-073732_575426-031678.parquet,34832,downloaded,34832,
2026-07-17,NSE,TECHM,raw_l2/trade_date=2026-07-17/exchange=NSE/symbol=TECHM/part-073137_105652-030878.parquet,real_data_sample\l2_unseen_validation\trade_date=2026-07-17\exchange=NSE\symbol=TECHM\part-073137_105652-030878.parquet,35758,downloaded,35758,
2026-07-17,NSE,TECHM,raw_l2/trade_date=2026-07-17/exchange=NSE/symbol=TECHM/part-073331_054262-031134.parquet,real_data_sample\l2_unseen_validation\trade_date=2026-07-17\exchange=NSE\symbol=TECHM\part-073331_054262-031134.parquet,36209,downloaded,36209,
2026-07-17,NSE,TECHM,raw_l2/trade_date=2026-07-17/exchange=NSE/symbol=TECHM/part-073151_391047-030910.parquet,real_data_sample\l2_unseen_validation\trade_date=2026-07-17\exchange=NSE\symbol=TECHM\part-073151_391047-030910.parquet,35979,downloaded,35979,
2026-07-17,NSE,TECHM,raw_l2/trade_date=2026-07-17/exchange=NSE/symbol=TECHM/part-073219_781844-030974.parquet,real_data_sample\l2_unseen_validation\trade_date=2026-07-17\exchange=NSE\symbol=TECHM\part-073219_781844-030974.parquet,36110,downloaded,36110,
2026-07-17,NSE,TECHM,raw_l2/trade_date=2026-07-17/exchange=NSE/symbol=TECHM/part-073302_485841-031070.parquet,real_data_sample\l2_unseen_validation\trade_date=2026-07-17\exchange=NSE\symbol=TECHM\part-073302_485841-031070.parquet,36594,downloaded,36594,
2026-07-17,NSE,TECHM,raw_l2/trade_date=2026-07-17/exchange=NSE/symbol=TECHM/part-073233_983794-031006.parquet,real_data_sample\l2_unseen_validation\trade_date=2026-07-17\exchange=NSE\symbol=TECHM\part-073233_983794-031006.parquet,36527,downloaded,36527,
2026-07-17,NSE,TECHM,raw_l2/trade_date=2026-07-17/exchange=NSE/symbol=TECHM/part-073746_441626-031710.parquet,real_data_sample\l2_unseen_validation\trade_date=2026-07-17\exchange=NSE\symbol=TECHM\part-073746_441626-031710.parquet,34811,downloaded,34811,
2026-07-17,NSE,TECHM,raw_l2/trade_date=2026-07-17/exchange=NSE/symbol=TECHM/part-073539_176126-031422.parquet,real_data_sample\l2_unseen_validation\trade_date=2026-07-17\exchange=NSE\symbol=TECHM\part-073539_176126-031422.parquet,35707,downloaded,35707,
2026-07-17,NSE,TECHM,raw_l2/trade_date=2026-07-17/exchange=NSE/symbol=TECHM/part-072313_037138-029758.parquet,real_data_sample\l2_unseen_validation\trade_date=2026-07-17\exchange=NSE\symbol=TECHM\part-072313_037138-029758.parquet,35450,downloaded,35450,
2026-07-17,NSE,TECHM,raw_l2/trade_date=2026-07-17/exchange=NSE/symbol=TECHM/part-073925_500914-031934.parquet,real_data_sample\l2_unseen_validation\trade_date=2026-07-17\exchange=NSE\symbol=TECHM\part-073925_500914-031934.parquet,34617,downloaded,34617,
2026-07-17,NSE,TECHM,raw_l2/trade_date=2026-07-17/exchange=NSE/symbol=TECHM/part-073857_319597-031870.parquet,real_data_sample\l2_unseen_validation\trade_date=2026-07-17\exchange=NSE\symbol=TECHM\part-073857_319597-031870.parquet,34875,downloaded,34875,
2026-07-17,NSE,TECHM,raw_l2/trade_date=2026-07-17/exchange=NSE/symbol=TECHM/part-073911_545564-031902.parquet,real_data_sample\l2_unseen_validation\trade_date=2026-07-17\exchange=NSE\symbol=TECHM\part-073911_545564-031902.parquet,34712,downloaded,34712,
2026-07-17,NSE,TECHM,raw_l2/trade_date=2026-07-17/exchange=NSE/symbol=TECHM/part-074050_302089-032126.parquet,real_data_sample\l2_unseen_validation\trade_date=2026-07-17\exchange=NSE\symbol=TECHM\part-074050_302089-032126.parquet,35548,downloaded,35548,
2026-07-17,NSE,TECHM,raw_l2/trade_date=2026-07-17/exchange=NSE/symbol=TECHM/part-074118_522178-032190.parquet,real_data_sample\l2_unseen_validation\trade_date=2026-07-17\exchange=NSE\symbol=TECHM\part-074118_522178-032190.parquet,35374,downloaded,35374,
2026-07-17,NSE,TECHM,raw_l2/trade_date=2026-07-17/exchange=NSE/symbol=TECHM/part-074132_626781-032222.parquet,real_data_sample\l2_unseen_validation\trade_date=2026-07-17\exchange=NSE\symbol=TECHM\part-074132_626781-032222.parquet,35984,downloaded,35984,
2026-07-17,NSE,TECHM,raw_l2/trade_date=2026-07-17/exchange=NSE/symbol=TECHM/part-073939_526608-031966.parquet,real_data_sample\l2_unseen_validation\trade_date=2026-07-17\exchange=NSE\symbol=TECHM\part-073939_526608-031966.parquet,35022,downloaded,35022,
2026-07-17,NSE,TECHM,raw_l2/trade_date=2026-07-17/exchange=NSE/symbol=TECHM/part-073814_687823-031774.parquet,real_data_sample\l2_unseen_validation\trade_date=2026-07-17\exchange=NSE\symbol=TECHM\part-073814_687823-031774.parquet,34814,downloaded,34814,
2026-07-17,NSE,TECHM,raw_l2/trade_date=2026-07-17/exchange=NSE/symbol=TECHM/part-073828_997675-031806.parquet,real_data_sample\l2_unseen_validation\trade_date=2026-07-17\exchange=NSE\symbol=TECHM\part-073828_997675-031806.parquet,34757,downloaded,34757,
2026-07-17,NSE,TECHM,raw_l2/trade_date=2026-07-17/exchange=NSE/symbol=TECHM/part-074324_701536-032478.parquet,real_data_sample\l2_unseen_validation\trade_date=2026-07-17\exchange=NSE\symbol=TECHM\part-074324_701536-032478.parquet,35891,downloaded,35891,
2026-07-17,NSE,TECHM,raw_l2/trade_date=2026-07-17/exchange=NSE/symbol=TECHM/part-074407_755732-032574.parquet,real_data_sample\l2_unseen_validation\trade_date=2026-07-17\exchange=NSE\symbol=TECHM\part-074407_755732-032574.parquet,35533,downloaded,35533,
2026-07-17,NSE,TECHM,raw_l2/trade_date=2026-07-17/exchange=NSE/symbol=TECHM/part-074146_678215-032254.parquet,real_data_sample\l2_unseen_validation\trade_date=2026-07-17\exchange=NSE\symbol=TECHM\part-074146_678215-032254.parquet,35627,downloaded,35627,
2026-07-17,NSE,TECHM,raw_l2/trade_date=2026-07-17/exchange=NSE/symbol=TECHM/part-074228_610790-032350.parquet,real_data_sample\l2_unseen_validation\trade_date=2026-07-17\exchange=NSE\symbol=TECHM\part-074228_610790-032350.parquet,35647,downloaded,35647,
2026-07-17,NSE,TECHM,raw_l2/trade_date=2026-07-17/exchange=NSE/symbol=TECHM/part-074104_388621-032158.parquet,real_data_sample\l2_unseen_validation\trade_date=2026-07-17\exchange=NSE\symbol=TECHM\part-074104_388621-032158.parquet,35928,downloaded,35928,
2026-07-17,NSE,TECHM,raw_l2/trade_date=2026-07-17/exchange=NSE/symbol=TECHM/part-074200_761519-032286.parquet,real_data_sample\l2_unseen_validation\trade_date=2026-07-17\exchange=NSE\symbol=TECHM\part-074200_761519-032286.parquet,35718,downloaded,35718,
2026-07-17,NSE,TECHM,raw_l2/trade_date=2026-07-17/exchange=NSE/symbol=TECHM/part-073842_918742-031838.parquet,real_data_sample\l2_unseen_validation\trade_date=2026-07-17\exchange=NSE\symbol=TECHM\part-073842_918742-031838.parquet,34843,downloaded,34843,
2026-07-17,NSE,TECHM,raw_l2/trade_date=2026-07-17/exchange=NSE/symbol=TECHM/part-074338_961858-032510.parquet,real_data_sample\l2_unseen_validation\trade_date=2026-07-17\exchange=NSE\symbol=TECHM\part-074338_961858-032510.parquet,35600,downloaded,35600,
2026-07-17,NSE,TECHM,raw_l2/trade_date=2026-07-17/exchange=NSE/symbol=TECHM/part-074007_825623-032030.parquet,real_data_sample\l2_unseen_validation\trade_date=2026-07-17\exchange=NSE\symbol=TECHM\part-074007_825623-032030.parquet,34816,downloaded,34816,
2026-07-17,NSE,TECHM,raw_l2/trade_date=2026-07-17/exchange=NSE/symbol=TECHM/part-074214_755930-032318.parquet,real_data_sample\l2_unseen_validation\trade_date=2026-07-17\exchange=NSE\symbol=TECHM\part-074214_755930-032318.parquet,35706,downloaded,35706,
2026-07-17,NSE,TECHM,raw_l2/trade_date=2026-07-17/exchange=NSE/symbol=TECHM/part-074421_744545-032606.parquet,real_data_sample\l2_unseen_validation\trade_date=2026-07-17\exchange=NSE\symbol=TECHM\part-074421_744545-032606.parquet,34921,downloaded,34921,
2026-07-17,NSE,TECHM,raw_l2/trade_date=2026-07-17/exchange=NSE/symbol=TECHM/part-074449_701535-032670.parquet,real_data_sample\l2_unseen_validation\trade_date=2026-07-17\exchange=NSE\symbol=TECHM\part-074449_701535-032670.parquet,34942,downloaded,34942,
2026-07-17,NSE,TECHM,raw_l2/trade_date=2026-07-17/exchange=NSE/symbol=TECHM/part-074022_018828-032062.parquet,real_data_sample\l2_unseen_validation\trade_date=2026-07-17\exchange=NSE\symbol=TECHM\part-074022_018828-032062.parquet,35660,downloaded,35660,
2026-07-17,NSE,TECHM,raw_l2/trade_date=2026-07-17/exchange=NSE/symbol=TECHM/part-073953_614098-031998.parquet,real_data_sample\l2_unseen_validation\trade_date=2026-07-17\exchange=NSE\symbol=TECHM\part-073953_614098-031998.parquet,34772,downloaded,34772,
2026-07-17,NSE,TECHM,raw_l2/trade_date=2026-07-17/exchange=NSE/symbol=TECHM/part-074310_653281-032446.parquet,real_data_sample\l2_unseen_validation\trade_date=2026-07-17\exchange=NSE\symbol=TECHM\part-074310_653281-032446.parquet,35681,downloaded,35681,
2026-07-17,NSE,TECHM,raw_l2/trade_date=2026-07-17/exchange=NSE/symbol=TECHM/part-074256_769134-032414.parquet,real_data_sample\l2_unseen_validation\trade_date=2026-07-17\exchange=NSE\symbol=TECHM\part-074256_769134-032414.parquet,35511,downloaded,35511,
2026-07-17,NSE,TECHM,raw_l2/trade_date=2026-07-17/exchange=NSE/symbol=TECHM/part-074435_780768-032638.parquet,real_data_sample\l2_unseen_validation\trade_date=2026-07-17\exchange=NSE\symbol=TECHM\part-074435_780768-032638.parquet,34783,downloaded,34783,
2026-07-17,NSE,TECHM,raw_l2/trade_date=2026-07-17/exchange=NSE/symbol=TECHM/part-074518_201297-032734.parquet,real_data_sample\l2_unseen_validation\trade_date=2026-07-17\exchange=NSE\symbol=TECHM\part-074518_201297-032734.parquet,35428,downloaded,35428,
2026-07-17,NSE,TECHM,raw_l2/trade_date=2026-07-17/exchange=NSE/symbol=TECHM/part-074036_086947-032094.parquet,real_data_sample\l2_unseen_validation\trade_date=2026-07-17\exchange=NSE\symbol=TECHM\part-074036_086947-032094.parquet,35919,downloaded,35919,
2026-07-17,NSE,TECHM,raw_l2/trade_date=2026-07-17/exchange=NSE/symbol=TECHM/part-074353_545031-032542.parquet,real_data_sample\l2_unseen_validation\trade_date=2026-07-17\exchange=NSE\symbol=TECHM\part-074353_545031-032542.parquet,35522,downloaded,35522,
2026-07-17,NSE,TECHM,raw_l2/trade_date=2026-07-17/exchange=NSE/symbol=TECHM/part-074503_922671-032702.parquet,real_data_sample\l2_unseen_validation\trade_date=2026-07-17\exchange=NSE\symbol=TECHM\part-074503_922671-032702.parquet,34966,downloaded,34966,
2026-07-17,NSE,TECHM,raw_l2/trade_date=2026-07-17/exchange=NSE/symbol=TECHM/part-074242_713215-032382.parquet,real_data_sample\l2_unseen_validation\trade_date=2026-07-17\exchange=NSE\symbol=TECHM\part-074242_713215-032382.parquet,35757,downloaded,35757,
2026-07-17,NSE,TECHM,raw_l2/trade_date=2026-07-17/exchange=NSE/symbol=TECHM/part-074546_241428-032798.parquet,real_data_sample\l2_unseen_validation\trade_date=2026-07-17\exchange=NSE\symbol=TECHM\part-074546_241428-032798.parquet,36064,downloaded,36064,
2026-07-17,NSE,TECHM,raw_l2/trade_date=2026-07-17/exchange=NSE/symbol=TECHM/part-074600_546176-032830.parquet,real_data_sample\l2_unseen_validation\trade_date=2026-07-17\exchange=NSE\symbol=TECHM\part-074600_546176-032830.parquet,36174,downloaded,36174,
2026-07-17,NSE,TECHM,raw_l2/trade_date=2026-07-17/exchange=NSE/symbol=TECHM/part-074918_746122-033278.parquet,real_data_sample\l2_unseen_validation\trade_date=2026-07-17\exchange=NSE\symbol=TECHM\part-074918_746122-033278.parquet,36181,downloaded,36181,
2026-07-17,NSE,TECHM,raw_l2/trade_date=2026-07-17/exchange=NSE/symbol=TECHM/part-074932_661286-033310.parquet,real_data_sample\l2_unseen_validation\trade_date=2026-07-17\exchange=NSE\symbol=TECHM\part-074932_661286-033310.parquet,36036,downloaded,36036,
2026-07-17,NSE,TECHM,raw_l2/trade_date=2026-07-17/exchange=NSE/symbol=TECHM/part-074946_737328-033342.parquet,real_data_sample\l2_unseen_validation\trade_date=2026-07-17\exchange=NSE\symbol=TECHM\part-074946_737328-033342.parquet,36434,downloaded,36434,
2026-07-17,NSE,TECHM,raw_l2/trade_date=2026-07-17/exchange=NSE/symbol=TECHM/part-074754_017487-033086.parquet,real_data_sample\l2_unseen_validation\trade_date=2026-07-17\exchange=NSE\symbol=TECHM\part-074754_017487-033086.parquet,36194,downloaded,36194,
2026-07-17,NSE,TECHM,raw_l2/trade_date=2026-07-17/exchange=NSE/symbol=TECHM/part-074657_564115-032958.parquet,real_data_sample\l2_unseen_validation\trade_date=2026-07-17\exchange=NSE\symbol=TECHM\part-074657_564115-032958.parquet,35957,downloaded,35957,
2026-07-17,NSE,TECHM,raw_l2/trade_date=2026-07-17/exchange=NSE/symbol=TECHM/part-074615_007982-032862.parquet,real_data_sample\l2_unseen_validation\trade_date=2026-07-17\exchange=NSE\symbol=TECHM\part-074615_007982-032862.parquet,35908,downloaded,35908,
2026-07-17,NSE,TECHM,raw_l2/trade_date=2026-07-17/exchange=NSE/symbol=TECHM/part-074643_549703-032926.parquet,real_data_sample\l2_unseen_validation\trade_date=2026-07-17\exchange=NSE\symbol=TECHM\part-074643_549703-032926.parquet,35831,downloaded,35831,
2026-07-17,NSE,TECHM,raw_l2/trade_date=2026-07-17/exchange=NSE/symbol=TECHM/part-075126_025197-033566.parquet,real_data_sample\l2_unseen_validation\trade_date=2026-07-17\exchange=NSE\symbol=TECHM\part-075126_025197-033566.parquet,36101,downloaded,36101,
2026-07-17,NSE,TECHM,raw_l2/trade_date=2026-07-17/exchange=NSE/symbol=TECHM/part-075029_741505-033438.parquet,real_data_sample\l2_unseen_validation\trade_date=2026-07-17\exchange=NSE\symbol=TECHM\part-075029_741505-033438.parquet,35956,downloaded,35956,
2026-07-17,NSE,TECHM,raw_l2/trade_date=2026-07-17/exchange=NSE/symbol=TECHM/part-074629_132905-032894.parquet,real_data_sample\l2_unseen_validation\trade_date=2026-07-17\exchange=NSE\symbol=TECHM\part-074629_132905-032894.parquet,35302,downloaded,35302,
2026-07-17,NSE,TECHM,raw_l2/trade_date=2026-07-17/exchange=NSE/symbol=TECHM/part-075014_903605-033406.parquet,real_data_sample\l2_unseen_validation\trade_date=2026-07-17\exchange=NSE\symbol=TECHM\part-075014_903605-033406.parquet,35742,downloaded,35742,
2026-07-17,NSE,TECHM,raw_l2/trade_date=2026-07-17/exchange=NSE/symbol=TECHM/part-075140_190985-033598.parquet,real_data_sample\l2_unseen_validation\trade_date=2026-07-17\exchange=NSE\symbol=TECHM\part-075140_190985-033598.parquet,36002,downloaded,36002,
2026-07-17,NSE,TECHM,raw_l2/trade_date=2026-07-17/exchange=NSE/symbol=TECHM/part-075058_041258-033502.parquet,real_data_sample\l2_unseen_validation\trade_date=2026-07-17\exchange=NSE\symbol=TECHM\part-075058_041258-033502.parquet,35892,downloaded,35892,
2026-07-17,NSE,TECHM,raw_l2/trade_date=2026-07-17/exchange=NSE/symbol=TECHM/part-075043_959737-033470.parquet,real_data_sample\l2_unseen_validation\trade_date=2026-07-17\exchange=NSE\symbol=TECHM\part-075043_959737-033470.parquet,36163,downloaded,36163,
2026-07-17,NSE,TECHM,raw_l2/trade_date=2026-07-17/exchange=NSE/symbol=TECHM/part-075154_683913-033630.parquet,real_data_sample\l2_unseen_validation\trade_date=2026-07-17\exchange=NSE\symbol=TECHM\part-075154_683913-033630.parquet,36059,downloaded,36059,
2026-07-17,NSE,TECHM,raw_l2/trade_date=2026-07-17/exchange=NSE/symbol=TECHM/part-075000_695461-033374.parquet,real_data_sample\l2_unseen_validation\trade_date=2026-07-17\exchange=NSE\symbol=TECHM\part-075000_695461-033374.parquet,35626,downloaded,35626,
2026-07-17,NSE,TECHM,raw_l2/trade_date=2026-07-17/exchange=NSE/symbol=TECHM/part-075111_885594-033534.parquet,real_data_sample\l2_unseen_validation\trade_date=2026-07-17\exchange=NSE\symbol=TECHM\part-075111_885594-033534.parquet,36648,downloaded,36648,
2026-07-17,NSE,TECHM,raw_l2/trade_date=2026-07-17/exchange=NSE/symbol=TECHM/part-075208_863985-033662.parquet,real_data_sample\l2_unseen_validation\trade_date=2026-07-17\exchange=NSE\symbol=TECHM\part-075208_863985-033662.parquet,35743,downloaded,35743,
2026-07-17,NSE,TECHM,raw_l2/trade_date=2026-07-17/exchange=NSE/symbol=TECHM/part-074904_620911-033246.parquet,real_data_sample\l2_unseen_validation\trade_date=2026-07-17\exchange=NSE\symbol=TECHM\part-074904_620911-033246.parquet,36026,downloaded,36026,
2026-07-17,NSE,TECHM,raw_l2/trade_date=2026-07-17/exchange=NSE/symbol=TECHM/part-074725_907880-033022.parquet,real_data_sample\l2_unseen_validation\trade_date=2026-07-17\exchange=NSE\symbol=TECHM\part-074725_907880-033022.parquet,36108,downloaded,36108,
2026-07-17,NSE,TECHM,raw_l2/trade_date=2026-07-17/exchange=NSE/symbol=TECHM/part-075222_978234-033694.parquet,real_data_sample\l2_unseen_validation\trade_date=2026-07-17\exchange=NSE\symbol=TECHM\part-075222_978234-033694.parquet,36151,downloaded,36151,
2026-07-17,NSE,TECHM,raw_l2/trade_date=2026-07-17/exchange=NSE/symbol=TECHM/part-074739_997345-033054.parquet,real_data_sample\l2_unseen_validation\trade_date=2026-07-17\exchange=NSE\symbol=TECHM\part-074739_997345-033054.parquet,35610,downloaded,35610,
2026-07-17,NSE,TECHM,raw_l2/trade_date=2026-07-17/exchange=NSE/symbol=TECHM/part-074808_022118-033118.parquet,real_data_sample\l2_unseen_validation\trade_date=2026-07-17\exchange=NSE\symbol=TECHM\part-074808_022118-033118.parquet,36285,downloaded,36285,
2026-07-17,NSE,TECHM,raw_l2/trade_date=2026-07-17/exchange=NSE/symbol=TECHM/part-075251_769947-033758.parquet,real_data_sample\l2_unseen_validation\trade_date=2026-07-17\exchange=NSE\symbol=TECHM\part-075251_769947-033758.parquet,35702,downloaded,35702,
2026-07-17,NSE,TECHM,raw_l2/trade_date=2026-07-17/exchange=NSE/symbol=TECHM/part-074836_183598-033182.parquet,real_data_sample\l2_unseen_validation\trade_date=2026-07-17\exchange=NSE\symbol=TECHM\part-074836_183598-033182.parquet,36332,downloaded,36332,
2026-07-17,NSE,TECHM,raw_l2/trade_date=2026-07-17/exchange=NSE/symbol=TECHM/part-074711_632592-032990.parquet,real_data_sample\l2_unseen_validation\trade_date=2026-07-17\exchange=NSE\symbol=TECHM\part-074711_632592-032990.parquet,35721,downloaded,35721,
2026-07-17,NSE,TECHM,raw_l2/trade_date=2026-07-17/exchange=NSE/symbol=TECHM/part-075237_109267-033726.parquet,real_data_sample\l2_unseen_validation\trade_date=2026-07-17\exchange=NSE\symbol=TECHM\part-075237_109267-033726.parquet,35654,downloaded,35654,
2026-07-17,NSE,TECHM,raw_l2/trade_date=2026-07-17/exchange=NSE/symbol=TECHM/part-074822_003974-033150.parquet,real_data_sample\l2_unseen_validation\trade_date=2026-07-17\exchange=NSE\symbol=TECHM\part-074822_003974-033150.parquet,35884,downloaded,35884,
2026-07-17,NSE,TECHM,raw_l2/trade_date=2026-07-17/exchange=NSE/symbol=TECHM/part-074850_318566-033214.parquet,real_data_sample\l2_unseen_validation\trade_date=2026-07-17\exchange=NSE\symbol=TECHM\part-074850_318566-033214.parquet,35938,downloaded,35938,
2026-07-17,NSE,TECHM,raw_l2/trade_date=2026-07-17/exchange=NSE/symbol=TECHM/part-074532_266710-032766.parquet,real_data_sample\l2_unseen_validation\trade_date=2026-07-17\exchange=NSE\symbol=TECHM\part-074532_266710-032766.parquet,36222,downloaded,36222,
2026-07-17,NSE,TECHM,raw_l2/trade_date=2026-07-17/exchange=NSE/symbol=TECHM/part-075305_976704-033790.parquet,real_data_sample\l2_unseen_validation\trade_date=2026-07-17\exchange=NSE\symbol=TECHM\part-075305_976704-033790.parquet,35880,downloaded,35880,
2026-07-17,NSE,TECHM,raw_l2/trade_date=2026-07-17/exchange=NSE/symbol=TECHM/part-075320_046668-033822.parquet,real_data_sample\l2_unseen_validation\trade_date=2026-07-17\exchange=NSE\symbol=TECHM\part-075320_046668-033822.parquet,35504,downloaded,35504,
2026-07-17,NSE,TECHM,raw_l2/trade_date=2026-07-17/exchange=NSE/symbol=TECHM/part-075512_823040-034078.parquet,real_data_sample\l2_unseen_validation\trade_date=2026-07-17\exchange=NSE\symbol=TECHM\part-075512_823040-034078.parquet,36111,downloaded,36111,
2026-07-17,NSE,TECHM,raw_l2/trade_date=2026-07-17/exchange=NSE/symbol=TECHM/part-075402_205861-033918.parquet,real_data_sample\l2_unseen_validation\trade_date=2026-07-17\exchange=NSE\symbol=TECHM\part-075402_205861-033918.parquet,35139,downloaded,35139,
2026-07-17,NSE,TECHM,raw_l2/trade_date=2026-07-17/exchange=NSE/symbol=TECHM/part-075554_837344-034174.parquet,real_data_sample\l2_unseen_validation\trade_date=2026-07-17\exchange=NSE\symbol=TECHM\part-075554_837344-034174.parquet,35737,downloaded,35737,
2026-07-17,NSE,TECHM,raw_l2/trade_date=2026-07-17/exchange=NSE/symbol=TECHM/part-075540_749426-034142.parquet,real_data_sample\l2_unseen_validation\trade_date=2026-07-17\exchange=NSE\symbol=TECHM\part-075540_749426-034142.parquet,36297,downloaded,36297,
2026-07-17,NSE,TECHM,raw_l2/trade_date=2026-07-17/exchange=NSE/symbol=TECHM/part-075526_826822-034110.parquet,real_data_sample\l2_unseen_validation\trade_date=2026-07-17\exchange=NSE\symbol=TECHM\part-075526_826822-034110.parquet,36815,downloaded,36815,
2026-07-17,NSE,TECHM,raw_l2/trade_date=2026-07-17/exchange=NSE/symbol=TECHM/part-075348_021175-033886.parquet,real_data_sample\l2_unseen_validation\trade_date=2026-07-17\exchange=NSE\symbol=TECHM\part-075348_021175-033886.parquet,35162,downloaded,35162,
2026-07-17,NSE,TECHM,raw_l2/trade_date=2026-07-17/exchange=NSE/symbol=TECHM/part-075609_028292-034206.parquet,real_data_sample\l2_unseen_validation\trade_date=2026-07-17\exchange=NSE\symbol=TECHM\part-075609_028292-034206.parquet,36363,downloaded,36363,
2026-07-17,NSE,TECHM,raw_l2/trade_date=2026-07-17/exchange=NSE/symbol=TECHM/part-075637_520051-034270.parquet,real_data_sample\l2_unseen_validation\trade_date=2026-07-17\exchange=NSE\symbol=TECHM\part-075637_520051-034270.parquet,36690,downloaded,36690,
2026-07-17,NSE,TECHM,raw_l2/trade_date=2026-07-17/exchange=NSE/symbol=TECHM/part-075651_698571-034302.parquet,real_data_sample\l2_unseen_validation\trade_date=2026-07-17\exchange=NSE\symbol=TECHM\part-075651_698571-034302.parquet,36159,downloaded,36159,
2026-07-17,NSE,TECHM,raw_l2/trade_date=2026-07-17/exchange=NSE/symbol=TECHM/part-075334_118499-033854.parquet,real_data_sample\l2_unseen_validation\trade_date=2026-07-17\exchange=NSE\symbol=TECHM\part-075334_118499-033854.parquet,35015,downloaded,35015,
2026-07-17,NSE,TECHM,raw_l2/trade_date=2026-07-17/exchange=NSE/symbol=TECHM/part-075416_302260-033950.parquet,real_data_sample\l2_unseen_validation\trade_date=2026-07-17\exchange=NSE\symbol=TECHM\part-075416_302260-033950.parquet,35184,downloaded,35184,
2026-07-17,NSE,TECHM,raw_l2/trade_date=2026-07-17/exchange=NSE/symbol=TECHM/part-075444_507362-034014.parquet,real_data_sample\l2_unseen_validation\trade_date=2026-07-17\exchange=NSE\symbol=TECHM\part-075444_507362-034014.parquet,35725,downloaded,35725,
2026-07-17,NSE,TECHM,raw_l2/trade_date=2026-07-17/exchange=NSE/symbol=TECHM/part-075623_198606-034238.parquet,real_data_sample\l2_unseen_validation\trade_date=2026-07-17\exchange=NSE\symbol=TECHM\part-075623_198606-034238.parquet,35888,downloaded,35888,
2026-07-17,NSE,TECHM,raw_l2/trade_date=2026-07-17/exchange=NSE/symbol=TECHM/part-075430_269580-033982.parquet,real_data_sample\l2_unseen_validation\trade_date=2026-07-17\exchange=NSE\symbol=TECHM\part-075430_269580-033982.parquet,35987,downloaded,35987,
2026-07-17,NSE,TECHM,raw_l2/trade_date=2026-07-17/exchange=NSE/symbol=TECHM/part-075803_341948-034462.parquet,real_data_sample\l2_unseen_validation\trade_date=2026-07-17\exchange=NSE\symbol=TECHM\part-075803_341948-034462.parquet,36277,downloaded,36277,
2026-07-17,NSE,TECHM,raw_l2/trade_date=2026-07-17/exchange=NSE/symbol=TECHM/part-075458_786580-034046.parquet,real_data_sample\l2_unseen_validation\trade_date=2026-07-17\exchange=NSE\symbol=TECHM\part-075458_786580-034046.parquet,36385,downloaded,36385,
2026-07-17,NSE,TECHM,raw_l2/trade_date=2026-07-17/exchange=NSE/symbol=TECHM/part-075734_771410-034398.parquet,real_data_sample\l2_unseen_validation\trade_date=2026-07-17\exchange=NSE\symbol=TECHM\part-075734_771410-034398.parquet,36031,downloaded,36031,
2026-07-17,NSE,TECHM,raw_l2/trade_date=2026-07-17/exchange=NSE/symbol=TECHM/part-075915_013597-034622.parquet,real_data_sample\l2_unseen_validation\trade_date=2026-07-17\exchange=NSE\symbol=TECHM\part-075915_013597-034622.parquet,36402,downloaded,36402,
2026-07-17,NSE,TECHM,raw_l2/trade_date=2026-07-17/exchange=NSE/symbol=TECHM/part-075749_009025-034430.parquet,real_data_sample\l2_unseen_validation\trade_date=2026-07-17\exchange=NSE\symbol=TECHM\part-075749_009025-034430.parquet,35856,downloaded,35856,
2026-07-17,NSE,TECHM,raw_l2/trade_date=2026-07-17/exchange=NSE/symbol=TECHM/part-075929_258794-034654.parquet,real_data_sample\l2_unseen_validation\trade_date=2026-07-17\exchange=NSE\symbol=TECHM\part-075929_258794-034654.parquet,36855,downloaded,36855,
2026-07-17,NSE,TECHM,raw_l2/trade_date=2026-07-17/exchange=NSE/symbol=TECHM/part-075706_013218-034334.parquet,real_data_sample\l2_unseen_validation\trade_date=2026-07-17\exchange=NSE\symbol=TECHM\part-075706_013218-034334.parquet,36139,downloaded,36139,
2026-07-17,NSE,TECHM,raw_l2/trade_date=2026-07-17/exchange=NSE/symbol=TECHM/part-075720_225772-034366.parquet,real_data_sample\l2_unseen_validation\trade_date=2026-07-17\exchange=NSE\symbol=TECHM\part-075720_225772-034366.parquet,36153,downloaded,36153,
2026-07-17,NSE,TECHM,raw_l2/trade_date=2026-07-17/exchange=NSE/symbol=TECHM/part-075832_178745-034526.parquet,real_data_sample\l2_unseen_validation\trade_date=2026-07-17\exchange=NSE\symbol=TECHM\part-075832_178745-034526.parquet,36381,downloaded,36381,
2026-07-17,NSE,TECHM,raw_l2/trade_date=2026-07-17/exchange=NSE/symbol=TECHM/part-075846_501142-034558.parquet,real_data_sample\l2_unseen_validation\trade_date=2026-07-17\exchange=NSE\symbol=TECHM\part-075846_501142-034558.parquet,36332,downloaded,36332,
2026-07-17,NSE,TECHM,raw_l2/trade_date=2026-07-17/exchange=NSE/symbol=TECHM/part-075958_555249-034718.parquet,real_data_sample\l2_unseen_validation\trade_date=2026-07-17\exchange=NSE\symbol=TECHM\part-075958_555249-034718.parquet,35780,downloaded,35780,
2026-07-17,NSE,TECHM,raw_l2/trade_date=2026-07-17/exchange=NSE/symbol=TECHM/part-075818_044838-034494.parquet,real_data_sample\l2_unseen_validation\trade_date=2026-07-17\exchange=NSE\symbol=TECHM\part-075818_044838-034494.parquet,36181,downloaded,36181,
2026-07-17,NSE,TECHM,raw_l2/trade_date=2026-07-17/exchange=NSE/symbol=TECHM/part-075900_727306-034590.parquet,real_data_sample\l2_unseen_validation\trade_date=2026-07-17\exchange=NSE\symbol=TECHM\part-075900_727306-034590.parquet,36372,downloaded,36372,
2026-07-17,NSE,TECHM,raw_l2/trade_date=2026-07-17/exchange=NSE/symbol=TECHM/part-075943_581309-034686.parquet,real_data_sample\l2_unseen_validation\trade_date=2026-07-17\exchange=NSE\symbol=TECHM\part-075943_581309-034686.parquet,36409,downloaded,36409,
2026-07-17,NSE,TECHM,raw_l2/trade_date=2026-07-17/exchange=NSE/symbol=TECHM/part-080013_172467-034750.parquet,real_data_sample\l2_unseen_validation\trade_date=2026-07-17\exchange=NSE\symbol=TECHM\part-080013_172467-034750.parquet,36244,downloaded,36244,
2026-07-17,NSE,TECHM,raw_l2/trade_date=2026-07-17/exchange=NSE/symbol=TECHM/part-080041_968370-034814.parquet,real_data_sample\l2_unseen_validation\trade_date=2026-07-17\exchange=NSE\symbol=TECHM\part-080041_968370-034814.parquet,35708,downloaded,35708,
2026-07-17,NSE,TECHM,raw_l2/trade_date=2026-07-17/exchange=NSE/symbol=TECHM/part-080056_496131-034846.parquet,real_data_sample\l2_unseen_validation\trade_date=2026-07-17\exchange=NSE\symbol=TECHM\part-080056_496131-034846.parquet,35523,downloaded,35523,
2026-07-17,NSE,TECHM,raw_l2/trade_date=2026-07-17/exchange=NSE/symbol=TECHM/part-080124_916365-034910.parquet,real_data_sample\l2_unseen_validation\trade_date=2026-07-17\exchange=NSE\symbol=TECHM\part-080124_916365-034910.parquet,36470,downloaded,36470,
2026-07-17,NSE,TECHM,raw_l2/trade_date=2026-07-17/exchange=NSE/symbol=TECHM/part-080110_756920-034878.parquet,real_data_sample\l2_unseen_validation\trade_date=2026-07-17\exchange=NSE\symbol=TECHM\part-080110_756920-034878.parquet,36084,downloaded,36084,
2026-07-17,NSE,TECHM,raw_l2/trade_date=2026-07-17/exchange=NSE/symbol=TECHM/part-080153_694876-034974.parquet,real_data_sample\l2_unseen_validation\trade_date=2026-07-17\exchange=NSE\symbol=TECHM\part-080153_694876-034974.parquet,36323,downloaded,36323,
2026-07-17,NSE,TECHM,raw_l2/trade_date=2026-07-17/exchange=NSE/symbol=TECHM/part-080139_237292-034942.parquet,real_data_sample\l2_unseen_validation\trade_date=2026-07-17\exchange=NSE\symbol=TECHM\part-080139_237292-034942.parquet,36273,downloaded,36273,
2026-07-17,NSE,TECHM,raw_l2/trade_date=2026-07-17/exchange=NSE/symbol=TECHM/part-080208_050193-035006.parquet,real_data_sample\l2_unseen_validation\trade_date=2026-07-17\exchange=NSE\symbol=TECHM\part-080208_050193-035006.parquet,36237,downloaded,36237,
2026-07-17,NSE,TECHM,raw_l2/trade_date=2026-07-17/exchange=NSE/symbol=TECHM/part-080027_732081-034782.parquet,real_data_sample\l2_unseen_validation\trade_date=2026-07-17\exchange=NSE\symbol=TECHM\part-080027_732081-034782.parquet,36577,downloaded,36577,
2026-07-17,NSE,TECHM,raw_l2/trade_date=2026-07-17/exchange=NSE/symbol=TECHM/part-080222_125805-035038.parquet,real_data_sample\l2_unseen_validation\trade_date=2026-07-17\exchange=NSE\symbol=TECHM\part-080222_125805-035038.parquet,36058,downloaded,36058,
2026-07-17,NSE,TECHM,raw_l2/trade_date=2026-07-17/exchange=NSE/symbol=TECHM/part-080812_832841-035806.parquet,real_data_sample\l2_unseen_validation\trade_date=2026-07-17\exchange=NSE\symbol=TECHM\part-080812_832841-035806.parquet,35834,downloaded,35834,
2026-07-17,NSE,TECHM,raw_l2/trade_date=2026-07-17/exchange=NSE/symbol=TECHM/part-080435_277922-035326.parquet,real_data_sample\l2_unseen_validation\trade_date=2026-07-17\exchange=NSE\symbol=TECHM\part-080435_277922-035326.parquet,36041,downloaded,36041,
2026-07-17,NSE,TECHM,raw_l2/trade_date=2026-07-17/exchange=NSE/symbol=TECHM/part-080631_042472-035582.parquet,real_data_sample\l2_unseen_validation\trade_date=2026-07-17\exchange=NSE\symbol=TECHM\part-080631_042472-035582.parquet,36518,downloaded,36518,
2026-07-17,NSE,TECHM,raw_l2/trade_date=2026-07-17/exchange=NSE/symbol=TECHM/part-080349_254637-035230.parquet,real_data_sample\l2_unseen_validation\trade_date=2026-07-17\exchange=NSE\symbol=TECHM\part-080349_254637-035230.parquet,35620,downloaded,35620,
2026-07-17,NSE,TECHM,raw_l2/trade_date=2026-07-17/exchange=NSE/symbol=TECHM/part-080645_316001-035614.parquet,real_data_sample\l2_unseen_validation\trade_date=2026-07-17\exchange=NSE\symbol=TECHM\part-080645_316001-035614.parquet,36633,downloaded,36633,
2026-07-17,NSE,TECHM,raw_l2/trade_date=2026-07-17/exchange=NSE/symbol=TECHM/part-080320_036539-035166.parquet,real_data_sample\l2_unseen_validation\trade_date=2026-07-17\exchange=NSE\symbol=TECHM\part-080320_036539-035166.parquet,36042,downloaded,36042,
2026-07-17,NSE,TECHM,raw_l2/trade_date=2026-07-17/exchange=NSE/symbol=TECHM/part-080404_057438-035262.parquet,real_data_sample\l2_unseen_validation\trade_date=2026-07-17\exchange=NSE\symbol=TECHM\part-080404_057438-035262.parquet,36055,downloaded,36055,
2026-07-17,NSE,TECHM,raw_l2/trade_date=2026-07-17/exchange=NSE/symbol=TECHM/part-080602_249875-035518.parquet,real_data_sample\l2_unseen_validation\trade_date=2026-07-17\exchange=NSE\symbol=TECHM\part-080602_249875-035518.parquet,36487,downloaded,36487,
2026-07-17,NSE,TECHM,raw_l2/trade_date=2026-07-17/exchange=NSE/symbol=TECHM/part-080659_764897-035646.parquet,real_data_sample\l2_unseen_validation\trade_date=2026-07-17\exchange=NSE\symbol=TECHM\part-080659_764897-035646.parquet,36283,downloaded,36283,
2026-07-17,NSE,TECHM,raw_l2/trade_date=2026-07-17/exchange=NSE/symbol=TECHM/part-080616_513729-035550.parquet,real_data_sample\l2_unseen_validation\trade_date=2026-07-17\exchange=NSE\symbol=TECHM\part-080616_513729-035550.parquet,36100,downloaded,36100,
2026-07-17,NSE,TECHM,raw_l2/trade_date=2026-07-17/exchange=NSE/symbol=TECHM/part-080728_761176-035710.parquet,real_data_sample\l2_unseen_validation\trade_date=2026-07-17\exchange=NSE\symbol=TECHM\part-080728_761176-035710.parquet,36050,downloaded,36050,
2026-07-17,NSE,TECHM,raw_l2/trade_date=2026-07-17/exchange=NSE/symbol=TECHM/part-080714_615777-035678.parquet,real_data_sample\l2_unseen_validation\trade_date=2026-07-17\exchange=NSE\symbol=TECHM\part-080714_615777-035678.parquet,36434,downloaded,36434,
2026-07-17,NSE,TECHM,raw_l2/trade_date=2026-07-17/exchange=NSE/symbol=TECHM/part-080533_885434-035454.parquet,real_data_sample\l2_unseen_validation\trade_date=2026-07-17\exchange=NSE\symbol=TECHM\part-080533_885434-035454.parquet,36826,downloaded,36826,
2026-07-17,NSE,TECHM,raw_l2/trade_date=2026-07-17/exchange=NSE/symbol=TECHM/part-080548_041559-035486.parquet,real_data_sample\l2_unseen_validation\trade_date=2026-07-17\exchange=NSE\symbol=TECHM\part-080548_041559-035486.parquet,36709,downloaded,36709,
2026-07-17,NSE,TECHM,raw_l2/trade_date=2026-07-17/exchange=NSE/symbol=TECHM/part-080504_373828-035390.parquet,real_data_sample\l2_unseen_validation\trade_date=2026-07-17\exchange=NSE\symbol=TECHM\part-080504_373828-035390.parquet,36668,downloaded,36668,
2026-07-17,NSE,TECHM,raw_l2/trade_date=2026-07-17/exchange=NSE/symbol=TECHM/part-080449_910751-035358.parquet,real_data_sample\l2_unseen_validation\trade_date=2026-07-17\exchange=NSE\symbol=TECHM\part-080449_910751-035358.parquet,36383,downloaded,36383,
2026-07-17,NSE,TECHM,raw_l2/trade_date=2026-07-17/exchange=NSE/symbol=TECHM/part-080418_175807-035294.parquet,real_data_sample\l2_unseen_validation\trade_date=2026-07-17\exchange=NSE\symbol=TECHM\part-080418_175807-035294.parquet,36474,downloaded,36474,
2026-07-17,NSE,TECHM,raw_l2/trade_date=2026-07-17/exchange=NSE/symbol=TECHM/part-080827_145692-035838.parquet,real_data_sample\l2_unseen_validation\trade_date=2026-07-17\exchange=NSE\symbol=TECHM\part-080827_145692-035838.parquet,36013,downloaded,36013,
2026-07-17,NSE,TECHM,raw_l2/trade_date=2026-07-17/exchange=NSE/symbol=TECHM/part-080518_853999-035422.parquet,real_data_sample\l2_unseen_validation\trade_date=2026-07-17\exchange=NSE\symbol=TECHM\part-080518_853999-035422.parquet,36537,downloaded,36537,
2026-07-17,NSE,TECHM,raw_l2/trade_date=2026-07-17/exchange=NSE/symbol=TECHM/part-080758_149720-035774.parquet,real_data_sample\l2_unseen_validation\trade_date=2026-07-17\exchange=NSE\symbol=TECHM\part-080758_149720-035774.parquet,36037,downloaded,36037,
2026-07-17,NSE,TECHM,raw_l2/trade_date=2026-07-17/exchange=NSE/symbol=TECHM/part-080251_547324-035102.parquet,real_data_sample\l2_unseen_validation\trade_date=2026-07-17\exchange=NSE\symbol=TECHM\part-080251_547324-035102.parquet,36119,downloaded,36119,
2026-07-17,NSE,TECHM,raw_l2/trade_date=2026-07-17/exchange=NSE/symbol=TECHM/part-080334_371408-035198.parquet,real_data_sample\l2_unseen_validation\trade_date=2026-07-17\exchange=NSE\symbol=TECHM\part-080334_371408-035198.parquet,35711,downloaded,35711,
2026-07-17,NSE,TECHM,raw_l2/trade_date=2026-07-17/exchange=NSE/symbol=TECHM/part-080237_160155-035070.parquet,real_data_sample\l2_unseen_validation\trade_date=2026-07-17\exchange=NSE\symbol=TECHM\part-080237_160155-035070.parquet,36053,downloaded,36053,
2026-07-17,NSE,TECHM,raw_l2/trade_date=2026-07-17/exchange=NSE/symbol=TECHM/part-080743_449498-035742.parquet,real_data_sample\l2_unseen_validation\trade_date=2026-07-17\exchange=NSE\symbol=TECHM\part-080743_449498-035742.parquet,36358,downloaded,36358,
2026-07-17,NSE,TECHM,raw_l2/trade_date=2026-07-17/exchange=NSE/symbol=TECHM/part-080305_749125-035134.parquet,real_data_sample\l2_unseen_validation\trade_date=2026-07-17\exchange=NSE\symbol=TECHM\part-080305_749125-035134.parquet,35504,downloaded,35504,
2026-07-17,NSE,TECHM,raw_l2/trade_date=2026-07-17/exchange=NSE/symbol=TECHM/part-080841_861446-035870.parquet,real_data_sample\l2_unseen_validation\trade_date=2026-07-17\exchange=NSE\symbol=TECHM\part-080841_861446-035870.parquet,36366,downloaded,36366,
2026-07-17,NSE,TECHM,raw_l2/trade_date=2026-07-17/exchange=NSE/symbol=TECHM/part-080856_652645-035902.parquet,real_data_sample\l2_unseen_validation\trade_date=2026-07-17\exchange=NSE\symbol=TECHM\part-080856_652645-035902.parquet,36312,downloaded,36312,
2026-07-17,NSE,TECHM,raw_l2/trade_date=2026-07-17/exchange=NSE/symbol=TECHM/part-080911_109261-035934.parquet,real_data_sample\l2_unseen_validation\trade_date=2026-07-17\exchange=NSE\symbol=TECHM\part-080911_109261-035934.parquet,35796,downloaded,35796,
2026-07-17,NSE,TECHM,raw_l2/trade_date=2026-07-17/exchange=NSE/symbol=TECHM/part-080926_277707-035966.parquet,real_data_sample\l2_unseen_validation\trade_date=2026-07-17\exchange=NSE\symbol=TECHM\part-080926_277707-035966.parquet,35927,downloaded,35927,
2026-07-17,NSE,TECHM,raw_l2/trade_date=2026-07-17/exchange=NSE/symbol=TECHM/part-080940_777441-035998.parquet,real_data_sample\l2_unseen_validation\trade_date=2026-07-17\exchange=NSE\symbol=TECHM\part-080940_777441-035998.parquet,35903,downloaded,35903,
2026-07-17,NSE,TECHM,raw_l2/trade_date=2026-07-17/exchange=NSE/symbol=TECHM/part-080955_296529-036030.parquet,real_data_sample\l2_unseen_validation\trade_date=2026-07-17\exchange=NSE\symbol=TECHM\part-080955_296529-036030.parquet,36460,downloaded,36460,
2026-07-17,NSE,TECHM,raw_l2/trade_date=2026-07-17/exchange=NSE/symbol=TECHM/part-081218_661865-036350.parquet,real_data_sample\l2_unseen_validation\trade_date=2026-07-17\exchange=NSE\symbol=TECHM\part-081218_661865-036350.parquet,36207,downloaded,36207,
2026-07-17,NSE,TECHM,raw_l2/trade_date=2026-07-17/exchange=NSE/symbol=TECHM/part-081330_952388-036510.parquet,real_data_sample\l2_unseen_validation\trade_date=2026-07-17\exchange=NSE\symbol=TECHM\part-081330_952388-036510.parquet,36197,downloaded,36197,
2026-07-17,NSE,TECHM,raw_l2/trade_date=2026-07-17/exchange=NSE/symbol=TECHM/part-081150_449136-036286.parquet,real_data_sample\l2_unseen_validation\trade_date=2026-07-17\exchange=NSE\symbol=TECHM\part-081150_449136-036286.parquet,36555,downloaded,36555,
2026-07-17,NSE,TECHM,raw_l2/trade_date=2026-07-17/exchange=NSE/symbol=TECHM/part-081039_914569-036126.parquet,real_data_sample\l2_unseen_validation\trade_date=2026-07-17\exchange=NSE\symbol=TECHM\part-081039_914569-036126.parquet,36019,downloaded,36019,
2026-07-17,NSE,TECHM,raw_l2/trade_date=2026-07-17/exchange=NSE/symbol=TECHM/part-081010_484427-036062.parquet,real_data_sample\l2_unseen_validation\trade_date=2026-07-17\exchange=NSE\symbol=TECHM\part-081010_484427-036062.parquet,36027,downloaded,36027,
2026-07-17,NSE,TECHM,raw_l2/trade_date=2026-07-17/exchange=NSE/symbol=TECHM/part-081136_265097-036254.parquet,real_data_sample\l2_unseen_validation\trade_date=2026-07-17\exchange=NSE\symbol=TECHM\part-081136_265097-036254.parquet,36496,downloaded,36496,
2026-07-17,NSE,TECHM,raw_l2/trade_date=2026-07-17/exchange=NSE/symbol=TECHM/part-081204_685001-036318.parquet,real_data_sample\l2_unseen_validation\trade_date=2026-07-17\exchange=NSE\symbol=TECHM\part-081204_685001-036318.parquet,36000,downloaded,36000,
2026-07-17,NSE,TECHM,raw_l2/trade_date=2026-07-17/exchange=NSE/symbol=TECHM/part-081025_508669-036094.parquet,real_data_sample\l2_unseen_validation\trade_date=2026-07-17\exchange=NSE\symbol=TECHM\part-081025_508669-036094.parquet,35978,downloaded,35978,
2026-07-17,NSE,TECHM,raw_l2/trade_date=2026-07-17/exchange=NSE/symbol=TECHM/part-081122_282616-036222.parquet,real_data_sample\l2_unseen_validation\trade_date=2026-07-17\exchange=NSE\symbol=TECHM\part-081122_282616-036222.parquet,36077,downloaded,36077,
2026-07-17,NSE,TECHM,raw_l2/trade_date=2026-07-17/exchange=NSE/symbol=TECHM/part-081316_829916-036478.parquet,real_data_sample\l2_unseen_validation\trade_date=2026-07-17\exchange=NSE\symbol=TECHM\part-081316_829916-036478.parquet,36078,downloaded,36078,
2026-07-17,NSE,TECHM,raw_l2/trade_date=2026-07-17/exchange=NSE/symbol=TECHM/part-081302_372064-036446.parquet,real_data_sample\l2_unseen_validation\trade_date=2026-07-17\exchange=NSE\symbol=TECHM\part-081302_372064-036446.parquet,36292,downloaded,36292,
2026-07-17,NSE,TECHM,raw_l2/trade_date=2026-07-17/exchange=NSE/symbol=TECHM/part-081054_045598-036158.parquet,real_data_sample\l2_unseen_validation\trade_date=2026-07-17\exchange=NSE\symbol=TECHM\part-081054_045598-036158.parquet,35637,downloaded,35637,
2026-07-17,NSE,TECHM,raw_l2/trade_date=2026-07-17/exchange=NSE/symbol=TECHM/part-081108_131777-036190.parquet,real_data_sample\l2_unseen_validation\trade_date=2026-07-17\exchange=NSE\symbol=TECHM\part-081108_131777-036190.parquet,35820,downloaded,35820,
2026-07-17,NSE,TECHM,raw_l2/trade_date=2026-07-17/exchange=NSE/symbol=TECHM/part-081233_100758-036382.parquet,real_data_sample\l2_unseen_validation\trade_date=2026-07-17\exchange=NSE\symbol=TECHM\part-081233_100758-036382.parquet,36213,downloaded,36213,
2026-07-17,NSE,TECHM,raw_l2/trade_date=2026-07-17/exchange=NSE/symbol=TECHM/part-081247_412868-036414.parquet,real_data_sample\l2_unseen_validation\trade_date=2026-07-17\exchange=NSE\symbol=TECHM\part-081247_412868-036414.parquet,35836,downloaded,35836,
2026-07-17,NSE,TECHM,raw_l2/trade_date=2026-07-17/exchange=NSE/symbol=TECHM/part-081510_133255-036734.parquet,real_data_sample\l2_unseen_validation\trade_date=2026-07-17\exchange=NSE\symbol=TECHM\part-081510_133255-036734.parquet,35382,downloaded,35382,
2026-07-17,NSE,TECHM,raw_l2/trade_date=2026-07-17/exchange=NSE/symbol=TECHM/part-081427_884415-036638.parquet,real_data_sample\l2_unseen_validation\trade_date=2026-07-17\exchange=NSE\symbol=TECHM\part-081427_884415-036638.parquet,35409,downloaded,35409,
2026-07-17,NSE,TECHM,raw_l2/trade_date=2026-07-17/exchange=NSE/symbol=TECHM/part-081538_358821-036798.parquet,real_data_sample\l2_unseen_validation\trade_date=2026-07-17\exchange=NSE\symbol=TECHM\part-081538_358821-036798.parquet,34739,downloaded,34739,
2026-07-17,NSE,TECHM,raw_l2/trade_date=2026-07-17/exchange=NSE/symbol=TECHM/part-081442_110216-036670.parquet,real_data_sample\l2_unseen_validation\trade_date=2026-07-17\exchange=NSE\symbol=TECHM\part-081442_110216-036670.parquet,35514,downloaded,35514,
2026-07-17,NSE,TECHM,raw_l2/trade_date=2026-07-17/exchange=NSE/symbol=TECHM/part-081345_095254-036542.parquet,real_data_sample\l2_unseen_validation\trade_date=2026-07-17\exchange=NSE\symbol=TECHM\part-081345_095254-036542.parquet,36429,downloaded,36429,
2026-07-17,NSE,TECHM,raw_l2/trade_date=2026-07-17/exchange=NSE/symbol=TECHM/part-081620_234992-036894.parquet,real_data_sample\l2_unseen_validation\trade_date=2026-07-17\exchange=NSE\symbol=TECHM\part-081620_234992-036894.parquet,35233,downloaded,35233,
2026-07-17,NSE,TECHM,raw_l2/trade_date=2026-07-17/exchange=NSE/symbol=TECHM/part-081606_320358-036862.parquet,real_data_sample\l2_unseen_validation\trade_date=2026-07-17\exchange=NSE\symbol=TECHM\part-081606_320358-036862.parquet,35017,downloaded,35017,
2026-07-17,NSE,TECHM,raw_l2/trade_date=2026-07-17/exchange=NSE/symbol=TECHM/part-081359_474517-036574.parquet,real_data_sample\l2_unseen_validation\trade_date=2026-07-17\exchange=NSE\symbol=TECHM\part-081359_474517-036574.parquet,35498,downloaded,35498,
2026-07-17,NSE,TECHM,raw_l2/trade_date=2026-07-17/exchange=NSE/symbol=TECHM/part-081524_364127-036766.parquet,real_data_sample\l2_unseen_validation\trade_date=2026-07-17\exchange=NSE\symbol=TECHM\part-081524_364127-036766.parquet,35183,downloaded,35183,
2026-07-17,NSE,TECHM,raw_l2/trade_date=2026-07-17/exchange=NSE/symbol=TECHM/part-081456_000016-036702.parquet,real_data_sample\l2_unseen_validation\trade_date=2026-07-17\exchange=NSE\symbol=TECHM\part-081456_000016-036702.parquet,35694,downloaded,35694,
2026-07-17,NSE,TECHM,raw_l2/trade_date=2026-07-17/exchange=NSE/symbol=TECHM/part-081634_304700-036926.parquet,real_data_sample\l2_unseen_validation\trade_date=2026-07-17\exchange=NSE\symbol=TECHM\part-081634_304700-036926.parquet,36046,downloaded,36046,
2026-07-17,NSE,TECHM,raw_l2/trade_date=2026-07-17/exchange=NSE/symbol=TECHM/part-081648_434669-036958.parquet,real_data_sample\l2_unseen_validation\trade_date=2026-07-17\exchange=NSE\symbol=TECHM\part-081648_434669-036958.parquet,35903,downloaded,35903,
2026-07-17,NSE,TECHM,raw_l2/trade_date=2026-07-17/exchange=NSE/symbol=TECHM/part-081702_669149-036990.parquet,real_data_sample\l2_unseen_validation\trade_date=2026-07-17\exchange=NSE\symbol=TECHM\part-081702_669149-036990.parquet,35674,downloaded,35674,
2026-07-17,NSE,TECHM,raw_l2/trade_date=2026-07-17/exchange=NSE/symbol=TECHM/part-081716_857859-037022.parquet,real_data_sample\l2_unseen_validation\trade_date=2026-07-17\exchange=NSE\symbol=TECHM\part-081716_857859-037022.parquet,35607,downloaded,35607,
2026-07-17,NSE,TECHM,raw_l2/trade_date=2026-07-17/exchange=NSE/symbol=TECHM/part-081413_757098-036606.parquet,real_data_sample\l2_unseen_validation\trade_date=2026-07-17\exchange=NSE\symbol=TECHM\part-081413_757098-036606.parquet,35838,downloaded,35838,
2026-07-17,NSE,TECHM,raw_l2/trade_date=2026-07-17/exchange=NSE/symbol=TECHM/part-081552_244927-036830.parquet,real_data_sample\l2_unseen_validation\trade_date=2026-07-17\exchange=NSE\symbol=TECHM\part-081552_244927-036830.parquet,35015,downloaded,35015,
2026-07-17,NSE,TECHM,raw_l2/trade_date=2026-07-17/exchange=NSE/symbol=TECHM/part-081731_788346-037054.parquet,real_data_sample\l2_unseen_validation\trade_date=2026-07-17\exchange=NSE\symbol=TECHM\part-081731_788346-037054.parquet,35009,downloaded,35009,
2026-07-17,NSE,TECHM,raw_l2/trade_date=2026-07-17/exchange=NSE/symbol=TECHM/part-081800_125242-037118.parquet,real_data_sample\l2_unseen_validation\trade_date=2026-07-17\exchange=NSE\symbol=TECHM\part-081800_125242-037118.parquet,34975,downloaded,34975,
2026-07-17,NSE,TECHM,raw_l2/trade_date=2026-07-17/exchange=NSE/symbol=TECHM/part-081746_041843-037086.parquet,real_data_sample\l2_unseen_validation\trade_date=2026-07-17\exchange=NSE\symbol=TECHM\part-081746_041843-037086.parquet,34765,downloaded,34765,
2026-07-17,NSE,TECHM,raw_l2/trade_date=2026-07-17/exchange=NSE/symbol=TECHM/part-081814_659326-037150.parquet,real_data_sample\l2_unseen_validation\trade_date=2026-07-17\exchange=NSE\symbol=TECHM\part-081814_659326-037150.parquet,35028,downloaded,35028,
2026-07-17,NSE,TECHM,raw_l2/trade_date=2026-07-17/exchange=NSE/symbol=TECHM/part-081857_618069-037246.parquet,real_data_sample\l2_unseen_validation\trade_date=2026-07-17\exchange=NSE\symbol=TECHM\part-081857_618069-037246.parquet,36003,downloaded,36003,
2026-07-17,NSE,TECHM,raw_l2/trade_date=2026-07-17/exchange=NSE/symbol=TECHM/part-081828_944853-037182.parquet,real_data_sample\l2_unseen_validation\trade_date=2026-07-17\exchange=NSE\symbol=TECHM\part-081828_944853-037182.parquet,36407,downloaded,36407,
2026-07-17,NSE,TECHM,raw_l2/trade_date=2026-07-17/exchange=NSE/symbol=TECHM/part-081911_623796-037278.parquet,real_data_sample\l2_unseen_validation\trade_date=2026-07-17\exchange=NSE\symbol=TECHM\part-081911_623796-037278.parquet,35818,downloaded,35818,
2026-07-17,NSE,TECHM,raw_l2/trade_date=2026-07-17/exchange=NSE/symbol=TECHM/part-081843_626734-037214.parquet,real_data_sample\l2_unseen_validation\trade_date=2026-07-17\exchange=NSE\symbol=TECHM\part-081843_626734-037214.parquet,36401,downloaded,36401,
2026-07-17,NSE,TECHM,raw_l2/trade_date=2026-07-17/exchange=NSE/symbol=TECHM/part-081926_098365-037310.parquet,real_data_sample\l2_unseen_validation\trade_date=2026-07-17\exchange=NSE\symbol=TECHM\part-081926_098365-037310.parquet,35761,downloaded,35761,
2026-07-17,NSE,TECHM,raw_l2/trade_date=2026-07-17/exchange=NSE/symbol=TECHM/part-082023_068742-037438.parquet,real_data_sample\l2_unseen_validation\trade_date=2026-07-17\exchange=NSE\symbol=TECHM\part-082023_068742-037438.parquet,35952,downloaded,35952,
2026-07-17,NSE,TECHM,raw_l2/trade_date=2026-07-17/exchange=NSE/symbol=TECHM/part-081940_412892-037342.parquet,real_data_sample\l2_unseen_validation\trade_date=2026-07-17\exchange=NSE\symbol=TECHM\part-081940_412892-037342.parquet,35342,downloaded,35342,
2026-07-17,NSE,TECHM,raw_l2/trade_date=2026-07-17/exchange=NSE/symbol=TECHM/part-082343_474393-037886.parquet,real_data_sample\l2_unseen_validation\trade_date=2026-07-17\exchange=NSE\symbol=TECHM\part-082343_474393-037886.parquet,36255,downloaded,36255,
2026-07-17,NSE,TECHM,raw_l2/trade_date=2026-07-17/exchange=NSE/symbol=TECHM/part-082425_869941-037982.parquet,real_data_sample\l2_unseen_validation\trade_date=2026-07-17\exchange=NSE\symbol=TECHM\part-082425_869941-037982.parquet,36180,downloaded,36180,
2026-07-17,NSE,TECHM,raw_l2/trade_date=2026-07-17/exchange=NSE/symbol=TECHM/part-082300_829974-037790.parquet,real_data_sample\l2_unseen_validation\trade_date=2026-07-17\exchange=NSE\symbol=TECHM\part-082300_829974-037790.parquet,36254,downloaded,36254,
2026-07-17,NSE,TECHM,raw_l2/trade_date=2026-07-17/exchange=NSE/symbol=TECHM/part-082357_571740-037918.parquet,real_data_sample\l2_unseen_validation\trade_date=2026-07-17\exchange=NSE\symbol=TECHM\part-082357_571740-037918.parquet,36312,downloaded,36312,
2026-07-17,NSE,TECHM,raw_l2/trade_date=2026-07-17/exchange=NSE/symbol=TECHM/part-082037_753880-037470.parquet,real_data_sample\l2_unseen_validation\trade_date=2026-07-17\exchange=NSE\symbol=TECHM\part-082037_753880-037470.parquet,36434,downloaded,36434,
2026-07-17,NSE,TECHM,raw_l2/trade_date=2026-07-17/exchange=NSE/symbol=TECHM/part-082246_547986-037758.parquet,real_data_sample\l2_unseen_validation\trade_date=2026-07-17\exchange=NSE\symbol=TECHM\part-082246_547986-037758.parquet,36515,downloaded,36515,
2026-07-17,NSE,TECHM,raw_l2/trade_date=2026-07-17/exchange=NSE/symbol=TECHM/part-081954_553677-037374.parquet,real_data_sample\l2_unseen_validation\trade_date=2026-07-17\exchange=NSE\symbol=TECHM\part-081954_553677-037374.parquet,35654,downloaded,35654,
2026-07-17,NSE,TECHM,raw_l2/trade_date=2026-07-17/exchange=NSE/symbol=TECHM/part-082135_833974-037598.parquet,real_data_sample\l2_unseen_validation\trade_date=2026-07-17\exchange=NSE\symbol=TECHM\part-082135_833974-037598.parquet,36732,downloaded,36732,
2026-07-17,NSE,TECHM,raw_l2/trade_date=2026-07-17/exchange=NSE/symbol=TECHM/part-082121_437328-037566.parquet,real_data_sample\l2_unseen_validation\trade_date=2026-07-17\exchange=NSE\symbol=TECHM\part-082121_437328-037566.parquet,36535,downloaded,36535,
2026-07-17,NSE,TECHM,raw_l2/trade_date=2026-07-17/exchange=NSE/symbol=TECHM/part-082232_378151-037726.parquet,real_data_sample\l2_unseen_validation\trade_date=2026-07-17\exchange=NSE\symbol=TECHM\part-082232_378151-037726.parquet,35708,downloaded,35708,
2026-07-17,NSE,TECHM,raw_l2/trade_date=2026-07-17/exchange=NSE/symbol=TECHM/part-082008_646537-037406.parquet,real_data_sample\l2_unseen_validation\trade_date=2026-07-17\exchange=NSE\symbol=TECHM\part-082008_646537-037406.parquet,36287,downloaded,36287,
2026-07-17,NSE,TECHM,raw_l2/trade_date=2026-07-17/exchange=NSE/symbol=TECHM/part-082218_195858-037694.parquet,real_data_sample\l2_unseen_validation\trade_date=2026-07-17\exchange=NSE\symbol=TECHM\part-082218_195858-037694.parquet,35995,downloaded,35995,
2026-07-17,NSE,TECHM,raw_l2/trade_date=2026-07-17/exchange=NSE/symbol=TECHM/part-082315_374804-037822.parquet,real_data_sample\l2_unseen_validation\trade_date=2026-07-17\exchange=NSE\symbol=TECHM\part-082315_374804-037822.parquet,36229,downloaded,36229,
2026-07-17,NSE,TECHM,raw_l2/trade_date=2026-07-17/exchange=NSE/symbol=TECHM/part-082052_722139-037502.parquet,real_data_sample\l2_unseen_validation\trade_date=2026-07-17\exchange=NSE\symbol=TECHM\part-082052_722139-037502.parquet,36250,downloaded,36250,
2026-07-17,NSE,TECHM,raw_l2/trade_date=2026-07-17/exchange=NSE/symbol=TECHM/part-082329_523713-037854.parquet,real_data_sample\l2_unseen_validation\trade_date=2026-07-17\exchange=NSE\symbol=TECHM\part-082329_523713-037854.parquet,35999,downloaded,35999,
2026-07-17,NSE,TECHM,raw_l2/trade_date=2026-07-17/exchange=NSE/symbol=TECHM/part-082411_729807-037950.parquet,real_data_sample\l2_unseen_validation\trade_date=2026-07-17\exchange=NSE\symbol=TECHM\part-082411_729807-037950.parquet,36106,downloaded,36106,
2026-07-17,NSE,TECHM,raw_l2/trade_date=2026-07-17/exchange=NSE/symbol=TECHM/part-082439_898835-038014.parquet,real_data_sample\l2_unseen_validation\trade_date=2026-07-17\exchange=NSE\symbol=TECHM\part-082439_898835-038014.parquet,35946,downloaded,35946,
2026-07-17,NSE,TECHM,raw_l2/trade_date=2026-07-17/exchange=NSE/symbol=TECHM/part-082107_177039-037534.parquet,real_data_sample\l2_unseen_validation\trade_date=2026-07-17\exchange=NSE\symbol=TECHM\part-082107_177039-037534.parquet,36102,downloaded,36102,
2026-07-17,NSE,TECHM,raw_l2/trade_date=2026-07-17/exchange=NSE/symbol=TECHM/part-082508_112070-038078.parquet,real_data_sample\l2_unseen_validation\trade_date=2026-07-17\exchange=NSE\symbol=TECHM\part-082508_112070-038078.parquet,35803,downloaded,35803,
2026-07-17,NSE,TECHM,raw_l2/trade_date=2026-07-17/exchange=NSE/symbol=TECHM/part-082454_066421-038046.parquet,real_data_sample\l2_unseen_validation\trade_date=2026-07-17\exchange=NSE\symbol=TECHM\part-082454_066421-038046.parquet,35888,downloaded,35888,
2026-07-17,NSE,TECHM,raw_l2/trade_date=2026-07-17/exchange=NSE/symbol=TECHM/part-082149_924916-037630.parquet,real_data_sample\l2_unseen_validation\trade_date=2026-07-17\exchange=NSE\symbol=TECHM\part-082149_924916-037630.parquet,36461,downloaded,36461,
2026-07-17,NSE,TECHM,raw_l2/trade_date=2026-07-17/exchange=NSE/symbol=TECHM/part-082204_157549-037662.parquet,real_data_sample\l2_unseen_validation\trade_date=2026-07-17\exchange=NSE\symbol=TECHM\part-082204_157549-037662.parquet,36304,downloaded,36304,
2026-07-17,NSE,TECHM,raw_l2/trade_date=2026-07-17/exchange=NSE/symbol=TECHM/part-082634_289861-038270.parquet,real_data_sample\l2_unseen_validation\trade_date=2026-07-17\exchange=NSE\symbol=TECHM\part-082634_289861-038270.parquet,35820,downloaded,35820,
2026-07-17,NSE,TECHM,raw_l2/trade_date=2026-07-17/exchange=NSE/symbol=TECHM/part-082536_565357-038142.parquet,real_data_sample\l2_unseen_validation\trade_date=2026-07-17\exchange=NSE\symbol=TECHM\part-082536_565357-038142.parquet,34973,downloaded,34973,
2026-07-17,NSE,TECHM,raw_l2/trade_date=2026-07-17/exchange=NSE/symbol=TECHM/part-082605_439061-038206.parquet,real_data_sample\l2_unseen_validation\trade_date=2026-07-17\exchange=NSE\symbol=TECHM\part-082605_439061-038206.parquet,35042,downloaded,35042,
2026-07-17,NSE,TECHM,raw_l2/trade_date=2026-07-17/exchange=NSE/symbol=TECHM/part-082619_704896-038238.parquet,real_data_sample\l2_unseen_validation\trade_date=2026-07-17\exchange=NSE\symbol=TECHM\part-082619_704896-038238.parquet,35252,downloaded,35252,
2026-07-17,NSE,TECHM,raw_l2/trade_date=2026-07-17/exchange=NSE/symbol=TECHM/part-082522_254911-038110.parquet,real_data_sample\l2_unseen_validation\trade_date=2026-07-17\exchange=NSE\symbol=TECHM\part-082522_254911-038110.parquet,35220,downloaded,35220,
2026-07-17,NSE,TECHM,raw_l2/trade_date=2026-07-17/exchange=NSE/symbol=TECHM/part-082551_120735-038174.parquet,real_data_sample\l2_unseen_validation\trade_date=2026-07-17\exchange=NSE\symbol=TECHM\part-082551_120735-038174.parquet,34664,downloaded,34664,
2026-07-17,NSE,TECHM,raw_l2/trade_date=2026-07-17/exchange=NSE/symbol=TECHM/part-082745_282194-038430.parquet,real_data_sample\l2_unseen_validation\trade_date=2026-07-17\exchange=NSE\symbol=TECHM\part-082745_282194-038430.parquet,34736,downloaded,34736,
2026-07-17,NSE,TECHM,raw_l2/trade_date=2026-07-17/exchange=NSE/symbol=TECHM/part-082730_951815-038398.parquet,real_data_sample\l2_unseen_validation\trade_date=2026-07-17\exchange=NSE\symbol=TECHM\part-082730_951815-038398.parquet,34767,downloaded,34767,
2026-07-17,NSE,TECHM,raw_l2/trade_date=2026-07-17/exchange=NSE/symbol=TECHM/part-082702_470347-038334.parquet,real_data_sample\l2_unseen_validation\trade_date=2026-07-17\exchange=NSE\symbol=TECHM\part-082702_470347-038334.parquet,36092,downloaded,36092,
2026-07-17,NSE,TECHM,raw_l2/trade_date=2026-07-17/exchange=NSE/symbol=TECHM/part-082759_669782-038462.parquet,real_data_sample\l2_unseen_validation\trade_date=2026-07-17\exchange=NSE\symbol=TECHM\part-082759_669782-038462.parquet,34873,downloaded,34873,
2026-07-17,NSE,TECHM,raw_l2/trade_date=2026-07-17/exchange=NSE/symbol=TECHM/part-082716_841992-038366.parquet,real_data_sample\l2_unseen_validation\trade_date=2026-07-17\exchange=NSE\symbol=TECHM\part-082716_841992-038366.parquet,35522,downloaded,35522,
2026-07-17,NSE,TECHM,raw_l2/trade_date=2026-07-17/exchange=NSE/symbol=TECHM/part-082648_368853-038302.parquet,real_data_sample\l2_unseen_validation\trade_date=2026-07-17\exchange=NSE\symbol=TECHM\part-082648_368853-038302.parquet,36251,downloaded,36251,
2026-07-17,NSE,TECHM,raw_l2/trade_date=2026-07-17/exchange=NSE/symbol=TECHM/part-082814_248890-038494.parquet,real_data_sample\l2_unseen_validation\trade_date=2026-07-17\exchange=NSE\symbol=TECHM\part-082814_248890-038494.parquet,35020,downloaded,35020,
2026-07-17,NSE,TECHM,raw_l2/trade_date=2026-07-17/exchange=NSE/symbol=TECHM/part-082941_159087-038686.parquet,real_data_sample\l2_unseen_validation\trade_date=2026-07-17\exchange=NSE\symbol=TECHM\part-082941_159087-038686.parquet,36786,downloaded,36786,
2026-07-17,NSE,TECHM,raw_l2/trade_date=2026-07-17/exchange=NSE/symbol=TECHM/part-083024_749120-038782.parquet,real_data_sample\l2_unseen_validation\trade_date=2026-07-17\exchange=NSE\symbol=TECHM\part-083024_749120-038782.parquet,36256,downloaded,36256,
2026-07-17,NSE,TECHM,raw_l2/trade_date=2026-07-17/exchange=NSE/symbol=TECHM/part-082843_139437-038558.parquet,real_data_sample\l2_unseen_validation\trade_date=2026-07-17\exchange=NSE\symbol=TECHM\part-082843_139437-038558.parquet,36551,downloaded,36551,
2026-07-17,NSE,TECHM,raw_l2/trade_date=2026-07-17/exchange=NSE/symbol=TECHM/part-082955_781824-038718.parquet,real_data_sample\l2_unseen_validation\trade_date=2026-07-17\exchange=NSE\symbol=TECHM\part-082955_781824-038718.parquet,36685,downloaded,36685,
2026-07-17,NSE,TECHM,raw_l2/trade_date=2026-07-17/exchange=NSE/symbol=TECHM/part-083010_504418-038750.parquet,real_data_sample\l2_unseen_validation\trade_date=2026-07-17\exchange=NSE\symbol=TECHM\part-083010_504418-038750.parquet,36065,downloaded,36065,
2026-07-17,NSE,TECHM,raw_l2/trade_date=2026-07-17/exchange=NSE/symbol=TECHM/part-082926_738659-038654.parquet,real_data_sample\l2_unseen_validation\trade_date=2026-07-17\exchange=NSE\symbol=TECHM\part-082926_738659-038654.parquet,36348,downloaded,36348,
2026-07-17,NSE,TECHM,raw_l2/trade_date=2026-07-17/exchange=NSE/symbol=TECHM/part-082912_225400-038622.parquet,real_data_sample\l2_unseen_validation\trade_date=2026-07-17\exchange=NSE\symbol=TECHM\part-082912_225400-038622.parquet,36537,downloaded,36537,
2026-07-17,NSE,TECHM,raw_l2/trade_date=2026-07-17/exchange=NSE/symbol=TECHM/part-083039_153151-038814.parquet,real_data_sample\l2_unseen_validation\trade_date=2026-07-17\exchange=NSE\symbol=TECHM\part-083039_153151-038814.parquet,36108,downloaded,36108,
2026-07-17,NSE,TECHM,raw_l2/trade_date=2026-07-17/exchange=NSE/symbol=TECHM/part-082857_592649-038590.parquet,real_data_sample\l2_unseen_validation\trade_date=2026-07-17\exchange=NSE\symbol=TECHM\part-082857_592649-038590.parquet,36605,downloaded,36605,
2026-07-17,NSE,TECHM,raw_l2/trade_date=2026-07-17/exchange=NSE/symbol=TECHM/part-083235_741460-039070.parquet,real_data_sample\l2_unseen_validation\trade_date=2026-07-17\exchange=NSE\symbol=TECHM\part-083235_741460-039070.parquet,36216,downloaded,36216,
2026-07-17,NSE,TECHM,raw_l2/trade_date=2026-07-17/exchange=NSE/symbol=TECHM/part-083108_260380-038878.parquet,real_data_sample\l2_unseen_validation\trade_date=2026-07-17\exchange=NSE\symbol=TECHM\part-083108_260380-038878.parquet,36465,downloaded,36465,
2026-07-17,NSE,TECHM,raw_l2/trade_date=2026-07-17/exchange=NSE/symbol=TECHM/part-083206_361072-039006.parquet,real_data_sample\l2_unseen_validation\trade_date=2026-07-17\exchange=NSE\symbol=TECHM\part-083206_361072-039006.parquet,35993,downloaded,35993,
2026-07-17,NSE,TECHM,raw_l2/trade_date=2026-07-17/exchange=NSE/symbol=TECHM/part-083250_406630-039102.parquet,real_data_sample\l2_unseen_validation\trade_date=2026-07-17\exchange=NSE\symbol=TECHM\part-083250_406630-039102.parquet,36136,downloaded,36136,
2026-07-17,NSE,TECHM,raw_l2/trade_date=2026-07-17/exchange=NSE/symbol=TECHM/part-083122_945699-038910.parquet,real_data_sample\l2_unseen_validation\trade_date=2026-07-17\exchange=NSE\symbol=TECHM\part-083122_945699-038910.parquet,36922,downloaded,36922,
2026-07-17,NSE,TECHM,raw_l2/trade_date=2026-07-17/exchange=NSE/symbol=TECHM/part-083137_680293-038942.parquet,real_data_sample\l2_unseen_validation\trade_date=2026-07-17\exchange=NSE\symbol=TECHM\part-083137_680293-038942.parquet,36354,downloaded,36354,
2026-07-17,NSE,TECHM,raw_l2/trade_date=2026-07-17/exchange=NSE/symbol=TECHM/part-083151_925680-038974.parquet,real_data_sample\l2_unseen_validation\trade_date=2026-07-17\exchange=NSE\symbol=TECHM\part-083151_925680-038974.parquet,36654,downloaded,36654,
2026-07-17,NSE,TECHM,raw_l2/trade_date=2026-07-17/exchange=NSE/symbol=TECHM/part-083221_176713-039038.parquet,real_data_sample\l2_unseen_validation\trade_date=2026-07-17\exchange=NSE\symbol=TECHM\part-083221_176713-039038.parquet,35602,downloaded,35602,
2026-07-17,NSE,TECHM,raw_l2/trade_date=2026-07-17/exchange=NSE/symbol=TECHM/part-083053_516380-038846.parquet,real_data_sample\l2_unseen_validation\trade_date=2026-07-17\exchange=NSE\symbol=TECHM\part-083053_516380-038846.parquet,35963,downloaded,35963,
2026-07-17,NSE,TECHM,raw_l2/trade_date=2026-07-17/exchange=NSE/symbol=TECHM/part-082828_830011-038526.parquet,real_data_sample\l2_unseen_validation\trade_date=2026-07-17\exchange=NSE\symbol=TECHM\part-082828_830011-038526.parquet,36313,downloaded,36313,
2026-07-17,NSE,TECHM,raw_l2/trade_date=2026-07-17/exchange=NSE/symbol=TECHM/part-083348_074840-039230.parquet,real_data_sample\l2_unseen_validation\trade_date=2026-07-17\exchange=NSE\symbol=TECHM\part-083348_074840-039230.parquet,36966,downloaded,36966,
2026-07-17,NSE,TECHM,raw_l2/trade_date=2026-07-17/exchange=NSE/symbol=TECHM/part-083333_844780-039198.parquet,real_data_sample\l2_unseen_validation\trade_date=2026-07-17\exchange=NSE\symbol=TECHM\part-083333_844780-039198.parquet,36573,downloaded,36573,
2026-07-17,NSE,TECHM,raw_l2/trade_date=2026-07-17/exchange=NSE/symbol=TECHM/part-083304_902143-039134.parquet,real_data_sample\l2_unseen_validation\trade_date=2026-07-17\exchange=NSE\symbol=TECHM\part-083304_902143-039134.parquet,35690,downloaded,35690,
2026-07-17,NSE,TECHM,raw_l2/trade_date=2026-07-17/exchange=NSE/symbol=TECHM/part-083402_593684-039262.parquet,real_data_sample\l2_unseen_validation\trade_date=2026-07-17\exchange=NSE\symbol=TECHM\part-083402_593684-039262.parquet,36706,downloaded,36706,
2026-07-17,NSE,TECHM,raw_l2/trade_date=2026-07-17/exchange=NSE/symbol=TECHM/part-083319_528043-039166.parquet,real_data_sample\l2_unseen_validation\trade_date=2026-07-17\exchange=NSE\symbol=TECHM\part-083319_528043-039166.parquet,35794,downloaded,35794,
2026-07-17,NSE,TECHM,raw_l2/trade_date=2026-07-17/exchange=NSE/symbol=TECHM/part-083416_796421-039294.parquet,real_data_sample\l2_unseen_validation\trade_date=2026-07-17\exchange=NSE\symbol=TECHM\part-083416_796421-039294.parquet,36516,downloaded,36516,
2026-07-17,NSE,TECHM,raw_l2/trade_date=2026-07-17/exchange=NSE/symbol=TECHM/part-083459_993764-039390.parquet,real_data_sample\l2_unseen_validation\trade_date=2026-07-17\exchange=NSE\symbol=TECHM\part-083459_993764-039390.parquet,36303,downloaded,36303,
2026-07-17,NSE,TECHM,raw_l2/trade_date=2026-07-17/exchange=NSE/symbol=TECHM/part-083431_113769-039326.parquet,real_data_sample\l2_unseen_validation\trade_date=2026-07-17\exchange=NSE\symbol=TECHM\part-083431_113769-039326.parquet,36263,downloaded,36263,
2026-07-17,NSE,TECHM,raw_l2/trade_date=2026-07-17/exchange=NSE/symbol=TECHM/part-083528_339837-039454.parquet,real_data_sample\l2_unseen_validation\trade_date=2026-07-17\exchange=NSE\symbol=TECHM\part-083528_339837-039454.parquet,36485,downloaded,36485,
2026-07-17,NSE,TECHM,raw_l2/trade_date=2026-07-17/exchange=NSE/symbol=TECHM/part-083445_499491-039358.parquet,real_data_sample\l2_unseen_validation\trade_date=2026-07-17\exchange=NSE\symbol=TECHM\part-083445_499491-039358.parquet,36397,downloaded,36397,
2026-07-17,NSE,TECHM,raw_l2/trade_date=2026-07-17/exchange=NSE/symbol=TECHM/part-083542_446616-039486.parquet,real_data_sample\l2_unseen_validation\trade_date=2026-07-17\exchange=NSE\symbol=TECHM\part-083542_446616-039486.parquet,36633,downloaded,36633,
2026-07-17,NSE,TECHM,raw_l2/trade_date=2026-07-17/exchange=NSE/symbol=TECHM/part-083514_167695-039422.parquet,real_data_sample\l2_unseen_validation\trade_date=2026-07-17\exchange=NSE\symbol=TECHM\part-083514_167695-039422.parquet,36516,downloaded,36516,
2026-07-17,NSE,TECHM,raw_l2/trade_date=2026-07-17/exchange=NSE/symbol=TECHM/part-083556_516810-039518.parquet,real_data_sample\l2_unseen_validation\trade_date=2026-07-17\exchange=NSE\symbol=TECHM\part-083556_516810-039518.parquet,36091,downloaded,36091,
2026-07-17,NSE,TECHM,raw_l2/trade_date=2026-07-17/exchange=NSE/symbol=TECHM/part-083653_712097-039646.parquet,real_data_sample\l2_unseen_validation\trade_date=2026-07-17\exchange=NSE\symbol=TECHM\part-083653_712097-039646.parquet,35804,downloaded,35804,
2026-07-17,NSE,TECHM,raw_l2/trade_date=2026-07-17/exchange=NSE/symbol=TECHM/part-083639_424389-039614.parquet,real_data_sample\l2_unseen_validation\trade_date=2026-07-17\exchange=NSE\symbol=TECHM\part-083639_424389-039614.parquet,35527,downloaded,35527,
2026-07-17,NSE,TECHM,raw_l2/trade_date=2026-07-17/exchange=NSE/symbol=TECHM/part-083721_984320-039710.parquet,real_data_sample\l2_unseen_validation\trade_date=2026-07-17\exchange=NSE\symbol=TECHM\part-083721_984320-039710.parquet,36265,downloaded,36265,
2026-07-17,NSE,TECHM,raw_l2/trade_date=2026-07-17/exchange=NSE/symbol=TECHM/part-083625_156784-039582.parquet,real_data_sample\l2_unseen_validation\trade_date=2026-07-17\exchange=NSE\symbol=TECHM\part-083625_156784-039582.parquet,35966,downloaded,35966,
2026-07-17,NSE,TECHM,raw_l2/trade_date=2026-07-17/exchange=NSE/symbol=TECHM/part-083707_744738-039678.parquet,real_data_sample\l2_unseen_validation\trade_date=2026-07-17\exchange=NSE\symbol=TECHM\part-083707_744738-039678.parquet,35768,downloaded,35768,
2026-07-17,NSE,TECHM,raw_l2/trade_date=2026-07-17/exchange=NSE/symbol=TECHM/part-083611_017308-039550.parquet,real_data_sample\l2_unseen_validation\trade_date=2026-07-17\exchange=NSE\symbol=TECHM\part-083611_017308-039550.parquet,35909,downloaded,35909,
2026-07-17,NSE,TECHM,raw_l2/trade_date=2026-07-17/exchange=NSE/symbol=TECHM/part-083750_464108-039774.parquet,real_data_sample\l2_unseen_validation\trade_date=2026-07-17\exchange=NSE\symbol=TECHM\part-083750_464108-039774.parquet,36145,downloaded,36145,
2026-07-17,NSE,TECHM,raw_l2/trade_date=2026-07-17/exchange=NSE/symbol=TECHM/part-083916_389217-039966.parquet,real_data_sample\l2_unseen_validation\trade_date=2026-07-17\exchange=NSE\symbol=TECHM\part-083916_389217-039966.parquet,36611,downloaded,36611,
2026-07-17,NSE,TECHM,raw_l2/trade_date=2026-07-17/exchange=NSE/symbol=TECHM/part-083847_694250-039902.parquet,real_data_sample\l2_unseen_validation\trade_date=2026-07-17\exchange=NSE\symbol=TECHM\part-083847_694250-039902.parquet,36092,downloaded,36092,
2026-07-17,NSE,TECHM,raw_l2/trade_date=2026-07-17/exchange=NSE/symbol=TECHM/part-083902_170140-039934.parquet,real_data_sample\l2_unseen_validation\trade_date=2026-07-17\exchange=NSE\symbol=TECHM\part-083902_170140-039934.parquet,35614,downloaded,35614,
2026-07-17,NSE,TECHM,raw_l2/trade_date=2026-07-17/exchange=NSE/symbol=TECHM/part-083736_268376-039742.parquet,real_data_sample\l2_unseen_validation\trade_date=2026-07-17\exchange=NSE\symbol=TECHM\part-083736_268376-039742.parquet,36404,downloaded,36404,
2026-07-17,NSE,TECHM,raw_l2/trade_date=2026-07-17/exchange=NSE/symbol=TECHM/part-083833_575940-039870.parquet,real_data_sample\l2_unseen_validation\trade_date=2026-07-17\exchange=NSE\symbol=TECHM\part-083833_575940-039870.parquet,35864,downloaded,35864,
2026-07-17,NSE,TECHM,raw_l2/trade_date=2026-07-17/exchange=NSE/symbol=TECHM/part-083930_858511-039998.parquet,real_data_sample\l2_unseen_validation\trade_date=2026-07-17\exchange=NSE\symbol=TECHM\part-083930_858511-039998.parquet,36498,downloaded,36498,
2026-07-17,NSE,TECHM,raw_l2/trade_date=2026-07-17/exchange=NSE/symbol=TECHM/part-083819_100904-039838.parquet,real_data_sample\l2_unseen_validation\trade_date=2026-07-17\exchange=NSE\symbol=TECHM\part-083819_100904-039838.parquet,36051,downloaded,36051,
2026-07-17,NSE,TECHM,raw_l2/trade_date=2026-07-17/exchange=NSE/symbol=TECHM/part-083804_826913-039806.parquet,real_data_sample\l2_unseen_validation\trade_date=2026-07-17\exchange=NSE\symbol=TECHM\part-083804_826913-039806.parquet,36291,downloaded,36291,
2026-07-17,NSE,TECHM,raw_l2/trade_date=2026-07-17/exchange=NSE/symbol=TECHM/part-084042_346360-040158.parquet,real_data_sample\l2_unseen_validation\trade_date=2026-07-17\exchange=NSE\symbol=TECHM\part-084042_346360-040158.parquet,36311,downloaded,36311,
2026-07-17,NSE,TECHM,raw_l2/trade_date=2026-07-17/exchange=NSE/symbol=TECHM/part-084027_902812-040126.parquet,real_data_sample\l2_unseen_validation\trade_date=2026-07-17\exchange=NSE\symbol=TECHM\part-084027_902812-040126.parquet,36067,downloaded,36067,
2026-07-17,NSE,TECHM,raw_l2/trade_date=2026-07-17/exchange=NSE/symbol=TECHM/part-084139_621667-040286.parquet,real_data_sample\l2_unseen_validation\trade_date=2026-07-17\exchange=NSE\symbol=TECHM\part-084139_621667-040286.parquet,36023,downloaded,36023,
2026-07-17,NSE,TECHM,raw_l2/trade_date=2026-07-17/exchange=NSE/symbol=TECHM/part-083959_555349-040062.parquet,real_data_sample\l2_unseen_validation\trade_date=2026-07-17\exchange=NSE\symbol=TECHM\part-083959_555349-040062.parquet,35727,downloaded,35727,
2026-07-17,NSE,TECHM,raw_l2/trade_date=2026-07-17/exchange=NSE/symbol=TECHM/part-084110_846153-040222.parquet,real_data_sample\l2_unseen_validation\trade_date=2026-07-17\exchange=NSE\symbol=TECHM\part-084110_846153-040222.parquet,36196,downloaded,36196,
2026-07-17,NSE,TECHM,raw_l2/trade_date=2026-07-17/exchange=NSE/symbol=TECHM/part-084056_824923-040190.parquet,real_data_sample\l2_unseen_validation\trade_date=2026-07-17\exchange=NSE\symbol=TECHM\part-084056_824923-040190.parquet,35717,downloaded,35717,
2026-07-17,NSE,TECHM,raw_l2/trade_date=2026-07-17/exchange=NSE/symbol=TECHM/part-083944_983901-040030.parquet,real_data_sample\l2_unseen_validation\trade_date=2026-07-17\exchange=NSE\symbol=TECHM\part-083944_983901-040030.parquet,36644,downloaded,36644,
2026-07-17,NSE,TECHM,raw_l2/trade_date=2026-07-17/exchange=NSE/symbol=TECHM/part-084013_705020-040094.parquet,real_data_sample\l2_unseen_validation\trade_date=2026-07-17\exchange=NSE\symbol=TECHM\part-084013_705020-040094.parquet,36061,downloaded,36061,
2026-07-17,NSE,TECHM,raw_l2/trade_date=2026-07-17/exchange=NSE/symbol=TECHM/part-084125_178137-040254.parquet,real_data_sample\l2_unseen_validation\trade_date=2026-07-17\exchange=NSE\symbol=TECHM\part-084125_178137-040254.parquet,35945,downloaded,35945,
2026-07-17,NSE,TECHM,raw_l2/trade_date=2026-07-17/exchange=NSE/symbol=TECHM/part-084153_996919-040318.parquet,real_data_sample\l2_unseen_validation\trade_date=2026-07-17\exchange=NSE\symbol=TECHM\part-084153_996919-040318.parquet,36441,downloaded,36441,
2026-07-17,NSE,TECHM,raw_l2/trade_date=2026-07-17/exchange=NSE/symbol=TECHM/part-084251_533995-040446.parquet,real_data_sample\l2_unseen_validation\trade_date=2026-07-17\exchange=NSE\symbol=TECHM\part-084251_533995-040446.parquet,35612,downloaded,35612,
2026-07-17,NSE,TECHM,raw_l2/trade_date=2026-07-17/exchange=NSE/symbol=TECHM/part-084305_629445-040478.parquet,real_data_sample\l2_unseen_validation\trade_date=2026-07-17\exchange=NSE\symbol=TECHM\part-084305_629445-040478.parquet,35644,downloaded,35644,
2026-07-17,NSE,TECHM,raw_l2/trade_date=2026-07-17/exchange=NSE/symbol=TECHM/part-084222_781552-040382.parquet,real_data_sample\l2_unseen_validation\trade_date=2026-07-17\exchange=NSE\symbol=TECHM\part-084222_781552-040382.parquet,35660,downloaded,35660,
2026-07-17,NSE,TECHM,raw_l2/trade_date=2026-07-17/exchange=NSE/symbol=TECHM/part-084208_366094-040350.parquet,real_data_sample\l2_unseen_validation\trade_date=2026-07-17\exchange=NSE\symbol=TECHM\part-084208_366094-040350.parquet,36089,downloaded,36089,
2026-07-17,NSE,TECHM,raw_l2/trade_date=2026-07-17/exchange=NSE/symbol=TECHM/part-084320_140858-040510.parquet,real_data_sample\l2_unseen_validation\trade_date=2026-07-17\exchange=NSE\symbol=TECHM\part-084320_140858-040510.parquet,35289,downloaded,35289,
2026-07-17,NSE,TECHM,raw_l2/trade_date=2026-07-17/exchange=NSE/symbol=TECHM/part-084237_055450-040414.parquet,real_data_sample\l2_unseen_validation\trade_date=2026-07-17\exchange=NSE\symbol=TECHM\part-084237_055450-040414.parquet,36150,downloaded,36150,
2026-07-17,NSE,TECHM,raw_l2/trade_date=2026-07-17/exchange=NSE/symbol=TECHM/part-084349_084966-040574.parquet,real_data_sample\l2_unseen_validation\trade_date=2026-07-17\exchange=NSE\symbol=TECHM\part-084349_084966-040574.parquet,34895,downloaded,34895,
2026-07-17,NSE,TECHM,raw_l2/trade_date=2026-07-17/exchange=NSE/symbol=TECHM/part-084334_655011-040542.parquet,real_data_sample\l2_unseen_validation\trade_date=2026-07-17\exchange=NSE\symbol=TECHM\part-084334_655011-040542.parquet,34663,downloaded,34663,
2026-07-17,NSE,TECHM,raw_l2/trade_date=2026-07-17/exchange=NSE/symbol=TECHM/part-084446_756691-040702.parquet,real_data_sample\l2_unseen_validation\trade_date=2026-07-17\exchange=NSE\symbol=TECHM\part-084446_756691-040702.parquet,34812,downloaded,34812,
2026-07-17,NSE,TECHM,raw_l2/trade_date=2026-07-17/exchange=NSE/symbol=TECHM/part-084403_597491-040606.parquet,real_data_sample\l2_unseen_validation\trade_date=2026-07-17\exchange=NSE\symbol=TECHM\part-084403_597491-040606.parquet,34892,downloaded,34892,
2026-07-17,NSE,TECHM,raw_l2/trade_date=2026-07-17/exchange=NSE/symbol=TECHM/part-084432_541776-040670.parquet,real_data_sample\l2_unseen_validation\trade_date=2026-07-17\exchange=NSE\symbol=TECHM\part-084432_541776-040670.parquet,34865,downloaded,34865,
2026-07-17,NSE,TECHM,raw_l2/trade_date=2026-07-17/exchange=NSE/symbol=TECHM/part-084501_407746-040734.parquet,real_data_sample\l2_unseen_validation\trade_date=2026-07-17\exchange=NSE\symbol=TECHM\part-084501_407746-040734.parquet,34999,downloaded,34999,
2026-07-17,NSE,TECHM,raw_l2/trade_date=2026-07-17/exchange=NSE/symbol=TECHM/part-084418_044739-040638.parquet,real_data_sample\l2_unseen_validation\trade_date=2026-07-17\exchange=NSE\symbol=TECHM\part-084418_044739-040638.parquet,34722,downloaded,34722,
2026-07-17,NSE,TECHM,raw_l2/trade_date=2026-07-17/exchange=NSE/symbol=TECHM/part-084558_813980-040862.parquet,real_data_sample\l2_unseen_validation\trade_date=2026-07-17\exchange=NSE\symbol=TECHM\part-084558_813980-040862.parquet,36339,downloaded,36339,
2026-07-17,NSE,TECHM,raw_l2/trade_date=2026-07-17/exchange=NSE/symbol=TECHM/part-084613_219357-040894.parquet,real_data_sample\l2_unseen_validation\trade_date=2026-07-17\exchange=NSE\symbol=TECHM\part-084613_219357-040894.parquet,36844,downloaded,36844,
2026-07-17,NSE,TECHM,raw_l2/trade_date=2026-07-17/exchange=NSE/symbol=TECHM/part-084544_441187-040830.parquet,real_data_sample\l2_unseen_validation\trade_date=2026-07-17\exchange=NSE\symbol=TECHM\part-084544_441187-040830.parquet,36364,downloaded,36364,
2026-07-17,NSE,TECHM,raw_l2/trade_date=2026-07-17/exchange=NSE/symbol=TECHM/part-084515_630179-040766.parquet,real_data_sample\l2_unseen_validation\trade_date=2026-07-17\exchange=NSE\symbol=TECHM\part-084515_630179-040766.parquet,35319,downloaded,35319,
2026-07-17,NSE,TECHM,raw_l2/trade_date=2026-07-17/exchange=NSE/symbol=TECHM/part-084627_380418-040926.parquet,real_data_sample\l2_unseen_validation\trade_date=2026-07-17\exchange=NSE\symbol=TECHM\part-084627_380418-040926.parquet,36628,downloaded,36628,
2026-07-17,NSE,TECHM,raw_l2/trade_date=2026-07-17/exchange=NSE/symbol=TECHM/part-084530_062341-040798.parquet,real_data_sample\l2_unseen_validation\trade_date=2026-07-17\exchange=NSE\symbol=TECHM\part-084530_062341-040798.parquet,35815,downloaded,35815,
2026-07-17,NSE,TECHM,raw_l2/trade_date=2026-07-17/exchange=NSE/symbol=TECHM/part-084724_339508-041054.parquet,real_data_sample\l2_unseen_validation\trade_date=2026-07-17\exchange=NSE\symbol=TECHM\part-084724_339508-041054.parquet,36028,downloaded,36028,
2026-07-17,NSE,TECHM,raw_l2/trade_date=2026-07-17/exchange=NSE/symbol=TECHM/part-084641_815818-040958.parquet,real_data_sample\l2_unseen_validation\trade_date=2026-07-17\exchange=NSE\symbol=TECHM\part-084641_815818-040958.parquet,36319,downloaded,36319,
2026-07-17,NSE,TECHM,raw_l2/trade_date=2026-07-17/exchange=NSE/symbol=TECHM/part-084738_604334-041086.parquet,real_data_sample\l2_unseen_validation\trade_date=2026-07-17\exchange=NSE\symbol=TECHM\part-084738_604334-041086.parquet,36166,downloaded,36166,
2026-07-17,NSE,TECHM,raw_l2/trade_date=2026-07-17/exchange=NSE/symbol=TECHM/part-084710_224087-041022.parquet,real_data_sample\l2_unseen_validation\trade_date=2026-07-17\exchange=NSE\symbol=TECHM\part-084710_224087-041022.parquet,36491,downloaded,36491,
2026-07-17,NSE,TECHM,raw_l2/trade_date=2026-07-17/exchange=NSE/symbol=TECHM/part-084655_980988-040990.parquet,real_data_sample\l2_unseen_validation\trade_date=2026-07-17\exchange=NSE\symbol=TECHM\part-084655_980988-040990.parquet,36362,downloaded,36362,
2026-07-17,NSE,TECHM,raw_l2/trade_date=2026-07-17/exchange=NSE/symbol=TECHM/part-084752_897618-041118.parquet,real_data_sample\l2_unseen_validation\trade_date=2026-07-17\exchange=NSE\symbol=TECHM\part-084752_897618-041118.parquet,35824,downloaded,35824,
2026-07-17,NSE,TECHM,raw_l2/trade_date=2026-07-17/exchange=NSE/symbol=TECHM/part-084835_991299-041214.parquet,real_data_sample\l2_unseen_validation\trade_date=2026-07-17\exchange=NSE\symbol=TECHM\part-084835_991299-041214.parquet,34682,downloaded,34682,
2026-07-17,NSE,TECHM,raw_l2/trade_date=2026-07-17/exchange=NSE/symbol=TECHM/part-084821_537648-041182.parquet,real_data_sample\l2_unseen_validation\trade_date=2026-07-17\exchange=NSE\symbol=TECHM\part-084821_537648-041182.parquet,35239,downloaded,35239,
2026-07-17,NSE,TECHM,raw_l2/trade_date=2026-07-17/exchange=NSE/symbol=TECHM/part-084934_116896-041342.parquet,real_data_sample\l2_unseen_validation\trade_date=2026-07-17\exchange=NSE\symbol=TECHM\part-084934_116896-041342.parquet,34871,downloaded,34871,
2026-07-17,NSE,TECHM,raw_l2/trade_date=2026-07-17/exchange=NSE/symbol=TECHM/part-084919_783509-041310.parquet,real_data_sample\l2_unseen_validation\trade_date=2026-07-17\exchange=NSE\symbol=TECHM\part-084919_783509-041310.parquet,34715,downloaded,34715,
2026-07-17,NSE,TECHM,raw_l2/trade_date=2026-07-17/exchange=NSE/symbol=TECHM/part-084807_265117-041150.parquet,real_data_sample\l2_unseen_validation\trade_date=2026-07-17\exchange=NSE\symbol=TECHM\part-084807_265117-041150.parquet,35761,downloaded,35761,
2026-07-17,NSE,TECHM,raw_l2/trade_date=2026-07-17/exchange=NSE/symbol=TECHM/part-085031_824470-041470.parquet,real_data_sample\l2_unseen_validation\trade_date=2026-07-17\exchange=NSE\symbol=TECHM\part-085031_824470-041470.parquet,36333,downloaded,36333,
2026-07-17,NSE,TECHM,raw_l2/trade_date=2026-07-17/exchange=NSE/symbol=TECHM/part-084904_840807-041278.parquet,real_data_sample\l2_unseen_validation\trade_date=2026-07-17\exchange=NSE\symbol=TECHM\part-084904_840807-041278.parquet,34686,downloaded,34686,
2026-07-17,NSE,TECHM,raw_l2/trade_date=2026-07-17/exchange=NSE/symbol=TECHM/part-085017_517750-041438.parquet,real_data_sample\l2_unseen_validation\trade_date=2026-07-17\exchange=NSE\symbol=TECHM\part-085017_517750-041438.parquet,35047,downloaded,35047,
2026-07-17,NSE,TECHM,raw_l2/trade_date=2026-07-17/exchange=NSE/symbol=TECHM/part-085003_132765-041406.parquet,real_data_sample\l2_unseen_validation\trade_date=2026-07-17\exchange=NSE\symbol=TECHM\part-085003_132765-041406.parquet,34801,downloaded,34801,
2026-07-17,NSE,TECHM,raw_l2/trade_date=2026-07-17/exchange=NSE/symbol=TECHM/part-084850_380034-041246.parquet,real_data_sample\l2_unseen_validation\trade_date=2026-07-17\exchange=NSE\symbol=TECHM\part-084850_380034-041246.parquet,34754,downloaded,34754,
2026-07-17,NSE,TECHM,raw_l2/trade_date=2026-07-17/exchange=NSE/symbol=TECHM/part-084948_595396-041374.parquet,real_data_sample\l2_unseen_validation\trade_date=2026-07-17\exchange=NSE\symbol=TECHM\part-084948_595396-041374.parquet,34805,downloaded,34805,
2026-07-17,NSE,TECHM,raw_l2/trade_date=2026-07-17/exchange=NSE/symbol=TECHM/part-085046_206673-041502.parquet,real_data_sample\l2_unseen_validation\trade_date=2026-07-17\exchange=NSE\symbol=TECHM\part-085046_206673-041502.parquet,36384,downloaded,36384,
2026-07-17,NSE,TECHM,raw_l2/trade_date=2026-07-17/exchange=NSE/symbol=TECHM/part-085100_977616-041534.parquet,real_data_sample\l2_unseen_validation\trade_date=2026-07-17\exchange=NSE\symbol=TECHM\part-085100_977616-041534.parquet,36201,downloaded,36201,
2026-07-17,NSE,TECHM,raw_l2/trade_date=2026-07-17/exchange=NSE/symbol=TECHM/part-085115_579482-041566.parquet,real_data_sample\l2_unseen_validation\trade_date=2026-07-17\exchange=NSE\symbol=TECHM\part-085115_579482-041566.parquet,36113,downloaded,36113,
2026-07-17,NSE,TECHM,raw_l2/trade_date=2026-07-17/exchange=NSE/symbol=TECHM/part-085129_833748-041598.parquet,real_data_sample\l2_unseen_validation\trade_date=2026-07-17\exchange=NSE\symbol=TECHM\part-085129_833748-041598.parquet,35790,downloaded,35790,
2026-07-17,NSE,TECHM,raw_l2/trade_date=2026-07-17/exchange=NSE/symbol=TECHM/part-085228_297916-041726.parquet,real_data_sample\l2_unseen_validation\trade_date=2026-07-17\exchange=NSE\symbol=TECHM\part-085228_297916-041726.parquet,35785,downloaded,35785,
2026-07-17,NSE,TECHM,raw_l2/trade_date=2026-07-17/exchange=NSE/symbol=TECHM/part-085243_023590-041758.parquet,real_data_sample\l2_unseen_validation\trade_date=2026-07-17\exchange=NSE\symbol=TECHM\part-085243_023590-041758.parquet,36267,downloaded,36267,
2026-07-17,NSE,TECHM,raw_l2/trade_date=2026-07-17/exchange=NSE/symbol=TECHM/part-085213_368923-041694.parquet,real_data_sample\l2_unseen_validation\trade_date=2026-07-17\exchange=NSE\symbol=TECHM\part-085213_368923-041694.parquet,36130,downloaded,36130,
2026-07-17,NSE,TECHM,raw_l2/trade_date=2026-07-17/exchange=NSE/symbol=TECHM/part-085158_918143-041662.parquet,real_data_sample\l2_unseen_validation\trade_date=2026-07-17\exchange=NSE\symbol=TECHM\part-085158_918143-041662.parquet,36460,downloaded,36460,
2026-07-17,NSE,TECHM,raw_l2/trade_date=2026-07-17/exchange=NSE/symbol=TECHM/part-085144_268397-041630.parquet,real_data_sample\l2_unseen_validation\trade_date=2026-07-17\exchange=NSE\symbol=TECHM\part-085144_268397-041630.parquet,36059,downloaded,36059,
2026-07-17,NSE,TECHM,raw_l2/trade_date=2026-07-17/exchange=NSE/symbol=TECHM/part-085425_139480-041982.parquet,real_data_sample\l2_unseen_validation\trade_date=2026-07-17\exchange=NSE\symbol=TECHM\part-085425_139480-041982.parquet,35748,downloaded,35748,
2026-07-17,NSE,TECHM,raw_l2/trade_date=2026-07-17/exchange=NSE/symbol=TECHM/part-085410_961512-041950.parquet,real_data_sample\l2_unseen_validation\trade_date=2026-07-17\exchange=NSE\symbol=TECHM\part-085410_961512-041950.parquet,35869,downloaded,35869,
2026-07-17,NSE,TECHM,raw_l2/trade_date=2026-07-17/exchange=NSE/symbol=TECHM/part-085439_721172-042014.parquet,real_data_sample\l2_unseen_validation\trade_date=2026-07-17\exchange=NSE\symbol=TECHM\part-085439_721172-042014.parquet,35697,downloaded,35697,
2026-07-17,NSE,TECHM,raw_l2/trade_date=2026-07-17/exchange=NSE/symbol=TECHM/part-085453_940437-042046.parquet,real_data_sample\l2_unseen_validation\trade_date=2026-07-17\exchange=NSE\symbol=TECHM\part-085453_940437-042046.parquet,35945,downloaded,35945,
2026-07-17,NSE,TECHM,raw_l2/trade_date=2026-07-17/exchange=NSE/symbol=TECHM/part-085508_302764-042078.parquet,real_data_sample\l2_unseen_validation\trade_date=2026-07-17\exchange=NSE\symbol=TECHM\part-085508_302764-042078.parquet,35945,downloaded,35945,
2026-07-17,NSE,TECHM,raw_l2/trade_date=2026-07-17/exchange=NSE/symbol=TECHM/part-085522_473475-042110.parquet,real_data_sample\l2_unseen_validation\trade_date=2026-07-17\exchange=NSE\symbol=TECHM\part-085522_473475-042110.parquet,35807,downloaded,35807,
2026-07-17,NSE,TECHM,raw_l2/trade_date=2026-07-17/exchange=NSE/symbol=TECHM/part-085327_742407-041854.parquet,real_data_sample\l2_unseen_validation\trade_date=2026-07-17\exchange=NSE\symbol=TECHM\part-085327_742407-041854.parquet,36086,downloaded,36086,
2026-07-17,NSE,TECHM,raw_l2/trade_date=2026-07-17/exchange=NSE/symbol=TECHM/part-085342_542977-041886.parquet,real_data_sample\l2_unseen_validation\trade_date=2026-07-17\exchange=NSE\symbol=TECHM\part-085342_542977-041886.parquet,35999,downloaded,35999,
2026-07-17,NSE,TECHM,raw_l2/trade_date=2026-07-17/exchange=NSE/symbol=TECHM/part-085312_780999-041822.parquet,real_data_sample\l2_unseen_validation\trade_date=2026-07-17\exchange=NSE\symbol=TECHM\part-085312_780999-041822.parquet,36398,downloaded,36398,
2026-07-17,NSE,TECHM,raw_l2/trade_date=2026-07-17/exchange=NSE/symbol=TECHM/part-085257_674605-041790.parquet,real_data_sample\l2_unseen_validation\trade_date=2026-07-17\exchange=NSE\symbol=TECHM\part-085257_674605-041790.parquet,35973,downloaded,35973,
2026-07-17,NSE,TECHM,raw_l2/trade_date=2026-07-17/exchange=NSE/symbol=TECHM/part-085536_718381-042142.parquet,real_data_sample\l2_unseen_validation\trade_date=2026-07-17\exchange=NSE\symbol=TECHM\part-085536_718381-042142.parquet,35592,downloaded,35592,
2026-07-17,NSE,TECHM,raw_l2/trade_date=2026-07-17/exchange=NSE/symbol=TECHM/part-085356_663631-041918.parquet,real_data_sample\l2_unseen_validation\trade_date=2026-07-17\exchange=NSE\symbol=TECHM\part-085356_663631-041918.parquet,36358,downloaded,36358,
2026-07-17,NSE,TECHM,raw_l2/trade_date=2026-07-17/exchange=NSE/symbol=TECHM/part-085633_467176-042270.parquet,real_data_sample\l2_unseen_validation\trade_date=2026-07-17\exchange=NSE\symbol=TECHM\part-085633_467176-042270.parquet,34754,downloaded,34754,
2026-07-17,NSE,TECHM,raw_l2/trade_date=2026-07-17/exchange=NSE/symbol=TECHM/part-085842_596876-042558.parquet,real_data_sample\l2_unseen_validation\trade_date=2026-07-17\exchange=NSE\symbol=TECHM\part-085842_596876-042558.parquet,34638,downloaded,34638,
2026-07-17,NSE,TECHM,raw_l2/trade_date=2026-07-17/exchange=NSE/symbol=TECHM/part-085702_003396-042334.parquet,real_data_sample\l2_unseen_validation\trade_date=2026-07-17\exchange=NSE\symbol=TECHM\part-085702_003396-042334.parquet,34613,downloaded,34613,
2026-07-17,NSE,TECHM,raw_l2/trade_date=2026-07-17/exchange=NSE/symbol=TECHM/part-085813_759917-042494.parquet,real_data_sample\l2_unseen_validation\trade_date=2026-07-17\exchange=NSE\symbol=TECHM\part-085813_759917-042494.parquet,34612,downloaded,34612,
2026-07-17,NSE,TECHM,raw_l2/trade_date=2026-07-17/exchange=NSE/symbol=TECHM/part-085550_987163-042174.parquet,real_data_sample\l2_unseen_validation\trade_date=2026-07-17\exchange=NSE\symbol=TECHM\part-085550_987163-042174.parquet,35251,downloaded,35251,
2026-07-17,NSE,TECHM,raw_l2/trade_date=2026-07-17/exchange=NSE/symbol=TECHM/part-085857_153154-042590.parquet,real_data_sample\l2_unseen_validation\trade_date=2026-07-17\exchange=NSE\symbol=TECHM\part-085857_153154-042590.parquet,34946,downloaded,34946,
2026-07-17,NSE,TECHM,raw_l2/trade_date=2026-07-17/exchange=NSE/symbol=TECHM/part-085605_135479-042206.parquet,real_data_sample\l2_unseen_validation\trade_date=2026-07-17\exchange=NSE\symbol=TECHM\part-085605_135479-042206.parquet,35623,downloaded,35623,
2026-07-17,NSE,TECHM,raw_l2/trade_date=2026-07-17/exchange=NSE/symbol=TECHM/part-085619_185889-042238.parquet,real_data_sample\l2_unseen_validation\trade_date=2026-07-17\exchange=NSE\symbol=TECHM\part-085619_185889-042238.parquet,34884,downloaded,34884,
2026-07-17,NSE,TECHM,raw_l2/trade_date=2026-07-17/exchange=NSE/symbol=TECHM/part-085744_879349-042430.parquet,real_data_sample\l2_unseen_validation\trade_date=2026-07-17\exchange=NSE\symbol=TECHM\part-085744_879349-042430.parquet,34836,downloaded,34836,
2026-07-17,NSE,TECHM,raw_l2/trade_date=2026-07-17/exchange=NSE/symbol=TECHM/part-085828_200269-042526.parquet,real_data_sample\l2_unseen_validation\trade_date=2026-07-17\exchange=NSE\symbol=TECHM\part-085828_200269-042526.parquet,34627,downloaded,34627,
2026-07-17,NSE,TECHM,raw_l2/trade_date=2026-07-17/exchange=NSE/symbol=TECHM/part-085759_371632-042462.parquet,real_data_sample\l2_unseen_validation\trade_date=2026-07-17\exchange=NSE\symbol=TECHM\part-085759_371632-042462.parquet,34840,downloaded,34840,
2026-07-17,NSE,TECHM,raw_l2/trade_date=2026-07-17/exchange=NSE/symbol=TECHM/part-085716_207619-042366.parquet,real_data_sample\l2_unseen_validation\trade_date=2026-07-17\exchange=NSE\symbol=TECHM\part-085716_207619-042366.parquet,34636,downloaded,34636,
2026-07-17,NSE,TECHM,raw_l2/trade_date=2026-07-17/exchange=NSE/symbol=TECHM/part-085911_672823-042622.parquet,real_data_sample\l2_unseen_validation\trade_date=2026-07-17\exchange=NSE\symbol=TECHM\part-085911_672823-042622.parquet,34735,downloaded,34735,
2026-07-17,NSE,TECHM,raw_l2/trade_date=2026-07-17/exchange=NSE/symbol=TECHM/part-085730_376197-042398.parquet,real_data_sample\l2_unseen_validation\trade_date=2026-07-17\exchange=NSE\symbol=TECHM\part-085730_376197-042398.parquet,34650,downloaded,34650,
2026-07-17,NSE,TECHM,raw_l2/trade_date=2026-07-17/exchange=NSE/symbol=TECHM/part-085647_866889-042302.parquet,real_data_sample\l2_unseen_validation\trade_date=2026-07-17\exchange=NSE\symbol=TECHM\part-085647_866889-042302.parquet,34658,downloaded,34658,
2026-07-17,NSE,TECHM,raw_l2/trade_date=2026-07-17/exchange=NSE/symbol=TECHM/part-085955_806725-042718.parquet,real_data_sample\l2_unseen_validation\trade_date=2026-07-17\exchange=NSE\symbol=TECHM\part-085955_806725-042718.parquet,34746,downloaded,34746,
2026-07-17,NSE,TECHM,raw_l2/trade_date=2026-07-17/exchange=NSE/symbol=TECHM/part-085926_459238-042654.parquet,real_data_sample\l2_unseen_validation\trade_date=2026-07-17\exchange=NSE\symbol=TECHM\part-085926_459238-042654.parquet,34728,downloaded,34728,
2026-07-17,NSE,TECHM,raw_l2/trade_date=2026-07-17/exchange=NSE/symbol=TECHM/part-085941_121457-042686.parquet,real_data_sample\l2_unseen_validation\trade_date=2026-07-17\exchange=NSE\symbol=TECHM\part-085941_121457-042686.parquet,34632,downloaded,34632,
2026-07-17,NSE,TECHM,raw_l2/trade_date=2026-07-17/exchange=NSE/symbol=TECHM/part-090010_229775-042750.parquet,real_data_sample\l2_unseen_validation\trade_date=2026-07-17\exchange=NSE\symbol=TECHM\part-090010_229775-042750.parquet,34878,downloaded,34878,
2026-07-17,NSE,TECHM,raw_l2/trade_date=2026-07-17/exchange=NSE/symbol=TECHM/part-090024_491350-042782.parquet,real_data_sample\l2_unseen_validation\trade_date=2026-07-17\exchange=NSE\symbol=TECHM\part-090024_491350-042782.parquet,34522,downloaded,34522,
2026-07-17,NSE,TECHM,raw_l2/trade_date=2026-07-17/exchange=NSE/symbol=TECHM/part-090039_036071-042814.parquet,real_data_sample\l2_unseen_validation\trade_date=2026-07-17\exchange=NSE\symbol=TECHM\part-090039_036071-042814.parquet,34769,downloaded,34769,
2026-07-17,NSE,TECHM,raw_l2/trade_date=2026-07-17/exchange=NSE/symbol=TECHM/part-090053_657779-042846.parquet,real_data_sample\l2_unseen_validation\trade_date=2026-07-17\exchange=NSE\symbol=TECHM\part-090053_657779-042846.parquet,34800,downloaded,34800,
2026-07-17,NSE,TECHM,raw_l2/trade_date=2026-07-17/exchange=NSE/symbol=TECHM/part-090108_233544-042878.parquet,real_data_sample\l2_unseen_validation\trade_date=2026-07-17\exchange=NSE\symbol=TECHM\part-090108_233544-042878.parquet,34705,downloaded,34705,
2026-07-17,NSE,TECHM,raw_l2/trade_date=2026-07-17/exchange=NSE/symbol=TECHM/part-090122_783945-042910.parquet,real_data_sample\l2_unseen_validation\trade_date=2026-07-17\exchange=NSE\symbol=TECHM\part-090122_783945-042910.parquet,35820,downloaded,35820,
2026-07-17,NSE,TECHM,raw_l2/trade_date=2026-07-17/exchange=NSE/symbol=TECHM/part-090137_237274-042942.parquet,real_data_sample\l2_unseen_validation\trade_date=2026-07-17\exchange=NSE\symbol=TECHM\part-090137_237274-042942.parquet,36358,downloaded,36358,
2026-07-17,NSE,TECHM,raw_l2/trade_date=2026-07-17/exchange=NSE/symbol=TECHM/part-090248_824572-043102.parquet,real_data_sample\l2_unseen_validation\trade_date=2026-07-17\exchange=NSE\symbol=TECHM\part-090248_824572-043102.parquet,35935,downloaded,35935,
2026-07-17,NSE,TECHM,raw_l2/trade_date=2026-07-17/exchange=NSE/symbol=TECHM/part-090205_714931-043006.parquet,real_data_sample\l2_unseen_validation\trade_date=2026-07-17\exchange=NSE\symbol=TECHM\part-090205_714931-043006.parquet,36454,downloaded,36454,
2026-07-17,NSE,TECHM,raw_l2/trade_date=2026-07-17/exchange=NSE/symbol=TECHM/part-090219_886473-043038.parquet,real_data_sample\l2_unseen_validation\trade_date=2026-07-17\exchange=NSE\symbol=TECHM\part-090219_886473-043038.parquet,36229,downloaded,36229,
2026-07-17,NSE,TECHM,raw_l2/trade_date=2026-07-17/exchange=NSE/symbol=TECHM/part-090151_546850-042974.parquet,real_data_sample\l2_unseen_validation\trade_date=2026-07-17\exchange=NSE\symbol=TECHM\part-090151_546850-042974.parquet,36289,downloaded,36289,
2026-07-17,NSE,TECHM,raw_l2/trade_date=2026-07-17/exchange=NSE/symbol=TECHM/part-090234_277144-043070.parquet,real_data_sample\l2_unseen_validation\trade_date=2026-07-17\exchange=NSE\symbol=TECHM\part-090234_277144-043070.parquet,36076,downloaded,36076,
2026-07-17,NSE,TECHM,raw_l2/trade_date=2026-07-17/exchange=NSE/symbol=TECHM/part-090303_228754-043134.parquet,real_data_sample\l2_unseen_validation\trade_date=2026-07-17\exchange=NSE\symbol=TECHM\part-090303_228754-043134.parquet,35610,downloaded,35610,
2026-07-17,NSE,TECHM,raw_l2/trade_date=2026-07-17/exchange=NSE/symbol=TECHM/part-090317_582943-043166.parquet,real_data_sample\l2_unseen_validation\trade_date=2026-07-17\exchange=NSE\symbol=TECHM\part-090317_582943-043166.parquet,36274,downloaded,36274,
2026-07-17,NSE,TECHM,raw_l2/trade_date=2026-07-17/exchange=NSE/symbol=TECHM/part-090724_493968-043710.parquet,real_data_sample\l2_unseen_validation\trade_date=2026-07-17\exchange=NSE\symbol=TECHM\part-090724_493968-043710.parquet,35726,downloaded,35726,
2026-07-17,NSE,TECHM,raw_l2/trade_date=2026-07-17/exchange=NSE/symbol=TECHM/part-090822_430616-043838.parquet,real_data_sample\l2_unseen_validation\trade_date=2026-07-17\exchange=NSE\symbol=TECHM\part-090822_430616-043838.parquet,36227,downloaded,36227,
2026-07-17,NSE,TECHM,raw_l2/trade_date=2026-07-17/exchange=NSE/symbol=TECHM/part-090738_698599-043742.parquet,real_data_sample\l2_unseen_validation\trade_date=2026-07-17\exchange=NSE\symbol=TECHM\part-090738_698599-043742.parquet,36225,downloaded,36225,
2026-07-17,NSE,TECHM,raw_l2/trade_date=2026-07-17/exchange=NSE/symbol=TECHM/part-090529_076448-043454.parquet,real_data_sample\l2_unseen_validation\trade_date=2026-07-17\exchange=NSE\symbol=TECHM\part-090529_076448-043454.parquet,35852,downloaded,35852,
2026-07-17,NSE,TECHM,raw_l2/trade_date=2026-07-17/exchange=NSE/symbol=TECHM/part-090641_117158-043614.parquet,real_data_sample\l2_unseen_validation\trade_date=2026-07-17\exchange=NSE\symbol=TECHM\part-090641_117158-043614.parquet,34668,downloaded,34668,
2026-07-17,NSE,TECHM,raw_l2/trade_date=2026-07-17/exchange=NSE/symbol=TECHM/part-090753_169496-043774.parquet,real_data_sample\l2_unseen_validation\trade_date=2026-07-17\exchange=NSE\symbol=TECHM\part-090753_169496-043774.parquet,36203,downloaded,36203,
2026-07-17,NSE,TECHM,raw_l2/trade_date=2026-07-17/exchange=NSE/symbol=TECHM/part-090332_218808-043198.parquet,real_data_sample\l2_unseen_validation\trade_date=2026-07-17\exchange=NSE\symbol=TECHM\part-090332_218808-043198.parquet,36314,downloaded,36314,
2026-07-17,NSE,TECHM,raw_l2/trade_date=2026-07-17/exchange=NSE/symbol=TECHM/part-090543_441909-043486.parquet,real_data_sample\l2_unseen_validation\trade_date=2026-07-17\exchange=NSE\symbol=TECHM\part-090543_441909-043486.parquet,36102,downloaded,36102,
2026-07-17,NSE,TECHM,raw_l2/trade_date=2026-07-17/exchange=NSE/symbol=TECHM/part-090710_081240-043678.parquet,real_data_sample\l2_unseen_validation\trade_date=2026-07-17\exchange=NSE\symbol=TECHM\part-090710_081240-043678.parquet,34932,downloaded,34932,
2026-07-17,NSE,TECHM,raw_l2/trade_date=2026-07-17/exchange=NSE/symbol=TECHM/part-090626_572036-043582.parquet,real_data_sample\l2_unseen_validation\trade_date=2026-07-17\exchange=NSE\symbol=TECHM\part-090626_572036-043582.parquet,34709,downloaded,34709,
2026-07-17,NSE,TECHM,raw_l2/trade_date=2026-07-17/exchange=NSE/symbol=TECHM/part-090347_164489-043230.parquet,real_data_sample\l2_unseen_validation\trade_date=2026-07-17\exchange=NSE\symbol=TECHM\part-090347_164489-043230.parquet,35879,downloaded,35879,
2026-07-17,NSE,TECHM,raw_l2/trade_date=2026-07-17/exchange=NSE/symbol=TECHM/part-090612_077591-043550.parquet,real_data_sample\l2_unseen_validation\trade_date=2026-07-17\exchange=NSE\symbol=TECHM\part-090612_077591-043550.parquet,35828,downloaded,35828,
2026-07-17,NSE,TECHM,raw_l2/trade_date=2026-07-17/exchange=NSE/symbol=TECHM/part-090500_096908-043390.parquet,real_data_sample\l2_unseen_validation\trade_date=2026-07-17\exchange=NSE\symbol=TECHM\part-090500_096908-043390.parquet,35851,downloaded,35851,
2026-07-17,NSE,TECHM,raw_l2/trade_date=2026-07-17/exchange=NSE/symbol=TECHM/part-090401_777876-043262.parquet,real_data_sample\l2_unseen_validation\trade_date=2026-07-17\exchange=NSE\symbol=TECHM\part-090401_777876-043262.parquet,36166,downloaded,36166,
2026-07-17,NSE,TECHM,raw_l2/trade_date=2026-07-17/exchange=NSE/symbol=TECHM/part-090514_691998-043422.parquet,real_data_sample\l2_unseen_validation\trade_date=2026-07-17\exchange=NSE\symbol=TECHM\part-090514_691998-043422.parquet,36195,downloaded,36195,
2026-07-17,NSE,TECHM,raw_l2/trade_date=2026-07-17/exchange=NSE/symbol=TECHM/part-090430_542953-043326.parquet,real_data_sample\l2_unseen_validation\trade_date=2026-07-17\exchange=NSE\symbol=TECHM\part-090430_542953-043326.parquet,35896,downloaded,35896,
2026-07-17,NSE,TECHM,raw_l2/trade_date=2026-07-17/exchange=NSE/symbol=TECHM/part-090808_023168-043806.parquet,real_data_sample\l2_unseen_validation\trade_date=2026-07-17\exchange=NSE\symbol=TECHM\part-090808_023168-043806.parquet,36015,downloaded,36015,
2026-07-17,NSE,TECHM,raw_l2/trade_date=2026-07-17/exchange=NSE/symbol=TECHM/part-090415_941670-043294.parquet,real_data_sample\l2_unseen_validation\trade_date=2026-07-17\exchange=NSE\symbol=TECHM\part-090415_941670-043294.parquet,35873,downloaded,35873,
2026-07-17,NSE,TECHM,raw_l2/trade_date=2026-07-17/exchange=NSE/symbol=TECHM/part-090445_347606-043358.parquet,real_data_sample\l2_unseen_validation\trade_date=2026-07-17\exchange=NSE\symbol=TECHM\part-090445_347606-043358.parquet,36067,downloaded,36067,
2026-07-17,NSE,TECHM,raw_l2/trade_date=2026-07-17/exchange=NSE/symbol=TECHM/part-090655_686388-043646.parquet,real_data_sample\l2_unseen_validation\trade_date=2026-07-17\exchange=NSE\symbol=TECHM\part-090655_686388-043646.parquet,34927,downloaded,34927,
2026-07-17,NSE,TECHM,raw_l2/trade_date=2026-07-17/exchange=NSE/symbol=TECHM/part-090837_208841-043870.parquet,real_data_sample\l2_unseen_validation\trade_date=2026-07-17\exchange=NSE\symbol=TECHM\part-090837_208841-043870.parquet,36021,downloaded,36021,
2026-07-17,NSE,TECHM,raw_l2/trade_date=2026-07-17/exchange=NSE/symbol=TECHM/part-090557_700346-043518.parquet,real_data_sample\l2_unseen_validation\trade_date=2026-07-17\exchange=NSE\symbol=TECHM\part-090557_700346-043518.parquet,35951,downloaded,35951,
2026-07-17,NSE,TECHM,raw_l2/trade_date=2026-07-17/exchange=NSE/symbol=TECHM/part-090851_683310-043902.parquet,real_data_sample\l2_unseen_validation\trade_date=2026-07-17\exchange=NSE\symbol=TECHM\part-090851_683310-043902.parquet,36517,downloaded,36517,
2026-07-17,NSE,TECHM,raw_l2/trade_date=2026-07-17/exchange=NSE/symbol=TECHM/part-090906_674152-043934.parquet,real_data_sample\l2_unseen_validation\trade_date=2026-07-17\exchange=NSE\symbol=TECHM\part-090906_674152-043934.parquet,35572,downloaded,35572,
2026-07-17,NSE,TECHM,raw_l2/trade_date=2026-07-17/exchange=NSE/symbol=TECHM/part-090952_018034-044030.parquet,real_data_sample\l2_unseen_validation\trade_date=2026-07-17\exchange=NSE\symbol=TECHM\part-090952_018034-044030.parquet,36208,downloaded,36208,
2026-07-17,NSE,TECHM,raw_l2/trade_date=2026-07-17/exchange=NSE/symbol=TECHM/part-090936_408320-043998.parquet,real_data_sample\l2_unseen_validation\trade_date=2026-07-17\exchange=NSE\symbol=TECHM\part-090936_408320-043998.parquet,35804,downloaded,35804,
2026-07-17,NSE,TECHM,raw_l2/trade_date=2026-07-17/exchange=NSE/symbol=TECHM/part-091021_125413-044094.parquet,real_data_sample\l2_unseen_validation\trade_date=2026-07-17\exchange=NSE\symbol=TECHM\part-091021_125413-044094.parquet,36153,downloaded,36153,
2026-07-17,NSE,TECHM,raw_l2/trade_date=2026-07-17/exchange=NSE/symbol=TECHM/part-090921_843813-043966.parquet,real_data_sample\l2_unseen_validation\trade_date=2026-07-17\exchange=NSE\symbol=TECHM\part-090921_843813-043966.parquet,36108,downloaded,36108,
2026-07-17,NSE,TECHM,raw_l2/trade_date=2026-07-17/exchange=NSE/symbol=TECHM/part-091035_893352-044126.parquet,real_data_sample\l2_unseen_validation\trade_date=2026-07-17\exchange=NSE\symbol=TECHM\part-091035_893352-044126.parquet,36288,downloaded,36288,
2026-07-17,NSE,TECHM,raw_l2/trade_date=2026-07-17/exchange=NSE/symbol=TECHM/part-091050_465715-044158.parquet,real_data_sample\l2_unseen_validation\trade_date=2026-07-17\exchange=NSE\symbol=TECHM\part-091050_465715-044158.parquet,36697,downloaded,36697,
2026-07-17,NSE,TECHM,raw_l2/trade_date=2026-07-17/exchange=NSE/symbol=TECHM/part-091006_825758-044062.parquet,real_data_sample\l2_unseen_validation\trade_date=2026-07-17\exchange=NSE\symbol=TECHM\part-091006_825758-044062.parquet,36266,downloaded,36266,
2026-07-17,NSE,TECHM,raw_l2/trade_date=2026-07-17/exchange=NSE/symbol=TECHM/part-091105_129394-044190.parquet,real_data_sample\l2_unseen_validation\trade_date=2026-07-17\exchange=NSE\symbol=TECHM\part-091105_129394-044190.parquet,36439,downloaded,36439,
2026-07-17,NSE,TECHM,raw_l2/trade_date=2026-07-17/exchange=NSE/symbol=TECHM/part-091134_747368-044254.parquet,real_data_sample\l2_unseen_validation\trade_date=2026-07-17\exchange=NSE\symbol=TECHM\part-091134_747368-044254.parquet,35955,downloaded,35955,
2026-07-17,NSE,TECHM,raw_l2/trade_date=2026-07-17/exchange=NSE/symbol=TECHM/part-091234_692429-044382.parquet,real_data_sample\l2_unseen_validation\trade_date=2026-07-17\exchange=NSE\symbol=TECHM\part-091234_692429-044382.parquet,35702,downloaded,35702,
2026-07-17,NSE,TECHM,raw_l2/trade_date=2026-07-17/exchange=NSE/symbol=TECHM/part-091149_167325-044286.parquet,real_data_sample\l2_unseen_validation\trade_date=2026-07-17\exchange=NSE\symbol=TECHM\part-091149_167325-044286.parquet,36438,downloaded,36438,
2026-07-17,NSE,TECHM,raw_l2/trade_date=2026-07-17/exchange=NSE/symbol=TECHM/part-091120_072083-044222.parquet,real_data_sample\l2_unseen_validation\trade_date=2026-07-17\exchange=NSE\symbol=TECHM\part-091120_072083-044222.parquet,36122,downloaded,36122,
2026-07-17,NSE,TECHM,raw_l2/trade_date=2026-07-17/exchange=NSE/symbol=TECHM/part-091219_279906-044350.parquet,real_data_sample\l2_unseen_validation\trade_date=2026-07-17\exchange=NSE\symbol=TECHM\part-091219_279906-044350.parquet,35885,downloaded,35885,
2026-07-17,NSE,TECHM,raw_l2/trade_date=2026-07-17/exchange=NSE/symbol=TECHM/part-091203_917259-044318.parquet,real_data_sample\l2_unseen_validation\trade_date=2026-07-17\exchange=NSE\symbol=TECHM\part-091203_917259-044318.parquet,35910,downloaded,35910,
2026-07-17,NSE,TECHM,raw_l2/trade_date=2026-07-17/exchange=NSE/symbol=TECHM/part-091249_052477-044414.parquet,real_data_sample\l2_unseen_validation\trade_date=2026-07-17\exchange=NSE\symbol=TECHM\part-091249_052477-044414.parquet,36096,downloaded,36096,
2026-07-17,NSE,TECHM,raw_l2/trade_date=2026-07-17/exchange=NSE/symbol=TECHM/part-091303_579391-044446.parquet,real_data_sample\l2_unseen_validation\trade_date=2026-07-17\exchange=NSE\symbol=TECHM\part-091303_579391-044446.parquet,35929,downloaded,35929,
2026-07-17,NSE,TECHM,raw_l2/trade_date=2026-07-17/exchange=NSE/symbol=TECHM/part-091430_394787-044638.parquet,real_data_sample\l2_unseen_validation\trade_date=2026-07-17\exchange=NSE\symbol=TECHM\part-091430_394787-044638.parquet,36031,downloaded,36031,
2026-07-17,NSE,TECHM,raw_l2/trade_date=2026-07-17/exchange=NSE/symbol=TECHM/part-091347_120126-044542.parquet,real_data_sample\l2_unseen_validation\trade_date=2026-07-17\exchange=NSE\symbol=TECHM\part-091347_120126-044542.parquet,34819,downloaded,34819,
2026-07-17,NSE,TECHM,raw_l2/trade_date=2026-07-17/exchange=NSE/symbol=TECHM/part-091542_120516-044798.parquet,real_data_sample\l2_unseen_validation\trade_date=2026-07-17\exchange=NSE\symbol=TECHM\part-091542_120516-044798.parquet,34679,downloaded,34679,
2026-07-17,NSE,TECHM,raw_l2/trade_date=2026-07-17/exchange=NSE/symbol=TECHM/part-091459_289723-044702.parquet,real_data_sample\l2_unseen_validation\trade_date=2026-07-17\exchange=NSE\symbol=TECHM\part-091459_289723-044702.parquet,35630,downloaded,35630,
2026-07-17,NSE,TECHM,raw_l2/trade_date=2026-07-17/exchange=NSE/symbol=TECHM/part-091332_602124-044510.parquet,real_data_sample\l2_unseen_validation\trade_date=2026-07-17\exchange=NSE\symbol=TECHM\part-091332_602124-044510.parquet,34719,downloaded,34719,
2026-07-17,NSE,TECHM,raw_l2/trade_date=2026-07-17/exchange=NSE/symbol=TECHM/part-091640_064948-044926.parquet,real_data_sample\l2_unseen_validation\trade_date=2026-07-17\exchange=NSE\symbol=TECHM\part-091640_064948-044926.parquet,35621,downloaded,35621,
2026-07-17,NSE,TECHM,raw_l2/trade_date=2026-07-17/exchange=NSE/symbol=TECHM/part-091444_785704-044670.parquet,real_data_sample\l2_unseen_validation\trade_date=2026-07-17\exchange=NSE\symbol=TECHM\part-091444_785704-044670.parquet,36321,downloaded,36321,
2026-07-17,NSE,TECHM,raw_l2/trade_date=2026-07-17/exchange=NSE/symbol=TECHM/part-091415_916474-044606.parquet,real_data_sample\l2_unseen_validation\trade_date=2026-07-17\exchange=NSE\symbol=TECHM\part-091415_916474-044606.parquet,35250,downloaded,35250,
2026-07-17,NSE,TECHM,raw_l2/trade_date=2026-07-17/exchange=NSE/symbol=TECHM/part-091611_397319-044862.parquet,real_data_sample\l2_unseen_validation\trade_date=2026-07-17\exchange=NSE\symbol=TECHM\part-091611_397319-044862.parquet,34647,downloaded,34647,
2026-07-17,NSE,TECHM,raw_l2/trade_date=2026-07-17/exchange=NSE/symbol=TECHM/part-091527_820111-044766.parquet,real_data_sample\l2_unseen_validation\trade_date=2026-07-17\exchange=NSE\symbol=TECHM\part-091527_820111-044766.parquet,34880,downloaded,34880,
2026-07-17,NSE,TECHM,raw_l2/trade_date=2026-07-17/exchange=NSE/symbol=TECHM/part-091318_182976-044478.parquet,real_data_sample\l2_unseen_validation\trade_date=2026-07-17\exchange=NSE\symbol=TECHM\part-091318_182976-044478.parquet,35189,downloaded,35189,
2026-07-17,NSE,TECHM,raw_l2/trade_date=2026-07-17/exchange=NSE/symbol=TECHM/part-091401_729701-044574.parquet,real_data_sample\l2_unseen_validation\trade_date=2026-07-17\exchange=NSE\symbol=TECHM\part-091401_729701-044574.parquet,34970,downloaded,34970,
2026-07-17,NSE,TECHM,raw_l2/trade_date=2026-07-17/exchange=NSE/symbol=TECHM/part-091556_962843-044830.parquet,real_data_sample\l2_unseen_validation\trade_date=2026-07-17\exchange=NSE\symbol=TECHM\part-091556_962843-044830.parquet,34709,downloaded,34709,
2026-07-17,NSE,TECHM,raw_l2/trade_date=2026-07-17/exchange=NSE/symbol=TECHM/part-091513_572131-044734.parquet,real_data_sample\l2_unseen_validation\trade_date=2026-07-17\exchange=NSE\symbol=TECHM\part-091513_572131-044734.parquet,36257,downloaded,36257,
2026-07-17,NSE,TECHM,raw_l2/trade_date=2026-07-17/exchange=NSE/symbol=TECHM/part-091625_798267-044894.parquet,real_data_sample\l2_unseen_validation\trade_date=2026-07-17\exchange=NSE\symbol=TECHM\part-091625_798267-044894.parquet,35600,downloaded,35600,
2026-07-17,NSE,TECHM,raw_l2/trade_date=2026-07-17/exchange=NSE/symbol=TECHM/part-091708_443710-044990.parquet,real_data_sample\l2_unseen_validation\trade_date=2026-07-17\exchange=NSE\symbol=TECHM\part-091708_443710-044990.parquet,35860,downloaded,35860,
2026-07-17,NSE,TECHM,raw_l2/trade_date=2026-07-17/exchange=NSE/symbol=TECHM/part-091722_541192-045022.parquet,real_data_sample\l2_unseen_validation\trade_date=2026-07-17\exchange=NSE\symbol=TECHM\part-091722_541192-045022.parquet,36494,downloaded,36494,
2026-07-17,NSE,TECHM,raw_l2/trade_date=2026-07-17/exchange=NSE/symbol=TECHM/part-091736_661977-045054.parquet,real_data_sample\l2_unseen_validation\trade_date=2026-07-17\exchange=NSE\symbol=TECHM\part-091736_661977-045054.parquet,35615,downloaded,35615,
2026-07-17,NSE,TECHM,raw_l2/trade_date=2026-07-17/exchange=NSE/symbol=TECHM/part-091654_205719-044958.parquet,real_data_sample\l2_unseen_validation\trade_date=2026-07-17\exchange=NSE\symbol=TECHM\part-091654_205719-044958.parquet,35501,downloaded,35501,
2026-07-17,NSE,TECHM,raw_l2/trade_date=2026-07-17/exchange=NSE/symbol=TECHM/part-091750_869540-045086.parquet,real_data_sample\l2_unseen_validation\trade_date=2026-07-17\exchange=NSE\symbol=TECHM\part-091750_869540-045086.parquet,36207,downloaded,36207,
2026-07-17,NSE,TECHM,raw_l2/trade_date=2026-07-17/exchange=NSE/symbol=TECHM/part-091805_463492-045118.parquet,real_data_sample\l2_unseen_validation\trade_date=2026-07-17\exchange=NSE\symbol=TECHM\part-091805_463492-045118.parquet,35695,downloaded,35695,
2026-07-17,NSE,TECHM,raw_l2/trade_date=2026-07-17/exchange=NSE/symbol=TECHM/part-091834_248386-045182.parquet,real_data_sample\l2_unseen_validation\trade_date=2026-07-17\exchange=NSE\symbol=TECHM\part-091834_248386-045182.parquet,34763,downloaded,34763,
2026-07-17,NSE,TECHM,raw_l2/trade_date=2026-07-17/exchange=NSE/symbol=TECHM/part-091848_558606-045214.parquet,real_data_sample\l2_unseen_validation\trade_date=2026-07-17\exchange=NSE\symbol=TECHM\part-091848_558606-045214.parquet,34931,downloaded,34931,
2026-07-17,NSE,TECHM,raw_l2/trade_date=2026-07-17/exchange=NSE/symbol=TECHM/part-091819_848198-045150.parquet,real_data_sample\l2_unseen_validation\trade_date=2026-07-17\exchange=NSE\symbol=TECHM\part-091819_848198-045150.parquet,35552,downloaded,35552,
2026-07-17,NSE,TECHM,raw_l2/trade_date=2026-07-17/exchange=NSE/symbol=TECHM/part-091903_178231-045246.parquet,real_data_sample\l2_unseen_validation\trade_date=2026-07-17\exchange=NSE\symbol=TECHM\part-091903_178231-045246.parquet,34749,downloaded,34749,
2026-07-17,NSE,TECHM,raw_l2/trade_date=2026-07-17/exchange=NSE/symbol=TECHM/part-092043_157272-045470.parquet,real_data_sample\l2_unseen_validation\trade_date=2026-07-17\exchange=NSE\symbol=TECHM\part-092043_157272-045470.parquet,34695,downloaded,34695,
2026-07-17,NSE,TECHM,raw_l2/trade_date=2026-07-17/exchange=NSE/symbol=TECHM/part-092014_626165-045406.parquet,real_data_sample\l2_unseen_validation\trade_date=2026-07-17\exchange=NSE\symbol=TECHM\part-092014_626165-045406.parquet,35969,downloaded,35969,
2026-07-17,NSE,TECHM,raw_l2/trade_date=2026-07-17/exchange=NSE/symbol=TECHM/part-091931_779739-045310.parquet,real_data_sample\l2_unseen_validation\trade_date=2026-07-17\exchange=NSE\symbol=TECHM\part-091931_779739-045310.parquet,35949,downloaded,35949,
2026-07-17,NSE,TECHM,raw_l2/trade_date=2026-07-17/exchange=NSE/symbol=TECHM/part-092028_968532-045438.parquet,real_data_sample\l2_unseen_validation\trade_date=2026-07-17\exchange=NSE\symbol=TECHM\part-092028_968532-045438.parquet,34733,downloaded,34733,
2026-07-17,NSE,TECHM,raw_l2/trade_date=2026-07-17/exchange=NSE/symbol=TECHM/part-091917_565471-045278.parquet,real_data_sample\l2_unseen_validation\trade_date=2026-07-17\exchange=NSE\symbol=TECHM\part-091917_565471-045278.parquet,35249,downloaded,35249,
2026-07-17,NSE,TECHM,raw_l2/trade_date=2026-07-17/exchange=NSE/symbol=TECHM/part-091946_023943-045342.parquet,real_data_sample\l2_unseen_validation\trade_date=2026-07-17\exchange=NSE\symbol=TECHM\part-091946_023943-045342.parquet,35842,downloaded,35842,
2026-07-17,NSE,TECHM,raw_l2/trade_date=2026-07-17/exchange=NSE/symbol=TECHM/part-092000_402041-045374.parquet,real_data_sample\l2_unseen_validation\trade_date=2026-07-17\exchange=NSE\symbol=TECHM\part-092000_402041-045374.parquet,35863,downloaded,35863,
2026-07-17,NSE,TECHM,raw_l2/trade_date=2026-07-17/exchange=NSE/symbol=TECHM/part-092057_698351-045502.parquet,real_data_sample\l2_unseen_validation\trade_date=2026-07-17\exchange=NSE\symbol=TECHM\part-092057_698351-045502.parquet,34609,downloaded,34609,
2026-07-17,NSE,TECHM,raw_l2/trade_date=2026-07-17/exchange=NSE/symbol=TECHM/part-092155_224949-045630.parquet,real_data_sample\l2_unseen_validation\trade_date=2026-07-17\exchange=NSE\symbol=TECHM\part-092155_224949-045630.parquet,36742,downloaded,36742,
2026-07-17,NSE,TECHM,raw_l2/trade_date=2026-07-17/exchange=NSE/symbol=TECHM/part-092111_913081-045534.parquet,real_data_sample\l2_unseen_validation\trade_date=2026-07-17\exchange=NSE\symbol=TECHM\part-092111_913081-045534.parquet,34823,downloaded,34823,
2026-07-17,NSE,TECHM,raw_l2/trade_date=2026-07-17/exchange=NSE/symbol=TECHM/part-092126_328555-045566.parquet,real_data_sample\l2_unseen_validation\trade_date=2026-07-17\exchange=NSE\symbol=TECHM\part-092126_328555-045566.parquet,36358,downloaded,36358,
2026-07-17,NSE,TECHM,raw_l2/trade_date=2026-07-17/exchange=NSE/symbol=TECHM/part-092405_157169-045918.parquet,real_data_sample\l2_unseen_validation\trade_date=2026-07-17\exchange=NSE\symbol=TECHM\part-092405_157169-045918.parquet,36406,downloaded,36406,
2026-07-17,NSE,TECHM,raw_l2/trade_date=2026-07-17/exchange=NSE/symbol=TECHM/part-092141_036814-045598.parquet,real_data_sample\l2_unseen_validation\trade_date=2026-07-17\exchange=NSE\symbol=TECHM\part-092141_036814-045598.parquet,36236,downloaded,36236,
2026-07-17,NSE,TECHM,raw_l2/trade_date=2026-07-17/exchange=NSE/symbol=TECHM/part-092307_114889-045790.parquet,real_data_sample\l2_unseen_validation\trade_date=2026-07-17\exchange=NSE\symbol=TECHM\part-092307_114889-045790.parquet,35941,downloaded,35941,
2026-07-17,NSE,TECHM,raw_l2/trade_date=2026-07-17/exchange=NSE/symbol=TECHM/part-092238_144862-045726.parquet,real_data_sample\l2_unseen_validation\trade_date=2026-07-17\exchange=NSE\symbol=TECHM\part-092238_144862-045726.parquet,35951,downloaded,35951,
2026-07-17,NSE,TECHM,raw_l2/trade_date=2026-07-17/exchange=NSE/symbol=TECHM/part-092252_561631-045758.parquet,real_data_sample\l2_unseen_validation\trade_date=2026-07-17\exchange=NSE\symbol=TECHM\part-092252_561631-045758.parquet,36117,downloaded,36117,
2026-07-17,NSE,TECHM,raw_l2/trade_date=2026-07-17/exchange=NSE/symbol=TECHM/part-092223_771596-045694.parquet,real_data_sample\l2_unseen_validation\trade_date=2026-07-17\exchange=NSE\symbol=TECHM\part-092223_771596-045694.parquet,36119,downloaded,36119,
2026-07-17,NSE,TECHM,raw_l2/trade_date=2026-07-17/exchange=NSE/symbol=TECHM/part-092350_608203-045886.parquet,real_data_sample\l2_unseen_validation\trade_date=2026-07-17\exchange=NSE\symbol=TECHM\part-092350_608203-045886.parquet,35950,downloaded,35950,
2026-07-17,NSE,TECHM,raw_l2/trade_date=2026-07-17/exchange=NSE/symbol=TECHM/part-092209_501700-045662.parquet,real_data_sample\l2_unseen_validation\trade_date=2026-07-17\exchange=NSE\symbol=TECHM\part-092209_501700-045662.parquet,36160,downloaded,36160,
2026-07-17,NSE,TECHM,raw_l2/trade_date=2026-07-17/exchange=NSE/symbol=TECHM/part-092434_282852-045982.parquet,real_data_sample\l2_unseen_validation\trade_date=2026-07-17\exchange=NSE\symbol=TECHM\part-092434_282852-045982.parquet,36480,downloaded,36480,
2026-07-17,NSE,TECHM,raw_l2/trade_date=2026-07-17/exchange=NSE/symbol=TECHM/part-092503_371219-046046.parquet,real_data_sample\l2_unseen_validation\trade_date=2026-07-17\exchange=NSE\symbol=TECHM\part-092503_371219-046046.parquet,36608,downloaded,36608,
2026-07-17,NSE,TECHM,raw_l2/trade_date=2026-07-17/exchange=NSE/symbol=TECHM/part-092448_547052-046014.parquet,real_data_sample\l2_unseen_validation\trade_date=2026-07-17\exchange=NSE\symbol=TECHM\part-092448_547052-046014.parquet,36072,downloaded,36072,
2026-07-17,NSE,TECHM,raw_l2/trade_date=2026-07-17/exchange=NSE/symbol=TECHM/part-092517_852186-046078.parquet,real_data_sample\l2_unseen_validation\trade_date=2026-07-17\exchange=NSE\symbol=TECHM\part-092517_852186-046078.parquet,36445,downloaded,36445,
2026-07-17,NSE,TECHM,raw_l2/trade_date=2026-07-17/exchange=NSE/symbol=TECHM/part-092419_674599-045950.parquet,real_data_sample\l2_unseen_validation\trade_date=2026-07-17\exchange=NSE\symbol=TECHM\part-092419_674599-045950.parquet,35919,downloaded,35919,
2026-07-17,NSE,TECHM,raw_l2/trade_date=2026-07-17/exchange=NSE/symbol=TECHM/part-092336_220967-045854.parquet,real_data_sample\l2_unseen_validation\trade_date=2026-07-17\exchange=NSE\symbol=TECHM\part-092336_220967-045854.parquet,36070,downloaded,36070,
2026-07-17,NSE,TECHM,raw_l2/trade_date=2026-07-17/exchange=NSE/symbol=TECHM/part-092532_357273-046110.parquet,real_data_sample\l2_unseen_validation\trade_date=2026-07-17\exchange=NSE\symbol=TECHM\part-092532_357273-046110.parquet,36412,downloaded,36412,
2026-07-17,NSE,TECHM,raw_l2/trade_date=2026-07-17/exchange=NSE/symbol=TECHM/part-092631_650811-046238.parquet,real_data_sample\l2_unseen_validation\trade_date=2026-07-17\exchange=NSE\symbol=TECHM\part-092631_650811-046238.parquet,35817,downloaded,35817,
2026-07-17,NSE,TECHM,raw_l2/trade_date=2026-07-17/exchange=NSE/symbol=TECHM/part-092616_316808-046206.parquet,real_data_sample\l2_unseen_validation\trade_date=2026-07-17\exchange=NSE\symbol=TECHM\part-092616_316808-046206.parquet,36172,downloaded,36172,
2026-07-17,NSE,TECHM,raw_l2/trade_date=2026-07-17/exchange=NSE/symbol=TECHM/part-092321_560037-045822.parquet,real_data_sample\l2_unseen_validation\trade_date=2026-07-17\exchange=NSE\symbol=TECHM\part-092321_560037-045822.parquet,36205,downloaded,36205,
2026-07-17,NSE,TECHM,raw_l2/trade_date=2026-07-17/exchange=NSE/symbol=TECHM/part-092601_610605-046174.parquet,real_data_sample\l2_unseen_validation\trade_date=2026-07-17\exchange=NSE\symbol=TECHM\part-092601_610605-046174.parquet,36252,downloaded,36252,
2026-07-17,NSE,TECHM,raw_l2/trade_date=2026-07-17/exchange=NSE/symbol=TECHM/part-092547_016754-046142.parquet,real_data_sample\l2_unseen_validation\trade_date=2026-07-17\exchange=NSE\symbol=TECHM\part-092547_016754-046142.parquet,36122,downloaded,36122,
2026-07-17,NSE,TECHM,raw_l2/trade_date=2026-07-17/exchange=NSE/symbol=TECHM/part-092729_004356-046366.parquet,real_data_sample\l2_unseen_validation\trade_date=2026-07-17\exchange=NSE\symbol=TECHM\part-092729_004356-046366.parquet,36112,downloaded,36112,
2026-07-17,NSE,TECHM,raw_l2/trade_date=2026-07-17/exchange=NSE/symbol=TECHM/part-092645_965089-046270.parquet,real_data_sample\l2_unseen_validation\trade_date=2026-07-17\exchange=NSE\symbol=TECHM\part-092645_965089-046270.parquet,35786,downloaded,35786,
2026-07-17,NSE,TECHM,raw_l2/trade_date=2026-07-17/exchange=NSE/symbol=TECHM/part-092700_262256-046302.parquet,real_data_sample\l2_unseen_validation\trade_date=2026-07-17\exchange=NSE\symbol=TECHM\part-092700_262256-046302.parquet,35709,downloaded,35709,
2026-07-17,NSE,TECHM,raw_l2/trade_date=2026-07-17/exchange=NSE/symbol=TECHM/part-092743_429214-046398.parquet,real_data_sample\l2_unseen_validation\trade_date=2026-07-17\exchange=NSE\symbol=TECHM\part-092743_429214-046398.parquet,36023,downloaded,36023,
2026-07-17,NSE,TECHM,raw_l2/trade_date=2026-07-17/exchange=NSE/symbol=TECHM/part-092714_546830-046334.parquet,real_data_sample\l2_unseen_validation\trade_date=2026-07-17\exchange=NSE\symbol=TECHM\part-092714_546830-046334.parquet,35947,downloaded,35947,
2026-07-17,NSE,TECHM,raw_l2/trade_date=2026-07-17/exchange=NSE/symbol=TECHM/part-092826_726756-046494.parquet,real_data_sample\l2_unseen_validation\trade_date=2026-07-17\exchange=NSE\symbol=TECHM\part-092826_726756-046494.parquet,34956,downloaded,34956,
2026-07-17,NSE,TECHM,raw_l2/trade_date=2026-07-17/exchange=NSE/symbol=TECHM/part-092757_785751-046430.parquet,real_data_sample\l2_unseen_validation\trade_date=2026-07-17\exchange=NSE\symbol=TECHM\part-092757_785751-046430.parquet,36126,downloaded,36126,
2026-07-17,NSE,TECHM,raw_l2/trade_date=2026-07-17/exchange=NSE/symbol=TECHM/part-092812_144462-046462.parquet,real_data_sample\l2_unseen_validation\trade_date=2026-07-17\exchange=NSE\symbol=TECHM\part-092812_144462-046462.parquet,35697,downloaded,35697,
2026-07-17,NSE,TECHM,raw_l2/trade_date=2026-07-17/exchange=NSE/symbol=TECHM/part-092841_208262-046526.parquet,real_data_sample\l2_unseen_validation\trade_date=2026-07-17\exchange=NSE\symbol=TECHM\part-092841_208262-046526.parquet,34734,downloaded,34734,
2026-07-17,NSE,TECHM,raw_l2/trade_date=2026-07-17/exchange=NSE/symbol=TECHM/part-092910_453965-046590.parquet,real_data_sample\l2_unseen_validation\trade_date=2026-07-17\exchange=NSE\symbol=TECHM\part-092910_453965-046590.parquet,34677,downloaded,34677,
2026-07-17,NSE,TECHM,raw_l2/trade_date=2026-07-17/exchange=NSE/symbol=TECHM/part-092924_864937-046622.parquet,real_data_sample\l2_unseen_validation\trade_date=2026-07-17\exchange=NSE\symbol=TECHM\part-092924_864937-046622.parquet,34740,downloaded,34740,
2026-07-17,NSE,TECHM,raw_l2/trade_date=2026-07-17/exchange=NSE/symbol=TECHM/part-092954_062522-046686.parquet,real_data_sample\l2_unseen_validation\trade_date=2026-07-17\exchange=NSE\symbol=TECHM\part-092954_062522-046686.parquet,34621,downloaded,34621,
2026-07-17,NSE,TECHM,raw_l2/trade_date=2026-07-17/exchange=NSE/symbol=TECHM/part-093135_143576-046910.parquet,real_data_sample\l2_unseen_validation\trade_date=2026-07-17\exchange=NSE\symbol=TECHM\part-093135_143576-046910.parquet,36288,downloaded,36288,
2026-07-17,NSE,TECHM,raw_l2/trade_date=2026-07-17/exchange=NSE/symbol=TECHM/part-093037_927703-046782.parquet,real_data_sample\l2_unseen_validation\trade_date=2026-07-17\exchange=NSE\symbol=TECHM\part-093037_927703-046782.parquet,34703,downloaded,34703,
2026-07-17,NSE,TECHM,raw_l2/trade_date=2026-07-17/exchange=NSE/symbol=TECHM/part-093314_654722-047134.parquet,real_data_sample\l2_unseen_validation\trade_date=2026-07-17\exchange=NSE\symbol=TECHM\part-093314_654722-047134.parquet,34632,downloaded,34632,
2026-07-17,NSE,TECHM,raw_l2/trade_date=2026-07-17/exchange=NSE/symbol=TECHM/part-093023_534701-046750.parquet,real_data_sample\l2_unseen_validation\trade_date=2026-07-17\exchange=NSE\symbol=TECHM\part-093023_534701-046750.parquet,34461,downloaded,34461,
2026-07-17,NSE,TECHM,raw_l2/trade_date=2026-07-17/exchange=NSE/symbol=TECHM/part-092855_630347-046558.parquet,real_data_sample\l2_unseen_validation\trade_date=2026-07-17\exchange=NSE\symbol=TECHM\part-092855_630347-046558.parquet,34747,downloaded,34747,
2026-07-17,NSE,TECHM,raw_l2/trade_date=2026-07-17/exchange=NSE/symbol=TECHM/part-093507_874437-047390.parquet,real_data_sample\l2_unseen_validation\trade_date=2026-07-17\exchange=NSE\symbol=TECHM\part-093507_874437-047390.parquet,34476,downloaded,34476,
2026-07-17,NSE,TECHM,raw_l2/trade_date=2026-07-17/exchange=NSE/symbol=TECHM/part-093453_337655-047358.parquet,real_data_sample\l2_unseen_validation\trade_date=2026-07-17\exchange=NSE\symbol=TECHM\part-093453_337655-047358.parquet,34703,downloaded,34703,
2026-07-17,NSE,TECHM,raw_l2/trade_date=2026-07-17/exchange=NSE/symbol=TECHM/part-093052_249768-046814.parquet,real_data_sample\l2_unseen_validation\trade_date=2026-07-17\exchange=NSE\symbol=TECHM\part-093052_249768-046814.parquet,34412,downloaded,34412,
2026-07-17,NSE,TECHM,raw_l2/trade_date=2026-07-17/exchange=NSE/symbol=TECHM/part-093300_314622-047102.parquet,real_data_sample\l2_unseen_validation\trade_date=2026-07-17\exchange=NSE\symbol=TECHM\part-093300_314622-047102.parquet,34498,downloaded,34498,
2026-07-17,NSE,TECHM,raw_l2/trade_date=2026-07-17/exchange=NSE/symbol=TECHM/part-093439_255559-047326.parquet,real_data_sample\l2_unseen_validation\trade_date=2026-07-17\exchange=NSE\symbol=TECHM\part-093439_255559-047326.parquet,34435,downloaded,34435,
2026-07-17,NSE,TECHM,raw_l2/trade_date=2026-07-17/exchange=NSE/symbol=TECHM/part-093550_843795-047486.parquet,real_data_sample\l2_unseen_validation\trade_date=2026-07-17\exchange=NSE\symbol=TECHM\part-093550_843795-047486.parquet,35671,downloaded,35671,
2026-07-17,NSE,TECHM,raw_l2/trade_date=2026-07-17/exchange=NSE/symbol=TECHM/part-093605_349412-047518.parquet,real_data_sample\l2_unseen_validation\trade_date=2026-07-17\exchange=NSE\symbol=TECHM\part-093605_349412-047518.parquet,35578,downloaded,35578,
2026-07-17,NSE,TECHM,raw_l2/trade_date=2026-07-17/exchange=NSE/symbol=TECHM/part-092939_534039-046654.parquet,real_data_sample\l2_unseen_validation\trade_date=2026-07-17\exchange=NSE\symbol=TECHM\part-092939_534039-046654.parquet,34734,downloaded,34734,
2026-07-17,NSE,TECHM,raw_l2/trade_date=2026-07-17/exchange=NSE/symbol=TECHM/part-093536_421334-047454.parquet,real_data_sample\l2_unseen_validation\trade_date=2026-07-17\exchange=NSE\symbol=TECHM\part-093536_421334-047454.parquet,35533,downloaded,35533,
2026-07-17,NSE,TECHM,raw_l2/trade_date=2026-07-17/exchange=NSE/symbol=TECHM/part-093425_093021-047294.parquet,real_data_sample\l2_unseen_validation\trade_date=2026-07-17\exchange=NSE\symbol=TECHM\part-093425_093021-047294.parquet,34634,downloaded,34634,
2026-07-17,NSE,TECHM,raw_l2/trade_date=2026-07-17/exchange=NSE/symbol=TECHM/part-093009_187903-046718.parquet,real_data_sample\l2_unseen_validation\trade_date=2026-07-17\exchange=NSE\symbol=TECHM\part-093009_187903-046718.parquet,34767,downloaded,34767,
2026-07-17,NSE,TECHM,raw_l2/trade_date=2026-07-17/exchange=NSE/symbol=TECHM/part-093522_235822-047422.parquet,real_data_sample\l2_unseen_validation\trade_date=2026-07-17\exchange=NSE\symbol=TECHM\part-093522_235822-047422.parquet,35799,downloaded,35799,
2026-07-17,NSE,TECHM,raw_l2/trade_date=2026-07-17/exchange=NSE/symbol=TECHM/part-093217_745953-047006.parquet,real_data_sample\l2_unseen_validation\trade_date=2026-07-17\exchange=NSE\symbol=TECHM\part-093217_745953-047006.parquet,35210,downloaded,35210,
2026-07-17,NSE,TECHM,raw_l2/trade_date=2026-07-17/exchange=NSE/symbol=TECHM/part-093411_051507-047262.parquet,real_data_sample\l2_unseen_validation\trade_date=2026-07-17\exchange=NSE\symbol=TECHM\part-093411_051507-047262.parquet,34699,downloaded,34699,
2026-07-17,NSE,TECHM,raw_l2/trade_date=2026-07-17/exchange=NSE/symbol=TECHM/part-093342_946445-047198.parquet,real_data_sample\l2_unseen_validation\trade_date=2026-07-17\exchange=NSE\symbol=TECHM\part-093342_946445-047198.parquet,34447,downloaded,34447,
2026-07-17,NSE,TECHM,raw_l2/trade_date=2026-07-17/exchange=NSE/symbol=TECHM/part-093356_984308-047230.parquet,real_data_sample\l2_unseen_validation\trade_date=2026-07-17\exchange=NSE\symbol=TECHM\part-093356_984308-047230.parquet,34421,downloaded,34421,
2026-07-17,NSE,TECHM,raw_l2/trade_date=2026-07-17/exchange=NSE/symbol=TECHM/part-093328_806519-047166.parquet,real_data_sample\l2_unseen_validation\trade_date=2026-07-17\exchange=NSE\symbol=TECHM\part-093328_806519-047166.parquet,34579,downloaded,34579,
2026-07-17,NSE,TECHM,raw_l2/trade_date=2026-07-17/exchange=NSE/symbol=TECHM/part-093120_804337-046878.parquet,real_data_sample\l2_unseen_validation\trade_date=2026-07-17\exchange=NSE\symbol=TECHM\part-093120_804337-046878.parquet,35530,downloaded,35530,
2026-07-17,NSE,TECHM,raw_l2/trade_date=2026-07-17/exchange=NSE/symbol=TECHM/part-093246_228308-047070.parquet,real_data_sample\l2_unseen_validation\trade_date=2026-07-17\exchange=NSE\symbol=TECHM\part-093246_228308-047070.parquet,34533,downloaded,34533,
2026-07-17,NSE,TECHM,raw_l2/trade_date=2026-07-17/exchange=NSE/symbol=TECHM/part-093203_833166-046974.parquet,real_data_sample\l2_unseen_validation\trade_date=2026-07-17\exchange=NSE\symbol=TECHM\part-093203_833166-046974.parquet,35944,downloaded,35944,
2026-07-17,NSE,TECHM,raw_l2/trade_date=2026-07-17/exchange=NSE/symbol=TECHM/part-093232_032844-047038.parquet,real_data_sample\l2_unseen_validation\trade_date=2026-07-17\exchange=NSE\symbol=TECHM\part-093232_032844-047038.parquet,34598,downloaded,34598,
2026-07-17,NSE,TECHM,raw_l2/trade_date=2026-07-17/exchange=NSE/symbol=TECHM/part-093619_749334-047550.parquet,real_data_sample\l2_unseen_validation\trade_date=2026-07-17\exchange=NSE\symbol=TECHM\part-093619_749334-047550.parquet,35088,downloaded,35088,
2026-07-17,NSE,TECHM,raw_l2/trade_date=2026-07-17/exchange=NSE/symbol=TECHM/part-093106_558752-046846.parquet,real_data_sample\l2_unseen_validation\trade_date=2026-07-17\exchange=NSE\symbol=TECHM\part-093106_558752-046846.parquet,34661,downloaded,34661,
2026-07-17,NSE,TECHM,raw_l2/trade_date=2026-07-17/exchange=NSE/symbol=TECHM/part-093924_000562-047966.parquet,real_data_sample\l2_unseen_validation\trade_date=2026-07-17\exchange=NSE\symbol=TECHM\part-093924_000562-047966.parquet,34441,downloaded,34441,
2026-07-17,NSE,TECHM,raw_l2/trade_date=2026-07-17/exchange=NSE/symbol=TECHM/part-093648_017238-047614.parquet,real_data_sample\l2_unseen_validation\trade_date=2026-07-17\exchange=NSE\symbol=TECHM\part-093648_017238-047614.parquet,34683,downloaded,34683,
2026-07-17,NSE,TECHM,raw_l2/trade_date=2026-07-17/exchange=NSE/symbol=TECHM/part-093702_051902-047646.parquet,real_data_sample\l2_unseen_validation\trade_date=2026-07-17\exchange=NSE\symbol=TECHM\part-093702_051902-047646.parquet,34626,downloaded,34626,
2026-07-17,NSE,TECHM,raw_l2/trade_date=2026-07-17/exchange=NSE/symbol=TECHM/part-093952_623790-048030.parquet,real_data_sample\l2_unseen_validation\trade_date=2026-07-17\exchange=NSE\symbol=TECHM\part-093952_623790-048030.parquet,34440,downloaded,34440,
2026-07-17,NSE,TECHM,raw_l2/trade_date=2026-07-17/exchange=NSE/symbol=TECHM/part-093938_167083-047998.parquet,real_data_sample\l2_unseen_validation\trade_date=2026-07-17\exchange=NSE\symbol=TECHM\part-093938_167083-047998.parquet,34447,downloaded,34447,
2026-07-17,NSE,TECHM,raw_l2/trade_date=2026-07-17/exchange=NSE/symbol=TECHM/part-093758_084659-047774.parquet,real_data_sample\l2_unseen_validation\trade_date=2026-07-17\exchange=NSE\symbol=TECHM\part-093758_084659-047774.parquet,34622,downloaded,34622,
2026-07-17,NSE,TECHM,raw_l2/trade_date=2026-07-17/exchange=NSE/symbol=TECHM/part-093826_371870-047838.parquet,real_data_sample\l2_unseen_validation\trade_date=2026-07-17\exchange=NSE\symbol=TECHM\part-093826_371870-047838.parquet,34449,downloaded,34449,
2026-07-17,NSE,TECHM,raw_l2/trade_date=2026-07-17/exchange=NSE/symbol=TECHM/part-093854_899190-047902.parquet,real_data_sample\l2_unseen_validation\trade_date=2026-07-17\exchange=NSE\symbol=TECHM\part-093854_899190-047902.parquet,34456,downloaded,34456,
2026-07-17,NSE,TECHM,raw_l2/trade_date=2026-07-17/exchange=NSE/symbol=TECHM/part-093633_943344-047582.parquet,real_data_sample\l2_unseen_validation\trade_date=2026-07-17\exchange=NSE\symbol=TECHM\part-093633_943344-047582.parquet,34462,downloaded,34462,
2026-07-17,NSE,TECHM,raw_l2/trade_date=2026-07-17/exchange=NSE/symbol=TECHM/part-093909_503250-047934.parquet,real_data_sample\l2_unseen_validation\trade_date=2026-07-17\exchange=NSE\symbol=TECHM\part-093909_503250-047934.parquet,34737,downloaded,34737,
2026-07-17,NSE,TECHM,raw_l2/trade_date=2026-07-17/exchange=NSE/symbol=TECHM/part-094006_878376-048062.parquet,real_data_sample\l2_unseen_validation\trade_date=2026-07-17\exchange=NSE\symbol=TECHM\part-094006_878376-048062.parquet,34341,downloaded,34341,
2026-07-17,NSE,TECHM,raw_l2/trade_date=2026-07-17/exchange=NSE/symbol=TECHM/part-094021_082094-048094.parquet,real_data_sample\l2_unseen_validation\trade_date=2026-07-17\exchange=NSE\symbol=TECHM\part-094021_082094-048094.parquet,35426,downloaded,35426,
2026-07-17,NSE,TECHM,raw_l2/trade_date=2026-07-17/exchange=NSE/symbol=TECHM/part-093812_147859-047806.parquet,real_data_sample\l2_unseen_validation\trade_date=2026-07-17\exchange=NSE\symbol=TECHM\part-093812_147859-047806.parquet,34637,downloaded,34637,
2026-07-17,NSE,TECHM,raw_l2/trade_date=2026-07-17/exchange=NSE/symbol=TECHM/part-094035_492843-048126.parquet,real_data_sample\l2_unseen_validation\trade_date=2026-07-17\exchange=NSE\symbol=TECHM\part-094035_492843-048126.parquet,36114,downloaded,36114,
2026-07-17,NSE,TECHM,raw_l2/trade_date=2026-07-17/exchange=NSE/symbol=TECHM/part-094049_716025-048158.parquet,real_data_sample\l2_unseen_validation\trade_date=2026-07-17\exchange=NSE\symbol=TECHM\part-094049_716025-048158.parquet,35791,downloaded,35791,
2026-07-17,NSE,TECHM,raw_l2/trade_date=2026-07-17/exchange=NSE/symbol=TECHM/part-093840_776321-047870.parquet,real_data_sample\l2_unseen_validation\trade_date=2026-07-17\exchange=NSE\symbol=TECHM\part-093840_776321-047870.parquet,34488,downloaded,34488,
2026-07-17,NSE,TECHM,raw_l2/trade_date=2026-07-17/exchange=NSE/symbol=TECHM/part-093729_912172-047710.parquet,real_data_sample\l2_unseen_validation\trade_date=2026-07-17\exchange=NSE\symbol=TECHM\part-093729_912172-047710.parquet,34394,downloaded,34394,
2026-07-17,NSE,TECHM,raw_l2/trade_date=2026-07-17/exchange=NSE/symbol=TECHM/part-093743_912806-047742.parquet,real_data_sample\l2_unseen_validation\trade_date=2026-07-17\exchange=NSE\symbol=TECHM\part-093743_912806-047742.parquet,34628,downloaded,34628,
2026-07-17,NSE,TECHM,raw_l2/trade_date=2026-07-17/exchange=NSE/symbol=TECHM/part-094118_769202-048222.parquet,real_data_sample\l2_unseen_validation\trade_date=2026-07-17\exchange=NSE\symbol=TECHM\part-094118_769202-048222.parquet,35849,downloaded,35849,
2026-07-17,NSE,TECHM,raw_l2/trade_date=2026-07-17/exchange=NSE/symbol=TECHM/part-094201_843172-048318.parquet,real_data_sample\l2_unseen_validation\trade_date=2026-07-17\exchange=NSE\symbol=TECHM\part-094201_843172-048318.parquet,35597,downloaded,35597,
2026-07-17,NSE,TECHM,raw_l2/trade_date=2026-07-17/exchange=NSE/symbol=TECHM/part-094147_366636-048286.parquet,real_data_sample\l2_unseen_validation\trade_date=2026-07-17\exchange=NSE\symbol=TECHM\part-094147_366636-048286.parquet,35924,downloaded,35924,
2026-07-17,NSE,TECHM,raw_l2/trade_date=2026-07-17/exchange=NSE/symbol=TECHM/part-094104_233746-048190.parquet,real_data_sample\l2_unseen_validation\trade_date=2026-07-17\exchange=NSE\symbol=TECHM\part-094104_233746-048190.parquet,35953,downloaded,35953,
2026-07-17,NSE,TECHM,raw_l2/trade_date=2026-07-17/exchange=NSE/symbol=TECHM/part-094259_039606-048446.parquet,real_data_sample\l2_unseen_validation\trade_date=2026-07-17\exchange=NSE\symbol=TECHM\part-094259_039606-048446.parquet,36350,downloaded,36350,
2026-07-17,NSE,TECHM,raw_l2/trade_date=2026-07-17/exchange=NSE/symbol=TECHM/part-094230_628428-048382.parquet,real_data_sample\l2_unseen_validation\trade_date=2026-07-17\exchange=NSE\symbol=TECHM\part-094230_628428-048382.parquet,36284,downloaded,36284,
2026-07-17,NSE,TECHM,raw_l2/trade_date=2026-07-17/exchange=NSE/symbol=TECHM/part-094132_930791-048254.parquet,real_data_sample\l2_unseen_validation\trade_date=2026-07-17\exchange=NSE\symbol=TECHM\part-094132_930791-048254.parquet,36115,downloaded,36115,
2026-07-17,NSE,TECHM,raw_l2/trade_date=2026-07-17/exchange=NSE/symbol=TECHM/part-094216_167548-048350.parquet,real_data_sample\l2_unseen_validation\trade_date=2026-07-17\exchange=NSE\symbol=TECHM\part-094216_167548-048350.parquet,35746,downloaded,35746,
2026-07-17,NSE,TECHM,raw_l2/trade_date=2026-07-17/exchange=NSE/symbol=TECHM/part-094244_929899-048414.parquet,real_data_sample\l2_unseen_validation\trade_date=2026-07-17\exchange=NSE\symbol=TECHM\part-094244_929899-048414.parquet,36146,downloaded,36146,
2026-07-17,NSE,TECHM,raw_l2/trade_date=2026-07-17/exchange=NSE/symbol=TECHM/part-093716_067203-047678.parquet,real_data_sample\l2_unseen_validation\trade_date=2026-07-17\exchange=NSE\symbol=TECHM\part-093716_067203-047678.parquet,34419,downloaded,34419,
2026-07-17,NSE,TECHM,raw_l2/trade_date=2026-07-17/exchange=NSE/symbol=TECHM/part-094327_485597-048510.parquet,real_data_sample\l2_unseen_validation\trade_date=2026-07-17\exchange=NSE\symbol=TECHM\part-094327_485597-048510.parquet,36411,downloaded,36411,
2026-07-17,NSE,TECHM,raw_l2/trade_date=2026-07-17/exchange=NSE/symbol=TECHM/part-094313_205163-048478.parquet,real_data_sample\l2_unseen_validation\trade_date=2026-07-17\exchange=NSE\symbol=TECHM\part-094313_205163-048478.parquet,35822,downloaded,35822,
2026-07-17,NSE,TECHM,raw_l2/trade_date=2026-07-17/exchange=NSE/symbol=TECHM/part-094341_902306-048542.parquet,real_data_sample\l2_unseen_validation\trade_date=2026-07-17\exchange=NSE\symbol=TECHM\part-094341_902306-048542.parquet,36393,downloaded,36393,
2026-07-17,NSE,TECHM,raw_l2/trade_date=2026-07-17/exchange=NSE/symbol=TECHM/part-094356_354998-048574.parquet,real_data_sample\l2_unseen_validation\trade_date=2026-07-17\exchange=NSE\symbol=TECHM\part-094356_354998-048574.parquet,35874,downloaded,35874,
2026-07-17,NSE,TECHM,raw_l2/trade_date=2026-07-17/exchange=NSE/symbol=TECHM/part-094410_793404-048606.parquet,real_data_sample\l2_unseen_validation\trade_date=2026-07-17\exchange=NSE\symbol=TECHM\part-094410_793404-048606.parquet,35517,downloaded,35517,
2026-07-17,NSE,TECHM,raw_l2/trade_date=2026-07-17/exchange=NSE/symbol=TECHM/part-094744_612593-049086.parquet,real_data_sample\l2_unseen_validation\trade_date=2026-07-17\exchange=NSE\symbol=TECHM\part-094744_612593-049086.parquet,36251,downloaded,36251,
2026-07-17,NSE,TECHM,raw_l2/trade_date=2026-07-17/exchange=NSE/symbol=TECHM/part-094855_948618-049246.parquet,real_data_sample\l2_unseen_validation\trade_date=2026-07-17\exchange=NSE\symbol=TECHM\part-094855_948618-049246.parquet,36628,downloaded,36628,
2026-07-17,NSE,TECHM,raw_l2/trade_date=2026-07-17/exchange=NSE/symbol=TECHM/part-094910_120632-049278.parquet,real_data_sample\l2_unseen_validation\trade_date=2026-07-17\exchange=NSE\symbol=TECHM\part-094910_120632-049278.parquet,36689,downloaded,36689,
2026-07-17,NSE,TECHM,raw_l2/trade_date=2026-07-17/exchange=NSE/symbol=TECHM/part-094758_896797-049118.parquet,real_data_sample\l2_unseen_validation\trade_date=2026-07-17\exchange=NSE\symbol=TECHM\part-094758_896797-049118.parquet,37187,downloaded,37187,
2026-07-17,NSE,TECHM,raw_l2/trade_date=2026-07-17/exchange=NSE/symbol=TECHM/part-094439_360940-048670.parquet,real_data_sample\l2_unseen_validation\trade_date=2026-07-17\exchange=NSE\symbol=TECHM\part-094439_360940-048670.parquet,35738,downloaded,35738,
2026-07-17,NSE,TECHM,raw_l2/trade_date=2026-07-17/exchange=NSE/symbol=TECHM/part-094522_037686-048766.parquet,real_data_sample\l2_unseen_validation\trade_date=2026-07-17\exchange=NSE\symbol=TECHM\part-094522_037686-048766.parquet,36113,downloaded,36113,
2026-07-17,NSE,TECHM,raw_l2/trade_date=2026-07-17/exchange=NSE/symbol=TECHM/part-094715_914834-049022.parquet,real_data_sample\l2_unseen_validation\trade_date=2026-07-17\exchange=NSE\symbol=TECHM\part-094715_914834-049022.parquet,35831,downloaded,35831,
2026-07-17,NSE,TECHM,raw_l2/trade_date=2026-07-17/exchange=NSE/symbol=TECHM/part-094730_155892-049054.parquet,real_data_sample\l2_unseen_validation\trade_date=2026-07-17\exchange=NSE\symbol=TECHM\part-094730_155892-049054.parquet,36399,downloaded,36399,
2026-07-17,NSE,TECHM,raw_l2/trade_date=2026-07-17/exchange=NSE/symbol=TECHM/part-094507_914692-048734.parquet,real_data_sample\l2_unseen_validation\trade_date=2026-07-17\exchange=NSE\symbol=TECHM\part-094507_914692-048734.parquet,36454,downloaded,36454,
2026-07-17,NSE,TECHM,raw_l2/trade_date=2026-07-17/exchange=NSE/symbol=TECHM/part-094827_125034-049182.parquet,real_data_sample\l2_unseen_validation\trade_date=2026-07-17\exchange=NSE\symbol=TECHM\part-094827_125034-049182.parquet,36301,downloaded,36301,
2026-07-17,NSE,TECHM,raw_l2/trade_date=2026-07-17/exchange=NSE/symbol=TECHM/part-094924_474845-049310.parquet,real_data_sample\l2_unseen_validation\trade_date=2026-07-17\exchange=NSE\symbol=TECHM\part-094924_474845-049310.parquet,35998,downloaded,35998,
2026-07-17,NSE,TECHM,raw_l2/trade_date=2026-07-17/exchange=NSE/symbol=TECHM/part-094813_039233-049150.parquet,real_data_sample\l2_unseen_validation\trade_date=2026-07-17\exchange=NSE\symbol=TECHM\part-094813_039233-049150.parquet,36758,downloaded,36758,
2026-07-17,NSE,TECHM,raw_l2/trade_date=2026-07-17/exchange=NSE/symbol=TECHM/part-094647_503957-048958.parquet,real_data_sample\l2_unseen_validation\trade_date=2026-07-17\exchange=NSE\symbol=TECHM\part-094647_503957-048958.parquet,36207,downloaded,36207,
2026-07-17,NSE,TECHM,raw_l2/trade_date=2026-07-17/exchange=NSE/symbol=TECHM/part-094550_555233-048830.parquet,real_data_sample\l2_unseen_validation\trade_date=2026-07-17\exchange=NSE\symbol=TECHM\part-094550_555233-048830.parquet,35947,downloaded,35947,
2026-07-17,NSE,TECHM,raw_l2/trade_date=2026-07-17/exchange=NSE/symbol=TECHM/part-094619_404760-048894.parquet,real_data_sample\l2_unseen_validation\trade_date=2026-07-17\exchange=NSE\symbol=TECHM\part-094619_404760-048894.parquet,36201,downloaded,36201,
2026-07-17,NSE,TECHM,raw_l2/trade_date=2026-07-17/exchange=NSE/symbol=TECHM/part-094938_758511-049342.parquet,real_data_sample\l2_unseen_validation\trade_date=2026-07-17\exchange=NSE\symbol=TECHM\part-094938_758511-049342.parquet,35912,downloaded,35912,
2026-07-17,NSE,TECHM,raw_l2/trade_date=2026-07-17/exchange=NSE/symbol=TECHM/part-094604_944102-048862.parquet,real_data_sample\l2_unseen_validation\trade_date=2026-07-17\exchange=NSE\symbol=TECHM\part-094604_944102-048862.parquet,35754,downloaded,35754,
2026-07-17,NSE,TECHM,raw_l2/trade_date=2026-07-17/exchange=NSE/symbol=TECHM/part-095021_344062-049438.parquet,real_data_sample\l2_unseen_validation\trade_date=2026-07-17\exchange=NSE\symbol=TECHM\part-095021_344062-049438.parquet,35810,downloaded,35810,
2026-07-17,NSE,TECHM,raw_l2/trade_date=2026-07-17/exchange=NSE/symbol=TECHM/part-094536_181918-048798.parquet,real_data_sample\l2_unseen_validation\trade_date=2026-07-17\exchange=NSE\symbol=TECHM\part-094536_181918-048798.parquet,36191,downloaded,36191,
2026-07-17,NSE,TECHM,raw_l2/trade_date=2026-07-17/exchange=NSE/symbol=TECHM/part-094841_437897-049214.parquet,real_data_sample\l2_unseen_validation\trade_date=2026-07-17\exchange=NSE\symbol=TECHM\part-094841_437897-049214.parquet,36710,downloaded,36710,
2026-07-17,NSE,TECHM,raw_l2/trade_date=2026-07-17/exchange=NSE/symbol=TECHM/part-094425_020366-048638.parquet,real_data_sample\l2_unseen_validation\trade_date=2026-07-17\exchange=NSE\symbol=TECHM\part-094425_020366-048638.parquet,36692,downloaded,36692,
2026-07-17,NSE,TECHM,raw_l2/trade_date=2026-07-17/exchange=NSE/symbol=TECHM/part-095007_134543-049406.parquet,real_data_sample\l2_unseen_validation\trade_date=2026-07-17\exchange=NSE\symbol=TECHM\part-095007_134543-049406.parquet,36010,downloaded,36010,
2026-07-17,NSE,TECHM,raw_l2/trade_date=2026-07-17/exchange=NSE/symbol=TECHM/part-094453_631997-048702.parquet,real_data_sample\l2_unseen_validation\trade_date=2026-07-17\exchange=NSE\symbol=TECHM\part-094453_631997-048702.parquet,36142,downloaded,36142,
2026-07-17,NSE,TECHM,raw_l2/trade_date=2026-07-17/exchange=NSE/symbol=TECHM/part-094952_985223-049374.parquet,real_data_sample\l2_unseen_validation\trade_date=2026-07-17\exchange=NSE\symbol=TECHM\part-094952_985223-049374.parquet,35946,downloaded,35946,
2026-07-17,NSE,TECHM,raw_l2/trade_date=2026-07-17/exchange=NSE/symbol=TECHM/part-094701_751852-048990.parquet,real_data_sample\l2_unseen_validation\trade_date=2026-07-17\exchange=NSE\symbol=TECHM\part-094701_751852-048990.parquet,35918,downloaded,35918,
2026-07-17,NSE,TECHM,raw_l2/trade_date=2026-07-17/exchange=NSE/symbol=TECHM/part-094633_523872-048926.parquet,real_data_sample\l2_unseen_validation\trade_date=2026-07-17\exchange=NSE\symbol=TECHM\part-094633_523872-048926.parquet,36158,downloaded,36158,
2026-07-17,NSE,TECHM,raw_l2/trade_date=2026-07-17/exchange=NSE/symbol=TECHM/part-095035_731875-049470.parquet,real_data_sample\l2_unseen_validation\trade_date=2026-07-17\exchange=NSE\symbol=TECHM\part-095035_731875-049470.parquet,35423,downloaded,35423,
2026-07-17,NSE,TECHM,raw_l2/trade_date=2026-07-17/exchange=NSE/symbol=TECHM/part-095049_810514-049502.parquet,real_data_sample\l2_unseen_validation\trade_date=2026-07-17\exchange=NSE\symbol=TECHM\part-095049_810514-049502.parquet,35983,downloaded,35983,
2026-07-17,NSE,TECHM,raw_l2/trade_date=2026-07-17/exchange=NSE/symbol=TECHM/part-095103_836913-049534.parquet,real_data_sample\l2_unseen_validation\trade_date=2026-07-17\exchange=NSE\symbol=TECHM\part-095103_836913-049534.parquet,36200,downloaded,36200,
2026-07-17,NSE,TECHM,raw_l2/trade_date=2026-07-17/exchange=NSE/symbol=TECHM/part-095131_909613-049598.parquet,real_data_sample\l2_unseen_validation\trade_date=2026-07-17\exchange=NSE\symbol=TECHM\part-095131_909613-049598.parquet,36117,downloaded,36117,
2026-07-17,NSE,TECHM,raw_l2/trade_date=2026-07-17/exchange=NSE/symbol=TECHM/part-095146_033280-049630.parquet,real_data_sample\l2_unseen_validation\trade_date=2026-07-17\exchange=NSE\symbol=TECHM\part-095146_033280-049630.parquet,35755,downloaded,35755,
2026-07-17,NSE,TECHM,raw_l2/trade_date=2026-07-17/exchange=NSE/symbol=TECHM/part-095200_094928-049662.parquet,real_data_sample\l2_unseen_validation\trade_date=2026-07-17\exchange=NSE\symbol=TECHM\part-095200_094928-049662.parquet,35590,downloaded,35590,
2026-07-17,NSE,TECHM,raw_l2/trade_date=2026-07-17/exchange=NSE/symbol=TECHM/part-095118_039543-049566.parquet,real_data_sample\l2_unseen_validation\trade_date=2026-07-17\exchange=NSE\symbol=TECHM\part-095118_039543-049566.parquet,36559,downloaded,36559,
2026-07-17,NSE,TECHM,raw_l2/trade_date=2026-07-17/exchange=NSE/symbol=TECHM/part-095242_591667-049758.parquet,real_data_sample\l2_unseen_validation\trade_date=2026-07-17\exchange=NSE\symbol=TECHM\part-095242_591667-049758.parquet,35441,downloaded,35441,
2026-07-17,NSE,TECHM,raw_l2/trade_date=2026-07-17/exchange=NSE/symbol=TECHM/part-095548_392814-050174.parquet,real_data_sample\l2_unseen_validation\trade_date=2026-07-17\exchange=NSE\symbol=TECHM\part-095548_392814-050174.parquet,36108,downloaded,36108,
2026-07-17,NSE,TECHM,raw_l2/trade_date=2026-07-17/exchange=NSE/symbol=TECHM/part-095228_573231-049726.parquet,real_data_sample\l2_unseen_validation\trade_date=2026-07-17\exchange=NSE\symbol=TECHM\part-095228_573231-049726.parquet,35330,downloaded,35330,
2026-07-17,NSE,TECHM,raw_l2/trade_date=2026-07-17/exchange=NSE/symbol=TECHM/part-095646_123791-050302.parquet,real_data_sample\l2_unseen_validation\trade_date=2026-07-17\exchange=NSE\symbol=TECHM\part-095646_123791-050302.parquet,36512,downloaded,36512,
2026-07-17,NSE,TECHM,raw_l2/trade_date=2026-07-17/exchange=NSE/symbol=TECHM/part-095214_550434-049694.parquet,real_data_sample\l2_unseen_validation\trade_date=2026-07-17\exchange=NSE\symbol=TECHM\part-095214_550434-049694.parquet,35578,downloaded,35578,
2026-07-17,NSE,TECHM,raw_l2/trade_date=2026-07-17/exchange=NSE/symbol=TECHM/part-095436_626214-050014.parquet,real_data_sample\l2_unseen_validation\trade_date=2026-07-17\exchange=NSE\symbol=TECHM\part-095436_626214-050014.parquet,35745,downloaded,35745,
2026-07-17,NSE,TECHM,raw_l2/trade_date=2026-07-17/exchange=NSE/symbol=TECHM/part-095519_181136-050110.parquet,real_data_sample\l2_unseen_validation\trade_date=2026-07-17\exchange=NSE\symbol=TECHM\part-095519_181136-050110.parquet,35625,downloaded,35625,
2026-07-17,NSE,TECHM,raw_l2/trade_date=2026-07-17/exchange=NSE/symbol=TECHM/part-095730_084531-050398.parquet,real_data_sample\l2_unseen_validation\trade_date=2026-07-17\exchange=NSE\symbol=TECHM\part-095730_084531-050398.parquet,35523,downloaded,35523,
2026-07-17,NSE,TECHM,raw_l2/trade_date=2026-07-17/exchange=NSE/symbol=TECHM/part-095408_356635-049950.parquet,real_data_sample\l2_unseen_validation\trade_date=2026-07-17\exchange=NSE\symbol=TECHM\part-095408_356635-049950.parquet,34379,downloaded,34379,
2026-07-17,NSE,TECHM,raw_l2/trade_date=2026-07-17/exchange=NSE/symbol=TECHM/part-095715_697931-050366.parquet,real_data_sample\l2_unseen_validation\trade_date=2026-07-17\exchange=NSE\symbol=TECHM\part-095715_697931-050366.parquet,35866,downloaded,35866,
2026-07-17,NSE,TECHM,raw_l2/trade_date=2026-07-17/exchange=NSE/symbol=TECHM/part-095422_600356-049982.parquet,real_data_sample\l2_unseen_validation\trade_date=2026-07-17\exchange=NSE\symbol=TECHM\part-095422_600356-049982.parquet,35758,downloaded,35758,
2026-07-17,NSE,TECHM,raw_l2/trade_date=2026-07-17/exchange=NSE/symbol=TECHM/part-095324_948697-049854.parquet,real_data_sample\l2_unseen_validation\trade_date=2026-07-17\exchange=NSE\symbol=TECHM\part-095324_948697-049854.parquet,34601,downloaded,34601,
2026-07-17,NSE,TECHM,raw_l2/trade_date=2026-07-17/exchange=NSE/symbol=TECHM/part-095310_720515-049822.parquet,real_data_sample\l2_unseen_validation\trade_date=2026-07-17\exchange=NSE\symbol=TECHM\part-095310_720515-049822.parquet,35301,downloaded,35301,
2026-07-17,NSE,TECHM,raw_l2/trade_date=2026-07-17/exchange=NSE/symbol=TECHM/part-095505_081954-050078.parquet,real_data_sample\l2_unseen_validation\trade_date=2026-07-17\exchange=NSE\symbol=TECHM\part-095505_081954-050078.parquet,36048,downloaded,36048,
2026-07-17,NSE,TECHM,raw_l2/trade_date=2026-07-17/exchange=NSE/symbol=TECHM/part-095744_479270-050430.parquet,real_data_sample\l2_unseen_validation\trade_date=2026-07-17\exchange=NSE\symbol=TECHM\part-095744_479270-050430.parquet,35753,downloaded,35753,
2026-07-17,NSE,TECHM,raw_l2/trade_date=2026-07-17/exchange=NSE/symbol=TECHM/part-095256_575411-049790.parquet,real_data_sample\l2_unseen_validation\trade_date=2026-07-17\exchange=NSE\symbol=TECHM\part-095256_575411-049790.parquet,35526,downloaded,35526,
2026-07-17,NSE,TECHM,raw_l2/trade_date=2026-07-17/exchange=NSE/symbol=TECHM/part-095758_728546-050462.parquet,real_data_sample\l2_unseen_validation\trade_date=2026-07-17\exchange=NSE\symbol=TECHM\part-095758_728546-050462.parquet,35496,downloaded,35496,
2026-07-17,NSE,TECHM,raw_l2/trade_date=2026-07-17/exchange=NSE/symbol=TECHM/part-095631_705457-050270.parquet,real_data_sample\l2_unseen_validation\trade_date=2026-07-17\exchange=NSE\symbol=TECHM\part-095631_705457-050270.parquet,36484,downloaded,36484,
2026-07-17,NSE,TECHM,raw_l2/trade_date=2026-07-17/exchange=NSE/symbol=TECHM/part-095617_260789-050238.parquet,real_data_sample\l2_unseen_validation\trade_date=2026-07-17\exchange=NSE\symbol=TECHM\part-095617_260789-050238.parquet,36326,downloaded,36326,
2026-07-17,NSE,TECHM,raw_l2/trade_date=2026-07-17/exchange=NSE/symbol=TECHM/part-095842_100620-050558.parquet,real_data_sample\l2_unseen_validation\trade_date=2026-07-17\exchange=NSE\symbol=TECHM\part-095842_100620-050558.parquet,35848,downloaded,35848,
2026-07-17,NSE,TECHM,raw_l2/trade_date=2026-07-17/exchange=NSE/symbol=TECHM/part-095925_594400-050654.parquet,real_data_sample\l2_unseen_validation\trade_date=2026-07-17\exchange=NSE\symbol=TECHM\part-095925_594400-050654.parquet,36480,downloaded,36480,
2026-07-17,NSE,TECHM,raw_l2/trade_date=2026-07-17/exchange=NSE/symbol=TECHM/part-095856_664286-050590.parquet,real_data_sample\l2_unseen_validation\trade_date=2026-07-17\exchange=NSE\symbol=TECHM\part-095856_664286-050590.parquet,36284,downloaded,36284,
2026-07-17,NSE,TECHM,raw_l2/trade_date=2026-07-17/exchange=NSE/symbol=TECHM/part-095911_101007-050622.parquet,real_data_sample\l2_unseen_validation\trade_date=2026-07-17\exchange=NSE\symbol=TECHM\part-095911_101007-050622.parquet,35949,downloaded,35949,
2026-07-17,NSE,TECHM,raw_l2/trade_date=2026-07-17/exchange=NSE/symbol=TECHM/part-095827_276560-050526.parquet,real_data_sample\l2_unseen_validation\trade_date=2026-07-17\exchange=NSE\symbol=TECHM\part-095827_276560-050526.parquet,35928,downloaded,35928,
2026-07-17,NSE,TECHM,raw_l2/trade_date=2026-07-17/exchange=NSE/symbol=TECHM/part-095812_840408-050494.parquet,real_data_sample\l2_unseen_validation\trade_date=2026-07-17\exchange=NSE\symbol=TECHM\part-095812_840408-050494.parquet,35376,downloaded,35376,
2026-07-17,NSE,TECHM,raw_l2/trade_date=2026-07-17/exchange=NSE/symbol=TECHM/part-095940_136528-050686.parquet,real_data_sample\l2_unseen_validation\trade_date=2026-07-17\exchange=NSE\symbol=TECHM\part-095940_136528-050686.parquet,35952,downloaded,35952,
2026-07-17,NSE,TECHM,raw_l2/trade_date=2026-07-17/exchange=NSE/symbol=TECHM/part-095954_409702-050718.parquet,real_data_sample\l2_unseen_validation\trade_date=2026-07-17\exchange=NSE\symbol=TECHM\part-095954_409702-050718.parquet,36016,downloaded,36016,
2026-07-17,NSE,TECHM,raw_l2/trade_date=2026-07-17/exchange=NSE/symbol=TECHM/part-100008_710869-050750.parquet,real_data_sample\l2_unseen_validation\trade_date=2026-07-17\exchange=NSE\symbol=TECHM\part-100008_710869-050750.parquet,35146,downloaded,35146,
2026-07-17,NSE,ULTRACEMCO,raw_l2/trade_date=2026-07-17/exchange=NSE/symbol=ULTRACEMCO/part-034656_963083-000287.parquet,real_data_sample\l2_unseen_validation\trade_date=2026-07-17\exchange=NSE\symbol=ULTRACEMCO\part-034656_963083-000287.parquet,34720,downloaded,34720,
2026-07-17,NSE,TECHM,raw_l2/trade_date=2026-07-17/exchange=NSE/symbol=TECHM/part-100114_499478-050763.parquet,real_data_sample\l2_unseen_validation\trade_date=2026-07-17\exchange=NSE\symbol=TECHM\part-100114_499478-050763.parquet,34058,downloaded,34058,
2026-07-17,NSE,ULTRACEMCO,raw_l2/trade_date=2026-07-17/exchange=NSE/symbol=ULTRACEMCO/part-034739_039530-000383.parquet,real_data_sample\l2_unseen_validation\trade_date=2026-07-17\exchange=NSE\symbol=ULTRACEMCO\part-034739_039530-000383.parquet,34158,downloaded,34158,
2026-07-17,NSE,ULTRACEMCO,raw_l2/trade_date=2026-07-17/exchange=NSE/symbol=ULTRACEMCO/part-034643_167641-000255.parquet,real_data_sample\l2_unseen_validation\trade_date=2026-07-17\exchange=NSE\symbol=ULTRACEMCO\part-034643_167641-000255.parquet,34495,downloaded,34495,
2026-07-17,NSE,ULTRACEMCO,raw_l2/trade_date=2026-07-17/exchange=NSE/symbol=ULTRACEMCO/part-034518_625042-000063.parquet,real_data_sample\l2_unseen_validation\trade_date=2026-07-17\exchange=NSE\symbol=ULTRACEMCO\part-034518_625042-000063.parquet,35058,downloaded,35058,
2026-07-17,NSE,ULTRACEMCO,raw_l2/trade_date=2026-07-17/exchange=NSE/symbol=ULTRACEMCO/part-034546_758907-000127.parquet,real_data_sample\l2_unseen_validation\trade_date=2026-07-17\exchange=NSE\symbol=ULTRACEMCO\part-034546_758907-000127.parquet,35904,downloaded,35904,
2026-07-17,NSE,ULTRACEMCO,raw_l2/trade_date=2026-07-17/exchange=NSE/symbol=ULTRACEMCO/part-034628_770696-000223.parquet,real_data_sample\l2_unseen_validation\trade_date=2026-07-17\exchange=NSE\symbol=ULTRACEMCO\part-034628_770696-000223.parquet,34475,downloaded,34475,
2026-07-17,NSE,ULTRACEMCO,raw_l2/trade_date=2026-07-17/exchange=NSE/symbol=ULTRACEMCO/part-034600_880058-000159.parquet,real_data_sample\l2_unseen_validation\trade_date=2026-07-17\exchange=NSE\symbol=ULTRACEMCO\part-034600_880058-000159.parquet,35693,downloaded,35693,
2026-07-17,NSE,ULTRACEMCO,raw_l2/trade_date=2026-07-17/exchange=NSE/symbol=ULTRACEMCO/part-034532_412182-000095.parquet,real_data_sample\l2_unseen_validation\trade_date=2026-07-17\exchange=NSE\symbol=ULTRACEMCO\part-034532_412182-000095.parquet,36079,downloaded,36079,
2026-07-17,NSE,ULTRACEMCO,raw_l2/trade_date=2026-07-17/exchange=NSE/symbol=ULTRACEMCO/part-034724_827802-000351.parquet,real_data_sample\l2_unseen_validation\trade_date=2026-07-17\exchange=NSE\symbol=ULTRACEMCO\part-034724_827802-000351.parquet,34500,downloaded,34500,
2026-07-17,NSE,ULTRACEMCO,raw_l2/trade_date=2026-07-17/exchange=NSE/symbol=ULTRACEMCO/part-034710_814066-000319.parquet,real_data_sample\l2_unseen_validation\trade_date=2026-07-17\exchange=NSE\symbol=ULTRACEMCO\part-034710_814066-000319.parquet,34108,downloaded,34108,
2026-07-17,NSE,ULTRACEMCO,raw_l2/trade_date=2026-07-17/exchange=NSE/symbol=ULTRACEMCO/part-034614_844793-000191.parquet,real_data_sample\l2_unseen_validation\trade_date=2026-07-17\exchange=NSE\symbol=ULTRACEMCO\part-034614_844793-000191.parquet,35554,downloaded,35554,
2026-07-17,NSE,ULTRACEMCO,raw_l2/trade_date=2026-07-17/exchange=NSE/symbol=ULTRACEMCO/part-034504_666299-000031.parquet,real_data_sample\l2_unseen_validation\trade_date=2026-07-17\exchange=NSE\symbol=ULTRACEMCO\part-034504_666299-000031.parquet,34112,downloaded,34112,
2026-07-17,NSE,ULTRACEMCO,raw_l2/trade_date=2026-07-17/exchange=NSE/symbol=ULTRACEMCO/part-034752_965566-000415.parquet,real_data_sample\l2_unseen_validation\trade_date=2026-07-17\exchange=NSE\symbol=ULTRACEMCO\part-034752_965566-000415.parquet,34484,downloaded,34484,
2026-07-17,NSE,ULTRACEMCO,raw_l2/trade_date=2026-07-17/exchange=NSE/symbol=ULTRACEMCO/part-034807_400894-000447.parquet,real_data_sample\l2_unseen_validation\trade_date=2026-07-17\exchange=NSE\symbol=ULTRACEMCO\part-034807_400894-000447.parquet,34447,downloaded,34447,
2026-07-17,NSE,ULTRACEMCO,raw_l2/trade_date=2026-07-17/exchange=NSE/symbol=ULTRACEMCO/part-034916_555612-000607.parquet,real_data_sample\l2_unseen_validation\trade_date=2026-07-17\exchange=NSE\symbol=ULTRACEMCO\part-034916_555612-000607.parquet,34872,downloaded,34872,
2026-07-17,NSE,ULTRACEMCO,raw_l2/trade_date=2026-07-17/exchange=NSE/symbol=ULTRACEMCO/part-034958_665317-000703.parquet,real_data_sample\l2_unseen_validation\trade_date=2026-07-17\exchange=NSE\symbol=ULTRACEMCO\part-034958_665317-000703.parquet,35768,downloaded,35768,
2026-07-17,NSE,ULTRACEMCO,raw_l2/trade_date=2026-07-17/exchange=NSE/symbol=ULTRACEMCO/part-034902_537515-000575.parquet,real_data_sample\l2_unseen_validation\trade_date=2026-07-17\exchange=NSE\symbol=ULTRACEMCO\part-034902_537515-000575.parquet,34498,downloaded,34498,
2026-07-17,NSE,ULTRACEMCO,raw_l2/trade_date=2026-07-17/exchange=NSE/symbol=ULTRACEMCO/part-034834_955358-000511.parquet,real_data_sample\l2_unseen_validation\trade_date=2026-07-17\exchange=NSE\symbol=ULTRACEMCO\part-034834_955358-000511.parquet,34490,downloaded,34490,
2026-07-17,NSE,ULTRACEMCO,raw_l2/trade_date=2026-07-17/exchange=NSE/symbol=ULTRACEMCO/part-034848_685937-000543.parquet,real_data_sample\l2_unseen_validation\trade_date=2026-07-17\exchange=NSE\symbol=ULTRACEMCO\part-034848_685937-000543.parquet,34447,downloaded,34447,
2026-07-17,NSE,ULTRACEMCO,raw_l2/trade_date=2026-07-17/exchange=NSE/symbol=ULTRACEMCO/part-034930_669777-000639.parquet,real_data_sample\l2_unseen_validation\trade_date=2026-07-17\exchange=NSE\symbol=ULTRACEMCO\part-034930_669777-000639.parquet,35995,downloaded,35995,
2026-07-17,NSE,ULTRACEMCO,raw_l2/trade_date=2026-07-17/exchange=NSE/symbol=ULTRACEMCO/part-034944_559239-000671.parquet,real_data_sample\l2_unseen_validation\trade_date=2026-07-17\exchange=NSE\symbol=ULTRACEMCO\part-034944_559239-000671.parquet,35915,downloaded,35915,
2026-07-17,NSE,ULTRACEMCO,raw_l2/trade_date=2026-07-17/exchange=NSE/symbol=ULTRACEMCO/part-034821_097221-000479.parquet,real_data_sample\l2_unseen_validation\trade_date=2026-07-17\exchange=NSE\symbol=ULTRACEMCO\part-034821_097221-000479.parquet,34460,downloaded,34460,
2026-07-17,NSE,ULTRACEMCO,raw_l2/trade_date=2026-07-17/exchange=NSE/symbol=ULTRACEMCO/part-035012_545487-000735.parquet,real_data_sample\l2_unseen_validation\trade_date=2026-07-17\exchange=NSE\symbol=ULTRACEMCO\part-035012_545487-000735.parquet,35850,downloaded,35850,
2026-07-17,NSE,ULTRACEMCO,raw_l2/trade_date=2026-07-17/exchange=NSE/symbol=ULTRACEMCO/part-035026_448091-000767.parquet,real_data_sample\l2_unseen_validation\trade_date=2026-07-17\exchange=NSE\symbol=ULTRACEMCO\part-035026_448091-000767.parquet,35296,downloaded,35296,
2026-07-17,NSE,ULTRACEMCO,raw_l2/trade_date=2026-07-17/exchange=NSE/symbol=ULTRACEMCO/part-035244_746214-001087.parquet,real_data_sample\l2_unseen_validation\trade_date=2026-07-17\exchange=NSE\symbol=ULTRACEMCO\part-035244_746214-001087.parquet,34436,downloaded,34436,
2026-07-17,NSE,ULTRACEMCO,raw_l2/trade_date=2026-07-17/exchange=NSE/symbol=ULTRACEMCO/part-035216_884692-001023.parquet,real_data_sample\l2_unseen_validation\trade_date=2026-07-17\exchange=NSE\symbol=ULTRACEMCO\part-035216_884692-001023.parquet,34484,downloaded,34484,
2026-07-17,NSE,ULTRACEMCO,raw_l2/trade_date=2026-07-17/exchange=NSE/symbol=ULTRACEMCO/part-035230_799297-001055.parquet,real_data_sample\l2_unseen_validation\trade_date=2026-07-17\exchange=NSE\symbol=ULTRACEMCO\part-035230_799297-001055.parquet,34464,downloaded,34464,
2026-07-17,NSE,ULTRACEMCO,raw_l2/trade_date=2026-07-17/exchange=NSE/symbol=ULTRACEMCO/part-035040_205838-000799.parquet,real_data_sample\l2_unseen_validation\trade_date=2026-07-17\exchange=NSE\symbol=ULTRACEMCO\part-035040_205838-000799.parquet,35623,downloaded,35623,
2026-07-17,NSE,TECHM,raw_l2/trade_date=2026-07-17/exchange=NSE/symbol=TECHM/part-093149_536595-046942.parquet,real_data_sample\l2_unseen_validation\trade_date=2026-07-17\exchange=NSE\symbol=TECHM\part-093149_536595-046942.parquet,35640,downloaded,35640,
2026-07-17,NSE,ULTRACEMCO,raw_l2/trade_date=2026-07-17/exchange=NSE/symbol=ULTRACEMCO/part-035326_477829-001183.parquet,real_data_sample\l2_unseen_validation\trade_date=2026-07-17\exchange=NSE\symbol=ULTRACEMCO\part-035326_477829-001183.parquet,35536,downloaded,35536,
2026-07-17,NSE,ULTRACEMCO,raw_l2/trade_date=2026-07-17/exchange=NSE/symbol=ULTRACEMCO/part-035053_918688-000831.parquet,real_data_sample\l2_unseen_validation\trade_date=2026-07-17\exchange=NSE\symbol=ULTRACEMCO\part-035053_918688-000831.parquet,35635,downloaded,35635,
2026-07-17,NSE,ULTRACEMCO,raw_l2/trade_date=2026-07-17/exchange=NSE/symbol=ULTRACEMCO/part-035107_604840-000863.parquet,real_data_sample\l2_unseen_validation\trade_date=2026-07-17\exchange=NSE\symbol=ULTRACEMCO\part-035107_604840-000863.parquet,35584,downloaded,35584,
2026-07-17,NSE,ULTRACEMCO,raw_l2/trade_date=2026-07-17/exchange=NSE/symbol=ULTRACEMCO/part-035258_900569-001119.parquet,real_data_sample\l2_unseen_validation\trade_date=2026-07-17\exchange=NSE\symbol=ULTRACEMCO\part-035258_900569-001119.parquet,34155,downloaded,34155,
2026-07-17,NSE,ULTRACEMCO,raw_l2/trade_date=2026-07-17/exchange=NSE/symbol=ULTRACEMCO/part-035312_647543-001151.parquet,real_data_sample\l2_unseen_validation\trade_date=2026-07-17\exchange=NSE\symbol=ULTRACEMCO\part-035312_647543-001151.parquet,34468,downloaded,34468,
2026-07-17,NSE,ULTRACEMCO,raw_l2/trade_date=2026-07-17/exchange=NSE/symbol=ULTRACEMCO/part-035340_339351-001215.parquet,real_data_sample\l2_unseen_validation\trade_date=2026-07-17\exchange=NSE\symbol=ULTRACEMCO\part-035340_339351-001215.parquet,35693,downloaded,35693,
2026-07-17,NSE,ULTRACEMCO,raw_l2/trade_date=2026-07-17/exchange=NSE/symbol=ULTRACEMCO/part-035354_305232-001247.parquet,real_data_sample\l2_unseen_validation\trade_date=2026-07-17\exchange=NSE\symbol=ULTRACEMCO\part-035354_305232-001247.parquet,35718,downloaded,35718,
2026-07-17,NSE,ULTRACEMCO,raw_l2/trade_date=2026-07-17/exchange=NSE/symbol=ULTRACEMCO/part-035421_808294-001311.parquet,real_data_sample\l2_unseen_validation\trade_date=2026-07-17\exchange=NSE\symbol=ULTRACEMCO\part-035421_808294-001311.parquet,35765,downloaded,35765,
2026-07-17,NSE,ULTRACEMCO,raw_l2/trade_date=2026-07-17/exchange=NSE/symbol=ULTRACEMCO/part-035408_140383-001279.parquet,real_data_sample\l2_unseen_validation\trade_date=2026-07-17\exchange=NSE\symbol=ULTRACEMCO\part-035408_140383-001279.parquet,35887,downloaded,35887,
2026-07-17,NSE,ULTRACEMCO,raw_l2/trade_date=2026-07-17/exchange=NSE/symbol=ULTRACEMCO/part-035121_461856-000895.parquet,real_data_sample\l2_unseen_validation\trade_date=2026-07-17\exchange=NSE\symbol=ULTRACEMCO\part-035121_461856-000895.parquet,35224,downloaded,35224,
2026-07-17,NSE,ULTRACEMCO,raw_l2/trade_date=2026-07-17/exchange=NSE/symbol=ULTRACEMCO/part-035149_032129-000959.parquet,real_data_sample\l2_unseen_validation\trade_date=2026-07-17\exchange=NSE\symbol=ULTRACEMCO\part-035149_032129-000959.parquet,34556,downloaded,34556,
2026-07-17,NSE,ULTRACEMCO,raw_l2/trade_date=2026-07-17/exchange=NSE/symbol=ULTRACEMCO/part-035135_161701-000927.parquet,real_data_sample\l2_unseen_validation\trade_date=2026-07-17\exchange=NSE\symbol=ULTRACEMCO\part-035135_161701-000927.parquet,34461,downloaded,34461,
2026-07-17,NSE,ULTRACEMCO,raw_l2/trade_date=2026-07-17/exchange=NSE/symbol=ULTRACEMCO/part-035203_062922-000991.parquet,real_data_sample\l2_unseen_validation\trade_date=2026-07-17\exchange=NSE\symbol=ULTRACEMCO\part-035203_062922-000991.parquet,34371,downloaded,34371,
2026-07-17,NSE,ULTRACEMCO,raw_l2/trade_date=2026-07-17/exchange=NSE/symbol=ULTRACEMCO/part-035449_594329-001375.parquet,real_data_sample\l2_unseen_validation\trade_date=2026-07-17\exchange=NSE\symbol=ULTRACEMCO\part-035449_594329-001375.parquet,35569,downloaded,35569,
2026-07-17,NSE,ULTRACEMCO,raw_l2/trade_date=2026-07-17/exchange=NSE/symbol=ULTRACEMCO/part-035503_744167-001407.parquet,real_data_sample\l2_unseen_validation\trade_date=2026-07-17\exchange=NSE\symbol=ULTRACEMCO\part-035503_744167-001407.parquet,35690,downloaded,35690,
2026-07-17,NSE,ULTRACEMCO,raw_l2/trade_date=2026-07-17/exchange=NSE/symbol=ULTRACEMCO/part-035545_727394-001503.parquet,real_data_sample\l2_unseen_validation\trade_date=2026-07-17\exchange=NSE\symbol=ULTRACEMCO\part-035545_727394-001503.parquet,35838,downloaded,35838,
2026-07-17,NSE,ULTRACEMCO,raw_l2/trade_date=2026-07-17/exchange=NSE/symbol=ULTRACEMCO/part-035435_762072-001343.parquet,real_data_sample\l2_unseen_validation\trade_date=2026-07-17\exchange=NSE\symbol=ULTRACEMCO\part-035435_762072-001343.parquet,35779,downloaded,35779,
2026-07-17,NSE,ULTRACEMCO,raw_l2/trade_date=2026-07-17/exchange=NSE/symbol=ULTRACEMCO/part-035531_849027-001471.parquet,real_data_sample\l2_unseen_validation\trade_date=2026-07-17\exchange=NSE\symbol=ULTRACEMCO\part-035531_849027-001471.parquet,35622,downloaded,35622,
2026-07-17,NSE,ULTRACEMCO,raw_l2/trade_date=2026-07-17/exchange=NSE/symbol=ULTRACEMCO/part-035559_607264-001535.parquet,real_data_sample\l2_unseen_validation\trade_date=2026-07-17\exchange=NSE\symbol=ULTRACEMCO\part-035559_607264-001535.parquet,35446,downloaded,35446,
2026-07-17,NSE,ULTRACEMCO,raw_l2/trade_date=2026-07-17/exchange=NSE/symbol=ULTRACEMCO/part-035517_756573-001439.parquet,real_data_sample\l2_unseen_validation\trade_date=2026-07-17\exchange=NSE\symbol=ULTRACEMCO\part-035517_756573-001439.parquet,35460,downloaded,35460,
2026-07-17,NSE,ULTRACEMCO,raw_l2/trade_date=2026-07-17/exchange=NSE/symbol=ULTRACEMCO/part-035613_509121-001567.parquet,real_data_sample\l2_unseen_validation\trade_date=2026-07-17\exchange=NSE\symbol=ULTRACEMCO\part-035613_509121-001567.parquet,35209,downloaded,35209,
2026-07-17,NSE,ULTRACEMCO,raw_l2/trade_date=2026-07-17/exchange=NSE/symbol=ULTRACEMCO/part-035709_389068-001695.parquet,real_data_sample\l2_unseen_validation\trade_date=2026-07-17\exchange=NSE\symbol=ULTRACEMCO\part-035709_389068-001695.parquet,35717,downloaded,35717,
2026-07-17,NSE,ULTRACEMCO,raw_l2/trade_date=2026-07-17/exchange=NSE/symbol=ULTRACEMCO/part-035641_585754-001631.parquet,real_data_sample\l2_unseen_validation\trade_date=2026-07-17\exchange=NSE\symbol=ULTRACEMCO\part-035641_585754-001631.parquet,35753,downloaded,35753,
2026-07-17,NSE,ULTRACEMCO,raw_l2/trade_date=2026-07-17/exchange=NSE/symbol=ULTRACEMCO/part-035627_652301-001599.parquet,real_data_sample\l2_unseen_validation\trade_date=2026-07-17\exchange=NSE\symbol=ULTRACEMCO\part-035627_652301-001599.parquet,35773,downloaded,35773,
2026-07-17,NSE,ULTRACEMCO,raw_l2/trade_date=2026-07-17/exchange=NSE/symbol=ULTRACEMCO/part-035723_447058-001727.parquet,real_data_sample\l2_unseen_validation\trade_date=2026-07-17\exchange=NSE\symbol=ULTRACEMCO\part-035723_447058-001727.parquet,35273,downloaded,35273,
2026-07-17,NSE,ULTRACEMCO,raw_l2/trade_date=2026-07-17/exchange=NSE/symbol=ULTRACEMCO/part-035655_470808-001663.parquet,real_data_sample\l2_unseen_validation\trade_date=2026-07-17\exchange=NSE\symbol=ULTRACEMCO\part-035655_470808-001663.parquet,35930,downloaded,35930,
2026-07-17,NSE,ULTRACEMCO,raw_l2/trade_date=2026-07-17/exchange=NSE/symbol=ULTRACEMCO/part-035751_755198-001791.parquet,real_data_sample\l2_unseen_validation\trade_date=2026-07-17\exchange=NSE\symbol=ULTRACEMCO\part-035751_755198-001791.parquet,35099,downloaded,35099,
2026-07-17,NSE,ULTRACEMCO,raw_l2/trade_date=2026-07-17/exchange=NSE/symbol=ULTRACEMCO/part-035737_473145-001759.parquet,real_data_sample\l2_unseen_validation\trade_date=2026-07-17\exchange=NSE\symbol=ULTRACEMCO\part-035737_473145-001759.parquet,35204,downloaded,35204,
2026-07-17,NSE,ULTRACEMCO,raw_l2/trade_date=2026-07-17/exchange=NSE/symbol=ULTRACEMCO/part-035820_412840-001855.parquet,real_data_sample\l2_unseen_validation\trade_date=2026-07-17\exchange=NSE\symbol=ULTRACEMCO\part-035820_412840-001855.parquet,34990,downloaded,34990,
2026-07-17,NSE,ULTRACEMCO,raw_l2/trade_date=2026-07-17/exchange=NSE/symbol=ULTRACEMCO/part-035806_198279-001823.parquet,real_data_sample\l2_unseen_validation\trade_date=2026-07-17\exchange=NSE\symbol=ULTRACEMCO\part-035806_198279-001823.parquet,35384,downloaded,35384,
2026-07-17,NSE,ULTRACEMCO,raw_l2/trade_date=2026-07-17/exchange=NSE/symbol=ULTRACEMCO/part-035834_405548-001887.parquet,real_data_sample\l2_unseen_validation\trade_date=2026-07-17\exchange=NSE\symbol=ULTRACEMCO\part-035834_405548-001887.parquet,34465,downloaded,34465,
2026-07-17,NSE,ULTRACEMCO,raw_l2/trade_date=2026-07-17/exchange=NSE/symbol=ULTRACEMCO/part-035848_348123-001919.parquet,real_data_sample\l2_unseen_validation\trade_date=2026-07-17\exchange=NSE\symbol=ULTRACEMCO\part-035848_348123-001919.parquet,34424,downloaded,34424,
2026-07-17,NSE,ULTRACEMCO,raw_l2/trade_date=2026-07-17/exchange=NSE/symbol=ULTRACEMCO/part-035902_425979-001951.parquet,real_data_sample\l2_unseen_validation\trade_date=2026-07-17\exchange=NSE\symbol=ULTRACEMCO\part-035902_425979-001951.parquet,34425,downloaded,34425,
2026-07-17,NSE,ULTRACEMCO,raw_l2/trade_date=2026-07-17/exchange=NSE/symbol=ULTRACEMCO/part-040121_826084-002271.parquet,real_data_sample\l2_unseen_validation\trade_date=2026-07-17\exchange=NSE\symbol=ULTRACEMCO\part-040121_826084-002271.parquet,34442,downloaded,34442,
2026-07-17,NSE,ULTRACEMCO,raw_l2/trade_date=2026-07-17/exchange=NSE/symbol=ULTRACEMCO/part-040149_578027-002335.parquet,real_data_sample\l2_unseen_validation\trade_date=2026-07-17\exchange=NSE\symbol=ULTRACEMCO\part-040149_578027-002335.parquet,34342,downloaded,34342,
2026-07-17,NSE,ULTRACEMCO,raw_l2/trade_date=2026-07-17/exchange=NSE/symbol=ULTRACEMCO/part-040040_348786-002175.parquet,real_data_sample\l2_unseen_validation\trade_date=2026-07-17\exchange=NSE\symbol=ULTRACEMCO\part-040040_348786-002175.parquet,34560,downloaded,34560,
2026-07-17,NSE,ULTRACEMCO,raw_l2/trade_date=2026-07-17/exchange=NSE/symbol=ULTRACEMCO/part-040054_045890-002207.parquet,real_data_sample\l2_unseen_validation\trade_date=2026-07-17\exchange=NSE\symbol=ULTRACEMCO\part-040054_045890-002207.parquet,34415,downloaded,34415,
2026-07-17,NSE,ULTRACEMCO,raw_l2/trade_date=2026-07-17/exchange=NSE/symbol=ULTRACEMCO/part-035944_399689-002047.parquet,real_data_sample\l2_unseen_validation\trade_date=2026-07-17\exchange=NSE\symbol=ULTRACEMCO\part-035944_399689-002047.parquet,34511,downloaded,34511,
2026-07-17,NSE,ULTRACEMCO,raw_l2/trade_date=2026-07-17/exchange=NSE/symbol=ULTRACEMCO/part-040217_448887-002399.parquet,real_data_sample\l2_unseen_validation\trade_date=2026-07-17\exchange=NSE\symbol=ULTRACEMCO\part-040217_448887-002399.parquet,34499,downloaded,34499,
2026-07-17,NSE,ULTRACEMCO,raw_l2/trade_date=2026-07-17/exchange=NSE/symbol=ULTRACEMCO/part-035930_323744-002015.parquet,real_data_sample\l2_unseen_validation\trade_date=2026-07-17\exchange=NSE\symbol=ULTRACEMCO\part-035930_323744-002015.parquet,34508,downloaded,34508,
2026-07-17,NSE,ULTRACEMCO,raw_l2/trade_date=2026-07-17/exchange=NSE/symbol=ULTRACEMCO/part-040012_548782-002111.parquet,real_data_sample\l2_unseen_validation\trade_date=2026-07-17\exchange=NSE\symbol=ULTRACEMCO\part-040012_548782-002111.parquet,34442,downloaded,34442,
2026-07-17,NSE,ULTRACEMCO,raw_l2/trade_date=2026-07-17/exchange=NSE/symbol=ULTRACEMCO/part-035916_389495-001983.parquet,real_data_sample\l2_unseen_validation\trade_date=2026-07-17\exchange=NSE\symbol=ULTRACEMCO\part-035916_389495-001983.parquet,34693,downloaded,34693,
2026-07-17,NSE,ULTRACEMCO,raw_l2/trade_date=2026-07-17/exchange=NSE/symbol=ULTRACEMCO/part-040231_563495-002431.parquet,real_data_sample\l2_unseen_validation\trade_date=2026-07-17\exchange=NSE\symbol=ULTRACEMCO\part-040231_563495-002431.parquet,34467,downloaded,34467,
2026-07-17,NSE,ULTRACEMCO,raw_l2/trade_date=2026-07-17/exchange=NSE/symbol=ULTRACEMCO/part-035958_452259-002079.parquet,real_data_sample\l2_unseen_validation\trade_date=2026-07-17\exchange=NSE\symbol=ULTRACEMCO\part-035958_452259-002079.parquet,34469,downloaded,34469,
2026-07-17,NSE,ULTRACEMCO,raw_l2/trade_date=2026-07-17/exchange=NSE/symbol=ULTRACEMCO/part-040135_659058-002303.parquet,real_data_sample\l2_unseen_validation\trade_date=2026-07-17\exchange=NSE\symbol=ULTRACEMCO\part-040135_659058-002303.parquet,34427,downloaded,34427,
2026-07-17,NSE,ULTRACEMCO,raw_l2/trade_date=2026-07-17/exchange=NSE/symbol=ULTRACEMCO/part-040107_990596-002239.parquet,real_data_sample\l2_unseen_validation\trade_date=2026-07-17\exchange=NSE\symbol=ULTRACEMCO\part-040107_990596-002239.parquet,34181,downloaded,34181,
2026-07-17,NSE,ULTRACEMCO,raw_l2/trade_date=2026-07-17/exchange=NSE/symbol=ULTRACEMCO/part-040026_512273-002143.parquet,real_data_sample\l2_unseen_validation\trade_date=2026-07-17\exchange=NSE\symbol=ULTRACEMCO\part-040026_512273-002143.parquet,34455,downloaded,34455,
2026-07-17,NSE,ULTRACEMCO,raw_l2/trade_date=2026-07-17/exchange=NSE/symbol=ULTRACEMCO/part-040314_648334-002527.parquet,real_data_sample\l2_unseen_validation\trade_date=2026-07-17\exchange=NSE\symbol=ULTRACEMCO\part-040314_648334-002527.parquet,34352,downloaded,34352,
2026-07-17,NSE,ULTRACEMCO,raw_l2/trade_date=2026-07-17/exchange=NSE/symbol=ULTRACEMCO/part-040245_804300-002463.parquet,real_data_sample\l2_unseen_validation\trade_date=2026-07-17\exchange=NSE\symbol=ULTRACEMCO\part-040245_804300-002463.parquet,34487,downloaded,34487,
2026-07-17,NSE,ULTRACEMCO,raw_l2/trade_date=2026-07-17/exchange=NSE/symbol=ULTRACEMCO/part-040300_554633-002495.parquet,real_data_sample\l2_unseen_validation\trade_date=2026-07-17\exchange=NSE\symbol=ULTRACEMCO\part-040300_554633-002495.parquet,34748,downloaded,34748,
2026-07-17,NSE,ULTRACEMCO,raw_l2/trade_date=2026-07-17/exchange=NSE/symbol=ULTRACEMCO/part-040203_530663-002367.parquet,real_data_sample\l2_unseen_validation\trade_date=2026-07-17\exchange=NSE\symbol=ULTRACEMCO\part-040203_530663-002367.parquet,34439,downloaded,34439,
2026-07-17,NSE,ULTRACEMCO,raw_l2/trade_date=2026-07-17/exchange=NSE/symbol=ULTRACEMCO/part-040328_816424-002559.parquet,real_data_sample\l2_unseen_validation\trade_date=2026-07-17\exchange=NSE\symbol=ULTRACEMCO\part-040328_816424-002559.parquet,34453,downloaded,34453,
2026-07-17,NSE,ULTRACEMCO,raw_l2/trade_date=2026-07-17/exchange=NSE/symbol=ULTRACEMCO/part-040342_954741-002591.parquet,real_data_sample\l2_unseen_validation\trade_date=2026-07-17\exchange=NSE\symbol=ULTRACEMCO\part-040342_954741-002591.parquet,34303,downloaded,34303,
2026-07-17,NSE,ULTRACEMCO,raw_l2/trade_date=2026-07-17/exchange=NSE/symbol=ULTRACEMCO/part-040357_090267-002623.parquet,real_data_sample\l2_unseen_validation\trade_date=2026-07-17\exchange=NSE\symbol=ULTRACEMCO\part-040357_090267-002623.parquet,34442,downloaded,34442,
2026-07-17,NSE,ULTRACEMCO,raw_l2/trade_date=2026-07-17/exchange=NSE/symbol=ULTRACEMCO/part-040411_133495-002655.parquet,real_data_sample\l2_unseen_validation\trade_date=2026-07-17\exchange=NSE\symbol=ULTRACEMCO\part-040411_133495-002655.parquet,34389,downloaded,34389,
2026-07-17,NSE,ULTRACEMCO,raw_l2/trade_date=2026-07-17/exchange=NSE/symbol=ULTRACEMCO/part-040425_152352-002687.parquet,real_data_sample\l2_unseen_validation\trade_date=2026-07-17\exchange=NSE\symbol=ULTRACEMCO\part-040425_152352-002687.parquet,34502,downloaded,34502,
2026-07-17,NSE,ULTRACEMCO,raw_l2/trade_date=2026-07-17/exchange=NSE/symbol=ULTRACEMCO/part-040453_001807-002751.parquet,real_data_sample\l2_unseen_validation\trade_date=2026-07-17\exchange=NSE\symbol=ULTRACEMCO\part-040453_001807-002751.parquet,34526,downloaded,34526,
2026-07-17,NSE,ULTRACEMCO,raw_l2/trade_date=2026-07-17/exchange=NSE/symbol=ULTRACEMCO/part-040439_036000-002719.parquet,real_data_sample\l2_unseen_validation\trade_date=2026-07-17\exchange=NSE\symbol=ULTRACEMCO\part-040439_036000-002719.parquet,34433,downloaded,34433,
2026-07-17,NSE,ULTRACEMCO,raw_l2/trade_date=2026-07-17/exchange=NSE/symbol=ULTRACEMCO/part-040507_280196-002783.parquet,real_data_sample\l2_unseen_validation\trade_date=2026-07-17\exchange=NSE\symbol=ULTRACEMCO\part-040507_280196-002783.parquet,34478,downloaded,34478,
2026-07-17,NSE,ULTRACEMCO,raw_l2/trade_date=2026-07-17/exchange=NSE/symbol=ULTRACEMCO/part-040521_518647-002815.parquet,real_data_sample\l2_unseen_validation\trade_date=2026-07-17\exchange=NSE\symbol=ULTRACEMCO\part-040521_518647-002815.parquet,34358,downloaded,34358,
2026-07-17,NSE,ULTRACEMCO,raw_l2/trade_date=2026-07-17/exchange=NSE/symbol=ULTRACEMCO/part-040852_604070-003295.parquet,real_data_sample\l2_unseen_validation\trade_date=2026-07-17\exchange=NSE\symbol=ULTRACEMCO\part-040852_604070-003295.parquet,34388,downloaded,34388,
2026-07-17,NSE,ULTRACEMCO,raw_l2/trade_date=2026-07-17/exchange=NSE/symbol=ULTRACEMCO/part-040617_490839-002943.parquet,real_data_sample\l2_unseen_validation\trade_date=2026-07-17\exchange=NSE\symbol=ULTRACEMCO\part-040617_490839-002943.parquet,34427,downloaded,34427,
2026-07-17,NSE,ULTRACEMCO,raw_l2/trade_date=2026-07-17/exchange=NSE/symbol=ULTRACEMCO/part-040535_532902-002847.parquet,real_data_sample\l2_unseen_validation\trade_date=2026-07-17\exchange=NSE\symbol=ULTRACEMCO\part-040535_532902-002847.parquet,34575,downloaded,34575,
2026-07-17,NSE,ULTRACEMCO,raw_l2/trade_date=2026-07-17/exchange=NSE/symbol=ULTRACEMCO/part-040906_695089-003327.parquet,real_data_sample\l2_unseen_validation\trade_date=2026-07-17\exchange=NSE\symbol=ULTRACEMCO\part-040906_695089-003327.parquet,34663,downloaded,34663,
2026-07-17,NSE,ULTRACEMCO,raw_l2/trade_date=2026-07-17/exchange=NSE/symbol=ULTRACEMCO/part-040713_305288-003071.parquet,real_data_sample\l2_unseen_validation\trade_date=2026-07-17\exchange=NSE\symbol=ULTRACEMCO\part-040713_305288-003071.parquet,34492,downloaded,34492,
2026-07-17,NSE,ULTRACEMCO,raw_l2/trade_date=2026-07-17/exchange=NSE/symbol=ULTRACEMCO/part-040549_479851-002879.parquet,real_data_sample\l2_unseen_validation\trade_date=2026-07-17\exchange=NSE\symbol=ULTRACEMCO\part-040549_479851-002879.parquet,34463,downloaded,34463,
2026-07-17,NSE,ULTRACEMCO,raw_l2/trade_date=2026-07-17/exchange=NSE/symbol=ULTRACEMCO/part-040603_612391-002911.parquet,real_data_sample\l2_unseen_validation\trade_date=2026-07-17\exchange=NSE\symbol=ULTRACEMCO\part-040603_612391-002911.parquet,34681,downloaded,34681,
2026-07-17,NSE,ULTRACEMCO,raw_l2/trade_date=2026-07-17/exchange=NSE/symbol=ULTRACEMCO/part-040935_308363-003391.parquet,real_data_sample\l2_unseen_validation\trade_date=2026-07-17\exchange=NSE\symbol=ULTRACEMCO\part-040935_308363-003391.parquet,34746,downloaded,34746,
2026-07-17,NSE,ULTRACEMCO,raw_l2/trade_date=2026-07-17/exchange=NSE/symbol=ULTRACEMCO/part-040645_391838-003007.parquet,real_data_sample\l2_unseen_validation\trade_date=2026-07-17\exchange=NSE\symbol=ULTRACEMCO\part-040645_391838-003007.parquet,34471,downloaded,34471,
2026-07-17,NSE,ULTRACEMCO,raw_l2/trade_date=2026-07-17/exchange=NSE/symbol=ULTRACEMCO/part-040631_472465-002975.parquet,real_data_sample\l2_unseen_validation\trade_date=2026-07-17\exchange=NSE\symbol=ULTRACEMCO\part-040631_472465-002975.parquet,34518,downloaded,34518,
2026-07-17,NSE,ULTRACEMCO,raw_l2/trade_date=2026-07-17/exchange=NSE/symbol=ULTRACEMCO/part-040824_082863-003231.parquet,real_data_sample\l2_unseen_validation\trade_date=2026-07-17\exchange=NSE\symbol=ULTRACEMCO\part-040824_082863-003231.parquet,34692,downloaded,34692,
2026-07-17,NSE,ULTRACEMCO,raw_l2/trade_date=2026-07-17/exchange=NSE/symbol=ULTRACEMCO/part-040659_215928-003039.parquet,real_data_sample\l2_unseen_validation\trade_date=2026-07-17\exchange=NSE\symbol=ULTRACEMCO\part-040659_215928-003039.parquet,34389,downloaded,34389,
2026-07-17,NSE,ULTRACEMCO,raw_l2/trade_date=2026-07-17/exchange=NSE/symbol=ULTRACEMCO/part-040838_139516-003263.parquet,real_data_sample\l2_unseen_validation\trade_date=2026-07-17\exchange=NSE\symbol=ULTRACEMCO\part-040838_139516-003263.parquet,34582,downloaded,34582,
2026-07-17,NSE,ULTRACEMCO,raw_l2/trade_date=2026-07-17/exchange=NSE/symbol=ULTRACEMCO/part-040920_771234-003359.parquet,real_data_sample\l2_unseen_validation\trade_date=2026-07-17\exchange=NSE\symbol=ULTRACEMCO\part-040920_771234-003359.parquet,34718,downloaded,34718,
2026-07-17,NSE,ULTRACEMCO,raw_l2/trade_date=2026-07-17/exchange=NSE/symbol=ULTRACEMCO/part-040727_261773-003103.parquet,real_data_sample\l2_unseen_validation\trade_date=2026-07-17\exchange=NSE\symbol=ULTRACEMCO\part-040727_261773-003103.parquet,35651,downloaded,35651,
2026-07-17,NSE,ULTRACEMCO,raw_l2/trade_date=2026-07-17/exchange=NSE/symbol=ULTRACEMCO/part-040741_475548-003135.parquet,real_data_sample\l2_unseen_validation\trade_date=2026-07-17\exchange=NSE\symbol=ULTRACEMCO\part-040741_475548-003135.parquet,35079,downloaded,35079,
2026-07-17,NSE,ULTRACEMCO,raw_l2/trade_date=2026-07-17/exchange=NSE/symbol=ULTRACEMCO/part-040755_536850-003167.parquet,real_data_sample\l2_unseen_validation\trade_date=2026-07-17\exchange=NSE\symbol=ULTRACEMCO\part-040755_536850-003167.parquet,35013,downloaded,35013,
2026-07-17,NSE,ULTRACEMCO,raw_l2/trade_date=2026-07-17/exchange=NSE/symbol=ULTRACEMCO/part-040809_636429-003199.parquet,real_data_sample\l2_unseen_validation\trade_date=2026-07-17\exchange=NSE\symbol=ULTRACEMCO\part-040809_636429-003199.parquet,35344,downloaded,35344,
2026-07-17,NSE,ULTRACEMCO,raw_l2/trade_date=2026-07-17/exchange=NSE/symbol=ULTRACEMCO/part-041003_661961-003455.parquet,real_data_sample\l2_unseen_validation\trade_date=2026-07-17\exchange=NSE\symbol=ULTRACEMCO\part-041003_661961-003455.parquet,34463,downloaded,34463,
2026-07-17,NSE,ULTRACEMCO,raw_l2/trade_date=2026-07-17/exchange=NSE/symbol=ULTRACEMCO/part-041046_194858-003551.parquet,real_data_sample\l2_unseen_validation\trade_date=2026-07-17\exchange=NSE\symbol=ULTRACEMCO\part-041046_194858-003551.parquet,34790,downloaded,34790,
2026-07-17,NSE,ULTRACEMCO,raw_l2/trade_date=2026-07-17/exchange=NSE/symbol=ULTRACEMCO/part-040949_640783-003423.parquet,real_data_sample\l2_unseen_validation\trade_date=2026-07-17\exchange=NSE\symbol=ULTRACEMCO\part-040949_640783-003423.parquet,34449,downloaded,34449,
2026-07-17,NSE,ULTRACEMCO,raw_l2/trade_date=2026-07-17/exchange=NSE/symbol=ULTRACEMCO/part-041017_541628-003487.parquet,real_data_sample\l2_unseen_validation\trade_date=2026-07-17\exchange=NSE\symbol=ULTRACEMCO\part-041017_541628-003487.parquet,34479,downloaded,34479,
2026-07-17,NSE,ULTRACEMCO,raw_l2/trade_date=2026-07-17/exchange=NSE/symbol=ULTRACEMCO/part-041031_792670-003519.parquet,real_data_sample\l2_unseen_validation\trade_date=2026-07-17\exchange=NSE\symbol=ULTRACEMCO\part-041031_792670-003519.parquet,34426,downloaded,34426,
2026-07-17,NSE,ULTRACEMCO,raw_l2/trade_date=2026-07-17/exchange=NSE/symbol=ULTRACEMCO/part-041114_438834-003615.parquet,real_data_sample\l2_unseen_validation\trade_date=2026-07-17\exchange=NSE\symbol=ULTRACEMCO\part-041114_438834-003615.parquet,34849,downloaded,34849,
2026-07-17,NSE,ULTRACEMCO,raw_l2/trade_date=2026-07-17/exchange=NSE/symbol=ULTRACEMCO/part-041100_283587-003583.parquet,real_data_sample\l2_unseen_validation\trade_date=2026-07-17\exchange=NSE\symbol=ULTRACEMCO\part-041100_283587-003583.parquet,34518,downloaded,34518,
2026-07-17,NSE,ULTRACEMCO,raw_l2/trade_date=2026-07-17/exchange=NSE/symbol=ULTRACEMCO/part-041128_170440-003647.parquet,real_data_sample\l2_unseen_validation\trade_date=2026-07-17\exchange=NSE\symbol=ULTRACEMCO\part-041128_170440-003647.parquet,35413,downloaded,35413,
2026-07-17,NSE,TECHM,raw_l2/trade_date=2026-07-17/exchange=NSE/symbol=TECHM/part-095602_980386-050206.parquet,real_data_sample\l2_unseen_validation\trade_date=2026-07-17\exchange=NSE\symbol=TECHM\part-095602_980386-050206.parquet,36047,downloaded,36047,
2026-07-17,NSE,ULTRACEMCO,raw_l2/trade_date=2026-07-17/exchange=NSE/symbol=ULTRACEMCO/part-041142_227471-003679.parquet,real_data_sample\l2_unseen_validation\trade_date=2026-07-17\exchange=NSE\symbol=ULTRACEMCO\part-041142_227471-003679.parquet,35297,downloaded,35297,
2026-07-17,NSE,ULTRACEMCO,raw_l2/trade_date=2026-07-17/exchange=NSE/symbol=ULTRACEMCO/part-041305_560708-003871.parquet,real_data_sample\l2_unseen_validation\trade_date=2026-07-17\exchange=NSE\symbol=ULTRACEMCO\part-041305_560708-003871.parquet,34711,downloaded,34711,
2026-07-17,NSE,ULTRACEMCO,raw_l2/trade_date=2026-07-17/exchange=NSE/symbol=ULTRACEMCO/part-041251_698585-003839.parquet,real_data_sample\l2_unseen_validation\trade_date=2026-07-17\exchange=NSE\symbol=ULTRACEMCO\part-041251_698585-003839.parquet,34726,downloaded,34726,
2026-07-17,NSE,ULTRACEMCO,raw_l2/trade_date=2026-07-17/exchange=NSE/symbol=ULTRACEMCO/part-041237_973287-003807.parquet,real_data_sample\l2_unseen_validation\trade_date=2026-07-17\exchange=NSE\symbol=ULTRACEMCO\part-041237_973287-003807.parquet,34701,downloaded,34701,
2026-07-17,NSE,ULTRACEMCO,raw_l2/trade_date=2026-07-17/exchange=NSE/symbol=ULTRACEMCO/part-041703_564896-004415.parquet,real_data_sample\l2_unseen_validation\trade_date=2026-07-17\exchange=NSE\symbol=ULTRACEMCO\part-041703_564896-004415.parquet,34507,downloaded,34507,
2026-07-17,NSE,ULTRACEMCO,raw_l2/trade_date=2026-07-17/exchange=NSE/symbol=ULTRACEMCO/part-041210_140781-003743.parquet,real_data_sample\l2_unseen_validation\trade_date=2026-07-17\exchange=NSE\symbol=ULTRACEMCO\part-041210_140781-003743.parquet,35056,downloaded,35056,
2026-07-17,NSE,ULTRACEMCO,raw_l2/trade_date=2026-07-17/exchange=NSE/symbol=ULTRACEMCO/part-041223_969448-003775.parquet,real_data_sample\l2_unseen_validation\trade_date=2026-07-17\exchange=NSE\symbol=ULTRACEMCO\part-041223_969448-003775.parquet,34661,downloaded,34661,
2026-07-17,NSE,ULTRACEMCO,raw_l2/trade_date=2026-07-17/exchange=NSE/symbol=ULTRACEMCO/part-041457_747664-004127.parquet,real_data_sample\l2_unseen_validation\trade_date=2026-07-17\exchange=NSE\symbol=ULTRACEMCO\part-041457_747664-004127.parquet,35347,downloaded,35347,
2026-07-17,NSE,ULTRACEMCO,raw_l2/trade_date=2026-07-17/exchange=NSE/symbol=ULTRACEMCO/part-041511_678418-004159.parquet,real_data_sample\l2_unseen_validation\trade_date=2026-07-17\exchange=NSE\symbol=ULTRACEMCO\part-041511_678418-004159.parquet,35160,downloaded,35160,
2026-07-17,NSE,ULTRACEMCO,raw_l2/trade_date=2026-07-17/exchange=NSE/symbol=ULTRACEMCO/part-041155_990634-003711.parquet,real_data_sample\l2_unseen_validation\trade_date=2026-07-17\exchange=NSE\symbol=ULTRACEMCO\part-041155_990634-003711.parquet,35118,downloaded,35118,
2026-07-17,NSE,ULTRACEMCO,raw_l2/trade_date=2026-07-17/exchange=NSE/symbol=ULTRACEMCO/part-041649_764506-004383.parquet,real_data_sample\l2_unseen_validation\trade_date=2026-07-17\exchange=NSE\symbol=ULTRACEMCO\part-041649_764506-004383.parquet,34485,downloaded,34485,
2026-07-17,NSE,ULTRACEMCO,raw_l2/trade_date=2026-07-17/exchange=NSE/symbol=ULTRACEMCO/part-041429_737087-004063.parquet,real_data_sample\l2_unseen_validation\trade_date=2026-07-17\exchange=NSE\symbol=ULTRACEMCO\part-041429_737087-004063.parquet,35516,downloaded,35516,
2026-07-17,NSE,ULTRACEMCO,raw_l2/trade_date=2026-07-17/exchange=NSE/symbol=ULTRACEMCO/part-041347_590692-003967.parquet,real_data_sample\l2_unseen_validation\trade_date=2026-07-17\exchange=NSE\symbol=ULTRACEMCO\part-041347_590692-003967.parquet,35418,downloaded,35418,
2026-07-17,NSE,ULTRACEMCO,raw_l2/trade_date=2026-07-17/exchange=NSE/symbol=ULTRACEMCO/part-041415_807912-004031.parquet,real_data_sample\l2_unseen_validation\trade_date=2026-07-17\exchange=NSE\symbol=ULTRACEMCO\part-041415_807912-004031.parquet,35708,downloaded,35708,
2026-07-17,NSE,ULTRACEMCO,raw_l2/trade_date=2026-07-17/exchange=NSE/symbol=ULTRACEMCO/part-041319_506047-003903.parquet,real_data_sample\l2_unseen_validation\trade_date=2026-07-17\exchange=NSE\symbol=ULTRACEMCO\part-041319_506047-003903.parquet,35296,downloaded,35296,
2026-07-17,NSE,ULTRACEMCO,raw_l2/trade_date=2026-07-17/exchange=NSE/symbol=ULTRACEMCO/part-041608_388736-004287.parquet,real_data_sample\l2_unseen_validation\trade_date=2026-07-17\exchange=NSE\symbol=ULTRACEMCO\part-041608_388736-004287.parquet,34399,downloaded,34399,
2026-07-17,NSE,ULTRACEMCO,raw_l2/trade_date=2026-07-17/exchange=NSE/symbol=ULTRACEMCO/part-041554_652043-004255.parquet,real_data_sample\l2_unseen_validation\trade_date=2026-07-17\exchange=NSE\symbol=ULTRACEMCO\part-041554_652043-004255.parquet,34504,downloaded,34504,
2026-07-17,NSE,ULTRACEMCO,raw_l2/trade_date=2026-07-17/exchange=NSE/symbol=ULTRACEMCO/part-041333_589214-003935.parquet,real_data_sample\l2_unseen_validation\trade_date=2026-07-17\exchange=NSE\symbol=ULTRACEMCO\part-041333_589214-003935.parquet,35683,downloaded,35683,
2026-07-17,NSE,ULTRACEMCO,raw_l2/trade_date=2026-07-17/exchange=NSE/symbol=ULTRACEMCO/part-041540_083465-004223.parquet,real_data_sample\l2_unseen_validation\trade_date=2026-07-17\exchange=NSE\symbol=ULTRACEMCO\part-041540_083465-004223.parquet,34601,downloaded,34601,
2026-07-17,NSE,ULTRACEMCO,raw_l2/trade_date=2026-07-17/exchange=NSE/symbol=ULTRACEMCO/part-041525_530363-004191.parquet,real_data_sample\l2_unseen_validation\trade_date=2026-07-17\exchange=NSE\symbol=ULTRACEMCO\part-041525_530363-004191.parquet,34569,downloaded,34569,
2026-07-17,NSE,ULTRACEMCO,raw_l2/trade_date=2026-07-17/exchange=NSE/symbol=ULTRACEMCO/part-041717_941053-004447.parquet,real_data_sample\l2_unseen_validation\trade_date=2026-07-17\exchange=NSE\symbol=ULTRACEMCO\part-041717_941053-004447.parquet,34843,downloaded,34843,
2026-07-17,NSE,ULTRACEMCO,raw_l2/trade_date=2026-07-17/exchange=NSE/symbol=ULTRACEMCO/part-041622_205515-004319.parquet,real_data_sample\l2_unseen_validation\trade_date=2026-07-17\exchange=NSE\symbol=ULTRACEMCO\part-041622_205515-004319.parquet,34650,downloaded,34650,
2026-07-17,NSE,ULTRACEMCO,raw_l2/trade_date=2026-07-17/exchange=NSE/symbol=ULTRACEMCO/part-041401_817027-003999.parquet,real_data_sample\l2_unseen_validation\trade_date=2026-07-17\exchange=NSE\symbol=ULTRACEMCO\part-041401_817027-003999.parquet,35638,downloaded,35638,
2026-07-17,NSE,ULTRACEMCO,raw_l2/trade_date=2026-07-17/exchange=NSE/symbol=ULTRACEMCO/part-041635_865551-004351.parquet,real_data_sample\l2_unseen_validation\trade_date=2026-07-17\exchange=NSE\symbol=ULTRACEMCO\part-041635_865551-004351.parquet,34756,downloaded,34756,
2026-07-17,NSE,ULTRACEMCO,raw_l2/trade_date=2026-07-17/exchange=NSE/symbol=ULTRACEMCO/part-041443_809513-004095.parquet,real_data_sample\l2_unseen_validation\trade_date=2026-07-17\exchange=NSE\symbol=ULTRACEMCO\part-041443_809513-004095.parquet,35182,downloaded,35182,
2026-07-17,NSE,TECHM,raw_l2/trade_date=2026-07-17/exchange=NSE/symbol=TECHM/part-095353_923553-049918.parquet,real_data_sample\l2_unseen_validation\trade_date=2026-07-17\exchange=NSE\symbol=TECHM\part-095353_923553-049918.parquet,34592,downloaded,34592,
2026-07-17,NSE,ULTRACEMCO,raw_l2/trade_date=2026-07-17/exchange=NSE/symbol=ULTRACEMCO/part-041731_833232-004479.parquet,real_data_sample\l2_unseen_validation\trade_date=2026-07-17\exchange=NSE\symbol=ULTRACEMCO\part-041731_833232-004479.parquet,35206,downloaded,35206,
2026-07-17,NSE,ULTRACEMCO,raw_l2/trade_date=2026-07-17/exchange=NSE/symbol=ULTRACEMCO/part-041759_484133-004543.parquet,real_data_sample\l2_unseen_validation\trade_date=2026-07-17\exchange=NSE\symbol=ULTRACEMCO\part-041759_484133-004543.parquet,35265,downloaded,35265,
2026-07-17,NSE,TECHM,raw_l2/trade_date=2026-07-17/exchange=NSE/symbol=TECHM/part-095450_959332-050046.parquet,real_data_sample\l2_unseen_validation\trade_date=2026-07-17\exchange=NSE\symbol=TECHM\part-095450_959332-050046.parquet,35951,downloaded,35951,
2026-07-17,NSE,TECHM,raw_l2/trade_date=2026-07-17/exchange=NSE/symbol=TECHM/part-095339_390312-049886.parquet,real_data_sample\l2_unseen_validation\trade_date=2026-07-17\exchange=NSE\symbol=TECHM\part-095339_390312-049886.parquet,34533,downloaded,34533,
2026-07-17,NSE,ULTRACEMCO,raw_l2/trade_date=2026-07-17/exchange=NSE/symbol=ULTRACEMCO/part-041745_668793-004511.parquet,real_data_sample\l2_unseen_validation\trade_date=2026-07-17\exchange=NSE\symbol=ULTRACEMCO\part-041745_668793-004511.parquet,35334,downloaded,35334,
2026-07-17,NSE,TECHM,raw_l2/trade_date=2026-07-17/exchange=NSE/symbol=TECHM/part-095533_659465-050142.parquet,real_data_sample\l2_unseen_validation\trade_date=2026-07-17\exchange=NSE\symbol=TECHM\part-095533_659465-050142.parquet,36315,downloaded,36315,
2026-07-17,NSE,ULTRACEMCO,raw_l2/trade_date=2026-07-17/exchange=NSE/symbol=ULTRACEMCO/part-041813_056966-004575.parquet,real_data_sample\l2_unseen_validation\trade_date=2026-07-17\exchange=NSE\symbol=ULTRACEMCO\part-041813_056966-004575.parquet,35055,downloaded,35055,
2026-07-17,NSE,ULTRACEMCO,raw_l2/trade_date=2026-07-17/exchange=NSE/symbol=ULTRACEMCO/part-041826_838347-004607.parquet,real_data_sample\l2_unseen_validation\trade_date=2026-07-17\exchange=NSE\symbol=ULTRACEMCO\part-041826_838347-004607.parquet,34512,downloaded,34512,
2026-07-17,NSE,ULTRACEMCO,raw_l2/trade_date=2026-07-17/exchange=NSE/symbol=ULTRACEMCO/part-041951_823616-004799.parquet,real_data_sample\l2_unseen_validation\trade_date=2026-07-17\exchange=NSE\symbol=ULTRACEMCO\part-041951_823616-004799.parquet,34697,downloaded,34697,
2026-07-17,NSE,ULTRACEMCO,raw_l2/trade_date=2026-07-17/exchange=NSE/symbol=ULTRACEMCO/part-042005_749551-004831.parquet,real_data_sample\l2_unseen_validation\trade_date=2026-07-17\exchange=NSE\symbol=ULTRACEMCO\part-042005_749551-004831.parquet,34610,downloaded,34610,
2026-07-17,NSE,ULTRACEMCO,raw_l2/trade_date=2026-07-17/exchange=NSE/symbol=ULTRACEMCO/part-041937_780633-004767.parquet,real_data_sample\l2_unseen_validation\trade_date=2026-07-17\exchange=NSE\symbol=ULTRACEMCO\part-041937_780633-004767.parquet,34571,downloaded,34571,
2026-07-17,NSE,ULTRACEMCO,raw_l2/trade_date=2026-07-17/exchange=NSE/symbol=ULTRACEMCO/part-042306_764544-005247.parquet,real_data_sample\l2_unseen_validation\trade_date=2026-07-17\exchange=NSE\symbol=ULTRACEMCO\part-042306_764544-005247.parquet,35454,downloaded,35454,
2026-07-17,NSE,ULTRACEMCO,raw_l2/trade_date=2026-07-17/exchange=NSE/symbol=ULTRACEMCO/part-042402_671282-005375.parquet,real_data_sample\l2_unseen_validation\trade_date=2026-07-17\exchange=NSE\symbol=ULTRACEMCO\part-042402_671282-005375.parquet,35381,downloaded,35381,
2026-07-17,NSE,ULTRACEMCO,raw_l2/trade_date=2026-07-17/exchange=NSE/symbol=ULTRACEMCO/part-042348_827345-005343.parquet,real_data_sample\l2_unseen_validation\trade_date=2026-07-17\exchange=NSE\symbol=ULTRACEMCO\part-042348_827345-005343.parquet,35279,downloaded,35279,
2026-07-17,NSE,ULTRACEMCO,raw_l2/trade_date=2026-07-17/exchange=NSE/symbol=ULTRACEMCO/part-042143_029081-005055.parquet,real_data_sample\l2_unseen_validation\trade_date=2026-07-17\exchange=NSE\symbol=ULTRACEMCO\part-042143_029081-005055.parquet,35581,downloaded,35581,
2026-07-17,NSE,ULTRACEMCO,raw_l2/trade_date=2026-07-17/exchange=NSE/symbol=ULTRACEMCO/part-042129_005796-005023.parquet,real_data_sample\l2_unseen_validation\trade_date=2026-07-17\exchange=NSE\symbol=ULTRACEMCO\part-042129_005796-005023.parquet,35631,downloaded,35631,
2026-07-17,NSE,ULTRACEMCO,raw_l2/trade_date=2026-07-17/exchange=NSE/symbol=ULTRACEMCO/part-042019_666148-004863.parquet,real_data_sample\l2_unseen_validation\trade_date=2026-07-17\exchange=NSE\symbol=ULTRACEMCO\part-042019_666148-004863.parquet,34751,downloaded,34751,
2026-07-17,NSE,ULTRACEMCO,raw_l2/trade_date=2026-07-17/exchange=NSE/symbol=ULTRACEMCO/part-042211_060260-005119.parquet,real_data_sample\l2_unseen_validation\trade_date=2026-07-17\exchange=NSE\symbol=ULTRACEMCO\part-042211_060260-005119.parquet,35709,downloaded,35709,
2026-07-17,NSE,ULTRACEMCO,raw_l2/trade_date=2026-07-17/exchange=NSE/symbol=ULTRACEMCO/part-042033_391486-004895.parquet,real_data_sample\l2_unseen_validation\trade_date=2026-07-17\exchange=NSE\symbol=ULTRACEMCO\part-042033_391486-004895.parquet,34420,downloaded,34420,
2026-07-17,NSE,ULTRACEMCO,raw_l2/trade_date=2026-07-17/exchange=NSE/symbol=ULTRACEMCO/part-042101_147411-004959.parquet,real_data_sample\l2_unseen_validation\trade_date=2026-07-17\exchange=NSE\symbol=ULTRACEMCO\part-042101_147411-004959.parquet,34810,downloaded,34810,
2026-07-17,NSE,ULTRACEMCO,raw_l2/trade_date=2026-07-17/exchange=NSE/symbol=ULTRACEMCO/part-042047_383495-004927.parquet,real_data_sample\l2_unseen_validation\trade_date=2026-07-17\exchange=NSE\symbol=ULTRACEMCO\part-042047_383495-004927.parquet,34454,downloaded,34454,
2026-07-17,NSE,ULTRACEMCO,raw_l2/trade_date=2026-07-17/exchange=NSE/symbol=ULTRACEMCO/part-042114_915352-004991.parquet,real_data_sample\l2_unseen_validation\trade_date=2026-07-17\exchange=NSE\symbol=ULTRACEMCO\part-042114_915352-004991.parquet,34866,downloaded,34866,
2026-07-17,NSE,ULTRACEMCO,raw_l2/trade_date=2026-07-17/exchange=NSE/symbol=ULTRACEMCO/part-041923_720699-004735.parquet,real_data_sample\l2_unseen_validation\trade_date=2026-07-17\exchange=NSE\symbol=ULTRACEMCO\part-041923_720699-004735.parquet,34584,downloaded,34584,
2026-07-17,NSE,ULTRACEMCO,raw_l2/trade_date=2026-07-17/exchange=NSE/symbol=ULTRACEMCO/part-042225_125931-005151.parquet,real_data_sample\l2_unseen_validation\trade_date=2026-07-17\exchange=NSE\symbol=ULTRACEMCO\part-042225_125931-005151.parquet,35698,downloaded,35698,
2026-07-17,NSE,ULTRACEMCO,raw_l2/trade_date=2026-07-17/exchange=NSE/symbol=ULTRACEMCO/part-041855_207319-004671.parquet,real_data_sample\l2_unseen_validation\trade_date=2026-07-17\exchange=NSE\symbol=ULTRACEMCO\part-041855_207319-004671.parquet,34457,downloaded,34457,
2026-07-17,NSE,ULTRACEMCO,raw_l2/trade_date=2026-07-17/exchange=NSE/symbol=ULTRACEMCO/part-042238_960907-005183.parquet,real_data_sample\l2_unseen_validation\trade_date=2026-07-17\exchange=NSE\symbol=ULTRACEMCO\part-042238_960907-005183.parquet,35749,downloaded,35749,
2026-07-17,NSE,ULTRACEMCO,raw_l2/trade_date=2026-07-17/exchange=NSE/symbol=ULTRACEMCO/part-041840_735571-004639.parquet,real_data_sample\l2_unseen_validation\trade_date=2026-07-17\exchange=NSE\symbol=ULTRACEMCO\part-041840_735571-004639.parquet,34463,downloaded,34463,
2026-07-17,NSE,ULTRACEMCO,raw_l2/trade_date=2026-07-17/exchange=NSE/symbol=ULTRACEMCO/part-041909_473815-004703.parquet,real_data_sample\l2_unseen_validation\trade_date=2026-07-17\exchange=NSE\symbol=ULTRACEMCO\part-041909_473815-004703.parquet,34516,downloaded,34516,
2026-07-17,NSE,ULTRACEMCO,raw_l2/trade_date=2026-07-17/exchange=NSE/symbol=ULTRACEMCO/part-042252_724944-005215.parquet,real_data_sample\l2_unseen_validation\trade_date=2026-07-17\exchange=NSE\symbol=ULTRACEMCO\part-042252_724944-005215.parquet,35430,downloaded,35430,
2026-07-17,NSE,ULTRACEMCO,raw_l2/trade_date=2026-07-17/exchange=NSE/symbol=ULTRACEMCO/part-042320_829148-005279.parquet,real_data_sample\l2_unseen_validation\trade_date=2026-07-17\exchange=NSE\symbol=ULTRACEMCO\part-042320_829148-005279.parquet,35672,downloaded,35672,
2026-07-17,NSE,ULTRACEMCO,raw_l2/trade_date=2026-07-17/exchange=NSE/symbol=ULTRACEMCO/part-042416_431344-005407.parquet,real_data_sample\l2_unseen_validation\trade_date=2026-07-17\exchange=NSE\symbol=ULTRACEMCO\part-042416_431344-005407.parquet,35357,downloaded,35357,
2026-07-17,NSE,ULTRACEMCO,raw_l2/trade_date=2026-07-17/exchange=NSE/symbol=ULTRACEMCO/part-042334_760560-005311.parquet,real_data_sample\l2_unseen_validation\trade_date=2026-07-17\exchange=NSE\symbol=ULTRACEMCO\part-042334_760560-005311.parquet,35456,downloaded,35456,
2026-07-17,NSE,TECHM,raw_l2/trade_date=2026-07-17/exchange=NSE/symbol=TECHM/part-095701_102827-050334.parquet,real_data_sample\l2_unseen_validation\trade_date=2026-07-17\exchange=NSE\symbol=TECHM\part-095701_102827-050334.parquet,36541,downloaded,36541,
2026-07-17,NSE,ULTRACEMCO,raw_l2/trade_date=2026-07-17/exchange=NSE/symbol=ULTRACEMCO/part-042526_043793-005567.parquet,real_data_sample\l2_unseen_validation\trade_date=2026-07-17\exchange=NSE\symbol=ULTRACEMCO\part-042526_043793-005567.parquet,35363,downloaded,35363,
2026-07-17,NSE,ULTRACEMCO,raw_l2/trade_date=2026-07-17/exchange=NSE/symbol=ULTRACEMCO/part-042458_097465-005503.parquet,real_data_sample\l2_unseen_validation\trade_date=2026-07-17\exchange=NSE\symbol=ULTRACEMCO\part-042458_097465-005503.parquet,35452,downloaded,35452,
2026-07-17,NSE,ULTRACEMCO,raw_l2/trade_date=2026-07-17/exchange=NSE/symbol=ULTRACEMCO/part-042430_505060-005439.parquet,real_data_sample\l2_unseen_validation\trade_date=2026-07-17\exchange=NSE\symbol=ULTRACEMCO\part-042430_505060-005439.parquet,35893,downloaded,35893,
2026-07-17,NSE,ULTRACEMCO,raw_l2/trade_date=2026-07-17/exchange=NSE/symbol=ULTRACEMCO/part-042444_472083-005471.parquet,real_data_sample\l2_unseen_validation\trade_date=2026-07-17\exchange=NSE\symbol=ULTRACEMCO\part-042444_472083-005471.parquet,35327,downloaded,35327,
2026-07-17,NSE,ULTRACEMCO,raw_l2/trade_date=2026-07-17/exchange=NSE/symbol=ULTRACEMCO/part-042511_935719-005535.parquet,real_data_sample\l2_unseen_validation\trade_date=2026-07-17\exchange=NSE\symbol=ULTRACEMCO\part-042511_935719-005535.parquet,35491,downloaded,35491,
2026-07-17,NSE,ULTRACEMCO,raw_l2/trade_date=2026-07-17/exchange=NSE/symbol=ULTRACEMCO/part-042540_099643-005599.parquet,real_data_sample\l2_unseen_validation\trade_date=2026-07-17\exchange=NSE\symbol=ULTRACEMCO\part-042540_099643-005599.parquet,35671,downloaded,35671,
2026-07-17,NSE,ULTRACEMCO,raw_l2/trade_date=2026-07-17/exchange=NSE/symbol=ULTRACEMCO/part-042553_947656-005631.parquet,real_data_sample\l2_unseen_validation\trade_date=2026-07-17\exchange=NSE\symbol=ULTRACEMCO\part-042553_947656-005631.parquet,35540,downloaded,35540,
2026-07-17,NSE,ULTRACEMCO,raw_l2/trade_date=2026-07-17/exchange=NSE/symbol=ULTRACEMCO/part-042841_747858-006015.parquet,real_data_sample\l2_unseen_validation\trade_date=2026-07-17\exchange=NSE\symbol=ULTRACEMCO\part-042841_747858-006015.parquet,35382,downloaded,35382,
2026-07-17,NSE,ULTRACEMCO,raw_l2/trade_date=2026-07-17/exchange=NSE/symbol=ULTRACEMCO/part-042622_216765-005695.parquet,real_data_sample\l2_unseen_validation\trade_date=2026-07-17\exchange=NSE\symbol=ULTRACEMCO\part-042622_216765-005695.parquet,35700,downloaded,35700,
2026-07-17,NSE,ULTRACEMCO,raw_l2/trade_date=2026-07-17/exchange=NSE/symbol=ULTRACEMCO/part-042909_619722-006079.parquet,real_data_sample\l2_unseen_validation\trade_date=2026-07-17\exchange=NSE\symbol=ULTRACEMCO\part-042909_619722-006079.parquet,34965,downloaded,34965,
2026-07-17,NSE,ULTRACEMCO,raw_l2/trade_date=2026-07-17/exchange=NSE/symbol=ULTRACEMCO/part-042608_210970-005663.parquet,real_data_sample\l2_unseen_validation\trade_date=2026-07-17\exchange=NSE\symbol=ULTRACEMCO\part-042608_210970-005663.parquet,35638,downloaded,35638,
2026-07-17,NSE,ULTRACEMCO,raw_l2/trade_date=2026-07-17/exchange=NSE/symbol=ULTRACEMCO/part-043005_517405-006207.parquet,real_data_sample\l2_unseen_validation\trade_date=2026-07-17\exchange=NSE\symbol=ULTRACEMCO\part-043005_517405-006207.parquet,35164,downloaded,35164,
2026-07-17,NSE,ULTRACEMCO,raw_l2/trade_date=2026-07-17/exchange=NSE/symbol=ULTRACEMCO/part-043019_817685-006239.parquet,real_data_sample\l2_unseen_validation\trade_date=2026-07-17\exchange=NSE\symbol=ULTRACEMCO\part-043019_817685-006239.parquet,35447,downloaded,35447,
2026-07-17,NSE,ULTRACEMCO,raw_l2/trade_date=2026-07-17/exchange=NSE/symbol=ULTRACEMCO/part-042855_715016-006047.parquet,real_data_sample\l2_unseen_validation\trade_date=2026-07-17\exchange=NSE\symbol=ULTRACEMCO\part-042855_715016-006047.parquet,35873,downloaded,35873,
2026-07-17,NSE,ULTRACEMCO,raw_l2/trade_date=2026-07-17/exchange=NSE/symbol=ULTRACEMCO/part-042937_604392-006143.parquet,real_data_sample\l2_unseen_validation\trade_date=2026-07-17\exchange=NSE\symbol=ULTRACEMCO\part-042937_604392-006143.parquet,35584,downloaded,35584,
2026-07-17,NSE,ULTRACEMCO,raw_l2/trade_date=2026-07-17/exchange=NSE/symbol=ULTRACEMCO/part-043033_686375-006271.parquet,real_data_sample\l2_unseen_validation\trade_date=2026-07-17\exchange=NSE\symbol=ULTRACEMCO\part-043033_686375-006271.parquet,35000,downloaded,35000,
2026-07-17,NSE,ULTRACEMCO,raw_l2/trade_date=2026-07-17/exchange=NSE/symbol=ULTRACEMCO/part-042951_518412-006175.parquet,real_data_sample\l2_unseen_validation\trade_date=2026-07-17\exchange=NSE\symbol=ULTRACEMCO\part-042951_518412-006175.parquet,35631,downloaded,35631,
2026-07-17,NSE,ULTRACEMCO,raw_l2/trade_date=2026-07-17/exchange=NSE/symbol=ULTRACEMCO/part-042923_583656-006111.parquet,real_data_sample\l2_unseen_validation\trade_date=2026-07-17\exchange=NSE\symbol=ULTRACEMCO\part-042923_583656-006111.parquet,35300,downloaded,35300,
2026-07-17,NSE,ULTRACEMCO,raw_l2/trade_date=2026-07-17/exchange=NSE/symbol=ULTRACEMCO/part-043115_299054-006367.parquet,real_data_sample\l2_unseen_validation\trade_date=2026-07-17\exchange=NSE\symbol=ULTRACEMCO\part-043115_299054-006367.parquet,35728,downloaded,35728,
2026-07-17,NSE,ULTRACEMCO,raw_l2/trade_date=2026-07-17/exchange=NSE/symbol=ULTRACEMCO/part-042704_327178-005791.parquet,real_data_sample\l2_unseen_validation\trade_date=2026-07-17\exchange=NSE\symbol=ULTRACEMCO\part-042704_327178-005791.parquet,35730,downloaded,35730,
2026-07-17,NSE,ULTRACEMCO,raw_l2/trade_date=2026-07-17/exchange=NSE/symbol=ULTRACEMCO/part-042650_293684-005759.parquet,real_data_sample\l2_unseen_validation\trade_date=2026-07-17\exchange=NSE\symbol=ULTRACEMCO\part-042650_293684-005759.parquet,35606,downloaded,35606,
2026-07-17,NSE,ULTRACEMCO,raw_l2/trade_date=2026-07-17/exchange=NSE/symbol=ULTRACEMCO/part-043101_205801-006335.parquet,real_data_sample\l2_unseen_validation\trade_date=2026-07-17\exchange=NSE\symbol=ULTRACEMCO\part-043101_205801-006335.parquet,35186,downloaded,35186,
2026-07-17,NSE,ULTRACEMCO,raw_l2/trade_date=2026-07-17/exchange=NSE/symbol=ULTRACEMCO/part-042636_350878-005727.parquet,real_data_sample\l2_unseen_validation\trade_date=2026-07-17\exchange=NSE\symbol=ULTRACEMCO\part-042636_350878-005727.parquet,35756,downloaded,35756,
2026-07-17,NSE,ULTRACEMCO,raw_l2/trade_date=2026-07-17/exchange=NSE/symbol=ULTRACEMCO/part-042732_359375-005855.parquet,real_data_sample\l2_unseen_validation\trade_date=2026-07-17\exchange=NSE\symbol=ULTRACEMCO\part-042732_359375-005855.parquet,35686,downloaded,35686,
2026-07-17,NSE,ULTRACEMCO,raw_l2/trade_date=2026-07-17/exchange=NSE/symbol=ULTRACEMCO/part-043047_438887-006303.parquet,real_data_sample\l2_unseen_validation\trade_date=2026-07-17\exchange=NSE\symbol=ULTRACEMCO\part-043047_438887-006303.parquet,35249,downloaded,35249,
2026-07-17,NSE,ULTRACEMCO,raw_l2/trade_date=2026-07-17/exchange=NSE/symbol=ULTRACEMCO/part-042813_803371-005951.parquet,real_data_sample\l2_unseen_validation\trade_date=2026-07-17\exchange=NSE\symbol=ULTRACEMCO\part-042813_803371-005951.parquet,35659,downloaded,35659,
2026-07-17,NSE,ULTRACEMCO,raw_l2/trade_date=2026-07-17/exchange=NSE/symbol=ULTRACEMCO/part-042718_332787-005823.parquet,real_data_sample\l2_unseen_validation\trade_date=2026-07-17\exchange=NSE\symbol=ULTRACEMCO\part-042718_332787-005823.parquet,35733,downloaded,35733,
2026-07-17,NSE,ULTRACEMCO,raw_l2/trade_date=2026-07-17/exchange=NSE/symbol=ULTRACEMCO/part-042827_852938-005983.parquet,real_data_sample\l2_unseen_validation\trade_date=2026-07-17\exchange=NSE\symbol=ULTRACEMCO\part-042827_852938-005983.parquet,35764,downloaded,35764,
2026-07-17,NSE,ULTRACEMCO,raw_l2/trade_date=2026-07-17/exchange=NSE/symbol=ULTRACEMCO/part-042746_109981-005887.parquet,real_data_sample\l2_unseen_validation\trade_date=2026-07-17\exchange=NSE\symbol=ULTRACEMCO\part-042746_109981-005887.parquet,35365,downloaded,35365,
2026-07-17,NSE,ULTRACEMCO,raw_l2/trade_date=2026-07-17/exchange=NSE/symbol=ULTRACEMCO/part-042759_868416-005919.parquet,real_data_sample\l2_unseen_validation\trade_date=2026-07-17\exchange=NSE\symbol=ULTRACEMCO\part-042759_868416-005919.parquet,35566,downloaded,35566,
2026-07-17,NSE,ULTRACEMCO,raw_l2/trade_date=2026-07-17/exchange=NSE/symbol=ULTRACEMCO/part-043129_583797-006399.parquet,real_data_sample\l2_unseen_validation\trade_date=2026-07-17\exchange=NSE\symbol=ULTRACEMCO\part-043129_583797-006399.parquet,35381,downloaded,35381,
2026-07-17,NSE,ULTRACEMCO,raw_l2/trade_date=2026-07-17/exchange=NSE/symbol=ULTRACEMCO/part-043143_684367-006431.parquet,real_data_sample\l2_unseen_validation\trade_date=2026-07-17\exchange=NSE\symbol=ULTRACEMCO\part-043143_684367-006431.parquet,35574,downloaded,35574,
2026-07-17,NSE,ULTRACEMCO,raw_l2/trade_date=2026-07-17/exchange=NSE/symbol=ULTRACEMCO/part-043226_065484-006527.parquet,real_data_sample\l2_unseen_validation\trade_date=2026-07-17\exchange=NSE\symbol=ULTRACEMCO\part-043226_065484-006527.parquet,34688,downloaded,34688,
2026-07-17,NSE,ULTRACEMCO,raw_l2/trade_date=2026-07-17/exchange=NSE/symbol=ULTRACEMCO/part-043211_671202-006495.parquet,real_data_sample\l2_unseen_validation\trade_date=2026-07-17\exchange=NSE\symbol=ULTRACEMCO\part-043211_671202-006495.parquet,35572,downloaded,35572,
2026-07-17,NSE,ULTRACEMCO,raw_l2/trade_date=2026-07-17/exchange=NSE/symbol=ULTRACEMCO/part-043157_461843-006463.parquet,real_data_sample\l2_unseen_validation\trade_date=2026-07-17\exchange=NSE\symbol=ULTRACEMCO\part-043157_461843-006463.parquet,35250,downloaded,35250,
2026-07-17,NSE,ULTRACEMCO,raw_l2/trade_date=2026-07-17/exchange=NSE/symbol=ULTRACEMCO/part-043240_101837-006559.parquet,real_data_sample\l2_unseen_validation\trade_date=2026-07-17\exchange=NSE\symbol=ULTRACEMCO\part-043240_101837-006559.parquet,34661,downloaded,34661,
2026-07-17,NSE,ULTRACEMCO,raw_l2/trade_date=2026-07-17/exchange=NSE/symbol=ULTRACEMCO/part-043418_108764-006783.parquet,real_data_sample\l2_unseen_validation\trade_date=2026-07-17\exchange=NSE\symbol=ULTRACEMCO\part-043418_108764-006783.parquet,35338,downloaded,35338,
2026-07-17,NSE,ULTRACEMCO,raw_l2/trade_date=2026-07-17/exchange=NSE/symbol=ULTRACEMCO/part-043432_084710-006815.parquet,real_data_sample\l2_unseen_validation\trade_date=2026-07-17\exchange=NSE\symbol=ULTRACEMCO\part-043432_084710-006815.parquet,35006,downloaded,35006,
2026-07-17,NSE,ULTRACEMCO,raw_l2/trade_date=2026-07-17/exchange=NSE/symbol=ULTRACEMCO/part-043733_080161-007231.parquet,real_data_sample\l2_unseen_validation\trade_date=2026-07-17\exchange=NSE\symbol=ULTRACEMCO\part-043733_080161-007231.parquet,35509,downloaded,35509,
2026-07-17,NSE,ULTRACEMCO,raw_l2/trade_date=2026-07-17/exchange=NSE/symbol=ULTRACEMCO/part-043623_142708-007071.parquet,real_data_sample\l2_unseen_validation\trade_date=2026-07-17\exchange=NSE\symbol=ULTRACEMCO\part-043623_142708-007071.parquet,34720,downloaded,34720,
2026-07-17,NSE,ULTRACEMCO,raw_l2/trade_date=2026-07-17/exchange=NSE/symbol=ULTRACEMCO/part-043746_938258-007263.parquet,real_data_sample\l2_unseen_validation\trade_date=2026-07-17\exchange=NSE\symbol=ULTRACEMCO\part-043746_938258-007263.parquet,35103,downloaded,35103,
2026-07-17,NSE,ULTRACEMCO,raw_l2/trade_date=2026-07-17/exchange=NSE/symbol=ULTRACEMCO/part-043800_704349-007295.parquet,real_data_sample\l2_unseen_validation\trade_date=2026-07-17\exchange=NSE\symbol=ULTRACEMCO\part-043800_704349-007295.parquet,35279,downloaded,35279,
2026-07-17,NSE,ULTRACEMCO,raw_l2/trade_date=2026-07-17/exchange=NSE/symbol=ULTRACEMCO/part-043651_366298-007135.parquet,real_data_sample\l2_unseen_validation\trade_date=2026-07-17\exchange=NSE\symbol=ULTRACEMCO\part-043651_366298-007135.parquet,34474,downloaded,34474,
2026-07-17,NSE,ULTRACEMCO,raw_l2/trade_date=2026-07-17/exchange=NSE/symbol=ULTRACEMCO/part-043253_903756-006591.parquet,real_data_sample\l2_unseen_validation\trade_date=2026-07-17\exchange=NSE\symbol=ULTRACEMCO\part-043253_903756-006591.parquet,34684,downloaded,34684,
2026-07-17,NSE,ULTRACEMCO,raw_l2/trade_date=2026-07-17/exchange=NSE/symbol=ULTRACEMCO/part-043815_307133-007327.parquet,real_data_sample\l2_unseen_validation\trade_date=2026-07-17\exchange=NSE\symbol=ULTRACEMCO\part-043815_307133-007327.parquet,35207,downloaded,35207,
2026-07-17,NSE,ULTRACEMCO,raw_l2/trade_date=2026-07-17/exchange=NSE/symbol=ULTRACEMCO/part-043719_130189-007199.parquet,real_data_sample\l2_unseen_validation\trade_date=2026-07-17\exchange=NSE\symbol=ULTRACEMCO\part-043719_130189-007199.parquet,35315,downloaded,35315,
2026-07-17,NSE,ULTRACEMCO,raw_l2/trade_date=2026-07-17/exchange=NSE/symbol=ULTRACEMCO/part-043403_995336-006751.parquet,real_data_sample\l2_unseen_validation\trade_date=2026-07-17\exchange=NSE\symbol=ULTRACEMCO\part-043403_995336-006751.parquet,35186,downloaded,35186,
2026-07-17,NSE,ULTRACEMCO,raw_l2/trade_date=2026-07-17/exchange=NSE/symbol=ULTRACEMCO/part-043609_322248-007039.parquet,real_data_sample\l2_unseen_validation\trade_date=2026-07-17\exchange=NSE\symbol=ULTRACEMCO\part-043609_322248-007039.parquet,35133,downloaded,35133,
2026-07-17,NSE,ULTRACEMCO,raw_l2/trade_date=2026-07-17/exchange=NSE/symbol=ULTRACEMCO/part-043829_100550-007359.parquet,real_data_sample\l2_unseen_validation\trade_date=2026-07-17\exchange=NSE\symbol=ULTRACEMCO\part-043829_100550-007359.parquet,34637,downloaded,34637,
2026-07-17,NSE,ULTRACEMCO,raw_l2/trade_date=2026-07-17/exchange=NSE/symbol=ULTRACEMCO/part-043637_190468-007103.parquet,real_data_sample\l2_unseen_validation\trade_date=2026-07-17\exchange=NSE\symbol=ULTRACEMCO\part-043637_190468-007103.parquet,34739,downloaded,34739,
2026-07-17,NSE,ULTRACEMCO,raw_l2/trade_date=2026-07-17/exchange=NSE/symbol=ULTRACEMCO/part-043527_465827-006943.parquet,real_data_sample\l2_unseen_validation\trade_date=2026-07-17\exchange=NSE\symbol=ULTRACEMCO\part-043527_465827-006943.parquet,34752,downloaded,34752,
2026-07-17,NSE,ULTRACEMCO,raw_l2/trade_date=2026-07-17/exchange=NSE/symbol=ULTRACEMCO/part-043541_291885-006975.parquet,real_data_sample\l2_unseen_validation\trade_date=2026-07-17\exchange=NSE\symbol=ULTRACEMCO\part-043541_291885-006975.parquet,34795,downloaded,34795,
2026-07-17,NSE,ULTRACEMCO,raw_l2/trade_date=2026-07-17/exchange=NSE/symbol=ULTRACEMCO/part-043857_311110-007423.parquet,real_data_sample\l2_unseen_validation\trade_date=2026-07-17\exchange=NSE\symbol=ULTRACEMCO\part-043857_311110-007423.parquet,34798,downloaded,34798,
2026-07-17,NSE,ULTRACEMCO,raw_l2/trade_date=2026-07-17/exchange=NSE/symbol=ULTRACEMCO/part-043843_223914-007391.parquet,real_data_sample\l2_unseen_validation\trade_date=2026-07-17\exchange=NSE\symbol=ULTRACEMCO\part-043843_223914-007391.parquet,34563,downloaded,34563,
2026-07-17,NSE,ULTRACEMCO,raw_l2/trade_date=2026-07-17/exchange=NSE/symbol=ULTRACEMCO/part-043555_271536-007007.parquet,real_data_sample\l2_unseen_validation\trade_date=2026-07-17\exchange=NSE\symbol=ULTRACEMCO\part-043555_271536-007007.parquet,35584,downloaded,35584,
2026-07-17,NSE,ULTRACEMCO,raw_l2/trade_date=2026-07-17/exchange=NSE/symbol=ULTRACEMCO/part-043924_728196-007487.parquet,real_data_sample\l2_unseen_validation\trade_date=2026-07-17\exchange=NSE\symbol=ULTRACEMCO\part-043924_728196-007487.parquet,34410,downloaded,34410,
2026-07-17,NSE,ULTRACEMCO,raw_l2/trade_date=2026-07-17/exchange=NSE/symbol=ULTRACEMCO/part-043911_118220-007455.parquet,real_data_sample\l2_unseen_validation\trade_date=2026-07-17\exchange=NSE\symbol=ULTRACEMCO\part-043911_118220-007455.parquet,34704,downloaded,34704,
2026-07-17,NSE,ULTRACEMCO,raw_l2/trade_date=2026-07-17/exchange=NSE/symbol=ULTRACEMCO/part-043938_310580-007519.parquet,real_data_sample\l2_unseen_validation\trade_date=2026-07-17\exchange=NSE\symbol=ULTRACEMCO\part-043938_310580-007519.parquet,34464,downloaded,34464,
2026-07-17,NSE,ULTRACEMCO,raw_l2/trade_date=2026-07-17/exchange=NSE/symbol=ULTRACEMCO/part-043952_129480-007551.parquet,real_data_sample\l2_unseen_validation\trade_date=2026-07-17\exchange=NSE\symbol=ULTRACEMCO\part-043952_129480-007551.parquet,34480,downloaded,34480,
2026-07-17,NSE,ULTRACEMCO,raw_l2/trade_date=2026-07-17/exchange=NSE/symbol=ULTRACEMCO/part-044005_934322-007583.parquet,real_data_sample\l2_unseen_validation\trade_date=2026-07-17\exchange=NSE\symbol=ULTRACEMCO\part-044005_934322-007583.parquet,34713,downloaded,34713,
2026-07-17,NSE,ULTRACEMCO,raw_l2/trade_date=2026-07-17/exchange=NSE/symbol=ULTRACEMCO/part-044033_456027-007647.parquet,real_data_sample\l2_unseen_validation\trade_date=2026-07-17\exchange=NSE\symbol=ULTRACEMCO\part-044033_456027-007647.parquet,35300,downloaded,35300,
2026-07-17,NSE,ULTRACEMCO,raw_l2/trade_date=2026-07-17/exchange=NSE/symbol=ULTRACEMCO/part-044019_689590-007615.parquet,real_data_sample\l2_unseen_validation\trade_date=2026-07-17\exchange=NSE\symbol=ULTRACEMCO\part-044019_689590-007615.parquet,35160,downloaded,35160,
2026-07-17,NSE,ULTRACEMCO,raw_l2/trade_date=2026-07-17/exchange=NSE/symbol=ULTRACEMCO/part-044047_066450-007679.parquet,real_data_sample\l2_unseen_validation\trade_date=2026-07-17\exchange=NSE\symbol=ULTRACEMCO\part-044047_066450-007679.parquet,35243,downloaded,35243,
2026-07-17,NSE,ULTRACEMCO,raw_l2/trade_date=2026-07-17/exchange=NSE/symbol=ULTRACEMCO/part-044142_088539-007807.parquet,real_data_sample\l2_unseen_validation\trade_date=2026-07-17\exchange=NSE\symbol=ULTRACEMCO\part-044142_088539-007807.parquet,35354,downloaded,35354,
2026-07-17,NSE,ULTRACEMCO,raw_l2/trade_date=2026-07-17/exchange=NSE/symbol=ULTRACEMCO/part-044114_592739-007743.parquet,real_data_sample\l2_unseen_validation\trade_date=2026-07-17\exchange=NSE\symbol=ULTRACEMCO\part-044114_592739-007743.parquet,35100,downloaded,35100,
2026-07-17,NSE,ULTRACEMCO,raw_l2/trade_date=2026-07-17/exchange=NSE/symbol=ULTRACEMCO/part-044100_767149-007711.parquet,real_data_sample\l2_unseen_validation\trade_date=2026-07-17\exchange=NSE\symbol=ULTRACEMCO\part-044100_767149-007711.parquet,35132,downloaded,35132,
2026-07-17,NSE,ULTRACEMCO,raw_l2/trade_date=2026-07-17/exchange=NSE/symbol=ULTRACEMCO/part-044128_317924-007775.parquet,real_data_sample\l2_unseen_validation\trade_date=2026-07-17\exchange=NSE\symbol=ULTRACEMCO\part-044128_317924-007775.parquet,35333,downloaded,35333,
2026-07-17,NSE,ULTRACEMCO,raw_l2/trade_date=2026-07-17/exchange=NSE/symbol=ULTRACEMCO/part-044223_433828-007903.parquet,real_data_sample\l2_unseen_validation\trade_date=2026-07-17\exchange=NSE\symbol=ULTRACEMCO\part-044223_433828-007903.parquet,35471,downloaded,35471,
2026-07-17,NSE,ULTRACEMCO,raw_l2/trade_date=2026-07-17/exchange=NSE/symbol=ULTRACEMCO/part-044155_803192-007839.parquet,real_data_sample\l2_unseen_validation\trade_date=2026-07-17\exchange=NSE\symbol=ULTRACEMCO\part-044155_803192-007839.parquet,35022,downloaded,35022,
2026-07-17,NSE,ULTRACEMCO,raw_l2/trade_date=2026-07-17/exchange=NSE/symbol=ULTRACEMCO/part-044237_516792-007935.parquet,real_data_sample\l2_unseen_validation\trade_date=2026-07-17\exchange=NSE\symbol=ULTRACEMCO\part-044237_516792-007935.parquet,34929,downloaded,34929,
2026-07-17,NSE,ULTRACEMCO,raw_l2/trade_date=2026-07-17/exchange=NSE/symbol=ULTRACEMCO/part-044455_879050-008255.parquet,real_data_sample\l2_unseen_validation\trade_date=2026-07-17\exchange=NSE\symbol=ULTRACEMCO\part-044455_879050-008255.parquet,34511,downloaded,34511,
2026-07-17,NSE,ULTRACEMCO,raw_l2/trade_date=2026-07-17/exchange=NSE/symbol=ULTRACEMCO/part-044209_643525-007871.parquet,real_data_sample\l2_unseen_validation\trade_date=2026-07-17\exchange=NSE\symbol=ULTRACEMCO\part-044209_643525-007871.parquet,35111,downloaded,35111,
2026-07-17,NSE,ULTRACEMCO,raw_l2/trade_date=2026-07-17/exchange=NSE/symbol=ULTRACEMCO/part-044414_403064-008159.parquet,real_data_sample\l2_unseen_validation\trade_date=2026-07-17\exchange=NSE\symbol=ULTRACEMCO\part-044414_403064-008159.parquet,34427,downloaded,34427,
2026-07-17,NSE,ULTRACEMCO,raw_l2/trade_date=2026-07-17/exchange=NSE/symbol=ULTRACEMCO/part-044400_682326-008127.parquet,real_data_sample\l2_unseen_validation\trade_date=2026-07-17\exchange=NSE\symbol=ULTRACEMCO\part-044400_682326-008127.parquet,34595,downloaded,34595,
2026-07-17,NSE,ULTRACEMCO,raw_l2/trade_date=2026-07-17/exchange=NSE/symbol=ULTRACEMCO/part-044442_111811-008223.parquet,real_data_sample\l2_unseen_validation\trade_date=2026-07-17\exchange=NSE\symbol=ULTRACEMCO\part-044442_111811-008223.parquet,34477,downloaded,34477,
2026-07-17,NSE,ULTRACEMCO,raw_l2/trade_date=2026-07-17/exchange=NSE/symbol=ULTRACEMCO/part-044346_926802-008095.parquet,real_data_sample\l2_unseen_validation\trade_date=2026-07-17\exchange=NSE\symbol=ULTRACEMCO\part-044346_926802-008095.parquet,34497,downloaded,34497,
2026-07-17,NSE,ULTRACEMCO,raw_l2/trade_date=2026-07-17/exchange=NSE/symbol=ULTRACEMCO/part-044319_173412-008031.parquet,real_data_sample\l2_unseen_validation\trade_date=2026-07-17\exchange=NSE\symbol=ULTRACEMCO\part-044319_173412-008031.parquet,35121,downloaded,35121,
2026-07-17,NSE,ULTRACEMCO,raw_l2/trade_date=2026-07-17/exchange=NSE/symbol=ULTRACEMCO/part-044428_083504-008191.parquet,real_data_sample\l2_unseen_validation\trade_date=2026-07-17\exchange=NSE\symbol=ULTRACEMCO\part-044428_083504-008191.parquet,34465,downloaded,34465,
2026-07-17,NSE,ULTRACEMCO,raw_l2/trade_date=2026-07-17/exchange=NSE/symbol=ULTRACEMCO/part-044251_486913-007967.parquet,real_data_sample\l2_unseen_validation\trade_date=2026-07-17\exchange=NSE\symbol=ULTRACEMCO\part-044251_486913-007967.parquet,35237,downloaded,35237,
2026-07-17,NSE,ULTRACEMCO,raw_l2/trade_date=2026-07-17/exchange=NSE/symbol=ULTRACEMCO/part-044333_147897-008063.parquet,real_data_sample\l2_unseen_validation\trade_date=2026-07-17\exchange=NSE\symbol=ULTRACEMCO\part-044333_147897-008063.parquet,34517,downloaded,34517,
2026-07-17,NSE,ULTRACEMCO,raw_l2/trade_date=2026-07-17/exchange=NSE/symbol=ULTRACEMCO/part-044305_410455-007999.parquet,real_data_sample\l2_unseen_validation\trade_date=2026-07-17\exchange=NSE\symbol=ULTRACEMCO\part-044305_410455-007999.parquet,34891,downloaded,34891,
2026-07-17,NSE,ULTRACEMCO,raw_l2/trade_date=2026-07-17/exchange=NSE/symbol=ULTRACEMCO/part-044509_707745-008287.parquet,real_data_sample\l2_unseen_validation\trade_date=2026-07-17\exchange=NSE\symbol=ULTRACEMCO\part-044509_707745-008287.parquet,34575,downloaded,34575,
2026-07-17,NSE,ULTRACEMCO,raw_l2/trade_date=2026-07-17/exchange=NSE/symbol=ULTRACEMCO/part-042157_034930-005087.parquet,real_data_sample\l2_unseen_validation\trade_date=2026-07-17\exchange=NSE\symbol=ULTRACEMCO\part-042157_034930-005087.parquet,35734,downloaded,35734,
2026-07-17,NSE,ULTRACEMCO,raw_l2/trade_date=2026-07-17/exchange=NSE/symbol=ULTRACEMCO/part-044523_444628-008319.parquet,real_data_sample\l2_unseen_validation\trade_date=2026-07-17\exchange=NSE\symbol=ULTRACEMCO\part-044523_444628-008319.parquet,34562,downloaded,34562,
2026-07-17,NSE,ULTRACEMCO,raw_l2/trade_date=2026-07-17/exchange=NSE/symbol=ULTRACEMCO/part-044537_176621-008351.parquet,real_data_sample\l2_unseen_validation\trade_date=2026-07-17\exchange=NSE\symbol=ULTRACEMCO\part-044537_176621-008351.parquet,34677,downloaded,34677,
2026-07-17,NSE,ULTRACEMCO,raw_l2/trade_date=2026-07-17/exchange=NSE/symbol=ULTRACEMCO/part-044550_921793-008383.parquet,real_data_sample\l2_unseen_validation\trade_date=2026-07-17\exchange=NSE\symbol=ULTRACEMCO\part-044550_921793-008383.parquet,34413,downloaded,34413,
2026-07-17,NSE,ULTRACEMCO,raw_l2/trade_date=2026-07-17/exchange=NSE/symbol=ULTRACEMCO/part-044618_604574-008447.parquet,real_data_sample\l2_unseen_validation\trade_date=2026-07-17\exchange=NSE\symbol=ULTRACEMCO\part-044618_604574-008447.parquet,34489,downloaded,34489,
2026-07-17,NSE,ULTRACEMCO,raw_l2/trade_date=2026-07-17/exchange=NSE/symbol=ULTRACEMCO/part-044646_430743-008511.parquet,real_data_sample\l2_unseen_validation\trade_date=2026-07-17\exchange=NSE\symbol=ULTRACEMCO\part-044646_430743-008511.parquet,34515,downloaded,34515,
2026-07-17,NSE,ULTRACEMCO,raw_l2/trade_date=2026-07-17/exchange=NSE/symbol=ULTRACEMCO/part-044604_851081-008415.parquet,real_data_sample\l2_unseen_validation\trade_date=2026-07-17\exchange=NSE\symbol=ULTRACEMCO\part-044604_851081-008415.parquet,34658,downloaded,34658,
2026-07-17,NSE,ULTRACEMCO,raw_l2/trade_date=2026-07-17/exchange=NSE/symbol=ULTRACEMCO/part-044713_938842-008575.parquet,real_data_sample\l2_unseen_validation\trade_date=2026-07-17\exchange=NSE\symbol=ULTRACEMCO\part-044713_938842-008575.parquet,34638,downloaded,34638,
2026-07-17,NSE,ULTRACEMCO,raw_l2/trade_date=2026-07-17/exchange=NSE/symbol=ULTRACEMCO/part-044700_207347-008543.parquet,real_data_sample\l2_unseen_validation\trade_date=2026-07-17\exchange=NSE\symbol=ULTRACEMCO\part-044700_207347-008543.parquet,34545,downloaded,34545,
2026-07-17,NSE,ULTRACEMCO,raw_l2/trade_date=2026-07-17/exchange=NSE/symbol=ULTRACEMCO/part-044632_381181-008479.parquet,real_data_sample\l2_unseen_validation\trade_date=2026-07-17\exchange=NSE\symbol=ULTRACEMCO\part-044632_381181-008479.parquet,34803,downloaded,34803,
2026-07-17,NSE,ULTRACEMCO,raw_l2/trade_date=2026-07-17/exchange=NSE/symbol=ULTRACEMCO/part-044755_609054-008671.parquet,real_data_sample\l2_unseen_validation\trade_date=2026-07-17\exchange=NSE\symbol=ULTRACEMCO\part-044755_609054-008671.parquet,34925,downloaded,34925,
2026-07-17,NSE,ULTRACEMCO,raw_l2/trade_date=2026-07-17/exchange=NSE/symbol=ULTRACEMCO/part-044741_754943-008639.parquet,real_data_sample\l2_unseen_validation\trade_date=2026-07-17\exchange=NSE\symbol=ULTRACEMCO\part-044741_754943-008639.parquet,34604,downloaded,34604,
2026-07-17,NSE,ULTRACEMCO,raw_l2/trade_date=2026-07-17/exchange=NSE/symbol=ULTRACEMCO/part-044727_654797-008607.parquet,real_data_sample\l2_unseen_validation\trade_date=2026-07-17\exchange=NSE\symbol=ULTRACEMCO\part-044727_654797-008607.parquet,34438,downloaded,34438,
2026-07-17,NSE,ULTRACEMCO,raw_l2/trade_date=2026-07-17/exchange=NSE/symbol=ULTRACEMCO/part-044809_405083-008703.parquet,real_data_sample\l2_unseen_validation\trade_date=2026-07-17\exchange=NSE\symbol=ULTRACEMCO\part-044809_405083-008703.parquet,34758,downloaded,34758,
2026-07-17,NSE,ULTRACEMCO,raw_l2/trade_date=2026-07-17/exchange=NSE/symbol=ULTRACEMCO/part-044837_121927-008767.parquet,real_data_sample\l2_unseen_validation\trade_date=2026-07-17\exchange=NSE\symbol=ULTRACEMCO\part-044837_121927-008767.parquet,35055,downloaded,35055,
2026-07-17,NSE,ULTRACEMCO,raw_l2/trade_date=2026-07-17/exchange=NSE/symbol=ULTRACEMCO/part-045026_959583-009023.parquet,real_data_sample\l2_unseen_validation\trade_date=2026-07-17\exchange=NSE\symbol=ULTRACEMCO\part-045026_959583-009023.parquet,34325,downloaded,34325,
2026-07-17,NSE,ULTRACEMCO,raw_l2/trade_date=2026-07-17/exchange=NSE/symbol=ULTRACEMCO/part-044904_566123-008831.parquet,real_data_sample\l2_unseen_validation\trade_date=2026-07-17\exchange=NSE\symbol=ULTRACEMCO\part-044904_566123-008831.parquet,35336,downloaded,35336,
2026-07-17,NSE,ULTRACEMCO,raw_l2/trade_date=2026-07-17/exchange=NSE/symbol=ULTRACEMCO/part-044918_380381-008863.parquet,real_data_sample\l2_unseen_validation\trade_date=2026-07-17\exchange=NSE\symbol=ULTRACEMCO\part-044918_380381-008863.parquet,34783,downloaded,34783,
2026-07-17,NSE,ULTRACEMCO,raw_l2/trade_date=2026-07-17/exchange=NSE/symbol=ULTRACEMCO/part-044932_070369-008895.parquet,real_data_sample\l2_unseen_validation\trade_date=2026-07-17\exchange=NSE\symbol=ULTRACEMCO\part-044932_070369-008895.parquet,34434,downloaded,34434,
2026-07-17,NSE,ULTRACEMCO,raw_l2/trade_date=2026-07-17/exchange=NSE/symbol=ULTRACEMCO/part-044850_820101-008799.parquet,real_data_sample\l2_unseen_validation\trade_date=2026-07-17\exchange=NSE\symbol=ULTRACEMCO\part-044850_820101-008799.parquet,35368,downloaded,35368,
2026-07-17,NSE,ULTRACEMCO,raw_l2/trade_date=2026-07-17/exchange=NSE/symbol=ULTRACEMCO/part-044823_254648-008735.parquet,real_data_sample\l2_unseen_validation\trade_date=2026-07-17\exchange=NSE\symbol=ULTRACEMCO\part-044823_254648-008735.parquet,35165,downloaded,35165,
2026-07-17,NSE,ULTRACEMCO,raw_l2/trade_date=2026-07-17/exchange=NSE/symbol=ULTRACEMCO/part-044945_900378-008927.parquet,real_data_sample\l2_unseen_validation\trade_date=2026-07-17\exchange=NSE\symbol=ULTRACEMCO\part-044945_900378-008927.parquet,34569,downloaded,34569,
2026-07-17,NSE,ULTRACEMCO,raw_l2/trade_date=2026-07-17/exchange=NSE/symbol=ULTRACEMCO/part-045013_377362-008991.parquet,real_data_sample\l2_unseen_validation\trade_date=2026-07-17\exchange=NSE\symbol=ULTRACEMCO\part-045013_377362-008991.parquet,34688,downloaded,34688,
2026-07-17,NSE,ULTRACEMCO,raw_l2/trade_date=2026-07-17/exchange=NSE/symbol=ULTRACEMCO/part-044959_605083-008959.parquet,real_data_sample\l2_unseen_validation\trade_date=2026-07-17\exchange=NSE\symbol=ULTRACEMCO\part-044959_605083-008959.parquet,34382,downloaded,34382,
2026-07-17,NSE,ULTRACEMCO,raw_l2/trade_date=2026-07-17/exchange=NSE/symbol=ULTRACEMCO/part-045040_632120-009055.parquet,real_data_sample\l2_unseen_validation\trade_date=2026-07-17\exchange=NSE\symbol=ULTRACEMCO\part-045040_632120-009055.parquet,34595,downloaded,34595,
2026-07-17,NSE,ULTRACEMCO,raw_l2/trade_date=2026-07-17/exchange=NSE/symbol=ULTRACEMCO/part-045054_301113-009087.parquet,real_data_sample\l2_unseen_validation\trade_date=2026-07-17\exchange=NSE\symbol=ULTRACEMCO\part-045054_301113-009087.parquet,34440,downloaded,34440,
2026-07-17,NSE,ULTRACEMCO,raw_l2/trade_date=2026-07-17/exchange=NSE/symbol=ULTRACEMCO/part-045108_366537-009119.parquet,real_data_sample\l2_unseen_validation\trade_date=2026-07-17\exchange=NSE\symbol=ULTRACEMCO\part-045108_366537-009119.parquet,34623,downloaded,34623,
2026-07-17,NSE,ULTRACEMCO,raw_l2/trade_date=2026-07-17/exchange=NSE/symbol=ULTRACEMCO/part-045122_445171-009151.parquet,real_data_sample\l2_unseen_validation\trade_date=2026-07-17\exchange=NSE\symbol=ULTRACEMCO\part-045122_445171-009151.parquet,34425,downloaded,34425,
2026-07-17,NSE,ULTRACEMCO,raw_l2/trade_date=2026-07-17/exchange=NSE/symbol=ULTRACEMCO/part-045150_328387-009215.parquet,real_data_sample\l2_unseen_validation\trade_date=2026-07-17\exchange=NSE\symbol=ULTRACEMCO\part-045150_328387-009215.parquet,34581,downloaded,34581,
2026-07-17,NSE,ULTRACEMCO,raw_l2/trade_date=2026-07-17/exchange=NSE/symbol=ULTRACEMCO/part-045355_533852-009503.parquet,real_data_sample\l2_unseen_validation\trade_date=2026-07-17\exchange=NSE\symbol=ULTRACEMCO\part-045355_533852-009503.parquet,34647,downloaded,34647,
2026-07-17,NSE,ULTRACEMCO,raw_l2/trade_date=2026-07-17/exchange=NSE/symbol=ULTRACEMCO/part-045136_342891-009183.parquet,real_data_sample\l2_unseen_validation\trade_date=2026-07-17\exchange=NSE\symbol=ULTRACEMCO\part-045136_342891-009183.parquet,34614,downloaded,34614,
2026-07-17,NSE,ULTRACEMCO,raw_l2/trade_date=2026-07-17/exchange=NSE/symbol=ULTRACEMCO/part-045204_299577-009247.parquet,real_data_sample\l2_unseen_validation\trade_date=2026-07-17\exchange=NSE\symbol=ULTRACEMCO\part-045204_299577-009247.parquet,34431,downloaded,34431,
2026-07-17,NSE,ULTRACEMCO,raw_l2/trade_date=2026-07-17/exchange=NSE/symbol=ULTRACEMCO/part-045409_512066-009535.parquet,real_data_sample\l2_unseen_validation\trade_date=2026-07-17\exchange=NSE\symbol=ULTRACEMCO\part-045409_512066-009535.parquet,34570,downloaded,34570,
2026-07-17,NSE,ULTRACEMCO,raw_l2/trade_date=2026-07-17/exchange=NSE/symbol=ULTRACEMCO/part-045423_580906-009567.parquet,real_data_sample\l2_unseen_validation\trade_date=2026-07-17\exchange=NSE\symbol=ULTRACEMCO\part-045423_580906-009567.parquet,34309,downloaded,34309,
2026-07-17,NSE,ULTRACEMCO,raw_l2/trade_date=2026-07-17/exchange=NSE/symbol=ULTRACEMCO/part-045231_936867-009311.parquet,real_data_sample\l2_unseen_validation\trade_date=2026-07-17\exchange=NSE\symbol=ULTRACEMCO\part-045231_936867-009311.parquet,34653,downloaded,34653,
2026-07-17,NSE,ULTRACEMCO,raw_l2/trade_date=2026-07-17/exchange=NSE/symbol=ULTRACEMCO/part-045259_792668-009375.parquet,real_data_sample\l2_unseen_validation\trade_date=2026-07-17\exchange=NSE\symbol=ULTRACEMCO\part-045259_792668-009375.parquet,34529,downloaded,34529,
2026-07-17,NSE,ULTRACEMCO,raw_l2/trade_date=2026-07-17/exchange=NSE/symbol=ULTRACEMCO/part-045245_752761-009343.parquet,real_data_sample\l2_unseen_validation\trade_date=2026-07-17\exchange=NSE\symbol=ULTRACEMCO\part-045245_752761-009343.parquet,34537,downloaded,34537,
2026-07-17,NSE,ULTRACEMCO,raw_l2/trade_date=2026-07-17/exchange=NSE/symbol=ULTRACEMCO/part-045218_069217-009279.parquet,real_data_sample\l2_unseen_validation\trade_date=2026-07-17\exchange=NSE\symbol=ULTRACEMCO\part-045218_069217-009279.parquet,34577,downloaded,34577,
2026-07-17,NSE,ULTRACEMCO,raw_l2/trade_date=2026-07-17/exchange=NSE/symbol=ULTRACEMCO/part-045451_659913-009631.parquet,real_data_sample\l2_unseen_validation\trade_date=2026-07-17\exchange=NSE\symbol=ULTRACEMCO\part-045451_659913-009631.parquet,34690,downloaded,34690,
2026-07-17,NSE,ULTRACEMCO,raw_l2/trade_date=2026-07-17/exchange=NSE/symbol=ULTRACEMCO/part-045313_858742-009407.parquet,real_data_sample\l2_unseen_validation\trade_date=2026-07-17\exchange=NSE\symbol=ULTRACEMCO\part-045313_858742-009407.parquet,34597,downloaded,34597,
2026-07-17,NSE,ULTRACEMCO,raw_l2/trade_date=2026-07-17/exchange=NSE/symbol=ULTRACEMCO/part-045505_905036-009663.parquet,real_data_sample\l2_unseen_validation\trade_date=2026-07-17\exchange=NSE\symbol=ULTRACEMCO\part-045505_905036-009663.parquet,34447,downloaded,34447,
2026-07-17,NSE,ULTRACEMCO,raw_l2/trade_date=2026-07-17/exchange=NSE/symbol=ULTRACEMCO/part-045327_684276-009439.parquet,real_data_sample\l2_unseen_validation\trade_date=2026-07-17\exchange=NSE\symbol=ULTRACEMCO\part-045327_684276-009439.parquet,34276,downloaded,34276,
2026-07-17,NSE,ULTRACEMCO,raw_l2/trade_date=2026-07-17/exchange=NSE/symbol=ULTRACEMCO/part-045341_446111-009471.parquet,real_data_sample\l2_unseen_validation\trade_date=2026-07-17\exchange=NSE\symbol=ULTRACEMCO\part-045341_446111-009471.parquet,34333,downloaded,34333,
2026-07-17,NSE,ULTRACEMCO,raw_l2/trade_date=2026-07-17/exchange=NSE/symbol=ULTRACEMCO/part-045437_623454-009599.parquet,real_data_sample\l2_unseen_validation\trade_date=2026-07-17\exchange=NSE\symbol=ULTRACEMCO\part-045437_623454-009599.parquet,34357,downloaded,34357,
2026-07-17,NSE,ULTRACEMCO,raw_l2/trade_date=2026-07-17/exchange=NSE/symbol=ULTRACEMCO/part-045615_751650-009823.parquet,real_data_sample\l2_unseen_validation\trade_date=2026-07-17\exchange=NSE\symbol=ULTRACEMCO\part-045615_751650-009823.parquet,34526,downloaded,34526,
2026-07-17,NSE,ULTRACEMCO,raw_l2/trade_date=2026-07-17/exchange=NSE/symbol=ULTRACEMCO/part-045547_730241-009759.parquet,real_data_sample\l2_unseen_validation\trade_date=2026-07-17\exchange=NSE\symbol=ULTRACEMCO\part-045547_730241-009759.parquet,34454,downloaded,34454,
2026-07-17,NSE,ULTRACEMCO,raw_l2/trade_date=2026-07-17/exchange=NSE/symbol=ULTRACEMCO/part-045519_887868-009695.parquet,real_data_sample\l2_unseen_validation\trade_date=2026-07-17\exchange=NSE\symbol=ULTRACEMCO\part-045519_887868-009695.parquet,34640,downloaded,34640,
2026-07-17,NSE,ULTRACEMCO,raw_l2/trade_date=2026-07-17/exchange=NSE/symbol=ULTRACEMCO/part-045601_819633-009791.parquet,real_data_sample\l2_unseen_validation\trade_date=2026-07-17\exchange=NSE\symbol=ULTRACEMCO\part-045601_819633-009791.parquet,34491,downloaded,34491,
2026-07-17,NSE,ULTRACEMCO,raw_l2/trade_date=2026-07-17/exchange=NSE/symbol=ULTRACEMCO/part-045533_777056-009727.parquet,real_data_sample\l2_unseen_validation\trade_date=2026-07-17\exchange=NSE\symbol=ULTRACEMCO\part-045533_777056-009727.parquet,34484,downloaded,34484,
2026-07-17,NSE,ULTRACEMCO,raw_l2/trade_date=2026-07-17/exchange=NSE/symbol=ULTRACEMCO/part-045630_125593-009855.parquet,real_data_sample\l2_unseen_validation\trade_date=2026-07-17\exchange=NSE\symbol=ULTRACEMCO\part-045630_125593-009855.parquet,34601,downloaded,34601,
2026-07-17,NSE,ULTRACEMCO,raw_l2/trade_date=2026-07-17/exchange=NSE/symbol=ULTRACEMCO/part-045644_584952-009887.parquet,real_data_sample\l2_unseen_validation\trade_date=2026-07-17\exchange=NSE\symbol=ULTRACEMCO\part-045644_584952-009887.parquet,34660,downloaded,34660,
2026-07-17,NSE,ULTRACEMCO,raw_l2/trade_date=2026-07-17/exchange=NSE/symbol=ULTRACEMCO/part-045658_404705-009919.parquet,real_data_sample\l2_unseen_validation\trade_date=2026-07-17\exchange=NSE\symbol=ULTRACEMCO\part-045658_404705-009919.parquet,34341,downloaded,34341,
2026-07-17,NSE,ULTRACEMCO,raw_l2/trade_date=2026-07-17/exchange=NSE/symbol=ULTRACEMCO/part-045726_849379-009983.parquet,real_data_sample\l2_unseen_validation\trade_date=2026-07-17\exchange=NSE\symbol=ULTRACEMCO\part-045726_849379-009983.parquet,34613,downloaded,34613,
2026-07-17,NSE,ULTRACEMCO,raw_l2/trade_date=2026-07-17/exchange=NSE/symbol=ULTRACEMCO/part-045712_820069-009951.parquet,real_data_sample\l2_unseen_validation\trade_date=2026-07-17\exchange=NSE\symbol=ULTRACEMCO\part-045712_820069-009951.parquet,34459,downloaded,34459,
2026-07-17,NSE,ULTRACEMCO,raw_l2/trade_date=2026-07-17/exchange=NSE/symbol=ULTRACEMCO/part-050057_536565-010463.parquet,real_data_sample\l2_unseen_validation\trade_date=2026-07-17\exchange=NSE\symbol=ULTRACEMCO\part-050057_536565-010463.parquet,34405,downloaded,34405,
2026-07-17,NSE,ULTRACEMCO,raw_l2/trade_date=2026-07-17/exchange=NSE/symbol=ULTRACEMCO/part-045823_305498-010111.parquet,real_data_sample\l2_unseen_validation\trade_date=2026-07-17\exchange=NSE\symbol=ULTRACEMCO\part-045823_305498-010111.parquet,34465,downloaded,34465,
2026-07-17,NSE,ULTRACEMCO,raw_l2/trade_date=2026-07-17/exchange=NSE/symbol=ULTRACEMCO/part-050015_824440-010367.parquet,real_data_sample\l2_unseen_validation\trade_date=2026-07-17\exchange=NSE\symbol=ULTRACEMCO\part-050015_824440-010367.parquet,34611,downloaded,34611,
2026-07-17,NSE,ULTRACEMCO,raw_l2/trade_date=2026-07-17/exchange=NSE/symbol=ULTRACEMCO/part-050111_501684-010495.parquet,real_data_sample\l2_unseen_validation\trade_date=2026-07-17\exchange=NSE\symbol=ULTRACEMCO\part-050111_501684-010495.parquet,34672,downloaded,34672,
2026-07-17,NSE,ULTRACEMCO,raw_l2/trade_date=2026-07-17/exchange=NSE/symbol=ULTRACEMCO/part-045809_306219-010079.parquet,real_data_sample\l2_unseen_validation\trade_date=2026-07-17\exchange=NSE\symbol=ULTRACEMCO\part-045809_306219-010079.parquet,34645,downloaded,34645,
2026-07-17,NSE,ULTRACEMCO,raw_l2/trade_date=2026-07-17/exchange=NSE/symbol=ULTRACEMCO/part-045837_510780-010143.parquet,real_data_sample\l2_unseen_validation\trade_date=2026-07-17\exchange=NSE\symbol=ULTRACEMCO\part-045837_510780-010143.parquet,34567,downloaded,34567,
2026-07-17,NSE,ULTRACEMCO,raw_l2/trade_date=2026-07-17/exchange=NSE/symbol=ULTRACEMCO/part-050153_569070-010591.parquet,real_data_sample\l2_unseen_validation\trade_date=2026-07-17\exchange=NSE\symbol=ULTRACEMCO\part-050153_569070-010591.parquet,34680,downloaded,34680,
2026-07-17,NSE,ULTRACEMCO,raw_l2/trade_date=2026-07-17/exchange=NSE/symbol=ULTRACEMCO/part-045851_695385-010175.parquet,real_data_sample\l2_unseen_validation\trade_date=2026-07-17\exchange=NSE\symbol=ULTRACEMCO\part-045851_695385-010175.parquet,34610,downloaded,34610,
2026-07-17,NSE,ULTRACEMCO,raw_l2/trade_date=2026-07-17/exchange=NSE/symbol=ULTRACEMCO/part-045905_373104-010207.parquet,real_data_sample\l2_unseen_validation\trade_date=2026-07-17\exchange=NSE\symbol=ULTRACEMCO\part-045905_373104-010207.parquet,34588,downloaded,34588,
2026-07-17,NSE,ULTRACEMCO,raw_l2/trade_date=2026-07-17/exchange=NSE/symbol=ULTRACEMCO/part-050125_395764-010527.parquet,real_data_sample\l2_unseen_validation\trade_date=2026-07-17\exchange=NSE\symbol=ULTRACEMCO\part-050125_395764-010527.parquet,34638,downloaded,34638,
2026-07-17,NSE,ULTRACEMCO,raw_l2/trade_date=2026-07-17/exchange=NSE/symbol=ULTRACEMCO/part-045755_060095-010047.parquet,real_data_sample\l2_unseen_validation\trade_date=2026-07-17\exchange=NSE\symbol=ULTRACEMCO\part-045755_060095-010047.parquet,34510,downloaded,34510,
2026-07-17,NSE,ULTRACEMCO,raw_l2/trade_date=2026-07-17/exchange=NSE/symbol=ULTRACEMCO/part-050139_370547-010559.parquet,real_data_sample\l2_unseen_validation\trade_date=2026-07-17\exchange=NSE\symbol=ULTRACEMCO\part-050139_370547-010559.parquet,34396,downloaded,34396,
2026-07-17,NSE,ULTRACEMCO,raw_l2/trade_date=2026-07-17/exchange=NSE/symbol=ULTRACEMCO/part-045740_860697-010015.parquet,real_data_sample\l2_unseen_validation\trade_date=2026-07-17\exchange=NSE\symbol=ULTRACEMCO\part-045740_860697-010015.parquet,34637,downloaded,34637,
2026-07-17,NSE,ULTRACEMCO,raw_l2/trade_date=2026-07-17/exchange=NSE/symbol=ULTRACEMCO/part-050002_066923-010335.parquet,real_data_sample\l2_unseen_validation\trade_date=2026-07-17\exchange=NSE\symbol=ULTRACEMCO\part-050002_066923-010335.parquet,34419,downloaded,34419,
2026-07-17,NSE,ULTRACEMCO,raw_l2/trade_date=2026-07-17/exchange=NSE/symbol=ULTRACEMCO/part-050207_812387-010623.parquet,real_data_sample\l2_unseen_validation\trade_date=2026-07-17\exchange=NSE\symbol=ULTRACEMCO\part-050207_812387-010623.parquet,34456,downloaded,34456,
2026-07-17,NSE,ULTRACEMCO,raw_l2/trade_date=2026-07-17/exchange=NSE/symbol=ULTRACEMCO/part-050029_711932-010399.parquet,real_data_sample\l2_unseen_validation\trade_date=2026-07-17\exchange=NSE\symbol=ULTRACEMCO\part-050029_711932-010399.parquet,34711,downloaded,34711,
2026-07-17,NSE,ULTRACEMCO,raw_l2/trade_date=2026-07-17/exchange=NSE/symbol=ULTRACEMCO/part-045919_267998-010239.parquet,real_data_sample\l2_unseen_validation\trade_date=2026-07-17\exchange=NSE\symbol=ULTRACEMCO\part-045919_267998-010239.parquet,34500,downloaded,34500,
2026-07-17,NSE,ULTRACEMCO,raw_l2/trade_date=2026-07-17/exchange=NSE/symbol=ULTRACEMCO/part-045933_631717-010271.parquet,real_data_sample\l2_unseen_validation\trade_date=2026-07-17\exchange=NSE\symbol=ULTRACEMCO\part-045933_631717-010271.parquet,34554,downloaded,34554,
2026-07-17,NSE,ULTRACEMCO,raw_l2/trade_date=2026-07-17/exchange=NSE/symbol=ULTRACEMCO/part-045947_670935-010303.parquet,real_data_sample\l2_unseen_validation\trade_date=2026-07-17\exchange=NSE\symbol=ULTRACEMCO\part-045947_670935-010303.parquet,34494,downloaded,34494,
2026-07-17,NSE,ULTRACEMCO,raw_l2/trade_date=2026-07-17/exchange=NSE/symbol=ULTRACEMCO/part-050043_626846-010431.parquet,real_data_sample\l2_unseen_validation\trade_date=2026-07-17\exchange=NSE\symbol=ULTRACEMCO\part-050043_626846-010431.parquet,34504,downloaded,34504,
2026-07-17,NSE,ULTRACEMCO,raw_l2/trade_date=2026-07-17/exchange=NSE/symbol=ULTRACEMCO/part-050221_897394-010655.parquet,real_data_sample\l2_unseen_validation\trade_date=2026-07-17\exchange=NSE\symbol=ULTRACEMCO\part-050221_897394-010655.parquet,34451,downloaded,34451,
2026-07-17,NSE,ULTRACEMCO,raw_l2/trade_date=2026-07-17/exchange=NSE/symbol=ULTRACEMCO/part-050236_410512-010687.parquet,real_data_sample\l2_unseen_validation\trade_date=2026-07-17\exchange=NSE\symbol=ULTRACEMCO\part-050236_410512-010687.parquet,34758,downloaded,34758,
2026-07-17,NSE,ULTRACEMCO,raw_l2/trade_date=2026-07-17/exchange=NSE/symbol=ULTRACEMCO/part-050250_477287-010719.parquet,real_data_sample\l2_unseen_validation\trade_date=2026-07-17\exchange=NSE\symbol=ULTRACEMCO\part-050250_477287-010719.parquet,34664,downloaded,34664,
2026-07-17,NSE,ULTRACEMCO,raw_l2/trade_date=2026-07-17/exchange=NSE/symbol=ULTRACEMCO/part-050304_711884-010751.parquet,real_data_sample\l2_unseen_validation\trade_date=2026-07-17\exchange=NSE\symbol=ULTRACEMCO\part-050304_711884-010751.parquet,34626,downloaded,34626,
2026-07-17,NSE,ULTRACEMCO,raw_l2/trade_date=2026-07-17/exchange=NSE/symbol=ULTRACEMCO/part-050319_170181-010783.parquet,real_data_sample\l2_unseen_validation\trade_date=2026-07-17\exchange=NSE\symbol=ULTRACEMCO\part-050319_170181-010783.parquet,34697,downloaded,34697,
2026-07-17,NSE,ULTRACEMCO,raw_l2/trade_date=2026-07-17/exchange=NSE/symbol=ULTRACEMCO/part-050347_167848-010847.parquet,real_data_sample\l2_unseen_validation\trade_date=2026-07-17\exchange=NSE\symbol=ULTRACEMCO\part-050347_167848-010847.parquet,35093,downloaded,35093,
2026-07-17,NSE,ULTRACEMCO,raw_l2/trade_date=2026-07-17/exchange=NSE/symbol=ULTRACEMCO/part-050333_099685-010815.parquet,real_data_sample\l2_unseen_validation\trade_date=2026-07-17\exchange=NSE\symbol=ULTRACEMCO\part-050333_099685-010815.parquet,35624,downloaded,35624,
2026-07-17,NSE,ULTRACEMCO,raw_l2/trade_date=2026-07-17/exchange=NSE/symbol=ULTRACEMCO/part-050401_285742-010879.parquet,real_data_sample\l2_unseen_validation\trade_date=2026-07-17\exchange=NSE\symbol=ULTRACEMCO\part-050401_285742-010879.parquet,35236,downloaded,35236,
2026-07-17,NSE,ULTRACEMCO,raw_l2/trade_date=2026-07-17/exchange=NSE/symbol=ULTRACEMCO/part-050719_076433-011327.parquet,real_data_sample\l2_unseen_validation\trade_date=2026-07-17\exchange=NSE\symbol=ULTRACEMCO\part-050719_076433-011327.parquet,34492,downloaded,34492,
2026-07-17,NSE,ULTRACEMCO,raw_l2/trade_date=2026-07-17/exchange=NSE/symbol=ULTRACEMCO/part-050539_229997-011103.parquet,real_data_sample\l2_unseen_validation\trade_date=2026-07-17\exchange=NSE\symbol=ULTRACEMCO\part-050539_229997-011103.parquet,34576,downloaded,34576,
2026-07-17,NSE,ULTRACEMCO,raw_l2/trade_date=2026-07-17/exchange=NSE/symbol=ULTRACEMCO/part-050622_030440-011199.parquet,real_data_sample\l2_unseen_validation\trade_date=2026-07-17\exchange=NSE\symbol=ULTRACEMCO\part-050622_030440-011199.parquet,34742,downloaded,34742,
2026-07-17,NSE,ULTRACEMCO,raw_l2/trade_date=2026-07-17/exchange=NSE/symbol=ULTRACEMCO/part-050443_461489-010975.parquet,real_data_sample\l2_unseen_validation\trade_date=2026-07-17\exchange=NSE\symbol=ULTRACEMCO\part-050443_461489-010975.parquet,34655,downloaded,34655,
2026-07-17,NSE,ULTRACEMCO,raw_l2/trade_date=2026-07-17/exchange=NSE/symbol=ULTRACEMCO/part-050732_905858-011359.parquet,real_data_sample\l2_unseen_validation\trade_date=2026-07-17\exchange=NSE\symbol=ULTRACEMCO\part-050732_905858-011359.parquet,34612,downloaded,34612,
2026-07-17,NSE,ULTRACEMCO,raw_l2/trade_date=2026-07-17/exchange=NSE/symbol=ULTRACEMCO/part-050636_625385-011231.parquet,real_data_sample\l2_unseen_validation\trade_date=2026-07-17\exchange=NSE\symbol=ULTRACEMCO\part-050636_625385-011231.parquet,34321,downloaded,34321,
2026-07-17,NSE,ULTRACEMCO,raw_l2/trade_date=2026-07-17/exchange=NSE/symbol=ULTRACEMCO/part-050704_780732-011295.parquet,real_data_sample\l2_unseen_validation\trade_date=2026-07-17\exchange=NSE\symbol=ULTRACEMCO\part-050704_780732-011295.parquet,34774,downloaded,34774,
2026-07-17,NSE,ULTRACEMCO,raw_l2/trade_date=2026-07-17/exchange=NSE/symbol=ULTRACEMCO/part-050607_344086-011167.parquet,real_data_sample\l2_unseen_validation\trade_date=2026-07-17\exchange=NSE\symbol=ULTRACEMCO\part-050607_344086-011167.parquet,34584,downloaded,34584,
2026-07-17,NSE,ULTRACEMCO,raw_l2/trade_date=2026-07-17/exchange=NSE/symbol=ULTRACEMCO/part-050511_383062-011039.parquet,real_data_sample\l2_unseen_validation\trade_date=2026-07-17\exchange=NSE\symbol=ULTRACEMCO\part-050511_383062-011039.parquet,34409,downloaded,34409,
2026-07-17,NSE,ULTRACEMCO,raw_l2/trade_date=2026-07-17/exchange=NSE/symbol=ULTRACEMCO/part-050814_324914-011455.parquet,real_data_sample\l2_unseen_validation\trade_date=2026-07-17\exchange=NSE\symbol=ULTRACEMCO\part-050814_324914-011455.parquet,34743,downloaded,34743,
2026-07-17,NSE,ULTRACEMCO,raw_l2/trade_date=2026-07-17/exchange=NSE/symbol=ULTRACEMCO/part-050553_192008-011135.parquet,real_data_sample\l2_unseen_validation\trade_date=2026-07-17\exchange=NSE\symbol=ULTRACEMCO\part-050553_192008-011135.parquet,34323,downloaded,34323,
2026-07-17,NSE,ULTRACEMCO,raw_l2/trade_date=2026-07-17/exchange=NSE/symbol=ULTRACEMCO/part-050650_764688-011263.parquet,real_data_sample\l2_unseen_validation\trade_date=2026-07-17\exchange=NSE\symbol=ULTRACEMCO\part-050650_764688-011263.parquet,34557,downloaded,34557,
2026-07-17,NSE,ULTRACEMCO,raw_l2/trade_date=2026-07-17/exchange=NSE/symbol=ULTRACEMCO/part-050828_100937-011487.parquet,real_data_sample\l2_unseen_validation\trade_date=2026-07-17\exchange=NSE\symbol=ULTRACEMCO\part-050828_100937-011487.parquet,34387,downloaded,34387,
2026-07-17,NSE,ULTRACEMCO,raw_l2/trade_date=2026-07-17/exchange=NSE/symbol=ULTRACEMCO/part-050429_525738-010943.parquet,real_data_sample\l2_unseen_validation\trade_date=2026-07-17\exchange=NSE\symbol=ULTRACEMCO\part-050429_525738-010943.parquet,34313,downloaded,34313,
2026-07-17,NSE,ULTRACEMCO,raw_l2/trade_date=2026-07-17/exchange=NSE/symbol=ULTRACEMCO/part-050457_243895-011007.parquet,real_data_sample\l2_unseen_validation\trade_date=2026-07-17\exchange=NSE\symbol=ULTRACEMCO\part-050457_243895-011007.parquet,34394,downloaded,34394,
2026-07-17,NSE,ULTRACEMCO,raw_l2/trade_date=2026-07-17/exchange=NSE/symbol=ULTRACEMCO/part-050800_580772-011423.parquet,real_data_sample\l2_unseen_validation\trade_date=2026-07-17\exchange=NSE\symbol=ULTRACEMCO\part-050800_580772-011423.parquet,34482,downloaded,34482,
2026-07-17,NSE,ULTRACEMCO,raw_l2/trade_date=2026-07-17/exchange=NSE/symbol=ULTRACEMCO/part-050415_584170-010911.parquet,real_data_sample\l2_unseen_validation\trade_date=2026-07-17\exchange=NSE\symbol=ULTRACEMCO\part-050415_584170-010911.parquet,34903,downloaded,34903,
2026-07-17,NSE,ULTRACEMCO,raw_l2/trade_date=2026-07-17/exchange=NSE/symbol=ULTRACEMCO/part-050746_659650-011391.parquet,real_data_sample\l2_unseen_validation\trade_date=2026-07-17\exchange=NSE\symbol=ULTRACEMCO\part-050746_659650-011391.parquet,34549,downloaded,34549,
2026-07-17,NSE,ULTRACEMCO,raw_l2/trade_date=2026-07-17/exchange=NSE/symbol=ULTRACEMCO/part-050525_427721-011071.parquet,real_data_sample\l2_unseen_validation\trade_date=2026-07-17\exchange=NSE\symbol=ULTRACEMCO\part-050525_427721-011071.parquet,34672,downloaded,34672,
2026-07-17,NSE,ULTRACEMCO,raw_l2/trade_date=2026-07-17/exchange=NSE/symbol=ULTRACEMCO/part-050841_912847-011519.parquet,real_data_sample\l2_unseen_validation\trade_date=2026-07-17\exchange=NSE\symbol=ULTRACEMCO\part-050841_912847-011519.parquet,34437,downloaded,34437,
2026-07-17,NSE,ULTRACEMCO,raw_l2/trade_date=2026-07-17/exchange=NSE/symbol=ULTRACEMCO/part-043705_308426-007167.parquet,real_data_sample\l2_unseen_validation\trade_date=2026-07-17\exchange=NSE\symbol=ULTRACEMCO\part-043705_308426-007167.parquet,34572,downloaded,34572,
2026-07-17,NSE,ULTRACEMCO,raw_l2/trade_date=2026-07-17/exchange=NSE/symbol=ULTRACEMCO/part-043321_993499-006655.parquet,real_data_sample\l2_unseen_validation\trade_date=2026-07-17\exchange=NSE\symbol=ULTRACEMCO\part-043321_993499-006655.parquet,34851,downloaded,34851,
2026-07-17,NSE,ULTRACEMCO,raw_l2/trade_date=2026-07-17/exchange=NSE/symbol=ULTRACEMCO/part-050855_684804-011551.parquet,real_data_sample\l2_unseen_validation\trade_date=2026-07-17\exchange=NSE\symbol=ULTRACEMCO\part-050855_684804-011551.parquet,34520,downloaded,34520,
2026-07-17,NSE,ULTRACEMCO,raw_l2/trade_date=2026-07-17/exchange=NSE/symbol=ULTRACEMCO/part-043307_768107-006623.parquet,real_data_sample\l2_unseen_validation\trade_date=2026-07-17\exchange=NSE\symbol=ULTRACEMCO\part-043307_768107-006623.parquet,34430,downloaded,34430,
2026-07-17,NSE,ULTRACEMCO,raw_l2/trade_date=2026-07-17/exchange=NSE/symbol=ULTRACEMCO/part-043459_712321-006879.parquet,real_data_sample\l2_unseen_validation\trade_date=2026-07-17\exchange=NSE\symbol=ULTRACEMCO\part-043459_712321-006879.parquet,35576,downloaded,35576,
2026-07-17,NSE,ULTRACEMCO,raw_l2/trade_date=2026-07-17/exchange=NSE/symbol=ULTRACEMCO/part-050923_503673-011615.parquet,real_data_sample\l2_unseen_validation\trade_date=2026-07-17\exchange=NSE\symbol=ULTRACEMCO\part-050923_503673-011615.parquet,34325,downloaded,34325,
2026-07-17,NSE,ULTRACEMCO,raw_l2/trade_date=2026-07-17/exchange=NSE/symbol=ULTRACEMCO/part-050937_299816-011647.parquet,real_data_sample\l2_unseen_validation\trade_date=2026-07-17\exchange=NSE\symbol=ULTRACEMCO\part-050937_299816-011647.parquet,34488,downloaded,34488,
2026-07-17,NSE,ULTRACEMCO,raw_l2/trade_date=2026-07-17/exchange=NSE/symbol=ULTRACEMCO/part-043513_635646-006911.parquet,real_data_sample\l2_unseen_validation\trade_date=2026-07-17\exchange=NSE\symbol=ULTRACEMCO\part-043513_635646-006911.parquet,35117,downloaded,35117,
2026-07-17,NSE,ULTRACEMCO,raw_l2/trade_date=2026-07-17/exchange=NSE/symbol=ULTRACEMCO/part-050909_666744-011583.parquet,real_data_sample\l2_unseen_validation\trade_date=2026-07-17\exchange=NSE\symbol=ULTRACEMCO\part-050909_666744-011583.parquet,34587,downloaded,34587,
2026-07-17,NSE,ULTRACEMCO,raw_l2/trade_date=2026-07-17/exchange=NSE/symbol=ULTRACEMCO/part-043336_097630-006687.parquet,real_data_sample\l2_unseen_validation\trade_date=2026-07-17\exchange=NSE\symbol=ULTRACEMCO\part-043336_097630-006687.parquet,35757,downloaded,35757,
2026-07-17,NSE,ULTRACEMCO,raw_l2/trade_date=2026-07-17/exchange=NSE/symbol=ULTRACEMCO/part-043350_111986-006719.parquet,real_data_sample\l2_unseen_validation\trade_date=2026-07-17\exchange=NSE\symbol=ULTRACEMCO\part-043350_111986-006719.parquet,35581,downloaded,35581,
2026-07-17,NSE,ULTRACEMCO,raw_l2/trade_date=2026-07-17/exchange=NSE/symbol=ULTRACEMCO/part-050951_005974-011679.parquet,real_data_sample\l2_unseen_validation\trade_date=2026-07-17\exchange=NSE\symbol=ULTRACEMCO\part-050951_005974-011679.parquet,34505,downloaded,34505,
2026-07-17,NSE,ULTRACEMCO,raw_l2/trade_date=2026-07-17/exchange=NSE/symbol=ULTRACEMCO/part-043445_908750-006847.parquet,real_data_sample\l2_unseen_validation\trade_date=2026-07-17\exchange=NSE\symbol=ULTRACEMCO\part-043445_908750-006847.parquet,35655,downloaded,35655,
2026-07-17,NSE,ULTRACEMCO,raw_l2/trade_date=2026-07-17/exchange=NSE/symbol=ULTRACEMCO/part-051156_245209-011967.parquet,real_data_sample\l2_unseen_validation\trade_date=2026-07-17\exchange=NSE\symbol=ULTRACEMCO\part-051156_245209-011967.parquet,34393,downloaded,34393,
2026-07-17,NSE,ULTRACEMCO,raw_l2/trade_date=2026-07-17/exchange=NSE/symbol=ULTRACEMCO/part-051032_692846-011775.parquet,real_data_sample\l2_unseen_validation\trade_date=2026-07-17\exchange=NSE\symbol=ULTRACEMCO\part-051032_692846-011775.parquet,34637,downloaded,34637,
2026-07-17,NSE,ULTRACEMCO,raw_l2/trade_date=2026-07-17/exchange=NSE/symbol=ULTRACEMCO/part-051128_338874-011903.parquet,real_data_sample\l2_unseen_validation\trade_date=2026-07-17\exchange=NSE\symbol=ULTRACEMCO\part-051128_338874-011903.parquet,34287,downloaded,34287,
2026-07-17,NSE,ULTRACEMCO,raw_l2/trade_date=2026-07-17/exchange=NSE/symbol=ULTRACEMCO/part-051114_136182-011871.parquet,real_data_sample\l2_unseen_validation\trade_date=2026-07-17\exchange=NSE\symbol=ULTRACEMCO\part-051114_136182-011871.parquet,34344,downloaded,34344,
2026-07-17,NSE,ULTRACEMCO,raw_l2/trade_date=2026-07-17/exchange=NSE/symbol=ULTRACEMCO/part-051142_392013-011935.parquet,real_data_sample\l2_unseen_validation\trade_date=2026-07-17\exchange=NSE\symbol=ULTRACEMCO\part-051142_392013-011935.parquet,34593,downloaded,34593,
2026-07-17,NSE,ULTRACEMCO,raw_l2/trade_date=2026-07-17/exchange=NSE/symbol=ULTRACEMCO/part-051005_085230-011711.parquet,real_data_sample\l2_unseen_validation\trade_date=2026-07-17\exchange=NSE\symbol=ULTRACEMCO\part-051005_085230-011711.parquet,34325,downloaded,34325,
2026-07-17,NSE,ULTRACEMCO,raw_l2/trade_date=2026-07-17/exchange=NSE/symbol=ULTRACEMCO/part-051238_018465-012063.parquet,real_data_sample\l2_unseen_validation\trade_date=2026-07-17\exchange=NSE\symbol=ULTRACEMCO\part-051238_018465-012063.parquet,34682,downloaded,34682,
2026-07-17,NSE,ULTRACEMCO,raw_l2/trade_date=2026-07-17/exchange=NSE/symbol=ULTRACEMCO/part-051252_011708-012095.parquet,real_data_sample\l2_unseen_validation\trade_date=2026-07-17\exchange=NSE\symbol=ULTRACEMCO\part-051252_011708-012095.parquet,34610,downloaded,34610,
2026-07-17,NSE,ULTRACEMCO,raw_l2/trade_date=2026-07-17/exchange=NSE/symbol=ULTRACEMCO/part-051100_339372-011839.parquet,real_data_sample\l2_unseen_validation\trade_date=2026-07-17\exchange=NSE\symbol=ULTRACEMCO\part-051100_339372-011839.parquet,34567,downloaded,34567,
2026-07-17,NSE,ULTRACEMCO,raw_l2/trade_date=2026-07-17/exchange=NSE/symbol=ULTRACEMCO/part-051305_838421-012127.parquet,real_data_sample\l2_unseen_validation\trade_date=2026-07-17\exchange=NSE\symbol=ULTRACEMCO\part-051305_838421-012127.parquet,34714,downloaded,34714,
2026-07-17,NSE,ULTRACEMCO,raw_l2/trade_date=2026-07-17/exchange=NSE/symbol=ULTRACEMCO/part-051018_745377-011743.parquet,real_data_sample\l2_unseen_validation\trade_date=2026-07-17\exchange=NSE\symbol=ULTRACEMCO\part-051018_745377-011743.parquet,34370,downloaded,34370,
2026-07-17,NSE,ULTRACEMCO,raw_l2/trade_date=2026-07-17/exchange=NSE/symbol=ULTRACEMCO/part-051335_247963-012191.parquet,real_data_sample\l2_unseen_validation\trade_date=2026-07-17\exchange=NSE\symbol=ULTRACEMCO\part-051335_247963-012191.parquet,34524,downloaded,34524,
2026-07-17,NSE,ULTRACEMCO,raw_l2/trade_date=2026-07-17/exchange=NSE/symbol=ULTRACEMCO/part-051046_487677-011807.parquet,real_data_sample\l2_unseen_validation\trade_date=2026-07-17\exchange=NSE\symbol=ULTRACEMCO\part-051046_487677-011807.parquet,34553,downloaded,34553,
2026-07-17,NSE,ULTRACEMCO,raw_l2/trade_date=2026-07-17/exchange=NSE/symbol=ULTRACEMCO/part-051224_168809-012031.parquet,real_data_sample\l2_unseen_validation\trade_date=2026-07-17\exchange=NSE\symbol=ULTRACEMCO\part-051224_168809-012031.parquet,34341,downloaded,34341,
2026-07-17,NSE,ULTRACEMCO,raw_l2/trade_date=2026-07-17/exchange=NSE/symbol=ULTRACEMCO/part-051210_297648-011999.parquet,real_data_sample\l2_unseen_validation\trade_date=2026-07-17\exchange=NSE\symbol=ULTRACEMCO\part-051210_297648-011999.parquet,34351,downloaded,34351,
2026-07-17,NSE,ULTRACEMCO,raw_l2/trade_date=2026-07-17/exchange=NSE/symbol=ULTRACEMCO/part-051420_153627-012287.parquet,real_data_sample\l2_unseen_validation\trade_date=2026-07-17\exchange=NSE\symbol=ULTRACEMCO\part-051420_153627-012287.parquet,34585,downloaded,34585,
2026-07-17,NSE,ULTRACEMCO,raw_l2/trade_date=2026-07-17/exchange=NSE/symbol=ULTRACEMCO/part-051434_165668-012319.parquet,real_data_sample\l2_unseen_validation\trade_date=2026-07-17\exchange=NSE\symbol=ULTRACEMCO\part-051434_165668-012319.parquet,34409,downloaded,34409,
2026-07-17,NSE,ULTRACEMCO,raw_l2/trade_date=2026-07-17/exchange=NSE/symbol=ULTRACEMCO/part-051320_710515-012159.parquet,real_data_sample\l2_unseen_validation\trade_date=2026-07-17\exchange=NSE\symbol=ULTRACEMCO\part-051320_710515-012159.parquet,34505,downloaded,34505,
2026-07-17,NSE,ULTRACEMCO,raw_l2/trade_date=2026-07-17/exchange=NSE/symbol=ULTRACEMCO/part-051405_066032-012255.parquet,real_data_sample\l2_unseen_validation\trade_date=2026-07-17\exchange=NSE\symbol=ULTRACEMCO\part-051405_066032-012255.parquet,34675,downloaded,34675,
2026-07-17,NSE,ULTRACEMCO,raw_l2/trade_date=2026-07-17/exchange=NSE/symbol=ULTRACEMCO/part-051529_283312-012447.parquet,real_data_sample\l2_unseen_validation\trade_date=2026-07-17\exchange=NSE\symbol=ULTRACEMCO\part-051529_283312-012447.parquet,34491,downloaded,34491,
2026-07-17,NSE,ULTRACEMCO,raw_l2/trade_date=2026-07-17/exchange=NSE/symbol=ULTRACEMCO/part-051350_485060-012223.parquet,real_data_sample\l2_unseen_validation\trade_date=2026-07-17\exchange=NSE\symbol=ULTRACEMCO\part-051350_485060-012223.parquet,34621,downloaded,34621,
2026-07-17,NSE,ULTRACEMCO,raw_l2/trade_date=2026-07-17/exchange=NSE/symbol=ULTRACEMCO/part-051515_679446-012415.parquet,real_data_sample\l2_unseen_validation\trade_date=2026-07-17\exchange=NSE\symbol=ULTRACEMCO\part-051515_679446-012415.parquet,34651,downloaded,34651,
2026-07-17,NSE,ULTRACEMCO,raw_l2/trade_date=2026-07-17/exchange=NSE/symbol=ULTRACEMCO/part-051501_895431-012383.parquet,real_data_sample\l2_unseen_validation\trade_date=2026-07-17\exchange=NSE\symbol=ULTRACEMCO\part-051501_895431-012383.parquet,34605,downloaded,34605,
2026-07-17,NSE,ULTRACEMCO,raw_l2/trade_date=2026-07-17/exchange=NSE/symbol=ULTRACEMCO/part-051558_030995-012511.parquet,real_data_sample\l2_unseen_validation\trade_date=2026-07-17\exchange=NSE\symbol=ULTRACEMCO\part-051558_030995-012511.parquet,34469,downloaded,34469,
2026-07-17,NSE,ULTRACEMCO,raw_l2/trade_date=2026-07-17/exchange=NSE/symbol=ULTRACEMCO/part-051447_988174-012351.parquet,real_data_sample\l2_unseen_validation\trade_date=2026-07-17\exchange=NSE\symbol=ULTRACEMCO\part-051447_988174-012351.parquet,34765,downloaded,34765,
2026-07-17,NSE,ULTRACEMCO,raw_l2/trade_date=2026-07-17/exchange=NSE/symbol=ULTRACEMCO/part-051543_557127-012479.parquet,real_data_sample\l2_unseen_validation\trade_date=2026-07-17\exchange=NSE\symbol=ULTRACEMCO\part-051543_557127-012479.parquet,34587,downloaded,34587,
2026-07-17,NSE,ULTRACEMCO,raw_l2/trade_date=2026-07-17/exchange=NSE/symbol=ULTRACEMCO/part-051612_686625-012543.parquet,real_data_sample\l2_unseen_validation\trade_date=2026-07-17\exchange=NSE\symbol=ULTRACEMCO\part-051612_686625-012543.parquet,34502,downloaded,34502,
2026-07-17,NSE,ULTRACEMCO,raw_l2/trade_date=2026-07-17/exchange=NSE/symbol=ULTRACEMCO/part-051626_697860-012575.parquet,real_data_sample\l2_unseen_validation\trade_date=2026-07-17\exchange=NSE\symbol=ULTRACEMCO\part-051626_697860-012575.parquet,34642,downloaded,34642,
2026-07-17,NSE,ULTRACEMCO,raw_l2/trade_date=2026-07-17/exchange=NSE/symbol=ULTRACEMCO/part-051752_144406-012767.parquet,real_data_sample\l2_unseen_validation\trade_date=2026-07-17\exchange=NSE\symbol=ULTRACEMCO\part-051752_144406-012767.parquet,34788,downloaded,34788,
2026-07-17,NSE,ULTRACEMCO,raw_l2/trade_date=2026-07-17/exchange=NSE/symbol=ULTRACEMCO/part-051806_010540-012799.parquet,real_data_sample\l2_unseen_validation\trade_date=2026-07-17\exchange=NSE\symbol=ULTRACEMCO\part-051806_010540-012799.parquet,34639,downloaded,34639,
2026-07-17,NSE,ULTRACEMCO,raw_l2/trade_date=2026-07-17/exchange=NSE/symbol=ULTRACEMCO/part-051737_448715-012735.parquet,real_data_sample\l2_unseen_validation\trade_date=2026-07-17\exchange=NSE\symbol=ULTRACEMCO\part-051737_448715-012735.parquet,34458,downloaded,34458,
2026-07-17,NSE,ULTRACEMCO,raw_l2/trade_date=2026-07-17/exchange=NSE/symbol=ULTRACEMCO/part-051641_051882-012607.parquet,real_data_sample\l2_unseen_validation\trade_date=2026-07-17\exchange=NSE\symbol=ULTRACEMCO\part-051641_051882-012607.parquet,34746,downloaded,34746,
2026-07-17,NSE,ULTRACEMCO,raw_l2/trade_date=2026-07-17/exchange=NSE/symbol=ULTRACEMCO/part-051723_024889-012703.parquet,real_data_sample\l2_unseen_validation\trade_date=2026-07-17\exchange=NSE\symbol=ULTRACEMCO\part-051723_024889-012703.parquet,34312,downloaded,34312,
2026-07-17,NSE,ULTRACEMCO,raw_l2/trade_date=2026-07-17/exchange=NSE/symbol=ULTRACEMCO/part-051654_994888-012639.parquet,real_data_sample\l2_unseen_validation\trade_date=2026-07-17\exchange=NSE\symbol=ULTRACEMCO\part-051654_994888-012639.parquet,34523,downloaded,34523,
2026-07-17,NSE,ULTRACEMCO,raw_l2/trade_date=2026-07-17/exchange=NSE/symbol=ULTRACEMCO/part-051709_169485-012671.parquet,real_data_sample\l2_unseen_validation\trade_date=2026-07-17\exchange=NSE\symbol=ULTRACEMCO\part-051709_169485-012671.parquet,34691,downloaded,34691,
2026-07-17,NSE,ULTRACEMCO,raw_l2/trade_date=2026-07-17/exchange=NSE/symbol=ULTRACEMCO/part-051849_310908-012895.parquet,real_data_sample\l2_unseen_validation\trade_date=2026-07-17\exchange=NSE\symbol=ULTRACEMCO\part-051849_310908-012895.parquet,34836,downloaded,34836,
2026-07-17,NSE,ULTRACEMCO,raw_l2/trade_date=2026-07-17/exchange=NSE/symbol=ULTRACEMCO/part-051959_472827-013055.parquet,real_data_sample\l2_unseen_validation\trade_date=2026-07-17\exchange=NSE\symbol=ULTRACEMCO\part-051959_472827-013055.parquet,35129,downloaded,35129,
2026-07-17,NSE,ULTRACEMCO,raw_l2/trade_date=2026-07-17/exchange=NSE/symbol=ULTRACEMCO/part-051931_691192-012991.parquet,real_data_sample\l2_unseen_validation\trade_date=2026-07-17\exchange=NSE\symbol=ULTRACEMCO\part-051931_691192-012991.parquet,34960,downloaded,34960,
2026-07-17,NSE,ULTRACEMCO,raw_l2/trade_date=2026-07-17/exchange=NSE/symbol=ULTRACEMCO/part-051945_516830-013023.parquet,real_data_sample\l2_unseen_validation\trade_date=2026-07-17\exchange=NSE\symbol=ULTRACEMCO\part-051945_516830-013023.parquet,35156,downloaded,35156,
2026-07-17,NSE,ULTRACEMCO,raw_l2/trade_date=2026-07-17/exchange=NSE/symbol=ULTRACEMCO/part-052013_115386-013087.parquet,real_data_sample\l2_unseen_validation\trade_date=2026-07-17\exchange=NSE\symbol=ULTRACEMCO\part-052013_115386-013087.parquet,34985,downloaded,34985,
2026-07-17,NSE,ULTRACEMCO,raw_l2/trade_date=2026-07-17/exchange=NSE/symbol=ULTRACEMCO/part-052122_199028-013247.parquet,real_data_sample\l2_unseen_validation\trade_date=2026-07-17\exchange=NSE\symbol=ULTRACEMCO\part-052122_199028-013247.parquet,34937,downloaded,34937,
2026-07-17,NSE,ULTRACEMCO,raw_l2/trade_date=2026-07-17/exchange=NSE/symbol=ULTRACEMCO/part-051903_832666-012927.parquet,real_data_sample\l2_unseen_validation\trade_date=2026-07-17\exchange=NSE\symbol=ULTRACEMCO\part-051903_832666-012927.parquet,34539,downloaded,34539,
2026-07-17,NSE,ULTRACEMCO,raw_l2/trade_date=2026-07-17/exchange=NSE/symbol=ULTRACEMCO/part-051917_960354-012959.parquet,real_data_sample\l2_unseen_validation\trade_date=2026-07-17\exchange=NSE\symbol=ULTRACEMCO\part-051917_960354-012959.parquet,34905,downloaded,34905,
2026-07-17,NSE,ULTRACEMCO,raw_l2/trade_date=2026-07-17/exchange=NSE/symbol=ULTRACEMCO/part-051834_705483-012863.parquet,real_data_sample\l2_unseen_validation\trade_date=2026-07-17\exchange=NSE\symbol=ULTRACEMCO\part-051834_705483-012863.parquet,34673,downloaded,34673,
2026-07-17,NSE,ULTRACEMCO,raw_l2/trade_date=2026-07-17/exchange=NSE/symbol=ULTRACEMCO/part-051820_669352-012831.parquet,real_data_sample\l2_unseen_validation\trade_date=2026-07-17\exchange=NSE\symbol=ULTRACEMCO\part-051820_669352-012831.parquet,34566,downloaded,34566,
2026-07-17,NSE,ULTRACEMCO,raw_l2/trade_date=2026-07-17/exchange=NSE/symbol=ULTRACEMCO/part-052040_674203-013151.parquet,real_data_sample\l2_unseen_validation\trade_date=2026-07-17\exchange=NSE\symbol=ULTRACEMCO\part-052040_674203-013151.parquet,34580,downloaded,34580,
2026-07-17,NSE,ULTRACEMCO,raw_l2/trade_date=2026-07-17/exchange=NSE/symbol=ULTRACEMCO/part-052026_853183-013119.parquet,real_data_sample\l2_unseen_validation\trade_date=2026-07-17\exchange=NSE\symbol=ULTRACEMCO\part-052026_853183-013119.parquet,34578,downloaded,34578,
2026-07-17,NSE,ULTRACEMCO,raw_l2/trade_date=2026-07-17/exchange=NSE/symbol=ULTRACEMCO/part-052108_210214-013215.parquet,real_data_sample\l2_unseen_validation\trade_date=2026-07-17\exchange=NSE\symbol=ULTRACEMCO\part-052108_210214-013215.parquet,34623,downloaded,34623,
2026-07-17,NSE,ULTRACEMCO,raw_l2/trade_date=2026-07-17/exchange=NSE/symbol=ULTRACEMCO/part-052054_418431-013183.parquet,real_data_sample\l2_unseen_validation\trade_date=2026-07-17\exchange=NSE\symbol=ULTRACEMCO\part-052054_418431-013183.parquet,34495,downloaded,34495,
2026-07-17,NSE,ULTRACEMCO,raw_l2/trade_date=2026-07-17/exchange=NSE/symbol=ULTRACEMCO/part-052203_975504-013343.parquet,real_data_sample\l2_unseen_validation\trade_date=2026-07-17\exchange=NSE\symbol=ULTRACEMCO\part-052203_975504-013343.parquet,35356,downloaded,35356,
2026-07-17,NSE,ULTRACEMCO,raw_l2/trade_date=2026-07-17/exchange=NSE/symbol=ULTRACEMCO/part-052135_979835-013279.parquet,real_data_sample\l2_unseen_validation\trade_date=2026-07-17\exchange=NSE\symbol=ULTRACEMCO\part-052135_979835-013279.parquet,35087,downloaded,35087,
2026-07-17,NSE,ULTRACEMCO,raw_l2/trade_date=2026-07-17/exchange=NSE/symbol=ULTRACEMCO/part-052149_998781-013311.parquet,real_data_sample\l2_unseen_validation\trade_date=2026-07-17\exchange=NSE\symbol=ULTRACEMCO\part-052149_998781-013311.parquet,35140,downloaded,35140,
2026-07-17,NSE,ULTRACEMCO,raw_l2/trade_date=2026-07-17/exchange=NSE/symbol=ULTRACEMCO/part-052218_195220-013375.parquet,real_data_sample\l2_unseen_validation\trade_date=2026-07-17\exchange=NSE\symbol=ULTRACEMCO\part-052218_195220-013375.parquet,34954,downloaded,34954,
2026-07-17,NSE,ULTRACEMCO,raw_l2/trade_date=2026-07-17/exchange=NSE/symbol=ULTRACEMCO/part-052327_969821-013535.parquet,real_data_sample\l2_unseen_validation\trade_date=2026-07-17\exchange=NSE\symbol=ULTRACEMCO\part-052327_969821-013535.parquet,34501,downloaded,34501,
2026-07-17,NSE,ULTRACEMCO,raw_l2/trade_date=2026-07-17/exchange=NSE/symbol=ULTRACEMCO/part-052232_177504-013407.parquet,real_data_sample\l2_unseen_validation\trade_date=2026-07-17\exchange=NSE\symbol=ULTRACEMCO\part-052232_177504-013407.parquet,34722,downloaded,34722,
2026-07-17,NSE,ULTRACEMCO,raw_l2/trade_date=2026-07-17/exchange=NSE/symbol=ULTRACEMCO/part-052356_119934-013599.parquet,real_data_sample\l2_unseen_validation\trade_date=2026-07-17\exchange=NSE\symbol=ULTRACEMCO\part-052356_119934-013599.parquet,34468,downloaded,34468,
2026-07-17,NSE,ULTRACEMCO,raw_l2/trade_date=2026-07-17/exchange=NSE/symbol=ULTRACEMCO/part-052300_059522-013471.parquet,real_data_sample\l2_unseen_validation\trade_date=2026-07-17\exchange=NSE\symbol=ULTRACEMCO\part-052300_059522-013471.parquet,35537,downloaded,35537,
2026-07-17,NSE,ULTRACEMCO,raw_l2/trade_date=2026-07-17/exchange=NSE/symbol=ULTRACEMCO/part-052246_028521-013439.parquet,real_data_sample\l2_unseen_validation\trade_date=2026-07-17\exchange=NSE\symbol=ULTRACEMCO\part-052246_028521-013439.parquet,34515,downloaded,34515,
2026-07-17,NSE,ULTRACEMCO,raw_l2/trade_date=2026-07-17/exchange=NSE/symbol=ULTRACEMCO/part-052314_039969-013503.parquet,real_data_sample\l2_unseen_validation\trade_date=2026-07-17\exchange=NSE\symbol=ULTRACEMCO\part-052314_039969-013503.parquet,35118,downloaded,35118,
2026-07-17,NSE,ULTRACEMCO,raw_l2/trade_date=2026-07-17/exchange=NSE/symbol=ULTRACEMCO/part-052342_106124-013567.parquet,real_data_sample\l2_unseen_validation\trade_date=2026-07-17\exchange=NSE\symbol=ULTRACEMCO\part-052342_106124-013567.parquet,34521,downloaded,34521,
2026-07-17,NSE,ULTRACEMCO,raw_l2/trade_date=2026-07-17/exchange=NSE/symbol=ULTRACEMCO/part-052519_440083-013791.parquet,real_data_sample\l2_unseen_validation\trade_date=2026-07-17\exchange=NSE\symbol=ULTRACEMCO\part-052519_440083-013791.parquet,34520,downloaded,34520,
2026-07-17,NSE,ULTRACEMCO,raw_l2/trade_date=2026-07-17/exchange=NSE/symbol=ULTRACEMCO/part-052533_541985-013823.parquet,real_data_sample\l2_unseen_validation\trade_date=2026-07-17\exchange=NSE\symbol=ULTRACEMCO\part-052533_541985-013823.parquet,34681,downloaded,34681,
2026-07-17,NSE,ULTRACEMCO,raw_l2/trade_date=2026-07-17/exchange=NSE/symbol=ULTRACEMCO/part-052424_044158-013663.parquet,real_data_sample\l2_unseen_validation\trade_date=2026-07-17\exchange=NSE\symbol=ULTRACEMCO\part-052424_044158-013663.parquet,34604,downloaded,34604,
2026-07-17,NSE,ULTRACEMCO,raw_l2/trade_date=2026-07-17/exchange=NSE/symbol=ULTRACEMCO/part-052505_646305-013759.parquet,real_data_sample\l2_unseen_validation\trade_date=2026-07-17\exchange=NSE\symbol=ULTRACEMCO\part-052505_646305-013759.parquet,34513,downloaded,34513,
2026-07-17,NSE,ULTRACEMCO,raw_l2/trade_date=2026-07-17/exchange=NSE/symbol=ULTRACEMCO/part-052451_737993-013727.parquet,real_data_sample\l2_unseen_validation\trade_date=2026-07-17\exchange=NSE\symbol=ULTRACEMCO\part-052451_737993-013727.parquet,34679,downloaded,34679,
2026-07-17,NSE,ULTRACEMCO,raw_l2/trade_date=2026-07-17/exchange=NSE/symbol=ULTRACEMCO/part-052437_931851-013695.parquet,real_data_sample\l2_unseen_validation\trade_date=2026-07-17\exchange=NSE\symbol=ULTRACEMCO\part-052437_931851-013695.parquet,34415,downloaded,34415,
2026-07-17,NSE,ULTRACEMCO,raw_l2/trade_date=2026-07-17/exchange=NSE/symbol=ULTRACEMCO/part-052409_993069-013631.parquet,real_data_sample\l2_unseen_validation\trade_date=2026-07-17\exchange=NSE\symbol=ULTRACEMCO\part-052409_993069-013631.parquet,34641,downloaded,34641,
2026-07-17,NSE,ULTRACEMCO,raw_l2/trade_date=2026-07-17/exchange=NSE/symbol=ULTRACEMCO/part-053000_937947-014431.parquet,real_data_sample\l2_unseen_validation\trade_date=2026-07-17\exchange=NSE\symbol=ULTRACEMCO\part-053000_937947-014431.parquet,34536,downloaded,34536,
2026-07-17,NSE,ULTRACEMCO,raw_l2/trade_date=2026-07-17/exchange=NSE/symbol=ULTRACEMCO/part-052616_098651-013919.parquet,real_data_sample\l2_unseen_validation\trade_date=2026-07-17\exchange=NSE\symbol=ULTRACEMCO\part-052616_098651-013919.parquet,34643,downloaded,34643,
2026-07-17,NSE,ULTRACEMCO,raw_l2/trade_date=2026-07-17/exchange=NSE/symbol=ULTRACEMCO/part-052547_688928-013855.parquet,real_data_sample\l2_unseen_validation\trade_date=2026-07-17\exchange=NSE\symbol=ULTRACEMCO\part-052547_688928-013855.parquet,34810,downloaded,34810,
2026-07-17,NSE,ULTRACEMCO,raw_l2/trade_date=2026-07-17/exchange=NSE/symbol=ULTRACEMCO/part-052658_342947-014015.parquet,real_data_sample\l2_unseen_validation\trade_date=2026-07-17\exchange=NSE\symbol=ULTRACEMCO\part-052658_342947-014015.parquet,34826,downloaded,34826,
2026-07-17,NSE,ULTRACEMCO,raw_l2/trade_date=2026-07-17/exchange=NSE/symbol=ULTRACEMCO/part-053058_333915-014559.parquet,real_data_sample\l2_unseen_validation\trade_date=2026-07-17\exchange=NSE\symbol=ULTRACEMCO\part-053058_333915-014559.parquet,34691,downloaded,34691,
2026-07-17,NSE,ULTRACEMCO,raw_l2/trade_date=2026-07-17/exchange=NSE/symbol=ULTRACEMCO/part-053044_345774-014527.parquet,real_data_sample\l2_unseen_validation\trade_date=2026-07-17\exchange=NSE\symbol=ULTRACEMCO\part-053044_345774-014527.parquet,34661,downloaded,34661,
2026-07-17,NSE,ULTRACEMCO,raw_l2/trade_date=2026-07-17/exchange=NSE/symbol=ULTRACEMCO/part-053016_196254-014463.parquet,real_data_sample\l2_unseen_validation\trade_date=2026-07-17\exchange=NSE\symbol=ULTRACEMCO\part-053016_196254-014463.parquet,34491,downloaded,34491,
2026-07-17,NSE,ULTRACEMCO,raw_l2/trade_date=2026-07-17/exchange=NSE/symbol=ULTRACEMCO/part-052754_221441-014143.parquet,real_data_sample\l2_unseen_validation\trade_date=2026-07-17\exchange=NSE\symbol=ULTRACEMCO\part-052754_221441-014143.parquet,34597,downloaded,34597,
2026-07-17,NSE,ULTRACEMCO,raw_l2/trade_date=2026-07-17/exchange=NSE/symbol=ULTRACEMCO/part-053030_464343-014495.parquet,real_data_sample\l2_unseen_validation\trade_date=2026-07-17\exchange=NSE\symbol=ULTRACEMCO\part-053030_464343-014495.parquet,34433,downloaded,34433,
2026-07-17,NSE,ULTRACEMCO,raw_l2/trade_date=2026-07-17/exchange=NSE/symbol=ULTRACEMCO/part-052904_964621-014303.parquet,real_data_sample\l2_unseen_validation\trade_date=2026-07-17\exchange=NSE\symbol=ULTRACEMCO\part-052904_964621-014303.parquet,34579,downloaded,34579,
2026-07-17,NSE,ULTRACEMCO,raw_l2/trade_date=2026-07-17/exchange=NSE/symbol=ULTRACEMCO/part-053113_108324-014591.parquet,real_data_sample\l2_unseen_validation\trade_date=2026-07-17\exchange=NSE\symbol=ULTRACEMCO\part-053113_108324-014591.parquet,34626,downloaded,34626,
2026-07-17,NSE,ULTRACEMCO,raw_l2/trade_date=2026-07-17/exchange=NSE/symbol=ULTRACEMCO/part-052726_375755-014079.parquet,real_data_sample\l2_unseen_validation\trade_date=2026-07-17\exchange=NSE\symbol=ULTRACEMCO\part-052726_375755-014079.parquet,34583,downloaded,34583,
2026-07-17,NSE,ULTRACEMCO,raw_l2/trade_date=2026-07-17/exchange=NSE/symbol=ULTRACEMCO/part-052836_383965-014239.parquet,real_data_sample\l2_unseen_validation\trade_date=2026-07-17\exchange=NSE\symbol=ULTRACEMCO\part-052836_383965-014239.parquet,34659,downloaded,34659,
2026-07-17,NSE,ULTRACEMCO,raw_l2/trade_date=2026-07-17/exchange=NSE/symbol=ULTRACEMCO/part-052850_756636-014271.parquet,real_data_sample\l2_unseen_validation\trade_date=2026-07-17\exchange=NSE\symbol=ULTRACEMCO\part-052850_756636-014271.parquet,34721,downloaded,34721,
2026-07-17,NSE,ULTRACEMCO,raw_l2/trade_date=2026-07-17/exchange=NSE/symbol=ULTRACEMCO/part-052712_409941-014047.parquet,real_data_sample\l2_unseen_validation\trade_date=2026-07-17\exchange=NSE\symbol=ULTRACEMCO\part-052712_409941-014047.parquet,34579,downloaded,34579,
2026-07-17,NSE,ULTRACEMCO,raw_l2/trade_date=2026-07-17/exchange=NSE/symbol=ULTRACEMCO/part-052946_818317-014399.parquet,real_data_sample\l2_unseen_validation\trade_date=2026-07-17\exchange=NSE\symbol=ULTRACEMCO\part-052946_818317-014399.parquet,34701,downloaded,34701,
2026-07-17,NSE,ULTRACEMCO,raw_l2/trade_date=2026-07-17/exchange=NSE/symbol=ULTRACEMCO/part-052932_791881-014367.parquet,real_data_sample\l2_unseen_validation\trade_date=2026-07-17\exchange=NSE\symbol=ULTRACEMCO\part-052932_791881-014367.parquet,34407,downloaded,34407,
2026-07-17,NSE,ULTRACEMCO,raw_l2/trade_date=2026-07-17/exchange=NSE/symbol=ULTRACEMCO/part-052630_064041-013951.parquet,real_data_sample\l2_unseen_validation\trade_date=2026-07-17\exchange=NSE\symbol=ULTRACEMCO\part-052630_064041-013951.parquet,34390,downloaded,34390,
2026-07-17,NSE,ULTRACEMCO,raw_l2/trade_date=2026-07-17/exchange=NSE/symbol=ULTRACEMCO/part-052644_131791-013983.parquet,real_data_sample\l2_unseen_validation\trade_date=2026-07-17\exchange=NSE\symbol=ULTRACEMCO\part-052644_131791-013983.parquet,34517,downloaded,34517,
2026-07-17,NSE,ULTRACEMCO,raw_l2/trade_date=2026-07-17/exchange=NSE/symbol=ULTRACEMCO/part-052918_844135-014335.parquet,real_data_sample\l2_unseen_validation\trade_date=2026-07-17\exchange=NSE\symbol=ULTRACEMCO\part-052918_844135-014335.parquet,34435,downloaded,34435,
2026-07-17,NSE,ULTRACEMCO,raw_l2/trade_date=2026-07-17/exchange=NSE/symbol=ULTRACEMCO/part-052822_263816-014207.parquet,real_data_sample\l2_unseen_validation\trade_date=2026-07-17\exchange=NSE\symbol=ULTRACEMCO\part-052822_263816-014207.parquet,34522,downloaded,34522,
2026-07-17,NSE,ULTRACEMCO,raw_l2/trade_date=2026-07-17/exchange=NSE/symbol=ULTRACEMCO/part-052601_738844-013887.parquet,real_data_sample\l2_unseen_validation\trade_date=2026-07-17\exchange=NSE\symbol=ULTRACEMCO\part-052601_738844-013887.parquet,34625,downloaded,34625,
2026-07-17,NSE,ULTRACEMCO,raw_l2/trade_date=2026-07-17/exchange=NSE/symbol=ULTRACEMCO/part-052740_288690-014111.parquet,real_data_sample\l2_unseen_validation\trade_date=2026-07-17\exchange=NSE\symbol=ULTRACEMCO\part-052740_288690-014111.parquet,34652,downloaded,34652,
2026-07-17,NSE,ULTRACEMCO,raw_l2/trade_date=2026-07-17/exchange=NSE/symbol=ULTRACEMCO/part-053127_297663-014623.parquet,real_data_sample\l2_unseen_validation\trade_date=2026-07-17\exchange=NSE\symbol=ULTRACEMCO\part-053127_297663-014623.parquet,34688,downloaded,34688,
2026-07-17,NSE,ULTRACEMCO,raw_l2/trade_date=2026-07-17/exchange=NSE/symbol=ULTRACEMCO/part-052808_102317-014175.parquet,real_data_sample\l2_unseen_validation\trade_date=2026-07-17\exchange=NSE\symbol=ULTRACEMCO\part-052808_102317-014175.parquet,34461,downloaded,34461,
2026-07-17,NSE,ULTRACEMCO,raw_l2/trade_date=2026-07-17/exchange=NSE/symbol=ULTRACEMCO/part-053141_226693-014655.parquet,real_data_sample\l2_unseen_validation\trade_date=2026-07-17\exchange=NSE\symbol=ULTRACEMCO\part-053141_226693-014655.parquet,34705,downloaded,34705,
2026-07-17,NSE,ULTRACEMCO,raw_l2/trade_date=2026-07-17/exchange=NSE/symbol=ULTRACEMCO/part-053155_004030-014687.parquet,real_data_sample\l2_unseen_validation\trade_date=2026-07-17\exchange=NSE\symbol=ULTRACEMCO\part-053155_004030-014687.parquet,34652,downloaded,34652,
2026-07-17,NSE,ULTRACEMCO,raw_l2/trade_date=2026-07-17/exchange=NSE/symbol=ULTRACEMCO/part-053251_325647-014815.parquet,real_data_sample\l2_unseen_validation\trade_date=2026-07-17\exchange=NSE\symbol=ULTRACEMCO\part-053251_325647-014815.parquet,34717,downloaded,34717,
2026-07-17,NSE,ULTRACEMCO,raw_l2/trade_date=2026-07-17/exchange=NSE/symbol=ULTRACEMCO/part-053237_329453-014783.parquet,real_data_sample\l2_unseen_validation\trade_date=2026-07-17\exchange=NSE\symbol=ULTRACEMCO\part-053237_329453-014783.parquet,34625,downloaded,34625,
2026-07-17,NSE,ULTRACEMCO,raw_l2/trade_date=2026-07-17/exchange=NSE/symbol=ULTRACEMCO/part-053209_363263-014719.parquet,real_data_sample\l2_unseen_validation\trade_date=2026-07-17\exchange=NSE\symbol=ULTRACEMCO\part-053209_363263-014719.parquet,34806,downloaded,34806,
2026-07-17,NSE,ULTRACEMCO,raw_l2/trade_date=2026-07-17/exchange=NSE/symbol=ULTRACEMCO/part-053305_434694-014847.parquet,real_data_sample\l2_unseen_validation\trade_date=2026-07-17\exchange=NSE\symbol=ULTRACEMCO\part-053305_434694-014847.parquet,34856,downloaded,34856,
2026-07-17,NSE,ULTRACEMCO,raw_l2/trade_date=2026-07-17/exchange=NSE/symbol=ULTRACEMCO/part-053319_534667-014879.parquet,real_data_sample\l2_unseen_validation\trade_date=2026-07-17\exchange=NSE\symbol=ULTRACEMCO\part-053319_534667-014879.parquet,34858,downloaded,34858,
2026-07-17,NSE,ULTRACEMCO,raw_l2/trade_date=2026-07-17/exchange=NSE/symbol=ULTRACEMCO/part-053333_663685-014911.parquet,real_data_sample\l2_unseen_validation\trade_date=2026-07-17\exchange=NSE\symbol=ULTRACEMCO\part-053333_663685-014911.parquet,35259,downloaded,35259,
2026-07-17,NSE,ULTRACEMCO,raw_l2/trade_date=2026-07-17/exchange=NSE/symbol=ULTRACEMCO/part-053443_189292-015071.parquet,real_data_sample\l2_unseen_validation\trade_date=2026-07-17\exchange=NSE\symbol=ULTRACEMCO\part-053443_189292-015071.parquet,35049,downloaded,35049,
2026-07-17,NSE,ULTRACEMCO,raw_l2/trade_date=2026-07-17/exchange=NSE/symbol=ULTRACEMCO/part-053634_517799-015327.parquet,real_data_sample\l2_unseen_validation\trade_date=2026-07-17\exchange=NSE\symbol=ULTRACEMCO\part-053634_517799-015327.parquet,35742,downloaded,35742,
2026-07-17,NSE,ULTRACEMCO,raw_l2/trade_date=2026-07-17/exchange=NSE/symbol=ULTRACEMCO/part-053524_815113-015167.parquet,real_data_sample\l2_unseen_validation\trade_date=2026-07-17\exchange=NSE\symbol=ULTRACEMCO\part-053524_815113-015167.parquet,35308,downloaded,35308,
2026-07-17,NSE,ULTRACEMCO,raw_l2/trade_date=2026-07-17/exchange=NSE/symbol=ULTRACEMCO/part-053456_789176-015103.parquet,real_data_sample\l2_unseen_validation\trade_date=2026-07-17\exchange=NSE\symbol=ULTRACEMCO\part-053456_789176-015103.parquet,35246,downloaded,35246,
2026-07-17,NSE,ULTRACEMCO,raw_l2/trade_date=2026-07-17/exchange=NSE/symbol=ULTRACEMCO/part-053538_568188-015199.parquet,real_data_sample\l2_unseen_validation\trade_date=2026-07-17\exchange=NSE\symbol=ULTRACEMCO\part-053538_568188-015199.parquet,34908,downloaded,34908,
2026-07-17,NSE,ULTRACEMCO,raw_l2/trade_date=2026-07-17/exchange=NSE/symbol=ULTRACEMCO/part-053825_980845-015583.parquet,real_data_sample\l2_unseen_validation\trade_date=2026-07-17\exchange=NSE\symbol=ULTRACEMCO\part-053825_980845-015583.parquet,34690,downloaded,34690,
2026-07-17,NSE,ULTRACEMCO,raw_l2/trade_date=2026-07-17/exchange=NSE/symbol=ULTRACEMCO/part-053401_623776-014975.parquet,real_data_sample\l2_unseen_validation\trade_date=2026-07-17\exchange=NSE\symbol=ULTRACEMCO\part-053401_623776-014975.parquet,35346,downloaded,35346,
2026-07-17,NSE,ULTRACEMCO,raw_l2/trade_date=2026-07-17/exchange=NSE/symbol=ULTRACEMCO/part-053730_154678-015455.parquet,real_data_sample\l2_unseen_validation\trade_date=2026-07-17\exchange=NSE\symbol=ULTRACEMCO\part-053730_154678-015455.parquet,35574,downloaded,35574,
2026-07-17,NSE,ULTRACEMCO,raw_l2/trade_date=2026-07-17/exchange=NSE/symbol=ULTRACEMCO/part-053347_433679-014943.parquet,real_data_sample\l2_unseen_validation\trade_date=2026-07-17\exchange=NSE\symbol=ULTRACEMCO\part-053347_433679-014943.parquet,35040,downloaded,35040,
2026-07-17,NSE,ULTRACEMCO,raw_l2/trade_date=2026-07-17/exchange=NSE/symbol=ULTRACEMCO/part-053606_256708-015263.parquet,real_data_sample\l2_unseen_validation\trade_date=2026-07-17\exchange=NSE\symbol=ULTRACEMCO\part-053606_256708-015263.parquet,35395,downloaded,35395,
2026-07-17,NSE,ULTRACEMCO,raw_l2/trade_date=2026-07-17/exchange=NSE/symbol=ULTRACEMCO/part-053510_877834-015135.parquet,real_data_sample\l2_unseen_validation\trade_date=2026-07-17\exchange=NSE\symbol=ULTRACEMCO\part-053510_877834-015135.parquet,35101,downloaded,35101,
2026-07-17,NSE,ULTRACEMCO,raw_l2/trade_date=2026-07-17/exchange=NSE/symbol=ULTRACEMCO/part-053429_419878-015039.parquet,real_data_sample\l2_unseen_validation\trade_date=2026-07-17\exchange=NSE\symbol=ULTRACEMCO\part-053429_419878-015039.parquet,35095,downloaded,35095,
2026-07-17,NSE,ULTRACEMCO,raw_l2/trade_date=2026-07-17/exchange=NSE/symbol=ULTRACEMCO/part-053839_995651-015615.parquet,real_data_sample\l2_unseen_validation\trade_date=2026-07-17\exchange=NSE\symbol=ULTRACEMCO\part-053839_995651-015615.parquet,35361,downloaded,35361,
2026-07-17,NSE,ULTRACEMCO,raw_l2/trade_date=2026-07-17/exchange=NSE/symbol=ULTRACEMCO/part-053757_901868-015519.parquet,real_data_sample\l2_unseen_validation\trade_date=2026-07-17\exchange=NSE\symbol=ULTRACEMCO\part-053757_901868-015519.parquet,35341,downloaded,35341,
2026-07-17,NSE,ULTRACEMCO,raw_l2/trade_date=2026-07-17/exchange=NSE/symbol=ULTRACEMCO/part-053552_468491-015231.parquet,real_data_sample\l2_unseen_validation\trade_date=2026-07-17\exchange=NSE\symbol=ULTRACEMCO\part-053552_468491-015231.parquet,35022,downloaded,35022,
2026-07-17,NSE,ULTRACEMCO,raw_l2/trade_date=2026-07-17/exchange=NSE/symbol=ULTRACEMCO/part-053716_433097-015423.parquet,real_data_sample\l2_unseen_validation\trade_date=2026-07-17\exchange=NSE\symbol=ULTRACEMCO\part-053716_433097-015423.parquet,35533,downloaded,35533,
2026-07-17,NSE,ULTRACEMCO,raw_l2/trade_date=2026-07-17/exchange=NSE/symbol=ULTRACEMCO/part-053811_748906-015551.parquet,real_data_sample\l2_unseen_validation\trade_date=2026-07-17\exchange=NSE\symbol=ULTRACEMCO\part-053811_748906-015551.parquet,35210,downloaded,35210,
2026-07-17,NSE,ULTRACEMCO,raw_l2/trade_date=2026-07-17/exchange=NSE/symbol=ULTRACEMCO/part-053744_045545-015487.parquet,real_data_sample\l2_unseen_validation\trade_date=2026-07-17\exchange=NSE\symbol=ULTRACEMCO\part-053744_045545-015487.parquet,35477,downloaded,35477,
2026-07-17,NSE,ULTRACEMCO,raw_l2/trade_date=2026-07-17/exchange=NSE/symbol=ULTRACEMCO/part-053415_698654-015007.parquet,real_data_sample\l2_unseen_validation\trade_date=2026-07-17\exchange=NSE\symbol=ULTRACEMCO\part-053415_698654-015007.parquet,35291,downloaded,35291,
2026-07-17,NSE,ULTRACEMCO,raw_l2/trade_date=2026-07-17/exchange=NSE/symbol=ULTRACEMCO/part-053921_804593-015711.parquet,real_data_sample\l2_unseen_validation\trade_date=2026-07-17\exchange=NSE\symbol=ULTRACEMCO\part-053921_804593-015711.parquet,34855,downloaded,34855,
2026-07-17,NSE,ULTRACEMCO,raw_l2/trade_date=2026-07-17/exchange=NSE/symbol=ULTRACEMCO/part-053907_642209-015679.parquet,real_data_sample\l2_unseen_validation\trade_date=2026-07-17\exchange=NSE\symbol=ULTRACEMCO\part-053907_642209-015679.parquet,34855,downloaded,34855,
2026-07-17,NSE,ULTRACEMCO,raw_l2/trade_date=2026-07-17/exchange=NSE/symbol=ULTRACEMCO/part-053853_921593-015647.parquet,real_data_sample\l2_unseen_validation\trade_date=2026-07-17\exchange=NSE\symbol=ULTRACEMCO\part-053853_921593-015647.parquet,35116,downloaded,35116,
2026-07-17,NSE,ULTRACEMCO,raw_l2/trade_date=2026-07-17/exchange=NSE/symbol=ULTRACEMCO/part-053935_673959-015743.parquet,real_data_sample\l2_unseen_validation\trade_date=2026-07-17\exchange=NSE\symbol=ULTRACEMCO\part-053935_673959-015743.parquet,34576,downloaded,34576,
2026-07-17,NSE,ULTRACEMCO,raw_l2/trade_date=2026-07-17/exchange=NSE/symbol=ULTRACEMCO/part-053648_424006-015359.parquet,real_data_sample\l2_unseen_validation\trade_date=2026-07-17\exchange=NSE\symbol=ULTRACEMCO\part-053648_424006-015359.parquet,35126,downloaded,35126,
2026-07-17,NSE,ULTRACEMCO,raw_l2/trade_date=2026-07-17/exchange=NSE/symbol=ULTRACEMCO/part-053702_386576-015391.parquet,real_data_sample\l2_unseen_validation\trade_date=2026-07-17\exchange=NSE\symbol=ULTRACEMCO\part-053702_386576-015391.parquet,35050,downloaded,35050,
2026-07-17,NSE,ULTRACEMCO,raw_l2/trade_date=2026-07-17/exchange=NSE/symbol=ULTRACEMCO/part-053949_496369-015775.parquet,real_data_sample\l2_unseen_validation\trade_date=2026-07-17\exchange=NSE\symbol=ULTRACEMCO\part-053949_496369-015775.parquet,34573,downloaded,34573,
2026-07-17,NSE,ULTRACEMCO,raw_l2/trade_date=2026-07-17/exchange=NSE/symbol=ULTRACEMCO/part-053620_279106-015295.parquet,real_data_sample\l2_unseen_validation\trade_date=2026-07-17\exchange=NSE\symbol=ULTRACEMCO\part-053620_279106-015295.parquet,35196,downloaded,35196,
2026-07-17,NSE,ULTRACEMCO,raw_l2/trade_date=2026-07-17/exchange=NSE/symbol=ULTRACEMCO/part-054003_634502-015807.parquet,real_data_sample\l2_unseen_validation\trade_date=2026-07-17\exchange=NSE\symbol=ULTRACEMCO\part-054003_634502-015807.parquet,34576,downloaded,34576,
2026-07-17,NSE,ULTRACEMCO,raw_l2/trade_date=2026-07-17/exchange=NSE/symbol=ULTRACEMCO/part-054017_347160-015839.parquet,real_data_sample\l2_unseen_validation\trade_date=2026-07-17\exchange=NSE\symbol=ULTRACEMCO\part-054017_347160-015839.parquet,34857,downloaded,34857,
2026-07-17,NSE,ULTRACEMCO,raw_l2/trade_date=2026-07-17/exchange=NSE/symbol=ULTRACEMCO/part-054031_403216-015871.parquet,real_data_sample\l2_unseen_validation\trade_date=2026-07-17\exchange=NSE\symbol=ULTRACEMCO\part-054031_403216-015871.parquet,34697,downloaded,34697,
2026-07-17,NSE,ULTRACEMCO,raw_l2/trade_date=2026-07-17/exchange=NSE/symbol=ULTRACEMCO/part-054045_291194-015903.parquet,real_data_sample\l2_unseen_validation\trade_date=2026-07-17\exchange=NSE\symbol=ULTRACEMCO\part-054045_291194-015903.parquet,34805,downloaded,34805,
2026-07-17,NSE,ULTRACEMCO,raw_l2/trade_date=2026-07-17/exchange=NSE/symbol=ULTRACEMCO/part-054113_210353-015967.parquet,real_data_sample\l2_unseen_validation\trade_date=2026-07-17\exchange=NSE\symbol=ULTRACEMCO\part-054113_210353-015967.parquet,34738,downloaded,34738,
2026-07-17,NSE,ULTRACEMCO,raw_l2/trade_date=2026-07-17/exchange=NSE/symbol=ULTRACEMCO/part-054059_240911-015935.parquet,real_data_sample\l2_unseen_validation\trade_date=2026-07-17\exchange=NSE\symbol=ULTRACEMCO\part-054059_240911-015935.parquet,34611,downloaded,34611,
2026-07-17,NSE,ULTRACEMCO,raw_l2/trade_date=2026-07-17/exchange=NSE/symbol=ULTRACEMCO/part-054126_927507-015999.parquet,real_data_sample\l2_unseen_validation\trade_date=2026-07-17\exchange=NSE\symbol=ULTRACEMCO\part-054126_927507-015999.parquet,35174,downloaded,35174,
2026-07-17,NSE,ULTRACEMCO,raw_l2/trade_date=2026-07-17/exchange=NSE/symbol=ULTRACEMCO/part-054222_422009-016127.parquet,real_data_sample\l2_unseen_validation\trade_date=2026-07-17\exchange=NSE\symbol=ULTRACEMCO\part-054222_422009-016127.parquet,34530,downloaded,34530,
2026-07-17,NSE,ULTRACEMCO,raw_l2/trade_date=2026-07-17/exchange=NSE/symbol=ULTRACEMCO/part-054236_253489-016159.parquet,real_data_sample\l2_unseen_validation\trade_date=2026-07-17\exchange=NSE\symbol=ULTRACEMCO\part-054236_253489-016159.parquet,34553,downloaded,34553,
2026-07-17,NSE,ULTRACEMCO,raw_l2/trade_date=2026-07-17/exchange=NSE/symbol=ULTRACEMCO/part-054154_499534-016063.parquet,real_data_sample\l2_unseen_validation\trade_date=2026-07-17\exchange=NSE\symbol=ULTRACEMCO\part-054154_499534-016063.parquet,35043,downloaded,35043,
2026-07-17,NSE,ULTRACEMCO,raw_l2/trade_date=2026-07-17/exchange=NSE/symbol=ULTRACEMCO/part-054140_645322-016031.parquet,real_data_sample\l2_unseen_validation\trade_date=2026-07-17\exchange=NSE\symbol=ULTRACEMCO\part-054140_645322-016031.parquet,35077,downloaded,35077,
2026-07-17,NSE,ULTRACEMCO,raw_l2/trade_date=2026-07-17/exchange=NSE/symbol=ULTRACEMCO/part-054208_472063-016095.parquet,real_data_sample\l2_unseen_validation\trade_date=2026-07-17\exchange=NSE\symbol=ULTRACEMCO\part-054208_472063-016095.parquet,34699,downloaded,34699,
2026-07-17,NSE,ULTRACEMCO,raw_l2/trade_date=2026-07-17/exchange=NSE/symbol=ULTRACEMCO/part-054250_262846-016191.parquet,real_data_sample\l2_unseen_validation\trade_date=2026-07-17\exchange=NSE\symbol=ULTRACEMCO\part-054250_262846-016191.parquet,34445,downloaded,34445,
2026-07-17,NSE,ULTRACEMCO,raw_l2/trade_date=2026-07-17/exchange=NSE/symbol=ULTRACEMCO/part-054304_277123-016223.parquet,real_data_sample\l2_unseen_validation\trade_date=2026-07-17\exchange=NSE\symbol=ULTRACEMCO\part-054304_277123-016223.parquet,34372,downloaded,34372,
2026-07-17,NSE,ULTRACEMCO,raw_l2/trade_date=2026-07-17/exchange=NSE/symbol=ULTRACEMCO/part-054318_169184-016255.parquet,real_data_sample\l2_unseen_validation\trade_date=2026-07-17\exchange=NSE\symbol=ULTRACEMCO\part-054318_169184-016255.parquet,34662,downloaded,34662,
2026-07-17,NSE,ULTRACEMCO,raw_l2/trade_date=2026-07-17/exchange=NSE/symbol=ULTRACEMCO/part-054332_039756-016287.parquet,real_data_sample\l2_unseen_validation\trade_date=2026-07-17\exchange=NSE\symbol=ULTRACEMCO\part-054332_039756-016287.parquet,34644,downloaded,34644,
2026-07-17,NSE,ULTRACEMCO,raw_l2/trade_date=2026-07-17/exchange=NSE/symbol=ULTRACEMCO/part-054345_897583-016319.parquet,real_data_sample\l2_unseen_validation\trade_date=2026-07-17\exchange=NSE\symbol=ULTRACEMCO\part-054345_897583-016319.parquet,34652,downloaded,34652,
2026-07-17,NSE,ULTRACEMCO,raw_l2/trade_date=2026-07-17/exchange=NSE/symbol=ULTRACEMCO/part-054523_149817-016543.parquet,real_data_sample\l2_unseen_validation\trade_date=2026-07-17\exchange=NSE\symbol=ULTRACEMCO\part-054523_149817-016543.parquet,34697,downloaded,34697,
2026-07-17,NSE,ULTRACEMCO,raw_l2/trade_date=2026-07-17/exchange=NSE/symbol=ULTRACEMCO/part-054441_473853-016447.parquet,real_data_sample\l2_unseen_validation\trade_date=2026-07-17\exchange=NSE\symbol=ULTRACEMCO\part-054441_473853-016447.parquet,34517,downloaded,34517,
2026-07-17,NSE,ULTRACEMCO,raw_l2/trade_date=2026-07-17/exchange=NSE/symbol=ULTRACEMCO/part-054509_246035-016511.parquet,real_data_sample\l2_unseen_validation\trade_date=2026-07-17\exchange=NSE\symbol=ULTRACEMCO\part-054509_246035-016511.parquet,34491,downloaded,34491,
2026-07-17,NSE,ULTRACEMCO,raw_l2/trade_date=2026-07-17/exchange=NSE/symbol=ULTRACEMCO/part-054604_784617-016639.parquet,real_data_sample\l2_unseen_validation\trade_date=2026-07-17\exchange=NSE\symbol=ULTRACEMCO\part-054604_784617-016639.parquet,34318,downloaded,34318,
2026-07-17,NSE,ULTRACEMCO,raw_l2/trade_date=2026-07-17/exchange=NSE/symbol=ULTRACEMCO/part-054427_663689-016415.parquet,real_data_sample\l2_unseen_validation\trade_date=2026-07-17\exchange=NSE\symbol=ULTRACEMCO\part-054427_663689-016415.parquet,34334,downloaded,34334,
2026-07-17,NSE,ULTRACEMCO,raw_l2/trade_date=2026-07-17/exchange=NSE/symbol=ULTRACEMCO/part-054742_520539-016863.parquet,real_data_sample\l2_unseen_validation\trade_date=2026-07-17\exchange=NSE\symbol=ULTRACEMCO\part-054742_520539-016863.parquet,34500,downloaded,34500,
2026-07-17,NSE,ULTRACEMCO,raw_l2/trade_date=2026-07-17/exchange=NSE/symbol=ULTRACEMCO/part-054359_789700-016351.parquet,real_data_sample\l2_unseen_validation\trade_date=2026-07-17\exchange=NSE\symbol=ULTRACEMCO\part-054359_789700-016351.parquet,34860,downloaded,34860,
2026-07-17,NSE,ULTRACEMCO,raw_l2/trade_date=2026-07-17/exchange=NSE/symbol=ULTRACEMCO/part-054455_435245-016479.parquet,real_data_sample\l2_unseen_validation\trade_date=2026-07-17\exchange=NSE\symbol=ULTRACEMCO\part-054455_435245-016479.parquet,34672,downloaded,34672,
2026-07-17,NSE,ULTRACEMCO,raw_l2/trade_date=2026-07-17/exchange=NSE/symbol=ULTRACEMCO/part-054413_755558-016383.parquet,real_data_sample\l2_unseen_validation\trade_date=2026-07-17\exchange=NSE\symbol=ULTRACEMCO\part-054413_755558-016383.parquet,34819,downloaded,34819,
2026-07-17,NSE,ULTRACEMCO,raw_l2/trade_date=2026-07-17/exchange=NSE/symbol=ULTRACEMCO/part-054537_018623-016575.parquet,real_data_sample\l2_unseen_validation\trade_date=2026-07-17\exchange=NSE\symbol=ULTRACEMCO\part-054537_018623-016575.parquet,34443,downloaded,34443,
2026-07-17,NSE,ULTRACEMCO,raw_l2/trade_date=2026-07-17/exchange=NSE/symbol=ULTRACEMCO/part-054618_668505-016671.parquet,real_data_sample\l2_unseen_validation\trade_date=2026-07-17\exchange=NSE\symbol=ULTRACEMCO\part-054618_668505-016671.parquet,34373,downloaded,34373,
2026-07-17,NSE,ULTRACEMCO,raw_l2/trade_date=2026-07-17/exchange=NSE/symbol=ULTRACEMCO/part-054550_948377-016607.parquet,real_data_sample\l2_unseen_validation\trade_date=2026-07-17\exchange=NSE\symbol=ULTRACEMCO\part-054550_948377-016607.parquet,34803,downloaded,34803,
2026-07-17,NSE,ULTRACEMCO,raw_l2/trade_date=2026-07-17/exchange=NSE/symbol=ULTRACEMCO/part-054714_321912-016799.parquet,real_data_sample\l2_unseen_validation\trade_date=2026-07-17\exchange=NSE\symbol=ULTRACEMCO\part-054714_321912-016799.parquet,34501,downloaded,34501,
2026-07-17,NSE,ULTRACEMCO,raw_l2/trade_date=2026-07-17/exchange=NSE/symbol=ULTRACEMCO/part-054728_397984-016831.parquet,real_data_sample\l2_unseen_validation\trade_date=2026-07-17\exchange=NSE\symbol=ULTRACEMCO\part-054728_397984-016831.parquet,34447,downloaded,34447,
2026-07-17,NSE,ULTRACEMCO,raw_l2/trade_date=2026-07-17/exchange=NSE/symbol=ULTRACEMCO/part-054646_238685-016735.parquet,real_data_sample\l2_unseen_validation\trade_date=2026-07-17\exchange=NSE\symbol=ULTRACEMCO\part-054646_238685-016735.parquet,34552,downloaded,34552,
2026-07-17,NSE,ULTRACEMCO,raw_l2/trade_date=2026-07-17/exchange=NSE/symbol=ULTRACEMCO/part-054632_440667-016703.parquet,real_data_sample\l2_unseen_validation\trade_date=2026-07-17\exchange=NSE\symbol=ULTRACEMCO\part-054632_440667-016703.parquet,34630,downloaded,34630,
2026-07-17,NSE,ULTRACEMCO,raw_l2/trade_date=2026-07-17/exchange=NSE/symbol=ULTRACEMCO/part-054700_106848-016767.parquet,real_data_sample\l2_unseen_validation\trade_date=2026-07-17\exchange=NSE\symbol=ULTRACEMCO\part-054700_106848-016767.parquet,34777,downloaded,34777,
2026-07-17,NSE,ULTRACEMCO,raw_l2/trade_date=2026-07-17/exchange=NSE/symbol=ULTRACEMCO/part-054756_638629-016895.parquet,real_data_sample\l2_unseen_validation\trade_date=2026-07-17\exchange=NSE\symbol=ULTRACEMCO\part-054756_638629-016895.parquet,34584,downloaded,34584,
2026-07-17,NSE,ULTRACEMCO,raw_l2/trade_date=2026-07-17/exchange=NSE/symbol=ULTRACEMCO/part-054810_587709-016927.parquet,real_data_sample\l2_unseen_validation\trade_date=2026-07-17\exchange=NSE\symbol=ULTRACEMCO\part-054810_587709-016927.parquet,34561,downloaded,34561,
2026-07-17,NSE,ULTRACEMCO,raw_l2/trade_date=2026-07-17/exchange=NSE/symbol=ULTRACEMCO/part-054824_884844-016959.parquet,real_data_sample\l2_unseen_validation\trade_date=2026-07-17\exchange=NSE\symbol=ULTRACEMCO\part-054824_884844-016959.parquet,34503,downloaded,34503,
2026-07-17,NSE,ULTRACEMCO,raw_l2/trade_date=2026-07-17/exchange=NSE/symbol=ULTRACEMCO/part-054853_210640-017023.parquet,real_data_sample\l2_unseen_validation\trade_date=2026-07-17\exchange=NSE\symbol=ULTRACEMCO\part-054853_210640-017023.parquet,34585,downloaded,34585,
2026-07-17,NSE,ULTRACEMCO,raw_l2/trade_date=2026-07-17/exchange=NSE/symbol=ULTRACEMCO/part-054921_576417-017087.parquet,real_data_sample\l2_unseen_validation\trade_date=2026-07-17\exchange=NSE\symbol=ULTRACEMCO\part-054921_576417-017087.parquet,34709,downloaded,34709,
2026-07-17,NSE,ULTRACEMCO,raw_l2/trade_date=2026-07-17/exchange=NSE/symbol=ULTRACEMCO/part-054839_163510-016991.parquet,real_data_sample\l2_unseen_validation\trade_date=2026-07-17\exchange=NSE\symbol=ULTRACEMCO\part-054839_163510-016991.parquet,34700,downloaded,34700,
2026-07-17,NSE,ULTRACEMCO,raw_l2/trade_date=2026-07-17/exchange=NSE/symbol=ULTRACEMCO/part-054907_235674-017055.parquet,real_data_sample\l2_unseen_validation\trade_date=2026-07-17\exchange=NSE\symbol=ULTRACEMCO\part-054907_235674-017055.parquet,34828,downloaded,34828,
2026-07-17,NSE,ULTRACEMCO,raw_l2/trade_date=2026-07-17/exchange=NSE/symbol=ULTRACEMCO/part-054935_891580-017119.parquet,real_data_sample\l2_unseen_validation\trade_date=2026-07-17\exchange=NSE\symbol=ULTRACEMCO\part-054935_891580-017119.parquet,34679,downloaded,34679,
2026-07-17,NSE,ULTRACEMCO,raw_l2/trade_date=2026-07-17/exchange=NSE/symbol=ULTRACEMCO/part-055018_985758-017215.parquet,real_data_sample\l2_unseen_validation\trade_date=2026-07-17\exchange=NSE\symbol=ULTRACEMCO\part-055018_985758-017215.parquet,34563,downloaded,34563,
2026-07-17,NSE,ULTRACEMCO,raw_l2/trade_date=2026-07-17/exchange=NSE/symbol=ULTRACEMCO/part-054950_228943-017151.parquet,real_data_sample\l2_unseen_validation\trade_date=2026-07-17\exchange=NSE\symbol=ULTRACEMCO\part-054950_228943-017151.parquet,34541,downloaded,34541,
2026-07-17,NSE,ULTRACEMCO,raw_l2/trade_date=2026-07-17/exchange=NSE/symbol=ULTRACEMCO/part-055004_889127-017183.parquet,real_data_sample\l2_unseen_validation\trade_date=2026-07-17\exchange=NSE\symbol=ULTRACEMCO\part-055004_889127-017183.parquet,34401,downloaded,34401,
2026-07-17,NSE,ULTRACEMCO,raw_l2/trade_date=2026-07-17/exchange=NSE/symbol=ULTRACEMCO/part-055033_439161-017247.parquet,real_data_sample\l2_unseen_validation\trade_date=2026-07-17\exchange=NSE\symbol=ULTRACEMCO\part-055033_439161-017247.parquet,34521,downloaded,34521,
2026-07-17,NSE,ULTRACEMCO,raw_l2/trade_date=2026-07-17/exchange=NSE/symbol=ULTRACEMCO/part-055047_875550-017279.parquet,real_data_sample\l2_unseen_validation\trade_date=2026-07-17\exchange=NSE\symbol=ULTRACEMCO\part-055047_875550-017279.parquet,34404,downloaded,34404,
2026-07-17,NSE,ULTRACEMCO,raw_l2/trade_date=2026-07-17/exchange=NSE/symbol=ULTRACEMCO/part-055230_327594-017503.parquet,real_data_sample\l2_unseen_validation\trade_date=2026-07-17\exchange=NSE\symbol=ULTRACEMCO\part-055230_327594-017503.parquet,34752,downloaded,34752,
2026-07-17,NSE,ULTRACEMCO,raw_l2/trade_date=2026-07-17/exchange=NSE/symbol=ULTRACEMCO/part-055132_119181-017375.parquet,real_data_sample\l2_unseen_validation\trade_date=2026-07-17\exchange=NSE\symbol=ULTRACEMCO\part-055132_119181-017375.parquet,34576,downloaded,34576,
2026-07-17,NSE,ULTRACEMCO,raw_l2/trade_date=2026-07-17/exchange=NSE/symbol=ULTRACEMCO/part-055521_356736-017887.parquet,real_data_sample\l2_unseen_validation\trade_date=2026-07-17\exchange=NSE\symbol=ULTRACEMCO\part-055521_356736-017887.parquet,34520,downloaded,34520,
2026-07-17,NSE,ULTRACEMCO,raw_l2/trade_date=2026-07-17/exchange=NSE/symbol=ULTRACEMCO/part-055146_703771-017407.parquet,real_data_sample\l2_unseen_validation\trade_date=2026-07-17\exchange=NSE\symbol=ULTRACEMCO\part-055146_703771-017407.parquet,34817,downloaded,34817,
2026-07-17,NSE,ULTRACEMCO,raw_l2/trade_date=2026-07-17/exchange=NSE/symbol=ULTRACEMCO/part-055439_433307-017791.parquet,real_data_sample\l2_unseen_validation\trade_date=2026-07-17\exchange=NSE\symbol=ULTRACEMCO\part-055439_433307-017791.parquet,34611,downloaded,34611,
2026-07-17,NSE,ULTRACEMCO,raw_l2/trade_date=2026-07-17/exchange=NSE/symbol=ULTRACEMCO/part-055201_422991-017439.parquet,real_data_sample\l2_unseen_validation\trade_date=2026-07-17\exchange=NSE\symbol=ULTRACEMCO\part-055201_422991-017439.parquet,34377,downloaded,34377,
2026-07-17,NSE,ULTRACEMCO,raw_l2/trade_date=2026-07-17/exchange=NSE/symbol=ULTRACEMCO/part-055102_643553-017311.parquet,real_data_sample\l2_unseen_validation\trade_date=2026-07-17\exchange=NSE\symbol=ULTRACEMCO\part-055102_643553-017311.parquet,34325,downloaded,34325,
2026-07-17,NSE,ULTRACEMCO,raw_l2/trade_date=2026-07-17/exchange=NSE/symbol=ULTRACEMCO/part-055215_829320-017471.parquet,real_data_sample\l2_unseen_validation\trade_date=2026-07-17\exchange=NSE\symbol=ULTRACEMCO\part-055215_829320-017471.parquet,34633,downloaded,34633,
2026-07-17,NSE,ULTRACEMCO,raw_l2/trade_date=2026-07-17/exchange=NSE/symbol=ULTRACEMCO/part-055117_040137-017343.parquet,real_data_sample\l2_unseen_validation\trade_date=2026-07-17\exchange=NSE\symbol=ULTRACEMCO\part-055117_040137-017343.parquet,34496,downloaded,34496,
2026-07-17,NSE,ULTRACEMCO,raw_l2/trade_date=2026-07-17/exchange=NSE/symbol=ULTRACEMCO/part-055314_169750-017599.parquet,real_data_sample\l2_unseen_validation\trade_date=2026-07-17\exchange=NSE\symbol=ULTRACEMCO\part-055314_169750-017599.parquet,34536,downloaded,34536,
2026-07-17,NSE,ULTRACEMCO,raw_l2/trade_date=2026-07-17/exchange=NSE/symbol=ULTRACEMCO/part-055259_766001-017567.parquet,real_data_sample\l2_unseen_validation\trade_date=2026-07-17\exchange=NSE\symbol=ULTRACEMCO\part-055259_766001-017567.parquet,34581,downloaded,34581,
2026-07-17,NSE,ULTRACEMCO,raw_l2/trade_date=2026-07-17/exchange=NSE/symbol=ULTRACEMCO/part-055411_277066-017727.parquet,real_data_sample\l2_unseen_validation\trade_date=2026-07-17\exchange=NSE\symbol=ULTRACEMCO\part-055411_277066-017727.parquet,34713,downloaded,34713,
2026-07-17,NSE,ULTRACEMCO,raw_l2/trade_date=2026-07-17/exchange=NSE/symbol=ULTRACEMCO/part-055617_663012-018015.parquet,real_data_sample\l2_unseen_validation\trade_date=2026-07-17\exchange=NSE\symbol=ULTRACEMCO\part-055617_663012-018015.parquet,34686,downloaded,34686,
2026-07-17,NSE,ULTRACEMCO,raw_l2/trade_date=2026-07-17/exchange=NSE/symbol=ULTRACEMCO/part-055245_379947-017535.parquet,real_data_sample\l2_unseen_validation\trade_date=2026-07-17\exchange=NSE\symbol=ULTRACEMCO\part-055245_379947-017535.parquet,34614,downloaded,34614,
2026-07-17,NSE,ULTRACEMCO,raw_l2/trade_date=2026-07-17/exchange=NSE/symbol=ULTRACEMCO/part-055342_837769-017663.parquet,real_data_sample\l2_unseen_validation\trade_date=2026-07-17\exchange=NSE\symbol=ULTRACEMCO\part-055342_837769-017663.parquet,34675,downloaded,34675,
2026-07-17,NSE,ULTRACEMCO,raw_l2/trade_date=2026-07-17/exchange=NSE/symbol=ULTRACEMCO/part-055328_298562-017631.parquet,real_data_sample\l2_unseen_validation\trade_date=2026-07-17\exchange=NSE\symbol=ULTRACEMCO\part-055328_298562-017631.parquet,34523,downloaded,34523,
2026-07-17,NSE,ULTRACEMCO,raw_l2/trade_date=2026-07-17/exchange=NSE/symbol=ULTRACEMCO/part-055507_497726-017855.parquet,real_data_sample\l2_unseen_validation\trade_date=2026-07-17\exchange=NSE\symbol=ULTRACEMCO\part-055507_497726-017855.parquet,34486,downloaded,34486,
2026-07-17,NSE,ULTRACEMCO,raw_l2/trade_date=2026-07-17/exchange=NSE/symbol=ULTRACEMCO/part-055425_368063-017759.parquet,real_data_sample\l2_unseen_validation\trade_date=2026-07-17\exchange=NSE\symbol=ULTRACEMCO\part-055425_368063-017759.parquet,34470,downloaded,34470,
2026-07-17,NSE,ULTRACEMCO,raw_l2/trade_date=2026-07-17/exchange=NSE/symbol=ULTRACEMCO/part-055357_110084-017695.parquet,real_data_sample\l2_unseen_validation\trade_date=2026-07-17\exchange=NSE\symbol=ULTRACEMCO\part-055357_110084-017695.parquet,34549,downloaded,34549,
2026-07-17,NSE,ULTRACEMCO,raw_l2/trade_date=2026-07-17/exchange=NSE/symbol=ULTRACEMCO/part-055453_387582-017823.parquet,real_data_sample\l2_unseen_validation\trade_date=2026-07-17\exchange=NSE\symbol=ULTRACEMCO\part-055453_387582-017823.parquet,34675,downloaded,34675,
2026-07-17,NSE,ULTRACEMCO,raw_l2/trade_date=2026-07-17/exchange=NSE/symbol=ULTRACEMCO/part-055535_436125-017919.parquet,real_data_sample\l2_unseen_validation\trade_date=2026-07-17\exchange=NSE\symbol=ULTRACEMCO\part-055535_436125-017919.parquet,34726,downloaded,34726,
2026-07-17,NSE,ULTRACEMCO,raw_l2/trade_date=2026-07-17/exchange=NSE/symbol=ULTRACEMCO/part-055549_405028-017951.parquet,real_data_sample\l2_unseen_validation\trade_date=2026-07-17\exchange=NSE\symbol=ULTRACEMCO\part-055549_405028-017951.parquet,34656,downloaded,34656,
2026-07-17,NSE,ULTRACEMCO,raw_l2/trade_date=2026-07-17/exchange=NSE/symbol=ULTRACEMCO/part-055603_601416-017983.parquet,real_data_sample\l2_unseen_validation\trade_date=2026-07-17\exchange=NSE\symbol=ULTRACEMCO\part-055603_601416-017983.parquet,34319,downloaded,34319,
2026-07-17,NSE,ULTRACEMCO,raw_l2/trade_date=2026-07-17/exchange=NSE/symbol=ULTRACEMCO/part-055631_750489-018047.parquet,real_data_sample\l2_unseen_validation\trade_date=2026-07-17\exchange=NSE\symbol=ULTRACEMCO\part-055631_750489-018047.parquet,34746,downloaded,34746,
2026-07-17,NSE,ULTRACEMCO,raw_l2/trade_date=2026-07-17/exchange=NSE/symbol=ULTRACEMCO/part-055659_983471-018111.parquet,real_data_sample\l2_unseen_validation\trade_date=2026-07-17\exchange=NSE\symbol=ULTRACEMCO\part-055659_983471-018111.parquet,34582,downloaded,34582,
2026-07-17,NSE,ULTRACEMCO,raw_l2/trade_date=2026-07-17/exchange=NSE/symbol=ULTRACEMCO/part-055645_964542-018079.parquet,real_data_sample\l2_unseen_validation\trade_date=2026-07-17\exchange=NSE\symbol=ULTRACEMCO\part-055645_964542-018079.parquet,34668,downloaded,34668,
2026-07-17,NSE,ULTRACEMCO,raw_l2/trade_date=2026-07-17/exchange=NSE/symbol=ULTRACEMCO/part-055728_000683-018175.parquet,real_data_sample\l2_unseen_validation\trade_date=2026-07-17\exchange=NSE\symbol=ULTRACEMCO\part-055728_000683-018175.parquet,34575,downloaded,34575,
2026-07-17,NSE,ULTRACEMCO,raw_l2/trade_date=2026-07-17/exchange=NSE/symbol=ULTRACEMCO/part-055742_185807-018207.parquet,real_data_sample\l2_unseen_validation\trade_date=2026-07-17\exchange=NSE\symbol=ULTRACEMCO\part-055742_185807-018207.parquet,34556,downloaded,34556,
2026-07-17,NSE,ULTRACEMCO,raw_l2/trade_date=2026-07-17/exchange=NSE/symbol=ULTRACEMCO/part-055756_219899-018239.parquet,real_data_sample\l2_unseen_validation\trade_date=2026-07-17\exchange=NSE\symbol=ULTRACEMCO\part-055756_219899-018239.parquet,34704,downloaded,34704,
2026-07-17,NSE,ULTRACEMCO,raw_l2/trade_date=2026-07-17/exchange=NSE/symbol=ULTRACEMCO/part-055810_202846-018271.parquet,real_data_sample\l2_unseen_validation\trade_date=2026-07-17\exchange=NSE\symbol=ULTRACEMCO\part-055810_202846-018271.parquet,34358,downloaded,34358,
2026-07-17,NSE,ULTRACEMCO,raw_l2/trade_date=2026-07-17/exchange=NSE/symbol=ULTRACEMCO/part-055713_996084-018143.parquet,real_data_sample\l2_unseen_validation\trade_date=2026-07-17\exchange=NSE\symbol=ULTRACEMCO\part-055713_996084-018143.parquet,34550,downloaded,34550,
2026-07-17,NSE,ULTRACEMCO,raw_l2/trade_date=2026-07-17/exchange=NSE/symbol=ULTRACEMCO/part-055824_263780-018303.parquet,real_data_sample\l2_unseen_validation\trade_date=2026-07-17\exchange=NSE\symbol=ULTRACEMCO\part-055824_263780-018303.parquet,34644,downloaded,34644,
2026-07-17,NSE,ULTRACEMCO,raw_l2/trade_date=2026-07-17/exchange=NSE/symbol=ULTRACEMCO/part-060335_680729-019007.parquet,real_data_sample\l2_unseen_validation\trade_date=2026-07-17\exchange=NSE\symbol=ULTRACEMCO\part-060335_680729-019007.parquet,34662,downloaded,34662,
2026-07-17,NSE,ULTRACEMCO,raw_l2/trade_date=2026-07-17/exchange=NSE/symbol=ULTRACEMCO/part-055852_797060-018367.parquet,real_data_sample\l2_unseen_validation\trade_date=2026-07-17\exchange=NSE\symbol=ULTRACEMCO\part-055852_797060-018367.parquet,34479,downloaded,34479,
2026-07-17,NSE,ULTRACEMCO,raw_l2/trade_date=2026-07-17/exchange=NSE/symbol=ULTRACEMCO/part-053223_337555-014751.parquet,real_data_sample\l2_unseen_validation\trade_date=2026-07-17\exchange=NSE\symbol=ULTRACEMCO\part-053223_337555-014751.parquet,34603,downloaded,34603,
2026-07-17,NSE,ULTRACEMCO,raw_l2/trade_date=2026-07-17/exchange=NSE/symbol=ULTRACEMCO/part-055935_190215-018463.parquet,real_data_sample\l2_unseen_validation\trade_date=2026-07-17\exchange=NSE\symbol=ULTRACEMCO\part-055935_190215-018463.parquet,34434,downloaded,34434,
2026-07-17,NSE,ULTRACEMCO,raw_l2/trade_date=2026-07-17/exchange=NSE/symbol=ULTRACEMCO/part-060100_873969-018655.parquet,real_data_sample\l2_unseen_validation\trade_date=2026-07-17\exchange=NSE\symbol=ULTRACEMCO\part-060100_873969-018655.parquet,34662,downloaded,34662,
2026-07-17,NSE,ULTRACEMCO,raw_l2/trade_date=2026-07-17/exchange=NSE/symbol=ULTRACEMCO/part-060157_206189-018783.parquet,real_data_sample\l2_unseen_validation\trade_date=2026-07-17\exchange=NSE\symbol=ULTRACEMCO\part-060157_206189-018783.parquet,34892,downloaded,34892,
2026-07-17,NSE,ULTRACEMCO,raw_l2/trade_date=2026-07-17/exchange=NSE/symbol=ULTRACEMCO/part-060114_935393-018687.parquet,real_data_sample\l2_unseen_validation\trade_date=2026-07-17\exchange=NSE\symbol=ULTRACEMCO\part-060114_935393-018687.parquet,34926,downloaded,34926,
2026-07-17,NSE,ULTRACEMCO,raw_l2/trade_date=2026-07-17/exchange=NSE/symbol=ULTRACEMCO/part-060349_697603-019039.parquet,real_data_sample\l2_unseen_validation\trade_date=2026-07-17\exchange=NSE\symbol=ULTRACEMCO\part-060349_697603-019039.parquet,34697,downloaded,34697,
2026-07-17,NSE,ULTRACEMCO,raw_l2/trade_date=2026-07-17/exchange=NSE/symbol=ULTRACEMCO/part-060432_204382-019135.parquet,real_data_sample\l2_unseen_validation\trade_date=2026-07-17\exchange=NSE\symbol=ULTRACEMCO\part-060432_204382-019135.parquet,34492,downloaded,34492,
2026-07-17,NSE,ULTRACEMCO,raw_l2/trade_date=2026-07-17/exchange=NSE/symbol=ULTRACEMCO/part-055838_550277-018335.parquet,real_data_sample\l2_unseen_validation\trade_date=2026-07-17\exchange=NSE\symbol=ULTRACEMCO\part-055838_550277-018335.parquet,34677,downloaded,34677,
2026-07-17,NSE,ULTRACEMCO,raw_l2/trade_date=2026-07-17/exchange=NSE/symbol=ULTRACEMCO/part-060046_577506-018623.parquet,real_data_sample\l2_unseen_validation\trade_date=2026-07-17\exchange=NSE\symbol=ULTRACEMCO\part-060046_577506-018623.parquet,34551,downloaded,34551,
2026-07-17,NSE,ULTRACEMCO,raw_l2/trade_date=2026-07-17/exchange=NSE/symbol=ULTRACEMCO/part-060417_821994-019103.parquet,real_data_sample\l2_unseen_validation\trade_date=2026-07-17\exchange=NSE\symbol=ULTRACEMCO\part-060417_821994-019103.parquet,34448,downloaded,34448,
2026-07-17,NSE,ULTRACEMCO,raw_l2/trade_date=2026-07-17/exchange=NSE/symbol=ULTRACEMCO/part-060403_565806-019071.parquet,real_data_sample\l2_unseen_validation\trade_date=2026-07-17\exchange=NSE\symbol=ULTRACEMCO\part-060403_565806-019071.parquet,34523,downloaded,34523,
2026-07-17,NSE,ULTRACEMCO,raw_l2/trade_date=2026-07-17/exchange=NSE/symbol=ULTRACEMCO/part-060128_899468-018719.parquet,real_data_sample\l2_unseen_validation\trade_date=2026-07-17\exchange=NSE\symbol=ULTRACEMCO\part-060128_899468-018719.parquet,35006,downloaded,35006,
2026-07-17,NSE,ULTRACEMCO,raw_l2/trade_date=2026-07-17/exchange=NSE/symbol=ULTRACEMCO/part-060225_408579-018847.parquet,real_data_sample\l2_unseen_validation\trade_date=2026-07-17\exchange=NSE\symbol=ULTRACEMCO\part-060225_408579-018847.parquet,34668,downloaded,34668,
2026-07-17,NSE,ULTRACEMCO,raw_l2/trade_date=2026-07-17/exchange=NSE/symbol=ULTRACEMCO/part-060018_234866-018559.parquet,real_data_sample\l2_unseen_validation\trade_date=2026-07-17\exchange=NSE\symbol=ULTRACEMCO\part-060018_234866-018559.parquet,34432,downloaded,34432,
2026-07-17,NSE,ULTRACEMCO,raw_l2/trade_date=2026-07-17/exchange=NSE/symbol=ULTRACEMCO/part-055921_059477-018431.parquet,real_data_sample\l2_unseen_validation\trade_date=2026-07-17\exchange=NSE\symbol=ULTRACEMCO\part-055921_059477-018431.parquet,34693,downloaded,34693,
2026-07-17,NSE,ULTRACEMCO,raw_l2/trade_date=2026-07-17/exchange=NSE/symbol=ULTRACEMCO/part-060239_417110-018879.parquet,real_data_sample\l2_unseen_validation\trade_date=2026-07-17\exchange=NSE\symbol=ULTRACEMCO\part-060239_417110-018879.parquet,34667,downloaded,34667,
2026-07-17,NSE,ULTRACEMCO,raw_l2/trade_date=2026-07-17/exchange=NSE/symbol=ULTRACEMCO/part-060446_425653-019167.parquet,real_data_sample\l2_unseen_validation\trade_date=2026-07-17\exchange=NSE\symbol=ULTRACEMCO\part-060446_425653-019167.parquet,34520,downloaded,34520,
2026-07-17,NSE,ULTRACEMCO,raw_l2/trade_date=2026-07-17/exchange=NSE/symbol=ULTRACEMCO/part-060004_074364-018527.parquet,real_data_sample\l2_unseen_validation\trade_date=2026-07-17\exchange=NSE\symbol=ULTRACEMCO\part-060004_074364-018527.parquet,34643,downloaded,34643,
2026-07-17,NSE,ULTRACEMCO,raw_l2/trade_date=2026-07-17/exchange=NSE/symbol=ULTRACEMCO/part-060307_753739-018943.parquet,real_data_sample\l2_unseen_validation\trade_date=2026-07-17\exchange=NSE\symbol=ULTRACEMCO\part-060307_753739-018943.parquet,34552,downloaded,34552,
2026-07-17,NSE,ULTRACEMCO,raw_l2/trade_date=2026-07-17/exchange=NSE/symbol=ULTRACEMCO/part-060514_376895-019231.parquet,real_data_sample\l2_unseen_validation\trade_date=2026-07-17\exchange=NSE\symbol=ULTRACEMCO\part-060514_376895-019231.parquet,34594,downloaded,34594,
2026-07-17,NSE,ULTRACEMCO,raw_l2/trade_date=2026-07-17/exchange=NSE/symbol=ULTRACEMCO/part-060528_562591-019263.parquet,real_data_sample\l2_unseen_validation\trade_date=2026-07-17\exchange=NSE\symbol=ULTRACEMCO\part-060528_562591-019263.parquet,34477,downloaded,34477,
2026-07-17,NSE,ULTRACEMCO,raw_l2/trade_date=2026-07-17/exchange=NSE/symbol=ULTRACEMCO/part-060211_298014-018815.parquet,real_data_sample\l2_unseen_validation\trade_date=2026-07-17\exchange=NSE\symbol=ULTRACEMCO\part-060211_298014-018815.parquet,35223,downloaded,35223,
2026-07-17,NSE,ULTRACEMCO,raw_l2/trade_date=2026-07-17/exchange=NSE/symbol=ULTRACEMCO/part-060143_147457-018751.parquet,real_data_sample\l2_unseen_validation\trade_date=2026-07-17\exchange=NSE\symbol=ULTRACEMCO\part-060143_147457-018751.parquet,34805,downloaded,34805,
2026-07-17,NSE,ULTRACEMCO,raw_l2/trade_date=2026-07-17/exchange=NSE/symbol=ULTRACEMCO/part-060500_345043-019199.parquet,real_data_sample\l2_unseen_validation\trade_date=2026-07-17\exchange=NSE\symbol=ULTRACEMCO\part-060500_345043-019199.parquet,34592,downloaded,34592,
2026-07-17,NSE,ULTRACEMCO,raw_l2/trade_date=2026-07-17/exchange=NSE/symbol=ULTRACEMCO/part-055949_481839-018495.parquet,real_data_sample\l2_unseen_validation\trade_date=2026-07-17\exchange=NSE\symbol=ULTRACEMCO\part-055949_481839-018495.parquet,34736,downloaded,34736,
2026-07-17,NSE,ULTRACEMCO,raw_l2/trade_date=2026-07-17/exchange=NSE/symbol=ULTRACEMCO/part-060321_721417-018975.parquet,real_data_sample\l2_unseen_validation\trade_date=2026-07-17\exchange=NSE\symbol=ULTRACEMCO\part-060321_721417-018975.parquet,34415,downloaded,34415,
2026-07-17,NSE,ULTRACEMCO,raw_l2/trade_date=2026-07-17/exchange=NSE/symbol=ULTRACEMCO/part-060032_337546-018591.parquet,real_data_sample\l2_unseen_validation\trade_date=2026-07-17\exchange=NSE\symbol=ULTRACEMCO\part-060032_337546-018591.parquet,34696,downloaded,34696,
2026-07-17,NSE,ULTRACEMCO,raw_l2/trade_date=2026-07-17/exchange=NSE/symbol=ULTRACEMCO/part-055906_925086-018399.parquet,real_data_sample\l2_unseen_validation\trade_date=2026-07-17\exchange=NSE\symbol=ULTRACEMCO\part-055906_925086-018399.parquet,34540,downloaded,34540,
2026-07-17,NSE,ULTRACEMCO,raw_l2/trade_date=2026-07-17/exchange=NSE/symbol=ULTRACEMCO/part-060253_533128-018911.parquet,real_data_sample\l2_unseen_validation\trade_date=2026-07-17\exchange=NSE\symbol=ULTRACEMCO\part-060253_533128-018911.parquet,34677,downloaded,34677,
2026-07-17,NSE,ULTRACEMCO,raw_l2/trade_date=2026-07-17/exchange=NSE/symbol=ULTRACEMCO/part-060542_631067-019295.parquet,real_data_sample\l2_unseen_validation\trade_date=2026-07-17\exchange=NSE\symbol=ULTRACEMCO\part-060542_631067-019295.parquet,34495,downloaded,34495,
2026-07-17,NSE,ULTRACEMCO,raw_l2/trade_date=2026-07-17/exchange=NSE/symbol=ULTRACEMCO/part-060638_353487-019423.parquet,real_data_sample\l2_unseen_validation\trade_date=2026-07-17\exchange=NSE\symbol=ULTRACEMCO\part-060638_353487-019423.parquet,34772,downloaded,34772,
2026-07-17,NSE,ULTRACEMCO,raw_l2/trade_date=2026-07-17/exchange=NSE/symbol=ULTRACEMCO/part-060610_486155-019359.parquet,real_data_sample\l2_unseen_validation\trade_date=2026-07-17\exchange=NSE\symbol=ULTRACEMCO\part-060610_486155-019359.parquet,34456,downloaded,34456,
2026-07-17,NSE,ULTRACEMCO,raw_l2/trade_date=2026-07-17/exchange=NSE/symbol=ULTRACEMCO/part-060556_581646-019327.parquet,real_data_sample\l2_unseen_validation\trade_date=2026-07-17\exchange=NSE\symbol=ULTRACEMCO\part-060556_581646-019327.parquet,34558,downloaded,34558,
2026-07-17,NSE,ULTRACEMCO,raw_l2/trade_date=2026-07-17/exchange=NSE/symbol=ULTRACEMCO/part-060652_734663-019455.parquet,real_data_sample\l2_unseen_validation\trade_date=2026-07-17\exchange=NSE\symbol=ULTRACEMCO\part-060652_734663-019455.parquet,34239,downloaded,34239,
2026-07-17,NSE,ULTRACEMCO,raw_l2/trade_date=2026-07-17/exchange=NSE/symbol=ULTRACEMCO/part-060624_294496-019391.parquet,real_data_sample\l2_unseen_validation\trade_date=2026-07-17\exchange=NSE\symbol=ULTRACEMCO\part-060624_294496-019391.parquet,34469,downloaded,34469,
2026-07-17,NSE,ULTRACEMCO,raw_l2/trade_date=2026-07-17/exchange=NSE/symbol=ULTRACEMCO/part-060706_579727-019487.parquet,real_data_sample\l2_unseen_validation\trade_date=2026-07-17\exchange=NSE\symbol=ULTRACEMCO\part-060706_579727-019487.parquet,34705,downloaded,34705,
2026-07-17,NSE,ULTRACEMCO,raw_l2/trade_date=2026-07-17/exchange=NSE/symbol=ULTRACEMCO/part-060734_970218-019551.parquet,real_data_sample\l2_unseen_validation\trade_date=2026-07-17\exchange=NSE\symbol=ULTRACEMCO\part-060734_970218-019551.parquet,34608,downloaded,34608,
2026-07-17,NSE,ULTRACEMCO,raw_l2/trade_date=2026-07-17/exchange=NSE/symbol=ULTRACEMCO/part-060720_754033-019519.parquet,real_data_sample\l2_unseen_validation\trade_date=2026-07-17\exchange=NSE\symbol=ULTRACEMCO\part-060720_754033-019519.parquet,34575,downloaded,34575,
2026-07-17,NSE,ULTRACEMCO,raw_l2/trade_date=2026-07-17/exchange=NSE/symbol=ULTRACEMCO/part-060805_636628-019615.parquet,real_data_sample\l2_unseen_validation\trade_date=2026-07-17\exchange=NSE\symbol=ULTRACEMCO\part-060805_636628-019615.parquet,34887,downloaded,34887,
2026-07-17,NSE,ULTRACEMCO,raw_l2/trade_date=2026-07-17/exchange=NSE/symbol=ULTRACEMCO/part-060749_884503-019583.parquet,real_data_sample\l2_unseen_validation\trade_date=2026-07-17\exchange=NSE\symbol=ULTRACEMCO\part-060749_884503-019583.parquet,34636,downloaded,34636,
2026-07-17,NSE,ULTRACEMCO,raw_l2/trade_date=2026-07-17/exchange=NSE/symbol=ULTRACEMCO/part-060834_564173-019679.parquet,real_data_sample\l2_unseen_validation\trade_date=2026-07-17\exchange=NSE\symbol=ULTRACEMCO\part-060834_564173-019679.parquet,35316,downloaded,35316,
2026-07-17,NSE,ULTRACEMCO,raw_l2/trade_date=2026-07-17/exchange=NSE/symbol=ULTRACEMCO/part-061155_385706-020127.parquet,real_data_sample\l2_unseen_validation\trade_date=2026-07-17\exchange=NSE\symbol=ULTRACEMCO\part-061155_385706-020127.parquet,34916,downloaded,34916,
2026-07-17,NSE,ULTRACEMCO,raw_l2/trade_date=2026-07-17/exchange=NSE/symbol=ULTRACEMCO/part-061112_018634-020031.parquet,real_data_sample\l2_unseen_validation\trade_date=2026-07-17\exchange=NSE\symbol=ULTRACEMCO\part-061112_018634-020031.parquet,34736,downloaded,34736,
2026-07-17,NSE,ULTRACEMCO,raw_l2/trade_date=2026-07-17/exchange=NSE/symbol=ULTRACEMCO/part-061209_688603-020159.parquet,real_data_sample\l2_unseen_validation\trade_date=2026-07-17\exchange=NSE\symbol=ULTRACEMCO\part-061209_688603-020159.parquet,35418,downloaded,35418,
2026-07-17,NSE,ULTRACEMCO,raw_l2/trade_date=2026-07-17/exchange=NSE/symbol=ULTRACEMCO/part-061224_202587-020191.parquet,real_data_sample\l2_unseen_validation\trade_date=2026-07-17\exchange=NSE\symbol=ULTRACEMCO\part-061224_202587-020191.parquet,35131,downloaded,35131,
2026-07-17,NSE,ULTRACEMCO,raw_l2/trade_date=2026-07-17/exchange=NSE/symbol=ULTRACEMCO/part-061238_640456-020223.parquet,real_data_sample\l2_unseen_validation\trade_date=2026-07-17\exchange=NSE\symbol=ULTRACEMCO\part-061238_640456-020223.parquet,34723,downloaded,34723,
2026-07-17,NSE,ULTRACEMCO,raw_l2/trade_date=2026-07-17/exchange=NSE/symbol=ULTRACEMCO/part-061140_925273-020095.parquet,real_data_sample\l2_unseen_validation\trade_date=2026-07-17\exchange=NSE\symbol=ULTRACEMCO\part-061140_925273-020095.parquet,35290,downloaded,35290,
2026-07-17,NSE,ULTRACEMCO,raw_l2/trade_date=2026-07-17/exchange=NSE/symbol=ULTRACEMCO/part-060820_093619-019647.parquet,real_data_sample\l2_unseen_validation\trade_date=2026-07-17\exchange=NSE\symbol=ULTRACEMCO\part-060820_093619-019647.parquet,34964,downloaded,34964,
2026-07-17,NSE,ULTRACEMCO,raw_l2/trade_date=2026-07-17/exchange=NSE/symbol=ULTRACEMCO/part-061321_934727-020319.parquet,real_data_sample\l2_unseen_validation\trade_date=2026-07-17\exchange=NSE\symbol=ULTRACEMCO\part-061321_934727-020319.parquet,34901,downloaded,34901,
2026-07-17,NSE,ULTRACEMCO,raw_l2/trade_date=2026-07-17/exchange=NSE/symbol=ULTRACEMCO/part-061000_283326-019871.parquet,real_data_sample\l2_unseen_validation\trade_date=2026-07-17\exchange=NSE\symbol=ULTRACEMCO\part-061000_283326-019871.parquet,34753,downloaded,34753,
2026-07-17,NSE,ULTRACEMCO,raw_l2/trade_date=2026-07-17/exchange=NSE/symbol=ULTRACEMCO/part-061253_008783-020255.parquet,real_data_sample\l2_unseen_validation\trade_date=2026-07-17\exchange=NSE\symbol=ULTRACEMCO\part-061253_008783-020255.parquet,34656,downloaded,34656,
2026-07-17,NSE,ULTRACEMCO,raw_l2/trade_date=2026-07-17/exchange=NSE/symbol=ULTRACEMCO/part-061307_436400-020287.parquet,real_data_sample\l2_unseen_validation\trade_date=2026-07-17\exchange=NSE\symbol=ULTRACEMCO\part-061307_436400-020287.parquet,34633,downloaded,34633,
2026-07-17,NSE,ULTRACEMCO,raw_l2/trade_date=2026-07-17/exchange=NSE/symbol=ULTRACEMCO/part-061014_701930-019903.parquet,real_data_sample\l2_unseen_validation\trade_date=2026-07-17\exchange=NSE\symbol=ULTRACEMCO\part-061014_701930-019903.parquet,34511,downloaded,34511,
2026-07-17,NSE,ULTRACEMCO,raw_l2/trade_date=2026-07-17/exchange=NSE/symbol=ULTRACEMCO/part-060945_918384-019839.parquet,real_data_sample\l2_unseen_validation\trade_date=2026-07-17\exchange=NSE\symbol=ULTRACEMCO\part-060945_918384-019839.parquet,34707,downloaded,34707,
2026-07-17,NSE,ULTRACEMCO,raw_l2/trade_date=2026-07-17/exchange=NSE/symbol=ULTRACEMCO/part-060931_721639-019807.parquet,real_data_sample\l2_unseen_validation\trade_date=2026-07-17\exchange=NSE\symbol=ULTRACEMCO\part-060931_721639-019807.parquet,34573,downloaded,34573,
2026-07-17,NSE,ULTRACEMCO,raw_l2/trade_date=2026-07-17/exchange=NSE/symbol=ULTRACEMCO/part-061043_223415-019967.parquet,real_data_sample\l2_unseen_validation\trade_date=2026-07-17\exchange=NSE\symbol=ULTRACEMCO\part-061043_223415-019967.parquet,34724,downloaded,34724,
2026-07-17,NSE,ULTRACEMCO,raw_l2/trade_date=2026-07-17/exchange=NSE/symbol=ULTRACEMCO/part-060902_939351-019743.parquet,real_data_sample\l2_unseen_validation\trade_date=2026-07-17\exchange=NSE\symbol=ULTRACEMCO\part-060902_939351-019743.parquet,35552,downloaded,35552,
2026-07-17,NSE,ULTRACEMCO,raw_l2/trade_date=2026-07-17/exchange=NSE/symbol=ULTRACEMCO/part-060848_754448-019711.parquet,real_data_sample\l2_unseen_validation\trade_date=2026-07-17\exchange=NSE\symbol=ULTRACEMCO\part-060848_754448-019711.parquet,34935,downloaded,34935,
2026-07-17,NSE,ULTRACEMCO,raw_l2/trade_date=2026-07-17/exchange=NSE/symbol=ULTRACEMCO/part-061057_784825-019999.parquet,real_data_sample\l2_unseen_validation\trade_date=2026-07-17\exchange=NSE\symbol=ULTRACEMCO\part-061057_784825-019999.parquet,34651,downloaded,34651,
2026-07-17,NSE,ULTRACEMCO,raw_l2/trade_date=2026-07-17/exchange=NSE/symbol=ULTRACEMCO/part-061126_389298-020063.parquet,real_data_sample\l2_unseen_validation\trade_date=2026-07-17\exchange=NSE\symbol=ULTRACEMCO\part-061126_389298-020063.parquet,35224,downloaded,35224,
2026-07-17,NSE,ULTRACEMCO,raw_l2/trade_date=2026-07-17/exchange=NSE/symbol=ULTRACEMCO/part-061028_914037-019935.parquet,real_data_sample\l2_unseen_validation\trade_date=2026-07-17\exchange=NSE\symbol=ULTRACEMCO\part-061028_914037-019935.parquet,34609,downloaded,34609,
2026-07-17,NSE,ULTRACEMCO,raw_l2/trade_date=2026-07-17/exchange=NSE/symbol=ULTRACEMCO/part-061350_508300-020383.parquet,real_data_sample\l2_unseen_validation\trade_date=2026-07-17\exchange=NSE\symbol=ULTRACEMCO\part-061350_508300-020383.parquet,35096,downloaded,35096,
2026-07-17,NSE,ULTRACEMCO,raw_l2/trade_date=2026-07-17/exchange=NSE/symbol=ULTRACEMCO/part-061419_234415-020447.parquet,real_data_sample\l2_unseen_validation\trade_date=2026-07-17\exchange=NSE\symbol=ULTRACEMCO\part-061419_234415-020447.parquet,34616,downloaded,34616,
2026-07-17,NSE,ULTRACEMCO,raw_l2/trade_date=2026-07-17/exchange=NSE/symbol=ULTRACEMCO/part-061404_889692-020415.parquet,real_data_sample\l2_unseen_validation\trade_date=2026-07-17\exchange=NSE\symbol=ULTRACEMCO\part-061404_889692-020415.parquet,35029,downloaded,35029,
2026-07-17,NSE,ULTRACEMCO,raw_l2/trade_date=2026-07-17/exchange=NSE/symbol=ULTRACEMCO/part-061447_720037-020511.parquet,real_data_sample\l2_unseen_validation\trade_date=2026-07-17\exchange=NSE\symbol=ULTRACEMCO\part-061447_720037-020511.parquet,34476,downloaded,34476,
2026-07-17,NSE,ULTRACEMCO,raw_l2/trade_date=2026-07-17/exchange=NSE/symbol=ULTRACEMCO/part-061502_325146-020543.parquet,real_data_sample\l2_unseen_validation\trade_date=2026-07-17\exchange=NSE\symbol=ULTRACEMCO\part-061502_325146-020543.parquet,34207,downloaded,34207,
2026-07-17,NSE,ULTRACEMCO,raw_l2/trade_date=2026-07-17/exchange=NSE/symbol=ULTRACEMCO/part-061336_331884-020351.parquet,real_data_sample\l2_unseen_validation\trade_date=2026-07-17\exchange=NSE\symbol=ULTRACEMCO\part-061336_331884-020351.parquet,35024,downloaded,35024,
2026-07-17,NSE,ULTRACEMCO,raw_l2/trade_date=2026-07-17/exchange=NSE/symbol=ULTRACEMCO/part-060917_008894-019775.parquet,real_data_sample\l2_unseen_validation\trade_date=2026-07-17\exchange=NSE\symbol=ULTRACEMCO\part-060917_008894-019775.parquet,35254,downloaded,35254,
2026-07-17,NSE,ULTRACEMCO,raw_l2/trade_date=2026-07-17/exchange=NSE/symbol=ULTRACEMCO/part-061516_716704-020575.parquet,real_data_sample\l2_unseen_validation\trade_date=2026-07-17\exchange=NSE\symbol=ULTRACEMCO\part-061516_716704-020575.parquet,34806,downloaded,34806,
2026-07-17,NSE,ULTRACEMCO,raw_l2/trade_date=2026-07-17/exchange=NSE/symbol=ULTRACEMCO/part-061433_578656-020479.parquet,real_data_sample\l2_unseen_validation\trade_date=2026-07-17\exchange=NSE\symbol=ULTRACEMCO\part-061433_578656-020479.parquet,34442,downloaded,34442,
2026-07-17,NSE,ULTRACEMCO,raw_l2/trade_date=2026-07-17/exchange=NSE/symbol=ULTRACEMCO/part-061545_435102-020639.parquet,real_data_sample\l2_unseen_validation\trade_date=2026-07-17\exchange=NSE\symbol=ULTRACEMCO\part-061545_435102-020639.parquet,34108,downloaded,34108,
2026-07-17,NSE,ULTRACEMCO,raw_l2/trade_date=2026-07-17/exchange=NSE/symbol=ULTRACEMCO/part-061531_190014-020607.parquet,real_data_sample\l2_unseen_validation\trade_date=2026-07-17\exchange=NSE\symbol=ULTRACEMCO\part-061531_190014-020607.parquet,34246,downloaded,34246,
2026-07-17,NSE,ULTRACEMCO,raw_l2/trade_date=2026-07-17/exchange=NSE/symbol=ULTRACEMCO/part-061559_889740-020671.parquet,real_data_sample\l2_unseen_validation\trade_date=2026-07-17\exchange=NSE\symbol=ULTRACEMCO\part-061559_889740-020671.parquet,34493,downloaded,34493,
2026-07-17,NSE,ULTRACEMCO,raw_l2/trade_date=2026-07-17/exchange=NSE/symbol=ULTRACEMCO/part-061615_650953-020703.parquet,real_data_sample\l2_unseen_validation\trade_date=2026-07-17\exchange=NSE\symbol=ULTRACEMCO\part-061615_650953-020703.parquet,34369,downloaded,34369,
2026-07-17,NSE,ULTRACEMCO,raw_l2/trade_date=2026-07-17/exchange=NSE/symbol=ULTRACEMCO/part-061658_287793-020799.parquet,real_data_sample\l2_unseen_validation\trade_date=2026-07-17\exchange=NSE\symbol=ULTRACEMCO\part-061658_287793-020799.parquet,34401,downloaded,34401,
2026-07-17,NSE,ULTRACEMCO,raw_l2/trade_date=2026-07-17/exchange=NSE/symbol=ULTRACEMCO/part-061755_649972-020927.parquet,real_data_sample\l2_unseen_validation\trade_date=2026-07-17\exchange=NSE\symbol=ULTRACEMCO\part-061755_649972-020927.parquet,34660,downloaded,34660,
2026-07-17,NSE,ULTRACEMCO,raw_l2/trade_date=2026-07-17/exchange=NSE/symbol=ULTRACEMCO/part-061824_098286-020991.parquet,real_data_sample\l2_unseen_validation\trade_date=2026-07-17\exchange=NSE\symbol=ULTRACEMCO\part-061824_098286-020991.parquet,34473,downloaded,34473,
2026-07-17,NSE,ULTRACEMCO,raw_l2/trade_date=2026-07-17/exchange=NSE/symbol=ULTRACEMCO/part-061630_106188-020735.parquet,real_data_sample\l2_unseen_validation\trade_date=2026-07-17\exchange=NSE\symbol=ULTRACEMCO\part-061630_106188-020735.parquet,34720,downloaded,34720,
2026-07-17,NSE,ULTRACEMCO,raw_l2/trade_date=2026-07-17/exchange=NSE/symbol=ULTRACEMCO/part-061644_191312-020767.parquet,real_data_sample\l2_unseen_validation\trade_date=2026-07-17\exchange=NSE\symbol=ULTRACEMCO\part-061644_191312-020767.parquet,34528,downloaded,34528,
2026-07-17,NSE,ULTRACEMCO,raw_l2/trade_date=2026-07-17/exchange=NSE/symbol=ULTRACEMCO/part-061853_149092-021055.parquet,real_data_sample\l2_unseen_validation\trade_date=2026-07-17\exchange=NSE\symbol=ULTRACEMCO\part-061853_149092-021055.parquet,34518,downloaded,34518,
2026-07-17,NSE,ULTRACEMCO,raw_l2/trade_date=2026-07-17/exchange=NSE/symbol=ULTRACEMCO/part-061907_278620-021087.parquet,real_data_sample\l2_unseen_validation\trade_date=2026-07-17\exchange=NSE\symbol=ULTRACEMCO\part-061907_278620-021087.parquet,34671,downloaded,34671,
2026-07-17,NSE,ULTRACEMCO,raw_l2/trade_date=2026-07-17/exchange=NSE/symbol=ULTRACEMCO/part-061936_124006-021151.parquet,real_data_sample\l2_unseen_validation\trade_date=2026-07-17\exchange=NSE\symbol=ULTRACEMCO\part-061936_124006-021151.parquet,34730,downloaded,34730,
2026-07-17,NSE,ULTRACEMCO,raw_l2/trade_date=2026-07-17/exchange=NSE/symbol=ULTRACEMCO/part-061809_977111-020959.parquet,real_data_sample\l2_unseen_validation\trade_date=2026-07-17\exchange=NSE\symbol=ULTRACEMCO\part-061809_977111-020959.parquet,34495,downloaded,34495,
2026-07-17,NSE,ULTRACEMCO,raw_l2/trade_date=2026-07-17/exchange=NSE/symbol=ULTRACEMCO/part-061922_133817-021119.parquet,real_data_sample\l2_unseen_validation\trade_date=2026-07-17\exchange=NSE\symbol=ULTRACEMCO\part-061922_133817-021119.parquet,34496,downloaded,34496,
2026-07-17,NSE,ULTRACEMCO,raw_l2/trade_date=2026-07-17/exchange=NSE/symbol=ULTRACEMCO/part-061740_667993-020895.parquet,real_data_sample\l2_unseen_validation\trade_date=2026-07-17\exchange=NSE\symbol=ULTRACEMCO\part-061740_667993-020895.parquet,34803,downloaded,34803,
2026-07-17,NSE,ULTRACEMCO,raw_l2/trade_date=2026-07-17/exchange=NSE/symbol=ULTRACEMCO/part-061839_021489-021023.parquet,real_data_sample\l2_unseen_validation\trade_date=2026-07-17\exchange=NSE\symbol=ULTRACEMCO\part-061839_021489-021023.parquet,34593,downloaded,34593,
2026-07-17,NSE,ULTRACEMCO,raw_l2/trade_date=2026-07-17/exchange=NSE/symbol=ULTRACEMCO/part-061726_624823-020863.parquet,real_data_sample\l2_unseen_validation\trade_date=2026-07-17\exchange=NSE\symbol=ULTRACEMCO\part-061726_624823-020863.parquet,34655,downloaded,34655,
2026-07-17,NSE,ULTRACEMCO,raw_l2/trade_date=2026-07-17/exchange=NSE/symbol=ULTRACEMCO/part-061712_493831-020831.parquet,real_data_sample\l2_unseen_validation\trade_date=2026-07-17\exchange=NSE\symbol=ULTRACEMCO\part-061712_493831-020831.parquet,34463,downloaded,34463,
2026-07-17,NSE,ULTRACEMCO,raw_l2/trade_date=2026-07-17/exchange=NSE/symbol=ULTRACEMCO/part-061950_255360-021183.parquet,real_data_sample\l2_unseen_validation\trade_date=2026-07-17\exchange=NSE\symbol=ULTRACEMCO\part-061950_255360-021183.parquet,34530,downloaded,34530,
2026-07-17,NSE,ULTRACEMCO,raw_l2/trade_date=2026-07-17/exchange=NSE/symbol=ULTRACEMCO/part-062130_684150-021407.parquet,real_data_sample\l2_unseen_validation\trade_date=2026-07-17\exchange=NSE\symbol=ULTRACEMCO\part-062130_684150-021407.parquet,34345,downloaded,34345,
2026-07-17,NSE,ULTRACEMCO,raw_l2/trade_date=2026-07-17/exchange=NSE/symbol=ULTRACEMCO/part-062033_066430-021279.parquet,real_data_sample\l2_unseen_validation\trade_date=2026-07-17\exchange=NSE\symbol=ULTRACEMCO\part-062033_066430-021279.parquet,34609,downloaded,34609,
2026-07-17,NSE,ULTRACEMCO,raw_l2/trade_date=2026-07-17/exchange=NSE/symbol=ULTRACEMCO/part-062102_293001-021343.parquet,real_data_sample\l2_unseen_validation\trade_date=2026-07-17\exchange=NSE\symbol=ULTRACEMCO\part-062102_293001-021343.parquet,34468,downloaded,34468,
2026-07-17,NSE,ULTRACEMCO,raw_l2/trade_date=2026-07-17/exchange=NSE/symbol=ULTRACEMCO/part-062004_510810-021215.parquet,real_data_sample\l2_unseen_validation\trade_date=2026-07-17\exchange=NSE\symbol=ULTRACEMCO\part-062004_510810-021215.parquet,34528,downloaded,34528,
2026-07-17,NSE,ULTRACEMCO,raw_l2/trade_date=2026-07-17/exchange=NSE/symbol=ULTRACEMCO/part-062116_643235-021375.parquet,real_data_sample\l2_unseen_validation\trade_date=2026-07-17\exchange=NSE\symbol=ULTRACEMCO\part-062116_643235-021375.parquet,34787,downloaded,34787,
2026-07-17,NSE,ULTRACEMCO,raw_l2/trade_date=2026-07-17/exchange=NSE/symbol=ULTRACEMCO/part-062144_608421-021439.parquet,real_data_sample\l2_unseen_validation\trade_date=2026-07-17\exchange=NSE\symbol=ULTRACEMCO\part-062144_608421-021439.parquet,34712,downloaded,34712,
2026-07-17,NSE,ULTRACEMCO,raw_l2/trade_date=2026-07-17/exchange=NSE/symbol=ULTRACEMCO/part-062018_635607-021247.parquet,real_data_sample\l2_unseen_validation\trade_date=2026-07-17\exchange=NSE\symbol=ULTRACEMCO\part-062018_635607-021247.parquet,34564,downloaded,34564,
2026-07-17,NSE,ULTRACEMCO,raw_l2/trade_date=2026-07-17/exchange=NSE/symbol=ULTRACEMCO/part-062324_738760-021663.parquet,real_data_sample\l2_unseen_validation\trade_date=2026-07-17\exchange=NSE\symbol=ULTRACEMCO\part-062324_738760-021663.parquet,34544,downloaded,34544,
2026-07-17,NSE,ULTRACEMCO,raw_l2/trade_date=2026-07-17/exchange=NSE/symbol=ULTRACEMCO/part-062047_727000-021311.parquet,real_data_sample\l2_unseen_validation\trade_date=2026-07-17\exchange=NSE\symbol=ULTRACEMCO\part-062047_727000-021311.parquet,34669,downloaded,34669,
2026-07-17,NSE,ULTRACEMCO,raw_l2/trade_date=2026-07-17/exchange=NSE/symbol=ULTRACEMCO/part-062256_063383-021599.parquet,real_data_sample\l2_unseen_validation\trade_date=2026-07-17\exchange=NSE\symbol=ULTRACEMCO\part-062256_063383-021599.parquet,34527,downloaded,34527,
2026-07-17,NSE,ULTRACEMCO,raw_l2/trade_date=2026-07-17/exchange=NSE/symbol=ULTRACEMCO/part-062310_545916-021631.parquet,real_data_sample\l2_unseen_validation\trade_date=2026-07-17\exchange=NSE\symbol=ULTRACEMCO\part-062310_545916-021631.parquet,34660,downloaded,34660,
2026-07-17,NSE,ULTRACEMCO,raw_l2/trade_date=2026-07-17/exchange=NSE/symbol=ULTRACEMCO/part-062158_879460-021471.parquet,real_data_sample\l2_unseen_validation\trade_date=2026-07-17\exchange=NSE\symbol=ULTRACEMCO\part-062158_879460-021471.parquet,34640,downloaded,34640,
2026-07-17,NSE,ULTRACEMCO,raw_l2/trade_date=2026-07-17/exchange=NSE/symbol=ULTRACEMCO/part-062213_221273-021503.parquet,real_data_sample\l2_unseen_validation\trade_date=2026-07-17\exchange=NSE\symbol=ULTRACEMCO\part-062213_221273-021503.parquet,34658,downloaded,34658,
2026-07-17,NSE,ULTRACEMCO,raw_l2/trade_date=2026-07-17/exchange=NSE/symbol=ULTRACEMCO/part-062241_863615-021567.parquet,real_data_sample\l2_unseen_validation\trade_date=2026-07-17\exchange=NSE\symbol=ULTRACEMCO\part-062241_863615-021567.parquet,34437,downloaded,34437,
2026-07-17,NSE,ULTRACEMCO,raw_l2/trade_date=2026-07-17/exchange=NSE/symbol=ULTRACEMCO/part-062227_459854-021535.parquet,real_data_sample\l2_unseen_validation\trade_date=2026-07-17\exchange=NSE\symbol=ULTRACEMCO\part-062227_459854-021535.parquet,34559,downloaded,34559,
2026-07-17,NSE,ULTRACEMCO,raw_l2/trade_date=2026-07-17/exchange=NSE/symbol=ULTRACEMCO/part-062338_961176-021695.parquet,real_data_sample\l2_unseen_validation\trade_date=2026-07-17\exchange=NSE\symbol=ULTRACEMCO\part-062338_961176-021695.parquet,34551,downloaded,34551,
2026-07-17,NSE,ULTRACEMCO,raw_l2/trade_date=2026-07-17/exchange=NSE/symbol=ULTRACEMCO/part-062352_877760-021727.parquet,real_data_sample\l2_unseen_validation\trade_date=2026-07-17\exchange=NSE\symbol=ULTRACEMCO\part-062352_877760-021727.parquet,34520,downloaded,34520,
2026-07-17,NSE,ULTRACEMCO,raw_l2/trade_date=2026-07-17/exchange=NSE/symbol=ULTRACEMCO/part-062421_195821-021791.parquet,real_data_sample\l2_unseen_validation\trade_date=2026-07-17\exchange=NSE\symbol=ULTRACEMCO\part-062421_195821-021791.parquet,34781,downloaded,34781,
2026-07-17,NSE,ULTRACEMCO,raw_l2/trade_date=2026-07-17/exchange=NSE/symbol=ULTRACEMCO/part-062435_248509-021823.parquet,real_data_sample\l2_unseen_validation\trade_date=2026-07-17\exchange=NSE\symbol=ULTRACEMCO\part-062435_248509-021823.parquet,34666,downloaded,34666,
2026-07-17,NSE,ULTRACEMCO,raw_l2/trade_date=2026-07-17/exchange=NSE/symbol=ULTRACEMCO/part-062449_308288-021855.parquet,real_data_sample\l2_unseen_validation\trade_date=2026-07-17\exchange=NSE\symbol=ULTRACEMCO\part-062449_308288-021855.parquet,34705,downloaded,34705,
2026-07-17,NSE,ULTRACEMCO,raw_l2/trade_date=2026-07-17/exchange=NSE/symbol=ULTRACEMCO/part-062613_666216-022047.parquet,real_data_sample\l2_unseen_validation\trade_date=2026-07-17\exchange=NSE\symbol=ULTRACEMCO\part-062613_666216-022047.parquet,35228,downloaded,35228,
2026-07-17,NSE,ULTRACEMCO,raw_l2/trade_date=2026-07-17/exchange=NSE/symbol=ULTRACEMCO/part-062407_038248-021759.parquet,real_data_sample\l2_unseen_validation\trade_date=2026-07-17\exchange=NSE\symbol=ULTRACEMCO\part-062407_038248-021759.parquet,34750,downloaded,34750,
2026-07-17,NSE,ULTRACEMCO,raw_l2/trade_date=2026-07-17/exchange=NSE/symbol=ULTRACEMCO/part-062627_742583-022079.parquet,real_data_sample\l2_unseen_validation\trade_date=2026-07-17\exchange=NSE\symbol=ULTRACEMCO\part-062627_742583-022079.parquet,35209,downloaded,35209,
2026-07-17,NSE,ULTRACEMCO,raw_l2/trade_date=2026-07-17/exchange=NSE/symbol=ULTRACEMCO/part-062559_569184-022015.parquet,real_data_sample\l2_unseen_validation\trade_date=2026-07-17\exchange=NSE\symbol=ULTRACEMCO\part-062559_569184-022015.parquet,35370,downloaded,35370,
2026-07-17,NSE,ULTRACEMCO,raw_l2/trade_date=2026-07-17/exchange=NSE/symbol=ULTRACEMCO/part-062517_651779-021919.parquet,real_data_sample\l2_unseen_validation\trade_date=2026-07-17\exchange=NSE\symbol=ULTRACEMCO\part-062517_651779-021919.parquet,35047,downloaded,35047,
2026-07-17,NSE,ULTRACEMCO,raw_l2/trade_date=2026-07-17/exchange=NSE/symbol=ULTRACEMCO/part-062656_169085-022143.parquet,real_data_sample\l2_unseen_validation\trade_date=2026-07-17\exchange=NSE\symbol=ULTRACEMCO\part-062656_169085-022143.parquet,34998,downloaded,34998,
2026-07-17,NSE,ULTRACEMCO,raw_l2/trade_date=2026-07-17/exchange=NSE/symbol=ULTRACEMCO/part-062531_535230-021951.parquet,real_data_sample\l2_unseen_validation\trade_date=2026-07-17\exchange=NSE\symbol=ULTRACEMCO\part-062531_535230-021951.parquet,35627,downloaded,35627,
2026-07-17,NSE,ULTRACEMCO,raw_l2/trade_date=2026-07-17/exchange=NSE/symbol=ULTRACEMCO/part-062710_707798-022175.parquet,real_data_sample\l2_unseen_validation\trade_date=2026-07-17\exchange=NSE\symbol=ULTRACEMCO\part-062710_707798-022175.parquet,35177,downloaded,35177,
2026-07-17,NSE,ULTRACEMCO,raw_l2/trade_date=2026-07-17/exchange=NSE/symbol=ULTRACEMCO/part-062642_013921-022111.parquet,real_data_sample\l2_unseen_validation\trade_date=2026-07-17\exchange=NSE\symbol=ULTRACEMCO\part-062642_013921-022111.parquet,35175,downloaded,35175,
2026-07-17,NSE,ULTRACEMCO,raw_l2/trade_date=2026-07-17/exchange=NSE/symbol=ULTRACEMCO/part-062503_519170-021887.parquet,real_data_sample\l2_unseen_validation\trade_date=2026-07-17\exchange=NSE\symbol=ULTRACEMCO\part-062503_519170-021887.parquet,34728,downloaded,34728,
2026-07-17,NSE,ULTRACEMCO,raw_l2/trade_date=2026-07-17/exchange=NSE/symbol=ULTRACEMCO/part-062545_519556-021983.parquet,real_data_sample\l2_unseen_validation\trade_date=2026-07-17\exchange=NSE\symbol=ULTRACEMCO\part-062545_519556-021983.parquet,35355,downloaded,35355,
2026-07-17,NSE,ULTRACEMCO,raw_l2/trade_date=2026-07-17/exchange=NSE/symbol=ULTRACEMCO/part-062850_457678-022399.parquet,real_data_sample\l2_unseen_validation\trade_date=2026-07-17\exchange=NSE\symbol=ULTRACEMCO\part-062850_457678-022399.parquet,34556,downloaded,34556,
2026-07-17,NSE,ULTRACEMCO,raw_l2/trade_date=2026-07-17/exchange=NSE/symbol=ULTRACEMCO/part-062933_560488-022495.parquet,real_data_sample\l2_unseen_validation\trade_date=2026-07-17\exchange=NSE\symbol=ULTRACEMCO\part-062933_560488-022495.parquet,34789,downloaded,34789,
2026-07-17,NSE,ULTRACEMCO,raw_l2/trade_date=2026-07-17/exchange=NSE/symbol=ULTRACEMCO/part-062836_012316-022367.parquet,real_data_sample\l2_unseen_validation\trade_date=2026-07-17\exchange=NSE\symbol=ULTRACEMCO\part-062836_012316-022367.parquet,34569,downloaded,34569,
2026-07-17,NSE,ULTRACEMCO,raw_l2/trade_date=2026-07-17/exchange=NSE/symbol=ULTRACEMCO/part-063016_701807-022591.parquet,real_data_sample\l2_unseen_validation\trade_date=2026-07-17\exchange=NSE\symbol=ULTRACEMCO\part-063016_701807-022591.parquet,34738,downloaded,34738,
2026-07-17,NSE,ULTRACEMCO,raw_l2/trade_date=2026-07-17/exchange=NSE/symbol=ULTRACEMCO/part-062918_486723-022463.parquet,real_data_sample\l2_unseen_validation\trade_date=2026-07-17\exchange=NSE\symbol=ULTRACEMCO\part-062918_486723-022463.parquet,34789,downloaded,34789,
2026-07-17,NSE,ULTRACEMCO,raw_l2/trade_date=2026-07-17/exchange=NSE/symbol=ULTRACEMCO/part-062822_135401-022335.parquet,real_data_sample\l2_unseen_validation\trade_date=2026-07-17\exchange=NSE\symbol=ULTRACEMCO\part-062822_135401-022335.parquet,34777,downloaded,34777,
2026-07-17,NSE,ULTRACEMCO,raw_l2/trade_date=2026-07-17/exchange=NSE/symbol=ULTRACEMCO/part-063030_768844-022623.parquet,real_data_sample\l2_unseen_validation\trade_date=2026-07-17\exchange=NSE\symbol=ULTRACEMCO\part-063030_768844-022623.parquet,34600,downloaded,34600,
2026-07-17,NSE,ULTRACEMCO,raw_l2/trade_date=2026-07-17/exchange=NSE/symbol=ULTRACEMCO/part-062753_517838-022271.parquet,real_data_sample\l2_unseen_validation\trade_date=2026-07-17\exchange=NSE\symbol=ULTRACEMCO\part-062753_517838-022271.parquet,34579,downloaded,34579,
2026-07-17,NSE,ULTRACEMCO,raw_l2/trade_date=2026-07-17/exchange=NSE/symbol=ULTRACEMCO/part-063002_524625-022559.parquet,real_data_sample\l2_unseen_validation\trade_date=2026-07-17\exchange=NSE\symbol=ULTRACEMCO\part-063002_524625-022559.parquet,34814,downloaded,34814,
2026-07-17,NSE,ULTRACEMCO,raw_l2/trade_date=2026-07-17/exchange=NSE/symbol=ULTRACEMCO/part-063044_915426-022655.parquet,real_data_sample\l2_unseen_validation\trade_date=2026-07-17\exchange=NSE\symbol=ULTRACEMCO\part-063044_915426-022655.parquet,34591,downloaded,34591,
2026-07-17,NSE,ULTRACEMCO,raw_l2/trade_date=2026-07-17/exchange=NSE/symbol=ULTRACEMCO/part-062947_879513-022527.parquet,real_data_sample\l2_unseen_validation\trade_date=2026-07-17\exchange=NSE\symbol=ULTRACEMCO\part-062947_879513-022527.parquet,34470,downloaded,34470,
2026-07-17,NSE,ULTRACEMCO,raw_l2/trade_date=2026-07-17/exchange=NSE/symbol=ULTRACEMCO/part-063058_917737-022687.parquet,real_data_sample\l2_unseen_validation\trade_date=2026-07-17\exchange=NSE\symbol=ULTRACEMCO\part-063058_917737-022687.parquet,34561,downloaded,34561,
2026-07-17,NSE,ULTRACEMCO,raw_l2/trade_date=2026-07-17/exchange=NSE/symbol=ULTRACEMCO/part-062807_699441-022303.parquet,real_data_sample\l2_unseen_validation\trade_date=2026-07-17\exchange=NSE\symbol=ULTRACEMCO\part-062807_699441-022303.parquet,34739,downloaded,34739,
2026-07-17,NSE,ULTRACEMCO,raw_l2/trade_date=2026-07-17/exchange=NSE/symbol=ULTRACEMCO/part-062904_353152-022431.parquet,real_data_sample\l2_unseen_validation\trade_date=2026-07-17\exchange=NSE\symbol=ULTRACEMCO\part-062904_353152-022431.parquet,34741,downloaded,34741,
2026-07-17,NSE,ULTRACEMCO,raw_l2/trade_date=2026-07-17/exchange=NSE/symbol=ULTRACEMCO/part-062739_336441-022239.parquet,real_data_sample\l2_unseen_validation\trade_date=2026-07-17\exchange=NSE\symbol=ULTRACEMCO\part-062739_336441-022239.parquet,34598,downloaded,34598,
2026-07-17,NSE,ULTRACEMCO,raw_l2/trade_date=2026-07-17/exchange=NSE/symbol=ULTRACEMCO/part-062724_935682-022207.parquet,real_data_sample\l2_unseen_validation\trade_date=2026-07-17\exchange=NSE\symbol=ULTRACEMCO\part-062724_935682-022207.parquet,34933,downloaded,34933,
2026-07-17,NSE,ULTRACEMCO,raw_l2/trade_date=2026-07-17/exchange=NSE/symbol=ULTRACEMCO/part-063113_312278-022719.parquet,real_data_sample\l2_unseen_validation\trade_date=2026-07-17\exchange=NSE\symbol=ULTRACEMCO\part-063113_312278-022719.parquet,34643,downloaded,34643,
2026-07-17,NSE,ULTRACEMCO,raw_l2/trade_date=2026-07-17/exchange=NSE/symbol=ULTRACEMCO/part-063127_524144-022751.parquet,real_data_sample\l2_unseen_validation\trade_date=2026-07-17\exchange=NSE\symbol=ULTRACEMCO\part-063127_524144-022751.parquet,34433,downloaded,34433,
2026-07-17,NSE,ULTRACEMCO,raw_l2/trade_date=2026-07-17/exchange=NSE/symbol=ULTRACEMCO/part-063141_482069-022783.parquet,real_data_sample\l2_unseen_validation\trade_date=2026-07-17\exchange=NSE\symbol=ULTRACEMCO\part-063141_482069-022783.parquet,34644,downloaded,34644,
2026-07-17,NSE,ULTRACEMCO,raw_l2/trade_date=2026-07-17/exchange=NSE/symbol=ULTRACEMCO/part-063155_451623-022815.parquet,real_data_sample\l2_unseen_validation\trade_date=2026-07-17\exchange=NSE\symbol=ULTRACEMCO\part-063155_451623-022815.parquet,34602,downloaded,34602,
2026-07-17,NSE,ULTRACEMCO,raw_l2/trade_date=2026-07-17/exchange=NSE/symbol=ULTRACEMCO/part-063209_372419-022847.parquet,real_data_sample\l2_unseen_validation\trade_date=2026-07-17\exchange=NSE\symbol=ULTRACEMCO\part-063209_372419-022847.parquet,34658,downloaded,34658,
2026-07-17,NSE,ULTRACEMCO,raw_l2/trade_date=2026-07-17/exchange=NSE/symbol=ULTRACEMCO/part-063223_263191-022879.parquet,real_data_sample\l2_unseen_validation\trade_date=2026-07-17\exchange=NSE\symbol=ULTRACEMCO\part-063223_263191-022879.parquet,34596,downloaded,34596,
2026-07-17,NSE,ULTRACEMCO,raw_l2/trade_date=2026-07-17/exchange=NSE/symbol=ULTRACEMCO/part-063251_234670-022943.parquet,real_data_sample\l2_unseen_validation\trade_date=2026-07-17\exchange=NSE\symbol=ULTRACEMCO\part-063251_234670-022943.parquet,34535,downloaded,34535,
2026-07-17,NSE,ULTRACEMCO,raw_l2/trade_date=2026-07-17/exchange=NSE/symbol=ULTRACEMCO/part-063237_331089-022911.parquet,real_data_sample\l2_unseen_validation\trade_date=2026-07-17\exchange=NSE\symbol=ULTRACEMCO\part-063237_331089-022911.parquet,34433,downloaded,34433,
2026-07-17,NSE,ULTRACEMCO,raw_l2/trade_date=2026-07-17/exchange=NSE/symbol=ULTRACEMCO/part-063444_525609-023199.parquet,real_data_sample\l2_unseen_validation\trade_date=2026-07-17\exchange=NSE\symbol=ULTRACEMCO\part-063444_525609-023199.parquet,34689,downloaded,34689,
2026-07-17,NSE,ULTRACEMCO,raw_l2/trade_date=2026-07-17/exchange=NSE/symbol=ULTRACEMCO/part-063430_567452-023167.parquet,real_data_sample\l2_unseen_validation\trade_date=2026-07-17\exchange=NSE\symbol=ULTRACEMCO\part-063430_567452-023167.parquet,34592,downloaded,34592,
2026-07-17,NSE,ULTRACEMCO,raw_l2/trade_date=2026-07-17/exchange=NSE/symbol=ULTRACEMCO/part-063348_414384-023071.parquet,real_data_sample\l2_unseen_validation\trade_date=2026-07-17\exchange=NSE\symbol=ULTRACEMCO\part-063348_414384-023071.parquet,34660,downloaded,34660,
2026-07-17,NSE,ULTRACEMCO,raw_l2/trade_date=2026-07-17/exchange=NSE/symbol=ULTRACEMCO/part-063320_117520-023007.parquet,real_data_sample\l2_unseen_validation\trade_date=2026-07-17\exchange=NSE\symbol=ULTRACEMCO\part-063320_117520-023007.parquet,34533,downloaded,34533,
2026-07-17,NSE,ULTRACEMCO,raw_l2/trade_date=2026-07-17/exchange=NSE/symbol=ULTRACEMCO/part-063334_305085-023039.parquet,real_data_sample\l2_unseen_validation\trade_date=2026-07-17\exchange=NSE\symbol=ULTRACEMCO\part-063334_305085-023039.parquet,34677,downloaded,34677,
2026-07-17,NSE,ULTRACEMCO,raw_l2/trade_date=2026-07-17/exchange=NSE/symbol=ULTRACEMCO/part-063416_519611-023135.parquet,real_data_sample\l2_unseen_validation\trade_date=2026-07-17\exchange=NSE\symbol=ULTRACEMCO\part-063416_519611-023135.parquet,34519,downloaded,34519,
2026-07-17,NSE,ULTRACEMCO,raw_l2/trade_date=2026-07-17/exchange=NSE/symbol=ULTRACEMCO/part-063402_479703-023103.parquet,real_data_sample\l2_unseen_validation\trade_date=2026-07-17\exchange=NSE\symbol=ULTRACEMCO\part-063402_479703-023103.parquet,34544,downloaded,34544,
2026-07-17,NSE,ULTRACEMCO,raw_l2/trade_date=2026-07-17/exchange=NSE/symbol=ULTRACEMCO/part-063305_623370-022975.parquet,real_data_sample\l2_unseen_validation\trade_date=2026-07-17\exchange=NSE\symbol=ULTRACEMCO\part-063305_623370-022975.parquet,34659,downloaded,34659,
2026-07-17,NSE,ULTRACEMCO,raw_l2/trade_date=2026-07-17/exchange=NSE/symbol=ULTRACEMCO/part-063458_484269-023231.parquet,real_data_sample\l2_unseen_validation\trade_date=2026-07-17\exchange=NSE\symbol=ULTRACEMCO\part-063458_484269-023231.parquet,34693,downloaded,34693,
2026-07-17,NSE,ULTRACEMCO,raw_l2/trade_date=2026-07-17/exchange=NSE/symbol=ULTRACEMCO/part-063526_924515-023295.parquet,real_data_sample\l2_unseen_validation\trade_date=2026-07-17\exchange=NSE\symbol=ULTRACEMCO\part-063526_924515-023295.parquet,34505,downloaded,34505,
2026-07-17,NSE,ULTRACEMCO,raw_l2/trade_date=2026-07-17/exchange=NSE/symbol=ULTRACEMCO/part-063540_726041-023327.parquet,real_data_sample\l2_unseen_validation\trade_date=2026-07-17\exchange=NSE\symbol=ULTRACEMCO\part-063540_726041-023327.parquet,34647,downloaded,34647,
2026-07-17,NSE,ULTRACEMCO,raw_l2/trade_date=2026-07-17/exchange=NSE/symbol=ULTRACEMCO/part-063704_612784-023519.parquet,real_data_sample\l2_unseen_validation\trade_date=2026-07-17\exchange=NSE\symbol=ULTRACEMCO\part-063704_612784-023519.parquet,34467,downloaded,34467,
2026-07-17,NSE,ULTRACEMCO,raw_l2/trade_date=2026-07-17/exchange=NSE/symbol=ULTRACEMCO/part-063622_560116-023423.parquet,real_data_sample\l2_unseen_validation\trade_date=2026-07-17\exchange=NSE\symbol=ULTRACEMCO\part-063622_560116-023423.parquet,34465,downloaded,34465,
2026-07-17,NSE,ULTRACEMCO,raw_l2/trade_date=2026-07-17/exchange=NSE/symbol=ULTRACEMCO/part-063512_692427-023263.parquet,real_data_sample\l2_unseen_validation\trade_date=2026-07-17\exchange=NSE\symbol=ULTRACEMCO\part-063512_692427-023263.parquet,34445,downloaded,34445,
2026-07-17,NSE,ULTRACEMCO,raw_l2/trade_date=2026-07-17/exchange=NSE/symbol=ULTRACEMCO/part-063554_664165-023359.parquet,real_data_sample\l2_unseen_validation\trade_date=2026-07-17\exchange=NSE\symbol=ULTRACEMCO\part-063554_664165-023359.parquet,34883,downloaded,34883,
2026-07-17,NSE,ULTRACEMCO,raw_l2/trade_date=2026-07-17/exchange=NSE/symbol=ULTRACEMCO/part-063650_675977-023487.parquet,real_data_sample\l2_unseen_validation\trade_date=2026-07-17\exchange=NSE\symbol=ULTRACEMCO\part-063650_675977-023487.parquet,34626,downloaded,34626,
2026-07-17,NSE,ULTRACEMCO,raw_l2/trade_date=2026-07-17/exchange=NSE/symbol=ULTRACEMCO/part-063608_612705-023391.parquet,real_data_sample\l2_unseen_validation\trade_date=2026-07-17\exchange=NSE\symbol=ULTRACEMCO\part-063608_612705-023391.parquet,34649,downloaded,34649,
2026-07-17,NSE,ULTRACEMCO,raw_l2/trade_date=2026-07-17/exchange=NSE/symbol=ULTRACEMCO/part-063636_656856-023455.parquet,real_data_sample\l2_unseen_validation\trade_date=2026-07-17\exchange=NSE\symbol=ULTRACEMCO\part-063636_656856-023455.parquet,34637,downloaded,34637,
2026-07-17,NSE,ULTRACEMCO,raw_l2/trade_date=2026-07-17/exchange=NSE/symbol=ULTRACEMCO/part-063718_597105-023551.parquet,real_data_sample\l2_unseen_validation\trade_date=2026-07-17\exchange=NSE\symbol=ULTRACEMCO\part-063718_597105-023551.parquet,34457,downloaded,34457,
2026-07-17,NSE,ULTRACEMCO,raw_l2/trade_date=2026-07-17/exchange=NSE/symbol=ULTRACEMCO/part-063800_228543-023647.parquet,real_data_sample\l2_unseen_validation\trade_date=2026-07-17\exchange=NSE\symbol=ULTRACEMCO\part-063800_228543-023647.parquet,34482,downloaded,34482,
2026-07-17,NSE,ULTRACEMCO,raw_l2/trade_date=2026-07-17/exchange=NSE/symbol=ULTRACEMCO/part-063828_554064-023711.parquet,real_data_sample\l2_unseen_validation\trade_date=2026-07-17\exchange=NSE\symbol=ULTRACEMCO\part-063828_554064-023711.parquet,34635,downloaded,34635,
2026-07-17,NSE,ULTRACEMCO,raw_l2/trade_date=2026-07-17/exchange=NSE/symbol=ULTRACEMCO/part-063746_456851-023615.parquet,real_data_sample\l2_unseen_validation\trade_date=2026-07-17\exchange=NSE\symbol=ULTRACEMCO\part-063746_456851-023615.parquet,34722,downloaded,34722,
2026-07-17,NSE,ULTRACEMCO,raw_l2/trade_date=2026-07-17/exchange=NSE/symbol=ULTRACEMCO/part-063814_238483-023679.parquet,real_data_sample\l2_unseen_validation\trade_date=2026-07-17\exchange=NSE\symbol=ULTRACEMCO\part-063814_238483-023679.parquet,34556,downloaded,34556,
2026-07-17,NSE,ULTRACEMCO,raw_l2/trade_date=2026-07-17/exchange=NSE/symbol=ULTRACEMCO/part-063732_503073-023583.parquet,real_data_sample\l2_unseen_validation\trade_date=2026-07-17\exchange=NSE\symbol=ULTRACEMCO\part-063732_503073-023583.parquet,34712,downloaded,34712,
2026-07-17,NSE,ULTRACEMCO,raw_l2/trade_date=2026-07-17/exchange=NSE/symbol=ULTRACEMCO/part-063842_729355-023743.parquet,real_data_sample\l2_unseen_validation\trade_date=2026-07-17\exchange=NSE\symbol=ULTRACEMCO\part-063842_729355-023743.parquet,34664,downloaded,34664,
2026-07-17,NSE,ULTRACEMCO,raw_l2/trade_date=2026-07-17/exchange=NSE/symbol=ULTRACEMCO/part-063857_639126-023775.parquet,real_data_sample\l2_unseen_validation\trade_date=2026-07-17\exchange=NSE\symbol=ULTRACEMCO\part-063857_639126-023775.parquet,34707,downloaded,34707,
2026-07-17,NSE,ULTRACEMCO,raw_l2/trade_date=2026-07-17/exchange=NSE/symbol=ULTRACEMCO/part-063911_495524-023807.parquet,real_data_sample\l2_unseen_validation\trade_date=2026-07-17\exchange=NSE\symbol=ULTRACEMCO\part-063911_495524-023807.parquet,34449,downloaded,34449,
2026-07-17,NSE,ULTRACEMCO,raw_l2/trade_date=2026-07-17/exchange=NSE/symbol=ULTRACEMCO/part-063925_510447-023839.parquet,real_data_sample\l2_unseen_validation\trade_date=2026-07-17\exchange=NSE\symbol=ULTRACEMCO\part-063925_510447-023839.parquet,34691,downloaded,34691,
2026-07-17,NSE,ULTRACEMCO,raw_l2/trade_date=2026-07-17/exchange=NSE/symbol=ULTRACEMCO/part-063953_454786-023903.parquet,real_data_sample\l2_unseen_validation\trade_date=2026-07-17\exchange=NSE\symbol=ULTRACEMCO\part-063953_454786-023903.parquet,34521,downloaded,34521,
2026-07-17,NSE,ULTRACEMCO,raw_l2/trade_date=2026-07-17/exchange=NSE/symbol=ULTRACEMCO/part-063939_613165-023871.parquet,real_data_sample\l2_unseen_validation\trade_date=2026-07-17\exchange=NSE\symbol=ULTRACEMCO\part-063939_613165-023871.parquet,34279,downloaded,34279,
2026-07-17,NSE,ULTRACEMCO,raw_l2/trade_date=2026-07-17/exchange=NSE/symbol=ULTRACEMCO/part-064007_293868-023935.parquet,real_data_sample\l2_unseen_validation\trade_date=2026-07-17\exchange=NSE\symbol=ULTRACEMCO\part-064007_293868-023935.parquet,34534,downloaded,34534,
2026-07-17,NSE,ULTRACEMCO,raw_l2/trade_date=2026-07-17/exchange=NSE/symbol=ULTRACEMCO/part-064103_541529-024063.parquet,real_data_sample\l2_unseen_validation\trade_date=2026-07-17\exchange=NSE\symbol=ULTRACEMCO\part-064103_541529-024063.parquet,34451,downloaded,34451,
2026-07-17,NSE,ULTRACEMCO,raw_l2/trade_date=2026-07-17/exchange=NSE/symbol=ULTRACEMCO/part-064021_440924-023967.parquet,real_data_sample\l2_unseen_validation\trade_date=2026-07-17\exchange=NSE\symbol=ULTRACEMCO\part-064021_440924-023967.parquet,34715,downloaded,34715,
2026-07-17,NSE,ULTRACEMCO,raw_l2/trade_date=2026-07-17/exchange=NSE/symbol=ULTRACEMCO/part-064035_596942-023999.parquet,real_data_sample\l2_unseen_validation\trade_date=2026-07-17\exchange=NSE\symbol=ULTRACEMCO\part-064035_596942-023999.parquet,34690,downloaded,34690,
2026-07-17,NSE,ULTRACEMCO,raw_l2/trade_date=2026-07-17/exchange=NSE/symbol=ULTRACEMCO/part-064117_345869-024095.parquet,real_data_sample\l2_unseen_validation\trade_date=2026-07-17\exchange=NSE\symbol=ULTRACEMCO\part-064117_345869-024095.parquet,34638,downloaded,34638,
2026-07-17,NSE,ULTRACEMCO,raw_l2/trade_date=2026-07-17/exchange=NSE/symbol=ULTRACEMCO/part-064049_653333-024031.parquet,real_data_sample\l2_unseen_validation\trade_date=2026-07-17\exchange=NSE\symbol=ULTRACEMCO\part-064049_653333-024031.parquet,34796,downloaded,34796,
2026-07-17,NSE,ULTRACEMCO,raw_l2/trade_date=2026-07-17/exchange=NSE/symbol=ULTRACEMCO/part-064226_951660-024255.parquet,real_data_sample\l2_unseen_validation\trade_date=2026-07-17\exchange=NSE\symbol=ULTRACEMCO\part-064226_951660-024255.parquet,34713,downloaded,34713,
2026-07-17,NSE,ULTRACEMCO,raw_l2/trade_date=2026-07-17/exchange=NSE/symbol=ULTRACEMCO/part-064131_294788-024127.parquet,real_data_sample\l2_unseen_validation\trade_date=2026-07-17\exchange=NSE\symbol=ULTRACEMCO\part-064131_294788-024127.parquet,34786,downloaded,34786,
2026-07-17,NSE,ULTRACEMCO,raw_l2/trade_date=2026-07-17/exchange=NSE/symbol=ULTRACEMCO/part-064213_001282-024223.parquet,real_data_sample\l2_unseen_validation\trade_date=2026-07-17\exchange=NSE\symbol=ULTRACEMCO\part-064213_001282-024223.parquet,34659,downloaded,34659,
2026-07-17,NSE,ULTRACEMCO,raw_l2/trade_date=2026-07-17/exchange=NSE/symbol=ULTRACEMCO/part-064159_108055-024191.parquet,real_data_sample\l2_unseen_validation\trade_date=2026-07-17\exchange=NSE\symbol=ULTRACEMCO\part-064159_108055-024191.parquet,34756,downloaded,34756,
2026-07-17,NSE,ULTRACEMCO,raw_l2/trade_date=2026-07-17/exchange=NSE/symbol=ULTRACEMCO/part-064145_369599-024159.parquet,real_data_sample\l2_unseen_validation\trade_date=2026-07-17\exchange=NSE\symbol=ULTRACEMCO\part-064145_369599-024159.parquet,34705,downloaded,34705,
2026-07-17,NSE,ULTRACEMCO,raw_l2/trade_date=2026-07-17/exchange=NSE/symbol=ULTRACEMCO/part-064240_661221-024287.parquet,real_data_sample\l2_unseen_validation\trade_date=2026-07-17\exchange=NSE\symbol=ULTRACEMCO\part-064240_661221-024287.parquet,34604,downloaded,34604,
2026-07-17,NSE,ULTRACEMCO,raw_l2/trade_date=2026-07-17/exchange=NSE/symbol=ULTRACEMCO/part-064254_417230-024319.parquet,real_data_sample\l2_unseen_validation\trade_date=2026-07-17\exchange=NSE\symbol=ULTRACEMCO\part-064254_417230-024319.parquet,34649,downloaded,34649,
2026-07-17,NSE,ULTRACEMCO,raw_l2/trade_date=2026-07-17/exchange=NSE/symbol=ULTRACEMCO/part-064308_099562-024351.parquet,real_data_sample\l2_unseen_validation\trade_date=2026-07-17\exchange=NSE\symbol=ULTRACEMCO\part-064308_099562-024351.parquet,34685,downloaded,34685,
2026-07-17,NSE,ULTRACEMCO,raw_l2/trade_date=2026-07-17/exchange=NSE/symbol=ULTRACEMCO/part-064417_528402-024511.parquet,real_data_sample\l2_unseen_validation\trade_date=2026-07-17\exchange=NSE\symbol=ULTRACEMCO\part-064417_528402-024511.parquet,34591,downloaded,34591,
2026-07-17,NSE,ULTRACEMCO,raw_l2/trade_date=2026-07-17/exchange=NSE/symbol=ULTRACEMCO/part-064349_665583-024447.parquet,real_data_sample\l2_unseen_validation\trade_date=2026-07-17\exchange=NSE\symbol=ULTRACEMCO\part-064349_665583-024447.parquet,34642,downloaded,34642,
2026-07-17,NSE,ULTRACEMCO,raw_l2/trade_date=2026-07-17/exchange=NSE/symbol=ULTRACEMCO/part-064322_009749-024383.parquet,real_data_sample\l2_unseen_validation\trade_date=2026-07-17\exchange=NSE\symbol=ULTRACEMCO\part-064322_009749-024383.parquet,34629,downloaded,34629,
2026-07-17,NSE,ULTRACEMCO,raw_l2/trade_date=2026-07-17/exchange=NSE/symbol=ULTRACEMCO/part-064335_870998-024415.parquet,real_data_sample\l2_unseen_validation\trade_date=2026-07-17\exchange=NSE\symbol=ULTRACEMCO\part-064335_870998-024415.parquet,34778,downloaded,34778,
2026-07-17,NSE,ULTRACEMCO,raw_l2/trade_date=2026-07-17/exchange=NSE/symbol=ULTRACEMCO/part-064431_452080-024543.parquet,real_data_sample\l2_unseen_validation\trade_date=2026-07-17\exchange=NSE\symbol=ULTRACEMCO\part-064431_452080-024543.parquet,34519,downloaded,34519,
2026-07-17,NSE,ULTRACEMCO,raw_l2/trade_date=2026-07-17/exchange=NSE/symbol=ULTRACEMCO/part-064636_061294-024831.parquet,real_data_sample\l2_unseen_validation\trade_date=2026-07-17\exchange=NSE\symbol=ULTRACEMCO\part-064636_061294-024831.parquet,35527,downloaded,35527,
2026-07-17,NSE,ULTRACEMCO,raw_l2/trade_date=2026-07-17/exchange=NSE/symbol=ULTRACEMCO/part-064703_983008-024895.parquet,real_data_sample\l2_unseen_validation\trade_date=2026-07-17\exchange=NSE\symbol=ULTRACEMCO\part-064703_983008-024895.parquet,35252,downloaded,35252,
2026-07-17,NSE,ULTRACEMCO,raw_l2/trade_date=2026-07-17/exchange=NSE/symbol=ULTRACEMCO/part-064554_582807-024735.parquet,real_data_sample\l2_unseen_validation\trade_date=2026-07-17\exchange=NSE\symbol=ULTRACEMCO\part-064554_582807-024735.parquet,34790,downloaded,34790,
2026-07-17,NSE,ULTRACEMCO,raw_l2/trade_date=2026-07-17/exchange=NSE/symbol=ULTRACEMCO/part-064459_185962-024607.parquet,real_data_sample\l2_unseen_validation\trade_date=2026-07-17\exchange=NSE\symbol=ULTRACEMCO\part-064459_185962-024607.parquet,34653,downloaded,34653,
2026-07-17,NSE,ULTRACEMCO,raw_l2/trade_date=2026-07-17/exchange=NSE/symbol=ULTRACEMCO/part-064608_354298-024767.parquet,real_data_sample\l2_unseen_validation\trade_date=2026-07-17\exchange=NSE\symbol=ULTRACEMCO\part-064608_354298-024767.parquet,34972,downloaded,34972,
2026-07-17,NSE,ULTRACEMCO,raw_l2/trade_date=2026-07-17/exchange=NSE/symbol=ULTRACEMCO/part-064717_951974-024927.parquet,real_data_sample\l2_unseen_validation\trade_date=2026-07-17\exchange=NSE\symbol=ULTRACEMCO\part-064717_951974-024927.parquet,35328,downloaded,35328,
2026-07-17,NSE,ULTRACEMCO,raw_l2/trade_date=2026-07-17/exchange=NSE/symbol=ULTRACEMCO/part-064527_039851-024671.parquet,real_data_sample\l2_unseen_validation\trade_date=2026-07-17\exchange=NSE\symbol=ULTRACEMCO\part-064527_039851-024671.parquet,34584,downloaded,34584,
2026-07-17,NSE,ULTRACEMCO,raw_l2/trade_date=2026-07-17/exchange=NSE/symbol=ULTRACEMCO/part-064403_355413-024479.parquet,real_data_sample\l2_unseen_validation\trade_date=2026-07-17\exchange=NSE\symbol=ULTRACEMCO\part-064403_355413-024479.parquet,34686,downloaded,34686,
2026-07-17,NSE,ULTRACEMCO,raw_l2/trade_date=2026-07-17/exchange=NSE/symbol=ULTRACEMCO/part-064513_060070-024639.parquet,real_data_sample\l2_unseen_validation\trade_date=2026-07-17\exchange=NSE\symbol=ULTRACEMCO\part-064513_060070-024639.parquet,34442,downloaded,34442,
2026-07-17,NSE,ULTRACEMCO,raw_l2/trade_date=2026-07-17/exchange=NSE/symbol=ULTRACEMCO/part-064540_935292-024703.parquet,real_data_sample\l2_unseen_validation\trade_date=2026-07-17\exchange=NSE\symbol=ULTRACEMCO\part-064540_935292-024703.parquet,34421,downloaded,34421,
2026-07-17,NSE,ULTRACEMCO,raw_l2/trade_date=2026-07-17/exchange=NSE/symbol=ULTRACEMCO/part-064445_122023-024575.parquet,real_data_sample\l2_unseen_validation\trade_date=2026-07-17\exchange=NSE\symbol=ULTRACEMCO\part-064445_122023-024575.parquet,34481,downloaded,34481,
2026-07-17,NSE,ULTRACEMCO,raw_l2/trade_date=2026-07-17/exchange=NSE/symbol=ULTRACEMCO/part-064649_985366-024863.parquet,real_data_sample\l2_unseen_validation\trade_date=2026-07-17\exchange=NSE\symbol=ULTRACEMCO\part-064649_985366-024863.parquet,35466,downloaded,35466,
2026-07-17,NSE,ULTRACEMCO,raw_l2/trade_date=2026-07-17/exchange=NSE/symbol=ULTRACEMCO/part-064622_176852-024799.parquet,real_data_sample\l2_unseen_validation\trade_date=2026-07-17\exchange=NSE\symbol=ULTRACEMCO\part-064622_176852-024799.parquet,35240,downloaded,35240,
2026-07-17,NSE,ULTRACEMCO,raw_l2/trade_date=2026-07-17/exchange=NSE/symbol=ULTRACEMCO/part-064731_768534-024959.parquet,real_data_sample\l2_unseen_validation\trade_date=2026-07-17\exchange=NSE\symbol=ULTRACEMCO\part-064731_768534-024959.parquet,34991,downloaded,34991,
2026-07-17,NSE,ULTRACEMCO,raw_l2/trade_date=2026-07-17/exchange=NSE/symbol=ULTRACEMCO/part-064759_458881-025023.parquet,real_data_sample\l2_unseen_validation\trade_date=2026-07-17\exchange=NSE\symbol=ULTRACEMCO\part-064759_458881-025023.parquet,34860,downloaded,34860,
2026-07-17,NSE,ULTRACEMCO,raw_l2/trade_date=2026-07-17/exchange=NSE/symbol=ULTRACEMCO/part-064854_888168-025151.parquet,real_data_sample\l2_unseen_validation\trade_date=2026-07-17\exchange=NSE\symbol=ULTRACEMCO\part-064854_888168-025151.parquet,34532,downloaded,34532,
2026-07-17,NSE,ULTRACEMCO,raw_l2/trade_date=2026-07-17/exchange=NSE/symbol=ULTRACEMCO/part-064813_452390-025055.parquet,real_data_sample\l2_unseen_validation\trade_date=2026-07-17\exchange=NSE\symbol=ULTRACEMCO\part-064813_452390-025055.parquet,34692,downloaded,34692,
2026-07-17,NSE,ULTRACEMCO,raw_l2/trade_date=2026-07-17/exchange=NSE/symbol=ULTRACEMCO/part-064745_703553-024991.parquet,real_data_sample\l2_unseen_validation\trade_date=2026-07-17\exchange=NSE\symbol=ULTRACEMCO\part-064745_703553-024991.parquet,34847,downloaded,34847,
2026-07-17,NSE,ULTRACEMCO,raw_l2/trade_date=2026-07-17/exchange=NSE/symbol=ULTRACEMCO/part-065100_375821-025439.parquet,real_data_sample\l2_unseen_validation\trade_date=2026-07-17\exchange=NSE\symbol=ULTRACEMCO\part-065100_375821-025439.parquet,34351,downloaded,34351,
2026-07-17,NSE,ULTRACEMCO,raw_l2/trade_date=2026-07-17/exchange=NSE/symbol=ULTRACEMCO/part-065156_542157-025567.parquet,real_data_sample\l2_unseen_validation\trade_date=2026-07-17\exchange=NSE\symbol=ULTRACEMCO\part-065156_542157-025567.parquet,34661,downloaded,34661,
2026-07-17,NSE,ULTRACEMCO,raw_l2/trade_date=2026-07-17/exchange=NSE/symbol=ULTRACEMCO/part-065459_271965-025983.parquet,real_data_sample\l2_unseen_validation\trade_date=2026-07-17\exchange=NSE\symbol=ULTRACEMCO\part-065459_271965-025983.parquet,34599,downloaded,34599,
2026-07-17,NSE,ULTRACEMCO,raw_l2/trade_date=2026-07-17/exchange=NSE/symbol=ULTRACEMCO/part-064841_196648-025119.parquet,real_data_sample\l2_unseen_validation\trade_date=2026-07-17\exchange=NSE\symbol=ULTRACEMCO\part-064841_196648-025119.parquet,34727,downloaded,34727,
2026-07-17,NSE,ULTRACEMCO,raw_l2/trade_date=2026-07-17/exchange=NSE/symbol=ULTRACEMCO/part-065431_220186-025919.parquet,real_data_sample\l2_unseen_validation\trade_date=2026-07-17\exchange=NSE\symbol=ULTRACEMCO\part-065431_220186-025919.parquet,34485,downloaded,34485,
2026-07-17,NSE,ULTRACEMCO,raw_l2/trade_date=2026-07-17/exchange=NSE/symbol=ULTRACEMCO/part-065417_014115-025887.parquet,real_data_sample\l2_unseen_validation\trade_date=2026-07-17\exchange=NSE\symbol=ULTRACEMCO\part-065417_014115-025887.parquet,34441,downloaded,34441,
2026-07-17,NSE,ULTRACEMCO,raw_l2/trade_date=2026-07-17/exchange=NSE/symbol=ULTRACEMCO/part-065032_292501-025375.parquet,real_data_sample\l2_unseen_validation\trade_date=2026-07-17\exchange=NSE\symbol=ULTRACEMCO\part-065032_292501-025375.parquet,34499,downloaded,34499,
2026-07-17,NSE,ULTRACEMCO,raw_l2/trade_date=2026-07-17/exchange=NSE/symbol=ULTRACEMCO/part-065018_406975-025343.parquet,real_data_sample\l2_unseen_validation\trade_date=2026-07-17\exchange=NSE\symbol=ULTRACEMCO\part-065018_406975-025343.parquet,34551,downloaded,34551,
2026-07-17,NSE,ULTRACEMCO,raw_l2/trade_date=2026-07-17/exchange=NSE/symbol=ULTRACEMCO/part-065210_739586-025599.parquet,real_data_sample\l2_unseen_validation\trade_date=2026-07-17\exchange=NSE\symbol=ULTRACEMCO\part-065210_739586-025599.parquet,34616,downloaded,34616,
2026-07-17,NSE,ULTRACEMCO,raw_l2/trade_date=2026-07-17/exchange=NSE/symbol=ULTRACEMCO/part-065321_179746-025759.parquet,real_data_sample\l2_unseen_validation\trade_date=2026-07-17\exchange=NSE\symbol=ULTRACEMCO\part-065321_179746-025759.parquet,34483,downloaded,34483,
2026-07-17,NSE,ULTRACEMCO,raw_l2/trade_date=2026-07-17/exchange=NSE/symbol=ULTRACEMCO/part-065334_977334-025791.parquet,real_data_sample\l2_unseen_validation\trade_date=2026-07-17\exchange=NSE\symbol=ULTRACEMCO\part-065334_977334-025791.parquet,34657,downloaded,34657,
2026-07-17,NSE,ULTRACEMCO,raw_l2/trade_date=2026-07-17/exchange=NSE/symbol=ULTRACEMCO/part-065403_018161-025855.parquet,real_data_sample\l2_unseen_validation\trade_date=2026-07-17\exchange=NSE\symbol=ULTRACEMCO\part-065403_018161-025855.parquet,34814,downloaded,34814,
2026-07-17,NSE,ULTRACEMCO,raw_l2/trade_date=2026-07-17/exchange=NSE/symbol=ULTRACEMCO/part-065114_576064-025471.parquet,real_data_sample\l2_unseen_validation\trade_date=2026-07-17\exchange=NSE\symbol=ULTRACEMCO\part-065114_576064-025471.parquet,34809,downloaded,34809,
2026-07-17,NSE,ULTRACEMCO,raw_l2/trade_date=2026-07-17/exchange=NSE/symbol=ULTRACEMCO/part-065348_760013-025823.parquet,real_data_sample\l2_unseen_validation\trade_date=2026-07-17\exchange=NSE\symbol=ULTRACEMCO\part-065348_760013-025823.parquet,34502,downloaded,34502,
2026-07-17,NSE,ULTRACEMCO,raw_l2/trade_date=2026-07-17/exchange=NSE/symbol=ULTRACEMCO/part-065253_164039-025695.parquet,real_data_sample\l2_unseen_validation\trade_date=2026-07-17\exchange=NSE\symbol=ULTRACEMCO\part-065253_164039-025695.parquet,34551,downloaded,34551,
2026-07-17,NSE,ULTRACEMCO,raw_l2/trade_date=2026-07-17/exchange=NSE/symbol=ULTRACEMCO/part-065004_570031-025311.parquet,real_data_sample\l2_unseen_validation\trade_date=2026-07-17\exchange=NSE\symbol=ULTRACEMCO\part-065004_570031-025311.parquet,34585,downloaded,34585,
2026-07-17,NSE,ULTRACEMCO,raw_l2/trade_date=2026-07-17/exchange=NSE/symbol=ULTRACEMCO/part-065046_544799-025407.parquet,real_data_sample\l2_unseen_validation\trade_date=2026-07-17\exchange=NSE\symbol=ULTRACEMCO\part-065046_544799-025407.parquet,34761,downloaded,34761,
2026-07-17,NSE,ULTRACEMCO,raw_l2/trade_date=2026-07-17/exchange=NSE/symbol=ULTRACEMCO/part-064936_489843-025247.parquet,real_data_sample\l2_unseen_validation\trade_date=2026-07-17\exchange=NSE\symbol=ULTRACEMCO\part-064936_489843-025247.parquet,34795,downloaded,34795,
2026-07-17,NSE,ULTRACEMCO,raw_l2/trade_date=2026-07-17/exchange=NSE/symbol=ULTRACEMCO/part-065224_795367-025631.parquet,real_data_sample\l2_unseen_validation\trade_date=2026-07-17\exchange=NSE\symbol=ULTRACEMCO\part-065224_795367-025631.parquet,34407,downloaded,34407,
2026-07-17,NSE,ULTRACEMCO,raw_l2/trade_date=2026-07-17/exchange=NSE/symbol=ULTRACEMCO/part-065307_113228-025727.parquet,real_data_sample\l2_unseen_validation\trade_date=2026-07-17\exchange=NSE\symbol=ULTRACEMCO\part-065307_113228-025727.parquet,34631,downloaded,34631,
2026-07-17,NSE,ULTRACEMCO,raw_l2/trade_date=2026-07-17/exchange=NSE/symbol=ULTRACEMCO/part-064950_572387-025279.parquet,real_data_sample\l2_unseen_validation\trade_date=2026-07-17\exchange=NSE\symbol=ULTRACEMCO\part-064950_572387-025279.parquet,34547,downloaded,34547,
2026-07-17,NSE,ULTRACEMCO,raw_l2/trade_date=2026-07-17/exchange=NSE/symbol=ULTRACEMCO/part-065238_902109-025663.parquet,real_data_sample\l2_unseen_validation\trade_date=2026-07-17\exchange=NSE\symbol=ULTRACEMCO\part-065238_902109-025663.parquet,34641,downloaded,34641,
2026-07-17,NSE,ULTRACEMCO,raw_l2/trade_date=2026-07-17/exchange=NSE/symbol=ULTRACEMCO/part-064922_679769-025215.parquet,real_data_sample\l2_unseen_validation\trade_date=2026-07-17\exchange=NSE\symbol=ULTRACEMCO\part-064922_679769-025215.parquet,34665,downloaded,34665,
2026-07-17,NSE,ULTRACEMCO,raw_l2/trade_date=2026-07-17/exchange=NSE/symbol=ULTRACEMCO/part-064827_322530-025087.parquet,real_data_sample\l2_unseen_validation\trade_date=2026-07-17\exchange=NSE\symbol=ULTRACEMCO\part-064827_322530-025087.parquet,34463,downloaded,34463,
2026-07-17,NSE,ULTRACEMCO,raw_l2/trade_date=2026-07-17/exchange=NSE/symbol=ULTRACEMCO/part-065445_024341-025951.parquet,real_data_sample\l2_unseen_validation\trade_date=2026-07-17\exchange=NSE\symbol=ULTRACEMCO\part-065445_024341-025951.parquet,34464,downloaded,34464,
2026-07-17,NSE,ULTRACEMCO,raw_l2/trade_date=2026-07-17/exchange=NSE/symbol=ULTRACEMCO/part-065142_504080-025535.parquet,real_data_sample\l2_unseen_validation\trade_date=2026-07-17\exchange=NSE\symbol=ULTRACEMCO\part-065142_504080-025535.parquet,34527,downloaded,34527,
2026-07-17,NSE,ULTRACEMCO,raw_l2/trade_date=2026-07-17/exchange=NSE/symbol=ULTRACEMCO/part-065128_658480-025503.parquet,real_data_sample\l2_unseen_validation\trade_date=2026-07-17\exchange=NSE\symbol=ULTRACEMCO\part-065128_658480-025503.parquet,34506,downloaded,34506,
2026-07-17,NSE,ULTRACEMCO,raw_l2/trade_date=2026-07-17/exchange=NSE/symbol=ULTRACEMCO/part-064908_779839-025183.parquet,real_data_sample\l2_unseen_validation\trade_date=2026-07-17\exchange=NSE\symbol=ULTRACEMCO\part-064908_779839-025183.parquet,34552,downloaded,34552,
2026-07-17,NSE,ULTRACEMCO,raw_l2/trade_date=2026-07-17/exchange=NSE/symbol=ULTRACEMCO/part-065623_663108-026175.parquet,real_data_sample\l2_unseen_validation\trade_date=2026-07-17\exchange=NSE\symbol=ULTRACEMCO\part-065623_663108-026175.parquet,34315,downloaded,34315,
2026-07-17,NSE,ULTRACEMCO,raw_l2/trade_date=2026-07-17/exchange=NSE/symbol=ULTRACEMCO/part-065513_342810-026015.parquet,real_data_sample\l2_unseen_validation\trade_date=2026-07-17\exchange=NSE\symbol=ULTRACEMCO\part-065513_342810-026015.parquet,34369,downloaded,34369,
2026-07-17,NSE,ULTRACEMCO,raw_l2/trade_date=2026-07-17/exchange=NSE/symbol=ULTRACEMCO/part-070224_173075-026975.parquet,real_data_sample\l2_unseen_validation\trade_date=2026-07-17\exchange=NSE\symbol=ULTRACEMCO\part-070224_173075-026975.parquet,34422,downloaded,34422,
2026-07-17,NSE,ULTRACEMCO,raw_l2/trade_date=2026-07-17/exchange=NSE/symbol=ULTRACEMCO/part-065859_297607-026527.parquet,real_data_sample\l2_unseen_validation\trade_date=2026-07-17\exchange=NSE\symbol=ULTRACEMCO\part-065859_297607-026527.parquet,34558,downloaded,34558,
2026-07-17,NSE,ULTRACEMCO,raw_l2/trade_date=2026-07-17/exchange=NSE/symbol=ULTRACEMCO/part-065719_671667-026303.parquet,real_data_sample\l2_unseen_validation\trade_date=2026-07-17\exchange=NSE\symbol=ULTRACEMCO\part-065719_671667-026303.parquet,34958,downloaded,34958,
2026-07-17,NSE,ULTRACEMCO,raw_l2/trade_date=2026-07-17/exchange=NSE/symbol=ULTRACEMCO/part-065844_996479-026495.parquet,real_data_sample\l2_unseen_validation\trade_date=2026-07-17\exchange=NSE\symbol=ULTRACEMCO\part-065844_996479-026495.parquet,34461,downloaded,34461,
2026-07-17,NSE,ULTRACEMCO,raw_l2/trade_date=2026-07-17/exchange=NSE/symbol=ULTRACEMCO/part-070140_235777-026879.parquet,real_data_sample\l2_unseen_validation\trade_date=2026-07-17\exchange=NSE\symbol=ULTRACEMCO\part-070140_235777-026879.parquet,34564,downloaded,34564,
2026-07-17,NSE,ULTRACEMCO,raw_l2/trade_date=2026-07-17/exchange=NSE/symbol=ULTRACEMCO/part-070125_164296-026847.parquet,real_data_sample\l2_unseen_validation\trade_date=2026-07-17\exchange=NSE\symbol=ULTRACEMCO\part-070125_164296-026847.parquet,34330,downloaded,34330,
2026-07-17,NSE,ULTRACEMCO,raw_l2/trade_date=2026-07-17/exchange=NSE/symbol=ULTRACEMCO/part-070209_198939-026943.parquet,real_data_sample\l2_unseen_validation\trade_date=2026-07-17\exchange=NSE\symbol=ULTRACEMCO\part-070209_198939-026943.parquet,34240,downloaded,34240,
2026-07-17,NSE,ULTRACEMCO,raw_l2/trade_date=2026-07-17/exchange=NSE/symbol=ULTRACEMCO/part-070055_524035-026783.parquet,real_data_sample\l2_unseen_validation\trade_date=2026-07-17\exchange=NSE\symbol=ULTRACEMCO\part-070055_524035-026783.parquet,34702,downloaded,34702,
2026-07-17,NSE,ULTRACEMCO,raw_l2/trade_date=2026-07-17/exchange=NSE/symbol=ULTRACEMCO/part-065957_543609-026655.parquet,real_data_sample\l2_unseen_validation\trade_date=2026-07-17\exchange=NSE\symbol=ULTRACEMCO\part-065957_543609-026655.parquet,34387,downloaded,34387,
2026-07-17,NSE,ULTRACEMCO,raw_l2/trade_date=2026-07-17/exchange=NSE/symbol=ULTRACEMCO/part-070012_199797-026687.parquet,real_data_sample\l2_unseen_validation\trade_date=2026-07-17\exchange=NSE\symbol=ULTRACEMCO\part-070012_199797-026687.parquet,34673,downloaded,34673,
2026-07-17,NSE,ULTRACEMCO,raw_l2/trade_date=2026-07-17/exchange=NSE/symbol=ULTRACEMCO/part-070238_672065-027007.parquet,real_data_sample\l2_unseen_validation\trade_date=2026-07-17\exchange=NSE\symbol=ULTRACEMCO\part-070238_672065-027007.parquet,34530,downloaded,34530,
2026-07-17,NSE,ULTRACEMCO,raw_l2/trade_date=2026-07-17/exchange=NSE/symbol=ULTRACEMCO/part-065913_499728-026559.parquet,real_data_sample\l2_unseen_validation\trade_date=2026-07-17\exchange=NSE\symbol=ULTRACEMCO\part-065913_499728-026559.parquet,34587,downloaded,34587,
2026-07-17,NSE,ULTRACEMCO,raw_l2/trade_date=2026-07-17/exchange=NSE/symbol=ULTRACEMCO/part-065830_764529-026463.parquet,real_data_sample\l2_unseen_validation\trade_date=2026-07-17\exchange=NSE\symbol=ULTRACEMCO\part-065830_764529-026463.parquet,34615,downloaded,34615,
2026-07-17,NSE,ULTRACEMCO,raw_l2/trade_date=2026-07-17/exchange=NSE/symbol=ULTRACEMCO/part-070154_806412-026911.parquet,real_data_sample\l2_unseen_validation\trade_date=2026-07-17\exchange=NSE\symbol=ULTRACEMCO\part-070154_806412-026911.parquet,34288,downloaded,34288,
2026-07-17,NSE,ULTRACEMCO,raw_l2/trade_date=2026-07-17/exchange=NSE/symbol=ULTRACEMCO/part-065651_608280-026239.parquet,real_data_sample\l2_unseen_validation\trade_date=2026-07-17\exchange=NSE\symbol=ULTRACEMCO\part-065651_608280-026239.parquet,34577,downloaded,34577,
2026-07-17,NSE,ULTRACEMCO,raw_l2/trade_date=2026-07-17/exchange=NSE/symbol=ULTRACEMCO/part-070629_945998-027519.parquet,real_data_sample\l2_unseen_validation\trade_date=2026-07-17\exchange=NSE\symbol=ULTRACEMCO\part-070629_945998-027519.parquet,34605,downloaded,34605,
2026-07-17,NSE,ULTRACEMCO,raw_l2/trade_date=2026-07-17/exchange=NSE/symbol=ULTRACEMCO/part-070517_958736-027359.parquet,real_data_sample\l2_unseen_validation\trade_date=2026-07-17\exchange=NSE\symbol=ULTRACEMCO\part-070517_958736-027359.parquet,34945,downloaded,34945,
2026-07-17,NSE,ULTRACEMCO,raw_l2/trade_date=2026-07-17/exchange=NSE/symbol=ULTRACEMCO/part-070658_543076-027583.parquet,real_data_sample\l2_unseen_validation\trade_date=2026-07-17\exchange=NSE\symbol=ULTRACEMCO\part-070658_543076-027583.parquet,34493,downloaded,34493,
2026-07-17,NSE,ULTRACEMCO,raw_l2/trade_date=2026-07-17/exchange=NSE/symbol=ULTRACEMCO/part-070712_804807-027615.parquet,real_data_sample\l2_unseen_validation\trade_date=2026-07-17\exchange=NSE\symbol=ULTRACEMCO\part-070712_804807-027615.parquet,34435,downloaded,34435,
2026-07-17,NSE,ULTRACEMCO,raw_l2/trade_date=2026-07-17/exchange=NSE/symbol=ULTRACEMCO/part-070741_222594-027679.parquet,real_data_sample\l2_unseen_validation\trade_date=2026-07-17\exchange=NSE\symbol=ULTRACEMCO\part-070741_222594-027679.parquet,34545,downloaded,34545,
2026-07-17,NSE,ULTRACEMCO,raw_l2/trade_date=2026-07-17/exchange=NSE/symbol=ULTRACEMCO/part-070727_034618-027647.parquet,real_data_sample\l2_unseen_validation\trade_date=2026-07-17\exchange=NSE\symbol=ULTRACEMCO\part-070727_034618-027647.parquet,34630,downloaded,34630,
2026-07-17,NSE,ULTRACEMCO,raw_l2/trade_date=2026-07-17/exchange=NSE/symbol=ULTRACEMCO/part-070755_359917-027711.parquet,real_data_sample\l2_unseen_validation\trade_date=2026-07-17\exchange=NSE\symbol=ULTRACEMCO\part-070755_359917-027711.parquet,34637,downloaded,34637,
2026-07-17,NSE,ULTRACEMCO,raw_l2/trade_date=2026-07-17/exchange=NSE/symbol=ULTRACEMCO/part-070809_369906-027743.parquet,real_data_sample\l2_unseen_validation\trade_date=2026-07-17\exchange=NSE\symbol=ULTRACEMCO\part-070809_369906-027743.parquet,34487,downloaded,34487,
2026-07-17,NSE,ULTRACEMCO,raw_l2/trade_date=2026-07-17/exchange=NSE/symbol=ULTRACEMCO/part-070823_494805-027775.parquet,real_data_sample\l2_unseen_validation\trade_date=2026-07-17\exchange=NSE\symbol=ULTRACEMCO\part-070823_494805-027775.parquet,34568,downloaded,34568,
2026-07-17,NSE,ULTRACEMCO,raw_l2/trade_date=2026-07-17/exchange=NSE/symbol=ULTRACEMCO/part-070838_017717-027807.parquet,real_data_sample\l2_unseen_validation\trade_date=2026-07-17\exchange=NSE\symbol=ULTRACEMCO\part-070838_017717-027807.parquet,34576,downloaded,34576,
2026-07-17,NSE,ULTRACEMCO,raw_l2/trade_date=2026-07-17/exchange=NSE/symbol=ULTRACEMCO/part-070026_607747-026719.parquet,real_data_sample\l2_unseen_validation\trade_date=2026-07-17\exchange=NSE\symbol=ULTRACEMCO\part-070026_607747-026719.parquet,34476,downloaded,34476,
2026-07-17,NSE,ULTRACEMCO,raw_l2/trade_date=2026-07-17/exchange=NSE/symbol=ULTRACEMCO/part-070852_320401-027839.parquet,real_data_sample\l2_unseen_validation\trade_date=2026-07-17\exchange=NSE\symbol=ULTRACEMCO\part-070852_320401-027839.parquet,34690,downloaded,34690,
2026-07-17,NSE,ULTRACEMCO,raw_l2/trade_date=2026-07-17/exchange=NSE/symbol=ULTRACEMCO/part-065942_874273-026623.parquet,real_data_sample\l2_unseen_validation\trade_date=2026-07-17\exchange=NSE\symbol=ULTRACEMCO\part-065942_874273-026623.parquet,34651,downloaded,34651,
2026-07-17,NSE,ULTRACEMCO,raw_l2/trade_date=2026-07-17/exchange=NSE/symbol=ULTRACEMCO/part-070906_744251-027871.parquet,real_data_sample\l2_unseen_validation\trade_date=2026-07-17\exchange=NSE\symbol=ULTRACEMCO\part-070906_744251-027871.parquet,34471,downloaded,34471,
2026-07-17,NSE,ULTRACEMCO,raw_l2/trade_date=2026-07-17/exchange=NSE/symbol=ULTRACEMCO/part-065816_295553-026431.parquet,real_data_sample\l2_unseen_validation\trade_date=2026-07-17\exchange=NSE\symbol=ULTRACEMCO\part-065816_295553-026431.parquet,34557,downloaded,34557,
2026-07-17,NSE,ULTRACEMCO,raw_l2/trade_date=2026-07-17/exchange=NSE/symbol=ULTRACEMCO/part-065733_704616-026335.parquet,real_data_sample\l2_unseen_validation\trade_date=2026-07-17\exchange=NSE\symbol=ULTRACEMCO\part-065733_704616-026335.parquet,34700,downloaded,34700,
2026-07-17,NSE,ULTRACEMCO,raw_l2/trade_date=2026-07-17/exchange=NSE/symbol=ULTRACEMCO/part-070110_569710-026815.parquet,real_data_sample\l2_unseen_validation\trade_date=2026-07-17\exchange=NSE\symbol=ULTRACEMCO\part-070110_569710-026815.parquet,34488,downloaded,34488,
2026-07-17,NSE,ULTRACEMCO,raw_l2/trade_date=2026-07-17/exchange=NSE/symbol=ULTRACEMCO/part-065801_955762-026399.parquet,real_data_sample\l2_unseen_validation\trade_date=2026-07-17\exchange=NSE\symbol=ULTRACEMCO\part-065801_955762-026399.parquet,34727,downloaded,34727,
2026-07-17,NSE,ULTRACEMCO,raw_l2/trade_date=2026-07-17/exchange=NSE/symbol=ULTRACEMCO/part-065747_787598-026367.parquet,real_data_sample\l2_unseen_validation\trade_date=2026-07-17\exchange=NSE\symbol=ULTRACEMCO\part-065747_787598-026367.parquet,34472,downloaded,34472,
2026-07-17,NSE,ULTRACEMCO,raw_l2/trade_date=2026-07-17/exchange=NSE/symbol=ULTRACEMCO/part-065555_557048-026111.parquet,real_data_sample\l2_unseen_validation\trade_date=2026-07-17\exchange=NSE\symbol=ULTRACEMCO\part-065555_557048-026111.parquet,34852,downloaded,34852,
2026-07-17,NSE,ULTRACEMCO,raw_l2/trade_date=2026-07-17/exchange=NSE/symbol=ULTRACEMCO/part-065527_504874-026047.parquet,real_data_sample\l2_unseen_validation\trade_date=2026-07-17\exchange=NSE\symbol=ULTRACEMCO\part-065527_504874-026047.parquet,34361,downloaded,34361,
2026-07-17,NSE,ULTRACEMCO,raw_l2/trade_date=2026-07-17/exchange=NSE/symbol=ULTRACEMCO/part-065928_199514-026591.parquet,real_data_sample\l2_unseen_validation\trade_date=2026-07-17\exchange=NSE\symbol=ULTRACEMCO\part-065928_199514-026591.parquet,34693,downloaded,34693,
2026-07-17,NSE,ULTRACEMCO,raw_l2/trade_date=2026-07-17/exchange=NSE/symbol=ULTRACEMCO/part-065541_666191-026079.parquet,real_data_sample\l2_unseen_validation\trade_date=2026-07-17\exchange=NSE\symbol=ULTRACEMCO\part-065541_666191-026079.parquet,34781,downloaded,34781,
2026-07-17,NSE,ULTRACEMCO,raw_l2/trade_date=2026-07-17/exchange=NSE/symbol=ULTRACEMCO/part-065637_570419-026207.parquet,real_data_sample\l2_unseen_validation\trade_date=2026-07-17\exchange=NSE\symbol=ULTRACEMCO\part-065637_570419-026207.parquet,34673,downloaded,34673,
2026-07-17,NSE,ULTRACEMCO,raw_l2/trade_date=2026-07-17/exchange=NSE/symbol=ULTRACEMCO/part-065609_553364-026143.parquet,real_data_sample\l2_unseen_validation\trade_date=2026-07-17\exchange=NSE\symbol=ULTRACEMCO\part-065609_553364-026143.parquet,34667,downloaded,34667,
2026-07-17,NSE,ULTRACEMCO,raw_l2/trade_date=2026-07-17/exchange=NSE/symbol=ULTRACEMCO/part-070921_080651-027903.parquet,real_data_sample\l2_unseen_validation\trade_date=2026-07-17\exchange=NSE\symbol=ULTRACEMCO\part-070921_080651-027903.parquet,34457,downloaded,34457,
2026-07-17,NSE,ULTRACEMCO,raw_l2/trade_date=2026-07-17/exchange=NSE/symbol=ULTRACEMCO/part-065705_543398-026271.parquet,real_data_sample\l2_unseen_validation\trade_date=2026-07-17\exchange=NSE\symbol=ULTRACEMCO\part-065705_543398-026271.parquet,34474,downloaded,34474,
2026-07-17,NSE,ULTRACEMCO,raw_l2/trade_date=2026-07-17/exchange=NSE/symbol=ULTRACEMCO/part-070935_762927-027935.parquet,real_data_sample\l2_unseen_validation\trade_date=2026-07-17\exchange=NSE\symbol=ULTRACEMCO\part-070935_762927-027935.parquet,34733,downloaded,34733,
2026-07-17,NSE,ULTRACEMCO,raw_l2/trade_date=2026-07-17/exchange=NSE/symbol=ULTRACEMCO/part-070950_382185-027967.parquet,real_data_sample\l2_unseen_validation\trade_date=2026-07-17\exchange=NSE\symbol=ULTRACEMCO\part-070950_382185-027967.parquet,34374,downloaded,34374,
2026-07-17,NSE,ULTRACEMCO,raw_l2/trade_date=2026-07-17/exchange=NSE/symbol=ULTRACEMCO/part-071004_473409-027999.parquet,real_data_sample\l2_unseen_validation\trade_date=2026-07-17\exchange=NSE\symbol=ULTRACEMCO\part-071004_473409-027999.parquet,34549,downloaded,34549,
2026-07-17,NSE,ULTRACEMCO,raw_l2/trade_date=2026-07-17/exchange=NSE/symbol=ULTRACEMCO/part-071018_722349-028031.parquet,real_data_sample\l2_unseen_validation\trade_date=2026-07-17\exchange=NSE\symbol=ULTRACEMCO\part-071018_722349-028031.parquet,34773,downloaded,34773,
2026-07-17,NSE,ULTRACEMCO,raw_l2/trade_date=2026-07-17/exchange=NSE/symbol=ULTRACEMCO/part-070601_348502-027455.parquet,real_data_sample\l2_unseen_validation\trade_date=2026-07-17\exchange=NSE\symbol=ULTRACEMCO\part-070601_348502-027455.parquet,35038,downloaded,35038,
2026-07-17,NSE,ULTRACEMCO,raw_l2/trade_date=2026-07-17/exchange=NSE/symbol=ULTRACEMCO/part-071032_710264-028063.parquet,real_data_sample\l2_unseen_validation\trade_date=2026-07-17\exchange=NSE\symbol=ULTRACEMCO\part-071032_710264-028063.parquet,34846,downloaded,34846,
2026-07-17,NSE,ULTRACEMCO,raw_l2/trade_date=2026-07-17/exchange=NSE/symbol=ULTRACEMCO/part-071047_297794-028095.parquet,real_data_sample\l2_unseen_validation\trade_date=2026-07-17\exchange=NSE\symbol=ULTRACEMCO\part-071047_297794-028095.parquet,34804,downloaded,34804,
2026-07-17,NSE,ULTRACEMCO,raw_l2/trade_date=2026-07-17/exchange=NSE/symbol=ULTRACEMCO/part-071116_292524-028159.parquet,real_data_sample\l2_unseen_validation\trade_date=2026-07-17\exchange=NSE\symbol=ULTRACEMCO\part-071116_292524-028159.parquet,34980,downloaded,34980,
2026-07-17,NSE,ULTRACEMCO,raw_l2/trade_date=2026-07-17/exchange=NSE/symbol=ULTRACEMCO/part-071130_963056-028191.parquet,real_data_sample\l2_unseen_validation\trade_date=2026-07-17\exchange=NSE\symbol=ULTRACEMCO\part-071130_963056-028191.parquet,35688,downloaded,35688,
2026-07-17,NSE,ULTRACEMCO,raw_l2/trade_date=2026-07-17/exchange=NSE/symbol=ULTRACEMCO/part-070337_426521-027135.parquet,real_data_sample\l2_unseen_validation\trade_date=2026-07-17\exchange=NSE\symbol=ULTRACEMCO\part-070337_426521-027135.parquet,34283,downloaded,34283,
2026-07-17,NSE,ULTRACEMCO,raw_l2/trade_date=2026-07-17/exchange=NSE/symbol=ULTRACEMCO/part-071101_808317-028127.parquet,real_data_sample\l2_unseen_validation\trade_date=2026-07-17\exchange=NSE\symbol=ULTRACEMCO\part-071101_808317-028127.parquet,34816,downloaded,34816,
2026-07-17,NSE,ULTRACEMCO,raw_l2/trade_date=2026-07-17/exchange=NSE/symbol=ULTRACEMCO/part-070323_170505-027103.parquet,real_data_sample\l2_unseen_validation\trade_date=2026-07-17\exchange=NSE\symbol=ULTRACEMCO\part-070323_170505-027103.parquet,34412,downloaded,34412,
2026-07-17,NSE,ULTRACEMCO,raw_l2/trade_date=2026-07-17/exchange=NSE/symbol=ULTRACEMCO/part-071145_618583-028223.parquet,real_data_sample\l2_unseen_validation\trade_date=2026-07-17\exchange=NSE\symbol=ULTRACEMCO\part-071145_618583-028223.parquet,36324,downloaded,36324,
2026-07-17,NSE,ULTRACEMCO,raw_l2/trade_date=2026-07-17/exchange=NSE/symbol=ULTRACEMCO/part-070406_137728-027199.parquet,real_data_sample\l2_unseen_validation\trade_date=2026-07-17\exchange=NSE\symbol=ULTRACEMCO\part-070406_137728-027199.parquet,34328,downloaded,34328,
2026-07-17,NSE,ULTRACEMCO,raw_l2/trade_date=2026-07-17/exchange=NSE/symbol=ULTRACEMCO/part-071200_004567-028255.parquet,real_data_sample\l2_unseen_validation\trade_date=2026-07-17\exchange=NSE\symbol=ULTRACEMCO\part-071200_004567-028255.parquet,35068,downloaded,35068,
2026-07-17,NSE,ULTRACEMCO,raw_l2/trade_date=2026-07-17/exchange=NSE/symbol=ULTRACEMCO/part-071214_574732-028287.parquet,real_data_sample\l2_unseen_validation\trade_date=2026-07-17\exchange=NSE\symbol=ULTRACEMCO\part-071214_574732-028287.parquet,35011,downloaded,35011,
2026-07-17,NSE,ULTRACEMCO,raw_l2/trade_date=2026-07-17/exchange=NSE/symbol=ULTRACEMCO/part-070420_289680-027231.parquet,real_data_sample\l2_unseen_validation\trade_date=2026-07-17\exchange=NSE\symbol=ULTRACEMCO\part-070420_289680-027231.parquet,34702,downloaded,34702,
2026-07-17,NSE,ULTRACEMCO,raw_l2/trade_date=2026-07-17/exchange=NSE/symbol=ULTRACEMCO/part-070532_614783-027391.parquet,real_data_sample\l2_unseen_validation\trade_date=2026-07-17\exchange=NSE\symbol=ULTRACEMCO\part-070532_614783-027391.parquet,35342,downloaded,35342,
2026-07-17,NSE,ULTRACEMCO,raw_l2/trade_date=2026-07-17/exchange=NSE/symbol=ULTRACEMCO/part-071228_904301-028319.parquet,real_data_sample\l2_unseen_validation\trade_date=2026-07-17\exchange=NSE\symbol=ULTRACEMCO\part-071228_904301-028319.parquet,34540,downloaded,34540,
2026-07-17,NSE,ULTRACEMCO,raw_l2/trade_date=2026-07-17/exchange=NSE/symbol=ULTRACEMCO/part-070615_493283-027487.parquet,real_data_sample\l2_unseen_validation\trade_date=2026-07-17\exchange=NSE\symbol=ULTRACEMCO\part-070615_493283-027487.parquet,35104,downloaded,35104,
2026-07-17,NSE,ULTRACEMCO,raw_l2/trade_date=2026-07-17/exchange=NSE/symbol=ULTRACEMCO/part-071243_341452-028351.parquet,real_data_sample\l2_unseen_validation\trade_date=2026-07-17\exchange=NSE\symbol=ULTRACEMCO\part-071243_341452-028351.parquet,34356,downloaded,34356,
2026-07-17,NSE,ULTRACEMCO,raw_l2/trade_date=2026-07-17/exchange=NSE/symbol=ULTRACEMCO/part-070351_718480-027167.parquet,real_data_sample\l2_unseen_validation\trade_date=2026-07-17\exchange=NSE\symbol=ULTRACEMCO\part-070351_718480-027167.parquet,34336,downloaded,34336,
2026-07-17,NSE,ULTRACEMCO,raw_l2/trade_date=2026-07-17/exchange=NSE/symbol=ULTRACEMCO/part-070434_489663-027263.parquet,real_data_sample\l2_unseen_validation\trade_date=2026-07-17\exchange=NSE\symbol=ULTRACEMCO\part-070434_489663-027263.parquet,34937,downloaded,34937,
2026-07-17,NSE,ULTRACEMCO,raw_l2/trade_date=2026-07-17/exchange=NSE/symbol=ULTRACEMCO/part-071257_571972-028383.parquet,real_data_sample\l2_unseen_validation\trade_date=2026-07-17\exchange=NSE\symbol=ULTRACEMCO\part-071257_571972-028383.parquet,34685,downloaded,34685,
2026-07-17,NSE,ULTRACEMCO,raw_l2/trade_date=2026-07-17/exchange=NSE/symbol=ULTRACEMCO/part-070448_760421-027295.parquet,real_data_sample\l2_unseen_validation\trade_date=2026-07-17\exchange=NSE\symbol=ULTRACEMCO\part-070448_760421-027295.parquet,34740,downloaded,34740,
2026-07-17,NSE,ULTRACEMCO,raw_l2/trade_date=2026-07-17/exchange=NSE/symbol=ULTRACEMCO/part-070308_608641-027071.parquet,real_data_sample\l2_unseen_validation\trade_date=2026-07-17\exchange=NSE\symbol=ULTRACEMCO\part-070308_608641-027071.parquet,34430,downloaded,34430,
2026-07-17,NSE,ULTRACEMCO,raw_l2/trade_date=2026-07-17/exchange=NSE/symbol=ULTRACEMCO/part-071340_538213-028479.parquet,real_data_sample\l2_unseen_validation\trade_date=2026-07-17\exchange=NSE\symbol=ULTRACEMCO\part-071340_538213-028479.parquet,34262,downloaded,34262,
2026-07-17,NSE,ULTRACEMCO,raw_l2/trade_date=2026-07-17/exchange=NSE/symbol=ULTRACEMCO/part-071409_116485-028543.parquet,real_data_sample\l2_unseen_validation\trade_date=2026-07-17\exchange=NSE\symbol=ULTRACEMCO\part-071409_116485-028543.parquet,34276,downloaded,34276,
2026-07-17,NSE,ULTRACEMCO,raw_l2/trade_date=2026-07-17/exchange=NSE/symbol=ULTRACEMCO/part-071423_341153-028575.parquet,real_data_sample\l2_unseen_validation\trade_date=2026-07-17\exchange=NSE\symbol=ULTRACEMCO\part-071423_341153-028575.parquet,34727,downloaded,34727,
2026-07-17,NSE,ULTRACEMCO,raw_l2/trade_date=2026-07-17/exchange=NSE/symbol=ULTRACEMCO/part-071354_782882-028511.parquet,real_data_sample\l2_unseen_validation\trade_date=2026-07-17\exchange=NSE\symbol=ULTRACEMCO\part-071354_782882-028511.parquet,34464,downloaded,34464,
2026-07-17,NSE,ULTRACEMCO,raw_l2/trade_date=2026-07-17/exchange=NSE/symbol=ULTRACEMCO/part-071326_086471-028447.parquet,real_data_sample\l2_unseen_validation\trade_date=2026-07-17\exchange=NSE\symbol=ULTRACEMCO\part-071326_086471-028447.parquet,34626,downloaded,34626,
2026-07-17,NSE,ULTRACEMCO,raw_l2/trade_date=2026-07-17/exchange=NSE/symbol=ULTRACEMCO/part-070041_066475-026751.parquet,real_data_sample\l2_unseen_validation\trade_date=2026-07-17\exchange=NSE\symbol=ULTRACEMCO\part-070041_066475-026751.parquet,34587,downloaded,34587,
2026-07-17,NSE,ULTRACEMCO,raw_l2/trade_date=2026-07-17/exchange=NSE/symbol=ULTRACEMCO/part-071311_857893-028415.parquet,real_data_sample\l2_unseen_validation\trade_date=2026-07-17\exchange=NSE\symbol=ULTRACEMCO\part-071311_857893-028415.parquet,34380,downloaded,34380,
2026-07-17,NSE,ULTRACEMCO,raw_l2/trade_date=2026-07-17/exchange=NSE/symbol=ULTRACEMCO/part-071437_616688-028607.parquet,real_data_sample\l2_unseen_validation\trade_date=2026-07-17\exchange=NSE\symbol=ULTRACEMCO\part-071437_616688-028607.parquet,34456,downloaded,34456,
2026-07-17,NSE,ULTRACEMCO,raw_l2/trade_date=2026-07-17/exchange=NSE/symbol=ULTRACEMCO/part-071632_508591-028863.parquet,real_data_sample\l2_unseen_validation\trade_date=2026-07-17\exchange=NSE\symbol=ULTRACEMCO\part-071632_508591-028863.parquet,34393,downloaded,34393,
2026-07-17,NSE,ULTRACEMCO,raw_l2/trade_date=2026-07-17/exchange=NSE/symbol=ULTRACEMCO/part-071451_994491-028639.parquet,real_data_sample\l2_unseen_validation\trade_date=2026-07-17\exchange=NSE\symbol=ULTRACEMCO\part-071451_994491-028639.parquet,34578,downloaded,34578,
2026-07-17,NSE,ULTRACEMCO,raw_l2/trade_date=2026-07-17/exchange=NSE/symbol=ULTRACEMCO/part-071506_550740-028671.parquet,real_data_sample\l2_unseen_validation\trade_date=2026-07-17\exchange=NSE\symbol=ULTRACEMCO\part-071506_550740-028671.parquet,34415,downloaded,34415,
2026-07-17,NSE,ULTRACEMCO,raw_l2/trade_date=2026-07-17/exchange=NSE/symbol=ULTRACEMCO/part-071549_870752-028767.parquet,real_data_sample\l2_unseen_validation\trade_date=2026-07-17\exchange=NSE\symbol=ULTRACEMCO\part-071549_870752-028767.parquet,34611,downloaded,34611,
2026-07-17,NSE,ULTRACEMCO,raw_l2/trade_date=2026-07-17/exchange=NSE/symbol=ULTRACEMCO/part-071700_927662-028927.parquet,real_data_sample\l2_unseen_validation\trade_date=2026-07-17\exchange=NSE\symbol=ULTRACEMCO\part-071700_927662-028927.parquet,34834,downloaded,34834,
2026-07-17,NSE,ULTRACEMCO,raw_l2/trade_date=2026-07-17/exchange=NSE/symbol=ULTRACEMCO/part-071618_220522-028831.parquet,real_data_sample\l2_unseen_validation\trade_date=2026-07-17\exchange=NSE\symbol=ULTRACEMCO\part-071618_220522-028831.parquet,34725,downloaded,34725,
2026-07-17,NSE,ULTRACEMCO,raw_l2/trade_date=2026-07-17/exchange=NSE/symbol=ULTRACEMCO/part-070644_289955-027551.parquet,real_data_sample\l2_unseen_validation\trade_date=2026-07-17\exchange=NSE\symbol=ULTRACEMCO\part-070644_289955-027551.parquet,34672,downloaded,34672,
2026-07-17,NSE,ULTRACEMCO,raw_l2/trade_date=2026-07-17/exchange=NSE/symbol=ULTRACEMCO/part-071646_787970-028895.parquet,real_data_sample\l2_unseen_validation\trade_date=2026-07-17\exchange=NSE\symbol=ULTRACEMCO\part-071646_787970-028895.parquet,34672,downloaded,34672,
2026-07-17,NSE,ULTRACEMCO,raw_l2/trade_date=2026-07-17/exchange=NSE/symbol=ULTRACEMCO/part-071520_921509-028703.parquet,real_data_sample\l2_unseen_validation\trade_date=2026-07-17\exchange=NSE\symbol=ULTRACEMCO\part-071520_921509-028703.parquet,34830,downloaded,34830,
2026-07-17,NSE,ULTRACEMCO,raw_l2/trade_date=2026-07-17/exchange=NSE/symbol=ULTRACEMCO/part-071729_205283-028991.parquet,real_data_sample\l2_unseen_validation\trade_date=2026-07-17\exchange=NSE\symbol=ULTRACEMCO\part-071729_205283-028991.parquet,34519,downloaded,34519,
2026-07-17,NSE,ULTRACEMCO,raw_l2/trade_date=2026-07-17/exchange=NSE/symbol=ULTRACEMCO/part-071535_233569-028735.parquet,real_data_sample\l2_unseen_validation\trade_date=2026-07-17\exchange=NSE\symbol=ULTRACEMCO\part-071535_233569-028735.parquet,34781,downloaded,34781,
2026-07-17,NSE,ULTRACEMCO,raw_l2/trade_date=2026-07-17/exchange=NSE/symbol=ULTRACEMCO/part-070503_570132-027327.parquet,real_data_sample\l2_unseen_validation\trade_date=2026-07-17\exchange=NSE\symbol=ULTRACEMCO\part-070503_570132-027327.parquet,34796,downloaded,34796,
2026-07-17,NSE,ULTRACEMCO,raw_l2/trade_date=2026-07-17/exchange=NSE/symbol=ULTRACEMCO/part-071604_044983-028799.parquet,real_data_sample\l2_unseen_validation\trade_date=2026-07-17\exchange=NSE\symbol=ULTRACEMCO\part-071604_044983-028799.parquet,34366,downloaded,34366,
2026-07-17,NSE,ULTRACEMCO,raw_l2/trade_date=2026-07-17/exchange=NSE/symbol=ULTRACEMCO/part-071715_156092-028959.parquet,real_data_sample\l2_unseen_validation\trade_date=2026-07-17\exchange=NSE\symbol=ULTRACEMCO\part-071715_156092-028959.parquet,34635,downloaded,34635,
2026-07-17,NSE,ULTRACEMCO,raw_l2/trade_date=2026-07-17/exchange=NSE/symbol=ULTRACEMCO/part-071743_490112-029023.parquet,real_data_sample\l2_unseen_validation\trade_date=2026-07-17\exchange=NSE\symbol=ULTRACEMCO\part-071743_490112-029023.parquet,34398,downloaded,34398,
2026-07-17,NSE,ULTRACEMCO,raw_l2/trade_date=2026-07-17/exchange=NSE/symbol=ULTRACEMCO/part-071812_279112-029087.parquet,real_data_sample\l2_unseen_validation\trade_date=2026-07-17\exchange=NSE\symbol=ULTRACEMCO\part-071812_279112-029087.parquet,34461,downloaded,34461,
2026-07-17,NSE,ULTRACEMCO,raw_l2/trade_date=2026-07-17/exchange=NSE/symbol=ULTRACEMCO/part-070253_811967-027039.parquet,real_data_sample\l2_unseen_validation\trade_date=2026-07-17\exchange=NSE\symbol=ULTRACEMCO\part-070253_811967-027039.parquet,34340,downloaded,34340,
2026-07-17,NSE,ULTRACEMCO,raw_l2/trade_date=2026-07-17/exchange=NSE/symbol=ULTRACEMCO/part-071757_731723-029055.parquet,real_data_sample\l2_unseen_validation\trade_date=2026-07-17\exchange=NSE\symbol=ULTRACEMCO\part-071757_731723-029055.parquet,34605,downloaded,34605,
2026-07-17,NSE,ULTRACEMCO,raw_l2/trade_date=2026-07-17/exchange=NSE/symbol=ULTRACEMCO/part-071826_541012-029119.parquet,real_data_sample\l2_unseen_validation\trade_date=2026-07-17\exchange=NSE\symbol=ULTRACEMCO\part-071826_541012-029119.parquet,34548,downloaded,34548,
2026-07-17,NSE,ULTRACEMCO,raw_l2/trade_date=2026-07-17/exchange=NSE/symbol=ULTRACEMCO/part-070546_887359-027423.parquet,real_data_sample\l2_unseen_validation\trade_date=2026-07-17\exchange=NSE\symbol=ULTRACEMCO\part-070546_887359-027423.parquet,34604,downloaded,34604,
2026-07-17,NSE,ULTRACEMCO,raw_l2/trade_date=2026-07-17/exchange=NSE/symbol=ULTRACEMCO/part-071841_394886-029151.parquet,real_data_sample\l2_unseen_validation\trade_date=2026-07-17\exchange=NSE\symbol=ULTRACEMCO\part-071841_394886-029151.parquet,34675,downloaded,34675,
2026-07-17,NSE,ULTRACEMCO,raw_l2/trade_date=2026-07-17/exchange=NSE/symbol=ULTRACEMCO/part-071856_510316-029183.parquet,real_data_sample\l2_unseen_validation\trade_date=2026-07-17\exchange=NSE\symbol=ULTRACEMCO\part-071856_510316-029183.parquet,34496,downloaded,34496,
2026-07-17,NSE,ULTRACEMCO,raw_l2/trade_date=2026-07-17/exchange=NSE/symbol=ULTRACEMCO/part-071925_131588-029247.parquet,real_data_sample\l2_unseen_validation\trade_date=2026-07-17\exchange=NSE\symbol=ULTRACEMCO\part-071925_131588-029247.parquet,34547,downloaded,34547,
2026-07-17,NSE,ULTRACEMCO,raw_l2/trade_date=2026-07-17/exchange=NSE/symbol=ULTRACEMCO/part-071910_674616-029215.parquet,real_data_sample\l2_unseen_validation\trade_date=2026-07-17\exchange=NSE\symbol=ULTRACEMCO\part-071910_674616-029215.parquet,34667,downloaded,34667,
2026-07-17,NSE,ULTRACEMCO,raw_l2/trade_date=2026-07-17/exchange=NSE/symbol=ULTRACEMCO/part-071953_443913-029311.parquet,real_data_sample\l2_unseen_validation\trade_date=2026-07-17\exchange=NSE\symbol=ULTRACEMCO\part-071953_443913-029311.parquet,34649,downloaded,34649,
2026-07-17,NSE,ULTRACEMCO,raw_l2/trade_date=2026-07-17/exchange=NSE/symbol=ULTRACEMCO/part-071939_350856-029279.parquet,real_data_sample\l2_unseen_validation\trade_date=2026-07-17\exchange=NSE\symbol=ULTRACEMCO\part-071939_350856-029279.parquet,34802,downloaded,34802,
2026-07-17,NSE,ULTRACEMCO,raw_l2/trade_date=2026-07-17/exchange=NSE/symbol=ULTRACEMCO/part-072007_786811-029343.parquet,real_data_sample\l2_unseen_validation\trade_date=2026-07-17\exchange=NSE\symbol=ULTRACEMCO\part-072007_786811-029343.parquet,34696,downloaded,34696,
2026-07-17,NSE,ULTRACEMCO,raw_l2/trade_date=2026-07-17/exchange=NSE/symbol=ULTRACEMCO/part-072022_091775-029375.parquet,real_data_sample\l2_unseen_validation\trade_date=2026-07-17\exchange=NSE\symbol=ULTRACEMCO\part-072022_091775-029375.parquet,34851,downloaded,34851,
2026-07-17,NSE,ULTRACEMCO,raw_l2/trade_date=2026-07-17/exchange=NSE/symbol=ULTRACEMCO/part-072327_596377-029791.parquet,real_data_sample\l2_unseen_validation\trade_date=2026-07-17\exchange=NSE\symbol=ULTRACEMCO\part-072327_596377-029791.parquet,34350,downloaded,34350,
2026-07-17,NSE,ULTRACEMCO,raw_l2/trade_date=2026-07-17/exchange=NSE/symbol=ULTRACEMCO/part-072244_625808-029695.parquet,real_data_sample\l2_unseen_validation\trade_date=2026-07-17\exchange=NSE\symbol=ULTRACEMCO\part-072244_625808-029695.parquet,34373,downloaded,34373,
2026-07-17,NSE,ULTRACEMCO,raw_l2/trade_date=2026-07-17/exchange=NSE/symbol=ULTRACEMCO/part-072341_869734-029823.parquet,real_data_sample\l2_unseen_validation\trade_date=2026-07-17\exchange=NSE\symbol=ULTRACEMCO\part-072341_869734-029823.parquet,34716,downloaded,34716,
2026-07-17,NSE,ULTRACEMCO,raw_l2/trade_date=2026-07-17/exchange=NSE/symbol=ULTRACEMCO/part-072050_568652-029439.parquet,real_data_sample\l2_unseen_validation\trade_date=2026-07-17\exchange=NSE\symbol=ULTRACEMCO\part-072050_568652-029439.parquet,34564,downloaded,34564,
2026-07-17,NSE,ULTRACEMCO,raw_l2/trade_date=2026-07-17/exchange=NSE/symbol=ULTRACEMCO/part-072133_097349-029535.parquet,real_data_sample\l2_unseen_validation\trade_date=2026-07-17\exchange=NSE\symbol=ULTRACEMCO\part-072133_097349-029535.parquet,34603,downloaded,34603,
2026-07-17,NSE,ULTRACEMCO,raw_l2/trade_date=2026-07-17/exchange=NSE/symbol=ULTRACEMCO/part-072036_273558-029407.parquet,real_data_sample\l2_unseen_validation\trade_date=2026-07-17\exchange=NSE\symbol=ULTRACEMCO\part-072036_273558-029407.parquet,34677,downloaded,34677,
2026-07-17,NSE,ULTRACEMCO,raw_l2/trade_date=2026-07-17/exchange=NSE/symbol=ULTRACEMCO/part-072230_279998-029663.parquet,real_data_sample\l2_unseen_validation\trade_date=2026-07-17\exchange=NSE\symbol=ULTRACEMCO\part-072230_279998-029663.parquet,34215,downloaded,34215,
2026-07-17,NSE,ULTRACEMCO,raw_l2/trade_date=2026-07-17/exchange=NSE/symbol=ULTRACEMCO/part-072424_495553-029919.parquet,real_data_sample\l2_unseen_validation\trade_date=2026-07-17\exchange=NSE\symbol=ULTRACEMCO\part-072424_495553-029919.parquet,34741,downloaded,34741,
2026-07-17,NSE,ULTRACEMCO,raw_l2/trade_date=2026-07-17/exchange=NSE/symbol=ULTRACEMCO/part-072202_129999-029599.parquet,real_data_sample\l2_unseen_validation\trade_date=2026-07-17\exchange=NSE\symbol=ULTRACEMCO\part-072202_129999-029599.parquet,34586,downloaded,34586,
2026-07-17,NSE,ULTRACEMCO,raw_l2/trade_date=2026-07-17/exchange=NSE/symbol=ULTRACEMCO/part-072118_938761-029503.parquet,real_data_sample\l2_unseen_validation\trade_date=2026-07-17\exchange=NSE\symbol=ULTRACEMCO\part-072118_938761-029503.parquet,34711,downloaded,34711,
2026-07-17,NSE,ULTRACEMCO,raw_l2/trade_date=2026-07-17/exchange=NSE/symbol=ULTRACEMCO/part-072521_770014-030047.parquet,real_data_sample\l2_unseen_validation\trade_date=2026-07-17\exchange=NSE\symbol=ULTRACEMCO\part-072521_770014-030047.parquet,34441,downloaded,34441,
2026-07-17,NSE,ULTRACEMCO,raw_l2/trade_date=2026-07-17/exchange=NSE/symbol=ULTRACEMCO/part-072258_811738-029727.parquet,real_data_sample\l2_unseen_validation\trade_date=2026-07-17\exchange=NSE\symbol=ULTRACEMCO\part-072258_811738-029727.parquet,34738,downloaded,34738,
2026-07-17,NSE,ULTRACEMCO,raw_l2/trade_date=2026-07-17/exchange=NSE/symbol=ULTRACEMCO/part-072104_827319-029471.parquet,real_data_sample\l2_unseen_validation\trade_date=2026-07-17\exchange=NSE\symbol=ULTRACEMCO\part-072104_827319-029471.parquet,34447,downloaded,34447,
2026-07-17,NSE,ULTRACEMCO,raw_l2/trade_date=2026-07-17/exchange=NSE/symbol=ULTRACEMCO/part-072453_467427-029983.parquet,real_data_sample\l2_unseen_validation\trade_date=2026-07-17\exchange=NSE\symbol=ULTRACEMCO\part-072453_467427-029983.parquet,34617,downloaded,34617,
2026-07-17,NSE,ULTRACEMCO,raw_l2/trade_date=2026-07-17/exchange=NSE/symbol=ULTRACEMCO/part-072147_062244-029567.parquet,real_data_sample\l2_unseen_validation\trade_date=2026-07-17\exchange=NSE\symbol=ULTRACEMCO\part-072147_062244-029567.parquet,34205,downloaded,34205,
2026-07-17,NSE,ULTRACEMCO,raw_l2/trade_date=2026-07-17/exchange=NSE/symbol=ULTRACEMCO/part-072216_211182-029631.parquet,real_data_sample\l2_unseen_validation\trade_date=2026-07-17\exchange=NSE\symbol=ULTRACEMCO\part-072216_211182-029631.parquet,34656,downloaded,34656,
2026-07-17,NSE,ULTRACEMCO,raw_l2/trade_date=2026-07-17/exchange=NSE/symbol=ULTRACEMCO/part-072550_181007-030111.parquet,real_data_sample\l2_unseen_validation\trade_date=2026-07-17\exchange=NSE\symbol=ULTRACEMCO\part-072550_181007-030111.parquet,34376,downloaded,34376,
2026-07-17,NSE,ULTRACEMCO,raw_l2/trade_date=2026-07-17/exchange=NSE/symbol=ULTRACEMCO/part-072356_095713-029855.parquet,real_data_sample\l2_unseen_validation\trade_date=2026-07-17\exchange=NSE\symbol=ULTRACEMCO\part-072356_095713-029855.parquet,34496,downloaded,34496,
2026-07-17,NSE,ULTRACEMCO,raw_l2/trade_date=2026-07-17/exchange=NSE/symbol=ULTRACEMCO/part-072410_272605-029887.parquet,real_data_sample\l2_unseen_validation\trade_date=2026-07-17\exchange=NSE\symbol=ULTRACEMCO\part-072410_272605-029887.parquet,34767,downloaded,34767,
2026-07-17,NSE,ULTRACEMCO,raw_l2/trade_date=2026-07-17/exchange=NSE/symbol=ULTRACEMCO/part-072536_011617-030079.parquet,real_data_sample\l2_unseen_validation\trade_date=2026-07-17\exchange=NSE\symbol=ULTRACEMCO\part-072536_011617-030079.parquet,34453,downloaded,34453,
2026-07-17,NSE,ULTRACEMCO,raw_l2/trade_date=2026-07-17/exchange=NSE/symbol=ULTRACEMCO/part-072604_258875-030143.parquet,real_data_sample\l2_unseen_validation\trade_date=2026-07-17\exchange=NSE\symbol=ULTRACEMCO\part-072604_258875-030143.parquet,34737,downloaded,34737,
2026-07-17,NSE,ULTRACEMCO,raw_l2/trade_date=2026-07-17/exchange=NSE/symbol=ULTRACEMCO/part-072438_892364-029951.parquet,real_data_sample\l2_unseen_validation\trade_date=2026-07-17\exchange=NSE\symbol=ULTRACEMCO\part-072438_892364-029951.parquet,34576,downloaded,34576,
2026-07-17,NSE,ULTRACEMCO,raw_l2/trade_date=2026-07-17/exchange=NSE/symbol=ULTRACEMCO/part-072647_190719-030239.parquet,real_data_sample\l2_unseen_validation\trade_date=2026-07-17\exchange=NSE\symbol=ULTRACEMCO\part-072647_190719-030239.parquet,34265,downloaded,34265,
2026-07-17,NSE,ULTRACEMCO,raw_l2/trade_date=2026-07-17/exchange=NSE/symbol=ULTRACEMCO/part-072507_552450-030015.parquet,real_data_sample\l2_unseen_validation\trade_date=2026-07-17\exchange=NSE\symbol=ULTRACEMCO\part-072507_552450-030015.parquet,34466,downloaded,34466,
2026-07-17,NSE,ULTRACEMCO,raw_l2/trade_date=2026-07-17/exchange=NSE/symbol=ULTRACEMCO/part-072633_062039-030207.parquet,real_data_sample\l2_unseen_validation\trade_date=2026-07-17\exchange=NSE\symbol=ULTRACEMCO\part-072633_062039-030207.parquet,34666,downloaded,34666,
2026-07-17,NSE,ULTRACEMCO,raw_l2/trade_date=2026-07-17/exchange=NSE/symbol=ULTRACEMCO/part-072313_171313-029759.parquet,real_data_sample\l2_unseen_validation\trade_date=2026-07-17\exchange=NSE\symbol=ULTRACEMCO\part-072313_171313-029759.parquet,34488,downloaded,34488,
2026-07-17,NSE,ULTRACEMCO,raw_l2/trade_date=2026-07-17/exchange=NSE/symbol=ULTRACEMCO/part-072618_362613-030175.parquet,real_data_sample\l2_unseen_validation\trade_date=2026-07-17\exchange=NSE\symbol=ULTRACEMCO\part-072618_362613-030175.parquet,34673,downloaded,34673,
2026-07-17,NSE,ULTRACEMCO,raw_l2/trade_date=2026-07-17/exchange=NSE/symbol=ULTRACEMCO/part-072701_636174-030271.parquet,real_data_sample\l2_unseen_validation\trade_date=2026-07-17\exchange=NSE\symbol=ULTRACEMCO\part-072701_636174-030271.parquet,34648,downloaded,34648,
2026-07-17,NSE,ULTRACEMCO,raw_l2/trade_date=2026-07-17/exchange=NSE/symbol=ULTRACEMCO/part-072716_018786-030303.parquet,real_data_sample\l2_unseen_validation\trade_date=2026-07-17\exchange=NSE\symbol=ULTRACEMCO\part-072716_018786-030303.parquet,34496,downloaded,34496,
2026-07-17,NSE,ULTRACEMCO,raw_l2/trade_date=2026-07-17/exchange=NSE/symbol=ULTRACEMCO/part-072730_415253-030335.parquet,real_data_sample\l2_unseen_validation\trade_date=2026-07-17\exchange=NSE\symbol=ULTRACEMCO\part-072730_415253-030335.parquet,34630,downloaded,34630,
2026-07-17,NSE,ULTRACEMCO,raw_l2/trade_date=2026-07-17/exchange=NSE/symbol=ULTRACEMCO/part-072744_785144-030367.parquet,real_data_sample\l2_unseen_validation\trade_date=2026-07-17\exchange=NSE\symbol=ULTRACEMCO\part-072744_785144-030367.parquet,34297,downloaded,34297,
2026-07-17,NSE,ULTRACEMCO,raw_l2/trade_date=2026-07-17/exchange=NSE/symbol=ULTRACEMCO/part-072759_397686-030399.parquet,real_data_sample\l2_unseen_validation\trade_date=2026-07-17\exchange=NSE\symbol=ULTRACEMCO\part-072759_397686-030399.parquet,34342,downloaded,34342,
2026-07-17,NSE,ULTRACEMCO,raw_l2/trade_date=2026-07-17/exchange=NSE/symbol=ULTRACEMCO/part-073151_513812-030911.parquet,real_data_sample\l2_unseen_validation\trade_date=2026-07-17\exchange=NSE\symbol=ULTRACEMCO\part-073151_513812-030911.parquet,34339,downloaded,34339,
2026-07-17,NSE,ULTRACEMCO,raw_l2/trade_date=2026-07-17/exchange=NSE/symbol=ULTRACEMCO/part-072813_866440-030431.parquet,real_data_sample\l2_unseen_validation\trade_date=2026-07-17\exchange=NSE\symbol=ULTRACEMCO\part-072813_866440-030431.parquet,34560,downloaded,34560,
2026-07-17,NSE,ULTRACEMCO,raw_l2/trade_date=2026-07-17/exchange=NSE/symbol=ULTRACEMCO/part-073510_888436-031359.parquet,real_data_sample\l2_unseen_validation\trade_date=2026-07-17\exchange=NSE\symbol=ULTRACEMCO\part-073510_888436-031359.parquet,34638,downloaded,34638,
2026-07-17,NSE,ULTRACEMCO,raw_l2/trade_date=2026-07-17/exchange=NSE/symbol=ULTRACEMCO/part-073316_732937-031103.parquet,real_data_sample\l2_unseen_validation\trade_date=2026-07-17\exchange=NSE\symbol=ULTRACEMCO\part-073316_732937-031103.parquet,34832,downloaded,34832,
2026-07-17,NSE,ULTRACEMCO,raw_l2/trade_date=2026-07-17/exchange=NSE/symbol=ULTRACEMCO/part-073456_659063-031327.parquet,real_data_sample\l2_unseen_validation\trade_date=2026-07-17\exchange=NSE\symbol=ULTRACEMCO\part-073456_659063-031327.parquet,34524,downloaded,34524,
2026-07-17,NSE,ULTRACEMCO,raw_l2/trade_date=2026-07-17/exchange=NSE/symbol=ULTRACEMCO/part-073248_374202-031039.parquet,real_data_sample\l2_unseen_validation\trade_date=2026-07-17\exchange=NSE\symbol=ULTRACEMCO\part-073248_374202-031039.parquet,34700,downloaded,34700,
2026-07-17,NSE,ULTRACEMCO,raw_l2/trade_date=2026-07-17/exchange=NSE/symbol=ULTRACEMCO/part-073539_302549-031423.parquet,real_data_sample\l2_unseen_validation\trade_date=2026-07-17\exchange=NSE\symbol=ULTRACEMCO\part-073539_302549-031423.parquet,34854,downloaded,34854,
2026-07-17,NSE,ULTRACEMCO,raw_l2/trade_date=2026-07-17/exchange=NSE/symbol=ULTRACEMCO/part-073302_608690-031071.parquet,real_data_sample\l2_unseen_validation\trade_date=2026-07-17\exchange=NSE\symbol=ULTRACEMCO\part-073302_608690-031071.parquet,34452,downloaded,34452,
2026-07-17,NSE,ULTRACEMCO,raw_l2/trade_date=2026-07-17/exchange=NSE/symbol=ULTRACEMCO/part-073524_999377-031391.parquet,real_data_sample\l2_unseen_validation\trade_date=2026-07-17\exchange=NSE\symbol=ULTRACEMCO\part-073524_999377-031391.parquet,34303,downloaded,34303,
2026-07-17,NSE,ULTRACEMCO,raw_l2/trade_date=2026-07-17/exchange=NSE/symbol=ULTRACEMCO/part-073331_175846-031135.parquet,real_data_sample\l2_unseen_validation\trade_date=2026-07-17\exchange=NSE\symbol=ULTRACEMCO\part-073331_175846-031135.parquet,34732,downloaded,34732,
2026-07-17,NSE,ULTRACEMCO,raw_l2/trade_date=2026-07-17/exchange=NSE/symbol=ULTRACEMCO/part-073345_412545-031167.parquet,real_data_sample\l2_unseen_validation\trade_date=2026-07-17\exchange=NSE\symbol=ULTRACEMCO\part-073345_412545-031167.parquet,34753,downloaded,34753,
2026-07-17,NSE,ULTRACEMCO,raw_l2/trade_date=2026-07-17/exchange=NSE/symbol=ULTRACEMCO/part-073234_137029-031007.parquet,real_data_sample\l2_unseen_validation\trade_date=2026-07-17\exchange=NSE\symbol=ULTRACEMCO\part-073234_137029-031007.parquet,34784,downloaded,34784,
2026-07-17,NSE,ULTRACEMCO,raw_l2/trade_date=2026-07-17/exchange=NSE/symbol=ULTRACEMCO/part-073413_807448-031231.parquet,real_data_sample\l2_unseen_validation\trade_date=2026-07-17\exchange=NSE\symbol=ULTRACEMCO\part-073413_807448-031231.parquet,34655,downloaded,34655,
2026-07-17,NSE,ULTRACEMCO,raw_l2/trade_date=2026-07-17/exchange=NSE/symbol=ULTRACEMCO/part-073428_020091-031263.parquet,real_data_sample\l2_unseen_validation\trade_date=2026-07-17\exchange=NSE\symbol=ULTRACEMCO\part-073428_020091-031263.parquet,34668,downloaded,34668,
2026-07-17,NSE,ULTRACEMCO,raw_l2/trade_date=2026-07-17/exchange=NSE/symbol=ULTRACEMCO/part-073359_592447-031199.parquet,real_data_sample\l2_unseen_validation\trade_date=2026-07-17\exchange=NSE\symbol=ULTRACEMCO\part-073359_592447-031199.parquet,34794,downloaded,34794,
2026-07-17,NSE,ULTRACEMCO,raw_l2/trade_date=2026-07-17/exchange=NSE/symbol=ULTRACEMCO/part-073442_553499-031295.parquet,real_data_sample\l2_unseen_validation\trade_date=2026-07-17\exchange=NSE\symbol=ULTRACEMCO\part-073442_553499-031295.parquet,34554,downloaded,34554,
2026-07-17,NSE,ULTRACEMCO,raw_l2/trade_date=2026-07-17/exchange=NSE/symbol=ULTRACEMCO/part-073607_655373-031487.parquet,real_data_sample\l2_unseen_validation\trade_date=2026-07-17\exchange=NSE\symbol=ULTRACEMCO\part-073607_655373-031487.parquet,34732,downloaded,34732,
2026-07-17,NSE,ULTRACEMCO,raw_l2/trade_date=2026-07-17/exchange=NSE/symbol=ULTRACEMCO/part-073650_524753-031583.parquet,real_data_sample\l2_unseen_validation\trade_date=2026-07-17\exchange=NSE\symbol=ULTRACEMCO\part-073650_524753-031583.parquet,34468,downloaded,34468,
2026-07-17,NSE,ULTRACEMCO,raw_l2/trade_date=2026-07-17/exchange=NSE/symbol=ULTRACEMCO/part-073553_394534-031455.parquet,real_data_sample\l2_unseen_validation\trade_date=2026-07-17\exchange=NSE\symbol=ULTRACEMCO\part-073553_394534-031455.parquet,34495,downloaded,34495,
2026-07-17,NSE,ULTRACEMCO,raw_l2/trade_date=2026-07-17/exchange=NSE/symbol=ULTRACEMCO/part-073704_661293-031615.parquet,real_data_sample\l2_unseen_validation\trade_date=2026-07-17\exchange=NSE\symbol=ULTRACEMCO\part-073704_661293-031615.parquet,34600,downloaded,34600,
2026-07-17,NSE,ULTRACEMCO,raw_l2/trade_date=2026-07-17/exchange=NSE/symbol=ULTRACEMCO/part-073718_652985-031647.parquet,real_data_sample\l2_unseen_validation\trade_date=2026-07-17\exchange=NSE\symbol=ULTRACEMCO\part-073718_652985-031647.parquet,34552,downloaded,34552,
2026-07-17,NSE,ULTRACEMCO,raw_l2/trade_date=2026-07-17/exchange=NSE/symbol=ULTRACEMCO/part-073636_253091-031551.parquet,real_data_sample\l2_unseen_validation\trade_date=2026-07-17\exchange=NSE\symbol=ULTRACEMCO\part-073636_253091-031551.parquet,34651,downloaded,34651,
2026-07-17,NSE,ULTRACEMCO,raw_l2/trade_date=2026-07-17/exchange=NSE/symbol=ULTRACEMCO/part-073621_974778-031519.parquet,real_data_sample\l2_unseen_validation\trade_date=2026-07-17\exchange=NSE\symbol=ULTRACEMCO\part-073621_974778-031519.parquet,34689,downloaded,34689,
2026-07-17,NSE,ULTRACEMCO,raw_l2/trade_date=2026-07-17/exchange=NSE/symbol=ULTRACEMCO/part-073800_674634-031743.parquet,real_data_sample\l2_unseen_validation\trade_date=2026-07-17\exchange=NSE\symbol=ULTRACEMCO\part-073800_674634-031743.parquet,34682,downloaded,34682,
2026-07-17,NSE,ULTRACEMCO,raw_l2/trade_date=2026-07-17/exchange=NSE/symbol=ULTRACEMCO/part-073911_660820-031903.parquet,real_data_sample\l2_unseen_validation\trade_date=2026-07-17\exchange=NSE\symbol=ULTRACEMCO\part-073911_660820-031903.parquet,34607,downloaded,34607,
2026-07-17,NSE,ULTRACEMCO,raw_l2/trade_date=2026-07-17/exchange=NSE/symbol=ULTRACEMCO/part-073814_800047-031775.parquet,real_data_sample\l2_unseen_validation\trade_date=2026-07-17\exchange=NSE\symbol=ULTRACEMCO\part-073814_800047-031775.parquet,34629,downloaded,34629,
2026-07-17,NSE,ULTRACEMCO,raw_l2/trade_date=2026-07-17/exchange=NSE/symbol=ULTRACEMCO/part-073857_434564-031871.parquet,real_data_sample\l2_unseen_validation\trade_date=2026-07-17\exchange=NSE\symbol=ULTRACEMCO\part-073857_434564-031871.parquet,34582,downloaded,34582,
2026-07-17,NSE,ULTRACEMCO,raw_l2/trade_date=2026-07-17/exchange=NSE/symbol=ULTRACEMCO/part-073843_034611-031839.parquet,real_data_sample\l2_unseen_validation\trade_date=2026-07-17\exchange=NSE\symbol=ULTRACEMCO\part-073843_034611-031839.parquet,34598,downloaded,34598,
2026-07-17,NSE,ULTRACEMCO,raw_l2/trade_date=2026-07-17/exchange=NSE/symbol=ULTRACEMCO/part-073746_558065-031711.parquet,real_data_sample\l2_unseen_validation\trade_date=2026-07-17\exchange=NSE\symbol=ULTRACEMCO\part-073746_558065-031711.parquet,34724,downloaded,34724,
2026-07-17,NSE,ULTRACEMCO,raw_l2/trade_date=2026-07-17/exchange=NSE/symbol=ULTRACEMCO/part-073732_690492-031679.parquet,real_data_sample\l2_unseen_validation\trade_date=2026-07-17\exchange=NSE\symbol=ULTRACEMCO\part-073732_690492-031679.parquet,34602,downloaded,34602,
2026-07-17,NSE,ULTRACEMCO,raw_l2/trade_date=2026-07-17/exchange=NSE/symbol=ULTRACEMCO/part-073829_120287-031807.parquet,real_data_sample\l2_unseen_validation\trade_date=2026-07-17\exchange=NSE\symbol=ULTRACEMCO\part-073829_120287-031807.parquet,34494,downloaded,34494,
2026-07-17,NSE,ULTRACEMCO,raw_l2/trade_date=2026-07-17/exchange=NSE/symbol=ULTRACEMCO/part-073925_632484-031935.parquet,real_data_sample\l2_unseen_validation\trade_date=2026-07-17\exchange=NSE\symbol=ULTRACEMCO\part-073925_632484-031935.parquet,34581,downloaded,34581,
2026-07-17,NSE,ULTRACEMCO,raw_l2/trade_date=2026-07-17/exchange=NSE/symbol=ULTRACEMCO/part-073939_643560-031967.parquet,real_data_sample\l2_unseen_validation\trade_date=2026-07-17\exchange=NSE\symbol=ULTRACEMCO\part-073939_643560-031967.parquet,34431,downloaded,34431,
2026-07-17,NSE,ULTRACEMCO,raw_l2/trade_date=2026-07-17/exchange=NSE/symbol=ULTRACEMCO/part-074104_524301-032159.parquet,real_data_sample\l2_unseen_validation\trade_date=2026-07-17\exchange=NSE\symbol=ULTRACEMCO\part-074104_524301-032159.parquet,34420,downloaded,34420,
2026-07-17,NSE,ULTRACEMCO,raw_l2/trade_date=2026-07-17/exchange=NSE/symbol=ULTRACEMCO/part-074118_636301-032191.parquet,real_data_sample\l2_unseen_validation\trade_date=2026-07-17\exchange=NSE\symbol=ULTRACEMCO\part-074118_636301-032191.parquet,34329,downloaded,34329,
2026-07-17,NSE,ULTRACEMCO,raw_l2/trade_date=2026-07-17/exchange=NSE/symbol=ULTRACEMCO/part-074050_424426-032127.parquet,real_data_sample\l2_unseen_validation\trade_date=2026-07-17\exchange=NSE\symbol=ULTRACEMCO\part-074050_424426-032127.parquet,34442,downloaded,34442,
2026-07-17,NSE,ULTRACEMCO,raw_l2/trade_date=2026-07-17/exchange=NSE/symbol=ULTRACEMCO/part-074036_212123-032095.parquet,real_data_sample\l2_unseen_validation\trade_date=2026-07-17\exchange=NSE\symbol=ULTRACEMCO\part-074036_212123-032095.parquet,34715,downloaded,34715,
2026-07-17,NSE,ULTRACEMCO,raw_l2/trade_date=2026-07-17/exchange=NSE/symbol=ULTRACEMCO/part-073953_727985-031999.parquet,real_data_sample\l2_unseen_validation\trade_date=2026-07-17\exchange=NSE\symbol=ULTRACEMCO\part-073953_727985-031999.parquet,34530,downloaded,34530,
2026-07-17,NSE,ULTRACEMCO,raw_l2/trade_date=2026-07-17/exchange=NSE/symbol=ULTRACEMCO/part-074007_955841-032031.parquet,real_data_sample\l2_unseen_validation\trade_date=2026-07-17\exchange=NSE\symbol=ULTRACEMCO\part-074007_955841-032031.parquet,34613,downloaded,34613,
2026-07-17,NSE,ULTRACEMCO,raw_l2/trade_date=2026-07-17/exchange=NSE/symbol=ULTRACEMCO/part-074022_133976-032063.parquet,real_data_sample\l2_unseen_validation\trade_date=2026-07-17\exchange=NSE\symbol=ULTRACEMCO\part-074022_133976-032063.parquet,34656,downloaded,34656,
2026-07-17,NSE,ULTRACEMCO,raw_l2/trade_date=2026-07-17/exchange=NSE/symbol=ULTRACEMCO/part-074146_799913-032255.parquet,real_data_sample\l2_unseen_validation\trade_date=2026-07-17\exchange=NSE\symbol=ULTRACEMCO\part-074146_799913-032255.parquet,34551,downloaded,34551,
2026-07-17,NSE,ULTRACEMCO,raw_l2/trade_date=2026-07-17/exchange=NSE/symbol=ULTRACEMCO/part-074132_751353-032223.parquet,real_data_sample\l2_unseen_validation\trade_date=2026-07-17\exchange=NSE\symbol=ULTRACEMCO\part-074132_751353-032223.parquet,34314,downloaded,34314,
2026-07-17,NSE,ULTRACEMCO,raw_l2/trade_date=2026-07-17/exchange=NSE/symbol=ULTRACEMCO/part-074256_885947-032415.parquet,real_data_sample\l2_unseen_validation\trade_date=2026-07-17\exchange=NSE\symbol=ULTRACEMCO\part-074256_885947-032415.parquet,34311,downloaded,34311,
2026-07-17,NSE,ULTRACEMCO,raw_l2/trade_date=2026-07-17/exchange=NSE/symbol=ULTRACEMCO/part-074310_769527-032447.parquet,real_data_sample\l2_unseen_validation\trade_date=2026-07-17\exchange=NSE\symbol=ULTRACEMCO\part-074310_769527-032447.parquet,34494,downloaded,34494,
2026-07-17,NSE,ULTRACEMCO,raw_l2/trade_date=2026-07-17/exchange=NSE/symbol=ULTRACEMCO/part-074214_889588-032319.parquet,real_data_sample\l2_unseen_validation\trade_date=2026-07-17\exchange=NSE\symbol=ULTRACEMCO\part-074214_889588-032319.parquet,34601,downloaded,34601,
2026-07-17,NSE,ULTRACEMCO,raw_l2/trade_date=2026-07-17/exchange=NSE/symbol=ULTRACEMCO/part-074228_721456-032351.parquet,real_data_sample\l2_unseen_validation\trade_date=2026-07-17\exchange=NSE\symbol=ULTRACEMCO\part-074228_721456-032351.parquet,34520,downloaded,34520,
2026-07-17,NSE,ULTRACEMCO,raw_l2/trade_date=2026-07-17/exchange=NSE/symbol=ULTRACEMCO/part-074200_918139-032287.parquet,real_data_sample\l2_unseen_validation\trade_date=2026-07-17\exchange=NSE\symbol=ULTRACEMCO\part-074200_918139-032287.parquet,34512,downloaded,34512,
2026-07-17,NSE,ULTRACEMCO,raw_l2/trade_date=2026-07-17/exchange=NSE/symbol=ULTRACEMCO/part-074242_832129-032383.parquet,real_data_sample\l2_unseen_validation\trade_date=2026-07-17\exchange=NSE\symbol=ULTRACEMCO\part-074242_832129-032383.parquet,34714,downloaded,34714,
2026-07-17,NSE,ULTRACEMCO,raw_l2/trade_date=2026-07-17/exchange=NSE/symbol=ULTRACEMCO/part-074324_823079-032479.parquet,real_data_sample\l2_unseen_validation\trade_date=2026-07-17\exchange=NSE\symbol=ULTRACEMCO\part-074324_823079-032479.parquet,34651,downloaded,34651,
2026-07-17,NSE,ULTRACEMCO,raw_l2/trade_date=2026-07-17/exchange=NSE/symbol=ULTRACEMCO/part-074339_088639-032511.parquet,real_data_sample\l2_unseen_validation\trade_date=2026-07-17\exchange=NSE\symbol=ULTRACEMCO\part-074339_088639-032511.parquet,34711,downloaded,34711,
2026-07-17,NSE,ULTRACEMCO,raw_l2/trade_date=2026-07-17/exchange=NSE/symbol=ULTRACEMCO/part-074353_688492-032543.parquet,real_data_sample\l2_unseen_validation\trade_date=2026-07-17\exchange=NSE\symbol=ULTRACEMCO\part-074353_688492-032543.parquet,34725,downloaded,34725,
2026-07-17,NSE,ULTRACEMCO,raw_l2/trade_date=2026-07-17/exchange=NSE/symbol=ULTRACEMCO/part-074407_885063-032575.parquet,real_data_sample\l2_unseen_validation\trade_date=2026-07-17\exchange=NSE\symbol=ULTRACEMCO\part-074407_885063-032575.parquet,34479,downloaded,34479,
2026-07-17,NSE,ULTRACEMCO,raw_l2/trade_date=2026-07-17/exchange=NSE/symbol=ULTRACEMCO/part-074421_861894-032607.parquet,real_data_sample\l2_unseen_validation\trade_date=2026-07-17\exchange=NSE\symbol=ULTRACEMCO\part-074421_861894-032607.parquet,34324,downloaded,34324,
2026-07-17,NSE,ULTRACEMCO,raw_l2/trade_date=2026-07-17/exchange=NSE/symbol=ULTRACEMCO/part-074449_822668-032671.parquet,real_data_sample\l2_unseen_validation\trade_date=2026-07-17\exchange=NSE\symbol=ULTRACEMCO\part-074449_822668-032671.parquet,34543,downloaded,34543,
2026-07-17,NSE,ULTRACEMCO,raw_l2/trade_date=2026-07-17/exchange=NSE/symbol=ULTRACEMCO/part-074435_892472-032639.parquet,real_data_sample\l2_unseen_validation\trade_date=2026-07-17\exchange=NSE\symbol=ULTRACEMCO\part-074435_892472-032639.parquet,34512,downloaded,34512,
2026-07-17,NSE,ULTRACEMCO,raw_l2/trade_date=2026-07-17/exchange=NSE/symbol=ULTRACEMCO/part-074504_044953-032703.parquet,real_data_sample\l2_unseen_validation\trade_date=2026-07-17\exchange=NSE\symbol=ULTRACEMCO\part-074504_044953-032703.parquet,34653,downloaded,34653,
2026-07-17,NSE,ULTRACEMCO,raw_l2/trade_date=2026-07-17/exchange=NSE/symbol=ULTRACEMCO/part-074518_335735-032735.parquet,real_data_sample\l2_unseen_validation\trade_date=2026-07-17\exchange=NSE\symbol=ULTRACEMCO\part-074518_335735-032735.parquet,34604,downloaded,34604,
2026-07-17,NSE,ULTRACEMCO,raw_l2/trade_date=2026-07-17/exchange=NSE/symbol=ULTRACEMCO/part-074532_393066-032767.parquet,real_data_sample\l2_unseen_validation\trade_date=2026-07-17\exchange=NSE\symbol=ULTRACEMCO\part-074532_393066-032767.parquet,34563,downloaded,34563,
2026-07-17,NSE,ULTRACEMCO,raw_l2/trade_date=2026-07-17/exchange=NSE/symbol=ULTRACEMCO/part-074615_161633-032863.parquet,real_data_sample\l2_unseen_validation\trade_date=2026-07-17\exchange=NSE\symbol=ULTRACEMCO\part-074615_161633-032863.parquet,34351,downloaded,34351,
2026-07-17,NSE,ULTRACEMCO,raw_l2/trade_date=2026-07-17/exchange=NSE/symbol=ULTRACEMCO/part-074546_360055-032799.parquet,real_data_sample\l2_unseen_validation\trade_date=2026-07-17\exchange=NSE\symbol=ULTRACEMCO\part-074546_360055-032799.parquet,34757,downloaded,34757,
2026-07-17,NSE,ULTRACEMCO,raw_l2/trade_date=2026-07-17/exchange=NSE/symbol=ULTRACEMCO/part-074600_677933-032831.parquet,real_data_sample\l2_unseen_validation\trade_date=2026-07-17\exchange=NSE\symbol=ULTRACEMCO\part-074600_677933-032831.parquet,34624,downloaded,34624,
2026-07-17,NSE,ULTRACEMCO,raw_l2/trade_date=2026-07-17/exchange=NSE/symbol=ULTRACEMCO/part-074657_676580-032959.parquet,real_data_sample\l2_unseen_validation\trade_date=2026-07-17\exchange=NSE\symbol=ULTRACEMCO\part-074657_676580-032959.parquet,34688,downloaded,34688,
2026-07-17,NSE,ULTRACEMCO,raw_l2/trade_date=2026-07-17/exchange=NSE/symbol=ULTRACEMCO/part-074629_250964-032895.parquet,real_data_sample\l2_unseen_validation\trade_date=2026-07-17\exchange=NSE\symbol=ULTRACEMCO\part-074629_250964-032895.parquet,34340,downloaded,34340,
2026-07-17,NSE,ULTRACEMCO,raw_l2/trade_date=2026-07-17/exchange=NSE/symbol=ULTRACEMCO/part-074643_682410-032927.parquet,real_data_sample\l2_unseen_validation\trade_date=2026-07-17\exchange=NSE\symbol=ULTRACEMCO\part-074643_682410-032927.parquet,34552,downloaded,34552,
2026-07-17,NSE,ULTRACEMCO,raw_l2/trade_date=2026-07-17/exchange=NSE/symbol=ULTRACEMCO/part-074711_750037-032991.parquet,real_data_sample\l2_unseen_validation\trade_date=2026-07-17\exchange=NSE\symbol=ULTRACEMCO\part-074711_750037-032991.parquet,34416,downloaded,34416,
2026-07-17,NSE,ULTRACEMCO,raw_l2/trade_date=2026-07-17/exchange=NSE/symbol=ULTRACEMCO/part-074836_305172-033183.parquet,real_data_sample\l2_unseen_validation\trade_date=2026-07-17\exchange=NSE\symbol=ULTRACEMCO\part-074836_305172-033183.parquet,34328,downloaded,34328,
2026-07-17,NSE,ULTRACEMCO,raw_l2/trade_date=2026-07-17/exchange=NSE/symbol=ULTRACEMCO/part-074740_138383-033055.parquet,real_data_sample\l2_unseen_validation\trade_date=2026-07-17\exchange=NSE\symbol=ULTRACEMCO\part-074740_138383-033055.parquet,34541,downloaded,34541,
2026-07-17,NSE,ULTRACEMCO,raw_l2/trade_date=2026-07-17/exchange=NSE/symbol=ULTRACEMCO/part-074754_128810-033087.parquet,real_data_sample\l2_unseen_validation\trade_date=2026-07-17\exchange=NSE\symbol=ULTRACEMCO\part-074754_128810-033087.parquet,34516,downloaded,34516,
2026-07-17,NSE,ULTRACEMCO,raw_l2/trade_date=2026-07-17/exchange=NSE/symbol=ULTRACEMCO/part-074726_023149-033023.parquet,real_data_sample\l2_unseen_validation\trade_date=2026-07-17\exchange=NSE\symbol=ULTRACEMCO\part-074726_023149-033023.parquet,34564,downloaded,34564,
2026-07-17,NSE,ULTRACEMCO,raw_l2/trade_date=2026-07-17/exchange=NSE/symbol=ULTRACEMCO/part-074904_739170-033247.parquet,real_data_sample\l2_unseen_validation\trade_date=2026-07-17\exchange=NSE\symbol=ULTRACEMCO\part-074904_739170-033247.parquet,34356,downloaded,34356,
2026-07-17,NSE,ULTRACEMCO,raw_l2/trade_date=2026-07-17/exchange=NSE/symbol=ULTRACEMCO/part-074822_124821-033151.parquet,real_data_sample\l2_unseen_validation\trade_date=2026-07-17\exchange=NSE\symbol=ULTRACEMCO\part-074822_124821-033151.parquet,34765,downloaded,34765,
2026-07-17,NSE,ULTRACEMCO,raw_l2/trade_date=2026-07-17/exchange=NSE/symbol=ULTRACEMCO/part-074808_147209-033119.parquet,real_data_sample\l2_unseen_validation\trade_date=2026-07-17\exchange=NSE\symbol=ULTRACEMCO\part-074808_147209-033119.parquet,34417,downloaded,34417,
2026-07-17,NSE,ULTRACEMCO,raw_l2/trade_date=2026-07-17/exchange=NSE/symbol=ULTRACEMCO/part-074850_436084-033215.parquet,real_data_sample\l2_unseen_validation\trade_date=2026-07-17\exchange=NSE\symbol=ULTRACEMCO\part-074850_436084-033215.parquet,34633,downloaded,34633,
2026-07-17,NSE,ULTRACEMCO,raw_l2/trade_date=2026-07-17/exchange=NSE/symbol=ULTRACEMCO/part-074918_862410-033279.parquet,real_data_sample\l2_unseen_validation\trade_date=2026-07-17\exchange=NSE\symbol=ULTRACEMCO\part-074918_862410-033279.parquet,34450,downloaded,34450,
2026-07-17,NSE,ULTRACEMCO,raw_l2/trade_date=2026-07-17/exchange=NSE/symbol=ULTRACEMCO/part-074932_775550-033311.parquet,real_data_sample\l2_unseen_validation\trade_date=2026-07-17\exchange=NSE\symbol=ULTRACEMCO\part-074932_775550-033311.parquet,34358,downloaded,34358,
2026-07-17,NSE,ULTRACEMCO,raw_l2/trade_date=2026-07-17/exchange=NSE/symbol=ULTRACEMCO/part-074946_864854-033343.parquet,real_data_sample\l2_unseen_validation\trade_date=2026-07-17\exchange=NSE\symbol=ULTRACEMCO\part-074946_864854-033343.parquet,34686,downloaded,34686,
2026-07-17,NSE,ULTRACEMCO,raw_l2/trade_date=2026-07-17/exchange=NSE/symbol=ULTRACEMCO/part-075000_805211-033375.parquet,real_data_sample\l2_unseen_validation\trade_date=2026-07-17\exchange=NSE\symbol=ULTRACEMCO\part-075000_805211-033375.parquet,34727,downloaded,34727,
2026-07-17,NSE,ULTRACEMCO,raw_l2/trade_date=2026-07-17/exchange=NSE/symbol=ULTRACEMCO/part-075029_882765-033439.parquet,real_data_sample\l2_unseen_validation\trade_date=2026-07-17\exchange=NSE\symbol=ULTRACEMCO\part-075029_882765-033439.parquet,34501,downloaded,34501,
2026-07-17,NSE,ULTRACEMCO,raw_l2/trade_date=2026-07-17/exchange=NSE/symbol=ULTRACEMCO/part-075044_070152-033471.parquet,real_data_sample\l2_unseen_validation\trade_date=2026-07-17\exchange=NSE\symbol=ULTRACEMCO\part-075044_070152-033471.parquet,34477,downloaded,34477,
2026-07-17,NSE,ULTRACEMCO,raw_l2/trade_date=2026-07-17/exchange=NSE/symbol=ULTRACEMCO/part-075015_031814-033407.parquet,real_data_sample\l2_unseen_validation\trade_date=2026-07-17\exchange=NSE\symbol=ULTRACEMCO\part-075015_031814-033407.parquet,34389,downloaded,34389,
2026-07-17,NSE,ULTRACEMCO,raw_l2/trade_date=2026-07-17/exchange=NSE/symbol=ULTRACEMCO/part-075058_157080-033503.parquet,real_data_sample\l2_unseen_validation\trade_date=2026-07-17\exchange=NSE\symbol=ULTRACEMCO\part-075058_157080-033503.parquet,34605,downloaded,34605,
2026-07-17,NSE,ULTRACEMCO,raw_l2/trade_date=2026-07-17/exchange=NSE/symbol=ULTRACEMCO/part-075112_001741-033535.parquet,real_data_sample\l2_unseen_validation\trade_date=2026-07-17\exchange=NSE\symbol=ULTRACEMCO\part-075112_001741-033535.parquet,34653,downloaded,34653,
2026-07-17,NSE,ULTRACEMCO,raw_l2/trade_date=2026-07-17/exchange=NSE/symbol=ULTRACEMCO/part-075223_121487-033695.parquet,real_data_sample\l2_unseen_validation\trade_date=2026-07-17\exchange=NSE\symbol=ULTRACEMCO\part-075223_121487-033695.parquet,34715,downloaded,34715,
2026-07-17,NSE,ULTRACEMCO,raw_l2/trade_date=2026-07-17/exchange=NSE/symbol=ULTRACEMCO/part-075140_313306-033599.parquet,real_data_sample\l2_unseen_validation\trade_date=2026-07-17\exchange=NSE\symbol=ULTRACEMCO\part-075140_313306-033599.parquet,34699,downloaded,34699,
2026-07-17,NSE,ULTRACEMCO,raw_l2/trade_date=2026-07-17/exchange=NSE/symbol=ULTRACEMCO/part-075208_986947-033663.parquet,real_data_sample\l2_unseen_validation\trade_date=2026-07-17\exchange=NSE\symbol=ULTRACEMCO\part-075208_986947-033663.parquet,34508,downloaded,34508,
2026-07-17,NSE,ULTRACEMCO,raw_l2/trade_date=2026-07-17/exchange=NSE/symbol=ULTRACEMCO/part-075237_226119-033727.parquet,real_data_sample\l2_unseen_validation\trade_date=2026-07-17\exchange=NSE\symbol=ULTRACEMCO\part-075237_226119-033727.parquet,34553,downloaded,34553,
2026-07-17,NSE,ULTRACEMCO,raw_l2/trade_date=2026-07-17/exchange=NSE/symbol=ULTRACEMCO/part-075251_896613-033759.parquet,real_data_sample\l2_unseen_validation\trade_date=2026-07-17\exchange=NSE\symbol=ULTRACEMCO\part-075251_896613-033759.parquet,34438,downloaded,34438,
2026-07-17,NSE,ULTRACEMCO,raw_l2/trade_date=2026-07-17/exchange=NSE/symbol=ULTRACEMCO/part-075320_172397-033823.parquet,real_data_sample\l2_unseen_validation\trade_date=2026-07-17\exchange=NSE\symbol=ULTRACEMCO\part-075320_172397-033823.parquet,34448,downloaded,34448,
2026-07-17,NSE,ULTRACEMCO,raw_l2/trade_date=2026-07-17/exchange=NSE/symbol=ULTRACEMCO/part-075154_818514-033631.parquet,real_data_sample\l2_unseen_validation\trade_date=2026-07-17\exchange=NSE\symbol=ULTRACEMCO\part-075154_818514-033631.parquet,34681,downloaded,34681,
2026-07-17,NSE,ULTRACEMCO,raw_l2/trade_date=2026-07-17/exchange=NSE/symbol=ULTRACEMCO/part-075126_147886-033567.parquet,real_data_sample\l2_unseen_validation\trade_date=2026-07-17\exchange=NSE\symbol=ULTRACEMCO\part-075126_147886-033567.parquet,34400,downloaded,34400,
2026-07-17,NSE,ULTRACEMCO,raw_l2/trade_date=2026-07-17/exchange=NSE/symbol=ULTRACEMCO/part-075306_123906-033791.parquet,real_data_sample\l2_unseen_validation\trade_date=2026-07-17\exchange=NSE\symbol=ULTRACEMCO\part-075306_123906-033791.parquet,34298,downloaded,34298,
2026-07-17,NSE,ULTRACEMCO,raw_l2/trade_date=2026-07-17/exchange=NSE/symbol=ULTRACEMCO/part-075348_132789-033887.parquet,real_data_sample\l2_unseen_validation\trade_date=2026-07-17\exchange=NSE\symbol=ULTRACEMCO\part-075348_132789-033887.parquet,34459,downloaded,34459,
2026-07-17,NSE,ULTRACEMCO,raw_l2/trade_date=2026-07-17/exchange=NSE/symbol=ULTRACEMCO/part-075334_239678-033855.parquet,real_data_sample\l2_unseen_validation\trade_date=2026-07-17\exchange=NSE\symbol=ULTRACEMCO\part-075334_239678-033855.parquet,34583,downloaded,34583,
2026-07-17,NSE,ULTRACEMCO,raw_l2/trade_date=2026-07-17/exchange=NSE/symbol=ULTRACEMCO/part-075402_325187-033919.parquet,real_data_sample\l2_unseen_validation\trade_date=2026-07-17\exchange=NSE\symbol=ULTRACEMCO\part-075402_325187-033919.parquet,34655,downloaded,34655,
2026-07-17,NSE,ULTRACEMCO,raw_l2/trade_date=2026-07-17/exchange=NSE/symbol=ULTRACEMCO/part-075416_415445-033951.parquet,real_data_sample\l2_unseen_validation\trade_date=2026-07-17\exchange=NSE\symbol=ULTRACEMCO\part-075416_415445-033951.parquet,34505,downloaded,34505,
2026-07-17,NSE,ULTRACEMCO,raw_l2/trade_date=2026-07-17/exchange=NSE/symbol=ULTRACEMCO/part-075430_388550-033983.parquet,real_data_sample\l2_unseen_validation\trade_date=2026-07-17\exchange=NSE\symbol=ULTRACEMCO\part-075430_388550-033983.parquet,34432,downloaded,34432,
2026-07-17,NSE,ULTRACEMCO,raw_l2/trade_date=2026-07-17/exchange=NSE/symbol=ULTRACEMCO/part-075444_642559-034015.parquet,real_data_sample\l2_unseen_validation\trade_date=2026-07-17\exchange=NSE\symbol=ULTRACEMCO\part-075444_642559-034015.parquet,34695,downloaded,34695,
2026-07-17,NSE,ULTRACEMCO,raw_l2/trade_date=2026-07-17/exchange=NSE/symbol=ULTRACEMCO/part-073039_721740-030751.parquet,real_data_sample\l2_unseen_validation\trade_date=2026-07-17\exchange=NSE\symbol=ULTRACEMCO\part-073039_721740-030751.parquet,34345,downloaded,34345,
2026-07-17,NSE,ULTRACEMCO,raw_l2/trade_date=2026-07-17/exchange=NSE/symbol=ULTRACEMCO/part-072913_208193-030559.parquet,real_data_sample\l2_unseen_validation\trade_date=2026-07-17\exchange=NSE\symbol=ULTRACEMCO\part-072913_208193-030559.parquet,34642,downloaded,34642,
2026-07-17,NSE,ULTRACEMCO,raw_l2/trade_date=2026-07-17/exchange=NSE/symbol=ULTRACEMCO/part-075458_919552-034047.parquet,real_data_sample\l2_unseen_validation\trade_date=2026-07-17\exchange=NSE\symbol=ULTRACEMCO\part-075458_919552-034047.parquet,34536,downloaded,34536,
2026-07-17,NSE,ULTRACEMCO,raw_l2/trade_date=2026-07-17/exchange=NSE/symbol=ULTRACEMCO/part-072956_975174-030655.parquet,real_data_sample\l2_unseen_validation\trade_date=2026-07-17\exchange=NSE\symbol=ULTRACEMCO\part-072956_975174-030655.parquet,34644,downloaded,34644,
2026-07-17,NSE,ULTRACEMCO,raw_l2/trade_date=2026-07-17/exchange=NSE/symbol=ULTRACEMCO/part-073122_961540-030847.parquet,real_data_sample\l2_unseen_validation\trade_date=2026-07-17\exchange=NSE\symbol=ULTRACEMCO\part-073122_961540-030847.parquet,34794,downloaded,34794,
2026-07-17,NSE,ULTRACEMCO,raw_l2/trade_date=2026-07-17/exchange=NSE/symbol=ULTRACEMCO/part-073011_203798-030687.parquet,real_data_sample\l2_unseen_validation\trade_date=2026-07-17\exchange=NSE\symbol=ULTRACEMCO\part-073011_203798-030687.parquet,34538,downloaded,34538,
2026-07-17,NSE,ULTRACEMCO,raw_l2/trade_date=2026-07-17/exchange=NSE/symbol=ULTRACEMCO/part-072942_486665-030623.parquet,real_data_sample\l2_unseen_validation\trade_date=2026-07-17\exchange=NSE\symbol=ULTRACEMCO\part-072942_486665-030623.parquet,34386,downloaded,34386,
2026-07-17,NSE,ULTRACEMCO,raw_l2/trade_date=2026-07-17/exchange=NSE/symbol=ULTRACEMCO/part-073219_896165-030975.parquet,real_data_sample\l2_unseen_validation\trade_date=2026-07-17\exchange=NSE\symbol=ULTRACEMCO\part-073219_896165-030975.parquet,34790,downloaded,34790,
2026-07-17,NSE,ULTRACEMCO,raw_l2/trade_date=2026-07-17/exchange=NSE/symbol=ULTRACEMCO/part-072844_179060-030495.parquet,real_data_sample\l2_unseen_validation\trade_date=2026-07-17\exchange=NSE\symbol=ULTRACEMCO\part-072844_179060-030495.parquet,34416,downloaded,34416,
2026-07-17,NSE,ULTRACEMCO,raw_l2/trade_date=2026-07-17/exchange=NSE/symbol=ULTRACEMCO/part-072828_043988-030463.parquet,real_data_sample\l2_unseen_validation\trade_date=2026-07-17\exchange=NSE\symbol=ULTRACEMCO\part-072828_043988-030463.parquet,34435,downloaded,34435,
2026-07-17,NSE,ULTRACEMCO,raw_l2/trade_date=2026-07-17/exchange=NSE/symbol=ULTRACEMCO/part-073025_450017-030719.parquet,real_data_sample\l2_unseen_validation\trade_date=2026-07-17\exchange=NSE\symbol=ULTRACEMCO\part-073025_450017-030719.parquet,34509,downloaded,34509,
2026-07-17,NSE,ULTRACEMCO,raw_l2/trade_date=2026-07-17/exchange=NSE/symbol=ULTRACEMCO/part-073108_702866-030815.parquet,real_data_sample\l2_unseen_validation\trade_date=2026-07-17\exchange=NSE\symbol=ULTRACEMCO\part-073108_702866-030815.parquet,34360,downloaded,34360,
2026-07-17,NSE,ULTRACEMCO,raw_l2/trade_date=2026-07-17/exchange=NSE/symbol=ULTRACEMCO/part-075526_940582-034111.parquet,real_data_sample\l2_unseen_validation\trade_date=2026-07-17\exchange=NSE\symbol=ULTRACEMCO\part-075526_940582-034111.parquet,34375,downloaded,34375,
2026-07-17,NSE,ULTRACEMCO,raw_l2/trade_date=2026-07-17/exchange=NSE/symbol=ULTRACEMCO/part-075609_152642-034207.parquet,real_data_sample\l2_unseen_validation\trade_date=2026-07-17\exchange=NSE\symbol=ULTRACEMCO\part-075609_152642-034207.parquet,34598,downloaded,34598,
2026-07-17,NSE,ULTRACEMCO,raw_l2/trade_date=2026-07-17/exchange=NSE/symbol=ULTRACEMCO/part-075554_952053-034175.parquet,real_data_sample\l2_unseen_validation\trade_date=2026-07-17\exchange=NSE\symbol=ULTRACEMCO\part-075554_952053-034175.parquet,34630,downloaded,34630,
2026-07-17,NSE,ULTRACEMCO,raw_l2/trade_date=2026-07-17/exchange=NSE/symbol=ULTRACEMCO/part-075651_823583-034303.parquet,real_data_sample\l2_unseen_validation\trade_date=2026-07-17\exchange=NSE\symbol=ULTRACEMCO\part-075651_823583-034303.parquet,34447,downloaded,34447,
2026-07-17,NSE,ULTRACEMCO,raw_l2/trade_date=2026-07-17/exchange=NSE/symbol=ULTRACEMCO/part-073205_745628-030943.parquet,real_data_sample\l2_unseen_validation\trade_date=2026-07-17\exchange=NSE\symbol=ULTRACEMCO\part-073205_745628-030943.parquet,34397,downloaded,34397,
2026-07-17,NSE,ULTRACEMCO,raw_l2/trade_date=2026-07-17/exchange=NSE/symbol=ULTRACEMCO/part-072858_632266-030527.parquet,real_data_sample\l2_unseen_validation\trade_date=2026-07-17\exchange=NSE\symbol=ULTRACEMCO\part-072858_632266-030527.parquet,34794,downloaded,34794,
2026-07-17,NSE,ULTRACEMCO,raw_l2/trade_date=2026-07-17/exchange=NSE/symbol=ULTRACEMCO/part-075512_938877-034079.parquet,real_data_sample\l2_unseen_validation\trade_date=2026-07-17\exchange=NSE\symbol=ULTRACEMCO\part-075512_938877-034079.parquet,34538,downloaded,34538,
2026-07-17,NSE,ULTRACEMCO,raw_l2/trade_date=2026-07-17/exchange=NSE/symbol=ULTRACEMCO/part-075637_667949-034271.parquet,real_data_sample\l2_unseen_validation\trade_date=2026-07-17\exchange=NSE\symbol=ULTRACEMCO\part-075637_667949-034271.parquet,34652,downloaded,34652,
2026-07-17,NSE,ULTRACEMCO,raw_l2/trade_date=2026-07-17/exchange=NSE/symbol=ULTRACEMCO/part-075623_334065-034239.parquet,real_data_sample\l2_unseen_validation\trade_date=2026-07-17\exchange=NSE\symbol=ULTRACEMCO\part-075623_334065-034239.parquet,34420,downloaded,34420,
2026-07-17,NSE,ULTRACEMCO,raw_l2/trade_date=2026-07-17/exchange=NSE/symbol=ULTRACEMCO/part-075706_160992-034335.parquet,real_data_sample\l2_unseen_validation\trade_date=2026-07-17\exchange=NSE\symbol=ULTRACEMCO\part-075706_160992-034335.parquet,34641,downloaded,34641,
2026-07-17,NSE,ULTRACEMCO,raw_l2/trade_date=2026-07-17/exchange=NSE/symbol=ULTRACEMCO/part-075540_869432-034143.parquet,real_data_sample\l2_unseen_validation\trade_date=2026-07-17\exchange=NSE\symbol=ULTRACEMCO\part-075540_869432-034143.parquet,34651,downloaded,34651,
2026-07-17,NSE,ULTRACEMCO,raw_l2/trade_date=2026-07-17/exchange=NSE/symbol=ULTRACEMCO/part-073137_235134-030879.parquet,real_data_sample\l2_unseen_validation\trade_date=2026-07-17\exchange=NSE\symbol=ULTRACEMCO\part-073137_235134-030879.parquet,34694,downloaded,34694,
2026-07-17,NSE,ULTRACEMCO,raw_l2/trade_date=2026-07-17/exchange=NSE/symbol=ULTRACEMCO/part-075720_348862-034367.parquet,real_data_sample\l2_unseen_validation\trade_date=2026-07-17\exchange=NSE\symbol=ULTRACEMCO\part-075720_348862-034367.parquet,34681,downloaded,34681,
2026-07-17,NSE,ULTRACEMCO,raw_l2/trade_date=2026-07-17/exchange=NSE/symbol=ULTRACEMCO/part-075803_470412-034463.parquet,real_data_sample\l2_unseen_validation\trade_date=2026-07-17\exchange=NSE\symbol=ULTRACEMCO\part-075803_470412-034463.parquet,34564,downloaded,34564,
2026-07-17,NSE,ULTRACEMCO,raw_l2/trade_date=2026-07-17/exchange=NSE/symbol=ULTRACEMCO/part-075734_919485-034399.parquet,real_data_sample\l2_unseen_validation\trade_date=2026-07-17\exchange=NSE\symbol=ULTRACEMCO\part-075734_919485-034399.parquet,34521,downloaded,34521,
2026-07-17,NSE,ULTRACEMCO,raw_l2/trade_date=2026-07-17/exchange=NSE/symbol=ULTRACEMCO/part-075749_138873-034431.parquet,real_data_sample\l2_unseen_validation\trade_date=2026-07-17\exchange=NSE\symbol=ULTRACEMCO\part-075749_138873-034431.parquet,34486,downloaded,34486,
2026-07-17,NSE,ULTRACEMCO,raw_l2/trade_date=2026-07-17/exchange=NSE/symbol=ULTRACEMCO/part-075818_197300-034495.parquet,real_data_sample\l2_unseen_validation\trade_date=2026-07-17\exchange=NSE\symbol=ULTRACEMCO\part-075818_197300-034495.parquet,34558,downloaded,34558,
2026-07-17,NSE,ULTRACEMCO,raw_l2/trade_date=2026-07-17/exchange=NSE/symbol=ULTRACEMCO/part-075832_305036-034527.parquet,real_data_sample\l2_unseen_validation\trade_date=2026-07-17\exchange=NSE\symbol=ULTRACEMCO\part-075832_305036-034527.parquet,34262,downloaded,34262,
2026-07-17,NSE,ULTRACEMCO,raw_l2/trade_date=2026-07-17/exchange=NSE/symbol=ULTRACEMCO/part-075915_137759-034623.parquet,real_data_sample\l2_unseen_validation\trade_date=2026-07-17\exchange=NSE\symbol=ULTRACEMCO\part-075915_137759-034623.parquet,34569,downloaded,34569,
2026-07-17,NSE,ULTRACEMCO,raw_l2/trade_date=2026-07-17/exchange=NSE/symbol=ULTRACEMCO/part-073054_206206-030783.parquet,real_data_sample\l2_unseen_validation\trade_date=2026-07-17\exchange=NSE\symbol=ULTRACEMCO\part-073054_206206-030783.parquet,34386,downloaded,34386,
2026-07-17,NSE,ULTRACEMCO,raw_l2/trade_date=2026-07-17/exchange=NSE/symbol=ULTRACEMCO/part-075846_626355-034559.parquet,real_data_sample\l2_unseen_validation\trade_date=2026-07-17\exchange=NSE\symbol=ULTRACEMCO\part-075846_626355-034559.parquet,34591,downloaded,34591,
2026-07-17,NSE,ULTRACEMCO,raw_l2/trade_date=2026-07-17/exchange=NSE/symbol=ULTRACEMCO/part-075900_886457-034591.parquet,real_data_sample\l2_unseen_validation\trade_date=2026-07-17\exchange=NSE\symbol=ULTRACEMCO\part-075900_886457-034591.parquet,34536,downloaded,34536,
2026-07-17,NSE,ULTRACEMCO,raw_l2/trade_date=2026-07-17/exchange=NSE/symbol=ULTRACEMCO/part-075929_389027-034655.parquet,real_data_sample\l2_unseen_validation\trade_date=2026-07-17\exchange=NSE\symbol=ULTRACEMCO\part-075929_389027-034655.parquet,34376,downloaded,34376,
2026-07-17,NSE,ULTRACEMCO,raw_l2/trade_date=2026-07-17/exchange=NSE/symbol=ULTRACEMCO/part-075943_709493-034687.parquet,real_data_sample\l2_unseen_validation\trade_date=2026-07-17\exchange=NSE\symbol=ULTRACEMCO\part-075943_709493-034687.parquet,34619,downloaded,34619,
2026-07-17,NSE,ULTRACEMCO,raw_l2/trade_date=2026-07-17/exchange=NSE/symbol=ULTRACEMCO/part-075958_708116-034719.parquet,real_data_sample\l2_unseen_validation\trade_date=2026-07-17\exchange=NSE\symbol=ULTRACEMCO\part-075958_708116-034719.parquet,34441,downloaded,34441,
2026-07-17,NSE,ULTRACEMCO,raw_l2/trade_date=2026-07-17/exchange=NSE/symbol=ULTRACEMCO/part-080320_172944-035167.parquet,real_data_sample\l2_unseen_validation\trade_date=2026-07-17\exchange=NSE\symbol=ULTRACEMCO\part-080320_172944-035167.parquet,34594,downloaded,34594,
2026-07-17,NSE,ULTRACEMCO,raw_l2/trade_date=2026-07-17/exchange=NSE/symbol=ULTRACEMCO/part-080110_908369-034879.parquet,real_data_sample\l2_unseen_validation\trade_date=2026-07-17\exchange=NSE\symbol=ULTRACEMCO\part-080110_908369-034879.parquet,34543,downloaded,34543,
2026-07-17,NSE,ULTRACEMCO,raw_l2/trade_date=2026-07-17/exchange=NSE/symbol=ULTRACEMCO/part-080153_814379-034975.parquet,real_data_sample\l2_unseen_validation\trade_date=2026-07-17\exchange=NSE\symbol=ULTRACEMCO\part-080153_814379-034975.parquet,34650,downloaded,34650,
2026-07-17,NSE,ULTRACEMCO,raw_l2/trade_date=2026-07-17/exchange=NSE/symbol=ULTRACEMCO/part-080404_174948-035263.parquet,real_data_sample\l2_unseen_validation\trade_date=2026-07-17\exchange=NSE\symbol=ULTRACEMCO\part-080404_174948-035263.parquet,35027,downloaded,35027,
2026-07-17,NSE,ULTRACEMCO,raw_l2/trade_date=2026-07-17/exchange=NSE/symbol=ULTRACEMCO/part-080334_491853-035199.parquet,real_data_sample\l2_unseen_validation\trade_date=2026-07-17\exchange=NSE\symbol=ULTRACEMCO\part-080334_491853-035199.parquet,34589,downloaded,34589,
2026-07-17,NSE,ULTRACEMCO,raw_l2/trade_date=2026-07-17/exchange=NSE/symbol=ULTRACEMCO/part-080125_043676-034911.parquet,real_data_sample\l2_unseen_validation\trade_date=2026-07-17\exchange=NSE\symbol=ULTRACEMCO\part-080125_043676-034911.parquet,34697,downloaded,34697,
2026-07-17,NSE,ULTRACEMCO,raw_l2/trade_date=2026-07-17/exchange=NSE/symbol=ULTRACEMCO/part-080208_173872-035007.parquet,real_data_sample\l2_unseen_validation\trade_date=2026-07-17\exchange=NSE\symbol=ULTRACEMCO\part-080208_173872-035007.parquet,34417,downloaded,34417,
2026-07-17,NSE,ULTRACEMCO,raw_l2/trade_date=2026-07-17/exchange=NSE/symbol=ULTRACEMCO/part-080349_428513-035231.parquet,real_data_sample\l2_unseen_validation\trade_date=2026-07-17\exchange=NSE\symbol=ULTRACEMCO\part-080349_428513-035231.parquet,35026,downloaded,35026,
2026-07-17,NSE,ULTRACEMCO,raw_l2/trade_date=2026-07-17/exchange=NSE/symbol=ULTRACEMCO/part-080222_251382-035039.parquet,real_data_sample\l2_unseen_validation\trade_date=2026-07-17\exchange=NSE\symbol=ULTRACEMCO\part-080222_251382-035039.parquet,34405,downloaded,34405,
2026-07-17,NSE,ULTRACEMCO,raw_l2/trade_date=2026-07-17/exchange=NSE/symbol=ULTRACEMCO/part-080139_369071-034943.parquet,real_data_sample\l2_unseen_validation\trade_date=2026-07-17\exchange=NSE\symbol=ULTRACEMCO\part-080139_369071-034943.parquet,34681,downloaded,34681,
2026-07-17,NSE,ULTRACEMCO,raw_l2/trade_date=2026-07-17/exchange=NSE/symbol=ULTRACEMCO/part-080251_660734-035103.parquet,real_data_sample\l2_unseen_validation\trade_date=2026-07-17\exchange=NSE\symbol=ULTRACEMCO\part-080251_660734-035103.parquet,34788,downloaded,34788,
2026-07-17,NSE,ULTRACEMCO,raw_l2/trade_date=2026-07-17/exchange=NSE/symbol=ULTRACEMCO/part-080305_890745-035135.parquet,real_data_sample\l2_unseen_validation\trade_date=2026-07-17\exchange=NSE\symbol=ULTRACEMCO\part-080305_890745-035135.parquet,34269,downloaded,34269,
2026-07-17,NSE,ULTRACEMCO,raw_l2/trade_date=2026-07-17/exchange=NSE/symbol=ULTRACEMCO/part-080013_307976-034751.parquet,real_data_sample\l2_unseen_validation\trade_date=2026-07-17\exchange=NSE\symbol=ULTRACEMCO\part-080013_307976-034751.parquet,34573,downloaded,34573,
2026-07-17,NSE,ULTRACEMCO,raw_l2/trade_date=2026-07-17/exchange=NSE/symbol=ULTRACEMCO/part-080056_630329-034847.parquet,real_data_sample\l2_unseen_validation\trade_date=2026-07-17\exchange=NSE\symbol=ULTRACEMCO\part-080056_630329-034847.parquet,34785,downloaded,34785,
2026-07-17,NSE,ULTRACEMCO,raw_l2/trade_date=2026-07-17/exchange=NSE/symbol=ULTRACEMCO/part-080042_087770-034815.parquet,real_data_sample\l2_unseen_validation\trade_date=2026-07-17\exchange=NSE\symbol=ULTRACEMCO\part-080042_087770-034815.parquet,34651,downloaded,34651,
2026-07-17,NSE,ULTRACEMCO,raw_l2/trade_date=2026-07-17/exchange=NSE/symbol=ULTRACEMCO/part-080027_855121-034783.parquet,real_data_sample\l2_unseen_validation\trade_date=2026-07-17\exchange=NSE\symbol=ULTRACEMCO\part-080027_855121-034783.parquet,34505,downloaded,34505,
2026-07-17,NSE,ULTRACEMCO,raw_l2/trade_date=2026-07-17/exchange=NSE/symbol=ULTRACEMCO/part-080418_295730-035295.parquet,real_data_sample\l2_unseen_validation\trade_date=2026-07-17\exchange=NSE\symbol=ULTRACEMCO\part-080418_295730-035295.parquet,34850,downloaded,34850,
2026-07-17,NSE,ULTRACEMCO,raw_l2/trade_date=2026-07-17/exchange=NSE/symbol=ULTRACEMCO/part-072927_996728-030591.parquet,real_data_sample\l2_unseen_validation\trade_date=2026-07-17\exchange=NSE\symbol=ULTRACEMCO\part-072927_996728-030591.parquet,34425,downloaded,34425,
2026-07-17,NSE,ULTRACEMCO,raw_l2/trade_date=2026-07-17/exchange=NSE/symbol=ULTRACEMCO/part-080450_025885-035359.parquet,real_data_sample\l2_unseen_validation\trade_date=2026-07-17\exchange=NSE\symbol=ULTRACEMCO\part-080450_025885-035359.parquet,34860,downloaded,34860,
2026-07-17,NSE,ULTRACEMCO,raw_l2/trade_date=2026-07-17/exchange=NSE/symbol=ULTRACEMCO/part-080518_964311-035423.parquet,real_data_sample\l2_unseen_validation\trade_date=2026-07-17\exchange=NSE\symbol=ULTRACEMCO\part-080518_964311-035423.parquet,34457,downloaded,34457,
2026-07-17,NSE,ULTRACEMCO,raw_l2/trade_date=2026-07-17/exchange=NSE/symbol=ULTRACEMCO/part-080548_156282-035487.parquet,real_data_sample\l2_unseen_validation\trade_date=2026-07-17\exchange=NSE\symbol=ULTRACEMCO\part-080548_156282-035487.parquet,34431,downloaded,34431,
2026-07-17,NSE,ULTRACEMCO,raw_l2/trade_date=2026-07-17/exchange=NSE/symbol=ULTRACEMCO/part-080435_450115-035327.parquet,real_data_sample\l2_unseen_validation\trade_date=2026-07-17\exchange=NSE\symbol=ULTRACEMCO\part-080435_450115-035327.parquet,34762,downloaded,34762,
2026-07-17,NSE,ULTRACEMCO,raw_l2/trade_date=2026-07-17/exchange=NSE/symbol=ULTRACEMCO/part-080504_488397-035391.parquet,real_data_sample\l2_unseen_validation\trade_date=2026-07-17\exchange=NSE\symbol=ULTRACEMCO\part-080504_488397-035391.parquet,34526,downloaded,34526,
2026-07-17,NSE,ULTRACEMCO,raw_l2/trade_date=2026-07-17/exchange=NSE/symbol=ULTRACEMCO/part-080534_000549-035455.parquet,real_data_sample\l2_unseen_validation\trade_date=2026-07-17\exchange=NSE\symbol=ULTRACEMCO\part-080534_000549-035455.parquet,34841,downloaded,34841,
2026-07-17,NSE,ULTRACEMCO,raw_l2/trade_date=2026-07-17/exchange=NSE/symbol=ULTRACEMCO/part-080602_369854-035519.parquet,real_data_sample\l2_unseen_validation\trade_date=2026-07-17\exchange=NSE\symbol=ULTRACEMCO\part-080602_369854-035519.parquet,34584,downloaded,34584,
2026-07-17,NSE,ULTRACEMCO,raw_l2/trade_date=2026-07-17/exchange=NSE/symbol=ULTRACEMCO/part-080645_474318-035615.parquet,real_data_sample\l2_unseen_validation\trade_date=2026-07-17\exchange=NSE\symbol=ULTRACEMCO\part-080645_474318-035615.parquet,34683,downloaded,34683,
2026-07-17,NSE,ULTRACEMCO,raw_l2/trade_date=2026-07-17/exchange=NSE/symbol=ULTRACEMCO/part-080728_873195-035711.parquet,real_data_sample\l2_unseen_validation\trade_date=2026-07-17\exchange=NSE\symbol=ULTRACEMCO\part-080728_873195-035711.parquet,34688,downloaded,34688,
2026-07-17,NSE,ULTRACEMCO,raw_l2/trade_date=2026-07-17/exchange=NSE/symbol=ULTRACEMCO/part-080714_746699-035679.parquet,real_data_sample\l2_unseen_validation\trade_date=2026-07-17\exchange=NSE\symbol=ULTRACEMCO\part-080714_746699-035679.parquet,34630,downloaded,34630,
2026-07-17,NSE,ULTRACEMCO,raw_l2/trade_date=2026-07-17/exchange=NSE/symbol=ULTRACEMCO/part-080616_623274-035551.parquet,real_data_sample\l2_unseen_validation\trade_date=2026-07-17\exchange=NSE\symbol=ULTRACEMCO\part-080616_623274-035551.parquet,34776,downloaded,34776,
2026-07-17,NSE,ULTRACEMCO,raw_l2/trade_date=2026-07-17/exchange=NSE/symbol=ULTRACEMCO/part-080631_166190-035583.parquet,real_data_sample\l2_unseen_validation\trade_date=2026-07-17\exchange=NSE\symbol=ULTRACEMCO\part-080631_166190-035583.parquet,34627,downloaded,34627,
2026-07-17,NSE,ULTRACEMCO,raw_l2/trade_date=2026-07-17/exchange=NSE/symbol=ULTRACEMCO/part-080659_888377-035647.parquet,real_data_sample\l2_unseen_validation\trade_date=2026-07-17\exchange=NSE\symbol=ULTRACEMCO\part-080659_888377-035647.parquet,34690,downloaded,34690,
2026-07-17,NSE,ULTRACEMCO,raw_l2/trade_date=2026-07-17/exchange=NSE/symbol=ULTRACEMCO/part-080940_903715-035999.parquet,real_data_sample\l2_unseen_validation\trade_date=2026-07-17\exchange=NSE\symbol=ULTRACEMCO\part-080940_903715-035999.parquet,34700,downloaded,34700,
2026-07-17,NSE,ULTRACEMCO,raw_l2/trade_date=2026-07-17/exchange=NSE/symbol=ULTRACEMCO/part-081122_443347-036223.parquet,real_data_sample\l2_unseen_validation\trade_date=2026-07-17\exchange=NSE\symbol=ULTRACEMCO\part-081122_443347-036223.parquet,35570,downloaded,35570,
2026-07-17,NSE,ULTRACEMCO,raw_l2/trade_date=2026-07-17/exchange=NSE/symbol=ULTRACEMCO/part-080237_323306-035071.parquet,real_data_sample\l2_unseen_validation\trade_date=2026-07-17\exchange=NSE\symbol=ULTRACEMCO\part-080237_323306-035071.parquet,34507,downloaded,34507,
2026-07-17,NSE,ULTRACEMCO,raw_l2/trade_date=2026-07-17/exchange=NSE/symbol=ULTRACEMCO/part-081025_670693-036095.parquet,real_data_sample\l2_unseen_validation\trade_date=2026-07-17\exchange=NSE\symbol=ULTRACEMCO\part-081025_670693-036095.parquet,35628,downloaded,35628,
2026-07-17,NSE,ULTRACEMCO,raw_l2/trade_date=2026-07-17/exchange=NSE/symbol=ULTRACEMCO/part-081040_023927-036127.parquet,real_data_sample\l2_unseen_validation\trade_date=2026-07-17\exchange=NSE\symbol=ULTRACEMCO\part-081040_023927-036127.parquet,35341,downloaded,35341,
2026-07-17,NSE,ULTRACEMCO,raw_l2/trade_date=2026-07-17/exchange=NSE/symbol=ULTRACEMCO/part-080842_009035-035871.parquet,real_data_sample\l2_unseen_validation\trade_date=2026-07-17\exchange=NSE\symbol=ULTRACEMCO\part-080842_009035-035871.parquet,35039,downloaded,35039,
2026-07-17,NSE,ULTRACEMCO,raw_l2/trade_date=2026-07-17/exchange=NSE/symbol=ULTRACEMCO/part-080926_391047-035967.parquet,real_data_sample\l2_unseen_validation\trade_date=2026-07-17\exchange=NSE\symbol=ULTRACEMCO\part-080926_391047-035967.parquet,34607,downloaded,34607,
2026-07-17,NSE,ULTRACEMCO,raw_l2/trade_date=2026-07-17/exchange=NSE/symbol=ULTRACEMCO/part-080955_420774-036031.parquet,real_data_sample\l2_unseen_validation\trade_date=2026-07-17\exchange=NSE\symbol=ULTRACEMCO\part-080955_420774-036031.parquet,34648,downloaded,34648,
2026-07-17,NSE,ULTRACEMCO,raw_l2/trade_date=2026-07-17/exchange=NSE/symbol=ULTRACEMCO/part-080743_627336-035743.parquet,real_data_sample\l2_unseen_validation\trade_date=2026-07-17\exchange=NSE\symbol=ULTRACEMCO\part-080743_627336-035743.parquet,34769,downloaded,34769,
2026-07-17,NSE,ULTRACEMCO,raw_l2/trade_date=2026-07-17/exchange=NSE/symbol=ULTRACEMCO/part-081010_615493-036063.parquet,real_data_sample\l2_unseen_validation\trade_date=2026-07-17\exchange=NSE\symbol=ULTRACEMCO\part-081010_615493-036063.parquet,34602,downloaded,34602,
2026-07-17,NSE,ULTRACEMCO,raw_l2/trade_date=2026-07-17/exchange=NSE/symbol=ULTRACEMCO/part-081150_562265-036287.parquet,real_data_sample\l2_unseen_validation\trade_date=2026-07-17\exchange=NSE\symbol=ULTRACEMCO\part-081150_562265-036287.parquet,35438,downloaded,35438,
2026-07-17,NSE,ULTRACEMCO,raw_l2/trade_date=2026-07-17/exchange=NSE/symbol=ULTRACEMCO/part-080758_289082-035775.parquet,real_data_sample\l2_unseen_validation\trade_date=2026-07-17\exchange=NSE\symbol=ULTRACEMCO\part-080758_289082-035775.parquet,34627,downloaded,34627,
2026-07-17,NSE,ULTRACEMCO,raw_l2/trade_date=2026-07-17/exchange=NSE/symbol=ULTRACEMCO/part-080856_805744-035903.parquet,real_data_sample\l2_unseen_validation\trade_date=2026-07-17\exchange=NSE\symbol=ULTRACEMCO\part-080856_805744-035903.parquet,35660,downloaded,35660,
2026-07-17,NSE,ULTRACEMCO,raw_l2/trade_date=2026-07-17/exchange=NSE/symbol=ULTRACEMCO/part-081136_429501-036255.parquet,real_data_sample\l2_unseen_validation\trade_date=2026-07-17\exchange=NSE\symbol=ULTRACEMCO\part-081136_429501-036255.parquet,35185,downloaded,35185,
2026-07-17,NSE,ULTRACEMCO,raw_l2/trade_date=2026-07-17/exchange=NSE/symbol=ULTRACEMCO/part-080827_284601-035839.parquet,real_data_sample\l2_unseen_validation\trade_date=2026-07-17\exchange=NSE\symbol=ULTRACEMCO\part-080827_284601-035839.parquet,35645,downloaded,35645,
2026-07-17,NSE,ULTRACEMCO,raw_l2/trade_date=2026-07-17/exchange=NSE/symbol=ULTRACEMCO/part-080812_952600-035807.parquet,real_data_sample\l2_unseen_validation\trade_date=2026-07-17\exchange=NSE\symbol=ULTRACEMCO\part-080812_952600-035807.parquet,34379,downloaded,34379,
2026-07-17,NSE,ULTRACEMCO,raw_l2/trade_date=2026-07-17/exchange=NSE/symbol=ULTRACEMCO/part-081054_155682-036159.parquet,real_data_sample\l2_unseen_validation\trade_date=2026-07-17\exchange=NSE\symbol=ULTRACEMCO\part-081054_155682-036159.parquet,35094,downloaded,35094,
2026-07-17,NSE,ULTRACEMCO,raw_l2/trade_date=2026-07-17/exchange=NSE/symbol=ULTRACEMCO/part-080911_242481-035935.parquet,real_data_sample\l2_unseen_validation\trade_date=2026-07-17\exchange=NSE\symbol=ULTRACEMCO\part-080911_242481-035935.parquet,35023,downloaded,35023,
2026-07-17,NSE,ULTRACEMCO,raw_l2/trade_date=2026-07-17/exchange=NSE/symbol=ULTRACEMCO/part-081233_264720-036383.parquet,real_data_sample\l2_unseen_validation\trade_date=2026-07-17\exchange=NSE\symbol=ULTRACEMCO\part-081233_264720-036383.parquet,34574,downloaded,34574,
2026-07-17,NSE,ULTRACEMCO,raw_l2/trade_date=2026-07-17/exchange=NSE/symbol=ULTRACEMCO/part-081108_250860-036191.parquet,real_data_sample\l2_unseen_validation\trade_date=2026-07-17\exchange=NSE\symbol=ULTRACEMCO\part-081108_250860-036191.parquet,35235,downloaded,35235,
2026-07-17,NSE,ULTRACEMCO,raw_l2/trade_date=2026-07-17/exchange=NSE/symbol=ULTRACEMCO/part-081247_523044-036415.parquet,real_data_sample\l2_unseen_validation\trade_date=2026-07-17\exchange=NSE\symbol=ULTRACEMCO\part-081247_523044-036415.parquet,34650,downloaded,34650,
2026-07-17,NSE,ULTRACEMCO,raw_l2/trade_date=2026-07-17/exchange=NSE/symbol=ULTRACEMCO/part-081204_800114-036319.parquet,real_data_sample\l2_unseen_validation\trade_date=2026-07-17\exchange=NSE\symbol=ULTRACEMCO\part-081204_800114-036319.parquet,35219,downloaded,35219,
2026-07-17,NSE,ULTRACEMCO,raw_l2/trade_date=2026-07-17/exchange=NSE/symbol=ULTRACEMCO/part-081359_627116-036575.parquet,real_data_sample\l2_unseen_validation\trade_date=2026-07-17\exchange=NSE\symbol=ULTRACEMCO\part-081359_627116-036575.parquet,34741,downloaded,34741,
2026-07-17,NSE,ULTRACEMCO,raw_l2/trade_date=2026-07-17/exchange=NSE/symbol=ULTRACEMCO/part-081302_486985-036447.parquet,real_data_sample\l2_unseen_validation\trade_date=2026-07-17\exchange=NSE\symbol=ULTRACEMCO\part-081302_486985-036447.parquet,34531,downloaded,34531,
2026-07-17,NSE,ULTRACEMCO,raw_l2/trade_date=2026-07-17/exchange=NSE/symbol=ULTRACEMCO/part-081413_922274-036607.parquet,real_data_sample\l2_unseen_validation\trade_date=2026-07-17\exchange=NSE\symbol=ULTRACEMCO\part-081413_922274-036607.parquet,34933,downloaded,34933,
2026-07-17,NSE,ULTRACEMCO,raw_l2/trade_date=2026-07-17/exchange=NSE/symbol=ULTRACEMCO/part-081345_214044-036543.parquet,real_data_sample\l2_unseen_validation\trade_date=2026-07-17\exchange=NSE\symbol=ULTRACEMCO\part-081345_214044-036543.parquet,34638,downloaded,34638,
2026-07-17,NSE,ULTRACEMCO,raw_l2/trade_date=2026-07-17/exchange=NSE/symbol=ULTRACEMCO/part-081331_099229-036511.parquet,real_data_sample\l2_unseen_validation\trade_date=2026-07-17\exchange=NSE\symbol=ULTRACEMCO\part-081331_099229-036511.parquet,34700,downloaded,34700,
2026-07-17,NSE,ULTRACEMCO,raw_l2/trade_date=2026-07-17/exchange=NSE/symbol=ULTRACEMCO/part-081428_001997-036639.parquet,real_data_sample\l2_unseen_validation\trade_date=2026-07-17\exchange=NSE\symbol=ULTRACEMCO\part-081428_001997-036639.parquet,35792,downloaded,35792,
2026-07-17,NSE,ULTRACEMCO,raw_l2/trade_date=2026-07-17/exchange=NSE/symbol=ULTRACEMCO/part-081316_946099-036479.parquet,real_data_sample\l2_unseen_validation\trade_date=2026-07-17\exchange=NSE\symbol=ULTRACEMCO\part-081316_946099-036479.parquet,34592,downloaded,34592,
2026-07-17,NSE,ULTRACEMCO,raw_l2/trade_date=2026-07-17/exchange=NSE/symbol=ULTRACEMCO/part-081442_224486-036671.parquet,real_data_sample\l2_unseen_validation\trade_date=2026-07-17\exchange=NSE\symbol=ULTRACEMCO\part-081442_224486-036671.parquet,35559,downloaded,35559,
2026-07-17,NSE,ULTRACEMCO,raw_l2/trade_date=2026-07-17/exchange=NSE/symbol=ULTRACEMCO/part-081456_162892-036703.parquet,real_data_sample\l2_unseen_validation\trade_date=2026-07-17\exchange=NSE\symbol=ULTRACEMCO\part-081456_162892-036703.parquet,35440,downloaded,35440,
2026-07-17,NSE,ULTRACEMCO,raw_l2/trade_date=2026-07-17/exchange=NSE/symbol=ULTRACEMCO/part-081218_780606-036351.parquet,real_data_sample\l2_unseen_validation\trade_date=2026-07-17\exchange=NSE\symbol=ULTRACEMCO\part-081218_780606-036351.parquet,34583,downloaded,34583,
2026-07-17,NSE,ULTRACEMCO,raw_l2/trade_date=2026-07-17/exchange=NSE/symbol=ULTRACEMCO/part-081702_846618-036991.parquet,real_data_sample\l2_unseen_validation\trade_date=2026-07-17\exchange=NSE\symbol=ULTRACEMCO\part-081702_846618-036991.parquet,34523,downloaded,34523,
2026-07-17,NSE,ULTRACEMCO,raw_l2/trade_date=2026-07-17/exchange=NSE/symbol=ULTRACEMCO/part-081606_431245-036863.parquet,real_data_sample\l2_unseen_validation\trade_date=2026-07-17\exchange=NSE\symbol=ULTRACEMCO\part-081606_431245-036863.parquet,34903,downloaded,34903,
2026-07-17,NSE,ULTRACEMCO,raw_l2/trade_date=2026-07-17/exchange=NSE/symbol=ULTRACEMCO/part-081829_066586-037183.parquet,real_data_sample\l2_unseen_validation\trade_date=2026-07-17\exchange=NSE\symbol=ULTRACEMCO\part-081829_066586-037183.parquet,34833,downloaded,34833,
2026-07-17,NSE,ULTRACEMCO,raw_l2/trade_date=2026-07-17/exchange=NSE/symbol=ULTRACEMCO/part-081746_181828-037087.parquet,real_data_sample\l2_unseen_validation\trade_date=2026-07-17\exchange=NSE\symbol=ULTRACEMCO\part-081746_181828-037087.parquet,35535,downloaded,35535,
2026-07-17,NSE,ULTRACEMCO,raw_l2/trade_date=2026-07-17/exchange=NSE/symbol=ULTRACEMCO/part-081814_773953-037151.parquet,real_data_sample\l2_unseen_validation\trade_date=2026-07-17\exchange=NSE\symbol=ULTRACEMCO\part-081814_773953-037151.parquet,35340,downloaded,35340,
2026-07-17,NSE,ULTRACEMCO,raw_l2/trade_date=2026-07-17/exchange=NSE/symbol=ULTRACEMCO/part-081857_733616-037247.parquet,real_data_sample\l2_unseen_validation\trade_date=2026-07-17\exchange=NSE\symbol=ULTRACEMCO\part-081857_733616-037247.parquet,34438,downloaded,34438,
2026-07-17,NSE,ULTRACEMCO,raw_l2/trade_date=2026-07-17/exchange=NSE/symbol=ULTRACEMCO/part-081731_941632-037055.parquet,real_data_sample\l2_unseen_validation\trade_date=2026-07-17\exchange=NSE\symbol=ULTRACEMCO\part-081731_941632-037055.parquet,34928,downloaded,34928,
2026-07-17,NSE,ULTRACEMCO,raw_l2/trade_date=2026-07-17/exchange=NSE/symbol=ULTRACEMCO/part-081800_296556-037119.parquet,real_data_sample\l2_unseen_validation\trade_date=2026-07-17\exchange=NSE\symbol=ULTRACEMCO\part-081800_296556-037119.parquet,35143,downloaded,35143,
2026-07-17,NSE,ULTRACEMCO,raw_l2/trade_date=2026-07-17/exchange=NSE/symbol=ULTRACEMCO/part-081911_753093-037279.parquet,real_data_sample\l2_unseen_validation\trade_date=2026-07-17\exchange=NSE\symbol=ULTRACEMCO\part-081911_753093-037279.parquet,34710,downloaded,34710,
2026-07-17,NSE,ULTRACEMCO,raw_l2/trade_date=2026-07-17/exchange=NSE/symbol=ULTRACEMCO/part-081843_744018-037215.parquet,real_data_sample\l2_unseen_validation\trade_date=2026-07-17\exchange=NSE\symbol=ULTRACEMCO\part-081843_744018-037215.parquet,34823,downloaded,34823,
2026-07-17,NSE,ULTRACEMCO,raw_l2/trade_date=2026-07-17/exchange=NSE/symbol=ULTRACEMCO/part-082008_771720-037407.parquet,real_data_sample\l2_unseen_validation\trade_date=2026-07-17\exchange=NSE\symbol=ULTRACEMCO\part-082008_771720-037407.parquet,36051,downloaded,36051,
2026-07-17,NSE,ULTRACEMCO,raw_l2/trade_date=2026-07-17/exchange=NSE/symbol=ULTRACEMCO/part-082107_289486-037535.parquet,real_data_sample\l2_unseen_validation\trade_date=2026-07-17\exchange=NSE\symbol=ULTRACEMCO\part-082107_289486-037535.parquet,35867,downloaded,35867,
2026-07-17,NSE,ULTRACEMCO,raw_l2/trade_date=2026-07-17/exchange=NSE/symbol=ULTRACEMCO/part-081954_664387-037375.parquet,real_data_sample\l2_unseen_validation\trade_date=2026-07-17\exchange=NSE\symbol=ULTRACEMCO\part-081954_664387-037375.parquet,35403,downloaded,35403,
2026-07-17,NSE,ULTRACEMCO,raw_l2/trade_date=2026-07-17/exchange=NSE/symbol=ULTRACEMCO/part-082023_185349-037439.parquet,real_data_sample\l2_unseen_validation\trade_date=2026-07-17\exchange=NSE\symbol=ULTRACEMCO\part-082023_185349-037439.parquet,35843,downloaded,35843,
2026-07-17,NSE,ULTRACEMCO,raw_l2/trade_date=2026-07-17/exchange=NSE/symbol=ULTRACEMCO/part-082218_306216-037695.parquet,real_data_sample\l2_unseen_validation\trade_date=2026-07-17\exchange=NSE\symbol=ULTRACEMCO\part-082218_306216-037695.parquet,35253,downloaded,35253,
2026-07-17,NSE,ULTRACEMCO,raw_l2/trade_date=2026-07-17/exchange=NSE/symbol=ULTRACEMCO/part-082204_268467-037663.parquet,real_data_sample\l2_unseen_validation\trade_date=2026-07-17\exchange=NSE\symbol=ULTRACEMCO\part-082204_268467-037663.parquet,35736,downloaded,35736,
2026-07-17,NSE,ULTRACEMCO,raw_l2/trade_date=2026-07-17/exchange=NSE/symbol=ULTRACEMCO/part-082037_913704-037471.parquet,real_data_sample\l2_unseen_validation\trade_date=2026-07-17\exchange=NSE\symbol=ULTRACEMCO\part-082037_913704-037471.parquet,35848,downloaded,35848,
2026-07-17,NSE,ULTRACEMCO,raw_l2/trade_date=2026-07-17/exchange=NSE/symbol=ULTRACEMCO/part-082052_848445-037503.parquet,real_data_sample\l2_unseen_validation\trade_date=2026-07-17\exchange=NSE\symbol=ULTRACEMCO\part-082052_848445-037503.parquet,35968,downloaded,35968,
2026-07-17,NSE,ULTRACEMCO,raw_l2/trade_date=2026-07-17/exchange=NSE/symbol=ULTRACEMCO/part-082121_556499-037567.parquet,real_data_sample\l2_unseen_validation\trade_date=2026-07-17\exchange=NSE\symbol=ULTRACEMCO\part-082121_556499-037567.parquet,35662,downloaded,35662,
2026-07-17,NSE,ULTRACEMCO,raw_l2/trade_date=2026-07-17/exchange=NSE/symbol=ULTRACEMCO/part-082135_948806-037599.parquet,real_data_sample\l2_unseen_validation\trade_date=2026-07-17\exchange=NSE\symbol=ULTRACEMCO\part-082135_948806-037599.parquet,35552,downloaded,35552,
2026-07-17,NSE,ULTRACEMCO,raw_l2/trade_date=2026-07-17/exchange=NSE/symbol=ULTRACEMCO/part-082150_051989-037631.parquet,real_data_sample\l2_unseen_validation\trade_date=2026-07-17\exchange=NSE\symbol=ULTRACEMCO\part-082150_051989-037631.parquet,35477,downloaded,35477,
2026-07-17,NSE,ULTRACEMCO,raw_l2/trade_date=2026-07-17/exchange=NSE/symbol=ULTRACEMCO/part-082232_553649-037727.parquet,real_data_sample\l2_unseen_validation\trade_date=2026-07-17\exchange=NSE\symbol=ULTRACEMCO\part-082232_553649-037727.parquet,34349,downloaded,34349,
2026-07-17,NSE,ULTRACEMCO,raw_l2/trade_date=2026-07-17/exchange=NSE/symbol=ULTRACEMCO/part-082301_008977-037791.parquet,real_data_sample\l2_unseen_validation\trade_date=2026-07-17\exchange=NSE\symbol=ULTRACEMCO\part-082301_008977-037791.parquet,34445,downloaded,34445,
2026-07-17,NSE,ULTRACEMCO,raw_l2/trade_date=2026-07-17/exchange=NSE/symbol=ULTRACEMCO/part-082246_685709-037759.parquet,real_data_sample\l2_unseen_validation\trade_date=2026-07-17\exchange=NSE\symbol=ULTRACEMCO\part-082246_685709-037759.parquet,34473,downloaded,34473,
2026-07-17,NSE,ULTRACEMCO,raw_l2/trade_date=2026-07-17/exchange=NSE/symbol=ULTRACEMCO/part-082315_491817-037823.parquet,real_data_sample\l2_unseen_validation\trade_date=2026-07-17\exchange=NSE\symbol=ULTRACEMCO\part-082315_491817-037823.parquet,34535,downloaded,34535,
2026-07-17,NSE,ULTRACEMCO,raw_l2/trade_date=2026-07-17/exchange=NSE/symbol=ULTRACEMCO/part-082329_643488-037855.parquet,real_data_sample\l2_unseen_validation\trade_date=2026-07-17\exchange=NSE\symbol=ULTRACEMCO\part-082329_643488-037855.parquet,34619,downloaded,34619,
2026-07-17,NSE,ULTRACEMCO,raw_l2/trade_date=2026-07-17/exchange=NSE/symbol=ULTRACEMCO/part-082551_251105-038175.parquet,real_data_sample\l2_unseen_validation\trade_date=2026-07-17\exchange=NSE\symbol=ULTRACEMCO\part-082551_251105-038175.parquet,34830,downloaded,34830,
2026-07-17,NSE,ULTRACEMCO,raw_l2/trade_date=2026-07-17/exchange=NSE/symbol=ULTRACEMCO/part-082619_821637-038239.parquet,real_data_sample\l2_unseen_validation\trade_date=2026-07-17\exchange=NSE\symbol=ULTRACEMCO\part-082619_821637-038239.parquet,35097,downloaded,35097,
2026-07-17,NSE,ULTRACEMCO,raw_l2/trade_date=2026-07-17/exchange=NSE/symbol=ULTRACEMCO/part-082440_017016-038015.parquet,real_data_sample\l2_unseen_validation\trade_date=2026-07-17\exchange=NSE\symbol=ULTRACEMCO\part-082440_017016-038015.parquet,34437,downloaded,34437,
2026-07-17,NSE,ULTRACEMCO,raw_l2/trade_date=2026-07-17/exchange=NSE/symbol=ULTRACEMCO/part-082702_608112-038335.parquet,real_data_sample\l2_unseen_validation\trade_date=2026-07-17\exchange=NSE\symbol=ULTRACEMCO\part-082702_608112-038335.parquet,35174,downloaded,35174,
2026-07-17,NSE,ULTRACEMCO,raw_l2/trade_date=2026-07-17/exchange=NSE/symbol=ULTRACEMCO/part-082454_181956-038047.parquet,real_data_sample\l2_unseen_validation\trade_date=2026-07-17\exchange=NSE\symbol=ULTRACEMCO\part-082454_181956-038047.parquet,34418,downloaded,34418,
2026-07-17,NSE,ULTRACEMCO,raw_l2/trade_date=2026-07-17/exchange=NSE/symbol=ULTRACEMCO/part-082522_383370-038111.parquet,real_data_sample\l2_unseen_validation\trade_date=2026-07-17\exchange=NSE\symbol=ULTRACEMCO\part-082522_383370-038111.parquet,34581,downloaded,34581,
2026-07-17,NSE,ULTRACEMCO,raw_l2/trade_date=2026-07-17/exchange=NSE/symbol=ULTRACEMCO/part-082648_489330-038303.parquet,real_data_sample\l2_unseen_validation\trade_date=2026-07-17\exchange=NSE\symbol=ULTRACEMCO\part-082648_489330-038303.parquet,35629,downloaded,35629,
2026-07-17,NSE,ULTRACEMCO,raw_l2/trade_date=2026-07-17/exchange=NSE/symbol=ULTRACEMCO/part-082508_242155-038079.parquet,real_data_sample\l2_unseen_validation\trade_date=2026-07-17\exchange=NSE\symbol=ULTRACEMCO\part-082508_242155-038079.parquet,34269,downloaded,34269,
2026-07-17,NSE,ULTRACEMCO,raw_l2/trade_date=2026-07-17/exchange=NSE/symbol=ULTRACEMCO/part-082745_404561-038431.parquet,real_data_sample\l2_unseen_validation\trade_date=2026-07-17\exchange=NSE\symbol=ULTRACEMCO\part-082745_404561-038431.parquet,34986,downloaded,34986,
2026-07-17,NSE,ULTRACEMCO,raw_l2/trade_date=2026-07-17/exchange=NSE/symbol=ULTRACEMCO/part-082605_568832-038207.parquet,real_data_sample\l2_unseen_validation\trade_date=2026-07-17\exchange=NSE\symbol=ULTRACEMCO\part-082605_568832-038207.parquet,34723,downloaded,34723,
2026-07-17,NSE,ULTRACEMCO,raw_l2/trade_date=2026-07-17/exchange=NSE/symbol=ULTRACEMCO/part-082731_090218-038399.parquet,real_data_sample\l2_unseen_validation\trade_date=2026-07-17\exchange=NSE\symbol=ULTRACEMCO\part-082731_090218-038399.parquet,35773,downloaded,35773,
2026-07-17,NSE,ULTRACEMCO,raw_l2/trade_date=2026-07-17/exchange=NSE/symbol=ULTRACEMCO/part-082634_417364-038271.parquet,real_data_sample\l2_unseen_validation\trade_date=2026-07-17\exchange=NSE\symbol=ULTRACEMCO\part-082634_417364-038271.parquet,35699,downloaded,35699,
2026-07-17,NSE,ULTRACEMCO,raw_l2/trade_date=2026-07-17/exchange=NSE/symbol=ULTRACEMCO/part-082536_698799-038143.parquet,real_data_sample\l2_unseen_validation\trade_date=2026-07-17\exchange=NSE\symbol=ULTRACEMCO\part-082536_698799-038143.parquet,34860,downloaded,34860,
2026-07-17,NSE,ULTRACEMCO,raw_l2/trade_date=2026-07-17/exchange=NSE/symbol=ULTRACEMCO/part-082343_603280-037887.parquet,real_data_sample\l2_unseen_validation\trade_date=2026-07-17\exchange=NSE\symbol=ULTRACEMCO\part-082343_603280-037887.parquet,34518,downloaded,34518,
2026-07-17,NSE,ULTRACEMCO,raw_l2/trade_date=2026-07-17/exchange=NSE/symbol=ULTRACEMCO/part-082411_852649-037951.parquet,real_data_sample\l2_unseen_validation\trade_date=2026-07-17\exchange=NSE\symbol=ULTRACEMCO\part-082411_852649-037951.parquet,34592,downloaded,34592,
2026-07-17,NSE,ULTRACEMCO,raw_l2/trade_date=2026-07-17/exchange=NSE/symbol=ULTRACEMCO/part-082716_963991-038367.parquet,real_data_sample\l2_unseen_validation\trade_date=2026-07-17\exchange=NSE\symbol=ULTRACEMCO\part-082716_963991-038367.parquet,35792,downloaded,35792,
2026-07-17,NSE,ULTRACEMCO,raw_l2/trade_date=2026-07-17/exchange=NSE/symbol=ULTRACEMCO/part-082425_985026-037983.parquet,real_data_sample\l2_unseen_validation\trade_date=2026-07-17\exchange=NSE\symbol=ULTRACEMCO\part-082425_985026-037983.parquet,34656,downloaded,34656,
2026-07-17,NSE,ULTRACEMCO,raw_l2/trade_date=2026-07-17/exchange=NSE/symbol=ULTRACEMCO/part-082357_683570-037919.parquet,real_data_sample\l2_unseen_validation\trade_date=2026-07-17\exchange=NSE\symbol=ULTRACEMCO\part-082357_683570-037919.parquet,34562,downloaded,34562,
2026-07-17,NSE,ULTRACEMCO,raw_l2/trade_date=2026-07-17/exchange=NSE/symbol=ULTRACEMCO/part-082759_785740-038463.parquet,real_data_sample\l2_unseen_validation\trade_date=2026-07-17\exchange=NSE\symbol=ULTRACEMCO\part-082759_785740-038463.parquet,35040,downloaded,35040,
2026-07-17,NSE,ULTRACEMCO,raw_l2/trade_date=2026-07-17/exchange=NSE/symbol=ULTRACEMCO/part-082814_398932-038495.parquet,real_data_sample\l2_unseen_validation\trade_date=2026-07-17\exchange=NSE\symbol=ULTRACEMCO\part-082814_398932-038495.parquet,35443,downloaded,35443,
2026-07-17,NSE,ULTRACEMCO,raw_l2/trade_date=2026-07-17/exchange=NSE/symbol=ULTRACEMCO/part-082828_971560-038527.parquet,real_data_sample\l2_unseen_validation\trade_date=2026-07-17\exchange=NSE\symbol=ULTRACEMCO\part-082828_971560-038527.parquet,34785,downloaded,34785,
2026-07-17,NSE,ULTRACEMCO,raw_l2/trade_date=2026-07-17/exchange=NSE/symbol=ULTRACEMCO/part-082843_272886-038559.parquet,real_data_sample\l2_unseen_validation\trade_date=2026-07-17\exchange=NSE\symbol=ULTRACEMCO\part-082843_272886-038559.parquet,34681,downloaded,34681,
2026-07-17,NSE,ULTRACEMCO,raw_l2/trade_date=2026-07-17/exchange=NSE/symbol=ULTRACEMCO/part-082857_720373-038591.parquet,real_data_sample\l2_unseen_validation\trade_date=2026-07-17\exchange=NSE\symbol=ULTRACEMCO\part-082857_720373-038591.parquet,34608,downloaded,34608,
2026-07-17,NSE,ULTRACEMCO,raw_l2/trade_date=2026-07-17/exchange=NSE/symbol=ULTRACEMCO/part-082912_382812-038623.parquet,real_data_sample\l2_unseen_validation\trade_date=2026-07-17\exchange=NSE\symbol=ULTRACEMCO\part-082912_382812-038623.parquet,34473,downloaded,34473,
2026-07-17,NSE,ULTRACEMCO,raw_l2/trade_date=2026-07-17/exchange=NSE/symbol=ULTRACEMCO/part-082955_942790-038719.parquet,real_data_sample\l2_unseen_validation\trade_date=2026-07-17\exchange=NSE\symbol=ULTRACEMCO\part-082955_942790-038719.parquet,34455,downloaded,34455,
2026-07-17,NSE,ULTRACEMCO,raw_l2/trade_date=2026-07-17/exchange=NSE/symbol=ULTRACEMCO/part-082926_869937-038655.parquet,real_data_sample\l2_unseen_validation\trade_date=2026-07-17\exchange=NSE\symbol=ULTRACEMCO\part-082926_869937-038655.parquet,34738,downloaded,34738,
2026-07-17,NSE,ULTRACEMCO,raw_l2/trade_date=2026-07-17/exchange=NSE/symbol=ULTRACEMCO/part-083108_412936-038879.parquet,real_data_sample\l2_unseen_validation\trade_date=2026-07-17\exchange=NSE\symbol=ULTRACEMCO\part-083108_412936-038879.parquet,34575,downloaded,34575,
2026-07-17,NSE,ULTRACEMCO,raw_l2/trade_date=2026-07-17/exchange=NSE/symbol=ULTRACEMCO/part-083024_870593-038783.parquet,real_data_sample\l2_unseen_validation\trade_date=2026-07-17\exchange=NSE\symbol=ULTRACEMCO\part-083024_870593-038783.parquet,34604,downloaded,34604,
2026-07-17,NSE,ULTRACEMCO,raw_l2/trade_date=2026-07-17/exchange=NSE/symbol=ULTRACEMCO/part-083039_279450-038815.parquet,real_data_sample\l2_unseen_validation\trade_date=2026-07-17\exchange=NSE\symbol=ULTRACEMCO\part-083039_279450-038815.parquet,34602,downloaded,34602,
2026-07-17,NSE,ULTRACEMCO,raw_l2/trade_date=2026-07-17/exchange=NSE/symbol=ULTRACEMCO/part-083010_644293-038751.parquet,real_data_sample\l2_unseen_validation\trade_date=2026-07-17\exchange=NSE\symbol=ULTRACEMCO\part-083010_644293-038751.parquet,34765,downloaded,34765,
2026-07-17,NSE,ULTRACEMCO,raw_l2/trade_date=2026-07-17/exchange=NSE/symbol=ULTRACEMCO/part-082941_288106-038687.parquet,real_data_sample\l2_unseen_validation\trade_date=2026-07-17\exchange=NSE\symbol=ULTRACEMCO\part-082941_288106-038687.parquet,34615,downloaded,34615,
2026-07-17,NSE,ULTRACEMCO,raw_l2/trade_date=2026-07-17/exchange=NSE/symbol=ULTRACEMCO/part-083053_639728-038847.parquet,real_data_sample\l2_unseen_validation\trade_date=2026-07-17\exchange=NSE\symbol=ULTRACEMCO\part-083053_639728-038847.parquet,34741,downloaded,34741,
2026-07-17,NSE,ULTRACEMCO,raw_l2/trade_date=2026-07-17/exchange=NSE/symbol=ULTRACEMCO/part-083123_074947-038911.parquet,real_data_sample\l2_unseen_validation\trade_date=2026-07-17\exchange=NSE\symbol=ULTRACEMCO\part-083123_074947-038911.parquet,34488,downloaded,34488,
2026-07-17,NSE,ULTRACEMCO,raw_l2/trade_date=2026-07-17/exchange=NSE/symbol=ULTRACEMCO/part-083221_313468-039039.parquet,real_data_sample\l2_unseen_validation\trade_date=2026-07-17\exchange=NSE\symbol=ULTRACEMCO\part-083221_313468-039039.parquet,34774,downloaded,34774,
2026-07-17,NSE,ULTRACEMCO,raw_l2/trade_date=2026-07-17/exchange=NSE/symbol=ULTRACEMCO/part-083206_490530-039007.parquet,real_data_sample\l2_unseen_validation\trade_date=2026-07-17\exchange=NSE\symbol=ULTRACEMCO\part-083206_490530-039007.parquet,34704,downloaded,34704,
2026-07-17,NSE,ULTRACEMCO,raw_l2/trade_date=2026-07-17/exchange=NSE/symbol=ULTRACEMCO/part-083152_038593-038975.parquet,real_data_sample\l2_unseen_validation\trade_date=2026-07-17\exchange=NSE\symbol=ULTRACEMCO\part-083152_038593-038975.parquet,34820,downloaded,34820,
2026-07-17,NSE,ULTRACEMCO,raw_l2/trade_date=2026-07-17/exchange=NSE/symbol=ULTRACEMCO/part-083137_812810-038943.parquet,real_data_sample\l2_unseen_validation\trade_date=2026-07-17\exchange=NSE\symbol=ULTRACEMCO\part-083137_812810-038943.parquet,34524,downloaded,34524,
2026-07-17,NSE,ULTRACEMCO,raw_l2/trade_date=2026-07-17/exchange=NSE/symbol=ULTRACEMCO/part-083235_879638-039071.parquet,real_data_sample\l2_unseen_validation\trade_date=2026-07-17\exchange=NSE\symbol=ULTRACEMCO\part-083235_879638-039071.parquet,35523,downloaded,35523,
2026-07-17,NSE,ULTRACEMCO,raw_l2/trade_date=2026-07-17/exchange=NSE/symbol=ULTRACEMCO/part-083305_030789-039135.parquet,real_data_sample\l2_unseen_validation\trade_date=2026-07-17\exchange=NSE\symbol=ULTRACEMCO\part-083305_030789-039135.parquet,35121,downloaded,35121,
2026-07-17,NSE,ULTRACEMCO,raw_l2/trade_date=2026-07-17/exchange=NSE/symbol=ULTRACEMCO/part-083250_525028-039103.parquet,real_data_sample\l2_unseen_validation\trade_date=2026-07-17\exchange=NSE\symbol=ULTRACEMCO\part-083250_525028-039103.parquet,35328,downloaded,35328,
2026-07-17,NSE,ULTRACEMCO,raw_l2/trade_date=2026-07-17/exchange=NSE/symbol=ULTRACEMCO/part-083333_968447-039199.parquet,real_data_sample\l2_unseen_validation\trade_date=2026-07-17\exchange=NSE\symbol=ULTRACEMCO\part-083333_968447-039199.parquet,34742,downloaded,34742,
2026-07-17,NSE,ULTRACEMCO,raw_l2/trade_date=2026-07-17/exchange=NSE/symbol=ULTRACEMCO/part-083348_228344-039231.parquet,real_data_sample\l2_unseen_validation\trade_date=2026-07-17\exchange=NSE\symbol=ULTRACEMCO\part-083348_228344-039231.parquet,34485,downloaded,34485,
2026-07-17,NSE,ULTRACEMCO,raw_l2/trade_date=2026-07-17/exchange=NSE/symbol=ULTRACEMCO/part-083402_716713-039263.parquet,real_data_sample\l2_unseen_validation\trade_date=2026-07-17\exchange=NSE\symbol=ULTRACEMCO\part-083402_716713-039263.parquet,34571,downloaded,34571,
2026-07-17,NSE,ULTRACEMCO,raw_l2/trade_date=2026-07-17/exchange=NSE/symbol=ULTRACEMCO/part-083416_941553-039295.parquet,real_data_sample\l2_unseen_validation\trade_date=2026-07-17\exchange=NSE\symbol=ULTRACEMCO\part-083416_941553-039295.parquet,34681,downloaded,34681,
2026-07-17,NSE,ULTRACEMCO,raw_l2/trade_date=2026-07-17/exchange=NSE/symbol=ULTRACEMCO/part-083319_649253-039167.parquet,real_data_sample\l2_unseen_validation\trade_date=2026-07-17\exchange=NSE\symbol=ULTRACEMCO\part-083319_649253-039167.parquet,34945,downloaded,34945,
2026-07-17,NSE,ULTRACEMCO,raw_l2/trade_date=2026-07-17/exchange=NSE/symbol=ULTRACEMCO/part-083431_238597-039327.parquet,real_data_sample\l2_unseen_validation\trade_date=2026-07-17\exchange=NSE\symbol=ULTRACEMCO\part-083431_238597-039327.parquet,34658,downloaded,34658,
2026-07-17,NSE,ULTRACEMCO,raw_l2/trade_date=2026-07-17/exchange=NSE/symbol=ULTRACEMCO/part-083819_234761-039839.parquet,real_data_sample\l2_unseen_validation\trade_date=2026-07-17\exchange=NSE\symbol=ULTRACEMCO\part-083819_234761-039839.parquet,34555,downloaded,34555,
2026-07-17,NSE,ULTRACEMCO,raw_l2/trade_date=2026-07-17/exchange=NSE/symbol=ULTRACEMCO/part-083528_456100-039455.parquet,real_data_sample\l2_unseen_validation\trade_date=2026-07-17\exchange=NSE\symbol=ULTRACEMCO\part-083528_456100-039455.parquet,34620,downloaded,34620,
2026-07-17,NSE,ULTRACEMCO,raw_l2/trade_date=2026-07-17/exchange=NSE/symbol=ULTRACEMCO/part-083445_624070-039359.parquet,real_data_sample\l2_unseen_validation\trade_date=2026-07-17\exchange=NSE\symbol=ULTRACEMCO\part-083445_624070-039359.parquet,34519,downloaded,34519,
2026-07-17,NSE,ULTRACEMCO,raw_l2/trade_date=2026-07-17/exchange=NSE/symbol=ULTRACEMCO/part-083500_239554-039391.parquet,real_data_sample\l2_unseen_validation\trade_date=2026-07-17\exchange=NSE\symbol=ULTRACEMCO\part-083500_239554-039391.parquet,34702,downloaded,34702,
2026-07-17,NSE,ULTRACEMCO,raw_l2/trade_date=2026-07-17/exchange=NSE/symbol=ULTRACEMCO/part-083514_284906-039423.parquet,real_data_sample\l2_unseen_validation\trade_date=2026-07-17\exchange=NSE\symbol=ULTRACEMCO\part-083514_284906-039423.parquet,34678,downloaded,34678,
2026-07-17,NSE,ULTRACEMCO,raw_l2/trade_date=2026-07-17/exchange=NSE/symbol=ULTRACEMCO/part-083750_580887-039775.parquet,real_data_sample\l2_unseen_validation\trade_date=2026-07-17\exchange=NSE\symbol=ULTRACEMCO\part-083750_580887-039775.parquet,34525,downloaded,34525,
2026-07-17,NSE,ULTRACEMCO,raw_l2/trade_date=2026-07-17/exchange=NSE/symbol=ULTRACEMCO/part-083707_870354-039679.parquet,real_data_sample\l2_unseen_validation\trade_date=2026-07-17\exchange=NSE\symbol=ULTRACEMCO\part-083707_870354-039679.parquet,34496,downloaded,34496,
2026-07-17,NSE,ULTRACEMCO,raw_l2/trade_date=2026-07-17/exchange=NSE/symbol=ULTRACEMCO/part-083804_943437-039807.parquet,real_data_sample\l2_unseen_validation\trade_date=2026-07-17\exchange=NSE\symbol=ULTRACEMCO\part-083804_943437-039807.parquet,34459,downloaded,34459,
2026-07-17,NSE,ULTRACEMCO,raw_l2/trade_date=2026-07-17/exchange=NSE/symbol=ULTRACEMCO/part-083653_834143-039647.parquet,real_data_sample\l2_unseen_validation\trade_date=2026-07-17\exchange=NSE\symbol=ULTRACEMCO\part-083653_834143-039647.parquet,34471,downloaded,34471,
2026-07-17,NSE,ULTRACEMCO,raw_l2/trade_date=2026-07-17/exchange=NSE/symbol=ULTRACEMCO/part-083639_540748-039615.parquet,real_data_sample\l2_unseen_validation\trade_date=2026-07-17\exchange=NSE\symbol=ULTRACEMCO\part-083639_540748-039615.parquet,34510,downloaded,34510,
2026-07-17,NSE,ULTRACEMCO,raw_l2/trade_date=2026-07-17/exchange=NSE/symbol=ULTRACEMCO/part-083722_100856-039711.parquet,real_data_sample\l2_unseen_validation\trade_date=2026-07-17\exchange=NSE\symbol=ULTRACEMCO\part-083722_100856-039711.parquet,34515,downloaded,34515,
2026-07-17,NSE,ULTRACEMCO,raw_l2/trade_date=2026-07-17/exchange=NSE/symbol=ULTRACEMCO/part-083556_629286-039519.parquet,real_data_sample\l2_unseen_validation\trade_date=2026-07-17\exchange=NSE\symbol=ULTRACEMCO\part-083556_629286-039519.parquet,34739,downloaded,34739,
2026-07-17,NSE,ULTRACEMCO,raw_l2/trade_date=2026-07-17/exchange=NSE/symbol=ULTRACEMCO/part-083736_395550-039743.parquet,real_data_sample\l2_unseen_validation\trade_date=2026-07-17\exchange=NSE\symbol=ULTRACEMCO\part-083736_395550-039743.parquet,34393,downloaded,34393,
2026-07-17,NSE,ULTRACEMCO,raw_l2/trade_date=2026-07-17/exchange=NSE/symbol=ULTRACEMCO/part-083625_281788-039583.parquet,real_data_sample\l2_unseen_validation\trade_date=2026-07-17\exchange=NSE\symbol=ULTRACEMCO\part-083625_281788-039583.parquet,34636,downloaded,34636,
2026-07-17,NSE,ULTRACEMCO,raw_l2/trade_date=2026-07-17/exchange=NSE/symbol=ULTRACEMCO/part-083611_151048-039551.parquet,real_data_sample\l2_unseen_validation\trade_date=2026-07-17\exchange=NSE\symbol=ULTRACEMCO\part-083611_151048-039551.parquet,34646,downloaded,34646,
2026-07-17,NSE,ULTRACEMCO,raw_l2/trade_date=2026-07-17/exchange=NSE/symbol=ULTRACEMCO/part-083833_711008-039871.parquet,real_data_sample\l2_unseen_validation\trade_date=2026-07-17\exchange=NSE\symbol=ULTRACEMCO\part-083833_711008-039871.parquet,35600,downloaded,35600,
2026-07-17,NSE,ULTRACEMCO,raw_l2/trade_date=2026-07-17/exchange=NSE/symbol=ULTRACEMCO/part-083542_563910-039487.parquet,real_data_sample\l2_unseen_validation\trade_date=2026-07-17\exchange=NSE\symbol=ULTRACEMCO\part-083542_563910-039487.parquet,34362,downloaded,34362,
2026-07-17,NSE,ULTRACEMCO,raw_l2/trade_date=2026-07-17/exchange=NSE/symbol=ULTRACEMCO/part-083902_296360-039935.parquet,real_data_sample\l2_unseen_validation\trade_date=2026-07-17\exchange=NSE\symbol=ULTRACEMCO\part-083902_296360-039935.parquet,34961,downloaded,34961,
2026-07-17,NSE,ULTRACEMCO,raw_l2/trade_date=2026-07-17/exchange=NSE/symbol=ULTRACEMCO/part-083945_129023-040031.parquet,real_data_sample\l2_unseen_validation\trade_date=2026-07-17\exchange=NSE\symbol=ULTRACEMCO\part-083945_129023-040031.parquet,34804,downloaded,34804,
2026-07-17,NSE,ULTRACEMCO,raw_l2/trade_date=2026-07-17/exchange=NSE/symbol=ULTRACEMCO/part-083847_816288-039903.parquet,real_data_sample\l2_unseen_validation\trade_date=2026-07-17\exchange=NSE\symbol=ULTRACEMCO\part-083847_816288-039903.parquet,35366,downloaded,35366,
2026-07-17,NSE,ULTRACEMCO,raw_l2/trade_date=2026-07-17/exchange=NSE/symbol=ULTRACEMCO/part-083916_513164-039967.parquet,real_data_sample\l2_unseen_validation\trade_date=2026-07-17\exchange=NSE\symbol=ULTRACEMCO\part-083916_513164-039967.parquet,34623,downloaded,34623,
2026-07-17,NSE,ULTRACEMCO,raw_l2/trade_date=2026-07-17/exchange=NSE/symbol=ULTRACEMCO/part-083930_972762-039999.parquet,real_data_sample\l2_unseen_validation\trade_date=2026-07-17\exchange=NSE\symbol=ULTRACEMCO\part-083930_972762-039999.parquet,34534,downloaded,34534,
2026-07-17,NSE,ULTRACEMCO,raw_l2/trade_date=2026-07-17/exchange=NSE/symbol=ULTRACEMCO/part-083959_690730-040063.parquet,real_data_sample\l2_unseen_validation\trade_date=2026-07-17\exchange=NSE\symbol=ULTRACEMCO\part-083959_690730-040063.parquet,34571,downloaded,34571,
2026-07-17,NSE,ULTRACEMCO,raw_l2/trade_date=2026-07-17/exchange=NSE/symbol=ULTRACEMCO/part-084013_824627-040095.parquet,real_data_sample\l2_unseen_validation\trade_date=2026-07-17\exchange=NSE\symbol=ULTRACEMCO\part-084013_824627-040095.parquet,34577,downloaded,34577,
2026-07-17,NSE,ULTRACEMCO,raw_l2/trade_date=2026-07-17/exchange=NSE/symbol=ULTRACEMCO/part-084028_056897-040127.parquet,real_data_sample\l2_unseen_validation\trade_date=2026-07-17\exchange=NSE\symbol=ULTRACEMCO\part-084028_056897-040127.parquet,34920,downloaded,34920,
2026-07-17,NSE,ULTRACEMCO,raw_l2/trade_date=2026-07-17/exchange=NSE/symbol=ULTRACEMCO/part-084042_487870-040159.parquet,real_data_sample\l2_unseen_validation\trade_date=2026-07-17\exchange=NSE\symbol=ULTRACEMCO\part-084042_487870-040159.parquet,34697,downloaded,34697,
2026-07-17,NSE,ULTRACEMCO,raw_l2/trade_date=2026-07-17/exchange=NSE/symbol=ULTRACEMCO/part-084056_940324-040191.parquet,real_data_sample\l2_unseen_validation\trade_date=2026-07-17\exchange=NSE\symbol=ULTRACEMCO\part-084056_940324-040191.parquet,34580,downloaded,34580,
2026-07-17,NSE,ULTRACEMCO,raw_l2/trade_date=2026-07-17/exchange=NSE/symbol=ULTRACEMCO/part-084139_746861-040287.parquet,real_data_sample\l2_unseen_validation\trade_date=2026-07-17\exchange=NSE\symbol=ULTRACEMCO\part-084139_746861-040287.parquet,35864,downloaded,35864,
2026-07-17,NSE,ULTRACEMCO,raw_l2/trade_date=2026-07-17/exchange=NSE/symbol=ULTRACEMCO/part-084320_268096-040511.parquet,real_data_sample\l2_unseen_validation\trade_date=2026-07-17\exchange=NSE\symbol=ULTRACEMCO\part-084320_268096-040511.parquet,35349,downloaded,35349,
2026-07-17,NSE,ULTRACEMCO,raw_l2/trade_date=2026-07-17/exchange=NSE/symbol=ULTRACEMCO/part-084305_753495-040479.parquet,real_data_sample\l2_unseen_validation\trade_date=2026-07-17\exchange=NSE\symbol=ULTRACEMCO\part-084305_753495-040479.parquet,35749,downloaded,35749,
2026-07-17,NSE,ULTRACEMCO,raw_l2/trade_date=2026-07-17/exchange=NSE/symbol=ULTRACEMCO/part-084334_779004-040543.parquet,real_data_sample\l2_unseen_validation\trade_date=2026-07-17\exchange=NSE\symbol=ULTRACEMCO\part-084334_779004-040543.parquet,35402,downloaded,35402,
2026-07-17,NSE,ULTRACEMCO,raw_l2/trade_date=2026-07-17/exchange=NSE/symbol=ULTRACEMCO/part-084154_120955-040319.parquet,real_data_sample\l2_unseen_validation\trade_date=2026-07-17\exchange=NSE\symbol=ULTRACEMCO\part-084154_120955-040319.parquet,35297,downloaded,35297,
2026-07-17,NSE,ULTRACEMCO,raw_l2/trade_date=2026-07-17/exchange=NSE/symbol=ULTRACEMCO/part-084208_517369-040351.parquet,real_data_sample\l2_unseen_validation\trade_date=2026-07-17\exchange=NSE\symbol=ULTRACEMCO\part-084208_517369-040351.parquet,35527,downloaded,35527,
2026-07-17,NSE,ULTRACEMCO,raw_l2/trade_date=2026-07-17/exchange=NSE/symbol=ULTRACEMCO/part-084237_176499-040415.parquet,real_data_sample\l2_unseen_validation\trade_date=2026-07-17\exchange=NSE\symbol=ULTRACEMCO\part-084237_176499-040415.parquet,35373,downloaded,35373,
2026-07-17,NSE,ULTRACEMCO,raw_l2/trade_date=2026-07-17/exchange=NSE/symbol=ULTRACEMCO/part-084349_232019-040575.parquet,real_data_sample\l2_unseen_validation\trade_date=2026-07-17\exchange=NSE\symbol=ULTRACEMCO\part-084349_232019-040575.parquet,34680,downloaded,34680,
2026-07-17,NSE,ULTRACEMCO,raw_l2/trade_date=2026-07-17/exchange=NSE/symbol=ULTRACEMCO/part-084222_898060-040383.parquet,real_data_sample\l2_unseen_validation\trade_date=2026-07-17\exchange=NSE\symbol=ULTRACEMCO\part-084222_898060-040383.parquet,35281,downloaded,35281,
2026-07-17,NSE,ULTRACEMCO,raw_l2/trade_date=2026-07-17/exchange=NSE/symbol=ULTRACEMCO/part-084125_327220-040255.parquet,real_data_sample\l2_unseen_validation\trade_date=2026-07-17\exchange=NSE\symbol=ULTRACEMCO\part-084125_327220-040255.parquet,35554,downloaded,35554,
2026-07-17,NSE,ULTRACEMCO,raw_l2/trade_date=2026-07-17/exchange=NSE/symbol=ULTRACEMCO/part-084110_967899-040223.parquet,real_data_sample\l2_unseen_validation\trade_date=2026-07-17\exchange=NSE\symbol=ULTRACEMCO\part-084110_967899-040223.parquet,34728,downloaded,34728,
2026-07-17,NSE,ULTRACEMCO,raw_l2/trade_date=2026-07-17/exchange=NSE/symbol=ULTRACEMCO/part-084251_672893-040447.parquet,real_data_sample\l2_unseen_validation\trade_date=2026-07-17\exchange=NSE\symbol=ULTRACEMCO\part-084251_672893-040447.parquet,35343,downloaded,35343,
2026-07-17,NSE,ULTRACEMCO,raw_l2/trade_date=2026-07-17/exchange=NSE/symbol=ULTRACEMCO/part-084446_884572-040703.parquet,real_data_sample\l2_unseen_validation\trade_date=2026-07-17\exchange=NSE\symbol=ULTRACEMCO\part-084446_884572-040703.parquet,34770,downloaded,34770,
2026-07-17,NSE,ULTRACEMCO,raw_l2/trade_date=2026-07-17/exchange=NSE/symbol=ULTRACEMCO/part-084418_181815-040639.parquet,real_data_sample\l2_unseen_validation\trade_date=2026-07-17\exchange=NSE\symbol=ULTRACEMCO\part-084418_181815-040639.parquet,35271,downloaded,35271,
2026-07-17,NSE,ULTRACEMCO,raw_l2/trade_date=2026-07-17/exchange=NSE/symbol=ULTRACEMCO/part-084403_725317-040607.parquet,real_data_sample\l2_unseen_validation\trade_date=2026-07-17\exchange=NSE\symbol=ULTRACEMCO\part-084403_725317-040607.parquet,35678,downloaded,35678,
2026-07-17,NSE,ULTRACEMCO,raw_l2/trade_date=2026-07-17/exchange=NSE/symbol=ULTRACEMCO/part-084432_676380-040671.parquet,real_data_sample\l2_unseen_validation\trade_date=2026-07-17\exchange=NSE\symbol=ULTRACEMCO\part-084432_676380-040671.parquet,34868,downloaded,34868,
2026-07-17,NSE,ULTRACEMCO,raw_l2/trade_date=2026-07-17/exchange=NSE/symbol=ULTRACEMCO/part-084501_537937-040735.parquet,real_data_sample\l2_unseen_validation\trade_date=2026-07-17\exchange=NSE\symbol=ULTRACEMCO\part-084501_537937-040735.parquet,34816,downloaded,34816,
2026-07-17,NSE,ULTRACEMCO,raw_l2/trade_date=2026-07-17/exchange=NSE/symbol=ULTRACEMCO/part-081510_259781-036735.parquet,real_data_sample\l2_unseen_validation\trade_date=2026-07-17\exchange=NSE\symbol=ULTRACEMCO\part-081510_259781-036735.parquet,34972,downloaded,34972,
2026-07-17,NSE,ULTRACEMCO,raw_l2/trade_date=2026-07-17/exchange=NSE/symbol=ULTRACEMCO/part-084515_770858-040767.parquet,real_data_sample\l2_unseen_validation\trade_date=2026-07-17\exchange=NSE\symbol=ULTRACEMCO\part-084515_770858-040767.parquet,35308,downloaded,35308,
2026-07-17,NSE,ULTRACEMCO,raw_l2/trade_date=2026-07-17/exchange=NSE/symbol=ULTRACEMCO/part-084530_243493-040799.parquet,real_data_sample\l2_unseen_validation\trade_date=2026-07-17\exchange=NSE\symbol=ULTRACEMCO\part-084530_243493-040799.parquet,36506,downloaded,36506,
2026-07-17,NSE,ULTRACEMCO,raw_l2/trade_date=2026-07-17/exchange=NSE/symbol=ULTRACEMCO/part-084558_978420-040863.parquet,real_data_sample\l2_unseen_validation\trade_date=2026-07-17\exchange=NSE\symbol=ULTRACEMCO\part-084558_978420-040863.parquet,36034,downloaded,36034,
2026-07-17,NSE,ULTRACEMCO,raw_l2/trade_date=2026-07-17/exchange=NSE/symbol=ULTRACEMCO/part-084613_340857-040895.parquet,real_data_sample\l2_unseen_validation\trade_date=2026-07-17\exchange=NSE\symbol=ULTRACEMCO\part-084613_340857-040895.parquet,36069,downloaded,36069,
2026-07-17,NSE,ULTRACEMCO,raw_l2/trade_date=2026-07-17/exchange=NSE/symbol=ULTRACEMCO/part-084544_563454-040831.parquet,real_data_sample\l2_unseen_validation\trade_date=2026-07-17\exchange=NSE\symbol=ULTRACEMCO\part-084544_563454-040831.parquet,35765,downloaded,35765,
2026-07-17,NSE,ULTRACEMCO,raw_l2/trade_date=2026-07-17/exchange=NSE/symbol=ULTRACEMCO/part-084627_502031-040927.parquet,real_data_sample\l2_unseen_validation\trade_date=2026-07-17\exchange=NSE\symbol=ULTRACEMCO\part-084627_502031-040927.parquet,36013,downloaded,36013,
2026-07-17,NSE,ULTRACEMCO,raw_l2/trade_date=2026-07-17/exchange=NSE/symbol=ULTRACEMCO/part-084753_034989-041119.parquet,real_data_sample\l2_unseen_validation\trade_date=2026-07-17\exchange=NSE\symbol=ULTRACEMCO\part-084753_034989-041119.parquet,36220,downloaded,36220,
2026-07-17,NSE,ULTRACEMCO,raw_l2/trade_date=2026-07-17/exchange=NSE/symbol=ULTRACEMCO/part-084836_133771-041215.parquet,real_data_sample\l2_unseen_validation\trade_date=2026-07-17\exchange=NSE\symbol=ULTRACEMCO\part-084836_133771-041215.parquet,35171,downloaded,35171,
2026-07-17,NSE,ULTRACEMCO,raw_l2/trade_date=2026-07-17/exchange=NSE/symbol=ULTRACEMCO/part-084807_383737-041151.parquet,real_data_sample\l2_unseen_validation\trade_date=2026-07-17\exchange=NSE\symbol=ULTRACEMCO\part-084807_383737-041151.parquet,35193,downloaded,35193,
2026-07-17,NSE,ULTRACEMCO,raw_l2/trade_date=2026-07-17/exchange=NSE/symbol=ULTRACEMCO/part-084850_501592-041247.parquet,real_data_sample\l2_unseen_validation\trade_date=2026-07-17\exchange=NSE\symbol=ULTRACEMCO\part-084850_501592-041247.parquet,34934,downloaded,34934,
2026-07-17,NSE,ULTRACEMCO,raw_l2/trade_date=2026-07-17/exchange=NSE/symbol=ULTRACEMCO/part-084919_944173-041311.parquet,real_data_sample\l2_unseen_validation\trade_date=2026-07-17\exchange=NSE\symbol=ULTRACEMCO\part-084919_944173-041311.parquet,34937,downloaded,34937,
2026-07-17,NSE,ULTRACEMCO,raw_l2/trade_date=2026-07-17/exchange=NSE/symbol=ULTRACEMCO/part-084934_254703-041343.parquet,real_data_sample\l2_unseen_validation\trade_date=2026-07-17\exchange=NSE\symbol=ULTRACEMCO\part-084934_254703-041343.parquet,34639,downloaded,34639,
2026-07-17,NSE,ULTRACEMCO,raw_l2/trade_date=2026-07-17/exchange=NSE/symbol=ULTRACEMCO/part-084821_655964-041183.parquet,real_data_sample\l2_unseen_validation\trade_date=2026-07-17\exchange=NSE\symbol=ULTRACEMCO\part-084821_655964-041183.parquet,35447,downloaded,35447,
2026-07-17,NSE,ULTRACEMCO,raw_l2/trade_date=2026-07-17/exchange=NSE/symbol=ULTRACEMCO/part-081926_227321-037311.parquet,real_data_sample\l2_unseen_validation\trade_date=2026-07-17\exchange=NSE\symbol=ULTRACEMCO\part-081926_227321-037311.parquet,35564,downloaded,35564,
2026-07-17,NSE,ULTRACEMCO,raw_l2/trade_date=2026-07-17/exchange=NSE/symbol=ULTRACEMCO/part-084904_974080-041279.parquet,real_data_sample\l2_unseen_validation\trade_date=2026-07-17\exchange=NSE\symbol=ULTRACEMCO\part-084904_974080-041279.parquet,35584,downloaded,35584,
2026-07-17,NSE,ULTRACEMCO,raw_l2/trade_date=2026-07-17/exchange=NSE/symbol=ULTRACEMCO/part-084710_342786-041023.parquet,real_data_sample\l2_unseen_validation\trade_date=2026-07-17\exchange=NSE\symbol=ULTRACEMCO\part-084710_342786-041023.parquet,36149,downloaded,36149,
2026-07-17,NSE,ULTRACEMCO,raw_l2/trade_date=2026-07-17/exchange=NSE/symbol=ULTRACEMCO/part-085003_253471-041407.parquet,real_data_sample\l2_unseen_validation\trade_date=2026-07-17\exchange=NSE\symbol=ULTRACEMCO\part-085003_253471-041407.parquet,34737,downloaded,34737,
2026-07-17,NSE,ULTRACEMCO,raw_l2/trade_date=2026-07-17/exchange=NSE/symbol=ULTRACEMCO/part-085017_633879-041439.parquet,real_data_sample\l2_unseen_validation\trade_date=2026-07-17\exchange=NSE\symbol=ULTRACEMCO\part-085017_633879-041439.parquet,34540,downloaded,34540,
2026-07-17,NSE,ULTRACEMCO,raw_l2/trade_date=2026-07-17/exchange=NSE/symbol=ULTRACEMCO/part-084641_935703-040959.parquet,real_data_sample\l2_unseen_validation\trade_date=2026-07-17\exchange=NSE\symbol=ULTRACEMCO\part-084641_935703-040959.parquet,35952,downloaded,35952,
2026-07-17,NSE,ULTRACEMCO,raw_l2/trade_date=2026-07-17/exchange=NSE/symbol=ULTRACEMCO/part-084724_452803-041055.parquet,real_data_sample\l2_unseen_validation\trade_date=2026-07-17\exchange=NSE\symbol=ULTRACEMCO\part-084724_452803-041055.parquet,35853,downloaded,35853,
2026-07-17,NSE,ULTRACEMCO,raw_l2/trade_date=2026-07-17/exchange=NSE/symbol=ULTRACEMCO/part-084656_113443-040991.parquet,real_data_sample\l2_unseen_validation\trade_date=2026-07-17\exchange=NSE\symbol=ULTRACEMCO\part-084656_113443-040991.parquet,36099,downloaded,36099,
2026-07-17,NSE,ULTRACEMCO,raw_l2/trade_date=2026-07-17/exchange=NSE/symbol=ULTRACEMCO/part-084738_729684-041087.parquet,real_data_sample\l2_unseen_validation\trade_date=2026-07-17\exchange=NSE\symbol=ULTRACEMCO\part-084738_729684-041087.parquet,35995,downloaded,35995,
2026-07-17,NSE,ULTRACEMCO,raw_l2/trade_date=2026-07-17/exchange=NSE/symbol=ULTRACEMCO/part-084948_720029-041375.parquet,real_data_sample\l2_unseen_validation\trade_date=2026-07-17\exchange=NSE\symbol=ULTRACEMCO\part-084948_720029-041375.parquet,34546,downloaded,34546,
2026-07-17,NSE,ULTRACEMCO,raw_l2/trade_date=2026-07-17/exchange=NSE/symbol=ULTRACEMCO/part-081940_544532-037343.parquet,real_data_sample\l2_unseen_validation\trade_date=2026-07-17\exchange=NSE\symbol=ULTRACEMCO\part-081940_544532-037343.parquet,35432,downloaded,35432,
2026-07-17,NSE,ULTRACEMCO,raw_l2/trade_date=2026-07-17/exchange=NSE/symbol=ULTRACEMCO/part-085031_948382-041471.parquet,real_data_sample\l2_unseen_validation\trade_date=2026-07-17\exchange=NSE\symbol=ULTRACEMCO\part-085031_948382-041471.parquet,34540,downloaded,34540,
2026-07-17,NSE,ULTRACEMCO,raw_l2/trade_date=2026-07-17/exchange=NSE/symbol=ULTRACEMCO/part-081552_409995-036831.parquet,real_data_sample\l2_unseen_validation\trade_date=2026-07-17\exchange=NSE\symbol=ULTRACEMCO\part-081552_409995-036831.parquet,35052,downloaded,35052,
2026-07-17,NSE,ULTRACEMCO,raw_l2/trade_date=2026-07-17/exchange=NSE/symbol=ULTRACEMCO/part-081524_500365-036767.parquet,real_data_sample\l2_unseen_validation\trade_date=2026-07-17\exchange=NSE\symbol=ULTRACEMCO\part-081524_500365-036767.parquet,35027,downloaded,35027,
2026-07-17,NSE,ULTRACEMCO,raw_l2/trade_date=2026-07-17/exchange=NSE/symbol=ULTRACEMCO/part-081620_394241-036895.parquet,real_data_sample\l2_unseen_validation\trade_date=2026-07-17\exchange=NSE\symbol=ULTRACEMCO\part-081620_394241-036895.parquet,34885,downloaded,34885,
2026-07-17,NSE,ULTRACEMCO,raw_l2/trade_date=2026-07-17/exchange=NSE/symbol=ULTRACEMCO/part-081648_552031-036959.parquet,real_data_sample\l2_unseen_validation\trade_date=2026-07-17\exchange=NSE\symbol=ULTRACEMCO\part-081648_552031-036959.parquet,34919,downloaded,34919,
2026-07-17,NSE,ULTRACEMCO,raw_l2/trade_date=2026-07-17/exchange=NSE/symbol=ULTRACEMCO/part-081717_030486-037023.parquet,real_data_sample\l2_unseen_validation\trade_date=2026-07-17\exchange=NSE\symbol=ULTRACEMCO\part-081717_030486-037023.parquet,34895,downloaded,34895,
2026-07-17,NSE,ULTRACEMCO,raw_l2/trade_date=2026-07-17/exchange=NSE/symbol=ULTRACEMCO/part-085046_331125-041503.parquet,real_data_sample\l2_unseen_validation\trade_date=2026-07-17\exchange=NSE\symbol=ULTRACEMCO\part-085046_331125-041503.parquet,34693,downloaded,34693,
2026-07-17,NSE,ULTRACEMCO,raw_l2/trade_date=2026-07-17/exchange=NSE/symbol=ULTRACEMCO/part-081538_470044-036799.parquet,real_data_sample\l2_unseen_validation\trade_date=2026-07-17\exchange=NSE\symbol=ULTRACEMCO\part-081538_470044-036799.parquet,35123,downloaded,35123,
2026-07-17,NSE,ULTRACEMCO,raw_l2/trade_date=2026-07-17/exchange=NSE/symbol=ULTRACEMCO/part-085115_737445-041567.parquet,real_data_sample\l2_unseen_validation\trade_date=2026-07-17\exchange=NSE\symbol=ULTRACEMCO\part-085115_737445-041567.parquet,34542,downloaded,34542,
2026-07-17,NSE,ULTRACEMCO,raw_l2/trade_date=2026-07-17/exchange=NSE/symbol=ULTRACEMCO/part-085101_137486-041535.parquet,real_data_sample\l2_unseen_validation\trade_date=2026-07-17\exchange=NSE\symbol=ULTRACEMCO\part-085101_137486-041535.parquet,34625,downloaded,34625,
2026-07-17,NSE,ULTRACEMCO,raw_l2/trade_date=2026-07-17/exchange=NSE/symbol=ULTRACEMCO/part-085129_961034-041599.parquet,real_data_sample\l2_unseen_validation\trade_date=2026-07-17\exchange=NSE\symbol=ULTRACEMCO\part-085129_961034-041599.parquet,34560,downloaded,34560,
2026-07-17,NSE,ULTRACEMCO,raw_l2/trade_date=2026-07-17/exchange=NSE/symbol=ULTRACEMCO/part-085213_540353-041695.parquet,real_data_sample\l2_unseen_validation\trade_date=2026-07-17\exchange=NSE\symbol=ULTRACEMCO\part-085213_540353-041695.parquet,34812,downloaded,34812,
2026-07-17,NSE,ULTRACEMCO,raw_l2/trade_date=2026-07-17/exchange=NSE/symbol=ULTRACEMCO/part-085144_398263-041631.parquet,real_data_sample\l2_unseen_validation\trade_date=2026-07-17\exchange=NSE\symbol=ULTRACEMCO\part-085144_398263-041631.parquet,34627,downloaded,34627,
2026-07-17,NSE,ULTRACEMCO,raw_l2/trade_date=2026-07-17/exchange=NSE/symbol=ULTRACEMCO/part-085159_049968-041663.parquet,real_data_sample\l2_unseen_validation\trade_date=2026-07-17\exchange=NSE\symbol=ULTRACEMCO\part-085159_049968-041663.parquet,34719,downloaded,34719,
2026-07-17,NSE,ULTRACEMCO,raw_l2/trade_date=2026-07-17/exchange=NSE/symbol=ULTRACEMCO/part-085228_428550-041727.parquet,real_data_sample\l2_unseen_validation\trade_date=2026-07-17\exchange=NSE\symbol=ULTRACEMCO\part-085228_428550-041727.parquet,34518,downloaded,34518,
2026-07-17,NSE,ULTRACEMCO,raw_l2/trade_date=2026-07-17/exchange=NSE/symbol=ULTRACEMCO/part-085243_149292-041759.parquet,real_data_sample\l2_unseen_validation\trade_date=2026-07-17\exchange=NSE\symbol=ULTRACEMCO\part-085243_149292-041759.parquet,34537,downloaded,34537,
2026-07-17,NSE,ULTRACEMCO,raw_l2/trade_date=2026-07-17/exchange=NSE/symbol=ULTRACEMCO/part-085327_888886-041855.parquet,real_data_sample\l2_unseen_validation\trade_date=2026-07-17\exchange=NSE\symbol=ULTRACEMCO\part-085327_888886-041855.parquet,34636,downloaded,34636,
2026-07-17,NSE,ULTRACEMCO,raw_l2/trade_date=2026-07-17/exchange=NSE/symbol=ULTRACEMCO/part-085425_258888-041983.parquet,real_data_sample\l2_unseen_validation\trade_date=2026-07-17\exchange=NSE\symbol=ULTRACEMCO\part-085425_258888-041983.parquet,34675,downloaded,34675,
2026-07-17,NSE,ULTRACEMCO,raw_l2/trade_date=2026-07-17/exchange=NSE/symbol=ULTRACEMCO/part-081634_417756-036927.parquet,real_data_sample\l2_unseen_validation\trade_date=2026-07-17\exchange=NSE\symbol=ULTRACEMCO\part-081634_417756-036927.parquet,34552,downloaded,34552,
2026-07-17,NSE,ULTRACEMCO,raw_l2/trade_date=2026-07-17/exchange=NSE/symbol=ULTRACEMCO/part-085312_997479-041823.parquet,real_data_sample\l2_unseen_validation\trade_date=2026-07-17\exchange=NSE\symbol=ULTRACEMCO\part-085312_997479-041823.parquet,34445,downloaded,34445,
2026-07-17,NSE,ULTRACEMCO,raw_l2/trade_date=2026-07-17/exchange=NSE/symbol=ULTRACEMCO/part-085454_060394-042047.parquet,real_data_sample\l2_unseen_validation\trade_date=2026-07-17\exchange=NSE\symbol=ULTRACEMCO\part-085454_060394-042047.parquet,34559,downloaded,34559,
2026-07-17,NSE,ULTRACEMCO,raw_l2/trade_date=2026-07-17/exchange=NSE/symbol=ULTRACEMCO/part-085508_422302-042079.parquet,real_data_sample\l2_unseen_validation\trade_date=2026-07-17\exchange=NSE\symbol=ULTRACEMCO\part-085508_422302-042079.parquet,34632,downloaded,34632,
2026-07-17,NSE,ULTRACEMCO,raw_l2/trade_date=2026-07-17/exchange=NSE/symbol=ULTRACEMCO/part-085522_603148-042111.parquet,real_data_sample\l2_unseen_validation\trade_date=2026-07-17\exchange=NSE\symbol=ULTRACEMCO\part-085522_603148-042111.parquet,34621,downloaded,34621,
2026-07-17,NSE,ULTRACEMCO,raw_l2/trade_date=2026-07-17/exchange=NSE/symbol=ULTRACEMCO/part-085605_250759-042207.parquet,real_data_sample\l2_unseen_validation\trade_date=2026-07-17\exchange=NSE\symbol=ULTRACEMCO\part-085605_250759-042207.parquet,34748,downloaded,34748,
2026-07-17,NSE,ULTRACEMCO,raw_l2/trade_date=2026-07-17/exchange=NSE/symbol=ULTRACEMCO/part-085633_587762-042271.parquet,real_data_sample\l2_unseen_validation\trade_date=2026-07-17\exchange=NSE\symbol=ULTRACEMCO\part-085633_587762-042271.parquet,35392,downloaded,35392,
2026-07-17,NSE,ULTRACEMCO,raw_l2/trade_date=2026-07-17/exchange=NSE/symbol=ULTRACEMCO/part-085342_666609-041887.parquet,real_data_sample\l2_unseen_validation\trade_date=2026-07-17\exchange=NSE\symbol=ULTRACEMCO\part-085342_666609-041887.parquet,34765,downloaded,34765,
2026-07-17,NSE,ULTRACEMCO,raw_l2/trade_date=2026-07-17/exchange=NSE/symbol=ULTRACEMCO/part-085356_788804-041919.parquet,real_data_sample\l2_unseen_validation\trade_date=2026-07-17\exchange=NSE\symbol=ULTRACEMCO\part-085356_788804-041919.parquet,34667,downloaded,34667,
2026-07-17,NSE,ULTRACEMCO,raw_l2/trade_date=2026-07-17/exchange=NSE/symbol=ULTRACEMCO/part-085411_109947-041951.parquet,real_data_sample\l2_unseen_validation\trade_date=2026-07-17\exchange=NSE\symbol=ULTRACEMCO\part-085411_109947-041951.parquet,34604,downloaded,34604,
2026-07-17,NSE,ULTRACEMCO,raw_l2/trade_date=2026-07-17/exchange=NSE/symbol=ULTRACEMCO/part-085536_834714-042143.parquet,real_data_sample\l2_unseen_validation\trade_date=2026-07-17\exchange=NSE\symbol=ULTRACEMCO\part-085536_834714-042143.parquet,34748,downloaded,34748,
2026-07-17,NSE,ULTRACEMCO,raw_l2/trade_date=2026-07-17/exchange=NSE/symbol=ULTRACEMCO/part-085439_867384-042015.parquet,real_data_sample\l2_unseen_validation\trade_date=2026-07-17\exchange=NSE\symbol=ULTRACEMCO\part-085439_867384-042015.parquet,34624,downloaded,34624,
2026-07-17,NSE,ULTRACEMCO,raw_l2/trade_date=2026-07-17/exchange=NSE/symbol=ULTRACEMCO/part-085551_124321-042175.parquet,real_data_sample\l2_unseen_validation\trade_date=2026-07-17\exchange=NSE\symbol=ULTRACEMCO\part-085551_124321-042175.parquet,34516,downloaded,34516,
2026-07-17,NSE,ULTRACEMCO,raw_l2/trade_date=2026-07-17/exchange=NSE/symbol=ULTRACEMCO/part-085257_802781-041791.parquet,real_data_sample\l2_unseen_validation\trade_date=2026-07-17\exchange=NSE\symbol=ULTRACEMCO\part-085257_802781-041791.parquet,34655,downloaded,34655,
2026-07-17,NSE,ULTRACEMCO,raw_l2/trade_date=2026-07-17/exchange=NSE/symbol=ULTRACEMCO/part-085647_990480-042303.parquet,real_data_sample\l2_unseen_validation\trade_date=2026-07-17\exchange=NSE\symbol=ULTRACEMCO\part-085647_990480-042303.parquet,35256,downloaded,35256,
2026-07-17,NSE,ULTRACEMCO,raw_l2/trade_date=2026-07-17/exchange=NSE/symbol=ULTRACEMCO/part-085619_303975-042239.parquet,real_data_sample\l2_unseen_validation\trade_date=2026-07-17\exchange=NSE\symbol=ULTRACEMCO\part-085619_303975-042239.parquet,34943,downloaded,34943,
2026-07-17,NSE,ULTRACEMCO,raw_l2/trade_date=2026-07-17/exchange=NSE/symbol=ULTRACEMCO/part-085702_122593-042335.parquet,real_data_sample\l2_unseen_validation\trade_date=2026-07-17\exchange=NSE\symbol=ULTRACEMCO\part-085702_122593-042335.parquet,35005,downloaded,35005,
2026-07-17,NSE,ULTRACEMCO,raw_l2/trade_date=2026-07-17/exchange=NSE/symbol=ULTRACEMCO/part-085716_328869-042367.parquet,real_data_sample\l2_unseen_validation\trade_date=2026-07-17\exchange=NSE\symbol=ULTRACEMCO\part-085716_328869-042367.parquet,35343,downloaded,35343,
2026-07-17,NSE,ULTRACEMCO,raw_l2/trade_date=2026-07-17/exchange=NSE/symbol=ULTRACEMCO/part-085745_005297-042431.parquet,real_data_sample\l2_unseen_validation\trade_date=2026-07-17\exchange=NSE\symbol=ULTRACEMCO\part-085745_005297-042431.parquet,35495,downloaded,35495,
2026-07-17,NSE,ULTRACEMCO,raw_l2/trade_date=2026-07-17/exchange=NSE/symbol=ULTRACEMCO/part-085828_322772-042527.parquet,real_data_sample\l2_unseen_validation\trade_date=2026-07-17\exchange=NSE\symbol=ULTRACEMCO\part-085828_322772-042527.parquet,35221,downloaded,35221,
2026-07-17,NSE,ULTRACEMCO,raw_l2/trade_date=2026-07-17/exchange=NSE/symbol=ULTRACEMCO/part-085842_810043-042559.parquet,real_data_sample\l2_unseen_validation\trade_date=2026-07-17\exchange=NSE\symbol=ULTRACEMCO\part-085842_810043-042559.parquet,35073,downloaded,35073,
2026-07-17,NSE,ULTRACEMCO,raw_l2/trade_date=2026-07-17/exchange=NSE/symbol=ULTRACEMCO/part-085730_510095-042399.parquet,real_data_sample\l2_unseen_validation\trade_date=2026-07-17\exchange=NSE\symbol=ULTRACEMCO\part-085730_510095-042399.parquet,35048,downloaded,35048,
2026-07-17,NSE,ULTRACEMCO,raw_l2/trade_date=2026-07-17/exchange=NSE/symbol=ULTRACEMCO/part-085759_496069-042463.parquet,real_data_sample\l2_unseen_validation\trade_date=2026-07-17\exchange=NSE\symbol=ULTRACEMCO\part-085759_496069-042463.parquet,35365,downloaded,35365,
2026-07-17,NSE,ULTRACEMCO,raw_l2/trade_date=2026-07-17/exchange=NSE/symbol=ULTRACEMCO/part-085857_280104-042591.parquet,real_data_sample\l2_unseen_validation\trade_date=2026-07-17\exchange=NSE\symbol=ULTRACEMCO\part-085857_280104-042591.parquet,35339,downloaded,35339,
2026-07-17,NSE,ULTRACEMCO,raw_l2/trade_date=2026-07-17/exchange=NSE/symbol=ULTRACEMCO/part-085911_807666-042623.parquet,real_data_sample\l2_unseen_validation\trade_date=2026-07-17\exchange=NSE\symbol=ULTRACEMCO\part-085911_807666-042623.parquet,35579,downloaded,35579,
2026-07-17,NSE,ULTRACEMCO,raw_l2/trade_date=2026-07-17/exchange=NSE/symbol=ULTRACEMCO/part-085941_257851-042687.parquet,real_data_sample\l2_unseen_validation\trade_date=2026-07-17\exchange=NSE\symbol=ULTRACEMCO\part-085941_257851-042687.parquet,35113,downloaded,35113,
2026-07-17,NSE,ULTRACEMCO,raw_l2/trade_date=2026-07-17/exchange=NSE/symbol=ULTRACEMCO/part-085926_590295-042655.parquet,real_data_sample\l2_unseen_validation\trade_date=2026-07-17\exchange=NSE\symbol=ULTRACEMCO\part-085926_590295-042655.parquet,35538,downloaded,35538,
2026-07-17,NSE,ULTRACEMCO,raw_l2/trade_date=2026-07-17/exchange=NSE/symbol=ULTRACEMCO/part-085955_944548-042719.parquet,real_data_sample\l2_unseen_validation\trade_date=2026-07-17\exchange=NSE\symbol=ULTRACEMCO\part-085955_944548-042719.parquet,35729,downloaded,35729,
2026-07-17,NSE,ULTRACEMCO,raw_l2/trade_date=2026-07-17/exchange=NSE/symbol=ULTRACEMCO/part-090010_373673-042751.parquet,real_data_sample\l2_unseen_validation\trade_date=2026-07-17\exchange=NSE\symbol=ULTRACEMCO\part-090010_373673-042751.parquet,34941,downloaded,34941,
2026-07-17,NSE,ULTRACEMCO,raw_l2/trade_date=2026-07-17/exchange=NSE/symbol=ULTRACEMCO/part-090024_609097-042783.parquet,real_data_sample\l2_unseen_validation\trade_date=2026-07-17\exchange=NSE\symbol=ULTRACEMCO\part-090024_609097-042783.parquet,34860,downloaded,34860,
2026-07-17,NSE,ULTRACEMCO,raw_l2/trade_date=2026-07-17/exchange=NSE/symbol=ULTRACEMCO/part-090039_172762-042815.parquet,real_data_sample\l2_unseen_validation\trade_date=2026-07-17\exchange=NSE\symbol=ULTRACEMCO\part-090039_172762-042815.parquet,34614,downloaded,34614,
2026-07-17,NSE,ULTRACEMCO,raw_l2/trade_date=2026-07-17/exchange=NSE/symbol=ULTRACEMCO/part-090108_375149-042879.parquet,real_data_sample\l2_unseen_validation\trade_date=2026-07-17\exchange=NSE\symbol=ULTRACEMCO\part-090108_375149-042879.parquet,34645,downloaded,34645,
2026-07-17,NSE,ULTRACEMCO,raw_l2/trade_date=2026-07-17/exchange=NSE/symbol=ULTRACEMCO/part-090053_778852-042847.parquet,real_data_sample\l2_unseen_validation\trade_date=2026-07-17\exchange=NSE\symbol=ULTRACEMCO\part-090053_778852-042847.parquet,34602,downloaded,34602,
2026-07-17,NSE,ULTRACEMCO,raw_l2/trade_date=2026-07-17/exchange=NSE/symbol=ULTRACEMCO/part-090122_920366-042911.parquet,real_data_sample\l2_unseen_validation\trade_date=2026-07-17\exchange=NSE\symbol=ULTRACEMCO\part-090122_920366-042911.parquet,35462,downloaded,35462,
2026-07-17,NSE,ULTRACEMCO,raw_l2/trade_date=2026-07-17/exchange=NSE/symbol=ULTRACEMCO/part-090137_382287-042943.parquet,real_data_sample\l2_unseen_validation\trade_date=2026-07-17\exchange=NSE\symbol=ULTRACEMCO\part-090137_382287-042943.parquet,35226,downloaded,35226,
2026-07-17,NSE,ULTRACEMCO,raw_l2/trade_date=2026-07-17/exchange=NSE/symbol=ULTRACEMCO/part-090445_478932-043359.parquet,real_data_sample\l2_unseen_validation\trade_date=2026-07-17\exchange=NSE\symbol=ULTRACEMCO\part-090445_478932-043359.parquet,34539,downloaded,34539,
2026-07-17,NSE,ULTRACEMCO,raw_l2/trade_date=2026-07-17/exchange=NSE/symbol=ULTRACEMCO/part-090430_695704-043327.parquet,real_data_sample\l2_unseen_validation\trade_date=2026-07-17\exchange=NSE\symbol=ULTRACEMCO\part-090430_695704-043327.parquet,34465,downloaded,34465,
2026-07-17,NSE,ULTRACEMCO,raw_l2/trade_date=2026-07-17/exchange=NSE/symbol=ULTRACEMCO/part-090332_418401-043199.parquet,real_data_sample\l2_unseen_validation\trade_date=2026-07-17\exchange=NSE\symbol=ULTRACEMCO\part-090332_418401-043199.parquet,35292,downloaded,35292,
2026-07-17,NSE,ULTRACEMCO,raw_l2/trade_date=2026-07-17/exchange=NSE/symbol=ULTRACEMCO/part-090220_026556-043039.parquet,real_data_sample\l2_unseen_validation\trade_date=2026-07-17\exchange=NSE\symbol=ULTRACEMCO\part-090220_026556-043039.parquet,34990,downloaded,34990,
2026-07-17,NSE,ULTRACEMCO,raw_l2/trade_date=2026-07-17/exchange=NSE/symbol=ULTRACEMCO/part-090205_856453-043007.parquet,real_data_sample\l2_unseen_validation\trade_date=2026-07-17\exchange=NSE\symbol=ULTRACEMCO\part-090205_856453-043007.parquet,35326,downloaded,35326,
2026-07-17,NSE,ULTRACEMCO,raw_l2/trade_date=2026-07-17/exchange=NSE/symbol=ULTRACEMCO/part-090151_668423-042975.parquet,real_data_sample\l2_unseen_validation\trade_date=2026-07-17\exchange=NSE\symbol=ULTRACEMCO\part-090151_668423-042975.parquet,35530,downloaded,35530,
2026-07-17,NSE,ULTRACEMCO,raw_l2/trade_date=2026-07-17/exchange=NSE/symbol=ULTRACEMCO/part-090248_964700-043103.parquet,real_data_sample\l2_unseen_validation\trade_date=2026-07-17\exchange=NSE\symbol=ULTRACEMCO\part-090248_964700-043103.parquet,34633,downloaded,34633,
2026-07-17,NSE,ULTRACEMCO,raw_l2/trade_date=2026-07-17/exchange=NSE/symbol=ULTRACEMCO/part-090347_299898-043231.parquet,real_data_sample\l2_unseen_validation\trade_date=2026-07-17\exchange=NSE\symbol=ULTRACEMCO\part-090347_299898-043231.parquet,35051,downloaded,35051,
2026-07-17,NSE,ULTRACEMCO,raw_l2/trade_date=2026-07-17/exchange=NSE/symbol=ULTRACEMCO/part-090416_069840-043295.parquet,real_data_sample\l2_unseen_validation\trade_date=2026-07-17\exchange=NSE\symbol=ULTRACEMCO\part-090416_069840-043295.parquet,34783,downloaded,34783,
2026-07-17,NSE,ULTRACEMCO,raw_l2/trade_date=2026-07-17/exchange=NSE/symbol=ULTRACEMCO/part-090500_260739-043391.parquet,real_data_sample\l2_unseen_validation\trade_date=2026-07-17\exchange=NSE\symbol=ULTRACEMCO\part-090500_260739-043391.parquet,34614,downloaded,34614,
2026-07-17,NSE,ULTRACEMCO,raw_l2/trade_date=2026-07-17/exchange=NSE/symbol=ULTRACEMCO/part-090514_824918-043423.parquet,real_data_sample\l2_unseen_validation\trade_date=2026-07-17\exchange=NSE\symbol=ULTRACEMCO\part-090514_824918-043423.parquet,34571,downloaded,34571,
2026-07-17,NSE,ULTRACEMCO,raw_l2/trade_date=2026-07-17/exchange=NSE/symbol=ULTRACEMCO/part-090529_216519-043455.parquet,real_data_sample\l2_unseen_validation\trade_date=2026-07-17\exchange=NSE\symbol=ULTRACEMCO\part-090529_216519-043455.parquet,34721,downloaded,34721,
2026-07-17,NSE,ULTRACEMCO,raw_l2/trade_date=2026-07-17/exchange=NSE/symbol=ULTRACEMCO/part-090317_709495-043167.parquet,real_data_sample\l2_unseen_validation\trade_date=2026-07-17\exchange=NSE\symbol=ULTRACEMCO\part-090317_709495-043167.parquet,34665,downloaded,34665,
2026-07-17,NSE,ULTRACEMCO,raw_l2/trade_date=2026-07-17/exchange=NSE/symbol=ULTRACEMCO/part-090543_568056-043487.parquet,real_data_sample\l2_unseen_validation\trade_date=2026-07-17\exchange=NSE\symbol=ULTRACEMCO\part-090543_568056-043487.parquet,34639,downloaded,34639,
2026-07-17,NSE,ULTRACEMCO,raw_l2/trade_date=2026-07-17/exchange=NSE/symbol=ULTRACEMCO/part-090234_404037-043071.parquet,real_data_sample\l2_unseen_validation\trade_date=2026-07-17\exchange=NSE\symbol=ULTRACEMCO\part-090234_404037-043071.parquet,34749,downloaded,34749,
2026-07-17,NSE,ULTRACEMCO,raw_l2/trade_date=2026-07-17/exchange=NSE/symbol=ULTRACEMCO/part-090401_909426-043263.parquet,real_data_sample\l2_unseen_validation\trade_date=2026-07-17\exchange=NSE\symbol=ULTRACEMCO\part-090401_909426-043263.parquet,34931,downloaded,34931,
2026-07-17,NSE,ULTRACEMCO,raw_l2/trade_date=2026-07-17/exchange=NSE/symbol=ULTRACEMCO/part-090303_363248-043135.parquet,real_data_sample\l2_unseen_validation\trade_date=2026-07-17\exchange=NSE\symbol=ULTRACEMCO\part-090303_363248-043135.parquet,34593,downloaded,34593,
2026-07-17,NSE,ULTRACEMCO,raw_l2/trade_date=2026-07-17/exchange=NSE/symbol=ULTRACEMCO/part-090641_242296-043615.parquet,real_data_sample\l2_unseen_validation\trade_date=2026-07-17\exchange=NSE\symbol=ULTRACEMCO\part-090641_242296-043615.parquet,34468,downloaded,34468,
2026-07-17,NSE,ULTRACEMCO,raw_l2/trade_date=2026-07-17/exchange=NSE/symbol=ULTRACEMCO/part-090612_209964-043551.parquet,real_data_sample\l2_unseen_validation\trade_date=2026-07-17\exchange=NSE\symbol=ULTRACEMCO\part-090612_209964-043551.parquet,34572,downloaded,34572,
2026-07-17,NSE,ULTRACEMCO,raw_l2/trade_date=2026-07-17/exchange=NSE/symbol=ULTRACEMCO/part-090626_692699-043583.parquet,real_data_sample\l2_unseen_validation\trade_date=2026-07-17\exchange=NSE\symbol=ULTRACEMCO\part-090626_692699-043583.parquet,34478,downloaded,34478,
2026-07-17,NSE,ULTRACEMCO,raw_l2/trade_date=2026-07-17/exchange=NSE/symbol=ULTRACEMCO/part-090557_831305-043519.parquet,real_data_sample\l2_unseen_validation\trade_date=2026-07-17\exchange=NSE\symbol=ULTRACEMCO\part-090557_831305-043519.parquet,34452,downloaded,34452,
2026-07-17,NSE,ULTRACEMCO,raw_l2/trade_date=2026-07-17/exchange=NSE/symbol=ULTRACEMCO/part-085813_963287-042495.parquet,real_data_sample\l2_unseen_validation\trade_date=2026-07-17\exchange=NSE\symbol=ULTRACEMCO\part-085813_963287-042495.parquet,35571,downloaded,35571,
2026-07-17,NSE,ULTRACEMCO,raw_l2/trade_date=2026-07-17/exchange=NSE/symbol=ULTRACEMCO/part-090655_814030-043647.parquet,real_data_sample\l2_unseen_validation\trade_date=2026-07-17\exchange=NSE\symbol=ULTRACEMCO\part-090655_814030-043647.parquet,34594,downloaded,34594,
2026-07-17,NSE,ULTRACEMCO,raw_l2/trade_date=2026-07-17/exchange=NSE/symbol=ULTRACEMCO/part-090710_228894-043679.parquet,real_data_sample\l2_unseen_validation\trade_date=2026-07-17\exchange=NSE\symbol=ULTRACEMCO\part-090710_228894-043679.parquet,34570,downloaded,34570,
2026-07-17,NSE,ULTRACEMCO,raw_l2/trade_date=2026-07-17/exchange=NSE/symbol=ULTRACEMCO/part-090724_620769-043711.parquet,real_data_sample\l2_unseen_validation\trade_date=2026-07-17\exchange=NSE\symbol=ULTRACEMCO\part-090724_620769-043711.parquet,34492,downloaded,34492,
2026-07-17,NSE,ULTRACEMCO,raw_l2/trade_date=2026-07-17/exchange=NSE/symbol=ULTRACEMCO/part-090753_305990-043775.parquet,real_data_sample\l2_unseen_validation\trade_date=2026-07-17\exchange=NSE\symbol=ULTRACEMCO\part-090753_305990-043775.parquet,34719,downloaded,34719,
2026-07-17,NSE,ULTRACEMCO,raw_l2/trade_date=2026-07-17/exchange=NSE/symbol=ULTRACEMCO/part-090738_827857-043743.parquet,real_data_sample\l2_unseen_validation\trade_date=2026-07-17\exchange=NSE\symbol=ULTRACEMCO\part-090738_827857-043743.parquet,34553,downloaded,34553,
2026-07-17,NSE,ULTRACEMCO,raw_l2/trade_date=2026-07-17/exchange=NSE/symbol=ULTRACEMCO/part-090808_156849-043807.parquet,real_data_sample\l2_unseen_validation\trade_date=2026-07-17\exchange=NSE\symbol=ULTRACEMCO\part-090808_156849-043807.parquet,34485,downloaded,34485,
2026-07-17,NSE,ULTRACEMCO,raw_l2/trade_date=2026-07-17/exchange=NSE/symbol=ULTRACEMCO/part-090851_811831-043903.parquet,real_data_sample\l2_unseen_validation\trade_date=2026-07-17\exchange=NSE\symbol=ULTRACEMCO\part-090851_811831-043903.parquet,34516,downloaded,34516,
2026-07-17,NSE,ULTRACEMCO,raw_l2/trade_date=2026-07-17/exchange=NSE/symbol=ULTRACEMCO/part-090837_358811-043871.parquet,real_data_sample\l2_unseen_validation\trade_date=2026-07-17\exchange=NSE\symbol=ULTRACEMCO\part-090837_358811-043871.parquet,34465,downloaded,34465,
2026-07-17,NSE,ULTRACEMCO,raw_l2/trade_date=2026-07-17/exchange=NSE/symbol=ULTRACEMCO/part-090822_584735-043839.parquet,real_data_sample\l2_unseen_validation\trade_date=2026-07-17\exchange=NSE\symbol=ULTRACEMCO\part-090822_584735-043839.parquet,34444,downloaded,34444,
2026-07-17,NSE,ULTRACEMCO,raw_l2/trade_date=2026-07-17/exchange=NSE/symbol=ULTRACEMCO/part-090906_816524-043935.parquet,real_data_sample\l2_unseen_validation\trade_date=2026-07-17\exchange=NSE\symbol=ULTRACEMCO\part-090906_816524-043935.parquet,34438,downloaded,34438,
2026-07-17,NSE,ULTRACEMCO,raw_l2/trade_date=2026-07-17/exchange=NSE/symbol=ULTRACEMCO/part-091332_737295-044511.parquet,real_data_sample\l2_unseen_validation\trade_date=2026-07-17\exchange=NSE\symbol=ULTRACEMCO\part-091332_737295-044511.parquet,35471,downloaded,35471,
2026-07-17,NSE,ULTRACEMCO,raw_l2/trade_date=2026-07-17/exchange=NSE/symbol=ULTRACEMCO/part-091120_243805-044223.parquet,real_data_sample\l2_unseen_validation\trade_date=2026-07-17\exchange=NSE\symbol=ULTRACEMCO\part-091120_243805-044223.parquet,34571,downloaded,34571,
2026-07-17,NSE,ULTRACEMCO,raw_l2/trade_date=2026-07-17/exchange=NSE/symbol=ULTRACEMCO/part-090921_976632-043967.parquet,real_data_sample\l2_unseen_validation\trade_date=2026-07-17\exchange=NSE\symbol=ULTRACEMCO\part-090921_976632-043967.parquet,34598,downloaded,34598,
2026-07-17,NSE,ULTRACEMCO,raw_l2/trade_date=2026-07-17/exchange=NSE/symbol=ULTRACEMCO/part-091347_248044-044543.parquet,real_data_sample\l2_unseen_validation\trade_date=2026-07-17\exchange=NSE\symbol=ULTRACEMCO\part-091347_248044-044543.parquet,35490,downloaded,35490,
2026-07-17,NSE,ULTRACEMCO,raw_l2/trade_date=2026-07-17/exchange=NSE/symbol=ULTRACEMCO/part-091149_308730-044287.parquet,real_data_sample\l2_unseen_validation\trade_date=2026-07-17\exchange=NSE\symbol=ULTRACEMCO\part-091149_308730-044287.parquet,34624,downloaded,34624,
2026-07-17,NSE,ULTRACEMCO,raw_l2/trade_date=2026-07-17/exchange=NSE/symbol=ULTRACEMCO/part-090936_548086-043999.parquet,real_data_sample\l2_unseen_validation\trade_date=2026-07-17\exchange=NSE\symbol=ULTRACEMCO\part-090936_548086-043999.parquet,34493,downloaded,34493,
2026-07-17,NSE,ULTRACEMCO,raw_l2/trade_date=2026-07-17/exchange=NSE/symbol=ULTRACEMCO/part-091050_591755-044159.parquet,real_data_sample\l2_unseen_validation\trade_date=2026-07-17\exchange=NSE\symbol=ULTRACEMCO\part-091050_591755-044159.parquet,34430,downloaded,34430,
2026-07-17,NSE,ULTRACEMCO,raw_l2/trade_date=2026-07-17/exchange=NSE/symbol=ULTRACEMCO/part-091444_912115-044671.parquet,real_data_sample\l2_unseen_validation\trade_date=2026-07-17\exchange=NSE\symbol=ULTRACEMCO\part-091444_912115-044671.parquet,35220,downloaded,35220,
2026-07-17,NSE,ULTRACEMCO,raw_l2/trade_date=2026-07-17/exchange=NSE/symbol=ULTRACEMCO/part-090952_172586-044031.parquet,real_data_sample\l2_unseen_validation\trade_date=2026-07-17\exchange=NSE\symbol=ULTRACEMCO\part-090952_172586-044031.parquet,34672,downloaded,34672,
2026-07-17,NSE,ULTRACEMCO,raw_l2/trade_date=2026-07-17/exchange=NSE/symbol=ULTRACEMCO/part-091134_885970-044255.parquet,real_data_sample\l2_unseen_validation\trade_date=2026-07-17\exchange=NSE\symbol=ULTRACEMCO\part-091134_885970-044255.parquet,34408,downloaded,34408,
2026-07-17,NSE,ULTRACEMCO,raw_l2/trade_date=2026-07-17/exchange=NSE/symbol=ULTRACEMCO/part-091234_861584-044383.parquet,real_data_sample\l2_unseen_validation\trade_date=2026-07-17\exchange=NSE\symbol=ULTRACEMCO\part-091234_861584-044383.parquet,34724,downloaded,34724,
2026-07-17,NSE,ULTRACEMCO,raw_l2/trade_date=2026-07-17/exchange=NSE/symbol=ULTRACEMCO/part-091459_433051-044703.parquet,real_data_sample\l2_unseen_validation\trade_date=2026-07-17\exchange=NSE\symbol=ULTRACEMCO\part-091459_433051-044703.parquet,35766,downloaded,35766,
2026-07-17,NSE,ULTRACEMCO,raw_l2/trade_date=2026-07-17/exchange=NSE/symbol=ULTRACEMCO/part-091219_425019-044351.parquet,real_data_sample\l2_unseen_validation\trade_date=2026-07-17\exchange=NSE\symbol=ULTRACEMCO\part-091219_425019-044351.parquet,34872,downloaded,34872,
2026-07-17,NSE,ULTRACEMCO,raw_l2/trade_date=2026-07-17/exchange=NSE/symbol=ULTRACEMCO/part-091204_050232-044319.parquet,real_data_sample\l2_unseen_validation\trade_date=2026-07-17\exchange=NSE\symbol=ULTRACEMCO\part-091204_050232-044319.parquet,34706,downloaded,34706,
2026-07-17,NSE,ULTRACEMCO,raw_l2/trade_date=2026-07-17/exchange=NSE/symbol=ULTRACEMCO/part-091416_049194-044607.parquet,real_data_sample\l2_unseen_validation\trade_date=2026-07-17\exchange=NSE\symbol=ULTRACEMCO\part-091416_049194-044607.parquet,35182,downloaded,35182,
2026-07-17,NSE,ULTRACEMCO,raw_l2/trade_date=2026-07-17/exchange=NSE/symbol=ULTRACEMCO/part-091527_944422-044767.parquet,real_data_sample\l2_unseen_validation\trade_date=2026-07-17\exchange=NSE\symbol=ULTRACEMCO\part-091527_944422-044767.parquet,34762,downloaded,34762,
2026-07-17,NSE,ULTRACEMCO,raw_l2/trade_date=2026-07-17/exchange=NSE/symbol=ULTRACEMCO/part-091006_964585-044063.parquet,real_data_sample\l2_unseen_validation\trade_date=2026-07-17\exchange=NSE\symbol=ULTRACEMCO\part-091006_964585-044063.parquet,34784,downloaded,34784,
2026-07-17,NSE,ULTRACEMCO,raw_l2/trade_date=2026-07-17/exchange=NSE/symbol=ULTRACEMCO/part-091401_880325-044575.parquet,real_data_sample\l2_unseen_validation\trade_date=2026-07-17\exchange=NSE\symbol=ULTRACEMCO\part-091401_880325-044575.parquet,35193,downloaded,35193,
2026-07-17,NSE,ULTRACEMCO,raw_l2/trade_date=2026-07-17/exchange=NSE/symbol=ULTRACEMCO/part-091303_749297-044447.parquet,real_data_sample\l2_unseen_validation\trade_date=2026-07-17\exchange=NSE\symbol=ULTRACEMCO\part-091303_749297-044447.parquet,34618,downloaded,34618,
2026-07-17,NSE,ULTRACEMCO,raw_l2/trade_date=2026-07-17/exchange=NSE/symbol=ULTRACEMCO/part-091542_258508-044799.parquet,real_data_sample\l2_unseen_validation\trade_date=2026-07-17\exchange=NSE\symbol=ULTRACEMCO\part-091542_258508-044799.parquet,34671,downloaded,34671,
2026-07-17,NSE,ULTRACEMCO,raw_l2/trade_date=2026-07-17/exchange=NSE/symbol=ULTRACEMCO/part-091036_018237-044127.parquet,real_data_sample\l2_unseen_validation\trade_date=2026-07-17\exchange=NSE\symbol=ULTRACEMCO\part-091036_018237-044127.parquet,34754,downloaded,34754,
2026-07-17,NSE,ULTRACEMCO,raw_l2/trade_date=2026-07-17/exchange=NSE/symbol=ULTRACEMCO/part-091249_177282-044415.parquet,real_data_sample\l2_unseen_validation\trade_date=2026-07-17\exchange=NSE\symbol=ULTRACEMCO\part-091249_177282-044415.parquet,34745,downloaded,34745,
2026-07-17,NSE,ULTRACEMCO,raw_l2/trade_date=2026-07-17/exchange=NSE/symbol=ULTRACEMCO/part-091021_272438-044095.parquet,real_data_sample\l2_unseen_validation\trade_date=2026-07-17\exchange=NSE\symbol=ULTRACEMCO\part-091021_272438-044095.parquet,34616,downloaded,34616,
2026-07-17,NSE,ULTRACEMCO,raw_l2/trade_date=2026-07-17/exchange=NSE/symbol=ULTRACEMCO/part-091105_275846-044191.parquet,real_data_sample\l2_unseen_validation\trade_date=2026-07-17\exchange=NSE\symbol=ULTRACEMCO\part-091105_275846-044191.parquet,34709,downloaded,34709,
2026-07-17,NSE,ULTRACEMCO,raw_l2/trade_date=2026-07-17/exchange=NSE/symbol=ULTRACEMCO/part-091513_695002-044735.parquet,real_data_sample\l2_unseen_validation\trade_date=2026-07-17\exchange=NSE\symbol=ULTRACEMCO\part-091513_695002-044735.parquet,35529,downloaded,35529,
2026-07-17,NSE,ULTRACEMCO,raw_l2/trade_date=2026-07-17/exchange=NSE/symbol=ULTRACEMCO/part-091318_306156-044479.parquet,real_data_sample\l2_unseen_validation\trade_date=2026-07-17\exchange=NSE\symbol=ULTRACEMCO\part-091318_306156-044479.parquet,34793,downloaded,34793,
2026-07-17,NSE,ULTRACEMCO,raw_l2/trade_date=2026-07-17/exchange=NSE/symbol=ULTRACEMCO/part-091557_109500-044831.parquet,real_data_sample\l2_unseen_validation\trade_date=2026-07-17\exchange=NSE\symbol=ULTRACEMCO\part-091557_109500-044831.parquet,34692,downloaded,34692,
2026-07-17,NSE,ULTRACEMCO,raw_l2/trade_date=2026-07-17/exchange=NSE/symbol=ULTRACEMCO/part-091640_203937-044927.parquet,real_data_sample\l2_unseen_validation\trade_date=2026-07-17\exchange=NSE\symbol=ULTRACEMCO\part-091640_203937-044927.parquet,34736,downloaded,34736,
2026-07-17,NSE,ULTRACEMCO,raw_l2/trade_date=2026-07-17/exchange=NSE/symbol=ULTRACEMCO/part-091611_542549-044863.parquet,real_data_sample\l2_unseen_validation\trade_date=2026-07-17\exchange=NSE\symbol=ULTRACEMCO\part-091611_542549-044863.parquet,34545,downloaded,34545,
2026-07-17,NSE,ULTRACEMCO,raw_l2/trade_date=2026-07-17/exchange=NSE/symbol=ULTRACEMCO/part-091654_332911-044959.parquet,real_data_sample\l2_unseen_validation\trade_date=2026-07-17\exchange=NSE\symbol=ULTRACEMCO\part-091654_332911-044959.parquet,34735,downloaded,34735,
2026-07-17,NSE,ULTRACEMCO,raw_l2/trade_date=2026-07-17/exchange=NSE/symbol=ULTRACEMCO/part-091625_918081-044895.parquet,real_data_sample\l2_unseen_validation\trade_date=2026-07-17\exchange=NSE\symbol=ULTRACEMCO\part-091625_918081-044895.parquet,34887,downloaded,34887,
2026-07-17,NSE,ULTRACEMCO,raw_l2/trade_date=2026-07-17/exchange=NSE/symbol=ULTRACEMCO/part-091430_536411-044639.parquet,real_data_sample\l2_unseen_validation\trade_date=2026-07-17\exchange=NSE\symbol=ULTRACEMCO\part-091430_536411-044639.parquet,35289,downloaded,35289,
2026-07-17,NSE,ULTRACEMCO,raw_l2/trade_date=2026-07-17/exchange=NSE/symbol=ULTRACEMCO/part-091903_316322-045247.parquet,real_data_sample\l2_unseen_validation\trade_date=2026-07-17\exchange=NSE\symbol=ULTRACEMCO\part-091903_316322-045247.parquet,34690,downloaded,34690,
2026-07-17,NSE,ULTRACEMCO,raw_l2/trade_date=2026-07-17/exchange=NSE/symbol=ULTRACEMCO/part-091708_562254-044991.parquet,real_data_sample\l2_unseen_validation\trade_date=2026-07-17\exchange=NSE\symbol=ULTRACEMCO\part-091708_562254-044991.parquet,34727,downloaded,34727,
2026-07-17,NSE,ULTRACEMCO,raw_l2/trade_date=2026-07-17/exchange=NSE/symbol=ULTRACEMCO/part-092155_344401-045631.parquet,real_data_sample\l2_unseen_validation\trade_date=2026-07-17\exchange=NSE\symbol=ULTRACEMCO\part-092155_344401-045631.parquet,34685,downloaded,34685,
2026-07-17,NSE,ULTRACEMCO,raw_l2/trade_date=2026-07-17/exchange=NSE/symbol=ULTRACEMCO/part-091750_994535-045087.parquet,real_data_sample\l2_unseen_validation\trade_date=2026-07-17\exchange=NSE\symbol=ULTRACEMCO\part-091750_994535-045087.parquet,34549,downloaded,34549,
2026-07-17,NSE,ULTRACEMCO,raw_l2/trade_date=2026-07-17/exchange=NSE/symbol=ULTRACEMCO/part-092112_026126-045535.parquet,real_data_sample\l2_unseen_validation\trade_date=2026-07-17\exchange=NSE\symbol=ULTRACEMCO\part-092112_026126-045535.parquet,35486,downloaded,35486,
2026-07-17,NSE,ULTRACEMCO,raw_l2/trade_date=2026-07-17/exchange=NSE/symbol=ULTRACEMCO/part-092252_697321-045759.parquet,real_data_sample\l2_unseen_validation\trade_date=2026-07-17\exchange=NSE\symbol=ULTRACEMCO\part-092252_697321-045759.parquet,34594,downloaded,34594,
2026-07-17,NSE,ULTRACEMCO,raw_l2/trade_date=2026-07-17/exchange=NSE/symbol=ULTRACEMCO/part-091848_683132-045215.parquet,real_data_sample\l2_unseen_validation\trade_date=2026-07-17\exchange=NSE\symbol=ULTRACEMCO\part-091848_683132-045215.parquet,34794,downloaded,34794,
2026-07-17,NSE,ULTRACEMCO,raw_l2/trade_date=2026-07-17/exchange=NSE/symbol=ULTRACEMCO/part-092419_800154-045951.parquet,real_data_sample\l2_unseen_validation\trade_date=2026-07-17\exchange=NSE\symbol=ULTRACEMCO\part-092419_800154-045951.parquet,34610,downloaded,34610,
2026-07-17,NSE,ULTRACEMCO,raw_l2/trade_date=2026-07-17/exchange=NSE/symbol=ULTRACEMCO/part-092223_897099-045695.parquet,real_data_sample\l2_unseen_validation\trade_date=2026-07-17\exchange=NSE\symbol=ULTRACEMCO\part-092223_897099-045695.parquet,34654,downloaded,34654,
2026-07-17,NSE,ULTRACEMCO,raw_l2/trade_date=2026-07-17/exchange=NSE/symbol=ULTRACEMCO/part-092043_281813-045471.parquet,real_data_sample\l2_unseen_validation\trade_date=2026-07-17\exchange=NSE\symbol=ULTRACEMCO\part-092043_281813-045471.parquet,34915,downloaded,34915,
2026-07-17,NSE,ULTRACEMCO,raw_l2/trade_date=2026-07-17/exchange=NSE/symbol=ULTRACEMCO/part-091722_707331-045023.parquet,real_data_sample\l2_unseen_validation\trade_date=2026-07-17\exchange=NSE\symbol=ULTRACEMCO\part-091722_707331-045023.parquet,34462,downloaded,34462,
2026-07-17,NSE,ULTRACEMCO,raw_l2/trade_date=2026-07-17/exchange=NSE/symbol=ULTRACEMCO/part-091805_604172-045119.parquet,real_data_sample\l2_unseen_validation\trade_date=2026-07-17\exchange=NSE\symbol=ULTRACEMCO\part-091805_604172-045119.parquet,34607,downloaded,34607,
2026-07-17,NSE,ULTRACEMCO,raw_l2/trade_date=2026-07-17/exchange=NSE/symbol=ULTRACEMCO/part-092029_097407-045439.parquet,real_data_sample\l2_unseen_validation\trade_date=2026-07-17\exchange=NSE\symbol=ULTRACEMCO\part-092029_097407-045439.parquet,35056,downloaded,35056,
2026-07-17,NSE,ULTRACEMCO,raw_l2/trade_date=2026-07-17/exchange=NSE/symbol=ULTRACEMCO/part-091819_972135-045151.parquet,real_data_sample\l2_unseen_validation\trade_date=2026-07-17\exchange=NSE\symbol=ULTRACEMCO\part-091819_972135-045151.parquet,34553,downloaded,34553,
2026-07-17,NSE,ULTRACEMCO,raw_l2/trade_date=2026-07-17/exchange=NSE/symbol=ULTRACEMCO/part-091931_905897-045311.parquet,real_data_sample\l2_unseen_validation\trade_date=2026-07-17\exchange=NSE\symbol=ULTRACEMCO\part-091931_905897-045311.parquet,35553,downloaded,35553,
2026-07-17,NSE,ULTRACEMCO,raw_l2/trade_date=2026-07-17/exchange=NSE/symbol=ULTRACEMCO/part-091736_782319-045055.parquet,real_data_sample\l2_unseen_validation\trade_date=2026-07-17\exchange=NSE\symbol=ULTRACEMCO\part-091736_782319-045055.parquet,34784,downloaded,34784,
2026-07-17,NSE,ULTRACEMCO,raw_l2/trade_date=2026-07-17/exchange=NSE/symbol=ULTRACEMCO/part-092057_820347-045503.parquet,real_data_sample\l2_unseen_validation\trade_date=2026-07-17\exchange=NSE\symbol=ULTRACEMCO\part-092057_820347-045503.parquet,35457,downloaded,35457,
2026-07-17,NSE,ULTRACEMCO,raw_l2/trade_date=2026-07-17/exchange=NSE/symbol=ULTRACEMCO/part-091946_151132-045343.parquet,real_data_sample\l2_unseen_validation\trade_date=2026-07-17\exchange=NSE\symbol=ULTRACEMCO\part-091946_151132-045343.parquet,35440,downloaded,35440,
2026-07-17,NSE,ULTRACEMCO,raw_l2/trade_date=2026-07-17/exchange=NSE/symbol=ULTRACEMCO/part-091834_384445-045183.parquet,real_data_sample\l2_unseen_validation\trade_date=2026-07-17\exchange=NSE\symbol=ULTRACEMCO\part-091834_384445-045183.parquet,34650,downloaded,34650,
2026-07-17,NSE,ULTRACEMCO,raw_l2/trade_date=2026-07-17/exchange=NSE/symbol=ULTRACEMCO/part-092405_278260-045919.parquet,real_data_sample\l2_unseen_validation\trade_date=2026-07-17\exchange=NSE\symbol=ULTRACEMCO\part-092405_278260-045919.parquet,34686,downloaded,34686,
2026-07-17,NSE,ULTRACEMCO,raw_l2/trade_date=2026-07-17/exchange=NSE/symbol=ULTRACEMCO/part-091917_688393-045279.parquet,real_data_sample\l2_unseen_validation\trade_date=2026-07-17\exchange=NSE\symbol=ULTRACEMCO\part-091917_688393-045279.parquet,35077,downloaded,35077,
2026-07-17,NSE,ULTRACEMCO,raw_l2/trade_date=2026-07-17/exchange=NSE/symbol=ULTRACEMCO/part-092238_267391-045727.parquet,real_data_sample\l2_unseen_validation\trade_date=2026-07-17\exchange=NSE\symbol=ULTRACEMCO\part-092238_267391-045727.parquet,34413,downloaded,34413,
2026-07-17,NSE,ULTRACEMCO,raw_l2/trade_date=2026-07-17/exchange=NSE/symbol=ULTRACEMCO/part-092321_726847-045823.parquet,real_data_sample\l2_unseen_validation\trade_date=2026-07-17\exchange=NSE\symbol=ULTRACEMCO\part-092321_726847-045823.parquet,34599,downloaded,34599,
2026-07-17,NSE,ULTRACEMCO,raw_l2/trade_date=2026-07-17/exchange=NSE/symbol=ULTRACEMCO/part-092000_531687-045375.parquet,real_data_sample\l2_unseen_validation\trade_date=2026-07-17\exchange=NSE\symbol=ULTRACEMCO\part-092000_531687-045375.parquet,35615,downloaded,35615,
2026-07-17,NSE,ULTRACEMCO,raw_l2/trade_date=2026-07-17/exchange=NSE/symbol=ULTRACEMCO/part-092209_665660-045663.parquet,real_data_sample\l2_unseen_validation\trade_date=2026-07-17\exchange=NSE\symbol=ULTRACEMCO\part-092209_665660-045663.parquet,34654,downloaded,34654,
2026-07-17,NSE,ULTRACEMCO,raw_l2/trade_date=2026-07-17/exchange=NSE/symbol=ULTRACEMCO/part-092014_743957-045407.parquet,real_data_sample\l2_unseen_validation\trade_date=2026-07-17\exchange=NSE\symbol=ULTRACEMCO\part-092014_743957-045407.parquet,35273,downloaded,35273,
2026-07-17,NSE,ULTRACEMCO,raw_l2/trade_date=2026-07-17/exchange=NSE/symbol=ULTRACEMCO/part-092307_246249-045791.parquet,real_data_sample\l2_unseen_validation\trade_date=2026-07-17\exchange=NSE\symbol=ULTRACEMCO\part-092307_246249-045791.parquet,34860,downloaded,34860,
2026-07-17,NSE,ULTRACEMCO,raw_l2/trade_date=2026-07-17/exchange=NSE/symbol=ULTRACEMCO/part-092126_445199-045567.parquet,real_data_sample\l2_unseen_validation\trade_date=2026-07-17\exchange=NSE\symbol=ULTRACEMCO\part-092126_445199-045567.parquet,34668,downloaded,34668,
2026-07-17,NSE,ULTRACEMCO,raw_l2/trade_date=2026-07-17/exchange=NSE/symbol=ULTRACEMCO/part-092141_174106-045599.parquet,real_data_sample\l2_unseen_validation\trade_date=2026-07-17\exchange=NSE\symbol=ULTRACEMCO\part-092141_174106-045599.parquet,34556,downloaded,34556,
2026-07-17,NSE,ULTRACEMCO,raw_l2/trade_date=2026-07-17/exchange=NSE/symbol=ULTRACEMCO/part-092350_728002-045887.parquet,real_data_sample\l2_unseen_validation\trade_date=2026-07-17\exchange=NSE\symbol=ULTRACEMCO\part-092350_728002-045887.parquet,34655,downloaded,34655,
2026-07-17,NSE,ULTRACEMCO,raw_l2/trade_date=2026-07-17/exchange=NSE/symbol=ULTRACEMCO/part-092336_344960-045855.parquet,real_data_sample\l2_unseen_validation\trade_date=2026-07-17\exchange=NSE\symbol=ULTRACEMCO\part-092336_344960-045855.parquet,34807,downloaded,34807,
2026-07-17,NSE,ULTRACEMCO,raw_l2/trade_date=2026-07-17/exchange=NSE/symbol=ULTRACEMCO/part-092503_518402-046047.parquet,real_data_sample\l2_unseen_validation\trade_date=2026-07-17\exchange=NSE\symbol=ULTRACEMCO\part-092503_518402-046047.parquet,34729,downloaded,34729,
2026-07-17,NSE,ULTRACEMCO,raw_l2/trade_date=2026-07-17/exchange=NSE/symbol=ULTRACEMCO/part-092532_488139-046111.parquet,real_data_sample\l2_unseen_validation\trade_date=2026-07-17\exchange=NSE\symbol=ULTRACEMCO\part-092532_488139-046111.parquet,34816,downloaded,34816,
2026-07-17,NSE,ULTRACEMCO,raw_l2/trade_date=2026-07-17/exchange=NSE/symbol=ULTRACEMCO/part-092448_674782-046015.parquet,real_data_sample\l2_unseen_validation\trade_date=2026-07-17\exchange=NSE\symbol=ULTRACEMCO\part-092448_674782-046015.parquet,34749,downloaded,34749,
2026-07-17,NSE,ULTRACEMCO,raw_l2/trade_date=2026-07-17/exchange=NSE/symbol=ULTRACEMCO/part-092616_485044-046207.parquet,real_data_sample\l2_unseen_validation\trade_date=2026-07-17\exchange=NSE\symbol=ULTRACEMCO\part-092616_485044-046207.parquet,34894,downloaded,34894,
2026-07-17,NSE,ULTRACEMCO,raw_l2/trade_date=2026-07-17/exchange=NSE/symbol=ULTRACEMCO/part-092700_381776-046303.parquet,real_data_sample\l2_unseen_validation\trade_date=2026-07-17\exchange=NSE\symbol=ULTRACEMCO\part-092700_381776-046303.parquet,35330,downloaded,35330,
2026-07-17,NSE,ULTRACEMCO,raw_l2/trade_date=2026-07-17/exchange=NSE/symbol=ULTRACEMCO/part-092517_982451-046079.parquet,real_data_sample\l2_unseen_validation\trade_date=2026-07-17\exchange=NSE\symbol=ULTRACEMCO\part-092517_982451-046079.parquet,34621,downloaded,34621,
2026-07-17,NSE,ULTRACEMCO,raw_l2/trade_date=2026-07-17/exchange=NSE/symbol=ULTRACEMCO/part-092631_794995-046239.parquet,real_data_sample\l2_unseen_validation\trade_date=2026-07-17\exchange=NSE\symbol=ULTRACEMCO\part-092631_794995-046239.parquet,35688,downloaded,35688,
2026-07-17,NSE,ULTRACEMCO,raw_l2/trade_date=2026-07-17/exchange=NSE/symbol=ULTRACEMCO/part-092601_730377-046175.parquet,real_data_sample\l2_unseen_validation\trade_date=2026-07-17\exchange=NSE\symbol=ULTRACEMCO\part-092601_730377-046175.parquet,34580,downloaded,34580,
2026-07-17,NSE,ULTRACEMCO,raw_l2/trade_date=2026-07-17/exchange=NSE/symbol=ULTRACEMCO/part-092924_995640-046623.parquet,real_data_sample\l2_unseen_validation\trade_date=2026-07-17\exchange=NSE\symbol=ULTRACEMCO\part-092924_995640-046623.parquet,34552,downloaded,34552,
2026-07-17,NSE,ULTRACEMCO,raw_l2/trade_date=2026-07-17/exchange=NSE/symbol=ULTRACEMCO/part-093009_338816-046719.parquet,real_data_sample\l2_unseen_validation\trade_date=2026-07-17\exchange=NSE\symbol=ULTRACEMCO\part-093009_338816-046719.parquet,34591,downloaded,34591,
2026-07-17,NSE,ULTRACEMCO,raw_l2/trade_date=2026-07-17/exchange=NSE/symbol=ULTRACEMCO/part-092841_334601-046527.parquet,real_data_sample\l2_unseen_validation\trade_date=2026-07-17\exchange=NSE\symbol=ULTRACEMCO\part-092841_334601-046527.parquet,34628,downloaded,34628,
2026-07-17,NSE,ULTRACEMCO,raw_l2/trade_date=2026-07-17/exchange=NSE/symbol=ULTRACEMCO/part-092826_859011-046495.parquet,real_data_sample\l2_unseen_validation\trade_date=2026-07-17\exchange=NSE\symbol=ULTRACEMCO\part-092826_859011-046495.parquet,34413,downloaded,34413,
2026-07-17,NSE,ULTRACEMCO,raw_l2/trade_date=2026-07-17/exchange=NSE/symbol=ULTRACEMCO/part-092729_144610-046367.parquet,real_data_sample\l2_unseen_validation\trade_date=2026-07-17\exchange=NSE\symbol=ULTRACEMCO\part-092729_144610-046367.parquet,34681,downloaded,34681,
2026-07-17,NSE,ULTRACEMCO,raw_l2/trade_date=2026-07-17/exchange=NSE/symbol=ULTRACEMCO/part-092743_557769-046399.parquet,real_data_sample\l2_unseen_validation\trade_date=2026-07-17\exchange=NSE\symbol=ULTRACEMCO\part-092743_557769-046399.parquet,34562,downloaded,34562,
2026-07-17,NSE,ULTRACEMCO,raw_l2/trade_date=2026-07-17/exchange=NSE/symbol=ULTRACEMCO/part-092646_125817-046271.parquet,real_data_sample\l2_unseen_validation\trade_date=2026-07-17\exchange=NSE\symbol=ULTRACEMCO\part-092646_125817-046271.parquet,35293,downloaded,35293,
2026-07-17,NSE,ULTRACEMCO,raw_l2/trade_date=2026-07-17/exchange=NSE/symbol=ULTRACEMCO/part-093203_955645-046975.parquet,real_data_sample\l2_unseen_validation\trade_date=2026-07-17\exchange=NSE\symbol=ULTRACEMCO\part-093203_955645-046975.parquet,34724,downloaded,34724,
2026-07-17,NSE,ULTRACEMCO,raw_l2/trade_date=2026-07-17/exchange=NSE/symbol=ULTRACEMCO/part-093052_387522-046815.parquet,real_data_sample\l2_unseen_validation\trade_date=2026-07-17\exchange=NSE\symbol=ULTRACEMCO\part-093052_387522-046815.parquet,34621,downloaded,34621,
2026-07-17,NSE,ULTRACEMCO,raw_l2/trade_date=2026-07-17/exchange=NSE/symbol=ULTRACEMCO/part-092939_684039-046655.parquet,real_data_sample\l2_unseen_validation\trade_date=2026-07-17\exchange=NSE\symbol=ULTRACEMCO\part-092939_684039-046655.parquet,34683,downloaded,34683,
2026-07-17,NSE,ULTRACEMCO,raw_l2/trade_date=2026-07-17/exchange=NSE/symbol=ULTRACEMCO/part-093023_685030-046751.parquet,real_data_sample\l2_unseen_validation\trade_date=2026-07-17\exchange=NSE\symbol=ULTRACEMCO\part-093023_685030-046751.parquet,34651,downloaded,34651,
2026-07-17,NSE,ULTRACEMCO,raw_l2/trade_date=2026-07-17/exchange=NSE/symbol=ULTRACEMCO/part-092714_669254-046335.parquet,real_data_sample\l2_unseen_validation\trade_date=2026-07-17\exchange=NSE\symbol=ULTRACEMCO\part-092714_669254-046335.parquet,35007,downloaded,35007,
2026-07-17,NSE,ULTRACEMCO,raw_l2/trade_date=2026-07-17/exchange=NSE/symbol=ULTRACEMCO/part-092812_280562-046463.parquet,real_data_sample\l2_unseen_validation\trade_date=2026-07-17\exchange=NSE\symbol=ULTRACEMCO\part-092812_280562-046463.parquet,34496,downloaded,34496,
2026-07-17,NSE,ULTRACEMCO,raw_l2/trade_date=2026-07-17/exchange=NSE/symbol=ULTRACEMCO/part-093135_270746-046911.parquet,real_data_sample\l2_unseen_validation\trade_date=2026-07-17\exchange=NSE\symbol=ULTRACEMCO\part-093135_270746-046911.parquet,34670,downloaded,34670,
2026-07-17,NSE,ULTRACEMCO,raw_l2/trade_date=2026-07-17/exchange=NSE/symbol=ULTRACEMCO/part-092757_931581-046431.parquet,real_data_sample\l2_unseen_validation\trade_date=2026-07-17\exchange=NSE\symbol=ULTRACEMCO\part-092757_931581-046431.parquet,34598,downloaded,34598,
2026-07-17,NSE,ULTRACEMCO,raw_l2/trade_date=2026-07-17/exchange=NSE/symbol=ULTRACEMCO/part-093149_661140-046943.parquet,real_data_sample\l2_unseen_validation\trade_date=2026-07-17\exchange=NSE\symbol=ULTRACEMCO\part-093149_661140-046943.parquet,34522,downloaded,34522,
2026-07-17,NSE,ULTRACEMCO,raw_l2/trade_date=2026-07-17/exchange=NSE/symbol=ULTRACEMCO/part-093120_922863-046879.parquet,real_data_sample\l2_unseen_validation\trade_date=2026-07-17\exchange=NSE\symbol=ULTRACEMCO\part-093120_922863-046879.parquet,34425,downloaded,34425,
2026-07-17,NSE,ULTRACEMCO,raw_l2/trade_date=2026-07-17/exchange=NSE/symbol=ULTRACEMCO/part-092954_190153-046687.parquet,real_data_sample\l2_unseen_validation\trade_date=2026-07-17\exchange=NSE\symbol=ULTRACEMCO\part-092954_190153-046687.parquet,34679,downloaded,34679,
2026-07-17,NSE,ULTRACEMCO,raw_l2/trade_date=2026-07-17/exchange=NSE/symbol=ULTRACEMCO/part-093038_059022-046783.parquet,real_data_sample\l2_unseen_validation\trade_date=2026-07-17\exchange=NSE\symbol=ULTRACEMCO\part-093038_059022-046783.parquet,34711,downloaded,34711,
2026-07-17,NSE,ULTRACEMCO,raw_l2/trade_date=2026-07-17/exchange=NSE/symbol=ULTRACEMCO/part-092547_159809-046143.parquet,real_data_sample\l2_unseen_validation\trade_date=2026-07-17\exchange=NSE\symbol=ULTRACEMCO\part-092547_159809-046143.parquet,34631,downloaded,34631,
2026-07-17,NSE,ULTRACEMCO,raw_l2/trade_date=2026-07-17/exchange=NSE/symbol=ULTRACEMCO/part-093106_686113-046847.parquet,real_data_sample\l2_unseen_validation\trade_date=2026-07-17\exchange=NSE\symbol=ULTRACEMCO\part-093106_686113-046847.parquet,34547,downloaded,34547,
2026-07-17,NSE,ULTRACEMCO,raw_l2/trade_date=2026-07-17/exchange=NSE/symbol=ULTRACEMCO/part-092910_612038-046591.parquet,real_data_sample\l2_unseen_validation\trade_date=2026-07-17\exchange=NSE\symbol=ULTRACEMCO\part-092910_612038-046591.parquet,34608,downloaded,34608,
2026-07-17,NSE,ULTRACEMCO,raw_l2/trade_date=2026-07-17/exchange=NSE/symbol=ULTRACEMCO/part-092855_760876-046559.parquet,real_data_sample\l2_unseen_validation\trade_date=2026-07-17\exchange=NSE\symbol=ULTRACEMCO\part-092855_760876-046559.parquet,34690,downloaded,34690,
2026-07-17,NSE,ULTRACEMCO,raw_l2/trade_date=2026-07-17/exchange=NSE/symbol=ULTRACEMCO/part-093314_783135-047135.parquet,real_data_sample\l2_unseen_validation\trade_date=2026-07-17\exchange=NSE\symbol=ULTRACEMCO\part-093314_783135-047135.parquet,34604,downloaded,34604,
2026-07-17,NSE,ULTRACEMCO,raw_l2/trade_date=2026-07-17/exchange=NSE/symbol=ULTRACEMCO/part-093411_174116-047263.parquet,real_data_sample\l2_unseen_validation\trade_date=2026-07-17\exchange=NSE\symbol=ULTRACEMCO\part-093411_174116-047263.parquet,34425,downloaded,34425,
2026-07-17,NSE,ULTRACEMCO,raw_l2/trade_date=2026-07-17/exchange=NSE/symbol=ULTRACEMCO/part-092434_412411-045983.parquet,real_data_sample\l2_unseen_validation\trade_date=2026-07-17\exchange=NSE\symbol=ULTRACEMCO\part-092434_412411-045983.parquet,34697,downloaded,34697,
2026-07-17,NSE,ULTRACEMCO,raw_l2/trade_date=2026-07-17/exchange=NSE/symbol=ULTRACEMCO/part-093217_871146-047007.parquet,real_data_sample\l2_unseen_validation\trade_date=2026-07-17\exchange=NSE\symbol=ULTRACEMCO\part-093217_871146-047007.parquet,34484,downloaded,34484,
2026-07-17,NSE,ULTRACEMCO,raw_l2/trade_date=2026-07-17/exchange=NSE/symbol=ULTRACEMCO/part-093357_104998-047231.parquet,real_data_sample\l2_unseen_validation\trade_date=2026-07-17\exchange=NSE\symbol=ULTRACEMCO\part-093357_104998-047231.parquet,34404,downloaded,34404,
2026-07-17,NSE,ULTRACEMCO,raw_l2/trade_date=2026-07-17/exchange=NSE/symbol=ULTRACEMCO/part-093909_637595-047935.parquet,real_data_sample\l2_unseen_validation\trade_date=2026-07-17\exchange=NSE\symbol=ULTRACEMCO\part-093909_637595-047935.parquet,34658,downloaded,34658,
2026-07-17,NSE,ULTRACEMCO,raw_l2/trade_date=2026-07-17/exchange=NSE/symbol=ULTRACEMCO/part-093343_069110-047199.parquet,real_data_sample\l2_unseen_validation\trade_date=2026-07-17\exchange=NSE\symbol=ULTRACEMCO\part-093343_069110-047199.parquet,34647,downloaded,34647,
2026-07-17,NSE,ULTRACEMCO,raw_l2/trade_date=2026-07-17/exchange=NSE/symbol=ULTRACEMCO/part-093605_483008-047519.parquet,real_data_sample\l2_unseen_validation\trade_date=2026-07-17\exchange=NSE\symbol=ULTRACEMCO\part-093605_483008-047519.parquet,34643,downloaded,34643,
2026-07-17,NSE,ULTRACEMCO,raw_l2/trade_date=2026-07-17/exchange=NSE/symbol=ULTRACEMCO/part-093439_378435-047327.parquet,real_data_sample\l2_unseen_validation\trade_date=2026-07-17\exchange=NSE\symbol=ULTRACEMCO\part-093439_378435-047327.parquet,34577,downloaded,34577,
2026-07-17,NSE,ULTRACEMCO,raw_l2/trade_date=2026-07-17/exchange=NSE/symbol=ULTRACEMCO/part-093702_171088-047647.parquet,real_data_sample\l2_unseen_validation\trade_date=2026-07-17\exchange=NSE\symbol=ULTRACEMCO\part-093702_171088-047647.parquet,34766,downloaded,34766,
2026-07-17,NSE,ULTRACEMCO,raw_l2/trade_date=2026-07-17/exchange=NSE/symbol=ULTRACEMCO/part-093924_136451-047967.parquet,real_data_sample\l2_unseen_validation\trade_date=2026-07-17\exchange=NSE\symbol=ULTRACEMCO\part-093924_136451-047967.parquet,34441,downloaded,34441,
2026-07-17,NSE,ULTRACEMCO,raw_l2/trade_date=2026-07-17/exchange=NSE/symbol=ULTRACEMCO/part-093232_163452-047039.parquet,real_data_sample\l2_unseen_validation\trade_date=2026-07-17\exchange=NSE\symbol=ULTRACEMCO\part-093232_163452-047039.parquet,34620,downloaded,34620,
2026-07-17,NSE,ULTRACEMCO,raw_l2/trade_date=2026-07-17/exchange=NSE/symbol=ULTRACEMCO/part-093758_222956-047775.parquet,real_data_sample\l2_unseen_validation\trade_date=2026-07-17\exchange=NSE\symbol=ULTRACEMCO\part-093758_222956-047775.parquet,34610,downloaded,34610,
2026-07-17,NSE,ULTRACEMCO,raw_l2/trade_date=2026-07-17/exchange=NSE/symbol=ULTRACEMCO/part-093550_970375-047487.parquet,real_data_sample\l2_unseen_validation\trade_date=2026-07-17\exchange=NSE\symbol=ULTRACEMCO\part-093550_970375-047487.parquet,34483,downloaded,34483,
2026-07-17,NSE,ULTRACEMCO,raw_l2/trade_date=2026-07-17/exchange=NSE/symbol=ULTRACEMCO/part-093507_999271-047391.parquet,real_data_sample\l2_unseen_validation\trade_date=2026-07-17\exchange=NSE\symbol=ULTRACEMCO\part-093507_999271-047391.parquet,34672,downloaded,34672,
2026-07-17,NSE,ULTRACEMCO,raw_l2/trade_date=2026-07-17/exchange=NSE/symbol=ULTRACEMCO/part-093716_183060-047679.parquet,real_data_sample\l2_unseen_validation\trade_date=2026-07-17\exchange=NSE\symbol=ULTRACEMCO\part-093716_183060-047679.parquet,34638,downloaded,34638,
2026-07-17,NSE,ULTRACEMCO,raw_l2/trade_date=2026-07-17/exchange=NSE/symbol=ULTRACEMCO/part-093522_365270-047423.parquet,real_data_sample\l2_unseen_validation\trade_date=2026-07-17\exchange=NSE\symbol=ULTRACEMCO\part-093522_365270-047423.parquet,34606,downloaded,34606,
2026-07-17,NSE,ULTRACEMCO,raw_l2/trade_date=2026-07-17/exchange=NSE/symbol=ULTRACEMCO/part-093730_024504-047711.parquet,real_data_sample\l2_unseen_validation\trade_date=2026-07-17\exchange=NSE\symbol=ULTRACEMCO\part-093730_024504-047711.parquet,34509,downloaded,34509,
2026-07-17,NSE,ULTRACEMCO,raw_l2/trade_date=2026-07-17/exchange=NSE/symbol=ULTRACEMCO/part-093246_343771-047071.parquet,real_data_sample\l2_unseen_validation\trade_date=2026-07-17\exchange=NSE\symbol=ULTRACEMCO\part-093246_343771-047071.parquet,34510,downloaded,34510,
2026-07-17,NSE,ULTRACEMCO,raw_l2/trade_date=2026-07-17/exchange=NSE/symbol=ULTRACEMCO/part-093453_480474-047359.parquet,real_data_sample\l2_unseen_validation\trade_date=2026-07-17\exchange=NSE\symbol=ULTRACEMCO\part-093453_480474-047359.parquet,34652,downloaded,34652,
2026-07-17,NSE,ULTRACEMCO,raw_l2/trade_date=2026-07-17/exchange=NSE/symbol=ULTRACEMCO/part-093425_209470-047295.parquet,real_data_sample\l2_unseen_validation\trade_date=2026-07-17\exchange=NSE\symbol=ULTRACEMCO\part-093425_209470-047295.parquet,34717,downloaded,34717,
2026-07-17,NSE,ULTRACEMCO,raw_l2/trade_date=2026-07-17/exchange=NSE/symbol=ULTRACEMCO/part-093840_906169-047871.parquet,real_data_sample\l2_unseen_validation\trade_date=2026-07-17\exchange=NSE\symbol=ULTRACEMCO\part-093840_906169-047871.parquet,34526,downloaded,34526,
2026-07-17,NSE,ULTRACEMCO,raw_l2/trade_date=2026-07-17/exchange=NSE/symbol=ULTRACEMCO/part-093536_538344-047455.parquet,real_data_sample\l2_unseen_validation\trade_date=2026-07-17\exchange=NSE\symbol=ULTRACEMCO\part-093536_538344-047455.parquet,34594,downloaded,34594,
2026-07-17,NSE,ULTRACEMCO,raw_l2/trade_date=2026-07-17/exchange=NSE/symbol=ULTRACEMCO/part-093812_263334-047807.parquet,real_data_sample\l2_unseen_validation\trade_date=2026-07-17\exchange=NSE\symbol=ULTRACEMCO\part-093812_263334-047807.parquet,34619,downloaded,34619,
2026-07-17,NSE,ULTRACEMCO,raw_l2/trade_date=2026-07-17/exchange=NSE/symbol=ULTRACEMCO/part-093826_489054-047839.parquet,real_data_sample\l2_unseen_validation\trade_date=2026-07-17\exchange=NSE\symbol=ULTRACEMCO\part-093826_489054-047839.parquet,34514,downloaded,34514,
2026-07-17,NSE,ULTRACEMCO,raw_l2/trade_date=2026-07-17/exchange=NSE/symbol=ULTRACEMCO/part-093855_019001-047903.parquet,real_data_sample\l2_unseen_validation\trade_date=2026-07-17\exchange=NSE\symbol=ULTRACEMCO\part-093855_019001-047903.parquet,34744,downloaded,34744,
2026-07-17,NSE,ULTRACEMCO,raw_l2/trade_date=2026-07-17/exchange=NSE/symbol=ULTRACEMCO/part-093619_880277-047551.parquet,real_data_sample\l2_unseen_validation\trade_date=2026-07-17\exchange=NSE\symbol=ULTRACEMCO\part-093619_880277-047551.parquet,34555,downloaded,34555,
2026-07-17,NSE,ULTRACEMCO,raw_l2/trade_date=2026-07-17/exchange=NSE/symbol=ULTRACEMCO/part-093328_923683-047167.parquet,real_data_sample\l2_unseen_validation\trade_date=2026-07-17\exchange=NSE\symbol=ULTRACEMCO\part-093328_923683-047167.parquet,34614,downloaded,34614,
2026-07-17,NSE,ULTRACEMCO,raw_l2/trade_date=2026-07-17/exchange=NSE/symbol=ULTRACEMCO/part-093634_075131-047583.parquet,real_data_sample\l2_unseen_validation\trade_date=2026-07-17\exchange=NSE\symbol=ULTRACEMCO\part-093634_075131-047583.parquet,34446,downloaded,34446,
2026-07-17,NSE,ULTRACEMCO,raw_l2/trade_date=2026-07-17/exchange=NSE/symbol=ULTRACEMCO/part-093952_774816-048031.parquet,real_data_sample\l2_unseen_validation\trade_date=2026-07-17\exchange=NSE\symbol=ULTRACEMCO\part-093952_774816-048031.parquet,34339,downloaded,34339,
2026-07-17,NSE,ULTRACEMCO,raw_l2/trade_date=2026-07-17/exchange=NSE/symbol=ULTRACEMCO/part-094035_615302-048127.parquet,real_data_sample\l2_unseen_validation\trade_date=2026-07-17\exchange=NSE\symbol=ULTRACEMCO\part-094035_615302-048127.parquet,34396,downloaded,34396,
2026-07-17,NSE,ULTRACEMCO,raw_l2/trade_date=2026-07-17/exchange=NSE/symbol=ULTRACEMCO/part-094410_924725-048607.parquet,real_data_sample\l2_unseen_validation\trade_date=2026-07-17\exchange=NSE\symbol=ULTRACEMCO\part-094410_924725-048607.parquet,34664,downloaded,34664,
2026-07-17,NSE,ULTRACEMCO,raw_l2/trade_date=2026-07-17/exchange=NSE/symbol=ULTRACEMCO/part-094133_068547-048255.parquet,real_data_sample\l2_unseen_validation\trade_date=2026-07-17\exchange=NSE\symbol=ULTRACEMCO\part-094133_068547-048255.parquet,34651,downloaded,34651,
2026-07-17,NSE,ULTRACEMCO,raw_l2/trade_date=2026-07-17/exchange=NSE/symbol=ULTRACEMCO/part-094201_965848-048319.parquet,real_data_sample\l2_unseen_validation\trade_date=2026-07-17\exchange=NSE\symbol=ULTRACEMCO\part-094201_965848-048319.parquet,34427,downloaded,34427,
2026-07-17,NSE,ULTRACEMCO,raw_l2/trade_date=2026-07-17/exchange=NSE/symbol=ULTRACEMCO/part-094536_311077-048799.parquet,real_data_sample\l2_unseen_validation\trade_date=2026-07-17\exchange=NSE\symbol=ULTRACEMCO\part-094536_311077-048799.parquet,34165,downloaded,34165,
2026-07-17,NSE,ULTRACEMCO,raw_l2/trade_date=2026-07-17/exchange=NSE/symbol=ULTRACEMCO/part-094342_033385-048543.parquet,real_data_sample\l2_unseen_validation\trade_date=2026-07-17\exchange=NSE\symbol=ULTRACEMCO\part-094342_033385-048543.parquet,34650,downloaded,34650,
2026-07-17,NSE,ULTRACEMCO,raw_l2/trade_date=2026-07-17/exchange=NSE/symbol=ULTRACEMCO/part-094245_045142-048415.parquet,real_data_sample\l2_unseen_validation\trade_date=2026-07-17\exchange=NSE\symbol=ULTRACEMCO\part-094245_045142-048415.parquet,34460,downloaded,34460,
2026-07-17,NSE,ULTRACEMCO,raw_l2/trade_date=2026-07-17/exchange=NSE/symbol=ULTRACEMCO/part-094259_157545-048447.parquet,real_data_sample\l2_unseen_validation\trade_date=2026-07-17\exchange=NSE\symbol=ULTRACEMCO\part-094259_157545-048447.parquet,34537,downloaded,34537,
2026-07-17,NSE,ULTRACEMCO,raw_l2/trade_date=2026-07-17/exchange=NSE/symbol=ULTRACEMCO/part-094230_750556-048383.parquet,real_data_sample\l2_unseen_validation\trade_date=2026-07-17\exchange=NSE\symbol=ULTRACEMCO\part-094230_750556-048383.parquet,34651,downloaded,34651,
2026-07-17,NSE,ULTRACEMCO,raw_l2/trade_date=2026-07-17/exchange=NSE/symbol=ULTRACEMCO/part-094522_157208-048767.parquet,real_data_sample\l2_unseen_validation\trade_date=2026-07-17\exchange=NSE\symbol=ULTRACEMCO\part-094522_157208-048767.parquet,34457,downloaded,34457,
2026-07-17,NSE,ULTRACEMCO,raw_l2/trade_date=2026-07-17/exchange=NSE/symbol=ULTRACEMCO/part-094425_151248-048639.parquet,real_data_sample\l2_unseen_validation\trade_date=2026-07-17\exchange=NSE\symbol=ULTRACEMCO\part-094425_151248-048639.parquet,34600,downloaded,34600,
2026-07-17,NSE,ULTRACEMCO,raw_l2/trade_date=2026-07-17/exchange=NSE/symbol=ULTRACEMCO/part-094508_032441-048735.parquet,real_data_sample\l2_unseen_validation\trade_date=2026-07-17\exchange=NSE\symbol=ULTRACEMCO\part-094508_032441-048735.parquet,34402,downloaded,34402,
2026-07-17,NSE,ULTRACEMCO,raw_l2/trade_date=2026-07-17/exchange=NSE/symbol=ULTRACEMCO/part-094439_486431-048671.parquet,real_data_sample\l2_unseen_validation\trade_date=2026-07-17\exchange=NSE\symbol=ULTRACEMCO\part-094439_486431-048671.parquet,34590,downloaded,34590,
2026-07-17,NSE,ULTRACEMCO,raw_l2/trade_date=2026-07-17/exchange=NSE/symbol=ULTRACEMCO/part-094910_243760-049279.parquet,real_data_sample\l2_unseen_validation\trade_date=2026-07-17\exchange=NSE\symbol=ULTRACEMCO\part-094910_243760-049279.parquet,34409,downloaded,34409,
2026-07-17,NSE,ULTRACEMCO,raw_l2/trade_date=2026-07-17/exchange=NSE/symbol=ULTRACEMCO/part-094716_031048-049023.parquet,real_data_sample\l2_unseen_validation\trade_date=2026-07-17\exchange=NSE\symbol=ULTRACEMCO\part-094716_031048-049023.parquet,34343,downloaded,34343,
2026-07-17,NSE,ULTRACEMCO,raw_l2/trade_date=2026-07-17/exchange=NSE/symbol=ULTRACEMCO/part-094827_250496-049183.parquet,real_data_sample\l2_unseen_validation\trade_date=2026-07-17\exchange=NSE\symbol=ULTRACEMCO\part-094827_250496-049183.parquet,34181,downloaded,34181,
2026-07-17,NSE,ULTRACEMCO,raw_l2/trade_date=2026-07-17/exchange=NSE/symbol=ULTRACEMCO/part-094633_646544-048927.parquet,real_data_sample\l2_unseen_validation\trade_date=2026-07-17\exchange=NSE\symbol=ULTRACEMCO\part-094633_646544-048927.parquet,34532,downloaded,34532,
2026-07-17,NSE,ULTRACEMCO,raw_l2/trade_date=2026-07-17/exchange=NSE/symbol=ULTRACEMCO/part-094813_163481-049151.parquet,real_data_sample\l2_unseen_validation\trade_date=2026-07-17\exchange=NSE\symbol=ULTRACEMCO\part-094813_163481-049151.parquet,34581,downloaded,34581,
2026-07-17,NSE,ULTRACEMCO,raw_l2/trade_date=2026-07-17/exchange=NSE/symbol=ULTRACEMCO/part-094730_278789-049055.parquet,real_data_sample\l2_unseen_validation\trade_date=2026-07-17\exchange=NSE\symbol=ULTRACEMCO\part-094730_278789-049055.parquet,34515,downloaded,34515,
2026-07-17,NSE,ULTRACEMCO,raw_l2/trade_date=2026-07-17/exchange=NSE/symbol=ULTRACEMCO/part-094701_877707-048991.parquet,real_data_sample\l2_unseen_validation\trade_date=2026-07-17\exchange=NSE\symbol=ULTRACEMCO\part-094701_877707-048991.parquet,34438,downloaded,34438,
2026-07-17,NSE,ULTRACEMCO,raw_l2/trade_date=2026-07-17/exchange=NSE/symbol=ULTRACEMCO/part-094759_030499-049119.parquet,real_data_sample\l2_unseen_validation\trade_date=2026-07-17\exchange=NSE\symbol=ULTRACEMCO\part-094759_030499-049119.parquet,34554,downloaded,34554,
2026-07-17,NSE,ULTRACEMCO,raw_l2/trade_date=2026-07-17/exchange=NSE/symbol=ULTRACEMCO/part-094924_592807-049311.parquet,real_data_sample\l2_unseen_validation\trade_date=2026-07-17\exchange=NSE\symbol=ULTRACEMCO\part-094924_592807-049311.parquet,34422,downloaded,34422,
2026-07-17,NSE,ULTRACEMCO,raw_l2/trade_date=2026-07-17/exchange=NSE/symbol=ULTRACEMCO/part-094856_088433-049247.parquet,real_data_sample\l2_unseen_validation\trade_date=2026-07-17\exchange=NSE\symbol=ULTRACEMCO\part-094856_088433-049247.parquet,34422,downloaded,34422,
2026-07-17,NSE,ULTRACEMCO,raw_l2/trade_date=2026-07-17/exchange=NSE/symbol=ULTRACEMCO/part-094938_878800-049343.parquet,real_data_sample\l2_unseen_validation\trade_date=2026-07-17\exchange=NSE\symbol=ULTRACEMCO\part-094938_878800-049343.parquet,34604,downloaded,34604,
2026-07-17,NSE,ULTRACEMCO,raw_l2/trade_date=2026-07-17/exchange=NSE/symbol=ULTRACEMCO/part-094647_623997-048959.parquet,real_data_sample\l2_unseen_validation\trade_date=2026-07-17\exchange=NSE\symbol=ULTRACEMCO\part-094647_623997-048959.parquet,34488,downloaded,34488,
2026-07-17,NSE,ULTRACEMCO,raw_l2/trade_date=2026-07-17/exchange=NSE/symbol=ULTRACEMCO/part-094744_744761-049087.parquet,real_data_sample\l2_unseen_validation\trade_date=2026-07-17\exchange=NSE\symbol=ULTRACEMCO\part-094744_744761-049087.parquet,34503,downloaded,34503,
2026-07-17,NSE,ULTRACEMCO,raw_l2/trade_date=2026-07-17/exchange=NSE/symbol=ULTRACEMCO/part-094841_560811-049215.parquet,real_data_sample\l2_unseen_validation\trade_date=2026-07-17\exchange=NSE\symbol=ULTRACEMCO\part-094841_560811-049215.parquet,34394,downloaded,34394,
2026-07-17,NSE,ULTRACEMCO,raw_l2/trade_date=2026-07-17/exchange=NSE/symbol=ULTRACEMCO/part-094953_128028-049375.parquet,real_data_sample\l2_unseen_validation\trade_date=2026-07-17\exchange=NSE\symbol=ULTRACEMCO\part-094953_128028-049375.parquet,34407,downloaded,34407,
2026-07-17,NSE,ULTRACEMCO,raw_l2/trade_date=2026-07-17/exchange=NSE/symbol=ULTRACEMCO/part-095007_265402-049407.parquet,real_data_sample\l2_unseen_validation\trade_date=2026-07-17\exchange=NSE\symbol=ULTRACEMCO\part-095007_265402-049407.parquet,34467,downloaded,34467,
2026-07-17,NSE,ULTRACEMCO,raw_l2/trade_date=2026-07-17/exchange=NSE/symbol=ULTRACEMCO/part-095049_926905-049503.parquet,real_data_sample\l2_unseen_validation\trade_date=2026-07-17\exchange=NSE\symbol=ULTRACEMCO\part-095049_926905-049503.parquet,34359,downloaded,34359,
2026-07-17,NSE,ULTRACEMCO,raw_l2/trade_date=2026-07-17/exchange=NSE/symbol=ULTRACEMCO/part-095035_854560-049471.parquet,real_data_sample\l2_unseen_validation\trade_date=2026-07-17\exchange=NSE\symbol=ULTRACEMCO\part-095035_854560-049471.parquet,34464,downloaded,34464,
2026-07-17,NSE,ULTRACEMCO,raw_l2/trade_date=2026-07-17/exchange=NSE/symbol=ULTRACEMCO/part-095021_465482-049439.parquet,real_data_sample\l2_unseen_validation\trade_date=2026-07-17\exchange=NSE\symbol=ULTRACEMCO\part-095021_465482-049439.parquet,34488,downloaded,34488,
2026-07-17,NSE,ULTRACEMCO,raw_l2/trade_date=2026-07-17/exchange=NSE/symbol=ULTRACEMCO/part-095132_049417-049599.parquet,real_data_sample\l2_unseen_validation\trade_date=2026-07-17\exchange=NSE\symbol=ULTRACEMCO\part-095132_049417-049599.parquet,34355,downloaded,34355,
2026-07-17,NSE,ULTRACEMCO,raw_l2/trade_date=2026-07-17/exchange=NSE/symbol=ULTRACEMCO/part-095256_712940-049791.parquet,real_data_sample\l2_unseen_validation\trade_date=2026-07-17\exchange=NSE\symbol=ULTRACEMCO\part-095256_712940-049791.parquet,34366,downloaded,34366,
2026-07-17,NSE,ULTRACEMCO,raw_l2/trade_date=2026-07-17/exchange=NSE/symbol=ULTRACEMCO/part-095228_697178-049727.parquet,real_data_sample\l2_unseen_validation\trade_date=2026-07-17\exchange=NSE\symbol=ULTRACEMCO\part-095228_697178-049727.parquet,34359,downloaded,34359,
2026-07-17,NSE,ULTRACEMCO,raw_l2/trade_date=2026-07-17/exchange=NSE/symbol=ULTRACEMCO/part-095214_680287-049695.parquet,real_data_sample\l2_unseen_validation\trade_date=2026-07-17\exchange=NSE\symbol=ULTRACEMCO\part-095214_680287-049695.parquet,34564,downloaded,34564,
2026-07-17,NSE,ULTRACEMCO,raw_l2/trade_date=2026-07-17/exchange=NSE/symbol=ULTRACEMCO/part-095146_147201-049631.parquet,real_data_sample\l2_unseen_validation\trade_date=2026-07-17\exchange=NSE\symbol=ULTRACEMCO\part-095146_147201-049631.parquet,34352,downloaded,34352,
2026-07-17,NSE,ULTRACEMCO,raw_l2/trade_date=2026-07-17/exchange=NSE/symbol=ULTRACEMCO/part-095242_704816-049759.parquet,real_data_sample\l2_unseen_validation\trade_date=2026-07-17\exchange=NSE\symbol=ULTRACEMCO\part-095242_704816-049759.parquet,34620,downloaded,34620,
2026-07-17,NSE,ULTRACEMCO,raw_l2/trade_date=2026-07-17/exchange=NSE/symbol=ULTRACEMCO/part-095118_161983-049567.parquet,real_data_sample\l2_unseen_validation\trade_date=2026-07-17\exchange=NSE\symbol=ULTRACEMCO\part-095118_161983-049567.parquet,34395,downloaded,34395,
2026-07-17,NSE,ULTRACEMCO,raw_l2/trade_date=2026-07-17/exchange=NSE/symbol=ULTRACEMCO/part-095103_956556-049535.parquet,real_data_sample\l2_unseen_validation\trade_date=2026-07-17\exchange=NSE\symbol=ULTRACEMCO\part-095103_956556-049535.parquet,34318,downloaded,34318,
2026-07-17,NSE,ULTRACEMCO,raw_l2/trade_date=2026-07-17/exchange=NSE/symbol=ULTRACEMCO/part-095200_216817-049663.parquet,real_data_sample\l2_unseen_validation\trade_date=2026-07-17\exchange=NSE\symbol=ULTRACEMCO\part-095200_216817-049663.parquet,34351,downloaded,34351,
2026-07-17,NSE,ULTRACEMCO,raw_l2/trade_date=2026-07-17/exchange=NSE/symbol=ULTRACEMCO/part-095310_863696-049823.parquet,real_data_sample\l2_unseen_validation\trade_date=2026-07-17\exchange=NSE\symbol=ULTRACEMCO\part-095310_863696-049823.parquet,34430,downloaded,34430,
2026-07-17,NSE,ULTRACEMCO,raw_l2/trade_date=2026-07-17/exchange=NSE/symbol=ULTRACEMCO/part-095325_079892-049855.parquet,real_data_sample\l2_unseen_validation\trade_date=2026-07-17\exchange=NSE\symbol=ULTRACEMCO\part-095325_079892-049855.parquet,34426,downloaded,34426,
2026-07-17,NSE,ULTRACEMCO,raw_l2/trade_date=2026-07-17/exchange=NSE/symbol=ULTRACEMCO/part-095408_497912-049951.parquet,real_data_sample\l2_unseen_validation\trade_date=2026-07-17\exchange=NSE\symbol=ULTRACEMCO\part-095408_497912-049951.parquet,34325,downloaded,34325,
2026-07-17,NSE,ULTRACEMCO,raw_l2/trade_date=2026-07-17/exchange=NSE/symbol=ULTRACEMCO/part-095339_513880-049887.parquet,real_data_sample\l2_unseen_validation\trade_date=2026-07-17\exchange=NSE\symbol=ULTRACEMCO\part-095339_513880-049887.parquet,34686,downloaded,34686,
2026-07-17,NSE,ULTRACEMCO,raw_l2/trade_date=2026-07-17/exchange=NSE/symbol=ULTRACEMCO/part-095354_057320-049919.parquet,real_data_sample\l2_unseen_validation\trade_date=2026-07-17\exchange=NSE\symbol=ULTRACEMCO\part-095354_057320-049919.parquet,34419,downloaded,34419,
2026-07-17,NSE,ULTRACEMCO,raw_l2/trade_date=2026-07-17/exchange=NSE/symbol=ULTRACEMCO/part-095548_515779-050175.parquet,real_data_sample\l2_unseen_validation\trade_date=2026-07-17\exchange=NSE\symbol=ULTRACEMCO\part-095548_515779-050175.parquet,34358,downloaded,34358,
2026-07-17,NSE,ULTRACEMCO,raw_l2/trade_date=2026-07-17/exchange=NSE/symbol=ULTRACEMCO/part-095603_117839-050207.parquet,real_data_sample\l2_unseen_validation\trade_date=2026-07-17\exchange=NSE\symbol=ULTRACEMCO\part-095603_117839-050207.parquet,34483,downloaded,34483,
2026-07-17,NSE,ULTRACEMCO,raw_l2/trade_date=2026-07-17/exchange=NSE/symbol=ULTRACEMCO/part-095617_380388-050239.parquet,real_data_sample\l2_unseen_validation\trade_date=2026-07-17\exchange=NSE\symbol=ULTRACEMCO\part-095617_380388-050239.parquet,34430,downloaded,34430,
2026-07-17,NSE,ULTRACEMCO,raw_l2/trade_date=2026-07-17/exchange=NSE/symbol=ULTRACEMCO/part-095533_787690-050143.parquet,real_data_sample\l2_unseen_validation\trade_date=2026-07-17\exchange=NSE\symbol=ULTRACEMCO\part-095533_787690-050143.parquet,34387,downloaded,34387,
2026-07-17,NSE,ULTRACEMCO,raw_l2/trade_date=2026-07-17/exchange=NSE/symbol=ULTRACEMCO/part-095436_746621-050015.parquet,real_data_sample\l2_unseen_validation\trade_date=2026-07-17\exchange=NSE\symbol=ULTRACEMCO\part-095436_746621-050015.parquet,34408,downloaded,34408,
2026-07-17,NSE,ULTRACEMCO,raw_l2/trade_date=2026-07-17/exchange=NSE/symbol=ULTRACEMCO/part-095422_723072-049983.parquet,real_data_sample\l2_unseen_validation\trade_date=2026-07-17\exchange=NSE\symbol=ULTRACEMCO\part-095422_723072-049983.parquet,34601,downloaded,34601,
2026-07-17,NSE,ULTRACEMCO,raw_l2/trade_date=2026-07-17/exchange=NSE/symbol=ULTRACEMCO/part-095451_083666-050047.parquet,real_data_sample\l2_unseen_validation\trade_date=2026-07-17\exchange=NSE\symbol=ULTRACEMCO\part-095451_083666-050047.parquet,34601,downloaded,34601,
2026-07-17,NSE,ULTRACEMCO,raw_l2/trade_date=2026-07-17/exchange=NSE/symbol=ULTRACEMCO/part-095519_301161-050111.parquet,real_data_sample\l2_unseen_validation\trade_date=2026-07-17\exchange=NSE\symbol=ULTRACEMCO\part-095519_301161-050111.parquet,34436,downloaded,34436,
2026-07-17,NSE,ULTRACEMCO,raw_l2/trade_date=2026-07-17/exchange=NSE/symbol=ULTRACEMCO/part-095505_200799-050079.parquet,real_data_sample\l2_unseen_validation\trade_date=2026-07-17\exchange=NSE\symbol=ULTRACEMCO\part-095505_200799-050079.parquet,34350,downloaded,34350,
2026-07-17,NSE,ULTRACEMCO,raw_l2/trade_date=2026-07-17/exchange=NSE/symbol=ULTRACEMCO/part-095631_845615-050271.parquet,real_data_sample\l2_unseen_validation\trade_date=2026-07-17\exchange=NSE\symbol=ULTRACEMCO\part-095631_845615-050271.parquet,34491,downloaded,34491,
2026-07-17,NSE,ULTRACEMCO,raw_l2/trade_date=2026-07-17/exchange=NSE/symbol=ULTRACEMCO/part-095646_259774-050303.parquet,real_data_sample\l2_unseen_validation\trade_date=2026-07-17\exchange=NSE\symbol=ULTRACEMCO\part-095646_259774-050303.parquet,34513,downloaded,34513,
2026-07-17,NSE,ULTRACEMCO,raw_l2/trade_date=2026-07-17/exchange=NSE/symbol=ULTRACEMCO/part-095758_848900-050463.parquet,real_data_sample\l2_unseen_validation\trade_date=2026-07-17\exchange=NSE\symbol=ULTRACEMCO\part-095758_848900-050463.parquet,34443,downloaded,34443,
2026-07-17,NSE,ULTRACEMCO,raw_l2/trade_date=2026-07-17/exchange=NSE/symbol=ULTRACEMCO/part-095715_868775-050367.parquet,real_data_sample\l2_unseen_validation\trade_date=2026-07-17\exchange=NSE\symbol=ULTRACEMCO\part-095715_868775-050367.parquet,34510,downloaded,34510,
2026-07-17,NSE,ULTRACEMCO,raw_l2/trade_date=2026-07-17/exchange=NSE/symbol=ULTRACEMCO/part-095701_223914-050335.parquet,real_data_sample\l2_unseen_validation\trade_date=2026-07-17\exchange=NSE\symbol=ULTRACEMCO\part-095701_223914-050335.parquet,34431,downloaded,34431,
2026-07-17,NSE,ULTRACEMCO,raw_l2/trade_date=2026-07-17/exchange=NSE/symbol=ULTRACEMCO/part-095730_226522-050399.parquet,real_data_sample\l2_unseen_validation\trade_date=2026-07-17\exchange=NSE\symbol=ULTRACEMCO\part-095730_226522-050399.parquet,34308,downloaded,34308,
2026-07-17,NSE,ULTRACEMCO,raw_l2/trade_date=2026-07-17/exchange=NSE/symbol=ULTRACEMCO/part-095744_599590-050431.parquet,real_data_sample\l2_unseen_validation\trade_date=2026-07-17\exchange=NSE\symbol=ULTRACEMCO\part-095744_599590-050431.parquet,34493,downloaded,34493,
2026-07-17,NSE,ULTRACEMCO,raw_l2/trade_date=2026-07-17/exchange=NSE/symbol=ULTRACEMCO/part-095856_789278-050591.parquet,real_data_sample\l2_unseen_validation\trade_date=2026-07-17\exchange=NSE\symbol=ULTRACEMCO\part-095856_789278-050591.parquet,34442,downloaded,34442,
2026-07-17,NSE,ULTRACEMCO,raw_l2/trade_date=2026-07-17/exchange=NSE/symbol=ULTRACEMCO/part-095911_225947-050623.parquet,real_data_sample\l2_unseen_validation\trade_date=2026-07-17\exchange=NSE\symbol=ULTRACEMCO\part-095911_225947-050623.parquet,34421,downloaded,34421,
2026-07-17,NSE,ULTRACEMCO,raw_l2/trade_date=2026-07-17/exchange=NSE/symbol=ULTRACEMCO/part-095812_963306-050495.parquet,real_data_sample\l2_unseen_validation\trade_date=2026-07-17\exchange=NSE\symbol=ULTRACEMCO\part-095812_963306-050495.parquet,34447,downloaded,34447,
2026-07-17,NSE,ULTRACEMCO,raw_l2/trade_date=2026-07-17/exchange=NSE/symbol=ULTRACEMCO/part-095940_255727-050687.parquet,real_data_sample\l2_unseen_validation\trade_date=2026-07-17\exchange=NSE\symbol=ULTRACEMCO\part-095940_255727-050687.parquet,34108,downloaded,34108,
2026-07-17,NSE,ULTRACEMCO,raw_l2/trade_date=2026-07-17/exchange=NSE/symbol=ULTRACEMCO/part-095827_404405-050527.parquet,real_data_sample\l2_unseen_validation\trade_date=2026-07-17\exchange=NSE\symbol=ULTRACEMCO\part-095827_404405-050527.parquet,34325,downloaded,34325,
2026-07-17,NSE,ULTRACEMCO,raw_l2/trade_date=2026-07-17/exchange=NSE/symbol=ULTRACEMCO/part-095925_720877-050655.parquet,real_data_sample\l2_unseen_validation\trade_date=2026-07-17\exchange=NSE\symbol=ULTRACEMCO\part-095925_720877-050655.parquet,34566,downloaded,34566,
2026-07-17,NSE,ULTRACEMCO,raw_l2/trade_date=2026-07-17/exchange=NSE/symbol=ULTRACEMCO/part-095842_222518-050559.parquet,real_data_sample\l2_unseen_validation\trade_date=2026-07-17\exchange=NSE\symbol=ULTRACEMCO\part-095842_222518-050559.parquet,34355,downloaded,34355,
2026-07-17,NSE,ULTRACEMCO,raw_l2/trade_date=2026-07-17/exchange=NSE/symbol=ULTRACEMCO/part-095954_531939-050719.parquet,real_data_sample\l2_unseen_validation\trade_date=2026-07-17\exchange=NSE\symbol=ULTRACEMCO\part-095954_531939-050719.parquet,34463,downloaded,34463,
2026-07-17,NSE,ULTRACEMCO,raw_l2/trade_date=2026-07-17/exchange=NSE/symbol=ULTRACEMCO/part-100008_837372-050751.parquet,real_data_sample\l2_unseen_validation\trade_date=2026-07-17\exchange=NSE\symbol=ULTRACEMCO\part-100008_837372-050751.parquet,34438,downloaded,34438,
2026-07-17,NSE,ULTRACEMCO,raw_l2/trade_date=2026-07-17/exchange=NSE/symbol=ULTRACEMCO/part-093648_134717-047615.parquet,real_data_sample\l2_unseen_validation\trade_date=2026-07-17\exchange=NSE\symbol=ULTRACEMCO\part-093648_134717-047615.parquet,34427,downloaded,34427,
2026-07-17,NSE,ULTRACEMCO,raw_l2/trade_date=2026-07-17/exchange=NSE/symbol=ULTRACEMCO/part-093744_031371-047743.parquet,real_data_sample\l2_unseen_validation\trade_date=2026-07-17\exchange=NSE\symbol=ULTRACEMCO\part-093744_031371-047743.parquet,34565,downloaded,34565,
2026-07-17,NSE,WIPRO,raw_l2/trade_date=2026-07-17/exchange=NSE/symbol=WIPRO/part-034504_793129-000032.parquet,real_data_sample\l2_unseen_validation\trade_date=2026-07-17\exchange=NSE\symbol=WIPRO\part-034504_793129-000032.parquet,34361,downloaded,34361,
2026-07-17,NSE,ULTRACEMCO,raw_l2/trade_date=2026-07-17/exchange=NSE/symbol=ULTRACEMCO/part-100114_617934-050764.parquet,real_data_sample\l2_unseen_validation\trade_date=2026-07-17\exchange=NSE\symbol=ULTRACEMCO\part-100114_617934-050764.parquet,34108,downloaded,34108,
2026-07-17,NSE,WIPRO,raw_l2/trade_date=2026-07-17/exchange=NSE/symbol=WIPRO/part-034518_737080-000064.parquet,real_data_sample\l2_unseen_validation\trade_date=2026-07-17\exchange=NSE\symbol=WIPRO\part-034518_737080-000064.parquet,37199,downloaded,37199,
2026-07-17,NSE,WIPRO,raw_l2/trade_date=2026-07-17/exchange=NSE/symbol=WIPRO/part-034546_891376-000128.parquet,real_data_sample\l2_unseen_validation\trade_date=2026-07-17\exchange=NSE\symbol=WIPRO\part-034546_891376-000128.parquet,36893,downloaded,36893,
2026-07-17,NSE,WIPRO,raw_l2/trade_date=2026-07-17/exchange=NSE/symbol=WIPRO/part-034532_522840-000096.parquet,real_data_sample\l2_unseen_validation\trade_date=2026-07-17\exchange=NSE\symbol=WIPRO\part-034532_522840-000096.parquet,36581,downloaded,36581,
2026-07-17,NSE,WIPRO,raw_l2/trade_date=2026-07-17/exchange=NSE/symbol=WIPRO/part-034643_287007-000256.parquet,real_data_sample\l2_unseen_validation\trade_date=2026-07-17\exchange=NSE\symbol=WIPRO\part-034643_287007-000256.parquet,37015,downloaded,37015,
2026-07-17,NSE,WIPRO,raw_l2/trade_date=2026-07-17/exchange=NSE/symbol=WIPRO/part-034600_995267-000160.parquet,real_data_sample\l2_unseen_validation\trade_date=2026-07-17\exchange=NSE\symbol=WIPRO\part-034600_995267-000160.parquet,36988,downloaded,36988,
2026-07-17,NSE,WIPRO,raw_l2/trade_date=2026-07-17/exchange=NSE/symbol=WIPRO/part-034614_996696-000192.parquet,real_data_sample\l2_unseen_validation\trade_date=2026-07-17\exchange=NSE\symbol=WIPRO\part-034614_996696-000192.parquet,37039,downloaded,37039,
2026-07-17,NSE,WIPRO,raw_l2/trade_date=2026-07-17/exchange=NSE/symbol=WIPRO/part-034724_937748-000352.parquet,real_data_sample\l2_unseen_validation\trade_date=2026-07-17\exchange=NSE\symbol=WIPRO\part-034724_937748-000352.parquet,36634,downloaded,36634,
2026-07-17,NSE,WIPRO,raw_l2/trade_date=2026-07-17/exchange=NSE/symbol=WIPRO/part-034628_903867-000224.parquet,real_data_sample\l2_unseen_validation\trade_date=2026-07-17\exchange=NSE\symbol=WIPRO\part-034628_903867-000224.parquet,36810,downloaded,36810,
2026-07-17,NSE,WIPRO,raw_l2/trade_date=2026-07-17/exchange=NSE/symbol=WIPRO/part-034657_074965-000288.parquet,real_data_sample\l2_unseen_validation\trade_date=2026-07-17\exchange=NSE\symbol=WIPRO\part-034657_074965-000288.parquet,36925,downloaded,36925,
2026-07-17,NSE,WIPRO,raw_l2/trade_date=2026-07-17/exchange=NSE/symbol=WIPRO/part-034710_930839-000320.parquet,real_data_sample\l2_unseen_validation\trade_date=2026-07-17\exchange=NSE\symbol=WIPRO\part-034710_930839-000320.parquet,36645,downloaded,36645,
2026-07-17,NSE,ULTRACEMCO,raw_l2/trade_date=2026-07-17/exchange=NSE/symbol=ULTRACEMCO/part-093300_434731-047103.parquet,real_data_sample\l2_unseen_validation\trade_date=2026-07-17\exchange=NSE\symbol=ULTRACEMCO\part-093300_434731-047103.parquet,34509,downloaded,34509,
2026-07-17,NSE,WIPRO,raw_l2/trade_date=2026-07-17/exchange=NSE/symbol=WIPRO/part-034739_162650-000384.parquet,real_data_sample\l2_unseen_validation\trade_date=2026-07-17\exchange=NSE\symbol=WIPRO\part-034739_162650-000384.parquet,36590,downloaded,36590,
2026-07-17,NSE,WIPRO,raw_l2/trade_date=2026-07-17/exchange=NSE/symbol=WIPRO/part-034753_124980-000416.parquet,real_data_sample\l2_unseen_validation\trade_date=2026-07-17\exchange=NSE\symbol=WIPRO\part-034753_124980-000416.parquet,36595,downloaded,36595,
2026-07-17,NSE,WIPRO,raw_l2/trade_date=2026-07-17/exchange=NSE/symbol=WIPRO/part-034807_541633-000448.parquet,real_data_sample\l2_unseen_validation\trade_date=2026-07-17\exchange=NSE\symbol=WIPRO\part-034807_541633-000448.parquet,36880,downloaded,36880,
2026-07-17,NSE,WIPRO,raw_l2/trade_date=2026-07-17/exchange=NSE/symbol=WIPRO/part-034821_215201-000480.parquet,real_data_sample\l2_unseen_validation\trade_date=2026-07-17\exchange=NSE\symbol=WIPRO\part-034821_215201-000480.parquet,36849,downloaded,36849,
2026-07-17,NSE,ULTRACEMCO,raw_l2/trade_date=2026-07-17/exchange=NSE/symbol=ULTRACEMCO/part-094327_616493-048511.parquet,real_data_sample\l2_unseen_validation\trade_date=2026-07-17\exchange=NSE\symbol=ULTRACEMCO\part-094327_616493-048511.parquet,34674,downloaded,34674,
2026-07-17,NSE,WIPRO,raw_l2/trade_date=2026-07-17/exchange=NSE/symbol=WIPRO/part-034835_066776-000512.parquet,real_data_sample\l2_unseen_validation\trade_date=2026-07-17\exchange=NSE\symbol=WIPRO\part-034835_066776-000512.parquet,36459,downloaded,36459,
2026-07-17,NSE,WIPRO,raw_l2/trade_date=2026-07-17/exchange=NSE/symbol=WIPRO/part-034848_825307-000544.parquet,real_data_sample\l2_unseen_validation\trade_date=2026-07-17\exchange=NSE\symbol=WIPRO\part-034848_825307-000544.parquet,36767,downloaded,36767,
2026-07-17,NSE,ULTRACEMCO,raw_l2/trade_date=2026-07-17/exchange=NSE/symbol=ULTRACEMCO/part-093938_292006-047999.parquet,real_data_sample\l2_unseen_validation\trade_date=2026-07-17\exchange=NSE\symbol=ULTRACEMCO\part-093938_292006-047999.parquet,34439,downloaded,34439,
2026-07-17,NSE,ULTRACEMCO,raw_l2/trade_date=2026-07-17/exchange=NSE/symbol=ULTRACEMCO/part-094619_569731-048895.parquet,real_data_sample\l2_unseen_validation\trade_date=2026-07-17\exchange=NSE\symbol=ULTRACEMCO\part-094619_569731-048895.parquet,34470,downloaded,34470,
2026-07-17,NSE,ULTRACEMCO,raw_l2/trade_date=2026-07-17/exchange=NSE/symbol=ULTRACEMCO/part-094550_708520-048831.parquet,real_data_sample\l2_unseen_validation\trade_date=2026-07-17\exchange=NSE\symbol=ULTRACEMCO\part-094550_708520-048831.parquet,34482,downloaded,34482,
2026-07-17,NSE,WIPRO,raw_l2/trade_date=2026-07-17/exchange=NSE/symbol=WIPRO/part-034902_663993-000576.parquet,real_data_sample\l2_unseen_validation\trade_date=2026-07-17\exchange=NSE\symbol=WIPRO\part-034902_663993-000576.parquet,36672,downloaded,36672,
2026-07-17,NSE,ULTRACEMCO,raw_l2/trade_date=2026-07-17/exchange=NSE/symbol=ULTRACEMCO/part-094453_767730-048703.parquet,real_data_sample\l2_unseen_validation\trade_date=2026-07-17\exchange=NSE\symbol=ULTRACEMCO\part-094453_767730-048703.parquet,34508,downloaded,34508,
2026-07-17,NSE,ULTRACEMCO,raw_l2/trade_date=2026-07-17/exchange=NSE/symbol=ULTRACEMCO/part-094049_850194-048159.parquet,real_data_sample\l2_unseen_validation\trade_date=2026-07-17\exchange=NSE\symbol=ULTRACEMCO\part-094049_850194-048159.parquet,34650,downloaded,34650,
2026-07-17,NSE,WIPRO,raw_l2/trade_date=2026-07-17/exchange=NSE/symbol=WIPRO/part-035012_652930-000736.parquet,real_data_sample\l2_unseen_validation\trade_date=2026-07-17\exchange=NSE\symbol=WIPRO\part-035012_652930-000736.parquet,36681,downloaded,36681,
2026-07-17,NSE,WIPRO,raw_l2/trade_date=2026-07-17/exchange=NSE/symbol=WIPRO/part-035026_559617-000768.parquet,real_data_sample\l2_unseen_validation\trade_date=2026-07-17\exchange=NSE\symbol=WIPRO\part-035026_559617-000768.parquet,36822,downloaded,36822,
2026-07-17,NSE,ULTRACEMCO,raw_l2/trade_date=2026-07-17/exchange=NSE/symbol=ULTRACEMCO/part-094147_492424-048287.parquet,real_data_sample\l2_unseen_validation\trade_date=2026-07-17\exchange=NSE\symbol=ULTRACEMCO\part-094147_492424-048287.parquet,34511,downloaded,34511,
2026-07-17,NSE,WIPRO,raw_l2/trade_date=2026-07-17/exchange=NSE/symbol=WIPRO/part-035054_023937-000832.parquet,real_data_sample\l2_unseen_validation\trade_date=2026-07-17\exchange=NSE\symbol=WIPRO\part-035054_023937-000832.parquet,36791,downloaded,36791,
2026-07-17,NSE,WIPRO,raw_l2/trade_date=2026-07-17/exchange=NSE/symbol=WIPRO/part-035040_314850-000800.parquet,real_data_sample\l2_unseen_validation\trade_date=2026-07-17\exchange=NSE\symbol=WIPRO\part-035040_314850-000800.parquet,36672,downloaded,36672,
2026-07-17,NSE,WIPRO,raw_l2/trade_date=2026-07-17/exchange=NSE/symbol=WIPRO/part-035107_722644-000864.parquet,real_data_sample\l2_unseen_validation\trade_date=2026-07-17\exchange=NSE\symbol=WIPRO\part-035107_722644-000864.parquet,36874,downloaded,36874,
2026-07-17,NSE,ULTRACEMCO,raw_l2/trade_date=2026-07-17/exchange=NSE/symbol=ULTRACEMCO/part-094356_483173-048575.parquet,real_data_sample\l2_unseen_validation\trade_date=2026-07-17\exchange=NSE\symbol=ULTRACEMCO\part-094356_483173-048575.parquet,34708,downloaded,34708,
2026-07-17,NSE,WIPRO,raw_l2/trade_date=2026-07-17/exchange=NSE/symbol=WIPRO/part-035121_572550-000896.parquet,real_data_sample\l2_unseen_validation\trade_date=2026-07-17\exchange=NSE\symbol=WIPRO\part-035121_572550-000896.parquet,36637,downloaded,36637,
2026-07-17,NSE,ULTRACEMCO,raw_l2/trade_date=2026-07-17/exchange=NSE/symbol=ULTRACEMCO/part-094104_358829-048191.parquet,real_data_sample\l2_unseen_validation\trade_date=2026-07-17\exchange=NSE\symbol=ULTRACEMCO\part-094104_358829-048191.parquet,34476,downloaded,34476,
2026-07-17,NSE,ULTRACEMCO,raw_l2/trade_date=2026-07-17/exchange=NSE/symbol=ULTRACEMCO/part-094118_934366-048223.parquet,real_data_sample\l2_unseen_validation\trade_date=2026-07-17\exchange=NSE\symbol=ULTRACEMCO\part-094118_934366-048223.parquet,34472,downloaded,34472,
2026-07-17,NSE,WIPRO,raw_l2/trade_date=2026-07-17/exchange=NSE/symbol=WIPRO/part-034916_666061-000608.parquet,real_data_sample\l2_unseen_validation\trade_date=2026-07-17\exchange=NSE\symbol=WIPRO\part-034916_666061-000608.parquet,36373,downloaded,36373,
2026-07-17,NSE,WIPRO,raw_l2/trade_date=2026-07-17/exchange=NSE/symbol=WIPRO/part-034930_794080-000640.parquet,real_data_sample\l2_unseen_validation\trade_date=2026-07-17\exchange=NSE\symbol=WIPRO\part-034930_794080-000640.parquet,36560,downloaded,36560,
2026-07-17,NSE,WIPRO,raw_l2/trade_date=2026-07-17/exchange=NSE/symbol=WIPRO/part-035135_287148-000928.parquet,real_data_sample\l2_unseen_validation\trade_date=2026-07-17\exchange=NSE\symbol=WIPRO\part-035135_287148-000928.parquet,36635,downloaded,36635,
2026-07-17,NSE,WIPRO,raw_l2/trade_date=2026-07-17/exchange=NSE/symbol=WIPRO/part-034958_777428-000704.parquet,real_data_sample\l2_unseen_validation\trade_date=2026-07-17\exchange=NSE\symbol=WIPRO\part-034958_777428-000704.parquet,36581,downloaded,36581,
2026-07-17,NSE,WIPRO,raw_l2/trade_date=2026-07-17/exchange=NSE/symbol=WIPRO/part-034944_678785-000672.parquet,real_data_sample\l2_unseen_validation\trade_date=2026-07-17\exchange=NSE\symbol=WIPRO\part-034944_678785-000672.parquet,36717,downloaded,36717,
2026-07-17,NSE,ULTRACEMCO,raw_l2/trade_date=2026-07-17/exchange=NSE/symbol=ULTRACEMCO/part-094313_333918-048479.parquet,real_data_sample\l2_unseen_validation\trade_date=2026-07-17\exchange=NSE\symbol=ULTRACEMCO\part-094313_333918-048479.parquet,34581,downloaded,34581,
2026-07-17,NSE,ULTRACEMCO,raw_l2/trade_date=2026-07-17/exchange=NSE/symbol=ULTRACEMCO/part-094216_294728-048351.parquet,real_data_sample\l2_unseen_validation\trade_date=2026-07-17\exchange=NSE\symbol=ULTRACEMCO\part-094216_294728-048351.parquet,34456,downloaded,34456,
2026-07-17,NSE,ULTRACEMCO,raw_l2/trade_date=2026-07-17/exchange=NSE/symbol=ULTRACEMCO/part-094605_085872-048863.parquet,real_data_sample\l2_unseen_validation\trade_date=2026-07-17\exchange=NSE\symbol=ULTRACEMCO\part-094605_085872-048863.parquet,34539,downloaded,34539,
2026-07-17,NSE,ULTRACEMCO,raw_l2/trade_date=2026-07-17/exchange=NSE/symbol=ULTRACEMCO/part-094007_000200-048063.parquet,real_data_sample\l2_unseen_validation\trade_date=2026-07-17\exchange=NSE\symbol=ULTRACEMCO\part-094007_000200-048063.parquet,34468,downloaded,34468,
2026-07-17,NSE,WIPRO,raw_l2/trade_date=2026-07-17/exchange=NSE/symbol=WIPRO/part-035149_165503-000960.parquet,real_data_sample\l2_unseen_validation\trade_date=2026-07-17\exchange=NSE\symbol=WIPRO\part-035149_165503-000960.parquet,36586,downloaded,36586,
2026-07-17,NSE,WIPRO,raw_l2/trade_date=2026-07-17/exchange=NSE/symbol=WIPRO/part-035203_181123-000992.parquet,real_data_sample\l2_unseen_validation\trade_date=2026-07-17\exchange=NSE\symbol=WIPRO\part-035203_181123-000992.parquet,36616,downloaded,36616,
2026-07-17,NSE,ULTRACEMCO,raw_l2/trade_date=2026-07-17/exchange=NSE/symbol=ULTRACEMCO/part-094021_204907-048095.parquet,real_data_sample\l2_unseen_validation\trade_date=2026-07-17\exchange=NSE\symbol=ULTRACEMCO\part-094021_204907-048095.parquet,34396,downloaded,34396,
2026-07-17,NSE,WIPRO,raw_l2/trade_date=2026-07-17/exchange=NSE/symbol=WIPRO/part-035230_910316-001056.parquet,real_data_sample\l2_unseen_validation\trade_date=2026-07-17\exchange=NSE\symbol=WIPRO\part-035230_910316-001056.parquet,36680,downloaded,36680,
2026-07-17,NSE,WIPRO,raw_l2/trade_date=2026-07-17/exchange=NSE/symbol=WIPRO/part-035217_008876-001024.parquet,real_data_sample\l2_unseen_validation\trade_date=2026-07-17\exchange=NSE\symbol=WIPRO\part-035217_008876-001024.parquet,36771,downloaded,36771,
2026-07-17,NSE,WIPRO,raw_l2/trade_date=2026-07-17/exchange=NSE/symbol=WIPRO/part-035244_853870-001088.parquet,real_data_sample\l2_unseen_validation\trade_date=2026-07-17\exchange=NSE\symbol=WIPRO\part-035244_853870-001088.parquet,36557,downloaded,36557,
2026-07-17,NSE,WIPRO,raw_l2/trade_date=2026-07-17/exchange=NSE/symbol=WIPRO/part-035312_752369-001152.parquet,real_data_sample\l2_unseen_validation\trade_date=2026-07-17\exchange=NSE\symbol=WIPRO\part-035312_752369-001152.parquet,36272,downloaded,36272,
2026-07-17,NSE,WIPRO,raw_l2/trade_date=2026-07-17/exchange=NSE/symbol=WIPRO/part-035259_014907-001120.parquet,real_data_sample\l2_unseen_validation\trade_date=2026-07-17\exchange=NSE\symbol=WIPRO\part-035259_014907-001120.parquet,36539,downloaded,36539,
2026-07-17,NSE,WIPRO,raw_l2/trade_date=2026-07-17/exchange=NSE/symbol=WIPRO/part-035326_597958-001184.parquet,real_data_sample\l2_unseen_validation\trade_date=2026-07-17\exchange=NSE\symbol=WIPRO\part-035326_597958-001184.parquet,36583,downloaded,36583,
2026-07-17,NSE,WIPRO,raw_l2/trade_date=2026-07-17/exchange=NSE/symbol=WIPRO/part-035421_925031-001312.parquet,real_data_sample\l2_unseen_validation\trade_date=2026-07-17\exchange=NSE\symbol=WIPRO\part-035421_925031-001312.parquet,36630,downloaded,36630,
2026-07-17,NSE,WIPRO,raw_l2/trade_date=2026-07-17/exchange=NSE/symbol=WIPRO/part-035354_409588-001248.parquet,real_data_sample\l2_unseen_validation\trade_date=2026-07-17\exchange=NSE\symbol=WIPRO\part-035354_409588-001248.parquet,36499,downloaded,36499,
2026-07-17,NSE,WIPRO,raw_l2/trade_date=2026-07-17/exchange=NSE/symbol=WIPRO/part-035435_883508-001344.parquet,real_data_sample\l2_unseen_validation\trade_date=2026-07-17\exchange=NSE\symbol=WIPRO\part-035435_883508-001344.parquet,36662,downloaded,36662,
2026-07-17,NSE,WIPRO,raw_l2/trade_date=2026-07-17/exchange=NSE/symbol=WIPRO/part-035503_849847-001408.parquet,real_data_sample\l2_unseen_validation\trade_date=2026-07-17\exchange=NSE\symbol=WIPRO\part-035503_849847-001408.parquet,36346,downloaded,36346,
2026-07-17,NSE,WIPRO,raw_l2/trade_date=2026-07-17/exchange=NSE/symbol=WIPRO/part-035408_300550-001280.parquet,real_data_sample\l2_unseen_validation\trade_date=2026-07-17\exchange=NSE\symbol=WIPRO\part-035408_300550-001280.parquet,36742,downloaded,36742,
2026-07-17,NSE,WIPRO,raw_l2/trade_date=2026-07-17/exchange=NSE/symbol=WIPRO/part-035449_710761-001376.parquet,real_data_sample\l2_unseen_validation\trade_date=2026-07-17\exchange=NSE\symbol=WIPRO\part-035449_710761-001376.parquet,36707,downloaded,36707,
2026-07-17,NSE,WIPRO,raw_l2/trade_date=2026-07-17/exchange=NSE/symbol=WIPRO/part-035517_866860-001440.parquet,real_data_sample\l2_unseen_validation\trade_date=2026-07-17\exchange=NSE\symbol=WIPRO\part-035517_866860-001440.parquet,36526,downloaded,36526,
2026-07-17,NSE,WIPRO,raw_l2/trade_date=2026-07-17/exchange=NSE/symbol=WIPRO/part-035613_617219-001568.parquet,real_data_sample\l2_unseen_validation\trade_date=2026-07-17\exchange=NSE\symbol=WIPRO\part-035613_617219-001568.parquet,36748,downloaded,36748,
2026-07-17,NSE,WIPRO,raw_l2/trade_date=2026-07-17/exchange=NSE/symbol=WIPRO/part-035641_694692-001632.parquet,real_data_sample\l2_unseen_validation\trade_date=2026-07-17\exchange=NSE\symbol=WIPRO\part-035641_694692-001632.parquet,36750,downloaded,36750,
2026-07-17,NSE,WIPRO,raw_l2/trade_date=2026-07-17/exchange=NSE/symbol=WIPRO/part-035545_836819-001504.parquet,real_data_sample\l2_unseen_validation\trade_date=2026-07-17\exchange=NSE\symbol=WIPRO\part-035545_836819-001504.parquet,36624,downloaded,36624,
2026-07-17,NSE,WIPRO,raw_l2/trade_date=2026-07-17/exchange=NSE/symbol=WIPRO/part-035531_960417-001472.parquet,real_data_sample\l2_unseen_validation\trade_date=2026-07-17\exchange=NSE\symbol=WIPRO\part-035531_960417-001472.parquet,37004,downloaded,37004,
2026-07-17,NSE,WIPRO,raw_l2/trade_date=2026-07-17/exchange=NSE/symbol=WIPRO/part-035559_720159-001536.parquet,real_data_sample\l2_unseen_validation\trade_date=2026-07-17\exchange=NSE\symbol=WIPRO\part-035559_720159-001536.parquet,36821,downloaded,36821,
2026-07-17,NSE,WIPRO,raw_l2/trade_date=2026-07-17/exchange=NSE/symbol=WIPRO/part-035709_503850-001696.parquet,real_data_sample\l2_unseen_validation\trade_date=2026-07-17\exchange=NSE\symbol=WIPRO\part-035709_503850-001696.parquet,36644,downloaded,36644,
2026-07-17,NSE,WIPRO,raw_l2/trade_date=2026-07-17/exchange=NSE/symbol=WIPRO/part-035627_765327-001600.parquet,real_data_sample\l2_unseen_validation\trade_date=2026-07-17\exchange=NSE\symbol=WIPRO\part-035627_765327-001600.parquet,36552,downloaded,36552,
2026-07-17,NSE,WIPRO,raw_l2/trade_date=2026-07-17/exchange=NSE/symbol=WIPRO/part-035902_549069-001952.parquet,real_data_sample\l2_unseen_validation\trade_date=2026-07-17\exchange=NSE\symbol=WIPRO\part-035902_549069-001952.parquet,36492,downloaded,36492,
2026-07-17,NSE,WIPRO,raw_l2/trade_date=2026-07-17/exchange=NSE/symbol=WIPRO/part-035834_525658-001888.parquet,real_data_sample\l2_unseen_validation\trade_date=2026-07-17\exchange=NSE\symbol=WIPRO\part-035834_525658-001888.parquet,36028,downloaded,36028,
2026-07-17,NSE,WIPRO,raw_l2/trade_date=2026-07-17/exchange=NSE/symbol=WIPRO/part-035916_500769-001984.parquet,real_data_sample\l2_unseen_validation\trade_date=2026-07-17\exchange=NSE\symbol=WIPRO\part-035916_500769-001984.parquet,36674,downloaded,36674,
2026-07-17,NSE,WIPRO,raw_l2/trade_date=2026-07-17/exchange=NSE/symbol=WIPRO/part-035655_582535-001664.parquet,real_data_sample\l2_unseen_validation\trade_date=2026-07-17\exchange=NSE\symbol=WIPRO\part-035655_582535-001664.parquet,36293,downloaded,36293,
2026-07-17,NSE,WIPRO,raw_l2/trade_date=2026-07-17/exchange=NSE/symbol=WIPRO/part-035820_527758-001856.parquet,real_data_sample\l2_unseen_validation\trade_date=2026-07-17\exchange=NSE\symbol=WIPRO\part-035820_527758-001856.parquet,36795,downloaded,36795,
2026-07-17,NSE,WIPRO,raw_l2/trade_date=2026-07-17/exchange=NSE/symbol=WIPRO/part-035723_587444-001728.parquet,real_data_sample\l2_unseen_validation\trade_date=2026-07-17\exchange=NSE\symbol=WIPRO\part-035723_587444-001728.parquet,36682,downloaded,36682,
2026-07-17,NSE,WIPRO,raw_l2/trade_date=2026-07-17/exchange=NSE/symbol=WIPRO/part-035751_875458-001792.parquet,real_data_sample\l2_unseen_validation\trade_date=2026-07-17\exchange=NSE\symbol=WIPRO\part-035751_875458-001792.parquet,36456,downloaded,36456,
2026-07-17,NSE,WIPRO,raw_l2/trade_date=2026-07-17/exchange=NSE/symbol=WIPRO/part-035806_321355-001824.parquet,real_data_sample\l2_unseen_validation\trade_date=2026-07-17\exchange=NSE\symbol=WIPRO\part-035806_321355-001824.parquet,36910,downloaded,36910,
2026-07-17,NSE,WIPRO,raw_l2/trade_date=2026-07-17/exchange=NSE/symbol=WIPRO/part-035737_587908-001760.parquet,real_data_sample\l2_unseen_validation\trade_date=2026-07-17\exchange=NSE\symbol=WIPRO\part-035737_587908-001760.parquet,36643,downloaded,36643,
2026-07-17,NSE,WIPRO,raw_l2/trade_date=2026-07-17/exchange=NSE/symbol=WIPRO/part-035944_520784-002048.parquet,real_data_sample\l2_unseen_validation\trade_date=2026-07-17\exchange=NSE\symbol=WIPRO\part-035944_520784-002048.parquet,36602,downloaded,36602,
2026-07-17,NSE,WIPRO,raw_l2/trade_date=2026-07-17/exchange=NSE/symbol=WIPRO/part-035930_459304-002016.parquet,real_data_sample\l2_unseen_validation\trade_date=2026-07-17\exchange=NSE\symbol=WIPRO\part-035930_459304-002016.parquet,36762,downloaded,36762,
2026-07-17,NSE,WIPRO,raw_l2/trade_date=2026-07-17/exchange=NSE/symbol=WIPRO/part-040012_671010-002112.parquet,real_data_sample\l2_unseen_validation\trade_date=2026-07-17\exchange=NSE\symbol=WIPRO\part-040012_671010-002112.parquet,36157,downloaded,36157,
2026-07-17,NSE,WIPRO,raw_l2/trade_date=2026-07-17/exchange=NSE/symbol=WIPRO/part-035958_598864-002080.parquet,real_data_sample\l2_unseen_validation\trade_date=2026-07-17\exchange=NSE\symbol=WIPRO\part-035958_598864-002080.parquet,36274,downloaded,36274,
2026-07-17,NSE,WIPRO,raw_l2/trade_date=2026-07-17/exchange=NSE/symbol=WIPRO/part-040026_619237-002144.parquet,real_data_sample\l2_unseen_validation\trade_date=2026-07-17\exchange=NSE\symbol=WIPRO\part-040026_619237-002144.parquet,36500,downloaded,36500,
2026-07-17,NSE,WIPRO,raw_l2/trade_date=2026-07-17/exchange=NSE/symbol=WIPRO/part-035340_443037-001216.parquet,real_data_sample\l2_unseen_validation\trade_date=2026-07-17\exchange=NSE\symbol=WIPRO\part-035340_443037-001216.parquet,36744,downloaded,36744,
2026-07-17,NSE,WIPRO,raw_l2/trade_date=2026-07-17/exchange=NSE/symbol=WIPRO/part-040121_939042-002272.parquet,real_data_sample\l2_unseen_validation\trade_date=2026-07-17\exchange=NSE\symbol=WIPRO\part-040121_939042-002272.parquet,36466,downloaded,36466,
2026-07-17,NSE,WIPRO,raw_l2/trade_date=2026-07-17/exchange=NSE/symbol=WIPRO/part-040054_151253-002208.parquet,real_data_sample\l2_unseen_validation\trade_date=2026-07-17\exchange=NSE\symbol=WIPRO\part-040054_151253-002208.parquet,36480,downloaded,36480,
2026-07-17,NSE,WIPRO,raw_l2/trade_date=2026-07-17/exchange=NSE/symbol=WIPRO/part-040040_478139-002176.parquet,real_data_sample\l2_unseen_validation\trade_date=2026-07-17\exchange=NSE\symbol=WIPRO\part-040040_478139-002176.parquet,36253,downloaded,36253,
2026-07-17,NSE,WIPRO,raw_l2/trade_date=2026-07-17/exchange=NSE/symbol=WIPRO/part-040108_098884-002240.parquet,real_data_sample\l2_unseen_validation\trade_date=2026-07-17\exchange=NSE\symbol=WIPRO\part-040108_098884-002240.parquet,36081,downloaded,36081,
2026-07-17,NSE,WIPRO,raw_l2/trade_date=2026-07-17/exchange=NSE/symbol=WIPRO/part-040203_686147-002368.parquet,real_data_sample\l2_unseen_validation\trade_date=2026-07-17\exchange=NSE\symbol=WIPRO\part-040203_686147-002368.parquet,36355,downloaded,36355,
2026-07-17,NSE,WIPRO,raw_l2/trade_date=2026-07-17/exchange=NSE/symbol=WIPRO/part-040149_710740-002336.parquet,real_data_sample\l2_unseen_validation\trade_date=2026-07-17\exchange=NSE\symbol=WIPRO\part-040149_710740-002336.parquet,36422,downloaded,36422,
2026-07-17,NSE,WIPRO,raw_l2/trade_date=2026-07-17/exchange=NSE/symbol=WIPRO/part-040135_766223-002304.parquet,real_data_sample\l2_unseen_validation\trade_date=2026-07-17\exchange=NSE\symbol=WIPRO\part-040135_766223-002304.parquet,36313,downloaded,36313,
2026-07-17,NSE,WIPRO,raw_l2/trade_date=2026-07-17/exchange=NSE/symbol=WIPRO/part-040217_554515-002400.parquet,real_data_sample\l2_unseen_validation\trade_date=2026-07-17\exchange=NSE\symbol=WIPRO\part-040217_554515-002400.parquet,36651,downloaded,36651,
2026-07-17,NSE,WIPRO,raw_l2/trade_date=2026-07-17/exchange=NSE/symbol=WIPRO/part-040245_911714-002464.parquet,real_data_sample\l2_unseen_validation\trade_date=2026-07-17\exchange=NSE\symbol=WIPRO\part-040245_911714-002464.parquet,36351,downloaded,36351,
2026-07-17,NSE,WIPRO,raw_l2/trade_date=2026-07-17/exchange=NSE/symbol=WIPRO/part-040231_701178-002432.parquet,real_data_sample\l2_unseen_validation\trade_date=2026-07-17\exchange=NSE\symbol=WIPRO\part-040231_701178-002432.parquet,36379,downloaded,36379,
2026-07-17,NSE,WIPRO,raw_l2/trade_date=2026-07-17/exchange=NSE/symbol=WIPRO/part-040343_067508-002592.parquet,real_data_sample\l2_unseen_validation\trade_date=2026-07-17\exchange=NSE\symbol=WIPRO\part-040343_067508-002592.parquet,36330,downloaded,36330,
2026-07-17,NSE,WIPRO,raw_l2/trade_date=2026-07-17/exchange=NSE/symbol=WIPRO/part-040314_809210-002528.parquet,real_data_sample\l2_unseen_validation\trade_date=2026-07-17\exchange=NSE\symbol=WIPRO\part-040314_809210-002528.parquet,36515,downloaded,36515,
2026-07-17,NSE,WIPRO,raw_l2/trade_date=2026-07-17/exchange=NSE/symbol=WIPRO/part-040357_195986-002624.parquet,real_data_sample\l2_unseen_validation\trade_date=2026-07-17\exchange=NSE\symbol=WIPRO\part-040357_195986-002624.parquet,36230,downloaded,36230,
2026-07-17,NSE,WIPRO,raw_l2/trade_date=2026-07-17/exchange=NSE/symbol=WIPRO/part-040300_685295-002496.parquet,real_data_sample\l2_unseen_validation\trade_date=2026-07-17\exchange=NSE\symbol=WIPRO\part-040300_685295-002496.parquet,36680,downloaded,36680,
2026-07-17,NSE,WIPRO,raw_l2/trade_date=2026-07-17/exchange=NSE/symbol=WIPRO/part-035848_482443-001920.parquet,real_data_sample\l2_unseen_validation\trade_date=2026-07-17\exchange=NSE\symbol=WIPRO\part-035848_482443-001920.parquet,36746,downloaded,36746,
2026-07-17,NSE,WIPRO,raw_l2/trade_date=2026-07-17/exchange=NSE/symbol=WIPRO/part-040328_944019-002560.parquet,real_data_sample\l2_unseen_validation\trade_date=2026-07-17\exchange=NSE\symbol=WIPRO\part-040328_944019-002560.parquet,36527,downloaded,36527,
2026-07-17,NSE,WIPRO,raw_l2/trade_date=2026-07-17/exchange=NSE/symbol=WIPRO/part-040645_499808-003008.parquet,real_data_sample\l2_unseen_validation\trade_date=2026-07-17\exchange=NSE\symbol=WIPRO\part-040645_499808-003008.parquet,36834,downloaded,36834,
2026-07-17,NSE,WIPRO,raw_l2/trade_date=2026-07-17/exchange=NSE/symbol=WIPRO/part-040453_115513-002752.parquet,real_data_sample\l2_unseen_validation\trade_date=2026-07-17\exchange=NSE\symbol=WIPRO\part-040453_115513-002752.parquet,36107,downloaded,36107,
2026-07-17,NSE,WIPRO,raw_l2/trade_date=2026-07-17/exchange=NSE/symbol=WIPRO/part-040507_386002-002784.parquet,real_data_sample\l2_unseen_validation\trade_date=2026-07-17\exchange=NSE\symbol=WIPRO\part-040507_386002-002784.parquet,36422,downloaded,36422,
2026-07-17,NSE,WIPRO,raw_l2/trade_date=2026-07-17/exchange=NSE/symbol=WIPRO/part-040439_163547-002720.parquet,real_data_sample\l2_unseen_validation\trade_date=2026-07-17\exchange=NSE\symbol=WIPRO\part-040439_163547-002720.parquet,36377,downloaded,36377,
2026-07-17,NSE,WIPRO,raw_l2/trade_date=2026-07-17/exchange=NSE/symbol=WIPRO/part-040659_324944-003040.parquet,real_data_sample\l2_unseen_validation\trade_date=2026-07-17\exchange=NSE\symbol=WIPRO\part-040659_324944-003040.parquet,36594,downloaded,36594,
2026-07-17,NSE,WIPRO,raw_l2/trade_date=2026-07-17/exchange=NSE/symbol=WIPRO/part-040713_440839-003072.parquet,real_data_sample\l2_unseen_validation\trade_date=2026-07-17\exchange=NSE\symbol=WIPRO\part-040713_440839-003072.parquet,37248,downloaded,37248,
2026-07-17,NSE,WIPRO,raw_l2/trade_date=2026-07-17/exchange=NSE/symbol=WIPRO/part-040425_285656-002688.parquet,real_data_sample\l2_unseen_validation\trade_date=2026-07-17\exchange=NSE\symbol=WIPRO\part-040425_285656-002688.parquet,36701,downloaded,36701,
2026-07-17,NSE,WIPRO,raw_l2/trade_date=2026-07-17/exchange=NSE/symbol=WIPRO/part-040631_577824-002976.parquet,real_data_sample\l2_unseen_validation\trade_date=2026-07-17\exchange=NSE\symbol=WIPRO\part-040631_577824-002976.parquet,36294,downloaded,36294,
2026-07-17,NSE,WIPRO,raw_l2/trade_date=2026-07-17/exchange=NSE/symbol=WIPRO/part-040411_256375-002656.parquet,real_data_sample\l2_unseen_validation\trade_date=2026-07-17\exchange=NSE\symbol=WIPRO\part-040411_256375-002656.parquet,36474,downloaded,36474,
2026-07-17,NSE,WIPRO,raw_l2/trade_date=2026-07-17/exchange=NSE/symbol=WIPRO/part-040727_381287-003104.parquet,real_data_sample\l2_unseen_validation\trade_date=2026-07-17\exchange=NSE\symbol=WIPRO\part-040727_381287-003104.parquet,36506,downloaded,36506,
2026-07-17,NSE,WIPRO,raw_l2/trade_date=2026-07-17/exchange=NSE/symbol=WIPRO/part-040521_633706-002816.parquet,real_data_sample\l2_unseen_validation\trade_date=2026-07-17\exchange=NSE\symbol=WIPRO\part-040521_633706-002816.parquet,36824,downloaded,36824,
2026-07-17,NSE,WIPRO,raw_l2/trade_date=2026-07-17/exchange=NSE/symbol=WIPRO/part-040535_658240-002848.parquet,real_data_sample\l2_unseen_validation\trade_date=2026-07-17\exchange=NSE\symbol=WIPRO\part-040535_658240-002848.parquet,36985,downloaded,36985,
2026-07-17,NSE,WIPRO,raw_l2/trade_date=2026-07-17/exchange=NSE/symbol=WIPRO/part-040617_598314-002944.parquet,real_data_sample\l2_unseen_validation\trade_date=2026-07-17\exchange=NSE\symbol=WIPRO\part-040617_598314-002944.parquet,37088,downloaded,37088,
2026-07-17,NSE,WIPRO,raw_l2/trade_date=2026-07-17/exchange=NSE/symbol=WIPRO/part-040549_619154-002880.parquet,real_data_sample\l2_unseen_validation\trade_date=2026-07-17\exchange=NSE\symbol=WIPRO\part-040549_619154-002880.parquet,37019,downloaded,37019,
2026-07-17,NSE,WIPRO,raw_l2/trade_date=2026-07-17/exchange=NSE/symbol=WIPRO/part-040603_742428-002912.parquet,real_data_sample\l2_unseen_validation\trade_date=2026-07-17\exchange=NSE\symbol=WIPRO\part-040603_742428-002912.parquet,36694,downloaded,36694,
2026-07-17,NSE,WIPRO,raw_l2/trade_date=2026-07-17/exchange=NSE/symbol=WIPRO/part-040755_651122-003168.parquet,real_data_sample\l2_unseen_validation\trade_date=2026-07-17\exchange=NSE\symbol=WIPRO\part-040755_651122-003168.parquet,36615,downloaded,36615,
2026-07-17,NSE,WIPRO,raw_l2/trade_date=2026-07-17/exchange=NSE/symbol=WIPRO/part-040809_747891-003200.parquet,real_data_sample\l2_unseen_validation\trade_date=2026-07-17\exchange=NSE\symbol=WIPRO\part-040809_747891-003200.parquet,36353,downloaded,36353,
2026-07-17,NSE,WIPRO,raw_l2/trade_date=2026-07-17/exchange=NSE/symbol=WIPRO/part-040838_246712-003264.parquet,real_data_sample\l2_unseen_validation\trade_date=2026-07-17\exchange=NSE\symbol=WIPRO\part-040838_246712-003264.parquet,37084,downloaded,37084,
2026-07-17,NSE,WIPRO,raw_l2/trade_date=2026-07-17/exchange=NSE/symbol=WIPRO/part-040852_753394-003296.parquet,real_data_sample\l2_unseen_validation\trade_date=2026-07-17\exchange=NSE\symbol=WIPRO\part-040852_753394-003296.parquet,36099,downloaded,36099,
2026-07-17,NSE,WIPRO,raw_l2/trade_date=2026-07-17/exchange=NSE/symbol=WIPRO/part-040920_916794-003360.parquet,real_data_sample\l2_unseen_validation\trade_date=2026-07-17\exchange=NSE\symbol=WIPRO\part-040920_916794-003360.parquet,36279,downloaded,36279,
2026-07-17,NSE,WIPRO,raw_l2/trade_date=2026-07-17/exchange=NSE/symbol=WIPRO/part-040824_201499-003232.parquet,real_data_sample\l2_unseen_validation\trade_date=2026-07-17\exchange=NSE\symbol=WIPRO\part-040824_201499-003232.parquet,36402,downloaded,36402,
2026-07-17,NSE,WIPRO,raw_l2/trade_date=2026-07-17/exchange=NSE/symbol=WIPRO/part-040935_449502-003392.parquet,real_data_sample\l2_unseen_validation\trade_date=2026-07-17\exchange=NSE\symbol=WIPRO\part-040935_449502-003392.parquet,36006,downloaded,36006,
2026-07-17,NSE,WIPRO,raw_l2/trade_date=2026-07-17/exchange=NSE/symbol=WIPRO/part-040949_794392-003424.parquet,real_data_sample\l2_unseen_validation\trade_date=2026-07-17\exchange=NSE\symbol=WIPRO\part-040949_794392-003424.parquet,36479,downloaded,36479,
2026-07-17,NSE,WIPRO,raw_l2/trade_date=2026-07-17/exchange=NSE/symbol=WIPRO/part-041017_658143-003488.parquet,real_data_sample\l2_unseen_validation\trade_date=2026-07-17\exchange=NSE\symbol=WIPRO\part-041017_658143-003488.parquet,36599,downloaded,36599,
2026-07-17,NSE,WIPRO,raw_l2/trade_date=2026-07-17/exchange=NSE/symbol=WIPRO/part-040906_819548-003328.parquet,real_data_sample\l2_unseen_validation\trade_date=2026-07-17\exchange=NSE\symbol=WIPRO\part-040906_819548-003328.parquet,36678,downloaded,36678,
2026-07-17,NSE,WIPRO,raw_l2/trade_date=2026-07-17/exchange=NSE/symbol=WIPRO/part-041003_781015-003456.parquet,real_data_sample\l2_unseen_validation\trade_date=2026-07-17\exchange=NSE\symbol=WIPRO\part-041003_781015-003456.parquet,36706,downloaded,36706,
2026-07-17,NSE,WIPRO,raw_l2/trade_date=2026-07-17/exchange=NSE/symbol=WIPRO/part-041031_899371-003520.parquet,real_data_sample\l2_unseen_validation\trade_date=2026-07-17\exchange=NSE\symbol=WIPRO\part-041031_899371-003520.parquet,36249,downloaded,36249,
2026-07-17,NSE,WIPRO,raw_l2/trade_date=2026-07-17/exchange=NSE/symbol=WIPRO/part-041046_318998-003552.parquet,real_data_sample\l2_unseen_validation\trade_date=2026-07-17\exchange=NSE\symbol=WIPRO\part-041046_318998-003552.parquet,36444,downloaded,36444,
2026-07-17,NSE,WIPRO,raw_l2/trade_date=2026-07-17/exchange=NSE/symbol=WIPRO/part-041100_393063-003584.parquet,real_data_sample\l2_unseen_validation\trade_date=2026-07-17\exchange=NSE\symbol=WIPRO\part-041100_393063-003584.parquet,36431,downloaded,36431,
2026-07-17,NSE,WIPRO,raw_l2/trade_date=2026-07-17/exchange=NSE/symbol=WIPRO/part-041128_281528-003648.parquet,real_data_sample\l2_unseen_validation\trade_date=2026-07-17\exchange=NSE\symbol=WIPRO\part-041128_281528-003648.parquet,36382,downloaded,36382,
2026-07-17,NSE,WIPRO,raw_l2/trade_date=2026-07-17/exchange=NSE/symbol=WIPRO/part-040741_588397-003136.parquet,real_data_sample\l2_unseen_validation\trade_date=2026-07-17\exchange=NSE\symbol=WIPRO\part-040741_588397-003136.parquet,37219,downloaded,37219,
2026-07-17,NSE,WIPRO,raw_l2/trade_date=2026-07-17/exchange=NSE/symbol=WIPRO/part-041238_088809-003808.parquet,real_data_sample\l2_unseen_validation\trade_date=2026-07-17\exchange=NSE\symbol=WIPRO\part-041238_088809-003808.parquet,36171,downloaded,36171,
2026-07-17,NSE,WIPRO,raw_l2/trade_date=2026-07-17/exchange=NSE/symbol=WIPRO/part-041251_808871-003840.parquet,real_data_sample\l2_unseen_validation\trade_date=2026-07-17\exchange=NSE\symbol=WIPRO\part-041251_808871-003840.parquet,36437,downloaded,36437,
2026-07-17,NSE,WIPRO,raw_l2/trade_date=2026-07-17/exchange=NSE/symbol=WIPRO/part-041347_710276-003968.parquet,real_data_sample\l2_unseen_validation\trade_date=2026-07-17\exchange=NSE\symbol=WIPRO\part-041347_710276-003968.parquet,37072,downloaded,37072,
2026-07-17,NSE,WIPRO,raw_l2/trade_date=2026-07-17/exchange=NSE/symbol=WIPRO/part-041305_682136-003872.parquet,real_data_sample\l2_unseen_validation\trade_date=2026-07-17\exchange=NSE\symbol=WIPRO\part-041305_682136-003872.parquet,36223,downloaded,36223,
2026-07-17,NSE,WIPRO,raw_l2/trade_date=2026-07-17/exchange=NSE/symbol=WIPRO/part-041319_615611-003904.parquet,real_data_sample\l2_unseen_validation\trade_date=2026-07-17\exchange=NSE\symbol=WIPRO\part-041319_615611-003904.parquet,36222,downloaded,36222,
2026-07-17,NSE,WIPRO,raw_l2/trade_date=2026-07-17/exchange=NSE/symbol=WIPRO/part-041415_934618-004032.parquet,real_data_sample\l2_unseen_validation\trade_date=2026-07-17\exchange=NSE\symbol=WIPRO\part-041415_934618-004032.parquet,37318,downloaded,37318,
2026-07-17,NSE,WIPRO,raw_l2/trade_date=2026-07-17/exchange=NSE/symbol=WIPRO/part-041224_079232-003776.parquet,real_data_sample\l2_unseen_validation\trade_date=2026-07-17\exchange=NSE\symbol=WIPRO\part-041224_079232-003776.parquet,36150,downloaded,36150,
2026-07-17,NSE,WIPRO,raw_l2/trade_date=2026-07-17/exchange=NSE/symbol=WIPRO/part-041210_256907-003744.parquet,real_data_sample\l2_unseen_validation\trade_date=2026-07-17\exchange=NSE\symbol=WIPRO\part-041210_256907-003744.parquet,36003,downloaded,36003,
2026-07-17,NSE,WIPRO,raw_l2/trade_date=2026-07-17/exchange=NSE/symbol=WIPRO/part-041511_796969-004160.parquet,real_data_sample\l2_unseen_validation\trade_date=2026-07-17\exchange=NSE\symbol=WIPRO\part-041511_796969-004160.parquet,36686,downloaded,36686,
2026-07-17,NSE,WIPRO,raw_l2/trade_date=2026-07-17/exchange=NSE/symbol=WIPRO/part-041142_339954-003680.parquet,real_data_sample\l2_unseen_validation\trade_date=2026-07-17\exchange=NSE\symbol=WIPRO\part-041142_339954-003680.parquet,36413,downloaded,36413,
2026-07-17,NSE,WIPRO,raw_l2/trade_date=2026-07-17/exchange=NSE/symbol=WIPRO/part-041429_852481-004064.parquet,real_data_sample\l2_unseen_validation\trade_date=2026-07-17\exchange=NSE\symbol=WIPRO\part-041429_852481-004064.parquet,36757,downloaded,36757,
2026-07-17,NSE,WIPRO,raw_l2/trade_date=2026-07-17/exchange=NSE/symbol=WIPRO/part-041443_929347-004096.parquet,real_data_sample\l2_unseen_validation\trade_date=2026-07-17\exchange=NSE\symbol=WIPRO\part-041443_929347-004096.parquet,36629,downloaded,36629,
2026-07-17,NSE,WIPRO,raw_l2/trade_date=2026-07-17/exchange=NSE/symbol=WIPRO/part-041156_100199-003712.parquet,real_data_sample\l2_unseen_validation\trade_date=2026-07-17\exchange=NSE\symbol=WIPRO\part-041156_100199-003712.parquet,36300,downloaded,36300,
2026-07-17,NSE,WIPRO,raw_l2/trade_date=2026-07-17/exchange=NSE/symbol=WIPRO/part-041457_865324-004128.parquet,real_data_sample\l2_unseen_validation\trade_date=2026-07-17\exchange=NSE\symbol=WIPRO\part-041457_865324-004128.parquet,36705,downloaded,36705,
2026-07-17,NSE,WIPRO,raw_l2/trade_date=2026-07-17/exchange=NSE/symbol=WIPRO/part-041401_939429-004000.parquet,real_data_sample\l2_unseen_validation\trade_date=2026-07-17\exchange=NSE\symbol=WIPRO\part-041401_939429-004000.parquet,37093,downloaded,37093,
2026-07-17,NSE,WIPRO,raw_l2/trade_date=2026-07-17/exchange=NSE/symbol=WIPRO/part-041333_701048-003936.parquet,real_data_sample\l2_unseen_validation\trade_date=2026-07-17\exchange=NSE\symbol=WIPRO\part-041333_701048-003936.parquet,36220,downloaded,36220,
2026-07-17,NSE,WIPRO,raw_l2/trade_date=2026-07-17/exchange=NSE/symbol=WIPRO/part-041525_651746-004192.parquet,real_data_sample\l2_unseen_validation\trade_date=2026-07-17\exchange=NSE\symbol=WIPRO\part-041525_651746-004192.parquet,36588,downloaded,36588,
2026-07-17,NSE,WIPRO,raw_l2/trade_date=2026-07-17/exchange=NSE/symbol=WIPRO/part-041554_769564-004256.parquet,real_data_sample\l2_unseen_validation\trade_date=2026-07-17\exchange=NSE\symbol=WIPRO\part-041554_769564-004256.parquet,36928,downloaded,36928,
2026-07-17,NSE,WIPRO,raw_l2/trade_date=2026-07-17/exchange=NSE/symbol=WIPRO/part-041540_290069-004224.parquet,real_data_sample\l2_unseen_validation\trade_date=2026-07-17\exchange=NSE\symbol=WIPRO\part-041540_290069-004224.parquet,36472,downloaded,36472,
2026-07-17,NSE,WIPRO,raw_l2/trade_date=2026-07-17/exchange=NSE/symbol=WIPRO/part-041608_505406-004288.parquet,real_data_sample\l2_unseen_validation\trade_date=2026-07-17\exchange=NSE\symbol=WIPRO\part-041608_505406-004288.parquet,36588,downloaded,36588,
2026-07-17,NSE,WIPRO,raw_l2/trade_date=2026-07-17/exchange=NSE/symbol=WIPRO/part-041703_667220-004416.parquet,real_data_sample\l2_unseen_validation\trade_date=2026-07-17\exchange=NSE\symbol=WIPRO\part-041703_667220-004416.parquet,35921,downloaded,35921,
2026-07-17,NSE,WIPRO,raw_l2/trade_date=2026-07-17/exchange=NSE/symbol=WIPRO/part-041114_552956-003616.parquet,real_data_sample\l2_unseen_validation\trade_date=2026-07-17\exchange=NSE\symbol=WIPRO\part-041114_552956-003616.parquet,36177,downloaded,36177,
2026-07-17,NSE,WIPRO,raw_l2/trade_date=2026-07-17/exchange=NSE/symbol=WIPRO/part-041622_312510-004320.parquet,real_data_sample\l2_unseen_validation\trade_date=2026-07-17\exchange=NSE\symbol=WIPRO\part-041622_312510-004320.parquet,36541,downloaded,36541,
2026-07-17,NSE,WIPRO,raw_l2/trade_date=2026-07-17/exchange=NSE/symbol=WIPRO/part-041649_875419-004384.parquet,real_data_sample\l2_unseen_validation\trade_date=2026-07-17\exchange=NSE\symbol=WIPRO\part-041649_875419-004384.parquet,36768,downloaded,36768,
2026-07-17,NSE,WIPRO,raw_l2/trade_date=2026-07-17/exchange=NSE/symbol=WIPRO/part-041718_053485-004448.parquet,real_data_sample\l2_unseen_validation\trade_date=2026-07-17\exchange=NSE\symbol=WIPRO\part-041718_053485-004448.parquet,36102,downloaded,36102,
2026-07-17,NSE,WIPRO,raw_l2/trade_date=2026-07-17/exchange=NSE/symbol=WIPRO/part-041635_980518-004352.parquet,real_data_sample\l2_unseen_validation\trade_date=2026-07-17\exchange=NSE\symbol=WIPRO\part-041635_980518-004352.parquet,36718,downloaded,36718,
2026-07-17,NSE,WIPRO,raw_l2/trade_date=2026-07-17/exchange=NSE/symbol=WIPRO/part-041813_224792-004576.parquet,real_data_sample\l2_unseen_validation\trade_date=2026-07-17\exchange=NSE\symbol=WIPRO\part-041813_224792-004576.parquet,36399,downloaded,36399,
2026-07-17,NSE,WIPRO,raw_l2/trade_date=2026-07-17/exchange=NSE/symbol=WIPRO/part-041745_778940-004512.parquet,real_data_sample\l2_unseen_validation\trade_date=2026-07-17\exchange=NSE\symbol=WIPRO\part-041745_778940-004512.parquet,36490,downloaded,36490,
2026-07-17,NSE,WIPRO,raw_l2/trade_date=2026-07-17/exchange=NSE/symbol=WIPRO/part-041759_591992-004544.parquet,real_data_sample\l2_unseen_validation\trade_date=2026-07-17\exchange=NSE\symbol=WIPRO\part-041759_591992-004544.parquet,35849,downloaded,35849,
2026-07-17,NSE,WIPRO,raw_l2/trade_date=2026-07-17/exchange=NSE/symbol=WIPRO/part-041731_944332-004480.parquet,real_data_sample\l2_unseen_validation\trade_date=2026-07-17\exchange=NSE\symbol=WIPRO\part-041731_944332-004480.parquet,36868,downloaded,36868,
2026-07-17,NSE,WIPRO,raw_l2/trade_date=2026-07-17/exchange=NSE/symbol=WIPRO/part-041826_945055-004608.parquet,real_data_sample\l2_unseen_validation\trade_date=2026-07-17\exchange=NSE\symbol=WIPRO\part-041826_945055-004608.parquet,36250,downloaded,36250,
2026-07-17,NSE,WIPRO,raw_l2/trade_date=2026-07-17/exchange=NSE/symbol=WIPRO/part-041923_864166-004736.parquet,real_data_sample\l2_unseen_validation\trade_date=2026-07-17\exchange=NSE\symbol=WIPRO\part-041923_864166-004736.parquet,36344,downloaded,36344,
2026-07-17,NSE,WIPRO,raw_l2/trade_date=2026-07-17/exchange=NSE/symbol=WIPRO/part-041855_330342-004672.parquet,real_data_sample\l2_unseen_validation\trade_date=2026-07-17\exchange=NSE\symbol=WIPRO\part-041855_330342-004672.parquet,35776,downloaded,35776,
2026-07-17,NSE,WIPRO,raw_l2/trade_date=2026-07-17/exchange=NSE/symbol=WIPRO/part-041951_944988-004800.parquet,real_data_sample\l2_unseen_validation\trade_date=2026-07-17\exchange=NSE\symbol=WIPRO\part-041951_944988-004800.parquet,36389,downloaded,36389,
2026-07-17,NSE,WIPRO,raw_l2/trade_date=2026-07-17/exchange=NSE/symbol=WIPRO/part-041909_603392-004704.parquet,real_data_sample\l2_unseen_validation\trade_date=2026-07-17\exchange=NSE\symbol=WIPRO\part-041909_603392-004704.parquet,35957,downloaded,35957,
2026-07-17,NSE,WIPRO,raw_l2/trade_date=2026-07-17/exchange=NSE/symbol=WIPRO/part-041937_894479-004768.parquet,real_data_sample\l2_unseen_validation\trade_date=2026-07-17\exchange=NSE\symbol=WIPRO\part-041937_894479-004768.parquet,36320,downloaded,36320,
2026-07-17,NSE,WIPRO,raw_l2/trade_date=2026-07-17/exchange=NSE/symbol=WIPRO/part-042005_857408-004832.parquet,real_data_sample\l2_unseen_validation\trade_date=2026-07-17\exchange=NSE\symbol=WIPRO\part-042005_857408-004832.parquet,36586,downloaded,36586,
2026-07-17,NSE,WIPRO,raw_l2/trade_date=2026-07-17/exchange=NSE/symbol=WIPRO/part-042019_767985-004864.parquet,real_data_sample\l2_unseen_validation\trade_date=2026-07-17\exchange=NSE\symbol=WIPRO\part-042019_767985-004864.parquet,36646,downloaded,36646,
2026-07-17,NSE,WIPRO,raw_l2/trade_date=2026-07-17/exchange=NSE/symbol=WIPRO/part-042416_545658-005408.parquet,real_data_sample\l2_unseen_validation\trade_date=2026-07-17\exchange=NSE\symbol=WIPRO\part-042416_545658-005408.parquet,35576,downloaded,35576,
2026-07-17,NSE,WIPRO,raw_l2/trade_date=2026-07-17/exchange=NSE/symbol=WIPRO/part-042334_884069-005312.parquet,real_data_sample\l2_unseen_validation\trade_date=2026-07-17\exchange=NSE\symbol=WIPRO\part-042334_884069-005312.parquet,35844,downloaded,35844,
2026-07-17,NSE,WIPRO,raw_l2/trade_date=2026-07-17/exchange=NSE/symbol=WIPRO/part-042402_793642-005376.parquet,real_data_sample\l2_unseen_validation\trade_date=2026-07-17\exchange=NSE\symbol=WIPRO\part-042402_793642-005376.parquet,36063,downloaded,36063,
2026-07-17,NSE,WIPRO,raw_l2/trade_date=2026-07-17/exchange=NSE/symbol=WIPRO/part-042430_617145-005440.parquet,real_data_sample\l2_unseen_validation\trade_date=2026-07-17\exchange=NSE\symbol=WIPRO\part-042430_617145-005440.parquet,34720,downloaded,34720,
2026-07-17,NSE,WIPRO,raw_l2/trade_date=2026-07-17/exchange=NSE/symbol=WIPRO/part-042033_496557-004896.parquet,real_data_sample\l2_unseen_validation\trade_date=2026-07-17\exchange=NSE\symbol=WIPRO\part-042033_496557-004896.parquet,36597,downloaded,36597,
2026-07-17,NSE,WIPRO,raw_l2/trade_date=2026-07-17/exchange=NSE/symbol=WIPRO/part-042101_256345-004960.parquet,real_data_sample\l2_unseen_validation\trade_date=2026-07-17\exchange=NSE\symbol=WIPRO\part-042101_256345-004960.parquet,36212,downloaded,36212,
2026-07-17,NSE,WIPRO,raw_l2/trade_date=2026-07-17/exchange=NSE/symbol=WIPRO/part-042252_843574-005216.parquet,real_data_sample\l2_unseen_validation\trade_date=2026-07-17\exchange=NSE\symbol=WIPRO\part-042252_843574-005216.parquet,34473,downloaded,34473,
2026-07-17,NSE,WIPRO,raw_l2/trade_date=2026-07-17/exchange=NSE/symbol=WIPRO/part-042306_912135-005248.parquet,real_data_sample\l2_unseen_validation\trade_date=2026-07-17\exchange=NSE\symbol=WIPRO\part-042306_912135-005248.parquet,34680,downloaded,34680,
2026-07-17,NSE,WIPRO,raw_l2/trade_date=2026-07-17/exchange=NSE/symbol=WIPRO/part-042320_947204-005280.parquet,real_data_sample\l2_unseen_validation\trade_date=2026-07-17\exchange=NSE\symbol=WIPRO\part-042320_947204-005280.parquet,35194,downloaded,35194,
2026-07-17,NSE,WIPRO,raw_l2/trade_date=2026-07-17/exchange=NSE/symbol=WIPRO/part-042239_072318-005184.parquet,real_data_sample\l2_unseen_validation\trade_date=2026-07-17\exchange=NSE\symbol=WIPRO\part-042239_072318-005184.parquet,34648,downloaded,34648,
2026-07-17,NSE,WIPRO,raw_l2/trade_date=2026-07-17/exchange=NSE/symbol=WIPRO/part-042143_147726-005056.parquet,real_data_sample\l2_unseen_validation\trade_date=2026-07-17\exchange=NSE\symbol=WIPRO\part-042143_147726-005056.parquet,35966,downloaded,35966,
2026-07-17,NSE,WIPRO,raw_l2/trade_date=2026-07-17/exchange=NSE/symbol=WIPRO/part-042047_505360-004928.parquet,real_data_sample\l2_unseen_validation\trade_date=2026-07-17\exchange=NSE\symbol=WIPRO\part-042047_505360-004928.parquet,36157,downloaded,36157,
2026-07-17,NSE,WIPRO,raw_l2/trade_date=2026-07-17/exchange=NSE/symbol=WIPRO/part-042129_121244-005024.parquet,real_data_sample\l2_unseen_validation\trade_date=2026-07-17\exchange=NSE\symbol=WIPRO\part-042129_121244-005024.parquet,36108,downloaded,36108,
2026-07-17,NSE,WIPRO,raw_l2/trade_date=2026-07-17/exchange=NSE/symbol=WIPRO/part-042115_019860-004992.parquet,real_data_sample\l2_unseen_validation\trade_date=2026-07-17\exchange=NSE\symbol=WIPRO\part-042115_019860-004992.parquet,36516,downloaded,36516,
2026-07-17,NSE,WIPRO,raw_l2/trade_date=2026-07-17/exchange=NSE/symbol=WIPRO/part-042211_184312-005120.parquet,real_data_sample\l2_unseen_validation\trade_date=2026-07-17\exchange=NSE\symbol=WIPRO\part-042211_184312-005120.parquet,36454,downloaded,36454,
2026-07-17,NSE,WIPRO,raw_l2/trade_date=2026-07-17/exchange=NSE/symbol=WIPRO/part-042157_148073-005088.parquet,real_data_sample\l2_unseen_validation\trade_date=2026-07-17\exchange=NSE\symbol=WIPRO\part-042157_148073-005088.parquet,36037,downloaded,36037,
2026-07-17,NSE,WIPRO,raw_l2/trade_date=2026-07-17/exchange=NSE/symbol=WIPRO/part-042225_237442-005152.parquet,real_data_sample\l2_unseen_validation\trade_date=2026-07-17\exchange=NSE\symbol=WIPRO\part-042225_237442-005152.parquet,34720,downloaded,34720,
2026-07-17,NSE,WIPRO,raw_l2/trade_date=2026-07-17/exchange=NSE/symbol=WIPRO/part-042512_050509-005536.parquet,real_data_sample\l2_unseen_validation\trade_date=2026-07-17\exchange=NSE\symbol=WIPRO\part-042512_050509-005536.parquet,34678,downloaded,34678,
2026-07-17,NSE,WIPRO,raw_l2/trade_date=2026-07-17/exchange=NSE/symbol=WIPRO/part-042458_207457-005504.parquet,real_data_sample\l2_unseen_validation\trade_date=2026-07-17\exchange=NSE\symbol=WIPRO\part-042458_207457-005504.parquet,34649,downloaded,34649,
2026-07-17,NSE,WIPRO,raw_l2/trade_date=2026-07-17/exchange=NSE/symbol=WIPRO/part-042526_157110-005568.parquet,real_data_sample\l2_unseen_validation\trade_date=2026-07-17\exchange=NSE\symbol=WIPRO\part-042526_157110-005568.parquet,34692,downloaded,34692,
2026-07-17,NSE,WIPRO,raw_l2/trade_date=2026-07-17/exchange=NSE/symbol=WIPRO/part-041840_840302-004640.parquet,real_data_sample\l2_unseen_validation\trade_date=2026-07-17\exchange=NSE\symbol=WIPRO\part-041840_840302-004640.parquet,36260,downloaded,36260,
2026-07-17,NSE,WIPRO,raw_l2/trade_date=2026-07-17/exchange=NSE/symbol=WIPRO/part-042540_219102-005600.parquet,real_data_sample\l2_unseen_validation\trade_date=2026-07-17\exchange=NSE\symbol=WIPRO\part-042540_219102-005600.parquet,34713,downloaded,34713,
2026-07-17,NSE,WIPRO,raw_l2/trade_date=2026-07-17/exchange=NSE/symbol=WIPRO/part-042444_581938-005472.parquet,real_data_sample\l2_unseen_validation\trade_date=2026-07-17\exchange=NSE\symbol=WIPRO\part-042444_581938-005472.parquet,34728,downloaded,34728,
2026-07-17,NSE,WIPRO,raw_l2/trade_date=2026-07-17/exchange=NSE/symbol=WIPRO/part-042554_055152-005632.parquet,real_data_sample\l2_unseen_validation\trade_date=2026-07-17\exchange=NSE\symbol=WIPRO\part-042554_055152-005632.parquet,34622,downloaded,34622,
2026-07-17,NSE,WIPRO,raw_l2/trade_date=2026-07-17/exchange=NSE/symbol=WIPRO/part-042608_334166-005664.parquet,real_data_sample\l2_unseen_validation\trade_date=2026-07-17\exchange=NSE\symbol=WIPRO\part-042608_334166-005664.parquet,34819,downloaded,34819,
2026-07-17,NSE,WIPRO,raw_l2/trade_date=2026-07-17/exchange=NSE/symbol=WIPRO/part-042622_329503-005696.parquet,real_data_sample\l2_unseen_validation\trade_date=2026-07-17\exchange=NSE\symbol=WIPRO\part-042622_329503-005696.parquet,36288,downloaded,36288,
2026-07-17,NSE,WIPRO,raw_l2/trade_date=2026-07-17/exchange=NSE/symbol=WIPRO/part-042636_522747-005728.parquet,real_data_sample\l2_unseen_validation\trade_date=2026-07-17\exchange=NSE\symbol=WIPRO\part-042636_522747-005728.parquet,36216,downloaded,36216,
2026-07-17,NSE,WIPRO,raw_l2/trade_date=2026-07-17/exchange=NSE/symbol=WIPRO/part-042650_406186-005760.parquet,real_data_sample\l2_unseen_validation\trade_date=2026-07-17\exchange=NSE\symbol=WIPRO\part-042650_406186-005760.parquet,36736,downloaded,36736,
2026-07-17,NSE,WIPRO,raw_l2/trade_date=2026-07-17/exchange=NSE/symbol=WIPRO/part-042704_448409-005792.parquet,real_data_sample\l2_unseen_validation\trade_date=2026-07-17\exchange=NSE\symbol=WIPRO\part-042704_448409-005792.parquet,36715,downloaded,36715,
2026-07-17,NSE,WIPRO,raw_l2/trade_date=2026-07-17/exchange=NSE/symbol=WIPRO/part-042718_456013-005824.parquet,real_data_sample\l2_unseen_validation\trade_date=2026-07-17\exchange=NSE\symbol=WIPRO\part-042718_456013-005824.parquet,36158,downloaded,36158,
2026-07-17,NSE,WIPRO,raw_l2/trade_date=2026-07-17/exchange=NSE/symbol=WIPRO/part-043211_789424-006496.parquet,real_data_sample\l2_unseen_validation\trade_date=2026-07-17\exchange=NSE\symbol=WIPRO\part-043211_789424-006496.parquet,36095,downloaded,36095,
2026-07-17,NSE,WIPRO,raw_l2/trade_date=2026-07-17/exchange=NSE/symbol=WIPRO/part-042348_939257-005344.parquet,real_data_sample\l2_unseen_validation\trade_date=2026-07-17\exchange=NSE\symbol=WIPRO\part-042348_939257-005344.parquet,35818,downloaded,35818,
2026-07-17,NSE,WIPRO,raw_l2/trade_date=2026-07-17/exchange=NSE/symbol=WIPRO/part-042813_914840-005952.parquet,real_data_sample\l2_unseen_validation\trade_date=2026-07-17\exchange=NSE\symbol=WIPRO\part-042813_914840-005952.parquet,35957,downloaded,35957,
2026-07-17,NSE,WIPRO,raw_l2/trade_date=2026-07-17/exchange=NSE/symbol=WIPRO/part-042841_865239-006016.parquet,real_data_sample\l2_unseen_validation\trade_date=2026-07-17\exchange=NSE\symbol=WIPRO\part-042841_865239-006016.parquet,36135,downloaded,36135,
2026-07-17,NSE,WIPRO,raw_l2/trade_date=2026-07-17/exchange=NSE/symbol=WIPRO/part-042855_824653-006048.parquet,real_data_sample\l2_unseen_validation\trade_date=2026-07-17\exchange=NSE\symbol=WIPRO\part-042855_824653-006048.parquet,36185,downloaded,36185,
2026-07-17,NSE,WIPRO,raw_l2/trade_date=2026-07-17/exchange=NSE/symbol=WIPRO/part-043157_571491-006464.parquet,real_data_sample\l2_unseen_validation\trade_date=2026-07-17\exchange=NSE\symbol=WIPRO\part-043157_571491-006464.parquet,35695,downloaded,35695,
2026-07-17,NSE,WIPRO,raw_l2/trade_date=2026-07-17/exchange=NSE/symbol=WIPRO/part-042909_735046-006080.parquet,real_data_sample\l2_unseen_validation\trade_date=2026-07-17\exchange=NSE\symbol=WIPRO\part-042909_735046-006080.parquet,36414,downloaded,36414,
2026-07-17,NSE,WIPRO,raw_l2/trade_date=2026-07-17/exchange=NSE/symbol=WIPRO/part-042951_626209-006176.parquet,real_data_sample\l2_unseen_validation\trade_date=2026-07-17\exchange=NSE\symbol=WIPRO\part-042951_626209-006176.parquet,36173,downloaded,36173,
2026-07-17,NSE,WIPRO,raw_l2/trade_date=2026-07-17/exchange=NSE/symbol=WIPRO/part-043101_351542-006336.parquet,real_data_sample\l2_unseen_validation\trade_date=2026-07-17\exchange=NSE\symbol=WIPRO\part-043101_351542-006336.parquet,36583,downloaded,36583,
2026-07-17,NSE,WIPRO,raw_l2/trade_date=2026-07-17/exchange=NSE/symbol=WIPRO/part-043047_544897-006304.parquet,real_data_sample\l2_unseen_validation\trade_date=2026-07-17\exchange=NSE\symbol=WIPRO\part-043047_544897-006304.parquet,35978,downloaded,35978,
2026-07-17,NSE,WIPRO,raw_l2/trade_date=2026-07-17/exchange=NSE/symbol=WIPRO/part-042937_722455-006144.parquet,real_data_sample\l2_unseen_validation\trade_date=2026-07-17\exchange=NSE\symbol=WIPRO\part-042937_722455-006144.parquet,36141,downloaded,36141,
2026-07-17,NSE,WIPRO,raw_l2/trade_date=2026-07-17/exchange=NSE/symbol=WIPRO/part-043129_691906-006400.parquet,real_data_sample\l2_unseen_validation\trade_date=2026-07-17\exchange=NSE\symbol=WIPRO\part-043129_691906-006400.parquet,36145,downloaded,36145,
2026-07-17,NSE,WIPRO,raw_l2/trade_date=2026-07-17/exchange=NSE/symbol=WIPRO/part-042923_708352-006112.parquet,real_data_sample\l2_unseen_validation\trade_date=2026-07-17\exchange=NSE\symbol=WIPRO\part-042923_708352-006112.parquet,36250,downloaded,36250,
2026-07-17,NSE,WIPRO,raw_l2/trade_date=2026-07-17/exchange=NSE/symbol=WIPRO/part-043033_795338-006272.parquet,real_data_sample\l2_unseen_validation\trade_date=2026-07-17\exchange=NSE\symbol=WIPRO\part-043033_795338-006272.parquet,36200,downloaded,36200,
2026-07-17,NSE,WIPRO,raw_l2/trade_date=2026-07-17/exchange=NSE/symbol=WIPRO/part-043019_931264-006240.parquet,real_data_sample\l2_unseen_validation\trade_date=2026-07-17\exchange=NSE\symbol=WIPRO\part-043019_931264-006240.parquet,36773,downloaded,36773,
2026-07-17,NSE,WIPRO,raw_l2/trade_date=2026-07-17/exchange=NSE/symbol=WIPRO/part-042759_988918-005920.parquet,real_data_sample\l2_unseen_validation\trade_date=2026-07-17\exchange=NSE\symbol=WIPRO\part-042759_988918-005920.parquet,36717,downloaded,36717,
2026-07-17,NSE,WIPRO,raw_l2/trade_date=2026-07-17/exchange=NSE/symbol=WIPRO/part-043115_411293-006368.parquet,real_data_sample\l2_unseen_validation\trade_date=2026-07-17\exchange=NSE\symbol=WIPRO\part-043115_411293-006368.parquet,35972,downloaded,35972,
2026-07-17,NSE,WIPRO,raw_l2/trade_date=2026-07-17/exchange=NSE/symbol=WIPRO/part-042827_962399-005984.parquet,real_data_sample\l2_unseen_validation\trade_date=2026-07-17\exchange=NSE\symbol=WIPRO\part-042827_962399-005984.parquet,36435,downloaded,36435,
2026-07-17,NSE,WIPRO,raw_l2/trade_date=2026-07-17/exchange=NSE/symbol=WIPRO/part-042746_223878-005888.parquet,real_data_sample\l2_unseen_validation\trade_date=2026-07-17\exchange=NSE\symbol=WIPRO\part-042746_223878-005888.parquet,36399,downloaded,36399,
2026-07-17,NSE,WIPRO,raw_l2/trade_date=2026-07-17/exchange=NSE/symbol=WIPRO/part-043336_220931-006688.parquet,real_data_sample\l2_unseen_validation\trade_date=2026-07-17\exchange=NSE\symbol=WIPRO\part-043336_220931-006688.parquet,34641,downloaded,34641,
2026-07-17,NSE,WIPRO,raw_l2/trade_date=2026-07-17/exchange=NSE/symbol=WIPRO/part-043322_112023-006656.parquet,real_data_sample\l2_unseen_validation\trade_date=2026-07-17\exchange=NSE\symbol=WIPRO\part-043322_112023-006656.parquet,34473,downloaded,34473,
2026-07-17,NSE,WIPRO,raw_l2/trade_date=2026-07-17/exchange=NSE/symbol=WIPRO/part-043240_216418-006560.parquet,real_data_sample\l2_unseen_validation\trade_date=2026-07-17\exchange=NSE\symbol=WIPRO\part-043240_216418-006560.parquet,34691,downloaded,34691,
2026-07-17,NSE,WIPRO,raw_l2/trade_date=2026-07-17/exchange=NSE/symbol=WIPRO/part-043254_039559-006592.parquet,real_data_sample\l2_unseen_validation\trade_date=2026-07-17\exchange=NSE\symbol=WIPRO\part-043254_039559-006592.parquet,34706,downloaded,34706,
2026-07-17,NSE,WIPRO,raw_l2/trade_date=2026-07-17/exchange=NSE/symbol=WIPRO/part-043307_913751-006624.parquet,real_data_sample\l2_unseen_validation\trade_date=2026-07-17\exchange=NSE\symbol=WIPRO\part-043307_913751-006624.parquet,34610,downloaded,34610,
2026-07-17,NSE,WIPRO,raw_l2/trade_date=2026-07-17/exchange=NSE/symbol=WIPRO/part-042732_470284-005856.parquet,real_data_sample\l2_unseen_validation\trade_date=2026-07-17\exchange=NSE\symbol=WIPRO\part-042732_470284-005856.parquet,36102,downloaded,36102,
2026-07-17,NSE,WIPRO,raw_l2/trade_date=2026-07-17/exchange=NSE/symbol=WIPRO/part-043226_195462-006528.parquet,real_data_sample\l2_unseen_validation\trade_date=2026-07-17\exchange=NSE\symbol=WIPRO\part-043226_195462-006528.parquet,34762,downloaded,34762,
2026-07-17,NSE,WIPRO,raw_l2/trade_date=2026-07-17/exchange=NSE/symbol=WIPRO/part-043143_804702-006432.parquet,real_data_sample\l2_unseen_validation\trade_date=2026-07-17\exchange=NSE\symbol=WIPRO\part-043143_804702-006432.parquet,35515,downloaded,35515,
2026-07-17,NSE,WIPRO,raw_l2/trade_date=2026-07-17/exchange=NSE/symbol=WIPRO/part-043005_639596-006208.parquet,real_data_sample\l2_unseen_validation\trade_date=2026-07-17\exchange=NSE\symbol=WIPRO\part-043005_639596-006208.parquet,35605,downloaded,35605,
2026-07-17,NSE,WIPRO,raw_l2/trade_date=2026-07-17/exchange=NSE/symbol=WIPRO/part-043404_113862-006752.parquet,real_data_sample\l2_unseen_validation\trade_date=2026-07-17\exchange=NSE\symbol=WIPRO\part-043404_113862-006752.parquet,34658,downloaded,34658,
2026-07-17,NSE,WIPRO,raw_l2/trade_date=2026-07-17/exchange=NSE/symbol=WIPRO/part-043432_221114-006816.parquet,real_data_sample\l2_unseen_validation\trade_date=2026-07-17\exchange=NSE\symbol=WIPRO\part-043432_221114-006816.parquet,36192,downloaded,36192,
2026-07-17,NSE,WIPRO,raw_l2/trade_date=2026-07-17/exchange=NSE/symbol=WIPRO/part-043350_228321-006720.parquet,real_data_sample\l2_unseen_validation\trade_date=2026-07-17\exchange=NSE\symbol=WIPRO\part-043350_228321-006720.parquet,34715,downloaded,34715,
2026-07-17,NSE,WIPRO,raw_l2/trade_date=2026-07-17/exchange=NSE/symbol=WIPRO/part-043418_215744-006784.parquet,real_data_sample\l2_unseen_validation\trade_date=2026-07-17\exchange=NSE\symbol=WIPRO\part-043418_215744-006784.parquet,35240,downloaded,35240,
2026-07-17,NSE,WIPRO,raw_l2/trade_date=2026-07-17/exchange=NSE/symbol=WIPRO/part-043609_466447-007040.parquet,real_data_sample\l2_unseen_validation\trade_date=2026-07-17\exchange=NSE\symbol=WIPRO\part-043609_466447-007040.parquet,35712,downloaded,35712,
2026-07-17,NSE,WIPRO,raw_l2/trade_date=2026-07-17/exchange=NSE/symbol=WIPRO/part-043733_209368-007232.parquet,real_data_sample\l2_unseen_validation\trade_date=2026-07-17\exchange=NSE\symbol=WIPRO\part-043733_209368-007232.parquet,34692,downloaded,34692,
2026-07-17,NSE,WIPRO,raw_l2/trade_date=2026-07-17/exchange=NSE/symbol=WIPRO/part-043705_423963-007168.parquet,real_data_sample\l2_unseen_validation\trade_date=2026-07-17\exchange=NSE\symbol=WIPRO\part-043705_423963-007168.parquet,34700,downloaded,34700,
2026-07-17,NSE,WIPRO,raw_l2/trade_date=2026-07-17/exchange=NSE/symbol=WIPRO/part-043446_017506-006848.parquet,real_data_sample\l2_unseen_validation\trade_date=2026-07-17\exchange=NSE\symbol=WIPRO\part-043446_017506-006848.parquet,36338,downloaded,36338,
2026-07-17,NSE,WIPRO,raw_l2/trade_date=2026-07-17/exchange=NSE/symbol=WIPRO/part-043651_473576-007136.parquet,real_data_sample\l2_unseen_validation\trade_date=2026-07-17\exchange=NSE\symbol=WIPRO\part-043651_473576-007136.parquet,34731,downloaded,34731,
2026-07-17,NSE,WIPRO,raw_l2/trade_date=2026-07-17/exchange=NSE/symbol=WIPRO/part-043719_241978-007200.parquet,real_data_sample\l2_unseen_validation\trade_date=2026-07-17\exchange=NSE\symbol=WIPRO\part-043719_241978-007200.parquet,34709,downloaded,34709,
2026-07-17,NSE,WIPRO,raw_l2/trade_date=2026-07-17/exchange=NSE/symbol=WIPRO/part-043527_575461-006944.parquet,real_data_sample\l2_unseen_validation\trade_date=2026-07-17\exchange=NSE\symbol=WIPRO\part-043527_575461-006944.parquet,35606,downloaded,35606,
2026-07-17,NSE,WIPRO,raw_l2/trade_date=2026-07-17/exchange=NSE/symbol=WIPRO/part-043513_759788-006912.parquet,real_data_sample\l2_unseen_validation\trade_date=2026-07-17\exchange=NSE\symbol=WIPRO\part-043513_759788-006912.parquet,35569,downloaded,35569,
2026-07-17,NSE,WIPRO,raw_l2/trade_date=2026-07-17/exchange=NSE/symbol=WIPRO/part-043541_412154-006976.parquet,real_data_sample\l2_unseen_validation\trade_date=2026-07-17\exchange=NSE\symbol=WIPRO\part-043541_412154-006976.parquet,35904,downloaded,35904,
2026-07-17,NSE,WIPRO,raw_l2/trade_date=2026-07-17/exchange=NSE/symbol=WIPRO/part-043623_258610-007072.parquet,real_data_sample\l2_unseen_validation\trade_date=2026-07-17\exchange=NSE\symbol=WIPRO\part-043623_258610-007072.parquet,34874,downloaded,34874,
2026-07-17,NSE,WIPRO,raw_l2/trade_date=2026-07-17/exchange=NSE/symbol=WIPRO/part-043637_311122-007104.parquet,real_data_sample\l2_unseen_validation\trade_date=2026-07-17\exchange=NSE\symbol=WIPRO\part-043637_311122-007104.parquet,34567,downloaded,34567,
2026-07-17,NSE,WIPRO,raw_l2/trade_date=2026-07-17/exchange=NSE/symbol=WIPRO/part-043555_391475-007008.parquet,real_data_sample\l2_unseen_validation\trade_date=2026-07-17\exchange=NSE\symbol=WIPRO\part-043555_391475-007008.parquet,35286,downloaded,35286,
2026-07-17,NSE,WIPRO,raw_l2/trade_date=2026-07-17/exchange=NSE/symbol=WIPRO/part-043747_042395-007264.parquet,real_data_sample\l2_unseen_validation\trade_date=2026-07-17\exchange=NSE\symbol=WIPRO\part-043747_042395-007264.parquet,34683,downloaded,34683,
2026-07-17,NSE,WIPRO,raw_l2/trade_date=2026-07-17/exchange=NSE/symbol=WIPRO/part-043924_842735-007488.parquet,real_data_sample\l2_unseen_validation\trade_date=2026-07-17\exchange=NSE\symbol=WIPRO\part-043924_842735-007488.parquet,34980,downloaded,34980,
2026-07-17,NSE,WIPRO,raw_l2/trade_date=2026-07-17/exchange=NSE/symbol=WIPRO/part-043911_222647-007456.parquet,real_data_sample\l2_unseen_validation\trade_date=2026-07-17\exchange=NSE\symbol=WIPRO\part-043911_222647-007456.parquet,36471,downloaded,36471,
2026-07-17,NSE,WIPRO,raw_l2/trade_date=2026-07-17/exchange=NSE/symbol=WIPRO/part-043857_420050-007424.parquet,real_data_sample\l2_unseen_validation\trade_date=2026-07-17\exchange=NSE\symbol=WIPRO\part-043857_420050-007424.parquet,35847,downloaded,35847,
2026-07-17,NSE,WIPRO,raw_l2/trade_date=2026-07-17/exchange=NSE/symbol=WIPRO/part-044019_794401-007616.parquet,real_data_sample\l2_unseen_validation\trade_date=2026-07-17\exchange=NSE\symbol=WIPRO\part-044019_794401-007616.parquet,35414,downloaded,35414,
2026-07-17,NSE,WIPRO,raw_l2/trade_date=2026-07-17/exchange=NSE/symbol=WIPRO/part-043843_335464-007392.parquet,real_data_sample\l2_unseen_validation\trade_date=2026-07-17\exchange=NSE\symbol=WIPRO\part-043843_335464-007392.parquet,36036,downloaded,36036,
2026-07-17,NSE,WIPRO,raw_l2/trade_date=2026-07-17/exchange=NSE/symbol=WIPRO/part-044033_566052-007648.parquet,real_data_sample\l2_unseen_validation\trade_date=2026-07-17\exchange=NSE\symbol=WIPRO\part-044033_566052-007648.parquet,35738,downloaded,35738,
2026-07-17,NSE,WIPRO,raw_l2/trade_date=2026-07-17/exchange=NSE/symbol=WIPRO/part-043952_249286-007552.parquet,real_data_sample\l2_unseen_validation\trade_date=2026-07-17\exchange=NSE\symbol=WIPRO\part-043952_249286-007552.parquet,34493,downloaded,34493,
2026-07-17,NSE,WIPRO,raw_l2/trade_date=2026-07-17/exchange=NSE/symbol=WIPRO/part-043815_413168-007328.parquet,real_data_sample\l2_unseen_validation\trade_date=2026-07-17\exchange=NSE\symbol=WIPRO\part-043815_413168-007328.parquet,34743,downloaded,34743,
2026-07-17,NSE,WIPRO,raw_l2/trade_date=2026-07-17/exchange=NSE/symbol=WIPRO/part-044006_067852-007584.parquet,real_data_sample\l2_unseen_validation\trade_date=2026-07-17\exchange=NSE\symbol=WIPRO\part-044006_067852-007584.parquet,34657,downloaded,34657,
2026-07-17,NSE,WIPRO,raw_l2/trade_date=2026-07-17/exchange=NSE/symbol=WIPRO/part-044155_906493-007840.parquet,real_data_sample\l2_unseen_validation\trade_date=2026-07-17\exchange=NSE\symbol=WIPRO\part-044155_906493-007840.parquet,35483,downloaded,35483,
2026-07-17,NSE,WIPRO,raw_l2/trade_date=2026-07-17/exchange=NSE/symbol=WIPRO/part-043938_410675-007520.parquet,real_data_sample\l2_unseen_validation\trade_date=2026-07-17\exchange=NSE\symbol=WIPRO\part-043938_410675-007520.parquet,34789,downloaded,34789,
2026-07-17,NSE,WIPRO,raw_l2/trade_date=2026-07-17/exchange=NSE/symbol=WIPRO/part-043800_817111-007296.parquet,real_data_sample\l2_unseen_validation\trade_date=2026-07-17\exchange=NSE\symbol=WIPRO\part-043800_817111-007296.parquet,34519,downloaded,34519,
2026-07-17,NSE,WIPRO,raw_l2/trade_date=2026-07-17/exchange=NSE/symbol=WIPRO/part-043829_213694-007360.parquet,real_data_sample\l2_unseen_validation\trade_date=2026-07-17\exchange=NSE\symbol=WIPRO\part-043829_213694-007360.parquet,35920,downloaded,35920,
2026-07-17,NSE,WIPRO,raw_l2/trade_date=2026-07-17/exchange=NSE/symbol=WIPRO/part-044128_430087-007776.parquet,real_data_sample\l2_unseen_validation\trade_date=2026-07-17\exchange=NSE\symbol=WIPRO\part-044128_430087-007776.parquet,36529,downloaded,36529,
2026-07-17,NSE,WIPRO,raw_l2/trade_date=2026-07-17/exchange=NSE/symbol=WIPRO/part-044100_878633-007712.parquet,real_data_sample\l2_unseen_validation\trade_date=2026-07-17\exchange=NSE\symbol=WIPRO\part-044100_878633-007712.parquet,36078,downloaded,36078,
2026-07-17,NSE,WIPRO,raw_l2/trade_date=2026-07-17/exchange=NSE/symbol=WIPRO/part-044047_171802-007680.parquet,real_data_sample\l2_unseen_validation\trade_date=2026-07-17\exchange=NSE\symbol=WIPRO\part-044047_171802-007680.parquet,36176,downloaded,36176,
2026-07-17,NSE,WIPRO,raw_l2/trade_date=2026-07-17/exchange=NSE/symbol=WIPRO/part-044142_194179-007808.parquet,real_data_sample\l2_unseen_validation\trade_date=2026-07-17\exchange=NSE\symbol=WIPRO\part-044142_194179-007808.parquet,36249,downloaded,36249,
2026-07-17,NSE,WIPRO,raw_l2/trade_date=2026-07-17/exchange=NSE/symbol=WIPRO/part-044114_699739-007744.parquet,real_data_sample\l2_unseen_validation\trade_date=2026-07-17\exchange=NSE\symbol=WIPRO\part-044114_699739-007744.parquet,36075,downloaded,36075,
2026-07-17,NSE,WIPRO,raw_l2/trade_date=2026-07-17/exchange=NSE/symbol=WIPRO/part-043459_828246-006880.parquet,real_data_sample\l2_unseen_validation\trade_date=2026-07-17\exchange=NSE\symbol=WIPRO\part-043459_828246-006880.parquet,35976,downloaded,35976,
2026-07-17,NSE,WIPRO,raw_l2/trade_date=2026-07-17/exchange=NSE/symbol=WIPRO/part-044333_261082-008064.parquet,real_data_sample\l2_unseen_validation\trade_date=2026-07-17\exchange=NSE\symbol=WIPRO\part-044333_261082-008064.parquet,36061,downloaded,36061,
2026-07-17,NSE,WIPRO,raw_l2/trade_date=2026-07-17/exchange=NSE/symbol=WIPRO/part-044251_594819-007968.parquet,real_data_sample\l2_unseen_validation\trade_date=2026-07-17\exchange=NSE\symbol=WIPRO\part-044251_594819-007968.parquet,36342,downloaded,36342,
2026-07-17,NSE,WIPRO,raw_l2/trade_date=2026-07-17/exchange=NSE/symbol=WIPRO/part-044823_367629-008736.parquet,real_data_sample\l2_unseen_validation\trade_date=2026-07-17\exchange=NSE\symbol=WIPRO\part-044823_367629-008736.parquet,36176,downloaded,36176,
2026-07-17,NSE,WIPRO,raw_l2/trade_date=2026-07-17/exchange=NSE/symbol=WIPRO/part-044714_049954-008576.parquet,real_data_sample\l2_unseen_validation\trade_date=2026-07-17\exchange=NSE\symbol=WIPRO\part-044714_049954-008576.parquet,34774,downloaded,34774,
2026-07-17,NSE,WIPRO,raw_l2/trade_date=2026-07-17/exchange=NSE/symbol=WIPRO/part-044509_818342-008288.parquet,real_data_sample\l2_unseen_validation\trade_date=2026-07-17\exchange=NSE\symbol=WIPRO\part-044509_818342-008288.parquet,35811,downloaded,35811,
2026-07-17,NSE,WIPRO,raw_l2/trade_date=2026-07-17/exchange=NSE/symbol=WIPRO/part-044537_292866-008352.parquet,real_data_sample\l2_unseen_validation\trade_date=2026-07-17\exchange=NSE\symbol=WIPRO\part-044537_292866-008352.parquet,35748,downloaded,35748,
2026-07-17,NSE,WIPRO,raw_l2/trade_date=2026-07-17/exchange=NSE/symbol=WIPRO/part-044305_523875-008000.parquet,real_data_sample\l2_unseen_validation\trade_date=2026-07-17\exchange=NSE\symbol=WIPRO\part-044305_523875-008000.parquet,36181,downloaded,36181,
2026-07-17,NSE,WIPRO,raw_l2/trade_date=2026-07-17/exchange=NSE/symbol=WIPRO/part-044319_319107-008032.parquet,real_data_sample\l2_unseen_validation\trade_date=2026-07-17\exchange=NSE\symbol=WIPRO\part-044319_319107-008032.parquet,36459,downloaded,36459,
2026-07-17,NSE,WIPRO,raw_l2/trade_date=2026-07-17/exchange=NSE/symbol=WIPRO/part-044523_555280-008320.parquet,real_data_sample\l2_unseen_validation\trade_date=2026-07-17\exchange=NSE\symbol=WIPRO\part-044523_555280-008320.parquet,35567,downloaded,35567,
2026-07-17,NSE,WIPRO,raw_l2/trade_date=2026-07-17/exchange=NSE/symbol=WIPRO/part-044741_871167-008640.parquet,real_data_sample\l2_unseen_validation\trade_date=2026-07-17\exchange=NSE\symbol=WIPRO\part-044741_871167-008640.parquet,34721,downloaded,34721,
2026-07-17,NSE,WIPRO,raw_l2/trade_date=2026-07-17/exchange=NSE/symbol=WIPRO/part-044809_521713-008704.parquet,real_data_sample\l2_unseen_validation\trade_date=2026-07-17\exchange=NSE\symbol=WIPRO\part-044809_521713-008704.parquet,34773,downloaded,34773,
2026-07-17,NSE,WIPRO,raw_l2/trade_date=2026-07-17/exchange=NSE/symbol=WIPRO/part-044400_803160-008128.parquet,real_data_sample\l2_unseen_validation\trade_date=2026-07-17\exchange=NSE\symbol=WIPRO\part-044400_803160-008128.parquet,36354,downloaded,36354,
2026-07-17,NSE,WIPRO,raw_l2/trade_date=2026-07-17/exchange=NSE/symbol=WIPRO/part-044428_193172-008192.parquet,real_data_sample\l2_unseen_validation\trade_date=2026-07-17\exchange=NSE\symbol=WIPRO\part-044428_193172-008192.parquet,36367,downloaded,36367,
2026-07-17,NSE,WIPRO,raw_l2/trade_date=2026-07-17/exchange=NSE/symbol=WIPRO/part-044455_993320-008256.parquet,real_data_sample\l2_unseen_validation\trade_date=2026-07-17\exchange=NSE\symbol=WIPRO\part-044455_993320-008256.parquet,36229,downloaded,36229,
2026-07-17,NSE,WIPRO,raw_l2/trade_date=2026-07-17/exchange=NSE/symbol=WIPRO/part-044837_221285-008768.parquet,real_data_sample\l2_unseen_validation\trade_date=2026-07-17\exchange=NSE\symbol=WIPRO\part-044837_221285-008768.parquet,36250,downloaded,36250,
2026-07-17,NSE,WIPRO,raw_l2/trade_date=2026-07-17/exchange=NSE/symbol=WIPRO/part-044223_538378-007904.parquet,real_data_sample\l2_unseen_validation\trade_date=2026-07-17\exchange=NSE\symbol=WIPRO\part-044223_538378-007904.parquet,36030,downloaded,36030,
2026-07-17,NSE,WIPRO,raw_l2/trade_date=2026-07-17/exchange=NSE/symbol=WIPRO/part-044347_037076-008096.parquet,real_data_sample\l2_unseen_validation\trade_date=2026-07-17\exchange=NSE\symbol=WIPRO\part-044347_037076-008096.parquet,36114,downloaded,36114,
2026-07-17,NSE,WIPRO,raw_l2/trade_date=2026-07-17/exchange=NSE/symbol=WIPRO/part-044209_776471-007872.parquet,real_data_sample\l2_unseen_validation\trade_date=2026-07-17\exchange=NSE\symbol=WIPRO\part-044209_776471-007872.parquet,36357,downloaded,36357,
2026-07-17,NSE,WIPRO,raw_l2/trade_date=2026-07-17/exchange=NSE/symbol=WIPRO/part-044237_633816-007936.parquet,real_data_sample\l2_unseen_validation\trade_date=2026-07-17\exchange=NSE\symbol=WIPRO\part-044237_633816-007936.parquet,36570,downloaded,36570,
2026-07-17,NSE,WIPRO,raw_l2/trade_date=2026-07-17/exchange=NSE/symbol=WIPRO/part-044700_323662-008544.parquet,real_data_sample\l2_unseen_validation\trade_date=2026-07-17\exchange=NSE\symbol=WIPRO\part-044700_323662-008544.parquet,34800,downloaded,34800,
2026-07-17,NSE,WIPRO,raw_l2/trade_date=2026-07-17/exchange=NSE/symbol=WIPRO/part-044755_715736-008672.parquet,real_data_sample\l2_unseen_validation\trade_date=2026-07-17\exchange=NSE\symbol=WIPRO\part-044755_715736-008672.parquet,34656,downloaded,34656,
2026-07-17,NSE,WIPRO,raw_l2/trade_date=2026-07-17/exchange=NSE/symbol=WIPRO/part-044604_958133-008416.parquet,real_data_sample\l2_unseen_validation\trade_date=2026-07-17\exchange=NSE\symbol=WIPRO\part-044604_958133-008416.parquet,35574,downloaded,35574,
2026-07-17,NSE,WIPRO,raw_l2/trade_date=2026-07-17/exchange=NSE/symbol=WIPRO/part-044646_578099-008512.parquet,real_data_sample\l2_unseen_validation\trade_date=2026-07-17\exchange=NSE\symbol=WIPRO\part-044646_578099-008512.parquet,34644,downloaded,34644,
2026-07-17,NSE,WIPRO,raw_l2/trade_date=2026-07-17/exchange=NSE/symbol=WIPRO/part-044551_037902-008384.parquet,real_data_sample\l2_unseen_validation\trade_date=2026-07-17\exchange=NSE\symbol=WIPRO\part-044551_037902-008384.parquet,35809,downloaded,35809,
2026-07-17,NSE,WIPRO,raw_l2/trade_date=2026-07-17/exchange=NSE/symbol=WIPRO/part-044727_765839-008608.parquet,real_data_sample\l2_unseen_validation\trade_date=2026-07-17\exchange=NSE\symbol=WIPRO\part-044727_765839-008608.parquet,34712,downloaded,34712,
2026-07-17,NSE,WIPRO,raw_l2/trade_date=2026-07-17/exchange=NSE/symbol=WIPRO/part-044618_716738-008448.parquet,real_data_sample\l2_unseen_validation\trade_date=2026-07-17\exchange=NSE\symbol=WIPRO\part-044618_716738-008448.parquet,35330,downloaded,35330,
2026-07-17,NSE,WIPRO,raw_l2/trade_date=2026-07-17/exchange=NSE/symbol=WIPRO/part-044414_510663-008160.parquet,real_data_sample\l2_unseen_validation\trade_date=2026-07-17\exchange=NSE\symbol=WIPRO\part-044414_510663-008160.parquet,35726,downloaded,35726,
2026-07-17,NSE,WIPRO,raw_l2/trade_date=2026-07-17/exchange=NSE/symbol=WIPRO/part-044632_493902-008480.parquet,real_data_sample\l2_unseen_validation\trade_date=2026-07-17\exchange=NSE\symbol=WIPRO\part-044632_493902-008480.parquet,34669,downloaded,34669,
2026-07-17,NSE,WIPRO,raw_l2/trade_date=2026-07-17/exchange=NSE/symbol=WIPRO/part-044904_674445-008832.parquet,real_data_sample\l2_unseen_validation\trade_date=2026-07-17\exchange=NSE\symbol=WIPRO\part-044904_674445-008832.parquet,36335,downloaded,36335,
2026-07-17,NSE,WIPRO,raw_l2/trade_date=2026-07-17/exchange=NSE/symbol=WIPRO/part-044850_924700-008800.parquet,real_data_sample\l2_unseen_validation\trade_date=2026-07-17\exchange=NSE\symbol=WIPRO\part-044850_924700-008800.parquet,36081,downloaded,36081,
2026-07-17,NSE,WIPRO,raw_l2/trade_date=2026-07-17/exchange=NSE/symbol=WIPRO/part-044442_219526-008224.parquet,real_data_sample\l2_unseen_validation\trade_date=2026-07-17\exchange=NSE\symbol=WIPRO\part-044442_219526-008224.parquet,35820,downloaded,35820,
2026-07-17,NSE,WIPRO,raw_l2/trade_date=2026-07-17/exchange=NSE/symbol=WIPRO/part-045122_558791-009152.parquet,real_data_sample\l2_unseen_validation\trade_date=2026-07-17\exchange=NSE\symbol=WIPRO\part-045122_558791-009152.parquet,36203,downloaded,36203,
2026-07-17,NSE,WIPRO,raw_l2/trade_date=2026-07-17/exchange=NSE/symbol=WIPRO/part-045027_073089-009024.parquet,real_data_sample\l2_unseen_validation\trade_date=2026-07-17\exchange=NSE\symbol=WIPRO\part-045027_073089-009024.parquet,35875,downloaded,35875,
2026-07-17,NSE,WIPRO,raw_l2/trade_date=2026-07-17/exchange=NSE/symbol=WIPRO/part-045533_891587-009728.parquet,real_data_sample\l2_unseen_validation\trade_date=2026-07-17\exchange=NSE\symbol=WIPRO\part-045533_891587-009728.parquet,34808,downloaded,34808,
2026-07-17,NSE,WIPRO,raw_l2/trade_date=2026-07-17/exchange=NSE/symbol=WIPRO/part-045520_011080-009696.parquet,real_data_sample\l2_unseen_validation\trade_date=2026-07-17\exchange=NSE\symbol=WIPRO\part-045520_011080-009696.parquet,35183,downloaded,35183,
2026-07-17,NSE,WIPRO,raw_l2/trade_date=2026-07-17/exchange=NSE/symbol=WIPRO/part-045547_852767-009760.parquet,real_data_sample\l2_unseen_validation\trade_date=2026-07-17\exchange=NSE\symbol=WIPRO\part-045547_852767-009760.parquet,34694,downloaded,34694,
2026-07-17,NSE,WIPRO,raw_l2/trade_date=2026-07-17/exchange=NSE/symbol=WIPRO/part-045630_282779-009856.parquet,real_data_sample\l2_unseen_validation\trade_date=2026-07-17\exchange=NSE\symbol=WIPRO\part-045630_282779-009856.parquet,35974,downloaded,35974,
2026-07-17,NSE,WIPRO,raw_l2/trade_date=2026-07-17/exchange=NSE/symbol=WIPRO/part-045506_028790-009664.parquet,real_data_sample\l2_unseen_validation\trade_date=2026-07-17\exchange=NSE\symbol=WIPRO\part-045506_028790-009664.parquet,35812,downloaded,35812,
2026-07-17,NSE,WIPRO,raw_l2/trade_date=2026-07-17/exchange=NSE/symbol=WIPRO/part-045245_863584-009344.parquet,real_data_sample\l2_unseen_validation\trade_date=2026-07-17\exchange=NSE\symbol=WIPRO\part-045245_863584-009344.parquet,36010,downloaded,36010,
2026-07-17,NSE,WIPRO,raw_l2/trade_date=2026-07-17/exchange=NSE/symbol=WIPRO/part-045423_692401-009568.parquet,real_data_sample\l2_unseen_validation\trade_date=2026-07-17\exchange=NSE\symbol=WIPRO\part-045423_692401-009568.parquet,36053,downloaded,36053,
2026-07-17,NSE,WIPRO,raw_l2/trade_date=2026-07-17/exchange=NSE/symbol=WIPRO/part-045437_729877-009600.parquet,real_data_sample\l2_unseen_validation\trade_date=2026-07-17\exchange=NSE\symbol=WIPRO\part-045437_729877-009600.parquet,36024,downloaded,36024,
2026-07-17,NSE,WIPRO,raw_l2/trade_date=2026-07-17/exchange=NSE/symbol=WIPRO/part-045451_781812-009632.parquet,real_data_sample\l2_unseen_validation\trade_date=2026-07-17\exchange=NSE\symbol=WIPRO\part-045451_781812-009632.parquet,36481,downloaded,36481,
2026-07-17,NSE,WIPRO,raw_l2/trade_date=2026-07-17/exchange=NSE/symbol=WIPRO/part-045355_647405-009504.parquet,real_data_sample\l2_unseen_validation\trade_date=2026-07-17\exchange=NSE\symbol=WIPRO\part-045355_647405-009504.parquet,36095,downloaded,36095,
2026-07-17,NSE,WIPRO,raw_l2/trade_date=2026-07-17/exchange=NSE/symbol=WIPRO/part-045409_622316-009536.parquet,real_data_sample\l2_unseen_validation\trade_date=2026-07-17\exchange=NSE\symbol=WIPRO\part-045409_622316-009536.parquet,36533,downloaded,36533,
2026-07-17,NSE,WIPRO,raw_l2/trade_date=2026-07-17/exchange=NSE/symbol=WIPRO/part-045644_709482-009888.parquet,real_data_sample\l2_unseen_validation\trade_date=2026-07-17\exchange=NSE\symbol=WIPRO\part-045644_709482-009888.parquet,35754,downloaded,35754,
2026-07-17,NSE,WIPRO,raw_l2/trade_date=2026-07-17/exchange=NSE/symbol=WIPRO/part-045741_136707-010016.parquet,real_data_sample\l2_unseen_validation\trade_date=2026-07-17\exchange=NSE\symbol=WIPRO\part-045741_136707-010016.parquet,34871,downloaded,34871,
2026-07-17,NSE,WIPRO,raw_l2/trade_date=2026-07-17/exchange=NSE/symbol=WIPRO/part-045809_434116-010080.parquet,real_data_sample\l2_unseen_validation\trade_date=2026-07-17\exchange=NSE\symbol=WIPRO\part-045809_434116-010080.parquet,34812,downloaded,34812,
2026-07-17,NSE,WIPRO,raw_l2/trade_date=2026-07-17/exchange=NSE/symbol=WIPRO/part-045823_427785-010112.parquet,real_data_sample\l2_unseen_validation\trade_date=2026-07-17\exchange=NSE\symbol=WIPRO\part-045823_427785-010112.parquet,35723,downloaded,35723,
2026-07-17,NSE,WIPRO,raw_l2/trade_date=2026-07-17/exchange=NSE/symbol=WIPRO/part-045837_649823-010144.parquet,real_data_sample\l2_unseen_validation\trade_date=2026-07-17\exchange=NSE\symbol=WIPRO\part-045837_649823-010144.parquet,36452,downloaded,36452,
2026-07-17,NSE,WIPRO,raw_l2/trade_date=2026-07-17/exchange=NSE/symbol=WIPRO/part-045905_488594-010208.parquet,real_data_sample\l2_unseen_validation\trade_date=2026-07-17\exchange=NSE\symbol=WIPRO\part-045905_488594-010208.parquet,36543,downloaded,36543,
2026-07-17,NSE,WIPRO,raw_l2/trade_date=2026-07-17/exchange=NSE/symbol=WIPRO/part-045919_382979-010240.parquet,real_data_sample\l2_unseen_validation\trade_date=2026-07-17\exchange=NSE\symbol=WIPRO\part-045919_382979-010240.parquet,36395,downloaded,36395,
2026-07-17,NSE,WIPRO,raw_l2/trade_date=2026-07-17/exchange=NSE/symbol=WIPRO/part-045933_751876-010272.parquet,real_data_sample\l2_unseen_validation\trade_date=2026-07-17\exchange=NSE\symbol=WIPRO\part-045933_751876-010272.parquet,36362,downloaded,36362,
2026-07-17,NSE,WIPRO,raw_l2/trade_date=2026-07-17/exchange=NSE/symbol=WIPRO/part-045851_811899-010176.parquet,real_data_sample\l2_unseen_validation\trade_date=2026-07-17\exchange=NSE\symbol=WIPRO\part-045851_811899-010176.parquet,36293,downloaded,36293,
2026-07-17,NSE,WIPRO,raw_l2/trade_date=2026-07-17/exchange=NSE/symbol=WIPRO/part-045712_933489-009952.parquet,real_data_sample\l2_unseen_validation\trade_date=2026-07-17\exchange=NSE\symbol=WIPRO\part-045712_933489-009952.parquet,36312,downloaded,36312,
2026-07-17,NSE,WIPRO,raw_l2/trade_date=2026-07-17/exchange=NSE/symbol=WIPRO/part-045658_537694-009920.parquet,real_data_sample\l2_unseen_validation\trade_date=2026-07-17\exchange=NSE\symbol=WIPRO\part-045658_537694-009920.parquet,35892,downloaded,35892,
2026-07-17,NSE,WIPRO,raw_l2/trade_date=2026-07-17/exchange=NSE/symbol=WIPRO/part-045726_957304-009984.parquet,real_data_sample\l2_unseen_validation\trade_date=2026-07-17\exchange=NSE\symbol=WIPRO\part-045726_957304-009984.parquet,34888,downloaded,34888,
2026-07-17,NSE,WIPRO,raw_l2/trade_date=2026-07-17/exchange=NSE/symbol=WIPRO/part-045755_172543-010048.parquet,real_data_sample\l2_unseen_validation\trade_date=2026-07-17\exchange=NSE\symbol=WIPRO\part-045755_172543-010048.parquet,34821,downloaded,34821,
2026-07-17,NSE,WIPRO,raw_l2/trade_date=2026-07-17/exchange=NSE/symbol=WIPRO/part-045947_778572-010304.parquet,real_data_sample\l2_unseen_validation\trade_date=2026-07-17\exchange=NSE\symbol=WIPRO\part-045947_778572-010304.parquet,35915,downloaded,35915,
2026-07-17,NSE,WIPRO,raw_l2/trade_date=2026-07-17/exchange=NSE/symbol=WIPRO/part-050002_187987-010336.parquet,real_data_sample\l2_unseen_validation\trade_date=2026-07-17\exchange=NSE\symbol=WIPRO\part-050002_187987-010336.parquet,35711,downloaded,35711,
2026-07-17,NSE,WIPRO,raw_l2/trade_date=2026-07-17/exchange=NSE/symbol=WIPRO/part-050029_830124-010400.parquet,real_data_sample\l2_unseen_validation\trade_date=2026-07-17\exchange=NSE\symbol=WIPRO\part-050029_830124-010400.parquet,36722,downloaded,36722,
2026-07-17,NSE,WIPRO,raw_l2/trade_date=2026-07-17/exchange=NSE/symbol=WIPRO/part-050043_764103-010432.parquet,real_data_sample\l2_unseen_validation\trade_date=2026-07-17\exchange=NSE\symbol=WIPRO\part-050043_764103-010432.parquet,36481,downloaded,36481,
2026-07-17,NSE,WIPRO,raw_l2/trade_date=2026-07-17/exchange=NSE/symbol=WIPRO/part-050015_942671-010368.parquet,real_data_sample\l2_unseen_validation\trade_date=2026-07-17\exchange=NSE\symbol=WIPRO\part-050015_942671-010368.parquet,36476,downloaded,36476,
2026-07-17,NSE,WIPRO,raw_l2/trade_date=2026-07-17/exchange=NSE/symbol=WIPRO/part-050057_652316-010464.parquet,real_data_sample\l2_unseen_validation\trade_date=2026-07-17\exchange=NSE\symbol=WIPRO\part-050057_652316-010464.parquet,36462,downloaded,36462,
2026-07-17,NSE,WIPRO,raw_l2/trade_date=2026-07-17/exchange=NSE/symbol=WIPRO/part-050111_622982-010496.parquet,real_data_sample\l2_unseen_validation\trade_date=2026-07-17\exchange=NSE\symbol=WIPRO\part-050111_622982-010496.parquet,36570,downloaded,36570,
2026-07-17,NSE,WIPRO,raw_l2/trade_date=2026-07-17/exchange=NSE/symbol=WIPRO/part-050139_487421-010560.parquet,real_data_sample\l2_unseen_validation\trade_date=2026-07-17\exchange=NSE\symbol=WIPRO\part-050139_487421-010560.parquet,35723,downloaded,35723,
2026-07-17,NSE,WIPRO,raw_l2/trade_date=2026-07-17/exchange=NSE/symbol=WIPRO/part-050153_689540-010592.parquet,real_data_sample\l2_unseen_validation\trade_date=2026-07-17\exchange=NSE\symbol=WIPRO\part-050153_689540-010592.parquet,36246,downloaded,36246,
2026-07-17,NSE,WIPRO,raw_l2/trade_date=2026-07-17/exchange=NSE/symbol=WIPRO/part-050125_504060-010528.parquet,real_data_sample\l2_unseen_validation\trade_date=2026-07-17\exchange=NSE\symbol=WIPRO\part-050125_504060-010528.parquet,36014,downloaded,36014,
2026-07-17,NSE,WIPRO,raw_l2/trade_date=2026-07-17/exchange=NSE/symbol=WIPRO/part-050222_015046-010656.parquet,real_data_sample\l2_unseen_validation\trade_date=2026-07-17\exchange=NSE\symbol=WIPRO\part-050222_015046-010656.parquet,36081,downloaded,36081,
2026-07-17,NSE,WIPRO,raw_l2/trade_date=2026-07-17/exchange=NSE/symbol=WIPRO/part-050236_567286-010688.parquet,real_data_sample\l2_unseen_validation\trade_date=2026-07-17\exchange=NSE\symbol=WIPRO\part-050236_567286-010688.parquet,36235,downloaded,36235,
2026-07-17,NSE,WIPRO,raw_l2/trade_date=2026-07-17/exchange=NSE/symbol=WIPRO/part-050207_931979-010624.parquet,real_data_sample\l2_unseen_validation\trade_date=2026-07-17\exchange=NSE\symbol=WIPRO\part-050207_931979-010624.parquet,36470,downloaded,36470,
2026-07-17,NSE,WIPRO,raw_l2/trade_date=2026-07-17/exchange=NSE/symbol=WIPRO/part-050304_819135-010752.parquet,real_data_sample\l2_unseen_validation\trade_date=2026-07-17\exchange=NSE\symbol=WIPRO\part-050304_819135-010752.parquet,36033,downloaded,36033,
2026-07-17,NSE,WIPRO,raw_l2/trade_date=2026-07-17/exchange=NSE/symbol=WIPRO/part-050250_592879-010720.parquet,real_data_sample\l2_unseen_validation\trade_date=2026-07-17\exchange=NSE\symbol=WIPRO\part-050250_592879-010720.parquet,36228,downloaded,36228,
2026-07-17,NSE,WIPRO,raw_l2/trade_date=2026-07-17/exchange=NSE/symbol=WIPRO/part-050333_211341-010816.parquet,real_data_sample\l2_unseen_validation\trade_date=2026-07-17\exchange=NSE\symbol=WIPRO\part-050333_211341-010816.parquet,36034,downloaded,36034,
2026-07-17,NSE,WIPRO,raw_l2/trade_date=2026-07-17/exchange=NSE/symbol=WIPRO/part-050401_407030-010880.parquet,real_data_sample\l2_unseen_validation\trade_date=2026-07-17\exchange=NSE\symbol=WIPRO\part-050401_407030-010880.parquet,36551,downloaded,36551,
2026-07-17,NSE,WIPRO,raw_l2/trade_date=2026-07-17/exchange=NSE/symbol=WIPRO/part-050319_287097-010784.parquet,real_data_sample\l2_unseen_validation\trade_date=2026-07-17\exchange=NSE\symbol=WIPRO\part-050319_287097-010784.parquet,35838,downloaded,35838,
2026-07-17,NSE,WIPRO,raw_l2/trade_date=2026-07-17/exchange=NSE/symbol=WIPRO/part-050347_289390-010848.parquet,real_data_sample\l2_unseen_validation\trade_date=2026-07-17\exchange=NSE\symbol=WIPRO\part-050347_289390-010848.parquet,36604,downloaded,36604,
2026-07-17,NSE,WIPRO,raw_l2/trade_date=2026-07-17/exchange=NSE/symbol=WIPRO/part-050415_720653-010912.parquet,real_data_sample\l2_unseen_validation\trade_date=2026-07-17\exchange=NSE\symbol=WIPRO\part-050415_720653-010912.parquet,36270,downloaded,36270,
2026-07-17,NSE,WIPRO,raw_l2/trade_date=2026-07-17/exchange=NSE/symbol=WIPRO/part-050429_648422-010944.parquet,real_data_sample\l2_unseen_validation\trade_date=2026-07-17\exchange=NSE\symbol=WIPRO\part-050429_648422-010944.parquet,36428,downloaded,36428,
2026-07-17,NSE,WIPRO,raw_l2/trade_date=2026-07-17/exchange=NSE/symbol=WIPRO/part-050443_567655-010976.parquet,real_data_sample\l2_unseen_validation\trade_date=2026-07-17\exchange=NSE\symbol=WIPRO\part-050443_567655-010976.parquet,36048,downloaded,36048,
2026-07-17,NSE,WIPRO,raw_l2/trade_date=2026-07-17/exchange=NSE/symbol=WIPRO/part-050457_355176-011008.parquet,real_data_sample\l2_unseen_validation\trade_date=2026-07-17\exchange=NSE\symbol=WIPRO\part-050457_355176-011008.parquet,35905,downloaded,35905,
2026-07-17,NSE,WIPRO,raw_l2/trade_date=2026-07-17/exchange=NSE/symbol=WIPRO/part-050539_359633-011104.parquet,real_data_sample\l2_unseen_validation\trade_date=2026-07-17\exchange=NSE\symbol=WIPRO\part-050539_359633-011104.parquet,35994,downloaded,35994,
2026-07-17,NSE,WIPRO,raw_l2/trade_date=2026-07-17/exchange=NSE/symbol=WIPRO/part-050525_534021-011072.parquet,real_data_sample\l2_unseen_validation\trade_date=2026-07-17\exchange=NSE\symbol=WIPRO\part-050525_534021-011072.parquet,36036,downloaded,36036,
2026-07-17,NSE,WIPRO,raw_l2/trade_date=2026-07-17/exchange=NSE/symbol=WIPRO/part-050511_495490-011040.parquet,real_data_sample\l2_unseen_validation\trade_date=2026-07-17\exchange=NSE\symbol=WIPRO\part-050511_495490-011040.parquet,35770,downloaded,35770,
2026-07-17,NSE,WIPRO,raw_l2/trade_date=2026-07-17/exchange=NSE/symbol=WIPRO/part-050553_309451-011136.parquet,real_data_sample\l2_unseen_validation\trade_date=2026-07-17\exchange=NSE\symbol=WIPRO\part-050553_309451-011136.parquet,36041,downloaded,36041,
2026-07-17,NSE,WIPRO,raw_l2/trade_date=2026-07-17/exchange=NSE/symbol=WIPRO/part-050607_462998-011168.parquet,real_data_sample\l2_unseen_validation\trade_date=2026-07-17\exchange=NSE\symbol=WIPRO\part-050607_462998-011168.parquet,35919,downloaded,35919,
2026-07-17,NSE,WIPRO,raw_l2/trade_date=2026-07-17/exchange=NSE/symbol=WIPRO/part-050622_269549-011200.parquet,real_data_sample\l2_unseen_validation\trade_date=2026-07-17\exchange=NSE\symbol=WIPRO\part-050622_269549-011200.parquet,35627,downloaded,35627,
2026-07-17,NSE,WIPRO,raw_l2/trade_date=2026-07-17/exchange=NSE/symbol=WIPRO/part-050636_757782-011232.parquet,real_data_sample\l2_unseen_validation\trade_date=2026-07-17\exchange=NSE\symbol=WIPRO\part-050636_757782-011232.parquet,35094,downloaded,35094,
2026-07-17,NSE,WIPRO,raw_l2/trade_date=2026-07-17/exchange=NSE/symbol=WIPRO/part-050650_873588-011264.parquet,real_data_sample\l2_unseen_validation\trade_date=2026-07-17\exchange=NSE\symbol=WIPRO\part-050650_873588-011264.parquet,34720,downloaded,34720,
2026-07-17,NSE,WIPRO,raw_l2/trade_date=2026-07-17/exchange=NSE/symbol=WIPRO/part-050704_931297-011296.parquet,real_data_sample\l2_unseen_validation\trade_date=2026-07-17\exchange=NSE\symbol=WIPRO\part-050704_931297-011296.parquet,35057,downloaded,35057,
2026-07-17,NSE,WIPRO,raw_l2/trade_date=2026-07-17/exchange=NSE/symbol=WIPRO/part-050733_017794-011360.parquet,real_data_sample\l2_unseen_validation\trade_date=2026-07-17\exchange=NSE\symbol=WIPRO\part-050733_017794-011360.parquet,35943,downloaded,35943,
2026-07-17,NSE,WIPRO,raw_l2/trade_date=2026-07-17/exchange=NSE/symbol=WIPRO/part-050814_431806-011456.parquet,real_data_sample\l2_unseen_validation\trade_date=2026-07-17\exchange=NSE\symbol=WIPRO\part-050814_431806-011456.parquet,36249,downloaded,36249,
2026-07-17,NSE,WIPRO,raw_l2/trade_date=2026-07-17/exchange=NSE/symbol=WIPRO/part-050828_207692-011488.parquet,real_data_sample\l2_unseen_validation\trade_date=2026-07-17\exchange=NSE\symbol=WIPRO\part-050828_207692-011488.parquet,36230,downloaded,36230,
2026-07-17,NSE,WIPRO,raw_l2/trade_date=2026-07-17/exchange=NSE/symbol=WIPRO/part-050746_766694-011392.parquet,real_data_sample\l2_unseen_validation\trade_date=2026-07-17\exchange=NSE\symbol=WIPRO\part-050746_766694-011392.parquet,36258,downloaded,36258,
2026-07-17,NSE,WIPRO,raw_l2/trade_date=2026-07-17/exchange=NSE/symbol=WIPRO/part-050800_706947-011424.parquet,real_data_sample\l2_unseen_validation\trade_date=2026-07-17\exchange=NSE\symbol=WIPRO\part-050800_706947-011424.parquet,36229,downloaded,36229,
2026-07-17,NSE,WIPRO,raw_l2/trade_date=2026-07-17/exchange=NSE/symbol=WIPRO/part-050719_216109-011328.parquet,real_data_sample\l2_unseen_validation\trade_date=2026-07-17\exchange=NSE\symbol=WIPRO\part-050719_216109-011328.parquet,35718,downloaded,35718,
2026-07-17,NSE,WIPRO,raw_l2/trade_date=2026-07-17/exchange=NSE/symbol=WIPRO/part-050842_017243-011520.parquet,real_data_sample\l2_unseen_validation\trade_date=2026-07-17\exchange=NSE\symbol=WIPRO\part-050842_017243-011520.parquet,36353,downloaded,36353,
2026-07-17,NSE,WIPRO,raw_l2/trade_date=2026-07-17/exchange=NSE/symbol=WIPRO/part-050855_795398-011552.parquet,real_data_sample\l2_unseen_validation\trade_date=2026-07-17\exchange=NSE\symbol=WIPRO\part-050855_795398-011552.parquet,36107,downloaded,36107,
2026-07-17,NSE,WIPRO,raw_l2/trade_date=2026-07-17/exchange=NSE/symbol=WIPRO/part-050937_408172-011648.parquet,real_data_sample\l2_unseen_validation\trade_date=2026-07-17\exchange=NSE\symbol=WIPRO\part-050937_408172-011648.parquet,34814,downloaded,34814,
2026-07-17,NSE,WIPRO,raw_l2/trade_date=2026-07-17/exchange=NSE/symbol=WIPRO/part-050923_617072-011616.parquet,real_data_sample\l2_unseen_validation\trade_date=2026-07-17\exchange=NSE\symbol=WIPRO\part-050923_617072-011616.parquet,34824,downloaded,34824,
2026-07-17,NSE,WIPRO,raw_l2/trade_date=2026-07-17/exchange=NSE/symbol=WIPRO/part-050909_770799-011584.parquet,real_data_sample\l2_unseen_validation\trade_date=2026-07-17\exchange=NSE\symbol=WIPRO\part-050909_770799-011584.parquet,35788,downloaded,35788,
2026-07-17,NSE,WIPRO,raw_l2/trade_date=2026-07-17/exchange=NSE/symbol=WIPRO/part-050951_113139-011680.parquet,real_data_sample\l2_unseen_validation\trade_date=2026-07-17\exchange=NSE\symbol=WIPRO\part-050951_113139-011680.parquet,34914,downloaded,34914,
2026-07-17,NSE,WIPRO,raw_l2/trade_date=2026-07-17/exchange=NSE/symbol=WIPRO/part-051100_452532-011840.parquet,real_data_sample\l2_unseen_validation\trade_date=2026-07-17\exchange=NSE\symbol=WIPRO\part-051100_452532-011840.parquet,35694,downloaded,35694,
2026-07-17,NSE,WIPRO,raw_l2/trade_date=2026-07-17/exchange=NSE/symbol=WIPRO/part-051046_592490-011808.parquet,real_data_sample\l2_unseen_validation\trade_date=2026-07-17\exchange=NSE\symbol=WIPRO\part-051046_592490-011808.parquet,35801,downloaded,35801,
2026-07-17,NSE,WIPRO,raw_l2/trade_date=2026-07-17/exchange=NSE/symbol=WIPRO/part-051114_242944-011872.parquet,real_data_sample\l2_unseen_validation\trade_date=2026-07-17\exchange=NSE\symbol=WIPRO\part-051114_242944-011872.parquet,35443,downloaded,35443,
2026-07-17,NSE,WIPRO,raw_l2/trade_date=2026-07-17/exchange=NSE/symbol=WIPRO/part-045013_485348-008992.parquet,real_data_sample\l2_unseen_validation\trade_date=2026-07-17\exchange=NSE\symbol=WIPRO\part-045013_485348-008992.parquet,35969,downloaded,35969,
2026-07-17,NSE,WIPRO,raw_l2/trade_date=2026-07-17/exchange=NSE/symbol=WIPRO/part-045150_444411-009216.parquet,real_data_sample\l2_unseen_validation\trade_date=2026-07-17\exchange=NSE\symbol=WIPRO\part-045150_444411-009216.parquet,35820,downloaded,35820,
2026-07-17,NSE,WIPRO,raw_l2/trade_date=2026-07-17/exchange=NSE/symbol=WIPRO/part-051005_191960-011712.parquet,real_data_sample\l2_unseen_validation\trade_date=2026-07-17\exchange=NSE\symbol=WIPRO\part-051005_191960-011712.parquet,34696,downloaded,34696,
2026-07-17,NSE,WIPRO,raw_l2/trade_date=2026-07-17/exchange=NSE/symbol=WIPRO/part-051128_448812-011904.parquet,real_data_sample\l2_unseen_validation\trade_date=2026-07-17\exchange=NSE\symbol=WIPRO\part-051128_448812-011904.parquet,35948,downloaded,35948,
2026-07-17,NSE,WIPRO,raw_l2/trade_date=2026-07-17/exchange=NSE/symbol=WIPRO/part-044946_004071-008928.parquet,real_data_sample\l2_unseen_validation\trade_date=2026-07-17\exchange=NSE\symbol=WIPRO\part-044946_004071-008928.parquet,36189,downloaded,36189,
2026-07-17,NSE,WIPRO,raw_l2/trade_date=2026-07-17/exchange=NSE/symbol=WIPRO/part-051142_513703-011936.parquet,real_data_sample\l2_unseen_validation\trade_date=2026-07-17\exchange=NSE\symbol=WIPRO\part-051142_513703-011936.parquet,35556,downloaded,35556,
2026-07-17,NSE,WIPRO,raw_l2/trade_date=2026-07-17/exchange=NSE/symbol=WIPRO/part-051032_806376-011776.parquet,real_data_sample\l2_unseen_validation\trade_date=2026-07-17\exchange=NSE\symbol=WIPRO\part-051032_806376-011776.parquet,36245,downloaded,36245,
2026-07-17,NSE,WIPRO,raw_l2/trade_date=2026-07-17/exchange=NSE/symbol=WIPRO/part-051018_847010-011744.parquet,real_data_sample\l2_unseen_validation\trade_date=2026-07-17\exchange=NSE\symbol=WIPRO\part-051018_847010-011744.parquet,35472,downloaded,35472,
2026-07-17,NSE,WIPRO,raw_l2/trade_date=2026-07-17/exchange=NSE/symbol=WIPRO/part-051156_361079-011968.parquet,real_data_sample\l2_unseen_validation\trade_date=2026-07-17\exchange=NSE\symbol=WIPRO\part-051156_361079-011968.parquet,35732,downloaded,35732,
2026-07-17,NSE,WIPRO,raw_l2/trade_date=2026-07-17/exchange=NSE/symbol=WIPRO/part-051210_417119-012000.parquet,real_data_sample\l2_unseen_validation\trade_date=2026-07-17\exchange=NSE\symbol=WIPRO\part-051210_417119-012000.parquet,35342,downloaded,35342,
2026-07-17,NSE,WIPRO,raw_l2/trade_date=2026-07-17/exchange=NSE/symbol=WIPRO/part-045327_820764-009440.parquet,real_data_sample\l2_unseen_validation\trade_date=2026-07-17\exchange=NSE\symbol=WIPRO\part-045327_820764-009440.parquet,35908,downloaded,35908,
2026-07-17,NSE,WIPRO,raw_l2/trade_date=2026-07-17/exchange=NSE/symbol=WIPRO/part-045136_449444-009184.parquet,real_data_sample\l2_unseen_validation\trade_date=2026-07-17\exchange=NSE\symbol=WIPRO\part-045136_449444-009184.parquet,35681,downloaded,35681,
2026-07-17,NSE,WIPRO,raw_l2/trade_date=2026-07-17/exchange=NSE/symbol=WIPRO/part-051238_131517-012064.parquet,real_data_sample\l2_unseen_validation\trade_date=2026-07-17\exchange=NSE\symbol=WIPRO\part-051238_131517-012064.parquet,35712,downloaded,35712,
2026-07-17,NSE,WIPRO,raw_l2/trade_date=2026-07-17/exchange=NSE/symbol=WIPRO/part-051224_283446-012032.parquet,real_data_sample\l2_unseen_validation\trade_date=2026-07-17\exchange=NSE\symbol=WIPRO\part-051224_283446-012032.parquet,36152,downloaded,36152,
2026-07-17,NSE,WIPRO,raw_l2/trade_date=2026-07-17/exchange=NSE/symbol=WIPRO/part-044959_714489-008960.parquet,real_data_sample\l2_unseen_validation\trade_date=2026-07-17\exchange=NSE\symbol=WIPRO\part-044959_714489-008960.parquet,36025,downloaded,36025,
2026-07-17,NSE,WIPRO,raw_l2/trade_date=2026-07-17/exchange=NSE/symbol=WIPRO/part-045615_862516-009824.parquet,real_data_sample\l2_unseen_validation\trade_date=2026-07-17\exchange=NSE\symbol=WIPRO\part-045615_862516-009824.parquet,35109,downloaded,35109,
2026-07-17,NSE,WIPRO,raw_l2/trade_date=2026-07-17/exchange=NSE/symbol=WIPRO/part-045259_915554-009376.parquet,real_data_sample\l2_unseen_validation\trade_date=2026-07-17\exchange=NSE\symbol=WIPRO\part-045259_915554-009376.parquet,36287,downloaded,36287,
2026-07-17,NSE,WIPRO,raw_l2/trade_date=2026-07-17/exchange=NSE/symbol=WIPRO/part-045232_047533-009312.parquet,real_data_sample\l2_unseen_validation\trade_date=2026-07-17\exchange=NSE\symbol=WIPRO\part-045232_047533-009312.parquet,35799,downloaded,35799,
2026-07-17,NSE,WIPRO,raw_l2/trade_date=2026-07-17/exchange=NSE/symbol=WIPRO/part-051252_122668-012096.parquet,real_data_sample\l2_unseen_validation\trade_date=2026-07-17\exchange=NSE\symbol=WIPRO\part-051252_122668-012096.parquet,35758,downloaded,35758,
2026-07-17,NSE,WIPRO,raw_l2/trade_date=2026-07-17/exchange=NSE/symbol=WIPRO/part-045204_412170-009248.parquet,real_data_sample\l2_unseen_validation\trade_date=2026-07-17\exchange=NSE\symbol=WIPRO\part-045204_412170-009248.parquet,36155,downloaded,36155,
2026-07-17,NSE,WIPRO,raw_l2/trade_date=2026-07-17/exchange=NSE/symbol=WIPRO/part-051305_978676-012128.parquet,real_data_sample\l2_unseen_validation\trade_date=2026-07-17\exchange=NSE\symbol=WIPRO\part-051305_978676-012128.parquet,35572,downloaded,35572,
2026-07-17,NSE,WIPRO,raw_l2/trade_date=2026-07-17/exchange=NSE/symbol=WIPRO/part-045601_934880-009792.parquet,real_data_sample\l2_unseen_validation\trade_date=2026-07-17\exchange=NSE\symbol=WIPRO\part-045601_934880-009792.parquet,34792,downloaded,34792,
2026-07-17,NSE,WIPRO,raw_l2/trade_date=2026-07-17/exchange=NSE/symbol=WIPRO/part-045040_743899-009056.parquet,real_data_sample\l2_unseen_validation\trade_date=2026-07-17\exchange=NSE\symbol=WIPRO\part-045040_743899-009056.parquet,36158,downloaded,36158,
2026-07-17,NSE,WIPRO,raw_l2/trade_date=2026-07-17/exchange=NSE/symbol=WIPRO/part-045218_177728-009280.parquet,real_data_sample\l2_unseen_validation\trade_date=2026-07-17\exchange=NSE\symbol=WIPRO\part-045218_177728-009280.parquet,35891,downloaded,35891,
2026-07-17,NSE,WIPRO,raw_l2/trade_date=2026-07-17/exchange=NSE/symbol=WIPRO/part-045108_475561-009120.parquet,real_data_sample\l2_unseen_validation\trade_date=2026-07-17\exchange=NSE\symbol=WIPRO\part-045108_475561-009120.parquet,35726,downloaded,35726,
2026-07-17,NSE,WIPRO,raw_l2/trade_date=2026-07-17/exchange=NSE/symbol=WIPRO/part-044918_490695-008864.parquet,real_data_sample\l2_unseen_validation\trade_date=2026-07-17\exchange=NSE\symbol=WIPRO\part-044918_490695-008864.parquet,36370,downloaded,36370,
2026-07-17,NSE,WIPRO,raw_l2/trade_date=2026-07-17/exchange=NSE/symbol=WIPRO/part-051320_827526-012160.parquet,real_data_sample\l2_unseen_validation\trade_date=2026-07-17\exchange=NSE\symbol=WIPRO\part-051320_827526-012160.parquet,35683,downloaded,35683,
2026-07-17,NSE,WIPRO,raw_l2/trade_date=2026-07-17/exchange=NSE/symbol=WIPRO/part-051335_362222-012192.parquet,real_data_sample\l2_unseen_validation\trade_date=2026-07-17\exchange=NSE\symbol=WIPRO\part-051335_362222-012192.parquet,35488,downloaded,35488,
2026-07-17,NSE,WIPRO,raw_l2/trade_date=2026-07-17/exchange=NSE/symbol=WIPRO/part-051515_789597-012416.parquet,real_data_sample\l2_unseen_validation\trade_date=2026-07-17\exchange=NSE\symbol=WIPRO\part-051515_789597-012416.parquet,36041,downloaded,36041,
2026-07-17,NSE,WIPRO,raw_l2/trade_date=2026-07-17/exchange=NSE/symbol=WIPRO/part-045313_978773-009408.parquet,real_data_sample\l2_unseen_validation\trade_date=2026-07-17\exchange=NSE\symbol=WIPRO\part-045313_978773-009408.parquet,36157,downloaded,36157,
2026-07-17,NSE,WIPRO,raw_l2/trade_date=2026-07-17/exchange=NSE/symbol=WIPRO/part-051350_600596-012224.parquet,real_data_sample\l2_unseen_validation\trade_date=2026-07-17\exchange=NSE\symbol=WIPRO\part-051350_600596-012224.parquet,35679,downloaded,35679,
2026-07-17,NSE,WIPRO,raw_l2/trade_date=2026-07-17/exchange=NSE/symbol=WIPRO/part-045341_554068-009472.parquet,real_data_sample\l2_unseen_validation\trade_date=2026-07-17\exchange=NSE\symbol=WIPRO\part-045341_554068-009472.parquet,36174,downloaded,36174,
2026-07-17,NSE,WIPRO,raw_l2/trade_date=2026-07-17/exchange=NSE/symbol=WIPRO/part-051448_100438-012352.parquet,real_data_sample\l2_unseen_validation\trade_date=2026-07-17\exchange=NSE\symbol=WIPRO\part-051448_100438-012352.parquet,35717,downloaded,35717,
2026-07-17,NSE,WIPRO,raw_l2/trade_date=2026-07-17/exchange=NSE/symbol=WIPRO/part-051529_390967-012448.parquet,real_data_sample\l2_unseen_validation\trade_date=2026-07-17\exchange=NSE\symbol=WIPRO\part-051529_390967-012448.parquet,36011,downloaded,36011,
2026-07-17,NSE,WIPRO,raw_l2/trade_date=2026-07-17/exchange=NSE/symbol=WIPRO/part-051405_212436-012256.parquet,real_data_sample\l2_unseen_validation\trade_date=2026-07-17\exchange=NSE\symbol=WIPRO\part-051405_212436-012256.parquet,36722,downloaded,36722,
2026-07-17,NSE,WIPRO,raw_l2/trade_date=2026-07-17/exchange=NSE/symbol=WIPRO/part-051502_008611-012384.parquet,real_data_sample\l2_unseen_validation\trade_date=2026-07-17\exchange=NSE\symbol=WIPRO\part-051502_008611-012384.parquet,36075,downloaded,36075,
2026-07-17,NSE,WIPRO,raw_l2/trade_date=2026-07-17/exchange=NSE/symbol=WIPRO/part-051434_286991-012320.parquet,real_data_sample\l2_unseen_validation\trade_date=2026-07-17\exchange=NSE\symbol=WIPRO\part-051434_286991-012320.parquet,35594,downloaded,35594,
2026-07-17,NSE,WIPRO,raw_l2/trade_date=2026-07-17/exchange=NSE/symbol=WIPRO/part-051543_695935-012480.parquet,real_data_sample\l2_unseen_validation\trade_date=2026-07-17\exchange=NSE\symbol=WIPRO\part-051543_695935-012480.parquet,35847,downloaded,35847,
2026-07-17,NSE,WIPRO,raw_l2/trade_date=2026-07-17/exchange=NSE/symbol=WIPRO/part-051420_304385-012288.parquet,real_data_sample\l2_unseen_validation\trade_date=2026-07-17\exchange=NSE\symbol=WIPRO\part-051420_304385-012288.parquet,36484,downloaded,36484,
2026-07-17,NSE,WIPRO,raw_l2/trade_date=2026-07-17/exchange=NSE/symbol=WIPRO/part-051558_147249-012512.parquet,real_data_sample\l2_unseen_validation\trade_date=2026-07-17\exchange=NSE\symbol=WIPRO\part-051558_147249-012512.parquet,35622,downloaded,35622,
2026-07-17,NSE,WIPRO,raw_l2/trade_date=2026-07-17/exchange=NSE/symbol=WIPRO/part-051626_811357-012576.parquet,real_data_sample\l2_unseen_validation\trade_date=2026-07-17\exchange=NSE\symbol=WIPRO\part-051626_811357-012576.parquet,35926,downloaded,35926,
2026-07-17,NSE,WIPRO,raw_l2/trade_date=2026-07-17/exchange=NSE/symbol=WIPRO/part-051641_171526-012608.parquet,real_data_sample\l2_unseen_validation\trade_date=2026-07-17\exchange=NSE\symbol=WIPRO\part-051641_171526-012608.parquet,35625,downloaded,35625,
2026-07-17,NSE,WIPRO,raw_l2/trade_date=2026-07-17/exchange=NSE/symbol=WIPRO/part-051655_111081-012640.parquet,real_data_sample\l2_unseen_validation\trade_date=2026-07-17\exchange=NSE\symbol=WIPRO\part-051655_111081-012640.parquet,35814,downloaded,35814,
2026-07-17,NSE,WIPRO,raw_l2/trade_date=2026-07-17/exchange=NSE/symbol=WIPRO/part-051723_140852-012704.parquet,real_data_sample\l2_unseen_validation\trade_date=2026-07-17\exchange=NSE\symbol=WIPRO\part-051723_140852-012704.parquet,34965,downloaded,34965,
2026-07-17,NSE,WIPRO,raw_l2/trade_date=2026-07-17/exchange=NSE/symbol=WIPRO/part-051737_577464-012736.parquet,real_data_sample\l2_unseen_validation\trade_date=2026-07-17\exchange=NSE\symbol=WIPRO\part-051737_577464-012736.parquet,34889,downloaded,34889,
2026-07-17,NSE,WIPRO,raw_l2/trade_date=2026-07-17/exchange=NSE/symbol=WIPRO/part-051752_280430-012768.parquet,real_data_sample\l2_unseen_validation\trade_date=2026-07-17\exchange=NSE\symbol=WIPRO\part-051752_280430-012768.parquet,34934,downloaded,34934,
2026-07-17,NSE,WIPRO,raw_l2/trade_date=2026-07-17/exchange=NSE/symbol=WIPRO/part-045054_407278-009088.parquet,real_data_sample\l2_unseen_validation\trade_date=2026-07-17\exchange=NSE\symbol=WIPRO\part-045054_407278-009088.parquet,36628,downloaded,36628,
2026-07-17,NSE,WIPRO,raw_l2/trade_date=2026-07-17/exchange=NSE/symbol=WIPRO/part-051612_805319-012544.parquet,real_data_sample\l2_unseen_validation\trade_date=2026-07-17\exchange=NSE\symbol=WIPRO\part-051612_805319-012544.parquet,35967,downloaded,35967,
2026-07-17,NSE,WIPRO,raw_l2/trade_date=2026-07-17/exchange=NSE/symbol=WIPRO/part-051806_135631-012800.parquet,real_data_sample\l2_unseen_validation\trade_date=2026-07-17\exchange=NSE\symbol=WIPRO\part-051806_135631-012800.parquet,34636,downloaded,34636,
2026-07-17,NSE,WIPRO,raw_l2/trade_date=2026-07-17/exchange=NSE/symbol=WIPRO/part-051849_559572-012896.parquet,real_data_sample\l2_unseen_validation\trade_date=2026-07-17\exchange=NSE\symbol=WIPRO\part-051849_559572-012896.parquet,34799,downloaded,34799,
2026-07-17,NSE,WIPRO,raw_l2/trade_date=2026-07-17/exchange=NSE/symbol=WIPRO/part-051931_810541-012992.parquet,real_data_sample\l2_unseen_validation\trade_date=2026-07-17\exchange=NSE\symbol=WIPRO\part-051931_810541-012992.parquet,34640,downloaded,34640,
2026-07-17,NSE,WIPRO,raw_l2/trade_date=2026-07-17/exchange=NSE/symbol=WIPRO/part-044932_179264-008896.parquet,real_data_sample\l2_unseen_validation\trade_date=2026-07-17\exchange=NSE\symbol=WIPRO\part-044932_179264-008896.parquet,36556,downloaded,36556,
2026-07-17,NSE,WIPRO,raw_l2/trade_date=2026-07-17/exchange=NSE/symbol=WIPRO/part-051834_819569-012864.parquet,real_data_sample\l2_unseen_validation\trade_date=2026-07-17\exchange=NSE\symbol=WIPRO\part-051834_819569-012864.parquet,35025,downloaded,35025,
2026-07-17,NSE,WIPRO,raw_l2/trade_date=2026-07-17/exchange=NSE/symbol=WIPRO/part-051903_955916-012928.parquet,real_data_sample\l2_unseen_validation\trade_date=2026-07-17\exchange=NSE\symbol=WIPRO\part-051903_955916-012928.parquet,34662,downloaded,34662,
2026-07-17,NSE,WIPRO,raw_l2/trade_date=2026-07-17/exchange=NSE/symbol=WIPRO/part-051959_581692-013056.parquet,real_data_sample\l2_unseen_validation\trade_date=2026-07-17\exchange=NSE\symbol=WIPRO\part-051959_581692-013056.parquet,34858,downloaded,34858,
2026-07-17,NSE,WIPRO,raw_l2/trade_date=2026-07-17/exchange=NSE/symbol=WIPRO/part-052026_956772-013120.parquet,real_data_sample\l2_unseen_validation\trade_date=2026-07-17\exchange=NSE\symbol=WIPRO\part-052026_956772-013120.parquet,36310,downloaded,36310,
2026-07-17,NSE,WIPRO,raw_l2/trade_date=2026-07-17/exchange=NSE/symbol=WIPRO/part-052054_529618-013184.parquet,real_data_sample\l2_unseen_validation\trade_date=2026-07-17\exchange=NSE\symbol=WIPRO\part-052054_529618-013184.parquet,35788,downloaded,35788,
2026-07-17,NSE,WIPRO,raw_l2/trade_date=2026-07-17/exchange=NSE/symbol=WIPRO/part-052040_784760-013152.parquet,real_data_sample\l2_unseen_validation\trade_date=2026-07-17\exchange=NSE\symbol=WIPRO\part-052040_784760-013152.parquet,36042,downloaded,36042,
2026-07-17,NSE,WIPRO,raw_l2/trade_date=2026-07-17/exchange=NSE/symbol=WIPRO/part-052108_345433-013216.parquet,real_data_sample\l2_unseen_validation\trade_date=2026-07-17\exchange=NSE\symbol=WIPRO\part-052108_345433-013216.parquet,35126,downloaded,35126,
2026-07-17,NSE,WIPRO,raw_l2/trade_date=2026-07-17/exchange=NSE/symbol=WIPRO/part-052122_310079-013248.parquet,real_data_sample\l2_unseen_validation\trade_date=2026-07-17\exchange=NSE\symbol=WIPRO\part-052122_310079-013248.parquet,35639,downloaded,35639,
2026-07-17,NSE,WIPRO,raw_l2/trade_date=2026-07-17/exchange=NSE/symbol=WIPRO/part-052013_233248-013088.parquet,real_data_sample\l2_unseen_validation\trade_date=2026-07-17\exchange=NSE\symbol=WIPRO\part-052013_233248-013088.parquet,34881,downloaded,34881,
2026-07-17,NSE,WIPRO,raw_l2/trade_date=2026-07-17/exchange=NSE/symbol=WIPRO/part-052136_141213-013280.parquet,real_data_sample\l2_unseen_validation\trade_date=2026-07-17\exchange=NSE\symbol=WIPRO\part-052136_141213-013280.parquet,35623,downloaded,35623,
2026-07-17,NSE,WIPRO,raw_l2/trade_date=2026-07-17/exchange=NSE/symbol=WIPRO/part-052204_089802-013344.parquet,real_data_sample\l2_unseen_validation\trade_date=2026-07-17\exchange=NSE\symbol=WIPRO\part-052204_089802-013344.parquet,36026,downloaded,36026,
2026-07-17,NSE,WIPRO,raw_l2/trade_date=2026-07-17/exchange=NSE/symbol=WIPRO/part-052150_130898-013312.parquet,real_data_sample\l2_unseen_validation\trade_date=2026-07-17\exchange=NSE\symbol=WIPRO\part-052150_130898-013312.parquet,35808,downloaded,35808,
2026-07-17,NSE,WIPRO,raw_l2/trade_date=2026-07-17/exchange=NSE/symbol=WIPRO/part-051709_289795-012672.parquet,real_data_sample\l2_unseen_validation\trade_date=2026-07-17\exchange=NSE\symbol=WIPRO\part-051709_289795-012672.parquet,35586,downloaded,35586,
2026-07-17,NSE,WIPRO,raw_l2/trade_date=2026-07-17/exchange=NSE/symbol=WIPRO/part-052300_170406-013472.parquet,real_data_sample\l2_unseen_validation\trade_date=2026-07-17\exchange=NSE\symbol=WIPRO\part-052300_170406-013472.parquet,34903,downloaded,34903,
2026-07-17,NSE,WIPRO,raw_l2/trade_date=2026-07-17/exchange=NSE/symbol=WIPRO/part-052232_325952-013408.parquet,real_data_sample\l2_unseen_validation\trade_date=2026-07-17\exchange=NSE\symbol=WIPRO\part-052232_325952-013408.parquet,35085,downloaded,35085,
2026-07-17,NSE,WIPRO,raw_l2/trade_date=2026-07-17/exchange=NSE/symbol=WIPRO/part-052218_303726-013376.parquet,real_data_sample\l2_unseen_validation\trade_date=2026-07-17\exchange=NSE\symbol=WIPRO\part-052218_303726-013376.parquet,35424,downloaded,35424,
2026-07-17,NSE,WIPRO,raw_l2/trade_date=2026-07-17/exchange=NSE/symbol=WIPRO/part-052314_156926-013504.parquet,real_data_sample\l2_unseen_validation\trade_date=2026-07-17\exchange=NSE\symbol=WIPRO\part-052314_156926-013504.parquet,34948,downloaded,34948,
2026-07-17,NSE,WIPRO,raw_l2/trade_date=2026-07-17/exchange=NSE/symbol=WIPRO/part-052424_146429-013664.parquet,real_data_sample\l2_unseen_validation\trade_date=2026-07-17\exchange=NSE\symbol=WIPRO\part-052424_146429-013664.parquet,35738,downloaded,35738,
2026-07-17,NSE,WIPRO,raw_l2/trade_date=2026-07-17/exchange=NSE/symbol=WIPRO/part-052342_266930-013568.parquet,real_data_sample\l2_unseen_validation\trade_date=2026-07-17\exchange=NSE\symbol=WIPRO\part-052342_266930-013568.parquet,35477,downloaded,35477,
2026-07-17,NSE,WIPRO,raw_l2/trade_date=2026-07-17/exchange=NSE/symbol=WIPRO/part-052328_086618-013536.parquet,real_data_sample\l2_unseen_validation\trade_date=2026-07-17\exchange=NSE\symbol=WIPRO\part-052328_086618-013536.parquet,36043,downloaded,36043,
2026-07-17,NSE,WIPRO,raw_l2/trade_date=2026-07-17/exchange=NSE/symbol=WIPRO/part-052356_223327-013600.parquet,real_data_sample\l2_unseen_validation\trade_date=2026-07-17\exchange=NSE\symbol=WIPRO\part-052356_223327-013600.parquet,36319,downloaded,36319,
2026-07-17,NSE,WIPRO,raw_l2/trade_date=2026-07-17/exchange=NSE/symbol=WIPRO/part-052246_136176-013440.parquet,real_data_sample\l2_unseen_validation\trade_date=2026-07-17\exchange=NSE\symbol=WIPRO\part-052246_136176-013440.parquet,34630,downloaded,34630,
2026-07-17,NSE,WIPRO,raw_l2/trade_date=2026-07-17/exchange=NSE/symbol=WIPRO/part-052410_103485-013632.parquet,real_data_sample\l2_unseen_validation\trade_date=2026-07-17\exchange=NSE\symbol=WIPRO\part-052410_103485-013632.parquet,35889,downloaded,35889,
2026-07-17,NSE,WIPRO,raw_l2/trade_date=2026-07-17/exchange=NSE/symbol=WIPRO/part-052451_854187-013728.parquet,real_data_sample\l2_unseen_validation\trade_date=2026-07-17\exchange=NSE\symbol=WIPRO\part-052451_854187-013728.parquet,35771,downloaded,35771,
2026-07-17,NSE,WIPRO,raw_l2/trade_date=2026-07-17/exchange=NSE/symbol=WIPRO/part-052438_037446-013696.parquet,real_data_sample\l2_unseen_validation\trade_date=2026-07-17\exchange=NSE\symbol=WIPRO\part-052438_037446-013696.parquet,35613,downloaded,35613,
2026-07-17,NSE,WIPRO,raw_l2/trade_date=2026-07-17/exchange=NSE/symbol=WIPRO/part-051820_813236-012832.parquet,real_data_sample\l2_unseen_validation\trade_date=2026-07-17\exchange=NSE\symbol=WIPRO\part-051820_813236-012832.parquet,34634,downloaded,34634,
2026-07-17,NSE,WIPRO,raw_l2/trade_date=2026-07-17/exchange=NSE/symbol=WIPRO/part-051918_068905-012960.parquet,real_data_sample\l2_unseen_validation\trade_date=2026-07-17\exchange=NSE\symbol=WIPRO\part-051918_068905-012960.parquet,34819,downloaded,34819,
2026-07-17,NSE,WIPRO,raw_l2/trade_date=2026-07-17/exchange=NSE/symbol=WIPRO/part-052519_556682-013792.parquet,real_data_sample\l2_unseen_validation\trade_date=2026-07-17\exchange=NSE\symbol=WIPRO\part-052519_556682-013792.parquet,36179,downloaded,36179,
2026-07-17,NSE,WIPRO,raw_l2/trade_date=2026-07-17/exchange=NSE/symbol=WIPRO/part-052601_860777-013888.parquet,real_data_sample\l2_unseen_validation\trade_date=2026-07-17\exchange=NSE\symbol=WIPRO\part-052601_860777-013888.parquet,36097,downloaded,36097,
2026-07-17,NSE,WIPRO,raw_l2/trade_date=2026-07-17/exchange=NSE/symbol=WIPRO/part-052547_800984-013856.parquet,real_data_sample\l2_unseen_validation\trade_date=2026-07-17\exchange=NSE\symbol=WIPRO\part-052547_800984-013856.parquet,36781,downloaded,36781,
2026-07-17,NSE,WIPRO,raw_l2/trade_date=2026-07-17/exchange=NSE/symbol=WIPRO/part-052533_659748-013824.parquet,real_data_sample\l2_unseen_validation\trade_date=2026-07-17\exchange=NSE\symbol=WIPRO\part-052533_659748-013824.parquet,36134,downloaded,36134,
2026-07-17,NSE,WIPRO,raw_l2/trade_date=2026-07-17/exchange=NSE/symbol=WIPRO/part-052505_765326-013760.parquet,real_data_sample\l2_unseen_validation\trade_date=2026-07-17\exchange=NSE\symbol=WIPRO\part-052505_765326-013760.parquet,36491,downloaded,36491,
2026-07-17,NSE,WIPRO,raw_l2/trade_date=2026-07-17/exchange=NSE/symbol=WIPRO/part-052644_243228-013984.parquet,real_data_sample\l2_unseen_validation\trade_date=2026-07-17\exchange=NSE\symbol=WIPRO\part-052644_243228-013984.parquet,35952,downloaded,35952,
2026-07-17,NSE,WIPRO,raw_l2/trade_date=2026-07-17/exchange=NSE/symbol=WIPRO/part-052630_175225-013952.parquet,real_data_sample\l2_unseen_validation\trade_date=2026-07-17\exchange=NSE\symbol=WIPRO\part-052630_175225-013952.parquet,36859,downloaded,36859,
2026-07-17,NSE,WIPRO,raw_l2/trade_date=2026-07-17/exchange=NSE/symbol=WIPRO/part-052740_401117-014112.parquet,real_data_sample\l2_unseen_validation\trade_date=2026-07-17\exchange=NSE\symbol=WIPRO\part-052740_401117-014112.parquet,36321,downloaded,36321,
2026-07-17,NSE,WIPRO,raw_l2/trade_date=2026-07-17/exchange=NSE/symbol=WIPRO/part-052726_489670-014080.parquet,real_data_sample\l2_unseen_validation\trade_date=2026-07-17\exchange=NSE\symbol=WIPRO\part-052726_489670-014080.parquet,36399,downloaded,36399,
2026-07-17,NSE,WIPRO,raw_l2/trade_date=2026-07-17/exchange=NSE/symbol=WIPRO/part-052658_468542-014016.parquet,real_data_sample\l2_unseen_validation\trade_date=2026-07-17\exchange=NSE\symbol=WIPRO\part-052658_468542-014016.parquet,36920,downloaded,36920,
2026-07-17,NSE,WIPRO,raw_l2/trade_date=2026-07-17/exchange=NSE/symbol=WIPRO/part-052712_533178-014048.parquet,real_data_sample\l2_unseen_validation\trade_date=2026-07-17\exchange=NSE\symbol=WIPRO\part-052712_533178-014048.parquet,36385,downloaded,36385,
2026-07-17,NSE,WIPRO,raw_l2/trade_date=2026-07-17/exchange=NSE/symbol=WIPRO/part-052754_342290-014144.parquet,real_data_sample\l2_unseen_validation\trade_date=2026-07-17\exchange=NSE\symbol=WIPRO\part-052754_342290-014144.parquet,36214,downloaded,36214,
2026-07-17,NSE,WIPRO,raw_l2/trade_date=2026-07-17/exchange=NSE/symbol=WIPRO/part-052822_452721-014208.parquet,real_data_sample\l2_unseen_validation\trade_date=2026-07-17\exchange=NSE\symbol=WIPRO\part-052822_452721-014208.parquet,35712,downloaded,35712,
2026-07-17,NSE,WIPRO,raw_l2/trade_date=2026-07-17/exchange=NSE/symbol=WIPRO/part-052808_216153-014176.parquet,real_data_sample\l2_unseen_validation\trade_date=2026-07-17\exchange=NSE\symbol=WIPRO\part-052808_216153-014176.parquet,36286,downloaded,36286,
2026-07-17,NSE,WIPRO,raw_l2/trade_date=2026-07-17/exchange=NSE/symbol=WIPRO/part-052836_500862-014240.parquet,real_data_sample\l2_unseen_validation\trade_date=2026-07-17\exchange=NSE\symbol=WIPRO\part-052836_500862-014240.parquet,36011,downloaded,36011,
2026-07-17,NSE,WIPRO,raw_l2/trade_date=2026-07-17/exchange=NSE/symbol=WIPRO/part-052946_934331-014400.parquet,real_data_sample\l2_unseen_validation\trade_date=2026-07-17\exchange=NSE\symbol=WIPRO\part-052946_934331-014400.parquet,36220,downloaded,36220,
2026-07-17,NSE,WIPRO,raw_l2/trade_date=2026-07-17/exchange=NSE/symbol=WIPRO/part-052905_077381-014304.parquet,real_data_sample\l2_unseen_validation\trade_date=2026-07-17\exchange=NSE\symbol=WIPRO\part-052905_077381-014304.parquet,35888,downloaded,35888,
2026-07-17,NSE,WIPRO,raw_l2/trade_date=2026-07-17/exchange=NSE/symbol=WIPRO/part-052918_971112-014336.parquet,real_data_sample\l2_unseen_validation\trade_date=2026-07-17\exchange=NSE\symbol=WIPRO\part-052918_971112-014336.parquet,35786,downloaded,35786,
2026-07-17,NSE,WIPRO,raw_l2/trade_date=2026-07-17/exchange=NSE/symbol=WIPRO/part-052932_903675-014368.parquet,real_data_sample\l2_unseen_validation\trade_date=2026-07-17\exchange=NSE\symbol=WIPRO\part-052932_903675-014368.parquet,36184,downloaded,36184,
2026-07-17,NSE,WIPRO,raw_l2/trade_date=2026-07-17/exchange=NSE/symbol=WIPRO/part-053030_573710-014496.parquet,real_data_sample\l2_unseen_validation\trade_date=2026-07-17\exchange=NSE\symbol=WIPRO\part-053030_573710-014496.parquet,36284,downloaded,36284,
2026-07-17,NSE,WIPRO,raw_l2/trade_date=2026-07-17/exchange=NSE/symbol=WIPRO/part-053127_412454-014624.parquet,real_data_sample\l2_unseen_validation\trade_date=2026-07-17\exchange=NSE\symbol=WIPRO\part-053127_412454-014624.parquet,36307,downloaded,36307,
2026-07-17,NSE,WIPRO,raw_l2/trade_date=2026-07-17/exchange=NSE/symbol=WIPRO/part-053141_338291-014656.parquet,real_data_sample\l2_unseen_validation\trade_date=2026-07-17\exchange=NSE\symbol=WIPRO\part-053141_338291-014656.parquet,36174,downloaded,36174,
2026-07-17,NSE,WIPRO,raw_l2/trade_date=2026-07-17/exchange=NSE/symbol=WIPRO/part-053016_306297-014464.parquet,real_data_sample\l2_unseen_validation\trade_date=2026-07-17\exchange=NSE\symbol=WIPRO\part-053016_306297-014464.parquet,36419,downloaded,36419,
2026-07-17,NSE,WIPRO,raw_l2/trade_date=2026-07-17/exchange=NSE/symbol=WIPRO/part-051945_634846-013024.parquet,real_data_sample\l2_unseen_validation\trade_date=2026-07-17\exchange=NSE\symbol=WIPRO\part-051945_634846-013024.parquet,34805,downloaded,34805,
2026-07-17,NSE,WIPRO,raw_l2/trade_date=2026-07-17/exchange=NSE/symbol=WIPRO/part-053113_222106-014592.parquet,real_data_sample\l2_unseen_validation\trade_date=2026-07-17\exchange=NSE\symbol=WIPRO\part-053113_222106-014592.parquet,35825,downloaded,35825,
2026-07-17,NSE,WIPRO,raw_l2/trade_date=2026-07-17/exchange=NSE/symbol=WIPRO/part-053001_049586-014432.parquet,real_data_sample\l2_unseen_validation\trade_date=2026-07-17\exchange=NSE\symbol=WIPRO\part-053001_049586-014432.parquet,36041,downloaded,36041,
2026-07-17,NSE,WIPRO,raw_l2/trade_date=2026-07-17/exchange=NSE/symbol=WIPRO/part-053044_459217-014528.parquet,real_data_sample\l2_unseen_validation\trade_date=2026-07-17\exchange=NSE\symbol=WIPRO\part-053044_459217-014528.parquet,36389,downloaded,36389,
2026-07-17,NSE,WIPRO,raw_l2/trade_date=2026-07-17/exchange=NSE/symbol=WIPRO/part-052616_217949-013920.parquet,real_data_sample\l2_unseen_validation\trade_date=2026-07-17\exchange=NSE\symbol=WIPRO\part-052616_217949-013920.parquet,35768,downloaded,35768,
2026-07-17,NSE,WIPRO,raw_l2/trade_date=2026-07-17/exchange=NSE/symbol=WIPRO/part-053058_442144-014560.parquet,real_data_sample\l2_unseen_validation\trade_date=2026-07-17\exchange=NSE\symbol=WIPRO\part-053058_442144-014560.parquet,35807,downloaded,35807,
2026-07-17,NSE,WIPRO,raw_l2/trade_date=2026-07-17/exchange=NSE/symbol=WIPRO/part-053237_451161-014784.parquet,real_data_sample\l2_unseen_validation\trade_date=2026-07-17\exchange=NSE\symbol=WIPRO\part-053237_451161-014784.parquet,36297,downloaded,36297,
2026-07-17,NSE,WIPRO,raw_l2/trade_date=2026-07-17/exchange=NSE/symbol=WIPRO/part-053251_461399-014816.parquet,real_data_sample\l2_unseen_validation\trade_date=2026-07-17\exchange=NSE\symbol=WIPRO\part-053251_461399-014816.parquet,36250,downloaded,36250,
2026-07-17,NSE,WIPRO,raw_l2/trade_date=2026-07-17/exchange=NSE/symbol=WIPRO/part-053223_479512-014752.parquet,real_data_sample\l2_unseen_validation\trade_date=2026-07-17\exchange=NSE\symbol=WIPRO\part-053223_479512-014752.parquet,36136,downloaded,36136,
2026-07-17,NSE,WIPRO,raw_l2/trade_date=2026-07-17/exchange=NSE/symbol=WIPRO/part-053305_564785-014848.parquet,real_data_sample\l2_unseen_validation\trade_date=2026-07-17\exchange=NSE\symbol=WIPRO\part-053305_564785-014848.parquet,36069,downloaded,36069,
2026-07-17,NSE,WIPRO,raw_l2/trade_date=2026-07-17/exchange=NSE/symbol=WIPRO/part-053333_772622-014912.parquet,real_data_sample\l2_unseen_validation\trade_date=2026-07-17\exchange=NSE\symbol=WIPRO\part-053333_772622-014912.parquet,35640,downloaded,35640,
2026-07-17,NSE,WIPRO,raw_l2/trade_date=2026-07-17/exchange=NSE/symbol=WIPRO/part-053429_529759-015040.parquet,real_data_sample\l2_unseen_validation\trade_date=2026-07-17\exchange=NSE\symbol=WIPRO\part-053429_529759-015040.parquet,36043,downloaded,36043,
2026-07-17,NSE,WIPRO,raw_l2/trade_date=2026-07-17/exchange=NSE/symbol=WIPRO/part-053401_754423-014976.parquet,real_data_sample\l2_unseen_validation\trade_date=2026-07-17\exchange=NSE\symbol=WIPRO\part-053401_754423-014976.parquet,35485,downloaded,35485,
2026-07-17,NSE,WIPRO,raw_l2/trade_date=2026-07-17/exchange=NSE/symbol=WIPRO/part-053443_300418-015072.parquet,real_data_sample\l2_unseen_validation\trade_date=2026-07-17\exchange=NSE\symbol=WIPRO\part-053443_300418-015072.parquet,35461,downloaded,35461,
2026-07-17,NSE,WIPRO,raw_l2/trade_date=2026-07-17/exchange=NSE/symbol=WIPRO/part-053347_541276-014944.parquet,real_data_sample\l2_unseen_validation\trade_date=2026-07-17\exchange=NSE\symbol=WIPRO\part-053347_541276-014944.parquet,35686,downloaded,35686,
2026-07-17,NSE,WIPRO,raw_l2/trade_date=2026-07-17/exchange=NSE/symbol=WIPRO/part-053415_811299-015008.parquet,real_data_sample\l2_unseen_validation\trade_date=2026-07-17\exchange=NSE\symbol=WIPRO\part-053415_811299-015008.parquet,35511,downloaded,35511,
2026-07-17,NSE,WIPRO,raw_l2/trade_date=2026-07-17/exchange=NSE/symbol=WIPRO/part-053319_646480-014880.parquet,real_data_sample\l2_unseen_validation\trade_date=2026-07-17\exchange=NSE\symbol=WIPRO\part-053319_646480-014880.parquet,36091,downloaded,36091,
2026-07-17,NSE,WIPRO,raw_l2/trade_date=2026-07-17/exchange=NSE/symbol=WIPRO/part-052850_878285-014272.parquet,real_data_sample\l2_unseen_validation\trade_date=2026-07-17\exchange=NSE\symbol=WIPRO\part-052850_878285-014272.parquet,36135,downloaded,36135,
2026-07-17,NSE,WIPRO,raw_l2/trade_date=2026-07-17/exchange=NSE/symbol=WIPRO/part-053524_936672-015168.parquet,real_data_sample\l2_unseen_validation\trade_date=2026-07-17\exchange=NSE\symbol=WIPRO\part-053524_936672-015168.parquet,36001,downloaded,36001,
2026-07-17,NSE,WIPRO,raw_l2/trade_date=2026-07-17/exchange=NSE/symbol=WIPRO/part-053510_987714-015136.parquet,real_data_sample\l2_unseen_validation\trade_date=2026-07-17\exchange=NSE\symbol=WIPRO\part-053510_987714-015136.parquet,36058,downloaded,36058,
2026-07-17,NSE,WIPRO,raw_l2/trade_date=2026-07-17/exchange=NSE/symbol=WIPRO/part-053538_686471-015200.parquet,real_data_sample\l2_unseen_validation\trade_date=2026-07-17\exchange=NSE\symbol=WIPRO\part-053538_686471-015200.parquet,36355,downloaded,36355,
2026-07-17,NSE,WIPRO,raw_l2/trade_date=2026-07-17/exchange=NSE/symbol=WIPRO/part-053456_895467-015104.parquet,real_data_sample\l2_unseen_validation\trade_date=2026-07-17\exchange=NSE\symbol=WIPRO\part-053456_895467-015104.parquet,35983,downloaded,35983,
2026-07-17,NSE,WIPRO,raw_l2/trade_date=2026-07-17/exchange=NSE/symbol=WIPRO/part-053606_364475-015264.parquet,real_data_sample\l2_unseen_validation\trade_date=2026-07-17\exchange=NSE\symbol=WIPRO\part-053606_364475-015264.parquet,35773,downloaded,35773,
2026-07-17,NSE,WIPRO,raw_l2/trade_date=2026-07-17/exchange=NSE/symbol=WIPRO/part-053552_581041-015232.parquet,real_data_sample\l2_unseen_validation\trade_date=2026-07-17\exchange=NSE\symbol=WIPRO\part-053552_581041-015232.parquet,35479,downloaded,35479,
2026-07-17,NSE,WIPRO,raw_l2/trade_date=2026-07-17/exchange=NSE/symbol=WIPRO/part-053634_630893-015328.parquet,real_data_sample\l2_unseen_validation\trade_date=2026-07-17\exchange=NSE\symbol=WIPRO\part-053634_630893-015328.parquet,36132,downloaded,36132,
2026-07-17,NSE,WIPRO,raw_l2/trade_date=2026-07-17/exchange=NSE/symbol=WIPRO/part-053209_485558-014720.parquet,real_data_sample\l2_unseen_validation\trade_date=2026-07-17\exchange=NSE\symbol=WIPRO\part-053209_485558-014720.parquet,36190,downloaded,36190,
2026-07-17,NSE,WIPRO,raw_l2/trade_date=2026-07-17/exchange=NSE/symbol=WIPRO/part-053702_511099-015392.parquet,real_data_sample\l2_unseen_validation\trade_date=2026-07-17\exchange=NSE\symbol=WIPRO\part-053702_511099-015392.parquet,35826,downloaded,35826,
2026-07-17,NSE,WIPRO,raw_l2/trade_date=2026-07-17/exchange=NSE/symbol=WIPRO/part-053620_386459-015296.parquet,real_data_sample\l2_unseen_validation\trade_date=2026-07-17\exchange=NSE\symbol=WIPRO\part-053620_386459-015296.parquet,36035,downloaded,36035,
2026-07-17,NSE,WIPRO,raw_l2/trade_date=2026-07-17/exchange=NSE/symbol=WIPRO/part-053648_539728-015360.parquet,real_data_sample\l2_unseen_validation\trade_date=2026-07-17\exchange=NSE\symbol=WIPRO\part-053648_539728-015360.parquet,36148,downloaded,36148,
2026-07-17,NSE,WIPRO,raw_l2/trade_date=2026-07-17/exchange=NSE/symbol=WIPRO/part-053716_553520-015424.parquet,real_data_sample\l2_unseen_validation\trade_date=2026-07-17\exchange=NSE\symbol=WIPRO\part-053716_553520-015424.parquet,35961,downloaded,35961,
2026-07-17,NSE,WIPRO,raw_l2/trade_date=2026-07-17/exchange=NSE/symbol=WIPRO/part-053155_114803-014688.parquet,real_data_sample\l2_unseen_validation\trade_date=2026-07-17\exchange=NSE\symbol=WIPRO\part-053155_114803-014688.parquet,36538,downloaded,36538,
2026-07-17,NSE,WIPRO,raw_l2/trade_date=2026-07-17/exchange=NSE/symbol=WIPRO/part-053826_100448-015584.parquet,real_data_sample\l2_unseen_validation\trade_date=2026-07-17\exchange=NSE\symbol=WIPRO\part-053826_100448-015584.parquet,35540,downloaded,35540,
2026-07-17,NSE,WIPRO,raw_l2/trade_date=2026-07-17/exchange=NSE/symbol=WIPRO/part-053758_006696-015520.parquet,real_data_sample\l2_unseen_validation\trade_date=2026-07-17\exchange=NSE\symbol=WIPRO\part-053758_006696-015520.parquet,35656,downloaded,35656,
2026-07-17,NSE,WIPRO,raw_l2/trade_date=2026-07-17/exchange=NSE/symbol=WIPRO/part-053811_874450-015552.parquet,real_data_sample\l2_unseen_validation\trade_date=2026-07-17\exchange=NSE\symbol=WIPRO\part-053811_874450-015552.parquet,36163,downloaded,36163,
2026-07-17,NSE,WIPRO,raw_l2/trade_date=2026-07-17/exchange=NSE/symbol=WIPRO/part-053730_265902-015456.parquet,real_data_sample\l2_unseen_validation\trade_date=2026-07-17\exchange=NSE\symbol=WIPRO\part-053730_265902-015456.parquet,35635,downloaded,35635,
2026-07-17,NSE,WIPRO,raw_l2/trade_date=2026-07-17/exchange=NSE/symbol=WIPRO/part-053907_751475-015680.parquet,real_data_sample\l2_unseen_validation\trade_date=2026-07-17\exchange=NSE\symbol=WIPRO\part-053907_751475-015680.parquet,35436,downloaded,35436,
2026-07-17,NSE,WIPRO,raw_l2/trade_date=2026-07-17/exchange=NSE/symbol=WIPRO/part-053854_030037-015648.parquet,real_data_sample\l2_unseen_validation\trade_date=2026-07-17\exchange=NSE\symbol=WIPRO\part-053854_030037-015648.parquet,35808,downloaded,35808,
2026-07-17,NSE,WIPRO,raw_l2/trade_date=2026-07-17/exchange=NSE/symbol=WIPRO/part-053921_923462-015712.parquet,real_data_sample\l2_unseen_validation\trade_date=2026-07-17\exchange=NSE\symbol=WIPRO\part-053921_923462-015712.parquet,34954,downloaded,34954,
2026-07-17,NSE,WIPRO,raw_l2/trade_date=2026-07-17/exchange=NSE/symbol=WIPRO/part-053935_795793-015744.parquet,real_data_sample\l2_unseen_validation\trade_date=2026-07-17\exchange=NSE\symbol=WIPRO\part-053935_795793-015744.parquet,34821,downloaded,34821,
2026-07-17,NSE,WIPRO,raw_l2/trade_date=2026-07-17/exchange=NSE/symbol=WIPRO/part-054031_516065-015872.parquet,real_data_sample\l2_unseen_validation\trade_date=2026-07-17\exchange=NSE\symbol=WIPRO\part-054031_516065-015872.parquet,34568,downloaded,34568,
2026-07-17,NSE,WIPRO,raw_l2/trade_date=2026-07-17/exchange=NSE/symbol=WIPRO/part-054003_741444-015808.parquet,real_data_sample\l2_unseen_validation\trade_date=2026-07-17\exchange=NSE\symbol=WIPRO\part-054003_741444-015808.parquet,34954,downloaded,34954,
2026-07-17,NSE,WIPRO,raw_l2/trade_date=2026-07-17/exchange=NSE/symbol=WIPRO/part-054045_399498-015904.parquet,real_data_sample\l2_unseen_validation\trade_date=2026-07-17\exchange=NSE\symbol=WIPRO\part-054045_399498-015904.parquet,34799,downloaded,34799,
2026-07-17,NSE,WIPRO,raw_l2/trade_date=2026-07-17/exchange=NSE/symbol=WIPRO/part-053949_640546-015776.parquet,real_data_sample\l2_unseen_validation\trade_date=2026-07-17\exchange=NSE\symbol=WIPRO\part-053949_640546-015776.parquet,34816,downloaded,34816,
2026-07-17,NSE,WIPRO,raw_l2/trade_date=2026-07-17/exchange=NSE/symbol=WIPRO/part-054017_453997-015840.parquet,real_data_sample\l2_unseen_validation\trade_date=2026-07-17\exchange=NSE\symbol=WIPRO\part-054017_453997-015840.parquet,34912,downloaded,34912,
2026-07-17,NSE,WIPRO,raw_l2/trade_date=2026-07-17/exchange=NSE/symbol=WIPRO/part-054113_321382-015968.parquet,real_data_sample\l2_unseen_validation\trade_date=2026-07-17\exchange=NSE\symbol=WIPRO\part-054113_321382-015968.parquet,34749,downloaded,34749,
2026-07-17,NSE,WIPRO,raw_l2/trade_date=2026-07-17/exchange=NSE/symbol=WIPRO/part-054059_351904-015936.parquet,real_data_sample\l2_unseen_validation\trade_date=2026-07-17\exchange=NSE\symbol=WIPRO\part-054059_351904-015936.parquet,34646,downloaded,34646,
2026-07-17,NSE,WIPRO,raw_l2/trade_date=2026-07-17/exchange=NSE/symbol=WIPRO/part-054127_035571-016000.parquet,real_data_sample\l2_unseen_validation\trade_date=2026-07-17\exchange=NSE\symbol=WIPRO\part-054127_035571-016000.parquet,34813,downloaded,34813,
2026-07-17,NSE,WIPRO,raw_l2/trade_date=2026-07-17/exchange=NSE/symbol=WIPRO/part-054236_363672-016160.parquet,real_data_sample\l2_unseen_validation\trade_date=2026-07-17\exchange=NSE\symbol=WIPRO\part-054236_363672-016160.parquet,35806,downloaded,35806,
2026-07-17,NSE,WIPRO,raw_l2/trade_date=2026-07-17/exchange=NSE/symbol=WIPRO/part-054346_017491-016320.parquet,real_data_sample\l2_unseen_validation\trade_date=2026-07-17\exchange=NSE\symbol=WIPRO\part-054346_017491-016320.parquet,36218,downloaded,36218,
2026-07-17,NSE,WIPRO,raw_l2/trade_date=2026-07-17/exchange=NSE/symbol=WIPRO/part-054250_376708-016192.parquet,real_data_sample\l2_unseen_validation\trade_date=2026-07-17\exchange=NSE\symbol=WIPRO\part-054250_376708-016192.parquet,36423,downloaded,36423,
2026-07-17,NSE,WIPRO,raw_l2/trade_date=2026-07-17/exchange=NSE/symbol=WIPRO/part-054222_532919-016128.parquet,real_data_sample\l2_unseen_validation\trade_date=2026-07-17\exchange=NSE\symbol=WIPRO\part-054222_532919-016128.parquet,35270,downloaded,35270,
2026-07-17,NSE,WIPRO,raw_l2/trade_date=2026-07-17/exchange=NSE/symbol=WIPRO/part-054208_593486-016096.parquet,real_data_sample\l2_unseen_validation\trade_date=2026-07-17\exchange=NSE\symbol=WIPRO\part-054208_593486-016096.parquet,34915,downloaded,34915,
2026-07-17,NSE,WIPRO,raw_l2/trade_date=2026-07-17/exchange=NSE/symbol=WIPRO/part-054154_619992-016064.parquet,real_data_sample\l2_unseen_validation\trade_date=2026-07-17\exchange=NSE\symbol=WIPRO\part-054154_619992-016064.parquet,34725,downloaded,34725,
2026-07-17,NSE,WIPRO,raw_l2/trade_date=2026-07-17/exchange=NSE/symbol=WIPRO/part-054304_389910-016224.parquet,real_data_sample\l2_unseen_validation\trade_date=2026-07-17\exchange=NSE\symbol=WIPRO\part-054304_389910-016224.parquet,36355,downloaded,36355,
2026-07-17,NSE,WIPRO,raw_l2/trade_date=2026-07-17/exchange=NSE/symbol=WIPRO/part-054318_273554-016256.parquet,real_data_sample\l2_unseen_validation\trade_date=2026-07-17\exchange=NSE\symbol=WIPRO\part-054318_273554-016256.parquet,35898,downloaded,35898,
2026-07-17,NSE,WIPRO,raw_l2/trade_date=2026-07-17/exchange=NSE/symbol=WIPRO/part-054359_895015-016352.parquet,real_data_sample\l2_unseen_validation\trade_date=2026-07-17\exchange=NSE\symbol=WIPRO\part-054359_895015-016352.parquet,36423,downloaded,36423,
2026-07-17,NSE,WIPRO,raw_l2/trade_date=2026-07-17/exchange=NSE/symbol=WIPRO/part-053840_114707-015616.parquet,real_data_sample\l2_unseen_validation\trade_date=2026-07-17\exchange=NSE\symbol=WIPRO\part-053840_114707-015616.parquet,36045,downloaded,36045,
2026-07-17,NSE,WIPRO,raw_l2/trade_date=2026-07-17/exchange=NSE/symbol=WIPRO/part-054427_781201-016416.parquet,real_data_sample\l2_unseen_validation\trade_date=2026-07-17\exchange=NSE\symbol=WIPRO\part-054427_781201-016416.parquet,35937,downloaded,35937,
2026-07-17,NSE,WIPRO,raw_l2/trade_date=2026-07-17/exchange=NSE/symbol=WIPRO/part-054455_547302-016480.parquet,real_data_sample\l2_unseen_validation\trade_date=2026-07-17\exchange=NSE\symbol=WIPRO\part-054455_547302-016480.parquet,36148,downloaded,36148,
2026-07-17,NSE,WIPRO,raw_l2/trade_date=2026-07-17/exchange=NSE/symbol=WIPRO/part-054413_884419-016384.parquet,real_data_sample\l2_unseen_validation\trade_date=2026-07-17\exchange=NSE\symbol=WIPRO\part-054413_884419-016384.parquet,36196,downloaded,36196,
2026-07-17,NSE,WIPRO,raw_l2/trade_date=2026-07-17/exchange=NSE/symbol=WIPRO/part-054509_356773-016512.parquet,real_data_sample\l2_unseen_validation\trade_date=2026-07-17\exchange=NSE\symbol=WIPRO\part-054509_356773-016512.parquet,36137,downloaded,36137,
2026-07-17,NSE,WIPRO,raw_l2/trade_date=2026-07-17/exchange=NSE/symbol=WIPRO/part-054537_133537-016576.parquet,real_data_sample\l2_unseen_validation\trade_date=2026-07-17\exchange=NSE\symbol=WIPRO\part-054537_133537-016576.parquet,35032,downloaded,35032,
2026-07-17,NSE,WIPRO,raw_l2/trade_date=2026-07-17/exchange=NSE/symbol=WIPRO/part-054523_269303-016544.parquet,real_data_sample\l2_unseen_validation\trade_date=2026-07-17\exchange=NSE\symbol=WIPRO\part-054523_269303-016544.parquet,35994,downloaded,35994,
2026-07-17,NSE,WIPRO,raw_l2/trade_date=2026-07-17/exchange=NSE/symbol=WIPRO/part-054551_060283-016608.parquet,real_data_sample\l2_unseen_validation\trade_date=2026-07-17\exchange=NSE\symbol=WIPRO\part-054551_060283-016608.parquet,35786,downloaded,35786,
2026-07-17,NSE,WIPRO,raw_l2/trade_date=2026-07-17/exchange=NSE/symbol=WIPRO/part-054632_551332-016704.parquet,real_data_sample\l2_unseen_validation\trade_date=2026-07-17\exchange=NSE\symbol=WIPRO\part-054632_551332-016704.parquet,34877,downloaded,34877,
2026-07-17,NSE,WIPRO,raw_l2/trade_date=2026-07-17/exchange=NSE/symbol=WIPRO/part-054618_783944-016672.parquet,real_data_sample\l2_unseen_validation\trade_date=2026-07-17\exchange=NSE\symbol=WIPRO\part-054618_783944-016672.parquet,35455,downloaded,35455,
2026-07-17,NSE,WIPRO,raw_l2/trade_date=2026-07-17/exchange=NSE/symbol=WIPRO/part-054604_895899-016640.parquet,real_data_sample\l2_unseen_validation\trade_date=2026-07-17\exchange=NSE\symbol=WIPRO\part-054604_895899-016640.parquet,36658,downloaded,36658,
2026-07-17,NSE,WIPRO,raw_l2/trade_date=2026-07-17/exchange=NSE/symbol=WIPRO/part-054756_757645-016896.parquet,real_data_sample\l2_unseen_validation\trade_date=2026-07-17\exchange=NSE\symbol=WIPRO\part-054756_757645-016896.parquet,36673,downloaded,36673,
2026-07-17,NSE,WIPRO,raw_l2/trade_date=2026-07-17/exchange=NSE/symbol=WIPRO/part-054728_512325-016832.parquet,real_data_sample\l2_unseen_validation\trade_date=2026-07-17\exchange=NSE\symbol=WIPRO\part-054728_512325-016832.parquet,35698,downloaded,35698,
2026-07-17,NSE,WIPRO,raw_l2/trade_date=2026-07-17/exchange=NSE/symbol=WIPRO/part-054742_630772-016864.parquet,real_data_sample\l2_unseen_validation\trade_date=2026-07-17\exchange=NSE\symbol=WIPRO\part-054742_630772-016864.parquet,36373,downloaded,36373,
2026-07-17,NSE,WIPRO,raw_l2/trade_date=2026-07-17/exchange=NSE/symbol=WIPRO/part-054810_703284-016928.parquet,real_data_sample\l2_unseen_validation\trade_date=2026-07-17\exchange=NSE\symbol=WIPRO\part-054810_703284-016928.parquet,35954,downloaded,35954,
2026-07-17,NSE,WIPRO,raw_l2/trade_date=2026-07-17/exchange=NSE/symbol=WIPRO/part-054646_351036-016736.parquet,real_data_sample\l2_unseen_validation\trade_date=2026-07-17\exchange=NSE\symbol=WIPRO\part-054646_351036-016736.parquet,34965,downloaded,34965,
2026-07-17,NSE,WIPRO,raw_l2/trade_date=2026-07-17/exchange=NSE/symbol=WIPRO/part-054700_224628-016768.parquet,real_data_sample\l2_unseen_validation\trade_date=2026-07-17\exchange=NSE\symbol=WIPRO\part-054700_224628-016768.parquet,35064,downloaded,35064,
2026-07-17,NSE,WIPRO,raw_l2/trade_date=2026-07-17/exchange=NSE/symbol=WIPRO/part-054714_445462-016800.parquet,real_data_sample\l2_unseen_validation\trade_date=2026-07-17\exchange=NSE\symbol=WIPRO\part-054714_445462-016800.parquet,35292,downloaded,35292,
2026-07-17,NSE,WIPRO,raw_l2/trade_date=2026-07-17/exchange=NSE/symbol=WIPRO/part-054824_998637-016960.parquet,real_data_sample\l2_unseen_validation\trade_date=2026-07-17\exchange=NSE\symbol=WIPRO\part-054824_998637-016960.parquet,35757,downloaded,35757,
2026-07-17,NSE,WIPRO,raw_l2/trade_date=2026-07-17/exchange=NSE/symbol=WIPRO/part-054140_751315-016032.parquet,real_data_sample\l2_unseen_validation\trade_date=2026-07-17\exchange=NSE\symbol=WIPRO\part-054140_751315-016032.parquet,34742,downloaded,34742,
2026-07-17,NSE,WIPRO,raw_l2/trade_date=2026-07-17/exchange=NSE/symbol=WIPRO/part-054907_364830-017056.parquet,real_data_sample\l2_unseen_validation\trade_date=2026-07-17\exchange=NSE\symbol=WIPRO\part-054907_364830-017056.parquet,36446,downloaded,36446,
2026-07-17,NSE,WIPRO,raw_l2/trade_date=2026-07-17/exchange=NSE/symbol=WIPRO/part-054853_329429-017024.parquet,real_data_sample\l2_unseen_validation\trade_date=2026-07-17\exchange=NSE\symbol=WIPRO\part-054853_329429-017024.parquet,36135,downloaded,36135,
2026-07-17,NSE,WIPRO,raw_l2/trade_date=2026-07-17/exchange=NSE/symbol=WIPRO/part-054839_281324-016992.parquet,real_data_sample\l2_unseen_validation\trade_date=2026-07-17\exchange=NSE\symbol=WIPRO\part-054839_281324-016992.parquet,36802,downloaded,36802,
2026-07-17,NSE,WIPRO,raw_l2/trade_date=2026-07-17/exchange=NSE/symbol=WIPRO/part-054441_579999-016448.parquet,real_data_sample\l2_unseen_validation\trade_date=2026-07-17\exchange=NSE\symbol=WIPRO\part-054441_579999-016448.parquet,35901,downloaded,35901,
2026-07-17,NSE,WIPRO,raw_l2/trade_date=2026-07-17/exchange=NSE/symbol=WIPRO/part-054332_148682-016288.parquet,real_data_sample\l2_unseen_validation\trade_date=2026-07-17\exchange=NSE\symbol=WIPRO\part-054332_148682-016288.parquet,36353,downloaded,36353,
2026-07-17,NSE,WIPRO,raw_l2/trade_date=2026-07-17/exchange=NSE/symbol=WIPRO/part-053744_156903-015488.parquet,real_data_sample\l2_unseen_validation\trade_date=2026-07-17\exchange=NSE\symbol=WIPRO\part-053744_156903-015488.parquet,35602,downloaded,35602,
2026-07-17,NSE,WIPRO,raw_l2/trade_date=2026-07-17/exchange=NSE/symbol=WIPRO/part-054921_710588-017088.parquet,real_data_sample\l2_unseen_validation\trade_date=2026-07-17\exchange=NSE\symbol=WIPRO\part-054921_710588-017088.parquet,35723,downloaded,35723,
2026-07-17,NSE,WIPRO,raw_l2/trade_date=2026-07-17/exchange=NSE/symbol=WIPRO/part-055230_453637-017504.parquet,real_data_sample\l2_unseen_validation\trade_date=2026-07-17\exchange=NSE\symbol=WIPRO\part-055230_453637-017504.parquet,36356,downloaded,36356,
2026-07-17,NSE,WIPRO,raw_l2/trade_date=2026-07-17/exchange=NSE/symbol=WIPRO/part-055117_172916-017344.parquet,real_data_sample\l2_unseen_validation\trade_date=2026-07-17\exchange=NSE\symbol=WIPRO\part-055117_172916-017344.parquet,36578,downloaded,36578,
2026-07-17,NSE,WIPRO,raw_l2/trade_date=2026-07-17/exchange=NSE/symbol=WIPRO/part-055259_896311-017568.parquet,real_data_sample\l2_unseen_validation\trade_date=2026-07-17\exchange=NSE\symbol=WIPRO\part-055259_896311-017568.parquet,36342,downloaded,36342,
2026-07-17,NSE,WIPRO,raw_l2/trade_date=2026-07-17/exchange=NSE/symbol=WIPRO/part-054950_358817-017152.parquet,real_data_sample\l2_unseen_validation\trade_date=2026-07-17\exchange=NSE\symbol=WIPRO\part-054950_358817-017152.parquet,35427,downloaded,35427,
2026-07-17,NSE,WIPRO,raw_l2/trade_date=2026-07-17/exchange=NSE/symbol=WIPRO/part-055245_527786-017536.parquet,real_data_sample\l2_unseen_validation\trade_date=2026-07-17\exchange=NSE\symbol=WIPRO\part-055245_527786-017536.parquet,36234,downloaded,36234,
2026-07-17,NSE,WIPRO,raw_l2/trade_date=2026-07-17/exchange=NSE/symbol=WIPRO/part-054936_000817-017120.parquet,real_data_sample\l2_unseen_validation\trade_date=2026-07-17\exchange=NSE\symbol=WIPRO\part-054936_000817-017120.parquet,35860,downloaded,35860,
2026-07-17,NSE,WIPRO,raw_l2/trade_date=2026-07-17/exchange=NSE/symbol=WIPRO/part-055146_885299-017408.parquet,real_data_sample\l2_unseen_validation\trade_date=2026-07-17\exchange=NSE\symbol=WIPRO\part-055146_885299-017408.parquet,35658,downloaded,35658,
2026-07-17,NSE,WIPRO,raw_l2/trade_date=2026-07-17/exchange=NSE/symbol=WIPRO/part-055201_549726-017440.parquet,real_data_sample\l2_unseen_validation\trade_date=2026-07-17\exchange=NSE\symbol=WIPRO\part-055201_549726-017440.parquet,36124,downloaded,36124,
2026-07-17,NSE,WIPRO,raw_l2/trade_date=2026-07-17/exchange=NSE/symbol=WIPRO/part-055132_248080-017376.parquet,real_data_sample\l2_unseen_validation\trade_date=2026-07-17\exchange=NSE\symbol=WIPRO\part-055132_248080-017376.parquet,35930,downloaded,35930,
2026-07-17,NSE,WIPRO,raw_l2/trade_date=2026-07-17/exchange=NSE/symbol=WIPRO/part-055004_995671-017184.parquet,real_data_sample\l2_unseen_validation\trade_date=2026-07-17\exchange=NSE\symbol=WIPRO\part-055004_995671-017184.parquet,36134,downloaded,36134,
2026-07-17,NSE,WIPRO,raw_l2/trade_date=2026-07-17/exchange=NSE/symbol=WIPRO/part-055215_959555-017472.parquet,real_data_sample\l2_unseen_validation\trade_date=2026-07-17\exchange=NSE\symbol=WIPRO\part-055215_959555-017472.parquet,36651,downloaded,36651,
2026-07-17,NSE,WIPRO,raw_l2/trade_date=2026-07-17/exchange=NSE/symbol=WIPRO/part-055048_025308-017280.parquet,real_data_sample\l2_unseen_validation\trade_date=2026-07-17\exchange=NSE\symbol=WIPRO\part-055048_025308-017280.parquet,36164,downloaded,36164,
2026-07-17,NSE,WIPRO,raw_l2/trade_date=2026-07-17/exchange=NSE/symbol=WIPRO/part-055019_099075-017216.parquet,real_data_sample\l2_unseen_validation\trade_date=2026-07-17\exchange=NSE\symbol=WIPRO\part-055019_099075-017216.parquet,36010,downloaded,36010,
2026-07-17,NSE,WIPRO,raw_l2/trade_date=2026-07-17/exchange=NSE/symbol=WIPRO/part-055314_288814-017600.parquet,real_data_sample\l2_unseen_validation\trade_date=2026-07-17\exchange=NSE\symbol=WIPRO\part-055314_288814-017600.parquet,36460,downloaded,36460,
2026-07-17,NSE,WIPRO,raw_l2/trade_date=2026-07-17/exchange=NSE/symbol=WIPRO/part-055102_763580-017312.parquet,real_data_sample\l2_unseen_validation\trade_date=2026-07-17\exchange=NSE\symbol=WIPRO\part-055102_763580-017312.parquet,35762,downloaded,35762,
2026-07-17,NSE,WIPRO,raw_l2/trade_date=2026-07-17/exchange=NSE/symbol=WIPRO/part-055033_570177-017248.parquet,real_data_sample\l2_unseen_validation\trade_date=2026-07-17\exchange=NSE\symbol=WIPRO\part-055033_570177-017248.parquet,36211,downloaded,36211,
2026-07-17,NSE,WIPRO,raw_l2/trade_date=2026-07-17/exchange=NSE/symbol=WIPRO/part-055453_513188-017824.parquet,real_data_sample\l2_unseen_validation\trade_date=2026-07-17\exchange=NSE\symbol=WIPRO\part-055453_513188-017824.parquet,35887,downloaded,35887,
2026-07-17,NSE,WIPRO,raw_l2/trade_date=2026-07-17/exchange=NSE/symbol=WIPRO/part-055328_455044-017632.parquet,real_data_sample\l2_unseen_validation\trade_date=2026-07-17\exchange=NSE\symbol=WIPRO\part-055328_455044-017632.parquet,35842,downloaded,35842,
2026-07-17,NSE,WIPRO,raw_l2/trade_date=2026-07-17/exchange=NSE/symbol=WIPRO/part-055521_467781-017888.parquet,real_data_sample\l2_unseen_validation\trade_date=2026-07-17\exchange=NSE\symbol=WIPRO\part-055521_467781-017888.parquet,35066,downloaded,35066,
2026-07-17,NSE,WIPRO,raw_l2/trade_date=2026-07-17/exchange=NSE/symbol=WIPRO/part-055425_487269-017760.parquet,real_data_sample\l2_unseen_validation\trade_date=2026-07-17\exchange=NSE\symbol=WIPRO\part-055425_487269-017760.parquet,35958,downloaded,35958,
2026-07-17,NSE,WIPRO,raw_l2/trade_date=2026-07-17/exchange=NSE/symbol=WIPRO/part-055357_221097-017696.parquet,real_data_sample\l2_unseen_validation\trade_date=2026-07-17\exchange=NSE\symbol=WIPRO\part-055357_221097-017696.parquet,36181,downloaded,36181,
2026-07-17,NSE,WIPRO,raw_l2/trade_date=2026-07-17/exchange=NSE/symbol=WIPRO/part-055439_574179-017792.parquet,real_data_sample\l2_unseen_validation\trade_date=2026-07-17\exchange=NSE\symbol=WIPRO\part-055439_574179-017792.parquet,36268,downloaded,36268,
2026-07-17,NSE,WIPRO,raw_l2/trade_date=2026-07-17/exchange=NSE/symbol=WIPRO/part-055342_960145-017664.parquet,real_data_sample\l2_unseen_validation\trade_date=2026-07-17\exchange=NSE\symbol=WIPRO\part-055342_960145-017664.parquet,35944,downloaded,35944,
2026-07-17,NSE,WIPRO,raw_l2/trade_date=2026-07-17/exchange=NSE/symbol=WIPRO/part-055507_615375-017856.parquet,real_data_sample\l2_unseen_validation\trade_date=2026-07-17\exchange=NSE\symbol=WIPRO\part-055507_615375-017856.parquet,36224,downloaded,36224,
2026-07-17,NSE,WIPRO,raw_l2/trade_date=2026-07-17/exchange=NSE/symbol=WIPRO/part-055549_524895-017952.parquet,real_data_sample\l2_unseen_validation\trade_date=2026-07-17\exchange=NSE\symbol=WIPRO\part-055549_524895-017952.parquet,34772,downloaded,34772,
2026-07-17,NSE,WIPRO,raw_l2/trade_date=2026-07-17/exchange=NSE/symbol=WIPRO/part-055535_565057-017920.parquet,real_data_sample\l2_unseen_validation\trade_date=2026-07-17\exchange=NSE\symbol=WIPRO\part-055535_565057-017920.parquet,34775,downloaded,34775,
2026-07-17,NSE,WIPRO,raw_l2/trade_date=2026-07-17/exchange=NSE/symbol=WIPRO/part-055603_719638-017984.parquet,real_data_sample\l2_unseen_validation\trade_date=2026-07-17\exchange=NSE\symbol=WIPRO\part-055603_719638-017984.parquet,35013,downloaded,35013,
2026-07-17,NSE,WIPRO,raw_l2/trade_date=2026-07-17/exchange=NSE/symbol=WIPRO/part-055411_397775-017728.parquet,real_data_sample\l2_unseen_validation\trade_date=2026-07-17\exchange=NSE\symbol=WIPRO\part-055411_397775-017728.parquet,36519,downloaded,36519,
2026-07-17,NSE,WIPRO,raw_l2/trade_date=2026-07-17/exchange=NSE/symbol=WIPRO/part-055617_792045-018016.parquet,real_data_sample\l2_unseen_validation\trade_date=2026-07-17\exchange=NSE\symbol=WIPRO\part-055617_792045-018016.parquet,35123,downloaded,35123,
2026-07-17,NSE,WIPRO,raw_l2/trade_date=2026-07-17/exchange=NSE/symbol=WIPRO/part-055742_297696-018208.parquet,real_data_sample\l2_unseen_validation\trade_date=2026-07-17\exchange=NSE\symbol=WIPRO\part-055742_297696-018208.parquet,35752,downloaded,35752,
2026-07-17,NSE,WIPRO,raw_l2/trade_date=2026-07-17/exchange=NSE/symbol=WIPRO/part-055935_328407-018464.parquet,real_data_sample\l2_unseen_validation\trade_date=2026-07-17\exchange=NSE\symbol=WIPRO\part-055935_328407-018464.parquet,35868,downloaded,35868,
2026-07-17,NSE,WIPRO,raw_l2/trade_date=2026-07-17/exchange=NSE/symbol=WIPRO/part-055700_104324-018112.parquet,real_data_sample\l2_unseen_validation\trade_date=2026-07-17\exchange=NSE\symbol=WIPRO\part-055700_104324-018112.parquet,36049,downloaded,36049,
2026-07-17,NSE,WIPRO,raw_l2/trade_date=2026-07-17/exchange=NSE/symbol=WIPRO/part-055921_178697-018432.parquet,real_data_sample\l2_unseen_validation\trade_date=2026-07-17\exchange=NSE\symbol=WIPRO\part-055921_178697-018432.parquet,35956,downloaded,35956,
2026-07-17,NSE,WIPRO,raw_l2/trade_date=2026-07-17/exchange=NSE/symbol=WIPRO/part-055852_931283-018368.parquet,real_data_sample\l2_unseen_validation\trade_date=2026-07-17\exchange=NSE\symbol=WIPRO\part-055852_931283-018368.parquet,36328,downloaded,36328,
2026-07-17,NSE,WIPRO,raw_l2/trade_date=2026-07-17/exchange=NSE/symbol=WIPRO/part-055949_616340-018496.parquet,real_data_sample\l2_unseen_validation\trade_date=2026-07-17\exchange=NSE\symbol=WIPRO\part-055949_616340-018496.parquet,35651,downloaded,35651,
2026-07-17,NSE,WIPRO,raw_l2/trade_date=2026-07-17/exchange=NSE/symbol=WIPRO/part-055728_129704-018176.parquet,real_data_sample\l2_unseen_validation\trade_date=2026-07-17\exchange=NSE\symbol=WIPRO\part-055728_129704-018176.parquet,35872,downloaded,35872,
2026-07-17,NSE,WIPRO,raw_l2/trade_date=2026-07-17/exchange=NSE/symbol=WIPRO/part-055810_329509-018272.parquet,real_data_sample\l2_unseen_validation\trade_date=2026-07-17\exchange=NSE\symbol=WIPRO\part-055810_329509-018272.parquet,36388,downloaded,36388,
2026-07-17,NSE,WIPRO,raw_l2/trade_date=2026-07-17/exchange=NSE/symbol=WIPRO/part-060032_463519-018592.parquet,real_data_sample\l2_unseen_validation\trade_date=2026-07-17\exchange=NSE\symbol=WIPRO\part-060032_463519-018592.parquet,36400,downloaded,36400,
2026-07-17,NSE,WIPRO,raw_l2/trade_date=2026-07-17/exchange=NSE/symbol=WIPRO/part-055756_335761-018240.parquet,real_data_sample\l2_unseen_validation\trade_date=2026-07-17\exchange=NSE\symbol=WIPRO\part-055756_335761-018240.parquet,35619,downloaded,35619,
2026-07-17,NSE,WIPRO,raw_l2/trade_date=2026-07-17/exchange=NSE/symbol=WIPRO/part-055714_113689-018144.parquet,real_data_sample\l2_unseen_validation\trade_date=2026-07-17\exchange=NSE\symbol=WIPRO\part-055714_113689-018144.parquet,36410,downloaded,36410,
2026-07-17,NSE,WIPRO,raw_l2/trade_date=2026-07-17/exchange=NSE/symbol=WIPRO/part-055824_380507-018304.parquet,real_data_sample\l2_unseen_validation\trade_date=2026-07-17\exchange=NSE\symbol=WIPRO\part-055824_380507-018304.parquet,36175,downloaded,36175,
2026-07-17,NSE,WIPRO,raw_l2/trade_date=2026-07-17/exchange=NSE/symbol=WIPRO/part-060004_198735-018528.parquet,real_data_sample\l2_unseen_validation\trade_date=2026-07-17\exchange=NSE\symbol=WIPRO\part-060004_198735-018528.parquet,36290,downloaded,36290,
2026-07-17,NSE,WIPRO,raw_l2/trade_date=2026-07-17/exchange=NSE/symbol=WIPRO/part-060018_359778-018560.parquet,real_data_sample\l2_unseen_validation\trade_date=2026-07-17\exchange=NSE\symbol=WIPRO\part-060018_359778-018560.parquet,36497,downloaded,36497,
2026-07-17,NSE,WIPRO,raw_l2/trade_date=2026-07-17/exchange=NSE/symbol=WIPRO/part-055907_035252-018400.parquet,real_data_sample\l2_unseen_validation\trade_date=2026-07-17\exchange=NSE\symbol=WIPRO\part-055907_035252-018400.parquet,35707,downloaded,35707,
2026-07-17,NSE,WIPRO,raw_l2/trade_date=2026-07-17/exchange=NSE/symbol=WIPRO/part-055838_705288-018336.parquet,real_data_sample\l2_unseen_validation\trade_date=2026-07-17\exchange=NSE\symbol=WIPRO\part-055838_705288-018336.parquet,36631,downloaded,36631,
2026-07-17,NSE,WIPRO,raw_l2/trade_date=2026-07-17/exchange=NSE/symbol=WIPRO/part-060129_017284-018720.parquet,real_data_sample\l2_unseen_validation\trade_date=2026-07-17\exchange=NSE\symbol=WIPRO\part-060129_017284-018720.parquet,35758,downloaded,35758,
2026-07-17,NSE,WIPRO,raw_l2/trade_date=2026-07-17/exchange=NSE/symbol=WIPRO/part-060335_801200-019008.parquet,real_data_sample\l2_unseen_validation\trade_date=2026-07-17\exchange=NSE\symbol=WIPRO\part-060335_801200-019008.parquet,35777,downloaded,35777,
2026-07-17,NSE,WIPRO,raw_l2/trade_date=2026-07-17/exchange=NSE/symbol=WIPRO/part-060046_701287-018624.parquet,real_data_sample\l2_unseen_validation\trade_date=2026-07-17\exchange=NSE\symbol=WIPRO\part-060046_701287-018624.parquet,36231,downloaded,36231,
2026-07-17,NSE,WIPRO,raw_l2/trade_date=2026-07-17/exchange=NSE/symbol=WIPRO/part-055631_869482-018048.parquet,real_data_sample\l2_unseen_validation\trade_date=2026-07-17\exchange=NSE\symbol=WIPRO\part-055631_869482-018048.parquet,36303,downloaded,36303,
2026-07-17,NSE,WIPRO,raw_l2/trade_date=2026-07-17/exchange=NSE/symbol=WIPRO/part-060115_081879-018688.parquet,real_data_sample\l2_unseen_validation\trade_date=2026-07-17\exchange=NSE\symbol=WIPRO\part-060115_081879-018688.parquet,36627,downloaded,36627,
2026-07-17,NSE,WIPRO,raw_l2/trade_date=2026-07-17/exchange=NSE/symbol=WIPRO/part-060211_412418-018816.parquet,real_data_sample\l2_unseen_validation\trade_date=2026-07-17\exchange=NSE\symbol=WIPRO\part-060211_412418-018816.parquet,36216,downloaded,36216,
2026-07-17,NSE,WIPRO,raw_l2/trade_date=2026-07-17/exchange=NSE/symbol=WIPRO/part-060349_817438-019040.parquet,real_data_sample\l2_unseen_validation\trade_date=2026-07-17\exchange=NSE\symbol=WIPRO\part-060349_817438-019040.parquet,35816,downloaded,35816,
2026-07-17,NSE,WIPRO,raw_l2/trade_date=2026-07-17/exchange=NSE/symbol=WIPRO/part-060100_994020-018656.parquet,real_data_sample\l2_unseen_validation\trade_date=2026-07-17\exchange=NSE\symbol=WIPRO\part-060100_994020-018656.parquet,36472,downloaded,36472,
2026-07-17,NSE,WIPRO,raw_l2/trade_date=2026-07-17/exchange=NSE/symbol=WIPRO/part-060157_338254-018784.parquet,real_data_sample\l2_unseen_validation\trade_date=2026-07-17\exchange=NSE\symbol=WIPRO\part-060157_338254-018784.parquet,36060,downloaded,36060,
2026-07-17,NSE,WIPRO,raw_l2/trade_date=2026-07-17/exchange=NSE/symbol=WIPRO/part-060253_653693-018912.parquet,real_data_sample\l2_unseen_validation\trade_date=2026-07-17\exchange=NSE\symbol=WIPRO\part-060253_653693-018912.parquet,35902,downloaded,35902,
2026-07-17,NSE,WIPRO,raw_l2/trade_date=2026-07-17/exchange=NSE/symbol=WIPRO/part-060307_881401-018944.parquet,real_data_sample\l2_unseen_validation\trade_date=2026-07-17\exchange=NSE\symbol=WIPRO\part-060307_881401-018944.parquet,36105,downloaded,36105,
2026-07-17,NSE,WIPRO,raw_l2/trade_date=2026-07-17/exchange=NSE/symbol=WIPRO/part-060143_272879-018752.parquet,real_data_sample\l2_unseen_validation\trade_date=2026-07-17\exchange=NSE\symbol=WIPRO\part-060143_272879-018752.parquet,35696,downloaded,35696,
2026-07-17,NSE,WIPRO,raw_l2/trade_date=2026-07-17/exchange=NSE/symbol=WIPRO/part-060239_532457-018880.parquet,real_data_sample\l2_unseen_validation\trade_date=2026-07-17\exchange=NSE\symbol=WIPRO\part-060239_532457-018880.parquet,37007,downloaded,37007,
2026-07-17,NSE,WIPRO,raw_l2/trade_date=2026-07-17/exchange=NSE/symbol=WIPRO/part-060225_521989-018848.parquet,real_data_sample\l2_unseen_validation\trade_date=2026-07-17\exchange=NSE\symbol=WIPRO\part-060225_521989-018848.parquet,36063,downloaded,36063,
2026-07-17,NSE,WIPRO,raw_l2/trade_date=2026-07-17/exchange=NSE/symbol=WIPRO/part-060321_850054-018976.parquet,real_data_sample\l2_unseen_validation\trade_date=2026-07-17\exchange=NSE\symbol=WIPRO\part-060321_850054-018976.parquet,35629,downloaded,35629,
2026-07-17,NSE,WIPRO,raw_l2/trade_date=2026-07-17/exchange=NSE/symbol=WIPRO/part-060542_741133-019296.parquet,real_data_sample\l2_unseen_validation\trade_date=2026-07-17\exchange=NSE\symbol=WIPRO\part-060542_741133-019296.parquet,34917,downloaded,34917,
2026-07-17,NSE,WIPRO,raw_l2/trade_date=2026-07-17/exchange=NSE/symbol=WIPRO/part-055646_086146-018080.parquet,real_data_sample\l2_unseen_validation\trade_date=2026-07-17\exchange=NSE\symbol=WIPRO\part-055646_086146-018080.parquet,36522,downloaded,36522,
2026-07-17,NSE,WIPRO,raw_l2/trade_date=2026-07-17/exchange=NSE/symbol=WIPRO/part-060931_843540-019808.parquet,real_data_sample\l2_unseen_validation\trade_date=2026-07-17\exchange=NSE\symbol=WIPRO\part-060931_843540-019808.parquet,35613,downloaded,35613,
2026-07-17,NSE,WIPRO,raw_l2/trade_date=2026-07-17/exchange=NSE/symbol=WIPRO/part-060848_870444-019712.parquet,real_data_sample\l2_unseen_validation\trade_date=2026-07-17\exchange=NSE\symbol=WIPRO\part-060848_870444-019712.parquet,36302,downloaded,36302,
2026-07-17,NSE,WIPRO,raw_l2/trade_date=2026-07-17/exchange=NSE/symbol=WIPRO/part-060610_594753-019360.parquet,real_data_sample\l2_unseen_validation\trade_date=2026-07-17\exchange=NSE\symbol=WIPRO\part-060610_594753-019360.parquet,34888,downloaded,34888,
2026-07-17,NSE,WIPRO,raw_l2/trade_date=2026-07-17/exchange=NSE/symbol=WIPRO/part-060638_465773-019424.parquet,real_data_sample\l2_unseen_validation\trade_date=2026-07-17\exchange=NSE\symbol=WIPRO\part-060638_465773-019424.parquet,36309,downloaded,36309,
2026-07-17,NSE,WIPRO,raw_l2/trade_date=2026-07-17/exchange=NSE/symbol=WIPRO/part-061014_837048-019904.parquet,real_data_sample\l2_unseen_validation\trade_date=2026-07-17\exchange=NSE\symbol=WIPRO\part-061014_837048-019904.parquet,36161,downloaded,36161,
2026-07-17,NSE,WIPRO,raw_l2/trade_date=2026-07-17/exchange=NSE/symbol=WIPRO/part-060903_053789-019744.parquet,real_data_sample\l2_unseen_validation\trade_date=2026-07-17\exchange=NSE\symbol=WIPRO\part-060903_053789-019744.parquet,36330,downloaded,36330,
2026-07-17,NSE,WIPRO,raw_l2/trade_date=2026-07-17/exchange=NSE/symbol=WIPRO/part-061029_066173-019936.parquet,real_data_sample\l2_unseen_validation\trade_date=2026-07-17\exchange=NSE\symbol=WIPRO\part-061029_066173-019936.parquet,34886,downloaded,34886,
2026-07-17,NSE,WIPRO,raw_l2/trade_date=2026-07-17/exchange=NSE/symbol=WIPRO/part-060556_696576-019328.parquet,real_data_sample\l2_unseen_validation\trade_date=2026-07-17\exchange=NSE\symbol=WIPRO\part-060556_696576-019328.parquet,34741,downloaded,34741,
2026-07-17,NSE,WIPRO,raw_l2/trade_date=2026-07-17/exchange=NSE/symbol=WIPRO/part-061000_437678-019872.parquet,real_data_sample\l2_unseen_validation\trade_date=2026-07-17\exchange=NSE\symbol=WIPRO\part-061000_437678-019872.parquet,35795,downloaded,35795,
2026-07-17,NSE,WIPRO,raw_l2/trade_date=2026-07-17/exchange=NSE/symbol=WIPRO/part-060750_088717-019584.parquet,real_data_sample\l2_unseen_validation\trade_date=2026-07-17\exchange=NSE\symbol=WIPRO\part-060750_088717-019584.parquet,35963,downloaded,35963,
2026-07-17,NSE,WIPRO,raw_l2/trade_date=2026-07-17/exchange=NSE/symbol=WIPRO/part-060624_405906-019392.parquet,real_data_sample\l2_unseen_validation\trade_date=2026-07-17\exchange=NSE\symbol=WIPRO\part-060624_405906-019392.parquet,35771,downloaded,35771,
2026-07-17,NSE,WIPRO,raw_l2/trade_date=2026-07-17/exchange=NSE/symbol=WIPRO/part-061057_936882-020000.parquet,real_data_sample\l2_unseen_validation\trade_date=2026-07-17\exchange=NSE\symbol=WIPRO\part-061057_936882-020000.parquet,34868,downloaded,34868,
2026-07-17,NSE,WIPRO,raw_l2/trade_date=2026-07-17/exchange=NSE/symbol=WIPRO/part-060500_458295-019200.parquet,real_data_sample\l2_unseen_validation\trade_date=2026-07-17\exchange=NSE\symbol=WIPRO\part-060500_458295-019200.parquet,34618,downloaded,34618,
2026-07-17,NSE,WIPRO,raw_l2/trade_date=2026-07-17/exchange=NSE/symbol=WIPRO/part-060514_486518-019232.parquet,real_data_sample\l2_unseen_validation\trade_date=2026-07-17\exchange=NSE\symbol=WIPRO\part-060514_486518-019232.parquet,34799,downloaded,34799,
2026-07-17,NSE,WIPRO,raw_l2/trade_date=2026-07-17/exchange=NSE/symbol=WIPRO/part-060528_674470-019264.parquet,real_data_sample\l2_unseen_validation\trade_date=2026-07-17\exchange=NSE\symbol=WIPRO\part-060528_674470-019264.parquet,34881,downloaded,34881,
2026-07-17,NSE,WIPRO,raw_l2/trade_date=2026-07-17/exchange=NSE/symbol=WIPRO/part-061112_136182-020032.parquet,real_data_sample\l2_unseen_validation\trade_date=2026-07-17\exchange=NSE\symbol=WIPRO\part-061112_136182-020032.parquet,35139,downloaded,35139,
2026-07-17,NSE,WIPRO,raw_l2/trade_date=2026-07-17/exchange=NSE/symbol=WIPRO/part-060446_539131-019168.parquet,real_data_sample\l2_unseen_validation\trade_date=2026-07-17\exchange=NSE\symbol=WIPRO\part-060446_539131-019168.parquet,34647,downloaded,34647,
2026-07-17,NSE,WIPRO,raw_l2/trade_date=2026-07-17/exchange=NSE/symbol=WIPRO/part-060820_257820-019648.parquet,real_data_sample\l2_unseen_validation\trade_date=2026-07-17\exchange=NSE\symbol=WIPRO\part-060820_257820-019648.parquet,36284,downloaded,36284,
2026-07-17,NSE,WIPRO,raw_l2/trade_date=2026-07-17/exchange=NSE/symbol=WIPRO/part-060917_137493-019776.parquet,real_data_sample\l2_unseen_validation\trade_date=2026-07-17\exchange=NSE\symbol=WIPRO\part-060917_137493-019776.parquet,35767,downloaded,35767,
2026-07-17,NSE,WIPRO,raw_l2/trade_date=2026-07-17/exchange=NSE/symbol=WIPRO/part-060735_093118-019552.parquet,real_data_sample\l2_unseen_validation\trade_date=2026-07-17\exchange=NSE\symbol=WIPRO\part-060735_093118-019552.parquet,35673,downloaded,35673,
2026-07-17,NSE,WIPRO,raw_l2/trade_date=2026-07-17/exchange=NSE/symbol=WIPRO/part-060432_340294-019136.parquet,real_data_sample\l2_unseen_validation\trade_date=2026-07-17\exchange=NSE\symbol=WIPRO\part-060432_340294-019136.parquet,34682,downloaded,34682,
2026-07-17,NSE,WIPRO,raw_l2/trade_date=2026-07-17/exchange=NSE/symbol=WIPRO/part-060403_691230-019072.parquet,real_data_sample\l2_unseen_validation\trade_date=2026-07-17\exchange=NSE\symbol=WIPRO\part-060403_691230-019072.parquet,35909,downloaded,35909,
2026-07-17,NSE,WIPRO,raw_l2/trade_date=2026-07-17/exchange=NSE/symbol=WIPRO/part-060417_932053-019104.parquet,real_data_sample\l2_unseen_validation\trade_date=2026-07-17\exchange=NSE\symbol=WIPRO\part-060417_932053-019104.parquet,35512,downloaded,35512,
2026-07-17,NSE,WIPRO,raw_l2/trade_date=2026-07-17/exchange=NSE/symbol=WIPRO/part-060946_045875-019840.parquet,real_data_sample\l2_unseen_validation\trade_date=2026-07-17\exchange=NSE\symbol=WIPRO\part-060946_045875-019840.parquet,35716,downloaded,35716,
2026-07-17,NSE,WIPRO,raw_l2/trade_date=2026-07-17/exchange=NSE/symbol=WIPRO/part-060720_864981-019520.parquet,real_data_sample\l2_unseen_validation\trade_date=2026-07-17\exchange=NSE\symbol=WIPRO\part-060720_864981-019520.parquet,36381,downloaded,36381,
2026-07-17,NSE,WIPRO,raw_l2/trade_date=2026-07-17/exchange=NSE/symbol=WIPRO/part-060805_815956-019616.parquet,real_data_sample\l2_unseen_validation\trade_date=2026-07-17\exchange=NSE\symbol=WIPRO\part-060805_815956-019616.parquet,36532,downloaded,36532,
2026-07-17,NSE,WIPRO,raw_l2/trade_date=2026-07-17/exchange=NSE/symbol=WIPRO/part-061043_357074-019968.parquet,real_data_sample\l2_unseen_validation\trade_date=2026-07-17\exchange=NSE\symbol=WIPRO\part-061043_357074-019968.parquet,34747,downloaded,34747,
2026-07-17,NSE,WIPRO,raw_l2/trade_date=2026-07-17/exchange=NSE/symbol=WIPRO/part-060706_694605-019488.parquet,real_data_sample\l2_unseen_validation\trade_date=2026-07-17\exchange=NSE\symbol=WIPRO\part-060706_694605-019488.parquet,36268,downloaded,36268,
2026-07-17,NSE,WIPRO,raw_l2/trade_date=2026-07-17/exchange=NSE/symbol=WIPRO/part-060652_860509-019456.parquet,real_data_sample\l2_unseen_validation\trade_date=2026-07-17\exchange=NSE\symbol=WIPRO\part-060652_860509-019456.parquet,36385,downloaded,36385,
2026-07-17,NSE,WIPRO,raw_l2/trade_date=2026-07-17/exchange=NSE/symbol=WIPRO/part-060834_690809-019680.parquet,real_data_sample\l2_unseen_validation\trade_date=2026-07-17\exchange=NSE\symbol=WIPRO\part-060834_690809-019680.parquet,36034,downloaded,36034,
2026-07-17,NSE,WIPRO,raw_l2/trade_date=2026-07-17/exchange=NSE/symbol=WIPRO/part-061405_006611-020416.parquet,real_data_sample\l2_unseen_validation\trade_date=2026-07-17\exchange=NSE\symbol=WIPRO\part-061405_006611-020416.parquet,34749,downloaded,34749,
2026-07-17,NSE,WIPRO,raw_l2/trade_date=2026-07-17/exchange=NSE/symbol=WIPRO/part-061126_505997-020064.parquet,real_data_sample\l2_unseen_validation\trade_date=2026-07-17\exchange=NSE\symbol=WIPRO\part-061126_505997-020064.parquet,36049,downloaded,36049,
2026-07-17,NSE,WIPRO,raw_l2/trade_date=2026-07-17/exchange=NSE/symbol=WIPRO/part-061336_462711-020352.parquet,real_data_sample\l2_unseen_validation\trade_date=2026-07-17\exchange=NSE\symbol=WIPRO\part-061336_462711-020352.parquet,34790,downloaded,34790,
2026-07-17,NSE,WIPRO,raw_l2/trade_date=2026-07-17/exchange=NSE/symbol=WIPRO/part-061307_564105-020288.parquet,real_data_sample\l2_unseen_validation\trade_date=2026-07-17\exchange=NSE\symbol=WIPRO\part-061307_564105-020288.parquet,36053,downloaded,36053,
2026-07-17,NSE,WIPRO,raw_l2/trade_date=2026-07-17/exchange=NSE/symbol=WIPRO/part-061224_331051-020192.parquet,real_data_sample\l2_unseen_validation\trade_date=2026-07-17\exchange=NSE\symbol=WIPRO\part-061224_331051-020192.parquet,36469,downloaded,36469,
2026-07-17,NSE,WIPRO,raw_l2/trade_date=2026-07-17/exchange=NSE/symbol=WIPRO/part-061155_512101-020128.parquet,real_data_sample\l2_unseen_validation\trade_date=2026-07-17\exchange=NSE\symbol=WIPRO\part-061155_512101-020128.parquet,36046,downloaded,36046,
2026-07-17,NSE,WIPRO,raw_l2/trade_date=2026-07-17/exchange=NSE/symbol=WIPRO/part-061433_702759-020480.parquet,real_data_sample\l2_unseen_validation\trade_date=2026-07-17\exchange=NSE\symbol=WIPRO\part-061433_702759-020480.parquet,34824,downloaded,34824,
2026-07-17,NSE,WIPRO,raw_l2/trade_date=2026-07-17/exchange=NSE/symbol=WIPRO/part-061253_149575-020256.parquet,real_data_sample\l2_unseen_validation\trade_date=2026-07-17\exchange=NSE\symbol=WIPRO\part-061253_149575-020256.parquet,35805,downloaded,35805,
2026-07-17,NSE,WIPRO,raw_l2/trade_date=2026-07-17/exchange=NSE/symbol=WIPRO/part-061322_066878-020320.parquet,real_data_sample\l2_unseen_validation\trade_date=2026-07-17\exchange=NSE\symbol=WIPRO\part-061322_066878-020320.parquet,35586,downloaded,35586,
2026-07-17,NSE,WIPRO,raw_l2/trade_date=2026-07-17/exchange=NSE/symbol=WIPRO/part-061238_774596-020224.parquet,real_data_sample\l2_unseen_validation\trade_date=2026-07-17\exchange=NSE\symbol=WIPRO\part-061238_774596-020224.parquet,35527,downloaded,35527,
2026-07-17,NSE,WIPRO,raw_l2/trade_date=2026-07-17/exchange=NSE/symbol=WIPRO/part-061350_641244-020384.parquet,real_data_sample\l2_unseen_validation\trade_date=2026-07-17\exchange=NSE\symbol=WIPRO\part-061350_641244-020384.parquet,34692,downloaded,34692,
2026-07-17,NSE,WIPRO,raw_l2/trade_date=2026-07-17/exchange=NSE/symbol=WIPRO/part-061209_818943-020160.parquet,real_data_sample\l2_unseen_validation\trade_date=2026-07-17\exchange=NSE\symbol=WIPRO\part-061209_818943-020160.parquet,36101,downloaded,36101,
2026-07-17,NSE,WIPRO,raw_l2/trade_date=2026-07-17/exchange=NSE/symbol=WIPRO/part-061419_375783-020448.parquet,real_data_sample\l2_unseen_validation\trade_date=2026-07-17\exchange=NSE\symbol=WIPRO\part-061419_375783-020448.parquet,34805,downloaded,34805,
2026-07-17,NSE,WIPRO,raw_l2/trade_date=2026-07-17/exchange=NSE/symbol=WIPRO/part-061615_830441-020704.parquet,real_data_sample\l2_unseen_validation\trade_date=2026-07-17\exchange=NSE\symbol=WIPRO\part-061615_830441-020704.parquet,36420,downloaded,36420,
2026-07-17,NSE,WIPRO,raw_l2/trade_date=2026-07-17/exchange=NSE/symbol=WIPRO/part-061644_310882-020768.parquet,real_data_sample\l2_unseen_validation\trade_date=2026-07-17\exchange=NSE\symbol=WIPRO\part-061644_310882-020768.parquet,36479,downloaded,36479,
2026-07-17,NSE,WIPRO,raw_l2/trade_date=2026-07-17/exchange=NSE/symbol=WIPRO/part-061726_753187-020864.parquet,real_data_sample\l2_unseen_validation\trade_date=2026-07-17\exchange=NSE\symbol=WIPRO\part-061726_753187-020864.parquet,35791,downloaded,35791,
2026-07-17,NSE,WIPRO,raw_l2/trade_date=2026-07-17/exchange=NSE/symbol=WIPRO/part-061630_236330-020736.parquet,real_data_sample\l2_unseen_validation\trade_date=2026-07-17\exchange=NSE\symbol=WIPRO\part-061630_236330-020736.parquet,36466,downloaded,36466,
2026-07-17,NSE,WIPRO,raw_l2/trade_date=2026-07-17/exchange=NSE/symbol=WIPRO/part-061447_839722-020512.parquet,real_data_sample\l2_unseen_validation\trade_date=2026-07-17\exchange=NSE\symbol=WIPRO\part-061447_839722-020512.parquet,34896,downloaded,34896,
2026-07-17,NSE,WIPRO,raw_l2/trade_date=2026-07-17/exchange=NSE/symbol=WIPRO/part-061712_609551-020832.parquet,real_data_sample\l2_unseen_validation\trade_date=2026-07-17\exchange=NSE\symbol=WIPRO\part-061712_609551-020832.parquet,36324,downloaded,36324,
2026-07-17,NSE,WIPRO,raw_l2/trade_date=2026-07-17/exchange=NSE/symbol=WIPRO/part-061740_800043-020896.parquet,real_data_sample\l2_unseen_validation\trade_date=2026-07-17\exchange=NSE\symbol=WIPRO\part-061740_800043-020896.parquet,35839,downloaded,35839,
2026-07-17,NSE,WIPRO,raw_l2/trade_date=2026-07-17/exchange=NSE/symbol=WIPRO/part-061516_842556-020576.parquet,real_data_sample\l2_unseen_validation\trade_date=2026-07-17\exchange=NSE\symbol=WIPRO\part-061516_842556-020576.parquet,35335,downloaded,35335,
2026-07-17,NSE,WIPRO,raw_l2/trade_date=2026-07-17/exchange=NSE/symbol=WIPRO/part-061600_044501-020672.parquet,real_data_sample\l2_unseen_validation\trade_date=2026-07-17\exchange=NSE\symbol=WIPRO\part-061600_044501-020672.parquet,35783,downloaded,35783,
2026-07-17,NSE,WIPRO,raw_l2/trade_date=2026-07-17/exchange=NSE/symbol=WIPRO/part-061502_484997-020544.parquet,real_data_sample\l2_unseen_validation\trade_date=2026-07-17\exchange=NSE\symbol=WIPRO\part-061502_484997-020544.parquet,34788,downloaded,34788,
2026-07-17,NSE,WIPRO,raw_l2/trade_date=2026-07-17/exchange=NSE/symbol=WIPRO/part-061658_413471-020800.parquet,real_data_sample\l2_unseen_validation\trade_date=2026-07-17\exchange=NSE\symbol=WIPRO\part-061658_413471-020800.parquet,36450,downloaded,36450,
2026-07-17,NSE,WIPRO,raw_l2/trade_date=2026-07-17/exchange=NSE/symbol=WIPRO/part-061755_822717-020928.parquet,real_data_sample\l2_unseen_validation\trade_date=2026-07-17\exchange=NSE\symbol=WIPRO\part-061755_822717-020928.parquet,36253,downloaded,36253,
2026-07-17,NSE,WIPRO,raw_l2/trade_date=2026-07-17/exchange=NSE/symbol=WIPRO/part-061545_583018-020640.parquet,real_data_sample\l2_unseen_validation\trade_date=2026-07-17\exchange=NSE\symbol=WIPRO\part-061545_583018-020640.parquet,36268,downloaded,36268,
2026-07-17,NSE,WIPRO,raw_l2/trade_date=2026-07-17/exchange=NSE/symbol=WIPRO/part-061531_305009-020608.parquet,real_data_sample\l2_unseen_validation\trade_date=2026-07-17\exchange=NSE\symbol=WIPRO\part-061531_305009-020608.parquet,36538,downloaded,36538,
2026-07-17,NSE,WIPRO,raw_l2/trade_date=2026-07-17/exchange=NSE/symbol=WIPRO/part-061810_094538-020960.parquet,real_data_sample\l2_unseen_validation\trade_date=2026-07-17\exchange=NSE\symbol=WIPRO\part-061810_094538-020960.parquet,36057,downloaded,36057,
2026-07-17,NSE,WIPRO,raw_l2/trade_date=2026-07-17/exchange=NSE/symbol=WIPRO/part-061824_212185-020992.parquet,real_data_sample\l2_unseen_validation\trade_date=2026-07-17\exchange=NSE\symbol=WIPRO\part-061824_212185-020992.parquet,35524,downloaded,35524,
2026-07-17,NSE,WIPRO,raw_l2/trade_date=2026-07-17/exchange=NSE/symbol=WIPRO/part-061839_150191-021024.parquet,real_data_sample\l2_unseen_validation\trade_date=2026-07-17\exchange=NSE\symbol=WIPRO\part-061839_150191-021024.parquet,35455,downloaded,35455,
2026-07-17,NSE,WIPRO,raw_l2/trade_date=2026-07-17/exchange=NSE/symbol=WIPRO/part-061950_369362-021184.parquet,real_data_sample\l2_unseen_validation\trade_date=2026-07-17\exchange=NSE\symbol=WIPRO\part-061950_369362-021184.parquet,36029,downloaded,36029,
2026-07-17,NSE,WIPRO,raw_l2/trade_date=2026-07-17/exchange=NSE/symbol=WIPRO/part-061141_052704-020096.parquet,real_data_sample\l2_unseen_validation\trade_date=2026-07-17\exchange=NSE\symbol=WIPRO\part-061141_052704-020096.parquet,36428,downloaded,36428,
2026-07-17,NSE,WIPRO,raw_l2/trade_date=2026-07-17/exchange=NSE/symbol=WIPRO/part-062047_869798-021312.parquet,real_data_sample\l2_unseen_validation\trade_date=2026-07-17\exchange=NSE\symbol=WIPRO\part-062047_869798-021312.parquet,35794,downloaded,35794,
2026-07-17,NSE,WIPRO,raw_l2/trade_date=2026-07-17/exchange=NSE/symbol=WIPRO/part-062241_984948-021568.parquet,real_data_sample\l2_unseen_validation\trade_date=2026-07-17\exchange=NSE\symbol=WIPRO\part-062241_984948-021568.parquet,35572,downloaded,35572,
2026-07-17,NSE,WIPRO,raw_l2/trade_date=2026-07-17/exchange=NSE/symbol=WIPRO/part-062339_082835-021696.parquet,real_data_sample\l2_unseen_validation\trade_date=2026-07-17\exchange=NSE\symbol=WIPRO\part-062339_082835-021696.parquet,34788,downloaded,34788,
2026-07-17,NSE,WIPRO,raw_l2/trade_date=2026-07-17/exchange=NSE/symbol=WIPRO/part-062324_868564-021664.parquet,real_data_sample\l2_unseen_validation\trade_date=2026-07-17\exchange=NSE\symbol=WIPRO\part-062324_868564-021664.parquet,34962,downloaded,34962,
2026-07-17,NSE,WIPRO,raw_l2/trade_date=2026-07-17/exchange=NSE/symbol=WIPRO/part-062352_990541-021728.parquet,real_data_sample\l2_unseen_validation\trade_date=2026-07-17\exchange=NSE\symbol=WIPRO\part-062352_990541-021728.parquet,34838,downloaded,34838,
2026-07-17,NSE,WIPRO,raw_l2/trade_date=2026-07-17/exchange=NSE/symbol=WIPRO/part-062256_193696-021600.parquet,real_data_sample\l2_unseen_validation\trade_date=2026-07-17\exchange=NSE\symbol=WIPRO\part-062256_193696-021600.parquet,35793,downloaded,35793,
2026-07-17,NSE,WIPRO,raw_l2/trade_date=2026-07-17/exchange=NSE/symbol=WIPRO/part-062310_688833-021632.parquet,real_data_sample\l2_unseen_validation\trade_date=2026-07-17\exchange=NSE\symbol=WIPRO\part-062310_688833-021632.parquet,35814,downloaded,35814,
2026-07-17,NSE,WIPRO,raw_l2/trade_date=2026-07-17/exchange=NSE/symbol=WIPRO/part-062531_643744-021952.parquet,real_data_sample\l2_unseen_validation\trade_date=2026-07-17\exchange=NSE\symbol=WIPRO\part-062531_643744-021952.parquet,34967,downloaded,34967,
2026-07-17,NSE,WIPRO,raw_l2/trade_date=2026-07-17/exchange=NSE/symbol=WIPRO/part-062545_656268-021984.parquet,real_data_sample\l2_unseen_validation\trade_date=2026-07-17\exchange=NSE\symbol=WIPRO\part-062545_656268-021984.parquet,34657,downloaded,34657,
2026-07-17,NSE,WIPRO,raw_l2/trade_date=2026-07-17/exchange=NSE/symbol=WIPRO/part-062503_636008-021888.parquet,real_data_sample\l2_unseen_validation\trade_date=2026-07-17\exchange=NSE\symbol=WIPRO\part-062503_636008-021888.parquet,36144,downloaded,36144,
2026-07-17,NSE,WIPRO,raw_l2/trade_date=2026-07-17/exchange=NSE/symbol=WIPRO/part-062559_680293-022016.parquet,real_data_sample\l2_unseen_validation\trade_date=2026-07-17\exchange=NSE\symbol=WIPRO\part-062559_680293-022016.parquet,34442,downloaded,34442,
2026-07-17,NSE,WIPRO,raw_l2/trade_date=2026-07-17/exchange=NSE/symbol=WIPRO/part-062517_762079-021920.parquet,real_data_sample\l2_unseen_validation\trade_date=2026-07-17\exchange=NSE\symbol=WIPRO\part-062517_762079-021920.parquet,35798,downloaded,35798,
2026-07-17,NSE,WIPRO,raw_l2/trade_date=2026-07-17/exchange=NSE/symbol=WIPRO/part-062435_359176-021824.parquet,real_data_sample\l2_unseen_validation\trade_date=2026-07-17\exchange=NSE\symbol=WIPRO\part-062435_359176-021824.parquet,35639,downloaded,35639,
2026-07-17,NSE,WIPRO,raw_l2/trade_date=2026-07-17/exchange=NSE/symbol=WIPRO/part-062421_307954-021792.parquet,real_data_sample\l2_unseen_validation\trade_date=2026-07-17\exchange=NSE\symbol=WIPRO\part-062421_307954-021792.parquet,35242,downloaded,35242,
2026-07-17,NSE,WIPRO,raw_l2/trade_date=2026-07-17/exchange=NSE/symbol=WIPRO/part-062449_423644-021856.parquet,real_data_sample\l2_unseen_validation\trade_date=2026-07-17\exchange=NSE\symbol=WIPRO\part-062449_423644-021856.parquet,35780,downloaded,35780,
2026-07-17,NSE,WIPRO,raw_l2/trade_date=2026-07-17/exchange=NSE/symbol=WIPRO/part-062407_180432-021760.parquet,real_data_sample\l2_unseen_validation\trade_date=2026-07-17\exchange=NSE\symbol=WIPRO\part-062407_180432-021760.parquet,34831,downloaded,34831,
2026-07-17,NSE,WIPRO,raw_l2/trade_date=2026-07-17/exchange=NSE/symbol=WIPRO/part-062613_791958-022048.parquet,real_data_sample\l2_unseen_validation\trade_date=2026-07-17\exchange=NSE\symbol=WIPRO\part-062613_791958-022048.parquet,34992,downloaded,34992,
2026-07-17,NSE,WIPRO,raw_l2/trade_date=2026-07-17/exchange=NSE/symbol=WIPRO/part-062642_146416-022112.parquet,real_data_sample\l2_unseen_validation\trade_date=2026-07-17\exchange=NSE\symbol=WIPRO\part-062642_146416-022112.parquet,34666,downloaded,34666,
2026-07-17,NSE,WIPRO,raw_l2/trade_date=2026-07-17/exchange=NSE/symbol=WIPRO/part-062656_281125-022144.parquet,real_data_sample\l2_unseen_validation\trade_date=2026-07-17\exchange=NSE\symbol=WIPRO\part-062656_281125-022144.parquet,34646,downloaded,34646,
2026-07-17,NSE,WIPRO,raw_l2/trade_date=2026-07-17/exchange=NSE/symbol=WIPRO/part-062753_641275-022272.parquet,real_data_sample\l2_unseen_validation\trade_date=2026-07-17\exchange=NSE\symbol=WIPRO\part-062753_641275-022272.parquet,34780,downloaded,34780,
2026-07-17,NSE,WIPRO,raw_l2/trade_date=2026-07-17/exchange=NSE/symbol=WIPRO/part-063002_647051-022560.parquet,real_data_sample\l2_unseen_validation\trade_date=2026-07-17\exchange=NSE\symbol=WIPRO\part-063002_647051-022560.parquet,36072,downloaded,36072,
2026-07-17,NSE,WIPRO,raw_l2/trade_date=2026-07-17/exchange=NSE/symbol=WIPRO/part-062933_672777-022496.parquet,real_data_sample\l2_unseen_validation\trade_date=2026-07-17\exchange=NSE\symbol=WIPRO\part-062933_672777-022496.parquet,36034,downloaded,36034,
2026-07-17,NSE,WIPRO,raw_l2/trade_date=2026-07-17/exchange=NSE/symbol=WIPRO/part-062947_997348-022528.parquet,real_data_sample\l2_unseen_validation\trade_date=2026-07-17\exchange=NSE\symbol=WIPRO\part-062947_997348-022528.parquet,36930,downloaded,36930,
2026-07-17,NSE,WIPRO,raw_l2/trade_date=2026-07-17/exchange=NSE/symbol=WIPRO/part-062918_608875-022464.parquet,real_data_sample\l2_unseen_validation\trade_date=2026-07-17\exchange=NSE\symbol=WIPRO\part-062918_608875-022464.parquet,36299,downloaded,36299,
2026-07-17,NSE,WIPRO,raw_l2/trade_date=2026-07-17/exchange=NSE/symbol=WIPRO/part-062850_581848-022400.parquet,real_data_sample\l2_unseen_validation\trade_date=2026-07-17\exchange=NSE\symbol=WIPRO\part-062850_581848-022400.parquet,35880,downloaded,35880,
2026-07-17,NSE,WIPRO,raw_l2/trade_date=2026-07-17/exchange=NSE/symbol=WIPRO/part-062807_855131-022304.parquet,real_data_sample\l2_unseen_validation\trade_date=2026-07-17\exchange=NSE\symbol=WIPRO\part-062807_855131-022304.parquet,34879,downloaded,34879,
2026-07-17,NSE,WIPRO,raw_l2/trade_date=2026-07-17/exchange=NSE/symbol=WIPRO/part-062822_290813-022336.parquet,real_data_sample\l2_unseen_validation\trade_date=2026-07-17\exchange=NSE\symbol=WIPRO\part-062822_290813-022336.parquet,35862,downloaded,35862,
2026-07-17,NSE,WIPRO,raw_l2/trade_date=2026-07-17/exchange=NSE/symbol=WIPRO/part-062739_460631-022240.parquet,real_data_sample\l2_unseen_validation\trade_date=2026-07-17\exchange=NSE\symbol=WIPRO\part-062739_460631-022240.parquet,34848,downloaded,34848,
2026-07-17,NSE,WIPRO,raw_l2/trade_date=2026-07-17/exchange=NSE/symbol=WIPRO/part-063016_837077-022592.parquet,real_data_sample\l2_unseen_validation\trade_date=2026-07-17\exchange=NSE\symbol=WIPRO\part-063016_837077-022592.parquet,36213,downloaded,36213,
2026-07-17,NSE,WIPRO,raw_l2/trade_date=2026-07-17/exchange=NSE/symbol=WIPRO/part-062710_831847-022176.parquet,real_data_sample\l2_unseen_validation\trade_date=2026-07-17\exchange=NSE\symbol=WIPRO\part-062710_831847-022176.parquet,34753,downloaded,34753,
2026-07-17,NSE,WIPRO,raw_l2/trade_date=2026-07-17/exchange=NSE/symbol=WIPRO/part-062836_132523-022368.parquet,real_data_sample\l2_unseen_validation\trade_date=2026-07-17\exchange=NSE\symbol=WIPRO\part-062836_132523-022368.parquet,35839,downloaded,35839,
2026-07-17,NSE,WIPRO,raw_l2/trade_date=2026-07-17/exchange=NSE/symbol=WIPRO/part-062725_054379-022208.parquet,real_data_sample\l2_unseen_validation\trade_date=2026-07-17\exchange=NSE\symbol=WIPRO\part-062725_054379-022208.parquet,34822,downloaded,34822,
2026-07-17,NSE,WIPRO,raw_l2/trade_date=2026-07-17/exchange=NSE/symbol=WIPRO/part-062904_469082-022432.parquet,real_data_sample\l2_unseen_validation\trade_date=2026-07-17\exchange=NSE\symbol=WIPRO\part-062904_469082-022432.parquet,36140,downloaded,36140,
2026-07-17,NSE,WIPRO,raw_l2/trade_date=2026-07-17/exchange=NSE/symbol=WIPRO/part-063030_889536-022624.parquet,real_data_sample\l2_unseen_validation\trade_date=2026-07-17\exchange=NSE\symbol=WIPRO\part-063030_889536-022624.parquet,35710,downloaded,35710,
2026-07-17,NSE,WIPRO,raw_l2/trade_date=2026-07-17/exchange=NSE/symbol=WIPRO/part-062627_859123-022080.parquet,real_data_sample\l2_unseen_validation\trade_date=2026-07-17\exchange=NSE\symbol=WIPRO\part-062627_859123-022080.parquet,34719,downloaded,34719,
2026-07-17,NSE,WIPRO,raw_l2/trade_date=2026-07-17/exchange=NSE/symbol=WIPRO/part-063045_027355-022656.parquet,real_data_sample\l2_unseen_validation\trade_date=2026-07-17\exchange=NSE\symbol=WIPRO\part-063045_027355-022656.parquet,35939,downloaded,35939,
2026-07-17,NSE,WIPRO,raw_l2/trade_date=2026-07-17/exchange=NSE/symbol=WIPRO/part-063059_040056-022688.parquet,real_data_sample\l2_unseen_validation\trade_date=2026-07-17\exchange=NSE\symbol=WIPRO\part-063059_040056-022688.parquet,36150,downloaded,36150,
2026-07-17,NSE,WIPRO,raw_l2/trade_date=2026-07-17/exchange=NSE/symbol=WIPRO/part-063223_377049-022880.parquet,real_data_sample\l2_unseen_validation\trade_date=2026-07-17\exchange=NSE\symbol=WIPRO\part-063223_377049-022880.parquet,35640,downloaded,35640,
2026-07-17,NSE,WIPRO,raw_l2/trade_date=2026-07-17/exchange=NSE/symbol=WIPRO/part-063237_443066-022912.parquet,real_data_sample\l2_unseen_validation\trade_date=2026-07-17\exchange=NSE\symbol=WIPRO\part-063237_443066-022912.parquet,35430,downloaded,35430,
2026-07-17,NSE,WIPRO,raw_l2/trade_date=2026-07-17/exchange=NSE/symbol=WIPRO/part-063209_493066-022848.parquet,real_data_sample\l2_unseen_validation\trade_date=2026-07-17\exchange=NSE\symbol=WIPRO\part-063209_493066-022848.parquet,35909,downloaded,35909,
2026-07-17,NSE,WIPRO,raw_l2/trade_date=2026-07-17/exchange=NSE/symbol=WIPRO/part-063334_512447-023040.parquet,real_data_sample\l2_unseen_validation\trade_date=2026-07-17\exchange=NSE\symbol=WIPRO\part-063334_512447-023040.parquet,35868,downloaded,35868,
2026-07-17,NSE,WIPRO,raw_l2/trade_date=2026-07-17/exchange=NSE/symbol=WIPRO/part-063251_347900-022944.parquet,real_data_sample\l2_unseen_validation\trade_date=2026-07-17\exchange=NSE\symbol=WIPRO\part-063251_347900-022944.parquet,35648,downloaded,35648,
2026-07-17,NSE,WIPRO,raw_l2/trade_date=2026-07-17/exchange=NSE/symbol=WIPRO/part-063402_594634-023104.parquet,real_data_sample\l2_unseen_validation\trade_date=2026-07-17\exchange=NSE\symbol=WIPRO\part-063402_594634-023104.parquet,35717,downloaded,35717,
2026-07-17,NSE,WIPRO,raw_l2/trade_date=2026-07-17/exchange=NSE/symbol=WIPRO/part-063348_533287-023072.parquet,real_data_sample\l2_unseen_validation\trade_date=2026-07-17\exchange=NSE\symbol=WIPRO\part-063348_533287-023072.parquet,35943,downloaded,35943,
2026-07-17,NSE,WIPRO,raw_l2/trade_date=2026-07-17/exchange=NSE/symbol=WIPRO/part-063320_246618-023008.parquet,real_data_sample\l2_unseen_validation\trade_date=2026-07-17\exchange=NSE\symbol=WIPRO\part-063320_246618-023008.parquet,36363,downloaded,36363,
2026-07-17,NSE,WIPRO,raw_l2/trade_date=2026-07-17/exchange=NSE/symbol=WIPRO/part-063305_762687-022976.parquet,real_data_sample\l2_unseen_validation\trade_date=2026-07-17\exchange=NSE\symbol=WIPRO\part-063305_762687-022976.parquet,36342,downloaded,36342,
2026-07-17,NSE,WIPRO,raw_l2/trade_date=2026-07-17/exchange=NSE/symbol=WIPRO/part-063113_428642-022720.parquet,real_data_sample\l2_unseen_validation\trade_date=2026-07-17\exchange=NSE\symbol=WIPRO\part-063113_428642-022720.parquet,35837,downloaded,35837,
2026-07-17,NSE,WIPRO,raw_l2/trade_date=2026-07-17/exchange=NSE/symbol=WIPRO/part-063141_594772-022784.parquet,real_data_sample\l2_unseen_validation\trade_date=2026-07-17\exchange=NSE\symbol=WIPRO\part-063141_594772-022784.parquet,35885,downloaded,35885,
2026-07-17,NSE,WIPRO,raw_l2/trade_date=2026-07-17/exchange=NSE/symbol=WIPRO/part-063155_564968-022816.parquet,real_data_sample\l2_unseen_validation\trade_date=2026-07-17\exchange=NSE\symbol=WIPRO\part-063155_564968-022816.parquet,35683,downloaded,35683,
2026-07-17,NSE,WIPRO,raw_l2/trade_date=2026-07-17/exchange=NSE/symbol=WIPRO/part-063127_660420-022752.parquet,real_data_sample\l2_unseen_validation\trade_date=2026-07-17\exchange=NSE\symbol=WIPRO\part-063127_660420-022752.parquet,36313,downloaded,36313,
2026-07-17,NSE,WIPRO,raw_l2/trade_date=2026-07-17/exchange=NSE/symbol=WIPRO/part-063416_632316-023136.parquet,real_data_sample\l2_unseen_validation\trade_date=2026-07-17\exchange=NSE\symbol=WIPRO\part-063416_632316-023136.parquet,35934,downloaded,35934,
2026-07-17,NSE,WIPRO,raw_l2/trade_date=2026-07-17/exchange=NSE/symbol=WIPRO/part-063430_685231-023168.parquet,real_data_sample\l2_unseen_validation\trade_date=2026-07-17\exchange=NSE\symbol=WIPRO\part-063430_685231-023168.parquet,35776,downloaded,35776,
2026-07-17,NSE,WIPRO,raw_l2/trade_date=2026-07-17/exchange=NSE/symbol=WIPRO/part-063458_599399-023232.parquet,real_data_sample\l2_unseen_validation\trade_date=2026-07-17\exchange=NSE\symbol=WIPRO\part-063458_599399-023232.parquet,36043,downloaded,36043,
2026-07-17,NSE,WIPRO,raw_l2/trade_date=2026-07-17/exchange=NSE/symbol=WIPRO/part-063512_825192-023264.parquet,real_data_sample\l2_unseen_validation\trade_date=2026-07-17\exchange=NSE\symbol=WIPRO\part-063512_825192-023264.parquet,36154,downloaded,36154,
2026-07-17,NSE,WIPRO,raw_l2/trade_date=2026-07-17/exchange=NSE/symbol=WIPRO/part-063608_752723-023392.parquet,real_data_sample\l2_unseen_validation\trade_date=2026-07-17\exchange=NSE\symbol=WIPRO\part-063608_752723-023392.parquet,36103,downloaded,36103,
2026-07-17,NSE,WIPRO,raw_l2/trade_date=2026-07-17/exchange=NSE/symbol=WIPRO/part-063540_846824-023328.parquet,real_data_sample\l2_unseen_validation\trade_date=2026-07-17\exchange=NSE\symbol=WIPRO\part-063540_846824-023328.parquet,36160,downloaded,36160,
2026-07-17,NSE,WIPRO,raw_l2/trade_date=2026-07-17/exchange=NSE/symbol=WIPRO/part-063527_043903-023296.parquet,real_data_sample\l2_unseen_validation\trade_date=2026-07-17\exchange=NSE\symbol=WIPRO\part-063527_043903-023296.parquet,35972,downloaded,35972,
2026-07-17,NSE,WIPRO,raw_l2/trade_date=2026-07-17/exchange=NSE/symbol=WIPRO/part-063554_778336-023360.parquet,real_data_sample\l2_unseen_validation\trade_date=2026-07-17\exchange=NSE\symbol=WIPRO\part-063554_778336-023360.parquet,35974,downloaded,35974,
2026-07-17,NSE,WIPRO,raw_l2/trade_date=2026-07-17/exchange=NSE/symbol=WIPRO/part-063622_670637-023424.parquet,real_data_sample\l2_unseen_validation\trade_date=2026-07-17\exchange=NSE\symbol=WIPRO\part-063622_670637-023424.parquet,35626,downloaded,35626,
2026-07-17,NSE,WIPRO,raw_l2/trade_date=2026-07-17/exchange=NSE/symbol=WIPRO/part-063704_726085-023520.parquet,real_data_sample\l2_unseen_validation\trade_date=2026-07-17\exchange=NSE\symbol=WIPRO\part-063704_726085-023520.parquet,35299,downloaded,35299,
2026-07-17,NSE,WIPRO,raw_l2/trade_date=2026-07-17/exchange=NSE/symbol=WIPRO/part-063636_776001-023456.parquet,real_data_sample\l2_unseen_validation\trade_date=2026-07-17\exchange=NSE\symbol=WIPRO\part-063636_776001-023456.parquet,35637,downloaded,35637,
2026-07-17,NSE,WIPRO,raw_l2/trade_date=2026-07-17/exchange=NSE/symbol=WIPRO/part-063800_341235-023648.parquet,real_data_sample\l2_unseen_validation\trade_date=2026-07-17\exchange=NSE\symbol=WIPRO\part-063800_341235-023648.parquet,34911,downloaded,34911,
2026-07-17,NSE,WIPRO,raw_l2/trade_date=2026-07-17/exchange=NSE/symbol=WIPRO/part-063732_619073-023584.parquet,real_data_sample\l2_unseen_validation\trade_date=2026-07-17\exchange=NSE\symbol=WIPRO\part-063732_619073-023584.parquet,34955,downloaded,34955,
2026-07-17,NSE,WIPRO,raw_l2/trade_date=2026-07-17/exchange=NSE/symbol=WIPRO/part-063746_563455-023616.parquet,real_data_sample\l2_unseen_validation\trade_date=2026-07-17\exchange=NSE\symbol=WIPRO\part-063746_563455-023616.parquet,34861,downloaded,34861,
2026-07-17,NSE,WIPRO,raw_l2/trade_date=2026-07-17/exchange=NSE/symbol=WIPRO/part-063718_705237-023552.parquet,real_data_sample\l2_unseen_validation\trade_date=2026-07-17\exchange=NSE\symbol=WIPRO\part-063718_705237-023552.parquet,35420,downloaded,35420,
2026-07-17,NSE,WIPRO,raw_l2/trade_date=2026-07-17/exchange=NSE/symbol=WIPRO/part-063650_794135-023488.parquet,real_data_sample\l2_unseen_validation\trade_date=2026-07-17\exchange=NSE\symbol=WIPRO\part-063650_794135-023488.parquet,35762,downloaded,35762,
2026-07-17,NSE,WIPRO,raw_l2/trade_date=2026-07-17/exchange=NSE/symbol=WIPRO/part-063444_639858-023200.parquet,real_data_sample\l2_unseen_validation\trade_date=2026-07-17\exchange=NSE\symbol=WIPRO\part-063444_639858-023200.parquet,36173,downloaded,36173,
2026-07-17,NSE,WIPRO,raw_l2/trade_date=2026-07-17/exchange=NSE/symbol=WIPRO/part-063828_681465-023712.parquet,real_data_sample\l2_unseen_validation\trade_date=2026-07-17\exchange=NSE\symbol=WIPRO\part-063828_681465-023712.parquet,36114,downloaded,36114,
2026-07-17,NSE,WIPRO,raw_l2/trade_date=2026-07-17/exchange=NSE/symbol=WIPRO/part-063842_854199-023744.parquet,real_data_sample\l2_unseen_validation\trade_date=2026-07-17\exchange=NSE\symbol=WIPRO\part-063842_854199-023744.parquet,36026,downloaded,36026,
2026-07-17,NSE,WIPRO,raw_l2/trade_date=2026-07-17/exchange=NSE/symbol=WIPRO/part-063814_361895-023680.parquet,real_data_sample\l2_unseen_validation\trade_date=2026-07-17\exchange=NSE\symbol=WIPRO\part-063814_361895-023680.parquet,35243,downloaded,35243,
2026-07-17,NSE,WIPRO,raw_l2/trade_date=2026-07-17/exchange=NSE/symbol=WIPRO/part-063857_756533-023776.parquet,real_data_sample\l2_unseen_validation\trade_date=2026-07-17\exchange=NSE\symbol=WIPRO\part-063857_756533-023776.parquet,35595,downloaded,35595,
2026-07-17,NSE,WIPRO,raw_l2/trade_date=2026-07-17/exchange=NSE/symbol=WIPRO/part-063911_605563-023808.parquet,real_data_sample\l2_unseen_validation\trade_date=2026-07-17\exchange=NSE\symbol=WIPRO\part-063911_605563-023808.parquet,36208,downloaded,36208,
2026-07-17,NSE,WIPRO,raw_l2/trade_date=2026-07-17/exchange=NSE/symbol=WIPRO/part-064145_478471-024160.parquet,real_data_sample\l2_unseen_validation\trade_date=2026-07-17\exchange=NSE\symbol=WIPRO\part-064145_478471-024160.parquet,36053,downloaded,36053,
2026-07-17,NSE,WIPRO,raw_l2/trade_date=2026-07-17/exchange=NSE/symbol=WIPRO/part-064103_648437-024064.parquet,real_data_sample\l2_unseen_validation\trade_date=2026-07-17\exchange=NSE\symbol=WIPRO\part-064103_648437-024064.parquet,35983,downloaded,35983,
2026-07-17,NSE,WIPRO,raw_l2/trade_date=2026-07-17/exchange=NSE/symbol=WIPRO/part-064131_409373-024128.parquet,real_data_sample\l2_unseen_validation\trade_date=2026-07-17\exchange=NSE\symbol=WIPRO\part-064131_409373-024128.parquet,35804,downloaded,35804,
2026-07-17,NSE,WIPRO,raw_l2/trade_date=2026-07-17/exchange=NSE/symbol=WIPRO/part-064049_771677-024032.parquet,real_data_sample\l2_unseen_validation\trade_date=2026-07-17\exchange=NSE\symbol=WIPRO\part-064049_771677-024032.parquet,36512,downloaded,36512,
2026-07-17,NSE,WIPRO,raw_l2/trade_date=2026-07-17/exchange=NSE/symbol=WIPRO/part-064240_778746-024288.parquet,real_data_sample\l2_unseen_validation\trade_date=2026-07-17\exchange=NSE\symbol=WIPRO\part-064240_778746-024288.parquet,34795,downloaded,34795,
2026-07-17,NSE,WIPRO,raw_l2/trade_date=2026-07-17/exchange=NSE/symbol=WIPRO/part-064035_709256-024000.parquet,real_data_sample\l2_unseen_validation\trade_date=2026-07-17\exchange=NSE\symbol=WIPRO\part-064035_709256-024000.parquet,35996,downloaded,35996,
2026-07-17,NSE,WIPRO,raw_l2/trade_date=2026-07-17/exchange=NSE/symbol=WIPRO/part-063953_565210-023904.parquet,real_data_sample\l2_unseen_validation\trade_date=2026-07-17\exchange=NSE\symbol=WIPRO\part-063953_565210-023904.parquet,35565,downloaded,35565,
2026-07-17,NSE,WIPRO,raw_l2/trade_date=2026-07-17/exchange=NSE/symbol=WIPRO/part-063925_619221-023840.parquet,real_data_sample\l2_unseen_validation\trade_date=2026-07-17\exchange=NSE\symbol=WIPRO\part-063925_619221-023840.parquet,35590,downloaded,35590,
2026-07-17,NSE,WIPRO,raw_l2/trade_date=2026-07-17/exchange=NSE/symbol=WIPRO/part-064159_219081-024192.parquet,real_data_sample\l2_unseen_validation\trade_date=2026-07-17\exchange=NSE\symbol=WIPRO\part-064159_219081-024192.parquet,35674,downloaded,35674,
2026-07-17,NSE,WIPRO,raw_l2/trade_date=2026-07-17/exchange=NSE/symbol=WIPRO/part-063939_723479-023872.parquet,real_data_sample\l2_unseen_validation\trade_date=2026-07-17\exchange=NSE\symbol=WIPRO\part-063939_723479-023872.parquet,35753,downloaded,35753,
2026-07-17,NSE,WIPRO,raw_l2/trade_date=2026-07-17/exchange=NSE/symbol=WIPRO/part-064117_454801-024096.parquet,real_data_sample\l2_unseen_validation\trade_date=2026-07-17\exchange=NSE\symbol=WIPRO\part-064117_454801-024096.parquet,35737,downloaded,35737,
2026-07-17,NSE,WIPRO,raw_l2/trade_date=2026-07-17/exchange=NSE/symbol=WIPRO/part-064254_547547-024320.parquet,real_data_sample\l2_unseen_validation\trade_date=2026-07-17\exchange=NSE\symbol=WIPRO\part-064254_547547-024320.parquet,35112,downloaded,35112,
2026-07-17,NSE,WIPRO,raw_l2/trade_date=2026-07-17/exchange=NSE/symbol=WIPRO/part-064227_064539-024256.parquet,real_data_sample\l2_unseen_validation\trade_date=2026-07-17\exchange=NSE\symbol=WIPRO\part-064227_064539-024256.parquet,34911,downloaded,34911,
2026-07-17,NSE,WIPRO,raw_l2/trade_date=2026-07-17/exchange=NSE/symbol=WIPRO/part-064213_111905-024224.parquet,real_data_sample\l2_unseen_validation\trade_date=2026-07-17\exchange=NSE\symbol=WIPRO\part-064213_111905-024224.parquet,35625,downloaded,35625,
2026-07-17,NSE,WIPRO,raw_l2/trade_date=2026-07-17/exchange=NSE/symbol=WIPRO/part-064007_409243-023936.parquet,real_data_sample\l2_unseen_validation\trade_date=2026-07-17\exchange=NSE\symbol=WIPRO\part-064007_409243-023936.parquet,35602,downloaded,35602,
2026-07-17,NSE,WIPRO,raw_l2/trade_date=2026-07-17/exchange=NSE/symbol=WIPRO/part-064308_213156-024352.parquet,real_data_sample\l2_unseen_validation\trade_date=2026-07-17\exchange=NSE\symbol=WIPRO\part-064308_213156-024352.parquet,35004,downloaded,35004,
2026-07-17,NSE,WIPRO,raw_l2/trade_date=2026-07-17/exchange=NSE/symbol=WIPRO/part-064021_581529-023968.parquet,real_data_sample\l2_unseen_validation\trade_date=2026-07-17\exchange=NSE\symbol=WIPRO\part-064021_581529-023968.parquet,35703,downloaded,35703,
2026-07-17,NSE,WIPRO,raw_l2/trade_date=2026-07-17/exchange=NSE/symbol=WIPRO/part-064322_122495-024384.parquet,real_data_sample\l2_unseen_validation\trade_date=2026-07-17\exchange=NSE\symbol=WIPRO\part-064322_122495-024384.parquet,35083,downloaded,35083,
2026-07-17,NSE,WIPRO,raw_l2/trade_date=2026-07-17/exchange=NSE/symbol=WIPRO/part-062033_194896-021280.parquet,real_data_sample\l2_unseen_validation\trade_date=2026-07-17\exchange=NSE\symbol=WIPRO\part-062033_194896-021280.parquet,35537,downloaded,35537,
2026-07-17,NSE,WIPRO,raw_l2/trade_date=2026-07-17/exchange=NSE/symbol=WIPRO/part-062102_436391-021344.parquet,real_data_sample\l2_unseen_validation\trade_date=2026-07-17\exchange=NSE\symbol=WIPRO\part-062102_436391-021344.parquet,36012,downloaded,36012,
2026-07-17,NSE,WIPRO,raw_l2/trade_date=2026-07-17/exchange=NSE/symbol=WIPRO/part-061922_268584-021120.parquet,real_data_sample\l2_unseen_validation\trade_date=2026-07-17\exchange=NSE\symbol=WIPRO\part-061922_268584-021120.parquet,36273,downloaded,36273,
2026-07-17,NSE,WIPRO,raw_l2/trade_date=2026-07-17/exchange=NSE/symbol=WIPRO/part-061907_394860-021088.parquet,real_data_sample\l2_unseen_validation\trade_date=2026-07-17\exchange=NSE\symbol=WIPRO\part-061907_394860-021088.parquet,36077,downloaded,36077,
2026-07-17,NSE,WIPRO,raw_l2/trade_date=2026-07-17/exchange=NSE/symbol=WIPRO/part-062018_765291-021248.parquet,real_data_sample\l2_unseen_validation\trade_date=2026-07-17\exchange=NSE\symbol=WIPRO\part-062018_765291-021248.parquet,36114,downloaded,36114,
2026-07-17,NSE,WIPRO,raw_l2/trade_date=2026-07-17/exchange=NSE/symbol=WIPRO/part-062144_723437-021440.parquet,real_data_sample\l2_unseen_validation\trade_date=2026-07-17\exchange=NSE\symbol=WIPRO\part-062144_723437-021440.parquet,35732,downloaded,35732,
2026-07-17,NSE,WIPRO,raw_l2/trade_date=2026-07-17/exchange=NSE/symbol=WIPRO/part-064513_173795-024640.parquet,real_data_sample\l2_unseen_validation\trade_date=2026-07-17\exchange=NSE\symbol=WIPRO\part-064513_173795-024640.parquet,34700,downloaded,34700,
2026-07-17,NSE,WIPRO,raw_l2/trade_date=2026-07-17/exchange=NSE/symbol=WIPRO/part-064554_688127-024736.parquet,real_data_sample\l2_unseen_validation\trade_date=2026-07-17\exchange=NSE\symbol=WIPRO\part-064554_688127-024736.parquet,35456,downloaded,35456,
2026-07-17,NSE,WIPRO,raw_l2/trade_date=2026-07-17/exchange=NSE/symbol=WIPRO/part-064608_465762-024768.parquet,real_data_sample\l2_unseen_validation\trade_date=2026-07-17\exchange=NSE\symbol=WIPRO\part-064608_465762-024768.parquet,35437,downloaded,35437,
2026-07-17,NSE,WIPRO,raw_l2/trade_date=2026-07-17/exchange=NSE/symbol=WIPRO/part-064431_559131-024544.parquet,real_data_sample\l2_unseen_validation\trade_date=2026-07-17\exchange=NSE\symbol=WIPRO\part-064431_559131-024544.parquet,35080,downloaded,35080,
2026-07-17,NSE,WIPRO,raw_l2/trade_date=2026-07-17/exchange=NSE/symbol=WIPRO/part-064541_043941-024704.parquet,real_data_sample\l2_unseen_validation\trade_date=2026-07-17\exchange=NSE\symbol=WIPRO\part-064541_043941-024704.parquet,35586,downloaded,35586,
2026-07-17,NSE,WIPRO,raw_l2/trade_date=2026-07-17/exchange=NSE/symbol=WIPRO/part-062159_002626-021472.parquet,real_data_sample\l2_unseen_validation\trade_date=2026-07-17\exchange=NSE\symbol=WIPRO\part-062159_002626-021472.parquet,35668,downloaded,35668,
2026-07-17,NSE,WIPRO,raw_l2/trade_date=2026-07-17/exchange=NSE/symbol=WIPRO/part-064636_207989-024832.parquet,real_data_sample\l2_unseen_validation\trade_date=2026-07-17\exchange=NSE\symbol=WIPRO\part-064636_207989-024832.parquet,34776,downloaded,34776,
2026-07-17,NSE,WIPRO,raw_l2/trade_date=2026-07-17/exchange=NSE/symbol=WIPRO/part-064650_107164-024864.parquet,real_data_sample\l2_unseen_validation\trade_date=2026-07-17\exchange=NSE\symbol=WIPRO\part-064650_107164-024864.parquet,34748,downloaded,34748,
2026-07-17,NSE,WIPRO,raw_l2/trade_date=2026-07-17/exchange=NSE/symbol=WIPRO/part-064335_978715-024416.parquet,real_data_sample\l2_unseen_validation\trade_date=2026-07-17\exchange=NSE\symbol=WIPRO\part-064335_978715-024416.parquet,35454,downloaded,35454,
2026-07-17,NSE,WIPRO,raw_l2/trade_date=2026-07-17/exchange=NSE/symbol=WIPRO/part-064704_093534-024896.parquet,real_data_sample\l2_unseen_validation\trade_date=2026-07-17\exchange=NSE\symbol=WIPRO\part-064704_093534-024896.parquet,34749,downloaded,34749,
2026-07-17,NSE,WIPRO,raw_l2/trade_date=2026-07-17/exchange=NSE/symbol=WIPRO/part-064459_295671-024608.parquet,real_data_sample\l2_unseen_validation\trade_date=2026-07-17\exchange=NSE\symbol=WIPRO\part-064459_295671-024608.parquet,34719,downloaded,34719,
2026-07-17,NSE,WIPRO,raw_l2/trade_date=2026-07-17/exchange=NSE/symbol=WIPRO/part-064349_783168-024448.parquet,real_data_sample\l2_unseen_validation\trade_date=2026-07-17\exchange=NSE\symbol=WIPRO\part-064349_783168-024448.parquet,35547,downloaded,35547,
2026-07-17,NSE,WIPRO,raw_l2/trade_date=2026-07-17/exchange=NSE/symbol=WIPRO/part-064403_476307-024480.parquet,real_data_sample\l2_unseen_validation\trade_date=2026-07-17\exchange=NSE\symbol=WIPRO\part-064403_476307-024480.parquet,35757,downloaded,35757,
2026-07-17,NSE,WIPRO,raw_l2/trade_date=2026-07-17/exchange=NSE/symbol=WIPRO/part-062116_757059-021376.parquet,real_data_sample\l2_unseen_validation\trade_date=2026-07-17\exchange=NSE\symbol=WIPRO\part-062116_757059-021376.parquet,36333,downloaded,36333,
2026-07-17,NSE,WIPRO,raw_l2/trade_date=2026-07-17/exchange=NSE/symbol=WIPRO/part-064622_299660-024800.parquet,real_data_sample\l2_unseen_validation\trade_date=2026-07-17\exchange=NSE\symbol=WIPRO\part-064622_299660-024800.parquet,35198,downloaded,35198,
2026-07-17,NSE,WIPRO,raw_l2/trade_date=2026-07-17/exchange=NSE/symbol=WIPRO/part-064731_880852-024960.parquet,real_data_sample\l2_unseen_validation\trade_date=2026-07-17\exchange=NSE\symbol=WIPRO\part-064731_880852-024960.parquet,34895,downloaded,34895,
2026-07-17,NSE,WIPRO,raw_l2/trade_date=2026-07-17/exchange=NSE/symbol=WIPRO/part-064527_149881-024672.parquet,real_data_sample\l2_unseen_validation\trade_date=2026-07-17\exchange=NSE\symbol=WIPRO\part-064527_149881-024672.parquet,35535,downloaded,35535,
2026-07-17,NSE,WIPRO,raw_l2/trade_date=2026-07-17/exchange=NSE/symbol=WIPRO/part-064445_227743-024576.parquet,real_data_sample\l2_unseen_validation\trade_date=2026-07-17\exchange=NSE\symbol=WIPRO\part-064445_227743-024576.parquet,34624,downloaded,34624,
2026-07-17,NSE,WIPRO,raw_l2/trade_date=2026-07-17/exchange=NSE/symbol=WIPRO/part-062004_629643-021216.parquet,real_data_sample\l2_unseen_validation\trade_date=2026-07-17\exchange=NSE\symbol=WIPRO\part-062004_629643-021216.parquet,35838,downloaded,35838,
2026-07-17,NSE,WIPRO,raw_l2/trade_date=2026-07-17/exchange=NSE/symbol=WIPRO/part-064417_645087-024512.parquet,real_data_sample\l2_unseen_validation\trade_date=2026-07-17\exchange=NSE\symbol=WIPRO\part-064417_645087-024512.parquet,35405,downloaded,35405,
2026-07-17,NSE,WIPRO,raw_l2/trade_date=2026-07-17/exchange=NSE/symbol=WIPRO/part-064718_084463-024928.parquet,real_data_sample\l2_unseen_validation\trade_date=2026-07-17\exchange=NSE\symbol=WIPRO\part-064718_084463-024928.parquet,34758,downloaded,34758,
2026-07-17,NSE,WIPRO,raw_l2/trade_date=2026-07-17/exchange=NSE/symbol=WIPRO/part-062130_800445-021408.parquet,real_data_sample\l2_unseen_validation\trade_date=2026-07-17\exchange=NSE\symbol=WIPRO\part-062130_800445-021408.parquet,36542,downloaded,36542,
2026-07-17,NSE,WIPRO,raw_l2/trade_date=2026-07-17/exchange=NSE/symbol=WIPRO/part-062213_346636-021504.parquet,real_data_sample\l2_unseen_validation\trade_date=2026-07-17\exchange=NSE\symbol=WIPRO\part-062213_346636-021504.parquet,35834,downloaded,35834,
2026-07-17,NSE,WIPRO,raw_l2/trade_date=2026-07-17/exchange=NSE/symbol=WIPRO/part-062227_633974-021536.parquet,real_data_sample\l2_unseen_validation\trade_date=2026-07-17\exchange=NSE\symbol=WIPRO\part-062227_633974-021536.parquet,35979,downloaded,35979,
2026-07-17,NSE,WIPRO,raw_l2/trade_date=2026-07-17/exchange=NSE/symbol=WIPRO/part-061853_279128-021056.parquet,real_data_sample\l2_unseen_validation\trade_date=2026-07-17\exchange=NSE\symbol=WIPRO\part-061853_279128-021056.parquet,35873,downloaded,35873,
2026-07-17,NSE,WIPRO,raw_l2/trade_date=2026-07-17/exchange=NSE/symbol=WIPRO/part-061936_242029-021152.parquet,real_data_sample\l2_unseen_validation\trade_date=2026-07-17\exchange=NSE\symbol=WIPRO\part-061936_242029-021152.parquet,35921,downloaded,35921,
2026-07-17,NSE,WIPRO,raw_l2/trade_date=2026-07-17/exchange=NSE/symbol=WIPRO/part-065100_486044-025440.parquet,real_data_sample\l2_unseen_validation\trade_date=2026-07-17\exchange=NSE\symbol=WIPRO\part-065100_486044-025440.parquet,34604,downloaded,34604,
2026-07-17,NSE,WIPRO,raw_l2/trade_date=2026-07-17/exchange=NSE/symbol=WIPRO/part-065032_403101-025376.parquet,real_data_sample\l2_unseen_validation\trade_date=2026-07-17\exchange=NSE\symbol=WIPRO\part-065032_403101-025376.parquet,34865,downloaded,34865,
2026-07-17,NSE,WIPRO,raw_l2/trade_date=2026-07-17/exchange=NSE/symbol=WIPRO/part-065046_675904-025408.parquet,real_data_sample\l2_unseen_validation\trade_date=2026-07-17\exchange=NSE\symbol=WIPRO\part-065046_675904-025408.parquet,34796,downloaded,34796,
2026-07-17,NSE,WIPRO,raw_l2/trade_date=2026-07-17/exchange=NSE/symbol=WIPRO/part-065018_520489-025344.parquet,real_data_sample\l2_unseen_validation\trade_date=2026-07-17\exchange=NSE\symbol=WIPRO\part-065018_520489-025344.parquet,34705,downloaded,34705,
2026-07-17,NSE,WIPRO,raw_l2/trade_date=2026-07-17/exchange=NSE/symbol=WIPRO/part-064745_813407-024992.parquet,real_data_sample\l2_unseen_validation\trade_date=2026-07-17\exchange=NSE\symbol=WIPRO\part-064745_813407-024992.parquet,34813,downloaded,34813,
2026-07-17,NSE,WIPRO,raw_l2/trade_date=2026-07-17/exchange=NSE/symbol=WIPRO/part-064827_436609-025088.parquet,real_data_sample\l2_unseen_validation\trade_date=2026-07-17\exchange=NSE\symbol=WIPRO\part-064827_436609-025088.parquet,34615,downloaded,34615,
2026-07-17,NSE,WIPRO,raw_l2/trade_date=2026-07-17/exchange=NSE/symbol=WIPRO/part-065513_460464-026016.parquet,real_data_sample\l2_unseen_validation\trade_date=2026-07-17\exchange=NSE\symbol=WIPRO\part-065513_460464-026016.parquet,36046,downloaded,36046,
2026-07-17,NSE,WIPRO,raw_l2/trade_date=2026-07-17/exchange=NSE/symbol=WIPRO/part-065459_384291-025984.parquet,real_data_sample\l2_unseen_validation\trade_date=2026-07-17\exchange=NSE\symbol=WIPRO\part-065459_384291-025984.parquet,35849,downloaded,35849,
2026-07-17,NSE,WIPRO,raw_l2/trade_date=2026-07-17/exchange=NSE/symbol=WIPRO/part-065431_334487-025920.parquet,real_data_sample\l2_unseen_validation\trade_date=2026-07-17\exchange=NSE\symbol=WIPRO\part-065431_334487-025920.parquet,36104,downloaded,36104,
2026-07-17,NSE,WIPRO,raw_l2/trade_date=2026-07-17/exchange=NSE/symbol=WIPRO/part-065555_672411-026112.parquet,real_data_sample\l2_unseen_validation\trade_date=2026-07-17\exchange=NSE\symbol=WIPRO\part-065555_672411-026112.parquet,36391,downloaded,36391,
2026-07-17,NSE,WIPRO,raw_l2/trade_date=2026-07-17/exchange=NSE/symbol=WIPRO/part-065527_671557-026048.parquet,real_data_sample\l2_unseen_validation\trade_date=2026-07-17\exchange=NSE\symbol=WIPRO\part-065527_671557-026048.parquet,35635,downloaded,35635,
2026-07-17,NSE,WIPRO,raw_l2/trade_date=2026-07-17/exchange=NSE/symbol=WIPRO/part-065541_786931-026080.parquet,real_data_sample\l2_unseen_validation\trade_date=2026-07-17\exchange=NSE\symbol=WIPRO\part-065541_786931-026080.parquet,35933,downloaded,35933,
2026-07-17,NSE,WIPRO,raw_l2/trade_date=2026-07-17/exchange=NSE/symbol=WIPRO/part-064813_559498-025056.parquet,real_data_sample\l2_unseen_validation\trade_date=2026-07-17\exchange=NSE\symbol=WIPRO\part-064813_559498-025056.parquet,34833,downloaded,34833,
2026-07-17,NSE,WIPRO,raw_l2/trade_date=2026-07-17/exchange=NSE/symbol=WIPRO/part-065417_128336-025888.parquet,real_data_sample\l2_unseen_validation\trade_date=2026-07-17\exchange=NSE\symbol=WIPRO\part-065417_128336-025888.parquet,36181,downloaded,36181,
2026-07-17,NSE,WIPRO,raw_l2/trade_date=2026-07-17/exchange=NSE/symbol=WIPRO/part-065445_137487-025952.parquet,real_data_sample\l2_unseen_validation\trade_date=2026-07-17\exchange=NSE\symbol=WIPRO\part-065445_137487-025952.parquet,35738,downloaded,35738,
2026-07-17,NSE,WIPRO,raw_l2/trade_date=2026-07-17/exchange=NSE/symbol=WIPRO/part-065609_662723-026144.parquet,real_data_sample\l2_unseen_validation\trade_date=2026-07-17\exchange=NSE\symbol=WIPRO\part-065609_662723-026144.parquet,35912,downloaded,35912,
2026-07-17,NSE,WIPRO,raw_l2/trade_date=2026-07-17/exchange=NSE/symbol=WIPRO/part-065637_684899-026208.parquet,real_data_sample\l2_unseen_validation\trade_date=2026-07-17\exchange=NSE\symbol=WIPRO\part-065637_684899-026208.parquet,35564,downloaded,35564,
2026-07-17,NSE,WIPRO,raw_l2/trade_date=2026-07-17/exchange=NSE/symbol=WIPRO/part-065705_660762-026272.parquet,real_data_sample\l2_unseen_validation\trade_date=2026-07-17\exchange=NSE\symbol=WIPRO\part-065705_660762-026272.parquet,36502,downloaded,36502,
2026-07-17,NSE,WIPRO,raw_l2/trade_date=2026-07-17/exchange=NSE/symbol=WIPRO/part-065719_789398-026304.parquet,real_data_sample\l2_unseen_validation\trade_date=2026-07-17\exchange=NSE\symbol=WIPRO\part-065719_789398-026304.parquet,35925,downloaded,35925,
2026-07-17,NSE,WIPRO,raw_l2/trade_date=2026-07-17/exchange=NSE/symbol=WIPRO/part-065651_721573-026240.parquet,real_data_sample\l2_unseen_validation\trade_date=2026-07-17\exchange=NSE\symbol=WIPRO\part-065651_721573-026240.parquet,36367,downloaded,36367,
2026-07-17,NSE,WIPRO,raw_l2/trade_date=2026-07-17/exchange=NSE/symbol=WIPRO/part-065733_823260-026336.parquet,real_data_sample\l2_unseen_validation\trade_date=2026-07-17\exchange=NSE\symbol=WIPRO\part-065733_823260-026336.parquet,35903,downloaded,35903,
2026-07-17,NSE,WIPRO,raw_l2/trade_date=2026-07-17/exchange=NSE/symbol=WIPRO/part-065747_912170-026368.parquet,real_data_sample\l2_unseen_validation\trade_date=2026-07-17\exchange=NSE\symbol=WIPRO\part-065747_912170-026368.parquet,35246,downloaded,35246,
2026-07-17,NSE,WIPRO,raw_l2/trade_date=2026-07-17/exchange=NSE/symbol=WIPRO/part-065623_772370-026176.parquet,real_data_sample\l2_unseen_validation\trade_date=2026-07-17\exchange=NSE\symbol=WIPRO\part-065623_772370-026176.parquet,36038,downloaded,36038,
2026-07-17,NSE,WIPRO,raw_l2/trade_date=2026-07-17/exchange=NSE/symbol=WIPRO/part-065913_625579-026560.parquet,real_data_sample\l2_unseen_validation\trade_date=2026-07-17\exchange=NSE\symbol=WIPRO\part-065913_625579-026560.parquet,36423,downloaded,36423,
2026-07-17,NSE,WIPRO,raw_l2/trade_date=2026-07-17/exchange=NSE/symbol=WIPRO/part-065859_412457-026528.parquet,real_data_sample\l2_unseen_validation\trade_date=2026-07-17\exchange=NSE\symbol=WIPRO\part-065859_412457-026528.parquet,35723,downloaded,35723,
2026-07-17,NSE,WIPRO,raw_l2/trade_date=2026-07-17/exchange=NSE/symbol=WIPRO/part-065928_331034-026592.parquet,real_data_sample\l2_unseen_validation\trade_date=2026-07-17\exchange=NSE\symbol=WIPRO\part-065928_331034-026592.parquet,35087,downloaded,35087,
2026-07-17,NSE,WIPRO,raw_l2/trade_date=2026-07-17/exchange=NSE/symbol=WIPRO/part-065943_019578-026624.parquet,real_data_sample\l2_unseen_validation\trade_date=2026-07-17\exchange=NSE\symbol=WIPRO\part-065943_019578-026624.parquet,34934,downloaded,34934,
2026-07-17,NSE,WIPRO,raw_l2/trade_date=2026-07-17/exchange=NSE/symbol=WIPRO/part-065957_686228-026656.parquet,real_data_sample\l2_unseen_validation\trade_date=2026-07-17\exchange=NSE\symbol=WIPRO\part-065957_686228-026656.parquet,35002,downloaded,35002,
2026-07-17,NSE,WIPRO,raw_l2/trade_date=2026-07-17/exchange=NSE/symbol=WIPRO/part-070012_424707-026688.parquet,real_data_sample\l2_unseen_validation\trade_date=2026-07-17\exchange=NSE\symbol=WIPRO\part-070012_424707-026688.parquet,34946,downloaded,34946,
2026-07-17,NSE,WIPRO,raw_l2/trade_date=2026-07-17/exchange=NSE/symbol=WIPRO/part-065816_412901-026432.parquet,real_data_sample\l2_unseen_validation\trade_date=2026-07-17\exchange=NSE\symbol=WIPRO\part-065816_412901-026432.parquet,36617,downloaded,36617,
2026-07-17,NSE,WIPRO,raw_l2/trade_date=2026-07-17/exchange=NSE/symbol=WIPRO/part-065830_902307-026464.parquet,real_data_sample\l2_unseen_validation\trade_date=2026-07-17\exchange=NSE\symbol=WIPRO\part-065830_902307-026464.parquet,35900,downloaded,35900,
2026-07-17,NSE,WIPRO,raw_l2/trade_date=2026-07-17/exchange=NSE/symbol=WIPRO/part-065802_080442-026400.parquet,real_data_sample\l2_unseen_validation\trade_date=2026-07-17\exchange=NSE\symbol=WIPRO\part-065802_080442-026400.parquet,35481,downloaded,35481,
2026-07-17,NSE,WIPRO,raw_l2/trade_date=2026-07-17/exchange=NSE/symbol=WIPRO/part-065845_115552-026496.parquet,real_data_sample\l2_unseen_validation\trade_date=2026-07-17\exchange=NSE\symbol=WIPRO\part-065845_115552-026496.parquet,35823,downloaded,35823,
2026-07-17,NSE,WIPRO,raw_l2/trade_date=2026-07-17/exchange=NSE/symbol=WIPRO/part-070041_208088-026752.parquet,real_data_sample\l2_unseen_validation\trade_date=2026-07-17\exchange=NSE\symbol=WIPRO\part-070041_208088-026752.parquet,36184,downloaded,36184,
2026-07-17,NSE,WIPRO,raw_l2/trade_date=2026-07-17/exchange=NSE/symbol=WIPRO/part-070055_664282-026784.parquet,real_data_sample\l2_unseen_validation\trade_date=2026-07-17\exchange=NSE\symbol=WIPRO\part-070055_664282-026784.parquet,36036,downloaded,36036,
2026-07-17,NSE,WIPRO,raw_l2/trade_date=2026-07-17/exchange=NSE/symbol=WIPRO/part-064759_579050-025024.parquet,real_data_sample\l2_unseen_validation\trade_date=2026-07-17\exchange=NSE\symbol=WIPRO\part-064759_579050-025024.parquet,34900,downloaded,34900,
2026-07-17,NSE,WIPRO,raw_l2/trade_date=2026-07-17/exchange=NSE/symbol=WIPRO/part-070110_694508-026816.parquet,real_data_sample\l2_unseen_validation\trade_date=2026-07-17\exchange=NSE\symbol=WIPRO\part-070110_694508-026816.parquet,36178,downloaded,36178,
2026-07-17,NSE,WIPRO,raw_l2/trade_date=2026-07-17/exchange=NSE/symbol=WIPRO/part-070125_320502-026848.parquet,real_data_sample\l2_unseen_validation\trade_date=2026-07-17\exchange=NSE\symbol=WIPRO\part-070125_320502-026848.parquet,36666,downloaded,36666,
2026-07-17,NSE,WIPRO,raw_l2/trade_date=2026-07-17/exchange=NSE/symbol=WIPRO/part-070140_348724-026880.parquet,real_data_sample\l2_unseen_validation\trade_date=2026-07-17\exchange=NSE\symbol=WIPRO\part-070140_348724-026880.parquet,35556,downloaded,35556,
2026-07-17,NSE,WIPRO,raw_l2/trade_date=2026-07-17/exchange=NSE/symbol=WIPRO/part-070155_001790-026912.parquet,real_data_sample\l2_unseen_validation\trade_date=2026-07-17\exchange=NSE\symbol=WIPRO\part-070155_001790-026912.parquet,37083,downloaded,37083,
2026-07-17,NSE,WIPRO,raw_l2/trade_date=2026-07-17/exchange=NSE/symbol=WIPRO/part-070026_737590-026720.parquet,real_data_sample\l2_unseen_validation\trade_date=2026-07-17\exchange=NSE\symbol=WIPRO\part-070026_737590-026720.parquet,35751,downloaded,35751,
2026-07-17,NSE,WIPRO,raw_l2/trade_date=2026-07-17/exchange=NSE/symbol=WIPRO/part-070253_968322-027040.parquet,real_data_sample\l2_unseen_validation\trade_date=2026-07-17\exchange=NSE\symbol=WIPRO\part-070253_968322-027040.parquet,35406,downloaded,35406,
2026-07-17,NSE,WIPRO,raw_l2/trade_date=2026-07-17/exchange=NSE/symbol=WIPRO/part-070308_732486-027072.parquet,real_data_sample\l2_unseen_validation\trade_date=2026-07-17\exchange=NSE\symbol=WIPRO\part-070308_732486-027072.parquet,36248,downloaded,36248,
2026-07-17,NSE,WIPRO,raw_l2/trade_date=2026-07-17/exchange=NSE/symbol=WIPRO/part-070323_294265-027104.parquet,real_data_sample\l2_unseen_validation\trade_date=2026-07-17\exchange=NSE\symbol=WIPRO\part-070323_294265-027104.parquet,36524,downloaded,36524,
2026-07-17,NSE,WIPRO,raw_l2/trade_date=2026-07-17/exchange=NSE/symbol=WIPRO/part-070351_854619-027168.parquet,real_data_sample\l2_unseen_validation\trade_date=2026-07-17\exchange=NSE\symbol=WIPRO\part-070351_854619-027168.parquet,35814,downloaded,35814,
2026-07-17,NSE,WIPRO,raw_l2/trade_date=2026-07-17/exchange=NSE/symbol=WIPRO/part-070406_262955-027200.parquet,real_data_sample\l2_unseen_validation\trade_date=2026-07-17\exchange=NSE\symbol=WIPRO\part-070406_262955-027200.parquet,35356,downloaded,35356,
2026-07-17,NSE,WIPRO,raw_l2/trade_date=2026-07-17/exchange=NSE/symbol=WIPRO/part-070420_419856-027232.parquet,real_data_sample\l2_unseen_validation\trade_date=2026-07-17\exchange=NSE\symbol=WIPRO\part-070420_419856-027232.parquet,36345,downloaded,36345,
2026-07-17,NSE,WIPRO,raw_l2/trade_date=2026-07-17/exchange=NSE/symbol=WIPRO/part-070209_330408-026944.parquet,real_data_sample\l2_unseen_validation\trade_date=2026-07-17\exchange=NSE\symbol=WIPRO\part-070209_330408-026944.parquet,36587,downloaded,36587,
2026-07-17,NSE,WIPRO,raw_l2/trade_date=2026-07-17/exchange=NSE/symbol=WIPRO/part-070238_818517-027008.parquet,real_data_sample\l2_unseen_validation\trade_date=2026-07-17\exchange=NSE\symbol=WIPRO\part-070238_818517-027008.parquet,36370,downloaded,36370,
2026-07-17,NSE,WIPRO,raw_l2/trade_date=2026-07-17/exchange=NSE/symbol=WIPRO/part-070224_309309-026976.parquet,real_data_sample\l2_unseen_validation\trade_date=2026-07-17\exchange=NSE\symbol=WIPRO\part-070224_309309-026976.parquet,36651,downloaded,36651,
2026-07-17,NSE,WIPRO,raw_l2/trade_date=2026-07-17/exchange=NSE/symbol=WIPRO/part-070434_606404-027264.parquet,real_data_sample\l2_unseen_validation\trade_date=2026-07-17\exchange=NSE\symbol=WIPRO\part-070434_606404-027264.parquet,35994,downloaded,35994,
2026-07-17,NSE,WIPRO,raw_l2/trade_date=2026-07-17/exchange=NSE/symbol=WIPRO/part-070503_747894-027328.parquet,real_data_sample\l2_unseen_validation\trade_date=2026-07-17\exchange=NSE\symbol=WIPRO\part-070503_747894-027328.parquet,35772,downloaded,35772,
2026-07-17,NSE,WIPRO,raw_l2/trade_date=2026-07-17/exchange=NSE/symbol=WIPRO/part-070518_086468-027360.parquet,real_data_sample\l2_unseen_validation\trade_date=2026-07-17\exchange=NSE\symbol=WIPRO\part-070518_086468-027360.parquet,35819,downloaded,35819,
2026-07-17,NSE,WIPRO,raw_l2/trade_date=2026-07-17/exchange=NSE/symbol=WIPRO/part-065403_133476-025856.parquet,real_data_sample\l2_unseen_validation\trade_date=2026-07-17\exchange=NSE\symbol=WIPRO\part-065403_133476-025856.parquet,35800,downloaded,35800,
2026-07-17,NSE,WIPRO,raw_l2/trade_date=2026-07-17/exchange=NSE/symbol=WIPRO/part-065239_025123-025664.parquet,real_data_sample\l2_unseen_validation\trade_date=2026-07-17\exchange=NSE\symbol=WIPRO\part-065239_025123-025664.parquet,35472,downloaded,35472,
2026-07-17,NSE,WIPRO,raw_l2/trade_date=2026-07-17/exchange=NSE/symbol=WIPRO/part-065156_671674-025568.parquet,real_data_sample\l2_unseen_validation\trade_date=2026-07-17\exchange=NSE\symbol=WIPRO\part-065156_671674-025568.parquet,34752,downloaded,34752,
2026-07-17,NSE,WIPRO,raw_l2/trade_date=2026-07-17/exchange=NSE/symbol=WIPRO/part-064922_797361-025216.parquet,real_data_sample\l2_unseen_validation\trade_date=2026-07-17\exchange=NSE\symbol=WIPRO\part-064922_797361-025216.parquet,34725,downloaded,34725,
2026-07-17,NSE,WIPRO,raw_l2/trade_date=2026-07-17/exchange=NSE/symbol=WIPRO/part-064841_308774-025120.parquet,real_data_sample\l2_unseen_validation\trade_date=2026-07-17\exchange=NSE\symbol=WIPRO\part-064841_308774-025120.parquet,34644,downloaded,34644,
2026-07-17,NSE,WIPRO,raw_l2/trade_date=2026-07-17/exchange=NSE/symbol=WIPRO/part-064854_995760-025152.parquet,real_data_sample\l2_unseen_validation\trade_date=2026-07-17\exchange=NSE\symbol=WIPRO\part-064854_995760-025152.parquet,34785,downloaded,34785,
2026-07-17,NSE,WIPRO,raw_l2/trade_date=2026-07-17/exchange=NSE/symbol=WIPRO/part-065128_772703-025504.parquet,real_data_sample\l2_unseen_validation\trade_date=2026-07-17\exchange=NSE\symbol=WIPRO\part-065128_772703-025504.parquet,34954,downloaded,34954,
2026-07-17,NSE,WIPRO,raw_l2/trade_date=2026-07-17/exchange=NSE/symbol=WIPRO/part-065142_612955-025536.parquet,real_data_sample\l2_unseen_validation\trade_date=2026-07-17\exchange=NSE\symbol=WIPRO\part-065142_612955-025536.parquet,34961,downloaded,34961,
2026-07-17,NSE,WIPRO,raw_l2/trade_date=2026-07-17/exchange=NSE/symbol=WIPRO/part-070532_736586-027392.parquet,real_data_sample\l2_unseen_validation\trade_date=2026-07-17\exchange=NSE\symbol=WIPRO\part-070532_736586-027392.parquet,36388,downloaded,36388,
2026-07-17,NSE,WIPRO,raw_l2/trade_date=2026-07-17/exchange=NSE/symbol=WIPRO/part-065307_222381-025728.parquet,real_data_sample\l2_unseen_validation\trade_date=2026-07-17\exchange=NSE\symbol=WIPRO\part-065307_222381-025728.parquet,35749,downloaded,35749,
2026-07-17,NSE,WIPRO,raw_l2/trade_date=2026-07-17/exchange=NSE/symbol=WIPRO/part-064950_713641-025280.parquet,real_data_sample\l2_unseen_validation\trade_date=2026-07-17\exchange=NSE\symbol=WIPRO\part-064950_713641-025280.parquet,34835,downloaded,34835,
2026-07-17,NSE,WIPRO,raw_l2/trade_date=2026-07-17/exchange=NSE/symbol=WIPRO/part-070547_012610-027424.parquet,real_data_sample\l2_unseen_validation\trade_date=2026-07-17\exchange=NSE\symbol=WIPRO\part-070547_012610-027424.parquet,36427,downloaded,36427,
2026-07-17,NSE,WIPRO,raw_l2/trade_date=2026-07-17/exchange=NSE/symbol=WIPRO/part-065335_093157-025792.parquet,real_data_sample\l2_unseen_validation\trade_date=2026-07-17\exchange=NSE\symbol=WIPRO\part-065335_093157-025792.parquet,35631,downloaded,35631,
2026-07-17,NSE,WIPRO,raw_l2/trade_date=2026-07-17/exchange=NSE/symbol=WIPRO/part-070601_479293-027456.parquet,real_data_sample\l2_unseen_validation\trade_date=2026-07-17\exchange=NSE\symbol=WIPRO\part-070601_479293-027456.parquet,36425,downloaded,36425,
2026-07-17,NSE,WIPRO,raw_l2/trade_date=2026-07-17/exchange=NSE/symbol=WIPRO/part-070615_627967-027488.parquet,real_data_sample\l2_unseen_validation\trade_date=2026-07-17\exchange=NSE\symbol=WIPRO\part-070615_627967-027488.parquet,35475,downloaded,35475,
2026-07-17,NSE,WIPRO,raw_l2/trade_date=2026-07-17/exchange=NSE/symbol=WIPRO/part-064908_908348-025184.parquet,real_data_sample\l2_unseen_validation\trade_date=2026-07-17\exchange=NSE\symbol=WIPRO\part-064908_908348-025184.parquet,34945,downloaded,34945,
2026-07-17,NSE,WIPRO,raw_l2/trade_date=2026-07-17/exchange=NSE/symbol=WIPRO/part-064936_603447-025248.parquet,real_data_sample\l2_unseen_validation\trade_date=2026-07-17\exchange=NSE\symbol=WIPRO\part-064936_603447-025248.parquet,34798,downloaded,34798,
2026-07-17,NSE,WIPRO,raw_l2/trade_date=2026-07-17/exchange=NSE/symbol=WIPRO/part-070448_875588-027296.parquet,real_data_sample\l2_unseen_validation\trade_date=2026-07-17\exchange=NSE\symbol=WIPRO\part-070448_875588-027296.parquet,35857,downloaded,35857,
2026-07-17,NSE,WIPRO,raw_l2/trade_date=2026-07-17/exchange=NSE/symbol=WIPRO/part-065210_907135-025600.parquet,real_data_sample\l2_unseen_validation\trade_date=2026-07-17\exchange=NSE\symbol=WIPRO\part-065210_907135-025600.parquet,34952,downloaded,34952,
2026-07-17,NSE,WIPRO,raw_l2/trade_date=2026-07-17/exchange=NSE/symbol=WIPRO/part-065004_683590-025312.parquet,real_data_sample\l2_unseen_validation\trade_date=2026-07-17\exchange=NSE\symbol=WIPRO\part-065004_683590-025312.parquet,34831,downloaded,34831,
2026-07-17,NSE,WIPRO,raw_l2/trade_date=2026-07-17/exchange=NSE/symbol=WIPRO/part-065348_871651-025824.parquet,real_data_sample\l2_unseen_validation\trade_date=2026-07-17\exchange=NSE\symbol=WIPRO\part-065348_871651-025824.parquet,35961,downloaded,35961,
2026-07-17,NSE,WIPRO,raw_l2/trade_date=2026-07-17/exchange=NSE/symbol=WIPRO/part-070712_920974-027616.parquet,real_data_sample\l2_unseen_validation\trade_date=2026-07-17\exchange=NSE\symbol=WIPRO\part-070712_920974-027616.parquet,35808,downloaded,35808,
2026-07-17,NSE,WIPRO,raw_l2/trade_date=2026-07-17/exchange=NSE/symbol=WIPRO/part-065321_294966-025760.parquet,real_data_sample\l2_unseen_validation\trade_date=2026-07-17\exchange=NSE\symbol=WIPRO\part-065321_294966-025760.parquet,35923,downloaded,35923,
2026-07-17,NSE,WIPRO,raw_l2/trade_date=2026-07-17/exchange=NSE/symbol=WIPRO/part-065114_698724-025472.parquet,real_data_sample\l2_unseen_validation\trade_date=2026-07-17\exchange=NSE\symbol=WIPRO\part-065114_698724-025472.parquet,34821,downloaded,34821,
2026-07-17,NSE,WIPRO,raw_l2/trade_date=2026-07-17/exchange=NSE/symbol=WIPRO/part-065224_903615-025632.parquet,real_data_sample\l2_unseen_validation\trade_date=2026-07-17\exchange=NSE\symbol=WIPRO\part-065224_903615-025632.parquet,35682,downloaded,35682,
2026-07-17,NSE,WIPRO,raw_l2/trade_date=2026-07-17/exchange=NSE/symbol=WIPRO/part-065253_269121-025696.parquet,real_data_sample\l2_unseen_validation\trade_date=2026-07-17\exchange=NSE\symbol=WIPRO\part-065253_269121-025696.parquet,36407,downloaded,36407,
2026-07-17,NSE,WIPRO,raw_l2/trade_date=2026-07-17/exchange=NSE/symbol=WIPRO/part-070741_340311-027680.parquet,real_data_sample\l2_unseen_validation\trade_date=2026-07-17\exchange=NSE\symbol=WIPRO\part-070741_340311-027680.parquet,35520,downloaded,35520,
2026-07-17,NSE,WIPRO,raw_l2/trade_date=2026-07-17/exchange=NSE/symbol=WIPRO/part-070727_152677-027648.parquet,real_data_sample\l2_unseen_validation\trade_date=2026-07-17\exchange=NSE\symbol=WIPRO\part-070727_152677-027648.parquet,36178,downloaded,36178,
2026-07-17,NSE,WIPRO,raw_l2/trade_date=2026-07-17/exchange=NSE/symbol=WIPRO/part-070852_457478-027840.parquet,real_data_sample\l2_unseen_validation\trade_date=2026-07-17\exchange=NSE\symbol=WIPRO\part-070852_457478-027840.parquet,35484,downloaded,35484,
2026-07-17,NSE,WIPRO,raw_l2/trade_date=2026-07-17/exchange=NSE/symbol=WIPRO/part-070838_157154-027808.parquet,real_data_sample\l2_unseen_validation\trade_date=2026-07-17\exchange=NSE\symbol=WIPRO\part-070838_157154-027808.parquet,36017,downloaded,36017,
2026-07-17,NSE,WIPRO,raw_l2/trade_date=2026-07-17/exchange=NSE/symbol=WIPRO/part-070906_878959-027872.parquet,real_data_sample\l2_unseen_validation\trade_date=2026-07-17\exchange=NSE\symbol=WIPRO\part-070906_878959-027872.parquet,35757,downloaded,35757,
2026-07-17,NSE,WIPRO,raw_l2/trade_date=2026-07-17/exchange=NSE/symbol=WIPRO/part-070809_497766-027744.parquet,real_data_sample\l2_unseen_validation\trade_date=2026-07-17\exchange=NSE\symbol=WIPRO\part-070809_497766-027744.parquet,35784,downloaded,35784,
2026-07-17,NSE,WIPRO,raw_l2/trade_date=2026-07-17/exchange=NSE/symbol=WIPRO/part-070630_123162-027520.parquet,real_data_sample\l2_unseen_validation\trade_date=2026-07-17\exchange=NSE\symbol=WIPRO\part-070630_123162-027520.parquet,35520,downloaded,35520,
2026-07-17,NSE,WIPRO,raw_l2/trade_date=2026-07-17/exchange=NSE/symbol=WIPRO/part-070950_504405-027968.parquet,real_data_sample\l2_unseen_validation\trade_date=2026-07-17\exchange=NSE\symbol=WIPRO\part-070950_504405-027968.parquet,35987,downloaded,35987,
2026-07-17,NSE,WIPRO,raw_l2/trade_date=2026-07-17/exchange=NSE/symbol=WIPRO/part-071004_590372-028000.parquet,real_data_sample\l2_unseen_validation\trade_date=2026-07-17\exchange=NSE\symbol=WIPRO\part-071004_590372-028000.parquet,35389,downloaded,35389,
2026-07-17,NSE,WIPRO,raw_l2/trade_date=2026-07-17/exchange=NSE/symbol=WIPRO/part-071032_831153-028064.parquet,real_data_sample\l2_unseen_validation\trade_date=2026-07-17\exchange=NSE\symbol=WIPRO\part-071032_831153-028064.parquet,36013,downloaded,36013,
2026-07-17,NSE,WIPRO,raw_l2/trade_date=2026-07-17/exchange=NSE/symbol=WIPRO/part-071018_840209-028032.parquet,real_data_sample\l2_unseen_validation\trade_date=2026-07-17\exchange=NSE\symbol=WIPRO\part-071018_840209-028032.parquet,35738,downloaded,35738,
2026-07-17,NSE,WIPRO,raw_l2/trade_date=2026-07-17/exchange=NSE/symbol=WIPRO/part-071116_442067-028160.parquet,real_data_sample\l2_unseen_validation\trade_date=2026-07-17\exchange=NSE\symbol=WIPRO\part-071116_442067-028160.parquet,36078,downloaded,36078,
2026-07-17,NSE,WIPRO,raw_l2/trade_date=2026-07-17/exchange=NSE/symbol=WIPRO/part-071101_931895-028128.parquet,real_data_sample\l2_unseen_validation\trade_date=2026-07-17\exchange=NSE\symbol=WIPRO\part-071101_931895-028128.parquet,35827,downloaded,35827,
2026-07-17,NSE,WIPRO,raw_l2/trade_date=2026-07-17/exchange=NSE/symbol=WIPRO/part-071047_435528-028096.parquet,real_data_sample\l2_unseen_validation\trade_date=2026-07-17\exchange=NSE\symbol=WIPRO\part-071047_435528-028096.parquet,35761,downloaded,35761,
2026-07-17,NSE,WIPRO,raw_l2/trade_date=2026-07-17/exchange=NSE/symbol=WIPRO/part-070658_660008-027584.parquet,real_data_sample\l2_unseen_validation\trade_date=2026-07-17\exchange=NSE\symbol=WIPRO\part-070658_660008-027584.parquet,36268,downloaded,36268,
2026-07-17,NSE,WIPRO,raw_l2/trade_date=2026-07-17/exchange=NSE/symbol=WIPRO/part-071131_087564-028192.parquet,real_data_sample\l2_unseen_validation\trade_date=2026-07-17\exchange=NSE\symbol=WIPRO\part-071131_087564-028192.parquet,35774,downloaded,35774,
2026-07-17,NSE,WIPRO,raw_l2/trade_date=2026-07-17/exchange=NSE/symbol=WIPRO/part-071145_747437-028224.parquet,real_data_sample\l2_unseen_validation\trade_date=2026-07-17\exchange=NSE\symbol=WIPRO\part-071145_747437-028224.parquet,35715,downloaded,35715,
2026-07-17,NSE,WIPRO,raw_l2/trade_date=2026-07-17/exchange=NSE/symbol=WIPRO/part-071229_083281-028320.parquet,real_data_sample\l2_unseen_validation\trade_date=2026-07-17\exchange=NSE\symbol=WIPRO\part-071229_083281-028320.parquet,34872,downloaded,34872,
2026-07-17,NSE,WIPRO,raw_l2/trade_date=2026-07-17/exchange=NSE/symbol=WIPRO/part-071311_977242-028416.parquet,real_data_sample\l2_unseen_validation\trade_date=2026-07-17\exchange=NSE\symbol=WIPRO\part-071311_977242-028416.parquet,34513,downloaded,34513,
2026-07-17,NSE,WIPRO,raw_l2/trade_date=2026-07-17/exchange=NSE/symbol=WIPRO/part-070644_408398-027552.parquet,real_data_sample\l2_unseen_validation\trade_date=2026-07-17\exchange=NSE\symbol=WIPRO\part-070644_408398-027552.parquet,36309,downloaded,36309,
2026-07-17,NSE,WIPRO,raw_l2/trade_date=2026-07-17/exchange=NSE/symbol=WIPRO/part-071257_697335-028384.parquet,real_data_sample\l2_unseen_validation\trade_date=2026-07-17\exchange=NSE\symbol=WIPRO\part-071257_697335-028384.parquet,34816,downloaded,34816,
2026-07-17,NSE,WIPRO,raw_l2/trade_date=2026-07-17/exchange=NSE/symbol=WIPRO/part-071243_469612-028352.parquet,real_data_sample\l2_unseen_validation\trade_date=2026-07-17\exchange=NSE\symbol=WIPRO\part-071243_469612-028352.parquet,34840,downloaded,34840,
2026-07-17,NSE,WIPRO,raw_l2/trade_date=2026-07-17/exchange=NSE/symbol=WIPRO/part-071326_201273-028448.parquet,real_data_sample\l2_unseen_validation\trade_date=2026-07-17\exchange=NSE\symbol=WIPRO\part-071326_201273-028448.parquet,34798,downloaded,34798,
2026-07-17,NSE,WIPRO,raw_l2/trade_date=2026-07-17/exchange=NSE/symbol=WIPRO/part-071340_697206-028480.parquet,real_data_sample\l2_unseen_validation\trade_date=2026-07-17\exchange=NSE\symbol=WIPRO\part-071340_697206-028480.parquet,34898,downloaded,34898,
2026-07-17,NSE,WIPRO,raw_l2/trade_date=2026-07-17/exchange=NSE/symbol=WIPRO/part-071409_243793-028544.parquet,real_data_sample\l2_unseen_validation\trade_date=2026-07-17\exchange=NSE\symbol=WIPRO\part-071409_243793-028544.parquet,34925,downloaded,34925,
2026-07-17,NSE,WIPRO,raw_l2/trade_date=2026-07-17/exchange=NSE/symbol=WIPRO/part-071423_468193-028576.parquet,real_data_sample\l2_unseen_validation\trade_date=2026-07-17\exchange=NSE\symbol=WIPRO\part-071423_468193-028576.parquet,35523,downloaded,35523,
2026-07-17,NSE,WIPRO,raw_l2/trade_date=2026-07-17/exchange=NSE/symbol=WIPRO/part-071354_925430-028512.parquet,real_data_sample\l2_unseen_validation\trade_date=2026-07-17\exchange=NSE\symbol=WIPRO\part-071354_925430-028512.parquet,34752,downloaded,34752,
2026-07-17,NSE,WIPRO,raw_l2/trade_date=2026-07-17/exchange=NSE/symbol=WIPRO/part-070337_562885-027136.parquet,real_data_sample\l2_unseen_validation\trade_date=2026-07-17\exchange=NSE\symbol=WIPRO\part-070337_562885-027136.parquet,36663,downloaded,36663,
2026-07-17,NSE,WIPRO,raw_l2/trade_date=2026-07-17/exchange=NSE/symbol=WIPRO/part-070823_621662-027776.parquet,real_data_sample\l2_unseen_validation\trade_date=2026-07-17\exchange=NSE\symbol=WIPRO\part-070823_621662-027776.parquet,35966,downloaded,35966,
2026-07-17,NSE,WIPRO,raw_l2/trade_date=2026-07-17/exchange=NSE/symbol=WIPRO/part-070935_911433-027936.parquet,real_data_sample\l2_unseen_validation\trade_date=2026-07-17\exchange=NSE\symbol=WIPRO\part-070935_911433-027936.parquet,36141,downloaded,36141,
2026-07-17,NSE,WIPRO,raw_l2/trade_date=2026-07-17/exchange=NSE/symbol=WIPRO/part-070921_230066-027904.parquet,real_data_sample\l2_unseen_validation\trade_date=2026-07-17\exchange=NSE\symbol=WIPRO\part-070921_230066-027904.parquet,35885,downloaded,35885,
2026-07-17,NSE,WIPRO,raw_l2/trade_date=2026-07-17/exchange=NSE/symbol=WIPRO/part-071521_054757-028704.parquet,real_data_sample\l2_unseen_validation\trade_date=2026-07-17\exchange=NSE\symbol=WIPRO\part-071521_054757-028704.parquet,35019,downloaded,35019,
2026-07-17,NSE,WIPRO,raw_l2/trade_date=2026-07-17/exchange=NSE/symbol=WIPRO/part-071452_169661-028640.parquet,real_data_sample\l2_unseen_validation\trade_date=2026-07-17\exchange=NSE\symbol=WIPRO\part-071452_169661-028640.parquet,36073,downloaded,36073,
2026-07-17,NSE,WIPRO,raw_l2/trade_date=2026-07-17/exchange=NSE/symbol=WIPRO/part-071437_743160-028608.parquet,real_data_sample\l2_unseen_validation\trade_date=2026-07-17\exchange=NSE\symbol=WIPRO\part-071437_743160-028608.parquet,35861,downloaded,35861,
2026-07-17,NSE,WIPRO,raw_l2/trade_date=2026-07-17/exchange=NSE/symbol=WIPRO/part-071506_700589-028672.parquet,real_data_sample\l2_unseen_validation\trade_date=2026-07-17\exchange=NSE\symbol=WIPRO\part-071506_700589-028672.parquet,36210,downloaded,36210,
2026-07-17,NSE,WIPRO,raw_l2/trade_date=2026-07-17/exchange=NSE/symbol=WIPRO/part-071200_138851-028256.parquet,real_data_sample\l2_unseen_validation\trade_date=2026-07-17\exchange=NSE\symbol=WIPRO\part-071200_138851-028256.parquet,35658,downloaded,35658,
2026-07-17,NSE,WIPRO,raw_l2/trade_date=2026-07-17/exchange=NSE/symbol=WIPRO/part-071550_001720-028768.parquet,real_data_sample\l2_unseen_validation\trade_date=2026-07-17\exchange=NSE\symbol=WIPRO\part-071550_001720-028768.parquet,34937,downloaded,34937,
2026-07-17,NSE,WIPRO,raw_l2/trade_date=2026-07-17/exchange=NSE/symbol=WIPRO/part-071618_348134-028832.parquet,real_data_sample\l2_unseen_validation\trade_date=2026-07-17\exchange=NSE\symbol=WIPRO\part-071618_348134-028832.parquet,35091,downloaded,35091,
2026-07-17,NSE,WIPRO,raw_l2/trade_date=2026-07-17/exchange=NSE/symbol=WIPRO/part-071632_633083-028864.parquet,real_data_sample\l2_unseen_validation\trade_date=2026-07-17\exchange=NSE\symbol=WIPRO\part-071632_633083-028864.parquet,35668,downloaded,35668,
2026-07-17,NSE,WIPRO,raw_l2/trade_date=2026-07-17/exchange=NSE/symbol=WIPRO/part-071701_048575-028928.parquet,real_data_sample\l2_unseen_validation\trade_date=2026-07-17\exchange=NSE\symbol=WIPRO\part-071701_048575-028928.parquet,36268,downloaded,36268,
2026-07-17,NSE,WIPRO,raw_l2/trade_date=2026-07-17/exchange=NSE/symbol=WIPRO/part-071604_163600-028800.parquet,real_data_sample\l2_unseen_validation\trade_date=2026-07-17\exchange=NSE\symbol=WIPRO\part-071604_163600-028800.parquet,34900,downloaded,34900,
2026-07-17,NSE,WIPRO,raw_l2/trade_date=2026-07-17/exchange=NSE/symbol=WIPRO/part-071743_617235-029024.parquet,real_data_sample\l2_unseen_validation\trade_date=2026-07-17\exchange=NSE\symbol=WIPRO\part-071743_617235-029024.parquet,36371,downloaded,36371,
2026-07-17,NSE,WIPRO,raw_l2/trade_date=2026-07-17/exchange=NSE/symbol=WIPRO/part-071646_915124-028896.parquet,real_data_sample\l2_unseen_validation\trade_date=2026-07-17\exchange=NSE\symbol=WIPRO\part-071646_915124-028896.parquet,35561,downloaded,35561,
2026-07-17,NSE,WIPRO,raw_l2/trade_date=2026-07-17/exchange=NSE/symbol=WIPRO/part-071715_316832-028960.parquet,real_data_sample\l2_unseen_validation\trade_date=2026-07-17\exchange=NSE\symbol=WIPRO\part-071715_316832-028960.parquet,36077,downloaded,36077,
2026-07-17,NSE,WIPRO,raw_l2/trade_date=2026-07-17/exchange=NSE/symbol=WIPRO/part-071214_708935-028288.parquet,real_data_sample\l2_unseen_validation\trade_date=2026-07-17\exchange=NSE\symbol=WIPRO\part-071214_708935-028288.parquet,35729,downloaded,35729,
2026-07-17,NSE,WIPRO,raw_l2/trade_date=2026-07-17/exchange=NSE/symbol=WIPRO/part-071826_662883-029120.parquet,real_data_sample\l2_unseen_validation\trade_date=2026-07-17\exchange=NSE\symbol=WIPRO\part-071826_662883-029120.parquet,35743,downloaded,35743,
2026-07-17,NSE,WIPRO,raw_l2/trade_date=2026-07-17/exchange=NSE/symbol=WIPRO/part-071757_847905-029056.parquet,real_data_sample\l2_unseen_validation\trade_date=2026-07-17\exchange=NSE\symbol=WIPRO\part-071757_847905-029056.parquet,36041,downloaded,36041,
2026-07-17,NSE,WIPRO,raw_l2/trade_date=2026-07-17/exchange=NSE/symbol=WIPRO/part-071812_413363-029088.parquet,real_data_sample\l2_unseen_validation\trade_date=2026-07-17\exchange=NSE\symbol=WIPRO\part-071812_413363-029088.parquet,35995,downloaded,35995,
2026-07-17,NSE,WIPRO,raw_l2/trade_date=2026-07-17/exchange=NSE/symbol=WIPRO/part-071856_631285-029184.parquet,real_data_sample\l2_unseen_validation\trade_date=2026-07-17\exchange=NSE\symbol=WIPRO\part-071856_631285-029184.parquet,35935,downloaded,35935,
2026-07-17,NSE,WIPRO,raw_l2/trade_date=2026-07-17/exchange=NSE/symbol=WIPRO/part-072007_914512-029344.parquet,real_data_sample\l2_unseen_validation\trade_date=2026-07-17\exchange=NSE\symbol=WIPRO\part-072007_914512-029344.parquet,36056,downloaded,36056,
2026-07-17,NSE,WIPRO,raw_l2/trade_date=2026-07-17/exchange=NSE/symbol=WIPRO/part-071953_575674-029312.parquet,real_data_sample\l2_unseen_validation\trade_date=2026-07-17\exchange=NSE\symbol=WIPRO\part-071953_575674-029312.parquet,35753,downloaded,35753,
2026-07-17,NSE,WIPRO,raw_l2/trade_date=2026-07-17/exchange=NSE/symbol=WIPRO/part-071925_255374-029248.parquet,real_data_sample\l2_unseen_validation\trade_date=2026-07-17\exchange=NSE\symbol=WIPRO\part-071925_255374-029248.parquet,35282,downloaded,35282,
2026-07-17,NSE,WIPRO,raw_l2/trade_date=2026-07-17/exchange=NSE/symbol=WIPRO/part-071939_466343-029280.parquet,real_data_sample\l2_unseen_validation\trade_date=2026-07-17\exchange=NSE\symbol=WIPRO\part-071939_466343-029280.parquet,35599,downloaded,35599,
2026-07-17,NSE,WIPRO,raw_l2/trade_date=2026-07-17/exchange=NSE/symbol=WIPRO/part-071910_794490-029216.parquet,real_data_sample\l2_unseen_validation\trade_date=2026-07-17\exchange=NSE\symbol=WIPRO\part-071910_794490-029216.parquet,35949,downloaded,35949,
2026-07-17,NSE,WIPRO,raw_l2/trade_date=2026-07-17/exchange=NSE/symbol=WIPRO/part-072022_217389-029376.parquet,real_data_sample\l2_unseen_validation\trade_date=2026-07-17\exchange=NSE\symbol=WIPRO\part-072022_217389-029376.parquet,35808,downloaded,35808,
2026-07-17,NSE,WIPRO,raw_l2/trade_date=2026-07-17/exchange=NSE/symbol=WIPRO/part-071535_418208-028736.parquet,real_data_sample\l2_unseen_validation\trade_date=2026-07-17\exchange=NSE\symbol=WIPRO\part-071535_418208-028736.parquet,34896,downloaded,34896,
2026-07-17,NSE,WIPRO,raw_l2/trade_date=2026-07-17/exchange=NSE/symbol=WIPRO/part-072133_219438-029536.parquet,real_data_sample\l2_unseen_validation\trade_date=2026-07-17\exchange=NSE\symbol=WIPRO\part-072133_219438-029536.parquet,35897,downloaded,35897,
2026-07-17,NSE,WIPRO,raw_l2/trade_date=2026-07-17/exchange=NSE/symbol=WIPRO/part-072147_194464-029568.parquet,real_data_sample\l2_unseen_validation\trade_date=2026-07-17\exchange=NSE\symbol=WIPRO\part-072147_194464-029568.parquet,36173,downloaded,36173,
2026-07-17,NSE,WIPRO,raw_l2/trade_date=2026-07-17/exchange=NSE/symbol=WIPRO/part-072202_296197-029600.parquet,real_data_sample\l2_unseen_validation\trade_date=2026-07-17\exchange=NSE\symbol=WIPRO\part-072202_296197-029600.parquet,35515,downloaded,35515,
2026-07-17,NSE,WIPRO,raw_l2/trade_date=2026-07-17/exchange=NSE/symbol=WIPRO/part-071729_350671-028992.parquet,real_data_sample\l2_unseen_validation\trade_date=2026-07-17\exchange=NSE\symbol=WIPRO\part-071729_350671-028992.parquet,36113,downloaded,36113,
2026-07-17,NSE,WIPRO,raw_l2/trade_date=2026-07-17/exchange=NSE/symbol=WIPRO/part-072356_216549-029856.parquet,real_data_sample\l2_unseen_validation\trade_date=2026-07-17\exchange=NSE\symbol=WIPRO\part-072356_216549-029856.parquet,35114,downloaded,35114,
2026-07-17,NSE,WIPRO,raw_l2/trade_date=2026-07-17/exchange=NSE/symbol=WIPRO/part-072216_327479-029632.parquet,real_data_sample\l2_unseen_validation\trade_date=2026-07-17\exchange=NSE\symbol=WIPRO\part-072216_327479-029632.parquet,35591,downloaded,35591,
2026-07-17,NSE,WIPRO,raw_l2/trade_date=2026-07-17/exchange=NSE/symbol=WIPRO/part-072244_740726-029696.parquet,real_data_sample\l2_unseen_validation\trade_date=2026-07-17\exchange=NSE\symbol=WIPRO\part-072244_740726-029696.parquet,35939,downloaded,35939,
2026-07-17,NSE,WIPRO,raw_l2/trade_date=2026-07-17/exchange=NSE/symbol=WIPRO/part-072342_011650-029824.parquet,real_data_sample\l2_unseen_validation\trade_date=2026-07-17\exchange=NSE\symbol=WIPRO\part-072342_011650-029824.parquet,34936,downloaded,34936,
2026-07-17,NSE,WIPRO,raw_l2/trade_date=2026-07-17/exchange=NSE/symbol=WIPRO/part-072424_615566-029920.parquet,real_data_sample\l2_unseen_validation\trade_date=2026-07-17\exchange=NSE\symbol=WIPRO\part-072424_615566-029920.parquet,35938,downloaded,35938,
2026-07-17,NSE,WIPRO,raw_l2/trade_date=2026-07-17/exchange=NSE/symbol=WIPRO/part-072410_387753-029888.parquet,real_data_sample\l2_unseen_validation\trade_date=2026-07-17\exchange=NSE\symbol=WIPRO\part-072410_387753-029888.parquet,34893,downloaded,34893,
2026-07-17,NSE,WIPRO,raw_l2/trade_date=2026-07-17/exchange=NSE/symbol=WIPRO/part-072313_308306-029760.parquet,real_data_sample\l2_unseen_validation\trade_date=2026-07-17\exchange=NSE\symbol=WIPRO\part-072313_308306-029760.parquet,35988,downloaded,35988,
2026-07-17,NSE,WIPRO,raw_l2/trade_date=2026-07-17/exchange=NSE/symbol=WIPRO/part-072453_596650-029984.parquet,real_data_sample\l2_unseen_validation\trade_date=2026-07-17\exchange=NSE\symbol=WIPRO\part-072453_596650-029984.parquet,35754,downloaded,35754,
2026-07-17,NSE,WIPRO,raw_l2/trade_date=2026-07-17/exchange=NSE/symbol=WIPRO/part-072507_666676-030016.parquet,real_data_sample\l2_unseen_validation\trade_date=2026-07-17\exchange=NSE\symbol=WIPRO\part-072507_666676-030016.parquet,36002,downloaded,36002,
2026-07-17,NSE,WIPRO,raw_l2/trade_date=2026-07-17/exchange=NSE/symbol=WIPRO/part-071841_529187-029152.parquet,real_data_sample\l2_unseen_validation\trade_date=2026-07-17\exchange=NSE\symbol=WIPRO\part-071841_529187-029152.parquet,35889,downloaded,35889,
2026-07-17,NSE,WIPRO,raw_l2/trade_date=2026-07-17/exchange=NSE/symbol=WIPRO/part-072327_750577-029792.parquet,real_data_sample\l2_unseen_validation\trade_date=2026-07-17\exchange=NSE\symbol=WIPRO\part-072327_750577-029792.parquet,35040,downloaded,35040,
2026-07-17,NSE,WIPRO,raw_l2/trade_date=2026-07-17/exchange=NSE/symbol=WIPRO/part-072258_961426-029728.parquet,real_data_sample\l2_unseen_validation\trade_date=2026-07-17\exchange=NSE\symbol=WIPRO\part-072258_961426-029728.parquet,36150,downloaded,36150,
2026-07-17,NSE,WIPRO,raw_l2/trade_date=2026-07-17/exchange=NSE/symbol=WIPRO/part-072536_137495-030080.parquet,real_data_sample\l2_unseen_validation\trade_date=2026-07-17\exchange=NSE\symbol=WIPRO\part-072536_137495-030080.parquet,35562,downloaded,35562,
2026-07-17,NSE,WIPRO,raw_l2/trade_date=2026-07-17/exchange=NSE/symbol=WIPRO/part-072521_902059-030048.parquet,real_data_sample\l2_unseen_validation\trade_date=2026-07-17\exchange=NSE\symbol=WIPRO\part-072521_902059-030048.parquet,35944,downloaded,35944,
2026-07-17,NSE,WIPRO,raw_l2/trade_date=2026-07-17/exchange=NSE/symbol=WIPRO/part-072618_508493-030176.parquet,real_data_sample\l2_unseen_validation\trade_date=2026-07-17\exchange=NSE\symbol=WIPRO\part-072618_508493-030176.parquet,35155,downloaded,35155,
2026-07-17,NSE,WIPRO,raw_l2/trade_date=2026-07-17/exchange=NSE/symbol=WIPRO/part-072647_317099-030240.parquet,real_data_sample\l2_unseen_validation\trade_date=2026-07-17\exchange=NSE\symbol=WIPRO\part-072647_317099-030240.parquet,35073,downloaded,35073,
2026-07-17,NSE,WIPRO,raw_l2/trade_date=2026-07-17/exchange=NSE/symbol=WIPRO/part-072633_192626-030208.parquet,real_data_sample\l2_unseen_validation\trade_date=2026-07-17\exchange=NSE\symbol=WIPRO\part-072633_192626-030208.parquet,34818,downloaded,34818,
2026-07-17,NSE,WIPRO,raw_l2/trade_date=2026-07-17/exchange=NSE/symbol=WIPRO/part-072604_382684-030144.parquet,real_data_sample\l2_unseen_validation\trade_date=2026-07-17\exchange=NSE\symbol=WIPRO\part-072604_382684-030144.parquet,35230,downloaded,35230,
2026-07-17,NSE,WIPRO,raw_l2/trade_date=2026-07-17/exchange=NSE/symbol=WIPRO/part-072550_295809-030112.parquet,real_data_sample\l2_unseen_validation\trade_date=2026-07-17\exchange=NSE\symbol=WIPRO\part-072550_295809-030112.parquet,35530,downloaded,35530,
2026-07-17,NSE,WIPRO,raw_l2/trade_date=2026-07-17/exchange=NSE/symbol=WIPRO/part-072050_696117-029440.parquet,real_data_sample\l2_unseen_validation\trade_date=2026-07-17\exchange=NSE\symbol=WIPRO\part-072050_696117-029440.parquet,36388,downloaded,36388,
2026-07-17,NSE,WIPRO,raw_l2/trade_date=2026-07-17/exchange=NSE/symbol=WIPRO/part-072230_396028-029664.parquet,real_data_sample\l2_unseen_validation\trade_date=2026-07-17\exchange=NSE\symbol=WIPRO\part-072230_396028-029664.parquet,35940,downloaded,35940,
2026-07-17,NSE,WIPRO,raw_l2/trade_date=2026-07-17/exchange=NSE/symbol=WIPRO/part-072119_062561-029504.parquet,real_data_sample\l2_unseen_validation\trade_date=2026-07-17\exchange=NSE\symbol=WIPRO\part-072119_062561-029504.parquet,36398,downloaded,36398,
2026-07-17,NSE,WIPRO,raw_l2/trade_date=2026-07-17/exchange=NSE/symbol=WIPRO/part-070755_477273-027712.parquet,real_data_sample\l2_unseen_validation\trade_date=2026-07-17\exchange=NSE\symbol=WIPRO\part-070755_477273-027712.parquet,36401,downloaded,36401,
2026-07-17,NSE,WIPRO,raw_l2/trade_date=2026-07-17/exchange=NSE/symbol=WIPRO/part-072957_109501-030656.parquet,real_data_sample\l2_unseen_validation\trade_date=2026-07-17\exchange=NSE\symbol=WIPRO\part-072957_109501-030656.parquet,35959,downloaded,35959,
2026-07-17,NSE,WIPRO,raw_l2/trade_date=2026-07-17/exchange=NSE/symbol=WIPRO/part-072439_039316-029952.parquet,real_data_sample\l2_unseen_validation\trade_date=2026-07-17\exchange=NSE\symbol=WIPRO\part-072439_039316-029952.parquet,35725,downloaded,35725,
2026-07-17,NSE,WIPRO,raw_l2/trade_date=2026-07-17/exchange=NSE/symbol=WIPRO/part-072730_539489-030336.parquet,real_data_sample\l2_unseen_validation\trade_date=2026-07-17\exchange=NSE\symbol=WIPRO\part-072730_539489-030336.parquet,35273,downloaded,35273,
2026-07-17,NSE,WIPRO,raw_l2/trade_date=2026-07-17/exchange=NSE/symbol=WIPRO/part-073011_337079-030688.parquet,real_data_sample\l2_unseen_validation\trade_date=2026-07-17\exchange=NSE\symbol=WIPRO\part-073011_337079-030688.parquet,36159,downloaded,36159,
2026-07-17,NSE,WIPRO,raw_l2/trade_date=2026-07-17/exchange=NSE/symbol=WIPRO/part-073054_336992-030784.parquet,real_data_sample\l2_unseen_validation\trade_date=2026-07-17\exchange=NSE\symbol=WIPRO\part-073054_336992-030784.parquet,36575,downloaded,36575,
2026-07-17,NSE,WIPRO,raw_l2/trade_date=2026-07-17/exchange=NSE/symbol=WIPRO/part-072828_165328-030464.parquet,real_data_sample\l2_unseen_validation\trade_date=2026-07-17\exchange=NSE\symbol=WIPRO\part-072828_165328-030464.parquet,36354,downloaded,36354,
2026-07-17,NSE,WIPRO,raw_l2/trade_date=2026-07-17/exchange=NSE/symbol=WIPRO/part-072858_766357-030528.parquet,real_data_sample\l2_unseen_validation\trade_date=2026-07-17\exchange=NSE\symbol=WIPRO\part-072858_766357-030528.parquet,36404,downloaded,36404,
2026-07-17,NSE,WIPRO,raw_l2/trade_date=2026-07-17/exchange=NSE/symbol=WIPRO/part-072844_308343-030496.parquet,real_data_sample\l2_unseen_validation\trade_date=2026-07-17\exchange=NSE\symbol=WIPRO\part-072844_308343-030496.parquet,36206,downloaded,36206,
2026-07-17,NSE,WIPRO,raw_l2/trade_date=2026-07-17/exchange=NSE/symbol=WIPRO/part-072928_133365-030592.parquet,real_data_sample\l2_unseen_validation\trade_date=2026-07-17\exchange=NSE\symbol=WIPRO\part-072928_133365-030592.parquet,36089,downloaded,36089,
2026-07-17,NSE,WIPRO,raw_l2/trade_date=2026-07-17/exchange=NSE/symbol=WIPRO/part-072036_390785-029408.parquet,real_data_sample\l2_unseen_validation\trade_date=2026-07-17\exchange=NSE\symbol=WIPRO\part-072036_390785-029408.parquet,36305,downloaded,36305,
2026-07-17,NSE,WIPRO,raw_l2/trade_date=2026-07-17/exchange=NSE/symbol=WIPRO/part-072744_919330-030368.parquet,real_data_sample\l2_unseen_validation\trade_date=2026-07-17\exchange=NSE\symbol=WIPRO\part-072744_919330-030368.parquet,35353,downloaded,35353,
2026-07-17,NSE,WIPRO,raw_l2/trade_date=2026-07-17/exchange=NSE/symbol=WIPRO/part-072913_342762-030560.parquet,real_data_sample\l2_unseen_validation\trade_date=2026-07-17\exchange=NSE\symbol=WIPRO\part-072913_342762-030560.parquet,36282,downloaded,36282,
2026-07-17,NSE,WIPRO,raw_l2/trade_date=2026-07-17/exchange=NSE/symbol=WIPRO/part-073025_578645-030720.parquet,real_data_sample\l2_unseen_validation\trade_date=2026-07-17\exchange=NSE\symbol=WIPRO\part-073025_578645-030720.parquet,36090,downloaded,36090,
2026-07-17,NSE,WIPRO,raw_l2/trade_date=2026-07-17/exchange=NSE/symbol=WIPRO/part-073108_836429-030816.parquet,real_data_sample\l2_unseen_validation\trade_date=2026-07-17\exchange=NSE\symbol=WIPRO\part-073108_836429-030816.parquet,36763,downloaded,36763,
2026-07-17,NSE,WIPRO,raw_l2/trade_date=2026-07-17/exchange=NSE/symbol=WIPRO/part-072759_536385-030400.parquet,real_data_sample\l2_unseen_validation\trade_date=2026-07-17\exchange=NSE\symbol=WIPRO\part-072759_536385-030400.parquet,36132,downloaded,36132,
2026-07-17,NSE,WIPRO,raw_l2/trade_date=2026-07-17/exchange=NSE/symbol=WIPRO/part-072701_778009-030272.parquet,real_data_sample\l2_unseen_validation\trade_date=2026-07-17\exchange=NSE\symbol=WIPRO\part-072701_778009-030272.parquet,34825,downloaded,34825,
2026-07-17,NSE,WIPRO,raw_l2/trade_date=2026-07-17/exchange=NSE/symbol=WIPRO/part-072942_616782-030624.parquet,real_data_sample\l2_unseen_validation\trade_date=2026-07-17\exchange=NSE\symbol=WIPRO\part-072942_616782-030624.parquet,36177,downloaded,36177,
2026-07-17,NSE,WIPRO,raw_l2/trade_date=2026-07-17/exchange=NSE/symbol=WIPRO/part-073137_383952-030880.parquet,real_data_sample\l2_unseen_validation\trade_date=2026-07-17\exchange=NSE\symbol=WIPRO\part-073137_383952-030880.parquet,36119,downloaded,36119,
2026-07-17,NSE,WIPRO,raw_l2/trade_date=2026-07-17/exchange=NSE/symbol=WIPRO/part-073151_627686-030912.parquet,real_data_sample\l2_unseen_validation\trade_date=2026-07-17\exchange=NSE\symbol=WIPRO\part-073151_627686-030912.parquet,35653,downloaded,35653,
2026-07-17,NSE,WIPRO,raw_l2/trade_date=2026-07-17/exchange=NSE/symbol=WIPRO/part-073123_089303-030848.parquet,real_data_sample\l2_unseen_validation\trade_date=2026-07-17\exchange=NSE\symbol=WIPRO\part-073123_089303-030848.parquet,36008,downloaded,36008,
2026-07-17,NSE,WIPRO,raw_l2/trade_date=2026-07-17/exchange=NSE/symbol=WIPRO/part-073234_265639-031008.parquet,real_data_sample\l2_unseen_validation\trade_date=2026-07-17\exchange=NSE\symbol=WIPRO\part-073234_265639-031008.parquet,36254,downloaded,36254,
2026-07-17,NSE,WIPRO,raw_l2/trade_date=2026-07-17/exchange=NSE/symbol=WIPRO/part-073205_877533-030944.parquet,real_data_sample\l2_unseen_validation\trade_date=2026-07-17\exchange=NSE\symbol=WIPRO\part-073205_877533-030944.parquet,35524,downloaded,35524,
2026-07-17,NSE,WIPRO,raw_l2/trade_date=2026-07-17/exchange=NSE/symbol=WIPRO/part-073220_011996-030976.parquet,real_data_sample\l2_unseen_validation\trade_date=2026-07-17\exchange=NSE\symbol=WIPRO\part-073220_011996-030976.parquet,35721,downloaded,35721,
2026-07-17,NSE,WIPRO,raw_l2/trade_date=2026-07-17/exchange=NSE/symbol=WIPRO/part-073248_497217-031040.parquet,real_data_sample\l2_unseen_validation\trade_date=2026-07-17\exchange=NSE\symbol=WIPRO\part-073248_497217-031040.parquet,36280,downloaded,36280,
2026-07-17,NSE,WIPRO,raw_l2/trade_date=2026-07-17/exchange=NSE/symbol=WIPRO/part-073302_730118-031072.parquet,real_data_sample\l2_unseen_validation\trade_date=2026-07-17\exchange=NSE\symbol=WIPRO\part-073302_730118-031072.parquet,35459,downloaded,35459,
2026-07-17,NSE,WIPRO,raw_l2/trade_date=2026-07-17/exchange=NSE/symbol=WIPRO/part-072104_954397-029472.parquet,real_data_sample\l2_unseen_validation\trade_date=2026-07-17\exchange=NSE\symbol=WIPRO\part-072104_954397-029472.parquet,36460,downloaded,36460,
2026-07-17,NSE,WIPRO,raw_l2/trade_date=2026-07-17/exchange=NSE/symbol=WIPRO/part-072716_158110-030304.parquet,real_data_sample\l2_unseen_validation\trade_date=2026-07-17\exchange=NSE\symbol=WIPRO\part-072716_158110-030304.parquet,34776,downloaded,34776,
2026-07-17,NSE,WIPRO,raw_l2/trade_date=2026-07-17/exchange=NSE/symbol=WIPRO/part-072814_002967-030432.parquet,real_data_sample\l2_unseen_validation\trade_date=2026-07-17\exchange=NSE\symbol=WIPRO\part-072814_002967-030432.parquet,36094,downloaded,36094,
2026-07-17,NSE,WIPRO,raw_l2/trade_date=2026-07-17/exchange=NSE/symbol=WIPRO/part-073359_716897-031200.parquet,real_data_sample\l2_unseen_validation\trade_date=2026-07-17\exchange=NSE\symbol=WIPRO\part-073359_716897-031200.parquet,35640,downloaded,35640,
2026-07-17,NSE,WIPRO,raw_l2/trade_date=2026-07-17/exchange=NSE/symbol=WIPRO/part-073428_140499-031264.parquet,real_data_sample\l2_unseen_validation\trade_date=2026-07-17\exchange=NSE\symbol=WIPRO\part-073428_140499-031264.parquet,34803,downloaded,34803,
2026-07-17,NSE,WIPRO,raw_l2/trade_date=2026-07-17/exchange=NSE/symbol=WIPRO/part-073456_779247-031328.parquet,real_data_sample\l2_unseen_validation\trade_date=2026-07-17\exchange=NSE\symbol=WIPRO\part-073456_779247-031328.parquet,35160,downloaded,35160,
2026-07-17,NSE,WIPRO,raw_l2/trade_date=2026-07-17/exchange=NSE/symbol=WIPRO/part-073331_293152-031136.parquet,real_data_sample\l2_unseen_validation\trade_date=2026-07-17\exchange=NSE\symbol=WIPRO\part-073331_293152-031136.parquet,35246,downloaded,35246,
2026-07-17,NSE,WIPRO,raw_l2/trade_date=2026-07-17/exchange=NSE/symbol=WIPRO/part-073442_679970-031296.parquet,real_data_sample\l2_unseen_validation\trade_date=2026-07-17\exchange=NSE\symbol=WIPRO\part-073442_679970-031296.parquet,34725,downloaded,34725,
2026-07-17,NSE,WIPRO,raw_l2/trade_date=2026-07-17/exchange=NSE/symbol=WIPRO/part-073039_841269-030752.parquet,real_data_sample\l2_unseen_validation\trade_date=2026-07-17\exchange=NSE\symbol=WIPRO\part-073039_841269-030752.parquet,36306,downloaded,36306,
2026-07-17,NSE,WIPRO,raw_l2/trade_date=2026-07-17/exchange=NSE/symbol=WIPRO/part-073525_134360-031392.parquet,real_data_sample\l2_unseen_validation\trade_date=2026-07-17\exchange=NSE\symbol=WIPRO\part-073525_134360-031392.parquet,35749,downloaded,35749,
2026-07-17,NSE,WIPRO,raw_l2/trade_date=2026-07-17/exchange=NSE/symbol=WIPRO/part-073511_015282-031360.parquet,real_data_sample\l2_unseen_validation\trade_date=2026-07-17\exchange=NSE\symbol=WIPRO\part-073511_015282-031360.parquet,35017,downloaded,35017,
2026-07-17,NSE,WIPRO,raw_l2/trade_date=2026-07-17/exchange=NSE/symbol=WIPRO/part-073843_181315-031840.parquet,real_data_sample\l2_unseen_validation\trade_date=2026-07-17\exchange=NSE\symbol=WIPRO\part-073843_181315-031840.parquet,35070,downloaded,35070,
2026-07-17,NSE,WIPRO,raw_l2/trade_date=2026-07-17/exchange=NSE/symbol=WIPRO/part-073650_650688-031584.parquet,real_data_sample\l2_unseen_validation\trade_date=2026-07-17\exchange=NSE\symbol=WIPRO\part-073650_650688-031584.parquet,36324,downloaded,36324,
2026-07-17,NSE,WIPRO,raw_l2/trade_date=2026-07-17/exchange=NSE/symbol=WIPRO/part-073718_767843-031648.parquet,real_data_sample\l2_unseen_validation\trade_date=2026-07-17\exchange=NSE\symbol=WIPRO\part-073718_767843-031648.parquet,35628,downloaded,35628,
2026-07-17,NSE,WIPRO,raw_l2/trade_date=2026-07-17/exchange=NSE/symbol=WIPRO/part-073539_415598-031424.parquet,real_data_sample\l2_unseen_validation\trade_date=2026-07-17\exchange=NSE\symbol=WIPRO\part-073539_415598-031424.parquet,35891,downloaded,35891,
2026-07-17,NSE,WIPRO,raw_l2/trade_date=2026-07-17/exchange=NSE/symbol=WIPRO/part-073746_667588-031712.parquet,real_data_sample\l2_unseen_validation\trade_date=2026-07-17\exchange=NSE\symbol=WIPRO\part-073746_667588-031712.parquet,36548,downloaded,36548,
2026-07-17,NSE,WIPRO,raw_l2/trade_date=2026-07-17/exchange=NSE/symbol=WIPRO/part-073704_787821-031616.parquet,real_data_sample\l2_unseen_validation\trade_date=2026-07-17\exchange=NSE\symbol=WIPRO\part-073704_787821-031616.parquet,36041,downloaded,36041,
2026-07-17,NSE,WIPRO,raw_l2/trade_date=2026-07-17/exchange=NSE/symbol=WIPRO/part-073732_808917-031680.parquet,real_data_sample\l2_unseen_validation\trade_date=2026-07-17\exchange=NSE\symbol=WIPRO\part-073732_808917-031680.parquet,35669,downloaded,35669,
2026-07-17,NSE,WIPRO,raw_l2/trade_date=2026-07-17/exchange=NSE/symbol=WIPRO/part-073800_788585-031744.parquet,real_data_sample\l2_unseen_validation\trade_date=2026-07-17\exchange=NSE\symbol=WIPRO\part-073800_788585-031744.parquet,35897,downloaded,35897,
2026-07-17,NSE,WIPRO,raw_l2/trade_date=2026-07-17/exchange=NSE/symbol=WIPRO/part-073829_241650-031808.parquet,real_data_sample\l2_unseen_validation\trade_date=2026-07-17\exchange=NSE\symbol=WIPRO\part-073829_241650-031808.parquet,34591,downloaded,34591,
2026-07-17,NSE,WIPRO,raw_l2/trade_date=2026-07-17/exchange=NSE/symbol=WIPRO/part-073814_917992-031776.parquet,real_data_sample\l2_unseen_validation\trade_date=2026-07-17\exchange=NSE\symbol=WIPRO\part-073814_917992-031776.parquet,35753,downloaded,35753,
2026-07-17,NSE,WIPRO,raw_l2/trade_date=2026-07-17/exchange=NSE/symbol=WIPRO/part-073622_127013-031520.parquet,real_data_sample\l2_unseen_validation\trade_date=2026-07-17\exchange=NSE\symbol=WIPRO\part-073622_127013-031520.parquet,35616,downloaded,35616,
2026-07-17,NSE,WIPRO,raw_l2/trade_date=2026-07-17/exchange=NSE/symbol=WIPRO/part-073925_746461-031936.parquet,real_data_sample\l2_unseen_validation\trade_date=2026-07-17\exchange=NSE\symbol=WIPRO\part-073925_746461-031936.parquet,36731,downloaded,36731,
2026-07-17,NSE,WIPRO,raw_l2/trade_date=2026-07-17/exchange=NSE/symbol=WIPRO/part-073553_510095-031456.parquet,real_data_sample\l2_unseen_validation\trade_date=2026-07-17\exchange=NSE\symbol=WIPRO\part-073553_510095-031456.parquet,36071,downloaded,36071,
2026-07-17,NSE,WIPRO,raw_l2/trade_date=2026-07-17/exchange=NSE/symbol=WIPRO/part-073636_397398-031552.parquet,real_data_sample\l2_unseen_validation\trade_date=2026-07-17\exchange=NSE\symbol=WIPRO\part-073636_397398-031552.parquet,36135,downloaded,36135,
2026-07-17,NSE,WIPRO,raw_l2/trade_date=2026-07-17/exchange=NSE/symbol=WIPRO/part-073939_780071-031968.parquet,real_data_sample\l2_unseen_validation\trade_date=2026-07-17\exchange=NSE\symbol=WIPRO\part-073939_780071-031968.parquet,35912,downloaded,35912,
2026-07-17,NSE,WIPRO,raw_l2/trade_date=2026-07-17/exchange=NSE/symbol=WIPRO/part-073911_811581-031904.parquet,real_data_sample\l2_unseen_validation\trade_date=2026-07-17\exchange=NSE\symbol=WIPRO\part-073911_811581-031904.parquet,34799,downloaded,34799,
2026-07-17,NSE,WIPRO,raw_l2/trade_date=2026-07-17/exchange=NSE/symbol=WIPRO/part-073857_571254-031872.parquet,real_data_sample\l2_unseen_validation\trade_date=2026-07-17\exchange=NSE\symbol=WIPRO\part-073857_571254-031872.parquet,34981,downloaded,34981,
2026-07-17,NSE,WIPRO,raw_l2/trade_date=2026-07-17/exchange=NSE/symbol=WIPRO/part-074036_363244-032096.parquet,real_data_sample\l2_unseen_validation\trade_date=2026-07-17\exchange=NSE\symbol=WIPRO\part-074036_363244-032096.parquet,35567,downloaded,35567,
2026-07-17,NSE,WIPRO,raw_l2/trade_date=2026-07-17/exchange=NSE/symbol=WIPRO/part-073413_928413-031232.parquet,real_data_sample\l2_unseen_validation\trade_date=2026-07-17\exchange=NSE\symbol=WIPRO\part-073413_928413-031232.parquet,35916,downloaded,35916,
2026-07-17,NSE,WIPRO,raw_l2/trade_date=2026-07-17/exchange=NSE/symbol=WIPRO/part-074104_635809-032160.parquet,real_data_sample\l2_unseen_validation\trade_date=2026-07-17\exchange=NSE\symbol=WIPRO\part-074104_635809-032160.parquet,35937,downloaded,35937,
2026-07-17,NSE,WIPRO,raw_l2/trade_date=2026-07-17/exchange=NSE/symbol=WIPRO/part-074118_757295-032192.parquet,real_data_sample\l2_unseen_validation\trade_date=2026-07-17\exchange=NSE\symbol=WIPRO\part-074118_757295-032192.parquet,35788,downloaded,35788,
2026-07-17,NSE,WIPRO,raw_l2/trade_date=2026-07-17/exchange=NSE/symbol=WIPRO/part-074132_886749-032224.parquet,real_data_sample\l2_unseen_validation\trade_date=2026-07-17\exchange=NSE\symbol=WIPRO\part-074132_886749-032224.parquet,35490,downloaded,35490,
2026-07-17,NSE,WIPRO,raw_l2/trade_date=2026-07-17/exchange=NSE/symbol=WIPRO/part-074050_541937-032128.parquet,real_data_sample\l2_unseen_validation\trade_date=2026-07-17\exchange=NSE\symbol=WIPRO\part-074050_541937-032128.parquet,35709,downloaded,35709,
2026-07-17,NSE,WIPRO,raw_l2/trade_date=2026-07-17/exchange=NSE/symbol=WIPRO/part-073316_896725-031104.parquet,real_data_sample\l2_unseen_validation\trade_date=2026-07-17\exchange=NSE\symbol=WIPRO\part-073316_896725-031104.parquet,36308,downloaded,36308,
2026-07-17,NSE,WIPRO,raw_l2/trade_date=2026-07-17/exchange=NSE/symbol=WIPRO/part-074008_084401-032032.parquet,real_data_sample\l2_unseen_validation\trade_date=2026-07-17\exchange=NSE\symbol=WIPRO\part-074008_084401-032032.parquet,35609,downloaded,35609,
2026-07-17,NSE,WIPRO,raw_l2/trade_date=2026-07-17/exchange=NSE/symbol=WIPRO/part-073607_781277-031488.parquet,real_data_sample\l2_unseen_validation\trade_date=2026-07-17\exchange=NSE\symbol=WIPRO\part-073607_781277-031488.parquet,36148,downloaded,36148,
2026-07-17,NSE,WIPRO,raw_l2/trade_date=2026-07-17/exchange=NSE/symbol=WIPRO/part-074215_002971-032320.parquet,real_data_sample\l2_unseen_validation\trade_date=2026-07-17\exchange=NSE\symbol=WIPRO\part-074215_002971-032320.parquet,36026,downloaded,36026,
2026-07-17,NSE,WIPRO,raw_l2/trade_date=2026-07-17/exchange=NSE/symbol=WIPRO/part-074228_832543-032352.parquet,real_data_sample\l2_unseen_validation\trade_date=2026-07-17\exchange=NSE\symbol=WIPRO\part-074228_832543-032352.parquet,34962,downloaded,34962,
2026-07-17,NSE,WIPRO,raw_l2/trade_date=2026-07-17/exchange=NSE/symbol=WIPRO/part-074201_047758-032288.parquet,real_data_sample\l2_unseen_validation\trade_date=2026-07-17\exchange=NSE\symbol=WIPRO\part-074201_047758-032288.parquet,35258,downloaded,35258,
2026-07-17,NSE,WIPRO,raw_l2/trade_date=2026-07-17/exchange=NSE/symbol=WIPRO/part-074546_472512-032800.parquet,real_data_sample\l2_unseen_validation\trade_date=2026-07-17\exchange=NSE\symbol=WIPRO\part-074546_472512-032800.parquet,35749,downloaded,35749,
2026-07-17,NSE,WIPRO,raw_l2/trade_date=2026-07-17/exchange=NSE/symbol=WIPRO/part-074242_950295-032384.parquet,real_data_sample\l2_unseen_validation\trade_date=2026-07-17\exchange=NSE\symbol=WIPRO\part-074242_950295-032384.parquet,34679,downloaded,34679,
2026-07-17,NSE,WIPRO,raw_l2/trade_date=2026-07-17/exchange=NSE/symbol=WIPRO/part-074504_165134-032704.parquet,real_data_sample\l2_unseen_validation\trade_date=2026-07-17\exchange=NSE\symbol=WIPRO\part-074504_165134-032704.parquet,34958,downloaded,34958,
2026-07-17,NSE,WIPRO,raw_l2/trade_date=2026-07-17/exchange=NSE/symbol=WIPRO/part-073345_533199-031168.parquet,real_data_sample\l2_unseen_validation\trade_date=2026-07-17\exchange=NSE\symbol=WIPRO\part-073345_533199-031168.parquet,35832,downloaded,35832,
2026-07-17,NSE,WIPRO,raw_l2/trade_date=2026-07-17/exchange=NSE/symbol=WIPRO/part-074518_453482-032736.parquet,real_data_sample\l2_unseen_validation\trade_date=2026-07-17\exchange=NSE\symbol=WIPRO\part-074518_453482-032736.parquet,34974,downloaded,34974,
2026-07-17,NSE,WIPRO,raw_l2/trade_date=2026-07-17/exchange=NSE/symbol=WIPRO/part-074532_514274-032768.parquet,real_data_sample\l2_unseen_validation\trade_date=2026-07-17\exchange=NSE\symbol=WIPRO\part-074532_514274-032768.parquet,35920,downloaded,35920,
2026-07-17,NSE,WIPRO,raw_l2/trade_date=2026-07-17/exchange=NSE/symbol=WIPRO/part-074022_256462-032064.parquet,real_data_sample\l2_unseen_validation\trade_date=2026-07-17\exchange=NSE\symbol=WIPRO\part-074022_256462-032064.parquet,35638,downloaded,35638,
2026-07-17,NSE,WIPRO,raw_l2/trade_date=2026-07-17/exchange=NSE/symbol=WIPRO/part-074449_934053-032672.parquet,real_data_sample\l2_unseen_validation\trade_date=2026-07-17\exchange=NSE\symbol=WIPRO\part-074449_934053-032672.parquet,34955,downloaded,34955,
2026-07-17,NSE,WIPRO,raw_l2/trade_date=2026-07-17/exchange=NSE/symbol=WIPRO/part-074310_884938-032448.parquet,real_data_sample\l2_unseen_validation\trade_date=2026-07-17\exchange=NSE\symbol=WIPRO\part-074310_884938-032448.parquet,34950,downloaded,34950,
2026-07-17,NSE,WIPRO,raw_l2/trade_date=2026-07-17/exchange=NSE/symbol=WIPRO/part-074436_010912-032640.parquet,real_data_sample\l2_unseen_validation\trade_date=2026-07-17\exchange=NSE\symbol=WIPRO\part-074436_010912-032640.parquet,34828,downloaded,34828,
2026-07-17,NSE,WIPRO,raw_l2/trade_date=2026-07-17/exchange=NSE/symbol=WIPRO/part-074353_816926-032544.parquet,real_data_sample\l2_unseen_validation\trade_date=2026-07-17\exchange=NSE\symbol=WIPRO\part-074353_816926-032544.parquet,35697,downloaded,35697,
2026-07-17,NSE,WIPRO,raw_l2/trade_date=2026-07-17/exchange=NSE/symbol=WIPRO/part-074257_017221-032416.parquet,real_data_sample\l2_unseen_validation\trade_date=2026-07-17\exchange=NSE\symbol=WIPRO\part-074257_017221-032416.parquet,35074,downloaded,35074,
2026-07-17,NSE,WIPRO,raw_l2/trade_date=2026-07-17/exchange=NSE/symbol=WIPRO/part-074408_004941-032576.parquet,real_data_sample\l2_unseen_validation\trade_date=2026-07-17\exchange=NSE\symbol=WIPRO\part-074408_004941-032576.parquet,36188,downloaded,36188,
2026-07-17,NSE,WIPRO,raw_l2/trade_date=2026-07-17/exchange=NSE/symbol=WIPRO/part-074629_396737-032896.parquet,real_data_sample\l2_unseen_validation\trade_date=2026-07-17\exchange=NSE\symbol=WIPRO\part-074629_396737-032896.parquet,34973,downloaded,34973,
2026-07-17,NSE,WIPRO,raw_l2/trade_date=2026-07-17/exchange=NSE/symbol=WIPRO/part-074339_213173-032512.parquet,real_data_sample\l2_unseen_validation\trade_date=2026-07-17\exchange=NSE\symbol=WIPRO\part-074339_213173-032512.parquet,35157,downloaded,35157,
2026-07-17,NSE,WIPRO,raw_l2/trade_date=2026-07-17/exchange=NSE/symbol=WIPRO/part-074657_796011-032960.parquet,real_data_sample\l2_unseen_validation\trade_date=2026-07-17\exchange=NSE\symbol=WIPRO\part-074657_796011-032960.parquet,34872,downloaded,34872,
2026-07-17,NSE,WIPRO,raw_l2/trade_date=2026-07-17/exchange=NSE/symbol=WIPRO/part-074324_949684-032480.parquet,real_data_sample\l2_unseen_validation\trade_date=2026-07-17\exchange=NSE\symbol=WIPRO\part-074324_949684-032480.parquet,35489,downloaded,35489,
2026-07-17,NSE,WIPRO,raw_l2/trade_date=2026-07-17/exchange=NSE/symbol=WIPRO/part-074421_978616-032608.parquet,real_data_sample\l2_unseen_validation\trade_date=2026-07-17\exchange=NSE\symbol=WIPRO\part-074421_978616-032608.parquet,35134,downloaded,35134,
2026-07-17,NSE,WIPRO,raw_l2/trade_date=2026-07-17/exchange=NSE/symbol=WIPRO/part-074600_865348-032832.parquet,real_data_sample\l2_unseen_validation\trade_date=2026-07-17\exchange=NSE\symbol=WIPRO\part-074600_865348-032832.parquet,35934,downloaded,35934,
2026-07-17,NSE,WIPRO,raw_l2/trade_date=2026-07-17/exchange=NSE/symbol=WIPRO/part-074615_311060-032864.parquet,real_data_sample\l2_unseen_validation\trade_date=2026-07-17\exchange=NSE\symbol=WIPRO\part-074615_311060-032864.parquet,35606,downloaded,35606,
2026-07-17,NSE,WIPRO,raw_l2/trade_date=2026-07-17/exchange=NSE/symbol=WIPRO/part-074726_172649-033024.parquet,real_data_sample\l2_unseen_validation\trade_date=2026-07-17\exchange=NSE\symbol=WIPRO\part-074726_172649-033024.parquet,34775,downloaded,34775,
2026-07-17,NSE,WIPRO,raw_l2/trade_date=2026-07-17/exchange=NSE/symbol=WIPRO/part-074711_900850-032992.parquet,real_data_sample\l2_unseen_validation\trade_date=2026-07-17\exchange=NSE\symbol=WIPRO\part-074711_900850-032992.parquet,35025,downloaded,35025,
2026-07-17,NSE,WIPRO,raw_l2/trade_date=2026-07-17/exchange=NSE/symbol=WIPRO/part-074740_257202-033056.parquet,real_data_sample\l2_unseen_validation\trade_date=2026-07-17\exchange=NSE\symbol=WIPRO\part-074740_257202-033056.parquet,34726,downloaded,34726,
2026-07-17,NSE,WIPRO,raw_l2/trade_date=2026-07-17/exchange=NSE/symbol=WIPRO/part-074146_918004-032256.parquet,real_data_sample\l2_unseen_validation\trade_date=2026-07-17\exchange=NSE\symbol=WIPRO\part-074146_918004-032256.parquet,35916,downloaded,35916,
2026-07-17,NSE,WIPRO,raw_l2/trade_date=2026-07-17/exchange=NSE/symbol=WIPRO/part-073953_849123-032000.parquet,real_data_sample\l2_unseen_validation\trade_date=2026-07-17\exchange=NSE\symbol=WIPRO\part-073953_849123-032000.parquet,35471,downloaded,35471,
2026-07-17,NSE,WIPRO,raw_l2/trade_date=2026-07-17/exchange=NSE/symbol=WIPRO/part-075223_239741-033696.parquet,real_data_sample\l2_unseen_validation\trade_date=2026-07-17\exchange=NSE\symbol=WIPRO\part-075223_239741-033696.parquet,34836,downloaded,34836,
2026-07-17,NSE,WIPRO,raw_l2/trade_date=2026-07-17/exchange=NSE/symbol=WIPRO/part-074643_801144-032928.parquet,real_data_sample\l2_unseen_validation\trade_date=2026-07-17\exchange=NSE\symbol=WIPRO\part-074643_801144-032928.parquet,34692,downloaded,34692,
2026-07-17,NSE,WIPRO,raw_l2/trade_date=2026-07-17/exchange=NSE/symbol=WIPRO/part-074754_246103-033088.parquet,real_data_sample\l2_unseen_validation\trade_date=2026-07-17\exchange=NSE\symbol=WIPRO\part-074754_246103-033088.parquet,34847,downloaded,34847,
2026-07-17,NSE,WIPRO,raw_l2/trade_date=2026-07-17/exchange=NSE/symbol=WIPRO/part-075252_019220-033760.parquet,real_data_sample\l2_unseen_validation\trade_date=2026-07-17\exchange=NSE\symbol=WIPRO\part-075252_019220-033760.parquet,34934,downloaded,34934,
2026-07-17,NSE,WIPRO,raw_l2/trade_date=2026-07-17/exchange=NSE/symbol=WIPRO/part-075402_460719-033920.parquet,real_data_sample\l2_unseen_validation\trade_date=2026-07-17\exchange=NSE\symbol=WIPRO\part-075402_460719-033920.parquet,35017,downloaded,35017,
2026-07-17,NSE,WIPRO,raw_l2/trade_date=2026-07-17/exchange=NSE/symbol=WIPRO/part-075209_103671-033664.parquet,real_data_sample\l2_unseen_validation\trade_date=2026-07-17\exchange=NSE\symbol=WIPRO\part-075209_103671-033664.parquet,34865,downloaded,34865,
2026-07-17,NSE,WIPRO,raw_l2/trade_date=2026-07-17/exchange=NSE/symbol=WIPRO/part-074850_555274-033216.parquet,real_data_sample\l2_unseen_validation\trade_date=2026-07-17\exchange=NSE\symbol=WIPRO\part-074850_555274-033216.parquet,35749,downloaded,35749,
2026-07-17,NSE,WIPRO,raw_l2/trade_date=2026-07-17/exchange=NSE/symbol=WIPRO/part-075237_335701-033728.parquet,real_data_sample\l2_unseen_validation\trade_date=2026-07-17\exchange=NSE\symbol=WIPRO\part-075237_335701-033728.parquet,34846,downloaded,34846,
2026-07-17,NSE,WIPRO,raw_l2/trade_date=2026-07-17/exchange=NSE/symbol=WIPRO/part-075430_505924-033984.parquet,real_data_sample\l2_unseen_validation\trade_date=2026-07-17\exchange=NSE\symbol=WIPRO\part-075430_505924-033984.parquet,35900,downloaded,35900,
2026-07-17,NSE,WIPRO,raw_l2/trade_date=2026-07-17/exchange=NSE/symbol=WIPRO/part-075416_529725-033952.parquet,real_data_sample\l2_unseen_validation\trade_date=2026-07-17\exchange=NSE\symbol=WIPRO\part-075416_529725-033952.parquet,35119,downloaded,35119,
2026-07-17,NSE,WIPRO,raw_l2/trade_date=2026-07-17/exchange=NSE/symbol=WIPRO/part-075320_289330-033824.parquet,real_data_sample\l2_unseen_validation\trade_date=2026-07-17\exchange=NSE\symbol=WIPRO\part-075320_289330-033824.parquet,34997,downloaded,34997,
2026-07-17,NSE,WIPRO,raw_l2/trade_date=2026-07-17/exchange=NSE/symbol=WIPRO/part-074836_415986-033184.parquet,real_data_sample\l2_unseen_validation\trade_date=2026-07-17\exchange=NSE\symbol=WIPRO\part-074836_415986-033184.parquet,36003,downloaded,36003,
2026-07-17,NSE,WIPRO,raw_l2/trade_date=2026-07-17/exchange=NSE/symbol=WIPRO/part-075058_273744-033504.parquet,real_data_sample\l2_unseen_validation\trade_date=2026-07-17\exchange=NSE\symbol=WIPRO\part-075058_273744-033504.parquet,35951,downloaded,35951,
2026-07-17,NSE,WIPRO,raw_l2/trade_date=2026-07-17/exchange=NSE/symbol=WIPRO/part-074918_973258-033280.parquet,real_data_sample\l2_unseen_validation\trade_date=2026-07-17\exchange=NSE\symbol=WIPRO\part-074918_973258-033280.parquet,35467,downloaded,35467,
2026-07-17,NSE,WIPRO,raw_l2/trade_date=2026-07-17/exchange=NSE/symbol=WIPRO/part-075348_247131-033888.parquet,real_data_sample\l2_unseen_validation\trade_date=2026-07-17\exchange=NSE\symbol=WIPRO\part-075348_247131-033888.parquet,35042,downloaded,35042,
2026-07-17,NSE,WIPRO,raw_l2/trade_date=2026-07-17/exchange=NSE/symbol=WIPRO/part-075334_360902-033856.parquet,real_data_sample\l2_unseen_validation\trade_date=2026-07-17\exchange=NSE\symbol=WIPRO\part-075334_360902-033856.parquet,34840,downloaded,34840,
2026-07-17,NSE,WIPRO,raw_l2/trade_date=2026-07-17/exchange=NSE/symbol=WIPRO/part-075015_164674-033408.parquet,real_data_sample\l2_unseen_validation\trade_date=2026-07-17\exchange=NSE\symbol=WIPRO\part-075015_164674-033408.parquet,34947,downloaded,34947,
2026-07-17,NSE,WIPRO,raw_l2/trade_date=2026-07-17/exchange=NSE/symbol=WIPRO/part-074946_984108-033344.parquet,real_data_sample\l2_unseen_validation\trade_date=2026-07-17\exchange=NSE\symbol=WIPRO\part-074946_984108-033344.parquet,34739,downloaded,34739,
2026-07-17,NSE,WIPRO,raw_l2/trade_date=2026-07-17/exchange=NSE/symbol=WIPRO/part-074932_885580-033312.parquet,real_data_sample\l2_unseen_validation\trade_date=2026-07-17\exchange=NSE\symbol=WIPRO\part-074932_885580-033312.parquet,34873,downloaded,34873,
2026-07-17,NSE,WIPRO,raw_l2/trade_date=2026-07-17/exchange=NSE/symbol=WIPRO/part-075140_437637-033600.parquet,real_data_sample\l2_unseen_validation\trade_date=2026-07-17\exchange=NSE\symbol=WIPRO\part-075140_437637-033600.parquet,34923,downloaded,34923,
2026-07-17,NSE,WIPRO,raw_l2/trade_date=2026-07-17/exchange=NSE/symbol=WIPRO/part-074808_262872-033120.parquet,real_data_sample\l2_unseen_validation\trade_date=2026-07-17\exchange=NSE\symbol=WIPRO\part-074808_262872-033120.parquet,34710,downloaded,34710,
2026-07-17,NSE,WIPRO,raw_l2/trade_date=2026-07-17/exchange=NSE/symbol=WIPRO/part-075126_264758-033568.parquet,real_data_sample\l2_unseen_validation\trade_date=2026-07-17\exchange=NSE\symbol=WIPRO\part-075126_264758-033568.parquet,34775,downloaded,34775,
2026-07-17,NSE,WIPRO,raw_l2/trade_date=2026-07-17/exchange=NSE/symbol=WIPRO/part-074904_856475-033248.parquet,real_data_sample\l2_unseen_validation\trade_date=2026-07-17\exchange=NSE\symbol=WIPRO\part-074904_856475-033248.parquet,35899,downloaded,35899,
2026-07-17,NSE,WIPRO,raw_l2/trade_date=2026-07-17/exchange=NSE/symbol=WIPRO/part-075030_036179-033440.parquet,real_data_sample\l2_unseen_validation\trade_date=2026-07-17\exchange=NSE\symbol=WIPRO\part-075030_036179-033440.parquet,36042,downloaded,36042,
2026-07-17,NSE,WIPRO,raw_l2/trade_date=2026-07-17/exchange=NSE/symbol=WIPRO/part-075306_241034-033792.parquet,real_data_sample\l2_unseen_validation\trade_date=2026-07-17\exchange=NSE\symbol=WIPRO\part-075306_241034-033792.parquet,35070,downloaded,35070,
2026-07-17,NSE,WIPRO,raw_l2/trade_date=2026-07-17/exchange=NSE/symbol=WIPRO/part-075112_118163-033536.parquet,real_data_sample\l2_unseen_validation\trade_date=2026-07-17\exchange=NSE\symbol=WIPRO\part-075112_118163-033536.parquet,35778,downloaded,35778,
2026-07-17,NSE,WIPRO,raw_l2/trade_date=2026-07-17/exchange=NSE/symbol=WIPRO/part-075154_965198-033632.parquet,real_data_sample\l2_unseen_validation\trade_date=2026-07-17\exchange=NSE\symbol=WIPRO\part-075154_965198-033632.parquet,35079,downloaded,35079,
2026-07-17,NSE,WIPRO,raw_l2/trade_date=2026-07-17/exchange=NSE/symbol=WIPRO/part-075444_759465-034016.parquet,real_data_sample\l2_unseen_validation\trade_date=2026-07-17\exchange=NSE\symbol=WIPRO\part-075444_759465-034016.parquet,35942,downloaded,35942,
2026-07-17,NSE,WIPRO,raw_l2/trade_date=2026-07-17/exchange=NSE/symbol=WIPRO/part-074822_241993-033152.parquet,real_data_sample\l2_unseen_validation\trade_date=2026-07-17\exchange=NSE\symbol=WIPRO\part-074822_241993-033152.parquet,35660,downloaded,35660,
2026-07-17,NSE,WIPRO,raw_l2/trade_date=2026-07-17/exchange=NSE/symbol=WIPRO/part-075000_940857-033376.parquet,real_data_sample\l2_unseen_validation\trade_date=2026-07-17\exchange=NSE\symbol=WIPRO\part-075000_940857-033376.parquet,35030,downloaded,35030,
2026-07-17,NSE,WIPRO,raw_l2/trade_date=2026-07-17/exchange=NSE/symbol=WIPRO/part-075459_040427-034048.parquet,real_data_sample\l2_unseen_validation\trade_date=2026-07-17\exchange=NSE\symbol=WIPRO\part-075459_040427-034048.parquet,35901,downloaded,35901,
2026-07-17,NSE,WIPRO,raw_l2/trade_date=2026-07-17/exchange=NSE/symbol=WIPRO/part-075044_183190-033472.parquet,real_data_sample\l2_unseen_validation\trade_date=2026-07-17\exchange=NSE\symbol=WIPRO\part-075044_183190-033472.parquet,35697,downloaded,35697,
2026-07-17,NSE,WIPRO,raw_l2/trade_date=2026-07-17/exchange=NSE/symbol=WIPRO/part-075749_284592-034432.parquet,real_data_sample\l2_unseen_validation\trade_date=2026-07-17\exchange=NSE\symbol=WIPRO\part-075749_284592-034432.parquet,34965,downloaded,34965,
2026-07-17,NSE,WIPRO,raw_l2/trade_date=2026-07-17/exchange=NSE/symbol=WIPRO/part-075803_611760-034464.parquet,real_data_sample\l2_unseen_validation\trade_date=2026-07-17\exchange=NSE\symbol=WIPRO\part-075803_611760-034464.parquet,34683,downloaded,34683,
2026-07-17,NSE,WIPRO,raw_l2/trade_date=2026-07-17/exchange=NSE/symbol=WIPRO/part-075513_069931-034080.parquet,real_data_sample\l2_unseen_validation\trade_date=2026-07-17\exchange=NSE\symbol=WIPRO\part-075513_069931-034080.parquet,36348,downloaded,36348,
2026-07-17,NSE,WIPRO,raw_l2/trade_date=2026-07-17/exchange=NSE/symbol=WIPRO/part-075609_279800-034208.parquet,real_data_sample\l2_unseen_validation\trade_date=2026-07-17\exchange=NSE\symbol=WIPRO\part-075609_279800-034208.parquet,36308,downloaded,36308,
2026-07-17,NSE,WIPRO,raw_l2/trade_date=2026-07-17/exchange=NSE/symbol=WIPRO/part-075818_333502-034496.parquet,real_data_sample\l2_unseen_validation\trade_date=2026-07-17\exchange=NSE\symbol=WIPRO\part-075818_333502-034496.parquet,35002,downloaded,35002,
2026-07-17,NSE,WIPRO,raw_l2/trade_date=2026-07-17/exchange=NSE/symbol=WIPRO/part-075901_004495-034592.parquet,real_data_sample\l2_unseen_validation\trade_date=2026-07-17\exchange=NSE\symbol=WIPRO\part-075901_004495-034592.parquet,34758,downloaded,34758,
2026-07-17,NSE,WIPRO,raw_l2/trade_date=2026-07-17/exchange=NSE/symbol=WIPRO/part-075706_279262-034336.parquet,real_data_sample\l2_unseen_validation\trade_date=2026-07-17\exchange=NSE\symbol=WIPRO\part-075706_279262-034336.parquet,34987,downloaded,34987,
2026-07-17,NSE,WIPRO,raw_l2/trade_date=2026-07-17/exchange=NSE/symbol=WIPRO/part-075720_472546-034368.parquet,real_data_sample\l2_unseen_validation\trade_date=2026-07-17\exchange=NSE\symbol=WIPRO\part-075720_472546-034368.parquet,34820,downloaded,34820,
2026-07-17,NSE,WIPRO,raw_l2/trade_date=2026-07-17/exchange=NSE/symbol=WIPRO/part-075637_785255-034272.parquet,real_data_sample\l2_unseen_validation\trade_date=2026-07-17\exchange=NSE\symbol=WIPRO\part-075637_785255-034272.parquet,34834,downloaded,34834,
2026-07-17,NSE,WIPRO,raw_l2/trade_date=2026-07-17/exchange=NSE/symbol=WIPRO/part-075735_048669-034400.parquet,real_data_sample\l2_unseen_validation\trade_date=2026-07-17\exchange=NSE\symbol=WIPRO\part-075735_048669-034400.parquet,34755,downloaded,34755,
2026-07-17,NSE,WIPRO,raw_l2/trade_date=2026-07-17/exchange=NSE/symbol=WIPRO/part-075623_452722-034240.parquet,real_data_sample\l2_unseen_validation\trade_date=2026-07-17\exchange=NSE\symbol=WIPRO\part-075623_452722-034240.parquet,35332,downloaded,35332,
2026-07-17,NSE,WIPRO,raw_l2/trade_date=2026-07-17/exchange=NSE/symbol=WIPRO/part-075555_092648-034176.parquet,real_data_sample\l2_unseen_validation\trade_date=2026-07-17\exchange=NSE\symbol=WIPRO\part-075555_092648-034176.parquet,35878,downloaded,35878,
2026-07-17,NSE,WIPRO,raw_l2/trade_date=2026-07-17/exchange=NSE/symbol=WIPRO/part-075651_944385-034304.parquet,real_data_sample\l2_unseen_validation\trade_date=2026-07-17\exchange=NSE\symbol=WIPRO\part-075651_944385-034304.parquet,34589,downloaded,34589,
2026-07-17,NSE,WIPRO,raw_l2/trade_date=2026-07-17/exchange=NSE/symbol=WIPRO/part-075832_452303-034528.parquet,real_data_sample\l2_unseen_validation\trade_date=2026-07-17\exchange=NSE\symbol=WIPRO\part-075832_452303-034528.parquet,34959,downloaded,34959,
2026-07-17,NSE,WIPRO,raw_l2/trade_date=2026-07-17/exchange=NSE/symbol=WIPRO/part-075846_753043-034560.parquet,real_data_sample\l2_unseen_validation\trade_date=2026-07-17\exchange=NSE\symbol=WIPRO\part-075846_753043-034560.parquet,34876,downloaded,34876,
2026-07-17,NSE,WIPRO,raw_l2/trade_date=2026-07-17/exchange=NSE/symbol=WIPRO/part-075915_265197-034624.parquet,real_data_sample\l2_unseen_validation\trade_date=2026-07-17\exchange=NSE\symbol=WIPRO\part-075915_265197-034624.parquet,34930,downloaded,34930,
2026-07-17,NSE,WIPRO,raw_l2/trade_date=2026-07-17/exchange=NSE/symbol=WIPRO/part-075929_514772-034656.parquet,real_data_sample\l2_unseen_validation\trade_date=2026-07-17\exchange=NSE\symbol=WIPRO\part-075929_514772-034656.parquet,34928,downloaded,34928,
2026-07-17,NSE,WIPRO,raw_l2/trade_date=2026-07-17/exchange=NSE/symbol=WIPRO/part-080027_973793-034784.parquet,real_data_sample\l2_unseen_validation\trade_date=2026-07-17\exchange=NSE\symbol=WIPRO\part-080027_973793-034784.parquet,35026,downloaded,35026,
2026-07-17,NSE,WIPRO,raw_l2/trade_date=2026-07-17/exchange=NSE/symbol=WIPRO/part-080013_433602-034752.parquet,real_data_sample\l2_unseen_validation\trade_date=2026-07-17\exchange=NSE\symbol=WIPRO\part-080013_433602-034752.parquet,35125,downloaded,35125,
2026-07-17,NSE,WIPRO,raw_l2/trade_date=2026-07-17/exchange=NSE/symbol=WIPRO/part-080042_217925-034816.parquet,real_data_sample\l2_unseen_validation\trade_date=2026-07-17\exchange=NSE\symbol=WIPRO\part-080042_217925-034816.parquet,34927,downloaded,34927,
2026-07-17,NSE,WIPRO,raw_l2/trade_date=2026-07-17/exchange=NSE/symbol=WIPRO/part-080056_746627-034848.parquet,real_data_sample\l2_unseen_validation\trade_date=2026-07-17\exchange=NSE\symbol=WIPRO\part-080056_746627-034848.parquet,34971,downloaded,34971,
2026-07-17,NSE,WIPRO,raw_l2/trade_date=2026-07-17/exchange=NSE/symbol=WIPRO/part-075943_845916-034688.parquet,real_data_sample\l2_unseen_validation\trade_date=2026-07-17\exchange=NSE\symbol=WIPRO\part-075943_845916-034688.parquet,34689,downloaded,34689,
2026-07-17,NSE,WIPRO,raw_l2/trade_date=2026-07-17/exchange=NSE/symbol=WIPRO/part-080125_166156-034912.parquet,real_data_sample\l2_unseen_validation\trade_date=2026-07-17\exchange=NSE\symbol=WIPRO\part-080125_166156-034912.parquet,34625,downloaded,34625,
2026-07-17,NSE,WIPRO,raw_l2/trade_date=2026-07-17/exchange=NSE/symbol=WIPRO/part-080111_040288-034880.parquet,real_data_sample\l2_unseen_validation\trade_date=2026-07-17\exchange=NSE\symbol=WIPRO\part-080111_040288-034880.parquet,34844,downloaded,34844,
2026-07-17,NSE,WIPRO,raw_l2/trade_date=2026-07-17/exchange=NSE/symbol=WIPRO/part-075958_863114-034720.parquet,real_data_sample\l2_unseen_validation\trade_date=2026-07-17\exchange=NSE\symbol=WIPRO\part-075958_863114-034720.parquet,34690,downloaded,34690,
2026-07-17,NSE,WIPRO,raw_l2/trade_date=2026-07-17/exchange=NSE/symbol=WIPRO/part-075540_985833-034144.parquet,real_data_sample\l2_unseen_validation\trade_date=2026-07-17\exchange=NSE\symbol=WIPRO\part-075540_985833-034144.parquet,35843,downloaded,35843,
2026-07-17,NSE,WIPRO,raw_l2/trade_date=2026-07-17/exchange=NSE/symbol=WIPRO/part-075527_065926-034112.parquet,real_data_sample\l2_unseen_validation\trade_date=2026-07-17\exchange=NSE\symbol=WIPRO\part-075527_065926-034112.parquet,35601,downloaded,35601,
2026-07-17,NSE,WIPRO,raw_l2/trade_date=2026-07-17/exchange=NSE/symbol=WIPRO/part-080320_291535-035168.parquet,real_data_sample\l2_unseen_validation\trade_date=2026-07-17\exchange=NSE\symbol=WIPRO\part-080320_291535-035168.parquet,35167,downloaded,35167,
2026-07-17,NSE,WIPRO,raw_l2/trade_date=2026-07-17/exchange=NSE/symbol=WIPRO/part-080251_779813-035104.parquet,real_data_sample\l2_unseen_validation\trade_date=2026-07-17\exchange=NSE\symbol=WIPRO\part-080251_779813-035104.parquet,34755,downloaded,34755,
2026-07-17,NSE,WIPRO,raw_l2/trade_date=2026-07-17/exchange=NSE/symbol=WIPRO/part-080349_551486-035232.parquet,real_data_sample\l2_unseen_validation\trade_date=2026-07-17\exchange=NSE\symbol=WIPRO\part-080349_551486-035232.parquet,34856,downloaded,34856,
2026-07-17,NSE,WIPRO,raw_l2/trade_date=2026-07-17/exchange=NSE/symbol=WIPRO/part-080306_013225-035136.parquet,real_data_sample\l2_unseen_validation\trade_date=2026-07-17\exchange=NSE\symbol=WIPRO\part-080306_013225-035136.parquet,34672,downloaded,34672,
2026-07-17,NSE,WIPRO,raw_l2/trade_date=2026-07-17/exchange=NSE/symbol=WIPRO/part-080237_469561-035072.parquet,real_data_sample\l2_unseen_validation\trade_date=2026-07-17\exchange=NSE\symbol=WIPRO\part-080237_469561-035072.parquet,34675,downloaded,34675,
2026-07-17,NSE,WIPRO,raw_l2/trade_date=2026-07-17/exchange=NSE/symbol=WIPRO/part-080450_146352-035360.parquet,real_data_sample\l2_unseen_validation\trade_date=2026-07-17\exchange=NSE\symbol=WIPRO\part-080450_146352-035360.parquet,34899,downloaded,34899,
2026-07-17,NSE,WIPRO,raw_l2/trade_date=2026-07-17/exchange=NSE/symbol=WIPRO/part-080435_571347-035328.parquet,real_data_sample\l2_unseen_validation\trade_date=2026-07-17\exchange=NSE\symbol=WIPRO\part-080435_571347-035328.parquet,35027,downloaded,35027,
2026-07-17,NSE,WIPRO,raw_l2/trade_date=2026-07-17/exchange=NSE/symbol=WIPRO/part-080728_995060-035712.parquet,real_data_sample\l2_unseen_validation\trade_date=2026-07-17\exchange=NSE\symbol=WIPRO\part-080728_995060-035712.parquet,35911,downloaded,35911,
2026-07-17,NSE,WIPRO,raw_l2/trade_date=2026-07-17/exchange=NSE/symbol=WIPRO/part-080334_611060-035200.parquet,real_data_sample\l2_unseen_validation\trade_date=2026-07-17\exchange=NSE\symbol=WIPRO\part-080334_611060-035200.parquet,34805,downloaded,34805,
2026-07-17,NSE,WIPRO,raw_l2/trade_date=2026-07-17/exchange=NSE/symbol=WIPRO/part-080659_999019-035648.parquet,real_data_sample\l2_unseen_validation\trade_date=2026-07-17\exchange=NSE\symbol=WIPRO\part-080659_999019-035648.parquet,35007,downloaded,35007,
2026-07-17,NSE,WIPRO,raw_l2/trade_date=2026-07-17/exchange=NSE/symbol=WIPRO/part-080404_294378-035264.parquet,real_data_sample\l2_unseen_validation\trade_date=2026-07-17\exchange=NSE\symbol=WIPRO\part-080404_294378-035264.parquet,35165,downloaded,35165,
2026-07-17,NSE,WIPRO,raw_l2/trade_date=2026-07-17/exchange=NSE/symbol=WIPRO/part-080418_423137-035296.parquet,real_data_sample\l2_unseen_validation\trade_date=2026-07-17\exchange=NSE\symbol=WIPRO\part-080418_423137-035296.parquet,35102,downloaded,35102,
2026-07-17,NSE,WIPRO,raw_l2/trade_date=2026-07-17/exchange=NSE/symbol=WIPRO/part-080504_618859-035392.parquet,real_data_sample\l2_unseen_validation\trade_date=2026-07-17\exchange=NSE\symbol=WIPRO\part-080504_618859-035392.parquet,34918,downloaded,34918,
2026-07-17,NSE,WIPRO,raw_l2/trade_date=2026-07-17/exchange=NSE/symbol=WIPRO/part-080548_284068-035488.parquet,real_data_sample\l2_unseen_validation\trade_date=2026-07-17\exchange=NSE\symbol=WIPRO\part-080548_284068-035488.parquet,35631,downloaded,35631,
2026-07-17,NSE,WIPRO,raw_l2/trade_date=2026-07-17/exchange=NSE/symbol=WIPRO/part-080631_291325-035584.parquet,real_data_sample\l2_unseen_validation\trade_date=2026-07-17\exchange=NSE\symbol=WIPRO\part-080631_291325-035584.parquet,34818,downloaded,34818,
2026-07-17,NSE,WIPRO,raw_l2/trade_date=2026-07-17/exchange=NSE/symbol=WIPRO/part-080645_603350-035616.parquet,real_data_sample\l2_unseen_validation\trade_date=2026-07-17\exchange=NSE\symbol=WIPRO\part-080645_603350-035616.parquet,34877,downloaded,34877,
2026-07-17,NSE,WIPRO,raw_l2/trade_date=2026-07-17/exchange=NSE/symbol=WIPRO/part-080519_103648-035424.parquet,real_data_sample\l2_unseen_validation\trade_date=2026-07-17\exchange=NSE\symbol=WIPRO\part-080519_103648-035424.parquet,35043,downloaded,35043,
2026-07-17,NSE,WIPRO,raw_l2/trade_date=2026-07-17/exchange=NSE/symbol=WIPRO/part-080616_749715-035552.parquet,real_data_sample\l2_unseen_validation\trade_date=2026-07-17\exchange=NSE\symbol=WIPRO\part-080616_749715-035552.parquet,35654,downloaded,35654,
2026-07-17,NSE,WIPRO,raw_l2/trade_date=2026-07-17/exchange=NSE/symbol=WIPRO/part-080534_116070-035456.parquet,real_data_sample\l2_unseen_validation\trade_date=2026-07-17\exchange=NSE\symbol=WIPRO\part-080534_116070-035456.parquet,35522,downloaded,35522,
2026-07-17,NSE,WIPRO,raw_l2/trade_date=2026-07-17/exchange=NSE/symbol=WIPRO/part-080602_484538-035520.parquet,real_data_sample\l2_unseen_validation\trade_date=2026-07-17\exchange=NSE\symbol=WIPRO\part-080602_484538-035520.parquet,35701,downloaded,35701,
2026-07-17,NSE,WIPRO,raw_l2/trade_date=2026-07-17/exchange=NSE/symbol=WIPRO/part-080714_866434-035680.parquet,real_data_sample\l2_unseen_validation\trade_date=2026-07-17\exchange=NSE\symbol=WIPRO\part-080714_866434-035680.parquet,34848,downloaded,34848,
2026-07-17,NSE,WIPRO,raw_l2/trade_date=2026-07-17/exchange=NSE/symbol=WIPRO/part-080758_410373-035776.parquet,real_data_sample\l2_unseen_validation\trade_date=2026-07-17\exchange=NSE\symbol=WIPRO\part-080758_410373-035776.parquet,35841,downloaded,35841,
2026-07-17,NSE,WIPRO,raw_l2/trade_date=2026-07-17/exchange=NSE/symbol=WIPRO/part-080743_792793-035744.parquet,real_data_sample\l2_unseen_validation\trade_date=2026-07-17\exchange=NSE\symbol=WIPRO\part-080743_792793-035744.parquet,35904,downloaded,35904,
2026-07-17,NSE,WIPRO,raw_l2/trade_date=2026-07-17/exchange=NSE/symbol=WIPRO/part-080813_083242-035808.parquet,real_data_sample\l2_unseen_validation\trade_date=2026-07-17\exchange=NSE\symbol=WIPRO\part-080813_083242-035808.parquet,35695,downloaded,35695,
2026-07-17,NSE,WIPRO,raw_l2/trade_date=2026-07-17/exchange=NSE/symbol=WIPRO/part-080827_409653-035840.parquet,real_data_sample\l2_unseen_validation\trade_date=2026-07-17\exchange=NSE\symbol=WIPRO\part-080827_409653-035840.parquet,34764,downloaded,34764,
2026-07-17,NSE,WIPRO,raw_l2/trade_date=2026-07-17/exchange=NSE/symbol=WIPRO/part-080153_949745-034976.parquet,real_data_sample\l2_unseen_validation\trade_date=2026-07-17\exchange=NSE\symbol=WIPRO\part-080153_949745-034976.parquet,34745,downloaded,34745,
2026-07-17,NSE,WIPRO,raw_l2/trade_date=2026-07-17/exchange=NSE/symbol=WIPRO/part-080139_497534-034944.parquet,real_data_sample\l2_unseen_validation\trade_date=2026-07-17\exchange=NSE\symbol=WIPRO\part-080139_497534-034944.parquet,34653,downloaded,34653,
2026-07-17,NSE,WIPRO,raw_l2/trade_date=2026-07-17/exchange=NSE/symbol=WIPRO/part-080926_523464-035968.parquet,real_data_sample\l2_unseen_validation\trade_date=2026-07-17\exchange=NSE\symbol=WIPRO\part-080926_523464-035968.parquet,34748,downloaded,34748,
2026-07-17,NSE,WIPRO,raw_l2/trade_date=2026-07-17/exchange=NSE/symbol=WIPRO/part-080222_391733-035040.parquet,real_data_sample\l2_unseen_validation\trade_date=2026-07-17\exchange=NSE\symbol=WIPRO\part-080222_391733-035040.parquet,34700,downloaded,34700,
2026-07-17,NSE,WIPRO,raw_l2/trade_date=2026-07-17/exchange=NSE/symbol=WIPRO/part-080208_297617-035008.parquet,real_data_sample\l2_unseen_validation\trade_date=2026-07-17\exchange=NSE\symbol=WIPRO\part-080208_297617-035008.parquet,34742,downloaded,34742,
2026-07-17,NSE,WIPRO,raw_l2/trade_date=2026-07-17/exchange=NSE/symbol=WIPRO/part-080941_058163-036000.parquet,real_data_sample\l2_unseen_validation\trade_date=2026-07-17\exchange=NSE\symbol=WIPRO\part-080941_058163-036000.parquet,34988,downloaded,34988,
2026-07-17,NSE,WIPRO,raw_l2/trade_date=2026-07-17/exchange=NSE/symbol=WIPRO/part-081025_821844-036096.parquet,real_data_sample\l2_unseen_validation\trade_date=2026-07-17\exchange=NSE\symbol=WIPRO\part-081025_821844-036096.parquet,34901,downloaded,34901,
2026-07-17,NSE,WIPRO,raw_l2/trade_date=2026-07-17/exchange=NSE/symbol=WIPRO/part-081054_276394-036160.parquet,real_data_sample\l2_unseen_validation\trade_date=2026-07-17\exchange=NSE\symbol=WIPRO\part-081054_276394-036160.parquet,34935,downloaded,34935,
2026-07-17,NSE,WIPRO,raw_l2/trade_date=2026-07-17/exchange=NSE/symbol=WIPRO/part-081122_566141-036224.parquet,real_data_sample\l2_unseen_validation\trade_date=2026-07-17\exchange=NSE\symbol=WIPRO\part-081122_566141-036224.parquet,34842,downloaded,34842,
2026-07-17,NSE,WIPRO,raw_l2/trade_date=2026-07-17/exchange=NSE/symbol=WIPRO/part-081040_159138-036128.parquet,real_data_sample\l2_unseen_validation\trade_date=2026-07-17\exchange=NSE\symbol=WIPRO\part-081040_159138-036128.parquet,34828,downloaded,34828,
2026-07-17,NSE,WIPRO,raw_l2/trade_date=2026-07-17/exchange=NSE/symbol=WIPRO/part-081247_646281-036416.parquet,real_data_sample\l2_unseen_validation\trade_date=2026-07-17\exchange=NSE\symbol=WIPRO\part-081247_646281-036416.parquet,34920,downloaded,34920,
2026-07-17,NSE,WIPRO,raw_l2/trade_date=2026-07-17/exchange=NSE/symbol=WIPRO/part-081233_388500-036384.parquet,real_data_sample\l2_unseen_validation\trade_date=2026-07-17\exchange=NSE\symbol=WIPRO\part-081233_388500-036384.parquet,34988,downloaded,34988,
2026-07-17,NSE,WIPRO,raw_l2/trade_date=2026-07-17/exchange=NSE/symbol=WIPRO/part-080955_536439-036032.parquet,real_data_sample\l2_unseen_validation\trade_date=2026-07-17\exchange=NSE\symbol=WIPRO\part-080955_536439-036032.parquet,34924,downloaded,34924,
2026-07-17,NSE,WIPRO,raw_l2/trade_date=2026-07-17/exchange=NSE/symbol=WIPRO/part-081510_377472-036736.parquet,real_data_sample\l2_unseen_validation\trade_date=2026-07-17\exchange=NSE\symbol=WIPRO\part-081510_377472-036736.parquet,34699,downloaded,34699,
2026-07-17,NSE,WIPRO,raw_l2/trade_date=2026-07-17/exchange=NSE/symbol=WIPRO/part-081010_751524-036064.parquet,real_data_sample\l2_unseen_validation\trade_date=2026-07-17\exchange=NSE\symbol=WIPRO\part-081010_751524-036064.parquet,34961,downloaded,34961,
2026-07-17,NSE,WIPRO,raw_l2/trade_date=2026-07-17/exchange=NSE/symbol=WIPRO/part-081442_343591-036672.parquet,real_data_sample\l2_unseen_validation\trade_date=2026-07-17\exchange=NSE\symbol=WIPRO\part-081442_343591-036672.parquet,34619,downloaded,34619,
2026-07-17,NSE,WIPRO,raw_l2/trade_date=2026-07-17/exchange=NSE/symbol=WIPRO/part-081456_276692-036704.parquet,real_data_sample\l2_unseen_validation\trade_date=2026-07-17\exchange=NSE\symbol=WIPRO\part-081456_276692-036704.parquet,34792,downloaded,34792,
2026-07-17,NSE,WIPRO,raw_l2/trade_date=2026-07-17/exchange=NSE/symbol=WIPRO/part-081302_682146-036448.parquet,real_data_sample\l2_unseen_validation\trade_date=2026-07-17\exchange=NSE\symbol=WIPRO\part-081302_682146-036448.parquet,34864,downloaded,34864,
2026-07-17,NSE,WIPRO,raw_l2/trade_date=2026-07-17/exchange=NSE/symbol=WIPRO/part-080842_126338-035872.parquet,real_data_sample\l2_unseen_validation\trade_date=2026-07-17\exchange=NSE\symbol=WIPRO\part-080842_126338-035872.parquet,34731,downloaded,34731,
2026-07-17,NSE,WIPRO,raw_l2/trade_date=2026-07-17/exchange=NSE/symbol=WIPRO/part-081414_044536-036608.parquet,real_data_sample\l2_unseen_validation\trade_date=2026-07-17\exchange=NSE\symbol=WIPRO\part-081414_044536-036608.parquet,34933,downloaded,34933,
2026-07-17,NSE,WIPRO,raw_l2/trade_date=2026-07-17/exchange=NSE/symbol=WIPRO/part-081359_805261-036576.parquet,real_data_sample\l2_unseen_validation\trade_date=2026-07-17\exchange=NSE\symbol=WIPRO\part-081359_805261-036576.parquet,34646,downloaded,34646,
2026-07-17,NSE,WIPRO,raw_l2/trade_date=2026-07-17/exchange=NSE/symbol=WIPRO/part-081428_129140-036640.parquet,real_data_sample\l2_unseen_validation\trade_date=2026-07-17\exchange=NSE\symbol=WIPRO\part-081428_129140-036640.parquet,34979,downloaded,34979,
2026-07-17,NSE,WIPRO,raw_l2/trade_date=2026-07-17/exchange=NSE/symbol=WIPRO/part-081345_331574-036544.parquet,real_data_sample\l2_unseen_validation\trade_date=2026-07-17\exchange=NSE\symbol=WIPRO\part-081345_331574-036544.parquet,34867,downloaded,34867,
2026-07-17,NSE,WIPRO,raw_l2/trade_date=2026-07-17/exchange=NSE/symbol=WIPRO/part-081317_102807-036480.parquet,real_data_sample\l2_unseen_validation\trade_date=2026-07-17\exchange=NSE\symbol=WIPRO\part-081317_102807-036480.parquet,34818,downloaded,34818,
2026-07-17,NSE,WIPRO,raw_l2/trade_date=2026-07-17/exchange=NSE/symbol=WIPRO/part-081108_406045-036192.parquet,real_data_sample\l2_unseen_validation\trade_date=2026-07-17\exchange=NSE\symbol=WIPRO\part-081108_406045-036192.parquet,34759,downloaded,34759,
2026-07-17,NSE,WIPRO,raw_l2/trade_date=2026-07-17/exchange=NSE/symbol=WIPRO/part-081331_212487-036512.parquet,real_data_sample\l2_unseen_validation\trade_date=2026-07-17\exchange=NSE\symbol=WIPRO\part-081331_212487-036512.parquet,34706,downloaded,34706,
2026-07-17,NSE,WIPRO,raw_l2/trade_date=2026-07-17/exchange=NSE/symbol=WIPRO/part-081136_548523-036256.parquet,real_data_sample\l2_unseen_validation\trade_date=2026-07-17\exchange=NSE\symbol=WIPRO\part-081136_548523-036256.parquet,34938,downloaded,34938,
2026-07-17,NSE,WIPRO,raw_l2/trade_date=2026-07-17/exchange=NSE/symbol=WIPRO/part-081204_924305-036320.parquet,real_data_sample\l2_unseen_validation\trade_date=2026-07-17\exchange=NSE\symbol=WIPRO\part-081204_924305-036320.parquet,34824,downloaded,34824,
2026-07-17,NSE,WIPRO,raw_l2/trade_date=2026-07-17/exchange=NSE/symbol=WIPRO/part-081218_892256-036352.parquet,real_data_sample\l2_unseen_validation\trade_date=2026-07-17\exchange=NSE\symbol=WIPRO\part-081218_892256-036352.parquet,34793,downloaded,34793,
2026-07-17,NSE,WIPRO,raw_l2/trade_date=2026-07-17/exchange=NSE/symbol=WIPRO/part-081150_675303-036288.parquet,real_data_sample\l2_unseen_validation\trade_date=2026-07-17\exchange=NSE\symbol=WIPRO\part-081150_675303-036288.parquet,34647,downloaded,34647,
2026-07-17,NSE,WIPRO,raw_l2/trade_date=2026-07-17/exchange=NSE/symbol=WIPRO/part-080856_959384-035904.parquet,real_data_sample\l2_unseen_validation\trade_date=2026-07-17\exchange=NSE\symbol=WIPRO\part-080856_959384-035904.parquet,35104,downloaded,35104,
2026-07-17,NSE,WIPRO,raw_l2/trade_date=2026-07-17/exchange=NSE/symbol=WIPRO/part-081524_618711-036768.parquet,real_data_sample\l2_unseen_validation\trade_date=2026-07-17\exchange=NSE\symbol=WIPRO\part-081524_618711-036768.parquet,34660,downloaded,34660,
2026-07-17,NSE,WIPRO,raw_l2/trade_date=2026-07-17/exchange=NSE/symbol=WIPRO/part-080911_383874-035936.parquet,real_data_sample\l2_unseen_validation\trade_date=2026-07-17\exchange=NSE\symbol=WIPRO\part-080911_383874-035936.parquet,34763,downloaded,34763,
2026-07-17,NSE,WIPRO,raw_l2/trade_date=2026-07-17/exchange=NSE/symbol=WIPRO/part-081620_513554-036896.parquet,real_data_sample\l2_unseen_validation\trade_date=2026-07-17\exchange=NSE\symbol=WIPRO\part-081620_513554-036896.parquet,34580,downloaded,34580,
2026-07-17,NSE,WIPRO,raw_l2/trade_date=2026-07-17/exchange=NSE/symbol=WIPRO/part-081552_525210-036832.parquet,real_data_sample\l2_unseen_validation\trade_date=2026-07-17\exchange=NSE\symbol=WIPRO\part-081552_525210-036832.parquet,34825,downloaded,34825,
2026-07-17,NSE,WIPRO,raw_l2/trade_date=2026-07-17/exchange=NSE/symbol=WIPRO/part-081732_054335-037056.parquet,real_data_sample\l2_unseen_validation\trade_date=2026-07-17\exchange=NSE\symbol=WIPRO\part-081732_054335-037056.parquet,34664,downloaded,34664,
2026-07-17,NSE,WIPRO,raw_l2/trade_date=2026-07-17/exchange=NSE/symbol=WIPRO/part-081814_890535-037152.parquet,real_data_sample\l2_unseen_validation\trade_date=2026-07-17\exchange=NSE\symbol=WIPRO\part-081814_890535-037152.parquet,34942,downloaded,34942,
2026-07-17,NSE,WIPRO,raw_l2/trade_date=2026-07-17/exchange=NSE/symbol=WIPRO/part-081800_409235-037120.parquet,real_data_sample\l2_unseen_validation\trade_date=2026-07-17\exchange=NSE\symbol=WIPRO\part-081800_409235-037120.parquet,35017,downloaded,35017,
2026-07-17,NSE,WIPRO,raw_l2/trade_date=2026-07-17/exchange=NSE/symbol=WIPRO/part-082136_081380-037600.parquet,real_data_sample\l2_unseen_validation\trade_date=2026-07-17\exchange=NSE\symbol=WIPRO\part-082136_081380-037600.parquet,34969,downloaded,34969,
2026-07-17,NSE,WIPRO,raw_l2/trade_date=2026-07-17/exchange=NSE/symbol=WIPRO/part-081746_299605-037088.parquet,real_data_sample\l2_unseen_validation\trade_date=2026-07-17\exchange=NSE\symbol=WIPRO\part-081746_299605-037088.parquet,34706,downloaded,34706,
2026-07-17,NSE,WIPRO,raw_l2/trade_date=2026-07-17/exchange=NSE/symbol=WIPRO/part-081843_869695-037216.parquet,real_data_sample\l2_unseen_validation\trade_date=2026-07-17\exchange=NSE\symbol=WIPRO\part-081843_869695-037216.parquet,34870,downloaded,34870,
2026-07-17,NSE,WIPRO,raw_l2/trade_date=2026-07-17/exchange=NSE/symbol=WIPRO/part-082150_170789-037632.parquet,real_data_sample\l2_unseen_validation\trade_date=2026-07-17\exchange=NSE\symbol=WIPRO\part-082150_170789-037632.parquet,34839,downloaded,34839,
2026-07-17,NSE,WIPRO,raw_l2/trade_date=2026-07-17/exchange=NSE/symbol=WIPRO/part-082204_381968-037664.parquet,real_data_sample\l2_unseen_validation\trade_date=2026-07-17\exchange=NSE\symbol=WIPRO\part-082204_381968-037664.parquet,34702,downloaded,34702,
2026-07-17,NSE,WIPRO,raw_l2/trade_date=2026-07-17/exchange=NSE/symbol=WIPRO/part-081911_906929-037280.parquet,real_data_sample\l2_unseen_validation\trade_date=2026-07-17\exchange=NSE\symbol=WIPRO\part-081911_906929-037280.parquet,34729,downloaded,34729,
2026-07-17,NSE,WIPRO,raw_l2/trade_date=2026-07-17/exchange=NSE/symbol=WIPRO/part-081829_226374-037184.parquet,real_data_sample\l2_unseen_validation\trade_date=2026-07-17\exchange=NSE\symbol=WIPRO\part-081829_226374-037184.parquet,34749,downloaded,34749,
2026-07-17,NSE,WIPRO,raw_l2/trade_date=2026-07-17/exchange=NSE/symbol=WIPRO/part-081954_778497-037376.parquet,real_data_sample\l2_unseen_validation\trade_date=2026-07-17\exchange=NSE\symbol=WIPRO\part-081954_778497-037376.parquet,34768,downloaded,34768,
2026-07-17,NSE,WIPRO,raw_l2/trade_date=2026-07-17/exchange=NSE/symbol=WIPRO/part-082218_448510-037696.parquet,real_data_sample\l2_unseen_validation\trade_date=2026-07-17\exchange=NSE\symbol=WIPRO\part-082218_448510-037696.parquet,34806,downloaded,34806,
2026-07-17,NSE,WIPRO,raw_l2/trade_date=2026-07-17/exchange=NSE/symbol=WIPRO/part-082008_883646-037408.parquet,real_data_sample\l2_unseen_validation\trade_date=2026-07-17\exchange=NSE\symbol=WIPRO\part-082008_883646-037408.parquet,34709,downloaded,34709,
2026-07-17,NSE,WIPRO,raw_l2/trade_date=2026-07-17/exchange=NSE/symbol=WIPRO/part-081857_848522-037248.parquet,real_data_sample\l2_unseen_validation\trade_date=2026-07-17\exchange=NSE\symbol=WIPRO\part-081857_848522-037248.parquet,34897,downloaded,34897,
2026-07-17,NSE,WIPRO,raw_l2/trade_date=2026-07-17/exchange=NSE/symbol=WIPRO/part-082052_990615-037504.parquet,real_data_sample\l2_unseen_validation\trade_date=2026-07-17\exchange=NSE\symbol=WIPRO\part-082052_990615-037504.parquet,34961,downloaded,34961,
2026-07-17,NSE,WIPRO,raw_l2/trade_date=2026-07-17/exchange=NSE/symbol=WIPRO/part-081926_356507-037312.parquet,real_data_sample\l2_unseen_validation\trade_date=2026-07-17\exchange=NSE\symbol=WIPRO\part-081926_356507-037312.parquet,34848,downloaded,34848,
2026-07-17,NSE,WIPRO,raw_l2/trade_date=2026-07-17/exchange=NSE/symbol=WIPRO/part-082038_080512-037472.parquet,real_data_sample\l2_unseen_validation\trade_date=2026-07-17\exchange=NSE\symbol=WIPRO\part-082038_080512-037472.parquet,34705,downloaded,34705,
2026-07-17,NSE,WIPRO,raw_l2/trade_date=2026-07-17/exchange=NSE/symbol=WIPRO/part-082023_309221-037440.parquet,real_data_sample\l2_unseen_validation\trade_date=2026-07-17\exchange=NSE\symbol=WIPRO\part-082023_309221-037440.parquet,34686,downloaded,34686,
2026-07-17,NSE,WIPRO,raw_l2/trade_date=2026-07-17/exchange=NSE/symbol=WIPRO/part-082107_428829-037536.parquet,real_data_sample\l2_unseen_validation\trade_date=2026-07-17\exchange=NSE\symbol=WIPRO\part-082107_428829-037536.parquet,34650,downloaded,34650,
2026-07-17,NSE,WIPRO,raw_l2/trade_date=2026-07-17/exchange=NSE/symbol=WIPRO/part-082121_675956-037568.parquet,real_data_sample\l2_unseen_validation\trade_date=2026-07-17\exchange=NSE\symbol=WIPRO\part-082121_675956-037568.parquet,34860,downloaded,34860,
2026-07-17,NSE,WIPRO,raw_l2/trade_date=2026-07-17/exchange=NSE/symbol=WIPRO/part-081717_152055-037024.parquet,real_data_sample\l2_unseen_validation\trade_date=2026-07-17\exchange=NSE\symbol=WIPRO\part-081717_152055-037024.parquet,34627,downloaded,34627,
2026-07-17,NSE,WIPRO,raw_l2/trade_date=2026-07-17/exchange=NSE/symbol=WIPRO/part-081538_604973-036800.parquet,real_data_sample\l2_unseen_validation\trade_date=2026-07-17\exchange=NSE\symbol=WIPRO\part-081538_604973-036800.parquet,34700,downloaded,34700,
2026-07-17,NSE,WIPRO,raw_l2/trade_date=2026-07-17/exchange=NSE/symbol=WIPRO/part-081648_712093-036960.parquet,real_data_sample\l2_unseen_validation\trade_date=2026-07-17\exchange=NSE\symbol=WIPRO\part-081648_712093-036960.parquet,34538,downloaded,34538,
2026-07-17,NSE,WIPRO,raw_l2/trade_date=2026-07-17/exchange=NSE/symbol=WIPRO/part-081702_962656-036992.parquet,real_data_sample\l2_unseen_validation\trade_date=2026-07-17\exchange=NSE\symbol=WIPRO\part-081702_962656-036992.parquet,34663,downloaded,34663,
2026-07-17,NSE,WIPRO,raw_l2/trade_date=2026-07-17/exchange=NSE/symbol=WIPRO/part-081634_531938-036928.parquet,real_data_sample\l2_unseen_validation\trade_date=2026-07-17\exchange=NSE\symbol=WIPRO\part-081634_531938-036928.parquet,34683,downloaded,34683,
2026-07-17,NSE,WIPRO,raw_l2/trade_date=2026-07-17/exchange=NSE/symbol=WIPRO/part-082246_818819-037760.parquet,real_data_sample\l2_unseen_validation\trade_date=2026-07-17\exchange=NSE\symbol=WIPRO\part-082246_818819-037760.parquet,34747,downloaded,34747,
2026-07-17,NSE,WIPRO,raw_l2/trade_date=2026-07-17/exchange=NSE/symbol=WIPRO/part-081940_671341-037344.parquet,real_data_sample\l2_unseen_validation\trade_date=2026-07-17\exchange=NSE\symbol=WIPRO\part-081940_671341-037344.parquet,34803,downloaded,34803,
2026-07-17,NSE,WIPRO,raw_l2/trade_date=2026-07-17/exchange=NSE/symbol=WIPRO/part-082232_707550-037728.parquet,real_data_sample\l2_unseen_validation\trade_date=2026-07-17\exchange=NSE\symbol=WIPRO\part-082232_707550-037728.parquet,34765,downloaded,34765,
2026-07-17,NSE,WIPRO,raw_l2/trade_date=2026-07-17/exchange=NSE/symbol=WIPRO/part-081606_546383-036864.parquet,real_data_sample\l2_unseen_validation\trade_date=2026-07-17\exchange=NSE\symbol=WIPRO\part-081606_546383-036864.parquet,34972,downloaded,34972,
2026-07-17,NSE,WIPRO,raw_l2/trade_date=2026-07-17/exchange=NSE/symbol=WIPRO/part-082329_810332-037856.parquet,real_data_sample\l2_unseen_validation\trade_date=2026-07-17\exchange=NSE\symbol=WIPRO\part-082329_810332-037856.parquet,34854,downloaded,34854,
2026-07-17,NSE,WIPRO,raw_l2/trade_date=2026-07-17/exchange=NSE/symbol=WIPRO/part-082343_716629-037888.parquet,real_data_sample\l2_unseen_validation\trade_date=2026-07-17\exchange=NSE\symbol=WIPRO\part-082343_716629-037888.parquet,34761,downloaded,34761,
2026-07-17,NSE,WIPRO,raw_l2/trade_date=2026-07-17/exchange=NSE/symbol=WIPRO/part-082941_425118-038688.parquet,real_data_sample\l2_unseen_validation\trade_date=2026-07-17\exchange=NSE\symbol=WIPRO\part-082941_425118-038688.parquet,34876,downloaded,34876,
2026-07-17,NSE,WIPRO,raw_l2/trade_date=2026-07-17/exchange=NSE/symbol=WIPRO/part-082536_814610-038144.parquet,real_data_sample\l2_unseen_validation\trade_date=2026-07-17\exchange=NSE\symbol=WIPRO\part-082536_814610-038144.parquet,34717,downloaded,34717,
2026-07-17,NSE,WIPRO,raw_l2/trade_date=2026-07-17/exchange=NSE/symbol=WIPRO/part-082702_727309-038336.parquet,real_data_sample\l2_unseen_validation\trade_date=2026-07-17\exchange=NSE\symbol=WIPRO\part-082702_727309-038336.parquet,34945,downloaded,34945,
2026-07-17,NSE,WIPRO,raw_l2/trade_date=2026-07-17/exchange=NSE/symbol=WIPRO/part-082411_975176-037952.parquet,real_data_sample\l2_unseen_validation\trade_date=2026-07-17\exchange=NSE\symbol=WIPRO\part-082411_975176-037952.parquet,34872,downloaded,34872,
2026-07-17,NSE,WIPRO,raw_l2/trade_date=2026-07-17/exchange=NSE/symbol=WIPRO/part-082315_625019-037824.parquet,real_data_sample\l2_unseen_validation\trade_date=2026-07-17\exchange=NSE\symbol=WIPRO\part-082315_625019-037824.parquet,34661,downloaded,34661,
2026-07-17,NSE,WIPRO,raw_l2/trade_date=2026-07-17/exchange=NSE/symbol=WIPRO/part-082829_110179-038528.parquet,real_data_sample\l2_unseen_validation\trade_date=2026-07-17\exchange=NSE\symbol=WIPRO\part-082829_110179-038528.parquet,35004,downloaded,35004,
2026-07-17,NSE,WIPRO,raw_l2/trade_date=2026-07-17/exchange=NSE/symbol=WIPRO/part-082454_299400-038048.parquet,real_data_sample\l2_unseen_validation\trade_date=2026-07-17\exchange=NSE\symbol=WIPRO\part-082454_299400-038048.parquet,34872,downloaded,34872,
2026-07-17,NSE,WIPRO,raw_l2/trade_date=2026-07-17/exchange=NSE/symbol=WIPRO/part-082912_511759-038624.parquet,real_data_sample\l2_unseen_validation\trade_date=2026-07-17\exchange=NSE\symbol=WIPRO\part-082912_511759-038624.parquet,34837,downloaded,34837,
2026-07-17,NSE,WIPRO,raw_l2/trade_date=2026-07-17/exchange=NSE/symbol=WIPRO/part-082731_212768-038400.parquet,real_data_sample\l2_unseen_validation\trade_date=2026-07-17\exchange=NSE\symbol=WIPRO\part-082731_212768-038400.parquet,34752,downloaded,34752,
2026-07-17,NSE,WIPRO,raw_l2/trade_date=2026-07-17/exchange=NSE/symbol=WIPRO/part-082508_362038-038080.parquet,real_data_sample\l2_unseen_validation\trade_date=2026-07-17\exchange=NSE\symbol=WIPRO\part-082508_362038-038080.parquet,34739,downloaded,34739,
2026-07-17,NSE,WIPRO,raw_l2/trade_date=2026-07-17/exchange=NSE/symbol=WIPRO/part-082759_932498-038464.parquet,real_data_sample\l2_unseen_validation\trade_date=2026-07-17\exchange=NSE\symbol=WIPRO\part-082759_932498-038464.parquet,34551,downloaded,34551,
2026-07-17,NSE,WIPRO,raw_l2/trade_date=2026-07-17/exchange=NSE/symbol=WIPRO/part-082634_529316-038272.parquet,real_data_sample\l2_unseen_validation\trade_date=2026-07-17\exchange=NSE\symbol=WIPRO\part-082634_529316-038272.parquet,34707,downloaded,34707,
2026-07-17,NSE,WIPRO,raw_l2/trade_date=2026-07-17/exchange=NSE/symbol=WIPRO/part-082440_143422-038016.parquet,real_data_sample\l2_unseen_validation\trade_date=2026-07-17\exchange=NSE\symbol=WIPRO\part-082440_143422-038016.parquet,34857,downloaded,34857,
2026-07-17,NSE,WIPRO,raw_l2/trade_date=2026-07-17/exchange=NSE/symbol=WIPRO/part-082551_365742-038176.parquet,real_data_sample\l2_unseen_validation\trade_date=2026-07-17\exchange=NSE\symbol=WIPRO\part-082551_365742-038176.parquet,34731,downloaded,34731,
2026-07-17,NSE,WIPRO,raw_l2/trade_date=2026-07-17/exchange=NSE/symbol=WIPRO/part-082605_709941-038208.parquet,real_data_sample\l2_unseen_validation\trade_date=2026-07-17\exchange=NSE\symbol=WIPRO\part-082605_709941-038208.parquet,35008,downloaded,35008,
2026-07-17,NSE,WIPRO,raw_l2/trade_date=2026-07-17/exchange=NSE/symbol=WIPRO/part-082619_947110-038240.parquet,real_data_sample\l2_unseen_validation\trade_date=2026-07-17\exchange=NSE\symbol=WIPRO\part-082619_947110-038240.parquet,34789,downloaded,34789,
2026-07-17,NSE,WIPRO,raw_l2/trade_date=2026-07-17/exchange=NSE/symbol=WIPRO/part-082717_090919-038368.parquet,real_data_sample\l2_unseen_validation\trade_date=2026-07-17\exchange=NSE\symbol=WIPRO\part-082717_090919-038368.parquet,34886,downloaded,34886,
2026-07-17,NSE,WIPRO,raw_l2/trade_date=2026-07-17/exchange=NSE/symbol=WIPRO/part-082927_013257-038656.parquet,real_data_sample\l2_unseen_validation\trade_date=2026-07-17\exchange=NSE\symbol=WIPRO\part-082927_013257-038656.parquet,34861,downloaded,34861,
2026-07-17,NSE,WIPRO,raw_l2/trade_date=2026-07-17/exchange=NSE/symbol=WIPRO/part-082814_530016-038496.parquet,real_data_sample\l2_unseen_validation\trade_date=2026-07-17\exchange=NSE\symbol=WIPRO\part-082814_530016-038496.parquet,34514,downloaded,34514,
2026-07-17,NSE,WIPRO,raw_l2/trade_date=2026-07-17/exchange=NSE/symbol=WIPRO/part-082857_842360-038592.parquet,real_data_sample\l2_unseen_validation\trade_date=2026-07-17\exchange=NSE\symbol=WIPRO\part-082857_842360-038592.parquet,34674,downloaded,34674,
2026-07-17,NSE,WIPRO,raw_l2/trade_date=2026-07-17/exchange=NSE/symbol=WIPRO/part-082648_608046-038304.parquet,real_data_sample\l2_unseen_validation\trade_date=2026-07-17\exchange=NSE\symbol=WIPRO\part-082648_608046-038304.parquet,34914,downloaded,34914,
2026-07-17,NSE,WIPRO,raw_l2/trade_date=2026-07-17/exchange=NSE/symbol=WIPRO/part-082357_840383-037920.parquet,real_data_sample\l2_unseen_validation\trade_date=2026-07-17\exchange=NSE\symbol=WIPRO\part-082357_840383-037920.parquet,34860,downloaded,34860,
2026-07-17,NSE,WIPRO,raw_l2/trade_date=2026-07-17/exchange=NSE/symbol=WIPRO/part-082745_554045-038432.parquet,real_data_sample\l2_unseen_validation\trade_date=2026-07-17\exchange=NSE\symbol=WIPRO\part-082745_554045-038432.parquet,34572,downloaded,34572,
2026-07-17,NSE,WIPRO,raw_l2/trade_date=2026-07-17/exchange=NSE/symbol=WIPRO/part-082522_504064-038112.parquet,real_data_sample\l2_unseen_validation\trade_date=2026-07-17\exchange=NSE\symbol=WIPRO\part-082522_504064-038112.parquet,34815,downloaded,34815,
2026-07-17,NSE,WIPRO,raw_l2/trade_date=2026-07-17/exchange=NSE/symbol=WIPRO/part-082426_097795-037984.parquet,real_data_sample\l2_unseen_validation\trade_date=2026-07-17\exchange=NSE\symbol=WIPRO\part-082426_097795-037984.parquet,34633,downloaded,34633,
2026-07-17,NSE,WIPRO,raw_l2/trade_date=2026-07-17/exchange=NSE/symbol=WIPRO/part-082956_109971-038720.parquet,real_data_sample\l2_unseen_validation\trade_date=2026-07-17\exchange=NSE\symbol=WIPRO\part-082956_109971-038720.parquet,34618,downloaded,34618,
2026-07-17,NSE,WIPRO,raw_l2/trade_date=2026-07-17/exchange=NSE/symbol=WIPRO/part-082301_137687-037792.parquet,real_data_sample\l2_unseen_validation\trade_date=2026-07-17\exchange=NSE\symbol=WIPRO\part-082301_137687-037792.parquet,34569,downloaded,34569,
2026-07-17,NSE,WIPRO,raw_l2/trade_date=2026-07-17/exchange=NSE/symbol=WIPRO/part-083010_799492-038752.parquet,real_data_sample\l2_unseen_validation\trade_date=2026-07-17\exchange=NSE\symbol=WIPRO\part-083010_799492-038752.parquet,34872,downloaded,34872,
2026-07-17,NSE,WIPRO,raw_l2/trade_date=2026-07-17/exchange=NSE/symbol=WIPRO/part-083250_653965-039104.parquet,real_data_sample\l2_unseen_validation\trade_date=2026-07-17\exchange=NSE\symbol=WIPRO\part-083250_653965-039104.parquet,34675,downloaded,34675,
2026-07-17,NSE,WIPRO,raw_l2/trade_date=2026-07-17/exchange=NSE/symbol=WIPRO/part-083319_766833-039168.parquet,real_data_sample\l2_unseen_validation\trade_date=2026-07-17\exchange=NSE\symbol=WIPRO\part-083319_766833-039168.parquet,35000,downloaded,35000,
2026-07-17,NSE,WIPRO,raw_l2/trade_date=2026-07-17/exchange=NSE/symbol=WIPRO/part-083039_409482-038816.parquet,real_data_sample\l2_unseen_validation\trade_date=2026-07-17\exchange=NSE\symbol=WIPRO\part-083039_409482-038816.parquet,34515,downloaded,34515,
2026-07-17,NSE,WIPRO,raw_l2/trade_date=2026-07-17/exchange=NSE/symbol=WIPRO/part-083236_013806-039072.parquet,real_data_sample\l2_unseen_validation\trade_date=2026-07-17\exchange=NSE\symbol=WIPRO\part-083236_013806-039072.parquet,34893,downloaded,34893,
2026-07-17,NSE,WIPRO,raw_l2/trade_date=2026-07-17/exchange=NSE/symbol=WIPRO/part-083206_650968-039008.parquet,real_data_sample\l2_unseen_validation\trade_date=2026-07-17\exchange=NSE\symbol=WIPRO\part-083206_650968-039008.parquet,34723,downloaded,34723,
2026-07-17,NSE,WIPRO,raw_l2/trade_date=2026-07-17/exchange=NSE/symbol=WIPRO/part-083137_933170-038944.parquet,real_data_sample\l2_unseen_validation\trade_date=2026-07-17\exchange=NSE\symbol=WIPRO\part-083137_933170-038944.parquet,34662,downloaded,34662,
2026-07-17,NSE,WIPRO,raw_l2/trade_date=2026-07-17/exchange=NSE/symbol=WIPRO/part-083108_564119-038880.parquet,real_data_sample\l2_unseen_validation\trade_date=2026-07-17\exchange=NSE\symbol=WIPRO\part-083108_564119-038880.parquet,34787,downloaded,34787,
2026-07-17,NSE,WIPRO,raw_l2/trade_date=2026-07-17/exchange=NSE/symbol=WIPRO/part-083305_224472-039136.parquet,real_data_sample\l2_unseen_validation\trade_date=2026-07-17\exchange=NSE\symbol=WIPRO\part-083305_224472-039136.parquet,35088,downloaded,35088,
2026-07-17,NSE,WIPRO,raw_l2/trade_date=2026-07-17/exchange=NSE/symbol=WIPRO/part-083221_453953-039040.parquet,real_data_sample\l2_unseen_validation\trade_date=2026-07-17\exchange=NSE\symbol=WIPRO\part-083221_453953-039040.parquet,34791,downloaded,34791,
2026-07-17,NSE,WIPRO,raw_l2/trade_date=2026-07-17/exchange=NSE/symbol=WIPRO/part-083053_760847-038848.parquet,real_data_sample\l2_unseen_validation\trade_date=2026-07-17\exchange=NSE\symbol=WIPRO\part-083053_760847-038848.parquet,34873,downloaded,34873,
2026-07-17,NSE,WIPRO,raw_l2/trade_date=2026-07-17/exchange=NSE/symbol=WIPRO/part-083152_167667-038976.parquet,real_data_sample\l2_unseen_validation\trade_date=2026-07-17\exchange=NSE\symbol=WIPRO\part-083152_167667-038976.parquet,34699,downloaded,34699,
2026-07-17,NSE,WIPRO,raw_l2/trade_date=2026-07-17/exchange=NSE/symbol=WIPRO/part-083348_383396-039232.parquet,real_data_sample\l2_unseen_validation\trade_date=2026-07-17\exchange=NSE\symbol=WIPRO\part-083348_383396-039232.parquet,35103,downloaded,35103,
2026-07-17,NSE,WIPRO,raw_l2/trade_date=2026-07-17/exchange=NSE/symbol=WIPRO/part-083123_259297-038912.parquet,real_data_sample\l2_unseen_validation\trade_date=2026-07-17\exchange=NSE\symbol=WIPRO\part-083123_259297-038912.parquet,34716,downloaded,34716,
2026-07-17,NSE,WIPRO,raw_l2/trade_date=2026-07-17/exchange=NSE/symbol=WIPRO/part-083334_094441-039200.parquet,real_data_sample\l2_unseen_validation\trade_date=2026-07-17\exchange=NSE\symbol=WIPRO\part-083334_094441-039200.parquet,34724,downloaded,34724,
2026-07-17,NSE,WIPRO,raw_l2/trade_date=2026-07-17/exchange=NSE/symbol=WIPRO/part-082843_408066-038560.parquet,real_data_sample\l2_unseen_validation\trade_date=2026-07-17\exchange=NSE\symbol=WIPRO\part-082843_408066-038560.parquet,34743,downloaded,34743,
2026-07-17,NSE,WIPRO,raw_l2/trade_date=2026-07-17/exchange=NSE/symbol=WIPRO/part-083542_680992-039488.parquet,real_data_sample\l2_unseen_validation\trade_date=2026-07-17\exchange=NSE\symbol=WIPRO\part-083542_680992-039488.parquet,34807,downloaded,34807,
2026-07-17,NSE,WIPRO,raw_l2/trade_date=2026-07-17/exchange=NSE/symbol=WIPRO/part-083611_321453-039552.parquet,real_data_sample\l2_unseen_validation\trade_date=2026-07-17\exchange=NSE\symbol=WIPRO\part-083611_321453-039552.parquet,34782,downloaded,34782,
2026-07-17,NSE,WIPRO,raw_l2/trade_date=2026-07-17/exchange=NSE/symbol=WIPRO/part-083514_399403-039424.parquet,real_data_sample\l2_unseen_validation\trade_date=2026-07-17\exchange=NSE\symbol=WIPRO\part-083514_399403-039424.parquet,35806,downloaded,35806,
2026-07-17,NSE,WIPRO,raw_l2/trade_date=2026-07-17/exchange=NSE/symbol=WIPRO/part-083445_759927-039360.parquet,real_data_sample\l2_unseen_validation\trade_date=2026-07-17\exchange=NSE\symbol=WIPRO\part-083445_759927-039360.parquet,35941,downloaded,35941,
2026-07-17,NSE,WIPRO,raw_l2/trade_date=2026-07-17/exchange=NSE/symbol=WIPRO/part-083500_363522-039392.parquet,real_data_sample\l2_unseen_validation\trade_date=2026-07-17\exchange=NSE\symbol=WIPRO\part-083500_363522-039392.parquet,35447,downloaded,35447,
2026-07-17,NSE,WIPRO,raw_l2/trade_date=2026-07-17/exchange=NSE/symbol=WIPRO/part-083653_946637-039648.parquet,real_data_sample\l2_unseen_validation\trade_date=2026-07-17\exchange=NSE\symbol=WIPRO\part-083653_946637-039648.parquet,34687,downloaded,34687,
2026-07-17,NSE,WIPRO,raw_l2/trade_date=2026-07-17/exchange=NSE/symbol=WIPRO/part-083639_669597-039616.parquet,real_data_sample\l2_unseen_validation\trade_date=2026-07-17\exchange=NSE\symbol=WIPRO\part-083639_669597-039616.parquet,34903,downloaded,34903,
2026-07-17,NSE,WIPRO,raw_l2/trade_date=2026-07-17/exchange=NSE/symbol=WIPRO/part-083556_749219-039520.parquet,real_data_sample\l2_unseen_validation\trade_date=2026-07-17\exchange=NSE\symbol=WIPRO\part-083556_749219-039520.parquet,34895,downloaded,34895,
2026-07-17,NSE,WIPRO,raw_l2/trade_date=2026-07-17/exchange=NSE/symbol=WIPRO/part-083431_374572-039328.parquet,real_data_sample\l2_unseen_validation\trade_date=2026-07-17\exchange=NSE\symbol=WIPRO\part-083431_374572-039328.parquet,36366,downloaded,36366,
2026-07-17,NSE,WIPRO,raw_l2/trade_date=2026-07-17/exchange=NSE/symbol=WIPRO/part-083402_845060-039264.parquet,real_data_sample\l2_unseen_validation\trade_date=2026-07-17\exchange=NSE\symbol=WIPRO\part-083402_845060-039264.parquet,34843,downloaded,34843,
2026-07-17,NSE,WIPRO,raw_l2/trade_date=2026-07-17/exchange=NSE/symbol=WIPRO/part-083417_070678-039296.parquet,real_data_sample\l2_unseen_validation\trade_date=2026-07-17\exchange=NSE\symbol=WIPRO\part-083417_070678-039296.parquet,35216,downloaded,35216,
2026-07-17,NSE,WIPRO,raw_l2/trade_date=2026-07-17/exchange=NSE/symbol=WIPRO/part-083528_576381-039456.parquet,real_data_sample\l2_unseen_validation\trade_date=2026-07-17\exchange=NSE\symbol=WIPRO\part-083528_576381-039456.parquet,34842,downloaded,34842,
2026-07-17,NSE,WIPRO,raw_l2/trade_date=2026-07-17/exchange=NSE/symbol=WIPRO/part-083625_401904-039584.parquet,real_data_sample\l2_unseen_validation\trade_date=2026-07-17\exchange=NSE\symbol=WIPRO\part-083625_401904-039584.parquet,35033,downloaded,35033,
2026-07-17,NSE,WIPRO,raw_l2/trade_date=2026-07-17/exchange=NSE/symbol=WIPRO/part-083707_996538-039680.parquet,real_data_sample\l2_unseen_validation\trade_date=2026-07-17\exchange=NSE\symbol=WIPRO\part-083707_996538-039680.parquet,34614,downloaded,34614,
2026-07-17,NSE,WIPRO,raw_l2/trade_date=2026-07-17/exchange=NSE/symbol=WIPRO/part-083722_222369-039712.parquet,real_data_sample\l2_unseen_validation\trade_date=2026-07-17\exchange=NSE\symbol=WIPRO\part-083722_222369-039712.parquet,34584,downloaded,34584,
2026-07-17,NSE,WIPRO,raw_l2/trade_date=2026-07-17/exchange=NSE/symbol=WIPRO/part-083025_031937-038784.parquet,real_data_sample\l2_unseen_validation\trade_date=2026-07-17\exchange=NSE\symbol=WIPRO\part-083025_031937-038784.parquet,34887,downloaded,34887,
2026-07-17,NSE,WIPRO,raw_l2/trade_date=2026-07-17/exchange=NSE/symbol=WIPRO/part-083847_937063-039904.parquet,real_data_sample\l2_unseen_validation\trade_date=2026-07-17\exchange=NSE\symbol=WIPRO\part-083847_937063-039904.parquet,34880,downloaded,34880,
2026-07-17,NSE,WIPRO,raw_l2/trade_date=2026-07-17/exchange=NSE/symbol=WIPRO/part-084139_876000-040288.parquet,real_data_sample\l2_unseen_validation\trade_date=2026-07-17\exchange=NSE\symbol=WIPRO\part-084139_876000-040288.parquet,34915,downloaded,34915,
2026-07-17,NSE,WIPRO,raw_l2/trade_date=2026-07-17/exchange=NSE/symbol=WIPRO/part-083945_249311-040032.parquet,real_data_sample\l2_unseen_validation\trade_date=2026-07-17\exchange=NSE\symbol=WIPRO\part-083945_249311-040032.parquet,35517,downloaded,35517,
2026-07-17,NSE,WIPRO,raw_l2/trade_date=2026-07-17/exchange=NSE/symbol=WIPRO/part-084042_672010-040160.parquet,real_data_sample\l2_unseen_validation\trade_date=2026-07-17\exchange=NSE\symbol=WIPRO\part-084042_672010-040160.parquet,34982,downloaded,34982,
2026-07-17,NSE,WIPRO,raw_l2/trade_date=2026-07-17/exchange=NSE/symbol=WIPRO/part-084237_300611-040416.parquet,real_data_sample\l2_unseen_validation\trade_date=2026-07-17\exchange=NSE\symbol=WIPRO\part-084237_300611-040416.parquet,34622,downloaded,34622,
2026-07-17,NSE,WIPRO,raw_l2/trade_date=2026-07-17/exchange=NSE/symbol=WIPRO/part-084334_922694-040544.parquet,real_data_sample\l2_unseen_validation\trade_date=2026-07-17\exchange=NSE\symbol=WIPRO\part-084334_922694-040544.parquet,34802,downloaded,34802,
2026-07-17,NSE,WIPRO,raw_l2/trade_date=2026-07-17/exchange=NSE/symbol=WIPRO/part-083819_363505-039840.parquet,real_data_sample\l2_unseen_validation\trade_date=2026-07-17\exchange=NSE\symbol=WIPRO\part-083819_363505-039840.parquet,34632,downloaded,34632,
2026-07-17,NSE,WIPRO,raw_l2/trade_date=2026-07-17/exchange=NSE/symbol=WIPRO/part-084432_805673-040672.parquet,real_data_sample\l2_unseen_validation\trade_date=2026-07-17\exchange=NSE\symbol=WIPRO\part-084432_805673-040672.parquet,34900,downloaded,34900,
2026-07-17,NSE,WIPRO,raw_l2/trade_date=2026-07-17/exchange=NSE/symbol=WIPRO/part-084251_825902-040448.parquet,real_data_sample\l2_unseen_validation\trade_date=2026-07-17\exchange=NSE\symbol=WIPRO\part-084251_825902-040448.parquet,34671,downloaded,34671,
2026-07-17,NSE,WIPRO,raw_l2/trade_date=2026-07-17/exchange=NSE/symbol=WIPRO/part-083805_076260-039808.parquet,real_data_sample\l2_unseen_validation\trade_date=2026-07-17\exchange=NSE\symbol=WIPRO\part-083805_076260-039808.parquet,34645,downloaded,34645,
2026-07-17,NSE,WIPRO,raw_l2/trade_date=2026-07-17/exchange=NSE/symbol=WIPRO/part-084125_457101-040256.parquet,real_data_sample\l2_unseen_validation\trade_date=2026-07-17\exchange=NSE\symbol=WIPRO\part-084125_457101-040256.parquet,34848,downloaded,34848,
2026-07-17,NSE,WIPRO,raw_l2/trade_date=2026-07-17/exchange=NSE/symbol=WIPRO/part-084223_025775-040384.parquet,real_data_sample\l2_unseen_validation\trade_date=2026-07-17\exchange=NSE\symbol=WIPRO\part-084223_025775-040384.parquet,34939,downloaded,34939,
2026-07-17,NSE,WIPRO,raw_l2/trade_date=2026-07-17/exchange=NSE/symbol=WIPRO/part-084208_700871-040352.parquet,real_data_sample\l2_unseen_validation\trade_date=2026-07-17\exchange=NSE\symbol=WIPRO\part-084208_700871-040352.parquet,34824,downloaded,34824,
2026-07-17,NSE,WIPRO,raw_l2/trade_date=2026-07-17/exchange=NSE/symbol=WIPRO/part-084154_246517-040320.parquet,real_data_sample\l2_unseen_validation\trade_date=2026-07-17\exchange=NSE\symbol=WIPRO\part-084154_246517-040320.parquet,34770,downloaded,34770,
2026-07-17,NSE,WIPRO,raw_l2/trade_date=2026-07-17/exchange=NSE/symbol=WIPRO/part-083736_505258-039744.parquet,real_data_sample\l2_unseen_validation\trade_date=2026-07-17\exchange=NSE\symbol=WIPRO\part-083736_505258-039744.parquet,34528,downloaded,34528,
2026-07-17,NSE,WIPRO,raw_l2/trade_date=2026-07-17/exchange=NSE/symbol=WIPRO/part-083833_858098-039872.parquet,real_data_sample\l2_unseen_validation\trade_date=2026-07-17\exchange=NSE\symbol=WIPRO\part-083833_858098-039872.parquet,34802,downloaded,34802,
2026-07-17,NSE,WIPRO,raw_l2/trade_date=2026-07-17/exchange=NSE/symbol=WIPRO/part-083750_697168-039776.parquet,real_data_sample\l2_unseen_validation\trade_date=2026-07-17\exchange=NSE\symbol=WIPRO\part-083750_697168-039776.parquet,34769,downloaded,34769,
2026-07-17,NSE,WIPRO,raw_l2/trade_date=2026-07-17/exchange=NSE/symbol=WIPRO/part-083959_812350-040064.parquet,real_data_sample\l2_unseen_validation\trade_date=2026-07-17\exchange=NSE\symbol=WIPRO\part-083959_812350-040064.parquet,35225,downloaded,35225,
2026-07-17,NSE,WIPRO,raw_l2/trade_date=2026-07-17/exchange=NSE/symbol=WIPRO/part-084320_389834-040512.parquet,real_data_sample\l2_unseen_validation\trade_date=2026-07-17\exchange=NSE\symbol=WIPRO\part-084320_389834-040512.parquet,34819,downloaded,34819,
2026-07-17,NSE,WIPRO,raw_l2/trade_date=2026-07-17/exchange=NSE/symbol=WIPRO/part-084013_939780-040096.parquet,real_data_sample\l2_unseen_validation\trade_date=2026-07-17\exchange=NSE\symbol=WIPRO\part-084013_939780-040096.parquet,36006,downloaded,36006,
2026-07-17,NSE,WIPRO,raw_l2/trade_date=2026-07-17/exchange=NSE/symbol=WIPRO/part-084305_876120-040480.parquet,real_data_sample\l2_unseen_validation\trade_date=2026-07-17\exchange=NSE\symbol=WIPRO\part-084305_876120-040480.parquet,34803,downloaded,34803,
2026-07-17,NSE,WIPRO,raw_l2/trade_date=2026-07-17/exchange=NSE/symbol=WIPRO/part-084028_183026-040128.parquet,real_data_sample\l2_unseen_validation\trade_date=2026-07-17\exchange=NSE\symbol=WIPRO\part-084028_183026-040128.parquet,34914,downloaded,34914,
2026-07-17,NSE,WIPRO,raw_l2/trade_date=2026-07-17/exchange=NSE/symbol=WIPRO/part-084057_086114-040192.parquet,real_data_sample\l2_unseen_validation\trade_date=2026-07-17\exchange=NSE\symbol=WIPRO\part-084057_086114-040192.parquet,34842,downloaded,34842,
2026-07-17,NSE,WIPRO,raw_l2/trade_date=2026-07-17/exchange=NSE/symbol=WIPRO/part-083902_429442-039936.parquet,real_data_sample\l2_unseen_validation\trade_date=2026-07-17\exchange=NSE\symbol=WIPRO\part-083902_429442-039936.parquet,34867,downloaded,34867,
2026-07-17,NSE,WIPRO,raw_l2/trade_date=2026-07-17/exchange=NSE/symbol=WIPRO/part-083916_640722-039968.parquet,real_data_sample\l2_unseen_validation\trade_date=2026-07-17\exchange=NSE\symbol=WIPRO\part-083916_640722-039968.parquet,35142,downloaded,35142,
2026-07-17,NSE,WIPRO,raw_l2/trade_date=2026-07-17/exchange=NSE/symbol=WIPRO/part-083931_121245-040000.parquet,real_data_sample\l2_unseen_validation\trade_date=2026-07-17\exchange=NSE\symbol=WIPRO\part-083931_121245-040000.parquet,35782,downloaded,35782,
2026-07-17,NSE,WIPRO,raw_l2/trade_date=2026-07-17/exchange=NSE/symbol=WIPRO/part-084403_852199-040608.parquet,real_data_sample\l2_unseen_validation\trade_date=2026-07-17\exchange=NSE\symbol=WIPRO\part-084403_852199-040608.parquet,34723,downloaded,34723,
2026-07-17,NSE,WIPRO,raw_l2/trade_date=2026-07-17/exchange=NSE/symbol=WIPRO/part-084349_396196-040576.parquet,real_data_sample\l2_unseen_validation\trade_date=2026-07-17\exchange=NSE\symbol=WIPRO\part-084349_396196-040576.parquet,34963,downloaded,34963,
2026-07-17,NSE,WIPRO,raw_l2/trade_date=2026-07-17/exchange=NSE/symbol=WIPRO/part-084418_306986-040640.parquet,real_data_sample\l2_unseen_validation\trade_date=2026-07-17\exchange=NSE\symbol=WIPRO\part-084418_306986-040640.parquet,34751,downloaded,34751,
2026-07-17,NSE,WIPRO,raw_l2/trade_date=2026-07-17/exchange=NSE/symbol=WIPRO/part-084447_008164-040704.parquet,real_data_sample\l2_unseen_validation\trade_date=2026-07-17\exchange=NSE\symbol=WIPRO\part-084447_008164-040704.parquet,34766,downloaded,34766,
2026-07-17,NSE,WIPRO,raw_l2/trade_date=2026-07-17/exchange=NSE/symbol=WIPRO/part-084111_112313-040224.parquet,real_data_sample\l2_unseen_validation\trade_date=2026-07-17\exchange=NSE\symbol=WIPRO\part-084111_112313-040224.parquet,34799,downloaded,34799,
2026-07-17,NSE,WIPRO,raw_l2/trade_date=2026-07-17/exchange=NSE/symbol=WIPRO/part-084656_233606-040992.parquet,real_data_sample\l2_unseen_validation\trade_date=2026-07-17\exchange=NSE\symbol=WIPRO\part-084656_233606-040992.parquet,34654,downloaded,34654,
2026-07-17,NSE,WIPRO,raw_l2/trade_date=2026-07-17/exchange=NSE/symbol=WIPRO/part-084530_372004-040800.parquet,real_data_sample\l2_unseen_validation\trade_date=2026-07-17\exchange=NSE\symbol=WIPRO\part-084530_372004-040800.parquet,34819,downloaded,34819,
2026-07-17,NSE,WIPRO,raw_l2/trade_date=2026-07-17/exchange=NSE/symbol=WIPRO/part-084724_577788-041056.parquet,real_data_sample\l2_unseen_validation\trade_date=2026-07-17\exchange=NSE\symbol=WIPRO\part-084724_577788-041056.parquet,36229,downloaded,36229,
2026-07-17,NSE,WIPRO,raw_l2/trade_date=2026-07-17/exchange=NSE/symbol=WIPRO/part-084613_475318-040896.parquet,real_data_sample\l2_unseen_validation\trade_date=2026-07-17\exchange=NSE\symbol=WIPRO\part-084613_475318-040896.parquet,34712,downloaded,34712,
2026-07-17,NSE,WIPRO,raw_l2/trade_date=2026-07-17/exchange=NSE/symbol=WIPRO/part-084515_905935-040768.parquet,real_data_sample\l2_unseen_validation\trade_date=2026-07-17\exchange=NSE\symbol=WIPRO\part-084515_905935-040768.parquet,34809,downloaded,34809,
2026-07-17,NSE,WIPRO,raw_l2/trade_date=2026-07-17/exchange=NSE/symbol=WIPRO/part-084559_111761-040864.parquet,real_data_sample\l2_unseen_validation\trade_date=2026-07-17\exchange=NSE\symbol=WIPRO\part-084559_111761-040864.parquet,34757,downloaded,34757,
2026-07-17,NSE,WIPRO,raw_l2/trade_date=2026-07-17/exchange=NSE/symbol=WIPRO/part-085115_861433-041568.parquet,real_data_sample\l2_unseen_validation\trade_date=2026-07-17\exchange=NSE\symbol=WIPRO\part-085115_861433-041568.parquet,34690,downloaded,34690,
2026-07-17,NSE,WIPRO,raw_l2/trade_date=2026-07-17/exchange=NSE/symbol=WIPRO/part-084836_264534-041216.parquet,real_data_sample\l2_unseen_validation\trade_date=2026-07-17\exchange=NSE\symbol=WIPRO\part-084836_264534-041216.parquet,34876,downloaded,34876,
2026-07-17,NSE,WIPRO,raw_l2/trade_date=2026-07-17/exchange=NSE/symbol=WIPRO/part-084627_628905-040928.parquet,real_data_sample\l2_unseen_validation\trade_date=2026-07-17\exchange=NSE\symbol=WIPRO\part-084627_628905-040928.parquet,34693,downloaded,34693,
2026-07-17,NSE,WIPRO,raw_l2/trade_date=2026-07-17/exchange=NSE/symbol=WIPRO/part-084642_061060-040960.parquet,real_data_sample\l2_unseen_validation\trade_date=2026-07-17\exchange=NSE\symbol=WIPRO\part-084642_061060-040960.parquet,34678,downloaded,34678,
2026-07-17,NSE,WIPRO,raw_l2/trade_date=2026-07-17/exchange=NSE/symbol=WIPRO/part-084753_175699-041120.parquet,real_data_sample\l2_unseen_validation\trade_date=2026-07-17\exchange=NSE\symbol=WIPRO\part-084753_175699-041120.parquet,36255,downloaded,36255,
2026-07-17,NSE,WIPRO,raw_l2/trade_date=2026-07-17/exchange=NSE/symbol=WIPRO/part-084738_883946-041088.parquet,real_data_sample\l2_unseen_validation\trade_date=2026-07-17\exchange=NSE\symbol=WIPRO\part-084738_883946-041088.parquet,35923,downloaded,35923,
2026-07-17,NSE,WIPRO,raw_l2/trade_date=2026-07-17/exchange=NSE/symbol=WIPRO/part-084821_788090-041184.parquet,real_data_sample\l2_unseen_validation\trade_date=2026-07-17\exchange=NSE\symbol=WIPRO\part-084821_788090-041184.parquet,35224,downloaded,35224,
2026-07-17,NSE,WIPRO,raw_l2/trade_date=2026-07-17/exchange=NSE/symbol=WIPRO/part-084807_501026-041152.parquet,real_data_sample\l2_unseen_validation\trade_date=2026-07-17\exchange=NSE\symbol=WIPRO\part-084807_501026-041152.parquet,35856,downloaded,35856,
2026-07-17,NSE,WIPRO,raw_l2/trade_date=2026-07-17/exchange=NSE/symbol=WIPRO/part-084710_462262-041024.parquet,real_data_sample\l2_unseen_validation\trade_date=2026-07-17\exchange=NSE\symbol=WIPRO\part-084710_462262-041024.parquet,34442,downloaded,34442,
2026-07-17,NSE,WIPRO,raw_l2/trade_date=2026-07-17/exchange=NSE/symbol=WIPRO/part-085032_091467-041472.parquet,real_data_sample\l2_unseen_validation\trade_date=2026-07-17\exchange=NSE\symbol=WIPRO\part-085032_091467-041472.parquet,34693,downloaded,34693,
2026-07-17,NSE,WIPRO,raw_l2/trade_date=2026-07-17/exchange=NSE/symbol=WIPRO/part-084544_684051-040832.parquet,real_data_sample\l2_unseen_validation\trade_date=2026-07-17\exchange=NSE\symbol=WIPRO\part-084544_684051-040832.parquet,34457,downloaded,34457,
2026-07-17,NSE,WIPRO,raw_l2/trade_date=2026-07-17/exchange=NSE/symbol=WIPRO/part-085101_299216-041536.parquet,real_data_sample\l2_unseen_validation\trade_date=2026-07-17\exchange=NSE\symbol=WIPRO\part-085101_299216-041536.parquet,34712,downloaded,34712,
2026-07-17,NSE,WIPRO,raw_l2/trade_date=2026-07-17/exchange=NSE/symbol=WIPRO/part-085046_481752-041504.parquet,real_data_sample\l2_unseen_validation\trade_date=2026-07-17\exchange=NSE\symbol=WIPRO\part-085046_481752-041504.parquet,34731,downloaded,34731,
2026-07-17,NSE,WIPRO,raw_l2/trade_date=2026-07-17/exchange=NSE/symbol=WIPRO/part-085130_097363-041600.parquet,real_data_sample\l2_unseen_validation\trade_date=2026-07-17\exchange=NSE\symbol=WIPRO\part-085130_097363-041600.parquet,34748,downloaded,34748,
2026-07-17,NSE,WIPRO,raw_l2/trade_date=2026-07-17/exchange=NSE/symbol=WIPRO/part-085003_403924-041408.parquet,real_data_sample\l2_unseen_validation\trade_date=2026-07-17\exchange=NSE\symbol=WIPRO\part-085003_403924-041408.parquet,34672,downloaded,34672,
2026-07-17,NSE,WIPRO,raw_l2/trade_date=2026-07-17/exchange=NSE/symbol=WIPRO/part-085144_532766-041632.parquet,real_data_sample\l2_unseen_validation\trade_date=2026-07-17\exchange=NSE\symbol=WIPRO\part-085144_532766-041632.parquet,34600,downloaded,34600,
2026-07-17,NSE,WIPRO,raw_l2/trade_date=2026-07-17/exchange=NSE/symbol=WIPRO/part-084920_078328-041312.parquet,real_data_sample\l2_unseen_validation\trade_date=2026-07-17\exchange=NSE\symbol=WIPRO\part-084920_078328-041312.parquet,34681,downloaded,34681,
2026-07-17,NSE,WIPRO,raw_l2/trade_date=2026-07-17/exchange=NSE/symbol=WIPRO/part-085017_755380-041440.parquet,real_data_sample\l2_unseen_validation\trade_date=2026-07-17\exchange=NSE\symbol=WIPRO\part-085017_755380-041440.parquet,34651,downloaded,34651,
2026-07-17,NSE,WIPRO,raw_l2/trade_date=2026-07-17/exchange=NSE/symbol=WIPRO/part-085213_676055-041696.parquet,real_data_sample\l2_unseen_validation\trade_date=2026-07-17\exchange=NSE\symbol=WIPRO\part-085213_676055-041696.parquet,34669,downloaded,34669,
2026-07-17,NSE,WIPRO,raw_l2/trade_date=2026-07-17/exchange=NSE/symbol=WIPRO/part-084905_100842-041280.parquet,real_data_sample\l2_unseen_validation\trade_date=2026-07-17\exchange=NSE\symbol=WIPRO\part-084905_100842-041280.parquet,34790,downloaded,34790,
2026-07-17,NSE,WIPRO,raw_l2/trade_date=2026-07-17/exchange=NSE/symbol=WIPRO/part-084850_636570-041248.parquet,real_data_sample\l2_unseen_validation\trade_date=2026-07-17\exchange=NSE\symbol=WIPRO\part-084850_636570-041248.parquet,34738,downloaded,34738,
2026-07-17,NSE,WIPRO,raw_l2/trade_date=2026-07-17/exchange=NSE/symbol=WIPRO/part-084934_419042-041344.parquet,real_data_sample\l2_unseen_validation\trade_date=2026-07-17\exchange=NSE\symbol=WIPRO\part-084934_419042-041344.parquet,34662,downloaded,34662,
2026-07-17,NSE,WIPRO,raw_l2/trade_date=2026-07-17/exchange=NSE/symbol=WIPRO/part-085159_181451-041664.parquet,real_data_sample\l2_unseen_validation\trade_date=2026-07-17\exchange=NSE\symbol=WIPRO\part-085159_181451-041664.parquet,34639,downloaded,34639,
2026-07-17,NSE,WIPRO,raw_l2/trade_date=2026-07-17/exchange=NSE/symbol=WIPRO/part-084949_067497-041376.parquet,real_data_sample\l2_unseen_validation\trade_date=2026-07-17\exchange=NSE\symbol=WIPRO\part-084949_067497-041376.parquet,34813,downloaded,34813,
2026-07-17,NSE,WIPRO,raw_l2/trade_date=2026-07-17/exchange=NSE/symbol=WIPRO/part-085228_573947-041728.parquet,real_data_sample\l2_unseen_validation\trade_date=2026-07-17\exchange=NSE\symbol=WIPRO\part-085228_573947-041728.parquet,34644,downloaded,34644,
2026-07-17,NSE,WIPRO,raw_l2/trade_date=2026-07-17/exchange=NSE/symbol=WIPRO/part-084501_671157-040736.parquet,real_data_sample\l2_unseen_validation\trade_date=2026-07-17\exchange=NSE\symbol=WIPRO\part-084501_671157-040736.parquet,34963,downloaded,34963,
2026-07-17,NSE,WIPRO,raw_l2/trade_date=2026-07-17/exchange=NSE/symbol=WIPRO/part-085536_949956-042144.parquet,real_data_sample\l2_unseen_validation\trade_date=2026-07-17\exchange=NSE\symbol=WIPRO\part-085536_949956-042144.parquet,34754,downloaded,34754,
2026-07-17,NSE,WIPRO,raw_l2/trade_date=2026-07-17/exchange=NSE/symbol=WIPRO/part-085257_933178-041792.parquet,real_data_sample\l2_unseen_validation\trade_date=2026-07-17\exchange=NSE\symbol=WIPRO\part-085257_933178-041792.parquet,34624,downloaded,34624,
2026-07-17,NSE,WIPRO,raw_l2/trade_date=2026-07-17/exchange=NSE/symbol=WIPRO/part-085328_012471-041856.parquet,real_data_sample\l2_unseen_validation\trade_date=2026-07-17\exchange=NSE\symbol=WIPRO\part-085328_012471-041856.parquet,34673,downloaded,34673,
2026-07-17,NSE,WIPRO,raw_l2/trade_date=2026-07-17/exchange=NSE/symbol=WIPRO/part-085522_723303-042112.parquet,real_data_sample\l2_unseen_validation\trade_date=2026-07-17\exchange=NSE\symbol=WIPRO\part-085522_723303-042112.parquet,34647,downloaded,34647,
2026-07-17,NSE,WIPRO,raw_l2/trade_date=2026-07-17/exchange=NSE/symbol=WIPRO/part-085313_130949-041824.parquet,real_data_sample\l2_unseen_validation\trade_date=2026-07-17\exchange=NSE\symbol=WIPRO\part-085313_130949-041824.parquet,34658,downloaded,34658,
2026-07-17,NSE,WIPRO,raw_l2/trade_date=2026-07-17/exchange=NSE/symbol=WIPRO/part-085411_231197-041952.parquet,real_data_sample\l2_unseen_validation\trade_date=2026-07-17\exchange=NSE\symbol=WIPRO\part-085411_231197-041952.parquet,34752,downloaded,34752,
2026-07-17,NSE,WIPRO,raw_l2/trade_date=2026-07-17/exchange=NSE/symbol=WIPRO/part-085508_551936-042080.parquet,real_data_sample\l2_unseen_validation\trade_date=2026-07-17\exchange=NSE\symbol=WIPRO\part-085508_551936-042080.parquet,34695,downloaded,34695,
2026-07-17,NSE,WIPRO,raw_l2/trade_date=2026-07-17/exchange=NSE/symbol=WIPRO/part-085356_909921-041920.parquet,real_data_sample\l2_unseen_validation\trade_date=2026-07-17\exchange=NSE\symbol=WIPRO\part-085356_909921-041920.parquet,34830,downloaded,34830,
2026-07-17,NSE,WIPRO,raw_l2/trade_date=2026-07-17/exchange=NSE/symbol=WIPRO/part-085342_800322-041888.parquet,real_data_sample\l2_unseen_validation\trade_date=2026-07-17\exchange=NSE\symbol=WIPRO\part-085342_800322-041888.parquet,34890,downloaded,34890,
2026-07-17,NSE,WIPRO,raw_l2/trade_date=2026-07-17/exchange=NSE/symbol=WIPRO/part-085425_379184-041984.parquet,real_data_sample\l2_unseen_validation\trade_date=2026-07-17\exchange=NSE\symbol=WIPRO\part-085425_379184-041984.parquet,34744,downloaded,34744,
2026-07-17,NSE,WIPRO,raw_l2/trade_date=2026-07-17/exchange=NSE/symbol=WIPRO/part-085439_998403-042016.parquet,real_data_sample\l2_unseen_validation\trade_date=2026-07-17\exchange=NSE\symbol=WIPRO\part-085439_998403-042016.parquet,34799,downloaded,34799,
2026-07-17,NSE,WIPRO,raw_l2/trade_date=2026-07-17/exchange=NSE/symbol=WIPRO/part-085454_183427-042048.parquet,real_data_sample\l2_unseen_validation\trade_date=2026-07-17\exchange=NSE\symbol=WIPRO\part-085454_183427-042048.parquet,34689,downloaded,34689,
2026-07-17,NSE,WIPRO,raw_l2/trade_date=2026-07-17/exchange=NSE/symbol=WIPRO/part-085243_299238-041760.parquet,real_data_sample\l2_unseen_validation\trade_date=2026-07-17\exchange=NSE\symbol=WIPRO\part-085243_299238-041760.parquet,35023,downloaded,35023,
2026-07-17,NSE,WIPRO,raw_l2/trade_date=2026-07-17/exchange=NSE/symbol=WIPRO/part-085648_121715-042304.parquet,real_data_sample\l2_unseen_validation\trade_date=2026-07-17\exchange=NSE\symbol=WIPRO\part-085648_121715-042304.parquet,34647,downloaded,34647,
2026-07-17,NSE,WIPRO,raw_l2/trade_date=2026-07-17/exchange=NSE/symbol=WIPRO/part-085633_704489-042272.parquet,real_data_sample\l2_unseen_validation\trade_date=2026-07-17\exchange=NSE\symbol=WIPRO\part-085633_704489-042272.parquet,34754,downloaded,34754,
2026-07-17,NSE,WIPRO,raw_l2/trade_date=2026-07-17/exchange=NSE/symbol=WIPRO/part-085702_241147-042336.parquet,real_data_sample\l2_unseen_validation\trade_date=2026-07-17\exchange=NSE\symbol=WIPRO\part-085702_241147-042336.parquet,34743,downloaded,34743,
2026-07-17,NSE,WIPRO,raw_l2/trade_date=2026-07-17/exchange=NSE/symbol=WIPRO/part-085619_422612-042240.parquet,real_data_sample\l2_unseen_validation\trade_date=2026-07-17\exchange=NSE\symbol=WIPRO\part-085619_422612-042240.parquet,34467,downloaded,34467,
2026-07-17,NSE,WIPRO,raw_l2/trade_date=2026-07-17/exchange=NSE/symbol=WIPRO/part-085828_456872-042528.parquet,real_data_sample\l2_unseen_validation\trade_date=2026-07-17\exchange=NSE\symbol=WIPRO\part-085828_456872-042528.parquet,34601,downloaded,34601,
2026-07-17,NSE,WIPRO,raw_l2/trade_date=2026-07-17/exchange=NSE/symbol=WIPRO/part-085911_956063-042624.parquet,real_data_sample\l2_unseen_validation\trade_date=2026-07-17\exchange=NSE\symbol=WIPRO\part-085911_956063-042624.parquet,34778,downloaded,34778,
2026-07-17,NSE,WIPRO,raw_l2/trade_date=2026-07-17/exchange=NSE/symbol=WIPRO/part-085759_626536-042464.parquet,real_data_sample\l2_unseen_validation\trade_date=2026-07-17\exchange=NSE\symbol=WIPRO\part-085759_626536-042464.parquet,34795,downloaded,34795,
2026-07-17,NSE,WIPRO,raw_l2/trade_date=2026-07-17/exchange=NSE/symbol=WIPRO/part-085842_939409-042560.parquet,real_data_sample\l2_unseen_validation\trade_date=2026-07-17\exchange=NSE\symbol=WIPRO\part-085842_939409-042560.parquet,34940,downloaded,34940,
2026-07-17,NSE,WIPRO,raw_l2/trade_date=2026-07-17/exchange=NSE/symbol=WIPRO/part-085730_650166-042400.parquet,real_data_sample\l2_unseen_validation\trade_date=2026-07-17\exchange=NSE\symbol=WIPRO\part-085730_650166-042400.parquet,34703,downloaded,34703,
2026-07-17,NSE,WIPRO,raw_l2/trade_date=2026-07-17/exchange=NSE/symbol=WIPRO/part-085745_142551-042432.parquet,real_data_sample\l2_unseen_validation\trade_date=2026-07-17\exchange=NSE\symbol=WIPRO\part-085745_142551-042432.parquet,34748,downloaded,34748,
2026-07-17,NSE,WIPRO,raw_l2/trade_date=2026-07-17/exchange=NSE/symbol=WIPRO/part-085551_286631-042176.parquet,real_data_sample\l2_unseen_validation\trade_date=2026-07-17\exchange=NSE\symbol=WIPRO\part-085551_286631-042176.parquet,34715,downloaded,34715,
2026-07-17,NSE,WIPRO,raw_l2/trade_date=2026-07-17/exchange=NSE/symbol=WIPRO/part-085716_461837-042368.parquet,real_data_sample\l2_unseen_validation\trade_date=2026-07-17\exchange=NSE\symbol=WIPRO\part-085716_461837-042368.parquet,34643,downloaded,34643,
2026-07-17,NSE,WIPRO,raw_l2/trade_date=2026-07-17/exchange=NSE/symbol=WIPRO/part-085857_412316-042592.parquet,real_data_sample\l2_unseen_validation\trade_date=2026-07-17\exchange=NSE\symbol=WIPRO\part-085857_412316-042592.parquet,34607,downloaded,34607,
2026-07-17,NSE,WIPRO,raw_l2/trade_date=2026-07-17/exchange=NSE/symbol=WIPRO/part-085605_368924-042208.parquet,real_data_sample\l2_unseen_validation\trade_date=2026-07-17\exchange=NSE\symbol=WIPRO\part-085605_368924-042208.parquet,34757,downloaded,34757,
2026-07-17,NSE,WIPRO,raw_l2/trade_date=2026-07-17/exchange=NSE/symbol=WIPRO/part-085814_105891-042496.parquet,real_data_sample\l2_unseen_validation\trade_date=2026-07-17\exchange=NSE\symbol=WIPRO\part-085814_105891-042496.parquet,34726,downloaded,34726,
2026-07-17,NSE,WIPRO,raw_l2/trade_date=2026-07-17/exchange=NSE/symbol=WIPRO/part-085941_407732-042688.parquet,real_data_sample\l2_unseen_validation\trade_date=2026-07-17\exchange=NSE\symbol=WIPRO\part-085941_407732-042688.parquet,34506,downloaded,34506,
2026-07-17,NSE,WIPRO,raw_l2/trade_date=2026-07-17/exchange=NSE/symbol=WIPRO/part-085926_718296-042656.parquet,real_data_sample\l2_unseen_validation\trade_date=2026-07-17\exchange=NSE\symbol=WIPRO\part-085926_718296-042656.parquet,34839,downloaded,34839,
2026-07-17,NSE,WIPRO,raw_l2/trade_date=2026-07-17/exchange=NSE/symbol=WIPRO/part-085956_074714-042720.parquet,real_data_sample\l2_unseen_validation\trade_date=2026-07-17\exchange=NSE\symbol=WIPRO\part-085956_074714-042720.parquet,34571,downloaded,34571,
2026-07-17,NSE,WIPRO,raw_l2/trade_date=2026-07-17/exchange=NSE/symbol=WIPRO/part-090123_057143-042912.parquet,real_data_sample\l2_unseen_validation\trade_date=2026-07-17\exchange=NSE\symbol=WIPRO\part-090123_057143-042912.parquet,34613,downloaded,34613,
2026-07-17,NSE,WIPRO,raw_l2/trade_date=2026-07-17/exchange=NSE/symbol=WIPRO/part-090108_510001-042880.parquet,real_data_sample\l2_unseen_validation\trade_date=2026-07-17\exchange=NSE\symbol=WIPRO\part-090108_510001-042880.parquet,34757,downloaded,34757,
2026-07-17,NSE,WIPRO,raw_l2/trade_date=2026-07-17/exchange=NSE/symbol=WIPRO/part-090039_301874-042816.parquet,real_data_sample\l2_unseen_validation\trade_date=2026-07-17\exchange=NSE\symbol=WIPRO\part-090039_301874-042816.parquet,34790,downloaded,34790,
2026-07-17,NSE,WIPRO,raw_l2/trade_date=2026-07-17/exchange=NSE/symbol=WIPRO/part-090053_911629-042848.parquet,real_data_sample\l2_unseen_validation\trade_date=2026-07-17\exchange=NSE\symbol=WIPRO\part-090053_911629-042848.parquet,34756,downloaded,34756,
2026-07-17,NSE,WIPRO,raw_l2/trade_date=2026-07-17/exchange=NSE/symbol=WIPRO/part-090137_506512-042944.parquet,real_data_sample\l2_unseen_validation\trade_date=2026-07-17\exchange=NSE\symbol=WIPRO\part-090137_506512-042944.parquet,34658,downloaded,34658,
2026-07-17,NSE,WIPRO,raw_l2/trade_date=2026-07-17/exchange=NSE/symbol=WIPRO/part-090024_727527-042784.parquet,real_data_sample\l2_unseen_validation\trade_date=2026-07-17\exchange=NSE\symbol=WIPRO\part-090024_727527-042784.parquet,34668,downloaded,34668,
2026-07-17,NSE,WIPRO,raw_l2/trade_date=2026-07-17/exchange=NSE/symbol=WIPRO/part-090151_825275-042976.parquet,real_data_sample\l2_unseen_validation\trade_date=2026-07-17\exchange=NSE\symbol=WIPRO\part-090151_825275-042976.parquet,34649,downloaded,34649,
2026-07-17,NSE,WIPRO,raw_l2/trade_date=2026-07-17/exchange=NSE/symbol=WIPRO/part-090220_159846-043040.parquet,real_data_sample\l2_unseen_validation\trade_date=2026-07-17\exchange=NSE\symbol=WIPRO\part-090220_159846-043040.parquet,34687,downloaded,34687,
2026-07-17,NSE,WIPRO,raw_l2/trade_date=2026-07-17/exchange=NSE/symbol=WIPRO/part-090234_566561-043072.parquet,real_data_sample\l2_unseen_validation\trade_date=2026-07-17\exchange=NSE\symbol=WIPRO\part-090234_566561-043072.parquet,34443,downloaded,34443,
2026-07-17,NSE,WIPRO,raw_l2/trade_date=2026-07-17/exchange=NSE/symbol=WIPRO/part-090249_097309-043104.parquet,real_data_sample\l2_unseen_validation\trade_date=2026-07-17\exchange=NSE\symbol=WIPRO\part-090249_097309-043104.parquet,34437,downloaded,34437,
2026-07-17,NSE,WIPRO,raw_l2/trade_date=2026-07-17/exchange=NSE/symbol=WIPRO/part-090205_979696-043008.parquet,real_data_sample\l2_unseen_validation\trade_date=2026-07-17\exchange=NSE\symbol=WIPRO\part-090205_979696-043008.parquet,34564,downloaded,34564,
2026-07-17,NSE,WIPRO,raw_l2/trade_date=2026-07-17/exchange=NSE/symbol=WIPRO/part-090347_435867-043232.parquet,real_data_sample\l2_unseen_validation\trade_date=2026-07-17\exchange=NSE\symbol=WIPRO\part-090347_435867-043232.parquet,35121,downloaded,35121,
2026-07-17,NSE,WIPRO,raw_l2/trade_date=2026-07-17/exchange=NSE/symbol=WIPRO/part-090445_606046-043360.parquet,real_data_sample\l2_unseen_validation\trade_date=2026-07-17\exchange=NSE\symbol=WIPRO\part-090445_606046-043360.parquet,34783,downloaded,34783,
2026-07-17,NSE,WIPRO,raw_l2/trade_date=2026-07-17/exchange=NSE/symbol=WIPRO/part-090626_827643-043584.parquet,real_data_sample\l2_unseen_validation\trade_date=2026-07-17\exchange=NSE\symbol=WIPRO\part-090626_827643-043584.parquet,34660,downloaded,34660,
2026-07-17,NSE,WIPRO,raw_l2/trade_date=2026-07-17/exchange=NSE/symbol=WIPRO/part-090543_734673-043488.parquet,real_data_sample\l2_unseen_validation\trade_date=2026-07-17\exchange=NSE\symbol=WIPRO\part-090543_734673-043488.parquet,34875,downloaded,34875,
2026-07-17,NSE,WIPRO,raw_l2/trade_date=2026-07-17/exchange=NSE/symbol=WIPRO/part-090710_357167-043680.parquet,real_data_sample\l2_unseen_validation\trade_date=2026-07-17\exchange=NSE\symbol=WIPRO\part-090710_357167-043680.parquet,34856,downloaded,34856,
2026-07-17,NSE,WIPRO,raw_l2/trade_date=2026-07-17/exchange=NSE/symbol=WIPRO/part-090557_950091-043520.parquet,real_data_sample\l2_unseen_validation\trade_date=2026-07-17\exchange=NSE\symbol=WIPRO\part-090557_950091-043520.parquet,34812,downloaded,34812,
2026-07-17,NSE,WIPRO,raw_l2/trade_date=2026-07-17/exchange=NSE/symbol=WIPRO/part-090402_043828-043264.parquet,real_data_sample\l2_unseen_validation\trade_date=2026-07-17\exchange=NSE\symbol=WIPRO\part-090402_043828-043264.parquet,34815,downloaded,34815,
2026-07-17,NSE,WIPRO,raw_l2/trade_date=2026-07-17/exchange=NSE/symbol=WIPRO/part-090430_817431-043328.parquet,real_data_sample\l2_unseen_validation\trade_date=2026-07-17\exchange=NSE\symbol=WIPRO\part-090430_817431-043328.parquet,34623,downloaded,34623,
2026-07-17,NSE,WIPRO,raw_l2/trade_date=2026-07-17/exchange=NSE/symbol=WIPRO/part-090641_401526-043616.parquet,real_data_sample\l2_unseen_validation\trade_date=2026-07-17\exchange=NSE\symbol=WIPRO\part-090641_401526-043616.parquet,34707,downloaded,34707,
2026-07-17,NSE,WIPRO,raw_l2/trade_date=2026-07-17/exchange=NSE/symbol=WIPRO/part-090416_194286-043296.parquet,real_data_sample\l2_unseen_validation\trade_date=2026-07-17\exchange=NSE\symbol=WIPRO\part-090416_194286-043296.parquet,34861,downloaded,34861,
2026-07-17,NSE,WIPRO,raw_l2/trade_date=2026-07-17/exchange=NSE/symbol=WIPRO/part-090303_488719-043136.parquet,real_data_sample\l2_unseen_validation\trade_date=2026-07-17\exchange=NSE\symbol=WIPRO\part-090303_488719-043136.parquet,34843,downloaded,34843,
2026-07-17,NSE,WIPRO,raw_l2/trade_date=2026-07-17/exchange=NSE/symbol=WIPRO/part-090317_845522-043168.parquet,real_data_sample\l2_unseen_validation\trade_date=2026-07-17\exchange=NSE\symbol=WIPRO\part-090317_845522-043168.parquet,34902,downloaded,34902,
2026-07-17,NSE,WIPRO,raw_l2/trade_date=2026-07-17/exchange=NSE/symbol=WIPRO/part-090332_637106-043200.parquet,real_data_sample\l2_unseen_validation\trade_date=2026-07-17\exchange=NSE\symbol=WIPRO\part-090332_637106-043200.parquet,34710,downloaded,34710,
2026-07-17,NSE,WIPRO,raw_l2/trade_date=2026-07-17/exchange=NSE/symbol=WIPRO/part-090724_742333-043712.parquet,real_data_sample\l2_unseen_validation\trade_date=2026-07-17\exchange=NSE\symbol=WIPRO\part-090724_742333-043712.parquet,34787,downloaded,34787,
2026-07-17,NSE,WIPRO,raw_l2/trade_date=2026-07-17/exchange=NSE/symbol=WIPRO/part-090010_502610-042752.parquet,real_data_sample\l2_unseen_validation\trade_date=2026-07-17\exchange=NSE\symbol=WIPRO\part-090010_502610-042752.parquet,34945,downloaded,34945,
2026-07-17,NSE,WIPRO,raw_l2/trade_date=2026-07-17/exchange=NSE/symbol=WIPRO/part-090514_947158-043424.parquet,real_data_sample\l2_unseen_validation\trade_date=2026-07-17\exchange=NSE\symbol=WIPRO\part-090514_947158-043424.parquet,34822,downloaded,34822,
2026-07-17,NSE,WIPRO,raw_l2/trade_date=2026-07-17/exchange=NSE/symbol=WIPRO/part-090529_357188-043456.parquet,real_data_sample\l2_unseen_validation\trade_date=2026-07-17\exchange=NSE\symbol=WIPRO\part-090529_357188-043456.parquet,34685,downloaded,34685,
2026-07-17,NSE,WIPRO,raw_l2/trade_date=2026-07-17/exchange=NSE/symbol=WIPRO/part-090500_423921-043392.parquet,real_data_sample\l2_unseen_validation\trade_date=2026-07-17\exchange=NSE\symbol=WIPRO\part-090500_423921-043392.parquet,34887,downloaded,34887,
2026-07-17,NSE,WIPRO,raw_l2/trade_date=2026-07-17/exchange=NSE/symbol=WIPRO/part-090655_945962-043648.parquet,real_data_sample\l2_unseen_validation\trade_date=2026-07-17\exchange=NSE\symbol=WIPRO\part-090655_945962-043648.parquet,34844,downloaded,34844,
2026-07-17,NSE,WIPRO,raw_l2/trade_date=2026-07-17/exchange=NSE/symbol=WIPRO/part-090738_981220-043744.parquet,real_data_sample\l2_unseen_validation\trade_date=2026-07-17\exchange=NSE\symbol=WIPRO\part-090738_981220-043744.parquet,34636,downloaded,34636,
2026-07-17,NSE,WIPRO,raw_l2/trade_date=2026-07-17/exchange=NSE/symbol=WIPRO/part-090612_345200-043552.parquet,real_data_sample\l2_unseen_validation\trade_date=2026-07-17\exchange=NSE\symbol=WIPRO\part-090612_345200-043552.parquet,34689,downloaded,34689,
2026-07-17,NSE,WIPRO,raw_l2/trade_date=2026-07-17/exchange=NSE/symbol=WIPRO/part-090952_358610-044032.parquet,real_data_sample\l2_unseen_validation\trade_date=2026-07-17\exchange=NSE\symbol=WIPRO\part-090952_358610-044032.parquet,34668,downloaded,34668,
2026-07-17,NSE,WIPRO,raw_l2/trade_date=2026-07-17/exchange=NSE/symbol=WIPRO/part-090837_503467-043872.parquet,real_data_sample\l2_unseen_validation\trade_date=2026-07-17\exchange=NSE\symbol=WIPRO\part-090837_503467-043872.parquet,34471,downloaded,34471,
2026-07-17,NSE,WIPRO,raw_l2/trade_date=2026-07-17/exchange=NSE/symbol=WIPRO/part-090753_444159-043776.parquet,real_data_sample\l2_unseen_validation\trade_date=2026-07-17\exchange=NSE\symbol=WIPRO\part-090753_444159-043776.parquet,34718,downloaded,34718,
2026-07-17,NSE,WIPRO,raw_l2/trade_date=2026-07-17/exchange=NSE/symbol=WIPRO/part-090851_970419-043904.parquet,real_data_sample\l2_unseen_validation\trade_date=2026-07-17\exchange=NSE\symbol=WIPRO\part-090851_970419-043904.parquet,34615,downloaded,34615,
2026-07-17,NSE,WIPRO,raw_l2/trade_date=2026-07-17/exchange=NSE/symbol=WIPRO/part-090922_102806-043968.parquet,real_data_sample\l2_unseen_validation\trade_date=2026-07-17\exchange=NSE\symbol=WIPRO\part-090922_102806-043968.parquet,34709,downloaded,34709,
2026-07-17,NSE,WIPRO,raw_l2/trade_date=2026-07-17/exchange=NSE/symbol=WIPRO/part-090936_676509-044000.parquet,real_data_sample\l2_unseen_validation\trade_date=2026-07-17\exchange=NSE\symbol=WIPRO\part-090936_676509-044000.parquet,34548,downloaded,34548,
2026-07-17,NSE,WIPRO,raw_l2/trade_date=2026-07-17/exchange=NSE/symbol=WIPRO/part-091021_402787-044096.parquet,real_data_sample\l2_unseen_validation\trade_date=2026-07-17\exchange=NSE\symbol=WIPRO\part-091021_402787-044096.parquet,34789,downloaded,34789,
2026-07-17,NSE,WIPRO,raw_l2/trade_date=2026-07-17/exchange=NSE/symbol=WIPRO/part-090808_282618-043808.parquet,real_data_sample\l2_unseen_validation\trade_date=2026-07-17\exchange=NSE\symbol=WIPRO\part-090808_282618-043808.parquet,34800,downloaded,34800,
2026-07-17,NSE,WIPRO,raw_l2/trade_date=2026-07-17/exchange=NSE/symbol=WIPRO/part-090906_990462-043936.parquet,real_data_sample\l2_unseen_validation\trade_date=2026-07-17\exchange=NSE\symbol=WIPRO\part-090906_990462-043936.parquet,34605,downloaded,34605,
2026-07-17,NSE,WIPRO,raw_l2/trade_date=2026-07-17/exchange=NSE/symbol=WIPRO/part-090822_704884-043840.parquet,real_data_sample\l2_unseen_validation\trade_date=2026-07-17\exchange=NSE\symbol=WIPRO\part-090822_704884-043840.parquet,34580,downloaded,34580,
2026-07-17,NSE,WIPRO,raw_l2/trade_date=2026-07-17/exchange=NSE/symbol=WIPRO/part-091007_107147-044064.parquet,real_data_sample\l2_unseen_validation\trade_date=2026-07-17\exchange=NSE\symbol=WIPRO\part-091007_107147-044064.parquet,34644,downloaded,34644,
2026-07-17,NSE,WIPRO,raw_l2/trade_date=2026-07-17/exchange=NSE/symbol=WIPRO/part-091105_442058-044192.parquet,real_data_sample\l2_unseen_validation\trade_date=2026-07-17\exchange=NSE\symbol=WIPRO\part-091105_442058-044192.parquet,34825,downloaded,34825,
2026-07-17,NSE,WIPRO,raw_l2/trade_date=2026-07-17/exchange=NSE/symbol=WIPRO/part-091332_868574-044512.parquet,real_data_sample\l2_unseen_validation\trade_date=2026-07-17\exchange=NSE\symbol=WIPRO\part-091332_868574-044512.parquet,34690,downloaded,34690,
2026-07-17,NSE,WIPRO,raw_l2/trade_date=2026-07-17/exchange=NSE/symbol=WIPRO/part-091303_876071-044448.parquet,real_data_sample\l2_unseen_validation\trade_date=2026-07-17\exchange=NSE\symbol=WIPRO\part-091303_876071-044448.parquet,35544,downloaded,35544,
2026-07-17,NSE,WIPRO,raw_l2/trade_date=2026-07-17/exchange=NSE/symbol=WIPRO/part-091036_153734-044128.parquet,real_data_sample\l2_unseen_validation\trade_date=2026-07-17\exchange=NSE\symbol=WIPRO\part-091036_153734-044128.parquet,34749,downloaded,34749,
2026-07-17,NSE,WIPRO,raw_l2/trade_date=2026-07-17/exchange=NSE/symbol=WIPRO/part-091149_457593-044288.parquet,real_data_sample\l2_unseen_validation\trade_date=2026-07-17\exchange=NSE\symbol=WIPRO\part-091149_457593-044288.parquet,35897,downloaded,35897,
2026-07-17,NSE,WIPRO,raw_l2/trade_date=2026-07-17/exchange=NSE/symbol=WIPRO/part-091050_729344-044160.parquet,real_data_sample\l2_unseen_validation\trade_date=2026-07-17\exchange=NSE\symbol=WIPRO\part-091050_729344-044160.parquet,34838,downloaded,34838,
2026-07-17,NSE,WIPRO,raw_l2/trade_date=2026-07-17/exchange=NSE/symbol=WIPRO/part-091120_452155-044224.parquet,real_data_sample\l2_unseen_validation\trade_date=2026-07-17\exchange=NSE\symbol=WIPRO\part-091120_452155-044224.parquet,35400,downloaded,35400,
2026-07-17,NSE,WIPRO,raw_l2/trade_date=2026-07-17/exchange=NSE/symbol=WIPRO/part-091135_004174-044256.parquet,real_data_sample\l2_unseen_validation\trade_date=2026-07-17\exchange=NSE\symbol=WIPRO\part-091135_004174-044256.parquet,36130,downloaded,36130,
2026-07-17,NSE,WIPRO,raw_l2/trade_date=2026-07-17/exchange=NSE/symbol=WIPRO/part-091318_432971-044480.parquet,real_data_sample\l2_unseen_validation\trade_date=2026-07-17\exchange=NSE\symbol=WIPRO\part-091318_432971-044480.parquet,35764,downloaded,35764,
2026-07-17,NSE,WIPRO,raw_l2/trade_date=2026-07-17/exchange=NSE/symbol=WIPRO/part-091235_019055-044384.parquet,real_data_sample\l2_unseen_validation\trade_date=2026-07-17\exchange=NSE\symbol=WIPRO\part-091235_019055-044384.parquet,35738,downloaded,35738,
2026-07-17,NSE,WIPRO,raw_l2/trade_date=2026-07-17/exchange=NSE/symbol=WIPRO/part-091249_289611-044416.parquet,real_data_sample\l2_unseen_validation\trade_date=2026-07-17\exchange=NSE\symbol=WIPRO\part-091249_289611-044416.parquet,36018,downloaded,36018,
2026-07-17,NSE,WIPRO,raw_l2/trade_date=2026-07-17/exchange=NSE/symbol=WIPRO/part-091219_579193-044352.parquet,real_data_sample\l2_unseen_validation\trade_date=2026-07-17\exchange=NSE\symbol=WIPRO\part-091219_579193-044352.parquet,35999,downloaded,35999,
2026-07-17,NSE,WIPRO,raw_l2/trade_date=2026-07-17/exchange=NSE/symbol=WIPRO/part-091204_181068-044320.parquet,real_data_sample\l2_unseen_validation\trade_date=2026-07-17\exchange=NSE\symbol=WIPRO\part-091204_181068-044320.parquet,35884,downloaded,35884,
2026-07-17,NSE,WIPRO,raw_l2/trade_date=2026-07-17/exchange=NSE/symbol=WIPRO/part-091542_389005-044800.parquet,real_data_sample\l2_unseen_validation\trade_date=2026-07-17\exchange=NSE\symbol=WIPRO\part-091542_389005-044800.parquet,34642,downloaded,34642,
2026-07-17,NSE,WIPRO,raw_l2/trade_date=2026-07-17/exchange=NSE/symbol=WIPRO/part-091445_034407-044672.parquet,real_data_sample\l2_unseen_validation\trade_date=2026-07-17\exchange=NSE\symbol=WIPRO\part-091445_034407-044672.parquet,34876,downloaded,34876,
2026-07-17,NSE,WIPRO,raw_l2/trade_date=2026-07-17/exchange=NSE/symbol=WIPRO/part-091557_261025-044832.parquet,real_data_sample\l2_unseen_validation\trade_date=2026-07-17\exchange=NSE\symbol=WIPRO\part-091557_261025-044832.parquet,34692,downloaded,34692,
2026-07-17,NSE,WIPRO,raw_l2/trade_date=2026-07-17/exchange=NSE/symbol=WIPRO/part-091722_825845-045024.parquet,real_data_sample\l2_unseen_validation\trade_date=2026-07-17\exchange=NSE\symbol=WIPRO\part-091722_825845-045024.parquet,34718,downloaded,34718,
2026-07-17,NSE,WIPRO,raw_l2/trade_date=2026-07-17/exchange=NSE/symbol=WIPRO/part-091751_111709-045088.parquet,real_data_sample\l2_unseen_validation\trade_date=2026-07-17\exchange=NSE\symbol=WIPRO\part-091751_111709-045088.parquet,34786,downloaded,34786,
2026-07-17,NSE,WIPRO,raw_l2/trade_date=2026-07-17/exchange=NSE/symbol=WIPRO/part-091654_458957-044960.parquet,real_data_sample\l2_unseen_validation\trade_date=2026-07-17\exchange=NSE\symbol=WIPRO\part-091654_458957-044960.parquet,34656,downloaded,34656,
2026-07-17,NSE,WIPRO,raw_l2/trade_date=2026-07-17/exchange=NSE/symbol=WIPRO/part-091736_902075-045056.parquet,real_data_sample\l2_unseen_validation\trade_date=2026-07-17\exchange=NSE\symbol=WIPRO\part-091736_902075-045056.parquet,34771,downloaded,34771,
2026-07-17,NSE,WIPRO,raw_l2/trade_date=2026-07-17/exchange=NSE/symbol=WIPRO/part-091708_681816-044992.parquet,real_data_sample\l2_unseen_validation\trade_date=2026-07-17\exchange=NSE\symbol=WIPRO\part-091708_681816-044992.parquet,34608,downloaded,34608,
2026-07-17,NSE,WIPRO,raw_l2/trade_date=2026-07-17/exchange=NSE/symbol=WIPRO/part-091430_678996-044640.parquet,real_data_sample\l2_unseen_validation\trade_date=2026-07-17\exchange=NSE\symbol=WIPRO\part-091430_678996-044640.parquet,34658,downloaded,34658,
2026-07-17,NSE,WIPRO,raw_l2/trade_date=2026-07-17/exchange=NSE/symbol=WIPRO/part-091805_772106-045120.parquet,real_data_sample\l2_unseen_validation\trade_date=2026-07-17\exchange=NSE\symbol=WIPRO\part-091805_772106-045120.parquet,34923,downloaded,34923,
2026-07-17,NSE,WIPRO,raw_l2/trade_date=2026-07-17/exchange=NSE/symbol=WIPRO/part-091626_039784-044896.parquet,real_data_sample\l2_unseen_validation\trade_date=2026-07-17\exchange=NSE\symbol=WIPRO\part-091626_039784-044896.parquet,34927,downloaded,34927,
2026-07-17,NSE,WIPRO,raw_l2/trade_date=2026-07-17/exchange=NSE/symbol=WIPRO/part-091640_353633-044928.parquet,real_data_sample\l2_unseen_validation\trade_date=2026-07-17\exchange=NSE\symbol=WIPRO\part-091640_353633-044928.parquet,34435,downloaded,34435,
2026-07-17,NSE,WIPRO,raw_l2/trade_date=2026-07-17/exchange=NSE/symbol=WIPRO/part-091611_688911-044864.parquet,real_data_sample\l2_unseen_validation\trade_date=2026-07-17\exchange=NSE\symbol=WIPRO\part-091611_688911-044864.parquet,34680,downloaded,34680,
2026-07-17,NSE,WIPRO,raw_l2/trade_date=2026-07-17/exchange=NSE/symbol=WIPRO/part-091459_573237-044704.parquet,real_data_sample\l2_unseen_validation\trade_date=2026-07-17\exchange=NSE\symbol=WIPRO\part-091459_573237-044704.parquet,34839,downloaded,34839,
2026-07-17,NSE,WIPRO,raw_l2/trade_date=2026-07-17/exchange=NSE/symbol=WIPRO/part-091416_204384-044608.parquet,real_data_sample\l2_unseen_validation\trade_date=2026-07-17\exchange=NSE\symbol=WIPRO\part-091416_204384-044608.parquet,34750,downloaded,34750,
2026-07-17,NSE,WIPRO,raw_l2/trade_date=2026-07-17/exchange=NSE/symbol=WIPRO/part-091528_069338-044768.parquet,real_data_sample\l2_unseen_validation\trade_date=2026-07-17\exchange=NSE\symbol=WIPRO\part-091528_069338-044768.parquet,34762,downloaded,34762,
2026-07-17,NSE,WIPRO,raw_l2/trade_date=2026-07-17/exchange=NSE/symbol=WIPRO/part-091347_399299-044544.parquet,real_data_sample\l2_unseen_validation\trade_date=2026-07-17\exchange=NSE\symbol=WIPRO\part-091347_399299-044544.parquet,34815,downloaded,34815,
2026-07-17,NSE,WIPRO,raw_l2/trade_date=2026-07-17/exchange=NSE/symbol=WIPRO/part-091513_831140-044736.parquet,real_data_sample\l2_unseen_validation\trade_date=2026-07-17\exchange=NSE\symbol=WIPRO\part-091513_831140-044736.parquet,34724,downloaded,34724,
2026-07-17,NSE,WIPRO,raw_l2/trade_date=2026-07-17/exchange=NSE/symbol=WIPRO/part-091402_026800-044576.parquet,real_data_sample\l2_unseen_validation\trade_date=2026-07-17\exchange=NSE\symbol=WIPRO\part-091402_026800-044576.parquet,34997,downloaded,34997,
2026-07-17,NSE,WIPRO,raw_l2/trade_date=2026-07-17/exchange=NSE/symbol=WIPRO/part-092014_861841-045408.parquet,real_data_sample\l2_unseen_validation\trade_date=2026-07-17\exchange=NSE\symbol=WIPRO\part-092014_861841-045408.parquet,34568,downloaded,34568,
2026-07-17,NSE,WIPRO,raw_l2/trade_date=2026-07-17/exchange=NSE/symbol=WIPRO/part-091946_272364-045344.parquet,real_data_sample\l2_unseen_validation\trade_date=2026-07-17\exchange=NSE\symbol=WIPRO\part-091946_272364-045344.parquet,34688,downloaded,34688,
2026-07-17,NSE,WIPRO,raw_l2/trade_date=2026-07-17/exchange=NSE/symbol=WIPRO/part-092000_659552-045376.parquet,real_data_sample\l2_unseen_validation\trade_date=2026-07-17\exchange=NSE\symbol=WIPRO\part-092000_659552-045376.parquet,34526,downloaded,34526,
2026-07-17,NSE,WIPRO,raw_l2/trade_date=2026-07-17/exchange=NSE/symbol=WIPRO/part-091848_805816-045216.parquet,real_data_sample\l2_unseen_validation\trade_date=2026-07-17\exchange=NSE\symbol=WIPRO\part-091848_805816-045216.parquet,34882,downloaded,34882,
2026-07-17,NSE,WIPRO,raw_l2/trade_date=2026-07-17/exchange=NSE/symbol=WIPRO/part-091820_105594-045152.parquet,real_data_sample\l2_unseen_validation\trade_date=2026-07-17\exchange=NSE\symbol=WIPRO\part-091820_105594-045152.parquet,34581,downloaded,34581,
2026-07-17,NSE,WIPRO,raw_l2/trade_date=2026-07-17/exchange=NSE/symbol=WIPRO/part-092057_948891-045504.parquet,real_data_sample\l2_unseen_validation\trade_date=2026-07-17\exchange=NSE\symbol=WIPRO\part-092057_948891-045504.parquet,34733,downloaded,34733,
2026-07-17,NSE,WIPRO,raw_l2/trade_date=2026-07-17/exchange=NSE/symbol=WIPRO/part-092029_217642-045440.parquet,real_data_sample\l2_unseen_validation\trade_date=2026-07-17\exchange=NSE\symbol=WIPRO\part-092029_217642-045440.parquet,34619,downloaded,34619,
2026-07-17,NSE,WIPRO,raw_l2/trade_date=2026-07-17/exchange=NSE/symbol=WIPRO/part-091834_504425-045184.parquet,real_data_sample\l2_unseen_validation\trade_date=2026-07-17\exchange=NSE\symbol=WIPRO\part-091834_504425-045184.parquet,34723,downloaded,34723,
2026-07-17,NSE,WIPRO,raw_l2/trade_date=2026-07-17/exchange=NSE/symbol=WIPRO/part-091903_445931-045248.parquet,real_data_sample\l2_unseen_validation\trade_date=2026-07-17\exchange=NSE\symbol=WIPRO\part-091903_445931-045248.parquet,34541,downloaded,34541,
2026-07-17,NSE,WIPRO,raw_l2/trade_date=2026-07-17/exchange=NSE/symbol=WIPRO/part-091932_033744-045312.parquet,real_data_sample\l2_unseen_validation\trade_date=2026-07-17\exchange=NSE\symbol=WIPRO\part-091932_033744-045312.parquet,34883,downloaded,34883,
2026-07-17,NSE,WIPRO,raw_l2/trade_date=2026-07-17/exchange=NSE/symbol=WIPRO/part-092043_403458-045472.parquet,real_data_sample\l2_unseen_validation\trade_date=2026-07-17\exchange=NSE\symbol=WIPRO\part-092043_403458-045472.parquet,34702,downloaded,34702,
2026-07-17,NSE,WIPRO,raw_l2/trade_date=2026-07-17/exchange=NSE/symbol=WIPRO/part-091917_842800-045280.parquet,real_data_sample\l2_unseen_validation\trade_date=2026-07-17\exchange=NSE\symbol=WIPRO\part-091917_842800-045280.parquet,34716,downloaded,34716,
2026-07-17,NSE,WIPRO,raw_l2/trade_date=2026-07-17/exchange=NSE/symbol=WIPRO/part-092112_150164-045536.parquet,real_data_sample\l2_unseen_validation\trade_date=2026-07-17\exchange=NSE\symbol=WIPRO\part-092112_150164-045536.parquet,34715,downloaded,34715,
2026-07-17,NSE,WIPRO,raw_l2/trade_date=2026-07-17/exchange=NSE/symbol=WIPRO/part-092336_474431-045856.parquet,real_data_sample\l2_unseen_validation\trade_date=2026-07-17\exchange=NSE\symbol=WIPRO\part-092336_474431-045856.parquet,36172,downloaded,36172,
2026-07-17,NSE,WIPRO,raw_l2/trade_date=2026-07-17/exchange=NSE/symbol=WIPRO/part-092155_458050-045632.parquet,real_data_sample\l2_unseen_validation\trade_date=2026-07-17\exchange=NSE\symbol=WIPRO\part-092155_458050-045632.parquet,34829,downloaded,34829,
2026-07-17,NSE,WIPRO,raw_l2/trade_date=2026-07-17/exchange=NSE/symbol=WIPRO/part-092419_930544-045952.parquet,real_data_sample\l2_unseen_validation\trade_date=2026-07-17\exchange=NSE\symbol=WIPRO\part-092419_930544-045952.parquet,35599,downloaded,35599,
2026-07-17,NSE,WIPRO,raw_l2/trade_date=2026-07-17/exchange=NSE/symbol=WIPRO/part-092321_877999-045824.parquet,real_data_sample\l2_unseen_validation\trade_date=2026-07-17\exchange=NSE\symbol=WIPRO\part-092321_877999-045824.parquet,35392,downloaded,35392,
2026-07-17,NSE,WIPRO,raw_l2/trade_date=2026-07-17/exchange=NSE/symbol=WIPRO/part-092126_564850-045568.parquet,real_data_sample\l2_unseen_validation\trade_date=2026-07-17\exchange=NSE\symbol=WIPRO\part-092126_564850-045568.parquet,34666,downloaded,34666,
2026-07-17,NSE,WIPRO,raw_l2/trade_date=2026-07-17/exchange=NSE/symbol=WIPRO/part-092532_624070-046112.parquet,real_data_sample\l2_unseen_validation\trade_date=2026-07-17\exchange=NSE\symbol=WIPRO\part-092532_624070-046112.parquet,34625,downloaded,34625,
2026-07-17,NSE,WIPRO,raw_l2/trade_date=2026-07-17/exchange=NSE/symbol=WIPRO/part-092405_404655-045920.parquet,real_data_sample\l2_unseen_validation\trade_date=2026-07-17\exchange=NSE\symbol=WIPRO\part-092405_404655-045920.parquet,35998,downloaded,35998,
2026-07-17,NSE,WIPRO,raw_l2/trade_date=2026-07-17/exchange=NSE/symbol=WIPRO/part-092141_304974-045600.parquet,real_data_sample\l2_unseen_validation\trade_date=2026-07-17\exchange=NSE\symbol=WIPRO\part-092141_304974-045600.parquet,34679,downloaded,34679,
2026-07-17,NSE,WIPRO,raw_l2/trade_date=2026-07-17/exchange=NSE/symbol=WIPRO/part-092209_797809-045664.parquet,real_data_sample\l2_unseen_validation\trade_date=2026-07-17\exchange=NSE\symbol=WIPRO\part-092209_797809-045664.parquet,34567,downloaded,34567,
2026-07-17,NSE,WIPRO,raw_l2/trade_date=2026-07-17/exchange=NSE/symbol=WIPRO/part-092350_853760-045888.parquet,real_data_sample\l2_unseen_validation\trade_date=2026-07-17\exchange=NSE\symbol=WIPRO\part-092350_853760-045888.parquet,35588,downloaded,35588,
2026-07-17,NSE,WIPRO,raw_l2/trade_date=2026-07-17/exchange=NSE/symbol=WIPRO/part-092252_836088-045760.parquet,real_data_sample\l2_unseen_validation\trade_date=2026-07-17\exchange=NSE\symbol=WIPRO\part-092252_836088-045760.parquet,34565,downloaded,34565,
2026-07-17,NSE,WIPRO,raw_l2/trade_date=2026-07-17/exchange=NSE/symbol=WIPRO/part-092448_802598-046016.parquet,real_data_sample\l2_unseen_validation\trade_date=2026-07-17\exchange=NSE\symbol=WIPRO\part-092448_802598-046016.parquet,34855,downloaded,34855,
2026-07-17,NSE,WIPRO,raw_l2/trade_date=2026-07-17/exchange=NSE/symbol=WIPRO/part-092238_409859-045728.parquet,real_data_sample\l2_unseen_validation\trade_date=2026-07-17\exchange=NSE\symbol=WIPRO\part-092238_409859-045728.parquet,34853,downloaded,34853,
2026-07-17,NSE,WIPRO,raw_l2/trade_date=2026-07-17/exchange=NSE/symbol=WIPRO/part-092224_020713-045696.parquet,real_data_sample\l2_unseen_validation\trade_date=2026-07-17\exchange=NSE\symbol=WIPRO\part-092224_020713-045696.parquet,34588,downloaded,34588,
2026-07-17,NSE,WIPRO,raw_l2/trade_date=2026-07-17/exchange=NSE/symbol=WIPRO/part-092307_379689-045792.parquet,real_data_sample\l2_unseen_validation\trade_date=2026-07-17\exchange=NSE\symbol=WIPRO\part-092307_379689-045792.parquet,34938,downloaded,34938,
2026-07-17,NSE,WIPRO,raw_l2/trade_date=2026-07-17/exchange=NSE/symbol=WIPRO/part-092434_547446-045984.parquet,real_data_sample\l2_unseen_validation\trade_date=2026-07-17\exchange=NSE\symbol=WIPRO\part-092434_547446-045984.parquet,34757,downloaded,34757,
2026-07-17,NSE,WIPRO,raw_l2/trade_date=2026-07-17/exchange=NSE/symbol=WIPRO/part-092518_133270-046080.parquet,real_data_sample\l2_unseen_validation\trade_date=2026-07-17\exchange=NSE\symbol=WIPRO\part-092518_133270-046080.parquet,34695,downloaded,34695,
2026-07-17,NSE,WIPRO,raw_l2/trade_date=2026-07-17/exchange=NSE/symbol=WIPRO/part-092547_284602-046144.parquet,real_data_sample\l2_unseen_validation\trade_date=2026-07-17\exchange=NSE\symbol=WIPRO\part-092547_284602-046144.parquet,34564,downloaded,34564,
2026-07-17,NSE,WIPRO,raw_l2/trade_date=2026-07-17/exchange=NSE/symbol=WIPRO/part-092503_638123-046048.parquet,real_data_sample\l2_unseen_validation\trade_date=2026-07-17\exchange=NSE\symbol=WIPRO\part-092503_638123-046048.parquet,34644,downloaded,34644,
2026-07-17,NSE,WIPRO,raw_l2/trade_date=2026-07-17/exchange=NSE/symbol=WIPRO/part-092758_111887-046432.parquet,real_data_sample\l2_unseen_validation\trade_date=2026-07-17\exchange=NSE\symbol=WIPRO\part-092758_111887-046432.parquet,34689,downloaded,34689,
2026-07-17,NSE,WIPRO,raw_l2/trade_date=2026-07-17/exchange=NSE/symbol=WIPRO/part-092631_946492-046240.parquet,real_data_sample\l2_unseen_validation\trade_date=2026-07-17\exchange=NSE\symbol=WIPRO\part-092631_946492-046240.parquet,34654,downloaded,34654,
2026-07-17,NSE,WIPRO,raw_l2/trade_date=2026-07-17/exchange=NSE/symbol=WIPRO/part-092812_410176-046464.parquet,real_data_sample\l2_unseen_validation\trade_date=2026-07-17\exchange=NSE\symbol=WIPRO\part-092812_410176-046464.parquet,34594,downloaded,34594,
2026-07-17,NSE,WIPRO,raw_l2/trade_date=2026-07-17/exchange=NSE/symbol=WIPRO/part-092616_604627-046208.parquet,real_data_sample\l2_unseen_validation\trade_date=2026-07-17\exchange=NSE\symbol=WIPRO\part-092616_604627-046208.parquet,34648,downloaded,34648,
2026-07-17,NSE,WIPRO,raw_l2/trade_date=2026-07-17/exchange=NSE/symbol=WIPRO/part-092841_463034-046528.parquet,real_data_sample\l2_unseen_validation\trade_date=2026-07-17\exchange=NSE\symbol=WIPRO\part-092841_463034-046528.parquet,34594,downloaded,34594,
2026-07-17,NSE,WIPRO,raw_l2/trade_date=2026-07-17/exchange=NSE/symbol=WIPRO/part-092729_280348-046368.parquet,real_data_sample\l2_unseen_validation\trade_date=2026-07-17\exchange=NSE\symbol=WIPRO\part-092729_280348-046368.parquet,34722,downloaded,34722,
2026-07-17,NSE,WIPRO,raw_l2/trade_date=2026-07-17/exchange=NSE/symbol=WIPRO/part-092743_690619-046400.parquet,real_data_sample\l2_unseen_validation\trade_date=2026-07-17\exchange=NSE\symbol=WIPRO\part-092743_690619-046400.parquet,34615,downloaded,34615,
2026-07-17,NSE,WIPRO,raw_l2/trade_date=2026-07-17/exchange=NSE/symbol=WIPRO/part-092714_784400-046336.parquet,real_data_sample\l2_unseen_validation\trade_date=2026-07-17\exchange=NSE\symbol=WIPRO\part-092714_784400-046336.parquet,34671,downloaded,34671,
2026-07-17,NSE,WIPRO,raw_l2/trade_date=2026-07-17/exchange=NSE/symbol=WIPRO/part-092601_867248-046176.parquet,real_data_sample\l2_unseen_validation\trade_date=2026-07-17\exchange=NSE\symbol=WIPRO\part-092601_867248-046176.parquet,34541,downloaded,34541,
2026-07-17,NSE,WIPRO,raw_l2/trade_date=2026-07-17/exchange=NSE/symbol=WIPRO/part-092826_993916-046496.parquet,real_data_sample\l2_unseen_validation\trade_date=2026-07-17\exchange=NSE\symbol=WIPRO\part-092826_993916-046496.parquet,34671,downloaded,34671,
2026-07-17,NSE,WIPRO,raw_l2/trade_date=2026-07-17/exchange=NSE/symbol=WIPRO/part-092700_519707-046304.parquet,real_data_sample\l2_unseen_validation\trade_date=2026-07-17\exchange=NSE\symbol=WIPRO\part-092700_519707-046304.parquet,34388,downloaded,34388,
2026-07-17,NSE,WIPRO,raw_l2/trade_date=2026-07-17/exchange=NSE/symbol=WIPRO/part-092855_945927-046560.parquet,real_data_sample\l2_unseen_validation\trade_date=2026-07-17\exchange=NSE\symbol=WIPRO\part-092855_945927-046560.parquet,34703,downloaded,34703,
2026-07-17,NSE,WIPRO,raw_l2/trade_date=2026-07-17/exchange=NSE/symbol=WIPRO/part-092646_253427-046272.parquet,real_data_sample\l2_unseen_validation\trade_date=2026-07-17\exchange=NSE\symbol=WIPRO\part-092646_253427-046272.parquet,34587,downloaded,34587,
2026-07-17,NSE,WIPRO,raw_l2/trade_date=2026-07-17/exchange=NSE/symbol=WIPRO/part-093052_505320-046816.parquet,real_data_sample\l2_unseen_validation\trade_date=2026-07-17\exchange=NSE\symbol=WIPRO\part-093052_505320-046816.parquet,34303,downloaded,34303,
2026-07-17,NSE,WIPRO,raw_l2/trade_date=2026-07-17/exchange=NSE/symbol=WIPRO/part-093135_394578-046912.parquet,real_data_sample\l2_unseen_validation\trade_date=2026-07-17\exchange=NSE\symbol=WIPRO\part-093135_394578-046912.parquet,34377,downloaded,34377,
2026-07-17,NSE,WIPRO,raw_l2/trade_date=2026-07-17/exchange=NSE/symbol=WIPRO/part-093329_058057-047168.parquet,real_data_sample\l2_unseen_validation\trade_date=2026-07-17\exchange=NSE\symbol=WIPRO\part-093329_058057-047168.parquet,34638,downloaded,34638,
2026-07-17,NSE,WIPRO,raw_l2/trade_date=2026-07-17/exchange=NSE/symbol=WIPRO/part-093411_295810-047264.parquet,real_data_sample\l2_unseen_validation\trade_date=2026-07-17\exchange=NSE\symbol=WIPRO\part-093411_295810-047264.parquet,34657,downloaded,34657,
2026-07-17,NSE,WIPRO,raw_l2/trade_date=2026-07-17/exchange=NSE/symbol=WIPRO/part-093508_132460-047392.parquet,real_data_sample\l2_unseen_validation\trade_date=2026-07-17\exchange=NSE\symbol=WIPRO\part-093508_132460-047392.parquet,34415,downloaded,34415,
2026-07-17,NSE,WIPRO,raw_l2/trade_date=2026-07-17/exchange=NSE/symbol=WIPRO/part-093605_624962-047520.parquet,real_data_sample\l2_unseen_validation\trade_date=2026-07-17\exchange=NSE\symbol=WIPRO\part-093605_624962-047520.parquet,34552,downloaded,34552,
2026-07-17,NSE,WIPRO,raw_l2/trade_date=2026-07-17/exchange=NSE/symbol=WIPRO/part-093453_606500-047360.parquet,real_data_sample\l2_unseen_validation\trade_date=2026-07-17\exchange=NSE\symbol=WIPRO\part-093453_606500-047360.parquet,34584,downloaded,34584,
2026-07-17,NSE,WIPRO,raw_l2/trade_date=2026-07-17/exchange=NSE/symbol=WIPRO/part-093425_328323-047296.parquet,real_data_sample\l2_unseen_validation\trade_date=2026-07-17\exchange=NSE\symbol=WIPRO\part-093425_328323-047296.parquet,34670,downloaded,34670,
2026-07-17,NSE,WIPRO,raw_l2/trade_date=2026-07-17/exchange=NSE/symbol=WIPRO/part-093439_515788-047328.parquet,real_data_sample\l2_unseen_validation\trade_date=2026-07-17\exchange=NSE\symbol=WIPRO\part-093439_515788-047328.parquet,34418,downloaded,34418,
2026-07-17,NSE,WIPRO,raw_l2/trade_date=2026-07-17/exchange=NSE/symbol=WIPRO/part-093343_229184-047200.parquet,real_data_sample\l2_unseen_validation\trade_date=2026-07-17\exchange=NSE\symbol=WIPRO\part-093343_229184-047200.parquet,34605,downloaded,34605,
2026-07-17,NSE,WIPRO,raw_l2/trade_date=2026-07-17/exchange=NSE/symbol=WIPRO/part-093357_224261-047232.parquet,real_data_sample\l2_unseen_validation\trade_date=2026-07-17\exchange=NSE\symbol=WIPRO\part-093357_224261-047232.parquet,34415,downloaded,34415,
2026-07-17,NSE,WIPRO,raw_l2/trade_date=2026-07-17/exchange=NSE/symbol=WIPRO/part-093536_661164-047456.parquet,real_data_sample\l2_unseen_validation\trade_date=2026-07-17\exchange=NSE\symbol=WIPRO\part-093536_661164-047456.parquet,34560,downloaded,34560,
2026-07-17,NSE,WIPRO,raw_l2/trade_date=2026-07-17/exchange=NSE/symbol=WIPRO/part-093522_504190-047424.parquet,real_data_sample\l2_unseen_validation\trade_date=2026-07-17\exchange=NSE\symbol=WIPRO\part-093522_504190-047424.parquet,34486,downloaded,34486,
2026-07-17,NSE,WIPRO,raw_l2/trade_date=2026-07-17/exchange=NSE/symbol=WIPRO/part-093551_106540-047488.parquet,real_data_sample\l2_unseen_validation\trade_date=2026-07-17\exchange=NSE\symbol=WIPRO\part-093551_106540-047488.parquet,34412,downloaded,34412,
2026-07-17,NSE,WIPRO,raw_l2/trade_date=2026-07-17/exchange=NSE/symbol=WIPRO/part-093634_191988-047584.parquet,real_data_sample\l2_unseen_validation\trade_date=2026-07-17\exchange=NSE\symbol=WIPRO\part-093634_191988-047584.parquet,34408,downloaded,34408,
2026-07-17,NSE,WIPRO,raw_l2/trade_date=2026-07-17/exchange=NSE/symbol=WIPRO/part-093620_031645-047552.parquet,real_data_sample\l2_unseen_validation\trade_date=2026-07-17\exchange=NSE\symbol=WIPRO\part-093620_031645-047552.parquet,34447,downloaded,34447,
2026-07-17,NSE,WIPRO,raw_l2/trade_date=2026-07-17/exchange=NSE/symbol=WIPRO/part-093648_253032-047616.parquet,real_data_sample\l2_unseen_validation\trade_date=2026-07-17\exchange=NSE\symbol=WIPRO\part-093648_253032-047616.parquet,34691,downloaded,34691,
2026-07-17,NSE,WIPRO,raw_l2/trade_date=2026-07-17/exchange=NSE/symbol=WIPRO/part-093702_287683-047648.parquet,real_data_sample\l2_unseen_validation\trade_date=2026-07-17\exchange=NSE\symbol=WIPRO\part-093702_287683-047648.parquet,34545,downloaded,34545,
2026-07-17,NSE,WIPRO,raw_l2/trade_date=2026-07-17/exchange=NSE/symbol=WIPRO/part-093744_144957-047744.parquet,real_data_sample\l2_unseen_validation\trade_date=2026-07-17\exchange=NSE\symbol=WIPRO\part-093744_144957-047744.parquet,34627,downloaded,34627,
2026-07-17,NSE,WIPRO,raw_l2/trade_date=2026-07-17/exchange=NSE/symbol=WIPRO/part-093730_141299-047712.parquet,real_data_sample\l2_unseen_validation\trade_date=2026-07-17\exchange=NSE\symbol=WIPRO\part-093730_141299-047712.parquet,34457,downloaded,34457,
2026-07-17,NSE,WIPRO,raw_l2/trade_date=2026-07-17/exchange=NSE/symbol=WIPRO/part-093716_297213-047680.parquet,real_data_sample\l2_unseen_validation\trade_date=2026-07-17\exchange=NSE\symbol=WIPRO\part-093716_297213-047680.parquet,34387,downloaded,34387,
2026-07-17,NSE,WIPRO,raw_l2/trade_date=2026-07-17/exchange=NSE/symbol=WIPRO/part-093924_270245-047968.parquet,real_data_sample\l2_unseen_validation\trade_date=2026-07-17\exchange=NSE\symbol=WIPRO\part-093924_270245-047968.parquet,34435,downloaded,34435,
2026-07-17,NSE,WIPRO,raw_l2/trade_date=2026-07-17/exchange=NSE/symbol=WIPRO/part-094007_133003-048064.parquet,real_data_sample\l2_unseen_validation\trade_date=2026-07-17\exchange=NSE\symbol=WIPRO\part-094007_133003-048064.parquet,34402,downloaded,34402,
2026-07-17,NSE,WIPRO,raw_l2/trade_date=2026-07-17/exchange=NSE/symbol=WIPRO/part-093758_341369-047776.parquet,real_data_sample\l2_unseen_validation\trade_date=2026-07-17\exchange=NSE\symbol=WIPRO\part-093758_341369-047776.parquet,34559,downloaded,34559,
2026-07-17,NSE,WIPRO,raw_l2/trade_date=2026-07-17/exchange=NSE/symbol=WIPRO/part-093909_753221-047936.parquet,real_data_sample\l2_unseen_validation\trade_date=2026-07-17\exchange=NSE\symbol=WIPRO\part-093909_753221-047936.parquet,34653,downloaded,34653,
2026-07-17,NSE,WIPRO,raw_l2/trade_date=2026-07-17/exchange=NSE/symbol=WIPRO/part-093812_382661-047808.parquet,real_data_sample\l2_unseen_validation\trade_date=2026-07-17\exchange=NSE\symbol=WIPRO\part-093812_382661-047808.parquet,34550,downloaded,34550,
2026-07-17,NSE,WIPRO,raw_l2/trade_date=2026-07-17/exchange=NSE/symbol=WIPRO/part-093952_894405-048032.parquet,real_data_sample\l2_unseen_validation\trade_date=2026-07-17\exchange=NSE\symbol=WIPRO\part-093952_894405-048032.parquet,34423,downloaded,34423,
2026-07-17,NSE,WIPRO,raw_l2/trade_date=2026-07-17/exchange=NSE/symbol=WIPRO/part-093938_420556-048000.parquet,real_data_sample\l2_unseen_validation\trade_date=2026-07-17\exchange=NSE\symbol=WIPRO\part-093938_420556-048000.parquet,34418,downloaded,34418,
2026-07-17,NSE,WIPRO,raw_l2/trade_date=2026-07-17/exchange=NSE/symbol=WIPRO/part-093855_141952-047904.parquet,real_data_sample\l2_unseen_validation\trade_date=2026-07-17\exchange=NSE\symbol=WIPRO\part-093855_141952-047904.parquet,34684,downloaded,34684,
2026-07-17,NSE,WIPRO,raw_l2/trade_date=2026-07-17/exchange=NSE/symbol=WIPRO/part-093826_603783-047840.parquet,real_data_sample\l2_unseen_validation\trade_date=2026-07-17\exchange=NSE\symbol=WIPRO\part-093826_603783-047840.parquet,34475,downloaded,34475,
2026-07-17,NSE,WIPRO,raw_l2/trade_date=2026-07-17/exchange=NSE/symbol=WIPRO/part-093841_052033-047872.parquet,real_data_sample\l2_unseen_validation\trade_date=2026-07-17\exchange=NSE\symbol=WIPRO\part-093841_052033-047872.parquet,34559,downloaded,34559,
2026-07-17,NSE,WIPRO,raw_l2/trade_date=2026-07-17/exchange=NSE/symbol=WIPRO/part-094021_330060-048096.parquet,real_data_sample\l2_unseen_validation\trade_date=2026-07-17\exchange=NSE\symbol=WIPRO\part-094021_330060-048096.parquet,34421,downloaded,34421,
2026-07-17,NSE,WIPRO,raw_l2/trade_date=2026-07-17/exchange=NSE/symbol=WIPRO/part-094049_969447-048160.parquet,real_data_sample\l2_unseen_validation\trade_date=2026-07-17\exchange=NSE\symbol=WIPRO\part-094049_969447-048160.parquet,34573,downloaded,34573,
2026-07-17,NSE,WIPRO,raw_l2/trade_date=2026-07-17/exchange=NSE/symbol=WIPRO/part-094035_742989-048128.parquet,real_data_sample\l2_unseen_validation\trade_date=2026-07-17\exchange=NSE\symbol=WIPRO\part-094035_742989-048128.parquet,34421,downloaded,34421,
2026-07-17,NSE,WIPRO,raw_l2/trade_date=2026-07-17/exchange=NSE/symbol=WIPRO/part-094104_480281-048192.parquet,real_data_sample\l2_unseen_validation\trade_date=2026-07-17\exchange=NSE\symbol=WIPRO\part-094104_480281-048192.parquet,34445,downloaded,34445,
2026-07-17,NSE,WIPRO,raw_l2/trade_date=2026-07-17/exchange=NSE/symbol=WIPRO/part-094119_070715-048224.parquet,real_data_sample\l2_unseen_validation\trade_date=2026-07-17\exchange=NSE\symbol=WIPRO\part-094119_070715-048224.parquet,34538,downloaded,34538,
2026-07-17,NSE,WIPRO,raw_l2/trade_date=2026-07-17/exchange=NSE/symbol=WIPRO/part-094147_625481-048288.parquet,real_data_sample\l2_unseen_validation\trade_date=2026-07-17\exchange=NSE\symbol=WIPRO\part-094147_625481-048288.parquet,34604,downloaded,34604,
2026-07-17,NSE,WIPRO,raw_l2/trade_date=2026-07-17/exchange=NSE/symbol=WIPRO/part-094202_100552-048320.parquet,real_data_sample\l2_unseen_validation\trade_date=2026-07-17\exchange=NSE\symbol=WIPRO\part-094202_100552-048320.parquet,34614,downloaded,34614,
2026-07-17,NSE,WIPRO,raw_l2/trade_date=2026-07-17/exchange=NSE/symbol=WIPRO/part-094216_424429-048352.parquet,real_data_sample\l2_unseen_validation\trade_date=2026-07-17\exchange=NSE\symbol=WIPRO\part-094216_424429-048352.parquet,34597,downloaded,34597,
2026-07-17,NSE,WIPRO,raw_l2/trade_date=2026-07-17/exchange=NSE/symbol=WIPRO/part-094133_334223-048256.parquet,real_data_sample\l2_unseen_validation\trade_date=2026-07-17\exchange=NSE\symbol=WIPRO\part-094133_334223-048256.parquet,34417,downloaded,34417,
2026-07-17,NSE,WIPRO,raw_l2/trade_date=2026-07-17/exchange=NSE/symbol=WIPRO/part-094313_487986-048480.parquet,real_data_sample\l2_unseen_validation\trade_date=2026-07-17\exchange=NSE\symbol=WIPRO\part-094313_487986-048480.parquet,34710,downloaded,34710,
2026-07-17,NSE,WIPRO,raw_l2/trade_date=2026-07-17/exchange=NSE/symbol=WIPRO/part-094230_876489-048384.parquet,real_data_sample\l2_unseen_validation\trade_date=2026-07-17\exchange=NSE\symbol=WIPRO\part-094230_876489-048384.parquet,34442,downloaded,34442,
2026-07-17,NSE,WIPRO,raw_l2/trade_date=2026-07-17/exchange=NSE/symbol=WIPRO/part-094356_612550-048576.parquet,real_data_sample\l2_unseen_validation\trade_date=2026-07-17\exchange=NSE\symbol=WIPRO\part-094356_612550-048576.parquet,34741,downloaded,34741,
2026-07-17,NSE,WIPRO,raw_l2/trade_date=2026-07-17/exchange=NSE/symbol=WIPRO/part-094245_190645-048416.parquet,real_data_sample\l2_unseen_validation\trade_date=2026-07-17\exchange=NSE\symbol=WIPRO\part-094245_190645-048416.parquet,34564,downloaded,34564,
2026-07-17,NSE,WIPRO,raw_l2/trade_date=2026-07-17/exchange=NSE/symbol=WIPRO/part-094327_743299-048512.parquet,real_data_sample\l2_unseen_validation\trade_date=2026-07-17\exchange=NSE\symbol=WIPRO\part-094327_743299-048512.parquet,34587,downloaded,34587,
2026-07-17,NSE,WIPRO,raw_l2/trade_date=2026-07-17/exchange=NSE/symbol=WIPRO/part-094342_164556-048544.parquet,real_data_sample\l2_unseen_validation\trade_date=2026-07-17\exchange=NSE\symbol=WIPRO\part-094342_164556-048544.parquet,34589,downloaded,34589,
2026-07-17,NSE,WIPRO,raw_l2/trade_date=2026-07-17/exchange=NSE/symbol=WIPRO/part-094411_055263-048608.parquet,real_data_sample\l2_unseen_validation\trade_date=2026-07-17\exchange=NSE\symbol=WIPRO\part-094411_055263-048608.parquet,34434,downloaded,34434,
2026-07-17,NSE,WIPRO,raw_l2/trade_date=2026-07-17/exchange=NSE/symbol=WIPRO/part-094259_279516-048448.parquet,real_data_sample\l2_unseen_validation\trade_date=2026-07-17\exchange=NSE\symbol=WIPRO\part-094259_279516-048448.parquet,34512,downloaded,34512,
2026-07-17,NSE,WIPRO,raw_l2/trade_date=2026-07-17/exchange=NSE/symbol=WIPRO/part-094425_275249-048640.parquet,real_data_sample\l2_unseen_validation\trade_date=2026-07-17\exchange=NSE\symbol=WIPRO\part-094425_275249-048640.parquet,34658,downloaded,34658,
2026-07-17,NSE,WIPRO,raw_l2/trade_date=2026-07-17/exchange=NSE/symbol=WIPRO/part-094453_881075-048704.parquet,real_data_sample\l2_unseen_validation\trade_date=2026-07-17\exchange=NSE\symbol=WIPRO\part-094453_881075-048704.parquet,34560,downloaded,34560,
2026-07-17,NSE,WIPRO,raw_l2/trade_date=2026-07-17/exchange=NSE/symbol=WIPRO/part-094439_617355-048672.parquet,real_data_sample\l2_unseen_validation\trade_date=2026-07-17\exchange=NSE\symbol=WIPRO\part-094439_617355-048672.parquet,34654,downloaded,34654,
2026-07-17,NSE,WIPRO,raw_l2/trade_date=2026-07-17/exchange=NSE/symbol=WIPRO/part-094508_159445-048736.parquet,real_data_sample\l2_unseen_validation\trade_date=2026-07-17\exchange=NSE\symbol=WIPRO\part-094508_159445-048736.parquet,34400,downloaded,34400,
2026-07-17,NSE,WIPRO,raw_l2/trade_date=2026-07-17/exchange=NSE/symbol=WIPRO/part-094536_443861-048800.parquet,real_data_sample\l2_unseen_validation\trade_date=2026-07-17\exchange=NSE\symbol=WIPRO\part-094536_443861-048800.parquet,34452,downloaded,34452,
2026-07-17,NSE,WIPRO,raw_l2/trade_date=2026-07-17/exchange=NSE/symbol=WIPRO/part-094550_868359-048832.parquet,real_data_sample\l2_unseen_validation\trade_date=2026-07-17\exchange=NSE\symbol=WIPRO\part-094550_868359-048832.parquet,34306,downloaded,34306,
2026-07-17,NSE,WIPRO,raw_l2/trade_date=2026-07-17/exchange=NSE/symbol=WIPRO/part-094522_270645-048768.parquet,real_data_sample\l2_unseen_validation\trade_date=2026-07-17\exchange=NSE\symbol=WIPRO\part-094522_270645-048768.parquet,34429,downloaded,34429,
2026-07-17,NSE,WIPRO,raw_l2/trade_date=2026-07-17/exchange=NSE/symbol=WIPRO/part-094716_173409-049024.parquet,real_data_sample\l2_unseen_validation\trade_date=2026-07-17\exchange=NSE\symbol=WIPRO\part-094716_173409-049024.parquet,34611,downloaded,34611,
2026-07-17,NSE,WIPRO,raw_l2/trade_date=2026-07-17/exchange=NSE/symbol=WIPRO/part-094744_893374-049088.parquet,real_data_sample\l2_unseen_validation\trade_date=2026-07-17\exchange=NSE\symbol=WIPRO\part-094744_893374-049088.parquet,34411,downloaded,34411,
2026-07-17,NSE,WIPRO,raw_l2/trade_date=2026-07-17/exchange=NSE/symbol=WIPRO/part-094619_696601-048896.parquet,real_data_sample\l2_unseen_validation\trade_date=2026-07-17\exchange=NSE\symbol=WIPRO\part-094619_696601-048896.parquet,34464,downloaded,34464,
2026-07-17,NSE,WIPRO,raw_l2/trade_date=2026-07-17/exchange=NSE/symbol=WIPRO/part-094605_215551-048864.parquet,real_data_sample\l2_unseen_validation\trade_date=2026-07-17\exchange=NSE\symbol=WIPRO\part-094605_215551-048864.parquet,34444,downloaded,34444,
2026-07-17,NSE,WIPRO,raw_l2/trade_date=2026-07-17/exchange=NSE/symbol=WIPRO/part-094730_400934-049056.parquet,real_data_sample\l2_unseen_validation\trade_date=2026-07-17\exchange=NSE\symbol=WIPRO\part-094730_400934-049056.parquet,34446,downloaded,34446,
2026-07-17,NSE,WIPRO,raw_l2/trade_date=2026-07-17/exchange=NSE/symbol=WIPRO/part-094633_815328-048928.parquet,real_data_sample\l2_unseen_validation\trade_date=2026-07-17\exchange=NSE\symbol=WIPRO\part-094633_815328-048928.parquet,34314,downloaded,34314,
2026-07-17,NSE,WIPRO,raw_l2/trade_date=2026-07-17/exchange=NSE/symbol=WIPRO/part-094702_005250-048992.parquet,real_data_sample\l2_unseen_validation\trade_date=2026-07-17\exchange=NSE\symbol=WIPRO\part-094702_005250-048992.parquet,34428,downloaded,34428,
2026-07-17,NSE,WIPRO,raw_l2/trade_date=2026-07-17/exchange=NSE/symbol=WIPRO/part-094647_740188-048960.parquet,real_data_sample\l2_unseen_validation\trade_date=2026-07-17\exchange=NSE\symbol=WIPRO\part-094647_740188-048960.parquet,34387,downloaded,34387,
2026-07-17,NSE,WIPRO,raw_l2/trade_date=2026-07-17/exchange=NSE/symbol=WIPRO/part-094759_156735-049120.parquet,real_data_sample\l2_unseen_validation\trade_date=2026-07-17\exchange=NSE\symbol=WIPRO\part-094759_156735-049120.parquet,34571,downloaded,34571,
2026-07-17,NSE,WIPRO,raw_l2/trade_date=2026-07-17/exchange=NSE/symbol=WIPRO/part-094827_369691-049184.parquet,real_data_sample\l2_unseen_validation\trade_date=2026-07-17\exchange=NSE\symbol=WIPRO\part-094827_369691-049184.parquet,35819,downloaded,35819,
2026-07-17,NSE,WIPRO,raw_l2/trade_date=2026-07-17/exchange=NSE/symbol=WIPRO/part-094813_282028-049152.parquet,real_data_sample\l2_unseen_validation\trade_date=2026-07-17\exchange=NSE\symbol=WIPRO\part-094813_282028-049152.parquet,34716,downloaded,34716,
2026-07-17,NSE,WIPRO,raw_l2/trade_date=2026-07-17/exchange=NSE/symbol=WIPRO/part-094841_674840-049216.parquet,real_data_sample\l2_unseen_validation\trade_date=2026-07-17\exchange=NSE\symbol=WIPRO\part-094841_674840-049216.parquet,36103,downloaded,36103,
2026-07-17,NSE,WIPRO,raw_l2/trade_date=2026-07-17/exchange=NSE/symbol=WIPRO/part-094856_231570-049248.parquet,real_data_sample\l2_unseen_validation\trade_date=2026-07-17\exchange=NSE\symbol=WIPRO\part-094856_231570-049248.parquet,36315,downloaded,36315,
2026-07-17,NSE,WIPRO,raw_l2/trade_date=2026-07-17/exchange=NSE/symbol=WIPRO/part-094910_373869-049280.parquet,real_data_sample\l2_unseen_validation\trade_date=2026-07-17\exchange=NSE\symbol=WIPRO\part-094910_373869-049280.parquet,36380,downloaded,36380,
2026-07-17,NSE,WIPRO,raw_l2/trade_date=2026-07-17/exchange=NSE/symbol=WIPRO/part-094953_268831-049376.parquet,real_data_sample\l2_unseen_validation\trade_date=2026-07-17\exchange=NSE\symbol=WIPRO\part-094953_268831-049376.parquet,34593,downloaded,34593,
2026-07-17,NSE,WIPRO,raw_l2/trade_date=2026-07-17/exchange=NSE/symbol=WIPRO/part-094924_717504-049312.parquet,real_data_sample\l2_unseen_validation\trade_date=2026-07-17\exchange=NSE\symbol=WIPRO\part-094924_717504-049312.parquet,34881,downloaded,34881,
2026-07-17,NSE,WIPRO,raw_l2/trade_date=2026-07-17/exchange=NSE/symbol=WIPRO/part-094939_004431-049344.parquet,real_data_sample\l2_unseen_validation\trade_date=2026-07-17\exchange=NSE\symbol=WIPRO\part-094939_004431-049344.parquet,34371,downloaded,34371,
2026-07-17,NSE,WIPRO,raw_l2/trade_date=2026-07-17/exchange=NSE/symbol=WIPRO/part-095007_386470-049408.parquet,real_data_sample\l2_unseen_validation\trade_date=2026-07-17\exchange=NSE\symbol=WIPRO\part-095007_386470-049408.parquet,34412,downloaded,34412,
2026-07-17,NSE,WIPRO,raw_l2/trade_date=2026-07-17/exchange=NSE/symbol=WIPRO/part-095132_190474-049600.parquet,real_data_sample\l2_unseen_validation\trade_date=2026-07-17\exchange=NSE\symbol=WIPRO\part-095132_190474-049600.parquet,34401,downloaded,34401,
2026-07-17,NSE,WIPRO,raw_l2/trade_date=2026-07-17/exchange=NSE/symbol=WIPRO/part-095021_602080-049440.parquet,real_data_sample\l2_unseen_validation\trade_date=2026-07-17\exchange=NSE\symbol=WIPRO\part-095021_602080-049440.parquet,35625,downloaded,35625,
2026-07-17,NSE,WIPRO,raw_l2/trade_date=2026-07-17/exchange=NSE/symbol=WIPRO/part-095050_041767-049504.parquet,real_data_sample\l2_unseen_validation\trade_date=2026-07-17\exchange=NSE\symbol=WIPRO\part-095050_041767-049504.parquet,36413,downloaded,36413,
2026-07-17,NSE,WIPRO,raw_l2/trade_date=2026-07-17/exchange=NSE/symbol=WIPRO/part-095146_275654-049632.parquet,real_data_sample\l2_unseen_validation\trade_date=2026-07-17\exchange=NSE\symbol=WIPRO\part-095146_275654-049632.parquet,34408,downloaded,34408,
2026-07-17,NSE,WIPRO,raw_l2/trade_date=2026-07-17/exchange=NSE/symbol=WIPRO/part-095035_976800-049472.parquet,real_data_sample\l2_unseen_validation\trade_date=2026-07-17\exchange=NSE\symbol=WIPRO\part-095035_976800-049472.parquet,35790,downloaded,35790,
2026-07-17,NSE,WIPRO,raw_l2/trade_date=2026-07-17/exchange=NSE/symbol=WIPRO/part-095104_077420-049536.parquet,real_data_sample\l2_unseen_validation\trade_date=2026-07-17\exchange=NSE\symbol=WIPRO\part-095104_077420-049536.parquet,36177,downloaded,36177,
2026-07-17,NSE,WIPRO,raw_l2/trade_date=2026-07-17/exchange=NSE/symbol=WIPRO/part-095118_291320-049568.parquet,real_data_sample\l2_unseen_validation\trade_date=2026-07-17\exchange=NSE\symbol=WIPRO\part-095118_291320-049568.parquet,35386,downloaded,35386,
2026-07-17,NSE,WIPRO,raw_l2/trade_date=2026-07-17/exchange=NSE/symbol=WIPRO/part-095200_332115-049664.parquet,real_data_sample\l2_unseen_validation\trade_date=2026-07-17\exchange=NSE\symbol=WIPRO\part-095200_332115-049664.parquet,34449,downloaded,34449,
2026-07-17,NSE,WIPRO,raw_l2/trade_date=2026-07-17/exchange=NSE/symbol=WIPRO/part-095214_807486-049696.parquet,real_data_sample\l2_unseen_validation\trade_date=2026-07-17\exchange=NSE\symbol=WIPRO\part-095214_807486-049696.parquet,34705,downloaded,34705,
2026-07-17,NSE,WIPRO,raw_l2/trade_date=2026-07-17/exchange=NSE/symbol=WIPRO/part-095228_822209-049728.parquet,real_data_sample\l2_unseen_validation\trade_date=2026-07-17\exchange=NSE\symbol=WIPRO\part-095228_822209-049728.parquet,34348,downloaded,34348,
2026-07-17,NSE,WIPRO,raw_l2/trade_date=2026-07-17/exchange=NSE/symbol=WIPRO/part-095242_817055-049760.parquet,real_data_sample\l2_unseen_validation\trade_date=2026-07-17\exchange=NSE\symbol=WIPRO\part-095242_817055-049760.parquet,34594,downloaded,34594,
2026-07-17,NSE,WIPRO,raw_l2/trade_date=2026-07-17/exchange=NSE/symbol=WIPRO/part-095256_841811-049792.parquet,real_data_sample\l2_unseen_validation\trade_date=2026-07-17\exchange=NSE\symbol=WIPRO\part-095256_841811-049792.parquet,34330,downloaded,34330,
2026-07-17,NSE,WIPRO,raw_l2/trade_date=2026-07-17/exchange=NSE/symbol=WIPRO/part-095339_644048-049888.parquet,real_data_sample\l2_unseen_validation\trade_date=2026-07-17\exchange=NSE\symbol=WIPRO\part-095339_644048-049888.parquet,34644,downloaded,34644,
2026-07-17,NSE,WIPRO,raw_l2/trade_date=2026-07-17/exchange=NSE/symbol=WIPRO/part-095310_976792-049824.parquet,real_data_sample\l2_unseen_validation\trade_date=2026-07-17\exchange=NSE\symbol=WIPRO\part-095310_976792-049824.parquet,34434,downloaded,34434,
2026-07-17,NSE,WIPRO,raw_l2/trade_date=2026-07-17/exchange=NSE/symbol=WIPRO/part-095325_203704-049856.parquet,real_data_sample\l2_unseen_validation\trade_date=2026-07-17\exchange=NSE\symbol=WIPRO\part-095325_203704-049856.parquet,34420,downloaded,34420,
2026-07-17,NSE,WIPRO,raw_l2/trade_date=2026-07-17/exchange=NSE/symbol=WIPRO/part-093023_821870-046752.parquet,real_data_sample\l2_unseen_validation\trade_date=2026-07-17\exchange=NSE\symbol=WIPRO\part-093023_821870-046752.parquet,34435,downloaded,34435,
2026-07-17,NSE,WIPRO,raw_l2/trade_date=2026-07-17/exchange=NSE/symbol=WIPRO/part-095354_198818-049920.parquet,real_data_sample\l2_unseen_validation\trade_date=2026-07-17\exchange=NSE\symbol=WIPRO\part-095354_198818-049920.parquet,34343,downloaded,34343,
2026-07-17,NSE,WIPRO,raw_l2/trade_date=2026-07-17/exchange=NSE/symbol=WIPRO/part-095408_661913-049952.parquet,real_data_sample\l2_unseen_validation\trade_date=2026-07-17\exchange=NSE\symbol=WIPRO\part-095408_661913-049952.parquet,34388,downloaded,34388,
2026-07-17,NSE,WIPRO,raw_l2/trade_date=2026-07-17/exchange=NSE/symbol=WIPRO/part-095533_916060-050144.parquet,real_data_sample\l2_unseen_validation\trade_date=2026-07-17\exchange=NSE\symbol=WIPRO\part-095533_916060-050144.parquet,34435,downloaded,34435,
2026-07-17,NSE,WIPRO,raw_l2/trade_date=2026-07-17/exchange=NSE/symbol=WIPRO/part-095436_865786-050016.parquet,real_data_sample\l2_unseen_validation\trade_date=2026-07-17\exchange=NSE\symbol=WIPRO\part-095436_865786-050016.parquet,34395,downloaded,34395,
2026-07-17,NSE,WIPRO,raw_l2/trade_date=2026-07-17/exchange=NSE/symbol=WIPRO/part-095451_203709-050048.parquet,real_data_sample\l2_unseen_validation\trade_date=2026-07-17\exchange=NSE\symbol=WIPRO\part-095451_203709-050048.parquet,34705,downloaded,34705,
2026-07-17,NSE,WIPRO,raw_l2/trade_date=2026-07-17/exchange=NSE/symbol=WIPRO/part-095505_340314-050080.parquet,real_data_sample\l2_unseen_validation\trade_date=2026-07-17\exchange=NSE\symbol=WIPRO\part-095505_340314-050080.parquet,34435,downloaded,34435,
2026-07-17,NSE,WIPRO,raw_l2/trade_date=2026-07-17/exchange=NSE/symbol=WIPRO/part-093009_507503-046720.parquet,real_data_sample\l2_unseen_validation\trade_date=2026-07-17\exchange=NSE\symbol=WIPRO\part-093009_507503-046720.parquet,34782,downloaded,34782,
2026-07-17,NSE,WIPRO,raw_l2/trade_date=2026-07-17/exchange=NSE/symbol=WIPRO/part-095548_661886-050176.parquet,real_data_sample\l2_unseen_validation\trade_date=2026-07-17\exchange=NSE\symbol=WIPRO\part-095548_661886-050176.parquet,34567,downloaded,34567,
2026-07-17,NSE,WIPRO,raw_l2/trade_date=2026-07-17/exchange=NSE/symbol=WIPRO/part-095603_237313-050208.parquet,real_data_sample\l2_unseen_validation\trade_date=2026-07-17\exchange=NSE\symbol=WIPRO\part-095603_237313-050208.parquet,34570,downloaded,34570,
2026-07-17,NSE,WIPRO,raw_l2/trade_date=2026-07-17/exchange=NSE/symbol=WIPRO/part-093038_181307-046784.parquet,real_data_sample\l2_unseen_validation\trade_date=2026-07-17\exchange=NSE\symbol=WIPRO\part-093038_181307-046784.parquet,34519,downloaded,34519,
2026-07-17,NSE,WIPRO,raw_l2/trade_date=2026-07-17/exchange=NSE/symbol=WIPRO/part-095617_504710-050240.parquet,real_data_sample\l2_unseen_validation\trade_date=2026-07-17\exchange=NSE\symbol=WIPRO\part-095617_504710-050240.parquet,34594,downloaded,34594,
2026-07-17,NSE,WIPRO,raw_l2/trade_date=2026-07-17/exchange=NSE/symbol=WIPRO/part-095422_841524-049984.parquet,real_data_sample\l2_unseen_validation\trade_date=2026-07-17\exchange=NSE\symbol=WIPRO\part-095422_841524-049984.parquet,34671,downloaded,34671,
2026-07-17,NSE,WIPRO,raw_l2/trade_date=2026-07-17/exchange=NSE/symbol=WIPRO/part-095519_419168-050112.parquet,real_data_sample\l2_unseen_validation\trade_date=2026-07-17\exchange=NSE\symbol=WIPRO\part-095519_419168-050112.parquet,34575,downloaded,34575,
2026-07-17,NSE,WIPRO,raw_l2/trade_date=2026-07-17/exchange=NSE/symbol=WIPRO/part-093121_046999-046880.parquet,real_data_sample\l2_unseen_validation\trade_date=2026-07-17\exchange=NSE\symbol=WIPRO\part-093121_046999-046880.parquet,34660,downloaded,34660,
2026-07-17,NSE,WIPRO,raw_l2/trade_date=2026-07-17/exchange=NSE/symbol=WIPRO/part-093204_073539-046976.parquet,real_data_sample\l2_unseen_validation\trade_date=2026-07-17\exchange=NSE\symbol=WIPRO\part-093204_073539-046976.parquet,34462,downloaded,34462,
2026-07-17,NSE,WIPRO,raw_l2/trade_date=2026-07-17/exchange=NSE/symbol=WIPRO/part-095631_967935-050272.parquet,real_data_sample\l2_unseen_validation\trade_date=2026-07-17\exchange=NSE\symbol=WIPRO\part-095631_967935-050272.parquet,34380,downloaded,34380,
2026-07-17,NSE,WIPRO,raw_l2/trade_date=2026-07-17/exchange=NSE/symbol=WIPRO/part-093217_988606-047008.parquet,real_data_sample\l2_unseen_validation\trade_date=2026-07-17\exchange=NSE\symbol=WIPRO\part-093217_988606-047008.parquet,34629,downloaded,34629,
2026-07-17,NSE,WIPRO,raw_l2/trade_date=2026-07-17/exchange=NSE/symbol=WIPRO/part-092925_143826-046624.parquet,real_data_sample\l2_unseen_validation\trade_date=2026-07-17\exchange=NSE\symbol=WIPRO\part-092925_143826-046624.parquet,34628,downloaded,34628,
2026-07-17,NSE,WIPRO,raw_l2/trade_date=2026-07-17/exchange=NSE/symbol=WIPRO/part-093314_910065-047136.parquet,real_data_sample\l2_unseen_validation\trade_date=2026-07-17\exchange=NSE\symbol=WIPRO\part-093314_910065-047136.parquet,34590,downloaded,34590,
2026-07-17,NSE,WIPRO,raw_l2/trade_date=2026-07-17/exchange=NSE/symbol=WIPRO/part-093232_318981-047040.parquet,real_data_sample\l2_unseen_validation\trade_date=2026-07-17\exchange=NSE\symbol=WIPRO\part-093232_318981-047040.parquet,34688,downloaded,34688,
2026-07-17,NSE,WIPRO,raw_l2/trade_date=2026-07-17/exchange=NSE/symbol=WIPRO/part-092939_814068-046656.parquet,real_data_sample\l2_unseen_validation\trade_date=2026-07-17\exchange=NSE\symbol=WIPRO\part-092939_814068-046656.parquet,34762,downloaded,34762,
2026-07-17,NSE,WIPRO,raw_l2/trade_date=2026-07-17/exchange=NSE/symbol=WIPRO/part-095646_400907-050304.parquet,real_data_sample\l2_unseen_validation\trade_date=2026-07-17\exchange=NSE\symbol=WIPRO\part-095646_400907-050304.parquet,34429,downloaded,34429,
2026-07-17,NSE,WIPRO,raw_l2/trade_date=2026-07-17/exchange=NSE/symbol=WIPRO/part-095730_395368-050400.parquet,real_data_sample\l2_unseen_validation\trade_date=2026-07-17\exchange=NSE\symbol=WIPRO\part-095730_395368-050400.parquet,34561,downloaded,34561,
2026-07-17,NSE,WIPRO,raw_l2/trade_date=2026-07-17/exchange=NSE/symbol=WIPRO/part-095701_361255-050336.parquet,real_data_sample\l2_unseen_validation\trade_date=2026-07-17\exchange=NSE\symbol=WIPRO\part-095701_361255-050336.parquet,34536,downloaded,34536,
2026-07-17,NSE,WIPRO,raw_l2/trade_date=2026-07-17/exchange=NSE/symbol=WIPRO/part-095715_988538-050368.parquet,real_data_sample\l2_unseen_validation\trade_date=2026-07-17\exchange=NSE\symbol=WIPRO\part-095715_988538-050368.parquet,34433,downloaded,34433,
2026-07-17,NSE,WIPRO,raw_l2/trade_date=2026-07-17/exchange=NSE/symbol=WIPRO/part-092910_749079-046592.parquet,real_data_sample\l2_unseen_validation\trade_date=2026-07-17\exchange=NSE\symbol=WIPRO\part-092910_749079-046592.parquet,34572,downloaded,34572,
2026-07-17,NSE,WIPRO,raw_l2/trade_date=2026-07-17/exchange=NSE/symbol=WIPRO/part-093106_826555-046848.parquet,real_data_sample\l2_unseen_validation\trade_date=2026-07-17\exchange=NSE\symbol=WIPRO\part-093106_826555-046848.parquet,34682,downloaded,34682,
2026-07-17,NSE,WIPRO,raw_l2/trade_date=2026-07-17/exchange=NSE/symbol=WIPRO/part-092954_324083-046688.parquet,real_data_sample\l2_unseen_validation\trade_date=2026-07-17\exchange=NSE\symbol=WIPRO\part-092954_324083-046688.parquet,34474,downloaded,34474,
2026-07-17,NSE,WIPRO,raw_l2/trade_date=2026-07-17/exchange=NSE/symbol=WIPRO/part-095744_725920-050432.parquet,real_data_sample\l2_unseen_validation\trade_date=2026-07-17\exchange=NSE\symbol=WIPRO\part-095744_725920-050432.parquet,34300,downloaded,34300,
2026-07-17,NSE,WIPRO,raw_l2/trade_date=2026-07-17/exchange=NSE/symbol=WIPRO/part-095813_082201-050496.parquet,real_data_sample\l2_unseen_validation\trade_date=2026-07-17\exchange=NSE\symbol=WIPRO\part-095813_082201-050496.parquet,34314,downloaded,34314,
2026-07-17,NSE,WIPRO,raw_l2/trade_date=2026-07-17/exchange=NSE/symbol=WIPRO/part-093149_797210-046944.parquet,real_data_sample\l2_unseen_validation\trade_date=2026-07-17\exchange=NSE\symbol=WIPRO\part-093149_797210-046944.parquet,34615,downloaded,34615,
2026-07-17,NSE,WIPRO,raw_l2/trade_date=2026-07-17/exchange=NSE/symbol=WIPRO/part-095827_564726-050528.parquet,real_data_sample\l2_unseen_validation\trade_date=2026-07-17\exchange=NSE\symbol=WIPRO\part-095827_564726-050528.parquet,34496,downloaded,34496,
2026-07-17,NSE,WIPRO,raw_l2/trade_date=2026-07-17/exchange=NSE/symbol=WIPRO/part-095758_966336-050464.parquet,real_data_sample\l2_unseen_validation\trade_date=2026-07-17\exchange=NSE\symbol=WIPRO\part-095758_966336-050464.parquet,34443,downloaded,34443,
2026-07-17,NSE,WIPRO,raw_l2/trade_date=2026-07-17/exchange=NSE/symbol=WIPRO/part-095842_344083-050560.parquet,real_data_sample\l2_unseen_validation\trade_date=2026-07-17\exchange=NSE\symbol=WIPRO\part-095842_344083-050560.parquet,34438,downloaded,34438,
2026-07-17,NSE,WIPRO,raw_l2/trade_date=2026-07-17/exchange=NSE/symbol=WIPRO/part-100129_560475-050786.parquet,real_data_sample\l2_unseen_validation\trade_date=2026-07-17\exchange=NSE\symbol=WIPRO\part-100129_560475-050786.parquet,34058,downloaded,34058,
2026-07-17,NSE,WIPRO,raw_l2/trade_date=2026-07-17/exchange=NSE/symbol=WIPRO/part-095856_924668-050592.parquet,real_data_sample\l2_unseen_validation\trade_date=2026-07-17\exchange=NSE\symbol=WIPRO\part-095856_924668-050592.parquet,34396,downloaded,34396,
2026-07-17,NSE,WIPRO,raw_l2/trade_date=2026-07-17/exchange=NSE/symbol=WIPRO/part-095940_390400-050688.parquet,real_data_sample\l2_unseen_validation\trade_date=2026-07-17\exchange=NSE\symbol=WIPRO\part-095940_390400-050688.parquet,34131,downloaded,34131,
2026-07-17,NSE,WIPRO,raw_l2/trade_date=2026-07-17/exchange=NSE/symbol=WIPRO/part-095954_650627-050720.parquet,real_data_sample\l2_unseen_validation\trade_date=2026-07-17\exchange=NSE\symbol=WIPRO\part-095954_650627-050720.parquet,34337,downloaded,34337,
2026-07-17,NSE,WIPRO,raw_l2/trade_date=2026-07-17/exchange=NSE/symbol=WIPRO/part-095911_364892-050624.parquet,real_data_sample\l2_unseen_validation\trade_date=2026-07-17\exchange=NSE\symbol=WIPRO\part-095911_364892-050624.parquet,34451,downloaded,34451,
2026-07-17,NSE,WIPRO,raw_l2/trade_date=2026-07-17/exchange=NSE/symbol=WIPRO/part-095925_858319-050656.parquet,real_data_sample\l2_unseen_validation\trade_date=2026-07-17\exchange=NSE\symbol=WIPRO\part-095925_858319-050656.parquet,34402,downloaded,34402,
2026-07-17,NSE,WIPRO,raw_l2/trade_date=2026-07-17/exchange=NSE/symbol=WIPRO/part-100008_963502-050752.parquet,real_data_sample\l2_unseen_validation\trade_date=2026-07-17\exchange=NSE\symbol=WIPRO\part-100008_963502-050752.parquet,34537,downloaded,34537,
2026-07-17,NSE,WIPRO,raw_l2/trade_date=2026-07-17/exchange=NSE/symbol=WIPRO/part-093300_561660-047104.parquet,real_data_sample\l2_unseen_validation\trade_date=2026-07-17\exchange=NSE\symbol=WIPRO\part-093300_561660-047104.parquet,34487,downloaded,34487,
2026-07-17,NSE,WIPRO,raw_l2/trade_date=2026-07-17/exchange=NSE/symbol=WIPRO/part-093246_482616-047072.parquet,real_data_sample\l2_unseen_validation\trade_date=2026-07-17\exchange=NSE\symbol=WIPRO\part-093246_482616-047072.parquet,34741,downloaded,34741,
